01/01/2000,ABI,TX,ASW,CE,Towers with Radar,0,5,3,0,8,0,10,22,0,32,0,15,25,0,40,6,0,6,46
01/02/2000,ABI,TX,ASW,CE,Towers with Radar,0,17,9,0,26,0,3,32,0,35,0,20,41,0,61,104,0,104,165
01/03/2000,ABI,TX,ASW,CE,Towers with Radar,0,10,10,0,20,0,16,32,0,48,0,26,42,0,68,24,0,24,92
01/04/2000,ABI,TX,ASW,CE,Towers with Radar,0,26,14,60,100,0,6,53,7,66,0,32,67,67,166,66,242,308,474
01/05/2000,ABI,TX,ASW,CE,Towers with Radar,2,26,18,52,98,0,8,48,5,61,2,34,66,57,159,12,82,94,253
01/06/2000,ABI,TX,ASW,CE,Towers with Radar,0,47,36,51,134,0,20,44,0,64,0,67,80,51,198,86,92,178,376
01/07/2000,ABI,TX,ASW,CE,Towers with Radar,0,32,34,52,118,0,0,15,20,35,0,32,49,72,153,4,90,94,247
01/08/2000,ABI,TX,ASW,CE,Towers with Radar,0,21,16,24,61,0,6,21,12,39,0,27,37,36,100,58,72,130,230
01/09/2000,ABI,TX,ASW,CE,Towers with Radar,0,16,9,6,31,0,2,17,2,21,0,18,26,8,52,6,8,14,66
01/10/2000,ABI,TX,ASW,CE,Towers with Radar,0,19,14,36,69,0,5,31,1,37,0,24,45,37,106,30,62,92,198
01/11/2000,ABI,TX,ASW,CE,Towers with Radar,0,30,21,49,100,0,8,59,2,69,0,38,80,51,169,140,142,282,451
01/12/2000,ABI,TX,ASW,CE,Towers with Radar,0,32,32,43,107,0,0,40,0,40,0,32,72,43,147,58,50,108,255
01/13/2000,ABI,TX,ASW,CE,Towers with Radar,0,28,28,37,93,0,8,55,13,76,0,36,83,50,169,112,60,172,341
01/14/2000,ABI,TX,ASW,CE,Towers with Radar,0,28,34,50,112,0,0,58,9,67,0,28,92,59,179,54,116,170,349
01/15/2000,ABI,TX,ASW,CE,Towers with Radar,0,30,12,0,42,0,5,42,1,48,0,35,54,1,90,11,1,12,102
01/16/2000,ABI,TX,ASW,CE,Towers with Radar,0,18,13,2,33,0,3,55,0,58,0,21,68,2,91,112,0,112,203
01/17/2000,ABI,TX,ASW,CE,Towers with Radar,0,18,26,13,57,0,4,51,2,57,0,22,77,15,114,34,40,74,188
01/18/2000,ABI,TX,ASW,CE,Towers with Radar,0,21,22,57,100,0,2,29,5,36,0,23,51,62,136,38,134,172,308
01/19/2000,ABI,TX,ASW,CE,Towers with Radar,0,40,32,39,111,0,0,46,0,46,0,40,78,39,157,8,98,106,263
01/20/2000,ABI,TX,ASW,CE,Towers with Radar,0,39,21,46,106,0,4,56,4,64,0,43,77,50,170,60,64,124,294
01/21/2000,ABI,TX,ASW,CE,Towers with Radar,0,46,37,54,137,0,0,22,46,68,0,46,59,100,205,92,184,276,481
01/22/2000,ABI,TX,ASW,CE,Towers with Radar,0,26,16,5,47,0,4,64,2,70,0,30,80,7,117,62,6,68,185
01/23/2000,ABI,TX,ASW,CE,Towers with Radar,0,13,13,21,47,0,2,33,0,35,0,15,46,21,82,32,46,78,160
01/24/2000,ABI,TX,ASW,CE,Towers with Radar,0,25,20,26,71,0,7,49,0,56,0,32,69,26,127,76,68,144,271
01/25/2000,ABI,TX,ASW,CE,Towers with Radar,0,31,15,43,89,0,6,53,1,60,0,37,68,44,149,32,62,94,243
01/26/2000,ABI,TX,ASW,CE,Towers with Radar,0,48,25,31,104,0,5,29,0,34,0,53,54,31,138,56,40,96,234
01/27/2000,ABI,TX,ASW,CE,Towers with Radar,0,16,12,0,28,0,5,0,0,5,0,21,12,0,33,0,0,0,33
01/28/2000,ABI,TX,ASW,CE,Towers with Radar,0,31,28,31,90,0,0,11,0,11,0,31,39,31,101,10,22,32,133
01/29/2000,ABI,TX,ASW,CE,Towers with Radar,0,33,28,8,69,0,1,36,1,38,0,34,64,9,107,100,24,124,231
01/30/2000,ABI,TX,ASW,CE,Towers with Radar,0,20,13,5,38,0,1,56,1,58,0,21,69,6,96,48,8,56,152
01/31/2000,ABI,TX,ASW,CE,Towers with Radar,0,28,23,24,75,0,0,41,0,41,0,28,64,24,116,6,58,64,180
02/01/2000,ABI,TX,ASW,CE,Towers with Radar,0,37,18,2,57,0,1,8,0,9,0,38,26,2,66,34,12,46,112
02/02/2000,ABI,TX,ASW,CE,Towers with Radar,0,38,21,30,89,0,2,30,0,32,0,40,51,30,121,34,86,120,241
02/03/2000,ABI,TX,ASW,CE,Towers with Radar,0,33,12,9,54,0,3,73,1,77,0,36,85,10,131,28,16,44,175
02/04/2000,ABI,TX,ASW,CE,Towers with Radar,0,40,16,16,72,0,2,56,0,58,0,42,72,16,130,30,44,74,204
02/05/2000,ABI,TX,ASW,CE,Towers with Radar,1,31,10,19,61,1,1,67,2,71,2,32,77,21,132,88,0,88,220
02/06/2000,ABI,TX,ASW,CE,Towers with Radar,0,14,14,28,56,0,1,52,0,53,0,15,66,28,109,16,42,58,167
02/07/2000,ABI,TX,ASW,CE,Towers with Radar,0,23,24,44,91,0,3,43,5,51,0,26,67,49,142,62,96,158,300
02/08/2000,ABI,TX,ASW,CE,Towers with Radar,1,31,32,39,103,1,0,43,13,57,2,31,75,52,160,68,82,150,310
02/09/2000,ABI,TX,ASW,CE,Towers with Radar,0,39,26,39,104,0,7,67,4,78,0,46,93,43,182,28,58,86,268
02/10/2000,ABI,TX,ASW,CE,Towers with Radar,0,44,29,29,102,0,5,54,4,63,0,49,83,33,165,38,98,136,301
02/11/2000,ABI,TX,ASW,CE,Towers with Radar,0,44,42,52,138,0,0,30,19,49,0,44,72,71,187,38,126,164,351
02/12/2000,ABI,TX,ASW,CE,Towers with Radar,0,20,14,19,53,0,16,56,8,80,0,36,70,27,133,158,60,218,351
02/13/2000,ABI,TX,ASW,CE,Towers with Radar,0,15,21,6,42,0,0,19,0,19,0,15,40,6,61,12,10,22,83
02/14/2000,ABI,TX,ASW,CE,Towers with Radar,0,26,15,37,78,0,3,44,5,52,0,29,59,42,130,108,110,218,348
02/15/2000,ABI,TX,ASW,CE,Towers with Radar,0,34,24,49,107,0,4,56,2,62,0,38,80,51,169,40,80,120,289
02/16/2000,ABI,TX,ASW,CE,Towers with Radar,0,46,59,62,167,0,1,43,4,48,0,47,102,66,215,14,176,190,405
02/17/2000,ABI,TX,ASW,CE,Towers with Radar,0,35,50,32,117,0,4,19,0,23,0,39,69,32,140,14,66,80,220
02/18/2000,ABI,TX,ASW,CE,Towers with Radar,0,40,33,40,113,0,0,51,5,56,0,40,84,45,169,38,60,98,267
02/19/2000,ABI,TX,ASW,CE,Towers with Radar,0,17,13,17,47,0,18,76,0,94,0,35,89,17,141,64,20,84,225
02/20/2000,ABI,TX,ASW,CE,Towers with Radar,0,17,43,0,60,0,0,55,0,55,0,17,98,0,115,76,14,90,205
02/21/2000,ABI,TX,ASW,CE,Towers with Radar,0,20,26,3,49,0,0,33,0,33,0,20,59,3,82,28,6,34,116
02/22/2000,ABI,TX,ASW,CE,Towers with Radar,0,29,19,30,78,0,2,17,3,22,0,31,36,33,100,2,56,58,158
02/23/2000,ABI,TX,ASW,CE,Towers with Radar,10,32,27,41,110,0,6,49,5,60,10,38,76,46,170,36,86,122,292
02/24/2000,ABI,TX,ASW,CE,Towers with Radar,0,43,28,35,106,0,2,28,4,34,0,45,56,39,140,8,36,44,184
02/25/2000,ABI,TX,ASW,CE,Towers with Radar,8,36,20,9,73,0,2,42,4,48,8,38,62,13,121,68,22,90,211
02/26/2000,ABI,TX,ASW,CE,Towers with Radar,10,26,26,20,82,0,3,61,1,65,10,29,87,21,147,60,34,94,241
02/27/2000,ABI,TX,ASW,CE,Towers with Radar,0,11,9,10,30,1,4,69,6,80,1,15,78,16,110,20,0,20,130
02/28/2000,ABI,TX,ASW,CE,Towers with Radar,0,24,11,10,45,0,1,32,3,36,0,25,43,13,81,18,10,28,109
02/29/2000,ABI,TX,ASW,CE,Towers with Radar,2,35,5,24,66,0,6,51,4,61,2,41,56,28,127,54,44,98,225
03/01/2000,ABI,TX,ASW,CE,Towers with Radar,0,43,31,32,106,0,0,39,4,43,0,43,70,36,149,48,60,108,257
03/02/2000,ABI,TX,ASW,CE,Towers with Radar,6,41,37,36,120,0,3,19,5,27,6,44,56,41,147,12,48,60,207
03/03/2000,ABI,TX,ASW,CE,Towers with Radar,5,37,30,83,155,0,9,50,13,72,5,46,80,96,227,64,178,242,469
03/04/2000,ABI,TX,ASW,CE,Towers with Radar,0,27,23,1,51,0,5,81,0,86,0,32,104,1,137,64,8,72,209
03/05/2000,ABI,TX,ASW,CE,Towers with Radar,0,23,15,9,47,0,2,46,0,48,0,25,61,9,95,46,14,60,155
03/06/2000,ABI,TX,ASW,CE,Towers with Radar,0,31,27,20,78,0,2,29,6,37,0,33,56,26,115,30,64,94,209
03/07/2000,ABI,TX,ASW,CE,Towers with Radar,0,39,29,3,71,0,0,7,0,7,0,39,36,3,78,0,10,10,88
03/08/2000,ABI,TX,ASW,CE,Towers with Radar,0,39,32,22,93,0,5,31,3,39,0,44,63,25,132,44,36,80,212
03/09/2000,ABI,TX,ASW,CE,Towers with Radar,0,62,43,46,151,0,1,64,32,97,0,63,107,78,248,108,62,170,418
03/10/2000,ABI,TX,ASW,CE,Towers with Radar,1,35,32,34,102,6,0,41,8,55,7,35,73,42,157,24,102,126,283
03/11/2000,ABI,TX,ASW,CE,Towers with Radar,0,37,26,28,91,0,8,128,6,142,0,45,154,34,233,104,46,150,383
03/12/2000,ABI,TX,ASW,CE,Towers with Radar,0,13,9,8,30,0,11,56,0,67,0,24,65,8,97,28,16,44,141
03/13/2000,ABI,TX,ASW,CE,Towers with Radar,0,33,25,26,84,0,0,43,10,53,0,33,68,36,137,30,118,148,285
03/14/2000,ABI,TX,ASW,CE,Towers with Radar,0,43,35,37,115,0,0,21,5,26,0,43,56,42,141,134,66,200,341
03/15/2000,ABI,TX,ASW,CE,Towers with Radar,0,43,32,36,111,0,3,36,2,41,0,46,68,38,152,54,64,118,270
03/16/2000,ABI,TX,ASW,CE,Towers with Radar,0,40,15,30,85,0,1,13,0,14,0,41,28,30,99,0,10,10,109
03/17/2000,ABI,TX,ASW,CE,Towers with Radar,0,43,32,34,109,0,0,24,10,34,0,43,56,44,143,22,74,96,239
03/18/2000,ABI,TX,ASW,CE,Towers with Radar,0,19,14,10,43,0,21,19,0,40,0,40,33,10,83,82,6,88,171
03/19/2000,ABI,TX,ASW,CE,Towers with Radar,0,22,13,7,42,0,1,49,0,50,0,23,62,7,92,6,4,10,102
03/20/2000,ABI,TX,ASW,CE,Towers with Radar,0,28,14,17,59,0,5,35,0,40,0,33,49,17,99,10,30,40,139
03/21/2000,ABI,TX,ASW,CE,Towers with Radar,4,45,33,23,105,0,1,2,0,3,4,46,35,23,108,2,24,26,134
03/22/2000,ABI,TX,ASW,CE,Towers with Radar,0,53,25,6,84,0,3,0,0,3,0,56,25,6,87,10,0,10,97
03/23/2000,ABI,TX,ASW,CE,Towers with Radar,0,44,18,17,79,0,5,27,1,33,0,49,45,18,112,4,22,26,138
03/24/2000,ABI,TX,ASW,CE,Towers with Radar,0,45,28,53,126,0,7,84,3,94,0,52,112,56,220,58,100,158,378
03/25/2000,ABI,TX,ASW,CE,Towers with Radar,0,39,27,2,68,0,3,54,1,58,0,42,81,3,126,62,20,82,208
03/26/2000,ABI,TX,ASW,CE,Towers with Radar,0,21,14,21,56,0,1,36,9,46,0,22,50,30,102,4,58,62,164
03/27/2000,ABI,TX,ASW,CE,Towers with Radar,0,26,25,22,73,0,6,49,3,58,0,32,74,25,131,110,138,248,379
03/28/2000,ABI,TX,ASW,CE,Towers with Radar,3,35,17,9,64,0,12,51,0,63,3,47,68,9,127,84,18,102,229
03/29/2000,ABI,TX,ASW,CE,Towers with Radar,3,57,31,61,152,0,6,43,1,50,3,63,74,62,202,32,70,102,304
03/30/2000,ABI,TX,ASW,CE,Towers with Radar,0,46,31,32,109,0,6,40,5,51,0,52,71,37,160,86,40,126,286
03/31/2000,ABI,TX,ASW,CE,Towers with Radar,0,45,36,24,105,0,0,39,0,39,0,45,75,24,144,12,16,28,172
04/01/2000,ABI,TX,ASW,CE,Towers with Radar,0,15,18,2,35,0,17,1,0,18,0,32,19,2,53,10,0,10,63
04/02/2000,ABI,TX,ASW,CE,Towers with Radar,2,6,33,11,52,0,15,15,0,30,2,21,48,11,82,40,24,64,146
04/03/2000,ABI,TX,ASW,CE,Towers with Radar,0,2,47,25,74,0,18,25,0,43,0,20,72,25,117,42,48,90,207
04/04/2000,ABI,TX,ASW,CE,Towers with Radar,0,26,29,23,78,0,27,75,0,102,0,53,104,23,180,54,34,88,268
04/05/2000,ABI,TX,ASW,CE,Towers with Radar,2,27,26,29,84,0,22,57,3,82,2,49,83,32,166,86,56,142,308
04/06/2000,ABI,TX,ASW,CE,Towers with Radar,0,26,27,48,101,0,19,68,3,90,0,45,95,51,191,66,164,230,421
04/07/2000,ABI,TX,ASW,CE,Towers with Radar,0,26,29,28,83,0,22,46,13,81,0,48,75,41,164,70,62,132,296
04/08/2000,ABI,TX,ASW,CE,Towers with Radar,0,23,20,9,52,0,18,90,0,108,0,41,110,9,160,76,2,78,238
04/09/2000,ABI,TX,ASW,CE,Towers with Radar,0,4,18,13,35,0,17,58,0,75,0,21,76,13,110,62,32,94,204
04/10/2000,ABI,TX,ASW,CE,Towers with Radar,0,15,13,30,58,0,20,36,0,56,0,35,49,30,114,22,56,78,192
04/11/2000,ABI,TX,ASW,CE,Towers with Radar,3,18,21,26,68,0,17,17,1,35,3,35,38,27,103,18,32,50,153
04/12/2000,ABI,TX,ASW,CE,Towers with Radar,0,22,25,30,77,0,17,13,0,30,0,39,38,30,107,2,136,138,245
04/13/2000,ABI,TX,ASW,CE,Towers with Radar,0,32,34,32,98,0,17,46,0,63,0,49,80,32,161,44,138,182,343
04/14/2000,ABI,TX,ASW,CE,Towers with Radar,0,36,37,31,104,0,11,59,0,70,0,47,96,31,174,62,74,136,310
04/15/2000,ABI,TX,ASW,CE,Towers with Radar,0,7,16,11,34,0,32,22,0,54,0,39,38,11,88,10,22,32,120
04/16/2000,ABI,TX,ASW,CE,Towers with Radar,0,4,31,7,42,0,16,53,0,69,0,20,84,7,111,86,12,98,209
04/17/2000,ABI,TX,ASW,CE,Towers with Radar,0,16,32,19,67,0,19,45,1,65,0,35,77,20,132,46,70,116,248
04/18/2000,ABI,TX,ASW,CE,Towers with Radar,0,30,33,28,91,0,13,66,0,79,0,43,99,28,170,50,106,156,326
04/19/2000,ABI,TX,ASW,CE,Towers with Radar,0,27,22,22,71,0,20,58,0,78,0,47,80,22,149,50,56,106,255
04/20/2000,ABI,TX,ASW,CE,Towers with Radar,0,29,15,15,59,0,19,71,5,95,0,48,86,20,154,34,24,58,212
04/21/2000,ABI,TX,ASW,CE,Towers with Radar,0,22,20,28,70,0,18,91,1,110,0,40,111,29,180,0,0,0,180
04/22/2000,ABI,TX,ASW,CE,Towers with Radar,0,23,14,4,41,0,17,66,1,84,0,40,80,5,125,27,2,29,154
04/23/2000,ABI,TX,ASW,CE,Towers with Radar,0,5,3,2,10,0,15,24,1,40,0,20,27,3,50,0,6,6,56
04/24/2000,ABI,TX,ASW,CE,Towers with Radar,0,18,22,21,61,0,13,59,13,85,0,31,81,34,146,20,58,78,224
04/25/2000,ABI,TX,ASW,CE,Towers with Radar,0,16,18,41,75,0,22,66,4,92,0,38,84,45,167,60,70,130,297
04/26/2000,ABI,TX,ASW,CE,Towers with Radar,0,57,28,26,111,0,0,65,5,70,0,57,93,31,181,48,120,168,349
04/27/2000,ABI,TX,ASW,CE,Towers with Radar,0,41,31,30,102,0,0,46,23,69,0,41,77,53,171,18,102,120,291
04/28/2000,ABI,TX,ASW,CE,Towers with Radar,0,47,38,35,120,0,0,69,23,92,0,47,107,58,212,136,110,246,458
04/29/2000,ABI,TX,ASW,CE,Towers with Radar,0,34,15,12,61,0,0,49,0,49,0,34,64,12,110,40,8,48,158
04/30/2000,ABI,TX,ASW,CE,Towers with Radar,0,19,7,0,26,0,0,14,2,16,0,19,21,2,42,2,0,2,44
05/01/2000,ABI,TX,ASW,CE,Towers with Radar,0,14,41,18,73,4,21,34,0,59,4,35,75,18,132,56,32,88,220
05/02/2000,ABI,TX,ASW,CE,Towers with Radar,0,36,34,31,101,5,11,51,0,67,5,47,85,31,168,108,58,166,334
05/03/2000,ABI,TX,ASW,CE,Towers with Radar,0,32,32,32,96,4,5,38,1,48,4,37,70,33,144,46,54,100,244
05/04/2000,ABI,TX,ASW,CE,Towers with Radar,0,58,47,47,152,10,14,48,14,86,10,72,95,61,238,90,180,270,508
05/05/2000,ABI,TX,ASW,CE,Towers with Radar,0,41,37,37,115,12,19,12,28,71,12,60,49,65,186,4,100,104,290
05/06/2000,ABI,TX,ASW,CE,Towers with Radar,0,16,24,6,46,0,25,41,1,67,0,41,65,7,113,14,12,26,139
05/07/2000,ABI,TX,ASW,CE,Towers with Radar,0,0,11,6,17,2,18,44,6,70,2,18,55,12,87,28,4,32,119
05/08/2000,ABI,TX,ASW,CE,Towers with Radar,0,9,18,18,45,0,16,21,0,37,0,25,39,18,82,18,22,40,122
05/09/2000,ABI,TX,ASW,CE,Towers with Radar,0,38,35,29,102,7,12,24,0,43,7,50,59,29,145,16,162,178,323
05/10/2000,ABI,TX,ASW,CE,Towers with Radar,0,16,27,60,103,1,23,41,3,68,1,39,68,63,171,40,92,132,303
05/11/2000,ABI,TX,ASW,CE,Towers with Radar,0,27,19,33,79,0,24,43,2,69,0,51,62,35,148,32,38,70,218
05/12/2000,ABI,TX,ASW,CE,Towers with Radar,0,25,29,27,81,4,21,49,4,78,4,46,78,31,159,38,34,72,231
05/13/2000,ABI,TX,ASW,CE,Towers with Radar,0,15,19,23,57,2,22,52,2,78,2,37,71,25,135,26,6,32,167
05/14/2000,ABI,TX,ASW,CE,Towers with Radar,0,0,13,0,13,0,21,59,0,80,0,21,72,0,93,34,0,34,127
05/15/2000,ABI,TX,ASW,CE,Towers with Radar,0,5,27,17,49,0,23,26,3,52,0,28,53,20,101,4,30,34,135
05/16/2000,ABI,TX,ASW,CE,Towers with Radar,0,24,21,35,80,0,22,38,2,62,0,46,59,37,142,26,44,70,212
05/17/2000,ABI,TX,ASW,CE,Towers with Radar,0,19,25,22,66,0,27,30,4,61,0,46,55,26,127,8,50,58,185
05/18/2000,ABI,TX,ASW,CE,Towers with Radar,0,27,26,51,104,4,17,36,9,66,4,44,62,60,170,24,132,156,326
05/19/2000,ABI,TX,ASW,CE,Towers with Radar,0,7,17,2,26,4,38,12,0,54,4,45,29,2,80,0,10,10,90
05/20/2000,ABI,TX,ASW,CE,Towers with Radar,0,21,12,11,44,0,21,402,0,423,0,42,414,11,467,36,6,42,509
05/21/2000,ABI,TX,ASW,CE,Towers with Radar,0,0,5,0,5,0,17,49,7,73,0,17,54,7,78,24,4,28,106
05/22/2000,ABI,TX,ASW,CE,Towers with Radar,0,8,17,7,32,0,21,55,1,77,0,29,72,8,109,22,18,40,149
05/23/2000,ABI,TX,ASW,CE,Towers with Radar,0,43,14,12,69,0,0,28,0,28,0,43,42,12,97,26,10,36,133
05/24/2000,ABI,TX,ASW,CE,Towers with Radar,0,48,19,4,71,0,0,56,0,56,0,48,75,4,127,10,0,10,137
05/25/2000,ABI,TX,ASW,CE,Towers with Radar,0,46,22,50,118,0,0,54,0,54,0,46,76,50,172,48,104,152,324
05/26/2000,ABI,TX,ASW,CE,Towers with Radar,0,43,27,12,82,0,0,55,0,55,0,43,82,12,137,16,0,16,153
05/27/2000,ABI,TX,ASW,CE,Towers with Radar,5,48,26,2,81,4,3,24,0,31,9,51,50,2,112,44,0,44,156
05/28/2000,ABI,TX,ASW,CE,Towers with Radar,3,26,26,0,55,3,0,57,0,60,6,26,83,0,115,2,0,2,117
05/29/2000,ABI,TX,ASW,CE,Towers with Radar,0,4,5,1,10,0,19,74,0,93,0,23,79,1,103,26,2,28,131
05/30/2000,ABI,TX,ASW,CE,Towers with Radar,0,26,14,30,70,0,0,70,2,72,0,26,84,32,142,2,48,50,192
05/31/2000,ABI,TX,ASW,CE,Towers with Radar,0,44,14,32,90,0,0,89,5,94,0,44,103,37,184,22,18,40,224
06/01/2000,ABI,TX,ASW,CE,Towers with Radar,0,35,12,23,70,0,7,42,8,57,0,42,54,31,127,24,36,60,187
06/02/2000,ABI,TX,ASW,CE,Towers with Radar,0,28,6,14,48,0,5,15,1,21,0,33,21,15,69,20,16,36,105
06/03/2000,ABI,TX,ASW,CE,Towers with Radar,0,11,0,0,11,0,25,22,0,47,0,36,22,0,58,54,0,54,112
06/04/2000,ABI,TX,ASW,CE,Towers with Radar,2,19,8,6,35,0,4,19,2,25,2,23,27,8,60,10,0,10,70
06/05/2000,ABI,TX,ASW,CE,Towers with Radar,0,39,7,55,101,0,4,35,4,43,0,43,42,59,144,32,112,144,288
06/06/2000,ABI,TX,ASW,CE,Towers with Radar,3,41,8,26,78,0,6,89,7,102,3,47,97,33,180,72,82,154,334
06/07/2000,ABI,TX,ASW,CE,Towers with Radar,0,44,17,19,80,0,0,81,0,81,0,44,98,19,161,70,74,144,305
06/08/2000,ABI,TX,ASW,CE,Towers with Radar,0,41,9,36,86,0,4,67,4,75,0,45,76,40,161,44,80,124,285
06/09/2000,ABI,TX,ASW,CE,Towers with Radar,1,35,13,26,75,3,0,32,14,49,4,35,45,40,124,32,48,80,204
06/10/2000,ABI,TX,ASW,CE,Towers with Radar,12,20,21,12,65,0,13,35,4,52,12,33,56,16,117,0,0,0,117
06/11/2000,ABI,TX,ASW,CE,Towers with Radar,0,21,25,22,68,0,3,31,2,36,0,24,56,24,104,44,2,46,150
06/12/2000,ABI,TX,ASW,CE,Towers with Radar,0,21,1,17,39,0,6,33,1,40,0,27,34,18,79,14,40,54,133
06/13/2000,ABI,TX,ASW,CE,Towers with Radar,2,44,19,33,98,0,0,45,8,53,2,44,64,41,151,4,38,42,193
06/14/2000,ABI,TX,ASW,CE,Towers with Radar,0,43,4,20,67,0,6,34,3,43,0,49,38,23,110,14,36,50,160
06/15/2000,ABI,TX,ASW,CE,Towers with Radar,0,46,20,35,101,0,0,61,23,84,0,46,81,58,185,30,136,166,351
06/16/2000,ABI,TX,ASW,CE,Towers with Radar,2,42,15,29,88,0,0,44,32,76,2,42,59,61,164,36,60,96,260
06/17/2000,ABI,TX,ASW,CE,Towers with Radar,0,15,0,6,21,10,15,46,0,71,10,30,46,6,92,14,0,14,106
06/18/2000,ABI,TX,ASW,CE,Towers with Radar,0,19,0,19,38,0,3,14,3,20,0,22,14,22,58,0,24,24,82
06/19/2000,ABI,TX,ASW,CE,Towers with Radar,0,34,9,23,66,0,4,28,9,41,0,38,37,32,107,12,56,68,175
06/20/2000,ABI,TX,ASW,CE,Towers with Radar,1,41,14,21,77,1,4,45,0,50,2,45,59,21,127,46,48,94,221
06/21/2000,ABI,TX,ASW,CE,Towers with Radar,2,52,20,34,108,4,0,53,0,57,6,52,73,34,165,26,42,68,233
06/22/2000,ABI,TX,ASW,CE,Towers with Radar,5,35,12,8,60,0,6,80,3,89,5,41,92,11,149,63,31,94,243
06/23/2000,ABI,TX,ASW,CE,Towers with Radar,0,43,19,31,93,0,0,44,1,45,0,43,63,32,138,28,48,76,214
06/24/2000,ABI,TX,ASW,CE,Towers with Radar,0,19,2,13,34,0,25,66,16,107,0,44,68,29,141,50,6,56,197
06/25/2000,ABI,TX,ASW,CE,Towers with Radar,0,15,0,0,15,0,3,63,2,68,0,18,63,2,83,4,2,6,89
06/26/2000,ABI,TX,ASW,CE,Towers with Radar,0,32,2,21,55,0,5,51,10,66,0,37,53,31,121,12,60,72,193
06/27/2000,ABI,TX,ASW,CE,Towers with Radar,0,42,66,18,126,0,0,0,5,5,0,42,66,23,131,24,70,94,225
06/28/2000,ABI,TX,ASW,CE,Towers with Radar,0,46,54,1,101,0,0,0,0,0,0,46,54,1,101,54,30,84,185
06/29/2000,ABI,TX,ASW,CE,Towers with Radar,0,59,46,12,117,0,0,0,0,0,0,59,46,12,117,56,18,74,191
06/30/2000,ABI,TX,ASW,CE,Towers with Radar,0,52,92,21,165,0,0,0,0,0,0,52,92,21,165,56,18,74,239
07/01/2000,ABI,TX,ASW,CE,Towers with Radar,0,23,12,4,39,0,14,27,0,41,0,37,39,4,80,36,0,36,116
07/02/2000,ABI,TX,ASW,CE,Towers with Radar,0,19,17,11,47,0,2,53,0,55,0,21,70,11,102,12,8,20,122
07/03/2000,ABI,TX,ASW,CE,Towers with Radar,0,19,17,0,36,0,4,39,0,43,0,23,56,0,79,24,0,24,103
07/04/2000,ABI,TX,ASW,CE,Towers with Radar,0,20,7,2,29,0,4,77,0,81,0,24,84,2,110,2,2,4,114
07/05/2000,ABI,TX,ASW,CE,Towers with Radar,0,27,30,9,66,0,5,48,0,53,0,32,78,9,119,38,16,54,173
07/06/2000,ABI,TX,ASW,CE,Towers with Radar,0,48,28,38,114,2,0,27,0,29,2,48,55,38,143,30,68,98,241
07/07/2000,ABI,TX,ASW,CE,Towers with Radar,0,40,27,41,108,0,0,66,15,81,0,40,93,56,189,72,46,118,307
07/08/2000,ABI,TX,ASW,CE,Towers with Radar,0,32,11,45,88,0,5,80,3,88,0,37,91,48,176,48,90,138,314
07/09/2000,ABI,TX,ASW,CE,Towers with Radar,2,19,10,14,45,0,1,29,4,34,2,20,39,18,79,8,14,22,101
07/10/2000,ABI,TX,ASW,CE,Towers with Radar,0,26,17,29,72,0,5,29,2,36,0,31,46,31,108,12,50,62,170
07/11/2000,ABI,TX,ASW,CE,Towers with Radar,0,21,32,29,82,0,6,48,2,56,0,27,80,31,138,10,104,114,252
07/12/2000,ABI,TX,ASW,CE,Towers with Radar,0,41,21,26,88,0,4,49,1,54,0,45,70,27,142,12,62,74,216
07/13/2000,ABI,TX,ASW,CE,Towers with Radar,0,36,17,30,83,0,5,39,4,48,0,41,56,34,131,20,52,72,203
07/14/2000,ABI,TX,ASW,CE,Towers with Radar,0,39,15,26,80,0,12,47,4,63,0,51,62,30,143,44,90,134,277
07/15/2000,ABI,TX,ASW,CE,Towers with Radar,0,6,11,3,20,0,0,38,0,38,0,6,49,3,58,18,54,72,130
07/16/2000,ABI,TX,ASW,CE,Towers with Radar,2,19,11,18,50,0,1,42,1,44,2,20,53,19,94,50,30,80,174
07/17/2000,ABI,TX,ASW,CE,Towers with Radar,0,33,19,29,81,0,2,23,2,27,0,35,42,31,108,2,48,50,158
07/18/2000,ABI,TX,ASW,CE,Towers with Radar,2,38,17,31,88,0,5,34,3,42,2,43,51,34,130,48,60,108,238
07/19/2000,ABI,TX,ASW,CE,Towers with Radar,2,38,11,34,85,0,7,50,6,63,2,45,61,40,148,32,38,70,218
07/20/2000,ABI,TX,ASW,CE,Towers with Radar,0,40,29,43,112,0,0,60,5,65,0,40,89,48,177,30,84,114,291
07/21/2000,ABI,TX,ASW,CE,Towers with Radar,0,37,26,58,121,0,5,64,1,70,0,42,90,59,191,44,116,160,351
07/22/2000,ABI,TX,ASW,CE,Towers with Radar,0,35,15,27,77,0,4,50,2,56,0,39,65,29,133,32,18,50,183
07/23/2000,ABI,TX,ASW,CE,Towers with Radar,0,16,16,22,54,0,3,32,0,35,0,19,48,22,89,40,50,90,179
07/24/2000,ABI,TX,ASW,CE,Towers with Radar,0,2,22,5,29,0,0,35,0,35,0,2,57,5,64,14,96,110,174
07/25/2000,ABI,TX,ASW,CE,Towers with Radar,0,32,18,30,80,0,3,70,3,76,0,35,88,33,156,32,22,54,210
07/26/2000,ABI,TX,ASW,CE,Towers with Radar,0,25,15,21,61,0,3,58,4,65,0,28,73,25,126,64,52,116,242
07/27/2000,ABI,TX,ASW,CE,Towers with Radar,0,33,19,18,70,0,4,43,5,52,0,37,62,23,122,10,32,42,164
07/28/2000,ABI,TX,ASW,CE,Towers with Radar,0,56,32,48,136,2,0,34,26,62,2,56,66,74,198,30,60,90,288
07/29/2000,ABI,TX,ASW,CE,Towers with Radar,0,33,9,3,45,0,3,44,0,47,0,36,53,3,92,14,0,14,106
07/30/2000,ABI,TX,ASW,CE,Towers with Radar,0,30,14,24,68,0,2,35,0,37,0,32,49,24,105,6,38,44,149
07/31/2000,ABI,TX,ASW,CE,Towers with Radar,2,32,9,19,62,0,0,42,0,42,2,32,51,19,104,30,18,48,152
08/01/2000,ABI,TX,ASW,CE,Towers with Radar,0,41,12,16,69,0,1,53,2,56,0,42,65,18,125,42,14,56,181
08/02/2000,ABI,TX,ASW,CE,Towers with Radar,0,42,20,25,87,0,0,55,0,55,0,42,75,25,142,34,64,98,240
08/03/2000,ABI,TX,ASW,CE,Towers with Radar,0,36,20,21,77,0,0,58,0,58,0,36,78,21,135,20,50,70,205
08/04/2000,ABI,TX,ASW,CE,Towers with Radar,0,42,18,28,88,0,3,47,4,54,0,45,65,32,142,20,34,54,196
08/05/2000,ABI,TX,ASW,CE,Towers with Radar,0,16,5,7,28,0,21,39,0,60,0,37,44,7,88,62,6,68,156
08/06/2000,ABI,TX,ASW,CE,Towers with Radar,0,17,6,10,33,0,3,35,9,47,0,20,41,19,80,38,20,58,138
08/07/2000,ABI,TX,ASW,CE,Towers with Radar,0,21,4,24,49,0,1,22,3,26,0,22,26,27,75,22,92,114,189
08/08/2000,ABI,TX,ASW,CE,Towers with Radar,0,46,11,26,83,0,3,56,8,67,0,49,67,34,150,32,84,116,266
08/09/2000,ABI,TX,ASW,CE,Towers with Radar,0,40,22,31,93,0,0,71,0,71,0,40,93,31,164,16,78,94,258
08/10/2000,ABI,TX,ASW,CE,Towers with Radar,0,46,30,47,123,0,2,57,4,63,0,48,87,51,186,68,112,180,366
08/11/2000,ABI,TX,ASW,CE,Towers with Radar,0,36,12,43,91,0,2,38,3,43,0,38,50,46,134,2,66,68,202
08/12/2000,ABI,TX,ASW,CE,Towers with Radar,0,37,15,31,83,0,0,78,1,79,0,37,93,32,162,66,0,66,228
08/13/2000,ABI,TX,ASW,CE,Towers with Radar,0,23,29,17,69,0,0,45,1,46,0,23,74,18,115,62,40,102,217
08/14/2000,ABI,TX,ASW,CE,Towers with Radar,0,23,17,13,53,0,2,56,5,63,0,25,73,18,116,46,46,92,208
08/15/2000,ABI,TX,ASW,CE,Towers with Radar,0,45,28,35,108,0,6,61,3,70,0,51,89,38,178,94,88,182,360
08/16/2000,ABI,TX,ASW,CE,Towers with Radar,0,39,14,19,72,0,4,67,6,77,0,43,81,25,149,42,36,78,227
08/17/2000,ABI,TX,ASW,CE,Towers with Radar,0,29,15,17,61,0,0,62,0,62,0,29,77,17,123,16,22,38,161
08/18/2000,ABI,TX,ASW,CE,Towers with Radar,0,46,23,22,91,1,6,67,0,74,1,52,90,22,165,60,38,98,263
08/19/2000,ABI,TX,ASW,CE,Towers with Radar,1,34,14,20,69,0,2,77,1,80,1,36,91,21,149,48,22,70,219
08/20/2000,ABI,TX,ASW,CE,Towers with Radar,0,14,13,11,38,0,0,44,1,45,0,14,57,12,83,52,14,66,149
08/21/2000,ABI,TX,ASW,CE,Towers with Radar,2,32,6,7,47,0,3,54,3,60,2,35,60,10,107,24,20,44,151
08/22/2000,ABI,TX,ASW,CE,Towers with Radar,0,35,17,24,76,0,8,53,12,73,0,43,70,36,149,28,64,92,241
08/23/2000,ABI,TX,ASW,CE,Towers with Radar,0,32,23,42,97,0,5,30,6,41,0,37,53,48,138,40,106,146,284
08/24/2000,ABI,TX,ASW,CE,Towers with Radar,0,35,28,14,77,0,5,63,7,75,0,40,91,21,152,30,66,96,248
08/25/2000,ABI,TX,ASW,CE,Towers with Radar,1,43,20,50,114,0,3,38,1,42,1,46,58,51,156,14,92,106,262
08/26/2000,ABI,TX,ASW,CE,Towers with Radar,0,21,9,14,44,0,25,31,3,59,0,46,40,17,103,8,20,28,131
08/27/2000,ABI,TX,ASW,CE,Towers with Radar,0,19,4,21,44,0,0,44,2,46,0,19,48,23,90,38,62,100,190
08/28/2000,ABI,TX,ASW,CE,Towers with Radar,0,21,15,18,54,0,3,35,8,46,0,24,50,26,100,30,26,56,156
08/29/2000,ABI,TX,ASW,CE,Towers with Radar,0,41,18,31,90,0,0,54,6,60,0,41,72,37,150,50,58,108,258
08/30/2000,ABI,TX,ASW,CE,Towers with Radar,2,42,25,10,79,0,6,57,4,67,2,48,82,14,146,26,38,64,210
08/31/2000,ABI,TX,ASW,CE,Towers with Radar,5,40,31,20,96,0,4,44,4,52,5,44,75,24,148,22,74,96,244
09/01/2000,ABI,TX,ASW,CE,Towers with Radar,2,46,12,48,108,0,5,64,5,74,2,51,76,53,182,14,66,80,262
09/02/2000,ABI,TX,ASW,CE,Towers with Radar,0,17,10,2,29,0,20,57,0,77,0,37,67,2,106,8,0,8,114
09/03/2000,ABI,TX,ASW,CE,Towers with Radar,0,21,8,1,30,0,0,57,2,59,0,21,65,3,89,30,6,36,125
09/04/2000,ABI,TX,ASW,CE,Towers with Radar,0,24,17,9,50,0,3,65,2,70,0,27,82,11,120,48,16,64,184
09/05/2000,ABI,TX,ASW,CE,Towers with Radar,2,31,31,21,85,0,0,58,8,66,2,31,89,29,151,40,80,120,271
09/06/2000,ABI,TX,ASW,CE,Towers with Radar,0,41,15,23,79,0,9,66,3,78,0,50,81,26,157,12,28,40,197
09/07/2000,ABI,TX,ASW,CE,Towers with Radar,2,40,20,57,119,0,0,0,1,1,2,40,20,58,120,6,60,66,186
09/08/2000,ABI,TX,ASW,CE,Towers with Radar,0,44,19,44,107,0,2,66,7,75,0,46,85,51,182,48,106,154,336
09/09/2000,ABI,TX,ASW,CE,Towers with Radar,0,28,17,20,65,0,8,71,9,88,0,36,88,29,153,82,36,118,271
09/10/2000,ABI,TX,ASW,CE,Towers with Radar,0,24,15,22,61,0,0,60,1,61,0,24,75,23,122,44,34,78,200
09/11/2000,ABI,TX,ASW,CE,Towers with Radar,0,26,13,20,59,0,3,46,9,58,0,29,59,29,117,8,46,54,171
09/12/2000,ABI,TX,ASW,CE,Towers with Radar,2,44,13,29,88,0,3,56,3,62,2,47,69,32,150,24,42,66,216
09/13/2000,ABI,TX,ASW,CE,Towers with Radar,0,40,27,22,89,0,7,35,0,42,0,47,62,22,131,32,40,72,203
09/14/2000,ABI,TX,ASW,CE,Towers with Radar,0,43,17,35,95,0,0,63,10,73,0,43,80,45,168,56,150,206,374
09/15/2000,ABI,TX,ASW,CE,Towers with Radar,0,37,32,17,86,0,11,69,1,81,0,48,101,18,167,18,50,68,235
09/16/2000,ABI,TX,ASW,CE,Towers with Radar,2,28,20,7,57,0,0,58,1,59,2,28,78,8,116,30,36,66,182
09/17/2000,ABI,TX,ASW,CE,Towers with Radar,4,22,20,37,83,0,0,57,1,58,4,22,77,38,141,32,30,62,203
09/18/2000,ABI,TX,ASW,CE,Towers with Radar,0,32,19,48,99,0,3,62,2,67,0,35,81,50,166,40,140,180,346
09/19/2000,ABI,TX,ASW,CE,Towers with Radar,0,41,28,27,96,0,0,58,0,58,0,41,86,27,154,44,72,116,270
09/20/2000,ABI,TX,ASW,CE,Towers with Radar,0,39,32,39,110,0,0,53,11,64,0,39,85,50,174,46,56,102,276
09/21/2000,ABI,TX,ASW,CE,Towers with Radar,0,37,23,52,112,0,3,47,8,58,0,40,70,60,170,40,212,252,422
09/22/2000,ABI,TX,ASW,CE,Towers with Radar,0,50,48,37,135,0,1,47,6,54,0,51,95,43,189,42,142,184,373
09/23/2000,ABI,TX,ASW,CE,Towers with Radar,0,18,12,13,43,2,14,35,0,51,2,32,47,13,94,50,34,84,178
09/24/2000,ABI,TX,ASW,CE,Towers with Radar,0,17,11,5,33,0,5,31,0,36,0,22,42,5,69,8,2,10,79
09/25/2000,ABI,TX,ASW,CE,Towers with Radar,0,33,28,39,100,0,4,36,1,41,0,37,64,40,141,48,64,112,253
09/26/2000,ABI,TX,ASW,CE,Towers with Radar,2,38,25,39,104,0,3,59,5,67,2,41,84,44,171,74,110,184,355
09/27/2000,ABI,TX,ASW,CE,Towers with Radar,0,37,30,35,102,0,0,58,4,62,0,37,88,39,164,36,78,114,278
09/28/2000,ABI,TX,ASW,CE,Towers with Radar,0,34,29,27,90,0,3,81,10,94,0,37,110,37,184,34,74,108,292
09/29/2000,ABI,TX,ASW,CE,Towers with Radar,0,41,35,0,76,0,6,95,2,103,0,47,130,2,179,2,0,2,181
09/30/2000,ABI,TX,ASW,CE,Towers with Radar,0,14,9,4,27,0,18,57,0,75,0,32,66,4,102,14,8,22,124
10/01/2000,ABI,TX,ASW,CE,Towers with Radar,0,0,7,0,7,0,23,62,0,85,0,23,69,0,92,68,0,68,160
10/02/2000,ABI,TX,ASW,CE,Towers with Radar,0,0,11,49,60,0,35,64,0,99,0,35,75,49,159,44,128,172,331
10/03/2000,ABI,TX,ASW,CE,Towers with Radar,0,43,17,52,112,0,0,48,12,60,0,43,65,64,172,20,114,134,306
10/04/2000,ABI,TX,ASW,CE,Towers with Radar,0,46,15,24,85,0,0,54,20,74,0,46,69,44,159,22,116,138,297
10/05/2000,ABI,TX,ASW,CE,Towers with Radar,0,44,18,49,111,0,0,48,14,62,0,44,66,63,173,52,96,148,321
10/06/2000,ABI,TX,ASW,CE,Towers with Radar,0,43,68,62,173,0,0,16,9,25,0,43,84,71,198,6,74,80,278
10/07/2000,ABI,TX,ASW,CE,Towers with Radar,0,0,29,18,47,0,32,14,1,47,0,32,43,19,94,22,14,36,130
10/08/2000,ABI,TX,ASW,CE,Towers with Radar,0,0,30,10,40,1,23,32,0,56,1,23,62,10,96,54,16,70,166
10/09/2000,ABI,TX,ASW,CE,Towers with Radar,0,0,28,18,46,1,38,29,3,71,1,38,57,21,117,36,58,94,211
10/10/2000,ABI,TX,ASW,CE,Towers with Radar,0,31,10,22,63,0,0,51,10,61,0,31,61,32,124,70,44,114,238
10/11/2000,ABI,TX,ASW,CE,Towers with Radar,0,57,48,43,148,0,0,49,4,53,0,57,97,47,201,44,92,136,337
10/12/2000,ABI,TX,ASW,CE,Towers with Radar,0,41,19,47,107,2,0,16,9,27,2,41,35,56,134,40,148,188,322
10/13/2000,ABI,TX,ASW,CE,Towers with Radar,0,33,30,24,87,0,0,17,18,35,0,33,47,42,122,12,148,160,282
10/14/2000,ABI,TX,ASW,CE,Towers with Radar,0,0,12,0,12,2,36,22,0,60,2,36,34,0,72,52,0,52,124
10/15/2000,ABI,TX,ASW,CE,Towers with Radar,0,0,11,0,11,10,15,21,0,46,10,15,32,0,57,2,0,2,59
10/16/2000,ABI,TX,ASW,CE,Towers with Radar,0,0,31,18,49,0,31,45,2,78,0,31,76,20,127,36,22,58,185
10/17/2000,ABI,TX,ASW,CE,Towers with Radar,0,0,25,0,25,0,48,7,0,55,0,48,32,0,80,20,0,20,100
10/18/2000,ABI,TX,ASW,CE,Towers with Radar,0,40,40,18,98,0,0,37,8,45,0,40,77,26,143,82,88,170,313
10/19/2000,ABI,TX,ASW,CE,Towers with Radar,0,46,16,39,101,0,0,91,12,103,0,46,107,51,204,54,108,162,366
10/20/2000,ABI,TX,ASW,CE,Towers with Radar,0,46,37,10,93,0,0,67,0,67,0,46,104,10,160,120,18,138,298
10/21/2000,ABI,TX,ASW,CE,Towers with Radar,0,0,17,7,24,0,30,44,0,74,0,30,61,7,98,14,4,18,116
10/22/2000,ABI,TX,ASW,CE,Towers with Radar,0,0,27,2,29,0,22,32,0,54,0,22,59,2,83,18,2,20,103
10/23/2000,ABI,TX,ASW,CE,Towers with Radar,0,38,25,17,80,0,6,19,6,31,0,44,44,23,111,30,50,80,191
10/24/2000,ABI,TX,ASW,CE,Towers with Radar,0,47,34,44,125,0,2,16,13,31,0,49,50,57,156,36,80,116,272
10/25/2000,ABI,TX,ASW,CE,Towers with Radar,0,37,35,16,88,0,0,25,0,25,0,37,60,16,113,14,22,36,149
10/26/2000,ABI,TX,ASW,CE,Towers with Radar,0,45,31,23,99,0,0,14,540,554,0,45,45,563,653,36,182,218,871
10/27/2000,ABI,TX,ASW,CE,Towers with Radar,0,56,39,32,127,0,0,26,25,51,0,56,65,57,178,22,102,124,302
10/28/2000,ABI,TX,ASW,CE,Towers with Radar,0,0,28,1,29,0,30,12,0,42,0,30,40,1,71,16,0,16,87
10/29/2000,ABI,TX,ASW,CE,Towers with Radar,0,0,17,12,29,2,22,36,0,60,2,22,53,12,89,34,18,52,141
10/30/2000,ABI,TX,ASW,CE,Towers with Radar,0,0,27,35,62,0,32,35,11,78,0,32,62,46,140,44,106,150,290
10/31/2000,ABI,TX,ASW,CE,Towers with Radar,0,31,22,31,84,0,14,15,10,39,0,45,37,41,123,8,66,74,197
11/01/2000,ABI,TX,ASW,CE,Towers with Radar,1,40,25,31,97,1,4,23,2,30,2,44,48,33,127,42,46,88,215
11/02/2000,ABI,TX,ASW,CE,Towers with Radar,0,43,28,34,105,0,0,58,14,72,0,43,86,48,177,76,46,122,299
11/03/2000,ABI,TX,ASW,CE,Towers with Radar,0,44,30,26,100,0,0,4,0,4,0,44,34,26,104,20,26,46,150
11/04/2000,ABI,TX,ASW,CE,Towers with Radar,0,41,19,0,60,0,0,1,0,1,0,41,20,0,61,0,0,0,61
11/05/2000,ABI,TX,ASW,CE,Towers with Radar,3,20,19,5,47,0,0,6,0,6,3,20,25,5,53,0,0,0,53
11/06/2000,ABI,TX,ASW,CE,Towers with Radar,0,30,24,71,125,0,2,56,5,63,0,32,80,76,188,34,142,176,364
11/07/2000,ABI,TX,ASW,CE,Towers with Radar,0,36,23,21,80,0,8,14,0,22,0,44,37,21,102,4,22,26,128
11/08/2000,ABI,TX,ASW,CE,Towers with Radar,0,24,15,7,46,0,14,1,0,15,0,38,16,7,61,18,18,36,97
11/09/2000,ABI,TX,ASW,CE,Towers with Radar,0,39,25,31,95,0,3,43,13,59,0,42,68,44,154,98,60,158,312
11/10/2000,ABI,TX,ASW,CE,Towers with Radar,0,26,17,15,58,0,15,100,0,115,0,41,117,15,173,116,84,200,373
11/11/2000,ABI,TX,ASW,CE,Towers with Radar,0,46,35,2,83,0,0,36,0,36,0,46,71,2,119,74,6,80,199
11/12/2000,ABI,TX,ASW,CE,Towers with Radar,0,0,7,2,9,0,0,4,0,4,0,0,11,2,13,0,16,16,29
11/13/2000,ABI,TX,ASW,CE,Towers with Radar,0,35,24,38,97,0,5,34,8,47,0,40,58,46,144,4,60,64,208
11/14/2000,ABI,TX,ASW,CE,Towers with Radar,0,41,22,45,108,0,5,65,6,76,0,46,87,51,184,24,134,158,342
11/15/2000,ABI,TX,ASW,CE,Towers with Radar,0,39,12,29,80,0,2,24,11,37,0,41,36,40,117,8,70,78,195
11/16/2000,ABI,TX,ASW,CE,Towers with Radar,0,66,57,68,191,0,0,22,67,89,0,66,79,135,280,32,254,286,566
11/17/2000,ABI,TX,ASW,CE,Towers with Radar,0,53,34,41,128,0,6,55,28,89,0,59,89,69,217,48,150,198,415
11/18/2000,ABI,TX,ASW,CE,Towers with Radar,0,12,8,1,21,0,13,12,0,25,0,25,20,1,46,22,0,22,68
11/19/2000,ABI,TX,ASW,CE,Towers with Radar,0,26,21,25,72,0,0,53,4,57,0,26,74,29,129,70,26,96,225
11/20/2000,ABI,TX,ASW,CE,Towers with Radar,0,31,18,44,93,0,7,55,8,70,0,38,73,52,163,52,136,188,351
11/21/2000,ABI,TX,ASW,CE,Towers with Radar,0,56,40,48,144,0,0,57,4,61,0,56,97,52,205,64,134,198,403
11/22/2000,ABI,TX,ASW,CE,Towers with Radar,0,40,34,17,91,0,0,51,0,51,0,40,85,17,142,20,36,56,198
11/23/2000,ABI,TX,ASW,CE,Towers with Radar,0,12,8,0,20,0,6,6,0,12,0,18,14,0,32,0,0,0,32
11/24/2000,ABI,TX,ASW,CE,Towers with Radar,0,32,21,8,61,0,17,14,0,31,0,49,35,8,92,0,0,0,92
11/25/2000,ABI,TX,ASW,CE,Towers with Radar,3,26,25,0,54,0,1,52,0,53,3,27,77,0,107,52,0,52,159
11/26/2000,ABI,TX,ASW,CE,Towers with Radar,0,15,10,0,25,0,7,44,0,51,0,22,54,0,76,0,0,0,76
11/27/2000,ABI,TX,ASW,CE,Towers with Radar,0,32,21,19,72,0,2,42,0,44,0,34,63,19,116,12,14,26,142
11/28/2000,ABI,TX,ASW,CE,Towers with Radar,0,46,40,31,117,0,2,43,2,47,0,48,83,33,164,36,50,86,250
11/29/2000,ABI,TX,ASW,CE,Towers with Radar,0,49,43,51,143,0,0,29,13,42,0,49,72,64,185,16,198,214,399
11/30/2000,ABI,TX,ASW,CE,Towers with Radar,0,5,24,1,30,0,0,29,0,29,0,5,53,1,59,26,100,126,185
12/01/2000,ABI,TX,ASW,CE,Towers with Radar,0,48,0,44,92,0,0,62,5,67,0,48,62,49,159,24,78,102,261
12/02/2000,ABI,TX,ASW,CE,Towers with Radar,0,30,0,8,38,0,0,44,1,45,0,30,44,9,83,58,28,86,169
12/03/2000,ABI,TX,ASW,CE,Towers with Radar,0,31,0,2,33,0,5,21,0,26,0,36,21,2,59,18,0,18,77
12/04/2000,ABI,TX,ASW,CE,Towers with Radar,1,45,0,21,67,0,0,36,0,36,1,45,36,21,103,68,64,132,235
12/05/2000,ABI,TX,ASW,CE,Towers with Radar,0,40,6,17,63,0,0,36,0,36,0,40,42,17,99,16,16,32,131
12/06/2000,ABI,TX,ASW,CE,Towers with Radar,0,46,0,42,88,0,2,60,11,73,0,48,60,53,161,58,104,162,323
12/07/2000,ABI,TX,ASW,CE,Towers with Radar,1,46,0,41,88,1,0,62,15,78,2,46,62,56,166,14,170,184,350
12/08/2000,ABI,TX,ASW,CE,Towers with Radar,0,46,0,35,81,0,5,51,19,75,0,51,51,54,156,24,86,110,266
12/09/2000,ABI,TX,ASW,CE,Towers with Radar,1,35,0,24,60,3,0,74,17,94,4,35,74,41,154,54,82,136,290
12/10/2000,ABI,TX,ASW,CE,Towers with Radar,0,26,0,24,50,0,0,55,7,62,0,26,55,31,112,92,64,156,268
12/11/2000,ABI,TX,ASW,CE,Towers with Radar,0,36,3,0,39,0,0,6,0,6,0,36,9,0,45,16,0,16,61
12/12/2000,ABI,TX,ASW,CE,Towers with Radar,0,18,0,3,21,0,0,6,0,6,0,18,6,3,27,0,0,0,27
12/13/2000,ABI,TX,ASW,CE,Towers with Radar,0,29,24,24,77,0,0,0,1,1,0,29,24,25,78,26,28,54,132
12/14/2000,ABI,TX,ASW,CE,Towers with Radar,0,46,49,25,120,0,5,10,13,28,0,51,59,38,148,26,66,92,240
12/15/2000,ABI,TX,ASW,CE,Towers with Radar,0,46,47,25,118,2,2,9,38,51,2,48,56,63,169,32,76,108,277
12/16/2000,ABI,TX,ASW,CE,Towers with Radar,0,35,10,25,70,0,0,35,4,39,0,35,45,29,109,40,108,148,257
12/17/2000,ABI,TX,ASW,CE,Towers with Radar,0,24,0,19,43,0,0,54,0,54,0,24,54,19,97,38,36,74,171
12/18/2000,ABI,TX,ASW,CE,Towers with Radar,0,40,39,25,104,0,0,3,29,32,0,40,42,54,136,0,108,108,244
12/19/2000,ABI,TX,ASW,CE,Towers with Radar,0,46,53,25,124,0,13,26,30,69,0,59,79,55,193,46,102,148,341
12/20/2000,ABI,TX,ASW,CE,Towers with Radar,0,46,48,25,119,0,0,2,24,26,0,46,50,49,145,20,76,96,241
12/21/2000,ABI,TX,ASW,CE,Towers with Radar,0,46,47,25,118,0,4,27,39,70,0,50,74,64,188,36,162,198,386
12/22/2000,ABI,TX,ASW,CE,Towers with Radar,0,46,40,9,95,0,8,41,0,49,0,54,81,9,144,20,6,26,170
12/23/2000,ABI,TX,ASW,CE,Towers with Radar,0,35,0,2,37,0,0,76,0,76,0,35,76,2,113,86,0,86,199
12/24/2000,ABI,TX,ASW,CE,Towers with Radar,0,30,0,0,30,0,0,15,0,15,0,30,15,0,45,0,0,0,45
12/25/2000,ABI,TX,ASW,CE,Towers with Radar,0,15,0,0,15,2,0,2,0,4,2,15,2,0,19,0,0,0,19
12/26/2000,ABI,TX,ASW,CE,Towers with Radar,0,3,0,0,3,0,0,4,0,4,0,3,4,0,7,0,0,0,7
12/27/2000,ABI,TX,ASW,CE,Towers with Radar,0,4,0,0,4,0,0,11,7,18,0,4,11,7,22,0,0,0,22
12/28/2000,ABI,TX,ASW,CE,Towers with Radar,0,46,48,13,107,0,11,17,0,28,0,57,65,13,135,16,30,46,181
12/29/2000,ABI,TX,ASW,CE,Towers with Radar,0,57,64,12,133,0,0,0,0,0,0,57,64,12,133,38,8,46,179
12/30/2000,ABI,TX,ASW,CE,Towers with Radar,0,34,0,0,34,0,0,68,0,68,0,34,68,0,102,52,0,52,154
12/31/2000,ABI,TX,ASW,CE,Towers with Radar,0,17,0,0,17,2,0,15,0,17,2,17,15,0,34,54,0,54,88
01/01/2001,ABI,TX,ASW,CE,Towers with Radar,0,8,4,0,12,0,6,9,0,15,0,14,13,0,27,4,0,4,31
01/02/2001,ABI,TX,ASW,CE,Towers with Radar,0,9,5,0,14,0,15,16,0,31,0,24,21,0,45,0,0,0,45
01/03/2001,ABI,TX,ASW,CE,Towers with Radar,2,36,10,10,58,0,13,54,0,67,2,49,64,10,125,0,0,0,125
01/04/2001,ABI,TX,ASW,CE,Towers with Radar,0,36,12,36,84,0,10,63,0,73,0,46,75,36,157,10,66,76,233
01/05/2001,ABI,TX,ASW,CE,Towers with Radar,0,28,22,52,102,0,11,59,1,71,0,39,81,53,173,46,106,152,325
01/06/2001,ABI,TX,ASW,CE,Towers with Radar,0,30,24,8,62,0,4,69,0,73,0,34,93,8,135,86,18,104,239
01/07/2001,ABI,TX,ASW,CE,Towers with Radar,0,20,12,18,50,0,9,28,0,37,0,29,40,18,87,12,44,56,143
01/08/2001,ABI,TX,ASW,CE,Towers with Radar,0,26,10,24,60,0,15,36,0,51,0,41,46,24,111,68,16,84,195
01/09/2001,ABI,TX,ASW,CE,Towers with Radar,0,42,24,41,107,0,1,40,1,42,0,43,64,42,149,10,80,90,239
01/10/2001,ABI,TX,ASW,CE,Towers with Radar,0,36,9,12,57,0,5,7,0,12,0,41,16,12,69,2,8,10,79
01/11/2001,ABI,TX,ASW,CE,Towers with Radar,0,43,37,50,130,0,4,15,30,49,0,47,52,80,179,0,0,0,179
01/12/2001,ABI,TX,ASW,CE,Towers with Radar,0,41,22,40,103,0,17,35,38,90,0,58,57,78,193,32,102,134,327
01/13/2001,ABI,TX,ASW,CE,Towers with Radar,0,24,16,26,66,0,3,13,0,16,0,27,29,26,82,20,34,54,136
01/14/2001,ABI,TX,ASW,CE,Towers with Radar,0,19,22,11,52,0,21,48,3,72,0,40,70,14,124,86,12,98,222
01/15/2001,ABI,TX,ASW,CE,Towers with Radar,0,30,25,4,59,0,5,59,0,64,0,35,84,4,123,0,0,0,123
01/16/2001,ABI,TX,ASW,CE,Towers with Radar,0,40,23,20,83,0,0,2,0,2,0,40,25,20,85,0,24,24,109
01/17/2001,ABI,TX,ASW,CE,Towers with Radar,0,38,6,0,44,0,2,2,0,4,0,40,8,0,48,0,0,0,48
01/18/2001,ABI,TX,ASW,CE,Towers with Radar,0,0,0,0,0,1,36,10,0,47,1,36,10,0,47,0,6,6,53
01/19/2001,ABI,TX,ASW,CE,Towers with Radar,0,52,34,56,142,0,0,28,60,88,0,52,62,116,230,12,228,240,470
01/20/2001,ABI,TX,ASW,CE,Towers with Radar,0,23,10,26,59,0,3,35,2,40,0,26,45,28,99,68,38,106,205
01/21/2001,ABI,TX,ASW,CE,Towers with Radar,2,21,21,5,49,0,2,34,2,38,2,23,55,7,87,66,22,88,175
01/22/2001,ABI,TX,ASW,CE,Towers with Radar,0,32,22,37,91,2,0,47,17,66,2,32,69,54,157,76,140,216,373
01/23/2001,ABI,TX,ASW,CE,Towers with Radar,0,34,18,34,86,0,7,24,3,34,0,41,42,37,120,44,52,96,216
01/24/2001,ABI,TX,ASW,CE,Towers with Radar,0,42,24,29,95,0,0,46,0,46,0,42,70,29,141,28,82,110,251
01/25/2001,ABI,TX,ASW,CE,Towers with Radar,0,47,32,53,132,0,0,15,15,30,0,47,47,68,162,6,142,148,310
01/26/2001,ABI,TX,ASW,CE,Towers with Radar,0,45,38,63,146,0,0,41,28,69,0,45,79,91,215,60,188,248,463
01/27/2001,ABI,TX,ASW,CE,Towers with Radar,0,6,0,0,6,0,24,0,0,24,0,30,0,0,30,0,0,0,30
01/28/2001,ABI,TX,ASW,CE,Towers with Radar,0,9,4,0,13,0,16,4,0,20,0,25,8,0,33,0,0,0,33
01/29/2001,ABI,TX,ASW,CE,Towers with Radar,0,29,16,15,60,0,6,15,0,21,0,35,31,15,81,0,44,44,125
01/30/2001,ABI,TX,ASW,CE,Towers with Radar,0,41,25,35,101,0,0,21,0,21,0,41,46,35,122,2,52,54,176
01/31/2001,ABI,TX,ASW,CE,Towers with Radar,0,45,36,60,141,0,0,73,26,99,0,45,109,86,240,76,220,296,536
02/01/2001,ABI,TX,ASW,CE,Towers with Radar,0,37,35,41,113,0,0,24,19,43,0,37,59,60,156,0,0,0,156
02/02/2001,ABI,TX,ASW,CE,Towers with Radar,0,42,37,44,123,0,0,30,16,46,0,42,67,60,169,88,138,226,395
02/03/2001,ABI,TX,ASW,CE,Towers with Radar,0,18,13,16,47,0,9,77,11,97,0,27,90,27,144,72,50,122,266
02/04/2001,ABI,TX,ASW,CE,Towers with Radar,0,17,12,15,44,0,7,52,4,63,0,24,64,19,107,56,22,78,185
02/05/2001,ABI,TX,ASW,CE,Towers with Radar,0,35,25,30,90,0,0,36,16,52,0,35,61,46,142,24,48,72,214
02/06/2001,ABI,TX,ASW,CE,Towers with Radar,0,30,20,65,115,0,10,51,3,64,0,40,71,68,179,10,128,138,317
02/07/2001,ABI,TX,ASW,CE,Towers with Radar,0,36,40,45,121,0,0,29,27,56,0,36,69,72,177,16,128,144,321
02/08/2001,ABI,TX,ASW,CE,Towers with Radar,0,40,31,24,95,0,0,1,0,1,0,40,32,24,96,0,0,0,96
02/09/2001,ABI,TX,ASW,CE,Towers with Radar,0,42,31,56,129,0,6,35,3,44,0,48,66,59,173,42,125,167,340
02/10/2001,ABI,TX,ASW,CE,Towers with Radar,0,15,10,11,36,0,11,62,0,73,0,26,72,11,109,66,2,68,177
02/11/2001,ABI,TX,ASW,CE,Towers with Radar,0,19,13,11,43,0,6,55,0,61,0,25,68,11,104,68,8,76,180
02/12/2001,ABI,TX,ASW,CE,Towers with Radar,0,39,24,21,84,3,6,0,0,9,3,45,24,21,93,4,24,28,121
02/13/2001,ABI,TX,ASW,CE,Towers with Radar,0,48,37,43,128,1,0,12,2,15,1,48,49,45,143,4,72,76,219
02/14/2001,ABI,TX,ASW,CE,Towers with Radar,0,44,29,58,131,0,2,17,3,22,0,46,46,61,153,28,128,156,309
02/15/2001,ABI,TX,ASW,CE,Towers with Radar,0,30,14,5,49,0,1,1,1,3,0,31,15,6,52,0,2,2,54
02/16/2001,ABI,TX,ASW,CE,Towers with Radar,0,43,41,34,118,0,3,5,1,9,0,46,46,35,127,4,48,52,179
02/17/2001,ABI,TX,ASW,CE,Towers with Radar,0,27,26,19,72,0,5,64,2,71,0,32,90,21,143,16,78,94,237
02/18/2001,ABI,TX,ASW,CE,Towers with Radar,0,23,23,16,62,0,1,58,2,61,0,24,81,18,123,22,14,36,159
02/19/2001,ABI,TX,ASW,CE,Towers with Radar,5,27,12,0,44,0,1,55,2,58,5,28,67,2,102,82,0,82,184
02/20/2001,ABI,TX,ASW,CE,Towers with Radar,0,37,26,30,93,0,8,68,2,78,0,45,94,32,171,106,66,172,343
02/21/2001,ABI,TX,ASW,CE,Towers with Radar,0,40,28,5,73,0,6,13,0,19,0,46,41,5,92,0,0,0,92
02/22/2001,ABI,TX,ASW,CE,Towers with Radar,0,42,46,83,171,0,1,15,0,16,0,43,61,83,187,24,82,106,293
02/23/2001,ABI,TX,ASW,CE,Towers with Radar,0,30,11,5,46,0,21,0,0,21,0,51,11,5,67,0,10,10,77
02/24/2001,ABI,TX,ASW,CE,Towers with Radar,2,27,11,0,40,0,2,5,0,7,2,29,16,0,47,2,0,2,49
02/25/2001,ABI,TX,ASW,CE,Towers with Radar,0,22,18,0,40,0,2,62,2,66,0,24,80,2,106,108,0,108,214
02/26/2001,ABI,TX,ASW,CE,Towers with Radar,0,36,25,28,89,0,0,10,0,10,0,36,35,28,99,78,64,142,241
02/27/2001,ABI,TX,ASW,CE,Towers with Radar,4,44,16,2,66,0,1,1,0,2,4,45,17,2,68,0,0,0,68
02/28/2001,ABI,TX,ASW,CE,Towers with Radar,0,25,10,0,35,0,1,1,0,2,0,26,11,0,37,0,0,0,37
03/01/2001,ABI,TX,ASW,CE,Towers with Radar,0,33,27,45,105,0,4,34,4,42,0,37,61,49,147,46,66,112,259
03/02/2001,ABI,TX,ASW,CE,Towers with Radar,0,43,35,20,98,0,0,18,0,18,0,43,53,20,116,14,12,26,142
03/03/2001,ABI,TX,ASW,CE,Towers with Radar,0,31,17,35,83,0,2,27,4,33,0,33,44,39,116,56,76,132,248
03/04/2001,ABI,TX,ASW,CE,Towers with Radar,2,20,11,0,33,0,1,42,4,47,2,21,53,4,80,54,2,56,136
03/05/2001,ABI,TX,ASW,CE,Towers with Radar,0,35,27,20,82,0,4,59,4,67,0,39,86,24,149,143,35,178,327
03/06/2001,ABI,TX,ASW,CE,Towers with Radar,0,37,27,16,80,0,4,44,0,48,0,41,71,16,128,106,38,144,272
03/07/2001,ABI,TX,ASW,CE,Towers with Radar,1,39,28,24,92,1,8,60,8,77,2,47,88,32,169,0,0,0,169
03/08/2001,ABI,TX,ASW,CE,Towers with Radar,0,43,19,0,62,0,1,4,2,7,0,44,23,2,69,4,18,22,91
03/09/2001,ABI,TX,ASW,CE,Towers with Radar,0,41,31,25,97,0,2,48,0,50,0,43,79,25,147,20,18,38,185
03/10/2001,ABI,TX,ASW,CE,Towers with Radar,0,23,17,14,54,0,10,98,4,112,0,33,115,18,166,52,38,90,256
03/11/2001,ABI,TX,ASW,CE,Towers with Radar,0,19,15,11,45,6,4,25,6,41,6,23,40,17,86,36,46,82,168
03/12/2001,ABI,TX,ASW,CE,Towers with Radar,0,37,28,25,90,0,4,57,23,84,0,41,85,48,174,24,114,138,312
03/13/2001,ABI,TX,ASW,CE,Towers with Radar,0,35,26,24,85,0,9,53,8,70,0,44,79,32,155,62,40,102,257
03/14/2001,ABI,TX,ASW,CE,Towers with Radar,0,45,31,11,87,0,0,28,3,31,0,45,59,14,118,10,10,20,138
03/15/2001,ABI,TX,ASW,CE,Towers with Radar,0,39,33,30,102,0,0,24,13,37,0,39,57,43,139,0,0,0,139
03/16/2001,ABI,TX,ASW,CE,Towers with Radar,0,39,26,21,86,0,15,68,9,92,0,54,94,30,178,70,44,114,292
03/17/2001,ABI,TX,ASW,CE,Towers with Radar,0,22,21,12,55,0,1,54,2,57,0,23,75,14,112,46,16,62,174
03/18/2001,ABI,TX,ASW,CE,Towers with Radar,0,19,22,3,44,0,1,14,2,17,0,20,36,5,61,14,0,14,75
03/19/2001,ABI,TX,ASW,CE,Towers with Radar,0,36,17,31,84,0,1,28,2,31,0,37,45,33,115,100,36,136,251
03/20/2001,ABI,TX,ASW,CE,Towers with Radar,0,32,22,13,67,0,10,98,6,114,0,42,120,19,181,94,26,120,301
03/21/2001,ABI,TX,ASW,CE,Towers with Radar,0,31,24,27,82,0,3,88,3,94,0,34,112,30,176,42,44,86,262
03/22/2001,ABI,TX,ASW,CE,Towers with Radar,0,35,19,58,112,0,6,65,8,79,0,41,84,66,191,24,166,190,381
03/23/2001,ABI,TX,ASW,CE,Towers with Radar,0,35,34,12,81,0,5,52,6,63,0,40,86,18,144,0,0,0,144
03/24/2001,ABI,TX,ASW,CE,Towers with Radar,0,16,11,6,33,0,12,0,0,12,0,28,11,6,45,0,4,4,49
03/25/2001,ABI,TX,ASW,CE,Towers with Radar,0,34,22,13,69,0,0,38,2,40,0,34,60,15,109,52,18,70,179
03/26/2001,ABI,TX,ASW,CE,Towers with Radar,0,33,25,4,62,0,7,26,0,33,0,40,51,4,95,46,14,60,155
03/27/2001,ABI,TX,ASW,CE,Towers with Radar,0,37,17,16,70,0,0,0,2,2,0,37,17,18,72,0,46,46,118
03/28/2001,ABI,TX,ASW,CE,Towers with Radar,0,38,34,13,85,0,0,8,0,8,0,38,42,13,93,0,0,0,93
03/29/2001,ABI,TX,ASW,CE,Towers with Radar,0,42,34,115,191,0,0,38,9,47,0,42,72,124,238,32,194,226,464
03/30/2001,ABI,TX,ASW,CE,Towers with Radar,0,39,38,28,105,0,4,42,4,50,0,43,80,32,155,28,72,100,255
03/31/2001,ABI,TX,ASW,CE,Towers with Radar,1,20,16,8,45,0,1,39,3,43,1,21,55,11,88,90,16,106,194
04/01/2001,ABI,TX,ASW,CE,Towers with Radar,0,0,3,12,15,0,22,52,0,74,0,22,55,12,89,34,22,56,145
04/02/2001,ABI,TX,ASW,CE,Towers with Radar,0,0,24,46,70,0,40,15,0,55,0,40,39,46,125,16,88,104,229
04/03/2001,ABI,TX,ASW,CE,Towers with Radar,0,0,38,45,83,0,39,6,16,61,0,39,44,61,144,84,102,186,330
04/04/2001,ABI,TX,ASW,CE,Towers with Radar,0,0,18,33,51,0,39,28,0,67,0,39,46,33,118,0,0,0,118
04/05/2001,ABI,TX,ASW,CE,Towers with Radar,0,43,46,49,138,0,0,0,35,35,0,43,46,84,173,0,0,0,173
04/06/2001,ABI,TX,ASW,CE,Towers with Radar,0,45,35,23,103,0,0,19,3,22,0,45,54,26,125,26,70,96,221
04/07/2001,ABI,TX,ASW,CE,Towers with Radar,0,0,20,9,29,0,32,57,4,93,0,32,77,13,122,28,2,30,152
04/08/2001,ABI,TX,ASW,CE,Towers with Radar,0,0,23,3,26,0,23,29,0,52,0,23,52,3,78,60,8,68,146
04/09/2001,ABI,TX,ASW,CE,Towers with Radar,0,47,29,25,101,0,0,50,20,70,0,47,79,45,171,74,86,160,331
04/10/2001,ABI,TX,ASW,CE,Towers with Radar,0,38,24,37,99,0,0,18,3,21,0,38,42,40,120,6,76,82,202
04/11/2001,ABI,TX,ASW,CE,Towers with Radar,0,48,28,18,94,0,0,21,0,21,0,48,49,18,115,0,0,0,115
04/12/2001,ABI,TX,ASW,CE,Towers with Radar,0,43,41,35,119,0,0,76,3,79,0,43,117,38,198,0,0,0,198
04/13/2001,ABI,TX,ASW,CE,Towers with Radar,0,37,25,13,75,0,16,52,0,68,0,53,77,13,143,30,24,54,197
04/14/2001,ABI,TX,ASW,CE,Towers with Radar,0,0,16,0,16,0,22,5,0,27,0,22,21,0,43,48,0,48,91
04/15/2001,ABI,TX,ASW,CE,Towers with Radar,0,0,7,2,9,0,20,40,0,60,0,20,47,2,69,0,2,2,71
04/16/2001,ABI,TX,ASW,CE,Towers with Radar,0,35,23,16,74,0,0,49,4,53,0,35,72,20,127,96,32,128,255
04/17/2001,ABI,TX,ASW,CE,Towers with Radar,0,35,20,18,73,0,19,14,3,36,0,54,34,21,109,48,74,122,231
04/18/2001,ABI,TX,ASW,CE,Towers with Radar,0,40,28,22,90,0,0,62,8,70,0,40,90,30,160,68,70,138,298
04/19/2001,ABI,TX,ASW,CE,Towers with Radar,0,34,24,6,64,0,11,50,0,61,0,45,74,6,125,4,4,8,133
04/20/2001,ABI,TX,ASW,CE,Towers with Radar,0,42,20,16,78,0,0,34,4,38,0,42,54,20,116,44,44,88,204
04/21/2001,ABI,TX,ASW,CE,Towers with Radar,2,0,14,8,24,0,25,16,5,46,2,25,30,13,70,4,18,22,92
04/22/2001,ABI,TX,ASW,CE,Towers with Radar,0,0,23,3,26,0,25,12,0,37,0,25,35,3,63,6,0,6,69
04/23/2001,ABI,TX,ASW,CE,Towers with Radar,0,11,20,9,40,0,21,38,0,59,0,32,58,9,99,30,12,42,141
04/24/2001,ABI,TX,ASW,CE,Towers with Radar,0,32,17,10,59,0,9,96,7,112,0,41,113,17,171,54,62,116,287
04/25/2001,ABI,TX,ASW,CE,Towers with Radar,0,46,23,39,108,0,0,80,6,86,0,46,103,45,194,0,0,0,194
04/26/2001,ABI,TX,ASW,CE,Towers with Radar,0,42,24,26,92,0,2,90,4,96,0,44,114,30,188,16,46,62,250
04/27/2001,ABI,TX,ASW,CE,Towers with Radar,0,34,14,23,71,0,17,59,7,83,0,51,73,30,154,16,56,72,226
04/28/2001,ABI,TX,ASW,CE,Towers with Radar,0,0,29,8,37,0,26,67,1,94,0,26,96,9,131,40,12,52,183
04/29/2001,ABI,TX,ASW,CE,Towers with Radar,0,0,22,6,28,0,24,39,0,63,0,24,61,6,91,18,10,28,119
04/30/2001,ABI,TX,ASW,CE,Towers with Radar,0,0,13,6,19,0,3,40,0,43,0,3,53,6,62,10,0,10,72
05/01/2001,ABI,TX,ASW,CE,Towers with Radar,0,0,21,20,41,0,38,33,0,71,0,38,54,20,112,2,32,34,146
05/02/2001,ABI,TX,ASW,CE,Towers with Radar,0,48,13,15,76,0,0,59,0,59,0,48,72,15,135,0,0,0,135
05/03/2001,ABI,TX,ASW,CE,Towers with Radar,0,42,25,13,80,0,1,1,0,2,0,43,26,13,82,0,0,0,82
05/04/2001,ABI,TX,ASW,CE,Towers with Radar,0,0,7,1,8,10,39,2,0,51,10,39,9,1,59,0,0,0,59
05/05/2001,ABI,TX,ASW,CE,Towers with Radar,0,0,20,14,34,5,30,17,0,52,5,30,37,14,86,20,0,20,106
05/06/2001,ABI,TX,ASW,CE,Towers with Radar,0,0,15,20,35,3,20,34,3,60,3,20,49,23,95,30,22,52,147
05/07/2001,ABI,TX,ASW,CE,Towers with Radar,0,2,27,31,60,0,0,27,18,45,0,2,54,49,105,76,78,154,259
05/08/2001,ABI,TX,ASW,CE,Towers with Radar,0,37,31,37,105,0,0,35,38,73,0,37,66,75,178,42,100,142,320
05/09/2001,ABI,TX,ASW,CE,Towers with Radar,0,45,35,43,123,0,0,82,19,101,0,45,117,62,224,0,0,0,224
05/10/2001,ABI,TX,ASW,CE,Towers with Radar,0,39,24,28,91,0,2,46,10,58,0,41,70,38,149,20,58,78,227
05/11/2001,ABI,TX,ASW,CE,Towers with Radar,0,32,23,26,81,0,6,42,13,61,0,38,65,39,142,172,44,216,358
05/12/2001,ABI,TX,ASW,CE,Towers with Radar,0,0,15,12,27,0,33,1116,0,1149,0,33,1131,12,1176,20,44,64,1240
05/13/2001,ABI,TX,ASW,CE,Towers with Radar,0,0,18,8,26,0,21,42,0,63,0,21,60,8,89,66,0,66,155
05/14/2001,ABI,TX,ASW,CE,Towers with Radar,0,36,24,28,88,0,0,59,17,76,0,36,83,45,164,37,70,107,271
05/15/2001,ABI,TX,ASW,CE,Towers with Radar,0,39,25,29,93,2,0,54,24,80,2,39,79,53,173,54,76,130,303
05/16/2001,ABI,TX,ASW,CE,Towers with Radar,0,44,22,50,116,0,0,63,11,74,0,44,85,61,190,0,0,0,190
05/17/2001,ABI,TX,ASW,CE,Towers with Radar,0,37,20,70,127,0,0,52,8,60,0,37,72,78,187,40,178,218,405
05/18/2001,ABI,TX,ASW,CE,Towers with Radar,0,39,36,42,117,2,5,57,7,71,2,44,93,49,188,98,64,162,350
05/19/2001,ABI,TX,ASW,CE,Towers with Radar,0,0,17,17,34,0,31,38,0,69,0,31,55,17,103,50,12,62,165
05/20/2001,ABI,TX,ASW,CE,Towers with Radar,0,0,13,20,33,0,28,29,3,60,0,28,42,23,93,44,34,78,171
05/21/2001,ABI,TX,ASW,CE,Towers with Radar,0,44,24,29,97,0,13,17,15,45,0,57,41,44,142,20,94,114,256
05/22/2001,ABI,TX,ASW,CE,Towers with Radar,0,29,18,24,71,0,9,67,21,97,0,38,85,45,168,110,144,254,422
05/23/2001,ABI,TX,ASW,CE,Towers with Radar,0,41,27,33,101,0,0,58,7,65,0,41,85,40,166,84,98,182,348
05/24/2001,ABI,TX,ASW,CE,Towers with Radar,0,34,24,28,86,0,17,63,16,96,0,51,87,44,182,32,104,136,318
05/25/2001,ABI,TX,ASW,CE,Towers with Radar,0,0,12,13,25,0,46,63,0,109,0,46,75,13,134,26,28,54,188
05/26/2001,ABI,TX,ASW,CE,Towers with Radar,0,0,21,2,23,0,26,40,0,66,0,26,61,2,89,50,0,50,139
05/27/2001,ABI,TX,ASW,CE,Towers with Radar,0,0,9,2,11,0,15,45,0,60,0,15,54,2,71,16,4,20,91
05/28/2001,ABI,TX,ASW,CE,Towers with Radar,0,0,11,3,14,0,20,36,0,56,0,20,47,3,70,22,2,24,94
05/29/2001,ABI,TX,ASW,CE,Towers with Radar,0,40,30,40,110,0,0,29,7,36,0,40,59,47,146,26,120,146,292
05/30/2001,ABI,TX,ASW,CE,Towers with Radar,0,46,22,36,104,0,0,26,8,34,0,46,48,44,138,0,0,0,138
05/31/2001,ABI,TX,ASW,CE,Towers with Radar,0,46,30,38,114,0,0,22,3,25,0,46,52,41,139,90,94,184,323
06/01/2001,ABI,TX,ASW,CE,Towers with Radar,0,33,0,30,63,0,8,38,0,46,0,41,38,30,109,14,58,72,181
06/02/2001,ABI,TX,ASW,CE,Towers with Radar,0,21,0,1,22,0,8,53,0,61,0,29,53,1,83,66,10,76,159
06/03/2001,ABI,TX,ASW,CE,Towers with Radar,0,22,0,23,45,0,0,43,0,43,0,22,43,23,88,4,46,50,138
06/04/2001,ABI,TX,ASW,CE,Towers with Radar,0,37,0,59,96,0,0,57,51,108,0,37,57,110,204,44,250,294,498
06/05/2001,ABI,TX,ASW,CE,Towers with Radar,0,42,0,100,142,0,0,60,0,60,0,42,60,100,202,14,290,304,506
06/06/2001,ABI,TX,ASW,CE,Towers with Radar,0,36,4,96,136,0,14,76,0,90,0,50,80,96,226,0,0,0,226
06/07/2001,ABI,TX,ASW,CE,Towers with Radar,0,30,7,53,90,0,30,57,0,87,0,60,64,53,177,40,56,96,273
06/08/2001,ABI,TX,ASW,CE,Towers with Radar,0,43,23,100,166,0,0,38,127,165,0,43,61,227,331,84,334,418,749
06/09/2001,ABI,TX,ASW,CE,Towers with Radar,0,15,1,26,42,0,11,100,0,111,0,26,101,26,153,134,48,182,335
06/10/2001,ABI,TX,ASW,CE,Towers with Radar,0,13,0,10,23,0,6,68,0,74,0,19,68,10,97,22,8,30,127
06/11/2001,ABI,TX,ASW,CE,Towers with Radar,0,14,0,36,50,0,17,80,0,97,0,31,80,36,147,34,130,164,311
06/12/2001,ABI,TX,ASW,CE,Towers with Radar,0,31,31,58,120,0,5,43,26,74,0,36,74,84,194,18,186,204,398
06/13/2001,ABI,TX,ASW,CE,Towers with Radar,0,26,33,41,100,0,8,37,2,47,0,34,70,43,147,8,68,76,223
06/14/2001,ABI,TX,ASW,CE,Towers with Radar,1,38,36,41,116,11,0,38,50,99,12,38,74,91,215,12,160,172,387
06/15/2001,ABI,TX,ASW,CE,Towers with Radar,1,42,31,47,121,5,0,64,26,95,6,42,95,73,216,80,134,214,430
06/16/2001,ABI,TX,ASW,CE,Towers with Radar,0,12,48,11,71,0,10,56,0,66,0,22,104,11,137,48,18,66,203
06/17/2001,ABI,TX,ASW,CE,Towers with Radar,0,12,35,31,78,0,5,45,0,50,0,17,80,31,128,38,48,86,214
06/18/2001,ABI,TX,ASW,CE,Towers with Radar,0,31,30,17,78,0,4,54,0,58,0,35,84,17,136,92,24,116,252
06/19/2001,ABI,TX,ASW,CE,Towers with Radar,0,39,35,40,114,0,2,53,24,79,0,41,88,64,193,90,92,182,375
06/20/2001,ABI,TX,ASW,CE,Towers with Radar,0,31,39,40,110,0,14,51,16,81,0,45,90,56,191,38,84,122,313
06/21/2001,ABI,TX,ASW,CE,Towers with Radar,3,39,35,40,117,7,3,60,6,76,10,42,95,46,193,42,71,113,306
06/22/2001,ABI,TX,ASW,CE,Towers with Radar,1,39,41,40,121,1,6,61,7,75,2,45,102,47,196,142,90,232,428
06/23/2001,ABI,TX,ASW,CE,Towers with Radar,0,28,0,12,40,0,3,43,0,46,0,31,43,12,86,104,12,116,202
06/24/2001,ABI,TX,ASW,CE,Towers with Radar,1,19,0,21,41,0,6,59,0,65,1,25,59,21,106,36,28,64,170
06/25/2001,ABI,TX,ASW,CE,Towers with Radar,1,32,23,24,80,0,5,47,0,52,1,37,70,24,132,42,42,84,216
06/26/2001,ABI,TX,ASW,CE,Towers with Radar,0,35,35,29,99,0,6,56,0,62,0,41,91,29,161,130,56,186,347
06/27/2001,ABI,TX,ASW,CE,Towers with Radar,0,32,30,40,102,0,8,51,16,75,0,40,81,56,177,0,0,0,177
06/28/2001,ABI,TX,ASW,CE,Towers with Radar,0,32,41,51,124,0,4,63,25,92,0,36,104,76,216,36,130,166,382
06/29/2001,ABI,TX,ASW,CE,Towers with Radar,0,44,49,45,138,0,0,35,0,35,0,44,84,45,173,40,60,100,273
06/30/2001,ABI,TX,ASW,CE,Towers with Radar,1,12,27,13,53,3,20,22,0,45,4,32,49,13,98,34,34,68,166
07/01/2001,ABI,TX,ASW,CE,Towers with Radar,10,15,10,19,54,0,3,34,1,38,10,18,44,20,92,42,40,82,174
07/02/2001,ABI,TX,ASW,CE,Towers with Radar,0,30,19,26,75,0,0,56,0,56,0,30,75,26,131,54,48,102,233
07/03/2001,ABI,TX,ASW,CE,Towers with Radar,0,42,33,62,137,0,0,41,35,76,0,42,74,97,213,90,248,338,551
07/04/2001,ABI,TX,ASW,CE,Towers with Radar,0,16,9,0,25,0,3,25,1,29,0,19,34,1,54,56,4,60,114
07/05/2001,ABI,TX,ASW,CE,Towers with Radar,0,21,14,12,47,0,17,43,0,60,0,38,57,12,107,46,4,50,157
07/06/2001,ABI,TX,ASW,CE,Towers with Radar,0,25,10,31,66,0,17,72,21,110,0,42,82,52,176,54,91,145,321
07/07/2001,ABI,TX,ASW,CE,Towers with Radar,0,8,5,10,23,0,18,59,5,82,0,26,64,15,105,26,46,72,177
07/08/2001,ABI,TX,ASW,CE,Towers with Radar,0,14,9,17,40,0,8,32,7,47,0,22,41,24,87,40,28,68,155
07/09/2001,ABI,TX,ASW,CE,Towers with Radar,0,29,19,35,83,0,0,51,6,57,0,29,70,41,140,44,62,106,246
07/10/2001,ABI,TX,ASW,CE,Towers with Radar,0,36,24,46,106,0,15,44,15,74,0,51,68,61,180,50,78,128,308
07/11/2001,ABI,TX,ASW,CE,Towers with Radar,0,42,27,52,121,0,11,60,2,73,0,53,87,54,194,108,88,196,390
07/12/2001,ABI,TX,ASW,CE,Towers with Radar,0,28,18,35,81,0,13,71,6,90,0,41,89,41,171,68,124,192,363
07/13/2001,ABI,TX,ASW,CE,Towers with Radar,0,34,13,55,102,0,8,56,6,70,0,42,69,61,172,38,102,140,312
07/14/2001,ABI,TX,ASW,CE,Towers with Radar,0,27,20,5,52,0,3,30,2,35,0,30,50,7,87,40,8,48,135
07/15/2001,ABI,TX,ASW,CE,Towers with Radar,0,14,15,8,37,0,1,41,2,44,0,15,56,10,81,32,22,54,135
07/16/2001,ABI,TX,ASW,CE,Towers with Radar,0,31,21,36,88,0,5,77,0,82,0,36,98,36,170,26,130,156,326
07/17/2001,ABI,TX,ASW,CE,Towers with Radar,0,30,26,39,95,0,8,40,7,55,0,38,66,46,150,148,118,266,416
07/18/2001,ABI,TX,ASW,CE,Towers with Radar,0,39,25,46,110,2,10,65,0,77,2,49,90,46,187,42,118,160,347
07/19/2001,ABI,TX,ASW,CE,Towers with Radar,0,38,24,44,106,0,10,65,0,75,0,48,89,44,181,36,138,174,355
07/20/2001,ABI,TX,ASW,CE,Towers with Radar,0,34,10,96,140,0,8,60,7,75,0,42,70,103,215,58,228,286,501
07/21/2001,ABI,TX,ASW,CE,Towers with Radar,0,23,15,3,41,0,2,55,4,61,0,25,70,7,102,16,0,16,118
07/22/2001,ABI,TX,ASW,CE,Towers with Radar,0,14,8,16,38,0,7,51,2,60,0,21,59,18,98,38,18,56,154
07/23/2001,ABI,TX,ASW,CE,Towers with Radar,0,24,14,20,58,0,10,48,0,58,0,34,62,20,116,114,14,128,244
07/24/2001,ABI,TX,ASW,CE,Towers with Radar,0,34,21,41,96,0,6,38,0,44,0,40,59,41,140,38,94,132,272
07/25/2001,ABI,TX,ASW,CE,Towers with Radar,0,38,29,53,120,0,0,69,0,69,0,38,98,53,189,58,102,160,349
07/26/2001,ABI,TX,ASW,CE,Towers with Radar,0,33,27,50,110,0,0,57,0,57,0,33,84,50,167,44,112,156,323
07/27/2001,ABI,TX,ASW,CE,Towers with Radar,0,28,33,90,151,0,12,42,5,59,0,40,75,95,210,66,102,168,378
07/28/2001,ABI,TX,ASW,CE,Towers with Radar,0,11,7,2,20,0,15,51,0,66,0,26,58,2,86,74,2,76,162
07/29/2001,ABI,TX,ASW,CE,Towers with Radar,0,17,20,6,43,0,1,42,4,47,0,18,62,10,90,54,36,90,180
07/30/2001,ABI,TX,ASW,CE,Towers with Radar,0,35,23,42,100,0,4,49,22,75,0,39,72,64,175,116,126,242,417
07/31/2001,ABI,TX,ASW,CE,Towers with Radar,0,28,20,30,78,0,0,68,0,68,0,28,88,30,146,52,134,186,332
08/01/2001,ABI,TX,ASW,CE,Towers with Radar,0,46,33,40,119,0,4,67,8,79,0,50,100,48,198,0,0,0,198
08/02/2001,ABI,TX,ASW,CE,Towers with Radar,0,37,26,26,89,0,8,29,0,37,0,45,55,26,126,84,46,130,256
08/03/2001,ABI,TX,ASW,CE,Towers with Radar,0,37,31,36,104,0,6,50,1,57,0,43,81,37,161,86,82,168,329
08/04/2001,ABI,TX,ASW,CE,Towers with Radar,0,38,10,25,73,0,9,45,0,54,0,47,55,25,127,94,56,150,277
08/05/2001,ABI,TX,ASW,CE,Towers with Radar,0,14,10,16,40,0,10,65,15,90,0,24,75,31,130,36,24,60,190
08/06/2001,ABI,TX,ASW,CE,Towers with Radar,4,30,20,25,79,0,5,28,2,35,4,35,48,27,114,0,0,0,114
08/07/2001,ABI,TX,ASW,CE,Towers with Radar,0,37,26,28,91,0,1,21,0,22,0,38,47,28,113,54,38,92,205
08/08/2001,ABI,TX,ASW,CE,Towers with Radar,0,39,28,37,104,0,5,65,9,79,0,44,93,46,183,0,0,0,183
08/09/2001,ABI,TX,ASW,CE,Towers with Radar,0,31,22,29,82,0,4,69,46,119,0,35,91,75,201,80,98,178,379
08/10/2001,ABI,TX,ASW,CE,Towers with Radar,2,32,15,40,89,0,8,40,0,48,2,40,55,40,137,3,84,87,224
08/11/2001,ABI,TX,ASW,CE,Towers with Radar,0,12,9,12,33,4,11,61,0,76,4,23,70,12,109,46,24,70,179
08/12/2001,ABI,TX,ASW,CE,Towers with Radar,0,20,10,11,41,0,2,31,0,33,0,22,41,11,74,6,16,22,96
08/13/2001,ABI,TX,ASW,CE,Towers with Radar,2,35,31,31,99,0,19,55,3,77,2,54,86,34,176,54,110,164,340
08/14/2001,ABI,TX,ASW,CE,Towers with Radar,0,32,30,16,78,0,10,50,0,60,0,42,80,16,138,40,18,58,196
08/15/2001,ABI,TX,ASW,CE,Towers with Radar,0,38,34,38,110,0,0,42,0,42,0,38,76,38,152,0,0,0,152
08/16/2001,ABI,TX,ASW,CE,Towers with Radar,2,35,31,48,116,0,8,30,0,38,2,43,61,48,154,46,46,92,246
08/17/2001,ABI,TX,ASW,CE,Towers with Radar,0,36,40,18,94,0,4,33,1,38,0,40,73,19,132,34,20,54,186
08/18/2001,ABI,TX,ASW,CE,Towers with Radar,0,19,28,0,47,0,3,47,3,53,0,22,75,3,100,8,0,8,108
08/19/2001,ABI,TX,ASW,CE,Towers with Radar,0,18,13,2,33,0,2,46,0,48,0,20,59,2,81,50,0,50,131
08/20/2001,ABI,TX,ASW,CE,Towers with Radar,0,24,15,21,60,0,15,52,9,76,0,39,67,30,136,46,134,180,316
08/21/2001,ABI,TX,ASW,CE,Towers with Radar,0,43,27,42,112,0,14,61,13,88,0,57,88,55,200,44,70,114,314
08/22/2001,ABI,TX,ASW,CE,Towers with Radar,0,43,17,35,95,0,7,44,5,56,0,50,61,40,151,0,0,0,151
08/23/2001,ABI,TX,ASW,CE,Towers with Radar,0,36,12,44,92,0,6,54,2,62,0,42,66,46,154,73,134,207,361
08/24/2001,ABI,TX,ASW,CE,Towers with Radar,0,40,14,32,86,0,7,65,5,77,0,47,79,37,163,72,74,146,309
08/25/2001,ABI,TX,ASW,CE,Towers with Radar,0,26,21,13,60,0,3,55,1,59,0,29,76,14,119,76,12,88,207
08/26/2001,ABI,TX,ASW,CE,Towers with Radar,0,17,14,6,37,0,1,16,0,17,0,18,30,6,54,16,0,16,70
08/27/2001,ABI,TX,ASW,CE,Towers with Radar,0,36,25,31,92,0,3,22,6,31,0,39,47,37,123,46,46,92,215
08/28/2001,ABI,TX,ASW,CE,Towers with Radar,0,32,22,11,65,0,4,21,0,25,0,36,43,11,90,12,22,34,124
08/29/2001,ABI,TX,ASW,CE,Towers with Radar,0,40,34,42,116,0,0,49,4,53,0,40,83,46,169,0,0,0,169
08/30/2001,ABI,TX,ASW,CE,Towers with Radar,0,43,35,21,99,0,0,38,0,38,0,43,73,21,137,50,24,74,211
08/31/2001,ABI,TX,ASW,CE,Towers with Radar,0,42,39,27,108,0,6,36,0,42,0,48,75,27,150,16,56,72,222
09/01/2001,ABI,TX,ASW,CE,Towers with Radar,1,0,26,38,65,1,51,50,15,117,2,51,76,53,182,14,66,80,262
09/02/2001,ABI,TX,ASW,CE,Towers with Radar,0,0,5,2,7,0,37,62,0,99,0,37,67,2,106,8,0,8,114
09/03/2001,ABI,TX,ASW,CE,Towers with Radar,0,0,0,3,3,0,21,65,0,86,0,21,65,3,89,30,6,36,125
09/04/2001,ABI,TX,ASW,CE,Towers with Radar,0,0,6,11,17,0,27,76,0,103,0,27,82,11,120,48,16,64,184
09/05/2001,ABI,TX,ASW,CE,Towers with Radar,1,0,20,29,50,1,31,69,0,101,2,31,89,29,151,40,80,120,271
09/06/2001,ABI,TX,ASW,CE,Towers with Radar,0,0,33,26,59,0,50,48,0,98,0,50,81,26,157,12,28,40,197
09/07/2001,ABI,TX,ASW,CE,Towers with Radar,1,0,20,49,70,1,40,0,9,50,2,40,20,58,120,6,60,66,186
09/08/2001,ABI,TX,ASW,CE,Towers with Radar,0,0,30,43,73,0,46,55,8,109,0,46,85,51,182,48,106,154,336
09/09/2001,ABI,TX,ASW,CE,Towers with Radar,0,0,16,25,41,0,36,72,4,112,0,36,88,29,153,82,36,118,271
09/10/2001,ABI,TX,ASW,CE,Towers with Radar,0,0,10,17,27,0,24,65,6,95,0,24,75,23,122,44,34,78,200
09/11/2001,ABI,TX,ASW,CE,Towers with Radar,0,0,18,26,44,0,29,41,3,73,0,29,59,29,117,8,46,54,171
09/12/2001,ABI,TX,ASW,CE,Towers with Radar,1,0,24,32,57,1,47,45,0,93,2,47,69,32,150,24,42,66,216
09/13/2001,ABI,TX,ASW,CE,Towers with Radar,0,0,25,22,47,0,47,37,0,84,0,47,62,22,131,32,40,72,203
09/14/2001,ABI,TX,ASW,CE,Towers with Radar,0,0,31,44,75,0,43,49,1,93,0,43,80,45,168,56,150,206,374
09/15/2001,ABI,TX,ASW,CE,Towers with Radar,0,0,29,18,47,0,48,72,0,120,0,48,101,18,167,18,50,68,235
09/16/2001,ABI,TX,ASW,CE,Towers with Radar,1,0,9,6,16,1,28,69,2,100,2,28,78,8,116,30,36,66,182
09/17/2001,ABI,TX,ASW,CE,Towers with Radar,1,22,14,12,49,3,0,63,26,92,4,22,77,38,141,32,30,62,203
09/18/2001,ABI,TX,ASW,CE,Towers with Radar,0,35,30,32,97,0,0,51,18,69,0,35,81,50,166,40,140,180,346
09/19/2001,ABI,TX,ASW,CE,Towers with Radar,0,41,26,27,94,0,0,60,0,60,0,41,86,27,154,44,72,116,270
09/20/2001,ABI,TX,ASW,CE,Towers with Radar,0,39,31,35,105,0,0,54,15,69,0,39,85,50,174,46,56,102,276
09/21/2001,ABI,TX,ASW,CE,Towers with Radar,0,40,34,39,113,0,0,36,21,57,0,40,70,60,170,40,212,252,422
09/22/2001,ABI,TX,ASW,CE,Towers with Radar,0,51,33,37,121,0,0,62,6,68,0,51,95,43,189,42,142,184,373
09/23/2001,ABI,TX,ASW,CE,Towers with Radar,0,5,11,9,25,2,27,36,4,69,2,32,47,13,94,50,34,84,178
09/24/2001,ABI,TX,ASW,CE,Towers with Radar,0,1,10,5,16,0,21,32,0,53,0,22,42,5,69,8,2,10,79
09/25/2001,ABI,TX,ASW,CE,Towers with Radar,0,37,27,30,94,0,0,37,10,47,0,37,64,40,141,48,64,112,253
09/26/2001,ABI,TX,ASW,CE,Towers with Radar,0,41,29,32,102,2,0,55,12,69,2,41,84,44,171,74,110,184,355
09/27/2001,ABI,TX,ASW,CE,Towers with Radar,0,37,29,31,97,0,0,59,8,67,0,37,88,39,164,36,78,114,278
09/28/2001,ABI,TX,ASW,CE,Towers with Radar,0,37,23,24,84,0,0,87,13,100,0,37,110,37,184,34,74,108,292
09/29/2001,ABI,TX,ASW,CE,Towers with Radar,0,22,14,2,38,0,25,116,0,141,0,47,130,2,179,2,0,2,181
09/30/2001,ABI,TX,ASW,CE,Towers with Radar,0,0,8,4,12,0,32,58,0,90,0,32,66,4,102,14,8,22,124
10/01/2001,ABI,TX,ASW,CE,Towers with Radar,0,0,28,22,50,0,27,49,0,76,0,27,77,22,126,50,102,152,278
10/02/2001,ABI,TX,ASW,CE,Towers with Radar,0,0,33,21,54,0,33,37,0,70,0,33,70,21,124,100,30,130,254
10/03/2001,ABI,TX,ASW,CE,Towers with Radar,0,0,35,60,95,0,33,60,0,93,0,33,95,60,188,78,106,184,372
10/04/2001,ABI,TX,ASW,CE,Towers with Radar,0,0,21,35,56,0,36,41,0,77,0,36,62,35,133,60,118,178,311
10/05/2001,ABI,TX,ASW,CE,Towers with Radar,0,0,8,0,8,0,25,55,0,80,0,25,63,0,88,18,0,18,106
10/06/2001,ABI,TX,ASW,CE,Towers with Radar,2,0,17,10,29,0,20,77,0,97,2,20,94,10,126,88,12,100,226
10/07/2001,ABI,TX,ASW,CE,Towers with Radar,0,0,17,0,17,0,13,63,0,76,0,13,80,0,93,42,2,44,137
10/08/2001,ABI,TX,ASW,CE,Towers with Radar,0,0,30,23,53,0,46,12,0,58,0,46,42,23,111,30,20,50,161
10/09/2001,ABI,TX,ASW,CE,Towers with Radar,0,0,21,2,23,0,40,21,0,61,0,40,42,2,84,15,8,23,107
10/10/2001,ABI,TX,ASW,CE,Towers with Radar,0,0,26,7,33,0,35,15,0,50,0,35,41,7,83,0,0,0,83
10/11/2001,ABI,TX,ASW,CE,Towers with Radar,0,0,38,41,79,0,34,36,0,70,0,34,74,41,149,186,66,252,401
10/12/2001,ABI,TX,ASW,CE,Towers with Radar,4,0,48,43,95,0,39,1,0,40,4,39,49,43,135,90,44,134,269
10/13/2001,ABI,TX,ASW,CE,Towers with Radar,0,7,13,7,27,0,14,42,9,65,0,21,55,16,92,26,18,44,136
10/14/2001,ABI,TX,ASW,CE,Towers with Radar,0,4,17,10,31,0,11,49,6,66,0,15,66,16,97,28,38,66,163
10/15/2001,ABI,TX,ASW,CE,Towers with Radar,0,10,26,19,55,0,17,27,11,55,0,27,53,30,110,14,106,120,230
10/16/2001,ABI,TX,ASW,CE,Towers with Radar,0,32,33,26,91,0,0,58,17,75,0,32,91,43,166,98,100,198,364
10/17/2001,ABI,TX,ASW,CE,Towers with Radar,0,32,38,29,99,0,0,69,17,86,0,32,107,46,185,0,0,0,185
10/18/2001,ABI,TX,ASW,CE,Towers with Radar,0,32,29,22,83,0,0,39,10,49,0,32,68,32,132,50,62,112,244
10/19/2001,ABI,TX,ASW,CE,Towers with Radar,0,38,28,21,87,0,0,74,25,99,0,38,102,46,186,60,92,152,338
10/20/2001,ABI,TX,ASW,CE,Towers with Radar,0,0,24,21,45,0,22,55,9,86,0,22,79,30,131,58,42,100,231
10/21/2001,ABI,TX,ASW,CE,Towers with Radar,0,0,22,14,36,0,16,44,7,67,0,16,66,21,103,22,48,70,173
10/22/2001,ABI,TX,ASW,CE,Towers with Radar,0,22,23,15,60,0,1,43,3,47,0,23,66,18,107,34,56,90,197
10/23/2001,ABI,TX,ASW,CE,Towers with Radar,0,34,37,30,101,0,0,38,11,49,0,34,75,41,150,66,58,124,274
10/24/2001,ABI,TX,ASW,CE,Towers with Radar,0,33,38,31,102,0,0,23,12,35,0,33,61,43,137,0,0,0,137
10/25/2001,ABI,TX,ASW,CE,Towers with Radar,0,35,43,36,114,0,0,45,39,84,0,35,88,75,198,50,256,306,504
10/26/2001,ABI,TX,ASW,CE,Towers with Radar,0,37,29,22,88,0,0,68,16,84,0,37,97,38,172,46,156,202,374
10/27/2001,ABI,TX,ASW,CE,Towers with Radar,0,0,11,5,16,0,18,55,0,73,0,18,66,5,89,26,2,28,117
10/28/2001,ABI,TX,ASW,CE,Towers with Radar,0,10,20,9,39,0,8,23,0,31,0,18,43,9,70,12,20,32,102
10/29/2001,ABI,TX,ASW,CE,Towers with Radar,0,25,30,21,76,0,0,42,0,42,0,25,72,21,118,58,56,114,232
10/30/2001,ABI,TX,ASW,CE,Towers with Radar,0,57,38,30,125,0,0,33,7,40,0,57,71,37,165,180,74,254,419
10/31/2001,ABI,TX,ASW,CE,Towers with Radar,0,73,45,37,155,0,0,17,30,47,0,73,62,67,202,84,128,212,414
11/01/2001,ABI,TX,ASW,CE,Towers with Radar,0,58,29,32,119,0,23,42,1,66,0,81,71,33,185,114,80,194,379
11/02/2001,ABI,TX,ASW,CE,Towers with Radar,0,32,32,29,93,12,10,33,7,62,12,42,65,36,155,68,62,130,285
11/03/2001,ABI,TX,ASW,CE,Towers with Radar,0,10,17,17,44,28,9,46,5,88,28,19,63,22,132,158,86,244,376
11/04/2001,ABI,TX,ASW,CE,Towers with Radar,0,34,16,0,50,8,9,35,0,52,8,43,51,0,102,62,4,66,168
11/05/2001,ABI,TX,ASW,CE,Towers with Radar,0,29,30,11,70,7,17,7,0,31,7,46,37,11,101,82,26,108,209
11/06/2001,ABI,TX,ASW,CE,Towers with Radar,0,25,13,64,102,7,10,48,2,67,7,35,61,66,169,0,0,0,169
11/07/2001,ABI,TX,ASW,CE,Towers with Radar,0,31,32,28,91,2,0,4,21,27,2,31,36,49,118,30,48,78,196
11/08/2001,ABI,TX,ASW,CE,Towers with Radar,0,14,25,29,68,0,19,26,3,48,0,33,51,32,116,82,188,270,386
11/09/2001,ABI,TX,ASW,CE,Towers with Radar,0,35,35,30,100,0,7,19,7,33,0,42,54,37,133,96,104,200,333
11/10/2001,ABI,TX,ASW,CE,Towers with Radar,0,10,26,0,36,0,16,45,0,61,0,26,71,0,97,34,0,34,131
11/11/2001,ABI,TX,ASW,CE,Towers with Radar,0,1,17,10,28,2,14,17,0,33,2,15,34,10,61,20,14,34,95
11/12/2001,ABI,TX,ASW,CE,Towers with Radar,0,7,31,1,39,0,18,27,0,45,0,25,58,1,84,68,0,68,152
11/13/2001,ABI,TX,ASW,CE,Towers with Radar,0,19,32,5,56,0,17,22,0,39,0,36,54,5,95,44,28,72,167
11/14/2001,ABI,TX,ASW,CE,Towers with Radar,0,22,26,23,71,0,12,22,2,36,0,34,48,25,107,0,0,0,107
11/15/2001,ABI,TX,ASW,CE,Towers with Radar,0,14,20,7,41,4,19,1,0,24,4,33,21,7,65,4,6,10,75
11/16/2001,ABI,TX,ASW,CE,Towers with Radar,0,28,38,47,113,2,13,11,0,26,2,41,49,47,139,38,44,82,221
11/17/2001,ABI,TX,ASW,CE,Towers with Radar,0,14,11,2,27,2,3,9,0,14,2,17,20,2,41,16,0,16,57
11/18/2001,ABI,TX,ASW,CE,Towers with Radar,0,21,18,0,39,0,0,30,0,30,0,21,48,0,69,34,0,34,103
11/19/2001,ABI,TX,ASW,CE,Towers with Radar,5,24,31,25,85,0,0,12,11,23,5,24,43,36,108,42,52,94,202
11/20/2001,ABI,TX,ASW,CE,Towers with Radar,13,37,36,29,115,0,0,56,24,80,13,37,92,53,195,128,28,156,351
11/21/2001,ABI,TX,ASW,CE,Towers with Radar,1,32,25,19,77,0,6,63,0,69,1,38,88,19,146,76,18,94,240
11/22/2001,ABI,TX,ASW,CE,Towers with Radar,0,1,9,0,10,0,13,49,0,62,0,14,58,0,72,52,0,52,124
11/23/2001,ABI,TX,ASW,CE,Towers with Radar,0,28,12,0,40,2,5,34,0,41,2,33,46,0,81,28,0,28,109
11/24/2001,ABI,TX,ASW,CE,Towers with Radar,0,13,15,0,28,0,4,80,0,84,0,17,95,0,112,120,0,120,232
11/25/2001,ABI,TX,ASW,CE,Towers with Radar,0,18,29,0,47,0,2,42,0,44,0,20,71,0,91,18,0,18,109
11/26/2001,ABI,TX,ASW,CE,Towers with Radar,0,33,26,60,119,0,0,36,4,40,0,33,62,64,159,80,178,258,417
11/27/2001,ABI,TX,ASW,CE,Towers with Radar,0,27,3,2,32,0,0,4,0,4,0,27,7,2,36,0,0,0,36
11/28/2001,ABI,TX,ASW,CE,Towers with Radar,0,0,0,0,0,0,0,0,0,0,0,0,0,0,0,0,0,0,0
11/29/2001,ABI,TX,ASW,CE,Towers with Radar,0,22,17,14,53,0,6,22,1,29,0,28,39,15,82,34,28,62,144
11/30/2001,ABI,TX,ASW,CE,Towers with Radar,0,43,24,21,88,0,0,69,3,72,0,43,93,24,160,56,66,122,282
12/01/2001,ABI,TX,ASW,CE,Towers with Radar,0,15,13,10,38,0,8,42,2,52,0,23,55,12,90,86,18,104,194
12/02/2001,ABI,TX,ASW,CE,Towers with Radar,1,18,24,20,63,0,2,22,1,25,1,20,46,21,88,26,26,52,140
12/03/2001,ABI,TX,ASW,CE,Towers with Radar,0,4,7,3,14,0,27,38,46,111,0,31,45,49,125,24,102,126,251
12/04/2001,ABI,TX,ASW,CE,Towers with Radar,0,30,63,50,143,0,0,6,55,61,0,30,69,105,204,10,318,328,532
12/05/2001,ABI,TX,ASW,CE,Towers with Radar,0,24,28,73,125,0,8,35,10,53,0,32,63,83,178,34,334,368,546
12/06/2001,ABI,TX,ASW,CE,Towers with Radar,0,29,36,34,99,0,7,46,1,54,0,36,82,35,153,84,34,118,271
12/07/2001,ABI,TX,ASW,CE,Towers with Radar,0,28,33,40,101,0,7,38,1,46,0,35,71,41,147,50,56,106,253
12/08/2001,ABI,TX,ASW,CE,Towers with Radar,0,13,18,14,45,0,2,32,5,39,0,15,50,19,84,14,38,52,136
12/09/2001,ABI,TX,ASW,CE,Towers with Radar,0,9,12,6,27,0,3,32,3,38,0,12,44,9,65,36,52,88,153
12/10/2001,ABI,TX,ASW,CE,Towers with Radar,0,24,28,21,73,0,6,36,8,50,0,30,64,29,123,28,62,90,213
12/11/2001,ABI,TX,ASW,CE,Towers with Radar,0,27,30,4,61,0,5,1,0,6,0,32,31,4,67,10,18,28,95
12/12/2001,ABI,TX,ASW,CE,Towers with Radar,0,43,49,35,127,0,0,9,0,9,0,43,58,35,136,0,0,0,136
12/13/2001,ABI,TX,ASW,CE,Towers with Radar,0,55,34,24,113,0,3,13,2,18,0,58,47,26,131,84,18,102,233
12/14/2001,ABI,TX,ASW,CE,Towers with Radar,0,30,34,26,90,0,11,39,2,52,0,41,73,28,142,88,46,134,276
12/15/2001,ABI,TX,ASW,CE,Towers with Radar,0,21,24,16,61,0,20,13,0,33,0,41,37,16,94,52,18,70,164
12/16/2001,ABI,TX,ASW,CE,Towers with Radar,2,10,18,0,30,0,2,0,1,3,2,12,18,1,33,0,0,0,33
12/17/2001,ABI,TX,ASW,CE,Towers with Radar,0,19,12,47,78,0,6,146,2,154,0,25,158,49,232,44,132,176,408
12/18/2001,ABI,TX,ASW,CE,Towers with Radar,0,40,24,55,119,0,4,51,5,60,0,44,75,60,179,56,198,254,433
12/19/2001,ABI,TX,ASW,CE,Towers with Radar,0,18,20,13,51,0,18,55,31,104,0,36,75,44,155,78,134,212,367
12/20/2001,ABI,TX,ASW,CE,Towers with Radar,0,27,29,21,77,0,14,85,13,112,0,41,114,34,189,118,148,266,455
12/21/2001,ABI,TX,ASW,CE,Towers with Radar,0,17,19,6,42,0,21,19,0,40,0,38,38,6,82,38,8,46,128
12/22/2001,ABI,TX,ASW,CE,Towers with Radar,0,16,18,0,34,0,5,38,0,43,0,21,56,0,77,18,0,18,95
12/23/2001,ABI,TX,ASW,CE,Towers with Radar,0,7,9,0,16,0,8,30,0,38,0,15,39,0,54,10,0,10,64
12/24/2001,ABI,TX,ASW,CE,Towers with Radar,0,16,12,0,28,0,6,46,0,52,0,22,58,0,80,28,0,28,108
12/25/2001,ABI,TX,ASW,CE,Towers with Radar,0,12,5,0,17,0,2,17,0,19,0,14,22,0,36,0,0,0,36
12/26/2001,ABI,TX,ASW,CE,Towers with Radar,0,24,9,2,35,0,8,53,2,63,0,32,62,4,98,56,4,60,158
12/27/2001,ABI,TX,ASW,CE,Towers with Radar,0,30,21,4,55,0,4,50,5,59,0,34,71,9,114,30,8,38,152
12/28/2001,ABI,TX,ASW,CE,Towers with Radar,0,31,33,29,93,0,8,48,3,59,0,39,81,32,152,38,30,68,220
12/29/2001,ABI,TX,ASW,CE,Towers with Radar,2,24,26,0,52,0,1,36,0,37,2,25,62,0,89,76,0,76,165
12/30/2001,ABI,TX,ASW,CE,Towers with Radar,0,19,25,0,44,0,4,19,0,23,0,23,44,0,67,16,0,16,83
12/31/2001,ABI,TX,ASW,CE,Towers with Radar,0,19,10,0,29,0,2,17,0,19,0,21,27,0,48,20,0,20,68
01/01/2002,ABI,TX,ASW,CE,Towers with Radar,0,47,34,39,120,0,3,66,9,78,0,50,100,48,198,0,0,0,198
01/02/2002,ABI,TX,ASW,CE,Towers with Radar,0,37,27,26,90,0,8,28,0,36,0,45,55,26,126,84,46,130,256
01/03/2002,ABI,TX,ASW,CE,Towers with Radar,0,34,25,29,88,0,9,56,8,73,0,43,81,37,161,86,82,168,329
01/04/2002,ABI,TX,ASW,CE,Towers with Radar,0,18,13,15,46,0,29,42,10,81,0,47,55,25,127,94,56,150,277
01/05/2002,ABI,TX,ASW,CE,Towers with Radar,0,15,11,13,39,0,9,64,18,91,0,24,75,31,130,36,24,60,190
01/06/2002,ABI,TX,ASW,CE,Towers with Radar,1,33,24,27,85,3,2,24,0,29,4,35,48,27,114,0,0,0,114
01/07/2002,ABI,TX,ASW,CE,Towers with Radar,0,38,27,28,93,0,0,20,0,20,0,38,47,28,113,54,38,92,205
01/08/2002,ABI,TX,ASW,CE,Towers with Radar,0,40,29,34,103,0,4,64,12,80,0,44,93,46,183,0,0,0,183
01/09/2002,ABI,TX,ASW,CE,Towers with Radar,0,32,23,26,81,0,3,68,49,120,0,35,91,75,201,80,98,178,379
01/10/2002,ABI,TX,ASW,CE,Towers with Radar,1,37,27,31,96,1,3,28,9,41,2,40,55,40,137,3,84,87,224
01/11/2002,ABI,TX,ASW,CE,Towers with Radar,1,13,10,11,35,3,10,60,1,74,4,23,70,12,109,46,24,70,179
01/12/2002,ABI,TX,ASW,CE,Towers with Radar,0,15,11,11,37,0,7,30,0,37,0,22,41,11,74,6,16,22,96
01/13/2002,ABI,TX,ASW,CE,Towers with Radar,1,32,23,27,83,1,22,63,7,93,2,54,86,34,176,54,110,164,340
01/14/2002,ABI,TX,ASW,CE,Towers with Radar,0,34,25,16,75,0,8,55,0,63,0,42,80,16,138,40,18,58,196
01/15/2002,ABI,TX,ASW,CE,Towers with Radar,0,38,35,38,111,0,0,41,0,41,0,38,76,38,152,0,0,0,152
01/16/2002,ABI,TX,ASW,CE,Towers with Radar,0,42,29,35,106,2,1,32,13,48,2,43,61,48,154,46,46,92,246
01/17/2002,ABI,TX,ASW,CE,Towers with Radar,0,33,22,19,74,0,7,51,0,58,0,40,73,19,132,34,20,54,186
01/18/2002,ABI,TX,ASW,CE,Towers with Radar,0,19,12,3,34,0,3,63,0,66,0,22,75,3,100,8,0,8,108
01/19/2002,ABI,TX,ASW,CE,Towers with Radar,0,16,10,2,28,0,4,49,0,53,0,20,59,2,81,50,0,50,131
01/20/2002,ABI,TX,ASW,CE,Towers with Radar,0,25,16,21,62,0,14,51,9,74,0,39,67,30,136,46,134,180,316
01/21/2002,ABI,TX,ASW,CE,Towers with Radar,0,47,32,40,119,0,10,56,15,81,0,57,88,55,200,44,70,114,314
01/22/2002,ABI,TX,ASW,CE,Towers with Radar,0,50,34,40,124,0,0,27,0,27,0,50,61,40,151,0,0,0,151
01/23/2002,ABI,TX,ASW,CE,Towers with Radar,0,42,29,36,107,0,0,37,10,47,0,42,66,46,154,73,134,207,361
01/24/2002,ABI,TX,ASW,CE,Towers with Radar,0,38,26,32,96,0,9,53,5,67,0,47,79,37,163,72,74,146,309
01/25/2002,ABI,TX,ASW,CE,Towers with Radar,0,16,10,13,39,0,13,66,1,80,0,29,76,14,119,76,12,88,207
01/26/2002,ABI,TX,ASW,CE,Towers with Radar,0,14,9,6,29,0,4,21,0,25,0,18,30,6,54,16,0,16,70
01/27/2002,ABI,TX,ASW,CE,Towers with Radar,0,37,25,31,93,0,2,22,6,30,0,39,47,37,123,46,46,92,215
01/28/2002,ABI,TX,ASW,CE,Towers with Radar,0,33,22,11,66,0,3,21,0,24,0,36,43,11,90,12,22,34,124
01/29/2002,ABI,TX,ASW,CE,Towers with Radar,0,40,34,42,116,0,0,49,4,53,0,40,83,46,169,0,0,0,169
01/30/2002,ABI,TX,ASW,CE,Towers with Radar,0,43,36,21,100,0,0,37,0,37,0,43,73,21,137,50,24,74,211
01/31/2002,ABI,TX,ASW,CE,Towers with Radar,0,46,32,27,105,0,2,43,0,45,0,48,75,27,150,16,56,72,222
02/01/2002,ABI,TX,ASW,CE,Towers with Radar,0,27,34,11,72,0,12,49,8,69,0,39,83,19,141,76,10,86,227
02/02/2002,ABI,TX,ASW,CE,Towers with Radar,0,12,7,2,21,0,5,46,0,51,0,17,53,2,72,0,0,0,72
02/03/2002,ABI,TX,ASW,CE,Towers with Radar,2,13,7,2,24,0,2,27,0,29,2,15,34,2,53,4,0,4,57
02/04/2002,ABI,TX,ASW,CE,Towers with Radar,0,26,20,19,65,0,0,7,0,7,0,26,27,19,72,10,16,26,98
02/05/2002,ABI,TX,ASW,CE,Towers with Radar,0,25,17,8,50,0,1,2,1,4,0,26,19,9,54,0,6,6,60
02/06/2002,ABI,TX,ASW,CE,Towers with Radar,0,24,19,25,68,2,18,15,2,37,2,42,34,27,105,36,66,102,207
02/07/2002,ABI,TX,ASW,CE,Towers with Radar,0,23,23,44,90,0,9,63,8,80,0,32,86,52,170,58,100,158,328
02/08/2002,ABI,TX,ASW,CE,Towers with Radar,0,38,16,51,105,0,6,62,8,76,0,44,78,59,181,20,106,126,307
02/09/2002,ABI,TX,ASW,CE,Towers with Radar,0,17,13,39,69,0,8,41,4,53,0,25,54,43,122,6,66,72,194
02/10/2002,ABI,TX,ASW,CE,Towers with Radar,0,16,11,19,46,0,1,19,3,23,0,17,30,22,69,2,52,54,123
02/11/2002,ABI,TX,ASW,CE,Towers with Radar,0,19,22,32,73,0,9,28,6,43,0,28,50,38,116,0,0,0,116
02/12/2002,ABI,TX,ASW,CE,Towers with Radar,2,25,19,23,69,0,14,43,2,59,2,39,62,25,128,60,64,124,252
02/13/2002,ABI,TX,ASW,CE,Towers with Radar,0,34,28,35,97,0,9,45,7,61,0,43,73,42,158,46,44,90,248
02/14/2002,ABI,TX,ASW,CE,Towers with Radar,0,33,27,35,95,0,5,38,8,51,0,38,65,43,146,50,54,104,250
02/15/2002,ABI,TX,ASW,CE,Towers with Radar,0,30,26,21,77,0,6,46,6,58,0,36,72,27,135,8,40,48,183
02/16/2002,ABI,TX,ASW,CE,Towers with Radar,0,18,25,2,45,0,3,64,1,68,0,21,89,3,113,102,0,102,215
02/17/2002,ABI,TX,ASW,CE,Towers with Radar,0,13,10,9,32,0,2,49,0,51,0,15,59,9,83,36,14,50,133
02/18/2002,ABI,TX,ASW,CE,Towers with Radar,0,27,24,4,55,0,4,24,2,30,0,31,48,6,85,4,2,6,91
02/19/2002,ABI,TX,ASW,CE,Towers with Radar,0,33,18,32,83,0,7,27,4,38,0,40,45,36,121,22,20,42,163
02/20/2002,ABI,TX,ASW,CE,Towers with Radar,0,35,29,29,93,0,8,52,0,60,0,43,81,29,153,40,42,82,235
02/21/2002,ABI,TX,ASW,CE,Towers with Radar,0,36,37,47,120,0,8,36,0,44,0,44,73,47,164,32,60,92,256
02/22/2002,ABI,TX,ASW,CE,Towers with Radar,0,31,34,44,109,0,0,47,21,68,0,31,81,65,177,76,106,182,359
02/23/2002,ABI,TX,ASW,CE,Towers with Radar,0,11,9,9,29,0,15,53,0,68,0,26,62,9,97,54,30,84,181
02/24/2002,ABI,TX,ASW,CE,Towers with Radar,0,14,6,26,46,0,4,33,0,37,0,18,39,26,83,4,56,60,143
02/25/2002,ABI,TX,ASW,CE,Towers with Radar,0,28,23,31,82,0,3,26,19,48,0,31,49,50,130,0,0,0,130
02/26/2002,ABI,TX,ASW,CE,Towers with Radar,0,18,14,20,52,0,24,48,22,94,0,42,62,42,146,26,64,90,236
02/27/2002,ABI,TX,ASW,CE,Towers with Radar,0,30,25,32,87,0,5,41,0,46,0,35,66,32,133,0,0,0,133
02/28/2002,ABI,TX,ASW,CE,Towers with Radar,0,28,31,52,111,0,8,29,2,39,0,36,60,54,150,14,138,152,302
03/01/2002,ABI,TX,ASW,CE,Towers with Radar,0,0,36,22,58,0,27,41,0,68,0,27,77,22,126,50,102,152,278
03/02/2002,ABI,TX,ASW,CE,Towers with Radar,0,0,8,21,29,0,33,62,0,95,0,33,70,21,124,100,30,130,254
03/03/2002,ABI,TX,ASW,CE,Towers with Radar,0,0,10,26,36,0,33,85,34,152,0,33,95,60,188,78,106,184,372
03/04/2002,ABI,TX,ASW,CE,Towers with Radar,0,0,17,34,51,0,36,45,1,82,0,36,62,35,133,60,118,178,311
03/05/2002,ABI,TX,ASW,CE,Towers with Radar,0,0,29,0,29,0,25,34,0,59,0,25,63,0,88,18,0,18,106
03/06/2002,ABI,TX,ASW,CE,Towers with Radar,0,0,22,10,32,2,20,72,0,94,2,20,94,10,126,88,12,100,226
03/07/2002,ABI,TX,ASW,CE,Towers with Radar,0,0,34,0,34,0,13,46,0,59,0,13,80,0,93,42,2,44,137
03/08/2002,ABI,TX,ASW,CE,Towers with Radar,0,0,24,23,47,0,46,18,0,64,0,46,42,23,111,30,20,50,161
03/09/2002,ABI,TX,ASW,CE,Towers with Radar,0,0,35,2,37,0,40,7,0,47,0,40,42,2,84,15,8,23,107
03/10/2002,ABI,TX,ASW,CE,Towers with Radar,0,0,14,7,21,0,35,27,0,62,0,35,41,7,83,0,0,0,83
03/11/2002,ABI,TX,ASW,CE,Towers with Radar,0,0,15,41,56,0,34,59,0,93,0,34,74,41,149,186,66,252,401
03/12/2002,ABI,TX,ASW,CE,Towers with Radar,0,0,30,43,73,4,39,19,0,62,4,39,49,43,135,90,44,134,269
03/13/2002,ABI,TX,ASW,CE,Towers with Radar,0,21,17,16,54,0,0,38,0,38,0,21,55,16,92,26,18,44,136
03/14/2002,ABI,TX,ASW,CE,Towers with Radar,0,15,19,16,50,0,0,47,0,47,0,15,66,16,97,28,38,66,163
03/15/2002,ABI,TX,ASW,CE,Towers with Radar,0,27,29,30,86,0,0,24,0,24,0,27,53,30,110,14,106,120,230
03/16/2002,ABI,TX,ASW,CE,Towers with Radar,0,0,13,14,27,0,32,78,29,139,0,32,91,43,166,98,100,198,364
03/17/2002,ABI,TX,ASW,CE,Towers with Radar,0,8,15,14,37,0,24,92,32,148,0,32,107,46,185,0,0,0,185
03/18/2002,ABI,TX,ASW,CE,Towers with Radar,0,32,20,19,71,0,0,48,13,61,0,32,68,32,132,50,62,112,244
03/19/2002,ABI,TX,ASW,CE,Towers with Radar,0,0,17,14,31,0,38,85,32,155,0,38,102,46,186,60,92,152,338
03/20/2002,ABI,TX,ASW,CE,Towers with Radar,0,22,31,14,67,0,0,48,16,64,0,22,79,30,131,58,42,100,231
03/21/2002,ABI,TX,ASW,CE,Towers with Radar,0,16,33,21,70,0,0,33,0,33,0,16,66,21,103,22,48,70,173
03/22/2002,ABI,TX,ASW,CE,Towers with Radar,0,10,19,18,47,0,13,47,0,60,0,23,66,18,107,34,56,90,197
03/23/2002,ABI,TX,ASW,CE,Towers with Radar,0,0,21,14,35,0,34,54,27,115,0,34,75,41,150,66,58,124,274
03/24/2002,ABI,TX,ASW,CE,Towers with Radar,0,0,10,14,24,0,33,51,29,113,0,33,61,43,137,0,0,0,137
03/25/2002,ABI,TX,ASW,CE,Towers with Radar,0,35,31,37,103,0,0,57,38,95,0,35,88,75,198,50,256,306,504
03/26/2002,ABI,TX,ASW,CE,Towers with Radar,0,33,23,38,94,0,4,74,0,78,0,37,97,38,172,46,156,202,374
03/27/2002,ABI,TX,ASW,CE,Towers with Radar,0,18,26,5,49,0,0,40,0,40,0,18,66,5,89,26,2,28,117
03/28/2002,ABI,TX,ASW,CE,Towers with Radar,0,18,33,9,60,0,0,10,0,10,0,18,43,9,70,12,20,32,102
03/29/2002,ABI,TX,ASW,CE,Towers with Radar,0,25,25,21,71,0,0,47,0,47,0,25,72,21,118,58,56,114,232
03/30/2002,ABI,TX,ASW,CE,Towers with Radar,0,0,7,14,21,0,57,64,23,144,0,57,71,37,165,180,74,254,419
03/31/2002,ABI,TX,ASW,CE,Towers with Radar,0,0,8,14,22,0,73,54,53,180,0,73,62,67,202,84,128,212,414
04/01/2002,ABI,TX,ASW,CE,Towers with Radar,0,0,27,44,71,0,29,82,2,113,0,29,109,46,184,84,80,164,348
04/02/2002,ABI,TX,ASW,CE,Towers with Radar,0,0,26,72,98,0,33,24,0,57,0,33,50,72,155,102,138,240,395
04/03/2002,ABI,TX,ASW,CE,Towers with Radar,0,0,51,71,122,0,39,3,20,62,0,39,54,91,184,42,166,208,392
04/04/2002,ABI,TX,ASW,CE,Towers with Radar,0,0,33,44,77,0,37,47,0,84,0,37,80,44,161,128,88,216,377
04/05/2002,ABI,TX,ASW,CE,Towers with Radar,0,0,43,40,83,0,42,30,0,72,0,42,73,40,155,22,99,121,276
04/06/2002,ABI,TX,ASW,CE,Towers with Radar,0,0,5,0,5,0,21,33,0,54,0,21,38,0,59,0,0,0,59
04/07/2002,ABI,TX,ASW,CE,Towers with Radar,0,0,4,0,4,0,0,0,0,0,0,0,4,0,4,4,0,4,8
04/08/2002,ABI,TX,ASW,CE,Towers with Radar,0,0,35,36,71,0,37,45,0,82,0,37,80,36,153,74,70,144,297
04/09/2002,ABI,TX,ASW,CE,Towers with Radar,0,37,37,48,122,0,0,42,10,52,0,37,79,58,174,66,68,134,308
04/10/2002,ABI,TX,ASW,CE,Towers with Radar,0,44,47,44,135,0,0,58,20,78,0,44,105,64,213,196,68,264,477
04/11/2002,ABI,TX,ASW,CE,Towers with Radar,0,41,30,24,95,0,0,54,9,63,0,41,84,33,158,22,40,62,220
04/12/2002,ABI,TX,ASW,CE,Towers with Radar,0,5,16,31,52,0,33,50,35,118,0,38,66,66,170,56,122,178,348
04/13/2002,ABI,TX,ASW,CE,Towers with Radar,0,0,30,7,37,4,25,21,0,50,4,25,51,7,87,36,2,38,125
04/14/2002,ABI,TX,ASW,CE,Towers with Radar,0,0,29,10,39,0,20,44,0,64,0,20,73,10,103,62,20,82,185
04/15/2002,ABI,TX,ASW,CE,Towers with Radar,0,0,24,14,38,1,18,52,2,73,1,18,76,16,111,50,10,60,171
04/16/2002,ABI,TX,ASW,CE,Towers with Radar,9,34,40,56,139,3,6,41,20,70,12,40,81,76,209,26,210,236,445
04/17/2002,ABI,TX,ASW,CE,Towers with Radar,0,37,40,35,112,0,14,43,3,60,0,51,83,38,172,30,54,84,256
04/18/2002,ABI,TX,ASW,CE,Towers with Radar,0,40,33,21,94,0,0,38,12,50,0,40,71,33,144,64,80,144,288
04/19/2002,ABI,TX,ASW,CE,Towers with Radar,0,46,29,42,117,0,0,29,10,39,0,46,58,52,156,42,66,108,264
04/20/2002,ABI,TX,ASW,CE,Towers with Radar,0,0,15,5,20,0,25,35,0,60,0,25,50,5,80,26,0,26,106
04/21/2002,ABI,TX,ASW,CE,Towers with Radar,0,0,24,14,38,0,17,40,3,60,0,17,64,17,98,36,32,68,166
04/22/2002,ABI,TX,ASW,CE,Towers with Radar,0,30,29,24,83,0,0,32,34,66,0,30,61,58,149,70,184,254,403
04/23/2002,ABI,TX,ASW,CE,Towers with Radar,0,32,33,66,131,0,0,42,17,59,0,32,75,83,190,78,176,254,444
04/24/2002,ABI,TX,ASW,CE,Towers with Radar,0,33,28,23,84,0,15,58,32,105,0,48,86,55,189,20,112,132,321
04/25/2002,ABI,TX,ASW,CE,Towers with Radar,0,43,45,15,103,0,0,11,10,21,0,43,56,25,124,22,76,98,222
04/26/2002,ABI,TX,ASW,CE,Towers with Radar,0,37,37,13,87,0,0,2,6,8,0,37,39,19,95,8,22,30,125
04/27/2002,ABI,TX,ASW,CE,Towers with Radar,0,0,13,0,13,0,22,43,0,65,0,22,56,0,78,20,0,20,98
04/28/2002,ABI,TX,ASW,CE,Towers with Radar,0,0,31,7,38,0,14,59,0,73,0,14,90,7,111,72,8,80,191
04/29/2002,ABI,TX,ASW,CE,Towers with Radar,0,21,25,18,64,0,4,35,6,45,0,25,60,24,109,26,100,126,235
04/30/2002,ABI,TX,ASW,CE,Towers with Radar,0,38,32,26,96,0,0,51,17,68,0,38,83,43,164,34,202,236,400
05/01/2002,ABI,TX,ASW,CE,Towers with Radar,0,15,3,15,33,0,25,62,0,87,0,40,65,15,120,22,18,40,160
05/02/2002,ABI,TX,ASW,CE,Towers with Radar,0,26,13,10,49,0,14,54,7,75,0,40,67,17,124,52,26,78,202
05/03/2002,ABI,TX,ASW,CE,Towers with Radar,0,28,0,39,67,0,13,77,6,96,0,41,77,45,163,34,98,132,295
05/04/2002,ABI,TX,ASW,CE,Towers with Radar,0,1,0,0,1,0,19,22,2,43,0,20,22,2,44,18,0,18,62
05/05/2002,ABI,TX,ASW,CE,Towers with Radar,0,8,2,1,11,0,11,33,8,52,0,19,35,9,63,0,0,0,63
05/06/2002,ABI,TX,ASW,CE,Towers with Radar,0,13,3,57,73,0,13,56,10,79,0,26,59,67,152,0,0,0,152
05/07/2002,ABI,TX,ASW,CE,Towers with Radar,0,23,7,42,72,2,11,61,17,91,2,34,68,59,163,12,80,92,255
05/08/2002,ABI,TX,ASW,CE,Towers with Radar,0,17,5,21,43,0,23,57,0,80,0,40,62,21,123,30,60,90,213
05/09/2002,ABI,TX,ASW,CE,Towers with Radar,0,19,6,22,47,0,12,76,0,88,0,31,82,22,135,10,44,54,189
05/10/2002,ABI,TX,ASW,CE,Towers with Radar,0,27,14,9,50,0,10,52,3,65,0,37,66,12,115,16,66,82,197
05/11/2002,ABI,TX,ASW,CE,Towers with Radar,0,8,0,9,17,0,38,91,75,204,0,46,91,84,221,40,0,40,261
05/12/2002,ABI,TX,ASW,CE,Towers with Radar,1,6,0,0,7,1,10,43,0,54,2,16,43,0,61,0,4,4,65
05/13/2002,ABI,TX,ASW,CE,Towers with Radar,0,12,0,18,30,0,13,146,6,165,0,25,146,24,195,108,28,136,331
05/14/2002,ABI,TX,ASW,CE,Towers with Radar,0,30,44,27,101,0,0,30,17,47,0,30,74,44,148,54,124,178,326
05/15/2002,ABI,TX,ASW,CE,Towers with Radar,0,35,70,58,163,0,0,55,0,55,0,35,125,58,218,0,0,0,218
05/16/2002,ABI,TX,ASW,CE,Towers with Radar,0,40,78,37,155,0,0,6,2,8,0,40,84,39,163,58,64,122,285
05/17/2002,ABI,TX,ASW,CE,Towers with Radar,6,35,28,72,141,0,0,25,7,32,6,35,53,79,173,40,102,142,315
05/18/2002,ABI,TX,ASW,CE,Towers with Radar,0,19,7,15,41,0,0,504,13,517,0,19,511,28,558,26,48,74,632
05/19/2002,ABI,TX,ASW,CE,Towers with Radar,0,14,0,0,14,0,0,51,9,60,0,14,51,9,74,2,10,12,86
05/20/2002,ABI,TX,ASW,CE,Towers with Radar,0,27,55,31,113,0,0,57,22,79,0,27,112,53,192,16,80,96,288
05/21/2002,ABI,TX,ASW,CE,Towers with Radar,0,31,50,37,118,0,0,46,10,56,0,31,96,47,174,52,52,104,278
05/22/2002,ABI,TX,ASW,CE,Towers with Radar,0,34,68,36,138,0,0,7,0,7,0,34,75,36,145,32,58,90,235
05/23/2002,ABI,TX,ASW,CE,Towers with Radar,0,38,76,29,143,0,0,12,0,12,0,38,88,29,155,56,40,96,251
05/24/2002,ABI,TX,ASW,CE,Towers with Radar,0,39,17,8,64,0,2,57,10,69,0,41,74,18,133,66,60,126,259
05/25/2002,ABI,TX,ASW,CE,Towers with Radar,0,11,3,0,14,0,7,54,2,63,0,18,57,2,77,72,0,72,149
05/26/2002,ABI,TX,ASW,CE,Towers with Radar,0,18,0,0,18,0,1,65,0,66,0,19,65,0,84,124,0,124,208
05/27/2002,ABI,TX,ASW,CE,Towers with Radar,0,5,0,0,5,0,9,50,0,59,0,14,50,0,64,12,0,12,76
05/28/2002,ABI,TX,ASW,CE,Towers with Radar,0,24,44,22,90,0,0,15,0,15,0,24,59,22,105,60,24,84,189
05/29/2002,ABI,TX,ASW,CE,Towers with Radar,0,35,64,88,187,0,0,26,0,26,0,35,90,88,213,32,192,224,437
05/30/2002,ABI,TX,ASW,CE,Towers with Radar,2,34,60,44,140,0,0,9,0,9,2,34,69,44,149,110,66,176,325
05/31/2002,ABI,TX,ASW,CE,Towers with Radar,0,35,56,31,122,0,0,41,29,70,0,35,97,60,192,134,3,137,329
06/01/2002,ABI,TX,ASW,CE,Towers with Radar,0,10,7,6,23,0,7,73,0,80,0,17,80,6,103,16,10,26,129
06/02/2002,ABI,TX,ASW,CE,Towers with Radar,0,14,10,8,32,2,2,64,0,68,2,16,74,8,100,0,0,0,100
06/03/2002,ABI,TX,ASW,CE,Towers with Radar,0,23,22,31,76,2,0,53,1,56,2,23,75,32,132,22,64,86,218
06/04/2002,ABI,TX,ASW,CE,Towers with Radar,0,34,38,57,129,0,0,39,24,63,0,34,77,81,192,8,144,152,344
06/05/2002,ABI,TX,ASW,CE,Towers with Radar,0,36,32,46,114,0,1,26,0,27,0,37,58,46,141,118,26,144,285
06/06/2002,ABI,TX,ASW,CE,Towers with Radar,2,44,49,32,127,0,0,43,4,47,2,44,92,36,174,40,44,84,258
06/07/2002,ABI,TX,ASW,CE,Towers with Radar,0,36,32,46,114,0,8,36,3,47,0,44,68,49,161,44,124,168,329
06/08/2002,ABI,TX,ASW,CE,Towers with Radar,0,14,12,8,34,2,6,68,0,76,2,20,80,8,110,58,32,90,200
06/09/2002,ABI,TX,ASW,CE,Towers with Radar,0,20,13,5,38,0,0,32,3,35,0,20,45,8,73,20,6,26,99
06/10/2002,ABI,TX,ASW,CE,Towers with Radar,0,24,28,45,97,0,1,55,6,62,0,25,83,51,159,54,80,134,293
06/11/2002,ABI,TX,ASW,CE,Towers with Radar,0,32,30,43,105,0,0,43,31,74,0,32,73,74,179,32,106,138,317
06/12/2002,ABI,TX,ASW,CE,Towers with Radar,2,26,15,48,91,0,0,51,7,58,2,26,66,55,149,76,82,158,307
06/13/2002,ABI,TX,ASW,CE,Towers with Radar,10,37,35,71,153,0,3,45,16,64,10,40,80,87,217,26,200,226,443
06/14/2002,ABI,TX,ASW,CE,Towers with Radar,0,31,33,35,99,0,2,47,5,54,0,33,80,40,153,52,48,100,253
06/15/2002,ABI,TX,ASW,CE,Towers with Radar,0,11,10,3,24,0,13,32,0,45,0,24,42,3,69,74,0,74,143
06/16/2002,ABI,TX,ASW,CE,Towers with Radar,0,12,11,2,25,0,5,31,0,36,0,17,42,2,61,104,0,104,165
06/17/2002,ABI,TX,ASW,CE,Towers with Radar,0,29,28,38,95,0,0,92,0,92,0,29,120,38,187,76,96,172,359
06/18/2002,ABI,TX,ASW,CE,Towers with Radar,0,32,27,70,129,0,3,47,6,56,0,35,74,76,185,42,152,194,379
06/19/2002,ABI,TX,ASW,CE,Towers with Radar,0,34,38,58,130,0,0,35,29,64,0,34,73,87,194,74,106,180,374
06/20/2002,ABI,TX,ASW,CE,Towers with Radar,0,28,34,55,117,0,5,74,5,84,0,33,108,60,201,40,96,136,337
06/21/2002,ABI,TX,ASW,CE,Towers with Radar,0,35,20,30,85,0,1,44,2,47,0,36,64,32,132,46,54,100,232
06/22/2002,ABI,TX,ASW,CE,Towers with Radar,0,12,11,13,36,0,16,69,0,85,0,28,80,13,121,64,30,94,215
06/23/2002,ABI,TX,ASW,CE,Towers with Radar,0,18,11,4,33,0,0,34,2,36,0,18,45,6,69,28,10,38,107
06/24/2002,ABI,TX,ASW,CE,Towers with Radar,0,22,25,20,67,0,2,50,2,54,0,24,75,22,121,14,48,62,183
06/25/2002,ABI,TX,ASW,CE,Towers with Radar,0,28,14,46,88,0,6,54,2,62,0,34,68,48,150,34,26,60,210
06/26/2002,ABI,TX,ASW,CE,Towers with Radar,0,28,28,66,122,0,5,47,2,54,0,33,75,68,176,8,86,94,270
06/27/2002,ABI,TX,ASW,CE,Towers with Radar,0,29,32,61,122,0,4,44,4,52,0,33,76,65,174,32,90,122,296
06/28/2002,ABI,TX,ASW,CE,Towers with Radar,0,31,17,64,112,0,4,46,4,54,0,35,63,68,166,4,122,126,292
06/29/2002,ABI,TX,ASW,CE,Towers with Radar,0,17,14,2,33,0,10,63,0,73,0,27,77,2,106,10,0,10,116
06/30/2002,ABI,TX,ASW,CE,Towers with Radar,4,13,12,3,32,0,0,10,0,10,4,13,22,3,42,0,0,0,42
07/01/2002,ABI,TX,ASW,CE,Towers with Radar,0,17,17,15,49,0,0,29,0,29,0,17,46,15,78,24,10,34,112
07/02/2002,ABI,TX,ASW,CE,Towers with Radar,0,31,21,43,95,0,3,9,0,12,0,34,30,43,107,56,104,160,267
07/03/2002,ABI,TX,ASW,CE,Towers with Radar,0,27,22,18,67,0,3,13,0,16,0,30,35,18,83,26,12,38,121
07/04/2002,ABI,TX,ASW,CE,Towers with Radar,0,15,12,0,27,0,2,9,0,11,0,17,21,0,38,24,0,24,62
07/05/2002,ABI,TX,ASW,CE,Towers with Radar,0,10,8,0,18,0,15,51,0,66,0,25,59,0,84,46,0,46,130
07/06/2002,ABI,TX,ASW,CE,Towers with Radar,0,6,5,0,11,0,14,26,0,40,0,20,31,0,51,8,2,10,61
07/07/2002,ABI,TX,ASW,CE,Towers with Radar,0,0,6,1,7,0,0,18,0,18,0,0,24,1,25,0,0,0,25
07/08/2002,ABI,TX,ASW,CE,Towers with Radar,2,21,21,32,76,2,0,30,24,56,4,21,51,56,132,64,160,224,356
07/09/2002,ABI,TX,ASW,CE,Towers with Radar,2,27,27,41,97,1,0,51,12,64,3,27,78,53,161,52,142,194,355
07/10/2002,ABI,TX,ASW,CE,Towers with Radar,0,38,38,56,132,0,0,50,61,111,0,38,88,117,243,86,270,356,599
07/11/2002,ABI,TX,ASW,CE,Towers with Radar,2,31,28,41,102,9,0,42,22,73,11,31,70,63,175,44,112,156,331
07/12/2002,ABI,TX,ASW,CE,Towers with Radar,8,30,11,35,84,0,8,29,3,40,8,38,40,38,124,36,62,98,222
07/13/2002,ABI,TX,ASW,CE,Towers with Radar,0,18,7,23,48,0,2,50,0,52,0,20,57,23,100,36,46,82,182
07/14/2002,ABI,TX,ASW,CE,Towers with Radar,0,12,8,7,27,0,2,26,3,31,0,14,34,10,58,14,20,34,92
07/15/2002,ABI,TX,ASW,CE,Towers with Radar,0,16,24,35,75,0,0,60,15,75,0,16,84,50,150,42,84,126,276
07/16/2002,ABI,TX,ASW,CE,Towers with Radar,0,25,36,24,85,0,3,28,8,39,0,28,64,32,124,24,75,99,223
07/17/2002,ABI,TX,ASW,CE,Towers with Radar,0,33,45,38,116,0,2,32,3,37,0,35,77,41,153,32,116,148,301
07/18/2002,ABI,TX,ASW,CE,Towers with Radar,0,28,24,27,79,0,0,28,0,28,0,28,52,27,107,47,170,217,324
07/19/2002,ABI,TX,ASW,CE,Towers with Radar,0,26,20,30,76,0,4,84,11,99,0,30,104,41,175,32,76,108,283
07/20/2002,ABI,TX,ASW,CE,Towers with Radar,0,7,6,11,24,0,10,58,9,77,0,17,64,20,101,46,34,80,181
07/21/2002,ABI,TX,ASW,CE,Towers with Radar,0,9,6,8,23,0,6,62,0,68,0,15,68,8,91,18,6,24,115
07/22/2002,ABI,TX,ASW,CE,Towers with Radar,0,21,18,28,67,0,0,32,1,33,0,21,50,29,100,0,44,44,144
07/23/2002,ABI,TX,ASW,CE,Towers with Radar,0,28,17,26,71,0,4,58,0,62,0,32,75,26,133,40,46,86,219
07/24/2002,ABI,TX,ASW,CE,Towers with Radar,2,30,18,21,71,0,5,53,4,62,2,35,71,25,133,128,68,196,329
07/25/2002,ABI,TX,ASW,CE,Towers with Radar,0,27,16,13,56,0,3,57,33,93,0,30,73,46,149,92,46,138,287
07/26/2002,ABI,TX,ASW,CE,Towers with Radar,0,27,24,24,75,0,5,62,10,77,0,32,86,34,152,36,158,194,346
07/27/2002,ABI,TX,ASW,CE,Towers with Radar,0,11,7,14,32,2,10,42,7,61,2,21,49,21,93,30,48,78,171
07/28/2002,ABI,TX,ASW,CE,Towers with Radar,0,14,7,7,28,0,0,41,0,41,0,14,48,7,69,4,16,20,89
07/29/2002,ABI,TX,ASW,CE,Towers with Radar,0,21,14,17,52,0,11,25,0,36,0,32,39,17,88,98,8,106,194
07/30/2002,ABI,TX,ASW,CE,Towers with Radar,0,30,21,25,76,0,1,43,0,44,0,31,64,25,120,72,34,106,226
07/31/2002,ABI,TX,ASW,CE,Towers with Radar,0,28,21,25,74,0,0,44,0,44,0,28,65,25,118,138,44,182,300
08/01/2002,ABI,TX,ASW,CE,Towers with Radar,0,18,8,29,55,0,18,65,14,97,0,36,73,43,152,28,44,72,224
08/02/2002,ABI,TX,ASW,CE,Towers with Radar,0,19,6,50,75,2,17,62,14,95,2,36,68,64,170,40,72,112,282
08/03/2002,ABI,TX,ASW,CE,Towers with Radar,0,0,7,3,10,0,23,48,10,81,0,23,55,13,91,44,0,44,135
08/04/2002,ABI,TX,ASW,CE,Towers with Radar,0,3,11,13,27,2,13,50,2,67,2,16,61,15,94,0,0,0,94
08/05/2002,ABI,TX,ASW,CE,Towers with Radar,0,6,11,35,52,0,23,44,10,77,0,29,55,45,129,38,82,120,249
08/06/2002,ABI,TX,ASW,CE,Towers with Radar,0,25,26,29,80,0,8,28,19,55,0,33,54,48,135,0,148,148,283
08/07/2002,ABI,TX,ASW,CE,Towers with Radar,0,22,13,20,55,0,19,54,30,103,0,41,67,50,158,58,102,160,318
08/08/2002,ABI,TX,ASW,CE,Towers with Radar,0,15,20,43,78,2,14,38,11,65,2,29,58,54,143,40,88,128,271
08/09/2002,ABI,TX,ASW,CE,Towers with Radar,0,12,23,35,70,0,18,65,14,97,0,30,88,49,167,66,70,136,303
08/10/2002,ABI,TX,ASW,CE,Towers with Radar,0,17,8,8,33,12,4,55,1,72,12,21,63,9,105,20,2,22,127
08/11/2002,ABI,TX,ASW,CE,Towers with Radar,0,1,10,4,15,2,18,30,0,50,2,19,40,4,65,38,2,40,105
08/12/2002,ABI,TX,ASW,CE,Towers with Radar,0,10,16,16,42,0,14,49,0,63,0,24,65,16,105,38,14,52,157
08/13/2002,ABI,TX,ASW,CE,Towers with Radar,0,21,26,7,54,0,12,29,6,47,0,33,55,13,101,10,52,62,163
08/14/2002,ABI,TX,ASW,CE,Towers with Radar,0,26,31,27,84,8,7,34,8,57,8,33,65,35,141,18,102,120,261
08/15/2002,ABI,TX,ASW,CE,Towers with Radar,0,20,25,30,75,0,14,42,21,77,0,34,67,51,152,36,118,154,306
08/16/2002,ABI,TX,ASW,CE,Towers with Radar,0,13,15,31,59,0,14,43,3,60,0,27,58,34,119,78,102,180,299
08/17/2002,ABI,TX,ASW,CE,Towers with Radar,0,3,12,12,27,0,18,80,8,106,0,21,92,20,133,62,32,94,227
08/18/2002,ABI,TX,ASW,CE,Towers with Radar,0,2,20,5,27,0,12,26,1,39,0,14,46,6,66,20,4,24,90
08/19/2002,ABI,TX,ASW,CE,Towers with Radar,0,7,8,21,36,0,12,31,15,58,0,19,39,36,94,44,62,106,200
08/20/2002,ABI,TX,ASW,CE,Towers with Radar,0,16,22,28,66,0,12,46,11,69,0,28,68,39,135,62,106,168,303
08/21/2002,ABI,TX,ASW,CE,Towers with Radar,0,18,21,23,62,0,12,43,2,57,0,30,64,25,119,28,88,116,235
08/22/2002,ABI,TX,ASW,CE,Towers with Radar,0,3,5,16,24,0,14,60,2,76,0,17,65,18,100,68,88,156,256
08/23/2002,ABI,TX,ASW,CE,Towers with Radar,0,18,16,7,41,0,12,47,1,60,0,30,63,8,101,96,50,146,247
08/24/2002,ABI,TX,ASW,CE,Towers with Radar,0,13,29,0,42,0,14,46,3,63,0,27,75,3,105,70,0,70,175
08/25/2002,ABI,TX,ASW,CE,Towers with Radar,0,2,20,19,41,0,13,34,2,49,0,15,54,21,90,40,54,94,184
08/26/2002,ABI,TX,ASW,CE,Towers with Radar,0,21,17,19,57,0,0,53,61,114,0,21,70,80,171,44,108,152,323
08/27/2002,ABI,TX,ASW,CE,Towers with Radar,0,42,23,18,83,0,0,64,6,70,0,42,87,24,153,16,72,88,241
08/28/2002,ABI,TX,ASW,CE,Towers with Radar,0,30,22,13,65,0,4,38,0,42,0,34,60,13,107,58,62,120,227
08/29/2002,ABI,TX,ASW,CE,Towers with Radar,0,33,29,9,71,0,0,42,8,50,0,33,71,17,121,48,64,112,233
08/30/2002,ABI,TX,ASW,CE,Towers with Radar,0,30,16,16,62,0,0,97,0,97,0,30,113,16,159,78,40,118,277
08/31/2002,ABI,TX,ASW,CE,Towers with Radar,0,16,8,0,24,0,0,69,0,69,0,16,77,0,93,104,0,104,197
09/01/2002,ABI,TX,ASW,CE,Towers with Radar,0,0,7,0,7,2,9,38,0,49,2,9,45,0,56,0,0,0,56
09/02/2002,ABI,TX,ASW,CE,Towers with Radar,0,0,0,0,0,0,12,66,0,78,0,12,66,0,78,24,0,24,102
09/03/2002,ABI,TX,ASW,CE,Towers with Radar,0,0,28,30,58,0,23,38,2,63,0,23,66,32,121,46,54,100,221
09/04/2002,ABI,TX,ASW,CE,Towers with Radar,0,10,22,44,76,1,25,38,59,123,1,35,60,103,199,28,112,140,339
09/05/2002,ABI,TX,ASW,CE,Towers with Radar,0,12,28,29,69,2,23,53,34,112,2,35,81,63,181,66,114,180,361
09/06/2002,ABI,TX,ASW,CE,Towers with Radar,0,15,26,28,69,0,25,49,1,75,0,40,75,29,144,40,22,62,206
09/07/2002,ABI,TX,ASW,CE,Towers with Radar,0,1,12,6,19,2,20,31,3,56,2,21,43,9,75,22,32,54,129
09/08/2002,ABI,TX,ASW,CE,Towers with Radar,0,0,9,0,9,0,0,8,0,8,0,0,17,0,17,0,30,30,47
09/09/2002,ABI,TX,ASW,CE,Towers with Radar,0,13,25,27,65,0,12,17,2,31,0,25,42,29,96,30,78,108,204
09/10/2002,ABI,TX,ASW,CE,Towers with Radar,0,9,25,25,59,0,22,28,0,50,0,31,53,25,109,28,104,132,241
09/11/2002,ABI,TX,ASW,CE,Towers with Radar,0,10,28,27,65,2,18,59,3,82,2,28,87,30,147,48,130,178,325
09/12/2002,ABI,TX,ASW,CE,Towers with Radar,0,1,22,11,34,0,25,41,0,66,0,26,63,11,100,14,38,52,152
09/13/2002,ABI,TX,ASW,CE,Towers with Radar,0,12,24,36,72,0,28,33,1,62,0,40,57,37,134,22,72,94,228
09/14/2002,ABI,TX,ASW,CE,Towers with Radar,0,0,4,7,11,0,21,44,0,65,0,21,48,7,76,12,0,12,88
09/15/2002,ABI,TX,ASW,CE,Towers with Radar,0,0,22,17,39,0,20,13,4,37,0,20,35,21,76,44,24,68,144
09/16/2002,ABI,TX,ASW,CE,Towers with Radar,0,11,24,26,61,0,18,17,25,60,0,29,41,51,121,46,84,130,251
09/17/2002,ABI,TX,ASW,CE,Towers with Radar,0,10,23,25,58,0,26,28,0,54,0,36,51,25,112,34,72,106,218
09/18/2002,ABI,TX,ASW,CE,Towers with Radar,0,19,30,30,79,0,13,42,2,57,0,32,72,32,136,32,80,112,248
09/19/2002,ABI,TX,ASW,CE,Towers with Radar,0,24,34,34,92,3,9,25,2,39,3,33,59,36,131,14,76,90,221
09/20/2002,ABI,TX,ASW,CE,Towers with Radar,0,6,8,24,38,0,27,45,3,75,0,33,53,27,113,10,70,80,193
09/21/2002,ABI,TX,ASW,CE,Towers with Radar,0,3,19,8,30,0,26,71,1,98,0,29,90,9,128,38,26,64,192
09/22/2002,ABI,TX,ASW,CE,Towers with Radar,2,11,15,16,44,0,9,50,0,59,2,20,65,16,103,2,14,16,119
09/23/2002,ABI,TX,ASW,CE,Towers with Radar,0,24,19,20,63,0,0,131,17,148,0,24,150,37,211,64,82,146,357
09/24/2002,ABI,TX,ASW,CE,Towers with Radar,0,45,15,22,82,0,0,56,5,61,0,45,71,27,143,52,28,80,223
09/25/2002,ABI,TX,ASW,CE,Towers with Radar,0,30,26,26,82,0,0,62,8,70,0,30,88,34,152,78,178,256,408
09/26/2002,ABI,TX,ASW,CE,Towers with Radar,0,41,24,15,80,0,0,62,27,89,0,41,86,42,169,94,92,186,355
09/27/2002,ABI,TX,ASW,CE,Towers with Radar,0,39,22,2,63,0,0,157,1,158,0,39,179,3,221,38,4,42,263
09/28/2002,ABI,TX,ASW,CE,Towers with Radar,0,24,7,2,33,0,1,169,0,170,0,25,176,2,203,174,0,174,377
09/29/2002,ABI,TX,ASW,CE,Towers with Radar,0,19,13,0,32,0,1,62,0,63,0,20,75,0,95,40,0,40,135
09/30/2002,ABI,TX,ASW,CE,Towers with Radar,0,30,19,0,49,0,0,42,0,42,0,30,61,0,91,56,6,62,153
10/01/2002,ABI,TX,ASW,CE,Towers with Radar,0,22,8,16,46,0,12,63,2,77,0,34,71,18,123,88,130,218,341
10/02/2002,ABI,TX,ASW,CE,Towers with Radar,0,36,33,33,102,0,0,43,2,45,0,36,76,35,147,26,78,104,251
10/03/2002,ABI,TX,ASW,CE,Towers with Radar,0,36,32,32,100,0,2,37,23,62,0,38,69,55,162,14,104,118,280
10/04/2002,ABI,TX,ASW,CE,Towers with Radar,0,26,5,16,47,0,17,86,0,103,0,43,91,16,150,104,50,154,304
10/05/2002,ABI,TX,ASW,CE,Towers with Radar,0,9,1,5,15,0,21,65,0,86,0,30,66,5,101,72,6,78,179
10/06/2002,ABI,TX,ASW,CE,Towers with Radar,0,9,14,2,25,0,7,41,0,48,0,16,55,2,73,0,0,0,73
10/07/2002,ABI,TX,ASW,CE,Towers with Radar,0,21,18,11,50,0,0,21,0,21,0,21,39,11,71,6,16,22,93
10/08/2002,ABI,TX,ASW,CE,Towers with Radar,0,37,5,16,58,0,6,18,0,24,0,43,23,16,82,6,26,32,114
10/09/2002,ABI,TX,ASW,CE,Towers with Radar,0,32,14,5,51,0,6,17,0,23,0,38,31,5,74,10,0,10,84
10/10/2002,ABI,TX,ASW,CE,Towers with Radar,0,36,35,18,89,0,0,50,0,50,0,36,85,18,139,8,2,10,149
10/11/2002,ABI,TX,ASW,CE,Towers with Radar,0,29,31,26,86,0,13,74,0,87,0,42,105,26,173,76,60,136,309
10/12/2002,ABI,TX,ASW,CE,Towers with Radar,0,10,1,15,26,0,17,57,0,74,0,27,58,15,100,74,8,82,182
10/13/2002,ABI,TX,ASW,CE,Towers with Radar,0,12,15,6,33,0,8,46,0,54,0,20,61,6,87,26,6,32,119
10/14/2002,ABI,TX,ASW,CE,Towers with Radar,0,21,23,4,48,0,19,61,0,80,0,40,84,4,128,100,6,106,234
10/15/2002,ABI,TX,ASW,CE,Towers with Radar,0,23,0,18,41,0,12,58,0,70,0,35,58,18,111,38,94,132,243
10/16/2002,ABI,TX,ASW,CE,Towers with Radar,0,29,22,26,77,0,5,82,1,88,0,34,104,27,165,60,84,144,309
10/17/2002,ABI,TX,ASW,CE,Towers with Radar,0,27,20,25,72,0,12,67,9,88,0,39,87,34,160,36,56,92,252
10/18/2002,ABI,TX,ASW,CE,Towers with Radar,0,30,19,3,52,0,7,23,25,55,0,37,42,28,107,6,28,34,141
10/19/2002,ABI,TX,ASW,CE,Towers with Radar,0,7,0,11,18,0,17,50,0,67,0,24,50,11,85,46,12,58,143
10/20/2002,ABI,TX,ASW,CE,Towers with Radar,0,10,2,6,18,0,17,31,0,48,0,27,33,6,66,32,4,36,102
10/21/2002,ABI,TX,ASW,CE,Towers with Radar,0,23,21,25,69,0,0,20,22,42,0,23,41,47,111,60,42,102,213
10/22/2002,ABI,TX,ASW,CE,Towers with Radar,0,36,37,33,106,0,0,21,20,41,0,36,58,53,147,46,70,116,263
10/23/2002,ABI,TX,ASW,CE,Towers with Radar,0,30,24,22,76,2,0,28,0,30,2,30,52,22,106,0,0,0,106
10/24/2002,ABI,TX,ASW,CE,Towers with Radar,0,35,35,10,80,0,5,17,0,22,0,40,52,10,102,6,6,12,114
10/25/2002,ABI,TX,ASW,CE,Towers with Radar,0,33,26,30,89,0,0,0,53,53,0,33,26,83,142,0,71,71,213
10/26/2002,ABI,TX,ASW,CE,Towers with Radar,0,17,7,4,28,0,5,18,0,23,0,22,25,4,51,8,0,8,59
10/27/2002,ABI,TX,ASW,CE,Towers with Radar,0,0,0,0,0,0,0,0,0,0,0,0,0,0,0,4,0,4,4
10/28/2002,ABI,TX,ASW,CE,Towers with Radar,6,44,16,3,69,0,1,0,5,6,6,45,16,8,75,2,12,14,89
10/29/2002,ABI,TX,ASW,CE,Towers with Radar,0,35,108,11,154,0,0,0,33,33,0,35,108,44,187,102,92,194,381
10/30/2002,ABI,TX,ASW,CE,Towers with Radar,0,37,37,16,90,0,0,0,23,23,0,37,37,39,113,60,62,122,235
10/31/2002,ABI,TX,ASW,CE,Towers with Radar,0,32,43,2,77,1,0,0,12,13,1,32,43,14,90,18,12,30,120
11/01/2002,ABI,TX,ASW,CE,Towers with Radar,0,37,49,5,91,0,1,1,0,2,0,38,50,5,93,0,2,2,95
11/02/2002,ABI,TX,ASW,CE,Towers with Radar,0,24,17,0,41,0,0,1,0,1,0,24,18,0,42,0,0,0,42
11/03/2002,ABI,TX,ASW,CE,Towers with Radar,0,20,18,7,45,0,0,1,0,1,0,20,19,7,46,0,0,0,46
11/04/2002,ABI,TX,ASW,CE,Towers with Radar,0,25,25,21,71,0,0,12,0,12,0,25,37,21,83,2,40,42,125
11/05/2002,ABI,TX,ASW,CE,Towers with Radar,0,31,26,30,87,0,4,42,1,47,0,35,68,31,134,114,80,194,328
11/06/2002,ABI,TX,ASW,CE,Towers with Radar,0,32,28,21,81,0,2,36,0,38,0,34,64,21,119,84,50,134,253
11/07/2002,ABI,TX,ASW,CE,Towers with Radar,0,36,30,35,101,0,30,60,0,90,0,66,90,35,191,120,102,222,413
11/08/2002,ABI,TX,ASW,CE,Towers with Radar,0,34,33,37,104,0,0,50,29,79,0,34,83,66,183,40,110,150,333
11/09/2002,ABI,TX,ASW,CE,Towers with Radar,0,13,11,13,37,0,10,42,4,56,0,23,53,17,93,28,12,40,133
11/10/2002,ABI,TX,ASW,CE,Towers with Radar,0,12,10,5,27,0,5,47,0,52,0,17,57,5,79,48,10,58,137
11/11/2002,ABI,TX,ASW,CE,Towers with Radar,0,18,21,35,74,0,4,53,5,62,0,22,74,40,136,62,50,112,248
11/12/2002,ABI,TX,ASW,CE,Towers with Radar,0,26,17,10,53,0,6,49,6,61,0,32,66,16,114,32,42,74,188
11/13/2002,ABI,TX,ASW,CE,Towers with Radar,0,32,28,31,91,0,0,62,3,65,0,32,90,34,156,34,114,148,304
11/14/2002,ABI,TX,ASW,CE,Towers with Radar,0,28,20,23,71,0,6,51,1,58,0,34,71,24,129,40,122,162,291
11/15/2002,ABI,TX,ASW,CE,Towers with Radar,0,22,33,29,84,0,13,41,1,55,0,35,74,30,139,70,50,120,259
11/16/2002,ABI,TX,ASW,CE,Towers with Radar,0,16,13,15,44,0,7,53,12,72,0,23,66,27,116,72,36,108,224
11/17/2002,ABI,TX,ASW,CE,Towers with Radar,0,13,9,12,34,0,14,91,2,107,0,27,100,14,141,0,0,0,141
11/18/2002,ABI,TX,ASW,CE,Towers with Radar,0,31,26,29,86,0,3,44,6,53,0,34,70,35,139,0,0,0,139
11/19/2002,ABI,TX,ASW,CE,Towers with Radar,1,26,23,66,116,0,4,69,5,78,1,30,92,71,194,94,270,364,558
11/20/2002,ABI,TX,ASW,CE,Towers with Radar,0,39,37,39,115,0,0,76,11,87,0,39,113,50,202,20,112,132,334
11/21/2002,ABI,TX,ASW,CE,Towers with Radar,0,26,31,46,103,0,4,58,5,67,0,30,89,51,170,36,132,168,338
11/22/2002,ABI,TX,ASW,CE,Towers with Radar,0,24,16,30,70,0,10,45,0,55,0,34,61,30,125,24,68,92,217
11/23/2002,ABI,TX,ASW,CE,Towers with Radar,0,15,12,14,41,0,6,47,11,64,0,21,59,25,105,58,90,148,253
11/24/2002,ABI,TX,ASW,CE,Towers with Radar,0,17,13,5,35,0,1,43,0,44,0,18,56,5,79,48,4,52,131
11/25/2002,ABI,TX,ASW,CE,Towers with Radar,0,33,40,43,116,0,0,4,3,7,0,33,44,46,123,26,44,70,193
11/26/2002,ABI,TX,ASW,CE,Towers with Radar,0,29,24,28,81,0,2,19,5,26,0,31,43,33,107,18,92,110,217
11/27/2002,ABI,TX,ASW,CE,Towers with Radar,0,28,24,16,68,0,13,54,0,67,0,41,78,16,135,40,50,90,225
11/28/2002,ABI,TX,ASW,CE,Towers with Radar,0,11,3,0,14,0,0,19,0,19,0,11,22,0,33,0,0,0,33
11/29/2002,ABI,TX,ASW,CE,Towers with Radar,0,15,13,2,30,0,19,54,0,73,0,34,67,2,103,6,2,8,111
11/30/2002,ABI,TX,ASW,CE,Towers with Radar,2,13,20,5,40,0,8,40,0,48,2,21,60,5,88,50,8,58,146
12/01/2002,ABI,TX,ASW,CE,Towers with Radar,0,15,10,0,25,0,4,37,0,41,0,19,47,0,66,16,0,16,82
12/02/2002,ABI,TX,ASW,CE,Towers with Radar,0,15,16,42,73,0,4,45,0,49,0,19,61,42,122,24,96,120,242
12/03/2002,ABI,TX,ASW,CE,Towers with Radar,0,26,17,5,48,0,4,6,0,10,0,30,23,5,58,0,0,0,58
12/04/2002,ABI,TX,ASW,CE,Towers with Radar,0,28,27,21,76,0,3,16,0,19,0,31,43,21,95,32,36,68,163
12/05/2002,ABI,TX,ASW,CE,Towers with Radar,0,37,37,34,108,0,0,20,9,29,0,37,57,43,137,18,102,120,257
12/06/2002,ABI,TX,ASW,CE,Towers with Radar,0,28,14,15,57,0,9,56,0,65,0,37,70,15,122,56,48,104,226
12/07/2002,ABI,TX,ASW,CE,Towers with Radar,2,14,21,19,56,0,7,54,4,65,2,21,75,23,121,74,56,130,251
12/08/2002,ABI,TX,ASW,CE,Towers with Radar,0,15,23,9,47,0,3,2,0,5,0,18,25,9,52,6,0,6,58
12/09/2002,ABI,TX,ASW,CE,Towers with Radar,0,13,12,0,25,0,3,3,0,6,0,16,15,0,31,0,0,0,31
12/10/2002,ABI,TX,ASW,CE,Towers with Radar,0,32,46,47,125,0,4,18,1,23,0,36,64,48,148,22,82,104,252
12/11/2002,ABI,TX,ASW,CE,Towers with Radar,0,31,52,46,129,2,0,3,20,25,2,31,55,66,154,18,122,140,294
12/12/2002,ABI,TX,ASW,CE,Towers with Radar,0,38,41,33,112,0,0,28,0,28,0,38,69,33,140,60,103,163,303
12/13/2002,ABI,TX,ASW,CE,Towers with Radar,2,26,22,31,81,0,11,75,3,89,2,37,97,34,170,24,44,68,238
12/14/2002,ABI,TX,ASW,CE,Towers with Radar,0,8,12,19,39,0,10,54,5,69,0,18,66,24,108,20,56,76,184
12/15/2002,ABI,TX,ASW,CE,Towers with Radar,0,16,9,11,36,0,3,43,0,46,0,19,52,11,82,78,16,94,176
12/16/2002,ABI,TX,ASW,CE,Towers with Radar,0,4,29,28,61,0,0,39,15,54,0,4,68,43,115,62,80,142,257
12/17/2002,ABI,TX,ASW,CE,Towers with Radar,0,34,39,35,108,0,0,26,22,48,0,34,65,57,156,14,120,134,290
12/18/2002,ABI,TX,ASW,CE,Towers with Radar,0,28,30,32,90,0,6,54,5,65,0,34,84,37,155,26,120,146,301
12/19/2002,ABI,TX,ASW,CE,Towers with Radar,0,26,28,26,80,0,0,49,0,49,0,26,77,26,129,8,24,32,161
12/20/2002,ABI,TX,ASW,CE,Towers with Radar,0,24,12,27,63,0,10,68,13,91,0,34,80,40,154,16,90,106,260
12/21/2002,ABI,TX,ASW,CE,Towers with Radar,0,17,8,0,25,0,2,28,9,39,0,19,36,9,64,0,0,0,64
12/22/2002,ABI,TX,ASW,CE,Towers with Radar,0,17,32,0,49,0,4,66,0,70,0,21,98,0,119,80,0,80,199
12/23/2002,ABI,TX,ASW,CE,Towers with Radar,0,22,9,3,34,0,2,3,0,5,0,24,12,3,39,0,0,0,39
12/24/2002,ABI,TX,ASW,CE,Towers with Radar,0,10,8,0,18,0,20,8,0,28,0,30,16,0,46,0,0,0,46
12/25/2002,ABI,TX,ASW,CE,Towers with Radar,0,13,7,0,20,0,2,18,0,20,0,15,25,0,40,12,0,12,52
12/26/2002,ABI,TX,ASW,CE,Towers with Radar,0,27,28,5,60,0,10,62,0,72,0,37,90,5,132,34,8,42,174
12/27/2002,ABI,TX,ASW,CE,Towers with Radar,0,31,28,0,59,0,10,53,4,67,0,41,81,4,126,48,8,56,182
12/28/2002,ABI,TX,ASW,CE,Towers with Radar,0,18,23,7,48,0,6,39,0,45,0,24,62,7,93,98,12,110,203
12/29/2002,ABI,TX,ASW,CE,Towers with Radar,0,22,23,0,45,0,5,29,0,34,0,27,52,0,79,28,0,28,107
12/30/2002,ABI,TX,ASW,CE,Towers with Radar,2,24,6,5,37,0,6,78,15,99,2,30,84,20,136,20,18,38,174
12/31/2002,ABI,TX,ASW,CE,Towers with Radar,0,16,14,5,35,0,15,31,0,46,0,31,45,5,81,56,4,60,141
01/01/2003,ABI,TX,ASW,CE,Towers with Radar,0,15,8,0,23,0,4,14,0,18,0,19,22,0,41,6,0,6,47
01/02/2003,ABI,TX,ASW,CE,Towers with Radar,2,22,16,14,54,0,8,40,2,50,2,30,56,16,104,34,40,74,178
01/03/2003,ABI,TX,ASW,CE,Towers with Radar,0,26,18,8,52,0,10,63,0,73,0,36,81,8,125,32,16,48,173
01/04/2003,ABI,TX,ASW,CE,Towers with Radar,0,13,15,41,69,0,13,57,0,70,0,26,72,41,139,78,86,164,303
01/05/2003,ABI,TX,ASW,CE,Towers with Radar,0,15,23,12,50,0,4,58,0,62,0,19,81,12,112,50,10,60,172
01/06/2003,ABI,TX,ASW,CE,Towers with Radar,0,24,24,37,85,0,6,33,0,39,0,30,57,37,124,0,0,0,124
01/07/2003,ABI,TX,ASW,CE,Towers with Radar,0,29,27,42,98,0,0,25,1,26,0,29,52,43,124,83,98,181,305
01/08/2003,ABI,TX,ASW,CE,Towers with Radar,0,14,16,24,54,0,0,43,0,43,0,14,59,24,97,20,30,50,147
01/09/2003,ABI,TX,ASW,CE,Towers with Radar,0,28,17,53,98,0,5,41,2,48,0,33,58,55,146,4,120,124,270
01/10/2003,ABI,TX,ASW,CE,Towers with Radar,0,27,26,40,93,0,0,33,27,60,0,27,59,67,153,24,106,130,283
01/11/2003,ABI,TX,ASW,CE,Towers with Radar,0,18,20,34,72,0,9,19,1,29,0,27,39,35,101,30,62,92,193
01/12/2003,ABI,TX,ASW,CE,Towers with Radar,2,18,8,22,50,0,1,1,0,2,2,19,9,22,52,0,14,14,66
01/13/2003,ABI,TX,ASW,CE,Towers with Radar,0,22,38,42,102,0,2,43,2,47,0,24,81,44,149,10,58,68,217
01/14/2003,ABI,TX,ASW,CE,Towers with Radar,0,39,38,59,136,0,0,28,12,40,0,39,66,71,176,64,106,170,346
01/15/2003,ABI,TX,ASW,CE,Towers with Radar,0,36,25,31,92,0,4,14,4,22,0,40,39,35,114,30,60,90,204
01/16/2003,ABI,TX,ASW,CE,Towers with Radar,2,25,15,53,95,0,5,31,1,37,2,30,46,54,132,0,126,126,258
01/17/2003,ABI,TX,ASW,CE,Towers with Radar,0,29,23,54,106,0,4,58,7,69,0,33,81,61,175,32,114,146,321
01/18/2003,ABI,TX,ASW,CE,Towers with Radar,0,22,26,20,68,0,12,43,4,59,0,34,69,24,127,68,24,92,219
01/19/2003,ABI,TX,ASW,CE,Towers with Radar,0,22,11,0,33,0,5,64,0,69,0,27,75,0,102,66,0,66,168
01/20/2003,ABI,TX,ASW,CE,Towers with Radar,0,26,23,26,75,0,2,52,0,54,0,28,75,26,129,78,134,212,341
01/21/2003,ABI,TX,ASW,CE,Towers with Radar,0,30,29,38,97,0,4,40,5,49,0,34,69,43,146,16,84,100,246
01/22/2003,ABI,TX,ASW,CE,Towers with Radar,2,34,32,50,118,0,0,17,0,17,2,34,49,50,135,24,92,116,251
01/23/2003,ABI,TX,ASW,CE,Towers with Radar,0,28,15,62,105,0,4,36,11,51,0,32,51,73,156,68,138,206,362
01/24/2003,ABI,TX,ASW,CE,Towers with Radar,0,29,26,30,85,0,7,29,83,119,0,36,55,113,204,18,42,60,264
01/25/2003,ABI,TX,ASW,CE,Towers with Radar,0,12,11,0,23,2,15,5,0,22,2,27,16,0,45,8,0,8,53
01/26/2003,ABI,TX,ASW,CE,Towers with Radar,0,0,0,0,0,0,0,0,0,0,0,0,0,0,0,0,0,0,0
01/27/2003,ABI,TX,ASW,CE,Towers with Radar,0,26,23,18,67,0,0,32,0,32,0,26,55,18,99,50,44,94,193
01/28/2003,ABI,TX,ASW,CE,Towers with Radar,0,33,25,41,99,0,3,22,5,30,0,36,47,46,129,6,94,100,229
01/29/2003,ABI,TX,ASW,CE,Towers with Radar,0,38,39,59,136,2,0,22,16,40,2,38,61,75,176,6,150,156,332
01/30/2003,ABI,TX,ASW,CE,Towers with Radar,0,30,23,64,117,0,2,42,20,64,0,32,65,84,181,70,156,226,407
01/31/2003,ABI,TX,ASW,CE,Towers with Radar,0,27,24,36,87,0,4,66,0,70,0,31,90,36,157,30,50,80,237
02/01/2003,ABI,TX,ASW,CE,Towers with Radar,1,14,13,8,36,1,8,85,0,94,2,22,98,8,130,68,4,72,202
02/02/2003,ABI,TX,ASW,CE,Towers with Radar,0,10,11,5,26,0,20,41,0,61,0,30,52,5,87,34,0,34,121
02/03/2003,ABI,TX,ASW,CE,Towers with Radar,0,21,20,69,110,0,5,20,9,34,0,26,40,78,144,0,0,0,144
02/04/2003,ABI,TX,ASW,CE,Towers with Radar,0,23,20,49,92,0,6,59,8,73,0,29,79,57,165,30,172,202,367
02/05/2003,ABI,TX,ASW,CE,Towers with Radar,0,37,48,37,122,1,0,12,0,13,1,37,60,37,135,0,0,0,135
02/06/2003,ABI,TX,ASW,CE,Towers with Radar,0,28,29,12,69,0,11,10,0,21,0,39,39,12,90,2,11,13,103
02/07/2003,ABI,TX,ASW,CE,Towers with Radar,0,30,36,11,77,0,6,9,1,16,0,36,45,12,93,24,24,48,141
02/08/2003,ABI,TX,ASW,CE,Towers with Radar,2,16,10,8,36,0,3,14,1,18,2,19,24,9,54,42,42,84,138
02/09/2003,ABI,TX,ASW,CE,Towers with Radar,0,8,10,0,18,0,15,30,0,45,0,23,40,0,63,16,0,16,79
02/10/2003,ABI,TX,ASW,CE,Towers with Radar,0,27,29,27,83,0,0,46,28,74,0,27,75,55,157,12,96,108,265
02/11/2003,ABI,TX,ASW,CE,Towers with Radar,0,35,47,44,126,0,0,39,54,93,0,35,86,98,219,22,232,254,473
02/12/2003,ABI,TX,ASW,CE,Towers with Radar,0,43,45,42,130,1,0,35,10,46,1,43,80,52,176,28,114,142,318
02/13/2003,ABI,TX,ASW,CE,Towers with Radar,0,25,11,21,57,0,6,13,5,24,0,31,24,26,81,38,22,60,141
02/14/2003,ABI,TX,ASW,CE,Towers with Radar,0,27,28,23,78,0,4,7,0,11,0,31,35,23,89,32,54,86,175
02/15/2003,ABI,TX,ASW,CE,Towers with Radar,0,15,16,14,45,0,17,23,0,40,0,32,39,14,85,24,32,56,141
02/16/2003,ABI,TX,ASW,CE,Towers with Radar,0,22,19,0,41,0,4,36,0,40,0,26,55,0,81,100,0,100,181
02/17/2003,ABI,TX,ASW,CE,Towers with Radar,0,18,35,2,55,0,11,77,4,92,0,29,112,6,147,52,0,52,199
02/18/2003,ABI,TX,ASW,CE,Towers with Radar,0,30,18,46,94,0,4,62,1,67,0,34,80,47,161,28,68,96,257
02/19/2003,ABI,TX,ASW,CE,Towers with Radar,0,36,46,46,128,0,0,19,9,28,0,36,65,55,156,38,78,116,272
02/20/2003,ABI,TX,ASW,CE,Towers with Radar,0,29,27,11,67,0,0,6,0,6,0,29,33,11,73,0,8,8,81
02/21/2003,ABI,TX,ASW,CE,Towers with Radar,0,24,21,9,54,0,8,17,0,25,0,32,38,9,79,8,125,133,212
02/22/2003,ABI,TX,ASW,CE,Towers with Radar,0,22,20,21,63,0,10,78,14,102,0,32,98,35,165,62,88,150,315
02/23/2003,ABI,TX,ASW,CE,Towers with Radar,0,17,24,16,57,0,3,35,0,38,0,20,59,16,95,6,56,62,157
02/24/2003,ABI,TX,ASW,CE,Towers with Radar,0,8,6,19,33,0,0,5,0,5,0,8,11,19,38,0,24,24,62
02/25/2003,ABI,TX,ASW,CE,Towers with Radar,0,25,6,0,31,0,0,8,0,8,0,25,14,0,39,0,0,0,39
02/26/2003,ABI,TX,ASW,CE,Towers with Radar,0,29,13,6,48,0,0,2,2,4,0,29,15,8,52,0,0,0,52
02/27/2003,ABI,TX,ASW,CE,Towers with Radar,0,30,46,15,91,0,0,32,2,34,0,30,78,17,125,34,48,82,207
02/28/2003,ABI,TX,ASW,CE,Towers with Radar,0,35,42,27,104,0,2,32,1,35,0,37,74,28,139,50,52,102,241
03/01/2003,ABI,TX,ASW,CE,Towers with Radar,0,22,25,4,51,0,2,24,1,27,0,24,49,5,78,44,8,52,130
03/02/2003,ABI,TX,ASW,CE,Towers with Radar,0,9,8,2,19,0,5,17,0,22,0,14,25,2,41,2,0,2,43
03/03/2003,ABI,TX,ASW,CE,Towers with Radar,0,17,14,16,47,0,10,582,43,635,0,27,596,59,682,30,58,88,770
03/04/2003,ABI,TX,ASW,CE,Towers with Radar,0,27,27,5,59,0,3,24,0,27,0,30,51,5,86,26,34,60,146
03/05/2003,ABI,TX,ASW,CE,Towers with Radar,0,36,42,43,121,0,0,53,6,59,0,36,95,49,180,58,168,226,406
03/06/2003,ABI,TX,ASW,CE,Towers with Radar,1,28,29,26,84,6,9,67,0,82,7,37,96,26,166,38,114,152,318
03/07/2003,ABI,TX,ASW,CE,Towers with Radar,0,21,23,36,80,0,9,62,6,77,0,30,85,42,157,46,142,188,345
03/08/2003,ABI,TX,ASW,CE,Towers with Radar,0,17,17,17,51,0,6,103,20,129,0,23,120,37,180,40,72,112,292
03/09/2003,ABI,TX,ASW,CE,Towers with Radar,0,16,17,16,49,0,4,33,3,40,0,20,50,19,89,52,14,66,155
03/10/2003,ABI,TX,ASW,CE,Towers with Radar,0,29,29,28,86,0,0,30,0,30,0,29,59,28,116,0,0,0,116
03/11/2003,ABI,TX,ASW,CE,Towers with Radar,0,22,32,33,87,1,0,40,16,57,1,22,72,49,144,78,156,234,378
03/12/2003,ABI,TX,ASW,CE,Towers with Radar,0,31,19,31,81,0,12,36,2,50,0,43,55,33,131,72,102,174,305
03/13/2003,ABI,TX,ASW,CE,Towers with Radar,0,28,30,44,102,0,5,44,18,67,0,33,74,62,169,34,140,174,343
03/14/2003,ABI,TX,ASW,CE,Towers with Radar,0,27,31,42,100,0,9,48,3,60,0,36,79,45,160,56,154,210,370
03/15/2003,ABI,TX,ASW,CE,Towers with Radar,0,16,16,0,32,0,5,47,0,52,0,21,63,0,84,60,0,60,144
03/16/2003,ABI,TX,ASW,CE,Towers with Radar,0,19,19,8,46,0,6,32,0,38,0,25,51,8,84,32,24,56,140
03/17/2003,ABI,TX,ASW,CE,Towers with Radar,0,18,18,24,60,0,3,28,2,33,0,21,46,26,93,26,38,64,157
03/18/2003,ABI,TX,ASW,CE,Towers with Radar,0,24,13,26,63,0,4,37,3,44,0,28,50,29,107,18,18,36,143
03/19/2003,ABI,TX,ASW,CE,Towers with Radar,0,33,33,33,99,0,6,27,1,34,0,39,60,34,133,10,48,58,191
03/20/2003,ABI,TX,ASW,CE,Towers with Radar,0,28,42,39,109,0,4,35,4,43,0,32,77,43,152,30,102,132,284
03/21/2003,ABI,TX,ASW,CE,Towers with Radar,0,27,17,49,93,0,4,35,5,44,0,31,52,54,137,24,128,152,289
03/22/2003,ABI,TX,ASW,CE,Towers with Radar,2,23,34,1,60,0,3,12,2,17,2,26,46,3,77,38,18,56,133
03/23/2003,ABI,TX,ASW,CE,Towers with Radar,0,15,9,23,47,0,2,58,1,61,0,17,67,24,108,20,56,76,184
03/24/2003,ABI,TX,ASW,CE,Towers with Radar,0,27,25,22,74,2,2,39,0,43,2,29,64,22,117,20,38,58,175
03/25/2003,ABI,TX,ASW,CE,Towers with Radar,0,29,29,20,78,0,2,17,2,21,0,31,46,22,99,32,48,80,179
03/26/2003,ABI,TX,ASW,CE,Towers with Radar,0,32,31,33,96,0,0,64,28,92,0,32,95,61,188,50,194,244,432
03/27/2003,ABI,TX,ASW,CE,Towers with Radar,0,30,28,12,70,2,8,26,0,36,2,38,54,12,106,14,4,18,124
03/28/2003,ABI,TX,ASW,CE,Towers with Radar,0,28,32,31,91,0,0,29,0,29,0,28,61,31,120,78,64,142,262
03/29/2003,ABI,TX,ASW,CE,Towers with Radar,0,17,9,4,30,0,16,33,0,49,0,33,42,4,79,80,18,98,177
03/30/2003,ABI,TX,ASW,CE,Towers with Radar,0,12,11,11,34,0,9,36,0,45,0,21,47,11,79,18,20,38,117
03/31/2003,ABI,TX,ASW,CE,Towers with Radar,0,22,25,27,74,0,0,39,24,63,0,22,64,51,137,0,0,0,137
04/01/2003,ABI,TX,ASW,CE,Towers with Radar,0,29,16,35,80,0,8,40,0,48,0,37,56,35,128,26,102,128,256
04/02/2003,ABI,TX,ASW,CE,Towers with Radar,0,31,25,65,121,0,11,47,3,61,0,42,72,68,182,94,102,196,378
04/03/2003,ABI,TX,ASW,CE,Towers with Radar,0,31,24,40,95,0,4,38,3,45,0,35,62,43,140,66,118,184,324
04/04/2003,ABI,TX,ASW,CE,Towers with Radar,0,28,20,41,89,0,4,32,3,39,0,32,52,44,128,30,96,126,254
04/05/2003,ABI,TX,ASW,CE,Towers with Radar,2,24,13,0,39,0,4,17,0,21,2,28,30,0,60,92,0,92,152
04/06/2003,ABI,TX,ASW,CE,Towers with Radar,1,15,15,8,39,0,2,30,0,32,1,17,45,8,71,10,20,30,101
04/07/2003,ABI,TX,ASW,CE,Towers with Radar,0,15,22,47,84,0,2,54,1,57,0,17,76,48,141,74,94,168,309
04/08/2003,ABI,TX,ASW,CE,Towers with Radar,0,28,7,28,63,0,3,49,3,55,0,31,56,31,118,34,92,126,244
04/09/2003,ABI,TX,ASW,CE,Towers with Radar,0,32,15,59,106,0,10,71,2,83,0,42,86,61,189,126,152,278,467
04/10/2003,ABI,TX,ASW,CE,Towers with Radar,0,27,18,30,75,0,6,48,3,57,0,33,66,33,132,60,58,118,250
04/11/2003,ABI,TX,ASW,CE,Towers with Radar,0,25,16,23,64,0,15,69,0,84,0,40,85,23,148,42,54,96,244
04/12/2003,ABI,TX,ASW,CE,Towers with Radar,0,18,15,19,52,0,6,69,0,75,0,24,84,19,127,100,34,134,261
04/13/2003,ABI,TX,ASW,CE,Towers with Radar,0,27,15,15,57,0,1,44,0,45,0,28,59,15,102,36,18,54,156
04/14/2003,ABI,TX,ASW,CE,Towers with Radar,0,27,6,39,72,0,7,54,1,62,0,34,60,40,134,40,76,116,250
04/15/2003,ABI,TX,ASW,CE,Towers with Radar,0,30,28,19,77,0,2,15,2,19,0,32,43,21,96,0,32,32,128
04/16/2003,ABI,TX,ASW,CE,Towers with Radar,0,51,28,35,114,0,4,54,7,65,0,55,82,42,179,16,146,162,341
04/17/2003,ABI,TX,ASW,CE,Towers with Radar,0,27,17,40,84,0,6,64,0,70,0,33,81,40,154,78,86,164,318
04/18/2003,ABI,TX,ASW,CE,Towers with Radar,0,25,20,25,70,0,8,43,6,57,0,33,63,31,127,76,102,178,305
04/19/2003,ABI,TX,ASW,CE,Towers with Radar,0,16,13,8,37,0,3,21,2,26,0,19,34,10,63,18,16,34,97
04/20/2003,ABI,TX,ASW,CE,Towers with Radar,0,17,13,0,30,0,0,42,2,44,0,17,55,2,74,28,0,28,102
04/21/2003,ABI,TX,ASW,CE,Towers with Radar,0,2,16,1,19,0,0,47,0,47,0,2,63,1,66,54,76,130,196
04/22/2003,ABI,TX,ASW,CE,Towers with Radar,0,27,32,11,70,0,5,17,0,22,0,32,49,11,92,30,2,32,124
04/23/2003,ABI,TX,ASW,CE,Towers with Radar,8,29,22,26,85,0,0,14,0,14,8,29,36,26,99,40,28,68,167
04/24/2003,ABI,TX,ASW,CE,Towers with Radar,0,22,29,44,95,0,5,39,22,66,0,27,68,66,161,46,74,120,281
04/25/2003,ABI,TX,ASW,CE,Towers with Radar,0,33,31,38,102,0,11,71,16,98,0,44,102,54,200,144,92,236,436
04/26/2003,ABI,TX,ASW,CE,Towers with Radar,0,14,10,11,35,0,15,65,1,81,0,29,75,12,116,136,32,168,284
04/27/2003,ABI,TX,ASW,CE,Towers with Radar,0,13,15,5,33,0,0,30,0,30,0,13,45,5,63,4,6,10,73
04/28/2003,ABI,TX,ASW,CE,Towers with Radar,0,21,17,23,61,0,3,33,0,36,0,24,50,23,97,90,24,114,211
04/29/2003,ABI,TX,ASW,CE,Towers with Radar,0,23,33,28,84,0,4,42,2,48,0,27,75,30,132,52,48,100,232
04/30/2003,ABI,TX,ASW,CE,Towers with Radar,0,27,34,23,84,0,4,45,0,49,0,31,79,23,133,100,28,128,261
05/01/2003,ABI,TX,ASW,CE,Towers with Radar,6,25,25,17,73,0,4,50,3,57,6,29,75,20,130,84,96,180,310
05/02/2003,ABI,TX,ASW,CE,Towers with Radar,0,30,22,34,86,0,4,25,3,32,0,34,47,37,118,60,34,94,212
05/03/2003,ABI,TX,ASW,CE,Towers with Radar,0,22,21,15,58,0,3,30,0,33,0,25,51,15,91,100,44,144,235
05/04/2003,ABI,TX,ASW,CE,Towers with Radar,0,10,11,3,24,0,4,19,0,23,0,14,30,3,47,0,0,0,47
05/05/2003,ABI,TX,ASW,CE,Towers with Radar,0,24,27,36,87,0,2,55,20,77,0,26,82,56,164,50,124,174,338
05/06/2003,ABI,TX,ASW,CE,Towers with Radar,0,33,36,54,123,0,3,47,15,65,0,36,83,69,188,42,140,182,370
05/07/2003,ABI,TX,ASW,CE,Towers with Radar,0,28,9,30,67,0,4,38,2,44,0,32,47,32,111,32,124,156,267
05/08/2003,ABI,TX,ASW,CE,Towers with Radar,1,33,16,38,88,0,7,38,6,51,1,40,54,44,139,78,38,116,255
05/09/2003,ABI,TX,ASW,CE,Towers with Radar,0,27,36,18,81,0,4,35,3,42,0,31,71,21,123,50,26,76,199
05/10/2003,ABI,TX,ASW,CE,Towers with Radar,0,24,17,0,41,0,6,29,0,35,0,30,46,0,76,14,0,14,90
05/11/2003,ABI,TX,ASW,CE,Towers with Radar,0,16,14,20,50,0,1,48,1,50,0,17,62,21,100,34,42,76,176
05/12/2003,ABI,TX,ASW,CE,Towers with Radar,0,19,23,53,95,0,0,39,10,49,0,19,62,63,144,0,0,0,144
05/13/2003,ABI,TX,ASW,CE,Towers with Radar,0,25,35,73,133,0,6,33,4,43,0,31,68,77,176,88,176,264,440
05/14/2003,ABI,TX,ASW,CE,Towers with Radar,0,30,21,39,90,0,9,54,4,67,0,39,75,43,157,54,46,100,257
05/15/2003,ABI,TX,ASW,CE,Towers with Radar,0,28,36,46,110,0,4,25,0,29,0,32,61,46,139,60,66,126,265
05/16/2003,ABI,TX,ASW,CE,Towers with Radar,0,13,15,3,31,0,2,70,1,73,0,15,85,4,104,42,0,42,146
05/17/2003,ABI,TX,ASW,CE,Towers with Radar,0,24,11,18,53,0,6,58,1,65,0,30,69,19,118,56,82,138,256
05/18/2003,ABI,TX,ASW,CE,Towers with Radar,0,13,15,3,31,0,2,106,1,109,0,15,121,4,140,42,0,42,182
05/19/2003,ABI,TX,ASW,CE,Towers with Radar,0,22,12,13,47,0,5,50,2,57,0,27,62,15,104,30,26,56,160
05/20/2003,ABI,TX,ASW,CE,Towers with Radar,0,36,5,3,44,0,0,2,0,2,0,36,7,3,46,32,0,32,78
05/21/2003,ABI,TX,ASW,CE,Towers with Radar,0,37,43,53,133,0,0,12,1,13,0,37,55,54,146,62,90,152,298
05/22/2003,ABI,TX,ASW,CE,Towers with Radar,0,29,37,49,115,0,2,10,2,14,0,31,47,51,129,70,72,142,271
05/23/2003,ABI,TX,ASW,CE,Towers with Radar,0,30,39,16,85,0,8,59,4,71,0,38,98,20,156,50,42,92,248
05/24/2003,ABI,TX,ASW,CE,Towers with Radar,0,13,15,0,28,0,12,43,0,55,0,25,58,0,83,88,0,88,171
05/25/2003,ABI,TX,ASW,CE,Towers with Radar,0,18,9,0,27,0,0,21,0,21,0,18,30,0,48,44,0,44,92
05/26/2003,ABI,TX,ASW,CE,Towers with Radar,0,16,24,2,42,0,1,9,0,10,0,17,33,2,52,46,0,46,98
05/27/2003,ABI,TX,ASW,CE,Towers with Radar,0,27,24,32,83,0,11,45,0,56,0,38,69,32,139,64,94,158,297
05/28/2003,ABI,TX,ASW,CE,Towers with Radar,0,27,26,35,88,0,8,64,2,74,0,35,90,37,162,100,52,152,314
05/29/2003,ABI,TX,ASW,CE,Towers with Radar,0,24,24,32,80,0,9,66,4,79,0,33,90,36,159,96,144,240,399
05/30/2003,ABI,TX,ASW,CE,Towers with Radar,0,26,12,18,56,0,13,73,8,94,0,39,85,26,150,48,62,110,260
05/31/2003,ABI,TX,ASW,CE,Towers with Radar,0,17,12,23,52,0,4,36,2,42,0,21,48,25,94,54,52,106,200
06/01/2003,ABI,TX,ASW,CE,Towers with Radar,0,20,8,6,34,0,1,45,1,47,0,21,53,7,81,34,0,34,115
06/02/2003,ABI,TX,ASW,CE,Towers with Radar,0,19,16,38,73,0,8,58,3,69,0,27,74,41,142,0,0,0,142
06/03/2003,ABI,TX,ASW,CE,Towers with Radar,0,29,18,24,71,0,6,40,1,47,0,35,58,25,118,106,76,182,300
06/04/2003,ABI,TX,ASW,CE,Towers with Radar,0,22,19,22,63,0,11,41,1,53,0,33,60,23,116,44,42,86,202
06/05/2003,ABI,TX,ASW,CE,Towers with Radar,0,30,25,41,96,0,8,22,1,31,0,38,47,42,127,44,56,100,227
06/06/2003,ABI,TX,ASW,CE,Towers with Radar,0,31,30,45,106,0,10,39,3,52,0,41,69,48,158,146,80,226,384
06/07/2003,ABI,TX,ASW,CE,Towers with Radar,0,21,15,6,42,0,4,70,2,76,0,25,85,8,118,118,20,138,256
06/08/2003,ABI,TX,ASW,CE,Towers with Radar,0,21,10,0,31,0,1,20,0,21,0,22,30,0,52,6,4,10,62
06/09/2003,ABI,TX,ASW,CE,Towers with Radar,1,21,21,28,71,0,6,46,0,52,1,27,67,28,123,4,58,62,185
06/10/2003,ABI,TX,ASW,CE,Towers with Radar,2,26,23,36,87,0,7,38,6,51,2,33,61,42,138,32,70,102,240
06/11/2003,ABI,TX,ASW,CE,Towers with Radar,0,27,18,44,89,0,5,34,3,42,0,32,52,47,131,46,70,116,247
06/12/2003,ABI,TX,ASW,CE,Towers with Radar,15,24,31,26,96,0,9,30,6,45,15,33,61,32,141,96,82,178,319
06/13/2003,ABI,TX,ASW,CE,Towers with Radar,4,46,19,15,84,0,1,11,0,12,4,47,30,15,96,6,12,18,114
06/14/2003,ABI,TX,ASW,CE,Towers with Radar,0,19,12,10,41,0,9,239,1,249,0,28,251,11,290,114,16,130,420
06/15/2003,ABI,TX,ASW,CE,Towers with Radar,0,20,21,4,45,0,0,46,0,46,0,20,67,4,91,24,0,24,115
06/16/2003,ABI,TX,ASW,CE,Towers with Radar,0,18,17,31,66,0,7,40,5,52,0,25,57,36,118,54,82,136,254
06/17/2003,ABI,TX,ASW,CE,Towers with Radar,0,24,26,37,87,0,12,35,9,56,0,36,61,46,143,89,66,155,298
06/18/2003,ABI,TX,ASW,CE,Towers with Radar,0,27,27,47,101,0,9,44,4,57,0,36,71,51,158,68,78,146,304
06/19/2003,ABI,TX,ASW,CE,Towers with Radar,0,34,21,58,113,0,10,35,5,50,0,44,56,63,163,46,128,174,337
06/20/2003,ABI,TX,ASW,CE,Towers with Radar,0,28,28,50,106,0,8,51,7,66,0,36,79,57,172,72,116,188,360
06/21/2003,ABI,TX,ASW,CE,Towers with Radar,0,22,9,6,37,0,4,47,1,52,0,26,56,7,89,68,14,82,171
06/22/2003,ABI,TX,ASW,CE,Towers with Radar,0,15,9,12,36,0,1,48,0,49,0,16,57,12,85,10,14,24,109
06/23/2003,ABI,TX,ASW,CE,Towers with Radar,0,18,14,26,58,0,6,32,2,40,0,24,46,28,98,10,74,84,182
06/24/2003,ABI,TX,ASW,CE,Towers with Radar,0,21,24,31,76,0,6,40,0,46,0,27,64,31,122,18,48,66,188
06/25/2003,ABI,TX,ASW,CE,Towers with Radar,2,33,22,90,147,0,8,50,1,59,2,41,72,91,206,36,164,200,406
06/26/2003,ABI,TX,ASW,CE,Towers with Radar,0,37,31,31,99,0,2,12,18,32,0,39,43,49,131,26,62,88,219
06/27/2003,ABI,TX,ASW,CE,Towers with Radar,0,30,25,46,101,0,5,17,0,22,0,35,42,46,123,22,58,80,203
06/28/2003,ABI,TX,ASW,CE,Towers with Radar,0,23,11,4,38,0,6,40,2,48,0,29,51,6,86,98,2,100,186
06/29/2003,ABI,TX,ASW,CE,Towers with Radar,2,19,15,7,43,0,0,43,0,43,2,19,58,7,86,40,12,52,138
06/30/2003,ABI,TX,ASW,CE,Towers with Radar,0,16,16,68,100,0,6,61,12,79,0,22,77,80,179,92,128,220,399
07/01/2003,ABI,TX,ASW,CE,Towers with Radar,0,17,9,28,54,0,6,62,4,72,0,23,71,32,126,44,62,106,232
07/02/2003,ABI,TX,ASW,CE,Towers with Radar,4,22,18,39,83,0,12,63,2,77,4,34,81,41,160,78,52,130,290
07/03/2003,ABI,TX,ASW,CE,Towers with Radar,2,28,14,17,61,0,9,47,1,57,2,37,61,18,118,62,44,106,224
07/04/2003,ABI,TX,ASW,CE,Towers with Radar,0,12,4,0,16,0,4,67,0,71,0,16,71,0,87,24,0,24,111
07/05/2003,ABI,TX,ASW,CE,Towers with Radar,0,15,11,0,26,0,2,26,0,28,0,17,37,0,54,20,0,20,74
07/06/2003,ABI,TX,ASW,CE,Towers with Radar,0,12,23,2,37,0,6,25,0,31,0,18,48,2,68,2,2,4,72
07/07/2003,ABI,TX,ASW,CE,Towers with Radar,0,20,19,49,88,0,5,28,2,35,0,25,47,51,123,72,180,252,375
07/08/2003,ABI,TX,ASW,CE,Towers with Radar,0,29,31,49,109,0,3,21,2,26,0,32,52,51,135,94,70,164,299
07/09/2003,ABI,TX,ASW,CE,Towers with Radar,0,26,19,56,101,0,7,46,13,66,0,33,65,69,167,62,114,176,343
07/10/2003,ABI,TX,ASW,CE,Towers with Radar,0,27,13,45,85,0,6,35,22,63,0,33,48,67,148,132,90,222,370
07/11/2003,ABI,TX,ASW,CE,Towers with Radar,0,23,21,38,82,0,10,52,7,69,0,33,73,45,151,136,70,206,357
07/12/2003,ABI,TX,ASW,CE,Towers with Radar,0,14,21,32,67,0,6,62,2,70,0,20,83,34,137,106,50,156,293
07/13/2003,ABI,TX,ASW,CE,Towers with Radar,0,16,12,28,56,0,3,36,2,41,0,19,48,30,97,2,48,50,147
07/14/2003,ABI,TX,ASW,CE,Towers with Radar,0,27,16,57,100,0,16,95,6,117,0,43,111,63,217,112,82,194,411
07/15/2003,ABI,TX,ASW,CE,Towers with Radar,0,32,10,40,82,0,3,25,5,33,0,35,35,45,115,38,90,128,243
07/16/2003,ABI,TX,ASW,CE,Towers with Radar,3,27,28,37,95,0,8,63,12,83,3,35,91,49,178,98,52,150,328
07/17/2003,ABI,TX,ASW,CE,Towers with Radar,0,29,12,48,89,0,8,72,2,82,0,37,84,50,171,136,52,188,359
07/18/2003,ABI,TX,ASW,CE,Towers with Radar,0,24,21,57,102,0,14,36,11,61,0,38,57,68,163,44,108,152,315
07/19/2003,ABI,TX,ASW,CE,Towers with Radar,0,13,13,4,30,0,6,49,0,55,0,19,62,4,85,50,4,54,139
07/20/2003,ABI,TX,ASW,CE,Towers with Radar,0,12,7,46,65,0,3,45,1,49,0,15,52,47,114,14,94,108,222
07/21/2003,ABI,TX,ASW,CE,Towers with Radar,0,17,8,37,62,0,7,49,6,62,0,24,57,43,124,68,72,140,264
07/22/2003,ABI,TX,ASW,CE,Towers with Radar,0,23,19,49,91,0,9,34,4,47,0,32,53,53,138,0,0,0,138
07/23/2003,ABI,TX,ASW,CE,Towers with Radar,0,23,25,20,68,0,9,37,2,48,0,32,62,22,116,122,96,218,334
07/24/2003,ABI,TX,ASW,CE,Towers with Radar,0,25,30,45,100,0,12,57,5,74,0,37,87,50,174,1856,262,2118,2292
07/25/2003,ABI,TX,ASW,CE,Towers with Radar,0,19,26,87,132,0,7,29,12,48,0,26,55,99,180,68,86,154,334
07/26/2003,ABI,TX,ASW,CE,Towers with Radar,0,14,18,2,34,0,3,32,0,35,0,17,50,2,69,20,8,28,97
07/27/2003,ABI,TX,ASW,CE,Towers with Radar,0,14,17,14,45,0,0,31,4,35,0,14,48,18,80,0,0,0,80
07/28/2003,ABI,TX,ASW,CE,Towers with Radar,0,17,12,48,77,0,11,49,2,62,0,28,61,50,139,68,166,234,373
07/29/2003,ABI,TX,ASW,CE,Towers with Radar,0,23,18,50,91,0,10,43,1,54,0,33,61,51,145,62,156,218,363
07/30/2003,ABI,TX,ASW,CE,Towers with Radar,0,28,14,38,80,0,10,33,2,45,0,38,47,40,125,28,92,120,245
07/31/2003,ABI,TX,ASW,CE,Towers with Radar,0,21,22,60,103,0,8,55,4,67,0,29,77,64,170,76,204,280,450
08/01/2003,ABI,TX,ASW,CE,Towers with Radar,0,26,11,83,120,0,8,40,21,69,0,34,51,104,189,16,184,200,389
08/02/2003,ABI,TX,ASW,CE,Towers with Radar,0,15,14,6,35,0,9,53,4,66,0,24,67,10,101,22,38,60,161
08/03/2003,ABI,TX,ASW,CE,Towers with Radar,0,25,4,11,40,0,4,27,0,31,0,29,31,11,71,42,22,64,135
08/04/2003,ABI,TX,ASW,CE,Towers with Radar,0,17,16,46,79,0,6,34,2,42,0,23,50,48,121,87,78,165,286
08/05/2003,ABI,TX,ASW,CE,Towers with Radar,0,22,23,24,69,0,10,40,13,63,0,32,63,37,132,72,72,144,276
08/06/2003,ABI,TX,ASW,CE,Towers with Radar,0,23,25,32,80,0,10,46,4,60,0,33,71,36,140,92,36,128,268
08/07/2003,ABI,TX,ASW,CE,Towers with Radar,0,29,15,30,74,0,7,45,3,55,0,36,60,33,129,40,64,104,233
08/08/2003,ABI,TX,ASW,CE,Towers with Radar,0,24,29,51,104,0,10,34,2,46,0,34,63,53,150,50,74,124,274
08/09/2003,ABI,TX,ASW,CE,Towers with Radar,0,18,13,10,41,0,14,31,0,45,0,32,44,10,86,38,56,94,180
08/10/2003,ABI,TX,ASW,CE,Towers with Radar,0,13,19,30,62,0,2,28,8,38,0,15,47,38,100,40,44,84,184
08/11/2003,ABI,TX,ASW,CE,Towers with Radar,14,22,19,27,82,0,2,35,4,41,14,24,54,31,123,18,38,56,179
08/12/2003,ABI,TX,ASW,CE,Towers with Radar,1,26,20,45,92,0,8,36,5,49,1,34,56,50,141,40,102,142,283
08/13/2003,ABI,TX,ASW,CE,Towers with Radar,1,26,19,27,73,0,7,42,5,54,1,33,61,32,127,74,58,132,259
08/14/2003,ABI,TX,ASW,CE,Towers with Radar,0,24,28,36,88,0,7,26,2,35,0,31,54,38,123,22,100,122,245
08/15/2003,ABI,TX,ASW,CE,Towers with Radar,0,28,11,140,179,0,9,56,12,77,0,37,67,152,256,52,550,602,858
08/16/2003,ABI,TX,ASW,CE,Towers with Radar,0,15,23,16,54,0,3,56,10,69,0,18,79,26,123,10,24,34,157
08/17/2003,ABI,TX,ASW,CE,Towers with Radar,0,14,26,37,77,0,3,50,9,62,0,17,76,46,139,18,54,72,211
08/18/2003,ABI,TX,ASW,CE,Towers with Radar,0,22,36,41,99,0,10,33,3,46,0,32,69,44,145,90,76,166,311
08/19/2003,ABI,TX,ASW,CE,Towers with Radar,0,30,16,26,72,0,11,39,1,51,0,41,55,27,123,48,92,140,263
08/20/2003,ABI,TX,ASW,CE,Towers with Radar,2,22,20,103,147,0,9,75,6,90,2,31,95,109,237,78,144,222,459
08/21/2003,ABI,TX,ASW,CE,Towers with Radar,0,24,14,51,89,0,7,37,4,48,0,31,51,55,137,12,98,110,247
08/22/2003,ABI,TX,ASW,CE,Towers with Radar,0,29,14,23,66,0,8,46,6,60,0,37,60,29,126,26,114,140,266
08/23/2003,ABI,TX,ASW,CE,Towers with Radar,2,24,18,12,56,0,2,48,0,50,2,26,66,12,106,52,20,72,178
08/24/2003,ABI,TX,ASW,CE,Towers with Radar,2,14,10,40,66,0,3,34,0,37,2,17,44,40,103,22,90,112,215
08/25/2003,ABI,TX,ASW,CE,Towers with Radar,0,17,16,22,55,0,6,54,3,63,0,23,70,25,118,0,0,0,118
08/26/2003,ABI,TX,ASW,CE,Towers with Radar,0,33,28,34,95,0,10,33,3,46,0,43,61,37,141,20,88,108,249
08/27/2003,ABI,TX,ASW,CE,Towers with Radar,2,24,15,28,69,0,8,58,7,73,2,32,73,35,142,48,28,76,218
08/28/2003,ABI,TX,ASW,CE,Towers with Radar,1,37,20,18,76,0,11,51,3,65,1,48,71,21,141,52,40,92,233
08/29/2003,ABI,TX,ASW,CE,Towers with Radar,0,38,45,16,99,0,4,44,0,48,0,42,89,16,147,108,20,128,275
08/30/2003,ABI,TX,ASW,CE,Towers with Radar,0,19,7,0,26,0,5,9,0,14,0,24,16,0,40,0,0,0,40
08/31/2003,ABI,TX,ASW,CE,Towers with Radar,0,15,18,0,33,0,1,2,0,3,0,16,20,0,36,0,0,0,36
09/01/2003,ABI,TX,ASW,CE,Towers with Radar,0,24,44,6,74,0,5,13,0,18,0,29,57,6,92,82,2,84,176
09/02/2003,ABI,TX,ASW,CE,Towers with Radar,0,25,45,42,112,0,8,30,19,57,0,33,75,61,169,100,52,152,321
09/03/2003,ABI,TX,ASW,CE,Towers with Radar,0,34,11,85,130,0,12,49,4,65,0,46,60,89,195,50,142,192,387
09/04/2003,ABI,TX,ASW,CE,Towers with Radar,2,37,28,16,83,0,7,34,2,43,2,44,62,18,126,94,24,118,244
09/05/2003,ABI,TX,ASW,CE,Towers with Radar,0,37,26,49,112,0,8,59,4,71,0,45,85,53,183,80,100,180,363
09/06/2003,ABI,TX,ASW,CE,Towers with Radar,0,20,17,18,55,0,3,82,0,85,0,23,99,18,140,50,60,110,250
09/07/2003,ABI,TX,ASW,CE,Towers with Radar,0,19,20,12,51,0,0,70,0,70,0,19,90,12,121,24,50,74,195
09/08/2003,ABI,TX,ASW,CE,Towers with Radar,2,28,11,16,57,0,6,47,0,53,2,34,58,16,110,72,24,96,206
09/09/2003,ABI,TX,ASW,CE,Towers with Radar,0,37,14,36,87,0,8,35,4,47,0,45,49,40,134,40,116,156,290
09/10/2003,ABI,TX,ASW,CE,Towers with Radar,0,23,21,44,88,0,7,49,7,63,0,30,70,51,151,72,78,150,301
09/11/2003,ABI,TX,ASW,CE,Towers with Radar,7,29,29,13,78,0,4,7,0,11,7,33,36,13,89,0,14,14,103
09/12/2003,ABI,TX,ASW,CE,Towers with Radar,1,37,25,68,131,0,9,33,7,49,1,46,58,75,180,80,248,328,508
09/13/2003,ABI,TX,ASW,CE,Towers with Radar,0,1,49,7,57,0,20,27,19,66,0,21,76,26,123,72,54,126,249
09/14/2003,ABI,TX,ASW,CE,Towers with Radar,0,0,21,0,21,2,14,18,4,38,2,14,39,4,59,12,0,12,71
09/15/2003,ABI,TX,ASW,CE,Towers with Radar,0,23,20,26,69,0,8,36,4,48,0,31,56,30,117,42,40,82,199
09/16/2003,ABI,TX,ASW,CE,Towers with Radar,0,27,9,16,52,0,7,68,4,79,0,34,77,20,131,48,70,118,249
09/17/2003,ABI,TX,ASW,CE,Towers with Radar,0,27,24,23,74,0,7,60,2,69,0,34,84,25,143,42,152,194,337
09/18/2003,ABI,TX,ASW,CE,Towers with Radar,0,33,28,27,88,0,6,27,1,34,0,39,55,28,122,12,38,50,172
09/19/2003,ABI,TX,ASW,CE,Towers with Radar,0,33,31,39,103,0,7,77,2,86,0,40,108,41,189,56,70,126,315
09/20/2003,ABI,TX,ASW,CE,Towers with Radar,0,21,14,2,37,0,3,422,0,425,0,24,436,2,462,72,36,108,570
09/21/2003,ABI,TX,ASW,CE,Towers with Radar,0,20,24,20,64,0,4,39,0,43,0,24,63,20,107,34,26,60,167
09/22/2003,ABI,TX,ASW,CE,Towers with Radar,0,27,18,15,60,0,7,39,6,52,0,34,57,21,112,20,70,90,202
09/23/2003,ABI,TX,ASW,CE,Towers with Radar,0,35,16,17,68,0,7,54,0,61,0,42,70,17,129,102,42,144,273
09/24/2003,ABI,TX,ASW,CE,Towers with Radar,0,24,14,22,60,0,8,48,4,60,0,32,62,26,120,94,46,140,260
09/25/2003,ABI,TX,ASW,CE,Towers with Radar,0,32,29,31,92,0,3,30,0,33,0,35,59,31,125,46,34,80,205
09/26/2003,ABI,TX,ASW,CE,Towers with Radar,0,32,25,14,71,0,6,48,10,64,0,38,73,24,135,76,28,104,239
09/27/2003,ABI,TX,ASW,CE,Towers with Radar,0,27,7,4,38,0,7,30,1,38,0,34,37,5,76,40,0,40,116
09/28/2003,ABI,TX,ASW,CE,Towers with Radar,0,18,5,0,23,0,0,36,0,36,0,18,41,0,59,30,0,30,89
09/29/2003,ABI,TX,ASW,CE,Towers with Radar,0,24,16,14,54,0,7,44,0,51,0,31,60,14,105,36,18,54,159
09/30/2003,ABI,TX,ASW,CE,Towers with Radar,0,36,9,9,54,0,8,56,0,64,0,44,65,9,118,152,22,174,292
10/01/2003,ABI,TX,ASW,CE,Towers with Radar,0,0,36,31,67,0,32,33,0,65,0,32,69,31,132,40,38,78,210
10/02/2003,ABI,TX,ASW,CE,Towers with Radar,2,0,29,30,61,0,49,36,0,85,2,49,65,30,146,54,56,110,256
10/03/2003,ABI,TX,ASW,CE,Towers with Radar,0,0,15,27,42,0,40,65,3,108,0,40,80,30,150,82,42,124,274
10/04/2003,ABI,TX,ASW,CE,Towers with Radar,0,0,20,10,30,0,28,45,0,73,0,28,65,10,103,102,8,110,213
10/05/2003,ABI,TX,ASW,CE,Towers with Radar,0,0,20,17,37,0,18,17,0,35,0,18,37,17,72,28,8,36,108
10/06/2003,ABI,TX,ASW,CE,Towers with Radar,0,0,21,16,37,0,31,11,0,42,0,31,32,16,79,16,28,44,123
10/07/2003,ABI,TX,ASW,CE,Towers with Radar,0,0,16,40,56,0,37,10,0,47,0,37,26,40,103,8,74,82,185
10/08/2003,ABI,TX,ASW,CE,Towers with Radar,0,0,29,52,81,0,39,11,0,50,0,39,40,52,131,42,84,126,257
10/09/2003,ABI,TX,ASW,CE,Towers with Radar,0,0,43,46,89,0,45,11,0,56,0,45,54,46,145,30,100,130,275
10/10/2003,ABI,TX,ASW,CE,Towers with Radar,0,0,16,35,51,0,44,14,0,58,0,44,30,35,109,112,120,232,341
10/11/2003,ABI,TX,ASW,CE,Towers with Radar,0,0,7,2,9,0,26,5,0,31,0,26,12,2,40,0,0,0,40
10/12/2003,ABI,TX,ASW,CE,Towers with Radar,0,0,10,2,12,0,17,0,0,17,0,17,10,2,29,32,0,32,61
10/13/2003,ABI,TX,ASW,CE,Towers with Radar,0,4,25,4,33,0,28,19,0,47,0,32,44,4,80,42,0,42,122
10/14/2003,ABI,TX,ASW,CE,Towers with Radar,0,41,13,15,69,0,0,40,8,48,0,41,53,23,117,98,32,130,247
10/15/2003,ABI,TX,ASW,CE,Towers with Radar,0,45,20,19,84,0,0,47,9,56,0,45,67,28,140,40,36,76,216
10/16/2003,ABI,TX,ASW,CE,Towers with Radar,0,42,23,26,91,0,0,49,10,59,0,42,72,36,150,30,68,98,248
10/17/2003,ABI,TX,ASW,CE,Towers with Radar,0,46,18,21,85,0,0,47,21,68,0,46,65,42,153,62,72,134,287
10/18/2003,ABI,TX,ASW,CE,Towers with Radar,0,0,15,6,21,0,22,64,5,91,0,22,79,11,112,32,20,52,164
10/19/2003,ABI,TX,ASW,CE,Towers with Radar,0,0,23,6,29,0,22,39,1,62,0,22,62,7,91,22,2,24,115
10/20/2003,ABI,TX,ASW,CE,Towers with Radar,0,33,13,14,60,0,0,51,8,59,0,33,64,22,119,80,36,116,235
10/21/2003,ABI,TX,ASW,CE,Towers with Radar,0,43,12,22,77,0,0,52,8,60,0,43,64,30,137,28,74,102,239
10/22/2003,ABI,TX,ASW,CE,Towers with Radar,0,19,26,39,84,0,16,41,7,64,0,35,67,46,148,46,40,86,234
10/23/2003,ABI,TX,ASW,CE,Towers with Radar,0,34,21,17,72,0,0,57,11,68,0,34,78,28,140,62,34,96,236
10/24/2003,ABI,TX,ASW,CE,Towers with Radar,0,42,25,39,106,0,0,68,10,78,0,42,93,49,184,0,0,0,184
10/25/2003,ABI,TX,ASW,CE,Towers with Radar,0,0,14,2,16,0,27,25,0,52,0,27,39,2,68,30,8,38,106
10/26/2003,ABI,TX,ASW,CE,Towers with Radar,0,0,24,6,30,0,22,33,0,55,0,22,57,6,85,72,8,80,165
10/27/2003,ABI,TX,ASW,CE,Towers with Radar,0,36,15,26,77,0,0,35,6,41,0,36,50,32,118,76,36,112,230
10/28/2003,ABI,TX,ASW,CE,Towers with Radar,0,47,21,29,97,0,0,42,9,51,0,47,63,38,148,82,142,224,372
10/29/2003,ABI,TX,ASW,CE,Towers with Radar,0,35,9,33,77,0,0,38,7,45,0,35,47,40,122,14,64,78,200
10/30/2003,ABI,TX,ASW,CE,Towers with Radar,0,53,20,6,79,0,0,37,23,60,0,53,57,29,139,66,66,132,271
10/31/2003,ABI,TX,ASW,CE,Towers with Radar,0,39,26,58,123,0,0,30,7,37,0,39,56,65,160,90,66,156,316
11/01/2003,ABI,TX,ASW,CE,Towers with Radar,0,0,19,6,25,0,25,32,0,57,0,25,51,6,82,60,20,80,162
11/02/2003,ABI,TX,ASW,CE,Towers with Radar,0,0,16,18,34,2,20,17,0,39,2,20,33,18,73,2,52,54,127
11/03/2003,ABI,TX,ASW,CE,Towers with Radar,0,0,20,56,76,0,32,24,0,56,0,32,44,56,132,32,176,208,340
11/04/2003,ABI,TX,ASW,CE,Towers with Radar,0,0,22,53,75,0,43,31,0,74,0,43,53,53,149,84,40,124,273
11/05/2003,ABI,TX,ASW,CE,Towers with Radar,0,0,30,5,35,0,39,0,0,39,0,39,30,5,74,4,10,14,88
11/06/2003,ABI,TX,ASW,CE,Towers with Radar,0,0,14,4,18,2,40,0,0,42,2,40,14,4,60,0,0,0,60
11/07/2003,ABI,TX,ASW,CE,Towers with Radar,0,0,0,0,0,0,0,0,0,0,0,0,0,0,0,0,18,18,18
11/08/2003,ABI,TX,ASW,CE,Towers with Radar,0,0,29,5,34,0,23,0,1,24,0,23,29,6,58,14,6,20,78
11/09/2003,ABI,TX,ASW,CE,Towers with Radar,0,0,38,2,40,0,30,0,0,30,0,30,38,2,70,60,0,60,130
11/10/2003,ABI,TX,ASW,CE,Towers with Radar,0,35,39,24,98,0,0,8,4,12,0,35,47,28,110,26,20,46,156
11/11/2003,ABI,TX,ASW,CE,Towers with Radar,0,0,19,5,24,0,33,37,1,71,0,33,56,6,95,96,12,108,203
11/12/2003,ABI,TX,ASW,CE,Towers with Radar,0,47,30,21,98,0,0,23,6,29,0,47,53,27,127,102,116,218,345
11/13/2003,ABI,TX,ASW,CE,Towers with Radar,0,44,35,70,149,0,0,17,6,23,0,44,52,76,172,98,114,212,384
11/14/2003,ABI,TX,ASW,CE,Towers with Radar,0,43,24,7,74,0,0,17,4,21,0,43,41,11,95,58,10,68,163
11/15/2003,ABI,TX,ASW,CE,Towers with Radar,0,0,40,5,45,0,21,45,2,68,0,21,85,7,113,138,8,146,259
11/16/2003,ABI,TX,ASW,CE,Towers with Radar,0,0,26,6,32,0,21,26,6,53,0,21,52,12,85,64,30,94,179
11/17/2003,ABI,TX,ASW,CE,Towers with Radar,4,24,18,19,65,0,3,7,4,14,4,27,25,23,79,0,0,0,79
11/18/2003,ABI,TX,ASW,CE,Towers with Radar,0,47,32,27,106,0,0,21,5,26,0,47,53,32,132,22,32,54,186
11/19/2003,ABI,TX,ASW,CE,Towers with Radar,0,49,47,23,119,0,0,87,4,91,0,49,134,27,210,145,68,213,423
11/20/2003,ABI,TX,ASW,CE,Towers with Radar,0,38,31,41,110,0,0,68,6,74,0,38,99,47,184,34,36,70,254
11/21/2003,ABI,TX,ASW,CE,Towers with Radar,0,1,10,11,22,0,22,27,4,53,0,23,37,15,75,50,16,66,141
11/22/2003,ABI,TX,ASW,CE,Towers with Radar,0,8,14,9,31,0,13,18,7,38,0,21,32,16,69,69,45,114,183
11/23/2003,ABI,TX,ASW,CE,Towers with Radar,0,0,16,7,23,0,20,4,5,29,0,20,20,12,52,52,40,92,144
11/24/2003,ABI,TX,ASW,CE,Towers with Radar,0,27,23,27,77,0,0,40,3,43,0,27,63,30,120,76,38,114,234
11/25/2003,ABI,TX,ASW,CE,Towers with Radar,0,41,24,31,96,0,0,45,5,50,0,41,69,36,146,12,56,68,214
11/26/2003,ABI,TX,ASW,CE,Towers with Radar,0,47,24,32,103,0,0,39,7,46,0,47,63,39,149,47,56,103,252
11/27/2003,ABI,TX,ASW,CE,Towers with Radar,0,0,10,0,10,0,21,19,0,40,0,21,29,0,50,0,0,0,50
11/28/2003,ABI,TX,ASW,CE,Towers with Radar,0,0,11,5,16,0,18,13,25,56,0,18,24,30,72,1,0,1,73
11/29/2003,ABI,TX,ASW,CE,Towers with Radar,0,0,12,0,12,0,23,42,0,65,0,23,54,0,77,54,0,54,131
11/30/2003,ABI,TX,ASW,CE,Towers with Radar,0,0,17,5,22,0,20,36,1,57,0,20,53,6,79,22,24,46,125
12/01/2003,ABI,TX,ASW,CE,Towers with Radar,0,3,21,36,60,0,22,22,0,44,0,25,43,36,104,20,26,46,150
12/02/2003,ABI,TX,ASW,CE,Towers with Radar,0,17,27,28,72,0,23,16,0,39,0,40,43,28,111,30,78,108,219
12/03/2003,ABI,TX,ASW,CE,Towers with Radar,0,28,39,39,106,0,26,39,0,65,0,54,78,39,171,116,84,200,371
12/04/2003,ABI,TX,ASW,CE,Towers with Radar,0,9,29,46,84,0,26,66,2,94,0,35,95,48,178,20,66,86,264
12/05/2003,ABI,TX,ASW,CE,Towers with Radar,0,9,29,36,74,0,27,39,0,66,0,36,68,36,140,90,80,170,310
12/06/2003,ABI,TX,ASW,CE,Towers with Radar,0,0,12,35,47,0,26,55,0,81,0,26,67,35,128,66,30,96,224
12/07/2003,ABI,TX,ASW,CE,Towers with Radar,0,0,13,15,28,0,18,31,0,49,0,18,44,15,77,46,12,58,135
12/08/2003,ABI,TX,ASW,CE,Towers with Radar,0,6,11,24,41,0,19,0,0,19,0,25,11,24,60,0,0,0,60
12/09/2003,ABI,TX,ASW,CE,Towers with Radar,0,15,22,5,42,0,23,13,0,36,0,38,35,5,78,2,2,4,82
12/10/2003,ABI,TX,ASW,CE,Towers with Radar,0,8,22,3,33,0,0,30,0,30,0,8,52,3,63,90,102,192,255
12/11/2003,ABI,TX,ASW,CE,Towers with Radar,0,12,14,35,61,0,27,57,0,84,0,39,71,35,145,78,34,112,257
12/12/2003,ABI,TX,ASW,CE,Towers with Radar,0,14,19,24,57,0,19,0,0,19,0,33,19,24,76,0,22,22,98
12/13/2003,ABI,TX,ASW,CE,Towers with Radar,0,22,20,77,119,0,1,27,13,41,0,23,47,90,160,6,178,184,344
12/14/2003,ABI,TX,ASW,CE,Towers with Radar,0,1,13,0,14,0,15,29,0,44,0,16,42,0,58,12,0,12,70
12/15/2003,ABI,TX,ASW,CE,Towers with Radar,0,29,14,0,43,0,0,15,0,15,0,29,29,0,58,2,0,2,60
12/16/2003,ABI,TX,ASW,CE,Towers with Radar,0,36,17,22,75,0,0,51,7,58,0,36,68,29,133,26,66,92,225
12/17/2003,ABI,TX,ASW,CE,Towers with Radar,0,42,53,6,101,0,0,76,9,85,0,42,129,15,186,146,18,164,350
12/18/2003,ABI,TX,ASW,CE,Towers with Radar,0,45,18,8,71,0,0,57,20,77,0,45,75,28,148,84,46,130,278
12/19/2003,ABI,TX,ASW,CE,Towers with Radar,0,46,32,21,99,0,0,56,9,65,0,46,88,30,164,90,118,208,372
12/20/2003,ABI,TX,ASW,CE,Towers with Radar,0,28,13,4,45,0,0,50,5,55,0,28,63,9,100,14,12,26,126
12/21/2003,ABI,TX,ASW,CE,Towers with Radar,0,11,14,10,35,0,8,43,7,58,0,19,57,17,93,30,28,58,151
12/22/2003,ABI,TX,ASW,CE,Towers with Radar,0,30,16,13,59,0,0,19,17,36,0,30,35,30,95,4,24,28,123
12/23/2003,ABI,TX,ASW,CE,Towers with Radar,0,42,16,41,99,0,0,38,7,45,0,42,54,48,144,128,24,152,296
12/24/2003,ABI,TX,ASW,CE,Towers with Radar,0,20,17,0,37,0,24,45,0,69,0,44,62,0,106,36,0,36,142
12/25/2003,ABI,TX,ASW,CE,Towers with Radar,0,4,0,0,4,0,25,19,0,44,0,29,19,0,48,22,0,22,70
12/26/2003,ABI,TX,ASW,CE,Towers with Radar,0,28,29,0,57,0,32,20,0,52,0,60,49,0,109,58,0,58,167
12/27/2003,ABI,TX,ASW,CE,Towers with Radar,0,19,26,3,48,0,19,18,0,37,0,38,44,3,85,18,4,22,107
12/28/2003,ABI,TX,ASW,CE,Towers with Radar,0,12,17,0,29,0,14,30,0,44,0,26,47,0,73,6,0,6,79
12/29/2003,ABI,TX,ASW,CE,Towers with Radar,0,32,23,3,58,0,0,29,8,37,0,32,52,11,95,64,18,82,177
12/30/2003,ABI,TX,ASW,CE,Towers with Radar,0,39,19,5,63,0,0,20,9,29,0,39,39,14,92,0,0,0,92
12/31/2003,ABI,TX,ASW,CE,Towers with Radar,2,20,4,0,26,0,13,23,0,36,2,33,27,0,62,44,0,44,106
01/01/2004,ABI,TX,ASW,CE,Towers with Radar,0,22,21,33,76,0,3,22,3,28,0,25,43,36,104,20,26,46,150
01/02/2004,ABI,TX,ASW,CE,Towers with Radar,0,29,15,0,44,0,5,23,0,28,0,34,38,0,72,52,0,52,124
01/03/2004,ABI,TX,ASW,CE,Towers with Radar,2,21,18,9,50,0,5,20,0,25,2,26,38,9,75,48,10,58,133
01/04/2004,ABI,TX,ASW,CE,Towers with Radar,0,17,13,0,30,0,0,20,0,20,0,17,33,0,50,52,0,52,102
01/05/2004,ABI,TX,ASW,CE,Towers with Radar,0,36,22,8,66,0,7,33,0,40,0,43,55,8,106,8,24,32,138
01/06/2004,ABI,TX,ASW,CE,Towers with Radar,0,33,21,28,82,0,7,29,3,39,0,40,50,31,121,24,54,78,199
01/07/2004,ABI,TX,ASW,CE,Towers with Radar,0,30,20,24,74,0,6,31,0,37,0,36,51,24,111,36,62,98,209
01/08/2004,ABI,TX,ASW,CE,Towers with Radar,0,45,20,55,120,0,5,37,3,45,0,50,57,58,165,44,154,198,363
01/09/2004,ABI,TX,ASW,CE,Towers with Radar,0,32,27,29,88,0,10,49,0,59,0,42,76,29,147,92,40,132,279
01/10/2004,ABI,TX,ASW,CE,Towers with Radar,0,23,9,19,51,0,2,67,2,71,0,25,76,21,122,110,18,128,250
01/11/2004,ABI,TX,ASW,CE,Towers with Radar,0,19,10,28,57,0,33,32,1,66,0,52,42,29,123,0,0,0,123
01/12/2004,ABI,TX,ASW,CE,Towers with Radar,0,21,15,28,64,0,6,33,2,41,0,27,48,30,105,24,50,74,179
01/13/2004,ABI,TX,ASW,CE,Towers with Radar,0,4,12,5,21,0,0,19,0,19,0,4,31,5,40,80,122,202,242
01/14/2004,ABI,TX,ASW,CE,Towers with Radar,4,52,34,60,150,0,5,41,1,47,4,57,75,61,197,47,139,186,383
01/15/2004,ABI,TX,ASW,CE,Towers with Radar,0,42,25,34,101,0,0,0,0,0,0,42,25,34,101,0,76,76,177
01/16/2004,ABI,TX,ASW,CE,Towers with Radar,0,26,14,28,68,0,0,0,0,0,0,26,14,28,68,0,26,26,94
01/17/2004,ABI,TX,ASW,CE,Towers with Radar,0,31,28,11,70,0,0,0,0,0,0,31,28,11,70,0,2,2,72
01/18/2004,ABI,TX,ASW,CE,Towers with Radar,0,18,13,0,31,0,0,7,0,7,0,18,20,0,38,2,0,2,40
01/19/2004,ABI,TX,ASW,CE,Towers with Radar,0,31,16,2,49,0,6,35,0,41,0,37,51,2,90,44,0,44,134
01/20/2004,ABI,TX,ASW,CE,Towers with Radar,0,36,19,47,102,0,4,34,0,38,0,40,53,47,140,6,110,116,256
01/21/2004,ABI,TX,ASW,CE,Towers with Radar,0,31,29,45,105,0,3,32,1,36,0,34,61,46,141,26,98,124,265
01/22/2004,ABI,TX,ASW,CE,Towers with Radar,0,31,55,26,112,0,4,22,0,26,0,35,77,26,138,24,18,42,180
01/23/2004,ABI,TX,ASW,CE,Towers with Radar,0,46,34,33,113,0,2,13,1,16,0,48,47,34,129,20,38,58,187
01/24/2004,ABI,TX,ASW,CE,Towers with Radar,0,24,17,34,75,0,0,5,0,5,0,24,22,34,80,10,95,105,185
01/25/2004,ABI,TX,ASW,CE,Towers with Radar,0,21,13,0,34,0,0,24,0,24,0,21,37,0,58,0,0,0,58
01/26/2004,ABI,TX,ASW,CE,Towers with Radar,0,30,21,31,82,0,5,14,3,22,0,35,35,34,104,4,80,84,188
01/27/2004,ABI,TX,ASW,CE,Towers with Radar,0,28,28,38,94,0,8,54,1,63,0,36,82,39,157,52,48,100,257
01/28/2004,ABI,TX,ASW,CE,Towers with Radar,0,33,27,28,88,0,6,28,3,37,0,39,55,31,125,38,36,74,199
01/29/2004,ABI,TX,ASW,CE,Towers with Radar,0,34,37,48,119,0,2,15,2,19,0,36,52,50,138,28,64,92,230
01/30/2004,ABI,TX,ASW,CE,Towers with Radar,0,35,30,23,88,0,6,8,1,15,0,41,38,24,103,14,92,106,209
01/31/2004,ABI,TX,ASW,CE,Towers with Radar,2,24,30,46,102,0,0,21,2,23,2,24,51,48,125,56,66,122,247
02/01/2004,ABI,TX,ASW,CE,Towers with Radar,4,24,20,11,59,0,0,8,0,8,4,24,28,11,67,50,6,56,123
02/02/2004,ABI,TX,ASW,CE,Towers with Radar,0,29,20,28,77,0,11,35,8,54,0,40,55,36,131,30,122,152,283
02/03/2004,ABI,TX,ASW,CE,Towers with Radar,0,32,20,31,83,0,7,25,1,33,0,39,45,32,116,20,68,88,204
02/04/2004,ABI,TX,ASW,CE,Towers with Radar,0,37,9,16,62,0,0,0,0,0,0,37,9,16,62,26,10,36,98
02/05/2004,ABI,TX,ASW,CE,Towers with Radar,0,41,19,32,92,0,1,17,1,19,0,42,36,33,111,78,96,174,285
02/06/2004,ABI,TX,ASW,CE,Towers with Radar,0,37,18,33,88,0,10,30,2,42,0,47,48,35,130,34,98,132,262
02/07/2004,ABI,TX,ASW,CE,Towers with Radar,0,23,10,8,41,0,4,60,3,67,0,27,70,11,108,104,30,134,242
02/08/2004,ABI,TX,ASW,CE,Towers with Radar,0,21,17,29,67,0,1,18,0,19,0,22,35,29,86,4,54,58,144
02/09/2004,ABI,TX,ASW,CE,Towers with Radar,2,36,23,63,124,0,0,4,0,4,2,36,27,63,128,12,72,84,212
02/10/2004,ABI,TX,ASW,CE,Towers with Radar,0,39,20,58,117,0,0,4,2,6,0,39,24,60,123,20,66,86,209
02/11/2004,ABI,TX,ASW,CE,Towers with Radar,2,44,25,7,78,0,0,0,0,0,2,44,25,7,78,6,6,12,90
02/12/2004,ABI,TX,ASW,CE,Towers with Radar,0,33,22,46,101,0,1,10,0,11,0,34,32,46,112,20,94,114,226
02/13/2004,ABI,TX,ASW,CE,Towers with Radar,0,34,16,21,71,0,2,5,0,7,0,36,21,21,78,26,66,92,170
02/14/2004,ABI,TX,ASW,CE,Towers with Radar,0,26,20,2,48,0,4,29,2,35,0,30,49,4,83,16,4,20,103
02/15/2004,ABI,TX,ASW,CE,Towers with Radar,0,18,18,0,36,0,0,53,0,53,0,18,71,0,89,167,0,167,256
02/16/2004,ABI,TX,ASW,CE,Towers with Radar,2,26,13,7,48,0,0,29,0,29,2,26,42,7,77,0,0,0,77
02/17/2004,ABI,TX,ASW,CE,Towers with Radar,0,31,20,42,93,0,6,46,1,53,0,37,66,43,146,18,68,86,232
02/18/2004,ABI,TX,ASW,CE,Towers with Radar,0,31,38,4,73,0,8,33,0,41,0,39,71,4,114,78,8,86,200
02/19/2004,ABI,TX,ASW,CE,Towers with Radar,0,45,11,7,63,0,2,18,2,22,0,47,29,9,85,6,4,10,95
02/20/2004,ABI,TX,ASW,CE,Towers with Radar,2,36,15,51,104,0,4,49,5,58,2,40,64,56,162,24,136,160,322
02/21/2004,ABI,TX,ASW,CE,Towers with Radar,0,25,38,17,80,0,4,50,1,55,0,29,88,18,135,56,24,80,215
02/22/2004,ABI,TX,ASW,CE,Towers with Radar,0,24,22,9,55,0,2,26,0,28,0,26,48,9,83,48,16,64,147
02/23/2004,ABI,TX,ASW,CE,Towers with Radar,0,35,7,3,45,0,0,3,0,3,0,35,10,3,48,0,0,0,48
02/24/2004,ABI,TX,ASW,CE,Towers with Radar,0,37,10,10,57,0,0,0,0,0,0,37,10,10,57,0,4,4,61
02/25/2004,ABI,TX,ASW,CE,Towers with Radar,0,42,18,9,69,0,1,2,0,3,0,43,20,9,72,6,12,18,90
02/26/2004,ABI,TX,ASW,CE,Towers with Radar,0,6,33,1,40,0,0,31,0,31,0,6,64,1,71,38,90,128,199
02/27/2004,ABI,TX,ASW,CE,Towers with Radar,0,35,28,81,144,0,8,48,9,65,0,43,76,90,209,44,288,332,541
02/28/2004,ABI,TX,ASW,CE,Towers with Radar,0,20,22,7,49,0,2,4,0,6,0,22,26,7,55,4,4,8,63
02/29/2004,ABI,TX,ASW,CE,Towers with Radar,6,23,2,13,44,0,0,18,1,19,6,23,20,14,63,36,10,46,109
03/01/2004,ABI,TX,ASW,CE,Towers with Radar,0,18,20,45,83,0,9,41,11,61,0,27,61,56,144,62,86,148,292
03/02/2004,ABI,TX,ASW,CE,Towers with Radar,0,3,13,0,16,0,0,0,0,0,0,3,13,0,16,62,26,88,104
03/03/2004,ABI,TX,ASW,CE,Towers with Radar,0,29,5,0,34,0,5,0,0,5,0,34,5,0,39,0,0,0,39
03/04/2004,ABI,TX,ASW,CE,Towers with Radar,0,34,8,13,55,2,9,3,0,14,2,43,11,13,69,0,22,22,91
03/05/2004,ABI,TX,ASW,CE,Towers with Radar,0,24,26,24,74,0,7,34,2,43,0,31,60,26,117,36,28,64,181
03/06/2004,ABI,TX,ASW,CE,Towers with Radar,0,17,14,7,38,0,8,39,0,47,0,25,53,7,85,58,14,72,157
03/07/2004,ABI,TX,ASW,CE,Towers with Radar,0,0,13,2,15,0,0,28,2,30,0,0,41,4,45,14,0,14,59
03/08/2004,ABI,TX,ASW,CE,Towers with Radar,0,24,11,23,58,0,6,34,0,40,0,30,45,23,98,32,34,66,164
03/09/2004,ABI,TX,ASW,CE,Towers with Radar,0,34,18,11,63,2,5,32,2,41,2,39,50,13,104,16,40,56,160
03/10/2004,ABI,TX,ASW,CE,Towers with Radar,0,28,14,41,83,0,10,45,1,56,0,38,59,42,139,16,30,46,185
03/11/2004,ABI,TX,ASW,CE,Towers with Radar,0,31,21,43,95,0,6,24,3,33,0,37,45,46,128,60,112,172,300
03/12/2004,ABI,TX,ASW,CE,Towers with Radar,0,33,22,9,64,0,4,3,2,9,0,37,25,11,73,2,16,18,91
03/13/2004,ABI,TX,ASW,CE,Towers with Radar,0,14,12,6,32,0,4,1,0,5,0,18,13,6,37,0,0,0,37
03/14/2004,ABI,TX,ASW,CE,Towers with Radar,0,15,17,21,53,2,4,1,0,7,2,19,18,21,60,18,221,239,299
03/15/2004,ABI,TX,ASW,CE,Towers with Radar,0,30,21,33,84,0,6,22,3,31,0,36,43,36,115,0,0,0,115
03/16/2004,ABI,TX,ASW,CE,Towers with Radar,0,29,23,55,107,0,8,50,6,64,0,37,73,61,171,80,74,154,325
03/17/2004,ABI,TX,ASW,CE,Towers with Radar,0,42,13,37,92,0,11,45,2,58,0,53,58,39,150,24,54,78,228
03/18/2004,ABI,TX,ASW,CE,Towers with Radar,0,35,39,23,97,2,5,52,4,63,2,40,91,27,160,88,80,168,328
03/19/2004,ABI,TX,ASW,CE,Towers with Radar,0,29,20,27,76,0,6,46,2,54,0,35,66,29,130,18,42,60,190
03/20/2004,ABI,TX,ASW,CE,Towers with Radar,0,18,23,22,63,0,4,30,3,37,0,22,53,25,100,140,120,260,360
03/21/2004,ABI,TX,ASW,CE,Towers with Radar,0,16,18,0,34,0,8,20,0,28,0,24,38,0,62,10,16,26,88
03/22/2004,ABI,TX,ASW,CE,Towers with Radar,0,26,32,29,87,0,5,29,0,34,0,31,61,29,121,14,86,100,221
03/23/2004,ABI,TX,ASW,CE,Towers with Radar,0,31,20,41,92,0,5,24,0,29,0,36,44,41,121,32,102,134,255
03/24/2004,ABI,TX,ASW,CE,Towers with Radar,0,32,38,33,103,0,8,17,0,25,0,40,55,33,128,12,46,58,186
03/25/2004,ABI,TX,ASW,CE,Towers with Radar,0,27,33,46,106,0,9,32,1,42,0,36,65,47,148,46,74,120,268
03/26/2004,ABI,TX,ASW,CE,Towers with Radar,0,38,31,16,85,8,4,8,0,20,8,42,39,16,105,24,12,36,141
03/27/2004,ABI,TX,ASW,CE,Towers with Radar,0,17,22,25,64,2,3,8,0,13,2,20,30,25,77,10,42,52,129
03/28/2004,ABI,TX,ASW,CE,Towers with Radar,0,18,0,12,30,0,9,25,1,35,0,27,25,13,65,54,20,74,139
03/29/2004,ABI,TX,ASW,CE,Towers with Radar,0,29,9,86,124,2,3,73,4,82,2,32,82,90,206,60,114,174,380
03/30/2004,ABI,TX,ASW,CE,Towers with Radar,2,36,23,48,109,0,1,40,10,51,2,37,63,58,160,40,110,150,310
03/31/2004,ABI,TX,ASW,CE,Towers with Radar,0,38,17,32,87,0,0,74,1,75,0,38,91,33,162,84,66,150,312
04/01/2004,ABI,TX,ASW,CE,Towers with Radar,0,19,12,33,64,0,14,42,2,58,0,33,54,35,122,52,70,122,244
04/02/2004,ABI,TX,ASW,CE,Towers with Radar,2,24,25,8,59,0,13,9,0,22,2,37,34,8,81,18,6,24,105
04/03/2004,ABI,TX,ASW,CE,Towers with Radar,0,17,26,0,43,0,11,17,0,28,0,28,43,0,71,80,0,80,151
04/04/2004,ABI,TX,ASW,CE,Towers with Radar,0,9,18,0,27,0,13,15,0,28,0,22,33,0,55,42,0,42,97
04/05/2004,ABI,TX,ASW,CE,Towers with Radar,0,24,18,3,45,0,12,11,0,23,0,36,29,3,68,0,12,12,80
04/06/2004,ABI,TX,ASW,CE,Towers with Radar,0,27,17,32,76,0,14,19,2,35,0,41,36,34,111,4,48,52,163
04/07/2004,ABI,TX,ASW,CE,Towers with Radar,0,25,47,40,112,0,18,42,2,62,0,43,89,42,174,56,174,230,404
04/08/2004,ABI,TX,ASW,CE,Towers with Radar,0,20,25,17,62,0,14,60,0,74,0,34,85,17,136,26,22,48,184
04/09/2004,ABI,TX,ASW,CE,Towers with Radar,0,25,14,38,77,0,15,32,1,48,0,40,46,39,125,56,140,196,321
04/10/2004,ABI,TX,ASW,CE,Towers with Radar,0,1,23,0,24,0,11,1,0,12,0,12,24,0,36,6,0,6,42
04/11/2004,ABI,TX,ASW,CE,Towers with Radar,3,8,25,0,36,0,13,5,0,18,3,21,30,0,54,0,0,0,54
04/12/2004,ABI,TX,ASW,CE,Towers with Radar,0,18,19,49,86,0,14,28,2,44,0,32,47,51,130,18,198,216,346
04/13/2004,ABI,TX,ASW,CE,Towers with Radar,0,15,19,37,71,0,14,41,3,58,0,29,60,40,129,40,122,162,291
04/14/2004,ABI,TX,ASW,CE,Towers with Radar,0,25,27,18,70,0,16,54,2,72,0,41,81,20,142,18,24,42,184
04/15/2004,ABI,TX,ASW,CE,Towers with Radar,2,25,20,17,64,0,16,36,3,55,2,41,56,20,119,42,28,70,189
04/16/2004,ABI,TX,ASW,CE,Towers with Radar,0,26,21,49,96,0,18,37,3,58,0,44,58,52,154,40,102,142,296
04/17/2004,ABI,TX,ASW,CE,Towers with Radar,0,9,15,6,30,0,11,27,0,38,0,20,42,6,68,16,26,42,110
04/18/2004,ABI,TX,ASW,CE,Towers with Radar,1,7,12,17,37,0,11,11,0,22,1,18,23,17,59,0,36,36,95
04/19/2004,ABI,TX,ASW,CE,Towers with Radar,1,20,28,20,69,0,13,9,3,25,1,33,37,23,94,8,68,76,170
04/20/2004,ABI,TX,ASW,CE,Towers with Radar,0,26,24,14,64,0,13,18,3,34,0,39,42,17,98,8,30,38,136
04/21/2004,ABI,TX,ASW,CE,Towers with Radar,0,28,16,14,58,0,16,42,7,65,0,44,58,21,123,26,62,88,211
04/22/2004,ABI,TX,ASW,CE,Towers with Radar,0,35,56,33,124,0,15,45,5,65,0,50,101,38,189,84,74,158,347
04/23/2004,ABI,TX,ASW,CE,Towers with Radar,0,23,24,14,61,0,13,13,0,26,0,36,37,14,87,52,48,100,187
04/24/2004,ABI,TX,ASW,CE,Towers with Radar,0,13,33,0,46,0,15,8,4,27,0,28,41,4,73,42,0,42,115
04/25/2004,ABI,TX,ASW,CE,Towers with Radar,0,25,42,17,84,0,0,49,3,52,0,25,91,20,136,86,36,122,258
04/26/2004,ABI,TX,ASW,CE,Towers with Radar,0,36,31,15,82,0,0,17,3,20,0,36,48,18,102,26,36,62,164
04/27/2004,ABI,TX,ASW,CE,Towers with Radar,0,41,27,30,98,0,0,41,3,44,0,41,68,33,142,54,80,134,276
04/28/2004,ABI,TX,ASW,CE,Towers with Radar,0,43,30,16,89,0,0,14,1,15,0,43,44,17,104,22,26,48,152
04/29/2004,ABI,TX,ASW,CE,Towers with Radar,0,44,37,32,113,0,0,21,0,21,0,44,58,32,134,18,94,112,246
04/30/2004,ABI,TX,ASW,CE,Towers with Radar,0,38,27,15,80,0,0,23,0,23,0,38,50,15,103,36,58,94,197
05/01/2004,ABI,TX,ASW,CE,Towers with Radar,2,22,31,18,73,0,4,14,2,20,2,26,45,20,93,38,14,52,145
05/02/2004,ABI,TX,ASW,CE,Towers with Radar,0,15,105,33,153,0,2,0,0,2,0,17,105,33,155,42,30,72,227
05/03/2004,ABI,TX,ASW,CE,Towers with Radar,0,31,31,26,88,0,5,40,1,46,0,36,71,27,134,0,0,0,134
05/04/2004,ABI,TX,ASW,CE,Towers with Radar,0,30,42,25,97,0,4,55,2,61,0,34,97,27,158,50,62,112,270
05/05/2004,ABI,TX,ASW,CE,Towers with Radar,0,35,52,27,114,0,5,43,3,51,0,40,95,30,165,40,120,160,325
05/06/2004,ABI,TX,ASW,CE,Towers with Radar,0,33,52,20,105,0,5,41,4,50,0,38,93,24,155,92,30,122,277
05/07/2004,ABI,TX,ASW,CE,Towers with Radar,0,40,21,60,121,0,6,34,1,41,0,46,55,61,162,24,168,192,354
05/08/2004,ABI,TX,ASW,CE,Towers with Radar,0,25,20,26,71,0,2,52,6,60,0,27,72,32,131,40,70,110,241
05/09/2004,ABI,TX,ASW,CE,Towers with Radar,0,16,24,6,46,0,1,41,0,42,0,17,65,6,88,4,20,24,112
05/10/2004,ABI,TX,ASW,CE,Towers with Radar,0,26,22,37,85,0,3,26,2,31,0,29,48,39,116,38,98,136,252
05/11/2004,ABI,TX,ASW,CE,Towers with Radar,0,32,34,28,94,0,3,14,1,18,0,35,48,29,112,16,104,120,232
05/12/2004,ABI,TX,ASW,CE,Towers with Radar,0,29,32,34,95,0,6,33,3,42,0,35,65,37,137,40,60,100,237
05/13/2004,ABI,TX,ASW,CE,Towers with Radar,0,33,26,15,74,0,3,17,0,20,0,36,43,15,94,2,52,54,148
05/14/2004,ABI,TX,ASW,CE,Towers with Radar,0,33,58,30,121,0,5,23,1,29,0,38,81,31,150,76,104,180,330
05/15/2004,ABI,TX,ASW,CE,Towers with Radar,1,19,26,7,53,0,4,39,1,44,1,23,65,8,97,54,14,68,165
05/16/2004,ABI,TX,ASW,CE,Towers with Radar,0,17,34,2,53,0,1,24,0,25,0,18,58,2,78,20,4,24,102
05/17/2004,ABI,TX,ASW,CE,Towers with Radar,0,33,11,36,80,0,5,41,0,46,0,38,52,36,126,0,0,0,126
05/18/2004,ABI,TX,ASW,CE,Towers with Radar,0,31,28,21,80,0,6,26,5,37,0,37,54,26,117,32,54,86,203
05/19/2004,ABI,TX,ASW,CE,Towers with Radar,0,39,17,53,109,0,6,51,2,59,0,45,68,55,168,0,86,86,254
05/20/2004,ABI,TX,ASW,CE,Towers with Radar,0,24,34,27,85,0,6,36,4,46,0,30,70,31,131,38,84,122,253
05/21/2004,ABI,TX,ASW,CE,Towers with Radar,0,36,27,59,122,0,6,44,6,56,0,42,71,65,178,16,180,196,374
05/22/2004,ABI,TX,ASW,CE,Towers with Radar,0,20,4,10,34,0,2,26,2,30,0,22,30,12,64,22,8,30,94
05/23/2004,ABI,TX,ASW,CE,Towers with Radar,0,21,18,13,52,0,1,31,0,32,0,22,49,13,84,0,0,0,84
05/24/2004,ABI,TX,ASW,CE,Towers with Radar,0,27,25,12,64,0,6,26,5,37,0,33,51,17,101,38,38,76,177
05/25/2004,ABI,TX,ASW,CE,Towers with Radar,0,36,15,14,65,0,1,22,1,24,0,37,37,15,89,28,44,72,161
05/26/2004,ABI,TX,ASW,CE,Towers with Radar,0,41,20,26,87,0,3,37,7,47,0,44,57,33,134,50,72,122,256
05/27/2004,ABI,TX,ASW,CE,Towers with Radar,4,31,19,6,60,0,2,23,0,25,4,33,42,6,85,2,16,18,103
05/28/2004,ABI,TX,ASW,CE,Towers with Radar,0,5,24,5,34,0,0,49,0,49,0,5,73,5,83,116,168,284,367
05/29/2004,ABI,TX,ASW,CE,Towers with Radar,0,18,14,2,34,0,3,32,0,35,0,21,46,2,69,96,2,98,167
05/30/2004,ABI,TX,ASW,CE,Towers with Radar,0,16,4,0,20,0,0,21,0,21,0,16,25,0,41,6,0,6,47
05/31/2004,ABI,TX,ASW,CE,Towers with Radar,0,18,14,0,32,0,0,42,0,42,0,18,56,0,74,30,2,32,106
06/01/2004,ABI,TX,ASW,CE,Towers with Radar,0,10,0,22,32,0,0,15,0,15,0,10,15,22,47,16,24,40,87
06/02/2004,ABI,TX,ASW,CE,Towers with Radar,0,20,0,21,41,0,29,40,0,69,0,49,40,21,110,24,50,74,184
06/03/2004,ABI,TX,ASW,CE,Towers with Radar,0,28,0,10,38,0,5,30,0,35,0,33,30,10,73,28,30,58,131
06/04/2004,ABI,TX,ASW,CE,Towers with Radar,0,22,0,31,53,0,10,60,0,70,0,32,60,31,123,0,0,0,123
06/05/2004,ABI,TX,ASW,CE,Towers with Radar,0,7,0,1,8,0,16,32,0,48,0,23,32,1,56,62,0,62,118
06/06/2004,ABI,TX,ASW,CE,Towers with Radar,2,16,0,18,36,0,3,61,0,64,2,19,61,18,100,16,18,34,134
06/07/2004,ABI,TX,ASW,CE,Towers with Radar,2,32,45,19,98,0,0,0,12,12,2,32,45,31,110,10,58,68,178
06/08/2004,ABI,TX,ASW,CE,Towers with Radar,0,46,24,15,85,0,1,0,0,1,0,47,24,15,86,36,24,60,146
06/09/2004,ABI,TX,ASW,CE,Towers with Radar,2,38,32,18,90,4,6,0,0,10,6,44,32,18,100,0,28,28,128
06/10/2004,ABI,TX,ASW,CE,Towers with Radar,0,44,59,19,122,0,5,0,11,16,0,49,59,30,138,72,182,254,392
06/11/2004,ABI,TX,ASW,CE,Towers with Radar,0,20,0,19,39,0,17,66,12,95,0,37,66,31,134,46,38,84,218
06/12/2004,ABI,TX,ASW,CE,Towers with Radar,0,16,0,15,31,0,9,43,0,52,0,25,43,15,83,40,18,58,141
06/13/2004,ABI,TX,ASW,CE,Towers with Radar,0,12,0,0,12,0,7,41,0,48,0,19,41,0,60,40,0,40,100
06/14/2004,ABI,TX,ASW,CE,Towers with Radar,0,30,9,19,58,0,0,43,12,55,0,30,52,31,113,24,26,50,163
06/15/2004,ABI,TX,ASW,CE,Towers with Radar,2,31,5,19,57,4,6,0,6,16,6,37,5,25,73,48,60,108,181
06/16/2004,ABI,TX,ASW,CE,Towers with Radar,0,45,75,19,139,0,0,0,27,27,0,45,75,46,166,42,92,134,300
06/17/2004,ABI,TX,ASW,CE,Towers with Radar,0,28,2,19,49,0,5,38,24,67,0,33,40,43,116,38,150,188,304
06/18/2004,ABI,TX,ASW,CE,Towers with Radar,0,29,5,20,54,0,11,70,14,95,0,40,75,34,149,52,70,122,271
06/19/2004,ABI,TX,ASW,CE,Towers with Radar,1,12,0,3,16,9,4,24,0,37,10,16,24,3,53,130,0,130,183
06/20/2004,ABI,TX,ASW,CE,Towers with Radar,0,0,0,0,0,0,0,47,0,47,0,0,47,0,47,28,0,28,75
06/21/2004,ABI,TX,ASW,CE,Towers with Radar,1,35,33,20,89,13,20,51,4,88,14,55,84,24,177,26,10,36,213
06/22/2004,ABI,TX,ASW,CE,Towers with Radar,0,36,41,20,97,0,5,1,24,30,0,41,42,44,127,68,86,154,281
06/23/2004,ABI,TX,ASW,CE,Towers with Radar,0,32,46,20,98,0,0,7,36,43,0,32,53,56,141,76,120,196,337
06/24/2004,ABI,TX,ASW,CE,Towers with Radar,1,33,47,20,101,1,0,33,5,39,2,33,80,25,140,62,84,146,286
06/25/2004,ABI,TX,ASW,CE,Towers with Radar,1,28,4,20,53,1,2,41,8,52,2,30,45,28,105,48,98,146,251
06/26/2004,ABI,TX,ASW,CE,Towers with Radar,0,15,0,4,19,0,12,36,0,48,0,27,36,4,67,106,26,132,199
06/27/2004,ABI,TX,ASW,CE,Towers with Radar,0,1,0,1,2,0,0,18,0,18,0,1,18,1,20,60,44,104,124
06/28/2004,ABI,TX,ASW,CE,Towers with Radar,0,20,0,11,31,0,5,23,0,28,0,25,23,11,59,0,0,0,59
06/29/2004,ABI,TX,ASW,CE,Towers with Radar,1,34,21,19,75,5,8,0,11,24,6,42,21,30,99,26,38,64,163
06/30/2004,ABI,TX,ASW,CE,Towers with Radar,0,43,50,19,112,0,0,0,28,28,0,43,50,47,140,38,92,130,270
07/01/2004,ABI,TX,ASW,CE,Towers with Radar,0,34,25,26,85,0,6,34,25,65,0,40,59,51,150,34,60,94,244
07/02/2004,ABI,TX,ASW,CE,Towers with Radar,0,19,14,5,38,0,17,59,0,76,0,36,73,5,114,66,0,66,180
07/03/2004,ABI,TX,ASW,CE,Towers with Radar,0,16,12,0,28,0,9,70,0,79,0,25,82,0,107,120,0,120,227
07/04/2004,ABI,TX,ASW,CE,Towers with Radar,0,7,6,0,13,0,5,30,0,35,0,12,36,0,48,24,0,24,72
07/05/2004,ABI,TX,ASW,CE,Towers with Radar,0,9,7,6,22,0,10,35,0,45,0,19,42,6,67,82,20,102,169
07/06/2004,ABI,TX,ASW,CE,Towers with Radar,0,28,21,17,66,0,7,29,0,36,0,35,50,17,102,44,88,132,234
07/07/2004,ABI,TX,ASW,CE,Towers with Radar,0,44,31,34,109,0,1,1,15,17,0,45,32,49,126,52,74,126,252
07/08/2004,ABI,TX,ASW,CE,Towers with Radar,0,33,24,15,72,0,19,29,0,48,0,52,53,15,120,22,66,88,208
07/09/2004,ABI,TX,ASW,CE,Towers with Radar,2,31,34,36,103,0,0,46,53,99,2,31,80,89,202,130,180,310,512
07/10/2004,ABI,TX,ASW,CE,Towers with Radar,0,21,18,19,58,0,0,40,48,88,0,21,58,67,146,62,74,136,282
07/11/2004,ABI,TX,ASW,CE,Towers with Radar,0,14,16,17,47,0,0,51,27,78,0,14,67,44,125,60,106,166,291
07/12/2004,ABI,TX,ASW,CE,Towers with Radar,0,37,28,30,95,0,0,35,20,55,0,37,63,50,150,0,0,0,150
07/13/2004,ABI,TX,ASW,CE,Towers with Radar,0,36,26,28,90,0,1,31,2,34,0,37,57,30,124,104,68,172,296
07/14/2004,ABI,TX,ASW,CE,Towers with Radar,0,37,27,20,84,0,2,43,0,45,0,39,70,20,129,100,62,162,291
07/15/2004,ABI,TX,ASW,CE,Towers with Radar,0,31,22,19,72,0,12,52,0,64,0,43,74,19,136,56,83,139,275
07/16/2004,ABI,TX,ASW,CE,Towers with Radar,0,30,22,12,64,0,14,49,0,63,0,44,71,12,127,92,14,106,233
07/17/2004,ABI,TX,ASW,CE,Towers with Radar,0,16,12,0,28,0,7,65,0,72,0,23,77,0,100,82,0,82,182
07/18/2004,ABI,TX,ASW,CE,Towers with Radar,0,9,5,6,20,0,7,35,0,42,0,16,40,6,62,46,8,54,116
07/19/2004,ABI,TX,ASW,CE,Towers with Radar,0,21,14,15,50,0,11,29,0,40,0,32,43,15,90,54,38,92,182
07/20/2004,ABI,TX,ASW,CE,Towers with Radar,0,29,20,12,61,0,1,47,0,48,0,30,67,12,109,16,42,58,167
07/21/2004,ABI,TX,ASW,CE,Towers with Radar,0,43,33,38,114,0,0,36,21,57,0,43,69,59,171,50,140,190,361
07/22/2004,ABI,TX,ASW,CE,Towers with Radar,0,36,33,37,106,0,0,19,7,26,0,36,52,44,132,48,140,188,320
07/23/2004,ABI,TX,ASW,CE,Towers with Radar,0,26,17,20,63,0,14,47,7,68,0,40,64,27,131,62,56,118,249
07/24/2004,ABI,TX,ASW,CE,Towers with Radar,0,14,9,0,23,2,16,23,0,41,2,30,32,0,64,76,0,76,140
07/25/2004,ABI,TX,ASW,CE,Towers with Radar,0,13,8,4,25,4,1,17,0,22,4,14,25,4,47,40,24,64,111
07/26/2004,ABI,TX,ASW,CE,Towers with Radar,0,28,24,21,73,0,0,44,0,44,0,28,68,21,117,72,26,98,215
07/27/2004,ABI,TX,ASW,CE,Towers with Radar,0,36,26,19,81,0,0,26,0,26,0,36,52,19,107,86,20,106,213
07/28/2004,ABI,TX,ASW,CE,Towers with Radar,1,29,28,12,70,23,0,24,0,47,24,29,52,12,117,66,4,70,187
07/29/2004,ABI,TX,ASW,CE,Towers with Radar,1,36,25,9,71,7,6,32,0,45,8,42,57,9,116,126,8,134,250
07/30/2004,ABI,TX,ASW,CE,Towers with Radar,0,33,25,28,86,0,0,37,27,64,0,33,62,55,150,72,150,222,372
07/31/2004,ABI,TX,ASW,CE,Towers with Radar,0,18,13,15,46,0,0,42,24,66,0,18,55,39,112,38,116,154,266
08/01/2004,ABI,TX,ASW,CE,Towers with Radar,0,10,7,8,25,0,3,42,4,49,0,13,49,12,74,22,28,50,124
08/02/2004,ABI,TX,ASW,CE,Towers with Radar,0,30,22,26,78,0,0,16,18,34,0,30,38,44,112,44,58,102,214
08/03/2004,ABI,TX,ASW,CE,Towers with Radar,0,28,20,25,73,0,2,24,4,30,0,30,44,29,103,48,58,106,209
08/04/2004,ABI,TX,ASW,CE,Towers with Radar,0,33,24,29,86,0,5,17,5,27,0,38,41,34,113,30,38,68,181
08/05/2004,ABI,TX,ASW,CE,Towers with Radar,0,31,28,34,93,0,0,26,10,36,0,31,54,44,129,88,48,136,265
08/06/2004,ABI,TX,ASW,CE,Towers with Radar,0,20,15,19,54,0,15,31,8,54,0,35,46,27,108,68,36,104,212
08/07/2004,ABI,TX,ASW,CE,Towers with Radar,0,14,10,6,30,0,14,31,0,45,0,28,41,6,75,72,6,78,153
08/08/2004,ABI,TX,ASW,CE,Towers with Radar,0,11,6,5,22,0,1,27,0,28,0,12,33,5,50,48,4,52,102
08/09/2004,ABI,TX,ASW,CE,Towers with Radar,0,23,15,17,55,0,10,14,0,24,0,33,29,17,79,10,12,22,101
08/10/2004,ABI,TX,ASW,CE,Towers with Radar,0,37,25,31,93,1,0,41,9,51,1,37,66,40,144,74,96,170,314
08/11/2004,ABI,TX,ASW,CE,Towers with Radar,0,33,22,26,81,0,6,34,0,40,0,39,56,26,121,22,34,56,177
08/12/2004,ABI,TX,ASW,CE,Towers with Radar,0,43,33,42,118,0,0,35,2,37,0,43,68,44,155,32,126,158,313
08/13/2004,ABI,TX,ASW,CE,Towers with Radar,0,30,20,25,75,0,8,33,12,53,0,38,53,37,128,78,50,128,256
08/14/2004,ABI,TX,ASW,CE,Towers with Radar,0,15,9,11,35,0,14,56,0,70,0,29,65,11,105,132,0,132,237
08/15/2004,ABI,TX,ASW,CE,Towers with Radar,0,16,12,15,43,0,0,44,18,62,0,16,56,33,105,60,68,128,233
08/16/2004,ABI,TX,ASW,CE,Towers with Radar,0,41,29,19,89,0,5,19,0,24,0,46,48,19,113,92,36,128,241
08/17/2004,ABI,TX,ASW,CE,Towers with Radar,0,35,35,41,111,0,0,32,2,34,0,35,67,43,145,78,92,170,315
08/18/2004,ABI,TX,ASW,CE,Towers with Radar,0,26,29,26,81,18,0,16,0,34,18,26,45,26,115,16,78,94,209
08/19/2004,ABI,TX,ASW,CE,Towers with Radar,0,40,30,10,80,0,0,17,0,17,0,40,47,10,97,80,12,92,189
08/20/2004,ABI,TX,ASW,CE,Towers with Radar,0,33,23,28,84,0,0,27,32,59,0,33,50,60,143,57,88,145,288
08/21/2004,ABI,TX,ASW,CE,Towers with Radar,0,12,8,0,20,0,15,29,0,44,0,27,37,0,64,30,0,30,94
08/22/2004,ABI,TX,ASW,CE,Towers with Radar,0,15,11,13,39,12,3,35,0,50,12,18,46,13,89,22,14,36,125
08/23/2004,ABI,TX,ASW,CE,Towers with Radar,0,31,31,36,98,0,0,16,25,41,0,31,47,61,139,44,136,180,319
08/24/2004,ABI,TX,ASW,CE,Towers with Radar,0,43,32,39,114,0,0,49,4,53,0,43,81,43,167,36,92,128,295
08/25/2004,ABI,TX,ASW,CE,Towers with Radar,0,42,31,37,110,0,0,40,4,44,0,42,71,41,154,44,74,118,272
08/26/2004,ABI,TX,ASW,CE,Towers with Radar,0,37,26,28,91,2,1,49,0,52,2,38,75,28,143,0,0,0,143
08/27/2004,ABI,TX,ASW,CE,Towers with Radar,0,32,23,26,81,0,7,37,8,52,0,39,60,34,133,50,82,132,265
08/28/2004,ABI,TX,ASW,CE,Towers with Radar,0,13,10,11,34,0,12,15,3,30,0,25,25,14,64,10,32,42,106
08/29/2004,ABI,TX,ASW,CE,Towers with Radar,0,12,9,9,30,0,7,56,0,63,0,19,65,9,93,76,12,88,181
08/30/2004,ABI,TX,ASW,CE,Towers with Radar,0,33,23,28,84,0,1,42,0,43,0,34,65,28,127,66,80,146,273
08/31/2004,ABI,TX,ASW,CE,Towers with Radar,0,36,25,29,90,0,0,37,0,37,0,36,62,29,127,70,48,118,245
09/01/2004,ABI,TX,ASW,CE,Towers with Radar,0,34,30,40,104,0,6,20,1,27,0,40,50,41,131,66,80,146,277
09/02/2004,ABI,TX,ASW,CE,Towers with Radar,0,29,28,30,87,0,15,36,0,51,0,44,64,30,138,22,32,54,192
09/03/2004,ABI,TX,ASW,CE,Towers with Radar,1,10,15,14,40,40,31,79,0,150,41,41,94,14,190,50,24,74,264
09/04/2004,ABI,TX,ASW,CE,Towers with Radar,0,2,8,0,10,0,16,59,0,75,0,18,67,0,85,78,0,78,163
09/05/2004,ABI,TX,ASW,CE,Towers with Radar,0,0,8,4,12,0,14,41,0,55,0,14,49,4,67,38,2,40,107
09/06/2004,ABI,TX,ASW,CE,Towers with Radar,0,0,8,0,8,0,20,38,0,58,0,20,46,0,66,34,0,34,100
09/07/2004,ABI,TX,ASW,CE,Towers with Radar,0,16,18,11,45,0,17,34,0,51,0,33,52,11,96,46,82,128,224
09/08/2004,ABI,TX,ASW,CE,Towers with Radar,0,32,29,38,99,0,9,55,5,69,0,41,84,43,168,80,102,182,350
09/09/2004,ABI,TX,ASW,CE,Towers with Radar,0,32,29,21,82,0,13,43,0,56,0,45,72,21,138,82,70,152,290
09/10/2004,ABI,TX,ASW,CE,Towers with Radar,0,18,21,26,65,0,21,51,2,74,0,39,72,28,139,74,76,150,289
09/11/2004,ABI,TX,ASW,CE,Towers with Radar,0,12,17,20,49,0,20,77,24,121,0,32,94,44,170,72,86,158,328
09/12/2004,ABI,TX,ASW,CE,Towers with Radar,0,3,10,13,26,0,15,49,4,68,0,18,59,17,94,68,32,100,194
09/13/2004,ABI,TX,ASW,CE,Towers with Radar,1,24,25,31,81,1,11,26,12,50,2,35,51,43,131,48,92,140,271
09/14/2004,ABI,TX,ASW,CE,Towers with Radar,0,1,24,0,25,0,0,0,0,0,0,1,24,0,25,36,126,162,187
09/15/2004,ABI,TX,ASW,CE,Towers with Radar,0,31,30,37,98,1,9,8,27,45,1,40,38,64,143,58,182,240,383
09/16/2004,ABI,TX,ASW,CE,Towers with Radar,0,25,26,32,83,0,13,22,12,47,0,38,48,44,130,74,64,138,268
09/17/2004,ABI,TX,ASW,CE,Towers with Radar,0,15,19,23,57,0,21,49,22,92,0,36,68,45,149,58,86,144,293
09/18/2004,ABI,TX,ASW,CE,Towers with Radar,0,2,9,12,23,0,20,57,10,87,0,22,66,22,110,78,36,114,224
09/19/2004,ABI,TX,ASW,CE,Towers with Radar,0,5,12,15,32,0,11,41,19,71,0,16,53,34,103,66,38,104,207
09/20/2004,ABI,TX,ASW,CE,Towers with Radar,0,21,23,28,72,0,20,30,5,55,0,41,53,33,127,88,66,154,281
09/21/2004,ABI,TX,ASW,CE,Towers with Radar,0,22,23,28,73,1,10,27,0,38,1,32,50,28,111,154,128,282,393
09/22/2004,ABI,TX,ASW,CE,Towers with Radar,0,43,42,53,138,0,0,12,0,12,0,43,54,53,150,44,82,126,276
09/23/2004,ABI,TX,ASW,CE,Towers with Radar,0,26,26,32,84,0,14,24,6,44,0,40,50,38,128,192,72,264,392
09/24/2004,ABI,TX,ASW,CE,Towers with Radar,0,28,28,34,90,0,15,45,2,62,0,43,73,36,152,158,50,208,360
09/25/2004,ABI,TX,ASW,CE,Towers with Radar,0,4,12,4,20,0,16,67,0,83,0,20,79,4,103,30,8,38,141
09/26/2004,ABI,TX,ASW,CE,Towers with Radar,0,19,11,10,40,0,0,66,0,66,0,19,77,10,106,40,10,50,156
09/27/2004,ABI,TX,ASW,CE,Towers with Radar,0,36,24,18,78,0,0,11,0,11,0,36,35,18,89,0,0,0,89
09/28/2004,ABI,TX,ASW,CE,Towers with Radar,0,37,24,18,79,0,0,13,0,13,0,37,37,18,92,42,64,106,198
09/29/2004,ABI,TX,ASW,CE,Towers with Radar,0,29,26,34,89,0,0,57,12,69,0,29,83,46,158,44,56,100,258
09/30/2004,ABI,TX,ASW,CE,Towers with Radar,0,34,18,13,65,0,0,36,0,36,0,34,54,13,101,40,18,58,159
10/01/2004,ABI,TX,ASW,CE,Combined TRACON& Tower with Radar,0,40,28,26,94,0,3,32,15,50,0,43,60,41,144,58,74,132,276
10/02/2004,ABI,TX,ASW,CE,Combined TRACON& Tower with Radar,2,22,11,0,35,0,5,32,0,37,2,27,43,0,72,38,0,38,110
10/03/2004,ABI,TX,ASW,CE,Combined TRACON& Tower with Radar,0,19,21,5,45,0,0,19,0,19,0,19,40,5,64,2,6,8,72
10/04/2004,ABI,TX,ASW,CE,Combined TRACON& Tower with Radar,2,39,17,8,66,0,0,7,0,7,2,39,24,8,73,42,18,60,133
10/05/2004,ABI,TX,ASW,CE,Combined TRACON& Tower with Radar,0,40,28,11,79,0,0,0,0,0,0,40,28,11,79,6,8,14,93
10/06/2004,ABI,TX,ASW,CE,Combined TRACON& Tower with Radar,2,60,21,28,111,0,0,21,1,22,2,60,42,29,133,24,40,64,197
10/07/2004,ABI,TX,ASW,CE,Combined TRACON& Tower with Radar,0,40,21,42,103,0,0,12,2,14,0,40,33,44,117,0,76,76,193
10/08/2004,ABI,TX,ASW,CE,Combined TRACON& Tower with Radar,0,40,22,11,73,0,33,2,3,38,0,73,24,14,111,50,30,80,191
10/09/2004,ABI,TX,ASW,CE,Combined TRACON& Tower with Radar,0,24,23,26,73,0,1,34,0,35,0,25,57,26,108,48,52,100,208
10/10/2004,ABI,TX,ASW,CE,Combined TRACON& Tower with Radar,0,20,21,6,47,0,0,9,0,9,0,20,30,6,56,14,14,28,84
10/11/2004,ABI,TX,ASW,CE,Combined TRACON& Tower with Radar,0,35,28,14,77,0,2,18,0,20,0,37,46,14,97,46,16,62,159
10/12/2004,ABI,TX,ASW,CE,Combined TRACON& Tower with Radar,0,30,34,18,82,0,3,35,2,40,0,33,69,20,122,64,74,138,260
10/13/2004,ABI,TX,ASW,CE,Combined TRACON& Tower with Radar,2,37,27,26,92,0,1,44,0,45,2,38,71,26,137,52,46,98,235
10/14/2004,ABI,TX,ASW,CE,Combined TRACON& Tower with Radar,1,35,39,23,98,0,2,46,0,48,1,37,85,23,146,24,90,114,260
10/15/2004,ABI,TX,ASW,CE,Combined TRACON& Tower with Radar,0,36,17,45,98,0,3,40,13,56,0,39,57,58,154,62,96,158,312
10/16/2004,ABI,TX,ASW,CE,Combined TRACON& Tower with Radar,0,20,11,21,52,0,1,55,3,59,0,21,66,24,111,84,56,140,251
10/17/2004,ABI,TX,ASW,CE,Combined TRACON& Tower with Radar,0,15,30,24,69,0,0,46,0,46,0,15,76,24,115,24,24,48,163
10/18/2004,ABI,TX,ASW,CE,Combined TRACON& Tower with Radar,0,36,23,18,77,0,2,22,3,27,0,38,45,21,104,38,48,86,190
10/19/2004,ABI,TX,ASW,CE,Combined TRACON& Tower with Radar,0,33,26,11,70,0,2,28,0,30,0,35,54,11,100,40,46,86,186
10/20/2004,ABI,TX,ASW,CE,Combined TRACON& Tower with Radar,0,39,25,26,90,0,5,47,0,52,0,44,72,26,142,40,22,62,204
10/21/2004,ABI,TX,ASW,CE,Combined TRACON& Tower with Radar,0,38,17,11,66,0,2,33,1,36,0,40,50,12,102,34,24,58,160
10/22/2004,ABI,TX,ASW,CE,Combined TRACON& Tower with Radar,2,33,19,6,60,0,3,13,0,16,2,36,32,6,76,6,14,20,96
10/23/2004,ABI,TX,ASW,CE,Combined TRACON& Tower with Radar,0,0,0,0,0,0,0,0,0,0,0,0,0,0,0,54,28,82,82
10/24/2004,ABI,TX,ASW,CE,Combined TRACON& Tower with Radar,0,0,14,0,14,0,0,0,0,0,0,0,14,0,14,0,0,0,14
10/25/2004,ABI,TX,ASW,CE,Combined TRACON& Tower with Radar,2,34,32,0,68,0,0,6,0,6,2,34,38,0,74,14,0,14,88
10/26/2004,ABI,TX,ASW,CE,Combined TRACON& Tower with Radar,0,43,22,3,68,0,0,5,0,5,0,43,27,3,73,14,2,16,89
10/27/2004,ABI,TX,ASW,CE,Combined TRACON& Tower with Radar,0,41,35,11,87,0,0,15,0,15,0,41,50,11,102,48,26,74,176
10/28/2004,ABI,TX,ASW,CE,Combined TRACON& Tower with Radar,0,39,21,6,66,0,1,26,0,27,0,40,47,6,93,50,56,106,199
10/29/2004,ABI,TX,ASW,CE,Combined TRACON& Tower with Radar,0,32,37,38,107,0,8,42,5,55,0,40,79,43,162,58,170,228,390
10/30/2004,ABI,TX,ASW,CE,Combined TRACON& Tower with Radar,0,0,0,0,0,0,0,0,0,0,0,0,0,0,0,44,0,44,44
10/31/2004,ABI,TX,ASW,CE,Combined TRACON& Tower with Radar,0,19,15,0,34,0,0,4,0,4,0,19,19,0,38,0,0,0,38
11/01/2004,ABI,TX,ASW,CE,Combined TRACON& Tower with Radar,0,29,34,0,63,0,1,23,34,58,0,30,57,34,121,56,66,122,243
11/02/2004,ABI,TX,ASW,CE,Combined TRACON& Tower with Radar,0,45,14,14,73,0,0,2,0,2,0,45,16,14,75,2,14,16,91
11/03/2004,ABI,TX,ASW,CE,Combined TRACON& Tower with Radar,0,32,13,14,59,0,0,2,1,3,0,32,15,15,62,22,16,38,100
11/04/2004,ABI,TX,ASW,CE,Combined TRACON& Tower with Radar,0,45,38,12,95,0,1,59,1,61,0,46,97,13,156,88,68,156,312
11/05/2004,ABI,TX,ASW,CE,Combined TRACON& Tower with Radar,0,37,39,31,107,0,5,65,3,73,0,42,104,34,180,20,84,104,284
11/06/2004,ABI,TX,ASW,CE,Combined TRACON& Tower with Radar,0,19,40,18,77,0,0,44,0,44,0,19,84,18,121,66,14,80,201
11/07/2004,ABI,TX,ASW,CE,Combined TRACON& Tower with Radar,0,13,51,6,70,0,0,71,2,73,0,13,122,8,143,98,8,106,249
11/08/2004,ABI,TX,ASW,CE,Combined TRACON& Tower with Radar,0,22,14,11,47,0,7,41,3,51,0,29,55,14,98,124,10,134,232
11/09/2004,ABI,TX,ASW,CE,Combined TRACON& Tower with Radar,0,35,28,19,82,0,5,44,1,50,0,40,72,20,132,54,70,124,256
11/10/2004,ABI,TX,ASW,CE,Combined TRACON& Tower with Radar,0,31,26,30,87,0,1,38,0,39,0,32,64,30,126,36,40,76,202
11/11/2004,ABI,TX,ASW,CE,Combined TRACON& Tower with Radar,0,40,21,0,61,0,6,21,0,27,0,46,42,0,88,78,0,78,166
11/12/2004,ABI,TX,ASW,CE,Combined TRACON& Tower with Radar,0,44,38,15,97,0,4,5,0,9,0,48,43,15,106,4,6,10,116
11/13/2004,ABI,TX,ASW,CE,Combined TRACON& Tower with Radar,0,22,7,3,32,0,0,0,0,0,0,22,7,3,32,0,2,2,34
11/14/2004,ABI,TX,ASW,CE,Combined TRACON& Tower with Radar,0,14,14,2,30,0,0,1,0,1,0,14,15,2,31,0,0,0,31
11/15/2004,ABI,TX,ASW,CE,Combined TRACON& Tower with Radar,0,29,12,0,41,0,0,0,0,0,0,29,12,0,41,0,0,0,41
11/16/2004,ABI,TX,ASW,CE,Combined TRACON& Tower with Radar,0,36,20,0,56,0,0,0,0,0,0,36,20,0,56,10,4,14,70
11/17/2004,ABI,TX,ASW,CE,Combined TRACON& Tower with Radar,0,40,25,82,147,0,1,11,2,14,0,41,36,84,161,44,108,152,313
11/18/2004,ABI,TX,ASW,CE,Combined TRACON& Tower with Radar,0,43,34,40,117,0,0,24,0,24,0,43,58,40,141,76,91,167,308
11/19/2004,ABI,TX,ASW,CE,Combined TRACON& Tower with Radar,0,39,23,36,98,0,2,30,2,34,0,41,53,38,132,140,174,314,446
11/20/2004,ABI,TX,ASW,CE,Combined TRACON& Tower with Radar,0,22,20,13,55,0,0,2,0,2,0,22,22,13,57,20,18,38,95
11/21/2004,ABI,TX,ASW,CE,Combined TRACON& Tower with Radar,0,31,17,0,48,0,0,0,0,0,0,31,17,0,48,2,0,2,50
11/22/2004,ABI,TX,ASW,CE,Combined TRACON& Tower with Radar,4,39,17,6,66,0,0,0,0,0,4,39,17,6,66,0,0,0,66
11/23/2004,ABI,TX,ASW,CE,Combined TRACON& Tower with Radar,0,37,18,15,70,0,0,5,0,5,0,37,23,15,75,18,34,52,127
11/24/2004,ABI,TX,ASW,CE,Combined TRACON& Tower with Radar,0,41,21,7,69,0,1,33,0,34,0,42,54,7,103,22,10,32,135
11/25/2004,ABI,TX,ASW,CE,Combined TRACON& Tower with Radar,0,15,6,0,21,0,0,18,0,18,0,15,24,0,39,18,0,18,57
11/26/2004,ABI,TX,ASW,CE,Combined TRACON& Tower with Radar,0,30,9,0,39,0,6,36,0,42,0,36,45,0,81,10,0,10,91
11/27/2004,ABI,TX,ASW,CE,Combined TRACON& Tower with Radar,0,0,30,0,30,0,0,59,0,59,0,0,89,0,89,102,0,102,191
11/28/2004,ABI,TX,ASW,CE,Combined TRACON& Tower with Radar,2,23,16,0,41,0,0,22,0,22,2,23,38,0,63,6,0,6,69
11/29/2004,ABI,TX,ASW,CE,Combined TRACON& Tower with Radar,0,37,19,62,118,0,0,3,0,3,0,37,22,62,121,0,118,118,239
11/30/2004,ABI,TX,ASW,CE,Combined TRACON& Tower with Radar,0,42,30,32,104,0,1,27,5,33,0,43,57,37,137,88,80,168,305
12/01/2004,ABI,TX,ASW,CE,Combined TRACON& Tower with Radar,0,43,30,48,121,0,0,49,4,53,0,43,79,52,174,66,150,216,390
12/02/2004,ABI,TX,ASW,CE,Combined TRACON& Tower with Radar,0,35,23,29,87,0,4,49,1,54,0,39,72,30,141,132,96,228,369
12/03/2004,ABI,TX,ASW,CE,Combined TRACON& Tower with Radar,3,36,23,42,104,0,4,53,7,64,3,40,76,49,168,122,160,282,450
12/04/2004,ABI,TX,ASW,CE,Combined TRACON& Tower with Radar,0,0,0,0,0,0,0,0,0,0,0,0,0,0,0,58,16,74,74
12/05/2004,ABI,TX,ASW,CE,Combined TRACON& Tower with Radar,0,29,21,0,50,0,1,17,0,18,0,30,38,0,68,48,4,52,120
12/06/2004,ABI,TX,ASW,CE,Combined TRACON& Tower with Radar,4,38,17,8,67,0,4,13,0,17,4,42,30,8,84,24,8,32,116
12/07/2004,ABI,TX,ASW,CE,Combined TRACON& Tower with Radar,0,27,10,24,61,0,3,70,1,74,0,30,80,25,135,70,68,138,273
12/08/2004,ABI,TX,ASW,CE,Combined TRACON& Tower with Radar,0,35,19,22,76,0,6,31,8,45,0,41,50,30,121,154,74,228,349
12/09/2004,ABI,TX,ASW,CE,Combined TRACON& Tower with Radar,0,38,22,21,81,0,7,52,2,61,0,45,74,23,142,82,56,138,280
12/10/2004,ABI,TX,ASW,CE,Combined TRACON& Tower with Radar,0,37,22,65,124,0,8,47,15,70,0,45,69,80,194,30,128,158,352
12/11/2004,ABI,TX,ASW,CE,Combined TRACON& Tower with Radar,0,25,12,10,47,0,0,107,2,109,0,25,119,12,156,118,18,136,292
12/12/2004,ABI,TX,ASW,CE,Combined TRACON& Tower with Radar,0,15,21,8,44,0,0,45,1,46,0,15,66,9,90,50,6,56,146
12/13/2004,ABI,TX,ASW,CE,Combined TRACON& Tower with Radar,0,23,10,41,74,0,4,44,1,49,0,27,54,42,123,32,94,126,249
12/14/2004,ABI,TX,ASW,CE,Combined TRACON& Tower with Radar,0,38,25,49,112,0,0,33,4,37,0,38,58,53,149,88,174,262,411
12/15/2004,ABI,TX,ASW,CE,Combined TRACON& Tower with Radar,0,47,31,34,112,0,2,29,4,35,0,49,60,38,147,72,62,134,281
12/16/2004,ABI,TX,ASW,CE,Combined TRACON& Tower with Radar,0,37,35,64,136,0,3,26,7,36,0,40,61,71,172,98,144,242,414
12/17/2004,ABI,TX,ASW,CE,Combined TRACON& Tower with Radar,0,37,18,37,92,0,2,53,12,67,0,39,71,49,159,108,150,258,417
12/18/2004,ABI,TX,ASW,CE,Combined TRACON& Tower with Radar,0,20,11,62,93,0,1,48,1,50,0,21,59,63,143,66,112,178,321
12/19/2004,ABI,TX,ASW,CE,Combined TRACON& Tower with Radar,0,17,14,1,32,0,0,29,0,29,0,17,43,1,61,72,2,74,135
12/20/2004,ABI,TX,ASW,CE,Combined TRACON& Tower with Radar,0,0,0,0,0,0,0,0,0,0,0,0,0,0,0,4,50,54,54
12/21/2004,ABI,TX,ASW,CE,Combined TRACON& Tower with Radar,0,66,61,111,238,0,12,91,2,105,0,78,152,113,343,8,136,144,487
12/22/2004,ABI,TX,ASW,CE,Combined TRACON& Tower with Radar,0,41,5,0,46,0,3,1,0,4,0,44,6,0,50,0,0,0,50
12/23/2004,ABI,TX,ASW,CE,Combined TRACON& Tower with Radar,0,33,38,5,76,0,7,21,0,28,0,40,59,5,104,10,2,12,116
12/24/2004,ABI,TX,ASW,CE,Combined TRACON& Tower with Radar,0,31,18,0,49,0,4,25,0,29,0,35,43,0,78,0,0,0,78
12/25/2004,ABI,TX,ASW,CE,Combined TRACON& Tower with Radar,0,18,2,0,20,0,0,17,0,17,0,18,19,0,37,10,0,10,47
12/26/2004,ABI,TX,ASW,CE,Combined TRACON& Tower with Radar,0,18,12,0,30,0,0,35,0,35,0,18,47,0,65,4,0,4,69
12/27/2004,ABI,TX,ASW,CE,Combined TRACON& Tower with Radar,0,38,69,3,110,0,4,41,8,53,0,42,110,11,163,4,8,12,175
12/28/2004,ABI,TX,ASW,CE,Combined TRACON& Tower with Radar,0,30,21,0,51,0,4,26,0,30,0,34,47,0,81,38,0,38,119
12/29/2004,ABI,TX,ASW,CE,Combined TRACON& Tower with Radar,0,50,28,5,83,0,0,0,0,0,0,50,28,5,83,36,0,36,119
12/30/2004,ABI,TX,ASW,CE,Combined TRACON& Tower with Radar,0,30,19,0,49,0,6,18,8,32,0,36,37,8,81,6,0,6,87
12/31/2004,ABI,TX,ASW,CE,Combined TRACON& Tower with Radar,2,33,17,0,52,0,4,48,0,52,2,37,65,0,104,8,0,8,112
01/01/2005,ABI,TX,ASW,CE,Combined TRACON& Tower with Radar,0,16,5,0,21,0,2,9,1,12,0,18,14,1,33,2,0,2,35
01/02/2005,ABI,TX,ASW,CE,Combined TRACON& Tower with Radar,0,19,24,0,43,0,1,13,0,14,0,20,37,0,57,36,0,36,93
01/03/2005,ABI,TX,ASW,CE,Combined TRACON& Tower with Radar,2,41,28,4,75,0,0,7,0,7,2,41,35,4,82,4,6,10,92
01/04/2005,ABI,TX,ASW,CE,Combined TRACON& Tower with Radar,0,39,18,9,66,0,0,3,0,3,0,39,21,9,69,4,2,6,75
01/05/2005,ABI,TX,ASW,CE,Combined TRACON& Tower with Radar,0,0,0,0,0,0,0,0,0,0,0,0,0,0,0,0,10,10,10
01/06/2005,ABI,TX,ASW,CE,Combined TRACON& Tower with Radar,0,48,18,79,145,0,2,25,3,30,0,50,43,82,175,62,250,312,487
01/07/2005,ABI,TX,ASW,CE,Combined TRACON& Tower with Radar,0,29,20,35,84,0,6,20,4,30,0,35,40,39,114,56,170,226,340
01/08/2005,ABI,TX,ASW,CE,Combined TRACON& Tower with Radar,0,21,18,0,39,0,3,41,0,44,0,24,59,0,83,114,0,114,197
01/09/2005,ABI,TX,ASW,CE,Combined TRACON& Tower with Radar,0,17,24,3,44,0,0,25,2,27,0,17,49,5,71,74,2,76,147
01/10/2005,ABI,TX,ASW,CE,Combined TRACON& Tower with Radar,0,35,26,66,127,0,2,9,0,11,0,37,35,66,138,38,106,144,282
01/11/2005,ABI,TX,ASW,CE,Combined TRACON& Tower with Radar,0,39,22,19,80,0,4,16,4,24,0,43,38,23,104,112,100,212,316
01/12/2005,ABI,TX,ASW,CE,Combined TRACON& Tower with Radar,4,46,23,12,85,0,1,3,0,4,4,47,26,12,89,24,10,34,123
01/13/2005,ABI,TX,ASW,CE,Combined TRACON& Tower with Radar,0,34,25,42,101,0,6,58,5,69,0,40,83,47,170,44,142,186,356
01/14/2005,ABI,TX,ASW,CE,Combined TRACON& Tower with Radar,0,30,26,64,120,0,7,102,10,119,0,37,128,74,239,38,130,168,407
01/15/2005,ABI,TX,ASW,CE,Combined TRACON& Tower with Radar,0,24,16,14,54,0,1,17,0,18,0,25,33,14,72,0,6,6,78
01/16/2005,ABI,TX,ASW,CE,Combined TRACON& Tower with Radar,0,26,19,10,55,0,2,24,0,26,0,28,43,10,81,30,26,56,137
01/17/2005,ABI,TX,ASW,CE,Combined TRACON& Tower with Radar,0,24,15,15,54,0,4,49,0,53,0,28,64,15,107,78,34,112,219
01/18/2005,ABI,TX,ASW,CE,Combined TRACON& Tower with Radar,0,37,26,23,86,0,2,12,1,15,0,39,38,24,101,40,92,132,233
01/19/2005,ABI,TX,ASW,CE,Combined TRACON& Tower with Radar,0,30,19,67,116,0,5,25,3,33,0,35,44,70,149,34,108,142,291
01/20/2005,ABI,TX,ASW,CE,Combined TRACON& Tower with Radar,0,44,19,37,100,0,6,37,1,44,0,50,56,38,144,76,40,116,260
01/21/2005,ABI,TX,ASW,CE,Combined TRACON& Tower with Radar,0,32,13,28,73,0,3,32,4,39,0,35,45,32,112,44,176,220,332
01/22/2005,ABI,TX,ASW,CE,Combined TRACON& Tower with Radar,0,24,18,9,51,0,0,33,1,34,0,24,51,10,85,16,6,22,107
01/23/2005,ABI,TX,ASW,CE,Combined TRACON& Tower with Radar,0,20,13,2,35,0,0,54,1,55,0,20,67,3,90,18,58,76,166
01/24/2005,ABI,TX,ASW,CE,Combined TRACON& Tower with Radar,0,38,20,41,99,0,5,67,5,77,0,43,87,46,176,36,80,116,292
01/25/2005,ABI,TX,ASW,CE,Combined TRACON& Tower with Radar,2,33,21,20,76,0,6,32,4,42,2,39,53,24,118,48,66,114,232
01/26/2005,ABI,TX,ASW,CE,Combined TRACON& Tower with Radar,0,32,16,34,82,0,8,30,4,42,0,40,46,38,124,56,100,156,280
01/27/2005,ABI,TX,ASW,CE,Combined TRACON& Tower with Radar,0,38,24,12,74,0,0,1,1,2,0,38,25,13,76,18,24,42,118
01/28/2005,ABI,TX,ASW,CE,Combined TRACON& Tower with Radar,0,30,33,12,75,0,1,11,0,12,0,31,44,12,87,42,40,82,169
01/29/2005,ABI,TX,ASW,CE,Combined TRACON& Tower with Radar,0,26,29,8,63,0,0,1,0,1,0,26,30,8,64,86,10,96,160
01/30/2005,ABI,TX,ASW,CE,Combined TRACON& Tower with Radar,1,20,7,4,32,0,0,0,0,0,1,20,7,4,32,0,4,4,36
01/31/2005,ABI,TX,ASW,CE,Combined TRACON& Tower with Radar,0,37,20,28,85,0,0,7,0,7,0,37,27,28,92,2,18,20,112
02/01/2005,ABI,TX,ASW,CE,Combined TRACON& Tower with Radar,0,33,10,0,43,0,0,0,0,0,0,33,10,0,43,0,0,0,43
02/02/2005,ABI,TX,ASW,CE,Combined TRACON& Tower with Radar,0,37,28,61,126,0,1,6,2,9,0,38,34,63,135,26,116,142,277
02/03/2005,ABI,TX,ASW,CE,Combined TRACON& Tower with Radar,0,39,33,43,115,0,5,45,7,57,0,44,78,50,172,130,114,244,416
02/04/2005,ABI,TX,ASW,CE,Combined TRACON& Tower with Radar,0,33,29,30,92,0,5,70,11,86,0,38,99,41,178,116,170,286,464
02/05/2005,ABI,TX,ASW,CE,Combined TRACON& Tower with Radar,0,24,24,5,53,0,1,29,0,30,0,25,53,5,83,118,16,134,217
02/06/2005,ABI,TX,ASW,CE,Combined TRACON& Tower with Radar,0,31,17,6,54,0,0,21,0,21,0,31,38,6,75,54,28,82,157
02/07/2005,ABI,TX,ASW,CE,Combined TRACON& Tower with Radar,0,28,24,38,90,0,1,25,3,29,0,29,49,41,119,80,114,194,313
02/08/2005,ABI,TX,ASW,CE,Combined TRACON& Tower with Radar,1,51,35,21,108,0,0,0,0,0,1,51,35,21,108,16,22,38,146
02/09/2005,ABI,TX,ASW,CE,Combined TRACON& Tower with Radar,0,74,44,59,177,0,0,8,0,8,0,74,52,59,185,58,78,136,321
02/10/2005,ABI,TX,ASW,CE,Combined TRACON& Tower with Radar,0,35,37,40,112,0,1,38,7,46,0,36,75,47,158,79,94,173,331
02/11/2005,ABI,TX,ASW,CE,Combined TRACON& Tower with Radar,2,34,22,26,84,0,6,22,0,28,2,40,44,26,112,86,32,118,230
02/12/2005,ABI,TX,ASW,CE,Combined TRACON& Tower with Radar,0,22,25,0,47,0,0,5,0,5,0,22,30,0,52,30,0,30,82
02/13/2005,ABI,TX,ASW,CE,Combined TRACON& Tower with Radar,0,14,28,12,54,0,0,53,0,53,0,14,81,12,107,36,36,72,179
02/14/2005,ABI,TX,ASW,CE,Combined TRACON& Tower with Radar,2,32,23,24,81,0,3,53,8,64,2,35,76,32,145,50,106,156,301
02/15/2005,ABI,TX,ASW,CE,Combined TRACON& Tower with Radar,0,32,19,44,95,0,8,45,0,53,0,40,64,44,148,70,120,190,338
02/16/2005,ABI,TX,ASW,CE,Combined TRACON& Tower with Radar,0,40,27,74,141,0,4,33,1,38,0,44,60,75,179,54,128,182,361
02/17/2005,ABI,TX,ASW,CE,Combined TRACON& Tower with Radar,0,35,24,41,100,0,5,26,6,37,0,40,50,47,137,144,74,218,355
02/18/2005,ABI,TX,ASW,CE,Combined TRACON& Tower with Radar,0,38,33,32,103,0,0,0,0,0,0,38,33,32,103,30,48,78,181
02/19/2005,ABI,TX,ASW,CE,Combined TRACON& Tower with Radar,0,24,38,7,69,0,1,9,0,10,0,25,47,7,79,88,4,92,171
02/20/2005,ABI,TX,ASW,CE,Combined TRACON& Tower with Radar,0,23,15,0,38,0,0,47,0,47,0,23,62,0,85,38,0,38,123
02/21/2005,ABI,TX,ASW,CE,Combined TRACON& Tower with Radar,0,24,46,17,87,0,30,89,0,119,0,54,135,17,206,184,10,194,400
02/22/2005,ABI,TX,ASW,CE,Combined TRACON& Tower with Radar,0,36,29,32,97,0,0,12,0,12,0,36,41,32,109,48,106,154,263
02/23/2005,ABI,TX,ASW,CE,Combined TRACON& Tower with Radar,0,47,27,8,82,0,0,0,0,0,0,47,27,8,82,0,6,6,88
02/24/2005,ABI,TX,ASW,CE,Combined TRACON& Tower with Radar,0,34,29,19,82,0,4,23,1,28,0,38,52,20,110,86,40,126,236
02/25/2005,ABI,TX,ASW,CE,Combined TRACON& Tower with Radar,0,39,15,25,79,0,2,18,0,20,0,41,33,25,99,26,64,90,189
02/26/2005,ABI,TX,ASW,CE,Combined TRACON& Tower with Radar,0,27,14,8,49,0,0,2,0,2,0,27,16,8,51,14,4,18,69
02/27/2005,ABI,TX,ASW,CE,Combined TRACON& Tower with Radar,0,15,19,7,41,0,0,39,1,40,0,15,58,8,81,100,8,108,189
02/28/2005,ABI,TX,ASW,CE,Combined TRACON& Tower with Radar,0,33,14,22,69,0,5,58,4,67,0,38,72,26,136,34,42,76,212
03/01/2005,ABI,TX,ASW,CE,Combined TRACON& Tower with Radar,0,25,8,17,50,0,4,36,2,42,0,29,44,19,92,64,100,164,256
03/02/2005,ABI,TX,ASW,CE,Combined TRACON& Tower with Radar,0,23,27,59,109,0,2,18,1,21,0,25,45,60,130,26,80,106,236
03/03/2005,ABI,TX,ASW,CE,Combined TRACON& Tower with Radar,0,40,40,0,80,0,1,33,0,34,0,41,73,0,114,83,44,127,241
03/04/2005,ABI,TX,ASW,CE,Combined TRACON& Tower with Radar,0,48,39,88,175,0,1,22,10,33,0,49,61,98,208,48,138,186,394
03/05/2005,ABI,TX,ASW,CE,Combined TRACON& Tower with Radar,0,29,23,10,62,0,0,0,0,0,0,29,23,10,62,14,12,26,88
03/06/2005,ABI,TX,ASW,CE,Combined TRACON& Tower with Radar,0,20,13,12,45,0,0,1,0,1,0,20,14,12,46,0,0,0,46
03/07/2005,ABI,TX,ASW,CE,Combined TRACON& Tower with Radar,0,25,8,49,82,0,2,33,3,38,0,27,41,52,120,46,90,136,256
03/08/2005,ABI,TX,ASW,CE,Combined TRACON& Tower with Radar,0,35,8,26,69,0,2,48,0,50,0,37,56,26,119,24,104,128,247
03/09/2005,ABI,TX,ASW,CE,Combined TRACON& Tower with Radar,0,38,35,36,109,0,1,35,6,42,0,39,70,42,151,40,118,158,309
03/10/2005,ABI,TX,ASW,CE,Combined TRACON& Tower with Radar,0,32,18,42,92,0,4,47,1,52,0,36,65,43,144,72,80,152,296
03/11/2005,ABI,TX,ASW,CE,Combined TRACON& Tower with Radar,0,33,17,34,84,0,4,81,5,90,0,37,98,39,174,82,80,162,336
03/12/2005,ABI,TX,ASW,CE,Combined TRACON& Tower with Radar,0,26,12,15,53,0,6,36,0,42,0,32,48,15,95,6,46,52,147
03/13/2005,ABI,TX,ASW,CE,Combined TRACON& Tower with Radar,0,22,7,20,49,0,0,27,0,27,0,22,34,20,76,10,10,20,96
03/14/2005,ABI,TX,ASW,CE,Combined TRACON& Tower with Radar,0,28,11,28,67,0,3,20,1,24,0,31,31,29,91,42,60,102,193
03/15/2005,ABI,TX,ASW,CE,Combined TRACON& Tower with Radar,0,47,16,38,101,0,2,16,0,18,0,49,32,38,119,50,44,94,213
03/16/2005,ABI,TX,ASW,CE,Combined TRACON& Tower with Radar,0,44,24,44,112,0,3,6,2,11,0,47,30,46,123,0,60,60,183
03/17/2005,ABI,TX,ASW,CE,Combined TRACON& Tower with Radar,0,34,23,42,99,0,5,44,0,49,0,39,67,42,148,96,88,184,332
03/18/2005,ABI,TX,ASW,CE,Combined TRACON& Tower with Radar,0,44,16,20,80,0,2,48,10,60,0,46,64,30,140,28,79,107,247
03/19/2005,ABI,TX,ASW,CE,Combined TRACON& Tower with Radar,0,22,19,12,53,0,1,47,2,50,0,23,66,14,103,66,18,84,187
03/20/2005,ABI,TX,ASW,CE,Combined TRACON& Tower with Radar,2,18,18,1,39,0,0,43,0,43,2,18,61,1,82,56,2,58,140
03/21/2005,ABI,TX,ASW,CE,Combined TRACON& Tower with Radar,0,36,24,23,83,0,0,22,1,23,0,36,46,24,106,12,28,40,146
03/22/2005,ABI,TX,ASW,CE,Combined TRACON& Tower with Radar,0,46,20,24,90,0,4,32,1,37,0,50,52,25,127,18,64,82,209
03/23/2005,ABI,TX,ASW,CE,Combined TRACON& Tower with Radar,0,46,34,18,98,0,2,32,5,39,0,48,66,23,137,102,122,224,361
03/24/2005,ABI,TX,ASW,CE,Combined TRACON& Tower with Radar,1,39,17,14,71,0,2,32,1,35,1,41,49,15,106,24,24,48,154
03/25/2005,ABI,TX,ASW,CE,Combined TRACON& Tower with Radar,2,39,111,59,211,0,0,0,0,0,2,39,111,59,211,72,110,182,393
03/26/2005,ABI,TX,ASW,CE,Combined TRACON& Tower with Radar,0,29,3,3,35,0,0,1,0,1,0,29,4,3,36,0,0,0,36
03/27/2005,ABI,TX,ASW,CE,Combined TRACON& Tower with Radar,2,23,11,14,50,0,0,21,3,24,2,23,32,17,74,22,12,34,108
03/28/2005,ABI,TX,ASW,CE,Combined TRACON& Tower with Radar,3,34,16,26,79,0,6,128,2,136,3,40,144,28,215,62,52,114,329
03/29/2005,ABI,TX,ASW,CE,Combined TRACON& Tower with Radar,0,37,16,8,61,0,4,23,2,29,0,41,39,10,90,90,24,114,204
03/30/2005,ABI,TX,ASW,CE,Combined TRACON& Tower with Radar,0,40,20,29,89,0,5,39,0,44,0,45,59,29,133,62,82,144,277
03/31/2005,ABI,TX,ASW,CE,Combined TRACON& Tower with Radar,0,37,16,27,80,0,4,28,7,39,0,41,44,34,119,50,90,140,259
04/01/2005,ABI,TX,ASW,CE,Combined TRACON& Tower with Radar,0,32,31,35,98,0,7,23,2,32,0,39,54,37,130,30,44,74,204
04/02/2005,ABI,TX,ASW,CE,Combined TRACON& Tower with Radar,0,23,25,4,52,0,0,121,0,121,0,23,146,4,173,68,6,74,247
04/03/2005,ABI,TX,ASW,CE,Combined TRACON& Tower with Radar,4,24,13,11,52,0,0,38,0,38,4,24,51,11,90,18,16,34,124
04/04/2005,ABI,TX,ASW,CE,Combined TRACON& Tower with Radar,0,37,15,25,77,0,2,36,3,41,0,39,51,28,118,52,30,82,200
04/05/2005,ABI,TX,ASW,CE,Combined TRACON& Tower with Radar,4,41,20,2,67,0,1,21,0,22,4,42,41,2,89,50,18,68,157
04/06/2005,ABI,TX,ASW,CE,Combined TRACON& Tower with Radar,0,40,16,35,91,0,0,17,1,18,0,40,33,36,109,8,112,120,229
04/07/2005,ABI,TX,ASW,CE,Combined TRACON& Tower with Radar,0,40,27,65,132,0,3,32,7,42,0,43,59,72,174,72,310,382,556
04/08/2005,ABI,TX,ASW,CE,Combined TRACON& Tower with Radar,0,42,26,98,166,0,1,49,5,55,0,43,75,103,221,52,262,314,535
04/09/2005,ABI,TX,ASW,CE,Combined TRACON& Tower with Radar,0,29,21,16,66,0,0,42,0,42,0,29,63,16,108,42,24,66,174
04/10/2005,ABI,TX,ASW,CE,Combined TRACON& Tower with Radar,0,22,19,132,173,0,0,6,3,9,0,22,25,135,182,32,256,288,470
04/11/2005,ABI,TX,ASW,CE,Combined TRACON& Tower with Radar,2,33,13,64,112,0,1,43,4,48,2,34,56,68,160,80,162,242,402
04/12/2005,ABI,TX,ASW,CE,Combined TRACON& Tower with Radar,0,38,15,32,85,0,1,49,1,51,0,39,64,33,136,168,102,270,406
04/13/2005,ABI,TX,ASW,CE,Combined TRACON& Tower with Radar,0,51,25,43,119,0,0,43,4,47,0,51,68,47,166,94,110,204,370
04/14/2005,ABI,TX,ASW,CE,Combined TRACON& Tower with Radar,0,39,31,30,100,0,1,69,2,72,0,40,100,32,172,88,56,144,316
04/15/2005,ABI,TX,ASW,CE,Combined TRACON& Tower with Radar,2,42,27,9,80,0,2,40,0,42,2,44,67,9,122,70,14,84,206
04/16/2005,ABI,TX,ASW,CE,Combined TRACON& Tower with Radar,0,21,17,12,50,0,1,53,0,54,0,22,70,12,104,44,12,56,160
04/17/2005,ABI,TX,ASW,CE,Combined TRACON& Tower with Radar,0,25,19,8,52,0,0,36,0,36,0,25,55,8,88,28,8,36,124
04/18/2005,ABI,TX,ASW,CE,Combined TRACON& Tower with Radar,0,37,21,23,81,0,0,13,1,14,0,37,34,24,95,64,52,116,211
04/19/2005,ABI,TX,ASW,CE,Combined TRACON& Tower with Radar,0,41,9,26,76,0,0,21,3,24,0,41,30,29,100,76,114,190,290
04/20/2005,ABI,TX,ASW,CE,Combined TRACON& Tower with Radar,0,43,29,35,107,0,6,29,0,35,0,49,58,35,142,42,98,140,282
04/21/2005,ABI,TX,ASW,CE,Combined TRACON& Tower with Radar,0,39,27,36,102,0,3,33,3,39,0,42,60,39,141,148,100,248,389
04/22/2005,ABI,TX,ASW,CE,Combined TRACON& Tower with Radar,0,44,19,37,100,0,6,35,12,53,0,50,54,49,153,76,118,194,347
04/23/2005,ABI,TX,ASW,CE,Combined TRACON& Tower with Radar,0,27,16,15,58,0,0,40,8,48,0,27,56,23,106,56,46,102,208
04/24/2005,ABI,TX,ASW,CE,Combined TRACON& Tower with Radar,4,27,7,8,46,0,0,30,2,32,4,27,37,10,78,22,20,42,120
04/25/2005,ABI,TX,ASW,CE,Combined TRACON& Tower with Radar,4,33,9,38,84,0,2,23,4,29,4,35,32,42,113,12,80,92,205
04/26/2005,ABI,TX,ASW,CE,Combined TRACON& Tower with Radar,0,44,18,16,78,0,2,43,2,47,0,46,61,18,125,110,64,174,299
04/27/2005,ABI,TX,ASW,CE,Combined TRACON& Tower with Radar,0,45,25,41,111,0,4,41,0,45,0,49,66,41,156,24,92,116,272
04/28/2005,ABI,TX,ASW,CE,Combined TRACON& Tower with Radar,0,38,18,29,85,0,3,50,2,55,0,41,68,31,140,38,24,62,202
04/29/2005,ABI,TX,ASW,CE,Combined TRACON& Tower with Radar,0,42,44,101,187,0,4,48,7,59,0,46,92,108,246,68,134,202,448
04/30/2005,ABI,TX,ASW,CE,Combined TRACON& Tower with Radar,0,22,11,21,54,0,1,89,4,94,0,23,100,25,148,106,42,148,296
05/01/2005,ABI,TX,ASW,CE,Combined TRACON& Tower with Radar,0,28,13,7,48,0,0,42,0,42,0,28,55,7,90,26,22,48,138
05/02/2005,ABI,TX,ASW,CE,Combined TRACON& Tower with Radar,0,40,15,25,80,0,3,13,0,16,0,43,28,25,96,50,36,86,182
05/03/2005,ABI,TX,ASW,CE,Combined TRACON& Tower with Radar,0,44,28,33,105,0,0,7,0,7,0,44,35,33,112,30,56,86,198
05/04/2005,ABI,TX,ASW,CE,Combined TRACON& Tower with Radar,0,64,34,9,107,0,0,0,0,0,0,64,34,9,107,14,0,14,121
05/05/2005,ABI,TX,ASW,CE,Combined TRACON& Tower with Radar,0,41,49,10,100,0,6,34,0,40,0,47,83,10,140,92,20,112,252
05/06/2005,ABI,TX,ASW,CE,Combined TRACON& Tower with Radar,0,37,24,15,76,0,6,35,8,49,0,43,59,23,125,32,126,158,283
05/07/2005,ABI,TX,ASW,CE,Combined TRACON& Tower with Radar,0,33,43,3,79,0,0,0,0,0,0,33,43,3,79,64,2,66,145
05/08/2005,ABI,TX,ASW,CE,Combined TRACON& Tower with Radar,2,21,11,5,39,0,0,19,1,20,2,21,30,6,59,16,2,18,77
05/09/2005,ABI,TX,ASW,CE,Combined TRACON& Tower with Radar,0,37,37,25,99,0,3,53,5,61,0,40,90,30,160,74,96,170,330
05/10/2005,ABI,TX,ASW,CE,Combined TRACON& Tower with Radar,0,34,36,41,111,0,2,28,4,34,0,36,64,45,145,6,80,86,231
05/11/2005,ABI,TX,ASW,CE,Combined TRACON& Tower with Radar,2,39,27,52,120,0,2,18,0,20,2,41,45,52,140,38,122,160,300
05/12/2005,ABI,TX,ASW,CE,Combined TRACON& Tower with Radar,2,41,28,17,88,0,2,4,0,6,2,43,32,17,94,8,20,28,122
05/13/2005,ABI,TX,ASW,CE,Combined TRACON& Tower with Radar,2,39,27,49,117,0,6,31,2,39,2,45,58,51,156,40,104,144,300
05/14/2005,ABI,TX,ASW,CE,Combined TRACON& Tower with Radar,2,22,23,32,79,0,1,17,1,19,2,23,40,33,98,36,32,68,166
05/15/2005,ABI,TX,ASW,CE,Combined TRACON& Tower with Radar,2,18,10,2,32,0,0,0,0,0,2,18,10,2,32,2,0,2,34
05/16/2005,ABI,TX,ASW,CE,Combined TRACON& Tower with Radar,0,50,13,29,92,0,2,55,3,60,0,52,68,32,152,74,44,118,270
05/17/2005,ABI,TX,ASW,CE,Combined TRACON& Tower with Radar,0,33,28,16,77,0,2,27,2,31,0,35,55,18,108,40,26,66,174
05/18/2005,ABI,TX,ASW,CE,Combined TRACON& Tower with Radar,0,27,30,20,77,0,3,23,0,26,0,30,53,20,103,42,28,70,173
05/19/2005,ABI,TX,ASW,CE,Combined TRACON& Tower with Radar,0,40,0,26,66,0,2,54,3,59,0,42,54,29,125,80,72,152,277
05/20/2005,ABI,TX,ASW,CE,Combined TRACON& Tower with Radar,2,41,12,23,78,0,4,52,5,61,2,45,64,28,139,82,48,130,269
05/21/2005,ABI,TX,ASW,CE,Combined TRACON& Tower with Radar,0,27,20,2,49,0,0,53,0,53,0,27,73,2,102,42,0,42,144
05/22/2005,ABI,TX,ASW,CE,Combined TRACON& Tower with Radar,0,22,9,12,43,0,1,37,2,40,0,23,46,14,83,42,12,54,137
05/23/2005,ABI,TX,ASW,CE,Combined TRACON& Tower with Radar,2,30,20,6,58,0,8,103,0,111,2,38,123,6,169,50,10,60,229
05/24/2005,ABI,TX,ASW,CE,Combined TRACON& Tower with Radar,0,33,15,22,70,0,9,49,5,63,0,42,64,27,133,54,38,92,225
05/25/2005,ABI,TX,ASW,CE,Combined TRACON& Tower with Radar,0,38,22,14,74,0,6,41,1,48,0,44,63,15,122,56,38,94,216
05/26/2005,ABI,TX,ASW,CE,Combined TRACON& Tower with Radar,0,49,21,0,70,0,0,3,1,4,0,49,24,1,74,10,4,14,88
05/27/2005,ABI,TX,ASW,CE,Combined TRACON& Tower with Radar,0,43,39,2,84,0,1,29,0,30,0,44,68,2,114,62,0,62,176
05/28/2005,ABI,TX,ASW,CE,Combined TRACON& Tower with Radar,0,23,19,0,42,0,2,5,0,7,0,25,24,0,49,4,0,4,53
05/29/2005,ABI,TX,ASW,CE,Combined TRACON& Tower with Radar,0,21,25,0,46,0,0,17,0,17,0,21,42,0,63,40,0,40,103
05/30/2005,ABI,TX,ASW,CE,Combined TRACON& Tower with Radar,0,27,13,1,41,0,2,27,1,30,0,29,40,2,71,58,0,58,129
05/31/2005,ABI,TX,ASW,CE,Combined TRACON& Tower with Radar,0,27,19,7,53,0,5,8,0,13,0,32,27,7,66,20,4,24,90
06/01/2005,ABI,TX,ASW,CE,Combined TRACON& Tower with Radar,0,30,21,32,83,0,7,40,1,48,0,37,61,33,131,70,102,172,303
06/02/2005,ABI,TX,ASW,CE,Combined TRACON& Tower with Radar,0,34,28,22,84,0,8,48,4,60,0,42,76,26,144,70,32,102,246
06/03/2005,ABI,TX,ASW,CE,Combined TRACON& Tower with Radar,2,37,17,17,73,0,6,28,1,35,2,43,45,18,108,70,22,92,200
06/04/2005,ABI,TX,ASW,CE,Combined TRACON& Tower with Radar,0,24,17,0,41,0,0,69,2,71,0,24,86,2,112,56,0,56,168
06/05/2005,ABI,TX,ASW,CE,Combined TRACON& Tower with Radar,7,18,22,15,62,0,0,34,0,34,7,18,56,15,96,40,14,54,150
06/06/2005,ABI,TX,ASW,CE,Combined TRACON& Tower with Radar,0,38,15,33,86,0,4,74,2,80,0,42,89,35,166,50,32,82,248
06/07/2005,ABI,TX,ASW,CE,Combined TRACON& Tower with Radar,0,50,15,22,87,0,3,27,2,32,0,53,42,24,119,32,40,72,191
06/08/2005,ABI,TX,ASW,CE,Combined TRACON& Tower with Radar,0,44,29,18,91,0,6,28,0,34,0,50,57,18,125,32,30,62,187
06/09/2005,ABI,TX,ASW,CE,Combined TRACON& Tower with Radar,0,32,18,25,75,0,0,0,0,0,0,32,18,25,75,52,42,94,169
06/10/2005,ABI,TX,ASW,CE,Combined TRACON& Tower with Radar,0,35,33,7,75,0,5,17,1,23,0,40,50,8,98,18,44,62,160
06/11/2005,ABI,TX,ASW,CE,Combined TRACON& Tower with Radar,2,27,15,8,52,0,4,24,0,28,2,31,39,8,80,18,18,36,116
06/12/2005,ABI,TX,ASW,CE,Combined TRACON& Tower with Radar,0,26,24,1,51,0,0,25,2,27,0,26,49,3,78,4,0,4,82
06/13/2005,ABI,TX,ASW,CE,Combined TRACON& Tower with Radar,2,39,24,25,90,0,6,87,2,95,2,45,111,27,185,36,50,86,271
06/14/2005,ABI,TX,ASW,CE,Combined TRACON& Tower with Radar,0,36,16,0,52,0,8,17,0,25,0,44,33,0,77,24,0,24,101
06/15/2005,ABI,TX,ASW,CE,Combined TRACON& Tower with Radar,0,32,24,6,62,0,5,37,0,42,0,37,61,6,104,46,44,90,194
06/16/2005,ABI,TX,ASW,CE,Combined TRACON& Tower with Radar,0,41,23,10,74,0,7,61,2,70,0,48,84,12,144,54,40,94,238
06/17/2005,ABI,TX,ASW,CE,Combined TRACON& Tower with Radar,0,34,15,29,78,0,3,49,3,55,0,37,64,32,133,70,36,106,239
06/18/2005,ABI,TX,ASW,CE,Combined TRACON& Tower with Radar,0,24,9,18,51,0,5,57,1,63,0,29,66,19,114,66,18,84,198
06/19/2005,ABI,TX,ASW,CE,Combined TRACON& Tower with Radar,3,20,7,2,32,0,0,25,2,27,3,20,32,4,59,12,0,12,71
06/20/2005,ABI,TX,ASW,CE,Combined TRACON& Tower with Radar,0,30,15,9,54,0,3,27,1,31,0,33,42,10,85,20,0,20,105
06/21/2005,ABI,TX,ASW,CE,Combined TRACON& Tower with Radar,0,34,17,8,59,0,3,41,1,45,0,37,58,9,104,30,34,64,168
06/22/2005,ABI,TX,ASW,CE,Combined TRACON& Tower with Radar,0,32,13,19,64,0,7,57,0,64,0,39,70,19,128,54,48,102,230
06/23/2005,ABI,TX,ASW,CE,Combined TRACON& Tower with Radar,0,30,16,18,64,0,7,70,3,80,0,37,86,21,144,18,32,50,194
06/24/2005,ABI,TX,ASW,CE,Combined TRACON& Tower with Radar,0,34,18,14,66,0,10,41,7,58,0,44,59,21,124,82,62,144,268
06/25/2005,ABI,TX,ASW,CE,Combined TRACON& Tower with Radar,0,30,18,7,55,0,6,36,1,43,0,36,54,8,98,22,6,28,126
06/26/2005,ABI,TX,ASW,CE,Combined TRACON& Tower with Radar,0,19,13,5,37,0,4,56,0,60,0,23,69,5,97,48,6,54,151
06/27/2005,ABI,TX,ASW,CE,Combined TRACON& Tower with Radar,0,30,20,36,86,0,3,36,1,40,0,33,56,37,126,22,72,94,220
06/28/2005,ABI,TX,ASW,CE,Combined TRACON& Tower with Radar,0,32,13,7,52,0,6,41,0,47,0,38,54,7,99,92,20,112,211
06/29/2005,ABI,TX,ASW,CE,Combined TRACON& Tower with Radar,0,30,10,6,46,0,26,40,0,66,0,56,50,6,112,96,50,146,258
06/30/2005,ABI,TX,ASW,CE,Combined TRACON& Tower with Radar,2,34,18,11,65,0,5,54,0,59,2,39,72,11,124,18,2,20,144
07/01/2005,ABI,TX,ASW,CE,Combined TRACON& Tower with Radar,4,32,31,3,70,0,7,55,1,63,4,39,86,4,133,14,0,14,147
07/02/2005,ABI,TX,ASW,CE,Combined TRACON& Tower with Radar,0,21,5,0,26,0,2,29,0,31,0,23,34,0,57,26,0,26,83
07/03/2005,ABI,TX,ASW,CE,Combined TRACON& Tower with Radar,2,19,9,4,34,0,1,44,0,45,2,20,53,4,79,50,6,56,135
07/04/2005,ABI,TX,ASW,CE,Combined TRACON& Tower with Radar,0,22,7,0,29,0,5,25,0,30,0,27,32,0,59,2,0,2,61
07/05/2005,ABI,TX,ASW,CE,Combined TRACON& Tower with Radar,4,33,10,2,49,0,6,53,0,59,4,39,63,2,108,30,0,30,138
07/06/2005,ABI,TX,ASW,CE,Combined TRACON& Tower with Radar,0,31,16,4,51,0,5,36,1,42,0,36,52,5,93,16,6,22,115
07/07/2005,ABI,TX,ASW,CE,Combined TRACON& Tower with Radar,0,34,20,10,64,0,8,35,2,45,0,42,55,12,109,42,26,68,177
07/08/2005,ABI,TX,ASW,CE,Combined TRACON& Tower with Radar,0,34,12,86,132,0,7,41,9,57,0,41,53,95,189,48,140,188,377
07/09/2005,ABI,TX,ASW,CE,Combined TRACON& Tower with Radar,0,30,14,19,63,0,6,41,2,49,0,36,55,21,112,48,54,102,214
07/10/2005,ABI,TX,ASW,CE,Combined TRACON& Tower with Radar,0,0,18,19,37,0,0,83,1,84,0,0,101,20,121,36,116,152,273
07/11/2005,ABI,TX,ASW,CE,Combined TRACON& Tower with Radar,0,28,12,21,61,0,13,19,0,32,0,41,31,21,93,24,68,92,185
07/12/2005,ABI,TX,ASW,CE,Combined TRACON& Tower with Radar,0,38,13,22,73,0,4,31,0,35,0,42,44,22,108,50,58,108,216
07/13/2005,ABI,TX,ASW,CE,Combined TRACON& Tower with Radar,0,29,15,8,52,0,10,23,1,34,0,39,38,9,86,52,6,58,144
07/14/2005,ABI,TX,ASW,CE,Combined TRACON& Tower with Radar,2,29,23,28,82,0,6,50,0,56,2,35,73,28,138,36,78,114,252
07/15/2005,ABI,TX,ASW,CE,Combined TRACON& Tower with Radar,0,45,26,28,99,0,8,32,6,46,0,53,58,34,145,40,60,100,245
07/16/2005,ABI,TX,ASW,CE,Combined TRACON& Tower with Radar,0,25,12,11,48,0,0,38,3,41,0,25,50,14,89,92,10,102,191
07/17/2005,ABI,TX,ASW,CE,Combined TRACON& Tower with Radar,0,23,24,13,60,0,0,25,1,26,0,23,49,14,86,2,10,12,98
07/18/2005,ABI,TX,ASW,CE,Combined TRACON& Tower with Radar,0,36,6,36,78,0,4,32,0,36,0,40,38,36,114,28,32,60,174
07/19/2005,ABI,TX,ASW,CE,Combined TRACON& Tower with Radar,0,28,16,28,72,0,6,40,0,46,0,34,56,28,118,78,36,114,232
07/20/2005,ABI,TX,ASW,CE,Combined TRACON& Tower with Radar,0,39,19,45,103,0,5,30,11,46,0,44,49,56,149,70,160,230,379
07/21/2005,ABI,TX,ASW,CE,Combined TRACON& Tower with Radar,0,36,27,27,90,0,7,54,1,62,0,43,81,28,152,124,34,158,310
07/22/2005,ABI,TX,ASW,CE,Combined TRACON& Tower with Radar,0,33,33,28,94,0,7,43,6,56,0,40,76,34,150,92,96,188,338
07/23/2005,ABI,TX,ASW,CE,Combined TRACON& Tower with Radar,0,24,16,8,48,0,1,37,0,38,0,25,53,8,86,46,0,46,132
07/24/2005,ABI,TX,ASW,CE,Combined TRACON& Tower with Radar,0,21,14,4,39,0,0,28,3,31,0,21,42,7,70,34,6,40,110
07/25/2005,ABI,TX,ASW,CE,Combined TRACON& Tower with Radar,0,33,6,11,50,0,6,33,4,43,0,39,39,15,93,80,40,120,213
07/26/2005,ABI,TX,ASW,CE,Combined TRACON& Tower with Radar,2,34,15,20,71,0,8,24,4,36,2,42,39,24,107,68,54,122,229
07/27/2005,ABI,TX,ASW,CE,Combined TRACON& Tower with Radar,0,40,27,16,83,0,2,0,0,2,0,42,27,16,85,0,28,28,113
07/28/2005,ABI,TX,ASW,CE,Combined TRACON& Tower with Radar,0,39,30,38,107,0,4,20,0,24,0,43,50,38,131,28,68,96,227
07/29/2005,ABI,TX,ASW,CE,Combined TRACON& Tower with Radar,2,32,23,38,95,0,10,102,9,121,2,42,125,47,216,58,160,218,434
07/30/2005,ABI,TX,ASW,CE,Combined TRACON& Tower with Radar,0,22,11,3,36,0,4,42,0,46,0,26,53,3,82,60,0,60,142
07/31/2005,ABI,TX,ASW,CE,Combined TRACON& Tower with Radar,0,27,9,15,51,0,1,33,1,35,0,28,42,16,86,28,50,78,164
08/01/2005,ABI,TX,ASW,CE,Combined TRACON& Tower with Radar,2,33,18,1,54,0,3,80,2,85,2,36,98,3,139,98,4,102,241
08/02/2005,ABI,TX,ASW,CE,Combined TRACON& Tower with Radar,0,42,24,9,75,0,3,36,0,39,0,45,60,9,114,104,40,144,258
08/03/2005,ABI,TX,ASW,CE,Combined TRACON& Tower with Radar,0,37,31,42,110,0,2,34,0,36,0,39,65,42,146,24,30,54,200
08/04/2005,ABI,TX,ASW,CE,Combined TRACON& Tower with Radar,0,40,16,8,64,0,1,32,1,34,0,41,48,9,98,14,8,22,120
08/05/2005,ABI,TX,ASW,CE,Combined TRACON& Tower with Radar,0,38,24,35,97,0,3,30,0,33,0,41,54,35,130,10,104,114,244
08/06/2005,ABI,TX,ASW,CE,Combined TRACON& Tower with Radar,2,24,12,4,42,0,1,34,1,36,2,25,46,5,78,78,12,90,168
08/07/2005,ABI,TX,ASW,CE,Combined TRACON& Tower with Radar,2,23,5,2,32,0,0,26,0,26,2,23,31,2,58,134,0,134,192
08/08/2005,ABI,TX,ASW,CE,Combined TRACON& Tower with Radar,0,34,10,0,44,0,2,24,1,27,0,36,34,1,71,22,0,22,93
08/09/2005,ABI,TX,ASW,CE,Combined TRACON& Tower with Radar,0,36,19,6,61,0,5,33,1,39,0,41,52,7,100,6,2,8,108
08/10/2005,ABI,TX,ASW,CE,Combined TRACON& Tower with Radar,0,52,22,17,91,0,4,23,0,27,0,56,45,17,118,40,16,56,174
08/11/2005,ABI,TX,ASW,CE,Combined TRACON& Tower with Radar,2,35,19,36,92,0,7,52,1,60,2,42,71,37,152,76,120,196,348
08/12/2005,ABI,TX,ASW,CE,Combined TRACON& Tower with Radar,0,37,34,47,118,0,6,51,12,69,0,43,85,59,187,66,98,164,351
08/13/2005,ABI,TX,ASW,CE,Combined TRACON& Tower with Radar,0,21,10,2,33,0,1,24,0,25,0,22,34,2,58,62,4,66,124
08/14/2005,ABI,TX,ASW,CE,Combined TRACON& Tower with Radar,0,31,17,8,56,0,0,8,0,8,0,31,25,8,64,12,8,20,84
08/15/2005,ABI,TX,ASW,CE,Combined TRACON& Tower with Radar,2,35,29,9,75,0,1,17,2,20,2,36,46,11,95,32,0,32,127
08/16/2005,ABI,TX,ASW,CE,Combined TRACON& Tower with Radar,0,43,24,10,77,0,0,16,5,21,0,43,40,15,98,24,26,50,148
08/17/2005,ABI,TX,ASW,CE,Combined TRACON& Tower with Radar,0,32,18,16,66,0,2,34,3,39,0,34,52,19,105,36,84,120,225
08/18/2005,ABI,TX,ASW,CE,Combined TRACON& Tower with Radar,0,35,17,31,83,0,4,65,8,77,0,39,82,39,160,26,76,102,262
08/19/2005,ABI,TX,ASW,CE,Combined TRACON& Tower with Radar,0,37,20,23,80,0,4,50,8,62,0,41,70,31,142,46,53,99,241
08/20/2005,ABI,TX,ASW,CE,Combined TRACON& Tower with Radar,0,25,9,21,55,0,5,32,6,43,0,30,41,27,98,108,64,172,270
08/21/2005,ABI,TX,ASW,CE,Combined TRACON& Tower with Radar,0,18,9,23,50,0,1,37,3,41,0,19,46,26,91,50,32,82,173
08/22/2005,ABI,TX,ASW,CE,Combined TRACON& Tower with Radar,0,30,17,30,77,0,3,31,3,37,0,33,48,33,114,40,60,100,214
08/23/2005,ABI,TX,ASW,CE,Combined TRACON& Tower with Radar,2,34,17,14,67,0,3,44,1,48,2,37,61,15,115,34,14,48,163
08/24/2005,ABI,TX,ASW,CE,Combined TRACON& Tower with Radar,0,35,20,25,80,0,34,25,4,63,0,69,45,29,143,6,154,160,303
08/25/2005,ABI,TX,ASW,CE,Combined TRACON& Tower with Radar,0,31,17,21,69,0,6,46,3,55,0,37,63,24,124,42,60,102,226
08/26/2005,ABI,TX,ASW,CE,Combined TRACON& Tower with Radar,0,34,30,48,112,0,8,36,9,53,0,42,66,57,165,16,62,78,243
08/27/2005,ABI,TX,ASW,CE,Combined TRACON& Tower with Radar,0,29,20,23,72,0,1,52,1,54,0,30,72,24,126,36,52,88,214
08/28/2005,ABI,TX,ASW,CE,Combined TRACON& Tower with Radar,1,20,18,2,41,0,0,29,1,30,1,20,47,3,71,42,10,52,123
08/29/2005,ABI,TX,ASW,CE,Combined TRACON& Tower with Radar,0,28,15,14,57,0,5,26,2,33,0,33,41,16,90,30,26,56,146
08/30/2005,ABI,TX,ASW,CE,Combined TRACON& Tower with Radar,0,32,21,22,75,0,9,45,1,55,0,41,66,23,130,2,60,62,192
08/31/2005,ABI,TX,ASW,CE,Combined TRACON& Tower with Radar,0,32,19,4,55,0,4,59,1,64,0,36,78,5,119,32,0,32,151
09/01/2005,ABI,TX,ASW,CE,Combined TRACON& Tower with Radar,0,32,16,16,64,0,6,57,3,66,0,38,73,19,130,42,44,86,216
09/02/2005,ABI,TX,ASW,CE,Combined TRACON& Tower with Radar,0,32,23,13,68,0,6,108,3,117,0,38,131,16,185,52,18,70,255
09/03/2005,ABI,TX,ASW,CE,Combined TRACON& Tower with Radar,0,18,16,0,34,0,1,27,0,28,0,19,43,0,62,26,0,26,88
09/04/2005,ABI,TX,ASW,CE,Combined TRACON& Tower with Radar,0,21,13,0,34,0,0,18,0,18,0,21,31,0,52,54,0,54,106
09/05/2005,ABI,TX,ASW,CE,Combined TRACON& Tower with Radar,3,22,11,1,37,0,0,43,0,43,3,22,54,1,80,62,12,74,154
09/06/2005,ABI,TX,ASW,CE,Combined TRACON& Tower with Radar,0,24,11,12,47,0,10,21,0,31,0,34,32,12,78,28,34,62,140
09/07/2005,ABI,TX,ASW,CE,Combined TRACON& Tower with Radar,0,38,11,26,75,0,4,29,4,37,0,42,40,30,112,48,42,90,202
09/08/2005,ABI,TX,ASW,CE,Combined TRACON& Tower with Radar,0,37,12,15,64,0,7,41,17,65,0,44,53,32,129,30,34,64,193
09/09/2005,ABI,TX,ASW,CE,Combined TRACON& Tower with Radar,0,32,18,32,82,0,4,75,2,81,0,36,93,34,163,52,82,134,297
09/10/2005,ABI,TX,ASW,CE,Combined TRACON& Tower with Radar,0,25,11,6,42,0,0,24,2,26,0,25,35,8,68,56,8,64,132
09/11/2005,ABI,TX,ASW,CE,Combined TRACON& Tower with Radar,0,20,15,8,43,0,0,13,0,13,0,20,28,8,56,44,2,46,102
09/12/2005,ABI,TX,ASW,CE,Combined TRACON& Tower with Radar,0,47,20,28,95,0,3,19,3,25,0,50,39,31,120,24,120,144,264
09/13/2005,ABI,TX,ASW,CE,Combined TRACON& Tower with Radar,0,36,15,10,61,0,4,39,1,44,0,40,54,11,105,42,62,104,209
09/14/2005,ABI,TX,ASW,CE,Combined TRACON& Tower with Radar,0,42,25,13,80,0,4,64,0,68,0,46,89,13,148,16,64,80,228
09/15/2005,ABI,TX,ASW,CE,Combined TRACON& Tower with Radar,9,39,29,25,102,0,6,34,0,40,9,45,63,25,142,28,52,80,222
09/16/2005,ABI,TX,ASW,CE,Combined TRACON& Tower with Radar,0,43,27,23,93,0,3,26,5,34,0,46,53,28,127,54,38,92,219
09/17/2005,ABI,TX,ASW,CE,Combined TRACON& Tower with Radar,0,25,16,11,52,0,1,34,2,37,0,26,50,13,89,56,24,80,169
09/18/2005,ABI,TX,ASW,CE,Combined TRACON& Tower with Radar,0,20,17,23,60,0,0,46,0,46,0,20,63,23,106,70,30,100,206
09/19/2005,ABI,TX,ASW,CE,Combined TRACON& Tower with Radar,0,35,13,19,67,0,4,35,1,40,0,39,48,20,107,50,74,124,231
09/20/2005,ABI,TX,ASW,CE,Combined TRACON& Tower with Radar,0,37,21,40,98,0,5,65,0,70,0,42,86,40,168,74,84,158,326
09/21/2005,ABI,TX,ASW,CE,Combined TRACON& Tower with Radar,0,43,21,64,128,0,6,45,6,57,0,49,66,70,185,56,114,170,355
09/22/2005,ABI,TX,ASW,CE,Combined TRACON& Tower with Radar,0,32,18,19,69,0,8,49,0,57,0,40,67,19,126,40,44,84,210
09/23/2005,ABI,TX,ASW,CE,Combined TRACON& Tower with Radar,0,42,23,13,78,0,7,55,0,62,0,49,78,13,140,66,8,74,214
09/24/2005,ABI,TX,ASW,CE,Combined TRACON& Tower with Radar,0,34,12,11,57,0,0,43,0,43,0,34,55,11,100,30,12,42,142
09/25/2005,ABI,TX,ASW,CE,Combined TRACON& Tower with Radar,0,25,16,3,44,0,0,49,0,49,0,25,65,3,93,34,0,34,127
09/26/2005,ABI,TX,ASW,CE,Combined TRACON& Tower with Radar,0,42,15,26,83,0,3,41,2,46,0,45,56,28,129,54,30,84,213
09/27/2005,ABI,TX,ASW,CE,Combined TRACON& Tower with Radar,0,37,7,51,95,0,6,66,1,73,0,43,73,52,168,42,98,140,308
09/28/2005,ABI,TX,ASW,CE,Combined TRACON& Tower with Radar,5,37,18,20,80,0,3,39,2,44,5,40,57,22,124,82,60,142,266
09/30/2005,ABI,TX,ASW,CE,Combined TRACON& Tower with Radar,0,51,21,7,79,0,5,41,0,46,0,56,62,7,125,58,8,66,191
10/01/2005,ABI,TX,ASW,CE,Combined TRACON& Tower with Radar,0,23,24,0,47,0,3,33,0,36,0,26,57,0,83,52,0,52,135
10/02/2005,ABI,TX,ASW,CE,Combined TRACON& Tower with Radar,0,22,23,0,45,0,0,43,0,43,0,22,66,0,88,44,0,44,132
10/03/2005,ABI,TX,ASW,CE,Combined TRACON& Tower with Radar,1,35,34,9,79,0,3,20,2,25,1,38,54,11,104,46,46,92,196
10/04/2005,ABI,TX,ASW,CE,Combined TRACON& Tower with Radar,0,46,23,25,94,0,3,46,0,49,0,49,69,25,143,90,72,162,305
10/05/2005,ABI,TX,ASW,CE,Combined TRACON& Tower with Radar,0,36,39,47,122,0,2,36,0,38,0,38,75,47,160,100,76,176,336
10/06/2005,ABI,TX,ASW,CE,Combined TRACON& Tower with Radar,0,43,28,20,91,0,0,1,0,1,0,43,29,20,92,0,24,24,116
10/07/2005,ABI,TX,ASW,CE,Combined TRACON& Tower with Radar,0,43,21,56,120,0,5,30,11,46,0,48,51,67,166,56,96,152,318
10/08/2005,ABI,TX,ASW,CE,Combined TRACON& Tower with Radar,0,28,34,11,73,0,1,57,3,61,0,29,91,14,134,122,24,146,280
10/09/2005,ABI,TX,ASW,CE,Combined TRACON& Tower with Radar,0,21,18,15,54,0,0,42,6,48,0,21,60,21,102,30,22,52,154
10/10/2005,ABI,TX,ASW,CE,Combined TRACON& Tower with Radar,0,32,16,10,58,0,1,1,0,2,0,33,17,10,60,2,16,18,78
10/11/2005,ABI,TX,ASW,CE,Combined TRACON& Tower with Radar,0,42,27,11,80,0,0,29,0,29,0,42,56,11,109,10,12,22,131
10/12/2005,ABI,TX,ASW,CE,Combined TRACON& Tower with Radar,1,44,7,17,69,0,1,28,29,58,1,45,35,46,127,36,18,54,181
10/13/2005,ABI,TX,ASW,CE,Combined TRACON& Tower with Radar,0,49,18,6,73,0,3,24,0,27,0,52,42,6,100,74,8,82,182
10/14/2005,ABI,TX,ASW,CE,Combined TRACON& Tower with Radar,0,40,16,14,70,0,3,52,6,61,0,43,68,20,131,40,16,56,187
10/15/2005,ABI,TX,ASW,CE,Combined TRACON& Tower with Radar,2,23,38,0,63,0,0,59,0,59,2,23,97,0,122,98,0,98,220
10/16/2005,ABI,TX,ASW,CE,Combined TRACON& Tower with Radar,0,22,9,0,31,0,0,63,0,63,0,22,72,0,94,34,0,34,128
10/17/2005,ABI,TX,ASW,CE,Combined TRACON& Tower with Radar,0,32,7,15,54,0,6,32,1,39,0,38,39,16,93,112,40,152,245
10/18/2005,ABI,TX,ASW,CE,Combined TRACON& Tower with Radar,0,36,29,18,83,0,8,55,1,64,0,44,84,19,147,52,38,90,237
10/19/2005,ABI,TX,ASW,CE,Combined TRACON& Tower with Radar,0,29,28,36,93,0,25,30,6,61,0,54,58,42,154,73,76,149,303
10/20/2005,ABI,TX,ASW,CE,Combined TRACON& Tower with Radar,0,45,25,26,96,0,6,58,5,69,0,51,83,31,165,108,64,172,337
10/21/2005,ABI,TX,ASW,CE,Combined TRACON& Tower with Radar,0,37,70,36,143,0,6,56,5,67,0,43,126,41,210,74,92,166,376
10/22/2005,ABI,TX,ASW,CE,Combined TRACON& Tower with Radar,0,27,20,11,58,0,2,37,2,41,0,29,57,13,99,52,12,64,163
10/23/2005,ABI,TX,ASW,CE,Combined TRACON& Tower with Radar,0,21,26,6,53,0,0,13,3,16,0,21,39,9,69,14,0,14,83
10/24/2005,ABI,TX,ASW,CE,Combined TRACON& Tower with Radar,0,35,22,17,74,0,2,34,1,37,0,37,56,18,111,88,8,96,207
10/25/2005,ABI,TX,ASW,CE,Combined TRACON& Tower with Radar,0,41,38,35,114,0,4,46,8,58,0,45,84,43,172,64,40,104,276
10/26/2005,ABI,TX,ASW,CE,Combined TRACON& Tower with Radar,0,36,14,11,61,0,8,49,4,61,0,44,63,15,122,62,12,74,196
10/27/2005,ABI,TX,ASW,CE,Combined TRACON& Tower with Radar,0,41,14,2,57,0,2,12,2,16,0,43,26,4,73,16,4,20,93
10/28/2005,ABI,TX,ASW,CE,Combined TRACON& Tower with Radar,0,41,23,30,94,0,4,45,3,52,0,45,68,33,146,72,66,138,284
10/29/2005,ABI,TX,ASW,CE,Combined TRACON& Tower with Radar,0,36,6,1,43,0,0,42,1,43,0,36,48,2,86,22,0,22,108
10/30/2005,ABI,TX,ASW,CE,Combined TRACON& Tower with Radar,0,21,19,10,50,0,0,9,2,11,0,21,28,12,61,0,14,14,75
10/31/2005,ABI,TX,ASW,CE,Combined TRACON& Tower with Radar,0,31,20,16,67,0,3,17,1,21,0,34,37,17,88,50,16,66,154
11/01/2005,ABI,TX,ASW,CE,Combined TRACON& Tower with Radar,0,42,33,53,128,0,7,48,0,55,0,49,81,53,183,74,80,154,337
11/02/2005,ABI,TX,ASW,CE,Combined TRACON& Tower with Radar,0,38,29,49,116,0,7,41,1,49,0,45,70,50,165,56,136,192,357
11/03/2005,ABI,TX,ASW,CE,Combined TRACON& Tower with Radar,0,40,22,21,83,0,4,51,0,55,0,44,73,21,138,22,52,74,212
11/04/2005,ABI,TX,ASW,CE,Combined TRACON& Tower with Radar,0,38,18,54,110,0,6,50,11,67,0,44,68,65,177,52,86,138,315
11/05/2005,ABI,TX,ASW,CE,Combined TRACON& Tower with Radar,0,25,11,12,48,0,4,42,4,50,0,29,53,16,98,48,16,64,162
11/06/2005,ABI,TX,ASW,CE,Combined TRACON& Tower with Radar,4,25,13,8,50,0,0,41,1,42,4,25,54,9,92,60,10,70,162
11/07/2005,ABI,TX,ASW,CE,Combined TRACON& Tower with Radar,0,37,20,38,95,0,3,36,5,44,0,40,56,43,139,68,84,152,291
11/08/2005,ABI,TX,ASW,CE,Combined TRACON& Tower with Radar,1,50,33,17,101,0,5,43,4,52,1,55,76,21,153,54,8,62,215
11/09/2005,ABI,TX,ASW,CE,Combined TRACON& Tower with Radar,0,43,26,27,96,0,3,41,2,46,0,46,67,29,142,48,36,84,226
11/10/2005,ABI,TX,ASW,CE,Combined TRACON& Tower with Radar,0,43,24,19,86,0,2,42,5,49,0,45,66,24,135,10,60,70,205
11/11/2005,ABI,TX,ASW,CE,Combined TRACON& Tower with Radar,0,37,25,2,64,0,2,86,1,89,0,39,111,3,153,112,6,118,271
11/12/2005,ABI,TX,ASW,CE,Combined TRACON& Tower with Radar,1,27,18,0,46,0,1,28,0,29,1,28,46,0,75,14,0,14,89
11/13/2005,ABI,TX,ASW,CE,Combined TRACON& Tower with Radar,6,21,19,6,52,0,0,46,0,46,6,21,65,6,98,40,22,62,160
11/14/2005,ABI,TX,ASW,CE,Combined TRACON& Tower with Radar,0,29,40,10,79,0,5,26,0,31,0,34,66,10,110,42,10,52,162
11/15/2005,ABI,TX,ASW,CE,Combined TRACON& Tower with Radar,0,44,50,32,126,0,4,29,0,33,0,48,79,32,159,10,56,66,225
11/16/2005,ABI,TX,ASW,CE,Combined TRACON& Tower with Radar,0,44,18,14,76,0,6,53,1,60,0,50,71,15,136,156,18,174,310
11/17/2005,ABI,TX,ASW,CE,Combined TRACON& Tower with Radar,0,33,39,22,94,0,9,62,2,73,0,42,101,24,167,86,84,170,337
11/18/2005,ABI,TX,ASW,CE,Combined TRACON& Tower with Radar,0,36,43,34,113,0,5,58,3,66,0,41,101,37,179,112,82,194,373
11/19/2005,ABI,TX,ASW,CE,Combined TRACON& Tower with Radar,0,23,28,1,52,0,0,37,1,38,0,23,65,2,90,70,6,76,166
11/20/2005,ABI,TX,ASW,CE,Combined TRACON& Tower with Radar,0,21,20,2,43,0,0,47,0,47,0,21,67,2,90,22,6,28,118
11/21/2005,ABI,TX,ASW,CE,Combined TRACON& Tower with Radar,0,34,27,35,96,0,5,42,2,49,0,39,69,37,145,50,84,134,279
11/22/2005,ABI,TX,ASW,CE,Combined TRACON& Tower with Radar,0,35,15,13,63,0,8,40,4,52,0,43,55,17,115,116,48,164,279
11/23/2005,ABI,TX,ASW,CE,Combined TRACON& Tower with Radar,0,33,19,20,72,0,6,53,1,60,0,39,72,21,132,56,52,108,240
11/24/2005,ABI,TX,ASW,CE,Combined TRACON& Tower with Radar,0,18,4,0,22,0,0,23,0,23,0,18,27,0,45,0,0,0,45
11/25/2005,ABI,TX,ASW,CE,Combined TRACON& Tower with Radar,0,29,14,0,43,0,5,23,0,28,0,34,37,0,71,34,0,34,105
11/26/2005,ABI,TX,ASW,CE,Combined TRACON& Tower with Radar,0,24,12,0,36,0,0,20,0,20,0,24,32,0,56,6,0,6,62
11/27/2005,ABI,TX,ASW,CE,Combined TRACON& Tower with Radar,0,28,19,0,47,0,0,13,0,13,0,28,32,0,60,8,0,8,68
11/28/2005,ABI,TX,ASW,CE,Combined TRACON& Tower with Radar,0,29,0,35,64,0,5,33,0,38,0,34,33,35,102,6,36,42,144
11/29/2005,ABI,TX,ASW,CE,Combined TRACON& Tower with Radar,2,40,16,34,92,0,5,35,1,41,2,45,51,35,133,60,116,176,309
11/30/2005,ABI,TX,ASW,CE,Combined TRACON& Tower with Radar,0,39,20,20,79,0,6,48,0,54,0,45,68,20,133,30,28,58,191
12/01/2005,ABI,TX,ASW,CE,Combined TRACON& Tower with Radar,0,34,14,24,72,0,7,43,1,51,0,41,57,25,123,56,74,130,253
12/02/2005,ABI,TX,ASW,CE,Combined TRACON& Tower with Radar,0,36,19,35,90,0,12,47,18,77,0,48,66,53,167,22,70,92,259
12/03/2005,ABI,TX,ASW,CE,Combined TRACON& Tower with Radar,2,23,26,12,63,0,3,28,2,33,2,26,54,14,96,38,10,48,144
12/04/2005,ABI,TX,ASW,CE,Combined TRACON& Tower with Radar,0,19,24,0,43,0,0,33,2,35,0,19,57,2,78,22,4,26,104
12/05/2005,ABI,TX,ASW,CE,Combined TRACON& Tower with Radar,4,29,9,17,59,0,6,42,2,50,4,35,51,19,109,20,56,76,185
12/06/2005,ABI,TX,ASW,CE,Combined TRACON& Tower with Radar,0,35,26,46,107,0,6,33,6,45,0,41,59,52,152,48,132,180,332
12/07/2005,ABI,TX,ASW,CE,Combined TRACON& Tower with Radar,0,38,19,29,86,0,0,2,0,2,0,38,21,29,88,22,64,86,174
12/08/2005,ABI,TX,ASW,CE,Combined TRACON& Tower with Radar,0,51,24,38,113,0,4,23,3,30,0,55,47,41,143,34,82,116,259
12/09/2005,ABI,TX,ASW,CE,Combined TRACON& Tower with Radar,0,40,8,25,73,0,5,23,3,31,0,45,31,28,104,26,36,62,166
12/10/2005,ABI,TX,ASW,CE,Combined TRACON& Tower with Radar,0,23,24,21,68,0,1,47,6,54,0,24,71,27,122,84,56,140,262
12/11/2005,ABI,TX,ASW,CE,Combined TRACON& Tower with Radar,0,29,12,4,45,0,0,1,39,40,0,29,13,43,85,46,2,48,133
12/12/2005,ABI,TX,ASW,CE,Combined TRACON& Tower with Radar,0,21,17,48,86,0,6,35,3,44,0,27,52,51,130,34,74,108,238
12/13/2005,ABI,TX,ASW,CE,Combined TRACON& Tower with Radar,0,45,26,23,94,0,7,30,0,37,0,52,56,23,131,48,82,130,261
12/14/2005,ABI,TX,ASW,CE,Combined TRACON& Tower with Radar,0,40,27,60,127,0,8,39,5,52,0,48,66,65,179,48,76,124,303
12/15/2005,ABI,TX,ASW,CE,Combined TRACON& Tower with Radar,3,34,23,49,109,0,6,50,8,64,3,40,73,57,173,52,96,148,321
12/16/2005,ABI,TX,ASW,CE,Combined TRACON& Tower with Radar,1,48,21,19,89,0,2,7,0,9,1,50,28,19,98,0,28,28,126
12/17/2005,ABI,TX,ASW,CE,Combined TRACON& Tower with Radar,0,25,16,5,46,0,0,14,2,16,0,25,30,7,62,76,8,84,146
12/18/2005,ABI,TX,ASW,CE,Combined TRACON& Tower with Radar,0,27,15,4,46,0,0,14,0,14,0,27,29,4,60,2,4,6,66
12/19/2005,ABI,TX,ASW,CE,Combined TRACON& Tower with Radar,0,38,27,44,109,0,5,8,0,13,0,43,35,44,122,22,42,64,186
12/20/2005,ABI,TX,ASW,CE,Combined TRACON& Tower with Radar,0,45,23,30,98,0,0,1,0,1,0,45,24,30,99,0,60,60,159
12/21/2005,ABI,TX,ASW,CE,Combined TRACON& Tower with Radar,0,46,46,52,144,0,2,55,0,57,0,48,101,52,201,46,76,122,323
12/22/2005,ABI,TX,ASW,CE,Combined TRACON& Tower with Radar,0,48,25,37,110,0,11,56,0,67,0,59,81,37,177,44,84,128,305
12/23/2005,ABI,TX,ASW,CE,Combined TRACON& Tower with Radar,0,33,11,0,44,0,6,37,0,43,0,39,48,0,87,24,0,24,111
12/24/2005,ABI,TX,ASW,CE,Combined TRACON& Tower with Radar,0,21,11,0,32,0,1,14,0,15,0,22,25,0,47,6,0,6,53
12/25/2005,ABI,TX,ASW,CE,Combined TRACON& Tower with Radar,0,18,0,0,18,0,0,15,0,15,0,18,15,0,33,0,0,0,33
12/26/2005,ABI,TX,ASW,CE,Combined TRACON& Tower with Radar,0,23,14,0,37,0,4,50,0,54,0,27,64,0,91,40,0,40,131
12/27/2005,ABI,TX,ASW,CE,Combined TRACON& Tower with Radar,0,38,8,3,49,0,5,9,0,14,0,43,17,3,63,8,2,10,73
12/28/2005,ABI,TX,ASW,CE,Combined TRACON& Tower with Radar,0,40,23,10,73,0,4,81,0,85,0,44,104,10,158,50,10,60,218
12/29/2005,ABI,TX,ASW,CE,Combined TRACON& Tower with Radar,0,34,12,8,54,0,5,61,0,66,0,39,73,8,120,18,8,26,146
12/30/2005,ABI,TX,ASW,CE,Combined TRACON& Tower with Radar,0,37,18,0,55,0,4,41,0,45,0,41,59,0,100,12,0,12,112
12/31/2005,ABI,TX,ASW,CE,Combined TRACON& Tower with Radar,0,23,6,0,29,0,0,25,0,25,0,23,31,0,54,0,0,0,54
01/01/2006,ABI,TX,ASW,CE,Combined TRACON& Tower with Radar,0,18,10,0,28,0,0,10,3,13,0,18,20,3,41,0,0,0,41
01/02/2006,ABI,TX,ASW,CE,Combined TRACON& Tower with Radar,0,25,19,0,44,0,1,33,2,36,0,26,52,2,80,62,0,62,142
01/03/2006,ABI,TX,ASW,CE,Combined TRACON& Tower with Radar,0,37,32,15,84,0,9,25,0,34,0,46,57,15,118,12,20,32,150
01/04/2006,ABI,TX,ASW,CE,Combined TRACON& Tower with Radar,0,37,34,29,100,0,4,28,1,33,0,41,62,30,133,70,122,192,325
01/05/2006,ABI,TX,ASW,CE,Combined TRACON& Tower with Radar,0,41,17,20,78,0,4,39,0,43,0,45,56,20,121,30,68,98,219
01/06/2006,ABI,TX,ASW,CE,Combined TRACON& Tower with Radar,0,39,26,58,123,0,2,37,6,45,0,41,63,64,168,50,166,216,384
01/07/2006,ABI,TX,ASW,CE,Combined TRACON& Tower with Radar,0,33,10,25,68,0,5,101,2,108,0,38,111,27,176,66,78,144,320
01/08/2006,ABI,TX,ASW,CE,Combined TRACON& Tower with Radar,0,18,15,11,44,0,0,29,0,29,0,18,44,11,73,34,12,46,119
01/09/2006,ABI,TX,ASW,CE,Combined TRACON& Tower with Radar,0,33,15,24,72,0,1,97,1,99,0,34,112,25,171,10,30,40,211
01/10/2006,ABI,TX,ASW,CE,Combined TRACON& Tower with Radar,0,33,11,20,64,0,4,44,1,49,0,37,55,21,113,32,130,162,275
01/11/2006,ABI,TX,ASW,CE,Combined TRACON& Tower with Radar,0,38,35,26,99,0,4,43,12,59,0,42,78,38,158,20,48,68,226
01/12/2006,ABI,TX,ASW,CE,Combined TRACON& Tower with Radar,0,49,17,19,85,0,4,83,3,90,0,53,100,22,175,12,40,52,227
01/13/2006,ABI,TX,ASW,CE,Combined TRACON& Tower with Radar,0,37,15,5,57,0,6,40,0,46,0,43,55,5,103,0,0,0,103
01/14/2006,ABI,TX,ASW,CE,Combined TRACON& Tower with Radar,0,31,14,8,53,0,0,59,0,59,0,31,73,8,112,34,14,48,160
01/15/2006,ABI,TX,ASW,CE,Combined TRACON& Tower with Radar,0,24,16,0,40,0,0,23,2,25,0,24,39,2,65,4,0,4,69
01/16/2006,ABI,TX,ASW,CE,Combined TRACON& Tower with Radar,0,33,47,0,80,0,0,28,0,28,0,33,75,0,108,36,0,36,144
01/17/2006,ABI,TX,ASW,CE,Combined TRACON& Tower with Radar,0,40,10,43,93,7,5,19,5,36,7,45,29,48,129,14,94,108,237
01/18/2006,ABI,TX,ASW,CE,Combined TRACON& Tower with Radar,2,42,18,29,91,0,4,35,3,42,2,46,53,32,133,6,70,76,209
01/19/2006,ABI,TX,ASW,CE,Combined TRACON& Tower with Radar,0,40,30,23,93,0,7,31,0,38,0,47,61,23,131,18,30,48,179
01/20/2006,ABI,TX,ASW,CE,Combined TRACON& Tower with Radar,0,42,37,62,141,0,3,33,0,36,0,45,70,62,177,34,116,150,327
01/21/2006,ABI,TX,ASW,CE,Combined TRACON& Tower with Radar,0,28,15,8,51,0,2,103,2,107,0,30,118,10,158,66,26,92,250
01/22/2006,ABI,TX,ASW,CE,Combined TRACON& Tower with Radar,0,23,18,3,44,0,0,3,0,3,0,23,21,3,47,4,0,4,51
01/23/2006,ABI,TX,ASW,CE,Combined TRACON& Tower with Radar,0,41,15,33,89,0,5,33,0,38,0,46,48,33,127,90,60,150,277
01/24/2006,ABI,TX,ASW,CE,Combined TRACON& Tower with Radar,0,35,14,16,65,0,8,35,0,43,0,43,49,16,108,62,70,132,240
01/25/2006,ABI,TX,ASW,CE,Combined TRACON& Tower with Radar,2,45,24,31,102,0,7,35,1,43,2,52,59,32,145,66,26,92,237
01/26/2006,ABI,TX,ASW,CE,Combined TRACON& Tower with Radar,0,38,23,45,106,0,4,37,18,59,0,42,60,63,165,6,88,94,259
01/27/2006,ABI,TX,ASW,CE,Combined TRACON& Tower with Radar,0,49,29,0,78,0,1,36,0,37,0,50,65,0,115,34,14,48,163
01/28/2006,ABI,TX,ASW,CE,Combined TRACON& Tower with Radar,0,44,8,2,54,0,2,20,0,22,0,46,28,2,76,24,0,24,100
01/29/2006,ABI,TX,ASW,CE,Combined TRACON& Tower with Radar,0,33,3,10,46,0,0,58,0,58,0,33,61,10,104,14,6,20,124
01/30/2006,ABI,TX,ASW,CE,Combined TRACON& Tower with Radar,0,35,18,41,94,0,0,63,1,64,0,35,81,42,158,18,72,90,248
01/31/2006,ABI,TX,ASW,CE,Combined TRACON& Tower with Radar,0,55,29,29,113,0,5,87,2,94,0,60,116,31,207,20,82,102,309
02/01/2006,ABI,TX,ASW,CE,Combined TRACON& Tower with Radar,0,55,34,60,149,0,1,46,0,47,0,56,80,60,196,28,90,118,314
02/02/2006,ABI,TX,ASW,CE,Combined TRACON& Tower with Radar,0,50,22,42,114,0,2,55,3,60,0,52,77,45,174,52,94,146,320
02/03/2006,ABI,TX,ASW,CE,Combined TRACON& Tower with Radar,0,48,25,64,137,0,4,33,8,45,0,52,58,72,182,18,106,124,306
02/04/2006,ABI,TX,ASW,CE,Combined TRACON& Tower with Radar,0,36,9,10,55,0,5,51,4,60,0,41,60,14,115,16,26,42,157
02/05/2006,ABI,TX,ASW,CE,Combined TRACON& Tower with Radar,0,27,20,15,62,0,2,31,1,34,0,29,51,16,96,14,14,28,124
02/06/2006,ABI,TX,ASW,CE,Combined TRACON& Tower with Radar,0,41,20,55,116,0,5,41,0,46,0,46,61,55,162,36,84,120,282
02/07/2006,ABI,TX,ASW,CE,Combined TRACON& Tower with Radar,0,38,27,33,98,0,4,55,1,60,0,42,82,34,158,22,68,90,248
02/08/2006,ABI,TX,ASW,CE,Combined TRACON& Tower with Radar,0,44,21,46,111,0,7,64,1,72,0,51,85,47,183,44,80,124,307
02/09/2006,ABI,TX,ASW,CE,Combined TRACON& Tower with Radar,2,40,37,44,123,0,4,53,1,58,2,44,90,45,181,8,84,92,273
02/10/2006,ABI,TX,ASW,CE,Combined TRACON& Tower with Radar,0,38,29,49,116,0,2,24,1,27,0,40,53,50,143,10,96,106,249
02/11/2006,ABI,TX,ASW,CE,Combined TRACON& Tower with Radar,0,30,11,8,49,0,2,83,0,85,0,32,94,8,134,4,22,26,160
02/12/2006,ABI,TX,ASW,CE,Combined TRACON& Tower with Radar,0,32,17,14,63,0,0,33,0,33,0,32,50,14,96,36,10,46,142
02/13/2006,ABI,TX,ASW,CE,Combined TRACON& Tower with Radar,0,34,10,2,46,0,10,123,0,133,0,44,133,2,179,12,50,62,241
02/14/2006,ABI,TX,ASW,CE,Combined TRACON& Tower with Radar,0,43,16,31,90,0,5,70,0,75,0,48,86,31,165,32,40,72,237
02/15/2006,ABI,TX,ASW,CE,Combined TRACON& Tower with Radar,0,37,22,29,88,0,4,71,0,75,0,41,93,29,163,28,34,62,225
02/16/2006,ABI,TX,ASW,CE,Combined TRACON& Tower with Radar,4,39,27,8,78,0,2,42,1,45,4,41,69,9,123,24,6,30,153
02/17/2006,ABI,TX,ASW,CE,Combined TRACON& Tower with Radar,0,43,19,2,64,0,1,64,0,65,0,44,83,2,129,0,0,0,129
02/18/2006,ABI,TX,ASW,CE,Combined TRACON& Tower with Radar,0,24,2,0,26,0,0,1,1,2,0,24,3,1,28,0,0,0,28
02/19/2006,ABI,TX,ASW,CE,Combined TRACON& Tower with Radar,0,25,9,0,34,0,0,0,0,0,0,25,9,0,34,0,0,0,34
02/20/2006,ABI,TX,ASW,CE,Combined TRACON& Tower with Radar,0,27,47,7,81,0,0,39,4,43,0,27,86,11,124,60,12,72,196
02/21/2006,ABI,TX,ASW,CE,Combined TRACON& Tower with Radar,2,41,17,1,61,0,7,44,17,68,2,48,61,18,129,24,48,72,201
02/22/2006,ABI,TX,ASW,CE,Combined TRACON& Tower with Radar,0,67,34,22,123,0,0,2,0,2,0,67,36,22,125,20,30,50,175
02/23/2006,ABI,TX,ASW,CE,Combined TRACON& Tower with Radar,0,45,51,10,106,0,0,14,0,14,0,45,65,10,120,16,22,38,158
02/24/2006,ABI,TX,ASW,CE,Combined TRACON& Tower with Radar,0,50,27,4,81,0,2,5,0,7,0,52,32,4,88,6,2,8,96
02/25/2006,ABI,TX,ASW,CE,Combined TRACON& Tower with Radar,0,31,21,2,54,0,0,3,0,3,0,31,24,2,57,16,0,16,73
02/26/2006,ABI,TX,ASW,CE,Combined TRACON& Tower with Radar,0,26,11,36,73,0,0,90,4,94,0,26,101,40,167,56,64,120,287
02/27/2006,ABI,TX,ASW,CE,Combined TRACON& Tower with Radar,0,25,22,35,82,0,4,61,0,65,0,29,83,35,147,24,54,78,225
02/28/2006,ABI,TX,ASW,CE,Combined TRACON& Tower with Radar,0,40,17,21,78,0,5,67,2,74,0,45,84,23,152,104,38,142,294
03/01/2006,ABI,TX,ASW,CE,Combined TRACON& Tower with Radar,2,39,18,10,69,0,2,48,1,51,2,41,66,11,120,40,14,54,174
03/02/2006,ABI,TX,ASW,CE,Combined TRACON& Tower with Radar,0,38,14,8,60,0,4,47,6,57,0,42,61,14,117,110,10,120,237
03/03/2006,ABI,TX,ASW,CE,Combined TRACON& Tower with Radar,0,38,26,21,85,0,3,32,1,36,0,41,58,22,121,40,42,82,203
03/04/2006,ABI,TX,ASW,CE,Combined TRACON& Tower with Radar,1,23,23,5,52,0,2,34,2,38,1,25,57,7,90,52,6,58,148
03/05/2006,ABI,TX,ASW,CE,Combined TRACON& Tower with Radar,0,19,26,1,46,0,0,38,0,38,0,19,64,1,84,36,14,50,134
03/06/2006,ABI,TX,ASW,CE,Combined TRACON& Tower with Radar,0,30,22,7,59,0,0,93,0,93,0,30,115,7,152,70,34,104,256
03/07/2006,ABI,TX,ASW,CE,Combined TRACON& Tower with Radar,0,43,30,21,94,0,1,20,2,23,0,44,50,23,117,22,34,56,173
03/08/2006,ABI,TX,ASW,CE,Combined TRACON& Tower with Radar,0,47,33,21,101,0,1,15,1,17,0,48,48,22,118,40,86,126,244
03/09/2006,ABI,TX,ASW,CE,Combined TRACON& Tower with Radar,0,45,21,14,80,0,1,31,0,32,0,46,52,14,112,12,16,28,140
03/10/2006,ABI,TX,ASW,CE,Combined TRACON& Tower with Radar,0,49,16,31,96,0,1,41,6,48,0,50,57,37,144,36,92,128,272
03/11/2006,ABI,TX,ASW,CE,Combined TRACON& Tower with Radar,0,39,18,8,65,0,0,102,0,102,0,39,120,8,167,110,26,136,303
03/12/2006,ABI,TX,ASW,CE,Combined TRACON& Tower with Radar,0,20,19,0,39,0,0,28,0,28,0,20,47,0,67,28,12,40,107
03/13/2006,ABI,TX,ASW,CE,Combined TRACON& Tower with Radar,0,31,11,44,86,0,2,0,1,3,0,33,11,45,89,10,76,86,175
03/14/2006,ABI,TX,ASW,CE,Combined TRACON& Tower with Radar,1,34,17,24,76,0,9,72,1,82,1,43,89,25,158,98,82,180,338
03/15/2006,ABI,TX,ASW,CE,Combined TRACON& Tower with Radar,0,42,29,18,89,0,2,47,1,50,0,44,76,19,139,18,38,56,195
03/16/2006,ABI,TX,ASW,CE,Combined TRACON& Tower with Radar,0,41,39,18,98,0,0,55,0,55,0,41,94,18,153,60,52,112,265
03/17/2006,ABI,TX,ASW,CE,Combined TRACON& Tower with Radar,0,43,31,2,76,0,0,24,0,24,0,43,55,2,100,24,0,24,124
03/18/2006,ABI,TX,ASW,CE,Combined TRACON& Tower with Radar,0,26,16,0,42,0,0,1,0,1,0,26,17,0,43,0,0,0,43
03/19/2006,ABI,TX,ASW,CE,Combined TRACON& Tower with Radar,2,14,9,1,26,0,0,1,0,1,2,14,10,1,27,0,0,0,27
03/20/2006,ABI,TX,ASW,CE,Combined TRACON& Tower with Radar,0,34,13,31,78,0,0,49,0,49,0,34,62,31,127,4,58,62,189
03/21/2006,ABI,TX,ASW,CE,Combined TRACON& Tower with Radar,0,54,33,50,137,0,5,61,2,68,0,59,94,52,205,176,132,308,513
03/22/2006,ABI,TX,ASW,CE,Combined TRACON& Tower with Radar,2,41,35,59,137,0,3,35,3,41,2,44,70,62,178,90,84,174,352
03/23/2006,ABI,TX,ASW,CE,Combined TRACON& Tower with Radar,0,37,42,22,101,0,4,28,4,36,0,41,70,26,137,48,24,72,209
03/24/2006,ABI,TX,ASW,CE,Combined TRACON& Tower with Radar,0,44,31,31,106,0,4,66,11,81,0,48,97,42,187,90,60,150,337
03/25/2006,ABI,TX,ASW,CE,Combined TRACON& Tower with Radar,0,32,22,35,89,0,4,87,0,91,0,36,109,35,180,110,38,148,328
03/26/2006,ABI,TX,ASW,CE,Combined TRACON& Tower with Radar,2,23,12,21,58,0,0,21,3,24,2,23,33,24,82,14,54,68,150
03/27/2006,ABI,TX,ASW,CE,Combined TRACON& Tower with Radar,0,39,46,21,106,0,2,25,1,28,0,41,71,22,134,60,28,88,222
03/28/2006,ABI,TX,ASW,CE,Combined TRACON& Tower with Radar,0,47,35,37,119,0,0,27,0,27,0,47,62,37,146,66,108,174,320
03/29/2006,ABI,TX,ASW,CE,Combined TRACON& Tower with Radar,0,33,48,37,118,0,1,10,1,12,0,34,58,38,130,32,50,82,212
03/30/2006,ABI,TX,ASW,CE,Combined TRACON& Tower with Radar,0,47,40,31,118,0,1,40,1,42,0,48,80,32,160,28,66,94,254
03/31/2006,ABI,TX,ASW,CE,Combined TRACON& Tower with Radar,0,41,22,42,105,0,0,48,5,53,0,41,70,47,158,38,92,130,288
04/01/2006,ABI,TX,ASW,CE,Combined TRACON& Tower with Radar,0,30,22,5,57,0,0,24,0,24,0,30,46,5,81,50,0,50,131
04/02/2006,ABI,TX,ASW,CE,Combined TRACON& Tower with Radar,0,23,10,8,41,0,0,31,0,31,0,23,41,8,72,52,16,68,140
04/03/2006,ABI,TX,ASW,CE,Combined TRACON& Tower with Radar,0,31,19,31,81,0,1,29,1,31,0,32,48,32,112,44,52,96,208
04/04/2006,ABI,TX,ASW,CE,Combined TRACON& Tower with Radar,0,42,28,19,89,0,3,46,3,52,0,45,74,22,141,66,40,106,247
04/05/2006,ABI,TX,ASW,CE,Combined TRACON& Tower with Radar,0,37,31,29,97,0,1,42,0,43,0,38,73,29,140,46,38,84,224
04/06/2006,ABI,TX,ASW,CE,Combined TRACON& Tower with Radar,0,36,27,12,75,0,2,14,0,16,0,38,41,12,91,10,0,10,101
04/07/2006,ABI,TX,ASW,CE,Combined TRACON& Tower with Radar,4,40,18,35,97,0,1,40,8,49,4,41,58,43,146,84,38,122,268
04/08/2006,ABI,TX,ASW,CE,Combined TRACON& Tower with Radar,1,28,23,4,56,0,2,90,0,92,1,30,113,4,148,152,12,164,312
04/09/2006,ABI,TX,ASW,CE,Combined TRACON& Tower with Radar,0,26,15,11,52,0,0,42,0,42,0,26,57,11,94,64,14,78,172
04/10/2006,ABI,TX,ASW,CE,Combined TRACON& Tower with Radar,0,36,29,26,91,0,0,91,1,92,0,36,120,27,183,36,28,64,247
04/11/2006,ABI,TX,ASW,CE,Combined TRACON& Tower with Radar,0,43,37,15,95,0,0,35,1,36,0,43,72,16,131,48,22,70,201
04/12/2006,ABI,TX,ASW,CE,Combined TRACON& Tower with Radar,0,36,31,26,93,0,0,42,5,47,0,36,73,31,140,102,90,192,332
04/13/2006,ABI,TX,ASW,CE,Combined TRACON& Tower with Radar,0,38,26,10,74,0,5,58,1,64,0,43,84,11,138,44,20,64,202
04/14/2006,ABI,TX,ASW,CE,Combined TRACON& Tower with Radar,0,37,16,28,81,0,1,61,0,62,0,38,77,28,143,64,44,108,251
04/15/2006,ABI,TX,ASW,CE,Combined TRACON& Tower with Radar,0,27,7,2,36,0,2,24,0,26,0,29,31,2,62,62,0,62,124
04/16/2006,ABI,TX,ASW,CE,Combined TRACON& Tower with Radar,0,24,18,7,49,0,0,53,0,53,0,24,71,7,102,36,16,52,154
04/17/2006,ABI,TX,ASW,CE,Combined TRACON& Tower with Radar,0,31,24,32,87,0,1,27,1,29,0,32,51,33,116,16,70,86,202
04/18/2006,ABI,TX,ASW,CE,Combined TRACON& Tower with Radar,0,36,21,40,97,0,0,49,1,50,0,36,70,41,147,54,104,158,305
04/19/2006,ABI,TX,ASW,CE,Combined TRACON& Tower with Radar,0,32,30,21,83,0,1,53,0,54,0,33,83,21,137,68,16,84,221
04/20/2006,ABI,TX,ASW,CE,Combined TRACON& Tower with Radar,0,40,26,3,69,0,0,3,0,3,0,40,29,3,72,34,6,40,112
04/21/2006,ABI,TX,ASW,CE,Combined TRACON& Tower with Radar,1,40,37,26,104,0,1,57,5,63,1,41,94,31,167,102,68,170,337
04/22/2006,ABI,TX,ASW,CE,Combined TRACON& Tower with Radar,0,19,20,2,41,0,4,119,6,129,0,23,139,8,170,108,14,122,292
04/23/2006,ABI,TX,ASW,CE,Combined TRACON& Tower with Radar,0,21,24,12,57,0,0,28,0,28,0,21,52,12,85,22,18,40,125
04/24/2006,ABI,TX,ASW,CE,Combined TRACON& Tower with Radar,0,29,17,14,60,0,0,29,0,29,0,29,46,14,89,74,30,104,193
04/25/2006,ABI,TX,ASW,CE,Combined TRACON& Tower with Radar,0,46,24,24,94,0,5,33,0,38,0,51,57,24,132,26,34,60,192
04/26/2006,ABI,TX,ASW,CE,Combined TRACON& Tower with Radar,0,37,35,38,110,0,1,59,2,62,0,38,94,40,172,58,102,160,332
04/27/2006,ABI,TX,ASW,CE,Combined TRACON& Tower with Radar,0,35,44,4,83,0,1,37,1,39,0,36,81,5,122,50,20,70,192
04/28/2006,ABI,TX,ASW,CE,Combined TRACON& Tower with Radar,0,35,25,0,60,0,0,2,1,3,0,35,27,1,63,2,0,2,65
04/29/2006,ABI,TX,ASW,CE,Combined TRACON& Tower with Radar,0,27,32,2,61,0,3,14,0,17,0,30,46,2,78,70,0,70,148
04/30/2006,ABI,TX,ASW,CE,Combined TRACON& Tower with Radar,0,0,16,0,16,0,0,32,0,32,0,0,48,0,48,64,0,64,112
05/01/2006,ABI,TX,ASW,CE,Combined TRACON& Tower with Radar,0,30,24,12,66,0,1,39,2,42,0,31,63,14,108,46,20,66,174
05/02/2006,ABI,TX,ASW,CE,Combined TRACON& Tower with Radar,0,32,25,3,60,0,1,19,0,20,0,33,44,3,80,48,8,56,136
05/03/2006,ABI,TX,ASW,CE,Combined TRACON& Tower with Radar,0,41,21,27,89,0,0,45,3,48,0,41,66,30,137,108,38,146,283
05/04/2006,ABI,TX,ASW,CE,Combined TRACON& Tower with Radar,9,35,33,9,86,0,0,44,1,45,9,35,77,10,131,72,20,92,223
05/05/2006,ABI,TX,ASW,CE,Combined TRACON& Tower with Radar,0,35,32,8,75,0,1,30,1,32,0,36,62,9,107,92,24,116,223
05/06/2006,ABI,TX,ASW,CE,Combined TRACON& Tower with Radar,0,28,34,0,62,0,0,6,0,6,0,28,40,0,68,30,0,30,98
05/07/2006,ABI,TX,ASW,CE,Combined TRACON& Tower with Radar,0,24,41,12,77,0,0,13,1,14,0,24,54,13,91,140,12,152,243
05/08/2006,ABI,TX,ASW,CE,Combined TRACON& Tower with Radar,2,37,36,28,103,0,1,35,0,36,2,38,71,28,139,59,92,151,290
05/09/2006,ABI,TX,ASW,CE,Combined TRACON& Tower with Radar,0,48,61,20,129,0,1,41,0,42,0,49,102,20,171,70,58,128,299
05/10/2006,ABI,TX,ASW,CE,Combined TRACON& Tower with Radar,0,38,68,36,142,0,1,38,2,41,0,39,106,38,183,92,48,140,323
05/11/2006,ABI,TX,ASW,CE,Combined TRACON& Tower with Radar,0,38,35,32,105,0,0,64,3,67,0,38,99,35,172,72,62,134,306
05/12/2006,ABI,TX,ASW,CE,Combined TRACON& Tower with Radar,2,36,26,31,95,0,2,60,7,69,2,38,86,38,164,82,118,200,364
05/13/2006,ABI,TX,ASW,CE,Combined TRACON& Tower with Radar,0,20,18,1,39,0,0,50,0,50,0,20,68,1,89,132,0,132,221
05/14/2006,ABI,TX,ASW,CE,Combined TRACON& Tower with Radar,0,20,15,3,38,0,0,27,0,27,0,20,42,3,65,60,6,66,131
05/15/2006,ABI,TX,ASW,CE,Combined TRACON& Tower with Radar,0,21,22,19,62,0,10,53,0,63,0,31,75,19,125,106,38,144,269
05/16/2006,ABI,TX,ASW,CE,Combined TRACON& Tower with Radar,0,0,0,0,0,0,39,19,19,77,0,39,19,19,77,50,42,92,169
05/17/2006,ABI,TX,ASW,CE,Combined TRACON& Tower with Radar,0,40,16,16,72,0,0,45,0,45,0,40,61,16,117,114,40,154,271
05/18/2006,ABI,TX,ASW,CE,Combined TRACON& Tower with Radar,0,42,40,11,93,0,3,67,0,70,0,45,107,11,163,110,12,122,285
05/19/2006,ABI,TX,ASW,CE,Combined TRACON& Tower with Radar,2,34,23,38,97,0,1,55,8,64,2,35,78,46,161,66,92,158,319
05/20/2006,ABI,TX,ASW,CE,Combined TRACON& Tower with Radar,0,23,15,15,53,0,0,61,2,63,0,23,76,17,116,58,8,66,182
05/21/2006,ABI,TX,ASW,CE,Combined TRACON& Tower with Radar,2,24,11,21,58,0,0,39,1,40,2,24,50,22,98,18,42,60,158
05/22/2006,ABI,TX,ASW,CE,Combined TRACON& Tower with Radar,6,38,14,49,107,0,0,63,1,64,6,38,77,50,171,100,116,216,387
05/23/2006,ABI,TX,ASW,CE,Combined TRACON& Tower with Radar,0,46,22,35,103,0,0,48,0,48,0,46,70,35,151,68,58,126,277
05/24/2006,ABI,TX,ASW,CE,Combined TRACON& Tower with Radar,0,45,29,49,123,0,0,0,0,0,0,45,29,49,123,152,72,224,347
05/25/2006,ABI,TX,ASW,CE,Combined TRACON& Tower with Radar,0,42,28,22,92,0,2,53,0,55,0,44,81,22,147,104,38,142,289
05/26/2006,ABI,TX,ASW,CE,Combined TRACON& Tower with Radar,0,36,34,16,86,0,3,54,2,59,0,39,88,18,145,86,34,120,265
05/27/2006,ABI,TX,ASW,CE,Combined TRACON& Tower with Radar,0,25,21,1,47,0,5,47,1,53,0,30,68,2,100,52,0,52,152
05/28/2006,ABI,TX,ASW,CE,Combined TRACON& Tower with Radar,0,20,6,0,26,0,0,25,0,25,0,20,31,0,51,26,0,26,77
05/29/2006,ABI,TX,ASW,CE,Combined TRACON& Tower with Radar,0,23,24,5,52,0,6,52,2,60,0,29,76,7,112,48,6,54,166
05/30/2006,ABI,TX,ASW,CE,Combined TRACON& Tower with Radar,0,35,11,28,74,0,0,0,0,0,0,35,11,28,74,50,82,132,206
05/31/2006,ABI,TX,ASW,CE,Combined TRACON& Tower with Radar,0,49,28,34,111,0,2,30,2,34,0,51,58,36,145,36,42,78,223
06/01/2006,ABI,TX,ASW,CE,Combined TRACON& Tower with Radar,0,45,21,36,102,0,5,26,7,38,0,50,47,43,140,4,56,60,200
06/02/2006,ABI,TX,ASW,CE,Combined TRACON& Tower with Radar,0,38,32,11,81,0,0,61,2,63,0,38,93,13,144,110,52,162,306
06/03/2006,ABI,TX,ASW,CE,Combined TRACON& Tower with Radar,0,21,23,20,64,0,0,49,1,50,0,21,72,21,114,104,26,130,244
06/04/2006,ABI,TX,ASW,CE,Combined TRACON& Tower with Radar,0,21,12,8,41,0,0,30,0,30,0,21,42,8,71,26,0,26,97
06/05/2006,ABI,TX,ASW,CE,Combined TRACON& Tower with Radar,0,29,9,11,49,0,3,45,1,49,0,32,54,12,98,42,14,56,154
06/06/2006,ABI,TX,ASW,CE,Combined TRACON& Tower with Radar,0,31,41,25,97,0,7,63,2,72,0,38,104,27,169,100,38,138,307
06/07/2006,ABI,TX,ASW,CE,Combined TRACON& Tower with Radar,0,34,30,19,83,0,10,37,1,48,0,44,67,20,131,32,19,51,182
06/08/2006,ABI,TX,ASW,CE,Combined TRACON& Tower with Radar,0,41,17,36,94,0,0,0,0,0,0,41,17,36,94,32,44,76,170
06/09/2006,ABI,TX,ASW,CE,Combined TRACON& Tower with Radar,2,49,20,33,104,0,14,58,8,80,2,63,78,41,184,62,80,142,326
06/10/2006,ABI,TX,ASW,CE,Combined TRACON& Tower with Radar,0,27,17,0,44,0,2,37,1,40,0,29,54,1,84,58,0,58,142
06/11/2006,ABI,TX,ASW,CE,Combined TRACON& Tower with Radar,0,26,7,10,43,0,0,38,3,41,0,26,45,13,84,16,12,28,112
06/12/2006,ABI,TX,ASW,CE,Combined TRACON& Tower with Radar,2,32,27,2,63,0,0,0,24,24,2,32,27,26,87,38,56,94,181
06/13/2006,ABI,TX,ASW,CE,Combined TRACON& Tower with Radar,0,41,22,39,102,0,8,50,4,62,0,49,72,43,164,52,106,158,322
06/14/2006,ABI,TX,ASW,CE,Combined TRACON& Tower with Radar,0,37,27,48,112,0,11,47,5,63,0,48,74,53,175,34,144,178,353
06/15/2006,ABI,TX,ASW,CE,Combined TRACON& Tower with Radar,0,37,40,22,99,0,5,32,3,40,0,42,72,25,139,26,82,108,247
06/16/2006,ABI,TX,ASW,CE,Combined TRACON& Tower with Radar,2,34,36,77,149,0,8,35,12,55,2,42,71,89,204,14,190,204,408
06/17/2006,ABI,TX,ASW,CE,Combined TRACON& Tower with Radar,1,23,11,9,44,0,0,25,1,26,1,23,36,10,70,20,14,34,104
06/18/2006,ABI,TX,ASW,CE,Combined TRACON& Tower with Radar,3,20,29,21,73,0,0,41,0,41,3,20,70,21,114,26,26,52,166
06/19/2006,ABI,TX,ASW,CE,Combined TRACON& Tower with Radar,2,31,9,26,68,0,0,34,0,34,2,31,43,26,102,74,74,148,250
06/20/2006,ABI,TX,ASW,CE,Combined TRACON& Tower with Radar,0,42,23,68,133,0,10,47,5,62,0,52,70,73,195,44,22,66,261
06/21/2006,ABI,TX,ASW,CE,Combined TRACON& Tower with Radar,2,42,28,85,157,0,9,34,4,47,2,51,62,89,204,92,104,196,400
06/22/2006,ABI,TX,ASW,CE,Combined TRACON& Tower with Radar,2,46,30,75,153,0,6,36,6,48,2,52,66,81,201,8,174,182,383
06/23/2006,ABI,TX,ASW,CE,Combined TRACON& Tower with Radar,2,38,29,19,88,0,8,29,2,39,2,46,58,21,127,20,50,70,197
06/24/2006,ABI,TX,ASW,CE,Combined TRACON& Tower with Radar,0,27,21,20,68,0,1,33,4,38,0,28,54,24,106,50,32,82,188
06/25/2006,ABI,TX,ASW,CE,Combined TRACON& Tower with Radar,2,31,17,41,91,0,0,14,2,16,2,31,31,43,107,16,64,80,187
06/26/2006,ABI,TX,ASW,CE,Combined TRACON& Tower with Radar,5,32,28,40,105,0,4,50,2,56,5,36,78,42,161,38,70,108,269
06/27/2006,ABI,TX,ASW,CE,Combined TRACON& Tower with Radar,0,33,20,39,92,0,9,29,1,39,0,42,49,40,131,56,64,120,251
06/28/2006,ABI,TX,ASW,CE,Combined TRACON& Tower with Radar,0,39,28,57,124,0,16,50,1,67,0,55,78,58,191,54,124,178,369
06/29/2006,ABI,TX,ASW,CE,Combined TRACON& Tower with Radar,4,34,33,36,107,0,9,60,10,79,4,43,93,46,186,30,54,84,270
06/30/2006,ABI,TX,ASW,CE,Combined TRACON& Tower with Radar,0,42,15,21,78,0,11,42,1,54,0,53,57,22,132,26,104,130,262
07/01/2006,ABI,TX,ASW,CE,Combined TRACON& Tower with Radar,0,20,12,0,32,0,0,49,0,49,0,20,61,0,81,60,16,76,157
07/02/2006,ABI,TX,ASW,CE,Combined TRACON& Tower with Radar,0,24,5,9,38,0,0,25,3,28,0,24,30,12,66,6,0,6,72
07/03/2006,ABI,TX,ASW,CE,Combined TRACON& Tower with Radar,2,25,8,3,38,0,5,17,0,22,2,30,25,3,60,24,0,24,84
07/04/2006,ABI,TX,ASW,CE,Combined TRACON& Tower with Radar,8,17,6,1,32,0,1,22,0,23,8,18,28,1,55,22,0,22,77
07/05/2006,ABI,TX,ASW,CE,Combined TRACON& Tower with Radar,0,34,25,38,97,0,12,28,2,42,0,46,53,40,139,38,52,90,229
07/06/2006,ABI,TX,ASW,CE,Combined TRACON& Tower with Radar,0,36,36,36,108,0,6,35,3,44,0,42,71,39,152,62,64,126,278
07/07/2006,ABI,TX,ASW,CE,Combined TRACON& Tower with Radar,2,41,24,34,101,0,8,44,0,52,2,49,68,34,153,46,58,104,257
07/08/2006,ABI,TX,ASW,CE,Combined TRACON& Tower with Radar,0,22,7,43,72,0,0,43,3,46,0,22,50,46,118,40,76,116,234
07/09/2006,ABI,TX,ASW,CE,Combined TRACON& Tower with Radar,0,22,9,25,56,0,0,31,1,32,0,22,40,26,88,32,32,64,152
07/10/2006,ABI,TX,ASW,CE,Combined TRACON& Tower with Radar,2,34,20,59,115,0,9,29,2,40,2,43,49,61,155,18,104,122,277
07/11/2006,ABI,TX,ASW,CE,Combined TRACON& Tower with Radar,0,32,15,38,85,0,6,39,2,47,0,38,54,40,132,18,96,114,246
07/12/2006,ABI,TX,ASW,CE,Combined TRACON& Tower with Radar,0,41,33,58,132,0,10,39,2,51,0,51,72,60,183,48,108,156,339
07/13/2006,ABI,TX,ASW,CE,Combined TRACON& Tower with Radar,0,35,18,16,69,0,9,36,0,45,0,44,54,16,114,28,48,76,190
07/14/2006,ABI,TX,ASW,CE,Combined TRACON& Tower with Radar,2,37,22,21,82,0,14,63,3,80,2,51,85,24,162,26,48,74,236
07/15/2006,ABI,TX,ASW,CE,Combined TRACON& Tower with Radar,0,29,11,0,40,0,0,0,0,0,0,29,11,0,40,30,0,30,70
07/16/2006,ABI,TX,ASW,CE,Combined TRACON& Tower with Radar,0,26,10,17,53,0,2,36,0,38,0,28,46,17,91,14,8,22,113
07/17/2006,ABI,TX,ASW,CE,Combined TRACON& Tower with Radar,2,32,22,24,80,0,8,33,1,42,2,40,55,25,122,30,18,48,170
07/18/2006,ABI,TX,ASW,CE,Combined TRACON& Tower with Radar,0,36,18,21,75,0,9,44,2,55,0,45,62,23,130,28,50,78,208
07/19/2006,ABI,TX,ASW,CE,Combined TRACON& Tower with Radar,2,43,13,25,83,0,7,51,4,62,2,50,64,29,145,42,38,80,225
07/20/2006,ABI,TX,ASW,CE,Combined TRACON& Tower with Radar,0,37,37,38,112,0,8,35,1,44,0,45,72,39,156,54,112,166,322
07/21/2006,ABI,TX,ASW,CE,Combined TRACON& Tower with Radar,2,34,28,16,80,0,8,36,6,50,2,42,64,22,130,52,18,70,200
07/22/2006,ABI,TX,ASW,CE,Combined TRACON& Tower with Radar,0,26,10,15,51,0,2,32,1,35,0,28,42,16,86,42,24,66,152
07/23/2006,ABI,TX,ASW,CE,Combined TRACON& Tower with Radar,0,23,19,5,47,0,0,30,0,30,0,23,49,5,77,30,8,38,115
07/24/2006,ABI,TX,ASW,CE,Combined TRACON& Tower with Radar,0,28,28,16,72,0,1,51,1,53,0,29,79,17,125,16,6,22,147
07/25/2006,ABI,TX,ASW,CE,Combined TRACON& Tower with Radar,2,52,22,31,107,0,7,39,1,47,2,59,61,32,154,36,50,86,240
07/26/2006,ABI,TX,ASW,CE,Combined TRACON& Tower with Radar,0,46,11,42,99,0,9,36,5,50,0,55,47,47,149,90,52,142,291
07/27/2006,ABI,TX,ASW,CE,Combined TRACON& Tower with Radar,0,37,26,42,105,0,9,48,0,57,0,46,74,42,162,34,72,106,268
07/28/2006,ABI,TX,ASW,CE,Combined TRACON& Tower with Radar,2,46,15,48,111,0,7,35,13,55,2,53,50,61,166,62,140,202,368
07/29/2006,ABI,TX,ASW,CE,Combined TRACON& Tower with Radar,0,23,24,1,48,0,1,37,1,39,0,24,61,2,87,78,2,80,167
07/30/2006,ABI,TX,ASW,CE,Combined TRACON& Tower with Radar,0,19,14,0,33,0,0,23,0,23,0,19,37,0,56,52,0,52,108
07/31/2006,ABI,TX,ASW,CE,Combined TRACON& Tower with Radar,2,31,16,15,64,0,0,45,1,46,2,31,61,16,110,36,64,100,210
08/01/2006,ABI,TX,ASW,CE,Combined TRACON& Tower with Radar,0,38,21,33,92,0,9,30,3,42,0,47,51,36,134,86,68,154,288
08/02/2006,ABI,TX,ASW,CE,Combined TRACON& Tower with Radar,0,37,21,34,92,0,9,31,2,42,0,46,52,36,134,66,54,120,254
08/03/2006,ABI,TX,ASW,CE,Combined TRACON& Tower with Radar,2,38,32,27,99,0,8,37,2,47,2,46,69,29,146,42,64,106,252
08/04/2006,ABI,TX,ASW,CE,Combined TRACON& Tower with Radar,2,41,16,34,93,0,9,99,2,110,2,50,115,36,203,14,44,58,261
08/05/2006,ABI,TX,ASW,CE,Combined TRACON& Tower with Radar,0,28,12,24,64,0,4,23,0,27,0,32,35,24,91,68,24,92,183
08/06/2006,ABI,TX,ASW,CE,Combined TRACON& Tower with Radar,12,26,7,5,50,0,0,23,0,23,12,26,30,5,73,22,20,42,115
08/07/2006,ABI,TX,ASW,CE,Combined TRACON& Tower with Radar,15,30,14,37,96,0,10,26,2,38,15,40,40,39,134,22,72,94,228
08/08/2006,ABI,TX,ASW,CE,Combined TRACON& Tower with Radar,0,37,16,9,62,0,0,0,0,0,0,37,16,9,62,48,20,68,130
08/09/2006,ABI,TX,ASW,CE,Combined TRACON& Tower with Radar,0,38,21,36,95,0,10,37,0,47,0,48,58,36,142,40,66,106,248
08/10/2006,ABI,TX,ASW,CE,Combined TRACON& Tower with Radar,0,44,18,49,111,0,7,40,2,49,0,51,58,51,160,38,146,184,344
08/11/2006,ABI,TX,ASW,CE,Combined TRACON& Tower with Radar,4,50,29,37,120,0,10,29,1,40,4,60,58,38,160,48,92,140,300
08/12/2006,ABI,TX,ASW,CE,Combined TRACON& Tower with Radar,0,5,10,4,19,0,0,8,0,8,0,5,18,4,27,46,4,50,77
08/13/2006,ABI,TX,ASW,CE,Combined TRACON& Tower with Radar,2,30,5,35,72,0,0,24,0,24,2,30,29,35,96,20,50,70,166
08/14/2006,ABI,TX,ASW,CE,Combined TRACON& Tower with Radar,2,35,15,48,100,0,7,18,0,25,2,42,33,48,125,14,84,98,223
08/15/2006,ABI,TX,ASW,CE,Combined TRACON& Tower with Radar,0,40,20,15,75,0,12,58,0,70,0,52,78,15,145,18,40,58,203
08/16/2006,ABI,TX,ASW,CE,Combined TRACON& Tower with Radar,2,40,15,23,80,0,10,0,0,10,2,50,15,23,90,18,40,58,148
08/17/2006,ABI,TX,ASW,CE,Combined TRACON& Tower with Radar,2,43,27,45,117,0,11,34,4,49,2,54,61,49,166,42,76,118,284
08/18/2006,ABI,TX,ASW,CE,Combined TRACON& Tower with Radar,2,39,16,12,69,0,9,109,3,121,2,48,125,15,190,60,10,70,260
08/19/2006,ABI,TX,ASW,CE,Combined TRACON& Tower with Radar,0,21,15,4,40,0,2,58,0,60,0,23,73,4,100,108,4,112,212
08/20/2006,ABI,TX,ASW,CE,Combined TRACON& Tower with Radar,0,32,38,1,71,0,3,45,1,49,0,35,83,2,120,46,2,48,168
08/21/2006,ABI,TX,ASW,CE,Combined TRACON& Tower with Radar,2,30,22,26,80,0,8,41,5,54,2,38,63,31,134,34,54,88,222
08/22/2006,ABI,TX,ASW,CE,Combined TRACON& Tower with Radar,4,37,34,31,106,0,9,61,3,73,4,46,95,34,179,40,40,80,259
08/23/2006,ABI,TX,ASW,CE,Combined TRACON& Tower with Radar,2,51,34,43,130,0,6,31,4,41,2,57,65,47,171,40,60,100,271
08/24/2006,ABI,TX,ASW,CE,Combined TRACON& Tower with Radar,2,40,15,18,75,0,9,54,0,63,2,49,69,18,138,14,20,34,172
08/25/2006,ABI,TX,ASW,CE,Combined TRACON& Tower with Radar,2,46,16,25,89,0,5,45,6,56,2,51,61,31,145,26,38,64,209
08/26/2006,ABI,TX,ASW,CE,Combined TRACON& Tower with Radar,0,26,9,6,41,0,6,39,0,45,0,32,48,6,86,50,4,54,140
08/27/2006,ABI,TX,ASW,CE,Combined TRACON& Tower with Radar,4,15,10,2,31,0,4,10,0,14,4,19,20,2,45,0,0,0,45
08/28/2006,ABI,TX,ASW,CE,Combined TRACON& Tower with Radar,2,37,25,3,67,0,3,10,0,13,2,40,35,3,80,20,2,22,102
08/29/2006,ABI,TX,ASW,CE,Combined TRACON& Tower with Radar,0,56,19,37,112,0,10,49,2,61,0,66,68,39,173,24,22,46,219
08/30/2006,ABI,TX,ASW,CE,Combined TRACON& Tower with Radar,0,42,16,41,99,0,8,56,8,72,0,50,72,49,171,58,108,166,337
08/31/2006,ABI,TX,ASW,CE,Combined TRACON& Tower with Radar,2,37,30,35,104,0,6,40,3,49,2,43,70,38,153,62,90,152,305
09/01/2006,ABI,TX,ASW,CE,Combined TRACON& Tower with Radar,2,41,24,0,67,0,7,94,0,101,2,48,118,0,168,54,0,54,222
09/02/2006,ABI,TX,ASW,CE,Combined TRACON& Tower with Radar,0,22,15,8,45,0,4,18,0,22,0,26,33,8,67,26,8,34,101
09/03/2006,ABI,TX,ASW,CE,Combined TRACON& Tower with Radar,0,19,12,0,31,0,0,2,0,2,0,19,14,0,33,0,0,0,33
09/04/2006,ABI,TX,ASW,CE,Combined TRACON& Tower with Radar,2,18,29,0,49,0,0,1,0,1,2,18,30,0,50,10,0,10,60
09/05/2006,ABI,TX,ASW,CE,Combined TRACON& Tower with Radar,0,42,22,31,95,0,4,20,2,26,0,46,42,33,121,46,74,120,241
09/06/2006,ABI,TX,ASW,CE,Combined TRACON& Tower with Radar,0,48,10,32,90,0,14,57,5,76,0,62,67,37,166,82,52,134,300
09/07/2006,ABI,TX,ASW,CE,Combined TRACON& Tower with Radar,1,44,21,10,76,0,12,44,0,56,1,56,65,10,132,72,22,94,226
09/08/2006,ABI,TX,ASW,CE,Combined TRACON& Tower with Radar,4,39,26,28,97,0,7,40,5,52,4,46,66,33,149,52,60,112,261
09/09/2006,ABI,TX,ASW,CE,Combined TRACON& Tower with Radar,0,27,34,35,96,0,4,39,3,46,0,31,73,38,142,68,38,106,248
09/10/2006,ABI,TX,ASW,CE,Combined TRACON& Tower with Radar,0,19,16,46,81,0,0,36,1,37,0,19,52,47,118,48,84,132,250
09/11/2006,ABI,TX,ASW,CE,Combined TRACON& Tower with Radar,28,32,17,65,142,0,9,28,1,38,28,41,45,66,180,22,76,98,278
09/12/2006,ABI,TX,ASW,CE,Combined TRACON& Tower with Radar,0,52,31,84,167,0,11,28,3,42,0,63,59,87,209,32,130,162,371
09/13/2006,ABI,TX,ASW,CE,Combined TRACON& Tower with Radar,0,49,18,41,108,0,5,35,1,41,0,54,53,42,149,66,90,156,305
09/14/2006,ABI,TX,ASW,CE,Combined TRACON& Tower with Radar,0,47,28,21,96,0,8,38,2,48,0,55,66,23,144,72,24,96,240
09/15/2006,ABI,TX,ASW,CE,Combined TRACON& Tower with Radar,2,43,24,63,132,0,8,28,9,45,2,51,52,72,177,32,124,156,333
09/16/2006,ABI,TX,ASW,CE,Combined TRACON& Tower with Radar,0,36,16,20,72,0,2,22,1,25,0,38,38,21,97,32,48,80,177
09/17/2006,ABI,TX,ASW,CE,Combined TRACON& Tower with Radar,0,21,22,4,47,0,0,2,0,2,0,21,24,4,49,2,0,2,51
09/18/2006,ABI,TX,ASW,CE,Combined TRACON& Tower with Radar,2,38,33,27,100,0,10,39,2,51,2,48,72,29,151,6,56,62,213
09/19/2006,ABI,TX,ASW,CE,Combined TRACON& Tower with Radar,0,34,17,26,77,0,10,59,0,69,0,44,76,26,146,48,28,76,222
09/20/2006,ABI,TX,ASW,CE,Combined TRACON& Tower with Radar,0,42,21,30,93,2,10,29,4,45,2,52,50,34,138,78,42,120,258
09/21/2006,ABI,TX,ASW,CE,Combined TRACON& Tower with Radar,0,37,35,37,109,0,9,26,0,35,0,46,61,37,144,40,54,94,238
09/22/2006,ABI,TX,ASW,CE,Combined TRACON& Tower with Radar,2,43,23,21,89,0,9,46,2,57,2,52,69,23,146,48,66,114,260
09/23/2006,ABI,TX,ASW,CE,Combined TRACON& Tower with Radar,12,43,37,14,106,0,2,41,0,43,12,45,78,14,149,86,32,118,267
09/24/2006,ABI,TX,ASW,CE,Combined TRACON& Tower with Radar,2,21,13,18,54,0,0,35,3,38,2,21,48,21,92,30,32,62,154
09/25/2006,ABI,TX,ASW,CE,Combined TRACON& Tower with Radar,2,37,21,33,93,0,3,54,2,59,2,40,75,35,152,22,62,84,236
09/26/2006,ABI,TX,ASW,CE,Combined TRACON& Tower with Radar,0,33,28,38,99,0,8,41,3,52,0,41,69,41,151,42,44,86,237
09/27/2006,ABI,TX,ASW,CE,Combined TRACON& Tower with Radar,2,38,18,19,77,0,4,26,1,31,2,42,44,20,108,40,34,74,182
09/28/2006,ABI,TX,ASW,CE,Combined TRACON& Tower with Radar,0,54,23,0,77,0,16,34,0,50,0,70,57,0,127,52,0,52,179
09/29/2006,ABI,TX,ASW,CE,Combined TRACON& Tower with Radar,2,35,20,0,57,0,9,51,0,60,2,44,71,0,117,34,0,34,151
09/30/2006,ABI,TX,ASW,CE,Combined TRACON& Tower with Radar,0,23,7,0,30,0,4,32,0,36,0,27,39,0,66,16,0,16,82
10/01/2006,ABI,TX,ASW,CE,Combined TRACON& Tower with Radar,0,22,8,0,30,0,1,45,0,46,0,23,53,0,76,20,0,20,96
10/02/2006,ABI,TX,ASW,CE,Combined TRACON& Tower with Radar,2,29,21,63,115,0,0,38,0,38,2,29,59,63,153,16,116,132,285
10/03/2006,ABI,TX,ASW,CE,Combined TRACON& Tower with Radar,0,39,37,35,111,0,12,38,5,55,0,51,75,40,166,28,148,176,342
10/04/2006,ABI,TX,ASW,CE,Combined TRACON& Tower with Radar,0,40,17,49,106,0,6,33,8,47,0,46,50,57,153,36,142,178,331
10/05/2006,ABI,TX,ASW,CE,Combined TRACON& Tower with Radar,0,42,21,34,97,0,7,49,8,64,0,49,70,42,161,98,70,168,329
10/06/2006,ABI,TX,ASW,CE,Combined TRACON& Tower with Radar,2,39,20,52,113,0,7,49,0,56,2,46,69,52,169,38,92,130,299
10/07/2006,ABI,TX,ASW,CE,Combined TRACON& Tower with Radar,0,21,14,6,41,0,4,30,0,34,0,25,44,6,75,26,8,34,109
10/08/2006,ABI,TX,ASW,CE,Combined TRACON& Tower with Radar,0,24,6,0,30,0,0,38,0,38,0,24,44,0,68,30,0,30,98
10/09/2006,ABI,TX,ASW,CE,Combined TRACON& Tower with Radar,2,29,23,10,64,0,0,10,2,12,2,29,33,12,76,42,22,64,140
10/10/2006,ABI,TX,ASW,CE,Combined TRACON& Tower with Radar,2,61,26,63,152,0,4,16,3,23,2,65,42,66,175,58,116,174,349
10/11/2006,ABI,TX,ASW,CE,Combined TRACON& Tower with Radar,2,50,26,49,127,0,7,36,3,46,2,57,62,52,173,54,104,158,331
10/12/2006,ABI,TX,ASW,CE,Combined TRACON& Tower with Radar,0,48,30,0,78,0,7,37,0,44,0,55,67,0,122,40,142,182,304
10/13/2006,ABI,TX,ASW,CE,Combined TRACON& Tower with Radar,2,38,24,18,82,0,6,35,5,46,2,44,59,23,128,38,84,122,250
10/14/2006,ABI,TX,ASW,CE,Combined TRACON& Tower with Radar,0,21,30,0,51,0,5,18,0,23,0,26,48,0,74,6,0,6,80
10/15/2006,ABI,TX,ASW,CE,Combined TRACON& Tower with Radar,0,18,11,0,29,0,0,4,0,4,0,18,15,0,33,8,0,8,41
10/16/2006,ABI,TX,ASW,CE,Combined TRACON& Tower with Radar,2,33,25,24,84,0,4,20,2,26,2,37,45,26,110,36,47,83,193
10/17/2006,ABI,TX,ASW,CE,Combined TRACON& Tower with Radar,0,37,19,39,95,0,5,49,0,54,0,42,68,39,149,62,114,176,325
10/18/2006,ABI,TX,ASW,CE,Combined TRACON& Tower with Radar,0,66,43,85,194,0,3,15,0,18,0,69,58,85,212,48,198,246,458
10/19/2006,ABI,TX,ASW,CE,Combined TRACON& Tower with Radar,0,47,16,50,113,0,11,50,2,63,0,58,66,52,176,40,138,178,354
10/20/2006,ABI,TX,ASW,CE,Combined TRACON& Tower with Radar,2,41,31,45,119,0,8,53,2,63,2,49,84,47,182,48,116,164,346
10/21/2006,ABI,TX,ASW,CE,Combined TRACON& Tower with Radar,0,28,25,9,62,0,2,98,2,102,0,30,123,11,164,70,52,122,286
10/22/2006,ABI,TX,ASW,CE,Combined TRACON& Tower with Radar,0,23,19,11,53,0,0,45,0,45,0,23,64,11,98,54,8,62,160
10/23/2006,ABI,TX,ASW,CE,Combined TRACON& Tower with Radar,2,30,20,28,80,0,8,29,1,38,2,38,49,29,118,62,106,168,286
10/24/2006,ABI,TX,ASW,CE,Combined TRACON& Tower with Radar,0,44,29,24,97,0,2,11,3,16,0,46,40,27,113,36,18,54,167
10/25/2006,ABI,TX,ASW,CE,Combined TRACON& Tower with Radar,2,39,34,19,94,0,2,18,0,20,2,41,52,19,114,34,20,54,168
10/26/2006,ABI,TX,ASW,CE,Combined TRACON& Tower with Radar,0,38,29,2,69,0,7,32,0,39,0,45,61,2,108,46,54,100,208
10/27/2006,ABI,TX,ASW,CE,Combined TRACON& Tower with Radar,2,35,36,35,108,0,9,35,4,48,2,44,71,39,156,14,78,92,248
10/28/2006,ABI,TX,ASW,CE,Combined TRACON& Tower with Radar,0,23,17,0,40,0,6,144,0,150,0,29,161,0,190,69,0,69,259
10/29/2006,ABI,TX,ASW,CE,Combined TRACON& Tower with Radar,0,23,18,18,59,0,0,43,0,43,0,23,61,18,102,68,40,108,210
10/30/2006,ABI,TX,ASW,CE,Combined TRACON& Tower with Radar,5,41,25,11,82,0,5,30,3,38,5,46,55,14,120,16,6,22,142
10/31/2006,ABI,TX,ASW,CE,Combined TRACON& Tower with Radar,0,46,12,22,80,0,8,31,3,42,0,54,43,25,122,18,60,78,200
11/01/2006,ABI,TX,ASW,CE,Combined TRACON& Tower with Radar,0,54,35,19,108,0,3,18,3,24,0,57,53,22,132,32,86,118,250
11/02/2006,ABI,TX,ASW,CE,Combined TRACON& Tower with Radar,0,37,22,0,59,0,5,56,0,61,0,42,78,0,120,62,12,74,194
11/03/2006,ABI,TX,ASW,CE,Combined TRACON& Tower with Radar,2,48,38,31,119,0,7,41,1,49,2,55,79,32,168,88,82,170,338
11/04/2006,ABI,TX,ASW,CE,Combined TRACON& Tower with Radar,0,24,35,8,67,0,2,22,1,25,0,26,57,9,92,20,14,34,126
11/05/2006,ABI,TX,ASW,CE,Combined TRACON& Tower with Radar,4,24,12,6,46,0,0,7,0,7,4,24,19,6,53,8,0,8,61
11/06/2006,ABI,TX,ASW,CE,Combined TRACON& Tower with Radar,4,43,18,25,90,0,2,18,2,22,4,45,36,27,112,22,28,50,162
11/07/2006,ABI,TX,ASW,CE,Combined TRACON& Tower with Radar,0,42,30,27,99,0,7,36,1,44,0,49,66,28,143,42,32,74,217
11/08/2006,ABI,TX,ASW,CE,Combined TRACON& Tower with Radar,0,53,23,17,93,0,7,42,0,49,0,60,65,17,142,102,42,144,286
11/09/2006,ABI,TX,ASW,CE,Combined TRACON& Tower with Radar,0,51,40,6,97,0,9,47,1,57,0,60,87,7,154,58,8,66,220
11/10/2006,ABI,TX,ASW,CE,Combined TRACON& Tower with Radar,2,39,20,10,71,0,9,116,0,125,2,48,136,10,196,136,20,156,352
11/11/2006,ABI,TX,ASW,CE,Combined TRACON& Tower with Radar,0,25,35,0,60,0,2,58,0,60,0,27,93,0,120,92,0,92,212
11/12/2006,ABI,TX,ASW,CE,Combined TRACON& Tower with Radar,0,22,19,0,41,0,0,37,0,37,0,22,56,0,78,4,0,4,82
11/13/2006,ABI,TX,ASW,CE,Combined TRACON& Tower with Radar,2,30,17,5,54,0,6,43,2,51,2,36,60,7,105,52,4,56,161
11/14/2006,ABI,TX,ASW,CE,Combined TRACON& Tower with Radar,0,38,21,19,78,0,7,25,1,33,0,45,46,20,111,80,48,128,239
11/15/2006,ABI,TX,ASW,CE,Combined TRACON& Tower with Radar,0,47,19,17,83,0,6,15,0,21,0,53,34,17,104,2,22,24,128
11/16/2006,ABI,TX,ASW,CE,Combined TRACON& Tower with Radar,0,42,31,0,73,0,9,52,0,61,0,51,83,0,134,138,58,196,330
11/17/2006,ABI,TX,ASW,CE,Combined TRACON& Tower with Radar,2,45,30,31,108,0,9,59,0,68,2,54,89,31,176,96,62,158,334
11/18/2006,ABI,TX,ASW,CE,Combined TRACON& Tower with Radar,0,27,24,0,51,0,5,62,1,68,0,32,86,1,119,54,2,56,175
11/19/2006,ABI,TX,ASW,CE,Combined TRACON& Tower with Radar,0,21,23,7,51,0,2,40,0,42,0,23,63,7,93,60,14,74,167
11/20/2006,ABI,TX,ASW,CE,Combined TRACON& Tower with Radar,2,39,56,4,101,0,0,0,0,0,2,39,56,4,101,56,6,62,163
11/21/2006,ABI,TX,ASW,CE,Combined TRACON& Tower with Radar,0,42,21,28,91,0,8,57,0,65,0,50,78,28,156,62,82,144,300
11/22/2006,ABI,TX,ASW,CE,Combined TRACON& Tower with Radar,0,41,47,15,103,0,11,51,2,64,0,52,98,17,167,92,30,122,289
11/23/2006,ABI,TX,ASW,CE,Combined TRACON& Tower with Radar,0,17,3,0,20,0,3,27,0,30,0,20,30,0,50,10,0,10,60
11/24/2006,ABI,TX,ASW,CE,Combined TRACON& Tower with Radar,2,32,29,0,63,0,6,35,0,41,2,38,64,0,104,46,0,46,150
11/25/2006,ABI,TX,ASW,CE,Combined TRACON& Tower with Radar,0,36,39,0,75,0,0,0,0,0,0,36,39,0,75,32,0,32,107
11/26/2006,ABI,TX,ASW,CE,Combined TRACON& Tower with Radar,0,39,22,0,61,0,2,18,4,24,0,41,40,4,85,56,0,56,141
11/27/2006,ABI,TX,ASW,CE,Combined TRACON& Tower with Radar,4,35,24,31,94,0,2,14,1,17,4,37,38,32,111,20,56,76,187
11/28/2006,ABI,TX,ASW,CE,Combined TRACON& Tower with Radar,0,45,34,37,116,0,4,48,1,53,0,49,82,38,169,54,83,137,306
11/29/2006,ABI,TX,ASW,CE,Combined TRACON& Tower with Radar,2,46,43,44,135,0,4,11,3,18,2,50,54,47,153,20,160,180,333
11/30/2006,ABI,TX,ASW,CE,Combined TRACON& Tower with Radar,0,31,15,8,54,0,0,1,0,1,0,31,16,8,55,10,0,10,65
12/01/2006,ABI,TX,ASW,CE,Combined TRACON& Tower with Radar,2,34,40,17,93,0,8,45,2,55,2,42,85,19,148,88,26,114,262
12/02/2006,ABI,TX,ASW,CE,Combined TRACON& Tower with Radar,0,28,43,31,102,0,6,33,1,40,0,34,76,32,142,58,44,102,244
12/03/2006,ABI,TX,ASW,CE,Combined TRACON& Tower with Radar,2,22,13,14,51,0,0,34,1,35,2,22,47,15,86,8,42,50,136
12/04/2006,ABI,TX,ASW,CE,Combined TRACON& Tower with Radar,2,38,13,14,67,0,7,29,3,39,2,45,42,17,106,26,34,60,166
12/05/2006,ABI,TX,ASW,CE,Combined TRACON& Tower with Radar,0,37,51,36,124,0,10,65,1,76,0,47,116,37,200,50,117,167,367
12/06/2006,ABI,TX,ASW,CE,Combined TRACON& Tower with Radar,0,46,35,34,115,0,6,41,0,47,0,52,76,34,162,76,90,166,328
12/07/2006,ABI,TX,ASW,CE,Combined TRACON& Tower with Radar,2,42,34,36,114,0,8,36,2,46,2,50,70,38,160,58,90,148,308
12/08/2006,ABI,TX,ASW,CE,Combined TRACON& Tower with Radar,2,40,23,52,117,0,10,29,9,48,2,50,52,61,165,60,92,152,317
12/09/2006,ABI,TX,ASW,CE,Combined TRACON& Tower with Radar,0,28,28,5,61,0,6,29,3,38,0,34,57,8,99,60,6,66,165
12/10/2006,ABI,TX,ASW,CE,Combined TRACON& Tower with Radar,0,25,21,38,84,0,0,15,0,15,0,25,36,38,99,54,26,80,179
12/11/2006,ABI,TX,ASW,CE,Combined TRACON& Tower with Radar,2,37,14,29,82,0,7,19,0,26,2,44,33,29,108,52,52,104,212
12/12/2006,ABI,TX,ASW,CE,Combined TRACON& Tower with Radar,0,35,32,49,116,0,6,53,1,60,0,41,85,50,176,98,76,174,350
12/13/2006,ABI,TX,ASW,CE,Combined TRACON& Tower with Radar,0,37,39,21,97,0,10,54,1,65,0,47,93,22,162,84,20,104,266
12/14/2006,ABI,TX,ASW,CE,Combined TRACON& Tower with Radar,0,38,30,28,96,0,9,51,1,61,0,47,81,29,157,44,76,120,277
12/15/2006,ABI,TX,ASW,CE,Combined TRACON& Tower with Radar,12,66,29,35,142,0,10,51,5,66,12,76,80,40,208,24,106,130,338
12/16/2006,ABI,TX,ASW,CE,Combined TRACON& Tower with Radar,0,31,40,0,71,0,2,45,0,47,0,33,85,0,118,8,0,8,126
12/17/2006,ABI,TX,ASW,CE,Combined TRACON& Tower with Radar,2,22,15,28,67,0,0,29,1,30,2,22,44,29,97,22,50,72,169
12/18/2006,ABI,TX,ASW,CE,Combined TRACON& Tower with Radar,2,45,35,19,101,0,2,1,0,3,2,47,36,19,104,54,84,138,242
12/19/2006,ABI,TX,ASW,CE,Combined TRACON& Tower with Radar,0,37,32,2,71,0,0,0,0,0,0,37,32,2,71,10,2,12,83
12/20/2006,ABI,TX,ASW,CE,Combined TRACON& Tower with Radar,4,62,30,43,139,0,2,12,3,17,4,64,42,46,156,22,134,156,312
12/21/2006,ABI,TX,ASW,CE,Combined TRACON& Tower with Radar,0,39,20,12,71,0,7,43,2,52,0,46,63,14,123,20,28,48,171
12/22/2006,ABI,TX,ASW,CE,Combined TRACON& Tower with Radar,2,41,28,0,71,0,9,48,0,57,2,50,76,0,128,74,0,74,202
12/23/2006,ABI,TX,ASW,CE,Combined TRACON& Tower with Radar,0,26,25,0,51,0,7,22,0,29,0,33,47,0,80,26,0,26,106
12/24/2006,ABI,TX,ASW,CE,Combined TRACON& Tower with Radar,0,15,9,0,24,0,0,18,0,18,0,15,27,0,42,4,0,4,46
12/25/2006,ABI,TX,ASW,CE,Combined TRACON& Tower with Radar,2,23,3,0,28,0,0,14,0,14,2,23,17,0,42,0,0,0,42
12/26/2006,ABI,TX,ASW,CE,Combined TRACON& Tower with Radar,0,38,17,7,62,0,3,53,0,56,0,41,70,7,118,72,8,80,198
12/27/2006,ABI,TX,ASW,CE,Combined TRACON& Tower with Radar,0,46,20,15,81,0,5,36,0,41,0,51,56,15,122,28,6,34,156
12/28/2006,ABI,TX,ASW,CE,Combined TRACON& Tower with Radar,0,40,23,5,68,0,4,7,0,11,0,44,30,5,79,10,8,18,97
12/29/2006,ABI,TX,ASW,CE,Combined TRACON& Tower with Radar,19,42,24,0,85,0,1,6,0,7,19,43,30,0,92,0,0,0,92
12/30/2006,ABI,TX,ASW,CE,Combined TRACON& Tower with Radar,0,24,23,0,47,0,0,73,0,73,0,24,96,0,120,74,0,74,194
12/31/2006,ABI,TX,ASW,CE,Combined TRACON& Tower with Radar,0,14,9,0,23,0,0,27,0,27,0,14,36,0,50,14,0,14,64
01/01/2007,ABI,TX,ASW,CE,Combined TRACON& Tower with Radar,2,20,10,0,32,0,0,44,0,44,2,20,54,0,76,46,0,46,122
01/02/2007,ABI,TX,ASW,CE,Combined TRACON& Tower with Radar,0,36,14,0,50,0,5,20,0,25,0,41,34,0,75,72,0,72,147
01/03/2007,ABI,TX,ASW,CE,Combined TRACON& Tower with Radar,0,53,28,24,105,0,0,8,0,8,0,53,36,24,113,12,50,62,175
01/04/2007,ABI,TX,ASW,CE,Combined TRACON& Tower with Radar,0,44,28,48,120,0,2,15,0,17,0,46,43,48,137,30,96,126,263
01/05/2007,ABI,TX,ASW,CE,Combined TRACON& Tower with Radar,2,51,26,59,138,0,5,54,15,74,2,56,80,74,212,54,138,192,404
01/06/2007,ABI,TX,ASW,CE,Combined TRACON& Tower with Radar,0,25,14,0,39,0,1,26,0,27,0,26,40,0,66,28,0,28,94
01/07/2007,ABI,TX,ASW,CE,Combined TRACON& Tower with Radar,0,22,19,0,41,0,0,28,0,28,0,22,47,0,69,36,0,36,105
01/08/2007,ABI,TX,ASW,CE,Combined TRACON& Tower with Radar,1,26,9,55,91,0,6,20,2,28,1,32,29,57,119,92,154,246,365
01/09/2007,ABI,TX,ASW,CE,Combined TRACON& Tower with Radar,0,46,36,66,148,0,11,58,5,74,0,57,94,71,222,40,122,162,384
01/10/2007,ABI,TX,ASW,CE,Combined TRACON& Tower with Radar,0,40,21,65,126,0,9,31,3,43,0,49,52,68,169,34,210,244,413
01/11/2007,ABI,TX,ASW,CE,Combined TRACON& Tower with Radar,0,49,23,35,107,0,3,32,4,39,0,52,55,39,146,52,98,150,296
01/12/2007,ABI,TX,ASW,CE,Combined TRACON& Tower with Radar,2,47,37,8,94,0,0,17,0,17,2,47,54,8,111,22,4,26,137
01/13/2007,ABI,TX,ASW,CE,Combined TRACON& Tower with Radar,0,4,3,0,7,0,0,0,0,0,0,4,3,0,7,0,0,0,7
01/14/2007,ABI,TX,ASW,CE,Combined TRACON& Tower with Radar,0,8,8,0,16,0,0,0,0,0,0,8,8,0,16,0,0,0,16
01/15/2007,ABI,TX,ASW,CE,Combined TRACON& Tower with Radar,2,28,15,3,48,0,1,7,0,8,2,29,22,3,56,4,6,10,66
01/16/2007,ABI,TX,ASW,CE,Combined TRACON& Tower with Radar,0,43,27,8,78,0,2,22,2,26,0,45,49,10,104,30,8,38,142
01/17/2007,ABI,TX,ASW,CE,Combined TRACON& Tower with Radar,0,53,32,15,100,0,2,0,0,2,0,55,32,15,102,58,20,78,180
01/18/2007,ABI,TX,ASW,CE,Combined TRACON& Tower with Radar,2,41,20,24,87,0,6,7,1,14,2,47,27,25,101,50,48,98,199
01/19/2007,ABI,TX,ASW,CE,Combined TRACON& Tower with Radar,0,38,11,0,49,0,2,2,0,4,0,40,13,0,53,6,0,6,59
01/20/2007,ABI,TX,ASW,CE,Combined TRACON& Tower with Radar,2,27,0,0,29,0,0,1,0,1,2,27,1,0,30,0,0,0,30
01/21/2007,ABI,TX,ASW,CE,Combined TRACON& Tower with Radar,0,23,12,6,41,0,0,37,0,37,0,23,49,6,78,20,20,40,118
01/22/2007,ABI,TX,ASW,CE,Combined TRACON& Tower with Radar,1,31,15,6,53,0,0,17,2,19,1,31,32,8,72,22,32,54,126
01/23/2007,ABI,TX,ASW,CE,Combined TRACON& Tower with Radar,4,39,36,45,124,0,6,12,3,21,4,45,48,48,145,10,100,110,255
01/24/2007,ABI,TX,ASW,CE,Combined TRACON& Tower with Radar,2,46,20,66,134,0,13,57,7,77,2,59,77,73,211,14,168,182,393
01/25/2007,ABI,TX,ASW,CE,Combined TRACON& Tower with Radar,0,46,34,34,114,0,6,52,7,65,0,52,86,41,179,88,158,246,425
01/26/2007,ABI,TX,ASW,CE,Combined TRACON& Tower with Radar,2,38,18,40,98,0,6,47,2,55,2,44,65,42,153,80,106,186,339
01/27/2007,ABI,TX,ASW,CE,Combined TRACON& Tower with Radar,0,22,27,35,84,0,2,12,0,14,0,24,39,35,98,26,60,86,184
01/28/2007,ABI,TX,ASW,CE,Combined TRACON& Tower with Radar,2,24,19,44,89,0,0,52,2,54,2,24,71,46,143,76,94,170,313
01/29/2007,ABI,TX,ASW,CE,Combined TRACON& Tower with Radar,2,33,13,57,105,0,5,30,6,41,2,38,43,63,146,24,152,176,322
01/30/2007,ABI,TX,ASW,CE,Combined TRACON& Tower with Radar,0,40,29,50,119,0,5,34,2,41,0,45,63,52,160,46,194,240,400
01/31/2007,ABI,TX,ASW,CE,Combined TRACON& Tower with Radar,0,38,14,32,84,0,12,23,0,35,0,50,37,32,119,46,58,104,223
02/01/2007,ABI,TX,ASW,CE,Combined TRACON& Tower with Radar,3,51,25,23,102,0,0,0,0,0,3,51,25,23,102,0,22,22,124
02/02/2007,ABI,TX,ASW,CE,Combined TRACON& Tower with Radar,0,56,23,32,111,0,3,9,0,12,0,59,32,32,123,0,38,38,161
02/03/2007,ABI,TX,ASW,CE,Combined TRACON& Tower with Radar,0,21,10,3,34,0,2,74,0,76,0,23,84,3,110,40,4,44,154
02/04/2007,ABI,TX,ASW,CE,Combined TRACON& Tower with Radar,0,21,9,3,33,0,0,27,0,27,0,21,36,3,60,0,0,0,60
02/05/2007,ABI,TX,ASW,CE,Combined TRACON& Tower with Radar,2,36,17,20,75,0,10,52,0,62,2,46,69,20,137,34,102,136,273
02/06/2007,ABI,TX,ASW,CE,Combined TRACON& Tower with Radar,0,48,18,49,115,0,11,49,6,66,0,59,67,55,181,42,130,172,353
02/07/2007,ABI,TX,ASW,CE,Combined TRACON& Tower with Radar,0,54,39,40,133,0,7,53,3,63,0,61,92,43,196,36,56,92,288
02/08/2007,ABI,TX,ASW,CE,Combined TRACON& Tower with Radar,0,58,42,44,144,0,0,0,0,0,0,58,42,44,144,22,56,78,222
02/09/2007,ABI,TX,ASW,CE,Combined TRACON& Tower with Radar,0,57,39,30,126,0,0,14,0,14,0,57,53,30,140,2,38,40,180
02/10/2007,ABI,TX,ASW,CE,Combined TRACON& Tower with Radar,0,31,17,0,48,0,3,8,0,11,0,34,25,0,59,62,0,62,121
02/11/2007,ABI,TX,ASW,CE,Combined TRACON& Tower with Radar,0,21,32,5,58,0,0,3,0,3,0,21,35,5,61,14,10,24,85
02/12/2007,ABI,TX,ASW,CE,Combined TRACON& Tower with Radar,2,32,26,25,85,0,4,21,0,25,2,36,47,25,110,40,14,54,164
02/13/2007,ABI,TX,ASW,CE,Combined TRACON& Tower with Radar,0,45,18,30,93,0,5,17,3,25,0,50,35,33,118,26,60,86,204
02/14/2007,ABI,TX,ASW,CE,Combined TRACON& Tower with Radar,0,40,12,8,60,0,1,4,0,5,0,41,16,8,65,12,14,26,91
02/15/2007,ABI,TX,ASW,CE,Combined TRACON& Tower with Radar,0,40,26,45,111,0,6,22,3,31,0,46,48,48,142,18,50,68,210
02/16/2007,ABI,TX,ASW,CE,Combined TRACON& Tower with Radar,0,36,25,6,67,0,13,48,1,62,0,49,73,7,129,32,30,62,191
02/17/2007,ABI,TX,ASW,CE,Combined TRACON& Tower with Radar,0,26,24,11,61,0,9,46,1,56,0,35,70,12,117,66,34,100,217
02/19/2007,ABI,TX,ASW,CE,Combined TRACON& Tower with Radar,0,32,39,8,79,0,0,0,0,0,0,32,39,8,79,58,4,62,141
02/20/2007,ABI,TX,ASW,CE,Combined TRACON& Tower with Radar,0,39,21,7,67,0,8,27,2,37,0,47,48,9,104,0,8,8,112
02/21/2007,ABI,TX,ASW,CE,Combined TRACON& Tower with Radar,0,38,14,18,70,0,8,38,0,46,0,46,52,18,116,16,32,48,164
02/22/2007,ABI,TX,ASW,CE,Combined TRACON& Tower with Radar,0,38,42,34,114,0,9,61,3,73,0,47,103,37,187,90,136,226,413
02/23/2007,ABI,TX,ASW,CE,Combined TRACON& Tower with Radar,0,47,43,40,130,0,2,10,0,12,0,49,53,40,142,50,70,120,262
02/24/2007,ABI,TX,ASW,CE,Combined TRACON& Tower with Radar,0,17,6,1,24,0,0,5,1,6,0,17,11,2,30,3,0,3,33
02/25/2007,ABI,TX,ASW,CE,Combined TRACON& Tower with Radar,0,24,26,3,53,0,0,54,1,55,0,24,80,4,108,72,4,76,184
02/26/2007,ABI,TX,ASW,CE,Combined TRACON& Tower with Radar,0,31,22,66,119,0,7,65,7,79,0,38,87,73,198,26,178,204,402
02/27/2007,ABI,TX,ASW,CE,Combined TRACON& Tower with Radar,0,38,13,10,61,0,11,56,3,70,0,49,69,13,131,54,14,68,199
02/28/2007,ABI,TX,ASW,CE,Combined TRACON& Tower with Radar,0,39,21,45,105,0,10,15,0,25,0,49,36,45,130,14,208,222,352
03/01/2007,ABI,TX,ASW,CE,Combined TRACON& Tower with Radar,0,43,20,53,116,0,0,0,0,0,0,43,20,53,116,38,120,158,274
03/02/2007,ABI,TX,ASW,CE,Combined TRACON& Tower with Radar,0,38,27,20,85,0,11,60,1,72,0,49,87,21,157,110,52,162,319
03/03/2007,ABI,TX,ASW,CE,Combined TRACON& Tower with Radar,2,22,17,0,41,0,3,101,0,104,2,25,118,0,145,110,0,110,255
03/04/2007,ABI,TX,ASW,CE,Combined TRACON& Tower with Radar,0,18,17,11,46,0,0,73,0,73,0,18,90,11,119,130,22,152,271
03/05/2007,ABI,TX,ASW,CE,Combined TRACON& Tower with Radar,0,29,13,34,76,0,10,49,1,60,0,39,62,35,136,122,106,228,364
03/06/2007,ABI,TX,ASW,CE,Combined TRACON& Tower with Radar,2,42,28,23,95,0,8,49,1,58,2,50,77,24,153,66,112,178,331
03/07/2007,ABI,TX,ASW,CE,Combined TRACON& Tower with Radar,0,48,36,29,113,0,9,42,5,56,0,57,78,34,169,12,48,60,229
03/08/2007,ABI,TX,ASW,CE,Combined TRACON& Tower with Radar,0,38,31,41,110,0,9,72,2,83,0,47,103,43,193,60,58,118,311
03/09/2007,ABI,TX,ASW,CE,Combined TRACON& Tower with Radar,0,43,26,35,104,0,7,57,3,67,0,50,83,38,171,52,252,304,475
03/10/2007,ABI,TX,ASW,CE,Combined TRACON& Tower with Radar,0,22,14,10,46,0,4,62,4,70,0,26,76,14,116,88,22,110,226
03/11/2007,ABI,TX,ASW,CE,Combined TRACON& Tower with Radar,0,19,8,0,27,0,0,1,0,1,0,19,9,0,28,0,0,0,28
03/12/2007,ABI,TX,ASW,CE,Combined TRACON& Tower with Radar,0,48,20,24,92,0,3,9,2,14,0,51,29,26,106,12,28,40,146
03/13/2007,ABI,TX,ASW,CE,Combined TRACON& Tower with Radar,10,39,29,17,95,0,6,16,0,22,10,45,45,17,117,86,144,230,347
03/14/2007,ABI,TX,ASW,CE,Combined TRACON& Tower with Radar,0,40,38,10,88,0,6,0,0,6,0,46,38,10,94,54,52,106,200
03/15/2007,ABI,TX,ASW,CE,Combined TRACON& Tower with Radar,0,41,32,16,89,0,2,51,1,54,0,43,83,17,143,84,30,114,257
03/16/2007,ABI,TX,ASW,CE,Combined TRACON& Tower with Radar,0,35,23,13,71,0,11,46,3,60,0,46,69,16,131,56,80,136,267
03/17/2007,ABI,TX,ASW,CE,Combined TRACON& Tower with Radar,0,27,15,6,48,0,1,61,0,62,0,28,76,6,110,52,8,60,170
03/18/2007,ABI,TX,ASW,CE,Combined TRACON& Tower with Radar,0,25,29,5,59,0,0,22,0,22,0,25,51,5,81,2,0,2,83
03/19/2007,ABI,TX,ASW,CE,Combined TRACON& Tower with Radar,0,33,19,15,67,0,7,17,1,25,0,40,36,16,92,8,18,26,118
03/20/2007,ABI,TX,ASW,CE,Combined TRACON& Tower with Radar,0,46,33,12,91,0,4,16,0,20,0,50,49,12,111,74,18,92,203
03/21/2007,ABI,TX,ASW,CE,Combined TRACON& Tower with Radar,0,52,30,18,100,0,5,24,1,30,0,57,54,19,130,16,36,52,182
03/22/2007,ABI,TX,ASW,CE,Combined TRACON& Tower with Radar,0,48,33,54,135,0,1,7,0,8,0,49,40,54,143,28,86,114,257
03/23/2007,ABI,TX,ASW,CE,Combined TRACON& Tower with Radar,0,44,13,18,75,0,7,18,0,25,0,51,31,18,100,52,14,66,166
03/24/2007,ABI,TX,ASW,CE,Combined TRACON& Tower with Radar,2,25,18,5,50,0,0,32,3,35,2,25,50,8,85,36,6,42,127
03/25/2007,ABI,TX,ASW,CE,Combined TRACON& Tower with Radar,0,26,11,0,37,0,0,5,0,5,0,26,16,0,42,2,0,2,44
03/26/2007,ABI,TX,ASW,CE,Combined TRACON& Tower with Radar,2,36,18,0,56,0,2,9,0,11,2,38,27,0,67,28,0,28,95
03/27/2007,ABI,TX,ASW,CE,Combined TRACON& Tower with Radar,0,5,37,28,70,0,8,42,4,54,0,13,79,32,124,198,62,260,384
03/28/2007,ABI,TX,ASW,CE,Combined TRACON& Tower with Radar,0,41,30,9,80,0,4,15,2,21,0,45,45,11,101,16,12,28,129
03/29/2007,ABI,TX,ASW,CE,Combined TRACON& Tower with Radar,14,47,31,6,98,0,2,15,0,17,14,49,46,6,115,74,6,80,195
03/30/2007,ABI,TX,ASW,CE,Combined TRACON& Tower with Radar,0,59,40,3,102,0,0,1,0,1,0,59,41,3,103,0,0,0,103
03/31/2007,ABI,TX,ASW,CE,Combined TRACON& Tower with Radar,0,38,21,3,62,0,5,71,5,81,0,43,92,8,143,94,0,94,237
04/01/2007,ABI,TX,ASW,CE,Combined TRACON& Tower with Radar,2,22,10,12,46,0,0,0,0,0,2,22,10,12,46,28,4,32,78
04/02/2007,ABI,TX,ASW,CE,Combined TRACON& Tower with Radar,0,36,27,27,90,0,7,21,0,28,0,43,48,27,118,14,40,54,172
04/03/2007,ABI,TX,ASW,CE,Combined TRACON& Tower with Radar,6,42,23,32,103,0,7,28,6,41,6,49,51,38,144,48,96,144,288
04/04/2007,ABI,TX,ASW,CE,Combined TRACON& Tower with Radar,0,39,26,20,85,0,0,0,0,0,0,39,26,20,85,42,52,94,179
04/05/2007,ABI,TX,ASW,CE,Combined TRACON& Tower with Radar,0,39,33,42,114,0,9,49,0,58,0,48,82,42,172,72,98,170,342
04/06/2007,ABI,TX,ASW,CE,Combined TRACON& Tower with Radar,0,32,30,12,74,0,8,27,0,35,0,40,57,12,109,50,20,70,179
04/07/2007,ABI,TX,ASW,CE,Combined TRACON& Tower with Radar,0,24,4,0,28,0,0,1,0,1,0,24,5,0,29,4,0,4,33
04/08/2007,ABI,TX,ASW,CE,Combined TRACON& Tower with Radar,0,26,12,0,38,0,0,13,0,13,0,26,25,0,51,10,2,12,63
04/09/2007,ABI,TX,ASW,CE,Combined TRACON& Tower with Radar,0,42,33,58,133,0,0,2,0,2,0,42,35,58,135,0,134,134,269
04/10/2007,ABI,TX,ASW,CE,Combined TRACON& Tower with Radar,0,39,33,52,124,0,3,43,1,47,0,42,76,53,171,66,56,122,293
04/11/2007,ABI,TX,ASW,CE,Combined TRACON& Tower with Radar,0,39,27,48,114,0,11,61,0,72,0,50,88,48,186,94,150,244,430
04/12/2007,ABI,TX,ASW,CE,Combined TRACON& Tower with Radar,0,40,41,32,113,0,11,51,0,62,0,51,92,32,175,26,48,74,249
04/13/2007,ABI,TX,ASW,CE,Combined TRACON& Tower with Radar,4,39,28,7,78,0,7,6,1,14,4,46,34,8,92,6,76,82,174
04/14/2007,ABI,TX,ASW,CE,Combined TRACON& Tower with Radar,0,34,24,3,61,0,0,74,0,74,0,34,98,3,135,126,6,132,267
04/15/2007,ABI,TX,ASW,CE,Combined TRACON& Tower with Radar,0,20,8,28,56,0,1,79,1,81,0,21,87,29,137,106,64,170,307
04/16/2007,ABI,TX,ASW,CE,Combined TRACON& Tower with Radar,0,32,24,10,66,0,10,57,0,67,0,42,81,10,133,70,34,104,237
04/17/2007,ABI,TX,ASW,CE,Combined TRACON& Tower with Radar,4,42,39,2,87,0,5,3,0,8,4,47,42,2,95,28,0,28,123
04/18/2007,ABI,TX,ASW,CE,Combined TRACON& Tower with Radar,0,43,31,9,83,0,8,38,1,47,0,51,69,10,130,116,10,126,256
04/19/2007,ABI,TX,ASW,CE,Combined TRACON& Tower with Radar,0,41,29,19,89,0,10,68,1,79,0,51,97,20,168,78,46,124,292
04/20/2007,ABI,TX,ASW,CE,Combined TRACON& Tower with Radar,0,37,25,30,92,0,10,42,1,53,0,47,67,31,145,74,56,130,275
04/21/2007,ABI,TX,ASW,CE,Combined TRACON& Tower with Radar,0,33,22,6,61,0,3,56,0,59,0,36,78,6,120,90,12,102,222
04/22/2007,ABI,TX,ASW,CE,Combined TRACON& Tower with Radar,2,19,24,14,59,0,0,37,0,37,2,19,61,14,96,0,0,0,96
04/23/2007,ABI,TX,ASW,CE,Combined TRACON& Tower with Radar,0,36,23,10,69,0,4,15,1,20,0,40,38,11,89,82,10,92,181
04/24/2007,ABI,TX,ASW,CE,Combined TRACON& Tower with Radar,7,36,27,0,70,0,4,15,0,19,7,40,42,0,89,32,0,32,121
04/25/2007,ABI,TX,ASW,CE,Combined TRACON& Tower with Radar,1,42,50,51,144,0,7,46,2,55,1,49,96,53,199,74,138,212,411
04/26/2007,ABI,TX,ASW,CE,Combined TRACON& Tower with Radar,0,40,36,17,93,0,11,63,2,76,0,51,99,19,169,62,56,118,287
04/27/2007,ABI,TX,ASW,CE,Combined TRACON& Tower with Radar,0,37,23,21,81,0,9,47,3,59,0,46,70,24,140,94,54,148,288
04/28/2007,ABI,TX,ASW,CE,Combined TRACON& Tower with Radar,0,30,16,17,63,0,2,41,4,47,0,32,57,21,110,68,48,116,226
04/29/2007,ABI,TX,ASW,CE,Combined TRACON& Tower with Radar,0,26,25,21,72,0,0,22,0,22,0,26,47,21,94,24,28,52,146
04/30/2007,ABI,TX,ASW,CE,Combined TRACON& Tower with Radar,2,36,16,0,54,0,3,10,0,13,2,39,26,0,67,74,0,74,141
05/01/2007,ABI,TX,ASW,CE,Combined TRACON& Tower with Radar,0,40,20,16,76,0,5,18,0,23,0,45,38,16,99,166,21,187,286
05/02/2007,ABI,TX,ASW,CE,Combined TRACON& Tower with Radar,6,40,14,13,73,0,8,12,0,20,6,48,26,13,93,14,26,40,133
05/03/2007,ABI,TX,ASW,CE,Combined TRACON& Tower with Radar,0,32,28,37,97,0,7,38,3,48,0,39,66,40,145,46,62,108,253
05/04/2007,ABI,TX,ASW,CE,Combined TRACON& Tower with Radar,0,39,43,23,105,0,9,32,13,54,0,48,75,36,159,48,48,96,255
05/05/2007,ABI,TX,ASW,CE,Combined TRACON& Tower with Radar,0,19,24,17,60,0,2,11,1,14,0,21,35,18,74,54,20,74,148
05/06/2007,ABI,TX,ASW,CE,Combined TRACON& Tower with Radar,0,10,20,2,32,0,0,15,0,15,0,10,35,2,47,16,0,16,63
05/07/2007,ABI,TX,ASW,CE,Combined TRACON& Tower with Radar,4,35,15,3,57,0,2,16,2,20,4,37,31,5,77,30,0,30,107
05/08/2007,ABI,TX,ASW,CE,Combined TRACON& Tower with Radar,0,37,26,24,87,0,3,3,1,7,0,40,29,25,94,18,38,56,150
05/09/2007,ABI,TX,ASW,CE,Combined TRACON& Tower with Radar,2,48,31,7,88,0,1,4,0,5,2,49,35,7,93,20,12,32,125
05/10/2007,ABI,TX,ASW,CE,Combined TRACON& Tower with Radar,0,41,50,15,106,0,6,13,0,19,0,47,63,15,125,70,38,108,233
05/11/2007,ABI,TX,ASW,CE,Combined TRACON& Tower with Radar,0,47,45,19,111,0,10,36,3,49,0,57,81,22,160,90,64,154,314
05/12/2007,ABI,TX,ASW,CE,Combined TRACON& Tower with Radar,0,29,15,0,44,0,0,112,0,112,0,29,127,0,156,98,0,98,254
05/13/2007,ABI,TX,ASW,CE,Combined TRACON& Tower with Radar,2,18,23,1,44,0,0,30,0,30,2,18,53,1,74,34,0,34,108
05/15/2007,ABI,TX,ASW,CE,Combined TRACON& Tower with Radar,0,41,38,36,115,0,8,36,5,49,0,49,74,41,164,86,84,170,334
05/16/2007,ABI,TX,ASW,CE,Combined TRACON& Tower with Radar,0,46,33,45,124,0,8,49,3,60,0,54,82,48,184,94,58,152,336
05/17/2007,ABI,TX,ASW,CE,Combined TRACON& Tower with Radar,0,48,30,7,85,0,5,21,1,27,0,53,51,8,112,46,14,60,172
05/18/2007,ABI,TX,ASW,CE,Combined TRACON& Tower with Radar,0,36,32,48,116,0,11,27,8,46,0,47,59,56,162,72,166,238,400
05/19/2007,ABI,TX,ASW,CE,Combined TRACON& Tower with Radar,0,45,25,0,70,0,3,38,1,42,0,48,63,1,112,126,0,126,238
05/20/2007,ABI,TX,ASW,CE,Combined TRACON& Tower with Radar,0,28,16,21,65,0,0,29,2,31,0,28,45,23,96,8,4,12,108
05/21/2007,ABI,TX,ASW,CE,Combined TRACON& Tower with Radar,0,41,31,27,99,0,6,18,0,24,0,47,49,27,123,14,82,96,219
05/22/2007,ABI,TX,ASW,CE,Combined TRACON& Tower with Radar,0,40,55,29,124,0,5,32,0,37,0,45,87,29,161,60,38,98,259
05/23/2007,ABI,TX,ASW,CE,Combined TRACON& Tower with Radar,0,45,50,20,115,0,1,43,1,45,0,46,93,21,160,90,36,126,286
05/24/2007,ABI,TX,ASW,CE,Combined TRACON& Tower with Radar,0,45,15,3,63,0,0,10,0,10,0,45,25,3,73,38,4,42,115
05/25/2007,ABI,TX,ASW,CE,Combined TRACON& Tower with Radar,0,45,37,16,98,0,2,20,1,23,0,47,57,17,121,30,6,36,157
05/26/2007,ABI,TX,ASW,CE,Combined TRACON& Tower with Radar,2,27,22,8,59,0,2,20,0,22,2,29,42,8,81,66,12,78,159
05/27/2007,ABI,TX,ASW,CE,Combined TRACON& Tower with Radar,0,0,11,0,11,0,0,13,0,13,0,0,24,0,24,38,0,38,62
05/28/2007,ABI,TX,ASW,CE,Combined TRACON& Tower with Radar,0,31,14,6,51,0,0,40,1,41,0,31,54,7,92,124,8,132,224
05/29/2007,ABI,TX,ASW,CE,Combined TRACON& Tower with Radar,0,40,45,25,110,0,6,28,2,36,0,46,73,27,146,90,52,142,288
05/30/2007,ABI,TX,ASW,CE,Combined TRACON& Tower with Radar,8,43,50,29,130,0,9,37,1,47,8,52,87,30,177,78,50,128,305
05/31/2007,ABI,TX,ASW,CE,Combined TRACON& Tower with Radar,0,47,34,27,108,0,5,36,0,41,0,52,70,27,149,72,32,104,253
06/01/2007,ABI,TX,ASW,CE,Combined TRACON& Tower with Radar,1,43,5,15,64,0,2,41,4,47,1,45,46,19,111,48,40,88,199
06/02/2007,ABI,TX,ASW,CE,Combined TRACON& Tower with Radar,0,26,23,4,53,0,2,28,1,31,0,28,51,5,84,40,0,40,124
06/03/2007,ABI,TX,ASW,CE,Combined TRACON& Tower with Radar,5,20,18,23,66,0,0,24,2,26,5,20,42,25,92,10,32,42,134
06/04/2007,ABI,TX,ASW,CE,Combined TRACON& Tower with Radar,16,47,26,40,129,0,8,37,0,45,16,55,63,40,174,48,40,88,262
06/05/2007,ABI,TX,ASW,CE,Combined TRACON& Tower with Radar,2,38,26,46,112,0,6,47,2,55,2,44,73,48,167,46,50,96,263
06/06/2007,ABI,TX,ASW,CE,Combined TRACON& Tower with Radar,0,39,19,23,81,0,9,41,4,54,0,48,60,27,135,42,20,62,197
06/07/2007,ABI,TX,ASW,CE,Combined TRACON& Tower with Radar,0,34,31,26,91,0,9,53,0,62,0,43,84,26,153,62,28,90,243
06/08/2007,ABI,TX,ASW,CE,Combined TRACON& Tower with Radar,0,42,40,34,116,0,2,36,7,45,0,44,76,41,161,62,56,118,279
06/09/2007,ABI,TX,ASW,CE,Combined TRACON& Tower with Radar,0,27,11,0,38,0,6,131,0,137,0,33,142,0,175,20,0,20,195
06/10/2007,ABI,TX,ASW,CE,Combined TRACON& Tower with Radar,0,21,24,0,45,0,0,49,3,52,0,21,73,3,97,42,38,80,177
06/11/2007,ABI,TX,ASW,CE,Combined TRACON& Tower with Radar,0,37,22,22,81,0,6,39,1,46,0,43,61,23,127,112,36,148,275
06/12/2007,ABI,TX,ASW,CE,Combined TRACON& Tower with Radar,0,39,18,17,74,0,4,28,1,33,0,43,46,18,107,66,66,132,239
06/13/2007,ABI,TX,ASW,CE,Combined TRACON& Tower with Radar,0,40,45,16,101,0,12,42,7,61,0,52,87,23,162,76,28,104,266
06/14/2007,ABI,TX,ASW,CE,Combined TRACON& Tower with Radar,0,42,26,10,78,0,9,40,0,49,0,51,66,10,127,52,18,70,197
06/15/2007,ABI,TX,ASW,CE,Combined TRACON& Tower with Radar,0,38,12,17,67,0,8,15,0,23,0,46,27,17,90,46,20,66,156
06/16/2007,ABI,TX,ASW,CE,Combined TRACON& Tower with Radar,2,26,23,2,53,0,1,11,0,12,2,27,34,2,65,4,0,4,69
06/17/2007,ABI,TX,ASW,CE,Combined TRACON& Tower with Radar,0,26,23,0,49,0,0,4,0,4,0,26,27,0,53,32,0,32,85
06/18/2007,ABI,TX,ASW,CE,Combined TRACON& Tower with Radar,0,41,20,19,80,0,9,27,0,36,0,50,47,19,116,72,22,94,210
06/19/2007,ABI,TX,ASW,CE,Combined TRACON& Tower with Radar,2,36,30,21,89,0,7,41,0,48,2,43,71,21,137,52,28,80,217
06/20/2007,ABI,TX,ASW,CE,Combined TRACON& Tower with Radar,0,42,42,12,96,0,6,43,1,50,0,48,85,13,146,48,8,56,202
06/21/2007,ABI,TX,ASW,CE,Combined TRACON& Tower with Radar,0,39,19,13,71,0,8,38,1,47,0,47,57,14,118,46,38,84,202
06/22/2007,ABI,TX,ASW,CE,Combined TRACON& Tower with Radar,8,34,37,34,113,0,7,21,2,30,8,41,58,36,143,58,54,112,255
06/23/2007,ABI,TX,ASW,CE,Combined TRACON& Tower with Radar,0,31,18,15,64,0,2,33,0,35,0,33,51,15,99,58,18,76,175
06/24/2007,ABI,TX,ASW,CE,Combined TRACON& Tower with Radar,0,26,17,22,65,0,3,20,2,25,0,29,37,24,90,18,30,48,138
06/25/2007,ABI,TX,ASW,CE,Combined TRACON& Tower with Radar,9,28,28,6,71,0,7,3,0,10,9,35,31,6,81,6,18,24,105
06/26/2007,ABI,TX,ASW,CE,Combined TRACON& Tower with Radar,8,51,40,16,115,0,2,20,1,23,8,53,60,17,138,74,56,130,268
06/27/2007,ABI,TX,ASW,CE,Combined TRACON& Tower with Radar,8,44,38,12,102,0,5,21,0,26,8,49,59,12,128,66,18,84,212
06/28/2007,ABI,TX,ASW,CE,Combined TRACON& Tower with Radar,0,48,53,14,115,0,4,4,0,8,0,52,57,14,123,18,20,38,161
06/29/2007,ABI,TX,ASW,CE,Combined TRACON& Tower with Radar,2,8,84,0,94,0,3,16,0,19,2,11,100,0,113,80,0,80,193
06/30/2007,ABI,TX,ASW,CE,Combined TRACON& Tower with Radar,2,20,20,9,51,0,1,36,2,39,2,21,56,11,90,120,16,136,226
07/01/2007,ABI,TX,ASW,CE,Combined TRACON& Tower with Radar,12,26,35,2,75,0,2,40,0,42,12,28,75,2,117,66,0,66,183
07/02/2007,ABI,TX,ASW,CE,Combined TRACON& Tower with Radar,0,34,11,15,60,0,9,16,0,25,0,43,27,15,85,16,8,24,109
07/03/2007,ABI,TX,ASW,CE,Combined TRACON& Tower with Radar,4,44,20,0,68,0,1,17,0,18,4,45,37,0,86,84,0,84,170
07/04/2007,ABI,TX,ASW,CE,Combined TRACON& Tower with Radar,0,17,13,0,30,0,0,14,0,14,0,17,27,0,44,84,0,84,128
07/05/2007,ABI,TX,ASW,CE,Combined TRACON& Tower with Radar,0,38,36,2,76,0,1,12,0,13,0,39,48,2,89,50,2,52,141
07/06/2007,ABI,TX,ASW,CE,Combined TRACON& Tower with Radar,0,45,35,45,125,0,0,28,3,31,0,45,63,48,156,68,98,166,322
07/07/2007,ABI,TX,ASW,CE,Combined TRACON& Tower with Radar,0,21,16,18,55,0,3,56,6,65,0,24,72,24,120,44,36,80,200
07/08/2007,ABI,TX,ASW,CE,Combined TRACON& Tower with Radar,10,22,18,0,50,0,0,0,0,0,10,22,18,0,50,28,0,28,78
07/09/2007,ABI,TX,ASW,CE,Combined TRACON& Tower with Radar,0,31,40,1,72,0,4,41,0,45,0,35,81,1,117,112,32,144,261
07/10/2007,ABI,TX,ASW,CE,Combined TRACON& Tower with Radar,2,46,21,36,105,0,2,28,0,30,2,48,49,36,135,68,52,120,255
07/11/2007,ABI,TX,ASW,CE,Combined TRACON& Tower with Radar,4,40,45,34,123,0,6,51,2,59,4,46,96,36,182,94,50,144,326
07/12/2007,ABI,TX,ASW,CE,Combined TRACON& Tower with Radar,1,38,33,33,105,0,7,54,4,65,1,45,87,37,170,94,72,166,336
07/13/2007,ABI,TX,ASW,CE,Combined TRACON& Tower with Radar,0,40,25,13,78,0,0,15,0,15,0,40,40,13,93,38,6,44,137
07/14/2007,ABI,TX,ASW,CE,Combined TRACON& Tower with Radar,2,20,36,20,78,0,2,30,6,38,2,22,66,26,116,80,22,102,218
07/15/2007,ABI,TX,ASW,CE,Combined TRACON& Tower with Radar,0,23,23,12,58,0,0,50,2,52,0,23,73,14,110,150,22,172,282
07/16/2007,ABI,TX,ASW,CE,Combined TRACON& Tower with Radar,0,20,13,34,67,0,5,38,1,44,0,25,51,35,111,96,48,144,255
07/17/2007,ABI,TX,ASW,CE,Combined TRACON& Tower with Radar,1,38,39,35,113,0,7,62,2,71,1,45,101,37,184,56,58,114,298
07/18/2007,ABI,TX,ASW,CE,Combined TRACON& Tower with Radar,0,40,42,38,120,0,10,36,3,49,0,50,78,41,169,120,76,196,365
07/19/2007,ABI,TX,ASW,CE,Combined TRACON& Tower with Radar,0,42,56,49,147,0,5,53,2,60,0,47,109,51,207,98,92,190,397
07/20/2007,ABI,TX,ASW,CE,Combined TRACON& Tower with Radar,0,52,43,65,160,0,1,25,5,31,0,53,68,70,191,16,66,82,273
07/21/2007,ABI,TX,ASW,CE,Combined TRACON& Tower with Radar,0,26,21,0,47,0,0,21,0,21,0,26,42,0,68,14,0,14,82
07/22/2007,ABI,TX,ASW,CE,Combined TRACON& Tower with Radar,4,22,26,7,59,0,0,22,0,22,4,22,48,7,81,34,20,54,135
07/23/2007,ABI,TX,ASW,CE,Combined TRACON& Tower with Radar,4,31,24,17,76,0,5,29,1,35,4,36,53,18,111,90,30,120,231
07/24/2007,ABI,TX,ASW,CE,Combined TRACON& Tower with Radar,0,37,25,28,90,0,9,34,1,44,0,46,59,29,134,64,26,90,224
07/25/2007,ABI,TX,ASW,CE,Combined TRACON& Tower with Radar,0,49,35,48,132,0,0,33,8,41,0,49,68,56,173,44,52,96,269
07/26/2007,ABI,TX,ASW,CE,Combined TRACON& Tower with Radar,0,45,47,24,116,0,7,37,8,52,0,52,84,32,168,14,56,70,238
07/27/2007,ABI,TX,ASW,CE,Combined TRACON& Tower with Radar,0,40,20,49,109,0,9,13,12,34,0,49,33,61,143,100,50,150,293
07/28/2007,ABI,TX,ASW,CE,Combined TRACON& Tower with Radar,0,19,21,15,55,0,3,23,0,26,0,22,44,15,81,16,72,88,169
07/29/2007,ABI,TX,ASW,CE,Combined TRACON& Tower with Radar,4,18,13,2,37,0,0,28,0,28,4,18,41,2,65,38,0,38,103
07/30/2007,ABI,TX,ASW,CE,Combined TRACON& Tower with Radar,0,35,7,37,79,0,2,26,0,28,0,37,33,37,107,40,46,86,193
07/31/2007,ABI,TX,ASW,CE,Combined TRACON& Tower with Radar,0,48,36,41,125,0,3,22,0,25,0,51,58,41,150,53,44,97,247
08/01/2007,ABI,TX,ASW,CE,Combined TRACON& Tower with Radar,2,48,51,20,121,0,5,23,5,33,2,53,74,25,154,142,24,166,320
08/02/2007,ABI,TX,ASW,CE,Combined TRACON& Tower with Radar,0,43,20,22,85,0,4,11,0,15,0,47,31,22,100,36,68,104,204
08/03/2007,ABI,TX,ASW,CE,Combined TRACON& Tower with Radar,0,46,36,22,104,0,3,28,3,34,0,49,64,25,138,34,18,52,190
08/04/2007,ABI,TX,ASW,CE,Combined TRACON& Tower with Radar,0,2,30,2,34,0,0,20,0,20,0,2,50,2,54,56,8,64,118
08/05/2007,ABI,TX,ASW,CE,Combined TRACON& Tower with Radar,0,20,16,4,40,0,0,59,0,59,0,20,75,4,99,26,6,32,131
08/06/2007,ABI,TX,ASW,CE,Combined TRACON& Tower with Radar,0,31,14,30,75,0,6,39,2,47,0,37,53,32,122,42,46,88,210
08/07/2007,ABI,TX,ASW,CE,Combined TRACON& Tower with Radar,0,43,29,10,82,0,8,52,9,69,0,51,81,19,151,70,24,94,245
08/08/2007,ABI,TX,ASW,CE,Combined TRACON& Tower with Radar,0,30,37,38,105,0,8,61,1,70,0,38,98,39,175,108,48,156,331
08/09/2007,ABI,TX,ASW,CE,Combined TRACON& Tower with Radar,0,40,17,30,87,0,8,80,3,91,0,48,97,33,178,86,46,132,310
08/10/2007,ABI,TX,ASW,CE,Combined TRACON& Tower with Radar,0,37,37,55,129,0,11,53,4,68,0,48,90,59,197,56,50,106,303
08/11/2007,ABI,TX,ASW,CE,Combined TRACON& Tower with Radar,0,19,36,32,87,0,0,0,0,0,0,19,36,32,87,60,52,112,199
08/12/2007,ABI,TX,ASW,CE,Combined TRACON& Tower with Radar,0,19,23,16,58,0,0,55,4,59,0,19,78,20,117,30,26,56,173
08/13/2007,ABI,TX,ASW,CE,Combined TRACON& Tower with Radar,0,30,30,22,82,0,10,42,0,52,0,40,72,22,134,64,20,84,218
08/14/2007,ABI,TX,ASW,CE,Combined TRACON& Tower with Radar,0,43,33,90,166,0,12,41,4,57,0,55,74,94,223,52,120,172,395
08/15/2007,ABI,TX,ASW,CE,Combined TRACON& Tower with Radar,0,36,30,52,118,0,17,51,1,69,0,53,81,53,187,70,30,100,287
08/16/2007,ABI,TX,ASW,CE,Combined TRACON& Tower with Radar,0,30,39,40,109,0,10,41,0,51,0,40,80,40,160,76,46,122,282
08/17/2007,ABI,TX,ASW,CE,Combined TRACON& Tower with Radar,0,50,23,27,100,0,3,13,0,16,0,53,36,27,116,0,10,10,126
08/18/2007,ABI,TX,ASW,CE,Combined TRACON& Tower with Radar,0,21,19,12,52,0,0,12,1,13,0,21,31,13,65,80,44,124,189
08/19/2007,ABI,TX,ASW,CE,Combined TRACON& Tower with Radar,0,22,24,6,52,0,0,50,0,50,0,22,74,6,102,90,0,90,192
08/20/2007,ABI,TX,ASW,CE,Combined TRACON& Tower with Radar,0,35,32,44,111,0,8,42,4,54,0,43,74,48,165,176,38,214,379
08/21/2007,ABI,TX,ASW,CE,Combined TRACON& Tower with Radar,0,39,46,23,108,0,5,54,2,61,0,44,100,25,169,108,22,130,299
08/22/2007,ABI,TX,ASW,CE,Combined TRACON& Tower with Radar,1,36,45,42,124,0,7,27,0,34,1,43,72,42,158,72,42,114,272
08/23/2007,ABI,TX,ASW,CE,Combined TRACON& Tower with Radar,0,39,51,14,104,0,4,47,1,52,0,43,98,15,156,50,26,76,232
08/24/2007,ABI,TX,ASW,CE,Combined TRACON& Tower with Radar,0,37,41,35,113,0,5,49,9,63,0,42,90,44,176,86,56,142,318
08/25/2007,ABI,TX,ASW,CE,Combined TRACON& Tower with Radar,0,28,22,15,65,0,4,51,0,55,0,32,73,15,120,38,28,66,186
08/26/2007,ABI,TX,ASW,CE,Combined TRACON& Tower with Radar,2,23,10,24,59,0,1,29,4,34,2,24,39,28,93,38,42,80,173
08/27/2007,ABI,TX,ASW,CE,Combined TRACON& Tower with Radar,5,31,24,23,83,0,7,46,2,55,5,38,70,25,138,72,20,92,230
08/28/2007,ABI,TX,ASW,CE,Combined TRACON& Tower with Radar,9,25,21,46,101,0,3,47,2,52,9,28,68,48,153,86,74,160,313
08/29/2007,ABI,TX,ASW,CE,Combined TRACON& Tower with Radar,2,49,37,22,110,0,5,30,7,42,2,54,67,29,152,72,34,106,258
08/30/2007,ABI,TX,ASW,CE,Combined TRACON& Tower with Radar,14,33,48,28,123,0,8,42,4,54,14,41,90,32,177,22,48,70,247
08/31/2007,ABI,TX,ASW,CE,Combined TRACON& Tower with Radar,0,40,46,24,110,0,4,50,12,66,0,44,96,36,176,72,36,108,284
09/01/2007,ABI,TX,ASW,CE,Combined TRACON& Tower with Radar,0,18,21,0,39,0,2,45,0,47,0,20,66,0,86,50,0,50,136
09/02/2007,ABI,TX,ASW,CE,Combined TRACON& Tower with Radar,0,25,22,8,55,0,0,42,0,42,0,25,64,8,97,70,14,84,181
09/03/2007,ABI,TX,ASW,CE,Combined TRACON& Tower with Radar,0,21,29,6,56,0,1,41,0,42,0,22,70,6,98,70,8,78,176
09/04/2007,ABI,TX,ASW,CE,Combined TRACON& Tower with Radar,12,23,33,25,93,0,0,22,4,26,12,23,55,29,119,62,14,76,195
09/05/2007,ABI,TX,ASW,CE,Combined TRACON& Tower with Radar,0,43,44,26,113,0,3,12,2,17,0,46,56,28,130,170,20,190,320
09/06/2007,ABI,TX,ASW,CE,Combined TRACON& Tower with Radar,0,42,35,34,111,0,4,46,6,56,0,46,81,40,167,30,26,56,223
09/07/2007,ABI,TX,ASW,CE,Combined TRACON& Tower with Radar,0,39,43,58,140,0,8,46,3,57,0,47,89,61,197,80,84,164,361
09/08/2007,ABI,TX,ASW,CE,Combined TRACON& Tower with Radar,0,19,42,33,94,0,1,46,3,50,0,20,88,36,144,98,30,128,272
09/09/2007,ABI,TX,ASW,CE,Combined TRACON& Tower with Radar,4,19,24,3,50,0,0,18,0,18,4,19,42,3,68,50,2,52,120
09/10/2007,ABI,TX,ASW,CE,Combined TRACON& Tower with Radar,0,35,23,7,65,0,1,10,0,11,0,36,33,7,76,16,26,42,118
09/11/2007,ABI,TX,ASW,CE,Combined TRACON& Tower with Radar,0,42,39,15,96,0,1,31,1,33,0,43,70,16,129,40,28,68,197
09/12/2007,ABI,TX,ASW,CE,Combined TRACON& Tower with Radar,0,33,26,35,94,0,8,67,3,78,0,41,93,38,172,70,48,118,290
09/13/2007,ABI,TX,ASW,CE,Combined TRACON& Tower with Radar,0,42,39,10,91,0,6,52,0,58,0,48,91,10,149,114,6,120,269
09/14/2007,ABI,TX,ASW,CE,Combined TRACON& Tower with Radar,3,41,44,14,102,0,9,65,6,80,3,50,109,20,182,74,44,118,300
09/15/2007,ABI,TX,ASW,CE,Combined TRACON& Tower with Radar,0,24,23,7,54,0,0,19,1,20,0,24,42,8,74,28,12,40,114
09/16/2007,ABI,TX,ASW,CE,Combined TRACON& Tower with Radar,0,31,20,4,55,0,4,44,0,48,0,35,64,4,103,44,6,50,153
09/17/2007,ABI,TX,ASW,CE,Combined TRACON& Tower with Radar,1,24,17,2,44,0,6,32,0,38,1,30,49,2,82,22,30,52,134
09/18/2007,ABI,TX,ASW,CE,Combined TRACON& Tower with Radar,0,40,22,10,72,0,14,44,2,60,0,54,66,12,132,64,20,84,216
09/19/2007,ABI,TX,ASW,CE,Combined TRACON& Tower with Radar,0,28,42,15,85,0,6,36,3,45,0,34,78,18,130,46,8,54,184
09/20/2007,ABI,TX,ASW,CE,Combined TRACON& Tower with Radar,0,38,40,5,83,0,4,42,3,49,0,42,82,8,132,38,20,58,190
09/21/2007,ABI,TX,ASW,CE,Combined TRACON& Tower with Radar,2,35,18,34,89,0,10,37,6,53,2,45,55,40,142,46,42,88,230
09/22/2007,ABI,TX,ASW,CE,Combined TRACON& Tower with Radar,0,17,26,16,59,0,5,66,0,71,0,22,92,16,130,64,12,76,206
09/23/2007,ABI,TX,ASW,CE,Combined TRACON& Tower with Radar,0,21,37,27,85,0,0,40,2,42,0,21,77,29,127,80,26,106,233
09/24/2007,ABI,TX,ASW,CE,Combined TRACON& Tower with Radar,11,15,23,22,71,0,7,20,0,27,11,22,43,22,98,14,30,44,142
09/25/2007,ABI,TX,ASW,CE,Combined TRACON& Tower with Radar,0,38,26,37,101,0,2,32,1,35,0,40,58,38,136,24,28,52,188
09/26/2007,ABI,TX,ASW,CE,Combined TRACON& Tower with Radar,0,41,30,46,117,0,5,27,4,36,0,46,57,50,153,24,134,158,311
09/27/2007,ABI,TX,ASW,CE,Combined TRACON& Tower with Radar,0,38,36,39,113,0,6,50,4,60,0,44,86,43,173,18,80,98,271
09/28/2007,ABI,TX,ASW,CE,Combined TRACON& Tower with Radar,0,52,21,20,93,0,5,70,5,80,0,57,91,25,173,70,42,112,285
09/29/2007,ABI,TX,ASW,CE,Combined TRACON& Tower with Radar,0,22,19,3,44,0,0,45,0,45,0,22,64,3,89,58,0,58,147
09/30/2007,ABI,TX,ASW,CE,Combined TRACON& Tower with Radar,0,25,23,0,48,0,2,24,0,26,0,27,47,0,74,6,0,6,80
10/01/2007,ABI,TX,ASW,CE,Combined TRACON& Tower with Radar,0,33,34,29,96,0,6,56,2,64,0,39,90,31,160,46,32,78,238
10/02/2007,ABI,TX,ASW,CE,Combined TRACON& Tower with Radar,0,42,28,36,106,0,2,28,2,32,0,44,56,38,138,33,74,107,245
10/03/2007,ABI,TX,ASW,CE,Combined TRACON& Tower with Radar,0,62,51,49,162,0,6,50,2,58,0,68,101,51,220,132,88,220,440
10/04/2007,ABI,TX,ASW,CE,Combined TRACON& Tower with Radar,0,39,41,81,161,0,10,71,6,87,0,49,112,87,248,40,168,208,456
10/05/2007,ABI,TX,ASW,CE,Combined TRACON& Tower with Radar,0,33,36,76,145,0,8,65,6,79,0,41,101,82,224,84,138,222,446
10/06/2007,ABI,TX,ASW,CE,Combined TRACON& Tower with Radar,0,24,38,11,73,0,1,38,0,39,0,25,76,11,112,60,20,80,192
10/07/2007,ABI,TX,ASW,CE,Combined TRACON& Tower with Radar,0,22,35,0,57,0,0,36,0,36,0,22,71,0,93,100,0,100,193
10/08/2007,ABI,TX,ASW,CE,Combined TRACON& Tower with Radar,12,28,32,4,76,0,1,37,0,38,12,29,69,4,114,82,4,86,200
10/09/2007,ABI,TX,ASW,CE,Combined TRACON& Tower with Radar,1,43,54,30,128,0,5,48,1,54,1,48,102,31,182,88,108,196,378
10/10/2007,ABI,TX,ASW,CE,Combined TRACON& Tower with Radar,3,41,35,56,135,0,6,94,5,105,3,47,129,61,240,90,108,198,438
10/11/2007,ABI,TX,ASW,CE,Combined TRACON& Tower with Radar,0,35,29,1,65,0,13,55,7,75,0,48,84,8,140,24,22,46,186
10/12/2007,ABI,TX,ASW,CE,Combined TRACON& Tower with Radar,0,42,34,56,132,0,11,45,3,59,0,53,79,59,191,34,140,174,365
10/13/2007,ABI,TX,ASW,CE,Combined TRACON& Tower with Radar,2,24,34,5,65,0,0,0,0,0,2,24,34,5,65,32,26,58,123
10/14/2007,ABI,TX,ASW,CE,Combined TRACON& Tower with Radar,1,24,20,1,46,0,4,24,0,28,1,28,44,1,74,10,0,10,84
10/15/2007,ABI,TX,ASW,CE,Combined TRACON& Tower with Radar,8,30,33,41,112,0,5,28,3,36,8,35,61,44,148,66,58,124,272
10/16/2007,ABI,TX,ASW,CE,Combined TRACON& Tower with Radar,0,48,60,30,138,0,3,9,3,15,0,51,69,33,153,24,44,68,221
10/17/2007,ABI,TX,ASW,CE,Combined TRACON& Tower with Radar,2,47,31,20,100,0,12,26,7,45,2,59,57,27,145,24,26,50,195
10/18/2007,ABI,TX,ASW,CE,Combined TRACON& Tower with Radar,3,43,27,31,104,0,6,58,4,68,3,49,85,35,172,26,29,55,227
10/19/2007,ABI,TX,ASW,CE,Combined TRACON& Tower with Radar,0,37,50,30,117,0,7,79,5,91,0,44,129,35,208,60,68,128,336
10/20/2007,ABI,TX,ASW,CE,Combined TRACON& Tower with Radar,0,19,37,2,58,0,2,62,0,64,0,21,99,2,122,36,4,40,162
10/21/2007,ABI,TX,ASW,CE,Combined TRACON& Tower with Radar,4,22,29,5,60,0,2,21,1,24,4,24,50,6,84,32,0,32,116
10/22/2007,ABI,TX,ASW,CE,Combined TRACON& Tower with Radar,0,28,20,33,81,0,10,34,4,48,0,38,54,37,129,16,50,66,195
10/23/2007,ABI,TX,ASW,CE,Combined TRACON& Tower with Radar,0,43,34,43,120,0,6,54,4,64,0,49,88,47,184,96,84,180,364
10/24/2007,ABI,TX,ASW,CE,Combined TRACON& Tower with Radar,0,42,40,60,142,0,8,32,0,40,0,50,72,60,182,66,112,178,360
10/25/2007,ABI,TX,ASW,CE,Combined TRACON& Tower with Radar,0,35,54,0,89,0,6,83,0,89,0,41,137,0,178,100,84,184,362
10/26/2007,ABI,TX,ASW,CE,Combined TRACON& Tower with Radar,0,35,38,34,107,0,11,47,13,71,0,46,85,47,178,96,56,152,330
10/27/2007,ABI,TX,ASW,CE,Combined TRACON& Tower with Radar,0,20,18,2,40,0,3,60,0,63,0,23,78,2,103,72,0,72,175
10/28/2007,ABI,TX,ASW,CE,Combined TRACON& Tower with Radar,0,27,32,19,78,0,0,44,3,47,0,27,76,22,125,48,24,72,197
10/29/2007,ABI,TX,ASW,CE,Combined TRACON& Tower with Radar,0,31,23,41,95,0,7,113,1,121,0,38,136,42,216,56,66,122,338
10/30/2007,ABI,TX,ASW,CE,Combined TRACON& Tower with Radar,0,42,17,26,85,0,8,55,6,69,0,50,72,32,154,102,90,192,346
10/31/2007,ABI,TX,ASW,CE,Combined TRACON& Tower with Radar,0,46,29,53,128,0,5,57,3,65,0,51,86,56,193,64,90,154,347
11/01/2007,ABI,TX,ASW,CE,Combined TRACON& Tower with Radar,0,38,25,107,170,0,2,68,2,72,0,40,93,109,242,64,126,190,432
11/02/2007,ABI,TX,ASW,CE,Combined TRACON& Tower with Radar,0,36,56,30,122,0,7,61,6,74,0,43,117,36,196,126,92,218,414
11/03/2007,ABI,TX,ASW,CE,Combined TRACON& Tower with Radar,0,23,41,0,64,0,2,56,1,59,0,25,97,1,123,110,0,110,233
11/04/2007,ABI,TX,ASW,CE,Combined TRACON& Tower with Radar,0,24,21,8,53,0,4,41,0,45,0,28,62,8,98,58,14,72,170
11/05/2007,ABI,TX,ASW,CE,Combined TRACON& Tower with Radar,0,26,40,34,100,0,8,31,2,41,0,34,71,36,141,88,36,124,265
11/06/2007,ABI,TX,ASW,CE,Combined TRACON& Tower with Radar,0,44,50,37,131,0,4,24,3,31,0,48,74,40,162,86,76,162,324
11/07/2007,ABI,TX,ASW,CE,Combined TRACON& Tower with Radar,0,41,35,52,128,0,11,60,3,74,0,52,95,55,202,44,150,194,396
11/08/2007,ABI,TX,ASW,CE,Combined TRACON& Tower with Radar,1,45,42,29,117,0,7,56,5,68,1,52,98,34,185,50,56,106,291
11/09/2007,ABI,TX,ASW,CE,Combined TRACON& Tower with Radar,0,35,35,57,127,0,11,55,3,69,0,46,90,60,196,76,100,176,372
11/10/2007,ABI,TX,ASW,CE,Combined TRACON& Tower with Radar,0,21,27,1,49,0,1,73,1,75,0,22,100,2,124,60,4,64,188
11/11/2007,ABI,TX,ASW,CE,Combined TRACON& Tower with Radar,0,22,16,1,39,0,2,29,0,31,0,24,45,1,70,24,0,24,94
11/12/2007,ABI,TX,ASW,CE,Combined TRACON& Tower with Radar,0,29,38,7,74,0,0,46,0,46,0,29,84,7,120,90,8,98,218
11/13/2007,ABI,TX,ASW,CE,Combined TRACON& Tower with Radar,0,39,46,48,133,0,7,42,3,52,0,46,88,51,185,40,46,86,271
11/14/2007,ABI,TX,ASW,CE,Combined TRACON& Tower with Radar,2,35,29,21,87,0,8,44,0,52,2,43,73,21,139,16,16,32,171
11/15/2007,ABI,TX,ASW,CE,Combined TRACON& Tower with Radar,2,37,37,57,133,0,9,67,1,77,2,46,104,58,210,58,144,202,412
11/16/2007,ABI,TX,ASW,CE,Combined TRACON& Tower with Radar,0,39,25,49,113,0,6,53,8,67,0,45,78,57,180,66,102,168,348
11/17/2007,ABI,TX,ASW,CE,Combined TRACON& Tower with Radar,2,29,21,21,73,0,2,59,2,63,2,31,80,23,136,66,20,86,222
11/18/2007,ABI,TX,ASW,CE,Combined TRACON& Tower with Radar,0,20,30,28,78,0,0,0,0,0,0,20,30,28,78,86,34,120,198
11/19/2007,ABI,TX,ASW,CE,Combined TRACON& Tower with Radar,0,39,64,23,126,0,7,22,1,30,0,46,86,24,156,76,26,102,258
11/20/2007,ABI,TX,ASW,CE,Combined TRACON& Tower with Radar,0,38,45,34,117,0,6,28,5,39,0,44,73,39,156,34,28,62,218
11/21/2007,ABI,TX,ASW,CE,Combined TRACON& Tower with Radar,0,39,34,56,129,0,7,26,0,33,0,46,60,56,162,36,62,98,260
11/22/2007,ABI,TX,ASW,CE,Combined TRACON& Tower with Radar,0,16,9,0,25,0,0,8,0,8,0,16,17,0,33,2,0,2,35
11/23/2007,ABI,TX,ASW,CE,Combined TRACON& Tower with Radar,2,35,14,0,51,0,1,10,0,11,2,36,24,0,62,10,0,10,72
11/24/2007,ABI,TX,ASW,CE,Combined TRACON& Tower with Radar,0,22,3,0,25,0,0,1,0,1,0,22,4,0,26,0,0,0,26
11/25/2007,ABI,TX,ASW,CE,Combined TRACON& Tower with Radar,0,25,13,0,38,0,0,0,0,0,0,25,13,0,38,0,0,0,38
11/26/2007,ABI,TX,ASW,CE,Combined TRACON& Tower with Radar,2,29,21,20,72,0,10,73,1,84,2,39,94,21,156,36,106,142,298
11/27/2007,ABI,TX,ASW,CE,Combined TRACON& Tower with Radar,0,44,42,55,141,0,6,50,2,58,0,50,92,57,199,86,112,198,397
11/28/2007,ABI,TX,ASW,CE,Combined TRACON& Tower with Radar,2,57,26,52,137,0,10,42,8,60,2,67,68,60,197,82,70,152,349
11/29/2007,ABI,TX,ASW,CE,Combined TRACON& Tower with Radar,0,36,40,18,94,0,5,51,0,56,0,41,91,18,150,58,24,82,232
11/30/2007,ABI,TX,ASW,CE,Combined TRACON& Tower with Radar,0,39,65,80,184,0,2,27,0,29,0,41,92,80,213,196,86,282,495
12/01/2007,ABI,TX,ASW,CE,Combined TRACON& Tower with Radar,0,18,17,0,35,0,0,4,0,4,0,18,21,0,39,14,0,14,53
12/02/2007,ABI,TX,ASW,CE,Combined TRACON& Tower with Radar,0,20,25,30,75,0,1,21,1,23,0,21,46,31,98,48,44,92,190
12/03/2007,ABI,TX,ASW,CE,Combined TRACON& Tower with Radar,0,33,27,27,87,0,7,40,3,50,0,40,67,30,137,68,38,106,243
12/04/2007,ABI,TX,ASW,CE,Combined TRACON& Tower with Radar,1,41,23,37,102,0,13,72,4,89,1,54,95,41,191,70,94,164,355
12/05/2007,ABI,TX,ASW,CE,Combined TRACON& Tower with Radar,0,39,45,44,128,0,8,64,4,76,0,47,109,48,204,88,24,112,316
12/06/2007,ABI,TX,ASW,CE,Combined TRACON& Tower with Radar,4,37,34,84,159,0,11,39,0,50,4,48,73,84,209,58,118,176,385
12/07/2007,ABI,TX,ASW,CE,Combined TRACON& Tower with Radar,2,41,33,74,150,0,7,26,14,47,2,48,59,88,197,22,108,130,327
12/08/2007,ABI,TX,ASW,CE,Combined TRACON& Tower with Radar,0,21,21,6,48,0,2,1,0,3,0,23,22,6,51,4,0,4,55
12/09/2007,ABI,TX,ASW,CE,Combined TRACON& Tower with Radar,0,10,5,1,16,0,0,0,0,0,0,10,5,1,16,0,0,0,16
12/10/2007,ABI,TX,ASW,CE,Combined TRACON& Tower with Radar,0,22,4,1,27,0,0,0,0,0,0,22,4,1,27,0,0,0,27
12/11/2007,ABI,TX,ASW,CE,Combined TRACON& Tower with Radar,0,51,53,7,111,0,0,0,0,0,0,51,53,7,111,0,4,4,115
12/12/2007,ABI,TX,ASW,CE,Combined TRACON& Tower with Radar,0,40,41,11,92,0,0,2,2,4,0,40,43,13,96,28,20,48,144
12/13/2007,ABI,TX,ASW,CE,Combined TRACON& Tower with Radar,0,59,52,23,134,0,7,46,4,57,0,66,98,27,191,52,118,170,361
12/14/2007,ABI,TX,ASW,CE,Combined TRACON& Tower with Radar,0,41,24,3,68,0,0,0,0,0,0,41,24,3,68,4,2,6,74
12/15/2007,ABI,TX,ASW,CE,Combined TRACON& Tower with Radar,0,28,27,7,62,0,2,62,1,65,0,30,89,8,127,26,12,38,165
12/16/2007,ABI,TX,ASW,CE,Combined TRACON& Tower with Radar,0,24,57,11,92,0,2,58,1,61,0,26,115,12,153,88,16,104,257
12/17/2007,ABI,TX,ASW,CE,Combined TRACON& Tower with Radar,0,29,35,48,112,0,7,51,3,61,0,36,86,51,173,52,98,150,323
12/18/2007,ABI,TX,ASW,CE,Combined TRACON& Tower with Radar,0,39,33,24,96,0,9,50,3,62,0,48,83,27,158,54,34,88,246
12/19/2007,ABI,TX,ASW,CE,Combined TRACON& Tower with Radar,0,44,28,45,117,0,11,38,4,53,0,55,66,49,170,68,94,162,332
12/20/2007,ABI,TX,ASW,CE,Combined TRACON& Tower with Radar,0,39,34,62,135,0,10,79,2,91,0,49,113,64,226,100,68,168,394
12/21/2007,ABI,TX,ASW,CE,Combined TRACON& Tower with Radar,0,42,32,18,92,0,11,54,2,67,0,53,86,20,159,34,18,52,211
12/22/2007,ABI,TX,ASW,CE,Combined TRACON& Tower with Radar,0,23,17,0,40,0,1,13,0,14,0,24,30,0,54,6,0,6,60
12/23/2007,ABI,TX,ASW,CE,Combined TRACON& Tower with Radar,0,22,16,0,38,0,1,29,0,30,0,23,45,0,68,16,0,16,84
12/24/2007,ABI,TX,ASW,CE,Combined TRACON& Tower with Radar,0,20,21,0,41,0,13,25,0,38,0,33,46,0,79,52,0,52,131
12/25/2007,ABI,TX,ASW,CE,Combined TRACON& Tower with Radar,0,20,1,0,21,0,0,10,0,10,0,20,11,0,31,4,0,4,35
12/26/2007,ABI,TX,ASW,CE,Combined TRACON& Tower with Radar,0,39,36,0,75,0,2,11,0,13,0,41,47,0,88,44,0,44,132
12/27/2007,ABI,TX,ASW,CE,Combined TRACON& Tower with Radar,0,43,36,0,79,0,6,17,0,23,0,49,53,0,102,20,2,22,124
12/28/2007,ABI,TX,ASW,CE,Combined TRACON& Tower with Radar,0,56,37,0,93,0,10,65,0,75,0,66,102,0,168,50,0,50,218
12/29/2007,ABI,TX,ASW,CE,Combined TRACON& Tower with Radar,0,21,29,0,50,0,2,45,2,49,0,23,74,2,99,74,0,74,173
12/30/2007,ABI,TX,ASW,CE,Combined TRACON& Tower with Radar,0,22,20,0,42,0,2,23,0,25,0,24,43,0,67,18,0,18,85
12/31/2007,ABI,TX,ASW,CE,Combined TRACON& Tower with Radar,0,24,17,0,41,0,8,33,0,41,0,32,50,0,82,24,0,24,106
01/01/2008,ABI,TX,ASW,CE,Combined TRACON& Tower with Radar,0,26,16,0,42,0,0,25,0,25,0,26,41,0,67,70,0,70,137
01/02/2008,ABI,TX,ASW,CE,Combined TRACON& Tower with Radar,0,37,35,0,72,0,7,34,3,44,0,44,69,3,116,50,14,64,180
01/03/2008,ABI,TX,ASW,CE,Combined TRACON& Tower with Radar,0,36,27,32,95,0,10,9,2,21,0,46,36,34,116,12,56,68,184
01/04/2008,ABI,TX,ASW,CE,Combined TRACON& Tower with Radar,0,38,27,51,116,0,8,21,3,32,0,46,48,54,148,40,62,102,250
01/05/2008,ABI,TX,ASW,CE,Combined TRACON& Tower with Radar,0,18,29,0,47,0,2,32,0,34,0,20,61,0,81,20,0,20,101
01/06/2008,ABI,TX,ASW,CE,Combined TRACON& Tower with Radar,0,21,22,0,43,0,1,16,0,17,0,22,38,0,60,4,0,4,64
01/07/2008,ABI,TX,ASW,CE,Combined TRACON& Tower with Radar,2,27,26,35,90,0,9,17,0,26,2,36,43,35,116,26,42,68,184
01/08/2008,ABI,TX,ASW,CE,Combined TRACON& Tower with Radar,0,34,31,74,139,0,9,39,0,48,0,43,70,74,187,66,80,146,333
01/09/2008,ABI,TX,ASW,CE,Combined TRACON& Tower with Radar,0,34,28,64,126,0,8,51,1,60,0,42,79,65,186,36,80,116,302
01/10/2008,ABI,TX,ASW,CE,Combined TRACON& Tower with Radar,0,38,35,46,119,0,8,67,5,80,0,46,102,51,199,52,72,124,323
01/11/2008,ABI,TX,ASW,CE,Combined TRACON& Tower with Radar,0,35,30,51,116,0,6,52,5,63,0,41,82,56,179,40,84,124,303
01/12/2008,ABI,TX,ASW,CE,Combined TRACON& Tower with Radar,0,27,35,1,63,0,3,34,0,37,0,30,69,1,100,46,0,46,146
01/13/2008,ABI,TX,ASW,CE,Combined TRACON& Tower with Radar,0,25,26,3,54,0,0,53,2,55,0,25,79,5,109,20,4,24,133
01/14/2008,ABI,TX,ASW,CE,Combined TRACON& Tower with Radar,0,28,29,47,104,0,7,39,3,49,0,35,68,50,153,24,98,122,275
01/15/2008,ABI,TX,ASW,CE,Combined TRACON& Tower with Radar,1,34,40,58,133,0,13,44,0,57,1,47,84,58,190,6,142,148,338
01/16/2008,ABI,TX,ASW,CE,Combined TRACON& Tower with Radar,0,38,34,42,114,0,6,19,1,26,0,44,53,43,140,6,82,88,228
01/17/2008,ABI,TX,ASW,CE,Combined TRACON& Tower with Radar,0,35,52,73,160,0,9,45,3,57,0,44,97,76,217,68,118,186,403
01/18/2008,ABI,TX,ASW,CE,Combined TRACON& Tower with Radar,0,42,41,51,134,0,10,40,1,51,0,52,81,52,185,54,104,158,343
01/19/2008,ABI,TX,ASW,CE,Combined TRACON& Tower with Radar,0,18,23,2,43,0,1,55,1,57,0,19,78,3,100,50,0,50,150
01/20/2008,ABI,TX,ASW,CE,Combined TRACON& Tower with Radar,1,20,20,6,47,0,0,21,0,21,1,20,41,6,68,12,22,34,102
01/21/2008,ABI,TX,ASW,CE,Combined TRACON& Tower with Radar,0,25,37,2,64,0,0,3,0,3,0,25,40,2,67,40,0,40,107
01/22/2008,ABI,TX,ASW,CE,Combined TRACON& Tower with Radar,0,30,11,12,53,0,0,0,0,0,0,30,11,12,53,0,2,2,55
01/23/2008,ABI,TX,ASW,CE,Combined TRACON& Tower with Radar,0,40,27,41,108,0,0,0,0,0,0,40,27,41,108,0,24,24,132
01/24/2008,ABI,TX,ASW,CE,Combined TRACON& Tower with Radar,1,31,34,76,142,0,6,19,0,25,1,37,53,76,167,26,108,134,301
01/25/2008,ABI,TX,ASW,CE,Combined TRACON& Tower with Radar,0,28,35,68,131,0,3,2,0,5,0,31,37,68,136,12,98,110,246
01/26/2008,ABI,TX,ASW,CE,Combined TRACON& Tower with Radar,8,42,44,12,106,0,6,99,4,109,8,48,143,16,215,76,166,242,457
01/27/2008,ABI,TX,ASW,CE,Combined TRACON& Tower with Radar,2,32,33,16,83,0,0,24,2,26,2,32,57,18,109,36,42,78,187
01/28/2008,ABI,TX,ASW,CE,Combined TRACON& Tower with Radar,0,32,23,36,91,0,7,8,3,18,0,39,31,39,109,2,34,36,145
01/29/2008,ABI,TX,ASW,CE,Combined TRACON& Tower with Radar,0,30,33,18,81,0,7,10,0,17,0,37,43,18,98,24,4,28,126
01/30/2008,ABI,TX,ASW,CE,Combined TRACON& Tower with Radar,0,46,32,25,103,0,8,17,2,27,0,54,49,27,130,28,32,60,190
01/31/2008,ABI,TX,ASW,CE,Combined TRACON& Tower with Radar,0,40,14,29,83,0,8,17,2,27,0,48,31,31,110,14,26,40,150
02/01/2008,ABI,TX,ASW,CE,Combined TRACON& Tower with Radar,0,37,25,15,77,0,6,42,0,48,0,43,67,15,125,24,16,40,165
02/02/2008,ABI,TX,ASW,CE,Combined TRACON& Tower with Radar,2,19,35,0,56,0,3,140,0,143,2,22,175,0,199,56,0,56,255
02/03/2008,ABI,TX,ASW,CE,Combined TRACON& Tower with Radar,2,21,3,0,26,0,5,18,2,25,2,26,21,2,51,26,0,26,77
02/04/2008,ABI,TX,ASW,CE,Combined TRACON& Tower with Radar,0,31,27,53,111,0,7,30,1,38,0,38,57,54,149,54,66,120,269
02/05/2008,ABI,TX,ASW,CE,Combined TRACON& Tower with Radar,2,35,21,56,114,0,9,17,0,26,2,44,38,56,140,68,76,144,284
02/06/2008,ABI,TX,ASW,CE,Combined TRACON& Tower with Radar,0,33,33,64,130,0,8,69,2,79,0,41,102,66,209,46,92,138,347
02/07/2008,ABI,TX,ASW,CE,Combined TRACON& Tower with Radar,0,34,37,30,101,0,9,63,0,72,0,43,100,30,173,58,26,84,257
02/08/2008,ABI,TX,ASW,CE,Combined TRACON& Tower with Radar,0,39,26,6,71,0,8,63,0,71,0,47,89,6,142,18,2,20,162
02/09/2008,ABI,TX,ASW,CE,Combined TRACON& Tower with Radar,0,20,38,2,60,0,7,174,0,181,0,27,212,2,241,52,0,52,293
02/10/2008,ABI,TX,ASW,CE,Combined TRACON& Tower with Radar,0,28,14,0,42,0,3,52,0,55,0,31,66,0,97,74,0,74,171
02/11/2008,ABI,TX,ASW,CE,Combined TRACON& Tower with Radar,0,28,27,37,92,0,7,13,2,22,0,35,40,39,114,42,82,124,238
02/12/2008,ABI,TX,ASW,CE,Combined TRACON& Tower with Radar,0,43,26,61,130,0,8,43,0,51,0,51,69,61,181,88,80,168,349
02/13/2008,ABI,TX,ASW,CE,Combined TRACON& Tower with Radar,0,32,43,47,122,0,8,59,0,67,0,40,102,47,189,54,98,152,341
02/14/2008,ABI,TX,ASW,CE,Combined TRACON& Tower with Radar,0,37,25,41,103,0,8,39,5,52,0,45,64,46,155,22,58,80,235
02/15/2008,ABI,TX,ASW,CE,Combined TRACON& Tower with Radar,0,33,25,26,84,0,2,3,0,5,0,35,28,26,89,8,16,24,113
02/16/2008,ABI,TX,ASW,CE,Combined TRACON& Tower with Radar,4,21,7,1,33,0,0,7,0,7,4,21,14,1,40,0,0,0,40
02/17/2008,ABI,TX,ASW,CE,Combined TRACON& Tower with Radar,2,32,22,0,56,0,0,36,0,36,2,32,58,0,92,44,0,44,136
02/18/2008,ABI,TX,ASW,CE,Combined TRACON& Tower with Radar,0,26,33,2,61,0,6,80,0,86,0,32,113,2,147,84,0,84,231
02/19/2008,ABI,TX,ASW,CE,Combined TRACON& Tower with Radar,0,35,23,67,125,0,16,59,2,77,0,51,82,69,202,32,46,78,280
02/20/2008,ABI,TX,ASW,CE,Combined TRACON& Tower with Radar,3,35,78,102,218,0,10,33,9,52,3,45,111,111,270,76,132,208,478
02/21/2008,ABI,TX,ASW,CE,Combined TRACON& Tower with Radar,0,40,37,21,98,0,5,14,2,21,0,45,51,23,119,62,24,86,205
02/22/2008,ABI,TX,ASW,CE,Combined TRACON& Tower with Radar,0,39,47,82,168,0,5,67,4,76,0,44,114,86,244,112,104,216,460
02/23/2008,ABI,TX,ASW,CE,Combined TRACON& Tower with Radar,0,31,32,7,70,0,5,71,1,77,0,36,103,8,147,38,8,46,193
02/24/2008,ABI,TX,ASW,CE,Combined TRACON& Tower with Radar,0,23,25,13,61,0,4,66,0,70,0,27,91,13,131,60,12,72,203
02/25/2008,ABI,TX,ASW,CE,Combined TRACON& Tower with Radar,2,27,15,28,72,0,8,14,2,24,2,35,29,30,96,2,48,50,146
02/26/2008,ABI,TX,ASW,CE,Combined TRACON& Tower with Radar,0,47,39,67,153,0,19,56,5,80,0,66,95,72,233,90,90,180,413
02/27/2008,ABI,TX,ASW,CE,Combined TRACON& Tower with Radar,0,36,30,139,205,0,11,72,4,87,0,47,102,143,292,46,260,306,598
02/28/2008,ABI,TX,ASW,CE,Combined TRACON& Tower with Radar,0,40,41,75,156,0,16,61,10,87,0,56,102,85,243,18,81,99,342
02/29/2008,ABI,TX,ASW,CE,Combined TRACON& Tower with Radar,0,38,26,28,92,0,8,52,0,60,0,46,78,28,152,28,64,92,244
03/01/2008,ABI,TX,ASW,CE,Combined TRACON& Tower with Radar,0,16,17,30,63,0,7,43,2,52,0,23,60,32,115,66,54,120,235
03/02/2008,ABI,TX,ASW,CE,Combined TRACON& Tower with Radar,0,24,19,5,48,0,4,22,1,27,0,28,41,6,75,4,0,4,79
03/03/2008,ABI,TX,ASW,CE,Combined TRACON& Tower with Radar,0,21,12,3,36,0,3,1,0,4,0,24,13,3,40,0,2,2,42
03/04/2008,ABI,TX,ASW,CE,Combined TRACON& Tower with Radar,0,39,36,23,98,0,9,63,1,73,0,48,99,24,171,40,46,86,257
03/05/2008,ABI,TX,ASW,CE,Combined TRACON& Tower with Radar,0,24,50,64,138,0,0,48,0,48,0,24,98,64,186,54,56,110,296
03/06/2008,ABI,TX,ASW,CE,Combined TRACON& Tower with Radar,0,36,16,0,52,0,2,2,0,4,0,38,18,0,56,0,0,0,56
03/07/2008,ABI,TX,ASW,CE,Combined TRACON& Tower with Radar,0,37,70,55,162,0,7,37,2,46,0,44,107,57,208,36,66,102,310
03/08/2008,ABI,TX,ASW,CE,Combined TRACON& Tower with Radar,2,20,28,38,88,0,3,109,1,113,2,23,137,39,201,70,28,98,299
03/09/2008,ABI,TX,ASW,CE,Combined TRACON& Tower with Radar,2,23,18,4,47,0,1,22,0,23,2,24,40,4,70,36,12,48,118
03/10/2008,ABI,TX,ASW,CE,Combined TRACON& Tower with Radar,0,30,23,4,57,0,5,23,1,29,0,35,46,5,86,28,52,80,166
03/11/2008,ABI,TX,ASW,CE,Combined TRACON& Tower with Radar,4,36,24,71,135,0,8,40,9,57,4,44,64,80,192,42,68,110,302
03/12/2008,ABI,TX,ASW,CE,Combined TRACON& Tower with Radar,2,38,43,33,116,0,13,43,5,61,2,51,86,38,177,12,62,74,251
03/13/2008,ABI,TX,ASW,CE,Combined TRACON& Tower with Radar,2,40,47,70,159,0,20,39,4,63,2,60,86,74,222,34,144,178,400
03/14/2008,ABI,TX,ASW,CE,Combined TRACON& Tower with Radar,0,32,27,11,70,0,10,42,9,61,0,42,69,20,131,4,10,14,145
03/15/2008,ABI,TX,ASW,CE,Combined TRACON& Tower with Radar,0,16,29,17,62,0,2,142,1,145,0,18,171,18,207,50,36,86,293
03/16/2008,ABI,TX,ASW,CE,Combined TRACON& Tower with Radar,0,18,27,19,64,0,0,0,0,0,0,18,27,19,64,2,22,24,88
03/17/2008,ABI,TX,ASW,CE,Combined TRACON& Tower with Radar,0,34,20,13,67,0,3,10,0,13,0,37,30,13,80,10,20,30,110
03/18/2008,ABI,TX,ASW,CE,Combined TRACON& Tower with Radar,6,31,20,0,57,0,0,0,0,0,6,31,20,0,57,8,0,8,65
03/19/2008,ABI,TX,ASW,CE,Combined TRACON& Tower with Radar,0,41,34,57,132,0,24,70,4,98,0,65,104,61,230,28,64,92,322
03/20/2008,ABI,TX,ASW,CE,Combined TRACON& Tower with Radar,0,33,47,57,137,0,14,57,6,77,0,47,104,63,214,80,114,194,408
03/21/2008,ABI,TX,ASW,CE,Combined TRACON& Tower with Radar,0,32,33,62,127,0,8,48,11,67,0,40,81,73,194,20,68,88,282
03/22/2008,ABI,TX,ASW,CE,Combined TRACON& Tower with Radar,0,18,23,0,41,0,1,121,0,122,0,19,144,0,163,53,0,53,216
03/23/2008,ABI,TX,ASW,CE,Combined TRACON& Tower with Radar,0,17,7,0,24,0,0,13,0,13,0,17,20,0,37,4,0,4,41
03/24/2008,ABI,TX,ASW,CE,Combined TRACON& Tower with Radar,0,38,28,30,96,1,10,43,1,55,1,48,71,31,151,12,20,32,183
03/25/2008,ABI,TX,ASW,CE,Combined TRACON& Tower with Radar,0,32,22,34,88,0,12,49,2,63,0,44,71,36,151,28,56,84,235
03/26/2008,ABI,TX,ASW,CE,Combined TRACON& Tower with Radar,0,40,36,33,109,0,6,33,2,41,0,46,69,35,150,64,50,114,264
03/27/2008,ABI,TX,ASW,CE,Combined TRACON& Tower with Radar,0,10,29,43,82,0,7,54,4,65,0,17,83,47,147,56,110,166,313
03/28/2008,ABI,TX,ASW,CE,Combined TRACON& Tower with Radar,0,49,48,29,126,0,0,1,0,1,0,49,49,29,127,14,32,46,173
03/29/2008,ABI,TX,ASW,CE,Combined TRACON& Tower with Radar,0,20,33,12,65,0,0,21,0,21,0,20,54,12,86,46,10,56,142
03/30/2008,ABI,TX,ASW,CE,Combined TRACON& Tower with Radar,0,23,30,14,67,0,0,14,0,14,0,23,44,14,81,68,18,86,167
03/31/2008,ABI,TX,ASW,CE,Combined TRACON& Tower with Radar,5,26,20,49,100,0,11,27,0,38,5,37,47,49,138,48,52,100,238
04/01/2008,ABI,TX,ASW,CE,Combined TRACON& Tower with Radar,1,33,28,48,110,0,0,34,1,35,1,33,62,49,145,36,80,116,261
04/02/2008,ABI,TX,ASW,CE,Combined TRACON& Tower with Radar,0,35,36,43,114,0,1,9,0,10,0,36,45,43,124,32,48,80,204
04/03/2008,ABI,TX,ASW,CE,Combined TRACON& Tower with Radar,2,36,30,35,103,0,5,14,0,19,2,41,44,35,122,28,18,46,168
04/04/2008,ABI,TX,ASW,CE,Combined TRACON& Tower with Radar,0,39,53,55,147,0,6,56,5,67,0,45,109,60,214,36,86,122,336
04/05/2008,ABI,TX,ASW,CE,Combined TRACON& Tower with Radar,0,17,24,0,41,0,2,169,1,172,0,19,193,1,213,60,0,60,273
04/06/2008,ABI,TX,ASW,CE,Combined TRACON& Tower with Radar,0,27,30,4,61,0,3,59,0,62,0,30,89,4,123,34,0,34,157
04/07/2008,ABI,TX,ASW,CE,Combined TRACON& Tower with Radar,4,29,16,33,82,0,8,43,1,52,4,37,59,34,134,46,78,124,258
04/08/2008,ABI,TX,ASW,CE,Combined TRACON& Tower with Radar,0,34,50,68,152,0,9,20,3,32,0,43,70,71,184,60,84,144,328
04/09/2008,ABI,TX,ASW,CE,Combined TRACON& Tower with Radar,0,38,33,12,83,0,1,2,0,3,0,39,35,12,86,8,8,16,102
04/10/2008,ABI,TX,ASW,CE,Combined TRACON& Tower with Radar,0,30,39,10,79,0,4,30,1,35,0,34,69,11,114,8,28,36,150
04/11/2008,ABI,TX,ASW,CE,Combined TRACON& Tower with Radar,2,32,43,45,122,0,8,50,2,60,2,40,93,47,182,64,42,106,288
04/12/2008,ABI,TX,ASW,CE,Combined TRACON& Tower with Radar,0,21,26,40,87,0,5,77,2,84,0,26,103,42,171,64,36,100,271
04/13/2008,ABI,TX,ASW,CE,Combined TRACON& Tower with Radar,0,16,40,24,80,0,1,49,2,52,0,17,89,26,132,82,22,104,236
04/14/2008,ABI,TX,ASW,CE,Combined TRACON& Tower with Radar,2,36,27,92,157,0,27,44,6,77,2,63,71,98,234,40,114,154,388
04/15/2008,ABI,TX,ASW,CE,Combined TRACON& Tower with Radar,0,33,16,45,94,0,11,40,12,63,0,44,56,57,157,10,42,52,209
04/16/2008,ABI,TX,ASW,CE,Combined TRACON& Tower with Radar,0,38,36,55,129,0,8,23,3,34,0,46,59,58,163,14,48,62,225
04/17/2008,ABI,TX,ASW,CE,Combined TRACON& Tower with Radar,17,40,30,57,144,0,7,11,3,21,17,47,41,60,165,34,80,114,279
04/18/2008,ABI,TX,ASW,CE,Combined TRACON& Tower with Radar,0,35,47,66,148,0,11,55,8,74,0,46,102,74,222,28,100,128,350
04/19/2008,ABI,TX,ASW,CE,Combined TRACON& Tower with Radar,0,20,27,9,56,0,3,116,0,119,0,23,143,9,175,56,12,68,243
04/20/2008,ABI,TX,ASW,CE,Combined TRACON& Tower with Radar,0,17,22,6,45,0,4,38,1,43,0,21,60,7,88,22,0,22,110
04/21/2008,ABI,TX,ASW,CE,Combined TRACON& Tower with Radar,0,27,37,40,104,0,6,22,3,31,0,33,59,43,135,38,66,104,239
04/22/2008,ABI,TX,ASW,CE,Combined TRACON& Tower with Radar,0,39,48,49,136,0,8,23,1,32,0,47,71,50,168,44,88,132,300
04/23/2008,ABI,TX,ASW,CE,Combined TRACON& Tower with Radar,3,37,28,13,81,0,0,14,0,14,3,37,42,13,95,18,8,26,121
04/24/2008,ABI,TX,ASW,CE,Combined TRACON& Tower with Radar,2,36,50,30,118,0,11,34,2,47,2,47,84,32,165,58,24,82,247
04/25/2008,ABI,TX,ASW,CE,Combined TRACON& Tower with Radar,4,31,32,53,120,0,7,39,4,50,4,38,71,57,170,44,48,92,262
04/26/2008,ABI,TX,ASW,CE,Combined TRACON& Tower with Radar,0,16,37,29,82,0,3,51,2,56,0,19,88,31,138,60,28,88,226
04/27/2008,ABI,TX,ASW,CE,Combined TRACON& Tower with Radar,2,18,22,4,46,0,1,24,0,25,2,19,46,4,71,10,2,12,83
04/28/2008,ABI,TX,ASW,CE,Combined TRACON& Tower with Radar,0,32,16,74,122,0,12,59,2,73,0,44,75,76,195,94,88,182,377
04/29/2008,ABI,TX,ASW,CE,Combined TRACON& Tower with Radar,0,34,40,52,126,0,8,52,5,65,0,42,92,57,191,34,106,140,331
04/30/2008,ABI,TX,ASW,CE,Combined TRACON& Tower with Radar,0,33,22,78,133,0,14,41,3,58,0,47,63,81,191,66,120,186,377
05/01/2008,ABI,TX,ASW,CE,Combined TRACON& Tower with Radar,0,47,35,36,118,0,8,45,2,55,0,55,80,38,173,36,56,92,265
05/02/2008,ABI,TX,ASW,CE,Combined TRACON& Tower with Radar,0,37,43,19,99,0,24,86,6,116,0,61,129,25,215,64,26,90,305
05/03/2008,ABI,TX,ASW,CE,Combined TRACON& Tower with Radar,0,18,22,0,40,0,5,138,2,145,0,23,160,2,185,8,0,8,193
05/04/2008,ABI,TX,ASW,CE,Combined TRACON& Tower with Radar,0,26,32,0,58,0,0,62,0,62,0,26,94,0,120,50,0,50,170
05/05/2008,ABI,TX,ASW,CE,Combined TRACON& Tower with Radar,0,40,35,22,97,0,0,3,0,3,0,40,38,22,100,10,28,38,138
05/06/2008,ABI,TX,ASW,CE,Combined TRACON& Tower with Radar,0,38,33,30,101,0,7,14,1,22,0,45,47,31,123,42,64,106,229
05/07/2008,ABI,TX,ASW,CE,Combined TRACON& Tower with Radar,0,37,26,44,107,0,4,24,2,30,0,41,50,46,137,32,34,66,203
05/08/2008,ABI,TX,ASW,CE,Combined TRACON& Tower with Radar,0,38,34,13,85,0,6,54,9,69,0,44,88,22,154,56,40,96,250
05/09/2008,ABI,TX,ASW,CE,Combined TRACON& Tower with Radar,0,40,44,5,89,0,9,76,1,86,0,49,120,6,175,40,6,46,221
05/10/2008,ABI,TX,ASW,CE,Combined TRACON& Tower with Radar,0,19,14,22,55,0,2,25,1,28,0,21,39,23,83,40,18,58,141
05/11/2008,ABI,TX,ASW,CE,Combined TRACON& Tower with Radar,0,18,29,0,47,0,0,27,1,28,0,18,56,1,75,36,0,36,111
05/12/2008,ABI,TX,ASW,CE,Combined TRACON& Tower with Radar,0,22,37,20,79,0,10,29,4,43,0,32,66,24,122,14,26,40,162
05/13/2008,ABI,TX,ASW,CE,Combined TRACON& Tower with Radar,0,40,22,37,99,0,3,6,2,11,0,43,28,39,110,32,28,60,170
05/14/2008,ABI,TX,ASW,CE,Combined TRACON& Tower with Radar,3,35,36,21,95,0,5,10,0,15,3,40,46,21,110,14,84,98,208
05/15/2008,ABI,TX,ASW,CE,Combined TRACON& Tower with Radar,5,43,37,58,143,0,6,19,2,27,5,49,56,60,170,28,82,110,280
05/16/2008,ABI,TX,ASW,CE,Combined TRACON& Tower with Radar,0,30,39,41,110,0,6,57,5,68,0,36,96,46,178,36,54,90,268
05/17/2008,ABI,TX,ASW,CE,Combined TRACON& Tower with Radar,0,25,32,0,57,0,3,72,0,75,0,28,104,0,132,26,4,30,162
05/18/2008,ABI,TX,ASW,CE,Combined TRACON& Tower with Radar,0,19,24,4,47,0,2,58,0,60,0,21,82,4,107,16,2,18,125
05/19/2008,ABI,TX,ASW,CE,Combined TRACON& Tower with Radar,2,23,40,39,104,0,8,50,0,58,2,31,90,39,162,60,40,100,262
05/20/2008,ABI,TX,ASW,CE,Combined TRACON& Tower with Radar,0,30,32,52,114,0,9,47,5,61,0,39,79,57,175,30,86,116,291
05/21/2008,ABI,TX,ASW,CE,Combined TRACON& Tower with Radar,0,32,28,86,146,0,7,45,4,56,0,39,73,90,202,30,136,166,368
05/22/2008,ABI,TX,ASW,CE,Combined TRACON& Tower with Radar,0,31,33,15,79,0,0,0,0,0,0,31,33,15,79,34,6,40,119
05/23/2008,ABI,TX,ASW,CE,Combined TRACON& Tower with Radar,2,34,29,19,84,0,7,42,6,55,2,41,71,25,139,22,12,34,173
05/24/2008,ABI,TX,ASW,CE,Combined TRACON& Tower with Radar,0,18,15,0,33,0,1,91,4,96,0,19,106,4,129,62,0,62,191
05/25/2008,ABI,TX,ASW,CE,Combined TRACON& Tower with Radar,0,18,16,0,34,0,0,17,0,17,0,18,33,0,51,2,0,2,53
05/26/2008,ABI,TX,ASW,CE,Combined TRACON& Tower with Radar,0,17,11,0,28,0,2,24,2,28,0,19,35,2,56,16,0,16,72
05/27/2008,ABI,TX,ASW,CE,Combined TRACON& Tower with Radar,10,23,62,38,133,0,5,18,0,23,10,28,80,38,156,120,24,144,300
05/28/2008,ABI,TX,ASW,CE,Combined TRACON& Tower with Radar,0,31,37,57,125,0,0,32,1,33,0,31,69,58,158,58,56,114,272
05/29/2008,ABI,TX,ASW,CE,Combined TRACON& Tower with Radar,0,32,32,44,108,0,7,47,3,57,0,39,79,47,165,28,88,116,281
05/30/2008,ABI,TX,ASW,CE,Combined TRACON& Tower with Radar,0,30,41,43,114,0,9,65,5,79,0,39,106,48,193,92,80,172,365
05/31/2008,ABI,TX,ASW,CE,Combined TRACON& Tower with Radar,0,33,28,0,61,0,3,63,0,66,0,36,91,0,127,64,0,64,191
06/01/2008,ABI,TX,ASW,CE,Combined TRACON& Tower with Radar,0,21,19,26,66,0,2,50,1,53,0,23,69,27,119,24,46,70,189
06/02/2008,ABI,TX,ASW,CE,Combined TRACON& Tower with Radar,0,34,33,46,113,0,12,33,3,48,0,46,66,49,161,36,56,92,253
06/03/2008,ABI,TX,ASW,CE,Combined TRACON& Tower with Radar,0,34,19,35,88,0,11,34,4,49,0,45,53,39,137,48,60,108,245
06/04/2008,ABI,TX,ASW,CE,Combined TRACON& Tower with Radar,0,31,23,19,73,0,13,23,5,41,0,44,46,24,114,16,20,36,150
06/05/2008,ABI,TX,ASW,CE,Combined TRACON& Tower with Radar,2,36,18,21,77,0,13,13,0,26,2,49,31,21,103,36,12,48,151
06/06/2008,ABI,TX,ASW,CE,Combined TRACON& Tower with Radar,0,35,47,18,100,0,8,36,3,47,0,43,83,21,147,44,24,68,215
06/07/2008,ABI,TX,ASW,CE,Combined TRACON& Tower with Radar,0,20,28,11,59,0,3,51,1,55,0,23,79,12,114,16,16,32,146
06/08/2008,ABI,TX,ASW,CE,Combined TRACON& Tower with Radar,0,20,19,4,43,0,2,31,1,34,0,22,50,5,77,12,6,18,95
06/09/2008,ABI,TX,ASW,CE,Combined TRACON& Tower with Radar,4,36,29,19,88,0,6,27,0,33,4,42,56,19,121,28,12,40,161
06/10/2008,ABI,TX,ASW,CE,Combined TRACON& Tower with Radar,0,34,37,25,96,0,7,60,5,72,0,41,97,30,168,26,36,62,230
06/11/2008,ABI,TX,ASW,CE,Combined TRACON& Tower with Radar,0,34,30,39,103,0,12,49,4,65,0,46,79,43,168,54,46,100,268
06/12/2008,ABI,TX,ASW,CE,Combined TRACON& Tower with Radar,0,40,34,34,108,0,12,39,1,52,0,52,73,35,160,104,32,136,296
06/13/2008,ABI,TX,ASW,CE,Combined TRACON& Tower with Radar,0,33,40,38,111,0,6,62,2,70,0,39,102,40,181,38,58,96,277
06/14/2008,ABI,TX,ASW,CE,Combined TRACON& Tower with Radar,0,25,32,4,61,0,5,156,1,162,0,30,188,5,223,34,4,38,261
06/15/2008,ABI,TX,ASW,CE,Combined TRACON& Tower with Radar,0,22,15,0,37,0,3,55,1,59,0,25,70,1,96,12,0,12,108
06/16/2008,ABI,TX,ASW,CE,Combined TRACON& Tower with Radar,0,25,25,24,74,0,1,44,11,56,0,26,69,35,130,48,10,58,188
06/17/2008,ABI,TX,ASW,CE,Combined TRACON& Tower with Radar,14,31,64,33,142,0,22,64,2,88,14,53,128,35,230,74,22,96,326
06/18/2008,ABI,TX,ASW,CE,Combined TRACON& Tower with Radar,0,41,54,36,131,0,13,53,0,66,0,54,107,36,197,42,106,148,345
06/19/2008,ABI,TX,ASW,CE,Combined TRACON& Tower with Radar,0,42,49,4,95,0,13,35,0,48,0,55,84,4,143,66,2,68,211
06/20/2008,ABI,TX,ASW,CE,Combined TRACON& Tower with Radar,4,34,26,18,82,0,8,67,4,79,4,42,93,22,161,73,16,89,250
06/21/2008,ABI,TX,ASW,CE,Combined TRACON& Tower with Radar,0,18,24,2,44,0,3,115,7,125,0,21,139,9,169,46,0,46,215
06/22/2008,ABI,TX,ASW,CE,Combined TRACON& Tower with Radar,0,20,20,7,47,0,4,53,4,61,0,24,73,11,108,44,12,56,164
06/23/2008,ABI,TX,ASW,CE,Combined TRACON& Tower with Radar,4,27,28,36,95,0,12,53,1,66,4,39,81,37,161,54,46,100,261
06/24/2008,ABI,TX,ASW,CE,Combined TRACON& Tower with Radar,0,40,41,68,149,0,9,71,0,80,0,49,112,68,229,54,126,180,409
06/25/2008,ABI,TX,ASW,CE,Combined TRACON& Tower with Radar,11,34,53,57,155,0,10,61,2,73,11,44,114,59,228,56,76,132,360
06/26/2008,ABI,TX,ASW,CE,Combined TRACON& Tower with Radar,1,43,32,29,105,0,7,46,0,53,1,50,78,29,158,104,104,208,366
06/27/2008,ABI,TX,ASW,CE,Combined TRACON& Tower with Radar,0,37,24,62,123,0,14,50,3,67,0,51,74,65,190,16,120,136,326
06/28/2008,ABI,TX,ASW,CE,Combined TRACON& Tower with Radar,0,20,24,6,50,0,3,69,0,72,0,23,93,6,122,4,6,10,132
06/29/2008,ABI,TX,ASW,CE,Combined TRACON& Tower with Radar,0,29,13,1,43,0,3,0,1,4,0,32,13,2,47,12,0,12,59
06/30/2008,ABI,TX,ASW,CE,Combined TRACON& Tower with Radar,0,21,28,14,63,0,5,31,6,42,0,26,59,20,105,24,28,52,157
07/01/2008,ABI,TX,ASW,CE,Combined TRACON& Tower with Radar,0,30,37,75,142,0,16,49,140,205,0,46,86,215,347,50,42,92,439
07/02/2008,ABI,TX,ASW,CE,Combined TRACON& Tower with Radar,0,31,28,42,101,0,9,72,4,85,0,40,100,46,186,56,84,140,326
07/03/2008,ABI,TX,ASW,CE,Combined TRACON& Tower with Radar,0,34,26,49,109,0,9,60,1,70,0,43,86,50,179,8,98,106,285
07/04/2008,ABI,TX,ASW,CE,Combined TRACON& Tower with Radar,0,18,10,0,28,0,0,39,0,39,0,18,49,0,67,6,0,6,73
07/05/2008,ABI,TX,ASW,CE,Combined TRACON& Tower with Radar,0,17,17,0,34,0,17,105,0,122,0,34,122,0,156,2,0,2,158
07/06/2008,ABI,TX,ASW,CE,Combined TRACON& Tower with Radar,0,27,17,0,44,0,1,44,0,45,0,28,61,0,89,38,0,38,127
07/07/2008,ABI,TX,ASW,CE,Combined TRACON& Tower with Radar,0,26,43,0,69,0,34,68,0,102,0,60,111,0,171,42,0,42,213
07/08/2008,ABI,TX,ASW,CE,Combined TRACON& Tower with Radar,4,31,29,124,188,0,5,17,86,108,4,36,46,210,296,22,116,138,434
07/09/2008,ABI,TX,ASW,CE,Combined TRACON& Tower with Radar,1,38,34,105,178,0,10,34,1,45,1,48,68,106,223,38,168,206,429
07/10/2008,ABI,TX,ASW,CE,Combined TRACON& Tower with Radar,0,42,28,96,166,0,11,46,4,61,0,53,74,100,227,26,156,182,409
07/11/2008,ABI,TX,ASW,CE,Combined TRACON& Tower with Radar,0,38,27,77,142,0,9,59,32,100,0,47,86,109,242,26,54,80,322
07/12/2008,ABI,TX,ASW,CE,Combined TRACON& Tower with Radar,0,23,22,6,51,0,11,49,1,61,0,34,71,7,112,68,6,74,186
07/13/2008,ABI,TX,ASW,CE,Combined TRACON& Tower with Radar,0,23,25,6,54,0,0,28,0,28,0,23,53,6,82,26,14,40,122
07/14/2008,ABI,TX,ASW,CE,Combined TRACON& Tower with Radar,0,28,34,30,92,0,10,16,30,56,0,38,50,60,148,20,6,26,174
07/15/2008,ABI,TX,ASW,CE,Combined TRACON& Tower with Radar,2,31,33,47,113,0,8,28,39,75,2,39,61,86,188,46,30,76,264
07/16/2008,ABI,TX,ASW,CE,Combined TRACON& Tower with Radar,0,34,35,21,90,0,8,38,3,49,0,42,73,24,139,26,28,54,193
07/17/2008,ABI,TX,ASW,CE,Combined TRACON& Tower with Radar,0,3,42,68,113,0,9,53,2,64,0,12,95,70,177,82,40,122,299
07/18/2008,ABI,TX,ASW,CE,Combined TRACON& Tower with Radar,0,36,34,61,131,0,8,66,4,78,0,44,100,65,209,62,86,148,357
07/19/2008,ABI,TX,ASW,CE,Combined TRACON& Tower with Radar,0,16,7,2,25,0,20,177,2,199,0,36,184,4,224,10,8,18,242
07/20/2008,ABI,TX,ASW,CE,Combined TRACON& Tower with Radar,0,24,30,37,91,0,3,89,3,95,0,27,119,40,186,82,60,142,328
07/21/2008,ABI,TX,ASW,CE,Combined TRACON& Tower with Radar,2,28,16,97,143,0,12,41,1,54,2,40,57,98,197,40,220,260,457
07/22/2008,ABI,TX,ASW,CE,Combined TRACON& Tower with Radar,2,37,26,63,128,0,12,44,8,64,2,49,70,71,192,62,148,210,402
07/23/2008,ABI,TX,ASW,CE,Combined TRACON& Tower with Radar,0,34,45,124,203,0,17,48,80,145,0,51,93,204,348,28,184,212,560
07/24/2008,ABI,TX,ASW,CE,Combined TRACON& Tower with Radar,0,34,38,24,96,0,11,37,0,48,0,45,75,24,144,48,22,70,214
07/25/2008,ABI,TX,ASW,CE,Combined TRACON& Tower with Radar,2,43,2,60,107,0,11,47,1,59,2,54,49,61,166,42,132,174,340
07/26/2008,ABI,TX,ASW,CE,Combined TRACON& Tower with Radar,0,19,21,0,40,0,28,114,0,142,0,47,135,0,182,46,0,46,228
07/27/2008,ABI,TX,ASW,CE,Combined TRACON& Tower with Radar,4,22,11,4,41,0,2,23,0,25,4,24,34,4,66,10,6,16,82
07/28/2008,ABI,TX,ASW,CE,Combined TRACON& Tower with Radar,0,26,31,31,88,0,10,50,2,62,0,36,81,33,150,50,42,92,242
07/29/2008,ABI,TX,ASW,CE,Combined TRACON& Tower with Radar,4,51,107,29,191,4,38,23,27,92,8,89,130,56,283,38,18,56,339
07/30/2008,ABI,TX,ASW,CE,Combined TRACON& Tower with Radar,4,35,27,99,165,0,8,57,1,66,4,43,84,100,231,50,72,122,353
07/31/2008,ABI,TX,ASW,CE,Combined TRACON& Tower with Radar,0,47,16,115,178,0,55,76,64,195,0,102,92,179,373,20,132,152,525
08/01/2008,ABI,TX,ASW,CE,Combined TRACON& Tower with Radar,0,38,35,71,144,0,8,25,7,40,0,46,60,78,184,24,36,60,244
08/02/2008,ABI,TX,ASW,CE,Combined TRACON& Tower with Radar,2,16,27,22,67,2,20,125,23,170,4,36,152,45,237,52,24,76,313
08/03/2008,ABI,TX,ASW,CE,Combined TRACON& Tower with Radar,0,23,34,2,59,0,10,43,0,53,0,33,77,2,112,24,2,26,138
08/04/2008,ABI,TX,ASW,CE,Combined TRACON& Tower with Radar,0,34,25,26,85,0,9,33,0,42,0,43,58,26,127,72,24,96,223
08/05/2008,ABI,TX,ASW,CE,Combined TRACON& Tower with Radar,0,35,33,49,117,0,10,100,3,113,0,45,133,52,230,30,116,146,376
08/06/2008,ABI,TX,ASW,CE,Combined TRACON& Tower with Radar,0,41,18,82,141,0,7,27,0,34,0,48,45,82,175,14,42,56,231
08/07/2008,ABI,TX,ASW,CE,Combined TRACON& Tower with Radar,0,44,26,47,117,0,15,48,61,124,0,59,74,108,241,52,48,100,341
08/08/2008,ABI,TX,ASW,CE,Combined TRACON& Tower with Radar,0,28,33,42,103,0,7,33,3,43,0,35,66,45,146,8,32,40,186
08/09/2008,ABI,TX,ASW,CE,Combined TRACON& Tower with Radar,0,26,33,2,61,0,3,51,0,54,0,29,84,2,115,72,0,72,187
08/10/2008,ABI,TX,ASW,CE,Combined TRACON& Tower with Radar,0,20,13,4,37,0,1,40,0,41,0,21,53,4,78,6,0,6,84
08/11/2008,ABI,TX,ASW,CE,Combined TRACON& Tower with Radar,0,26,29,38,93,0,7,22,1,30,0,33,51,39,123,70,36,106,229
08/12/2008,ABI,TX,ASW,CE,Combined TRACON& Tower with Radar,2,35,68,74,179,0,6,24,90,120,2,41,92,164,299,38,50,88,387
08/13/2008,ABI,TX,ASW,CE,Combined TRACON& Tower with Radar,6,31,115,116,268,0,12,59,165,236,6,43,174,281,504,78,92,170,674
08/14/2008,ABI,TX,ASW,CE,Combined TRACON& Tower with Radar,0,37,34,43,114,0,30,48,1,79,0,67,82,44,193,42,100,142,335
08/15/2008,ABI,TX,ASW,CE,Combined TRACON& Tower with Radar,0,33,41,10,84,0,4,22,0,26,0,37,63,10,110,48,8,56,166
08/16/2008,ABI,TX,ASW,CE,Combined TRACON& Tower with Radar,0,17,26,8,51,0,17,26,8,51,0,34,52,16,102,16,8,24,126
08/17/2008,ABI,TX,ASW,CE,Combined TRACON& Tower with Radar,0,21,16,1,38,0,1,5,0,6,0,22,21,1,44,2,0,2,46
08/18/2008,ABI,TX,ASW,CE,Combined TRACON& Tower with Radar,0,26,51,22,99,0,2,6,0,8,0,28,57,22,107,32,26,58,165
08/19/2008,ABI,TX,ASW,CE,Combined TRACON& Tower with Radar,0,36,43,31,110,0,2,5,0,7,0,38,48,31,117,12,40,52,169
08/20/2008,ABI,TX,ASW,CE,Combined TRACON& Tower with Radar,0,33,61,162,256,0,4,18,1,23,0,37,79,163,279,62,200,262,541
08/21/2008,ABI,TX,ASW,CE,Combined TRACON& Tower with Radar,0,35,43,93,171,0,4,30,6,40,0,39,73,99,211,38,154,192,403
08/22/2008,ABI,TX,ASW,CE,Combined TRACON& Tower with Radar,0,37,30,24,91,0,3,54,2,59,0,40,84,26,150,62,66,128,278
08/23/2008,ABI,TX,ASW,CE,Combined TRACON& Tower with Radar,8,21,8,13,50,8,23,102,14,147,16,44,110,27,197,94,34,128,325
08/24/2008,ABI,TX,ASW,CE,Combined TRACON& Tower with Radar,0,28,32,22,82,0,1,43,2,46,0,29,75,24,128,16,32,48,176
08/25/2008,ABI,TX,ASW,CE,Combined TRACON& Tower with Radar,0,26,30,33,89,0,3,31,0,34,0,29,61,33,123,32,24,56,179
08/26/2008,ABI,TX,ASW,CE,Combined TRACON& Tower with Radar,0,50,40,25,115,0,6,45,1,52,0,56,85,26,167,20,38,58,225
08/27/2008,ABI,TX,ASW,CE,Combined TRACON& Tower with Radar,0,33,35,48,116,0,4,55,1,60,0,37,90,49,176,40,68,108,284
08/28/2008,ABI,TX,ASW,CE,Combined TRACON& Tower with Radar,0,31,37,3,71,0,7,108,1,116,0,38,145,4,187,16,10,26,213
08/29/2008,ABI,TX,ASW,CE,Combined TRACON& Tower with Radar,0,36,36,18,90,0,3,37,0,40,0,39,73,18,130,24,10,34,164
08/30/2008,ABI,TX,ASW,CE,Combined TRACON& Tower with Radar,0,31,15,0,46,0,0,27,0,27,0,31,42,0,73,50,0,50,123
08/31/2008,ABI,TX,ASW,CE,Combined TRACON& Tower with Radar,3,17,12,0,32,0,0,22,0,22,3,17,34,0,54,16,0,16,70
09/01/2008,ABI,TX,ASW,CE,Combined TRACON& Tower with Radar,1,20,21,0,42,0,2,49,0,51,1,22,70,0,93,38,0,38,131
09/02/2008,ABI,TX,ASW,CE,Combined TRACON& Tower with Radar,0,25,31,55,111,0,2,33,1,36,0,27,64,56,147,50,104,154,301
09/03/2008,ABI,TX,ASW,CE,Combined TRACON& Tower with Radar,0,37,41,65,143,0,2,14,1,17,0,39,55,66,160,8,82,90,250
09/04/2008,ABI,TX,ASW,CE,Combined TRACON& Tower with Radar,0,33,41,99,173,0,4,51,1,56,0,37,92,100,229,70,66,136,365
09/05/2008,ABI,TX,ASW,CE,Combined TRACON& Tower with Radar,0,32,36,39,107,0,4,59,5,68,0,36,95,44,175,56,92,148,323
09/06/2008,ABI,TX,ASW,CE,Combined TRACON& Tower with Radar,0,21,18,5,44,0,23,81,5,109,0,44,99,10,153,44,12,56,209
09/07/2008,ABI,TX,ASW,CE,Combined TRACON& Tower with Radar,2,22,16,17,57,0,0,47,0,47,2,22,63,17,104,0,18,18,122
09/08/2008,ABI,TX,ASW,CE,Combined TRACON& Tower with Radar,0,34,24,22,80,0,0,18,2,20,0,34,42,24,100,42,50,92,192
09/09/2008,ABI,TX,ASW,CE,Combined TRACON& Tower with Radar,0,40,38,0,78,0,0,0,0,0,0,40,38,0,78,0,0,0,78
09/10/2008,ABI,TX,ASW,CE,Combined TRACON& Tower with Radar,0,43,45,0,88,0,1,2,0,3,0,44,47,0,91,4,0,4,95
09/11/2008,ABI,TX,ASW,CE,Combined TRACON& Tower with Radar,0,36,55,153,244,0,2,23,1,26,0,38,78,154,270,62,186,248,518
09/12/2008,ABI,TX,ASW,CE,Combined TRACON& Tower with Radar,0,44,45,58,147,0,3,23,2,28,0,47,68,60,175,50,54,104,279
09/13/2008,ABI,TX,ASW,CE,Combined TRACON& Tower with Radar,2,19,17,0,38,2,19,32,0,53,4,38,49,0,91,16,0,16,107
09/14/2008,ABI,TX,ASW,CE,Combined TRACON& Tower with Radar,2,16,15,4,37,0,2,13,0,15,2,18,28,4,52,8,0,8,60
09/15/2008,ABI,TX,ASW,CE,Combined TRACON& Tower with Radar,1,35,33,84,153,0,6,61,4,71,1,41,94,88,224,20,150,170,394
09/16/2008,ABI,TX,ASW,CE,Combined TRACON& Tower with Radar,0,35,50,51,136,0,6,90,6,102,0,41,140,57,238,50,68,118,356
09/17/2008,ABI,TX,ASW,CE,Combined TRACON& Tower with Radar,0,4,82,3,89,0,4,97,2,103,0,8,179,5,192,48,132,180,372
09/18/2008,ABI,TX,ASW,CE,Combined TRACON& Tower with Radar,0,30,43,58,131,0,8,60,5,73,0,38,103,63,204,44,92,136,340
09/19/2008,ABI,TX,ASW,CE,Combined TRACON& Tower with Radar,0,31,46,83,160,0,3,59,8,70,0,34,105,91,230,30,138,168,398
09/20/2008,ABI,TX,ASW,CE,Combined TRACON& Tower with Radar,0,16,27,1,44,0,21,168,1,190,0,37,195,2,234,42,0,42,276
09/21/2008,ABI,TX,ASW,CE,Combined TRACON& Tower with Radar,2,24,13,2,41,0,2,44,0,46,2,26,57,2,87,20,0,20,107
09/22/2008,ABI,TX,ASW,CE,Combined TRACON& Tower with Radar,0,27,36,77,140,0,8,42,3,53,0,35,78,80,193,18,48,66,259
09/23/2008,ABI,TX,ASW,CE,Combined TRACON& Tower with Radar,0,36,28,65,129,0,5,48,7,60,0,41,76,72,189,50,60,110,299
09/24/2008,ABI,TX,ASW,CE,Combined TRACON& Tower with Radar,0,35,43,60,138,0,4,35,3,42,0,39,78,63,180,26,72,98,278
09/25/2008,ABI,TX,ASW,CE,Combined TRACON& Tower with Radar,2,35,31,50,118,0,4,58,0,62,2,39,89,50,180,30,46,76,256
09/26/2008,ABI,TX,ASW,CE,Combined TRACON& Tower with Radar,0,30,35,37,102,0,7,54,10,71,0,37,89,47,173,22,88,110,283
09/27/2008,ABI,TX,ASW,CE,Combined TRACON& Tower with Radar,0,22,110,0,132,0,22,110,0,132,0,44,220,0,264,44,0,44,308
09/28/2008,ABI,TX,ASW,CE,Combined TRACON& Tower with Radar,0,1,47,1,49,0,2,45,2,49,0,3,92,3,98,20,4,24,122
09/29/2008,ABI,TX,ASW,CE,Combined TRACON& Tower with Radar,0,42,21,47,110,0,7,40,6,53,0,49,61,53,163,26,100,126,289
09/30/2008,ABI,TX,ASW,CE,Combined TRACON& Tower with Radar,0,27,26,21,74,0,2,53,0,55,0,29,79,21,129,62,28,90,219
10/01/2008,ABI,TX,ASW,CE,Combined TRACON& Tower with Radar,3,31,20,34,88,0,7,72,2,81,3,38,92,36,169,98,46,144,313
10/02/2008,ABI,TX,ASW,CE,Combined TRACON& Tower with Radar,0,26,29,25,80,0,4,56,0,60,0,30,85,25,140,28,18,46,186
10/03/2008,ABI,TX,ASW,CE,Combined TRACON& Tower with Radar,0,27,31,41,99,0,9,45,8,62,0,36,76,49,161,20,56,76,237
10/04/2008,ABI,TX,ASW,CE,Combined TRACON& Tower with Radar,2,14,7,14,37,0,2,43,4,49,2,16,50,18,86,42,28,70,156
10/05/2008,ABI,TX,ASW,CE,Combined TRACON& Tower with Radar,2,17,18,2,39,0,0,27,0,27,2,17,45,2,66,2,0,2,68
10/06/2008,ABI,TX,ASW,CE,Combined TRACON& Tower with Radar,0,22,33,56,111,0,2,17,1,20,0,24,50,57,131,44,98,142,273
10/07/2008,ABI,TX,ASW,CE,Combined TRACON& Tower with Radar,0,24,31,67,122,0,6,55,0,61,0,30,86,67,183,22,69,91,274
10/08/2008,ABI,TX,ASW,CE,Combined TRACON& Tower with Radar,2,32,28,69,131,0,5,55,0,60,2,37,83,69,191,74,82,156,347
10/09/2008,ABI,TX,ASW,CE,Combined TRACON& Tower with Radar,0,30,48,58,136,0,7,67,1,75,0,37,115,59,211,54,72,126,337
10/10/2008,ABI,TX,ASW,CE,Combined TRACON& Tower with Radar,0,25,39,13,77,0,6,53,0,59,0,31,92,13,136,20,12,32,168
10/11/2008,ABI,TX,ASW,CE,Combined TRACON& Tower with Radar,0,14,17,0,31,0,2,22,0,24,0,16,39,0,55,30,0,30,85
10/12/2008,ABI,TX,ASW,CE,Combined TRACON& Tower with Radar,0,16,19,0,35,0,0,9,0,9,0,16,28,0,44,10,0,10,54
10/13/2008,ABI,TX,ASW,CE,Combined TRACON& Tower with Radar,0,26,31,3,60,0,1,6,0,7,0,27,37,3,67,12,2,14,81
10/14/2008,ABI,TX,ASW,CE,Combined TRACON& Tower with Radar,0,30,38,50,118,0,0,8,2,10,0,30,46,52,128,38,72,110,238
10/15/2008,ABI,TX,ASW,CE,Combined TRACON& Tower with Radar,0,28,51,35,114,0,1,7,0,8,0,29,58,35,122,12,66,78,200
10/16/2008,ABI,TX,ASW,CE,Combined TRACON& Tower with Radar,0,20,39,19,78,0,2,31,0,33,0,22,70,19,111,54,30,84,195
10/17/2008,ABI,TX,ASW,CE,Combined TRACON& Tower with Radar,2,26,45,30,103,0,1,58,3,62,2,27,103,33,165,36,70,106,271
10/18/2008,ABI,TX,ASW,CE,Combined TRACON& Tower with Radar,0,18,28,0,46,0,4,82,0,86,0,22,110,0,132,124,0,124,256
10/19/2008,ABI,TX,ASW,CE,Combined TRACON& Tower with Radar,0,16,28,0,44,0,0,47,0,47,0,16,75,0,91,74,0,74,165
10/20/2008,ABI,TX,ASW,CE,Combined TRACON& Tower with Radar,0,18,29,45,92,0,4,49,3,56,0,22,78,48,148,112,72,184,332
10/21/2008,ABI,TX,ASW,CE,Combined TRACON& Tower with Radar,0,22,28,63,113,0,4,36,0,40,0,26,64,63,153,26,126,152,305
10/22/2008,ABI,TX,ASW,CE,Combined TRACON& Tower with Radar,0,30,36,8,74,5,3,30,1,39,5,33,66,9,113,26,6,32,145
10/23/2008,ABI,TX,ASW,CE,Combined TRACON& Tower with Radar,0,32,22,46,100,0,6,41,0,47,0,38,63,46,147,22,58,80,227
10/24/2008,ABI,TX,ASW,CE,Combined TRACON& Tower with Radar,0,27,31,54,112,0,5,65,4,74,0,32,96,58,186,32,70,102,288
10/25/2008,ABI,TX,ASW,CE,Combined TRACON& Tower with Radar,0,14,33,0,47,0,1,73,0,74,0,15,106,0,121,64,0,64,185
10/26/2008,ABI,TX,ASW,CE,Combined TRACON& Tower with Radar,0,14,41,4,59,0,0,37,1,38,0,14,78,5,97,58,6,64,161
10/27/2008,ABI,TX,ASW,CE,Combined TRACON& Tower with Radar,0,19,23,20,62,0,5,55,1,61,0,24,78,21,123,72,18,90,213
10/28/2008,ABI,TX,ASW,CE,Combined TRACON& Tower with Radar,0,27,39,42,108,0,3,48,0,51,0,30,87,42,159,42,80,122,281
10/29/2008,ABI,TX,ASW,CE,Combined TRACON& Tower with Radar,0,39,37,35,111,0,3,57,2,62,0,42,94,37,173,88,40,128,301
10/30/2008,ABI,TX,ASW,CE,Combined TRACON& Tower with Radar,5,37,41,59,142,2,3,40,0,45,7,40,81,59,187,40,66,106,293
10/31/2008,ABI,TX,ASW,CE,Combined TRACON& Tower with Radar,3,31,21,39,94,0,3,40,8,51,3,34,61,47,145,40,14,54,199
11/01/2008,ABI,TX,ASW,CE,Combined TRACON& Tower with Radar,0,15,21,19,55,0,2,73,4,79,0,17,94,23,134,52,18,70,204
11/02/2008,ABI,TX,ASW,CE,Combined TRACON& Tower with Radar,2,16,20,5,43,0,1,49,0,50,2,17,69,5,93,26,0,26,119
11/03/2008,ABI,TX,ASW,CE,Combined TRACON& Tower with Radar,3,39,19,56,117,0,7,33,1,41,3,46,52,57,158,62,106,168,326
11/04/2008,ABI,TX,ASW,CE,Combined TRACON& Tower with Radar,0,39,25,27,91,0,6,22,0,28,0,45,47,27,119,8,42,50,169
11/05/2008,ABI,TX,ASW,CE,Combined TRACON& Tower with Radar,0,34,37,125,196,0,7,24,0,31,0,41,61,125,227,36,148,184,411
11/06/2008,ABI,TX,ASW,CE,Combined TRACON& Tower with Radar,2,32,37,123,194,0,61,59,6,126,2,93,96,129,320,92,104,196,516
11/07/2008,ABI,TX,ASW,CE,Combined TRACON& Tower with Radar,0,29,24,52,105,0,2,37,0,39,0,31,61,52,144,22,24,46,190
11/08/2008,ABI,TX,ASW,CE,Combined TRACON& Tower with Radar,0,10,13,0,23,0,2,57,0,59,0,12,70,0,82,12,0,12,94
11/09/2008,ABI,TX,ASW,CE,Combined TRACON& Tower with Radar,0,14,16,17,47,0,1,42,1,44,0,15,58,18,91,4,6,10,101
11/10/2008,ABI,TX,ASW,CE,Combined TRACON& Tower with Radar,6,27,24,23,80,0,1,12,1,14,6,28,36,24,94,20,28,48,142
11/11/2008,ABI,TX,ASW,CE,Combined TRACON& Tower with Radar,0,30,23,0,53,0,1,41,0,42,0,31,64,0,95,124,0,124,219
11/12/2008,ABI,TX,ASW,CE,Combined TRACON& Tower with Radar,0,34,27,58,119,0,2,23,0,25,0,36,50,58,144,2,23,25,169
11/13/2008,ABI,TX,ASW,CE,Combined TRACON& Tower with Radar,2,33,41,60,136,0,1,34,0,35,2,34,75,60,171,48,62,110,281
11/14/2008,ABI,TX,ASW,CE,Combined TRACON& Tower with Radar,1,34,33,98,166,0,4,34,1,39,1,38,67,99,205,38,148,186,391
11/15/2008,ABI,TX,ASW,CE,Combined TRACON& Tower with Radar,2,14,9,23,48,0,1,26,1,28,2,15,35,24,76,62,32,94,170
11/16/2008,ABI,TX,ASW,CE,Combined TRACON& Tower with Radar,1,14,21,24,60,0,0,45,2,47,1,14,66,26,107,28,46,74,181
11/17/2008,ABI,TX,ASW,CE,Combined TRACON& Tower with Radar,0,25,13,21,59,0,4,30,1,35,0,29,43,22,94,54,28,82,176
11/18/2008,ABI,TX,ASW,CE,Combined TRACON& Tower with Radar,0,30,42,46,118,0,6,53,4,63,0,36,95,50,181,46,68,114,295
11/19/2008,ABI,TX,ASW,CE,Combined TRACON& Tower with Radar,0,35,39,37,111,0,2,65,2,69,0,37,104,39,180,60,40,100,280
11/20/2008,ABI,TX,ASW,CE,Combined TRACON& Tower with Radar,0,27,22,8,57,0,4,33,1,38,0,31,55,9,95,38,26,64,159
11/21/2008,ABI,TX,ASW,CE,Combined TRACON& Tower with Radar,0,30,33,81,144,0,2,50,5,57,0,32,83,86,201,32,142,174,375
11/22/2008,ABI,TX,ASW,CE,Combined TRACON& Tower with Radar,0,18,27,6,51,0,2,45,2,49,0,20,72,8,100,52,14,66,166
11/23/2008,ABI,TX,ASW,CE,Combined TRACON& Tower with Radar,0,21,24,10,55,0,2,13,0,15,0,23,37,10,70,6,0,6,76
11/24/2008,ABI,TX,ASW,CE,Combined TRACON& Tower with Radar,0,12,42,104,158,0,2,55,10,67,0,14,97,114,225,102,128,230,455
11/25/2008,ABI,TX,ASW,CE,Combined TRACON& Tower with Radar,0,21,30,50,101,0,5,49,1,55,0,26,79,51,156,80,46,126,282
11/26/2008,ABI,TX,ASW,CE,Combined TRACON& Tower with Radar,0,29,35,16,80,0,8,59,0,67,0,37,94,16,147,36,42,78,225
11/27/2008,ABI,TX,ASW,CE,Combined TRACON& Tower with Radar,0,12,3,0,15,0,0,16,0,16,0,12,19,0,31,10,0,10,41
11/28/2008,ABI,TX,ASW,CE,Combined TRACON& Tower with Radar,5,29,28,0,62,0,3,20,0,23,5,32,48,0,85,38,0,38,123
11/29/2008,ABI,TX,ASW,CE,Combined TRACON& Tower with Radar,1,15,24,0,40,0,0,26,0,26,1,15,50,0,66,8,0,8,74
11/30/2008,ABI,TX,ASW,CE,Combined TRACON& Tower with Radar,0,15,19,0,34,0,0,23,0,23,0,15,42,0,57,8,0,8,65
12/01/2008,ABI,TX,ASW,CE,Combined TRACON& Tower with Radar,0,15,23,88,126,0,4,32,7,43,0,19,55,95,169,26,88,114,283
12/02/2008,ABI,TX,ASW,CE,Combined TRACON& Tower with Radar,0,28,14,78,120,0,3,33,3,39,0,31,47,81,159,22,82,104,263
12/03/2008,ABI,TX,ASW,CE,Combined TRACON& Tower with Radar,0,34,20,34,88,0,5,19,4,28,0,39,39,38,116,0,62,62,178
12/04/2008,ABI,TX,ASW,CE,Combined TRACON& Tower with Radar,0,27,25,83,135,0,3,56,2,61,0,30,81,85,196,74,98,172,368
12/05/2008,ABI,TX,ASW,CE,Combined TRACON& Tower with Radar,2,30,28,62,122,0,6,47,3,56,2,36,75,65,178,56,112,168,346
12/06/2008,ABI,TX,ASW,CE,Combined TRACON& Tower with Radar,0,14,17,0,31,0,2,55,0,57,0,16,72,0,88,32,0,32,120
12/07/2008,ABI,TX,ASW,CE,Combined TRACON& Tower with Radar,0,20,18,12,50,0,0,36,0,36,0,20,54,12,86,26,8,34,120
12/08/2008,ABI,TX,ASW,CE,Combined TRACON& Tower with Radar,2,28,31,66,127,0,2,10,3,15,2,30,41,69,142,2,70,72,214
12/09/2008,ABI,TX,ASW,CE,Combined TRACON& Tower with Radar,0,39,31,33,103,0,4,8,2,14,0,43,39,35,117,24,74,98,215
12/10/2008,ABI,TX,ASW,CE,Combined TRACON& Tower with Radar,0,34,40,106,180,0,4,41,4,49,0,38,81,110,229,48,134,182,411
12/11/2008,ABI,TX,ASW,CE,Combined TRACON& Tower with Radar,0,29,25,58,112,0,5,43,3,51,0,34,68,61,163,26,108,134,297
12/12/2008,ABI,TX,ASW,CE,Combined TRACON& Tower with Radar,2,29,25,54,110,0,5,55,2,62,2,34,80,56,172,22,88,110,282
12/13/2008,ABI,TX,ASW,CE,Combined TRACON& Tower with Radar,0,0,0,0,0,0,1,8,3,12,0,1,8,3,12,0,44,44,56
12/14/2008,ABI,TX,ASW,CE,Combined TRACON& Tower with Radar,0,16,13,14,43,0,1,18,3,22,0,17,31,17,65,28,22,50,115
12/15/2008,ABI,TX,ASW,CE,Combined TRACON& Tower with Radar,0,23,42,101,166,0,2,12,0,14,0,25,54,101,180,16,112,128,308
12/16/2008,ABI,TX,ASW,CE,Combined TRACON& Tower with Radar,0,30,27,61,118,0,1,17,0,18,0,31,44,61,136,44,74,118,254
12/17/2008,ABI,TX,ASW,CE,Combined TRACON& Tower with Radar,0,38,36,45,119,0,4,23,5,32,0,42,59,50,151,62,136,198,349
12/18/2008,ABI,TX,ASW,CE,Combined TRACON& Tower with Radar,4,38,30,22,94,0,0,11,0,11,4,38,41,22,105,2,48,50,155
12/19/2008,ABI,TX,ASW,CE,Combined TRACON& Tower with Radar,0,31,30,102,163,0,4,67,5,76,0,35,97,107,239,68,206,274,513
12/20/2008,ABI,TX,ASW,CE,Combined TRACON& Tower with Radar,0,15,22,0,37,0,1,42,0,43,0,16,64,0,80,36,0,36,116
12/21/2008,ABI,TX,ASW,CE,Combined TRACON& Tower with Radar,0,20,12,28,60,0,0,32,2,34,0,20,44,30,94,30,64,94,188
12/22/2008,ABI,TX,ASW,CE,Combined TRACON& Tower with Radar,0,29,21,33,83,0,2,18,0,20,0,31,39,33,103,8,34,42,145
12/23/2008,ABI,TX,ASW,CE,Combined TRACON& Tower with Radar,0,34,18,30,82,0,5,16,0,21,0,39,34,30,103,4,24,28,131
12/24/2008,ABI,TX,ASW,CE,Combined TRACON& Tower with Radar,0,27,23,0,50,0,5,34,0,39,0,32,57,0,89,30,0,30,119
12/25/2008,ABI,TX,ASW,CE,Combined TRACON& Tower with Radar,0,14,3,0,17,0,1,10,0,11,0,15,13,0,28,0,0,0,28
12/26/2008,ABI,TX,ASW,CE,Combined TRACON& Tower with Radar,0,27,25,0,52,0,3,18,0,21,0,30,43,0,73,14,0,14,87
12/27/2008,ABI,TX,ASW,CE,Combined TRACON& Tower with Radar,9,14,18,0,41,0,3,8,0,11,9,17,26,0,52,8,0,8,60
12/28/2008,ABI,TX,ASW,CE,Combined TRACON& Tower with Radar,0,25,17,0,42,0,3,32,0,35,0,28,49,0,77,36,0,36,113
12/29/2008,ABI,TX,ASW,CE,Combined TRACON& Tower with Radar,1,19,21,4,45,0,5,54,0,59,1,24,75,4,104,32,6,38,142
12/30/2008,ABI,TX,ASW,CE,Combined TRACON& Tower with Radar,3,29,14,0,46,0,11,23,0,34,3,40,37,0,80,10,0,10,90
12/31/2008,ABI,TX,ASW,CE,Combined TRACON& Tower with Radar,0,37,15,0,52,0,4,25,0,29,0,41,40,0,81,2,0,2,83
01/01/2009,ABI,TX,ASW,CE,Combined TRACON& Tower with Radar,0,16,3,0,19,0,3,23,1,27,0,19,26,1,46,10,6,16,62
01/02/2009,ABI,TX,ASW,CE,Combined TRACON& Tower with Radar,0,28,24,2,54,0,5,54,0,59,0,33,78,2,113,30,0,30,143
01/03/2009,ABI,TX,ASW,CE,Combined TRACON& Tower with Radar,0,17,21,3,41,0,3,50,0,53,0,20,71,3,94,64,2,66,160
01/04/2009,ABI,TX,ASW,CE,Combined TRACON& Tower with Radar,0,23,16,0,39,0,2,30,0,32,0,25,46,0,71,8,0,8,79
01/05/2009,ABI,TX,ASW,CE,Combined TRACON& Tower with Radar,0,23,8,0,31,0,1,0,0,1,0,24,8,0,32,0,0,0,32
01/06/2009,ABI,TX,ASW,CE,Combined TRACON& Tower with Radar,2,29,29,53,113,0,7,21,1,29,2,36,50,54,142,18,86,104,246
01/07/2009,ABI,TX,ASW,CE,Combined TRACON& Tower with Radar,0,27,25,27,79,0,7,44,0,51,0,34,69,27,130,158,22,180,310
01/08/2009,ABI,TX,ASW,CE,Combined TRACON& Tower with Radar,0,32,16,49,97,0,8,60,1,69,0,40,76,50,166,60,42,102,268
01/09/2009,ABI,TX,ASW,CE,Combined TRACON& Tower with Radar,2,29,29,94,154,0,12,52,24,88,2,41,81,118,242,48,220,268,510
01/10/2009,ABI,TX,ASW,CE,Combined TRACON& Tower with Radar,0,16,11,5,32,0,1,29,0,30,0,17,40,5,62,32,8,40,102
01/11/2009,ABI,TX,ASW,CE,Combined TRACON& Tower with Radar,0,14,17,12,43,0,1,59,6,66,0,15,76,18,109,44,20,64,173
01/12/2009,ABI,TX,ASW,CE,Combined TRACON& Tower with Radar,0,31,25,97,153,0,9,21,5,35,0,40,46,102,188,26,84,110,298
01/13/2009,ABI,TX,ASW,CE,Combined TRACON& Tower with Radar,0,26,18,60,104,0,10,48,6,64,0,36,66,66,168,30,106,136,304
01/14/2009,ABI,TX,ASW,CE,Combined TRACON& Tower with Radar,0,29,24,42,95,0,10,46,0,56,0,39,70,42,151,26,46,72,223
01/15/2009,ABI,TX,ASW,CE,Combined TRACON& Tower with Radar,0,33,37,96,166,0,5,45,6,56,0,38,82,102,222,40,106,146,368
01/16/2009,ABI,TX,ASW,CE,Combined TRACON& Tower with Radar,4,33,31,37,105,0,5,31,2,38,4,38,62,39,143,22,86,108,251
01/17/2009,ABI,TX,ASW,CE,Combined TRACON& Tower with Radar,0,22,22,0,44,0,2,35,0,37,0,24,57,0,81,58,0,58,139
01/18/2009,ABI,TX,ASW,CE,Combined TRACON& Tower with Radar,2,14,14,28,58,0,1,32,1,34,2,15,46,29,92,34,30,64,156
01/19/2009,ABI,TX,ASW,CE,Combined TRACON& Tower with Radar,0,16,15,2,33,0,1,51,1,53,0,17,66,3,86,32,0,32,118
01/20/2009,ABI,TX,ASW,CE,Combined TRACON& Tower with Radar,0,28,36,63,127,0,8,59,5,72,0,36,95,68,199,32,46,78,277
01/21/2009,ABI,TX,ASW,CE,Combined TRACON& Tower with Radar,0,32,32,75,139,0,12,62,4,78,0,44,94,79,217,42,106,148,365
01/22/2009,ABI,TX,ASW,CE,Combined TRACON& Tower with Radar,2,25,23,63,113,0,9,36,0,45,2,34,59,63,158,72,166,238,396
01/23/2009,ABI,TX,ASW,CE,Combined TRACON& Tower with Radar,0,29,26,46,101,0,8,46,3,57,0,37,72,49,158,34,82,116,274
01/24/2009,ABI,TX,ASW,CE,Combined TRACON& Tower with Radar,0,14,11,21,46,0,2,53,1,56,0,16,64,22,102,44,26,70,172
01/25/2009,ABI,TX,ASW,CE,Combined TRACON& Tower with Radar,0,15,12,34,61,0,0,53,4,57,0,15,65,38,118,28,46,74,192
01/26/2009,ABI,TX,ASW,CE,Combined TRACON& Tower with Radar,0,23,14,2,39,0,0,1,0,1,0,23,15,2,40,0,0,0,40
01/27/2009,ABI,TX,ASW,CE,Combined TRACON& Tower with Radar,0,15,1,0,16,0,0,0,0,0,0,15,1,0,16,0,0,0,16
01/28/2009,ABI,TX,ASW,CE,Combined TRACON& Tower with Radar,0,11,7,0,18,0,3,24,0,27,0,14,31,0,45,18,10,28,73
01/29/2009,ABI,TX,ASW,CE,Combined TRACON& Tower with Radar,0,26,19,52,97,0,7,41,0,48,0,33,60,52,145,66,132,198,343
01/30/2009,ABI,TX,ASW,CE,Combined TRACON& Tower with Radar,0,27,19,55,101,0,8,81,5,94,0,35,100,60,195,76,118,194,389
01/31/2009,ABI,TX,ASW,CE,Combined TRACON& Tower with Radar,0,19,13,5,37,0,6,56,4,66,0,25,69,9,103,64,0,64,167
02/01/2009,ABI,TX,ASW,CE,Combined TRACON& Tower with Radar,0,14,9,12,35,0,3,29,1,33,0,17,38,13,68,2,20,22,90
02/02/2009,ABI,TX,ASW,CE,Combined TRACON& Tower with Radar,0,19,24,43,86,0,8,40,0,48,0,27,64,43,134,84,82,166,300
02/03/2009,ABI,TX,ASW,CE,Combined TRACON& Tower with Radar,6,25,23,45,99,0,8,50,7,65,6,33,73,52,164,58,90,148,312
02/04/2009,ABI,TX,ASW,CE,Combined TRACON& Tower with Radar,0,29,58,20,107,0,8,62,3,73,0,37,120,23,180,0,0,0,180
02/05/2009,ABI,TX,ASW,CE,Combined TRACON& Tower with Radar,0,28,38,17,83,0,9,37,3,49,0,37,75,20,132,14,34,48,180
02/06/2009,ABI,TX,ASW,CE,Combined TRACON& Tower with Radar,0,29,29,43,101,0,9,29,6,44,0,38,58,49,145,12,52,64,209
02/07/2009,ABI,TX,ASW,CE,Combined TRACON& Tower with Radar,0,17,9,22,48,0,2,24,2,28,0,19,33,24,76,18,30,48,124
02/08/2009,ABI,TX,ASW,CE,Combined TRACON& Tower with Radar,0,23,27,15,65,0,2,11,0,13,0,25,38,15,78,18,16,34,112
02/09/2009,ABI,TX,ASW,CE,Combined TRACON& Tower with Radar,0,20,9,14,43,0,10,24,1,35,0,30,33,15,78,8,20,28,106
02/10/2009,ABI,TX,ASW,CE,Combined TRACON& Tower with Radar,4,37,19,57,117,0,5,7,17,29,4,42,26,74,146,10,114,124,270
02/11/2009,ABI,TX,ASW,CE,Combined TRACON& Tower with Radar,1,28,32,30,91,0,8,36,2,46,1,36,68,32,137,10,4,14,151
02/12/2009,ABI,TX,ASW,CE,Combined TRACON& Tower with Radar,0,29,24,32,85,0,9,50,6,65,0,38,74,38,150,38,48,86,236
02/13/2009,ABI,TX,ASW,CE,Combined TRACON& Tower with Radar,0,23,23,68,114,0,10,27,0,37,0,33,50,68,151,46,80,126,277
02/14/2009,ABI,TX,ASW,CE,Combined TRACON& Tower with Radar,0,16,22,16,54,0,1,25,0,26,0,17,47,16,80,66,24,90,170
02/15/2009,ABI,TX,ASW,CE,Combined TRACON& Tower with Radar,0,18,16,0,34,0,0,28,0,28,0,18,44,0,62,28,0,28,90
02/16/2009,ABI,TX,ASW,CE,Combined TRACON& Tower with Radar,0,22,34,2,58,0,1,13,0,14,0,23,47,2,72,0,0,0,72
02/17/2009,ABI,TX,ASW,CE,Combined TRACON& Tower with Radar,0,33,42,59,134,0,7,19,4,30,0,40,61,63,164,30,48,78,242
02/18/2009,ABI,TX,ASW,CE,Combined TRACON& Tower with Radar,1,32,26,43,102,0,8,35,4,47,1,40,61,47,149,30,48,78,227
02/19/2009,ABI,TX,ASW,CE,Combined TRACON& Tower with Radar,1,26,35,41,103,0,8,50,7,65,1,34,85,48,168,24,34,58,226
02/20/2009,ABI,TX,ASW,CE,Combined TRACON& Tower with Radar,0,25,23,45,93,0,7,37,7,51,0,32,60,52,144,12,70,82,226
02/21/2009,ABI,TX,ASW,CE,Combined TRACON& Tower with Radar,2,17,19,2,40,0,3,30,0,33,2,20,49,2,73,6,0,6,79
02/22/2009,ABI,TX,ASW,CE,Combined TRACON& Tower with Radar,0,15,25,0,40,0,0,61,0,61,0,15,86,0,101,36,0,36,137
02/23/2009,ABI,TX,ASW,CE,Combined TRACON& Tower with Radar,0,18,17,69,104,0,10,42,3,55,0,28,59,72,159,4,52,56,215
02/24/2009,ABI,TX,ASW,CE,Combined TRACON& Tower with Radar,2,25,23,40,90,0,9,60,0,69,2,34,83,40,159,76,24,100,259
02/25/2009,ABI,TX,ASW,CE,Combined TRACON& Tower with Radar,0,33,40,66,139,0,10,39,0,49,0,43,79,66,188,78,40,118,306
02/26/2009,ABI,TX,ASW,CE,Combined TRACON& Tower with Radar,0,24,20,32,76,0,14,52,2,68,0,38,72,34,144,38,10,48,192
02/27/2009,ABI,TX,ASW,CE,Combined TRACON& Tower with Radar,0,32,32,50,114,0,8,29,7,44,0,40,61,57,158,34,34,68,226
02/28/2009,ABI,TX,ASW,CE,Combined TRACON& Tower with Radar,0,17,11,14,42,0,4,31,0,35,0,21,42,14,77,32,6,38,115
03/01/2009,ABI,TX,ASW,CE,Combined TRACON& Tower with Radar,0,15,16,17,48,0,1,30,1,32,0,16,46,18,80,14,74,88,168
03/02/2009,ABI,TX,ASW,CE,Combined TRACON& Tower with Radar,2,25,13,42,82,0,14,31,8,53,2,39,44,50,135,26,2,28,163
03/03/2009,ABI,TX,ASW,CE,Combined TRACON& Tower with Radar,0,28,18,74,120,0,7,46,3,56,0,35,64,77,176,26,32,58,234
03/04/2009,ABI,TX,ASW,CE,Combined TRACON& Tower with Radar,0,30,20,15,65,0,7,35,4,46,0,37,55,19,111,0,0,0,111
03/05/2009,ABI,TX,ASW,CE,Combined TRACON& Tower with Radar,0,24,21,6,51,0,11,46,0,57,0,35,67,6,108,76,0,76,184
03/06/2009,ABI,TX,ASW,CE,Combined TRACON& Tower with Radar,0,26,27,46,99,0,11,38,4,53,0,37,65,50,152,6,144,150,302
03/07/2009,ABI,TX,ASW,CE,Combined TRACON& Tower with Radar,0,18,11,5,34,0,2,10,0,12,0,20,21,5,46,0,0,0,46
03/08/2009,ABI,TX,ASW,CE,Combined TRACON& Tower with Radar,5,18,22,6,51,0,2,46,4,52,5,20,68,10,103,22,2,24,127
03/09/2009,ABI,TX,ASW,CE,Combined TRACON& Tower with Radar,0,22,23,7,52,0,8,10,2,20,0,30,33,9,72,22,28,50,122
03/10/2009,ABI,TX,ASW,CE,Combined TRACON& Tower with Radar,0,28,16,41,85,0,5,31,0,36,0,33,47,41,121,24,32,56,177
03/11/2009,ABI,TX,ASW,CE,Combined TRACON& Tower with Radar,0,30,24,22,76,0,0,0,0,0,0,30,24,22,76,0,0,0,76
03/12/2009,ABI,TX,ASW,CE,Combined TRACON& Tower with Radar,0,31,7,26,64,0,0,1,0,1,0,31,8,26,65,0,22,22,87
03/13/2009,ABI,TX,ASW,CE,Combined TRACON& Tower with Radar,1,29,21,4,55,0,0,0,0,0,1,29,21,4,55,0,0,0,55
03/14/2009,ABI,TX,ASW,CE,Combined TRACON& Tower with Radar,0,16,41,4,61,0,0,8,0,8,0,16,49,4,69,42,4,46,115
03/15/2009,ABI,TX,ASW,CE,Combined TRACON& Tower with Radar,0,14,21,25,60,0,1,48,5,54,0,15,69,30,114,30,42,72,186
03/16/2009,ABI,TX,ASW,CE,Combined TRACON& Tower with Radar,4,24,26,24,78,0,10,61,2,73,4,34,87,26,151,40,26,66,217
03/17/2009,ABI,TX,ASW,CE,Combined TRACON& Tower with Radar,0,28,36,37,101,0,9,64,3,76,0,37,100,40,177,54,42,96,273
03/18/2009,ABI,TX,ASW,CE,Combined TRACON& Tower with Radar,0,27,18,55,100,0,7,52,1,60,0,34,70,56,160,32,56,88,248
03/19/2009,ABI,TX,ASW,CE,Combined TRACON& Tower with Radar,0,40,20,46,106,1,8,49,1,59,1,48,69,47,165,46,102,148,313
03/20/2009,ABI,TX,ASW,CE,Combined TRACON& Tower with Radar,0,26,20,42,88,0,8,39,1,48,0,34,59,43,136,32,28,60,196
03/21/2009,ABI,TX,ASW,CE,Combined TRACON& Tower with Radar,0,15,23,4,42,0,6,41,0,47,0,21,64,4,89,36,4,40,129
03/22/2009,ABI,TX,ASW,CE,Combined TRACON& Tower with Radar,0,17,15,2,34,0,1,15,1,17,0,18,30,3,51,0,0,0,51
03/23/2009,ABI,TX,ASW,CE,Combined TRACON& Tower with Radar,2,21,10,16,49,0,5,4,0,9,2,26,14,16,58,8,18,26,84
03/24/2009,ABI,TX,ASW,CE,Combined TRACON& Tower with Radar,0,30,18,43,91,0,7,38,4,49,0,37,56,47,140,26,60,86,226
03/25/2009,ABI,TX,ASW,CE,Combined TRACON& Tower with Radar,8,28,23,39,98,0,9,15,2,26,8,37,38,41,124,78,44,122,246
03/26/2009,ABI,TX,ASW,CE,Combined TRACON& Tower with Radar,2,35,50,58,145,0,7,39,1,47,2,42,89,59,192,16,94,110,302
03/27/2009,ABI,TX,ASW,CE,Combined TRACON& Tower with Radar,4,33,24,44,105,0,5,9,0,14,4,38,33,44,119,0,0,0,119
03/28/2009,ABI,TX,ASW,CE,Combined TRACON& Tower with Radar,0,18,11,9,38,0,3,20,2,25,0,21,31,11,63,0,0,0,63
03/29/2009,ABI,TX,ASW,CE,Combined TRACON& Tower with Radar,0,16,10,0,26,0,3,36,0,39,0,19,46,0,65,2,0,2,67
03/30/2009,ABI,TX,ASW,CE,Combined TRACON& Tower with Radar,0,20,14,41,75,0,7,27,1,35,0,27,41,42,110,4,32,36,146
03/31/2009,ABI,TX,ASW,CE,Combined TRACON& Tower with Radar,0,26,19,59,104,0,11,56,9,76,0,37,75,68,180,24,42,66,246
04/01/2009,ABI,TX,ASW,CE,Combined TRACON& Tower with Radar,4,25,25,20,74,0,10,35,1,46,4,35,60,21,120,34,28,62,182
04/02/2009,ABI,TX,ASW,CE,Combined TRACON& Tower with Radar,0,28,16,80,124,0,8,10,3,21,0,36,26,83,145,0,0,0,145
04/03/2009,ABI,TX,ASW,CE,Combined TRACON& Tower with Radar,0,31,18,44,93,0,9,54,3,66,0,40,72,47,159,58,16,74,233
04/04/2009,ABI,TX,ASW,CE,Combined TRACON& Tower with Radar,0,17,4,11,32,0,3,28,0,31,0,20,32,11,63,12,0,12,75
04/05/2009,ABI,TX,ASW,CE,Combined TRACON& Tower with Radar,0,20,12,15,47,0,3,27,2,32,0,23,39,17,79,0,22,22,101
04/06/2009,ABI,TX,ASW,CE,Combined TRACON& Tower with Radar,0,26,17,57,100,0,7,36,8,51,0,33,53,65,151,56,108,164,315
04/07/2009,ABI,TX,ASW,CE,Combined TRACON& Tower with Radar,0,28,20,38,86,0,11,34,1,46,0,39,54,39,132,20,42,62,194
04/08/2009,ABI,TX,ASW,CE,Combined TRACON& Tower with Radar,0,26,22,71,119,0,10,44,2,56,0,36,66,73,175,20,80,100,275
04/09/2009,ABI,TX,ASW,CE,Combined TRACON& Tower with Radar,0,28,17,9,54,0,6,10,1,17,0,34,27,10,71,20,0,20,91
04/10/2009,ABI,TX,ASW,CE,Combined TRACON& Tower with Radar,0,27,35,108,170,0,7,43,6,56,0,34,78,114,226,6,180,186,412
04/11/2009,ABI,TX,ASW,CE,Combined TRACON& Tower with Radar,2,15,14,0,31,0,5,18,0,23,2,20,32,0,54,6,0,6,60
04/12/2009,ABI,TX,ASW,CE,Combined TRACON& Tower with Radar,0,13,14,4,31,0,0,14,0,14,0,13,28,4,45,0,0,0,45
04/13/2009,ABI,TX,ASW,CE,Combined TRACON& Tower with Radar,0,22,32,116,170,0,6,22,9,37,0,28,54,125,207,52,144,196,403
04/14/2009,ABI,TX,ASW,CE,Combined TRACON& Tower with Radar,2,32,24,60,118,0,10,33,7,50,2,42,57,67,168,32,66,98,266
04/15/2009,ABI,TX,ASW,CE,Combined TRACON& Tower with Radar,0,35,17,50,102,0,7,35,0,42,0,42,52,50,144,0,18,18,162
04/16/2009,ABI,TX,ASW,CE,Combined TRACON& Tower with Radar,0,36,32,6,74,0,1,2,3,6,0,37,34,9,80,0,0,0,80
04/17/2009,ABI,TX,ASW,CE,Combined TRACON& Tower with Radar,20,33,34,43,130,0,6,14,0,20,20,39,48,43,150,26,4,30,180
04/18/2009,ABI,TX,ASW,CE,Combined TRACON& Tower with Radar,0,23,37,12,72,0,5,42,2,49,0,28,79,14,121,34,0,34,155
04/19/2009,ABI,TX,ASW,CE,Combined TRACON& Tower with Radar,2,18,32,32,84,0,0,38,0,38,2,18,70,32,122,12,20,32,154
04/20/2009,ABI,TX,ASW,CE,Combined TRACON& Tower with Radar,4,27,8,41,80,0,7,66,3,76,4,34,74,44,156,40,24,64,220
04/21/2009,ABI,TX,ASW,CE,Combined TRACON& Tower with Radar,0,22,29,31,82,0,9,55,1,65,0,31,84,32,147,28,42,70,217
04/22/2009,ABI,TX,ASW,CE,Combined TRACON& Tower with Radar,2,27,19,32,80,0,7,51,0,58,2,34,70,32,138,12,26,38,176
04/23/2009,ABI,TX,ASW,CE,Combined TRACON& Tower with Radar,0,30,25,40,95,0,6,17,9,32,0,36,42,49,127,12,20,32,159
04/24/2009,ABI,TX,ASW,CE,Combined TRACON& Tower with Radar,0,26,18,33,77,0,7,33,1,41,0,33,51,34,118,48,34,82,200
04/25/2009,ABI,TX,ASW,CE,Combined TRACON& Tower with Radar,0,23,15,4,42,0,2,24,0,26,0,25,39,4,68,2,2,4,72
04/26/2009,ABI,TX,ASW,CE,Combined TRACON& Tower with Radar,0,19,18,2,39,0,0,11,0,11,0,19,29,2,50,0,0,0,50
04/27/2009,ABI,TX,ASW,CE,Combined TRACON& Tower with Radar,0,22,5,47,74,0,6,22,0,28,0,28,27,47,102,40,50,90,192
04/28/2009,ABI,TX,ASW,CE,Combined TRACON& Tower with Radar,0,33,36,12,81,0,0,8,0,8,0,33,44,12,89,12,0,12,101
04/29/2009,ABI,TX,ASW,CE,Combined TRACON& Tower with Radar,6,44,50,2,102,0,0,6,0,6,6,44,56,2,108,0,0,0,108
04/30/2009,ABI,TX,ASW,CE,Combined TRACON& Tower with Radar,0,32,31,55,118,0,5,21,2,28,0,37,52,57,146,0,82,82,228
05/01/2009,ABI,TX,ASW,CE,Combined TRACON& Tower with Radar,0,33,40,23,96,0,4,29,7,40,0,37,69,30,136,18,10,28,164
05/02/2009,ABI,TX,ASW,CE,Combined TRACON& Tower with Radar,18,20,13,9,60,0,0,7,0,7,18,20,20,9,67,0,4,4,71
05/03/2009,ABI,TX,ASW,CE,Combined TRACON& Tower with Radar,0,17,19,10,46,0,0,14,3,17,0,17,33,13,63,38,8,46,109
05/04/2009,ABI,TX,ASW,CE,Combined TRACON& Tower with Radar,2,19,38,47,106,0,8,41,0,49,2,27,79,47,155,52,56,108,263
05/05/2009,ABI,TX,ASW,CE,Combined TRACON& Tower with Radar,0,32,31,12,75,0,3,19,0,22,0,35,50,12,97,32,8,40,137
05/06/2009,ABI,TX,ASW,CE,Combined TRACON& Tower with Radar,0,35,37,35,107,0,1,15,4,20,0,36,52,39,127,76,28,104,231
05/07/2009,ABI,TX,ASW,CE,Combined TRACON& Tower with Radar,2,36,30,32,100,0,10,33,0,43,2,46,63,32,143,52,40,92,235
05/08/2009,ABI,TX,ASW,CE,Combined TRACON& Tower with Radar,1,30,27,7,65,0,8,27,0,35,1,38,54,7,100,14,2,16,116
05/09/2009,ABI,TX,ASW,CE,Combined TRACON& Tower with Radar,0,19,14,0,33,0,0,10,1,11,0,19,24,1,44,8,0,8,52
05/10/2009,ABI,TX,ASW,CE,Combined TRACON& Tower with Radar,0,25,20,0,45,0,1,12,0,13,0,26,32,0,58,0,0,0,58
05/11/2009,ABI,TX,ASW,CE,Combined TRACON& Tower with Radar,0,27,19,27,73,0,3,11,0,14,0,30,30,27,87,34,26,60,147
05/12/2009,ABI,TX,ASW,CE,Combined TRACON& Tower with Radar,0,32,44,76,152,0,4,32,7,43,0,36,76,83,195,6,124,130,325
05/13/2009,ABI,TX,ASW,CE,Combined TRACON& Tower with Radar,0,28,34,36,98,0,4,18,7,29,0,32,52,43,127,0,0,0,127
05/14/2009,ABI,TX,ASW,CE,Combined TRACON& Tower with Radar,15,35,32,32,114,0,6,19,0,25,15,41,51,32,139,0,0,0,139
05/15/2009,ABI,TX,ASW,CE,Combined TRACON& Tower with Radar,0,32,44,55,131,0,6,36,0,42,0,38,80,55,173,0,26,26,199
05/16/2009,ABI,TX,ASW,CE,Combined TRACON& Tower with Radar,0,18,16,2,36,0,0,6,0,6,0,18,22,2,42,0,0,0,42
05/17/2009,ABI,TX,ASW,CE,Combined TRACON& Tower with Radar,0,20,13,3,36,0,3,46,0,49,0,23,59,3,85,38,0,38,123
05/18/2009,ABI,TX,ASW,CE,Combined TRACON& Tower with Radar,1,18,14,19,52,0,8,55,3,66,1,26,69,22,118,24,16,40,158
05/19/2009,ABI,TX,ASW,CE,Combined TRACON& Tower with Radar,1,24,30,36,91,0,8,63,1,72,1,32,93,37,163,18,12,30,193
05/20/2009,ABI,TX,ASW,CE,Combined TRACON& Tower with Radar,0,25,35,39,99,0,9,56,0,65,0,34,91,39,164,42,36,78,242
05/21/2009,ABI,TX,ASW,CE,Combined TRACON& Tower with Radar,0,25,24,32,81,0,8,34,0,42,0,33,58,32,123,48,16,64,187
05/22/2009,ABI,TX,ASW,CE,Combined TRACON& Tower with Radar,2,31,34,58,125,0,6,39,6,51,2,37,73,64,176,38,66,104,280
05/23/2009,ABI,TX,ASW,CE,Combined TRACON& Tower with Radar,0,18,6,1,25,0,0,11,0,11,0,18,17,1,36,12,0,12,48
05/24/2009,ABI,TX,ASW,CE,Combined TRACON& Tower with Radar,2,17,10,0,29,0,0,0,0,0,2,17,10,0,29,0,0,0,29
05/25/2009,ABI,TX,ASW,CE,Combined TRACON& Tower with Radar,0,14,8,8,30,0,3,52,0,55,0,17,60,8,85,12,12,24,109
05/26/2009,ABI,TX,ASW,CE,Combined TRACON& Tower with Radar,0,29,12,38,79,0,6,18,2,26,0,35,30,40,105,0,16,16,121
05/27/2009,ABI,TX,ASW,CE,Combined TRACON& Tower with Radar,2,34,23,103,162,0,6,37,3,46,2,40,60,106,208,0,82,82,290
05/28/2009,ABI,TX,ASW,CE,Combined TRACON& Tower with Radar,0,26,20,52,98,0,8,32,3,43,0,34,52,55,141,0,0,0,141
05/29/2009,ABI,TX,ASW,CE,Combined TRACON& Tower with Radar,2,28,21,33,84,0,8,48,1,57,2,36,69,34,141,40,44,84,225
05/30/2009,ABI,TX,ASW,CE,Combined TRACON& Tower with Radar,0,19,9,2,30,0,2,55,0,57,0,21,64,2,87,36,0,36,123
05/31/2009,ABI,TX,ASW,CE,Combined TRACON& Tower with Radar,0,18,13,0,31,0,3,37,0,40,0,21,50,0,71,34,0,34,105
06/01/2009,ABI,TX,ASW,CE,Combined TRACON& Tower with Radar,2,26,13,60,101,0,5,24,1,30,2,31,37,61,131,28,66,94,225
06/02/2009,ABI,TX,ASW,CE,Combined TRACON& Tower with Radar,0,30,21,18,69,0,4,12,0,16,0,34,33,18,85,24,18,42,127
06/03/2009,ABI,TX,ASW,CE,Combined TRACON& Tower with Radar,6,32,35,70,143,0,8,20,1,29,6,40,55,71,172,0,10,10,182
06/04/2009,ABI,TX,ASW,CE,Combined TRACON& Tower with Radar,0,26,38,5,69,0,8,47,0,55,0,34,85,5,124,66,2,68,192
06/05/2009,ABI,TX,ASW,CE,Combined TRACON& Tower with Radar,0,24,23,16,63,0,9,54,1,64,0,33,77,17,127,8,36,44,171
06/06/2009,ABI,TX,ASW,CE,Combined TRACON& Tower with Radar,0,14,8,1,23,0,6,66,0,72,0,20,74,1,95,18,0,18,113
06/07/2009,ABI,TX,ASW,CE,Combined TRACON& Tower with Radar,0,15,17,2,34,0,0,29,7,36,0,15,46,9,70,4,0,4,74
06/08/2009,ABI,TX,ASW,CE,Combined TRACON& Tower with Radar,0,24,15,25,64,0,7,37,3,47,0,31,52,28,111,48,38,86,197
06/09/2009,ABI,TX,ASW,CE,Combined TRACON& Tower with Radar,0,26,28,17,71,0,8,36,7,51,0,34,64,24,122,44,12,56,178
06/10/2009,ABI,TX,ASW,CE,Combined TRACON& Tower with Radar,7,34,41,16,98,1,1,11,0,13,8,35,52,16,111,0,0,0,111
06/11/2009,ABI,TX,ASW,CE,Combined TRACON& Tower with Radar,4,26,23,19,72,0,8,29,0,37,4,34,52,19,109,34,12,46,155
06/12/2009,ABI,TX,ASW,CE,Combined TRACON& Tower with Radar,0,29,22,33,84,0,8,23,1,32,0,37,45,34,116,4,28,32,148
06/13/2009,ABI,TX,ASW,CE,Combined TRACON& Tower with Radar,0,15,18,2,35,0,3,131,0,134,0,18,149,2,169,110,2,112,281
06/14/2009,ABI,TX,ASW,CE,Combined TRACON& Tower with Radar,0,13,15,5,33,0,1,34,0,35,0,14,49,5,68,6,4,10,78
06/15/2009,ABI,TX,ASW,CE,Combined TRACON& Tower with Radar,0,17,19,17,53,0,7,39,4,50,0,24,58,21,103,44,10,54,157
06/16/2009,ABI,TX,ASW,CE,Combined TRACON& Tower with Radar,0,24,26,27,77,0,10,46,1,57,0,34,72,28,134,46,28,74,208
06/17/2009,ABI,TX,ASW,CE,Combined TRACON& Tower with Radar,0,28,27,25,80,0,10,54,0,64,0,38,81,25,144,22,28,50,194
06/18/2009,ABI,TX,ASW,CE,Combined TRACON& Tower with Radar,1,26,43,30,100,0,11,56,0,67,1,37,99,30,167,0,0,0,167
06/19/2009,ABI,TX,ASW,CE,Combined TRACON& Tower with Radar,0,30,33,12,75,0,6,29,0,35,0,36,62,12,110,38,14,52,162
06/20/2009,ABI,TX,ASW,CE,Combined TRACON& Tower with Radar,0,14,18,0,32,0,3,11,0,14,0,17,29,0,46,16,0,16,62
06/21/2009,ABI,TX,ASW,CE,Combined TRACON& Tower with Radar,0,22,5,0,27,0,0,33,0,33,0,22,38,0,60,0,0,0,60
06/22/2009,ABI,TX,ASW,CE,Combined TRACON& Tower with Radar,0,19,13,48,80,0,8,46,3,57,0,27,59,51,137,4,42,46,183
06/23/2009,ABI,TX,ASW,CE,Combined TRACON& Tower with Radar,0,28,23,41,92,0,8,34,1,43,0,36,57,42,135,16,72,88,223
06/24/2009,ABI,TX,ASW,CE,Combined TRACON& Tower with Radar,6,30,21,21,78,0,8,51,3,62,6,38,72,24,140,28,8,36,176
06/25/2009,ABI,TX,ASW,CE,Combined TRACON& Tower with Radar,0,28,12,48,88,0,12,39,2,53,0,40,51,50,141,22,36,58,199
06/26/2009,ABI,TX,ASW,CE,Combined TRACON& Tower with Radar,0,24,29,57,110,0,9,44,3,56,0,33,73,60,166,6,26,32,198
06/27/2009,ABI,TX,ASW,CE,Combined TRACON& Tower with Radar,2,15,8,16,41,0,3,31,5,39,2,18,39,21,80,2,0,2,82
06/28/2009,ABI,TX,ASW,CE,Combined TRACON& Tower with Radar,0,17,15,5,37,0,1,25,0,26,0,18,40,5,63,16,10,26,89
06/29/2009,ABI,TX,ASW,CE,Combined TRACON& Tower with Radar,0,22,24,23,69,0,6,15,5,26,0,28,39,28,95,28,28,56,151
06/30/2009,ABI,TX,ASW,CE,Combined TRACON& Tower with Radar,0,30,14,2,46,0,4,9,0,13,0,34,23,2,59,0,0,0,59
07/01/2009,ABI,TX,ASW,CE,Combined TRACON& Tower with Radar,0,28,40,42,110,0,8,26,3,37,0,36,66,45,147,56,76,132,279
07/02/2009,ABI,TX,ASW,CE,Combined TRACON& Tower with Radar,0,30,11,19,60,0,8,53,0,61,0,38,64,19,121,36,10,46,167
07/03/2009,ABI,TX,ASW,CE,Combined TRACON& Tower with Radar,0,25,21,1,47,0,8,56,2,66,0,33,77,3,113,32,0,32,145
07/04/2009,ABI,TX,ASW,CE,Combined TRACON& Tower with Radar,0,16,4,0,20,0,0,21,0,21,0,16,25,0,41,10,0,10,51
07/05/2009,ABI,TX,ASW,CE,Combined TRACON& Tower with Radar,0,16,10,0,26,0,3,11,0,14,0,19,21,0,40,14,0,14,54
07/06/2009,ABI,TX,ASW,CE,Combined TRACON& Tower with Radar,0,23,34,12,69,0,4,26,0,30,0,27,60,12,99,62,20,82,181
07/07/2009,ABI,TX,ASW,CE,Combined TRACON& Tower with Radar,0,27,15,76,118,0,8,36,6,50,0,35,51,82,168,54,72,126,294
07/08/2009,ABI,TX,ASW,CE,Combined TRACON& Tower with Radar,0,32,27,103,162,0,11,50,1,62,0,43,77,104,224,32,158,190,414
07/09/2009,ABI,TX,ASW,CE,Combined TRACON& Tower with Radar,1,32,30,52,115,0,10,38,5,53,1,42,68,57,168,16,38,54,222
07/10/2009,ABI,TX,ASW,CE,Combined TRACON& Tower with Radar,0,28,27,44,99,0,9,46,3,58,0,37,73,47,157,28,72,100,257
07/11/2009,ABI,TX,ASW,CE,Combined TRACON& Tower with Radar,0,13,20,2,35,0,5,48,0,53,0,18,68,2,88,4,0,4,92
07/12/2009,ABI,TX,ASW,CE,Combined TRACON& Tower with Radar,0,17,15,13,45,0,3,29,3,35,0,20,44,16,80,2,34,36,116
07/13/2009,ABI,TX,ASW,CE,Combined TRACON& Tower with Radar,0,29,14,36,79,0,6,32,0,38,0,35,46,36,117,22,42,64,181
07/14/2009,ABI,TX,ASW,CE,Combined TRACON& Tower with Radar,0,25,19,28,72,0,6,28,3,37,0,31,47,31,109,4,0,4,113
07/15/2009,ABI,TX,ASW,CE,Combined TRACON& Tower with Radar,2,28,20,56,106,0,7,38,3,48,2,35,58,59,154,40,28,68,222
07/16/2009,ABI,TX,ASW,CE,Combined TRACON& Tower with Radar,2,34,26,33,95,0,8,45,9,62,2,42,71,42,157,16,18,34,191
07/17/2009,ABI,TX,ASW,CE,Combined TRACON& Tower with Radar,0,30,17,32,79,0,9,40,8,57,0,39,57,40,136,34,40,74,210
07/18/2009,ABI,TX,ASW,CE,Combined TRACON& Tower with Radar,2,19,11,0,32,0,4,20,0,24,2,23,31,0,56,0,0,0,56
07/19/2009,ABI,TX,ASW,CE,Combined TRACON& Tower with Radar,4,14,14,17,49,0,0,11,1,12,4,14,25,18,61,54,32,86,147
07/20/2009,ABI,TX,ASW,CE,Combined TRACON& Tower with Radar,0,21,9,19,49,0,8,18,2,28,0,29,27,21,77,22,6,28,105
07/21/2009,ABI,TX,ASW,CE,Combined TRACON& Tower with Radar,0,26,20,13,59,0,7,43,0,50,0,33,63,13,109,36,6,42,151
07/22/2009,ABI,TX,ASW,CE,Combined TRACON& Tower with Radar,0,26,40,40,106,0,7,25,5,37,0,33,65,45,143,44,86,130,273
07/23/2009,ABI,TX,ASW,CE,Combined TRACON& Tower with Radar,0,29,26,35,90,0,7,21,0,28,0,36,47,35,118,30,32,62,180
07/24/2009,ABI,TX,ASW,CE,Combined TRACON& Tower with Radar,0,26,13,13,52,0,10,57,5,72,0,36,70,18,124,56,56,112,236
07/25/2009,ABI,TX,ASW,CE,Combined TRACON& Tower with Radar,0,21,12,0,33,0,2,31,0,33,0,23,43,0,66,22,0,22,88
07/26/2009,ABI,TX,ASW,CE,Combined TRACON& Tower with Radar,2,22,8,29,61,0,0,39,3,42,2,22,47,32,103,38,36,74,177
07/27/2009,ABI,TX,ASW,CE,Combined TRACON& Tower with Radar,2,17,15,10,44,0,10,17,0,27,2,27,32,10,71,28,2,30,101
07/28/2009,ABI,TX,ASW,CE,Combined TRACON& Tower with Radar,0,29,22,54,105,0,8,23,1,32,0,37,45,55,137,2,42,44,181
07/29/2009,ABI,TX,ASW,CE,Combined TRACON& Tower with Radar,0,28,37,25,90,0,4,14,2,20,0,32,51,27,110,14,18,32,142
07/30/2009,ABI,TX,ASW,CE,Combined TRACON& Tower with Radar,2,35,25,57,119,0,5,21,0,26,2,40,46,57,145,54,52,106,251
07/31/2009,ABI,TX,ASW,CE,Combined TRACON& Tower with Radar,2,28,26,50,106,0,6,12,0,18,2,34,38,50,124,16,38,54,178
08/01/2009,ABI,TX,ASW,CE,Combined TRACON& Tower with Radar,9,26,10,21,66,0,8,14,2,24,9,34,24,23,90,8,38,46,136
08/02/2009,ABI,TX,ASW,CE,Combined TRACON& Tower with Radar,1,19,10,14,44,0,1,26,1,28,1,20,36,15,72,22,16,38,110
08/03/2009,ABI,TX,ASW,CE,Combined TRACON& Tower with Radar,0,18,14,25,57,0,9,55,7,71,0,27,69,32,128,30,38,68,196
08/04/2009,ABI,TX,ASW,CE,Combined TRACON& Tower with Radar,0,32,21,48,101,0,8,52,0,60,0,40,73,48,161,46,18,64,225
08/05/2009,ABI,TX,ASW,CE,Combined TRACON& Tower with Radar,8,27,20,43,98,0,9,51,2,62,8,36,71,45,160,8,40,48,208
08/06/2009,ABI,TX,ASW,CE,Combined TRACON& Tower with Radar,0,28,27,20,75,0,8,39,3,50,0,36,66,23,125,0,18,18,143
08/07/2009,ABI,TX,ASW,CE,Combined TRACON& Tower with Radar,2,25,19,13,59,0,9,47,4,60,2,34,66,17,119,56,34,90,209
08/08/2009,ABI,TX,ASW,CE,Combined TRACON& Tower with Radar,0,14,10,1,25,0,3,32,0,35,0,17,42,1,60,8,0,8,68
08/09/2009,ABI,TX,ASW,CE,Combined TRACON& Tower with Radar,0,22,12,11,45,0,0,17,2,19,0,22,29,13,64,2,28,30,94
08/10/2009,ABI,TX,ASW,CE,Combined TRACON& Tower with Radar,0,21,13,34,68,0,6,39,3,48,0,27,52,37,116,56,28,84,200
08/11/2009,ABI,TX,ASW,CE,Combined TRACON& Tower with Radar,0,27,21,24,72,0,8,22,4,34,0,35,43,28,106,2,8,10,116
08/12/2009,ABI,TX,ASW,CE,Combined TRACON& Tower with Radar,0,27,47,71,145,0,9,40,0,49,0,36,87,71,194,14,58,72,266
08/13/2009,ABI,TX,ASW,CE,Combined TRACON& Tower with Radar,0,27,28,22,77,0,7,31,1,39,0,34,59,23,116,0,0,0,116
08/14/2009,ABI,TX,ASW,CE,Combined TRACON& Tower with Radar,0,26,30,82,138,0,11,38,1,50,0,37,68,83,188,44,84,128,316
08/15/2009,ABI,TX,ASW,CE,Combined TRACON& Tower with Radar,0,23,18,0,41,0,6,42,0,48,0,29,60,0,89,24,0,24,113
08/16/2009,ABI,TX,ASW,CE,Combined TRACON& Tower with Radar,0,21,10,10,41,0,0,15,0,15,0,21,25,10,56,14,28,42,98
08/17/2009,ABI,TX,ASW,CE,Combined TRACON& Tower with Radar,0,22,25,37,84,0,7,47,3,57,0,29,72,40,141,22,32,54,195
08/18/2009,ABI,TX,ASW,CE,Combined TRACON& Tower with Radar,0,23,29,109,161,0,8,40,0,48,0,31,69,109,209,58,88,146,355
08/19/2009,ABI,TX,ASW,CE,Combined TRACON& Tower with Radar,0,36,34,95,165,0,12,64,8,84,0,48,98,103,249,82,44,126,375
08/20/2009,ABI,TX,ASW,CE,Combined TRACON& Tower with Radar,0,27,43,42,112,0,15,23,3,41,0,42,66,45,153,66,116,182,335
08/21/2009,ABI,TX,ASW,CE,Combined TRACON& Tower with Radar,2,40,30,82,154,0,5,38,8,51,2,45,68,90,205,74,112,186,391
08/22/2009,ABI,TX,ASW,CE,Combined TRACON& Tower with Radar,0,16,15,0,31,0,3,34,2,39,0,19,49,2,70,54,0,54,124
08/23/2009,ABI,TX,ASW,CE,Combined TRACON& Tower with Radar,1,15,4,10,30,0,0,36,0,36,1,15,40,10,66,22,0,22,88
08/24/2009,ABI,TX,ASW,CE,Combined TRACON& Tower with Radar,0,19,20,49,88,0,8,36,1,45,0,27,56,50,133,32,46,78,211
08/25/2009,ABI,TX,ASW,CE,Combined TRACON& Tower with Radar,5,26,20,68,119,0,9,46,12,67,5,35,66,80,186,44,90,134,320
08/26/2009,ABI,TX,ASW,CE,Combined TRACON& Tower with Radar,2,28,27,55,112,0,7,41,0,48,2,35,68,55,160,0,0,0,160
08/27/2009,ABI,TX,ASW,CE,Combined TRACON& Tower with Radar,0,27,18,4,49,0,7,27,0,34,0,34,45,4,83,40,18,58,141
08/28/2009,ABI,TX,ASW,CE,Combined TRACON& Tower with Radar,0,33,25,41,99,0,6,40,0,46,0,39,65,41,145,13,60,73,218
08/29/2009,ABI,TX,ASW,CE,Combined TRACON& Tower with Radar,2,16,15,17,50,0,3,52,1,56,2,19,67,18,106,52,36,88,194
08/30/2009,ABI,TX,ASW,CE,Combined TRACON& Tower with Radar,0,16,9,4,29,0,5,37,0,42,0,21,46,4,71,0,0,0,71
08/31/2009,ABI,TX,ASW,CE,Combined TRACON& Tower with Radar,0,24,12,65,101,0,8,45,1,54,0,32,57,66,155,36,102,138,293
09/01/2009,ABI,TX,ASW,CE,Combined TRACON& Tower with Radar,0,25,14,51,90,0,7,29,4,40,0,32,43,55,130,66,26,92,222
09/02/2009,ABI,TX,ASW,CE,Combined TRACON& Tower with Radar,0,24,26,48,98,0,8,55,5,68,0,32,81,53,166,20,38,58,224
09/03/2009,ABI,TX,ASW,CE,Combined TRACON& Tower with Radar,0,26,14,29,69,0,10,26,2,38,0,36,40,31,107,4,36,40,147
09/04/2009,ABI,TX,ASW,CE,Combined TRACON& Tower with Radar,1,37,43,14,95,0,3,20,5,28,1,40,63,19,123,48,52,100,223
09/05/2009,ABI,TX,ASW,CE,Combined TRACON& Tower with Radar,1,20,10,0,31,0,1,29,0,30,1,21,39,0,61,2,0,2,63
09/06/2009,ABI,TX,ASW,CE,Combined TRACON& Tower with Radar,0,14,13,0,27,0,1,20,0,21,0,15,33,0,48,0,0,0,48
09/07/2009,ABI,TX,ASW,CE,Combined TRACON& Tower with Radar,0,15,18,1,34,0,0,43,2,45,0,15,61,3,79,20,0,20,99
09/08/2009,ABI,TX,ASW,CE,Combined TRACON& Tower with Radar,0,22,16,57,95,0,9,21,3,33,0,31,37,60,128,44,10,54,182
09/09/2009,ABI,TX,ASW,CE,Combined TRACON& Tower with Radar,0,26,23,20,69,0,6,33,3,42,0,32,56,23,111,0,0,0,111
09/10/2009,ABI,TX,ASW,CE,Combined TRACON& Tower with Radar,6,34,30,25,95,0,4,22,0,26,6,38,52,25,121,110,20,130,251
09/11/2009,ABI,TX,ASW,CE,Combined TRACON& Tower with Radar,4,30,17,13,64,0,3,3,2,8,4,33,20,15,72,16,0,16,88
09/12/2009,ABI,TX,ASW,CE,Combined TRACON& Tower with Radar,0,30,19,0,49,0,0,0,0,0,0,30,19,0,49,2,0,2,51
09/13/2009,ABI,TX,ASW,CE,Combined TRACON& Tower with Radar,0,14,13,0,27,0,0,1,0,1,0,14,14,0,28,0,0,0,28
09/14/2009,ABI,TX,ASW,CE,Combined TRACON& Tower with Radar,0,24,24,83,131,0,1,9,0,10,0,25,33,83,141,0,54,54,195
09/15/2009,ABI,TX,ASW,CE,Combined TRACON& Tower with Radar,0,34,32,113,179,0,3,11,6,20,0,37,43,119,199,0,0,0,199
09/16/2009,ABI,TX,ASW,CE,Combined TRACON& Tower with Radar,0,37,36,77,150,0,2,21,0,23,0,39,57,77,173,16,26,42,215
09/17/2009,ABI,TX,ASW,CE,Combined TRACON& Tower with Radar,2,37,46,40,125,0,2,14,0,16,2,39,60,40,141,36,20,56,197
09/18/2009,ABI,TX,ASW,CE,Combined TRACON& Tower with Radar,0,29,37,106,172,0,6,11,3,20,0,35,48,109,192,2,98,100,292
09/19/2009,ABI,TX,ASW,CE,Combined TRACON& Tower with Radar,0,18,20,13,51,0,8,38,3,49,0,26,58,16,100,84,32,116,216
09/20/2009,ABI,TX,ASW,CE,Combined TRACON& Tower with Radar,2,18,13,4,37,0,1,22,1,24,2,19,35,5,61,0,2,2,63
09/21/2009,ABI,TX,ASW,CE,Combined TRACON& Tower with Radar,6,28,17,33,84,0,6,15,1,22,6,34,32,34,106,12,16,28,134
09/22/2009,ABI,TX,ASW,CE,Combined TRACON& Tower with Radar,0,37,20,62,119,0,4,23,4,31,0,41,43,66,150,12,96,108,258
09/23/2009,ABI,TX,ASW,CE,Combined TRACON& Tower with Radar,0,31,37,115,183,0,14,23,6,43,0,45,60,121,226,16,26,42,268
09/24/2009,ABI,TX,ASW,CE,Combined TRACON& Tower with Radar,0,29,21,61,111,0,6,25,4,35,0,35,46,65,146,14,30,44,190
09/25/2009,ABI,TX,ASW,CE,Combined TRACON& Tower with Radar,0,26,17,54,97,0,9,58,3,70,0,35,75,57,167,32,48,80,247
09/26/2009,ABI,TX,ASW,CE,Combined TRACON& Tower with Radar,0,16,18,0,34,0,2,68,0,70,0,18,86,0,104,76,0,76,180
09/27/2009,ABI,TX,ASW,CE,Combined TRACON& Tower with Radar,5,16,13,37,71,0,1,27,7,35,5,17,40,44,106,10,0,10,116
09/28/2009,ABI,TX,ASW,CE,Combined TRACON& Tower with Radar,3,20,41,45,109,0,8,30,1,39,3,28,71,46,148,22,34,56,204
09/29/2009,ABI,TX,ASW,CE,Combined TRACON& Tower with Radar,0,28,29,41,98,0,6,34,1,41,0,34,63,42,139,32,100,132,271
09/30/2009,ABI,TX,ASW,CE,Combined TRACON& Tower with Radar,0,24,22,48,94,0,7,19,2,28,0,31,41,50,122,16,0,16,138
10/01/2009,ABI,TX,ASW,CE,Combined TRACON& Tower with Radar,8,32,30,67,137,0,7,19,8,34,8,39,49,75,171,0,84,84,255
10/02/2009,ABI,TX,ASW,CE,Combined TRACON& Tower with Radar,2,26,22,37,87,0,10,47,2,59,2,36,69,39,146,32,40,72,218
10/03/2009,ABI,TX,ASW,CE,Combined TRACON& Tower with Radar,0,15,14,0,29,0,3,8,0,11,0,18,22,0,40,28,0,28,68
10/04/2009,ABI,TX,ASW,CE,Combined TRACON& Tower with Radar,0,15,18,4,37,0,0,1,0,1,0,15,19,4,38,0,4,4,42
10/05/2009,ABI,TX,ASW,CE,Combined TRACON& Tower with Radar,0,27,15,10,52,0,10,8,2,20,0,37,23,12,72,8,0,8,80
10/06/2009,ABI,TX,ASW,CE,Combined TRACON& Tower with Radar,0,36,18,8,62,0,0,8,3,11,0,36,26,11,73,6,0,6,79
10/07/2009,ABI,TX,ASW,CE,Combined TRACON& Tower with Radar,0,31,35,18,84,0,0,3,0,3,0,31,38,18,87,0,0,0,87
10/08/2009,ABI,TX,ASW,CE,Combined TRACON& Tower with Radar,0,29,25,22,76,0,4,4,0,8,0,33,29,22,84,0,2,2,86
10/09/2009,ABI,TX,ASW,CE,Combined TRACON& Tower with Radar,0,31,36,3,70,0,2,2,1,5,0,33,38,4,75,2,0,2,77
10/10/2009,ABI,TX,ASW,CE,Combined TRACON& Tower with Radar,1,21,22,4,48,0,4,1,2,7,1,25,23,6,55,2,2,4,59
10/11/2009,ABI,TX,ASW,CE,Combined TRACON& Tower with Radar,1,19,14,1,35,0,0,2,0,2,1,19,16,1,37,2,0,2,39
10/12/2009,ABI,TX,ASW,CE,Combined TRACON& Tower with Radar,0,18,34,0,52,0,1,8,1,10,0,19,42,1,62,6,0,6,68
10/13/2009,ABI,TX,ASW,CE,Combined TRACON& Tower with Radar,0,30,24,11,65,0,3,4,0,7,0,33,28,11,72,22,0,22,94
10/14/2009,ABI,TX,ASW,CE,Combined TRACON& Tower with Radar,0,36,33,40,109,0,2,41,3,46,0,38,74,43,155,30,26,56,211
10/15/2009,ABI,TX,ASW,CE,Combined TRACON& Tower with Radar,8,35,40,3,86,0,2,14,0,16,8,37,54,3,102,36,0,36,138
10/16/2009,ABI,TX,ASW,CE,Combined TRACON& Tower with Radar,3,29,26,29,87,0,6,63,0,69,3,35,89,29,156,28,32,60,216
10/17/2009,ABI,TX,ASW,CE,Combined TRACON& Tower with Radar,1,17,34,8,60,0,2,66,2,70,1,19,100,10,130,38,24,62,192
10/18/2009,ABI,TX,ASW,CE,Combined TRACON& Tower with Radar,5,17,17,18,57,0,2,44,0,46,5,19,61,18,103,18,16,34,137
10/19/2009,ABI,TX,ASW,CE,Combined TRACON& Tower with Radar,1,26,21,29,77,0,7,32,0,39,1,33,53,29,116,10,26,36,152
10/20/2009,ABI,TX,ASW,CE,Combined TRACON& Tower with Radar,2,28,34,47,111,0,8,30,1,39,2,36,64,48,150,10,58,68,218
10/21/2009,ABI,TX,ASW,CE,Combined TRACON& Tower with Radar,2,32,20,2,56,0,3,0,4,7,2,35,20,6,63,0,0,0,63
10/22/2009,ABI,TX,ASW,CE,Combined TRACON& Tower with Radar,0,40,54,92,186,0,7,31,5,43,0,47,85,97,229,28,212,240,469
10/23/2009,ABI,TX,ASW,CE,Combined TRACON& Tower with Radar,0,32,40,56,128,0,7,61,5,73,0,39,101,61,201,20,58,78,279
10/24/2009,ABI,TX,ASW,CE,Combined TRACON& Tower with Radar,0,14,20,0,34,0,2,39,0,41,0,16,59,0,75,4,0,4,79
10/25/2009,ABI,TX,ASW,CE,Combined TRACON& Tower with Radar,7,26,23,16,72,0,3,17,0,20,7,29,40,16,92,0,0,0,92
10/26/2009,ABI,TX,ASW,CE,Combined TRACON& Tower with Radar,0,31,26,30,87,0,1,12,0,13,0,32,38,30,100,44,36,80,180
10/27/2009,ABI,TX,ASW,CE,Combined TRACON& Tower with Radar,3,30,22,63,118,0,6,46,2,54,3,36,68,65,172,50,66,116,288
10/28/2009,ABI,TX,ASW,CE,Combined TRACON& Tower with Radar,0,35,27,19,81,0,6,19,5,30,0,41,46,24,111,44,20,64,175
10/29/2009,ABI,TX,ASW,CE,Combined TRACON& Tower with Radar,0,33,21,44,98,0,5,10,1,16,0,38,31,45,114,2,68,70,184
10/30/2009,ABI,TX,ASW,CE,Combined TRACON& Tower with Radar,0,29,26,19,74,0,7,49,2,58,0,36,75,21,132,6,32,38,170
10/31/2009,ABI,TX,ASW,CE,Combined TRACON& Tower with Radar,0,20,27,0,47,0,3,70,0,73,0,23,97,0,120,32,0,32,152
11/01/2009,ABI,TX,ASW,CE,Combined TRACON& Tower with Radar,0,17,17,22,56,0,0,28,7,35,0,17,45,29,91,4,30,34,125
11/02/2009,ABI,TX,ASW,CE,Combined TRACON& Tower with Radar,0,18,17,23,58,0,11,32,0,43,0,29,49,23,101,22,36,58,159
11/03/2009,ABI,TX,ASW,CE,Combined TRACON& Tower with Radar,0,29,53,27,109,0,10,43,0,53,0,39,96,27,162,16,48,64,226
11/04/2009,ABI,TX,ASW,CE,Combined TRACON& Tower with Radar,0,26,47,23,96,0,9,41,3,53,0,35,88,26,149,0,0,0,149
11/05/2009,ABI,TX,ASW,CE,Combined TRACON& Tower with Radar,0,24,37,44,105,0,8,51,7,66,0,32,88,51,171,30,70,100,271
11/06/2009,ABI,TX,ASW,CE,Combined TRACON& Tower with Radar,0,30,27,32,89,0,7,35,1,43,0,37,62,33,132,70,34,104,236
11/07/2009,ABI,TX,ASW,CE,Combined TRACON& Tower with Radar,0,15,16,0,31,0,1,34,0,35,0,16,50,0,66,10,0,10,76
11/08/2009,ABI,TX,ASW,CE,Combined TRACON& Tower with Radar,0,24,20,12,56,0,1,14,0,15,0,25,34,12,71,12,0,12,83
11/09/2009,ABI,TX,ASW,CE,Combined TRACON& Tower with Radar,0,22,29,29,80,0,3,11,2,16,0,25,40,31,96,28,32,60,156
11/10/2009,ABI,TX,ASW,CE,Combined TRACON& Tower with Radar,4,35,73,28,140,0,4,37,9,50,4,39,110,37,190,84,120,204,394
11/11/2009,ABI,TX,ASW,CE,Combined TRACON& Tower with Radar,2,31,26,0,59,0,0,48,0,48,2,31,74,0,107,60,0,60,167
11/12/2009,ABI,TX,ASW,CE,Combined TRACON& Tower with Radar,0,26,53,10,89,0,6,43,0,49,0,32,96,10,138,8,56,64,202
11/13/2009,ABI,TX,ASW,CE,Combined TRACON& Tower with Radar,0,35,52,42,129,0,13,47,2,62,0,48,99,44,191,46,70,116,307
11/14/2009,ABI,TX,ASW,CE,Combined TRACON& Tower with Radar,0,14,11,0,25,0,6,35,0,41,0,20,46,0,66,50,0,50,116
11/15/2009,ABI,TX,ASW,CE,Combined TRACON& Tower with Radar,8,15,20,1,44,0,4,14,1,19,8,19,34,2,63,26,0,26,89
11/16/2009,ABI,TX,ASW,CE,Combined TRACON& Tower with Radar,0,20,67,128,215,0,6,21,13,40,0,26,88,141,255,2,162,164,419
11/17/2009,ABI,TX,ASW,CE,Combined TRACON& Tower with Radar,0,24,51,54,129,0,7,45,4,56,0,31,96,58,185,4,78,82,267
11/18/2009,ABI,TX,ASW,CE,Combined TRACON& Tower with Radar,0,23,37,45,105,0,9,37,3,49,0,32,74,48,154,36,34,70,224
11/19/2009,ABI,TX,ASW,CE,Combined TRACON& Tower with Radar,6,30,51,54,141,0,11,36,8,55,6,41,87,62,196,12,134,146,342
11/20/2009,ABI,TX,ASW,CE,Combined TRACON& Tower with Radar,0,29,37,24,90,0,4,43,4,51,0,33,80,28,141,50,86,136,277
11/21/2009,ABI,TX,ASW,CE,Combined TRACON& Tower with Radar,7,22,40,16,85,0,2,25,0,27,7,24,65,16,112,34,30,64,176
11/22/2009,ABI,TX,ASW,CE,Combined TRACON& Tower with Radar,1,29,37,10,77,0,4,19,3,26,1,33,56,13,103,22,12,34,137
11/23/2009,ABI,TX,ASW,CE,Combined TRACON& Tower with Radar,18,30,15,25,88,0,7,32,10,49,18,37,47,35,137,54,44,98,235
11/24/2009,ABI,TX,ASW,CE,Combined TRACON& Tower with Radar,0,25,51,88,164,0,9,59,6,74,0,34,110,94,238,60,90,150,388
11/25/2009,ABI,TX,ASW,CE,Combined TRACON& Tower with Radar,0,26,31,4,61,0,14,35,0,49,0,40,66,4,110,16,14,30,140
11/26/2009,ABI,TX,ASW,CE,Combined TRACON& Tower with Radar,0,14,6,0,20,0,0,27,0,27,0,14,33,0,47,6,0,6,53
11/27/2009,ABI,TX,ASW,CE,Combined TRACON& Tower with Radar,0,22,19,0,41,0,7,52,0,59,0,29,71,0,100,26,0,26,126
11/28/2009,ABI,TX,ASW,CE,Combined TRACON& Tower with Radar,0,17,15,0,32,0,4,40,0,44,0,21,55,0,76,8,0,8,84
11/29/2009,ABI,TX,ASW,CE,Combined TRACON& Tower with Radar,0,15,24,0,39,0,0,1,0,1,0,15,25,0,40,0,0,0,40
11/30/2009,ABI,TX,ASW,CE,Combined TRACON& Tower with Radar,2,21,58,34,115,0,7,25,0,32,2,28,83,34,147,28,114,142,289
12/01/2009,ABI,TX,ASW,CE,Combined TRACON& Tower with Radar,1,36,33,63,133,0,1,1,0,2,1,37,34,63,135,0,46,46,181
12/02/2009,ABI,TX,ASW,CE,Combined TRACON& Tower with Radar,0,26,48,20,94,0,4,7,1,12,0,30,55,21,106,0,46,46,152
12/03/2009,ABI,TX,ASW,CE,Combined TRACON& Tower with Radar,2,28,101,54,185,0,5,20,2,27,2,33,121,56,212,58,112,170,382
12/04/2009,ABI,TX,ASW,CE,Combined TRACON& Tower with Radar,0,30,19,16,65,0,4,29,0,33,0,34,48,16,98,12,10,22,120
12/05/2009,ABI,TX,ASW,CE,Combined TRACON& Tower with Radar,0,14,13,7,34,0,2,30,1,33,0,16,43,8,67,30,4,34,101
12/06/2009,ABI,TX,ASW,CE,Combined TRACON& Tower with Radar,2,15,22,6,45,0,0,20,0,20,2,15,42,6,65,0,0,0,65
12/07/2009,ABI,TX,ASW,CE,Combined TRACON& Tower with Radar,0,16,6,4,26,0,0,0,0,0,0,16,6,4,26,0,0,0,26
12/08/2009,ABI,TX,ASW,CE,Combined TRACON& Tower with Radar,2,32,25,10,69,0,3,7,0,10,2,35,32,10,79,0,6,6,85
12/09/2009,ABI,TX,ASW,CE,Combined TRACON& Tower with Radar,0,37,33,47,117,0,7,34,1,42,0,44,67,48,159,8,62,70,229
12/10/2009,ABI,TX,ASW,CE,Combined TRACON& Tower with Radar,0,27,46,40,113,0,12,51,3,66,0,39,97,43,179,30,46,76,255
12/11/2009,ABI,TX,ASW,CE,Combined TRACON& Tower with Radar,2,40,41,7,90,0,5,18,1,24,2,45,59,8,114,50,50,100,214
12/12/2009,ABI,TX,ASW,CE,Combined TRACON& Tower with Radar,0,25,34,15,74,0,0,15,1,16,0,25,49,16,90,28,16,44,134
12/13/2009,ABI,TX,ASW,CE,Combined TRACON& Tower with Radar,0,14,47,5,66,0,2,35,4,41,0,16,82,9,107,24,8,32,139
12/14/2009,ABI,TX,ASW,CE,Combined TRACON& Tower with Radar,0,26,61,50,137,0,8,47,0,55,0,34,108,50,192,18,128,146,338
12/15/2009,ABI,TX,ASW,CE,Combined TRACON& Tower with Radar,0,27,86,26,139,0,10,32,1,43,0,37,118,27,182,24,94,118,300
12/16/2009,ABI,TX,ASW,CE,Combined TRACON& Tower with Radar,0,28,35,22,85,0,6,29,1,36,0,34,64,23,121,70,76,146,267
12/17/2009,ABI,TX,ASW,CE,Combined TRACON& Tower with Radar,0,33,45,25,103,0,10,30,2,42,0,43,75,27,145,28,44,72,217
12/18/2009,ABI,TX,ASW,CE,Combined TRACON& Tower with Radar,0,29,54,34,117,0,6,36,1,43,0,35,90,35,160,32,76,108,268
12/19/2009,ABI,TX,ASW,CE,Combined TRACON& Tower with Radar,0,15,13,0,28,0,3,31,0,34,0,18,44,0,62,20,0,20,82
12/20/2009,ABI,TX,ASW,CE,Combined TRACON& Tower with Radar,3,14,11,6,34,0,2,37,0,39,3,16,48,6,73,14,6,20,93
12/21/2009,ABI,TX,ASW,CE,Combined TRACON& Tower with Radar,0,23,15,10,48,0,7,37,0,44,0,30,52,10,92,6,44,50,142
12/22/2009,ABI,TX,ASW,CE,Combined TRACON& Tower with Radar,0,31,14,11,56,0,3,11,0,14,0,34,25,11,70,24,14,38,108
12/23/2009,ABI,TX,ASW,CE,Combined TRACON& Tower with Radar,0,31,25,0,56,0,5,22,0,27,0,36,47,0,83,14,0,14,97
12/24/2009,ABI,TX,ASW,CE,Combined TRACON& Tower with Radar,0,21,6,0,27,0,1,2,0,3,0,22,8,0,30,0,0,0,30
12/25/2009,ABI,TX,ASW,CE,Combined TRACON& Tower with Radar,0,11,6,0,17,0,0,14,0,14,0,11,20,0,31,0,0,0,31
12/26/2009,ABI,TX,ASW,CE,Combined TRACON& Tower with Radar,0,18,13,0,31,0,2,30,0,32,0,20,43,0,63,12,0,12,75
12/27/2009,ABI,TX,ASW,CE,Combined TRACON& Tower with Radar,0,15,10,0,25,0,2,29,0,31,0,17,39,0,56,6,0,6,62
12/28/2009,ABI,TX,ASW,CE,Combined TRACON& Tower with Radar,1,23,30,0,54,0,9,41,0,50,1,32,71,0,104,28,0,28,132
12/29/2009,ABI,TX,ASW,CE,Combined TRACON& Tower with Radar,0,28,1,2,31,0,1,0,0,1,0,29,1,2,32,0,0,0,32
12/30/2009,ABI,TX,ASW,CE,Combined TRACON& Tower with Radar,0,36,19,6,61,0,7,21,1,29,0,43,40,7,90,0,0,0,90
12/31/2009,ABI,TX,ASW,CE,Combined TRACON& Tower with Radar,0,43,16,0,59,0,1,2,0,3,0,44,18,0,62,10,0,10,72
01/01/2010,ABI,TX,ASW,CE,Combined TRACON& Tower with Radar,0,14,9,0,23,0,2,15,0,17,0,16,24,0,40,10,0,10,50
01/02/2010,ABI,TX,ASW,CE,Combined TRACON& Tower with Radar,0,22,16,0,38,0,2,21,2,25,0,24,37,2,63,10,0,10,73
01/03/2010,ABI,TX,ASW,CE,Combined TRACON& Tower with Radar,0,22,18,0,40,0,2,4,0,6,0,24,22,0,46,0,0,0,46
01/04/2010,ABI,TX,ASW,CE,Combined TRACON& Tower with Radar,0,24,17,2,43,0,3,9,0,12,0,27,26,2,55,0,0,0,55
01/05/2010,ABI,TX,ASW,CE,Combined TRACON& Tower with Radar,4,21,38,16,79,0,10,43,0,53,4,31,81,16,132,26,60,86,218
01/06/2010,ABI,TX,ASW,CE,Combined TRACON& Tower with Radar,1,34,28,49,112,0,7,26,0,33,1,41,54,49,145,8,34,42,187
01/07/2010,ABI,TX,ASW,CE,Combined TRACON& Tower with Radar,1,29,20,64,114,0,3,7,4,14,1,32,27,68,128,0,96,96,224
01/08/2010,ABI,TX,ASW,CE,Combined TRACON& Tower with Radar,0,31,22,91,144,0,8,24,6,38,0,39,46,97,182,10,108,118,300
01/09/2010,ABI,TX,ASW,CE,Combined TRACON& Tower with Radar,0,18,21,17,56,0,2,37,2,41,0,20,58,19,97,16,4,20,117
01/10/2010,ABI,TX,ASW,CE,Combined TRACON& Tower with Radar,2,18,14,12,46,0,3,27,1,31,2,21,41,13,77,20,12,32,109
01/11/2010,ABI,TX,ASW,CE,Combined TRACON& Tower with Radar,0,28,21,23,72,0,6,25,1,32,0,34,46,24,104,16,28,44,148
01/12/2010,ABI,TX,ASW,CE,Combined TRACON& Tower with Radar,2,29,33,50,114,0,6,41,0,47,2,35,74,50,161,46,190,236,397
01/13/2010,ABI,TX,ASW,CE,Combined TRACON& Tower with Radar,0,30,35,15,80,0,6,10,1,17,0,36,45,16,97,0,0,0,97
01/14/2010,ABI,TX,ASW,CE,Combined TRACON& Tower with Radar,1,31,31,34,97,0,1,15,0,16,1,32,46,34,113,12,20,32,145
01/15/2010,ABI,TX,ASW,CE,Combined TRACON& Tower with Radar,1,36,27,4,68,0,0,0,0,0,1,36,27,4,68,0,0,0,68
01/16/2010,ABI,TX,ASW,CE,Combined TRACON& Tower with Radar,4,15,13,0,32,0,1,10,0,11,4,16,23,0,43,8,0,8,51
01/17/2010,ABI,TX,ASW,CE,Combined TRACON& Tower with Radar,1,20,12,1,34,0,0,27,0,27,1,20,39,1,61,18,0,18,79
01/18/2010,ABI,TX,ASW,CE,Combined TRACON& Tower with Radar,2,17,26,3,48,0,2,41,0,43,2,19,67,3,91,18,2,20,111
01/19/2010,ABI,TX,ASW,CE,Combined TRACON& Tower with Radar,1,28,29,49,107,0,3,37,1,41,1,31,66,50,148,20,44,64,212
01/20/2010,ABI,TX,ASW,CE,Combined TRACON& Tower with Radar,0,33,37,59,129,0,6,7,1,14,0,39,44,60,143,0,52,52,195
01/21/2010,ABI,TX,ASW,CE,Combined TRACON& Tower with Radar,2,29,37,47,115,0,7,56,9,72,2,36,93,56,187,50,66,116,303
01/22/2010,ABI,TX,ASW,CE,Combined TRACON& Tower with Radar,1,35,46,36,118,0,10,44,1,55,1,45,90,37,173,18,26,44,217
01/23/2010,ABI,TX,ASW,CE,Combined TRACON& Tower with Radar,0,16,21,1,38,0,2,12,1,15,0,18,33,2,53,24,14,38,91
01/24/2010,ABI,TX,ASW,CE,Combined TRACON& Tower with Radar,0,19,11,6,36,0,1,35,0,36,0,20,46,6,72,0,0,0,72
01/25/2010,ABI,TX,ASW,CE,Combined TRACON& Tower with Radar,0,23,52,13,88,0,5,39,1,45,0,28,91,14,133,0,0,0,133
01/26/2010,ABI,TX,ASW,CE,Combined TRACON& Tower with Radar,4,26,30,25,85,0,7,59,0,66,4,33,89,25,151,72,118,190,341
01/27/2010,ABI,TX,ASW,CE,Combined TRACON& Tower with Radar,2,31,60,15,108,0,2,17,0,19,2,33,77,15,127,44,16,60,187
01/28/2010,ABI,TX,ASW,CE,Combined TRACON& Tower with Radar,0,27,8,0,35,0,0,0,0,0,0,27,8,0,35,0,0,0,35
01/29/2010,ABI,TX,ASW,CE,Combined TRACON& Tower with Radar,1,32,17,2,52,0,1,2,0,3,1,33,19,2,55,0,2,2,57
01/30/2010,ABI,TX,ASW,CE,Combined TRACON& Tower with Radar,1,15,26,23,65,0,4,26,0,30,1,19,52,23,95,122,6,128,223
01/31/2010,ABI,TX,ASW,CE,Combined TRACON& Tower with Radar,2,14,15,0,31,0,0,2,0,2,2,14,17,0,33,0,0,0,33
02/01/2010,ABI,TX,ASW,CE,Combined TRACON& Tower with Radar,0,25,21,12,58,0,2,8,1,11,0,27,29,13,69,32,0,32,101
02/02/2010,ABI,TX,ASW,CE,Combined TRACON& Tower with Radar,0,35,28,25,88,0,0,5,0,5,0,35,33,25,93,18,10,28,121
02/03/2010,ABI,TX,ASW,CE,Combined TRACON& Tower with Radar,2,30,28,28,88,0,0,0,0,0,2,30,28,28,88,0,0,0,88
02/04/2010,ABI,TX,ASW,CE,Combined TRACON& Tower with Radar,0,42,22,17,81,0,0,0,0,0,0,42,22,17,81,0,10,10,91
02/05/2010,ABI,TX,ASW,CE,Combined TRACON& Tower with Radar,4,32,51,15,102,0,5,30,2,37,4,37,81,17,139,90,6,96,235
02/06/2010,ABI,TX,ASW,CE,Combined TRACON& Tower with Radar,1,15,26,11,53,0,0,48,0,48,1,15,74,11,101,120,8,128,229
02/07/2010,ABI,TX,ASW,CE,Combined TRACON& Tower with Radar,1,20,16,3,40,0,0,0,0,0,1,20,16,3,40,0,0,0,40
02/08/2010,ABI,TX,ASW,CE,Combined TRACON& Tower with Radar,1,27,13,3,44,0,0,2,0,2,1,27,15,3,46,14,0,14,60
02/09/2010,ABI,TX,ASW,CE,Combined TRACON& Tower with Radar,1,28,40,60,129,0,7,29,6,42,1,35,69,66,171,8,90,98,269
02/10/2010,ABI,TX,ASW,CE,Combined TRACON& Tower with Radar,0,32,36,11,79,0,5,17,6,28,0,37,53,17,107,0,0,0,107
02/11/2010,ABI,TX,ASW,CE,Combined TRACON& Tower with Radar,0,4,7,0,11,0,0,0,0,0,0,4,7,0,11,10,38,48,59
02/12/2010,ABI,TX,ASW,CE,Combined TRACON& Tower with Radar,2,26,23,5,56,0,4,22,0,26,2,30,45,5,82,44,0,44,126
02/13/2010,ABI,TX,ASW,CE,Combined TRACON& Tower with Radar,2,23,29,2,56,0,3,56,0,59,2,26,85,2,115,0,0,0,115
02/14/2010,ABI,TX,ASW,CE,Combined TRACON& Tower with Radar,0,21,14,0,35,0,0,15,0,15,0,21,29,0,50,102,0,102,152
02/15/2010,ABI,TX,ASW,CE,Combined TRACON& Tower with Radar,0,18,25,18,61,0,1,40,0,41,0,19,65,18,102,82,10,92,194
02/16/2010,ABI,TX,ASW,CE,Combined TRACON& Tower with Radar,2,34,25,14,75,0,8,46,10,64,2,42,71,24,139,78,28,106,245
02/17/2010,ABI,TX,ASW,CE,Combined TRACON& Tower with Radar,3,28,34,23,88,0,9,72,6,87,3,37,106,29,175,0,0,0,175
02/18/2010,ABI,TX,ASW,CE,Combined TRACON& Tower with Radar,0,26,48,39,113,0,9,46,4,59,0,35,94,43,172,56,42,98,270
02/19/2010,ABI,TX,ASW,CE,Combined TRACON& Tower with Radar,0,28,59,31,118,0,7,44,3,54,0,35,103,34,172,0,0,0,172
02/20/2010,ABI,TX,ASW,CE,Combined TRACON& Tower with Radar,2,17,15,2,36,0,4,27,0,31,2,21,42,2,67,22,14,36,103
02/21/2010,ABI,TX,ASW,CE,Combined TRACON& Tower with Radar,10,17,29,11,67,0,2,9,1,12,10,19,38,12,79,36,0,36,115
02/22/2010,ABI,TX,ASW,CE,Combined TRACON& Tower with Radar,0,28,19,13,60,0,0,2,0,2,0,28,21,13,62,0,0,0,62
02/23/2010,ABI,TX,ASW,CE,Combined TRACON& Tower with Radar,0,12,11,1,24,0,4,3,0,7,0,16,14,1,31,0,0,0,31
02/24/2010,ABI,TX,ASW,CE,Combined TRACON& Tower with Radar,3,26,43,31,103,0,8,50,7,65,3,34,93,38,168,0,36,36,204
02/25/2010,ABI,TX,ASW,CE,Combined TRACON& Tower with Radar,2,32,51,25,110,0,8,42,3,53,2,40,93,28,163,34,36,70,233
02/26/2010,ABI,TX,ASW,CE,Combined TRACON& Tower with Radar,0,32,68,49,149,0,5,11,2,18,0,37,79,51,167,0,0,0,167
02/27/2010,ABI,TX,ASW,CE,Combined TRACON& Tower with Radar,0,15,17,11,43,0,5,79,2,86,0,20,96,13,129,98,20,118,247
02/28/2010,ABI,TX,ASW,CE,Combined TRACON& Tower with Radar,0,14,14,17,45,0,3,12,1,16,0,17,26,18,61,36,2,38,99
03/01/2010,ABI,TX,ASW,CE,Combined TRACON& Tower with Radar,3,31,7,1,42,0,0,0,0,0,3,31,7,1,42,0,0,0,42
03/02/2010,ABI,TX,ASW,CE,Combined TRACON& Tower with Radar,1,25,42,33,101,0,7,49,1,57,1,32,91,34,158,4,68,72,230
03/03/2010,ABI,TX,ASW,CE,Combined TRACON& Tower with Radar,0,25,36,14,75,0,9,87,1,97,0,34,123,15,172,104,32,136,308
03/04/2010,ABI,TX,ASW,CE,Combined TRACON& Tower with Radar,2,34,16,10,62,0,7,47,14,68,2,41,63,24,130,40,36,76,206
03/05/2010,ABI,TX,ASW,CE,Combined TRACON& Tower with Radar,2,37,44,14,97,0,1,9,2,12,2,38,53,16,109,80,12,92,201
03/06/2010,ABI,TX,ASW,CE,Combined TRACON& Tower with Radar,0,25,54,0,79,0,1,18,1,20,0,26,72,1,99,38,0,38,137
03/07/2010,ABI,TX,ASW,CE,Combined TRACON& Tower with Radar,2,19,13,0,34,0,0,0,0,0,2,19,13,0,34,0,0,0,34
03/08/2010,ABI,TX,ASW,CE,Combined TRACON& Tower with Radar,0,21,19,2,42,0,2,16,0,18,0,23,35,2,60,6,0,6,66
03/09/2010,ABI,TX,ASW,CE,Combined TRACON& Tower with Radar,0,23,29,17,69,0,8,24,6,38,0,31,53,23,107,0,0,0,107
03/10/2010,ABI,TX,ASW,CE,Combined TRACON& Tower with Radar,2,23,29,18,72,0,9,19,0,28,2,32,48,18,100,8,70,78,178
03/11/2010,ABI,TX,ASW,CE,Combined TRACON& Tower with Radar,0,29,26,33,88,0,7,26,1,34,0,36,52,34,122,68,32,100,222
03/12/2010,ABI,TX,ASW,CE,Combined TRACON& Tower with Radar,4,26,49,43,122,0,10,36,2,48,4,36,85,45,170,42,72,114,284
03/13/2010,ABI,TX,ASW,CE,Combined TRACON& Tower with Radar,0,18,25,18,61,0,7,52,1,60,0,25,77,19,121,72,8,80,201
03/14/2010,ABI,TX,ASW,CE,Combined TRACON& Tower with Radar,0,16,18,0,34,0,0,34,0,34,0,16,52,0,68,24,0,24,92
03/15/2010,ABI,TX,ASW,CE,Combined TRACON& Tower with Radar,1,26,34,6,67,0,0,0,0,0,1,26,34,6,67,0,8,8,75
03/16/2010,ABI,TX,ASW,CE,Combined TRACON& Tower with Radar,1,33,34,6,74,0,7,10,0,17,1,40,44,6,91,60,0,60,151
03/17/2010,ABI,TX,ASW,CE,Combined TRACON& Tower with Radar,1,27,28,23,79,0,8,37,0,45,1,35,65,23,124,76,28,104,228
03/18/2010,ABI,TX,ASW,CE,Combined TRACON& Tower with Radar,0,30,54,15,99,0,7,63,1,71,0,37,117,16,170,28,18,46,216
03/19/2010,ABI,TX,ASW,CE,Combined TRACON& Tower with Radar,2,25,37,24,88,0,6,18,3,27,2,31,55,27,115,36,34,70,185
03/20/2010,ABI,TX,ASW,CE,Combined TRACON& Tower with Radar,0,20,4,2,26,0,0,0,0,0,0,20,4,2,26,0,0,0,26
03/21/2010,ABI,TX,ASW,CE,Combined TRACON& Tower with Radar,0,12,17,6,35,0,1,24,0,25,0,13,41,6,60,36,0,36,96
03/22/2010,ABI,TX,ASW,CE,Combined TRACON& Tower with Radar,0,25,26,20,71,0,5,46,0,51,0,30,72,20,122,76,20,96,218
03/23/2010,ABI,TX,ASW,CE,Combined TRACON& Tower with Radar,0,23,39,22,84,0,9,24,3,36,0,32,63,25,120,60,22,82,202
03/24/2010,ABI,TX,ASW,CE,Combined TRACON& Tower with Radar,8,31,25,10,74,0,2,4,0,6,8,33,29,10,80,6,0,6,86
03/25/2010,ABI,TX,ASW,CE,Combined TRACON& Tower with Radar,0,36,31,18,85,0,7,26,1,34,0,43,57,19,119,38,26,64,183
03/26/2010,ABI,TX,ASW,CE,Combined TRACON& Tower with Radar,0,24,45,9,78,0,11,31,1,43,0,35,76,10,121,38,28,66,187
03/27/2010,ABI,TX,ASW,CE,Combined TRACON& Tower with Radar,0,15,12,0,27,0,6,17,0,23,0,21,29,0,50,0,0,0,50
03/28/2010,ABI,TX,ASW,CE,Combined TRACON& Tower with Radar,0,17,22,15,54,0,0,40,0,40,0,17,62,15,94,62,0,62,156
03/29/2010,ABI,TX,ASW,CE,Combined TRACON& Tower with Radar,0,21,26,28,75,0,7,50,7,64,0,28,76,35,139,46,40,86,225
03/30/2010,ABI,TX,ASW,CE,Combined TRACON& Tower with Radar,0,25,22,31,78,0,9,23,5,37,0,34,45,36,115,34,28,62,177
03/31/2010,ABI,TX,ASW,CE,Combined TRACON& Tower with Radar,0,29,41,43,113,0,8,34,0,42,0,37,75,43,155,24,130,154,309
04/01/2010,ABI,TX,ASW,CE,Combined TRACON& Tower with Radar,0,32,27,25,84,0,6,26,1,33,0,38,53,26,117,40,26,66,183
04/02/2010,ABI,TX,ASW,CE,Combined TRACON& Tower with Radar,0,30,21,59,110,0,8,26,2,36,0,38,47,61,146,18,42,60,206
04/03/2010,ABI,TX,ASW,CE,Combined TRACON& Tower with Radar,0,16,9,0,25,0,0,53,0,53,0,16,62,0,78,66,0,66,144
04/04/2010,ABI,TX,ASW,CE,Combined TRACON& Tower with Radar,2,13,11,1,27,0,2,20,1,23,2,15,31,2,50,38,0,38,88
04/05/2010,ABI,TX,ASW,CE,Combined TRACON& Tower with Radar,3,23,34,22,82,0,7,6,2,15,3,30,40,24,97,4,28,32,129
04/06/2010,ABI,TX,ASW,CE,Combined TRACON& Tower with Radar,0,26,18,30,74,0,6,16,0,22,0,32,34,30,96,18,26,44,140
04/07/2010,ABI,TX,ASW,CE,Combined TRACON& Tower with Radar,0,26,51,12,89,0,9,37,0,46,0,35,88,12,135,48,60,108,243
04/08/2010,ABI,TX,ASW,CE,Combined TRACON& Tower with Radar,1,26,22,29,78,0,11,60,3,74,1,37,82,32,152,58,26,84,236
04/09/2010,ABI,TX,ASW,CE,Combined TRACON& Tower with Radar,0,26,46,12,84,0,10,36,3,49,0,36,82,15,133,0,0,0,133
04/10/2010,ABI,TX,ASW,CE,Combined TRACON& Tower with Radar,1,19,21,0,41,0,2,64,2,68,1,21,85,2,109,86,26,112,221
04/11/2010,ABI,TX,ASW,CE,Combined TRACON& Tower with Radar,0,19,41,52,112,0,2,22,0,24,0,21,63,52,136,138,0,138,274
04/12/2010,ABI,TX,ASW,CE,Combined TRACON& Tower with Radar,5,25,36,27,93,0,7,24,2,33,5,32,60,29,126,24,40,64,190
04/13/2010,ABI,TX,ASW,CE,Combined TRACON& Tower with Radar,0,31,39,15,85,0,4,28,0,32,0,35,67,15,117,46,26,72,189
04/14/2010,ABI,TX,ASW,CE,Combined TRACON& Tower with Radar,2,35,35,24,96,0,5,23,2,30,2,40,58,26,126,108,106,214,340
04/15/2010,ABI,TX,ASW,CE,Combined TRACON& Tower with Radar,0,35,36,9,80,0,0,5,0,5,0,35,41,9,85,20,48,68,153
04/16/2010,ABI,TX,ASW,CE,Combined TRACON& Tower with Radar,3,31,22,5,61,0,2,6,0,8,3,33,28,5,69,0,0,0,69
04/17/2010,ABI,TX,ASW,CE,Combined TRACON& Tower with Radar,1,19,9,1,30,0,0,0,0,0,1,19,9,1,30,0,0,0,30
04/18/2010,ABI,TX,ASW,CE,Combined TRACON& Tower with Radar,1,19,13,0,33,0,1,0,2,3,1,20,13,2,36,0,0,0,36
04/19/2010,ABI,TX,ASW,CE,Combined TRACON& Tower with Radar,1,27,31,14,73,0,3,2,11,16,1,30,33,25,89,52,30,82,171
04/20/2010,ABI,TX,ASW,CE,Combined TRACON& Tower with Radar,2,32,35,15,84,0,6,23,2,31,2,38,58,17,115,30,32,62,177
04/21/2010,ABI,TX,ASW,CE,Combined TRACON& Tower with Radar,1,27,51,22,101,0,9,31,1,41,1,36,82,23,142,8,34,42,184
04/22/2010,ABI,TX,ASW,CE,Combined TRACON& Tower with Radar,2,30,38,11,81,0,1,9,5,15,2,31,47,16,96,16,0,16,112
04/23/2010,ABI,TX,ASW,CE,Combined TRACON& Tower with Radar,1,32,28,21,82,0,4,33,7,44,1,36,61,28,126,36,14,50,176
04/24/2010,ABI,TX,ASW,CE,Combined TRACON& Tower with Radar,2,15,7,0,24,0,2,27,0,29,2,17,34,0,53,4,0,4,57
04/25/2010,ABI,TX,ASW,CE,Combined TRACON& Tower with Radar,0,14,16,0,30,0,2,35,0,37,0,16,51,0,67,31,0,31,98
04/26/2010,ABI,TX,ASW,CE,Combined TRACON& Tower with Radar,6,16,59,46,127,0,10,42,4,56,6,26,101,50,183,36,136,172,355
04/27/2010,ABI,TX,ASW,CE,Combined TRACON& Tower with Radar,8,26,46,15,95,0,12,72,3,87,8,38,118,18,182,86,42,128,310
04/28/2010,ABI,TX,ASW,CE,Combined TRACON& Tower with Radar,2,26,31,26,85,0,11,37,0,48,2,37,68,26,133,0,0,0,133
04/29/2010,ABI,TX,ASW,CE,Combined TRACON& Tower with Radar,2,26,30,6,64,0,7,35,1,43,2,33,65,7,107,4,20,24,131
04/30/2010,ABI,TX,ASW,CE,Combined TRACON& Tower with Radar,4,27,42,13,86,0,9,42,2,53,4,36,84,15,139,102,46,148,287
05/01/2010,ABI,TX,ASW,CE,Combined TRACON& Tower with Radar,1,18,24,0,43,0,4,21,0,25,1,22,45,0,68,30,0,30,98
05/02/2010,ABI,TX,ASW,CE,Combined TRACON& Tower with Radar,2,16,24,7,49,0,1,48,0,49,2,17,72,7,98,24,8,32,130
05/03/2010,ABI,TX,ASW,CE,Combined TRACON& Tower with Radar,6,26,18,24,74,0,8,28,0,36,6,34,46,24,110,72,26,98,208
05/04/2010,ABI,TX,ASW,CE,Combined TRACON& Tower with Radar,1,31,27,8,67,0,9,61,0,70,1,40,88,8,137,56,6,62,199
05/05/2010,ABI,TX,ASW,CE,Combined TRACON& Tower with Radar,1,25,35,41,102,0,8,51,0,59,1,33,86,41,161,0,0,0,161
05/06/2010,ABI,TX,ASW,CE,Combined TRACON& Tower with Radar,0,24,30,35,89,0,8,51,0,59,0,32,81,35,148,44,35,79,227
05/07/2010,ABI,TX,ASW,CE,Combined TRACON& Tower with Radar,0,28,25,49,102,0,11,34,2,47,0,39,59,51,149,36,82,118,267
05/08/2010,ABI,TX,ASW,CE,Combined TRACON& Tower with Radar,0,15,23,0,38,0,1,26,0,27,0,16,49,0,65,50,0,50,115
05/09/2010,ABI,TX,ASW,CE,Combined TRACON& Tower with Radar,0,16,19,0,35,0,0,6,0,6,0,16,25,0,41,38,0,38,79
05/10/2010,ABI,TX,ASW,CE,Combined TRACON& Tower with Radar,0,24,17,29,70,0,6,15,1,22,0,30,32,30,92,0,22,22,114
05/11/2010,ABI,TX,ASW,CE,Combined TRACON& Tower with Radar,0,29,37,8,74,0,4,9,0,13,0,33,46,8,87,58,2,60,147
05/12/2010,ABI,TX,ASW,CE,Combined TRACON& Tower with Radar,2,30,28,6,66,0,8,22,0,30,2,38,50,6,96,0,0,0,96
05/13/2010,ABI,TX,ASW,CE,Combined TRACON& Tower with Radar,2,34,25,10,71,0,1,13,0,14,2,35,38,10,85,8,8,16,101
05/14/2010,ABI,TX,ASW,CE,Combined TRACON& Tower with Radar,0,18,13,0,31,0,0,0,0,0,0,18,13,0,31,0,0,0,31
05/15/2010,ABI,TX,ASW,CE,Combined TRACON& Tower with Radar,9,16,13,0,38,0,0,2,0,2,9,16,15,0,40,0,0,0,40
05/16/2010,ABI,TX,ASW,CE,Combined TRACON& Tower with Radar,0,14,24,1,39,0,0,9,0,9,0,14,33,1,48,2,8,10,58
05/17/2010,ABI,TX,ASW,CE,Combined TRACON& Tower with Radar,1,15,22,5,43,0,11,13,1,25,1,26,35,6,68,20,18,38,106
05/18/2010,ABI,TX,ASW,CE,Combined TRACON& Tower with Radar,0,23,29,23,75,0,6,27,2,35,0,29,56,25,110,58,36,94,204
05/19/2010,ABI,TX,ASW,CE,Combined TRACON& Tower with Radar,2,28,36,8,74,0,3,17,3,23,2,31,53,11,97,54,2,56,153
05/20/2010,ABI,TX,ASW,CE,Combined TRACON& Tower with Radar,4,26,50,43,123,0,3,31,2,36,4,29,81,45,159,36,40,76,235
05/21/2010,ABI,TX,ASW,CE,Combined TRACON& Tower with Radar,0,30,48,60,138,0,2,28,2,32,0,32,76,62,170,14,98,112,282
05/22/2010,ABI,TX,ASW,CE,Combined TRACON& Tower with Radar,0,15,19,8,42,0,2,18,0,20,0,17,37,8,62,0,0,0,62
05/23/2010,ABI,TX,ASW,CE,Combined TRACON& Tower with Radar,2,15,13,43,73,0,4,9,5,18,2,19,22,48,91,0,0,0,91
05/24/2010,ABI,TX,ASW,CE,Combined TRACON& Tower with Radar,0,20,17,36,73,0,4,14,4,22,0,24,31,40,95,2,42,44,139
05/25/2010,ABI,TX,ASW,CE,Combined TRACON& Tower with Radar,0,24,17,12,53,0,3,25,1,29,0,27,42,13,82,12,6,18,100
05/26/2010,ABI,TX,ASW,CE,Combined TRACON& Tower with Radar,0,25,38,14,77,0,6,42,1,49,0,31,80,15,126,6,40,46,172
05/27/2010,ABI,TX,ASW,CE,Combined TRACON& Tower with Radar,0,33,32,39,104,0,6,56,5,67,0,39,88,44,171,70,28,98,269
05/28/2010,ABI,TX,ASW,CE,Combined TRACON& Tower with Radar,0,27,28,8,63,0,5,51,0,56,0,32,79,8,119,122,4,126,245
05/29/2010,ABI,TX,ASW,CE,Combined TRACON& Tower with Radar,0,18,10,0,28,0,4,36,1,41,0,22,46,1,69,30,0,30,99
05/30/2010,ABI,TX,ASW,CE,Combined TRACON& Tower with Radar,1,17,10,0,28,0,0,21,0,21,1,17,31,0,49,0,0,0,49
05/31/2010,ABI,TX,ASW,CE,Combined TRACON& Tower with Radar,0,14,13,0,27,0,2,37,0,39,0,16,50,0,66,6,0,6,72
06/01/2010,ABI,TX,ASW,CE,Combined TRACON& Tower with Radar,2,24,38,16,80,0,7,33,0,40,2,31,71,16,120,6,14,20,140
06/02/2010,ABI,TX,ASW,CE,Combined TRACON& Tower with Radar,0,27,19,14,60,0,3,14,0,17,0,30,33,14,77,10,14,24,101
06/03/2010,ABI,TX,ASW,CE,Combined TRACON& Tower with Radar,1,26,50,35,112,0,5,37,0,42,1,31,87,35,154,24,30,54,208
06/04/2010,ABI,TX,ASW,CE,Combined TRACON& Tower with Radar,0,24,53,35,112,0,5,37,3,45,0,29,90,38,157,8,86,94,251
06/05/2010,ABI,TX,ASW,CE,Combined TRACON& Tower with Radar,3,20,30,42,95,0,3,34,3,40,3,23,64,45,135,78,130,208,343
06/06/2010,ABI,TX,ASW,CE,Combined TRACON& Tower with Radar,1,19,30,5,55,0,5,23,2,30,1,24,53,7,85,56,22,78,163
06/07/2010,ABI,TX,ASW,CE,Combined TRACON& Tower with Radar,0,20,48,33,101,0,3,32,2,37,0,23,80,35,138,11,96,107,245
06/08/2010,ABI,TX,ASW,CE,Combined TRACON& Tower with Radar,2,27,72,15,116,0,3,28,0,31,2,30,100,15,147,84,84,168,315
06/09/2010,ABI,TX,ASW,CE,Combined TRACON& Tower with Radar,0,28,27,57,112,0,3,27,5,35,0,31,54,62,147,0,0,0,147
06/10/2010,ABI,TX,ASW,CE,Combined TRACON& Tower with Radar,0,28,39,27,94,0,3,29,6,38,0,31,68,33,132,60,30,90,222
06/11/2010,ABI,TX,ASW,CE,Combined TRACON& Tower with Radar,2,27,40,18,87,0,5,35,2,42,2,32,75,20,129,48,36,84,213
06/12/2010,ABI,TX,ASW,CE,Combined TRACON& Tower with Radar,0,21,14,4,39,0,1,89,0,90,0,22,103,4,129,20,8,28,157
06/13/2010,ABI,TX,ASW,CE,Combined TRACON& Tower with Radar,1,14,18,1,34,0,1,23,1,25,1,15,41,2,59,6,0,6,65
06/14/2010,ABI,TX,ASW,CE,Combined TRACON& Tower with Radar,6,19,38,40,103,0,3,8,2,13,6,22,46,42,116,26,68,94,210
06/15/2010,ABI,TX,ASW,CE,Combined TRACON& Tower with Radar,0,25,36,23,84,0,2,19,2,23,0,27,55,25,107,32,40,72,179
06/16/2010,ABI,TX,ASW,CE,Combined TRACON& Tower with Radar,2,25,35,16,78,0,10,44,3,57,2,35,79,19,135,74,8,82,217
06/17/2010,ABI,TX,ASW,CE,Combined TRACON& Tower with Radar,0,25,34,19,78,0,6,32,1,39,0,31,66,20,117,26,6,32,149
06/18/2010,ABI,TX,ASW,CE,Combined TRACON& Tower with Radar,1,24,47,36,108,0,6,28,4,38,1,30,75,40,146,28,96,124,270
06/19/2010,ABI,TX,ASW,CE,Combined TRACON& Tower with Radar,1,15,12,0,28,0,3,48,0,51,1,18,60,0,79,14,0,14,93
06/20/2010,ABI,TX,ASW,CE,Combined TRACON& Tower with Radar,0,15,10,15,40,0,1,30,1,32,0,16,40,16,72,0,0,0,72
06/21/2010,ABI,TX,ASW,CE,Combined TRACON& Tower with Radar,2,34,46,38,120,0,4,18,0,22,2,38,64,38,142,54,104,158,300
06/22/2010,ABI,TX,ASW,CE,Combined TRACON& Tower with Radar,0,22,44,23,89,0,6,41,2,49,0,28,85,25,138,30,72,102,240
06/23/2010,ABI,TX,ASW,CE,Combined TRACON& Tower with Radar,2,22,41,27,92,0,6,36,4,46,2,28,77,31,138,0,0,0,138
06/24/2010,ABI,TX,ASW,CE,Combined TRACON& Tower with Radar,10,23,30,17,80,0,11,41,0,52,10,34,71,17,132,40,6,46,178
06/25/2010,ABI,TX,ASW,CE,Combined TRACON& Tower with Radar,4,26,35,15,80,0,5,21,0,26,4,31,56,15,106,22,36,58,164
06/26/2010,ABI,TX,ASW,CE,Combined TRACON& Tower with Radar,3,17,7,22,49,1,5,43,0,49,4,22,50,22,98,28,38,66,164
06/27/2010,ABI,TX,ASW,CE,Combined TRACON& Tower with Radar,3,19,7,34,63,0,1,12,2,15,3,20,19,36,78,0,0,0,78
06/28/2010,ABI,TX,ASW,CE,Combined TRACON& Tower with Radar,11,21,29,5,66,0,4,11,0,15,11,25,40,5,81,26,0,26,107
06/29/2010,ABI,TX,ASW,CE,Combined TRACON& Tower with Radar,0,23,50,39,112,0,4,15,0,19,0,27,65,39,131,40,82,122,253
06/30/2010,ABI,TX,ASW,CE,Combined TRACON& Tower with Radar,0,30,42,45,117,0,2,10,0,12,0,32,52,45,129,12,78,90,219
07/01/2010,ABI,TX,ASW,CE,Combined TRACON& Tower with Radar,0,31,34,31,96,0,1,3,5,9,0,32,37,36,105,74,34,108,213
07/02/2010,ABI,TX,ASW,CE,Combined TRACON& Tower with Radar,2,30,28,2,62,0,2,1,0,3,2,32,29,2,65,8,0,8,73
07/03/2010,ABI,TX,ASW,CE,Combined TRACON& Tower with Radar,0,18,9,0,27,0,2,9,0,11,0,20,18,0,38,0,0,0,38
07/04/2010,ABI,TX,ASW,CE,Combined TRACON& Tower with Radar,0,15,2,0,17,0,0,7,0,7,0,15,9,0,24,0,0,0,24
07/05/2010,ABI,TX,ASW,CE,Combined TRACON& Tower with Radar,2,13,19,2,36,0,1,16,0,17,2,14,35,2,53,18,0,18,71
07/06/2010,ABI,TX,ASW,CE,Combined TRACON& Tower with Radar,8,17,43,46,114,0,5,12,10,27,8,22,55,56,141,136,106,242,383
07/07/2010,ABI,TX,ASW,CE,Combined TRACON& Tower with Radar,2,28,28,47,105,0,2,21,2,25,2,30,49,49,130,26,38,64,194
07/08/2010,ABI,TX,ASW,CE,Combined TRACON& Tower with Radar,0,33,34,12,79,0,4,6,1,11,0,37,40,13,90,4,14,18,108
07/09/2010,ABI,TX,ASW,CE,Combined TRACON& Tower with Radar,0,28,20,26,74,0,2,13,0,15,0,30,33,26,89,6,8,14,103
07/10/2010,ABI,TX,ASW,CE,Combined TRACON& Tower with Radar,0,15,5,0,20,0,4,13,0,17,0,19,18,0,37,6,0,6,43
07/11/2010,ABI,TX,ASW,CE,Combined TRACON& Tower with Radar,0,18,14,0,32,0,0,25,0,25,0,18,39,0,57,0,0,0,57
07/12/2010,ABI,TX,ASW,CE,Combined TRACON& Tower with Radar,0,22,18,1,41,0,6,26,0,32,0,28,44,1,73,136,4,140,213
07/13/2010,ABI,TX,ASW,CE,Combined TRACON& Tower with Radar,0,33,30,20,83,0,3,41,0,44,0,36,71,20,127,76,32,108,235
07/14/2010,ABI,TX,ASW,CE,Combined TRACON& Tower with Radar,1,28,62,39,130,0,4,45,3,52,1,32,107,42,182,70,67,137,319
07/15/2010,ABI,TX,ASW,CE,Combined TRACON& Tower with Radar,0,28,60,18,106,0,7,49,0,56,0,35,109,18,162,84,26,110,272
07/16/2010,ABI,TX,ASW,CE,Combined TRACON& Tower with Radar,0,27,28,43,98,0,7,51,0,58,0,34,79,43,156,40,56,96,252
07/17/2010,ABI,TX,ASW,CE,Combined TRACON& Tower with Radar,2,13,7,13,35,0,3,50,1,54,2,16,57,14,89,64,0,64,153
07/18/2010,ABI,TX,ASW,CE,Combined TRACON& Tower with Radar,0,14,15,6,35,0,1,23,0,24,0,15,38,6,59,0,0,0,59
07/19/2010,ABI,TX,ASW,CE,Combined TRACON& Tower with Radar,2,19,51,15,87,0,4,46,1,51,2,23,97,16,138,22,20,42,180
07/20/2010,ABI,TX,ASW,CE,Combined TRACON& Tower with Radar,0,28,32,44,104,0,6,31,4,41,0,34,63,48,145,14,60,74,219
07/21/2010,ABI,TX,ASW,CE,Combined TRACON& Tower with Radar,1,17,20,6,44,0,5,27,1,33,1,22,47,7,77,0,0,0,77
07/22/2010,ABI,TX,ASW,CE,Combined TRACON& Tower with Radar,2,29,35,46,112,0,7,52,5,64,2,36,87,51,176,8,84,92,268
07/23/2010,ABI,TX,ASW,CE,Combined TRACON& Tower with Radar,6,31,48,44,129,0,4,42,9,55,6,35,90,53,184,10,86,96,280
07/24/2010,ABI,TX,ASW,CE,Combined TRACON& Tower with Radar,0,14,13,19,46,0,2,23,1,26,0,16,36,20,72,16,22,38,110
07/25/2010,ABI,TX,ASW,CE,Combined TRACON& Tower with Radar,2,19,10,0,31,0,0,19,0,19,2,19,29,0,50,0,0,0,50
07/26/2010,ABI,TX,ASW,CE,Combined TRACON& Tower with Radar,0,21,35,17,73,0,5,14,1,20,0,26,49,18,93,26,8,34,127
07/27/2010,ABI,TX,ASW,CE,Combined TRACON& Tower with Radar,2,23,23,4,52,0,5,7,0,12,2,28,30,4,64,0,0,0,64
07/28/2010,ABI,TX,ASW,CE,Combined TRACON& Tower with Radar,0,36,34,22,92,0,3,13,0,16,0,39,47,22,108,0,0,0,108
07/29/2010,ABI,TX,ASW,CE,Combined TRACON& Tower with Radar,0,29,32,61,122,0,5,19,2,26,0,34,51,63,148,26,36,62,210
07/30/2010,ABI,TX,ASW,CE,Combined TRACON& Tower with Radar,2,23,38,57,120,0,6,55,2,63,2,29,93,59,183,102,102,204,387
07/31/2010,ABI,TX,ASW,CE,Combined TRACON& Tower with Radar,0,15,25,2,42,0,2,54,1,57,0,17,79,3,99,48,4,52,151
08/01/2010,ABI,TX,ASW,CE,Combined TRACON& Tower with Radar,0,16,3,0,19,0,3,32,0,35,0,19,35,0,54,0,0,0,54
08/02/2010,ABI,TX,ASW,CE,Combined TRACON& Tower with Radar,0,24,29,53,106,0,4,44,1,49,0,28,73,54,155,100,60,160,315
08/03/2010,ABI,TX,ASW,CE,Combined TRACON& Tower with Radar,0,27,32,45,104,0,3,34,2,39,0,30,66,47,143,14,68,82,225
08/04/2010,ABI,TX,ASW,CE,Combined TRACON& Tower with Radar,0,26,48,39,113,0,4,49,2,55,0,30,97,41,168,76,50,126,294
08/05/2010,ABI,TX,ASW,CE,Combined TRACON& Tower with Radar,0,27,34,56,117,0,3,40,5,48,0,30,74,61,165,52,66,118,283
08/06/2010,ABI,TX,ASW,CE,Combined TRACON& Tower with Radar,6,23,23,18,70,0,5,20,2,27,6,28,43,20,97,8,14,22,119
08/07/2010,ABI,TX,ASW,CE,Combined TRACON& Tower with Radar,0,14,2,13,29,0,16,37,0,53,0,30,39,13,82,32,16,48,130
08/08/2010,ABI,TX,ASW,CE,Combined TRACON& Tower with Radar,0,14,10,6,30,0,2,30,0,32,0,16,40,6,62,0,0,0,62
08/09/2010,ABI,TX,ASW,CE,Combined TRACON& Tower with Radar,3,25,17,26,71,0,6,23,0,29,3,31,40,26,100,34,52,86,186
08/10/2010,ABI,TX,ASW,CE,Combined TRACON& Tower with Radar,0,33,23,21,77,0,7,32,0,39,0,40,55,21,116,26,20,46,162
08/11/2010,ABI,TX,ASW,CE,Combined TRACON& Tower with Radar,0,25,32,27,84,0,7,40,1,48,0,32,72,28,132,0,0,0,132
08/12/2010,ABI,TX,ASW,CE,Combined TRACON& Tower with Radar,0,37,41,31,109,0,7,30,0,37,0,44,71,31,146,36,26,62,208
08/13/2010,ABI,TX,ASW,CE,Combined TRACON& Tower with Radar,0,23,53,24,100,0,5,26,0,31,0,28,79,24,131,26,42,68,199
08/14/2010,ABI,TX,ASW,CE,Combined TRACON& Tower with Radar,0,14,8,16,38,0,3,20,2,25,0,17,28,18,63,40,72,112,175
08/15/2010,ABI,TX,ASW,CE,Combined TRACON& Tower with Radar,0,14,15,23,52,0,0,22,3,25,0,14,37,26,77,0,0,0,77
08/16/2010,ABI,TX,ASW,CE,Combined TRACON& Tower with Radar,0,18,25,28,71,0,4,17,0,21,0,22,42,28,92,45,22,67,159
08/17/2010,ABI,TX,ASW,CE,Combined TRACON& Tower with Radar,0,24,46,55,125,0,6,29,7,42,0,30,75,62,167,22,86,108,275
08/18/2010,ABI,TX,ASW,CE,Combined TRACON& Tower with Radar,0,29,71,50,150,0,4,28,3,35,0,33,99,53,185,38,58,96,281
08/19/2010,ABI,TX,ASW,CE,Combined TRACON& Tower with Radar,0,24,29,27,80,0,5,25,2,32,0,29,54,29,112,32,4,36,148
08/20/2010,ABI,TX,ASW,CE,Combined TRACON& Tower with Radar,0,28,33,22,83,0,4,37,0,41,0,32,70,22,124,54,36,90,214
08/21/2010,ABI,TX,ASW,CE,Combined TRACON& Tower with Radar,0,18,17,3,38,0,4,54,1,59,0,22,71,4,97,18,0,18,115
08/22/2010,ABI,TX,ASW,CE,Combined TRACON& Tower with Radar,0,14,6,2,22,0,0,29,0,29,0,14,35,2,51,0,0,0,51
08/23/2010,ABI,TX,ASW,CE,Combined TRACON& Tower with Radar,2,20,18,58,98,0,5,30,0,35,2,25,48,58,133,58,36,94,227
08/24/2010,ABI,TX,ASW,CE,Combined TRACON& Tower with Radar,0,29,27,13,69,0,5,18,0,23,0,34,45,13,92,2,8,10,102
08/25/2010,ABI,TX,ASW,CE,Combined TRACON& Tower with Radar,0,27,43,39,109,0,4,16,0,20,0,31,59,39,129,20,28,48,177
08/26/2010,ABI,TX,ASW,CE,Combined TRACON& Tower with Radar,2,30,49,18,99,0,3,27,1,31,2,33,76,19,130,16,10,26,156
08/27/2010,ABI,TX,ASW,CE,Combined TRACON& Tower with Radar,0,25,32,20,77,0,6,42,5,53,0,31,74,25,130,44,20,64,194
08/28/2010,ABI,TX,ASW,CE,Combined TRACON& Tower with Radar,0,14,11,2,27,0,7,30,2,39,0,21,41,4,66,24,6,30,96
08/29/2010,ABI,TX,ASW,CE,Combined TRACON& Tower with Radar,3,14,10,4,31,0,2,18,1,21,3,16,28,5,52,0,0,0,52
08/30/2010,ABI,TX,ASW,CE,Combined TRACON& Tower with Radar,1,25,49,33,108,0,4,28,1,33,1,29,77,34,141,44,52,96,237
08/31/2010,ABI,TX,ASW,CE,Combined TRACON& Tower with Radar,0,24,31,24,79,0,5,20,0,25,0,29,51,24,104,16,12,28,132
09/01/2010,ABI,TX,ASW,CE,Combined TRACON& Tower with Radar,12,38,52,23,125,0,9,22,3,34,12,47,74,26,159,64,86,150,309
09/02/2010,ABI,TX,ASW,CE,Combined TRACON& Tower with Radar,0,29,47,8,84,0,3,33,0,36,0,32,80,8,120,58,30,88,208
09/03/2010,ABI,TX,ASW,CE,Combined TRACON& Tower with Radar,1,29,53,7,90,0,3,26,0,29,1,32,79,7,119,46,10,56,175
09/04/2010,ABI,TX,ASW,CE,Combined TRACON& Tower with Radar,2,14,3,0,19,0,2,51,0,53,2,16,54,0,72,80,0,80,152
09/05/2010,ABI,TX,ASW,CE,Combined TRACON& Tower with Radar,2,12,9,0,23,0,0,19,0,19,2,12,28,0,42,8,0,8,50
09/06/2010,ABI,TX,ASW,CE,Combined TRACON& Tower with Radar,2,15,16,0,33,0,1,37,0,38,2,16,53,0,71,30,0,30,101
09/07/2010,ABI,TX,ASW,CE,Combined TRACON& Tower with Radar,1,22,14,21,58,0,1,1,0,2,1,23,15,21,60,0,28,28,88
09/08/2010,ABI,TX,ASW,CE,Combined TRACON& Tower with Radar,0,33,36,13,82,0,5,5,0,10,0,38,41,13,92,12,18,30,122
09/09/2010,ABI,TX,ASW,CE,Combined TRACON& Tower with Radar,0,34,21,40,95,0,2,23,0,25,0,36,44,40,120,50,33,83,203
09/10/2010,ABI,TX,ASW,CE,Combined TRACON& Tower with Radar,0,30,26,23,79,0,2,22,0,24,0,32,48,23,103,20,44,64,167
09/11/2010,ABI,TX,ASW,CE,Combined TRACON& Tower with Radar,0,14,7,10,31,0,4,27,0,31,0,18,34,10,62,56,10,66,128
09/12/2010,ABI,TX,ASW,CE,Combined TRACON& Tower with Radar,2,18,15,4,39,0,0,10,0,10,2,18,25,4,49,0,0,0,49
09/13/2010,ABI,TX,ASW,CE,Combined TRACON& Tower with Radar,0,23,30,40,93,0,4,28,1,33,0,27,58,41,126,26,62,88,214
09/14/2010,ABI,TX,ASW,CE,Combined TRACON& Tower with Radar,0,28,35,46,109,0,5,39,3,47,0,33,74,49,156,79,54,133,289
09/15/2010,ABI,TX,ASW,CE,Combined TRACON& Tower with Radar,0,34,52,24,110,0,3,42,1,46,0,37,94,25,156,22,58,80,236
09/16/2010,ABI,TX,ASW,CE,Combined TRACON& Tower with Radar,2,31,48,5,86,0,6,25,0,31,2,37,73,5,117,28,22,50,167
09/17/2010,ABI,TX,ASW,CE,Combined TRACON& Tower with Radar,0,32,34,17,83,0,2,44,0,46,0,34,78,17,129,24,36,60,189
09/18/2010,ABI,TX,ASW,CE,Combined TRACON& Tower with Radar,0,15,22,26,63,0,2,53,3,58,0,17,75,29,121,62,37,99,220
09/19/2010,ABI,TX,ASW,CE,Combined TRACON& Tower with Radar,5,20,16,2,43,0,1,32,0,33,5,21,48,2,76,0,0,0,76
09/20/2010,ABI,TX,ASW,CE,Combined TRACON& Tower with Radar,0,23,47,27,97,0,3,23,0,26,0,26,70,27,123,22,16,38,161
09/21/2010,ABI,TX,ASW,CE,Combined TRACON& Tower with Radar,0,30,45,61,136,0,4,19,0,23,0,34,64,61,159,22,94,116,275
09/22/2010,ABI,TX,ASW,CE,Combined TRACON& Tower with Radar,0,31,50,61,142,0,3,40,0,43,0,34,90,61,185,0,0,0,185
09/23/2010,ABI,TX,ASW,CE,Combined TRACON& Tower with Radar,2,26,70,51,149,0,4,11,1,16,2,30,81,52,165,22,60,82,247
09/24/2010,ABI,TX,ASW,CE,Combined TRACON& Tower with Radar,0,36,35,18,89,0,1,8,1,10,0,37,43,19,99,16,10,26,125
09/25/2010,ABI,TX,ASW,CE,Combined TRACON& Tower with Radar,0,16,20,4,40,0,3,6,0,9,0,19,26,4,49,12,6,18,67
09/26/2010,ABI,TX,ASW,CE,Combined TRACON& Tower with Radar,0,20,26,6,52,0,1,19,0,20,0,21,45,6,72,0,0,0,72
09/27/2010,ABI,TX,ASW,CE,Combined TRACON& Tower with Radar,4,18,36,29,87,0,3,48,3,54,4,21,84,32,141,38,46,84,225
09/28/2010,ABI,TX,ASW,CE,Combined TRACON& Tower with Radar,0,26,30,13,69,0,6,73,2,81,0,32,103,15,150,24,48,72,222
09/29/2010,ABI,TX,ASW,CE,Combined TRACON& Tower with Radar,0,29,24,12,65,0,7,47,0,54,0,36,71,12,119,80,10,90,209
09/30/2010,ABI,TX,ASW,CE,Combined TRACON& Tower with Radar,0,27,16,26,69,2,4,41,1,48,2,31,57,27,117,34,12,46,163
10/01/2010,ABI,TX,ASW,CE,Combined TRACON& Tower with Radar,0,26,23,12,61,0,5,28,0,33,0,31,51,12,94,60,17,77,171
10/02/2010,ABI,TX,ASW,CE,Combined TRACON& Tower with Radar,0,16,15,2,33,0,3,55,0,58,0,19,70,2,91,22,2,24,115
10/03/2010,ABI,TX,ASW,CE,Combined TRACON& Tower with Radar,0,18,17,0,35,0,0,30,0,30,0,18,47,0,65,0,0,0,65
10/04/2010,ABI,TX,ASW,CE,Combined TRACON& Tower with Radar,1,24,26,27,78,0,5,22,2,29,1,29,48,29,107,62,30,92,199
10/05/2010,ABI,TX,ASW,CE,Combined TRACON& Tower with Radar,0,30,29,26,85,0,6,36,0,42,0,36,65,26,127,16,72,88,215
10/06/2010,ABI,TX,ASW,CE,Combined TRACON& Tower with Radar,0,27,43,33,103,0,3,40,3,46,0,30,83,36,149,34,44,78,227
10/07/2010,ABI,TX,ASW,CE,Combined TRACON& Tower with Radar,2,27,50,47,126,0,3,53,8,64,2,30,103,55,190,24,56,80,270
10/08/2010,ABI,TX,ASW,CE,Combined TRACON& Tower with Radar,0,32,47,24,103,0,4,43,5,52,0,36,90,29,155,16,42,58,213
10/09/2010,ABI,TX,ASW,CE,Combined TRACON& Tower with Radar,0,25,16,0,41,0,4,62,1,67,0,29,78,1,108,82,0,82,190
10/10/2010,ABI,TX,ASW,CE,Combined TRACON& Tower with Radar,2,14,20,0,36,0,1,40,2,43,2,15,60,2,79,0,0,0,79
10/11/2010,ABI,TX,ASW,CE,Combined TRACON& Tower with Radar,0,21,22,4,47,0,1,36,2,39,0,22,58,6,86,20,4,24,110
10/12/2010,ABI,TX,ASW,CE,Combined TRACON& Tower with Radar,0,31,46,34,111,0,4,29,8,41,0,35,75,42,152,46,50,96,248
10/13/2010,ABI,TX,ASW,CE,Combined TRACON& Tower with Radar,0,31,57,50,138,0,6,36,0,42,0,37,93,50,180,18,56,74,254
10/14/2010,ABI,TX,ASW,CE,Combined TRACON& Tower with Radar,0,29,57,42,128,0,3,60,3,66,0,32,117,45,194,34,36,70,264
10/15/2010,ABI,TX,ASW,CE,Combined TRACON& Tower with Radar,0,31,47,33,111,0,4,54,1,59,0,35,101,34,170,16,36,52,222
10/16/2010,ABI,TX,ASW,CE,Combined TRACON& Tower with Radar,0,14,13,2,29,0,5,40,0,45,0,19,53,2,74,2,0,2,76
10/17/2010,ABI,TX,ASW,CE,Combined TRACON& Tower with Radar,0,16,22,1,39,0,1,30,0,31,0,17,52,1,70,0,0,0,70
10/18/2010,ABI,TX,ASW,CE,Combined TRACON& Tower with Radar,0,20,27,30,77,0,5,32,6,43,0,25,59,36,120,16,50,66,186
10/19/2010,ABI,TX,ASW,CE,Combined TRACON& Tower with Radar,0,23,25,27,75,0,6,43,0,49,0,29,68,27,124,30,24,54,178
10/20/2010,ABI,TX,ASW,CE,Combined TRACON& Tower with Radar,0,25,30,10,65,0,3,27,1,31,0,28,57,11,96,0,0,0,96
10/21/2010,ABI,TX,ASW,CE,Combined TRACON& Tower with Radar,0,27,29,34,90,0,3,19,9,31,0,30,48,43,121,8,16,24,145
10/22/2010,ABI,TX,ASW,CE,Combined TRACON& Tower with Radar,0,28,38,56,122,0,2,12,2,16,0,30,50,58,138,10,50,60,198
10/23/2010,ABI,TX,ASW,CE,Combined TRACON& Tower with Radar,10,16,5,1,32,0,1,13,0,14,10,17,18,1,46,12,0,12,58
10/24/2010,ABI,TX,ASW,CE,Combined TRACON& Tower with Radar,0,25,22,37,84,0,0,26,5,31,0,25,48,42,115,0,0,0,115
10/25/2010,ABI,TX,ASW,CE,Combined TRACON& Tower with Radar,0,33,32,35,100,0,3,24,0,27,0,36,56,35,127,6,53,59,186
10/26/2010,ABI,TX,ASW,CE,Combined TRACON& Tower with Radar,4,26,31,53,114,0,4,39,6,49,4,30,70,59,163,42,48,90,253
10/27/2010,ABI,TX,ASW,CE,Combined TRACON& Tower with Radar,0,24,43,37,104,0,7,58,0,65,0,31,101,37,169,84,64,148,317
10/28/2010,ABI,TX,ASW,CE,Combined TRACON& Tower with Radar,2,27,52,21,102,0,4,49,0,53,2,31,101,21,155,62,54,116,271
10/29/2010,ABI,TX,ASW,CE,Combined TRACON& Tower with Radar,0,33,29,40,102,0,8,51,3,62,0,41,80,43,164,54,38,92,256
10/30/2010,ABI,TX,ASW,CE,Combined TRACON& Tower with Radar,0,14,12,3,29,0,3,41,0,44,0,17,53,3,73,56,2,58,131
10/31/2010,ABI,TX,ASW,CE,Combined TRACON& Tower with Radar,2,19,12,0,33,0,2,24,0,26,2,21,36,0,59,0,0,0,59
11/01/2010,ABI,TX,ASW,CE,Combined TRACON& Tower with Radar,0,22,29,41,92,0,4,29,0,33,0,26,58,41,125,68,74,142,267
11/02/2010,ABI,TX,ASW,CE,Combined TRACON& Tower with Radar,4,25,54,43,126,0,4,25,2,31,4,29,79,45,157,56,108,164,321
11/03/2010,ABI,TX,ASW,CE,Combined TRACON& Tower with Radar,0,27,93,40,160,0,6,36,4,46,0,33,129,44,206,56,124,180,386
11/04/2010,ABI,TX,ASW,CE,Combined TRACON& Tower with Radar,0,25,53,33,111,0,4,58,0,62,0,29,111,33,173,74,28,102,275
11/05/2010,ABI,TX,ASW,CE,Combined TRACON& Tower with Radar,1,36,37,34,108,0,6,51,5,62,1,42,88,39,170,46,16,62,232
11/06/2010,ABI,TX,ASW,CE,Combined TRACON& Tower with Radar,1,18,11,4,34,0,4,37,1,42,1,22,48,5,76,40,2,42,118
11/07/2010,ABI,TX,ASW,CE,Combined TRACON& Tower with Radar,0,18,16,1,35,0,0,35,1,36,0,18,51,2,71,12,4,16,87
11/08/2010,ABI,TX,ASW,CE,Combined TRACON& Tower with Radar,0,18,22,25,65,0,4,30,0,34,0,22,52,25,99,16,32,48,147
11/09/2010,ABI,TX,ASW,CE,Combined TRACON& Tower with Radar,0,28,36,55,119,0,4,43,5,52,0,32,79,60,171,6,128,134,305
11/10/2010,ABI,TX,ASW,CE,Combined TRACON& Tower with Radar,0,25,44,26,95,0,3,46,7,56,0,28,90,33,151,22,46,68,219
11/11/2010,ABI,TX,ASW,CE,Combined TRACON& Tower with Radar,2,28,22,0,52,0,1,38,5,44,2,29,60,5,96,14,0,14,110
11/12/2010,ABI,TX,ASW,CE,Combined TRACON& Tower with Radar,0,29,48,20,97,0,2,4,2,8,0,31,52,22,105,2,58,60,165
11/13/2010,ABI,TX,ASW,CE,Combined TRACON& Tower with Radar,0,16,18,5,39,0,3,61,1,65,0,19,79,6,104,60,6,66,170
11/14/2010,ABI,TX,ASW,CE,Combined TRACON& Tower with Radar,2,20,14,8,44,0,1,20,6,27,2,21,34,14,71,0,0,0,71
11/15/2010,ABI,TX,ASW,CE,Combined TRACON& Tower with Radar,4,26,74,30,134,0,2,29,2,33,4,28,103,32,167,52,128,180,347
11/16/2010,ABI,TX,ASW,CE,Combined TRACON& Tower with Radar,0,34,49,24,107,0,4,35,4,43,0,38,84,28,150,22,50,72,222
11/17/2010,ABI,TX,ASW,CE,Combined TRACON& Tower with Radar,0,30,61,22,113,0,10,43,4,57,0,40,104,26,170,8,90,98,268
11/18/2010,ABI,TX,ASW,CE,Combined TRACON& Tower with Radar,0,29,44,47,120,0,5,40,2,47,0,34,84,49,167,70,28,98,265
11/19/2010,ABI,TX,ASW,CE,Combined TRACON& Tower with Radar,2,25,41,35,103,0,7,46,3,56,2,32,87,38,159,16,74,90,249
11/20/2010,ABI,TX,ASW,CE,Combined TRACON& Tower with Radar,0,14,16,30,60,0,5,40,4,49,0,19,56,34,109,66,112,178,287
11/21/2010,ABI,TX,ASW,CE,Combined TRACON& Tower with Radar,0,18,21,2,41,0,1,14,0,15,0,19,35,2,56,8,4,12,68
11/22/2010,ABI,TX,ASW,CE,Combined TRACON& Tower with Radar,5,25,53,26,109,0,6,14,0,20,5,31,67,26,129,10,80,90,219
11/23/2010,ABI,TX,ASW,CE,Combined TRACON& Tower with Radar,0,31,39,28,98,0,3,58,3,64,0,34,97,31,162,36,62,98,260
11/24/2010,ABI,TX,ASW,CE,Combined TRACON& Tower with Radar,0,28,35,22,85,0,5,26,0,31,0,33,61,22,116,6,88,94,210
11/25/2010,ABI,TX,ASW,CE,Combined TRACON& Tower with Radar,2,12,13,0,27,0,0,2,0,2,2,12,15,0,29,0,0,0,29
11/26/2010,ABI,TX,ASW,CE,Combined TRACON& Tower with Radar,2,22,12,0,36,0,4,38,0,42,2,26,50,0,78,30,0,30,108
11/27/2010,ABI,TX,ASW,CE,Combined TRACON& Tower with Radar,2,20,24,0,46,0,5,59,1,65,2,25,83,1,111,66,0,66,177
11/28/2010,ABI,TX,ASW,CE,Combined TRACON& Tower with Radar,2,14,12,0,28,0,3,23,0,26,2,17,35,0,54,0,0,0,54
11/29/2010,ABI,TX,ASW,CE,Combined TRACON& Tower with Radar,0,19,28,13,60,0,6,16,8,30,0,25,44,21,90,4,34,38,128
11/30/2010,ABI,TX,ASW,CE,Combined TRACON& Tower with Radar,0,26,29,16,71,0,3,30,2,35,0,29,59,18,106,36,28,64,170
12/01/2010,ABI,TX,ASW,CE,Combined TRACON& Tower with Radar,0,25,56,41,122,0,7,36,5,48,0,32,92,46,170,20,64,84,254
12/02/2010,ABI,TX,ASW,CE,Combined TRACON& Tower with Radar,0,29,27,27,83,0,8,51,0,59,0,37,78,27,142,48,16,64,206
12/03/2010,ABI,TX,ASW,CE,Combined TRACON& Tower with Radar,0,28,33,63,124,0,7,33,5,45,0,35,66,68,169,18,82,100,269
12/04/2010,ABI,TX,ASW,CE,Combined TRACON& Tower with Radar,0,13,41,0,54,0,4,21,0,25,0,17,62,0,79,32,0,32,111
12/05/2010,ABI,TX,ASW,CE,Combined TRACON& Tower with Radar,2,22,11,0,35,0,0,28,0,28,2,22,39,0,63,0,0,0,63
12/06/2010,ABI,TX,ASW,CE,Combined TRACON& Tower with Radar,4,18,57,31,110,0,4,19,0,23,4,22,76,31,133,4,120,124,257
12/07/2010,ABI,TX,ASW,CE,Combined TRACON& Tower with Radar,2,24,41,34,101,0,5,37,0,42,2,29,78,34,143,8,84,92,235
12/08/2010,ABI,TX,ASW,CE,Combined TRACON& Tower with Radar,0,26,39,23,88,0,3,23,1,27,0,29,62,24,115,0,0,0,115
12/09/2010,ABI,TX,ASW,CE,Combined TRACON& Tower with Radar,2,27,22,37,88,0,8,24,0,32,2,35,46,37,120,2,36,38,158
12/10/2010,ABI,TX,ASW,CE,Combined TRACON& Tower with Radar,1,27,41,16,85,0,7,45,0,52,1,34,86,16,137,38,24,62,199
12/11/2010,ABI,TX,ASW,CE,Combined TRACON& Tower with Radar,2,14,16,13,45,0,2,49,3,54,2,16,65,16,99,40,38,78,177
12/12/2010,ABI,TX,ASW,CE,Combined TRACON& Tower with Radar,0,14,14,2,30,0,0,30,0,30,0,14,44,2,60,0,0,0,60
12/13/2010,ABI,TX,ASW,CE,Combined TRACON& Tower with Radar,0,21,32,37,90,0,5,29,0,34,0,26,61,37,124,16,48,64,188
12/14/2010,ABI,TX,ASW,CE,Combined TRACON& Tower with Radar,0,27,16,54,97,0,9,28,2,39,0,36,44,56,136,34,66,100,236
12/15/2010,ABI,TX,ASW,CE,Combined TRACON& Tower with Radar,0,26,31,25,82,0,7,34,1,42,0,33,65,26,124,0,0,0,124
12/16/2010,ABI,TX,ASW,CE,Combined TRACON& Tower with Radar,0,0,0,2,2,0,0,3,0,3,0,0,3,2,5,58,14,72,77
12/17/2010,ABI,TX,ASW,CE,Combined TRACON& Tower with Radar,0,27,39,48,114,0,3,22,1,26,0,30,61,49,140,18,186,204,344
12/18/2010,ABI,TX,ASW,CE,Combined TRACON& Tower with Radar,0,17,16,8,41,0,5,46,3,54,0,22,62,11,95,24,10,34,129
12/19/2010,ABI,TX,ASW,CE,Combined TRACON& Tower with Radar,0,16,6,0,22,0,3,26,0,29,0,19,32,0,51,0,0,0,51
12/20/2010,ABI,TX,ASW,CE,Combined TRACON& Tower with Radar,0,23,20,15,58,0,4,18,8,30,0,27,38,23,88,0,0,0,88
12/21/2010,ABI,TX,ASW,CE,Combined TRACON& Tower with Radar,0,29,46,23,98,0,6,50,1,57,0,35,96,24,155,12,22,34,189
12/22/2010,ABI,TX,ASW,CE,Combined TRACON& Tower with Radar,0,31,31,14,76,0,2,17,0,19,0,33,48,14,95,0,0,0,95
12/23/2010,ABI,TX,ASW,CE,Combined TRACON& Tower with Radar,0,34,9,5,48,0,2,5,0,7,0,36,14,5,55,0,0,0,55
12/24/2010,ABI,TX,ASW,CE,Combined TRACON& Tower with Radar,0,42,11,1,54,0,0,1,0,1,0,42,12,1,55,0,0,0,55
12/25/2010,ABI,TX,ASW,CE,Combined TRACON& Tower with Radar,0,13,8,0,21,0,2,10,0,12,0,15,18,0,33,32,0,32,65
12/26/2010,ABI,TX,ASW,CE,Combined TRACON& Tower with Radar,0,17,17,0,34,0,0,31,0,31,0,17,48,0,65,0,0,0,65
12/27/2010,ABI,TX,ASW,CE,Combined TRACON& Tower with Radar,2,20,8,0,30,0,7,23,0,30,2,27,31,0,60,18,0,18,78
12/28/2010,ABI,TX,ASW,CE,Combined TRACON& Tower with Radar,0,30,20,9,59,0,0,0,1,1,0,30,20,10,60,4,24,28,88
12/29/2010,ABI,TX,ASW,CE,Combined TRACON& Tower with Radar,0,29,32,8,69,0,5,28,0,33,0,34,60,8,102,16,2,18,120
12/30/2010,ABI,TX,ASW,CE,Combined TRACON& Tower with Radar,2,27,25,4,58,0,3,16,0,19,2,30,41,4,77,0,0,0,77
12/31/2010,ABI,TX,ASW,CE,Combined TRACON& Tower with Radar,0,21,15,1,37,0,6,9,0,15,0,27,24,1,52,8,0,8,60
01/01/2011,ABI,TX,ASW,CE,Combined TRACON& Tower with Radar,0,14,0,0,14,0,2,11,0,13,0,16,11,0,27,0,0,0,27
01/02/2011,ABI,TX,ASW,CE,Combined TRACON& Tower with Radar,0,19,12,0,31,0,0,22,0,22,0,19,34,0,53,0,0,0,53
01/03/2011,ABI,TX,ASW,CE,Combined TRACON& Tower with Radar,0,19,18,1,38,0,6,21,2,29,0,25,39,3,67,2,0,2,69
01/04/2011,ABI,TX,ASW,CE,Combined TRACON& Tower with Radar,0,27,31,9,67,0,2,15,0,17,0,29,46,9,84,0,0,0,84
01/05/2011,ABI,TX,ASW,CE,Combined TRACON& Tower with Radar,0,40,37,52,129,0,7,32,10,49,0,47,69,62,178,0,0,0,178
01/06/2011,ABI,TX,ASW,CE,Combined TRACON& Tower with Radar,0,28,37,17,82,0,6,33,12,51,0,34,70,29,133,22,42,64,197
01/07/2011,ABI,TX,ASW,CE,Combined TRACON& Tower with Radar,0,28,18,27,73,0,4,33,0,37,0,32,51,27,110,8,24,32,142
01/08/2011,ABI,TX,ASW,CE,Combined TRACON& Tower with Radar,0,16,25,14,55,0,4,36,0,40,0,20,61,14,95,8,20,28,123
01/09/2011,ABI,TX,ASW,CE,Combined TRACON& Tower with Radar,2,13,22,0,37,0,0,2,1,3,2,13,24,1,40,6,0,6,46
01/10/2011,ABI,TX,ASW,CE,Combined TRACON& Tower with Radar,0,17,28,2,47,0,0,0,2,2,0,17,28,4,49,0,0,0,49
01/11/2011,ABI,TX,ASW,CE,Combined TRACON& Tower with Radar,0,39,52,39,130,0,8,24,6,38,0,47,76,45,168,10,104,114,282
01/12/2011,ABI,TX,ASW,CE,Combined TRACON& Tower with Radar,1,26,18,23,68,0,4,29,0,33,1,30,47,23,101,0,0,0,101
01/13/2011,ABI,TX,ASW,CE,Combined TRACON& Tower with Radar,0,24,47,24,95,0,4,35,0,39,0,28,82,24,134,0,0,0,134
01/14/2011,ABI,TX,ASW,CE,Combined TRACON& Tower with Radar,0,27,43,23,93,0,2,18,0,20,0,29,61,23,113,16,42,58,171
01/15/2011,ABI,TX,ASW,CE,Combined TRACON& Tower with Radar,0,17,26,0,43,0,0,12,0,12,0,17,38,0,55,16,0,16,71
01/16/2011,ABI,TX,ASW,CE,Combined TRACON& Tower with Radar,0,16,8,0,24,0,0,4,0,4,0,16,12,0,28,0,0,0,28
01/17/2011,ABI,TX,ASW,CE,Combined TRACON& Tower with Radar,1,22,16,7,46,0,3,18,0,21,1,25,34,7,67,6,0,6,73
01/18/2011,ABI,TX,ASW,CE,Combined TRACON& Tower with Radar,0,26,37,54,117,0,9,33,5,47,0,35,70,59,164,32,98,130,294
01/19/2011,ABI,TX,ASW,CE,Combined TRACON& Tower with Radar,0,28,33,39,100,0,4,18,1,23,0,32,51,40,123,4,68,72,195
01/20/2011,ABI,TX,ASW,CE,Combined TRACON& Tower with Radar,1,26,49,51,127,0,2,21,1,24,1,28,70,52,151,54,120,174,325
01/21/2011,ABI,TX,ASW,CE,Combined TRACON& Tower with Radar,0,27,49,35,111,0,7,35,5,47,0,34,84,40,158,0,0,0,158
01/22/2011,ABI,TX,ASW,CE,Combined TRACON& Tower with Radar,0,13,5,0,18,0,1,24,4,29,0,14,29,4,47,0,0,0,47
01/23/2011,ABI,TX,ASW,CE,Combined TRACON& Tower with Radar,0,14,10,4,28,0,1,18,3,22,0,15,28,7,50,0,0,0,50
01/24/2011,ABI,TX,ASW,CE,Combined TRACON& Tower with Radar,0,20,30,68,118,0,6,47,4,57,0,26,77,72,175,0,0,0,175
01/25/2011,ABI,TX,ASW,CE,Combined TRACON& Tower with Radar,0,27,28,33,88,0,3,21,0,24,0,30,49,33,112,8,16,24,136
01/26/2011,ABI,TX,ASW,CE,Combined TRACON& Tower with Radar,0,23,26,24,73,0,5,51,3,59,0,28,77,27,132,64,158,222,354
01/27/2011,ABI,TX,ASW,CE,Combined TRACON& Tower with Radar,0,31,35,12,78,0,3,53,10,66,0,34,88,22,144,26,62,88,232
01/28/2011,ABI,TX,ASW,CE,Combined TRACON& Tower with Radar,0,30,21,20,71,0,3,72,7,82,0,33,93,27,153,24,44,68,221
01/29/2011,ABI,TX,ASW,CE,Combined TRACON& Tower with Radar,0,16,11,17,44,0,2,43,1,46,0,18,54,18,90,20,22,42,132
01/30/2011,ABI,TX,ASW,CE,Combined TRACON& Tower with Radar,0,18,17,0,35,0,0,35,0,35,0,18,52,0,70,24,0,24,94
01/31/2011,ABI,TX,ASW,CE,Combined TRACON& Tower with Radar,0,20,36,75,131,0,1,24,1,26,0,21,60,76,157,34,168,202,359
02/01/2011,ABI,TX,ASW,CE,Combined TRACON& Tower with Radar,0,0,0,0,0,0,0,0,0,0,0,0,0,0,0,0,0,0,0
02/02/2011,ABI,TX,ASW,CE,Combined TRACON& Tower with Radar,0,0,0,0,0,0,3,2,1,6,0,3,2,1,6,0,0,0,6
02/03/2011,ABI,TX,ASW,CE,Combined TRACON& Tower with Radar,0,0,0,0,0,0,4,1,0,5,0,4,1,0,5,0,0,0,5
02/04/2011,ABI,TX,ASW,CE,Combined TRACON& Tower with Radar,0,8,1,0,9,0,1,1,0,2,0,9,2,0,11,0,0,0,11
02/05/2011,ABI,TX,ASW,CE,Combined TRACON& Tower with Radar,0,17,11,0,28,0,4,10,1,15,0,21,21,1,43,54,0,54,97
02/06/2011,ABI,TX,ASW,CE,Combined TRACON& Tower with Radar,0,18,10,0,28,0,0,1,0,1,0,18,11,0,29,0,0,0,29
02/07/2011,ABI,TX,ASW,CE,Combined TRACON& Tower with Radar,8,19,17,21,65,0,3,36,3,42,8,22,53,24,107,58,14,72,179
02/08/2011,ABI,TX,ASW,CE,Combined TRACON& Tower with Radar,3,23,41,29,96,0,5,23,4,32,3,28,64,33,128,4,100,104,232
02/09/2011,ABI,TX,ASW,CE,Combined TRACON& Tower with Radar,0,21,6,6,33,0,3,0,1,4,0,24,6,7,37,0,0,0,37
02/10/2011,ABI,TX,ASW,CE,Combined TRACON& Tower with Radar,0,24,47,27,98,0,7,36,0,43,0,31,83,27,141,40,12,52,193
02/11/2011,ABI,TX,ASW,CE,Combined TRACON& Tower with Radar,2,27,56,34,119,0,5,35,5,45,2,32,91,39,164,66,46,112,276
02/12/2011,ABI,TX,ASW,CE,Combined TRACON& Tower with Radar,0,15,16,1,32,0,2,43,1,46,0,17,59,2,78,12,0,12,90
02/13/2011,ABI,TX,ASW,CE,Combined TRACON& Tower with Radar,0,14,20,15,49,0,0,36,1,37,0,14,56,16,86,0,0,0,86
02/14/2011,ABI,TX,ASW,CE,Combined TRACON& Tower with Radar,0,17,10,57,84,0,5,35,3,43,0,22,45,60,127,38,42,80,207
02/15/2011,ABI,TX,ASW,CE,Combined TRACON& Tower with Radar,0,34,56,55,145,0,4,33,9,46,0,38,89,64,191,22,164,186,377
02/16/2011,ABI,TX,ASW,CE,Combined TRACON& Tower with Radar,0,29,88,62,179,0,4,39,5,48,0,33,127,67,227,28,142,170,397
02/17/2011,ABI,TX,ASW,CE,Combined TRACON& Tower with Radar,2,27,51,60,140,0,3,29,4,36,2,30,80,64,176,6,84,90,266
02/18/2011,ABI,TX,ASW,CE,Combined TRACON& Tower with Radar,0,29,70,34,133,0,3,43,7,53,0,32,113,41,186,48,146,194,380
02/19/2011,ABI,TX,ASW,CE,Combined TRACON& Tower with Radar,0,15,32,6,53,0,0,9,1,10,0,15,41,7,63,16,8,24,87
02/20/2011,ABI,TX,ASW,CE,Combined TRACON& Tower with Radar,2,15,16,2,35,0,1,16,0,17,2,16,32,2,52,34,0,34,86
02/21/2011,ABI,TX,ASW,CE,Combined TRACON& Tower with Radar,0,19,18,0,37,0,0,35,0,35,0,19,53,0,72,64,0,64,136
02/22/2011,ABI,TX,ASW,CE,Combined TRACON& Tower with Radar,0,29,86,25,140,0,3,37,3,43,0,32,123,28,183,16,78,94,277
02/23/2011,ABI,TX,ASW,CE,Combined TRACON& Tower with Radar,0,24,47,11,82,0,4,8,1,13,0,28,55,12,95,0,0,0,95
02/24/2011,ABI,TX,ASW,CE,Combined TRACON& Tower with Radar,0,24,35,13,72,0,4,9,0,13,0,28,44,13,85,0,0,0,85
02/25/2011,ABI,TX,ASW,CE,Combined TRACON& Tower with Radar,0,25,76,35,136,0,5,48,1,54,0,30,124,36,190,6,80,86,276
02/26/2011,ABI,TX,ASW,CE,Combined TRACON& Tower with Radar,0,21,22,6,49,0,1,41,0,42,0,22,63,6,91,30,2,32,123
02/27/2011,ABI,TX,ASW,CE,Combined TRACON& Tower with Radar,4,16,11,0,31,0,2,8,0,10,4,18,19,0,41,0,0,0,41
02/28/2011,ABI,TX,ASW,CE,Combined TRACON& Tower with Radar,0,19,46,30,95,0,4,24,1,29,0,23,70,31,124,26,154,180,304
03/01/2011,ABI,TX,ASW,CE,Combined TRACON& Tower with Radar,0,24,49,44,117,0,8,37,6,51,0,32,86,50,168,4,132,136,304
03/02/2011,ABI,TX,ASW,CE,Combined TRACON& Tower with Radar,0,28,54,17,99,0,9,36,3,48,0,37,90,20,147,54,20,74,221
03/03/2011,ABI,TX,ASW,CE,Combined TRACON& Tower with Radar,2,23,32,19,76,0,5,46,1,52,2,28,78,20,128,20,30,50,178
03/04/2011,ABI,TX,ASW,CE,Combined TRACON& Tower with Radar,2,24,53,19,98,0,4,19,2,25,2,28,72,21,123,26,52,78,201
03/05/2011,ABI,TX,ASW,CE,Combined TRACON& Tower with Radar,0,19,13,18,50,0,4,22,2,28,0,23,35,20,78,14,32,46,124
03/06/2011,ABI,TX,ASW,CE,Combined TRACON& Tower with Radar,0,15,5,6,26,0,3,28,0,31,0,18,33,6,57,0,2,2,59
03/07/2011,ABI,TX,ASW,CE,Combined TRACON& Tower with Radar,2,25,39,21,87,0,8,18,3,29,2,33,57,24,116,6,64,70,186
03/08/2011,ABI,TX,ASW,CE,Combined TRACON& Tower with Radar,0,27,41,25,93,0,4,38,0,42,0,31,79,25,135,10,38,48,183
03/09/2011,ABI,TX,ASW,CE,Combined TRACON& Tower with Radar,0,27,38,31,96,0,7,38,3,48,0,34,76,34,144,0,0,0,144
03/10/2011,ABI,TX,ASW,CE,Combined TRACON& Tower with Radar,0,24,38,27,89,0,5,48,3,56,0,29,86,30,145,4,78,82,227
03/11/2011,ABI,TX,ASW,CE,Combined TRACON& Tower with Radar,0,29,37,17,83,0,6,23,14,43,0,35,60,31,126,30,56,86,212
03/12/2011,ABI,TX,ASW,CE,Combined TRACON& Tower with Radar,0,13,16,1,30,0,4,45,0,49,0,17,61,1,79,12,0,12,91
03/13/2011,ABI,TX,ASW,CE,Combined TRACON& Tower with Radar,0,16,15,23,54,0,0,17,1,18,0,16,32,24,72,0,0,0,72
03/14/2011,ABI,TX,ASW,CE,Combined TRACON& Tower with Radar,2,21,45,45,113,0,2,26,1,29,2,23,71,46,142,16,86,102,244
03/15/2011,ABI,TX,ASW,CE,Combined TRACON& Tower with Radar,2,31,18,16,67,0,7,64,31,102,2,38,82,47,169,41,30,71,240
03/16/2011,ABI,TX,ASW,CE,Combined TRACON& Tower with Radar,0,32,44,30,106,0,5,17,2,24,0,37,61,32,130,32,54,86,216
03/17/2011,ABI,TX,ASW,CE,Combined TRACON& Tower with Radar,2,26,19,10,57,0,6,14,1,21,2,32,33,11,78,36,44,80,158
03/18/2011,ABI,TX,ASW,CE,Combined TRACON& Tower with Radar,0,32,35,19,86,0,3,27,1,31,0,35,62,20,117,8,56,64,181
03/19/2011,ABI,TX,ASW,CE,Combined TRACON& Tower with Radar,0,16,23,9,48,0,3,17,0,20,0,19,40,9,68,0,8,8,76
03/20/2011,ABI,TX,ASW,CE,Combined TRACON& Tower with Radar,0,15,16,4,35,0,0,28,1,29,0,15,44,5,64,14,4,18,82
03/21/2011,ABI,TX,ASW,CE,Combined TRACON& Tower with Radar,2,21,63,16,102,0,4,10,3,17,2,25,73,19,119,25,25,50,169
03/22/2011,ABI,TX,ASW,CE,Combined TRACON& Tower with Radar,0,28,35,33,96,0,2,10,2,14,0,30,45,35,110,0,60,60,170
03/23/2011,ABI,TX,ASW,CE,Combined TRACON& Tower with Radar,0,24,62,48,134,0,5,50,1,56,0,29,112,49,190,0,0,0,190
03/24/2011,ABI,TX,ASW,CE,Combined TRACON& Tower with Radar,2,27,43,17,89,0,7,34,4,45,2,34,77,21,134,30,28,58,192
03/25/2011,ABI,TX,ASW,CE,Combined TRACON& Tower with Radar,1,26,50,35,112,0,5,49,3,57,1,31,99,38,169,22,134,156,325
03/26/2011,ABI,TX,ASW,CE,Combined TRACON& Tower with Radar,1,16,19,5,41,0,2,36,0,38,1,18,55,5,79,22,2,24,103
03/27/2011,ABI,TX,ASW,CE,Combined TRACON& Tower with Radar,0,18,21,5,44,0,0,9,0,9,0,18,30,5,53,0,0,0,53
03/28/2011,ABI,TX,ASW,CE,Combined TRACON& Tower with Radar,0,25,19,22,66,0,1,7,0,8,0,26,26,22,74,10,20,30,104
03/29/2011,ABI,TX,ASW,CE,Combined TRACON& Tower with Radar,0,31,27,25,83,0,0,0,0,0,0,31,27,25,83,0,28,28,111
03/30/2011,ABI,TX,ASW,CE,Combined TRACON& Tower with Radar,0,28,55,25,108,0,2,23,0,25,0,30,78,25,133,16,16,32,165
03/31/2011,ABI,TX,ASW,CE,Combined TRACON& Tower with Radar,0,28,53,28,109,0,6,62,2,70,0,34,115,30,179,18,52,70,249
04/01/2011,ABI,TX,ASW,CE,Combined TRACON& Tower with Radar,0,30,24,7,61,0,4,35,2,41,0,34,59,9,102,50,6,56,158
04/02/2011,ABI,TX,ASW,CE,Combined TRACON& Tower with Radar,0,15,24,5,44,0,3,44,9,56,0,18,68,14,100,26,6,32,132
04/03/2011,ABI,TX,ASW,CE,Combined TRACON& Tower with Radar,0,17,13,2,32,0,1,20,11,32,0,18,33,13,64,0,0,0,64
04/04/2011,ABI,TX,ASW,CE,Combined TRACON& Tower with Radar,2,22,75,49,148,0,8,16,5,29,2,30,91,54,177,20,184,204,381
04/05/2011,ABI,TX,ASW,CE,Combined TRACON& Tower with Radar,0,28,41,35,104,0,4,24,1,29,0,32,65,36,133,36,90,126,259
04/06/2011,ABI,TX,ASW,CE,Combined TRACON& Tower with Radar,0,27,57,33,117,0,7,26,5,38,0,34,83,38,155,24,40,64,219
04/07/2011,ABI,TX,ASW,CE,Combined TRACON& Tower with Radar,0,29,22,34,85,4,16,36,38,94,4,45,58,72,179,16,40,56,235
04/08/2011,ABI,TX,ASW,CE,Combined TRACON& Tower with Radar,0,32,50,18,100,3,19,56,44,122,3,51,106,62,222,28,34,62,284
04/09/2011,ABI,TX,ASW,CE,Combined TRACON& Tower with Radar,0,13,10,2,25,0,8,39,57,104,0,21,49,59,129,18,0,18,147
04/10/2011,ABI,TX,ASW,CE,Combined TRACON& Tower with Radar,2,14,12,2,30,0,8,27,23,58,2,22,39,25,88,0,0,0,88
04/11/2011,ABI,TX,ASW,CE,Combined TRACON& Tower with Radar,0,19,59,22,100,0,11,29,10,50,0,30,88,32,150,34,114,148,298
04/12/2011,ABI,TX,ASW,CE,Combined TRACON& Tower with Radar,5,25,37,24,91,2,13,47,2,64,7,38,84,26,155,20,44,64,219
04/13/2011,ABI,TX,ASW,CE,Combined TRACON& Tower with Radar,5,27,54,17,103,2,21,43,20,86,7,48,97,37,189,10,34,44,233
04/14/2011,ABI,TX,ASW,CE,Combined TRACON& Tower with Radar,0,26,53,14,93,0,8,31,14,53,0,34,84,28,146,18,34,52,198
04/15/2011,ABI,TX,ASW,CE,Combined TRACON& Tower with Radar,0,22,37,12,71,0,4,29,14,47,0,26,66,26,118,0,20,20,138
04/16/2011,ABI,TX,ASW,CE,Combined TRACON& Tower with Radar,0,18,21,12,51,0,3,58,54,115,0,21,79,66,166,14,6,20,186
04/17/2011,ABI,TX,ASW,CE,Combined TRACON& Tower with Radar,0,14,21,3,38,0,7,36,51,94,0,21,57,54,132,4,0,4,136
04/18/2011,ABI,TX,ASW,CE,Combined TRACON& Tower with Radar,2,20,49,13,84,0,25,52,54,131,2,45,101,67,215,14,0,14,229
04/19/2011,ABI,TX,ASW,CE,Combined TRACON& Tower with Radar,10,33,29,50,122,0,15,42,43,100,10,48,71,93,222,2,70,72,294
04/20/2011,ABI,TX,ASW,CE,Combined TRACON& Tower with Radar,0,33,47,10,90,0,2,25,1,28,0,35,72,11,118,0,0,0,118
04/21/2011,ABI,TX,ASW,CE,Combined TRACON& Tower with Radar,0,30,48,12,90,0,1,9,1,11,0,31,57,13,101,8,6,14,115
04/22/2011,ABI,TX,ASW,CE,Combined TRACON& Tower with Radar,2,28,39,2,71,0,3,32,5,40,2,31,71,7,111,8,6,14,125
04/23/2011,ABI,TX,ASW,CE,Combined TRACON& Tower with Radar,0,14,7,1,22,0,0,26,9,35,0,14,33,10,57,46,0,46,103
04/24/2011,ABI,TX,ASW,CE,Combined TRACON& Tower with Radar,2,10,17,0,29,0,0,11,2,13,2,10,28,2,42,0,0,0,42
04/25/2011,ABI,TX,ASW,CE,Combined TRACON& Tower with Radar,8,24,45,27,104,0,9,28,2,39,8,33,73,29,143,4,54,58,201
04/26/2011,ABI,TX,ASW,CE,Combined TRACON& Tower with Radar,0,25,58,41,124,0,11,40,20,71,0,36,98,61,195,42,104,146,341
04/27/2011,ABI,TX,ASW,CE,Combined TRACON& Tower with Radar,3,32,70,27,132,0,8,40,9,57,3,40,110,36,189,34,38,72,261
04/28/2011,ABI,TX,ASW,CE,Combined TRACON& Tower with Radar,4,24,46,14,88,0,4,50,7,61,4,28,96,21,149,32,8,40,189
04/29/2011,ABI,TX,ASW,CE,Combined TRACON& Tower with Radar,0,27,36,6,69,0,5,32,8,45,0,32,68,14,114,14,34,48,162
04/30/2011,ABI,TX,ASW,CE,Combined TRACON& Tower with Radar,0,19,16,12,47,0,6,29,11,46,0,25,45,23,93,2,2,4,97
05/01/2011,ABI,TX,ASW,CE,Combined TRACON& Tower with Radar,16,20,8,9,53,0,4,7,3,14,16,24,15,12,67,2,2,4,71
05/02/2011,ABI,TX,ASW,CE,Combined TRACON& Tower with Radar,0,23,31,33,87,0,2,3,0,5,0,25,34,33,92,14,34,48,140
05/03/2011,ABI,TX,ASW,CE,Combined TRACON& Tower with Radar,0,27,27,16,70,0,7,47,8,62,0,34,74,24,132,36,12,48,180
05/04/2011,ABI,TX,ASW,CE,Combined TRACON& Tower with Radar,0,30,24,25,79,0,6,42,12,60,0,36,66,37,139,64,18,82,221
05/05/2011,ABI,TX,ASW,CE,Combined TRACON& Tower with Radar,2,25,32,11,70,0,18,44,6,68,2,43,76,17,138,28,24,52,190
05/06/2011,ABI,TX,ASW,CE,Combined TRACON& Tower with Radar,0,25,23,16,64,0,5,36,1,42,0,30,59,17,106,34,14,48,154
05/07/2011,ABI,TX,ASW,CE,Combined TRACON& Tower with Radar,0,13,13,0,26,0,6,27,48,81,0,19,40,48,107,46,0,46,153
05/08/2011,ABI,TX,ASW,CE,Combined TRACON& Tower with Radar,0,19,9,5,33,0,3,29,18,50,0,22,38,23,83,0,0,0,83
05/09/2011,ABI,TX,ASW,CE,Combined TRACON& Tower with Radar,0,20,40,60,120,0,17,34,17,68,0,37,74,77,188,10,70,80,268
05/10/2011,ABI,TX,ASW,CE,Combined TRACON& Tower with Radar,2,28,31,10,71,1,13,19,3,36,3,41,50,13,107,18,22,40,147
05/11/2011,ABI,TX,ASW,CE,Combined TRACON& Tower with Radar,8,25,30,12,75,0,6,11,3,20,8,31,41,15,95,0,0,0,95
05/12/2011,ABI,TX,ASW,CE,Combined TRACON& Tower with Radar,6,35,38,34,113,0,18,27,4,49,6,53,65,38,162,36,58,94,256
05/13/2011,ABI,TX,ASW,CE,Combined TRACON& Tower with Radar,0,23,27,13,63,0,4,50,0,54,0,27,77,13,117,28,12,40,157
05/14/2011,ABI,TX,ASW,CE,Combined TRACON& Tower with Radar,0,18,28,0,46,0,7,40,0,47,0,25,68,0,93,46,0,46,139
05/15/2011,ABI,TX,ASW,CE,Combined TRACON& Tower with Radar,0,14,12,26,52,0,1,32,2,35,0,15,44,28,87,0,0,0,87
05/16/2011,ABI,TX,ASW,CE,Combined TRACON& Tower with Radar,2,17,42,18,79,0,5,33,2,40,2,22,75,20,119,20,44,64,183
05/17/2011,ABI,TX,ASW,CE,Combined TRACON& Tower with Radar,0,24,54,35,113,0,6,37,1,44,0,30,91,36,157,66,34,100,257
05/18/2011,ABI,TX,ASW,CE,Combined TRACON& Tower with Radar,0,30,36,7,73,0,3,19,2,24,0,33,55,9,97,0,0,0,97
05/19/2011,ABI,TX,ASW,CE,Combined TRACON& Tower with Radar,2,30,37,14,83,0,3,11,3,17,2,33,48,17,100,8,8,16,116
05/20/2011,ABI,TX,ASW,CE,Combined TRACON& Tower with Radar,4,29,44,35,112,0,2,15,6,23,4,31,59,41,135,8,54,62,197
05/21/2011,ABI,TX,ASW,CE,Combined TRACON& Tower with Radar,0,17,17,1,35,0,3,12,1,16,0,20,29,2,51,0,0,0,51
05/22/2011,ABI,TX,ASW,CE,Combined TRACON& Tower with Radar,6,23,19,0,48,0,1,11,0,12,6,24,30,0,60,0,0,0,60
05/23/2011,ABI,TX,ASW,CE,Combined TRACON& Tower with Radar,6,19,44,13,82,0,3,16,3,22,6,22,60,16,104,10,22,32,136
05/24/2011,ABI,TX,ASW,CE,Combined TRACON& Tower with Radar,8,26,46,27,107,0,4,26,9,39,8,30,72,36,146,6,84,90,236
05/25/2011,ABI,TX,ASW,CE,Combined TRACON& Tower with Radar,4,30,78,69,181,0,7,27,19,53,4,37,105,88,234,18,176,194,428
05/26/2011,ABI,TX,ASW,CE,Combined TRACON& Tower with Radar,0,24,58,28,110,0,3,56,5,64,0,27,114,33,174,40,62,102,276
05/27/2011,ABI,TX,ASW,CE,Combined TRACON& Tower with Radar,2,30,41,8,81,0,5,36,1,42,2,35,77,9,123,4,16,20,143
05/28/2011,ABI,TX,ASW,CE,Combined TRACON& Tower with Radar,4,19,9,0,32,1,3,26,0,30,5,22,35,0,62,12,0,12,74
05/29/2011,ABI,TX,ASW,CE,Combined TRACON& Tower with Radar,0,15,4,1,20,0,3,19,4,26,0,18,23,5,46,16,0,16,62
05/30/2011,ABI,TX,ASW,CE,Combined TRACON& Tower with Radar,0,13,5,0,18,0,2,10,5,17,0,15,15,5,35,2,0,2,37
05/31/2011,ABI,TX,ASW,CE,Combined TRACON& Tower with Radar,1,22,71,26,120,0,10,23,1,34,1,32,94,27,154,28,98,126,280
06/01/2011,ABI,TX,ASW,CE,Combined TRACON& Tower with Radar,0,23,47,19,89,0,5,45,7,57,0,28,92,26,146,0,0,0,146
06/02/2011,ABI,TX,ASW,CE,Combined TRACON& Tower with Radar,0,26,75,28,129,0,8,48,16,72,0,34,123,44,201,2,48,50,251
06/03/2011,ABI,TX,ASW,CE,Combined TRACON& Tower with Radar,0,25,37,10,72,1,6,36,33,76,1,31,73,43,148,6,6,12,160
06/04/2011,ABI,TX,ASW,CE,Combined TRACON& Tower with Radar,0,14,14,0,28,0,1,57,14,72,0,15,71,14,100,58,0,58,158
06/05/2011,ABI,TX,ASW,CE,Combined TRACON& Tower with Radar,0,14,21,2,37,0,2,33,9,44,0,16,54,11,81,0,0,0,81
06/06/2011,ABI,TX,ASW,CE,Combined TRACON& Tower with Radar,0,19,28,15,62,0,16,41,15,72,0,35,69,30,134,28,16,44,178
06/07/2011,ABI,TX,ASW,CE,Combined TRACON& Tower with Radar,0,29,55,15,99,0,5,28,2,35,0,34,83,17,134,12,32,44,178
06/08/2011,ABI,TX,ASW,CE,Combined TRACON& Tower with Radar,0,26,30,14,70,0,37,38,23,98,0,63,68,37,168,8,16,24,192
06/09/2011,ABI,TX,ASW,CE,Combined TRACON& Tower with Radar,0,28,47,19,94,0,26,41,59,126,0,54,88,78,220,6,52,58,278
06/10/2011,ABI,TX,ASW,CE,Combined TRACON& Tower with Radar,2,29,33,43,107,0,7,29,65,101,2,36,62,108,208,8,46,54,262
06/11/2011,ABI,TX,ASW,CE,Combined TRACON& Tower with Radar,0,17,20,1,38,0,3,67,12,82,0,20,87,13,120,40,0,40,160
06/12/2011,ABI,TX,ASW,CE,Combined TRACON& Tower with Radar,0,20,20,1,41,0,5,26,10,41,0,25,46,11,82,0,0,0,82
06/13/2011,ABI,TX,ASW,CE,Combined TRACON& Tower with Radar,2,22,49,33,106,0,5,30,5,40,2,27,79,38,146,2,68,70,216
06/14/2011,ABI,TX,ASW,CE,Combined TRACON& Tower with Radar,0,24,49,21,94,0,11,39,12,62,0,35,88,33,156,14,62,76,232
06/15/2011,ABI,TX,ASW,CE,Combined TRACON& Tower with Radar,0,24,34,35,93,0,13,43,4,60,0,37,77,39,153,0,0,0,153
06/16/2011,ABI,TX,ASW,CE,Combined TRACON& Tower with Radar,0,24,36,24,84,0,13,41,40,94,0,37,77,64,178,2,44,46,224
06/17/2011,ABI,TX,ASW,CE,Combined TRACON& Tower with Radar,2,25,51,6,84,0,6,41,19,66,2,31,92,25,150,18,36,54,204
06/18/2011,ABI,TX,ASW,CE,Combined TRACON& Tower with Radar,0,15,8,0,23,0,10,28,13,51,0,25,36,13,74,24,0,24,98
06/19/2011,ABI,TX,ASW,CE,Combined TRACON& Tower with Radar,0,17,9,0,26,0,12,28,32,72,0,29,37,32,98,0,0,0,98
06/20/2011,ABI,TX,ASW,CE,Combined TRACON& Tower with Radar,2,21,14,13,50,0,22,37,27,86,2,43,51,40,136,2,18,20,156
06/21/2011,ABI,TX,ASW,CE,Combined TRACON& Tower with Radar,0,32,40,10,82,0,39,20,36,95,0,71,60,46,177,12,16,28,205
06/22/2011,ABI,TX,ASW,CE,Combined TRACON& Tower with Radar,0,27,44,20,91,0,17,39,37,93,0,44,83,57,184,42,50,92,276
06/23/2011,ABI,TX,ASW,CE,Combined TRACON& Tower with Radar,0,25,26,10,61,0,14,57,32,103,0,39,83,42,164,46,10,56,220
06/24/2011,ABI,TX,ASW,CE,Combined TRACON& Tower with Radar,0,24,21,27,72,0,7,52,32,91,0,31,73,59,163,13,40,53,216
06/25/2011,ABI,TX,ASW,CE,Combined TRACON& Tower with Radar,4,16,17,8,45,0,2,40,30,72,4,18,57,38,117,24,8,32,149
06/26/2011,ABI,TX,ASW,CE,Combined TRACON& Tower with Radar,4,24,7,0,35,0,5,29,3,37,4,29,36,3,72,0,0,0,72
06/27/2011,ABI,TX,ASW,CE,Combined TRACON& Tower with Radar,2,20,25,49,96,0,4,29,4,37,2,24,54,53,133,20,64,84,217
06/28/2011,ABI,TX,ASW,CE,Combined TRACON& Tower with Radar,0,30,42,45,117,0,7,44,3,54,0,37,86,48,171,10,88,98,269
06/29/2011,ABI,TX,ASW,CE,Combined TRACON& Tower with Radar,0,26,28,21,75,0,5,39,0,44,0,31,67,21,119,0,0,0,119
06/30/2011,ABI,TX,ASW,CE,Combined TRACON& Tower with Radar,0,32,29,10,71,0,4,31,2,37,0,36,60,12,108,32,26,58,166
07/01/2011,ABI,TX,ASW,CE,Combined TRACON& Tower with Radar,0,27,23,0,50,0,7,35,0,42,0,34,58,0,92,6,0,6,98
07/02/2011,ABI,TX,ASW,CE,Combined TRACON& Tower with Radar,0,11,5,0,16,0,7,18,0,25,0,18,23,0,41,20,0,20,61
07/03/2011,ABI,TX,ASW,CE,Combined TRACON& Tower with Radar,1,13,2,0,16,0,0,10,0,10,1,13,12,0,26,22,0,22,48
07/04/2011,ABI,TX,ASW,CE,Combined TRACON& Tower with Radar,0,12,8,0,20,0,0,28,0,28,0,12,36,0,48,22,0,22,70
07/05/2011,ABI,TX,ASW,CE,Combined TRACON& Tower with Radar,1,24,22,9,56,0,27,21,16,64,1,51,43,25,120,32,6,38,158
07/06/2011,ABI,TX,ASW,CE,Combined TRACON& Tower with Radar,0,29,34,36,99,0,9,42,20,71,0,38,76,56,170,0,0,0,170
07/07/2011,ABI,TX,ASW,CE,Combined TRACON& Tower with Radar,0,26,33,27,86,0,7,35,21,63,0,33,68,48,149,12,42,54,203
07/08/2011,ABI,TX,ASW,CE,Combined TRACON& Tower with Radar,3,26,31,9,69,0,7,41,18,66,3,33,72,27,135,12,22,34,169
07/09/2011,ABI,TX,ASW,CE,Combined TRACON& Tower with Radar,1,14,13,1,29,0,5,54,23,82,1,19,67,24,111,10,14,24,135
07/10/2011,ABI,TX,ASW,CE,Combined TRACON& Tower with Radar,0,17,13,8,38,0,18,30,15,63,0,35,43,23,101,26,0,26,127
07/11/2011,ABI,TX,ASW,CE,Combined TRACON& Tower with Radar,0,22,31,46,99,0,28,36,10,74,0,50,67,56,173,6,74,80,253
07/12/2011,ABI,TX,ASW,CE,Combined TRACON& Tower with Radar,0,23,31,30,84,0,19,34,16,69,0,42,65,46,153,52,76,128,281
07/13/2011,ABI,TX,ASW,CE,Combined TRACON& Tower with Radar,0,28,33,21,82,0,12,32,18,62,0,40,65,39,144,0,0,0,144
07/14/2011,ABI,TX,ASW,CE,Combined TRACON& Tower with Radar,0,26,32,49,107,0,5,43,1,49,0,31,75,50,156,16,40,56,212
07/15/2011,ABI,TX,ASW,CE,Combined TRACON& Tower with Radar,0,26,34,37,97,0,6,43,36,85,0,32,77,73,182,10,20,30,212
07/16/2011,ABI,TX,ASW,CE,Combined TRACON& Tower with Radar,0,18,18,0,36,0,11,47,23,81,0,29,65,23,117,16,0,16,133
07/17/2011,ABI,TX,ASW,CE,Combined TRACON& Tower with Radar,0,14,7,9,30,0,1,25,1,27,0,15,32,10,57,0,0,0,57
07/18/2011,ABI,TX,ASW,CE,Combined TRACON& Tower with Radar,0,12,19,30,61,0,10,16,0,26,0,22,35,30,87,56,76,132,219
07/19/2011,ABI,TX,ASW,CE,Combined TRACON& Tower with Radar,0,39,25,15,79,0,9,35,1,45,0,48,60,16,124,32,48,80,204
07/20/2011,ABI,TX,ASW,CE,Combined TRACON& Tower with Radar,0,29,35,16,80,0,5,31,9,45,0,34,66,25,125,2,24,26,151
07/21/2011,ABI,TX,ASW,CE,Combined TRACON& Tower with Radar,0,26,40,30,96,0,6,35,4,45,0,32,75,34,141,46,40,86,227
07/22/2011,ABI,TX,ASW,CE,Combined TRACON& Tower with Radar,0,24,18,13,55,0,7,35,2,44,0,31,53,15,99,6,42,48,147
07/23/2011,ABI,TX,ASW,CE,Combined TRACON& Tower with Radar,0,15,10,3,28,0,5,20,11,36,0,20,30,14,64,0,0,0,64
07/24/2011,ABI,TX,ASW,CE,Combined TRACON& Tower with Radar,0,19,12,35,66,0,0,16,2,18,0,19,28,37,84,0,82,82,166
07/25/2011,ABI,TX,ASW,CE,Combined TRACON& Tower with Radar,0,17,25,17,59,0,6,37,6,49,0,23,62,23,108,86,26,112,220
07/26/2011,ABI,TX,ASW,CE,Combined TRACON& Tower with Radar,0,24,33,11,68,0,10,37,13,60,0,34,70,24,128,20,2,22,150
07/27/2011,ABI,TX,ASW,CE,Combined TRACON& Tower with Radar,0,27,44,19,90,0,8,38,14,60,0,35,82,33,150,86,20,106,256
07/28/2011,ABI,TX,ASW,CE,Combined TRACON& Tower with Radar,0,28,38,8,74,0,5,26,7,38,0,33,64,15,112,2,2,4,116
07/29/2011,ABI,TX,ASW,CE,Combined TRACON& Tower with Radar,3,25,34,35,97,0,8,33,5,46,3,33,67,40,143,16,38,54,197
07/30/2011,ABI,TX,ASW,CE,Combined TRACON& Tower with Radar,5,17,10,3,35,0,11,22,3,36,5,28,32,6,71,50,16,66,137
07/31/2011,ABI,TX,ASW,CE,Combined TRACON& Tower with Radar,0,17,12,12,41,0,0,26,1,27,0,17,38,13,68,0,0,0,68
08/01/2011,ABI,TX,ASW,CE,Combined TRACON& Tower with Radar,2,21,20,10,53,0,19,22,6,47,2,40,42,16,100,20,16,36,136
08/02/2011,ABI,TX,ASW,CE,Combined TRACON& Tower with Radar,4,29,28,14,75,0,5,21,2,28,4,34,49,16,103,12,12,24,127
08/03/2011,ABI,TX,ASW,CE,Combined TRACON& Tower with Radar,4,27,41,30,102,0,8,41,4,53,4,35,82,34,155,8,34,42,197
08/04/2011,ABI,TX,ASW,CE,Combined TRACON& Tower with Radar,3,25,32,22,82,0,11,42,4,57,3,36,74,26,139,14,12,26,165
08/05/2011,ABI,TX,ASW,CE,Combined TRACON& Tower with Radar,2,27,30,22,81,0,9,37,5,51,2,36,67,27,132,12,38,50,182
08/06/2011,ABI,TX,ASW,CE,Combined TRACON& Tower with Radar,0,16,7,0,23,0,4,53,2,59,0,20,60,2,82,8,0,8,90
08/07/2011,ABI,TX,ASW,CE,Combined TRACON& Tower with Radar,1,18,7,10,36,0,4,35,3,42,1,22,42,13,78,50,10,60,138
08/08/2011,ABI,TX,ASW,CE,Combined TRACON& Tower with Radar,3,19,13,5,40,0,10,49,2,61,3,29,62,7,101,30,4,34,135
08/09/2011,ABI,TX,ASW,CE,Combined TRACON& Tower with Radar,0,23,18,15,56,0,11,40,3,54,0,34,58,18,110,50,42,92,202
08/10/2011,ABI,TX,ASW,CE,Combined TRACON& Tower with Radar,0,33,33,21,87,0,9,34,0,43,0,42,67,21,130,20,24,44,174
08/11/2011,ABI,TX,ASW,CE,Combined TRACON& Tower with Radar,6,33,19,25,83,0,6,43,22,71,6,39,62,47,154,2,8,10,164
08/12/2011,ABI,TX,ASW,CE,Combined TRACON& Tower with Radar,2,30,18,23,73,0,12,42,27,81,2,42,60,50,154,10,42,52,206
08/13/2011,ABI,TX,ASW,CE,Combined TRACON& Tower with Radar,0,20,5,1,26,0,0,27,3,30,0,20,32,4,56,8,0,8,64
08/14/2011,ABI,TX,ASW,CE,Combined TRACON& Tower with Radar,0,19,6,7,32,0,3,13,1,17,0,22,19,8,49,0,0,0,49
08/15/2011,ABI,TX,ASW,CE,Combined TRACON& Tower with Radar,0,22,31,3,56,0,9,58,6,73,0,31,89,9,129,60,30,90,219
08/16/2011,ABI,TX,ASW,CE,Combined TRACON& Tower with Radar,2,26,11,8,47,0,4,30,0,34,2,30,41,8,81,10,20,30,111
08/17/2011,ABI,TX,ASW,CE,Combined TRACON& Tower with Radar,0,27,19,17,63,0,7,36,7,50,0,34,55,24,113,6,24,30,143
08/18/2011,ABI,TX,ASW,CE,Combined TRACON& Tower with Radar,0,28,25,21,74,0,4,35,4,43,0,32,60,25,117,10,18,28,145
08/19/2011,ABI,TX,ASW,CE,Combined TRACON& Tower with Radar,2,25,23,18,68,0,4,48,2,54,2,29,71,20,122,32,44,76,198
08/20/2011,ABI,TX,ASW,CE,Combined TRACON& Tower with Radar,0,19,6,0,25,0,5,47,0,52,0,24,53,0,77,44,0,44,121
08/21/2011,ABI,TX,ASW,CE,Combined TRACON& Tower with Radar,0,16,7,12,35,0,3,48,8,59,0,19,55,20,94,40,12,52,146
08/22/2011,ABI,TX,ASW,CE,Combined TRACON& Tower with Radar,2,21,43,18,84,0,5,27,0,32,2,26,70,18,116,12,50,62,178
08/23/2011,ABI,TX,ASW,CE,Combined TRACON& Tower with Radar,2,27,35,30,94,0,10,45,5,60,2,37,80,35,154,58,38,96,250
08/24/2011,ABI,TX,ASW,CE,Combined TRACON& Tower with Radar,0,28,27,30,85,0,6,38,5,49,0,34,65,35,134,20,30,50,184
08/25/2011,ABI,TX,ASW,CE,Combined TRACON& Tower with Radar,0,28,32,10,70,0,4,57,10,71,0,32,89,20,141,16,4,20,161
08/26/2011,ABI,TX,ASW,CE,Combined TRACON& Tower with Radar,0,24,19,13,56,0,6,52,3,61,0,30,71,16,117,36,2,38,155
08/27/2011,ABI,TX,ASW,CE,Combined TRACON& Tower with Radar,0,17,7,0,24,0,2,40,0,42,0,19,47,0,66,32,0,32,98
08/28/2011,ABI,TX,ASW,CE,Combined TRACON& Tower with Radar,0,21,15,0,36,0,3,24,8,35,0,24,39,8,71,0,0,0,71
08/29/2011,ABI,TX,ASW,CE,Combined TRACON& Tower with Radar,5,20,19,31,75,0,10,28,4,42,5,30,47,35,117,8,30,38,155
08/30/2011,ABI,TX,ASW,CE,Combined TRACON& Tower with Radar,1,27,29,10,67,0,10,28,6,44,1,37,57,16,111,16,32,48,159
08/31/2011,ABI,TX,ASW,CE,Combined TRACON& Tower with Radar,0,30,23,23,76,0,25,41,19,85,0,55,64,42,161,62,48,110,271
09/01/2011,ABI,TX,ASW,CE,Combined TRACON& Tower with Radar,0,27,36,15,78,0,8,36,30,74,0,35,72,45,152,16,18,34,186
09/02/2011,ABI,TX,ASW,CE,Combined TRACON& Tower with Radar,2,27,45,10,84,0,9,61,5,75,2,36,106,15,159,38,28,66,225
09/03/2011,ABI,TX,ASW,CE,Combined TRACON& Tower with Radar,0,12,9,0,21,0,3,47,4,54,0,15,56,4,75,32,0,32,107
09/04/2011,ABI,TX,ASW,CE,Combined TRACON& Tower with Radar,0,14,13,2,29,0,16,18,6,40,0,30,31,8,69,2,10,12,81
09/05/2011,ABI,TX,ASW,CE,Combined TRACON& Tower with Radar,0,13,7,1,21,0,13,45,15,73,0,26,52,16,94,16,0,16,110
09/06/2011,ABI,TX,ASW,CE,Combined TRACON& Tower with Radar,0,24,28,16,68,0,8,50,17,75,0,32,78,33,143,44,22,66,209
09/07/2011,ABI,TX,ASW,CE,Combined TRACON& Tower with Radar,2,22,44,19,87,0,9,33,13,55,2,31,77,32,142,0,0,0,142
09/08/2011,ABI,TX,ASW,CE,Combined TRACON& Tower with Radar,0,24,39,12,75,0,11,46,7,64,0,35,85,19,139,48,14,62,201
09/09/2011,ABI,TX,ASW,CE,Combined TRACON& Tower with Radar,2,24,30,22,78,0,8,35,4,47,2,32,65,26,125,44,20,64,189
09/10/2011,ABI,TX,ASW,CE,Combined TRACON& Tower with Radar,0,14,16,33,63,0,5,30,4,39,0,19,46,37,102,46,32,78,180
09/11/2011,ABI,TX,ASW,CE,Combined TRACON& Tower with Radar,0,14,7,10,31,0,3,30,1,34,0,17,37,11,65,0,0,0,65
09/12/2011,ABI,TX,ASW,CE,Combined TRACON& Tower with Radar,0,17,26,4,47,0,4,36,0,40,0,21,62,4,87,6,8,14,101
09/13/2011,ABI,TX,ASW,CE,Combined TRACON& Tower with Radar,0,25,32,8,65,0,11,28,3,42,0,36,60,11,107,34,16,50,157
09/14/2011,ABI,TX,ASW,CE,Combined TRACON& Tower with Radar,0,29,40,11,80,0,6,28,0,34,0,35,68,11,114,44,22,66,180
09/15/2011,ABI,TX,ASW,CE,Combined TRACON& Tower with Radar,0,28,26,6,60,0,8,19,0,27,0,36,45,6,87,32,0,32,119
09/16/2011,ABI,TX,ASW,CE,Combined TRACON& Tower with Radar,10,25,33,6,74,0,10,14,6,30,10,35,47,12,104,20,2,22,126
09/17/2011,ABI,TX,ASW,CE,Combined TRACON& Tower with Radar,0,22,13,5,40,0,2,20,2,24,0,24,33,7,64,10,0,10,74
09/18/2011,ABI,TX,ASW,CE,Combined TRACON& Tower with Radar,4,15,15,2,36,0,1,19,0,20,4,16,34,2,56,18,0,18,74
09/19/2011,ABI,TX,ASW,CE,Combined TRACON& Tower with Radar,2,20,29,32,83,0,6,22,3,31,2,26,51,35,114,18,72,90,204
09/20/2011,ABI,TX,ASW,CE,Combined TRACON& Tower with Radar,0,24,17,24,65,0,6,41,7,54,0,30,58,31,119,44,26,70,189
09/21/2011,ABI,TX,ASW,CE,Combined TRACON& Tower with Radar,0,24,27,13,64,0,9,32,16,57,0,33,59,29,121,30,16,46,167
09/22/2011,ABI,TX,ASW,CE,Combined TRACON& Tower with Radar,2,25,15,12,54,0,5,13,0,18,2,30,28,12,72,0,0,0,72
09/23/2011,ABI,TX,ASW,CE,Combined TRACON& Tower with Radar,0,23,23,18,64,0,11,46,12,69,0,34,69,30,133,80,36,116,249
09/24/2011,ABI,TX,ASW,CE,Combined TRACON& Tower with Radar,0,17,9,13,39,0,8,53,2,63,0,25,62,15,102,72,14,86,188
09/25/2011,ABI,TX,ASW,CE,Combined TRACON& Tower with Radar,0,16,13,11,40,0,0,31,4,35,0,16,44,15,75,48,20,68,143
09/26/2011,ABI,TX,ASW,CE,Combined TRACON& Tower with Radar,2,24,19,10,55,0,5,26,0,31,2,29,45,10,86,16,14,30,116
09/27/2011,ABI,TX,ASW,CE,Combined TRACON& Tower with Radar,0,28,23,13,64,0,10,28,2,40,0,38,51,15,104,4,34,38,142
09/28/2011,ABI,TX,ASW,CE,Combined TRACON& Tower with Radar,0,25,19,30,74,0,9,35,5,49,0,34,54,35,123,0,0,0,123
09/29/2011,ABI,TX,ASW,CE,Combined TRACON& Tower with Radar,0,27,23,15,65,0,7,29,3,39,0,34,52,18,104,40,14,54,158
09/30/2011,ABI,TX,ASW,CE,Combined TRACON& Tower with Radar,3,26,28,9,66,1,10,36,2,49,4,36,64,11,115,70,12,82,197
10/01/2011,ABI,TX,ASW,CE,Combined TRACON& Tower with Radar,1,14,17,8,40,0,10,43,2,55,1,24,60,10,95,68,0,68,163
10/02/2011,ABI,TX,ASW,CE,Combined TRACON& Tower with Radar,2,14,21,2,39,0,7,43,1,51,2,21,64,3,90,113,2,115,205
10/03/2011,ABI,TX,ASW,CE,Combined TRACON& Tower with Radar,1,20,23,9,53,0,5,31,0,36,1,25,54,9,89,2,18,20,109
10/04/2011,ABI,TX,ASW,CE,Combined TRACON& Tower with Radar,0,23,16,12,51,0,5,44,2,51,0,28,60,14,102,64,42,106,208
10/05/2011,ABI,TX,ASW,CE,Combined TRACON& Tower with Radar,0,29,33,8,70,0,9,20,0,29,0,38,53,8,99,20,28,48,147
10/06/2011,ABI,TX,ASW,CE,Combined TRACON& Tower with Radar,3,26,35,28,92,0,6,25,0,31,3,32,60,28,123,28,32,60,183
10/07/2011,ABI,TX,ASW,CE,Combined TRACON& Tower with Radar,0,28,69,18,115,0,3,9,9,21,0,31,78,27,136,6,28,34,170
10/08/2011,ABI,TX,ASW,CE,Combined TRACON& Tower with Radar,0,14,2,0,16,0,2,1,0,3,0,16,3,0,19,0,0,0,19
10/09/2011,ABI,TX,ASW,CE,Combined TRACON& Tower with Radar,0,15,24,0,39,0,0,4,0,4,0,15,28,0,43,0,0,0,43
10/10/2011,ABI,TX,ASW,CE,Combined TRACON& Tower with Radar,0,20,29,0,49,0,1,24,1,26,0,21,53,1,75,46,0,46,121
10/11/2011,ABI,TX,ASW,CE,Combined TRACON& Tower with Radar,0,23,52,16,91,0,5,36,3,44,0,28,88,19,135,50,68,118,253
10/12/2011,ABI,TX,ASW,CE,Combined TRACON& Tower with Radar,4,28,63,11,106,0,5,31,0,36,4,33,94,11,142,30,70,100,242
10/13/2011,ABI,TX,ASW,CE,Combined TRACON& Tower with Radar,0,23,38,38,99,0,9,35,2,46,0,32,73,40,145,40,60,100,245
10/14/2011,ABI,TX,ASW,CE,Combined TRACON& Tower with Radar,0,26,37,24,87,0,7,31,0,38,0,33,68,24,125,50,58,108,233
10/15/2011,ABI,TX,ASW,CE,Combined TRACON& Tower with Radar,0,16,23,0,39,0,2,72,2,76,0,18,95,2,115,48,0,48,163
10/16/2011,ABI,TX,ASW,CE,Combined TRACON& Tower with Radar,0,16,16,15,47,0,1,41,1,43,0,17,57,16,90,40,16,56,146
10/17/2011,ABI,TX,ASW,CE,Combined TRACON& Tower with Radar,0,23,39,29,91,0,5,27,4,36,0,28,66,33,127,20,50,70,197
10/18/2011,ABI,TX,ASW,CE,Combined TRACON& Tower with Radar,0,30,45,17,92,0,5,24,4,33,0,35,69,21,125,0,0,0,125
10/19/2011,ABI,TX,ASW,CE,Combined TRACON& Tower with Radar,0,32,105,24,161,0,4,42,0,46,0,36,147,24,207,46,110,156,363
10/20/2011,ABI,TX,ASW,CE,Combined TRACON& Tower with Radar,2,25,30,49,106,0,7,52,0,59,2,32,82,49,165,46,34,80,245
10/21/2011,ABI,TX,ASW,CE,Combined TRACON& Tower with Radar,2,31,66,18,117,0,5,40,0,45,2,36,106,18,162,64,36,100,262
10/22/2011,ABI,TX,ASW,CE,Combined TRACON& Tower with Radar,0,20,20,2,42,0,3,27,0,30,0,23,47,2,72,50,0,50,122
10/23/2011,ABI,TX,ASW,CE,Combined TRACON& Tower with Radar,2,25,39,0,66,0,0,28,0,28,2,25,67,0,94,0,0,0,94
10/24/2011,ABI,TX,ASW,CE,Combined TRACON& Tower with Radar,2,26,77,29,134,0,6,34,4,44,2,32,111,33,178,34,60,94,272
10/25/2011,ABI,TX,ASW,CE,Combined TRACON& Tower with Radar,0,24,42,67,133,0,5,40,0,45,0,29,82,67,178,30,74,104,282
10/26/2011,ABI,TX,ASW,CE,Combined TRACON& Tower with Radar,1,27,57,55,140,0,7,31,1,39,1,34,88,56,179,0,0,0,179
10/27/2011,ABI,TX,ASW,CE,Combined TRACON& Tower with Radar,0,30,20,31,81,0,1,0,0,1,0,31,20,31,82,0,0,0,82
10/28/2011,ABI,TX,ASW,CE,Combined TRACON& Tower with Radar,1,28,62,55,146,0,4,32,2,38,1,32,94,57,184,30,54,84,268
10/29/2011,ABI,TX,ASW,CE,Combined TRACON& Tower with Radar,0,13,23,4,40,0,4,59,0,63,0,17,82,4,103,0,0,0,103
10/30/2011,ABI,TX,ASW,CE,Combined TRACON& Tower with Radar,1,14,13,3,31,0,2,41,2,45,1,16,54,5,76,68,2,70,146
10/31/2011,ABI,TX,ASW,CE,Combined TRACON& Tower with Radar,0,24,34,16,74,0,12,41,0,53,0,36,75,16,127,46,18,64,191
11/01/2011,ABI,TX,ASW,CE,Combined TRACON& Tower with Radar,0,33,45,30,108,0,7,56,3,66,0,40,101,33,174,82,126,208,382
11/02/2011,ABI,TX,ASW,CE,Combined TRACON& Tower with Radar,0,29,63,23,115,0,4,20,0,24,0,33,83,23,139,0,0,0,139
11/03/2011,ABI,TX,ASW,CE,Combined TRACON& Tower with Radar,0,27,58,38,123,0,4,48,2,54,0,31,106,40,177,64,92,156,333
11/04/2011,ABI,TX,ASW,CE,Combined TRACON& Tower with Radar,0,26,33,38,97,0,5,55,6,66,0,31,88,44,163,40,76,116,279
11/05/2011,ABI,TX,ASW,CE,Combined TRACON& Tower with Radar,0,14,11,3,28,0,2,23,2,27,0,16,34,5,55,0,4,4,59
11/06/2011,ABI,TX,ASW,CE,Combined TRACON& Tower with Radar,0,22,37,20,79,0,1,25,3,29,0,23,62,23,108,0,0,0,108
11/07/2011,ABI,TX,ASW,CE,Combined TRACON& Tower with Radar,0,21,31,3,55,0,3,7,0,10,0,24,38,3,65,26,8,34,99
11/08/2011,ABI,TX,ASW,CE,Combined TRACON& Tower with Radar,0,26,46,36,108,0,3,10,0,13,0,29,56,36,121,12,38,50,171
11/09/2011,ABI,TX,ASW,CE,Combined TRACON& Tower with Radar,0,34,49,30,113,0,6,48,4,58,0,40,97,34,171,80,48,128,299
11/10/2011,ABI,TX,ASW,CE,Combined TRACON& Tower with Radar,2,37,53,64,156,0,5,47,6,58,2,42,100,70,214,59,110,169,383
11/11/2011,ABI,TX,ASW,CE,Combined TRACON& Tower with Radar,0,24,38,2,64,0,0,63,1,64,0,24,101,3,128,84,2,86,214
11/12/2011,ABI,TX,ASW,CE,Combined TRACON& Tower with Radar,0,14,7,0,21,0,2,27,0,29,0,16,34,0,50,58,0,58,108
11/13/2011,ABI,TX,ASW,CE,Combined TRACON& Tower with Radar,4,16,25,1,46,0,0,45,2,47,4,16,70,3,93,68,0,68,161
11/14/2011,ABI,TX,ASW,CE,Combined TRACON& Tower with Radar,0,17,51,29,97,0,4,32,1,37,0,21,83,30,134,16,30,46,180
11/15/2011,ABI,TX,ASW,CE,Combined TRACON& Tower with Radar,0,23,35,31,89,0,5,52,3,60,0,28,87,34,149,84,132,216,365
11/16/2011,ABI,TX,ASW,CE,Combined TRACON& Tower with Radar,2,34,78,14,128,0,4,24,1,29,2,38,102,15,157,18,78,96,253
11/17/2011,ABI,TX,ASW,CE,Combined TRACON& Tower with Radar,2,27,33,35,97,0,8,68,2,78,2,35,101,37,175,78,58,136,311
11/18/2011,ABI,TX,ASW,CE,Combined TRACON& Tower with Radar,2,28,29,15,74,0,7,41,0,48,2,35,70,15,122,6,48,54,176
11/19/2011,ABI,TX,ASW,CE,Combined TRACON& Tower with Radar,2,19,14,24,59,0,2,16,1,19,2,21,30,25,78,32,52,84,162
11/20/2011,ABI,TX,ASW,CE,Combined TRACON& Tower with Radar,2,18,26,0,46,0,0,3,0,3,2,18,29,0,49,0,0,0,49
11/21/2011,ABI,TX,ASW,CE,Combined TRACON& Tower with Radar,2,21,10,1,34,0,0,0,0,0,2,21,10,1,34,0,0,0,34
11/22/2011,ABI,TX,ASW,CE,Combined TRACON& Tower with Radar,0,32,54,25,111,0,1,7,0,8,0,33,61,25,119,52,24,76,195
11/23/2011,ABI,TX,ASW,CE,Combined TRACON& Tower with Radar,0,31,26,7,64,0,5,43,0,48,0,36,69,7,112,50,56,106,218
11/24/2011,ABI,TX,ASW,CE,Combined TRACON& Tower with Radar,2,16,6,0,24,0,5,10,0,15,2,21,16,0,39,0,0,0,39
11/25/2011,ABI,TX,ASW,CE,Combined TRACON& Tower with Radar,0,28,26,0,54,0,1,7,0,8,0,29,33,0,62,12,0,12,74
11/26/2011,ABI,TX,ASW,CE,Combined TRACON& Tower with Radar,0,15,23,5,43,0,5,12,0,17,0,20,35,5,60,0,4,4,64
11/27/2011,ABI,TX,ASW,CE,Combined TRACON& Tower with Radar,0,18,16,0,34,0,0,27,0,27,0,18,43,0,61,12,0,12,73
11/28/2011,ABI,TX,ASW,CE,Combined TRACON& Tower with Radar,0,26,50,24,100,0,7,37,0,44,0,33,87,24,144,76,98,174,318
11/29/2011,ABI,TX,ASW,CE,Combined TRACON& Tower with Radar,0,21,57,19,97,0,5,39,0,44,0,26,96,19,141,42,58,100,241
11/30/2011,ABI,TX,ASW,CE,Combined TRACON& Tower with Radar,0,29,68,24,121,0,4,51,0,55,0,33,119,24,176,0,0,0,176
12/01/2011,ABI,TX,ASW,CE,Combined TRACON& Tower with Radar,0,27,80,45,152,0,6,17,0,23,0,33,97,45,175,28,118,146,321
12/02/2011,ABI,TX,ASW,CE,Combined TRACON& Tower with Radar,0,29,23,27,79,0,0,0,0,0,0,29,23,27,79,0,14,14,93
12/03/2011,ABI,TX,ASW,CE,Combined TRACON& Tower with Radar,0,21,22,3,46,0,3,11,0,14,0,24,33,3,60,10,0,10,70
12/04/2011,ABI,TX,ASW,CE,Combined TRACON& Tower with Radar,0,14,18,0,32,0,0,2,0,2,0,14,20,0,34,0,0,0,34
12/05/2011,ABI,TX,ASW,CE,Combined TRACON& Tower with Radar,0,22,29,4,55,0,0,3,0,3,0,22,32,4,58,4,0,4,62
12/06/2011,ABI,TX,ASW,CE,Combined TRACON& Tower with Radar,0,31,57,13,101,0,3,10,1,14,0,34,67,14,115,14,36,50,165
12/07/2011,ABI,TX,ASW,CE,Combined TRACON& Tower with Radar,0,27,55,50,132,0,5,40,1,46,0,32,95,51,178,0,0,0,178
12/08/2011,ABI,TX,ASW,CE,Combined TRACON& Tower with Radar,0,36,65,41,142,0,5,51,1,57,0,41,116,42,199,48,54,102,301
12/09/2011,ABI,TX,ASW,CE,Combined TRACON& Tower with Radar,0,31,73,31,135,0,3,24,4,31,0,34,97,35,166,12,34,46,212
12/10/2011,ABI,TX,ASW,CE,Combined TRACON& Tower with Radar,0,17,27,4,48,0,0,5,1,6,0,17,32,5,54,16,0,16,70
12/11/2011,ABI,TX,ASW,CE,Combined TRACON& Tower with Radar,0,19,21,0,40,0,0,8,0,8,0,19,29,0,48,34,0,34,82
12/12/2011,ABI,TX,ASW,CE,Combined TRACON& Tower with Radar,0,23,62,41,126,0,0,0,0,0,0,23,62,41,126,4,18,22,148
12/13/2011,ABI,TX,ASW,CE,Combined TRACON& Tower with Radar,0,30,14,12,56,0,0,0,0,0,0,30,14,12,56,0,4,4,60
12/14/2011,ABI,TX,ASW,CE,Combined TRACON& Tower with Radar,4,29,30,17,80,0,2,18,2,22,4,31,48,19,102,0,0,0,102
12/15/2011,ABI,TX,ASW,CE,Combined TRACON& Tower with Radar,0,31,55,11,97,0,3,27,0,30,0,34,82,11,127,42,14,56,183
12/16/2011,ABI,TX,ASW,CE,Combined TRACON& Tower with Radar,0,28,48,15,91,0,6,43,4,53,0,34,91,19,144,22,74,96,240
12/17/2011,ABI,TX,ASW,CE,Combined TRACON& Tower with Radar,0,18,28,4,50,0,0,62,1,63,0,18,90,5,113,72,36,108,221
12/18/2011,ABI,TX,ASW,CE,Combined TRACON& Tower with Radar,0,14,23,7,44,0,0,21,0,21,0,14,44,7,65,50,4,54,119
12/19/2011,ABI,TX,ASW,CE,Combined TRACON& Tower with Radar,2,33,19,11,65,0,3,16,1,20,2,36,35,12,85,2,14,16,101
12/20/2011,ABI,TX,ASW,CE,Combined TRACON& Tower with Radar,0,30,65,54,149,0,5,19,0,24,0,35,84,54,173,26,66,92,265
12/21/2011,ABI,TX,ASW,CE,Combined TRACON& Tower with Radar,0,33,47,28,108,0,7,37,4,48,0,40,84,32,156,30,40,70,226
12/22/2011,ABI,TX,ASW,CE,Combined TRACON& Tower with Radar,0,31,23,30,84,0,4,19,3,26,0,35,42,33,110,8,80,88,198
12/23/2011,ABI,TX,ASW,CE,Combined TRACON& Tower with Radar,0,33,17,0,50,0,2,4,0,6,0,35,21,0,56,0,0,0,56
12/24/2011,ABI,TX,ASW,CE,Combined TRACON& Tower with Radar,0,26,2,0,28,0,2,1,0,3,0,28,3,0,31,0,0,0,31
12/25/2011,ABI,TX,ASW,CE,Combined TRACON& Tower with Radar,1,13,2,0,16,0,1,0,0,1,1,14,2,0,17,0,0,0,17
12/26/2011,ABI,TX,ASW,CE,Combined TRACON& Tower with Radar,0,17,17,0,34,0,2,16,0,18,0,19,33,0,52,0,0,0,52
12/27/2011,ABI,TX,ASW,CE,Combined TRACON& Tower with Radar,0,18,13,11,42,0,6,47,0,53,0,24,60,11,95,44,4,48,143
12/28/2011,ABI,TX,ASW,CE,Combined TRACON& Tower with Radar,0,24,15,0,39,0,5,37,0,42,0,29,52,0,81,36,0,36,117
12/29/2011,ABI,TX,ASW,CE,Combined TRACON& Tower with Radar,2,29,12,0,43,0,6,47,0,53,2,35,59,0,96,54,0,54,150
12/30/2011,ABI,TX,ASW,CE,Combined TRACON& Tower with Radar,0,30,17,0,47,0,4,70,0,74,0,34,87,0,121,62,0,62,183
12/31/2011,ABI,TX,ASW,CE,Combined TRACON& Tower with Radar,0,13,22,0,35,0,3,27,6,36,0,16,49,6,71,34,0,34,105
01/01/2012,ABI,TX,ASW,CE,Combined TRACON& Tower with Radar,2,16,13,0,31,0,0,21,0,21,2,16,34,0,52,0,0,0,52
01/02/2012,ABI,TX,ASW,CE,Combined TRACON& Tower with Radar,2,14,23,0,39,0,1,42,2,45,2,15,65,2,84,0,0,0,84
01/03/2012,ABI,TX,ASW,CE,Combined TRACON& Tower with Radar,0,16,23,4,43,0,4,34,0,38,0,20,57,4,81,6,10,16,97
01/04/2012,ABI,TX,ASW,CE,Combined TRACON& Tower with Radar,0,23,40,66,129,0,7,44,1,52,0,30,84,67,181,92,98,190,371
01/05/2012,ABI,TX,ASW,CE,Combined TRACON& Tower with Radar,0,26,75,18,119,0,5,41,0,46,0,31,116,18,165,52,102,154,319
01/06/2012,ABI,TX,ASW,CE,Combined TRACON& Tower with Radar,2,24,66,46,138,0,8,33,4,45,2,32,99,50,183,30,104,134,317
01/07/2012,ABI,TX,ASW,CE,Combined TRACON& Tower with Radar,0,20,22,5,47,0,2,52,0,54,0,22,74,5,101,46,6,52,153
01/08/2012,ABI,TX,ASW,CE,Combined TRACON& Tower with Radar,0,20,22,8,50,0,0,12,0,12,0,20,34,8,62,0,0,0,62
01/09/2012,ABI,TX,ASW,CE,Combined TRACON& Tower with Radar,0,27,27,31,85,0,0,0,0,0,0,27,27,31,85,2,50,52,137
01/10/2012,ABI,TX,ASW,CE,Combined TRACON& Tower with Radar,0,23,67,30,120,0,2,24,1,27,0,25,91,31,147,44,88,132,279
01/11/2012,ABI,TX,ASW,CE,Combined TRACON& Tower with Radar,0,25,48,35,108,0,5,22,2,29,0,30,70,37,137,0,0,0,137
01/12/2012,ABI,TX,ASW,CE,Combined TRACON& Tower with Radar,0,23,48,29,100,0,7,44,1,52,0,30,92,30,152,48,58,106,258
01/13/2012,ABI,TX,ASW,CE,Combined TRACON& Tower with Radar,0,24,64,8,96,0,6,44,2,52,0,30,108,10,148,90,34,124,272
01/14/2012,ABI,TX,ASW,CE,Combined TRACON& Tower with Radar,0,20,25,1,46,0,5,57,1,63,0,25,82,2,109,58,6,64,173
01/15/2012,ABI,TX,ASW,CE,Combined TRACON& Tower with Radar,0,20,23,0,43,0,0,18,2,20,0,20,41,2,63,0,0,0,63
01/16/2012,ABI,TX,ASW,CE,Combined TRACON& Tower with Radar,0,21,16,12,49,0,2,19,4,25,0,23,35,16,74,32,10,42,116
01/17/2012,ABI,TX,ASW,CE,Combined TRACON& Tower with Radar,0,29,42,30,101,0,4,38,2,44,0,33,80,32,145,72,68,140,285
01/18/2012,ABI,TX,ASW,CE,Combined TRACON& Tower with Radar,0,24,38,5,67,0,4,33,1,38,0,28,71,6,105,30,34,64,169
01/19/2012,ABI,TX,ASW,CE,Combined TRACON& Tower with Radar,0,24,39,17,80,0,5,48,0,53,0,29,87,17,133,50,28,78,211
01/20/2012,ABI,TX,ASW,CE,Combined TRACON& Tower with Radar,0,30,78,44,152,0,6,32,2,40,0,36,110,46,192,40,146,186,378
01/21/2012,ABI,TX,ASW,CE,Combined TRACON& Tower with Radar,0,13,23,8,44,0,2,49,1,52,0,15,72,9,96,74,10,84,180
01/22/2012,ABI,TX,ASW,CE,Combined TRACON& Tower with Radar,0,13,10,0,23,0,1,2,0,3,0,14,12,0,26,0,0,0,26
01/23/2012,ABI,TX,ASW,CE,Combined TRACON& Tower with Radar,0,17,30,14,61,0,4,45,0,49,0,21,75,14,110,52,28,80,190
01/24/2012,ABI,TX,ASW,CE,Combined TRACON& Tower with Radar,3,26,46,0,75,0,0,6,0,6,3,26,52,0,81,22,0,22,103
01/25/2012,ABI,TX,ASW,CE,Combined TRACON& Tower with Radar,1,29,28,19,77,0,0,0,0,0,1,29,28,19,77,6,18,24,101
01/26/2012,ABI,TX,ASW,CE,Combined TRACON& Tower with Radar,0,25,90,28,143,0,3,35,1,39,0,28,125,29,182,92,136,228,410
01/27/2012,ABI,TX,ASW,CE,Combined TRACON& Tower with Radar,0,27,49,11,87,0,7,31,1,39,0,34,80,12,126,28,24,52,178
01/28/2012,ABI,TX,ASW,CE,Combined TRACON& Tower with Radar,0,19,16,0,35,0,3,42,0,45,0,22,58,0,80,80,0,80,160
01/29/2012,ABI,TX,ASW,CE,Combined TRACON& Tower with Radar,2,13,13,0,28,0,3,24,2,29,2,16,37,2,57,14,0,14,71
01/30/2012,ABI,TX,ASW,CE,Combined TRACON& Tower with Radar,0,17,43,18,78,0,7,26,2,35,0,24,69,20,113,0,0,0,113
01/31/2012,ABI,TX,ASW,CE,Combined TRACON& Tower with Radar,0,23,38,32,93,0,2,32,2,36,0,25,70,34,129,94,126,220,349
02/01/2012,ABI,TX,ASW,CE,Combined TRACON& Tower with Radar,0,28,55,24,107,0,5,42,0,47,0,33,97,24,154,74,48,122,276
02/02/2012,ABI,TX,ASW,CE,Combined TRACON& Tower with Radar,2,30,34,41,107,0,3,13,0,16,2,33,47,41,123,36,62,98,221
02/03/2012,ABI,TX,ASW,CE,Combined TRACON& Tower with Radar,2,33,22,49,106,0,7,24,1,32,2,40,46,50,138,48,46,94,232
02/04/2012,ABI,TX,ASW,CE,Combined TRACON& Tower with Radar,0,18,25,4,47,0,2,26,0,28,0,20,51,4,75,74,0,74,149
02/05/2012,ABI,TX,ASW,CE,Combined TRACON& Tower with Radar,0,19,23,7,49,0,2,19,0,21,0,21,42,7,70,2,12,14,84
02/06/2012,ABI,TX,ASW,CE,Combined TRACON& Tower with Radar,0,19,68,19,106,0,5,45,2,52,0,24,113,21,158,32,136,168,326
02/07/2012,ABI,TX,ASW,CE,Combined TRACON& Tower with Radar,0,21,43,16,80,0,7,37,1,45,0,28,80,17,125,98,34,132,257
02/08/2012,ABI,TX,ASW,CE,Combined TRACON& Tower with Radar,0,33,70,14,117,0,5,10,0,15,0,38,80,14,132,0,0,0,132
02/09/2012,ABI,TX,ASW,CE,Combined TRACON& Tower with Radar,0,29,56,34,119,0,3,12,0,15,0,32,68,34,134,14,98,112,246
02/10/2012,ABI,TX,ASW,CE,Combined TRACON& Tower with Radar,0,39,36,53,128,0,2,27,2,31,0,41,63,55,159,0,0,0,159
02/11/2012,ABI,TX,ASW,CE,Combined TRACON& Tower with Radar,0,17,17,37,71,0,2,39,7,48,0,19,56,44,119,56,24,80,199
02/12/2012,ABI,TX,ASW,CE,Combined TRACON& Tower with Radar,1,12,11,6,30,0,0,3,0,3,1,12,14,6,33,0,0,0,33
02/13/2012,ABI,TX,ASW,CE,Combined TRACON& Tower with Radar,0,25,67,21,113,0,4,15,0,19,0,29,82,21,132,18,56,74,206
02/14/2012,ABI,TX,ASW,CE,Combined TRACON& Tower with Radar,0,29,54,29,112,0,3,43,1,47,0,32,97,30,159,40,126,166,325
02/15/2012,ABI,TX,ASW,CE,Combined TRACON& Tower with Radar,2,32,48,42,124,0,3,6,6,15,2,35,54,48,139,8,58,66,205
02/16/2012,ABI,TX,ASW,CE,Combined TRACON& Tower with Radar,0,30,66,36,132,0,4,5,0,9,0,34,71,36,141,70,74,144,285
02/17/2012,ABI,TX,ASW,CE,Combined TRACON& Tower with Radar,1,30,90,28,149,0,0,0,0,0,1,30,90,28,149,0,50,50,199
02/18/2012,ABI,TX,ASW,CE,Combined TRACON& Tower with Radar,0,18,7,0,25,0,0,0,0,0,0,18,7,0,25,0,0,0,25
02/19/2012,ABI,TX,ASW,CE,Combined TRACON& Tower with Radar,3,22,35,4,64,0,4,17,0,21,3,26,52,4,85,74,14,88,173
02/20/2012,ABI,TX,ASW,CE,Combined TRACON& Tower with Radar,3,23,10,0,36,0,2,8,0,10,3,25,18,0,46,8,0,8,54
02/21/2012,ABI,TX,ASW,CE,Combined TRACON& Tower with Radar,0,23,53,33,109,0,8,41,0,49,0,31,94,33,158,74,74,148,306
02/22/2012,ABI,TX,ASW,CE,Combined TRACON& Tower with Radar,2,23,33,24,82,0,6,29,0,35,2,29,62,24,117,32,54,86,203
02/23/2012,ABI,TX,ASW,CE,Combined TRACON& Tower with Radar,0,23,20,7,50,0,8,20,1,29,0,31,40,8,79,0,8,8,87
02/24/2012,ABI,TX,ASW,CE,Combined TRACON& Tower with Radar,2,22,31,42,97,0,7,59,0,66,2,29,90,42,163,0,0,0,163
02/25/2012,ABI,TX,ASW,CE,Combined TRACON& Tower with Radar,0,16,10,0,26,0,3,46,0,49,0,19,56,0,75,0,0,0,75
02/26/2012,ABI,TX,ASW,CE,Combined TRACON& Tower with Radar,1,16,21,0,38,0,0,30,0,30,1,16,51,0,68,0,0,0,68
02/27/2012,ABI,TX,ASW,CE,Combined TRACON& Tower with Radar,0,26,17,36,79,0,1,3,0,4,0,27,20,36,83,18,38,56,139
02/28/2012,ABI,TX,ASW,CE,Combined TRACON& Tower with Radar,0,31,27,26,84,0,3,10,1,14,0,34,37,27,98,0,38,38,136
02/29/2012,ABI,TX,ASW,CE,Combined TRACON& Tower with Radar,0,25,64,20,109,1,4,58,2,65,1,29,122,22,174,142,48,190,364
03/01/2012,ABI,TX,ASW,CE,Combined TRACON& Tower with Radar,0,27,22,14,63,0,4,26,7,37,0,31,48,21,100,42,44,86,186
03/02/2012,ABI,TX,ASW,CE,Combined TRACON& Tower with Radar,0,30,40,50,120,0,8,50,1,59,0,38,90,51,179,56,66,122,301
03/03/2012,ABI,TX,ASW,CE,Combined TRACON& Tower with Radar,3,14,18,19,54,0,2,44,1,47,3,16,62,20,101,36,18,54,155
03/04/2012,ABI,TX,ASW,CE,Combined TRACON& Tower with Radar,0,14,14,3,31,0,2,46,0,48,0,16,60,3,79,26,12,38,117
03/05/2012,ABI,TX,ASW,CE,Combined TRACON& Tower with Radar,2,17,39,17,75,0,4,40,2,46,2,21,79,19,121,88,60,148,269
03/06/2012,ABI,TX,ASW,CE,Combined TRACON& Tower with Radar,0,25,36,40,101,0,3,14,2,19,0,28,50,42,120,2,42,44,164
03/07/2012,ABI,TX,ASW,CE,Combined TRACON& Tower with Radar,0,29,38,26,93,0,2,7,2,11,0,31,45,28,104,8,40,48,152
03/08/2012,ABI,TX,ASW,CE,Combined TRACON& Tower with Radar,0,22,22,2,46,0,0,1,0,1,0,22,23,2,47,4,0,4,51
03/09/2012,ABI,TX,ASW,CE,Combined TRACON& Tower with Radar,2,26,35,25,88,0,0,5,0,5,2,26,40,25,93,22,74,96,189
03/10/2012,ABI,TX,ASW,CE,Combined TRACON& Tower with Radar,0,23,5,2,30,0,1,2,0,3,0,24,7,2,33,0,0,0,33
03/11/2012,ABI,TX,ASW,CE,Combined TRACON& Tower with Radar,0,15,24,7,46,0,1,14,0,15,0,16,38,7,61,22,10,32,93
03/12/2012,ABI,TX,ASW,CE,Combined TRACON& Tower with Radar,0,23,65,33,121,0,8,53,2,63,0,31,118,35,184,80,64,144,328
03/13/2012,ABI,TX,ASW,CE,Combined TRACON& Tower with Radar,0,28,74,25,127,0,2,33,1,36,0,30,107,26,163,58,48,106,269
03/14/2012,ABI,TX,ASW,CE,Combined TRACON& Tower with Radar,0,27,59,64,150,0,1,6,0,7,0,28,65,64,157,20,203,223,380
03/15/2012,ABI,TX,ASW,CE,Combined TRACON& Tower with Radar,0,28,42,44,114,0,5,10,2,17,0,33,52,46,131,4,32,36,167
03/16/2012,ABI,TX,ASW,CE,Combined TRACON& Tower with Radar,0,24,26,31,81,0,4,14,3,21,0,28,40,34,102,32,56,88,190
03/17/2012,ABI,TX,ASW,CE,Combined TRACON& Tower with Radar,0,21,19,4,44,0,1,20,0,21,0,22,39,4,65,60,2,62,127
03/18/2012,ABI,TX,ASW,CE,Combined TRACON& Tower with Radar,0,22,23,3,48,0,0,8,0,8,0,22,31,3,56,0,0,0,56
03/19/2012,ABI,TX,ASW,CE,Combined TRACON& Tower with Radar,12,15,15,14,56,0,1,2,0,3,12,16,17,14,59,0,32,32,91
03/20/2012,ABI,TX,ASW,CE,Combined TRACON& Tower with Radar,0,26,44,55,125,0,5,26,3,34,0,31,70,58,159,34,76,110,269
03/21/2012,ABI,TX,ASW,CE,Combined TRACON& Tower with Radar,0,25,56,35,116,0,6,29,2,37,0,31,85,37,153,36,86,122,275
03/22/2012,ABI,TX,ASW,CE,Combined TRACON& Tower with Radar,0,27,57,35,119,0,3,34,6,43,0,30,91,41,162,30,80,110,272
03/23/2012,ABI,TX,ASW,CE,Combined TRACON& Tower with Radar,0,26,34,64,124,0,7,64,5,76,0,33,98,69,200,38,112,150,350
03/24/2012,ABI,TX,ASW,CE,Combined TRACON& Tower with Radar,0,17,19,14,50,0,2,55,2,59,0,19,74,16,109,66,14,80,189
03/25/2012,ABI,TX,ASW,CE,Combined TRACON& Tower with Radar,0,22,28,2,52,0,0,32,0,32,0,22,60,2,84,48,0,48,132
03/26/2012,ABI,TX,ASW,CE,Combined TRACON& Tower with Radar,0,26,52,14,92,0,3,41,0,44,0,29,93,14,136,50,46,96,232
03/27/2012,ABI,TX,ASW,CE,Combined TRACON& Tower with Radar,0,22,57,26,105,0,7,46,2,55,0,29,103,28,160,26,70,96,256
03/28/2012,ABI,TX,ASW,CE,Combined TRACON& Tower with Radar,0,25,33,28,86,0,6,21,1,28,0,31,54,29,114,0,0,0,114
03/29/2012,ABI,TX,ASW,CE,Combined TRACON& Tower with Radar,0,38,44,28,110,0,2,42,0,44,0,40,86,28,154,40,42,82,236
03/30/2012,ABI,TX,ASW,CE,Combined TRACON& Tower with Radar,0,30,40,44,114,0,4,27,4,35,0,34,67,48,149,34,58,92,241
03/31/2012,ABI,TX,ASW,CE,Combined TRACON& Tower with Radar,0,17,14,10,41,0,1,55,0,56,0,18,69,10,97,54,20,74,171
04/01/2012,ABI,TX,ASW,CE,Combined TRACON& Tower with Radar,0,18,13,0,31,0,0,34,3,37,0,18,47,3,68,2,2,4,72
04/02/2012,ABI,TX,ASW,CE,Combined TRACON& Tower with Radar,0,20,46,71,137,0,5,30,1,36,0,25,76,72,173,4,88,92,265
04/03/2012,ABI,TX,ASW,CE,Combined TRACON& Tower with Radar,10,24,60,21,115,0,7,22,2,31,10,31,82,23,146,18,118,136,282
04/04/2012,ABI,TX,ASW,CE,Combined TRACON& Tower with Radar,0,21,51,53,125,0,6,16,4,26,0,27,67,57,151,0,0,0,151
04/05/2012,ABI,TX,ASW,CE,Combined TRACON& Tower with Radar,0,25,49,14,88,0,4,48,0,52,0,29,97,14,140,32,44,76,216
04/06/2012,ABI,TX,ASW,CE,Combined TRACON& Tower with Radar,2,25,39,25,91,0,9,45,1,55,2,34,84,26,146,60,58,118,264
04/07/2012,ABI,TX,ASW,CE,Combined TRACON& Tower with Radar,0,17,21,0,38,0,3,12,1,16,0,20,33,1,54,74,0,74,128
04/08/2012,ABI,TX,ASW,CE,Combined TRACON& Tower with Radar,12,23,31,0,66,0,2,11,0,13,12,25,42,0,79,0,0,0,79
04/09/2012,ABI,TX,ASW,CE,Combined TRACON& Tower with Radar,2,28,32,16,78,0,4,29,1,34,2,32,61,17,112,40,50,90,202
04/10/2012,ABI,TX,ASW,CE,Combined TRACON& Tower with Radar,0,28,77,12,117,0,9,33,4,46,0,37,110,16,163,54,56,110,273
04/11/2012,ABI,TX,ASW,CE,Combined TRACON& Tower with Radar,0,27,51,14,92,0,4,45,3,52,0,31,96,17,144,38,48,86,230
04/12/2012,ABI,TX,ASW,CE,Combined TRACON& Tower with Radar,0,28,28,28,84,0,4,22,0,26,0,32,50,28,110,6,24,30,140
04/13/2012,ABI,TX,ASW,CE,Combined TRACON& Tower with Radar,2,29,59,33,123,0,5,24,1,30,2,34,83,34,153,38,66,104,257
04/14/2012,ABI,TX,ASW,CE,Combined TRACON& Tower with Radar,0,16,20,4,40,0,3,8,2,13,0,19,28,6,53,0,2,2,55
04/15/2012,ABI,TX,ASW,CE,Combined TRACON& Tower with Radar,12,23,23,8,66,0,2,11,0,13,12,25,34,8,79,0,0,0,79
04/16/2012,ABI,TX,ASW,CE,Combined TRACON& Tower with Radar,2,19,50,14,85,0,7,40,0,47,2,26,90,14,132,28,90,118,250
04/17/2012,ABI,TX,ASW,CE,Combined TRACON& Tower with Radar,0,25,48,27,100,0,7,48,1,56,0,32,96,28,156,100,84,184,340
04/18/2012,ABI,TX,ASW,CE,Combined TRACON& Tower with Radar,0,24,56,18,98,0,6,41,7,54,0,30,97,25,152,0,0,0,152
04/19/2012,ABI,TX,ASW,CE,Combined TRACON& Tower with Radar,0,27,39,3,69,0,6,30,1,37,0,33,69,4,106,8,6,14,120
04/20/2012,ABI,TX,ASW,CE,Combined TRACON& Tower with Radar,0,26,49,31,106,0,4,35,2,41,0,30,84,33,147,80,70,150,297
04/21/2012,ABI,TX,ASW,CE,Combined TRACON& Tower with Radar,0,15,20,0,35,0,4,65,0,69,0,19,85,0,104,88,0,88,192
04/22/2012,ABI,TX,ASW,CE,Combined TRACON& Tower with Radar,0,16,22,4,42,0,2,36,1,39,0,18,58,5,81,0,0,0,81
04/23/2012,ABI,TX,ASW,CE,Combined TRACON& Tower with Radar,0,32,54,22,108,0,4,55,0,59,0,36,109,22,167,30,55,85,252
04/24/2012,ABI,TX,ASW,CE,Combined TRACON& Tower with Radar,0,32,47,26,105,0,5,71,0,76,0,37,118,26,181,60,54,114,295
04/25/2012,ABI,TX,ASW,CE,Combined TRACON& Tower with Radar,0,31,34,12,77,0,9,26,0,35,0,40,60,12,112,10,16,26,138
04/26/2012,ABI,TX,ASW,CE,Combined TRACON& Tower with Radar,0,26,63,19,108,0,5,48,0,53,0,31,111,19,161,36,28,64,225
04/27/2012,ABI,TX,ASW,CE,Combined TRACON& Tower with Radar,0,23,15,11,49,0,4,18,6,28,0,27,33,17,77,0,0,0,77
04/28/2012,ABI,TX,ASW,CE,Combined TRACON& Tower with Radar,0,15,10,2,27,0,9,39,0,48,0,24,49,2,75,66,0,66,141
04/29/2012,ABI,TX,ASW,CE,Combined TRACON& Tower with Radar,0,16,16,0,32,0,0,8,0,8,0,16,24,0,40,0,0,0,40
04/30/2012,ABI,TX,ASW,CE,Combined TRACON& Tower with Radar,0,29,78,16,123,0,4,21,0,25,0,33,99,16,148,50,78,128,276
05/01/2012,ABI,TX,ASW,CE,Combined TRACON& Tower with Radar,0,24,44,11,79,0,7,28,1,36,0,31,72,12,115,12,28,40,155
05/02/2012,ABI,TX,ASW,CE,Combined TRACON& Tower with Radar,0,32,61,37,130,0,5,19,3,27,0,37,80,40,157,0,0,0,157
05/03/2012,ABI,TX,ASW,CE,Combined TRACON& Tower with Radar,0,28,40,41,109,0,7,36,1,44,0,35,76,42,153,54,78,132,285
05/04/2012,ABI,TX,ASW,CE,Combined TRACON& Tower with Radar,4,26,44,23,97,0,6,36,2,44,4,32,80,25,141,38,130,168,309
05/05/2012,ABI,TX,ASW,CE,Combined TRACON& Tower with Radar,0,12,8,0,20,0,10,32,0,42,0,22,40,0,62,28,0,28,90
05/06/2012,ABI,TX,ASW,CE,Combined TRACON& Tower with Radar,0,18,14,2,34,0,2,18,2,22,0,20,32,4,56,0,0,0,56
05/07/2012,ABI,TX,ASW,CE,Combined TRACON& Tower with Radar,2,26,46,9,83,0,2,15,2,19,2,28,61,11,102,14,22,36,138
05/08/2012,ABI,TX,ASW,CE,Combined TRACON& Tower with Radar,0,33,23,8,64,0,1,4,0,5,0,34,27,8,69,22,8,30,99
05/09/2012,ABI,TX,ASW,CE,Combined TRACON& Tower with Radar,0,28,33,24,85,0,7,44,2,53,0,35,77,26,138,58,54,112,250
05/10/2012,ABI,TX,ASW,CE,Combined TRACON& Tower with Radar,0,26,30,11,67,0,3,16,3,22,0,29,46,14,89,18,2,20,109
05/11/2012,ABI,TX,ASW,CE,Combined TRACON& Tower with Radar,2,29,36,29,96,0,3,8,3,14,2,32,44,32,110,0,0,0,110
05/12/2012,ABI,TX,ASW,CE,Combined TRACON& Tower with Radar,0,18,24,0,42,0,1,14,0,15,0,19,38,0,57,32,0,32,89
05/13/2012,ABI,TX,ASW,CE,Combined TRACON& Tower with Radar,0,22,17,0,39,0,0,28,0,28,0,22,45,0,67,10,0,10,77
05/14/2012,ABI,TX,ASW,CE,Combined TRACON& Tower with Radar,0,23,47,12,82,0,1,38,0,39,0,24,85,12,121,74,50,124,245
05/15/2012,ABI,TX,ASW,CE,Combined TRACON& Tower with Radar,0,28,63,49,140,0,5,41,3,49,0,33,104,52,189,40,118,158,347
05/16/2012,ABI,TX,ASW,CE,Combined TRACON& Tower with Radar,0,24,60,21,105,0,6,59,1,66,0,30,119,22,171,66,62,128,299
05/17/2012,ABI,TX,ASW,CE,Combined TRACON& Tower with Radar,0,31,49,27,107,0,6,50,3,59,0,37,99,30,166,74,82,156,322
05/18/2012,ABI,TX,ASW,CE,Combined TRACON& Tower with Radar,0,25,47,28,100,0,6,26,1,33,0,31,73,29,133,10,72,82,215
05/19/2012,ABI,TX,ASW,CE,Combined TRACON& Tower with Radar,0,16,9,10,35,0,4,35,2,41,0,20,44,12,76,20,18,38,114
05/20/2012,ABI,TX,ASW,CE,Combined TRACON& Tower with Radar,0,14,18,6,38,0,2,40,0,42,0,16,58,6,80,60,0,60,140
05/21/2012,ABI,TX,ASW,CE,Combined TRACON& Tower with Radar,0,22,29,22,73,0,5,44,2,51,0,27,73,24,124,92,40,132,256
05/22/2012,ABI,TX,ASW,CE,Combined TRACON& Tower with Radar,0,33,34,20,87,0,7,34,0,41,0,40,68,20,128,58,28,86,214
05/23/2012,ABI,TX,ASW,CE,Combined TRACON& Tower with Radar,0,24,53,11,88,0,6,30,0,36,0,30,83,11,124,24,78,102,226
05/24/2012,ABI,TX,ASW,CE,Combined TRACON& Tower with Radar,0,23,60,9,92,0,5,37,1,43,0,28,97,10,135,36,32,68,203
05/25/2012,ABI,TX,ASW,CE,Combined TRACON& Tower with Radar,0,33,31,5,69,0,6,37,0,43,0,39,68,5,112,44,4,48,160
05/26/2012,ABI,TX,ASW,CE,Combined TRACON& Tower with Radar,0,9,10,0,19,0,2,34,0,36,0,11,44,0,55,0,0,0,55
05/27/2012,ABI,TX,ASW,CE,Combined TRACON& Tower with Radar,4,10,6,0,20,0,3,14,0,17,4,13,20,0,37,2,0,2,39
05/28/2012,ABI,TX,ASW,CE,Combined TRACON& Tower with Radar,0,13,14,0,27,0,3,28,0,31,0,16,42,0,58,48,0,48,106
05/29/2012,ABI,TX,ASW,CE,Combined TRACON& Tower with Radar,8,19,24,13,64,0,7,40,1,48,8,26,64,14,112,46,38,84,196
05/30/2012,ABI,TX,ASW,CE,Combined TRACON& Tower with Radar,9,37,46,14,106,0,9,28,0,37,9,46,74,14,143,18,24,42,185
05/31/2012,ABI,TX,ASW,CE,Combined TRACON& Tower with Radar,3,30,47,17,97,0,2,41,1,44,3,32,88,18,141,100,30,130,271
06/01/2012,ABI,TX,ASW,CE,Combined TRACON& Tower with Radar,2,31,64,28,125,0,5,41,3,49,2,36,105,31,174,84,98,182,356
06/02/2012,ABI,TX,ASW,CE,Combined TRACON& Tower with Radar,0,14,20,6,40,0,2,45,0,47,0,16,65,6,87,73,16,89,176
06/03/2012,ABI,TX,ASW,CE,Combined TRACON& Tower with Radar,0,15,17,0,32,0,0,36,0,36,0,15,53,0,68,0,0,0,68
06/04/2012,ABI,TX,ASW,CE,Combined TRACON& Tower with Radar,0,19,31,14,64,0,10,26,1,37,0,29,57,15,101,28,18,46,147
06/05/2012,ABI,TX,ASW,CE,Combined TRACON& Tower with Radar,0,23,44,28,95,0,5,23,0,28,0,28,67,28,123,40,32,72,195
06/06/2012,ABI,TX,ASW,CE,Combined TRACON& Tower with Radar,12,34,64,15,125,0,7,14,1,22,12,41,78,16,147,26,60,86,233
06/07/2012,ABI,TX,ASW,CE,Combined TRACON& Tower with Radar,0,31,29,26,86,0,2,5,0,7,0,33,34,26,93,8,22,30,123
06/08/2012,ABI,TX,ASW,CE,Combined TRACON& Tower with Radar,0,36,52,11,99,0,2,36,2,40,0,38,88,13,139,38,22,60,199
06/09/2012,ABI,TX,ASW,CE,Combined TRACON& Tower with Radar,0,19,14,0,33,0,8,105,0,113,0,27,119,0,146,6,0,6,152
06/10/2012,ABI,TX,ASW,CE,Combined TRACON& Tower with Radar,0,18,15,1,34,0,9,13,1,23,0,27,28,2,57,0,0,0,57
06/11/2012,ABI,TX,ASW,CE,Combined TRACON& Tower with Radar,0,20,27,16,63,0,4,27,4,35,0,24,54,20,98,18,6,24,122
06/12/2012,ABI,TX,ASW,CE,Combined TRACON& Tower with Radar,1,24,33,8,66,0,8,34,0,42,1,32,67,8,108,58,8,66,174
06/13/2012,ABI,TX,ASW,CE,Combined TRACON& Tower with Radar,7,23,27,58,115,0,4,15,1,20,7,27,42,59,135,0,0,0,135
06/14/2012,ABI,TX,ASW,CE,Combined TRACON& Tower with Radar,0,31,34,17,82,0,4,45,5,54,0,35,79,22,136,10,86,96,232
06/15/2012,ABI,TX,ASW,CE,Combined TRACON& Tower with Radar,0,27,87,27,141,0,5,37,0,42,0,32,124,27,183,8,82,90,273
06/16/2012,ABI,TX,ASW,CE,Combined TRACON& Tower with Radar,0,14,22,2,38,0,4,36,0,40,0,18,58,2,78,30,22,52,130
06/17/2012,ABI,TX,ASW,CE,Combined TRACON& Tower with Radar,0,16,9,2,27,0,2,19,0,21,0,18,28,2,48,14,0,14,62
06/18/2012,ABI,TX,ASW,CE,Combined TRACON& Tower with Radar,0,20,53,39,112,0,5,31,1,37,0,25,84,40,149,82,118,200,349
06/19/2012,ABI,TX,ASW,CE,Combined TRACON& Tower with Radar,0,27,53,30,110,0,4,22,2,28,0,31,75,32,138,18,74,92,230
06/20/2012,ABI,TX,ASW,CE,Combined TRACON& Tower with Radar,0,32,42,57,131,0,9,26,3,38,0,41,68,60,169,14,100,114,283
06/21/2012,ABI,TX,ASW,CE,Combined TRACON& Tower with Radar,0,24,58,16,98,0,6,37,0,43,0,30,95,16,141,8,76,84,225
06/22/2012,ABI,TX,ASW,CE,Combined TRACON& Tower with Radar,0,27,51,14,92,0,6,42,0,48,0,33,93,14,140,18,36,54,194
06/23/2012,ABI,TX,ASW,CE,Combined TRACON& Tower with Radar,0,17,19,0,36,0,1,45,0,46,0,18,64,0,82,20,0,20,102
06/24/2012,ABI,TX,ASW,CE,Combined TRACON& Tower with Radar,0,16,23,0,39,0,1,21,0,22,0,17,44,0,61,8,0,8,69
06/25/2012,ABI,TX,ASW,CE,Combined TRACON& Tower with Radar,2,18,42,37,99,0,5,35,0,40,2,23,77,37,139,20,84,104,243
06/26/2012,ABI,TX,ASW,CE,Combined TRACON& Tower with Radar,0,25,50,10,85,0,8,49,0,57,0,33,99,10,142,32,52,84,226
06/27/2012,ABI,TX,ASW,CE,Combined TRACON& Tower with Radar,0,23,50,22,95,0,5,43,0,48,0,28,93,22,143,0,0,0,143
06/28/2012,ABI,TX,ASW,CE,Combined TRACON& Tower with Radar,0,23,41,9,73,0,9,46,2,57,0,32,87,11,130,0,0,0,130
06/29/2012,ABI,TX,ASW,CE,Combined TRACON& Tower with Radar,2,27,30,17,76,0,7,53,2,62,2,34,83,19,138,32,46,78,216
06/30/2012,ABI,TX,ASW,CE,Combined TRACON& Tower with Radar,0,20,10,0,30,0,4,33,1,38,0,24,43,1,68,58,0,58,126
07/01/2012,ABI,TX,ASW,CE,Combined TRACON& Tower with Radar,2,18,13,1,34,0,2,20,1,23,2,20,33,2,57,0,0,0,57
07/02/2012,ABI,TX,ASW,CE,Combined TRACON& Tower with Radar,0,17,59,15,91,0,6,23,0,29,0,23,82,15,120,64,44,108,228
07/03/2012,ABI,TX,ASW,CE,Combined TRACON& Tower with Radar,0,19,48,8,75,0,5,41,0,46,0,24,89,8,121,42,22,64,185
07/04/2012,ABI,TX,ASW,CE,Combined TRACON& Tower with Radar,0,8,9,0,17,0,1,19,0,20,0,9,28,0,37,58,0,58,95
07/05/2012,ABI,TX,ASW,CE,Combined TRACON& Tower with Radar,0,25,14,6,45,0,6,23,0,29,0,31,37,6,74,0,0,0,74
07/06/2012,ABI,TX,ASW,CE,Combined TRACON& Tower with Radar,0,21,37,5,63,0,8,33,0,41,0,29,70,5,104,86,38,124,228
07/07/2012,ABI,TX,ASW,CE,Combined TRACON& Tower with Radar,16,16,8,0,40,0,0,43,0,43,16,16,51,0,83,0,0,0,83
07/08/2012,ABI,TX,ASW,CE,Combined TRACON& Tower with Radar,0,15,12,18,45,0,4,33,0,37,0,19,45,18,82,12,22,34,116
07/09/2012,ABI,TX,ASW,CE,Combined TRACON& Tower with Radar,4,18,27,4,53,0,8,26,1,35,4,26,53,5,88,34,20,54,142
07/10/2012,ABI,TX,ASW,CE,Combined TRACON& Tower with Radar,0,26,26,10,62,0,4,20,0,24,0,30,46,10,86,40,6,46,132
07/11/2012,ABI,TX,ASW,CE,Combined TRACON& Tower with Radar,2,33,56,2,93,0,7,25,1,33,2,40,81,3,126,0,0,0,126
07/12/2012,ABI,TX,ASW,CE,Combined TRACON& Tower with Radar,0,27,64,28,119,0,4,55,1,60,0,31,119,29,179,60,76,136,315
07/13/2012,ABI,TX,ASW,CE,Combined TRACON& Tower with Radar,0,26,47,16,89,0,5,43,3,51,0,31,90,19,140,54,90,144,284
07/14/2012,ABI,TX,ASW,CE,Combined TRACON& Tower with Radar,0,22,24,18,64,0,3,43,3,49,0,25,67,21,113,76,40,116,229
07/15/2012,ABI,TX,ASW,CE,Combined TRACON& Tower with Radar,2,16,5,31,54,0,0,22,2,24,2,16,27,33,78,6,42,48,126
07/16/2012,ABI,TX,ASW,CE,Combined TRACON& Tower with Radar,0,20,21,3,44,0,9,33,0,42,0,29,54,3,86,48,4,52,138
07/17/2012,ABI,TX,ASW,CE,Combined TRACON& Tower with Radar,0,22,17,3,42,0,6,44,1,51,0,28,61,4,93,58,4,62,155
07/18/2012,ABI,TX,ASW,CE,Combined TRACON& Tower with Radar,0,30,33,25,88,0,8,68,1,77,0,38,101,26,165,68,32,100,265
07/19/2012,ABI,TX,ASW,CE,Combined TRACON& Tower with Radar,2,31,37,14,84,0,5,41,0,46,2,36,78,14,130,0,0,0,130
07/20/2012,ABI,TX,ASW,CE,Combined TRACON& Tower with Radar,0,27,32,13,72,0,11,26,2,39,0,38,58,15,111,32,16,48,159
07/21/2012,ABI,TX,ASW,CE,Combined TRACON& Tower with Radar,0,22,10,2,34,0,2,37,3,42,0,24,47,5,76,38,2,40,116
07/22/2012,ABI,TX,ASW,CE,Combined TRACON& Tower with Radar,0,16,18,4,38,0,1,22,0,23,0,17,40,4,61,26,2,28,89
07/23/2012,ABI,TX,ASW,CE,Combined TRACON& Tower with Radar,0,19,22,20,61,0,5,23,1,29,0,24,45,21,90,18,20,38,128
07/24/2012,ABI,TX,ASW,CE,Combined TRACON& Tower with Radar,0,23,38,15,76,0,10,36,1,47,0,33,74,16,123,24,30,54,177
07/25/2012,ABI,TX,ASW,CE,Combined TRACON& Tower with Radar,0,28,24,16,68,0,11,31,2,44,0,39,55,18,112,64,94,158,270
07/26/2012,ABI,TX,ASW,CE,Combined TRACON& Tower with Radar,0,27,40,22,89,0,3,22,1,26,0,30,62,23,115,20,30,50,165
07/27/2012,ABI,TX,ASW,CE,Combined TRACON& Tower with Radar,2,24,37,25,88,0,6,39,2,47,2,30,76,27,135,58,36,94,229
07/28/2012,ABI,TX,ASW,CE,Combined TRACON& Tower with Radar,0,19,8,0,27,0,3,31,1,35,0,22,39,1,62,18,0,18,80
07/29/2012,ABI,TX,ASW,CE,Combined TRACON& Tower with Radar,0,23,9,2,34,0,4,33,0,37,0,27,42,2,71,14,0,14,85
07/30/2012,ABI,TX,ASW,CE,Combined TRACON& Tower with Radar,2,21,46,43,112,0,6,21,2,29,2,27,67,45,141,24,70,94,235
07/31/2012,ABI,TX,ASW,CE,Combined TRACON& Tower with Radar,0,26,30,18,74,0,10,38,0,48,0,36,68,18,122,28,40,68,190
08/01/2012,ABI,TX,ASW,CE,Combined TRACON& Tower with Radar,0,30,35,19,84,0,6,36,1,43,0,36,71,20,127,14,26,40,167
08/02/2012,ABI,TX,ASW,CE,Combined TRACON& Tower with Radar,0,29,35,20,84,0,6,33,0,39,0,35,68,20,123,10,24,34,157
08/03/2012,ABI,TX,ASW,CE,Combined TRACON& Tower with Radar,0,24,27,16,67,0,5,37,0,42,0,29,64,16,109,0,26,26,135
08/04/2012,ABI,TX,ASW,CE,Combined TRACON& Tower with Radar,0,20,14,0,34,0,1,34,2,37,0,21,48,2,71,10,0,10,81
08/05/2012,ABI,TX,ASW,CE,Combined TRACON& Tower with Radar,0,16,19,0,35,0,0,31,0,31,0,16,50,0,66,0,0,0,66
08/06/2012,ABI,TX,ASW,CE,Combined TRACON& Tower with Radar,0,26,27,16,69,0,3,18,1,22,0,29,45,17,91,40,58,98,189
08/07/2012,ABI,TX,ASW,CE,Combined TRACON& Tower with Radar,0,26,32,20,78,0,7,22,0,29,0,33,54,20,107,12,26,38,145
08/08/2012,ABI,TX,ASW,CE,Combined TRACON& Tower with Radar,0,43,31,21,95,0,5,22,2,29,0,48,53,23,124,66,20,86,210
08/09/2012,ABI,TX,ASW,CE,Combined TRACON& Tower with Radar,0,22,41,13,76,0,8,35,0,43,0,30,76,13,119,44,10,54,173
08/10/2012,ABI,TX,ASW,CE,Combined TRACON& Tower with Radar,2,27,32,19,80,0,6,41,1,48,2,33,73,20,128,28,42,70,198
08/11/2012,ABI,TX,ASW,CE,Combined TRACON& Tower with Radar,0,15,14,27,56,0,5,48,3,56,0,20,62,30,112,22,28,50,162
08/12/2012,ABI,TX,ASW,CE,Combined TRACON& Tower with Radar,0,14,10,0,24,0,0,14,0,14,0,14,24,0,38,0,0,0,38
08/13/2012,ABI,TX,ASW,CE,Combined TRACON& Tower with Radar,2,19,51,17,89,0,4,35,4,43,2,23,86,21,132,32,48,80,212
08/14/2012,ABI,TX,ASW,CE,Combined TRACON& Tower with Radar,0,22,41,19,82,0,6,41,1,48,0,28,82,20,130,10,28,38,168
08/15/2012,ABI,TX,ASW,CE,Combined TRACON& Tower with Radar,0,26,32,17,75,0,8,37,2,47,0,34,69,19,122,14,32,46,168
08/16/2012,ABI,TX,ASW,CE,Combined TRACON& Tower with Radar,0,25,47,10,82,0,7,34,5,46,0,32,81,15,128,40,20,60,188
08/17/2012,ABI,TX,ASW,CE,Combined TRACON& Tower with Radar,0,29,45,24,98,0,6,19,6,31,0,35,64,30,129,0,6,6,135
08/18/2012,ABI,TX,ASW,CE,Combined TRACON& Tower with Radar,0,16,18,0,34,0,3,18,0,21,0,19,36,0,55,22,64,86,141
08/19/2012,ABI,TX,ASW,CE,Combined TRACON& Tower with Radar,0,12,17,2,31,0,0,24,4,28,0,12,41,6,59,6,0,6,65
08/20/2012,ABI,TX,ASW,CE,Combined TRACON& Tower with Radar,2,18,34,20,74,0,4,43,4,51,2,22,77,24,125,24,16,40,165
08/21/2012,ABI,TX,ASW,CE,Combined TRACON& Tower with Radar,0,31,45,3,79,0,4,21,1,26,0,35,66,4,105,36,28,64,169
08/22/2012,ABI,TX,ASW,CE,Combined TRACON& Tower with Radar,0,26,44,9,79,0,9,18,1,28,0,35,62,10,107,36,14,50,157
08/23/2012,ABI,TX,ASW,CE,Combined TRACON& Tower with Radar,0,32,50,37,119,0,13,41,3,57,0,45,91,40,176,52,58,110,286
08/24/2012,ABI,TX,ASW,CE,Combined TRACON& Tower with Radar,2,24,29,7,62,0,5,36,0,41,2,29,65,7,103,52,12,64,167
08/25/2012,ABI,TX,ASW,CE,Combined TRACON& Tower with Radar,0,17,6,15,38,0,5,17,5,27,0,22,23,20,65,32,26,58,123
08/26/2012,ABI,TX,ASW,CE,Combined TRACON& Tower with Radar,0,14,9,8,31,0,3,5,0,8,0,17,14,8,39,0,0,0,39
08/27/2012,ABI,TX,ASW,CE,Combined TRACON& Tower with Radar,0,20,33,19,72,0,2,34,0,36,0,22,67,19,108,16,8,24,132
08/28/2012,ABI,TX,ASW,CE,Combined TRACON& Tower with Radar,0,35,59,19,113,0,9,31,2,42,0,44,90,21,155,34,70,104,259
08/29/2012,ABI,TX,ASW,CE,Combined TRACON& Tower with Radar,0,29,43,17,89,0,7,42,1,50,0,36,85,18,139,60,38,98,237
08/30/2012,ABI,TX,ASW,CE,Combined TRACON& Tower with Radar,0,28,53,14,95,0,4,42,2,48,0,32,95,16,143,56,16,72,215
08/31/2012,ABI,TX,ASW,CE,Combined TRACON& Tower with Radar,0,29,19,4,52,0,10,44,0,54,0,39,63,4,106,30,6,36,142
09/01/2012,ABI,TX,ASW,CE,Combined TRACON& Tower with Radar,0,16,17,2,35,0,2,26,2,30,0,18,43,4,65,46,4,50,115
09/02/2012,ABI,TX,ASW,CE,Combined TRACON& Tower with Radar,0,10,11,0,21,0,3,33,0,36,0,13,44,0,57,18,0,18,75
09/03/2012,ABI,TX,ASW,CE,Combined TRACON& Tower with Radar,0,12,10,0,22,0,1,34,0,35,0,13,44,0,57,30,0,30,87
09/04/2012,ABI,TX,ASW,CE,Combined TRACON& Tower with Radar,2,17,25,24,68,0,7,18,0,25,2,24,43,24,93,2,30,32,125
09/05/2012,ABI,TX,ASW,CE,Combined TRACON& Tower with Radar,0,23,40,15,78,0,7,24,0,31,0,30,64,15,109,50,28,78,187
09/06/2012,ABI,TX,ASW,CE,Combined TRACON& Tower with Radar,0,28,29,13,70,0,5,31,0,36,0,33,60,13,106,36,28,64,170
09/07/2012,ABI,TX,ASW,CE,Combined TRACON& Tower with Radar,0,24,49,21,94,0,13,28,1,42,0,37,77,22,136,18,26,44,180
09/08/2012,ABI,TX,ASW,CE,Combined TRACON& Tower with Radar,2,12,13,8,35,0,5,27,2,34,2,17,40,10,69,22,10,32,101
09/09/2012,ABI,TX,ASW,CE,Combined TRACON& Tower with Radar,0,16,13,12,41,0,3,23,0,26,0,19,36,12,67,34,12,46,113
09/10/2012,ABI,TX,ASW,CE,Combined TRACON& Tower with Radar,0,18,33,7,58,0,8,26,0,34,0,26,59,7,92,6,16,22,114
09/11/2012,ABI,TX,ASW,CE,Combined TRACON& Tower with Radar,0,31,47,28,106,0,17,37,4,58,0,48,84,32,164,26,48,74,238
09/12/2012,ABI,TX,ASW,CE,Combined TRACON& Tower with Radar,0,28,51,45,124,0,6,36,1,43,0,34,87,46,167,20,40,60,227
09/13/2012,ABI,TX,ASW,CE,Combined TRACON& Tower with Radar,0,32,18,6,56,0,0,0,0,0,0,32,18,6,56,4,0,4,60
09/14/2012,ABI,TX,ASW,CE,Combined TRACON& Tower with Radar,0,31,51,10,92,0,1,0,0,1,0,32,51,10,93,22,18,40,133
09/15/2012,ABI,TX,ASW,CE,Combined TRACON& Tower with Radar,0,16,13,0,29,0,7,19,0,26,0,23,32,0,55,2,0,2,57
09/16/2012,ABI,TX,ASW,CE,Combined TRACON& Tower with Radar,0,18,21,6,45,0,1,25,3,29,0,19,46,9,74,8,8,16,90
09/17/2012,ABI,TX,ASW,CE,Combined TRACON& Tower with Radar,0,26,34,11,71,0,5,19,4,28,0,31,53,15,99,0,0,0,99
09/18/2012,ABI,TX,ASW,CE,Combined TRACON& Tower with Radar,2,34,34,10,80,0,5,12,2,19,2,39,46,12,99,6,24,30,129
09/19/2012,ABI,TX,ASW,CE,Combined TRACON& Tower with Radar,0,26,27,4,57,0,8,42,2,52,0,34,69,6,109,68,4,72,181
09/20/2012,ABI,TX,ASW,CE,Combined TRACON& Tower with Radar,0,27,23,9,59,0,9,38,0,47,0,36,61,9,106,18,10,28,134
09/21/2012,ABI,TX,ASW,CE,Combined TRACON& Tower with Radar,2,27,42,15,86,0,11,27,2,40,2,38,69,17,126,10,12,22,148
09/22/2012,ABI,TX,ASW,CE,Combined TRACON& Tower with Radar,0,12,12,4,28,0,2,34,4,40,0,14,46,8,68,0,0,0,68
09/23/2012,ABI,TX,ASW,CE,Combined TRACON& Tower with Radar,0,15,29,4,48,0,1,32,2,35,0,16,61,6,83,12,42,54,137
09/24/2012,ABI,TX,ASW,CE,Combined TRACON& Tower with Radar,0,18,30,17,65,0,9,40,0,49,0,27,70,17,114,24,46,70,184
09/25/2012,ABI,TX,ASW,CE,Combined TRACON& Tower with Radar,0,25,50,15,90,0,9,31,0,40,0,34,81,15,130,10,72,82,212
09/26/2012,ABI,TX,ASW,CE,Combined TRACON& Tower with Radar,0,28,42,13,83,0,4,30,0,34,0,32,72,13,117,16,22,38,155
09/27/2012,ABI,TX,ASW,CE,Combined TRACON& Tower with Radar,0,25,18,18,61,0,4,4,0,8,0,29,22,18,69,6,14,20,89
09/28/2012,ABI,TX,ASW,CE,Combined TRACON& Tower with Radar,0,33,12,3,48,0,0,1,0,1,0,33,13,3,49,0,0,0,49
09/29/2012,ABI,TX,ASW,CE,Combined TRACON& Tower with Radar,0,15,5,0,20,0,0,0,0,0,0,15,5,0,20,0,0,0,20
09/30/2012,ABI,TX,ASW,CE,Combined TRACON& Tower with Radar,0,15,15,0,30,0,0,27,0,27,0,15,42,0,57,24,0,24,81
10/01/2012,ABI,TX,ASW,CE,Combined TRACON& Tower with Radar,0,25,37,17,79,0,9,31,4,44,0,34,68,21,123,10,70,80,203
10/02/2012,ABI,TX,ASW,CE,Combined TRACON& Tower with Radar,0,27,41,4,72,0,6,45,2,53,0,33,86,6,125,20,26,46,171
10/03/2012,ABI,TX,ASW,CE,Combined TRACON& Tower with Radar,0,25,38,20,83,0,4,29,2,35,0,29,67,22,118,0,0,0,118
10/04/2012,ABI,TX,ASW,CE,Combined TRACON& Tower with Radar,0,26,34,14,74,0,8,18,2,28,0,34,52,16,102,50,32,82,184
10/05/2012,ABI,TX,ASW,CE,Combined TRACON& Tower with Radar,0,32,49,19,100,0,0,21,0,21,0,32,70,19,121,2,28,30,151
10/06/2012,ABI,TX,ASW,CE,Combined TRACON& Tower with Radar,0,16,17,0,33,0,0,12,0,12,0,16,29,0,45,22,0,22,67
10/07/2012,ABI,TX,ASW,CE,Combined TRACON& Tower with Radar,1,15,23,0,39,0,1,14,0,15,1,16,37,0,54,0,0,0,54
10/08/2012,ABI,TX,ASW,CE,Combined TRACON& Tower with Radar,0,21,20,6,47,0,1,32,0,33,0,22,52,6,80,26,6,32,112
10/09/2012,ABI,TX,ASW,CE,Combined TRACON& Tower with Radar,0,24,28,14,66,0,10,25,0,35,0,34,53,14,101,18,48,66,167
10/10/2012,ABI,TX,ASW,CE,Combined TRACON& Tower with Radar,0,34,53,19,106,0,0,1,0,1,0,34,54,19,107,0,24,24,131
10/11/2012,ABI,TX,ASW,CE,Combined TRACON& Tower with Radar,2,32,27,2,63,0,1,27,0,28,2,33,54,2,91,46,0,46,137
10/12/2012,ABI,TX,ASW,CE,Combined TRACON& Tower with Radar,0,28,38,10,76,0,2,20,1,23,0,30,58,11,99,22,22,44,143
10/13/2012,ABI,TX,ASW,CE,Combined TRACON& Tower with Radar,0,13,26,0,39,0,2,3,1,6,0,15,29,1,45,18,0,18,63
10/14/2012,ABI,TX,ASW,CE,Combined TRACON& Tower with Radar,0,26,16,20,62,0,2,51,0,53,0,28,67,20,115,64,16,80,195
10/15/2012,ABI,TX,ASW,CE,Combined TRACON& Tower with Radar,0,31,22,9,62,0,6,43,2,51,0,37,65,11,113,52,10,62,175
10/16/2012,ABI,TX,ASW,CE,Combined TRACON& Tower with Radar,0,26,33,28,87,0,10,22,5,37,0,36,55,33,124,34,22,56,180
10/17/2012,ABI,TX,ASW,CE,Combined TRACON& Tower with Radar,0,25,55,36,116,0,9,31,3,43,0,34,86,39,159,16,44,60,219
10/18/2012,ABI,TX,ASW,CE,Combined TRACON& Tower with Radar,0,28,55,8,91,0,7,39,2,48,0,35,94,10,139,16,20,36,175
10/19/2012,ABI,TX,ASW,CE,Combined TRACON& Tower with Radar,0,32,37,6,75,0,4,51,2,57,0,36,88,8,132,98,24,122,254
10/20/2012,ABI,TX,ASW,CE,Combined TRACON& Tower with Radar,0,12,9,0,21,0,4,36,0,40,0,16,45,0,61,28,0,28,89
10/21/2012,ABI,TX,ASW,CE,Combined TRACON& Tower with Radar,0,15,9,6,30,0,0,20,0,20,0,15,29,6,50,0,0,0,50
10/22/2012,ABI,TX,ASW,CE,Combined TRACON& Tower with Radar,0,21,10,9,40,0,2,7,1,10,0,23,17,10,50,4,12,16,66
10/23/2012,ABI,TX,ASW,CE,Combined TRACON& Tower with Radar,0,24,38,2,64,0,5,23,2,30,0,29,61,4,94,16,26,42,136
10/24/2012,ABI,TX,ASW,CE,Combined TRACON& Tower with Radar,0,24,31,6,61,0,3,19,2,24,0,27,50,8,85,0,0,0,85
10/25/2012,ABI,TX,ASW,CE,Combined TRACON& Tower with Radar,2,30,36,11,79,0,3,27,0,30,2,33,63,11,109,16,18,34,143
10/26/2012,ABI,TX,ASW,CE,Combined TRACON& Tower with Radar,0,26,71,24,121,0,4,12,10,26,0,30,83,34,147,14,146,160,307
10/27/2012,ABI,TX,ASW,CE,Combined TRACON& Tower with Radar,0,17,6,1,24,0,1,36,0,37,0,18,42,1,61,30,0,30,91
10/28/2012,ABI,TX,ASW,CE,Combined TRACON& Tower with Radar,2,18,11,5,36,0,0,44,1,45,2,18,55,6,81,20,4,24,105
10/29/2012,ABI,TX,ASW,CE,Combined TRACON& Tower with Radar,0,24,43,18,85,0,4,42,0,46,0,28,85,18,131,42,52,94,225
10/30/2012,ABI,TX,ASW,CE,Combined TRACON& Tower with Radar,0,24,28,22,74,0,7,44,1,52,0,31,72,23,126,42,22,64,190
10/31/2012,ABI,TX,ASW,CE,Combined TRACON& Tower with Radar,0,39,50,11,100,0,5,23,5,33,0,44,73,16,133,44,82,126,259
11/01/2012,ABI,TX,ASW,CE,Combined TRACON& Tower with Radar,0,33,34,10,77,0,3,35,0,38,0,36,69,10,115,4,28,32,147
11/02/2012,ABI,TX,ASW,CE,Combined TRACON& Tower with Radar,2,28,18,21,69,0,5,32,1,38,2,33,50,22,107,62,20,82,189
11/03/2012,ABI,TX,ASW,CE,Combined TRACON& Tower with Radar,2,11,5,0,18,0,4,29,0,33,2,15,34,0,51,84,0,84,135
11/04/2012,ABI,TX,ASW,CE,Combined TRACON& Tower with Radar,2,20,8,4,34,0,0,40,5,45,2,20,48,9,79,0,0,0,79
11/05/2012,ABI,TX,ASW,CE,Combined TRACON& Tower with Radar,0,27,42,16,85,0,2,34,1,37,0,29,76,17,122,24,54,78,200
11/06/2012,ABI,TX,ASW,CE,Combined TRACON& Tower with Radar,0,25,55,6,86,0,5,44,1,50,0,30,99,7,136,60,34,94,230
11/07/2012,ABI,TX,ASW,CE,Combined TRACON& Tower with Radar,2,28,37,8,75,0,5,45,0,50,2,33,82,8,125,0,0,0,125
11/08/2012,ABI,TX,ASW,CE,Combined TRACON& Tower with Radar,0,25,35,14,74,0,6,33,2,41,0,31,68,16,115,12,12,24,139
11/09/2012,ABI,TX,ASW,CE,Combined TRACON& Tower with Radar,0,31,28,5,64,0,12,40,18,70,0,43,68,23,134,18,18,36,170
11/10/2012,ABI,TX,ASW,CE,Combined TRACON& Tower with Radar,0,12,20,0,32,0,2,15,0,17,0,14,35,0,49,0,0,0,49
11/11/2012,ABI,TX,ASW,CE,Combined TRACON& Tower with Radar,0,14,14,0,28,0,2,8,0,10,0,16,22,0,38,4,0,4,42
11/12/2012,ABI,TX,ASW,CE,Combined TRACON& Tower with Radar,0,17,19,2,38,0,0,33,1,34,0,17,52,3,72,34,0,34,106
11/13/2012,ABI,TX,ASW,CE,Combined TRACON& Tower with Radar,0,22,22,19,63,0,8,25,2,35,0,30,47,21,98,24,16,40,138
11/14/2012,ABI,TX,ASW,CE,Combined TRACON& Tower with Radar,0,24,20,16,60,0,6,53,0,59,0,30,73,16,119,0,0,0,119
11/15/2012,ABI,TX,ASW,CE,Combined TRACON& Tower with Radar,0,25,26,10,61,0,4,34,0,38,0,29,60,10,99,14,50,64,163
11/16/2012,ABI,TX,ASW,CE,Combined TRACON& Tower with Radar,0,24,31,11,66,0,5,37,1,43,0,29,68,12,109,92,14,106,215
11/17/2012,ABI,TX,ASW,CE,Combined TRACON& Tower with Radar,0,17,10,0,27,0,3,425,0,428,0,20,435,0,455,46,0,46,501
11/18/2012,ABI,TX,ASW,CE,Combined TRACON& Tower with Radar,0,17,12,3,32,0,1,27,0,28,0,18,39,3,60,0,0,0,60
11/19/2012,ABI,TX,ASW,CE,Combined TRACON& Tower with Radar,0,24,27,23,74,0,3,26,0,29,0,27,53,23,103,16,28,44,147
11/20/2012,ABI,TX,ASW,CE,Combined TRACON& Tower with Radar,0,29,26,10,65,0,8,35,0,43,0,37,61,10,108,12,48,60,168
11/21/2012,ABI,TX,ASW,CE,Combined TRACON& Tower with Radar,0,25,27,7,59,0,6,46,0,52,0,31,73,7,111,32,8,40,151
11/22/2012,ABI,TX,ASW,CE,Combined TRACON& Tower with Radar,0,8,10,0,18,0,4,13,0,17,0,12,23,0,35,0,0,0,35
11/23/2012,ABI,TX,ASW,CE,Combined TRACON& Tower with Radar,0,21,36,0,57,0,3,18,0,21,0,24,54,0,78,14,0,14,92
11/24/2012,ABI,TX,ASW,CE,Combined TRACON& Tower with Radar,0,16,27,0,43,0,4,30,0,34,0,20,57,0,77,46,0,46,123
11/25/2012,ABI,TX,ASW,CE,Combined TRACON& Tower with Radar,0,19,8,0,27,0,2,42,0,44,0,21,50,0,71,6,0,6,77
11/26/2012,ABI,TX,ASW,CE,Combined TRACON& Tower with Radar,0,20,49,14,83,0,4,25,0,29,0,24,74,14,112,14,50,64,176
11/27/2012,ABI,TX,ASW,CE,Combined TRACON& Tower with Radar,0,26,32,13,71,0,6,14,2,22,0,32,46,15,93,26,40,66,159
11/28/2012,ABI,TX,ASW,CE,Combined TRACON& Tower with Radar,0,24,28,40,92,0,8,20,0,28,0,32,48,40,120,20,58,78,198
11/29/2012,ABI,TX,ASW,CE,Combined TRACON& Tower with Radar,0,33,31,5,69,1,5,37,0,43,1,38,68,5,112,24,10,34,146
11/30/2012,ABI,TX,ASW,CE,Combined TRACON& Tower with Radar,0,36,39,22,97,0,7,22,1,30,0,43,61,23,127,52,46,98,225
12/01/2012,ABI,TX,ASW,CE,Combined TRACON& Tower with Radar,0,20,9,2,31,0,1,27,0,28,0,21,36,2,59,22,2,24,83
12/02/2012,ABI,TX,ASW,CE,Combined TRACON& Tower with Radar,2,17,14,0,33,0,1,25,0,26,2,18,39,0,59,66,0,66,125
12/03/2012,ABI,TX,ASW,CE,Combined TRACON& Tower with Radar,0,19,26,30,75,0,2,11,0,13,0,21,37,30,88,0,0,0,88
12/04/2012,ABI,TX,ASW,CE,Combined TRACON& Tower with Radar,0,27,46,28,101,0,6,34,1,41,0,33,80,29,142,22,48,70,212
12/05/2012,ABI,TX,ASW,CE,Combined TRACON& Tower with Radar,0,24,30,34,88,0,8,22,2,32,0,32,52,36,120,28,36,64,184
12/06/2012,ABI,TX,ASW,CE,Combined TRACON& Tower with Radar,2,25,38,31,96,0,10,31,0,41,2,35,69,31,137,40,38,78,215
12/07/2012,ABI,TX,ASW,CE,Combined TRACON& Tower with Radar,0,26,38,18,82,0,4,34,2,40,0,30,72,20,122,56,50,106,228
12/08/2012,ABI,TX,ASW,CE,Combined TRACON& Tower with Radar,0,19,23,5,47,0,4,39,1,44,0,23,62,6,91,56,14,70,161
12/09/2012,ABI,TX,ASW,CE,Combined TRACON& Tower with Radar,0,15,15,17,47,0,2,1,0,3,0,17,16,17,50,4,10,14,64
12/10/2012,ABI,TX,ASW,CE,Combined TRACON& Tower with Radar,0,18,18,15,51,0,5,13,0,18,0,23,31,15,69,18,18,36,105
12/11/2012,ABI,TX,ASW,CE,Combined TRACON& Tower with Radar,0,33,35,9,77,0,7,22,0,29,0,40,57,9,106,20,22,42,148
12/12/2012,ABI,TX,ASW,CE,Combined TRACON& Tower with Radar,0,30,26,2,58,0,5,38,0,43,0,35,64,2,101,0,0,0,101
12/13/2012,ABI,TX,ASW,CE,Combined TRACON& Tower with Radar,0,27,29,2,58,0,6,45,0,51,0,33,74,2,109,24,0,24,133
12/14/2012,ABI,TX,ASW,CE,Combined TRACON& Tower with Radar,0,32,34,22,88,0,1,2,0,3,0,33,36,22,91,6,22,28,119
12/15/2012,ABI,TX,ASW,CE,Combined TRACON& Tower with Radar,0,18,12,6,36,0,5,29,0,34,0,23,41,6,70,44,4,48,118
12/16/2012,ABI,TX,ASW,CE,Combined TRACON& Tower with Radar,0,17,16,15,48,0,0,26,5,31,0,17,42,20,79,32,38,70,149
12/17/2012,ABI,TX,ASW,CE,Combined TRACON& Tower with Radar,0,19,44,17,80,0,5,32,1,38,0,24,76,18,118,22,44,66,184
12/18/2012,ABI,TX,ASW,CE,Combined TRACON& Tower with Radar,0,29,37,8,74,0,13,35,0,48,0,42,72,8,122,20,68,88,210
12/19/2012,ABI,TX,ASW,CE,Combined TRACON& Tower with Radar,0,35,38,8,81,0,2,6,1,9,0,37,44,9,90,20,42,62,152
12/20/2012,ABI,TX,ASW,CE,Combined TRACON& Tower with Radar,0,31,49,29,109,0,4,20,0,24,0,35,69,29,133,20,154,174,307
12/21/2012,ABI,TX,ASW,CE,Combined TRACON& Tower with Radar,2,32,14,7,55,0,7,32,2,41,2,39,46,9,96,18,10,28,124
12/22/2012,ABI,TX,ASW,CE,Combined TRACON& Tower with Radar,0,18,28,0,46,0,3,23,0,26,0,21,51,0,72,24,0,24,96
12/23/2012,ABI,TX,ASW,CE,Combined TRACON& Tower with Radar,2,16,6,0,24,0,4,19,0,23,2,20,25,0,47,0,0,0,47
12/24/2012,ABI,TX,ASW,CE,Combined TRACON& Tower with Radar,2,12,2,0,16,0,6,20,0,26,2,18,22,0,42,52,0,52,94
12/25/2012,ABI,TX,ASW,CE,Combined TRACON& Tower with Radar,0,8,3,0,11,0,2,0,0,2,0,10,3,0,13,0,0,0,13
12/26/2012,ABI,TX,ASW,CE,Combined TRACON& Tower with Radar,0,17,5,0,22,0,4,20,0,24,0,21,25,0,46,0,0,0,46
12/27/2012,ABI,TX,ASW,CE,Combined TRACON& Tower with Radar,0,27,12,4,43,0,7,18,0,25,0,34,30,4,68,16,4,20,88
12/28/2012,ABI,TX,ASW,CE,Combined TRACON& Tower with Radar,0,32,26,0,58,0,5,10,0,15,0,37,36,0,73,44,0,44,117
12/29/2012,ABI,TX,ASW,CE,Combined TRACON& Tower with Radar,0,17,10,0,27,0,2,25,0,27,0,19,35,0,54,74,0,74,128
12/30/2012,ABI,TX,ASW,CE,Combined TRACON& Tower with Radar,0,15,19,0,34,0,0,5,0,5,0,15,24,0,39,0,0,0,39
12/31/2012,ABI,TX,ASW,CE,Combined TRACON& Tower with Radar,0,22,19,0,41,0,1,8,0,9,0,23,27,0,50,48,0,48,98
01/01/2013,ABI,TX,ASW,CE,Combined TRACON& Tower with Radar,0,13,6,0,19,0,0,13,0,13,0,13,19,0,32,18,0,18,50
01/02/2013,ABI,TX,ASW,CE,Combined TRACON& Tower with Radar,0,23,28,10,61,0,5,23,0,28,0,28,51,10,89,20,32,52,141
01/03/2013,ABI,TX,ASW,CE,Combined TRACON& Tower with Radar,0,26,37,21,84,0,8,28,2,38,0,34,65,23,122,30,70,100,222
01/04/2013,ABI,TX,ASW,CE,Combined TRACON& Tower with Radar,2,30,24,10,66,0,3,1,0,4,2,33,25,10,70,0,12,12,82
01/05/2013,ABI,TX,ASW,CE,Combined TRACON& Tower with Radar,0,15,19,1,35,0,4,44,0,48,0,19,63,1,83,80,0,80,163
01/06/2013,ABI,TX,ASW,CE,Combined TRACON& Tower with Radar,0,14,11,2,27,0,3,23,2,28,0,17,34,4,55,28,0,28,83
01/07/2013,ABI,TX,ASW,CE,Combined TRACON& Tower with Radar,2,19,24,5,50,0,6,22,2,30,2,25,46,7,80,36,24,60,140
01/08/2013,ABI,TX,ASW,CE,Combined TRACON& Tower with Radar,0,37,29,9,75,0,0,2,0,2,0,37,31,9,77,12,2,14,91
01/09/2013,ABI,TX,ASW,CE,Combined TRACON& Tower with Radar,0,39,24,2,65,0,0,0,0,0,0,39,24,2,65,0,0,0,65
01/10/2013,ABI,TX,ASW,CE,Combined TRACON& Tower with Radar,0,33,56,20,109,0,4,7,0,11,0,37,63,20,120,0,0,0,120
01/11/2013,ABI,TX,ASW,CE,Combined TRACON& Tower with Radar,0,31,44,54,129,0,9,23,3,35,0,40,67,57,164,80,96,176,340
01/12/2013,ABI,TX,ASW,CE,Combined TRACON& Tower with Radar,0,25,17,30,72,0,5,22,0,27,0,30,39,30,99,98,34,132,231
01/13/2013,ABI,TX,ASW,CE,Combined TRACON& Tower with Radar,0,16,15,20,51,0,0,30,2,32,0,16,45,22,83,0,0,0,83
01/14/2013,ABI,TX,ASW,CE,Combined TRACON& Tower with Radar,0,18,47,36,101,0,4,29,2,35,0,22,76,38,136,44,80,124,260
01/15/2013,ABI,TX,ASW,CE,Combined TRACON& Tower with Radar,0,24,40,25,89,0,4,12,1,17,0,28,52,26,106,26,124,150,256
01/16/2013,ABI,TX,ASW,CE,Combined TRACON& Tower with Radar,0,25,57,14,96,0,5,29,1,35,0,30,86,15,131,14,50,64,195
01/17/2013,ABI,TX,ASW,CE,Combined TRACON& Tower with Radar,0,21,30,14,65,0,7,40,0,47,0,28,70,14,112,44,16,60,172
01/18/2013,ABI,TX,ASW,CE,Combined TRACON& Tower with Radar,0,23,39,10,72,0,4,35,0,39,0,27,74,10,111,38,50,88,199
01/19/2013,ABI,TX,ASW,CE,Combined TRACON& Tower with Radar,0,15,8,0,23,0,1,35,0,36,0,16,43,0,59,60,0,60,119
01/20/2013,ABI,TX,ASW,CE,Combined TRACON& Tower with Radar,0,17,8,0,25,0,0,25,0,25,0,17,33,0,50,46,0,46,96
01/21/2013,ABI,TX,ASW,CE,Combined TRACON& Tower with Radar,0,17,8,0,25,0,0,28,0,28,0,17,36,0,53,70,0,70,123
01/22/2013,ABI,TX,ASW,CE,Combined TRACON& Tower with Radar,0,29,43,25,97,0,9,31,0,40,0,38,74,25,137,26,86,112,249
01/23/2013,ABI,TX,ASW,CE,Combined TRACON& Tower with Radar,0,32,40,28,100,0,10,30,0,40,0,42,70,28,140,60,82,142,282
01/24/2013,ABI,TX,ASW,CE,Combined TRACON& Tower with Radar,0,23,38,46,107,0,9,46,0,55,0,32,84,46,162,118,78,196,358
01/25/2013,ABI,TX,ASW,CE,Combined TRACON& Tower with Radar,0,33,29,37,99,0,5,25,0,30,0,38,54,37,129,56,82,138,267
01/26/2013,ABI,TX,ASW,CE,Combined TRACON& Tower with Radar,0,18,15,14,47,0,1,36,5,42,0,19,51,19,89,96,70,166,255
01/27/2013,ABI,TX,ASW,CE,Combined TRACON& Tower with Radar,0,14,5,6,25,0,1,21,0,22,0,15,26,6,47,0,0,0,47
01/28/2013,ABI,TX,ASW,CE,Combined TRACON& Tower with Radar,0,19,48,9,76,0,5,26,0,31,0,24,74,9,107,8,58,66,173
01/29/2013,ABI,TX,ASW,CE,Combined TRACON& Tower with Radar,0,28,20,0,48,0,8,7,2,17,0,36,27,2,65,0,0,0,65
01/30/2013,ABI,TX,ASW,CE,Combined TRACON& Tower with Radar,0,26,55,67,148,0,5,30,9,44,0,31,85,76,192,22,208,230,422
01/31/2013,ABI,TX,ASW,CE,Combined TRACON& Tower with Radar,0,32,51,21,104,0,3,37,2,42,0,35,88,23,146,64,46,110,256
02/01/2013,ABI,TX,ASW,CE,Combined TRACON& Tower with Radar,0,26,36,11,73,0,5,41,2,48,0,31,77,13,121,36,18,54,175
02/02/2013,ABI,TX,ASW,CE,Combined TRACON& Tower with Radar,0,19,10,0,29,0,5,48,0,53,0,24,58,0,82,42,0,42,124
02/03/2013,ABI,TX,ASW,CE,Combined TRACON& Tower with Radar,0,14,9,0,23,0,0,34,0,34,0,14,43,0,57,64,0,64,121
02/04/2013,ABI,TX,ASW,CE,Combined TRACON& Tower with Radar,0,21,33,16,70,0,3,25,0,28,0,24,58,16,98,62,30,92,190
02/05/2013,ABI,TX,ASW,CE,Combined TRACON& Tower with Radar,0,29,31,20,80,0,6,48,0,54,0,35,79,20,134,66,18,84,218
02/06/2013,ABI,TX,ASW,CE,Combined TRACON& Tower with Radar,0,29,56,25,110,0,3,36,0,39,0,32,92,25,149,0,0,0,149
02/07/2013,ABI,TX,ASW,CE,Combined TRACON& Tower with Radar,0,28,54,69,151,0,4,39,0,43,0,32,93,69,194,32,126,158,352
02/08/2013,ABI,TX,ASW,CE,Combined TRACON& Tower with Radar,0,29,37,18,84,0,10,66,1,77,0,39,103,19,161,54,22,76,237
02/09/2013,ABI,TX,ASW,CE,Combined TRACON& Tower with Radar,0,15,10,0,25,0,3,11,0,14,0,18,21,0,39,2,0,2,41
02/10/2013,ABI,TX,ASW,CE,Combined TRACON& Tower with Radar,0,14,13,3,30,0,0,35,0,35,0,14,48,3,65,16,0,16,81
02/11/2013,ABI,TX,ASW,CE,Combined TRACON& Tower with Radar,0,20,43,7,70,0,7,27,1,35,0,27,70,8,105,78,14,92,197
02/12/2013,ABI,TX,ASW,CE,Combined TRACON& Tower with Radar,0,29,26,19,74,0,0,6,0,6,0,29,32,19,80,8,12,20,100
02/13/2013,ABI,TX,ASW,CE,Combined TRACON& Tower with Radar,0,27,43,10,80,0,5,32,0,37,0,32,75,10,117,46,24,70,187
02/14/2013,ABI,TX,ASW,CE,Combined TRACON& Tower with Radar,0,30,31,27,88,0,8,38,4,50,0,38,69,31,138,44,50,94,232
02/15/2013,ABI,TX,ASW,CE,Combined TRACON& Tower with Radar,0,23,23,2,48,0,10,50,3,63,0,33,73,5,111,70,10,80,191
02/16/2013,ABI,TX,ASW,CE,Combined TRACON& Tower with Radar,0,17,14,2,33,1,4,44,3,52,1,21,58,5,85,30,2,32,117
02/17/2013,ABI,TX,ASW,CE,Combined TRACON& Tower with Radar,0,16,10,0,26,0,0,37,2,39,0,16,47,2,65,52,0,52,117
02/18/2013,ABI,TX,ASW,CE,Combined TRACON& Tower with Radar,0,26,16,0,42,0,2,16,0,18,0,28,32,0,60,22,0,22,82
02/19/2013,ABI,TX,ASW,CE,Combined TRACON& Tower with Radar,1,31,45,18,95,0,5,23,0,28,1,36,68,18,123,4,26,30,153
02/20/2013,ABI,TX,ASW,CE,Combined TRACON& Tower with Radar,0,41,41,12,94,0,2,0,0,2,0,43,41,12,96,0,0,0,96
02/21/2013,ABI,TX,ASW,CE,Combined TRACON& Tower with Radar,2,45,38,10,95,0,5,11,1,17,2,50,49,11,112,12,50,62,174
02/22/2013,ABI,TX,ASW,CE,Combined TRACON& Tower with Radar,2,28,47,10,87,0,5,47,0,52,2,33,94,10,139,54,44,98,237
02/23/2013,ABI,TX,ASW,CE,Combined TRACON& Tower with Radar,2,24,22,7,55,0,3,52,0,55,2,27,74,7,110,66,16,82,192
02/24/2013,ABI,TX,ASW,CE,Combined TRACON& Tower with Radar,0,19,12,5,36,0,1,26,0,27,0,20,38,5,63,30,2,32,95
02/25/2013,ABI,TX,ASW,CE,Combined TRACON& Tower with Radar,0,18,10,2,30,0,0,4,0,4,0,18,14,2,34,2,4,6,40
02/26/2013,ABI,TX,ASW,CE,Combined TRACON& Tower with Radar,2,47,65,22,136,0,5,26,1,32,2,52,91,23,168,86,76,162,330
02/27/2013,ABI,TX,ASW,CE,Combined TRACON& Tower with Radar,0,42,80,13,135,0,5,26,0,31,0,47,106,13,166,26,76,102,268
02/28/2013,ABI,TX,ASW,CE,Combined TRACON& Tower with Radar,0,28,77,16,121,0,9,46,8,63,0,37,123,24,184,40,94,134,318
03/01/2013,ABI,TX,ASW,CE,Combined TRACON& Tower with Radar,0,30,55,20,105,0,10,53,3,66,0,40,108,23,171,42,58,100,271
03/02/2013,ABI,TX,ASW,CE,Combined TRACON& Tower with Radar,0,22,12,0,34,0,3,40,0,43,0,25,52,0,77,54,0,54,131
03/03/2013,ABI,TX,ASW,CE,Combined TRACON& Tower with Radar,0,20,2,3,25,0,1,16,1,18,0,21,18,4,43,0,0,0,43
03/04/2013,ABI,TX,ASW,CE,Combined TRACON& Tower with Radar,0,25,19,4,48,0,10,21,0,31,0,35,40,4,79,60,24,84,163
03/05/2013,ABI,TX,ASW,CE,Combined TRACON& Tower with Radar,2,33,47,18,100,0,5,21,0,26,2,38,68,18,126,36,80,116,242
03/06/2013,ABI,TX,ASW,CE,Combined TRACON& Tower with Radar,0,31,48,30,109,0,7,45,2,54,0,38,93,32,163,48,74,122,285
03/07/2013,ABI,TX,ASW,CE,Combined TRACON& Tower with Radar,0,25,26,5,56,0,5,35,0,40,0,30,61,5,96,18,6,24,120
03/08/2013,ABI,TX,ASW,CE,Combined TRACON& Tower with Radar,2,39,50,3,94,0,3,8,0,11,2,42,58,3,105,20,2,22,127
03/09/2013,ABI,TX,ASW,CE,Combined TRACON& Tower with Radar,2,20,19,17,58,0,3,8,0,11,2,23,27,17,69,60,20,80,149
03/10/2013,ABI,TX,ASW,CE,Combined TRACON& Tower with Radar,0,16,21,25,62,0,0,11,4,15,0,16,32,29,77,0,26,26,103
03/11/2013,ABI,TX,ASW,CE,Combined TRACON& Tower with Radar,0,22,60,23,105,0,8,55,0,63,0,30,115,23,168,50,66,116,284
03/12/2013,ABI,TX,ASW,CE,Combined TRACON& Tower with Radar,0,29,41,9,79,0,11,37,2,50,0,40,78,11,129,30,8,38,167
03/13/2013,ABI,TX,ASW,CE,Combined TRACON& Tower with Radar,0,34,42,7,83,0,5,47,0,52,0,39,89,7,135,58,18,76,211
03/14/2013,ABI,TX,ASW,CE,Combined TRACON& Tower with Radar,0,27,64,14,105,0,5,34,0,39,0,32,98,14,144,4,62,66,210
03/15/2013,ABI,TX,ASW,CE,Combined TRACON& Tower with Radar,0,26,27,21,74,0,5,41,1,47,0,31,68,22,121,36,60,96,217
03/16/2013,ABI,TX,ASW,CE,Combined TRACON& Tower with Radar,0,18,10,0,28,0,2,17,0,19,0,20,27,0,47,20,0,20,67
03/17/2013,ABI,TX,ASW,CE,Combined TRACON& Tower with Radar,0,18,13,3,34,0,4,44,0,48,0,22,57,3,82,38,4,42,124
03/18/2013,ABI,TX,ASW,CE,Combined TRACON& Tower with Radar,2,20,37,11,70,0,10,17,0,27,2,30,54,11,97,26,48,74,171
03/19/2013,ABI,TX,ASW,CE,Combined TRACON& Tower with Radar,0,29,54,11,94,0,12,24,0,36,0,41,78,11,130,31,72,103,233
03/20/2013,ABI,TX,ASW,CE,Combined TRACON& Tower with Radar,0,26,45,17,88,0,12,43,0,55,0,38,88,17,143,13,72,85,228
03/21/2013,ABI,TX,ASW,CE,Combined TRACON& Tower with Radar,0,32,31,10,73,0,5,26,2,33,0,37,57,12,106,10,6,16,122
03/22/2013,ABI,TX,ASW,CE,Combined TRACON& Tower with Radar,0,40,50,29,119,0,1,8,1,10,0,41,58,30,129,50,58,108,237
03/23/2013,ABI,TX,ASW,CE,Combined TRACON& Tower with Radar,0,20,21,28,69,0,1,11,3,15,0,21,32,31,84,42,80,122,206
03/24/2013,ABI,TX,ASW,CE,Combined TRACON& Tower with Radar,0,16,22,6,44,0,0,31,2,33,0,16,53,8,77,30,6,36,113
03/25/2013,ABI,TX,ASW,CE,Combined TRACON& Tower with Radar,0,26,55,14,95,0,8,36,2,46,0,34,91,16,141,80,74,154,295
03/26/2013,ABI,TX,ASW,CE,Combined TRACON& Tower with Radar,0,30,52,12,94,0,6,55,2,63,0,36,107,14,157,88,70,158,315
03/27/2013,ABI,TX,ASW,CE,Combined TRACON& Tower with Radar,0,35,58,28,121,0,11,37,1,49,0,46,95,29,170,42,54,96,266
03/28/2013,ABI,TX,ASW,CE,Combined TRACON& Tower with Radar,0,33,57,15,105,0,6,27,0,33,0,39,84,15,138,82,54,136,274
03/29/2013,ABI,TX,ASW,CE,Combined TRACON& Tower with Radar,0,32,36,13,81,0,4,24,0,28,0,36,60,13,109,32,16,48,157
03/30/2013,ABI,TX,ASW,CE,Combined TRACON& Tower with Radar,0,17,16,0,33,0,4,35,0,39,0,21,51,0,72,58,0,58,130
03/31/2013,ABI,TX,ASW,CE,Combined TRACON& Tower with Radar,0,18,17,1,36,0,6,32,0,38,0,24,49,1,74,10,0,10,84
04/01/2013,ABI,TX,ASW,CE,Combined TRACON& Tower with Radar,0,26,26,4,56,0,9,43,4,56,0,35,69,8,112,34,10,44,156
04/02/2013,ABI,TX,ASW,CE,Combined TRACON& Tower with Radar,0,43,16,0,59,0,1,3,0,4,0,44,19,0,63,8,0,8,71
04/03/2013,ABI,TX,ASW,CE,Combined TRACON& Tower with Radar,0,38,24,9,71,0,0,0,0,0,0,38,24,9,71,0,0,0,71
04/04/2013,ABI,TX,ASW,CE,Combined TRACON& Tower with Radar,0,41,42,8,91,0,2,21,0,23,0,43,63,8,114,66,4,70,184
04/05/2013,ABI,TX,ASW,CE,Combined TRACON& Tower with Radar,0,31,44,25,100,0,6,52,2,60,0,37,96,27,160,46,78,124,284
04/06/2013,ABI,TX,ASW,CE,Combined TRACON& Tower with Radar,0,14,19,11,44,0,2,20,1,23,0,16,39,12,67,20,26,46,113
04/07/2013,ABI,TX,ASW,CE,Combined TRACON& Tower with Radar,0,18,13,13,44,0,2,28,1,31,0,20,41,14,75,0,14,14,89
04/08/2013,ABI,TX,ASW,CE,Combined TRACON& Tower with Radar,0,23,44,13,80,0,6,19,3,28,0,29,63,16,108,4,64,68,176
04/09/2013,ABI,TX,ASW,CE,Combined TRACON& Tower with Radar,4,26,45,42,117,0,7,12,1,20,4,33,57,43,137,12,36,48,185
04/10/2013,ABI,TX,ASW,CE,Combined TRACON& Tower with Radar,0,26,42,13,81,0,4,2,0,6,0,30,44,13,87,30,22,52,139
04/11/2013,ABI,TX,ASW,CE,Combined TRACON& Tower with Radar,0,31,55,21,107,0,9,54,0,63,0,40,109,21,170,50,88,138,308
04/12/2013,ABI,TX,ASW,CE,Combined TRACON& Tower with Radar,0,33,55,32,120,0,6,61,5,72,0,39,116,37,192,38,82,120,312
04/13/2013,ABI,TX,ASW,CE,Combined TRACON& Tower with Radar,0,12,16,0,28,0,1,41,0,42,0,13,57,0,70,72,0,72,142
04/14/2013,ABI,TX,ASW,CE,Combined TRACON& Tower with Radar,0,16,13,28,57,0,3,41,0,44,0,19,54,28,101,10,2,12,113
04/15/2013,ABI,TX,ASW,CE,Combined TRACON& Tower with Radar,0,22,34,18,74,0,5,31,0,36,0,27,65,18,110,54,56,110,220
04/16/2013,ABI,TX,ASW,CE,Combined TRACON& Tower with Radar,2,28,53,20,103,0,4,36,0,40,2,32,89,20,143,94,42,136,279
04/17/2013,ABI,TX,ASW,CE,Combined TRACON& Tower with Radar,2,32,47,49,130,0,4,8,0,12,2,36,55,49,142,0,0,0,142
04/18/2013,ABI,TX,ASW,CE,Combined TRACON& Tower with Radar,2,29,53,49,133,0,3,29,2,34,2,32,82,51,167,14,82,96,263
04/19/2013,ABI,TX,ASW,CE,Combined TRACON& Tower with Radar,0,28,21,54,103,0,7,55,4,66,0,35,76,58,169,24,56,80,249
04/20/2013,ABI,TX,ASW,CE,Combined TRACON& Tower with Radar,2,16,4,2,24,0,2,19,2,23,2,18,23,4,47,38,0,38,85
04/21/2013,ABI,TX,ASW,CE,Combined TRACON& Tower with Radar,0,18,16,2,36,0,3,48,5,56,0,21,64,7,92,60,6,66,158
04/22/2013,ABI,TX,ASW,CE,Combined TRACON& Tower with Radar,2,29,57,18,106,0,2,24,1,27,2,31,81,19,133,4,90,94,227
04/23/2013,ABI,TX,ASW,CE,Combined TRACON& Tower with Radar,0,27,52,14,93,0,1,13,0,14,0,28,65,14,107,0,30,30,137
04/24/2013,ABI,TX,ASW,CE,Combined TRACON& Tower with Radar,0,24,83,30,137,0,6,44,0,50,0,30,127,30,187,62,158,220,407
04/25/2013,ABI,TX,ASW,CE,Combined TRACON& Tower with Radar,0,25,83,26,134,0,7,26,0,33,0,32,109,26,167,70,96,166,333
04/26/2013,ABI,TX,ASW,CE,Combined TRACON& Tower with Radar,2,30,44,14,90,0,6,23,0,29,2,36,67,14,119,28,96,124,243
04/27/2013,ABI,TX,ASW,CE,Combined TRACON& Tower with Radar,0,13,31,7,51,0,9,41,3,53,0,22,72,10,104,40,6,46,150
04/28/2013,ABI,TX,ASW,CE,Combined TRACON& Tower with Radar,0,20,14,8,42,0,0,37,0,37,0,20,51,8,79,38,12,50,129
04/29/2013,ABI,TX,ASW,CE,Combined TRACON& Tower with Radar,0,29,51,6,86,0,7,22,0,29,0,36,73,6,115,32,68,100,215
04/30/2013,ABI,TX,ASW,CE,Combined TRACON& Tower with Radar,0,25,33,20,78,0,5,33,0,38,0,30,66,20,116,60,26,86,202
05/01/2013,ABI,TX,ASW,CE,Combined TRACON& Tower with Radar,0,28,57,12,97,0,2,31,6,39,0,30,88,18,136,34,14,48,184
05/02/2013,ABI,TX,ASW,CE,Combined TRACON& Tower with Radar,0,38,10,16,64,0,0,2,4,6,0,38,12,20,70,0,0,0,70
05/03/2013,ABI,TX,ASW,CE,Combined TRACON& Tower with Radar,0,29,48,50,127,0,3,56,5,64,0,32,104,55,191,58,102,160,351
05/04/2013,ABI,TX,ASW,CE,Combined TRACON& Tower with Radar,2,11,11,0,24,0,3,75,2,80,2,14,86,2,104,100,0,100,204
05/05/2013,ABI,TX,ASW,CE,Combined TRACON& Tower with Radar,0,20,15,15,50,0,0,30,0,30,0,20,45,15,80,38,10,48,128
05/06/2013,ABI,TX,ASW,CE,Combined TRACON& Tower with Radar,0,25,29,26,80,0,6,39,1,46,0,31,68,27,126,14,92,106,232
05/07/2013,ABI,TX,ASW,CE,Combined TRACON& Tower with Radar,0,39,27,47,113,0,7,53,7,67,0,46,80,54,180,60,44,104,284
05/08/2013,ABI,TX,ASW,CE,Combined TRACON& Tower with Radar,2,28,41,44,115,0,8,9,2,19,2,36,50,46,134,16,102,118,252
05/09/2013,ABI,TX,ASW,CE,Combined TRACON& Tower with Radar,2,29,23,12,66,0,8,11,0,19,2,37,34,12,85,14,8,22,107
05/10/2013,ABI,TX,ASW,CE,Combined TRACON& Tower with Radar,0,30,34,17,81,0,2,13,0,15,0,32,47,17,96,28,26,54,150
05/11/2013,ABI,TX,ASW,CE,Combined TRACON& Tower with Radar,0,13,29,0,42,0,0,53,0,53,0,13,82,0,95,136,0,136,231
05/12/2013,ABI,TX,ASW,CE,Combined TRACON& Tower with Radar,2,18,13,1,34,0,1,31,1,33,2,19,44,2,67,24,0,24,91
05/13/2013,ABI,TX,ASW,CE,Combined TRACON& Tower with Radar,0,27,17,6,50,0,9,43,1,53,0,36,60,7,103,38,46,84,187
05/14/2013,ABI,TX,ASW,CE,Combined TRACON& Tower with Radar,0,22,48,18,88,0,13,48,3,64,0,35,96,21,152,50,48,98,250
05/15/2013,ABI,TX,ASW,CE,Combined TRACON& Tower with Radar,1,31,39,31,102,0,2,11,0,13,1,33,50,31,115,24,104,128,243
05/16/2013,ABI,TX,ASW,CE,Combined TRACON& Tower with Radar,1,40,44,35,120,0,2,43,0,45,1,42,87,35,165,36,56,92,257
05/17/2013,ABI,TX,ASW,CE,Combined TRACON& Tower with Radar,2,28,29,24,83,0,5,23,2,30,2,33,52,26,113,82,92,174,287
05/18/2013,ABI,TX,ASW,CE,Combined TRACON& Tower with Radar,1,14,19,0,34,0,5,26,0,31,1,19,45,0,65,44,0,44,109
05/19/2013,ABI,TX,ASW,CE,Combined TRACON& Tower with Radar,1,23,18,17,59,0,1,41,4,46,1,24,59,21,105,22,38,60,165
05/20/2013,ABI,TX,ASW,CE,Combined TRACON& Tower with Radar,0,23,18,2,43,0,7,31,0,38,0,30,49,2,81,18,0,18,99
05/21/2013,ABI,TX,ASW,CE,Combined TRACON& Tower with Radar,4,28,17,8,57,0,3,13,0,16,4,31,30,8,73,36,20,56,129
05/22/2013,ABI,TX,ASW,CE,Combined TRACON& Tower with Radar,0,20,46,15,81,0,7,53,3,63,0,27,99,18,144,94,38,132,276
05/23/2013,ABI,TX,ASW,CE,Combined TRACON& Tower with Radar,0,34,64,40,138,0,6,17,1,24,0,40,81,41,162,34,100,134,296
05/24/2013,ABI,TX,ASW,CE,Combined TRACON& Tower with Radar,8,26,17,0,51,0,3,19,2,24,8,29,36,2,75,10,0,10,85
05/25/2013,ABI,TX,ASW,CE,Combined TRACON& Tower with Radar,2,24,20,0,46,0,0,14,0,14,2,24,34,0,60,46,0,46,106
05/26/2013,ABI,TX,ASW,CE,Combined TRACON& Tower with Radar,0,14,19,0,33,0,2,23,0,25,0,16,42,0,58,54,0,54,112
05/27/2013,ABI,TX,ASW,CE,Combined TRACON& Tower with Radar,0,18,20,0,38,0,0,16,0,16,0,18,36,0,54,18,0,18,72
05/28/2013,ABI,TX,ASW,CE,Combined TRACON& Tower with Radar,0,24,46,20,90,0,3,13,1,17,0,27,59,21,107,0,62,62,169
05/29/2013,ABI,TX,ASW,CE,Combined TRACON& Tower with Radar,15,35,31,12,93,0,3,16,0,19,15,38,47,12,112,0,0,0,112
05/30/2013,ABI,TX,ASW,CE,Combined TRACON& Tower with Radar,1,37,54,11,103,0,7,33,0,40,1,44,87,11,143,26,54,80,223
05/31/2013,ABI,TX,ASW,CE,Combined TRACON& Tower with Radar,0,33,26,8,67,0,7,33,1,41,0,40,59,9,108,22,8,30,138
06/01/2013,ABI,TX,ASW,CE,Combined TRACON& Tower with Radar,0,12,15,0,27,0,4,34,0,38,0,16,49,0,65,46,0,46,111
06/02/2013,ABI,TX,ASW,CE,Combined TRACON& Tower with Radar,0,15,22,0,37,0,0,36,0,36,0,15,58,0,73,0,0,0,73
06/03/2013,ABI,TX,ASW,CE,Combined TRACON& Tower with Radar,0,29,34,18,81,0,11,43,0,54,0,40,77,18,135,60,46,106,241
06/04/2013,ABI,TX,ASW,CE,Combined TRACON& Tower with Radar,0,28,24,11,63,0,11,51,0,62,0,39,75,11,125,20,12,32,157
06/05/2013,ABI,TX,ASW,CE,Combined TRACON& Tower with Radar,0,27,42,11,80,0,11,34,1,46,0,38,76,12,126,36,50,86,212
06/06/2013,ABI,TX,ASW,CE,Combined TRACON& Tower with Radar,0,33,50,7,90,0,1,26,1,28,0,34,76,8,118,46,50,96,214
06/07/2013,ABI,TX,ASW,CE,Combined TRACON& Tower with Radar,0,29,43,9,81,0,8,59,1,68,0,37,102,10,149,22,14,36,185
06/08/2013,ABI,TX,ASW,CE,Combined TRACON& Tower with Radar,0,12,10,2,24,0,6,128,2,136,0,18,138,4,160,64,0,64,224
06/09/2013,ABI,TX,ASW,CE,Combined TRACON& Tower with Radar,2,22,21,0,45,0,0,43,0,43,2,22,64,0,88,30,0,30,118
06/10/2013,ABI,TX,ASW,CE,Combined TRACON& Tower with Radar,0,23,40,12,75,0,8,43,0,51,0,31,83,12,126,10,46,56,182
06/11/2013,ABI,TX,ASW,CE,Combined TRACON& Tower with Radar,0,23,42,13,78,0,9,33,0,42,0,32,75,13,120,36,76,112,232
06/12/2013,ABI,TX,ASW,CE,Combined TRACON& Tower with Radar,0,31,47,22,100,0,5,46,0,51,0,36,93,22,151,0,0,0,151
06/13/2013,ABI,TX,ASW,CE,Combined TRACON& Tower with Radar,2,27,40,13,82,0,4,52,0,56,2,31,92,13,138,46,52,98,236
06/14/2013,ABI,TX,ASW,CE,Combined TRACON& Tower with Radar,0,26,35,9,70,0,9,33,0,42,0,35,68,9,112,32,12,44,156
06/15/2013,ABI,TX,ASW,CE,Combined TRACON& Tower with Radar,0,17,8,1,26,0,1,15,2,18,0,18,23,3,44,28,0,28,72
06/16/2013,ABI,TX,ASW,CE,Combined TRACON& Tower with Radar,0,16,15,9,40,0,1,39,0,40,0,17,54,9,80,10,4,14,94
06/17/2013,ABI,TX,ASW,CE,Combined TRACON& Tower with Radar,4,39,28,20,91,0,3,27,1,31,4,42,55,21,122,36,32,68,190
06/18/2013,ABI,TX,ASW,CE,Combined TRACON& Tower with Radar,2,34,58,4,98,0,8,24,2,34,2,42,82,6,132,36,20,56,188
06/19/2013,ABI,TX,ASW,CE,Combined TRACON& Tower with Radar,0,26,32,6,64,0,6,50,2,58,0,32,82,8,122,0,0,0,122
06/20/2013,ABI,TX,ASW,CE,Combined TRACON& Tower with Radar,0,28,39,7,74,0,11,30,0,41,0,39,69,7,115,24,20,44,159
06/21/2013,ABI,TX,ASW,CE,Combined TRACON& Tower with Radar,0,25,42,15,82,0,7,57,0,64,0,32,99,15,146,34,40,74,220
06/22/2013,ABI,TX,ASW,CE,Combined TRACON& Tower with Radar,2,17,12,2,33,0,2,33,0,35,2,19,45,2,68,2,10,12,80
06/23/2013,ABI,TX,ASW,CE,Combined TRACON& Tower with Radar,0,22,19,11,52,0,2,28,1,31,0,24,47,12,83,18,2,20,103
06/24/2013,ABI,TX,ASW,CE,Combined TRACON& Tower with Radar,0,23,9,31,63,0,4,30,0,34,0,27,39,31,97,20,54,74,171
06/25/2013,ABI,TX,ASW,CE,Combined TRACON& Tower with Radar,0,25,13,27,65,0,5,20,1,26,0,30,33,28,91,0,0,0,91
06/26/2013,ABI,TX,ASW,CE,Combined TRACON& Tower with Radar,0,26,24,24,74,0,15,37,0,52,0,41,61,24,126,14,40,54,180
06/27/2013,ABI,TX,ASW,CE,Combined TRACON& Tower with Radar,0,25,25,25,75,0,5,29,0,34,0,30,54,25,109,0,0,0,109
06/28/2013,ABI,TX,ASW,CE,Combined TRACON& Tower with Radar,0,25,20,7,52,0,5,32,1,38,0,30,52,8,90,4,4,8,98
06/29/2013,ABI,TX,ASW,CE,Combined TRACON& Tower with Radar,0,21,3,2,26,0,2,35,0,37,0,23,38,2,63,14,0,14,77
06/30/2013,ABI,TX,ASW,CE,Combined TRACON& Tower with Radar,0,16,4,2,22,0,1,30,0,31,0,17,34,2,53,46,2,48,101
07/01/2013,ABI,TX,ASW,CE,Combined TRACON& Tower with Radar,0,25,16,30,71,0,8,36,1,45,0,33,52,31,116,26,30,56,172
07/02/2013,ABI,TX,ASW,CE,Combined TRACON& Tower with Radar,0,40,20,51,111,0,7,41,1,49,0,47,61,52,160,0,0,0,160
07/03/2013,ABI,TX,ASW,CE,Combined TRACON& Tower with Radar,0,28,20,14,62,0,7,26,1,34,0,35,46,15,96,70,68,138,234
07/04/2013,ABI,TX,ASW,CE,Combined TRACON& Tower with Radar,0,15,2,0,17,0,6,35,0,41,0,21,37,0,58,30,0,30,88
07/05/2013,ABI,TX,ASW,CE,Combined TRACON& Tower with Radar,0,27,13,0,40,0,6,29,0,35,0,33,42,0,75,36,0,36,111
07/06/2013,ABI,TX,ASW,CE,Combined TRACON& Tower with Radar,0,21,8,0,29,0,2,30,0,32,0,23,38,0,61,62,0,62,123
07/07/2013,ABI,TX,ASW,CE,Combined TRACON& Tower with Radar,0,16,23,0,39,0,0,32,0,32,0,16,55,0,71,42,0,42,113
07/08/2013,ABI,TX,ASW,CE,Combined TRACON& Tower with Radar,0,21,26,52,99,0,7,31,3,41,0,28,57,55,140,4,106,110,250
07/09/2013,ABI,TX,ASW,CE,Combined TRACON& Tower with Radar,0,32,28,30,90,0,7,41,2,50,0,39,69,32,140,32,76,108,248
07/10/2013,ABI,TX,ASW,CE,Combined TRACON& Tower with Radar,0,35,36,28,99,0,5,42,0,47,0,40,78,28,146,0,0,0,146
07/11/2013,ABI,TX,ASW,CE,Combined TRACON& Tower with Radar,8,27,30,36,101,0,6,24,2,32,8,33,54,38,133,10,64,74,207
07/12/2013,ABI,TX,ASW,CE,Combined TRACON& Tower with Radar,0,30,30,21,81,0,11,65,1,77,0,41,95,22,158,46,58,104,262
07/13/2013,ABI,TX,ASW,CE,Combined TRACON& Tower with Radar,0,19,6,2,27,0,3,49,0,52,0,22,55,2,79,68,0,68,147
07/14/2013,ABI,TX,ASW,CE,Combined TRACON& Tower with Radar,0,22,15,0,37,0,0,27,2,29,0,22,42,2,66,34,0,34,100
07/15/2013,ABI,TX,ASW,CE,Combined TRACON& Tower with Radar,0,29,22,4,55,0,0,6,0,6,0,29,28,4,61,4,2,6,67
07/16/2013,ABI,TX,ASW,CE,Combined TRACON& Tower with Radar,8,33,22,19,82,0,2,4,0,6,8,35,26,19,88,2,22,24,112
07/17/2013,ABI,TX,ASW,CE,Combined TRACON& Tower with Radar,2,32,43,3,80,0,4,10,0,14,2,36,53,3,94,2,4,6,100
07/18/2013,ABI,TX,ASW,CE,Combined TRACON& Tower with Radar,0,31,46,91,168,2,4,19,0,25,2,35,65,91,193,32,90,122,315
07/19/2013,ABI,TX,ASW,CE,Combined TRACON& Tower with Radar,6,24,18,49,97,0,9,42,5,56,6,33,60,54,153,78,70,148,301
07/20/2013,ABI,TX,ASW,CE,Combined TRACON& Tower with Radar,4,22,19,3,48,0,4,30,0,34,4,26,49,3,82,74,0,74,156
07/21/2013,ABI,TX,ASW,CE,Combined TRACON& Tower with Radar,0,18,18,0,36,0,0,20,4,24,0,18,38,4,60,14,0,14,74
07/22/2013,ABI,TX,ASW,CE,Combined TRACON& Tower with Radar,0,20,29,73,122,0,5,28,0,33,0,25,57,73,155,56,154,210,365
07/23/2013,ABI,TX,ASW,CE,Combined TRACON& Tower with Radar,0,26,22,33,81,0,7,30,3,40,0,33,52,36,121,18,32,50,171
07/24/2013,ABI,TX,ASW,CE,Combined TRACON& Tower with Radar,0,28,59,53,140,0,5,41,0,46,0,33,100,53,186,86,76,162,348
07/25/2013,ABI,TX,ASW,CE,Combined TRACON& Tower with Radar,0,31,27,26,84,0,12,38,2,52,0,43,65,28,136,20,54,74,210
07/26/2013,ABI,TX,ASW,CE,Combined TRACON& Tower with Radar,0,28,42,17,87,0,6,35,1,42,0,34,77,18,129,20,26,46,175
07/27/2013,ABI,TX,ASW,CE,Combined TRACON& Tower with Radar,0,24,18,8,50,0,4,34,5,43,0,28,52,13,93,58,6,64,157
07/28/2013,ABI,TX,ASW,CE,Combined TRACON& Tower with Radar,0,16,13,0,29,0,0,32,0,32,0,16,45,0,61,38,0,38,99
07/29/2013,ABI,TX,ASW,CE,Combined TRACON& Tower with Radar,0,29,23,29,81,0,11,22,2,35,0,40,45,31,116,8,36,44,160
07/30/2013,ABI,TX,ASW,CE,Combined TRACON& Tower with Radar,0,32,40,47,119,0,5,37,3,45,0,37,77,50,164,90,104,194,358
07/31/2013,ABI,TX,ASW,CE,Combined TRACON& Tower with Radar,0,29,37,37,103,0,5,34,0,39,0,34,71,37,142,0,0,0,142
08/01/2013,ABI,TX,ASW,CE,Combined TRACON& Tower with Radar,0,25,31,42,98,0,5,50,0,55,0,30,81,42,153,50,120,170,323
08/02/2013,ABI,TX,ASW,CE,Combined TRACON& Tower with Radar,0,25,26,8,59,0,6,32,0,38,0,31,58,8,97,12,0,12,109
08/03/2013,ABI,TX,ASW,CE,Combined TRACON& Tower with Radar,0,22,7,8,37,0,2,54,0,56,0,24,61,8,93,42,2,44,137
08/04/2013,ABI,TX,ASW,CE,Combined TRACON& Tower with Radar,2,15,10,0,27,0,0,29,0,29,2,15,39,0,56,8,0,8,64
08/05/2013,ABI,TX,ASW,CE,Combined TRACON& Tower with Radar,0,21,30,27,78,0,8,31,1,40,0,29,61,28,118,2,16,18,136
08/06/2013,ABI,TX,ASW,CE,Combined TRACON& Tower with Radar,0,26,19,47,92,0,6,33,1,40,0,32,52,48,132,18,62,80,212
08/07/2013,ABI,TX,ASW,CE,Combined TRACON& Tower with Radar,0,36,26,38,100,0,5,29,2,36,0,41,55,40,136,8,62,70,206
08/08/2013,ABI,TX,ASW,CE,Combined TRACON& Tower with Radar,2,29,16,13,60,0,7,33,0,40,2,36,49,13,100,22,10,32,132
08/09/2013,ABI,TX,ASW,CE,Combined TRACON& Tower with Radar,6,32,22,20,80,0,6,23,0,29,6,38,45,20,109,16,26,42,151
08/10/2013,ABI,TX,ASW,CE,Combined TRACON& Tower with Radar,0,17,21,0,38,0,3,24,0,27,0,20,45,0,65,82,0,82,147
08/11/2013,ABI,TX,ASW,CE,Combined TRACON& Tower with Radar,2,22,18,2,44,0,0,38,0,38,2,22,56,2,82,6,0,6,88
08/12/2013,ABI,TX,ASW,CE,Combined TRACON& Tower with Radar,0,19,20,20,59,0,9,36,9,54,0,28,56,29,113,72,60,132,245
08/13/2013,ABI,TX,ASW,CE,Combined TRACON& Tower with Radar,14,27,15,45,101,0,5,31,6,42,14,32,46,51,143,44,50,94,237
08/14/2013,ABI,TX,ASW,CE,Combined TRACON& Tower with Radar,0,34,26,30,90,0,9,10,3,22,0,43,36,33,112,24,58,82,194
08/15/2013,ABI,TX,ASW,CE,Combined TRACON& Tower with Radar,2,33,33,52,120,0,14,19,7,40,2,47,52,59,160,34,54,88,248
08/16/2013,ABI,TX,ASW,CE,Combined TRACON& Tower with Radar,0,31,20,17,68,0,4,25,0,29,0,35,45,17,97,20,18,38,135
08/17/2013,ABI,TX,ASW,CE,Combined TRACON& Tower with Radar,2,16,11,5,34,0,3,55,1,59,2,19,66,6,93,72,14,86,179
08/18/2013,ABI,TX,ASW,CE,Combined TRACON& Tower with Radar,0,20,20,0,40,0,0,35,4,39,0,20,55,4,79,44,28,72,151
08/19/2013,ABI,TX,ASW,CE,Combined TRACON& Tower with Radar,0,20,13,77,110,0,5,36,1,42,0,25,49,78,152,4,196,200,352
08/20/2013,ABI,TX,ASW,CE,Combined TRACON& Tower with Radar,2,24,38,38,102,0,9,52,11,72,2,33,90,49,174,34,74,108,282
08/21/2013,ABI,TX,ASW,CE,Combined TRACON& Tower with Radar,0,33,26,36,95,0,5,49,2,56,0,38,75,38,151,34,34,68,219
08/22/2013,ABI,TX,ASW,CE,Combined TRACON& Tower with Radar,0,24,20,35,79,0,11,39,2,52,0,35,59,37,131,56,24,80,211
08/23/2013,ABI,TX,ASW,CE,Combined TRACON& Tower with Radar,0,33,22,65,120,0,7,34,0,41,0,40,56,65,161,46,96,142,303
08/24/2013,ABI,TX,ASW,CE,Combined TRACON& Tower with Radar,0,17,11,7,35,0,1,49,1,51,0,18,60,8,86,84,0,84,170
08/25/2013,ABI,TX,ASW,CE,Combined TRACON& Tower with Radar,0,19,7,6,32,0,2,35,1,38,0,21,42,7,70,70,2,72,142
08/26/2013,ABI,TX,ASW,CE,Combined TRACON& Tower with Radar,0,23,24,31,78,0,6,27,0,33,0,29,51,31,111,32,20,52,163
08/27/2013,ABI,TX,ASW,CE,Combined TRACON& Tower with Radar,0,28,21,17,66,0,8,17,12,37,0,36,38,29,103,22,70,92,195
08/28/2013,ABI,TX,ASW,CE,Combined TRACON& Tower with Radar,0,37,23,49,109,0,8,30,5,43,0,45,53,54,152,68,60,128,280
08/29/2013,ABI,TX,ASW,CE,Combined TRACON& Tower with Radar,0,26,19,34,79,0,7,49,2,58,0,33,68,36,137,24,66,90,227
08/30/2013,ABI,TX,ASW,CE,Combined TRACON& Tower with Radar,0,32,21,19,72,0,7,53,2,62,0,39,74,21,134,72,24,96,230
08/31/2013,ABI,TX,ASW,CE,Combined TRACON& Tower with Radar,2,16,14,0,32,0,3,39,1,43,2,19,53,1,75,26,0,26,101
09/01/2013,ABI,TX,ASW,CE,Combined TRACON& Tower with Radar,0,21,20,0,41,0,7,21,0,28,0,28,41,0,69,38,0,38,107
09/02/2013,ABI,TX,ASW,CE,Combined TRACON& Tower with Radar,0,17,18,17,52,0,0,40,3,43,0,17,58,20,95,38,2,40,135
09/03/2013,ABI,TX,ASW,CE,Combined TRACON& Tower with Radar,0,22,18,38,78,0,11,50,0,61,0,33,68,38,139,28,48,76,215
09/04/2013,ABI,TX,ASW,CE,Combined TRACON& Tower with Radar,2,27,17,39,85,0,12,48,2,62,2,39,65,41,147,36,36,72,219
09/05/2013,ABI,TX,ASW,CE,Combined TRACON& Tower with Radar,0,31,24,60,115,0,5,32,2,39,0,36,56,62,154,56,56,112,266
09/06/2013,ABI,TX,ASW,CE,Combined TRACON& Tower with Radar,0,33,28,32,93,0,6,50,0,56,0,39,78,32,149,92,42,134,283
09/07/2013,ABI,TX,ASW,CE,Combined TRACON& Tower with Radar,0,17,9,2,28,0,4,47,0,51,0,21,56,2,79,62,2,64,143
09/08/2013,ABI,TX,ASW,CE,Combined TRACON& Tower with Radar,0,20,15,8,43,0,1,31,1,33,0,21,46,9,76,28,12,40,116
09/09/2013,ABI,TX,ASW,CE,Combined TRACON& Tower with Radar,0,25,21,54,100,0,4,43,8,55,0,29,64,62,155,60,92,152,307
09/10/2013,ABI,TX,ASW,CE,Combined TRACON& Tower with Radar,0,30,34,81,145,0,8,27,2,37,0,38,61,83,182,70,251,321,503
09/11/2013,ABI,TX,ASW,CE,Combined TRACON& Tower with Radar,2,32,42,39,115,0,3,38,3,44,2,35,80,42,159,0,0,0,159
09/12/2013,ABI,TX,ASW,CE,Combined TRACON& Tower with Radar,0,25,16,49,90,0,6,37,0,43,0,31,53,49,133,2,174,176,309
09/13/2013,ABI,TX,ASW,CE,Combined TRACON& Tower with Radar,0,36,28,49,113,0,9,36,3,48,0,45,64,52,161,36,34,70,231
09/14/2013,ABI,TX,ASW,CE,Combined TRACON& Tower with Radar,0,19,23,4,46,0,2,46,0,48,0,21,69,4,94,22,4,26,120
09/15/2013,ABI,TX,ASW,CE,Combined TRACON& Tower with Radar,0,18,20,4,42,0,2,27,0,29,0,20,47,4,71,12,0,12,83
09/16/2013,ABI,TX,ASW,CE,Combined TRACON& Tower with Radar,0,21,17,71,109,0,4,24,2,30,0,25,41,73,139,18,130,148,287
09/17/2013,ABI,TX,ASW,CE,Combined TRACON& Tower with Radar,0,27,32,60,119,0,10,22,2,34,0,37,54,62,153,94,72,166,319
09/18/2013,ABI,TX,ASW,CE,Combined TRACON& Tower with Radar,0,33,24,34,91,0,5,14,2,21,0,38,38,36,112,12,38,50,162
09/19/2013,ABI,TX,ASW,CE,Combined TRACON& Tower with Radar,8,33,38,23,102,0,10,14,1,25,8,43,52,24,127,24,20,44,171
09/20/2013,ABI,TX,ASW,CE,Combined TRACON& Tower with Radar,2,31,30,0,63,0,1,1,0,2,2,32,31,0,65,4,0,4,69
09/21/2013,ABI,TX,ASW,CE,Combined TRACON& Tower with Radar,0,16,18,6,40,0,1,62,0,63,0,17,80,6,103,50,0,50,153
09/22/2013,ABI,TX,ASW,CE,Combined TRACON& Tower with Radar,2,18,10,0,30,0,0,35,0,35,2,18,45,0,65,14,0,14,79
09/23/2013,ABI,TX,ASW,CE,Combined TRACON& Tower with Radar,0,21,26,25,72,0,10,38,3,51,0,31,64,28,123,44,18,62,185
09/24/2013,ABI,TX,ASW,CE,Combined TRACON& Tower with Radar,0,27,23,42,92,0,10,41,3,54,0,37,64,45,146,64,42,106,252
09/25/2013,ABI,TX,ASW,CE,Combined TRACON& Tower with Radar,0,28,30,45,103,0,7,46,2,55,0,35,76,47,158,0,0,0,158
09/26/2013,ABI,TX,ASW,CE,Combined TRACON& Tower with Radar,0,35,13,52,100,0,8,42,5,55,0,43,55,57,155,26,74,100,255
09/27/2013,ABI,TX,ASW,CE,Combined TRACON& Tower with Radar,0,28,37,43,108,0,4,27,0,31,0,32,64,43,139,36,108,144,283
09/28/2013,ABI,TX,ASW,CE,Combined TRACON& Tower with Radar,2,21,12,0,35,0,0,1,0,1,2,21,13,0,36,0,0,0,36
09/29/2013,ABI,TX,ASW,CE,Combined TRACON& Tower with Radar,0,16,13,3,32,0,0,43,1,44,0,16,56,4,76,80,2,82,158
09/30/2013,ABI,TX,ASW,CE,Combined TRACON& Tower with Radar,0,23,22,18,63,0,7,41,2,50,0,30,63,20,113,58,8,66,179
10/01/2013,ABI,TX,ASW,CE,Combined TRACON& Tower with Radar,0,25,28,17,70,0,4,39,3,46,0,29,67,20,116,68,38,106,222
10/02/2013,ABI,TX,ASW,CE,Combined TRACON& Tower with Radar,0,33,36,57,126,0,4,24,0,28,0,37,60,57,154,14,72,86,240
10/03/2013,ABI,TX,ASW,CE,Combined TRACON& Tower with Radar,0,28,24,20,72,0,7,22,2,31,0,35,46,22,103,34,30,64,167
10/04/2013,ABI,TX,ASW,CE,Combined TRACON& Tower with Radar,0,41,35,32,108,0,3,29,5,37,0,44,64,37,145,72,62,134,279
10/05/2013,ABI,TX,ASW,CE,Combined TRACON& Tower with Radar,0,21,19,0,40,0,5,6,0,11,0,26,25,0,51,56,0,56,107
10/06/2013,ABI,TX,ASW,CE,Combined TRACON& Tower with Radar,2,16,6,0,24,0,1,42,0,43,2,17,48,0,67,0,0,0,67
10/07/2013,ABI,TX,ASW,CE,Combined TRACON& Tower with Radar,0,26,16,49,91,0,4,41,1,46,0,30,57,50,137,16,62,78,215
10/08/2013,ABI,TX,ASW,CE,Combined TRACON& Tower with Radar,0,25,31,43,99,0,13,48,1,62,0,38,79,44,161,36,62,98,259
10/09/2013,ABI,TX,ASW,CE,Combined TRACON& Tower with Radar,0,31,20,49,100,0,6,41,5,52,0,37,61,54,152,0,0,0,152
10/10/2013,ABI,TX,ASW,CE,Combined TRACON& Tower with Radar,2,36,32,20,90,0,4,18,5,27,2,40,50,25,117,0,0,0,117
10/11/2013,ABI,TX,ASW,CE,Combined TRACON& Tower with Radar,0,30,43,54,127,0,7,24,1,32,0,37,67,55,159,60,92,152,311
10/12/2013,ABI,TX,ASW,CE,Combined TRACON& Tower with Radar,1,9,11,0,21,0,3,25,1,29,1,12,36,1,50,46,0,46,96
10/13/2013,ABI,TX,ASW,CE,Combined TRACON& Tower with Radar,0,17,18,0,35,0,0,1,0,1,0,17,19,0,36,0,0,0,36
10/14/2013,ABI,TX,ASW,CE,Combined TRACON& Tower with Radar,0,30,52,8,90,0,0,7,0,7,0,30,59,8,97,26,4,30,127
10/15/2013,ABI,TX,ASW,CE,Combined TRACON& Tower with Radar,2,27,36,46,111,0,0,6,0,6,2,27,42,46,117,10,62,72,189
10/16/2013,ABI,TX,ASW,CE,Combined TRACON& Tower with Radar,0,25,48,24,97,0,8,20,3,31,0,33,68,27,128,96,58,154,282
10/17/2013,ABI,TX,ASW,CE,Combined TRACON& Tower with Radar,0,31,31,33,95,0,6,40,8,54,0,37,71,41,149,0,0,0,149
10/18/2013,ABI,TX,ASW,CE,Combined TRACON& Tower with Radar,0,33,35,29,97,0,1,19,0,20,0,34,54,29,117,48,32,80,197
10/19/2013,ABI,TX,ASW,CE,Combined TRACON& Tower with Radar,0,19,23,0,42,0,2,62,0,64,0,21,85,0,106,99,0,99,205
10/20/2013,ABI,TX,ASW,CE,Combined TRACON& Tower with Radar,0,19,24,13,56,0,0,40,2,42,0,19,64,15,98,0,0,0,98
10/21/2013,ABI,TX,ASW,CE,Combined TRACON& Tower with Radar,0,26,27,47,100,0,10,17,5,32,0,36,44,52,132,26,54,80,212
10/22/2013,ABI,TX,ASW,CE,Combined TRACON& Tower with Radar,0,33,45,84,162,0,7,36,1,44,0,40,81,85,206,100,110,210,416
10/23/2013,ABI,TX,ASW,CE,Combined TRACON& Tower with Radar,0,31,48,55,134,0,13,45,0,58,0,44,93,55,192,92,86,178,370
10/24/2013,ABI,TX,ASW,CE,Combined TRACON& Tower with Radar,0,30,46,46,122,0,10,65,0,75,0,40,111,46,197,90,42,132,329
10/25/2013,ABI,TX,ASW,CE,Combined TRACON& Tower with Radar,0,31,35,38,104,0,15,33,0,48,0,46,68,38,152,96,52,148,300
10/26/2013,ABI,TX,ASW,CE,Combined TRACON& Tower with Radar,12,24,32,6,74,0,2,15,0,17,12,26,47,6,91,16,4,20,111
10/27/2013,ABI,TX,ASW,CE,Combined TRACON& Tower with Radar,0,18,24,13,55,0,2,25,1,28,0,20,49,14,83,62,6,68,151
10/28/2013,ABI,TX,ASW,CE,Combined TRACON& Tower with Radar,0,23,41,41,105,0,2,9,0,11,0,25,50,41,116,38,50,88,204
10/29/2013,ABI,TX,ASW,CE,Combined TRACON& Tower with Radar,0,31,27,66,124,0,7,14,4,25,0,38,41,70,149,18,66,84,233
10/30/2013,ABI,TX,ASW,CE,Combined TRACON& Tower with Radar,0,24,14,28,66,0,6,5,3,14,0,30,19,31,80,24,26,50,130
10/31/2013,ABI,TX,ASW,CE,Combined TRACON& Tower with Radar,3,25,35,75,138,0,5,15,0,20,3,30,50,75,158,28,134,162,320
11/01/2013,ABI,TX,ASW,CE,Combined TRACON& Tower with Radar,1,26,40,27,94,0,8,45,3,56,1,34,85,30,150,36,36,72,222
11/02/2013,ABI,TX,ASW,CE,Combined TRACON& Tower with Radar,0,15,18,0,33,0,0,50,0,50,0,15,68,0,83,76,0,76,159
11/03/2013,ABI,TX,ASW,CE,Combined TRACON& Tower with Radar,0,22,19,0,41,0,0,18,0,18,0,22,37,0,59,0,0,0,59
11/04/2013,ABI,TX,ASW,CE,Combined TRACON& Tower with Radar,0,21,34,24,79,0,4,17,0,21,0,25,51,24,100,18,28,46,146
11/05/2013,ABI,TX,ASW,CE,Combined TRACON& Tower with Radar,0,33,24,59,116,0,2,7,0,9,0,35,31,59,125,18,62,80,205
11/06/2013,ABI,TX,ASW,CE,Combined TRACON& Tower with Radar,0,26,31,52,109,0,6,33,2,41,0,32,64,54,150,98,118,216,366
11/07/2013,ABI,TX,ASW,CE,Combined TRACON& Tower with Radar,0,31,38,26,95,0,5,41,0,46,0,36,79,26,141,36,21,57,198
11/08/2013,ABI,TX,ASW,CE,Combined TRACON& Tower with Radar,0,31,23,22,76,0,5,24,2,31,0,36,47,24,107,32,26,58,165
11/09/2013,ABI,TX,ASW,CE,Combined TRACON& Tower with Radar,0,19,18,0,37,0,3,46,0,49,0,22,64,0,86,0,0,0,86
11/10/2013,ABI,TX,ASW,CE,Combined TRACON& Tower with Radar,0,20,31,0,51,0,1,12,1,14,0,21,43,1,65,0,0,0,65
11/11/2013,ABI,TX,ASW,CE,Combined TRACON& Tower with Radar,0,28,27,0,55,0,2,24,0,26,0,30,51,0,81,96,0,96,177
11/12/2013,ABI,TX,ASW,CE,Combined TRACON& Tower with Radar,2,28,34,28,92,0,10,14,1,25,2,38,48,29,117,16,24,40,157
11/13/2013,ABI,TX,ASW,CE,Combined TRACON& Tower with Radar,0,37,22,25,84,0,7,29,2,38,0,44,51,27,122,0,0,0,122
11/14/2013,ABI,TX,ASW,CE,Combined TRACON& Tower with Radar,0,25,28,16,69,0,11,34,0,45,0,36,62,16,114,50,22,72,186
11/15/2013,ABI,TX,ASW,CE,Combined TRACON& Tower with Radar,2,30,52,37,121,0,4,34,1,39,2,34,86,38,160,56,62,118,278
11/16/2013,ABI,TX,ASW,CE,Combined TRACON& Tower with Radar,0,15,18,16,49,0,6,12,5,23,0,21,30,21,72,14,18,32,104
11/17/2013,ABI,TX,ASW,CE,Combined TRACON& Tower with Radar,0,16,18,4,38,0,1,25,2,28,0,17,43,6,66,22,0,22,88
11/18/2013,ABI,TX,ASW,CE,Combined TRACON& Tower with Radar,0,19,36,74,129,0,4,27,7,38,0,23,63,81,167,32,108,140,307
11/19/2013,ABI,TX,ASW,CE,Combined TRACON& Tower with Radar,0,28,31,59,118,0,6,30,2,38,0,34,61,61,156,28,90,118,274
11/20/2013,ABI,TX,ASW,CE,Combined TRACON& Tower with Radar,0,34,35,52,121,0,12,12,2,26,0,46,47,54,147,54,108,162,309
11/21/2013,ABI,TX,ASW,CE,Combined TRACON& Tower with Radar,6,35,39,17,97,0,5,11,3,19,6,40,50,20,116,18,14,32,148
11/22/2013,ABI,TX,ASW,CE,Combined TRACON& Tower with Radar,0,13,1,0,14,0,0,0,0,0,0,13,1,0,14,0,0,0,14
11/23/2013,ABI,TX,ASW,CE,Combined TRACON& Tower with Radar,0,16,12,1,29,0,0,0,1,1,0,16,12,2,30,0,0,0,30
11/24/2013,ABI,TX,ASW,CE,Combined TRACON& Tower with Radar,0,2,7,1,10,0,0,2,0,2,0,2,9,1,12,0,0,0,12
11/25/2013,ABI,TX,ASW,CE,Combined TRACON& Tower with Radar,0,23,17,0,40,0,0,1,0,1,0,23,18,0,41,0,4,4,45
11/26/2013,ABI,TX,ASW,CE,Combined TRACON& Tower with Radar,0,35,47,37,119,0,5,30,3,38,0,40,77,40,157,32,142,174,331
11/27/2013,ABI,TX,ASW,CE,Combined TRACON& Tower with Radar,0,35,32,8,75,0,9,69,1,79,0,44,101,9,154,34,4,38,192
11/28/2013,ABI,TX,ASW,CE,Combined TRACON& Tower with Radar,0,13,9,0,22,0,0,27,1,28,0,13,36,1,50,2,0,2,52
11/29/2013,ABI,TX,ASW,CE,Combined TRACON& Tower with Radar,0,18,27,2,47,0,9,48,0,57,0,27,75,2,104,34,0,34,138
11/30/2013,ABI,TX,ASW,CE,Combined TRACON& Tower with Radar,0,23,26,0,49,0,3,27,0,30,0,26,53,0,79,18,0,18,97
12/01/2013,ABI,TX,ASW,CE,Combined TRACON& Tower with Radar,0,18,36,2,56,0,3,21,0,24,0,21,57,2,80,36,0,36,116
12/02/2013,ABI,TX,ASW,CE,Combined TRACON& Tower with Radar,0,19,44,88,151,0,12,35,11,58,0,31,79,99,209,60,90,150,359
12/03/2013,ABI,TX,ASW,CE,Combined TRACON& Tower with Radar,0,27,39,62,128,0,6,29,5,40,0,33,68,67,168,36,42,78,246
12/04/2013,ABI,TX,ASW,CE,Combined TRACON& Tower with Radar,0,26,52,26,104,0,9,52,3,64,0,35,104,29,168,58,22,80,248
12/05/2013,ABI,TX,ASW,CE,Combined TRACON& Tower with Radar,0,16,5,0,21,0,2,2,0,4,0,18,7,0,25,0,0,0,25
12/06/2013,ABI,TX,ASW,CE,Combined TRACON& Tower with Radar,0,3,2,0,5,0,0,1,0,1,0,3,3,0,6,0,0,0,6
12/07/2013,ABI,TX,ASW,CE,Combined TRACON& Tower with Radar,0,1,2,0,3,0,2,3,0,5,0,3,5,0,8,0,0,0,8
12/08/2013,ABI,TX,ASW,CE,Combined TRACON& Tower with Radar,0,7,9,0,16,0,0,4,0,4,0,7,13,0,20,0,0,0,20
12/09/2013,ABI,TX,ASW,CE,Combined TRACON& Tower with Radar,0,17,10,0,27,0,0,0,0,0,0,17,10,0,27,0,0,0,27
12/10/2013,ABI,TX,ASW,CE,Combined TRACON& Tower with Radar,0,34,31,48,113,0,11,23,3,37,0,45,54,51,150,30,66,96,246
12/11/2013,ABI,TX,ASW,CE,Combined TRACON& Tower with Radar,0,27,32,56,115,0,6,30,1,37,0,33,62,57,152,50,90,140,292
12/12/2013,ABI,TX,ASW,CE,Combined TRACON& Tower with Radar,0,23,22,45,90,0,8,27,1,36,0,31,49,46,126,34,26,60,186
12/13/2013,ABI,TX,ASW,CE,Combined TRACON& Tower with Radar,2,27,36,43,108,0,6,19,2,27,2,33,55,45,135,12,56,68,203
12/14/2013,ABI,TX,ASW,CE,Combined TRACON& Tower with Radar,0,22,24,53,99,0,2,25,6,33,0,24,49,59,132,32,64,96,228
12/15/2013,ABI,TX,ASW,CE,Combined TRACON& Tower with Radar,0,26,19,6,51,0,0,52,1,53,0,26,71,7,104,68,10,78,182
12/16/2013,ABI,TX,ASW,CE,Combined TRACON& Tower with Radar,4,21,20,56,101,0,10,47,0,57,4,31,67,56,158,56,76,132,290
12/17/2013,ABI,TX,ASW,CE,Combined TRACON& Tower with Radar,0,28,35,19,82,0,6,62,0,68,0,34,97,19,150,72,18,90,240
12/18/2013,ABI,TX,ASW,CE,Combined TRACON& Tower with Radar,0,29,29,8,66,0,7,62,2,71,0,36,91,10,137,28,32,60,197
12/19/2013,ABI,TX,ASW,CE,Combined TRACON& Tower with Radar,2,35,45,58,140,0,2,28,1,31,2,37,73,59,171,26,132,158,329
12/20/2013,ABI,TX,ASW,CE,Combined TRACON& Tower with Radar,0,37,61,2,100,0,0,4,0,4,0,37,65,2,104,14,8,22,126
12/21/2013,ABI,TX,ASW,CE,Combined TRACON& Tower with Radar,0,23,20,0,43,0,0,7,0,7,0,23,27,0,50,38,0,38,88
12/22/2013,ABI,TX,ASW,CE,Combined TRACON& Tower with Radar,0,15,18,0,33,0,0,27,0,27,0,15,45,0,60,36,0,36,96
12/23/2013,ABI,TX,ASW,CE,Combined TRACON& Tower with Radar,0,22,21,4,47,0,8,43,0,51,0,30,64,4,98,46,28,74,172
12/24/2013,ABI,TX,ASW,CE,Combined TRACON& Tower with Radar,0,24,14,0,38,0,7,21,4,32,0,31,35,4,70,12,0,12,82
12/25/2013,ABI,TX,ASW,CE,Combined TRACON& Tower with Radar,0,16,3,0,19,0,2,14,0,16,0,18,17,0,35,0,0,0,35
12/26/2013,ABI,TX,ASW,CE,Combined TRACON& Tower with Radar,0,27,18,4,49,0,8,30,0,38,0,35,48,4,87,30,18,48,135
12/27/2013,ABI,TX,ASW,CE,Combined TRACON& Tower with Radar,0,27,18,0,45,0,6,41,1,48,0,33,59,1,93,20,0,20,113
12/28/2013,ABI,TX,ASW,CE,Combined TRACON& Tower with Radar,0,25,17,0,42,0,1,22,2,25,0,26,39,2,67,36,0,36,103
12/29/2013,ABI,TX,ASW,CE,Combined TRACON& Tower with Radar,0,23,15,0,38,0,0,1,0,1,0,23,16,0,39,0,0,0,39
12/30/2013,ABI,TX,ASW,CE,Combined TRACON& Tower with Radar,0,24,37,0,61,0,9,28,2,39,0,33,65,2,100,52,4,56,156
12/31/2013,ABI,TX,ASW,CE,Combined TRACON& Tower with Radar,0,21,13,2,36,0,13,28,0,41,0,34,41,2,77,40,2,42,119
01/01/2014,ABI,TX,ASW,CE,Combined TRACON& Tower with Radar,0,15,12,0,27,0,2,24,2,28,0,17,36,2,55,24,0,24,79
01/02/2014,ABI,TX,ASW,CE,Combined TRACON& Tower with Radar,0,27,14,1,42,0,7,28,2,37,0,34,42,3,79,30,0,30,109
01/03/2014,ABI,TX,ASW,CE,Combined TRACON& Tower with Radar,0,24,25,0,49,0,6,21,0,27,0,30,46,0,76,0,0,0,76
01/04/2014,ABI,TX,ASW,CE,Combined TRACON& Tower with Radar,0,18,7,0,25,0,2,14,2,18,0,20,21,2,43,0,0,0,43
01/05/2014,ABI,TX,ASW,CE,Combined TRACON& Tower with Radar,0,20,17,1,38,0,0,8,3,11,0,20,25,4,49,10,6,16,65
01/06/2014,ABI,TX,ASW,CE,Combined TRACON& Tower with Radar,0,19,26,24,69,0,4,18,2,24,0,23,44,26,93,0,0,0,93
01/07/2014,ABI,TX,ASW,CE,Combined TRACON& Tower with Radar,0,26,40,20,86,0,10,29,0,39,0,36,69,20,125,14,36,50,175
01/08/2014,ABI,TX,ASW,CE,Combined TRACON& Tower with Radar,0,30,30,58,118,0,11,8,1,20,0,41,38,59,138,36,114,150,288
01/09/2014,ABI,TX,ASW,CE,Combined TRACON& Tower with Radar,0,33,34,46,113,0,4,15,0,19,0,37,49,46,132,16,26,42,174
01/10/2014,ABI,TX,ASW,CE,Combined TRACON& Tower with Radar,0,40,27,112,179,0,7,29,4,40,0,47,56,116,219,46,78,124,343
01/11/2014,ABI,TX,ASW,CE,Combined TRACON& Tower with Radar,0,15,24,8,47,0,3,56,6,65,0,18,80,14,112,36,32,68,180
01/12/2014,ABI,TX,ASW,CE,Combined TRACON& Tower with Radar,0,16,15,6,37,0,0,17,0,17,0,16,32,6,54,0,0,0,54
01/13/2014,ABI,TX,ASW,CE,Combined TRACON& Tower with Radar,0,23,16,56,95,0,5,49,5,59,0,28,65,61,154,10,62,72,226
01/14/2014,ABI,TX,ASW,CE,Combined TRACON& Tower with Radar,0,26,22,75,123,0,11,45,4,60,0,37,67,79,183,30,92,122,305
01/15/2014,ABI,TX,ASW,CE,Combined TRACON& Tower with Radar,0,32,30,16,78,0,7,25,5,37,0,39,55,21,115,0,0,0,115
01/16/2014,ABI,TX,ASW,CE,Combined TRACON& Tower with Radar,0,31,37,45,113,0,7,29,10,46,0,38,66,55,159,20,84,104,263
01/17/2014,ABI,TX,ASW,CE,Combined TRACON& Tower with Radar,2,30,39,68,139,0,17,50,3,70,2,47,89,71,209,48,126,174,383
01/18/2014,ABI,TX,ASW,CE,Combined TRACON& Tower with Radar,0,15,8,0,23,0,5,42,2,49,0,20,50,2,72,40,0,40,112
01/19/2014,ABI,TX,ASW,CE,Combined TRACON& Tower with Radar,2,21,15,9,47,0,2,27,1,30,2,23,42,10,77,42,10,52,129
01/20/2014,ABI,TX,ASW,CE,Combined TRACON& Tower with Radar,2,22,20,1,45,0,3,40,1,44,2,25,60,2,89,0,0,0,89
01/21/2014,ABI,TX,ASW,CE,Combined TRACON& Tower with Radar,0,27,40,68,135,0,8,36,4,48,0,35,76,72,183,6,166,172,355
01/22/2014,ABI,TX,ASW,CE,Combined TRACON& Tower with Radar,0,29,44,44,117,0,9,43,2,54,0,38,87,46,171,24,50,74,245
01/23/2014,ABI,TX,ASW,CE,Combined TRACON& Tower with Radar,2,25,23,37,87,0,6,2,0,8,2,31,25,37,95,32,56,88,183
01/24/2014,ABI,TX,ASW,CE,Combined TRACON& Tower with Radar,0,28,14,37,79,0,9,32,5,46,0,37,46,42,125,52,74,126,251
01/25/2014,ABI,TX,ASW,CE,Combined TRACON& Tower with Radar,0,18,11,0,29,0,4,42,1,47,0,22,53,1,76,84,0,84,160
01/26/2014,ABI,TX,ASW,CE,Combined TRACON& Tower with Radar,0,16,11,11,38,0,0,32,1,33,0,16,43,12,71,0,0,0,71
01/27/2014,ABI,TX,ASW,CE,Combined TRACON& Tower with Radar,0,22,22,42,86,0,4,19,4,27,0,26,41,46,113,8,64,72,185
01/28/2014,ABI,TX,ASW,CE,Combined TRACON& Tower with Radar,0,28,31,96,155,0,6,21,1,28,0,34,52,97,183,22,132,154,337
01/29/2014,ABI,TX,ASW,CE,Combined TRACON& Tower with Radar,0,35,29,54,118,0,5,38,3,46,0,40,67,57,164,0,0,0,164
01/30/2014,ABI,TX,ASW,CE,Combined TRACON& Tower with Radar,0,31,27,50,108,0,5,10,1,16,0,36,37,51,124,0,72,72,196
01/31/2014,ABI,TX,ASW,CE,Combined TRACON& Tower with Radar,0,38,22,34,94,0,4,51,1,56,0,42,73,35,150,52,114,166,316
02/01/2014,ABI,TX,ASW,CE,Combined TRACON& Tower with Radar,0,27,23,4,54,0,6,9,1,16,0,33,32,5,70,58,2,60,130
02/02/2014,ABI,TX,ASW,CE,Combined TRACON& Tower with Radar,0,11,1,0,12,0,0,2,0,2,0,11,3,0,14,4,0,4,18
02/03/2014,ABI,TX,ASW,CE,Combined TRACON& Tower with Radar,0,21,9,0,30,0,0,0,0,0,0,21,9,0,30,0,0,0,30
02/04/2014,ABI,TX,ASW,CE,Combined TRACON& Tower with Radar,0,28,44,83,155,0,2,13,4,19,0,30,57,87,174,36,112,148,322
02/05/2014,ABI,TX,ASW,CE,Combined TRACON& Tower with Radar,2,33,45,50,130,0,1,12,2,15,2,34,57,52,145,0,0,0,145
02/06/2014,ABI,TX,ASW,CE,Combined TRACON& Tower with Radar,0,16,17,4,37,0,0,3,1,4,0,16,20,5,41,0,0,0,41
02/07/2014,ABI,TX,ASW,CE,Combined TRACON& Tower with Radar,0,34,33,40,107,0,4,7,1,12,0,38,40,41,119,6,42,48,167
02/08/2014,ABI,TX,ASW,CE,Combined TRACON& Tower with Radar,2,16,23,0,41,0,7,38,1,46,2,23,61,1,87,54,0,54,141
02/09/2014,ABI,TX,ASW,CE,Combined TRACON& Tower with Radar,4,16,40,18,78,0,0,28,5,33,4,16,68,23,111,0,0,0,111
02/10/2014,ABI,TX,ASW,CE,Combined TRACON& Tower with Radar,0,18,2,1,21,0,0,0,0,0,0,18,2,1,21,0,10,10,31
02/11/2014,ABI,TX,ASW,CE,Combined TRACON& Tower with Radar,0,10,1,0,11,0,0,0,0,0,0,10,1,0,11,0,0,0,11
02/12/2014,ABI,TX,ASW,CE,Combined TRACON& Tower with Radar,2,42,36,65,145,0,5,43,4,52,2,47,79,69,197,87,138,225,422
02/13/2014,ABI,TX,ASW,CE,Combined TRACON& Tower with Radar,0,26,40,40,106,0,6,53,3,62,0,32,93,43,168,50,72,122,290
02/14/2014,ABI,TX,ASW,CE,Combined TRACON& Tower with Radar,2,38,38,63,141,0,10,50,10,70,2,48,88,73,211,50,154,204,415
02/15/2014,ABI,TX,ASW,CE,Combined TRACON& Tower with Radar,0,18,17,0,35,0,3,29,0,32,0,21,46,0,67,28,0,28,95
02/16/2014,ABI,TX,ASW,CE,Combined TRACON& Tower with Radar,0,22,28,0,50,0,1,22,1,24,0,23,50,1,74,30,0,30,104
02/17/2014,ABI,TX,ASW,CE,Combined TRACON& Tower with Radar,0,21,29,0,50,0,1,37,2,40,0,22,66,2,90,30,0,30,120
02/18/2014,ABI,TX,ASW,CE,Combined TRACON& Tower with Radar,0,28,28,3,59,0,4,41,1,46,0,32,69,4,105,16,18,34,139
02/19/2014,ABI,TX,ASW,CE,Combined TRACON& Tower with Radar,0,36,46,45,127,0,4,20,1,25,0,40,66,46,152,0,0,0,152
02/20/2014,ABI,TX,ASW,CE,Combined TRACON& Tower with Radar,0,28,30,35,93,0,6,33,1,40,0,34,63,36,133,28,60,88,221
02/21/2014,ABI,TX,ASW,CE,Combined TRACON& Tower with Radar,0,29,22,40,91,0,6,44,2,52,0,35,66,42,143,34,104,138,281
02/22/2014,ABI,TX,ASW,CE,Combined TRACON& Tower with Radar,0,18,13,0,31,0,7,50,1,58,0,25,63,1,89,18,0,18,107
02/23/2014,ABI,TX,ASW,CE,Combined TRACON& Tower with Radar,0,21,5,14,40,0,4,43,4,51,0,25,48,18,91,178,50,228,319
02/24/2014,ABI,TX,ASW,CE,Combined TRACON& Tower with Radar,0,30,29,33,92,0,1,17,0,18,0,31,46,33,110,50,48,98,208
02/25/2014,ABI,TX,ASW,CE,Combined TRACON& Tower with Radar,0,30,31,16,77,0,0,0,0,0,0,30,31,16,77,20,12,32,109
02/26/2014,ABI,TX,ASW,CE,Combined TRACON& Tower with Radar,0,27,17,21,65,0,9,22,3,34,0,36,39,24,99,26,10,36,135
02/27/2014,ABI,TX,ASW,CE,Combined TRACON& Tower with Radar,0,27,15,34,76,0,5,72,1,78,0,32,87,35,154,24,46,70,224
02/28/2014,ABI,TX,ASW,CE,Combined TRACON& Tower with Radar,2,27,18,12,59,0,7,16,3,26,2,34,34,15,85,0,20,20,105
03/01/2014,ABI,TX,ASW,CE,Combined TRACON& Tower with Radar,4,30,23,12,69,0,3,65,2,70,4,33,88,14,139,118,20,138,277
03/02/2014,ABI,TX,ASW,CE,Combined TRACON& Tower with Radar,0,9,5,0,14,0,0,0,0,0,0,9,5,0,14,0,0,0,14
03/03/2014,ABI,TX,ASW,CE,Combined TRACON& Tower with Radar,2,18,29,33,82,0,2,22,1,25,2,20,51,34,107,0,0,0,107
03/04/2014,ABI,TX,ASW,CE,Combined TRACON& Tower with Radar,0,34,40,36,110,0,6,36,8,50,0,40,76,44,160,40,40,80,240
03/05/2014,ABI,TX,ASW,CE,Combined TRACON& Tower with Radar,0,27,32,34,93,0,4,22,2,28,0,31,54,36,121,0,0,0,121
03/06/2014,ABI,TX,ASW,CE,Combined TRACON& Tower with Radar,0,26,30,47,103,0,2,59,2,63,0,28,89,49,166,84,76,160,326
03/07/2014,ABI,TX,ASW,CE,Combined TRACON& Tower with Radar,0,32,24,16,72,0,8,31,0,39,0,40,55,16,111,14,32,46,157
03/08/2014,ABI,TX,ASW,CE,Combined TRACON& Tower with Radar,0,18,23,0,41,0,5,19,1,25,0,23,42,1,66,18,0,18,84
03/09/2014,ABI,TX,ASW,CE,Combined TRACON& Tower with Radar,0,19,13,26,58,0,2,32,0,34,0,21,45,26,92,74,38,112,204
03/10/2014,ABI,TX,ASW,CE,Combined TRACON& Tower with Radar,0,21,14,19,54,0,5,53,10,68,0,26,67,29,122,26,12,38,160
03/11/2014,ABI,TX,ASW,CE,Combined TRACON& Tower with Radar,0,33,28,23,84,0,4,30,3,37,0,37,58,26,121,0,0,0,121
03/12/2014,ABI,TX,ASW,CE,Combined TRACON& Tower with Radar,0,45,25,67,137,0,8,33,2,43,0,53,58,69,180,32,20,52,232
03/13/2014,ABI,TX,ASW,CE,Combined TRACON& Tower with Radar,0,29,27,42,98,0,7,39,1,47,0,36,66,43,145,102,38,140,285
03/14/2014,ABI,TX,ASW,CE,Combined TRACON& Tower with Radar,0,28,19,18,65,0,5,44,0,49,0,33,63,18,114,32,44,76,190
03/15/2014,ABI,TX,ASW,CE,Combined TRACON& Tower with Radar,4,20,10,4,38,0,0,9,1,10,4,20,19,5,48,0,4,4,52
03/16/2014,ABI,TX,ASW,CE,Combined TRACON& Tower with Radar,0,19,21,0,40,0,0,9,0,9,0,19,30,0,49,0,0,0,49
03/17/2014,ABI,TX,ASW,CE,Combined TRACON& Tower with Radar,0,26,27,46,99,0,4,39,2,45,0,30,66,48,144,0,0,0,144
03/18/2014,ABI,TX,ASW,CE,Combined TRACON& Tower with Radar,0,25,27,15,67,0,10,14,2,26,0,35,41,17,93,24,12,36,129
03/19/2014,ABI,TX,ASW,CE,Combined TRACON& Tower with Radar,2,27,26,61,116,0,7,54,2,63,2,34,80,63,179,30,58,88,267
03/20/2014,ABI,TX,ASW,CE,Combined TRACON& Tower with Radar,0,25,22,34,81,0,8,59,1,68,0,33,81,35,149,50,56,106,255
03/21/2014,ABI,TX,ASW,CE,Combined TRACON& Tower with Radar,2,36,35,50,123,0,6,34,0,40,2,42,69,50,163,16,80,96,259
03/22/2014,ABI,TX,ASW,CE,Combined TRACON& Tower with Radar,0,20,29,34,83,0,0,20,0,20,0,20,49,34,103,12,58,70,173
03/23/2014,ABI,TX,ASW,CE,Combined TRACON& Tower with Radar,0,17,22,0,39,0,0,28,0,28,0,17,50,0,67,8,0,8,75
03/24/2014,ABI,TX,ASW,CE,Combined TRACON& Tower with Radar,2,19,33,40,94,0,4,44,0,48,2,23,77,40,142,18,86,104,246
03/25/2014,ABI,TX,ASW,CE,Combined TRACON& Tower with Radar,0,22,34,58,114,0,5,61,1,67,0,27,95,59,181,42,56,98,279
03/26/2014,ABI,TX,ASW,CE,Combined TRACON& Tower with Radar,0,32,32,25,89,0,3,13,1,17,0,35,45,26,106,4,18,22,128
03/27/2014,ABI,TX,ASW,CE,Combined TRACON& Tower with Radar,0,28,32,34,94,0,3,19,0,22,0,31,51,34,116,28,32,60,176
03/28/2014,ABI,TX,ASW,CE,Combined TRACON& Tower with Radar,0,34,22,51,107,0,4,32,3,39,0,38,54,54,146,54,58,112,258
03/29/2014,ABI,TX,ASW,CE,Combined TRACON& Tower with Radar,0,18,12,4,34,0,2,55,1,58,0,20,67,5,92,18,4,22,114
03/30/2014,ABI,TX,ASW,CE,Combined TRACON& Tower with Radar,0,22,15,12,49,0,0,40,0,40,0,22,55,12,89,20,14,34,123
03/31/2014,ABI,TX,ASW,CE,Combined TRACON& Tower with Radar,2,27,21,55,105,0,3,20,0,23,2,30,41,55,128,22,54,76,204
04/01/2014,ABI,TX,ASW,CE,Combined TRACON& Tower with Radar,0,31,32,29,92,0,9,21,0,30,0,40,53,29,122,54,50,104,226
04/02/2014,ABI,TX,ASW,CE,Combined TRACON& Tower with Radar,0,34,42,47,123,0,4,13,2,19,0,38,55,49,142,46,108,154,296
04/03/2014,ABI,TX,ASW,CE,Combined TRACON& Tower with Radar,6,43,21,10,80,0,6,23,4,33,6,49,44,14,113,30,6,36,149
04/04/2014,ABI,TX,ASW,CE,Combined TRACON& Tower with Radar,0,27,27,75,129,0,5,64,6,75,0,32,91,81,204,80,148,228,432
04/05/2014,ABI,TX,ASW,CE,Combined TRACON& Tower with Radar,0,19,13,5,37,0,2,19,2,23,0,21,32,7,60,10,2,12,72
04/06/2014,ABI,TX,ASW,CE,Combined TRACON& Tower with Radar,4,14,27,12,57,0,0,5,0,5,4,14,32,12,62,4,10,14,76
04/07/2014,ABI,TX,ASW,CE,Combined TRACON& Tower with Radar,0,20,31,33,84,0,2,14,0,16,0,22,45,33,100,26,52,78,178
04/08/2014,ABI,TX,ASW,CE,Combined TRACON& Tower with Radar,2,32,23,54,111,0,5,49,0,54,2,37,72,54,165,32,66,98,263
04/09/2014,ABI,TX,ASW,CE,Combined TRACON& Tower with Radar,0,30,15,26,71,0,6,52,0,58,0,36,67,26,129,36,34,70,199
04/10/2014,ABI,TX,ASW,CE,Combined TRACON& Tower with Radar,0,31,21,35,87,0,6,25,0,31,0,37,46,35,118,28,34,62,180
04/11/2014,ABI,TX,ASW,CE,Combined TRACON& Tower with Radar,2,33,28,87,150,0,7,45,4,56,2,40,73,91,206,38,124,162,368
04/12/2014,ABI,TX,ASW,CE,Combined TRACON& Tower with Radar,0,19,4,0,23,0,4,45,0,49,0,23,49,0,72,16,0,16,88
04/13/2014,ABI,TX,ASW,CE,Combined TRACON& Tower with Radar,2,18,15,12,47,0,2,13,0,15,2,20,28,12,62,2,8,10,72
04/14/2014,ABI,TX,ASW,CE,Combined TRACON& Tower with Radar,2,20,26,75,123,0,4,10,0,14,2,24,36,75,137,8,118,126,263
04/15/2014,ABI,TX,ASW,CE,Combined TRACON& Tower with Radar,2,36,9,31,78,0,5,41,0,46,2,41,50,31,124,34,40,74,198
04/16/2014,ABI,TX,ASW,CE,Combined TRACON& Tower with Radar,2,25,18,43,88,0,5,28,2,35,2,30,46,45,123,16,48,64,187
04/17/2014,ABI,TX,ASW,CE,Combined TRACON& Tower with Radar,0,32,26,30,88,0,0,13,0,13,0,32,39,30,101,18,18,36,137
04/18/2014,ABI,TX,ASW,CE,Combined TRACON& Tower with Radar,0,32,25,55,112,0,2,19,6,27,0,34,44,61,139,34,110,144,283
04/19/2014,ABI,TX,ASW,CE,Combined TRACON& Tower with Radar,0,21,18,0,39,0,3,41,0,44,0,24,59,0,83,30,0,30,113
04/20/2014,ABI,TX,ASW,CE,Combined TRACON& Tower with Radar,4,27,15,0,46,0,0,4,0,4,4,27,19,0,50,0,0,0,50
04/21/2014,ABI,TX,ASW,CE,Combined TRACON& Tower with Radar,0,22,20,42,84,0,5,30,0,35,0,27,50,42,119,20,70,90,209
04/22/2014,ABI,TX,ASW,CE,Combined TRACON& Tower with Radar,0,30,26,47,103,0,7,44,0,51,0,37,70,47,154,30,58,88,242
04/23/2014,ABI,TX,ASW,CE,Combined TRACON& Tower with Radar,0,12,9,11,32,0,3,15,0,18,0,15,24,11,50,26,2,28,78
04/24/2014,ABI,TX,ASW,CE,Combined TRACON& Tower with Radar,0,27,26,84,137,0,10,28,4,42,0,37,54,88,179,32,134,166,345
04/25/2014,ABI,TX,ASW,CE,Combined TRACON& Tower with Radar,0,28,17,70,115,0,7,30,3,40,0,35,47,73,155,12,106,118,273
04/26/2014,ABI,TX,ASW,CE,Combined TRACON& Tower with Radar,0,18,11,4,33,0,3,26,0,29,0,21,37,4,62,8,4,12,74
04/27/2014,ABI,TX,ASW,CE,Combined TRACON& Tower with Radar,0,14,18,0,32,0,5,19,0,24,0,19,37,0,56,0,0,0,56
04/28/2014,ABI,TX,ASW,CE,Combined TRACON& Tower with Radar,0,35,14,41,90,0,6,24,3,33,0,41,38,44,123,26,44,70,193
04/29/2014,ABI,TX,ASW,CE,Combined TRACON& Tower with Radar,0,34,19,42,95,0,6,38,3,47,0,40,57,45,142,22,22,44,186
04/30/2014,ABI,TX,ASW,CE,Combined TRACON& Tower with Radar,0,29,31,54,114,0,7,53,0,60,0,36,84,54,174,60,96,156,330
05/01/2014,ABI,TX,ASW,CE,Combined TRACON& Tower with Radar,0,35,21,27,83,0,7,55,4,66,0,42,76,31,149,84,44,128,277
05/02/2014,ABI,TX,ASW,CE,Combined TRACON& Tower with Radar,0,25,21,52,98,0,15,46,1,62,0,40,67,53,160,52,80,132,292
05/03/2014,ABI,TX,ASW,CE,Combined TRACON& Tower with Radar,0,22,17,1,40,0,3,44,1,48,0,25,61,2,88,54,0,54,142
05/04/2014,ABI,TX,ASW,CE,Combined TRACON& Tower with Radar,0,15,16,4,35,0,4,31,0,35,0,19,47,4,70,56,4,60,130
05/05/2014,ABI,TX,ASW,CE,Combined TRACON& Tower with Radar,0,19,21,41,81,0,6,24,1,31,0,25,45,42,112,8,38,46,158
05/06/2014,ABI,TX,ASW,CE,Combined TRACON& Tower with Radar,0,35,29,56,120,0,5,42,2,49,0,40,71,58,169,18,78,96,265
05/07/2014,ABI,TX,ASW,CE,Combined TRACON& Tower with Radar,0,25,26,28,79,0,4,22,0,26,0,29,48,28,105,30,2,32,137
05/08/2014,ABI,TX,ASW,CE,Combined TRACON& Tower with Radar,8,39,29,51,127,0,2,15,2,19,8,41,44,53,146,60,32,92,238
05/09/2014,ABI,TX,ASW,CE,Combined TRACON& Tower with Radar,0,30,38,21,89,0,5,31,0,36,0,35,69,21,125,80,18,98,223
05/10/2014,ABI,TX,ASW,CE,Combined TRACON& Tower with Radar,0,19,20,4,43,0,1,44,0,45,0,20,64,4,88,8,2,10,98
05/11/2014,ABI,TX,ASW,CE,Combined TRACON& Tower with Radar,0,17,19,0,36,0,1,21,0,22,0,18,40,0,58,0,0,0,58
05/12/2014,ABI,TX,ASW,CE,Combined TRACON& Tower with Radar,11,24,28,35,98,0,1,8,0,9,11,25,36,35,107,0,42,42,149
05/13/2014,ABI,TX,ASW,CE,Combined TRACON& Tower with Radar,1,28,16,52,97,0,4,11,2,17,1,32,27,54,114,12,72,84,198
05/14/2014,ABI,TX,ASW,CE,Combined TRACON& Tower with Radar,0,25,20,60,105,0,6,31,0,37,0,31,51,60,142,22,72,94,236
05/15/2014,ABI,TX,ASW,CE,Combined TRACON& Tower with Radar,0,29,31,50,110,0,7,27,1,35,0,36,58,51,145,52,58,110,255
05/16/2014,ABI,TX,ASW,CE,Combined TRACON& Tower with Radar,0,44,29,35,108,0,16,29,2,47,0,60,58,37,155,28,52,80,235
05/17/2014,ABI,TX,ASW,CE,Combined TRACON& Tower with Radar,0,17,12,12,41,0,3,41,4,48,0,20,53,16,89,110,14,124,213
05/18/2014,ABI,TX,ASW,CE,Combined TRACON& Tower with Radar,0,18,17,2,37,0,0,21,1,22,0,18,38,3,59,2,2,4,63
05/19/2014,ABI,TX,ASW,CE,Combined TRACON& Tower with Radar,0,22,23,39,84,0,6,26,0,32,0,28,49,39,116,2,88,90,206
05/20/2014,ABI,TX,ASW,CE,Combined TRACON& Tower with Radar,0,28,21,29,78,0,2,25,1,28,0,30,46,30,106,6,34,40,146
05/21/2014,ABI,TX,ASW,CE,Combined TRACON& Tower with Radar,0,29,19,30,78,0,8,26,4,38,0,37,45,34,116,0,0,0,116
05/22/2014,ABI,TX,ASW,CE,Combined TRACON& Tower with Radar,0,31,24,30,85,0,3,25,0,28,0,34,49,30,113,66,48,114,227
05/23/2014,ABI,TX,ASW,CE,Combined TRACON& Tower with Radar,0,32,28,3,63,0,3,16,0,19,0,35,44,3,82,6,0,6,88
05/24/2014,ABI,TX,ASW,CE,Combined TRACON& Tower with Radar,0,22,15,0,37,0,4,4,0,8,0,26,19,0,45,28,0,28,73
05/25/2014,ABI,TX,ASW,CE,Combined TRACON& Tower with Radar,0,12,9,0,21,0,0,5,0,5,0,12,14,0,26,0,0,0,26
05/26/2014,ABI,TX,ASW,CE,Combined TRACON& Tower with Radar,4,18,18,0,40,0,2,16,0,18,4,20,34,0,58,22,0,22,80
05/27/2014,ABI,TX,ASW,CE,Combined TRACON& Tower with Radar,0,24,24,116,164,0,9,12,0,21,0,33,36,116,185,0,168,168,353
05/28/2014,ABI,TX,ASW,CE,Combined TRACON& Tower with Radar,0,40,28,118,186,0,5,27,1,33,0,45,55,119,219,0,0,0,219
05/29/2014,ABI,TX,ASW,CE,Combined TRACON& Tower with Radar,0,27,35,61,123,0,6,38,0,44,0,33,73,61,167,18,76,94,261
05/30/2014,ABI,TX,ASW,CE,Combined TRACON& Tower with Radar,2,25,29,66,122,0,5,43,8,56,2,30,72,74,178,12,94,106,284
05/31/2014,ABI,TX,ASW,CE,Combined TRACON& Tower with Radar,0,19,29,49,97,0,7,45,5,57,0,26,74,54,154,34,98,132,286
06/01/2014,ABI,TX,ASW,CE,Combined TRACON& Tower with Radar,0,19,14,6,39,0,0,35,0,35,0,19,49,6,74,0,4,4,78
06/02/2014,ABI,TX,ASW,CE,Combined TRACON& Tower with Radar,0,21,29,33,83,0,5,38,2,45,0,26,67,35,128,30,26,56,184
06/03/2014,ABI,TX,ASW,CE,Combined TRACON& Tower with Radar,0,29,16,25,70,0,4,29,0,33,0,33,45,25,103,14,28,42,145
06/04/2014,ABI,TX,ASW,CE,Combined TRACON& Tower with Radar,0,30,30,28,88,0,5,39,2,46,0,35,69,30,134,38,22,60,194
06/05/2014,ABI,TX,ASW,CE,Combined TRACON& Tower with Radar,0,29,23,28,80,0,4,40,1,45,0,33,63,29,125,38,24,62,187
06/06/2014,ABI,TX,ASW,CE,Combined TRACON& Tower with Radar,0,40,32,24,96,0,8,41,1,50,0,48,73,25,146,6,24,30,176
06/07/2014,ABI,TX,ASW,CE,Combined TRACON& Tower with Radar,0,17,17,2,36,0,3,41,2,46,0,20,58,4,82,24,4,28,110
06/08/2014,ABI,TX,ASW,CE,Combined TRACON& Tower with Radar,0,21,6,6,33,0,2,15,0,17,0,23,21,6,50,2,28,30,80
06/09/2014,ABI,TX,ASW,CE,Combined TRACON& Tower with Radar,0,23,22,6,51,0,5,11,2,18,0,28,33,8,69,32,10,42,111
06/10/2014,ABI,TX,ASW,CE,Combined TRACON& Tower with Radar,0,26,23,16,65,0,6,41,3,50,0,32,64,19,115,50,90,140,255
06/11/2014,ABI,TX,ASW,CE,Combined TRACON& Tower with Radar,0,33,21,10,64,0,4,37,2,43,0,37,58,12,107,14,28,42,149
06/12/2014,ABI,TX,ASW,CE,Combined TRACON& Tower with Radar,16,30,19,15,80,0,6,7,2,15,16,36,26,17,95,24,66,90,185
06/13/2014,ABI,TX,ASW,CE,Combined TRACON& Tower with Radar,0,36,34,64,134,0,4,23,6,33,0,40,57,70,167,36,98,134,301
06/14/2014,ABI,TX,ASW,CE,Combined TRACON& Tower with Radar,2,27,9,34,72,0,2,152,5,159,2,29,161,39,231,8,90,98,329
06/15/2014,ABI,TX,ASW,CE,Combined TRACON& Tower with Radar,0,16,18,0,34,0,3,22,0,25,0,19,40,0,59,4,0,4,63
06/16/2014,ABI,TX,ASW,CE,Combined TRACON& Tower with Radar,2,26,17,16,61,0,2,26,0,28,2,28,43,16,89,18,22,40,129
06/17/2014,ABI,TX,ASW,CE,Combined TRACON& Tower with Radar,2,30,21,22,75,0,6,17,0,23,2,36,38,22,98,6,54,60,158
06/18/2014,ABI,TX,ASW,CE,Combined TRACON& Tower with Radar,0,28,26,31,85,0,4,21,1,26,0,32,47,32,111,10,26,36,147
06/19/2014,ABI,TX,ASW,CE,Combined TRACON& Tower with Radar,0,35,27,10,72,0,4,16,0,20,0,39,43,10,92,30,10,40,132
06/20/2014,ABI,TX,ASW,CE,Combined TRACON& Tower with Radar,2,36,24,45,107,0,4,36,0,40,2,40,60,45,147,12,102,114,261
06/21/2014,ABI,TX,ASW,CE,Combined TRACON& Tower with Radar,0,17,12,0,29,0,5,21,0,26,0,22,33,0,55,30,0,30,85
06/22/2014,ABI,TX,ASW,CE,Combined TRACON& Tower with Radar,0,17,19,0,36,0,0,9,0,9,0,17,28,0,45,0,0,0,45
06/23/2014,ABI,TX,ASW,CE,Combined TRACON& Tower with Radar,0,17,19,24,60,0,1,16,0,17,0,18,35,24,77,18,12,30,107
06/24/2014,ABI,TX,ASW,CE,Combined TRACON& Tower with Radar,4,26,23,3,56,0,4,5,2,11,4,30,28,5,67,0,26,26,93
06/25/2014,ABI,TX,ASW,CE,Combined TRACON& Tower with Radar,6,45,35,27,113,0,3,16,0,19,6,48,51,27,132,70,58,128,260
06/26/2014,ABI,TX,ASW,CE,Combined TRACON& Tower with Radar,0,30,31,42,103,0,3,22,1,26,0,33,53,43,129,6,58,64,193
06/27/2014,ABI,TX,ASW,CE,Combined TRACON& Tower with Radar,0,33,23,16,72,0,3,26,3,32,0,36,49,19,104,14,34,48,152
06/28/2014,ABI,TX,ASW,CE,Combined TRACON& Tower with Radar,0,20,15,1,36,0,4,7,0,11,0,24,22,1,47,2,0,2,49
06/29/2014,ABI,TX,ASW,CE,Combined TRACON& Tower with Radar,0,16,12,4,32,0,1,23,1,25,0,17,35,5,57,0,0,0,57
06/30/2014,ABI,TX,ASW,CE,Combined TRACON& Tower with Radar,0,19,16,6,41,0,6,33,0,39,0,25,49,6,80,0,0,0,80
07/01/2014,ABI,TX,ASW,CE,Combined TRACON& Tower with Radar,0,32,33,21,86,0,9,35,2,46,0,41,68,23,132,18,112,130,262
07/02/2014,ABI,TX,ASW,CE,Combined TRACON& Tower with Radar,0,27,22,0,49,0,5,26,0,31,0,32,48,0,80,14,0,14,94
07/03/2014,ABI,TX,ASW,CE,Combined TRACON& Tower with Radar,0,24,11,3,38,0,6,16,0,22,0,30,27,3,60,20,2,22,82
07/04/2014,ABI,TX,ASW,CE,Combined TRACON& Tower with Radar,0,11,1,0,12,0,2,43,0,45,0,13,44,0,57,70,0,70,127
07/05/2014,ABI,TX,ASW,CE,Combined TRACON& Tower with Radar,0,13,6,0,19,0,4,30,0,34,0,17,36,0,53,22,0,22,75
07/06/2014,ABI,TX,ASW,CE,Combined TRACON& Tower with Radar,0,18,12,0,30,0,2,32,0,34,0,20,44,0,64,26,0,26,90
07/07/2014,ABI,TX,ASW,CE,Combined TRACON& Tower with Radar,0,19,21,2,42,0,5,27,0,32,0,24,48,2,74,28,0,28,102
07/08/2014,ABI,TX,ASW,CE,Combined TRACON& Tower with Radar,0,29,32,19,80,0,4,37,1,42,0,33,69,20,122,26,24,50,172
07/09/2014,ABI,TX,ASW,CE,Combined TRACON& Tower with Radar,0,27,20,8,55,0,4,34,1,39,0,31,54,9,94,36,4,40,134
07/10/2014,ABI,TX,ASW,CE,Combined TRACON& Tower with Radar,0,31,22,12,65,0,10,47,0,57,0,41,69,12,122,24,10,34,156
07/11/2014,ABI,TX,ASW,CE,Combined TRACON& Tower with Radar,2,27,8,41,78,0,5,35,1,41,2,32,43,42,119,44,30,74,193
07/12/2014,ABI,TX,ASW,CE,Combined TRACON& Tower with Radar,0,17,9,28,54,0,7,25,0,32,0,24,34,28,86,8,38,46,132
07/13/2014,ABI,TX,ASW,CE,Combined TRACON& Tower with Radar,0,20,5,4,29,0,0,20,2,22,0,20,25,6,51,0,12,12,63
07/14/2014,ABI,TX,ASW,CE,Combined TRACON& Tower with Radar,8,23,20,10,61,0,6,15,0,21,8,29,35,10,82,6,6,12,94
07/15/2014,ABI,TX,ASW,CE,Combined TRACON& Tower with Radar,0,28,31,10,69,0,5,13,1,19,0,33,44,11,88,22,26,48,136
07/16/2014,ABI,TX,ASW,CE,Combined TRACON& Tower with Radar,0,27,21,14,62,0,8,16,0,24,0,35,37,14,86,22,8,30,116
07/17/2014,ABI,TX,ASW,CE,Combined TRACON& Tower with Radar,0,24,18,8,50,0,2,12,1,15,0,26,30,9,65,14,26,40,105
07/18/2014,ABI,TX,ASW,CE,Combined TRACON& Tower with Radar,0,32,36,10,78,0,0,13,2,15,0,32,49,12,93,46,8,54,147
07/19/2014,ABI,TX,ASW,CE,Combined TRACON& Tower with Radar,0,21,23,13,57,0,1,25,1,27,0,22,48,14,84,6,28,34,118
07/20/2014,ABI,TX,ASW,CE,Combined TRACON& Tower with Radar,0,18,19,8,45,0,0,28,4,32,0,18,47,12,77,0,14,14,91
07/21/2014,ABI,TX,ASW,CE,Combined TRACON& Tower with Radar,0,27,23,11,61,0,3,12,0,15,0,30,35,11,76,2,20,22,98
07/22/2014,ABI,TX,ASW,CE,Combined TRACON& Tower with Radar,0,25,26,18,69,0,10,29,0,39,0,35,55,18,108,6,24,30,138
07/23/2014,ABI,TX,ASW,CE,Combined TRACON& Tower with Radar,0,26,24,12,62,0,3,28,1,32,0,29,52,13,94,4,18,22,116
07/24/2014,ABI,TX,ASW,CE,Combined TRACON& Tower with Radar,0,23,21,3,47,0,5,27,0,32,0,28,48,3,79,6,0,6,85
07/25/2014,ABI,TX,ASW,CE,Combined TRACON& Tower with Radar,0,29,15,3,47,0,7,32,0,39,0,36,47,3,86,10,2,12,98
07/26/2014,ABI,TX,ASW,CE,Combined TRACON& Tower with Radar,0,18,9,6,33,0,3,29,6,38,0,21,38,12,71,0,0,0,71
07/27/2014,ABI,TX,ASW,CE,Combined TRACON& Tower with Radar,0,17,7,15,39,0,0,35,3,38,0,17,42,18,77,14,18,32,109
07/28/2014,ABI,TX,ASW,CE,Combined TRACON& Tower with Radar,0,21,17,14,52,0,1,20,0,21,0,22,37,14,73,10,18,28,101
07/29/2014,ABI,TX,ASW,CE,Combined TRACON& Tower with Radar,0,29,16,3,48,0,4,21,0,25,0,33,37,3,73,10,0,10,83
07/30/2014,ABI,TX,ASW,CE,Combined TRACON& Tower with Radar,0,26,33,19,78,0,2,25,0,27,0,28,58,19,105,2,28,30,135
07/31/2014,ABI,TX,ASW,CE,Combined TRACON& Tower with Radar,0,27,34,32,93,0,1,13,2,16,0,28,47,34,109,16,56,72,181
08/01/2014,ABI,TX,ASW,CE,Combined TRACON& Tower with Radar,0,35,26,15,76,0,0,24,0,24,0,35,50,15,100,40,20,60,160
08/02/2014,ABI,TX,ASW,CE,Combined TRACON& Tower with Radar,0,18,13,1,32,0,2,22,2,26,0,20,35,3,58,8,0,8,66
08/03/2014,ABI,TX,ASW,CE,Combined TRACON& Tower with Radar,0,21,19,1,41,0,1,37,3,41,0,22,56,4,82,46,14,60,142
08/04/2014,ABI,TX,ASW,CE,Combined TRACON& Tower with Radar,0,20,18,9,47,0,5,24,2,31,0,25,42,11,78,12,30,42,120
08/05/2014,ABI,TX,ASW,CE,Combined TRACON& Tower with Radar,0,27,14,4,45,0,3,29,0,32,0,30,43,4,77,10,8,18,95
08/06/2014,ABI,TX,ASW,CE,Combined TRACON& Tower with Radar,0,30,11,22,63,0,3,21,0,24,0,33,32,22,87,2,30,32,119
08/07/2014,ABI,TX,ASW,CE,Combined TRACON& Tower with Radar,0,24,17,27,68,0,1,22,1,24,0,25,39,28,92,2,24,26,118
08/08/2014,ABI,TX,ASW,CE,Combined TRACON& Tower with Radar,0,26,9,12,47,0,1,16,0,17,0,27,25,12,64,0,14,14,78
08/09/2014,ABI,TX,ASW,CE,Combined TRACON& Tower with Radar,2,16,12,13,43,0,5,44,0,49,2,21,56,13,92,16,16,32,124
08/10/2014,ABI,TX,ASW,CE,Combined TRACON& Tower with Radar,4,20,19,9,52,0,3,28,1,32,4,23,47,10,84,8,0,8,92
08/11/2014,ABI,TX,ASW,CE,Combined TRACON& Tower with Radar,2,23,21,13,59,0,1,25,0,26,2,24,46,13,85,0,0,0,85
08/12/2014,ABI,TX,ASW,CE,Combined TRACON& Tower with Radar,0,30,24,14,68,0,1,20,1,22,0,31,44,15,90,28,20,48,138
08/13/2014,ABI,TX,ASW,CE,Combined TRACON& Tower with Radar,0,30,23,12,65,0,0,32,0,32,0,30,55,12,97,8,14,22,119
08/14/2014,ABI,TX,ASW,CE,Combined TRACON& Tower with Radar,0,29,30,9,68,0,0,47,1,48,0,29,77,10,116,14,20,34,150
08/15/2014,ABI,TX,ASW,CE,Combined TRACON& Tower with Radar,4,26,18,27,75,0,1,36,1,38,4,27,54,28,113,18,30,48,161
08/16/2014,ABI,TX,ASW,CE,Combined TRACON& Tower with Radar,0,16,13,2,31,0,3,22,0,25,0,19,35,2,56,12,2,14,70
08/17/2014,ABI,TX,ASW,CE,Combined TRACON& Tower with Radar,14,22,14,17,67,0,0,24,1,25,14,22,38,18,92,20,20,40,132
08/18/2014,ABI,TX,ASW,CE,Combined TRACON& Tower with Radar,2,18,17,8,45,0,0,15,0,15,2,18,32,8,60,20,8,28,88
08/19/2014,ABI,TX,ASW,CE,Combined TRACON& Tower with Radar,2,25,33,8,68,0,4,20,0,24,2,29,53,8,92,14,4,18,110
08/20/2014,ABI,TX,ASW,CE,Combined TRACON& Tower with Radar,0,31,25,6,62,0,1,45,0,46,0,32,70,6,108,26,10,36,144
08/21/2014,ABI,TX,ASW,CE,Combined TRACON& Tower with Radar,0,24,23,38,85,0,3,26,1,30,0,27,49,39,115,52,34,86,201
08/22/2014,ABI,TX,ASW,CE,Combined TRACON& Tower with Radar,2,28,18,29,77,0,2,26,1,29,2,30,44,30,106,28,40,68,174
08/23/2014,ABI,TX,ASW,CE,Combined TRACON& Tower with Radar,0,16,6,0,22,0,2,35,0,37,0,18,41,0,59,46,0,46,105
08/24/2014,ABI,TX,ASW,CE,Combined TRACON& Tower with Radar,0,18,13,5,36,0,1,26,1,28,0,19,39,6,64,6,0,6,70
08/25/2014,ABI,TX,ASW,CE,Combined TRACON& Tower with Radar,0,23,17,57,97,0,3,18,2,23,0,26,35,59,120,0,60,60,180
08/26/2014,ABI,TX,ASW,CE,Combined TRACON& Tower with Radar,1,29,14,33,77,0,0,20,0,20,1,29,34,33,97,0,0,0,97
08/27/2014,ABI,TX,ASW,CE,Combined TRACON& Tower with Radar,0,27,20,49,96,0,1,46,5,52,0,28,66,54,148,38,134,172,320
08/28/2014,ABI,TX,ASW,CE,Combined TRACON& Tower with Radar,2,28,20,37,87,0,3,22,0,25,2,31,42,37,112,2,46,48,160
08/29/2014,ABI,TX,ASW,CE,Combined TRACON& Tower with Radar,0,30,43,18,91,0,2,15,0,17,0,32,58,18,108,48,32,80,188
08/30/2014,ABI,TX,ASW,CE,Combined TRACON& Tower with Radar,0,22,24,0,46,0,2,23,0,25,0,24,47,0,71,14,0,14,85
08/31/2014,ABI,TX,ASW,CE,Combined TRACON& Tower with Radar,0,9,17,0,26,0,5,16,0,21,0,14,33,0,47,16,0,16,63
09/01/2014,ABI,TX,ASW,CE,Combined TRACON& Tower with Radar,0,17,15,0,32,0,4,20,0,24,0,21,35,0,56,16,0,16,72
09/02/2014,ABI,TX,ASW,CE,Combined TRACON& Tower with Radar,0,22,15,12,49,0,2,29,1,32,0,24,44,13,81,20,2,22,103
09/03/2014,ABI,TX,ASW,CE,Combined TRACON& Tower with Radar,0,25,20,16,61,0,1,31,1,33,0,26,51,17,94,22,16,38,132
09/04/2014,ABI,TX,ASW,CE,Combined TRACON& Tower with Radar,0,27,30,21,78,0,3,21,0,24,0,30,51,21,102,22,48,70,172
09/05/2014,ABI,TX,ASW,CE,Combined TRACON& Tower with Radar,2,28,27,72,129,0,5,27,4,36,2,33,54,76,165,12,86,98,263
09/06/2014,ABI,TX,ASW,CE,Combined TRACON& Tower with Radar,1,28,12,0,41,0,2,10,0,12,1,30,22,0,53,0,0,0,53
09/07/2014,ABI,TX,ASW,CE,Combined TRACON& Tower with Radar,1,18,12,40,71,0,0,16,0,16,1,18,28,40,87,38,20,58,145
09/08/2014,ABI,TX,ASW,CE,Combined TRACON& Tower with Radar,0,24,11,31,66,0,1,17,1,19,0,25,28,32,85,12,40,52,137
09/09/2014,ABI,TX,ASW,CE,Combined TRACON& Tower with Radar,0,28,29,4,61,0,3,35,0,38,0,31,64,4,99,4,2,6,105
09/10/2014,ABI,TX,ASW,CE,Combined TRACON& Tower with Radar,0,25,17,17,59,0,4,30,3,37,0,29,47,20,96,12,56,68,164
09/11/2014,ABI,TX,ASW,CE,Combined TRACON& Tower with Radar,0,33,32,18,83,0,3,22,2,27,0,36,54,20,110,72,20,92,202
09/12/2014,ABI,TX,ASW,CE,Combined TRACON& Tower with Radar,2,25,23,15,65,0,0,0,0,0,2,25,23,15,65,2,16,18,83
09/13/2014,ABI,TX,ASW,CE,Combined TRACON& Tower with Radar,0,15,22,4,41,0,2,12,0,14,0,17,34,4,55,14,6,20,75
09/14/2014,ABI,TX,ASW,CE,Combined TRACON& Tower with Radar,2,20,22,13,57,0,0,5,1,6,2,20,27,14,63,18,0,18,81
09/15/2014,ABI,TX,ASW,CE,Combined TRACON& Tower with Radar,0,26,20,19,65,0,0,18,3,21,0,26,38,22,86,0,34,34,120
09/16/2014,ABI,TX,ASW,CE,Combined TRACON& Tower with Radar,0,32,10,35,77,0,1,11,1,13,0,33,21,36,90,4,42,46,136
09/17/2014,ABI,TX,ASW,CE,Combined TRACON& Tower with Radar,0,21,9,25,55,0,1,19,5,25,0,22,28,30,80,4,26,30,110
09/18/2014,ABI,TX,ASW,CE,Combined TRACON& Tower with Radar,0,31,24,15,70,0,0,7,0,7,0,31,31,15,77,4,6,10,87
09/19/2014,ABI,TX,ASW,CE,Combined TRACON& Tower with Radar,0,30,27,44,101,0,0,15,0,15,0,30,42,44,116,12,46,58,174
09/20/2014,ABI,TX,ASW,CE,Combined TRACON& Tower with Radar,0,18,14,0,32,0,0,10,0,10,0,18,24,0,42,8,0,8,50
09/21/2014,ABI,TX,ASW,CE,Combined TRACON& Tower with Radar,0,16,21,12,49,0,0,20,2,22,0,16,41,14,71,20,36,56,127
09/22/2014,ABI,TX,ASW,CE,Combined TRACON& Tower with Radar,2,22,16,59,99,0,1,41,2,44,2,23,57,61,143,20,50,70,213
09/23/2014,ABI,TX,ASW,CE,Combined TRACON& Tower with Radar,0,27,35,25,87,0,4,38,2,44,0,31,73,27,131,28,50,78,209
09/24/2014,ABI,TX,ASW,CE,Combined TRACON& Tower with Radar,0,36,27,35,98,0,1,30,2,33,0,37,57,37,131,0,0,0,131
09/25/2014,ABI,TX,ASW,CE,Combined TRACON& Tower with Radar,0,27,15,29,71,0,2,51,1,54,0,29,66,30,125,40,22,62,187
09/26/2014,ABI,TX,ASW,CE,Combined TRACON& Tower with Radar,2,25,21,25,73,0,8,30,1,39,2,33,51,26,112,28,20,48,160
09/27/2014,ABI,TX,ASW,CE,Combined TRACON& Tower with Radar,0,20,12,4,36,0,4,30,1,35,0,24,42,5,71,10,2,12,83
09/28/2014,ABI,TX,ASW,CE,Combined TRACON& Tower with Radar,0,20,7,0,27,0,0,30,0,30,0,20,37,0,57,0,0,0,57
09/29/2014,ABI,TX,ASW,CE,Combined TRACON& Tower with Radar,0,20,27,3,50,0,0,21,2,23,0,20,48,5,73,14,10,24,97
09/30/2014,ABI,TX,ASW,CE,Combined TRACON& Tower with Radar,0,24,22,4,50,0,1,24,6,31,0,25,46,10,81,6,48,54,135
10/01/2014,ABI,TX,ASW,CE,Combined TRACON& Tower with Radar,0,28,23,51,102,0,4,30,1,35,0,32,53,52,137,8,60,68,205
10/02/2014,ABI,TX,ASW,CE,Combined TRACON& Tower with Radar,3,29,29,46,107,0,3,21,1,25,3,32,50,47,132,2,86,88,220
10/03/2014,ABI,TX,ASW,CE,Combined TRACON& Tower with Radar,2,23,22,10,57,0,1,51,0,52,2,24,73,10,109,28,10,38,147
10/04/2014,ABI,TX,ASW,CE,Combined TRACON& Tower with Radar,1,16,13,0,30,0,1,99,0,100,1,17,112,0,130,102,0,102,232
10/05/2014,ABI,TX,ASW,CE,Combined TRACON& Tower with Radar,0,17,22,3,42,0,0,55,2,57,0,17,77,5,99,0,0,0,99
10/06/2014,ABI,TX,ASW,CE,Combined TRACON& Tower with Radar,0,29,23,18,70,0,5,31,1,37,0,34,54,19,107,30,76,106,213
10/07/2014,ABI,TX,ASW,CE,Combined TRACON& Tower with Radar,0,24,20,15,59,0,1,30,0,31,0,25,50,15,90,18,10,28,118
10/08/2014,ABI,TX,ASW,CE,Combined TRACON& Tower with Radar,0,29,38,20,87,0,2,38,0,40,0,31,76,20,127,2,28,30,157
10/09/2014,ABI,TX,ASW,CE,Combined TRACON& Tower with Radar,0,26,30,9,65,0,1,51,0,52,0,27,81,9,117,26,16,42,159
10/10/2014,ABI,TX,ASW,CE,Combined TRACON& Tower with Radar,0,31,42,42,115,0,5,16,1,22,0,36,58,43,137,32,72,104,241
10/11/2014,ABI,TX,ASW,CE,Combined TRACON& Tower with Radar,0,23,31,0,54,0,4,9,0,13,0,27,40,0,67,16,0,16,83
10/12/2014,ABI,TX,ASW,CE,Combined TRACON& Tower with Radar,0,19,21,4,44,0,0,21,2,23,0,19,42,6,67,22,10,32,99
10/13/2014,ABI,TX,ASW,CE,Combined TRACON& Tower with Radar,4,23,15,2,44,0,2,15,0,17,4,25,30,2,61,0,2,2,63
10/14/2014,ABI,TX,ASW,CE,Combined TRACON& Tower with Radar,1,28,20,23,72,0,3,41,0,44,1,31,61,23,116,24,12,36,152
10/15/2014,ABI,TX,ASW,CE,Combined TRACON& Tower with Radar,1,26,32,30,89,0,1,52,1,54,1,27,84,31,143,10,34,44,187
10/16/2014,ABI,TX,ASW,CE,Combined TRACON& Tower with Radar,2,28,36,25,91,0,0,73,8,81,2,28,109,33,172,32,42,74,246
10/17/2014,ABI,TX,ASW,CE,Combined TRACON& Tower with Radar,2,29,30,2,63,0,2,43,1,46,2,31,73,3,109,10,28,38,147
10/18/2014,ABI,TX,ASW,CE,Combined TRACON& Tower with Radar,0,18,16,0,34,0,5,39,0,44,0,23,55,0,78,16,0,16,94
10/19/2014,ABI,TX,ASW,CE,Combined TRACON& Tower with Radar,2,17,16,2,37,0,0,17,0,17,2,17,33,2,54,10,10,20,74
10/20/2014,ABI,TX,ASW,CE,Combined TRACON& Tower with Radar,0,21,26,12,59,0,0,40,0,40,0,21,66,12,99,46,24,70,169
10/21/2014,ABI,TX,ASW,CE,Combined TRACON& Tower with Radar,0,27,29,17,73,0,2,28,0,30,0,29,57,17,103,0,12,12,115
10/22/2014,ABI,TX,ASW,CE,Combined TRACON& Tower with Radar,0,26,23,31,80,0,1,25,0,26,0,27,48,31,106,6,20,26,132
10/23/2014,ABI,TX,ASW,CE,Combined TRACON& Tower with Radar,0,29,48,51,128,0,3,47,4,54,0,32,95,55,182,62,54,116,298
10/24/2014,ABI,TX,ASW,CE,Combined TRACON& Tower with Radar,0,28,34,11,73,0,1,47,1,49,0,29,81,12,122,0,0,0,122
10/25/2014,ABI,TX,ASW,CE,Combined TRACON& Tower with Radar,0,15,15,0,30,0,3,58,0,61,0,18,73,0,91,26,0,26,117
10/26/2014,ABI,TX,ASW,CE,Combined TRACON& Tower with Radar,0,20,6,0,26,0,0,23,0,23,0,20,29,0,49,0,0,0,49
10/27/2014,ABI,TX,ASW,CE,Combined TRACON& Tower with Radar,0,21,16,8,45,0,1,20,1,22,0,22,36,9,67,0,0,0,67
10/28/2014,ABI,TX,ASW,CE,Combined TRACON& Tower with Radar,0,25,23,27,75,0,6,26,0,32,0,31,49,27,107,40,28,68,175
10/29/2014,ABI,TX,ASW,CE,Combined TRACON& Tower with Radar,0,27,28,18,73,0,2,49,5,56,0,29,77,23,129,32,28,60,189
10/30/2014,ABI,TX,ASW,CE,Combined TRACON& Tower with Radar,0,26,27,19,72,0,3,48,0,51,0,29,75,19,123,28,24,52,175
10/31/2014,ABI,TX,ASW,CE,Combined TRACON& Tower with Radar,0,31,23,0,54,0,4,31,0,35,0,35,54,0,89,4,8,12,101
11/01/2014,ABI,TX,ASW,CE,Combined TRACON& Tower with Radar,0,16,11,2,29,0,2,42,0,44,0,18,53,2,73,14,0,14,87
11/02/2014,ABI,TX,ASW,CE,Combined TRACON& Tower with Radar,0,18,17,8,43,0,0,23,3,26,0,18,40,11,69,10,26,36,105
11/03/2014,ABI,TX,ASW,CE,Combined TRACON& Tower with Radar,0,27,22,11,60,0,0,5,0,5,0,27,27,11,65,10,8,18,83
11/04/2014,ABI,TX,ASW,CE,Combined TRACON& Tower with Radar,0,14,15,3,32,0,0,0,0,0,0,14,15,3,32,0,2,2,34
11/05/2014,ABI,TX,ASW,CE,Combined TRACON& Tower with Radar,0,31,38,23,92,0,1,17,0,18,0,32,55,23,110,0,0,0,110
11/06/2014,ABI,TX,ASW,CE,Combined TRACON& Tower with Radar,0,28,20,23,71,0,3,56,0,59,0,31,76,23,130,40,20,60,190
11/07/2014,ABI,TX,ASW,CE,Combined TRACON& Tower with Radar,0,24,26,13,63,0,4,48,0,52,0,28,74,13,115,34,0,34,149
11/08/2014,ABI,TX,ASW,CE,Combined TRACON& Tower with Radar,0,17,10,0,27,0,5,33,0,38,0,22,43,0,65,18,12,30,95
11/09/2014,ABI,TX,ASW,CE,Combined TRACON& Tower with Radar,0,16,16,0,32,0,0,32,0,32,0,16,48,0,64,2,0,2,66
11/10/2014,ABI,TX,ASW,CE,Combined TRACON& Tower with Radar,0,21,26,10,57,0,2,25,0,27,0,23,51,10,84,2,8,10,94
11/11/2014,ABI,TX,ASW,CE,Combined TRACON& Tower with Radar,0,17,19,0,36,0,0,17,0,17,0,17,36,0,53,34,0,34,87
11/12/2014,ABI,TX,ASW,CE,Combined TRACON& Tower with Radar,1,35,20,21,77,0,1,32,14,47,1,36,52,35,124,6,26,32,156
11/13/2014,ABI,TX,ASW,CE,Combined TRACON& Tower with Radar,0,27,29,25,81,0,5,20,2,27,0,32,49,27,108,8,40,48,156
11/14/2014,ABI,TX,ASW,CE,Combined TRACON& Tower with Radar,0,24,29,3,56,0,1,34,0,35,0,25,63,3,91,0,0,0,91
11/15/2014,ABI,TX,ASW,CE,Combined TRACON& Tower with Radar,1,20,15,11,47,0,1,33,3,37,1,21,48,14,84,30,18,48,132
11/16/2014,ABI,TX,ASW,CE,Combined TRACON& Tower with Radar,0,9,2,0,11,0,0,0,0,0,0,9,2,0,11,0,0,0,11
11/17/2014,ABI,TX,ASW,CE,Combined TRACON& Tower with Radar,0,18,25,45,88,0,2,24,6,32,0,20,49,51,120,0,58,58,178
11/18/2014,ABI,TX,ASW,CE,Combined TRACON& Tower with Radar,1,26,21,36,84,0,1,55,2,58,1,27,76,38,142,34,28,62,204
11/19/2014,ABI,TX,ASW,CE,Combined TRACON& Tower with Radar,0,29,24,42,95,0,2,31,5,38,0,31,55,47,133,10,54,64,197
11/20/2014,ABI,TX,ASW,CE,Combined TRACON& Tower with Radar,1,28,28,30,87,0,1,40,7,48,1,29,68,37,135,8,28,36,171
11/21/2014,ABI,TX,ASW,CE,Combined TRACON& Tower with Radar,0,32,38,29,99,0,0,20,4,24,0,32,58,33,123,34,12,46,169
11/22/2014,ABI,TX,ASW,CE,Combined TRACON& Tower with Radar,2,20,8,0,30,0,1,7,0,8,2,21,15,0,38,0,0,0,38
11/23/2014,ABI,TX,ASW,CE,Combined TRACON& Tower with Radar,0,14,11,11,36,0,1,16,3,20,0,15,27,14,56,16,10,26,82
11/24/2014,ABI,TX,ASW,CE,Combined TRACON& Tower with Radar,0,16,21,27,64,0,8,31,4,43,0,24,52,31,107,12,66,78,185
11/25/2014,ABI,TX,ASW,CE,Combined TRACON& Tower with Radar,0,25,18,7,50,0,2,28,1,31,0,27,46,8,81,22,46,68,149
11/26/2014,ABI,TX,ASW,CE,Combined TRACON& Tower with Radar,0,32,31,11,74,0,2,42,1,45,0,34,73,12,119,0,0,0,119
11/27/2014,ABI,TX,ASW,CE,Combined TRACON& Tower with Radar,0,15,4,0,19,0,0,22,0,22,0,15,26,0,41,12,0,12,53
11/28/2014,ABI,TX,ASW,CE,Combined TRACON& Tower with Radar,1,24,19,0,44,0,0,27,0,27,1,24,46,0,71,4,0,4,75
11/29/2014,ABI,TX,ASW,CE,Combined TRACON& Tower with Radar,1,21,15,0,37,0,3,39,0,42,1,24,54,0,79,0,0,0,79
11/30/2014,ABI,TX,ASW,CE,Combined TRACON& Tower with Radar,0,18,18,0,36,0,5,37,0,42,0,23,55,0,78,16,0,16,94
12/01/2014,ABI,TX,ASW,CE,Combined TRACON& Tower with Radar,0,24,19,23,66,0,5,17,0,22,0,29,36,23,88,16,12,28,116
12/02/2014,ABI,TX,ASW,CE,Combined TRACON& Tower with Radar,0,31,34,45,110,0,2,10,0,12,0,33,44,45,122,16,168,184,306
12/03/2014,ABI,TX,ASW,CE,Combined TRACON& Tower with Radar,0,31,53,14,98,0,3,15,0,18,0,34,68,14,116,28,14,42,158
12/04/2014,ABI,TX,ASW,CE,Combined TRACON& Tower with Radar,0,27,35,27,89,0,0,14,0,14,0,27,49,27,103,12,38,50,153
12/05/2014,ABI,TX,ASW,CE,Combined TRACON& Tower with Radar,2,32,41,16,91,0,3,29,8,40,2,35,70,24,131,50,40,90,221
12/06/2014,ABI,TX,ASW,CE,Combined TRACON& Tower with Radar,0,16,16,15,47,0,1,25,2,28,0,17,41,17,75,18,16,34,109
12/07/2014,ABI,TX,ASW,CE,Combined TRACON& Tower with Radar,0,19,28,6,53,0,0,5,0,5,0,19,33,6,58,4,20,24,82
12/08/2014,ABI,TX,ASW,CE,Combined TRACON& Tower with Radar,0,23,29,17,69,0,0,32,2,34,0,23,61,19,103,16,14,30,133
12/09/2014,ABI,TX,ASW,CE,Combined TRACON& Tower with Radar,2,35,33,25,95,0,3,38,4,45,2,38,71,29,140,20,158,178,318
12/10/2014,ABI,TX,ASW,CE,Combined TRACON& Tower with Radar,0,36,40,16,92,0,0,13,0,13,0,36,53,16,105,0,0,0,105
12/11/2014,ABI,TX,ASW,CE,Combined TRACON& Tower with Radar,0,31,23,21,75,0,5,2,2,9,0,36,25,23,84,0,38,38,122
12/12/2014,ABI,TX,ASW,CE,Combined TRACON& Tower with Radar,1,34,37,11,83,0,0,8,1,9,1,34,45,12,92,14,24,38,130
12/13/2014,ABI,TX,ASW,CE,Combined TRACON& Tower with Radar,0,22,17,0,39,0,0,33,0,33,0,22,50,0,72,54,0,54,126
12/14/2014,ABI,TX,ASW,CE,Combined TRACON& Tower with Radar,0,19,18,0,37,0,7,12,0,19,0,26,30,0,56,6,0,6,62
12/15/2014,ABI,TX,ASW,CE,Combined TRACON& Tower with Radar,0,27,17,35,79,0,2,68,1,71,0,29,85,36,150,18,20,38,188
12/16/2014,ABI,TX,ASW,CE,Combined TRACON& Tower with Radar,0,33,29,36,98,0,5,36,3,44,0,38,65,39,142,28,60,88,230
12/17/2014,ABI,TX,ASW,CE,Combined TRACON& Tower with Radar,6,36,16,16,74,0,5,8,0,13,6,41,24,16,87,4,4,8,95
12/18/2014,ABI,TX,ASW,CE,Combined TRACON& Tower with Radar,0,36,54,50,140,2,3,25,0,30,2,39,79,50,170,28,178,206,376
12/19/2014,ABI,TX,ASW,CE,Combined TRACON& Tower with Radar,0,31,33,37,101,0,3,7,0,10,0,34,40,37,111,0,50,50,161
12/20/2014,ABI,TX,ASW,CE,Combined TRACON& Tower with Radar,0,24,40,2,66,0,0,19,1,20,0,24,59,3,86,22,4,26,112
12/21/2014,ABI,TX,ASW,CE,Combined TRACON& Tower with Radar,0,20,24,0,44,0,0,22,0,22,0,20,46,0,66,8,0,8,74
12/22/2014,ABI,TX,ASW,CE,Combined TRACON& Tower with Radar,2,27,29,2,60,0,7,31,2,40,2,34,60,4,100,48,8,56,156
12/23/2014,ABI,TX,ASW,CE,Combined TRACON& Tower with Radar,0,46,15,2,63,0,1,13,0,14,0,47,28,2,77,16,8,24,101
12/24/2014,ABI,TX,ASW,CE,Combined TRACON& Tower with Radar,0,34,7,1,42,0,3,15,0,18,0,37,22,1,60,6,0,6,66
12/25/2014,ABI,TX,ASW,CE,Combined TRACON& Tower with Radar,2,16,4,0,22,0,1,12,0,13,2,17,16,0,35,0,0,0,35
12/26/2014,ABI,TX,ASW,CE,Combined TRACON& Tower with Radar,0,32,24,0,56,0,0,14,0,14,0,32,38,0,70,0,0,0,70
12/27/2014,ABI,TX,ASW,CE,Combined TRACON& Tower with Radar,0,26,11,0,37,0,0,4,0,4,0,26,15,0,41,0,0,0,41
12/28/2014,ABI,TX,ASW,CE,Combined TRACON& Tower with Radar,0,20,23,0,43,0,2,53,0,55,0,22,76,0,98,12,0,12,110
12/29/2014,ABI,TX,ASW,CE,Combined TRACON& Tower with Radar,0,21,11,3,35,0,3,54,0,57,0,24,65,3,92,52,8,60,152
12/30/2014,ABI,TX,ASW,CE,Combined TRACON& Tower with Radar,0,23,10,0,33,0,0,0,0,0,0,23,10,0,33,0,0,0,33
12/31/2014,ABI,TX,ASW,CE,Combined TRACON& Tower with Radar,0,5,0,0,5,0,0,0,0,0,0,5,0,0,5,0,0,0,5
01/01/2015,ABI,TX,ASW,CE,Combined TRACON& Tower with Radar,0,0,0,0,0,0,0,0,0,0,0,0,0,0,0,0,0,0,0
01/02/2015,ABI,TX,ASW,CE,Combined TRACON& Tower with Radar,0,10,0,0,10,0,0,0,0,0,0,10,0,0,10,0,0,0,10
01/03/2015,ABI,TX,ASW,CE,Combined TRACON& Tower with Radar,0,18,24,0,42,0,1,33,0,34,0,19,57,0,76,46,0,46,122
01/04/2015,ABI,TX,ASW,CE,Combined TRACON& Tower with Radar,0,18,19,0,37,0,1,25,0,26,0,19,44,0,63,16,0,16,79
01/05/2015,ABI,TX,ASW,CE,Combined TRACON& Tower with Radar,0,26,10,4,40,0,2,22,0,24,0,28,32,4,64,24,14,38,102
01/06/2015,ABI,TX,ASW,CE,Combined TRACON& Tower with Radar,0,33,33,32,98,0,1,32,9,42,0,34,65,41,140,18,62,80,220
01/07/2015,ABI,TX,ASW,CE,Combined TRACON& Tower with Radar,0,35,26,40,101,0,3,15,2,20,0,38,41,42,121,22,62,84,205
01/08/2015,ABI,TX,ASW,CE,Combined TRACON& Tower with Radar,0,33,34,13,80,0,1,32,0,33,0,34,66,13,113,24,14,38,151
01/09/2015,ABI,TX,ASW,CE,Combined TRACON& Tower with Radar,0,30,19,0,49,0,0,10,2,12,0,30,29,2,61,0,0,0,61
01/10/2015,ABI,TX,ASW,CE,Combined TRACON& Tower with Radar,0,16,4,0,20,0,0,4,0,4,0,16,8,0,24,4,0,4,28
01/11/2015,ABI,TX,ASW,CE,Combined TRACON& Tower with Radar,2,18,14,4,38,0,0,18,0,18,2,18,32,4,56,0,0,0,56
01/12/2015,ABI,TX,ASW,CE,Combined TRACON& Tower with Radar,0,22,11,6,39,0,0,0,0,0,0,22,11,6,39,2,0,2,41
01/13/2015,ABI,TX,ASW,CE,Combined TRACON& Tower with Radar,0,26,10,56,92,0,0,3,0,3,0,26,13,56,95,18,163,181,276
01/14/2015,ABI,TX,ASW,CE,Combined TRACON& Tower with Radar,0,28,19,16,63,0,0,5,0,5,0,28,24,16,68,0,0,0,68
01/15/2015,ABI,TX,ASW,CE,Combined TRACON& Tower with Radar,1,28,34,54,117,0,0,45,2,47,1,28,79,56,164,67,56,123,287
01/16/2015,ABI,TX,ASW,CE,Combined TRACON& Tower with Radar,0,31,28,47,106,0,4,56,1,61,0,35,84,48,167,58,46,104,271
01/17/2015,ABI,TX,ASW,CE,Combined TRACON& Tower with Radar,0,19,11,0,30,0,1,36,0,37,0,20,47,0,67,18,0,18,85
01/18/2015,ABI,TX,ASW,CE,Combined TRACON& Tower with Radar,0,20,9,0,29,0,0,30,0,30,0,20,39,0,59,6,0,6,65
01/19/2015,ABI,TX,ASW,CE,Combined TRACON& Tower with Radar,0,21,23,0,44,0,1,61,0,62,0,22,84,0,106,76,2,78,184
01/20/2015,ABI,TX,ASW,CE,Combined TRACON& Tower with Radar,0,30,25,46,101,0,2,47,0,49,0,32,72,46,150,46,198,244,394
01/21/2015,ABI,TX,ASW,CE,Combined TRACON& Tower with Radar,0,28,24,49,101,0,1,2,0,3,0,29,26,49,104,0,0,0,104
01/22/2015,ABI,TX,ASW,CE,Combined TRACON& Tower with Radar,0,23,12,0,35,0,0,0,0,0,0,23,12,0,35,0,0,0,35
01/23/2015,ABI,TX,ASW,CE,Combined TRACON& Tower with Radar,2,25,19,25,71,0,5,30,0,35,2,30,49,25,106,28,26,54,160
01/24/2015,ABI,TX,ASW,CE,Combined TRACON& Tower with Radar,0,22,15,1,38,0,6,57,3,66,0,28,72,4,104,114,0,114,218
01/25/2015,ABI,TX,ASW,CE,Combined TRACON& Tower with Radar,0,21,12,0,33,0,1,25,0,26,0,22,37,0,59,8,0,8,67
01/26/2015,ABI,TX,ASW,CE,Combined TRACON& Tower with Radar,2,23,9,34,68,0,3,31,3,37,2,26,40,37,105,52,36,88,193
01/27/2015,ABI,TX,ASW,CE,Combined TRACON& Tower with Radar,0,26,29,43,98,0,4,49,2,55,0,30,78,45,153,70,84,154,307
01/28/2015,ABI,TX,ASW,CE,Combined TRACON& Tower with Radar,0,32,30,27,89,2,5,35,0,42,2,37,65,27,131,12,20,32,163
01/29/2015,ABI,TX,ASW,CE,Combined TRACON& Tower with Radar,0,35,30,59,124,0,1,21,5,27,0,36,51,64,151,0,0,0,151
01/30/2015,ABI,TX,ASW,CE,Combined TRACON& Tower with Radar,0,32,24,48,104,0,3,29,3,35,0,35,53,51,139,44,90,134,273
01/31/2015,ABI,TX,ASW,CE,Combined TRACON& Tower with Radar,0,18,7,0,25,0,0,0,0,0,0,18,7,0,25,0,0,0,25
02/01/2015,ABI,TX,ASW,CE,Combined TRACON& Tower with Radar,0,16,6,16,38,0,0,18,2,20,0,16,24,18,58,24,12,36,94
02/02/2015,ABI,TX,ASW,CE,Combined TRACON& Tower with Radar,0,33,21,15,69,0,0,23,0,23,0,33,44,15,92,78,40,118,210
02/03/2015,ABI,TX,ASW,CE,Combined TRACON& Tower with Radar,0,26,24,55,105,0,2,26,5,33,0,28,50,60,138,0,0,0,138
02/04/2015,ABI,TX,ASW,CE,Combined TRACON& Tower with Radar,0,29,28,35,92,0,0,5,1,6,0,29,33,36,98,0,0,0,98
02/05/2015,ABI,TX,ASW,CE,Combined TRACON& Tower with Radar,0,25,22,54,101,0,1,6,0,7,0,26,28,54,108,2,56,58,166
02/06/2015,ABI,TX,ASW,CE,Combined TRACON& Tower with Radar,0,32,27,25,84,0,1,41,10,52,0,33,68,35,136,92,56,148,284
02/07/2015,ABI,TX,ASW,CE,Combined TRACON& Tower with Radar,0,18,22,1,41,0,5,40,3,48,0,23,62,4,89,62,2,64,153
02/08/2015,ABI,TX,ASW,CE,Combined TRACON& Tower with Radar,0,16,21,38,75,0,2,38,2,42,0,18,59,40,117,36,60,96,213
02/09/2015,ABI,TX,ASW,CE,Combined TRACON& Tower with Radar,0,19,14,32,65,0,0,41,4,45,0,19,55,36,110,42,38,80,190
02/10/2015,ABI,TX,ASW,CE,Combined TRACON& Tower with Radar,0,24,21,15,60,0,4,30,5,39,0,28,51,20,99,0,16,16,115
02/11/2015,ABI,TX,ASW,CE,Combined TRACON& Tower with Radar,0,32,30,6,68,0,0,19,0,19,0,32,49,6,87,4,4,8,95
02/12/2015,ABI,TX,ASW,CE,Combined TRACON& Tower with Radar,0,25,28,52,105,3,2,48,1,54,3,27,76,53,159,20,170,190,349
02/13/2015,ABI,TX,ASW,CE,Combined TRACON& Tower with Radar,0,38,30,11,79,0,6,39,9,54,0,44,69,20,133,32,104,136,269
02/14/2015,ABI,TX,ASW,CE,Combined TRACON& Tower with Radar,0,14,11,0,25,0,0,65,4,69,0,14,76,4,94,68,0,68,162
02/15/2015,ABI,TX,ASW,CE,Combined TRACON& Tower with Radar,0,19,14,4,37,0,3,26,0,29,0,22,40,4,66,38,52,90,156
02/16/2015,ABI,TX,ASW,CE,Combined TRACON& Tower with Radar,0,22,12,0,34,0,0,14,0,14,0,22,26,0,48,8,0,8,56
02/17/2015,ABI,TX,ASW,CE,Combined TRACON& Tower with Radar,0,26,25,42,93,0,2,18,6,26,0,28,43,48,119,24,96,120,239
02/18/2015,ABI,TX,ASW,CE,Combined TRACON& Tower with Radar,0,26,27,19,72,0,5,56,4,65,0,31,83,23,137,66,66,132,269
02/19/2015,ABI,TX,ASW,CE,Combined TRACON& Tower with Radar,0,27,26,20,73,0,2,38,3,43,0,29,64,23,116,18,24,42,158
02/20/2015,ABI,TX,ASW,CE,Combined TRACON& Tower with Radar,0,30,30,36,96,0,0,14,4,18,0,30,44,40,114,4,80,84,198
02/21/2015,ABI,TX,ASW,CE,Combined TRACON& Tower with Radar,2,18,18,18,56,0,0,17,0,17,2,18,35,18,73,12,26,38,111
02/22/2015,ABI,TX,ASW,CE,Combined TRACON& Tower with Radar,0,14,6,0,20,0,0,1,0,1,0,14,7,0,21,0,0,0,21
02/23/2015,ABI,TX,ASW,CE,Combined TRACON& Tower with Radar,0,6,0,0,6,0,0,0,0,0,0,6,0,0,6,0,0,0,6
02/24/2015,ABI,TX,ASW,CE,Combined TRACON& Tower with Radar,2,17,20,19,58,0,0,7,0,7,2,17,27,19,65,0,0,0,65
02/25/2015,ABI,TX,ASW,CE,Combined TRACON& Tower with Radar,0,25,28,64,117,0,4,33,5,42,0,29,61,69,159,42,96,138,297
02/26/2015,ABI,TX,ASW,CE,Combined TRACON& Tower with Radar,0,19,17,15,51,0,0,6,0,6,0,19,23,15,57,0,30,30,87
02/27/2015,ABI,TX,ASW,CE,Combined TRACON& Tower with Radar,0,1,7,4,12,0,0,0,0,0,0,1,7,4,12,0,4,4,16
02/28/2015,ABI,TX,ASW,CE,Combined TRACON& Tower with Radar,0,0,0,0,0,0,0,0,0,0,0,0,0,0,0,0,0,0,0
03/01/2015,ABI,TX,ASW,CE,Combined TRACON& Tower with Radar,0,14,4,0,18,0,0,0,0,0,0,14,4,0,18,0,0,0,18
03/02/2015,ABI,TX,ASW,CE,Combined TRACON& Tower with Radar,0,22,30,2,54,0,0,1,0,1,0,22,31,2,55,12,6,18,73
03/03/2015,ABI,TX,ASW,CE,Combined TRACON& Tower with Radar,1,43,32,46,122,0,1,7,0,8,1,44,39,46,130,0,0,0,130
03/04/2015,ABI,TX,ASW,CE,Combined TRACON& Tower with Radar,0,15,10,1,26,0,0,0,0,0,0,15,10,1,26,0,0,0,26
03/05/2015,ABI,TX,ASW,CE,Combined TRACON& Tower with Radar,1,33,26,9,69,0,0,26,4,30,1,33,52,13,99,50,54,104,203
03/06/2015,ABI,TX,ASW,CE,Combined TRACON& Tower with Radar,0,31,26,21,78,0,2,50,2,54,0,33,76,23,132,62,48,110,242
03/07/2015,ABI,TX,ASW,CE,Combined TRACON& Tower with Radar,0,27,22,0,49,0,1,60,2,63,0,28,82,2,112,64,0,64,176
03/08/2015,ABI,TX,ASW,CE,Combined TRACON& Tower with Radar,0,16,25,20,61,0,0,20,0,20,0,16,45,20,81,22,14,36,117
03/09/2015,ABI,TX,ASW,CE,Combined TRACON& Tower with Radar,0,24,23,3,50,0,0,0,0,0,0,24,23,3,50,0,6,6,56
03/10/2015,ABI,TX,ASW,CE,Combined TRACON& Tower with Radar,0,29,45,24,98,0,0,14,1,15,0,29,59,25,113,34,20,54,167
03/11/2015,ABI,TX,ASW,CE,Combined TRACON& Tower with Radar,0,39,44,35,118,0,0,36,5,41,0,39,80,40,159,104,64,168,327
03/12/2015,ABI,TX,ASW,CE,Combined TRACON& Tower with Radar,0,26,30,26,82,0,1,29,10,40,0,27,59,36,122,18,44,62,184
03/13/2015,ABI,TX,ASW,CE,Combined TRACON& Tower with Radar,2,27,32,97,158,0,1,18,4,23,2,28,50,101,181,10,308,318,499
03/14/2015,ABI,TX,ASW,CE,Combined TRACON& Tower with Radar,0,22,15,16,53,0,1,30,1,32,0,23,45,17,85,60,4,64,149
03/15/2015,ABI,TX,ASW,CE,Combined TRACON& Tower with Radar,2,24,18,5,49,0,2,22,2,26,2,26,40,7,75,30,6,36,111
03/16/2015,ABI,TX,ASW,CE,Combined TRACON& Tower with Radar,2,26,30,33,91,0,9,35,8,52,2,35,65,41,143,48,100,148,291
03/17/2015,ABI,TX,ASW,CE,Combined TRACON& Tower with Radar,0,28,42,54,124,0,2,14,2,18,0,30,56,56,142,8,102,110,252
03/18/2015,ABI,TX,ASW,CE,Combined TRACON& Tower with Radar,0,29,36,56,121,0,2,6,2,10,0,31,42,58,131,96,92,188,319
03/19/2015,ABI,TX,ASW,CE,Combined TRACON& Tower with Radar,2,28,41,10,81,0,2,17,4,23,2,30,58,14,104,60,50,110,214
03/20/2015,ABI,TX,ASW,CE,Combined TRACON& Tower with Radar,0,27,12,0,39,0,0,0,0,0,0,27,12,0,39,0,0,0,39
03/21/2015,ABI,TX,ASW,CE,Combined TRACON& Tower with Radar,0,21,36,2,59,0,0,1,0,1,0,21,37,2,60,20,0,20,80
03/22/2015,ABI,TX,ASW,CE,Combined TRACON& Tower with Radar,0,23,20,0,43,0,3,23,2,28,0,26,43,2,71,90,0,90,161
03/23/2015,ABI,TX,ASW,CE,Combined TRACON& Tower with Radar,0,26,23,66,115,0,6,59,8,73,0,32,82,74,188,62,154,216,404
03/24/2015,ABI,TX,ASW,CE,Combined TRACON& Tower with Radar,0,26,19,22,67,0,3,32,4,39,0,29,51,26,106,32,42,74,180
03/25/2015,ABI,TX,ASW,CE,Combined TRACON& Tower with Radar,0,30,34,63,127,0,2,19,7,28,0,32,53,70,155,40,122,162,317
03/26/2015,ABI,TX,ASW,CE,Combined TRACON& Tower with Radar,0,26,36,83,145,0,1,30,1,32,0,27,66,84,177,46,164,210,387
03/27/2015,ABI,TX,ASW,CE,Combined TRACON& Tower with Radar,0,26,20,59,105,0,13,41,6,60,0,39,61,65,165,66,70,136,301
03/28/2015,ABI,TX,ASW,CE,Combined TRACON& Tower with Radar,0,19,26,12,57,0,7,41,0,48,0,26,67,12,105,40,18,58,163
03/29/2015,ABI,TX,ASW,CE,Combined TRACON& Tower with Radar,0,17,10,12,39,0,10,35,5,50,0,27,45,17,89,62,10,72,161
03/30/2015,ABI,TX,ASW,CE,Combined TRACON& Tower with Radar,0,18,24,58,100,0,0,20,3,23,0,18,44,61,123,96,116,212,335
03/31/2015,ABI,TX,ASW,CE,Combined TRACON& Tower with Radar,0,27,24,18,69,0,1,21,9,31,0,28,45,27,100,26,48,74,174
04/01/2015,ABI,TX,ASW,CE,Combined TRACON& Tower with Radar,2,34,16,16,68,0,2,22,7,31,2,36,38,23,99,24,42,66,165
04/02/2015,ABI,TX,ASW,CE,Combined TRACON& Tower with Radar,0,37,36,38,111,0,0,35,0,35,0,37,71,38,146,0,0,0,146
04/03/2015,ABI,TX,ASW,CE,Combined TRACON& Tower with Radar,0,35,23,93,151,0,4,30,3,37,0,39,53,96,188,40,120,160,348
04/04/2015,ABI,TX,ASW,CE,Combined TRACON& Tower with Radar,0,15,13,0,28,0,1,29,0,30,0,16,42,0,58,36,0,36,94
04/05/2015,ABI,TX,ASW,CE,Combined TRACON& Tower with Radar,4,16,15,0,35,0,2,4,0,6,4,18,19,0,41,0,0,0,41
04/06/2015,ABI,TX,ASW,CE,Combined TRACON& Tower with Radar,2,28,20,26,76,0,0,18,2,20,2,28,38,28,96,24,40,64,160
04/07/2015,ABI,TX,ASW,CE,Combined TRACON& Tower with Radar,0,25,28,14,67,0,3,25,0,28,0,28,53,14,95,18,52,70,165
04/08/2015,ABI,TX,ASW,CE,Combined TRACON& Tower with Radar,2,26,25,3,56,0,0,8,2,10,2,26,33,5,66,0,0,0,66
04/09/2015,ABI,TX,ASW,CE,Combined TRACON& Tower with Radar,6,31,28,26,91,0,2,24,2,28,6,33,52,28,119,62,16,78,197
04/10/2015,ABI,TX,ASW,CE,Combined TRACON& Tower with Radar,2,33,29,31,95,0,1,25,0,26,2,34,54,31,121,30,30,60,181
04/11/2015,ABI,TX,ASW,CE,Combined TRACON& Tower with Radar,0,21,20,1,42,0,1,3,0,4,0,22,23,1,46,0,0,0,46
04/12/2015,ABI,TX,ASW,CE,Combined TRACON& Tower with Radar,0,18,18,0,36,0,4,13,0,17,0,22,31,0,53,8,0,8,61
04/13/2015,ABI,TX,ASW,CE,Combined TRACON& Tower with Radar,27,17,13,14,71,0,2,6,0,8,27,19,19,14,79,8,4,12,91
04/14/2015,ABI,TX,ASW,CE,Combined TRACON& Tower with Radar,0,28,39,39,106,0,6,8,4,18,0,34,47,43,124,14,26,40,164
04/15/2015,ABI,TX,ASW,CE,Combined TRACON& Tower with Radar,0,25,29,19,73,0,2,50,5,57,0,27,79,24,130,42,36,78,208
04/16/2015,ABI,TX,ASW,CE,Combined TRACON& Tower with Radar,0,29,16,24,69,0,0,9,0,9,0,29,25,24,78,14,66,80,158
04/17/2015,ABI,TX,ASW,CE,Combined TRACON& Tower with Radar,8,32,13,1,54,0,0,1,0,1,8,32,14,1,55,0,0,0,55
04/18/2015,ABI,TX,ASW,CE,Combined TRACON& Tower with Radar,0,18,20,50,88,0,1,22,9,32,0,19,42,59,120,20,56,76,196
04/19/2015,ABI,TX,ASW,CE,Combined TRACON& Tower with Radar,0,19,13,4,36,0,5,23,1,29,0,24,36,5,65,22,16,38,103
04/20/2015,ABI,TX,ASW,CE,Combined TRACON& Tower with Radar,0,20,25,22,67,1,1,61,1,64,1,21,86,23,131,102,8,110,241
04/21/2015,ABI,TX,ASW,CE,Combined TRACON& Tower with Radar,0,31,33,42,106,0,2,51,1,54,0,33,84,43,160,36,48,84,244
04/22/2015,ABI,TX,ASW,CE,Combined TRACON& Tower with Radar,0,26,35,21,82,0,1,9,1,11,0,27,44,22,93,0,12,12,105
04/23/2015,ABI,TX,ASW,CE,Combined TRACON& Tower with Radar,0,25,49,14,88,0,2,15,3,20,0,27,64,17,108,8,44,52,160
04/24/2015,ABI,TX,ASW,CE,Combined TRACON& Tower with Radar,8,19,32,5,64,0,2,6,2,10,8,21,38,7,74,24,26,50,124
04/25/2015,ABI,TX,ASW,CE,Combined TRACON& Tower with Radar,0,22,17,38,77,0,7,40,5,52,0,29,57,43,129,0,0,0,129
04/26/2015,ABI,TX,ASW,CE,Combined TRACON& Tower with Radar,1,18,20,4,43,0,0,12,2,14,1,18,32,6,57,10,18,28,85
04/27/2015,ABI,TX,ASW,CE,Combined TRACON& Tower with Radar,1,25,35,40,101,0,0,10,4,14,1,25,45,44,115,24,46,70,185
04/28/2015,ABI,TX,ASW,CE,Combined TRACON& Tower with Radar,0,30,36,77,143,0,1,9,2,12,0,31,45,79,155,36,130,166,321
04/29/2015,ABI,TX,ASW,CE,Combined TRACON& Tower with Radar,0,29,25,73,127,0,0,69,2,71,0,29,94,75,198,0,0,0,198
04/30/2015,ABI,TX,ASW,CE,Combined TRACON& Tower with Radar,0,24,33,6,63,0,6,53,6,65,0,30,86,12,128,102,244,346,474
05/01/2015,ABI,TX,ASW,CE,Combined TRACON& Tower with Radar,0,24,24,5,53,0,3,54,3,60,0,27,78,8,113,22,2,24,137
05/02/2015,ABI,TX,ASW,CE,Combined TRACON& Tower with Radar,0,16,10,2,28,0,2,41,3,46,0,18,51,5,74,10,0,10,84
05/03/2015,ABI,TX,ASW,CE,Combined TRACON& Tower with Radar,0,14,17,1,32,0,3,46,1,50,0,17,63,2,82,28,0,28,110
05/04/2015,ABI,TX,ASW,CE,Combined TRACON& Tower with Radar,0,25,7,12,44,0,0,8,0,8,0,25,15,12,52,32,16,48,100
05/05/2015,ABI,TX,ASW,CE,Combined TRACON& Tower with Radar,0,24,21,8,53,0,0,6,0,6,0,24,27,8,59,0,6,6,65
05/06/2015,ABI,TX,ASW,CE,Combined TRACON& Tower with Radar,0,35,33,29,97,0,0,12,1,13,0,35,45,30,110,54,68,122,232
05/07/2015,ABI,TX,ASW,CE,Combined TRACON& Tower with Radar,0,29,39,8,76,0,0,11,2,13,0,29,50,10,89,10,8,18,107
05/08/2015,ABI,TX,ASW,CE,Combined TRACON& Tower with Radar,0,27,38,19,84,0,0,6,0,6,0,27,44,19,90,46,68,114,204
05/09/2015,ABI,TX,ASW,CE,Combined TRACON& Tower with Radar,14,28,13,36,91,0,0,72,4,76,14,28,85,40,167,118,62,180,347
05/10/2015,ABI,TX,ASW,CE,Combined TRACON& Tower with Radar,11,10,13,0,34,0,8,9,2,19,11,18,22,2,53,0,0,0,53
05/11/2015,ABI,TX,ASW,CE,Combined TRACON& Tower with Radar,1,23,22,37,83,0,1,33,0,34,1,24,55,37,117,40,42,82,199
05/12/2015,ABI,TX,ASW,CE,Combined TRACON& Tower with Radar,0,26,21,29,76,0,0,6,0,6,0,26,27,29,82,24,34,58,140
05/13/2015,ABI,TX,ASW,CE,Combined TRACON& Tower with Radar,2,24,10,5,41,0,2,2,0,4,2,26,12,5,45,2,0,2,47
05/14/2015,ABI,TX,ASW,CE,Combined TRACON& Tower with Radar,0,31,40,49,120,0,4,18,1,23,0,35,58,50,143,14,60,74,217
05/15/2015,ABI,TX,ASW,CE,Combined TRACON& Tower with Radar,2,31,37,29,99,0,1,19,0,20,2,32,56,29,119,6,18,24,143
05/16/2015,ABI,TX,ASW,CE,Combined TRACON& Tower with Radar,0,23,9,0,32,0,1,5,0,6,0,24,14,0,38,0,0,0,38
05/17/2015,ABI,TX,ASW,CE,Combined TRACON& Tower with Radar,0,14,18,13,45,0,3,42,5,50,0,17,60,18,95,32,20,52,147
05/18/2015,ABI,TX,ASW,CE,Combined TRACON& Tower with Radar,2,21,44,17,84,0,4,28,1,33,2,25,72,18,117,36,14,50,167
05/19/2015,ABI,TX,ASW,CE,Combined TRACON& Tower with Radar,0,26,22,2,50,0,0,5,0,5,0,26,27,2,55,7,0,7,62
05/20/2015,ABI,TX,ASW,CE,Combined TRACON& Tower with Radar,0,25,29,11,65,0,1,0,0,1,0,26,29,11,66,10,0,10,76
05/21/2015,ABI,TX,ASW,CE,Combined TRACON& Tower with Radar,0,34,46,27,107,0,1,2,2,5,0,35,48,29,112,16,30,46,158
05/22/2015,ABI,TX,ASW,CE,Combined TRACON& Tower with Radar,0,31,28,1,60,0,0,1,0,1,0,31,29,1,61,8,0,8,69
05/23/2015,ABI,TX,ASW,CE,Combined TRACON& Tower with Radar,2,15,5,5,27,0,1,9,1,11,2,16,14,6,38,8,0,8,46
05/24/2015,ABI,TX,ASW,CE,Combined TRACON& Tower with Radar,0,13,10,0,23,0,0,12,2,14,0,13,22,2,37,0,0,0,37
05/25/2015,ABI,TX,ASW,CE,Combined TRACON& Tower with Radar,18,16,15,0,49,0,5,11,2,18,18,21,26,2,67,28,0,28,95
05/26/2015,ABI,TX,ASW,CE,Combined TRACON& Tower with Radar,2,21,27,14,64,0,1,13,2,16,2,22,40,16,80,14,106,120,200
05/27/2015,ABI,TX,ASW,CE,Combined TRACON& Tower with Radar,2,24,27,28,81,0,3,16,2,21,2,27,43,30,102,14,106,120,222
05/28/2015,ABI,TX,ASW,CE,Combined TRACON& Tower with Radar,0,26,21,17,64,0,5,12,1,18,0,31,33,18,82,38,48,86,168
05/29/2015,ABI,TX,ASW,CE,Combined TRACON& Tower with Radar,2,32,29,15,78,0,3,30,1,34,2,35,59,16,112,26,18,44,156
05/30/2015,ABI,TX,ASW,CE,Combined TRACON& Tower with Radar,0,15,15,2,32,0,0,2,0,2,0,15,17,2,34,0,2,2,36
05/31/2015,ABI,TX,ASW,CE,Combined TRACON& Tower with Radar,0,18,18,2,38,0,0,51,4,55,0,18,69,6,93,52,4,56,149
06/01/2015,ABI,TX,ASW,CE,Combined TRACON& Tower with Radar,0,18,9,19,46,0,0,36,3,39,0,18,45,22,85,32,34,66,151
06/02/2015,ABI,TX,ASW,CE,Combined TRACON& Tower with Radar,0,25,21,27,73,0,1,41,8,50,0,26,62,35,123,6,20,26,149
06/03/2015,ABI,TX,ASW,CE,Combined TRACON& Tower with Radar,0,28,35,12,75,0,3,38,2,43,0,31,73,14,118,0,0,0,118
06/04/2015,ABI,TX,ASW,CE,Combined TRACON& Tower with Radar,0,28,32,32,92,0,1,40,0,41,0,29,72,32,133,42,62,104,237
06/05/2015,ABI,TX,ASW,CE,Combined TRACON& Tower with Radar,0,31,21,16,68,0,2,31,2,35,0,33,52,18,103,104,12,116,219
06/06/2015,ABI,TX,ASW,CE,Combined TRACON& Tower with Radar,0,17,11,0,28,0,0,47,6,53,0,17,58,6,81,80,2,82,163
06/07/2015,ABI,TX,ASW,CE,Combined TRACON& Tower with Radar,0,14,20,23,57,0,2,21,1,24,0,16,41,24,81,62,32,94,175
06/08/2015,ABI,TX,ASW,CE,Combined TRACON& Tower with Radar,0,19,22,43,84,0,5,32,1,38,0,24,54,44,122,42,42,84,206
06/09/2015,ABI,TX,ASW,CE,Combined TRACON& Tower with Radar,0,22,40,7,69,0,5,40,2,47,0,27,80,9,116,18,16,34,150
06/10/2015,ABI,TX,ASW,CE,Combined TRACON& Tower with Radar,0,26,21,36,83,0,9,41,4,54,0,35,62,40,137,56,68,124,261
06/11/2015,ABI,TX,ASW,CE,Combined TRACON& Tower with Radar,0,27,15,45,87,0,6,34,1,41,0,33,49,46,128,20,98,118,246
06/12/2015,ABI,TX,ASW,CE,Combined TRACON& Tower with Radar,0,26,42,51,119,0,3,11,2,16,0,29,53,53,135,18,100,118,253
06/13/2015,ABI,TX,ASW,CE,Combined TRACON& Tower with Radar,0,23,19,15,57,0,0,16,3,19,0,23,35,18,76,20,58,78,154
06/14/2015,ABI,TX,ASW,CE,Combined TRACON& Tower with Radar,2,17,13,4,36,0,0,16,2,18,2,17,29,6,54,0,2,2,56
06/15/2015,ABI,TX,ASW,CE,Combined TRACON& Tower with Radar,0,18,8,48,74,0,0,8,3,11,0,18,16,51,85,14,14,28,113
06/16/2015,ABI,TX,ASW,CE,Combined TRACON& Tower with Radar,0,25,32,26,83,0,0,0,0,0,0,25,32,26,83,16,84,100,183
06/17/2015,ABI,TX,ASW,CE,Combined TRACON& Tower with Radar,8,38,22,33,101,0,0,2,0,2,8,38,24,33,103,0,0,0,103
06/18/2015,ABI,TX,ASW,CE,Combined TRACON& Tower with Radar,2,24,24,39,89,0,6,45,2,53,2,30,69,41,142,18,60,78,220
06/19/2015,ABI,TX,ASW,CE,Combined TRACON& Tower with Radar,0,32,28,61,121,0,3,41,3,47,0,35,69,64,168,76,128,204,372
06/20/2015,ABI,TX,ASW,CE,Combined TRACON& Tower with Radar,0,27,13,13,53,0,4,23,3,30,0,31,36,16,83,22,8,30,113
06/21/2015,ABI,TX,ASW,CE,Combined TRACON& Tower with Radar,4,20,12,14,50,0,1,8,0,9,4,21,20,14,59,2,36,38,97
06/22/2015,ABI,TX,ASW,CE,Combined TRACON& Tower with Radar,0,23,38,48,109,0,3,27,0,30,0,26,65,48,139,26,62,88,227
06/23/2015,ABI,TX,ASW,CE,Combined TRACON& Tower with Radar,0,28,33,24,85,0,1,34,2,37,0,29,67,26,122,16,44,60,182
06/24/2015,ABI,TX,ASW,CE,Combined TRACON& Tower with Radar,0,25,23,53,101,0,1,27,0,28,0,26,50,53,129,6,78,84,213
06/25/2015,ABI,TX,ASW,CE,Combined TRACON& Tower with Radar,0,23,27,35,85,0,5,41,5,51,0,28,68,40,136,66,38,104,240
06/26/2015,ABI,TX,ASW,CE,Combined TRACON& Tower with Radar,5,31,23,12,71,0,4,28,2,34,5,35,51,14,105,18,22,40,145
06/27/2015,ABI,TX,ASW,CE,Combined TRACON& Tower with Radar,1,19,8,2,30,0,3,30,0,33,1,22,38,2,63,32,70,102,165
06/28/2015,ABI,TX,ASW,CE,Combined TRACON& Tower with Radar,0,20,13,41,74,0,0,46,0,46,0,20,59,41,120,4,0,4,124
06/29/2015,ABI,TX,ASW,CE,Combined TRACON& Tower with Radar,0,18,17,6,41,0,0,34,4,38,0,18,51,10,79,90,8,98,177
06/30/2015,ABI,TX,ASW,CE,Combined TRACON& Tower with Radar,0,22,21,22,65,0,4,26,0,30,0,26,47,22,95,22,12,34,129
07/01/2015,ABI,TX,ASW,CE,Combined TRACON& Tower with Radar,0,26,15,18,59,0,2,32,2,36,0,28,47,20,95,0,0,0,95
07/02/2015,ABI,TX,ASW,CE,Combined TRACON& Tower with Radar,0,27,27,0,54,0,5,39,0,44,0,32,66,0,98,18,0,18,116
07/03/2015,ABI,TX,ASW,CE,Combined TRACON& Tower with Radar,0,20,13,0,33,0,1,23,0,24,0,21,36,0,57,44,0,44,101
07/04/2015,ABI,TX,ASW,CE,Combined TRACON& Tower with Radar,0,14,6,0,20,0,8,25,0,33,0,22,31,0,53,30,0,30,83
07/05/2015,ABI,TX,ASW,CE,Combined TRACON& Tower with Radar,0,14,15,0,29,0,2,16,0,18,0,16,31,0,47,18,0,18,65
07/06/2015,ABI,TX,ASW,CE,Combined TRACON& Tower with Radar,2,19,17,9,47,0,5,19,0,24,2,24,36,9,71,42,8,50,121
07/07/2015,ABI,TX,ASW,CE,Combined TRACON& Tower with Radar,0,25,12,2,39,0,0,1,0,1,0,25,13,2,40,0,2,2,42
07/08/2015,ABI,TX,ASW,CE,Combined TRACON& Tower with Radar,0,24,27,8,59,0,1,8,0,9,0,25,35,8,68,30,12,42,110
07/09/2015,ABI,TX,ASW,CE,Combined TRACON& Tower with Radar,0,29,22,20,71,0,0,24,0,24,0,29,46,20,95,18,36,54,149
07/10/2015,ABI,TX,ASW,CE,Combined TRACON& Tower with Radar,0,27,28,18,73,0,3,40,1,44,0,30,68,19,117,22,32,54,171
07/11/2015,ABI,TX,ASW,CE,Combined TRACON& Tower with Radar,0,19,18,0,37,0,1,50,0,51,0,20,68,0,88,6,0,6,94
07/12/2015,ABI,TX,ASW,CE,Combined TRACON& Tower with Radar,0,18,14,14,46,0,0,27,0,27,0,18,41,14,73,8,34,42,115
07/13/2015,ABI,TX,ASW,CE,Combined TRACON& Tower with Radar,0,19,9,10,38,0,0,35,0,35,0,19,44,10,73,32,16,48,121
07/14/2015,ABI,TX,ASW,CE,Combined TRACON& Tower with Radar,0,32,28,29,89,0,0,36,2,38,0,32,64,31,127,82,24,106,233
07/15/2015,ABI,TX,ASW,CE,Combined TRACON& Tower with Radar,2,24,20,20,66,0,3,44,0,47,2,27,64,20,113,112,56,168,281
07/16/2015,ABI,TX,ASW,CE,Combined TRACON& Tower with Radar,0,23,24,34,81,0,4,33,2,39,0,27,57,36,120,54,68,122,242
07/17/2015,ABI,TX,ASW,CE,Combined TRACON& Tower with Radar,0,24,36,72,132,0,4,46,9,59,0,28,82,81,191,44,128,172,363
07/18/2015,ABI,TX,ASW,CE,Combined TRACON& Tower with Radar,2,17,11,0,30,0,4,41,3,48,2,21,52,3,78,58,16,74,152
07/19/2015,ABI,TX,ASW,CE,Combined TRACON& Tower with Radar,0,18,10,3,31,0,3,46,1,50,0,21,56,4,81,24,4,28,109
07/20/2015,ABI,TX,ASW,CE,Combined TRACON& Tower with Radar,0,21,22,28,71,0,0,30,3,33,0,21,52,31,104,34,50,84,188
07/21/2015,ABI,TX,ASW,CE,Combined TRACON& Tower with Radar,0,23,21,30,74,0,1,26,0,27,0,24,47,30,101,8,24,32,133
07/22/2015,ABI,TX,ASW,CE,Combined TRACON& Tower with Radar,0,32,33,42,107,0,4,45,1,50,0,36,78,43,157,54,24,78,235
07/23/2015,ABI,TX,ASW,CE,Combined TRACON& Tower with Radar,0,34,38,22,94,0,0,37,0,37,0,34,75,22,131,4,58,62,193
07/24/2015,ABI,TX,ASW,CE,Combined TRACON& Tower with Radar,0,25,20,58,103,0,0,43,6,49,0,25,63,64,152,34,52,86,238
07/25/2015,ABI,TX,ASW,CE,Combined TRACON& Tower with Radar,0,22,12,0,34,0,1,43,2,46,0,23,55,2,80,108,0,108,188
07/26/2015,ABI,TX,ASW,CE,Combined TRACON& Tower with Radar,0,16,23,8,47,0,0,45,0,45,0,16,68,8,92,26,22,48,140
07/27/2015,ABI,TX,ASW,CE,Combined TRACON& Tower with Radar,0,18,15,5,38,0,1,30,0,31,0,19,45,5,69,22,20,42,111
07/28/2015,ABI,TX,ASW,CE,Combined TRACON& Tower with Radar,0,26,27,16,69,0,0,35,0,35,0,26,62,16,104,0,0,0,104
07/29/2015,ABI,TX,ASW,CE,Combined TRACON& Tower with Radar,2,25,31,42,100,0,2,29,1,32,2,27,60,43,132,68,70,138,270
07/30/2015,ABI,TX,ASW,CE,Combined TRACON& Tower with Radar,0,34,17,20,71,0,5,21,0,26,0,39,38,20,97,16,21,37,134
07/31/2015,ABI,TX,ASW,CE,Combined TRACON& Tower with Radar,0,30,12,38,80,0,4,19,5,28,0,34,31,43,108,2,52,54,162
08/01/2015,ABI,TX,ASW,CE,Combined TRACON& Tower with Radar,2,17,8,3,30,0,1,25,0,26,2,18,33,3,56,40,0,40,96
08/02/2015,ABI,TX,ASW,CE,Combined TRACON& Tower with Radar,0,15,8,24,47,0,2,14,0,16,0,17,22,24,63,18,40,58,121
08/03/2015,ABI,TX,ASW,CE,Combined TRACON& Tower with Radar,2,18,21,22,63,0,1,24,3,28,2,19,45,25,91,22,68,90,181
08/04/2015,ABI,TX,ASW,CE,Combined TRACON& Tower with Radar,0,28,20,28,76,0,8,27,4,39,0,36,47,32,115,20,30,50,165
08/05/2015,ABI,TX,ASW,CE,Combined TRACON& Tower with Radar,0,28,19,21,68,0,10,23,0,33,0,38,42,21,101,14,2,16,117
08/06/2015,ABI,TX,ASW,CE,Combined TRACON& Tower with Radar,0,20,20,7,47,0,4,41,2,47,0,24,61,9,94,10,0,10,104
08/07/2015,ABI,TX,ASW,CE,Combined TRACON& Tower with Radar,0,32,16,3,51,0,2,26,2,30,0,34,42,5,81,2,0,2,83
08/08/2015,ABI,TX,ASW,CE,Combined TRACON& Tower with Radar,0,27,13,2,42,0,9,35,0,44,0,36,48,2,86,28,0,28,114
08/09/2015,ABI,TX,ASW,CE,Combined TRACON& Tower with Radar,0,20,17,2,39,0,0,30,0,30,0,20,47,2,69,14,6,20,89
08/10/2015,ABI,TX,ASW,CE,Combined TRACON& Tower with Radar,0,23,20,7,50,0,0,34,1,35,0,23,54,8,85,36,4,40,125
08/11/2015,ABI,TX,ASW,CE,Combined TRACON& Tower with Radar,0,26,18,4,48,0,3,21,1,25,0,29,39,5,73,64,6,70,143
08/12/2015,ABI,TX,ASW,CE,Combined TRACON& Tower with Radar,0,25,24,15,64,0,2,31,0,33,0,27,55,15,97,28,2,30,127
08/13/2015,ABI,TX,ASW,CE,Combined TRACON& Tower with Radar,0,32,19,12,63,0,2,41,0,43,0,34,60,12,106,24,32,56,162
08/14/2015,ABI,TX,ASW,CE,Combined TRACON& Tower with Radar,6,25,18,10,59,0,1,23,2,26,6,26,41,12,85,4,34,38,123
08/15/2015,ABI,TX,ASW,CE,Combined TRACON& Tower with Radar,0,16,9,0,25,0,1,40,0,41,0,17,49,0,66,80,0,80,146
08/16/2015,ABI,TX,ASW,CE,Combined TRACON& Tower with Radar,0,20,8,4,32,0,2,26,0,28,0,22,34,4,60,0,26,26,86
08/17/2015,ABI,TX,ASW,CE,Combined TRACON& Tower with Radar,0,19,21,25,65,0,1,26,1,28,0,20,47,26,93,40,26,66,159
08/18/2015,ABI,TX,ASW,CE,Combined TRACON& Tower with Radar,0,24,32,18,74,0,0,27,0,27,0,24,59,18,101,28,30,58,159
08/19/2015,ABI,TX,ASW,CE,Combined TRACON& Tower with Radar,0,29,26,11,66,0,1,12,1,14,0,30,38,12,80,6,6,12,92
08/20/2015,ABI,TX,ASW,CE,Combined TRACON& Tower with Radar,2,27,23,9,61,0,1,25,2,28,2,28,48,11,89,6,4,10,99
08/21/2015,ABI,TX,ASW,CE,Combined TRACON& Tower with Radar,0,27,29,19,75,0,0,28,0,28,0,27,57,19,103,0,0,0,103
08/22/2015,ABI,TX,ASW,CE,Combined TRACON& Tower with Radar,0,15,8,4,27,0,1,26,8,35,0,16,34,12,62,28,6,34,96
08/23/2015,ABI,TX,ASW,CE,Combined TRACON& Tower with Radar,0,13,4,0,17,0,1,15,0,16,0,14,19,0,33,18,0,18,51
08/24/2015,ABI,TX,ASW,CE,Combined TRACON& Tower with Radar,0,18,23,38,79,0,0,22,2,24,0,18,45,40,103,34,48,82,185
08/25/2015,ABI,TX,ASW,CE,Combined TRACON& Tower with Radar,0,34,28,6,68,0,2,36,0,38,0,36,64,6,106,74,2,76,182
08/26/2015,ABI,TX,ASW,CE,Combined TRACON& Tower with Radar,0,26,19,27,72,0,7,51,0,58,0,33,70,27,130,40,36,76,206
08/27/2015,ABI,TX,ASW,CE,Combined TRACON& Tower with Radar,0,25,23,23,71,0,6,46,2,54,0,31,69,25,125,58,24,82,207
08/28/2015,ABI,TX,ASW,CE,Combined TRACON& Tower with Radar,0,29,23,19,71,0,2,40,0,42,0,31,63,19,113,76,28,104,217
08/29/2015,ABI,TX,ASW,CE,Combined TRACON& Tower with Radar,0,15,12,6,33,0,5,15,0,20,0,20,27,6,53,58,8,66,119
08/30/2015,ABI,TX,ASW,CE,Combined TRACON& Tower with Radar,0,13,13,18,44,0,0,32,0,32,0,13,45,18,76,30,4,34,110
08/31/2015,ABI,TX,ASW,CE,Combined TRACON& Tower with Radar,0,20,15,22,57,0,0,36,1,37,0,20,51,23,94,44,36,80,174
09/01/2015,ABI,TX,ASW,CE,Combined TRACON& Tower with Radar,0,23,33,5,61,0,5,37,0,42,0,28,70,5,103,92,16,108,211
09/02/2015,ABI,TX,ASW,CE,Combined TRACON& Tower with Radar,2,23,18,18,61,0,4,49,2,55,2,27,67,20,116,28,22,50,166
09/03/2015,ABI,TX,ASW,CE,Combined TRACON& Tower with Radar,0,30,32,21,83,0,7,48,5,60,0,37,80,26,143,40,20,60,203
09/04/2015,ABI,TX,ASW,CE,Combined TRACON& Tower with Radar,2,25,38,0,65,0,1,32,6,39,2,26,70,6,104,38,0,38,142
09/05/2015,ABI,TX,ASW,CE,Combined TRACON& Tower with Radar,0,21,12,0,33,0,0,31,2,33,0,21,43,2,66,26,0,26,92
09/06/2015,ABI,TX,ASW,CE,Combined TRACON& Tower with Radar,0,11,15,0,26,0,2,22,0,24,0,13,37,0,50,8,0,8,58
09/07/2015,ABI,TX,ASW,CE,Combined TRACON& Tower with Radar,0,13,11,0,24,0,0,40,0,40,0,13,51,0,64,24,0,24,88
09/08/2015,ABI,TX,ASW,CE,Combined TRACON& Tower with Radar,0,27,23,28,78,0,1,24,1,26,0,28,47,29,104,24,40,64,168
09/09/2015,ABI,TX,ASW,CE,Combined TRACON& Tower with Radar,2,23,22,35,82,0,1,14,1,16,2,24,36,36,98,6,38,44,142
09/10/2015,ABI,TX,ASW,CE,Combined TRACON& Tower with Radar,0,26,24,7,57,0,2,24,2,28,0,28,48,9,85,8,10,18,103
09/11/2015,ABI,TX,ASW,CE,Combined TRACON& Tower with Radar,0,23,25,23,71,0,3,16,2,21,0,26,41,25,92,12,28,40,132
09/12/2015,ABI,TX,ASW,CE,Combined TRACON& Tower with Radar,0,16,12,3,31,0,10,43,5,58,0,26,55,8,89,118,6,124,213
09/13/2015,ABI,TX,ASW,CE,Combined TRACON& Tower with Radar,0,12,13,21,46,0,5,32,3,40,0,17,45,24,86,22,24,46,132
09/14/2015,ABI,TX,ASW,CE,Combined TRACON& Tower with Radar,0,24,26,18,68,0,0,24,1,25,0,24,50,19,93,12,20,32,125
09/15/2015,ABI,TX,ASW,CE,Combined TRACON& Tower with Radar,0,23,27,17,67,0,3,26,10,39,0,26,53,27,106,18,60,78,184
09/16/2015,ABI,TX,ASW,CE,Combined TRACON& Tower with Radar,0,24,22,10,56,0,6,16,1,23,0,30,38,11,79,6,12,18,97
09/17/2015,ABI,TX,ASW,CE,Combined TRACON& Tower with Radar,0,27,32,19,78,0,2,41,6,49,0,29,73,25,127,70,12,82,209
09/18/2015,ABI,TX,ASW,CE,Combined TRACON& Tower with Radar,0,24,31,20,75,0,2,23,5,30,0,26,54,25,105,18,16,34,139
09/19/2015,ABI,TX,ASW,CE,Combined TRACON& Tower with Radar,0,15,17,4,36,0,0,18,2,20,0,15,35,6,56,14,6,20,76
09/20/2015,ABI,TX,ASW,CE,Combined TRACON& Tower with Radar,0,13,28,15,56,0,3,20,0,23,0,16,48,15,79,34,10,44,123
09/21/2015,ABI,TX,ASW,CE,Combined TRACON& Tower with Radar,2,18,29,29,78,0,2,37,1,40,2,20,66,30,118,26,34,60,178
09/22/2015,ABI,TX,ASW,CE,Combined TRACON& Tower with Radar,0,21,23,58,102,0,0,50,3,53,0,21,73,61,155,24,110,134,289
09/23/2015,ABI,TX,ASW,CE,Combined TRACON& Tower with Radar,0,22,35,32,89,0,4,44,3,51,0,26,79,35,140,64,36,100,240
09/24/2015,ABI,TX,ASW,CE,Combined TRACON& Tower with Radar,0,35,29,22,86,0,1,39,5,45,0,36,68,27,131,58,58,116,247
09/25/2015,ABI,TX,ASW,CE,Combined TRACON& Tower with Radar,2,25,41,18,86,0,3,46,3,52,2,28,87,21,138,92,12,104,242
09/26/2015,ABI,TX,ASW,CE,Combined TRACON& Tower with Radar,0,14,20,9,43,0,2,41,5,48,0,16,61,14,91,16,0,16,107
09/27/2015,ABI,TX,ASW,CE,Combined TRACON& Tower with Radar,0,16,17,2,35,0,4,37,2,43,0,20,54,4,78,22,12,34,112
09/28/2015,ABI,TX,ASW,CE,Combined TRACON& Tower with Radar,0,17,27,18,62,0,10,31,5,46,0,27,58,23,108,34,8,42,150
09/29/2015,ABI,TX,ASW,CE,Combined TRACON& Tower with Radar,0,26,45,13,84,0,17,42,4,63,0,43,87,17,147,56,62,118,265
09/30/2015,ABI,TX,ASW,CE,Combined TRACON& Tower with Radar,0,27,38,2,67,0,4,51,0,55,0,31,89,2,122,24,8,32,154
10/01/2015,ABI,TX,ASW,CE,Combined TRACON& Tower with Radar,0,25,33,21,79,0,3,28,3,34,0,28,61,24,113,64,14,78,191
10/02/2015,ABI,TX,ASW,CE,Combined TRACON& Tower with Radar,0,34,30,23,87,0,5,31,2,38,0,39,61,25,125,58,32,90,215
10/03/2015,ABI,TX,ASW,CE,Combined TRACON& Tower with Radar,0,12,24,17,53,0,7,45,2,54,0,19,69,19,107,40,18,58,165
10/04/2015,ABI,TX,ASW,CE,Combined TRACON& Tower with Radar,2,14,13,3,32,0,2,18,0,20,2,16,31,3,52,22,2,24,76
10/05/2015,ABI,TX,ASW,CE,Combined TRACON& Tower with Radar,0,19,16,27,62,0,2,29,0,31,0,21,45,27,93,24,10,34,127
10/06/2015,ABI,TX,ASW,CE,Combined TRACON& Tower with Radar,0,24,30,36,90,0,4,25,4,33,0,28,55,40,123,20,32,52,175
10/07/2015,ABI,TX,ASW,CE,Combined TRACON& Tower with Radar,2,24,27,32,85,0,5,50,4,59,2,29,77,36,144,40,72,112,256
10/08/2015,ABI,TX,ASW,CE,Combined TRACON& Tower with Radar,0,31,17,11,59,0,1,42,1,44,0,32,59,12,103,24,6,30,133
10/09/2015,ABI,TX,ASW,CE,Combined TRACON& Tower with Radar,0,22,25,20,67,0,2,14,2,18,0,24,39,22,85,28,24,52,137
10/10/2015,ABI,TX,ASW,CE,Combined TRACON& Tower with Radar,0,21,16,0,37,0,9,40,2,51,0,30,56,2,88,54,0,54,142
10/11/2015,ABI,TX,ASW,CE,Combined TRACON& Tower with Radar,0,12,23,0,35,0,5,32,0,37,0,17,55,0,72,10,0,10,82
10/12/2015,ABI,TX,ASW,CE,Combined TRACON& Tower with Radar,0,17,12,0,29,0,1,30,2,33,0,18,42,2,62,22,0,22,84
10/13/2015,ABI,TX,ASW,CE,Combined TRACON& Tower with Radar,0,20,30,20,70,0,2,49,0,51,0,22,79,20,121,66,28,94,215
10/14/2015,ABI,TX,ASW,CE,Combined TRACON& Tower with Radar,0,21,24,24,69,0,3,35,3,41,0,24,59,27,110,6,40,46,156
10/15/2015,ABI,TX,ASW,CE,Combined TRACON& Tower with Radar,0,22,33,7,62,0,4,45,15,64,0,26,78,22,126,14,6,20,146
10/16/2015,ABI,TX,ASW,CE,Combined TRACON& Tower with Radar,0,24,26,17,67,0,3,32,2,37,0,27,58,19,104,46,16,62,166
10/17/2015,ABI,TX,ASW,CE,Combined TRACON& Tower with Radar,0,18,13,14,45,0,0,50,4,54,0,18,63,18,99,62,14,76,175
10/18/2015,ABI,TX,ASW,CE,Combined TRACON& Tower with Radar,2,14,14,0,30,2,5,20,1,28,4,19,34,1,58,10,0,10,68
10/19/2015,ABI,TX,ASW,CE,Combined TRACON& Tower with Radar,2,21,21,26,70,3,31,41,11,86,5,52,62,37,156,68,14,82,238
10/20/2015,ABI,TX,ASW,CE,Combined TRACON& Tower with Radar,0,21,17,33,71,4,15,25,8,52,4,36,42,41,123,4,50,54,177
10/21/2015,ABI,TX,ASW,CE,Combined TRACON& Tower with Radar,0,24,35,13,72,0,9,10,1,20,0,33,45,14,92,16,42,58,150
10/22/2015,ABI,TX,ASW,CE,Combined TRACON& Tower with Radar,5,18,18,1,42,0,0,0,0,0,5,18,18,1,42,2,0,2,44
10/23/2015,ABI,TX,ASW,CE,Combined TRACON& Tower with Radar,6,26,27,3,62,0,1,0,0,1,6,27,27,3,63,8,8,16,79
10/24/2015,ABI,TX,ASW,CE,Combined TRACON& Tower with Radar,0,17,7,0,24,0,2,5,1,8,0,19,12,1,32,20,0,20,52
10/25/2015,ABI,TX,ASW,CE,Combined TRACON& Tower with Radar,0,22,16,6,44,0,1,28,0,29,0,23,44,6,73,36,0,36,109
10/26/2015,ABI,TX,ASW,CE,Combined TRACON& Tower with Radar,0,19,11,33,63,0,0,26,0,26,0,19,37,33,89,34,36,70,159
10/27/2015,ABI,TX,ASW,CE,Combined TRACON& Tower with Radar,0,23,25,14,62,0,4,53,3,60,0,27,78,17,122,14,8,22,144
10/28/2015,ABI,TX,ASW,CE,Combined TRACON& Tower with Radar,0,28,32,44,104,0,9,40,16,65,0,37,72,60,169,54,36,90,259
10/29/2015,ABI,TX,ASW,CE,Combined TRACON& Tower with Radar,0,31,31,31,93,0,4,48,2,54,0,35,79,33,147,72,90,162,309
10/30/2015,ABI,TX,ASW,CE,Combined TRACON& Tower with Radar,0,34,8,0,42,0,0,2,0,2,0,34,10,0,44,8,0,8,52
10/31/2015,ABI,TX,ASW,CE,Combined TRACON& Tower with Radar,0,20,23,0,43,0,1,7,0,8,0,21,30,0,51,26,0,26,77
11/01/2015,ABI,TX,ASW,CE,Combined TRACON& Tower with Radar,0,14,29,0,43,0,3,21,7,31,0,17,50,7,74,28,0,28,102
11/02/2015,ABI,TX,ASW,CE,Combined TRACON& Tower with Radar,14,33,26,7,80,0,0,38,0,38,14,33,64,7,118,12,4,16,134
11/03/2015,ABI,TX,ASW,CE,Combined TRACON& Tower with Radar,2,26,19,27,74,0,0,24,1,25,2,26,43,28,99,50,16,66,165
11/04/2015,ABI,TX,ASW,CE,Combined TRACON& Tower with Radar,0,25,19,9,53,0,6,4,0,10,0,31,23,9,63,20,4,24,87
11/05/2015,ABI,TX,ASW,CE,Combined TRACON& Tower with Radar,6,42,30,19,97,0,4,18,0,22,6,46,48,19,119,34,54,88,207
11/06/2015,ABI,TX,ASW,CE,Combined TRACON& Tower with Radar,0,30,25,5,60,0,5,50,5,60,0,35,75,10,120,66,4,70,190
11/07/2015,ABI,TX,ASW,CE,Combined TRACON& Tower with Radar,0,15,22,6,43,0,1,36,0,37,0,16,58,6,80,10,6,16,96
11/08/2015,ABI,TX,ASW,CE,Combined TRACON& Tower with Radar,0,13,14,1,28,0,1,37,1,39,0,14,51,2,67,20,4,24,91
11/09/2015,ABI,TX,ASW,CE,Combined TRACON& Tower with Radar,2,19,20,29,70,0,1,22,2,25,2,20,42,31,95,30,26,56,151
11/10/2015,ABI,TX,ASW,CE,Combined TRACON& Tower with Radar,0,23,36,29,88,0,1,34,0,35,0,24,70,29,123,36,66,102,225
11/11/2015,ABI,TX,ASW,CE,Combined TRACON& Tower with Radar,0,27,14,0,41,0,0,10,0,10,0,27,24,0,51,10,0,10,61
11/12/2015,ABI,TX,ASW,CE,Combined TRACON& Tower with Radar,0,21,30,24,75,0,4,50,0,54,0,25,80,24,129,44,34,78,207
11/13/2015,ABI,TX,ASW,CE,Combined TRACON& Tower with Radar,3,23,13,19,58,0,1,37,0,38,3,24,50,19,96,20,28,48,144
11/14/2015,ABI,TX,ASW,CE,Combined TRACON& Tower with Radar,1,19,10,2,32,0,3,22,2,27,1,22,32,4,59,14,2,16,75
11/15/2015,ABI,TX,ASW,CE,Combined TRACON& Tower with Radar,0,16,17,0,33,0,0,2,0,2,0,16,19,0,35,0,0,0,35
11/16/2015,ABI,TX,ASW,CE,Combined TRACON& Tower with Radar,0,23,24,16,63,0,0,1,0,1,0,23,25,16,64,6,6,12,76
11/17/2015,ABI,TX,ASW,CE,Combined TRACON& Tower with Radar,0,20,24,18,62,0,3,10,0,13,0,23,34,18,75,6,22,28,103
11/18/2015,ABI,TX,ASW,CE,Combined TRACON& Tower with Radar,0,25,19,6,50,0,0,42,3,45,0,25,61,9,95,36,4,40,135
11/19/2015,ABI,TX,ASW,CE,Combined TRACON& Tower with Radar,0,23,30,4,57,0,0,43,7,50,0,23,73,11,107,24,0,24,131
11/20/2015,ABI,TX,ASW,CE,Combined TRACON& Tower with Radar,0,27,31,21,79,0,0,39,3,42,0,27,70,24,121,64,36,100,221
11/21/2015,ABI,TX,ASW,CE,Combined TRACON& Tower with Radar,0,17,14,0,31,0,1,7,0,8,0,18,21,0,39,30,0,30,69
11/22/2015,ABI,TX,ASW,CE,Combined TRACON& Tower with Radar,0,15,16,0,31,0,2,35,0,37,0,17,51,0,68,12,0,12,80
11/23/2015,ABI,TX,ASW,CE,Combined TRACON& Tower with Radar,0,15,14,4,33,0,2,28,6,36,0,17,42,10,69,18,0,18,87
11/24/2015,ABI,TX,ASW,CE,Combined TRACON& Tower with Radar,0,30,19,17,66,0,6,11,1,18,0,36,30,18,84,10,24,34,118
11/25/2015,ABI,TX,ASW,CE,Combined TRACON& Tower with Radar,0,29,51,7,87,0,0,14,0,14,0,29,65,7,101,36,48,84,185
11/26/2015,ABI,TX,ASW,CE,Combined TRACON& Tower with Radar,0,8,7,0,15,0,0,0,0,0,0,8,7,0,15,0,0,0,15
11/27/2015,ABI,TX,ASW,CE,Combined TRACON& Tower with Radar,0,11,5,0,16,0,0,0,0,0,0,11,5,0,16,0,0,0,16
11/28/2015,ABI,TX,ASW,CE,Combined TRACON& Tower with Radar,0,13,4,0,17,0,0,0,0,0,0,13,4,0,17,0,0,0,17
11/29/2015,ABI,TX,ASW,CE,Combined TRACON& Tower with Radar,0,22,24,0,46,0,0,0,0,0,0,22,24,0,46,2,0,2,48
11/30/2015,ABI,TX,ASW,CE,Combined TRACON& Tower with Radar,1,20,44,16,81,0,3,10,0,13,1,23,54,16,94,16,12,28,122
12/01/2015,ABI,TX,ASW,CE,Combined TRACON& Tower with Radar,0,31,21,15,67,0,1,21,2,24,0,32,42,17,91,20,12,32,123
12/02/2015,ABI,TX,ASW,CE,Combined TRACON& Tower with Radar,0,28,19,13,60,0,2,27,2,31,0,30,46,15,91,34,26,60,151
12/03/2015,ABI,TX,ASW,CE,Combined TRACON& Tower with Radar,1,27,23,8,59,0,4,42,6,52,1,31,65,14,111,46,18,64,175
12/04/2015,ABI,TX,ASW,CE,Combined TRACON& Tower with Radar,2,25,30,44,101,0,4,34,2,40,2,29,64,46,141,40,82,122,263
12/05/2015,ABI,TX,ASW,CE,Combined TRACON& Tower with Radar,1,13,15,0,29,0,5,20,4,29,1,18,35,4,58,20,0,20,78
12/06/2015,ABI,TX,ASW,CE,Combined TRACON& Tower with Radar,0,17,15,6,38,0,3,42,0,45,0,20,57,6,83,38,22,60,143
12/07/2015,ABI,TX,ASW,CE,Combined TRACON& Tower with Radar,3,19,16,6,44,0,2,16,1,19,3,21,32,7,63,30,2,32,95
12/08/2015,ABI,TX,ASW,CE,Combined TRACON& Tower with Radar,3,29,18,27,77,0,3,15,0,18,3,32,33,27,95,22,20,42,137
12/09/2015,ABI,TX,ASW,CE,Combined TRACON& Tower with Radar,0,25,26,12,63,0,1,33,1,35,0,26,59,13,98,40,18,58,156
12/10/2015,ABI,TX,ASW,CE,Combined TRACON& Tower with Radar,0,27,29,55,111,0,3,46,0,49,0,30,75,55,160,20,52,72,232
12/11/2015,ABI,TX,ASW,CE,Combined TRACON& Tower with Radar,1,29,33,15,78,0,4,33,0,37,1,33,66,15,115,34,36,70,185
12/12/2015,ABI,TX,ASW,CE,Combined TRACON& Tower with Radar,2,14,9,11,36,0,0,6,1,7,2,14,15,12,43,0,34,34,77
12/13/2015,ABI,TX,ASW,CE,Combined TRACON& Tower with Radar,2,12,9,22,45,0,6,7,0,13,2,18,16,22,58,6,18,24,82
12/14/2015,ABI,TX,ASW,CE,Combined TRACON& Tower with Radar,2,26,19,21,68,0,0,33,0,33,2,26,52,21,101,18,24,42,143
12/15/2015,ABI,TX,ASW,CE,Combined TRACON& Tower with Radar,0,33,15,11,59,0,6,18,4,28,0,39,33,15,87,32,8,40,127
12/16/2015,ABI,TX,ASW,CE,Combined TRACON& Tower with Radar,1,26,36,52,115,0,2,27,8,37,1,28,63,60,152,50,94,144,296
12/17/2015,ABI,TX,ASW,CE,Combined TRACON& Tower with Radar,2,28,12,21,63,0,7,27,7,41,2,35,39,28,104,42,22,64,168
12/18/2015,ABI,TX,ASW,CE,Combined TRACON& Tower with Radar,1,34,15,9,59,0,5,30,1,36,1,39,45,10,95,52,2,54,149
12/19/2015,ABI,TX,ASW,CE,Combined TRACON& Tower with Radar,0,26,7,0,33,0,6,23,0,29,0,32,30,0,62,36,0,36,98
12/20/2015,ABI,TX,ASW,CE,Combined TRACON& Tower with Radar,0,16,12,5,33,0,7,12,0,19,0,23,24,5,52,0,6,6,58
12/21/2015,ABI,TX,ASW,CE,Combined TRACON& Tower with Radar,0,26,15,47,88,0,2,30,0,32,0,28,45,47,120,20,38,58,178
12/22/2015,ABI,TX,ASW,CE,Combined TRACON& Tower with Radar,0,26,20,26,72,0,3,21,1,25,0,29,41,27,97,46,8,54,151
12/23/2015,ABI,TX,ASW,CE,Combined TRACON& Tower with Radar,0,28,16,4,48,0,1,29,2,32,0,29,45,6,80,8,8,16,96
12/24/2015,ABI,TX,ASW,CE,Combined TRACON& Tower with Radar,0,23,11,0,34,0,2,11,0,13,0,25,22,0,47,32,0,32,79
12/25/2015,ABI,TX,ASW,CE,Combined TRACON& Tower with Radar,0,15,3,0,18,0,0,6,0,6,0,15,9,0,24,2,0,2,26
12/26/2015,ABI,TX,ASW,CE,Combined TRACON& Tower with Radar,7,20,20,0,47,0,0,0,0,0,7,20,20,0,47,0,0,0,47
12/27/2015,ABI,TX,ASW,CE,Combined TRACON& Tower with Radar,0,5,1,0,6,0,0,0,0,0,0,5,1,0,6,0,0,0,6
12/28/2015,ABI,TX,ASW,CE,Combined TRACON& Tower with Radar,2,11,14,0,27,0,6,2,0,8,2,17,16,0,35,0,0,0,35
12/29/2015,ABI,TX,ASW,CE,Combined TRACON& Tower with Radar,1,26,29,1,57,0,3,31,4,38,1,29,60,5,95,28,16,44,139
12/30/2015,ABI,TX,ASW,CE,Combined TRACON& Tower with Radar,1,15,8,0,24,0,1,5,0,6,1,16,13,0,30,10,0,10,40
12/31/2015,ABI,TX,ASW,CE,Combined TRACON& Tower with Radar,0,18,14,0,32,0,0,0,0,0,0,18,14,0,32,0,0,0,32
01/01/2016,ABI,TX,ASW,CE,Combined TRACON& Tower with Radar,0,15,6,0,21,0,3,4,0,7,0,18,10,0,28,6,0,6,34
01/02/2016,ABI,TX,ASW,CE,Combined TRACON& Tower with Radar,0,18,21,0,39,0,1,14,0,15,0,19,35,0,54,2,0,2,56
01/03/2016,ABI,TX,ASW,CE,Combined TRACON& Tower with Radar,0,16,20,1,37,0,3,42,0,45,0,19,62,1,82,28,0,28,110
01/04/2016,ABI,TX,ASW,CE,Combined TRACON& Tower with Radar,0,20,12,14,46,0,2,39,2,43,0,22,51,16,89,2,26,28,117
01/05/2016,ABI,TX,ASW,CE,Combined TRACON& Tower with Radar,0,27,14,11,52,0,11,10,0,21,0,38,24,11,73,40,6,46,119
01/06/2016,ABI,TX,ASW,CE,Combined TRACON& Tower with Radar,0,24,18,13,55,0,0,0,0,0,0,24,18,13,55,6,10,16,71
01/07/2016,ABI,TX,ASW,CE,Combined TRACON& Tower with Radar,2,25,15,41,83,0,1,25,7,33,2,26,40,48,116,20,74,94,210
01/08/2016,ABI,TX,ASW,CE,Combined TRACON& Tower with Radar,0,22,21,44,87,0,2,43,2,47,0,24,64,46,134,36,66,102,236
01/09/2016,ABI,TX,ASW,CE,Combined TRACON& Tower with Radar,0,19,13,19,51,0,0,3,2,5,0,19,16,21,56,14,8,22,78
01/10/2016,ABI,TX,ASW,CE,Combined TRACON& Tower with Radar,4,19,18,8,49,0,0,33,6,39,4,19,51,14,88,14,14,28,116
01/11/2016,ABI,TX,ASW,CE,Combined TRACON& Tower with Radar,0,18,9,25,52,0,1,41,3,45,0,19,50,28,97,26,8,34,131
01/12/2016,ABI,TX,ASW,CE,Combined TRACON& Tower with Radar,0,24,24,32,80,0,2,31,0,33,0,26,55,32,113,30,30,60,173
01/13/2016,ABI,TX,ASW,CE,Combined TRACON& Tower with Radar,0,21,27,29,77,0,0,39,0,39,0,21,66,29,116,12,74,86,202
01/14/2016,ABI,TX,ASW,CE,Combined TRACON& Tower with Radar,2,21,24,18,65,0,2,20,1,23,2,23,44,19,88,10,32,42,130
01/15/2016,ABI,TX,ASW,CE,Combined TRACON& Tower with Radar,3,31,25,30,89,0,3,62,3,68,3,34,87,33,157,50,36,86,243
01/16/2016,ABI,TX,ASW,CE,Combined TRACON& Tower with Radar,0,14,6,0,20,0,2,4,1,7,0,16,10,1,27,0,0,0,27
01/17/2016,ABI,TX,ASW,CE,Combined TRACON& Tower with Radar,0,13,10,13,36,0,0,34,1,35,0,13,44,14,71,18,14,32,103
01/18/2016,ABI,TX,ASW,CE,Combined TRACON& Tower with Radar,2,15,16,28,61,0,4,16,0,20,2,19,32,28,81,42,20,62,143
01/19/2016,ABI,TX,ASW,CE,Combined TRACON& Tower with Radar,1,26,24,46,97,0,2,19,0,21,1,28,43,46,118,18,60,78,196
01/20/2016,ABI,TX,ASW,CE,Combined TRACON& Tower with Radar,1,22,10,24,57,0,3,16,0,19,1,25,26,24,76,10,76,86,162
01/21/2016,ABI,TX,ASW,CE,Combined TRACON& Tower with Radar,3,22,16,44,85,0,0,10,3,13,3,22,26,47,98,0,72,72,170
01/22/2016,ABI,TX,ASW,CE,Combined TRACON& Tower with Radar,2,22,18,69,111,0,4,26,1,31,2,26,44,70,142,18,76,94,236
01/23/2016,ABI,TX,ASW,CE,Combined TRACON& Tower with Radar,0,12,18,4,34,0,2,37,0,39,0,14,55,4,73,40,4,44,117
01/24/2016,ABI,TX,ASW,CE,Combined TRACON& Tower with Radar,0,12,9,0,21,0,1,20,0,21,0,13,29,0,42,6,0,6,48
01/25/2016,ABI,TX,ASW,CE,Combined TRACON& Tower with Radar,0,18,14,58,90,0,0,28,2,30,0,18,42,60,120,14,92,106,226
01/26/2016,ABI,TX,ASW,CE,Combined TRACON& Tower with Radar,0,20,22,82,124,0,2,18,2,22,0,22,40,84,146,20,66,86,232
01/27/2016,ABI,TX,ASW,CE,Combined TRACON& Tower with Radar,1,20,26,26,73,0,1,41,3,45,1,21,67,29,118,26,56,82,200
01/28/2016,ABI,TX,ASW,CE,Combined TRACON& Tower with Radar,0,22,33,29,84,0,2,54,1,57,0,24,87,30,141,50,54,104,245
01/29/2016,ABI,TX,ASW,CE,Combined TRACON& Tower with Radar,0,28,15,42,85,0,3,50,3,56,0,31,65,45,141,18,68,86,227
01/30/2016,ABI,TX,ASW,CE,Combined TRACON& Tower with Radar,0,18,13,0,31,0,6,28,0,34,0,24,41,0,65,40,0,40,105
01/31/2016,ABI,TX,ASW,CE,Combined TRACON& Tower with Radar,0,14,12,12,38,0,3,42,0,45,0,17,54,12,83,2,18,20,103
02/01/2016,ABI,TX,ASW,CE,Combined TRACON& Tower with Radar,1,17,7,24,49,0,1,24,4,29,1,18,31,28,78,18,52,70,148
02/02/2016,ABI,TX,ASW,CE,Combined TRACON& Tower with Radar,0,20,16,4,40,0,6,14,0,20,0,26,30,4,60,0,2,2,62
02/03/2016,ABI,TX,ASW,CE,Combined TRACON& Tower with Radar,1,27,26,45,99,0,4,30,1,35,1,31,56,46,134,26,66,92,226
02/04/2016,ABI,TX,ASW,CE,Combined TRACON& Tower with Radar,0,20,24,5,49,0,1,43,0,44,0,21,67,5,93,6,4,10,103
02/05/2016,ABI,TX,ASW,CE,Combined TRACON& Tower with Radar,1,20,25,43,89,0,1,31,2,34,1,21,56,45,123,12,36,48,171
02/06/2016,ABI,TX,ASW,CE,Combined TRACON& Tower with Radar,0,16,11,4,31,0,2,25,2,29,0,18,36,6,60,26,4,30,90
02/07/2016,ABI,TX,ASW,CE,Combined TRACON& Tower with Radar,0,16,11,0,27,0,0,18,2,20,0,16,29,2,47,8,0,8,55
02/08/2016,ABI,TX,ASW,CE,Combined TRACON& Tower with Radar,3,17,13,49,82,0,1,21,0,22,3,18,34,49,104,16,78,94,198
02/09/2016,ABI,TX,ASW,CE,Combined TRACON& Tower with Radar,1,29,11,41,82,0,2,19,1,22,1,31,30,42,104,50,42,92,196
02/10/2016,ABI,TX,ASW,CE,Combined TRACON& Tower with Radar,1,22,21,20,64,0,3,44,0,47,1,25,65,20,111,48,10,58,169
02/11/2016,ABI,TX,ASW,CE,Combined TRACON& Tower with Radar,1,23,14,44,82,0,8,37,12,57,1,31,51,56,139,22,78,100,239
02/12/2016,ABI,TX,ASW,CE,Combined TRACON& Tower with Radar,2,25,29,50,106,0,7,38,0,45,2,32,67,50,151,22,58,80,231
02/13/2016,ABI,TX,ASW,CE,Combined TRACON& Tower with Radar,0,14,17,5,36,0,3,29,1,33,0,17,46,6,69,16,10,26,95
02/14/2016,ABI,TX,ASW,CE,Combined TRACON& Tower with Radar,0,14,11,9,34,0,1,13,3,17,0,15,24,12,51,2,30,32,83
02/15/2016,ABI,TX,ASW,CE,Combined TRACON& Tower with Radar,2,22,17,2,43,0,1,28,0,29,2,23,45,2,72,24,0,24,96
02/16/2016,ABI,TX,ASW,CE,Combined TRACON& Tower with Radar,0,20,23,28,71,0,2,25,2,29,0,22,48,30,100,12,18,30,130
02/17/2016,ABI,TX,ASW,CE,Combined TRACON& Tower with Radar,0,19,25,11,55,0,4,40,2,46,0,23,65,13,101,28,4,32,133
02/18/2016,ABI,TX,ASW,CE,Combined TRACON& Tower with Radar,0,27,12,8,47,0,5,15,2,22,0,32,27,10,69,10,8,18,87
02/19/2016,ABI,TX,ASW,CE,Combined TRACON& Tower with Radar,0,20,24,39,83,0,5,38,0,43,0,25,62,39,126,28,70,98,224
02/20/2016,ABI,TX,ASW,CE,Combined TRACON& Tower with Radar,0,16,17,4,37,0,1,28,7,36,0,17,45,11,73,8,2,10,83
02/21/2016,ABI,TX,ASW,CE,Combined TRACON& Tower with Radar,0,16,21,21,58,0,2,4,0,6,0,18,25,21,64,0,38,38,102
02/22/2016,ABI,TX,ASW,CE,Combined TRACON& Tower with Radar,0,17,26,27,70,0,4,11,2,17,0,21,37,29,87,4,110,114,201
02/23/2016,ABI,TX,ASW,CE,Combined TRACON& Tower with Radar,0,29,12,6,47,0,0,0,1,1,0,29,12,7,48,0,4,4,52
02/24/2016,ABI,TX,ASW,CE,Combined TRACON& Tower with Radar,0,20,19,5,44,0,3,26,0,29,0,23,45,5,73,14,2,16,89
02/25/2016,ABI,TX,ASW,CE,Combined TRACON& Tower with Radar,0,21,44,17,82,0,2,51,0,53,0,23,95,17,135,0,0,0,135
02/26/2016,ABI,TX,ASW,CE,Combined TRACON& Tower with Radar,0,27,24,34,85,0,2,46,2,50,0,29,70,36,135,16,28,44,179
02/27/2016,ABI,TX,ASW,CE,Combined TRACON& Tower with Radar,0,13,22,0,35,0,3,37,0,40,0,16,59,0,75,32,0,32,107
02/28/2016,ABI,TX,ASW,CE,Combined TRACON& Tower with Radar,0,12,9,0,21,0,0,31,0,31,0,12,40,0,52,8,0,8,60
02/29/2016,ABI,TX,ASW,CE,Combined TRACON& Tower with Radar,0,14,9,9,32,0,3,30,1,34,0,17,39,10,66,20,10,30,96
03/01/2016,ABI,TX,ASW,CE,Combined TRACON& Tower with Radar,0,20,17,15,52,0,3,18,4,25,0,23,35,19,77,46,34,80,157
03/02/2016,ABI,TX,ASW,CE,Combined TRACON& Tower with Radar,0,29,16,17,62,0,5,50,1,56,0,34,66,18,118,20,16,36,154
03/03/2016,ABI,TX,ASW,CE,Combined TRACON& Tower with Radar,0,21,19,35,75,0,2,36,0,38,0,23,55,35,113,20,26,46,159
03/04/2016,ABI,TX,ASW,CE,Combined TRACON& Tower with Radar,0,21,32,38,91,0,3,44,1,48,0,24,76,39,139,38,42,80,219
03/05/2016,ABI,TX,ASW,CE,Combined TRACON& Tower with Radar,1,14,19,33,67,0,3,35,1,39,1,17,54,34,106,28,46,74,180
03/06/2016,ABI,TX,ASW,CE,Combined TRACON& Tower with Radar,0,15,16,14,45,0,0,1,2,3,0,15,17,16,48,0,6,6,54
03/07/2016,ABI,TX,ASW,CE,Combined TRACON& Tower with Radar,0,25,19,7,51,0,0,9,0,9,0,25,28,7,60,24,12,36,96
03/08/2016,ABI,TX,ASW,CE,Combined TRACON& Tower with Radar,6,23,21,22,72,0,2,15,2,19,6,25,36,24,91,10,44,54,145
03/09/2016,ABI,TX,ASW,CE,Combined TRACON& Tower with Radar,0,26,16,42,84,0,0,4,0,4,0,26,20,42,88,0,54,54,142
03/10/2016,ABI,TX,ASW,CE,Combined TRACON& Tower with Radar,0,23,15,11,49,0,0,0,0,0,0,23,15,11,49,4,10,14,63
03/11/2016,ABI,TX,ASW,CE,Combined TRACON& Tower with Radar,1,28,18,12,59,0,0,0,0,0,1,28,18,12,59,0,12,12,71
03/12/2016,ABI,TX,ASW,CE,Combined TRACON& Tower with Radar,1,16,22,17,56,0,2,10,0,12,1,18,32,17,68,34,18,52,120
03/13/2016,ABI,TX,ASW,CE,Combined TRACON& Tower with Radar,0,22,9,29,60,0,1,23,1,25,0,23,32,30,85,6,20,26,111
03/14/2016,ABI,TX,ASW,CE,Combined TRACON& Tower with Radar,0,22,22,24,68,0,3,31,4,38,0,25,53,28,106,28,42,70,176
03/15/2016,ABI,TX,ASW,CE,Combined TRACON& Tower with Radar,0,23,26,46,95,0,4,38,4,46,0,27,64,50,141,32,56,88,229
03/16/2016,ABI,TX,ASW,CE,Combined TRACON& Tower with Radar,0,22,24,21,67,0,1,55,2,58,0,23,79,23,125,16,40,56,181
03/17/2016,ABI,TX,ASW,CE,Combined TRACON& Tower with Radar,3,29,24,49,105,0,0,10,2,12,3,29,34,51,117,14,34,48,165
03/18/2016,ABI,TX,ASW,CE,Combined TRACON& Tower with Radar,0,31,11,41,83,0,0,0,0,0,0,31,11,41,83,4,40,44,127
03/19/2016,ABI,TX,ASW,CE,Combined TRACON& Tower with Radar,0,18,22,21,61,0,3,38,1,42,0,21,60,22,103,4,8,12,115
03/20/2016,ABI,TX,ASW,CE,Combined TRACON& Tower with Radar,2,18,15,0,35,0,0,28,0,28,2,18,43,0,63,2,0,2,65
03/21/2016,ABI,TX,ASW,CE,Combined TRACON& Tower with Radar,0,26,19,36,81,0,0,13,2,15,0,26,32,38,96,16,20,36,132
03/22/2016,ABI,TX,ASW,CE,Combined TRACON& Tower with Radar,0,27,11,35,73,0,2,27,2,31,0,29,38,37,104,14,48,62,166
03/23/2016,ABI,TX,ASW,CE,Combined TRACON& Tower with Radar,2,35,16,8,61,0,8,19,0,27,2,43,35,8,88,14,6,20,108
03/24/2016,ABI,TX,ASW,CE,Combined TRACON& Tower with Radar,0,26,31,42,99,0,3,31,1,35,0,29,62,43,134,42,62,104,238
03/25/2016,ABI,TX,ASW,CE,Combined TRACON& Tower with Radar,0,23,18,9,50,0,1,38,0,39,0,24,56,9,89,10,14,24,113
03/26/2016,ABI,TX,ASW,CE,Combined TRACON& Tower with Radar,0,13,9,0,22,0,1,41,4,46,0,14,50,4,68,4,0,4,72
03/27/2016,ABI,TX,ASW,CE,Combined TRACON& Tower with Radar,0,14,15,0,29,0,0,17,0,17,0,14,32,0,46,2,0,2,48
03/28/2016,ABI,TX,ASW,CE,Combined TRACON& Tower with Radar,0,22,14,50,86,0,2,43,2,47,0,24,57,52,133,12,68,80,213
03/29/2016,ABI,TX,ASW,CE,Combined TRACON& Tower with Radar,2,31,30,22,85,0,4,12,0,16,2,35,42,22,101,0,22,22,123
03/30/2016,ABI,TX,ASW,CE,Combined TRACON& Tower with Radar,3,24,20,10,57,0,0,4,0,4,3,24,24,10,61,8,6,14,75
03/31/2016,ABI,TX,ASW,CE,Combined TRACON& Tower with Radar,2,29,25,23,79,0,4,42,2,48,2,33,67,25,127,32,40,72,199
04/01/2016,ABI,TX,ASW,CE,Combined TRACON& Tower with Radar,0,27,23,21,71,0,3,25,0,28,0,30,48,21,99,38,84,122,221
04/02/2016,ABI,TX,ASW,CE,Combined TRACON& Tower with Radar,0,18,16,2,36,0,3,37,0,40,0,21,53,2,76,28,2,30,106
04/03/2016,ABI,TX,ASW,CE,Combined TRACON& Tower with Radar,0,18,11,9,38,0,1,30,5,36,0,19,41,14,74,12,14,26,100
04/04/2016,ABI,TX,ASW,CE,Combined TRACON& Tower with Radar,1,25,10,25,61,0,0,21,0,21,1,25,31,25,82,6,22,28,110
04/05/2016,ABI,TX,ASW,CE,Combined TRACON& Tower with Radar,0,24,15,45,84,0,1,25,2,28,0,25,40,47,112,20,56,76,188
04/06/2016,ABI,TX,ASW,CE,Combined TRACON& Tower with Radar,2,25,26,35,88,0,3,17,4,24,2,28,43,39,112,28,30,58,170
04/07/2016,ABI,TX,ASW,CE,Combined TRACON& Tower with Radar,0,28,13,22,63,0,2,42,0,44,0,30,55,22,107,2,44,46,153
04/08/2016,ABI,TX,ASW,CE,Combined TRACON& Tower with Radar,0,23,20,29,72,0,1,28,1,30,0,24,48,30,102,6,38,44,146
04/09/2016,ABI,TX,ASW,CE,Combined TRACON& Tower with Radar,1,20,10,0,31,0,1,18,0,19,1,21,28,0,50,10,0,10,60
04/10/2016,ABI,TX,ASW,CE,Combined TRACON& Tower with Radar,2,19,24,5,50,0,0,22,1,23,2,19,46,6,73,38,14,52,125
04/11/2016,ABI,TX,ASW,CE,Combined TRACON& Tower with Radar,2,21,19,34,76,0,0,26,0,26,2,21,45,34,102,12,30,42,144
04/12/2016,ABI,TX,ASW,CE,Combined TRACON& Tower with Radar,1,25,35,9,70,0,0,13,2,15,1,25,48,11,85,56,50,106,191
04/13/2016,ABI,TX,ASW,CE,Combined TRACON& Tower with Radar,3,33,57,37,130,0,0,9,0,9,3,33,66,37,139,76,50,126,265
04/14/2016,ABI,TX,ASW,CE,Combined TRACON& Tower with Radar,0,33,25,8,66,0,1,24,0,25,0,34,49,8,91,38,0,38,129
04/15/2016,ABI,TX,ASW,CE,Combined TRACON& Tower with Radar,2,25,26,26,79,0,0,18,1,19,2,25,44,27,98,42,24,66,164
04/16/2016,ABI,TX,ASW,CE,Combined TRACON& Tower with Radar,2,14,10,14,40,0,0,0,0,0,2,14,10,14,40,0,14,14,54
04/17/2016,ABI,TX,ASW,CE,Combined TRACON& Tower with Radar,2,12,8,0,22,0,0,0,0,0,2,12,8,0,22,0,0,0,22
04/18/2016,ABI,TX,ASW,CE,Combined TRACON& Tower with Radar,2,19,22,0,43,0,0,0,0,0,2,19,22,0,43,4,0,4,47
04/19/2016,ABI,TX,ASW,CE,Combined TRACON& Tower with Radar,2,25,40,12,79,0,2,3,0,5,2,27,43,12,84,18,8,26,110
04/20/2016,ABI,TX,ASW,CE,Combined TRACON& Tower with Radar,1,24,44,13,82,0,0,2,0,2,1,24,46,13,84,0,0,0,84
04/21/2016,ABI,TX,ASW,CE,Combined TRACON& Tower with Radar,0,29,29,33,91,0,4,29,0,33,0,33,58,33,124,46,32,78,202
04/22/2016,ABI,TX,ASW,CE,Combined TRACON& Tower with Radar,0,24,29,30,83,0,1,61,1,63,0,25,90,31,146,42,44,86,232
04/23/2016,ABI,TX,ASW,CE,Combined TRACON& Tower with Radar,0,16,19,2,37,0,2,47,0,49,0,18,66,2,86,4,0,4,90
04/24/2016,ABI,TX,ASW,CE,Combined TRACON& Tower with Radar,0,15,15,1,31,0,0,7,1,8,0,15,22,2,39,2,0,2,41
04/25/2016,ABI,TX,ASW,CE,Combined TRACON& Tower with Radar,0,17,15,24,56,0,0,16,1,17,0,17,31,25,73,24,62,86,159
04/26/2016,ABI,TX,ASW,CE,Combined TRACON& Tower with Radar,1,22,44,26,93,0,0,14,0,14,1,22,58,26,107,12,44,56,163
04/27/2016,ABI,TX,ASW,CE,Combined TRACON& Tower with Radar,1,30,31,28,90,0,1,37,4,42,1,31,68,32,132,30,38,68,200
04/28/2016,ABI,TX,ASW,CE,Combined TRACON& Tower with Radar,0,28,18,15,61,0,2,15,2,19,0,30,33,17,80,14,20,34,114
04/29/2016,ABI,TX,ASW,CE,Combined TRACON& Tower with Radar,12,31,17,36,96,0,1,2,1,4,12,32,19,37,100,0,22,22,122
04/30/2016,ABI,TX,ASW,CE,Combined TRACON& Tower with Radar,0,17,16,13,46,0,4,22,6,32,0,21,38,19,78,20,12,32,110
05/01/2016,ABI,TX,ASW,CE,Combined TRACON& Tower with Radar,0,16,11,3,30,0,2,25,1,28,0,18,36,4,58,10,2,12,70
05/02/2016,ABI,TX,ASW,CE,Combined TRACON& Tower with Radar,0,21,15,53,89,0,0,9,2,11,0,21,24,55,100,14,100,114,214
05/03/2016,ABI,TX,ASW,CE,Combined TRACON& Tower with Radar,0,25,17,7,49,0,4,32,1,37,0,29,49,8,86,28,12,40,126
05/04/2016,ABI,TX,ASW,CE,Combined TRACON& Tower with Radar,0,23,27,42,92,0,2,43,5,50,0,25,70,47,142,26,38,64,206
05/05/2016,ABI,TX,ASW,CE,Combined TRACON& Tower with Radar,0,22,20,56,98,0,1,24,2,27,0,23,44,58,125,44,58,102,227
05/06/2016,ABI,TX,ASW,CE,Combined TRACON& Tower with Radar,0,28,18,51,97,0,1,29,7,37,0,29,47,58,134,12,50,62,196
05/07/2016,ABI,TX,ASW,CE,Combined TRACON& Tower with Radar,1,19,22,3,45,0,0,24,0,24,1,19,46,3,69,2,0,2,71
05/08/2016,ABI,TX,ASW,CE,Combined TRACON& Tower with Radar,0,16,5,21,42,0,1,5,0,6,0,17,10,21,48,0,0,0,48
05/09/2016,ABI,TX,ASW,CE,Combined TRACON& Tower with Radar,0,17,29,26,72,0,0,9,0,9,0,17,38,26,81,4,46,50,131
05/10/2016,ABI,TX,ASW,CE,Combined TRACON& Tower with Radar,0,33,25,14,72,0,3,28,0,31,0,36,53,14,103,12,20,32,135
05/11/2016,ABI,TX,ASW,CE,Combined TRACON& Tower with Radar,0,22,40,15,77,0,1,20,1,22,0,23,60,16,99,8,40,48,147
05/12/2016,ABI,TX,ASW,CE,Combined TRACON& Tower with Radar,1,25,33,32,91,0,1,10,0,11,1,26,43,32,102,8,32,40,142
05/13/2016,ABI,TX,ASW,CE,Combined TRACON& Tower with Radar,0,23,18,59,100,0,4,26,3,33,0,27,44,62,133,18,68,86,219
05/14/2016,ABI,TX,ASW,CE,Combined TRACON& Tower with Radar,1,16,16,10,43,0,2,4,0,6,1,18,20,10,49,2,18,20,69
05/15/2016,ABI,TX,ASW,CE,Combined TRACON& Tower with Radar,1,16,7,23,47,0,0,5,1,6,1,16,12,24,53,0,18,18,71
05/16/2016,ABI,TX,ASW,CE,Combined TRACON& Tower with Radar,3,23,27,26,79,0,0,4,1,5,3,23,31,27,84,6,16,22,106
05/17/2016,ABI,TX,ASW,CE,Combined TRACON& Tower with Radar,2,30,17,11,60,0,1,0,0,1,2,31,17,11,61,6,6,12,73
05/18/2016,ABI,TX,ASW,CE,Combined TRACON& Tower with Radar,0,23,21,30,74,0,0,1,2,3,0,23,22,32,77,10,26,36,113
05/19/2016,ABI,TX,ASW,CE,Combined TRACON& Tower with Radar,0,28,19,4,51,0,1,0,0,1,0,29,19,4,52,0,0,0,52
05/20/2016,ABI,TX,ASW,CE,Combined TRACON& Tower with Radar,2,23,41,27,93,0,0,19,0,19,2,23,60,27,112,56,30,86,198
05/21/2016,ABI,TX,ASW,CE,Combined TRACON& Tower with Radar,0,15,17,0,32,0,2,22,0,24,0,17,39,0,56,2,0,2,58
05/22/2016,ABI,TX,ASW,CE,Combined TRACON& Tower with Radar,1,14,18,8,41,0,0,8,0,8,1,14,26,8,49,2,20,22,71
05/23/2016,ABI,TX,ASW,CE,Combined TRACON& Tower with Radar,4,21,20,7,52,0,1,5,0,6,4,22,25,7,58,0,4,4,62
05/24/2016,ABI,TX,ASW,CE,Combined TRACON& Tower with Radar,1,25,46,12,84,0,3,5,0,8,1,28,51,12,92,16,20,36,128
05/25/2016,ABI,TX,ASW,CE,Combined TRACON& Tower with Radar,0,34,40,9,83,0,1,11,2,14,0,35,51,11,97,48,18,66,163
05/26/2016,ABI,TX,ASW,CE,Combined TRACON& Tower with Radar,0,22,21,11,54,0,0,9,3,12,0,22,30,14,66,0,24,24,90
05/27/2016,ABI,TX,ASW,CE,Combined TRACON& Tower with Radar,0,30,23,3,56,0,0,19,0,19,0,30,42,3,75,30,6,36,111
05/28/2016,ABI,TX,ASW,CE,Combined TRACON& Tower with Radar,0,13,18,0,31,0,1,38,0,39,0,14,56,0,70,28,0,28,98
05/29/2016,ABI,TX,ASW,CE,Combined TRACON& Tower with Radar,2,14,3,0,19,0,1,10,0,11,2,15,13,0,30,0,0,0,30
05/30/2016,ABI,TX,ASW,CE,Combined TRACON& Tower with Radar,1,13,26,0,40,0,1,14,0,15,1,14,40,0,55,18,0,18,73
05/31/2016,ABI,TX,ASW,CE,Combined TRACON& Tower with Radar,4,16,14,28,62,0,0,9,2,11,4,16,23,30,73,24,56,80,153
06/01/2016,ABI,TX,ASW,CE,Combined TRACON& Tower with Radar,0,26,24,29,79,0,0,3,0,3,0,26,27,29,82,28,36,64,146
06/02/2016,ABI,TX,ASW,CE,Combined TRACON& Tower with Radar,0,25,16,14,55,0,0,4,0,4,0,25,20,14,59,0,20,20,79
06/03/2016,ABI,TX,ASW,CE,Combined TRACON& Tower with Radar,1,31,14,13,59,0,0,4,0,4,1,31,18,13,63,4,16,20,83
06/04/2016,ABI,TX,ASW,CE,Combined TRACON& Tower with Radar,0,30,19,0,49,0,0,20,6,26,0,30,39,6,75,26,0,26,101
06/05/2016,ABI,TX,ASW,CE,Combined TRACON& Tower with Radar,1,18,16,8,43,0,0,42,2,44,1,18,58,10,87,32,8,40,127
06/06/2016,ABI,TX,ASW,CE,Combined TRACON& Tower with Radar,0,20,12,42,74,0,0,47,6,53,0,20,59,48,127,10,60,70,197
06/07/2016,ABI,TX,ASW,CE,Combined TRACON& Tower with Radar,0,24,16,28,68,0,1,42,0,43,0,25,58,28,111,16,36,52,163
06/08/2016,ABI,TX,ASW,CE,Combined TRACON& Tower with Radar,0,25,22,18,65,0,1,46,4,51,0,26,68,22,116,18,8,26,142
06/09/2016,ABI,TX,ASW,CE,Combined TRACON& Tower with Radar,0,22,19,20,61,0,2,39,2,43,0,24,58,22,104,46,22,68,172
06/10/2016,ABI,TX,ASW,CE,Combined TRACON& Tower with Radar,1,27,27,35,90,0,4,29,3,36,1,31,56,38,126,2,44,46,172
06/11/2016,ABI,TX,ASW,CE,Combined TRACON& Tower with Radar,2,17,18,18,55,0,0,133,1,134,2,17,151,19,189,142,22,164,353
06/12/2016,ABI,TX,ASW,CE,Combined TRACON& Tower with Radar,7,19,33,2,61,0,0,19,0,19,7,19,52,2,80,24,0,24,104
06/13/2016,ABI,TX,ASW,CE,Combined TRACON& Tower with Radar,8,26,31,7,72,0,0,36,0,36,8,26,67,7,108,18,18,36,144
06/14/2016,ABI,TX,ASW,CE,Combined TRACON& Tower with Radar,0,26,35,41,102,0,6,35,0,41,0,32,70,41,143,52,54,106,249
06/15/2016,ABI,TX,ASW,CE,Combined TRACON& Tower with Radar,2,23,40,7,72,0,0,33,1,34,2,23,73,8,106,0,115,115,221
06/16/2016,ABI,TX,ASW,CE,Combined TRACON& Tower with Radar,2,26,23,15,66,0,1,42,0,43,2,27,65,15,109,26,14,40,149
06/17/2016,ABI,TX,ASW,CE,Combined TRACON& Tower with Radar,0,22,20,20,62,0,1,37,0,38,0,23,57,20,100,8,28,36,136
06/18/2016,ABI,TX,ASW,CE,Combined TRACON& Tower with Radar,0,20,17,4,41,0,0,36,0,36,0,20,53,4,77,18,6,24,101
06/19/2016,ABI,TX,ASW,CE,Combined TRACON& Tower with Radar,2,15,15,0,32,0,0,21,0,21,2,15,36,0,53,0,0,0,53
06/20/2016,ABI,TX,ASW,CE,Combined TRACON& Tower with Radar,0,26,25,21,72,0,0,29,0,29,0,26,54,21,101,6,26,32,133
06/21/2016,ABI,TX,ASW,CE,Combined TRACON& Tower with Radar,0,32,19,12,63,0,2,36,0,38,0,34,55,12,101,6,4,10,111
06/22/2016,ABI,TX,ASW,CE,Combined TRACON& Tower with Radar,0,23,13,23,59,0,0,34,4,38,0,23,47,27,97,22,40,62,159
06/23/2016,ABI,TX,ASW,CE,Combined TRACON& Tower with Radar,0,25,32,12,69,0,2,35,1,38,0,27,67,13,107,2,12,14,121
06/24/2016,ABI,TX,ASW,CE,Combined TRACON& Tower with Radar,1,24,26,35,86,0,2,38,1,41,1,26,64,36,127,6,82,88,215
06/25/2016,ABI,TX,ASW,CE,Combined TRACON& Tower with Radar,0,19,8,0,27,0,0,17,0,17,0,19,25,0,44,12,0,12,56
06/26/2016,ABI,TX,ASW,CE,Combined TRACON& Tower with Radar,1,16,20,23,60,0,0,22,1,23,1,16,42,24,83,14,34,48,131
06/27/2016,ABI,TX,ASW,CE,Combined TRACON& Tower with Radar,6,22,30,31,89,0,7,30,5,42,6,29,60,36,131,36,18,54,185
06/28/2016,ABI,TX,ASW,CE,Combined TRACON& Tower with Radar,2,26,21,3,52,0,1,46,1,48,2,27,67,4,100,6,2,8,108
06/29/2016,ABI,TX,ASW,CE,Combined TRACON& Tower with Radar,1,24,27,29,81,0,5,41,0,46,1,29,68,29,127,8,38,46,173
06/30/2016,ABI,TX,ASW,CE,Combined TRACON& Tower with Radar,1,27,29,8,65,0,1,36,0,37,1,28,65,8,102,0,0,0,102
07/01/2016,ABI,TX,ASW,CE,Combined TRACON& Tower with Radar,0,33,30,19,82,0,3,43,2,48,0,36,73,21,130,14,32,46,176
07/02/2016,ABI,TX,ASW,CE,Combined TRACON& Tower with Radar,0,14,12,8,34,0,1,38,0,39,0,15,50,8,73,18,10,28,101
07/03/2016,ABI,TX,ASW,CE,Combined TRACON& Tower with Radar,0,10,8,12,30,0,3,4,0,7,0,13,12,12,37,0,16,16,53
07/04/2016,ABI,TX,ASW,CE,Combined TRACON& Tower with Radar,6,16,6,2,30,0,0,23,0,23,6,16,29,2,53,18,0,18,71
07/05/2016,ABI,TX,ASW,CE,Combined TRACON& Tower with Radar,0,21,8,0,29,0,0,16,0,16,0,21,24,0,45,0,0,0,45
07/06/2016,ABI,TX,ASW,CE,Combined TRACON& Tower with Radar,0,29,24,7,60,0,3,16,0,19,0,32,40,7,79,0,0,0,79
07/07/2016,ABI,TX,ASW,CE,Combined TRACON& Tower with Radar,0,25,22,12,59,0,4,41,0,45,0,29,63,12,104,14,28,42,146
07/08/2016,ABI,TX,ASW,CE,Combined TRACON& Tower with Radar,0,31,32,4,67,0,1,34,0,35,0,32,66,4,102,26,2,28,130
07/09/2016,ABI,TX,ASW,CE,Combined TRACON& Tower with Radar,4,22,17,12,55,0,0,35,5,40,4,22,52,17,95,0,0,0,95
07/10/2016,ABI,TX,ASW,CE,Combined TRACON& Tower with Radar,0,23,17,25,65,0,2,27,3,32,0,25,44,28,97,42,34,76,173
07/11/2016,ABI,TX,ASW,CE,Combined TRACON& Tower with Radar,0,17,17,14,48,0,1,38,0,39,0,18,55,14,87,28,22,50,137
07/12/2016,ABI,TX,ASW,CE,Combined TRACON& Tower with Radar,0,22,31,4,57,0,2,46,1,49,0,24,77,5,106,44,8,52,158
07/13/2016,ABI,TX,ASW,CE,Combined TRACON& Tower with Radar,1,25,24,16,66,0,5,26,1,32,1,30,50,17,98,0,6,6,104
07/14/2016,ABI,TX,ASW,CE,Combined TRACON& Tower with Radar,0,22,13,20,55,0,3,35,1,39,0,25,48,21,94,2,16,18,112
07/15/2016,ABI,TX,ASW,CE,Combined TRACON& Tower with Radar,10,26,26,16,78,0,6,31,2,39,10,32,57,18,117,14,24,38,155
07/16/2016,ABI,TX,ASW,CE,Combined TRACON& Tower with Radar,0,14,5,2,21,0,0,25,0,25,0,14,30,2,46,12,2,14,60
07/17/2016,ABI,TX,ASW,CE,Combined TRACON& Tower with Radar,0,14,16,0,30,0,0,15,0,15,0,14,31,0,45,4,0,4,49
07/18/2016,ABI,TX,ASW,CE,Combined TRACON& Tower with Radar,2,17,24,9,52,0,4,16,0,20,2,21,40,9,72,8,0,8,80
07/19/2016,ABI,TX,ASW,CE,Combined TRACON& Tower with Radar,0,22,15,15,52,0,1,24,0,25,0,23,39,15,77,16,10,26,103
07/20/2016,ABI,TX,ASW,CE,Combined TRACON& Tower with Radar,1,25,24,11,61,0,1,37,2,40,1,26,61,13,101,50,4,54,155
07/21/2016,ABI,TX,ASW,CE,Combined TRACON& Tower with Radar,0,25,19,21,65,0,16,40,8,64,0,41,59,29,129,22,32,54,183
07/22/2016,ABI,TX,ASW,CE,Combined TRACON& Tower with Radar,0,31,25,12,68,0,1,40,1,42,0,32,65,13,110,6,38,44,154
07/23/2016,ABI,TX,ASW,CE,Combined TRACON& Tower with Radar,0,23,11,0,34,0,2,32,0,34,0,25,43,0,68,14,0,14,82
07/24/2016,ABI,TX,ASW,CE,Combined TRACON& Tower with Radar,1,17,13,4,35,0,6,22,0,28,1,23,35,4,63,4,6,10,73
07/25/2016,ABI,TX,ASW,CE,Combined TRACON& Tower with Radar,11,21,13,25,70,0,3,17,0,20,11,24,30,25,90,0,34,34,124
07/26/2016,ABI,TX,ASW,CE,Combined TRACON& Tower with Radar,8,34,32,12,86,0,1,26,1,28,8,35,58,13,114,12,28,40,154
07/27/2016,ABI,TX,ASW,CE,Combined TRACON& Tower with Radar,9,27,17,5,58,0,12,13,2,27,9,39,30,7,85,10,0,10,95
07/28/2016,ABI,TX,ASW,CE,Combined TRACON& Tower with Radar,1,23,15,30,69,0,3,21,2,26,1,26,36,32,95,0,32,32,127
07/29/2016,ABI,TX,ASW,CE,Combined TRACON& Tower with Radar,0,25,30,14,69,0,1,26,0,27,0,26,56,14,96,20,24,44,140
07/30/2016,ABI,TX,ASW,CE,Combined TRACON& Tower with Radar,0,15,10,25,50,0,0,24,3,27,0,15,34,28,77,24,32,56,133
07/31/2016,ABI,TX,ASW,CE,Combined TRACON& Tower with Radar,0,17,12,2,31,0,0,28,2,30,0,17,40,4,61,32,4,36,97
08/01/2016,ABI,TX,ASW,CE,Combined TRACON& Tower with Radar,0,20,23,14,57,0,4,24,0,28,0,24,47,14,85,16,8,24,109
08/02/2016,ABI,TX,ASW,CE,Combined TRACON& Tower with Radar,0,29,26,19,74,0,2,26,0,28,0,31,52,19,102,32,30,62,164
08/03/2016,ABI,TX,ASW,CE,Combined TRACON& Tower with Radar,0,27,30,11,68,0,1,34,1,36,0,28,64,12,104,12,16,28,132
08/04/2016,ABI,TX,ASW,CE,Combined TRACON& Tower with Radar,0,21,12,16,49,0,16,29,7,52,0,37,41,23,101,8,50,58,159
08/05/2016,ABI,TX,ASW,CE,Combined TRACON& Tower with Radar,0,23,38,15,76,0,3,31,3,37,0,26,69,18,113,16,32,48,161
08/06/2016,ABI,TX,ASW,CE,Combined TRACON& Tower with Radar,0,17,7,9,33,0,2,30,0,32,0,19,37,9,65,6,14,20,85
08/07/2016,ABI,TX,ASW,CE,Combined TRACON& Tower with Radar,0,17,12,12,41,0,4,29,0,33,0,21,41,12,74,4,14,18,92
08/08/2016,ABI,TX,ASW,CE,Combined TRACON& Tower with Radar,0,18,24,24,66,0,7,26,1,34,0,25,50,25,100,10,36,46,146
08/09/2016,ABI,TX,ASW,CE,Combined TRACON& Tower with Radar,0,25,31,11,67,0,23,10,13,46,0,48,41,24,113,46,18,64,177
08/10/2016,ABI,TX,ASW,CE,Combined TRACON& Tower with Radar,0,28,18,19,65,0,4,34,1,39,0,32,52,20,104,22,34,56,160
08/11/2016,ABI,TX,ASW,CE,Combined TRACON& Tower with Radar,0,26,13,3,42,0,1,35,0,36,0,27,48,3,78,44,2,46,124
08/12/2016,ABI,TX,ASW,CE,Combined TRACON& Tower with Radar,5,16,18,1,40,0,3,14,0,17,5,19,32,1,57,0,0,0,57
08/13/2016,ABI,TX,ASW,CE,Combined TRACON& Tower with Radar,0,15,12,13,40,0,0,18,9,27,0,15,30,22,67,10,24,34,101
08/14/2016,ABI,TX,ASW,CE,Combined TRACON& Tower with Radar,1,17,5,24,47,0,2,10,3,15,1,19,15,27,62,0,56,56,118
08/15/2016,ABI,TX,ASW,CE,Combined TRACON& Tower with Radar,0,22,33,24,79,0,1,10,0,11,0,23,43,24,90,10,18,28,118
08/16/2016,ABI,TX,ASW,CE,Combined TRACON& Tower with Radar,0,26,39,12,77,0,1,19,0,20,0,27,58,12,97,12,18,30,127
08/17/2016,ABI,TX,ASW,CE,Combined TRACON& Tower with Radar,0,23,21,12,56,0,0,6,0,6,0,23,27,12,62,0,28,28,90
08/18/2016,ABI,TX,ASW,CE,Combined TRACON& Tower with Radar,2,29,32,19,82,0,0,6,2,8,2,29,38,21,90,0,92,92,182
08/19/2016,ABI,TX,ASW,CE,Combined TRACON& Tower with Radar,6,19,36,9,70,0,1,5,0,6,6,20,41,9,76,0,24,24,100
08/20/2016,ABI,TX,ASW,CE,Combined TRACON& Tower with Radar,0,23,8,2,33,0,0,5,1,6,0,23,13,3,39,6,0,6,45
08/21/2016,ABI,TX,ASW,CE,Combined TRACON& Tower with Radar,0,15,8,12,35,0,0,16,3,19,0,15,24,15,54,24,26,50,104
08/22/2016,ABI,TX,ASW,CE,Combined TRACON& Tower with Radar,2,16,19,2,39,0,0,7,0,7,2,16,26,2,46,0,8,8,54
08/23/2016,ABI,TX,ASW,CE,Combined TRACON& Tower with Radar,0,28,22,23,73,0,3,10,0,13,0,31,32,23,86,4,32,36,122
08/24/2016,ABI,TX,ASW,CE,Combined TRACON& Tower with Radar,0,26,29,28,83,0,1,31,2,34,0,27,60,30,117,0,32,32,149
08/25/2016,ABI,TX,ASW,CE,Combined TRACON& Tower with Radar,0,23,35,11,69,0,12,30,0,42,0,35,65,11,111,74,18,92,203
08/26/2016,ABI,TX,ASW,CE,Combined TRACON& Tower with Radar,2,26,20,38,86,0,2,14,0,16,2,28,34,38,102,26,82,108,210
08/27/2016,ABI,TX,ASW,CE,Combined TRACON& Tower with Radar,0,14,16,6,36,0,1,25,2,28,0,15,41,8,64,22,4,26,90
08/28/2016,ABI,TX,ASW,CE,Combined TRACON& Tower with Radar,2,14,16,4,36,0,0,12,2,14,2,14,28,6,50,18,8,26,76
08/29/2016,ABI,TX,ASW,CE,Combined TRACON& Tower with Radar,0,21,15,9,45,0,0,12,0,12,0,21,27,9,57,10,14,24,81
08/30/2016,ABI,TX,ASW,CE,Combined TRACON& Tower with Radar,0,28,47,23,98,0,1,9,0,10,0,29,56,23,108,16,50,66,174
08/31/2016,ABI,TX,ASW,CE,Combined TRACON& Tower with Radar,4,37,34,18,93,0,2,27,0,29,4,39,61,18,122,38,20,58,180
09/01/2016,ABI,TX,ASW,CE,Combined TRACON& Tower with Radar,1,34,31,3,69,0,2,4,0,6,1,36,35,3,75,6,4,10,85
09/02/2016,ABI,TX,ASW,CE,Combined TRACON& Tower with Radar,1,31,28,0,60,0,0,21,0,21,1,31,49,0,81,12,0,12,93
09/03/2016,ABI,TX,ASW,CE,Combined TRACON& Tower with Radar,2,14,33,0,49,0,0,34,0,34,2,14,67,0,83,24,0,24,107
09/04/2016,ABI,TX,ASW,CE,Combined TRACON& Tower with Radar,0,13,16,0,29,0,1,16,0,17,0,14,32,0,46,10,0,10,56
09/05/2016,ABI,TX,ASW,CE,Combined TRACON& Tower with Radar,0,14,13,4,31,0,1,28,2,31,0,15,41,6,62,42,4,46,108
09/06/2016,ABI,TX,ASW,CE,Combined TRACON& Tower with Radar,0,20,30,11,61,0,5,30,0,35,0,25,60,11,96,16,24,40,136
09/07/2016,ABI,TX,ASW,CE,Combined TRACON& Tower with Radar,0,21,39,9,69,0,4,15,0,19,0,25,54,9,88,24,14,38,126
09/08/2016,ABI,TX,ASW,CE,Combined TRACON& Tower with Radar,0,29,35,1,65,0,1,44,6,51,0,30,79,7,116,10,10,20,136
09/09/2016,ABI,TX,ASW,CE,Combined TRACON& Tower with Radar,1,25,24,27,77,0,1,27,5,33,1,26,51,32,110,18,32,50,160
09/10/2016,ABI,TX,ASW,CE,Combined TRACON& Tower with Radar,1,16,17,0,34,0,1,5,0,6,1,17,22,0,40,16,0,16,56
09/11/2016,ABI,TX,ASW,CE,Combined TRACON& Tower with Radar,3,14,7,5,29,0,1,34,5,40,3,15,41,10,69,44,16,60,129
09/12/2016,ABI,TX,ASW,CE,Combined TRACON& Tower with Radar,0,17,21,8,46,0,2,39,0,41,0,19,60,8,87,44,12,56,143
09/13/2016,ABI,TX,ASW,CE,Combined TRACON& Tower with Radar,0,28,15,19,62,0,2,20,6,28,0,30,35,25,90,0,0,0,90
09/14/2016,ABI,TX,ASW,CE,Combined TRACON& Tower with Radar,2,20,19,6,47,0,7,10,0,17,2,27,29,6,64,4,24,28,92
09/15/2016,ABI,TX,ASW,CE,Combined TRACON& Tower with Radar,0,24,22,6,52,0,1,22,0,23,0,25,44,6,75,14,4,18,93
09/16/2016,ABI,TX,ASW,CE,Combined TRACON& Tower with Radar,0,24,34,21,79,0,0,25,2,27,0,24,59,23,106,18,46,64,170
09/17/2016,ABI,TX,ASW,CE,Combined TRACON& Tower with Radar,0,15,13,0,28,0,1,16,0,17,0,16,29,0,45,2,0,2,47
09/18/2016,ABI,TX,ASW,CE,Combined TRACON& Tower with Radar,0,19,6,7,32,0,1,25,0,26,0,20,31,7,58,8,8,16,74
09/19/2016,ABI,TX,ASW,CE,Combined TRACON& Tower with Radar,0,25,20,18,63,0,3,41,1,45,0,28,61,19,108,48,4,52,160
09/20/2016,ABI,TX,ASW,CE,Combined TRACON& Tower with Radar,0,22,24,28,74,0,1,42,2,45,0,23,66,30,119,14,40,54,173
09/21/2016,ABI,TX,ASW,CE,Combined TRACON& Tower with Radar,2,22,22,6,52,0,1,44,2,47,2,23,66,8,99,64,14,78,177
09/22/2016,ABI,TX,ASW,CE,Combined TRACON& Tower with Radar,0,26,16,20,62,0,1,37,0,38,0,27,53,20,100,32,20,52,152
09/23/2016,ABI,TX,ASW,CE,Combined TRACON& Tower with Radar,0,26,24,18,68,0,0,33,0,33,0,26,57,18,101,36,22,58,159
09/24/2016,ABI,TX,ASW,CE,Combined TRACON& Tower with Radar,0,16,23,0,39,0,0,18,0,18,0,16,41,0,57,0,0,0,57
09/25/2016,ABI,TX,ASW,CE,Combined TRACON& Tower with Radar,0,17,10,4,31,0,0,0,0,0,0,17,10,4,31,0,4,4,35
09/26/2016,ABI,TX,ASW,CE,Combined TRACON& Tower with Radar,2,19,26,27,74,0,0,11,3,14,2,19,37,30,88,22,64,86,174
09/27/2016,ABI,TX,ASW,CE,Combined TRACON& Tower with Radar,0,23,25,32,80,0,3,22,15,40,0,26,47,47,120,52,138,190,310
09/28/2016,ABI,TX,ASW,CE,Combined TRACON& Tower with Radar,0,23,22,15,60,0,1,50,3,54,0,24,72,18,114,50,20,70,184
09/29/2016,ABI,TX,ASW,CE,Combined TRACON& Tower with Radar,0,25,27,14,66,0,4,51,0,55,0,29,78,14,121,16,22,38,159
09/30/2016,ABI,TX,ASW,CE,Combined TRACON& Tower with Radar,0,28,10,0,38,0,3,35,0,38,0,31,45,0,76,34,0,34,110
10/01/2016,ABI,TX,ASW,CE,Combined TRACON& Tower with Radar,1,14,14,0,29,0,0,51,0,51,1,14,65,0,80,34,0,34,114
10/02/2016,ABI,TX,ASW,CE,Combined TRACON& Tower with Radar,2,14,12,2,30,0,0,35,1,36,2,14,47,3,66,94,0,94,160
10/03/2016,ABI,TX,ASW,CE,Combined TRACON& Tower with Radar,1,19,10,19,49,0,2,31,0,33,1,21,41,19,82,18,30,48,130
10/04/2016,ABI,TX,ASW,CE,Combined TRACON& Tower with Radar,0,28,13,9,50,0,1,11,1,13,0,29,24,10,63,10,10,20,83
10/05/2016,ABI,TX,ASW,CE,Combined TRACON& Tower with Radar,0,25,16,17,58,0,2,18,0,20,0,27,34,17,78,10,28,38,116
10/06/2016,ABI,TX,ASW,CE,Combined TRACON& Tower with Radar,0,25,30,36,91,0,0,15,0,15,0,25,45,36,106,2,34,36,142
10/07/2016,ABI,TX,ASW,CE,Combined TRACON& Tower with Radar,0,25,25,14,64,0,2,0,0,2,0,27,25,14,66,20,0,20,86
10/08/2016,ABI,TX,ASW,CE,Combined TRACON& Tower with Radar,0,19,15,0,34,0,2,39,0,41,0,21,54,0,75,24,0,24,99
10/09/2016,ABI,TX,ASW,CE,Combined TRACON& Tower with Radar,0,16,18,0,34,0,0,25,0,25,0,16,43,0,59,0,0,0,59
10/10/2016,ABI,TX,ASW,CE,Combined TRACON& Tower with Radar,3,17,17,0,37,0,2,47,0,49,3,19,64,0,86,18,0,18,104
10/11/2016,ABI,TX,ASW,CE,Combined TRACON& Tower with Radar,0,25,11,12,48,0,2,32,0,34,0,27,43,12,82,4,6,10,92
10/12/2016,ABI,TX,ASW,CE,Combined TRACON& Tower with Radar,0,24,18,10,52,0,0,29,0,29,0,24,47,10,81,8,8,16,97
10/13/2016,ABI,TX,ASW,CE,Combined TRACON& Tower with Radar,0,30,47,23,100,0,1,7,1,9,0,31,54,24,109,4,20,24,133
10/14/2016,ABI,TX,ASW,CE,Combined TRACON& Tower with Radar,0,31,30,13,74,0,3,12,3,18,0,34,42,16,92,34,10,44,136
10/15/2016,ABI,TX,ASW,CE,Combined TRACON& Tower with Radar,2,14,15,0,31,0,2,13,0,15,2,16,28,0,46,14,0,14,60
10/16/2016,ABI,TX,ASW,CE,Combined TRACON& Tower with Radar,1,16,13,1,31,0,1,13,0,14,1,17,26,1,45,26,4,30,75
10/17/2016,ABI,TX,ASW,CE,Combined TRACON& Tower with Radar,1,17,23,14,55,0,9,12,0,21,1,26,35,14,76,4,24,28,104
10/18/2016,ABI,TX,ASW,CE,Combined TRACON& Tower with Radar,0,31,18,25,74,0,0,37,1,38,0,31,55,26,112,56,26,82,194
10/19/2016,ABI,TX,ASW,CE,Combined TRACON& Tower with Radar,0,35,26,11,72,0,2,30,4,36,0,37,56,15,108,26,26,52,160
10/20/2016,ABI,TX,ASW,CE,Combined TRACON& Tower with Radar,0,36,26,42,104,0,1,19,3,23,0,37,45,45,127,26,16,42,169
10/21/2016,ABI,TX,ASW,CE,Combined TRACON& Tower with Radar,3,25,26,13,67,0,1,62,2,65,3,26,88,15,132,14,42,56,188
10/22/2016,ABI,TX,ASW,CE,Combined TRACON& Tower with Radar,0,15,18,0,33,0,1,35,0,36,0,16,53,0,69,2,0,2,71
10/23/2016,ABI,TX,ASW,CE,Combined TRACON& Tower with Radar,1,15,11,2,29,0,5,38,2,45,1,20,49,4,74,36,0,36,110
10/24/2016,ABI,TX,ASW,CE,Combined TRACON& Tower with Radar,2,18,32,14,66,0,0,31,1,32,2,18,63,15,98,12,32,44,142
10/25/2016,ABI,TX,ASW,CE,Combined TRACON& Tower with Radar,0,22,32,19,73,0,1,16,1,18,0,23,48,20,91,22,44,66,157
10/26/2016,ABI,TX,ASW,CE,Combined TRACON& Tower with Radar,0,22,23,8,53,0,4,31,2,37,0,26,54,10,90,16,8,24,114
10/27/2016,ABI,TX,ASW,CE,Combined TRACON& Tower with Radar,1,25,27,26,79,0,1,43,2,46,1,26,70,28,125,34,36,70,195
10/28/2016,ABI,TX,ASW,CE,Combined TRACON& Tower with Radar,1,20,19,23,63,0,2,53,7,62,1,22,72,30,125,12,28,40,165
10/29/2016,ABI,TX,ASW,CE,Combined TRACON& Tower with Radar,0,21,20,0,41,0,0,28,2,30,0,21,48,2,71,38,0,38,109
10/30/2016,ABI,TX,ASW,CE,Combined TRACON& Tower with Radar,0,16,15,2,33,0,0,34,0,34,0,16,49,2,67,60,4,64,131
10/31/2016,ABI,TX,ASW,CE,Combined TRACON& Tower with Radar,0,20,32,11,63,0,2,27,2,31,0,22,59,13,94,24,50,74,168
11/01/2016,ABI,TX,ASW,CE,Combined TRACON& Tower with Radar,0,29,29,25,83,0,0,27,0,27,0,29,56,25,110,20,66,86,196
11/02/2016,ABI,TX,ASW,CE,Combined TRACON& Tower with Radar,1,22,25,12,60,0,1,8,3,12,1,23,33,15,72,0,18,18,90
11/03/2016,ABI,TX,ASW,CE,Combined TRACON& Tower with Radar,2,27,32,17,78,0,0,1,0,1,2,27,33,17,79,0,22,22,101
11/04/2016,ABI,TX,ASW,CE,Combined TRACON& Tower with Radar,0,25,30,47,102,0,0,9,2,11,0,25,39,49,113,14,48,62,175
11/05/2016,ABI,TX,ASW,CE,Combined TRACON& Tower with Radar,0,20,23,0,43,0,0,1,0,1,0,20,24,0,44,8,0,8,52
11/06/2016,ABI,TX,ASW,CE,Combined TRACON& Tower with Radar,2,18,10,0,30,0,0,3,0,3,2,18,13,0,33,6,0,6,39
11/07/2016,ABI,TX,ASW,CE,Combined TRACON& Tower with Radar,0,15,16,11,42,0,1,9,1,11,0,16,25,12,53,0,10,10,63
11/08/2016,ABI,TX,ASW,CE,Combined TRACON& Tower with Radar,0,23,24,40,87,0,0,4,0,4,0,23,28,40,91,6,32,38,129
11/09/2016,ABI,TX,ASW,CE,Combined TRACON& Tower with Radar,0,22,44,7,73,0,0,5,0,5,0,22,49,7,78,0,0,0,78
11/10/2016,ABI,TX,ASW,CE,Combined TRACON& Tower with Radar,1,28,23,18,70,0,1,18,2,21,1,29,41,20,91,6,14,20,111
11/11/2016,ABI,TX,ASW,CE,Combined TRACON& Tower with Radar,0,26,23,0,49,0,1,27,2,30,0,27,50,2,79,42,0,42,121
11/12/2016,ABI,TX,ASW,CE,Combined TRACON& Tower with Radar,0,16,10,0,26,0,0,39,0,39,0,16,49,0,65,2,0,2,67
11/13/2016,ABI,TX,ASW,CE,Combined TRACON& Tower with Radar,0,15,24,2,41,0,2,19,0,21,0,17,43,2,62,32,2,34,96
11/14/2016,ABI,TX,ASW,CE,Combined TRACON& Tower with Radar,1,19,22,6,48,0,0,25,0,25,1,19,47,6,73,2,8,10,83
11/15/2016,ABI,TX,ASW,CE,Combined TRACON& Tower with Radar,0,29,24,11,64,0,1,31,1,33,0,30,55,12,97,12,14,26,123
11/16/2016,ABI,TX,ASW,CE,Combined TRACON& Tower with Radar,0,24,21,20,65,0,2,41,1,44,0,26,62,21,109,2,20,22,131
11/17/2016,ABI,TX,ASW,CE,Combined TRACON& Tower with Radar,2,32,17,7,58,0,1,26,4,31,2,33,43,11,89,0,26,26,115
11/18/2016,ABI,TX,ASW,CE,Combined TRACON& Tower with Radar,1,22,23,45,91,0,1,30,0,31,1,23,53,45,122,12,68,80,202
11/19/2016,ABI,TX,ASW,CE,Combined TRACON& Tower with Radar,2,17,12,0,31,0,1,44,0,45,2,18,56,0,76,14,0,14,90
11/20/2016,ABI,TX,ASW,CE,Combined TRACON& Tower with Radar,0,12,9,0,21,0,0,17,2,19,0,12,26,2,40,2,8,10,50
11/21/2016,ABI,TX,ASW,CE,Combined TRACON& Tower with Radar,0,29,16,23,68,0,1,9,0,10,0,30,25,23,78,14,36,50,128
11/22/2016,ABI,TX,ASW,CE,Combined TRACON& Tower with Radar,1,23,37,7,68,0,1,15,1,17,1,24,52,8,85,12,8,20,105
11/23/2016,ABI,TX,ASW,CE,Combined TRACON& Tower with Radar,0,27,22,6,55,0,4,33,0,37,0,31,55,6,92,16,8,24,116
11/24/2016,ABI,TX,ASW,CE,Combined TRACON& Tower with Radar,0,6,1,0,7,0,0,13,0,13,0,6,14,0,20,0,0,0,20
11/25/2016,ABI,TX,ASW,CE,Combined TRACON& Tower with Radar,0,21,28,0,49,0,0,15,0,15,0,21,43,0,64,12,0,12,76
11/26/2016,ABI,TX,ASW,CE,Combined TRACON& Tower with Radar,0,20,18,0,38,0,0,1,0,1,0,20,19,0,39,20,0,20,59
11/27/2016,ABI,TX,ASW,CE,Combined TRACON& Tower with Radar,0,20,16,0,36,0,0,7,0,7,0,20,23,0,43,0,0,0,43
11/28/2016,ABI,TX,ASW,CE,Combined TRACON& Tower with Radar,0,16,15,21,52,0,1,12,1,14,0,17,27,22,66,0,6,6,72
11/29/2016,ABI,TX,ASW,CE,Combined TRACON& Tower with Radar,1,26,26,7,60,0,5,25,0,30,1,31,51,7,90,2,12,14,104
11/30/2016,ABI,TX,ASW,CE,Combined TRACON& Tower with Radar,0,24,33,10,67,0,0,32,0,32,0,24,65,10,99,24,36,60,159
12/01/2016,ABI,TX,ASW,CE,Combined TRACON& Tower with Radar,0,23,22,17,62,0,4,32,1,37,0,27,54,18,99,44,18,62,161
12/02/2016,ABI,TX,ASW,CE,Combined TRACON& Tower with Radar,0,25,30,7,62,0,0,3,0,3,0,25,33,7,65,0,6,6,71
12/03/2016,ABI,TX,ASW,CE,Combined TRACON& Tower with Radar,0,15,14,0,29,0,0,0,0,0,0,15,14,0,29,0,0,0,29
12/04/2016,ABI,TX,ASW,CE,Combined TRACON& Tower with Radar,0,16,12,14,42,0,2,5,0,7,0,18,17,14,49,8,24,32,81
12/05/2016,ABI,TX,ASW,CE,Combined TRACON& Tower with Radar,0,18,29,48,95,0,0,12,0,12,0,18,41,48,107,12,50,62,169
12/06/2016,ABI,TX,ASW,CE,Combined TRACON& Tower with Radar,0,25,20,17,62,0,0,7,0,7,0,25,27,17,69,4,18,22,91
12/07/2016,ABI,TX,ASW,CE,Combined TRACON& Tower with Radar,0,21,32,5,58,0,0,4,0,4,0,21,36,5,62,0,0,0,62
12/08/2016,ABI,TX,ASW,CE,Combined TRACON& Tower with Radar,0,29,17,31,77,0,0,10,1,11,0,29,27,32,88,0,48,48,136
12/09/2016,ABI,TX,ASW,CE,Combined TRACON& Tower with Radar,0,31,19,17,67,0,0,21,6,27,0,31,40,23,94,6,14,20,114
12/10/2016,ABI,TX,ASW,CE,Combined TRACON& Tower with Radar,0,17,18,0,35,0,0,17,0,17,0,17,35,0,52,22,0,22,74
12/11/2016,ABI,TX,ASW,CE,Combined TRACON& Tower with Radar,0,22,15,10,47,0,0,15,2,17,0,22,30,12,64,64,18,82,146
12/12/2016,ABI,TX,ASW,CE,Combined TRACON& Tower with Radar,0,20,28,13,61,0,0,20,1,21,0,20,48,14,82,36,12,48,130
12/13/2016,ABI,TX,ASW,CE,Combined TRACON& Tower with Radar,4,22,20,10,56,0,0,13,0,13,4,22,33,10,69,36,14,50,119
12/14/2016,ABI,TX,ASW,CE,Combined TRACON& Tower with Radar,1,22,40,57,120,0,4,19,3,26,1,26,59,60,146,28,126,154,300
12/15/2016,ABI,TX,ASW,CE,Combined TRACON& Tower with Radar,1,26,30,11,68,0,0,8,0,8,1,26,38,11,76,0,16,16,92
12/16/2016,ABI,TX,ASW,CE,Combined TRACON& Tower with Radar,0,21,22,45,88,0,0,8,2,10,0,21,30,47,98,2,32,34,132
12/17/2016,ABI,TX,ASW,CE,Combined TRACON& Tower with Radar,0,24,31,27,82,0,0,9,0,9,0,24,40,27,91,28,28,56,147
12/18/2016,ABI,TX,ASW,CE,Combined TRACON& Tower with Radar,0,13,12,15,40,0,0,13,1,14,0,13,25,16,54,8,12,20,74
12/19/2016,ABI,TX,ASW,CE,Combined TRACON& Tower with Radar,1,21,26,3,51,0,1,32,0,33,1,22,58,3,84,2,2,4,88
12/20/2016,ABI,TX,ASW,CE,Combined TRACON& Tower with Radar,0,29,21,10,60,0,0,37,1,38,0,29,58,11,98,4,26,30,128
12/21/2016,ABI,TX,ASW,CE,Combined TRACON& Tower with Radar,0,26,33,12,71,0,0,38,0,38,0,26,71,12,109,44,12,56,165
12/22/2016,ABI,TX,ASW,CE,Combined TRACON& Tower with Radar,1,30,21,19,71,0,1,25,0,26,1,31,46,19,97,4,20,24,121
12/23/2016,ABI,TX,ASW,CE,Combined TRACON& Tower with Radar,1,23,22,19,65,0,0,15,0,15,1,23,37,19,80,4,4,8,88
12/24/2016,ABI,TX,ASW,CE,Combined TRACON& Tower with Radar,1,16,14,0,31,0,0,6,0,6,1,16,20,0,37,20,0,20,57
12/25/2016,ABI,TX,ASW,CE,Combined TRACON& Tower with Radar,0,14,4,0,18,0,0,3,0,3,0,14,7,0,21,2,0,2,23
12/26/2016,ABI,TX,ASW,CE,Combined TRACON& Tower with Radar,0,23,12,0,35,0,1,18,0,19,0,24,30,0,54,18,0,18,72
12/27/2016,ABI,TX,ASW,CE,Combined TRACON& Tower with Radar,1,19,13,0,33,0,2,19,0,21,1,21,32,0,54,14,0,14,68
12/28/2016,ABI,TX,ASW,CE,Combined TRACON& Tower with Radar,0,24,9,4,37,0,0,33,0,33,0,24,42,4,70,10,2,12,82
12/29/2016,ABI,TX,ASW,CE,Combined TRACON& Tower with Radar,0,24,20,0,44,0,1,31,0,32,0,25,51,0,76,0,0,0,76
12/30/2016,ABI,TX,ASW,CE,Combined TRACON& Tower with Radar,1,25,11,0,37,0,7,16,0,23,1,32,27,0,60,12,0,12,72
12/31/2016,ABI,TX,ASW,CE,Combined TRACON& Tower with Radar,1,16,14,0,31,0,0,21,0,21,1,16,35,0,52,24,0,24,76
01/01/2017,ABI,TX,ASW,CE,Combined TRACON& Tower with Radar,0,14,11,0,25,0,2,20,0,22,0,16,31,0,47,8,0,8,55
01/02/2017,ABI,TX,ASW,CE,Combined TRACON& Tower with Radar,1,21,14,1,37,0,0,24,0,24,1,21,38,1,61,8,0,8,69
01/03/2017,ABI,TX,ASW,CE,Combined TRACON& Tower with Radar,3,19,3,13,38,0,0,12,0,12,3,19,15,13,50,12,38,50,100
01/04/2017,ABI,TX,ASW,CE,Combined TRACON& Tower with Radar,0,22,31,2,55,0,1,37,2,40,0,23,68,4,95,28,34,62,157
01/05/2017,ABI,TX,ASW,CE,Combined TRACON& Tower with Radar,0,27,18,11,56,0,1,17,0,18,0,28,35,11,74,20,22,42,116
01/06/2017,ABI,TX,ASW,CE,Combined TRACON& Tower with Radar,2,28,22,46,98,0,0,9,0,9,2,28,31,46,107,12,46,58,165
01/07/2017,ABI,TX,ASW,CE,Combined TRACON& Tower with Radar,0,27,18,4,49,0,5,31,5,41,0,32,49,9,90,86,8,94,184
01/08/2017,ABI,TX,ASW,CE,Combined TRACON& Tower with Radar,0,19,5,0,24,0,0,23,1,24,0,19,28,1,48,14,0,14,62
01/09/2017,ABI,TX,ASW,CE,Combined TRACON& Tower with Radar,0,23,13,8,44,0,3,27,0,30,0,26,40,8,74,2,12,14,88
01/10/2017,ABI,TX,ASW,CE,Combined TRACON& Tower with Radar,1,23,22,29,75,0,2,24,0,26,1,25,46,29,101,20,107,127,228
01/11/2017,ABI,TX,ASW,CE,Combined TRACON& Tower with Radar,0,21,17,0,38,0,1,31,1,33,0,22,48,1,71,14,0,14,85
01/12/2017,ABI,TX,ASW,CE,Combined TRACON& Tower with Radar,0,27,36,5,68,0,4,15,0,19,0,31,51,5,87,44,20,64,151
01/13/2017,ABI,TX,ASW,CE,Combined TRACON& Tower with Radar,0,23,25,7,55,0,0,2,0,2,0,23,27,7,57,4,2,6,63
01/14/2017,ABI,TX,ASW,CE,Combined TRACON& Tower with Radar,0,13,11,0,24,0,0,0,0,0,0,13,11,0,24,0,0,0,24
01/15/2017,ABI,TX,ASW,CE,Combined TRACON& Tower with Radar,3,5,10,0,18,0,0,0,0,0,3,5,10,0,18,2,0,2,20
01/16/2017,ABI,TX,ASW,CE,Combined TRACON& Tower with Radar,1,14,18,0,33,0,1,45,0,46,1,15,63,0,79,90,0,90,169
01/17/2017,ABI,TX,ASW,CE,Combined TRACON& Tower with Radar,0,21,31,15,67,0,1,16,3,20,0,22,47,18,87,26,150,176,263
01/18/2017,ABI,TX,ASW,CE,Combined TRACON& Tower with Radar,0,24,51,58,133,0,0,6,2,8,0,24,57,60,141,26,132,158,299
01/19/2017,ABI,TX,ASW,CE,Combined TRACON& Tower with Radar,2,34,41,11,88,0,2,26,1,29,2,36,67,12,117,12,30,42,159
01/20/2017,ABI,TX,ASW,CE,Combined TRACON& Tower with Radar,0,25,12,46,83,0,1,17,2,20,0,26,29,48,103,14,70,84,187
01/21/2017,ABI,TX,ASW,CE,Combined TRACON& Tower with Radar,0,15,6,15,36,0,1,20,9,30,0,16,26,24,66,12,28,40,106
01/22/2017,ABI,TX,ASW,CE,Combined TRACON& Tower with Radar,0,19,12,3,34,0,0,12,2,14,0,19,24,5,48,8,6,14,62
01/23/2017,ABI,TX,ASW,CE,Combined TRACON& Tower with Radar,0,18,21,24,63,0,1,30,0,31,0,19,51,24,94,14,36,50,144
01/24/2017,ABI,TX,ASW,CE,Combined TRACON& Tower with Radar,0,21,23,36,80,0,6,20,2,28,0,27,43,38,108,2,248,250,358
01/25/2017,ABI,TX,ASW,CE,Combined TRACON& Tower with Radar,0,26,26,38,90,0,3,38,1,42,0,29,64,39,132,10,84,94,226
01/26/2017,ABI,TX,ASW,CE,Combined TRACON& Tower with Radar,0,24,31,29,84,0,1,48,1,50,0,25,79,30,134,18,42,60,194
01/27/2017,ABI,TX,ASW,CE,Combined TRACON& Tower with Radar,0,25,31,32,88,0,2,48,0,50,0,27,79,32,138,20,38,58,196
01/28/2017,ABI,TX,ASW,CE,Combined TRACON& Tower with Radar,0,23,12,5,40,0,1,42,0,43,0,24,54,5,83,72,12,84,167
01/29/2017,ABI,TX,ASW,CE,Combined TRACON& Tower with Radar,0,14,23,12,49,0,1,26,3,30,0,15,49,15,79,0,26,26,105
01/30/2017,ABI,TX,ASW,CE,Combined TRACON& Tower with Radar,2,20,17,7,46,0,6,29,0,35,2,26,46,7,81,0,10,10,91
01/31/2017,ABI,TX,ASW,CE,Combined TRACON& Tower with Radar,0,20,30,7,57,0,0,40,0,40,0,20,70,7,97,34,30,64,161
02/01/2017,ABI,TX,ASW,CE,Combined TRACON& Tower with Radar,0,25,23,19,67,0,1,38,0,39,0,26,61,19,106,18,58,76,182
02/02/2017,ABI,TX,ASW,CE,Combined TRACON& Tower with Radar,0,29,24,48,101,0,1,31,10,42,0,30,55,58,143,34,88,122,265
02/03/2017,ABI,TX,ASW,CE,Combined TRACON& Tower with Radar,3,28,27,32,90,0,1,10,1,12,3,29,37,33,102,2,26,28,130
02/04/2017,ABI,TX,ASW,CE,Combined TRACON& Tower with Radar,0,16,20,2,38,0,0,10,1,11,0,16,30,3,49,4,0,4,53
02/05/2017,ABI,TX,ASW,CE,Combined TRACON& Tower with Radar,1,14,7,2,24,0,0,6,3,9,1,14,13,5,33,12,0,12,45
02/06/2017,ABI,TX,ASW,CE,Combined TRACON& Tower with Radar,0,25,20,17,62,0,1,17,1,19,0,26,37,18,81,6,42,48,129
02/07/2017,ABI,TX,ASW,CE,Combined TRACON& Tower with Radar,0,22,16,5,43,0,1,32,5,38,0,23,48,10,81,28,60,88,169
02/08/2017,ABI,TX,ASW,CE,Combined TRACON& Tower with Radar,0,24,28,49,101,0,2,34,2,38,0,26,62,51,139,6,102,108,247
02/09/2017,ABI,TX,ASW,CE,Combined TRACON& Tower with Radar,0,26,29,31,86,0,1,39,1,41,0,27,68,32,127,2,46,48,175
02/10/2017,ABI,TX,ASW,CE,Combined TRACON& Tower with Radar,1,24,23,62,110,0,0,31,1,32,1,24,54,63,142,6,156,162,304
02/11/2017,ABI,TX,ASW,CE,Combined TRACON& Tower with Radar,0,16,24,0,40,0,2,29,5,36,0,18,53,5,76,0,0,0,76
02/12/2017,ABI,TX,ASW,CE,Combined TRACON& Tower with Radar,0,19,12,2,33,0,1,9,0,10,0,20,21,2,43,0,12,12,55
02/13/2017,ABI,TX,ASW,CE,Combined TRACON& Tower with Radar,0,20,14,10,44,0,0,9,0,9,0,20,23,10,53,0,24,24,77
02/14/2017,ABI,TX,ASW,CE,Combined TRACON& Tower with Radar,0,23,12,22,57,0,0,0,0,0,0,23,12,22,57,0,18,18,75
02/15/2017,ABI,TX,ASW,CE,Combined TRACON& Tower with Radar,1,22,31,50,104,0,0,28,1,29,1,22,59,51,133,14,70,84,217
02/16/2017,ABI,TX,ASW,CE,Combined TRACON& Tower with Radar,0,26,22,26,74,0,1,36,3,40,0,27,58,29,114,34,14,48,162
02/17/2017,ABI,TX,ASW,CE,Combined TRACON& Tower with Radar,0,25,40,0,65,0,0,47,0,47,0,25,87,0,112,2,6,8,120
02/18/2017,ABI,TX,ASW,CE,Combined TRACON& Tower with Radar,1,23,24,0,48,0,0,54,0,54,1,23,78,0,102,32,0,32,134
02/19/2017,ABI,TX,ASW,CE,Combined TRACON& Tower with Radar,5,12,18,0,35,0,0,3,0,3,5,12,21,0,38,0,0,0,38
02/20/2017,ABI,TX,ASW,CE,Combined TRACON& Tower with Radar,0,16,33,0,49,0,4,27,0,31,0,20,60,0,80,22,0,22,102
02/21/2017,ABI,TX,ASW,CE,Combined TRACON& Tower with Radar,0,24,23,32,79,0,4,32,5,41,0,28,55,37,120,22,36,58,178
02/22/2017,ABI,TX,ASW,CE,Combined TRACON& Tower with Radar,0,27,30,23,80,0,2,54,2,58,0,29,84,25,138,12,40,52,190
02/23/2017,ABI,TX,ASW,CE,Combined TRACON& Tower with Radar,2,22,33,23,80,0,8,30,2,40,2,30,63,25,120,6,18,24,144
02/24/2017,ABI,TX,ASW,CE,Combined TRACON& Tower with Radar,2,23,37,41,103,0,0,56,9,65,2,23,93,50,168,20,70,90,258
02/25/2017,ABI,TX,ASW,CE,Combined TRACON& Tower with Radar,0,15,12,0,27,0,1,45,2,48,0,16,57,2,75,56,0,56,131
02/26/2017,ABI,TX,ASW,CE,Combined TRACON& Tower with Radar,0,15,19,1,35,0,0,16,3,19,0,15,35,4,54,18,0,18,72
02/27/2017,ABI,TX,ASW,CE,Combined TRACON& Tower with Radar,0,15,23,20,58,0,0,11,1,12,0,15,34,21,70,6,4,10,80
02/28/2017,ABI,TX,ASW,CE,Combined TRACON& Tower with Radar,0,30,22,49,101,0,0,18,0,18,0,30,40,49,119,10,86,96,215
03/01/2017,ABI,TX,ASW,CE,Combined TRACON& Tower with Radar,1,27,41,30,99,0,2,24,0,26,1,29,65,30,125,6,72,78,203
03/02/2017,ABI,TX,ASW,CE,Combined TRACON& Tower with Radar,3,29,25,38,95,0,0,37,1,38,3,29,62,39,133,50,126,176,309
03/03/2017,ABI,TX,ASW,CE,Combined TRACON& Tower with Radar,0,31,24,19,74,0,1,56,0,57,0,32,80,19,131,2,8,10,141
03/04/2017,ABI,TX,ASW,CE,Combined TRACON& Tower with Radar,0,19,27,4,50,0,0,1,0,1,0,19,28,4,51,6,4,10,61
03/05/2017,ABI,TX,ASW,CE,Combined TRACON& Tower with Radar,2,18,17,7,44,0,0,6,0,6,2,18,23,7,50,44,40,84,134
03/06/2017,ABI,TX,ASW,CE,Combined TRACON& Tower with Radar,0,23,23,31,77,0,2,16,2,20,0,25,39,33,97,4,46,50,147
03/07/2017,ABI,TX,ASW,CE,Combined TRACON& Tower with Radar,0,20,23,79,122,0,2,31,4,37,0,22,54,83,159,22,348,370,529
03/08/2017,ABI,TX,ASW,CE,Combined TRACON& Tower with Radar,0,20,31,15,66,0,1,43,1,45,0,21,74,16,111,2,32,34,145
03/09/2017,ABI,TX,ASW,CE,Combined TRACON& Tower with Radar,0,24,27,7,58,0,1,12,0,13,0,25,39,7,71,32,16,48,119
03/10/2017,ABI,TX,ASW,CE,Combined TRACON& Tower with Radar,0,28,33,49,110,0,2,4,0,6,0,30,37,49,116,2,86,88,204
03/11/2017,ABI,TX,ASW,CE,Combined TRACON& Tower with Radar,0,15,13,1,29,0,0,11,0,11,0,15,24,1,40,6,0,6,46
03/12/2017,ABI,TX,ASW,CE,Combined TRACON& Tower with Radar,0,17,19,2,38,0,0,7,0,7,0,17,26,2,45,10,0,10,55
03/13/2017,ABI,TX,ASW,CE,Combined TRACON& Tower with Radar,1,17,28,19,65,0,0,32,2,34,1,17,60,21,99,12,52,64,163
03/14/2017,ABI,TX,ASW,CE,Combined TRACON& Tower with Radar,0,26,26,31,83,0,1,35,0,36,0,27,61,31,119,2,44,46,165
03/15/2017,ABI,TX,ASW,CE,Combined TRACON& Tower with Radar,0,21,26,20,67,0,0,33,2,35,0,21,59,22,102,14,64,78,180
03/16/2017,ABI,TX,ASW,CE,Combined TRACON& Tower with Radar,1,22,40,31,94,0,0,16,1,17,1,22,56,32,111,0,102,102,213
03/17/2017,ABI,TX,ASW,CE,Combined TRACON& Tower with Radar,1,22,19,7,49,0,1,25,3,29,1,23,44,10,78,2,22,24,102
03/18/2017,ABI,TX,ASW,CE,Combined TRACON& Tower with Radar,0,18,20,2,40,0,0,21,0,21,0,18,41,2,61,8,6,14,75
03/19/2017,ABI,TX,ASW,CE,Combined TRACON& Tower with Radar,3,20,6,0,29,0,0,24,0,24,3,20,30,0,53,2,0,2,55
03/20/2017,ABI,TX,ASW,CE,Combined TRACON& Tower with Radar,0,22,21,20,63,0,0,25,0,25,0,22,46,20,88,14,20,34,122
03/21/2017,ABI,TX,ASW,CE,Combined TRACON& Tower with Radar,0,38,10,45,93,0,7,21,2,30,0,45,31,47,123,28,179,207,330
03/22/2017,ABI,TX,ASW,CE,Combined TRACON& Tower with Radar,1,24,18,19,62,0,0,27,0,27,1,24,45,19,89,10,24,34,123
03/23/2017,ABI,TX,ASW,CE,Combined TRACON& Tower with Radar,3,25,11,30,69,0,0,10,4,14,3,25,21,34,83,0,42,42,125
03/24/2017,ABI,TX,ASW,CE,Combined TRACON& Tower with Radar,1,25,12,15,53,1,0,12,1,14,2,25,24,16,67,0,4,4,71
03/25/2017,ABI,TX,ASW,CE,Combined TRACON& Tower with Radar,1,16,20,0,37,0,0,44,0,44,1,16,64,0,81,30,0,30,111
03/26/2017,ABI,TX,ASW,CE,Combined TRACON& Tower with Radar,6,18,14,4,42,0,0,13,0,13,6,18,27,4,55,2,4,6,61
03/27/2017,ABI,TX,ASW,CE,Combined TRACON& Tower with Radar,0,24,26,24,74,0,4,35,1,40,0,28,61,25,114,32,42,74,188
03/28/2017,ABI,TX,ASW,CE,Combined TRACON& Tower with Radar,1,20,28,12,61,0,0,0,0,0,1,20,28,12,61,2,6,8,69
03/29/2017,ABI,TX,ASW,CE,Combined TRACON& Tower with Radar,1,39,15,8,63,0,0,7,0,7,1,39,22,8,70,0,28,28,98
03/30/2017,ABI,TX,ASW,CE,Combined TRACON& Tower with Radar,3,23,23,14,63,0,1,38,0,39,3,24,61,14,102,22,26,48,150
03/31/2017,ABI,TX,ASW,CE,Combined TRACON& Tower with Radar,1,19,35,14,69,0,1,22,0,23,1,20,57,14,92,14,34,48,140
04/01/2017,ABI,TX,ASW,CE,Combined TRACON& Tower with Radar,1,14,21,0,36,0,0,4,1,5,1,14,25,1,41,20,0,20,61
04/02/2017,ABI,TX,ASW,CE,Combined TRACON& Tower with Radar,1,17,8,0,26,0,0,0,0,0,1,17,8,0,26,0,0,0,26
04/03/2017,ABI,TX,ASW,CE,Combined TRACON& Tower with Radar,0,24,22,8,54,0,3,24,1,28,0,27,46,9,82,0,0,0,82
04/04/2017,ABI,TX,ASW,CE,Combined TRACON& Tower with Radar,0,21,20,12,53,0,1,18,0,19,0,22,38,12,72,0,0,0,72
04/05/2017,ABI,TX,ASW,CE,Combined TRACON& Tower with Radar,0,27,19,26,72,0,0,28,1,29,0,27,47,27,101,0,92,92,193
04/06/2017,ABI,TX,ASW,CE,Combined TRACON& Tower with Radar,0,22,24,31,77,0,2,58,5,65,0,24,82,36,142,58,100,158,300
04/07/2017,ABI,TX,ASW,CE,Combined TRACON& Tower with Radar,2,20,22,0,44,0,3,34,2,39,2,23,56,2,83,12,10,22,105
04/08/2017,ABI,TX,ASW,CE,Combined TRACON& Tower with Radar,0,15,15,0,30,0,1,21,0,22,0,16,36,0,52,10,0,10,62
04/09/2017,ABI,TX,ASW,CE,Combined TRACON& Tower with Radar,0,15,22,0,37,0,0,13,0,13,0,15,35,0,50,6,0,6,56
04/10/2017,ABI,TX,ASW,CE,Combined TRACON& Tower with Radar,6,12,12,26,56,0,0,16,1,17,6,12,28,27,73,18,32,50,123
04/11/2017,ABI,TX,ASW,CE,Combined TRACON& Tower with Radar,0,26,21,59,106,0,0,20,3,23,0,26,41,62,129,6,72,78,207
04/12/2017,ABI,TX,ASW,CE,Combined TRACON& Tower with Radar,0,27,34,55,116,0,0,7,0,7,0,27,41,55,123,4,124,128,251
04/13/2017,ABI,TX,ASW,CE,Combined TRACON& Tower with Radar,0,23,18,18,59,0,0,12,1,13,0,23,30,19,72,8,222,230,302
04/14/2017,ABI,TX,ASW,CE,Combined TRACON& Tower with Radar,1,26,21,6,54,0,0,12,0,12,1,26,33,6,66,16,8,24,90
04/15/2017,ABI,TX,ASW,CE,Combined TRACON& Tower with Radar,0,17,13,0,30,0,0,11,0,11,0,17,24,0,41,0,0,0,41
04/16/2017,ABI,TX,ASW,CE,Combined TRACON& Tower with Radar,0,19,6,0,25,0,3,5,0,8,0,22,11,0,33,0,0,0,33
04/17/2017,ABI,TX,ASW,CE,Combined TRACON& Tower with Radar,20,14,24,16,74,0,0,4,0,4,20,14,28,16,78,0,16,16,94
04/18/2017,ABI,TX,ASW,CE,Combined TRACON& Tower with Radar,0,38,26,12,76,0,5,18,10,33,0,43,44,22,109,44,56,100,209
04/19/2017,ABI,TX,ASW,CE,Combined TRACON& Tower with Radar,1,23,40,9,73,0,0,24,0,24,1,23,64,9,97,6,22,28,125
04/20/2017,ABI,TX,ASW,CE,Combined TRACON& Tower with Radar,0,30,43,13,86,0,5,23,9,37,0,35,66,22,123,18,68,86,209
04/21/2017,ABI,TX,ASW,CE,Combined TRACON& Tower with Radar,0,22,28,4,54,0,0,14,2,16,0,22,42,6,70,34,4,38,108
04/22/2017,ABI,TX,ASW,CE,Combined TRACON& Tower with Radar,0,22,17,0,39,0,0,4,0,4,0,22,21,0,43,16,0,16,59
04/23/2017,ABI,TX,ASW,CE,Combined TRACON& Tower with Radar,2,16,25,0,43,0,0,47,0,47,2,16,72,0,90,18,0,18,108
04/24/2017,ABI,TX,ASW,CE,Combined TRACON& Tower with Radar,0,15,21,7,43,0,0,20,0,20,0,15,41,7,63,2,28,30,93
04/25/2017,ABI,TX,ASW,CE,Combined TRACON& Tower with Radar,0,21,32,19,72,0,1,15,1,17,0,22,47,20,89,12,44,56,145
04/26/2017,ABI,TX,ASW,CE,Combined TRACON& Tower with Radar,4,39,39,54,136,0,0,19,0,19,4,39,58,54,155,42,72,114,269
04/27/2017,ABI,TX,ASW,CE,Combined TRACON& Tower with Radar,2,22,35,13,72,0,3,32,1,36,2,25,67,14,108,26,24,50,158
04/28/2017,ABI,TX,ASW,CE,Combined TRACON& Tower with Radar,1,20,38,20,79,0,5,22,2,29,1,25,60,22,108,6,32,38,146
04/29/2017,ABI,TX,ASW,CE,Combined TRACON& Tower with Radar,1,14,17,62,94,0,0,2,1,3,1,14,19,63,97,0,50,50,147
04/30/2017,ABI,TX,ASW,CE,Combined TRACON& Tower with Radar,0,13,11,1,25,0,1,8,1,10,0,14,19,2,35,2,0,2,37
05/01/2017,ABI,TX,ASW,CE,Combined TRACON& Tower with Radar,0,18,21,33,72,0,0,35,0,35,0,18,56,33,107,0,32,32,139
05/02/2017,ABI,TX,ASW,CE,Combined TRACON& Tower with Radar,3,22,22,20,67,0,2,30,2,34,3,24,52,22,101,28,96,124,225
05/03/2017,ABI,TX,ASW,CE,Combined TRACON& Tower with Radar,1,26,14,33,74,0,2,14,1,17,1,28,28,34,91,4,48,52,143
05/04/2017,ABI,TX,ASW,CE,Combined TRACON& Tower with Radar,0,23,25,29,77,0,6,32,0,38,0,29,57,29,115,18,54,72,187
05/05/2017,ABI,TX,ASW,CE,Combined TRACON& Tower with Radar,2,21,30,9,62,0,2,73,4,79,2,23,103,13,141,22,26,48,189
05/06/2017,ABI,TX,ASW,CE,Combined TRACON& Tower with Radar,2,20,9,3,34,0,1,37,4,42,2,21,46,7,76,14,0,14,90
05/07/2017,ABI,TX,ASW,CE,Combined TRACON& Tower with Radar,0,9,18,1,28,0,0,16,0,16,0,9,34,1,44,50,12,62,106
05/08/2017,ABI,TX,ASW,CE,Combined TRACON& Tower with Radar,2,17,19,15,53,0,3,14,3,20,2,20,33,18,73,34,16,50,123
05/09/2017,ABI,TX,ASW,CE,Combined TRACON& Tower with Radar,0,28,19,44,91,0,1,12,0,13,0,29,31,44,104,52,32,84,188
05/10/2017,ABI,TX,ASW,CE,Combined TRACON& Tower with Radar,0,24,12,17,53,0,0,4,0,4,0,24,16,17,57,30,38,68,125
05/11/2017,ABI,TX,ASW,CE,Combined TRACON& Tower with Radar,0,21,18,44,83,0,2,28,1,31,0,23,46,45,114,26,58,84,198
05/12/2017,ABI,TX,ASW,CE,Combined TRACON& Tower with Radar,2,22,32,38,94,0,0,39,1,40,2,22,71,39,134,12,44,56,190
05/13/2017,ABI,TX,ASW,CE,Combined TRACON& Tower with Radar,0,17,14,0,31,0,0,53,0,53,0,17,67,0,84,64,0,64,148
05/14/2017,ABI,TX,ASW,CE,Combined TRACON& Tower with Radar,2,16,7,2,27,0,0,26,0,26,2,16,33,2,53,0,2,2,55
05/15/2017,ABI,TX,ASW,CE,Combined TRACON& Tower with Radar,0,16,6,36,58,0,0,20,1,21,0,16,26,37,79,16,36,52,131
05/16/2017,ABI,TX,ASW,CE,Combined TRACON& Tower with Radar,0,21,30,10,61,0,0,5,0,5,0,21,35,10,66,0,0,0,66
05/17/2017,ABI,TX,ASW,CE,Combined TRACON& Tower with Radar,0,24,26,24,74,0,1,36,3,40,0,25,62,27,114,30,26,56,170
05/18/2017,ABI,TX,ASW,CE,Combined TRACON& Tower with Radar,2,22,22,14,60,0,0,8,6,14,2,22,30,20,74,0,32,32,106
05/19/2017,ABI,TX,ASW,CE,Combined TRACON& Tower with Radar,1,27,20,2,50,0,0,2,0,2,1,27,22,2,52,0,0,0,52
05/20/2017,ABI,TX,ASW,CE,Combined TRACON& Tower with Radar,0,18,18,1,37,0,2,34,1,37,0,20,52,2,74,50,0,50,124
05/21/2017,ABI,TX,ASW,CE,Combined TRACON& Tower with Radar,0,19,11,0,30,0,0,17,6,23,0,19,28,6,53,48,12,60,113
05/22/2017,ABI,TX,ASW,CE,Combined TRACON& Tower with Radar,0,15,29,8,52,0,3,7,0,10,0,18,36,8,62,18,8,26,88
05/23/2017,ABI,TX,ASW,CE,Combined TRACON& Tower with Radar,0,24,18,8,50,0,0,8,0,8,0,24,26,8,58,24,6,30,88
05/24/2017,ABI,TX,ASW,CE,Combined TRACON& Tower with Radar,0,21,23,45,89,0,1,36,0,37,0,22,59,45,126,90,78,168,294
05/25/2017,ABI,TX,ASW,CE,Combined TRACON& Tower with Radar,0,21,14,38,73,0,1,32,2,35,0,22,46,40,108,30,42,72,180
05/26/2017,ABI,TX,ASW,CE,Combined TRACON& Tower with Radar,0,29,29,0,58,0,1,22,0,23,0,30,51,0,81,36,2,38,119
05/27/2017,ABI,TX,ASW,CE,Combined TRACON& Tower with Radar,0,14,10,0,24,0,0,21,0,21,0,14,31,0,45,0,0,0,45
05/28/2017,ABI,TX,ASW,CE,Combined TRACON& Tower with Radar,0,12,6,0,18,0,2,6,0,8,0,14,12,0,26,0,0,0,26
05/29/2017,ABI,TX,ASW,CE,Combined TRACON& Tower with Radar,0,12,13,0,25,0,0,15,0,15,0,12,28,0,40,32,0,32,72
05/30/2017,ABI,TX,ASW,CE,Combined TRACON& Tower with Radar,0,22,23,32,77,0,1,32,2,35,0,23,55,34,112,52,112,164,276
05/31/2017,ABI,TX,ASW,CE,Combined TRACON& Tower with Radar,0,34,25,26,85,0,0,24,0,24,0,34,49,26,109,32,32,64,173
06/01/2017,ABI,TX,ASW,CE,Combined TRACON& Tower with Radar,4,25,27,6,62,0,3,3,0,6,4,28,30,6,68,10,0,10,78
06/02/2017,ABI,TX,ASW,CE,Combined TRACON& Tower with Radar,2,19,16,2,39,0,0,8,0,8,2,19,24,2,47,24,12,36,83
06/03/2017,ABI,TX,ASW,CE,Combined TRACON& Tower with Radar,0,18,20,41,79,0,1,8,0,9,0,19,28,41,88,10,56,66,154
06/04/2017,ABI,TX,ASW,CE,Combined TRACON& Tower with Radar,7,18,17,16,58,0,2,12,8,22,7,20,29,24,80,0,22,22,102
06/05/2017,ABI,TX,ASW,CE,Combined TRACON& Tower with Radar,0,18,25,12,55,0,0,15,0,15,0,18,40,12,70,54,2,56,126
06/06/2017,ABI,TX,ASW,CE,Combined TRACON& Tower with Radar,1,27,26,40,94,0,1,42,0,43,1,28,68,40,137,36,52,88,225
06/07/2017,ABI,TX,ASW,CE,Combined TRACON& Tower with Radar,0,22,15,53,90,0,0,38,4,42,0,22,53,57,132,68,78,146,278
06/08/2017,ABI,TX,ASW,CE,Combined TRACON& Tower with Radar,0,31,8,19,58,0,0,27,1,28,0,31,35,20,86,44,28,72,158
06/09/2017,ABI,TX,ASW,CE,Combined TRACON& Tower with Radar,1,26,21,12,60,0,1,30,0,31,1,27,51,12,91,72,16,88,179
06/10/2017,ABI,TX,ASW,CE,Combined TRACON& Tower with Radar,0,22,12,0,34,0,2,224,0,226,0,24,236,0,260,216,0,216,476
06/11/2017,ABI,TX,ASW,CE,Combined TRACON& Tower with Radar,0,19,16,14,49,0,1,23,0,24,0,20,39,14,73,16,18,34,107
06/12/2017,ABI,TX,ASW,CE,Combined TRACON& Tower with Radar,0,22,15,23,60,0,3,28,1,32,0,25,43,24,92,10,24,34,126
06/13/2017,ABI,TX,ASW,CE,Combined TRACON& Tower with Radar,2,29,33,19,83,0,0,27,1,28,2,29,60,20,111,0,18,18,129
06/14/2017,ABI,TX,ASW,CE,Combined TRACON& Tower with Radar,1,27,19,33,80,0,1,21,3,25,1,28,40,36,105,38,18,56,161
06/15/2017,ABI,TX,ASW,CE,Combined TRACON& Tower with Radar,0,23,24,10,57,0,0,22,4,26,0,23,46,14,83,66,18,84,167
06/16/2017,ABI,TX,ASW,CE,Combined TRACON& Tower with Radar,0,29,23,6,58,0,2,37,0,39,0,31,60,6,97,28,14,42,139
06/17/2017,ABI,TX,ASW,CE,Combined TRACON& Tower with Radar,0,16,4,0,20,0,0,36,0,36,0,16,40,0,56,12,0,12,68
06/18/2017,ABI,TX,ASW,CE,Combined TRACON& Tower with Radar,2,18,6,8,34,0,0,18,14,32,2,18,24,22,66,0,0,0,66
06/19/2017,ABI,TX,ASW,CE,Combined TRACON& Tower with Radar,2,20,29,4,55,0,2,11,0,13,2,22,40,4,68,0,6,6,74
06/20/2017,ABI,TX,ASW,CE,Combined TRACON& Tower with Radar,0,24,15,11,50,0,2,32,0,34,0,26,47,11,84,40,16,56,140
06/21/2017,ABI,TX,ASW,CE,Combined TRACON& Tower with Radar,0,22,35,45,102,0,2,43,0,45,0,24,78,45,147,0,0,0,147
06/22/2017,ABI,TX,ASW,CE,Combined TRACON& Tower with Radar,2,24,22,29,77,0,5,24,0,29,2,29,46,29,106,62,38,100,206
06/23/2017,ABI,TX,ASW,CE,Combined TRACON& Tower with Radar,0,20,25,27,72,0,1,20,0,21,0,21,45,27,93,14,56,70,163
06/24/2017,ABI,TX,ASW,CE,Combined TRACON& Tower with Radar,0,15,9,10,34,0,0,3,0,3,0,15,12,10,37,42,10,52,89
06/25/2017,ABI,TX,ASW,CE,Combined TRACON& Tower with Radar,0,14,5,12,31,0,0,13,0,13,0,14,18,12,44,6,28,34,78
06/26/2017,ABI,TX,ASW,CE,Combined TRACON& Tower with Radar,0,18,22,39,79,0,0,2,0,2,0,18,24,39,81,2,18,20,101
06/27/2017,ABI,TX,ASW,CE,Combined TRACON& Tower with Radar,0,22,31,27,80,0,1,28,0,29,0,23,59,27,109,20,161,181,290
06/28/2017,ABI,TX,ASW,CE,Combined TRACON& Tower with Radar,0,20,27,21,68,0,0,28,0,28,0,20,55,21,96,26,30,56,152
06/29/2017,ABI,TX,ASW,CE,Combined TRACON& Tower with Radar,0,24,16,41,81,0,2,25,1,28,0,26,41,42,109,26,66,92,201
06/30/2017,ABI,TX,ASW,CE,Combined TRACON& Tower with Radar,1,27,31,25,84,0,7,47,0,54,1,34,78,25,138,18,38,56,194
07/01/2017,ABI,TX,ASW,CE,Combined TRACON& Tower with Radar,0,22,6,2,30,0,0,30,0,30,0,22,36,2,60,46,0,46,106
07/02/2017,ABI,TX,ASW,CE,Combined TRACON& Tower with Radar,0,12,9,0,21,0,0,7,0,7,0,12,16,0,28,2,0,2,30
07/03/2017,ABI,TX,ASW,CE,Combined TRACON& Tower with Radar,0,17,7,0,24,0,0,23,20,43,0,17,30,20,67,0,0,0,67
07/04/2017,ABI,TX,ASW,CE,Combined TRACON& Tower with Radar,1,12,11,0,24,0,0,40,0,40,1,12,51,0,64,18,0,18,82
07/05/2017,ABI,TX,ASW,CE,Combined TRACON& Tower with Radar,8,21,18,26,73,0,1,14,1,16,8,22,32,27,89,18,40,58,147
07/06/2017,ABI,TX,ASW,CE,Combined TRACON& Tower with Radar,6,24,19,43,92,0,1,21,1,23,6,25,40,44,115,10,50,60,175
07/07/2017,ABI,TX,ASW,CE,Combined TRACON& Tower with Radar,0,23,19,30,72,0,2,32,6,40,0,25,51,36,112,60,108,168,280
07/08/2017,ABI,TX,ASW,CE,Combined TRACON& Tower with Radar,4,18,17,8,47,0,1,36,11,48,4,19,53,19,95,28,32,60,155
07/09/2017,ABI,TX,ASW,CE,Combined TRACON& Tower with Radar,6,15,9,0,30,0,0,15,0,15,6,15,24,0,45,10,0,10,55
07/10/2017,ABI,TX,ASW,CE,Combined TRACON& Tower with Radar,0,18,20,38,76,0,2,37,2,41,0,20,57,40,117,16,30,46,163
07/11/2017,ABI,TX,ASW,CE,Combined TRACON& Tower with Radar,0,25,24,12,61,0,0,29,2,31,0,25,53,14,92,8,44,52,144
07/12/2017,ABI,TX,ASW,CE,Combined TRACON& Tower with Radar,0,21,21,18,60,0,1,40,0,41,0,22,61,18,101,10,34,44,145
07/13/2017,ABI,TX,ASW,CE,Combined TRACON& Tower with Radar,0,21,33,36,90,0,1,35,5,41,0,22,68,41,131,12,48,60,191
07/14/2017,ABI,TX,ASW,CE,Combined TRACON& Tower with Radar,2,25,38,1,66,0,3,35,2,40,2,28,73,3,106,66,32,98,204
07/15/2017,ABI,TX,ASW,CE,Combined TRACON& Tower with Radar,0,18,8,4,30,0,0,19,0,19,0,18,27,4,49,18,0,18,67
07/16/2017,ABI,TX,ASW,CE,Combined TRACON& Tower with Radar,0,14,18,0,32,0,0,21,0,21,0,14,39,0,53,50,0,50,103
07/17/2017,ABI,TX,ASW,CE,Combined TRACON& Tower with Radar,0,16,15,24,55,0,0,21,1,22,0,16,36,25,77,4,32,36,113
07/18/2017,ABI,TX,ASW,CE,Combined TRACON& Tower with Radar,0,30,20,36,86,0,3,32,1,36,0,33,52,37,122,2,42,44,166
07/19/2017,ABI,TX,ASW,CE,Combined TRACON& Tower with Radar,2,21,30,35,88,0,3,44,3,50,2,24,74,38,138,36,44,80,218
07/20/2017,ABI,TX,ASW,CE,Combined TRACON& Tower with Radar,1,21,26,19,67,0,1,48,1,50,1,22,74,20,117,102,12,114,231
07/21/2017,ABI,TX,ASW,CE,Combined TRACON& Tower with Radar,0,21,29,3,53,0,4,40,3,47,0,25,69,6,100,28,42,70,170
07/22/2017,ABI,TX,ASW,CE,Combined TRACON& Tower with Radar,1,16,9,1,27,0,0,23,0,23,1,16,32,1,50,0,0,0,50
07/23/2017,ABI,TX,ASW,CE,Combined TRACON& Tower with Radar,4,19,7,3,33,0,1,21,0,22,4,20,28,3,55,6,2,8,63
07/24/2017,ABI,TX,ASW,CE,Combined TRACON& Tower with Radar,2,21,15,4,42,0,0,31,0,31,2,21,46,4,73,44,10,54,127
07/25/2017,ABI,TX,ASW,CE,Combined TRACON& Tower with Radar,0,23,15,3,41,0,3,20,1,24,0,26,35,4,65,0,0,0,65
07/26/2017,ABI,TX,ASW,CE,Combined TRACON& Tower with Radar,0,25,25,5,55,0,1,29,1,31,0,26,54,6,86,48,6,54,140
07/27/2017,ABI,TX,ASW,CE,Combined TRACON& Tower with Radar,2,21,24,20,67,0,1,45,6,52,2,22,69,26,119,82,54,136,255
07/28/2017,ABI,TX,ASW,CE,Combined TRACON& Tower with Radar,0,21,25,8,54,0,3,42,8,53,0,24,67,16,107,32,22,54,161
07/29/2017,ABI,TX,ASW,CE,Combined TRACON& Tower with Radar,0,18,15,3,36,0,2,33,13,48,0,20,48,16,84,42,4,46,130
07/30/2017,ABI,TX,ASW,CE,Combined TRACON& Tower with Radar,0,15,15,8,38,0,4,35,0,39,0,19,50,8,77,64,6,70,147
07/31/2017,ABI,TX,ASW,CE,Combined TRACON& Tower with Radar,0,21,29,23,73,0,3,31,0,34,0,24,60,23,107,24,28,52,159
08/01/2017,ABI,TX,ASW,CE,Combined TRACON& Tower with Radar,0,23,26,2,51,0,0,9,0,9,0,23,35,2,60,8,6,14,74
08/02/2017,ABI,TX,ASW,CE,Combined TRACON& Tower with Radar,0,27,33,67,127,0,0,7,2,9,0,27,40,69,136,32,104,136,272
08/03/2017,ABI,TX,ASW,CE,Combined TRACON& Tower with Radar,0,30,46,57,133,0,1,41,1,43,0,31,87,58,176,58,108,166,342
08/04/2017,ABI,TX,ASW,CE,Combined TRACON& Tower with Radar,0,32,20,34,86,0,0,25,1,26,0,32,45,35,112,84,44,128,240
08/05/2017,ABI,TX,ASW,CE,Combined TRACON& Tower with Radar,0,19,4,9,32,0,2,37,2,41,0,21,41,11,73,28,18,46,119
08/06/2017,ABI,TX,ASW,CE,Combined TRACON& Tower with Radar,0,13,19,8,40,0,2,13,0,15,0,15,32,8,55,4,8,12,67
08/07/2017,ABI,TX,ASW,CE,Combined TRACON& Tower with Radar,2,19,22,14,57,0,0,7,0,7,2,19,29,14,64,16,2,18,82
08/08/2017,ABI,TX,ASW,CE,Combined TRACON& Tower with Radar,0,29,20,29,78,0,1,8,1,10,0,30,28,30,88,10,34,44,132
08/09/2017,ABI,TX,ASW,CE,Combined TRACON& Tower with Radar,0,25,41,57,123,0,1,43,3,47,0,26,84,60,170,24,128,152,322
08/10/2017,ABI,TX,ASW,CE,Combined TRACON& Tower with Radar,0,26,21,31,78,0,6,45,0,51,0,32,66,31,129,76,32,108,237
08/11/2017,ABI,TX,ASW,CE,Combined TRACON& Tower with Radar,0,27,20,29,76,0,0,47,5,52,0,27,67,34,128,32,44,76,204
08/12/2017,ABI,TX,ASW,CE,Combined TRACON& Tower with Radar,2,14,15,0,31,0,0,20,0,20,2,14,35,0,51,0,0,0,51
08/13/2017,ABI,TX,ASW,CE,Combined TRACON& Tower with Radar,0,18,10,30,58,0,1,10,0,11,0,19,20,30,69,0,28,28,97
08/14/2017,ABI,TX,ASW,CE,Combined TRACON& Tower with Radar,0,19,12,0,31,0,0,19,0,19,0,19,31,0,50,10,0,10,60
08/15/2017,ABI,TX,ASW,CE,Combined TRACON& Tower with Radar,0,26,14,12,52,0,0,16,0,16,0,26,30,12,68,24,24,48,116
08/16/2017,ABI,TX,ASW,CE,Combined TRACON& Tower with Radar,0,28,26,28,82,0,0,33,0,33,0,28,59,28,115,20,79,99,214
08/17/2017,ABI,TX,ASW,CE,Combined TRACON& Tower with Radar,0,24,22,2,48,0,0,23,0,23,0,24,45,2,71,2,0,2,73
08/18/2017,ABI,TX,ASW,CE,Combined TRACON& Tower with Radar,4,19,9,21,53,0,1,31,0,32,4,20,40,21,85,16,24,40,125
08/19/2017,ABI,TX,ASW,CE,Combined TRACON& Tower with Radar,0,20,12,1,33,0,0,27,0,27,0,20,39,1,60,34,0,34,94
08/20/2017,ABI,TX,ASW,CE,Combined TRACON& Tower with Radar,2,12,11,12,37,0,3,19,1,23,2,15,30,13,60,30,8,38,98
08/21/2017,ABI,TX,ASW,CE,Combined TRACON& Tower with Radar,0,22,30,17,69,0,0,35,1,36,0,22,65,18,105,36,16,52,157
08/22/2017,ABI,TX,ASW,CE,Combined TRACON& Tower with Radar,0,23,25,7,55,0,2,31,1,34,0,25,56,8,89,28,10,38,127
08/23/2017,ABI,TX,ASW,CE,Combined TRACON& Tower with Radar,2,27,16,17,62,0,0,3,0,3,2,27,19,17,65,4,16,20,85
08/24/2017,ABI,TX,ASW,CE,Combined TRACON& Tower with Radar,2,29,26,6,63,0,0,24,2,26,2,29,50,8,89,22,6,28,117
08/25/2017,ABI,TX,ASW,CE,Combined TRACON& Tower with Radar,0,24,21,4,49,0,0,4,0,4,0,24,25,4,53,0,6,6,59
08/26/2017,ABI,TX,ASW,CE,Combined TRACON& Tower with Radar,4,16,13,21,54,0,0,4,0,4,4,16,17,21,58,0,20,20,78
08/27/2017,ABI,TX,ASW,CE,Combined TRACON& Tower with Radar,13,14,18,3,48,0,2,16,1,19,13,16,34,4,67,28,0,28,95
08/28/2017,ABI,TX,ASW,CE,Combined TRACON& Tower with Radar,0,19,25,14,58,0,0,29,1,30,0,19,54,15,88,22,8,30,118
08/29/2017,ABI,TX,ASW,CE,Combined TRACON& Tower with Radar,2,23,20,30,75,0,1,86,55,142,2,24,106,85,217,0,0,0,217
08/30/2017,ABI,TX,ASW,CE,Combined TRACON& Tower with Radar,0,27,25,24,76,0,2,45,2,49,0,29,70,26,125,19,141,160,285
08/31/2017,ABI,TX,ASW,CE,Combined TRACON& Tower with Radar,0,29,23,29,81,0,1,44,2,47,0,30,67,31,128,40,86,126,254
09/01/2017,ABI,TX,ASW,CE,Combined TRACON& Tower with Radar,0,23,32,0,55,0,1,29,0,30,0,24,61,0,85,60,0,60,145
09/02/2017,ABI,TX,ASW,CE,Combined TRACON& Tower with Radar,1,15,15,0,31,0,0,17,0,17,1,15,32,0,48,24,0,24,72
09/03/2017,ABI,TX,ASW,CE,Combined TRACON& Tower with Radar,0,13,18,0,31,0,0,16,0,16,0,13,34,0,47,2,0,2,49
09/04/2017,ABI,TX,ASW,CE,Combined TRACON& Tower with Radar,0,12,17,0,29,0,2,42,0,44,0,14,59,0,73,28,0,28,101
09/05/2017,ABI,TX,ASW,CE,Combined TRACON& Tower with Radar,0,16,21,44,81,0,0,152,116,268,0,16,173,160,349,0,0,0,349
09/06/2017,ABI,TX,ASW,CE,Combined TRACON& Tower with Radar,0,28,26,35,89,0,1,46,4,51,0,29,72,39,140,26,60,86,226
09/07/2017,ABI,TX,ASW,CE,Combined TRACON& Tower with Radar,0,25,10,39,74,0,1,33,5,39,0,26,43,44,113,58,60,118,231
09/08/2017,ABI,TX,ASW,CE,Combined TRACON& Tower with Radar,2,21,25,11,59,0,2,50,3,55,2,23,75,14,114,56,14,70,184
09/09/2017,ABI,TX,ASW,CE,Combined TRACON& Tower with Radar,1,18,16,0,35,0,2,38,0,40,1,20,54,0,75,44,0,44,119
09/10/2017,ABI,TX,ASW,CE,Combined TRACON& Tower with Radar,1,14,13,10,38,0,0,25,2,27,1,14,38,12,65,26,20,46,111
09/11/2017,ABI,TX,ASW,CE,Combined TRACON& Tower with Radar,0,18,19,14,51,0,2,20,1,23,0,20,39,15,74,42,8,50,124
09/12/2017,ABI,TX,ASW,CE,Combined TRACON& Tower with Radar,0,23,19,39,81,0,1,59,53,113,0,24,78,92,194,0,0,0,194
09/13/2017,ABI,TX,ASW,CE,Combined TRACON& Tower with Radar,0,22,18,14,54,0,5,33,2,40,0,27,51,16,94,40,20,60,154
09/14/2017,ABI,TX,ASW,CE,Combined TRACON& Tower with Radar,0,25,26,23,74,0,1,49,4,54,0,26,75,27,128,54,24,78,206
09/15/2017,ABI,TX,ASW,CE,Combined TRACON& Tower with Radar,0,24,17,44,85,0,2,38,4,44,0,26,55,48,129,44,88,132,261
09/16/2017,ABI,TX,ASW,CE,Combined TRACON& Tower with Radar,0,20,13,0,33,0,0,27,0,27,0,20,40,0,60,32,0,32,92
09/17/2017,ABI,TX,ASW,CE,Combined TRACON& Tower with Radar,0,23,19,0,42,0,1,23,0,24,0,24,42,0,66,16,0,16,82
09/18/2017,ABI,TX,ASW,CE,Combined TRACON& Tower with Radar,0,21,23,33,77,0,0,31,0,31,0,21,54,33,108,54,22,76,184
09/19/2017,ABI,TX,ASW,CE,Combined TRACON& Tower with Radar,0,24,16,3,43,0,3,21,1,25,0,27,37,4,68,14,30,44,112
09/20/2017,ABI,TX,ASW,CE,Combined TRACON& Tower with Radar,0,25,28,13,66,0,2,26,1,29,0,27,54,14,95,16,78,94,189
09/21/2017,ABI,TX,ASW,CE,Combined TRACON& Tower with Radar,0,26,22,3,51,0,2,25,1,28,0,28,47,4,79,64,2,66,145
09/22/2017,ABI,TX,ASW,CE,Combined TRACON& Tower with Radar,0,26,26,10,62,0,0,19,4,23,0,26,45,14,85,4,10,14,99
09/23/2017,ABI,TX,ASW,CE,Combined TRACON& Tower with Radar,0,16,13,0,29,0,0,23,0,23,0,16,36,0,52,10,0,10,62
09/24/2017,ABI,TX,ASW,CE,Combined TRACON& Tower with Radar,2,17,14,0,33,0,0,11,0,11,2,17,25,0,44,4,0,4,48
09/25/2017,ABI,TX,ASW,CE,Combined TRACON& Tower with Radar,0,17,28,0,45,0,1,8,0,9,0,18,36,0,54,12,0,12,66
09/26/2017,ABI,TX,ASW,CE,Combined TRACON& Tower with Radar,0,30,14,5,49,0,0,0,4,4,0,30,14,9,53,0,0,0,53
09/27/2017,ABI,TX,ASW,CE,Combined TRACON& Tower with Radar,0,25,12,4,41,0,0,0,0,0,0,25,12,4,41,0,0,0,41
09/28/2017,ABI,TX,ASW,CE,Combined TRACON& Tower with Radar,2,29,17,13,61,0,0,0,0,0,2,29,17,13,61,0,12,12,73
09/29/2017,ABI,TX,ASW,CE,Combined TRACON& Tower with Radar,0,38,17,0,55,0,0,0,0,0,0,38,17,0,55,2,0,2,57
09/30/2017,ABI,TX,ASW,CE,Combined TRACON& Tower with Radar,0,19,14,0,33,0,0,20,0,20,0,19,34,0,53,32,0,32,85
10/01/2017,ABI,TX,ASW,CE,Combined TRACON& Tower with Radar,0,21,22,0,43,0,0,38,2,40,0,21,60,2,83,20,0,20,103
10/02/2017,ABI,TX,ASW,CE,Combined TRACON& Tower with Radar,0,26,18,20,64,0,1,29,6,36,0,27,47,26,100,16,32,48,148
10/03/2017,ABI,TX,ASW,CE,Combined TRACON& Tower with Radar,0,27,24,59,110,0,2,5,7,14,0,29,29,66,124,16,188,204,328
10/04/2017,ABI,TX,ASW,CE,Combined TRACON& Tower with Radar,0,33,22,10,65,0,1,13,0,14,0,34,35,10,79,10,61,71,150
10/05/2017,ABI,TX,ASW,CE,Combined TRACON& Tower with Radar,0,22,26,21,69,0,0,24,0,24,0,22,50,21,93,20,20,40,133
10/06/2017,ABI,TX,ASW,CE,Combined TRACON& Tower with Radar,0,27,41,31,99,0,0,41,2,43,0,27,82,33,142,8,100,108,250
10/07/2017,ABI,TX,ASW,CE,Combined TRACON& Tower with Radar,0,17,21,0,38,0,1,29,4,34,0,18,50,4,72,74,0,74,146
10/08/2017,ABI,TX,ASW,CE,Combined TRACON& Tower with Radar,0,13,14,0,27,0,1,37,0,38,0,14,51,0,65,4,0,4,69
10/09/2017,ABI,TX,ASW,CE,Combined TRACON& Tower with Radar,0,18,13,0,31,0,0,31,0,31,0,18,44,0,62,22,0,22,84
10/10/2017,ABI,TX,ASW,CE,Combined TRACON& Tower with Radar,0,25,50,32,107,0,0,12,0,12,0,25,62,32,119,0,66,66,185
10/11/2017,ABI,TX,ASW,CE,Combined TRACON& Tower with Radar,0,23,15,10,48,0,3,42,0,45,0,26,57,10,93,22,6,28,121
10/12/2017,ABI,TX,ASW,CE,Combined TRACON& Tower with Radar,0,22,22,6,50,0,2,31,0,33,0,24,53,6,83,10,4,14,97
10/13/2017,ABI,TX,ASW,CE,Combined TRACON& Tower with Radar,0,23,36,58,117,0,2,32,6,40,0,25,68,64,157,34,108,142,299
10/14/2017,ABI,TX,ASW,CE,Combined TRACON& Tower with Radar,0,15,16,0,31,0,4,28,0,32,0,19,44,0,63,26,0,26,89
10/15/2017,ABI,TX,ASW,CE,Combined TRACON& Tower with Radar,0,20,19,11,50,0,0,12,0,12,0,20,31,11,62,2,14,16,78
10/16/2017,ABI,TX,ASW,CE,Combined TRACON& Tower with Radar,0,21,22,36,79,0,2,38,1,41,0,23,60,37,120,40,70,110,230
10/17/2017,ABI,TX,ASW,CE,Combined TRACON& Tower with Radar,0,25,24,6,55,0,3,20,0,23,0,28,44,6,78,6,20,26,104
10/18/2017,ABI,TX,ASW,CE,Combined TRACON& Tower with Radar,1,25,16,17,59,0,1,25,0,26,1,26,41,17,85,2,170,172,257
10/19/2017,ABI,TX,ASW,CE,Combined TRACON& Tower with Radar,0,22,32,35,89,0,4,35,2,41,0,26,67,37,130,56,48,104,234
10/20/2017,ABI,TX,ASW,CE,Combined TRACON& Tower with Radar,4,23,24,12,63,0,2,13,0,15,4,25,37,12,78,10,18,28,106
10/21/2017,ABI,TX,ASW,CE,Combined TRACON& Tower with Radar,2,20,13,9,44,0,0,13,0,13,2,20,26,9,57,6,2,8,65
10/22/2017,ABI,TX,ASW,CE,Combined TRACON& Tower with Radar,0,17,20,12,49,0,1,21,0,22,0,18,41,12,71,26,10,36,107
10/23/2017,ABI,TX,ASW,CE,Combined TRACON& Tower with Radar,2,21,8,22,53,0,1,31,1,33,2,22,39,23,86,46,24,70,156
10/24/2017,ABI,TX,ASW,CE,Combined TRACON& Tower with Radar,0,24,31,30,85,0,2,21,58,81,0,26,52,88,166,0,0,0,166
10/25/2017,ABI,TX,ASW,CE,Combined TRACON& Tower with Radar,0,20,13,27,60,0,9,22,2,33,0,29,35,29,93,4,90,94,187
10/26/2017,ABI,TX,ASW,CE,Combined TRACON& Tower with Radar,0,36,28,23,87,0,8,20,0,28,0,44,48,23,115,42,74,116,231
10/27/2017,ABI,TX,ASW,CE,Combined TRACON& Tower with Radar,0,20,18,7,45,0,1,19,2,22,0,21,37,9,67,2,12,14,81
10/28/2017,ABI,TX,ASW,CE,Combined TRACON& Tower with Radar,0,14,5,0,19,0,0,16,0,16,0,14,21,0,35,14,0,14,49
10/29/2017,ABI,TX,ASW,CE,Combined TRACON& Tower with Radar,2,15,19,19,55,0,2,35,0,37,2,17,54,19,92,2,18,20,112
10/30/2017,ABI,TX,ASW,CE,Combined TRACON& Tower with Radar,0,17,39,24,80,0,0,16,5,21,0,17,55,29,101,30,110,140,241
10/31/2017,ABI,TX,ASW,CE,Combined TRACON& Tower with Radar,3,25,23,15,66,0,2,11,3,16,3,27,34,18,82,14,6,20,102
11/01/2017,ABI,TX,ASW,CE,Combined TRACON& Tower with Radar,1,28,22,25,76,0,4,41,2,47,1,32,63,27,123,16,60,76,199
11/02/2017,ABI,TX,ASW,CE,Combined TRACON& Tower with Radar,2,21,24,20,67,0,1,13,11,25,2,22,37,31,92,18,74,92,184
11/03/2017,ABI,TX,ASW,CE,Combined TRACON& Tower with Radar,0,22,42,32,96,0,1,21,2,24,0,23,63,34,120,4,46,50,170
11/04/2017,ABI,TX,ASW,CE,Combined TRACON& Tower with Radar,0,18,9,6,33,0,0,21,1,22,0,18,30,7,55,8,30,38,93
11/05/2017,ABI,TX,ASW,CE,Combined TRACON& Tower with Radar,0,13,9,7,29,0,0,21,3,24,0,13,30,10,53,0,8,8,61
11/06/2017,ABI,TX,ASW,CE,Combined TRACON& Tower with Radar,0,16,21,40,77,0,0,20,0,20,0,16,41,40,97,32,60,92,189
11/07/2017,ABI,TX,ASW,CE,Combined TRACON& Tower with Radar,0,23,39,34,96,0,0,29,44,73,0,23,68,78,169,0,0,0,169
11/08/2017,ABI,TX,ASW,CE,Combined TRACON& Tower with Radar,0,26,12,12,50,0,0,0,0,0,0,26,12,12,50,0,16,16,66
11/09/2017,ABI,TX,ASW,CE,Combined TRACON& Tower with Radar,0,23,35,39,97,0,0,29,0,29,0,23,64,39,126,18,124,142,268
11/10/2017,ABI,TX,ASW,CE,Combined TRACON& Tower with Radar,0,25,40,0,65,0,0,1,0,1,0,25,41,0,66,6,0,6,72
11/11/2017,ABI,TX,ASW,CE,Combined TRACON& Tower with Radar,0,17,20,6,43,0,0,12,0,12,0,17,32,6,55,4,0,4,59
11/12/2017,ABI,TX,ASW,CE,Combined TRACON& Tower with Radar,0,14,23,0,37,0,0,0,0,0,0,14,23,0,37,0,0,0,37
11/13/2017,ABI,TX,ASW,CE,Combined TRACON& Tower with Radar,0,21,21,2,44,0,0,0,0,0,0,21,21,2,44,20,2,22,66
11/14/2017,ABI,TX,ASW,CE,Combined TRACON& Tower with Radar,0,27,23,11,61,0,2,4,6,12,0,29,27,17,73,0,0,0,73
11/15/2017,ABI,TX,ASW,CE,Combined TRACON& Tower with Radar,0,25,49,34,108,0,0,4,3,7,0,25,53,37,115,0,0,0,115
11/16/2017,ABI,TX,ASW,CE,Combined TRACON& Tower with Radar,4,27,31,23,85,0,0,19,0,19,4,27,50,23,104,12,38,50,154
11/17/2017,ABI,TX,ASW,CE,Combined TRACON& Tower with Radar,0,23,48,47,118,0,1,29,14,44,0,24,77,61,162,36,58,94,256
11/18/2017,ABI,TX,ASW,CE,Combined TRACON& Tower with Radar,0,16,18,15,49,0,0,14,0,14,0,16,32,15,63,4,22,26,89
11/19/2017,ABI,TX,ASW,CE,Combined TRACON& Tower with Radar,4,12,9,8,33,0,0,41,2,43,4,12,50,10,76,0,8,8,84
11/20/2017,ABI,TX,ASW,CE,Combined TRACON& Tower with Radar,0,26,33,5,64,0,4,35,4,43,0,30,68,9,107,36,26,62,169
11/21/2017,ABI,TX,ASW,CE,Combined TRACON& Tower with Radar,0,30,22,9,61,0,1,35,0,36,0,31,57,9,97,0,0,0,97
11/22/2017,ABI,TX,ASW,CE,Combined TRACON& Tower with Radar,1,25,25,3,54,0,1,54,0,55,1,26,79,3,109,46,4,50,159
11/23/2017,ABI,TX,ASW,CE,Combined TRACON& Tower with Radar,0,9,10,0,19,0,0,22,2,24,0,9,32,2,43,6,0,6,49
11/24/2017,ABI,TX,ASW,CE,Combined TRACON& Tower with Radar,0,24,25,0,49,0,0,29,0,29,0,24,54,0,78,8,0,8,86
11/25/2017,ABI,TX,ASW,CE,Combined TRACON& Tower with Radar,0,22,13,0,35,0,3,20,0,23,0,25,33,0,58,6,0,6,64
11/26/2017,ABI,TX,ASW,CE,Combined TRACON& Tower with Radar,0,14,17,0,31,0,0,32,0,32,0,14,49,0,63,30,0,30,93
11/27/2017,ABI,TX,ASW,CE,Combined TRACON& Tower with Radar,0,17,17,1,35,0,1,26,0,27,0,18,43,1,62,8,0,8,70
11/28/2017,ABI,TX,ASW,CE,Combined TRACON& Tower with Radar,1,28,16,9,54,0,3,9,2,14,1,31,25,11,68,6,16,22,90
11/29/2017,ABI,TX,ASW,CE,Combined TRACON& Tower with Radar,1,25,39,31,96,0,3,45,6,54,1,28,84,37,150,32,189,221,371
11/30/2017,ABI,TX,ASW,CE,Combined TRACON& Tower with Radar,0,27,25,29,81,0,1,43,0,44,0,28,68,29,125,28,40,68,193
12/01/2017,ABI,TX,ASW,CE,Combined TRACON& Tower with Radar,0,25,26,23,74,0,3,42,4,49,0,28,68,27,123,10,30,40,163
12/02/2017,ABI,TX,ASW,CE,Combined TRACON& Tower with Radar,0,17,23,7,47,0,4,41,8,53,0,21,64,15,100,10,20,30,130
12/03/2017,ABI,TX,ASW,CE,Combined TRACON& Tower with Radar,0,12,16,15,43,0,0,12,2,14,0,12,28,17,57,16,20,36,93
12/04/2017,ABI,TX,ASW,CE,Combined TRACON& Tower with Radar,2,15,23,27,67,0,3,19,11,33,2,18,42,38,100,0,96,96,196
12/05/2017,ABI,TX,ASW,CE,Combined TRACON& Tower with Radar,1,31,28,33,93,0,1,22,2,25,1,32,50,35,118,8,52,60,178
12/06/2017,ABI,TX,ASW,CE,Combined TRACON& Tower with Radar,0,21,26,5,52,0,1,4,0,5,0,22,30,5,57,2,14,16,73
12/07/2017,ABI,TX,ASW,CE,Combined TRACON& Tower with Radar,0,22,25,15,62,0,2,4,0,6,0,24,29,15,68,2,58,60,128
12/08/2017,ABI,TX,ASW,CE,Combined TRACON& Tower with Radar,0,20,24,17,61,0,1,28,0,29,0,21,52,17,90,14,6,20,110
12/09/2017,ABI,TX,ASW,CE,Combined TRACON& Tower with Radar,0,21,12,7,40,0,0,32,3,35,0,21,44,10,75,44,12,56,131
12/10/2017,ABI,TX,ASW,CE,Combined TRACON& Tower with Radar,0,15,22,6,43,0,0,34,2,36,0,15,56,8,79,14,14,28,107
12/11/2017,ABI,TX,ASW,CE,Combined TRACON& Tower with Radar,2,15,15,21,53,0,1,31,2,34,2,16,46,23,87,50,12,62,149
12/12/2017,ABI,TX,ASW,CE,Combined TRACON& Tower with Radar,0,25,21,10,56,0,1,19,0,20,0,26,40,10,76,0,51,51,127
12/13/2017,ABI,TX,ASW,CE,Combined TRACON& Tower with Radar,2,26,12,19,59,0,1,37,2,40,2,27,49,21,99,62,38,100,199
12/14/2017,ABI,TX,ASW,CE,Combined TRACON& Tower with Radar,2,29,39,13,83,0,1,34,9,44,2,30,73,22,127,48,96,144,271
12/15/2017,ABI,TX,ASW,CE,Combined TRACON& Tower with Radar,0,20,37,39,96,0,1,30,3,34,0,21,67,42,130,12,132,144,274
12/16/2017,ABI,TX,ASW,CE,Combined TRACON& Tower with Radar,0,20,15,1,36,0,1,17,0,18,0,21,32,1,54,46,4,50,104
12/17/2017,ABI,TX,ASW,CE,Combined TRACON& Tower with Radar,1,17,17,0,35,0,0,27,0,27,1,17,44,0,62,38,0,38,100
12/18/2017,ABI,TX,ASW,CE,Combined TRACON& Tower with Radar,5,22,29,44,100,0,0,11,0,11,5,22,40,44,111,30,136,166,277
12/19/2017,ABI,TX,ASW,CE,Combined TRACON& Tower with Radar,2,24,10,5,41,0,0,0,2,2,2,24,10,7,43,0,0,0,43
12/20/2017,ABI,TX,ASW,CE,Combined TRACON& Tower with Radar,0,40,36,12,88,0,0,64,1,65,0,40,100,13,153,0,0,0,153
12/21/2017,ABI,TX,ASW,CE,Combined TRACON& Tower with Radar,0,25,27,15,67,0,0,37,2,39,0,25,64,17,106,70,48,118,224
12/22/2017,ABI,TX,ASW,CE,Combined TRACON& Tower with Radar,0,36,8,5,49,0,0,0,0,0,0,36,8,5,49,0,0,0,49
12/23/2017,ABI,TX,ASW,CE,Combined TRACON& Tower with Radar,0,18,17,0,35,0,0,32,0,32,0,18,49,0,67,32,10,42,109
12/24/2017,ABI,TX,ASW,CE,Combined TRACON& Tower with Radar,0,13,5,0,18,0,1,8,0,9,0,14,13,0,27,2,0,2,29
12/25/2017,ABI,TX,ASW,CE,Combined TRACON& Tower with Radar,0,13,3,0,16,0,2,19,0,21,0,15,22,0,37,8,0,8,45
12/26/2017,ABI,TX,ASW,CE,Combined TRACON& Tower with Radar,0,24,17,0,41,0,0,0,0,0,0,24,17,0,41,0,0,0,41
12/27/2017,ABI,TX,ASW,CE,Combined TRACON& Tower with Radar,0,22,13,1,36,0,0,4,0,4,0,22,17,1,40,0,0,0,40
12/28/2017,ABI,TX,ASW,CE,Combined TRACON& Tower with Radar,0,22,15,4,41,0,0,3,0,3,0,22,18,4,44,0,2,2,46
12/29/2017,ABI,TX,ASW,CE,Combined TRACON& Tower with Radar,0,27,31,3,61,0,0,9,0,9,0,27,40,3,70,22,0,22,92
12/30/2017,ABI,TX,ASW,CE,Combined TRACON& Tower with Radar,0,11,10,0,21,0,0,0,0,0,0,11,10,0,21,0,0,0,21
12/31/2017,ABI,TX,ASW,CE,Combined TRACON& Tower with Radar,0,0,0,0,0,0,0,0,0,0,0,0,0,0,0,0,0,0,0
01/01/2018,ABI,TX,ASW,CE,Combined TRACON& Tower with Radar,0,15,3,0,18,0,2,3,0,5,0,17,6,0,23,2,0,2,25
01/02/2018,ABI,TX,ASW,CE,Combined TRACON& Tower with Radar,0,19,8,7,34,0,1,3,0,4,0,20,11,7,38,2,4,6,44
01/03/2018,ABI,TX,ASW,CE,Combined TRACON& Tower with Radar,0,25,23,18,66,0,0,29,0,29,0,25,52,18,95,18,24,42,137
01/04/2018,ABI,TX,ASW,CE,Combined TRACON& Tower with Radar,0,21,27,21,69,0,3,34,0,37,0,24,61,21,106,10,44,54,160
01/05/2018,ABI,TX,ASW,CE,Combined TRACON& Tower with Radar,0,30,36,28,94,0,2,54,0,56,0,32,90,28,150,56,104,160,310
01/06/2018,ABI,TX,ASW,CE,Combined TRACON& Tower with Radar,0,14,15,11,40,0,0,38,6,44,0,14,53,17,84,22,76,98,182
01/07/2018,ABI,TX,ASW,CE,Combined TRACON& Tower with Radar,2,15,8,8,33,0,0,3,0,3,2,15,11,8,36,0,6,6,42
01/08/2018,ABI,TX,ASW,CE,Combined TRACON& Tower with Radar,0,22,20,48,90,0,0,21,0,21,0,22,41,48,111,62,108,170,281
01/09/2018,ABI,TX,ASW,CE,Combined TRACON& Tower with Radar,2,26,10,46,84,0,0,26,0,26,2,26,36,46,110,24,102,126,236
01/10/2018,ABI,TX,ASW,CE,Combined TRACON& Tower with Radar,0,21,31,43,95,0,0,19,8,27,0,21,50,51,122,6,108,114,236
01/11/2018,ABI,TX,ASW,CE,Combined TRACON& Tower with Radar,2,24,14,61,101,0,1,3,7,11,2,25,17,68,112,16,192,208,320
01/12/2018,ABI,TX,ASW,CE,Combined TRACON& Tower with Radar,0,21,32,31,84,0,1,38,0,39,0,22,70,31,123,18,30,48,171
01/13/2018,ABI,TX,ASW,CE,Combined TRACON& Tower with Radar,0,12,24,1,37,0,0,40,1,41,0,12,64,2,78,30,12,42,120
01/14/2018,ABI,TX,ASW,CE,Combined TRACON& Tower with Radar,0,12,11,3,26,0,0,22,1,23,0,12,33,4,49,6,8,14,63
01/15/2018,ABI,TX,ASW,CE,Combined TRACON& Tower with Radar,0,11,21,0,32,0,0,23,0,23,0,11,44,0,55,18,0,18,73
01/16/2018,ABI,TX,ASW,CE,Combined TRACON& Tower with Radar,0,18,11,2,31,0,3,16,0,19,0,21,27,2,50,42,4,46,96
01/17/2018,ABI,TX,ASW,CE,Combined TRACON& Tower with Radar,0,19,25,24,68,0,3,29,0,32,0,22,54,24,100,22,56,78,178
01/18/2018,ABI,TX,ASW,CE,Combined TRACON& Tower with Radar,0,22,23,0,45,0,1,39,0,40,0,23,62,0,85,28,0,28,113
01/19/2018,ABI,TX,ASW,CE,Combined TRACON& Tower with Radar,0,26,26,36,88,0,1,31,1,33,0,27,57,37,121,10,102,112,233
01/20/2018,ABI,TX,ASW,CE,Combined TRACON& Tower with Radar,0,16,21,39,76,0,0,26,3,29,0,16,47,42,105,34,50,84,189
01/21/2018,ABI,TX,ASW,CE,Combined TRACON& Tower with Radar,2,17,16,17,52,0,0,3,3,6,2,17,19,20,58,0,24,24,82
01/22/2018,ABI,TX,ASW,CE,Combined TRACON& Tower with Radar,0,17,21,57,95,0,4,31,14,49,0,21,52,71,144,54,222,276,420
01/23/2018,ABI,TX,ASW,CE,Combined TRACON& Tower with Radar,0,21,33,9,63,0,1,63,5,69,0,22,96,14,132,96,42,138,270
01/24/2018,ABI,TX,ASW,CE,Combined TRACON& Tower with Radar,0,23,24,15,62,0,3,38,0,41,0,26,62,15,103,16,26,42,145
01/25/2018,ABI,TX,ASW,CE,Combined TRACON& Tower with Radar,0,28,32,35,95,0,1,26,8,35,0,29,58,43,130,12,96,108,238
01/26/2018,ABI,TX,ASW,CE,Combined TRACON& Tower with Radar,0,32,50,24,106,0,4,3,4,11,0,36,53,28,117,8,48,56,173
01/27/2018,ABI,TX,ASW,CE,Combined TRACON& Tower with Radar,0,17,27,8,52,0,2,42,4,48,0,19,69,12,100,24,18,42,142
01/28/2018,ABI,TX,ASW,CE,Combined TRACON& Tower with Radar,2,14,17,0,33,0,3,41,0,44,2,17,58,0,77,48,0,48,125
01/29/2018,ABI,TX,ASW,CE,Combined TRACON& Tower with Radar,0,17,11,63,91,0,0,20,7,27,0,17,31,70,118,34,112,146,264
01/30/2018,ABI,TX,ASW,CE,Combined TRACON& Tower with Radar,0,22,37,20,79,0,7,19,18,44,0,29,56,38,123,28,48,76,199
01/31/2018,ABI,TX,ASW,CE,Combined TRACON& Tower with Radar,0,21,24,31,76,0,0,28,2,30,0,21,52,33,106,8,80,88,194
02/01/2018,ABI,TX,ASW,CE,Combined TRACON& Tower with Radar,2,26,23,58,109,0,5,50,0,55,2,31,73,58,164,14,76,90,254
02/02/2018,ABI,TX,ASW,CE,Combined TRACON& Tower with Radar,0,29,10,18,57,0,1,62,1,64,0,30,72,19,121,14,37,51,172
02/03/2018,ABI,TX,ASW,CE,Combined TRACON& Tower with Radar,0,14,10,0,24,0,0,23,3,26,0,14,33,3,50,2,0,2,52
02/04/2018,ABI,TX,ASW,CE,Combined TRACON& Tower with Radar,2,13,18,0,33,0,1,35,0,36,2,14,53,0,69,12,0,12,81
02/05/2018,ABI,TX,ASW,CE,Combined TRACON& Tower with Radar,0,17,13,25,55,0,1,15,0,16,0,18,28,25,71,2,54,56,127
02/06/2018,ABI,TX,ASW,CE,Combined TRACON& Tower with Radar,0,26,33,15,74,0,0,1,0,1,0,26,34,15,75,16,18,34,109
02/07/2018,ABI,TX,ASW,CE,Combined TRACON& Tower with Radar,2,40,47,65,154,0,2,40,8,50,2,42,87,73,204,34,239,273,477
02/08/2018,ABI,TX,ASW,CE,Combined TRACON& Tower with Radar,0,32,15,33,80,0,3,56,1,60,0,35,71,34,140,32,80,112,252
02/09/2018,ABI,TX,ASW,CE,Combined TRACON& Tower with Radar,0,31,18,50,99,0,6,36,1,43,0,37,54,51,142,16,154,170,312
02/10/2018,ABI,TX,ASW,CE,Combined TRACON& Tower with Radar,0,15,13,0,28,0,0,6,0,6,0,15,19,0,34,20,0,20,54
02/11/2018,ABI,TX,ASW,CE,Combined TRACON& Tower with Radar,0,11,23,0,34,0,0,11,0,11,0,11,34,0,45,42,0,42,87
02/12/2018,ABI,TX,ASW,CE,Combined TRACON& Tower with Radar,0,18,23,39,80,0,7,20,0,27,0,25,43,39,107,0,112,112,219
02/13/2018,ABI,TX,ASW,CE,Combined TRACON& Tower with Radar,0,28,27,35,90,0,2,4,0,6,0,30,31,35,96,4,152,156,252
02/14/2018,ABI,TX,ASW,CE,Combined TRACON& Tower with Radar,0,26,13,29,68,2,1,24,0,27,2,27,37,29,95,14,50,64,159
02/15/2018,ABI,TX,ASW,CE,Combined TRACON& Tower with Radar,0,21,61,42,124,0,0,7,2,9,0,21,68,44,133,42,92,134,267
02/16/2018,ABI,TX,ASW,CE,Combined TRACON& Tower with Radar,0,24,31,36,91,0,3,15,15,33,0,27,46,51,124,20,158,178,302
02/17/2018,ABI,TX,ASW,CE,Combined TRACON& Tower with Radar,0,12,21,0,33,0,1,53,0,54,0,13,74,0,87,50,0,50,137
02/18/2018,ABI,TX,ASW,CE,Combined TRACON& Tower with Radar,0,18,22,0,40,0,0,10,0,10,0,18,32,0,50,8,0,8,58
02/19/2018,ABI,TX,ASW,CE,Combined TRACON& Tower with Radar,0,14,17,0,31,0,0,10,0,10,0,14,27,0,41,2,0,2,43
02/20/2018,ABI,TX,ASW,CE,Combined TRACON& Tower with Radar,3,20,23,7,53,0,0,2,0,2,3,20,25,7,55,4,26,30,85
02/21/2018,ABI,TX,ASW,CE,Combined TRACON& Tower with Radar,0,0,1,0,1,0,0,0,0,0,0,0,1,0,1,0,0,0,1
02/22/2018,ABI,TX,ASW,CE,Combined TRACON& Tower with Radar,0,10,8,0,18,0,0,0,0,0,0,10,8,0,18,0,0,0,18
02/23/2018,ABI,TX,ASW,CE,Combined TRACON& Tower with Radar,1,16,19,4,40,0,0,0,0,0,1,16,19,4,40,2,0,2,42
02/24/2018,ABI,TX,ASW,CE,Combined TRACON& Tower with Radar,4,15,18,7,44,0,0,22,5,27,4,15,40,12,71,22,12,34,105
02/25/2018,ABI,TX,ASW,CE,Combined TRACON& Tower with Radar,0,12,17,20,49,0,0,45,2,47,0,12,62,22,96,14,26,40,136
02/26/2018,ABI,TX,ASW,CE,Combined TRACON& Tower with Radar,0,16,43,26,85,0,0,65,0,65,0,16,108,26,150,24,64,88,238
02/27/2018,ABI,TX,ASW,CE,Combined TRACON& Tower with Radar,1,30,34,7,72,0,0,8,0,8,1,30,42,7,80,0,10,10,90
02/28/2018,ABI,TX,ASW,CE,Combined TRACON& Tower with Radar,1,26,44,44,115,0,1,3,1,5,1,27,47,45,120,68,184,252,372
03/01/2018,ABI,TX,ASW,CE,Combined TRACON& Tower with Radar,4,22,40,71,137,0,1,26,3,30,4,23,66,74,167,2,112,114,281
03/02/2018,ABI,TX,ASW,CE,Combined TRACON& Tower with Radar,0,22,21,5,48,0,2,36,2,40,0,24,57,7,88,8,6,14,102
03/03/2018,ABI,TX,ASW,CE,Combined TRACON& Tower with Radar,0,10,11,0,21,0,1,32,0,33,0,11,43,0,54,0,0,0,54
03/04/2018,ABI,TX,ASW,CE,Combined TRACON& Tower with Radar,4,16,23,0,43,0,0,3,0,3,4,16,26,0,46,24,0,24,70
03/05/2018,ABI,TX,ASW,CE,Combined TRACON& Tower with Radar,0,36,56,66,158,0,4,40,4,48,0,40,96,70,206,58,172,230,436
03/06/2018,ABI,TX,ASW,CE,Combined TRACON& Tower with Radar,0,22,37,50,109,0,4,71,4,79,0,26,108,54,188,78,162,240,428
03/07/2018,ABI,TX,ASW,CE,Combined TRACON& Tower with Radar,0,25,27,15,67,0,4,31,4,39,0,29,58,19,106,12,30,42,148
03/08/2018,ABI,TX,ASW,CE,Combined TRACON& Tower with Radar,2,20,21,28,71,0,1,41,0,42,2,21,62,28,113,2,117,119,232
03/09/2018,ABI,TX,ASW,CE,Combined TRACON& Tower with Radar,0,29,42,46,117,0,0,36,10,46,0,29,78,56,163,56,128,184,347
03/10/2018,ABI,TX,ASW,CE,Combined TRACON& Tower with Radar,0,12,19,62,93,0,2,64,22,88,0,14,83,84,181,28,96,124,305
03/11/2018,ABI,TX,ASW,CE,Combined TRACON& Tower with Radar,0,12,16,16,44,0,6,18,3,27,0,18,34,19,71,30,36,66,137
03/12/2018,ABI,TX,ASW,CE,Combined TRACON& Tower with Radar,0,19,16,15,50,0,2,36,2,40,0,21,52,17,90,12,36,48,138
03/13/2018,ABI,TX,ASW,CE,Combined TRACON& Tower with Radar,0,26,31,29,86,0,1,33,1,35,0,27,64,30,121,8,44,52,173
03/14/2018,ABI,TX,ASW,CE,Combined TRACON& Tower with Radar,0,20,17,12,49,0,7,40,5,52,0,27,57,17,101,12,14,26,127
03/15/2018,ABI,TX,ASW,CE,Combined TRACON& Tower with Radar,0,20,30,23,73,0,9,33,9,51,0,29,63,32,124,2,80,82,206
03/16/2018,ABI,TX,ASW,CE,Combined TRACON& Tower with Radar,0,19,30,57,106,0,1,26,7,34,0,20,56,64,140,20,106,126,266
03/17/2018,ABI,TX,ASW,CE,Combined TRACON& Tower with Radar,0,12,18,0,30,0,2,20,3,25,0,14,38,3,55,0,0,0,55
03/18/2018,ABI,TX,ASW,CE,Combined TRACON& Tower with Radar,0,10,24,21,55,0,5,24,4,33,0,15,48,25,88,4,34,38,126
03/19/2018,ABI,TX,ASW,CE,Combined TRACON& Tower with Radar,0,13,23,38,74,0,5,17,5,27,0,18,40,43,101,40,64,104,205
03/20/2018,ABI,TX,ASW,CE,Combined TRACON& Tower with Radar,0,19,14,28,61,0,1,57,0,58,0,20,71,28,119,4,22,26,145
03/21/2018,ABI,TX,ASW,CE,Combined TRACON& Tower with Radar,0,25,23,8,56,0,1,40,0,41,0,26,63,8,97,0,133,133,230
03/22/2018,ABI,TX,ASW,CE,Combined TRACON& Tower with Radar,0,35,25,1,61,0,3,41,0,44,0,38,66,1,105,28,0,28,133
03/23/2018,ABI,TX,ASW,CE,Combined TRACON& Tower with Radar,0,23,38,29,90,1,3,28,11,43,1,26,66,40,133,0,42,42,175
03/24/2018,ABI,TX,ASW,CE,Combined TRACON& Tower with Radar,0,18,24,21,63,0,5,43,6,54,0,23,67,27,117,58,32,90,207
03/25/2018,ABI,TX,ASW,CE,Combined TRACON& Tower with Radar,0,11,31,40,82,1,2,8,1,12,1,13,39,41,94,0,0,0,94
03/26/2018,ABI,TX,ASW,CE,Combined TRACON& Tower with Radar,0,17,15,13,45,0,1,2,1,4,0,18,17,14,49,2,64,66,115
03/27/2018,ABI,TX,ASW,CE,Combined TRACON& Tower with Radar,0,18,18,0,36,0,0,1,0,1,0,18,19,0,37,0,0,0,37
03/28/2018,ABI,TX,ASW,CE,Combined TRACON& Tower with Radar,0,24,38,29,91,0,0,8,0,8,0,24,46,29,99,4,94,98,197
03/29/2018,ABI,TX,ASW,CE,Combined TRACON& Tower with Radar,0,28,55,19,102,0,2,41,1,44,0,30,96,20,146,20,28,48,194
03/30/2018,ABI,TX,ASW,CE,Combined TRACON& Tower with Radar,0,23,19,69,111,0,0,37,2,39,0,23,56,71,150,6,106,112,262
03/31/2018,ABI,TX,ASW,CE,Combined TRACON& Tower with Radar,0,10,9,5,24,0,0,28,5,33,0,10,37,10,57,24,14,38,95
04/01/2018,ABI,TX,ASW,CE,Combined TRACON& Tower with Radar,2,11,13,0,26,0,0,21,0,21,2,11,34,0,47,0,0,0,47
04/02/2018,ABI,TX,ASW,CE,Combined TRACON& Tower with Radar,0,12,21,28,61,1,0,5,1,7,1,12,26,29,68,16,28,44,112
04/03/2018,ABI,TX,ASW,CE,Combined TRACON& Tower with Radar,2,25,20,59,106,6,3,22,16,47,8,28,42,75,153,22,120,142,295
04/04/2018,ABI,TX,ASW,CE,Combined TRACON& Tower with Radar,0,28,34,25,87,4,6,42,15,67,4,34,76,40,154,24,48,72,226
04/05/2018,ABI,TX,ASW,CE,Combined TRACON& Tower with Radar,2,27,34,16,79,0,0,29,1,30,2,27,63,17,109,4,48,52,161
04/06/2018,ABI,TX,ASW,CE,Combined TRACON& Tower with Radar,4,22,41,126,193,0,0,16,4,20,4,22,57,130,213,20,182,202,415
04/07/2018,ABI,TX,ASW,CE,Combined TRACON& Tower with Radar,0,12,15,23,50,0,0,7,1,8,0,12,22,24,58,0,30,30,88
04/08/2018,ABI,TX,ASW,CE,Combined TRACON& Tower with Radar,0,23,22,27,72,0,0,16,6,22,0,23,38,33,94,0,56,56,150
04/09/2018,ABI,TX,ASW,CE,Combined TRACON& Tower with Radar,0,19,20,9,48,0,1,6,0,7,0,20,26,9,55,4,4,8,63
04/10/2018,ABI,TX,ASW,CE,Combined TRACON& Tower with Radar,0,31,29,6,66,0,2,27,1,30,0,33,56,7,96,52,26,78,174
04/11/2018,ABI,TX,ASW,CE,Combined TRACON& Tower with Radar,0,27,10,16,53,4,0,24,7,35,4,27,34,23,88,0,0,0,88
04/12/2018,ABI,TX,ASW,CE,Combined TRACON& Tower with Radar,2,23,25,7,57,2,0,26,11,39,4,23,51,18,96,4,10,14,110
04/13/2018,ABI,TX,ASW,CE,Combined TRACON& Tower with Radar,2,14,14,7,37,3,1,9,21,34,5,15,23,28,71,0,6,6,77
04/14/2018,ABI,TX,ASW,CE,Combined TRACON& Tower with Radar,0,14,14,8,36,4,0,13,21,38,4,14,27,29,74,36,6,42,116
04/15/2018,ABI,TX,ASW,CE,Combined TRACON& Tower with Radar,2,16,20,11,49,4,3,48,23,78,6,19,68,34,127,54,12,66,193
04/16/2018,ABI,TX,ASW,CE,Combined TRACON& Tower with Radar,0,19,23,6,48,0,1,32,14,47,0,20,55,20,95,0,28,28,123
04/17/2018,ABI,TX,ASW,CE,Combined TRACON& Tower with Radar,0,37,15,21,73,6,1,22,22,51,6,38,37,43,124,24,44,68,192
04/18/2018,ABI,TX,ASW,CE,Combined TRACON& Tower with Radar,0,25,34,114,173,1,4,41,30,76,1,29,75,144,249,30,170,200,449
04/19/2018,ABI,TX,ASW,CE,Combined TRACON& Tower with Radar,0,27,21,26,74,0,0,36,0,36,0,27,57,26,110,26,66,92,202
04/20/2018,ABI,TX,ASW,CE,Combined TRACON& Tower with Radar,0,25,16,7,48,3,2,16,0,21,3,27,32,7,69,30,22,52,121
04/21/2018,ABI,TX,ASW,CE,Combined TRACON& Tower with Radar,2,23,12,16,53,0,0,3,2,5,2,23,15,18,58,0,0,0,58
04/22/2018,ABI,TX,ASW,CE,Combined TRACON& Tower with Radar,2,12,24,12,50,0,0,30,1,31,2,12,54,13,81,4,16,20,101
04/23/2018,ABI,TX,ASW,CE,Combined TRACON& Tower with Radar,0,23,34,48,105,0,2,44,2,48,0,25,78,50,153,66,85,151,304
04/24/2018,ABI,TX,ASW,CE,Combined TRACON& Tower with Radar,0,22,23,13,58,0,1,46,0,47,0,23,69,13,105,12,46,58,163
04/25/2018,ABI,TX,ASW,CE,Combined TRACON& Tower with Radar,0,23,23,5,51,0,2,6,0,8,0,25,29,5,59,8,14,22,81
04/26/2018,ABI,TX,ASW,CE,Combined TRACON& Tower with Radar,2,31,35,5,73,0,0,49,3,52,2,31,84,8,125,34,30,64,189
04/27/2018,ABI,TX,ASW,CE,Combined TRACON& Tower with Radar,0,23,24,22,69,0,1,29,9,39,0,24,53,31,108,14,70,84,192
04/28/2018,ABI,TX,ASW,CE,Combined TRACON& Tower with Radar,0,18,17,7,42,0,1,35,0,36,0,19,52,7,78,0,0,0,78
04/29/2018,ABI,TX,ASW,CE,Combined TRACON& Tower with Radar,0,19,18,3,40,0,0,32,1,33,0,19,50,4,73,4,4,8,81
04/30/2018,ABI,TX,ASW,CE,Combined TRACON& Tower with Radar,0,17,22,12,51,0,2,8,3,13,0,19,30,15,64,2,42,44,108
05/01/2018,ABI,TX,ASW,CE,Combined TRACON& Tower with Radar,0,27,21,11,59,0,2,10,1,13,0,29,31,12,72,8,32,40,112
05/02/2018,ABI,TX,ASW,CE,Combined TRACON& Tower with Radar,0,23,25,16,64,0,0,11,5,16,0,23,36,21,80,8,124,132,212
05/03/2018,ABI,TX,ASW,CE,Combined TRACON& Tower with Radar,0,19,17,6,42,0,3,15,0,18,0,22,32,6,60,28,10,38,98
05/04/2018,ABI,TX,ASW,CE,Combined TRACON& Tower with Radar,5,25,25,35,90,0,0,28,1,29,5,25,53,36,119,24,52,76,195
05/05/2018,ABI,TX,ASW,CE,Combined TRACON& Tower with Radar,0,17,11,4,32,0,2,53,0,55,0,19,64,4,87,46,4,50,137
05/06/2018,ABI,TX,ASW,CE,Combined TRACON& Tower with Radar,2,12,14,0,28,0,0,40,0,40,2,12,54,0,68,24,0,24,92
05/07/2018,ABI,TX,ASW,CE,Combined TRACON& Tower with Radar,0,18,22,19,59,0,4,26,0,30,0,22,48,19,89,38,48,86,175
05/08/2018,ABI,TX,ASW,CE,Combined TRACON& Tower with Radar,1,25,25,15,66,0,6,26,0,32,1,31,51,15,98,8,20,28,126
05/09/2018,ABI,TX,ASW,CE,Combined TRACON& Tower with Radar,0,28,19,11,58,0,2,30,5,37,0,30,49,16,95,32,66,98,193
05/10/2018,ABI,TX,ASW,CE,Combined TRACON& Tower with Radar,2,24,28,0,54,0,2,11,1,14,2,26,39,1,68,18,0,18,86
05/11/2018,ABI,TX,ASW,CE,Combined TRACON& Tower with Radar,0,23,22,5,50,0,5,27,0,32,0,28,49,5,82,6,12,18,100
05/12/2018,ABI,TX,ASW,CE,Combined TRACON& Tower with Radar,0,16,29,0,45,0,5,23,0,28,0,21,52,0,73,4,0,4,77
05/13/2018,ABI,TX,ASW,CE,Combined TRACON& Tower with Radar,0,10,5,15,30,0,1,17,8,26,0,11,22,23,56,34,26,60,116
05/14/2018,ABI,TX,ASW,CE,Combined TRACON& Tower with Radar,0,17,18,9,44,0,0,14,1,15,0,17,32,10,59,18,10,28,87
05/15/2018,ABI,TX,ASW,CE,Combined TRACON& Tower with Radar,0,39,22,3,64,0,0,21,0,21,0,39,43,3,85,38,0,38,123
05/16/2018,ABI,TX,ASW,CE,Combined TRACON& Tower with Radar,0,19,27,35,81,0,3,20,0,23,0,22,47,35,104,42,91,133,237
05/17/2018,ABI,TX,ASW,CE,Combined TRACON& Tower with Radar,0,23,30,26,79,0,0,32,3,35,0,23,62,29,114,28,42,70,184
05/18/2018,ABI,TX,ASW,CE,Combined TRACON& Tower with Radar,0,25,22,35,82,0,1,24,2,27,0,26,46,37,109,30,44,74,183
05/19/2018,ABI,TX,ASW,CE,Combined TRACON& Tower with Radar,0,16,22,14,52,0,0,21,0,21,0,16,43,14,73,24,22,46,119
05/20/2018,ABI,TX,ASW,CE,Combined TRACON& Tower with Radar,4,12,11,4,31,0,1,19,2,22,4,13,30,6,53,64,0,64,117
05/21/2018,ABI,TX,ASW,CE,Combined TRACON& Tower with Radar,0,15,53,44,112,0,4,23,1,28,0,19,76,45,140,52,74,126,266
05/22/2018,ABI,TX,ASW,CE,Combined TRACON& Tower with Radar,0,20,33,68,121,0,1,30,0,31,0,21,63,68,152,16,86,102,254
05/23/2018,ABI,TX,ASW,CE,Combined TRACON& Tower with Radar,0,30,26,16,72,0,2,55,1,58,0,32,81,17,130,40,12,52,182
05/24/2018,ABI,TX,ASW,CE,Combined TRACON& Tower with Radar,0,33,21,23,77,0,1,41,3,45,0,34,62,26,122,34,40,74,196
05/25/2018,ABI,TX,ASW,CE,Combined TRACON& Tower with Radar,4,25,19,0,48,0,1,39,0,40,4,26,58,0,88,0,0,0,88
05/26/2018,ABI,TX,ASW,CE,Combined TRACON& Tower with Radar,0,19,13,0,32,0,2,44,1,47,0,21,57,1,79,10,0,10,89
05/27/2018,ABI,TX,ASW,CE,Combined TRACON& Tower with Radar,0,11,11,0,22,0,3,19,0,22,0,14,30,0,44,4,0,4,48
05/28/2018,ABI,TX,ASW,CE,Combined TRACON& Tower with Radar,0,13,12,0,25,0,1,41,0,42,0,14,53,0,67,12,0,12,79
05/29/2018,ABI,TX,ASW,CE,Combined TRACON& Tower with Radar,0,16,11,10,37,0,1,30,0,31,0,17,41,10,68,0,0,0,68
05/30/2018,ABI,TX,ASW,CE,Combined TRACON& Tower with Radar,0,27,18,17,62,0,6,36,4,46,0,33,54,21,108,26,60,86,194
05/31/2018,ABI,TX,ASW,CE,Combined TRACON& Tower with Radar,0,24,24,6,54,0,2,38,0,40,0,26,62,6,94,16,4,20,114
06/01/2018,ABI,TX,ASW,CE,Combined TRACON& Tower with Radar,0,28,17,2,47,0,1,53,2,56,0,29,70,4,103,42,26,68,171
06/02/2018,ABI,TX,ASW,CE,Combined TRACON& Tower with Radar,0,12,14,8,34,0,14,22,0,36,0,26,36,8,70,0,0,0,70
06/03/2018,ABI,TX,ASW,CE,Combined TRACON& Tower with Radar,2,11,11,5,29,0,0,24,1,25,2,11,35,6,54,42,6,48,102
06/04/2018,ABI,TX,ASW,CE,Combined TRACON& Tower with Radar,2,22,28,9,61,0,3,24,0,27,2,25,52,9,88,40,10,50,138
06/05/2018,ABI,TX,ASW,CE,Combined TRACON& Tower with Radar,0,30,23,7,60,0,2,49,3,54,0,32,72,10,114,50,24,74,188
06/06/2018,ABI,TX,ASW,CE,Combined TRACON& Tower with Radar,0,29,38,5,72,0,1,39,1,41,0,30,77,6,113,28,20,48,161
06/07/2018,ABI,TX,ASW,CE,Combined TRACON& Tower with Radar,4,26,37,11,78,0,1,35,0,36,4,27,72,11,114,34,10,44,158
06/08/2018,ABI,TX,ASW,CE,Combined TRACON& Tower with Radar,0,24,15,6,45,0,0,24,0,24,0,24,39,6,69,0,0,0,69
06/09/2018,ABI,TX,ASW,CE,Combined TRACON& Tower with Radar,1,16,11,5,33,0,7,269,0,276,1,23,280,5,309,8,6,14,323
06/10/2018,ABI,TX,ASW,CE,Combined TRACON& Tower with Radar,2,13,5,5,25,0,0,17,0,17,2,13,22,5,42,10,4,14,56
06/11/2018,ABI,TX,ASW,CE,Combined TRACON& Tower with Radar,0,18,35,1,54,0,0,27,0,27,0,18,62,1,81,46,10,56,137
06/12/2018,ABI,TX,ASW,CE,Combined TRACON& Tower with Radar,2,27,28,2,59,0,3,26,0,29,2,30,54,2,88,22,4,26,114
06/13/2018,ABI,TX,ASW,CE,Combined TRACON& Tower with Radar,0,25,45,23,93,0,1,41,1,43,0,26,86,24,136,14,50,64,200
06/14/2018,ABI,TX,ASW,CE,Combined TRACON& Tower with Radar,2,23,26,25,76,0,5,44,1,50,2,28,70,26,126,42,135,177,303
06/15/2018,ABI,TX,ASW,CE,Combined TRACON& Tower with Radar,2,23,25,6,56,0,1,36,0,37,2,24,61,6,93,18,10,28,121
06/16/2018,ABI,TX,ASW,CE,Combined TRACON& Tower with Radar,1,21,29,10,61,0,1,24,2,27,1,22,53,12,88,6,36,42,130
06/17/2018,ABI,TX,ASW,CE,Combined TRACON& Tower with Radar,0,14,10,0,24,0,0,19,6,25,0,14,29,6,49,10,0,10,59
06/18/2018,ABI,TX,ASW,CE,Combined TRACON& Tower with Radar,0,16,13,13,42,0,1,23,2,26,0,17,36,15,68,32,10,42,110
06/19/2018,ABI,TX,ASW,CE,Combined TRACON& Tower with Radar,0,26,27,20,73,0,0,12,0,12,0,26,39,20,85,0,38,38,123
06/20/2018,ABI,TX,ASW,CE,Combined TRACON& Tower with Radar,0,30,38,26,94,0,2,23,2,27,0,32,61,28,121,36,52,88,209
06/21/2018,ABI,TX,ASW,CE,Combined TRACON& Tower with Radar,0,26,30,19,75,0,2,46,0,48,0,28,76,19,123,10,80,90,213
06/22/2018,ABI,TX,ASW,CE,Combined TRACON& Tower with Radar,0,23,18,32,73,0,0,41,2,43,0,23,59,34,116,8,44,52,168
06/23/2018,ABI,TX,ASW,CE,Combined TRACON& Tower with Radar,0,16,5,0,21,0,0,23,0,23,0,16,28,0,44,0,0,0,44
06/24/2018,ABI,TX,ASW,CE,Combined TRACON& Tower with Radar,0,14,16,1,31,0,1,17,3,21,0,15,33,4,52,16,0,16,68
06/25/2018,ABI,TX,ASW,CE,Combined TRACON& Tower with Radar,4,21,24,15,64,0,0,35,1,36,4,21,59,16,100,10,16,26,126
06/26/2018,ABI,TX,ASW,CE,Combined TRACON& Tower with Radar,0,26,31,3,60,0,6,31,1,38,0,32,62,4,98,8,6,14,112
06/27/2018,ABI,TX,ASW,CE,Combined TRACON& Tower with Radar,0,26,35,18,79,0,8,38,5,51,0,34,73,23,130,14,20,34,164
06/28/2018,ABI,TX,ASW,CE,Combined TRACON& Tower with Radar,0,31,15,2,48,0,10,52,16,78,0,41,67,18,126,48,4,52,178
06/29/2018,ABI,TX,ASW,CE,Combined TRACON& Tower with Radar,0,21,21,8,50,0,45,27,12,84,0,66,48,20,134,0,0,0,134
06/30/2018,ABI,TX,ASW,CE,Combined TRACON& Tower with Radar,0,15,15,1,31,0,1,16,0,17,0,16,31,1,48,16,0,16,64
07/01/2018,ABI,TX,ASW,CE,Combined TRACON& Tower with Radar,0,14,9,0,23,0,4,21,2,27,0,18,30,2,50,26,0,26,76
07/02/2018,ABI,TX,ASW,CE,Combined TRACON& Tower with Radar,0,24,24,22,70,0,5,116,11,132,0,29,140,33,202,30,30,60,262
07/03/2018,ABI,TX,ASW,CE,Combined TRACON& Tower with Radar,0,28,13,14,55,0,6,29,31,66,0,34,42,45,121,28,42,70,191
07/04/2018,ABI,TX,ASW,CE,Combined TRACON& Tower with Radar,0,11,3,8,22,0,3,31,5,39,0,14,34,13,61,20,8,28,89
07/05/2018,ABI,TX,ASW,CE,Combined TRACON& Tower with Radar,0,20,20,2,42,1,4,14,17,36,1,24,34,19,78,14,0,14,92
07/06/2018,ABI,TX,ASW,CE,Combined TRACON& Tower with Radar,0,25,8,10,43,0,1,22,2,25,0,26,30,12,68,6,20,26,94
07/07/2018,ABI,TX,ASW,CE,Combined TRACON& Tower with Radar,0,18,9,0,27,0,0,25,0,25,0,18,34,0,52,0,0,0,52
07/08/2018,ABI,TX,ASW,CE,Combined TRACON& Tower with Radar,0,12,9,1,22,0,0,13,0,13,0,12,22,1,35,24,0,24,59
07/09/2018,ABI,TX,ASW,CE,Combined TRACON& Tower with Radar,0,22,9,6,37,0,0,16,0,16,0,22,25,6,53,40,8,48,101
07/10/2018,ABI,TX,ASW,CE,Combined TRACON& Tower with Radar,0,29,22,4,55,0,0,13,1,14,0,29,35,5,69,2,4,6,75
07/11/2018,ABI,TX,ASW,CE,Combined TRACON& Tower with Radar,0,21,28,28,77,0,2,29,3,34,0,23,57,31,111,20,106,126,237
07/12/2018,ABI,TX,ASW,CE,Combined TRACON& Tower with Radar,12,22,20,8,62,0,1,35,0,36,12,23,55,8,98,20,14,34,132
07/13/2018,ABI,TX,ASW,CE,Combined TRACON& Tower with Radar,0,22,22,16,60,0,2,20,0,22,0,24,42,16,82,0,0,0,82
07/14/2018,ABI,TX,ASW,CE,Combined TRACON& Tower with Radar,0,20,13,13,46,0,0,33,0,33,0,20,46,13,79,0,0,0,79
07/15/2018,ABI,TX,ASW,CE,Combined TRACON& Tower with Radar,2,19,9,0,30,0,0,24,0,24,2,19,33,0,54,10,0,10,64
07/16/2018,ABI,TX,ASW,CE,Combined TRACON& Tower with Radar,0,18,19,6,43,0,13,38,9,60,0,31,57,15,103,24,2,26,129
07/17/2018,ABI,TX,ASW,CE,Combined TRACON& Tower with Radar,0,27,12,28,67,0,28,33,28,89,0,55,45,56,156,50,28,78,234
07/18/2018,ABI,TX,ASW,CE,Combined TRACON& Tower with Radar,0,27,29,7,63,0,22,49,10,81,0,49,78,17,144,28,8,36,180
07/19/2018,ABI,TX,ASW,CE,Combined TRACON& Tower with Radar,2,24,21,42,89,0,17,49,9,75,2,41,70,51,164,16,62,78,242
07/20/2018,ABI,TX,ASW,CE,Combined TRACON& Tower with Radar,0,25,26,8,59,1,5,43,11,60,1,30,69,19,119,26,14,40,159
07/21/2018,ABI,TX,ASW,CE,Combined TRACON& Tower with Radar,0,17,3,2,22,2,3,43,18,66,2,20,46,20,88,46,0,46,134
07/22/2018,ABI,TX,ASW,CE,Combined TRACON& Tower with Radar,0,14,13,7,34,0,0,28,5,33,0,14,41,12,67,2,10,12,79
07/23/2018,ABI,TX,ASW,CE,Combined TRACON& Tower with Radar,0,15,17,25,57,1,2,23,27,53,1,17,40,52,110,40,24,64,174
07/24/2018,ABI,TX,ASW,CE,Combined TRACON& Tower with Radar,0,23,22,30,75,0,3,39,26,68,0,26,61,56,143,10,22,32,175
07/25/2018,ABI,TX,ASW,CE,Combined TRACON& Tower with Radar,0,27,10,14,51,0,1,43,0,44,0,28,53,14,95,8,30,38,133
07/26/2018,ABI,TX,ASW,CE,Combined TRACON& Tower with Radar,0,28,9,24,61,1,6,26,4,37,1,34,35,28,98,4,14,18,116
07/27/2018,ABI,TX,ASW,CE,Combined TRACON& Tower with Radar,0,25,11,67,103,0,0,30,13,43,0,25,41,80,146,30,46,76,222
07/28/2018,ABI,TX,ASW,CE,Combined TRACON& Tower with Radar,0,18,15,24,57,0,1,29,2,32,0,19,44,26,89,32,26,58,147
07/29/2018,ABI,TX,ASW,CE,Combined TRACON& Tower with Radar,2,22,13,22,59,0,0,25,2,27,2,22,38,24,86,16,30,46,132
07/30/2018,ABI,TX,ASW,CE,Combined TRACON& Tower with Radar,0,17,9,0,26,0,0,3,4,7,0,17,12,4,33,8,0,8,41
07/31/2018,ABI,TX,ASW,CE,Combined TRACON& Tower with Radar,0,24,19,76,119,0,2,28,15,45,0,26,47,91,164,22,108,130,294
08/01/2018,ABI,TX,ASW,CE,Combined TRACON& Tower with Radar,0,39,24,33,96,0,0,44,2,46,0,39,68,35,142,16,48,64,206
08/02/2018,ABI,TX,ASW,CE,Combined TRACON& Tower with Radar,0,24,17,13,54,0,3,38,0,41,0,27,55,13,95,44,18,62,157
08/03/2018,ABI,TX,ASW,CE,Combined TRACON& Tower with Radar,2,25,17,17,61,0,1,39,11,51,2,26,56,28,112,0,0,0,112
08/04/2018,ABI,TX,ASW,CE,Combined TRACON& Tower with Radar,0,18,8,0,26,1,0,20,7,28,1,18,28,7,54,0,0,0,54
08/05/2018,ABI,TX,ASW,CE,Combined TRACON& Tower with Radar,0,14,14,23,51,0,0,18,3,21,0,14,32,26,72,0,32,32,104
08/06/2018,ABI,TX,ASW,CE,Combined TRACON& Tower with Radar,2,14,27,16,59,0,1,20,1,22,2,15,47,17,81,16,46,62,143
08/07/2018,ABI,TX,ASW,CE,Combined TRACON& Tower with Radar,0,26,22,14,62,0,4,34,2,40,0,30,56,16,102,14,18,32,134
08/08/2018,ABI,TX,ASW,CE,Combined TRACON& Tower with Radar,0,23,32,22,77,0,4,31,14,49,0,27,63,36,126,18,52,70,196
08/09/2018,ABI,TX,ASW,CE,Combined TRACON& Tower with Radar,0,29,14,3,46,0,0,19,1,20,0,29,33,4,66,0,2,2,68
08/10/2018,ABI,TX,ASW,CE,Combined TRACON& Tower with Radar,0,22,21,3,46,0,0,1,0,1,0,22,22,3,47,0,0,0,47
08/11/2018,ABI,TX,ASW,CE,Combined TRACON& Tower with Radar,0,15,8,4,27,0,1,12,2,15,0,16,20,6,42,32,0,32,74
08/12/2018,ABI,TX,ASW,CE,Combined TRACON& Tower with Radar,2,13,13,0,28,0,0,1,0,1,2,13,14,0,29,0,0,0,29
08/13/2018,ABI,TX,ASW,CE,Combined TRACON& Tower with Radar,0,16,14,4,34,0,0,0,0,0,0,16,14,4,34,0,8,8,42
08/14/2018,ABI,TX,ASW,CE,Combined TRACON& Tower with Radar,0,30,26,13,69,0,1,14,4,19,0,31,40,17,88,0,0,0,88
08/15/2018,ABI,TX,ASW,CE,Combined TRACON& Tower with Radar,0,25,10,28,63,0,1,32,2,35,0,26,42,30,98,6,56,62,160
08/16/2018,ABI,TX,ASW,CE,Combined TRACON& Tower with Radar,2,22,24,31,79,0,5,28,2,35,2,27,52,33,114,34,10,44,158
08/17/2018,ABI,TX,ASW,CE,Combined TRACON& Tower with Radar,0,24,13,16,53,0,1,20,8,29,0,25,33,24,82,42,14,56,138
08/18/2018,ABI,TX,ASW,CE,Combined TRACON& Tower with Radar,4,20,7,0,31,0,0,35,0,35,4,20,42,0,66,18,0,18,84
08/19/2018,ABI,TX,ASW,CE,Combined TRACON& Tower with Radar,0,16,16,11,43,0,1,12,3,16,0,17,28,14,59,2,10,12,71
08/20/2018,ABI,TX,ASW,CE,Combined TRACON& Tower with Radar,0,22,15,12,49,0,0,29,0,29,0,22,44,12,78,0,0,0,78
08/21/2018,ABI,TX,ASW,CE,Combined TRACON& Tower with Radar,0,22,16,39,77,0,1,16,8,25,0,23,32,47,102,0,38,38,140
08/22/2018,ABI,TX,ASW,CE,Combined TRACON& Tower with Radar,0,27,24,10,61,0,0,20,5,25,0,27,44,15,86,0,0,0,86
08/23/2018,ABI,TX,ASW,CE,Combined TRACON& Tower with Radar,0,29,21,20,70,0,0,32,3,35,0,29,53,23,105,0,0,0,105
08/24/2018,ABI,TX,ASW,CE,Combined TRACON& Tower with Radar,0,31,18,7,56,0,3,23,5,31,0,34,41,12,87,10,2,12,99
08/25/2018,ABI,TX,ASW,CE,Combined TRACON& Tower with Radar,0,20,9,0,29,0,0,47,0,47,0,20,56,0,76,4,0,4,80
08/26/2018,ABI,TX,ASW,CE,Combined TRACON& Tower with Radar,0,12,20,8,40,0,0,17,4,21,0,12,37,12,61,10,0,10,71
08/27/2018,ABI,TX,ASW,CE,Combined TRACON& Tower with Radar,0,17,13,7,37,0,2,17,2,21,0,19,30,9,58,0,4,4,62
08/28/2018,ABI,TX,ASW,CE,Combined TRACON& Tower with Radar,0,23,24,29,76,0,0,35,6,41,0,23,59,35,117,24,4,28,145
08/29/2018,ABI,TX,ASW,CE,Combined TRACON& Tower with Radar,0,25,21,20,66,0,0,35,0,35,0,25,56,20,101,40,18,58,159
08/30/2018,ABI,TX,ASW,CE,Combined TRACON& Tower with Radar,2,26,27,9,64,0,3,24,0,27,2,29,51,9,91,54,4,58,149
08/31/2018,ABI,TX,ASW,CE,Combined TRACON& Tower with Radar,0,29,37,2,68,0,0,44,0,44,0,29,81,2,112,8,22,30,142
09/01/2018,ABI,TX,ASW,CE,Combined TRACON& Tower with Radar,0,12,16,0,28,0,1,24,0,25,0,13,40,0,53,6,0,6,59
09/02/2018,ABI,TX,ASW,CE,Combined TRACON& Tower with Radar,2,12,12,0,26,0,0,13,0,13,2,12,25,0,39,4,0,4,43
09/03/2018,ABI,TX,ASW,CE,Combined TRACON& Tower with Radar,0,12,13,0,25,0,1,11,0,12,0,13,24,0,37,2,0,2,39
09/04/2018,ABI,TX,ASW,CE,Combined TRACON& Tower with Radar,0,24,16,8,48,0,1,0,0,1,0,25,16,8,49,0,0,0,49
09/05/2018,ABI,TX,ASW,CE,Combined TRACON& Tower with Radar,0,31,17,7,55,0,0,1,0,1,0,31,18,7,56,0,0,0,56
09/06/2018,ABI,TX,ASW,CE,Combined TRACON& Tower with Radar,2,28,17,0,47,0,0,8,0,8,2,28,25,0,55,0,0,0,55
09/07/2018,ABI,TX,ASW,CE,Combined TRACON& Tower with Radar,2,21,27,0,50,0,0,7,0,7,2,21,34,0,57,0,0,0,57
09/08/2018,ABI,TX,ASW,CE,Combined TRACON& Tower with Radar,1,14,19,0,34,0,0,1,0,1,1,14,20,0,35,0,0,0,35
09/09/2018,ABI,TX,ASW,CE,Combined TRACON& Tower with Radar,1,16,24,10,51,0,0,7,0,7,1,16,31,10,58,0,16,16,74
09/10/2018,ABI,TX,ASW,CE,Combined TRACON& Tower with Radar,0,17,26,56,99,0,0,26,1,27,0,17,52,57,126,16,26,42,168
09/11/2018,ABI,TX,ASW,CE,Combined TRACON& Tower with Radar,0,29,29,56,114,0,1,18,2,21,0,30,47,58,135,12,48,60,195
09/12/2018,ABI,TX,ASW,CE,Combined TRACON& Tower with Radar,0,23,36,67,126,0,0,21,8,29,0,23,57,75,155,12,152,164,319
09/13/2018,ABI,TX,ASW,CE,Combined TRACON& Tower with Radar,0,21,49,29,99,0,2,32,2,36,0,23,81,31,135,2,44,46,181
09/14/2018,ABI,TX,ASW,CE,Combined TRACON& Tower with Radar,2,23,22,42,89,0,0,25,2,27,2,23,47,44,116,0,38,38,154
09/15/2018,ABI,TX,ASW,CE,Combined TRACON& Tower with Radar,0,19,9,2,30,0,0,11,0,11,0,19,20,2,41,2,16,18,59
09/16/2018,ABI,TX,ASW,CE,Combined TRACON& Tower with Radar,2,16,24,10,52,0,1,17,4,22,2,17,41,14,74,0,18,18,92
09/17/2018,ABI,TX,ASW,CE,Combined TRACON& Tower with Radar,0,22,25,20,67,0,0,29,0,29,0,22,54,20,96,16,64,80,176
09/18/2018,ABI,TX,ASW,CE,Combined TRACON& Tower with Radar,0,31,11,21,63,0,0,34,0,34,0,31,45,21,97,14,18,32,129
09/19/2018,ABI,TX,ASW,CE,Combined TRACON& Tower with Radar,0,35,28,12,75,0,0,40,0,40,0,35,68,12,115,0,10,10,125
09/20/2018,ABI,TX,ASW,CE,Combined TRACON& Tower with Radar,2,28,19,30,79,0,0,20,3,23,2,28,39,33,102,66,0,66,168
09/21/2018,ABI,TX,ASW,CE,Combined TRACON& Tower with Radar,0,23,30,1,54,0,0,3,0,3,0,23,33,1,57,0,0,0,57
09/22/2018,ABI,TX,ASW,CE,Combined TRACON& Tower with Radar,0,18,18,0,36,0,0,0,0,0,0,18,18,0,36,0,0,0,36
09/23/2018,ABI,TX,ASW,CE,Combined TRACON& Tower with Radar,0,16,20,0,36,0,1,4,0,5,0,17,24,0,41,0,0,0,41
09/24/2018,ABI,TX,ASW,CE,Combined TRACON& Tower with Radar,0,20,19,2,41,0,1,17,0,18,0,21,36,2,59,12,0,12,71
09/25/2018,ABI,TX,ASW,CE,Combined TRACON& Tower with Radar,0,23,30,20,73,0,2,32,10,44,0,25,62,30,117,26,14,40,157
09/26/2018,ABI,TX,ASW,CE,Combined TRACON& Tower with Radar,0,28,15,19,62,0,0,3,0,3,0,28,18,19,65,10,10,20,85
09/27/2018,ABI,TX,ASW,CE,Combined TRACON& Tower with Radar,0,33,34,51,118,0,0,56,5,61,0,33,90,56,179,0,0,0,179
09/28/2018,ABI,TX,ASW,CE,Combined TRACON& Tower with Radar,0,24,42,45,111,0,0,32,4,36,0,24,74,49,147,36,22,58,205
09/29/2018,ABI,TX,ASW,CE,Combined TRACON& Tower with Radar,0,18,20,1,39,0,1,33,1,35,0,19,53,2,74,12,10,22,96
09/30/2018,ABI,TX,ASW,CE,Combined TRACON& Tower with Radar,0,14,24,15,53,0,0,23,1,24,0,14,47,16,77,4,16,20,97
10/01/2018,ABI,TX,ASW,CE,Combined TRACON& Tower with Radar,0,21,20,44,85,0,3,14,1,18,0,24,34,45,103,6,64,70,173
10/02/2018,ABI,TX,ASW,CE,Combined TRACON& Tower with Radar,0,29,26,15,70,0,1,41,1,43,0,30,67,16,113,4,0,4,117
10/03/2018,ABI,TX,ASW,CE,Combined TRACON& Tower with Radar,0,40,32,65,137,0,4,15,2,21,0,44,47,67,158,18,104,122,280
10/04/2018,ABI,TX,ASW,CE,Combined TRACON& Tower with Radar,0,27,29,23,79,0,2,32,1,35,0,29,61,24,114,34,12,46,160
10/05/2018,ABI,TX,ASW,CE,Combined TRACON& Tower with Radar,2,26,28,23,79,0,2,21,4,27,2,28,49,27,106,0,8,8,114
10/06/2018,ABI,TX,ASW,CE,Combined TRACON& Tower with Radar,2,17,17,0,36,0,1,17,0,18,2,18,34,0,54,0,0,0,54
10/07/2018,ABI,TX,ASW,CE,Combined TRACON& Tower with Radar,3,15,17,0,35,0,1,14,0,15,3,16,31,0,50,0,0,0,50
10/08/2018,ABI,TX,ASW,CE,Combined TRACON& Tower with Radar,0,20,12,0,32,0,2,1,0,3,0,22,13,0,35,2,0,2,37
10/09/2018,ABI,TX,ASW,CE,Combined TRACON& Tower with Radar,15,20,15,4,54,0,1,12,0,13,15,21,27,4,67,8,0,8,75
10/10/2018,ABI,TX,ASW,CE,Combined TRACON& Tower with Radar,1,26,37,74,138,0,1,74,0,75,1,27,111,74,213,48,82,130,343
10/11/2018,ABI,TX,ASW,CE,Combined TRACON& Tower with Radar,0,22,36,12,70,0,2,43,0,45,0,24,79,12,115,4,16,20,135
10/12/2018,ABI,TX,ASW,CE,Combined TRACON& Tower with Radar,2,31,28,18,79,0,0,5,3,8,2,31,33,21,87,0,0,0,87
10/13/2018,ABI,TX,ASW,CE,Combined TRACON& Tower with Radar,0,15,16,5,36,0,0,3,0,3,0,15,19,5,39,0,0,0,39
10/14/2018,ABI,TX,ASW,CE,Combined TRACON& Tower with Radar,0,13,12,0,25,0,0,7,0,7,0,13,19,0,32,2,0,2,34
10/15/2018,ABI,TX,ASW,CE,Combined TRACON& Tower with Radar,0,20,11,2,33,0,0,3,8,11,0,20,14,10,44,0,8,8,52
10/16/2018,ABI,TX,ASW,CE,Combined TRACON& Tower with Radar,0,25,15,21,61,0,0,0,0,0,0,25,15,21,61,0,0,0,61
10/17/2018,ABI,TX,ASW,CE,Combined TRACON& Tower with Radar,0,30,19,16,65,0,0,1,0,1,0,30,20,16,66,0,12,12,78
10/18/2018,ABI,TX,ASW,CE,Combined TRACON& Tower with Radar,0,27,23,8,58,0,0,0,0,0,0,27,23,8,58,0,0,0,58
10/19/2018,ABI,TX,ASW,CE,Combined TRACON& Tower with Radar,2,21,18,40,81,0,0,0,0,0,2,21,18,40,81,0,0,0,81
10/20/2018,ABI,TX,ASW,CE,Combined TRACON& Tower with Radar,0,19,15,21,55,0,0,20,5,25,0,19,35,26,80,0,0,0,80
10/21/2018,ABI,TX,ASW,CE,Combined TRACON& Tower with Radar,4,16,21,1,42,0,6,49,0,55,4,22,70,1,97,114,0,114,211
10/22/2018,ABI,TX,ASW,CE,Combined TRACON& Tower with Radar,1,16,23,44,84,0,0,32,6,38,1,16,55,50,122,38,8,46,168
10/23/2018,ABI,TX,ASW,CE,Combined TRACON& Tower with Radar,1,23,33,30,87,0,1,33,0,34,1,24,66,30,121,12,40,52,173
10/24/2018,ABI,TX,ASW,CE,Combined TRACON& Tower with Radar,2,27,15,25,69,0,0,0,0,0,2,27,15,25,69,0,0,0,69
10/25/2018,ABI,TX,ASW,CE,Combined TRACON& Tower with Radar,2,36,47,65,150,0,0,18,3,21,2,36,65,68,171,38,56,94,265
10/26/2018,ABI,TX,ASW,CE,Combined TRACON& Tower with Radar,1,28,36,31,96,0,1,42,7,50,1,29,78,38,146,24,0,24,170
10/27/2018,ABI,TX,ASW,CE,Combined TRACON& Tower with Radar,0,14,18,1,33,0,0,52,1,53,0,14,70,2,86,0,0,0,86
10/28/2018,ABI,TX,ASW,CE,Combined TRACON& Tower with Radar,1,13,10,9,33,0,0,35,0,35,1,13,45,9,68,32,10,42,110
10/29/2018,ABI,TX,ASW,CE,Combined TRACON& Tower with Radar,0,20,13,31,64,0,0,42,2,44,0,20,55,33,108,26,4,30,138
10/30/2018,ABI,TX,ASW,CE,Combined TRACON& Tower with Radar,0,25,44,27,96,0,0,31,6,37,0,25,75,33,133,16,14,30,163
10/31/2018,ABI,TX,ASW,CE,Combined TRACON& Tower with Radar,0,24,18,0,42,0,0,1,0,1,0,24,19,0,43,4,0,4,47
11/01/2018,ABI,TX,ASW,CE,Combined TRACON& Tower with Radar,0,29,33,26,88,0,5,30,1,36,0,34,63,27,124,2,0,2,126
11/02/2018,ABI,TX,ASW,CE,Combined TRACON& Tower with Radar,2,22,20,49,93,0,0,52,5,57,2,22,72,54,150,0,26,26,176
11/03/2018,ABI,TX,ASW,CE,Combined TRACON& Tower with Radar,0,17,12,0,29,0,2,13,0,15,0,19,25,0,44,0,0,0,44
11/04/2018,ABI,TX,ASW,CE,Combined TRACON& Tower with Radar,0,16,18,21,55,0,0,30,13,43,0,16,48,34,98,46,14,60,158
11/05/2018,ABI,TX,ASW,CE,Combined TRACON& Tower with Radar,0,20,27,41,88,0,4,43,2,49,0,24,70,43,137,40,60,100,237
11/06/2018,ABI,TX,ASW,CE,Combined TRACON& Tower with Radar,0,29,23,27,79,0,1,35,2,38,0,30,58,29,117,52,2,54,171
11/07/2018,ABI,TX,ASW,CE,Combined TRACON& Tower with Radar,0,23,22,13,58,0,0,2,0,2,0,23,24,13,60,0,0,0,60
11/08/2018,ABI,TX,ASW,CE,Combined TRACON& Tower with Radar,4,26,23,0,53,0,0,0,0,0,4,26,23,0,53,0,0,0,53
11/09/2018,ABI,TX,ASW,CE,Combined TRACON& Tower with Radar,2,32,45,21,100,0,0,15,3,18,2,32,60,24,118,22,2,24,142
11/10/2018,ABI,TX,ASW,CE,Combined TRACON& Tower with Radar,0,23,28,0,51,0,0,48,0,48,0,23,76,0,99,0,0,0,99
11/11/2018,ABI,TX,ASW,CE,Combined TRACON& Tower with Radar,1,12,11,2,26,0,2,14,0,16,1,14,25,2,42,18,0,18,60
11/12/2018,ABI,TX,ASW,CE,Combined TRACON& Tower with Radar,5,16,12,0,33,0,0,0,0,0,5,16,12,0,33,2,0,2,35
11/13/2018,ABI,TX,ASW,CE,Combined TRACON& Tower with Radar,0,30,27,68,125,0,4,26,4,34,0,34,53,72,159,14,0,14,173
11/14/2018,ABI,TX,ASW,CE,Combined TRACON& Tower with Radar,0,24,29,5,58,0,0,48,2,50,0,24,77,7,108,6,0,6,114
11/15/2018,ABI,TX,ASW,CE,Combined TRACON& Tower with Radar,0,21,31,1,53,0,2,49,2,53,0,23,80,3,106,62,0,62,168
11/16/2018,ABI,TX,ASW,CE,Combined TRACON& Tower with Radar,0,33,34,32,99,0,0,51,13,64,0,33,85,45,163,20,20,40,203
11/17/2018,ABI,TX,ASW,CE,Combined TRACON& Tower with Radar,0,25,20,4,49,0,2,51,2,55,0,27,71,6,104,18,0,18,122
11/18/2018,ABI,TX,ASW,CE,Combined TRACON& Tower with Radar,0,15,27,6,48,0,0,19,0,19,0,15,46,6,67,16,2,18,85
11/19/2018,ABI,TX,ASW,CE,Combined TRACON& Tower with Radar,0,20,27,17,64,0,0,31,1,32,0,20,58,18,96,38,60,98,194
11/20/2018,ABI,TX,ASW,CE,Combined TRACON& Tower with Radar,1,24,41,23,89,0,1,62,2,65,1,25,103,25,154,20,46,66,220
11/21/2018,ABI,TX,ASW,CE,Combined TRACON& Tower with Radar,0,22,21,12,55,0,3,35,14,52,0,25,56,26,107,82,0,82,189
11/22/2018,ABI,TX,ASW,CE,Combined TRACON& Tower with Radar,0,8,9,0,17,0,4,20,0,24,0,12,29,0,41,0,0,0,41
11/23/2018,ABI,TX,ASW,CE,Combined TRACON& Tower with Radar,0,18,19,0,37,0,2,21,0,23,0,20,40,0,60,16,0,16,76
11/24/2018,ABI,TX,ASW,CE,Combined TRACON& Tower with Radar,0,16,15,0,31,0,0,23,0,23,0,16,38,0,54,0,0,0,54
11/25/2018,ABI,TX,ASW,CE,Combined TRACON& Tower with Radar,2,15,19,0,36,0,0,29,0,29,2,15,48,0,65,18,0,18,83
11/26/2018,ABI,TX,ASW,CE,Combined TRACON& Tower with Radar,1,21,15,39,76,0,1,24,12,37,1,22,39,51,113,20,46,66,179
11/27/2018,ABI,TX,ASW,CE,Combined TRACON& Tower with Radar,0,24,20,7,51,0,1,29,0,30,0,25,49,7,81,22,2,24,105
11/28/2018,ABI,TX,ASW,CE,Combined TRACON& Tower with Radar,0,31,20,0,51,0,0,37,0,37,0,31,57,0,88,10,0,10,98
11/29/2018,ABI,TX,ASW,CE,Combined TRACON& Tower with Radar,4,35,30,12,81,0,2,47,0,49,4,37,77,12,130,42,0,42,172
11/30/2018,ABI,TX,ASW,CE,Combined TRACON& Tower with Radar,4,22,27,21,74,0,0,21,0,21,4,22,48,21,95,14,28,42,137
12/01/2018,ABI,TX,ASW,CE,Combined TRACON& Tower with Radar,2,22,7,0,31,0,2,9,0,11,2,24,16,0,42,0,0,0,42
12/02/2018,ABI,TX,ASW,CE,Combined TRACON& Tower with Radar,0,12,19,39,70,0,0,29,2,31,0,12,48,41,101,52,10,62,163
12/03/2018,ABI,TX,ASW,CE,Combined TRACON& Tower with Radar,0,19,32,37,88,0,0,37,7,44,0,19,69,44,132,6,46,52,184
12/04/2018,ABI,TX,ASW,CE,Combined TRACON& Tower with Radar,0,29,18,17,64,0,2,30,0,32,0,31,48,17,96,0,46,46,142
12/05/2018,ABI,TX,ASW,CE,Combined TRACON& Tower with Radar,2,26,20,0,48,0,2,49,1,52,2,28,69,1,100,14,0,14,114
12/06/2018,ABI,TX,ASW,CE,Combined TRACON& Tower with Radar,1,31,35,21,88,0,2,3,1,6,1,33,38,22,94,0,0,0,94
12/07/2018,ABI,TX,ASW,CE,Combined TRACON& Tower with Radar,0,24,13,4,41,0,0,0,0,0,0,24,13,4,41,0,0,0,41
12/08/2018,ABI,TX,ASW,CE,Combined TRACON& Tower with Radar,0,8,7,0,15,0,0,2,0,2,0,8,9,0,17,0,0,0,17
12/09/2018,ABI,TX,ASW,CE,Combined TRACON& Tower with Radar,1,16,20,0,37,0,0,20,0,20,1,16,40,0,57,1,0,1,58
12/10/2018,ABI,TX,ASW,CE,Combined TRACON& Tower with Radar,0,28,28,12,68,0,2,32,0,34,0,30,60,12,102,22,14,36,138
12/11/2018,ABI,TX,ASW,CE,Combined TRACON& Tower with Radar,0,33,21,41,95,0,2,16,8,26,0,35,37,49,121,2,0,2,123
12/12/2018,ABI,TX,ASW,CE,Combined TRACON& Tower with Radar,2,29,21,44,96,0,3,21,0,24,2,32,42,44,120,18,90,108,228
12/13/2018,ABI,TX,ASW,CE,Combined TRACON& Tower with Radar,0,19,15,0,34,0,0,0,0,0,0,19,15,0,34,0,0,0,34
12/14/2018,ABI,TX,ASW,CE,Combined TRACON& Tower with Radar,3,32,22,0,57,0,0,14,0,14,3,32,36,0,71,0,0,0,71
12/15/2018,ABI,TX,ASW,CE,Combined TRACON& Tower with Radar,4,17,21,5,47,0,0,61,0,61,4,17,82,5,108,28,0,28,136
12/16/2018,ABI,TX,ASW,CE,Combined TRACON& Tower with Radar,0,13,18,14,45,0,7,26,0,33,0,20,44,14,78,8,0,8,86
12/17/2018,ABI,TX,ASW,CE,Combined TRACON& Tower with Radar,1,20,13,21,55,0,5,31,0,36,1,25,44,21,91,24,16,40,131
12/18/2018,ABI,TX,ASW,CE,Combined TRACON& Tower with Radar,1,27,27,10,65,0,0,32,3,35,1,27,59,13,100,0,0,0,100
12/19/2018,ABI,TX,ASW,CE,Combined TRACON& Tower with Radar,2,25,34,20,81,0,2,21,0,23,2,27,55,20,104,10,14,24,128
12/20/2018,ABI,TX,ASW,CE,Combined TRACON& Tower with Radar,0,32,13,10,55,0,2,30,3,35,0,34,43,13,90,0,66,66,156
12/21/2018,ABI,TX,ASW,CE,Combined TRACON& Tower with Radar,2,24,29,18,73,0,7,43,0,50,2,31,72,18,123,10,14,24,147
12/22/2018,ABI,TX,ASW,CE,Combined TRACON& Tower with Radar,0,14,25,1,40,0,2,40,0,42,0,16,65,1,82,33,0,33,115
12/23/2018,ABI,TX,ASW,CE,Combined TRACON& Tower with Radar,0,15,21,0,36,0,4,26,0,30,0,19,47,0,66,6,0,6,72
12/24/2018,ABI,TX,ASW,CE,Combined TRACON& Tower with Radar,4,14,2,0,20,0,1,17,0,18,4,15,19,0,38,0,0,0,38
12/25/2018,ABI,TX,ASW,CE,Combined TRACON& Tower with Radar,0,12,3,0,15,0,2,1,0,3,0,14,4,0,18,4,0,4,22
12/26/2018,ABI,TX,ASW,CE,Combined TRACON& Tower with Radar,9,19,16,0,44,0,0,0,0,0,9,19,16,0,44,0,0,0,44
12/27/2018,ABI,TX,ASW,CE,Combined TRACON& Tower with Radar,8,27,22,0,57,0,1,19,0,20,8,28,41,0,77,8,0,8,85
12/28/2018,ABI,TX,ASW,CE,Combined TRACON& Tower with Radar,1,27,25,0,53,0,2,44,2,48,1,29,69,2,101,0,0,0,101
12/29/2018,ABI,TX,ASW,CE,Combined TRACON& Tower with Radar,1,18,6,0,25,0,2,9,0,11,1,20,15,0,36,6,0,6,42
12/30/2018,ABI,TX,ASW,CE,Combined TRACON& Tower with Radar,1,12,28,1,42,0,0,3,0,3,1,12,31,1,45,0,0,0,45
12/31/2018,ABI,TX,ASW,CE,Combined TRACON& Tower with Radar,0,14,15,1,30,0,2,8,0,10,0,16,23,1,40,6,0,6,46
01/01/2019,ABI,TX,ASW,CE,Combined TRACON& Tower with Radar,0,10,14,0,24,0,0,0,0,0,0,10,14,0,24,0,0,0,24
01/02/2019,ABI,TX,ASW,CE,Combined TRACON& Tower with Radar,1,13,4,0,18,0,0,0,0,0,1,13,4,0,18,0,0,0,18
01/03/2019,ABI,TX,ASW,CE,Combined TRACON& Tower with Radar,0,29,6,19,54,0,0,5,0,5,0,29,11,19,59,0,36,36,95
01/04/2019,ABI,TX,ASW,CE,Combined TRACON& Tower with Radar,0,24,25,47,96,0,1,45,6,52,0,25,70,53,148,10,0,10,158
01/05/2019,ABI,TX,ASW,CE,Combined TRACON& Tower with Radar,1,17,22,0,40,0,0,45,1,46,1,17,67,1,86,38,0,38,124
01/06/2019,ABI,TX,ASW,CE,Combined TRACON& Tower with Radar,0,17,6,9,32,0,3,29,1,33,0,20,35,10,65,10,0,10,75
01/07/2019,ABI,TX,ASW,CE,Combined TRACON& Tower with Radar,0,20,24,41,85,0,5,38,8,51,0,25,62,49,136,14,120,134,270
01/08/2019,ABI,TX,ASW,CE,Combined TRACON& Tower with Radar,0,25,24,25,74,0,5,26,1,32,0,30,50,26,106,2,26,28,134
01/09/2019,ABI,TX,ASW,CE,Combined TRACON& Tower with Radar,0,21,18,3,42,0,2,48,3,53,0,23,66,6,95,2,24,26,121
01/10/2019,ABI,TX,ASW,CE,Combined TRACON& Tower with Radar,0,25,17,4,46,0,1,25,0,26,0,26,42,4,72,10,0,10,82
01/11/2019,ABI,TX,ASW,CE,Combined TRACON& Tower with Radar,2,27,14,4,47,0,0,0,0,0,2,27,14,4,47,0,0,0,47
01/12/2019,ABI,TX,ASW,CE,Combined TRACON& Tower with Radar,0,15,16,11,42,0,0,22,1,23,0,15,38,12,65,0,0,0,65
01/13/2019,ABI,TX,ASW,CE,Combined TRACON& Tower with Radar,3,15,31,16,65,0,0,0,2,2,3,15,31,18,67,0,0,0,67
01/14/2019,ABI,TX,ASW,CE,Combined TRACON& Tower with Radar,2,19,26,36,83,0,0,22,2,24,2,19,48,38,107,0,32,32,139
01/15/2019,ABI,TX,ASW,CE,Combined TRACON& Tower with Radar,0,24,46,19,89,0,2,16,5,23,0,26,62,24,112,0,64,64,176
01/16/2019,ABI,TX,ASW,CE,Combined TRACON& Tower with Radar,0,30,29,42,101,0,0,18,2,20,0,30,47,44,121,2,18,20,141
01/17/2019,ABI,TX,ASW,CE,Combined TRACON& Tower with Radar,0,24,29,56,109,0,1,57,4,62,0,25,86,60,171,12,70,82,253
01/18/2019,ABI,TX,ASW,CE,Combined TRACON& Tower with Radar,0,21,15,16,52,0,1,12,5,18,0,22,27,21,70,0,8,8,78
01/19/2019,ABI,TX,ASW,CE,Combined TRACON& Tower with Radar,0,14,11,1,26,0,0,14,2,16,0,14,25,3,42,0,22,22,64
01/20/2019,ABI,TX,ASW,CE,Combined TRACON& Tower with Radar,0,14,6,0,20,0,0,33,0,33,0,14,39,0,53,24,0,24,77
01/21/2019,ABI,TX,ASW,CE,Combined TRACON& Tower with Radar,0,25,17,0,42,0,0,21,0,21,0,25,38,0,63,2,0,2,65
01/22/2019,ABI,TX,ASW,CE,Combined TRACON& Tower with Radar,0,19,15,28,62,0,0,10,2,12,0,19,25,30,74,0,46,46,120
01/23/2019,ABI,TX,ASW,CE,Combined TRACON& Tower with Radar,0,21,30,19,70,0,4,58,2,64,0,25,88,21,134,82,76,158,292
01/24/2019,ABI,TX,ASW,CE,Combined TRACON& Tower with Radar,1,30,28,16,75,0,1,54,6,61,1,31,82,22,136,6,24,30,166
01/25/2019,ABI,TX,ASW,CE,Combined TRACON& Tower with Radar,2,24,38,28,92,0,3,26,4,33,2,27,64,32,125,14,12,26,151
01/26/2019,ABI,TX,ASW,CE,Combined TRACON& Tower with Radar,0,15,21,30,66,0,3,56,7,66,0,18,77,37,132,32,38,70,202
01/27/2019,ABI,TX,ASW,CE,Combined TRACON& Tower with Radar,0,10,14,24,48,0,1,51,13,65,0,11,65,37,113,10,32,42,155
01/28/2019,ABI,TX,ASW,CE,Combined TRACON& Tower with Radar,0,18,12,15,45,0,0,11,1,12,0,18,23,16,57,4,46,50,107
01/29/2019,ABI,TX,ASW,CE,Combined TRACON& Tower with Radar,0,24,14,29,67,0,5,28,4,37,0,29,42,33,104,16,20,36,140
01/30/2019,ABI,TX,ASW,CE,Combined TRACON& Tower with Radar,0,21,20,4,45,0,0,49,0,49,0,21,69,4,94,68,0,68,162
01/31/2019,ABI,TX,ASW,CE,Combined TRACON& Tower with Radar,0,25,17,29,71,0,1,9,1,11,0,26,26,30,82,16,26,42,124
02/01/2019,ABI,TX,ASW,CE,Combined TRACON& Tower with Radar,0,32,22,38,92,0,1,12,0,13,0,33,34,38,105,0,0,0,105
02/02/2019,ABI,TX,ASW,CE,Combined TRACON& Tower with Radar,4,14,24,76,118,0,0,11,3,14,4,14,35,79,132,26,106,132,264
02/03/2019,ABI,TX,ASW,CE,Combined TRACON& Tower with Radar,0,13,26,5,44,0,0,19,2,21,0,13,45,7,65,10,8,18,83
02/04/2019,ABI,TX,ASW,CE,Combined TRACON& Tower with Radar,0,18,22,9,49,0,0,33,0,33,0,18,55,9,82,24,12,36,118
02/05/2019,ABI,TX,ASW,CE,Combined TRACON& Tower with Radar,5,29,42,16,92,0,0,15,0,15,5,29,57,16,107,40,0,40,147
02/06/2019,ABI,TX,ASW,CE,Combined TRACON& Tower with Radar,1,24,29,48,102,0,0,8,0,8,1,24,37,48,110,8,0,8,118
02/07/2019,ABI,TX,ASW,CE,Combined TRACON& Tower with Radar,0,23,15,9,47,0,2,38,0,40,0,25,53,9,87,126,26,152,239
02/08/2019,ABI,TX,ASW,CE,Combined TRACON& Tower with Radar,0,23,10,23,56,0,2,16,3,21,0,25,26,26,77,64,80,144,221
02/09/2019,ABI,TX,ASW,CE,Combined TRACON& Tower with Radar,2,13,5,0,20,0,5,15,0,20,2,18,20,0,40,24,0,24,64
02/10/2019,ABI,TX,ASW,CE,Combined TRACON& Tower with Radar,0,17,9,0,26,0,0,0,0,0,0,17,9,0,26,0,0,0,26
02/11/2019,ABI,TX,ASW,CE,Combined TRACON& Tower with Radar,0,22,28,36,86,0,4,3,4,11,0,26,31,40,97,14,4,18,115
02/12/2019,ABI,TX,ASW,CE,Combined TRACON& Tower with Radar,0,34,22,30,86,0,1,54,3,58,0,35,76,33,144,28,32,60,204
02/13/2019,ABI,TX,ASW,CE,Combined TRACON& Tower with Radar,2,27,30,17,76,0,3,21,1,25,2,30,51,18,101,0,0,0,101
02/14/2019,ABI,TX,ASW,CE,Combined TRACON& Tower with Radar,1,28,21,19,69,0,3,29,1,33,1,31,50,20,102,40,8,48,150
02/15/2019,ABI,TX,ASW,CE,Combined TRACON& Tower with Radar,2,24,26,32,84,0,2,32,0,34,2,26,58,32,118,16,16,32,150
02/16/2019,ABI,TX,ASW,CE,Combined TRACON& Tower with Radar,1,21,22,0,44,0,2,27,0,29,1,23,49,0,73,40,0,40,113
02/17/2019,ABI,TX,ASW,CE,Combined TRACON& Tower with Radar,3,17,37,0,57,0,2,33,0,35,3,19,70,0,92,18,0,18,110
02/18/2019,ABI,TX,ASW,CE,Combined TRACON& Tower with Radar,2,16,22,7,47,0,0,29,9,38,2,16,51,16,85,16,4,20,105
02/19/2019,ABI,TX,ASW,CE,Combined TRACON& Tower with Radar,0,24,15,9,48,0,0,1,0,1,0,24,16,9,49,0,8,8,57
02/20/2019,ABI,TX,ASW,CE,Combined TRACON& Tower with Radar,0,21,30,23,74,0,2,42,3,47,0,23,72,26,121,8,2,10,131
02/21/2019,ABI,TX,ASW,CE,Combined TRACON& Tower with Radar,1,20,38,62,121,0,5,23,7,35,1,25,61,69,156,26,64,90,246
02/22/2019,ABI,TX,ASW,CE,Combined TRACON& Tower with Radar,3,26,19,4,52,0,0,1,0,1,3,26,20,4,53,0,0,0,53
02/23/2019,ABI,TX,ASW,CE,Combined TRACON& Tower with Radar,1,15,8,5,29,0,0,2,1,3,1,15,10,6,32,0,10,10,42
02/24/2019,ABI,TX,ASW,CE,Combined TRACON& Tower with Radar,0,12,26,31,69,0,0,68,5,73,0,12,94,36,142,66,20,86,228
02/25/2019,ABI,TX,ASW,CE,Combined TRACON& Tower with Radar,0,15,21,32,68,0,2,45,3,50,0,17,66,35,118,0,42,42,160
02/26/2019,ABI,TX,ASW,CE,Combined TRACON& Tower with Radar,1,25,26,25,77,0,0,15,1,16,1,25,41,26,93,64,44,108,201
02/27/2019,ABI,TX,ASW,CE,Combined TRACON& Tower with Radar,1,23,28,24,76,0,0,4,0,4,1,23,32,24,80,0,0,0,80
02/28/2019,ABI,TX,ASW,CE,Combined TRACON& Tower with Radar,0,22,16,57,95,0,0,9,0,9,0,22,25,57,104,98,0,98,202
03/01/2019,ABI,TX,ASW,CE,Combined TRACON& Tower with Radar,2,29,33,35,99,0,0,21,1,22,2,29,54,36,121,0,0,0,121
03/02/2019,ABI,TX,ASW,CE,Combined TRACON& Tower with Radar,0,21,13,2,36,0,0,1,0,1,0,21,14,2,37,0,0,0,37
03/03/2019,ABI,TX,ASW,CE,Combined TRACON& Tower with Radar,0,12,13,0,25,0,0,14,0,14,0,12,27,0,39,12,0,12,51
03/04/2019,ABI,TX,ASW,CE,Combined TRACON& Tower with Radar,1,24,19,11,55,0,0,19,0,19,1,24,38,11,74,0,44,44,118
03/05/2019,ABI,TX,ASW,CE,Combined TRACON& Tower with Radar,1,24,20,26,71,0,1,45,6,52,1,25,65,32,123,28,24,52,175
03/06/2019,ABI,TX,ASW,CE,Combined TRACON& Tower with Radar,0,28,29,15,72,0,2,49,4,55,0,30,78,19,127,18,28,46,173
03/07/2019,ABI,TX,ASW,CE,Combined TRACON& Tower with Radar,0,25,50,25,100,0,0,34,0,34,0,25,84,25,134,10,0,10,144
03/08/2019,ABI,TX,ASW,CE,Combined TRACON& Tower with Radar,0,30,60,88,178,0,1,46,6,53,0,31,106,94,231,70,56,126,357
03/09/2019,ABI,TX,ASW,CE,Combined TRACON& Tower with Radar,4,10,18,0,32,0,0,22,0,22,4,10,40,0,54,0,0,0,54
03/10/2019,ABI,TX,ASW,CE,Combined TRACON& Tower with Radar,4,17,12,0,33,0,0,4,0,4,4,17,16,0,37,0,0,0,37
03/11/2019,ABI,TX,ASW,CE,Combined TRACON& Tower with Radar,1,17,10,2,30,0,0,0,0,0,1,17,10,2,30,0,0,0,30
03/12/2019,ABI,TX,ASW,CE,Combined TRACON& Tower with Radar,0,16,21,11,48,0,0,0,0,0,0,16,21,11,48,0,0,0,48
03/13/2019,ABI,TX,ASW,CE,Combined TRACON& Tower with Radar,0,14,6,0,20,0,0,4,0,4,0,14,10,0,24,0,0,0,24
03/14/2019,ABI,TX,ASW,CE,Combined TRACON& Tower with Radar,2,22,28,54,106,0,1,49,13,63,2,23,77,67,169,12,24,36,205
03/15/2019,ABI,TX,ASW,CE,Combined TRACON& Tower with Radar,0,22,32,20,74,0,3,44,4,51,0,25,76,24,125,36,56,92,217
03/16/2019,ABI,TX,ASW,CE,Combined TRACON& Tower with Radar,3,17,13,0,33,0,3,71,0,74,3,20,84,0,107,72,0,72,179
03/17/2019,ABI,TX,ASW,CE,Combined TRACON& Tower with Radar,0,14,22,29,65,0,2,57,0,59,0,16,79,29,124,28,2,30,154
03/18/2019,ABI,TX,ASW,CE,Combined TRACON& Tower with Radar,3,15,26,35,79,0,0,26,7,33,3,15,52,42,112,14,50,64,176
03/19/2019,ABI,TX,ASW,CE,Combined TRACON& Tower with Radar,3,26,21,49,99,0,1,30,1,32,3,27,51,50,131,40,0,40,171
03/20/2019,ABI,TX,ASW,CE,Combined TRACON& Tower with Radar,0,24,26,50,100,0,0,29,0,29,0,24,55,50,129,14,40,54,183
03/21/2019,ABI,TX,ASW,CE,Combined TRACON& Tower with Radar,0,25,29,82,136,0,1,54,7,62,0,26,83,89,198,106,2,108,306
03/22/2019,ABI,TX,ASW,CE,Combined TRACON& Tower with Radar,4,21,16,35,76,0,9,16,2,27,4,30,32,37,103,2,6,8,111
03/23/2019,ABI,TX,ASW,CE,Combined TRACON& Tower with Radar,2,17,13,1,33,0,0,16,1,17,2,17,29,2,50,12,0,12,62
03/24/2019,ABI,TX,ASW,CE,Combined TRACON& Tower with Radar,3,19,8,2,32,0,0,26,0,26,3,19,34,2,58,18,0,18,76
03/25/2019,ABI,TX,ASW,CE,Combined TRACON& Tower with Radar,0,17,38,23,78,0,0,32,0,32,0,17,70,23,110,56,8,64,174
03/26/2019,ABI,TX,ASW,CE,Combined TRACON& Tower with Radar,0,24,13,34,71,0,0,45,10,55,0,24,58,44,126,76,26,102,228
03/27/2019,ABI,TX,ASW,CE,Combined TRACON& Tower with Radar,0,22,13,70,105,0,0,33,13,46,0,22,46,83,151,6,68,74,225
03/28/2019,ABI,TX,ASW,CE,Combined TRACON& Tower with Radar,2,33,38,29,102,0,0,14,6,20,2,33,52,35,122,0,114,114,236
03/29/2019,ABI,TX,ASW,CE,Combined TRACON& Tower with Radar,0,27,30,29,86,0,2,16,7,25,0,29,46,36,111,0,0,0,111
03/30/2019,ABI,TX,ASW,CE,Combined TRACON& Tower with Radar,0,15,18,47,80,0,4,10,5,19,0,19,28,52,99,2,56,58,157
03/31/2019,ABI,TX,ASW,CE,Combined TRACON& Tower with Radar,1,15,21,2,39,0,0,32,3,35,1,15,53,5,74,20,0,20,94
04/01/2019,ABI,TX,ASW,CE,Combined TRACON& Tower with Radar,0,18,19,83,120,0,2,54,3,59,0,20,73,86,179,80,136,216,395
04/02/2019,ABI,TX,ASW,CE,Combined TRACON& Tower with Radar,2,23,15,8,48,0,0,40,4,44,2,23,55,12,92,62,0,62,154
04/03/2019,ABI,TX,ASW,CE,Combined TRACON& Tower with Radar,0,28,29,22,79,0,0,6,1,7,0,28,35,23,86,2,32,34,120
04/04/2019,ABI,TX,ASW,CE,Combined TRACON& Tower with Radar,0,34,41,51,126,0,1,49,5,55,0,35,90,56,181,36,108,144,325
04/05/2019,ABI,TX,ASW,CE,Combined TRACON& Tower with Radar,2,25,20,56,103,0,2,32,15,49,2,27,52,71,152,16,12,28,180
04/06/2019,ABI,TX,ASW,CE,Combined TRACON& Tower with Radar,4,10,9,1,24,0,0,29,0,29,4,10,38,1,53,12,54,66,119
04/07/2019,ABI,TX,ASW,CE,Combined TRACON& Tower with Radar,4,27,23,28,82,0,2,15,5,22,4,29,38,33,104,30,4,34,138
04/08/2019,ABI,TX,ASW,CE,Combined TRACON& Tower with Radar,0,17,24,51,92,0,0,50,9,59,0,17,74,60,151,30,44,74,225
04/09/2019,ABI,TX,ASW,CE,Combined TRACON& Tower with Radar,0,24,26,8,58,0,1,31,3,35,0,25,57,11,93,0,0,0,93
04/10/2019,ABI,TX,ASW,CE,Combined TRACON& Tower with Radar,2,18,12,22,54,0,1,18,3,22,2,19,30,25,76,6,0,6,82
04/11/2019,ABI,TX,ASW,CE,Combined TRACON& Tower with Radar,3,24,20,70,117,0,2,57,3,62,3,26,77,73,179,20,176,196,375
04/12/2019,ABI,TX,ASW,CE,Combined TRACON& Tower with Radar,1,27,32,38,98,0,0,45,7,52,1,27,77,45,150,18,20,38,188
04/13/2019,ABI,TX,ASW,CE,Combined TRACON& Tower with Radar,2,6,9,0,17,0,0,0,0,0,2,6,9,0,17,0,0,0,17
04/14/2019,ABI,TX,ASW,CE,Combined TRACON& Tower with Radar,3,12,21,2,38,0,2,57,0,59,3,14,78,2,97,8,0,8,105
04/15/2019,ABI,TX,ASW,CE,Combined TRACON& Tower with Radar,4,18,18,36,76,0,3,18,2,23,4,21,36,38,99,22,12,34,133
04/16/2019,ABI,TX,ASW,CE,Combined TRACON& Tower with Radar,0,21,17,39,77,0,1,19,5,25,0,22,36,44,102,26,36,62,164
04/17/2019,ABI,TX,ASW,CE,Combined TRACON& Tower with Radar,0,30,38,58,126,0,1,6,6,13,0,31,44,64,139,2,68,70,209
04/18/2019,ABI,TX,ASW,CE,Combined TRACON& Tower with Radar,2,25,39,89,155,0,8,15,11,34,2,33,54,100,189,0,122,122,311
04/19/2019,ABI,TX,ASW,CE,Combined TRACON& Tower with Radar,2,25,21,62,110,0,1,39,0,40,2,26,60,62,150,38,0,38,188
04/20/2019,ABI,TX,ASW,CE,Combined TRACON& Tower with Radar,0,12,10,24,46,0,4,38,0,42,0,16,48,24,88,2,20,22,110
04/21/2019,ABI,TX,ASW,CE,Combined TRACON& Tower with Radar,0,12,7,25,44,0,1,7,0,8,0,13,14,25,52,8,8,16,68
04/22/2019,ABI,TX,ASW,CE,Combined TRACON& Tower with Radar,1,21,33,101,156,0,0,34,1,35,1,21,67,102,191,18,88,106,297
04/23/2019,ABI,TX,ASW,CE,Combined TRACON& Tower with Radar,0,21,33,6,60,0,1,1,4,6,0,22,34,10,66,0,0,0,66
04/24/2019,ABI,TX,ASW,CE,Combined TRACON& Tower with Radar,2,19,13,4,38,0,0,1,0,1,2,19,14,4,39,0,0,0,39
04/25/2019,ABI,TX,ASW,CE,Combined TRACON& Tower with Radar,1,50,24,40,115,0,2,53,3,58,1,52,77,43,173,22,0,22,195
04/26/2019,ABI,TX,ASW,CE,Combined TRACON& Tower with Radar,0,29,38,69,136,0,3,61,3,67,0,32,99,72,203,22,28,50,253
04/27/2019,ABI,TX,ASW,CE,Combined TRACON& Tower with Radar,1,17,13,0,31,0,0,25,0,25,1,17,38,0,56,6,0,6,62
04/28/2019,ABI,TX,ASW,CE,Combined TRACON& Tower with Radar,1,23,18,10,52,0,0,20,2,22,1,23,38,12,74,2,0,2,76
04/29/2019,ABI,TX,ASW,CE,Combined TRACON& Tower with Radar,2,19,20,32,73,0,4,18,2,24,2,23,38,34,97,16,10,26,123
04/30/2019,ABI,TX,ASW,CE,Combined TRACON& Tower with Radar,4,22,40,21,87,0,2,10,3,15,4,24,50,24,102,2,0,2,104
05/01/2019,ABI,TX,ASW,CE,Combined TRACON& Tower with Radar,0,20,43,10,73,0,0,19,2,21,0,20,62,12,94,12,0,12,106
05/02/2019,ABI,TX,ASW,CE,Combined TRACON& Tower with Radar,0,25,15,2,42,0,2,7,1,10,0,27,22,3,52,22,0,22,74
05/03/2019,ABI,TX,ASW,CE,Combined TRACON& Tower with Radar,2,24,20,13,59,0,3,8,1,12,2,27,28,14,71,0,0,0,71
05/04/2019,ABI,TX,ASW,CE,Combined TRACON& Tower with Radar,0,17,15,6,38,0,0,11,9,20,0,17,26,15,58,34,2,36,94
05/05/2019,ABI,TX,ASW,CE,Combined TRACON& Tower with Radar,2,17,43,15,77,0,1,31,2,34,2,18,74,17,111,0,0,0,111
05/06/2019,ABI,TX,ASW,CE,Combined TRACON& Tower with Radar,0,22,25,52,99,0,0,29,19,48,0,22,54,71,147,38,114,152,299
05/07/2019,ABI,TX,ASW,CE,Combined TRACON& Tower with Radar,0,37,21,72,130,0,6,13,2,21,0,43,34,74,151,8,36,44,195
05/08/2019,ABI,TX,ASW,CE,Combined TRACON& Tower with Radar,3,24,21,45,93,0,2,7,4,13,3,26,28,49,106,8,24,32,138
05/09/2019,ABI,TX,ASW,CE,Combined TRACON& Tower with Radar,2,33,41,31,107,0,2,6,1,9,2,35,47,32,116,0,0,0,116
05/10/2019,ABI,TX,ASW,CE,Combined TRACON& Tower with Radar,2,29,26,41,98,0,0,17,0,17,2,29,43,41,115,16,0,16,131
05/11/2019,ABI,TX,ASW,CE,Combined TRACON& Tower with Radar,0,16,40,0,56,0,0,6,0,6,0,16,46,0,62,24,0,24,86
05/12/2019,ABI,TX,ASW,CE,Combined TRACON& Tower with Radar,0,20,18,24,62,0,1,49,4,54,0,21,67,28,116,58,8,66,182
05/13/2019,ABI,TX,ASW,CE,Combined TRACON& Tower with Radar,2,20,13,19,54,0,2,35,2,39,2,22,48,21,93,16,66,82,175
05/14/2019,ABI,TX,ASW,CE,Combined TRACON& Tower with Radar,1,28,19,59,107,0,2,19,10,31,1,30,38,69,138,6,90,96,234
05/15/2019,ABI,TX,ASW,CE,Combined TRACON& Tower with Radar,0,27,20,44,91,0,0,40,3,43,0,27,60,47,134,54,86,140,274
05/16/2019,ABI,TX,ASW,CE,Combined TRACON& Tower with Radar,0,25,28,50,103,0,2,46,15,63,0,27,74,65,166,96,40,136,302
05/17/2019,ABI,TX,ASW,CE,Combined TRACON& Tower with Radar,3,25,26,24,78,0,0,15,2,17,3,25,41,26,95,20,58,78,173
05/18/2019,ABI,TX,ASW,CE,Combined TRACON& Tower with Radar,4,8,5,0,17,0,2,24,0,26,4,10,29,0,43,0,0,0,43
05/19/2019,ABI,TX,ASW,CE,Combined TRACON& Tower with Radar,2,17,7,11,37,0,0,31,17,48,2,17,38,28,85,34,6,40,125
05/20/2019,ABI,TX,ASW,CE,Combined TRACON& Tower with Radar,3,20,16,32,71,0,2,1,13,16,3,22,17,45,87,0,28,28,115
05/21/2019,ABI,TX,ASW,CE,Combined TRACON& Tower with Radar,0,25,30,46,101,0,1,28,14,43,0,26,58,60,144,26,34,60,204
05/22/2019,ABI,TX,ASW,CE,Combined TRACON& Tower with Radar,0,28,19,49,96,0,2,23,5,30,0,30,42,54,126,10,42,52,178
05/23/2019,ABI,TX,ASW,CE,Combined TRACON& Tower with Radar,3,36,21,26,86,0,1,7,0,8,3,37,28,26,94,10,18,28,122
05/24/2019,ABI,TX,ASW,CE,Combined TRACON& Tower with Radar,2,27,26,0,55,0,1,19,4,24,2,28,45,4,79,16,0,16,95
05/25/2019,ABI,TX,ASW,CE,Combined TRACON& Tower with Radar,0,15,31,2,48,0,0,24,0,24,0,15,55,2,72,22,0,22,94
05/26/2019,ABI,TX,ASW,CE,Combined TRACON& Tower with Radar,2,14,10,0,26,0,0,8,0,8,2,14,18,0,34,48,0,48,82
05/27/2019,ABI,TX,ASW,CE,Combined TRACON& Tower with Radar,0,16,10,0,26,0,2,28,0,30,0,18,38,0,56,28,0,28,84
05/28/2019,ABI,TX,ASW,CE,Combined TRACON& Tower with Radar,0,18,16,29,63,0,4,22,0,26,0,22,38,29,89,68,2,70,159
05/29/2019,ABI,TX,ASW,CE,Combined TRACON& Tower with Radar,2,23,16,0,41,0,0,6,0,6,2,23,22,0,47,4,12,16,63
05/30/2019,ABI,TX,ASW,CE,Combined TRACON& Tower with Radar,2,24,35,8,69,0,4,57,5,66,2,28,92,13,135,38,0,38,173
05/31/2019,ABI,TX,ASW,CE,Combined TRACON& Tower with Radar,0,28,21,2,51,0,0,21,4,25,0,28,42,6,76,14,12,26,102
06/01/2019,ABI,TX,ASW,CE,Combined TRACON& Tower with Radar,1,16,15,16,48,0,4,25,1,30,1,20,40,17,78,10,4,14,92
06/02/2019,ABI,TX,ASW,CE,Combined TRACON& Tower with Radar,1,16,20,0,37,0,0,11,0,11,1,16,31,0,48,8,0,8,56
06/03/2019,ABI,TX,ASW,CE,Combined TRACON& Tower with Radar,0,30,11,17,58,0,1,32,6,39,0,31,43,23,97,0,10,10,107
06/04/2019,ABI,TX,ASW,CE,Combined TRACON& Tower with Radar,4,29,24,12,69,0,2,32,1,35,4,31,56,13,104,24,0,24,128
06/05/2019,ABI,TX,ASW,CE,Combined TRACON& Tower with Radar,2,23,23,28,76,0,6,19,4,29,2,29,42,32,105,10,22,32,137
06/06/2019,ABI,TX,ASW,CE,Combined TRACON& Tower with Radar,0,30,34,54,118,0,4,65,23,92,0,34,99,77,210,34,66,100,310
06/07/2019,ABI,TX,ASW,CE,Combined TRACON& Tower with Radar,1,26,34,59,120,0,2,46,6,54,1,28,80,65,174,24,18,42,216
06/08/2019,ABI,TX,ASW,CE,Combined TRACON& Tower with Radar,1,17,10,17,45,0,2,45,4,51,1,19,55,21,96,168,12,180,276
06/09/2019,ABI,TX,ASW,CE,Combined TRACON& Tower with Radar,12,18,24,36,90,0,0,23,0,23,12,18,47,36,113,0,0,0,113
06/10/2019,ABI,TX,ASW,CE,Combined TRACON& Tower with Radar,0,25,21,52,98,0,2,26,5,33,0,27,47,57,131,10,38,48,179
06/11/2019,ABI,TX,ASW,CE,Combined TRACON& Tower with Radar,0,36,20,60,116,0,3,43,8,54,0,39,63,68,170,54,42,96,266
06/12/2019,ABI,TX,ASW,CE,Combined TRACON& Tower with Radar,0,40,33,40,113,0,8,31,6,45,0,48,64,46,158,12,44,56,214
06/13/2019,ABI,TX,ASW,CE,Combined TRACON& Tower with Radar,2,29,17,48,96,0,11,42,2,55,2,40,59,50,151,32,58,90,241
06/14/2019,ABI,TX,ASW,CE,Combined TRACON& Tower with Radar,3,23,23,30,79,0,17,33,1,51,3,40,56,31,130,12,4,16,146
06/15/2019,ABI,TX,ASW,CE,Combined TRACON& Tower with Radar,0,23,8,8,39,0,2,14,0,16,0,25,22,8,55,14,0,14,69
06/16/2019,ABI,TX,ASW,CE,Combined TRACON& Tower with Radar,10,11,14,11,46,0,2,21,0,23,10,13,35,11,69,10,0,10,79
06/17/2019,ABI,TX,ASW,CE,Combined TRACON& Tower with Radar,4,24,27,42,97,0,3,29,0,32,4,27,56,42,129,28,10,38,167
06/18/2019,ABI,TX,ASW,CE,Combined TRACON& Tower with Radar,2,25,26,25,78,0,1,33,0,34,2,26,59,25,112,24,38,62,174
06/19/2019,ABI,TX,ASW,CE,Combined TRACON& Tower with Radar,3,22,30,44,99,0,5,29,4,38,3,27,59,48,137,4,30,34,171
06/20/2019,ABI,TX,ASW,CE,Combined TRACON& Tower with Radar,5,30,16,24,75,0,2,37,1,40,5,32,53,25,115,10,0,10,125
06/21/2019,ABI,TX,ASW,CE,Combined TRACON& Tower with Radar,0,30,17,24,71,0,6,45,2,53,0,36,62,26,124,12,14,26,150
06/22/2019,ABI,TX,ASW,CE,Combined TRACON& Tower with Radar,0,21,16,4,41,0,4,10,1,15,0,25,26,5,56,0,28,28,84
06/23/2019,ABI,TX,ASW,CE,Combined TRACON& Tower with Radar,3,16,13,15,47,0,0,13,4,17,3,16,26,19,64,6,10,16,80
06/24/2019,ABI,TX,ASW,CE,Combined TRACON& Tower with Radar,1,28,32,28,89,0,5,13,0,18,1,33,45,28,107,2,0,2,109
06/25/2019,ABI,TX,ASW,CE,Combined TRACON& Tower with Radar,1,28,28,11,68,0,2,34,14,50,1,30,62,25,118,42,10,52,170
06/26/2019,ABI,TX,ASW,CE,Combined TRACON& Tower with Radar,1,25,39,55,120,0,0,39,4,43,1,25,78,59,163,10,44,54,217
06/27/2019,ABI,TX,ASW,CE,Combined TRACON& Tower with Radar,3,32,32,36,103,0,0,23,2,25,3,32,55,38,128,2,36,38,166
06/28/2019,ABI,TX,ASW,CE,Combined TRACON& Tower with Radar,0,26,17,106,149,0,0,45,14,59,0,26,62,120,208,0,40,40,248
06/29/2019,ABI,TX,ASW,CE,Combined TRACON& Tower with Radar,6,17,22,39,84,0,0,59,5,64,6,17,81,44,148,35,18,53,201
06/30/2019,ABI,TX,ASW,CE,Combined TRACON& Tower with Radar,1,16,14,51,82,0,3,24,5,32,1,19,38,56,114,30,18,48,162
07/01/2019,ABI,TX,ASW,CE,Combined TRACON& Tower with Radar,1,27,27,31,86,0,1,30,2,33,1,28,57,33,119,54,12,66,185
07/02/2019,ABI,TX,ASW,CE,Combined TRACON& Tower with Radar,0,36,26,41,103,0,1,38,1,40,0,37,64,42,143,33,52,85,228
07/03/2019,ABI,TX,ASW,CE,Combined TRACON& Tower with Radar,0,25,22,71,118,0,2,15,3,20,0,27,37,74,138,30,36,66,204
07/04/2019,ABI,TX,ASW,CE,Combined TRACON& Tower with Radar,0,11,6,0,17,0,0,29,0,29,0,11,35,0,46,0,0,0,46
07/05/2019,ABI,TX,ASW,CE,Combined TRACON& Tower with Radar,0,24,12,1,37,0,2,24,1,27,0,26,36,2,64,10,0,10,74
07/06/2019,ABI,TX,ASW,CE,Combined TRACON& Tower with Radar,2,19,8,0,29,0,5,23,1,29,2,24,31,1,58,24,0,24,82
07/07/2019,ABI,TX,ASW,CE,Combined TRACON& Tower with Radar,0,21,11,5,37,0,7,30,0,37,0,28,41,5,74,10,0,10,84
07/08/2019,ABI,TX,ASW,CE,Combined TRACON& Tower with Radar,0,28,21,12,61,0,0,20,2,22,0,28,41,14,83,14,0,14,97
07/09/2019,ABI,TX,ASW,CE,Combined TRACON& Tower with Radar,2,30,25,35,92,0,3,32,18,53,2,33,57,53,145,48,48,96,241
07/10/2019,ABI,TX,ASW,CE,Combined TRACON& Tower with Radar,4,30,19,16,69,0,4,38,4,46,4,34,57,20,115,36,2,38,153
07/11/2019,ABI,TX,ASW,CE,Combined TRACON& Tower with Radar,0,29,27,12,68,0,2,53,0,55,0,31,80,12,123,52,0,52,175
07/12/2019,ABI,TX,ASW,CE,Combined TRACON& Tower with Radar,2,30,36,36,104,0,1,43,2,46,2,31,79,38,150,0,0,0,150
07/13/2019,ABI,TX,ASW,CE,Combined TRACON& Tower with Radar,0,17,12,2,31,0,0,61,0,61,0,17,73,2,92,60,0,60,152
07/14/2019,ABI,TX,ASW,CE,Combined TRACON& Tower with Radar,3,22,18,9,52,0,0,38,1,39,3,22,56,10,91,44,2,46,137
07/15/2019,ABI,TX,ASW,CE,Combined TRACON& Tower with Radar,1,21,23,38,83,0,2,28,5,35,1,23,51,43,118,20,38,58,176
07/16/2019,ABI,TX,ASW,CE,Combined TRACON& Tower with Radar,0,23,15,22,60,0,1,56,7,64,0,24,71,29,124,84,10,94,218
07/17/2019,ABI,TX,ASW,CE,Combined TRACON& Tower with Radar,0,26,16,36,78,0,5,32,7,44,0,31,48,43,122,42,2,44,166
07/18/2019,ABI,TX,ASW,CE,Combined TRACON& Tower with Radar,2,25,10,19,56,0,1,40,3,44,2,26,50,22,100,52,48,100,200
07/19/2019,ABI,TX,ASW,CE,Combined TRACON& Tower with Radar,1,26,18,5,50,0,1,32,0,33,1,27,50,5,83,0,0,0,83
07/20/2019,ABI,TX,ASW,CE,Combined TRACON& Tower with Radar,0,20,13,4,37,0,3,46,0,49,0,23,59,4,86,44,0,44,130
07/21/2019,ABI,TX,ASW,CE,Combined TRACON& Tower with Radar,0,21,9,16,46,0,3,33,0,36,0,24,42,16,82,22,0,22,104
07/22/2019,ABI,TX,ASW,CE,Combined TRACON& Tower with Radar,0,21,15,13,49,0,0,29,2,31,0,21,44,15,80,16,4,20,100
07/23/2019,ABI,TX,ASW,CE,Combined TRACON& Tower with Radar,0,27,25,33,85,0,1,29,12,42,0,28,54,45,127,30,10,40,167
07/24/2019,ABI,TX,ASW,CE,Combined TRACON& Tower with Radar,0,33,23,46,102,0,0,42,6,48,0,33,65,52,150,6,24,30,180
07/25/2019,ABI,TX,ASW,CE,Combined TRACON& Tower with Radar,0,27,35,17,79,0,3,33,8,44,0,30,68,25,123,0,0,0,123
07/26/2019,ABI,TX,ASW,CE,Combined TRACON& Tower with Radar,1,26,36,47,110,0,9,54,10,73,1,35,90,57,183,34,14,48,231
07/27/2019,ABI,TX,ASW,CE,Combined TRACON& Tower with Radar,0,16,3,0,19,0,6,31,0,37,0,22,34,0,56,0,0,0,56
07/28/2019,ABI,TX,ASW,CE,Combined TRACON& Tower with Radar,1,14,17,19,51,0,8,21,4,33,1,22,38,23,84,0,6,6,90
07/29/2019,ABI,TX,ASW,CE,Combined TRACON& Tower with Radar,0,25,20,18,63,0,4,26,4,34,0,29,46,22,97,0,0,0,97
07/30/2019,ABI,TX,ASW,CE,Combined TRACON& Tower with Radar,0,29,19,28,76,0,2,40,2,44,0,31,59,30,120,32,4,36,156
07/31/2019,ABI,TX,ASW,CE,Combined TRACON& Tower with Radar,0,29,16,27,72,0,0,34,4,38,0,29,50,31,110,2,20,22,132
08/01/2019,ABI,TX,ASW,CE,Combined TRACON& Tower with Radar,1,26,18,27,72,0,0,41,7,48,1,26,59,34,120,18,4,22,142
08/02/2019,ABI,TX,ASW,CE,Combined TRACON& Tower with Radar,1,23,21,34,79,0,0,36,10,46,1,23,57,44,125,14,18,32,157
08/03/2019,ABI,TX,ASW,CE,Combined TRACON& Tower with Radar,7,19,3,23,52,0,0,20,2,22,7,19,23,25,74,16,28,44,118
08/04/2019,ABI,TX,ASW,CE,Combined TRACON& Tower with Radar,0,22,9,1,32,0,4,22,1,27,0,26,31,2,59,2,0,2,61
08/05/2019,ABI,TX,ASW,CE,Combined TRACON& Tower with Radar,2,20,20,30,72,0,0,39,3,42,2,20,59,33,114,18,18,36,150
08/06/2019,ABI,TX,ASW,CE,Combined TRACON& Tower with Radar,0,26,8,16,50,0,1,21,17,39,0,27,29,33,89,76,0,76,165
08/07/2019,ABI,TX,ASW,CE,Combined TRACON& Tower with Radar,0,25,32,13,70,0,0,42,1,43,0,25,74,14,113,4,10,14,127
08/08/2019,ABI,TX,ASW,CE,Combined TRACON& Tower with Radar,0,23,19,8,50,0,1,47,9,57,0,24,66,17,107,20,10,30,137
08/09/2019,ABI,TX,ASW,CE,Combined TRACON& Tower with Radar,1,27,18,20,66,0,4,43,13,60,1,31,61,33,126,0,0,0,126
08/10/2019,ABI,TX,ASW,CE,Combined TRACON& Tower with Radar,0,29,13,5,47,0,0,20,0,20,0,29,33,5,67,28,0,28,95
08/11/2019,ABI,TX,ASW,CE,Combined TRACON& Tower with Radar,4,16,21,13,54,0,4,20,3,27,4,20,41,16,81,16,0,16,97
08/12/2019,ABI,TX,ASW,CE,Combined TRACON& Tower with Radar,0,30,22,15,67,0,0,37,4,41,0,30,59,19,108,4,24,28,136
08/13/2019,ABI,TX,ASW,CE,Combined TRACON& Tower with Radar,2,26,16,25,69,0,5,25,2,32,2,31,41,27,101,20,16,36,137
08/14/2019,ABI,TX,ASW,CE,Combined TRACON& Tower with Radar,0,27,32,21,80,0,1,37,7,45,0,28,69,28,125,22,0,22,147
08/15/2019,ABI,TX,ASW,CE,Combined TRACON& Tower with Radar,2,29,23,24,78,0,1,35,5,41,2,30,58,29,119,12,26,38,157
08/16/2019,ABI,TX,ASW,CE,Combined TRACON& Tower with Radar,4,22,23,12,61,0,1,36,9,46,4,23,59,21,107,10,0,10,117
08/17/2019,ABI,TX,ASW,CE,Combined TRACON& Tower with Radar,0,16,16,0,32,0,2,43,2,47,0,18,59,2,79,4,0,4,83
08/18/2019,ABI,TX,ASW,CE,Combined TRACON& Tower with Radar,1,20,12,0,33,0,0,15,19,34,1,20,27,19,67,20,0,20,87
08/19/2019,ABI,TX,ASW,CE,Combined TRACON& Tower with Radar,3,21,26,22,72,0,4,18,6,28,3,25,44,28,100,12,0,12,112
08/20/2019,ABI,TX,ASW,CE,Combined TRACON& Tower with Radar,0,23,28,57,108,0,7,32,8,47,0,30,60,65,155,22,4,26,181
08/21/2019,ABI,TX,ASW,CE,Combined TRACON& Tower with Radar,4,26,28,27,85,0,4,41,24,69,4,30,69,51,154,34,10,44,198
08/22/2019,ABI,TX,ASW,CE,Combined TRACON& Tower with Radar,0,30,27,12,69,2,1,28,37,68,2,31,55,49,137,4,8,12,149
08/23/2019,ABI,TX,ASW,CE,Combined TRACON& Tower with Radar,0,29,34,7,70,0,0,34,0,34,0,29,68,7,104,4,0,4,108
08/24/2019,ABI,TX,ASW,CE,Combined TRACON& Tower with Radar,0,19,15,21,55,0,0,30,6,36,0,19,45,27,91,51,12,63,154
08/25/2019,ABI,TX,ASW,CE,Combined TRACON& Tower with Radar,0,20,16,17,53,0,0,30,25,55,0,20,46,42,108,38,2,40,148
08/26/2019,ABI,TX,ASW,CE,Combined TRACON& Tower with Radar,0,19,32,19,70,1,0,25,6,32,1,19,57,25,102,56,2,58,160
08/27/2019,ABI,TX,ASW,CE,Combined TRACON& Tower with Radar,2,21,10,44,77,0,0,8,7,15,2,21,18,51,92,0,10,10,102
08/28/2019,ABI,TX,ASW,CE,Combined TRACON& Tower with Radar,0,23,18,7,48,0,0,18,1,19,0,23,36,8,67,2,0,2,69
08/29/2019,ABI,TX,ASW,CE,Combined TRACON& Tower with Radar,2,31,24,7,64,0,0,40,15,55,2,31,64,22,119,24,0,24,143
08/30/2019,ABI,TX,ASW,CE,Combined TRACON& Tower with Radar,5,26,39,1,71,0,0,34,0,34,5,26,73,1,105,34,0,34,139
08/31/2019,ABI,TX,ASW,CE,Combined TRACON& Tower with Radar,1,19,21,1,42,0,0,21,12,33,1,19,42,13,75,42,0,42,117
09/01/2019,ABI,TX,ASW,CE,Combined TRACON& Tower with Radar,0,12,10,1,23,0,3,20,0,23,0,15,30,1,46,14,0,14,60
09/02/2019,ABI,TX,ASW,CE,Combined TRACON& Tower with Radar,0,14,11,4,29,0,0,35,0,35,0,14,46,4,64,20,0,20,84
09/03/2019,ABI,TX,ASW,CE,Combined TRACON& Tower with Radar,0,26,22,32,80,0,1,25,0,26,0,27,47,32,106,10,16,26,132
09/04/2019,ABI,TX,ASW,CE,Combined TRACON& Tower with Radar,0,31,22,15,68,0,0,36,3,39,0,31,58,18,107,46,0,46,153
09/05/2019,ABI,TX,ASW,CE,Combined TRACON& Tower with Radar,0,25,15,6,46,0,1,30,2,33,0,26,45,8,79,36,10,46,125
09/06/2019,ABI,TX,ASW,CE,Combined TRACON& Tower with Radar,0,24,26,34,84,0,1,45,10,56,0,25,71,44,140,32,10,42,182
09/07/2019,ABI,TX,ASW,CE,Combined TRACON& Tower with Radar,0,15,23,16,54,0,2,50,16,68,0,17,73,32,122,0,30,30,152
09/08/2019,ABI,TX,ASW,CE,Combined TRACON& Tower with Radar,0,19,19,14,52,0,0,28,10,38,0,19,47,24,90,4,4,8,98
09/09/2019,ABI,TX,ASW,CE,Combined TRACON& Tower with Radar,0,17,21,31,69,0,0,26,11,37,0,17,47,42,106,6,92,98,204
09/10/2019,ABI,TX,ASW,CE,Combined TRACON& Tower with Radar,0,29,42,38,109,0,0,15,11,26,0,29,57,49,135,34,104,138,273
09/11/2019,ABI,TX,ASW,CE,Combined TRACON& Tower with Radar,0,29,47,44,120,0,2,19,11,32,0,31,66,55,152,32,90,122,274
09/12/2019,ABI,TX,ASW,CE,Combined TRACON& Tower with Radar,1,23,26,36,86,0,1,37,2,40,1,24,63,38,126,38,26,64,190
09/13/2019,ABI,TX,ASW,CE,Combined TRACON& Tower with Radar,1,34,23,14,72,0,0,16,2,18,1,34,39,16,90,4,10,14,104
09/14/2019,ABI,TX,ASW,CE,Combined TRACON& Tower with Radar,1,17,10,0,28,0,1,41,11,53,1,18,51,11,81,28,0,28,109
09/15/2019,ABI,TX,ASW,CE,Combined TRACON& Tower with Radar,4,18,5,1,28,0,0,35,3,38,4,18,40,4,66,32,6,38,104
09/16/2019,ABI,TX,ASW,CE,Combined TRACON& Tower with Radar,0,20,23,69,112,0,2,39,22,63,0,22,62,91,175,44,60,104,279
09/17/2019,ABI,TX,ASW,CE,Combined TRACON& Tower with Radar,0,30,31,57,118,0,2,28,23,53,0,32,59,80,171,28,40,68,239
09/18/2019,ABI,TX,ASW,CE,Combined TRACON& Tower with Radar,0,26,29,61,116,0,2,28,13,43,0,28,57,74,159,10,86,96,255
09/19/2019,ABI,TX,ASW,CE,Combined TRACON& Tower with Radar,0,27,31,92,150,0,1,25,27,53,0,28,56,119,203,18,52,70,273
09/20/2019,ABI,TX,ASW,CE,Combined TRACON& Tower with Radar,1,28,25,66,120,0,1,19,5,25,1,29,44,71,145,26,16,42,187
09/21/2019,ABI,TX,ASW,CE,Combined TRACON& Tower with Radar,0,14,4,19,37,0,0,15,3,18,0,14,19,22,55,16,10,26,81
09/22/2019,ABI,TX,ASW,CE,Combined TRACON& Tower with Radar,0,14,15,4,33,0,0,7,0,7,0,14,22,4,40,0,0,0,40
09/23/2019,ABI,TX,ASW,CE,Combined TRACON& Tower with Radar,0,18,16,7,41,0,0,16,0,16,0,18,32,7,57,0,6,6,63
09/24/2019,ABI,TX,ASW,CE,Combined TRACON& Tower with Radar,2,25,22,2,51,0,0,14,0,14,2,25,36,2,65,2,0,2,67
09/25/2019,ABI,TX,ASW,CE,Combined TRACON& Tower with Radar,1,26,19,50,96,0,2,36,6,44,1,28,55,56,140,8,96,104,244
09/26/2019,ABI,TX,ASW,CE,Combined TRACON& Tower with Radar,2,26,29,18,75,0,3,36,3,42,2,29,65,21,117,48,34,82,199
09/27/2019,ABI,TX,ASW,CE,Combined TRACON& Tower with Radar,2,28,23,36,89,0,3,34,8,45,2,31,57,44,134,44,34,78,212
09/28/2019,ABI,TX,ASW,CE,Combined TRACON& Tower with Radar,1,14,22,18,55,0,0,13,6,19,1,14,35,24,74,6,40,46,120
09/29/2019,ABI,TX,ASW,CE,Combined TRACON& Tower with Radar,1,13,24,8,46,0,2,6,0,8,1,15,30,8,54,4,10,14,68
09/30/2019,ABI,TX,ASW,CE,Combined TRACON& Tower with Radar,3,22,23,53,101,0,0,8,1,9,3,22,31,54,110,2,68,70,180
10/01/2019,ABI,TX,ASW,CE,Combined TRACON& Tower with Radar,0,25,15,43,83,0,0,14,0,14,0,25,29,43,97,31,66,97,194
10/02/2019,ABI,TX,ASW,CE,Combined TRACON& Tower with Radar,5,23,29,27,84,0,0,39,8,47,5,23,68,35,131,4,64,68,199
10/03/2019,ABI,TX,ASW,CE,Combined TRACON& Tower with Radar,0,29,28,15,72,0,0,27,0,27,0,29,55,15,99,34,48,82,181
10/04/2019,ABI,TX,ASW,CE,Combined TRACON& Tower with Radar,2,26,33,13,74,0,2,12,2,16,2,28,45,15,90,50,0,50,140
10/05/2019,ABI,TX,ASW,CE,Combined TRACON& Tower with Radar,0,20,23,23,66,0,0,52,3,55,0,20,75,26,121,22,4,26,147
10/06/2019,ABI,TX,ASW,CE,Combined TRACON& Tower with Radar,2,17,11,2,32,0,0,15,2,17,2,17,26,4,49,0,30,30,79
10/07/2019,ABI,TX,ASW,CE,Combined TRACON& Tower with Radar,1,24,30,23,78,0,2,18,6,26,1,26,48,29,104,44,0,44,148
10/08/2019,ABI,TX,ASW,CE,Combined TRACON& Tower with Radar,0,24,18,44,86,0,1,35,7,43,0,25,53,51,129,0,6,6,135
10/09/2019,ABI,TX,ASW,CE,Combined TRACON& Tower with Radar,0,25,26,41,92,0,0,18,2,20,0,25,44,43,112,28,66,94,206
10/10/2019,ABI,TX,ASW,CE,Combined TRACON& Tower with Radar,3,24,26,13,66,0,1,13,7,21,3,25,39,20,87,22,0,22,109
10/11/2019,ABI,TX,ASW,CE,Combined TRACON& Tower with Radar,6,26,23,24,79,0,0,9,0,9,6,26,32,24,88,12,0,12,100
10/12/2019,ABI,TX,ASW,CE,Combined TRACON& Tower with Radar,0,18,25,36,79,0,3,47,8,58,0,21,72,44,137,38,0,38,175
10/13/2019,ABI,TX,ASW,CE,Combined TRACON& Tower with Radar,2,20,17,7,46,0,2,19,1,22,2,22,36,8,68,12,0,12,80
10/14/2019,ABI,TX,ASW,CE,Combined TRACON& Tower with Radar,0,23,37,18,78,0,0,26,1,27,0,23,63,19,105,48,0,48,153
10/15/2019,ABI,TX,ASW,CE,Combined TRACON& Tower with Radar,0,25,23,5,53,0,0,13,3,16,0,25,36,8,69,0,0,0,69
10/16/2019,ABI,TX,ASW,CE,Combined TRACON& Tower with Radar,2,29,26,66,123,0,0,35,3,38,2,29,61,69,161,22,64,86,247
10/17/2019,ABI,TX,ASW,CE,Combined TRACON& Tower with Radar,1,27,27,39,94,0,1,20,2,23,1,28,47,41,117,50,42,92,209
10/18/2019,ABI,TX,ASW,CE,Combined TRACON& Tower with Radar,2,28,25,27,82,0,0,26,1,27,2,28,51,28,109,0,14,14,123
10/19/2019,ABI,TX,ASW,CE,Combined TRACON& Tower with Radar,0,16,16,4,36,0,1,38,36,75,0,17,54,40,111,28,0,28,139
10/20/2019,ABI,TX,ASW,CE,Combined TRACON& Tower with Radar,4,17,18,11,50,0,6,27,25,58,4,23,45,36,108,12,0,12,120
10/21/2019,ABI,TX,ASW,CE,Combined TRACON& Tower with Radar,2,16,24,63,105,0,0,43,12,55,2,16,67,75,160,32,32,64,224
10/22/2019,ABI,TX,ASW,CE,Combined TRACON& Tower with Radar,1,29,35,50,115,0,0,39,8,47,1,29,74,58,162,38,22,60,222
10/23/2019,ABI,TX,ASW,CE,Combined TRACON& Tower with Radar,1,32,21,28,82,0,5,18,6,29,1,37,39,34,111,22,30,52,163
10/24/2019,ABI,TX,ASW,CE,Combined TRACON& Tower with Radar,6,20,29,1,56,0,0,1,0,1,6,20,30,1,57,0,0,0,57
10/25/2019,ABI,TX,ASW,CE,Combined TRACON& Tower with Radar,5,33,27,26,91,0,0,7,7,14,5,33,34,33,105,10,6,16,121
10/26/2019,ABI,TX,ASW,CE,Combined TRACON& Tower with Radar,1,14,11,12,38,0,2,56,0,58,1,16,67,12,96,66,0,66,162
10/27/2019,ABI,TX,ASW,CE,Combined TRACON& Tower with Radar,2,17,18,38,75,0,1,31,1,33,2,18,49,39,108,30,30,60,168
10/28/2019,ABI,TX,ASW,CE,Combined TRACON& Tower with Radar,0,17,21,35,73,0,0,2,0,2,0,17,23,35,75,0,0,0,75
10/29/2019,ABI,TX,ASW,CE,Combined TRACON& Tower with Radar,0,30,19,11,60,0,0,0,0,0,0,30,19,11,60,0,0,0,60
10/30/2019,ABI,TX,ASW,CE,Combined TRACON& Tower with Radar,0,21,17,13,51,0,0,0,0,0,0,21,17,13,51,0,0,0,51
10/31/2019,ABI,TX,ASW,CE,Combined TRACON& Tower with Radar,4,25,19,36,84,0,0,42,3,45,4,25,61,39,129,64,46,110,239
11/01/2019,ABI,TX,ASW,CE,Combined TRACON& Tower with Radar,1,23,25,51,100,0,0,51,0,51,1,23,76,51,151,18,34,52,203
11/02/2019,ABI,TX,ASW,CE,Combined TRACON& Tower with Radar,0,16,13,0,29,0,0,52,0,52,0,16,65,0,81,46,0,46,127
11/03/2019,ABI,TX,ASW,CE,Combined TRACON& Tower with Radar,0,20,23,8,51,0,0,15,0,15,0,20,38,8,66,50,18,68,134
11/04/2019,ABI,TX,ASW,CE,Combined TRACON& Tower with Radar,0,20,36,26,82,0,0,31,5,36,0,20,67,31,118,70,38,108,226
11/05/2019,ABI,TX,ASW,CE,Combined TRACON& Tower with Radar,0,34,26,18,78,0,0,7,6,13,0,34,33,24,91,0,0,0,91
11/06/2019,ABI,TX,ASW,CE,Combined TRACON& Tower with Radar,0,29,39,28,96,0,1,1,3,5,0,30,40,31,101,14,10,24,125
11/07/2019,ABI,TX,ASW,CE,Combined TRACON& Tower with Radar,0,24,19,0,43,0,0,0,0,0,0,24,19,0,43,0,0,0,43
11/08/2019,ABI,TX,ASW,CE,Combined TRACON& Tower with Radar,3,35,43,29,110,0,1,15,3,19,3,36,58,32,129,36,74,110,239
11/09/2019,ABI,TX,ASW,CE,Combined TRACON& Tower with Radar,0,17,18,0,35,0,2,50,1,53,0,19,68,1,88,68,0,68,156
11/10/2019,ABI,TX,ASW,CE,Combined TRACON& Tower with Radar,3,26,32,0,61,0,0,18,0,18,3,26,50,0,79,10,0,10,89
11/11/2019,ABI,TX,ASW,CE,Combined TRACON& Tower with Radar,0,18,7,0,25,0,0,1,0,1,0,18,8,0,26,0,0,0,26
11/12/2019,ABI,TX,ASW,CE,Combined TRACON& Tower with Radar,0,28,33,44,105,0,1,32,3,36,0,29,65,47,141,2,0,2,143
11/13/2019,ABI,TX,ASW,CE,Combined TRACON& Tower with Radar,1,33,48,9,91,0,0,33,2,35,1,33,81,11,126,20,0,20,146
11/14/2019,ABI,TX,ASW,CE,Combined TRACON& Tower with Radar,0,37,57,26,120,0,2,41,15,58,0,39,98,41,178,34,18,52,230
11/15/2019,ABI,TX,ASW,CE,Combined TRACON& Tower with Radar,1,24,31,56,112,0,0,63,5,68,1,24,94,61,180,14,30,44,224
11/16/2019,ABI,TX,ASW,CE,Combined TRACON& Tower with Radar,1,15,16,1,33,0,0,36,2,38,1,15,52,3,71,16,0,16,87
11/17/2019,ABI,TX,ASW,CE,Combined TRACON& Tower with Radar,0,18,23,2,43,0,0,28,0,28,0,18,51,2,71,0,0,0,71
11/18/2019,ABI,TX,ASW,CE,Combined TRACON& Tower with Radar,2,22,28,33,85,0,0,48,2,50,2,22,76,35,135,29,0,29,164
11/19/2019,ABI,TX,ASW,CE,Combined TRACON& Tower with Radar,0,25,29,45,99,0,0,41,6,47,0,25,70,51,146,44,70,114,260
11/20/2019,ABI,TX,ASW,CE,Combined TRACON& Tower with Radar,0,26,41,8,75,0,0,6,3,9,0,26,47,11,84,0,0,0,84
11/21/2019,ABI,TX,ASW,CE,Combined TRACON& Tower with Radar,0,29,16,1,46,0,0,0,1,1,0,29,16,2,47,0,0,0,47
11/22/2019,ABI,TX,ASW,CE,Combined TRACON& Tower with Radar,4,28,46,46,124,0,0,2,1,3,4,28,48,47,127,20,0,20,147
11/23/2019,ABI,TX,ASW,CE,Combined TRACON& Tower with Radar,1,32,28,0,61,0,1,30,2,33,1,33,58,2,94,84,0,84,178
11/24/2019,ABI,TX,ASW,CE,Combined TRACON& Tower with Radar,4,14,20,0,38,0,0,31,2,33,4,14,51,2,71,76,0,76,147
11/25/2019,ABI,TX,ASW,CE,Combined TRACON& Tower with Radar,0,20,21,37,78,0,3,36,13,52,0,23,57,50,130,83,72,155,285
11/26/2019,ABI,TX,ASW,CE,Combined TRACON& Tower with Radar,0,27,28,42,97,0,2,13,5,20,0,29,41,47,117,8,36,44,161
11/27/2019,ABI,TX,ASW,CE,Combined TRACON& Tower with Radar,0,33,21,19,73,0,2,10,4,16,0,35,31,23,89,0,70,70,159
11/28/2019,ABI,TX,ASW,CE,Combined TRACON& Tower with Radar,0,13,6,0,19,0,0,0,0,0,0,13,6,0,19,0,0,0,19
11/29/2019,ABI,TX,ASW,CE,Combined TRACON& Tower with Radar,0,23,9,0,32,0,0,0,0,0,0,23,9,0,32,0,0,0,32
11/30/2019,ABI,TX,ASW,CE,Combined TRACON& Tower with Radar,0,19,9,0,28,0,1,22,0,23,0,20,31,0,51,12,0,12,63
12/01/2019,ABI,TX,ASW,CE,Combined TRACON& Tower with Radar,2,24,21,0,47,0,1,26,0,27,2,25,47,0,74,20,0,20,94
12/02/2019,ABI,TX,ASW,CE,Combined TRACON& Tower with Radar,0,23,19,59,101,0,0,43,5,48,0,23,62,64,149,55,34,89,238
12/03/2019,ABI,TX,ASW,CE,Combined TRACON& Tower with Radar,0,25,23,36,84,0,3,39,4,46,0,28,62,40,130,22,114,136,266
12/04/2019,ABI,TX,ASW,CE,Combined TRACON& Tower with Radar,0,32,21,27,80,0,4,51,4,59,0,36,72,31,139,0,0,0,139
12/05/2019,ABI,TX,ASW,CE,Combined TRACON& Tower with Radar,0,26,19,2,47,0,8,41,7,56,0,34,60,9,103,52,18,70,173
12/06/2019,ABI,TX,ASW,CE,Combined TRACON& Tower with Radar,0,27,26,45,98,0,2,32,9,43,0,29,58,54,141,12,10,22,163
12/07/2019,ABI,TX,ASW,CE,Combined TRACON& Tower with Radar,0,17,21,0,38,0,0,32,1,33,0,17,53,1,71,96,0,96,167
12/08/2019,ABI,TX,ASW,CE,Combined TRACON& Tower with Radar,0,18,14,4,36,0,0,24,5,29,0,18,38,9,65,2,0,2,67
12/09/2019,ABI,TX,ASW,CE,Combined TRACON& Tower with Radar,0,28,28,33,89,0,0,19,1,20,0,28,47,34,109,18,6,24,133
12/10/2019,ABI,TX,ASW,CE,Combined TRACON& Tower with Radar,4,34,20,67,125,0,1,13,4,18,4,35,33,71,143,2,80,82,225
12/11/2019,ABI,TX,ASW,CE,Combined TRACON& Tower with Radar,0,32,34,22,88,0,0,16,1,17,0,32,50,23,105,20,38,58,163
12/12/2019,ABI,TX,ASW,CE,Combined TRACON& Tower with Radar,0,29,19,31,79,0,1,46,7,54,0,30,65,38,133,16,34,50,183
12/13/2019,ABI,TX,ASW,CE,Combined TRACON& Tower with Radar,4,29,28,57,118,0,1,29,7,37,4,30,57,64,155,4,62,66,221
12/14/2019,ABI,TX,ASW,CE,Combined TRACON& Tower with Radar,2,21,30,2,55,0,0,45,0,45,2,21,75,2,100,14,0,14,114
12/15/2019,ABI,TX,ASW,CE,Combined TRACON& Tower with Radar,0,17,19,10,46,0,1,27,0,28,0,18,46,10,74,6,0,6,80
12/16/2019,ABI,TX,ASW,CE,Combined TRACON& Tower with Radar,0,22,23,73,118,0,0,16,2,18,0,22,39,75,136,0,58,58,194
12/17/2019,ABI,TX,ASW,CE,Combined TRACON& Tower with Radar,1,27,23,39,90,0,0,32,3,35,1,27,55,42,125,12,96,108,233
12/18/2019,ABI,TX,ASW,CE,Combined TRACON& Tower with Radar,0,31,19,20,70,0,0,39,11,50,0,31,58,31,120,40,38,78,198
12/19/2019,ABI,TX,ASW,CE,Combined TRACON& Tower with Radar,7,28,31,15,81,0,0,55,4,59,7,28,86,19,140,10,74,84,224
12/20/2019,ABI,TX,ASW,CE,Combined TRACON& Tower with Radar,0,29,24,55,108,0,1,12,2,15,0,30,36,57,123,6,12,18,141
12/21/2019,ABI,TX,ASW,CE,Combined TRACON& Tower with Radar,0,19,27,1,47,0,0,21,0,21,0,19,48,1,68,10,0,10,78
12/22/2019,ABI,TX,ASW,CE,Combined TRACON& Tower with Radar,7,14,16,0,37,0,0,23,0,23,7,14,39,0,60,30,0,30,90
12/23/2019,ABI,TX,ASW,CE,Combined TRACON& Tower with Radar,8,18,24,0,50,0,0,28,0,28,8,18,52,0,78,24,0,24,102
12/24/2019,ABI,TX,ASW,CE,Combined TRACON& Tower with Radar,0,26,9,1,36,0,0,25,0,25,0,26,34,1,61,14,0,14,75
12/25/2019,ABI,TX,ASW,CE,Combined TRACON& Tower with Radar,0,10,9,0,19,0,0,15,0,15,0,10,24,0,34,0,0,0,34
12/26/2019,ABI,TX,ASW,CE,Combined TRACON& Tower with Radar,0,22,22,0,44,0,0,10,0,10,0,22,32,0,54,28,0,28,82
12/27/2019,ABI,TX,ASW,CE,Combined TRACON& Tower with Radar,0,30,24,8,62,0,0,5,0,5,0,30,29,8,67,0,0,0,67
12/28/2019,ABI,TX,ASW,CE,Combined TRACON& Tower with Radar,2,18,9,0,29,0,0,5,0,5,2,18,14,0,34,0,0,0,34
12/29/2019,ABI,TX,ASW,CE,Combined TRACON& Tower with Radar,0,17,8,0,25,0,0,15,0,15,0,17,23,0,40,0,0,0,40
12/30/2019,ABI,TX,ASW,CE,Combined TRACON& Tower with Radar,2,16,18,3,39,0,5,57,2,64,2,21,75,5,103,110,0,110,213
12/31/2019,ABI,TX,ASW,CE,Combined TRACON& Tower with Radar,2,28,15,0,45,0,2,16,0,18,2,30,31,0,63,18,0,18,81
01/01/2020,ABI,TX,ASW,CE,Combined TRACON& Tower with Radar,0,14,6,0,20,0,0,7,0,7,0,14,13,0,27,0,0,0,27
01/02/2020,ABI,TX,ASW,CE,Combined TRACON& Tower with Radar,0,20,13,1,34,0,0,33,0,33,0,20,46,1,67,0,0,0,67
01/03/2020,ABI,TX,ASW,CE,Combined TRACON& Tower with Radar,3,24,24,17,68,0,0,23,1,24,3,24,47,18,92,0,6,6,98
01/04/2020,ABI,TX,ASW,CE,Combined TRACON& Tower with Radar,0,15,17,0,32,0,0,66,0,66,0,15,83,0,98,56,0,56,154
01/05/2020,ABI,TX,ASW,CE,Combined TRACON& Tower with Radar,0,14,16,0,30,0,0,30,0,30,0,14,46,0,60,8,0,8,68
01/06/2020,ABI,TX,ASW,CE,Combined TRACON& Tower with Radar,0,17,26,27,70,0,0,32,0,32,0,17,58,27,102,16,62,78,180
01/07/2020,ABI,TX,ASW,CE,Combined TRACON& Tower with Radar,0,24,25,22,71,0,1,31,4,36,0,25,56,26,107,24,60,84,191
01/08/2020,ABI,TX,ASW,CE,Combined TRACON& Tower with Radar,0,29,23,27,79,0,0,25,15,40,0,29,48,42,119,24,6,30,149
01/09/2020,ABI,TX,ASW,CE,Combined TRACON& Tower with Radar,0,24,34,2,60,0,0,23,1,24,0,24,57,3,84,8,0,8,92
01/10/2020,ABI,TX,ASW,CE,Combined TRACON& Tower with Radar,8,28,23,106,165,0,0,15,6,21,8,28,38,112,186,12,12,24,210
01/11/2020,ABI,TX,ASW,CE,Combined TRACON& Tower with Radar,0,11,10,19,40,0,0,23,9,32,0,11,33,28,72,4,0,4,76
01/12/2020,ABI,TX,ASW,CE,Combined TRACON& Tower with Radar,0,14,13,11,38,0,0,24,1,25,0,14,37,12,63,12,0,12,75
01/13/2020,ABI,TX,ASW,CE,Combined TRACON& Tower with Radar,0,23,17,32,72,0,1,9,6,16,0,24,26,38,88,0,96,96,184
01/14/2020,ABI,TX,ASW,CE,Combined TRACON& Tower with Radar,0,27,25,38,90,0,4,19,1,24,0,31,44,39,114,24,112,136,250
01/15/2020,ABI,TX,ASW,CE,Combined TRACON& Tower with Radar,0,20,53,88,161,0,1,13,1,15,0,21,66,89,176,44,54,98,274
01/16/2020,ABI,TX,ASW,CE,Combined TRACON& Tower with Radar,0,23,13,2,38,0,0,0,0,0,0,23,13,2,38,0,0,0,38
01/17/2020,ABI,TX,ASW,CE,Combined TRACON& Tower with Radar,0,30,16,2,48,0,0,0,0,0,0,30,16,2,48,0,0,0,48
01/18/2020,ABI,TX,ASW,CE,Combined TRACON& Tower with Radar,0,12,23,0,35,0,2,35,1,38,0,14,58,1,73,76,0,76,149
01/19/2020,ABI,TX,ASW,CE,Combined TRACON& Tower with Radar,0,18,17,0,35,0,1,33,0,34,0,19,50,0,69,20,0,20,89
01/20/2020,ABI,TX,ASW,CE,Combined TRACON& Tower with Radar,1,20,21,4,46,0,0,43,0,43,1,20,64,4,89,54,0,54,143
01/21/2020,ABI,TX,ASW,CE,Combined TRACON& Tower with Radar,0,23,29,41,93,0,1,22,0,23,0,24,51,41,116,18,6,24,140
01/22/2020,ABI,TX,ASW,CE,Combined TRACON& Tower with Radar,1,28,30,17,76,0,0,10,4,14,1,28,40,21,90,0,12,12,102
01/23/2020,ABI,TX,ASW,CE,Combined TRACON& Tower with Radar,1,26,47,58,132,0,0,52,10,62,1,26,99,68,194,52,76,128,322
01/24/2020,ABI,TX,ASW,CE,Combined TRACON& Tower with Radar,3,22,21,27,73,0,0,40,4,44,3,22,61,31,117,24,46,70,187
01/25/2020,ABI,TX,ASW,CE,Combined TRACON& Tower with Radar,0,11,10,17,38,0,1,17,3,21,0,12,27,20,59,26,12,38,97
01/26/2020,ABI,TX,ASW,CE,Combined TRACON& Tower with Radar,1,16,18,23,58,0,0,22,0,22,1,16,40,23,80,58,2,60,140
01/27/2020,ABI,TX,ASW,CE,Combined TRACON& Tower with Radar,9,21,23,34,87,0,1,28,9,38,9,22,51,43,125,40,54,94,219
01/28/2020,ABI,TX,ASW,CE,Combined TRACON& Tower with Radar,0,21,22,96,139,0,0,1,9,10,0,21,23,105,149,0,26,26,175
01/29/2020,ABI,TX,ASW,CE,Combined TRACON& Tower with Radar,2,24,35,71,132,0,0,31,10,41,2,24,66,81,173,12,64,76,249
01/30/2020,ABI,TX,ASW,CE,Combined TRACON& Tower with Radar,0,27,26,11,64,0,0,5,2,7,0,27,31,13,71,0,0,0,71
01/31/2020,ABI,TX,ASW,CE,Combined TRACON& Tower with Radar,0,24,36,19,79,0,0,37,2,39,0,24,73,21,118,0,0,0,118
02/01/2020,ABI,TX,ASW,CE,Combined TRACON& Tower with Radar,0,18,25,0,43,0,0,41,0,41,0,18,66,0,84,60,0,60,144
02/02/2020,ABI,TX,ASW,CE,Combined TRACON& Tower with Radar,0,20,15,0,35,0,0,14,0,14,0,20,29,0,49,18,0,18,67
02/03/2020,ABI,TX,ASW,CE,Combined TRACON& Tower with Radar,2,18,36,24,80,0,2,13,7,22,2,20,49,31,102,0,42,42,144
02/04/2020,ABI,TX,ASW,CE,Combined TRACON& Tower with Radar,0,27,12,2,41,0,0,0,0,0,0,27,12,2,41,0,0,0,41
02/05/2020,ABI,TX,ASW,CE,Combined TRACON& Tower with Radar,0,0,0,2,2,0,0,0,0,0,0,0,0,2,2,0,0,0,2
02/06/2020,ABI,TX,ASW,CE,Combined TRACON& Tower with Radar,2,27,18,8,55,0,0,28,1,29,2,27,46,9,84,0,24,24,108
02/07/2020,ABI,TX,ASW,CE,Combined TRACON& Tower with Radar,4,26,24,42,96,0,0,28,13,41,4,26,52,55,137,31,48,79,216
02/08/2020,ABI,TX,ASW,CE,Combined TRACON& Tower with Radar,0,9,26,11,46,0,1,46,4,51,0,10,72,15,97,82,8,90,187
02/09/2020,ABI,TX,ASW,CE,Combined TRACON& Tower with Radar,2,22,11,12,47,0,0,18,0,18,2,22,29,12,65,2,0,2,67
02/10/2020,ABI,TX,ASW,CE,Combined TRACON& Tower with Radar,2,18,9,8,37,0,0,0,0,0,2,18,9,8,37,0,6,6,43
02/11/2020,ABI,TX,ASW,CE,Combined TRACON& Tower with Radar,2,19,18,6,45,0,0,0,0,0,2,19,18,6,45,0,0,0,45
02/12/2020,ABI,TX,ASW,CE,Combined TRACON& Tower with Radar,2,33,39,85,159,0,0,21,1,22,2,33,60,86,181,40,26,66,247
02/13/2020,ABI,TX,ASW,CE,Combined TRACON& Tower with Radar,0,21,45,44,110,0,0,9,0,9,0,21,54,44,119,0,30,30,149
02/14/2020,ABI,TX,ASW,CE,Combined TRACON& Tower with Radar,0,25,41,36,102,0,2,38,11,51,0,27,79,47,153,28,42,70,223
02/15/2020,ABI,TX,ASW,CE,Combined TRACON& Tower with Radar,0,17,21,8,46,0,0,26,0,26,0,17,47,8,72,0,0,0,72
02/16/2020,ABI,TX,ASW,CE,Combined TRACON& Tower with Radar,0,15,23,3,41,0,0,39,1,40,0,15,62,4,81,26,2,28,109
02/17/2020,ABI,TX,ASW,CE,Combined TRACON& Tower with Radar,0,15,29,8,52,0,3,28,0,31,0,18,57,8,83,36,0,36,119
02/18/2020,ABI,TX,ASW,CE,Combined TRACON& Tower with Radar,0,26,30,55,111,0,7,14,1,22,0,33,44,56,133,74,40,114,247
02/19/2020,ABI,TX,ASW,CE,Combined TRACON& Tower with Radar,0,26,25,36,87,0,0,6,0,6,0,26,31,36,93,0,54,54,147
02/20/2020,ABI,TX,ASW,CE,Combined TRACON& Tower with Radar,0,24,45,90,159,0,3,13,0,16,0,27,58,90,175,0,0,0,175
02/21/2020,ABI,TX,ASW,CE,Combined TRACON& Tower with Radar,1,22,25,44,92,0,1,35,5,41,1,23,60,49,133,12,20,32,165
02/22/2020,ABI,TX,ASW,CE,Combined TRACON& Tower with Radar,1,16,12,7,36,0,5,25,1,31,1,21,37,8,67,26,0,26,93
02/23/2020,ABI,TX,ASW,CE,Combined TRACON& Tower with Radar,0,19,17,0,36,0,0,3,0,3,0,19,20,0,39,0,0,0,39
02/24/2020,ABI,TX,ASW,CE,Combined TRACON& Tower with Radar,2,17,30,40,89,0,0,26,30,56,2,17,56,70,145,20,108,128,273
02/25/2020,ABI,TX,ASW,CE,Combined TRACON& Tower with Radar,0,21,11,19,51,0,0,25,16,41,0,21,36,35,92,58,10,68,160
02/26/2020,ABI,TX,ASW,CE,Combined TRACON& Tower with Radar,1,26,18,45,90,0,0,23,8,31,1,26,41,53,121,6,12,18,139
02/27/2020,ABI,TX,ASW,CE,Combined TRACON& Tower with Radar,0,19,26,17,62,0,4,38,5,47,0,23,64,22,109,40,44,84,193
02/28/2020,ABI,TX,ASW,CE,Combined TRACON& Tower with Radar,1,19,27,51,98,0,1,48,4,53,1,20,75,55,151,12,40,52,203
02/29/2020,ABI,TX,ASW,CE,Combined TRACON& Tower with Radar,0,15,7,6,28,0,1,44,0,45,0,16,51,6,73,10,6,16,89
03/01/2020,ABI,TX,ASW,CE,Combined TRACON& Tower with Radar,1,14,18,4,37,0,1,12,0,13,1,15,30,4,50,0,0,0,50
03/02/2020,ABI,TX,ASW,CE,Combined TRACON& Tower with Radar,0,13,23,44,80,0,1,9,3,13,0,14,32,47,93,4,30,34,127
03/03/2020,ABI,TX,ASW,CE,Combined TRACON& Tower with Radar,0,20,26,34,80,0,1,10,0,11,0,21,36,34,91,14,32,46,137
03/04/2020,ABI,TX,ASW,CE,Combined TRACON& Tower with Radar,1,23,4,2,30,0,1,0,0,1,1,24,4,2,31,0,0,0,31
03/05/2020,ABI,TX,ASW,CE,Combined TRACON& Tower with Radar,2,23,48,46,119,0,1,30,8,39,2,24,78,54,158,0,74,74,232
03/06/2020,ABI,TX,ASW,CE,Combined TRACON& Tower with Radar,1,20,32,54,107,0,1,51,4,56,1,21,83,58,163,2,22,24,187
03/07/2020,ABI,TX,ASW,CE,Combined TRACON& Tower with Radar,1,16,16,0,33,0,2,23,0,25,1,18,39,0,58,24,0,24,82
03/08/2020,ABI,TX,ASW,CE,Combined TRACON& Tower with Radar,0,19,15,6,40,0,0,1,0,1,0,19,16,6,41,30,0,30,71
03/09/2020,ABI,TX,ASW,CE,Combined TRACON& Tower with Radar,0,17,12,13,42,0,0,10,4,14,0,17,22,17,56,10,0,10,66
03/10/2020,ABI,TX,ASW,CE,Combined TRACON& Tower with Radar,0,31,30,62,123,0,6,11,0,17,0,37,41,62,140,38,60,98,238
03/11/2020,ABI,TX,ASW,CE,Combined TRACON& Tower with Radar,0,29,18,46,93,0,0,21,2,23,0,29,39,48,116,70,6,76,192
03/12/2020,ABI,TX,ASW,CE,Combined TRACON& Tower with Radar,0,20,31,28,79,0,0,25,8,33,0,20,56,36,112,48,10,58,170
03/13/2020,ABI,TX,ASW,CE,Combined TRACON& Tower with Radar,0,24,5,0,29,0,1,0,0,1,0,25,5,0,30,0,0,0,30
03/14/2020,ABI,TX,ASW,CE,Combined TRACON& Tower with Radar,1,16,10,0,27,0,0,3,0,3,1,16,13,0,30,6,0,6,36
03/15/2020,ABI,TX,ASW,CE,Combined TRACON& Tower with Radar,0,18,10,0,28,0,0,0,0,0,0,18,10,0,28,0,0,0,28
03/16/2020,ABI,TX,ASW,CE,Combined TRACON& Tower with Radar,0,16,17,8,41,0,1,2,0,3,0,17,19,8,44,20,0,20,64
03/17/2020,ABI,TX,ASW,CE,Combined TRACON& Tower with Radar,0,20,7,8,35,0,1,3,0,4,0,21,10,8,39,8,0,8,47
03/18/2020,ABI,TX,ASW,CE,Combined TRACON& Tower with Radar,0,18,14,16,48,0,1,8,2,11,0,19,22,18,59,22,0,22,81
03/19/2020,ABI,TX,ASW,CE,Combined TRACON& Tower with Radar,6,20,20,7,53,0,1,8,3,12,6,21,28,10,65,24,0,24,89
03/20/2020,ABI,TX,ASW,CE,Combined TRACON& Tower with Radar,0,18,9,52,79,0,1,8,6,15,0,19,17,58,94,0,0,0,94
03/21/2020,ABI,TX,ASW,CE,Combined TRACON& Tower with Radar,0,21,3,0,24,0,0,4,0,4,0,21,7,0,28,58,0,58,86
03/22/2020,ABI,TX,ASW,CE,Combined TRACON& Tower with Radar,0,12,7,0,19,0,0,6,0,6,0,12,13,0,25,4,0,4,29
03/23/2020,ABI,TX,ASW,CE,Combined TRACON& Tower with Radar,0,24,17,27,68,0,1,9,1,11,0,25,26,28,79,18,52,70,149
03/24/2020,ABI,TX,ASW,CE,Combined TRACON& Tower with Radar,1,27,14,17,59,0,3,19,8,30,1,30,33,25,89,48,14,62,151
03/25/2020,ABI,TX,ASW,CE,Combined TRACON& Tower with Radar,0,17,14,22,53,0,1,29,6,36,0,18,43,28,89,0,0,0,89
03/26/2020,ABI,TX,ASW,CE,Combined TRACON& Tower with Radar,7,24,17,22,70,0,1,28,5,34,7,25,45,27,104,26,82,108,212
03/27/2020,ABI,TX,ASW,CE,Combined TRACON& Tower with Radar,0,23,12,14,49,0,1,10,6,17,0,24,22,20,66,14,4,18,84
03/28/2020,ABI,TX,ASW,CE,Combined TRACON& Tower with Radar,0,12,2,0,14,0,2,5,1,8,0,14,7,1,22,44,0,44,66
03/29/2020,ABI,TX,ASW,CE,Combined TRACON& Tower with Radar,0,12,9,9,30,0,0,31,0,31,0,12,40,9,61,82,42,124,185
03/30/2020,ABI,TX,ASW,CE,Combined TRACON& Tower with Radar,4,14,2,6,26,0,0,0,0,0,4,14,2,6,26,0,0,0,26
03/31/2020,ABI,TX,ASW,CE,Combined TRACON& Tower with Radar,2,15,5,33,55,0,0,18,11,29,2,15,23,44,84,34,28,62,146
04/01/2020,ABI,TX,ASW,CE,Combined TRACON& Tower with Radar,0,16,16,13,45,0,0,13,2,15,0,16,29,15,60,0,0,0,60
04/02/2020,ABI,TX,ASW,CE,Combined TRACON& Tower with Radar,0,17,6,18,41,0,0,6,2,8,0,17,12,20,49,0,4,4,53
04/03/2020,ABI,TX,ASW,CE,Combined TRACON& Tower with Radar,0,22,2,2,26,0,0,0,0,0,0,22,2,2,26,0,0,0,26
04/04/2020,ABI,TX,ASW,CE,Combined TRACON& Tower with Radar,1,13,6,0,20,0,0,0,0,0,1,13,6,0,20,0,0,0,20
04/05/2020,ABI,TX,ASW,CE,Combined TRACON& Tower with Radar,3,11,10,8,32,0,0,1,0,1,3,11,11,8,33,14,0,14,47
04/06/2020,ABI,TX,ASW,CE,Combined TRACON& Tower with Radar,1,15,18,13,47,0,0,3,0,3,1,15,21,13,50,14,64,78,128
04/07/2020,ABI,TX,ASW,CE,Combined TRACON& Tower with Radar,2,17,19,14,52,0,0,15,4,19,2,17,34,18,71,62,6,68,139
04/08/2020,ABI,TX,ASW,CE,Combined TRACON& Tower with Radar,3,15,16,18,52,0,2,19,0,21,3,17,35,18,73,24,18,42,115
04/09/2020,ABI,TX,ASW,CE,Combined TRACON& Tower with Radar,0,19,9,10,38,0,0,8,0,8,0,19,17,10,46,12,6,18,64
04/10/2020,ABI,TX,ASW,CE,Combined TRACON& Tower with Radar,0,27,13,6,46,0,2,14,0,16,0,29,27,6,62,46,14,60,122
04/11/2020,ABI,TX,ASW,CE,Combined TRACON& Tower with Radar,0,13,6,0,19,0,0,15,0,15,0,13,21,0,34,14,0,14,48
04/12/2020,ABI,TX,ASW,CE,Combined TRACON& Tower with Radar,0,7,3,0,10,0,0,3,0,3,0,7,6,0,13,0,0,0,13
04/13/2020,ABI,TX,ASW,CE,Combined TRACON& Tower with Radar,0,12,12,35,59,0,1,17,10,28,0,13,29,45,87,0,46,46,133
04/14/2020,ABI,TX,ASW,CE,Combined TRACON& Tower with Radar,0,12,8,34,54,0,1,15,0,16,0,13,23,34,70,18,16,34,104
04/15/2020,ABI,TX,ASW,CE,Combined TRACON& Tower with Radar,0,19,28,39,86,0,1,27,4,32,0,20,55,43,118,102,68,170,288
04/16/2020,ABI,TX,ASW,CE,Combined TRACON& Tower with Radar,0,12,16,9,37,0,1,18,5,24,0,13,34,14,61,0,12,12,73
04/17/2020,ABI,TX,ASW,CE,Combined TRACON& Tower with Radar,0,16,34,20,70,0,1,5,0,6,0,17,39,20,76,0,44,44,120
04/18/2020,ABI,TX,ASW,CE,Combined TRACON& Tower with Radar,0,8,31,22,61,0,0,18,0,18,0,8,49,22,79,10,34,44,123
04/19/2020,ABI,TX,ASW,CE,Combined TRACON& Tower with Radar,0,8,12,2,22,0,0,15,1,16,0,8,27,3,38,24,0,24,62
04/20/2020,ABI,TX,ASW,CE,Combined TRACON& Tower with Radar,0,15,29,34,78,0,0,21,8,29,0,15,50,42,107,30,4,34,141
04/21/2020,ABI,TX,ASW,CE,Combined TRACON& Tower with Radar,0,15,10,18,43,0,1,8,3,12,0,16,18,21,55,32,20,52,107
04/22/2020,ABI,TX,ASW,CE,Combined TRACON& Tower with Radar,0,19,14,2,35,0,1,11,0,12,0,20,25,2,47,12,0,12,59
04/23/2020,ABI,TX,ASW,CE,Combined TRACON& Tower with Radar,0,17,23,30,70,0,0,62,0,62,0,17,85,30,132,48,6,54,186
04/24/2020,ABI,TX,ASW,CE,Combined TRACON& Tower with Radar,0,14,34,23,71,0,0,25,4,29,0,14,59,27,100,52,42,94,194
04/25/2020,ABI,TX,ASW,CE,Combined TRACON& Tower with Radar,0,9,9,6,24,0,2,29,1,32,0,11,38,7,56,36,4,40,96
04/26/2020,ABI,TX,ASW,CE,Combined TRACON& Tower with Radar,0,10,13,1,24,0,1,26,0,27,0,11,39,1,51,14,2,16,67
04/27/2020,ABI,TX,ASW,CE,Combined TRACON& Tower with Radar,0,13,7,6,26,0,2,14,0,16,0,15,21,6,42,6,0,6,48
04/28/2020,ABI,TX,ASW,CE,Combined TRACON& Tower with Radar,0,17,10,6,33,0,0,24,0,24,0,17,34,6,57,6,0,6,63
04/29/2020,ABI,TX,ASW,CE,Combined TRACON& Tower with Radar,0,21,20,16,57,0,0,34,0,34,0,21,54,16,91,166,64,230,321
04/30/2020,ABI,TX,ASW,CE,Combined TRACON& Tower with Radar,0,21,27,23,71,0,0,60,11,71,0,21,87,34,142,70,30,100,242
05/01/2020,ABI,TX,ASW,CE,Combined TRACON& Tower with Radar,0,19,14,9,42,0,2,22,4,28,0,21,36,13,70,48,0,48,118
05/02/2020,ABI,TX,ASW,CE,Combined TRACON& Tower with Radar,0,9,13,0,22,0,1,17,0,18,0,10,30,0,40,0,0,0,40
05/03/2020,ABI,TX,ASW,CE,Combined TRACON& Tower with Radar,0,4,8,6,18,0,1,18,2,21,0,5,26,8,39,6,0,6,45
05/04/2020,ABI,TX,ASW,CE,Combined TRACON& Tower with Radar,0,16,14,23,53,0,0,31,1,32,0,16,45,24,85,0,0,0,85
05/05/2020,ABI,TX,ASW,CE,Combined TRACON& Tower with Radar,3,15,8,28,54,0,1,24,0,25,3,16,32,28,79,46,6,52,131
05/06/2020,ABI,TX,ASW,CE,Combined TRACON& Tower with Radar,3,12,28,12,55,0,2,57,0,59,3,14,85,12,114,80,0,80,194
05/07/2020,ABI,TX,ASW,CE,Combined TRACON& Tower with Radar,2,13,9,26,50,0,0,9,2,11,2,13,18,28,61,6,2,8,69
05/08/2020,ABI,TX,ASW,CE,Combined TRACON& Tower with Radar,2,17,5,44,68,0,2,9,10,21,2,19,14,54,89,0,48,48,137
05/09/2020,ABI,TX,ASW,CE,Combined TRACON& Tower with Radar,3,10,21,22,56,0,0,55,2,57,3,10,76,24,113,32,26,58,171
05/10/2020,ABI,TX,ASW,CE,Combined TRACON& Tower with Radar,1,6,10,7,24,0,0,30,2,32,1,6,40,9,56,0,0,0,56
05/11/2020,ABI,TX,ASW,CE,Combined TRACON& Tower with Radar,2,10,14,10,36,0,1,28,0,29,2,11,42,10,65,6,2,8,73
05/12/2020,ABI,TX,ASW,CE,Combined TRACON& Tower with Radar,0,16,14,24,54,0,1,19,0,20,0,17,33,24,74,0,0,0,74
05/13/2020,ABI,TX,ASW,CE,Combined TRACON& Tower with Radar,0,14,22,46,82,0,1,8,0,9,0,15,30,46,91,12,0,12,103
05/14/2020,ABI,TX,ASW,CE,Combined TRACON& Tower with Radar,1,15,10,16,42,0,1,24,0,25,1,16,34,16,67,8,28,36,103
05/15/2020,ABI,TX,ASW,CE,Combined TRACON& Tower with Radar,0,19,22,10,51,0,1,9,0,10,0,20,31,10,61,0,8,8,69
05/16/2020,ABI,TX,ASW,CE,Combined TRACON& Tower with Radar,0,13,8,16,37,0,2,8,0,10,0,15,16,16,47,26,0,26,73
05/17/2020,ABI,TX,ASW,CE,Combined TRACON& Tower with Radar,3,9,10,2,24,0,1,19,0,20,3,10,29,2,44,18,0,18,62
05/18/2020,ABI,TX,ASW,CE,Combined TRACON& Tower with Radar,1,10,14,27,52,0,0,55,0,55,1,10,69,27,107,16,12,28,135
05/19/2020,ABI,TX,ASW,CE,Combined TRACON& Tower with Radar,1,14,15,20,50,0,0,39,0,39,1,14,54,20,89,18,24,42,131
05/20/2020,ABI,TX,ASW,CE,Combined TRACON& Tower with Radar,0,17,30,28,75,0,0,19,1,20,0,17,49,29,95,6,0,6,101
05/21/2020,ABI,TX,ASW,CE,Combined TRACON& Tower with Radar,2,13,22,16,53,0,0,5,6,11,2,13,27,22,64,0,0,0,64
05/22/2020,ABI,TX,ASW,CE,Combined TRACON& Tower with Radar,1,15,19,0,35,0,0,15,0,15,1,15,34,0,50,6,0,6,56
05/23/2020,ABI,TX,ASW,CE,Combined TRACON& Tower with Radar,0,12,8,0,20,0,0,9,0,9,0,12,17,0,29,10,0,10,39
05/24/2020,ABI,TX,ASW,CE,Combined TRACON& Tower with Radar,1,10,18,0,29,0,0,3,0,3,1,10,21,0,32,0,0,0,32
05/25/2020,ABI,TX,ASW,CE,Combined TRACON& Tower with Radar,0,11,16,0,27,0,2,14,0,16,0,13,30,0,43,0,0,0,43
05/26/2020,ABI,TX,ASW,CE,Combined TRACON& Tower with Radar,0,15,27,58,100,0,0,20,5,25,0,15,47,63,125,26,78,104,229
05/27/2020,ABI,TX,ASW,CE,Combined TRACON& Tower with Radar,0,14,18,33,65,0,1,21,0,22,0,15,39,33,87,44,6,50,137
05/28/2020,ABI,TX,ASW,CE,Combined TRACON& Tower with Radar,0,13,27,28,68,0,1,28,5,34,0,14,55,33,102,16,44,60,162
05/29/2020,ABI,TX,ASW,CE,Combined TRACON& Tower with Radar,0,17,27,34,78,0,0,33,17,50,0,17,60,51,128,4,12,16,144
05/30/2020,ABI,TX,ASW,CE,Combined TRACON& Tower with Radar,0,15,4,1,20,0,0,24,1,25,0,15,28,2,45,16,0,16,61
05/31/2020,ABI,TX,ASW,CE,Combined TRACON& Tower with Radar,0,9,7,0,16,0,0,20,0,20,0,9,27,0,36,18,0,18,54
06/01/2020,ABI,TX,ASW,CE,Combined TRACON& Tower with Radar,1,13,16,6,36,0,0,7,0,7,1,13,23,6,43,14,0,14,57
06/02/2020,ABI,TX,ASW,CE,Combined TRACON& Tower with Radar,0,18,26,42,86,0,0,19,5,24,0,18,45,47,110,28,8,36,146
06/03/2020,ABI,TX,ASW,CE,Combined TRACON& Tower with Radar,0,21,44,52,117,0,0,36,7,43,0,21,80,59,160,28,20,48,208
06/04/2020,ABI,TX,ASW,CE,Combined TRACON& Tower with Radar,1,16,22,14,53,0,0,35,4,39,1,16,57,18,92,50,0,50,142
06/05/2020,ABI,TX,ASW,CE,Combined TRACON& Tower with Radar,0,13,23,29,65,0,0,43,8,51,0,13,66,37,116,34,0,34,150
06/06/2020,ABI,TX,ASW,CE,Combined TRACON& Tower with Radar,0,13,15,0,28,0,0,23,1,24,0,13,38,1,52,12,0,12,64
06/07/2020,ABI,TX,ASW,CE,Combined TRACON& Tower with Radar,0,6,10,4,20,0,2,30,1,33,0,8,40,5,53,20,0,20,73
06/08/2020,ABI,TX,ASW,CE,Combined TRACON& Tower with Radar,0,9,27,22,58,0,0,24,5,29,0,9,51,27,87,14,9,23,110
06/09/2020,ABI,TX,ASW,CE,Combined TRACON& Tower with Radar,0,20,16,31,67,0,0,5,2,7,0,20,21,33,74,0,2,2,76
06/10/2020,ABI,TX,ASW,CE,Combined TRACON& Tower with Radar,0,19,25,31,75,0,0,41,5,46,0,19,66,36,121,34,60,94,215
06/11/2020,ABI,TX,ASW,CE,Combined TRACON& Tower with Radar,0,15,29,34,78,0,0,32,9,41,0,15,61,43,119,18,2,20,139
06/12/2020,ABI,TX,ASW,CE,Combined TRACON& Tower with Radar,0,16,10,19,45,0,1,42,1,44,0,17,52,20,89,16,4,20,109
06/13/2020,ABI,TX,ASW,CE,Combined TRACON& Tower with Radar,0,12,12,0,24,0,1,35,0,36,0,13,47,0,60,54,0,54,114
06/14/2020,ABI,TX,ASW,CE,Combined TRACON& Tower with Radar,0,6,9,17,32,0,3,21,5,29,0,9,30,22,61,0,0,0,61
06/15/2020,ABI,TX,ASW,CE,Combined TRACON& Tower with Radar,0,9,21,19,49,0,0,29,1,30,0,9,50,20,79,18,0,18,97
06/16/2020,ABI,TX,ASW,CE,Combined TRACON& Tower with Radar,1,16,27,23,67,0,7,19,0,26,1,23,46,23,93,50,0,50,143
06/17/2020,ABI,TX,ASW,CE,Combined TRACON& Tower with Radar,0,13,19,19,51,0,1,19,0,20,0,14,38,19,71,0,24,24,95
06/18/2020,ABI,TX,ASW,CE,Combined TRACON& Tower with Radar,1,17,26,9,53,0,0,14,1,15,1,17,40,10,68,4,8,12,80
06/19/2020,ABI,TX,ASW,CE,Combined TRACON& Tower with Radar,0,13,27,37,77,0,2,31,5,38,0,15,58,42,115,0,0,0,115
06/20/2020,ABI,TX,ASW,CE,Combined TRACON& Tower with Radar,0,10,18,0,28,0,1,20,1,22,0,11,38,1,50,42,0,42,92
06/21/2020,ABI,TX,ASW,CE,Combined TRACON& Tower with Radar,2,8,14,2,26,0,0,21,0,21,2,8,35,2,47,0,0,0,47
06/22/2020,ABI,TX,ASW,CE,Combined TRACON& Tower with Radar,1,15,21,23,60,0,0,11,18,29,1,15,32,41,89,20,62,82,171
06/23/2020,ABI,TX,ASW,CE,Combined TRACON& Tower with Radar,0,25,28,32,85,0,0,19,8,27,0,25,47,40,112,40,16,56,168
06/24/2020,ABI,TX,ASW,CE,Combined TRACON& Tower with Radar,0,17,28,33,78,0,2,35,3,40,0,19,63,36,118,34,30,64,182
06/25/2020,ABI,TX,ASW,CE,Combined TRACON& Tower with Radar,4,15,23,33,75,0,0,26,3,29,4,15,49,36,104,26,82,108,212
06/26/2020,ABI,TX,ASW,CE,Combined TRACON& Tower with Radar,0,14,33,55,102,0,1,14,3,18,0,15,47,58,120,12,42,54,174
06/27/2020,ABI,TX,ASW,CE,Combined TRACON& Tower with Radar,0,12,18,0,30,0,0,19,0,19,0,12,37,0,49,36,0,36,85
06/28/2020,ABI,TX,ASW,CE,Combined TRACON& Tower with Radar,0,8,9,9,26,0,0,11,0,11,0,8,20,9,37,4,0,4,41
06/29/2020,ABI,TX,ASW,CE,Combined TRACON& Tower with Radar,0,12,16,20,48,0,2,21,2,25,0,14,37,22,73,2,20,22,95
06/30/2020,ABI,TX,ASW,CE,Combined TRACON& Tower with Radar,0,21,5,2,28,0,0,14,2,16,0,21,19,4,44,4,0,4,48
07/01/2020,ABI,TX,ASW,CE,Combined TRACON& Tower with Radar,2,19,22,6,49,0,1,15,0,16,2,20,37,6,65,22,14,36,101
07/02/2020,ABI,TX,ASW,CE,Combined TRACON& Tower with Radar,2,16,19,22,59,0,0,13,0,13,2,16,32,22,72,36,38,74,146
07/03/2020,ABI,TX,ASW,CE,Combined TRACON& Tower with Radar,0,19,17,0,36,0,2,46,0,48,0,21,63,0,84,42,0,42,126
07/04/2020,ABI,TX,ASW,CE,Combined TRACON& Tower with Radar,0,8,6,0,14,0,0,15,0,15,0,8,21,0,29,36,0,36,65
07/05/2020,ABI,TX,ASW,CE,Combined TRACON& Tower with Radar,4,11,11,0,26,0,1,19,0,20,4,12,30,0,46,30,0,30,76
07/06/2020,ABI,TX,ASW,CE,Combined TRACON& Tower with Radar,0,13,9,2,24,0,0,7,0,7,0,13,16,2,31,6,0,6,37
07/07/2020,ABI,TX,ASW,CE,Combined TRACON& Tower with Radar,5,28,8,31,72,0,1,8,0,9,5,29,16,31,81,56,4,60,141
07/08/2020,ABI,TX,ASW,CE,Combined TRACON& Tower with Radar,1,18,24,24,67,0,0,34,1,35,1,18,58,25,102,78,8,86,188
07/09/2020,ABI,TX,ASW,CE,Combined TRACON& Tower with Radar,0,20,18,11,49,0,0,20,9,29,0,20,38,20,78,30,10,40,118
07/10/2020,ABI,TX,ASW,CE,Combined TRACON& Tower with Radar,1,21,13,73,108,0,1,28,1,30,1,22,41,74,138,28,38,66,204
07/11/2020,ABI,TX,ASW,CE,Combined TRACON& Tower with Radar,0,11,4,2,17,0,6,26,0,32,0,17,30,2,49,0,0,0,49
07/12/2020,ABI,TX,ASW,CE,Combined TRACON& Tower with Radar,1,11,12,0,24,0,11,17,8,36,1,22,29,8,60,40,0,40,100
07/13/2020,ABI,TX,ASW,CE,Combined TRACON& Tower with Radar,1,12,15,12,40,0,38,13,32,83,1,50,28,44,123,12,0,12,135
07/14/2020,ABI,TX,ASW,CE,Combined TRACON& Tower with Radar,0,19,16,24,59,0,15,11,87,113,0,34,27,111,172,0,8,8,180
07/15/2020,ABI,TX,ASW,CE,Combined TRACON& Tower with Radar,2,20,16,20,58,0,14,34,54,102,2,34,50,74,160,16,4,20,180
07/16/2020,ABI,TX,ASW,CE,Combined TRACON& Tower with Radar,0,18,30,2,50,14,31,20,46,111,14,49,50,48,161,30,0,30,191
07/17/2020,ABI,TX,ASW,CE,Combined TRACON& Tower with Radar,1,19,19,40,79,3,4,38,42,87,4,23,57,82,166,0,0,0,166
07/18/2020,ABI,TX,ASW,CE,Combined TRACON& Tower with Radar,0,11,10,0,21,0,8,29,0,37,0,19,39,0,58,31,0,31,89
07/19/2020,ABI,TX,ASW,CE,Combined TRACON& Tower with Radar,3,10,14,3,30,0,0,25,1,26,3,10,39,4,56,42,4,46,102
07/20/2020,ABI,TX,ASW,CE,Combined TRACON& Tower with Radar,0,20,14,38,72,0,0,25,6,31,0,20,39,44,103,62,10,72,175
07/21/2020,ABI,TX,ASW,CE,Combined TRACON& Tower with Radar,2,21,26,17,66,0,0,16,31,47,2,21,42,48,113,14,52,66,179
07/22/2020,ABI,TX,ASW,CE,Combined TRACON& Tower with Radar,0,18,8,22,48,0,0,12,2,14,0,18,20,24,62,32,14,46,108
07/23/2020,ABI,TX,ASW,CE,Combined TRACON& Tower with Radar,0,19,14,17,50,0,0,16,0,16,0,19,30,17,66,50,6,56,122
07/24/2020,ABI,TX,ASW,CE,Combined TRACON& Tower with Radar,1,18,25,57,101,0,1,57,19,77,1,19,82,76,178,4,10,14,192
07/25/2020,ABI,TX,ASW,CE,Combined TRACON& Tower with Radar,1,14,9,0,24,0,2,26,3,31,1,16,35,3,55,30,0,30,85
07/26/2020,ABI,TX,ASW,CE,Combined TRACON& Tower with Radar,0,16,13,0,29,0,0,20,0,20,0,16,33,0,49,20,0,20,69
07/27/2020,ABI,TX,ASW,CE,Combined TRACON& Tower with Radar,0,13,31,34,78,0,1,24,1,26,0,14,55,35,104,22,40,62,166
07/28/2020,ABI,TX,ASW,CE,Combined TRACON& Tower with Radar,0,14,11,38,63,0,1,14,2,17,0,15,25,40,80,16,0,16,96
07/29/2020,ABI,TX,ASW,CE,Combined TRACON& Tower with Radar,0,21,35,26,82,0,1,24,5,30,0,22,59,31,112,34,50,84,196
07/30/2020,ABI,TX,ASW,CE,Combined TRACON& Tower with Radar,2,18,25,31,76,0,2,24,3,29,2,20,49,34,105,16,24,40,145
07/31/2020,ABI,TX,ASW,CE,Combined TRACON& Tower with Radar,0,19,29,51,99,0,1,17,3,21,0,20,46,54,120,0,28,28,148
08/01/2020,ABI,TX,ASW,CE,Combined TRACON& Tower with Radar,0,12,12,11,35,1,2,48,7,58,1,14,60,18,93,78,34,112,205
08/02/2020,ABI,TX,ASW,CE,Combined TRACON& Tower with Radar,0,8,16,9,33,3,0,30,14,47,3,8,46,23,80,0,0,0,80
08/03/2020,ABI,TX,ASW,CE,Combined TRACON& Tower with Radar,0,15,11,19,45,0,0,21,13,34,0,15,32,32,79,16,6,22,101
08/04/2020,ABI,TX,ASW,CE,Combined TRACON& Tower with Radar,0,20,21,41,82,0,0,13,15,28,0,20,34,56,110,22,14,36,146
08/05/2020,ABI,TX,ASW,CE,Combined TRACON& Tower with Radar,0,19,17,47,83,0,0,25,9,34,0,19,42,56,117,10,6,16,133
08/06/2020,ABI,TX,ASW,CE,Combined TRACON& Tower with Radar,1,18,19,38,76,0,1,39,6,46,1,19,58,44,122,30,74,104,226
08/07/2020,ABI,TX,ASW,CE,Combined TRACON& Tower with Radar,1,20,28,5,54,0,2,36,3,41,1,22,64,8,95,46,0,46,141
08/08/2020,ABI,TX,ASW,CE,Combined TRACON& Tower with Radar,1,15,13,2,31,4,14,25,10,53,5,29,38,12,84,56,0,56,140
08/09/2020,ABI,TX,ASW,CE,Combined TRACON& Tower with Radar,1,10,18,12,41,0,1,23,4,28,1,11,41,16,69,20,0,20,89
08/10/2020,ABI,TX,ASW,CE,Combined TRACON& Tower with Radar,2,16,15,39,72,6,13,9,9,37,8,29,24,48,109,8,50,58,167
08/11/2020,ABI,TX,ASW,CE,Combined TRACON& Tower with Radar,0,19,16,35,70,0,6,24,1,31,0,25,40,36,101,16,32,48,149
08/12/2020,ABI,TX,ASW,CE,Combined TRACON& Tower with Radar,2,13,19,39,73,0,0,21,5,26,2,13,40,44,99,30,32,62,161
08/13/2020,ABI,TX,ASW,CE,Combined TRACON& Tower with Radar,0,16,13,40,69,0,0,22,7,29,0,16,35,47,98,26,36,62,160
08/14/2020,ABI,TX,ASW,CE,Combined TRACON& Tower with Radar,2,18,19,17,56,0,0,29,8,37,2,18,48,25,93,24,4,28,121
08/15/2020,ABI,TX,ASW,CE,Combined TRACON& Tower with Radar,0,14,7,0,21,0,4,21,3,28,0,18,28,3,49,18,0,18,67
08/16/2020,ABI,TX,ASW,CE,Combined TRACON& Tower with Radar,3,7,15,16,41,0,1,20,27,48,3,8,35,43,89,14,6,20,109
08/17/2020,ABI,TX,ASW,CE,Combined TRACON& Tower with Radar,1,13,22,35,71,0,0,18,8,26,1,13,40,43,97,28,20,48,145
08/18/2020,ABI,TX,ASW,CE,Combined TRACON& Tower with Radar,0,15,27,23,65,0,0,27,46,73,0,15,54,69,138,14,8,22,160
08/19/2020,ABI,TX,ASW,CE,Combined TRACON& Tower with Radar,2,13,19,30,64,0,1,23,13,37,2,14,42,43,101,20,14,34,135
08/20/2020,ABI,TX,ASW,CE,Combined TRACON& Tower with Radar,0,21,29,14,64,0,2,29,0,31,0,23,58,14,95,0,0,0,95
08/21/2020,ABI,TX,ASW,CE,Combined TRACON& Tower with Radar,0,15,33,22,70,0,0,34,7,41,0,15,67,29,111,4,14,18,129
08/22/2020,ABI,TX,ASW,CE,Combined TRACON& Tower with Radar,0,13,3,4,20,0,0,28,0,28,0,13,31,4,48,18,0,18,66
08/23/2020,ABI,TX,ASW,CE,Combined TRACON& Tower with Radar,0,8,17,36,61,0,2,33,6,41,0,10,50,42,102,14,0,14,116
08/24/2020,ABI,TX,ASW,CE,Combined TRACON& Tower with Radar,6,13,21,25,65,0,1,24,9,34,6,14,45,34,99,8,22,30,129
08/25/2020,ABI,TX,ASW,CE,Combined TRACON& Tower with Radar,1,15,24,59,99,0,7,36,20,63,1,22,60,79,162,70,32,102,264
08/26/2020,ABI,TX,ASW,CE,Combined TRACON& Tower with Radar,6,17,22,41,86,0,2,31,10,43,6,19,53,51,129,20,14,34,163
08/27/2020,ABI,TX,ASW,CE,Combined TRACON& Tower with Radar,0,18,29,35,82,0,5,30,47,82,0,23,59,82,164,12,54,66,230
08/28/2020,ABI,TX,ASW,CE,Combined TRACON& Tower with Radar,0,13,14,16,43,0,2,37,17,56,0,15,51,33,99,42,6,48,147
08/29/2020,ABI,TX,ASW,CE,Combined TRACON& Tower with Radar,0,10,11,0,21,0,7,37,17,61,0,17,48,17,82,6,34,40,122
08/30/2020,ABI,TX,ASW,CE,Combined TRACON& Tower with Radar,0,10,6,5,21,0,40,28,47,115,0,50,34,52,136,0,6,6,142
08/31/2020,ABI,TX,ASW,CE,Combined TRACON& Tower with Radar,0,15,21,8,44,0,2,9,1,12,0,17,30,9,56,10,4,14,70
09/01/2020,ABI,TX,ASW,CE,Combined TRACON& Tower with Radar,8,19,20,6,53,0,6,4,4,14,8,25,24,10,67,0,0,0,67
09/02/2020,ABI,TX,ASW,CE,Combined TRACON& Tower with Radar,1,24,11,17,53,0,0,1,0,1,1,24,12,17,54,32,0,32,86
09/03/2020,ABI,TX,ASW,CE,Combined TRACON& Tower with Radar,0,25,21,8,54,0,0,14,3,17,0,25,35,11,71,0,14,14,85
09/04/2020,ABI,TX,ASW,CE,Combined TRACON& Tower with Radar,0,19,25,2,46,0,0,19,0,19,0,19,44,2,65,48,0,48,113
09/05/2020,ABI,TX,ASW,CE,Combined TRACON& Tower with Radar,4,14,6,0,24,0,0,23,1,24,4,14,29,1,48,0,0,0,48
09/06/2020,ABI,TX,ASW,CE,Combined TRACON& Tower with Radar,0,9,10,6,25,0,0,19,0,19,0,9,29,6,44,38,0,38,82
09/07/2020,ABI,TX,ASW,CE,Combined TRACON& Tower with Radar,2,14,18,2,36,0,3,37,2,42,2,17,55,4,78,0,0,0,78
09/08/2020,ABI,TX,ASW,CE,Combined TRACON& Tower with Radar,0,15,20,27,62,0,0,6,3,9,0,15,26,30,71,10,24,34,105
09/09/2020,ABI,TX,ASW,CE,Combined TRACON& Tower with Radar,0,12,6,1,19,0,0,2,0,2,0,12,8,1,21,0,0,0,21
09/10/2020,ABI,TX,ASW,CE,Combined TRACON& Tower with Radar,0,19,19,3,41,0,0,0,0,0,0,19,19,3,41,0,0,0,41
09/11/2020,ABI,TX,ASW,CE,Combined TRACON& Tower with Radar,0,20,33,20,73,0,2,21,1,24,0,22,54,21,97,0,8,8,105
09/12/2020,ABI,TX,ASW,CE,Combined TRACON& Tower with Radar,0,14,15,0,29,0,0,35,0,35,0,14,50,0,64,8,0,8,72
09/13/2020,ABI,TX,ASW,CE,Combined TRACON& Tower with Radar,0,10,12,4,26,0,0,17,0,17,0,10,29,4,43,0,0,0,43
09/14/2020,ABI,TX,ASW,CE,Combined TRACON& Tower with Radar,0,13,23,25,61,0,3,25,7,35,0,16,48,32,96,38,16,54,150
09/15/2020,ABI,TX,ASW,CE,Combined TRACON& Tower with Radar,0,20,27,21,68,0,0,25,3,28,0,20,52,24,96,8,30,38,134
09/16/2020,ABI,TX,ASW,CE,Combined TRACON& Tower with Radar,0,16,13,30,59,0,0,23,7,30,0,16,36,37,89,12,64,76,165
09/17/2020,ABI,TX,ASW,CE,Combined TRACON& Tower with Radar,0,18,19,18,55,0,1,13,0,14,0,19,32,18,69,0,0,0,69
09/18/2020,ABI,TX,ASW,CE,Combined TRACON& Tower with Radar,0,17,40,41,98,0,4,28,2,34,0,21,68,43,132,14,46,60,192
09/19/2020,ABI,TX,ASW,CE,Combined TRACON& Tower with Radar,0,11,21,14,46,0,0,12,0,12,0,11,33,14,58,20,0,20,78
09/20/2020,ABI,TX,ASW,CE,Combined TRACON& Tower with Radar,0,10,15,11,36,0,0,25,0,25,0,10,40,11,61,28,0,28,89
09/21/2020,ABI,TX,ASW,CE,Combined TRACON& Tower with Radar,0,15,20,64,99,0,0,13,12,25,0,15,33,76,124,10,82,92,216
09/22/2020,ABI,TX,ASW,CE,Combined TRACON& Tower with Radar,0,17,25,4,46,0,0,1,1,2,0,17,26,5,48,0,0,0,48
09/23/2020,ABI,TX,ASW,CE,Combined TRACON& Tower with Radar,0,17,19,30,66,0,0,13,0,13,0,17,32,30,79,28,0,28,107
09/24/2020,ABI,TX,ASW,CE,Combined TRACON& Tower with Radar,0,20,19,23,62,0,0,18,2,20,0,20,37,25,82,32,6,38,120
09/25/2020,ABI,TX,ASW,CE,Combined TRACON& Tower with Radar,0,24,31,56,111,0,0,36,2,38,0,24,67,58,149,48,6,54,203
09/26/2020,ABI,TX,ASW,CE,Combined TRACON& Tower with Radar,0,10,22,4,36,0,4,34,0,38,0,14,56,4,74,10,0,10,84
09/27/2020,ABI,TX,ASW,CE,Combined TRACON& Tower with Radar,0,15,12,3,30,0,2,18,1,21,0,17,30,4,51,34,4,38,89
09/28/2020,ABI,TX,ASW,CE,Combined TRACON& Tower with Radar,0,15,15,32,62,0,3,17,0,20,0,18,32,32,82,36,54,90,172
09/29/2020,ABI,TX,ASW,CE,Combined TRACON& Tower with Radar,0,18,22,74,114,0,2,27,17,46,0,20,49,91,160,44,66,110,270
09/30/2020,ABI,TX,ASW,CE,Combined TRACON& Tower with Radar,0,19,29,27,75,0,1,27,0,28,0,20,56,27,103,44,18,62,165
10/01/2020,ABI,TX,ASW,CE,Combined TRACON& Tower with Radar,2,18,23,44,87,2,4,29,15,50,4,22,52,59,137,2,36,38,175
10/02/2020,ABI,TX,ASW,CE,Combined TRACON& Tower with Radar,2,15,15,21,53,0,0,20,4,24,2,15,35,25,77,16,28,44,121
10/03/2020,ABI,TX,ASW,CE,Combined TRACON& Tower with Radar,3,11,9,5,28,0,2,20,0,22,3,13,29,5,50,14,0,14,64
10/04/2020,ABI,TX,ASW,CE,Combined TRACON& Tower with Radar,1,8,4,9,22,0,0,17,3,20,1,8,21,12,42,10,0,10,52
10/05/2020,ABI,TX,ASW,CE,Combined TRACON& Tower with Radar,1,13,10,67,91,0,0,12,7,19,1,13,22,74,110,46,24,70,180
10/06/2020,ABI,TX,ASW,CE,Combined TRACON& Tower with Radar,0,25,24,37,86,0,0,17,6,23,0,25,41,43,109,48,6,54,163
10/07/2020,ABI,TX,ASW,CE,Combined TRACON& Tower with Radar,0,17,10,42,69,0,1,30,13,44,0,18,40,55,113,62,78,140,253
10/08/2020,ABI,TX,ASW,CE,Combined TRACON& Tower with Radar,0,22,34,54,110,0,0,31,14,45,0,22,65,68,155,26,50,76,231
10/09/2020,ABI,TX,ASW,CE,Combined TRACON& Tower with Radar,1,24,22,36,83,0,0,16,5,21,1,24,38,41,104,54,26,80,184
10/10/2020,ABI,TX,ASW,CE,Combined TRACON& Tower with Radar,0,15,20,12,47,0,2,37,2,41,0,17,57,14,88,38,22,60,148
10/11/2020,ABI,TX,ASW,CE,Combined TRACON& Tower with Radar,0,13,13,0,26,0,0,31,0,31,0,13,44,0,57,8,0,8,65
10/12/2020,ABI,TX,ASW,CE,Combined TRACON& Tower with Radar,0,15,15,0,30,0,1,22,0,23,0,16,37,0,53,50,0,50,103
10/13/2020,ABI,TX,ASW,CE,Combined TRACON& Tower with Radar,1,27,24,40,92,0,0,41,1,42,1,27,65,41,134,10,30,40,174
10/14/2020,ABI,TX,ASW,CE,Combined TRACON& Tower with Radar,1,20,14,28,63,0,0,24,7,31,1,20,38,35,94,8,24,32,126
10/15/2020,ABI,TX,ASW,CE,Combined TRACON& Tower with Radar,0,18,17,22,57,0,0,7,18,25,0,18,24,40,82,0,26,26,108
10/16/2020,ABI,TX,ASW,CE,Combined TRACON& Tower with Radar,0,23,30,12,65,0,2,37,10,49,0,25,67,22,114,0,0,0,114
10/17/2020,ABI,TX,ASW,CE,Combined TRACON& Tower with Radar,0,12,9,54,75,0,0,23,4,27,0,12,32,58,102,0,20,20,122
10/18/2020,ABI,TX,ASW,CE,Combined TRACON& Tower with Radar,0,13,21,5,39,0,0,19,9,28,0,13,40,14,67,6,0,6,73
10/19/2020,ABI,TX,ASW,CE,Combined TRACON& Tower with Radar,0,17,14,44,75,0,1,6,8,15,0,18,20,52,90,32,0,32,122
10/20/2020,ABI,TX,ASW,CE,Combined TRACON& Tower with Radar,0,17,19,42,78,0,1,17,3,21,0,18,36,45,99,0,54,54,153
10/21/2020,ABI,TX,ASW,CE,Combined TRACON& Tower with Radar,0,22,29,46,97,0,0,24,5,29,0,22,53,51,126,54,54,108,234
10/22/2020,ABI,TX,ASW,CE,Combined TRACON& Tower with Radar,0,20,26,52,98,0,0,29,18,47,0,20,55,70,145,12,22,34,179
10/23/2020,ABI,TX,ASW,CE,Combined TRACON& Tower with Radar,2,27,17,83,129,0,0,2,1,3,2,27,19,84,132,0,4,4,136
10/24/2020,ABI,TX,ASW,CE,Combined TRACON& Tower with Radar,1,16,15,23,55,0,0,69,11,80,1,16,84,34,135,78,26,104,239
10/25/2020,ABI,TX,ASW,CE,Combined TRACON& Tower with Radar,1,17,30,44,92,0,0,19,1,20,1,17,49,45,112,30,10,40,152
10/26/2020,ABI,TX,ASW,CE,Combined TRACON& Tower with Radar,1,17,5,4,27,0,0,0,0,0,1,17,5,4,27,0,0,0,27
10/27/2020,ABI,TX,ASW,CE,Combined TRACON& Tower with Radar,0,6,0,0,6,0,0,0,0,0,0,6,0,0,6,0,0,0,6
10/28/2020,ABI,TX,ASW,CE,Combined TRACON& Tower with Radar,0,17,14,29,60,0,0,0,1,1,0,17,14,30,61,0,4,4,65
10/29/2020,ABI,TX,ASW,CE,Combined TRACON& Tower with Radar,0,22,22,14,58,0,1,17,3,21,0,23,39,17,79,2,0,2,81
10/30/2020,ABI,TX,ASW,CE,Combined TRACON& Tower with Radar,2,30,45,62,139,0,0,37,11,48,2,30,82,73,187,16,18,34,221
10/31/2020,ABI,TX,ASW,CE,Combined TRACON& Tower with Radar,2,15,2,2,21,0,1,23,0,24,2,16,25,2,45,40,6,46,91
11/01/2020,ABI,TX,ASW,CE,Combined TRACON& Tower with Radar,0,17,15,13,45,0,0,18,0,18,0,17,33,13,63,28,0,28,91
11/02/2020,ABI,TX,ASW,CE,Combined TRACON& Tower with Radar,0,24,6,34,64,0,1,32,6,39,0,25,38,40,103,18,0,18,121
11/03/2020,ABI,TX,ASW,CE,Combined TRACON& Tower with Radar,0,36,13,25,74,0,0,16,10,26,0,36,29,35,100,6,6,12,112
11/04/2020,ABI,TX,ASW,CE,Combined TRACON& Tower with Radar,1,20,18,42,81,0,0,28,7,35,1,20,46,49,116,14,22,36,152
11/05/2020,ABI,TX,ASW,CE,Combined TRACON& Tower with Radar,3,19,15,48,85,0,2,30,7,39,3,21,45,55,124,34,6,40,164
11/06/2020,ABI,TX,ASW,CE,Combined TRACON& Tower with Radar,2,27,33,51,113,0,2,34,8,44,2,29,67,59,157,14,30,44,201
11/07/2020,ABI,TX,ASW,CE,Combined TRACON& Tower with Radar,0,25,16,3,44,0,0,45,2,47,0,25,61,5,91,28,0,28,119
11/08/2020,ABI,TX,ASW,CE,Combined TRACON& Tower with Radar,0,20,18,24,62,0,0,12,1,13,0,20,30,25,75,0,0,0,75
11/09/2020,ABI,TX,ASW,CE,Combined TRACON& Tower with Radar,0,18,24,59,101,0,0,21,3,24,0,18,45,62,125,8,62,70,195
11/10/2020,ABI,TX,ASW,CE,Combined TRACON& Tower with Radar,0,19,28,30,77,0,0,27,1,28,0,19,55,31,105,0,36,36,141
11/11/2020,ABI,TX,ASW,CE,Combined TRACON& Tower with Radar,0,22,29,4,55,0,1,39,4,44,0,23,68,8,99,22,0,22,121
11/12/2020,ABI,TX,ASW,CE,Combined TRACON& Tower with Radar,0,24,28,33,85,0,0,28,2,30,0,24,56,35,115,16,46,62,177
11/13/2020,ABI,TX,ASW,CE,Combined TRACON& Tower with Radar,0,24,19,25,68,0,0,10,0,10,0,24,29,25,78,10,10,20,98
11/14/2020,ABI,TX,ASW,CE,Combined TRACON& Tower with Radar,0,23,6,2,31,0,0,5,0,5,0,23,11,2,36,0,0,0,36
11/15/2020,ABI,TX,ASW,CE,Combined TRACON& Tower with Radar,0,18,43,34,95,0,0,33,6,39,0,18,76,40,134,0,0,0,134
11/16/2020,ABI,TX,ASW,CE,Combined TRACON& Tower with Radar,0,23,17,34,74,0,0,21,7,28,0,23,38,41,102,0,20,20,122
11/17/2020,ABI,TX,ASW,CE,Combined TRACON& Tower with Radar,0,24,29,8,61,0,4,38,3,45,0,28,67,11,106,42,30,72,178
11/18/2020,ABI,TX,ASW,CE,Combined TRACON& Tower with Radar,0,23,22,29,74,0,0,24,2,26,0,23,46,31,100,6,6,12,112
11/19/2020,ABI,TX,ASW,CE,Combined TRACON& Tower with Radar,0,26,46,29,101,0,0,28,3,31,0,26,74,32,132,4,76,80,212
11/20/2020,ABI,TX,ASW,CE,Combined TRACON& Tower with Radar,4,27,33,29,93,0,0,27,1,28,4,27,60,30,121,28,14,42,163
11/21/2020,ABI,TX,ASW,CE,Combined TRACON& Tower with Radar,1,21,27,20,69,0,4,28,3,35,1,25,55,23,104,42,14,56,160
11/22/2020,ABI,TX,ASW,CE,Combined TRACON& Tower with Radar,1,20,14,11,46,0,0,3,0,3,1,20,17,11,49,0,0,0,49
11/23/2020,ABI,TX,ASW,CE,Combined TRACON& Tower with Radar,1,19,22,64,106,0,0,8,3,11,1,19,30,67,117,6,56,62,179
11/24/2020,ABI,TX,ASW,CE,Combined TRACON& Tower with Radar,6,22,13,18,59,0,3,8,2,13,6,25,21,20,72,0,10,10,82
11/25/2020,ABI,TX,ASW,CE,Combined TRACON& Tower with Radar,1,25,19,11,56,0,0,39,4,43,1,25,58,15,99,32,36,68,167
11/26/2020,ABI,TX,ASW,CE,Combined TRACON& Tower with Radar,0,6,6,0,12,0,2,15,0,17,0,8,21,0,29,4,0,4,33
11/27/2020,ABI,TX,ASW,CE,Combined TRACON& Tower with Radar,0,21,10,0,31,0,0,14,0,14,0,21,24,0,45,26,0,26,71
11/28/2020,ABI,TX,ASW,CE,Combined TRACON& Tower with Radar,0,18,7,0,25,0,0,0,0,0,0,18,7,0,25,0,0,0,25
11/29/2020,ABI,TX,ASW,CE,Combined TRACON& Tower with Radar,0,20,26,0,46,0,0,2,2,4,0,20,28,2,50,0,0,0,50
11/30/2020,ABI,TX,ASW,CE,Combined TRACON& Tower with Radar,1,26,16,18,61,0,1,32,3,36,1,27,48,21,97,24,62,86,183
12/01/2020,ABI,TX,ASW,CE,Combined TRACON& Tower with Radar,1,21,10,36,68,0,2,17,8,27,1,23,27,44,95,0,14,14,109
12/02/2020,ABI,TX,ASW,CE,Combined TRACON& Tower with Radar,0,21,21,18,60,0,0,8,6,14,0,21,29,24,74,2,0,2,76
12/03/2020,ABI,TX,ASW,CE,Combined TRACON& Tower with Radar,14,22,11,4,51,0,1,7,0,8,14,23,18,4,59,0,0,0,59
12/04/2020,ABI,TX,ASW,CE,Combined TRACON& Tower with Radar,0,27,22,39,88,0,4,32,1,37,0,31,54,40,125,6,12,18,143
12/05/2020,ABI,TX,ASW,CE,Combined TRACON& Tower with Radar,2,23,12,30,67,0,4,19,8,31,2,27,31,38,98,6,14,20,118
12/06/2020,ABI,TX,ASW,CE,Combined TRACON& Tower with Radar,0,16,13,4,33,0,2,19,2,23,0,18,32,6,56,0,0,0,56
12/07/2020,ABI,TX,ASW,CE,Combined TRACON& Tower with Radar,1,28,19,20,68,0,3,36,10,49,1,31,55,30,117,4,20,24,141
12/08/2020,ABI,TX,ASW,CE,Combined TRACON& Tower with Radar,0,24,37,20,81,0,2,22,0,24,0,26,59,20,105,0,44,44,149
12/09/2020,ABI,TX,ASW,CE,Combined TRACON& Tower with Radar,0,20,26,12,58,0,0,32,5,37,0,20,58,17,95,36,0,36,131
12/10/2020,ABI,TX,ASW,CE,Combined TRACON& Tower with Radar,2,27,18,26,73,0,3,30,4,37,2,30,48,30,110,32,56,88,198
12/11/2020,ABI,TX,ASW,CE,Combined TRACON& Tower with Radar,0,27,16,59,102,0,0,20,5,25,0,27,36,64,127,8,50,58,185
12/12/2020,ABI,TX,ASW,CE,Combined TRACON& Tower with Radar,0,21,14,5,40,0,0,25,3,28,0,21,39,8,68,66,0,66,134
12/13/2020,ABI,TX,ASW,CE,Combined TRACON& Tower with Radar,8,19,6,0,33,0,0,0,0,0,8,19,6,0,33,0,0,0,33
12/14/2020,ABI,TX,ASW,CE,Combined TRACON& Tower with Radar,0,31,22,20,73,0,1,25,3,29,0,32,47,23,102,42,40,82,184
12/15/2020,ABI,TX,ASW,CE,Combined TRACON& Tower with Radar,0,28,7,46,81,0,1,6,3,10,0,29,13,49,91,0,62,62,153
12/16/2020,ABI,TX,ASW,CE,Combined TRACON& Tower with Radar,1,24,31,14,70,0,2,27,3,32,1,26,58,17,102,24,4,28,130
12/17/2020,ABI,TX,ASW,CE,Combined TRACON& Tower with Radar,1,40,37,14,92,0,3,34,0,37,1,43,71,14,129,22,36,58,187
12/18/2020,ABI,TX,ASW,CE,Combined TRACON& Tower with Radar,0,27,39,40,106,0,3,17,2,22,0,30,56,42,128,12,42,54,182
12/19/2020,ABI,TX,ASW,CE,Combined TRACON& Tower with Radar,1,23,11,0,35,0,0,14,0,14,1,23,25,0,49,46,0,46,95
12/20/2020,ABI,TX,ASW,CE,Combined TRACON& Tower with Radar,0,19,25,0,44,0,1,104,0,105,0,20,129,0,149,0,0,0,149
12/21/2020,ABI,TX,ASW,CE,Combined TRACON& Tower with Radar,0,25,9,8,42,0,1,20,0,21,0,26,29,8,63,36,26,62,125
12/22/2020,ABI,TX,ASW,CE,Combined TRACON& Tower with Radar,1,30,14,30,75,0,0,15,0,15,1,30,29,30,90,0,38,38,128
12/23/2020,ABI,TX,ASW,CE,Combined TRACON& Tower with Radar,1,26,16,0,43,0,0,16,0,16,1,26,32,0,59,6,0,6,65
12/24/2020,ABI,TX,ASW,CE,Combined TRACON& Tower with Radar,3,21,3,0,27,0,0,14,0,14,3,21,17,0,41,0,0,0,41
12/25/2020,ABI,TX,ASW,CE,Combined TRACON& Tower with Radar,0,9,2,0,11,0,0,15,0,15,0,9,17,0,26,0,0,0,26
12/26/2020,ABI,TX,ASW,CE,Combined TRACON& Tower with Radar,0,24,12,0,36,0,0,33,0,33,0,24,45,0,69,28,0,28,97
12/27/2020,ABI,TX,ASW,CE,Combined TRACON& Tower with Radar,0,22,18,0,40,0,0,32,0,32,0,22,50,0,72,0,0,0,72
12/28/2020,ABI,TX,ASW,CE,Combined TRACON& Tower with Radar,0,21,20,0,41,0,0,6,0,6,0,21,26,0,47,18,0,18,65
12/29/2020,ABI,TX,ASW,CE,Combined TRACON& Tower with Radar,1,30,25,0,56,0,0,2,0,2,1,30,27,0,58,0,0,0,58
12/30/2020,ABI,TX,ASW,CE,Combined TRACON& Tower with Radar,2,23,8,0,33,0,0,0,0,0,2,23,8,0,33,0,0,0,33
12/31/2020,ABI,TX,ASW,CE,Combined TRACON& Tower with Radar,0,7,1,0,8,0,0,0,0,0,0,7,1,0,8,0,0,0,8
01/01/2021,ABI,TX,ASW,CE,Combined TRACON& Tower with Radar,1,10,5,0,16,0,0,11,1,12,1,10,16,1,28,0,0,0,28
01/02/2021,ABI,TX,ASW,CE,Combined TRACON& Tower with Radar,0,19,17,0,36,0,0,32,0,32,0,19,49,0,68,24,0,24,92
01/03/2021,ABI,TX,ASW,CE,Combined TRACON& Tower with Radar,1,15,8,0,24,0,1,38,0,39,1,16,46,0,63,0,0,0,63
01/04/2021,ABI,TX,ASW,CE,Combined TRACON& Tower with Radar,2,17,20,0,39,0,1,20,1,22,2,18,40,1,61,14,0,14,75
01/05/2021,ABI,TX,ASW,CE,Combined TRACON& Tower with Radar,1,19,26,22,68,0,0,35,0,35,1,19,61,22,103,20,0,20,123
01/06/2021,ABI,TX,ASW,CE,Combined TRACON& Tower with Radar,0,21,20,23,64,0,0,11,1,12,0,21,31,24,76,6,42,48,124
01/07/2021,ABI,TX,ASW,CE,Combined TRACON& Tower with Radar,0,23,24,19,66,0,0,20,3,23,0,23,44,22,89,14,4,18,107
01/08/2021,ABI,TX,ASW,CE,Combined TRACON& Tower with Radar,0,23,24,10,57,0,0,4,0,4,0,23,28,10,61,0,0,0,61
01/09/2021,ABI,TX,ASW,CE,Combined TRACON& Tower with Radar,0,20,12,10,42,0,0,10,0,10,0,20,22,10,52,12,0,12,64
01/10/2021,ABI,TX,ASW,CE,Combined TRACON& Tower with Radar,0,3,0,0,3,0,0,0,0,0,0,3,0,0,3,0,0,0,3
01/11/2021,ABI,TX,ASW,CE,Combined TRACON& Tower with Radar,2,14,10,4,30,0,0,8,0,8,2,14,18,4,38,0,0,0,38
01/12/2021,ABI,TX,ASW,CE,Combined TRACON& Tower with Radar,0,20,22,52,94,0,0,25,1,26,0,20,47,53,120,14,36,50,170
01/13/2021,ABI,TX,ASW,CE,Combined TRACON& Tower with Radar,0,29,34,13,76,0,2,45,0,47,0,31,79,13,123,18,10,28,151
01/14/2021,ABI,TX,ASW,CE,Combined TRACON& Tower with Radar,0,18,14,2,34,0,0,13,1,14,0,18,27,3,48,0,38,38,86
01/15/2021,ABI,TX,ASW,CE,Combined TRACON& Tower with Radar,2,20,26,9,57,0,0,20,3,23,2,20,46,12,80,0,0,0,80
01/16/2021,ABI,TX,ASW,CE,Combined TRACON& Tower with Radar,2,12,6,0,20,0,2,58,3,63,2,14,64,3,83,26,0,26,109
01/17/2021,ABI,TX,ASW,CE,Combined TRACON& Tower with Radar,0,14,15,4,33,0,3,30,0,33,0,17,45,4,66,28,0,28,94
01/18/2021,ABI,TX,ASW,CE,Combined TRACON& Tower with Radar,0,13,17,0,30,0,0,21,0,21,0,13,38,0,51,6,0,6,57
01/19/2021,ABI,TX,ASW,CE,Combined TRACON& Tower with Radar,1,27,16,21,65,0,0,11,2,13,1,27,27,23,78,10,26,36,114
01/20/2021,ABI,TX,ASW,CE,Combined TRACON& Tower with Radar,1,19,11,2,33,0,1,0,0,1,1,20,11,2,34,0,0,0,34
01/21/2021,ABI,TX,ASW,CE,Combined TRACON& Tower with Radar,1,22,32,38,93,0,1,5,1,7,1,23,37,39,100,12,42,54,154
01/22/2021,ABI,TX,ASW,CE,Combined TRACON& Tower with Radar,1,24,13,3,41,0,0,0,0,0,1,24,13,3,41,0,0,0,41
01/23/2021,ABI,TX,ASW,CE,Combined TRACON& Tower with Radar,0,15,10,6,31,0,0,0,0,0,0,15,10,6,31,0,0,0,31
01/24/2021,ABI,TX,ASW,CE,Combined TRACON& Tower with Radar,0,18,13,2,33,0,0,0,0,0,0,18,13,2,33,0,0,0,33
01/25/2021,ABI,TX,ASW,CE,Combined TRACON& Tower with Radar,0,17,12,19,48,0,0,17,1,18,0,17,29,20,66,4,8,12,78
01/26/2021,ABI,TX,ASW,CE,Combined TRACON& Tower with Radar,0,16,34,19,69,0,1,30,1,32,0,17,64,20,101,12,28,40,141
01/27/2021,ABI,TX,ASW,CE,Combined TRACON& Tower with Radar,1,26,32,53,112,0,1,46,12,59,1,27,78,65,171,54,22,76,247
01/28/2021,ABI,TX,ASW,CE,Combined TRACON& Tower with Radar,1,21,33,39,94,0,4,27,5,36,1,25,60,44,130,24,92,116,246
01/29/2021,ABI,TX,ASW,CE,Combined TRACON& Tower with Radar,1,24,21,22,68,0,5,14,4,23,1,29,35,26,91,12,18,30,121
01/30/2021,ABI,TX,ASW,CE,Combined TRACON& Tower with Radar,0,17,8,0,25,0,1,6,0,7,0,18,14,0,32,0,0,0,32
01/31/2021,ABI,TX,ASW,CE,Combined TRACON& Tower with Radar,0,19,16,7,42,0,4,25,11,40,0,23,41,18,82,12,24,36,118
02/01/2021,ABI,TX,ASW,CE,Combined TRACON& Tower with Radar,0,20,16,31,67,0,7,22,10,39,0,27,38,41,106,32,0,32,138
02/02/2021,ABI,TX,ASW,CE,Combined TRACON& Tower with Radar,4,19,27,31,81,0,1,21,4,26,4,20,48,35,107,22,12,34,141
02/03/2021,ABI,TX,ASW,CE,Combined TRACON& Tower with Radar,0,20,25,25,70,0,0,29,12,41,0,20,54,37,111,26,36,62,173
02/04/2021,ABI,TX,ASW,CE,Combined TRACON& Tower with Radar,0,19,19,61,99,0,0,27,2,29,0,19,46,63,128,6,14,20,148
02/05/2021,ABI,TX,ASW,CE,Combined TRACON& Tower with Radar,0,21,44,59,124,0,0,33,3,36,0,21,77,62,160,16,44,60,220
02/06/2021,ABI,TX,ASW,CE,Combined TRACON& Tower with Radar,1,14,13,39,67,0,2,27,6,35,1,16,40,45,102,36,4,40,142
02/07/2021,ABI,TX,ASW,CE,Combined TRACON& Tower with Radar,0,12,9,15,36,0,0,13,2,15,0,12,22,17,51,4,0,4,55
02/08/2021,ABI,TX,ASW,CE,Combined TRACON& Tower with Radar,0,16,24,61,101,0,0,13,4,17,0,16,37,65,118,26,40,66,184
02/09/2021,ABI,TX,ASW,CE,Combined TRACON& Tower with Radar,0,17,16,7,40,0,0,0,0,0,0,17,16,7,40,0,0,0,40
02/10/2021,ABI,TX,ASW,CE,Combined TRACON& Tower with Radar,0,12,3,0,15,0,0,0,0,0,0,12,3,0,15,0,0,0,15
02/11/2021,ABI,TX,ASW,CE,Combined TRACON& Tower with Radar,0,14,0,0,14,0,0,0,0,0,0,14,0,0,14,0,0,0,14
02/12/2021,ABI,TX,ASW,CE,Combined TRACON& Tower with Radar,0,21,6,0,27,0,0,0,0,0,0,21,6,0,27,0,0,0,27
02/13/2021,ABI,TX,ASW,CE,Combined TRACON& Tower with Radar,0,10,6,0,16,0,0,0,0,0,0,10,6,0,16,0,0,0,16
02/14/2021,ABI,TX,ASW,CE,Combined TRACON& Tower with Radar,0,0,0,0,0,0,0,0,0,0,0,0,0,0,0,0,0,0,0
02/15/2021,ABI,TX,ASW,CE,Combined TRACON& Tower with Radar,0,0,0,0,0,0,0,0,0,0,0,0,0,0,0,0,0,0,0
02/16/2021,ABI,TX,ASW,CE,Combined TRACON& Tower with Radar,0,0,0,0,0,0,0,0,1,1,0,0,0,1,1,0,0,0,1
02/17/2021,ABI,TX,ASW,CE,Combined TRACON& Tower with Radar,0,0,0,0,0,0,0,0,0,0,0,0,0,0,0,0,0,0,0
02/18/2021,ABI,TX,ASW,CE,Combined TRACON& Tower with Radar,0,3,3,0,6,0,0,3,0,3,0,3,6,0,9,0,0,0,9
02/19/2021,ABI,TX,ASW,CE,Combined TRACON& Tower with Radar,0,20,20,2,42,0,0,15,2,17,0,20,35,4,59,0,0,0,59
02/20/2021,ABI,TX,ASW,CE,Combined TRACON& Tower with Radar,0,13,5,2,20,0,0,18,0,18,0,13,23,2,38,16,0,16,54
02/21/2021,ABI,TX,ASW,CE,Combined TRACON& Tower with Radar,0,12,15,2,29,0,0,17,0,17,0,12,32,2,46,20,0,20,66
02/22/2021,ABI,TX,ASW,CE,Combined TRACON& Tower with Radar,1,25,25,32,83,0,1,14,5,20,1,26,39,37,103,0,0,0,103
02/23/2021,ABI,TX,ASW,CE,Combined TRACON& Tower with Radar,1,21,18,16,56,0,2,15,2,19,1,23,33,18,75,0,8,8,83
02/24/2021,ABI,TX,ASW,CE,Combined TRACON& Tower with Radar,0,30,29,64,123,0,0,38,28,66,0,30,67,92,189,38,40,78,267
02/25/2021,ABI,TX,ASW,CE,Combined TRACON& Tower with Radar,5,19,12,20,56,0,0,5,0,5,5,19,17,20,61,0,12,12,73
02/26/2021,ABI,TX,ASW,CE,Combined TRACON& Tower with Radar,0,27,19,44,90,0,0,2,2,4,0,27,21,46,94,8,0,8,102
02/27/2021,ABI,TX,ASW,CE,Combined TRACON& Tower with Radar,0,22,17,6,45,0,0,9,0,9,0,22,26,6,54,40,0,40,94
02/28/2021,ABI,TX,ASW,CE,Combined TRACON& Tower with Radar,4,12,14,13,43,0,0,10,0,10,4,12,24,13,53,30,0,30,83
03/01/2021,ABI,TX,ASW,CE,Combined TRACON& Tower with Radar,2,16,29,53,100,0,0,14,0,14,2,16,43,53,114,0,30,30,144
03/02/2021,ABI,TX,ASW,CE,Combined TRACON& Tower with Radar,0,25,15,28,68,0,2,39,9,50,0,27,54,37,118,36,40,76,194
03/03/2021,ABI,TX,ASW,CE,Combined TRACON& Tower with Radar,0,19,16,13,48,0,3,27,0,30,0,22,43,13,78,28,26,54,132
03/04/2021,ABI,TX,ASW,CE,Combined TRACON& Tower with Radar,2,26,19,26,73,0,0,17,3,20,2,26,36,29,93,16,44,60,153
03/05/2021,ABI,TX,ASW,CE,Combined TRACON& Tower with Radar,1,27,34,11,73,0,0,4,8,12,1,27,38,19,85,6,42,48,133
03/06/2021,ABI,TX,ASW,CE,Combined TRACON& Tower with Radar,0,19,14,0,33,0,0,43,3,46,0,19,57,3,79,20,0,20,99
03/07/2021,ABI,TX,ASW,CE,Combined TRACON& Tower with Radar,0,18,9,0,27,0,1,21,4,26,0,19,30,4,53,14,0,14,67
03/08/2021,ABI,TX,ASW,CE,Combined TRACON& Tower with Radar,0,20,23,18,61,0,0,25,0,25,0,20,48,18,86,0,6,6,92
03/09/2021,ABI,TX,ASW,CE,Combined TRACON& Tower with Radar,0,21,12,4,37,0,1,4,0,5,0,22,16,4,42,0,0,0,42
03/10/2021,ABI,TX,ASW,CE,Combined TRACON& Tower with Radar,0,31,33,41,105,0,0,0,6,6,0,31,33,47,111,0,0,0,111
03/11/2021,ABI,TX,ASW,CE,Combined TRACON& Tower with Radar,0,35,23,40,98,0,0,17,1,18,0,35,40,41,116,0,68,68,184
03/12/2021,ABI,TX,ASW,CE,Combined TRACON& Tower with Radar,0,29,25,58,112,0,2,9,4,15,0,31,34,62,127,12,68,80,207
03/13/2021,ABI,TX,ASW,CE,Combined TRACON& Tower with Radar,0,21,10,3,34,0,0,1,0,1,0,21,11,3,35,0,0,0,35
03/14/2021,ABI,TX,ASW,CE,Combined TRACON& Tower with Radar,0,18,19,0,37,0,0,4,8,12,0,18,23,8,49,10,0,10,59
03/15/2021,ABI,TX,ASW,CE,Combined TRACON& Tower with Radar,0,20,13,37,70,0,0,27,1,28,0,20,40,38,98,10,44,54,152
03/16/2021,ABI,TX,ASW,CE,Combined TRACON& Tower with Radar,0,21,19,16,56,0,1,19,0,20,0,22,38,16,76,24,44,68,144
03/17/2021,ABI,TX,ASW,CE,Combined TRACON& Tower with Radar,0,13,5,1,19,0,0,2,4,6,0,13,7,5,25,0,0,0,25
03/18/2021,ABI,TX,ASW,CE,Combined TRACON& Tower with Radar,2,23,23,45,93,0,2,34,7,43,2,25,57,52,136,28,30,58,194
03/19/2021,ABI,TX,ASW,CE,Combined TRACON& Tower with Radar,0,24,25,3,52,0,0,31,3,34,0,24,56,6,86,28,44,72,158
03/20/2021,ABI,TX,ASW,CE,Combined TRACON& Tower with Radar,0,22,16,40,78,0,1,36,7,44,0,23,52,47,122,42,26,68,190
03/21/2021,ABI,TX,ASW,CE,Combined TRACON& Tower with Radar,0,16,15,19,50,0,0,24,3,27,0,16,39,22,77,0,28,28,105
03/22/2021,ABI,TX,ASW,CE,Combined TRACON& Tower with Radar,2,24,7,0,33,0,0,0,0,0,2,24,7,0,33,0,0,0,33
03/23/2021,ABI,TX,ASW,CE,Combined TRACON& Tower with Radar,2,27,25,34,88,0,2,30,4,36,2,29,55,38,124,14,70,84,208
03/24/2021,ABI,TX,ASW,CE,Combined TRACON& Tower with Radar,0,26,24,17,67,0,2,15,0,17,0,28,39,17,84,0,0,0,84
03/25/2021,ABI,TX,ASW,CE,Combined TRACON& Tower with Radar,1,29,25,39,94,0,0,35,9,44,1,29,60,48,138,38,100,138,276
03/26/2021,ABI,TX,ASW,CE,Combined TRACON& Tower with Radar,0,29,49,38,116,0,0,21,7,28,0,29,70,45,144,0,0,0,144
03/27/2021,ABI,TX,ASW,CE,Combined TRACON& Tower with Radar,0,25,21,39,85,0,1,40,8,49,0,26,61,47,134,72,50,122,256
03/28/2021,ABI,TX,ASW,CE,Combined TRACON& Tower with Radar,4,15,17,29,65,0,3,20,5,28,4,18,37,34,93,26,18,44,137
03/29/2021,ABI,TX,ASW,CE,Combined TRACON& Tower with Radar,1,21,19,10,51,0,0,15,3,18,1,21,34,13,69,4,0,4,73
03/30/2021,ABI,TX,ASW,CE,Combined TRACON& Tower with Radar,0,23,30,13,66,0,0,22,4,26,0,23,52,17,92,10,0,10,102
03/31/2021,ABI,TX,ASW,CE,Combined TRACON& Tower with Radar,1,25,25,46,97,0,0,19,4,23,1,25,44,50,120,0,0,0,120
04/01/2021,ABI,TX,ASW,CE,Combined TRACON& Tower with Radar,0,33,16,13,62,0,2,44,2,48,0,35,60,15,110,40,56,96,206
04/02/2021,ABI,TX,ASW,CE,Combined TRACON& Tower with Radar,0,24,38,39,101,0,0,34,6,40,0,24,72,45,141,32,0,32,173
04/03/2021,ABI,TX,ASW,CE,Combined TRACON& Tower with Radar,0,16,13,0,29,0,0,19,0,19,0,16,32,0,48,52,0,52,100
04/04/2021,ABI,TX,ASW,CE,Combined TRACON& Tower with Radar,0,17,12,0,29,0,0,4,0,4,0,17,16,0,33,0,0,0,33
04/05/2021,ABI,TX,ASW,CE,Combined TRACON& Tower with Radar,1,24,35,7,67,0,2,18,3,23,1,26,53,10,90,2,62,64,154
04/06/2021,ABI,TX,ASW,CE,Combined TRACON& Tower with Radar,1,21,34,14,70,0,0,9,4,13,1,21,43,18,83,2,22,24,107
04/07/2021,ABI,TX,ASW,CE,Combined TRACON& Tower with Radar,0,21,22,21,64,0,4,25,8,37,0,25,47,29,101,36,38,74,175
04/08/2021,ABI,TX,ASW,CE,Combined TRACON& Tower with Radar,0,26,25,13,64,0,2,37,0,39,0,28,62,13,103,30,2,32,135
04/09/2021,ABI,TX,ASW,CE,Combined TRACON& Tower with Radar,0,24,28,23,75,0,1,11,5,17,0,25,39,28,92,28,22,50,142
04/10/2021,ABI,TX,ASW,CE,Combined TRACON& Tower with Radar,0,16,26,20,62,0,1,36,3,40,0,17,62,23,102,78,20,98,200
04/11/2021,ABI,TX,ASW,CE,Combined TRACON& Tower with Radar,1,14,22,11,48,0,0,17,6,23,1,14,39,17,71,4,26,30,101
04/12/2021,ABI,TX,ASW,CE,Combined TRACON& Tower with Radar,0,20,22,15,57,0,3,19,0,22,0,23,41,15,79,8,52,60,139
04/13/2021,ABI,TX,ASW,CE,Combined TRACON& Tower with Radar,2,25,18,34,79,0,0,10,0,10,2,25,28,34,89,22,0,22,111
04/14/2021,ABI,TX,ASW,CE,Combined TRACON& Tower with Radar,2,20,57,7,86,0,0,2,0,2,2,20,59,7,88,2,2,4,92
04/15/2021,ABI,TX,ASW,CE,Combined TRACON& Tower with Radar,0,25,22,0,47,0,0,0,0,0,0,25,22,0,47,0,0,0,47
04/16/2021,ABI,TX,ASW,CE,Combined TRACON& Tower with Radar,2,27,10,2,41,0,0,0,0,0,2,27,10,2,41,0,0,0,41
04/17/2021,ABI,TX,ASW,CE,Combined TRACON& Tower with Radar,2,21,13,0,36,0,2,13,0,15,2,23,26,0,51,36,0,36,87
04/18/2021,ABI,TX,ASW,CE,Combined TRACON& Tower with Radar,0,19,11,1,31,0,0,16,3,19,0,19,27,4,50,4,0,4,54
04/19/2021,ABI,TX,ASW,CE,Combined TRACON& Tower with Radar,0,20,20,27,67,0,0,30,3,33,0,20,50,30,100,12,8,20,120
04/20/2021,ABI,TX,ASW,CE,Combined TRACON& Tower with Radar,0,24,28,62,114,0,0,23,4,27,0,24,51,66,141,40,14,54,195
04/21/2021,ABI,TX,ASW,CE,Combined TRACON& Tower with Radar,0,24,25,71,120,0,0,20,5,25,0,24,45,76,145,0,52,52,197
04/22/2021,ABI,TX,ASW,CE,Combined TRACON& Tower with Radar,0,30,19,35,84,0,0,5,0,5,0,30,24,35,89,0,16,16,105
04/23/2021,ABI,TX,ASW,CE,Combined TRACON& Tower with Radar,15,30,21,20,86,0,1,4,0,5,15,31,25,20,91,0,0,0,91
04/24/2021,ABI,TX,ASW,CE,Combined TRACON& Tower with Radar,0,16,15,46,77,0,0,31,1,32,0,16,46,47,109,14,2,16,125
04/25/2021,ABI,TX,ASW,CE,Combined TRACON& Tower with Radar,0,17,10,4,31,0,0,31,0,31,0,17,41,4,62,0,0,0,62
04/26/2021,ABI,TX,ASW,CE,Combined TRACON& Tower with Radar,1,18,14,7,40,0,0,18,1,19,1,18,32,8,59,0,0,0,59
04/27/2021,ABI,TX,ASW,CE,Combined TRACON& Tower with Radar,0,21,25,19,65,0,0,6,2,8,0,21,31,21,73,0,0,0,73
04/28/2021,ABI,TX,ASW,CE,Combined TRACON& Tower with Radar,7,19,17,2,45,0,0,3,0,3,7,19,20,2,48,0,0,0,48
04/29/2021,ABI,TX,ASW,CE,Combined TRACON& Tower with Radar,1,26,24,11,62,0,0,0,0,0,1,26,24,11,62,0,0,0,62
04/30/2021,ABI,TX,ASW,CE,Combined TRACON& Tower with Radar,0,25,14,12,51,0,0,16,0,16,0,25,30,12,67,0,36,36,103
05/01/2021,ABI,TX,ASW,CE,Combined TRACON& Tower with Radar,0,18,4,3,25,0,0,2,0,2,0,18,6,3,27,2,0,2,29
05/02/2021,ABI,TX,ASW,CE,Combined TRACON& Tower with Radar,2,20,16,8,46,0,2,26,4,32,2,22,42,12,78,34,0,34,112
05/03/2021,ABI,TX,ASW,CE,Combined TRACON& Tower with Radar,2,20,30,26,78,0,1,15,9,25,2,21,45,35,103,0,50,50,153
05/04/2021,ABI,TX,ASW,CE,Combined TRACON& Tower with Radar,5,21,41,50,117,0,0,10,4,14,5,21,51,54,131,30,86,116,247
05/05/2021,ABI,TX,ASW,CE,Combined TRACON& Tower with Radar,3,22,40,19,84,0,1,30,1,32,3,23,70,20,116,16,8,24,140
05/06/2021,ABI,TX,ASW,CE,Combined TRACON& Tower with Radar,0,27,30,18,75,0,0,43,1,44,0,27,73,19,119,38,22,60,179
05/07/2021,ABI,TX,ASW,CE,Combined TRACON& Tower with Radar,2,28,24,11,65,0,2,30,1,33,2,30,54,12,98,0,0,0,98
05/08/2021,ABI,TX,ASW,CE,Combined TRACON& Tower with Radar,2,14,9,21,46,0,0,21,7,28,2,14,30,28,74,0,68,68,142
05/09/2021,ABI,TX,ASW,CE,Combined TRACON& Tower with Radar,0,21,15,0,36,0,0,19,0,19,0,21,34,0,55,6,0,6,61
05/10/2021,ABI,TX,ASW,CE,Combined TRACON& Tower with Radar,7,19,16,2,44,0,0,1,0,1,7,19,17,2,45,0,0,0,45
05/11/2021,ABI,TX,ASW,CE,Combined TRACON& Tower with Radar,5,23,11,2,41,0,0,0,0,0,5,23,11,2,41,0,0,0,41
05/12/2021,ABI,TX,ASW,CE,Combined TRACON& Tower with Radar,4,22,26,22,74,0,0,9,1,10,4,22,35,23,84,12,0,12,96
05/13/2021,ABI,TX,ASW,CE,Combined TRACON& Tower with Radar,1,24,30,19,74,0,0,18,2,20,1,24,48,21,94,8,6,14,108
05/14/2021,ABI,TX,ASW,CE,Combined TRACON& Tower with Radar,0,31,34,41,106,0,1,18,7,26,0,32,52,48,132,4,52,56,188
05/15/2021,ABI,TX,ASW,CE,Combined TRACON& Tower with Radar,0,22,27,1,50,0,0,7,0,7,0,22,34,1,57,6,0,6,63
05/16/2021,ABI,TX,ASW,CE,Combined TRACON& Tower with Radar,2,21,18,6,47,0,0,27,0,27,2,21,45,6,74,50,0,50,124
05/17/2021,ABI,TX,ASW,CE,Combined TRACON& Tower with Radar,0,15,20,6,41,0,0,10,1,11,0,15,30,7,52,28,0,28,80
05/18/2021,ABI,TX,ASW,CE,Combined TRACON& Tower with Radar,1,23,25,16,65,0,0,7,2,9,1,23,32,18,74,14,26,40,114
05/19/2021,ABI,TX,ASW,CE,Combined TRACON& Tower with Radar,4,24,25,36,89,0,2,10,2,14,4,26,35,38,103,14,30,44,147
05/20/2021,ABI,TX,ASW,CE,Combined TRACON& Tower with Radar,0,24,26,60,110,0,0,17,7,24,0,24,43,67,134,62,84,146,280
05/21/2021,ABI,TX,ASW,CE,Combined TRACON& Tower with Radar,0,23,32,36,91,0,0,22,2,24,0,23,54,38,115,16,18,34,149
05/22/2021,ABI,TX,ASW,CE,Combined TRACON& Tower with Radar,0,18,18,20,56,0,0,8,0,8,0,18,26,20,64,12,8,20,84
05/23/2021,ABI,TX,ASW,CE,Combined TRACON& Tower with Radar,3,17,27,4,51,0,0,7,0,7,3,17,34,4,58,46,0,46,104
05/24/2021,ABI,TX,ASW,CE,Combined TRACON& Tower with Radar,6,22,22,24,74,0,0,14,1,15,6,22,36,25,89,66,22,88,177
05/25/2021,ABI,TX,ASW,CE,Combined TRACON& Tower with Radar,0,27,17,16,60,0,1,15,1,17,0,28,32,17,77,2,0,2,79
05/26/2021,ABI,TX,ASW,CE,Combined TRACON& Tower with Radar,0,25,35,47,107,0,1,26,9,36,0,26,61,56,143,16,46,62,205
05/27/2021,ABI,TX,ASW,CE,Combined TRACON& Tower with Radar,0,30,34,35,99,0,0,14,0,14,0,30,48,35,113,28,0,28,141
05/28/2021,ABI,TX,ASW,CE,Combined TRACON& Tower with Radar,2,32,14,6,54,0,1,4,0,5,2,33,18,6,59,10,0,10,69
05/29/2021,ABI,TX,ASW,CE,Combined TRACON& Tower with Radar,0,19,11,0,30,0,0,29,1,30,0,19,40,1,60,104,0,104,164
05/30/2021,ABI,TX,ASW,CE,Combined TRACON& Tower with Radar,0,22,12,0,34,0,0,11,0,11,0,22,23,0,45,8,0,8,53
05/31/2021,ABI,TX,ASW,CE,Combined TRACON& Tower with Radar,2,14,10,0,26,0,0,2,0,2,2,14,12,0,28,0,0,0,28
06/01/2021,ABI,TX,ASW,CE,Combined TRACON& Tower with Radar,0,14,19,12,45,0,1,12,0,13,0,15,31,12,58,0,0,0,58
06/02/2021,ABI,TX,ASW,CE,Combined TRACON& Tower with Radar,1,24,17,10,52,1,0,17,2,20,2,24,34,12,72,36,0,36,108
06/03/2021,ABI,TX,ASW,CE,Combined TRACON& Tower with Radar,0,30,26,10,66,0,0,14,2,16,0,30,40,12,82,0,0,0,82
06/04/2021,ABI,TX,ASW,CE,Combined TRACON& Tower with Radar,2,26,14,31,73,0,0,11,1,12,2,26,25,32,85,8,8,16,101
06/05/2021,ABI,TX,ASW,CE,Combined TRACON& Tower with Radar,2,21,12,4,39,0,0,19,0,19,2,21,31,4,58,0,0,0,58
06/06/2021,ABI,TX,ASW,CE,Combined TRACON& Tower with Radar,4,21,9,1,35,0,0,15,1,16,4,21,24,2,51,0,0,0,51
06/07/2021,ABI,TX,ASW,CE,Combined TRACON& Tower with Radar,4,26,15,12,57,0,0,5,0,5,4,26,20,12,62,4,0,4,66
06/08/2021,ABI,TX,ASW,CE,Combined TRACON& Tower with Radar,0,26,27,17,70,0,0,7,0,7,0,26,34,17,77,8,2,10,87
06/09/2021,ABI,TX,ASW,CE,Combined TRACON& Tower with Radar,0,29,52,17,98,0,0,20,0,20,0,29,72,17,118,32,14,46,164
06/10/2021,ABI,TX,ASW,CE,Combined TRACON& Tower with Radar,0,28,27,22,77,0,2,19,0,21,0,30,46,22,98,0,0,0,98
06/11/2021,ABI,TX,ASW,CE,Combined TRACON& Tower with Radar,0,27,37,51,115,0,0,33,9,42,0,27,70,60,157,26,46,72,229
06/12/2021,ABI,TX,ASW,CE,Combined TRACON& Tower with Radar,0,24,11,2,37,0,0,25,2,27,0,24,36,4,64,0,0,0,64
06/13/2021,ABI,TX,ASW,CE,Combined TRACON& Tower with Radar,0,20,7,8,35,0,1,24,0,25,0,21,31,8,60,34,0,34,94
06/14/2021,ABI,TX,ASW,CE,Combined TRACON& Tower with Radar,4,24,8,18,54,0,0,18,2,20,4,24,26,20,74,6,16,22,96
06/15/2021,ABI,TX,ASW,CE,Combined TRACON& Tower with Radar,1,22,22,8,53,0,2,37,3,42,1,24,59,11,95,0,30,30,125
06/16/2021,ABI,TX,ASW,CE,Combined TRACON& Tower with Radar,0,34,28,37,99,0,0,24,4,28,0,34,52,41,127,6,16,22,149
06/17/2021,ABI,TX,ASW,CE,Combined TRACON& Tower with Radar,0,40,19,14,73,0,3,22,7,32,0,43,41,21,105,12,0,12,117
06/18/2021,ABI,TX,ASW,CE,Combined TRACON& Tower with Radar,2,26,15,62,105,0,0,20,4,24,2,26,35,66,129,10,28,38,167
06/19/2021,ABI,TX,ASW,CE,Combined TRACON& Tower with Radar,0,22,11,0,33,0,3,46,2,51,0,25,57,2,84,18,0,18,102
06/20/2021,ABI,TX,ASW,CE,Combined TRACON& Tower with Radar,0,20,4,17,41,0,1,16,9,26,0,21,20,26,67,0,8,8,75
06/21/2021,ABI,TX,ASW,CE,Combined TRACON& Tower with Radar,7,25,26,10,68,0,1,8,0,9,7,26,34,10,77,0,6,6,83
06/22/2021,ABI,TX,ASW,CE,Combined TRACON& Tower with Radar,0,22,23,20,65,0,0,9,0,9,0,22,32,20,74,10,16,26,100
06/23/2021,ABI,TX,ASW,CE,Combined TRACON& Tower with Radar,0,37,27,36,100,0,2,32,10,44,0,39,59,46,144,12,4,16,160
06/24/2021,ABI,TX,ASW,CE,Combined TRACON& Tower with Radar,0,32,27,29,88,0,1,24,6,31,0,33,51,35,119,0,10,10,129
06/25/2021,ABI,TX,ASW,CE,Combined TRACON& Tower with Radar,0,28,17,71,116,0,0,28,2,30,0,28,45,73,146,0,30,30,176
06/26/2021,ABI,TX,ASW,CE,Combined TRACON& Tower with Radar,2,23,30,10,65,0,0,9,0,9,2,23,39,10,74,22,20,42,116
06/27/2021,ABI,TX,ASW,CE,Combined TRACON& Tower with Radar,3,19,21,10,53,0,0,19,2,21,3,19,40,12,74,28,0,28,102
06/28/2021,ABI,TX,ASW,CE,Combined TRACON& Tower with Radar,2,27,6,26,61,0,0,8,7,15,2,27,14,33,76,16,84,100,176
06/29/2021,ABI,TX,ASW,CE,Combined TRACON& Tower with Radar,2,24,29,35,90,0,0,13,0,13,2,24,42,35,103,10,2,12,115
06/30/2021,ABI,TX,ASW,CE,Combined TRACON& Tower with Radar,0,30,32,47,109,0,1,17,3,21,0,31,49,50,130,0,18,18,148
07/01/2021,ABI,TX,ASW,CE,Combined TRACON& Tower with Radar,9,33,21,34,97,0,2,28,5,35,9,35,49,39,132,4,8,12,144
07/02/2021,ABI,TX,ASW,CE,Combined TRACON& Tower with Radar,9,27,19,6,61,0,0,12,0,12,9,27,31,6,73,0,0,0,73
07/03/2021,ABI,TX,ASW,CE,Combined TRACON& Tower with Radar,0,23,8,0,31,0,0,2,0,2,0,23,10,0,33,2,0,2,35
07/04/2021,ABI,TX,ASW,CE,Combined TRACON& Tower with Radar,0,17,12,0,29,0,0,1,0,1,0,17,13,0,30,0,0,0,30
07/05/2021,ABI,TX,ASW,CE,Combined TRACON& Tower with Radar,0,25,8,0,33,0,0,6,0,6,0,25,14,0,39,12,0,12,51
07/06/2021,ABI,TX,ASW,CE,Combined TRACON& Tower with Radar,10,23,11,14,58,0,0,6,2,8,10,23,17,16,66,4,0,4,70
07/07/2021,ABI,TX,ASW,CE,Combined TRACON& Tower with Radar,0,34,14,72,120,0,1,17,12,30,0,35,31,84,150,18,16,34,184
07/08/2021,ABI,TX,ASW,CE,Combined TRACON& Tower with Radar,0,32,31,52,115,0,0,24,4,28,0,32,55,56,143,0,10,10,153
07/09/2021,ABI,TX,ASW,CE,Combined TRACON& Tower with Radar,0,28,31,53,112,0,0,18,2,20,0,28,49,55,132,14,10,24,156
07/10/2021,ABI,TX,ASW,CE,Combined TRACON& Tower with Radar,2,20,30,28,80,0,0,26,2,28,2,20,56,30,108,6,30,36,144
07/11/2021,ABI,TX,ASW,CE,Combined TRACON& Tower with Radar,1,20,14,2,37,0,0,10,0,10,1,20,24,2,47,16,0,16,63
07/12/2021,ABI,TX,ASW,CE,Combined TRACON& Tower with Radar,0,23,11,9,43,0,2,19,4,25,0,25,30,13,68,0,2,2,70
07/13/2021,ABI,TX,ASW,CE,Combined TRACON& Tower with Radar,0,19,31,33,83,0,2,45,2,49,0,21,76,35,132,6,10,16,148
07/14/2021,ABI,TX,ASW,CE,Combined TRACON& Tower with Radar,0,34,32,39,105,0,1,32,3,36,0,35,64,42,141,30,0,30,171
07/15/2021,ABI,TX,ASW,CE,Combined TRACON& Tower with Radar,0,31,37,57,125,0,0,21,3,24,0,31,58,60,149,18,20,38,187
07/16/2021,ABI,TX,ASW,CE,Combined TRACON& Tower with Radar,0,27,19,46,92,0,1,37,12,50,0,28,56,58,142,28,30,58,200
07/17/2021,ABI,TX,ASW,CE,Combined TRACON& Tower with Radar,0,19,22,11,52,0,1,27,4,32,0,20,49,15,84,18,44,62,146
07/18/2021,ABI,TX,ASW,CE,Combined TRACON& Tower with Radar,3,22,13,4,42,0,1,22,1,24,3,23,35,5,66,18,12,30,96
07/19/2021,ABI,TX,ASW,CE,Combined TRACON& Tower with Radar,6,22,25,0,53,0,0,8,0,8,6,22,33,0,61,4,0,4,65
07/20/2021,ABI,TX,ASW,CE,Combined TRACON& Tower with Radar,1,23,21,35,80,0,2,20,2,24,1,25,41,37,104,4,10,14,118
07/21/2021,ABI,TX,ASW,CE,Combined TRACON& Tower with Radar,0,25,15,38,78,0,0,34,2,36,0,25,49,40,114,16,20,36,150
07/22/2021,ABI,TX,ASW,CE,Combined TRACON& Tower with Radar,0,26,29,27,82,0,0,34,7,41,0,26,63,34,123,4,32,36,159
07/23/2021,ABI,TX,ASW,CE,Combined TRACON& Tower with Radar,0,32,22,50,104,0,2,27,7,36,0,34,49,57,140,0,0,0,140
07/24/2021,ABI,TX,ASW,CE,Combined TRACON& Tower with Radar,0,20,13,9,42,0,3,35,3,41,0,23,48,12,83,4,4,8,91
07/25/2021,ABI,TX,ASW,CE,Combined TRACON& Tower with Radar,2,23,24,0,49,0,0,33,0,33,2,23,57,0,82,52,0,52,134
07/26/2021,ABI,TX,ASW,CE,Combined TRACON& Tower with Radar,0,21,10,24,55,0,0,22,1,23,0,21,32,25,78,6,0,6,84
07/27/2021,ABI,TX,ASW,CE,Combined TRACON& Tower with Radar,0,27,31,14,72,0,0,32,1,33,0,27,63,15,105,0,0,0,105
07/28/2021,ABI,TX,ASW,CE,Combined TRACON& Tower with Radar,0,27,32,42,101,0,0,21,8,29,0,27,53,50,130,34,8,42,172
07/29/2021,ABI,TX,ASW,CE,Combined TRACON& Tower with Radar,3,29,26,18,76,0,0,18,1,19,3,29,44,19,95,0,0,0,95
07/30/2021,ABI,TX,ASW,CE,Combined TRACON& Tower with Radar,0,25,11,39,75,0,0,26,0,26,0,25,37,39,101,36,14,50,151
07/31/2021,ABI,TX,ASW,CE,Combined TRACON& Tower with Radar,0,18,22,14,54,0,2,35,1,38,0,20,57,15,92,18,0,18,110
08/01/2021,ABI,TX,ASW,CE,Combined TRACON& Tower with Radar,8,22,11,0,41,0,0,10,0,10,8,22,21,0,51,6,0,6,57
08/02/2021,ABI,TX,ASW,CE,Combined TRACON& Tower with Radar,0,28,22,15,65,0,0,12,0,12,0,28,34,15,77,14,0,14,91
08/03/2021,ABI,TX,ASW,CE,Combined TRACON& Tower with Radar,0,25,22,47,94,0,2,21,6,29,0,27,43,53,123,18,22,40,163
08/04/2021,ABI,TX,ASW,CE,Combined TRACON& Tower with Radar,1,32,14,19,66,0,0,21,3,24,1,32,35,22,90,12,0,12,102
08/05/2021,ABI,TX,ASW,CE,Combined TRACON& Tower with Radar,0,31,17,4,52,0,0,18,1,19,0,31,35,5,71,8,0,8,79
08/06/2021,ABI,TX,ASW,CE,Combined TRACON& Tower with Radar,2,43,34,27,106,0,1,32,3,36,2,44,66,30,142,2,10,12,154
08/07/2021,ABI,TX,ASW,CE,Combined TRACON& Tower with Radar,1,20,13,17,51,0,0,17,2,19,1,20,30,19,70,10,0,10,80
08/08/2021,ABI,TX,ASW,CE,Combined TRACON& Tower with Radar,5,16,12,14,47,0,0,17,0,17,5,16,29,14,64,6,0,6,70
08/09/2021,ABI,TX,ASW,CE,Combined TRACON& Tower with Radar,2,29,15,46,92,0,0,21,1,22,2,29,36,47,114,0,18,18,132
08/10/2021,ABI,TX,ASW,CE,Combined TRACON& Tower with Radar,0,29,19,47,95,0,1,22,9,32,0,30,41,56,127,0,0,0,127
08/11/2021,ABI,TX,ASW,CE,Combined TRACON& Tower with Radar,1,27,13,21,62,0,0,15,6,21,1,27,28,27,83,0,4,4,87
08/12/2021,ABI,TX,ASW,CE,Combined TRACON& Tower with Radar,4,30,18,43,95,0,1,38,4,43,4,31,56,47,138,0,14,14,152
08/13/2021,ABI,TX,ASW,CE,Combined TRACON& Tower with Radar,1,28,11,5,45,0,1,39,3,43,1,29,50,8,88,6,0,6,94
08/14/2021,ABI,TX,ASW,CE,Combined TRACON& Tower with Radar,14,22,13,0,49,0,0,18,0,18,14,22,31,0,67,10,0,10,77
08/15/2021,ABI,TX,ASW,CE,Combined TRACON& Tower with Radar,0,19,16,18,53,0,0,10,1,11,0,19,26,19,64,0,2,2,66
08/16/2021,ABI,TX,ASW,CE,Combined TRACON& Tower with Radar,3,21,15,22,61,0,0,15,2,17,3,21,30,24,78,16,0,16,94
08/17/2021,ABI,TX,ASW,CE,Combined TRACON& Tower with Radar,3,21,16,0,40,0,1,2,0,3,3,22,18,0,43,6,0,6,49
08/18/2021,ABI,TX,ASW,CE,Combined TRACON& Tower with Radar,1,24,13,1,39,0,0,5,1,6,1,24,18,2,45,0,0,0,45
08/19/2021,ABI,TX,ASW,CE,Combined TRACON& Tower with Radar,0,26,25,21,72,0,0,23,0,23,0,26,48,21,95,20,0,20,115
08/20/2021,ABI,TX,ASW,CE,Combined TRACON& Tower with Radar,1,30,17,41,89,0,0,14,4,18,1,30,31,45,107,0,0,0,107
08/21/2021,ABI,TX,ASW,CE,Combined TRACON& Tower with Radar,1,22,10,25,58,0,0,15,1,16,1,22,25,26,74,0,0,0,74
08/22/2021,ABI,TX,ASW,CE,Combined TRACON& Tower with Radar,6,23,9,2,40,0,1,18,1,20,6,24,27,3,60,6,0,6,66
08/23/2021,ABI,TX,ASW,CE,Combined TRACON& Tower with Radar,1,19,12,17,49,0,1,19,1,21,1,20,31,18,70,0,0,0,70
08/24/2021,ABI,TX,ASW,CE,Combined TRACON& Tower with Radar,3,23,18,25,69,0,2,24,4,30,3,25,42,29,99,4,16,20,119
08/25/2021,ABI,TX,ASW,CE,Combined TRACON& Tower with Radar,0,32,9,12,53,0,2,19,3,24,0,34,28,15,77,6,10,16,93
08/26/2021,ABI,TX,ASW,CE,Combined TRACON& Tower with Radar,2,26,29,27,84,0,2,23,3,28,2,28,52,30,112,6,10,16,128
08/27/2021,ABI,TX,ASW,CE,Combined TRACON& Tower with Radar,1,29,23,34,87,0,4,31,4,39,1,33,54,38,126,18,12,30,156
08/28/2021,ABI,TX,ASW,CE,Combined TRACON& Tower with Radar,0,23,16,18,57,0,0,40,0,40,0,23,56,18,97,6,0,6,103
08/29/2021,ABI,TX,ASW,CE,Combined TRACON& Tower with Radar,0,20,19,12,51,0,0,11,0,11,0,20,30,12,62,0,0,0,62
08/30/2021,ABI,TX,ASW,CE,Combined TRACON& Tower with Radar,0,21,3,15,39,0,0,16,1,17,0,21,19,16,56,0,0,0,56
08/31/2021,ABI,TX,ASW,CE,Combined TRACON& Tower with Radar,0,25,20,60,105,0,1,31,3,35,0,26,51,63,140,0,0,0,140
09/01/2021,ABI,TX,ASW,CE,Combined TRACON& Tower with Radar,0,27,28,14,69,0,0,26,0,26,0,27,54,14,95,0,0,0,95
09/02/2021,ABI,TX,ASW,CE,Combined TRACON& Tower with Radar,2,29,15,33,79,0,0,20,3,23,2,29,35,36,102,12,16,28,130
09/03/2021,ABI,TX,ASW,CE,Combined TRACON& Tower with Radar,1,26,32,0,59,0,0,29,0,29,1,26,61,0,88,22,0,22,110
09/04/2021,ABI,TX,ASW,CE,Combined TRACON& Tower with Radar,0,21,11,0,32,0,1,34,0,35,0,22,45,0,67,0,0,0,67
09/05/2021,ABI,TX,ASW,CE,Combined TRACON& Tower with Radar,0,12,8,0,20,0,2,7,0,9,0,14,15,0,29,0,0,0,29
09/06/2021,ABI,TX,ASW,CE,Combined TRACON& Tower with Radar,0,15,11,0,26,0,0,30,1,31,0,15,41,1,57,8,0,8,65
09/07/2021,ABI,TX,ASW,CE,Combined TRACON& Tower with Radar,0,16,28,20,64,0,0,23,8,31,0,16,51,28,95,38,6,44,139
09/08/2021,ABI,TX,ASW,CE,Combined TRACON& Tower with Radar,2,29,18,19,68,0,0,24,0,24,2,29,42,19,92,4,10,14,106
09/09/2021,ABI,TX,ASW,CE,Combined TRACON& Tower with Radar,0,28,27,34,89,0,1,21,17,39,0,29,48,51,128,0,28,28,156
09/10/2021,ABI,TX,ASW,CE,Combined TRACON& Tower with Radar,0,25,24,43,92,0,0,27,5,32,0,25,51,48,124,18,38,56,180
09/11/2021,ABI,TX,ASW,CE,Combined TRACON& Tower with Radar,0,18,15,0,33,0,0,26,0,26,0,18,41,0,59,36,0,36,95
09/12/2021,ABI,TX,ASW,CE,Combined TRACON& Tower with Radar,0,18,9,12,39,0,0,20,0,20,0,18,29,12,59,0,0,0,59
09/13/2021,ABI,TX,ASW,CE,Combined TRACON& Tower with Radar,0,24,12,49,85,0,1,22,2,25,0,25,34,51,110,6,6,12,122
09/14/2021,ABI,TX,ASW,CE,Combined TRACON& Tower with Radar,1,21,26,48,96,0,1,19,6,26,1,22,45,54,122,34,18,52,174
09/15/2021,ABI,TX,ASW,CE,Combined TRACON& Tower with Radar,0,26,19,35,80,0,4,16,0,20,0,30,35,35,100,66,0,66,166
09/16/2021,ABI,TX,ASW,CE,Combined TRACON& Tower with Radar,1,26,34,41,102,0,0,32,13,45,1,26,66,54,147,22,10,32,179
09/17/2021,ABI,TX,ASW,CE,Combined TRACON& Tower with Radar,0,35,38,52,125,0,0,28,6,34,0,35,66,58,159,26,66,92,251
09/18/2021,ABI,TX,ASW,CE,Combined TRACON& Tower with Radar,0,16,8,0,24,0,0,42,0,42,0,16,50,0,66,12,0,12,78
09/19/2021,ABI,TX,ASW,CE,Combined TRACON& Tower with Radar,0,21,11,3,35,0,0,32,3,35,0,21,43,6,70,8,0,8,78
09/20/2021,ABI,TX,ASW,CE,Combined TRACON& Tower with Radar,2,20,13,19,54,0,0,20,1,21,2,20,33,20,75,18,30,48,123
09/21/2021,ABI,TX,ASW,CE,Combined TRACON& Tower with Radar,0,22,40,6,68,0,1,13,1,15,0,23,53,7,83,0,14,14,97
09/22/2021,ABI,TX,ASW,CE,Combined TRACON& Tower with Radar,0,26,21,31,78,0,0,45,8,53,0,26,66,39,131,22,12,34,165
09/23/2021,ABI,TX,ASW,CE,Combined TRACON& Tower with Radar,6,26,33,14,79,0,1,43,0,44,6,27,76,14,123,0,0,0,123
09/24/2021,ABI,TX,ASW,CE,Combined TRACON& Tower with Radar,3,26,15,18,62,0,1,37,1,39,3,27,52,19,101,8,0,8,109
09/25/2021,ABI,TX,ASW,CE,Combined TRACON& Tower with Radar,1,17,9,0,27,0,0,37,0,37,1,17,46,0,64,0,0,0,64
09/26/2021,ABI,TX,ASW,CE,Combined TRACON& Tower with Radar,0,16,8,0,24,0,0,32,0,32,0,16,40,0,56,12,0,12,68
09/27/2021,ABI,TX,ASW,CE,Combined TRACON& Tower with Radar,4,17,11,32,64,0,2,17,3,22,4,19,28,35,86,38,18,56,142
09/28/2021,ABI,TX,ASW,CE,Combined TRACON& Tower with Radar,2,29,22,30,83,0,1,25,0,26,2,30,47,30,109,22,18,40,149
09/29/2021,ABI,TX,ASW,CE,Combined TRACON& Tower with Radar,0,32,22,19,73,0,0,18,5,23,0,32,40,24,96,22,12,34,130
09/30/2021,ABI,TX,ASW,CE,Combined TRACON& Tower with Radar,1,23,12,11,47,0,0,11,3,14,1,23,23,14,61,0,22,22,83
10/01/2021,ABI,TX,ASW,CE,Combined TRACON& Tower with Radar,2,30,30,21,83,0,0,12,0,12,2,30,42,21,95,2,2,4,99
10/02/2021,ABI,TX,ASW,CE,Combined TRACON& Tower with Radar,2,18,18,2,40,0,0,31,0,31,2,18,49,2,71,0,0,0,71
10/03/2021,ABI,TX,ASW,CE,Combined TRACON& Tower with Radar,0,12,20,10,42,0,2,31,7,40,0,14,51,17,82,14,8,22,104
10/04/2021,ABI,TX,ASW,CE,Combined TRACON& Tower with Radar,1,16,20,26,63,0,0,29,7,36,1,16,49,33,99,40,0,40,139
10/05/2021,ABI,TX,ASW,CE,Combined TRACON& Tower with Radar,1,17,22,22,62,0,0,33,2,35,1,17,55,24,97,24,12,36,133
10/06/2021,ABI,TX,ASW,CE,Combined TRACON& Tower with Radar,6,26,20,17,69,0,6,18,4,28,6,32,38,21,97,28,4,32,129
10/07/2021,ABI,TX,ASW,CE,Combined TRACON& Tower with Radar,0,28,34,24,86,0,0,38,2,40,0,28,72,26,126,32,8,40,166
10/08/2021,ABI,TX,ASW,CE,Combined TRACON& Tower with Radar,2,25,18,5,50,0,0,34,1,35,2,25,52,6,85,26,0,26,111
10/09/2021,ABI,TX,ASW,CE,Combined TRACON& Tower with Radar,0,17,6,0,23,0,5,21,0,26,0,22,27,0,49,0,0,0,49
10/10/2021,ABI,TX,ASW,CE,Combined TRACON& Tower with Radar,2,13,9,0,24,0,1,12,0,13,2,14,21,0,37,6,0,6,43
10/11/2021,ABI,TX,ASW,CE,Combined TRACON& Tower with Radar,0,15,18,0,33,0,0,29,0,29,0,15,47,0,62,24,0,24,86
10/12/2021,ABI,TX,ASW,CE,Combined TRACON& Tower with Radar,0,20,30,28,78,0,0,10,3,13,0,20,40,31,91,0,0,0,91
10/13/2021,ABI,TX,ASW,CE,Combined TRACON& Tower with Radar,0,14,11,2,27,0,0,0,0,0,0,14,11,2,27,4,0,4,31
10/14/2021,ABI,TX,ASW,CE,Combined TRACON& Tower with Radar,0,26,43,9,78,0,0,22,4,26,0,26,65,13,104,0,0,0,104
10/15/2021,ABI,TX,ASW,CE,Combined TRACON& Tower with Radar,0,22,32,10,64,0,0,29,4,33,0,22,61,14,97,0,0,0,97
10/16/2021,ABI,TX,ASW,CE,Combined TRACON& Tower with Radar,4,15,18,1,38,0,1,53,0,54,4,16,71,1,92,8,0,8,100
10/17/2021,ABI,TX,ASW,CE,Combined TRACON& Tower with Radar,1,12,22,0,35,0,1,28,0,29,1,13,50,0,64,4,0,4,68
10/18/2021,ABI,TX,ASW,CE,Combined TRACON& Tower with Radar,0,20,16,9,45,0,4,28,0,32,0,24,44,9,77,22,0,22,99
10/19/2021,ABI,TX,ASW,CE,Combined TRACON& Tower with Radar,2,31,25,42,100,0,0,33,1,34,2,31,58,43,134,2,24,26,160
10/20/2021,ABI,TX,ASW,CE,Combined TRACON& Tower with Radar,4,21,30,24,79,0,0,24,0,24,4,21,54,24,103,16,0,16,119
10/21/2021,ABI,TX,ASW,CE,Combined TRACON& Tower with Radar,1,23,32,21,77,0,0,37,0,37,1,23,69,21,114,10,4,14,128
10/22/2021,ABI,TX,ASW,CE,Combined TRACON& Tower with Radar,0,23,15,6,44,0,2,38,1,41,0,25,53,7,85,18,42,60,145
10/23/2021,ABI,TX,ASW,CE,Combined TRACON& Tower with Radar,0,15,10,0,25,0,2,40,0,42,0,17,50,0,67,0,0,0,67
10/24/2021,ABI,TX,ASW,CE,Combined TRACON& Tower with Radar,0,11,15,0,26,0,0,19,0,19,0,11,34,0,45,0,0,0,45
10/25/2021,ABI,TX,ASW,CE,Combined TRACON& Tower with Radar,1,14,11,18,44,0,0,29,2,31,1,14,40,20,75,36,14,50,125
10/26/2021,ABI,TX,ASW,CE,Combined TRACON& Tower with Radar,0,21,24,40,85,0,1,12,1,14,0,22,36,41,99,10,4,14,113
10/27/2021,ABI,TX,ASW,CE,Combined TRACON& Tower with Radar,0,22,15,50,87,0,1,11,10,22,0,23,26,60,109,0,68,68,177
10/28/2021,ABI,TX,ASW,CE,Combined TRACON& Tower with Radar,2,21,20,17,60,0,1,12,6,19,2,22,32,23,79,4,0,4,83
10/29/2021,ABI,TX,ASW,CE,Combined TRACON& Tower with Radar,1,23,33,6,63,0,0,21,0,21,1,23,54,6,84,6,0,6,90
10/30/2021,ABI,TX,ASW,CE,Combined TRACON& Tower with Radar,0,14,24,2,40,0,3,47,8,58,0,17,71,10,98,46,0,46,144
10/31/2021,ABI,TX,ASW,CE,Combined TRACON& Tower with Radar,0,18,17,0,35,0,0,23,7,30,0,18,40,7,65,18,0,18,83
11/01/2021,ABI,TX,ASW,CE,Combined TRACON& Tower with Radar,0,18,26,40,84,0,0,23,0,23,0,18,49,40,107,70,0,70,177
11/02/2021,ABI,TX,ASW,CE,Combined TRACON& Tower with Radar,0,22,27,4,53,0,0,2,0,2,0,22,29,4,55,0,0,0,55
11/03/2021,ABI,TX,ASW,CE,Combined TRACON& Tower with Radar,2,23,14,0,39,0,0,1,0,1,2,23,15,0,40,0,0,0,40
11/04/2021,ABI,TX,ASW,CE,Combined TRACON& Tower with Radar,0,25,36,20,81,0,0,10,0,10,0,25,46,20,91,6,6,12,103
11/05/2021,ABI,TX,ASW,CE,Combined TRACON& Tower with Radar,5,22,41,45,113,0,1,38,7,46,5,23,79,52,159,30,24,54,213
11/06/2021,ABI,TX,ASW,CE,Combined TRACON& Tower with Radar,3,16,19,16,54,0,0,42,6,48,3,16,61,22,102,42,18,60,162
11/07/2021,ABI,TX,ASW,CE,Combined TRACON& Tower with Radar,0,12,16,0,28,0,0,19,2,21,0,12,35,2,49,8,0,8,57
11/08/2021,ABI,TX,ASW,CE,Combined TRACON& Tower with Radar,0,23,27,26,76,0,0,33,4,37,0,23,60,30,113,52,12,64,177
11/09/2021,ABI,TX,ASW,CE,Combined TRACON& Tower with Radar,0,19,35,42,96,0,2,31,2,35,0,21,66,44,131,0,0,0,131
11/10/2021,ABI,TX,ASW,CE,Combined TRACON& Tower with Radar,1,43,42,3,89,0,0,13,2,15,1,43,55,5,104,42,0,42,146
11/11/2021,ABI,TX,ASW,CE,Combined TRACON& Tower with Radar,1,33,27,2,63,0,2,45,1,48,1,35,72,3,111,0,0,0,111
11/12/2021,ABI,TX,ASW,CE,Combined TRACON& Tower with Radar,0,20,11,82,113,0,3,34,1,38,0,23,45,83,151,12,14,26,177
11/13/2021,ABI,TX,ASW,CE,Combined TRACON& Tower with Radar,0,15,18,2,35,0,1,34,0,35,0,16,52,2,70,4,0,4,74
11/14/2021,ABI,TX,ASW,CE,Combined TRACON& Tower with Radar,0,19,12,2,33,0,3,32,0,35,0,22,44,2,68,0,12,12,80
11/15/2021,ABI,TX,ASW,CE,Combined TRACON& Tower with Radar,6,13,17,13,49,0,3,29,1,33,6,16,46,14,82,34,0,34,116
11/16/2021,ABI,TX,ASW,CE,Combined TRACON& Tower with Radar,0,21,14,38,73,0,1,23,5,29,0,22,37,43,102,0,0,0,102
11/17/2021,ABI,TX,ASW,CE,Combined TRACON& Tower with Radar,0,27,27,27,81,0,4,13,0,17,0,31,40,27,98,0,10,10,108
11/18/2021,ABI,TX,ASW,CE,Combined TRACON& Tower with Radar,0,23,35,46,104,0,0,31,4,35,0,23,66,50,139,8,60,68,207
11/19/2021,ABI,TX,ASW,CE,Combined TRACON& Tower with Radar,1,23,21,19,64,0,4,45,1,50,1,27,66,20,114,32,12,44,158
11/20/2021,ABI,TX,ASW,CE,Combined TRACON& Tower with Radar,0,16,14,4,34,0,1,25,0,26,0,17,39,4,60,32,0,32,92
11/21/2021,ABI,TX,ASW,CE,Combined TRACON& Tower with Radar,0,21,17,0,38,0,0,15,0,15,0,21,32,0,53,10,0,10,63
11/22/2021,ABI,TX,ASW,CE,Combined TRACON& Tower with Radar,1,19,15,22,57,0,0,34,4,38,1,19,49,26,95,26,0,26,121
11/23/2021,ABI,TX,ASW,CE,Combined TRACON& Tower with Radar,3,25,25,22,75,0,2,35,5,42,3,27,60,27,117,32,0,32,149
11/24/2021,ABI,TX,ASW,CE,Combined TRACON& Tower with Radar,2,28,15,14,59,0,2,8,0,10,2,30,23,14,69,0,0,0,69
11/25/2021,ABI,TX,ASW,CE,Combined TRACON& Tower with Radar,1,7,5,0,13,0,3,9,0,12,1,10,14,0,25,0,0,0,25
11/26/2021,ABI,TX,ASW,CE,Combined TRACON& Tower with Radar,0,17,18,0,35,0,0,26,0,26,0,17,44,0,61,34,0,34,95
11/27/2021,ABI,TX,ASW,CE,Combined TRACON& Tower with Radar,1,25,10,0,36,0,0,4,0,4,1,25,14,0,40,18,0,18,58
11/28/2021,ABI,TX,ASW,CE,Combined TRACON& Tower with Radar,0,26,17,0,43,0,2,33,0,35,0,28,50,0,78,2,0,2,80
11/29/2021,ABI,TX,ASW,CE,Combined TRACON& Tower with Radar,0,20,16,22,58,0,1,22,0,23,0,21,38,22,81,22,0,22,103
11/30/2021,ABI,TX,ASW,CE,Combined TRACON& Tower with Radar,1,25,25,40,91,0,0,31,1,32,1,25,56,41,123,26,6,32,155
12/01/2021,ABI,TX,ASW,CE,Combined TRACON& Tower with Radar,1,27,18,39,85,0,1,24,5,30,1,28,42,44,115,26,48,74,189
12/02/2021,ABI,TX,ASW,CE,Combined TRACON& Tower with Radar,0,23,31,46,100,0,3,16,1,20,0,26,47,47,120,0,32,32,152
12/03/2021,ABI,TX,ASW,CE,Combined TRACON& Tower with Radar,2,26,35,52,115,0,2,36,8,46,2,28,71,60,161,20,36,56,217
12/04/2021,ABI,TX,ASW,CE,Combined TRACON& Tower with Radar,0,19,23,26,68,0,0,20,11,31,0,19,43,37,99,46,20,66,165
12/05/2021,ABI,TX,ASW,CE,Combined TRACON& Tower with Radar,0,14,17,6,37,0,0,9,0,9,0,14,26,6,46,0,0,0,46
12/06/2021,ABI,TX,ASW,CE,Combined TRACON& Tower with Radar,0,19,22,42,83,0,2,7,2,11,0,21,29,44,94,6,42,48,142
12/07/2021,ABI,TX,ASW,CE,Combined TRACON& Tower with Radar,0,23,24,22,69,0,0,29,12,41,0,23,53,34,110,6,28,34,144
12/08/2021,ABI,TX,ASW,CE,Combined TRACON& Tower with Radar,0,23,21,13,57,0,2,19,2,23,0,25,40,15,80,0,0,0,80
12/09/2021,ABI,TX,ASW,CE,Combined TRACON& Tower with Radar,0,23,28,52,103,0,1,22,8,31,0,24,50,60,134,14,82,96,230
12/10/2021,ABI,TX,ASW,CE,Combined TRACON& Tower with Radar,2,32,18,11,63,0,0,18,0,18,2,32,36,11,81,8,0,8,89
12/11/2021,ABI,TX,ASW,CE,Combined TRACON& Tower with Radar,0,18,14,0,32,0,1,31,0,32,0,19,45,0,64,2,0,2,66
12/12/2021,ABI,TX,ASW,CE,Combined TRACON& Tower with Radar,0,14,12,4,30,0,0,27,0,27,0,14,39,4,57,6,0,6,63
12/13/2021,ABI,TX,ASW,CE,Combined TRACON& Tower with Radar,0,17,28,21,66,0,0,23,2,25,0,17,51,23,91,0,14,14,105
12/14/2021,ABI,TX,ASW,CE,Combined TRACON& Tower with Radar,0,24,34,30,88,0,0,12,1,13,0,24,46,31,101,22,0,22,123
12/15/2021,ABI,TX,ASW,CE,Combined TRACON& Tower with Radar,0,29,21,30,80,3,1,10,11,25,3,30,31,41,105,0,0,0,105
12/16/2021,ABI,TX,ASW,CE,Combined TRACON& Tower with Radar,1,28,32,65,126,0,0,41,9,50,1,28,73,74,176,72,40,112,288
12/17/2021,ABI,TX,ASW,CE,Combined TRACON& Tower with Radar,0,27,25,10,62,0,0,13,0,13,0,27,38,10,75,0,0,0,75
12/18/2021,ABI,TX,ASW,CE,Combined TRACON& Tower with Radar,1,19,20,2,42,0,0,16,0,16,1,19,36,2,58,0,0,0,58
12/19/2021,ABI,TX,ASW,CE,Combined TRACON& Tower with Radar,1,14,15,16,46,0,0,12,2,14,1,14,27,18,60,44,24,68,128
12/20/2021,ABI,TX,ASW,CE,Combined TRACON& Tower with Radar,1,17,21,32,71,0,2,26,13,41,1,19,47,45,112,32,32,64,176
12/21/2021,ABI,TX,ASW,CE,Combined TRACON& Tower with Radar,1,25,27,40,93,0,0,44,7,51,1,25,71,47,144,28,12,40,184
12/22/2021,ABI,TX,ASW,CE,Combined TRACON& Tower with Radar,1,27,26,15,69,0,2,36,9,47,1,29,62,24,116,24,10,34,150
12/23/2021,ABI,TX,ASW,CE,Combined TRACON& Tower with Radar,2,31,13,1,47,0,0,30,5,35,2,31,43,6,82,48,0,48,130
12/24/2021,ABI,TX,ASW,CE,Combined TRACON& Tower with Radar,2,18,14,0,34,0,1,5,0,6,2,19,19,0,40,8,0,8,48
12/25/2021,ABI,TX,ASW,CE,Combined TRACON& Tower with Radar,1,17,8,0,26,0,0,3,0,3,1,17,11,0,29,2,0,2,31
12/26/2021,ABI,TX,ASW,CE,Combined TRACON& Tower with Radar,0,13,14,0,27,1,0,12,1,14,1,13,26,1,41,0,0,0,41
12/27/2021,ABI,TX,ASW,CE,Combined TRACON& Tower with Radar,1,17,10,0,28,0,0,25,0,25,1,17,35,0,53,22,0,22,75
12/28/2021,ABI,TX,ASW,CE,Combined TRACON& Tower with Radar,0,22,13,0,35,0,0,6,0,6,0,22,19,0,41,6,0,6,47
12/29/2021,ABI,TX,ASW,CE,Combined TRACON& Tower with Radar,0,25,22,7,54,0,0,4,0,4,0,25,26,7,58,4,0,4,62
12/30/2021,ABI,TX,ASW,CE,Combined TRACON& Tower with Radar,0,26,22,4,52,0,0,20,0,20,0,26,42,4,72,12,0,12,84
12/31/2021,ABI,TX,ASW,CE,Combined TRACON& Tower with Radar,0,22,8,5,35,0,0,3,1,4,0,22,11,6,39,6,0,6,45
01/01/2022,ABI,TX,ASW,CE,Combined TRACON& Tower with Radar,0,13,8,0,21,0,0,2,0,2,0,13,10,0,23,0,0,0,23
01/02/2022,ABI,TX,ASW,CE,Combined TRACON& Tower with Radar,0,11,24,0,35,0,0,15,0,15,0,11,39,0,50,0,0,0,50
01/03/2022,ABI,TX,ASW,CE,Combined TRACON& Tower with Radar,0,16,13,1,30,0,2,32,0,34,0,18,45,1,64,16,0,16,80
01/04/2022,ABI,TX,ASW,CE,Combined TRACON& Tower with Radar,3,19,16,8,46,1,1,14,5,21,4,20,30,13,67,4,0,4,71
01/05/2022,ABI,TX,ASW,CE,Combined TRACON& Tower with Radar,0,27,21,41,89,0,0,33,18,51,0,27,54,59,140,0,0,0,140
01/06/2022,ABI,TX,ASW,CE,Combined TRACON& Tower with Radar,1,21,31,60,113,0,1,37,11,49,1,22,68,71,162,20,44,64,226
01/07/2022,ABI,TX,ASW,CE,Combined TRACON& Tower with Radar,3,22,22,9,56,0,2,21,5,28,3,24,43,14,84,32,8,40,124
01/08/2022,ABI,TX,ASW,CE,Combined TRACON& Tower with Radar,9,14,9,6,38,0,1,11,0,12,9,15,20,6,50,20,0,20,70
01/09/2022,ABI,TX,ASW,CE,Combined TRACON& Tower with Radar,0,25,27,8,60,0,4,17,0,21,0,29,44,8,81,0,44,44,125
01/10/2022,ABI,TX,ASW,CE,Combined TRACON& Tower with Radar,1,16,17,71,105,0,0,28,1,29,1,16,45,72,134,18,76,94,228
01/11/2022,ABI,TX,ASW,CE,Combined TRACON& Tower with Radar,1,24,15,16,56,0,3,14,1,18,1,27,29,17,74,0,0,0,74
01/12/2022,ABI,TX,ASW,CE,Combined TRACON& Tower with Radar,0,23,20,21,64,0,0,25,5,30,0,23,45,26,94,14,16,30,124
01/13/2022,ABI,TX,ASW,CE,Combined TRACON& Tower with Radar,0,19,19,43,81,0,0,36,8,44,0,19,55,51,125,60,10,70,195
01/14/2022,ABI,TX,ASW,CE,Combined TRACON& Tower with Radar,2,17,17,41,77,0,0,20,10,30,2,17,37,51,107,36,40,76,183
01/15/2022,ABI,TX,ASW,CE,Combined TRACON& Tower with Radar,0,10,5,0,15,0,2,13,14,29,0,12,18,14,44,4,8,12,56
01/16/2022,ABI,TX,ASW,CE,Combined TRACON& Tower with Radar,0,14,15,0,29,0,1,44,5,50,0,15,59,5,79,28,0,28,107
01/17/2022,ABI,TX,ASW,CE,Combined TRACON& Tower with Radar,0,18,15,2,35,0,1,35,0,36,0,19,50,2,71,46,4,50,121
01/18/2022,ABI,TX,ASW,CE,Combined TRACON& Tower with Radar,0,19,11,1,31,2,1,13,6,22,2,20,24,7,53,0,0,0,53
01/19/2022,ABI,TX,ASW,CE,Combined TRACON& Tower with Radar,0,19,20,24,63,0,2,17,3,22,0,21,37,27,85,34,0,34,119
01/20/2022,ABI,TX,ASW,CE,Combined TRACON& Tower with Radar,1,20,21,41,83,0,1,5,1,7,1,21,26,42,90,12,42,54,144
01/21/2022,ABI,TX,ASW,CE,Combined TRACON& Tower with Radar,0,21,19,33,73,0,1,37,6,44,0,22,56,39,117,40,104,144,261
01/22/2022,ABI,TX,ASW,CE,Combined TRACON& Tower with Radar,2,18,13,34,67,0,2,37,1,40,2,20,50,35,107,26,90,116,223
01/23/2022,ABI,TX,ASW,CE,Combined TRACON& Tower with Radar,1,13,17,37,68,0,2,23,3,28,1,15,40,40,96,6,2,8,104
01/24/2022,ABI,TX,ASW,CE,Combined TRACON& Tower with Radar,0,20,12,65,97,0,1,4,9,14,0,21,16,74,111,4,52,56,167
01/25/2022,ABI,TX,ASW,CE,Combined TRACON& Tower with Radar,2,16,31,59,108,0,1,19,5,25,2,17,50,64,133,26,46,72,205
01/26/2022,ABI,TX,ASW,CE,Combined TRACON& Tower with Radar,1,18,10,11,40,0,0,8,0,8,1,18,18,11,48,0,0,0,48
01/27/2022,ABI,TX,ASW,CE,Combined TRACON& Tower with Radar,0,24,19,54,97,0,4,13,1,18,0,28,32,55,115,44,0,44,159
01/28/2022,ABI,TX,ASW,CE,Combined TRACON& Tower with Radar,2,20,26,71,119,0,3,22,12,37,2,23,48,83,156,6,24,30,186
01/29/2022,ABI,TX,ASW,CE,Combined TRACON& Tower with Radar,0,14,11,21,46,0,2,24,6,32,0,16,35,27,78,4,12,16,94
01/30/2022,ABI,TX,ASW,CE,Combined TRACON& Tower with Radar,0,13,22,46,81,0,1,34,10,45,0,14,56,56,126,20,34,54,180
01/31/2022,ABI,TX,ASW,CE,Combined TRACON& Tower with Radar,0,14,12,36,62,0,0,13,1,14,0,14,25,37,76,6,20,26,102
02/01/2022,ABI,TX,ASW,CE,Combined TRACON& Tower with Radar,1,33,27,58,119,0,4,16,3,23,1,37,43,61,142,52,66,118,260
02/02/2022,ABI,TX,ASW,CE,Combined TRACON& Tower with Radar,0,24,23,22,69,0,3,14,4,21,0,27,37,26,90,0,0,0,90
02/03/2022,ABI,TX,ASW,CE,Combined TRACON& Tower with Radar,1,20,21,39,81,0,1,5,1,7,1,21,26,40,88,0,0,0,88
02/04/2022,ABI,TX,ASW,CE,Combined TRACON& Tower with Radar,0,1,0,1,2,0,0,9,2,11,0,1,9,3,13,2,0,2,15
02/05/2022,ABI,TX,ASW,CE,Combined TRACON& Tower with Radar,5,9,22,8,44,0,6,21,2,29,5,15,43,10,73,4,2,6,79
02/06/2022,ABI,TX,ASW,CE,Combined TRACON& Tower with Radar,0,12,15,27,54,0,4,33,8,45,0,16,48,35,99,6,12,18,117
02/07/2022,ABI,TX,ASW,CE,Combined TRACON& Tower with Radar,2,14,31,31,78,0,3,23,12,38,2,17,54,43,116,42,36,78,194
02/08/2022,ABI,TX,ASW,CE,Combined TRACON& Tower with Radar,1,26,29,45,101,1,2,21,24,48,2,28,50,69,149,0,0,0,149
02/09/2022,ABI,TX,ASW,CE,Combined TRACON& Tower with Radar,0,23,17,29,69,0,4,35,8,47,0,27,52,37,116,16,16,32,148
02/10/2022,ABI,TX,ASW,CE,Combined TRACON& Tower with Radar,3,21,33,19,76,0,1,43,13,57,3,22,76,32,133,10,20,30,163
02/11/2022,ABI,TX,ASW,CE,Combined TRACON& Tower with Radar,1,22,22,41,86,0,4,35,7,46,1,26,57,48,132,42,14,56,188
02/12/2022,ABI,TX,ASW,CE,Combined TRACON& Tower with Radar,0,12,14,35,61,0,2,16,6,24,0,14,30,41,85,2,36,38,123
02/13/2022,ABI,TX,ASW,CE,Combined TRACON& Tower with Radar,0,10,17,6,33,0,1,27,15,43,0,11,44,21,76,44,22,66,142
02/14/2022,ABI,TX,ASW,CE,Combined TRACON& Tower with Radar,0,13,14,26,53,1,3,24,25,53,1,16,38,51,106,10,12,22,128
02/15/2022,ABI,TX,ASW,CE,Combined TRACON& Tower with Radar,0,18,28,38,84,2,6,20,35,63,2,24,48,73,147,0,58,58,205
02/16/2022,ABI,TX,ASW,CE,Combined TRACON& Tower with Radar,0,24,12,47,83,0,1,16,11,28,0,25,28,58,111,0,0,0,111
02/17/2022,ABI,TX,ASW,CE,Combined TRACON& Tower with Radar,3,22,40,27,92,0,0,3,8,11,3,22,43,35,103,0,12,12,115
02/18/2022,ABI,TX,ASW,CE,Combined TRACON& Tower with Radar,5,21,50,26,102,0,7,55,2,64,5,28,105,28,166,14,26,40,206
02/19/2022,ABI,TX,ASW,CE,Combined TRACON& Tower with Radar,2,12,21,0,35,0,4,42,0,46,2,16,63,0,81,46,0,46,127
02/20/2022,ABI,TX,ASW,CE,Combined TRACON& Tower with Radar,1,9,15,13,38,0,0,13,2,15,1,9,28,15,53,0,0,0,53
02/21/2022,ABI,TX,ASW,CE,Combined TRACON& Tower with Radar,3,12,18,0,33,0,0,8,0,8,3,12,26,0,41,24,0,24,65
02/22/2022,ABI,TX,ASW,CE,Combined TRACON& Tower with Radar,1,25,21,61,108,0,0,28,7,35,1,25,49,68,143,28,10,38,181
02/23/2022,ABI,TX,ASW,CE,Combined TRACON& Tower with Radar,0,0,0,0,0,0,0,0,0,0,0,0,0,0,0,0,0,0,0
02/24/2022,ABI,TX,ASW,CE,Combined TRACON& Tower with Radar,0,11,9,6,26,0,0,1,0,1,0,11,10,6,27,0,0,0,27
02/25/2022,ABI,TX,ASW,CE,Combined TRACON& Tower with Radar,0,19,24,41,84,0,4,10,10,24,0,23,34,51,108,0,68,68,176
02/26/2022,ABI,TX,ASW,CE,Combined TRACON& Tower with Radar,0,17,9,1,27,0,0,1,2,3,0,17,10,3,30,0,0,0,30
02/27/2022,ABI,TX,ASW,CE,Combined TRACON& Tower with Radar,2,16,19,7,44,0,1,39,3,43,2,17,58,10,87,46,2,48,135
02/28/2022,ABI,TX,ASW,CE,Combined TRACON& Tower with Radar,1,15,21,43,80,0,2,26,1,29,1,17,47,44,109,28,8,36,145
03/01/2022,ABI,TX,ASW,CE,Combined TRACON& Tower with Radar,1,21,9,59,90,0,3,30,16,49,1,24,39,75,139,36,14,50,189
03/02/2022,ABI,TX,ASW,CE,Combined TRACON& Tower with Radar,0,19,34,42,95,0,2,42,20,64,0,21,76,62,159,24,22,46,205
03/03/2022,ABI,TX,ASW,CE,Combined TRACON& Tower with Radar,1,19,24,22,66,0,3,41,12,56,1,22,65,34,122,38,6,44,166
03/04/2022,ABI,TX,ASW,CE,Combined TRACON& Tower with Radar,0,21,24,38,83,0,2,18,3,23,0,23,42,41,106,14,8,22,128
03/05/2022,ABI,TX,ASW,CE,Combined TRACON& Tower with Radar,1,13,19,56,89,0,1,25,2,28,1,14,44,58,117,0,0,0,117
03/06/2022,ABI,TX,ASW,CE,Combined TRACON& Tower with Radar,5,13,10,5,33,0,1,4,0,5,5,14,14,5,38,0,0,0,38
03/07/2022,ABI,TX,ASW,CE,Combined TRACON& Tower with Radar,1,19,20,52,92,0,0,31,28,59,1,19,51,80,151,20,14,34,185
03/08/2022,ABI,TX,ASW,CE,Combined TRACON& Tower with Radar,1,20,26,62,109,0,4,41,15,60,1,24,67,77,169,0,0,0,169
03/09/2022,ABI,TX,ASW,CE,Combined TRACON& Tower with Radar,0,21,32,52,105,0,0,40,9,49,0,21,72,61,154,0,0,0,154
03/10/2022,ABI,TX,ASW,CE,Combined TRACON& Tower with Radar,1,26,29,24,80,0,1,32,6,39,1,27,61,30,119,2,20,22,141
03/11/2022,ABI,TX,ASW,CE,Combined TRACON& Tower with Radar,0,18,26,28,72,0,0,3,0,3,0,18,29,28,75,0,14,14,89
03/12/2022,ABI,TX,ASW,CE,Combined TRACON& Tower with Radar,1,17,15,0,33,0,5,35,1,41,1,22,50,1,74,24,0,24,98
03/13/2022,ABI,TX,ASW,CE,Combined TRACON& Tower with Radar,0,12,15,0,27,2,0,31,9,42,2,12,46,9,69,12,0,12,81
03/14/2022,ABI,TX,ASW,CE,Combined TRACON& Tower with Radar,7,12,15,19,53,3,2,17,12,34,10,14,32,31,87,0,0,0,87
03/15/2022,ABI,TX,ASW,CE,Combined TRACON& Tower with Radar,0,22,25,9,56,1,0,58,20,79,1,22,83,29,135,46,0,46,181
03/16/2022,ABI,TX,ASW,CE,Combined TRACON& Tower with Radar,0,24,20,29,73,5,1,41,18,65,5,25,61,47,138,0,10,10,148
03/17/2022,ABI,TX,ASW,CE,Combined TRACON& Tower with Radar,2,19,23,5,49,0,0,4,0,4,2,19,27,5,53,0,0,0,53
03/18/2022,ABI,TX,ASW,CE,Combined TRACON& Tower with Radar,2,19,22,43,86,0,0,45,47,92,2,19,67,90,178,14,50,64,242
03/19/2022,ABI,TX,ASW,CE,Combined TRACON& Tower with Radar,5,18,11,21,55,4,8,70,11,93,9,26,81,32,148,44,8,52,200
03/20/2022,ABI,TX,ASW,CE,Combined TRACON& Tower with Radar,2,9,10,16,37,10,0,28,28,66,12,9,38,44,103,2,0,2,105
03/21/2022,ABI,TX,ASW,CE,Combined TRACON& Tower with Radar,6,14,14,3,37,0,0,0,0,0,6,14,14,3,37,0,0,0,37
03/22/2022,ABI,TX,ASW,CE,Combined TRACON& Tower with Radar,0,19,16,42,77,0,6,6,6,18,0,25,22,48,95,0,0,0,95
03/23/2022,ABI,TX,ASW,CE,Combined TRACON& Tower with Radar,0,25,26,12,63,0,2,29,16,47,0,27,55,28,110,0,0,0,110
03/24/2022,ABI,TX,ASW,CE,Combined TRACON& Tower with Radar,0,21,46,104,171,2,0,31,23,56,2,21,77,127,227,4,4,8,235
03/25/2022,ABI,TX,ASW,CE,Combined TRACON& Tower with Radar,0,17,25,25,67,1,3,39,17,60,1,20,64,42,127,18,14,32,159
03/26/2022,ABI,TX,ASW,CE,Combined TRACON& Tower with Radar,0,17,19,3,39,2,4,35,25,66,2,21,54,28,105,18,0,18,123
03/27/2022,ABI,TX,ASW,CE,Combined TRACON& Tower with Radar,0,14,11,1,26,2,2,43,19,66,2,16,54,20,92,10,0,10,102
03/28/2022,ABI,TX,ASW,CE,Combined TRACON& Tower with Radar,1,18,17,23,59,2,0,31,33,66,3,18,48,56,125,2,24,26,151
03/29/2022,ABI,TX,ASW,CE,Combined TRACON& Tower with Radar,0,18,21,14,53,0,1,15,9,25,0,19,36,23,78,2,20,22,100
03/30/2022,ABI,TX,ASW,CE,Combined TRACON& Tower with Radar,3,25,15,4,47,0,0,19,21,40,3,25,34,25,87,0,0,0,87
03/31/2022,ABI,TX,ASW,CE,Combined TRACON& Tower with Radar,3,26,20,10,59,3,0,35,6,44,6,26,55,16,103,18,0,18,121
04/01/2022,ABI,TX,ASW,CE,Combined TRACON& Tower with Radar,7,20,29,19,75,0,0,36,24,60,7,20,65,43,135,4,10,14,149
04/02/2022,ABI,TX,ASW,CE,Combined TRACON& Tower with Radar,0,13,13,2,28,0,5,53,0,58,0,18,66,2,86,56,6,62,148
04/03/2022,ABI,TX,ASW,CE,Combined TRACON& Tower with Radar,0,9,12,7,28,0,0,23,15,38,0,9,35,22,66,40,4,44,110
04/04/2022,ABI,TX,ASW,CE,Combined TRACON& Tower with Radar,1,24,20,14,59,0,1,7,0,8,1,25,27,14,67,26,2,28,95
04/05/2022,ABI,TX,ASW,CE,Combined TRACON& Tower with Radar,0,17,20,14,51,0,1,10,2,13,0,18,30,16,64,0,0,0,64
04/06/2022,ABI,TX,ASW,CE,Combined TRACON& Tower with Radar,0,22,20,22,64,0,3,24,14,41,0,25,44,36,105,14,24,38,143
04/07/2022,ABI,TX,ASW,CE,Combined TRACON& Tower with Radar,0,22,18,42,82,2,0,30,9,41,2,22,48,51,123,26,8,34,157
04/08/2022,ABI,TX,ASW,CE,Combined TRACON& Tower with Radar,0,25,17,24,66,0,0,47,1,48,0,25,64,25,114,78,0,78,192
04/09/2022,ABI,TX,ASW,CE,Combined TRACON& Tower with Radar,0,18,12,7,37,0,1,44,5,50,0,19,56,12,87,0,0,0,87
04/10/2022,ABI,TX,ASW,CE,Combined TRACON& Tower with Radar,0,17,12,1,30,0,0,7,16,23,0,17,19,17,53,0,0,0,53
04/11/2022,ABI,TX,ASW,CE,Combined TRACON& Tower with Radar,1,17,14,55,87,0,1,27,7,35,1,18,41,62,122,10,22,32,154
04/12/2022,ABI,TX,ASW,CE,Combined TRACON& Tower with Radar,3,29,32,45,109,0,0,8,4,12,3,29,40,49,121,24,6,30,151
04/13/2022,ABI,TX,ASW,CE,Combined TRACON& Tower with Radar,3,24,21,46,94,0,2,20,14,36,3,26,41,60,130,20,20,40,170
04/14/2022,ABI,TX,ASW,CE,Combined TRACON& Tower with Radar,0,23,40,31,94,0,0,62,5,67,0,23,102,36,161,14,36,50,211
04/15/2022,ABI,TX,ASW,CE,Combined TRACON& Tower with Radar,0,19,17,40,76,0,2,23,4,29,0,21,40,44,105,14,8,22,127
04/16/2022,ABI,TX,ASW,CE,Combined TRACON& Tower with Radar,0,16,15,10,41,0,0,20,3,23,0,16,35,13,64,36,2,38,102
04/17/2022,ABI,TX,ASW,CE,Combined TRACON& Tower with Radar,4,15,9,0,28,0,2,20,28,50,4,17,29,28,78,10,0,10,88
04/18/2022,ABI,TX,ASW,CE,Combined TRACON& Tower with Radar,0,20,19,28,67,1,0,41,16,58,1,20,60,44,125,12,12,24,149
04/19/2022,ABI,TX,ASW,CE,Combined TRACON& Tower with Radar,0,23,15,16,54,0,0,15,4,19,0,23,30,20,73,36,60,96,169
04/20/2022,ABI,TX,ASW,CE,Combined TRACON& Tower with Radar,2,20,14,34,70,0,2,18,10,30,2,22,32,44,100,6,52,58,158
04/21/2022,ABI,TX,ASW,CE,Combined TRACON& Tower with Radar,2,22,36,38,98,0,1,18,3,22,2,23,54,41,120,0,28,28,148
04/22/2022,ABI,TX,ASW,CE,Combined TRACON& Tower with Radar,2,18,20,54,94,0,0,9,1,10,2,18,29,55,104,0,28,28,132
04/23/2022,ABI,TX,ASW,CE,Combined TRACON& Tower with Radar,5,18,13,6,42,0,0,4,7,11,5,18,17,13,53,0,10,10,63
04/24/2022,ABI,TX,ASW,CE,Combined TRACON& Tower with Radar,3,13,9,0,25,0,0,1,0,1,3,13,10,0,26,0,0,0,26
04/25/2022,ABI,TX,ASW,CE,Combined TRACON& Tower with Radar,1,21,15,12,49,0,2,23,0,25,1,23,38,12,74,0,0,0,74
04/26/2022,ABI,TX,ASW,CE,Combined TRACON& Tower with Radar,5,27,29,26,87,0,2,50,8,60,5,29,79,34,147,58,16,74,221
04/27/2022,ABI,TX,ASW,CE,Combined TRACON& Tower with Radar,0,23,35,19,77,0,1,19,0,20,0,24,54,19,97,0,0,0,97
04/28/2022,ABI,TX,ASW,CE,Combined TRACON& Tower with Radar,0,26,23,19,68,0,0,24,2,26,0,26,47,21,94,6,4,10,104
04/29/2022,ABI,TX,ASW,CE,Combined TRACON& Tower with Radar,0,21,22,16,59,0,0,19,3,22,0,21,41,19,81,0,0,0,81
04/30/2022,ABI,TX,ASW,CE,Combined TRACON& Tower with Radar,0,19,12,1,32,0,5,39,4,48,0,24,51,5,80,16,8,24,104
05/01/2022,ABI,TX,ASW,CE,Combined TRACON& Tower with Radar,0,12,9,0,21,0,0,13,0,13,0,12,22,0,34,6,0,6,40
05/02/2022,ABI,TX,ASW,CE,Combined TRACON& Tower with Radar,0,19,22,11,52,1,2,9,6,18,1,21,31,17,70,10,0,10,80
05/03/2022,ABI,TX,ASW,CE,Combined TRACON& Tower with Radar,4,20,36,18,78,0,6,20,3,29,4,26,56,21,107,60,20,80,187
05/04/2022,ABI,TX,ASW,CE,Combined TRACON& Tower with Radar,1,20,8,0,29,0,0,5,0,5,1,20,13,0,34,20,0,20,54
05/05/2022,ABI,TX,ASW,CE,Combined TRACON& Tower with Radar,1,32,43,43,119,0,4,35,9,48,1,36,78,52,167,4,28,32,199
05/06/2022,ABI,TX,ASW,CE,Combined TRACON& Tower with Radar,3,23,23,11,60,0,0,44,0,44,3,23,67,11,104,64,0,64,168
05/07/2022,ABI,TX,ASW,CE,Combined TRACON& Tower with Radar,1,16,18,0,35,0,3,20,0,23,1,19,38,0,58,46,0,46,104
05/08/2022,ABI,TX,ASW,CE,Combined TRACON& Tower with Radar,3,16,16,0,35,0,1,18,37,56,3,17,34,37,91,0,0,0,91
05/09/2022,ABI,TX,ASW,CE,Combined TRACON& Tower with Radar,0,17,12,41,70,1,0,25,8,34,1,17,37,49,104,2,28,30,134
05/10/2022,ABI,TX,ASW,CE,Combined TRACON& Tower with Radar,1,18,30,18,67,0,0,14,2,16,1,18,44,20,83,30,6,36,119
05/11/2022,ABI,TX,ASW,CE,Combined TRACON& Tower with Radar,1,27,31,26,85,0,0,40,4,44,1,27,71,30,129,28,20,48,177
05/12/2022,ABI,TX,ASW,CE,Combined TRACON& Tower with Radar,0,30,17,14,61,0,2,29,10,41,0,32,46,24,102,6,24,30,132
05/13/2022,ABI,TX,ASW,CE,Combined TRACON& Tower with Radar,0,22,20,3,45,0,1,19,7,27,0,23,39,10,72,14,2,16,88
05/14/2022,ABI,TX,ASW,CE,Combined TRACON& Tower with Radar,0,19,17,1,37,0,1,39,3,43,0,20,56,4,80,30,0,30,110
05/15/2022,ABI,TX,ASW,CE,Combined TRACON& Tower with Radar,2,13,13,20,48,0,1,30,3,34,2,14,43,23,82,30,0,30,112
05/16/2022,ABI,TX,ASW,CE,Combined TRACON& Tower with Radar,1,19,19,28,67,1,0,29,15,45,2,19,48,43,112,74,8,82,194
05/17/2022,ABI,TX,ASW,CE,Combined TRACON& Tower with Radar,0,20,29,19,68,1,2,25,25,53,1,22,54,44,121,24,18,42,163
05/18/2022,ABI,TX,ASW,CE,Combined TRACON& Tower with Radar,0,21,28,12,61,9,1,35,79,124,9,22,63,91,185,0,0,0,185
05/19/2022,ABI,TX,ASW,CE,Combined TRACON& Tower with Radar,0,30,23,6,59,1,5,30,61,97,1,35,53,67,156,18,0,18,174
05/20/2022,ABI,TX,ASW,CE,Combined TRACON& Tower with Radar,0,19,15,6,40,0,0,34,10,44,0,19,49,16,84,20,0,20,104
05/21/2022,ABI,TX,ASW,CE,Combined TRACON& Tower with Radar,0,18,21,9,48,0,1,21,2,24,0,19,42,11,72,0,0,0,72
05/22/2022,ABI,TX,ASW,CE,Combined TRACON& Tower with Radar,0,13,15,45,73,0,0,33,6,39,0,13,48,51,112,50,8,58,170
05/23/2022,ABI,TX,ASW,CE,Combined TRACON& Tower with Radar,0,17,10,4,31,0,0,1,0,1,0,17,11,4,32,18,4,22,54
05/24/2022,ABI,TX,ASW,CE,Combined TRACON& Tower with Radar,0,21,26,8,55,0,0,0,0,0,0,21,26,8,55,0,0,0,55
05/25/2022,ABI,TX,ASW,CE,Combined TRACON& Tower with Radar,0,28,25,34,87,0,2,23,24,49,0,30,48,58,136,10,26,36,172
05/26/2022,ABI,TX,ASW,CE,Combined TRACON& Tower with Radar,0,25,25,6,56,0,2,52,2,56,0,27,77,8,112,32,0,32,144
05/27/2022,ABI,TX,ASW,CE,Combined TRACON& Tower with Radar,0,29,17,0,46,0,2,48,0,50,0,31,65,0,96,34,0,34,130
05/28/2022,ABI,TX,ASW,CE,Combined TRACON& Tower with Radar,0,19,8,0,27,0,5,21,0,26,0,24,29,0,53,6,0,6,59
05/29/2022,ABI,TX,ASW,CE,Combined TRACON& Tower with Radar,1,11,11,0,23,0,0,8,0,8,1,11,19,0,31,0,0,0,31
05/30/2022,ABI,TX,ASW,CE,Combined TRACON& Tower with Radar,1,16,8,0,25,0,1,12,0,13,1,17,20,0,38,4,0,4,42
05/31/2022,ABI,TX,ASW,CE,Combined TRACON& Tower with Radar,0,18,25,16,59,0,0,20,1,21,0,18,45,17,80,8,26,34,114
06/01/2022,ABI,TX,ASW,CE,Combined TRACON& Tower with Radar,6,26,24,30,86,0,0,15,0,15,6,26,39,30,101,0,0,0,101
06/02/2022,ABI,TX,ASW,CE,Combined TRACON& Tower with Radar,5,24,18,14,61,0,0,9,0,9,5,24,27,14,70,14,10,24,94
06/03/2022,ABI,TX,ASW,CE,Combined TRACON& Tower with Radar,7,16,6,5,34,0,0,12,1,13,7,16,18,6,47,124,0,124,171
06/04/2022,ABI,TX,ASW,CE,Combined TRACON& Tower with Radar,0,15,8,12,35,0,1,21,1,23,0,16,29,13,58,56,8,64,122
06/05/2022,ABI,TX,ASW,CE,Combined TRACON& Tower with Radar,0,14,7,16,37,0,0,29,1,30,0,14,36,17,67,32,4,36,103
06/06/2022,ABI,TX,ASW,CE,Combined TRACON& Tower with Radar,0,17,31,15,63,2,3,29,2,36,2,20,60,17,99,24,32,56,155
06/07/2022,ABI,TX,ASW,CE,Combined TRACON& Tower with Radar,0,24,22,21,67,2,4,37,12,55,2,28,59,33,122,104,0,104,226
06/08/2022,ABI,TX,ASW,CE,Combined TRACON& Tower with Radar,0,20,32,11,63,0,2,23,3,28,0,22,55,14,91,14,0,14,105
06/09/2022,ABI,TX,ASW,CE,Combined TRACON& Tower with Radar,0,22,14,25,61,0,0,34,5,39,0,22,48,30,100,30,0,30,130
06/10/2022,ABI,TX,ASW,CE,Combined TRACON& Tower with Radar,2,24,30,30,86,0,1,49,1,51,2,25,79,31,137,38,24,62,199
06/11/2022,ABI,TX,ASW,CE,Combined TRACON& Tower with Radar,0,17,12,7,36,0,1,51,3,55,0,18,63,10,91,38,4,42,133
06/12/2022,ABI,TX,ASW,CE,Combined TRACON& Tower with Radar,1,14,18,9,42,0,0,15,4,19,1,14,33,13,61,44,0,44,105
06/13/2022,ABI,TX,ASW,CE,Combined TRACON& Tower with Radar,0,22,9,23,54,0,0,23,0,23,0,22,32,23,77,10,0,10,87
06/14/2022,ABI,TX,ASW,CE,Combined TRACON& Tower with Radar,0,24,15,13,52,0,0,18,4,22,0,24,33,17,74,22,0,22,96
06/15/2022,ABI,TX,ASW,CE,Combined TRACON& Tower with Radar,1,25,10,8,44,0,1,24,2,27,1,26,34,10,71,0,0,0,71
06/16/2022,ABI,TX,ASW,CE,Combined TRACON& Tower with Radar,0,21,24,13,58,0,3,41,0,44,0,24,65,13,102,42,28,70,172
06/17/2022,ABI,TX,ASW,CE,Combined TRACON& Tower with Radar,3,21,17,15,56,0,0,31,2,33,3,21,48,17,89,36,0,36,125
06/18/2022,ABI,TX,ASW,CE,Combined TRACON& Tower with Radar,0,15,8,1,24,0,1,31,0,32,0,16,39,1,56,20,0,20,76
06/19/2022,ABI,TX,ASW,CE,Combined TRACON& Tower with Radar,0,12,6,0,18,0,0,11,0,11,0,12,17,0,29,0,0,0,29
06/20/2022,ABI,TX,ASW,CE,Combined TRACON& Tower with Radar,0,19,12,0,31,0,0,43,0,43,0,19,55,0,74,52,0,52,126
06/21/2022,ABI,TX,ASW,CE,Combined TRACON& Tower with Radar,0,19,20,10,49,0,0,34,3,37,0,19,54,13,86,44,0,44,130
06/22/2022,ABI,TX,ASW,CE,Combined TRACON& Tower with Radar,0,21,29,28,78,0,1,37,8,46,0,22,66,36,124,96,40,136,260
06/23/2022,ABI,TX,ASW,CE,Combined TRACON& Tower with Radar,5,22,15,9,51,1,2,34,12,49,6,24,49,21,100,38,2,40,140
06/24/2022,ABI,TX,ASW,CE,Combined TRACON& Tower with Radar,1,26,20,28,75,0,0,44,52,96,1,26,64,80,171,22,50,72,243
06/25/2022,ABI,TX,ASW,CE,Combined TRACON& Tower with Radar,0,17,9,18,44,0,2,45,67,114,0,19,54,85,158,28,0,28,186
06/26/2022,ABI,TX,ASW,CE,Combined TRACON& Tower with Radar,0,16,11,0,27,0,1,20,46,67,0,17,31,46,94,6,0,6,100
06/27/2022,ABI,TX,ASW,CE,Combined TRACON& Tower with Radar,0,18,13,18,49,0,0,31,0,31,0,18,44,18,80,38,28,66,146
06/28/2022,ABI,TX,ASW,CE,Combined TRACON& Tower with Radar,0,21,12,15,48,0,1,8,1,10,0,22,20,16,58,22,50,72,130
06/29/2022,ABI,TX,ASW,CE,Combined TRACON& Tower with Radar,0,24,13,16,53,0,8,41,20,69,0,32,54,36,122,0,0,0,122
06/30/2022,ABI,TX,ASW,CE,Combined TRACON& Tower with Radar,0,24,27,7,58,0,1,50,12,63,0,25,77,19,121,72,36,108,229
07/01/2022,ABI,TX,ASW,CE,Combined TRACON& Tower with Radar,0,20,24,3,47,0,1,24,3,28,0,21,48,6,75,60,0,60,135
07/02/2022,ABI,TX,ASW,CE,Combined TRACON& Tower with Radar,0,17,5,0,22,0,3,26,1,30,0,20,31,1,52,22,0,22,74
07/03/2022,ABI,TX,ASW,CE,Combined TRACON& Tower with Radar,0,11,6,0,17,0,0,18,6,24,0,11,24,6,41,4,0,4,45
07/04/2022,ABI,TX,ASW,CE,Combined TRACON& Tower with Radar,0,12,11,0,23,10,2,37,6,55,10,14,48,6,78,60,0,60,138
07/05/2022,ABI,TX,ASW,CE,Combined TRACON& Tower with Radar,0,15,10,20,45,0,0,25,5,30,0,15,35,25,75,24,4,28,103
07/06/2022,ABI,TX,ASW,CE,Combined TRACON& Tower with Radar,0,23,18,19,60,4,7,34,19,64,4,30,52,38,124,14,0,14,138
07/07/2022,ABI,TX,ASW,CE,Combined TRACON& Tower with Radar,0,23,24,16,63,5,2,40,66,113,5,25,64,82,176,20,0,20,196
07/08/2022,ABI,TX,ASW,CE,Combined TRACON& Tower with Radar,0,24,12,18,54,0,1,24,21,46,0,25,36,39,100,50,6,56,156
07/09/2022,ABI,TX,ASW,CE,Combined TRACON& Tower with Radar,0,15,5,9,29,0,1,28,13,42,0,16,33,22,71,26,0,26,97
07/10/2022,ABI,TX,ASW,CE,Combined TRACON& Tower with Radar,0,15,13,7,35,0,0,30,17,47,0,15,43,24,82,12,0,12,94
07/11/2022,ABI,TX,ASW,CE,Combined TRACON& Tower with Radar,0,17,23,69,109,9,4,46,23,82,9,21,69,92,191,84,0,84,275
07/12/2022,ABI,TX,ASW,CE,Combined TRACON& Tower with Radar,0,21,25,14,60,4,3,27,34,68,4,24,52,48,128,0,0,0,128
07/13/2022,ABI,TX,ASW,CE,Combined TRACON& Tower with Radar,2,22,17,17,58,0,3,26,35,64,2,25,43,52,122,48,22,70,192
07/14/2022,ABI,TX,ASW,CE,Combined TRACON& Tower with Radar,0,28,33,7,68,0,0,33,30,63,0,28,66,37,131,30,0,30,161
07/15/2022,ABI,TX,ASW,CE,Combined TRACON& Tower with Radar,0,25,20,30,75,0,0,44,5,49,0,25,64,35,124,40,16,56,180
07/16/2022,ABI,TX,ASW,CE,Combined TRACON& Tower with Radar,6,19,12,15,52,0,1,29,1,31,6,20,41,16,83,16,0,16,99
07/17/2022,ABI,TX,ASW,CE,Combined TRACON& Tower with Radar,0,13,16,6,35,0,1,16,10,27,0,14,32,16,62,4,0,4,66
07/18/2022,ABI,TX,ASW,CE,Combined TRACON& Tower with Radar,0,19,29,49,97,4,12,32,60,108,4,31,61,109,205,54,44,98,303
07/19/2022,ABI,TX,ASW,CE,Combined TRACON& Tower with Radar,0,18,24,4,46,9,12,37,44,102,9,30,61,48,148,12,0,12,160
07/20/2022,ABI,TX,ASW,CE,Combined TRACON& Tower with Radar,4,19,16,5,44,3,2,35,61,101,7,21,51,66,145,22,0,22,167
07/21/2022,ABI,TX,ASW,CE,Combined TRACON& Tower with Radar,0,23,20,10,53,0,0,23,6,29,0,23,43,16,82,18,0,18,100
07/22/2022,ABI,TX,ASW,CE,Combined TRACON& Tower with Radar,1,20,18,41,80,0,0,30,8,38,1,20,48,49,118,40,20,60,178
07/23/2022,ABI,TX,ASW,CE,Combined TRACON& Tower with Radar,1,20,6,0,27,0,4,14,32,50,1,24,20,32,77,22,0,22,99
07/24/2022,ABI,TX,ASW,CE,Combined TRACON& Tower with Radar,0,21,12,14,47,0,1,29,18,48,0,22,41,32,95,22,6,28,123
07/25/2022,ABI,TX,ASW,CE,Combined TRACON& Tower with Radar,0,18,29,15,62,0,1,40,2,43,0,19,69,17,105,38,72,110,215
07/26/2022,ABI,TX,ASW,CE,Combined TRACON& Tower with Radar,4,23,14,31,72,1,0,21,6,28,5,23,35,37,100,34,40,74,174
07/27/2022,ABI,TX,ASW,CE,Combined TRACON& Tower with Radar,2,19,19,3,43,0,1,24,15,40,2,20,43,18,83,30,10,40,123
07/28/2022,ABI,TX,ASW,CE,Combined TRACON& Tower with Radar,2,26,17,24,69,0,2,35,25,62,2,28,52,49,131,56,8,64,195
07/29/2022,ABI,TX,ASW,CE,Combined TRACON& Tower with Radar,4,20,26,10,60,0,0,31,8,39,4,20,57,18,99,24,6,30,129
07/30/2022,ABI,TX,ASW,CE,Combined TRACON& Tower with Radar,0,19,16,16,51,0,0,28,8,36,0,19,44,24,87,8,8,16,103
07/31/2022,ABI,TX,ASW,CE,Combined TRACON& Tower with Radar,0,18,20,0,38,0,1,35,4,40,0,19,55,4,78,10,0,10,88
08/01/2022,ABI,TX,ASW,CE,Combined TRACON& Tower with Radar,0,18,10,27,55,0,1,20,1,22,0,19,30,28,77,10,0,10,87
08/02/2022,ABI,TX,ASW,CE,Combined TRACON& Tower with Radar,0,16,13,18,47,0,3,31,6,40,0,19,44,24,87,12,0,12,99
08/03/2022,ABI,TX,ASW,CE,Combined TRACON& Tower with Radar,0,17,18,45,80,3,0,38,15,56,3,17,56,60,136,0,0,0,136
08/04/2022,ABI,TX,ASW,CE,Combined TRACON& Tower with Radar,0,23,21,50,94,0,3,33,9,45,0,26,54,59,139,8,4,12,151
08/05/2022,ABI,TX,ASW,CE,Combined TRACON& Tower with Radar,0,23,10,78,111,0,0,43,4,47,0,23,53,82,158,40,0,40,198
08/06/2022,ABI,TX,ASW,CE,Combined TRACON& Tower with Radar,0,13,8,19,40,0,1,31,2,34,0,14,39,21,74,32,12,44,118
08/07/2022,ABI,TX,ASW,CE,Combined TRACON& Tower with Radar,1,12,10,22,45,0,0,17,3,20,1,12,27,25,65,10,8,18,83
08/08/2022,ABI,TX,ASW,CE,Combined TRACON& Tower with Radar,2,20,8,6,36,0,0,32,0,32,2,20,40,6,68,58,0,58,126
08/09/2022,ABI,TX,ASW,CE,Combined TRACON& Tower with Radar,0,17,17,10,44,0,1,26,5,32,0,18,43,15,76,42,0,42,118
08/10/2022,ABI,TX,ASW,CE,Combined TRACON& Tower with Radar,11,19,10,16,56,0,0,23,0,23,11,19,33,16,79,72,26,98,177
08/11/2022,ABI,TX,ASW,CE,Combined TRACON& Tower with Radar,1,23,22,66,112,0,0,33,5,38,1,23,55,71,150,8,2,10,160
08/12/2022,ABI,TX,ASW,CE,Combined TRACON& Tower with Radar,1,20,13,54,88,0,1,35,1,37,1,21,48,55,125,70,26,96,221
08/13/2022,ABI,TX,ASW,CE,Combined TRACON& Tower with Radar,0,17,13,2,32,0,2,35,0,37,0,19,48,2,69,36,0,36,105
08/14/2022,ABI,TX,ASW,CE,Combined TRACON& Tower with Radar,0,14,10,0,24,0,0,34,0,34,0,14,44,0,58,30,0,30,88
08/15/2022,ABI,TX,ASW,CE,Combined TRACON& Tower with Radar,3,15,3,25,46,0,1,26,5,32,3,16,29,30,78,46,0,46,124
08/16/2022,ABI,TX,ASW,CE,Combined TRACON& Tower with Radar,0,19,18,35,72,0,2,20,1,23,0,21,38,36,95,42,0,42,137
08/17/2022,ABI,TX,ASW,CE,Combined TRACON& Tower with Radar,5,23,18,34,80,0,2,21,4,27,5,25,39,38,107,22,0,22,129
08/18/2022,ABI,TX,ASW,CE,Combined TRACON& Tower with Radar,0,21,27,20,68,0,0,13,3,16,0,21,40,23,84,0,2,2,86
08/19/2022,ABI,TX,ASW,CE,Combined TRACON& Tower with Radar,0,25,21,62,108,0,1,25,2,28,0,26,46,64,136,34,26,60,196
08/20/2022,ABI,TX,ASW,CE,Combined TRACON& Tower with Radar,2,15,1,11,29,0,2,25,7,34,2,17,26,18,63,50,0,50,113
08/21/2022,ABI,TX,ASW,CE,Combined TRACON& Tower with Radar,8,21,9,0,38,0,1,8,0,9,8,22,17,0,47,0,0,0,47
08/22/2022,ABI,TX,ASW,CE,Combined TRACON& Tower with Radar,4,15,5,2,26,0,0,0,0,0,4,15,5,2,26,0,0,0,26
08/23/2022,ABI,TX,ASW,CE,Combined TRACON& Tower with Radar,0,23,19,30,72,0,6,16,0,22,0,29,35,30,94,30,14,44,138
08/24/2022,ABI,TX,ASW,CE,Combined TRACON& Tower with Radar,0,23,18,22,63,0,1,19,3,23,0,24,37,25,86,4,2,6,92
08/25/2022,ABI,TX,ASW,CE,Combined TRACON& Tower with Radar,6,19,15,17,57,0,3,27,2,32,6,22,42,19,89,72,60,132,221
08/26/2022,ABI,TX,ASW,CE,Combined TRACON& Tower with Radar,2,21,19,23,65,0,4,29,4,37,2,25,48,27,102,36,62,98,200
08/27/2022,ABI,TX,ASW,CE,Combined TRACON& Tower with Radar,6,17,16,13,52,0,1,24,9,34,6,18,40,22,86,44,8,52,138
08/28/2022,ABI,TX,ASW,CE,Combined TRACON& Tower with Radar,6,12,16,4,38,0,5,14,0,19,6,17,30,4,57,0,0,0,57
08/29/2022,ABI,TX,ASW,CE,Combined TRACON& Tower with Radar,2,16,24,0,42,0,0,13,2,15,2,16,37,2,57,8,4,12,69
08/30/2022,ABI,TX,ASW,CE,Combined TRACON& Tower with Radar,4,21,13,5,43,0,2,6,0,8,4,23,19,5,51,44,6,50,101
08/31/2022,ABI,TX,ASW,CE,Combined TRACON& Tower with Radar,0,21,19,0,40,0,0,7,0,7,0,21,26,0,47,0,0,0,47
09/01/2022,ABI,TX,ASW,CE,Combined TRACON& Tower with Radar,2,19,19,13,53,0,0,3,0,3,2,19,22,13,56,8,4,12,68
09/02/2022,ABI,TX,ASW,CE,Combined TRACON& Tower with Radar,0,21,23,0,44,0,0,18,0,18,0,21,41,0,62,0,0,0,62
09/03/2022,ABI,TX,ASW,CE,Combined TRACON& Tower with Radar,0,21,17,0,38,0,3,29,0,32,0,24,46,0,70,8,0,8,78
09/04/2022,ABI,TX,ASW,CE,Combined TRACON& Tower with Radar,4,10,5,0,19,0,0,24,0,24,4,10,29,0,43,16,0,16,59
09/05/2022,ABI,TX,ASW,CE,Combined TRACON& Tower with Radar,0,14,6,0,20,0,0,20,0,20,0,14,26,0,40,0,0,0,40
09/06/2022,ABI,TX,ASW,CE,Combined TRACON& Tower with Radar,0,15,11,7,33,0,5,31,2,38,0,20,42,9,71,0,0,0,71
09/07/2022,ABI,TX,ASW,CE,Combined TRACON& Tower with Radar,0,29,22,27,78,0,2,34,0,36,0,31,56,27,114,10,2,12,126
09/08/2022,ABI,TX,ASW,CE,Combined TRACON& Tower with Radar,0,23,19,49,91,0,0,28,17,45,0,23,47,66,136,60,34,94,230
09/09/2022,ABI,TX,ASW,CE,Combined TRACON& Tower with Radar,0,22,18,30,70,0,0,28,2,30,0,22,46,32,100,6,71,77,177
09/10/2022,ABI,TX,ASW,CE,Combined TRACON& Tower with Radar,0,15,9,6,30,0,4,24,4,32,0,19,33,10,62,38,0,38,100
09/11/2022,ABI,TX,ASW,CE,Combined TRACON& Tower with Radar,0,14,15,0,29,0,0,24,3,27,0,14,39,3,56,38,0,38,94
09/12/2022,ABI,TX,ASW,CE,Combined TRACON& Tower with Radar,4,15,8,18,45,0,1,30,2,33,4,16,38,20,78,24,26,50,128
09/13/2022,ABI,TX,ASW,CE,Combined TRACON& Tower with Radar,2,18,24,25,69,0,3,30,1,34,2,21,54,26,103,34,4,38,141
09/14/2022,ABI,TX,ASW,CE,Combined TRACON& Tower with Radar,0,20,25,10,55,0,0,51,0,51,0,20,76,10,106,0,0,0,106
09/15/2022,ABI,TX,ASW,CE,Combined TRACON& Tower with Radar,3,17,25,25,70,0,0,21,0,21,3,17,46,25,91,38,6,44,135
09/16/2022,ABI,TX,ASW,CE,Combined TRACON& Tower with Radar,5,28,18,34,85,0,1,30,1,32,5,29,48,35,117,46,58,104,221
09/17/2022,ABI,TX,ASW,CE,Combined TRACON& Tower with Radar,5,19,10,27,61,0,0,15,3,18,5,19,25,30,79,26,14,40,119
09/18/2022,ABI,TX,ASW,CE,Combined TRACON& Tower with Radar,0,11,7,2,20,0,0,26,0,26,0,11,33,2,46,0,0,0,46
09/19/2022,ABI,TX,ASW,CE,Combined TRACON& Tower with Radar,0,18,15,57,90,0,2,29,12,43,0,20,44,69,133,16,20,36,169
09/20/2022,ABI,TX,ASW,CE,Combined TRACON& Tower with Radar,0,21,18,24,63,0,4,29,4,37,0,25,47,28,100,0,0,0,100
09/21/2022,ABI,TX,ASW,CE,Combined TRACON& Tower with Radar,0,30,28,36,94,0,1,28,5,34,0,31,56,41,128,14,36,50,178
09/22/2022,ABI,TX,ASW,CE,Combined TRACON& Tower with Radar,0,33,36,58,127,0,4,23,2,29,0,37,59,60,156,14,54,68,224
09/23/2022,ABI,TX,ASW,CE,Combined TRACON& Tower with Radar,0,23,27,14,64,0,2,26,2,30,0,25,53,16,94,18,30,48,142
09/24/2022,ABI,TX,ASW,CE,Combined TRACON& Tower with Radar,0,21,18,0,39,0,1,25,0,26,0,22,43,0,65,22,0,22,87
09/25/2022,ABI,TX,ASW,CE,Combined TRACON& Tower with Radar,0,15,21,2,38,0,0,12,2,14,0,15,33,4,52,0,0,0,52
09/26/2022,ABI,TX,ASW,CE,Combined TRACON& Tower with Radar,0,15,19,6,40,0,0,27,6,33,0,15,46,12,73,10,0,10,83
09/27/2022,ABI,TX,ASW,CE,Combined TRACON& Tower with Radar,7,18,15,16,56,0,0,36,4,40,7,18,51,20,96,0,0,0,96
09/28/2022,ABI,TX,ASW,CE,Combined TRACON& Tower with Radar,0,21,27,9,57,0,0,41,0,41,0,21,68,9,98,30,0,30,128
09/29/2022,ABI,TX,ASW,CE,Combined TRACON& Tower with Radar,5,21,33,27,86,0,0,34,4,38,5,21,67,31,124,52,14,66,190
09/30/2022,ABI,TX,ASW,CE,Combined TRACON& Tower with Radar,2,21,29,17,69,0,0,32,5,37,2,21,61,22,106,20,22,42,148
10/01/2022,ABI,TX,ASW,CE,Combined TRACON& Tower with Radar,2,14,8,9,33,0,0,52,1,53,2,14,60,10,86,10,14,24,110
10/02/2022,ABI,TX,ASW,CE,Combined TRACON& Tower with Radar,2,12,14,0,28,0,0,29,1,30,2,12,43,1,58,16,0,16,74
10/03/2022,ABI,TX,ASW,CE,Combined TRACON& Tower with Radar,0,21,26,28,75,0,0,37,1,38,0,21,63,29,113,26,16,42,155
10/04/2022,ABI,TX,ASW,CE,Combined TRACON& Tower with Radar,6,20,13,12,51,0,3,30,5,38,6,23,43,17,89,18,30,48,137
10/05/2022,ABI,TX,ASW,CE,Combined TRACON& Tower with Radar,1,24,15,12,52,0,0,24,5,29,1,24,39,17,81,42,30,72,153
10/06/2022,ABI,TX,ASW,CE,Combined TRACON& Tower with Radar,1,21,34,19,75,0,1,32,0,33,1,22,66,19,108,30,26,56,164
10/07/2022,ABI,TX,ASW,CE,Combined TRACON& Tower with Radar,0,20,27,33,80,0,0,34,2,36,0,20,61,35,116,12,40,52,168
10/08/2022,ABI,TX,ASW,CE,Combined TRACON& Tower with Radar,0,21,17,0,38,0,0,20,2,22,0,21,37,2,60,48,0,48,108
10/09/2022,ABI,TX,ASW,CE,Combined TRACON& Tower with Radar,0,12,17,4,33,0,1,13,0,14,0,13,30,4,47,24,0,24,71
10/10/2022,ABI,TX,ASW,CE,Combined TRACON& Tower with Radar,0,29,19,0,48,0,0,8,0,8,0,29,27,0,56,24,0,24,80
10/11/2022,ABI,TX,ASW,CE,Combined TRACON& Tower with Radar,2,20,21,14,57,0,0,16,1,17,2,20,37,15,74,0,0,0,74
10/12/2022,ABI,TX,ASW,CE,Combined TRACON& Tower with Radar,0,24,35,33,92,0,0,27,2,29,0,24,62,35,121,0,16,16,137
10/13/2022,ABI,TX,ASW,CE,Combined TRACON& Tower with Radar,2,21,19,40,82,0,0,38,6,44,2,21,57,46,126,18,0,18,144
10/14/2022,ABI,TX,ASW,CE,Combined TRACON& Tower with Radar,3,22,32,0,57,0,2,27,0,29,3,24,59,0,86,18,0,18,104
10/15/2022,ABI,TX,ASW,CE,Combined TRACON& Tower with Radar,1,16,14,0,31,0,0,31,0,31,1,16,45,0,62,16,0,16,78
10/16/2022,ABI,TX,ASW,CE,Combined TRACON& Tower with Radar,0,14,15,0,29,0,0,1,0,1,0,14,16,0,30,0,0,0,30
10/17/2022,ABI,TX,ASW,CE,Combined TRACON& Tower with Radar,0,15,21,6,42,0,0,9,0,9,0,15,30,6,51,0,0,0,51
10/18/2022,ABI,TX,ASW,CE,Combined TRACON& Tower with Radar,0,17,19,54,90,0,1,48,7,56,0,18,67,61,146,0,0,0,146
10/19/2022,ABI,TX,ASW,CE,Combined TRACON& Tower with Radar,0,22,22,67,111,0,0,35,6,41,0,22,57,73,152,20,50,70,222
10/20/2022,ABI,TX,ASW,CE,Combined TRACON& Tower with Radar,0,22,28,43,93,0,0,22,11,33,0,22,50,54,126,40,34,74,200
10/21/2022,ABI,TX,ASW,CE,Combined TRACON& Tower with Radar,0,32,15,9,56,0,0,19,1,20,0,32,34,10,76,12,0,12,88
10/22/2022,ABI,TX,ASW,CE,Combined TRACON& Tower with Radar,0,17,12,7,36,0,0,15,3,18,0,17,27,10,54,0,2,2,56
10/23/2022,ABI,TX,ASW,CE,Combined TRACON& Tower with Radar,0,14,13,3,30,0,0,10,3,13,0,14,23,6,43,0,6,6,49
10/24/2022,ABI,TX,ASW,CE,Combined TRACON& Tower with Radar,5,16,9,17,47,0,0,4,1,5,5,16,13,18,52,0,0,0,52
10/25/2022,ABI,TX,ASW,CE,Combined TRACON& Tower with Radar,1,28,18,10,57,0,0,16,2,18,1,28,34,12,75,40,4,44,119
10/26/2022,ABI,TX,ASW,CE,Combined TRACON& Tower with Radar,2,27,18,28,75,0,2,27,9,38,2,29,45,37,113,50,20,70,183
10/27/2022,ABI,TX,ASW,CE,Combined TRACON& Tower with Radar,2,21,28,21,72,0,0,25,3,28,2,21,53,24,100,8,4,12,112
10/28/2022,ABI,TX,ASW,CE,Combined TRACON& Tower with Radar,3,18,9,10,40,0,0,0,0,0,3,18,9,10,40,0,12,12,52
10/29/2022,ABI,TX,ASW,CE,Combined TRACON& Tower with Radar,2,18,14,25,59,0,0,9,0,9,2,18,23,25,68,26,0,26,94
10/30/2022,ABI,TX,ASW,CE,Combined TRACON& Tower with Radar,0,17,11,11,39,0,4,32,3,39,0,21,43,14,78,42,48,90,168
10/31/2022,ABI,TX,ASW,CE,Combined TRACON& Tower with Radar,5,17,20,20,62,0,2,35,3,40,5,19,55,23,102,20,20,40,142
11/01/2022,ABI,TX,ASW,CE,Combined TRACON& Tower with Radar,0,18,37,24,79,0,0,31,10,41,0,18,68,34,120,46,24,70,190
11/02/2022,ABI,TX,ASW,CE,Combined TRACON& Tower with Radar,1,26,23,16,66,0,2,9,3,14,1,28,32,19,80,0,0,0,80
11/03/2022,ABI,TX,ASW,CE,Combined TRACON& Tower with Radar,1,22,30,0,53,0,0,5,2,7,1,22,35,2,60,0,0,0,60
11/04/2022,ABI,TX,ASW,CE,Combined TRACON& Tower with Radar,2,18,15,13,48,0,0,10,7,17,2,18,25,20,65,0,0,0,65
11/05/2022,ABI,TX,ASW,CE,Combined TRACON& Tower with Radar,0,17,19,7,43,0,0,40,0,40,0,17,59,7,83,14,0,14,97
11/06/2022,ABI,TX,ASW,CE,Combined TRACON& Tower with Radar,2,13,14,8,37,0,4,35,3,42,2,17,49,11,79,19,8,27,106
11/07/2022,ABI,TX,ASW,CE,Combined TRACON& Tower with Radar,0,17,32,39,88,0,0,11,4,15,0,17,43,43,103,0,0,0,103
11/08/2022,ABI,TX,ASW,CE,Combined TRACON& Tower with Radar,2,20,39,29,90,0,0,10,2,12,2,20,49,31,102,10,54,64,166
11/09/2022,ABI,TX,ASW,CE,Combined TRACON& Tower with Radar,5,18,29,59,111,0,0,13,0,13,5,18,42,59,124,44,16,60,184
11/10/2022,ABI,TX,ASW,CE,Combined TRACON& Tower with Radar,0,25,36,42,103,0,0,17,2,19,0,25,53,44,122,26,20,46,168
11/11/2022,ABI,TX,ASW,CE,Combined TRACON& Tower with Radar,6,20,19,0,45,0,0,2,0,2,6,20,21,0,47,0,0,0,47
11/12/2022,ABI,TX,ASW,CE,Combined TRACON& Tower with Radar,3,17,24,0,44,0,1,28,0,29,3,18,52,0,73,52,0,52,125
11/13/2022,ABI,TX,ASW,CE,Combined TRACON& Tower with Radar,0,14,15,2,31,0,0,20,0,20,0,14,35,2,51,18,6,24,75
11/14/2022,ABI,TX,ASW,CE,Combined TRACON& Tower with Radar,3,18,7,2,30,0,0,9,0,9,3,18,16,2,39,12,0,12,51
11/15/2022,ABI,TX,ASW,CE,Combined TRACON& Tower with Radar,0,23,16,24,63,0,0,22,6,28,0,23,38,30,91,16,2,18,109
11/16/2022,ABI,TX,ASW,CE,Combined TRACON& Tower with Radar,7,23,22,19,71,0,0,36,4,40,7,23,58,23,111,20,26,46,157
11/17/2022,ABI,TX,ASW,CE,Combined TRACON& Tower with Radar,0,23,20,7,50,0,2,32,4,38,0,25,52,11,88,18,0,18,106
11/18/2022,ABI,TX,ASW,CE,Combined TRACON& Tower with Radar,0,20,12,66,98,0,0,15,7,22,0,20,27,73,120,10,18,28,148
11/19/2022,ABI,TX,ASW,CE,Combined TRACON& Tower with Radar,0,17,6,0,23,0,0,15,0,15,0,17,21,0,38,22,0,22,60
11/20/2022,ABI,TX,ASW,CE,Combined TRACON& Tower with Radar,0,12,8,0,20,0,0,20,0,20,0,12,28,0,40,10,0,10,50
11/21/2022,ABI,TX,ASW,CE,Combined TRACON& Tower with Radar,0,17,11,55,83,0,0,10,6,16,0,17,21,61,99,8,78,86,185
11/22/2022,ABI,TX,ASW,CE,Combined TRACON& Tower with Radar,0,24,36,34,94,0,2,19,6,27,0,26,55,40,121,18,36,54,175
11/23/2022,ABI,TX,ASW,CE,Combined TRACON& Tower with Radar,0,19,15,25,59,0,0,5,0,5,0,19,20,25,64,0,0,0,64
11/24/2022,ABI,TX,ASW,CE,Combined TRACON& Tower with Radar,0,10,7,0,17,0,0,0,0,0,0,10,7,0,17,0,0,0,17
11/25/2022,ABI,TX,ASW,CE,Combined TRACON& Tower with Radar,0,20,7,0,27,0,0,0,0,0,0,20,7,0,27,0,0,0,27
11/26/2022,ABI,TX,ASW,CE,Combined TRACON& Tower with Radar,0,16,10,3,29,0,0,4,2,6,0,16,14,5,35,2,0,2,37
11/27/2022,ABI,TX,ASW,CE,Combined TRACON& Tower with Radar,0,16,20,0,36,0,2,26,0,28,0,18,46,0,64,8,0,8,72
11/28/2022,ABI,TX,ASW,CE,Combined TRACON& Tower with Radar,0,22,14,8,44,0,2,23,8,33,0,24,37,16,77,24,62,86,163
11/29/2022,ABI,TX,ASW,CE,Combined TRACON& Tower with Radar,1,22,10,48,81,0,0,17,8,25,1,22,27,56,106,0,0,0,106
11/30/2022,ABI,TX,ASW,CE,Combined TRACON& Tower with Radar,6,24,20,39,89,0,0,25,13,38,6,24,45,52,127,4,20,24,151
12/01/2022,ABI,TX,ASW,CE,Combined TRACON& Tower with Radar,8,16,22,14,60,0,0,13,0,13,8,16,35,14,73,10,36,46,119
12/02/2022,ABI,TX,ASW,CE,Combined TRACON& Tower with Radar,7,17,24,18,66,0,0,15,3,18,7,17,39,21,84,0,38,38,122
12/03/2022,ABI,TX,ASW,CE,Combined TRACON& Tower with Radar,6,11,6,3,26,0,1,17,1,19,6,12,23,4,45,18,0,18,63
12/04/2022,ABI,TX,ASW,CE,Combined TRACON& Tower with Radar,6,3,15,0,24,0,4,10,0,14,6,7,25,0,38,38,0,38,76
12/05/2022,ABI,TX,ASW,CE,Combined TRACON& Tower with Radar,6,6,33,4,49,0,0,24,0,24,6,6,57,4,73,20,10,30,103
12/06/2022,ABI,TX,ASW,CE,Combined TRACON& Tower with Radar,6,20,18,26,70,0,0,6,3,9,6,20,24,29,79,26,16,42,121
12/07/2022,ABI,TX,ASW,CE,Combined TRACON& Tower with Radar,7,16,23,10,56,0,0,7,0,7,7,16,30,10,63,0,0,0,63
12/08/2022,ABI,TX,ASW,CE,Combined TRACON& Tower with Radar,7,12,33,34,86,0,0,16,1,17,7,12,49,35,103,12,10,22,125
12/09/2022,ABI,TX,ASW,CE,Combined TRACON& Tower with Radar,14,6,12,0,32,0,0,0,0,0,14,6,12,0,32,0,0,0,32
12/10/2022,ABI,TX,ASW,CE,Combined TRACON& Tower with Radar,9,4,10,0,23,0,0,0,0,0,9,4,10,0,23,0,0,0,23
12/11/2022,ABI,TX,ASW,CE,Combined TRACON& Tower with Radar,6,1,9,0,16,0,0,0,0,0,6,1,9,0,16,0,0,0,16
12/12/2022,ABI,TX,ASW,CE,Combined TRACON& Tower with Radar,6,8,14,2,30,0,0,2,1,3,6,8,16,3,33,0,0,0,33
12/13/2022,ABI,TX,ASW,CE,Combined TRACON& Tower with Radar,10,18,25,26,79,0,0,20,2,22,10,18,45,28,101,2,26,28,129
12/14/2022,ABI,TX,ASW,CE,Combined TRACON& Tower with Radar,11,18,23,42,94,0,3,28,0,31,11,21,51,42,125,0,0,0,125
12/15/2022,ABI,TX,ASW,CE,Combined TRACON& Tower with Radar,6,14,22,52,94,0,1,50,3,54,6,15,72,55,148,26,8,34,182
12/16/2022,ABI,TX,ASW,CE,Combined TRACON& Tower with Radar,6,13,27,36,82,0,0,28,9,37,6,13,55,45,119,34,76,110,229
12/17/2022,ABI,TX,ASW,CE,Combined TRACON& Tower with Radar,6,7,15,4,32,0,0,38,0,38,6,7,53,4,70,14,0,14,84
12/18/2022,ABI,TX,ASW,CE,Combined TRACON& Tower with Radar,6,0,8,0,14,0,0,15,0,15,6,0,23,0,29,12,0,12,41
12/19/2022,ABI,TX,ASW,CE,Combined TRACON& Tower with Radar,7,6,23,31,67,0,0,16,0,16,7,6,39,31,83,12,18,30,113
12/20/2022,ABI,TX,ASW,CE,Combined TRACON& Tower with Radar,8,17,20,4,49,0,0,0,0,0,8,17,20,4,49,0,0,0,49
12/21/2022,ABI,TX,ASW,CE,Combined TRACON& Tower with Radar,6,16,22,14,58,0,0,4,0,4,6,16,26,14,62,0,0,0,62
12/22/2022,ABI,TX,ASW,CE,Combined TRACON& Tower with Radar,6,14,4,2,26,0,0,0,0,0,6,14,4,2,26,0,0,0,26
12/23/2022,ABI,TX,ASW,CE,Combined TRACON& Tower with Radar,7,10,11,0,28,0,1,17,0,18,7,11,28,0,46,10,0,10,56
12/24/2022,ABI,TX,ASW,CE,Combined TRACON& Tower with Radar,7,2,1,0,10,0,0,16,0,16,7,2,17,0,26,0,0,0,26
12/25/2022,ABI,TX,ASW,CE,Combined TRACON& Tower with Radar,6,4,0,0,10,0,0,7,0,7,6,4,7,0,17,0,0,0,17
12/26/2022,ABI,TX,ASW,CE,Combined TRACON& Tower with Radar,5,2,15,0,22,0,0,13,0,13,5,2,28,0,35,0,0,0,35
12/27/2022,ABI,TX,ASW,CE,Combined TRACON& Tower with Radar,11,7,9,4,31,0,0,16,0,16,11,7,25,4,47,0,0,0,47
12/28/2022,ABI,TX,ASW,CE,Combined TRACON& Tower with Radar,6,10,11,7,34,0,0,10,0,10,6,10,21,7,44,0,0,0,44
12/29/2022,ABI,TX,ASW,CE,Combined TRACON& Tower with Radar,7,20,16,4,47,0,3,15,0,18,7,23,31,4,65,12,6,18,83
12/30/2022,ABI,TX,ASW,CE,Combined TRACON& Tower with Radar,6,11,10,0,27,0,1,15,0,16,6,12,25,0,43,22,0,22,65
12/31/2022,ABI,TX,ASW,CE,Combined TRACON& Tower with Radar,11,6,7,0,24,0,0,11,0,11,11,6,18,0,35,8,0,8,43
01/01/2023,ABI,TX,ASW,CE,Combined TRACON& Tower with Radar,5,3,20,0,28,0,0,19,0,19,5,3,39,0,47,10,0,10,57
01/02/2023,ABI,TX,ASW,CE,Combined TRACON& Tower with Radar,9,7,12,0,28,0,0,7,0,7,9,7,19,0,35,12,0,12,47
01/03/2023,ABI,TX,ASW,CE,Combined TRACON& Tower with Radar,6,10,11,0,27,0,0,7,0,7,6,10,18,0,34,20,0,20,54
01/04/2023,ABI,TX,ASW,CE,Combined TRACON& Tower with Radar,6,10,13,3,32,0,0,24,0,24,6,10,37,3,56,0,0,0,56
01/05/2023,ABI,TX,ASW,CE,Combined TRACON& Tower with Radar,8,12,29,30,79,0,0,32,14,46,8,12,61,44,125,32,10,42,167
01/06/2023,ABI,TX,ASW,CE,Combined TRACON& Tower with Radar,8,11,21,18,58,0,0,16,1,17,8,11,37,19,75,0,20,20,95
01/07/2023,ABI,TX,ASW,CE,Combined TRACON& Tower with Radar,7,13,9,18,47,0,0,36,3,39,7,13,45,21,86,28,24,52,138
01/08/2023,ABI,TX,ASW,CE,Combined TRACON& Tower with Radar,6,8,11,8,33,0,0,45,5,50,6,8,56,13,83,0,8,8,91
01/09/2023,ABI,TX,ASW,CE,Combined TRACON& Tower with Radar,6,5,14,20,45,0,0,27,7,34,6,5,41,27,79,0,0,0,79
01/10/2023,ABI,TX,ASW,CE,Combined TRACON& Tower with Radar,6,10,17,41,74,0,0,30,2,32,6,10,47,43,106,16,32,48,154
01/11/2023,ABI,TX,ASW,CE,Combined TRACON& Tower with Radar,8,8,24,8,48,0,0,10,2,12,8,8,34,10,60,0,0,0,60
01/12/2023,ABI,TX,ASW,CE,Combined TRACON& Tower with Radar,8,9,27,43,87,0,1,32,3,36,8,10,59,46,123,4,32,36,159
01/13/2023,ABI,TX,ASW,CE,Combined TRACON& Tower with Radar,8,9,27,27,71,0,0,33,4,37,8,9,60,31,108,22,36,58,166
01/14/2023,ABI,TX,ASW,CE,Combined TRACON& Tower with Radar,6,4,14,0,24,0,1,15,0,16,6,5,29,0,40,0,0,0,40
01/15/2023,ABI,TX,ASW,CE,Combined TRACON& Tower with Radar,7,0,8,0,15,0,0,7,0,7,7,0,15,0,22,0,0,0,22
01/16/2023,ABI,TX,ASW,CE,Combined TRACON& Tower with Radar,10,3,14,0,27,0,0,17,0,17,10,3,31,0,44,4,0,4,48
01/17/2023,ABI,TX,ASW,CE,Combined TRACON& Tower with Radar,7,10,25,36,78,0,0,33,1,34,7,10,58,37,112,0,0,0,112
01/18/2023,ABI,TX,ASW,CE,Combined TRACON& Tower with Radar,8,11,17,6,42,0,0,9,2,11,8,11,26,8,53,0,0,0,53
01/19/2023,ABI,TX,ASW,CE,Combined TRACON& Tower with Radar,10,15,36,43,104,0,1,32,6,39,10,16,68,49,143,12,32,44,187
01/20/2023,ABI,TX,ASW,CE,Combined TRACON& Tower with Radar,10,9,26,65,110,0,0,30,5,35,10,9,56,70,145,2,66,68,213
01/21/2023,ABI,TX,ASW,CE,Combined TRACON& Tower with Radar,8,7,20,0,35,0,0,23,2,25,8,7,43,2,60,0,0,0,60
01/22/2023,ABI,TX,ASW,CE,Combined TRACON& Tower with Radar,8,6,29,8,51,0,0,50,0,50,8,6,79,8,101,0,0,0,101
01/23/2023,ABI,TX,ASW,CE,Combined TRACON& Tower with Radar,8,3,17,34,62,0,0,18,4,22,8,3,35,38,84,4,20,24,108
01/24/2023,ABI,TX,ASW,CE,Combined TRACON& Tower with Radar,6,1,7,0,14,0,0,0,0,0,6,1,7,0,14,0,0,0,14
01/25/2023,ABI,TX,ASW,CE,Combined TRACON& Tower with Radar,11,8,41,59,119,0,0,21,14,35,11,8,62,73,154,0,0,0,154
01/26/2023,ABI,TX,ASW,CE,Combined TRACON& Tower with Radar,15,11,50,26,102,0,2,36,0,38,15,13,86,26,140,0,0,0,140
01/27/2023,ABI,TX,ASW,CE,Combined TRACON& Tower with Radar,8,7,21,61,97,0,0,30,2,32,8,7,51,63,129,0,50,50,179
01/28/2023,ABI,TX,ASW,CE,Combined TRACON& Tower with Radar,8,4,17,19,48,0,0,16,9,25,8,4,33,28,73,0,0,0,73
01/29/2023,ABI,TX,ASW,CE,Combined TRACON& Tower with Radar,8,4,13,5,30,0,0,0,0,0,8,4,13,5,30,0,0,0,30
01/30/2023,ABI,TX,ASW,CE,Combined TRACON& Tower with Radar,5,2,2,0,9,0,0,2,0,2,5,2,4,0,11,0,0,0,11
01/31/2023,ABI,TX,ASW,CE,Combined TRACON& Tower with Radar,1,1,0,0,2,0,0,0,0,0,1,1,0,0,2,0,0,0,2
02/01/2023,ABI,TX,ASW,CE,Combined TRACON& Tower with Radar,0,0,0,0,0,0,0,0,0,0,0,0,0,0,0,0,0,0,0
02/02/2023,ABI,TX,ASW,CE,Combined TRACON& Tower with Radar,5,4,6,0,15,0,0,0,0,0,5,4,6,0,15,0,0,0,15
02/03/2023,ABI,TX,ASW,CE,Combined TRACON& Tower with Radar,6,24,17,61,108,0,3,28,23,54,6,27,45,84,162,16,82,98,260
02/04/2023,ABI,TX,ASW,CE,Combined TRACON& Tower with Radar,6,9,4,2,21,0,0,14,0,14,6,9,18,2,35,4,0,4,39
02/05/2023,ABI,TX,ASW,CE,Combined TRACON& Tower with Radar,6,0,13,15,34,0,0,38,5,43,6,0,51,20,77,26,8,34,111
02/06/2023,ABI,TX,ASW,CE,Combined TRACON& Tower with Radar,8,9,17,41,75,0,0,15,4,19,8,9,32,45,94,10,12,22,116
02/07/2023,ABI,TX,ASW,CE,Combined TRACON& Tower with Radar,6,15,17,12,50,0,0,0,0,0,6,15,17,12,50,0,0,0,50
02/08/2023,ABI,TX,ASW,CE,Combined TRACON& Tower with Radar,8,15,23,22,68,0,0,7,5,12,8,15,30,27,80,26,14,40,120
02/09/2023,ABI,TX,ASW,CE,Combined TRACON& Tower with Radar,6,15,38,37,96,0,0,45,6,51,6,15,83,43,147,62,74,136,283
02/10/2023,ABI,TX,ASW,CE,Combined TRACON& Tower with Radar,8,13,32,24,77,0,0,26,3,29,8,13,58,27,106,4,18,22,128
02/11/2023,ABI,TX,ASW,CE,Combined TRACON& Tower with Radar,4,5,10,23,42,0,1,44,3,48,4,6,54,26,90,0,0,0,90
02/12/2023,ABI,TX,ASW,CE,Combined TRACON& Tower with Radar,6,1,14,0,21,0,0,11,0,11,6,1,25,0,32,0,0,0,32
02/13/2023,ABI,TX,ASW,CE,Combined TRACON& Tower with Radar,8,3,25,14,50,0,0,20,14,34,8,3,45,28,84,24,50,74,158
02/14/2023,ABI,TX,ASW,CE,Combined TRACON& Tower with Radar,8,7,14,0,29,0,1,2,0,3,8,8,16,0,32,0,0,0,32
02/15/2023,ABI,TX,ASW,CE,Combined TRACON& Tower with Radar,5,9,19,33,66,0,1,14,2,17,5,10,33,35,83,0,12,12,95
02/16/2023,ABI,TX,ASW,CE,Combined TRACON& Tower with Radar,6,13,35,30,84,0,1,28,8,37,6,14,63,38,121,0,0,0,121
02/17/2023,ABI,TX,ASW,CE,Combined TRACON& Tower with Radar,8,12,44,11,75,0,2,54,9,65,8,14,98,20,140,38,22,60,200
02/18/2023,ABI,TX,ASW,CE,Combined TRACON& Tower with Radar,4,6,10,0,20,0,3,33,0,36,4,9,43,0,56,0,0,0,56
02/19/2023,ABI,TX,ASW,CE,Combined TRACON& Tower with Radar,6,2,14,0,22,0,2,22,0,24,6,4,36,0,46,0,0,0,46
02/20/2023,ABI,TX,ASW,CE,Combined TRACON& Tower with Radar,8,3,10,0,21,0,0,10,0,10,8,3,20,0,31,6,0,6,37
02/21/2023,ABI,TX,ASW,CE,Combined TRACON& Tower with Radar,6,10,18,46,80,0,1,10,3,14,6,11,28,49,94,14,4,18,112
02/22/2023,ABI,TX,ASW,CE,Combined TRACON& Tower with Radar,6,4,8,8,26,0,0,9,4,13,6,4,17,12,39,6,34,40,79
02/23/2023,ABI,TX,ASW,CE,Combined TRACON& Tower with Radar,9,10,22,18,59,0,2,43,9,54,9,12,65,27,113,26,40,66,179
02/24/2023,ABI,TX,ASW,CE,Combined TRACON& Tower with Radar,7,11,25,25,68,0,0,5,2,7,7,11,30,27,75,62,0,62,137
02/25/2023,ABI,TX,ASW,CE,Combined TRACON& Tower with Radar,5,4,6,0,15,0,0,1,0,1,5,4,7,0,16,0,0,0,16
02/26/2023,ABI,TX,ASW,CE,Combined TRACON& Tower with Radar,6,0,6,0,12,0,0,4,0,4,6,0,10,0,16,0,0,0,16
02/27/2023,ABI,TX,ASW,CE,Combined TRACON& Tower with Radar,7,6,12,19,44,0,0,24,3,27,7,6,36,22,71,8,20,28,99
02/28/2023,ABI,TX,ASW,CE,Combined TRACON& Tower with Radar,7,13,21,52,93,0,0,30,14,44,7,13,51,66,137,0,0,0,137
03/01/2023,ABI,TX,ASW,CE,Combined TRACON& Tower with Radar,7,14,22,16,59,0,3,20,2,25,7,17,42,18,84,10,30,40,124
03/02/2023,ABI,TX,ASW,CE,Combined TRACON& Tower with Radar,8,9,18,10,45,0,0,5,1,6,8,9,23,11,51,36,0,36,87
03/03/2023,ABI,TX,ASW,CE,Combined TRACON& Tower with Radar,12,12,25,10,59,0,1,42,1,44,12,13,67,11,103,58,6,64,167
03/04/2023,ABI,TX,ASW,CE,Combined TRACON& Tower with Radar,4,5,13,2,24,0,1,39,0,40,4,6,52,2,64,0,0,0,64
03/05/2023,ABI,TX,ASW,CE,Combined TRACON& Tower with Radar,6,0,9,3,18,0,0,12,7,19,6,0,21,10,37,0,0,0,37
03/06/2023,ABI,TX,ASW,CE,Combined TRACON& Tower with Radar,6,3,24,16,49,0,1,26,4,31,6,4,50,20,80,32,0,32,112
03/07/2023,ABI,TX,ASW,CE,Combined TRACON& Tower with Radar,6,18,28,21,73,0,0,0,0,0,6,18,28,21,73,64,6,70,143
03/08/2023,ABI,TX,ASW,CE,Combined TRACON& Tower with Radar,4,9,21,0,34,0,0,0,0,0,4,9,21,0,34,0,0,0,34
03/09/2023,ABI,TX,ASW,CE,Combined TRACON& Tower with Radar,9,14,17,2,42,0,0,0,0,0,9,14,17,2,42,0,0,0,42
03/10/2023,ABI,TX,ASW,CE,Combined TRACON& Tower with Radar,8,14,30,4,56,0,0,14,0,14,8,14,44,4,70,62,24,86,156
03/11/2023,ABI,TX,ASW,CE,Combined TRACON& Tower with Radar,6,6,11,0,23,0,1,11,0,12,6,7,22,0,35,0,0,0,35
03/12/2023,ABI,TX,ASW,CE,Combined TRACON& Tower with Radar,6,4,13,0,23,0,1,18,4,23,6,5,31,4,46,0,0,0,46
03/13/2023,ABI,TX,ASW,CE,Combined TRACON& Tower with Radar,7,7,19,13,46,0,1,33,3,37,7,8,52,16,83,48,6,54,137
03/14/2023,ABI,TX,ASW,CE,Combined TRACON& Tower with Radar,7,9,19,39,74,0,1,22,7,30,7,10,41,46,104,0,0,0,104
03/15/2023,ABI,TX,ASW,CE,Combined TRACON& Tower with Radar,6,9,10,6,31,0,1,12,1,14,6,10,22,7,45,12,8,20,65
03/16/2023,ABI,TX,ASW,CE,Combined TRACON& Tower with Radar,8,13,22,9,52,0,1,3,2,6,8,14,25,11,58,0,0,0,58
03/17/2023,ABI,TX,ASW,CE,Combined TRACON& Tower with Radar,6,13,16,35,70,0,1,19,8,28,6,14,35,43,98,0,0,0,98
03/18/2023,ABI,TX,ASW,CE,Combined TRACON& Tower with Radar,5,5,13,4,27,0,1,38,0,39,5,6,51,4,66,0,0,0,66
03/19/2023,ABI,TX,ASW,CE,Combined TRACON& Tower with Radar,7,4,17,11,39,0,2,21,2,25,7,6,38,13,64,0,0,0,64
03/20/2023,ABI,TX,ASW,CE,Combined TRACON& Tower with Radar,7,8,11,15,41,0,0,1,1,2,7,8,12,16,43,34,4,38,81
03/21/2023,ABI,TX,ASW,CE,Combined TRACON& Tower with Radar,6,8,16,6,36,0,0,3,6,9,6,8,19,12,45,0,0,0,45
03/22/2023,ABI,TX,ASW,CE,Combined TRACON& Tower with Radar,5,10,15,25,55,0,0,19,8,27,5,10,34,33,82,14,46,60,142
03/23/2023,ABI,TX,ASW,CE,Combined TRACON& Tower with Radar,6,19,25,3,53,0,0,4,0,4,6,19,29,3,57,0,0,0,57
03/24/2023,ABI,TX,ASW,CE,Combined TRACON& Tower with Radar,7,10,16,4,37,0,0,9,0,9,7,10,25,4,46,10,0,10,56
03/25/2023,ABI,TX,ASW,CE,Combined TRACON& Tower with Radar,4,8,11,2,25,0,1,19,4,24,4,9,30,6,49,6,12,18,67
03/26/2023,ABI,TX,ASW,CE,Combined TRACON& Tower with Radar,6,0,13,2,21,0,0,29,0,29,6,0,42,2,50,0,0,0,50
03/27/2023,ABI,TX,ASW,CE,Combined TRACON& Tower with Radar,6,7,19,24,56,0,0,25,1,26,6,7,44,25,82,66,30,96,178
03/28/2023,ABI,TX,ASW,CE,Combined TRACON& Tower with Radar,7,12,29,27,75,0,0,29,2,31,7,12,58,29,106,26,92,118,224
03/29/2023,ABI,TX,ASW,CE,Combined TRACON& Tower with Radar,4,10,34,20,68,0,2,42,5,49,4,12,76,25,117,80,78,158,275
03/30/2023,ABI,TX,ASW,CE,Combined TRACON& Tower with Radar,6,15,28,59,108,0,0,4,1,5,6,15,32,60,113,0,16,16,129
03/31/2023,ABI,TX,ASW,CE,Combined TRACON& Tower with Radar,7,11,8,2,28,0,0,8,0,8,7,11,16,2,36,0,0,0,36
04/01/2023,ABI,TX,ASW,CE,Combined TRACON& Tower with Radar,5,12,12,0,29,0,1,41,1,43,5,13,53,1,72,38,0,38,110
04/02/2023,ABI,TX,ASW,CE,Combined TRACON& Tower with Radar,8,0,8,17,33,0,0,13,4,17,8,0,21,21,50,6,0,6,56
04/03/2023,ABI,TX,ASW,CE,Combined TRACON& Tower with Radar,11,5,13,36,65,0,2,35,11,48,11,7,48,47,113,110,30,140,253
04/04/2023,ABI,TX,ASW,CE,Combined TRACON& Tower with Radar,7,9,19,32,67,0,2,17,26,45,7,11,36,58,112,72,32,104,216
04/05/2023,ABI,TX,ASW,CE,Combined TRACON& Tower with Radar,6,11,54,48,119,0,3,47,20,70,6,14,101,68,189,134,108,242,431
04/06/2023,ABI,TX,ASW,CE,Combined TRACON& Tower with Radar,6,16,23,28,73,0,0,26,1,27,6,16,49,29,100,10,0,10,110
04/07/2023,ABI,TX,ASW,CE,Combined TRACON& Tower with Radar,6,16,24,37,83,0,0,10,1,11,6,16,34,38,94,0,10,10,104
04/08/2023,ABI,TX,ASW,CE,Combined TRACON& Tower with Radar,6,4,14,0,24,0,0,27,0,27,6,4,41,0,51,12,0,12,63
04/09/2023,ABI,TX,ASW,CE,Combined TRACON& Tower with Radar,5,2,4,0,11,0,0,18,0,18,5,2,22,0,29,24,0,24,53
04/10/2023,ABI,TX,ASW,CE,Combined TRACON& Tower with Radar,6,6,11,38,61,0,0,26,3,29,6,6,37,41,90,76,32,108,198
04/11/2023,ABI,TX,ASW,CE,Combined TRACON& Tower with Radar,8,7,22,26,63,0,3,24,5,32,8,10,46,31,95,58,0,58,153
04/12/2023,ABI,TX,ASW,CE,Combined TRACON& Tower with Radar,6,17,34,30,87,0,2,29,10,41,6,19,63,40,128,42,52,94,222
04/13/2023,ABI,TX,ASW,CE,Combined TRACON& Tower with Radar,6,17,31,19,73,0,2,43,2,47,6,19,74,21,120,42,14,56,176
04/14/2023,ABI,TX,ASW,CE,Combined TRACON& Tower with Radar,7,8,21,8,44,0,0,14,0,14,7,8,35,8,58,24,0,24,82
04/15/2023,ABI,TX,ASW,CE,Combined TRACON& Tower with Radar,7,6,12,0,25,0,0,30,1,31,7,6,42,1,56,4,0,4,60
04/16/2023,ABI,TX,ASW,CE,Combined TRACON& Tower with Radar,6,0,15,6,27,0,0,49,4,53,6,0,64,10,80,8,8,16,96
04/17/2023,ABI,TX,ASW,CE,Combined TRACON& Tower with Radar,8,5,23,21,57,0,0,31,2,33,8,5,54,23,90,50,92,142,232
04/18/2023,ABI,TX,ASW,CE,Combined TRACON& Tower with Radar,7,11,25,36,79,0,2,16,3,21,7,13,41,39,100,34,50,84,184
04/19/2023,ABI,TX,ASW,CE,Combined TRACON& Tower with Radar,6,10,12,29,57,0,0,13,6,19,6,10,25,35,76,4,26,30,106
04/20/2023,ABI,TX,ASW,CE,Combined TRACON& Tower with Radar,26,10,23,21,80,0,1,12,6,19,26,11,35,27,99,14,0,14,113
04/21/2023,ABI,TX,ASW,CE,Combined TRACON& Tower with Radar,14,16,25,33,88,0,3,30,5,38,14,19,55,38,126,42,66,108,234
04/22/2023,ABI,TX,ASW,CE,Combined TRACON& Tower with Radar,6,9,9,4,28,0,3,18,0,21,6,12,27,4,49,10,0,10,59
04/23/2023,ABI,TX,ASW,CE,Combined TRACON& Tower with Radar,6,4,14,2,26,0,0,1,0,1,6,4,15,2,27,0,0,0,27
04/24/2023,ABI,TX,ASW,CE,Combined TRACON& Tower with Radar,6,8,28,8,50,0,1,21,6,28,6,9,49,14,78,58,36,94,172
04/25/2023,ABI,TX,ASW,CE,Combined TRACON& Tower with Radar,7,8,26,22,63,0,1,6,2,9,7,9,32,24,72,34,24,58,130
04/26/2023,ABI,TX,ASW,CE,Combined TRACON& Tower with Radar,4,6,21,15,46,0,0,7,1,8,4,6,28,16,54,52,34,86,140
04/27/2023,ABI,TX,ASW,CE,Combined TRACON& Tower with Radar,6,15,48,51,120,0,3,26,15,44,6,18,74,66,164,4,20,24,188
04/28/2023,ABI,TX,ASW,CE,Combined TRACON& Tower with Radar,8,13,14,8,43,0,0,10,3,13,8,13,24,11,56,22,14,36,92
04/29/2023,ABI,TX,ASW,CE,Combined TRACON& Tower with Radar,8,5,17,6,36,0,2,41,0,43,8,7,58,6,79,24,0,24,103
04/30/2023,ABI,TX,ASW,CE,Combined TRACON& Tower with Radar,6,1,18,0,25,0,1,42,0,43,6,2,60,0,68,8,0,8,76
05/01/2023,ABI,TX,ASW,CE,Combined TRACON& Tower with Radar,6,3,16,22,47,0,0,38,16,54,6,3,54,38,101,68,34,102,203
05/02/2023,ABI,TX,ASW,CE,Combined TRACON& Tower with Radar,8,8,20,24,60,0,0,23,4,27,8,8,43,28,87,116,22,138,225
05/03/2023,ABI,TX,ASW,CE,Combined TRACON& Tower with Radar,8,13,14,19,54,0,2,22,3,27,8,15,36,22,81,50,24,74,155
05/04/2023,ABI,TX,ASW,CE,Combined TRACON& Tower with Radar,7,10,27,10,54,0,0,12,8,20,7,10,39,18,74,14,28,42,116
05/05/2023,ABI,TX,ASW,CE,Combined TRACON& Tower with Radar,7,16,22,35,80,0,0,31,5,36,7,16,53,40,116,38,34,72,188
05/06/2023,ABI,TX,ASW,CE,Combined TRACON& Tower with Radar,9,12,9,0,30,0,2,36,0,38,9,14,45,0,68,0,0,0,68
05/07/2023,ABI,TX,ASW,CE,Combined TRACON& Tower with Radar,7,2,18,2,29,0,0,10,0,10,7,2,28,2,39,6,0,6,45
05/08/2023,ABI,TX,ASW,CE,Combined TRACON& Tower with Radar,10,4,25,22,61,0,0,24,8,32,10,4,49,30,93,36,40,76,169
05/09/2023,ABI,TX,ASW,CE,Combined TRACON& Tower with Radar,9,12,44,21,86,0,0,35,5,40,9,12,79,26,126,28,36,64,190
05/10/2023,ABI,TX,ASW,CE,Combined TRACON& Tower with Radar,7,17,23,18,65,0,0,12,4,16,7,17,35,22,81,24,24,48,129
05/11/2023,ABI,TX,ASW,CE,Combined TRACON& Tower with Radar,6,12,23,12,53,0,0,19,1,20,6,12,42,13,73,52,4,56,129
05/12/2023,ABI,TX,ASW,CE,Combined TRACON& Tower with Radar,5,10,15,10,40,0,0,12,1,13,5,10,27,11,53,28,18,46,99
05/13/2023,ABI,TX,ASW,CE,Combined TRACON& Tower with Radar,9,8,25,0,42,0,0,14,0,14,9,8,39,0,56,28,0,28,84
05/14/2023,ABI,TX,ASW,CE,Combined TRACON& Tower with Radar,7,6,11,8,32,0,0,3,0,3,7,6,14,8,35,0,0,0,35
05/15/2023,ABI,TX,ASW,CE,Combined TRACON& Tower with Radar,8,5,35,31,79,0,0,25,3,28,8,5,60,34,107,48,58,106,213
05/16/2023,ABI,TX,ASW,CE,Combined TRACON& Tower with Radar,7,11,29,43,90,0,0,26,2,28,7,11,55,45,118,72,12,84,202
05/17/2023,ABI,TX,ASW,CE,Combined TRACON& Tower with Radar,6,10,31,22,69,0,4,46,1,51,6,14,77,23,120,70,0,70,190
05/18/2023,ABI,TX,ASW,CE,Combined TRACON& Tower with Radar,8,10,29,8,55,0,0,23,3,26,8,10,52,11,81,54,8,62,143
05/19/2023,ABI,TX,ASW,CE,Combined TRACON& Tower with Radar,14,12,25,50,101,0,0,16,5,21,14,12,41,55,122,48,38,86,208
05/20/2023,ABI,TX,ASW,CE,Combined TRACON& Tower with Radar,6,17,17,15,55,0,0,28,0,28,6,17,45,15,83,22,20,42,125
05/21/2023,ABI,TX,ASW,CE,Combined TRACON& Tower with Radar,6,6,21,6,39,0,0,9,3,12,6,6,30,9,51,12,4,16,67
05/22/2023,ABI,TX,ASW,CE,Combined TRACON& Tower with Radar,9,6,19,26,60,0,0,31,6,37,9,6,50,32,97,38,34,72,169
05/23/2023,ABI,TX,ASW,CE,Combined TRACON& Tower with Radar,7,9,27,37,80,0,0,18,6,24,7,9,45,43,104,20,106,126,230
05/24/2023,ABI,TX,ASW,CE,Combined TRACON& Tower with Radar,7,8,25,3,43,0,0,10,3,13,7,8,35,6,56,0,2,2,58
05/25/2023,ABI,TX,ASW,CE,Combined TRACON& Tower with Radar,6,12,10,4,32,0,0,13,0,13,6,12,23,4,45,0,0,0,45
05/26/2023,ABI,TX,ASW,CE,Combined TRACON& Tower with Radar,6,12,21,0,39,0,0,17,1,18,6,12,38,1,57,40,0,40,97
05/27/2023,ABI,TX,ASW,CE,Combined TRACON& Tower with Radar,6,5,9,0,20,0,2,19,0,21,6,7,28,0,41,26,0,26,67
05/28/2023,ABI,TX,ASW,CE,Combined TRACON& Tower with Radar,8,0,3,0,11,0,0,13,0,13,8,0,16,0,24,40,0,40,64
05/29/2023,ABI,TX,ASW,CE,Combined TRACON& Tower with Radar,6,1,6,2,15,0,0,18,0,18,6,1,24,2,33,46,0,46,79
05/30/2023,ABI,TX,ASW,CE,Combined TRACON& Tower with Radar,11,9,23,8,51,0,3,46,8,57,11,12,69,16,108,40,52,92,200
05/31/2023,ABI,TX,ASW,CE,Combined TRACON& Tower with Radar,6,18,13,23,60,0,1,38,6,45,6,19,51,29,105,22,26,48,153
06/01/2023,ABI,TX,ASW,CE,Combined TRACON& Tower with Radar,10,13,16,6,45,0,0,15,12,27,10,13,31,18,72,48,28,76,148
06/02/2023,ABI,TX,ASW,CE,Combined TRACON& Tower with Radar,7,14,23,0,44,0,0,26,2,28,7,14,49,2,72,28,0,28,100
06/03/2023,ABI,TX,ASW,CE,Combined TRACON& Tower with Radar,7,5,11,0,23,0,2,5,0,7,7,7,16,0,30,14,0,14,44
06/04/2023,ABI,TX,ASW,CE,Combined TRACON& Tower with Radar,11,3,23,0,37,0,0,10,0,10,11,3,33,0,47,2,0,2,49
06/05/2023,ABI,TX,ASW,CE,Combined TRACON& Tower with Radar,10,4,18,9,41,0,0,7,0,7,10,4,25,9,48,44,0,44,92
06/06/2023,ABI,TX,ASW,CE,Combined TRACON& Tower with Radar,9,12,24,33,78,0,1,21,3,25,9,13,45,36,103,30,42,72,175
06/07/2023,ABI,TX,ASW,CE,Combined TRACON& Tower with Radar,11,13,17,15,56,0,1,35,1,37,11,14,52,16,93,10,24,34,127
06/08/2023,ABI,TX,ASW,CE,Combined TRACON& Tower with Radar,10,12,18,23,63,0,1,41,6,48,10,13,59,29,111,40,16,56,167
06/09/2023,ABI,TX,ASW,CE,Combined TRACON& Tower with Radar,9,7,22,9,47,0,2,36,1,39,9,9,58,10,86,8,6,14,100
06/10/2023,ABI,TX,ASW,CE,Combined TRACON& Tower with Radar,7,4,20,4,35,0,1,27,0,28,7,5,47,4,63,26,0,26,89
06/11/2023,ABI,TX,ASW,CE,Combined TRACON& Tower with Radar,8,1,8,5,22,0,0,15,4,19,8,1,23,9,41,12,2,14,55
06/12/2023,ABI,TX,ASW,CE,Combined TRACON& Tower with Radar,11,8,16,6,41,0,0,8,0,8,11,8,24,6,49,22,0,22,71
06/13/2023,ABI,TX,ASW,CE,Combined TRACON& Tower with Radar,8,9,20,16,53,0,0,11,1,12,8,9,31,17,65,0,4,4,69
06/14/2023,ABI,TX,ASW,CE,Combined TRACON& Tower with Radar,9,14,22,43,88,0,0,19,13,32,9,14,41,56,120,18,16,34,154
06/15/2023,ABI,TX,ASW,CE,Combined TRACON& Tower with Radar,9,13,28,17,67,0,1,22,1,24,9,14,50,18,91,16,24,40,131
06/16/2023,ABI,TX,ASW,CE,Combined TRACON& Tower with Radar,8,9,36,11,64,0,2,30,0,32,8,11,66,11,96,10,0,10,106
06/17/2023,ABI,TX,ASW,CE,Combined TRACON& Tower with Radar,6,6,14,0,26,0,2,18,0,20,6,8,32,0,46,14,0,14,60
06/18/2023,ABI,TX,ASW,CE,Combined TRACON& Tower with Radar,8,0,5,0,13,0,2,15,0,17,8,2,20,0,30,10,0,10,40
06/19/2023,ABI,TX,ASW,CE,Combined TRACON& Tower with Radar,8,5,13,0,26,0,0,21,2,23,8,5,34,2,49,12,0,12,61
06/20/2023,ABI,TX,ASW,CE,Combined TRACON& Tower with Radar,8,8,16,4,36,0,0,13,1,14,8,8,29,5,50,12,8,20,70
06/21/2023,ABI,TX,ASW,CE,Combined TRACON& Tower with Radar,10,16,17,8,51,0,0,24,4,28,10,16,41,12,79,14,14,28,107
06/22/2023,ABI,TX,ASW,CE,Combined TRACON& Tower with Radar,8,10,21,41,80,0,0,27,16,43,8,10,48,57,123,4,62,66,189
06/23/2023,ABI,TX,ASW,CE,Combined TRACON& Tower with Radar,8,17,10,10,45,0,1,15,1,17,8,18,25,11,62,22,0,22,84
06/24/2023,ABI,TX,ASW,CE,Combined TRACON& Tower with Radar,6,6,12,0,24,0,1,29,3,33,6,7,41,3,57,18,0,18,75
06/25/2023,ABI,TX,ASW,CE,Combined TRACON& Tower with Radar,10,13,7,0,30,0,2,10,0,12,10,15,17,0,42,12,0,12,54
06/26/2023,ABI,TX,ASW,CE,Combined TRACON& Tower with Radar,12,6,20,21,59,0,3,29,10,42,12,9,49,31,101,30,24,54,155
06/27/2023,ABI,TX,ASW,CE,Combined TRACON& Tower with Radar,8,11,19,17,55,0,0,27,2,29,8,11,46,19,84,16,0,16,100
06/28/2023,ABI,TX,ASW,CE,Combined TRACON& Tower with Radar,8,10,12,25,55,0,0,23,11,34,8,10,35,36,89,20,58,78,167
06/29/2023,ABI,TX,ASW,CE,Combined TRACON& Tower with Radar,8,17,18,8,51,0,1,29,6,36,8,18,47,14,87,16,10,26,113
06/30/2023,ABI,TX,ASW,CE,Combined TRACON& Tower with Radar,10,17,19,5,51,0,0,27,6,33,10,17,46,11,84,28,0,28,112
07/01/2023,ABI,TX,ASW,CE,Combined TRACON& Tower with Radar,7,6,7,0,20,0,0,7,0,7,7,6,14,0,27,0,0,0,27
07/02/2023,ABI,TX,ASW,CE,Combined TRACON& Tower with Radar,8,7,5,0,20,0,2,13,0,15,8,9,18,0,35,0,0,0,35
07/03/2023,ABI,TX,ASW,CE,Combined TRACON& Tower with Radar,8,6,6,0,20,0,0,18,0,18,8,6,24,0,38,40,0,40,78
07/04/2023,ABI,TX,ASW,CE,Combined TRACON& Tower with Radar,9,0,3,0,12,0,1,21,0,22,9,1,24,0,34,10,0,10,44
07/05/2023,ABI,TX,ASW,CE,Combined TRACON& Tower with Radar,8,11,20,24,63,0,3,23,6,32,8,14,43,30,95,50,62,112,207
07/06/2023,ABI,TX,ASW,CE,Combined TRACON& Tower with Radar,8,15,15,8,46,0,1,26,6,33,8,16,41,14,79,16,12,28,107
07/07/2023,ABI,TX,ASW,CE,Combined TRACON& Tower with Radar,8,16,25,103,152,0,1,26,9,36,8,17,51,112,188,28,78,106,294
07/08/2023,ABI,TX,ASW,CE,Combined TRACON& Tower with Radar,6,3,7,3,19,0,3,22,4,29,6,6,29,7,48,44,0,44,92
07/09/2023,ABI,TX,ASW,CE,Combined TRACON& Tower with Radar,14,3,14,13,44,0,1,18,3,22,14,4,32,16,66,0,0,0,66
07/10/2023,ABI,TX,ASW,CE,Combined TRACON& Tower with Radar,7,3,10,27,47,0,1,12,3,16,7,4,22,30,63,22,24,46,109
07/11/2023,ABI,TX,ASW,CE,Combined TRACON& Tower with Radar,9,9,22,52,92,0,0,21,5,26,9,9,43,57,118,20,44,64,182
07/12/2023,ABI,TX,ASW,CE,Combined TRACON& Tower with Radar,9,14,26,41,90,0,1,18,5,24,9,15,44,46,114,34,20,54,168
07/13/2023,ABI,TX,ASW,CE,Combined TRACON& Tower with Radar,8,10,9,40,67,0,0,27,4,31,8,10,36,44,98,20,12,32,130
07/14/2023,ABI,TX,ASW,CE,Combined TRACON& Tower with Radar,8,12,19,30,69,0,0,9,0,9,8,12,28,30,78,18,12,30,108
07/15/2023,ABI,TX,ASW,CE,Combined TRACON& Tower with Radar,6,6,6,0,18,0,1,23,0,24,6,7,29,0,42,24,0,24,66
07/16/2023,ABI,TX,ASW,CE,Combined TRACON& Tower with Radar,9,2,9,18,38,0,0,13,0,13,9,2,22,18,51,44,0,44,95
07/17/2023,ABI,TX,ASW,CE,Combined TRACON& Tower with Radar,9,3,22,27,61,0,0,21,6,27,9,3,43,33,88,28,12,40,128
07/18/2023,ABI,TX,ASW,CE,Combined TRACON& Tower with Radar,12,10,15,11,48,0,2,36,5,43,12,12,51,16,91,24,24,48,139
07/19/2023,ABI,TX,ASW,CE,Combined TRACON& Tower with Radar,9,14,15,18,56,0,0,22,4,26,9,14,37,22,82,22,16,38,120
07/20/2023,ABI,TX,ASW,CE,Combined TRACON& Tower with Radar,8,15,27,17,67,0,1,26,2,29,8,16,53,19,96,50,16,66,162
07/21/2023,ABI,TX,ASW,CE,Combined TRACON& Tower with Radar,8,15,21,19,63,0,1,38,2,41,8,16,59,21,104,36,0,36,140
07/22/2023,ABI,TX,ASW,CE,Combined TRACON& Tower with Radar,6,5,13,0,24,0,3,36,0,39,6,8,49,0,63,40,0,40,103
07/23/2023,ABI,TX,ASW,CE,Combined TRACON& Tower with Radar,10,4,10,11,35,0,0,16,1,17,10,4,26,12,52,0,0,0,52
07/24/2023,ABI,TX,ASW,CE,Combined TRACON& Tower with Radar,8,3,13,39,63,0,0,23,10,33,8,3,36,49,96,18,26,44,140
07/25/2023,ABI,TX,ASW,CE,Combined TRACON& Tower with Radar,8,11,32,31,82,0,0,21,3,24,8,11,53,34,106,30,14,44,150
07/26/2023,ABI,TX,ASW,CE,Combined TRACON& Tower with Radar,8,10,12,26,56,0,0,24,12,36,8,10,36,38,92,78,26,104,196
07/27/2023,ABI,TX,ASW,CE,Combined TRACON& Tower with Radar,8,17,14,39,78,0,4,23,3,30,8,21,37,42,108,22,26,48,156
07/28/2023,ABI,TX,ASW,CE,Combined TRACON& Tower with Radar,8,18,15,23,64,0,1,39,1,41,8,19,54,24,105,32,2,34,139
07/29/2023,ABI,TX,ASW,CE,Combined TRACON& Tower with Radar,8,5,19,2,34,0,1,22,2,25,8,6,41,4,59,6,0,6,65
07/30/2023,ABI,TX,ASW,CE,Combined TRACON& Tower with Radar,10,0,2,0,12,0,0,10,0,10,10,0,12,0,22,0,0,0,22
07/31/2023,ABI,TX,ASW,CE,Combined TRACON& Tower with Radar,10,3,11,22,46,0,2,14,4,20,10,5,25,26,66,68,0,68,134
08/01/2023,ABI,TX,ASW,CE,Combined TRACON& Tower with Radar,8,9,14,10,41,0,4,35,6,45,8,13,49,16,86,10,8,18,104
08/02/2023,ABI,TX,ASW,CE,Combined TRACON& Tower with Radar,11,12,17,6,46,0,1,29,6,36,11,13,46,12,82,38,6,44,126
08/03/2023,ABI,TX,ASW,CE,Combined TRACON& Tower with Radar,8,11,22,21,62,0,1,15,8,24,8,12,37,29,86,46,10,56,142
08/04/2023,ABI,TX,ASW,CE,Combined TRACON& Tower with Radar,9,9,28,17,63,0,1,36,3,40,9,10,64,20,103,22,26,48,151
08/05/2023,ABI,TX,ASW,CE,Combined TRACON& Tower with Radar,7,3,7,15,32,0,2,25,2,29,7,5,32,17,61,24,18,42,103
08/06/2023,ABI,TX,ASW,CE,Combined TRACON& Tower with Radar,8,2,12,8,30,0,0,14,3,17,8,2,26,11,47,0,0,0,47
08/07/2023,ABI,TX,ASW,CE,Combined TRACON& Tower with Radar,8,8,14,27,57,0,0,10,4,14,8,8,24,31,71,6,12,18,89
08/08/2023,ABI,TX,ASW,CE,Combined TRACON& Tower with Radar,8,13,33,31,85,0,0,26,2,28,8,13,59,33,113,12,18,30,143
08/09/2023,ABI,TX,ASW,CE,Combined TRACON& Tower with Radar,10,12,12,21,55,0,0,10,14,24,10,12,22,35,79,16,0,16,95
08/10/2023,ABI,TX,ASW,CE,Combined TRACON& Tower with Radar,8,11,20,15,54,1,0,36,31,68,9,11,56,46,122,70,38,108,230
08/11/2023,ABI,TX,ASW,CE,Combined TRACON& Tower with Radar,8,20,15,3,46,0,1,28,33,62,8,21,43,36,108,12,0,12,120
08/12/2023,ABI,TX,ASW,CE,Combined TRACON& Tower with Radar,7,7,12,2,28,0,4,21,60,85,7,11,33,62,113,0,0,0,113
08/13/2023,ABI,TX,ASW,CE,Combined TRACON& Tower with Radar,11,3,11,1,26,0,2,7,8,17,11,5,18,9,43,20,0,20,63
08/14/2023,ABI,TX,ASW,CE,Combined TRACON& Tower with Radar,9,6,16,11,42,6,1,36,39,82,15,7,52,50,124,10,40,50,174
08/15/2023,ABI,TX,ASW,CE,Combined TRACON& Tower with Radar,9,9,14,16,48,0,3,23,0,26,9,12,37,16,74,84,0,84,158
08/16/2023,ABI,TX,ASW,CE,Combined TRACON& Tower with Radar,9,23,17,37,86,0,4,19,9,32,9,27,36,46,118,44,18,62,180
08/17/2023,ABI,TX,ASW,CE,Combined TRACON& Tower with Radar,8,12,31,24,75,0,2,27,23,52,8,14,58,47,127,28,8,36,163
08/18/2023,ABI,TX,ASW,CE,Combined TRACON& Tower with Radar,8,15,15,40,78,0,4,34,17,55,8,19,49,57,133,42,0,42,175
08/19/2023,ABI,TX,ASW,CE,Combined TRACON& Tower with Radar,8,4,6,15,33,0,2,25,21,48,8,6,31,36,81,0,12,12,93
08/20/2023,ABI,TX,ASW,CE,Combined TRACON& Tower with Radar,8,8,5,8,29,1,0,23,7,31,9,8,28,15,60,18,0,18,78
08/21/2023,ABI,TX,ASW,CE,Combined TRACON& Tower with Radar,10,3,22,23,58,1,0,24,6,31,11,3,46,29,89,0,0,0,89
08/22/2023,ABI,TX,ASW,CE,Combined TRACON& Tower with Radar,10,12,29,18,69,4,2,24,7,37,14,14,53,25,106,18,16,34,140
08/23/2023,ABI,TX,ASW,CE,Combined TRACON& Tower with Radar,11,10,24,46,91,1,1,26,8,36,12,11,50,54,127,46,8,54,181
08/24/2023,ABI,TX,ASW,CE,Combined TRACON& Tower with Radar,8,10,24,41,83,0,1,36,4,41,8,11,60,45,124,32,0,32,156
08/25/2023,ABI,TX,ASW,CE,Combined TRACON& Tower with Radar,10,8,32,79,129,0,1,50,17,68,10,9,82,96,197,20,4,24,221
08/26/2023,ABI,TX,ASW,CE,Combined TRACON& Tower with Radar,8,7,13,28,56,0,0,37,15,52,8,7,50,43,108,34,0,34,142
08/27/2023,ABI,TX,ASW,CE,Combined TRACON& Tower with Radar,10,2,12,16,40,0,1,15,1,17,10,3,27,17,57,14,0,14,71
08/28/2023,ABI,TX,ASW,CE,Combined TRACON& Tower with Radar,9,5,21,22,57,5,1,13,1,20,14,6,34,23,77,26,10,36,113
08/29/2023,ABI,TX,ASW,CE,Combined TRACON& Tower with Radar,8,7,27,76,118,0,5,34,16,55,8,12,61,92,173,34,42,76,249
08/30/2023,ABI,TX,ASW,CE,Combined TRACON& Tower with Radar,15,10,22,48,95,1,1,27,8,37,16,11,49,56,132,38,26,64,196
08/31/2023,ABI,TX,ASW,CE,Combined TRACON& Tower with Radar,11,12,32,47,102,2,3,26,12,43,13,15,58,59,145,14,8,22,167
