01/01/2000,ABQ,NM,ASW,WE,Towers with Radar,119,29,47,2,197,12,2,14,2,30,131,31,61,4,227,4,0,4,231
01/02/2000,ABQ,NM,ASW,WE,Towers with Radar,182,41,67,4,294,12,2,52,0,66,194,43,119,4,360,0,0,0,360
01/03/2000,ABQ,NM,ASW,WE,Towers with Radar,219,89,63,17,388,12,5,33,0,50,231,94,96,17,438,12,40,52,490
01/04/2000,ABQ,NM,ASW,WE,Towers with Radar,227,91,131,52,501,12,4,80,33,129,239,95,211,85,630,16,98,114,744
01/05/2000,ABQ,NM,ASW,WE,Towers with Radar,225,97,118,59,499,12,5,89,32,138,237,102,207,91,637,32,40,72,709
01/06/2000,ABQ,NM,ASW,WE,Towers with Radar,231,106,94,30,461,12,9,69,24,114,243,115,163,54,575,14,42,56,631
01/07/2000,ABQ,NM,ASW,WE,Towers with Radar,223,100,107,113,543,12,12,75,32,131,235,112,182,145,674,15,45,60,734
01/08/2000,ABQ,NM,ASW,WE,Towers with Radar,167,50,86,64,367,12,5,66,18,101,179,55,152,82,468,24,108,132,600
01/09/2000,ABQ,NM,ASW,WE,Towers with Radar,189,77,83,39,388,12,2,35,0,49,201,79,118,39,437,14,10,24,461
01/10/2000,ABQ,NM,ASW,WE,Towers with Radar,211,101,105,83,500,12,9,85,38,144,223,110,190,121,644,61,47,108,752
01/11/2000,ABQ,NM,ASW,WE,Towers with Radar,224,97,112,86,519,12,7,74,27,120,236,104,186,113,639,56,172,228,867
01/12/2000,ABQ,NM,ASW,WE,Towers with Radar,224,100,125,49,498,12,6,68,43,129,236,106,193,92,627,35,76,111,738
01/13/2000,ABQ,NM,ASW,WE,Towers with Radar,219,99,110,50,478,12,5,75,33,125,231,104,185,83,603,8,32,40,643
01/14/2000,ABQ,NM,ASW,WE,Towers with Radar,222,102,150,58,532,12,8,80,27,127,234,110,230,85,659,20,78,98,757
01/15/2000,ABQ,NM,ASW,WE,Towers with Radar,174,59,90,28,351,12,9,58,10,89,186,68,148,38,440,40,12,52,492
01/16/2000,ABQ,NM,ASW,WE,Towers with Radar,186,55,72,17,330,12,5,58,0,75,198,60,130,17,405,14,16,30,435
01/17/2000,ABQ,NM,ASW,WE,Towers with Radar,205,80,74,55,414,12,5,77,0,94,217,85,151,55,508,30,28,58,566
01/18/2000,ABQ,NM,ASW,WE,Towers with Radar,224,94,122,70,510,12,5,55,14,86,236,99,177,84,596,10,48,58,654
01/19/2000,ABQ,NM,ASW,WE,Towers with Radar,219,100,120,92,531,12,6,74,41,133,231,106,194,133,664,32,68,100,764
01/20/2000,ABQ,NM,ASW,WE,Towers with Radar,226,102,150,97,575,12,6,102,39,159,238,108,252,136,734,32,80,112,846
01/21/2000,ABQ,NM,ASW,WE,Towers with Radar,222,104,153,82,561,12,11,110,40,173,234,115,263,122,734,66,86,152,886
01/22/2000,ABQ,NM,ASW,WE,Towers with Radar,176,57,88,39,360,12,13,61,6,92,188,70,149,45,452,8,42,50,502
01/23/2000,ABQ,NM,ASW,WE,Towers with Radar,185,60,82,32,359,12,6,49,0,67,197,66,131,32,426,2,6,8,434
01/24/2000,ABQ,NM,ASW,WE,Towers with Radar,232,92,92,34,450,0,6,49,42,97,232,98,141,76,547,28,28,56,603
01/25/2000,ABQ,NM,ASW,WE,Towers with Radar,238,100,108,79,525,0,14,60,40,114,238,114,168,119,639,22,74,96,735
01/26/2000,ABQ,NM,ASW,WE,Towers with Radar,242,103,107,61,513,0,6,44,49,99,242,109,151,110,612,18,74,92,704
01/27/2000,ABQ,NM,ASW,WE,Towers with Radar,218,105,144,34,501,0,7,69,33,109,218,112,213,67,610,54,14,68,678
01/28/2000,ABQ,NM,ASW,WE,Towers with Radar,235,100,146,45,526,0,6,84,56,146,235,106,230,101,672,10,42,52,724
01/29/2000,ABQ,NM,ASW,WE,Towers with Radar,180,51,70,8,309,0,10,86,23,119,180,61,156,31,428,8,86,94,522
01/30/2000,ABQ,NM,ASW,WE,Towers with Radar,200,62,104,2,368,0,7,71,18,96,200,69,175,20,464,42,0,42,506
01/31/2000,ABQ,NM,ASW,WE,Towers with Radar,229,93,101,33,456,0,3,15,24,42,229,96,116,57,498,33,48,81,579
02/01/2000,ABQ,NM,ASW,WE,Towers with Radar,228,101,116,72,517,0,14,67,30,111,228,115,183,102,628,56,108,164,792
02/02/2000,ABQ,NM,ASW,WE,Towers with Radar,233,93,112,83,521,0,13,75,30,118,233,106,187,113,639,24,80,104,743
02/03/2000,ABQ,NM,ASW,WE,Towers with Radar,233,93,109,77,512,0,7,79,38,124,233,100,188,115,636,26,94,120,756
02/04/2000,ABQ,NM,ASW,WE,Towers with Radar,236,100,122,106,564,0,8,63,51,122,236,108,185,157,686,38,80,118,804
02/05/2000,ABQ,NM,ASW,WE,Towers with Radar,186,52,95,72,405,0,8,64,13,85,186,60,159,85,490,32,33,65,555
02/06/2000,ABQ,NM,ASW,WE,Towers with Radar,198,58,96,54,406,0,5,55,5,65,198,63,151,59,471,32,12,44,515
02/07/2000,ABQ,NM,ASW,WE,Towers with Radar,217,94,98,45,454,0,5,53,7,65,217,99,151,52,519,16,26,42,561
02/08/2000,ABQ,NM,ASW,WE,Towers with Radar,245,100,112,60,517,0,6,72,20,98,245,106,184,80,615,22,72,94,709
02/09/2000,ABQ,NM,ASW,WE,Towers with Radar,235,105,120,107,567,0,10,98,35,143,235,115,218,142,710,92,28,120,830
02/10/2000,ABQ,NM,ASW,WE,Towers with Radar,229,98,122,62,511,0,3,65,29,97,229,101,187,91,608,50,64,114,722
02/11/2000,ABQ,NM,ASW,WE,Towers with Radar,248,88,104,70,510,0,8,72,39,119,248,96,176,109,629,62,180,242,871
02/12/2000,ABQ,NM,ASW,WE,Towers with Radar,184,47,83,34,348,0,7,58,4,69,184,54,141,38,417,68,6,74,491
02/13/2000,ABQ,NM,ASW,WE,Towers with Radar,189,61,74,30,354,0,9,67,8,84,189,70,141,38,438,26,0,26,464
02/14/2000,ABQ,NM,ASW,WE,Towers with Radar,240,91,108,56,495,0,6,84,51,141,240,97,192,107,636,51,49,100,736
02/15/2000,ABQ,NM,ASW,WE,Towers with Radar,239,92,110,74,515,0,16,61,69,146,239,108,171,143,661,40,112,152,813
02/16/2000,ABQ,NM,ASW,WE,Towers with Radar,234,106,137,33,510,0,4,76,18,98,234,110,213,51,608,42,118,160,768
02/17/2000,ABQ,NM,ASW,WE,Towers with Radar,245,94,99,33,471,0,6,42,20,68,245,100,141,53,539,14,36,50,589
02/18/2000,ABQ,NM,ASW,WE,Towers with Radar,237,108,114,40,499,0,5,0,34,39,237,113,114,74,538,48,80,128,666
02/19/2000,ABQ,NM,ASW,WE,Towers with Radar,186,73,99,11,369,0,7,59,9,75,186,80,158,20,444,10,34,44,488
02/20/2000,ABQ,NM,ASW,WE,Towers with Radar,197,61,84,12,354,0,5,51,2,58,197,66,135,14,412,32,18,50,462
02/21/2000,ABQ,NM,ASW,WE,Towers with Radar,222,82,124,29,457,0,0,97,11,108,222,82,221,40,565,48,18,66,631
02/22/2000,ABQ,NM,ASW,WE,Towers with Radar,235,88,127,42,492,0,4,45,16,65,235,92,172,58,557,18,30,48,605
02/23/2000,ABQ,NM,ASW,WE,Towers with Radar,237,102,124,23,486,0,6,81,38,125,237,108,205,61,611,26,62,88,699
02/24/2000,ABQ,NM,ASW,WE,Towers with Radar,231,97,130,29,487,0,6,56,21,83,231,103,186,50,570,86,36,122,692
02/25/2000,ABQ,NM,ASW,WE,Towers with Radar,231,91,121,66,509,0,5,64,26,95,231,96,185,92,604,52,104,156,760
02/26/2000,ABQ,NM,ASW,WE,Towers with Radar,194,50,108,50,402,0,8,75,32,115,194,58,183,82,517,24,101,125,642
02/27/2000,ABQ,NM,ASW,WE,Towers with Radar,194,61,100,41,396,0,2,63,5,70,194,63,163,46,466,24,34,58,524
02/28/2000,ABQ,NM,ASW,WE,Towers with Radar,228,81,99,22,430,0,6,32,20,58,228,87,131,42,488,62,60,122,610
02/29/2000,ABQ,NM,ASW,WE,Towers with Radar,245,102,128,49,524,0,6,69,52,127,245,108,197,101,651,62,92,154,805
03/01/2000,ABQ,NM,ASW,WE,Towers with Radar,178,104,147,71,500,49,1,51,4,105,227,105,198,75,605,42,114,156,761
03/02/2000,ABQ,NM,ASW,WE,Towers with Radar,182,109,120,64,475,49,0,42,2,93,231,109,162,66,568,26,96,122,690
03/03/2000,ABQ,NM,ASW,WE,Towers with Radar,181,111,120,72,484,49,0,81,0,130,230,111,201,72,614,70,80,150,764
03/04/2000,ABQ,NM,ASW,WE,Towers with Radar,139,61,130,27,357,49,7,98,0,154,188,68,228,27,511,40,44,84,595
03/05/2000,ABQ,NM,ASW,WE,Towers with Radar,142,66,58,24,290,49,4,10,0,63,191,70,68,24,353,4,12,16,369
03/06/2000,ABQ,NM,ASW,WE,Towers with Radar,225,82,98,33,438,0,7,51,13,71,225,89,149,46,509,11,8,19,528
03/07/2000,ABQ,NM,ASW,WE,Towers with Radar,230,92,92,33,447,6,4,16,21,47,236,96,108,54,494,34,38,72,566
03/08/2000,ABQ,NM,ASW,WE,Towers with Radar,249,100,123,33,505,0,10,111,54,175,249,110,234,87,680,36,91,127,807
03/09/2000,ABQ,NM,ASW,WE,Towers with Radar,237,107,147,33,524,0,7,68,28,103,237,114,215,61,627,24,48,72,699
03/10/2000,ABQ,NM,ASW,WE,Towers with Radar,231,90,103,33,457,0,7,54,84,145,231,97,157,117,602,44,80,124,726
03/11/2000,ABQ,NM,ASW,WE,Towers with Radar,193,45,132,33,403,0,9,106,13,128,193,54,238,46,531,68,50,118,649
03/12/2000,ABQ,NM,ASW,WE,Towers with Radar,193,63,87,27,370,14,12,81,0,107,207,75,168,27,477,10,44,54,531
03/13/2000,ABQ,NM,ASW,WE,Towers with Radar,221,84,138,32,475,0,18,76,87,181,221,102,214,119,656,117,84,201,857
03/14/2000,ABQ,NM,ASW,WE,Towers with Radar,242,91,114,32,479,0,6,77,50,133,242,97,191,82,612,34,98,132,744
03/15/2000,ABQ,NM,ASW,WE,Towers with Radar,239,91,128,32,490,0,11,70,84,165,239,102,198,116,655,24,148,172,827
03/16/2000,ABQ,NM,ASW,WE,Towers with Radar,238,101,135,32,506,0,6,64,66,136,238,107,199,98,642,23,106,129,771
03/17/2000,ABQ,NM,ASW,WE,Towers with Radar,237,92,96,32,457,0,13,80,100,193,237,105,176,132,650,32,120,152,802
03/18/2000,ABQ,NM,ASW,WE,Towers with Radar,168,50,103,30,351,20,9,44,0,73,188,59,147,30,424,8,40,48,472
03/19/2000,ABQ,NM,ASW,WE,Towers with Radar,201,57,101,27,386,0,7,74,0,81,201,64,175,27,467,62,4,66,533
03/20/2000,ABQ,NM,ASW,WE,Towers with Radar,203,82,101,31,417,21,6,18,0,45,224,88,119,31,462,26,40,66,528
03/21/2000,ABQ,NM,ASW,WE,Towers with Radar,208,93,89,8,398,33,1,1,0,35,241,94,90,8,433,2,2,4,437
03/22/2000,ABQ,NM,ASW,WE,Towers with Radar,231,94,134,32,491,17,2,3,8,30,248,96,137,40,521,4,44,48,569
03/23/2000,ABQ,NM,ASW,WE,Towers with Radar,243,111,136,32,522,6,8,27,31,72,249,119,163,63,594,18,50,68,662
03/24/2000,ABQ,NM,ASW,WE,Towers with Radar,221,101,125,32,479,0,5,77,60,142,221,106,202,92,621,10,12,22,643
03/25/2000,ABQ,NM,ASW,WE,Towers with Radar,200,59,115,32,406,0,14,66,6,86,200,73,181,38,492,0,12,12,504
03/26/2000,ABQ,NM,ASW,WE,Towers with Radar,190,58,95,24,367,10,4,47,0,61,200,62,142,24,428,28,10,38,466
03/27/2000,ABQ,NM,ASW,WE,Towers with Radar,226,84,123,32,465,0,6,72,41,119,226,90,195,73,584,38,48,86,670
03/28/2000,ABQ,NM,ASW,WE,Towers with Radar,240,99,133,32,504,0,8,37,31,76,240,107,170,63,580,60,106,166,746
03/29/2000,ABQ,NM,ASW,WE,Towers with Radar,244,98,109,32,483,0,7,56,40,103,244,105,165,72,586,44,66,110,696
03/30/2000,ABQ,NM,ASW,WE,Towers with Radar,237,92,123,32,484,0,9,53,45,107,237,101,176,77,591,22,80,102,693
03/31/2000,ABQ,NM,ASW,WE,Towers with Radar,226,82,97,22,427,21,5,6,0,32,247,87,103,22,459,12,14,26,485
04/01/2000,ABQ,NM,ASW,WE,Towers with Radar,188,59,69,9,325,0,0,19,1,20,188,59,88,10,345,10,8,18,363
04/02/2000,ABQ,NM,ASW,WE,Towers with Radar,209,56,90,25,380,0,3,38,3,44,209,59,128,28,424,44,36,80,504
04/03/2000,ABQ,NM,ASW,WE,Towers with Radar,220,87,112,36,455,0,11,54,28,93,220,98,166,64,548,42,28,70,618
04/04/2000,ABQ,NM,ASW,WE,Towers with Radar,217,99,90,24,430,0,7,77,29,113,217,106,167,53,543,16,76,92,635
04/05/2000,ABQ,NM,ASW,WE,Towers with Radar,239,101,119,23,482,0,5,75,35,115,239,106,194,58,597,20,22,42,639
04/06/2000,ABQ,NM,ASW,WE,Towers with Radar,234,105,95,23,457,0,9,55,8,72,234,114,150,31,529,14,46,60,589
04/07/2000,ABQ,NM,ASW,WE,Towers with Radar,226,96,119,56,497,0,9,81,34,124,226,105,200,90,621,50,56,106,727
04/08/2000,ABQ,NM,ASW,WE,Towers with Radar,198,54,97,12,361,0,3,58,6,67,198,57,155,18,428,48,24,72,500
04/09/2000,ABQ,NM,ASW,WE,Towers with Radar,207,66,68,32,373,0,4,56,3,63,207,70,124,35,436,36,14,50,486
04/10/2000,ABQ,NM,ASW,WE,Towers with Radar,229,92,143,27,491,0,6,76,28,110,229,98,219,55,601,35,24,59,660
04/11/2000,ABQ,NM,ASW,WE,Towers with Radar,238,102,109,14,463,0,3,23,16,42,238,105,132,30,505,20,54,74,579
04/12/2000,ABQ,NM,ASW,WE,Towers with Radar,232,106,161,31,530,0,6,73,28,107,232,112,234,59,637,48,78,126,763
04/13/2000,ABQ,NM,ASW,WE,Towers with Radar,241,111,115,50,517,0,10,79,39,128,241,121,194,89,645,62,84,146,791
04/14/2000,ABQ,NM,ASW,WE,Towers with Radar,228,102,106,52,488,0,6,54,33,93,228,108,160,85,581,10,46,56,637
04/15/2000,ABQ,NM,ASW,WE,Towers with Radar,201,53,78,51,383,0,7,37,19,63,201,60,115,70,446,24,47,71,517
04/16/2000,ABQ,NM,ASW,WE,Towers with Radar,206,58,70,22,356,0,5,49,7,61,206,63,119,29,417,20,16,36,453
04/17/2000,ABQ,NM,ASW,WE,Towers with Radar,230,95,104,12,441,0,17,49,25,91,230,112,153,37,532,34,14,48,580
04/18/2000,ABQ,NM,ASW,WE,Towers with Radar,247,103,83,18,451,0,4,58,26,88,247,107,141,44,539,6,20,26,565
04/19/2000,ABQ,NM,ASW,WE,Towers with Radar,233,98,122,68,521,0,5,64,36,105,233,103,186,104,626,20,120,140,766
04/20/2000,ABQ,NM,ASW,WE,Towers with Radar,229,110,142,34,515,0,6,97,29,132,229,116,239,63,647,26,70,96,743
04/21/2000,ABQ,NM,ASW,WE,Towers with Radar,245,75,132,36,488,0,7,83,47,137,245,82,215,83,625,54,44,98,723
04/22/2000,ABQ,NM,ASW,WE,Towers with Radar,204,39,45,4,292,0,1,29,2,32,204,40,74,6,324,2,52,54,378
04/23/2000,ABQ,NM,ASW,WE,Towers with Radar,213,46,39,3,301,0,3,34,4,41,213,49,73,7,342,28,0,28,370
04/24/2000,ABQ,NM,ASW,WE,Towers with Radar,226,75,99,45,445,0,11,56,28,95,226,86,155,73,540,32,46,78,618
04/25/2000,ABQ,NM,ASW,WE,Towers with Radar,250,107,132,67,556,0,16,64,60,140,250,123,196,127,696,18,78,96,792
04/26/2000,ABQ,NM,ASW,WE,Towers with Radar,239,117,114,37,507,0,9,79,57,145,239,126,193,94,652,22,64,86,738
04/27/2000,ABQ,NM,ASW,WE,Towers with Radar,236,107,145,29,517,0,16,81,56,153,236,123,226,85,670,32,76,108,778
04/28/2000,ABQ,NM,ASW,WE,Towers with Radar,234,109,141,41,525,0,0,0,0,0,234,109,141,41,525,18,72,90,615
04/29/2000,ABQ,NM,ASW,WE,Towers with Radar,202,56,92,8,358,0,3,93,14,110,202,59,185,22,468,20,4,24,492
04/30/2000,ABQ,NM,ASW,WE,Towers with Radar,210,58,58,16,342,0,5,48,6,59,210,63,106,22,401,2,14,16,417
05/01/2000,ABQ,NM,ASW,WE,Towers with Radar,225,90,88,37,440,0,13,90,47,150,225,103,178,84,590,6,36,42,632
05/02/2000,ABQ,NM,ASW,WE,Towers with Radar,234,100,111,50,495,0,9,70,59,138,234,109,181,109,633,58,70,128,761
05/03/2000,ABQ,NM,ASW,WE,Towers with Radar,237,111,109,26,483,0,8,86,40,134,237,119,195,66,617,14,32,46,663
05/04/2000,ABQ,NM,ASW,WE,Towers with Radar,229,104,125,30,488,0,5,83,36,124,229,109,208,66,612,14,48,62,674
05/05/2000,ABQ,NM,ASW,WE,Towers with Radar,237,104,223,111,675,0,0,0,0,0,237,104,223,111,675,34,110,144,819
05/06/2000,ABQ,NM,ASW,WE,Towers with Radar,207,53,99,36,395,0,6,73,8,87,207,59,172,44,482,10,14,24,506
05/07/2000,ABQ,NM,ASW,WE,Towers with Radar,208,58,66,38,370,0,2,73,12,87,208,60,139,50,457,30,34,64,521
05/08/2000,ABQ,NM,ASW,WE,Towers with Radar,229,95,118,40,482,0,8,76,46,130,229,103,194,86,612,14,28,42,654
05/09/2000,ABQ,NM,ASW,WE,Towers with Radar,233,117,128,30,508,0,12,101,60,173,233,129,229,90,681,8,36,44,725
05/10/2000,ABQ,NM,ASW,WE,Towers with Radar,236,96,128,28,488,0,2,102,45,149,236,98,230,73,637,30,46,76,713
05/11/2000,ABQ,NM,ASW,WE,Towers with Radar,242,105,105,31,483,0,6,59,9,74,242,111,164,40,557,20,32,52,609
05/12/2000,ABQ,NM,ASW,WE,Towers with Radar,230,98,120,32,480,0,25,83,50,158,230,123,203,82,638,6,46,52,690
05/13/2000,ABQ,NM,ASW,WE,Towers with Radar,212,49,84,11,356,0,5,71,9,85,212,54,155,20,441,10,0,10,451
05/14/2000,ABQ,NM,ASW,WE,Towers with Radar,211,59,58,3,331,0,4,71,5,80,211,63,129,8,411,50,0,50,461
05/15/2000,ABQ,NM,ASW,WE,Towers with Radar,224,102,108,29,463,0,13,82,22,117,224,115,190,51,580,48,34,82,662
05/16/2000,ABQ,NM,ASW,WE,Towers with Radar,240,104,128,45,517,0,12,67,21,100,240,116,195,66,617,20,82,102,719
05/17/2000,ABQ,NM,ASW,WE,Towers with Radar,235,104,109,34,482,0,8,54,18,80,235,112,163,52,562,1,56,57,619
05/18/2000,ABQ,NM,ASW,WE,Towers with Radar,235,104,139,36,514,0,11,86,35,132,235,115,225,71,646,16,18,34,680
05/19/2000,ABQ,NM,ASW,WE,Towers with Radar,233,115,173,33,554,0,7,94,32,133,233,122,267,65,687,14,8,22,709
05/20/2000,ABQ,NM,ASW,WE,Towers with Radar,208,58,111,19,396,0,11,86,2,99,208,69,197,21,495,12,14,26,521
05/21/2000,ABQ,NM,ASW,WE,Towers with Radar,214,66,90,33,403,0,7,69,3,79,214,73,159,36,482,0,2,2,484
05/22/2000,ABQ,NM,ASW,WE,Towers with Radar,222,87,121,16,446,0,10,84,26,120,222,97,205,42,566,26,46,72,638
05/23/2000,ABQ,NM,ASW,WE,Towers with Radar,245,99,144,29,517,0,7,107,24,138,245,106,251,53,655,82,66,148,803
05/24/2000,ABQ,NM,ASW,WE,Towers with Radar,233,102,139,35,509,0,12,95,36,143,233,114,234,71,652,18,68,86,738
05/25/2000,ABQ,NM,ASW,WE,Towers with Radar,241,89,132,24,486,0,11,75,27,113,241,100,207,51,599,14,46,60,659
05/26/2000,ABQ,NM,ASW,WE,Towers with Radar,236,111,139,20,506,0,13,102,8,123,236,124,241,28,629,22,24,46,675
05/27/2000,ABQ,NM,ASW,WE,Towers with Radar,200,47,96,14,357,0,3,86,6,95,200,50,182,20,452,36,2,38,490
05/28/2000,ABQ,NM,ASW,WE,Towers with Radar,190,43,57,4,294,10,7,125,16,158,200,50,182,20,452,36,2,38,490
05/29/2000,ABQ,NM,ASW,WE,Towers with Radar,208,50,145,20,423,0,0,37,0,37,208,50,182,20,460,36,2,38,498
05/30/2000,ABQ,NM,ASW,WE,Towers with Radar,227,98,116,24,465,0,9,101,28,138,227,107,217,52,603,62,106,168,771
05/31/2000,ABQ,NM,ASW,WE,Towers with Radar,232,108,185,31,556,0,2,171,24,197,232,110,356,55,753,34,52,86,839
06/01/2000,ABQ,NM,ASW,WE,Towers with Radar,194,113,171,33,511,48,4,146,29,227,242,117,317,62,738,24,48,72,810
06/02/2000,ABQ,NM,ASW,WE,Towers with Radar,184,96,137,45,462,47,12,81,22,162,231,108,218,67,624,30,82,112,736
06/03/2000,ABQ,NM,ASW,WE,Towers with Radar,158,58,95,33,344,48,5,53,11,117,206,63,148,44,461,22,30,52,513
06/04/2000,ABQ,NM,ASW,WE,Towers with Radar,162,64,66,22,314,48,4,36,0,88,210,68,102,22,402,8,8,16,418
06/05/2000,ABQ,NM,ASW,WE,Towers with Radar,183,89,105,22,399,48,5,27,7,87,231,94,132,29,486,20,20,40,526
06/06/2000,ABQ,NM,ASW,WE,Towers with Radar,189,101,129,37,456,48,10,75,42,175,237,111,204,79,631,48,58,106,737
06/07/2000,ABQ,NM,ASW,WE,Towers with Radar,191,99,172,43,505,49,9,64,65,187,240,108,236,108,692,32,88,120,812
06/08/2000,ABQ,NM,ASW,WE,Towers with Radar,194,96,130,30,450,48,12,80,20,160,242,108,210,50,610,44,40,84,694
06/09/2000,ABQ,NM,ASW,WE,Towers with Radar,206,99,146,39,490,21,6,70,35,132,227,105,216,74,622,44,78,122,744
06/10/2000,ABQ,NM,ASW,WE,Towers with Radar,161,61,123,25,370,48,4,38,0,90,209,65,161,25,460,16,0,16,476
06/11/2000,ABQ,NM,ASW,WE,Towers with Radar,149,62,98,16,325,46,5,50,0,101,195,67,148,16,426,2,10,12,438
06/12/2000,ABQ,NM,ASW,WE,Towers with Radar,175,93,131,19,418,47,13,56,25,141,222,106,187,44,559,50,46,96,655
06/13/2000,ABQ,NM,ASW,WE,Towers with Radar,187,95,129,20,431,46,16,63,20,145,233,111,192,40,576,26,26,52,628
06/14/2000,ABQ,NM,ASW,WE,Towers with Radar,188,107,103,44,442,47,10,77,21,155,235,117,180,65,597,32,30,62,659
06/15/2000,ABQ,NM,ASW,WE,Towers with Radar,180,95,147,39,461,47,9,71,17,144,227,104,218,56,605,16,98,114,719
06/16/2000,ABQ,NM,ASW,WE,Towers with Radar,236,96,104,43,479,0,8,100,38,146,236,104,204,81,625,32,76,108,733
06/17/2000,ABQ,NM,ASW,WE,Towers with Radar,215,58,70,10,353,0,6,66,18,90,215,64,136,28,443,6,6,12,455
06/18/2000,ABQ,NM,ASW,WE,Towers with Radar,204,63,59,47,373,0,6,27,7,40,204,69,86,54,413,28,34,62,475
06/19/2000,ABQ,NM,ASW,WE,Towers with Radar,232,93,112,26,463,0,10,73,41,124,232,103,185,67,587,28,16,44,631
06/20/2000,ABQ,NM,ASW,WE,Towers with Radar,236,101,153,22,512,0,14,80,41,135,236,115,233,63,647,26,38,64,711
06/21/2000,ABQ,NM,ASW,WE,Towers with Radar,239,98,91,16,444,0,12,107,32,151,239,110,198,48,595,30,64,94,689
06/22/2000,ABQ,NM,ASW,WE,Towers with Radar,236,104,131,30,501,0,12,101,20,133,236,116,232,50,634,16,56,72,706
06/23/2000,ABQ,NM,ASW,WE,Towers with Radar,243,99,118,27,487,0,6,92,34,132,243,105,210,61,619,38,80,118,737
06/24/2000,ABQ,NM,ASW,WE,Towers with Radar,218,53,78,7,356,0,8,82,14,104,218,61,160,21,460,2,2,4,464
06/25/2000,ABQ,NM,ASW,WE,Towers with Radar,197,61,67,6,331,0,6,73,5,84,197,67,140,11,415,0,2,2,417
06/26/2000,ABQ,NM,ASW,WE,Towers with Radar,233,88,68,31,420,0,8,65,45,118,233,96,133,76,538,22,66,88,626
06/27/2000,ABQ,NM,ASW,WE,Towers with Radar,238,105,165,13,521,0,8,80,43,131,238,113,245,56,652,48,62,110,762
06/28/2000,ABQ,NM,ASW,WE,Towers with Radar,242,113,76,37,468,0,7,90,34,131,242,120,166,71,599,8,54,62,661
06/29/2000,ABQ,NM,ASW,WE,Towers with Radar,231,99,135,22,487,0,14,78,27,119,231,113,213,49,606,32,108,140,746
06/30/2000,ABQ,NM,ASW,WE,Towers with Radar,245,95,117,33,490,0,9,81,27,117,245,104,198,60,607,22,66,88,695
07/01/2000,ABQ,NM,ASW,WE,Towers with Radar,149,53,115,13,330,66,4,46,0,116,215,57,161,13,446,20,6,26,472
07/02/2000,ABQ,NM,ASW,WE,Towers with Radar,110,46,109,10,275,66,4,3,0,73,176,50,112,10,348,20,8,28,376
07/03/2000,ABQ,NM,ASW,WE,Towers with Radar,119,61,135,8,323,66,6,49,0,121,185,67,184,8,444,24,2,26,470
07/04/2000,ABQ,NM,ASW,WE,Towers with Radar,122,54,104,3,283,66,7,39,0,112,188,61,143,3,395,0,0,0,395
07/05/2000,ABQ,NM,ASW,WE,Towers with Radar,168,96,133,31,428,66,5,36,10,117,234,101,169,41,545,12,52,64,609
07/06/2000,ABQ,NM,ASW,WE,Towers with Radar,170,108,122,49,449,66,7,49,11,133,236,115,171,60,582,26,71,97,679
07/07/2000,ABQ,NM,ASW,WE,Towers with Radar,163,91,131,76,461,66,6,58,22,152,229,97,189,98,613,18,64,82,695
07/08/2000,ABQ,NM,ASW,WE,Towers with Radar,158,61,113,36,368,66,8,27,0,101,224,69,140,36,469,14,32,46,515
07/09/2000,ABQ,NM,ASW,WE,Towers with Radar,133,61,102,19,315,66,4,23,0,93,199,65,125,19,408,8,16,24,432
07/10/2000,ABQ,NM,ASW,WE,Towers with Radar,157,94,118,86,455,65,9,22,19,115,222,103,140,105,570,14,80,94,664
07/11/2000,ABQ,NM,ASW,WE,Towers with Radar,179,104,146,54,483,65,8,32,30,135,244,112,178,84,618,26,70,96,714
07/12/2000,ABQ,NM,ASW,WE,Towers with Radar,169,96,144,48,457,65,8,49,24,146,234,104,193,72,603,24,28,52,655
07/13/2000,ABQ,NM,ASW,WE,Towers with Radar,242,106,110,47,505,0,10,91,36,137,242,116,201,83,642,32,120,152,794
07/14/2000,ABQ,NM,ASW,WE,Towers with Radar,245,101,82,47,475,0,12,86,45,143,245,113,168,92,618,26,76,102,720
07/15/2000,ABQ,NM,ASW,WE,Towers with Radar,212,52,76,12,352,0,5,101,20,126,212,57,177,32,478,48,38,86,564
07/16/2000,ABQ,NM,ASW,WE,Towers with Radar,196,64,61,19,340,0,4,60,12,76,196,68,121,31,416,32,12,44,460
07/17/2000,ABQ,NM,ASW,WE,Towers with Radar,226,89,92,16,423,0,6,93,36,135,226,95,185,52,558,26,36,62,620
07/18/2000,ABQ,NM,ASW,WE,Towers with Radar,230,105,102,14,451,0,17,102,38,157,230,122,204,52,608,68,62,130,738
07/19/2000,ABQ,NM,ASW,WE,Towers with Radar,232,100,138,30,500,0,23,73,55,151,232,123,211,85,651,26,54,80,731
07/20/2000,ABQ,NM,ASW,WE,Towers with Radar,233,107,138,14,492,0,24,102,52,178,233,131,240,66,670,44,136,180,850
07/21/2000,ABQ,NM,ASW,WE,Towers with Radar,239,96,114,52,501,0,9,112,46,167,239,105,226,98,668,18,120,138,806
07/22/2000,ABQ,NM,ASW,WE,Towers with Radar,209,55,90,15,369,0,5,117,42,164,209,60,207,57,533,30,44,74,607
07/23/2000,ABQ,NM,ASW,WE,Towers with Radar,197,62,54,22,335,0,5,66,15,86,197,67,120,37,421,12,10,22,443
07/24/2000,ABQ,NM,ASW,WE,Towers with Radar,233,80,86,34,433,0,7,84,50,141,233,87,170,84,574,50,44,94,668
07/25/2000,ABQ,NM,ASW,WE,Towers with Radar,237,101,81,34,453,0,11,93,42,146,237,112,174,76,599,14,106,120,719
07/26/2000,ABQ,NM,ASW,WE,Towers with Radar,234,94,101,31,460,0,7,96,48,151,234,101,197,79,611,8,86,94,705
07/27/2000,ABQ,NM,ASW,WE,Towers with Radar,242,104,93,17,456,0,8,109,36,153,242,112,202,53,609,22,102,124,733
07/28/2000,ABQ,NM,ASW,WE,Towers with Radar,219,110,105,22,456,0,9,129,29,167,219,119,234,51,623,46,72,118,741
07/29/2000,ABQ,NM,ASW,WE,Towers with Radar,216,53,86,13,368,0,6,79,10,95,216,59,165,23,463,28,4,32,495
07/30/2000,ABQ,NM,ASW,WE,Towers with Radar,199,69,65,13,346,0,7,58,12,77,199,76,123,25,423,38,26,64,487
07/31/2000,ABQ,NM,ASW,WE,Towers with Radar,227,90,90,64,471,0,6,78,32,116,227,96,168,96,587,32,74,106,693
08/01/2000,ABQ,NM,ASW,WE,Towers with Radar,245,58,110,46,459,0,64,73,36,173,245,122,183,82,632,6,118,124,756
08/02/2000,ABQ,NM,ASW,WE,Towers with Radar,244,57,121,80,502,0,58,71,28,157,244,115,192,108,659,42,100,142,801
08/03/2000,ABQ,NM,ASW,WE,Towers with Radar,239,42,99,51,431,0,63,94,26,183,239,105,193,77,614,56,104,160,774
08/04/2000,ABQ,NM,ASW,WE,Towers with Radar,242,53,110,67,472,0,60,70,18,148,242,113,180,85,620,28,66,94,714
08/05/2000,ABQ,NM,ASW,WE,Towers with Radar,211,4,78,32,325,0,57,50,0,107,211,61,128,32,432,31,34,65,497
08/06/2000,ABQ,NM,ASW,WE,Towers with Radar,192,18,80,27,317,0,57,45,0,102,192,75,125,27,419,24,6,30,449
08/07/2000,ABQ,NM,ASW,WE,Towers with Radar,233,30,85,67,415,0,60,65,9,134,233,90,150,76,549,20,20,40,589
08/08/2000,ABQ,NM,ASW,WE,Towers with Radar,240,45,109,44,438,0,60,75,17,152,240,105,184,61,590,36,130,166,756
08/09/2000,ABQ,NM,ASW,WE,Towers with Radar,238,50,106,62,456,0,67,58,23,148,238,117,164,85,604,7,41,48,652
08/10/2000,ABQ,NM,ASW,WE,Towers with Radar,237,53,128,41,459,0,61,72,23,156,237,114,200,64,615,54,84,138,753
08/11/2000,ABQ,NM,ASW,WE,Towers with Radar,231,39,94,64,428,0,66,82,25,173,231,105,176,89,601,56,96,152,753
08/12/2000,ABQ,NM,ASW,WE,Towers with Radar,216,1,82,21,320,0,65,56,27,148,216,66,138,48,468,104,134,238,706
08/13/2000,ABQ,NM,ASW,WE,Towers with Radar,204,0,76,28,308,0,59,44,0,103,204,59,120,28,411,10,38,48,459
08/14/2000,ABQ,NM,ASW,WE,Towers with Radar,233,26,110,43,412,0,59,59,6,124,233,85,169,49,536,50,82,132,668
08/15/2000,ABQ,NM,ASW,WE,Towers with Radar,243,46,130,54,473,0,66,74,17,157,243,112,204,71,630,38,42,80,710
08/16/2000,ABQ,NM,ASW,WE,Towers with Radar,230,49,122,44,445,0,60,74,18,152,230,109,196,62,597,21,55,76,673
08/17/2000,ABQ,NM,ASW,WE,Towers with Radar,239,40,115,52,446,0,64,67,21,152,239,104,182,73,598,18,110,128,726
08/18/2000,ABQ,NM,ASW,WE,Towers with Radar,243,46,159,49,497,0,59,31,7,97,243,105,190,56,594,20,68,88,682
08/19/2000,ABQ,NM,ASW,WE,Towers with Radar,211,14,107,33,365,0,58,56,10,124,211,72,163,43,489,4,55,59,548
08/20/2000,ABQ,NM,ASW,WE,Towers with Radar,200,20,105,24,349,0,58,61,0,119,200,78,166,24,468,72,44,116,584
08/21/2000,ABQ,NM,ASW,WE,Towers with Radar,244,34,99,39,416,0,60,67,19,146,244,94,166,58,562,94,14,108,670
08/22/2000,ABQ,NM,ASW,WE,Towers with Radar,237,54,142,35,468,0,71,70,32,173,237,125,212,67,641,32,29,61,702
08/23/2000,ABQ,NM,ASW,WE,Towers with Radar,168,110,93,11,382,80,0,59,78,217,248,110,152,89,599,48,44,92,691
08/24/2000,ABQ,NM,ASW,WE,Towers with Radar,157,112,119,11,399,80,0,83,40,203,237,112,202,51,602,50,114,164,766
08/25/2000,ABQ,NM,ASW,WE,Towers with Radar,160,109,120,20,409,80,0,89,88,257,240,109,209,108,666,64,124,188,854
08/26/2000,ABQ,NM,ASW,WE,Towers with Radar,139,66,132,11,348,79,0,77,37,193,218,66,209,48,541,48,36,84,625
08/27/2000,ABQ,NM,ASW,WE,Towers with Radar,119,70,73,11,273,79,0,40,19,138,198,70,113,30,411,38,24,62,473
08/28/2000,ABQ,NM,ASW,WE,Towers with Radar,152,92,132,11,387,79,0,41,54,174,231,92,173,65,561,41,46,87,648
08/29/2000,ABQ,NM,ASW,WE,Towers with Radar,152,101,110,11,374,79,0,62,56,197,231,101,172,67,571,26,34,60,631
08/30/2000,ABQ,NM,ASW,WE,Towers with Radar,164,103,127,16,410,79,0,81,87,247,243,103,208,103,657,16,108,124,781
08/31/2000,ABQ,NM,ASW,WE,Towers with Radar,157,112,134,11,414,79,0,87,63,229,236,112,221,74,643,70,54,124,767
09/01/2000,ABQ,NM,ASW,WE,Towers with Radar,237,103,133,24,497,0,9,84,12,105,237,112,217,36,602,80,78,158,760
09/02/2000,ABQ,NM,ASW,WE,Towers with Radar,194,48,74,6,322,0,4,61,10,75,194,52,135,16,397,12,10,22,419
09/03/2000,ABQ,NM,ASW,WE,Towers with Radar,176,26,64,10,276,0,4,57,10,71,176,30,121,20,347,16,4,20,367
09/04/2000,ABQ,NM,ASW,WE,Towers with Radar,213,46,101,22,382,0,5,54,10,69,213,51,155,32,451,14,2,16,467
09/05/2000,ABQ,NM,ASW,WE,Towers with Radar,231,64,104,42,441,0,6,64,19,89,231,70,168,61,530,60,38,98,628
09/06/2000,ABQ,NM,ASW,WE,Towers with Radar,238,81,115,24,458,0,7,93,29,129,238,88,208,53,587,40,148,188,775
09/07/2000,ABQ,NM,ASW,WE,Towers with Radar,230,99,98,74,501,0,8,77,32,117,230,107,175,106,618,48,194,242,860
09/08/2000,ABQ,NM,ASW,WE,Towers with Radar,230,100,174,46,550,0,6,76,39,121,230,106,250,85,671,38,68,106,777
09/09/2000,ABQ,NM,ASW,WE,Towers with Radar,210,61,96,44,411,0,16,80,6,102,210,77,176,50,513,38,86,124,637
09/10/2000,ABQ,NM,ASW,WE,Towers with Radar,202,53,93,15,363,0,8,45,17,70,202,61,138,32,433,8,84,92,525
09/11/2000,ABQ,NM,ASW,WE,Towers with Radar,228,80,82,64,454,0,22,0,22,44,228,102,82,86,498,32,82,114,612
09/12/2000,ABQ,NM,ASW,WE,Towers with Radar,228,97,116,37,478,0,14,90,31,135,228,111,206,68,613,20,96,116,729
09/13/2000,ABQ,NM,ASW,WE,Towers with Radar,244,93,113,70,520,0,13,93,20,126,244,106,206,90,646,22,60,82,728
09/14/2000,ABQ,NM,ASW,WE,Towers with Radar,236,99,160,48,543,0,14,87,17,118,236,113,247,65,661,62,70,132,793
09/15/2000,ABQ,NM,ASW,WE,Towers with Radar,241,97,138,93,569,0,11,82,44,137,241,108,220,137,706,100,170,270,976
09/16/2000,ABQ,NM,ASW,WE,Towers with Radar,207,53,102,24,386,0,8,69,48,125,207,61,171,72,511,24,82,106,617
09/17/2000,ABQ,NM,ASW,WE,Towers with Radar,198,56,105,48,407,0,5,62,3,70,198,61,167,51,477,40,54,94,571
09/18/2000,ABQ,NM,ASW,WE,Towers with Radar,238,88,116,42,484,0,10,58,23,91,238,98,174,65,575,38,36,74,649
09/19/2000,ABQ,NM,ASW,WE,Towers with Radar,235,115,123,20,493,0,8,68,26,102,235,123,191,46,595,28,106,134,729
09/20/2000,ABQ,NM,ASW,WE,Towers with Radar,242,103,113,43,501,0,12,78,40,130,242,115,191,83,631,42,80,122,753
09/21/2000,ABQ,NM,ASW,WE,Towers with Radar,238,120,110,25,493,0,10,69,16,95,238,130,179,41,588,20,80,100,688
09/22/2000,ABQ,NM,ASW,WE,Towers with Radar,232,110,136,70,548,0,9,79,24,112,232,119,215,94,660,30,96,126,786
09/23/2000,ABQ,NM,ASW,WE,Towers with Radar,210,64,91,49,414,0,3,42,4,49,210,67,133,53,463,44,56,100,563
09/24/2000,ABQ,NM,ASW,WE,Towers with Radar,199,68,90,40,397,0,7,52,2,61,199,75,142,42,458,22,68,90,548
09/25/2000,ABQ,NM,ASW,WE,Towers with Radar,235,100,108,37,480,0,11,63,24,98,235,111,171,61,578,56,68,124,702
09/26/2000,ABQ,NM,ASW,WE,Towers with Radar,240,115,102,48,505,0,8,69,28,105,240,123,171,76,610,40,116,156,766
09/27/2000,ABQ,NM,ASW,WE,Towers with Radar,246,122,130,59,557,0,16,70,19,105,246,138,200,78,662,46,50,96,758
09/28/2000,ABQ,NM,ASW,WE,Towers with Radar,242,115,138,12,507,0,12,87,14,113,242,127,225,26,620,14,12,26,646
09/29/2000,ABQ,NM,ASW,WE,Towers with Radar,235,103,121,114,573,0,9,78,8,95,235,112,199,122,668,38,80,118,786
09/30/2000,ABQ,NM,ASW,WE,Towers with Radar,210,61,88,18,377,0,7,81,2,90,210,68,169,20,467,28,40,68,535
10/01/2000,ABQ,NM,ASW,WE,Towers with Radar,201,64,70,14,349,0,14,53,7,74,201,78,123,21,423,30,16,46,469
10/02/2000,ABQ,NM,ASW,WE,Towers with Radar,224,92,100,15,431,0,7,66,8,81,224,99,166,23,512,78,44,122,634
10/03/2000,ABQ,NM,ASW,WE,Towers with Radar,249,98,94,33,474,0,13,75,19,107,249,111,169,52,581,52,74,126,707
10/04/2000,ABQ,NM,ASW,WE,Towers with Radar,237,104,125,62,528,0,7,71,21,99,237,111,196,83,627,32,68,100,727
10/05/2000,ABQ,NM,ASW,WE,Towers with Radar,247,97,127,34,505,0,13,99,16,128,247,110,226,50,633,32,36,68,701
10/06/2000,ABQ,NM,ASW,WE,Towers with Radar,238,112,158,47,555,0,9,63,35,107,238,121,221,82,662,42,114,156,818
10/07/2000,ABQ,NM,ASW,WE,Towers with Radar,200,79,100,20,399,20,0,5,0,25,220,79,105,20,424,6,46,52,476
10/08/2000,ABQ,NM,ASW,WE,Towers with Radar,203,56,56,14,329,0,0,7,1,8,203,56,63,15,337,24,0,24,361
10/09/2000,ABQ,NM,ASW,WE,Towers with Radar,231,85,124,13,453,0,4,14,3,21,231,89,138,16,474,36,2,38,512
10/10/2000,ABQ,NM,ASW,WE,Towers with Radar,240,116,160,40,556,0,6,28,26,60,240,122,188,66,616,20,38,58,674
10/11/2000,ABQ,NM,ASW,WE,Towers with Radar,242,130,108,66,546,0,5,39,29,73,242,135,147,95,619,2,80,82,701
10/12/2000,ABQ,NM,ASW,WE,Towers with Radar,255,107,135,43,540,0,1,19,27,47,255,108,154,70,587,34,60,94,681
10/13/2000,ABQ,NM,ASW,WE,Towers with Radar,235,105,148,41,529,0,8,61,33,102,235,113,209,74,631,24,98,122,753
10/14/2000,ABQ,NM,ASW,WE,Towers with Radar,211,61,97,12,381,0,10,79,12,101,211,71,176,24,482,12,38,50,532
10/15/2000,ABQ,NM,ASW,WE,Towers with Radar,203,79,95,26,403,0,5,62,0,67,203,84,157,26,470,28,20,48,518
10/16/2000,ABQ,NM,ASW,WE,Towers with Radar,237,93,113,44,487,0,9,69,30,108,237,102,182,74,595,14,54,68,663
10/17/2000,ABQ,NM,ASW,WE,Towers with Radar,242,101,143,54,540,0,12,79,59,150,242,113,222,113,690,12,88,100,790
10/18/2000,ABQ,NM,ASW,WE,Towers with Radar,244,107,129,46,526,0,12,71,20,103,244,119,200,66,629,14,70,84,713
10/19/2000,ABQ,NM,ASW,WE,Towers with Radar,235,98,160,35,528,0,9,87,33,129,235,107,247,68,657,42,102,144,801
10/20/2000,ABQ,NM,ASW,WE,Towers with Radar,241,95,167,46,549,0,10,86,49,145,241,105,253,95,694,88,50,138,832
10/21/2000,ABQ,NM,ASW,WE,Towers with Radar,211,73,74,4,362,0,3,40,6,49,211,76,114,10,411,22,34,56,467
10/22/2000,ABQ,NM,ASW,WE,Towers with Radar,194,70,61,17,342,0,5,18,8,31,194,75,79,25,373,2,22,24,397
10/23/2000,ABQ,NM,ASW,WE,Towers with Radar,233,96,93,21,443,0,0,5,10,15,233,96,98,31,458,20,46,66,524
10/24/2000,ABQ,NM,ASW,WE,Towers with Radar,243,116,149,45,553,0,4,34,31,69,243,120,183,76,622,16,50,66,688
10/25/2000,ABQ,NM,ASW,WE,Towers with Radar,238,118,151,27,534,0,10,51,38,99,238,128,202,65,633,68,68,136,769
10/26/2000,ABQ,NM,ASW,WE,Towers with Radar,234,113,107,39,493,0,7,88,28,123,234,120,195,67,616,46,108,154,770
10/27/2000,ABQ,NM,ASW,WE,Towers with Radar,224,109,137,54,524,0,6,80,28,114,224,115,217,82,638,64,112,176,814
10/28/2000,ABQ,NM,ASW,WE,Towers with Radar,223,61,94,6,384,0,0,14,6,20,223,61,108,12,404,14,4,18,422
10/29/2000,ABQ,NM,ASW,WE,Towers with Radar,211,47,102,30,390,0,7,53,6,66,211,54,155,36,456,16,36,52,508
10/30/2000,ABQ,NM,ASW,WE,Towers with Radar,249,96,87,78,510,0,6,47,43,96,249,102,134,121,606,52,94,146,752
10/31/2000,ABQ,NM,ASW,WE,Towers with Radar,241,108,93,31,473,0,4,76,24,104,241,112,169,55,577,38,78,116,693
11/01/2000,ABQ,NM,ASW,WE,Towers with Radar,231,123,119,35,508,2,9,66,32,109,233,132,185,67,617,24,90,114,731
11/02/2000,ABQ,NM,ASW,WE,Towers with Radar,223,93,104,53,473,2,15,100,58,175,225,108,204,111,648,44,110,154,802
11/03/2000,ABQ,NM,ASW,WE,Towers with Radar,239,104,132,59,534,2,4,22,26,54,241,108,154,85,588,75,120,195,783
11/04/2000,ABQ,NM,ASW,WE,Towers with Radar,203,53,62,40,358,2,0,11,11,24,205,53,73,51,382,0,10,10,392
11/05/2000,ABQ,NM,ASW,WE,Towers with Radar,209,60,70,40,379,2,1,12,23,38,211,61,82,63,417,10,2,12,429
11/06/2000,ABQ,NM,ASW,WE,Towers with Radar,221,104,114,33,472,2,6,58,30,96,223,110,172,63,568,62,28,90,658
11/07/2000,ABQ,NM,ASW,WE,Towers with Radar,236,105,105,36,482,2,0,7,19,28,238,105,112,55,510,36,28,64,574
11/08/2000,ABQ,NM,ASW,WE,Towers with Radar,231,99,136,57,523,2,7,0,40,49,233,106,136,97,572,56,120,176,748
11/09/2000,ABQ,NM,ASW,WE,Towers with Radar,224,110,159,95,588,2,11,69,36,118,226,121,228,131,706,60,190,250,956
11/10/2000,ABQ,NM,ASW,WE,Towers with Radar,233,103,155,45,536,2,10,96,27,135,235,113,251,72,671,32,28,60,731
11/11/2000,ABQ,NM,ASW,WE,Towers with Radar,196,56,68,5,325,2,4,10,13,29,198,60,78,18,354,30,40,70,424
11/12/2000,ABQ,NM,ASW,WE,Towers with Radar,195,69,97,17,378,2,3,31,5,41,197,72,128,22,419,14,24,38,457
11/13/2000,ABQ,NM,ASW,WE,Towers with Radar,213,90,109,21,433,2,9,69,31,111,215,99,178,52,544,62,78,140,684
11/14/2000,ABQ,NM,ASW,WE,Towers with Radar,246,109,128,49,532,2,12,83,44,141,248,121,211,93,673,50,104,154,827
11/15/2000,ABQ,NM,ASW,WE,Towers with Radar,224,101,123,27,475,2,3,63,41,109,226,104,186,68,584,16,48,64,648
11/16/2000,ABQ,NM,ASW,WE,Towers with Radar,228,97,142,46,513,2,6,74,30,112,230,103,216,76,625,84,132,216,841
11/17/2000,ABQ,NM,ASW,WE,Towers with Radar,225,116,152,83,576,2,15,75,35,127,227,131,227,118,703,36,142,178,881
11/18/2000,ABQ,NM,ASW,WE,Towers with Radar,199,61,72,199,531,2,7,48,10,67,201,68,120,209,598,38,190,228,826
11/19/2000,ABQ,NM,ASW,WE,Towers with Radar,205,53,88,34,380,2,4,57,4,67,207,57,145,38,447,42,14,56,503
11/20/2000,ABQ,NM,ASW,WE,Towers with Radar,221,85,96,22,424,1,6,48,24,79,222,91,144,46,503,36,66,102,605
11/21/2000,ABQ,NM,ASW,WE,Towers with Radar,227,92,118,36,473,1,10,67,36,114,228,102,185,72,587,24,86,110,697
11/22/2000,ABQ,NM,ASW,WE,Towers with Radar,235,93,115,41,484,1,12,76,25,114,236,105,191,66,598,36,88,124,722
11/23/2000,ABQ,NM,ASW,WE,Towers with Radar,153,40,26,0,219,1,1,9,0,11,154,41,35,0,230,10,0,10,240
11/24/2000,ABQ,NM,ASW,WE,Towers with Radar,163,51,106,3,323,1,10,55,11,77,164,61,161,14,400,22,0,22,422
11/25/2000,ABQ,NM,ASW,WE,Towers with Radar,114,47,58,23,242,66,3,73,6,148,180,50,131,29,390,18,10,28,418
11/26/2000,ABQ,NM,ASW,WE,Towers with Radar,207,74,110,11,402,1,6,45,9,61,208,80,155,20,463,26,0,26,489
11/27/2000,ABQ,NM,ASW,WE,Towers with Radar,224,96,99,42,461,1,10,52,17,80,225,106,151,59,541,46,6,52,593
11/28/2000,ABQ,NM,ASW,WE,Towers with Radar,237,121,109,69,536,1,9,94,32,136,238,130,203,101,672,36,100,136,808
11/29/2000,ABQ,NM,ASW,WE,Towers with Radar,233,109,133,30,505,1,6,84,27,118,234,115,217,57,623,24,60,84,707
11/30/2000,ABQ,NM,ASW,WE,Towers with Radar,236,117,94,72,519,0,6,56,31,93,236,123,150,103,612,44,82,126,738
12/01/2000,ABQ,NM,ASW,WE,Towers with Radar,227,102,121,89,539,0,10,82,38,130,227,112,203,127,669,20,60,80,749
12/02/2000,ABQ,NM,ASW,WE,Towers with Radar,194,56,79,26,355,0,6,73,13,92,194,62,152,39,447,38,24,62,509
12/03/2000,ABQ,NM,ASW,WE,Towers with Radar,203,59,100,43,405,0,7,50,14,71,203,66,150,57,476,30,20,50,526
12/04/2000,ABQ,NM,ASW,WE,Towers with Radar,219,98,112,28,457,0,9,64,16,89,219,107,176,44,546,12,38,50,596
12/05/2000,ABQ,NM,ASW,WE,Towers with Radar,226,104,113,44,487,0,7,56,41,104,226,111,169,85,591,22,28,50,641
12/06/2000,ABQ,NM,ASW,WE,Towers with Radar,227,106,119,24,476,0,8,69,53,130,227,114,188,77,606,26,82,108,714
12/07/2000,ABQ,NM,ASW,WE,Towers with Radar,222,97,131,70,520,0,14,64,47,125,222,111,195,117,645,49,114,163,808
12/08/2000,ABQ,NM,ASW,WE,Towers with Radar,224,102,129,24,479,0,7,70,41,118,224,109,199,65,597,54,102,156,753
12/09/2000,ABQ,NM,ASW,WE,Towers with Radar,190,61,56,24,331,0,13,65,2,80,190,74,121,26,411,38,20,58,469
12/10/2000,ABQ,NM,ASW,WE,Towers with Radar,178,64,66,11,319,26,7,48,0,81,204,71,114,11,400,34,6,40,440
12/11/2000,ABQ,NM,ASW,WE,Towers with Radar,222,115,87,44,468,0,10,44,42,96,222,125,131,86,564,36,74,110,674
12/12/2000,ABQ,NM,ASW,WE,Towers with Radar,221,80,90,23,414,11,37,65,42,155,232,117,155,65,569,22,88,110,679
12/13/2000,ABQ,NM,ASW,WE,Towers with Radar,216,95,122,28,461,0,9,68,67,144,216,104,190,95,605,31,56,87,692
12/14/2000,ABQ,NM,ASW,WE,Towers with Radar,240,102,89,23,454,0,18,83,29,130,240,120,172,52,584,38,102,140,724
12/15/2000,ABQ,NM,ASW,WE,Towers with Radar,225,105,133,50,513,0,10,66,36,112,225,115,199,86,625,60,120,180,805
12/16/2000,ABQ,NM,ASW,WE,Towers with Radar,175,58,64,23,320,25,13,57,0,95,200,71,121,23,415,26,48,74,489
12/17/2000,ABQ,NM,ASW,WE,Towers with Radar,222,59,54,31,366,0,12,49,13,74,222,71,103,44,440,46,20,66,506
12/18/2000,ABQ,NM,ASW,WE,Towers with Radar,231,105,104,60,500,0,9,59,29,97,231,114,163,89,597,10,44,54,651
12/19/2000,ABQ,NM,ASW,WE,Towers with Radar,247,95,152,42,536,0,8,68,39,115,247,103,220,81,651,36,86,122,773
12/20/2000,ABQ,NM,ASW,WE,Towers with Radar,241,102,115,28,486,0,11,72,34,117,241,113,187,62,603,40,92,132,735
12/21/2000,ABQ,NM,ASW,WE,Towers with Radar,238,105,118,27,488,0,16,89,40,145,238,121,207,67,633,42,144,186,819
12/22/2000,ABQ,NM,ASW,WE,Towers with Radar,248,102,92,24,466,6,12,105,4,127,254,114,197,28,593,46,6,52,645
12/23/2000,ABQ,NM,ASW,WE,Towers with Radar,187,61,72,23,343,14,11,65,0,90,201,72,137,23,433,40,0,40,473
12/24/2000,ABQ,NM,ASW,WE,Towers with Radar,112,46,53,3,214,61,7,23,0,91,173,53,76,3,305,0,0,0,305
12/25/2000,ABQ,NM,ASW,WE,Towers with Radar,67,38,25,0,130,89,2,0,0,91,156,40,25,0,221,0,0,0,221
12/26/2000,ABQ,NM,ASW,WE,Towers with Radar,142,61,43,2,248,57,3,0,0,60,199,64,43,2,308,0,0,0,308
12/27/2000,ABQ,NM,ASW,WE,Towers with Radar,212,105,102,12,431,6,8,27,0,41,218,113,129,12,472,10,12,22,494
12/28/2000,ABQ,NM,ASW,WE,Towers with Radar,244,108,121,25,498,0,11,76,30,117,244,119,197,55,615,28,10,38,653
12/29/2000,ABQ,NM,ASW,WE,Towers with Radar,221,97,85,13,416,6,11,79,0,96,227,108,164,13,512,48,20,68,580
12/30/2000,ABQ,NM,ASW,WE,Towers with Radar,169,55,82,24,330,13,14,76,36,139,182,69,158,60,469,62,0,62,531
12/31/2000,ABQ,NM,ASW,WE,Towers with Radar,132,40,53,7,232,43,9,31,0,83,175,49,84,7,315,0,14,14,329
01/01/2001,ABQ,NM,ASW,WE,Towers with Radar,148,59,67,5,279,26,0,35,0,61,174,59,102,5,340,20,2,22,362
01/02/2001,ABQ,NM,ASW,WE,Towers with Radar,214,89,73,29,405,0,8,42,27,77,214,97,115,56,482,22,40,62,544
01/03/2001,ABQ,NM,ASW,WE,Towers with Radar,235,96,98,76,505,0,7,80,14,101,235,103,178,90,606,22,70,92,698
01/04/2001,ABQ,NM,ASW,WE,Towers with Radar,237,95,102,45,479,0,10,94,31,135,237,105,196,76,614,42,130,172,786
01/05/2001,ABQ,NM,ASW,WE,Towers with Radar,231,107,98,83,519,0,3,95,28,126,231,110,193,111,645,150,58,208,853
01/06/2001,ABQ,NM,ASW,WE,Towers with Radar,186,58,87,43,374,0,10,78,18,106,186,68,165,61,480,38,124,162,642
01/07/2001,ABQ,NM,ASW,WE,Towers with Radar,210,61,60,78,409,0,5,39,6,50,210,66,99,84,459,18,38,56,515
01/08/2001,ABQ,NM,ASW,WE,Towers with Radar,243,100,118,18,479,0,11,61,22,94,243,111,179,40,573,20,26,46,619
01/09/2001,ABQ,NM,ASW,WE,Towers with Radar,231,105,98,21,455,0,4,43,11,58,231,109,141,32,513,20,82,102,615
01/10/2001,ABQ,NM,ASW,WE,Towers with Radar,220,105,91,64,480,0,4,36,30,70,220,109,127,94,550,58,82,140,690
01/11/2001,ABQ,NM,ASW,WE,Towers with Radar,234,113,141,91,579,0,13,84,46,143,234,126,225,137,722,70,106,176,898
01/12/2001,ABQ,NM,ASW,WE,Towers with Radar,223,101,85,48,457,0,16,44,22,82,223,117,129,70,539,36,38,74,613
01/13/2001,ABQ,NM,ASW,WE,Towers with Radar,195,67,67,40,369,0,3,43,5,51,195,70,110,45,420,14,60,74,494
01/14/2001,ABQ,NM,ASW,WE,Towers with Radar,207,62,77,14,360,0,6,48,3,57,207,68,125,17,417,8,8,16,433
01/15/2001,ABQ,NM,ASW,WE,Towers with Radar,213,83,142,26,464,0,23,103,22,148,213,106,245,48,612,14,38,52,664
01/16/2001,ABQ,NM,ASW,WE,Towers with Radar,228,102,99,43,472,0,0,10,17,27,228,102,109,60,499,54,96,150,649
01/17/2001,ABQ,NM,ASW,WE,Towers with Radar,239,109,132,107,587,0,6,30,25,61,239,115,162,132,648,38,144,182,830
01/18/2001,ABQ,NM,ASW,WE,Towers with Radar,225,112,96,60,493,0,8,75,41,124,225,120,171,101,617,24,108,132,749
01/19/2001,ABQ,NM,ASW,WE,Towers with Radar,227,112,142,79,560,0,17,96,46,159,227,129,238,125,719,38,328,366,1085
01/20/2001,ABQ,NM,ASW,WE,Towers with Radar,185,64,101,138,488,0,5,69,20,94,185,69,170,158,582,38,188,226,808
01/21/2001,ABQ,NM,ASW,WE,Towers with Radar,200,59,92,37,388,0,3,56,7,66,200,62,148,44,454,46,36,82,536
01/22/2001,ABQ,NM,ASW,WE,Towers with Radar,233,95,135,44,507,0,6,68,34,108,233,101,203,78,615,58,42,100,715
01/23/2001,ABQ,NM,ASW,WE,Towers with Radar,230,101,115,19,465,0,2,12,4,18,230,103,127,23,483,6,30,36,519
01/24/2001,ABQ,NM,ASW,WE,Towers with Radar,263,117,142,18,540,0,1,21,30,52,263,118,163,48,592,72,60,132,724
01/25/2001,ABQ,NM,ASW,WE,Towers with Radar,230,124,96,21,471,0,9,28,24,61,230,133,124,45,532,76,40,116,648
01/26/2001,ABQ,NM,ASW,WE,Towers with Radar,224,99,140,48,511,0,9,85,45,139,224,108,225,93,650,112,48,160,810
01/27/2001,ABQ,NM,ASW,WE,Towers with Radar,188,45,37,0,270,0,0,1,1,2,188,45,38,1,272,0,0,0,272
01/28/2001,ABQ,NM,ASW,WE,Towers with Radar,185,59,38,0,282,0,0,11,1,12,185,59,49,1,294,10,6,16,310
01/29/2001,ABQ,NM,ASW,WE,Towers with Radar,215,89,80,16,400,0,13,32,21,66,215,102,112,37,466,38,42,80,546
01/30/2001,ABQ,NM,ASW,WE,Towers with Radar,238,54,67,29,388,0,0,0,0,0,238,54,67,29,388,12,72,84,472
01/31/2001,ABQ,NM,ASW,WE,Towers with Radar,229,120,109,44,502,0,9,54,34,97,229,129,163,78,599,42,100,142,741
02/01/2001,ABQ,NM,ASW,WE,Towers with Radar,231,103,122,54,510,1,7,76,41,125,232,110,198,95,635,58,136,194,829
02/02/2001,ABQ,NM,ASW,WE,Towers with Radar,226,111,118,120,575,0,9,66,32,107,226,120,184,152,682,56,130,186,868
02/03/2001,ABQ,NM,ASW,WE,Towers with Radar,187,81,126,46,440,0,11,81,14,106,187,92,207,60,546,36,70,106,652
02/04/2001,ABQ,NM,ASW,WE,Towers with Radar,199,63,84,16,362,0,8,72,13,93,199,71,156,29,455,30,18,48,503
02/05/2001,ABQ,NM,ASW,WE,Towers with Radar,209,88,126,9,432,0,6,63,7,76,209,94,189,16,508,34,8,42,550
02/06/2001,ABQ,NM,ASW,WE,Towers with Radar,232,103,112,26,473,0,11,73,25,109,232,114,185,51,582,26,4,30,612
02/07/2001,ABQ,NM,ASW,WE,Towers with Radar,227,104,103,38,472,0,7,54,31,92,227,111,157,69,564,62,124,186,750
02/08/2001,ABQ,NM,ASW,WE,Towers with Radar,232,96,99,12,439,0,3,17,20,40,232,99,116,32,479,12,70,82,561
02/09/2001,ABQ,NM,ASW,WE,Towers with Radar,227,110,106,80,523,0,9,93,66,168,227,119,199,146,691,60,122,182,873
02/10/2001,ABQ,NM,ASW,WE,Towers with Radar,186,64,102,24,376,0,7,72,5,84,186,71,174,29,460,100,46,146,606
02/11/2001,ABQ,NM,ASW,WE,Towers with Radar,196,52,62,22,332,0,12,32,10,54,196,64,94,32,386,44,10,54,440
02/12/2001,ABQ,NM,ASW,WE,Towers with Radar,218,97,87,39,441,0,6,64,22,92,218,103,151,61,533,22,44,66,599
02/13/2001,ABQ,NM,ASW,WE,Towers with Radar,220,104,99,43,466,0,9,55,37,101,220,113,154,80,567,12,62,74,641
02/14/2001,ABQ,NM,ASW,WE,Towers with Radar,234,110,93,12,449,0,4,25,29,58,234,114,118,41,507,36,56,92,599
02/15/2001,ABQ,NM,ASW,WE,Towers with Radar,224,103,121,52,500,0,9,61,36,106,224,112,182,88,606,30,162,192,798
02/16/2001,ABQ,NM,ASW,WE,Towers with Radar,224,99,129,51,503,0,15,79,28,122,224,114,208,79,625,56,130,186,811
02/17/2001,ABQ,NM,ASW,WE,Towers with Radar,199,57,101,60,417,0,11,77,24,112,199,68,178,84,529,36,46,82,611
02/18/2001,ABQ,NM,ASW,WE,Towers with Radar,194,64,70,18,346,0,3,80,8,91,194,67,150,26,437,20,10,30,467
02/19/2001,ABQ,NM,ASW,WE,Towers with Radar,212,81,99,30,422,0,20,73,11,104,212,101,172,41,526,48,18,66,592
02/20/2001,ABQ,NM,ASW,WE,Towers with Radar,224,94,132,48,498,0,24,77,26,127,224,118,209,74,625,70,32,102,727
02/21/2001,ABQ,NM,ASW,WE,Towers with Radar,228,134,138,31,531,0,7,90,44,141,228,141,228,75,672,66,118,184,856
02/22/2001,ABQ,NM,ASW,WE,Towers with Radar,241,103,154,36,534,0,19,74,33,126,241,122,228,69,660,86,130,216,876
02/23/2001,ABQ,NM,ASW,WE,Towers with Radar,230,108,128,81,547,0,11,63,30,104,230,119,191,111,651,46,100,146,797
02/24/2001,ABQ,NM,ASW,WE,Towers with Radar,183,66,68,31,348,0,4,29,9,42,183,70,97,40,390,22,66,88,478
02/25/2001,ABQ,NM,ASW,WE,Towers with Radar,198,61,95,19,373,0,8,62,12,82,198,69,157,31,455,20,16,36,491
02/26/2001,ABQ,NM,ASW,WE,Towers with Radar,221,96,83,32,432,0,9,46,23,78,221,105,129,55,510,24,20,44,554
02/27/2001,ABQ,NM,ASW,WE,Towers with Radar,219,129,128,54,530,0,7,36,28,71,219,136,164,82,601,84,84,168,769
02/28/2001,ABQ,NM,ASW,WE,Towers with Radar,222,110,126,24,482,0,2,18,17,37,222,112,144,41,519,30,82,112,631
03/01/2001,ABQ,NM,ASW,WE,Towers with Radar,236,130,128,30,524,0,10,56,29,95,236,140,184,59,619,40,66,106,725
03/02/2001,ABQ,NM,ASW,WE,Towers with Radar,223,126,131,118,598,0,12,68,26,106,223,138,199,144,704,62,120,182,886
03/03/2001,ABQ,NM,ASW,WE,Towers with Radar,192,86,96,44,418,0,3,75,19,97,192,89,171,63,515,32,36,68,583
03/04/2001,ABQ,NM,ASW,WE,Towers with Radar,195,70,71,35,371,0,5,69,5,79,195,75,140,40,450,66,66,132,582
03/05/2001,ABQ,NM,ASW,WE,Towers with Radar,232,98,146,37,513,0,22,55,24,101,232,120,201,61,614,8,44,52,666
03/06/2001,ABQ,NM,ASW,WE,Towers with Radar,243,108,136,39,526,0,8,74,24,106,243,116,210,63,632,50,68,118,750
03/07/2001,ABQ,NM,ASW,WE,Towers with Radar,231,114,108,15,468,0,4,31,26,61,231,118,139,41,529,44,100,144,673
03/08/2001,ABQ,NM,ASW,WE,Towers with Radar,230,131,116,34,511,0,6,47,47,100,230,137,163,81,611,16,48,64,675
03/09/2001,ABQ,NM,ASW,WE,Towers with Radar,231,97,170,79,577,0,10,88,40,138,231,107,258,119,715,108,124,232,947
03/10/2001,ABQ,NM,ASW,WE,Towers with Radar,203,63,117,28,411,0,3,47,7,57,203,66,164,35,468,22,34,56,524
03/11/2001,ABQ,NM,ASW,WE,Towers with Radar,202,72,84,13,371,0,3,20,7,30,202,75,104,20,401,8,14,22,423
03/12/2001,ABQ,NM,ASW,WE,Towers with Radar,231,100,108,46,485,0,13,78,39,130,231,113,186,85,615,36,58,94,709
03/13/2001,ABQ,NM,ASW,WE,Towers with Radar,240,105,120,53,518,0,11,101,27,139,240,116,221,80,657,60,66,126,783
03/14/2001,ABQ,NM,ASW,WE,Towers with Radar,228,115,127,63,533,0,12,55,37,104,228,127,182,100,637,26,92,118,755
03/15/2001,ABQ,NM,ASW,WE,Towers with Radar,233,104,126,38,501,0,11,66,31,108,233,115,192,69,609,38,42,80,689
03/16/2001,ABQ,NM,ASW,WE,Towers with Radar,232,108,128,49,517,0,10,81,24,115,232,118,209,73,632,52,72,124,756
03/17/2001,ABQ,NM,ASW,WE,Towers with Radar,191,70,60,4,325,0,4,45,6,55,191,74,105,10,380,30,20,50,430
03/18/2001,ABQ,NM,ASW,WE,Towers with Radar,199,61,87,24,371,0,7,52,6,65,199,68,139,30,436,18,38,56,492
03/19/2001,ABQ,NM,ASW,WE,Towers with Radar,226,83,129,27,465,0,13,73,36,122,226,96,202,63,587,46,56,102,689
03/20/2001,ABQ,NM,ASW,WE,Towers with Radar,214,102,124,64,504,0,21,86,25,132,214,123,210,89,636,48,112,160,796
03/21/2001,ABQ,NM,ASW,WE,Towers with Radar,232,118,164,23,537,0,6,92,29,127,232,124,256,52,664,62,70,132,796
03/22/2001,ABQ,NM,ASW,WE,Towers with Radar,234,110,129,78,551,0,14,77,30,121,234,124,206,108,672,96,210,306,978
03/23/2001,ABQ,NM,ASW,WE,Towers with Radar,238,100,134,50,522,0,20,80,20,120,238,120,214,70,642,52,72,124,766
03/24/2001,ABQ,NM,ASW,WE,Towers with Radar,186,54,86,59,385,0,9,61,5,75,186,63,147,64,460,18,32,50,510
03/25/2001,ABQ,NM,ASW,WE,Towers with Radar,195,116,94,32,437,0,6,64,5,75,195,122,158,37,512,55,40,95,607
03/26/2001,ABQ,NM,ASW,WE,Towers with Radar,230,103,110,39,482,0,10,66,31,107,230,113,176,70,589,36,56,92,681
03/27/2001,ABQ,NM,ASW,WE,Towers with Radar,220,134,123,50,527,0,14,52,34,100,220,148,175,84,627,76,154,230,857
03/28/2001,ABQ,NM,ASW,WE,Towers with Radar,233,129,134,39,535,0,10,51,23,84,233,139,185,62,619,54,84,138,757
03/29/2001,ABQ,NM,ASW,WE,Towers with Radar,236,107,147,39,529,0,24,50,23,97,236,131,197,62,626,54,120,174,800
03/30/2001,ABQ,NM,ASW,WE,Towers with Radar,233,111,139,77,560,0,33,79,28,140,233,144,218,105,700,80,114,194,894
03/31/2001,ABQ,NM,ASW,WE,Towers with Radar,190,69,117,46,422,0,13,66,18,97,190,82,183,64,519,42,70,112,631
04/01/2001,ABQ,NM,ASW,WE,Towers with Radar,196,63,78,0,337,6,10,60,0,76,202,73,138,0,413,16,30,46,459
04/02/2001,ABQ,NM,ASW,WE,Towers with Radar,226,91,113,21,451,6,6,47,2,61,232,97,160,23,512,32,24,56,568
04/03/2001,ABQ,NM,ASW,WE,Towers with Radar,238,112,137,44,531,6,16,68,27,117,244,128,205,71,648,66,78,144,792
04/04/2001,ABQ,NM,ASW,WE,Towers with Radar,226,111,109,41,487,6,8,91,24,129,232,119,200,65,616,54,84,138,754
04/05/2001,ABQ,NM,ASW,WE,Towers with Radar,172,82,86,31,371,58,75,89,41,263,230,157,175,72,634,50,106,156,790
04/06/2001,ABQ,NM,ASW,WE,Towers with Radar,246,135,105,48,534,5,0,29,11,45,251,135,134,59,579,38,94,132,711
04/07/2001,ABQ,NM,ASW,WE,Towers with Radar,198,66,116,18,398,5,10,62,3,80,203,76,178,21,478,18,26,44,522
04/08/2001,ABQ,NM,ASW,WE,Towers with Radar,200,61,71,34,366,5,6,37,4,52,205,67,108,38,418,20,30,50,468
04/09/2001,ABQ,NM,ASW,WE,Towers with Radar,223,92,112,24,451,5,14,48,25,92,228,106,160,49,543,36,36,72,615
04/10/2001,ABQ,NM,ASW,WE,Towers with Radar,239,107,86,22,454,5,8,59,16,88,244,115,145,38,542,4,8,12,554
04/11/2001,ABQ,NM,ASW,WE,Towers with Radar,218,121,99,58,496,5,2,40,53,100,223,123,139,111,596,56,114,170,766
04/12/2001,ABQ,NM,ASW,WE,Towers with Radar,216,111,126,41,494,5,6,57,21,89,221,117,183,62,583,114,53,167,750
04/13/2001,ABQ,NM,ASW,WE,Towers with Radar,230,107,111,47,495,5,38,90,27,160,235,145,201,74,655,65,62,127,782
04/14/2001,ABQ,NM,ASW,WE,Towers with Radar,193,57,95,2,347,5,7,59,6,77,198,64,154,8,424,14,4,18,442
04/15/2001,ABQ,NM,ASW,WE,Towers with Radar,199,49,55,13,316,5,6,39,3,53,204,55,94,16,369,20,4,24,393
04/16/2001,ABQ,NM,ASW,WE,Towers with Radar,225,105,119,35,484,5,17,56,24,102,230,122,175,59,586,46,56,102,688
04/17/2001,ABQ,NM,ASW,WE,Towers with Radar,242,102,124,54,522,5,4,39,43,91,247,106,163,97,613,19,90,109,722
04/18/2001,ABQ,NM,ASW,WE,Towers with Radar,230,171,110,59,570,5,3,69,40,117,235,174,179,99,687,70,78,148,835
04/19/2001,ABQ,NM,ASW,WE,Towers with Radar,230,126,128,65,549,5,13,59,40,117,235,139,187,105,666,88,174,262,928
04/20/2001,ABQ,NM,ASW,WE,Towers with Radar,235,109,119,31,494,5,16,49,23,93,240,125,168,54,587,32,70,102,689
04/21/2001,ABQ,NM,ASW,WE,Towers with Radar,192,64,57,20,333,5,4,41,2,52,197,68,98,22,385,16,12,28,413
04/22/2001,ABQ,NM,ASW,WE,Towers with Radar,198,77,42,16,333,5,0,15,0,20,203,77,57,16,353,6,8,14,367
04/23/2001,ABQ,NM,ASW,WE,Towers with Radar,223,91,111,92,517,5,8,69,27,109,228,99,180,119,626,62,156,218,844
04/24/2001,ABQ,NM,ASW,WE,Towers with Radar,236,117,165,42,560,5,4,71,36,116,241,121,236,78,676,48,92,140,816
04/25/2001,ABQ,NM,ASW,WE,Towers with Radar,234,146,153,48,581,5,10,100,43,158,239,156,253,91,739,98,110,208,947
04/26/2001,ABQ,NM,ASW,WE,Towers with Radar,233,111,123,30,497,5,7,77,24,113,238,118,200,54,610,32,38,70,680
04/27/2001,ABQ,NM,ASW,WE,Towers with Radar,240,111,115,51,517,5,11,83,27,126,245,122,198,78,643,26,80,106,749
04/28/2001,ABQ,NM,ASW,WE,Towers with Radar,185,60,77,32,354,5,2,66,4,77,190,62,143,36,431,20,30,50,481
04/29/2001,ABQ,NM,ASW,WE,Towers with Radar,201,64,96,34,395,5,7,58,2,72,206,71,154,36,467,12,4,16,483
04/30/2001,ABQ,NM,ASW,WE,Towers with Radar,228,94,103,21,446,5,17,85,27,134,233,111,188,48,580,14,26,40,620
05/01/2001,ABQ,NM,ASW,WE,Towers with Radar,119,102,168,36,425,120,20,20,19,179,239,122,188,55,604,30,118,148,752
05/02/2001,ABQ,NM,ASW,WE,Towers with Radar,241,87,109,30,467,1,11,57,36,105,242,98,166,66,572,42,140,182,754
05/03/2001,ABQ,NM,ASW,WE,Towers with Radar,239,106,98,16,459,10,14,38,18,80,249,120,136,34,539,72,124,196,735
05/04/2001,ABQ,NM,ASW,WE,Towers with Radar,224,123,114,45,506,11,11,49,37,108,235,134,163,82,614,8,42,50,664
05/05/2001,ABQ,NM,ASW,WE,Towers with Radar,198,62,82,42,384,0,5,45,21,71,198,67,127,63,455,4,18,22,477
05/06/2001,ABQ,NM,ASW,WE,Towers with Radar,208,65,101,16,390,0,8,45,1,54,208,73,146,17,444,6,24,30,474
05/07/2001,ABQ,NM,ASW,WE,Towers with Radar,227,84,82,18,411,10,6,76,35,127,237,90,158,53,538,52,26,78,616
05/08/2001,ABQ,NM,ASW,WE,Towers with Radar,239,121,130,19,509,0,15,89,31,135,239,136,219,50,644,46,164,210,854
05/09/2001,ABQ,NM,ASW,WE,Towers with Radar,212,115,83,17,427,22,12,66,32,132,234,127,149,49,559,24,70,94,653
05/10/2001,ABQ,NM,ASW,WE,Towers with Radar,241,99,123,30,493,0,15,71,38,124,241,114,194,68,617,80,198,278,895
05/11/2001,ABQ,NM,ASW,WE,Towers with Radar,244,99,118,30,491,0,19,80,39,138,244,118,198,69,629,10,14,24,653
05/12/2001,ABQ,NM,ASW,WE,Towers with Radar,200,94,88,28,410,0,11,64,18,93,200,105,152,46,503,94,49,143,646
05/13/2001,ABQ,NM,ASW,WE,Towers with Radar,189,61,63,17,330,16,4,38,4,62,205,65,101,21,392,18,14,32,424
05/14/2001,ABQ,NM,ASW,WE,Towers with Radar,228,103,86,26,443,0,21,57,35,113,228,124,143,61,556,54,32,86,642
05/15/2001,ABQ,NM,ASW,WE,Towers with Radar,231,112,103,17,463,0,8,99,43,150,231,120,202,60,613,42,62,104,717
05/16/2001,ABQ,NM,ASW,WE,Towers with Radar,242,107,126,30,505,0,32,75,46,153,242,139,201,76,658,40,110,150,808
05/17/2001,ABQ,NM,ASW,WE,Towers with Radar,247,108,117,31,503,0,19,82,49,150,247,127,199,80,653,130,116,246,899
05/18/2001,ABQ,NM,ASW,WE,Towers with Radar,241,128,122,46,537,0,12,76,29,117,241,140,198,75,654,48,108,156,810
05/19/2001,ABQ,NM,ASW,WE,Towers with Radar,198,59,77,17,351,8,7,50,6,71,206,66,127,23,422,40,42,82,504
05/20/2001,ABQ,NM,ASW,WE,Towers with Radar,211,66,59,17,353,0,7,44,10,61,211,73,103,27,414,60,46,106,520
05/21/2001,ABQ,NM,ASW,WE,Towers with Radar,220,93,108,17,438,18,6,63,0,87,238,99,171,17,525,34,36,70,595
05/22/2001,ABQ,NM,ASW,WE,Towers with Radar,248,103,82,20,453,8,10,89,48,155,256,113,171,68,608,52,90,142,750
05/23/2001,ABQ,NM,ASW,WE,Towers with Radar,240,109,128,24,501,0,14,91,39,144,240,123,219,63,645,46,168,214,859
05/24/2001,ABQ,NM,ASW,WE,Towers with Radar,236,102,112,44,494,7,12,90,41,150,243,114,202,85,644,60,124,184,828
05/25/2001,ABQ,NM,ASW,WE,Towers with Radar,188,78,82,20,368,49,43,128,62,282,237,121,210,82,650,96,82,178,828
05/26/2001,ABQ,NM,ASW,WE,Towers with Radar,177,56,71,15,319,17,11,54,0,82,194,67,125,15,401,2,24,26,427
05/27/2001,ABQ,NM,ASW,WE,Towers with Radar,184,50,90,9,333,0,0,37,0,37,184,50,127,9,370,64,0,64,434
05/28/2001,ABQ,NM,ASW,WE,Towers with Radar,200,65,64,17,346,0,8,45,4,57,200,73,109,21,403,16,6,22,425
05/29/2001,ABQ,NM,ASW,WE,Towers with Radar,232,115,105,24,476,0,5,80,31,116,232,120,185,55,592,54,20,74,666
05/30/2001,ABQ,NM,ASW,WE,Towers with Radar,242,111,115,42,510,1,12,90,38,141,243,123,205,80,651,130,144,274,925
05/31/2001,ABQ,NM,ASW,WE,Towers with Radar,241,127,136,45,549,0,10,88,47,145,241,137,224,92,694,70,148,218,912
06/01/2001,ABQ,NM,ASW,WE,Towers with Radar,239,112,135,45,531,0,9,87,30,126,239,121,222,75,657,34,144,178,835
06/02/2001,ABQ,NM,ASW,WE,Towers with Radar,202,65,95,12,374,0,7,50,11,68,202,72,145,23,442,18,44,62,504
06/03/2001,ABQ,NM,ASW,WE,Towers with Radar,205,74,72,33,384,0,2,33,5,40,205,76,105,38,424,22,24,46,470
06/04/2001,ABQ,NM,ASW,WE,Towers with Radar,224,104,65,20,413,0,5,79,30,114,224,109,144,50,527,4,20,24,551
06/05/2001,ABQ,NM,ASW,WE,Towers with Radar,239,121,106,39,505,0,7,81,30,118,239,128,187,69,623,42,80,122,745
06/06/2001,ABQ,NM,ASW,WE,Towers with Radar,240,124,98,75,537,0,9,96,35,140,240,133,194,110,677,78,108,186,863
06/07/2001,ABQ,NM,ASW,WE,Towers with Radar,237,114,113,23,487,0,5,88,25,118,237,119,201,48,605,48,18,66,671
06/08/2001,ABQ,NM,ASW,WE,Towers with Radar,229,119,104,23,475,0,4,82,23,109,229,123,186,46,584,92,60,152,736
06/09/2001,ABQ,NM,ASW,WE,Towers with Radar,192,60,89,20,361,0,5,68,9,82,192,65,157,29,443,30,40,70,513
06/10/2001,ABQ,NM,ASW,WE,Towers with Radar,209,64,82,14,369,0,10,70,10,90,209,74,152,24,459,12,4,16,475
06/11/2001,ABQ,NM,ASW,WE,Towers with Radar,225,116,84,14,439,0,10,79,24,113,225,126,163,38,552,38,0,38,590
06/12/2001,ABQ,NM,ASW,WE,Towers with Radar,237,117,93,17,464,0,12,82,21,115,237,129,175,38,579,54,94,148,727
06/13/2001,ABQ,NM,ASW,WE,Towers with Radar,248,114,86,31,479,0,8,66,30,104,248,122,152,61,583,64,150,214,797
06/14/2001,ABQ,NM,ASW,WE,Towers with Radar,232,117,124,45,518,0,7,64,32,103,232,124,188,77,621,62,106,168,789
06/15/2001,ABQ,NM,ASW,WE,Towers with Radar,236,124,99,61,520,0,7,85,16,108,236,131,184,77,628,32,50,82,710
06/16/2001,ABQ,NM,ASW,WE,Towers with Radar,225,66,89,28,408,0,5,63,10,78,225,71,152,38,486,16,4,20,506
06/17/2001,ABQ,NM,ASW,WE,Towers with Radar,210,65,61,37,373,0,7,56,9,72,210,72,117,46,445,34,4,38,483
06/18/2001,ABQ,NM,ASW,WE,Towers with Radar,230,102,107,44,483,0,20,67,16,103,230,122,174,60,586,42,38,80,666
06/19/2001,ABQ,NM,ASW,WE,Towers with Radar,225,122,81,30,458,0,10,75,17,102,225,132,156,47,560,18,30,48,608
06/20/2001,ABQ,NM,ASW,WE,Towers with Radar,243,107,136,30,516,0,12,80,33,125,243,119,216,63,641,38,106,144,785
06/21/2001,ABQ,NM,ASW,WE,Towers with Radar,236,111,141,34,522,0,8,67,22,97,236,119,208,56,619,42,72,114,733
06/22/2001,ABQ,NM,ASW,WE,Towers with Radar,235,114,121,53,523,0,8,101,17,126,235,122,222,70,649,48,68,116,765
06/23/2001,ABQ,NM,ASW,WE,Towers with Radar,231,60,83,23,397,0,5,74,23,102,231,65,157,46,499,20,40,60,559
06/24/2001,ABQ,NM,ASW,WE,Towers with Radar,218,69,85,28,400,0,7,50,2,59,218,76,135,30,459,24,4,28,487
06/25/2001,ABQ,NM,ASW,WE,Towers with Radar,232,101,108,34,475,0,5,63,9,77,232,106,171,43,552,48,38,86,638
06/26/2001,ABQ,NM,ASW,WE,Towers with Radar,237,119,115,25,496,0,6,73,26,105,237,125,188,51,601,16,38,54,655
06/27/2001,ABQ,NM,ASW,WE,Towers with Radar,235,109,138,47,529,0,8,73,42,123,235,117,211,89,652,146,52,198,850
06/28/2001,ABQ,NM,ASW,WE,Towers with Radar,240,109,136,43,528,0,10,92,34,136,240,119,228,77,664,66,124,190,854
06/29/2001,ABQ,NM,ASW,WE,Towers with Radar,237,111,117,67,532,0,4,103,13,120,237,115,220,80,652,66,68,134,786
06/30/2001,ABQ,NM,ASW,WE,Towers with Radar,222,74,112,8,416,0,7,66,6,79,222,81,178,14,495,56,30,86,581
07/01/2001,ABQ,NM,ASW,WE,Towers with Radar,212,63,72,17,364,0,1,61,4,66,212,64,133,21,430,20,22,42,472
07/02/2001,ABQ,NM,ASW,WE,Towers with Radar,238,89,104,23,454,0,11,43,24,78,238,100,147,47,532,30,42,72,604
07/03/2001,ABQ,NM,ASW,WE,Towers with Radar,238,97,99,30,464,0,13,81,35,129,238,110,180,65,593,50,72,122,715
07/04/2001,ABQ,NM,ASW,WE,Towers with Radar,198,76,85,18,377,0,4,49,3,56,198,80,134,21,433,30,28,58,491
07/05/2001,ABQ,NM,ASW,WE,Towers with Radar,229,88,126,27,470,0,11,92,6,109,229,99,218,33,579,48,54,102,681
07/06/2001,ABQ,NM,ASW,WE,Towers with Radar,214,105,137,46,502,0,8,81,31,120,214,113,218,77,622,76,40,116,738
07/07/2001,ABQ,NM,ASW,WE,Towers with Radar,227,56,84,22,389,0,13,63,3,79,227,69,147,25,468,78,76,154,622
07/08/2001,ABQ,NM,ASW,WE,Towers with Radar,215,63,95,21,394,0,6,54,4,64,215,69,149,25,458,20,14,34,492
07/09/2001,ABQ,NM,ASW,WE,Towers with Radar,220,86,109,41,456,14,20,60,25,119,234,106,169,66,575,40,32,72,647
07/10/2001,ABQ,NM,ASW,WE,Towers with Radar,227,130,101,36,494,14,16,91,32,153,241,146,192,68,647,50,90,140,787
07/11/2001,ABQ,NM,ASW,WE,Towers with Radar,227,117,98,62,504,14,10,76,39,139,241,127,174,101,643,52,138,190,833
07/12/2001,ABQ,NM,ASW,WE,Towers with Radar,226,114,130,45,515,14,16,80,50,160,240,130,210,95,675,100,110,210,885
07/13/2001,ABQ,NM,ASW,WE,Towers with Radar,228,126,121,33,508,14,26,68,29,137,242,152,189,62,645,60,72,132,777
07/14/2001,ABQ,NM,ASW,WE,Towers with Radar,213,79,82,18,392,14,6,49,10,79,227,85,131,28,471,60,24,84,555
07/15/2001,ABQ,NM,ASW,WE,Towers with Radar,212,76,88,18,394,13,3,69,1,86,225,79,157,19,480,52,32,84,564
07/16/2001,ABQ,NM,ASW,WE,Towers with Radar,220,102,126,21,469,13,11,56,5,85,233,113,182,26,554,30,36,66,620
07/17/2001,ABQ,NM,ASW,WE,Towers with Radar,224,124,133,19,500,13,15,59,34,121,237,139,192,53,621,56,24,80,701
07/18/2001,ABQ,NM,ASW,WE,Towers with Radar,235,127,124,50,536,13,7,84,23,127,248,134,208,73,663,42,84,126,789
07/19/2001,ABQ,NM,ASW,WE,Towers with Radar,223,122,144,42,531,13,11,69,32,125,236,133,213,74,656,34,128,162,818
07/20/2001,ABQ,NM,ASW,WE,Towers with Radar,228,119,139,51,537,14,8,92,25,139,242,127,231,76,676,98,54,152,828
07/21/2001,ABQ,NM,ASW,WE,Towers with Radar,224,71,86,7,388,14,4,50,7,75,238,75,136,14,463,8,8,16,479
07/22/2001,ABQ,NM,ASW,WE,Towers with Radar,205,72,60,7,344,14,5,58,0,77,219,77,118,7,421,54,4,58,479
07/23/2001,ABQ,NM,ASW,WE,Towers with Radar,213,89,136,27,465,14,11,89,41,155,227,100,225,68,620,34,28,62,682
07/24/2001,ABQ,NM,ASW,WE,Towers with Radar,234,123,91,57,505,14,17,82,46,159,248,140,173,103,664,60,114,174,838
07/25/2001,ABQ,NM,ASW,WE,Towers with Radar,228,130,133,41,532,14,5,79,18,116,242,135,212,59,648,44,62,106,754
07/26/2001,ABQ,NM,ASW,WE,Towers with Radar,240,116,113,31,500,14,12,68,21,115,254,128,181,52,615,84,106,190,805
07/27/2001,ABQ,NM,ASW,WE,Towers with Radar,220,118,123,79,540,14,11,78,44,147,234,129,201,123,687,42,106,148,835
07/28/2001,ABQ,NM,ASW,WE,Towers with Radar,214,68,90,14,386,14,9,70,7,100,228,77,160,21,486,28,26,54,540
07/29/2001,ABQ,NM,ASW,WE,Towers with Radar,205,66,88,11,370,14,9,54,4,81,219,75,142,15,451,28,22,50,501
07/30/2001,ABQ,NM,ASW,WE,Towers with Radar,223,107,98,41,469,14,12,71,27,124,237,119,169,68,593,16,22,38,631
07/31/2001,ABQ,NM,ASW,WE,Towers with Radar,230,134,101,35,500,14,15,71,36,136,244,149,172,71,636,82,64,146,782
08/01/2001,ABQ,NM,ASW,WE,Towers with Radar,241,110,99,38,488,0,12,74,24,110,241,122,173,62,598,32,76,108,706
08/02/2001,ABQ,NM,ASW,WE,Towers with Radar,240,109,119,34,502,0,16,59,29,104,240,125,178,63,606,44,104,148,754
08/03/2001,ABQ,NM,ASW,WE,Towers with Radar,237,122,119,36,514,0,18,95,46,159,237,140,214,82,673,64,92,156,829
08/04/2001,ABQ,NM,ASW,WE,Towers with Radar,220,71,85,42,418,0,9,66,26,101,220,80,151,68,519,52,18,70,589
08/05/2001,ABQ,NM,ASW,WE,Towers with Radar,218,62,71,33,384,0,10,45,4,59,218,72,116,37,443,16,60,76,519
08/06/2001,ABQ,NM,ASW,WE,Towers with Radar,237,107,90,40,474,0,14,62,27,103,237,121,152,67,577,24,48,72,649
08/07/2001,ABQ,NM,ASW,WE,Towers with Radar,246,114,90,23,473,0,14,75,23,112,246,128,165,46,585,14,48,62,647
08/08/2001,ABQ,NM,ASW,WE,Towers with Radar,245,109,108,19,481,0,18,74,36,128,245,127,182,55,609,44,106,150,759
08/09/2001,ABQ,NM,ASW,WE,Towers with Radar,248,122,126,36,532,0,14,78,27,119,248,136,204,63,651,24,132,156,807
08/10/2001,ABQ,NM,ASW,WE,Towers with Radar,249,116,123,46,534,0,19,68,41,128,249,135,191,87,662,34,128,162,824
08/11/2001,ABQ,NM,ASW,WE,Towers with Radar,229,62,93,17,401,0,10,65,9,84,229,72,158,26,485,24,149,173,658
08/12/2001,ABQ,NM,ASW,WE,Towers with Radar,237,74,77,11,399,0,9,40,3,52,237,83,117,14,451,28,30,58,509
08/13/2001,ABQ,NM,ASW,WE,Towers with Radar,245,99,89,29,462,0,17,51,18,86,245,116,140,47,548,26,22,48,596
08/14/2001,ABQ,NM,ASW,WE,Towers with Radar,245,135,100,43,523,0,15,55,21,91,245,150,155,64,614,18,48,66,680
08/15/2001,ABQ,NM,ASW,WE,Towers with Radar,243,112,113,41,509,0,15,68,34,117,243,127,181,75,626,30,78,108,734
08/16/2001,ABQ,NM,ASW,WE,Towers with Radar,257,129,139,33,558,0,14,73,29,116,257,143,212,62,674,48,98,146,820
08/17/2001,ABQ,NM,ASW,WE,Towers with Radar,247,119,151,49,566,0,30,90,33,153,247,149,241,82,719,32,86,118,837
08/18/2001,ABQ,NM,ASW,WE,Towers with Radar,231,64,103,21,419,0,9,67,13,89,231,73,170,34,508,28,80,108,616
08/19/2001,ABQ,NM,ASW,WE,Towers with Radar,224,58,75,27,384,0,5,59,4,68,224,63,134,31,452,38,34,72,524
08/20/2001,ABQ,NM,ASW,WE,Towers with Radar,246,92,85,27,450,0,13,52,15,80,246,105,137,42,530,42,52,94,624
08/21/2001,ABQ,NM,ASW,WE,Towers with Radar,253,117,94,42,506,0,12,69,29,110,253,129,163,71,616,18,66,84,700
08/22/2001,ABQ,NM,ASW,WE,Towers with Radar,240,120,112,46,518,0,16,63,34,113,240,136,175,80,631,33,106,139,770
08/23/2001,ABQ,NM,ASW,WE,Towers with Radar,243,120,143,47,553,0,11,60,35,106,243,131,203,82,659,20,152,172,831
08/24/2001,ABQ,NM,ASW,WE,Towers with Radar,249,126,180,65,620,0,18,96,34,148,249,144,276,99,768,35,128,163,931
08/25/2001,ABQ,NM,ASW,WE,Towers with Radar,240,62,86,17,405,0,10,76,28,114,240,72,162,45,519,26,36,62,581
08/26/2001,ABQ,NM,ASW,WE,Towers with Radar,228,64,73,17,382,0,7,45,7,59,228,71,118,24,441,12,16,28,469
08/27/2001,ABQ,NM,ASW,WE,Towers with Radar,234,106,148,34,522,0,10,55,29,94,234,116,203,63,616,10,58,68,684
08/28/2001,ABQ,NM,ASW,WE,Towers with Radar,243,98,82,59,482,0,2,72,39,113,243,100,154,98,595,24,128,152,747
08/29/2001,ABQ,NM,ASW,WE,Towers with Radar,246,116,106,43,511,0,17,68,25,110,246,133,174,68,621,24,112,136,757
08/30/2001,ABQ,NM,ASW,WE,Towers with Radar,248,124,126,37,535,0,16,92,41,149,248,140,218,78,684,88,98,186,870
08/31/2001,ABQ,NM,ASW,WE,Towers with Radar,243,121,130,57,551,0,12,68,50,130,243,133,198,107,681,28,78,106,787
09/01/2001,ABQ,NM,ASW,WE,Towers with Radar,211,60,97,10,378,0,3,0,0,3,211,63,97,10,381,12,0,12,393
09/02/2001,ABQ,NM,ASW,WE,Towers with Radar,188,68,51,6,313,0,14,35,4,53,188,82,86,10,366,16,24,40,406
09/03/2001,ABQ,NM,ASW,WE,Towers with Radar,212,66,93,12,383,0,11,45,2,58,212,77,138,14,441,14,20,34,475
09/04/2001,ABQ,NM,ASW,WE,Towers with Radar,240,80,108,34,462,0,22,74,37,133,240,102,182,71,595,46,52,98,693
09/05/2001,ABQ,NM,ASW,WE,Towers with Radar,209,98,101,39,447,37,23,116,63,239,246,121,217,102,686,76,138,214,900
09/06/2001,ABQ,NM,ASW,WE,Towers with Radar,245,107,135,57,544,0,16,84,38,138,245,123,219,95,682,38,70,108,790
09/07/2001,ABQ,NM,ASW,WE,Towers with Radar,240,102,130,38,510,0,22,56,12,90,240,124,186,50,600,32,60,92,692
09/08/2001,ABQ,NM,ASW,WE,Towers with Radar,226,66,97,32,421,0,19,54,20,93,226,85,151,52,514,34,100,134,648
09/09/2001,ABQ,NM,ASW,WE,Towers with Radar,218,66,106,37,427,0,20,71,6,97,218,86,177,43,524,34,32,66,590
09/10/2001,ABQ,NM,ASW,WE,Towers with Radar,233,89,121,48,491,0,11,78,33,122,233,100,199,81,613,44,32,76,689
09/11/2001,ABQ,NM,ASW,WE,Towers with Radar,53,14,33,11,111,0,5,26,4,35,53,19,59,15,146,0,0,0,146
09/12/2001,ABQ,NM,ASW,WE,Towers with Radar,4,7,34,15,60,0,3,0,1,4,4,10,34,16,64,0,0,0,64
09/13/2001,ABQ,NM,ASW,WE,Towers with Radar,28,94,30,28,180,0,4,6,18,28,28,98,36,46,208,0,26,26,234
09/14/2001,ABQ,NM,ASW,WE,Towers with Radar,143,188,53,82,466,0,3,0,0,3,143,191,53,82,469,0,96,96,565
09/15/2001,ABQ,NM,ASW,WE,Towers with Radar,174,109,85,22,390,0,3,1,0,4,174,112,86,22,394,2,40,42,436
09/16/2001,ABQ,NM,ASW,WE,Towers with Radar,197,76,56,4,333,0,3,0,0,3,197,79,56,4,336,0,0,0,336
09/17/2001,ABQ,NM,ASW,WE,Towers with Radar,212,117,63,27,419,0,3,3,0,6,212,120,66,27,425,2,20,22,447
09/18/2001,ABQ,NM,ASW,WE,Towers with Radar,217,166,109,45,537,0,3,0,0,3,217,169,109,45,540,10,54,64,604
09/19/2001,ABQ,NM,ASW,WE,Towers with Radar,228,160,121,88,597,0,4,0,11,15,228,164,121,99,612,18,106,124,736
09/20/2001,ABQ,NM,ASW,WE,Towers with Radar,225,130,125,44,524,0,8,26,44,78,225,138,151,88,602,26,116,142,744
09/21/2001,ABQ,NM,ASW,WE,Towers with Radar,240,141,129,82,592,0,20,43,40,103,240,161,172,122,695,52,116,168,863
09/22/2001,ABQ,NM,ASW,WE,Towers with Radar,196,64,99,62,421,0,8,34,18,60,196,72,133,80,481,24,86,110,591
09/23/2001,ABQ,NM,ASW,WE,Towers with Radar,206,51,114,35,406,0,8,29,0,37,206,59,143,35,443,48,22,70,513
09/24/2001,ABQ,NM,ASW,WE,Towers with Radar,228,94,125,34,481,0,10,56,21,87,228,104,181,55,568,46,46,92,660
09/25/2001,ABQ,NM,ASW,WE,Towers with Radar,231,146,89,42,508,0,13,38,21,72,231,159,127,63,580,35,32,67,647
09/26/2001,ABQ,NM,ASW,WE,Towers with Radar,230,143,116,36,525,0,9,44,23,76,230,152,160,59,601,70,136,206,807
09/27/2001,ABQ,NM,ASW,WE,Towers with Radar,229,134,127,49,539,0,6,67,14,87,229,140,194,63,626,40,128,168,794
09/28/2001,ABQ,NM,ASW,WE,Towers with Radar,236,155,149,16,556,0,5,46,8,59,236,160,195,24,615,56,22,78,693
09/29/2001,ABQ,NM,ASW,WE,Towers with Radar,194,66,90,23,373,0,5,51,3,59,194,71,141,26,432,30,0,30,462
09/30/2001,ABQ,NM,ASW,WE,Towers with Radar,199,55,83,11,348,0,4,61,1,66,199,59,144,12,414,26,0,26,440
10/01/2001,ABQ,NM,ASW,WE,Towers with Radar,224,117,108,22,471,0,9,42,21,72,224,126,150,43,543,20,86,106,649
10/02/2001,ABQ,NM,ASW,WE,Towers with Radar,233,137,115,21,506,0,3,53,28,84,233,140,168,49,590,46,90,136,726
10/03/2001,ABQ,NM,ASW,WE,Towers with Radar,231,141,129,56,557,0,1,46,25,72,231,142,175,81,629,34,120,154,783
10/04/2001,ABQ,NM,ASW,WE,Towers with Radar,232,145,118,27,522,0,4,47,28,79,232,149,165,55,601,38,72,110,711
10/05/2001,ABQ,NM,ASW,WE,Towers with Radar,240,157,126,63,586,0,3,40,37,80,240,160,166,100,666,20,86,106,772
10/06/2001,ABQ,NM,ASW,WE,Towers with Radar,192,69,116,25,402,0,0,50,16,66,192,69,166,41,468,48,30,78,546
10/07/2001,ABQ,NM,ASW,WE,Towers with Radar,203,53,83,17,356,0,2,34,9,45,203,55,117,26,401,14,4,18,419
10/08/2001,ABQ,NM,ASW,WE,Towers with Radar,227,110,96,14,447,0,0,52,21,73,227,110,148,35,520,18,4,22,542
10/09/2001,ABQ,NM,ASW,WE,Towers with Radar,236,136,124,50,546,0,3,36,27,66,236,139,160,77,612,60,96,156,768
10/10/2001,ABQ,NM,ASW,WE,Towers with Radar,234,151,122,42,549,0,6,46,33,85,234,157,168,75,634,34,110,144,778
10/11/2001,ABQ,NM,ASW,WE,Towers with Radar,227,146,171,65,609,0,14,68,36,118,227,160,239,101,727,48,130,178,905
10/12/2001,ABQ,NM,ASW,WE,Towers with Radar,233,160,101,74,568,0,1,17,44,62,233,161,118,118,630,28,94,122,752
10/13/2001,ABQ,NM,ASW,WE,Towers with Radar,197,88,95,20,400,0,1,28,6,35,197,89,123,26,435,24,2,26,461
10/14/2001,ABQ,NM,ASW,WE,Towers with Radar,203,64,85,54,406,0,3,52,7,62,203,67,137,61,468,42,36,78,546
10/15/2001,ABQ,NM,ASW,WE,Towers with Radar,230,129,116,22,497,0,10,74,57,141,230,139,190,79,638,44,30,74,712
10/16/2001,ABQ,NM,ASW,WE,Towers with Radar,236,162,123,46,567,0,7,55,50,112,236,169,178,96,679,52,82,134,813
10/17/2001,ABQ,NM,ASW,WE,Towers with Radar,240,151,143,47,581,0,13,65,31,109,240,164,208,78,690,52,179,231,921
10/18/2001,ABQ,NM,ASW,WE,Towers with Radar,240,178,162,56,636,0,9,44,49,102,240,187,206,105,738,36,116,152,890
10/19/2001,ABQ,NM,ASW,WE,Towers with Radar,232,166,143,110,651,0,9,60,38,107,232,175,203,148,758,10,74,84,842
10/20/2001,ABQ,NM,ASW,WE,Towers with Radar,193,92,92,39,416,0,0,70,27,97,193,92,162,66,513,41,74,115,628
10/21/2001,ABQ,NM,ASW,WE,Towers with Radar,204,73,118,89,484,0,0,52,0,52,204,73,170,89,536,42,72,114,650
10/22/2001,ABQ,NM,ASW,WE,Towers with Radar,223,112,190,47,572,0,11,47,3,61,223,123,237,50,633,60,40,100,733
10/23/2001,ABQ,NM,ASW,WE,Towers with Radar,235,167,139,61,602,0,12,49,38,99,235,179,188,99,701,38,34,72,773
10/24/2001,ABQ,NM,ASW,WE,Towers with Radar,237,164,159,101,661,0,6,138,54,198,237,170,297,155,859,80,112,192,1051
10/25/2001,ABQ,NM,ASW,WE,Towers with Radar,240,170,150,56,616,0,10,52,43,105,240,180,202,99,721,20,82,102,823
10/26/2001,ABQ,NM,ASW,WE,Towers with Radar,238,163,134,96,631,0,11,85,68,164,238,174,219,164,795,62,154,216,1011
10/27/2001,ABQ,NM,ASW,WE,Towers with Radar,189,82,144,38,453,0,4,73,11,88,189,86,217,49,541,22,42,64,605
10/28/2001,ABQ,NM,ASW,WE,Towers with Radar,196,59,117,28,400,0,4,10,8,22,196,63,127,36,422,44,14,58,480
10/29/2001,ABQ,NM,ASW,WE,Towers with Radar,226,141,138,17,522,0,3,53,54,110,226,144,191,71,632,34,12,46,678
10/30/2001,ABQ,NM,ASW,WE,Towers with Radar,239,167,75,33,514,1,8,30,39,78,240,175,105,72,592,18,96,114,706
10/31/2001,ABQ,NM,ASW,WE,Towers with Radar,234,169,56,30,489,0,7,11,48,66,234,176,67,78,555,30,84,114,669
11/01/2001,ABQ,NM,ASW,WE,Towers with Radar,96,172,181,112,561,135,28,2,6,171,231,200,183,118,732,26,96,122,854
11/02/2001,ABQ,NM,ASW,WE,Towers with Radar,100,172,170,97,539,135,2,0,21,158,235,174,170,118,697,44,82,126,823
11/03/2001,ABQ,NM,ASW,WE,Towers with Radar,56,96,158,104,414,135,4,16,1,156,191,100,174,105,570,46,40,86,656
11/04/2001,ABQ,NM,ASW,WE,Towers with Radar,202,64,74,27,367,0,0,42,8,50,202,64,116,35,417,16,12,28,445
11/05/2001,ABQ,NM,ASW,WE,Towers with Radar,221,159,84,27,491,0,5,56,30,91,221,164,140,57,582,18,38,56,638
11/06/2001,ABQ,NM,ASW,WE,Towers with Radar,236,169,88,33,526,0,8,37,59,104,236,177,125,92,630,6,120,126,756
11/07/2001,ABQ,NM,ASW,WE,Towers with Radar,233,161,135,54,583,0,10,58,52,120,233,171,193,106,703,44,84,128,831
11/08/2001,ABQ,NM,ASW,WE,Towers with Radar,233,163,115,39,550,0,3,39,45,87,233,166,154,84,637,16,96,112,749
11/09/2001,ABQ,NM,ASW,WE,Towers with Radar,233,174,120,71,598,0,4,69,44,117,233,178,189,115,715,30,70,100,815
11/10/2001,ABQ,NM,ASW,WE,Towers with Radar,195,77,126,27,425,0,9,63,24,96,195,86,189,51,521,46,24,70,591
11/11/2001,ABQ,NM,ASW,WE,Towers with Radar,199,59,100,45,403,0,8,53,16,77,199,67,153,61,480,34,40,74,554
11/12/2001,ABQ,NM,ASW,WE,Towers with Radar,230,121,131,27,509,0,5,53,11,69,230,126,184,38,578,22,34,56,634
11/13/2001,ABQ,NM,ASW,WE,Towers with Radar,230,152,121,27,530,7,6,53,24,90,237,158,174,51,620,52,76,128,748
11/14/2001,ABQ,NM,ASW,WE,Towers with Radar,239,175,110,44,568,0,8,42,39,89,239,183,152,83,657,30,98,128,785
11/15/2001,ABQ,NM,ASW,WE,Towers with Radar,242,169,78,31,520,0,5,32,61,98,242,174,110,92,618,6,60,66,684
11/16/2001,ABQ,NM,ASW,WE,Towers with Radar,235,165,103,97,600,0,13,53,45,111,235,178,156,142,711,32,116,148,859
11/17/2001,ABQ,NM,ASW,WE,Towers with Radar,195,83,56,35,369,0,15,61,34,110,195,98,117,69,479,40,96,136,615
11/18/2001,ABQ,NM,ASW,WE,Towers with Radar,198,54,91,28,371,0,7,72,4,83,198,61,163,32,454,62,18,80,534
11/19/2001,ABQ,NM,ASW,WE,Towers with Radar,233,135,149,32,549,0,4,87,36,127,233,139,236,68,676,64,44,108,784
11/20/2001,ABQ,NM,ASW,WE,Towers with Radar,236,166,118,82,602,0,12,69,50,131,236,178,187,132,733,64,86,150,883
11/21/2001,ABQ,NM,ASW,WE,Towers with Radar,234,148,104,35,521,0,24,52,43,119,234,172,156,78,640,26,74,100,740
11/22/2001,ABQ,NM,ASW,WE,Towers with Radar,116,61,57,4,238,49,4,18,0,71,165,65,75,4,309,4,0,4,313
11/23/2001,ABQ,NM,ASW,WE,Towers with Radar,96,115,51,2,264,72,2,8,0,82,168,117,59,2,346,4,0,4,350
11/24/2001,ABQ,NM,ASW,WE,Towers with Radar,160,73,109,2,344,26,3,48,0,77,186,76,157,2,421,22,2,24,445
11/25/2001,ABQ,NM,ASW,WE,Towers with Radar,201,76,80,27,384,0,1,19,2,22,201,77,99,29,406,22,18,40,446
11/26/2001,ABQ,NM,ASW,WE,Towers with Radar,228,129,120,27,504,0,13,60,28,101,228,142,180,55,605,52,10,62,667
11/27/2001,ABQ,NM,ASW,WE,Towers with Radar,226,163,97,27,513,8,9,23,48,88,234,172,120,75,601,34,38,72,673
11/28/2001,ABQ,NM,ASW,WE,Towers with Radar,217,152,131,36,536,0,10,49,36,95,217,162,180,72,631,36,42,78,709
11/29/2001,ABQ,NM,ASW,WE,Towers with Radar,0,0,0,0,0,234,178,135,91,638,234,178,135,91,638,28,102,130,768
11/30/2001,ABQ,NM,ASW,WE,Towers with Radar,0,0,0,0,0,234,173,147,89,643,234,173,147,89,643,34,116,150,793
12/01/2001,ABQ,NM,ASW,WE,Towers with Radar,175,85,63,34,357,21,1,67,33,122,196,86,130,67,479,19,80,99,578
12/02/2001,ABQ,NM,ASW,WE,Towers with Radar,199,53,66,34,352,0,8,55,19,82,199,61,121,53,434,30,30,60,494
12/03/2001,ABQ,NM,ASW,WE,Towers with Radar,216,121,123,74,534,0,39,80,41,160,216,160,203,115,694,24,54,78,772
12/04/2001,ABQ,NM,ASW,WE,Towers with Radar,231,145,81,42,499,0,11,51,42,104,231,156,132,84,603,36,62,98,701
12/05/2001,ABQ,NM,ASW,WE,Towers with Radar,230,44,93,68,435,0,113,58,57,228,230,157,151,125,663,50,112,162,825
12/06/2001,ABQ,NM,ASW,WE,Towers with Radar,231,138,116,43,528,0,16,46,81,143,231,154,162,124,671,58,110,168,839
12/07/2001,ABQ,NM,ASW,WE,Towers with Radar,213,147,123,90,573,13,10,36,55,114,226,157,159,145,687,28,84,112,799
12/08/2001,ABQ,NM,ASW,WE,Towers with Radar,181,74,127,26,408,4,7,70,0,81,185,81,197,26,489,32,6,38,527
12/09/2001,ABQ,NM,ASW,WE,Towers with Radar,107,58,78,27,270,0,11,73,15,99,107,69,151,42,369,22,10,32,401
12/10/2001,ABQ,NM,ASW,WE,Towers with Radar,202,123,94,27,446,15,16,30,30,91,217,139,124,57,537,22,16,38,575
12/11/2001,ABQ,NM,ASW,WE,Towers with Radar,211,153,69,27,460,20,4,4,7,35,231,157,73,34,495,10,50,60,555
12/12/2001,ABQ,NM,ASW,WE,Towers with Radar,207,144,139,27,517,20,6,22,45,93,227,150,161,72,610,12,4,16,626
12/13/2001,ABQ,NM,ASW,WE,Towers with Radar,233,141,142,66,582,0,11,47,44,102,233,152,189,110,684,24,74,98,782
12/14/2001,ABQ,NM,ASW,WE,Towers with Radar,231,127,122,31,511,0,49,51,68,168,231,176,173,99,679,36,68,104,783
12/15/2001,ABQ,NM,ASW,WE,Towers with Radar,164,73,83,13,333,24,3,14,0,41,188,76,97,13,374,10,8,18,392
12/16/2001,ABQ,NM,ASW,WE,Towers with Radar,191,64,96,33,384,4,5,46,13,68,195,69,142,46,452,24,24,48,500
12/17/2001,ABQ,NM,ASW,WE,Towers with Radar,222,121,111,40,494,0,18,54,60,132,222,139,165,100,626,88,60,148,774
12/18/2001,ABQ,NM,ASW,WE,Towers with Radar,226,151,99,27,503,10,12,47,44,113,236,163,146,71,616,26,108,134,750
12/19/2001,ABQ,NM,ASW,WE,Towers with Radar,241,145,121,42,549,0,19,57,51,127,241,164,178,93,676,38,104,142,818
12/20/2001,ABQ,NM,ASW,WE,Towers with Radar,234,154,179,29,596,0,17,59,50,126,234,171,238,79,722,42,116,158,880
12/21/2001,ABQ,NM,ASW,WE,Towers with Radar,227,153,105,27,512,7,25,24,17,73,234,178,129,44,585,32,44,76,661
12/22/2001,ABQ,NM,ASW,WE,Towers with Radar,155,77,78,2,312,40,0,0,0,40,195,77,78,2,352,10,0,10,362
12/23/2001,ABQ,NM,ASW,WE,Towers with Radar,147,47,59,10,263,30,4,34,0,68,177,51,93,10,331,16,14,30,361
12/24/2001,ABQ,NM,ASW,WE,Towers with Radar,122,61,61,3,247,40,4,52,0,96,162,65,113,3,343,10,0,10,353
12/25/2001,ABQ,NM,ASW,WE,Towers with Radar,74,32,59,0,165,76,0,1,0,77,150,32,60,0,242,38,0,38,280
12/26/2001,ABQ,NM,ASW,WE,Towers with Radar,218,104,88,27,437,0,11,65,23,99,218,115,153,50,536,40,46,86,622
12/27/2001,ABQ,NM,ASW,WE,Towers with Radar,232,133,92,28,485,0,7,47,37,91,232,140,139,65,576,30,86,116,692
12/28/2001,ABQ,NM,ASW,WE,Towers with Radar,226,121,120,26,493,0,9,55,34,98,226,130,175,60,591,22,54,76,667
12/29/2001,ABQ,NM,ASW,WE,Towers with Radar,185,74,118,6,383,0,0,0,0,0,185,74,118,6,383,34,0,34,417
12/30/2001,ABQ,NM,ASW,WE,Towers with Radar,110,53,59,0,222,63,0,6,0,69,173,53,65,0,291,4,4,8,299
12/31/2001,ABQ,NM,ASW,WE,Towers with Radar,126,84,76,1,287,36,9,45,0,90,162,93,121,1,377,18,0,18,395
01/01/2002,ABQ,NM,ASW,WE,Towers with Radar,159,44,60,0,263,0,2,23,0,25,159,46,83,0,288,4,0,4,292
01/02/2002,ABQ,NM,ASW,WE,Towers with Radar,221,145,106,29,501,0,16,61,12,89,221,161,167,41,590,60,44,104,694
01/03/2002,ABQ,NM,ASW,WE,Towers with Radar,225,145,102,32,504,0,17,59,46,122,225,162,161,78,626,52,64,116,742
01/04/2002,ABQ,NM,ASW,WE,Towers with Radar,243,165,92,36,536,0,11,39,50,100,243,176,131,86,636,28,102,130,766
01/05/2002,ABQ,NM,ASW,WE,Towers with Radar,189,74,93,55,411,0,8,64,15,87,189,82,157,70,498,32,28,60,558
01/06/2002,ABQ,NM,ASW,WE,Towers with Radar,192,60,78,52,382,0,6,59,6,71,192,66,137,58,453,16,36,52,505
01/07/2002,ABQ,NM,ASW,WE,Towers with Radar,224,123,102,37,486,0,10,40,44,94,224,133,142,81,580,56,82,138,718
01/08/2002,ABQ,NM,ASW,WE,Towers with Radar,234,139,107,50,530,0,41,63,58,162,234,180,170,108,692,50,177,227,919
01/09/2002,ABQ,NM,ASW,WE,Towers with Radar,236,130,94,86,546,0,8,83,41,132,236,138,177,127,678,50,116,166,844
01/10/2002,ABQ,NM,ASW,WE,Towers with Radar,237,144,64,20,465,0,10,4,12,26,237,154,68,32,491,2,108,110,601
01/11/2002,ABQ,NM,ASW,WE,Towers with Radar,236,136,108,107,587,2,20,47,27,96,238,156,155,134,683,26,86,112,795
01/12/2002,ABQ,NM,ASW,WE,Towers with Radar,180,87,110,85,462,12,5,63,30,110,192,92,173,115,572,6,42,48,620
01/13/2002,ABQ,NM,ASW,WE,Towers with Radar,179,57,73,87,396,12,3,32,3,50,191,60,105,90,446,10,58,68,514
01/14/2002,ABQ,NM,ASW,WE,Towers with Radar,208,140,110,47,505,11,6,56,44,117,219,146,166,91,622,54,76,130,752
01/15/2002,ABQ,NM,ASW,WE,Towers with Radar,221,150,141,79,591,11,12,47,50,120,232,162,188,129,711,24,138,162,873
01/16/2002,ABQ,NM,ASW,WE,Towers with Radar,220,135,106,101,562,6,15,41,35,97,226,150,147,136,659,18,156,174,833
01/17/2002,ABQ,NM,ASW,WE,Towers with Radar,226,150,163,58,597,11,17,56,36,120,237,167,219,94,717,38,102,140,857
01/18/2002,ABQ,NM,ASW,WE,Towers with Radar,237,139,127,86,589,1,22,38,32,93,238,161,165,118,682,56,122,178,860
01/19/2002,ABQ,NM,ASW,WE,Towers with Radar,183,97,107,35,422,11,0,50,15,76,194,97,157,50,498,42,52,94,592
01/20/2002,ABQ,NM,ASW,WE,Towers with Radar,180,65,76,25,346,11,3,22,8,44,191,68,98,33,390,8,46,54,444
01/21/2002,ABQ,NM,ASW,WE,Towers with Radar,229,113,134,18,494,2,7,58,22,89,231,120,192,40,583,48,24,72,655
01/22/2002,ABQ,NM,ASW,WE,Towers with Radar,243,133,68,38,482,0,1,0,6,7,243,134,68,44,489,22,78,100,589
01/23/2002,ABQ,NM,ASW,WE,Towers with Radar,211,126,104,23,464,11,4,33,28,76,222,130,137,51,540,28,72,100,640
01/24/2002,ABQ,NM,ASW,WE,Towers with Radar,232,151,145,60,588,2,10,69,30,111,234,161,214,90,699,66,82,148,847
01/25/2002,ABQ,NM,ASW,WE,Towers with Radar,226,145,141,86,598,11,16,62,47,136,237,161,203,133,734,54,122,176,910
01/26/2002,ABQ,NM,ASW,WE,Towers with Radar,191,92,119,38,440,1,18,51,14,84,192,110,170,52,524,8,14,22,546
01/27/2002,ABQ,NM,ASW,WE,Towers with Radar,186,58,73,62,379,2,5,47,17,71,188,63,120,79,450,44,60,104,554
01/28/2002,ABQ,NM,ASW,WE,Towers with Radar,211,126,84,51,472,11,7,24,39,81,222,133,108,90,553,26,54,80,633
01/29/2002,ABQ,NM,ASW,WE,Towers with Radar,222,148,60,58,488,11,9,26,54,100,233,157,86,112,588,40,102,142,730
01/30/2002,ABQ,NM,ASW,WE,Towers with Radar,222,123,42,74,461,11,1,9,15,36,233,124,51,89,497,4,46,50,547
01/31/2002,ABQ,NM,ASW,WE,Towers with Radar,219,151,100,90,560,11,4,28,33,76,230,155,128,123,636,12,88,100,736
02/01/2002,ABQ,NM,ASW,WE,Towers with Radar,244,157,114,69,584,2,4,84,45,135,246,161,198,114,719,4,54,58,777
02/02/2002,ABQ,NM,ASW,WE,Towers with Radar,184,93,83,35,395,2,6,58,17,83,186,99,141,52,478,18,22,40,518
02/03/2002,ABQ,NM,ASW,WE,Towers with Radar,189,57,83,37,366,2,0,61,1,64,191,57,144,38,430,18,22,40,470
02/04/2002,ABQ,NM,ASW,WE,Towers with Radar,218,141,97,24,480,2,9,46,21,78,220,150,143,45,558,28,40,68,626
02/05/2002,ABQ,NM,ASW,WE,Towers with Radar,215,154,84,39,492,2,17,69,42,130,217,171,153,81,622,34,94,128,750
02/06/2002,ABQ,NM,ASW,WE,Towers with Radar,224,140,104,49,517,2,10,55,30,97,226,150,159,79,614,48,108,156,770
02/07/2002,ABQ,NM,ASW,WE,Towers with Radar,232,147,146,71,596,2,3,65,38,108,234,150,211,109,704,22,70,92,796
02/08/2002,ABQ,NM,ASW,WE,Towers with Radar,229,135,115,55,534,2,12,80,44,138,231,147,195,99,672,6,26,32,704
02/09/2002,ABQ,NM,ASW,WE,Towers with Radar,195,82,51,16,344,2,1,27,4,34,197,83,78,20,378,2,0,2,380
02/10/2002,ABQ,NM,ASW,WE,Towers with Radar,184,64,110,31,389,2,5,94,6,107,186,69,204,37,496,4,22,26,522
02/11/2002,ABQ,NM,ASW,WE,Towers with Radar,225,117,112,57,511,2,11,66,55,134,227,128,178,112,645,20,74,94,739
02/12/2002,ABQ,NM,ASW,WE,Towers with Radar,238,148,108,48,542,2,33,91,89,215,240,181,199,137,757,66,124,190,947
02/13/2002,ABQ,NM,ASW,WE,Towers with Radar,232,147,86,88,553,2,48,96,77,223,234,195,182,165,776,56,68,124,900
02/14/2002,ABQ,NM,ASW,WE,Towers with Radar,230,155,109,53,547,2,15,56,60,133,232,170,165,113,680,16,66,82,762
02/15/2002,ABQ,NM,ASW,WE,Towers with Radar,231,151,133,60,575,0,39,101,45,185,231,190,234,105,760,82,120,202,962
02/16/2002,ABQ,NM,ASW,WE,Towers with Radar,188,105,96,20,409,2,10,92,17,121,190,115,188,37,530,24,12,36,566
02/17/2002,ABQ,NM,ASW,WE,Towers with Radar,188,59,152,8,407,2,7,79,4,92,190,66,231,12,499,12,20,32,531
02/18/2002,ABQ,NM,ASW,WE,Towers with Radar,223,106,65,13,407,2,2,50,5,59,225,108,115,18,466,36,36,72,538
02/19/2002,ABQ,NM,ASW,WE,Towers with Radar,233,149,96,91,569,2,17,44,45,108,235,166,140,136,677,6,82,88,765
02/20/2002,ABQ,NM,ASW,WE,Towers with Radar,231,147,126,46,550,2,31,70,47,150,233,178,196,93,700,34,82,116,816
02/21/2002,ABQ,NM,ASW,WE,Towers with Radar,229,162,118,64,573,2,13,87,85,187,231,175,205,149,760,30,52,82,842
02/22/2002,ABQ,NM,ASW,WE,Towers with Radar,233,134,109,119,595,2,31,97,51,181,235,165,206,170,776,24,76,100,876
02/23/2002,ABQ,NM,ASW,WE,Towers with Radar,188,80,126,27,421,2,11,107,12,132,190,91,233,39,553,38,24,62,615
02/24/2002,ABQ,NM,ASW,WE,Towers with Radar,186,61,118,60,425,2,8,54,2,66,188,69,172,62,491,18,28,46,537
02/25/2002,ABQ,NM,ASW,WE,Towers with Radar,221,127,68,58,474,2,6,28,34,70,223,133,96,92,544,2,16,18,562
02/26/2002,ABQ,NM,ASW,WE,Towers with Radar,230,155,98,64,547,1,20,70,80,171,231,175,168,144,718,52,98,150,868
02/27/2002,ABQ,NM,ASW,WE,Towers with Radar,238,145,145,46,574,1,29,77,48,155,239,174,222,94,729,40,128,168,897
02/28/2002,ABQ,NM,ASW,WE,Towers with Radar,231,148,167,26,572,1,25,103,66,195,232,173,270,92,767,34,96,130,897
03/01/2002,ABQ,NM,ASW,WE,Towers with Radar,233,139,96,32,500,0,16,35,37,88,233,155,131,69,588,18,66,84,672
03/02/2002,ABQ,NM,ASW,WE,Towers with Radar,184,92,99,34,409,0,6,45,8,59,184,98,144,42,468,44,18,62,530
03/03/2002,ABQ,NM,ASW,WE,Towers with Radar,195,77,100,86,458,0,0,75,7,82,195,77,175,93,540,40,82,122,662
03/04/2002,ABQ,NM,ASW,WE,Towers with Radar,220,131,111,20,482,0,14,119,14,147,220,145,230,34,629,10,4,14,643
03/05/2002,ABQ,NM,ASW,WE,Towers with Radar,236,145,103,21,505,1,21,117,60,199,237,166,220,81,704,28,56,84,788
03/06/2002,ABQ,NM,ASW,WE,Towers with Radar,231,135,135,60,561,0,19,78,45,142,231,154,213,105,703,42,110,152,855
03/07/2002,ABQ,NM,ASW,WE,Towers with Radar,233,147,85,32,497,0,24,73,68,165,233,171,158,100,662,30,78,108,770
03/08/2002,ABQ,NM,ASW,WE,Towers with Radar,226,152,63,65,506,0,15,21,41,77,226,167,84,106,583,28,90,118,701
03/09/2002,ABQ,NM,ASW,WE,Towers with Radar,195,103,138,60,496,0,10,96,42,148,195,113,234,102,644,6,20,26,670
03/10/2002,ABQ,NM,ASW,WE,Towers with Radar,204,62,84,37,387,0,4,103,15,122,204,66,187,52,509,12,26,38,547
03/11/2002,ABQ,NM,ASW,WE,Towers with Radar,223,104,74,46,447,0,18,47,43,108,223,122,121,89,555,24,36,60,615
03/12/2002,ABQ,NM,ASW,WE,Towers with Radar,238,132,106,33,509,0,28,88,71,187,238,160,194,104,696,24,98,122,818
03/13/2002,ABQ,NM,ASW,WE,Towers with Radar,241,139,124,51,555,0,17,92,96,205,241,156,216,147,760,22,100,122,882
03/14/2002,ABQ,NM,ASW,WE,Towers with Radar,232,142,106,24,504,0,19,39,43,101,232,161,145,67,605,18,90,108,713
03/15/2002,ABQ,NM,ASW,WE,Towers with Radar,232,127,158,115,632,0,31,102,94,227,232,158,260,209,859,68,144,212,1071
03/16/2002,ABQ,NM,ASW,WE,Towers with Radar,209,95,113,25,442,0,20,54,17,91,209,115,167,42,533,8,30,38,571
03/17/2002,ABQ,NM,ASW,WE,Towers with Radar,199,66,98,44,407,0,11,66,9,86,199,77,164,53,493,14,34,48,541
03/18/2002,ABQ,NM,ASW,WE,Towers with Radar,218,128,98,18,462,0,9,71,65,145,218,137,169,83,607,6,48,54,661
03/19/2002,ABQ,NM,ASW,WE,Towers with Radar,223,139,68,28,458,0,28,75,68,171,223,167,143,96,629,20,118,138,767
03/20/2002,ABQ,NM,ASW,WE,Towers with Radar,236,155,141,66,598,0,23,92,45,160,236,178,233,111,758,46,90,136,894
03/21/2002,ABQ,NM,ASW,WE,Towers with Radar,237,151,131,68,587,0,13,95,89,197,237,164,226,157,784,6,96,102,886
03/22/2002,ABQ,NM,ASW,WE,Towers with Radar,234,124,135,48,541,0,39,116,50,205,234,163,251,98,746,36,95,131,877
03/23/2002,ABQ,NM,ASW,WE,Towers with Radar,185,78,87,16,366,0,10,62,32,104,185,88,149,48,470,28,24,52,522
03/24/2002,ABQ,NM,ASW,WE,Towers with Radar,201,61,86,22,370,0,4,48,7,59,201,65,134,29,429,2,4,6,435
03/25/2002,ABQ,NM,ASW,WE,Towers with Radar,216,131,96,28,471,0,0,0,0,0,216,131,96,28,471,20,24,44,515
03/26/2002,ABQ,NM,ASW,WE,Towers with Radar,222,141,120,60,543,0,37,97,67,201,222,178,217,127,744,56,114,170,914
03/27/2002,ABQ,NM,ASW,WE,Towers with Radar,234,155,135,60,584,0,28,94,70,192,234,183,229,130,776,56,106,162,938
03/28/2002,ABQ,NM,ASW,WE,Towers with Radar,235,136,107,26,504,0,21,84,75,180,235,157,191,101,684,2,32,34,718
03/29/2002,ABQ,NM,ASW,WE,Towers with Radar,246,119,88,19,472,0,28,35,67,130,246,147,123,86,602,28,72,100,702
03/30/2002,ABQ,NM,ASW,WE,Towers with Radar,195,73,122,5,395,0,15,87,21,123,195,88,209,26,518,6,8,14,532
03/31/2002,ABQ,NM,ASW,WE,Towers with Radar,190,52,78,5,325,0,2,45,4,51,190,54,123,9,376,10,6,16,392
04/01/2002,ABQ,NM,ASW,WE,Towers with Radar,222,118,119,15,474,1,22,75,46,144,223,140,194,61,618,4,0,4,622
04/02/2002,ABQ,NM,ASW,WE,Towers with Radar,231,147,110,58,546,0,31,101,97,229,231,178,211,155,775,62,94,156,931
04/03/2002,ABQ,NM,ASW,WE,Towers with Radar,235,139,133,34,541,0,25,94,62,181,235,164,227,96,722,38,80,118,840
04/04/2002,ABQ,NM,ASW,WE,Towers with Radar,233,143,135,40,551,0,59,136,97,292,233,202,271,137,843,42,80,122,965
04/05/2002,ABQ,NM,ASW,WE,Towers with Radar,235,169,129,90,623,0,31,87,45,163,235,200,216,135,786,72,74,146,932
04/06/2002,ABQ,NM,ASW,WE,Towers with Radar,191,78,78,21,368,0,16,66,14,96,191,94,144,35,464,4,22,26,490
04/07/2002,ABQ,NM,ASW,WE,Towers with Radar,191,60,76,22,349,0,3,19,0,22,191,63,95,22,371,8,14,22,393
04/08/2002,ABQ,NM,ASW,WE,Towers with Radar,231,114,130,76,551,0,14,92,43,149,231,128,222,119,700,40,18,58,758
04/09/2002,ABQ,NM,ASW,WE,Towers with Radar,241,148,130,44,563,0,40,78,81,199,241,188,208,125,762,28,56,84,846
04/10/2002,ABQ,NM,ASW,WE,Towers with Radar,246,138,96,57,537,0,41,91,53,185,246,179,187,110,722,10,46,56,778
04/11/2002,ABQ,NM,ASW,WE,Towers with Radar,235,136,140,18,529,0,23,66,98,187,235,159,206,116,716,12,66,78,794
04/12/2002,ABQ,NM,ASW,WE,Towers with Radar,238,122,263,51,674,1,51,75,80,207,239,173,338,131,881,27,90,117,998
04/13/2002,ABQ,NM,ASW,WE,Towers with Radar,204,80,83,22,389,1,23,97,9,130,205,103,180,31,519,40,26,66,585
04/14/2002,ABQ,NM,ASW,WE,Towers with Radar,204,68,94,17,383,1,15,74,3,93,205,83,168,20,476,18,26,44,520
04/15/2002,ABQ,NM,ASW,WE,Towers with Radar,226,119,99,30,474,1,17,84,41,143,227,136,183,71,617,4,4,8,625
04/16/2002,ABQ,NM,ASW,WE,Towers with Radar,233,124,120,43,520,0,43,41,49,133,233,167,161,92,653,42,82,124,777
04/17/2002,ABQ,NM,ASW,WE,Towers with Radar,230,122,119,42,513,14,47,49,71,181,244,169,168,113,694,8,64,72,766
04/18/2002,ABQ,NM,ASW,WE,Towers with Radar,238,140,122,35,535,0,40,64,58,162,238,180,186,93,697,36,46,82,779
04/19/2002,ABQ,NM,ASW,WE,Towers with Radar,240,153,109,55,557,0,38,75,75,188,240,191,184,130,745,40,90,130,875
04/20/2002,ABQ,NM,ASW,WE,Towers with Radar,191,75,66,18,350,0,9,56,27,92,191,84,122,45,442,10,20,30,472
04/21/2002,ABQ,NM,ASW,WE,Towers with Radar,199,70,112,26,407,0,0,204,0,204,199,70,316,26,611,8,12,20,631
04/22/2002,ABQ,NM,ASW,WE,Towers with Radar,230,111,98,67,506,0,24,86,52,162,230,135,184,119,668,26,64,90,758
04/23/2002,ABQ,NM,ASW,WE,Towers with Radar,243,136,101,57,537,0,29,113,51,193,243,165,214,108,730,6,48,54,784
04/24/2002,ABQ,NM,ASW,WE,Towers with Radar,236,134,111,84,565,0,45,114,49,208,236,179,225,133,773,20,50,70,843
04/25/2002,ABQ,NM,ASW,WE,Towers with Radar,238,143,121,47,549,0,35,47,53,135,238,178,168,100,684,12,60,72,756
04/26/2002,ABQ,NM,ASW,WE,Towers with Radar,243,150,136,37,566,0,30,72,43,145,243,180,208,80,711,22,62,84,795
04/27/2002,ABQ,NM,ASW,WE,Towers with Radar,210,90,71,3,374,0,13,53,18,84,210,103,124,21,458,20,4,24,482
04/28/2002,ABQ,NM,ASW,WE,Towers with Radar,201,73,89,15,378,0,7,97,6,110,201,80,186,21,488,38,40,78,566
04/29/2002,ABQ,NM,ASW,WE,Towers with Radar,229,126,113,43,511,0,17,113,22,152,229,143,226,65,663,28,18,46,709
04/30/2002,ABQ,NM,ASW,WE,Towers with Radar,241,137,120,47,545,0,27,81,64,172,241,164,201,111,717,24,110,134,851
05/01/2002,ABQ,NM,ASW,WE,Towers with Radar,239,130,109,28,506,0,31,75,0,106,239,161,184,28,612,14,60,74,686
05/02/2002,ABQ,NM,ASW,WE,Towers with Radar,241,135,114,33,523,0,25,62,48,135,241,160,176,81,658,10,60,70,728
05/03/2002,ABQ,NM,ASW,WE,Towers with Radar,240,130,140,72,582,0,40,102,55,197,240,170,242,127,779,24,48,72,851
05/04/2002,ABQ,NM,ASW,WE,Towers with Radar,196,80,124,46,446,0,22,94,16,132,196,102,218,62,578,22,16,38,616
05/05/2002,ABQ,NM,ASW,WE,Towers with Radar,200,65,135,30,430,0,2,79,6,87,200,67,214,36,517,28,40,68,585
05/06/2002,ABQ,NM,ASW,WE,Towers with Radar,227,120,125,31,503,1,22,116,53,192,228,142,241,84,695,52,50,102,797
05/07/2002,ABQ,NM,ASW,WE,Towers with Radar,251,143,89,20,503,0,38,133,68,239,251,181,222,88,742,20,76,96,838
05/08/2002,ABQ,NM,ASW,WE,Towers with Radar,237,147,96,45,525,0,25,77,55,157,237,172,173,100,682,30,96,126,808
05/09/2002,ABQ,NM,ASW,WE,Towers with Radar,237,153,97,18,505,5,24,80,66,175,242,177,177,84,680,20,36,56,736
05/10/2002,ABQ,NM,ASW,WE,Towers with Radar,246,140,91,51,528,0,29,96,112,237,246,169,187,163,765,58,62,120,885
05/11/2002,ABQ,NM,ASW,WE,Towers with Radar,200,68,88,11,367,0,24,85,12,121,200,92,173,23,488,22,10,32,520
05/12/2002,ABQ,NM,ASW,WE,Towers with Radar,200,54,80,8,342,0,1,67,3,71,200,55,147,11,413,14,0,14,427
05/13/2002,ABQ,NM,ASW,WE,Towers with Radar,230,151,84,64,529,0,23,94,29,146,230,174,178,93,675,16,18,34,709
05/14/2002,ABQ,NM,ASW,WE,Towers with Radar,246,129,145,27,547,0,32,78,77,187,246,161,223,104,734,68,20,88,822
05/15/2002,ABQ,NM,ASW,WE,Towers with Radar,236,134,131,83,584,3,72,134,41,250,239,206,265,124,834,6,86,92,926
05/16/2002,ABQ,NM,ASW,WE,Towers with Radar,239,133,125,43,540,0,37,99,45,181,239,170,224,88,721,12,34,46,767
05/17/2002,ABQ,NM,ASW,WE,Towers with Radar,241,136,128,38,543,0,33,33,75,141,241,169,161,113,684,30,78,108,792
05/18/2002,ABQ,NM,ASW,WE,Towers with Radar,217,77,129,10,433,0,12,88,2,102,217,89,217,12,535,22,0,22,557
05/19/2002,ABQ,NM,ASW,WE,Towers with Radar,198,72,119,30,419,0,11,64,8,83,198,83,183,38,502,20,24,44,546
05/20/2002,ABQ,NM,ASW,WE,Towers with Radar,241,120,101,36,498,0,27,73,59,159,241,147,174,95,657,20,40,60,717
05/21/2002,ABQ,NM,ASW,WE,Towers with Radar,244,117,86,26,473,0,30,74,46,150,244,147,160,72,623,28,80,108,731
05/22/2002,ABQ,NM,ASW,WE,Towers with Radar,243,133,117,54,547,0,34,171,71,276,243,167,288,125,823,16,64,80,903
05/23/2002,ABQ,NM,ASW,WE,Towers with Radar,237,130,122,37,526,7,58,167,59,291,244,188,289,96,817,10,36,46,863
05/24/2002,ABQ,NM,ASW,WE,Towers with Radar,243,130,129,34,536,2,52,162,19,235,245,182,291,53,771,36,36,72,843
05/25/2002,ABQ,NM,ASW,WE,Towers with Radar,200,68,109,6,383,1,11,102,13,127,201,79,211,19,510,34,14,48,558
05/26/2002,ABQ,NM,ASW,WE,Towers with Radar,183,50,100,9,342,0,18,143,7,168,183,68,243,16,510,10,24,34,544
05/27/2002,ABQ,NM,ASW,WE,Towers with Radar,202,76,108,22,408,0,4,85,4,93,202,80,193,26,501,2,6,8,509
05/28/2002,ABQ,NM,ASW,WE,Towers with Radar,239,103,112,68,522,0,24,95,47,166,239,127,207,115,688,24,64,88,776
05/29/2002,ABQ,NM,ASW,WE,Towers with Radar,241,127,132,32,532,0,28,92,66,186,241,155,224,98,718,46,24,70,788
05/30/2002,ABQ,NM,ASW,WE,Towers with Radar,245,119,137,47,548,0,23,103,73,199,245,142,240,120,747,12,72,84,831
05/31/2002,ABQ,NM,ASW,WE,Towers with Radar,237,117,114,58,526,0,36,88,73,197,237,153,202,131,723,28,124,152,875
06/01/2002,ABQ,NM,ASW,WE,Towers with Radar,201,73,86,18,378,0,18,68,21,107,201,91,154,39,485,0,40,40,525
06/02/2002,ABQ,NM,ASW,WE,Towers with Radar,196,59,94,29,378,0,8,92,11,111,196,67,186,40,489,6,44,50,539
06/03/2002,ABQ,NM,ASW,WE,Towers with Radar,237,118,97,33,485,0,25,122,44,191,237,143,219,77,676,14,18,32,708
06/04/2002,ABQ,NM,ASW,WE,Towers with Radar,234,129,118,60,541,0,29,90,63,182,234,158,208,123,723,14,88,102,825
06/05/2002,ABQ,NM,ASW,WE,Towers with Radar,242,135,102,96,575,0,29,64,40,133,242,164,166,136,708,76,104,180,888
06/06/2002,ABQ,NM,ASW,WE,Towers with Radar,253,140,122,60,575,0,33,107,78,218,253,173,229,138,793,14,98,112,905
06/07/2002,ABQ,NM,ASW,WE,Towers with Radar,240,127,131,58,556,0,41,119,67,227,240,168,250,125,783,22,100,122,905
06/08/2002,ABQ,NM,ASW,WE,Towers with Radar,227,81,129,15,452,0,50,166,21,237,227,131,295,36,689,12,18,30,719
06/09/2002,ABQ,NM,ASW,WE,Towers with Radar,210,60,100,15,385,0,19,170,11,200,210,79,270,26,585,8,14,22,607
06/10/2002,ABQ,NM,ASW,WE,Towers with Radar,244,116,107,15,482,0,33,102,44,179,244,149,209,59,661,20,32,52,713
06/11/2002,ABQ,NM,ASW,WE,Towers with Radar,241,131,140,25,537,0,41,121,73,235,241,172,261,98,772,38,50,88,860
06/12/2002,ABQ,NM,ASW,WE,Towers with Radar,252,130,120,92,594,0,62,134,57,253,252,192,254,149,847,38,30,68,915
06/13/2002,ABQ,NM,ASW,WE,Towers with Radar,243,134,146,29,552,0,31,241,83,355,243,165,387,112,907,16,58,74,981
06/14/2002,ABQ,NM,ASW,WE,Towers with Radar,245,140,85,38,508,0,29,106,61,196,245,169,191,99,704,46,76,122,826
06/15/2002,ABQ,NM,ASW,WE,Towers with Radar,221,70,119,36,446,0,35,199,22,256,221,105,318,58,702,10,8,18,720
06/16/2002,ABQ,NM,ASW,WE,Towers with Radar,213,63,130,32,438,0,7,140,12,159,213,70,270,44,597,30,16,46,643
06/17/2002,ABQ,NM,ASW,WE,Towers with Radar,227,117,131,71,546,0,21,118,61,200,227,138,249,132,746,26,60,86,832
06/18/2002,ABQ,NM,ASW,WE,Towers with Radar,210,120,88,42,460,0,0,0,0,0,210,120,88,42,460,28,48,76,536
06/19/2002,ABQ,NM,ASW,WE,Towers with Radar,234,126,123,109,592,0,31,118,55,204,234,157,241,164,796,56,136,192,988
06/20/2002,ABQ,NM,ASW,WE,Towers with Radar,189,159,136,64,548,80,7,96,51,234,269,166,232,115,782,16,26,42,824
06/21/2002,ABQ,NM,ASW,WE,Towers with Radar,176,137,110,25,448,75,19,95,58,247,251,156,205,83,695,26,24,50,745
06/22/2002,ABQ,NM,ASW,WE,Towers with Radar,176,61,102,28,367,48,26,69,35,178,224,87,171,63,545,54,38,92,637
06/23/2002,ABQ,NM,ASW,WE,Towers with Radar,176,55,77,15,323,36,21,98,2,157,212,76,175,17,480,10,22,32,512
06/24/2002,ABQ,NM,ASW,WE,Towers with Radar,176,135,137,31,479,63,18,80,21,182,239,153,217,52,661,16,14,30,691
06/25/2002,ABQ,NM,ASW,WE,Towers with Radar,176,127,142,55,500,49,35,73,72,229,225,162,215,127,729,24,124,148,877
06/26/2002,ABQ,NM,ASW,WE,Towers with Radar,176,133,126,133,568,61,37,90,40,228,237,170,216,173,796,16,70,86,882
06/27/2002,ABQ,NM,ASW,WE,Towers with Radar,176,150,145,29,500,71,18,68,52,209,247,168,213,81,709,20,24,44,753
06/28/2002,ABQ,NM,ASW,WE,Towers with Radar,179,154,119,41,493,80,7,96,64,247,259,161,215,105,740,56,80,136,876
06/29/2002,ABQ,NM,ASW,WE,Towers with Radar,175,64,114,30,383,40,33,104,43,220,215,97,218,73,603,6,12,18,621
06/30/2002,ABQ,NM,ASW,WE,Towers with Radar,175,55,82,34,346,45,10,83,5,143,220,65,165,39,489,8,20,28,517
07/01/2002,ABQ,NM,ASW,WE,Towers with Radar,243,117,98,45,503,0,24,90,49,163,243,141,188,94,666,10,50,60,726
07/02/2002,ABQ,NM,ASW,WE,Towers with Radar,235,136,108,55,534,0,37,61,53,151,235,173,169,108,685,40,70,110,795
07/03/2002,ABQ,NM,ASW,WE,Towers with Radar,244,113,100,109,566,0,1,27,12,40,244,114,127,121,606,64,98,162,768
07/04/2002,ABQ,NM,ASW,WE,Towers with Radar,196,65,64,9,334,0,4,62,46,112,196,69,126,55,446,6,38,44,490
07/05/2002,ABQ,NM,ASW,WE,Towers with Radar,193,92,73,8,366,0,42,59,20,121,193,134,132,28,487,28,30,58,545
07/06/2002,ABQ,NM,ASW,WE,Towers with Radar,196,73,78,0,347,0,7,65,5,77,196,80,143,5,424,24,0,24,448
07/07/2002,ABQ,NM,ASW,WE,Towers with Radar,192,67,103,22,384,28,0,72,0,100,220,67,175,22,484,16,0,16,500
07/08/2002,ABQ,NM,ASW,WE,Towers with Radar,227,123,116,52,518,0,18,53,53,124,227,141,169,105,642,12,22,34,676
07/09/2002,ABQ,NM,ASW,WE,Towers with Radar,232,142,93,18,485,0,1,0,1,2,232,143,93,19,487,46,88,134,621
07/10/2002,ABQ,NM,ASW,WE,Towers with Radar,243,127,90,74,534,0,33,87,55,175,243,160,177,129,709,38,118,156,865
07/11/2002,ABQ,NM,ASW,WE,Towers with Radar,243,134,118,71,566,0,1,0,1,2,243,135,118,72,568,10,90,100,668
07/12/2002,ABQ,NM,ASW,WE,Towers with Radar,233,125,372,68,798,0,40,162,74,276,233,165,534,142,1074,12,72,84,1158
07/13/2002,ABQ,NM,ASW,WE,Towers with Radar,213,74,193,23,503,0,37,11,22,70,213,111,204,45,573,6,14,20,593
07/14/2002,ABQ,NM,ASW,WE,Towers with Radar,220,58,180,19,477,0,18,137,6,161,220,76,317,25,638,28,10,38,676
07/15/2002,ABQ,NM,ASW,WE,Towers with Radar,233,119,110,61,523,0,1,0,1,2,233,120,110,62,525,22,34,56,581
07/16/2002,ABQ,NM,ASW,WE,Towers with Radar,243,135,121,36,535,0,33,98,48,179,243,168,219,84,714,66,48,114,828
07/17/2002,ABQ,NM,ASW,WE,Towers with Radar,238,123,119,55,535,0,45,115,58,218,238,168,234,113,753,58,102,160,913
07/18/2002,ABQ,NM,ASW,WE,Towers with Radar,240,127,124,46,537,0,40,107,89,236,240,167,231,135,773,26,60,86,859
07/19/2002,ABQ,NM,ASW,WE,Towers with Radar,251,129,102,22,504,0,31,82,68,181,251,160,184,90,685,26,42,68,753
07/20/2002,ABQ,NM,ASW,WE,Towers with Radar,218,76,134,17,445,0,1,0,0,1,218,77,134,17,446,22,4,26,472
07/21/2002,ABQ,NM,ASW,WE,Towers with Radar,218,65,117,14,414,0,11,93,5,109,218,76,210,19,523,32,28,60,583
07/22/2002,ABQ,NM,ASW,WE,Towers with Radar,222,123,81,8,434,0,16,56,36,108,222,139,137,44,542,0,0,0,542
07/23/2002,ABQ,NM,ASW,WE,Towers with Radar,233,116,106,22,477,0,1,0,0,1,233,117,106,22,478,60,18,78,556
07/24/2002,ABQ,NM,ASW,WE,Towers with Radar,241,125,226,270,862,0,44,121,72,237,241,169,347,342,1099,14,104,118,1217
07/25/2002,ABQ,NM,ASW,WE,Towers with Radar,249,127,120,86,582,0,35,103,32,170,249,162,223,118,752,50,68,118,870
07/26/2002,ABQ,NM,ASW,WE,Towers with Radar,243,126,116,51,536,0,5,10,4,19,243,131,126,55,555,32,42,74,629
07/27/2002,ABQ,NM,ASW,WE,Towers with Radar,214,71,97,17,399,0,0,18,1,19,214,71,115,18,418,32,28,60,478
07/28/2002,ABQ,NM,ASW,WE,Towers with Radar,218,64,102,21,405,0,9,85,13,107,218,73,187,34,512,16,8,24,536
07/29/2002,ABQ,NM,ASW,WE,Towers with Radar,225,109,120,27,481,0,29,71,64,164,225,138,191,91,645,32,20,52,697
07/30/2002,ABQ,NM,ASW,WE,Towers with Radar,246,128,119,45,538,0,0,0,1,1,246,128,119,46,539,26,78,104,643
07/31/2002,ABQ,NM,ASW,WE,Towers with Radar,229,127,136,25,517,0,36,81,79,196,229,163,217,104,713,64,116,180,893
08/01/2002,ABQ,NM,ASW,WE,Towers with Radar,235,128,123,27,513,1,31,97,38,167,236,159,220,65,680,16,16,32,712
08/02/2002,ABQ,NM,ASW,WE,Towers with Radar,246,130,83,76,535,0,36,61,19,116,246,166,144,95,651,22,62,84,735
08/03/2002,ABQ,NM,ASW,WE,Towers with Radar,209,80,89,27,405,0,3,52,2,57,209,83,141,29,462,12,4,16,478
08/04/2002,ABQ,NM,ASW,WE,Towers with Radar,219,60,90,15,384,1,10,74,4,89,220,70,164,19,473,10,8,18,491
08/05/2002,ABQ,NM,ASW,WE,Towers with Radar,228,107,85,3,423,0,23,94,29,146,228,130,179,32,569,4,0,4,573
08/06/2002,ABQ,NM,ASW,WE,Towers with Radar,241,126,82,91,540,0,33,76,71,180,241,159,158,162,720,20,78,98,818
08/07/2002,ABQ,NM,ASW,WE,Towers with Radar,242,137,96,30,505,1,29,77,73,180,243,166,173,103,685,6,94,100,785
08/08/2002,ABQ,NM,ASW,WE,Towers with Radar,238,132,108,20,498,1,26,94,70,191,239,158,202,90,689,6,14,20,709
08/09/2002,ABQ,NM,ASW,WE,Towers with Radar,248,129,341,41,759,1,0,27,3,31,249,129,368,44,790,80,72,152,942
08/10/2002,ABQ,NM,ASW,WE,Towers with Radar,219,80,79,21,399,1,0,33,0,34,220,80,112,21,433,8,8,16,449
08/11/2002,ABQ,NM,ASW,WE,Towers with Radar,236,64,116,33,449,1,4,86,4,95,237,68,202,37,544,18,16,34,578
08/12/2002,ABQ,NM,ASW,WE,Towers with Radar,228,119,89,16,452,1,32,94,38,165,229,151,183,54,617,20,10,30,647
08/13/2002,ABQ,NM,ASW,WE,Towers with Radar,235,116,120,38,509,0,61,63,18,142,235,177,183,56,651,25,52,77,728
08/14/2002,ABQ,NM,ASW,WE,Towers with Radar,238,121,117,115,591,1,26,71,32,130,239,147,188,147,721,26,68,94,815
08/15/2002,ABQ,NM,ASW,WE,Towers with Radar,245,125,130,36,536,1,34,110,54,199,246,159,240,90,735,14,30,44,779
08/16/2002,ABQ,NM,ASW,WE,Towers with Radar,233,123,120,50,526,1,39,85,53,178,234,162,205,103,704,96,10,106,810
08/17/2002,ABQ,NM,ASW,WE,Towers with Radar,222,71,120,15,428,1,12,83,22,118,223,83,203,37,546,20,22,42,588
08/18/2002,ABQ,NM,ASW,WE,Towers with Radar,213,71,75,25,384,1,0,0,0,1,214,71,75,25,385,38,22,60,445
08/19/2002,ABQ,NM,ASW,WE,Towers with Radar,222,118,88,32,460,1,21,62,21,105,223,139,150,53,565,10,12,22,587
08/20/2002,ABQ,NM,ASW,WE,Towers with Radar,238,140,83,38,499,1,34,85,46,166,239,174,168,84,665,26,72,98,763
08/21/2002,ABQ,NM,ASW,WE,Towers with Radar,242,122,124,36,524,1,30,111,112,254,243,152,235,148,778,54,110,164,942
08/22/2002,ABQ,NM,ASW,WE,Towers with Radar,235,137,124,52,548,1,33,92,50,176,236,170,216,102,724,36,60,96,820
08/23/2002,ABQ,NM,ASW,WE,Towers with Radar,262,125,130,41,558,633,121,32,62,848,895,246,162,103,1406,58,72,130,1536
08/24/2002,ABQ,NM,ASW,WE,Towers with Radar,208,72,114,37,431,1,21,85,25,132,209,93,199,62,563,10,28,38,601
08/25/2002,ABQ,NM,ASW,WE,Towers with Radar,207,58,114,17,396,1,17,104,2,124,208,75,218,19,520,30,0,30,550
08/26/2002,ABQ,NM,ASW,WE,Towers with Radar,229,113,117,56,515,1,28,129,58,216,230,141,246,114,731,10,38,48,779
08/27/2002,ABQ,NM,ASW,WE,Towers with Radar,244,129,110,37,520,1,28,184,50,263,245,157,294,87,783,38,128,166,949
08/28/2002,ABQ,NM,ASW,WE,Towers with Radar,247,136,103,26,512,1,16,77,52,146,248,152,180,78,658,10,18,28,686
08/29/2002,ABQ,NM,ASW,WE,Towers with Radar,236,134,150,34,554,0,39,78,77,194,236,173,228,111,748,16,76,92,840
08/30/2002,ABQ,NM,ASW,WE,Towers with Radar,239,124,146,15,524,0,33,96,66,195,239,157,242,81,719,20,60,80,799
08/31/2002,ABQ,NM,ASW,WE,Towers with Radar,190,66,87,0,343,0,7,109,13,129,190,73,196,13,472,32,30,62,534
09/01/2002,ABQ,NM,ASW,WE,Towers with Radar,166,54,96,17,333,12,6,77,2,97,178,60,173,19,430,10,2,12,442
09/02/2002,ABQ,NM,ASW,WE,Towers with Radar,180,64,112,10,366,12,16,74,0,102,192,80,186,10,468,2,0,2,470
09/03/2002,ABQ,NM,ASW,WE,Towers with Radar,212,106,65,30,413,12,30,56,28,126,224,136,121,58,539,16,16,32,571
09/04/2002,ABQ,NM,ASW,WE,Towers with Radar,227,134,103,45,509,12,25,94,50,181,239,159,197,95,690,64,80,144,834
09/05/2002,ABQ,NM,ASW,WE,Towers with Radar,223,143,114,69,549,12,36,88,56,192,235,179,202,125,741,8,38,46,787
09/06/2002,ABQ,NM,ASW,WE,Towers with Radar,223,149,111,67,550,12,40,95,64,211,235,189,206,131,761,40,82,122,883
09/07/2002,ABQ,NM,ASW,WE,Towers with Radar,189,74,90,33,386,12,11,74,21,118,201,85,164,54,504,12,4,16,520
09/08/2002,ABQ,NM,ASW,WE,Towers with Radar,189,63,88,37,377,12,9,98,8,127,201,72,186,45,504,22,26,48,552
09/09/2002,ABQ,NM,ASW,WE,Towers with Radar,202,111,80,77,470,12,18,90,29,149,214,129,170,106,619,14,44,58,677
09/10/2002,ABQ,NM,ASW,WE,Towers with Radar,229,131,93,22,475,12,13,24,24,73,241,144,117,46,548,8,50,58,606
09/11/2002,ABQ,NM,ASW,WE,Towers with Radar,222,155,121,25,523,12,9,23,55,99,234,164,144,80,622,34,60,94,716
09/12/2002,ABQ,NM,ASW,WE,Towers with Radar,220,134,125,34,513,12,29,53,60,154,232,163,178,94,667,6,30,36,703
09/13/2002,ABQ,NM,ASW,WE,Towers with Radar,223,122,119,49,513,12,44,102,33,191,235,166,221,82,704,8,26,34,738
09/14/2002,ABQ,NM,ASW,WE,Towers with Radar,180,75,204,40,499,12,16,140,31,199,192,91,344,71,698,26,42,68,766
09/15/2002,ABQ,NM,ASW,WE,Towers with Radar,194,202,105,38,539,12,10,76,14,112,206,212,181,52,651,22,48,70,721
09/16/2002,ABQ,NM,ASW,WE,Towers with Radar,208,117,112,34,471,12,22,68,54,156,220,139,180,88,627,22,38,60,687
09/17/2002,ABQ,NM,ASW,WE,Towers with Radar,227,116,100,30,473,12,41,80,68,201,239,157,180,98,674,22,24,46,720
09/18/2002,ABQ,NM,ASW,WE,Towers with Radar,220,129,187,22,558,12,20,57,48,137,232,149,244,70,695,16,16,32,727
09/19/2002,ABQ,NM,ASW,WE,Towers with Radar,218,134,126,63,541,12,27,67,49,155,230,161,193,112,696,14,36,50,746
09/20/2002,ABQ,NM,ASW,WE,Towers with Radar,221,143,149,53,566,12,43,89,66,210,233,186,238,119,776,60,98,158,934
09/21/2002,ABQ,NM,ASW,WE,Towers with Radar,189,76,98,28,391,12,7,87,31,137,201,83,185,59,528,20,4,24,552
09/22/2002,ABQ,NM,ASW,WE,Towers with Radar,187,72,111,42,412,12,3,89,4,108,199,75,200,46,520,12,24,36,556
09/23/2002,ABQ,NM,ASW,WE,Towers with Radar,210,126,91,37,464,12,28,54,30,124,222,154,145,67,588,32,24,56,644
09/24/2002,ABQ,NM,ASW,WE,Towers with Radar,226,138,121,35,520,0,27,97,72,196,226,165,218,107,716,26,118,144,860
09/25/2002,ABQ,NM,ASW,WE,Towers with Radar,232,126,119,33,510,0,36,91,52,179,232,162,210,85,689,14,20,34,723
09/26/2002,ABQ,NM,ASW,WE,Towers with Radar,234,124,156,36,550,0,25,79,34,138,234,149,235,70,688,8,12,20,708
09/27/2002,ABQ,NM,ASW,WE,Towers with Radar,231,127,100,64,522,0,31,98,73,202,231,158,198,137,724,68,6,74,798
09/28/2002,ABQ,NM,ASW,WE,Towers with Radar,203,72,76,13,364,0,14,85,7,106,203,86,161,20,470,40,18,58,528
09/29/2002,ABQ,NM,ASW,WE,Towers with Radar,200,71,92,10,373,0,10,76,5,91,200,81,168,15,464,10,28,38,502
09/30/2002,ABQ,NM,ASW,WE,Towers with Radar,221,113,81,12,427,0,20,27,20,67,221,133,108,32,494,34,0,34,528
10/01/2002,ABQ,NM,ASW,WE,Towers with Radar,203,107,117,62,489,25,29,55,47,156,228,136,172,109,645,2,30,32,677
10/02/2002,ABQ,NM,ASW,WE,Towers with Radar,244,142,73,58,517,25,33,55,64,177,269,175,128,122,694,52,54,106,800
10/03/2002,ABQ,NM,ASW,WE,Towers with Radar,205,132,113,47,497,25,34,85,89,233,230,166,198,136,730,10,38,48,778
10/04/2002,ABQ,NM,ASW,WE,Towers with Radar,202,140,172,51,565,25,39,90,37,191,227,179,262,88,756,30,54,84,840
10/05/2002,ABQ,NM,ASW,WE,Towers with Radar,174,89,156,54,473,25,11,95,0,131,199,100,251,54,604,36,68,104,708
10/06/2002,ABQ,NM,ASW,WE,Towers with Radar,179,60,137,31,407,25,14,135,0,174,204,74,272,31,581,16,20,36,617
10/07/2002,ABQ,NM,ASW,WE,Towers with Radar,192,120,113,76,501,25,15,95,47,182,217,135,208,123,683,26,22,48,731
10/08/2002,ABQ,NM,ASW,WE,Towers with Radar,211,147,117,44,519,25,21,110,79,235,236,168,227,123,754,24,72,96,850
10/09/2002,ABQ,NM,ASW,WE,Towers with Radar,210,133,111,47,501,25,27,119,75,246,235,160,230,122,747,10,32,42,789
10/10/2002,ABQ,NM,ASW,WE,Towers with Radar,216,131,143,62,552,25,41,118,89,273,241,172,261,151,825,18,46,64,889
10/11/2002,ABQ,NM,ASW,WE,Towers with Radar,206,122,160,41,529,25,76,95,43,239,231,198,255,84,768,18,42,60,828
10/12/2002,ABQ,NM,ASW,WE,Towers with Radar,171,74,94,32,371,25,17,97,11,150,196,91,191,43,521,8,2,10,531
10/13/2002,ABQ,NM,ASW,WE,Towers with Radar,179,60,71,26,336,25,6,78,0,109,204,66,149,26,445,8,16,24,469
10/14/2002,ABQ,NM,ASW,WE,Towers with Radar,201,97,108,48,454,25,27,115,0,167,226,124,223,48,621,14,2,16,637
10/15/2002,ABQ,NM,ASW,WE,Towers with Radar,207,112,121,41,481,25,32,76,32,165,232,144,197,73,646,16,40,56,702
10/16/2002,ABQ,NM,ASW,WE,Towers with Radar,215,122,158,39,534,25,34,89,43,191,240,156,247,82,725,4,56,60,785
10/17/2002,ABQ,NM,ASW,WE,Towers with Radar,214,126,111,41,492,25,39,72,52,188,239,165,183,93,680,14,50,64,744
10/18/2002,ABQ,NM,ASW,WE,Towers with Radar,208,142,127,40,517,25,31,81,49,186,233,173,208,89,703,14,40,54,757
10/19/2002,ABQ,NM,ASW,WE,Towers with Radar,173,82,113,36,404,25,10,102,9,146,198,92,215,45,550,10,20,30,580
10/20/2002,ABQ,NM,ASW,WE,Towers with Radar,181,79,90,58,408,25,8,111,3,147,206,87,201,61,555,20,76,96,651
10/21/2002,ABQ,NM,ASW,WE,Towers with Radar,223,111,110,37,481,0,25,70,82,177,223,136,180,119,658,17,26,43,701
10/22/2002,ABQ,NM,ASW,WE,Towers with Radar,239,140,140,8,527,0,41,72,15,128,239,181,212,23,655,16,62,78,733
10/23/2002,ABQ,NM,ASW,WE,Towers with Radar,234,143,125,36,538,0,23,78,58,159,234,166,203,94,697,32,62,94,791
10/24/2002,ABQ,NM,ASW,WE,Towers with Radar,228,157,114,21,520,0,15,58,68,141,228,172,172,89,661,22,14,36,697
10/25/2002,ABQ,NM,ASW,WE,Towers with Radar,227,139,114,66,546,0,39,87,106,232,227,178,201,172,778,78,130,208,986
10/26/2002,ABQ,NM,ASW,WE,Towers with Radar,204,70,68,8,350,0,8,51,22,81,204,78,119,30,431,7,10,17,448
10/27/2002,ABQ,NM,ASW,WE,Towers with Radar,209,56,74,8,347,0,11,58,18,87,209,67,132,26,434,10,6,16,450
10/28/2002,ABQ,NM,ASW,WE,Towers with Radar,213,117,83,86,499,0,19,56,75,150,213,136,139,161,649,24,70,94,743
10/29/2002,ABQ,NM,ASW,WE,Towers with Radar,235,142,123,27,527,0,19,56,89,164,235,161,179,116,691,24,54,78,769
10/30/2002,ABQ,NM,ASW,WE,Towers with Radar,238,139,132,40,549,0,16,83,76,175,238,155,215,116,724,38,60,98,822
10/31/2002,ABQ,NM,ASW,WE,Towers with Radar,230,123,98,32,483,0,45,104,118,267,230,168,202,150,750,70,14,84,834
11/01/2002,ABQ,NM,ASW,WE,Towers with Radar,224,135,115,89,563,0,0,0,0,0,224,135,115,89,563,21,0,21,584
11/02/2002,ABQ,NM,ASW,WE,Towers with Radar,184,90,61,62,397,0,0,0,0,0,184,90,61,62,397,21,0,21,418
11/03/2002,ABQ,NM,ASW,WE,Towers with Radar,189,66,93,26,374,0,27,71,6,104,189,93,164,32,478,26,18,44,522
11/04/2002,ABQ,NM,ASW,WE,Towers with Radar,219,140,63,50,472,0,0,0,0,0,219,140,63,50,472,26,18,44,516
11/05/2002,ABQ,NM,ASW,WE,Towers with Radar,228,122,104,48,502,0,42,72,65,179,228,164,176,113,681,28,86,114,795
11/06/2002,ABQ,NM,ASW,WE,Towers with Radar,226,129,147,32,534,0,42,89,96,227,226,171,236,128,761,40,104,144,905
11/07/2002,ABQ,NM,ASW,WE,Towers with Radar,228,126,130,43,527,0,37,85,65,187,228,163,215,108,714,28,40,68,782
11/08/2002,ABQ,NM,ASW,WE,Towers with Radar,227,133,125,27,512,0,43,79,86,208,227,176,204,113,720,10,62,72,792
11/09/2002,ABQ,NM,ASW,WE,Towers with Radar,186,81,44,21,332,0,11,25,27,63,186,92,69,48,395,10,45,55,450
11/10/2002,ABQ,NM,ASW,WE,Towers with Radar,196,59,82,21,358,0,9,55,4,68,196,68,137,25,426,20,22,42,468
11/11/2002,ABQ,NM,ASW,WE,Towers with Radar,223,107,96,18,444,0,12,80,6,98,223,119,176,24,542,26,0,26,568
11/12/2002,ABQ,NM,ASW,WE,Towers with Radar,228,115,89,29,461,0,25,85,65,175,228,140,174,94,636,6,6,12,648
11/13/2002,ABQ,NM,ASW,WE,Towers with Radar,227,137,132,49,545,0,36,82,75,193,227,173,214,124,738,36,78,114,852
11/14/2002,ABQ,NM,ASW,WE,Towers with Radar,234,116,125,39,514,0,43,100,63,206,234,159,225,102,720,44,16,60,780
11/15/2002,ABQ,NM,ASW,WE,Towers with Radar,231,129,144,48,552,0,33,61,69,163,231,162,205,117,715,36,96,132,847
11/16/2002,ABQ,NM,ASW,WE,Towers with Radar,183,73,107,49,412,0,14,110,28,152,183,87,217,77,564,44,52,96,660
11/17/2002,ABQ,NM,ASW,WE,Towers with Radar,203,56,83,22,364,0,16,88,5,109,203,72,171,27,473,6,16,22,495
11/18/2002,ABQ,NM,ASW,WE,Towers with Radar,214,106,69,36,425,0,21,56,83,160,214,127,125,119,585,16,46,62,647
11/19/2002,ABQ,NM,ASW,WE,Towers with Radar,230,124,133,56,543,0,51,84,64,199,230,175,217,120,742,30,106,136,878
11/20/2002,ABQ,NM,ASW,WE,Towers with Radar,231,115,129,65,540,0,26,78,80,184,231,141,207,145,724,20,58,78,802
11/21/2002,ABQ,NM,ASW,WE,Towers with Radar,233,148,139,50,570,0,44,101,70,215,233,192,240,120,785,10,78,88,873
11/22/2002,ABQ,NM,ASW,WE,Towers with Radar,232,133,132,50,547,0,50,105,92,247,232,183,237,142,794,52,124,176,970
11/23/2002,ABQ,NM,ASW,WE,Towers with Radar,187,72,97,28,384,0,0,0,0,0,187,72,97,28,384,18,10,28,412
11/24/2002,ABQ,NM,ASW,WE,Towers with Radar,197,55,161,69,482,0,9,63,3,75,197,64,224,72,557,6,34,40,597
11/25/2002,ABQ,NM,ASW,WE,Towers with Radar,218,123,70,64,475,0,15,52,36,103,218,138,122,100,578,10,42,52,630
11/26/2002,ABQ,NM,ASW,WE,Towers with Radar,225,145,100,51,521,0,25,43,37,105,225,170,143,88,626,30,76,106,732
11/27/2002,ABQ,NM,ASW,WE,Towers with Radar,241,127,118,29,515,0,36,71,65,172,241,163,189,94,687,10,42,52,739
11/28/2002,ABQ,NM,ASW,WE,Towers with Radar,157,54,46,0,257,0,1,41,10,52,157,55,87,10,309,2,8,10,319
11/29/2002,ABQ,NM,ASW,WE,Towers with Radar,164,87,79,1,331,0,34,82,11,127,164,121,161,12,458,20,0,20,478
11/30/2002,ABQ,NM,ASW,WE,Towers with Radar,174,82,68,2,326,0,13,71,1,85,174,95,139,3,411,0,0,0,411
12/01/2002,ABQ,NM,ASW,WE,Towers with Radar,195,59,124,7,385,0,6,59,7,72,195,65,183,14,457,0,2,2,459
12/02/2002,ABQ,NM,ASW,WE,Towers with Radar,210,108,101,38,457,0,16,61,11,88,210,124,162,49,545,10,22,32,577
12/03/2002,ABQ,NM,ASW,WE,Towers with Radar,231,142,63,95,531,0,1,4,13,18,231,143,67,108,549,10,48,58,607
12/04/2002,ABQ,NM,ASW,WE,Towers with Radar,226,145,116,39,526,0,14,35,55,104,226,159,151,94,630,12,32,44,674
12/05/2002,ABQ,NM,ASW,WE,Towers with Radar,227,133,130,46,536,0,25,103,61,189,227,158,233,107,725,16,40,56,781
12/06/2002,ABQ,NM,ASW,WE,Towers with Radar,227,130,136,50,543,0,40,116,58,214,227,170,252,108,757,22,74,96,853
12/07/2002,ABQ,NM,ASW,WE,Towers with Radar,179,79,87,24,369,0,0,0,0,0,179,79,87,24,369,2,22,24,393
12/08/2002,ABQ,NM,ASW,WE,Towers with Radar,193,65,45,8,311,0,0,11,5,16,193,65,56,13,327,14,12,26,353
12/09/2002,ABQ,NM,ASW,WE,Towers with Radar,210,129,96,86,521,0,24,89,41,154,210,153,185,127,675,8,18,26,701
12/10/2002,ABQ,NM,ASW,WE,Towers with Radar,227,122,123,42,514,0,34,107,49,190,227,156,230,91,704,10,56,66,770
12/11/2002,ABQ,NM,ASW,WE,Towers with Radar,237,133,109,50,529,0,25,90,84,199,237,158,199,134,728,6,40,46,774
12/12/2002,ABQ,NM,ASW,WE,Towers with Radar,230,119,126,30,505,0,47,80,74,201,230,166,206,104,706,27,74,101,807
12/13/2002,ABQ,NM,ASW,WE,Towers with Radar,233,120,129,48,530,0,41,86,82,209,233,161,215,130,739,10,78,88,827
12/14/2002,ABQ,NM,ASW,WE,Towers with Radar,182,78,77,13,350,0,5,106,16,127,182,83,183,29,477,20,4,24,501
12/15/2002,ABQ,NM,ASW,WE,Towers with Radar,188,57,76,39,360,0,5,72,8,85,188,62,148,47,445,10,26,36,481
12/16/2002,ABQ,NM,ASW,WE,Towers with Radar,219,121,68,39,447,0,24,92,57,173,219,145,160,96,620,12,22,34,654
12/17/2002,ABQ,NM,ASW,WE,Towers with Radar,235,153,55,32,475,0,9,16,36,61,235,162,71,68,536,8,8,16,552
12/18/2002,ABQ,NM,ASW,WE,Towers with Radar,232,163,83,59,537,0,27,36,46,109,232,190,119,105,646,4,52,56,702
12/19/2002,ABQ,NM,ASW,WE,Towers with Radar,237,135,112,47,531,0,49,87,29,165,237,184,199,76,696,24,44,68,764
12/20/2002,ABQ,NM,ASW,WE,Towers with Radar,229,132,87,60,508,0,46,97,107,250,229,178,184,167,758,26,80,106,864
12/21/2002,ABQ,NM,ASW,WE,Towers with Radar,183,81,96,16,376,0,15,75,17,107,183,96,171,33,483,0,16,16,499
12/22/2002,ABQ,NM,ASW,WE,Towers with Radar,198,64,62,2,326,0,2,38,1,41,198,66,100,3,367,6,4,10,377
12/23/2002,ABQ,NM,ASW,WE,Towers with Radar,220,131,50,34,435,0,2,17,8,27,220,133,67,42,462,12,4,16,478
12/24/2002,ABQ,NM,ASW,WE,Towers with Radar,200,125,46,0,371,0,7,59,4,70,200,132,105,4,441,26,0,26,467
12/25/2002,ABQ,NM,ASW,WE,Towers with Radar,155,49,30,0,234,0,3,60,3,66,155,52,90,3,300,0,0,0,300
12/26/2002,ABQ,NM,ASW,WE,Towers with Radar,219,119,86,19,443,0,29,38,40,107,219,148,124,59,550,14,42,56,606
12/27/2002,ABQ,NM,ASW,WE,Towers with Radar,230,123,86,26,465,0,35,76,33,144,230,158,162,59,609,14,62,76,685
12/28/2002,ABQ,NM,ASW,WE,Towers with Radar,181,73,106,11,371,0,6,113,3,122,181,79,219,14,493,0,8,8,501
12/29/2002,ABQ,NM,ASW,WE,Towers with Radar,203,54,73,3,333,0,1,45,0,46,203,55,118,3,379,6,0,6,385
12/30/2002,ABQ,NM,ASW,WE,Towers with Radar,208,109,85,19,421,0,21,58,30,109,208,130,143,49,530,0,18,18,548
12/31/2002,ABQ,NM,ASW,WE,Towers with Radar,197,104,79,14,394,0,34,106,5,145,197,138,185,19,539,6,4,10,549
01/01/2003,ABQ,NM,ASW,WE,Towers with Radar,161,60,46,0,267,0,0,39,3,42,161,60,85,3,309,8,4,12,321
01/02/2003,ABQ,NM,ASW,WE,Towers with Radar,214,116,115,8,453,0,32,81,10,123,214,148,196,18,576,14,4,18,594
01/03/2003,ABQ,NM,ASW,WE,Towers with Radar,228,119,81,24,452,0,32,82,38,152,228,151,163,62,604,6,16,22,626
01/04/2003,ABQ,NM,ASW,WE,Towers with Radar,175,75,116,18,384,0,17,103,17,137,175,92,219,35,521,30,8,38,559
01/05/2003,ABQ,NM,ASW,WE,Towers with Radar,190,57,82,13,342,0,3,99,6,108,190,60,181,19,450,12,10,22,472
01/06/2003,ABQ,NM,ASW,WE,Towers with Radar,212,128,39,30,409,0,9,21,33,63,212,137,60,63,472,6,14,20,492
01/07/2003,ABQ,NM,ASW,WE,Towers with Radar,221,139,102,24,486,0,30,86,71,187,221,169,188,95,673,12,49,61,734
01/08/2003,ABQ,NM,ASW,WE,Towers with Radar,222,120,115,35,492,0,39,103,80,222,222,159,218,115,714,14,42,56,770
01/09/2003,ABQ,NM,ASW,WE,Towers with Radar,220,126,124,29,499,0,28,71,46,145,220,154,195,75,644,24,14,38,682
01/10/2003,ABQ,NM,ASW,WE,Towers with Radar,218,127,108,114,567,0,29,110,84,223,218,156,218,198,790,28,110,138,928
01/11/2003,ABQ,NM,ASW,WE,Towers with Radar,176,75,79,37,367,0,8,92,22,122,176,83,171,59,489,32,46,78,567
01/12/2003,ABQ,NM,ASW,WE,Towers with Radar,180,44,67,52,343,0,3,55,9,67,180,47,122,61,410,0,30,30,440
01/13/2003,ABQ,NM,ASW,WE,Towers with Radar,209,105,79,62,455,0,22,79,38,139,209,127,158,100,594,6,56,62,656
01/14/2003,ABQ,NM,ASW,WE,Towers with Radar,216,122,111,39,488,0,23,93,73,189,216,145,204,112,677,20,108,128,805
01/15/2003,ABQ,NM,ASW,WE,Towers with Radar,221,124,99,38,482,0,35,55,63,153,221,159,154,101,635,4,26,30,665
01/16/2003,ABQ,NM,ASW,WE,Towers with Radar,217,119,105,54,495,0,42,74,40,156,217,161,179,94,651,44,6,50,701
01/17/2003,ABQ,NM,ASW,WE,Towers with Radar,215,129,123,35,502,0,42,108,72,222,215,171,231,107,724,20,64,84,808
01/18/2003,ABQ,NM,ASW,WE,Towers with Radar,172,77,95,24,368,0,0,0,0,0,172,77,95,24,368,30,20,50,418
01/19/2003,ABQ,NM,ASW,WE,Towers with Radar,182,66,78,7,333,0,13,107,2,122,182,79,185,9,455,14,10,24,479
01/20/2003,ABQ,NM,ASW,WE,Towers with Radar,201,97,95,14,407,0,17,73,5,95,201,114,168,19,502,12,2,14,516
01/21/2003,ABQ,NM,ASW,WE,Towers with Radar,224,121,91,60,496,0,34,80,38,152,224,155,171,98,648,12,46,58,706
01/22/2003,ABQ,NM,ASW,WE,Towers with Radar,217,140,92,84,533,0,25,87,88,200,217,165,179,172,733,2,62,64,797
01/23/2003,ABQ,NM,ASW,WE,Towers with Radar,225,125,104,40,494,0,38,74,75,187,225,163,178,115,681,16,54,70,751
01/24/2003,ABQ,NM,ASW,WE,Towers with Radar,221,113,132,102,568,0,39,95,63,197,221,152,227,165,765,18,68,86,851
01/25/2003,ABQ,NM,ASW,WE,Towers with Radar,173,75,101,16,365,0,0,0,0,0,173,75,101,16,365,10,28,38,403
01/26/2003,ABQ,NM,ASW,WE,Towers with Radar,185,62,57,5,309,0,8,86,2,96,185,70,143,7,405,16,0,16,421
01/27/2003,ABQ,NM,ASW,WE,Towers with Radar,209,127,106,48,490,0,24,78,42,144,209,151,184,90,634,20,50,70,704
01/28/2003,ABQ,NM,ASW,WE,Towers with Radar,218,133,104,69,524,0,44,76,81,201,218,177,180,150,725,6,92,98,823
01/29/2003,ABQ,NM,ASW,WE,Towers with Radar,218,135,100,30,483,0,27,101,88,216,218,162,201,118,699,16,62,78,777
01/30/2003,ABQ,NM,ASW,WE,Towers with Radar,223,128,141,76,568,0,43,89,63,195,223,171,230,139,763,8,68,76,839
01/31/2003,ABQ,NM,ASW,WE,Towers with Radar,215,129,134,59,537,0,24,113,66,203,215,153,247,125,740,10,50,60,800
02/01/2003,ABQ,NM,ASW,WE,Towers with Radar,177,74,122,31,404,0,21,90,26,137,177,95,212,57,541,14,40,54,595
02/02/2003,ABQ,NM,ASW,WE,Towers with Radar,183,64,55,33,335,0,2,50,1,53,183,66,105,34,388,26,10,36,424
02/03/2003,ABQ,NM,ASW,WE,Towers with Radar,208,122,88,30,448,0,17,52,22,91,208,139,140,52,539,29,5,34,573
02/04/2003,ABQ,NM,ASW,WE,Towers with Radar,223,128,107,79,537,0,35,86,45,166,223,163,193,124,703,18,56,74,777
02/05/2003,ABQ,NM,ASW,WE,Towers with Radar,221,129,82,32,464,0,20,83,36,139,221,149,165,68,603,33,24,57,660
02/06/2003,ABQ,NM,ASW,WE,Towers with Radar,221,140,102,62,525,0,27,46,21,94,221,167,148,83,619,2,56,58,677
02/07/2003,ABQ,NM,ASW,WE,Towers with Radar,218,142,98,102,560,0,35,86,37,158,218,177,184,139,718,10,118,128,846
02/08/2003,ABQ,NM,ASW,WE,Towers with Radar,175,81,71,47,374,0,8,61,26,95,175,89,132,73,469,2,12,14,483
02/09/2003,ABQ,NM,ASW,WE,Towers with Radar,184,68,87,15,354,0,4,51,7,62,184,72,138,22,416,22,16,38,454
02/10/2003,ABQ,NM,ASW,WE,Towers with Radar,216,136,149,23,524,0,25,101,41,167,216,161,250,64,691,16,22,38,729
02/11/2003,ABQ,NM,ASW,WE,Towers with Radar,218,136,119,23,496,0,35,87,59,181,218,171,206,82,677,16,62,78,755
02/12/2003,ABQ,NM,ASW,WE,Towers with Radar,224,130,100,36,490,0,31,64,48,143,224,161,164,84,633,24,38,62,695
02/13/2003,ABQ,NM,ASW,WE,Towers with Radar,218,144,85,34,481,0,15,30,37,82,218,159,115,71,563,0,8,8,571
02/14/2003,ABQ,NM,ASW,WE,Towers with Radar,225,152,109,105,591,0,37,46,32,115,225,189,155,137,706,44,78,122,828
02/15/2003,ABQ,NM,ASW,WE,Towers with Radar,188,72,92,12,364,0,11,80,25,116,188,83,172,37,480,12,32,44,524
02/16/2003,ABQ,NM,ASW,WE,Towers with Radar,182,53,97,12,344,0,1,129,4,134,182,54,226,16,478,18,10,28,506
02/17/2003,ABQ,NM,ASW,WE,Towers with Radar,207,85,117,16,425,0,15,106,3,124,207,100,223,19,549,22,0,22,571
02/18/2003,ABQ,NM,ASW,WE,Towers with Radar,219,131,80,47,477,0,15,48,30,93,219,146,128,77,570,26,42,68,638
02/19/2003,ABQ,NM,ASW,WE,Towers with Radar,229,136,123,80,568,0,25,80,59,164,229,161,203,139,732,16,68,84,816
02/20/2003,ABQ,NM,ASW,WE,Towers with Radar,230,145,53,64,492,0,2,4,26,32,230,147,57,90,524,28,98,126,650
02/21/2003,ABQ,NM,ASW,WE,Towers with Radar,222,150,70,101,543,0,30,59,63,152,222,180,129,164,695,38,100,138,833
02/22/2003,ABQ,NM,ASW,WE,Towers with Radar,187,80,61,28,356,0,19,35,15,69,187,99,96,43,425,0,18,18,443
02/23/2003,ABQ,NM,ASW,WE,Towers with Radar,187,68,104,34,393,0,2,112,4,118,187,70,216,38,511,4,0,4,515
02/24/2003,ABQ,NM,ASW,WE,Towers with Radar,214,130,100,11,455,0,7,39,22,68,214,137,139,33,523,0,4,4,527
02/25/2003,ABQ,NM,ASW,WE,Towers with Radar,222,159,63,36,480,0,4,2,0,6,222,163,65,36,486,34,32,66,552
02/26/2003,ABQ,NM,ASW,WE,Towers with Radar,215,160,75,33,483,0,4,18,42,64,215,164,93,75,547,4,30,34,581
02/27/2003,ABQ,NM,ASW,WE,Towers with Radar,222,159,87,25,493,0,34,57,41,132,222,193,144,66,625,16,38,54,679
02/28/2003,ABQ,NM,ASW,WE,Towers with Radar,218,149,93,14,474,0,15,13,2,30,218,164,106,16,504,10,54,64,568
03/01/2003,ABQ,NM,ASW,WE,Towers with Radar,176,95,106,34,411,1,13,82,29,125,177,108,188,63,536,10,34,44,580
03/02/2003,ABQ,NM,ASW,WE,Towers with Radar,193,56,79,19,347,0,9,66,5,80,193,65,145,24,427,6,26,32,459
03/03/2003,ABQ,NM,ASW,WE,Towers with Radar,214,97,63,16,390,0,23,166,44,233,214,120,229,60,623,14,38,52,675
03/04/2003,ABQ,NM,ASW,WE,Towers with Radar,217,94,85,27,423,0,16,65,55,136,217,110,150,82,559,8,22,30,589
03/05/2003,ABQ,NM,ASW,WE,Towers with Radar,225,115,69,15,424,0,21,97,65,183,225,136,166,80,607,20,68,88,695
03/06/2003,ABQ,NM,ASW,WE,Towers with Radar,222,108,65,26,421,0,24,183,82,289,222,132,248,108,710,14,86,100,810
03/07/2003,ABQ,NM,ASW,WE,Towers with Radar,216,101,56,25,398,0,32,224,58,314,216,133,280,83,712,18,60,78,790
03/08/2003,ABQ,NM,ASW,WE,Towers with Radar,179,57,37,27,300,0,19,148,22,189,179,76,185,49,489,24,54,78,567
03/09/2003,ABQ,NM,ASW,WE,Towers with Radar,187,51,33,18,289,0,12,135,6,153,187,63,168,24,442,6,4,10,452
03/10/2003,ABQ,NM,ASW,WE,Towers with Radar,211,103,60,17,391,0,23,147,56,226,211,126,207,73,617,16,40,56,673
03/11/2003,ABQ,NM,ASW,WE,Towers with Radar,227,108,81,13,429,1,22,194,68,285,228,130,275,81,714,6,40,46,760
03/12/2003,ABQ,NM,ASW,WE,Towers with Radar,219,105,67,12,403,0,28,195,81,304,219,133,262,93,707,24,58,82,789
03/13/2003,ABQ,NM,ASW,WE,Towers with Radar,220,105,77,36,438,0,18,179,64,261,220,123,256,100,699,24,28,52,751
03/14/2003,ABQ,NM,ASW,WE,Towers with Radar,225,119,72,17,433,0,16,187,83,286,225,135,259,100,719,14,46,60,779
03/15/2003,ABQ,NM,ASW,WE,Towers with Radar,176,73,58,8,315,0,8,173,6,187,176,81,231,14,502,32,4,36,538
03/16/2003,ABQ,NM,ASW,WE,Towers with Radar,187,59,36,20,302,0,7,77,4,88,187,66,113,24,390,20,10,30,420
03/17/2003,ABQ,NM,ASW,WE,Towers with Radar,209,91,57,7,364,0,9,41,37,87,209,100,98,44,451,0,42,42,493
03/18/2003,ABQ,NM,ASW,WE,Towers with Radar,214,106,86,17,423,0,4,36,37,77,214,110,122,54,500,6,84,90,590
03/19/2003,ABQ,NM,ASW,WE,Towers with Radar,203,109,92,21,425,0,3,14,10,27,203,112,106,31,452,0,2,2,454
03/20/2003,ABQ,NM,ASW,WE,Towers with Radar,207,111,84,27,429,0,17,103,42,162,207,128,187,69,591,39,18,57,648
03/21/2003,ABQ,NM,ASW,WE,Towers with Radar,217,127,86,28,458,0,4,63,25,92,217,131,149,53,550,20,24,44,594
03/22/2003,ABQ,NM,ASW,WE,Towers with Radar,46,21,15,5,87,132,57,161,3,353,178,78,176,8,440,38,6,44,484
03/23/2003,ABQ,NM,ASW,WE,Towers with Radar,189,59,52,10,310,0,7,157,0,164,189,66,209,10,474,16,20,36,510
03/24/2003,ABQ,NM,ASW,WE,Towers with Radar,207,94,49,17,367,0,15,83,45,143,207,109,132,62,510,6,46,52,562
03/25/2003,ABQ,NM,ASW,WE,Towers with Radar,225,101,60,22,408,0,22,129,53,204,225,123,189,75,612,32,18,50,662
03/26/2003,ABQ,NM,ASW,WE,Towers with Radar,227,110,63,17,417,0,23,161,61,245,227,133,224,78,662,38,50,88,750
03/27/2003,ABQ,NM,ASW,WE,Towers with Radar,215,113,66,21,415,0,10,57,35,102,215,123,123,56,517,6,22,28,545
03/28/2003,ABQ,NM,ASW,WE,Towers with Radar,220,118,95,33,466,0,10,107,59,176,220,128,202,92,642,18,84,102,744
03/29/2003,ABQ,NM,ASW,WE,Towers with Radar,134,55,32,7,228,0,1,99,14,114,134,56,131,21,342,14,0,14,356
03/30/2003,ABQ,NM,ASW,WE,Towers with Radar,191,63,32,21,307,0,8,139,2,149,191,71,171,23,456,6,22,28,484
03/31/2003,ABQ,NM,ASW,WE,Towers with Radar,207,90,40,10,347,0,23,139,46,208,207,113,179,56,555,18,18,36,591
04/01/2003,ABQ,NM,ASW,WE,Towers with Radar,222,104,55,23,404,0,21,137,74,232,222,125,192,97,636,4,22,26,662
04/02/2003,ABQ,NM,ASW,WE,Towers with Radar,216,95,64,21,396,0,20,83,62,165,216,115,147,83,561,4,44,48,609
04/03/2003,ABQ,NM,ASW,WE,Towers with Radar,214,105,72,17,408,0,22,135,43,200,214,127,207,60,608,0,100,100,708
04/04/2003,ABQ,NM,ASW,WE,Towers with Radar,210,114,47,26,397,0,35,123,60,218,210,149,170,86,615,6,82,88,703
04/05/2003,ABQ,NM,ASW,WE,Towers with Radar,178,76,34,27,315,0,16,89,27,132,178,92,123,54,447,12,90,102,549
04/06/2003,ABQ,NM,ASW,WE,Towers with Radar,179,67,37,40,323,0,3,98,10,111,179,70,135,50,434,22,64,86,520
04/07/2003,ABQ,NM,ASW,WE,Towers with Radar,205,108,42,28,383,0,29,104,36,169,205,137,146,64,552,4,24,28,580
04/08/2003,ABQ,NM,ASW,WE,Towers with Radar,212,108,63,15,398,0,51,145,61,257,212,159,208,76,655,6,60,66,721
04/09/2003,ABQ,NM,ASW,WE,Towers with Radar,214,116,54,13,397,0,46,140,65,251,214,162,194,78,648,20,68,88,736
04/10/2003,ABQ,NM,ASW,WE,Towers with Radar,216,110,51,25,402,0,59,141,53,253,216,169,192,78,655,12,4,16,671
04/11/2003,ABQ,NM,ASW,WE,Towers with Radar,213,110,64,21,408,0,57,170,64,291,213,167,234,85,699,14,56,70,769
04/12/2003,ABQ,NM,ASW,WE,Towers with Radar,174,75,32,11,292,0,15,164,12,191,174,90,196,23,483,24,8,32,515
04/13/2003,ABQ,NM,ASW,WE,Towers with Radar,185,55,43,35,318,0,7,132,3,142,185,62,175,38,460,20,6,26,486
04/14/2003,ABQ,NM,ASW,WE,Towers with Radar,194,102,39,20,355,0,36,119,31,186,194,138,158,51,541,8,20,28,569
04/15/2003,ABQ,NM,ASW,WE,Towers with Radar,212,110,35,17,374,0,35,15,29,79,212,145,50,46,453,8,32,40,493
04/16/2003,ABQ,NM,ASW,WE,Towers with Radar,217,103,47,21,388,0,55,141,50,246,217,158,188,71,634,26,20,46,680
04/17/2003,ABQ,NM,ASW,WE,Towers with Radar,210,113,60,22,405,0,61,74,65,200,210,174,134,87,605,12,36,48,653
04/18/2003,ABQ,NM,ASW,WE,Towers with Radar,209,106,61,9,385,0,50,144,55,249,209,156,205,64,634,22,56,78,712
04/19/2003,ABQ,NM,ASW,WE,Towers with Radar,178,79,15,2,274,0,15,97,9,121,178,94,112,11,395,36,20,56,451
04/20/2003,ABQ,NM,ASW,WE,Towers with Radar,178,58,32,3,271,0,9,94,0,103,178,67,126,3,374,6,0,6,380
04/21/2003,ABQ,NM,ASW,WE,Towers with Radar,208,102,48,17,375,0,41,87,38,166,208,143,135,55,541,4,12,16,557
04/22/2003,ABQ,NM,ASW,WE,Towers with Radar,211,105,46,11,373,0,50,87,51,188,211,155,133,62,561,14,30,44,605
04/23/2003,ABQ,NM,ASW,WE,Towers with Radar,209,130,65,23,427,0,26,45,44,115,209,156,110,67,542,21,56,77,619
04/24/2003,ABQ,NM,ASW,WE,Towers with Radar,218,109,83,14,424,0,52,137,35,224,218,161,220,49,648,26,34,60,708
04/25/2003,ABQ,NM,ASW,WE,Towers with Radar,215,103,41,22,381,0,59,198,15,272,215,162,239,37,653,50,16,66,719
04/26/2003,ABQ,NM,ASW,WE,Towers with Radar,175,70,31,4,280,0,23,110,1,134,175,93,141,5,414,4,8,12,426
04/27/2003,ABQ,NM,ASW,WE,Towers with Radar,187,69,35,27,318,0,12,121,7,140,187,81,156,34,458,10,12,22,480
04/28/2003,ABQ,NM,ASW,WE,Towers with Radar,201,105,59,26,391,0,36,142,22,200,201,141,201,48,591,18,28,46,637
04/29/2003,ABQ,NM,ASW,WE,Towers with Radar,208,114,62,25,409,1,53,90,76,220,209,167,152,101,629,18,72,90,719
04/30/2003,ABQ,NM,ASW,WE,Towers with Radar,213,104,68,18,403,0,63,119,73,255,213,167,187,91,658,14,58,72,730
05/01/2003,ABQ,NM,ASW,WE,Towers with Radar,210,109,61,27,407,0,0,0,0,0,210,109,61,27,407,28,26,54,461
05/02/2003,ABQ,NM,ASW,WE,Towers with Radar,221,120,46,27,414,0,51,143,56,250,221,171,189,83,664,13,26,39,703
05/03/2003,ABQ,NM,ASW,WE,Towers with Radar,177,76,33,17,303,0,19,84,24,127,177,95,117,41,430,10,68,78,508
05/04/2003,ABQ,NM,ASW,WE,Towers with Radar,185,67,61,17,330,0,6,68,1,75,185,73,129,18,405,10,6,16,421
05/05/2003,ABQ,NM,ASW,WE,Towers with Radar,205,108,46,24,383,0,40,93,2,135,205,148,139,26,518,34,30,64,582
05/06/2003,ABQ,NM,ASW,WE,Towers with Radar,209,118,63,16,406,0,55,125,58,238,209,173,188,74,644,6,33,39,683
05/07/2003,ABQ,NM,ASW,WE,Towers with Radar,211,122,45,7,385,0,54,85,72,211,211,176,130,79,596,2,58,60,656
05/08/2003,ABQ,NM,ASW,WE,Towers with Radar,225,117,71,19,432,0,60,76,57,193,225,177,147,76,625,18,24,42,667
05/09/2003,ABQ,NM,ASW,WE,Towers with Radar,216,123,59,8,406,0,51,70,47,168,216,174,129,55,574,0,20,20,594
05/10/2003,ABQ,NM,ASW,WE,Towers with Radar,176,85,32,10,303,0,9,110,18,137,176,94,142,28,440,15,20,35,475
05/11/2003,ABQ,NM,ASW,WE,Towers with Radar,183,76,35,23,317,0,3,97,5,105,183,79,132,28,422,28,26,54,476
05/12/2003,ABQ,NM,ASW,WE,Towers with Radar,215,106,47,33,401,0,38,86,24,148,215,144,133,57,549,0,14,14,563
05/13/2003,ABQ,NM,ASW,WE,Towers with Radar,213,107,56,14,390,0,46,165,48,259,213,153,221,62,649,20,30,50,699
05/14/2003,ABQ,NM,ASW,WE,Towers with Radar,213,119,69,6,407,2,55,154,54,265,215,174,223,60,672,28,44,72,744
05/15/2003,ABQ,NM,ASW,WE,Towers with Radar,221,116,57,19,413,0,45,56,25,126,221,161,113,44,539,4,62,66,605
05/16/2003,ABQ,NM,ASW,WE,Towers with Radar,214,126,65,22,427,0,59,175,61,295,214,185,240,83,722,16,70,86,808
05/17/2003,ABQ,NM,ASW,WE,Towers with Radar,176,70,36,19,301,0,20,158,22,200,176,90,194,41,501,14,26,40,541
05/18/2003,ABQ,NM,ASW,WE,Towers with Radar,181,62,42,17,302,0,10,116,5,131,181,72,158,22,433,10,30,40,473
05/19/2003,ABQ,NM,ASW,WE,Towers with Radar,207,98,36,19,360,0,44,115,39,198,207,142,151,58,558,10,8,18,576
05/20/2003,ABQ,NM,ASW,WE,Towers with Radar,212,111,46,25,394,0,31,59,52,142,212,142,105,77,536,10,58,68,604
05/21/2003,ABQ,NM,ASW,WE,Towers with Radar,214,109,54,11,388,0,48,157,66,271,214,157,211,77,659,14,96,110,769
05/22/2003,ABQ,NM,ASW,WE,Towers with Radar,215,115,72,14,416,0,49,158,66,273,215,164,230,80,689,13,59,72,761
05/23/2003,ABQ,NM,ASW,WE,Towers with Radar,216,119,56,12,403,0,55,110,55,220,216,174,166,67,623,17,23,40,663
05/24/2003,ABQ,NM,ASW,WE,Towers with Radar,172,68,41,2,283,0,19,101,5,125,172,87,142,7,408,2,0,2,410
05/25/2003,ABQ,NM,ASW,WE,Towers with Radar,168,53,22,2,245,0,12,67,0,79,168,65,89,2,324,0,0,0,324
05/26/2003,ABQ,NM,ASW,WE,Towers with Radar,179,72,42,4,297,0,12,139,0,151,179,84,181,4,448,14,12,26,474
05/27/2003,ABQ,NM,ASW,WE,Towers with Radar,205,99,51,16,371,0,0,0,0,0,205,99,51,16,371,6,10,16,387
05/28/2003,ABQ,NM,ASW,WE,Towers with Radar,220,107,51,25,403,0,55,108,59,222,220,162,159,84,625,14,60,74,699
05/29/2003,ABQ,NM,ASW,WE,Towers with Radar,210,114,44,21,389,0,58,143,67,268,210,172,187,88,657,10,42,52,709
05/30/2003,ABQ,NM,ASW,WE,Towers with Radar,211,120,51,17,399,0,46,171,69,286,211,166,222,86,685,27,56,83,768
05/31/2003,ABQ,NM,ASW,WE,Towers with Radar,180,67,32,10,289,0,22,127,25,174,180,89,159,35,463,28,3,31,494
06/01/2003,ABQ,NM,ASW,WE,Towers with Radar,179,64,34,22,299,0,13,96,1,110,179,77,130,23,409,6,24,30,439
06/02/2003,ABQ,NM,ASW,WE,Towers with Radar,205,112,42,18,377,0,25,135,9,169,205,137,177,27,546,10,18,28,574
06/03/2003,ABQ,NM,ASW,WE,Towers with Radar,215,107,66,16,404,0,44,107,25,176,215,151,173,41,580,16,14,30,610
06/04/2003,ABQ,NM,ASW,WE,Towers with Radar,216,112,59,19,406,0,52,119,49,220,216,164,178,68,626,26,58,84,710
06/05/2003,ABQ,NM,ASW,WE,Towers with Radar,214,125,65,21,425,0,47,108,52,207,214,172,173,73,632,35,41,76,708
06/06/2003,ABQ,NM,ASW,WE,Towers with Radar,219,110,64,28,421,0,52,142,49,243,219,162,206,77,664,14,36,50,714
06/07/2003,ABQ,NM,ASW,WE,Towers with Radar,175,68,41,19,303,0,18,103,31,152,175,86,144,50,455,32,50,82,537
06/08/2003,ABQ,NM,ASW,WE,Towers with Radar,178,65,39,13,295,0,6,111,10,127,178,71,150,23,422,22,8,30,452
06/09/2003,ABQ,NM,ASW,WE,Towers with Radar,208,107,38,17,370,0,31,106,39,176,208,138,144,56,546,12,4,16,562
06/10/2003,ABQ,NM,ASW,WE,Towers with Radar,214,110,66,12,402,0,46,130,41,217,214,156,196,53,619,30,20,50,669
06/11/2003,ABQ,NM,ASW,WE,Towers with Radar,215,114,70,13,412,0,48,118,58,224,215,162,188,71,636,14,44,58,694
06/12/2003,ABQ,NM,ASW,WE,Towers with Radar,205,111,58,25,399,0,49,141,52,242,205,160,199,77,641,8,32,40,681
06/13/2003,ABQ,NM,ASW,WE,Towers with Radar,222,102,59,33,416,0,65,137,60,262,222,167,196,93,678,8,46,54,732
06/14/2003,ABQ,NM,ASW,WE,Towers with Radar,177,62,30,13,282,0,22,150,30,202,177,84,180,43,484,19,69,88,572
06/15/2003,ABQ,NM,ASW,WE,Towers with Radar,190,58,36,14,298,0,4,108,2,114,190,62,144,16,412,24,6,30,442
06/16/2003,ABQ,NM,ASW,WE,Towers with Radar,208,114,38,20,380,0,27,109,21,157,208,141,147,41,537,10,21,31,568
06/17/2003,ABQ,NM,ASW,WE,Towers with Radar,216,110,45,14,385,0,53,0,60,113,216,163,45,74,498,12,50,62,560
06/18/2003,ABQ,NM,ASW,WE,Towers with Radar,216,106,43,30,395,0,54,97,70,221,216,160,140,100,616,14,80,94,710
06/19/2003,ABQ,NM,ASW,WE,Towers with Radar,218,116,54,35,423,0,49,122,48,219,218,165,176,83,642,8,76,84,726
06/20/2003,ABQ,NM,ASW,WE,Towers with Radar,219,112,70,24,425,0,52,125,51,228,219,164,195,75,653,52,32,84,737
06/21/2003,ABQ,NM,ASW,WE,Towers with Radar,172,70,66,22,330,0,23,119,12,154,172,93,185,34,484,12,24,36,520
06/22/2003,ABQ,NM,ASW,WE,Towers with Radar,188,67,37,11,303,0,10,127,14,151,188,77,164,25,454,30,0,30,484
06/23/2003,ABQ,NM,ASW,WE,Towers with Radar,209,84,54,16,363,0,48,125,54,227,209,132,179,70,590,4,10,14,604
06/24/2003,ABQ,NM,ASW,WE,Towers with Radar,219,99,69,12,399,0,62,124,66,252,219,161,193,78,651,20,42,62,713
06/25/2003,ABQ,NM,ASW,WE,Towers with Radar,221,112,70,26,429,0,62,155,54,271,221,174,225,80,700,18,66,84,784
06/26/2003,ABQ,NM,ASW,WE,Towers with Radar,214,105,75,33,427,0,55,103,62,220,214,160,178,95,647,4,42,46,693
06/27/2003,ABQ,NM,ASW,WE,Towers with Radar,222,112,46,31,411,0,53,150,49,252,222,165,196,80,663,68,80,148,811
06/28/2003,ABQ,NM,ASW,WE,Towers with Radar,173,67,46,6,292,0,17,137,9,163,173,84,183,15,455,8,2,10,465
06/29/2003,ABQ,NM,ASW,WE,Towers with Radar,193,59,51,13,316,0,6,121,1,128,193,65,172,14,444,25,16,41,485
06/30/2003,ABQ,NM,ASW,WE,Towers with Radar,208,90,43,20,361,0,40,131,38,209,208,130,174,58,570,6,12,18,588
07/01/2003,ABQ,NM,ASW,WE,Towers with Radar,216,95,55,13,379,0,58,150,57,265,216,153,205,70,644,14,42,56,700
07/02/2003,ABQ,NM,ASW,WE,Towers with Radar,220,108,51,12,391,0,53,177,88,318,220,161,228,100,709,30,70,100,809
07/03/2003,ABQ,NM,ASW,WE,Towers with Radar,219,102,62,5,388,0,62,188,19,269,219,164,250,24,657,20,38,58,715
07/04/2003,ABQ,NM,ASW,WE,Towers with Radar,147,53,27,1,228,0,12,97,9,118,147,65,124,10,346,22,0,22,368
07/05/2003,ABQ,NM,ASW,WE,Towers with Radar,152,53,33,0,238,0,13,105,25,143,152,66,138,25,381,30,0,30,411
07/06/2003,ABQ,NM,ASW,WE,Towers with Radar,191,61,60,4,316,0,12,119,33,164,191,73,179,37,480,34,0,34,514
07/07/2003,ABQ,NM,ASW,WE,Towers with Radar,213,94,61,5,373,0,30,137,28,195,213,124,198,33,568,14,0,14,582
07/08/2003,ABQ,NM,ASW,WE,Towers with Radar,222,96,68,13,399,9,58,162,45,274,231,154,230,58,673,18,14,32,705
07/09/2003,ABQ,NM,ASW,WE,Towers with Radar,219,108,50,23,400,0,54,133,45,232,219,162,183,68,632,12,22,34,666
07/10/2003,ABQ,NM,ASW,WE,Towers with Radar,224,107,49,35,415,0,54,124,69,247,224,161,173,104,662,18,48,66,728
07/11/2003,ABQ,NM,ASW,WE,Towers with Radar,215,103,37,25,380,0,60,145,70,275,215,163,182,95,655,4,14,18,673
07/12/2003,ABQ,NM,ASW,WE,Towers with Radar,188,58,44,12,302,0,25,122,10,157,188,83,166,22,459,10,44,54,513
07/13/2003,ABQ,NM,ASW,WE,Towers with Radar,187,59,51,13,310,0,7,101,4,112,187,66,152,17,422,21,10,31,453
07/14/2003,ABQ,NM,ASW,WE,Towers with Radar,218,90,54,46,408,0,35,93,56,184,218,125,147,102,592,0,42,42,634
07/15/2003,ABQ,NM,ASW,WE,Towers with Radar,223,112,64,10,409,0,55,151,66,272,223,167,215,76,681,32,16,48,729
07/16/2003,ABQ,NM,ASW,WE,Towers with Radar,218,101,69,32,420,0,55,151,65,271,218,156,220,97,691,14,54,68,759
07/17/2003,ABQ,NM,ASW,WE,Towers with Radar,216,108,58,26,408,0,54,127,82,263,216,162,185,108,671,16,98,114,785
07/18/2003,ABQ,NM,ASW,WE,Towers with Radar,218,110,66,30,424,0,55,147,76,278,218,165,213,106,702,18,88,106,808
07/19/2003,ABQ,NM,ASW,WE,Towers with Radar,174,59,51,7,291,0,22,146,17,185,174,81,197,24,476,16,0,16,492
07/20/2003,ABQ,NM,ASW,WE,Towers with Radar,190,65,33,16,304,0,9,112,12,133,190,74,145,28,437,34,6,40,477
07/21/2003,ABQ,NM,ASW,WE,Towers with Radar,210,89,47,6,352,0,31,100,35,166,210,120,147,41,518,8,8,16,534
07/22/2003,ABQ,NM,ASW,WE,Towers with Radar,215,112,43,8,378,1,56,145,74,276,216,168,188,82,654,12,16,28,682
07/23/2003,ABQ,NM,ASW,WE,Towers with Radar,228,101,53,35,417,0,45,113,36,194,228,146,166,71,611,16,44,60,671
07/24/2003,ABQ,NM,ASW,WE,Towers with Radar,220,103,72,25,420,0,51,132,57,240,220,154,204,82,660,14,48,62,722
07/25/2003,ABQ,NM,ASW,WE,Towers with Radar,225,99,65,29,418,0,49,175,73,297,225,148,240,102,715,14,24,38,753
07/26/2003,ABQ,NM,ASW,WE,Towers with Radar,174,70,39,8,291,0,14,129,20,163,174,84,168,28,454,8,42,50,504
07/27/2003,ABQ,NM,ASW,WE,Towers with Radar,188,65,48,24,325,0,6,129,0,135,188,71,177,24,460,0,12,12,472
07/28/2003,ABQ,NM,ASW,WE,Towers with Radar,212,94,53,20,379,0,30,103,32,165,212,124,156,52,544,10,6,16,560
07/29/2003,ABQ,NM,ASW,WE,Towers with Radar,218,114,33,12,377,0,46,115,60,221,218,160,148,72,598,6,30,36,634
07/30/2003,ABQ,NM,ASW,WE,Towers with Radar,219,116,55,18,408,0,45,99,44,188,219,161,154,62,596,8,28,36,632
07/31/2003,ABQ,NM,ASW,WE,Towers with Radar,213,103,47,21,384,2,51,97,49,199,215,154,144,70,583,0,46,46,629
08/01/2003,ABQ,NM,ASW,WE,Towers with Radar,227,112,50,35,424,0,50,122,66,238,227,162,172,101,662,24,74,98,760
08/02/2003,ABQ,NM,ASW,WE,Towers with Radar,173,65,46,10,294,0,12,102,27,141,173,77,148,37,435,12,30,42,477
08/03/2003,ABQ,NM,ASW,WE,Towers with Radar,183,63,42,19,307,0,5,111,5,121,183,68,153,24,428,2,12,14,442
08/04/2003,ABQ,NM,ASW,WE,Towers with Radar,206,87,52,16,361,0,37,110,35,182,206,124,162,51,543,2,26,28,571
08/05/2003,ABQ,NM,ASW,WE,Towers with Radar,226,105,58,24,413,0,41,131,47,219,226,146,189,71,632,0,14,14,646
08/06/2003,ABQ,NM,ASW,WE,Towers with Radar,216,115,62,13,406,0,44,102,47,193,216,159,164,60,599,13,29,42,641
08/07/2003,ABQ,NM,ASW,WE,Towers with Radar,219,112,59,21,411,0,48,143,54,245,219,160,202,75,656,10,30,40,696
08/08/2003,ABQ,NM,ASW,WE,Towers with Radar,218,104,63,31,416,0,57,125,52,234,218,161,188,83,650,28,57,85,735
08/09/2003,ABQ,NM,ASW,WE,Towers with Radar,174,70,48,9,301,0,13,155,13,181,174,83,203,22,482,3,16,19,501
08/10/2003,ABQ,NM,ASW,WE,Towers with Radar,187,61,37,25,310,0,4,77,4,85,187,65,114,29,395,8,0,8,403
08/11/2003,ABQ,NM,ASW,WE,Towers with Radar,200,75,42,11,328,0,41,99,4,144,200,116,141,15,472,6,2,8,480
08/12/2003,ABQ,NM,ASW,WE,Towers with Radar,224,100,61,15,400,0,46,111,49,206,224,146,172,64,606,14,27,41,647
08/13/2003,ABQ,NM,ASW,WE,Towers with Radar,213,96,64,12,385,0,56,102,67,225,213,152,166,79,610,4,81,85,695
08/14/2003,ABQ,NM,ASW,WE,Towers with Radar,226,114,59,19,418,0,50,108,36,194,226,164,167,55,612,46,0,46,658
08/15/2003,ABQ,NM,ASW,WE,Towers with Radar,228,105,59,22,414,0,50,126,45,221,228,155,185,67,635,41,40,81,716
08/16/2003,ABQ,NM,ASW,WE,Towers with Radar,173,70,44,5,292,0,11,111,25,147,173,81,155,30,439,24,4,28,467
08/17/2003,ABQ,NM,ASW,WE,Towers with Radar,195,59,32,15,301,0,10,115,4,129,195,69,147,19,430,12,8,20,450
08/18/2003,ABQ,NM,ASW,WE,Towers with Radar,212,86,40,18,356,0,36,123,49,208,212,122,163,67,564,2,42,44,608
08/19/2003,ABQ,NM,ASW,WE,Towers with Radar,211,102,58,20,391,0,46,117,29,192,211,148,175,49,583,0,16,16,599
08/20/2003,ABQ,NM,ASW,WE,Towers with Radar,215,104,79,22,420,0,59,135,67,261,215,163,214,89,681,14,64,78,759
08/21/2003,ABQ,NM,ASW,WE,Towers with Radar,222,101,57,31,411,0,54,128,43,225,222,155,185,74,636,34,46,80,716
08/22/2003,ABQ,NM,ASW,WE,Towers with Radar,225,89,37,40,391,0,60,144,59,263,225,149,181,99,654,10,24,34,688
08/23/2003,ABQ,NM,ASW,WE,Towers with Radar,163,62,32,17,274,0,20,137,12,169,163,82,169,29,443,46,26,72,515
08/24/2003,ABQ,NM,ASW,WE,Towers with Radar,191,55,48,32,326,0,8,108,8,124,191,63,156,40,450,60,16,76,526
08/25/2003,ABQ,NM,ASW,WE,Towers with Radar,213,100,53,19,385,0,38,79,31,148,213,138,132,50,533,12,24,36,569
08/26/2003,ABQ,NM,ASW,WE,Towers with Radar,209,115,77,11,412,0,49,101,60,210,209,164,178,71,622,8,28,36,658
08/27/2003,ABQ,NM,ASW,WE,Towers with Radar,219,112,80,19,430,0,50,98,61,209,219,162,178,80,639,47,28,75,714
08/28/2003,ABQ,NM,ASW,WE,Towers with Radar,220,113,49,27,409,0,51,99,40,190,220,164,148,67,599,44,44,88,687
08/29/2003,ABQ,NM,ASW,WE,Towers with Radar,221,105,55,27,408,0,0,0,0,0,221,105,55,27,408,20,70,90,498
08/30/2003,ABQ,NM,ASW,WE,Towers with Radar,177,62,22,4,265,0,8,78,11,97,177,70,100,15,362,14,0,14,376
08/31/2003,ABQ,NM,ASW,WE,Towers with Radar,159,59,20,5,243,0,8,62,3,73,159,67,82,8,316,18,0,18,334
09/01/2003,ABQ,NM,ASW,WE,Combined TRACON& Tower with Radar,179,79,81,12,351,0,5,92,0,97,179,84,173,12,448,8,0,8,456
09/02/2003,ABQ,NM,ASW,WE,Combined TRACON& Tower with Radar,196,87,59,20,362,0,34,108,42,184,196,121,167,62,546,9,28,37,583
09/03/2003,ABQ,NM,ASW,WE,Combined TRACON& Tower with Radar,215,105,54,14,388,0,53,112,52,217,215,158,166,66,605,14,28,42,647
09/04/2003,ABQ,NM,ASW,WE,Combined TRACON& Tower with Radar,222,102,51,18,393,0,59,127,69,255,222,161,178,87,648,2,46,48,696
09/05/2003,ABQ,NM,ASW,WE,Combined TRACON& Tower with Radar,219,110,58,29,416,0,65,150,59,274,219,175,208,88,690,16,50,66,756
09/06/2003,ABQ,NM,ASW,WE,Combined TRACON& Tower with Radar,179,59,38,14,290,0,25,132,37,194,179,84,170,51,484,10,16,26,510
09/07/2003,ABQ,NM,ASW,WE,Combined TRACON& Tower with Radar,191,63,45,12,311,0,11,115,5,131,191,74,160,17,442,4,0,4,446
09/08/2003,ABQ,NM,ASW,WE,Combined TRACON& Tower with Radar,212,100,58,13,383,0,40,78,19,137,212,140,136,32,520,10,2,12,532
09/09/2003,ABQ,NM,ASW,WE,Combined TRACON& Tower with Radar,216,102,83,27,428,0,43,99,56,198,216,145,182,83,626,6,25,31,657
09/10/2003,ABQ,NM,ASW,WE,Combined TRACON& Tower with Radar,213,137,83,35,468,0,24,77,70,171,213,161,160,105,639,12,92,104,743
09/11/2003,ABQ,NM,ASW,WE,Combined TRACON& Tower with Radar,216,110,57,32,415,0,50,128,75,253,216,160,185,107,668,36,112,148,816
09/12/2003,ABQ,NM,ASW,WE,Combined TRACON& Tower with Radar,223,94,67,42,426,0,75,143,59,277,223,169,210,101,703,16,52,68,771
09/13/2003,ABQ,NM,ASW,WE,Combined TRACON& Tower with Radar,179,59,37,8,283,0,14,117,55,186,179,73,154,63,469,16,25,41,510
09/14/2003,ABQ,NM,ASW,WE,Combined TRACON& Tower with Radar,186,65,38,18,307,0,6,90,2,98,186,71,128,20,405,12,0,12,417
09/15/2003,ABQ,NM,ASW,WE,Combined TRACON& Tower with Radar,212,104,43,38,397,0,34,150,50,234,212,138,193,88,631,16,8,24,655
09/16/2003,ABQ,NM,ASW,WE,Combined TRACON& Tower with Radar,215,112,49,21,397,0,57,117,63,237,215,169,166,84,634,11,36,47,681
09/17/2003,ABQ,NM,ASW,WE,Combined TRACON& Tower with Radar,219,107,54,19,399,0,59,148,63,270,219,166,202,82,669,8,26,34,703
09/18/2003,ABQ,NM,ASW,WE,Combined TRACON& Tower with Radar,210,105,69,22,406,0,56,128,62,246,210,161,197,84,652,16,38,54,706
09/19/2003,ABQ,NM,ASW,WE,Combined TRACON& Tower with Radar,223,106,71,48,448,0,71,141,76,288,223,177,212,124,736,0,82,82,818
09/20/2003,ABQ,NM,ASW,WE,Combined TRACON& Tower with Radar,176,63,36,15,290,0,24,119,40,183,176,87,155,55,473,0,30,30,503
09/21/2003,ABQ,NM,ASW,WE,Combined TRACON& Tower with Radar,185,62,36,21,304,0,13,138,5,156,185,75,174,26,460,26,4,30,490
09/22/2003,ABQ,NM,ASW,WE,Combined TRACON& Tower with Radar,209,92,46,21,368,0,39,105,38,182,209,131,151,59,550,0,4,4,554
09/23/2003,ABQ,NM,ASW,WE,Combined TRACON& Tower with Radar,215,97,55,19,386,0,47,152,53,252,215,144,207,72,638,18,12,30,668
09/24/2003,ABQ,NM,ASW,WE,Combined TRACON& Tower with Radar,211,113,47,20,391,0,56,109,67,232,211,169,156,87,623,6,61,67,690
09/25/2003,ABQ,NM,ASW,WE,Combined TRACON& Tower with Radar,220,106,52,17,395,0,56,105,26,187,220,162,157,43,582,18,29,47,629
09/26/2003,ABQ,NM,ASW,WE,Combined TRACON& Tower with Radar,215,109,59,30,413,0,64,161,30,255,215,173,220,60,668,4,18,22,690
09/27/2003,ABQ,NM,ASW,WE,Combined TRACON& Tower with Radar,180,49,37,10,276,0,30,134,2,166,180,79,171,12,442,6,4,10,452
09/28/2003,ABQ,NM,ASW,WE,Combined TRACON& Tower with Radar,180,63,23,12,278,5,2,26,0,33,185,65,49,12,311,0,0,0,311
09/29/2003,ABQ,NM,ASW,WE,Combined TRACON& Tower with Radar,208,90,43,7,348,0,42,156,8,206,208,132,199,15,554,12,6,18,572
09/30/2003,ABQ,NM,ASW,WE,Combined TRACON& Tower with Radar,219,104,77,15,415,0,54,129,7,190,219,158,206,22,605,10,28,38,643
10/01/2003,ABQ,NM,ASW,WE,Combined TRACON& Tower with Radar,217,111,66,18,412,0,59,96,39,194,217,170,162,57,606,16,14,30,636
10/02/2003,ABQ,NM,ASW,WE,Combined TRACON& Tower with Radar,220,110,51,16,397,0,55,114,72,241,220,165,165,88,638,48,8,56,694
10/03/2003,ABQ,NM,ASW,WE,Combined TRACON& Tower with Radar,218,124,82,32,456,0,35,79,69,183,218,159,161,101,639,32,110,142,781
10/04/2003,ABQ,NM,ASW,WE,Combined TRACON& Tower with Radar,179,65,37,9,290,0,8,78,19,105,179,73,115,28,395,4,54,58,453
10/05/2003,ABQ,NM,ASW,WE,Combined TRACON& Tower with Radar,189,69,46,25,329,0,1,125,4,130,189,70,171,29,459,2,6,8,467
10/06/2003,ABQ,NM,ASW,WE,Combined TRACON& Tower with Radar,208,94,53,4,359,0,44,101,2,147,208,138,154,6,506,6,0,6,512
10/07/2003,ABQ,NM,ASW,WE,Combined TRACON& Tower with Radar,217,112,68,15,412,0,29,47,36,112,217,141,115,51,524,4,20,24,548
10/08/2003,ABQ,NM,ASW,WE,Combined TRACON& Tower with Radar,218,112,67,17,414,0,26,90,50,166,218,138,157,67,580,6,45,51,631
10/09/2003,ABQ,NM,ASW,WE,Combined TRACON& Tower with Radar,216,123,66,16,421,0,54,185,83,322,216,177,251,99,743,34,114,148,891
10/10/2003,ABQ,NM,ASW,WE,Combined TRACON& Tower with Radar,221,126,81,23,451,0,39,111,53,203,221,165,192,76,654,6,84,90,744
10/11/2003,ABQ,NM,ASW,WE,Combined TRACON& Tower with Radar,176,65,49,14,304,2,13,123,24,162,178,78,172,38,466,2,44,46,512
10/12/2003,ABQ,NM,ASW,WE,Combined TRACON& Tower with Radar,187,64,38,6,295,0,7,129,2,138,187,71,167,8,433,0,0,0,433
10/13/2003,ABQ,NM,ASW,WE,Combined TRACON& Tower with Radar,213,74,45,13,345,0,31,76,0,107,213,105,121,13,452,4,0,4,456
10/14/2003,ABQ,NM,ASW,WE,Combined TRACON& Tower with Radar,222,95,61,12,390,0,49,117,39,205,222,144,178,51,595,16,20,36,631
10/15/2003,ABQ,NM,ASW,WE,Combined TRACON& Tower with Radar,219,113,52,11,395,0,46,92,51,189,219,159,144,62,584,4,26,30,614
10/16/2003,ABQ,NM,ASW,WE,Combined TRACON& Tower with Radar,223,111,58,19,411,0,52,138,62,252,223,163,196,81,663,8,20,28,691
10/17/2003,ABQ,NM,ASW,WE,Combined TRACON& Tower with Radar,218,84,59,28,389,0,55,141,52,248,218,139,200,80,637,4,10,14,651
10/18/2003,ABQ,NM,ASW,WE,Combined TRACON& Tower with Radar,178,60,43,9,290,0,15,131,14,160,178,75,174,23,450,43,14,57,507
10/19/2003,ABQ,NM,ASW,WE,Combined TRACON& Tower with Radar,193,66,48,23,330,0,8,104,9,121,193,74,152,32,451,22,0,22,473
10/20/2003,ABQ,NM,ASW,WE,Combined TRACON& Tower with Radar,210,92,38,24,364,0,32,97,59,188,210,124,135,83,552,6,31,37,589
10/21/2003,ABQ,NM,ASW,WE,Combined TRACON& Tower with Radar,215,116,39,24,394,0,48,117,85,250,215,164,156,109,644,12,102,114,758
10/22/2003,ABQ,NM,ASW,WE,Combined TRACON& Tower with Radar,216,108,72,21,417,0,55,142,72,269,216,163,214,93,686,12,40,52,738
10/23/2003,ABQ,NM,ASW,WE,Combined TRACON& Tower with Radar,228,103,58,21,410,0,53,111,75,239,228,156,169,96,649,9,55,64,713
10/24/2003,ABQ,NM,ASW,WE,Combined TRACON& Tower with Radar,225,103,56,50,434,0,59,154,68,281,225,162,210,118,715,44,28,72,787
10/25/2003,ABQ,NM,ASW,WE,Combined TRACON& Tower with Radar,180,64,33,3,280,0,16,52,17,85,180,80,85,20,365,2,0,2,367
10/26/2003,ABQ,NM,ASW,WE,Combined TRACON& Tower with Radar,184,67,48,20,319,0,9,129,7,145,184,76,177,27,464,4,2,6,470
10/27/2003,ABQ,NM,ASW,WE,Combined TRACON& Tower with Radar,198,110,44,19,371,0,28,119,37,184,198,138,163,56,555,16,12,28,583
10/28/2003,ABQ,NM,ASW,WE,Combined TRACON& Tower with Radar,222,101,40,30,393,0,51,107,75,233,222,152,147,105,626,4,10,14,640
10/29/2003,ABQ,NM,ASW,WE,Combined TRACON& Tower with Radar,218,110,63,30,421,0,44,137,82,263,218,154,200,112,684,0,3,3,687
10/30/2003,ABQ,NM,ASW,WE,Combined TRACON& Tower with Radar,215,113,75,26,429,0,54,104,68,226,215,167,179,94,655,4,41,45,700
10/31/2003,ABQ,NM,ASW,WE,Combined TRACON& Tower with Radar,202,97,52,22,373,0,43,101,40,184,202,140,153,62,557,18,71,89,646
11/01/2003,ABQ,NM,ASW,WE,Combined TRACON& Tower with Radar,174,65,29,21,289,0,13,124,16,153,174,78,153,37,442,12,14,26,468
11/02/2003,ABQ,NM,ASW,WE,Combined TRACON& Tower with Radar,177,63,36,19,295,0,9,65,10,84,177,72,101,29,379,6,0,6,385
11/03/2003,ABQ,NM,ASW,WE,Combined TRACON& Tower with Radar,206,101,41,19,367,0,31,48,18,97,206,132,89,37,464,0,0,0,464
11/04/2003,ABQ,NM,ASW,WE,Combined TRACON& Tower with Radar,209,100,55,17,381,0,46,107,63,216,209,146,162,80,597,2,14,16,613
11/05/2003,ABQ,NM,ASW,WE,Combined TRACON& Tower with Radar,209,108,64,23,404,0,48,135,77,260,209,156,199,100,664,6,32,38,702
11/06/2003,ABQ,NM,ASW,WE,Combined TRACON& Tower with Radar,213,116,80,33,442,0,46,126,76,248,213,162,206,109,690,48,51,99,789
11/07/2003,ABQ,NM,ASW,WE,Combined TRACON& Tower with Radar,215,118,73,43,449,2,35,154,103,294,217,153,227,146,743,29,119,148,891
11/08/2003,ABQ,NM,ASW,WE,Combined TRACON& Tower with Radar,171,71,37,2,281,0,9,171,45,225,171,80,208,47,506,20,38,58,564
11/09/2003,ABQ,NM,ASW,WE,Combined TRACON& Tower with Radar,174,69,33,19,295,0,5,135,5,145,174,74,168,24,440,20,10,30,470
11/10/2003,ABQ,NM,ASW,WE,Combined TRACON& Tower with Radar,199,104,55,19,377,0,25,94,44,163,199,129,149,63,540,28,10,38,578
11/11/2003,ABQ,NM,ASW,WE,Combined TRACON& Tower with Radar,213,101,49,5,368,0,36,105,23,164,213,137,154,28,532,0,28,28,560
11/12/2003,ABQ,NM,ASW,WE,Combined TRACON& Tower with Radar,163,117,56,16,352,0,20,31,35,86,163,137,87,51,438,12,4,16,454
11/13/2003,ABQ,NM,ASW,WE,Combined TRACON& Tower with Radar,206,134,73,36,449,0,0,1,14,15,206,134,74,50,464,2,2,4,468
11/14/2003,ABQ,NM,ASW,WE,Combined TRACON& Tower with Radar,229,129,81,68,507,0,7,47,34,88,229,136,128,102,595,46,38,84,679
11/15/2003,ABQ,NM,ASW,WE,Combined TRACON& Tower with Radar,164,65,53,14,296,0,1,134,38,173,164,66,187,52,469,6,45,51,520
11/16/2003,ABQ,NM,ASW,WE,Combined TRACON& Tower with Radar,178,65,42,20,305,0,5,88,3,96,178,70,130,23,401,14,8,22,423
11/17/2003,ABQ,NM,ASW,WE,Combined TRACON& Tower with Radar,192,102,58,29,381,0,21,45,59,125,192,123,103,88,506,7,20,27,533
11/18/2003,ABQ,NM,ASW,WE,Combined TRACON& Tower with Radar,251,105,42,28,426,0,21,72,59,152,251,126,114,87,578,8,6,14,592
11/19/2003,ABQ,NM,ASW,WE,Combined TRACON& Tower with Radar,216,115,57,16,404,0,35,127,52,214,216,150,184,68,618,38,32,70,688
11/20/2003,ABQ,NM,ASW,WE,Combined TRACON& Tower with Radar,215,112,62,30,419,0,39,125,52,216,215,151,187,82,635,14,20,34,669
11/21/2003,ABQ,NM,ASW,WE,Combined TRACON& Tower with Radar,224,114,68,47,453,0,36,107,79,222,224,150,175,126,675,14,80,94,769
11/22/2003,ABQ,NM,ASW,WE,Combined TRACON& Tower with Radar,173,58,38,9,278,0,10,29,37,76,173,68,67,46,354,15,46,61,415
11/23/2003,ABQ,NM,ASW,WE,Combined TRACON& Tower with Radar,187,62,47,22,318,0,5,55,6,66,187,67,102,28,384,16,16,32,416
11/24/2003,ABQ,NM,ASW,WE,Combined TRACON& Tower with Radar,195,101,45,18,359,0,24,94,49,167,195,125,139,67,526,10,24,34,560
11/25/2003,ABQ,NM,ASW,WE,Combined TRACON& Tower with Radar,212,117,73,32,434,0,37,93,34,164,212,154,166,66,598,6,41,47,645
11/26/2003,ABQ,NM,ASW,WE,Combined TRACON& Tower with Radar,215,117,67,7,406,0,37,72,33,142,215,154,139,40,548,2,24,26,574
11/27/2003,ABQ,NM,ASW,WE,Combined TRACON& Tower with Radar,154,53,42,0,249,0,9,41,3,53,154,62,83,3,302,1,0,1,303
11/28/2003,ABQ,NM,ASW,WE,Combined TRACON& Tower with Radar,159,96,44,3,302,0,35,92,0,127,159,131,136,3,429,18,4,22,451
11/29/2003,ABQ,NM,ASW,WE,Combined TRACON& Tower with Radar,166,69,34,5,274,0,9,74,1,84,166,78,108,6,358,4,0,4,362
11/30/2003,ABQ,NM,ASW,WE,Combined TRACON& Tower with Radar,183,71,86,15,355,0,5,94,10,109,183,76,180,25,464,14,0,14,478
12/01/2003,ABQ,NM,ASW,WE,Combined TRACON& Tower with Radar,204,109,30,13,356,0,23,57,39,119,204,132,87,52,475,4,12,16,491
12/02/2003,ABQ,NM,ASW,WE,Combined TRACON& Tower with Radar,211,119,55,13,398,0,38,65,58,161,211,157,120,71,559,8,48,56,615
12/03/2003,ABQ,NM,ASW,WE,Combined TRACON& Tower with Radar,202,123,38,26,389,0,35,96,64,195,202,158,134,90,584,8,41,49,633
12/04/2003,ABQ,NM,ASW,WE,Combined TRACON& Tower with Radar,208,117,56,29,410,0,41,94,60,195,208,158,150,89,605,26,82,108,713
12/05/2003,ABQ,NM,ASW,WE,Combined TRACON& Tower with Radar,214,122,61,34,431,0,40,95,45,180,214,162,156,79,611,10,42,52,663
12/06/2003,ABQ,NM,ASW,WE,Combined TRACON& Tower with Radar,175,72,46,35,328,0,8,78,22,108,175,80,124,57,436,10,38,48,484
12/07/2003,ABQ,NM,ASW,WE,Combined TRACON& Tower with Radar,182,65,52,26,325,0,9,65,7,81,182,74,117,33,406,10,4,14,420
12/08/2003,ABQ,NM,ASW,WE,Combined TRACON& Tower with Radar,196,127,60,14,397,0,6,20,30,56,196,133,80,44,453,0,8,8,461
12/09/2003,ABQ,NM,ASW,WE,Combined TRACON& Tower with Radar,213,130,45,14,402,0,32,75,36,143,213,162,120,50,545,26,58,84,629
12/10/2003,ABQ,NM,ASW,WE,Combined TRACON& Tower with Radar,210,113,53,20,396,0,35,95,82,212,210,148,148,102,608,2,58,60,668
12/11/2003,ABQ,NM,ASW,WE,Combined TRACON& Tower with Radar,214,124,88,40,466,0,36,117,62,215,214,160,205,102,681,4,58,62,743
12/12/2003,ABQ,NM,ASW,WE,Combined TRACON& Tower with Radar,217,141,66,35,459,0,9,25,36,70,217,150,91,71,529,28,52,80,609
12/13/2003,ABQ,NM,ASW,WE,Combined TRACON& Tower with Radar,176,64,33,6,279,0,10,94,11,115,176,74,127,17,394,2,2,4,398
12/14/2003,ABQ,NM,ASW,WE,Combined TRACON& Tower with Radar,183,61,36,17,297,0,7,91,3,101,183,68,127,20,398,10,0,10,408
12/15/2003,ABQ,NM,ASW,WE,Combined TRACON& Tower with Radar,207,114,54,11,386,0,13,19,20,52,207,127,73,31,438,0,8,8,446
12/16/2003,ABQ,NM,ASW,WE,Combined TRACON& Tower with Radar,206,122,59,14,401,0,35,74,73,182,206,157,133,87,583,0,71,71,654
12/17/2003,ABQ,NM,ASW,WE,Combined TRACON& Tower with Radar,219,128,49,21,417,0,36,116,76,228,219,164,165,97,645,0,28,28,673
12/18/2003,ABQ,NM,ASW,WE,Combined TRACON& Tower with Radar,218,114,43,17,392,0,37,113,87,237,218,151,156,104,629,2,54,56,685
12/19/2003,ABQ,NM,ASW,WE,Combined TRACON& Tower with Radar,208,118,31,29,386,0,34,120,71,225,208,152,151,100,611,30,40,70,681
12/20/2003,ABQ,NM,ASW,WE,Combined TRACON& Tower with Radar,170,59,40,13,282,0,17,108,20,145,170,76,148,33,427,8,16,24,451
12/21/2003,ABQ,NM,ASW,WE,Combined TRACON& Tower with Radar,181,63,35,13,292,0,8,56,2,66,181,71,91,15,358,0,0,0,358
12/22/2003,ABQ,NM,ASW,WE,Combined TRACON& Tower with Radar,198,115,50,12,375,0,10,45,41,96,198,125,95,53,471,10,10,20,491
12/23/2003,ABQ,NM,ASW,WE,Combined TRACON& Tower with Radar,210,122,37,9,378,0,36,107,33,176,210,158,144,42,554,20,36,56,610
12/24/2003,ABQ,NM,ASW,WE,Combined TRACON& Tower with Radar,182,95,29,1,307,0,43,74,6,123,182,138,103,7,430,36,8,44,474
12/25/2003,ABQ,NM,ASW,WE,Combined TRACON& Tower with Radar,148,60,25,0,233,0,2,43,1,46,148,62,68,1,279,2,0,2,281
12/26/2003,ABQ,NM,ASW,WE,Combined TRACON& Tower with Radar,190,97,62,1,350,0,28,32,0,60,190,125,94,1,410,9,0,9,419
12/27/2003,ABQ,NM,ASW,WE,Combined TRACON& Tower with Radar,166,66,36,1,269,0,8,27,2,37,166,74,63,3,306,0,0,0,306
12/28/2003,ABQ,NM,ASW,WE,Combined TRACON& Tower with Radar,180,55,24,1,260,0,11,62,0,73,180,66,86,1,333,2,0,2,335
12/29/2003,ABQ,NM,ASW,WE,Combined TRACON& Tower with Radar,198,94,31,12,335,0,19,62,22,103,198,113,93,34,438,8,6,14,452
12/30/2003,ABQ,NM,ASW,WE,Combined TRACON& Tower with Radar,207,108,53,10,378,0,23,64,14,101,207,131,117,24,479,8,22,30,509
12/31/2003,ABQ,NM,ASW,WE,Combined TRACON& Tower with Radar,180,101,48,2,331,0,30,44,16,90,180,131,92,18,421,6,26,32,453
01/01/2004,ABQ,NM,ASW,WE,Combined TRACON& Tower with Radar,141,70,38,0,249,13,2,37,0,52,154,72,75,0,301,6,0,6,307
01/02/2004,ABQ,NM,ASW,WE,Combined TRACON& Tower with Radar,172,105,47,10,334,13,31,43,0,87,185,136,90,10,421,8,0,8,429
01/03/2004,ABQ,NM,ASW,WE,Combined TRACON& Tower with Radar,158,59,55,2,274,13,9,27,0,49,171,68,82,2,323,10,0,10,333
01/04/2004,ABQ,NM,ASW,WE,Combined TRACON& Tower with Radar,161,61,29,3,254,13,5,55,1,74,174,66,84,4,328,6,0,6,334
01/05/2004,ABQ,NM,ASW,WE,Combined TRACON& Tower with Radar,187,95,38,15,335,13,24,37,4,78,200,119,75,19,413,0,2,2,415
01/06/2004,ABQ,NM,ASW,WE,Combined TRACON& Tower with Radar,183,106,57,13,359,13,27,73,25,138,196,133,130,38,497,2,0,2,499
01/07/2004,ABQ,NM,ASW,WE,Combined TRACON& Tower with Radar,170,113,66,21,370,13,38,88,41,180,183,151,154,62,550,4,18,22,572
01/08/2004,ABQ,NM,ASW,WE,Combined TRACON& Tower with Radar,194,104,45,14,357,13,33,89,50,185,207,137,134,64,542,12,8,20,562
01/09/2004,ABQ,NM,ASW,WE,Combined TRACON& Tower with Radar,189,114,57,39,399,13,38,84,62,197,202,152,141,101,596,4,56,60,656
01/10/2004,ABQ,NM,ASW,WE,Combined TRACON& Tower with Radar,152,67,42,16,277,13,14,89,11,127,165,81,131,27,404,22,30,52,456
01/11/2004,ABQ,NM,ASW,WE,Combined TRACON& Tower with Radar,165,62,28,28,283,13,3,91,0,107,178,65,119,28,390,2,2,4,394
01/12/2004,ABQ,NM,ASW,WE,Combined TRACON& Tower with Radar,186,110,28,27,351,13,20,68,30,131,199,130,96,57,482,8,8,16,498
01/13/2004,ABQ,NM,ASW,WE,Combined TRACON& Tower with Radar,191,115,49,21,376,13,34,115,54,216,204,149,164,75,592,4,8,12,604
01/14/2004,ABQ,NM,ASW,WE,Combined TRACON& Tower with Radar,195,120,47,20,382,13,39,85,57,194,208,159,132,77,576,8,28,36,612
01/15/2004,ABQ,NM,ASW,WE,Combined TRACON& Tower with Radar,190,135,59,12,396,13,5,16,40,74,203,140,75,52,470,10,40,50,520
01/16/2004,ABQ,NM,ASW,WE,Combined TRACON& Tower with Radar,190,144,65,41,440,12,1,39,14,66,202,145,104,55,506,0,53,53,559
01/17/2004,ABQ,NM,ASW,WE,Combined TRACON& Tower with Radar,166,75,52,30,323,0,0,20,10,30,166,75,72,40,353,4,2,6,359
01/18/2004,ABQ,NM,ASW,WE,Combined TRACON& Tower with Radar,178,56,31,1,266,0,5,100,3,108,178,61,131,4,374,2,0,2,376
01/19/2004,ABQ,NM,ASW,WE,Combined TRACON& Tower with Radar,193,78,35,4,310,0,19,74,2,95,193,97,109,6,405,6,0,6,411
01/20/2004,ABQ,NM,ASW,WE,Combined TRACON& Tower with Radar,196,143,61,17,417,0,3,7,17,27,196,146,68,34,444,14,16,30,474
01/21/2004,ABQ,NM,ASW,WE,Combined TRACON& Tower with Radar,200,139,56,12,407,0,11,29,68,108,200,150,85,80,515,16,28,44,559
01/22/2004,ABQ,NM,ASW,WE,Combined TRACON& Tower with Radar,194,102,74,17,387,0,33,94,41,168,194,135,168,58,555,14,34,48,603
01/23/2004,ABQ,NM,ASW,WE,Combined TRACON& Tower with Radar,204,122,58,43,427,0,33,90,38,161,204,155,148,81,588,8,54,62,650
01/24/2004,ABQ,NM,ASW,WE,Combined TRACON& Tower with Radar,175,71,56,10,312,0,8,92,36,136,175,79,148,46,448,2,8,10,458
01/25/2004,ABQ,NM,ASW,WE,Combined TRACON& Tower with Radar,180,63,50,13,306,4,0,14,1,19,184,63,64,14,325,0,0,0,325
01/26/2004,ABQ,NM,ASW,WE,Combined TRACON& Tower with Radar,168,89,45,19,321,0,26,42,31,99,168,115,87,50,420,0,14,14,434
01/27/2004,ABQ,NM,ASW,WE,Combined TRACON& Tower with Radar,203,110,42,17,372,0,40,68,41,149,203,150,110,58,521,0,44,44,565
01/28/2004,ABQ,NM,ASW,WE,Combined TRACON& Tower with Radar,212,108,59,31,410,0,40,82,44,166,212,148,141,75,576,0,52,52,628
01/29/2004,ABQ,NM,ASW,WE,Combined TRACON& Tower with Radar,206,106,51,33,396,0,43,103,60,206,206,149,154,93,602,10,32,42,644
01/30/2004,ABQ,NM,ASW,WE,Combined TRACON& Tower with Radar,214,115,58,32,419,0,46,119,56,221,214,161,177,88,640,9,6,15,655
01/31/2004,ABQ,NM,ASW,WE,Combined TRACON& Tower with Radar,174,77,46,1,298,1,6,75,40,122,175,83,121,41,420,6,18,24,444
02/01/2004,ABQ,NM,ASW,WE,Combined TRACON& Tower with Radar,168,74,46,5,293,17,2,19,0,38,185,76,65,5,331,2,6,8,339
02/02/2004,ABQ,NM,ASW,WE,Combined TRACON& Tower with Radar,182,100,68,11,361,17,29,71,5,122,199,129,139,16,483,18,10,28,511
02/03/2004,ABQ,NM,ASW,WE,Combined TRACON& Tower with Radar,250,150,61,24,485,17,22,49,32,120,267,172,110,56,605,0,12,12,617
02/04/2004,ABQ,NM,ASW,WE,Combined TRACON& Tower with Radar,206,128,72,31,437,17,15,21,67,120,223,143,93,98,557,0,59,59,616
02/05/2004,ABQ,NM,ASW,WE,Combined TRACON& Tower with Radar,192,134,53,33,412,17,23,41,66,147,209,157,94,99,559,2,20,22,581
02/06/2004,ABQ,NM,ASW,WE,Combined TRACON& Tower with Radar,200,112,53,52,417,17,51,90,69,227,217,163,143,121,644,0,93,93,737
02/07/2004,ABQ,NM,ASW,WE,Combined TRACON& Tower with Radar,156,79,43,13,291,17,0,0,0,17,173,79,43,13,308,8,34,42,350
02/08/2004,ABQ,NM,ASW,WE,Combined TRACON& Tower with Radar,160,67,34,36,297,17,7,74,0,98,177,74,108,36,395,4,2,6,401
02/09/2004,ABQ,NM,ASW,WE,Combined TRACON& Tower with Radar,184,109,57,26,376,17,39,75,42,173,201,148,132,68,549,2,8,10,559
02/10/2004,ABQ,NM,ASW,WE,Combined TRACON& Tower with Radar,186,129,61,20,396,17,39,77,50,183,203,168,138,70,579,2,2,4,583
02/11/2004,ABQ,NM,ASW,WE,Combined TRACON& Tower with Radar,198,122,73,21,414,17,31,85,56,189,215,153,158,77,603,4,38,42,645
02/12/2004,ABQ,NM,ASW,WE,Combined TRACON& Tower with Radar,204,132,64,27,427,17,7,7,12,43,221,139,71,39,470,0,4,4,474
02/13/2004,ABQ,NM,ASW,WE,Combined TRACON& Tower with Radar,224,123,65,28,440,0,28,80,57,165,224,151,145,85,605,12,68,80,685
02/14/2004,ABQ,NM,ASW,WE,Combined TRACON& Tower with Radar,176,77,39,9,301,0,13,104,30,147,176,90,143,39,448,0,0,0,448
02/15/2004,ABQ,NM,ASW,WE,Combined TRACON& Tower with Radar,186,79,23,7,295,0,4,88,8,100,186,83,111,15,395,2,0,2,397
02/16/2004,ABQ,NM,ASW,WE,Combined TRACON& Tower with Radar,209,94,45,6,354,0,23,78,11,112,209,117,123,17,466,2,0,2,468
02/17/2004,ABQ,NM,ASW,WE,Combined TRACON& Tower with Radar,240,122,71,20,453,0,44,105,36,185,240,166,176,56,638,2,2,4,642
02/18/2004,ABQ,NM,ASW,WE,Combined TRACON& Tower with Radar,250,131,72,13,466,0,46,110,49,205,250,177,182,62,671,14,16,30,701
02/19/2004,ABQ,NM,ASW,WE,Combined TRACON& Tower with Radar,213,116,66,10,405,0,33,56,43,132,213,149,122,53,537,0,8,8,545
02/20/2004,ABQ,NM,ASW,WE,Combined TRACON& Tower with Radar,213,117,49,35,414,0,43,121,44,208,213,160,170,79,622,12,40,52,674
02/21/2004,ABQ,NM,ASW,WE,Combined TRACON& Tower with Radar,174,87,48,4,313,0,6,45,33,84,174,93,93,37,397,0,12,12,409
02/22/2004,ABQ,NM,ASW,WE,Combined TRACON& Tower with Radar,179,69,55,12,315,0,8,93,3,104,179,77,148,15,419,40,0,40,459
02/23/2004,ABQ,NM,ASW,WE,Combined TRACON& Tower with Radar,204,123,69,24,420,0,6,31,29,66,204,129,100,53,486,4,2,6,492
02/24/2004,ABQ,NM,ASW,WE,Combined TRACON& Tower with Radar,216,138,56,21,431,0,0,0,3,3,216,138,56,24,434,36,4,40,474
02/25/2004,ABQ,NM,ASW,WE,Combined TRACON& Tower with Radar,210,130,67,36,443,0,36,95,58,189,210,166,162,94,632,2,2,4,636
02/26/2004,ABQ,NM,ASW,WE,Combined TRACON& Tower with Radar,207,123,63,49,442,0,55,136,63,254,207,178,199,112,696,6,22,28,724
02/27/2004,ABQ,NM,ASW,WE,Combined TRACON& Tower with Radar,218,119,72,44,453,0,45,88,55,188,218,164,160,99,641,3,12,15,656
02/28/2004,ABQ,NM,ASW,WE,Combined TRACON& Tower with Radar,170,90,37,3,300,0,2,20,23,45,170,92,57,26,345,2,30,32,377
02/29/2004,ABQ,NM,ASW,WE,Combined TRACON& Tower with Radar,184,69,40,15,308,0,2,39,5,46,184,71,79,20,354,4,8,12,366
03/01/2004,ABQ,NM,ASW,WE,Combined TRACON& Tower with Radar,241,104,53,26,424,1,40,130,3,174,242,144,183,29,598,10,4,14,612
03/02/2004,ABQ,NM,ASW,WE,Combined TRACON& Tower with Radar,212,138,45,26,421,1,23,26,18,68,213,161,71,44,489,0,0,0,489
03/03/2004,ABQ,NM,ASW,WE,Combined TRACON& Tower with Radar,217,171,27,54,469,1,29,46,46,122,218,200,73,100,591,1,25,26,617
03/04/2004,ABQ,NM,ASW,WE,Combined TRACON& Tower with Radar,210,152,42,24,428,1,1,16,23,41,211,153,58,47,469,2,0,2,471
03/05/2004,ABQ,NM,ASW,WE,Combined TRACON& Tower with Radar,223,158,44,37,462,1,24,43,0,68,224,182,87,37,530,8,26,34,564
03/06/2004,ABQ,NM,ASW,WE,Combined TRACON& Tower with Radar,176,81,14,26,297,1,28,133,38,200,177,109,147,64,497,20,16,36,533
03/07/2004,ABQ,NM,ASW,WE,Combined TRACON& Tower with Radar,189,72,25,30,316,1,13,123,6,143,190,85,148,36,459,8,14,22,481
03/08/2004,ABQ,NM,ASW,WE,Combined TRACON& Tower with Radar,212,108,17,7,344,1,43,100,31,175,213,151,117,38,519,8,12,20,539
03/09/2004,ABQ,NM,ASW,WE,Combined TRACON& Tower with Radar,211,130,34,3,378,1,48,94,84,227,212,178,128,87,605,4,32,36,641
03/10/2004,ABQ,NM,ASW,WE,Combined TRACON& Tower with Radar,207,134,33,20,394,1,57,107,71,236,208,191,140,91,630,14,16,30,660
03/11/2004,ABQ,NM,ASW,WE,Combined TRACON& Tower with Radar,211,159,29,10,409,1,30,66,67,164,212,189,95,77,573,16,54,70,643
03/12/2004,ABQ,NM,ASW,WE,Combined TRACON& Tower with Radar,211,150,27,30,418,1,17,71,86,175,212,167,98,116,593,0,18,18,611
03/13/2004,ABQ,NM,ASW,WE,Combined TRACON& Tower with Radar,177,92,33,10,312,0,10,67,13,90,177,102,100,23,402,8,14,22,424
03/14/2004,ABQ,NM,ASW,WE,Combined TRACON& Tower with Radar,182,72,19,19,292,0,13,96,2,111,182,85,115,21,403,16,14,30,433
03/15/2004,ABQ,NM,ASW,WE,Combined TRACON& Tower with Radar,201,98,23,13,335,0,33,80,28,141,201,131,103,41,476,4,6,10,486
03/16/2004,ABQ,NM,ASW,WE,Combined TRACON& Tower with Radar,216,126,23,8,373,0,51,91,76,218,216,177,114,84,591,12,60,72,663
03/17/2004,ABQ,NM,ASW,WE,Combined TRACON& Tower with Radar,213,120,36,14,383,0,62,115,75,252,213,182,151,89,635,16,26,42,677
03/18/2004,ABQ,NM,ASW,WE,Combined TRACON& Tower with Radar,215,120,58,23,416,0,56,136,51,243,215,176,194,74,659,18,34,52,711
03/19/2004,ABQ,NM,ASW,WE,Combined TRACON& Tower with Radar,215,129,41,25,410,0,52,145,68,265,215,181,186,93,675,4,2,6,681
03/20/2004,ABQ,NM,ASW,WE,Combined TRACON& Tower with Radar,151,66,15,6,238,0,16,105,21,142,151,82,120,27,380,19,4,23,403
03/21/2004,ABQ,NM,ASW,WE,Combined TRACON& Tower with Radar,180,75,17,38,310,0,20,89,10,119,180,95,106,48,429,6,4,10,439
03/22/2004,ABQ,NM,ASW,WE,Combined TRACON& Tower with Radar,206,113,11,20,350,0,35,97,38,170,206,148,108,58,520,2,16,18,538
03/23/2004,ABQ,NM,ASW,WE,Combined TRACON& Tower with Radar,212,118,14,19,363,0,47,93,74,214,212,165,107,93,577,0,44,44,621
03/24/2004,ABQ,NM,ASW,WE,Combined TRACON& Tower with Radar,215,125,38,16,394,0,49,108,56,213,215,174,146,72,607,16,46,62,669
03/25/2004,ABQ,NM,ASW,WE,Combined TRACON& Tower with Radar,191,122,93,16,422,25,56,83,71,235,216,178,176,87,657,21,37,58,715
03/26/2004,ABQ,NM,ASW,WE,Combined TRACON& Tower with Radar,185,128,75,35,423,24,46,19,59,148,209,174,94,94,571,6,2,8,579
03/27/2004,ABQ,NM,ASW,WE,Combined TRACON& Tower with Radar,135,75,63,6,279,43,16,12,23,94,178,91,75,29,373,6,0,6,379
03/28/2004,ABQ,NM,ASW,WE,Combined TRACON& Tower with Radar,142,69,68,25,304,36,16,36,5,93,178,85,104,30,397,12,10,22,419
03/29/2004,ABQ,NM,ASW,WE,Combined TRACON& Tower with Radar,167,101,72,9,349,36,39,56,40,171,203,140,128,49,520,14,12,26,546
03/30/2004,ABQ,NM,ASW,WE,Combined TRACON& Tower with Radar,200,111,68,19,398,21,57,52,67,197,221,168,120,86,595,12,26,38,633
03/31/2004,ABQ,NM,ASW,WE,Combined TRACON& Tower with Radar,173,119,86,9,387,37,52,73,58,220,210,171,159,67,607,32,15,47,654
04/01/2004,ABQ,NM,ASW,WE,Combined TRACON& Tower with Radar,190,110,39,23,362,21,53,82,39,195,211,163,121,62,557,16,4,20,577
04/02/2004,ABQ,NM,ASW,WE,Combined TRACON& Tower with Radar,183,144,46,22,395,21,20,27,31,99,204,164,73,53,494,2,16,18,512
04/03/2004,ABQ,NM,ASW,WE,Combined TRACON& Tower with Radar,156,88,16,0,260,21,1,2,0,24,177,89,18,0,284,0,0,0,284
04/04/2004,ABQ,NM,ASW,WE,Combined TRACON& Tower with Radar,159,92,36,11,298,21,1,8,0,30,180,93,44,11,328,0,0,0,328
04/05/2004,ABQ,NM,ASW,WE,Combined TRACON& Tower with Radar,181,134,49,20,384,29,17,54,19,119,210,151,103,39,503,2,22,24,527
04/06/2004,ABQ,NM,ASW,WE,Combined TRACON& Tower with Radar,189,126,34,24,373,20,43,62,50,175,209,169,96,74,548,2,31,33,581
04/07/2004,ABQ,NM,ASW,WE,Combined TRACON& Tower with Radar,190,136,56,25,407,20,47,102,100,269,210,183,158,125,676,12,36,48,724
04/08/2004,ABQ,NM,ASW,WE,Combined TRACON& Tower with Radar,194,169,57,18,438,20,18,30,22,90,214,187,87,40,528,6,0,6,534
04/09/2004,ABQ,NM,ASW,WE,Combined TRACON& Tower with Radar,193,132,53,25,403,20,38,91,47,196,213,170,144,72,599,2,9,11,610
04/10/2004,ABQ,NM,ASW,WE,Combined TRACON& Tower with Radar,149,83,19,5,256,20,13,33,27,93,169,96,52,32,349,0,0,0,349
04/11/2004,ABQ,NM,ASW,WE,Combined TRACON& Tower with Radar,147,91,21,8,267,20,3,27,0,50,167,94,48,8,317,10,0,10,327
04/12/2004,ABQ,NM,ASW,WE,Combined TRACON& Tower with Radar,179,117,40,20,356,20,43,85,35,183,199,160,125,55,539,12,16,28,567
04/13/2004,ABQ,NM,ASW,WE,Combined TRACON& Tower with Radar,209,130,35,19,393,0,53,125,67,245,209,183,160,86,638,10,27,37,675
04/14/2004,ABQ,NM,ASW,WE,Combined TRACON& Tower with Radar,210,108,42,18,378,0,61,99,77,237,210,169,141,95,615,12,36,48,663
04/15/2004,ABQ,NM,ASW,WE,Combined TRACON& Tower with Radar,207,135,51,27,420,0,48,102,75,225,207,183,153,102,645,14,44,58,703
04/16/2004,ABQ,NM,ASW,WE,Combined TRACON& Tower with Radar,217,132,43,34,426,0,52,132,60,244,217,184,175,94,670,16,12,28,698
04/17/2004,ABQ,NM,ASW,WE,Combined TRACON& Tower with Radar,162,81,17,7,267,2,28,50,35,115,164,109,67,42,382,6,18,24,406
04/18/2004,ABQ,NM,ASW,WE,Combined TRACON& Tower with Radar,167,76,30,11,284,0,14,71,4,89,167,90,101,15,373,5,0,5,378
04/19/2004,ABQ,NM,ASW,WE,Combined TRACON& Tower with Radar,212,109,29,20,370,0,50,48,55,153,212,159,77,75,523,6,0,6,529
04/20/2004,ABQ,NM,ASW,WE,Combined TRACON& Tower with Radar,206,120,36,23,385,0,61,73,90,224,206,181,109,113,609,12,50,62,671
04/21/2004,ABQ,NM,ASW,WE,Combined TRACON& Tower with Radar,208,118,58,20,404,0,50,81,87,218,208,168,139,107,622,0,34,34,656
04/22/2004,ABQ,NM,ASW,WE,Combined TRACON& Tower with Radar,211,131,36,13,391,0,58,50,39,147,211,189,86,52,538,0,0,0,538
04/23/2004,ABQ,NM,ASW,WE,Combined TRACON& Tower with Radar,206,126,34,34,400,0,33,66,68,167,206,159,100,102,567,2,68,70,637
04/24/2004,ABQ,NM,ASW,WE,Combined TRACON& Tower with Radar,168,73,25,18,284,0,15,73,22,110,168,88,98,40,394,6,58,64,458
04/25/2004,ABQ,NM,ASW,WE,Combined TRACON& Tower with Radar,168,79,31,10,288,0,15,91,3,109,168,94,122,13,397,30,8,38,435
04/26/2004,ABQ,NM,ASW,WE,Combined TRACON& Tower with Radar,193,105,32,16,346,0,45,59,59,163,193,150,91,75,509,4,26,30,539
04/27/2004,ABQ,NM,ASW,WE,Combined TRACON& Tower with Radar,180,109,36,8,333,0,65,98,59,222,180,174,134,67,555,30,54,84,639
04/28/2004,ABQ,NM,ASW,WE,Combined TRACON& Tower with Radar,200,121,58,10,389,0,60,57,65,182,200,181,115,75,571,4,22,26,597
04/29/2004,ABQ,NM,ASW,WE,Combined TRACON& Tower with Radar,199,120,39,27,385,0,34,33,72,139,199,154,72,99,524,4,40,44,568
04/30/2004,ABQ,NM,ASW,WE,Combined TRACON& Tower with Radar,183,120,41,37,381,0,37,66,52,155,183,157,107,89,536,12,76,88,624
05/01/2004,ABQ,NM,ASW,WE,Combined TRACON& Tower with Radar,158,73,0,10,241,0,21,101,6,128,158,94,101,16,369,14,0,14,383
05/02/2004,ABQ,NM,ASW,WE,Combined TRACON& Tower with Radar,172,69,0,21,262,0,19,112,6,137,172,88,112,27,399,4,2,6,405
05/03/2004,ABQ,NM,ASW,WE,Combined TRACON& Tower with Radar,204,106,0,14,324,0,60,116,10,186,204,166,116,24,510,22,2,24,534
05/04/2004,ABQ,NM,ASW,WE,Combined TRACON& Tower with Radar,214,115,0,22,351,0,58,125,45,228,214,173,125,67,579,12,20,32,611
05/05/2004,ABQ,NM,ASW,WE,Combined TRACON& Tower with Radar,218,112,0,24,354,0,66,141,73,280,218,178,141,97,634,8,36,44,678
05/06/2004,ABQ,NM,ASW,WE,Combined TRACON& Tower with Radar,216,112,0,21,349,0,60,119,60,239,216,172,119,81,588,4,26,30,618
05/07/2004,ABQ,NM,ASW,WE,Combined TRACON& Tower with Radar,217,116,0,33,366,0,62,112,81,255,217,178,112,114,621,10,10,20,641
05/08/2004,ABQ,NM,ASW,WE,Combined TRACON& Tower with Radar,174,75,0,1,250,0,23,118,18,159,174,98,118,19,409,4,0,4,413
05/09/2004,ABQ,NM,ASW,WE,Combined TRACON& Tower with Radar,171,76,0,18,265,0,12,102,6,120,171,88,102,24,385,16,4,20,405
05/10/2004,ABQ,NM,ASW,WE,Combined TRACON& Tower with Radar,207,101,0,15,323,0,37,104,51,192,207,138,104,66,515,18,29,47,562
05/11/2004,ABQ,NM,ASW,WE,Combined TRACON& Tower with Radar,210,116,0,6,332,0,55,116,71,242,210,171,116,77,574,4,40,44,618
05/12/2004,ABQ,NM,ASW,WE,Combined TRACON& Tower with Radar,215,106,0,27,348,0,54,97,49,200,215,160,97,76,548,8,22,30,578
05/13/2004,ABQ,NM,ASW,WE,Combined TRACON& Tower with Radar,205,112,0,19,336,0,56,139,71,266,205,168,139,90,602,19,59,78,680
05/14/2004,ABQ,NM,ASW,WE,Combined TRACON& Tower with Radar,219,107,0,30,356,0,73,181,76,330,219,180,181,106,686,16,52,68,754
05/15/2004,ABQ,NM,ASW,WE,Combined TRACON& Tower with Radar,173,77,0,15,265,0,29,108,16,153,173,106,108,31,418,2,8,10,428
05/16/2004,ABQ,NM,ASW,WE,Combined TRACON& Tower with Radar,177,77,0,24,278,0,15,89,10,114,177,92,89,34,392,14,6,20,412
05/17/2004,ABQ,NM,ASW,WE,Combined TRACON& Tower with Radar,198,93,0,13,304,0,47,106,47,200,198,140,106,60,504,2,16,18,522
05/18/2004,ABQ,NM,ASW,WE,Combined TRACON& Tower with Radar,215,114,0,9,338,0,62,137,84,283,215,176,137,93,621,4,26,30,651
05/19/2004,ABQ,NM,ASW,WE,Combined TRACON& Tower with Radar,201,115,0,9,325,0,0,28,0,28,201,115,28,9,353,4,22,26,379
05/20/2004,ABQ,NM,ASW,WE,Combined TRACON& Tower with Radar,208,109,0,22,339,0,62,149,74,285,208,171,149,96,624,18,12,30,654
05/21/2004,ABQ,NM,ASW,WE,Combined TRACON& Tower with Radar,185,98,0,25,308,0,58,142,56,256,185,156,142,81,564,19,30,49,613
05/22/2004,ABQ,NM,ASW,WE,Combined TRACON& Tower with Radar,152,59,0,10,221,0,31,116,11,158,152,90,116,21,379,0,6,6,385
05/23/2004,ABQ,NM,ASW,WE,Combined TRACON& Tower with Radar,173,68,0,31,272,0,19,104,3,126,173,87,104,34,398,2,25,27,425
05/24/2004,ABQ,NM,ASW,WE,Combined TRACON& Tower with Radar,114,88,118,25,345,92,39,9,45,185,206,127,127,70,530,10,16,26,556
05/25/2004,ABQ,NM,ASW,WE,Combined TRACON& Tower with Radar,124,125,126,15,390,91,61,5,65,222,215,186,131,80,612,6,22,28,640
05/26/2004,ABQ,NM,ASW,WE,Combined TRACON& Tower with Radar,121,111,102,23,357,92,51,0,56,199,213,162,102,79,556,4,40,44,600
05/27/2004,ABQ,NM,ASW,WE,Combined TRACON& Tower with Radar,115,119,127,18,379,92,57,0,69,218,207,176,127,87,597,19,44,63,660
05/28/2004,ABQ,NM,ASW,WE,Combined TRACON& Tower with Radar,121,111,141,25,398,92,52,32,18,194,213,163,173,43,592,12,22,34,626
05/29/2004,ABQ,NM,ASW,WE,Combined TRACON& Tower with Radar,80,70,85,4,239,92,23,0,1,116,172,93,85,5,355,7,0,7,362
05/30/2004,ABQ,NM,ASW,WE,Combined TRACON& Tower with Radar,60,60,56,2,178,92,10,0,0,102,152,70,56,2,280,22,0,22,302
05/31/2004,ABQ,NM,ASW,WE,Combined TRACON& Tower with Radar,84,78,121,2,285,92,29,11,2,134,176,107,132,4,419,14,4,18,437
06/01/2004,ABQ,NM,ASW,WE,Combined TRACON& Tower with Radar,198,102,17,10,327,0,45,88,39,172,198,147,105,49,499,10,10,20,519
06/02/2004,ABQ,NM,ASW,WE,Combined TRACON& Tower with Radar,206,121,34,11,372,0,63,91,92,246,206,184,125,103,618,6,76,82,700
06/03/2004,ABQ,NM,ASW,WE,Combined TRACON& Tower with Radar,218,112,35,15,380,0,58,63,63,184,218,170,98,78,564,0,24,24,588
06/04/2004,ABQ,NM,ASW,WE,Combined TRACON& Tower with Radar,209,112,34,27,382,0,52,78,64,194,209,164,112,91,576,15,68,83,659
06/05/2004,ABQ,NM,ASW,WE,Combined TRACON& Tower with Radar,171,82,26,48,327,0,25,56,21,102,171,107,82,69,429,4,44,48,477
06/06/2004,ABQ,NM,ASW,WE,Combined TRACON& Tower with Radar,181,63,17,13,274,0,25,70,1,96,181,88,87,14,370,8,6,14,384
06/07/2004,ABQ,NM,ASW,WE,Combined TRACON& Tower with Radar,207,100,27,13,347,0,45,84,10,139,207,145,111,23,486,14,18,32,518
06/08/2004,ABQ,NM,ASW,WE,Combined TRACON& Tower with Radar,211,108,39,12,370,0,55,89,46,190,211,163,128,58,560,8,22,30,590
06/09/2004,ABQ,NM,ASW,WE,Combined TRACON& Tower with Radar,218,127,45,15,405,0,61,84,56,201,218,188,129,71,606,8,16,24,630
06/10/2004,ABQ,NM,ASW,WE,Combined TRACON& Tower with Radar,236,118,56,29,439,0,64,96,84,244,236,182,152,113,683,6,59,65,748
06/11/2004,ABQ,NM,ASW,WE,Combined TRACON& Tower with Radar,227,114,34,21,396,0,65,98,55,218,227,179,132,76,614,12,24,36,650
06/12/2004,ABQ,NM,ASW,WE,Combined TRACON& Tower with Radar,171,67,22,12,272,0,32,116,19,167,171,99,138,31,439,8,24,32,471
06/13/2004,ABQ,NM,ASW,WE,Combined TRACON& Tower with Radar,187,75,18,27,307,0,20,77,25,122,187,95,95,52,429,6,6,12,441
06/14/2004,ABQ,NM,ASW,WE,Combined TRACON& Tower with Radar,211,94,31,8,344,0,44,75,50,169,211,138,106,58,513,2,6,8,521
06/15/2004,ABQ,NM,ASW,WE,Combined TRACON& Tower with Radar,223,115,39,15,392,0,44,90,61,195,223,159,129,76,587,10,12,22,609
06/16/2004,ABQ,NM,ASW,WE,Combined TRACON& Tower with Radar,216,123,51,29,419,0,67,111,92,270,216,190,162,121,689,10,36,46,735
06/17/2004,ABQ,NM,ASW,WE,Combined TRACON& Tower with Radar,219,120,38,21,398,0,63,108,55,226,219,183,146,76,624,6,12,18,642
06/18/2004,ABQ,NM,ASW,WE,Combined TRACON& Tower with Radar,196,88,27,31,342,0,46,119,73,238,196,134,146,104,580,22,68,90,670
06/19/2004,ABQ,NM,ASW,WE,Combined TRACON& Tower with Radar,180,67,19,4,270,0,21,77,15,113,180,88,96,19,383,4,2,6,389
06/20/2004,ABQ,NM,ASW,WE,Combined TRACON& Tower with Radar,196,72,24,18,310,0,9,65,1,75,196,81,89,19,385,4,10,14,399
06/21/2004,ABQ,NM,ASW,WE,Combined TRACON& Tower with Radar,206,112,37,9,364,0,42,83,25,150,206,154,120,34,514,8,4,12,526
06/22/2004,ABQ,NM,ASW,WE,Combined TRACON& Tower with Radar,228,111,42,18,399,0,46,54,56,156,228,157,96,74,555,12,24,36,591
06/23/2004,ABQ,NM,ASW,WE,Combined TRACON& Tower with Radar,217,112,45,29,403,0,39,120,74,233,217,151,165,103,636,18,31,49,685
06/24/2004,ABQ,NM,ASW,WE,Combined TRACON& Tower with Radar,220,106,52,22,400,0,46,99,54,199,220,152,151,76,599,7,27,34,633
06/25/2004,ABQ,NM,ASW,WE,Combined TRACON& Tower with Radar,219,118,45,27,409,0,42,108,84,234,219,160,153,111,643,2,34,36,679
06/26/2004,ABQ,NM,ASW,WE,Combined TRACON& Tower with Radar,187,66,25,7,285,0,20,112,37,169,187,86,137,44,454,18,14,32,486
06/27/2004,ABQ,NM,ASW,WE,Combined TRACON& Tower with Radar,189,66,38,11,304,0,7,104,0,111,189,73,142,11,415,14,0,14,429
06/28/2004,ABQ,NM,ASW,WE,Combined TRACON& Tower with Radar,201,107,44,19,371,0,28,63,53,144,201,135,107,72,515,6,24,30,545
06/29/2004,ABQ,NM,ASW,WE,Combined TRACON& Tower with Radar,219,141,43,16,419,0,20,49,53,122,219,161,92,69,541,2,26,28,569
06/30/2004,ABQ,NM,ASW,WE,Combined TRACON& Tower with Radar,225,120,49,17,411,0,55,107,62,224,225,175,156,79,635,1,20,21,656
07/01/2004,ABQ,NM,ASW,WE,Combined TRACON& Tower with Radar,218,118,35,25,396,0,39,107,66,212,218,157,142,91,608,12,20,32,640
07/02/2004,ABQ,NM,ASW,WE,Combined TRACON& Tower with Radar,218,102,28,17,365,0,46,140,10,196,218,148,168,27,561,30,2,32,593
07/03/2004,ABQ,NM,ASW,WE,Combined TRACON& Tower with Radar,181,70,21,1,273,0,23,68,1,92,181,93,89,2,365,4,0,4,369
07/04/2004,ABQ,NM,ASW,WE,Combined TRACON& Tower with Radar,159,67,24,3,253,0,6,64,0,70,159,73,88,3,323,7,0,7,330
07/05/2004,ABQ,NM,ASW,WE,Combined TRACON& Tower with Radar,179,85,30,5,299,0,12,78,0,90,179,97,108,5,389,12,2,14,403
07/06/2004,ABQ,NM,ASW,WE,Combined TRACON& Tower with Radar,208,101,26,13,348,0,38,92,34,164,208,139,118,47,512,2,4,6,518
07/07/2004,ABQ,NM,ASW,WE,Combined TRACON& Tower with Radar,211,109,23,8,351,0,53,110,49,212,211,162,133,57,563,18,0,18,581
07/08/2004,ABQ,NM,ASW,WE,Combined TRACON& Tower with Radar,233,109,48,12,402,0,44,101,66,211,233,153,149,78,613,34,74,108,721
07/09/2004,ABQ,NM,ASW,WE,Combined TRACON& Tower with Radar,213,115,33,26,387,0,41,90,52,183,213,156,123,78,570,23,43,66,636
07/10/2004,ABQ,NM,ASW,WE,Combined TRACON& Tower with Radar,184,62,32,13,291,0,23,99,26,148,184,85,131,39,439,4,15,19,458
07/11/2004,ABQ,NM,ASW,WE,Combined TRACON& Tower with Radar,130,46,10,4,190,0,14,37,1,52,130,60,47,5,242,12,0,12,254
07/12/2004,ABQ,NM,ASW,WE,Combined TRACON& Tower with Radar,212,106,37,12,367,0,31,69,10,110,212,137,106,22,477,10,4,14,491
07/13/2004,ABQ,NM,ASW,WE,Combined TRACON& Tower with Radar,211,125,35,14,385,0,46,80,57,183,211,171,115,71,568,25,24,49,617
07/14/2004,ABQ,NM,ASW,WE,Combined TRACON& Tower with Radar,212,118,45,22,397,0,58,87,61,206,212,176,132,83,603,2,12,14,617
07/15/2004,ABQ,NM,ASW,WE,Combined TRACON& Tower with Radar,230,117,37,23,407,0,51,74,45,170,230,168,111,68,577,14,12,26,603
07/16/2004,ABQ,NM,ASW,WE,Combined TRACON& Tower with Radar,220,103,47,35,405,0,49,98,60,207,220,152,145,95,612,6,44,50,662
07/17/2004,ABQ,NM,ASW,WE,Combined TRACON& Tower with Radar,177,59,21,6,263,0,18,61,30,109,177,77,82,36,372,2,12,14,386
07/18/2004,ABQ,NM,ASW,WE,Combined TRACON& Tower with Radar,188,63,23,14,288,0,15,87,3,105,188,78,110,17,393,6,0,6,399
07/19/2004,ABQ,NM,ASW,WE,Combined TRACON& Tower with Radar,214,97,32,26,369,0,37,65,47,149,214,134,97,73,518,10,42,52,570
07/20/2004,ABQ,NM,ASW,WE,Combined TRACON& Tower with Radar,218,120,36,18,392,0,52,67,48,167,218,172,103,66,559,4,4,8,567
07/21/2004,ABQ,NM,ASW,WE,Combined TRACON& Tower with Radar,221,112,27,10,370,0,46,61,67,174,221,158,88,77,544,14,28,42,586
07/22/2004,ABQ,NM,ASW,WE,Combined TRACON& Tower with Radar,228,124,39,25,416,0,43,74,65,182,228,167,113,90,598,18,34,52,650
07/23/2004,ABQ,NM,ASW,WE,Combined TRACON& Tower with Radar,223,139,49,19,430,0,36,57,74,167,223,175,106,93,597,8,46,54,651
07/24/2004,ABQ,NM,ASW,WE,Combined TRACON& Tower with Radar,190,74,26,12,302,0,13,55,28,96,190,87,81,40,398,4,20,24,422
07/25/2004,ABQ,NM,ASW,WE,Combined TRACON& Tower with Radar,191,76,45,13,325,0,8,46,1,55,191,84,91,14,380,20,4,24,404
07/26/2004,ABQ,NM,ASW,WE,Combined TRACON& Tower with Radar,217,111,26,9,363,0,28,55,45,128,217,139,81,54,491,0,8,8,499
07/27/2004,ABQ,NM,ASW,WE,Combined TRACON& Tower with Radar,220,132,32,9,393,0,39,74,65,178,220,171,106,74,571,24,54,78,649
07/28/2004,ABQ,NM,ASW,WE,Combined TRACON& Tower with Radar,216,118,51,15,400,0,41,78,101,220,216,159,129,116,620,10,25,35,655
07/29/2004,ABQ,NM,ASW,WE,Combined TRACON& Tower with Radar,220,120,51,10,401,0,49,89,82,220,220,169,140,92,621,5,56,61,682
07/30/2004,ABQ,NM,ASW,WE,Combined TRACON& Tower with Radar,229,118,27,26,400,0,68,79,61,208,229,186,106,87,608,10,44,54,662
07/31/2004,ABQ,NM,ASW,WE,Combined TRACON& Tower with Radar,186,65,26,25,302,0,19,75,44,138,186,84,101,69,440,9,45,54,494
08/01/2004,ABQ,NM,ASW,WE,Combined TRACON& Tower with Radar,183,68,37,10,298,0,14,89,2,105,183,82,126,12,403,16,2,18,421
08/02/2004,ABQ,NM,ASW,WE,Combined TRACON& Tower with Radar,219,111,21,9,360,0,20,47,16,83,219,131,68,25,443,8,6,14,457
08/03/2004,ABQ,NM,ASW,WE,Combined TRACON& Tower with Radar,224,107,38,10,379,0,49,82,52,183,224,156,120,62,562,22,4,26,588
08/04/2004,ABQ,NM,ASW,WE,Combined TRACON& Tower with Radar,220,115,34,15,384,0,42,69,74,185,220,157,103,89,569,2,20,22,591
08/05/2004,ABQ,NM,ASW,WE,Combined TRACON& Tower with Radar,227,115,36,14,392,0,44,82,48,174,227,159,118,62,566,12,40,52,618
08/06/2004,ABQ,NM,ASW,WE,Combined TRACON& Tower with Radar,224,118,42,26,410,7,42,85,60,194,231,160,127,86,604,26,29,55,659
08/07/2004,ABQ,NM,ASW,WE,Combined TRACON& Tower with Radar,184,71,24,15,294,3,24,80,19,126,187,95,104,34,420,14,24,38,458
08/08/2004,ABQ,NM,ASW,WE,Combined TRACON& Tower with Radar,203,63,32,12,310,0,16,90,9,115,203,79,122,21,425,12,4,16,441
08/09/2004,ABQ,NM,ASW,WE,Combined TRACON& Tower with Radar,213,90,37,15,355,0,33,82,19,134,213,123,119,34,489,8,0,8,497
08/10/2004,ABQ,NM,ASW,WE,Combined TRACON& Tower with Radar,216,110,30,11,367,0,51,102,47,200,216,161,132,58,567,4,20,24,591
08/11/2004,ABQ,NM,ASW,WE,Combined TRACON& Tower with Radar,222,118,38,10,388,6,58,67,103,234,228,176,105,113,622,19,92,111,733
08/12/2004,ABQ,NM,ASW,WE,Combined TRACON& Tower with Radar,232,106,42,22,402,0,46,87,77,210,232,152,129,99,612,14,103,117,729
08/13/2004,ABQ,NM,ASW,WE,Combined TRACON& Tower with Radar,227,108,40,22,397,0,36,89,84,209,227,144,129,106,606,4,72,76,682
08/14/2004,ABQ,NM,ASW,WE,Combined TRACON& Tower with Radar,184,71,41,4,300,0,16,59,25,100,184,87,100,29,400,6,16,22,422
08/15/2004,ABQ,NM,ASW,WE,Combined TRACON& Tower with Radar,200,67,20,8,295,0,7,60,2,69,200,74,80,10,364,12,4,16,380
08/16/2004,ABQ,NM,ASW,WE,Combined TRACON& Tower with Radar,215,109,37,11,372,0,31,76,41,148,215,140,113,52,520,10,14,24,544
08/17/2004,ABQ,NM,ASW,WE,Combined TRACON& Tower with Radar,223,111,47,18,399,0,36,93,70,199,223,147,140,88,598,4,26,30,628
08/18/2004,ABQ,NM,ASW,WE,Combined TRACON& Tower with Radar,219,114,42,6,381,0,36,90,74,200,219,150,132,80,581,12,54,66,647
08/19/2004,ABQ,NM,ASW,WE,Combined TRACON& Tower with Radar,215,101,51,19,386,0,38,82,51,171,215,139,133,70,557,0,30,30,587
08/20/2004,ABQ,NM,ASW,WE,Combined TRACON& Tower with Radar,233,112,39,19,403,0,44,95,78,217,233,156,134,97,620,6,60,66,686
08/21/2004,ABQ,NM,ASW,WE,Combined TRACON& Tower with Radar,181,77,19,12,289,0,19,86,7,112,181,96,105,19,401,2,10,12,413
08/22/2004,ABQ,NM,ASW,WE,Combined TRACON& Tower with Radar,197,67,20,23,307,0,9,85,3,97,197,76,105,26,404,8,6,14,418
08/23/2004,ABQ,NM,ASW,WE,Combined TRACON& Tower with Radar,216,104,39,18,377,0,35,80,41,156,216,139,119,59,533,8,26,34,567
08/24/2004,ABQ,NM,ASW,WE,Combined TRACON& Tower with Radar,223,109,39,15,386,0,41,74,64,179,223,150,113,79,565,38,32,70,635
08/25/2004,ABQ,NM,ASW,WE,Combined TRACON& Tower with Radar,222,109,28,15,374,0,47,102,48,197,222,156,130,63,571,2,48,50,621
08/26/2004,ABQ,NM,ASW,WE,Combined TRACON& Tower with Radar,226,116,38,26,406,0,50,77,58,185,226,166,115,84,591,8,18,26,617
08/27/2004,ABQ,NM,ASW,WE,Combined TRACON& Tower with Radar,221,115,51,35,422,0,57,88,73,218,221,172,139,108,640,48,61,109,749
08/28/2004,ABQ,NM,ASW,WE,Combined TRACON& Tower with Radar,180,70,19,8,277,0,17,46,6,69,180,87,65,14,346,2,2,4,350
08/29/2004,ABQ,NM,ASW,WE,Combined TRACON& Tower with Radar,193,68,19,10,290,0,15,84,0,99,193,83,103,10,389,11,0,11,400
08/30/2004,ABQ,NM,ASW,WE,Combined TRACON& Tower with Radar,218,106,30,20,374,0,33,79,30,142,218,139,109,50,516,16,12,28,544
08/31/2004,ABQ,NM,ASW,WE,Combined TRACON& Tower with Radar,218,107,50,9,384,0,36,70,58,164,218,143,120,67,548,4,50,54,602
09/01/2004,ABQ,NM,ASW,WE,Combined TRACON& Tower with Radar,202,108,28,10,348,19,53,127,52,251,221,161,155,62,599,20,48,68,667
09/02/2004,ABQ,NM,ASW,WE,Combined TRACON& Tower with Radar,204,105,42,7,358,19,47,109,52,227,223,152,151,59,585,16,16,32,617
09/03/2004,ABQ,NM,ASW,WE,Combined TRACON& Tower with Radar,202,106,41,19,368,19,48,94,36,197,221,154,135,55,565,10,26,36,601
09/04/2004,ABQ,NM,ASW,WE,Combined TRACON& Tower with Radar,157,67,39,3,266,19,14,59,22,114,176,81,98,25,380,8,48,56,436
09/05/2004,ABQ,NM,ASW,WE,Combined TRACON& Tower with Radar,137,50,32,3,222,19,15,63,0,97,156,65,95,3,319,24,0,24,343
09/06/2004,ABQ,NM,ASW,WE,Combined TRACON& Tower with Radar,164,73,32,3,272,19,22,78,0,119,183,95,110,3,391,8,0,8,399
09/07/2004,ABQ,NM,ASW,WE,Combined TRACON& Tower with Radar,194,89,32,15,330,19,37,77,39,172,213,126,109,54,502,6,17,23,525
09/08/2004,ABQ,NM,ASW,WE,Combined TRACON& Tower with Radar,196,105,30,21,352,19,46,105,68,238,215,151,135,89,590,14,34,48,638
09/09/2004,ABQ,NM,ASW,WE,Combined TRACON& Tower with Radar,200,114,37,14,365,19,46,93,63,221,219,160,130,77,586,6,18,24,610
09/10/2004,ABQ,NM,ASW,WE,Combined TRACON& Tower with Radar,205,110,32,20,367,19,48,104,65,236,224,158,136,85,603,20,66,86,689
09/11/2004,ABQ,NM,ASW,WE,Combined TRACON& Tower with Radar,160,53,23,29,265,19,28,120,25,192,179,81,143,54,457,17,36,53,510
09/12/2004,ABQ,NM,ASW,WE,Combined TRACON& Tower with Radar,179,64,28,20,291,19,13,79,9,120,198,77,107,29,411,4,10,14,425
09/13/2004,ABQ,NM,ASW,WE,Combined TRACON& Tower with Radar,212,106,30,16,364,0,35,65,43,143,212,141,95,59,507,8,16,24,531
09/14/2004,ABQ,NM,ASW,WE,Combined TRACON& Tower with Radar,238,102,47,26,413,0,49,86,63,198,238,151,133,89,611,8,8,16,627
09/15/2004,ABQ,NM,ASW,WE,Combined TRACON& Tower with Radar,242,112,39,21,414,0,54,104,85,243,242,166,143,106,657,4,58,62,719
09/16/2004,ABQ,NM,ASW,WE,Combined TRACON& Tower with Radar,222,113,45,42,422,0,54,75,64,193,222,167,120,106,615,4,28,32,647
09/17/2004,ABQ,NM,ASW,WE,Combined TRACON& Tower with Radar,224,111,56,31,422,0,57,99,84,240,224,168,155,115,662,22,96,118,780
09/18/2004,ABQ,NM,ASW,WE,Combined TRACON& Tower with Radar,171,60,34,21,286,3,26,60,27,116,174,86,94,48,402,2,22,24,426
09/19/2004,ABQ,NM,ASW,WE,Combined TRACON& Tower with Radar,196,68,32,18,314,0,4,15,4,23,196,72,47,22,337,10,0,10,347
09/20/2004,ABQ,NM,ASW,WE,Combined TRACON& Tower with Radar,213,96,51,14,374,0,34,54,36,124,213,130,105,50,498,4,10,14,512
09/21/2004,ABQ,NM,ASW,WE,Combined TRACON& Tower with Radar,219,110,50,16,395,0,52,70,57,179,219,162,120,73,574,4,20,24,598
09/22/2004,ABQ,NM,ASW,WE,Combined TRACON& Tower with Radar,228,99,62,15,404,0,54,95,57,206,228,153,157,72,610,6,26,32,642
09/23/2004,ABQ,NM,ASW,WE,Combined TRACON& Tower with Radar,221,114,30,17,382,0,50,117,63,230,221,164,147,80,612,15,26,41,653
09/24/2004,ABQ,NM,ASW,WE,Combined TRACON& Tower with Radar,225,102,36,29,392,0,46,108,74,228,225,148,144,103,620,20,83,103,723
09/25/2004,ABQ,NM,ASW,WE,Combined TRACON& Tower with Radar,176,57,16,11,260,0,23,60,32,115,176,80,76,43,375,12,22,34,409
09/26/2004,ABQ,NM,ASW,WE,Combined TRACON& Tower with Radar,184,65,42,16,307,0,9,59,10,78,184,74,101,26,385,6,8,14,399
09/27/2004,ABQ,NM,ASW,WE,Combined TRACON& Tower with Radar,214,118,38,7,377,0,28,61,21,110,214,146,99,28,487,16,2,18,505
09/28/2004,ABQ,NM,ASW,WE,Combined TRACON& Tower with Radar,224,135,43,14,416,0,37,89,29,155,224,172,132,43,571,20,8,28,599
09/29/2004,ABQ,NM,ASW,WE,Combined TRACON& Tower with Radar,222,133,46,9,410,0,20,48,2,70,222,153,94,11,480,4,4,8,488
09/30/2004,ABQ,NM,ASW,WE,Combined TRACON& Tower with Radar,229,123,45,7,404,0,38,79,24,141,229,161,124,31,545,18,0,18,563
10/01/2004,ABQ,NM,ASW,WE,Combined TRACON& Tower with Radar,223,116,54,15,408,0,41,143,10,194,223,157,197,25,602,22,8,30,632
10/02/2004,ABQ,NM,ASW,WE,Combined TRACON& Tower with Radar,174,71,28,3,276,0,16,79,12,107,174,87,107,15,383,6,2,8,391
10/03/2004,ABQ,NM,ASW,WE,Combined TRACON& Tower with Radar,192,72,27,10,301,0,12,70,5,87,192,84,97,15,388,10,4,14,402
10/04/2004,ABQ,NM,ASW,WE,Combined TRACON& Tower with Radar,214,104,55,14,387,0,27,73,48,148,214,131,128,62,535,30,10,40,575
10/05/2004,ABQ,NM,ASW,WE,Combined TRACON& Tower with Radar,232,130,44,8,414,0,21,16,45,82,232,151,60,53,496,16,24,40,536
10/06/2004,ABQ,NM,ASW,WE,Combined TRACON& Tower with Radar,225,119,56,17,417,0,28,60,74,162,225,147,116,91,579,6,36,42,621
10/07/2004,ABQ,NM,ASW,WE,Combined TRACON& Tower with Radar,222,112,55,20,409,0,51,92,66,209,222,163,147,86,618,12,40,52,670
10/08/2004,ABQ,NM,ASW,WE,Combined TRACON& Tower with Radar,222,119,50,24,415,0,45,122,70,237,222,164,172,94,652,12,49,61,713
10/09/2004,ABQ,NM,ASW,WE,Combined TRACON& Tower with Radar,178,67,42,5,292,0,21,115,13,149,178,88,157,18,441,18,0,18,459
10/10/2004,ABQ,NM,ASW,WE,Combined TRACON& Tower with Radar,198,61,55,5,319,0,16,71,4,91,198,77,126,9,410,4,2,6,416
10/11/2004,ABQ,NM,ASW,WE,Combined TRACON& Tower with Radar,216,104,67,6,393,0,16,18,4,38,216,120,85,10,431,0,0,0,431
10/12/2004,ABQ,NM,ASW,WE,Combined TRACON& Tower with Radar,229,117,37,21,404,0,37,54,48,139,229,154,91,69,543,8,14,22,565
10/13/2004,ABQ,NM,ASW,WE,Combined TRACON& Tower with Radar,228,119,57,16,420,0,30,32,60,122,228,149,89,76,542,0,32,32,574
10/14/2004,ABQ,NM,ASW,WE,Combined TRACON& Tower with Radar,225,120,48,12,405,0,25,50,79,154,225,145,98,91,559,22,20,42,601
10/15/2004,ABQ,NM,ASW,WE,Combined TRACON& Tower with Radar,229,118,50,34,431,0,49,110,111,270,229,167,160,145,701,8,47,55,756
10/16/2004,ABQ,NM,ASW,WE,Combined TRACON& Tower with Radar,175,65,33,13,286,0,26,78,38,142,175,91,111,51,428,9,38,47,475
10/17/2004,ABQ,NM,ASW,WE,Combined TRACON& Tower with Radar,195,73,33,29,330,0,4,51,16,71,195,77,84,45,401,6,2,8,409
10/18/2004,ABQ,NM,ASW,WE,Combined TRACON& Tower with Radar,213,99,40,24,376,0,27,42,49,118,213,126,82,73,494,24,18,42,536
10/19/2004,ABQ,NM,ASW,WE,Combined TRACON& Tower with Radar,228,109,37,17,391,0,51,77,70,198,228,160,114,87,589,14,78,92,681
10/20/2004,ABQ,NM,ASW,WE,Combined TRACON& Tower with Radar,220,112,64,25,421,0,50,70,42,162,220,162,134,67,583,6,16,22,605
10/21/2004,ABQ,NM,ASW,WE,Combined TRACON& Tower with Radar,230,117,72,18,437,0,39,65,74,178,230,156,137,92,615,6,53,59,674
10/22/2004,ABQ,NM,ASW,WE,Combined TRACON& Tower with Radar,222,114,61,42,439,0,38,38,61,137,222,152,99,103,576,4,46,50,626
10/23/2004,ABQ,NM,ASW,WE,Combined TRACON& Tower with Radar,183,68,31,11,293,0,22,72,29,123,183,90,103,40,416,14,0,14,430
10/24/2004,ABQ,NM,ASW,WE,Combined TRACON& Tower with Radar,195,60,30,14,299,0,6,83,8,97,195,66,113,22,396,18,0,18,414
10/25/2004,ABQ,NM,ASW,WE,Combined TRACON& Tower with Radar,219,118,41,18,396,0,34,65,34,133,219,152,106,52,529,4,14,18,547
10/26/2004,ABQ,NM,ASW,WE,Combined TRACON& Tower with Radar,227,123,46,8,404,0,24,42,60,126,227,147,88,68,530,6,46,52,582
10/27/2004,ABQ,NM,ASW,WE,Combined TRACON& Tower with Radar,221,135,54,10,420,0,26,32,70,128,221,161,86,80,548,10,16,26,574
10/28/2004,ABQ,NM,ASW,WE,Combined TRACON& Tower with Radar,224,115,48,27,414,0,38,54,50,142,224,153,102,77,556,2,6,8,564
10/29/2004,ABQ,NM,ASW,WE,Combined TRACON& Tower with Radar,230,130,41,40,441,0,37,86,37,160,230,167,127,77,601,14,12,26,627
10/30/2004,ABQ,NM,ASW,WE,Combined TRACON& Tower with Radar,182,64,21,7,274,0,12,86,20,118,182,76,107,27,392,24,4,28,420
10/31/2004,ABQ,NM,ASW,WE,Combined TRACON& Tower with Radar,183,71,39,29,322,0,12,54,15,81,183,83,93,44,403,0,0,0,403
11/01/2004,ABQ,NM,ASW,WE,Combined TRACON& Tower with Radar,197,122,36,14,369,0,18,26,5,49,197,140,62,19,418,2,0,2,420
11/02/2004,ABQ,NM,ASW,WE,Combined TRACON& Tower with Radar,212,108,41,22,383,0,33,73,51,157,212,141,114,73,540,26,6,32,572
11/03/2004,ABQ,NM,ASW,WE,Combined TRACON& Tower with Radar,211,110,53,11,385,0,46,86,58,190,211,156,139,69,575,18,20,38,613
11/04/2004,ABQ,NM,ASW,WE,Combined TRACON& Tower with Radar,206,101,47,13,367,0,40,83,92,215,206,141,130,105,582,4,20,24,606
11/05/2004,ABQ,NM,ASW,WE,Combined TRACON& Tower with Radar,213,111,32,20,376,0,51,114,78,243,213,162,146,98,619,14,70,84,703
11/06/2004,ABQ,NM,ASW,WE,Combined TRACON& Tower with Radar,171,61,18,19,269,0,23,104,23,150,171,84,122,42,419,32,32,64,483
11/07/2004,ABQ,NM,ASW,WE,Combined TRACON& Tower with Radar,184,65,43,20,312,0,8,69,6,83,184,73,112,26,395,8,0,8,403
11/08/2004,ABQ,NM,ASW,WE,Combined TRACON& Tower with Radar,205,110,40,18,373,0,39,60,59,158,205,149,100,77,531,10,30,40,571
11/09/2004,ABQ,NM,ASW,WE,Combined TRACON& Tower with Radar,208,128,62,20,418,0,36,47,71,154,208,164,109,91,572,3,34,37,609
11/10/2004,ABQ,NM,ASW,WE,Combined TRACON& Tower with Radar,215,112,48,15,390,0,44,69,83,196,215,156,117,98,586,4,24,28,614
11/11/2004,ABQ,NM,ASW,WE,Combined TRACON& Tower with Radar,213,107,69,6,395,0,42,77,71,190,213,149,146,77,585,2,25,27,612
11/12/2004,ABQ,NM,ASW,WE,Combined TRACON& Tower with Radar,211,124,43,25,403,0,23,58,19,100,211,147,101,44,503,2,16,18,521
11/13/2004,ABQ,NM,ASW,WE,Combined TRACON& Tower with Radar,175,74,42,5,296,0,0,0,8,8,175,74,42,13,304,0,0,0,304
11/14/2004,ABQ,NM,ASW,WE,Combined TRACON& Tower with Radar,183,61,25,5,274,0,2,3,12,17,183,63,28,17,291,0,0,0,291
11/15/2004,ABQ,NM,ASW,WE,Combined TRACON& Tower with Radar,200,133,39,20,392,0,12,40,43,95,200,145,79,63,487,14,22,36,523
11/16/2004,ABQ,NM,ASW,WE,Combined TRACON& Tower with Radar,214,153,51,19,437,0,16,53,77,146,214,169,104,96,583,8,8,16,599
11/17/2004,ABQ,NM,ASW,WE,Combined TRACON& Tower with Radar,209,121,58,23,411,0,44,97,64,205,209,165,155,87,616,33,15,48,664
11/18/2004,ABQ,NM,ASW,WE,Combined TRACON& Tower with Radar,210,128,50,23,411,0,56,135,72,263,210,184,185,95,674,4,4,8,682
11/19/2004,ABQ,NM,ASW,WE,Combined TRACON& Tower with Radar,215,112,57,39,423,0,41,87,32,160,215,153,144,71,583,7,24,31,614
11/20/2004,ABQ,NM,ASW,WE,Combined TRACON& Tower with Radar,176,72,27,10,285,0,5,56,7,68,176,77,83,17,353,14,10,24,377
11/21/2004,ABQ,NM,ASW,WE,Combined TRACON& Tower with Radar,185,76,47,23,331,0,6,17,3,26,185,82,64,26,357,10,14,24,381
11/22/2004,ABQ,NM,ASW,WE,Combined TRACON& Tower with Radar,198,121,41,15,375,0,7,48,35,90,198,128,89,50,465,4,12,16,481
11/23/2004,ABQ,NM,ASW,WE,Combined TRACON& Tower with Radar,220,141,42,16,419,0,13,14,26,53,220,154,56,42,472,0,6,6,478
11/24/2004,ABQ,NM,ASW,WE,Combined TRACON& Tower with Radar,211,142,50,5,408,0,45,86,24,155,211,187,136,29,563,4,14,18,581
11/25/2004,ABQ,NM,ASW,WE,Combined TRACON& Tower with Radar,156,65,14,0,235,0,12,44,0,56,156,77,58,0,291,0,0,0,291
11/26/2004,ABQ,NM,ASW,WE,Combined TRACON& Tower with Radar,167,96,20,2,285,0,41,53,5,99,167,137,73,7,384,10,0,10,394
11/27/2004,ABQ,NM,ASW,WE,Combined TRACON& Tower with Radar,167,69,20,0,256,0,16,92,8,116,167,85,112,8,372,16,0,16,388
11/28/2004,ABQ,NM,ASW,WE,Combined TRACON& Tower with Radar,189,76,47,4,316,0,3,12,0,15,189,79,59,4,331,0,0,0,331
11/29/2004,ABQ,NM,ASW,WE,Combined TRACON& Tower with Radar,206,118,31,11,366,0,3,3,16,22,206,121,34,27,388,14,4,18,406
11/30/2004,ABQ,NM,ASW,WE,Combined TRACON& Tower with Radar,213,132,39,20,404,0,41,70,31,142,213,173,109,51,546,18,8,26,572
12/01/2004,ABQ,NM,ASW,WE,Combined TRACON& Tower with Radar,210,131,48,22,411,0,48,102,61,211,210,179,150,83,622,4,14,18,640
12/02/2004,ABQ,NM,ASW,WE,Combined TRACON& Tower with Radar,212,118,54,20,404,0,53,88,71,212,212,171,142,91,616,6,19,25,641
12/03/2004,ABQ,NM,ASW,WE,Combined TRACON& Tower with Radar,212,124,26,51,413,0,53,125,75,253,212,177,151,126,666,12,60,72,738
12/04/2004,ABQ,NM,ASW,WE,Combined TRACON& Tower with Radar,168,73,31,21,293,0,21,66,24,111,168,94,97,45,404,2,6,8,412
12/05/2004,ABQ,NM,ASW,WE,Combined TRACON& Tower with Radar,184,76,24,18,302,0,12,29,15,56,184,88,53,33,358,0,0,0,358
12/06/2004,ABQ,NM,ASW,WE,Combined TRACON& Tower with Radar,197,128,32,3,360,0,4,10,9,23,197,132,42,12,383,2,4,6,389
12/07/2004,ABQ,NM,ASW,WE,Combined TRACON& Tower with Radar,212,131,52,24,419,0,44,64,59,167,212,175,116,83,586,8,12,20,606
12/08/2004,ABQ,NM,ASW,WE,Combined TRACON& Tower with Radar,210,146,40,27,423,0,29,81,87,197,210,175,121,114,620,6,16,22,642
12/09/2004,ABQ,NM,ASW,WE,Combined TRACON& Tower with Radar,218,138,24,21,401,0,49,85,77,211,218,187,109,98,612,15,22,37,649
12/10/2004,ABQ,NM,ASW,WE,Combined TRACON& Tower with Radar,211,124,20,62,417,0,60,114,83,257,211,184,134,145,674,9,68,77,751
12/11/2004,ABQ,NM,ASW,WE,Combined TRACON& Tower with Radar,174,85,27,27,313,0,14,100,55,169,174,99,127,82,482,8,56,64,546
12/12/2004,ABQ,NM,ASW,WE,Combined TRACON& Tower with Radar,185,74,27,36,322,0,16,61,30,107,185,90,88,66,429,8,44,52,481
12/13/2004,ABQ,NM,ASW,WE,Combined TRACON& Tower with Radar,203,115,30,22,370,0,41,72,46,159,203,156,102,68,529,0,18,18,547
12/14/2004,ABQ,NM,ASW,WE,Combined TRACON& Tower with Radar,208,128,52,19,407,0,49,84,85,218,208,177,136,104,625,4,34,38,663
12/15/2004,ABQ,NM,ASW,WE,Combined TRACON& Tower with Radar,212,118,29,10,369,0,52,93,92,237,212,170,122,102,606,6,54,60,666
12/16/2004,ABQ,NM,ASW,WE,Combined TRACON& Tower with Radar,205,158,38,21,422,0,37,33,57,127,205,195,71,78,549,6,18,24,573
12/17/2004,ABQ,NM,ASW,WE,Combined TRACON& Tower with Radar,217,129,35,33,414,0,37,99,62,198,217,166,134,95,612,15,24,39,651
12/18/2004,ABQ,NM,ASW,WE,Combined TRACON& Tower with Radar,181,61,13,6,261,0,20,74,15,109,181,81,87,21,370,10,6,16,386
12/19/2004,ABQ,NM,ASW,WE,Combined TRACON& Tower with Radar,187,74,9,12,282,0,18,77,1,96,187,92,86,13,378,10,0,10,388
12/20/2004,ABQ,NM,ASW,WE,Combined TRACON& Tower with Radar,197,120,17,15,349,0,32,72,46,150,197,152,89,61,499,0,4,4,503
12/21/2004,ABQ,NM,ASW,WE,Combined TRACON& Tower with Radar,220,146,36,16,418,0,26,37,57,120,220,172,73,73,538,6,30,36,574
12/22/2004,ABQ,NM,ASW,WE,Combined TRACON& Tower with Radar,203,146,30,5,384,0,21,34,39,94,203,167,64,44,478,2,20,22,500
12/23/2004,ABQ,NM,ASW,WE,Combined TRACON& Tower with Radar,201,137,38,3,379,0,35,35,11,81,201,172,73,14,460,2,12,14,474
12/24/2004,ABQ,NM,ASW,WE,Combined TRACON& Tower with Radar,211,107,13,0,331,0,47,57,8,112,211,154,70,8,443,6,0,6,449
12/25/2004,ABQ,NM,ASW,WE,Combined TRACON& Tower with Radar,179,53,7,0,239,0,21,27,1,49,179,74,34,1,288,0,0,0,288
12/26/2004,ABQ,NM,ASW,WE,Combined TRACON& Tower with Radar,200,85,25,0,310,0,4,57,0,61,200,89,82,0,371,0,0,0,371
12/27/2004,ABQ,NM,ASW,WE,Combined TRACON& Tower with Radar,203,114,31,12,360,0,33,60,45,138,203,147,91,57,498,6,16,22,520
12/28/2004,ABQ,NM,ASW,WE,Combined TRACON& Tower with Radar,213,131,18,21,383,0,37,65,30,132,213,168,83,51,515,8,12,20,535
12/29/2004,ABQ,NM,ASW,WE,Combined TRACON& Tower with Radar,209,142,35,8,394,0,21,20,17,58,209,163,55,25,452,2,2,4,456
12/30/2004,ABQ,NM,ASW,WE,Combined TRACON& Tower with Radar,299,168,52,15,534,0,30,68,22,120,299,198,120,37,654,4,18,22,676
12/31/2004,ABQ,NM,ASW,WE,Combined TRACON& Tower with Radar,198,124,19,0,341,0,42,84,9,135,198,166,103,9,476,6,0,6,482
01/01/2005,ABQ,NM,ASW,WE,Combined TRACON& Tower with Radar,174,48,15,0,237,0,13,37,6,56,174,61,52,6,293,0,0,0,293
01/02/2005,ABQ,NM,ASW,WE,Combined TRACON& Tower with Radar,188,93,34,8,323,0,10,31,1,42,188,103,65,9,365,2,0,2,367
01/03/2005,ABQ,NM,ASW,WE,Combined TRACON& Tower with Radar,208,130,42,14,394,0,7,6,9,22,208,137,48,23,416,6,6,12,428
01/04/2005,ABQ,NM,ASW,WE,Combined TRACON& Tower with Radar,203,150,43,22,418,0,5,6,29,40,203,155,49,51,458,0,12,12,470
01/05/2005,ABQ,NM,ASW,WE,Combined TRACON& Tower with Radar,209,148,60,15,432,0,13,27,57,97,209,161,87,72,529,2,4,6,535
01/06/2005,ABQ,NM,ASW,WE,Combined TRACON& Tower with Radar,211,129,35,15,390,0,35,81,68,184,211,164,116,83,574,10,39,49,623
01/07/2005,ABQ,NM,ASW,WE,Combined TRACON& Tower with Radar,205,143,33,46,427,0,46,78,77,201,205,189,111,123,628,4,49,53,681
01/08/2005,ABQ,NM,ASW,WE,Combined TRACON& Tower with Radar,168,68,15,39,290,0,18,40,32,90,168,86,55,71,380,18,18,36,416
01/09/2005,ABQ,NM,ASW,WE,Combined TRACON& Tower with Radar,185,69,22,14,290,0,8,25,8,41,185,77,47,22,331,2,0,2,333
01/10/2005,ABQ,NM,ASW,WE,Combined TRACON& Tower with Radar,197,122,37,25,381,0,24,55,48,127,197,146,92,73,508,0,14,14,522
01/11/2005,ABQ,NM,ASW,WE,Combined TRACON& Tower with Radar,207,130,39,16,392,0,38,38,46,122,207,168,77,62,514,8,14,22,536
01/12/2005,ABQ,NM,ASW,WE,Combined TRACON& Tower with Radar,198,159,43,36,436,0,31,20,78,129,198,190,63,114,565,2,34,36,601
01/13/2005,ABQ,NM,ASW,WE,Combined TRACON& Tower with Radar,208,136,41,30,415,0,49,94,84,227,208,185,135,114,642,7,24,31,673
01/14/2005,ABQ,NM,ASW,WE,Combined TRACON& Tower with Radar,203,123,49,53,428,0,50,118,84,252,203,173,167,137,680,16,54,70,750
01/15/2005,ABQ,NM,ASW,WE,Combined TRACON& Tower with Radar,167,78,26,6,277,0,26,120,18,164,167,104,146,24,441,6,2,8,449
01/16/2005,ABQ,NM,ASW,WE,Combined TRACON& Tower with Radar,179,77,17,7,280,0,9,60,3,72,179,86,77,10,352,2,2,4,356
01/17/2005,ABQ,NM,ASW,WE,Combined TRACON& Tower with Radar,195,88,29,14,326,0,31,40,0,71,195,119,69,14,397,12,4,16,413
01/18/2005,ABQ,NM,ASW,WE,Combined TRACON& Tower with Radar,201,119,31,17,368,0,38,57,59,154,201,157,88,76,522,3,14,17,539
01/19/2005,ABQ,NM,ASW,WE,Combined TRACON& Tower with Radar,202,129,32,16,379,0,39,88,72,199,202,168,120,88,578,16,49,65,643
01/20/2005,ABQ,NM,ASW,WE,Combined TRACON& Tower with Radar,204,123,37,22,386,0,43,47,63,153,204,166,84,85,539,2,6,8,547
01/21/2005,ABQ,NM,ASW,WE,Combined TRACON& Tower with Radar,201,121,35,26,383,0,41,80,84,205,201,162,115,110,588,3,29,32,620
01/22/2005,ABQ,NM,ASW,WE,Combined TRACON& Tower with Radar,169,71,18,13,271,0,22,61,22,105,169,93,79,35,376,12,0,12,388
01/23/2005,ABQ,NM,ASW,WE,Combined TRACON& Tower with Radar,182,72,15,21,290,0,11,74,6,91,182,83,89,27,381,8,0,8,389
01/24/2005,ABQ,NM,ASW,WE,Combined TRACON& Tower with Radar,200,121,47,26,394,0,23,44,36,103,200,144,91,62,497,0,12,12,509
01/25/2005,ABQ,NM,ASW,WE,Combined TRACON& Tower with Radar,210,130,31,35,406,0,24,61,68,153,210,154,92,103,559,8,32,40,599
01/26/2005,ABQ,NM,ASW,WE,Combined TRACON& Tower with Radar,197,149,41,8,395,0,30,42,73,145,197,179,83,81,540,2,10,12,552
01/27/2005,ABQ,NM,ASW,WE,Combined TRACON& Tower with Radar,215,151,43,10,419,0,1,3,30,34,215,152,46,40,453,6,0,6,459
01/28/2005,ABQ,NM,ASW,WE,Combined TRACON& Tower with Radar,206,142,53,44,445,0,35,80,79,194,206,177,133,123,639,28,46,74,713
01/29/2005,ABQ,NM,ASW,WE,Combined TRACON& Tower with Radar,165,73,33,13,284,0,27,40,14,81,165,100,73,27,365,8,7,15,380
01/30/2005,ABQ,NM,ASW,WE,Combined TRACON& Tower with Radar,175,82,43,9,309,0,0,12,0,12,175,82,55,9,321,0,0,0,321
01/31/2005,ABQ,NM,ASW,WE,Combined TRACON& Tower with Radar,196,130,44,13,383,0,7,13,15,35,196,137,57,28,418,2,4,6,424
02/01/2005,ABQ,NM,ASW,WE,Combined TRACON& Tower with Radar,205,152,56,17,430,0,11,27,59,97,205,163,83,76,527,5,19,24,551
02/02/2005,ABQ,NM,ASW,WE,Combined TRACON& Tower with Radar,201,127,45,26,399,0,32,76,62,170,201,159,121,88,569,10,19,29,598
02/03/2005,ABQ,NM,ASW,WE,Combined TRACON& Tower with Radar,210,105,48,26,389,0,40,88,90,218,210,145,136,116,607,18,26,44,651
02/04/2005,ABQ,NM,ASW,WE,Combined TRACON& Tower with Radar,210,111,56,34,411,0,55,89,90,234,210,166,145,124,645,12,10,22,667
02/05/2005,ABQ,NM,ASW,WE,Combined TRACON& Tower with Radar,171,86,28,25,310,0,16,23,31,70,171,102,51,56,380,6,62,68,448
02/06/2005,ABQ,NM,ASW,WE,Combined TRACON& Tower with Radar,183,60,15,18,276,0,10,15,8,33,183,70,30,26,309,2,4,6,315
02/07/2005,ABQ,NM,ASW,WE,Combined TRACON& Tower with Radar,200,125,58,18,401,0,0,10,6,16,200,125,68,24,417,2,4,6,423
02/08/2005,ABQ,NM,ASW,WE,Combined TRACON& Tower with Radar,210,146,52,20,428,0,24,33,40,97,210,170,85,60,525,0,8,8,533
02/09/2005,ABQ,NM,ASW,WE,Combined TRACON& Tower with Radar,205,121,40,24,390,0,47,68,79,194,205,168,108,103,584,0,62,62,646
02/10/2005,ABQ,NM,ASW,WE,Combined TRACON& Tower with Radar,210,139,51,41,441,0,35,71,72,178,210,174,122,113,619,12,18,30,649
02/11/2005,ABQ,NM,ASW,WE,Combined TRACON& Tower with Radar,208,133,56,34,431,0,4,2,28,34,208,137,58,62,465,6,14,20,485
02/12/2005,ABQ,NM,ASW,WE,Combined TRACON& Tower with Radar,185,86,24,7,302,0,5,1,15,21,185,91,25,22,323,6,6,12,335
02/13/2005,ABQ,NM,ASW,WE,Combined TRACON& Tower with Radar,177,62,24,28,291,0,9,46,13,68,177,71,70,41,359,0,0,0,359
02/14/2005,ABQ,NM,ASW,WE,Combined TRACON& Tower with Radar,199,98,24,20,341,0,37,70,30,137,199,135,94,50,478,10,10,20,498
02/15/2005,ABQ,NM,ASW,WE,Combined TRACON& Tower with Radar,208,122,46,23,399,0,36,66,58,160,208,158,112,81,559,2,22,24,583
02/16/2005,ABQ,NM,ASW,WE,Combined TRACON& Tower with Radar,206,129,43,25,403,0,21,58,53,132,206,150,101,78,535,8,2,10,545
02/17/2005,ABQ,NM,ASW,WE,Combined TRACON& Tower with Radar,210,113,50,30,403,0,38,56,63,157,210,151,106,93,560,14,6,20,580
02/18/2005,ABQ,NM,ASW,WE,Combined TRACON& Tower with Radar,206,136,32,24,398,0,3,3,58,64,206,139,35,82,462,5,22,27,489
02/19/2005,ABQ,NM,ASW,WE,Combined TRACON& Tower with Radar,176,90,23,7,296,0,4,15,16,35,176,94,38,23,331,4,2,6,337
02/20/2005,ABQ,NM,ASW,WE,Combined TRACON& Tower with Radar,181,66,29,10,286,0,1,12,8,21,181,67,41,18,307,2,2,4,311
02/21/2005,ABQ,NM,ASW,WE,Combined TRACON& Tower with Radar,196,87,41,7,331,0,27,62,9,98,196,114,103,16,429,10,0,10,439
02/22/2005,ABQ,NM,ASW,WE,Combined TRACON& Tower with Radar,212,127,49,15,403,0,25,59,51,135,212,152,108,66,538,8,10,18,556
02/23/2005,ABQ,NM,ASW,WE,Combined TRACON& Tower with Radar,214,135,44,21,414,0,24,41,57,122,214,159,85,78,536,0,14,14,550
02/24/2005,ABQ,NM,ASW,WE,Combined TRACON& Tower with Radar,211,147,55,19,432,0,7,11,62,80,211,154,66,81,512,12,0,12,524
02/25/2005,ABQ,NM,ASW,WE,Combined TRACON& Tower with Radar,206,142,62,36,446,0,9,32,52,93,206,151,94,88,539,2,32,34,573
02/26/2005,ABQ,NM,ASW,WE,Combined TRACON& Tower with Radar,179,74,29,15,297,0,6,47,29,82,179,80,76,44,379,16,14,30,409
02/27/2005,ABQ,NM,ASW,WE,Combined TRACON& Tower with Radar,182,66,30,20,298,0,19,62,8,89,182,85,92,28,387,4,0,4,391
02/28/2005,ABQ,NM,ASW,WE,Combined TRACON& Tower with Radar,200,99,42,16,357,0,35,81,15,131,200,134,123,31,488,10,2,12,500
03/01/2005,ABQ,NM,ASW,WE,Combined TRACON& Tower with Radar,214,119,36,17,386,0,36,41,30,107,214,155,77,47,493,14,6,20,513
03/02/2005,ABQ,NM,ASW,WE,Combined TRACON& Tower with Radar,212,121,31,12,376,0,41,79,62,182,212,162,110,74,558,0,4,4,562
03/03/2005,ABQ,NM,ASW,WE,Combined TRACON& Tower with Radar,213,118,45,12,388,0,33,60,69,162,213,151,105,81,550,4,12,16,566
03/04/2005,ABQ,NM,ASW,WE,Combined TRACON& Tower with Radar,211,108,44,14,377,0,50,89,66,205,211,158,133,80,582,11,22,33,615
03/05/2005,ABQ,NM,ASW,WE,Combined TRACON& Tower with Radar,173,74,23,6,276,0,9,33,22,64,173,83,56,28,340,6,0,6,346
03/06/2005,ABQ,NM,ASW,WE,Combined TRACON& Tower with Radar,185,78,33,22,318,0,0,15,0,15,185,78,48,22,333,4,4,8,341
03/07/2005,ABQ,NM,ASW,WE,Combined TRACON& Tower with Radar,203,108,31,12,354,0,28,96,21,145,203,136,127,33,499,30,0,30,529
03/08/2005,ABQ,NM,ASW,WE,Combined TRACON& Tower with Radar,216,114,44,6,380,0,36,52,35,123,216,150,96,41,503,10,10,20,523
03/09/2005,ABQ,NM,ASW,WE,Combined TRACON& Tower with Radar,211,111,39,6,367,0,46,101,71,218,211,157,140,77,585,10,14,24,609
03/10/2005,ABQ,NM,ASW,WE,Combined TRACON& Tower with Radar,215,114,43,15,387,0,38,73,64,175,215,152,116,79,562,12,12,24,586
03/11/2005,ABQ,NM,ASW,WE,Combined TRACON& Tower with Radar,219,118,33,36,406,0,38,108,58,204,219,156,141,94,610,8,20,28,638
03/12/2005,ABQ,NM,ASW,WE,Combined TRACON& Tower with Radar,175,70,25,25,295,0,30,114,24,168,175,100,139,49,463,10,0,10,473
03/13/2005,ABQ,NM,ASW,WE,Combined TRACON& Tower with Radar,187,78,25,40,330,0,12,56,15,83,187,90,81,55,413,12,18,30,443
03/14/2005,ABQ,NM,ASW,WE,Combined TRACON& Tower with Radar,198,99,33,10,340,0,0,2,8,10,198,99,35,18,350,0,0,0,350
03/15/2005,ABQ,NM,ASW,WE,Combined TRACON& Tower with Radar,213,140,36,7,396,0,3,4,11,18,213,143,40,18,414,0,2,2,416
03/16/2005,ABQ,NM,ASW,WE,Combined TRACON& Tower with Radar,216,136,58,15,425,0,37,85,78,200,216,173,143,93,625,13,29,42,667
03/17/2005,ABQ,NM,ASW,WE,Combined TRACON& Tower with Radar,212,118,49,20,399,0,55,42,89,186,212,173,91,109,585,6,6,12,597
03/18/2005,ABQ,NM,ASW,WE,Combined TRACON& Tower with Radar,220,108,47,37,412,0,40,55,88,183,220,148,102,125,595,6,68,74,669
03/19/2005,ABQ,NM,ASW,WE,Combined TRACON& Tower with Radar,176,91,33,7,307,0,7,37,36,80,176,98,70,43,387,21,14,35,422
03/20/2005,ABQ,NM,ASW,WE,Combined TRACON& Tower with Radar,189,89,45,8,331,0,3,24,13,40,189,92,69,21,371,2,0,2,373
03/21/2005,ABQ,NM,ASW,WE,Combined TRACON& Tower with Radar,206,103,26,18,353,0,0,0,0,0,206,103,26,18,353,2,6,8,361
03/22/2005,ABQ,NM,ASW,WE,Combined TRACON& Tower with Radar,226,97,24,29,376,0,41,54,54,149,226,138,78,83,525,6,26,32,557
03/23/2005,ABQ,NM,ASW,WE,Combined TRACON& Tower with Radar,228,106,38,17,389,0,31,63,67,161,228,137,101,84,550,3,40,43,593
03/24/2005,ABQ,NM,ASW,WE,Combined TRACON& Tower with Radar,221,143,86,33,483,0,39,64,59,162,221,182,150,92,645,10,15,25,670
03/25/2005,ABQ,NM,ASW,WE,Combined TRACON& Tower with Radar,195,158,54,15,422,0,7,8,61,76,195,165,62,76,498,0,26,26,524
03/26/2005,ABQ,NM,ASW,WE,Combined TRACON& Tower with Radar,189,90,43,0,322,0,5,13,17,35,189,95,56,17,357,2,4,6,363
03/27/2005,ABQ,NM,ASW,WE,Combined TRACON& Tower with Radar,195,158,54,15,422,0,7,8,61,76,195,165,62,76,498,0,26,26,524
03/28/2005,ABQ,NM,ASW,WE,Combined TRACON& Tower with Radar,196,97,34,15,342,0,36,61,42,139,196,133,95,57,481,10,14,24,505
03/29/2005,ABQ,NM,ASW,WE,Combined TRACON& Tower with Radar,221,132,39,10,402,0,36,24,85,145,221,168,63,95,547,0,44,44,591
03/30/2005,ABQ,NM,ASW,WE,Combined TRACON& Tower with Radar,205,119,43,13,380,0,36,41,80,157,205,155,84,93,537,2,16,18,555
03/31/2005,ABQ,NM,ASW,WE,Combined TRACON& Tower with Radar,214,119,43,51,427,0,32,42,92,166,214,151,85,143,593,1,4,5,598
04/01/2005,ABQ,NM,ASW,WE,Combined TRACON& Tower with Radar,216,117,53,28,414,0,49,80,50,179,216,166,133,78,593,22,4,26,619
04/02/2005,ABQ,NM,ASW,WE,Combined TRACON& Tower with Radar,178,72,17,27,294,0,30,96,17,143,178,102,113,44,437,6,8,14,451
04/03/2005,ABQ,NM,ASW,WE,Combined TRACON& Tower with Radar,176,66,26,27,295,0,16,70,5,91,176,82,96,32,386,10,0,10,396
04/04/2005,ABQ,NM,ASW,WE,Combined TRACON& Tower with Radar,210,98,34,18,360,0,28,53,14,95,210,126,87,32,455,6,2,8,463
04/05/2005,ABQ,NM,ASW,WE,Combined TRACON& Tower with Radar,215,115,37,9,376,0,53,27,33,113,215,168,64,42,489,2,3,5,494
04/06/2005,ABQ,NM,ASW,WE,Combined TRACON& Tower with Radar,219,111,39,32,401,0,51,81,79,211,219,162,120,111,612,18,64,82,694
04/07/2005,ABQ,NM,ASW,WE,Combined TRACON& Tower with Radar,218,118,39,26,401,0,55,73,54,182,218,173,112,80,583,6,10,16,599
04/08/2005,ABQ,NM,ASW,WE,Combined TRACON& Tower with Radar,210,116,36,15,377,0,42,57,58,157,210,158,93,73,534,4,36,40,574
04/09/2005,ABQ,NM,ASW,WE,Combined TRACON& Tower with Radar,178,72,29,9,288,0,26,31,34,91,178,98,60,43,379,26,62,88,467
04/10/2005,ABQ,NM,ASW,WE,Combined TRACON& Tower with Radar,169,68,25,11,273,0,5,8,0,13,169,73,33,11,286,0,0,0,286
04/11/2005,ABQ,NM,ASW,WE,Combined TRACON& Tower with Radar,210,99,27,10,346,0,38,51,26,115,210,137,78,36,461,8,6,14,475
04/12/2005,ABQ,NM,ASW,WE,Combined TRACON& Tower with Radar,213,126,44,25,408,0,57,105,55,217,213,183,149,80,625,10,50,60,685
04/13/2005,ABQ,NM,ASW,WE,Combined TRACON& Tower with Radar,214,112,32,28,386,0,66,102,70,238,214,178,134,98,624,2,54,56,680
04/14/2005,ABQ,NM,ASW,WE,Combined TRACON& Tower with Radar,218,119,48,13,398,0,39,88,82,209,218,158,136,95,607,12,8,20,627
04/15/2005,ABQ,NM,ASW,WE,Combined TRACON& Tower with Radar,219,116,33,34,402,0,47,91,62,200,219,163,124,96,602,10,73,83,685
04/16/2005,ABQ,NM,ASW,WE,Combined TRACON& Tower with Radar,173,65,26,18,282,0,29,48,21,98,173,94,74,39,380,12,18,30,410
04/17/2005,ABQ,NM,ASW,WE,Combined TRACON& Tower with Radar,184,77,28,10,299,0,17,55,2,74,184,94,83,12,373,0,4,4,377
04/18/2005,ABQ,NM,ASW,WE,Combined TRACON& Tower with Radar,212,111,25,15,363,0,23,68,36,127,212,134,93,51,490,6,14,20,510
04/19/2005,ABQ,NM,ASW,WE,Combined TRACON& Tower with Radar,216,126,29,14,385,0,47,62,71,180,216,173,91,85,565,8,34,42,607
04/20/2005,ABQ,NM,ASW,WE,Combined TRACON& Tower with Radar,218,112,40,17,387,0,34,64,63,161,218,146,104,80,548,14,24,38,586
04/21/2005,ABQ,NM,ASW,WE,Combined TRACON& Tower with Radar,216,120,42,16,394,0,46,69,58,173,216,166,111,74,567,12,0,12,579
04/22/2005,ABQ,NM,ASW,WE,Combined TRACON& Tower with Radar,213,122,35,27,397,0,50,118,72,240,213,172,153,99,637,14,59,73,710
04/23/2005,ABQ,NM,ASW,WE,Combined TRACON& Tower with Radar,213,122,35,27,397,0,50,118,72,240,213,172,153,99,637,14,59,73,710
04/24/2005,ABQ,NM,ASW,WE,Combined TRACON& Tower with Radar,185,81,32,10,308,0,9,11,0,20,185,90,43,10,328,0,0,0,328
04/25/2005,ABQ,NM,ASW,WE,Combined TRACON& Tower with Radar,206,129,49,18,402,0,20,29,42,91,206,149,78,60,493,8,40,48,541
04/26/2005,ABQ,NM,ASW,WE,Combined TRACON& Tower with Radar,220,129,46,19,414,0,59,52,96,207,220,188,98,115,621,11,80,91,712
04/27/2005,ABQ,NM,ASW,WE,Combined TRACON& Tower with Radar,215,122,58,12,407,0,44,58,81,183,215,166,116,93,590,17,50,67,657
04/28/2005,ABQ,NM,ASW,WE,Combined TRACON& Tower with Radar,222,120,69,25,436,0,47,52,57,156,222,167,121,82,592,0,4,4,596
04/29/2005,ABQ,NM,ASW,WE,Combined TRACON& Tower with Radar,219,119,48,37,423,0,45,43,48,136,219,164,91,85,559,0,24,24,583
04/30/2005,ABQ,NM,ASW,WE,Combined TRACON& Tower with Radar,172,69,33,7,281,0,26,86,12,124,172,95,119,19,405,24,0,24,429
05/01/2005,ABQ,NM,ASW,WE,Combined TRACON& Tower with Radar,195,80,31,32,338,0,21,44,9,74,195,101,75,41,412,12,18,30,442
05/02/2005,ABQ,NM,ASW,WE,Combined TRACON& Tower with Radar,210,126,31,18,385,0,18,33,42,93,210,144,64,60,478,14,10,24,502
05/03/2005,ABQ,NM,ASW,WE,Combined TRACON& Tower with Radar,211,129,36,23,399,0,31,32,74,137,211,160,68,97,536,17,52,69,605
05/04/2005,ABQ,NM,ASW,WE,Combined TRACON& Tower with Radar,220,127,43,24,414,0,34,92,74,200,220,161,135,98,614,37,42,79,693
05/05/2005,ABQ,NM,ASW,WE,Combined TRACON& Tower with Radar,225,109,49,35,418,0,57,95,94,246,225,166,144,129,664,12,8,20,684
05/06/2005,ABQ,NM,ASW,WE,Combined TRACON& Tower with Radar,222,124,48,29,423,0,59,51,33,143,222,183,99,62,566,8,6,14,580
05/07/2005,ABQ,NM,ASW,WE,Combined TRACON& Tower with Radar,179,62,32,14,287,0,24,81,14,119,179,86,113,28,406,33,0,33,439
05/08/2005,ABQ,NM,ASW,WE,Combined TRACON& Tower with Radar,186,73,25,14,298,0,22,59,8,89,186,95,84,22,387,26,0,26,413
05/09/2005,ABQ,NM,ASW,WE,Combined TRACON& Tower with Radar,210,108,49,22,389,0,39,62,37,138,210,147,111,59,527,12,14,26,553
05/10/2005,ABQ,NM,ASW,WE,Combined TRACON& Tower with Radar,216,115,43,16,390,0,50,87,44,181,216,165,130,60,571,10,12,22,593
05/11/2005,ABQ,NM,ASW,WE,Combined TRACON& Tower with Radar,221,118,49,24,412,0,48,61,48,157,221,166,110,72,569,10,14,24,593
05/12/2005,ABQ,NM,ASW,WE,Combined TRACON& Tower with Radar,211,113,49,37,410,0,37,99,26,162,211,150,148,63,572,18,34,52,624
05/13/2005,ABQ,NM,ASW,WE,Combined TRACON& Tower with Radar,223,124,26,31,404,0,47,92,60,199,223,171,118,91,603,5,16,21,624
05/14/2005,ABQ,NM,ASW,WE,Combined TRACON& Tower with Radar,181,70,22,15,288,0,24,49,13,86,181,94,71,28,374,22,2,24,398
05/15/2005,ABQ,NM,ASW,WE,Combined TRACON& Tower with Radar,187,72,34,32,325,0,12,98,0,110,187,84,132,32,435,26,2,28,463
05/16/2005,ABQ,NM,ASW,WE,Combined TRACON& Tower with Radar,213,109,45,18,385,0,34,82,14,130,213,143,127,32,515,10,22,32,547
05/17/2005,ABQ,NM,ASW,WE,Combined TRACON& Tower with Radar,218,120,52,15,405,0,52,65,42,159,218,172,117,57,564,8,2,10,574
05/18/2005,ABQ,NM,ASW,WE,Combined TRACON& Tower with Radar,221,112,42,18,393,0,51,98,81,230,221,163,140,99,623,10,52,62,685
05/19/2005,ABQ,NM,ASW,WE,Combined TRACON& Tower with Radar,217,115,44,21,397,1,61,116,68,246,218,176,160,89,643,4,20,24,667
05/20/2005,ABQ,NM,ASW,WE,Combined TRACON& Tower with Radar,226,104,33,42,405,0,58,96,60,214,226,162,129,102,619,8,50,58,677
05/21/2005,ABQ,NM,ASW,WE,Combined TRACON& Tower with Radar,175,65,24,10,274,0,35,95,30,160,175,100,119,40,434,22,27,49,483
05/22/2005,ABQ,NM,ASW,WE,Combined TRACON& Tower with Radar,185,65,42,29,321,0,21,78,13,112,185,86,120,42,433,28,0,28,461
05/23/2005,ABQ,NM,ASW,WE,Combined TRACON& Tower with Radar,209,116,54,37,416,0,36,70,16,122,209,152,124,53,538,12,0,12,550
05/24/2005,ABQ,NM,ASW,WE,Combined TRACON& Tower with Radar,214,108,46,17,385,0,47,72,60,179,214,155,118,77,564,15,32,47,611
05/25/2005,ABQ,NM,ASW,WE,Combined TRACON& Tower with Radar,219,126,66,20,431,0,59,81,79,219,219,185,147,99,650,25,54,79,729
05/26/2005,ABQ,NM,ASW,WE,Combined TRACON& Tower with Radar,221,125,54,25,425,0,41,57,50,148,221,166,111,75,573,7,8,15,588
05/27/2005,ABQ,NM,ASW,WE,Combined TRACON& Tower with Radar,217,120,43,22,402,0,42,95,41,178,217,162,138,63,580,12,13,25,605
05/28/2005,ABQ,NM,ASW,WE,Combined TRACON& Tower with Radar,178,61,19,3,261,0,16,80,49,145,178,77,99,52,406,8,10,18,424
05/29/2005,ABQ,NM,ASW,WE,Combined TRACON& Tower with Radar,176,55,17,8,256,0,18,38,5,61,176,73,55,13,317,6,0,6,323
05/30/2005,ABQ,NM,ASW,WE,Combined TRACON& Tower with Radar,186,68,31,9,294,0,16,60,6,82,186,84,91,15,376,16,2,18,394
05/31/2005,ABQ,NM,ASW,WE,Combined TRACON& Tower with Radar,213,97,26,4,340,0,38,82,35,155,213,135,108,39,495,10,8,18,513
06/01/2005,ABQ,NM,ASW,WE,Combined TRACON& Tower with Radar,227,114,38,17,396,0,45,59,66,170,227,159,97,83,566,22,44,66,632
06/02/2005,ABQ,NM,ASW,WE,Combined TRACON& Tower with Radar,224,116,44,13,397,0,55,102,69,226,224,171,146,82,623,16,41,57,680
06/03/2005,ABQ,NM,ASW,WE,Combined TRACON& Tower with Radar,234,105,35,18,392,0,55,93,75,223,234,160,128,93,615,8,36,44,659
06/04/2005,ABQ,NM,ASW,WE,Combined TRACON& Tower with Radar,178,69,28,20,295,0,22,81,19,122,178,91,109,39,417,16,10,26,443
06/05/2005,ABQ,NM,ASW,WE,Combined TRACON& Tower with Radar,186,72,24,15,297,0,13,68,13,94,186,85,92,28,391,14,12,26,417
06/06/2005,ABQ,NM,ASW,WE,Combined TRACON& Tower with Radar,216,101,36,17,370,0,41,62,17,120,216,142,98,34,490,2,2,4,494
06/07/2005,ABQ,NM,ASW,WE,Combined TRACON& Tower with Radar,217,105,32,14,368,0,56,84,60,200,217,161,116,74,568,10,12,22,590
06/08/2005,ABQ,NM,ASW,WE,Combined TRACON& Tower with Radar,217,120,38,13,388,0,52,101,62,215,217,172,139,75,603,13,2,15,618
06/09/2005,ABQ,NM,ASW,WE,Combined TRACON& Tower with Radar,224,111,57,25,417,0,73,96,70,239,224,184,153,95,656,20,2,22,678
06/10/2005,ABQ,NM,ASW,WE,Combined TRACON& Tower with Radar,222,122,52,15,411,0,50,98,74,222,222,172,150,89,633,12,45,57,690
06/11/2005,ABQ,NM,ASW,WE,Combined TRACON& Tower with Radar,198,78,24,6,306,0,36,101,24,161,198,114,125,30,467,22,28,50,517
06/12/2005,ABQ,NM,ASW,WE,Combined TRACON& Tower with Radar,197,85,33,17,332,0,8,77,5,90,197,93,110,22,422,12,0,12,434
06/13/2005,ABQ,NM,ASW,WE,Combined TRACON& Tower with Radar,207,117,30,5,359,0,43,65,28,136,207,160,95,33,495,0,4,4,499
06/14/2005,ABQ,NM,ASW,WE,Combined TRACON& Tower with Radar,220,119,34,8,381,0,44,79,60,183,220,163,113,68,564,16,32,48,612
06/15/2005,ABQ,NM,ASW,WE,Combined TRACON& Tower with Radar,227,116,39,23,405,0,49,77,39,165,227,165,116,62,570,42,2,44,614
06/16/2005,ABQ,NM,ASW,WE,Combined TRACON& Tower with Radar,224,123,39,18,404,0,60,81,64,205,224,183,120,82,609,10,0,10,619
06/17/2005,ABQ,NM,ASW,WE,Combined TRACON& Tower with Radar,226,117,53,22,418,0,56,103,60,219,226,173,156,82,637,16,30,46,683
06/18/2005,ABQ,NM,ASW,WE,Combined TRACON& Tower with Radar,188,81,19,14,302,0,18,85,11,114,188,99,104,25,416,36,2,38,454
06/19/2005,ABQ,NM,ASW,WE,Combined TRACON& Tower with Radar,197,83,20,11,311,0,12,52,4,68,197,95,72,15,379,16,6,22,401
06/20/2005,ABQ,NM,ASW,WE,Combined TRACON& Tower with Radar,211,119,34,5,369,0,32,59,27,118,211,151,93,32,487,10,4,14,501
06/21/2005,ABQ,NM,ASW,WE,Combined TRACON& Tower with Radar,222,112,44,14,392,0,47,57,51,155,222,159,101,65,547,38,8,46,593
06/22/2005,ABQ,NM,ASW,WE,Combined TRACON& Tower with Radar,216,120,44,12,392,0,63,90,67,220,216,183,134,79,612,8,52,60,672
06/23/2005,ABQ,NM,ASW,WE,Combined TRACON& Tower with Radar,225,126,49,18,418,0,46,109,57,212,225,172,158,75,630,16,18,34,664
06/24/2005,ABQ,NM,ASW,WE,Combined TRACON& Tower with Radar,226,117,40,24,407,0,56,81,35,172,226,173,121,59,579,11,6,17,596
06/25/2005,ABQ,NM,ASW,WE,Combined TRACON& Tower with Radar,192,73,41,10,316,0,27,63,11,101,192,100,104,21,417,28,4,32,449
06/26/2005,ABQ,NM,ASW,WE,Combined TRACON& Tower with Radar,197,85,31,14,327,0,18,65,8,91,197,103,96,22,418,14,4,18,436
06/27/2005,ABQ,NM,ASW,WE,Combined TRACON& Tower with Radar,208,115,29,19,371,0,55,70,28,153,208,170,99,47,524,6,4,10,534
06/28/2005,ABQ,NM,ASW,WE,Combined TRACON& Tower with Radar,220,114,44,12,390,0,49,68,68,185,220,163,112,80,575,6,52,58,633
06/29/2005,ABQ,NM,ASW,WE,Combined TRACON& Tower with Radar,221,117,40,13,391,0,55,63,44,162,221,172,103,57,553,18,8,26,579
06/30/2005,ABQ,NM,ASW,WE,Combined TRACON& Tower with Radar,214,130,36,29,409,0,50,93,70,213,214,180,129,99,622,14,62,76,698
07/01/2005,ABQ,NM,ASW,WE,Combined TRACON& Tower with Radar,221,120,34,26,401,0,48,93,26,167,221,168,127,52,568,12,4,16,584
07/02/2005,ABQ,NM,ASW,WE,Combined TRACON& Tower with Radar,192,78,28,1,299,0,15,64,20,99,192,93,92,21,398,14,0,14,412
07/03/2005,ABQ,NM,ASW,WE,Combined TRACON& Tower with Radar,174,67,17,1,259,0,9,52,15,76,174,76,69,16,335,16,0,16,351
07/04/2005,ABQ,NM,ASW,WE,Combined TRACON& Tower with Radar,161,58,18,5,242,0,6,41,5,52,161,64,59,10,294,2,0,2,296
07/05/2005,ABQ,NM,ASW,WE,Combined TRACON& Tower with Radar,206,106,32,22,366,0,26,60,63,149,206,132,92,85,515,12,18,30,545
07/06/2005,ABQ,NM,ASW,WE,Combined TRACON& Tower with Radar,228,126,51,22,427,0,48,93,73,214,228,174,144,95,641,14,30,44,685
07/07/2005,ABQ,NM,ASW,WE,Combined TRACON& Tower with Radar,219,130,64,20,433,0,37,87,74,198,219,167,151,94,631,10,29,39,670
07/08/2005,ABQ,NM,ASW,WE,Combined TRACON& Tower with Radar,221,135,28,30,414,0,39,106,81,226,221,174,134,111,640,5,12,17,657
07/09/2005,ABQ,NM,ASW,WE,Combined TRACON& Tower with Radar,192,75,30,8,305,0,10,91,57,158,192,85,121,65,463,13,38,51,514
07/10/2005,ABQ,NM,ASW,WE,Combined TRACON& Tower with Radar,202,77,30,19,328,0,10,74,25,109,202,87,104,44,437,0,0,0,437
07/11/2005,ABQ,NM,ASW,WE,Combined TRACON& Tower with Radar,220,118,49,16,403,0,24,56,25,105,220,142,105,41,508,22,0,22,530
07/12/2005,ABQ,NM,ASW,WE,Combined TRACON& Tower with Radar,223,127,53,23,426,0,39,75,58,172,223,166,128,81,598,4,0,4,602
07/13/2005,ABQ,NM,ASW,WE,Combined TRACON& Tower with Radar,220,133,51,18,422,0,39,81,85,205,220,172,132,103,627,38,30,68,695
07/14/2005,ABQ,NM,ASW,WE,Combined TRACON& Tower with Radar,225,105,43,30,403,0,55,127,73,255,225,160,170,103,658,14,65,79,737
07/15/2005,ABQ,NM,ASW,WE,Combined TRACON& Tower with Radar,225,101,46,31,403,0,44,79,80,203,225,145,125,111,606,24,47,71,677
07/16/2005,ABQ,NM,ASW,WE,Combined TRACON& Tower with Radar,196,79,31,12,318,0,14,89,20,123,196,93,120,32,441,3,18,21,462
07/17/2005,ABQ,NM,ASW,WE,Combined TRACON& Tower with Radar,192,64,26,10,292,0,2,70,10,82,192,66,96,20,374,7,0,7,381
07/18/2005,ABQ,NM,ASW,WE,Combined TRACON& Tower with Radar,215,114,46,18,393,0,23,90,53,166,215,137,136,71,559,18,18,36,595
07/19/2005,ABQ,NM,ASW,WE,Combined TRACON& Tower with Radar,222,121,46,23,412,0,36,84,53,173,222,157,130,76,585,15,36,51,636
07/20/2005,ABQ,NM,ASW,WE,Combined TRACON& Tower with Radar,217,123,55,23,418,0,44,93,81,218,217,167,148,104,636,16,32,48,684
07/21/2005,ABQ,NM,ASW,WE,Combined TRACON& Tower with Radar,225,109,67,32,433,0,50,123,114,287,225,159,190,146,720,13,0,13,733
07/22/2005,ABQ,NM,ASW,WE,Combined TRACON& Tower with Radar,223,123,67,41,454,0,43,131,79,253,223,166,198,120,707,26,4,30,737
07/23/2005,ABQ,NM,ASW,WE,Combined TRACON& Tower with Radar,193,72,27,7,299,0,21,115,31,167,193,93,142,38,466,44,6,50,516
07/24/2005,ABQ,NM,ASW,WE,Combined TRACON& Tower with Radar,199,62,41,5,307,0,2,96,12,110,199,64,137,17,417,16,0,16,433
07/25/2005,ABQ,NM,ASW,WE,Combined TRACON& Tower with Radar,210,102,30,13,355,0,22,56,54,132,210,124,86,67,487,2,10,12,499
07/26/2005,ABQ,NM,ASW,WE,Combined TRACON& Tower with Radar,221,112,43,15,391,0,36,83,87,206,221,148,126,102,597,31,57,88,685
07/27/2005,ABQ,NM,ASW,WE,Combined TRACON& Tower with Radar,222,115,70,23,430,0,41,68,86,195,222,156,138,109,625,14,28,42,667
07/28/2005,ABQ,NM,ASW,WE,Combined TRACON& Tower with Radar,225,114,63,21,423,0,42,116,57,215,225,156,179,78,638,34,10,44,682
07/29/2005,ABQ,NM,ASW,WE,Combined TRACON& Tower with Radar,231,121,52,59,463,0,43,88,79,210,231,164,140,138,673,4,56,60,733
07/30/2005,ABQ,NM,ASW,WE,Combined TRACON& Tower with Radar,199,69,35,9,312,0,14,105,25,144,199,83,140,34,456,9,2,11,467
07/31/2005,ABQ,NM,ASW,WE,Combined TRACON& Tower with Radar,200,76,45,10,331,0,4,79,18,101,200,80,124,28,432,26,2,28,460
08/01/2005,ABQ,NM,ASW,WE,Combined TRACON& Tower with Radar,210,106,32,17,365,0,34,53,34,121,210,140,85,51,486,22,8,30,516
08/02/2005,ABQ,NM,ASW,WE,Combined TRACON& Tower with Radar,225,113,40,34,412,0,47,102,76,225,225,160,142,110,637,12,56,68,705
08/03/2005,ABQ,NM,ASW,WE,Combined TRACON& Tower with Radar,256,109,51,30,446,0,41,95,87,223,256,150,146,117,669,20,30,50,719
08/04/2005,ABQ,NM,ASW,WE,Combined TRACON& Tower with Radar,221,99,47,30,397,0,41,81,54,176,221,140,128,84,573,2,12,14,587
08/05/2005,ABQ,NM,ASW,WE,Combined TRACON& Tower with Radar,220,124,47,33,424,0,21,63,62,146,220,145,110,95,570,8,36,44,614
08/06/2005,ABQ,NM,ASW,WE,Combined TRACON& Tower with Radar,193,75,30,26,324,0,11,61,41,113,193,86,91,67,437,20,46,66,503
08/07/2005,ABQ,NM,ASW,WE,Combined TRACON& Tower with Radar,191,67,34,26,318,0,3,63,7,73,191,70,97,33,391,24,18,42,433
08/08/2005,ABQ,NM,ASW,WE,Combined TRACON& Tower with Radar,213,103,48,18,382,0,33,39,22,94,213,136,87,40,476,8,0,8,484
08/09/2005,ABQ,NM,ASW,WE,Combined TRACON& Tower with Radar,217,107,62,25,411,0,37,81,46,164,217,144,143,71,575,15,27,42,617
08/10/2005,ABQ,NM,ASW,WE,Combined TRACON& Tower with Radar,224,103,48,12,387,0,40,97,60,197,224,143,145,72,584,4,13,17,601
08/11/2005,ABQ,NM,ASW,WE,Combined TRACON& Tower with Radar,220,119,51,30,420,0,40,66,60,166,220,159,117,90,586,20,20,40,626
08/12/2005,ABQ,NM,ASW,WE,Combined TRACON& Tower with Radar,225,118,56,21,420,0,27,63,26,116,225,145,119,47,536,6,2,8,544
08/13/2005,ABQ,NM,ASW,WE,Combined TRACON& Tower with Radar,192,72,35,12,311,0,24,62,23,109,192,96,97,35,420,17,26,43,463
08/14/2005,ABQ,NM,ASW,WE,Combined TRACON& Tower with Radar,192,72,35,12,311,0,24,62,23,109,192,96,97,35,420,17,26,43,463
08/15/2005,ABQ,NM,ASW,WE,Combined TRACON& Tower with Radar,207,128,50,17,402,0,16,62,46,124,207,144,112,63,526,16,2,18,544
08/16/2005,ABQ,NM,ASW,WE,Combined TRACON& Tower with Radar,208,109,53,21,391,0,53,73,76,202,208,162,126,97,593,20,36,56,649
08/17/2005,ABQ,NM,ASW,WE,Combined TRACON& Tower with Radar,219,123,47,17,406,0,46,72,59,177,219,169,119,76,583,10,36,46,629
08/18/2005,ABQ,NM,ASW,WE,Combined TRACON& Tower with Radar,218,115,41,28,402,0,46,100,57,203,218,161,141,85,605,18,22,40,645
08/19/2005,ABQ,NM,ASW,WE,Combined TRACON& Tower with Radar,216,109,51,22,398,0,32,78,54,164,216,141,129,76,562,20,16,36,598
08/20/2005,ABQ,NM,ASW,WE,Combined TRACON& Tower with Radar,191,81,43,23,338,0,13,67,35,115,191,94,110,58,453,22,34,56,509
08/21/2005,ABQ,NM,ASW,WE,Combined TRACON& Tower with Radar,193,71,35,21,320,0,4,62,18,84,193,75,97,39,404,10,14,24,428
08/22/2005,ABQ,NM,ASW,WE,Combined TRACON& Tower with Radar,209,97,59,23,388,0,35,74,52,161,209,132,133,75,549,32,13,45,594
08/23/2005,ABQ,NM,ASW,WE,Combined TRACON& Tower with Radar,216,108,38,22,384,0,42,60,57,159,216,150,98,79,543,2,32,34,577
08/24/2005,ABQ,NM,ASW,WE,Combined TRACON& Tower with Radar,215,117,51,23,406,0,39,76,57,172,215,156,127,80,578,12,30,42,620
08/25/2005,ABQ,NM,ASW,WE,Combined TRACON& Tower with Radar,215,99,39,24,377,0,50,87,44,181,215,149,126,68,558,4,10,14,572
08/26/2005,ABQ,NM,ASW,WE,Combined TRACON& Tower with Radar,224,102,47,29,402,0,57,123,65,245,224,159,170,94,647,31,42,73,720
08/27/2005,ABQ,NM,ASW,WE,Combined TRACON& Tower with Radar,193,80,39,9,321,0,24,96,31,151,193,104,135,40,472,50,6,56,528
08/28/2005,ABQ,NM,ASW,WE,Combined TRACON& Tower with Radar,189,69,31,12,301,0,6,76,9,91,189,75,107,21,392,12,8,20,412
08/29/2005,ABQ,NM,ASW,WE,Combined TRACON& Tower with Radar,203,100,35,10,348,0,26,72,48,146,203,126,107,58,494,6,0,6,500
08/30/2005,ABQ,NM,ASW,WE,Combined TRACON& Tower with Radar,216,122,34,22,394,0,51,88,67,206,216,173,122,89,600,6,30,36,636
08/31/2005,ABQ,NM,ASW,WE,Combined TRACON& Tower with Radar,212,119,43,26,400,0,44,72,53,169,212,163,115,79,569,9,20,29,598
09/01/2005,ABQ,NM,ASW,WE,Combined TRACON& Tower with Radar,216,121,56,13,406,0,38,67,48,153,216,159,123,61,559,6,2,8,567
09/02/2005,ABQ,NM,ASW,WE,Combined TRACON& Tower with Radar,215,108,61,19,403,0,43,77,53,173,215,151,138,72,576,19,8,27,603
09/03/2005,ABQ,NM,ASW,WE,Combined TRACON& Tower with Radar,187,69,39,9,304,0,20,46,8,74,187,89,85,17,378,25,4,29,407
09/04/2005,ABQ,NM,ASW,WE,Combined TRACON& Tower with Radar,163,55,21,7,246,0,2,33,15,50,163,57,54,22,296,8,2,10,306
09/05/2005,ABQ,NM,ASW,WE,Combined TRACON& Tower with Radar,193,79,38,5,315,0,4,49,10,63,193,83,87,15,378,4,0,4,382
09/06/2005,ABQ,NM,ASW,WE,Combined TRACON& Tower with Radar,207,101,42,16,366,0,23,47,41,111,207,124,89,57,477,2,0,2,479
09/07/2005,ABQ,NM,ASW,WE,Combined TRACON& Tower with Radar,215,118,71,20,424,0,33,36,49,118,215,151,107,69,542,4,8,12,554
09/08/2005,ABQ,NM,ASW,WE,Combined TRACON& Tower with Radar,218,107,50,22,397,0,38,65,79,182,218,145,115,101,579,0,29,29,608
09/09/2005,ABQ,NM,ASW,WE,Combined TRACON& Tower with Radar,219,123,62,48,452,0,41,79,44,164,219,164,141,92,616,22,18,40,656
09/10/2005,ABQ,NM,ASW,WE,Combined TRACON& Tower with Radar,189,59,20,31,299,0,10,72,44,126,189,69,92,75,425,6,28,34,459
09/11/2005,ABQ,NM,ASW,WE,Combined TRACON& Tower with Radar,192,69,27,18,306,0,24,57,19,100,192,93,84,37,406,12,4,16,422
09/12/2005,ABQ,NM,ASW,WE,Combined TRACON& Tower with Radar,201,92,43,18,354,0,60,59,46,165,201,152,102,64,519,24,0,24,543
09/13/2005,ABQ,NM,ASW,WE,Combined TRACON& Tower with Radar,215,114,47,19,395,1,84,79,80,244,216,198,126,99,639,80,20,100,739
09/14/2005,ABQ,NM,ASW,WE,Combined TRACON& Tower with Radar,214,109,57,29,409,0,93,74,74,241,214,202,131,103,650,56,16,72,722
09/15/2005,ABQ,NM,ASW,WE,Combined TRACON& Tower with Radar,215,107,54,25,401,1,64,104,68,237,216,171,158,93,638,34,8,42,680
09/16/2005,ABQ,NM,ASW,WE,Combined TRACON& Tower with Radar,222,110,63,42,437,0,59,77,74,210,222,169,140,116,647,8,44,52,699
09/17/2005,ABQ,NM,ASW,WE,Combined TRACON& Tower with Radar,179,67,35,39,320,0,36,88,40,164,179,103,123,79,484,53,52,105,589
09/18/2005,ABQ,NM,ASW,WE,Combined TRACON& Tower with Radar,189,60,38,53,340,0,5,75,13,93,189,65,113,66,433,6,12,18,451
09/19/2005,ABQ,NM,ASW,WE,Combined TRACON& Tower with Radar,206,91,44,20,361,0,35,90,24,149,206,126,134,44,510,22,2,24,534
09/20/2005,ABQ,NM,ASW,WE,Combined TRACON& Tower with Radar,222,99,42,18,381,0,51,52,41,144,222,150,94,59,525,0,0,0,525
09/21/2005,ABQ,NM,ASW,WE,Combined TRACON& Tower with Radar,216,103,58,26,403,0,45,63,62,170,216,148,121,88,573,10,18,28,601
09/22/2005,ABQ,NM,ASW,WE,Combined TRACON& Tower with Radar,212,104,67,28,411,1,37,64,81,183,213,141,131,109,594,18,52,70,664
09/23/2005,ABQ,NM,ASW,WE,Combined TRACON& Tower with Radar,209,114,37,34,394,0,45,65,49,159,209,159,102,83,553,28,10,38,591
09/24/2005,ABQ,NM,ASW,WE,Combined TRACON& Tower with Radar,174,61,16,16,267,0,28,58,21,107,174,89,74,37,374,16,0,16,390
09/25/2005,ABQ,NM,ASW,WE,Combined TRACON& Tower with Radar,188,54,20,19,281,0,7,68,13,88,188,61,88,32,369,24,0,24,393
09/26/2005,ABQ,NM,ASW,WE,Combined TRACON& Tower with Radar,208,100,30,12,350,0,48,73,38,159,208,148,103,50,509,15,22,37,546
09/27/2005,ABQ,NM,ASW,WE,Combined TRACON& Tower with Radar,212,99,58,14,383,0,60,73,49,182,212,159,131,63,565,50,4,54,619
09/28/2005,ABQ,NM,ASW,WE,Combined TRACON& Tower with Radar,222,113,56,15,406,0,33,45,39,117,222,146,101,54,523,8,28,36,559
09/29/2005,ABQ,NM,ASW,WE,Combined TRACON& Tower with Radar,223,129,57,17,426,0,3,14,18,35,223,132,71,35,461,2,8,10,471
09/30/2005,ABQ,NM,ASW,WE,Combined TRACON& Tower with Radar,230,110,61,19,420,0,41,107,12,160,230,151,168,31,580,16,6,22,602
10/01/2005,ABQ,NM,ASW,WE,Combined TRACON& Tower with Radar,184,67,37,10,298,0,18,86,26,130,184,85,123,36,428,10,8,18,446
10/02/2005,ABQ,NM,ASW,WE,Combined TRACON& Tower with Radar,189,60,27,17,293,0,3,85,22,110,189,63,112,39,403,4,8,12,415
10/03/2005,ABQ,NM,ASW,WE,Combined TRACON& Tower with Radar,222,91,40,7,360,0,40,60,47,147,222,131,100,54,507,22,4,26,533
10/04/2005,ABQ,NM,ASW,WE,Combined TRACON& Tower with Radar,215,115,98,16,444,0,34,79,86,199,215,149,177,102,643,16,46,62,705
10/05/2005,ABQ,NM,ASW,WE,Combined TRACON& Tower with Radar,219,129,57,15,420,0,49,84,78,211,219,178,141,93,631,6,46,52,683
10/06/2005,ABQ,NM,ASW,WE,Combined TRACON& Tower with Radar,222,117,67,35,441,1,17,40,38,96,223,134,107,73,537,18,26,44,581
10/07/2005,ABQ,NM,ASW,WE,Combined TRACON& Tower with Radar,225,119,69,48,461,0,23,43,68,134,225,142,112,116,595,8,30,38,633
10/08/2005,ABQ,NM,ASW,WE,Combined TRACON& Tower with Radar,191,77,51,1,320,0,26,66,19,111,191,103,117,20,431,62,0,62,493
10/09/2005,ABQ,NM,ASW,WE,Combined TRACON& Tower with Radar,191,67,42,6,306,0,1,19,11,31,191,68,61,17,337,26,0,26,363
10/10/2005,ABQ,NM,ASW,WE,Combined TRACON& Tower with Radar,202,100,41,15,358,0,10,28,6,44,202,110,69,21,402,8,0,8,410
10/11/2005,ABQ,NM,ASW,WE,Combined TRACON& Tower with Radar,221,101,38,13,373,0,32,51,55,138,221,133,89,68,511,4,6,10,521
10/12/2005,ABQ,NM,ASW,WE,Combined TRACON& Tower with Radar,214,94,36,17,361,0,43,92,64,199,214,137,128,81,560,18,12,30,590
10/13/2005,ABQ,NM,ASW,WE,Combined TRACON& Tower with Radar,218,115,32,17,382,0,56,89,79,224,218,171,121,96,606,16,32,48,654
10/14/2005,ABQ,NM,ASW,WE,Combined TRACON& Tower with Radar,221,110,52,41,424,0,40,109,92,241,221,150,161,133,665,26,75,101,766
10/15/2005,ABQ,NM,ASW,WE,Combined TRACON& Tower with Radar,183,58,45,20,306,0,11,18,20,49,183,69,63,40,355,24,8,32,387
10/16/2005,ABQ,NM,ASW,WE,Combined TRACON& Tower with Radar,188,71,40,21,320,0,2,83,11,96,188,73,123,32,416,4,0,4,420
10/17/2005,ABQ,NM,ASW,WE,Combined TRACON& Tower with Radar,215,90,52,21,378,0,24,76,20,120,215,114,128,41,498,28,10,38,536
10/18/2005,ABQ,NM,ASW,WE,Combined TRACON& Tower with Radar,210,104,58,23,395,0,23,58,45,126,210,127,116,68,521,2,19,21,542
10/19/2005,ABQ,NM,ASW,WE,Combined TRACON& Tower with Radar,218,98,58,28,402,0,29,62,90,181,218,127,120,118,583,4,32,36,619
10/20/2005,ABQ,NM,ASW,WE,Combined TRACON& Tower with Radar,218,110,46,42,416,0,34,105,59,198,218,144,151,101,614,4,37,41,655
10/21/2005,ABQ,NM,ASW,WE,Combined TRACON& Tower with Radar,219,99,53,41,412,0,41,94,60,195,219,140,147,101,607,14,32,46,653
10/22/2005,ABQ,NM,ASW,WE,Combined TRACON& Tower with Radar,186,56,32,8,282,0,24,101,21,146,186,80,133,29,428,28,6,34,462
10/23/2005,ABQ,NM,ASW,WE,Combined TRACON& Tower with Radar,190,54,33,16,293,0,12,56,13,81,190,66,89,29,374,2,8,10,384
10/24/2005,ABQ,NM,ASW,WE,Combined TRACON& Tower with Radar,211,102,37,33,383,0,26,60,39,125,211,128,97,72,508,2,12,14,522
10/25/2005,ABQ,NM,ASW,WE,Combined TRACON& Tower with Radar,218,110,47,20,395,0,47,82,59,188,218,157,129,79,583,16,42,58,641
10/26/2005,ABQ,NM,ASW,WE,Combined TRACON& Tower with Radar,217,104,65,40,426,0,39,67,84,190,217,143,132,124,616,26,52,78,694
10/27/2005,ABQ,NM,ASW,WE,Combined TRACON& Tower with Radar,228,114,72,19,433,0,38,93,71,202,228,152,165,90,635,22,32,54,689
10/28/2005,ABQ,NM,ASW,WE,Combined TRACON& Tower with Radar,222,122,56,27,427,0,31,99,50,180,222,153,155,77,607,12,39,51,658
10/29/2005,ABQ,NM,ASW,WE,Combined TRACON& Tower with Radar,187,64,43,5,299,0,27,51,17,95,187,91,94,22,394,32,0,32,426
10/30/2005,ABQ,NM,ASW,WE,Combined TRACON& Tower with Radar,182,67,52,6,307,0,13,76,17,106,182,80,128,23,413,12,0,12,425
10/31/2005,ABQ,NM,ASW,WE,Combined TRACON& Tower with Radar,206,93,30,15,344,0,33,71,52,156,206,126,101,67,500,20,10,30,530
11/01/2005,ABQ,NM,ASW,WE,Combined TRACON& Tower with Radar,216,89,62,29,396,0,36,73,54,163,216,125,135,83,559,12,34,46,605
11/02/2005,ABQ,NM,ASW,WE,Combined TRACON& Tower with Radar,215,106,60,27,408,0,40,89,77,206,215,146,149,104,614,8,14,22,636
11/03/2005,ABQ,NM,ASW,WE,Combined TRACON& Tower with Radar,220,94,58,27,399,0,45,65,69,179,220,139,123,96,578,14,12,26,604
11/04/2005,ABQ,NM,ASW,WE,Combined TRACON& Tower with Radar,216,104,37,31,388,0,45,80,36,161,216,149,117,67,549,6,10,16,565
11/05/2005,ABQ,NM,ASW,WE,Combined TRACON& Tower with Radar,181,42,13,24,260,0,15,63,28,106,181,57,76,52,366,12,18,30,396
11/06/2005,ABQ,NM,ASW,WE,Combined TRACON& Tower with Radar,187,42,26,26,281,0,3,60,21,84,187,45,86,47,365,14,10,24,389
11/07/2005,ABQ,NM,ASW,WE,Combined TRACON& Tower with Radar,203,82,40,25,350,0,20,77,63,160,203,102,117,88,510,4,20,24,534
11/08/2005,ABQ,NM,ASW,WE,Combined TRACON& Tower with Radar,218,91,40,35,384,0,36,71,56,163,218,127,111,91,547,14,18,32,579
11/09/2005,ABQ,NM,ASW,WE,Combined TRACON& Tower with Radar,221,91,33,31,376,0,39,71,64,174,221,130,104,95,550,8,26,34,584
11/10/2005,ABQ,NM,ASW,WE,Combined TRACON& Tower with Radar,221,96,54,30,401,0,35,82,88,205,221,131,136,118,606,45,14,59,665
11/11/2005,ABQ,NM,ASW,WE,Combined TRACON& Tower with Radar,220,83,45,19,367,0,31,44,25,100,220,114,89,44,467,18,20,38,505
11/12/2005,ABQ,NM,ASW,WE,Combined TRACON& Tower with Radar,181,43,36,9,269,0,18,62,18,98,181,61,98,27,367,2,0,2,369
11/13/2005,ABQ,NM,ASW,WE,Combined TRACON& Tower with Radar,185,43,37,12,277,0,9,73,11,93,185,52,110,23,370,0,6,6,376
11/14/2005,ABQ,NM,ASW,WE,Combined TRACON& Tower with Radar,210,83,36,9,338,0,17,67,21,105,210,100,103,30,443,2,6,8,451
11/15/2005,ABQ,NM,ASW,WE,Combined TRACON& Tower with Radar,211,103,47,28,389,0,41,65,59,165,211,144,112,87,554,8,0,8,562
11/16/2005,ABQ,NM,ASW,WE,Combined TRACON& Tower with Radar,221,97,30,18,366,0,28,90,60,178,221,125,120,78,544,16,26,42,586
11/17/2005,ABQ,NM,ASW,WE,Combined TRACON& Tower with Radar,220,87,50,29,386,0,32,94,56,182,220,119,144,85,568,16,32,48,616
11/18/2005,ABQ,NM,ASW,WE,Combined TRACON& Tower with Radar,223,93,43,30,389,0,36,91,92,219,223,129,134,122,608,20,24,44,652
11/19/2005,ABQ,NM,ASW,WE,Combined TRACON& Tower with Radar,184,43,35,18,280,0,11,75,51,137,184,54,110,69,417,20,6,26,443
11/20/2005,ABQ,NM,ASW,WE,Combined TRACON& Tower with Radar,181,48,33,37,299,0,3,92,13,108,181,51,125,50,407,4,16,20,427
11/21/2005,ABQ,NM,ASW,WE,Combined TRACON& Tower with Radar,201,95,40,21,357,0,23,85,71,179,201,118,125,92,536,6,32,38,574
11/22/2005,ABQ,NM,ASW,WE,Combined TRACON& Tower with Radar,220,98,44,25,387,0,60,80,85,225,220,158,124,110,612,14,45,59,671
11/23/2005,ABQ,NM,ASW,WE,Combined TRACON& Tower with Radar,218,101,35,18,372,0,50,102,48,200,218,151,137,66,572,14,39,53,625
11/24/2005,ABQ,NM,ASW,WE,Combined TRACON& Tower with Radar,159,57,13,0,229,0,5,43,5,53,159,62,56,5,282,2,0,2,284
11/25/2005,ABQ,NM,ASW,WE,Combined TRACON& Tower with Radar,168,78,34,0,280,0,35,83,4,122,168,113,117,4,402,10,0,10,412
11/26/2005,ABQ,NM,ASW,WE,Combined TRACON& Tower with Radar,173,62,30,2,267,0,17,67,11,95,173,79,97,13,362,10,0,10,372
11/27/2005,ABQ,NM,ASW,WE,Combined TRACON& Tower with Radar,187,66,33,3,289,0,1,34,5,40,187,67,67,8,329,38,0,38,367
11/28/2005,ABQ,NM,ASW,WE,Combined TRACON& Tower with Radar,198,93,43,19,353,0,25,39,38,102,198,118,82,57,455,0,20,20,475
11/29/2005,ABQ,NM,ASW,WE,Combined TRACON& Tower with Radar,219,108,46,35,408,0,48,62,68,178,219,156,108,103,586,36,56,92,678
11/30/2005,ABQ,NM,ASW,WE,Combined TRACON& Tower with Radar,221,92,36,20,369,0,50,102,63,215,221,142,138,83,584,12,32,44,628
12/01/2005,ABQ,NM,ASW,WE,Combined TRACON& Tower with Radar,220,86,43,31,380,0,40,81,94,215,220,126,124,125,595,6,32,38,633
12/02/2005,ABQ,NM,ASW,WE,Combined TRACON& Tower with Radar,216,90,38,54,398,0,57,53,63,173,216,147,91,117,571,10,20,30,601
12/03/2005,ABQ,NM,ASW,WE,Combined TRACON& Tower with Radar,179,53,25,20,277,0,18,37,29,84,179,71,62,49,361,22,6,28,389
12/04/2005,ABQ,NM,ASW,WE,Combined TRACON& Tower with Radar,182,54,12,28,276,0,4,44,29,77,182,58,56,57,353,12,12,24,377
12/05/2005,ABQ,NM,ASW,WE,Combined TRACON& Tower with Radar,199,76,50,13,338,0,24,57,69,150,199,100,107,82,488,6,18,24,512
12/06/2005,ABQ,NM,ASW,WE,Combined TRACON& Tower with Radar,211,93,42,25,371,0,49,75,67,191,211,142,117,92,562,18,8,26,588
12/07/2005,ABQ,NM,ASW,WE,Combined TRACON& Tower with Radar,199,106,49,38,392,0,56,59,75,190,199,162,108,113,582,10,22,32,614
12/08/2005,ABQ,NM,ASW,WE,Combined TRACON& Tower with Radar,214,99,48,22,383,0,53,64,48,165,214,152,112,70,548,32,16,48,596
12/09/2005,ABQ,NM,ASW,WE,Combined TRACON& Tower with Radar,213,101,41,47,402,0,56,79,55,190,213,157,120,102,592,46,122,168,760
12/10/2005,ABQ,NM,ASW,WE,Combined TRACON& Tower with Radar,185,44,34,38,301,0,21,75,29,125,185,65,109,67,426,6,36,42,468
12/11/2005,ABQ,NM,ASW,WE,Combined TRACON& Tower with Radar,177,58,21,33,289,0,5,69,12,86,177,63,90,45,375,6,40,46,421
12/12/2005,ABQ,NM,ASW,WE,Combined TRACON& Tower with Radar,203,99,34,18,354,0,25,50,27,102,203,124,84,45,456,6,20,26,482
12/13/2005,ABQ,NM,ASW,WE,Combined TRACON& Tower with Radar,206,110,41,15,372,0,31,36,67,134,206,141,77,82,506,25,4,29,535
12/14/2005,ABQ,NM,ASW,WE,Combined TRACON& Tower with Radar,210,86,43,33,372,0,61,63,104,228,210,147,106,137,600,4,42,46,646
12/15/2005,ABQ,NM,ASW,WE,Combined TRACON& Tower with Radar,216,85,38,34,373,0,69,85,71,225,216,154,123,105,598,36,16,52,650
12/16/2005,ABQ,NM,ASW,WE,Combined TRACON& Tower with Radar,217,102,40,51,410,0,44,65,71,180,217,146,105,122,590,26,6,32,622
12/17/2005,ABQ,NM,ASW,WE,Combined TRACON& Tower with Radar,182,54,44,25,305,0,22,107,26,155,182,76,151,51,460,42,28,70,530
12/18/2005,ABQ,NM,ASW,WE,Combined TRACON& Tower with Radar,189,51,30,22,292,0,10,114,12,136,189,61,144,34,428,2,0,2,430
12/19/2005,ABQ,NM,ASW,WE,Combined TRACON& Tower with Radar,199,92,37,42,370,0,30,49,61,140,199,122,86,103,510,16,26,42,552
12/20/2005,ABQ,NM,ASW,WE,Combined TRACON& Tower with Radar,215,94,48,26,383,0,55,65,66,186,215,149,113,92,569,16,20,36,605
12/21/2005,ABQ,NM,ASW,WE,Combined TRACON& Tower with Radar,219,104,42,30,395,0,60,88,66,214,219,164,130,96,609,30,18,48,657
12/22/2005,ABQ,NM,ASW,WE,Combined TRACON& Tower with Radar,225,91,39,11,366,0,61,75,71,207,225,152,114,82,573,18,48,66,639
12/23/2005,ABQ,NM,ASW,WE,Combined TRACON& Tower with Radar,218,102,17,1,338,0,65,60,27,152,218,167,77,28,490,14,0,14,504
12/24/2005,ABQ,NM,ASW,WE,Combined TRACON& Tower with Radar,194,49,13,0,256,0,40,70,5,115,194,89,83,5,371,4,0,4,375
12/25/2005,ABQ,NM,ASW,WE,Combined TRACON& Tower with Radar,166,39,6,0,211,0,9,20,17,46,166,48,26,17,257,0,0,0,257
12/26/2005,ABQ,NM,ASW,WE,Combined TRACON& Tower with Radar,187,54,27,1,269,0,9,55,10,74,187,63,82,11,343,14,0,14,357
12/27/2005,ABQ,NM,ASW,WE,Combined TRACON& Tower with Radar,214,77,41,4,336,0,19,42,26,87,214,96,83,30,423,12,0,12,435
12/28/2005,ABQ,NM,ASW,WE,Combined TRACON& Tower with Radar,217,96,26,7,346,0,35,62,29,126,217,131,88,36,472,16,4,20,492
12/29/2005,ABQ,NM,ASW,WE,Combined TRACON& Tower with Radar,217,99,35,7,358,0,36,61,30,127,217,135,96,37,485,6,8,14,499
12/30/2005,ABQ,NM,ASW,WE,Combined TRACON& Tower with Radar,215,84,44,0,343,0,37,60,27,124,215,121,104,27,467,8,0,8,475
12/31/2005,ABQ,NM,ASW,WE,Combined TRACON& Tower with Radar,181,57,30,0,268,0,12,57,25,94,181,69,87,25,362,4,0,4,366
01/01/2006,ABQ,NM,ASW,WE,Combined TRACON& Tower with Radar,165,46,21,0,232,0,4,17,13,34,165,50,38,13,266,0,0,0,266
01/02/2006,ABQ,NM,ASW,WE,Combined TRACON& Tower with Radar,188,70,34,0,292,0,7,64,13,84,188,77,98,13,376,22,0,22,398
01/03/2006,ABQ,NM,ASW,WE,Combined TRACON& Tower with Radar,206,87,38,6,337,0,23,30,12,65,206,110,68,18,402,4,0,4,406
01/04/2006,ABQ,NM,ASW,WE,Combined TRACON& Tower with Radar,215,87,45,20,367,0,43,59,42,144,215,130,104,62,511,10,26,36,547
01/05/2006,ABQ,NM,ASW,WE,Combined TRACON& Tower with Radar,211,94,45,28,378,0,40,58,80,178,211,134,103,108,556,4,44,48,604
01/06/2006,ABQ,NM,ASW,WE,Combined TRACON& Tower with Radar,216,93,34,61,404,1,39,90,89,219,217,132,124,150,623,0,104,104,727
01/07/2006,ABQ,NM,ASW,WE,Combined TRACON& Tower with Radar,180,53,38,21,292,0,34,85,36,155,180,87,123,57,447,48,12,60,507
01/08/2006,ABQ,NM,ASW,WE,Combined TRACON& Tower with Radar,183,54,30,27,294,0,13,53,8,74,183,67,83,35,368,38,4,42,410
01/09/2006,ABQ,NM,ASW,WE,Combined TRACON& Tower with Radar,199,88,36,26,349,0,29,46,46,121,199,117,82,72,470,4,18,22,492
01/10/2006,ABQ,NM,ASW,WE,Combined TRACON& Tower with Radar,197,106,39,25,367,0,41,60,90,191,197,147,99,115,558,14,38,52,610
01/11/2006,ABQ,NM,ASW,WE,Combined TRACON& Tower with Radar,200,91,42,18,351,0,39,78,84,201,200,130,120,102,552,10,44,54,606
01/12/2006,ABQ,NM,ASW,WE,Combined TRACON& Tower with Radar,207,92,54,34,387,0,48,78,70,196,207,140,132,104,583,4,14,18,601
01/13/2006,ABQ,NM,ASW,WE,Combined TRACON& Tower with Radar,209,93,43,22,367,0,49,109,42,200,209,142,152,64,567,42,28,70,637
01/14/2006,ABQ,NM,ASW,WE,Combined TRACON& Tower with Radar,172,48,26,14,260,0,24,78,36,138,172,72,104,50,398,12,0,12,410
01/15/2006,ABQ,NM,ASW,WE,Combined TRACON& Tower with Radar,174,51,29,4,258,0,8,27,12,47,174,59,56,16,305,2,0,2,307
01/16/2006,ABQ,NM,ASW,WE,Combined TRACON& Tower with Radar,194,80,37,2,313,0,28,28,5,61,194,108,65,7,374,20,6,26,400
01/17/2006,ABQ,NM,ASW,WE,Combined TRACON& Tower with Radar,59,28,6,0,93,0,12,16,3,31,59,40,22,3,124,26,0,26,150
01/18/2006,ABQ,NM,ASW,WE,Combined TRACON& Tower with Radar,197,108,41,22,368,0,44,75,89,208,197,152,116,111,576,36,16,52,628
01/19/2006,ABQ,NM,ASW,WE,Combined TRACON& Tower with Radar,211,123,54,28,416,0,30,56,72,158,211,153,110,100,574,10,6,16,590
01/20/2006,ABQ,NM,ASW,WE,Combined TRACON& Tower with Radar,207,115,54,49,425,0,36,75,70,181,207,151,129,119,606,6,44,50,656
01/21/2006,ABQ,NM,ASW,WE,Combined TRACON& Tower with Radar,171,50,37,24,282,0,13,70,44,127,171,63,107,68,409,30,36,66,475
01/22/2006,ABQ,NM,ASW,WE,Combined TRACON& Tower with Radar,172,60,19,18,269,0,3,56,24,83,172,63,75,42,352,6,2,8,360
01/23/2006,ABQ,NM,ASW,WE,Combined TRACON& Tower with Radar,186,86,41,16,329,0,28,75,44,147,186,114,116,60,476,6,18,24,500
01/24/2006,ABQ,NM,ASW,WE,Combined TRACON& Tower with Radar,201,93,52,15,361,0,44,72,56,172,201,137,124,71,533,38,30,68,601
01/25/2006,ABQ,NM,ASW,WE,Combined TRACON& Tower with Radar,202,129,62,19,412,0,16,11,58,85,202,145,73,77,497,0,23,23,520
01/26/2006,ABQ,NM,ASW,WE,Combined TRACON& Tower with Radar,202,101,65,26,394,0,45,63,65,173,202,146,128,91,567,8,16,24,591
01/27/2006,ABQ,NM,ASW,WE,Combined TRACON& Tower with Radar,209,100,60,41,410,0,51,107,96,254,209,151,167,137,664,20,46,66,730
01/28/2006,ABQ,NM,ASW,WE,Combined TRACON& Tower with Radar,168,54,26,20,268,0,29,52,44,125,168,83,78,64,393,14,28,42,435
01/29/2006,ABQ,NM,ASW,WE,Combined TRACON& Tower with Radar,179,56,43,15,293,0,7,46,11,64,179,63,89,26,357,12,2,14,371
01/30/2006,ABQ,NM,ASW,WE,Combined TRACON& Tower with Radar,192,85,34,11,322,0,40,65,56,161,192,125,99,67,483,16,10,26,509
01/31/2006,ABQ,NM,ASW,WE,Combined TRACON& Tower with Radar,201,95,41,23,360,0,49,84,65,198,201,144,125,88,558,22,20,42,600
02/01/2006,ABQ,NM,ASW,WE,Combined TRACON& Tower with Radar,203,92,44,35,374,0,50,55,58,163,203,142,99,93,537,14,14,28,565
02/02/2006,ABQ,NM,ASW,WE,Combined TRACON& Tower with Radar,206,92,25,18,341,0,29,47,46,122,206,121,72,64,463,12,12,24,487
02/03/2006,ABQ,NM,ASW,WE,Combined TRACON& Tower with Radar,206,93,40,35,374,0,22,48,39,109,206,115,88,74,483,4,20,24,507
02/04/2006,ABQ,NM,ASW,WE,Combined TRACON& Tower with Radar,179,46,25,23,273,0,17,81,39,137,179,63,106,62,410,42,24,66,476
02/05/2006,ABQ,NM,ASW,WE,Combined TRACON& Tower with Radar,180,47,26,19,272,0,5,52,8,65,180,52,78,27,337,4,0,4,341
02/06/2006,ABQ,NM,ASW,WE,Combined TRACON& Tower with Radar,199,86,38,21,344,0,32,57,49,138,199,118,95,70,482,12,32,44,526
02/07/2006,ABQ,NM,ASW,WE,Combined TRACON& Tower with Radar,205,88,42,41,376,0,44,57,68,169,205,132,99,109,545,5,62,67,612
02/08/2006,ABQ,NM,ASW,WE,Combined TRACON& Tower with Radar,215,95,39,33,382,0,69,70,76,215,215,164,109,109,597,26,24,50,647
02/09/2006,ABQ,NM,ASW,WE,Combined TRACON& Tower with Radar,218,98,59,33,408,0,59,79,86,224,218,157,138,119,632,14,36,50,682
02/10/2006,ABQ,NM,ASW,WE,Combined TRACON& Tower with Radar,216,91,46,75,428,0,54,66,91,211,216,145,112,166,639,28,84,112,751
02/11/2006,ABQ,NM,ASW,WE,Combined TRACON& Tower with Radar,191,46,24,32,293,0,18,51,14,83,191,64,75,46,376,20,0,20,396
02/12/2006,ABQ,NM,ASW,WE,Combined TRACON& Tower with Radar,187,52,24,25,288,0,8,54,22,84,187,60,78,47,372,12,12,24,396
02/13/2006,ABQ,NM,ASW,WE,Combined TRACON& Tower with Radar,205,85,34,23,347,0,34,67,31,132,205,119,101,54,479,10,4,14,493
02/14/2006,ABQ,NM,ASW,WE,Combined TRACON& Tower with Radar,212,96,34,19,361,0,69,70,59,198,212,165,104,78,559,32,24,56,615
02/15/2006,ABQ,NM,ASW,WE,Combined TRACON& Tower with Radar,214,91,43,16,364,0,43,57,75,175,214,134,100,91,539,4,10,14,553
02/16/2006,ABQ,NM,ASW,WE,Combined TRACON& Tower with Radar,217,95,52,20,384,0,49,46,26,121,217,144,98,46,505,18,4,22,527
02/17/2006,ABQ,NM,ASW,WE,Combined TRACON& Tower with Radar,221,111,58,39,429,0,46,47,67,160,221,157,105,106,589,8,35,43,632
02/18/2006,ABQ,NM,ASW,WE,Combined TRACON& Tower with Radar,212,59,36,13,320,1,8,53,42,104,213,67,89,55,424,10,10,20,444
02/19/2006,ABQ,NM,ASW,WE,Combined TRACON& Tower with Radar,196,49,23,9,277,4,5,42,8,59,200,54,65,17,336,4,2,6,342
02/20/2006,ABQ,NM,ASW,WE,Combined TRACON& Tower with Radar,216,81,31,18,346,0,31,68,7,106,216,112,99,25,452,6,4,10,462
02/21/2006,ABQ,NM,ASW,WE,Combined TRACON& Tower with Radar,222,89,48,26,385,0,47,62,62,171,222,136,110,88,556,22,24,46,602
02/22/2006,ABQ,NM,ASW,WE,Combined TRACON& Tower with Radar,216,94,38,17,365,0,52,85,76,213,216,146,123,93,578,18,48,66,644
02/23/2006,ABQ,NM,ASW,WE,Combined TRACON& Tower with Radar,219,103,54,23,399,0,39,95,53,187,219,142,149,76,586,8,14,22,608
02/24/2006,ABQ,NM,ASW,WE,Combined TRACON& Tower with Radar,221,107,69,55,452,0,42,67,95,204,221,149,136,150,656,16,64,80,736
02/25/2006,ABQ,NM,ASW,WE,Combined TRACON& Tower with Radar,193,49,29,12,283,0,10,64,58,132,193,59,93,70,415,12,22,34,449
02/26/2006,ABQ,NM,ASW,WE,Combined TRACON& Tower with Radar,185,53,21,29,288,0,12,60,10,82,185,65,81,39,370,22,26,48,418
02/27/2006,ABQ,NM,ASW,WE,Combined TRACON& Tower with Radar,213,85,50,24,372,0,30,83,62,175,213,115,133,86,547,10,4,14,561
02/28/2006,ABQ,NM,ASW,WE,Combined TRACON& Tower with Radar,212,96,29,26,363,0,58,58,63,179,212,154,87,89,542,4,12,16,558
03/01/2006,ABQ,NM,ASW,WE,Combined TRACON& Tower with Radar,213,97,37,36,383,0,39,51,71,161,213,136,88,107,544,8,28,36,580
03/02/2006,ABQ,NM,ASW,WE,Combined TRACON& Tower with Radar,225,111,34,26,396,0,44,85,76,205,225,155,119,102,601,10,46,56,657
03/03/2006,ABQ,NM,ASW,WE,Combined TRACON& Tower with Radar,222,113,28,27,390,1,56,45,65,167,223,169,73,92,557,22,40,62,619
03/04/2006,ABQ,NM,ASW,WE,Combined TRACON& Tower with Radar,186,59,26,12,283,0,23,59,28,110,186,82,85,40,393,26,28,54,447
03/05/2006,ABQ,NM,ASW,WE,Combined TRACON& Tower with Radar,182,59,26,13,280,0,5,57,21,83,182,64,83,34,363,20,6,26,389
03/06/2006,ABQ,NM,ASW,WE,Combined TRACON& Tower with Radar,202,89,46,17,354,0,31,77,54,162,202,120,123,71,516,16,38,54,570
03/07/2006,ABQ,NM,ASW,WE,Combined TRACON& Tower with Radar,217,102,33,13,365,0,51,59,92,202,217,153,92,105,567,32,63,95,662
03/08/2006,ABQ,NM,ASW,WE,Combined TRACON& Tower with Radar,209,128,49,17,403,0,28,42,46,116,209,156,91,63,519,0,26,26,545
03/09/2006,ABQ,NM,ASW,WE,Combined TRACON& Tower with Radar,220,102,55,14,391,0,40,51,78,169,220,142,106,92,560,4,6,10,570
03/10/2006,ABQ,NM,ASW,WE,Combined TRACON& Tower with Radar,216,114,39,6,375,0,40,16,31,87,216,154,55,37,462,12,30,42,504
03/11/2006,ABQ,NM,ASW,WE,Combined TRACON& Tower with Radar,194,57,34,5,290,0,8,18,12,38,194,65,52,17,328,3,0,3,331
03/12/2006,ABQ,NM,ASW,WE,Combined TRACON& Tower with Radar,177,64,17,6,264,0,3,11,5,19,177,67,28,11,283,0,0,0,283
03/13/2006,ABQ,NM,ASW,WE,Combined TRACON& Tower with Radar,207,94,57,8,366,0,36,72,45,153,207,130,129,53,519,14,6,20,539
03/14/2006,ABQ,NM,ASW,WE,Combined TRACON& Tower with Radar,217,100,56,21,394,0,48,90,99,237,217,148,146,120,631,20,46,66,697
03/15/2006,ABQ,NM,ASW,WE,Combined TRACON& Tower with Radar,216,101,48,36,401,0,44,54,76,174,216,145,102,112,575,16,14,30,605
03/16/2006,ABQ,NM,ASW,WE,Combined TRACON& Tower with Radar,219,100,62,36,417,0,48,92,105,245,219,148,154,141,662,10,48,58,720
03/17/2006,ABQ,NM,ASW,WE,Combined TRACON& Tower with Radar,216,101,48,25,390,0,53,90,57,200,216,154,138,82,590,8,20,28,618
03/18/2006,ABQ,NM,ASW,WE,Combined TRACON& Tower with Radar,182,58,22,15,277,0,6,27,23,56,182,64,49,38,333,10,2,12,345
03/19/2006,ABQ,NM,ASW,WE,Combined TRACON& Tower with Radar,184,64,32,26,306,0,2,12,15,29,184,66,44,41,335,0,4,4,339
03/20/2006,ABQ,NM,ASW,WE,Combined TRACON& Tower with Radar,208,96,45,30,379,0,29,27,46,102,208,125,72,76,481,10,58,68,549
03/21/2006,ABQ,NM,ASW,WE,Combined TRACON& Tower with Radar,215,99,54,23,391,0,63,57,81,201,215,162,111,104,592,28,20,48,640
03/22/2006,ABQ,NM,ASW,WE,Combined TRACON& Tower with Radar,219,138,56,26,439,0,13,19,44,76,219,151,75,70,515,0,8,8,523
03/23/2006,ABQ,NM,ASW,WE,Combined TRACON& Tower with Radar,219,95,57,23,394,0,58,72,70,200,219,153,129,93,594,32,24,56,650
03/24/2006,ABQ,NM,ASW,WE,Combined TRACON& Tower with Radar,207,91,38,26,362,0,64,105,78,247,207,155,143,104,609,34,24,58,667
03/25/2006,ABQ,NM,ASW,WE,Combined TRACON& Tower with Radar,190,61,45,26,322,0,26,101,20,147,190,87,146,46,469,32,10,42,511
03/26/2006,ABQ,NM,ASW,WE,Combined TRACON& Tower with Radar,188,65,25,12,290,0,5,59,28,92,188,70,84,40,382,2,2,4,386
03/27/2006,ABQ,NM,ASW,WE,Combined TRACON& Tower with Radar,206,99,25,14,344,1,21,71,38,131,207,120,96,52,475,18,2,20,495
03/28/2006,ABQ,NM,ASW,WE,Combined TRACON& Tower with Radar,213,127,45,26,411,0,24,66,79,169,213,151,111,105,580,0,34,34,614
03/29/2006,ABQ,NM,ASW,WE,Combined TRACON& Tower with Radar,219,114,45,5,383,0,35,49,55,139,219,149,94,60,522,0,8,8,530
03/30/2006,ABQ,NM,ASW,WE,Combined TRACON& Tower with Radar,212,113,33,19,377,0,44,67,73,184,212,157,100,92,561,18,26,44,605
03/31/2006,ABQ,NM,ASW,WE,Combined TRACON& Tower with Radar,214,104,54,35,407,0,49,73,59,181,214,153,127,94,588,8,8,16,604
04/01/2006,ABQ,NM,ASW,WE,Combined TRACON& Tower with Radar,190,74,34,7,305,1,10,36,22,69,191,84,70,29,374,8,0,8,382
04/02/2006,ABQ,NM,ASW,WE,Combined TRACON& Tower with Radar,183,57,38,17,295,0,10,77,21,108,183,67,115,38,403,2,0,2,405
04/03/2006,ABQ,NM,ASW,WE,Combined TRACON& Tower with Radar,203,92,47,23,365,1,32,62,39,134,204,124,109,62,499,16,0,16,515
04/04/2006,ABQ,NM,ASW,WE,Combined TRACON& Tower with Radar,206,96,47,14,363,0,64,66,83,213,206,160,113,97,576,2,38,40,616
04/05/2006,ABQ,NM,ASW,WE,Combined TRACON& Tower with Radar,217,100,64,17,398,0,46,44,52,142,217,146,108,69,540,44,14,58,598
04/06/2006,ABQ,NM,ASW,WE,Combined TRACON& Tower with Radar,216,129,43,22,410,0,37,50,67,154,216,166,93,89,564,2,42,44,608
04/07/2006,ABQ,NM,ASW,WE,Combined TRACON& Tower with Radar,214,97,31,17,359,0,61,77,44,182,214,158,108,61,541,30,20,50,591
04/08/2006,ABQ,NM,ASW,WE,Combined TRACON& Tower with Radar,180,62,32,7,281,0,18,67,20,105,180,80,99,27,386,22,3,25,411
04/09/2006,ABQ,NM,ASW,WE,Combined TRACON& Tower with Radar,192,63,23,8,286,0,7,62,19,88,192,70,85,27,374,12,2,14,388
04/10/2006,ABQ,NM,ASW,WE,Combined TRACON& Tower with Radar,207,88,34,13,342,0,38,64,36,138,207,126,98,49,480,10,18,28,508
04/11/2006,ABQ,NM,ASW,WE,Combined TRACON& Tower with Radar,201,99,40,13,353,0,64,65,56,185,201,163,105,69,538,4,30,34,572
04/12/2006,ABQ,NM,ASW,WE,Combined TRACON& Tower with Radar,210,107,32,22,371,0,49,74,73,196,210,156,106,95,567,6,20,26,593
04/13/2006,ABQ,NM,ASW,WE,Combined TRACON& Tower with Radar,214,91,38,21,364,0,50,66,120,236,214,141,104,141,600,30,32,62,662
04/14/2006,ABQ,NM,ASW,WE,Combined TRACON& Tower with Radar,218,96,41,13,368,0,62,63,102,227,218,158,104,115,595,10,40,50,645
04/15/2006,ABQ,NM,ASW,WE,Combined TRACON& Tower with Radar,177,65,14,8,264,0,14,55,25,94,177,79,69,33,358,10,8,18,376
04/16/2006,ABQ,NM,ASW,WE,Combined TRACON& Tower with Radar,185,59,26,6,276,0,3,63,18,84,185,62,89,24,360,20,16,36,396
04/17/2006,ABQ,NM,ASW,WE,Combined TRACON& Tower with Radar,205,87,46,15,353,0,43,68,29,140,205,130,114,44,493,8,0,8,501
04/18/2006,ABQ,NM,ASW,WE,Combined TRACON& Tower with Radar,214,88,40,16,358,0,74,48,51,173,214,162,88,67,531,10,6,16,547
04/19/2006,ABQ,NM,ASW,WE,Combined TRACON& Tower with Radar,215,96,35,22,368,0,63,112,49,224,215,159,147,71,592,4,6,10,602
04/20/2006,ABQ,NM,ASW,WE,Combined TRACON& Tower with Radar,215,98,43,28,384,0,57,68,70,195,215,155,111,98,579,6,14,20,599
04/21/2006,ABQ,NM,ASW,WE,Combined TRACON& Tower with Radar,220,93,46,33,392,0,61,104,94,259,220,154,150,127,651,14,18,32,683
04/22/2006,ABQ,NM,ASW,WE,Combined TRACON& Tower with Radar,184,70,43,11,308,0,32,63,45,140,184,102,106,56,448,32,12,44,492
04/23/2006,ABQ,NM,ASW,WE,Combined TRACON& Tower with Radar,193,67,28,6,294,0,11,52,12,75,193,78,80,18,369,6,2,8,377
04/24/2006,ABQ,NM,ASW,WE,Combined TRACON& Tower with Radar,199,94,31,25,349,0,40,72,58,170,199,134,103,83,519,10,12,22,541
04/25/2006,ABQ,NM,ASW,WE,Combined TRACON& Tower with Radar,212,98,41,14,365,0,56,71,74,201,212,154,112,88,566,16,60,76,642
04/26/2006,ABQ,NM,ASW,WE,Combined TRACON& Tower with Radar,211,96,61,22,390,0,53,83,70,206,211,149,144,92,596,8,26,34,630
04/27/2006,ABQ,NM,ASW,WE,Combined TRACON& Tower with Radar,218,101,51,16,386,0,51,70,53,174,218,152,121,69,560,14,24,38,598
04/28/2006,ABQ,NM,ASW,WE,Combined TRACON& Tower with Radar,211,107,32,14,364,0,51,64,39,154,211,158,96,53,518,20,34,54,572
04/29/2006,ABQ,NM,ASW,WE,Combined TRACON& Tower with Radar,181,54,19,14,268,0,24,52,39,115,181,78,71,53,383,18,26,44,427
04/30/2006,ABQ,NM,ASW,WE,Combined TRACON& Tower with Radar,185,54,42,6,287,0,19,69,0,88,185,73,111,6,375,4,0,4,379
05/01/2006,ABQ,NM,ASW,WE,Combined TRACON& Tower with Radar,208,89,36,14,347,0,52,60,40,152,208,141,96,54,499,16,2,18,517
05/02/2006,ABQ,NM,ASW,WE,Combined TRACON& Tower with Radar,209,93,35,15,352,0,62,57,76,195,209,155,92,91,547,4,16,20,567
05/03/2006,ABQ,NM,ASW,WE,Combined TRACON& Tower with Radar,214,83,57,16,370,0,64,87,51,202,214,147,144,67,572,0,40,40,612
05/04/2006,ABQ,NM,ASW,WE,Combined TRACON& Tower with Radar,217,97,51,35,400,0,55,72,82,209,217,152,123,117,609,12,52,64,673
05/05/2006,ABQ,NM,ASW,WE,Combined TRACON& Tower with Radar,217,114,44,34,409,0,43,57,92,192,217,157,101,126,601,12,56,68,669
05/06/2006,ABQ,NM,ASW,WE,Combined TRACON& Tower with Radar,182,78,30,39,329,0,20,94,47,161,182,98,124,86,490,20,38,58,548
05/07/2006,ABQ,NM,ASW,WE,Combined TRACON& Tower with Radar,186,63,32,13,294,0,28,65,8,101,186,91,97,21,395,2,0,2,397
05/08/2006,ABQ,NM,ASW,WE,Combined TRACON& Tower with Radar,203,84,24,29,340,0,40,55,59,154,203,124,79,88,494,2,40,42,536
05/09/2006,ABQ,NM,ASW,WE,Combined TRACON& Tower with Radar,206,104,40,30,380,0,52,60,69,181,206,156,100,99,561,6,20,26,587
05/10/2006,ABQ,NM,ASW,WE,Combined TRACON& Tower with Radar,218,108,44,23,393,0,61,83,72,216,218,169,127,95,609,0,48,48,657
05/11/2006,ABQ,NM,ASW,WE,Combined TRACON& Tower with Radar,217,109,65,30,421,0,62,78,48,188,217,171,143,78,609,18,34,52,661
05/12/2006,ABQ,NM,ASW,WE,Combined TRACON& Tower with Radar,219,106,38,22,385,0,57,94,67,218,219,163,132,89,603,14,59,73,676
05/13/2006,ABQ,NM,ASW,WE,Combined TRACON& Tower with Radar,185,72,34,11,302,0,28,121,21,170,185,100,155,32,472,16,9,25,497
05/14/2006,ABQ,NM,ASW,WE,Combined TRACON& Tower with Radar,186,58,30,9,283,0,14,37,12,63,186,72,67,21,346,10,4,14,360
05/15/2006,ABQ,NM,ASW,WE,Combined TRACON& Tower with Radar,207,107,61,8,383,0,25,19,15,59,207,132,80,23,442,14,4,18,460
05/16/2006,ABQ,NM,ASW,WE,Combined TRACON& Tower with Radar,210,105,53,19,387,0,58,89,59,206,210,163,142,78,593,14,14,28,621
05/17/2006,ABQ,NM,ASW,WE,Combined TRACON& Tower with Radar,215,95,52,14,376,0,48,76,60,184,215,143,128,74,560,12,12,24,584
05/18/2006,ABQ,NM,ASW,WE,Combined TRACON& Tower with Radar,221,101,41,15,378,0,61,81,66,208,221,162,122,81,586,25,12,37,623
05/19/2006,ABQ,NM,ASW,WE,Combined TRACON& Tower with Radar,217,100,40,26,383,0,54,85,73,212,217,154,125,99,595,12,28,40,635
05/20/2006,ABQ,NM,ASW,WE,Combined TRACON& Tower with Radar,182,61,27,26,296,0,36,70,50,156,182,97,97,76,452,18,42,60,512
05/21/2006,ABQ,NM,ASW,WE,Combined TRACON& Tower with Radar,184,65,32,10,291,0,20,59,38,117,184,85,91,48,408,2,12,14,422
05/22/2006,ABQ,NM,ASW,WE,Combined TRACON& Tower with Radar,215,99,35,8,357,2,30,54,47,133,217,129,89,55,490,4,8,12,502
05/23/2006,ABQ,NM,ASW,WE,Combined TRACON& Tower with Radar,213,95,36,10,354,0,63,87,65,215,213,158,123,75,569,12,22,34,603
05/24/2006,ABQ,NM,ASW,WE,Combined TRACON& Tower with Radar,208,98,52,17,375,0,54,85,41,180,208,152,137,58,555,10,16,26,581
05/25/2006,ABQ,NM,ASW,WE,Combined TRACON& Tower with Radar,219,105,59,50,433,0,63,106,70,239,219,168,165,120,672,10,54,64,736
05/26/2006,ABQ,NM,ASW,WE,Combined TRACON& Tower with Radar,221,110,43,19,393,0,56,100,50,206,221,166,143,69,599,6,20,26,625
05/27/2006,ABQ,NM,ASW,WE,Combined TRACON& Tower with Radar,181,61,21,3,266,0,30,51,19,100,181,91,72,22,366,5,0,5,371
05/28/2006,ABQ,NM,ASW,WE,Combined TRACON& Tower with Radar,162,57,20,5,244,0,37,43,8,88,162,94,63,13,332,44,4,48,380
05/29/2006,ABQ,NM,ASW,WE,Combined TRACON& Tower with Radar,176,66,20,8,270,0,25,82,8,115,176,91,102,16,385,2,6,8,393
05/30/2006,ABQ,NM,ASW,WE,Combined TRACON& Tower with Radar,202,101,35,24,362,0,50,72,17,139,202,151,107,41,501,8,6,14,515
05/31/2006,ABQ,NM,ASW,WE,Combined TRACON& Tower with Radar,220,103,34,18,375,0,51,65,46,162,220,154,99,64,537,2,16,18,555
06/01/2006,ABQ,NM,ASW,WE,Combined TRACON& Tower with Radar,216,135,43,14,408,0,33,56,44,133,216,168,99,58,541,34,30,64,605
06/02/2006,ABQ,NM,ASW,WE,Combined TRACON& Tower with Radar,214,117,39,35,405,0,56,71,92,219,214,173,110,127,624,4,50,54,678
06/03/2006,ABQ,NM,ASW,WE,Combined TRACON& Tower with Radar,187,66,26,14,293,0,32,82,23,137,187,98,108,37,430,6,2,8,438
06/04/2006,ABQ,NM,ASW,WE,Combined TRACON& Tower with Radar,188,64,31,25,308,0,10,68,11,89,188,74,99,36,397,24,10,34,431
06/05/2006,ABQ,NM,ASW,WE,Combined TRACON& Tower with Radar,209,92,30,18,349,0,38,54,59,151,209,130,84,77,500,10,31,41,541
06/06/2006,ABQ,NM,ASW,WE,Combined TRACON& Tower with Radar,212,110,37,26,385,0,48,64,44,156,212,158,101,70,541,2,12,14,555
06/07/2006,ABQ,NM,ASW,WE,Combined TRACON& Tower with Radar,229,110,41,17,397,0,49,56,111,216,229,159,97,128,613,8,0,8,621
06/08/2006,ABQ,NM,ASW,WE,Combined TRACON& Tower with Radar,212,119,27,26,384,0,44,57,65,166,212,163,84,91,550,0,6,6,556
06/09/2006,ABQ,NM,ASW,WE,Combined TRACON& Tower with Radar,217,112,47,20,396,0,35,71,72,178,217,147,118,92,574,10,64,74,648
06/10/2006,ABQ,NM,ASW,WE,Combined TRACON& Tower with Radar,180,62,23,15,280,0,22,85,42,149,180,84,108,57,429,34,18,52,481
06/11/2006,ABQ,NM,ASW,WE,Combined TRACON& Tower with Radar,194,64,30,7,295,0,2,56,7,65,194,66,86,14,360,2,0,2,362
06/12/2006,ABQ,NM,ASW,WE,Combined TRACON& Tower with Radar,199,108,39,17,363,0,26,68,19,113,199,134,107,36,476,14,14,28,504
06/13/2006,ABQ,NM,ASW,WE,Combined TRACON& Tower with Radar,209,113,49,17,388,0,46,86,46,178,209,159,135,63,566,4,0,4,570
06/14/2006,ABQ,NM,ASW,WE,Combined TRACON& Tower with Radar,211,124,36,8,379,1,40,82,78,201,212,164,118,86,580,26,10,36,616
06/15/2006,ABQ,NM,ASW,WE,Combined TRACON& Tower with Radar,214,112,43,19,388,0,45,57,42,144,214,157,100,61,532,4,14,18,550
06/16/2006,ABQ,NM,ASW,WE,Combined TRACON& Tower with Radar,217,112,46,20,395,0,40,73,72,185,217,152,119,92,580,4,61,65,645
06/17/2006,ABQ,NM,ASW,WE,Combined TRACON& Tower with Radar,187,63,38,25,313,0,23,73,46,142,187,86,111,71,455,14,21,35,490
06/18/2006,ABQ,NM,ASW,WE,Combined TRACON& Tower with Radar,194,65,36,12,307,0,7,53,28,88,194,72,89,40,395,12,0,12,407
06/19/2006,ABQ,NM,ASW,WE,Combined TRACON& Tower with Radar,204,119,58,7,388,0,34,74,62,170,204,153,132,69,558,6,0,6,564
06/20/2006,ABQ,NM,ASW,WE,Combined TRACON& Tower with Radar,215,133,62,19,429,0,38,93,106,237,215,171,155,125,666,6,26,32,698
06/21/2006,ABQ,NM,ASW,WE,Combined TRACON& Tower with Radar,215,119,38,32,404,0,39,96,74,209,215,158,134,106,613,5,30,35,648
06/22/2006,ABQ,NM,ASW,WE,Combined TRACON& Tower with Radar,216,111,60,27,414,0,34,51,48,133,216,145,111,75,547,6,20,26,573
06/23/2006,ABQ,NM,ASW,WE,Combined TRACON& Tower with Radar,216,112,38,20,386,0,36,80,50,166,216,148,118,70,552,8,58,66,618
06/24/2006,ABQ,NM,ASW,WE,Combined TRACON& Tower with Radar,187,74,34,9,304,0,14,58,42,114,187,88,92,51,418,10,40,50,468
06/25/2006,ABQ,NM,ASW,WE,Combined TRACON& Tower with Radar,192,66,19,18,295,0,6,58,46,110,192,72,77,64,405,2,14,16,421
06/26/2006,ABQ,NM,ASW,WE,Combined TRACON& Tower with Radar,201,110,38,11,360,0,20,74,37,131,201,130,112,48,491,6,8,14,505
06/27/2006,ABQ,NM,ASW,WE,Combined TRACON& Tower with Radar,218,114,53,24,409,0,35,82,41,158,218,149,135,65,567,10,22,32,599
06/28/2006,ABQ,NM,ASW,WE,Combined TRACON& Tower with Radar,218,108,56,13,395,0,42,111,59,212,218,150,167,72,607,10,38,48,655
06/29/2006,ABQ,NM,ASW,WE,Combined TRACON& Tower with Radar,206,125,63,33,427,0,37,82,76,195,206,162,145,109,622,8,92,100,722
06/30/2006,ABQ,NM,ASW,WE,Combined TRACON& Tower with Radar,196,112,59,18,385,0,48,91,34,173,196,160,150,52,558,38,16,54,612
07/01/2006,ABQ,NM,ASW,WE,Combined TRACON& Tower with Radar,162,60,28,7,257,0,21,60,24,105,162,81,88,31,362,12,46,58,420
07/02/2006,ABQ,NM,ASW,WE,Combined TRACON& Tower with Radar,195,52,13,6,266,0,4,47,6,57,195,56,60,12,323,6,0,6,329
07/03/2006,ABQ,NM,ASW,WE,Combined TRACON& Tower with Radar,182,77,34,6,299,0,28,58,1,87,182,105,92,7,386,14,4,18,404
07/04/2006,ABQ,NM,ASW,WE,Combined TRACON& Tower with Radar,175,71,24,1,271,0,7,48,1,56,175,78,72,2,327,2,0,2,329
07/05/2006,ABQ,NM,ASW,WE,Combined TRACON& Tower with Radar,212,112,50,19,393,0,24,53,57,134,212,136,103,76,527,12,8,20,547
07/06/2006,ABQ,NM,ASW,WE,Combined TRACON& Tower with Radar,217,131,54,13,415,0,9,47,64,120,217,140,101,77,535,34,30,64,599
07/07/2006,ABQ,NM,ASW,WE,Combined TRACON& Tower with Radar,215,130,48,31,424,0,26,52,81,159,215,156,100,112,583,22,70,92,675
07/08/2006,ABQ,NM,ASW,WE,Combined TRACON& Tower with Radar,190,77,34,12,313,0,14,39,24,77,190,91,73,36,390,20,22,42,432
07/09/2006,ABQ,NM,ASW,WE,Combined TRACON& Tower with Radar,190,64,26,4,284,0,1,46,0,47,190,65,72,4,331,12,0,12,343
07/10/2006,ABQ,NM,ASW,WE,Combined TRACON& Tower with Radar,205,101,32,17,355,0,28,72,45,145,205,129,104,62,500,8,0,8,508
07/11/2006,ABQ,NM,ASW,WE,Combined TRACON& Tower with Radar,213,115,59,24,411,0,49,86,75,210,213,164,145,99,621,32,32,64,685
07/12/2006,ABQ,NM,ASW,WE,Combined TRACON& Tower with Radar,207,105,46,34,392,0,52,91,69,212,207,157,137,103,604,42,34,76,680
07/13/2006,ABQ,NM,ASW,WE,Combined TRACON& Tower with Radar,224,105,48,31,408,0,66,87,69,222,224,171,135,100,630,14,70,84,714
07/14/2006,ABQ,NM,ASW,WE,Combined TRACON& Tower with Radar,212,104,36,20,372,0,48,88,41,177,212,152,124,61,549,8,26,34,583
07/15/2006,ABQ,NM,ASW,WE,Combined TRACON& Tower with Radar,186,62,27,4,279,0,13,61,7,81,186,75,88,11,360,0,8,8,368
07/16/2006,ABQ,NM,ASW,WE,Combined TRACON& Tower with Radar,197,62,47,3,309,0,6,63,2,71,197,68,110,5,380,4,0,4,384
07/17/2006,ABQ,NM,ASW,WE,Combined TRACON& Tower with Radar,202,102,60,4,368,0,32,85,3,120,202,134,145,7,488,52,0,52,540
07/18/2006,ABQ,NM,ASW,WE,Combined TRACON& Tower with Radar,228,115,40,18,401,0,43,63,30,136,228,158,103,48,537,4,0,4,541
07/19/2006,ABQ,NM,ASW,WE,Combined TRACON& Tower with Radar,233,113,70,19,435,0,42,106,77,225,233,155,176,96,660,44,12,56,716
07/20/2006,ABQ,NM,ASW,WE,Combined TRACON& Tower with Radar,208,106,71,29,414,0,48,90,62,200,208,154,161,91,614,34,6,40,654
07/21/2006,ABQ,NM,ASW,WE,Combined TRACON& Tower with Radar,216,103,47,44,410,0,51,108,62,221,216,154,155,106,631,26,28,54,685
07/22/2006,ABQ,NM,ASW,WE,Combined TRACON& Tower with Radar,187,68,35,18,308,0,19,93,1,113,187,87,128,19,421,2,2,4,425
07/23/2006,ABQ,NM,ASW,WE,Combined TRACON& Tower with Radar,198,69,34,14,315,0,10,66,0,76,198,79,100,14,391,8,2,10,401
07/24/2006,ABQ,NM,ASW,WE,Combined TRACON& Tower with Radar,198,101,42,22,363,0,28,73,33,134,198,129,115,55,497,24,24,48,545
07/25/2006,ABQ,NM,ASW,WE,Combined TRACON& Tower with Radar,212,109,41,18,380,0,42,81,35,158,212,151,122,53,538,12,10,22,560
07/26/2006,ABQ,NM,ASW,WE,Combined TRACON& Tower with Radar,209,122,56,24,411,0,41,73,37,151,209,163,129,61,562,8,18,26,588
07/27/2006,ABQ,NM,ASW,WE,Combined TRACON& Tower with Radar,213,120,57,27,417,0,33,75,25,133,213,153,132,52,550,20,6,26,576
07/28/2006,ABQ,NM,ASW,WE,Combined TRACON& Tower with Radar,220,121,54,38,433,0,29,71,54,154,220,150,125,92,587,14,28,42,629
07/29/2006,ABQ,NM,ASW,WE,Combined TRACON& Tower with Radar,187,84,33,26,330,0,4,30,19,53,187,88,63,45,383,0,48,48,431
07/30/2006,ABQ,NM,ASW,WE,Combined TRACON& Tower with Radar,191,65,30,21,307,0,2,20,4,26,191,67,50,25,333,2,8,10,343
07/31/2006,ABQ,NM,ASW,WE,Combined TRACON& Tower with Radar,202,121,47,33,403,0,6,35,38,79,202,127,82,71,482,10,0,10,492
08/01/2006,ABQ,NM,ASW,WE,Combined TRACON& Tower with Radar,213,147,55,29,444,0,4,15,38,57,213,151,70,67,501,12,16,28,529
08/02/2006,ABQ,NM,ASW,WE,Combined TRACON& Tower with Radar,212,138,52,18,420,0,24,34,74,132,212,162,86,92,552,22,26,48,600
08/03/2006,ABQ,NM,ASW,WE,Combined TRACON& Tower with Radar,212,126,41,34,413,0,36,59,47,142,212,162,100,81,555,12,50,62,617
08/04/2006,ABQ,NM,ASW,WE,Combined TRACON& Tower with Radar,216,119,36,40,411,0,21,53,57,131,216,140,89,97,542,4,42,46,588
08/05/2006,ABQ,NM,ASW,WE,Combined TRACON& Tower with Radar,188,78,52,11,329,0,6,35,26,67,188,84,87,37,396,22,30,52,448
08/06/2006,ABQ,NM,ASW,WE,Combined TRACON& Tower with Radar,195,59,23,4,281,0,4,33,1,38,195,63,56,5,319,6,0,6,325
08/07/2006,ABQ,NM,ASW,WE,Combined TRACON& Tower with Radar,197,108,38,18,361,0,20,53,55,128,197,128,91,73,489,2,30,32,521
08/08/2006,ABQ,NM,ASW,WE,Combined TRACON& Tower with Radar,215,111,49,25,400,0,39,74,67,180,215,150,123,92,580,20,24,44,624
08/09/2006,ABQ,NM,ASW,WE,Combined TRACON& Tower with Radar,213,115,46,21,395,0,38,73,42,153,213,153,119,63,548,28,10,38,586
08/10/2006,ABQ,NM,ASW,WE,Combined TRACON& Tower with Radar,213,114,59,31,417,0,30,83,54,167,213,144,142,85,584,32,32,64,648
08/11/2006,ABQ,NM,ASW,WE,Combined TRACON& Tower with Radar,215,116,46,37,414,0,31,95,54,180,215,147,141,91,594,26,34,60,654
08/12/2006,ABQ,NM,ASW,WE,Combined TRACON& Tower with Radar,183,69,38,20,310,0,12,83,8,103,183,81,121,28,413,16,0,16,429
08/13/2006,ABQ,NM,ASW,WE,Combined TRACON& Tower with Radar,189,60,27,17,293,0,4,68,3,75,189,64,95,20,368,20,11,31,399
08/14/2006,ABQ,NM,ASW,WE,Combined TRACON& Tower with Radar,212,117,50,16,395,0,7,43,9,59,212,124,93,25,454,8,0,8,462
08/15/2006,ABQ,NM,ASW,WE,Combined TRACON& Tower with Radar,216,128,60,11,415,0,16,54,22,92,216,144,114,33,507,14,14,28,535
08/16/2006,ABQ,NM,ASW,WE,Combined TRACON& Tower with Radar,222,130,46,25,423,0,22,72,67,161,222,152,118,92,584,6,30,36,620
08/17/2006,ABQ,NM,ASW,WE,Combined TRACON& Tower with Radar,223,117,67,30,437,0,36,76,67,179,223,153,143,97,616,10,49,59,675
08/18/2006,ABQ,NM,ASW,WE,Combined TRACON& Tower with Radar,219,116,61,23,419,0,37,104,61,202,219,153,165,84,621,18,44,62,683
08/19/2006,ABQ,NM,ASW,WE,Combined TRACON& Tower with Radar,185,74,42,4,305,0,9,66,16,91,185,83,108,20,396,18,24,42,438
08/20/2006,ABQ,NM,ASW,WE,Combined TRACON& Tower with Radar,191,73,40,16,320,0,4,46,0,50,191,77,86,16,370,44,2,46,416
08/21/2006,ABQ,NM,ASW,WE,Combined TRACON& Tower with Radar,198,104,44,22,368,0,15,59,21,95,198,119,103,43,463,4,10,14,477
08/22/2006,ABQ,NM,ASW,WE,Combined TRACON& Tower with Radar,218,119,50,17,404,0,27,62,55,144,218,146,112,72,548,6,12,18,566
08/23/2006,ABQ,NM,ASW,WE,Combined TRACON& Tower with Radar,214,103,52,22,391,0,37,62,55,154,214,140,114,77,545,0,43,43,588
08/24/2006,ABQ,NM,ASW,WE,Combined TRACON& Tower with Radar,212,117,56,21,406,0,35,74,57,166,212,152,130,78,572,26,38,64,636
08/25/2006,ABQ,NM,ASW,WE,Combined TRACON& Tower with Radar,215,99,64,9,387,0,32,77,60,169,215,131,141,69,556,52,54,106,662
08/26/2006,ABQ,NM,ASW,WE,Combined TRACON& Tower with Radar,187,67,36,7,297,0,13,72,16,101,187,80,108,23,398,30,4,34,432
08/27/2006,ABQ,NM,ASW,WE,Combined TRACON& Tower with Radar,191,55,38,12,296,0,7,47,0,54,191,62,85,12,350,16,20,36,386
08/28/2006,ABQ,NM,ASW,WE,Combined TRACON& Tower with Radar,196,92,63,23,374,0,25,59,41,125,196,117,122,64,499,50,28,78,577
08/29/2006,ABQ,NM,ASW,WE,Combined TRACON& Tower with Radar,215,108,34,27,384,0,31,71,59,161,215,139,105,86,545,6,24,30,575
08/30/2006,ABQ,NM,ASW,WE,Combined TRACON& Tower with Radar,210,105,44,22,381,0,55,80,89,224,210,160,124,111,605,10,30,40,645
08/31/2006,ABQ,NM,ASW,WE,Combined TRACON& Tower with Radar,216,113,38,32,399,0,35,92,50,177,216,148,130,82,576,14,52,66,642
09/01/2006,ABQ,NM,ASW,WE,Combined TRACON& Tower with Radar,213,112,51,19,395,0,40,68,27,135,213,152,119,46,530,2,4,6,536
09/02/2006,ABQ,NM,ASW,WE,Combined TRACON& Tower with Radar,181,68,38,4,291,0,9,43,2,54,181,77,81,6,345,0,4,4,349
09/03/2006,ABQ,NM,ASW,WE,Combined TRACON& Tower with Radar,158,59,37,9,263,0,0,26,0,26,158,59,63,9,289,8,0,8,297
09/04/2006,ABQ,NM,ASW,WE,Combined TRACON& Tower with Radar,181,69,44,3,297,0,8,58,0,66,181,77,102,3,363,14,0,14,377
09/05/2006,ABQ,NM,ASW,WE,Combined TRACON& Tower with Radar,199,102,39,23,363,0,25,71,25,121,199,127,110,48,484,17,16,33,517
09/06/2006,ABQ,NM,ASW,WE,Combined TRACON& Tower with Radar,218,103,46,20,387,0,36,54,73,163,218,139,100,93,550,0,22,22,572
09/07/2006,ABQ,NM,ASW,WE,Combined TRACON& Tower with Radar,210,105,42,29,386,0,29,75,64,168,210,134,117,93,554,4,84,88,642
09/08/2006,ABQ,NM,ASW,WE,Combined TRACON& Tower with Radar,214,135,46,38,433,0,14,40,44,98,214,149,86,82,531,6,48,54,585
09/09/2006,ABQ,NM,ASW,WE,Combined TRACON& Tower with Radar,184,58,44,12,298,0,12,72,19,103,184,70,116,31,401,8,8,16,417
09/10/2006,ABQ,NM,ASW,WE,Combined TRACON& Tower with Radar,185,74,53,12,324,0,9,61,2,72,185,83,114,14,396,22,8,30,426
09/11/2006,ABQ,NM,ASW,WE,Combined TRACON& Tower with Radar,193,92,56,29,370,0,23,55,70,148,193,115,111,99,518,10,14,24,542
09/12/2006,ABQ,NM,ASW,WE,Combined TRACON& Tower with Radar,211,108,69,37,425,0,39,71,68,178,211,147,140,105,603,2,66,68,671
09/13/2006,ABQ,NM,ASW,WE,Combined TRACON& Tower with Radar,209,96,64,34,403,0,39,85,87,211,209,135,149,121,614,6,68,74,688
09/14/2006,ABQ,NM,ASW,WE,Combined TRACON& Tower with Radar,215,94,66,39,414,0,39,70,72,181,215,133,136,111,595,8,50,58,653
09/15/2006,ABQ,NM,ASW,WE,Combined TRACON& Tower with Radar,217,99,69,50,435,0,43,89,73,205,217,142,158,123,640,12,84,96,736
09/16/2006,ABQ,NM,ASW,WE,Combined TRACON& Tower with Radar,183,56,46,16,301,0,14,96,31,141,183,70,142,47,442,13,30,43,485
09/17/2006,ABQ,NM,ASW,WE,Combined TRACON& Tower with Radar,177,71,43,33,324,0,4,62,4,70,177,75,105,37,394,0,8,8,402
09/18/2006,ABQ,NM,ASW,WE,Combined TRACON& Tower with Radar,204,94,52,39,389,0,21,69,42,132,204,115,121,81,521,0,12,12,533
09/19/2006,ABQ,NM,ASW,WE,Combined TRACON& Tower with Radar,209,104,59,42,414,0,37,97,81,215,209,141,156,123,629,20,24,44,673
09/20/2006,ABQ,NM,ASW,WE,Combined TRACON& Tower with Radar,208,102,74,42,426,0,39,73,75,187,208,141,147,117,613,2,50,52,665
09/21/2006,ABQ,NM,ASW,WE,Combined TRACON& Tower with Radar,224,111,60,24,419,0,42,64,63,169,224,153,124,87,588,4,20,24,612
09/22/2006,ABQ,NM,ASW,WE,Combined TRACON& Tower with Radar,207,96,57,30,390,0,35,73,44,152,207,131,130,74,542,10,38,48,590
09/23/2006,ABQ,NM,ASW,WE,Combined TRACON& Tower with Radar,174,59,35,14,282,0,11,68,29,108,174,70,103,43,390,10,22,32,422
09/24/2006,ABQ,NM,ASW,WE,Combined TRACON& Tower with Radar,186,54,51,15,306,0,6,45,3,54,186,60,96,18,360,6,0,6,366
09/25/2006,ABQ,NM,ASW,WE,Combined TRACON& Tower with Radar,201,81,45,12,339,0,24,63,12,99,201,105,108,24,438,0,2,2,440
09/26/2006,ABQ,NM,ASW,WE,Combined TRACON& Tower with Radar,211,88,50,12,361,0,39,110,31,180,211,127,160,43,541,8,11,19,560
09/27/2006,ABQ,NM,ASW,WE,Combined TRACON& Tower with Radar,210,94,55,9,368,0,40,87,62,189,210,134,142,71,557,0,14,14,571
09/28/2006,ABQ,NM,ASW,WE,Combined TRACON& Tower with Radar,217,97,68,16,398,0,41,144,50,235,217,138,212,66,633,6,32,38,671
09/29/2006,ABQ,NM,ASW,WE,Combined TRACON& Tower with Radar,211,104,98,20,433,0,46,151,30,227,211,150,249,50,660,12,16,28,688
09/30/2006,ABQ,NM,ASW,WE,Combined TRACON& Tower with Radar,184,53,57,1,295,0,18,152,4,174,184,71,209,5,469,24,0,24,493
10/01/2006,ABQ,NM,ASW,WE,Combined TRACON& Tower with Radar,179,61,68,5,313,0,2,112,5,119,179,63,180,10,432,0,0,0,432
10/02/2006,ABQ,NM,ASW,WE,Combined TRACON& Tower with Radar,203,91,54,17,365,0,27,62,56,145,203,118,116,73,510,16,10,26,536
10/03/2006,ABQ,NM,ASW,WE,Combined TRACON& Tower with Radar,212,95,48,13,368,0,44,83,83,210,212,139,131,96,578,26,4,30,608
10/04/2006,ABQ,NM,ASW,WE,Combined TRACON& Tower with Radar,217,96,50,33,396,0,36,66,94,196,217,132,116,127,592,4,30,34,626
10/05/2006,ABQ,NM,ASW,WE,Combined TRACON& Tower with Radar,220,92,64,21,397,0,28,89,75,192,220,120,153,96,589,16,10,26,615
10/06/2006,ABQ,NM,ASW,WE,Combined TRACON& Tower with Radar,228,96,50,36,410,0,28,74,74,176,228,124,124,110,586,2,22,24,610
10/07/2006,ABQ,NM,ASW,WE,Combined TRACON& Tower with Radar,189,48,34,3,274,0,12,64,8,84,189,60,98,11,358,4,0,4,362
10/08/2006,ABQ,NM,ASW,WE,Combined TRACON& Tower with Radar,188,54,30,1,273,0,4,13,7,24,188,58,43,8,297,8,0,8,305
10/09/2006,ABQ,NM,ASW,WE,Combined TRACON& Tower with Radar,204,101,38,19,362,0,4,23,0,27,204,105,61,19,389,4,6,10,399
10/10/2006,ABQ,NM,ASW,WE,Combined TRACON& Tower with Radar,216,86,67,18,387,0,28,76,47,151,216,114,143,65,538,0,18,18,556
10/11/2006,ABQ,NM,ASW,WE,Combined TRACON& Tower with Radar,217,86,44,17,364,0,41,90,105,236,217,127,134,122,600,18,28,46,646
10/12/2006,ABQ,NM,ASW,WE,Combined TRACON& Tower with Radar,218,93,56,53,420,0,38,88,75,201,218,131,144,128,621,48,36,84,705
10/13/2006,ABQ,NM,ASW,WE,Combined TRACON& Tower with Radar,230,86,55,64,435,0,42,109,95,246,230,128,164,159,681,2,42,44,725
10/14/2006,ABQ,NM,ASW,WE,Combined TRACON& Tower with Radar,187,45,44,19,295,0,12,54,12,78,187,57,98,31,373,12,0,12,385
10/15/2006,ABQ,NM,ASW,WE,Combined TRACON& Tower with Radar,186,53,45,9,293,0,1,46,23,70,186,54,91,32,363,8,0,8,371
10/16/2006,ABQ,NM,ASW,WE,Combined TRACON& Tower with Radar,201,87,44,15,347,0,25,79,9,113,201,112,123,24,460,6,4,10,470
10/17/2006,ABQ,NM,ASW,WE,Combined TRACON& Tower with Radar,225,84,38,34,381,0,37,47,59,143,225,121,85,93,524,2,4,6,530
10/18/2006,ABQ,NM,ASW,WE,Combined TRACON& Tower with Radar,215,113,40,43,411,0,33,71,48,152,215,146,111,91,563,2,22,24,587
10/19/2006,ABQ,NM,ASW,WE,Combined TRACON& Tower with Radar,216,91,49,32,388,0,42,72,45,159,216,133,121,77,547,8,6,14,561
10/20/2006,ABQ,NM,ASW,WE,Combined TRACON& Tower with Radar,217,76,62,69,424,0,48,93,55,196,217,124,155,124,620,4,84,88,708
10/21/2006,ABQ,NM,ASW,WE,Combined TRACON& Tower with Radar,187,55,34,26,302,0,15,60,28,103,187,70,94,54,405,0,0,0,405
10/22/2006,ABQ,NM,ASW,WE,Combined TRACON& Tower with Radar,179,54,27,10,270,0,5,60,4,69,179,59,87,14,339,6,0,6,345
10/23/2006,ABQ,NM,ASW,WE,Combined TRACON& Tower with Radar,202,79,37,15,333,0,30,68,45,143,202,109,105,60,476,12,16,28,504
10/24/2006,ABQ,NM,ASW,WE,Combined TRACON& Tower with Radar,210,96,54,33,393,0,40,92,60,192,210,136,146,93,585,42,30,72,657
10/25/2006,ABQ,NM,ASW,WE,Combined TRACON& Tower with Radar,218,103,44,34,399,0,47,61,56,164,218,150,105,90,563,8,10,18,581
10/26/2006,ABQ,NM,ASW,WE,Combined TRACON& Tower with Radar,212,96,51,40,399,0,56,28,40,124,212,152,79,80,523,2,8,10,533
10/27/2006,ABQ,NM,ASW,WE,Combined TRACON& Tower with Radar,214,95,63,38,410,0,53,95,64,212,214,148,158,102,622,22,34,56,678
10/28/2006,ABQ,NM,ASW,WE,Combined TRACON& Tower with Radar,184,63,46,7,300,0,13,85,14,112,184,76,131,21,412,22,12,34,446
10/29/2006,ABQ,NM,ASW,WE,Combined TRACON& Tower with Radar,185,61,31,17,294,0,4,55,0,59,185,65,86,17,353,6,6,12,365
10/30/2006,ABQ,NM,ASW,WE,Combined TRACON& Tower with Radar,202,91,30,14,337,0,25,60,49,134,202,116,90,63,471,8,14,22,493
10/31/2006,ABQ,NM,ASW,WE,Combined TRACON& Tower with Radar,212,82,32,36,362,0,47,74,51,172,212,129,106,87,534,4,12,16,550
11/01/2006,ABQ,NM,ASW,WE,Combined TRACON& Tower with Radar,222,95,51,30,398,0,48,73,51,172,222,143,124,81,570,32,22,54,624
11/02/2006,ABQ,NM,ASW,WE,Combined TRACON& Tower with Radar,227,87,67,25,406,0,37,105,71,213,227,124,172,96,619,8,26,34,653
11/03/2006,ABQ,NM,ASW,WE,Combined TRACON& Tower with Radar,223,89,68,42,422,0,43,113,49,205,223,132,181,91,627,10,62,72,699
11/04/2006,ABQ,NM,ASW,WE,Combined TRACON& Tower with Radar,185,41,32,14,272,0,18,100,12,130,185,59,132,26,402,24,0,24,426
11/05/2006,ABQ,NM,ASW,WE,Combined TRACON& Tower with Radar,184,56,44,16,300,0,6,62,5,73,184,62,106,21,373,4,8,12,385
11/06/2006,ABQ,NM,ASW,WE,Combined TRACON& Tower with Radar,204,80,51,25,360,0,19,77,38,134,204,99,128,63,494,20,6,26,520
11/07/2006,ABQ,NM,ASW,WE,Combined TRACON& Tower with Radar,216,85,73,26,400,0,51,85,68,204,216,136,158,94,604,28,6,34,638
11/08/2006,ABQ,NM,ASW,WE,Combined TRACON& Tower with Radar,215,86,53,26,380,0,49,100,83,232,215,135,153,109,612,16,12,28,640
11/09/2006,ABQ,NM,ASW,WE,Combined TRACON& Tower with Radar,220,85,67,31,403,0,49,120,22,191,220,134,187,53,594,16,8,24,618
11/10/2006,ABQ,NM,ASW,WE,Combined TRACON& Tower with Radar,221,76,31,1,329,0,33,68,12,113,221,109,99,13,442,8,0,8,450
11/11/2006,ABQ,NM,ASW,WE,Combined TRACON& Tower with Radar,191,52,43,5,291,0,11,62,13,86,191,63,105,18,377,14,0,14,391
11/12/2006,ABQ,NM,ASW,WE,Combined TRACON& Tower with Radar,187,53,42,11,293,0,2,28,0,30,187,55,70,11,323,6,0,6,329
11/13/2006,ABQ,NM,ASW,WE,Combined TRACON& Tower with Radar,206,89,48,28,371,0,26,75,46,147,206,115,123,74,518,18,18,36,554
11/14/2006,ABQ,NM,ASW,WE,Combined TRACON& Tower with Radar,225,86,72,12,395,0,34,30,50,114,225,120,102,62,509,0,2,2,511
11/15/2006,ABQ,NM,ASW,WE,Combined TRACON& Tower with Radar,212,98,40,42,392,0,48,105,68,221,212,146,145,110,613,26,36,62,675
11/16/2006,ABQ,NM,ASW,WE,Combined TRACON& Tower with Radar,227,97,58,43,425,0,36,76,80,192,227,133,134,123,617,6,32,38,655
11/17/2006,ABQ,NM,ASW,WE,Combined TRACON& Tower with Radar,216,89,47,36,388,0,43,102,45,190,216,132,149,81,578,20,44,64,642
11/18/2006,ABQ,NM,ASW,WE,Combined TRACON& Tower with Radar,196,53,34,23,306,0,9,69,3,81,196,62,103,26,387,18,32,50,437
11/19/2006,ABQ,NM,ASW,WE,Combined TRACON& Tower with Radar,187,54,32,17,290,0,6,76,1,83,187,60,108,18,373,18,0,18,391
11/20/2006,ABQ,NM,ASW,WE,Combined TRACON& Tower with Radar,205,100,39,29,373,0,25,90,47,162,205,125,129,76,535,28,32,60,595
11/21/2006,ABQ,NM,ASW,WE,Combined TRACON& Tower with Radar,228,89,43,22,382,0,50,126,72,248,228,139,169,94,630,23,15,38,668
11/22/2006,ABQ,NM,ASW,WE,Combined TRACON& Tower with Radar,227,84,42,7,360,0,66,94,41,201,227,150,136,48,561,4,14,18,579
11/23/2006,ABQ,NM,ASW,WE,Combined TRACON& Tower with Radar,157,53,9,0,219,0,4,41,0,45,157,57,50,0,264,2,0,2,266
11/24/2006,ABQ,NM,ASW,WE,Combined TRACON& Tower with Radar,184,65,16,1,266,0,37,65,2,104,184,102,81,3,370,12,0,12,382
11/25/2006,ABQ,NM,ASW,WE,Combined TRACON& Tower with Radar,186,52,23,0,261,0,11,60,1,72,186,63,83,1,333,0,0,0,333
11/26/2006,ABQ,NM,ASW,WE,Combined TRACON& Tower with Radar,200,54,37,1,292,0,4,57,0,61,200,58,94,1,353,4,0,4,357
11/27/2006,ABQ,NM,ASW,WE,Combined TRACON& Tower with Radar,209,84,36,23,352,0,16,48,64,128,209,100,84,87,480,0,21,21,501
11/28/2006,ABQ,NM,ASW,WE,Combined TRACON& Tower with Radar,226,90,38,34,388,0,34,55,78,167,226,124,93,112,555,4,34,38,593
11/29/2006,ABQ,NM,ASW,WE,Combined TRACON& Tower with Radar,211,116,48,8,383,0,2,12,59,73,211,118,60,67,456,10,20,30,486
11/30/2006,ABQ,NM,ASW,WE,Combined TRACON& Tower with Radar,217,82,58,38,395,0,32,56,45,133,217,114,114,83,528,20,20,40,568
12/01/2006,ABQ,NM,ASW,WE,Combined TRACON& Tower with Radar,209,84,57,41,391,0,40,83,55,178,209,124,140,96,569,12,42,54,623
12/02/2006,ABQ,NM,ASW,WE,Combined TRACON& Tower with Radar,186,55,33,28,302,0,12,82,25,119,186,67,115,53,421,6,0,6,427
12/03/2006,ABQ,NM,ASW,WE,Combined TRACON& Tower with Radar,181,58,21,32,292,0,5,57,4,66,181,63,78,36,358,6,2,8,366
12/04/2006,ABQ,NM,ASW,WE,Combined TRACON& Tower with Radar,200,80,30,20,330,0,25,71,37,133,200,105,101,57,463,12,16,28,491
12/05/2006,ABQ,NM,ASW,WE,Combined TRACON& Tower with Radar,211,82,40,36,369,0,39,85,74,198,211,121,125,110,567,4,32,36,603
12/06/2006,ABQ,NM,ASW,WE,Combined TRACON& Tower with Radar,222,92,45,37,396,0,40,86,57,183,222,132,131,94,579,18,18,36,615
12/07/2006,ABQ,NM,ASW,WE,Combined TRACON& Tower with Radar,221,85,60,43,409,0,43,67,62,172,221,128,127,105,581,32,30,62,643
12/08/2006,ABQ,NM,ASW,WE,Combined TRACON& Tower with Radar,213,88,54,47,402,0,41,87,35,163,213,129,141,82,565,8,24,32,597
12/09/2006,ABQ,NM,ASW,WE,Combined TRACON& Tower with Radar,184,55,50,3,292,0,10,76,9,95,184,65,126,12,387,16,2,18,405
12/10/2006,ABQ,NM,ASW,WE,Combined TRACON& Tower with Radar,180,60,35,17,292,0,3,42,2,47,180,63,77,19,339,6,2,8,347
12/11/2006,ABQ,NM,ASW,WE,Combined TRACON& Tower with Radar,200,84,40,23,347,0,13,45,45,103,200,97,85,68,450,8,12,20,470
12/12/2006,ABQ,NM,ASW,WE,Combined TRACON& Tower with Radar,216,85,55,33,389,0,39,54,52,145,216,124,109,85,534,14,27,41,575
12/13/2006,ABQ,NM,ASW,WE,Combined TRACON& Tower with Radar,215,86,44,38,383,0,52,99,49,200,215,138,143,87,583,10,48,58,641
12/14/2006,ABQ,NM,ASW,WE,Combined TRACON& Tower with Radar,213,90,61,47,411,0,36,80,69,185,213,126,141,116,596,14,28,42,638
12/15/2006,ABQ,NM,ASW,WE,Combined TRACON& Tower with Radar,214,94,50,46,404,0,46,93,80,219,214,140,143,126,623,0,18,18,641
12/16/2006,ABQ,NM,ASW,WE,Combined TRACON& Tower with Radar,190,60,21,11,282,0,16,64,10,90,190,76,85,21,372,6,18,24,396
12/17/2006,ABQ,NM,ASW,WE,Combined TRACON& Tower with Radar,188,45,15,11,259,0,5,52,0,57,188,50,67,11,316,6,0,6,322
12/18/2006,ABQ,NM,ASW,WE,Combined TRACON& Tower with Radar,198,99,40,28,365,0,8,21,56,85,198,107,61,84,450,6,16,22,472
12/19/2006,ABQ,NM,ASW,WE,Combined TRACON& Tower with Radar,158,73,11,3,245,0,0,0,0,0,158,73,11,3,245,6,0,6,251
12/20/2006,ABQ,NM,ASW,WE,Combined TRACON& Tower with Radar,221,135,43,4,403,0,2,11,0,13,221,137,54,4,416,0,0,0,416
12/21/2006,ABQ,NM,ASW,WE,Combined TRACON& Tower with Radar,212,86,41,18,357,0,44,83,35,162,212,130,124,53,519,4,8,12,531
12/22/2006,ABQ,NM,ASW,WE,Combined TRACON& Tower with Radar,220,104,59,11,394,0,52,98,39,189,220,156,157,50,583,26,30,56,639
12/23/2006,ABQ,NM,ASW,WE,Combined TRACON& Tower with Radar,199,64,48,3,314,0,32,55,3,90,199,96,103,6,404,16,0,16,420
12/24/2006,ABQ,NM,ASW,WE,Combined TRACON& Tower with Radar,176,43,11,0,230,0,14,29,0,43,176,57,40,0,273,0,0,0,273
12/25/2006,ABQ,NM,ASW,WE,Combined TRACON& Tower with Radar,163,64,10,0,237,0,2,16,0,18,163,66,26,0,255,0,0,0,255
12/26/2006,ABQ,NM,ASW,WE,Combined TRACON& Tower with Radar,195,80,37,0,312,0,31,72,0,103,195,111,109,0,415,10,0,10,425
12/27/2006,ABQ,NM,ASW,WE,Combined TRACON& Tower with Radar,217,101,36,7,361,0,44,50,18,112,217,145,86,25,473,10,6,16,489
12/28/2006,ABQ,NM,ASW,WE,Combined TRACON& Tower with Radar,213,103,19,10,345,0,15,23,36,74,213,118,42,46,419,2,0,2,421
12/29/2006,ABQ,NM,ASW,WE,Combined TRACON& Tower with Radar,104,74,25,1,204,0,0,0,1,1,104,74,25,2,205,0,0,0,205
12/30/2006,ABQ,NM,ASW,WE,Combined TRACON& Tower with Radar,47,33,17,0,97,0,0,5,0,5,47,33,22,0,102,0,0,0,102
12/31/2006,ABQ,NM,ASW,WE,Combined TRACON& Tower with Radar,131,37,19,0,187,0,1,26,0,27,131,38,45,0,214,0,0,0,214
01/01/2007,ABQ,NM,ASW,WE,Combined TRACON& Tower with Radar,172,49,24,0,245,0,0,38,1,39,172,49,62,1,284,0,0,0,284
01/02/2007,ABQ,NM,ASW,WE,Combined TRACON& Tower with Radar,207,101,33,1,342,0,26,39,2,67,207,127,72,3,409,2,0,2,411
01/03/2007,ABQ,NM,ASW,WE,Combined TRACON& Tower with Radar,216,95,35,13,359,0,40,52,3,95,216,135,87,16,454,6,2,8,462
01/04/2007,ABQ,NM,ASW,WE,Combined TRACON& Tower with Radar,213,98,53,30,394,0,38,70,51,159,213,136,123,81,553,14,4,18,571
01/05/2007,ABQ,NM,ASW,WE,Combined TRACON& Tower with Radar,214,116,34,22,386,0,25,43,81,149,214,141,77,103,535,36,36,72,607
01/06/2007,ABQ,NM,ASW,WE,Combined TRACON& Tower with Radar,188,70,35,6,299,0,6,73,2,81,188,76,108,8,380,16,0,16,396
01/07/2007,ABQ,NM,ASW,WE,Combined TRACON& Tower with Radar,192,55,22,28,297,0,7,50,4,61,192,62,72,32,358,0,0,0,358
01/08/2007,ABQ,NM,ASW,WE,Combined TRACON& Tower with Radar,201,90,39,15,345,0,33,67,47,147,201,123,106,62,492,18,2,20,512
01/09/2007,ABQ,NM,ASW,WE,Combined TRACON& Tower with Radar,216,87,53,40,396,0,38,93,78,209,216,125,146,118,605,10,40,50,655
01/10/2007,ABQ,NM,ASW,WE,Combined TRACON& Tower with Radar,210,102,59,22,393,0,37,102,75,214,210,139,161,97,607,18,30,48,655
01/11/2007,ABQ,NM,ASW,WE,Combined TRACON& Tower with Radar,209,99,81,25,414,0,32,77,66,175,209,131,158,91,589,30,20,50,639
01/12/2007,ABQ,NM,ASW,WE,Combined TRACON& Tower with Radar,206,113,48,43,410,0,21,34,84,139,206,134,82,127,549,2,28,30,579
01/13/2007,ABQ,NM,ASW,WE,Combined TRACON& Tower with Radar,163,65,17,1,246,0,2,21,9,32,163,67,38,10,278,4,10,14,292
01/14/2007,ABQ,NM,ASW,WE,Combined TRACON& Tower with Radar,170,51,31,2,254,0,0,30,0,30,170,51,61,2,284,20,0,20,304
01/15/2007,ABQ,NM,ASW,WE,Combined TRACON& Tower with Radar,185,75,38,2,300,0,19,63,1,83,185,94,101,3,383,14,0,14,397
01/16/2007,ABQ,NM,ASW,WE,Combined TRACON& Tower with Radar,210,77,46,22,355,0,49,70,57,176,210,126,116,79,531,4,8,12,543
01/17/2007,ABQ,NM,ASW,WE,Combined TRACON& Tower with Radar,191,99,66,25,381,0,34,70,57,161,191,133,136,82,542,20,20,40,582
01/18/2007,ABQ,NM,ASW,WE,Combined TRACON& Tower with Radar,203,96,46,40,385,0,30,68,55,153,203,126,114,95,538,10,57,67,605
01/19/2007,ABQ,NM,ASW,WE,Combined TRACON& Tower with Radar,205,98,23,28,354,0,19,21,68,108,205,117,44,96,462,0,38,38,500
01/20/2007,ABQ,NM,ASW,WE,Combined TRACON& Tower with Radar,163,62,14,1,240,0,1,0,0,1,163,63,14,1,241,2,0,2,243
01/21/2007,ABQ,NM,ASW,WE,Combined TRACON& Tower with Radar,173,51,28,4,256,0,0,17,4,21,173,51,45,8,277,0,0,0,277
01/22/2007,ABQ,NM,ASW,WE,Combined TRACON& Tower with Radar,196,91,39,13,339,0,14,31,37,82,196,105,70,50,421,8,6,14,435
01/23/2007,ABQ,NM,ASW,WE,Combined TRACON& Tower with Radar,208,94,49,29,380,0,35,62,61,158,208,129,111,90,538,30,8,38,576
01/24/2007,ABQ,NM,ASW,WE,Combined TRACON& Tower with Radar,207,87,67,32,393,0,42,84,51,177,207,129,151,83,570,16,6,22,592
01/25/2007,ABQ,NM,ASW,WE,Combined TRACON& Tower with Radar,212,95,64,36,407,0,42,84,62,188,212,137,148,98,595,36,44,80,675
01/26/2007,ABQ,NM,ASW,WE,Combined TRACON& Tower with Radar,204,101,48,60,413,0,28,80,65,173,204,129,128,125,586,14,70,84,670
01/27/2007,ABQ,NM,ASW,WE,Combined TRACON& Tower with Radar,171,63,22,14,270,0,8,34,2,44,171,71,56,16,314,8,0,8,322
01/28/2007,ABQ,NM,ASW,WE,Combined TRACON& Tower with Radar,179,56,41,14,290,0,6,67,1,74,179,62,108,15,364,12,0,12,376
01/29/2007,ABQ,NM,ASW,WE,Combined TRACON& Tower with Radar,194,97,60,2,353,0,24,68,15,107,194,121,128,17,460,8,0,8,468
01/30/2007,ABQ,NM,ASW,WE,Combined TRACON& Tower with Radar,206,105,34,19,364,1,23,48,26,98,207,128,82,45,462,4,10,14,476
01/31/2007,ABQ,NM,ASW,WE,Combined TRACON& Tower with Radar,202,133,60,19,414,0,6,15,40,61,202,139,75,59,475,6,18,24,499
02/01/2007,ABQ,NM,ASW,WE,Combined TRACON& Tower with Radar,208,126,71,21,426,0,20,25,51,96,208,146,96,72,522,6,10,16,538
02/02/2007,ABQ,NM,ASW,WE,Combined TRACON& Tower with Radar,200,100,36,36,372,0,43,75,51,169,200,143,111,87,541,13,32,45,586
02/03/2007,ABQ,NM,ASW,WE,Combined TRACON& Tower with Radar,169,52,23,36,280,0,9,55,9,73,169,61,78,45,353,8,2,10,363
02/04/2007,ABQ,NM,ASW,WE,Combined TRACON& Tower with Radar,175,45,26,15,261,0,2,38,2,42,175,47,64,17,303,6,2,8,311
02/05/2007,ABQ,NM,ASW,WE,Combined TRACON& Tower with Radar,196,73,31,20,320,0,30,72,44,146,196,103,103,64,466,22,28,50,516
02/06/2007,ABQ,NM,ASW,WE,Combined TRACON& Tower with Radar,204,83,36,21,344,0,50,107,60,217,204,133,143,81,561,16,38,54,615
02/07/2007,ABQ,NM,ASW,WE,Combined TRACON& Tower with Radar,208,89,32,15,344,0,38,85,50,173,208,127,117,65,517,0,30,30,547
02/08/2007,ABQ,NM,ASW,WE,Combined TRACON& Tower with Radar,216,107,47,14,384,0,44,83,53,180,216,151,130,67,564,12,4,16,580
02/09/2007,ABQ,NM,ASW,WE,Combined TRACON& Tower with Radar,207,88,47,61,403,0,50,114,49,213,207,138,161,110,616,4,56,60,676
02/10/2007,ABQ,NM,ASW,WE,Combined TRACON& Tower with Radar,174,58,35,25,292,0,14,100,26,140,174,72,135,51,432,2,46,48,480
02/11/2007,ABQ,NM,ASW,WE,Combined TRACON& Tower with Radar,175,56,37,34,302,0,1,35,11,47,175,57,72,45,349,2,22,24,373
02/12/2007,ABQ,NM,ASW,WE,Combined TRACON& Tower with Radar,196,90,36,9,331,0,23,55,52,130,196,113,91,61,461,24,14,38,499
02/13/2007,ABQ,NM,ASW,WE,Combined TRACON& Tower with Radar,195,111,56,18,380,0,19,19,34,72,195,130,75,52,452,0,2,2,454
02/14/2007,ABQ,NM,ASW,WE,Combined TRACON& Tower with Radar,195,127,19,11,352,0,4,5,16,25,195,131,24,27,377,0,2,2,379
02/15/2007,ABQ,NM,ASW,WE,Combined TRACON& Tower with Radar,217,106,54,33,410,0,32,63,53,148,217,138,117,86,558,8,26,34,592
02/16/2007,ABQ,NM,ASW,WE,Combined TRACON& Tower with Radar,212,94,36,31,373,0,46,114,20,180,212,140,150,51,553,0,0,0,553
02/17/2007,ABQ,NM,ASW,WE,Combined TRACON& Tower with Radar,170,55,23,16,264,0,10,113,7,130,170,65,136,23,394,6,8,14,408
02/18/2007,ABQ,NM,ASW,WE,Combined TRACON& Tower with Radar,179,57,23,13,272,0,4,69,1,74,179,61,92,14,346,0,0,0,346
02/19/2007,ABQ,NM,ASW,WE,Combined TRACON& Tower with Radar,192,92,34,20,338,0,19,70,2,91,192,111,104,22,429,8,6,14,443
02/20/2007,ABQ,NM,ASW,WE,Combined TRACON& Tower with Radar,214,105,47,20,386,1,36,63,45,145,215,141,110,65,531,4,22,26,557
02/21/2007,ABQ,NM,ASW,WE,Combined TRACON& Tower with Radar,211,85,53,45,394,0,44,84,67,195,211,129,137,112,589,2,36,38,627
02/22/2007,ABQ,NM,ASW,WE,Combined TRACON& Tower with Radar,213,102,43,32,390,0,45,85,67,197,213,147,128,99,587,24,28,52,639
02/23/2007,ABQ,NM,ASW,WE,Combined TRACON& Tower with Radar,210,102,60,38,410,1,34,64,37,136,211,136,124,75,546,2,18,20,566
02/24/2007,ABQ,NM,ASW,WE,Combined TRACON& Tower with Radar,165,70,38,11,284,0,13,29,5,47,165,83,67,16,331,4,4,8,339
02/25/2007,ABQ,NM,ASW,WE,Combined TRACON& Tower with Radar,163,62,32,17,274,0,12,60,17,89,163,74,92,34,363,22,60,82,445
02/26/2007,ABQ,NM,ASW,WE,Combined TRACON& Tower with Radar,199,88,36,18,341,0,29,65,33,127,199,117,101,51,468,2,0,2,470
02/27/2007,ABQ,NM,ASW,WE,Combined TRACON& Tower with Radar,213,88,39,22,362,0,44,67,79,190,213,132,106,101,552,14,20,34,586
02/28/2007,ABQ,NM,ASW,WE,Combined TRACON& Tower with Radar,209,96,48,19,372,1,45,35,59,140,210,141,83,78,512,16,74,90,602
03/01/2007,ABQ,NM,ASW,WE,Combined TRACON& Tower with Radar,211,100,57,23,391,0,33,53,65,151,211,133,110,88,542,6,30,36,578
03/02/2007,ABQ,NM,ASW,WE,Combined TRACON& Tower with Radar,210,97,41,30,378,0,36,52,54,142,210,133,93,84,520,4,24,28,548
03/03/2007,ABQ,NM,ASW,WE,Combined TRACON& Tower with Radar,181,62,40,16,299,0,13,76,20,109,181,75,116,36,408,8,2,10,418
03/04/2007,ABQ,NM,ASW,WE,Combined TRACON& Tower with Radar,184,54,30,17,285,0,6,73,24,103,184,60,103,41,388,14,14,28,416
03/05/2007,ABQ,NM,ASW,WE,Combined TRACON& Tower with Radar,210,81,36,18,345,1,26,91,40,158,211,107,127,58,503,16,20,36,539
03/06/2007,ABQ,NM,ASW,WE,Combined TRACON& Tower with Radar,216,92,35,17,360,0,44,56,53,153,216,136,91,70,513,8,20,28,541
03/07/2007,ABQ,NM,ASW,WE,Combined TRACON& Tower with Radar,214,93,59,34,400,1,34,65,59,159,215,127,124,93,559,4,46,50,609
03/08/2007,ABQ,NM,ASW,WE,Combined TRACON& Tower with Radar,216,95,61,20,392,0,37,68,56,161,216,132,129,76,553,30,10,40,593
03/09/2007,ABQ,NM,ASW,WE,Combined TRACON& Tower with Radar,213,94,61,41,409,0,35,88,72,195,213,129,149,113,604,24,76,100,704
03/10/2007,ABQ,NM,ASW,WE,Combined TRACON& Tower with Radar,182,53,39,15,289,0,15,58,2,75,182,68,97,17,364,2,6,8,372
03/11/2007,ABQ,NM,ASW,WE,Combined TRACON& Tower with Radar,193,56,35,27,311,0,1,48,5,54,193,57,83,32,365,2,14,16,381
03/12/2007,ABQ,NM,ASW,WE,Combined TRACON& Tower with Radar,201,84,42,21,348,0,19,87,45,151,201,103,129,66,499,38,24,62,561
03/13/2007,ABQ,NM,ASW,WE,Combined TRACON& Tower with Radar,199,88,51,16,354,1,33,80,58,172,200,121,131,74,526,22,38,60,586
03/14/2007,ABQ,NM,ASW,WE,Combined TRACON& Tower with Radar,221,83,70,32,406,0,35,67,52,154,221,118,137,84,560,42,32,74,634
03/15/2007,ABQ,NM,ASW,WE,Combined TRACON& Tower with Radar,232,95,58,32,417,0,40,92,85,217,232,135,150,117,634,20,26,46,680
03/16/2007,ABQ,NM,ASW,WE,Combined TRACON& Tower with Radar,214,101,48,69,432,0,34,103,58,195,214,135,151,127,627,36,26,62,689
03/17/2007,ABQ,NM,ASW,WE,Combined TRACON& Tower with Radar,186,61,33,8,288,0,14,77,19,110,186,75,110,27,398,14,18,32,430
03/18/2007,ABQ,NM,ASW,WE,Combined TRACON& Tower with Radar,187,44,45,15,291,1,1,73,8,83,188,45,118,23,374,6,4,10,384
03/19/2007,ABQ,NM,ASW,WE,Combined TRACON& Tower with Radar,210,86,50,13,359,0,18,93,37,148,210,104,143,50,507,48,11,59,566
03/20/2007,ABQ,NM,ASW,WE,Combined TRACON& Tower with Radar,217,83,46,32,378,0,40,84,65,189,217,123,130,97,567,2,18,20,587
03/21/2007,ABQ,NM,ASW,WE,Combined TRACON& Tower with Radar,219,84,34,22,359,0,38,40,57,135,219,122,74,79,494,2,2,4,498
03/22/2007,ABQ,NM,ASW,WE,Combined TRACON& Tower with Radar,209,114,43,38,404,0,17,30,59,106,209,131,73,97,510,2,68,70,580
03/23/2007,ABQ,NM,ASW,WE,Combined TRACON& Tower with Radar,223,109,43,30,405,0,11,20,50,81,223,120,63,80,486,12,48,60,546
03/24/2007,ABQ,NM,ASW,WE,Combined TRACON& Tower with Radar,185,73,35,27,320,1,2,11,8,22,186,75,46,35,342,2,4,6,348
03/25/2007,ABQ,NM,ASW,WE,Combined TRACON& Tower with Radar,184,53,56,2,295,0,7,65,6,78,184,60,121,8,373,24,0,24,397
03/26/2007,ABQ,NM,ASW,WE,Combined TRACON& Tower with Radar,202,86,67,11,366,0,27,80,14,121,202,113,147,25,487,43,12,55,542
03/27/2007,ABQ,NM,ASW,WE,Combined TRACON& Tower with Radar,219,87,47,16,369,0,32,76,51,159,219,119,123,67,528,4,28,32,560
03/28/2007,ABQ,NM,ASW,WE,Combined TRACON& Tower with Radar,218,97,32,13,360,0,42,53,38,133,218,139,85,51,493,6,2,8,501
03/29/2007,ABQ,NM,ASW,WE,Combined TRACON& Tower with Radar,218,91,37,29,375,0,39,70,40,149,218,130,107,69,524,6,4,10,534
03/30/2007,ABQ,NM,ASW,WE,Combined TRACON& Tower with Radar,209,121,47,52,429,0,13,32,46,91,209,134,79,98,520,22,90,112,632
03/31/2007,ABQ,NM,ASW,WE,Combined TRACON& Tower with Radar,180,55,31,10,276,0,10,61,6,77,180,65,92,16,353,18,2,20,373
04/01/2007,ABQ,NM,ASW,WE,Combined TRACON& Tower with Radar,190,47,22,20,279,0,1,81,3,85,190,48,103,23,364,12,2,14,378
04/02/2007,ABQ,NM,ASW,WE,Combined TRACON& Tower with Radar,204,80,29,17,330,0,20,71,32,123,204,100,100,49,453,6,6,12,465
04/03/2007,ABQ,NM,ASW,WE,Combined TRACON& Tower with Radar,213,103,54,27,397,0,36,77,44,157,213,139,131,71,554,6,26,32,586
04/04/2007,ABQ,NM,ASW,WE,Combined TRACON& Tower with Radar,213,98,42,20,373,0,40,68,61,169,213,138,110,81,542,6,18,24,566
04/05/2007,ABQ,NM,ASW,WE,Combined TRACON& Tower with Radar,214,91,57,19,381,0,37,99,51,187,214,128,156,70,568,4,16,20,588
04/06/2007,ABQ,NM,ASW,WE,Combined TRACON& Tower with Radar,215,107,54,33,409,3,24,68,49,144,218,131,122,82,553,4,8,12,565
04/07/2007,ABQ,NM,ASW,WE,Combined TRACON& Tower with Radar,182,66,18,4,270,0,5,12,1,18,182,71,30,5,288,0,0,0,288
04/08/2007,ABQ,NM,ASW,WE,Combined TRACON& Tower with Radar,186,53,16,2,257,0,4,19,1,24,186,57,35,3,281,0,0,0,281
04/09/2007,ABQ,NM,ASW,WE,Combined TRACON& Tower with Radar,203,104,35,32,374,0,16,45,36,97,203,120,80,68,471,2,18,20,491
04/10/2007,ABQ,NM,ASW,WE,Combined TRACON& Tower with Radar,215,101,46,18,380,0,33,31,39,103,215,134,77,57,483,4,24,28,511
04/11/2007,ABQ,NM,ASW,WE,Combined TRACON& Tower with Radar,209,98,64,26,397,0,40,60,79,179,209,138,124,105,576,24,14,38,614
04/12/2007,ABQ,NM,ASW,WE,Combined TRACON& Tower with Radar,215,108,65,24,412,1,31,53,56,141,216,139,118,80,553,0,20,20,573
04/13/2007,ABQ,NM,ASW,WE,Combined TRACON& Tower with Radar,211,130,57,36,434,0,3,7,39,49,211,133,64,75,483,12,26,38,521
04/14/2007,ABQ,NM,ASW,WE,Combined TRACON& Tower with Radar,193,72,65,25,355,0,8,73,1,82,193,80,138,26,437,34,8,42,479
04/15/2007,ABQ,NM,ASW,WE,Combined TRACON& Tower with Radar,189,57,30,16,292,0,5,67,2,74,189,62,97,18,366,10,0,10,376
04/16/2007,ABQ,NM,ASW,WE,Combined TRACON& Tower with Radar,211,94,44,12,361,0,21,57,29,107,211,115,101,41,468,10,0,10,478
04/17/2007,ABQ,NM,ASW,WE,Combined TRACON& Tower with Radar,222,109,53,22,406,0,38,66,62,166,222,147,119,84,572,14,18,32,604
04/18/2007,ABQ,NM,ASW,WE,Combined TRACON& Tower with Radar,213,108,58,26,405,1,36,61,50,148,214,144,119,76,553,18,6,24,577
04/19/2007,ABQ,NM,ASW,WE,Combined TRACON& Tower with Radar,228,97,78,22,425,0,42,96,68,206,228,139,174,90,631,24,0,24,655
04/20/2007,ABQ,NM,ASW,WE,Combined TRACON& Tower with Radar,214,105,64,40,423,0,38,126,50,214,214,143,190,90,637,6,4,10,647
04/21/2007,ABQ,NM,ASW,WE,Combined TRACON& Tower with Radar,185,71,31,13,300,0,13,32,0,45,185,84,63,13,345,14,0,14,359
04/22/2007,ABQ,NM,ASW,WE,Combined TRACON& Tower with Radar,186,69,50,7,312,0,4,87,4,95,186,73,137,11,407,26,0,26,433
04/23/2007,ABQ,NM,ASW,WE,Combined TRACON& Tower with Radar,205,90,41,14,350,0,22,56,21,99,205,112,97,35,449,2,4,6,455
04/24/2007,ABQ,NM,ASW,WE,Combined TRACON& Tower with Radar,206,116,45,13,380,0,19,40,44,103,206,135,85,57,483,2,11,13,496
04/25/2007,ABQ,NM,ASW,WE,Combined TRACON& Tower with Radar,217,99,78,15,409,0,49,104,80,233,217,148,182,95,642,42,14,56,698
04/26/2007,ABQ,NM,ASW,WE,Combined TRACON& Tower with Radar,214,112,60,31,417,0,40,101,76,217,214,152,161,107,634,28,28,56,690
04/27/2007,ABQ,NM,ASW,WE,Combined TRACON& Tower with Radar,227,103,51,35,416,0,39,87,41,167,227,142,138,76,583,7,40,47,630
04/28/2007,ABQ,NM,ASW,WE,Combined TRACON& Tower with Radar,201,59,48,26,334,0,11,63,11,85,201,70,111,37,419,2,6,8,427
04/29/2007,ABQ,NM,ASW,WE,Combined TRACON& Tower with Radar,186,83,45,29,343,0,5,63,0,68,186,88,108,29,411,14,0,14,425
04/30/2007,ABQ,NM,ASW,WE,Combined TRACON& Tower with Radar,206,84,46,26,362,1,28,66,11,106,207,112,112,37,468,15,8,23,491
05/01/2007,ABQ,NM,ASW,WE,Combined TRACON& Tower with Radar,224,106,48,35,413,0,43,88,85,216,224,149,136,120,629,12,12,24,653
05/02/2007,ABQ,NM,ASW,WE,Combined TRACON& Tower with Radar,218,139,52,35,444,0,19,67,72,158,218,158,119,107,602,20,18,38,640
05/03/2007,ABQ,NM,ASW,WE,Combined TRACON& Tower with Radar,220,102,32,28,382,0,42,108,101,251,220,144,140,129,633,12,0,12,645
05/04/2007,ABQ,NM,ASW,WE,Combined TRACON& Tower with Radar,218,106,57,45,426,0,35,85,50,170,218,141,142,95,596,10,0,10,606
05/05/2007,ABQ,NM,ASW,WE,Combined TRACON& Tower with Radar,196,69,35,34,334,0,6,32,19,57,196,75,67,53,391,0,22,22,413
05/06/2007,ABQ,NM,ASW,WE,Combined TRACON& Tower with Radar,190,67,45,15,317,0,2,42,2,46,190,69,87,17,363,2,0,2,365
05/07/2007,ABQ,NM,ASW,WE,Combined TRACON& Tower with Radar,215,85,47,10,357,1,26,77,26,130,216,111,124,36,487,8,2,10,497
05/08/2007,ABQ,NM,ASW,WE,Combined TRACON& Tower with Radar,220,114,65,53,452,1,30,39,73,143,221,144,104,126,595,16,82,98,693
05/09/2007,ABQ,NM,ASW,WE,Combined TRACON& Tower with Radar,227,95,61,30,413,0,31,82,37,150,227,126,143,67,563,8,18,26,589
05/10/2007,ABQ,NM,ASW,WE,Combined TRACON& Tower with Radar,224,102,76,46,448,0,44,100,53,197,224,146,176,99,645,22,36,58,703
05/11/2007,ABQ,NM,ASW,WE,Combined TRACON& Tower with Radar,222,88,76,51,437,0,42,113,36,191,222,130,189,87,628,44,46,90,718
05/12/2007,ABQ,NM,ASW,WE,Combined TRACON& Tower with Radar,199,55,44,3,301,0,19,102,5,126,199,74,146,8,427,20,0,20,447
05/13/2007,ABQ,NM,ASW,WE,Combined TRACON& Tower with Radar,191,66,34,14,305,0,11,51,1,63,191,77,85,15,368,6,12,18,386
05/14/2007,ABQ,NM,ASW,WE,Combined TRACON& Tower with Radar,211,97,50,13,371,0,22,87,32,141,211,119,137,45,512,10,2,12,524
05/15/2007,ABQ,NM,ASW,WE,Combined TRACON& Tower with Radar,222,97,47,35,401,1,30,50,67,148,223,127,97,102,549,6,64,70,619
05/16/2007,ABQ,NM,ASW,WE,Combined TRACON& Tower with Radar,224,107,46,33,410,0,20,58,35,113,224,127,104,68,523,8,10,18,541
05/17/2007,ABQ,NM,ASW,WE,Combined TRACON& Tower with Radar,233,130,55,26,444,1,17,55,47,120,234,147,110,73,564,20,14,34,598
05/18/2007,ABQ,NM,ASW,WE,Combined TRACON& Tower with Radar,140,48,41,23,252,0,20,68,24,112,140,68,109,47,364,20,6,26,390
05/19/2007,ABQ,NM,ASW,WE,Combined TRACON& Tower with Radar,214,70,50,7,341,0,9,65,7,81,214,79,115,14,422,16,8,24,446
05/20/2007,ABQ,NM,ASW,WE,Combined TRACON& Tower with Radar,122,44,17,8,191,0,2,23,0,25,122,46,40,8,216,0,4,4,220
05/21/2007,ABQ,NM,ASW,WE,Combined TRACON& Tower with Radar,216,84,48,19,367,0,28,57,42,127,216,112,105,61,494,8,2,10,504
05/22/2007,ABQ,NM,ASW,WE,Combined TRACON& Tower with Radar,224,108,57,29,418,0,44,75,50,169,224,152,132,79,587,8,35,43,630
05/23/2007,ABQ,NM,ASW,WE,Combined TRACON& Tower with Radar,222,105,62,26,415,0,36,54,49,139,222,141,116,75,554,20,26,46,600
05/24/2007,ABQ,NM,ASW,WE,Combined TRACON& Tower with Radar,222,100,71,36,429,0,33,61,60,154,222,133,132,96,583,10,36,46,629
05/25/2007,ABQ,NM,ASW,WE,Combined TRACON& Tower with Radar,229,120,37,35,421,0,31,80,11,122,229,151,117,46,543,4,4,8,551
05/26/2007,ABQ,NM,ASW,WE,Combined TRACON& Tower with Radar,209,73,31,3,316,1,15,64,2,82,210,88,95,5,398,24,0,24,422
05/27/2007,ABQ,NM,ASW,WE,Combined TRACON& Tower with Radar,162,61,24,0,247,0,2,32,0,34,162,63,56,0,281,0,0,0,281
05/28/2007,ABQ,NM,ASW,WE,Combined TRACON& Tower with Radar,183,70,33,4,290,0,10,70,1,81,183,80,103,5,371,0,0,0,371
05/29/2007,ABQ,NM,ASW,WE,Combined TRACON& Tower with Radar,209,92,53,12,366,0,26,68,39,133,209,118,121,51,499,8,2,10,509
05/30/2007,ABQ,NM,ASW,WE,Combined TRACON& Tower with Radar,213,98,44,30,385,0,40,72,62,174,213,138,116,92,559,4,18,22,581
05/31/2007,ABQ,NM,ASW,WE,Combined TRACON& Tower with Radar,231,99,62,34,426,0,29,80,61,170,231,128,142,95,596,24,34,58,654
06/01/2007,ABQ,NM,ASW,WE,Combined TRACON& Tower with Radar,220,119,45,19,403,0,44,88,31,163,220,163,133,50,566,42,2,44,610
06/02/2007,ABQ,NM,ASW,WE,Combined TRACON& Tower with Radar,211,73,32,15,331,0,10,87,24,121,211,83,119,39,452,48,18,66,518
06/03/2007,ABQ,NM,ASW,WE,Combined TRACON& Tower with Radar,195,74,36,16,321,0,1,35,4,40,195,75,71,20,361,18,4,22,383
06/04/2007,ABQ,NM,ASW,WE,Combined TRACON& Tower with Radar,214,98,29,8,349,0,32,57,25,114,214,130,86,33,463,2,2,4,467
06/05/2007,ABQ,NM,ASW,WE,Combined TRACON& Tower with Radar,233,108,43,15,399,0,48,74,70,192,233,156,117,85,591,2,36,38,629
06/06/2007,ABQ,NM,ASW,WE,Combined TRACON& Tower with Radar,228,106,26,6,366,0,45,51,36,132,228,151,77,42,498,2,20,22,520
06/07/2007,ABQ,NM,ASW,WE,Combined TRACON& Tower with Radar,234,111,48,34,427,0,42,62,44,148,234,153,110,78,575,4,10,14,589
06/08/2007,ABQ,NM,ASW,WE,Combined TRACON& Tower with Radar,222,110,50,43,425,0,42,75,62,179,222,152,125,105,604,14,44,58,662
06/09/2007,ABQ,NM,ASW,WE,Combined TRACON& Tower with Radar,215,80,43,3,341,1,16,72,11,100,216,96,115,14,441,22,0,22,463
06/10/2007,ABQ,NM,ASW,WE,Combined TRACON& Tower with Radar,200,77,39,4,320,0,6,67,3,76,200,83,106,7,396,4,0,4,400
06/11/2007,ABQ,NM,ASW,WE,Combined TRACON& Tower with Radar,220,113,41,12,386,1,15,72,32,120,221,128,113,44,506,4,2,6,512
06/12/2007,ABQ,NM,ASW,WE,Combined TRACON& Tower with Radar,227,128,55,19,429,0,26,71,57,154,227,154,126,76,583,22,15,37,620
06/13/2007,ABQ,NM,ASW,WE,Combined TRACON& Tower with Radar,233,117,63,22,435,0,50,99,67,216,233,167,162,89,651,6,42,48,699
06/14/2007,ABQ,NM,ASW,WE,Combined TRACON& Tower with Radar,235,115,51,27,428,0,52,87,58,197,235,167,138,85,625,10,6,16,641
06/15/2007,ABQ,NM,ASW,WE,Combined TRACON& Tower with Radar,229,121,67,10,427,0,46,106,25,177,229,167,173,35,604,16,6,22,626
06/16/2007,ABQ,NM,ASW,WE,Combined TRACON& Tower with Radar,221,86,31,7,345,0,9,55,2,66,221,95,86,9,411,10,2,12,423
06/17/2007,ABQ,NM,ASW,WE,Combined TRACON& Tower with Radar,207,80,27,8,322,0,4,55,5,64,207,84,82,13,386,8,0,8,394
06/18/2007,ABQ,NM,ASW,WE,Combined TRACON& Tower with Radar,217,106,57,14,394,0,32,95,10,137,217,138,152,24,531,10,0,10,541
06/19/2007,ABQ,NM,ASW,WE,Combined TRACON& Tower with Radar,233,124,48,21,426,0,39,84,31,154,233,163,132,52,580,4,2,6,586
06/20/2007,ABQ,NM,ASW,WE,Combined TRACON& Tower with Radar,232,121,49,21,423,0,39,62,53,154,232,160,111,74,577,14,18,32,609
06/21/2007,ABQ,NM,ASW,WE,Combined TRACON& Tower with Radar,231,119,61,15,426,0,47,74,53,174,231,166,135,68,600,4,32,36,636
06/22/2007,ABQ,NM,ASW,WE,Combined TRACON& Tower with Radar,234,112,41,20,407,1,41,92,61,195,235,153,133,81,602,4,46,50,652
06/23/2007,ABQ,NM,ASW,WE,Combined TRACON& Tower with Radar,217,93,47,14,371,0,15,78,20,113,217,108,125,34,484,8,38,46,530
06/24/2007,ABQ,NM,ASW,WE,Combined TRACON& Tower with Radar,198,79,33,15,325,0,4,49,6,59,198,83,82,21,384,0,0,0,384
06/25/2007,ABQ,NM,ASW,WE,Combined TRACON& Tower with Radar,213,115,48,26,402,0,28,68,43,139,213,143,116,69,541,2,13,15,556
06/26/2007,ABQ,NM,ASW,WE,Combined TRACON& Tower with Radar,219,123,50,26,418,0,45,87,38,170,219,168,137,64,588,16,16,32,620
06/27/2007,ABQ,NM,ASW,WE,Combined TRACON& Tower with Radar,227,126,60,35,448,1,39,78,67,185,228,165,138,102,633,42,68,110,743
06/28/2007,ABQ,NM,ASW,WE,Combined TRACON& Tower with Radar,228,112,62,31,433,0,44,92,44,180,228,156,154,75,613,8,20,28,641
06/29/2007,ABQ,NM,ASW,WE,Combined TRACON& Tower with Radar,231,127,60,27,445,1,39,102,16,158,232,166,162,43,603,2,4,6,609
06/30/2007,ABQ,NM,ASW,WE,Combined TRACON& Tower with Radar,214,96,43,9,362,0,9,62,10,81,214,105,105,19,443,6,0,6,449
07/01/2007,ABQ,NM,ASW,WE,Combined TRACON& Tower with Radar,198,77,23,5,303,0,6,57,1,64,198,83,80,6,367,0,4,4,371
07/02/2007,ABQ,NM,ASW,WE,Combined TRACON& Tower with Radar,213,107,31,3,354,0,27,83,1,111,213,134,114,4,465,2,0,2,467
07/03/2007,ABQ,NM,ASW,WE,Combined TRACON& Tower with Radar,229,110,41,17,397,0,44,98,38,180,229,154,139,55,577,2,36,38,615
07/04/2007,ABQ,NM,ASW,WE,Combined TRACON& Tower with Radar,191,83,13,4,291,0,6,36,9,51,191,89,49,13,342,0,0,0,342
07/05/2007,ABQ,NM,ASW,WE,Combined TRACON& Tower with Radar,215,109,42,13,379,0,39,71,9,119,215,148,113,22,498,0,0,0,498
07/06/2007,ABQ,NM,ASW,WE,Combined TRACON& Tower with Radar,225,124,60,23,432,0,44,69,41,154,225,168,129,64,586,16,22,38,624
07/07/2007,ABQ,NM,ASW,WE,Combined TRACON& Tower with Radar,216,88,40,8,352,0,21,73,35,129,216,109,113,43,481,12,4,16,497
07/08/2007,ABQ,NM,ASW,WE,Combined TRACON& Tower with Radar,202,81,34,9,326,0,9,51,1,61,202,90,85,10,387,2,0,2,389
07/09/2007,ABQ,NM,ASW,WE,Combined TRACON& Tower with Radar,214,114,57,6,391,0,29,74,35,138,214,143,131,41,529,10,10,20,549
07/10/2007,ABQ,NM,ASW,WE,Combined TRACON& Tower with Radar,228,113,82,25,448,0,45,54,28,127,228,158,136,53,575,8,20,28,603
07/11/2007,ABQ,NM,ASW,WE,Combined TRACON& Tower with Radar,228,129,62,25,444,0,46,73,39,158,228,175,135,64,602,12,0,12,614
07/12/2007,ABQ,NM,ASW,WE,Combined TRACON& Tower with Radar,225,124,53,11,413,2,41,76,50,169,227,165,129,61,582,2,10,12,594
07/13/2007,ABQ,NM,ASW,WE,Combined TRACON& Tower with Radar,232,119,49,23,423,1,52,97,39,189,233,171,146,62,612,0,0,0,612
07/14/2007,ABQ,NM,ASW,WE,Combined TRACON& Tower with Radar,213,86,35,7,341,1,18,63,26,108,214,104,98,33,449,0,0,0,449
07/15/2007,ABQ,NM,ASW,WE,Combined TRACON& Tower with Radar,191,83,35,9,318,0,14,59,1,74,191,97,94,10,392,0,0,0,392
07/16/2007,ABQ,NM,ASW,WE,Combined TRACON& Tower with Radar,215,109,37,11,372,2,35,70,23,130,217,144,107,34,502,14,2,16,518
07/17/2007,ABQ,NM,ASW,WE,Combined TRACON& Tower with Radar,234,117,45,12,408,1,45,86,47,179,235,162,131,59,587,24,8,32,619
07/18/2007,ABQ,NM,ASW,WE,Combined TRACON& Tower with Radar,225,115,55,11,406,1,40,89,71,201,226,155,144,82,607,12,46,58,665
07/19/2007,ABQ,NM,ASW,WE,Combined TRACON& Tower with Radar,225,114,58,20,417,1,51,95,46,193,226,165,153,66,610,16,30,46,656
07/20/2007,ABQ,NM,ASW,WE,Combined TRACON& Tower with Radar,229,126,57,28,440,0,47,97,56,200,229,173,154,84,640,14,76,90,730
07/21/2007,ABQ,NM,ASW,WE,Combined TRACON& Tower with Radar,204,94,38,17,353,0,17,83,3,103,204,111,121,20,456,10,10,20,476
07/22/2007,ABQ,NM,ASW,WE,Combined TRACON& Tower with Radar,200,95,28,10,333,0,9,55,2,66,200,104,83,12,399,12,0,12,411
07/23/2007,ABQ,NM,ASW,WE,Combined TRACON& Tower with Radar,216,111,41,10,378,3,35,80,32,150,219,146,121,42,528,2,0,2,530
07/24/2007,ABQ,NM,ASW,WE,Combined TRACON& Tower with Radar,231,129,55,8,423,0,39,82,36,157,231,168,137,44,580,10,16,26,606
07/25/2007,ABQ,NM,ASW,WE,Combined TRACON& Tower with Radar,227,123,59,28,437,0,46,112,52,210,227,169,171,80,647,22,28,50,697
07/26/2007,ABQ,NM,ASW,WE,Combined TRACON& Tower with Radar,227,127,52,16,422,0,50,89,42,181,227,177,141,58,603,26,18,44,647
07/27/2007,ABQ,NM,ASW,WE,Combined TRACON& Tower with Radar,228,117,44,32,421,1,41,74,42,158,229,158,118,74,579,14,40,54,633
07/28/2007,ABQ,NM,ASW,WE,Combined TRACON& Tower with Radar,214,95,41,1,351,0,20,51,15,86,214,115,92,16,437,12,0,12,449
07/29/2007,ABQ,NM,ASW,WE,Combined TRACON& Tower with Radar,194,90,31,11,326,0,11,48,0,59,194,101,79,11,385,10,0,10,395
07/30/2007,ABQ,NM,ASW,WE,Combined TRACON& Tower with Radar,215,120,55,17,407,1,27,64,31,123,216,147,119,48,530,4,22,26,556
07/31/2007,ABQ,NM,ASW,WE,Combined TRACON& Tower with Radar,232,113,54,16,415,0,40,74,45,159,232,153,128,61,574,6,40,46,620
08/01/2007,ABQ,NM,ASW,WE,Combined TRACON& Tower with Radar,229,123,41,22,415,1,37,69,43,150,230,160,110,65,565,14,14,28,593
08/02/2007,ABQ,NM,ASW,WE,Combined TRACON& Tower with Radar,236,137,52,38,463,1,31,78,71,181,237,168,130,109,644,6,46,52,696
08/03/2007,ABQ,NM,ASW,WE,Combined TRACON& Tower with Radar,230,123,64,42,459,0,40,70,59,169,230,163,134,101,628,8,60,68,696
08/04/2007,ABQ,NM,ASW,WE,Combined TRACON& Tower with Radar,217,103,32,23,375,0,19,50,6,75,217,122,82,29,450,6,8,14,464
08/05/2007,ABQ,NM,ASW,WE,Combined TRACON& Tower with Radar,203,93,32,13,341,1,7,44,0,52,204,100,76,13,393,2,0,2,395
08/06/2007,ABQ,NM,ASW,WE,Combined TRACON& Tower with Radar,219,109,36,5,369,2,28,59,3,92,221,137,95,8,461,16,0,16,477
08/07/2007,ABQ,NM,ASW,WE,Combined TRACON& Tower with Radar,232,116,56,30,434,0,43,61,38,142,232,159,117,68,576,6,16,22,598
08/08/2007,ABQ,NM,ASW,WE,Combined TRACON& Tower with Radar,233,133,57,41,464,2,45,98,62,207,235,178,155,103,671,12,32,44,715
08/09/2007,ABQ,NM,ASW,WE,Combined TRACON& Tower with Radar,222,120,68,39,449,0,47,93,50,190,222,167,161,89,639,8,36,44,683
08/10/2007,ABQ,NM,ASW,WE,Combined TRACON& Tower with Radar,220,122,38,25,405,0,47,61,49,157,220,169,99,74,562,2,0,2,564
08/11/2007,ABQ,NM,ASW,WE,Combined TRACON& Tower with Radar,215,98,30,14,357,0,22,91,14,127,215,120,121,28,484,36,14,50,534
08/12/2007,ABQ,NM,ASW,WE,Combined TRACON& Tower with Radar,196,84,32,10,322,0,16,44,4,64,196,100,76,14,386,2,0,2,388
08/13/2007,ABQ,NM,ASW,WE,Combined TRACON& Tower with Radar,218,111,44,11,384,1,31,85,23,140,219,142,129,34,524,16,0,16,540
08/14/2007,ABQ,NM,ASW,WE,Combined TRACON& Tower with Radar,224,119,59,54,456,1,50,114,58,223,225,169,173,112,679,32,68,100,779
08/15/2007,ABQ,NM,ASW,WE,Combined TRACON& Tower with Radar,227,121,56,28,432,1,43,72,56,172,228,164,128,84,604,6,24,30,634
08/16/2007,ABQ,NM,ASW,WE,Combined TRACON& Tower with Radar,226,117,59,63,465,0,35,115,55,205,226,152,174,118,670,16,48,64,734
08/17/2007,ABQ,NM,ASW,WE,Combined TRACON& Tower with Radar,236,121,64,56,477,1,42,86,59,188,237,163,150,115,665,18,26,44,709
08/18/2007,ABQ,NM,ASW,WE,Combined TRACON& Tower with Radar,213,92,42,15,362,1,14,60,6,81,214,106,102,21,443,18,0,18,461
08/19/2007,ABQ,NM,ASW,WE,Combined TRACON& Tower with Radar,199,80,33,5,317,0,10,53,0,63,199,90,86,5,380,4,0,4,384
08/20/2007,ABQ,NM,ASW,WE,Combined TRACON& Tower with Radar,214,112,38,13,377,1,25,84,25,135,215,137,122,38,512,0,18,18,530
08/21/2007,ABQ,NM,ASW,WE,Combined TRACON& Tower with Radar,223,112,59,22,416,1,47,88,29,165,224,159,147,51,581,8,5,13,594
08/22/2007,ABQ,NM,ASW,WE,Combined TRACON& Tower with Radar,218,115,59,26,418,1,61,79,48,189,219,176,138,74,607,42,4,46,653
08/23/2007,ABQ,NM,ASW,WE,Combined TRACON& Tower with Radar,221,134,57,11,423,2,42,74,30,148,223,176,131,41,571,14,2,16,587
08/24/2007,ABQ,NM,ASW,WE,Combined TRACON& Tower with Radar,223,120,40,45,428,0,44,86,40,170,223,164,126,85,598,0,12,12,610
08/25/2007,ABQ,NM,ASW,WE,Combined TRACON& Tower with Radar,207,81,32,24,344,0,26,91,8,125,207,107,123,32,469,8,4,12,481
08/26/2007,ABQ,NM,ASW,WE,Combined TRACON& Tower with Radar,188,87,38,23,336,1,12,65,4,82,189,99,103,27,418,16,0,16,434
08/27/2007,ABQ,NM,ASW,WE,Combined TRACON& Tower with Radar,213,119,41,5,378,0,31,62,21,114,213,150,103,26,492,2,0,2,494
08/28/2007,ABQ,NM,ASW,WE,Combined TRACON& Tower with Radar,227,115,55,39,436,0,52,100,50,202,227,167,155,89,638,20,6,26,664
08/29/2007,ABQ,NM,ASW,WE,Combined TRACON& Tower with Radar,220,112,54,13,399,0,50,88,47,185,220,162,142,60,584,8,8,16,600
08/30/2007,ABQ,NM,ASW,WE,Combined TRACON& Tower with Radar,230,133,61,36,460,0,42,105,58,205,230,175,166,94,665,32,22,54,719
08/31/2007,ABQ,NM,ASW,WE,Combined TRACON& Tower with Radar,225,122,58,11,416,0,40,89,29,158,225,162,147,40,574,6,6,12,586
09/01/2007,ABQ,NM,ASW,WE,Combined TRACON& Tower with Radar,188,78,27,0,293,0,17,51,3,71,188,95,78,3,364,0,0,0,364
09/02/2007,ABQ,NM,ASW,WE,Combined TRACON& Tower with Radar,158,67,20,3,248,0,8,30,1,39,158,75,50,4,287,0,0,0,287
09/03/2007,ABQ,NM,ASW,WE,Combined TRACON& Tower with Radar,184,82,39,1,306,0,10,69,0,79,184,92,108,1,385,20,0,20,405
09/04/2007,ABQ,NM,ASW,WE,Combined TRACON& Tower with Radar,212,117,35,15,379,0,29,102,43,174,212,146,137,58,553,14,10,24,577
09/05/2007,ABQ,NM,ASW,WE,Combined TRACON& Tower with Radar,230,106,50,30,416,1,42,122,48,213,231,148,172,78,629,12,18,30,659
09/06/2007,ABQ,NM,ASW,WE,Combined TRACON& Tower with Radar,232,107,43,29,411,0,44,70,54,168,232,151,113,83,579,0,0,0,579
09/07/2007,ABQ,NM,ASW,WE,Combined TRACON& Tower with Radar,231,109,43,38,421,1,45,108,40,194,232,154,151,78,615,4,16,20,635
09/08/2007,ABQ,NM,ASW,WE,Combined TRACON& Tower with Radar,189,72,21,23,305,0,20,80,2,102,189,92,101,25,407,10,2,12,419
09/09/2007,ABQ,NM,ASW,WE,Combined TRACON& Tower with Radar,192,76,42,13,323,0,6,29,0,35,192,82,71,13,358,0,2,2,360
09/10/2007,ABQ,NM,ASW,WE,Combined TRACON& Tower with Radar,216,108,55,14,393,0,28,85,43,156,216,136,140,57,549,4,16,20,569
09/11/2007,ABQ,NM,ASW,WE,Combined TRACON& Tower with Radar,229,110,52,26,417,0,41,105,46,192,229,151,157,72,609,20,8,28,637
09/12/2007,ABQ,NM,ASW,WE,Combined TRACON& Tower with Radar,226,106,56,27,415,0,38,80,47,165,226,144,136,74,580,6,0,6,586
09/13/2007,ABQ,NM,ASW,WE,Combined TRACON& Tower with Radar,232,97,57,29,415,0,50,92,50,192,232,147,149,79,607,8,6,14,621
09/14/2007,ABQ,NM,ASW,WE,Combined TRACON& Tower with Radar,226,101,60,28,415,0,50,113,21,184,226,151,173,49,599,8,0,8,607
09/15/2007,ABQ,NM,ASW,WE,Combined TRACON& Tower with Radar,198,69,29,13,309,0,20,65,5,90,198,89,94,18,399,8,0,8,407
09/16/2007,ABQ,NM,ASW,WE,Combined TRACON& Tower with Radar,201,71,38,8,318,1,15,63,2,81,202,86,101,10,399,14,0,14,413
09/17/2007,ABQ,NM,ASW,WE,Combined TRACON& Tower with Radar,215,98,50,18,381,0,27,46,43,116,215,125,96,61,497,0,2,2,499
09/18/2007,ABQ,NM,ASW,WE,Combined TRACON& Tower with Radar,224,108,58,23,413,0,43,97,84,224,224,151,155,107,637,6,8,14,651
09/19/2007,ABQ,NM,ASW,WE,Combined TRACON& Tower with Radar,228,109,66,38,441,0,35,96,73,204,228,144,162,111,645,4,0,4,649
09/20/2007,ABQ,NM,ASW,WE,Combined TRACON& Tower with Radar,232,120,61,36,449,0,32,38,57,127,232,152,99,93,576,4,2,6,582
09/21/2007,ABQ,NM,ASW,WE,Combined TRACON& Tower with Radar,239,134,67,48,488,0,22,48,57,127,239,156,115,105,615,22,18,40,655
09/22/2007,ABQ,NM,ASW,WE,Combined TRACON& Tower with Radar,186,78,30,12,306,1,19,85,12,117,187,97,115,24,423,26,2,28,451
09/23/2007,ABQ,NM,ASW,WE,Combined TRACON& Tower with Radar,196,73,43,8,320,0,7,34,2,43,196,80,77,10,363,4,0,4,367
09/24/2007,ABQ,NM,ASW,WE,Combined TRACON& Tower with Radar,213,103,46,11,373,1,28,72,39,140,214,131,118,50,513,10,6,16,529
09/25/2007,ABQ,NM,ASW,WE,Combined TRACON& Tower with Radar,229,96,47,17,389,0,42,94,64,200,229,138,141,81,589,20,18,38,627
09/26/2007,ABQ,NM,ASW,WE,Combined TRACON& Tower with Radar,226,102,54,17,399,0,47,72,27,146,226,149,126,44,545,18,0,18,563
09/27/2007,ABQ,NM,ASW,WE,Combined TRACON& Tower with Radar,230,103,66,28,427,0,47,88,34,169,230,150,154,62,596,8,8,16,612
09/28/2007,ABQ,NM,ASW,WE,Combined TRACON& Tower with Radar,217,101,37,7,362,1,40,60,13,114,218,141,97,20,476,4,30,34,510
09/29/2007,ABQ,NM,ASW,WE,Combined TRACON& Tower with Radar,195,75,32,4,306,0,18,50,0,68,195,93,82,4,374,2,2,4,378
09/30/2007,ABQ,NM,ASW,WE,Combined TRACON& Tower with Radar,193,84,56,3,336,0,14,76,0,90,193,98,132,3,426,20,0,20,446
10/01/2007,ABQ,NM,ASW,WE,Combined TRACON& Tower with Radar,219,109,26,10,364,1,13,50,43,107,220,122,76,53,471,4,8,12,483
10/02/2007,ABQ,NM,ASW,WE,Combined TRACON& Tower with Radar,224,105,49,24,402,0,34,60,53,147,224,139,109,77,549,6,24,30,579
10/03/2007,ABQ,NM,ASW,WE,Combined TRACON& Tower with Radar,227,113,59,27,426,0,42,71,47,160,227,155,130,74,586,20,34,54,640
10/04/2007,ABQ,NM,ASW,WE,Combined TRACON& Tower with Radar,243,100,48,24,415,0,35,67,42,144,243,135,115,66,559,0,2,2,561
10/05/2007,ABQ,NM,ASW,WE,Combined TRACON& Tower with Radar,238,97,48,21,404,1,41,70,28,140,239,138,118,49,544,4,0,4,548
10/06/2007,ABQ,NM,ASW,WE,Combined TRACON& Tower with Radar,204,73,28,2,307,0,20,52,7,79,204,93,80,9,386,10,0,10,396
10/07/2007,ABQ,NM,ASW,WE,Combined TRACON& Tower with Radar,207,72,43,3,325,2,10,71,6,89,209,82,114,9,414,14,0,14,428
10/08/2007,ABQ,NM,ASW,WE,Combined TRACON& Tower with Radar,218,102,45,7,372,0,25,67,8,100,218,127,112,15,472,6,0,6,478
10/09/2007,ABQ,NM,ASW,WE,Combined TRACON& Tower with Radar,230,112,47,16,405,0,36,51,26,113,230,148,98,42,518,4,2,6,524
10/10/2007,ABQ,NM,ASW,WE,Combined TRACON& Tower with Radar,233,110,51,22,416,1,46,81,35,163,234,156,132,57,579,10,4,14,593
10/11/2007,ABQ,NM,ASW,WE,Combined TRACON& Tower with Radar,237,98,52,28,415,1,41,75,47,164,238,139,127,75,579,10,20,30,609
10/12/2007,ABQ,NM,ASW,WE,Combined TRACON& Tower with Radar,240,111,59,35,445,0,47,109,57,213,240,158,168,92,658,6,16,22,680
10/13/2007,ABQ,NM,ASW,WE,Combined TRACON& Tower with Radar,209,69,44,9,331,0,22,94,12,128,209,91,138,21,459,0,0,0,459
10/14/2007,ABQ,NM,ASW,WE,Combined TRACON& Tower with Radar,203,68,43,14,328,0,13,64,0,77,203,81,107,14,405,0,4,4,409
10/15/2007,ABQ,NM,ASW,WE,Combined TRACON& Tower with Radar,219,110,55,16,400,1,27,81,20,129,220,137,136,36,529,2,0,2,531
10/16/2007,ABQ,NM,ASW,WE,Combined TRACON& Tower with Radar,233,119,47,24,423,0,41,75,45,161,233,160,122,69,584,16,14,30,614
10/17/2007,ABQ,NM,ASW,WE,Combined TRACON& Tower with Radar,225,121,54,18,418,0,37,38,42,117,225,158,92,60,535,4,0,4,539
10/18/2007,ABQ,NM,ASW,WE,Combined TRACON& Tower with Radar,227,98,49,18,392,0,39,56,47,142,227,137,105,65,534,4,16,20,554
10/19/2007,ABQ,NM,ASW,WE,Combined TRACON& Tower with Radar,226,110,62,23,421,1,57,98,38,194,227,167,160,61,615,4,6,10,625
10/20/2007,ABQ,NM,ASW,WE,Combined TRACON& Tower with Radar,189,62,24,6,281,1,22,80,2,105,190,84,104,8,386,6,0,6,392
10/21/2007,ABQ,NM,ASW,WE,Combined TRACON& Tower with Radar,185,64,23,4,276,0,10,29,0,39,185,74,52,4,315,6,0,6,321
10/22/2007,ABQ,NM,ASW,WE,Combined TRACON& Tower with Radar,208,107,38,15,368,0,39,56,41,136,208,146,94,56,504,0,2,2,506
10/23/2007,ABQ,NM,ASW,WE,Combined TRACON& Tower with Radar,221,120,48,11,400,1,45,68,53,167,222,165,116,64,567,0,0,0,567
10/24/2007,ABQ,NM,ASW,WE,Combined TRACON& Tower with Radar,234,126,43,30,433,0,51,78,35,164,234,177,121,65,597,26,4,30,627
10/25/2007,ABQ,NM,ASW,WE,Combined TRACON& Tower with Radar,224,125,71,17,437,0,50,83,38,171,224,175,154,55,608,20,6,26,634
10/26/2007,ABQ,NM,ASW,WE,Combined TRACON& Tower with Radar,222,111,54,33,420,1,51,113,33,198,223,162,167,66,618,8,24,32,650
10/27/2007,ABQ,NM,ASW,WE,Combined TRACON& Tower with Radar,189,69,32,26,316,0,18,58,4,80,189,87,90,30,396,4,2,6,402
10/28/2007,ABQ,NM,ASW,WE,Combined TRACON& Tower with Radar,194,67,42,37,340,0,10,79,5,94,194,77,121,42,434,14,12,26,460
10/29/2007,ABQ,NM,ASW,WE,Combined TRACON& Tower with Radar,210,108,37,13,368,0,25,55,3,83,210,133,92,16,451,2,0,2,453
10/30/2007,ABQ,NM,ASW,WE,Combined TRACON& Tower with Radar,227,106,47,21,401,0,42,69,38,149,227,148,116,59,550,6,18,24,574
10/31/2007,ABQ,NM,ASW,WE,Combined TRACON& Tower with Radar,225,101,41,14,381,0,41,74,49,164,225,142,115,63,545,26,4,30,575
11/01/2007,ABQ,NM,ASW,WE,Combined TRACON& Tower with Radar,223,109,55,19,406,0,45,78,31,154,223,154,133,50,560,8,2,10,570
11/02/2007,ABQ,NM,ASW,WE,Combined TRACON& Tower with Radar,229,101,54,32,416,0,37,62,39,138,229,138,116,71,554,8,18,26,580
11/03/2007,ABQ,NM,ASW,WE,Combined TRACON& Tower with Radar,190,73,56,15,334,1,17,64,1,83,191,90,120,16,417,2,0,2,419
11/04/2007,ABQ,NM,ASW,WE,Combined TRACON& Tower with Radar,203,79,41,10,333,0,13,64,1,78,203,92,105,11,411,0,0,0,411
11/05/2007,ABQ,NM,ASW,WE,Combined TRACON& Tower with Radar,220,113,42,18,393,0,33,59,38,130,220,146,101,56,523,6,8,14,537
11/06/2007,ABQ,NM,ASW,WE,Combined TRACON& Tower with Radar,231,109,60,12,412,0,41,73,64,178,231,150,133,76,590,12,6,18,608
11/07/2007,ABQ,NM,ASW,WE,Combined TRACON& Tower with Radar,230,109,57,7,403,0,40,80,54,174,230,149,137,61,577,4,20,24,601
11/08/2007,ABQ,NM,ASW,WE,Combined TRACON& Tower with Radar,235,100,72,39,446,1,40,69,52,162,236,140,141,91,608,4,8,12,620
11/09/2007,ABQ,NM,ASW,WE,Combined TRACON& Tower with Radar,235,111,46,14,406,0,43,73,29,145,235,154,119,43,551,4,0,4,555
11/10/2007,ABQ,NM,ASW,WE,Combined TRACON& Tower with Radar,209,69,34,6,318,0,16,67,6,89,209,85,101,12,407,6,12,18,425
11/11/2007,ABQ,NM,ASW,WE,Combined TRACON& Tower with Radar,199,67,28,7,301,0,14,68,3,85,199,81,96,10,386,6,0,6,392
11/12/2007,ABQ,NM,ASW,WE,Combined TRACON& Tower with Radar,220,88,38,9,355,1,31,60,0,92,221,119,98,9,447,28,0,28,475
11/13/2007,ABQ,NM,ASW,WE,Combined TRACON& Tower with Radar,236,98,44,14,392,0,44,91,33,168,236,142,135,47,560,4,16,20,580
11/14/2007,ABQ,NM,ASW,WE,Combined TRACON& Tower with Radar,232,96,50,33,411,0,42,95,32,169,232,138,145,65,580,10,6,16,596
11/15/2007,ABQ,NM,ASW,WE,Combined TRACON& Tower with Radar,227,113,61,21,422,0,42,110,44,196,227,155,171,65,618,22,2,24,642
11/16/2007,ABQ,NM,ASW,WE,Combined TRACON& Tower with Radar,234,101,70,30,435,1,37,88,47,173,235,138,158,77,608,12,24,36,644
11/17/2007,ABQ,NM,ASW,WE,Combined TRACON& Tower with Radar,206,57,46,1,310,0,19,76,5,100,206,76,122,6,410,2,0,2,412
11/18/2007,ABQ,NM,ASW,WE,Combined TRACON& Tower with Radar,201,71,48,13,333,0,11,74,0,85,201,82,122,13,418,2,0,2,420
11/19/2007,ABQ,NM,ASW,WE,Combined TRACON& Tower with Radar,220,93,62,10,385,0,34,94,28,156,220,127,156,38,541,8,8,16,557
11/20/2007,ABQ,NM,ASW,WE,Combined TRACON& Tower with Radar,241,117,39,10,407,0,49,87,67,203,241,166,126,77,610,4,16,20,630
11/21/2007,ABQ,NM,ASW,WE,Combined TRACON& Tower with Radar,244,106,50,8,408,0,51,79,14,144,244,157,129,22,552,16,2,18,570
11/22/2007,ABQ,NM,ASW,WE,Combined TRACON& Tower with Radar,167,78,17,0,262,0,5,14,0,19,167,83,31,0,281,0,0,0,281
11/23/2007,ABQ,NM,ASW,WE,Combined TRACON& Tower with Radar,188,117,33,0,338,0,3,5,0,8,188,120,38,0,346,0,0,0,346
11/24/2007,ABQ,NM,ASW,WE,Combined TRACON& Tower with Radar,200,78,35,0,313,0,13,18,1,32,200,91,53,1,345,0,0,0,345
11/25/2007,ABQ,NM,ASW,WE,Combined TRACON& Tower with Radar,205,77,43,9,334,0,8,63,0,71,205,85,106,9,405,2,4,6,411
11/26/2007,ABQ,NM,ASW,WE,Combined TRACON& Tower with Radar,226,104,40,12,382,0,27,63,33,123,226,131,103,45,505,22,12,34,539
11/27/2007,ABQ,NM,ASW,WE,Combined TRACON& Tower with Radar,234,100,48,22,404,1,41,79,62,183,235,141,127,84,587,10,32,42,629
11/28/2007,ABQ,NM,ASW,WE,Combined TRACON& Tower with Radar,231,103,61,28,423,1,44,74,36,155,232,147,135,64,578,4,4,8,586
11/29/2007,ABQ,NM,ASW,WE,Combined TRACON& Tower with Radar,233,110,55,16,414,0,35,39,43,117,233,145,94,59,531,4,18,22,553
11/30/2007,ABQ,NM,ASW,WE,Combined TRACON& Tower with Radar,228,146,56,27,457,0,2,2,35,39,228,148,58,62,496,0,2,2,498
12/01/2007,ABQ,NM,ASW,WE,Combined TRACON& Tower with Radar,204,75,36,17,332,0,9,22,9,40,204,84,58,26,372,0,10,10,382
12/02/2007,ABQ,NM,ASW,WE,Combined TRACON& Tower with Radar,193,67,23,14,297,0,8,41,3,52,193,75,64,17,349,0,0,0,349
12/03/2007,ABQ,NM,ASW,WE,Combined TRACON& Tower with Radar,222,91,34,26,373,1,21,76,38,136,223,112,110,64,509,22,8,30,539
12/04/2007,ABQ,NM,ASW,WE,Combined TRACON& Tower with Radar,226,98,60,23,407,0,44,85,44,173,226,142,145,67,580,16,2,18,598
12/05/2007,ABQ,NM,ASW,WE,Combined TRACON& Tower with Radar,224,102,55,22,403,0,37,64,56,157,224,139,119,78,560,6,0,6,566
12/06/2007,ABQ,NM,ASW,WE,Combined TRACON& Tower with Radar,234,110,74,28,446,0,41,67,50,158,234,151,141,78,604,2,4,6,610
12/07/2007,ABQ,NM,ASW,WE,Combined TRACON& Tower with Radar,230,99,57,20,406,0,29,37,41,107,230,128,94,61,513,2,18,20,533
12/08/2007,ABQ,NM,ASW,WE,Combined TRACON& Tower with Radar,202,68,21,7,298,0,2,8,1,11,202,70,29,8,309,0,0,0,309
12/09/2007,ABQ,NM,ASW,WE,Combined TRACON& Tower with Radar,198,63,34,8,303,0,3,38,0,41,198,66,72,8,344,44,0,44,388
12/10/2007,ABQ,NM,ASW,WE,Combined TRACON& Tower with Radar,214,119,40,14,387,0,2,7,20,29,214,121,47,34,416,0,0,0,416
12/11/2007,ABQ,NM,ASW,WE,Combined TRACON& Tower with Radar,225,149,45,20,439,0,14,14,42,70,225,163,59,62,509,2,4,6,515
12/12/2007,ABQ,NM,ASW,WE,Combined TRACON& Tower with Radar,231,121,66,17,435,0,31,72,45,148,231,152,138,62,583,4,4,8,591
12/13/2007,ABQ,NM,ASW,WE,Combined TRACON& Tower with Radar,226,104,75,41,446,0,41,97,61,199,226,145,172,102,645,18,16,34,679
12/14/2007,ABQ,NM,ASW,WE,Combined TRACON& Tower with Radar,222,146,78,28,474,0,10,16,3,29,222,156,94,31,503,8,2,10,513
12/15/2007,ABQ,NM,ASW,WE,Combined TRACON& Tower with Radar,209,87,46,11,353,0,17,78,2,97,209,104,124,13,450,14,0,14,464
12/16/2007,ABQ,NM,ASW,WE,Combined TRACON& Tower with Radar,192,69,30,16,307,0,6,53,4,63,192,75,83,20,370,0,0,0,370
12/17/2007,ABQ,NM,ASW,WE,Combined TRACON& Tower with Radar,212,104,52,27,395,0,23,79,29,131,212,127,131,56,526,6,8,14,540
12/18/2007,ABQ,NM,ASW,WE,Combined TRACON& Tower with Radar,226,96,45,24,391,0,52,70,33,155,226,148,115,57,546,2,10,12,558
12/19/2007,ABQ,NM,ASW,WE,Combined TRACON& Tower with Radar,235,111,60,15,421,0,46,59,34,139,235,157,119,49,560,8,10,18,578
12/20/2007,ABQ,NM,ASW,WE,Combined TRACON& Tower with Radar,232,109,53,19,413,0,54,76,41,171,232,163,129,60,584,4,0,4,588
12/21/2007,ABQ,NM,ASW,WE,Combined TRACON& Tower with Radar,232,130,43,10,415,0,43,33,26,102,232,173,76,36,517,8,12,20,537
12/22/2007,ABQ,NM,ASW,WE,Combined TRACON& Tower with Radar,210,84,32,3,329,0,20,41,4,65,210,104,73,7,394,0,0,0,394
12/23/2007,ABQ,NM,ASW,WE,Combined TRACON& Tower with Radar,200,80,26,1,307,0,5,52,0,57,200,85,78,1,364,0,0,0,364
12/24/2007,ABQ,NM,ASW,WE,Combined TRACON& Tower with Radar,197,92,21,0,310,0,27,37,0,64,197,119,58,0,374,0,0,0,374
12/25/2007,ABQ,NM,ASW,WE,Combined TRACON& Tower with Radar,172,78,10,0,260,0,3,5,0,8,172,81,15,0,268,4,0,4,272
12/26/2007,ABQ,NM,ASW,WE,Combined TRACON& Tower with Radar,218,103,43,0,364,1,34,49,3,87,219,137,92,3,451,4,0,4,455
12/27/2007,ABQ,NM,ASW,WE,Combined TRACON& Tower with Radar,221,134,55,7,417,0,19,21,13,53,221,153,76,20,470,10,0,10,480
12/28/2007,ABQ,NM,ASW,WE,Combined TRACON& Tower with Radar,229,118,43,3,393,0,36,68,21,125,229,154,111,24,518,2,0,2,520
12/29/2007,ABQ,NM,ASW,WE,Combined TRACON& Tower with Radar,214,87,44,0,345,0,17,46,0,63,214,104,90,0,408,8,0,8,416
12/30/2007,ABQ,NM,ASW,WE,Combined TRACON& Tower with Radar,201,69,21,0,291,0,13,46,0,59,201,82,67,0,350,4,0,4,354
12/31/2007,ABQ,NM,ASW,WE,Combined TRACON& Tower with Radar,182,96,22,0,300,0,29,28,0,57,182,125,50,0,357,2,0,2,359
01/01/2008,ABQ,NM,ASW,WE,Combined TRACON& Tower with Radar,173,67,22,0,262,0,17,30,0,47,173,84,52,0,309,0,0,0,309
01/02/2008,ABQ,NM,ASW,WE,Combined TRACON& Tower with Radar,220,89,40,4,353,0,42,53,7,102,220,131,93,11,455,14,0,14,469
01/03/2008,ABQ,NM,ASW,WE,Combined TRACON& Tower with Radar,231,94,38,8,371,0,46,75,35,156,231,140,113,43,527,0,0,0,527
01/04/2008,ABQ,NM,ASW,WE,Combined TRACON& Tower with Radar,222,105,54,12,393,0,31,64,34,129,222,136,118,46,522,2,10,12,534
01/05/2008,ABQ,NM,ASW,WE,Combined TRACON& Tower with Radar,201,70,29,2,302,0,15,43,2,60,201,85,72,4,362,2,0,2,364
01/06/2008,ABQ,NM,ASW,WE,Combined TRACON& Tower with Radar,200,76,15,14,305,0,1,8,0,9,200,77,23,14,314,6,0,6,320
01/07/2008,ABQ,NM,ASW,WE,Combined TRACON& Tower with Radar,204,123,19,6,352,0,0,4,29,33,204,123,23,35,385,0,2,2,387
01/08/2008,ABQ,NM,ASW,WE,Combined TRACON& Tower with Radar,211,101,55,20,387,0,41,106,56,203,211,142,161,76,590,12,8,20,610
01/09/2008,ABQ,NM,ASW,WE,Combined TRACON& Tower with Radar,217,100,53,31,401,0,41,33,52,126,217,141,86,83,527,10,18,28,555
01/10/2008,ABQ,NM,ASW,WE,Combined TRACON& Tower with Radar,218,102,62,26,408,0,49,80,51,180,218,151,142,77,588,20,0,20,608
01/11/2008,ABQ,NM,ASW,WE,Combined TRACON& Tower with Radar,218,87,58,33,396,0,42,84,64,190,218,129,142,97,586,2,16,18,604
01/12/2008,ABQ,NM,ASW,WE,Combined TRACON& Tower with Radar,189,60,39,9,297,0,15,82,7,104,189,75,121,16,401,4,16,20,421
01/13/2008,ABQ,NM,ASW,WE,Combined TRACON& Tower with Radar,185,61,27,13,286,0,10,56,4,70,185,71,83,17,356,26,0,26,382
01/14/2008,ABQ,NM,ASW,WE,Combined TRACON& Tower with Radar,204,83,43,17,347,0,32,76,35,143,204,115,119,52,490,10,2,12,502
01/15/2008,ABQ,NM,ASW,WE,Combined TRACON& Tower with Radar,215,100,34,17,366,1,50,68,64,183,216,150,102,81,549,6,34,40,589
01/16/2008,ABQ,NM,ASW,WE,Combined TRACON& Tower with Radar,217,105,48,27,397,0,45,65,68,178,217,150,113,95,575,12,12,24,599
01/17/2008,ABQ,NM,ASW,WE,Combined TRACON& Tower with Radar,212,110,42,20,384,1,44,74,67,186,213,154,116,87,570,4,6,10,580
01/18/2008,ABQ,NM,ASW,WE,Combined TRACON& Tower with Radar,215,97,50,29,391,1,55,73,63,192,216,152,123,92,583,4,4,8,591
01/19/2008,ABQ,NM,ASW,WE,Combined TRACON& Tower with Radar,163,64,37,10,274,0,16,70,1,87,163,80,107,11,361,6,0,6,367
01/20/2008,ABQ,NM,ASW,WE,Combined TRACON& Tower with Radar,182,58,25,12,277,0,7,40,0,47,182,65,65,12,324,0,0,0,324
01/21/2008,ABQ,NM,ASW,WE,Combined TRACON& Tower with Radar,199,76,30,8,313,0,24,71,2,97,199,100,101,10,410,0,0,0,410
01/22/2008,ABQ,NM,ASW,WE,Combined TRACON& Tower with Radar,218,99,39,34,390,1,41,49,41,132,219,140,88,75,522,2,8,10,532
01/23/2008,ABQ,NM,ASW,WE,Combined TRACON& Tower with Radar,218,96,46,19,379,0,42,62,74,178,218,138,108,93,557,22,4,26,583
01/24/2008,ABQ,NM,ASW,WE,Combined TRACON& Tower with Radar,216,127,38,20,401,0,17,21,94,132,216,144,59,114,533,12,42,54,587
01/25/2008,ABQ,NM,ASW,WE,Combined TRACON& Tower with Radar,213,118,47,26,404,0,25,65,61,151,213,143,112,87,555,0,0,0,555
01/26/2008,ABQ,NM,ASW,WE,Combined TRACON& Tower with Radar,164,53,25,11,253,0,21,93,0,114,164,74,118,11,367,8,2,10,377
01/27/2008,ABQ,NM,ASW,WE,Combined TRACON& Tower with Radar,179,69,41,10,299,0,7,27,2,36,179,76,68,12,335,14,4,18,353
01/28/2008,ABQ,NM,ASW,WE,Combined TRACON& Tower with Radar,209,105,33,8,355,0,19,22,34,75,209,124,55,42,430,8,6,14,444
01/29/2008,ABQ,NM,ASW,WE,Combined TRACON& Tower with Radar,210,109,51,11,381,1,51,54,56,162,211,160,105,67,543,8,4,12,555
01/30/2008,ABQ,NM,ASW,WE,Combined TRACON& Tower with Radar,218,103,66,20,407,1,28,34,64,127,219,131,100,84,534,0,20,20,554
01/31/2008,ABQ,NM,ASW,WE,Combined TRACON& Tower with Radar,210,96,50,20,376,0,48,80,43,171,210,144,130,63,547,12,4,16,563
02/01/2008,ABQ,NM,ASW,WE,Combined TRACON& Tower with Radar,216,90,65,23,394,0,51,86,48,185,216,141,151,71,579,12,16,28,607
02/02/2008,ABQ,NM,ASW,WE,Combined TRACON& Tower with Radar,169,62,22,6,259,0,15,54,13,82,169,77,76,19,341,0,0,0,341
02/03/2008,ABQ,NM,ASW,WE,Combined TRACON& Tower with Radar,174,70,21,9,274,0,4,18,0,22,174,74,39,9,296,0,0,0,296
02/04/2008,ABQ,NM,ASW,WE,Combined TRACON& Tower with Radar,196,114,33,6,349,0,8,8,29,45,196,122,41,35,394,2,0,2,396
02/05/2008,ABQ,NM,ASW,WE,Combined TRACON& Tower with Radar,220,116,31,26,393,0,27,32,39,98,220,143,63,65,491,4,0,4,495
02/06/2008,ABQ,NM,ASW,WE,Combined TRACON& Tower with Radar,211,97,73,21,402,0,62,68,65,195,211,159,141,86,597,16,18,34,631
02/07/2008,ABQ,NM,ASW,WE,Combined TRACON& Tower with Radar,220,117,53,25,415,0,45,70,52,167,220,162,123,77,582,14,8,22,604
02/08/2008,ABQ,NM,ASW,WE,Combined TRACON& Tower with Radar,213,91,37,45,386,0,51,57,52,160,213,142,94,97,546,6,20,26,572
02/09/2008,ABQ,NM,ASW,WE,Combined TRACON& Tower with Radar,171,74,30,27,302,0,17,72,10,99,171,91,102,37,401,10,8,18,419
02/10/2008,ABQ,NM,ASW,WE,Combined TRACON& Tower with Radar,184,71,38,16,309,1,9,54,5,69,185,80,92,21,378,0,4,4,382
02/11/2008,ABQ,NM,ASW,WE,Combined TRACON& Tower with Radar,206,93,47,24,370,1,34,58,31,124,207,127,105,55,494,8,14,22,516
02/12/2008,ABQ,NM,ASW,WE,Combined TRACON& Tower with Radar,214,100,35,24,373,0,41,60,60,161,214,141,95,84,534,6,20,26,560
02/13/2008,ABQ,NM,ASW,WE,Combined TRACON& Tower with Radar,215,93,53,28,389,1,52,82,50,185,216,145,135,78,574,8,20,28,602
02/14/2008,ABQ,NM,ASW,WE,Combined TRACON& Tower with Radar,227,99,43,19,388,0,36,47,31,114,227,135,90,50,502,4,0,4,506
02/15/2008,ABQ,NM,ASW,WE,Combined TRACON& Tower with Radar,230,114,35,26,405,0,27,24,44,95,230,141,59,70,500,4,18,22,522
02/16/2008,ABQ,NM,ASW,WE,Combined TRACON& Tower with Radar,166,75,28,4,273,2,7,13,1,23,168,82,41,5,296,0,0,0,296
02/17/2008,ABQ,NM,ASW,WE,Combined TRACON& Tower with Radar,185,68,24,4,281,0,10,23,2,35,185,78,47,6,316,0,0,0,316
02/18/2008,ABQ,NM,ASW,WE,Combined TRACON& Tower with Radar,211,84,33,10,338,0,35,68,2,105,211,119,101,12,443,10,4,14,457
02/19/2008,ABQ,NM,ASW,WE,Combined TRACON& Tower with Radar,227,86,51,11,375,0,50,80,35,165,227,136,131,46,540,26,6,32,572
02/20/2008,ABQ,NM,ASW,WE,Combined TRACON& Tower with Radar,223,100,59,25,407,1,46,86,36,169,224,146,145,61,576,10,2,12,588
02/21/2008,ABQ,NM,ASW,WE,Combined TRACON& Tower with Radar,218,116,54,26,414,0,20,17,37,74,218,136,71,63,488,6,2,8,496
02/22/2008,ABQ,NM,ASW,WE,Combined TRACON& Tower with Radar,226,100,71,42,439,0,32,77,46,155,226,132,148,88,594,16,2,18,612
02/23/2008,ABQ,NM,ASW,WE,Combined TRACON& Tower with Radar,174,60,39,22,295,0,13,28,9,50,174,73,67,31,345,0,0,0,345
02/24/2008,ABQ,NM,ASW,WE,Combined TRACON& Tower with Radar,196,63,31,12,302,0,14,45,2,61,196,77,76,14,363,0,4,4,367
02/25/2008,ABQ,NM,ASW,WE,Combined TRACON& Tower with Radar,220,92,39,9,360,0,37,34,30,101,220,129,73,39,461,6,0,6,467
02/26/2008,ABQ,NM,ASW,WE,Combined TRACON& Tower with Radar,230,89,70,21,410,0,56,102,62,220,230,145,172,83,630,12,16,28,658
02/27/2008,ABQ,NM,ASW,WE,Combined TRACON& Tower with Radar,233,98,62,23,416,0,49,113,59,221,233,147,175,82,637,14,26,40,677
02/28/2008,ABQ,NM,ASW,WE,Combined TRACON& Tower with Radar,231,91,62,9,393,2,59,102,52,215,233,150,164,61,608,14,0,14,622
02/29/2008,ABQ,NM,ASW,WE,Combined TRACON& Tower with Radar,222,96,50,29,397,0,60,112,45,217,222,156,162,74,614,8,6,14,628
03/01/2008,ABQ,NM,ASW,WE,Combined TRACON& Tower with Radar,176,73,15,7,271,0,29,40,9,78,176,102,55,16,349,24,0,24,373
03/02/2008,ABQ,NM,ASW,WE,Combined TRACON& Tower with Radar,199,69,24,20,312,0,9,25,0,34,199,78,49,20,346,0,0,0,346
03/03/2008,ABQ,NM,ASW,WE,Combined TRACON& Tower with Radar,216,84,32,28,360,1,41,63,33,138,217,125,95,61,498,19,13,32,530
03/04/2008,ABQ,NM,ASW,WE,Combined TRACON& Tower with Radar,223,82,34,23,362,0,53,72,59,184,223,135,106,82,546,8,4,12,558
03/05/2008,ABQ,NM,ASW,WE,Combined TRACON& Tower with Radar,234,97,60,22,413,0,42,55,47,144,234,139,115,69,557,22,12,34,591
03/06/2008,ABQ,NM,ASW,WE,Combined TRACON& Tower with Radar,211,118,79,30,438,0,39,52,36,127,211,157,131,66,565,2,12,14,579
03/07/2008,ABQ,NM,ASW,WE,Combined TRACON& Tower with Radar,218,94,49,46,407,0,53,90,48,191,218,147,139,94,598,0,12,12,610
03/08/2008,ABQ,NM,ASW,WE,Combined TRACON& Tower with Radar,188,68,36,28,320,1,17,73,13,104,189,85,109,41,424,6,2,8,432
03/09/2008,ABQ,NM,ASW,WE,Combined TRACON& Tower with Radar,197,61,30,21,309,0,9,43,13,65,197,70,73,34,374,8,0,8,382
03/10/2008,ABQ,NM,ASW,WE,Combined TRACON& Tower with Radar,214,89,37,16,356,0,35,50,5,90,214,124,87,21,446,6,2,8,454
03/11/2008,ABQ,NM,ASW,WE,Combined TRACON& Tower with Radar,225,95,60,28,408,0,52,73,53,178,225,147,133,81,586,6,40,46,632
03/12/2008,ABQ,NM,ASW,WE,Combined TRACON& Tower with Radar,223,85,51,23,382,0,50,63,65,178,223,135,114,88,560,0,6,6,566
03/13/2008,ABQ,NM,ASW,WE,Combined TRACON& Tower with Radar,226,101,74,27,428,0,54,94,46,194,226,155,168,73,622,8,42,50,672
03/14/2008,ABQ,NM,ASW,WE,Combined TRACON& Tower with Radar,226,94,45,27,392,0,54,40,45,139,226,148,85,72,531,6,14,20,551
03/15/2008,ABQ,NM,ASW,WE,Combined TRACON& Tower with Radar,186,72,39,7,304,0,26,88,10,124,186,98,127,17,428,0,0,0,428
03/16/2008,ABQ,NM,ASW,WE,Combined TRACON& Tower with Radar,199,64,33,11,307,0,14,39,2,55,199,78,72,13,362,8,0,8,370
03/17/2008,ABQ,NM,ASW,WE,Combined TRACON& Tower with Radar,216,91,43,15,365,0,31,65,32,128,216,122,108,47,493,0,0,0,493
03/18/2008,ABQ,NM,ASW,WE,Combined TRACON& Tower with Radar,211,84,32,26,353,0,41,77,52,170,211,125,109,78,523,2,30,32,555
03/19/2008,ABQ,NM,ASW,WE,Combined TRACON& Tower with Radar,225,89,62,28,404,0,58,93,49,200,225,147,155,77,604,16,12,28,632
03/20/2008,ABQ,NM,ASW,WE,Combined TRACON& Tower with Radar,242,100,43,26,411,0,50,100,49,199,242,150,143,75,610,0,12,12,622
03/21/2008,ABQ,NM,ASW,WE,Combined TRACON& Tower with Radar,219,77,47,18,361,0,51,73,38,162,219,128,120,56,523,0,0,0,523
03/22/2008,ABQ,NM,ASW,WE,Combined TRACON& Tower with Radar,186,64,38,9,297,0,26,76,2,104,186,90,114,11,401,0,0,0,401
03/23/2008,ABQ,NM,ASW,WE,Combined TRACON& Tower with Radar,206,73,19,3,301,0,14,34,3,51,206,87,53,6,352,0,0,0,352
03/24/2008,ABQ,NM,ASW,WE,Combined TRACON& Tower with Radar,215,84,35,7,341,0,41,75,30,146,215,125,110,37,487,2,6,8,495
03/25/2008,ABQ,NM,ASW,WE,Combined TRACON& Tower with Radar,240,91,38,16,385,0,55,60,72,187,240,146,98,88,572,4,6,10,582
03/26/2008,ABQ,NM,ASW,WE,Combined TRACON& Tower with Radar,221,94,29,20,364,0,65,62,59,186,221,159,91,79,550,18,6,24,574
03/27/2008,ABQ,NM,ASW,WE,Combined TRACON& Tower with Radar,225,90,45,36,396,0,54,78,60,192,225,144,123,96,588,10,32,42,630
03/28/2008,ABQ,NM,ASW,WE,Combined TRACON& Tower with Radar,224,93,72,34,423,0,47,64,42,153,224,140,136,76,576,2,8,10,586
03/29/2008,ABQ,NM,ASW,WE,Combined TRACON& Tower with Radar,186,64,27,8,285,0,23,78,20,121,186,87,105,28,406,0,24,24,430
03/30/2008,ABQ,NM,ASW,WE,Combined TRACON& Tower with Radar,202,64,33,16,315,0,17,37,2,56,202,81,70,18,371,0,24,24,395
03/31/2008,ABQ,NM,ASW,WE,Combined TRACON& Tower with Radar,215,81,37,12,345,2,36,50,26,114,217,117,87,38,459,18,4,22,481
04/01/2008,ABQ,NM,ASW,WE,Combined TRACON& Tower with Radar,235,78,49,17,379,0,46,68,38,152,235,124,117,55,531,38,2,40,571
04/02/2008,ABQ,NM,ASW,WE,Combined TRACON& Tower with Radar,235,78,44,15,372,0,48,60,52,160,235,126,104,67,532,2,18,20,552
04/03/2008,ABQ,NM,ASW,WE,Combined TRACON& Tower with Radar,233,85,51,19,388,0,51,66,36,153,233,136,117,55,541,0,10,10,551
04/04/2008,ABQ,NM,ASW,WE,Combined TRACON& Tower with Radar,230,91,48,44,413,0,51,93,54,198,230,142,141,98,611,36,10,46,657
04/05/2008,ABQ,NM,ASW,WE,Combined TRACON& Tower with Radar,187,62,37,7,293,0,20,79,1,100,187,82,116,8,393,12,4,16,409
04/06/2008,ABQ,NM,ASW,WE,Combined TRACON& Tower with Radar,197,57,21,11,286,0,11,38,10,59,197,68,59,21,345,0,0,0,345
04/07/2008,ABQ,NM,ASW,WE,Combined TRACON& Tower with Radar,213,96,36,14,359,1,45,44,38,128,214,141,80,52,487,8,4,12,499
04/08/2008,ABQ,NM,ASW,WE,Combined TRACON& Tower with Radar,216,83,45,15,359,0,64,79,51,194,216,147,124,66,553,14,4,18,571
04/09/2008,ABQ,NM,ASW,WE,Combined TRACON& Tower with Radar,207,122,50,16,395,0,35,25,39,99,207,157,75,55,494,22,12,34,528
04/10/2008,ABQ,NM,ASW,WE,Combined TRACON& Tower with Radar,214,104,58,14,390,2,46,34,46,128,216,150,92,60,518,12,12,24,542
04/11/2008,ABQ,NM,ASW,WE,Combined TRACON& Tower with Radar,214,84,50,12,360,0,55,82,66,203,214,139,132,78,563,0,22,22,585
04/12/2008,ABQ,NM,ASW,WE,Combined TRACON& Tower with Radar,187,57,31,10,285,0,17,46,3,66,187,74,77,13,351,16,0,16,367
04/13/2008,ABQ,NM,ASW,WE,Combined TRACON& Tower with Radar,198,67,26,10,301,0,15,84,1,100,198,82,110,11,401,14,0,14,415
04/14/2008,ABQ,NM,ASW,WE,Combined TRACON& Tower with Radar,214,91,54,17,376,0,43,89,28,160,214,134,143,45,536,6,4,10,546
04/15/2008,ABQ,NM,ASW,WE,Combined TRACON& Tower with Radar,225,86,45,11,367,0,46,64,65,175,225,132,109,76,542,6,16,22,564
04/16/2008,ABQ,NM,ASW,WE,Combined TRACON& Tower with Radar,226,89,51,12,378,1,51,62,72,186,227,140,113,84,564,10,0,10,574
04/17/2008,ABQ,NM,ASW,WE,Combined TRACON& Tower with Radar,227,103,63,31,424,0,39,82,50,171,227,142,145,81,595,16,16,32,627
04/18/2008,ABQ,NM,ASW,WE,Combined TRACON& Tower with Radar,231,96,58,42,427,1,59,158,73,291,232,155,216,115,718,6,0,6,724
04/19/2008,ABQ,NM,ASW,WE,Combined TRACON& Tower with Radar,189,52,28,4,273,0,33,140,3,176,189,85,168,7,449,0,0,0,449
04/20/2008,ABQ,NM,ASW,WE,Combined TRACON& Tower with Radar,192,67,29,12,300,0,12,90,1,103,192,79,119,13,403,6,0,6,409
04/21/2008,ABQ,NM,ASW,WE,Combined TRACON& Tower with Radar,213,81,52,10,356,0,43,92,36,171,213,124,144,46,527,24,20,44,571
04/22/2008,ABQ,NM,ASW,WE,Combined TRACON& Tower with Radar,223,86,58,23,390,0,55,172,37,264,223,141,230,60,654,10,8,18,672
04/23/2008,ABQ,NM,ASW,WE,Combined TRACON& Tower with Radar,227,88,64,24,403,1,58,116,59,234,228,146,180,83,637,12,18,30,667
04/24/2008,ABQ,NM,ASW,WE,Combined TRACON& Tower with Radar,232,96,71,29,428,0,48,66,44,158,232,144,137,73,586,0,0,0,586
04/25/2008,ABQ,NM,ASW,WE,Combined TRACON& Tower with Radar,225,102,67,47,441,0,52,84,53,189,225,154,151,100,630,0,64,64,694
04/26/2008,ABQ,NM,ASW,WE,Combined TRACON& Tower with Radar,196,57,46,15,314,0,23,59,19,101,196,80,105,34,415,0,0,0,415
04/27/2008,ABQ,NM,ASW,WE,Combined TRACON& Tower with Radar,195,72,45,11,323,0,14,76,0,90,195,86,121,11,413,0,0,0,413
04/28/2008,ABQ,NM,ASW,WE,Combined TRACON& Tower with Radar,216,93,59,7,375,0,41,99,31,171,216,134,158,38,546,28,0,28,574
04/29/2008,ABQ,NM,ASW,WE,Combined TRACON& Tower with Radar,224,86,61,15,386,0,51,96,46,193,224,137,157,61,579,8,8,16,595
04/30/2008,ABQ,NM,ASW,WE,Combined TRACON& Tower with Radar,220,89,39,18,366,0,52,73,58,183,220,141,112,76,549,4,4,8,557
05/01/2008,ABQ,NM,ASW,WE,Combined TRACON& Tower with Radar,223,94,47,16,380,0,56,75,57,188,223,150,122,73,568,0,8,8,576
05/02/2008,ABQ,NM,ASW,WE,Combined TRACON& Tower with Radar,215,93,49,22,379,0,55,96,63,214,215,148,145,85,593,6,20,26,619
05/03/2008,ABQ,NM,ASW,WE,Combined TRACON& Tower with Radar,198,55,19,27,299,0,35,82,18,135,198,90,101,45,434,8,8,16,450
05/04/2008,ABQ,NM,ASW,WE,Combined TRACON& Tower with Radar,191,70,44,9,314,0,17,83,0,100,191,87,127,9,414,2,0,2,416
05/05/2008,ABQ,NM,ASW,WE,Combined TRACON& Tower with Radar,220,84,47,13,364,0,50,62,1,113,220,134,109,14,477,2,0,2,479
05/06/2008,ABQ,NM,ASW,WE,Combined TRACON& Tower with Radar,224,88,44,16,372,2,58,69,43,172,226,146,113,59,544,0,0,0,544
05/07/2008,ABQ,NM,ASW,WE,Combined TRACON& Tower with Radar,221,83,53,21,378,0,50,91,51,192,221,133,144,72,570,34,0,34,604
05/08/2008,ABQ,NM,ASW,WE,Combined TRACON& Tower with Radar,231,81,58,26,396,0,57,67,43,167,231,138,125,69,563,6,10,16,579
05/09/2008,ABQ,NM,ASW,WE,Combined TRACON& Tower with Radar,222,94,60,33,409,0,54,76,46,176,222,148,136,79,585,0,0,0,585
05/10/2008,ABQ,NM,ASW,WE,Combined TRACON& Tower with Radar,201,55,45,13,314,0,29,77,16,122,201,84,122,29,436,0,0,0,436
05/11/2008,ABQ,NM,ASW,WE,Combined TRACON& Tower with Radar,196,59,28,20,303,0,12,57,0,69,196,71,85,20,372,0,0,0,372
05/12/2008,ABQ,NM,ASW,WE,Combined TRACON& Tower with Radar,214,100,61,15,390,0,31,80,35,146,214,131,141,50,536,0,0,0,536
05/13/2008,ABQ,NM,ASW,WE,Combined TRACON& Tower with Radar,227,99,37,15,378,0,42,57,66,165,227,141,94,81,543,2,27,29,572
05/14/2008,ABQ,NM,ASW,WE,Combined TRACON& Tower with Radar,228,115,55,18,416,1,34,40,42,117,229,149,95,60,533,4,10,14,547
05/15/2008,ABQ,NM,ASW,WE,Combined TRACON& Tower with Radar,228,133,70,25,456,1,18,21,29,69,229,151,91,54,525,2,12,14,539
05/16/2008,ABQ,NM,ASW,WE,Combined TRACON& Tower with Radar,230,100,74,50,454,0,54,98,36,188,230,154,172,86,642,8,0,8,650
05/17/2008,ABQ,NM,ASW,WE,Combined TRACON& Tower with Radar,203,63,42,0,308,0,18,66,12,96,203,81,108,12,404,2,0,2,406
05/18/2008,ABQ,NM,ASW,WE,Combined TRACON& Tower with Radar,200,72,53,6,331,0,11,44,4,59,200,83,97,10,390,6,0,6,396
05/19/2008,ABQ,NM,ASW,WE,Combined TRACON& Tower with Radar,221,85,54,12,372,0,41,88,39,168,221,126,142,51,540,5,12,17,557
05/20/2008,ABQ,NM,ASW,WE,Combined TRACON& Tower with Radar,226,85,60,19,390,0,59,125,48,232,226,144,185,67,622,8,0,8,630
05/21/2008,ABQ,NM,ASW,WE,Combined TRACON& Tower with Radar,231,94,45,14,384,0,47,53,38,138,231,141,98,52,522,0,2,2,524
05/22/2008,ABQ,NM,ASW,WE,Combined TRACON& Tower with Radar,234,111,48,21,414,1,26,26,33,86,235,137,74,54,500,14,6,20,520
05/23/2008,ABQ,NM,ASW,WE,Combined TRACON& Tower with Radar,231,121,61,15,428,0,27,31,8,66,231,148,92,23,494,0,0,0,494
05/24/2008,ABQ,NM,ASW,WE,Combined TRACON& Tower with Radar,204,55,37,21,317,0,24,55,2,81,204,79,92,23,398,0,0,0,398
05/25/2008,ABQ,NM,ASW,WE,Combined TRACON& Tower with Radar,179,56,33,4,272,0,14,46,5,65,179,70,79,9,337,0,0,0,337
05/26/2008,ABQ,NM,ASW,WE,Combined TRACON& Tower with Radar,186,63,30,9,288,0,25,75,4,104,186,88,105,13,392,30,0,30,422
05/27/2008,ABQ,NM,ASW,WE,Combined TRACON& Tower with Radar,213,89,53,22,377,0,35,61,37,133,213,124,114,59,510,0,0,0,510
05/28/2008,ABQ,NM,ASW,WE,Combined TRACON& Tower with Radar,228,104,52,37,421,0,55,62,56,173,228,159,114,93,594,10,14,24,618
05/29/2008,ABQ,NM,ASW,WE,Combined TRACON& Tower with Radar,233,85,98,13,429,0,64,89,59,212,233,149,187,72,641,14,0,14,655
05/30/2008,ABQ,NM,ASW,WE,Combined TRACON& Tower with Radar,227,90,65,40,422,0,50,82,59,191,227,140,147,99,613,8,8,16,629
05/31/2008,ABQ,NM,ASW,WE,Combined TRACON& Tower with Radar,201,60,56,8,325,2,24,98,4,128,203,84,154,12,453,12,8,20,473
06/01/2008,ABQ,NM,ASW,WE,Combined TRACON& Tower with Radar,207,54,32,9,302,2,12,52,3,69,209,66,84,12,371,12,8,20,391
06/02/2008,ABQ,NM,ASW,WE,Combined TRACON& Tower with Radar,222,93,53,14,382,0,33,64,29,126,222,126,117,43,508,6,2,8,516
06/03/2008,ABQ,NM,ASW,WE,Combined TRACON& Tower with Radar,231,80,46,18,375,0,48,63,70,181,231,128,109,88,556,54,44,98,654
06/04/2008,ABQ,NM,ASW,WE,Combined TRACON& Tower with Radar,227,84,72,30,413,2,55,58,52,167,229,139,130,82,580,2,2,4,584
06/05/2008,ABQ,NM,ASW,WE,Combined TRACON& Tower with Radar,227,92,59,25,403,2,40,25,51,118,229,132,84,76,521,4,14,18,539
06/06/2008,ABQ,NM,ASW,WE,Combined TRACON& Tower with Radar,224,86,65,20,395,0,53,66,51,170,224,139,131,71,565,24,0,24,589
06/07/2008,ABQ,NM,ASW,WE,Combined TRACON& Tower with Radar,202,62,44,24,332,0,23,46,37,106,202,85,90,61,438,24,0,24,462
06/08/2008,ABQ,NM,ASW,WE,Combined TRACON& Tower with Radar,195,74,39,6,314,0,16,45,9,70,195,90,84,15,384,0,0,0,384
06/09/2008,ABQ,NM,ASW,WE,Combined TRACON& Tower with Radar,214,91,47,2,354,0,39,65,5,109,214,130,112,7,463,20,0,20,483
06/10/2008,ABQ,NM,ASW,WE,Combined TRACON& Tower with Radar,227,84,54,22,387,0,50,75,29,154,227,134,129,51,541,20,28,48,589
06/11/2008,ABQ,NM,ASW,WE,Combined TRACON& Tower with Radar,219,95,58,7,379,0,44,46,48,138,219,139,104,55,517,8,30,38,555
06/12/2008,ABQ,NM,ASW,WE,Combined TRACON& Tower with Radar,225,97,63,30,415,0,45,79,55,179,225,142,142,85,594,2,26,28,622
06/13/2008,ABQ,NM,ASW,WE,Combined TRACON& Tower with Radar,220,102,42,31,395,1,67,87,48,203,221,169,129,79,598,8,46,54,652
06/14/2008,ABQ,NM,ASW,WE,Combined TRACON& Tower with Radar,202,72,25,11,310,0,27,80,3,110,202,99,105,14,420,0,0,0,420
06/15/2008,ABQ,NM,ASW,WE,Combined TRACON& Tower with Radar,202,76,30,5,313,0,8,42,6,56,202,84,72,11,369,20,2,22,391
06/16/2008,ABQ,NM,ASW,WE,Combined TRACON& Tower with Radar,210,97,27,8,342,0,42,56,31,129,210,139,83,39,471,22,2,24,495
06/17/2008,ABQ,NM,ASW,WE,Combined TRACON& Tower with Radar,219,99,71,15,404,0,59,60,40,159,219,158,131,55,563,2,22,24,587
06/18/2008,ABQ,NM,ASW,WE,Combined TRACON& Tower with Radar,226,109,49,23,407,0,55,68,40,163,226,164,117,63,570,6,0,6,576
06/19/2008,ABQ,NM,ASW,WE,Combined TRACON& Tower with Radar,223,107,75,15,420,0,55,78,49,182,223,162,153,64,602,4,24,28,630
06/20/2008,ABQ,NM,ASW,WE,Combined TRACON& Tower with Radar,219,102,49,24,394,0,56,52,33,141,219,158,101,57,535,14,20,34,569
06/21/2008,ABQ,NM,ASW,WE,Combined TRACON& Tower with Radar,195,72,36,11,314,1,19,50,3,73,196,91,86,14,387,0,0,0,387
06/22/2008,ABQ,NM,ASW,WE,Combined TRACON& Tower with Radar,199,73,28,11,311,0,19,50,0,69,199,92,78,11,380,0,0,0,380
06/23/2008,ABQ,NM,ASW,WE,Combined TRACON& Tower with Radar,217,96,65,13,391,0,38,54,21,113,217,134,119,34,504,4,8,12,516
06/24/2008,ABQ,NM,ASW,WE,Combined TRACON& Tower with Radar,221,106,64,24,415,0,58,91,32,181,221,164,155,56,596,14,12,26,622
06/25/2008,ABQ,NM,ASW,WE,Combined TRACON& Tower with Radar,222,104,95,29,450,0,50,109,44,203,222,154,204,73,653,8,12,20,673
06/26/2008,ABQ,NM,ASW,WE,Combined TRACON& Tower with Radar,225,96,68,20,409,0,51,137,29,217,225,147,205,49,626,4,14,18,644
06/27/2008,ABQ,NM,ASW,WE,Combined TRACON& Tower with Radar,225,96,66,25,412,1,55,144,54,254,226,151,210,79,666,0,0,0,666
06/28/2008,ABQ,NM,ASW,WE,Combined TRACON& Tower with Radar,192,76,35,5,308,0,22,60,12,94,192,98,95,17,402,0,0,0,402
06/29/2008,ABQ,NM,ASW,WE,Combined TRACON& Tower with Radar,199,71,53,15,338,0,12,31,0,43,199,83,84,15,381,0,10,10,391
06/30/2008,ABQ,NM,ASW,WE,Combined TRACON& Tower with Radar,217,96,58,11,382,0,32,83,16,131,217,128,141,27,513,0,0,0,513
07/01/2008,ABQ,NM,ASW,WE,Combined TRACON& Tower with Radar,222,91,47,23,383,0,51,75,41,167,222,142,122,64,550,10,24,34,584
07/02/2008,ABQ,NM,ASW,WE,Combined TRACON& Tower with Radar,227,88,44,17,376,0,52,70,58,180,227,140,114,75,556,2,14,16,572
07/03/2008,ABQ,NM,ASW,WE,Combined TRACON& Tower with Radar,227,106,45,13,391,0,41,92,31,164,227,147,137,44,555,20,0,20,575
07/04/2008,ABQ,NM,ASW,WE,Combined TRACON& Tower with Radar,168,50,17,0,235,0,18,45,4,67,168,68,62,4,302,0,0,0,302
07/05/2008,ABQ,NM,ASW,WE,Combined TRACON& Tower with Radar,182,57,15,2,256,0,17,36,4,57,182,74,51,6,313,0,0,0,313
07/06/2008,ABQ,NM,ASW,WE,Combined TRACON& Tower with Radar,204,80,32,1,317,0,11,57,4,72,204,91,89,5,389,0,0,0,389
07/07/2008,ABQ,NM,ASW,WE,Combined TRACON& Tower with Radar,214,88,35,2,339,0,27,77,1,105,214,115,112,3,444,12,0,12,456
07/08/2008,ABQ,NM,ASW,WE,Combined TRACON& Tower with Radar,221,103,39,20,383,0,39,53,30,122,221,142,92,50,505,10,6,16,521
07/09/2008,ABQ,NM,ASW,WE,Combined TRACON& Tower with Radar,222,119,48,27,416,0,37,72,53,162,222,156,120,80,578,12,16,28,606
07/10/2008,ABQ,NM,ASW,WE,Combined TRACON& Tower with Radar,229,107,52,23,411,0,36,82,39,157,229,143,134,62,568,12,0,12,580
07/11/2008,ABQ,NM,ASW,WE,Combined TRACON& Tower with Radar,234,103,45,27,409,0,29,58,40,127,234,132,103,67,536,26,10,36,572
07/12/2008,ABQ,NM,ASW,WE,Combined TRACON& Tower with Radar,197,75,29,28,329,0,18,62,10,90,197,93,91,38,419,26,10,36,455
07/13/2008,ABQ,NM,ASW,WE,Combined TRACON& Tower with Radar,205,79,27,13,324,0,16,39,3,58,205,95,66,16,382,2,0,2,384
07/14/2008,ABQ,NM,ASW,WE,Combined TRACON& Tower with Radar,217,103,60,8,388,0,26,50,36,112,217,129,110,44,500,2,0,2,502
07/15/2008,ABQ,NM,ASW,WE,Combined TRACON& Tower with Radar,223,98,61,16,398,0,53,79,50,182,223,151,140,66,580,16,6,22,602
07/16/2008,ABQ,NM,ASW,WE,Combined TRACON& Tower with Radar,229,107,54,16,406,0,58,76,39,173,229,165,130,55,579,14,0,14,593
07/17/2008,ABQ,NM,ASW,WE,Combined TRACON& Tower with Radar,226,85,59,15,385,0,47,62,44,153,226,132,121,59,538,6,2,8,546
07/18/2008,ABQ,NM,ASW,WE,Combined TRACON& Tower with Radar,222,94,57,26,399,0,41,72,30,143,222,135,129,56,542,14,6,20,562
07/19/2008,ABQ,NM,ASW,WE,Combined TRACON& Tower with Radar,195,72,35,19,321,0,16,59,10,85,195,88,94,29,406,0,0,0,406
07/20/2008,ABQ,NM,ASW,WE,Combined TRACON& Tower with Radar,203,78,23,7,311,0,12,39,5,56,203,90,62,12,367,0,10,10,377
07/21/2008,ABQ,NM,ASW,WE,Combined TRACON& Tower with Radar,214,101,43,16,374,0,20,59,41,120,214,121,102,57,494,14,0,14,508
07/22/2008,ABQ,NM,ASW,WE,Combined TRACON& Tower with Radar,219,105,37,24,385,0,49,61,25,135,219,154,98,49,520,22,24,46,566
07/23/2008,ABQ,NM,ASW,WE,Combined TRACON& Tower with Radar,226,89,40,25,380,0,53,74,61,188,226,142,114,86,568,22,2,24,592
07/24/2008,ABQ,NM,ASW,WE,Combined TRACON& Tower with Radar,224,98,44,19,385,0,39,77,42,158,224,137,121,61,543,14,0,14,557
07/25/2008,ABQ,NM,ASW,WE,Combined TRACON& Tower with Radar,223,94,49,24,390,0,48,112,35,195,223,142,161,59,585,8,20,28,613
07/26/2008,ABQ,NM,ASW,WE,Combined TRACON& Tower with Radar,205,84,44,1,334,0,13,39,14,66,205,97,83,15,400,0,0,0,400
07/27/2008,ABQ,NM,ASW,WE,Combined TRACON& Tower with Radar,200,81,42,13,336,0,6,25,2,33,200,87,67,15,369,0,0,0,369
07/28/2008,ABQ,NM,ASW,WE,Combined TRACON& Tower with Radar,221,93,41,11,366,0,27,68,28,123,221,120,109,39,489,8,0,8,497
07/29/2008,ABQ,NM,ASW,WE,Combined TRACON& Tower with Radar,225,96,36,6,363,0,45,74,51,170,225,141,110,57,533,48,14,62,595
07/30/2008,ABQ,NM,ASW,WE,Combined TRACON& Tower with Radar,220,105,38,20,383,0,43,57,55,155,220,148,95,75,538,14,6,20,558
07/31/2008,ABQ,NM,ASW,WE,Combined TRACON& Tower with Radar,225,97,36,22,380,0,50,85,45,180,225,147,121,67,560,22,20,42,602
08/01/2008,ABQ,NM,ASW,WE,Combined TRACON& Tower with Radar,223,97,42,31,393,0,49,61,25,135,223,146,103,56,528,36,30,66,594
08/02/2008,ABQ,NM,ASW,WE,Combined TRACON& Tower with Radar,191,78,49,34,352,0,16,70,1,87,191,94,119,35,439,8,8,16,455
08/03/2008,ABQ,NM,ASW,WE,Combined TRACON& Tower with Radar,198,84,28,6,316,0,15,53,1,69,198,99,81,7,385,4,0,4,389
08/04/2008,ABQ,NM,ASW,WE,Combined TRACON& Tower with Radar,211,99,50,7,367,0,27,68,31,126,211,126,118,38,493,23,8,31,524
08/05/2008,ABQ,NM,ASW,WE,Combined TRACON& Tower with Radar,227,105,50,14,396,0,37,51,41,129,227,142,101,55,525,3,16,19,544
08/06/2008,ABQ,NM,ASW,WE,Combined TRACON& Tower with Radar,222,92,45,33,392,0,50,79,43,172,222,142,124,76,564,16,18,34,598
08/07/2008,ABQ,NM,ASW,WE,Combined TRACON& Tower with Radar,220,101,44,21,386,0,46,68,46,160,220,147,112,67,546,4,12,16,562
08/08/2008,ABQ,NM,ASW,WE,Combined TRACON& Tower with Radar,231,119,59,30,439,0,52,61,41,154,231,171,120,71,593,32,20,52,645
08/09/2008,ABQ,NM,ASW,WE,Combined TRACON& Tower with Radar,195,67,29,5,296,0,17,58,3,78,195,84,87,8,374,10,0,10,384
08/10/2008,ABQ,NM,ASW,WE,Combined TRACON& Tower with Radar,202,72,39,13,326,0,8,49,1,58,202,80,88,14,384,0,0,0,384
08/11/2008,ABQ,NM,ASW,WE,Combined TRACON& Tower with Radar,213,103,53,9,378,0,30,69,7,106,213,133,122,16,484,12,0,12,496
08/12/2008,ABQ,NM,ASW,WE,Combined TRACON& Tower with Radar,227,96,54,24,401,0,52,74,43,169,227,148,128,67,570,6,4,10,580
08/13/2008,ABQ,NM,ASW,WE,Combined TRACON& Tower with Radar,221,100,45,20,386,0,42,72,71,185,221,142,117,91,571,26,10,36,607
08/14/2008,ABQ,NM,ASW,WE,Combined TRACON& Tower with Radar,227,96,39,16,378,0,55,79,62,196,227,151,118,78,574,20,0,20,594
08/15/2008,ABQ,NM,ASW,WE,Combined TRACON& Tower with Radar,219,103,40,20,382,0,46,45,53,144,219,149,85,73,526,2,0,2,528
08/16/2008,ABQ,NM,ASW,WE,Combined TRACON& Tower with Radar,193,83,39,9,324,0,10,23,22,55,193,93,62,31,379,0,0,0,379
08/17/2008,ABQ,NM,ASW,WE,Combined TRACON& Tower with Radar,204,70,33,5,312,0,8,41,0,49,204,78,74,5,361,0,0,0,361
08/18/2008,ABQ,NM,ASW,WE,Combined TRACON& Tower with Radar,213,93,53,8,367,0,36,65,39,140,213,129,118,47,507,6,14,20,527
08/19/2008,ABQ,NM,ASW,WE,Combined TRACON& Tower with Radar,218,91,45,19,373,0,36,75,60,171,218,127,120,79,544,10,6,16,560
08/20/2008,ABQ,NM,ASW,WE,Combined TRACON& Tower with Radar,223,80,71,39,413,0,39,79,44,162,223,119,150,83,575,2,16,18,593
08/21/2008,ABQ,NM,ASW,WE,Combined TRACON& Tower with Radar,227,96,60,24,407,0,45,68,68,181,227,141,128,92,588,32,22,54,642
08/22/2008,ABQ,NM,ASW,WE,Combined TRACON& Tower with Radar,217,93,34,26,370,0,49,71,67,187,217,142,105,93,557,6,32,38,595
08/23/2008,ABQ,NM,ASW,WE,Combined TRACON& Tower with Radar,177,60,19,16,272,0,18,38,13,69,177,78,57,29,341,0,10,10,351
08/24/2008,ABQ,NM,ASW,WE,Combined TRACON& Tower with Radar,191,62,25,30,308,0,13,46,7,66,191,75,71,37,374,12,8,20,394
08/25/2008,ABQ,NM,ASW,WE,Combined TRACON& Tower with Radar,216,90,33,17,356,0,31,58,25,114,216,121,91,42,470,0,0,0,470
08/26/2008,ABQ,NM,ASW,WE,Combined TRACON& Tower with Radar,223,84,55,19,381,0,42,72,61,175,223,126,127,80,556,2,22,24,580
08/27/2008,ABQ,NM,ASW,WE,Combined TRACON& Tower with Radar,222,83,61,24,390,0,44,60,55,159,222,127,121,79,549,0,0,0,549
08/28/2008,ABQ,NM,ASW,WE,Combined TRACON& Tower with Radar,223,85,70,33,411,0,46,83,53,182,223,131,153,86,593,2,10,12,605
08/29/2008,ABQ,NM,ASW,WE,Combined TRACON& Tower with Radar,225,88,57,18,388,0,44,62,65,171,225,132,119,83,559,10,20,30,589
08/30/2008,ABQ,NM,ASW,WE,Combined TRACON& Tower with Radar,176,61,39,1,277,0,9,60,3,72,176,70,99,4,349,0,0,0,349
08/31/2008,ABQ,NM,ASW,WE,Combined TRACON& Tower with Radar,144,52,21,9,226,0,1,4,1,6,144,53,25,10,232,0,0,0,232
09/01/2008,ABQ,NM,ASW,WE,Combined TRACON& Tower with Radar,179,70,35,3,287,0,11,36,5,52,179,81,71,8,339,6,0,6,345
09/02/2008,ABQ,NM,ASW,WE,Combined TRACON& Tower with Radar,212,68,37,10,327,0,28,49,28,105,212,96,86,38,432,8,4,12,444
09/03/2008,ABQ,NM,ASW,WE,Combined TRACON& Tower with Radar,219,65,34,12,330,0,35,39,42,116,219,100,73,54,446,0,0,0,446
09/04/2008,ABQ,NM,ASW,WE,Combined TRACON& Tower with Radar,216,66,38,13,333,0,47,64,51,162,216,113,102,64,495,6,0,6,501
09/05/2008,ABQ,NM,ASW,WE,Combined TRACON& Tower with Radar,223,78,23,31,355,0,50,74,45,169,223,128,97,76,524,10,28,38,562
09/06/2008,ABQ,NM,ASW,WE,Combined TRACON& Tower with Radar,173,56,20,9,258,0,20,42,15,77,173,76,62,24,335,0,0,0,335
09/07/2008,ABQ,NM,ASW,WE,Combined TRACON& Tower with Radar,183,56,22,15,276,0,8,42,7,57,183,64,64,22,333,0,0,0,333
09/08/2008,ABQ,NM,ASW,WE,Combined TRACON& Tower with Radar,212,64,35,23,334,0,26,41,35,102,212,90,76,58,436,10,10,20,456
09/09/2008,ABQ,NM,ASW,WE,Combined TRACON& Tower with Radar,219,82,51,26,378,0,30,60,57,147,219,112,111,83,525,10,10,20,545
09/10/2008,ABQ,NM,ASW,WE,Combined TRACON& Tower with Radar,218,78,63,27,386,0,38,52,65,155,218,116,115,92,541,30,10,40,581
09/11/2008,ABQ,NM,ASW,WE,Combined TRACON& Tower with Radar,219,93,46,12,370,0,50,45,46,141,219,143,91,58,511,6,16,22,533
09/12/2008,ABQ,NM,ASW,WE,Combined TRACON& Tower with Radar,213,70,69,44,396,0,27,57,68,152,213,97,126,112,548,0,22,22,570
09/13/2008,ABQ,NM,ASW,WE,Combined TRACON& Tower with Radar,161,46,28,42,277,0,15,60,20,95,161,61,88,62,372,6,42,48,420
09/14/2008,ABQ,NM,ASW,WE,Combined TRACON& Tower with Radar,176,39,30,14,259,0,12,33,4,49,176,51,63,18,308,6,28,34,342
09/15/2008,ABQ,NM,ASW,WE,Combined TRACON& Tower with Radar,205,62,49,27,343,0,40,51,17,108,205,102,100,44,451,18,4,22,473
09/16/2008,ABQ,NM,ASW,WE,Combined TRACON& Tower with Radar,210,59,37,13,319,0,47,56,75,178,210,106,93,88,497,2,32,34,531
09/17/2008,ABQ,NM,ASW,WE,Combined TRACON& Tower with Radar,212,68,61,17,358,0,49,56,59,164,212,117,117,76,522,6,4,10,532
09/18/2008,ABQ,NM,ASW,WE,Combined TRACON& Tower with Radar,216,81,53,27,377,0,49,72,34,155,216,130,125,61,532,0,0,0,532
09/19/2008,ABQ,NM,ASW,WE,Combined TRACON& Tower with Radar,219,79,59,28,385,0,47,77,37,161,219,126,136,65,546,2,26,28,574
09/20/2008,ABQ,NM,ASW,WE,Combined TRACON& Tower with Radar,172,57,34,18,281,0,17,77,13,107,172,74,111,31,388,0,0,0,388
09/21/2008,ABQ,NM,ASW,WE,Combined TRACON& Tower with Radar,185,48,24,10,267,0,12,45,0,57,185,60,69,10,324,0,0,0,324
09/22/2008,ABQ,NM,ASW,WE,Combined TRACON& Tower with Radar,213,79,30,2,324,0,30,51,20,101,213,109,81,22,425,6,0,6,431
09/23/2008,ABQ,NM,ASW,WE,Combined TRACON& Tower with Radar,212,68,55,8,343,0,49,79,29,157,212,117,134,37,500,4,6,10,510
09/24/2008,ABQ,NM,ASW,WE,Combined TRACON& Tower with Radar,212,72,53,14,351,0,42,73,37,152,212,114,126,51,503,12,2,14,517
09/25/2008,ABQ,NM,ASW,WE,Combined TRACON& Tower with Radar,223,62,29,17,331,0,45,84,46,175,223,107,113,63,506,8,38,46,552
09/26/2008,ABQ,NM,ASW,WE,Combined TRACON& Tower with Radar,216,83,51,16,366,0,48,73,31,152,216,131,124,47,518,18,24,42,560
09/27/2008,ABQ,NM,ASW,WE,Combined TRACON& Tower with Radar,170,44,32,3,249,0,21,47,4,72,170,65,79,7,321,20,0,20,341
09/28/2008,ABQ,NM,ASW,WE,Combined TRACON& Tower with Radar,186,45,12,2,245,0,12,32,0,44,186,57,44,2,289,0,0,0,289
09/29/2008,ABQ,NM,ASW,WE,Combined TRACON& Tower with Radar,209,59,39,3,310,0,38,59,5,102,209,97,98,8,412,64,0,64,476
09/30/2008,ABQ,NM,ASW,WE,Combined TRACON& Tower with Radar,216,60,26,14,316,0,44,66,5,115,216,104,92,19,431,44,8,52,483
10/01/2008,ABQ,NM,ASW,WE,Combined TRACON& Tower with Radar,220,74,46,8,348,0,49,78,36,163,220,123,124,44,511,18,18,36,547
10/02/2008,ABQ,NM,ASW,WE,Combined TRACON& Tower with Radar,226,71,41,30,368,0,39,75,45,159,226,110,116,75,527,18,14,32,559
10/03/2008,ABQ,NM,ASW,WE,Combined TRACON& Tower with Radar,223,64,46,45,378,0,48,72,57,177,223,112,118,102,555,30,14,44,599
10/04/2008,ABQ,NM,ASW,WE,Combined TRACON& Tower with Radar,179,38,33,9,259,0,20,45,6,71,179,58,78,15,330,2,0,2,332
10/05/2008,ABQ,NM,ASW,WE,Combined TRACON& Tower with Radar,194,47,27,13,281,0,4,10,2,16,194,51,37,15,297,12,6,18,315
10/06/2008,ABQ,NM,ASW,WE,Combined TRACON& Tower with Radar,210,58,36,8,312,0,31,49,42,122,210,89,85,50,434,2,2,4,438
10/07/2008,ABQ,NM,ASW,WE,Combined TRACON& Tower with Radar,208,72,59,12,351,0,45,62,39,146,208,117,121,51,497,12,14,26,523
10/08/2008,ABQ,NM,ASW,WE,Combined TRACON& Tower with Radar,226,66,47,23,362,0,46,76,39,161,226,112,123,62,523,24,8,32,555
10/09/2008,ABQ,NM,ASW,WE,Combined TRACON& Tower with Radar,228,63,49,18,358,0,51,77,43,171,228,114,126,61,529,4,2,6,535
10/10/2008,ABQ,NM,ASW,WE,Combined TRACON& Tower with Radar,219,60,52,30,361,0,52,47,45,144,219,112,99,75,505,12,26,38,543
10/11/2008,ABQ,NM,ASW,WE,Combined TRACON& Tower with Radar,178,45,33,4,260,0,17,15,3,35,178,62,48,7,295,0,20,20,315
10/12/2008,ABQ,NM,ASW,WE,Combined TRACON& Tower with Radar,197,45,45,1,288,0,12,20,8,40,197,57,65,9,328,0,0,0,328
10/13/2008,ABQ,NM,ASW,WE,Combined TRACON& Tower with Radar,193,65,46,0,304,0,34,54,0,88,193,99,100,0,392,0,0,0,392
10/14/2008,ABQ,NM,ASW,WE,Combined TRACON& Tower with Radar,211,101,46,8,366,0,9,9,38,56,211,110,55,46,422,16,0,16,438
10/15/2008,ABQ,NM,ASW,WE,Combined TRACON& Tower with Radar,206,70,31,23,330,0,52,54,49,155,206,122,85,72,485,2,18,20,505
10/16/2008,ABQ,NM,ASW,WE,Combined TRACON& Tower with Radar,217,77,38,18,350,0,48,79,54,181,217,125,117,72,531,38,6,44,575
10/17/2008,ABQ,NM,ASW,WE,Combined TRACON& Tower with Radar,216,65,37,37,355,0,45,82,43,170,216,110,119,80,525,4,50,54,579
10/18/2008,ABQ,NM,ASW,WE,Combined TRACON& Tower with Radar,170,47,25,10,252,0,18,60,6,84,170,65,85,16,336,10,0,10,346
10/19/2008,ABQ,NM,ASW,WE,Combined TRACON& Tower with Radar,180,47,32,13,272,0,23,69,2,94,180,70,101,15,366,20,4,24,390
10/20/2008,ABQ,NM,ASW,WE,Combined TRACON& Tower with Radar,209,74,39,12,334,0,32,41,52,125,209,106,80,64,459,12,16,28,487
10/21/2008,ABQ,NM,ASW,WE,Combined TRACON& Tower with Radar,209,63,41,15,328,0,51,58,56,165,209,114,99,71,493,5,0,5,498
10/22/2008,ABQ,NM,ASW,WE,Combined TRACON& Tower with Radar,210,66,38,10,324,0,60,64,56,180,210,126,102,66,504,10,6,16,520
10/23/2008,ABQ,NM,ASW,WE,Combined TRACON& Tower with Radar,216,70,49,23,358,0,45,64,49,158,216,115,113,72,516,24,16,40,556
10/24/2008,ABQ,NM,ASW,WE,Combined TRACON& Tower with Radar,210,73,40,26,349,0,54,92,41,187,210,127,132,67,536,8,28,36,572
10/25/2008,ABQ,NM,ASW,WE,Combined TRACON& Tower with Radar,168,57,32,16,273,0,24,54,5,83,168,81,86,21,356,0,0,0,356
10/26/2008,ABQ,NM,ASW,WE,Combined TRACON& Tower with Radar,176,51,30,10,267,0,15,45,3,63,176,66,75,13,330,6,2,8,338
10/27/2008,ABQ,NM,ASW,WE,Combined TRACON& Tower with Radar,210,54,41,15,320,0,44,68,42,154,210,98,109,57,474,6,8,14,488
10/28/2008,ABQ,NM,ASW,WE,Combined TRACON& Tower with Radar,211,66,44,28,349,0,49,84,52,185,211,115,128,80,534,12,26,38,572
10/29/2008,ABQ,NM,ASW,WE,Combined TRACON& Tower with Radar,209,65,31,3,308,0,51,72,55,178,209,116,103,58,486,4,10,14,500
10/30/2008,ABQ,NM,ASW,WE,Combined TRACON& Tower with Radar,221,77,30,19,347,0,57,66,54,177,221,134,96,73,524,12,38,50,574
10/31/2008,ABQ,NM,ASW,WE,Combined TRACON& Tower with Radar,206,70,39,24,339,0,64,50,38,152,206,134,89,62,491,6,0,6,497
11/01/2008,ABQ,NM,ASW,WE,Combined TRACON& Tower with Radar,158,45,20,17,240,0,24,91,7,122,158,69,111,24,362,34,2,36,398
11/02/2008,ABQ,NM,ASW,WE,Combined TRACON& Tower with Radar,166,40,23,24,253,0,8,29,10,47,166,48,52,34,300,6,2,8,308
11/03/2008,ABQ,NM,ASW,WE,Combined TRACON& Tower with Radar,202,64,20,15,301,0,34,60,29,123,202,98,80,44,424,26,6,32,456
11/04/2008,ABQ,NM,ASW,WE,Combined TRACON& Tower with Radar,201,68,44,9,322,0,48,48,43,139,201,116,92,52,461,2,18,20,481
11/05/2008,ABQ,NM,ASW,WE,Combined TRACON& Tower with Radar,208,74,32,13,327,0,42,45,19,106,208,116,77,32,433,0,6,6,439
11/06/2008,ABQ,NM,ASW,WE,Combined TRACON& Tower with Radar,209,67,46,29,351,0,51,56,62,169,209,118,102,91,520,8,16,24,544
11/07/2008,ABQ,NM,ASW,WE,Combined TRACON& Tower with Radar,205,67,42,62,376,0,48,75,41,164,205,115,117,103,540,0,58,58,598
11/08/2008,ABQ,NM,ASW,WE,Combined TRACON& Tower with Radar,165,51,30,16,262,0,19,59,6,84,165,70,89,22,346,0,0,0,346
11/09/2008,ABQ,NM,ASW,WE,Combined TRACON& Tower with Radar,165,42,26,7,240,0,12,43,6,61,165,54,69,13,301,6,20,26,327
11/10/2008,ABQ,NM,ASW,WE,Combined TRACON& Tower with Radar,211,73,31,9,324,0,27,24,2,53,211,100,55,11,377,0,0,0,377
11/11/2008,ABQ,NM,ASW,WE,Combined TRACON& Tower with Radar,202,63,32,4,301,0,39,50,7,96,202,102,82,11,397,0,0,0,397
11/12/2008,ABQ,NM,ASW,WE,Combined TRACON& Tower with Radar,208,64,33,30,335,0,51,49,46,146,208,115,82,76,481,10,0,10,491
11/13/2008,ABQ,NM,ASW,WE,Combined TRACON& Tower with Radar,207,66,43,34,350,0,50,41,65,156,207,116,84,99,506,8,36,44,550
11/14/2008,ABQ,NM,ASW,WE,Combined TRACON& Tower with Radar,206,70,44,42,362,0,50,67,60,177,206,120,111,102,539,2,54,56,595
11/15/2008,ABQ,NM,ASW,WE,Combined TRACON& Tower with Radar,169,54,35,2,260,0,16,67,5,88,169,70,102,7,348,12,0,12,360
11/16/2008,ABQ,NM,ASW,WE,Combined TRACON& Tower with Radar,167,44,29,13,253,0,13,49,1,63,167,57,78,14,316,32,4,36,352
11/17/2008,ABQ,NM,ASW,WE,Combined TRACON& Tower with Radar,193,70,32,11,306,0,38,59,40,137,193,108,91,51,443,14,48,62,505
11/18/2008,ABQ,NM,ASW,WE,Combined TRACON& Tower with Radar,205,63,33,17,318,0,48,63,65,176,205,111,96,82,494,10,94,104,598
11/19/2008,ABQ,NM,ASW,WE,Combined TRACON& Tower with Radar,201,72,37,24,334,0,49,75,55,179,201,121,112,79,513,32,66,98,611
11/20/2008,ABQ,NM,ASW,WE,Combined TRACON& Tower with Radar,206,70,24,29,329,0,41,30,54,125,206,111,54,83,454,6,34,40,494
11/21/2008,ABQ,NM,ASW,WE,Combined TRACON& Tower with Radar,200,64,36,49,349,0,52,70,51,173,200,116,106,100,522,14,18,32,554
11/22/2008,ABQ,NM,ASW,WE,Combined TRACON& Tower with Radar,169,50,37,20,276,0,15,57,5,77,169,65,94,25,353,18,8,26,379
11/23/2008,ABQ,NM,ASW,WE,Combined TRACON& Tower with Radar,165,36,23,21,245,0,11,50,8,69,165,47,73,29,314,4,4,8,322
11/24/2008,ABQ,NM,ASW,WE,Combined TRACON& Tower with Radar,192,48,39,26,305,0,34,86,39,159,192,82,125,65,464,42,14,56,520
11/25/2008,ABQ,NM,ASW,WE,Combined TRACON& Tower with Radar,206,68,42,15,331,0,43,72,65,180,206,111,114,80,511,34,116,150,661
11/26/2008,ABQ,NM,ASW,WE,Combined TRACON& Tower with Radar,210,73,39,7,329,0,43,51,15,109,210,116,90,22,438,22,8,30,468
11/27/2008,ABQ,NM,ASW,WE,Combined TRACON& Tower with Radar,147,58,14,0,219,0,3,0,0,3,147,61,14,0,222,0,0,0,222
11/28/2008,ABQ,NM,ASW,WE,Combined TRACON& Tower with Radar,163,77,11,0,251,0,19,13,0,32,163,96,24,0,283,0,0,0,283
11/29/2008,ABQ,NM,ASW,WE,Combined TRACON& Tower with Radar,176,54,13,0,243,0,14,36,0,50,176,68,49,0,293,12,0,12,305
11/30/2008,ABQ,NM,ASW,WE,Combined TRACON& Tower with Radar,178,64,36,6,284,0,13,23,0,36,178,77,59,6,320,0,0,0,320
12/01/2008,ABQ,NM,ASW,WE,Combined TRACON& Tower with Radar,197,67,41,17,322,0,36,40,30,106,197,103,81,47,428,6,76,82,510
12/02/2008,ABQ,NM,ASW,WE,Combined TRACON& Tower with Radar,213,66,36,29,344,0,50,63,44,157,213,116,99,73,501,8,74,82,583
12/03/2008,ABQ,NM,ASW,WE,Combined TRACON& Tower with Radar,201,68,36,39,344,0,47,49,43,139,201,115,85,82,483,20,50,70,553
12/04/2008,ABQ,NM,ASW,WE,Combined TRACON& Tower with Radar,203,70,34,31,338,0,42,49,65,156,203,112,83,96,494,6,132,138,632
12/05/2008,ABQ,NM,ASW,WE,Combined TRACON& Tower with Radar,200,75,35,64,374,0,45,57,26,128,200,120,92,90,502,28,50,78,580
12/06/2008,ABQ,NM,ASW,WE,Combined TRACON& Tower with Radar,162,53,34,8,257,0,22,56,5,83,162,75,90,13,340,10,0,10,350
12/07/2008,ABQ,NM,ASW,WE,Combined TRACON& Tower with Radar,160,46,39,45,290,0,6,40,6,52,160,52,79,51,342,8,38,46,388
12/08/2008,ABQ,NM,ASW,WE,Combined TRACON& Tower with Radar,193,81,34,35,343,0,15,17,39,71,193,96,51,74,414,8,20,28,442
12/09/2008,ABQ,NM,ASW,WE,Combined TRACON& Tower with Radar,203,103,50,17,373,0,5,7,66,78,203,108,57,83,451,2,54,56,507
12/10/2008,ABQ,NM,ASW,WE,Combined TRACON& Tower with Radar,204,76,46,36,362,0,56,54,44,154,204,132,100,80,516,4,0,4,520
12/11/2008,ABQ,NM,ASW,WE,Combined TRACON& Tower with Radar,207,79,49,32,367,0,54,68,54,176,207,133,117,86,543,6,6,12,555
12/12/2008,ABQ,NM,ASW,WE,Combined TRACON& Tower with Radar,198,80,38,35,351,0,56,60,29,145,198,136,98,64,496,2,14,16,512
12/13/2008,ABQ,NM,ASW,WE,Combined TRACON& Tower with Radar,162,58,35,24,279,0,17,23,5,45,162,75,58,29,324,4,8,12,336
12/14/2008,ABQ,NM,ASW,WE,Combined TRACON& Tower with Radar,166,45,29,16,256,0,3,5,6,14,166,48,34,22,270,0,0,0,270
12/15/2008,ABQ,NM,ASW,WE,Combined TRACON& Tower with Radar,188,88,32,7,315,0,5,4,2,11,188,93,36,9,326,6,0,6,332
12/16/2008,ABQ,NM,ASW,WE,Combined TRACON& Tower with Radar,200,101,34,23,358,0,24,25,45,94,200,125,59,68,452,10,6,16,468
12/17/2008,ABQ,NM,ASW,WE,Combined TRACON& Tower with Radar,212,93,49,30,384,0,43,42,50,135,212,136,91,80,519,4,8,12,531
12/18/2008,ABQ,NM,ASW,WE,Combined TRACON& Tower with Radar,208,90,43,22,363,0,35,18,36,89,208,125,61,58,452,2,14,16,468
12/19/2008,ABQ,NM,ASW,WE,Combined TRACON& Tower with Radar,215,87,47,46,395,0,51,60,39,150,215,138,107,85,545,26,4,30,575
12/20/2008,ABQ,NM,ASW,WE,Combined TRACON& Tower with Radar,181,68,18,7,274,0,22,67,16,105,181,90,85,23,379,10,0,10,389
12/21/2008,ABQ,NM,ASW,WE,Combined TRACON& Tower with Radar,153,51,21,4,229,0,7,43,3,53,153,58,64,7,282,26,0,26,308
12/22/2008,ABQ,NM,ASW,WE,Combined TRACON& Tower with Radar,192,90,26,15,323,0,22,32,25,79,192,112,58,40,402,4,0,4,406
12/23/2008,ABQ,NM,ASW,WE,Combined TRACON& Tower with Radar,208,131,28,8,375,0,10,1,12,23,208,141,29,20,398,0,0,0,398
12/24/2008,ABQ,NM,ASW,WE,Combined TRACON& Tower with Radar,190,74,14,1,279,0,61,32,3,96,190,135,46,4,375,0,0,0,375
12/25/2008,ABQ,NM,ASW,WE,Combined TRACON& Tower with Radar,158,52,20,0,230,0,11,6,0,17,158,63,26,0,247,0,0,0,247
12/26/2008,ABQ,NM,ASW,WE,Combined TRACON& Tower with Radar,179,93,28,0,300,0,18,2,0,20,179,111,30,0,320,0,0,0,320
12/27/2008,ABQ,NM,ASW,WE,Combined TRACON& Tower with Radar,167,71,32,0,270,0,21,32,2,55,167,92,64,2,325,0,0,0,325
12/28/2008,ABQ,NM,ASW,WE,Combined TRACON& Tower with Radar,172,55,19,0,246,0,10,28,6,44,172,65,47,6,290,0,0,0,290
12/29/2008,ABQ,NM,ASW,WE,Combined TRACON& Tower with Radar,196,75,18,8,297,0,37,63,27,127,196,112,81,35,424,0,0,0,424
12/30/2008,ABQ,NM,ASW,WE,Combined TRACON& Tower with Radar,201,72,15,10,298,0,49,62,30,141,201,121,77,40,439,16,16,32,471
12/31/2008,ABQ,NM,ASW,WE,Combined TRACON& Tower with Radar,185,63,23,0,271,0,53,69,0,122,185,116,92,0,393,8,0,8,401
01/01/2009,ABQ,NM,ASW,WE,Combined TRACON& Tower with Radar,155,60,14,0,229,0,21,28,0,49,155,81,42,0,278,4,0,4,282
01/02/2009,ABQ,NM,ASW,WE,Combined TRACON& Tower with Radar,190,69,35,1,295,0,53,53,0,106,190,122,88,1,401,6,0,6,407
01/03/2009,ABQ,NM,ASW,WE,Combined TRACON& Tower with Radar,173,78,19,9,279,0,27,42,0,69,173,105,61,9,348,6,0,6,354
01/04/2009,ABQ,NM,ASW,WE,Combined TRACON& Tower with Radar,167,54,11,0,232,0,9,4,0,13,167,63,15,0,245,16,0,16,261
01/05/2009,ABQ,NM,ASW,WE,Combined TRACON& Tower with Radar,197,66,32,15,310,0,24,30,21,75,197,90,62,36,385,20,10,30,415
01/06/2009,ABQ,NM,ASW,WE,Combined TRACON& Tower with Radar,205,66,24,19,314,0,32,36,44,112,205,98,60,63,426,2,36,38,464
01/07/2009,ABQ,NM,ASW,WE,Combined TRACON& Tower with Radar,206,62,32,39,339,0,48,60,55,163,206,110,92,94,502,18,16,34,536
01/08/2009,ABQ,NM,ASW,WE,Combined TRACON& Tower with Radar,210,58,38,31,337,0,47,77,36,160,210,105,115,67,497,10,16,26,523
01/09/2009,ABQ,NM,ASW,WE,Combined TRACON& Tower with Radar,198,62,26,34,320,0,40,55,43,138,198,102,81,77,458,12,22,34,492
01/10/2009,ABQ,NM,ASW,WE,Combined TRACON& Tower with Radar,167,42,28,26,263,0,15,67,6,88,167,57,95,32,351,0,0,0,351
01/11/2009,ABQ,NM,ASW,WE,Combined TRACON& Tower with Radar,162,41,8,25,236,0,7,34,16,57,162,48,42,41,293,8,4,12,305
01/12/2009,ABQ,NM,ASW,WE,Combined TRACON& Tower with Radar,186,66,23,14,289,0,35,48,53,136,186,101,71,67,425,14,2,16,441
01/13/2009,ABQ,NM,ASW,WE,Combined TRACON& Tower with Radar,191,63,27,22,303,0,50,71,59,180,191,113,98,81,483,8,16,24,507
01/14/2009,ABQ,NM,ASW,WE,Combined TRACON& Tower with Radar,195,56,43,25,319,0,48,67,41,156,195,104,110,66,475,14,2,16,491
01/15/2009,ABQ,NM,ASW,WE,Combined TRACON& Tower with Radar,196,58,35,25,314,0,46,56,69,171,196,104,91,94,485,4,34,38,523
01/16/2009,ABQ,NM,ASW,WE,Combined TRACON& Tower with Radar,197,66,27,50,340,0,45,55,49,149,197,111,82,99,489,0,14,14,503
01/17/2009,ABQ,NM,ASW,WE,Combined TRACON& Tower with Radar,154,40,35,30,259,0,15,75,5,95,154,55,110,35,354,2,6,8,362
01/18/2009,ABQ,NM,ASW,WE,Combined TRACON& Tower with Radar,160,41,19,1,221,0,9,29,1,39,160,50,48,2,260,0,0,0,260
01/19/2009,ABQ,NM,ASW,WE,Combined TRACON& Tower with Radar,186,55,33,5,279,0,35,69,2,106,186,90,102,7,385,6,0,6,391
01/20/2009,ABQ,NM,ASW,WE,Combined TRACON& Tower with Radar,186,67,27,30,310,0,49,62,50,161,186,116,89,80,471,14,14,28,499
01/21/2009,ABQ,NM,ASW,WE,Combined TRACON& Tower with Radar,197,56,32,33,318,0,54,60,64,178,197,110,92,97,496,12,44,56,552
01/22/2009,ABQ,NM,ASW,WE,Combined TRACON& Tower with Radar,195,71,34,25,325,0,44,65,59,168,195,115,99,84,493,16,24,40,533
01/23/2009,ABQ,NM,ASW,WE,Combined TRACON& Tower with Radar,196,70,34,69,369,0,37,55,42,134,196,107,89,111,503,0,36,36,539
01/24/2009,ABQ,NM,ASW,WE,Combined TRACON& Tower with Radar,154,54,34,7,249,0,15,49,1,65,154,69,83,8,314,30,0,30,344
01/25/2009,ABQ,NM,ASW,WE,Combined TRACON& Tower with Radar,158,42,18,5,223,0,7,42,3,52,158,49,60,8,275,18,0,18,293
01/26/2009,ABQ,NM,ASW,WE,Combined TRACON& Tower with Radar,194,63,30,7,294,0,25,36,48,109,194,88,66,55,403,4,8,12,415
01/27/2009,ABQ,NM,ASW,WE,Combined TRACON& Tower with Radar,183,66,24,17,290,0,36,35,68,139,183,102,59,85,429,4,6,10,439
01/28/2009,ABQ,NM,ASW,WE,Combined TRACON& Tower with Radar,184,57,24,17,282,0,49,67,39,155,184,106,91,56,437,12,12,24,461
01/29/2009,ABQ,NM,ASW,WE,Combined TRACON& Tower with Radar,202,65,25,20,312,0,47,57,48,152,202,112,82,68,464,20,26,46,510
01/30/2009,ABQ,NM,ASW,WE,Combined TRACON& Tower with Radar,194,63,37,38,332,0,57,96,31,184,194,120,133,69,516,2,25,27,543
01/31/2009,ABQ,NM,ASW,WE,Combined TRACON& Tower with Radar,155,37,19,14,225,0,18,79,6,103,155,55,98,20,328,22,2,24,352
02/01/2009,ABQ,NM,ASW,WE,Combined TRACON& Tower with Radar,167,47,16,1,231,0,9,49,2,60,167,56,65,3,291,8,0,8,299
02/02/2009,ABQ,NM,ASW,WE,Combined TRACON& Tower with Radar,184,70,27,12,293,0,40,46,28,114,184,110,73,40,407,12,0,12,419
02/03/2009,ABQ,NM,ASW,WE,Combined TRACON& Tower with Radar,194,57,20,26,297,0,45,78,53,176,194,102,98,79,473,0,24,24,497
02/04/2009,ABQ,NM,ASW,WE,Combined TRACON& Tower with Radar,193,64,32,15,304,0,49,54,34,137,193,113,86,49,441,6,16,22,463
02/05/2009,ABQ,NM,ASW,WE,Combined TRACON& Tower with Radar,197,62,32,29,320,0,47,67,58,172,197,109,99,87,492,10,16,26,518
02/06/2009,ABQ,NM,ASW,WE,Combined TRACON& Tower with Radar,193,71,43,19,326,0,54,71,32,157,193,125,114,51,483,10,2,12,495
02/07/2009,ABQ,NM,ASW,WE,Combined TRACON& Tower with Radar,153,40,26,7,226,0,21,72,0,93,153,61,98,7,319,10,10,20,339
02/08/2009,ABQ,NM,ASW,WE,Combined TRACON& Tower with Radar,160,51,19,7,237,0,7,12,0,19,160,58,31,7,256,6,12,18,274
02/09/2009,ABQ,NM,ASW,WE,Combined TRACON& Tower with Radar,189,70,35,15,309,0,30,22,42,94,189,100,57,57,403,0,0,0,403
02/10/2009,ABQ,NM,ASW,WE,Combined TRACON& Tower with Radar,189,99,27,25,340,0,13,6,42,61,189,112,33,67,401,0,16,16,417
02/11/2009,ABQ,NM,ASW,WE,Combined TRACON& Tower with Radar,191,57,30,31,309,0,49,66,48,163,191,106,96,79,472,0,22,22,494
02/12/2009,ABQ,NM,ASW,WE,Combined TRACON& Tower with Radar,197,86,52,39,374,0,35,37,47,119,197,121,89,86,493,2,14,16,509
02/13/2009,ABQ,NM,ASW,WE,Combined TRACON& Tower with Radar,190,100,56,59,405,0,33,61,24,118,190,133,117,83,523,2,8,10,533
02/14/2009,ABQ,NM,ASW,WE,Combined TRACON& Tower with Radar,155,54,28,6,243,0,17,23,1,41,155,71,51,7,284,0,0,0,284
02/15/2009,ABQ,NM,ASW,WE,Combined TRACON& Tower with Radar,174,55,35,3,267,0,12,25,0,37,174,67,60,3,304,18,0,18,322
02/16/2009,ABQ,NM,ASW,WE,Combined TRACON& Tower with Radar,186,95,48,20,349,0,24,33,5,62,186,119,81,25,411,6,2,8,419
02/17/2009,ABQ,NM,ASW,WE,Combined TRACON& Tower with Radar,196,87,37,20,340,0,18,26,50,94,196,105,63,70,434,0,26,26,460
02/18/2009,ABQ,NM,ASW,WE,Combined TRACON& Tower with Radar,198,89,40,20,347,0,20,39,63,122,198,109,79,83,469,0,34,34,503
02/19/2009,ABQ,NM,ASW,WE,Combined TRACON& Tower with Radar,202,100,62,24,388,0,33,49,43,125,202,133,111,67,513,6,0,6,519
02/20/2009,ABQ,NM,ASW,WE,Combined TRACON& Tower with Radar,188,90,67,29,374,0,32,69,36,137,188,122,136,65,511,4,28,32,543
02/21/2009,ABQ,NM,ASW,WE,Combined TRACON& Tower with Radar,156,53,56,34,299,0,9,57,14,80,156,62,113,48,379,2,0,2,381
02/22/2009,ABQ,NM,ASW,WE,Combined TRACON& Tower with Radar,170,57,20,28,275,0,11,28,18,57,170,68,48,46,332,12,0,12,344
02/23/2009,ABQ,NM,ASW,WE,Combined TRACON& Tower with Radar,187,84,31,15,317,0,20,40,52,112,187,104,71,67,429,4,0,4,433
02/24/2009,ABQ,NM,ASW,WE,Combined TRACON& Tower with Radar,189,81,42,10,322,0,28,32,66,126,189,109,74,76,448,0,10,10,458
02/25/2009,ABQ,NM,ASW,WE,Combined TRACON& Tower with Radar,195,93,57,8,353,0,28,40,67,135,195,121,97,75,488,8,28,36,524
02/26/2009,ABQ,NM,ASW,WE,Combined TRACON& Tower with Radar,194,94,42,13,343,0,32,53,59,144,194,126,95,72,487,2,26,28,515
02/27/2009,ABQ,NM,ASW,WE,Combined TRACON& Tower with Radar,194,96,59,26,375,0,27,40,27,94,194,123,99,53,469,6,20,26,495
02/28/2009,ABQ,NM,ASW,WE,Combined TRACON& Tower with Radar,153,54,53,27,287,0,11,61,11,83,153,65,114,38,370,2,2,4,374
03/01/2009,ABQ,NM,ASW,WE,Combined TRACON& Tower with Radar,169,51,44,16,280,0,9,34,1,44,169,60,78,17,324,16,16,32,356
03/02/2009,ABQ,NM,ASW,WE,Combined TRACON& Tower with Radar,184,86,29,27,326,0,19,29,72,120,184,105,58,99,446,2,2,4,450
03/03/2009,ABQ,NM,ASW,WE,Combined TRACON& Tower with Radar,192,89,52,30,363,0,24,48,43,115,192,113,100,73,478,2,4,6,484
03/04/2009,ABQ,NM,ASW,WE,Combined TRACON& Tower with Radar,196,81,44,18,339,0,22,49,52,123,196,103,93,70,462,4,0,4,466
03/05/2009,ABQ,NM,ASW,WE,Combined TRACON& Tower with Radar,200,90,51,21,362,0,20,29,31,80,200,110,80,52,442,4,0,4,446
03/06/2009,ABQ,NM,ASW,WE,Combined TRACON& Tower with Radar,197,102,38,24,361,0,18,26,0,44,197,120,64,24,405,4,0,4,409
03/07/2009,ABQ,NM,ASW,WE,Combined TRACON& Tower with Radar,158,51,23,14,246,0,8,19,7,34,158,59,42,21,280,0,0,0,280
03/08/2009,ABQ,NM,ASW,WE,Combined TRACON& Tower with Radar,174,56,28,3,261,0,7,36,10,53,174,63,64,13,314,12,0,12,326
03/09/2009,ABQ,NM,ASW,WE,Combined TRACON& Tower with Radar,188,94,37,9,328,0,6,12,54,72,188,100,49,63,400,0,6,6,406
03/10/2009,ABQ,NM,ASW,WE,Combined TRACON& Tower with Radar,188,81,44,10,323,0,18,47,64,129,188,99,91,74,452,0,12,12,464
03/11/2009,ABQ,NM,ASW,WE,Combined TRACON& Tower with Radar,195,90,48,16,349,0,20,27,45,92,195,110,75,61,441,6,18,24,465
03/12/2009,ABQ,NM,ASW,WE,Combined TRACON& Tower with Radar,201,96,54,21,372,0,20,43,48,111,201,116,97,69,483,6,14,20,503
03/13/2009,ABQ,NM,ASW,WE,Combined TRACON& Tower with Radar,194,106,38,14,352,0,1,2,11,14,194,107,40,25,366,2,0,2,368
03/14/2009,ABQ,NM,ASW,WE,Combined TRACON& Tower with Radar,156,54,34,15,259,0,7,23,11,41,156,61,57,26,300,2,6,8,308
03/15/2009,ABQ,NM,ASW,WE,Combined TRACON& Tower with Radar,178,51,28,15,272,0,5,41,16,62,178,56,69,31,334,6,6,12,346
03/16/2009,ABQ,NM,ASW,WE,Combined TRACON& Tower with Radar,190,82,53,10,335,0,16,34,36,86,190,98,87,46,421,4,10,14,435
03/17/2009,ABQ,NM,ASW,WE,Combined TRACON& Tower with Radar,192,84,38,10,324,0,27,43,45,115,192,111,81,55,439,28,10,38,477
03/18/2009,ABQ,NM,ASW,WE,Combined TRACON& Tower with Radar,192,89,66,33,380,0,22,53,46,121,192,111,119,79,501,4,38,42,543
03/19/2009,ABQ,NM,ASW,WE,Combined TRACON& Tower with Radar,202,95,72,39,408,0,20,41,48,109,202,115,113,87,517,4,32,36,553
03/20/2009,ABQ,NM,ASW,WE,Combined TRACON& Tower with Radar,200,104,71,35,410,0,28,42,30,100,200,132,113,65,510,12,20,32,542
03/21/2009,ABQ,NM,ASW,WE,Combined TRACON& Tower with Radar,158,39,40,3,240,0,15,42,1,58,158,54,82,4,298,24,0,24,322
03/22/2009,ABQ,NM,ASW,WE,Combined TRACON& Tower with Radar,182,58,33,13,286,0,5,29,3,37,182,63,62,16,323,8,8,16,339
03/23/2009,ABQ,NM,ASW,WE,Combined TRACON& Tower with Radar,193,86,32,14,325,0,17,22,31,70,193,103,54,45,395,0,0,0,395
03/24/2009,ABQ,NM,ASW,WE,Combined TRACON& Tower with Radar,193,92,49,38,372,0,23,32,43,98,193,115,81,81,470,6,2,8,478
03/25/2009,ABQ,NM,ASW,WE,Combined TRACON& Tower with Radar,190,91,44,25,350,0,30,42,44,116,190,121,86,69,466,6,4,10,476
03/26/2009,ABQ,NM,ASW,WE,Combined TRACON& Tower with Radar,186,95,45,19,345,0,20,18,41,79,186,115,63,60,424,4,0,4,428
03/27/2009,ABQ,NM,ASW,WE,Combined TRACON& Tower with Radar,194,120,37,33,384,0,13,8,14,35,194,133,45,47,419,8,24,32,451
03/28/2009,ABQ,NM,ASW,WE,Combined TRACON& Tower with Radar,159,48,38,19,264,0,11,39,0,50,159,59,77,19,314,0,2,2,316
03/29/2009,ABQ,NM,ASW,WE,Combined TRACON& Tower with Radar,186,49,25,3,263,0,7,24,2,33,186,56,49,5,296,4,0,4,300
03/30/2009,ABQ,NM,ASW,WE,Combined TRACON& Tower with Radar,194,82,31,21,328,0,15,26,25,66,194,97,57,46,394,4,6,10,404
03/31/2009,ABQ,NM,ASW,WE,Combined TRACON& Tower with Radar,198,81,50,30,359,0,22,65,53,140,198,103,115,83,499,2,8,10,509
04/01/2009,ABQ,NM,ASW,WE,Combined TRACON& Tower with Radar,199,80,40,13,332,0,15,17,39,71,199,95,57,52,403,0,2,2,405
04/02/2009,ABQ,NM,ASW,WE,Combined TRACON& Tower with Radar,196,80,48,23,347,0,32,44,47,123,196,112,92,70,470,16,38,54,524
04/03/2009,ABQ,NM,ASW,WE,Combined TRACON& Tower with Radar,200,93,41,17,351,0,22,32,25,79,200,115,73,42,430,4,2,6,436
04/04/2009,ABQ,NM,ASW,WE,Combined TRACON& Tower with Radar,153,52,24,6,235,0,10,19,5,34,153,62,43,11,269,0,0,0,269
04/05/2009,ABQ,NM,ASW,WE,Combined TRACON& Tower with Radar,182,54,42,13,291,0,7,36,6,49,182,61,78,19,340,4,0,4,344
04/06/2009,ABQ,NM,ASW,WE,Combined TRACON& Tower with Radar,192,70,54,14,330,0,15,51,38,104,192,85,105,52,434,18,22,40,474
04/07/2009,ABQ,NM,ASW,WE,Combined TRACON& Tower with Radar,200,62,42,45,349,0,18,52,56,126,200,80,94,101,475,10,22,32,507
04/08/2009,ABQ,NM,ASW,WE,Combined TRACON& Tower with Radar,203,74,39,7,323,0,17,24,47,88,203,91,63,54,411,8,28,36,447
04/09/2009,ABQ,NM,ASW,WE,Combined TRACON& Tower with Radar,198,74,44,18,334,0,24,34,71,129,198,98,78,89,463,0,44,44,507
04/10/2009,ABQ,NM,ASW,WE,Combined TRACON& Tower with Radar,201,92,48,23,364,0,18,39,39,96,201,110,87,62,460,0,32,32,492
04/11/2009,ABQ,NM,ASW,WE,Combined TRACON& Tower with Radar,157,55,14,0,226,0,6,3,0,9,157,61,17,0,235,12,0,12,247
04/12/2009,ABQ,NM,ASW,WE,Combined TRACON& Tower with Radar,180,43,19,1,243,0,1,15,1,17,180,44,34,2,260,10,0,10,270
04/13/2009,ABQ,NM,ASW,WE,Combined TRACON& Tower with Radar,195,80,57,16,348,0,19,52,40,111,195,99,109,56,459,22,10,32,491
04/14/2009,ABQ,NM,ASW,WE,Combined TRACON& Tower with Radar,196,72,52,21,341,0,29,58,53,140,196,101,110,74,481,2,2,4,485
04/15/2009,ABQ,NM,ASW,WE,Combined TRACON& Tower with Radar,200,87,44,11,342,0,19,33,56,108,200,106,77,67,450,10,24,34,484
04/16/2009,ABQ,NM,ASW,WE,Combined TRACON& Tower with Radar,200,89,37,33,359,0,29,43,39,111,200,118,80,72,470,4,20,24,494
04/17/2009,ABQ,NM,ASW,WE,Combined TRACON& Tower with Radar,202,88,56,51,397,0,13,19,34,66,202,101,75,85,463,0,24,24,487
04/18/2009,ABQ,NM,ASW,WE,Combined TRACON& Tower with Radar,154,54,37,49,294,0,10,32,9,51,154,64,69,58,345,16,12,28,373
04/19/2009,ABQ,NM,ASW,WE,Combined TRACON& Tower with Radar,187,43,33,10,273,0,9,51,1,61,187,52,84,11,334,0,0,0,334
04/20/2009,ABQ,NM,ASW,WE,Combined TRACON& Tower with Radar,192,78,45,17,332,0,15,52,35,102,192,93,97,52,434,10,4,14,448
04/21/2009,ABQ,NM,ASW,WE,Combined TRACON& Tower with Radar,196,80,47,27,350,0,28,45,56,129,196,108,92,83,479,12,12,24,503
04/22/2009,ABQ,NM,ASW,WE,Combined TRACON& Tower with Radar,197,80,52,29,358,0,18,49,56,123,197,98,101,85,481,4,12,16,497
04/23/2009,ABQ,NM,ASW,WE,Combined TRACON& Tower with Radar,204,91,64,26,385,0,25,43,67,135,204,116,107,93,520,14,36,50,570
04/24/2009,ABQ,NM,ASW,WE,Combined TRACON& Tower with Radar,195,92,54,24,365,0,26,62,45,133,195,118,116,69,498,12,30,42,540
04/25/2009,ABQ,NM,ASW,WE,Combined TRACON& Tower with Radar,157,53,25,10,245,0,7,25,0,32,157,60,50,10,277,6,6,12,289
04/26/2009,ABQ,NM,ASW,WE,Combined TRACON& Tower with Radar,194,47,36,18,295,0,6,36,2,44,194,53,72,20,339,26,10,36,375
04/27/2009,ABQ,NM,ASW,WE,Combined TRACON& Tower with Radar,193,75,52,9,329,0,20,42,34,96,193,95,94,43,425,14,6,20,445
04/28/2009,ABQ,NM,ASW,WE,Combined TRACON& Tower with Radar,206,71,43,24,344,0,19,43,52,114,206,90,86,76,458,8,20,28,486
04/29/2009,ABQ,NM,ASW,WE,Combined TRACON& Tower with Radar,197,81,51,30,359,0,21,55,38,114,197,102,106,68,473,8,26,34,507
04/30/2009,ABQ,NM,ASW,WE,Combined TRACON& Tower with Radar,199,76,68,28,371,0,24,71,40,135,199,100,139,68,506,4,12,16,522
05/01/2009,ABQ,NM,ASW,WE,Combined TRACON& Tower with Radar,202,90,51,17,360,0,20,43,46,109,202,110,94,63,469,0,44,44,513
05/02/2009,ABQ,NM,ASW,WE,Combined TRACON& Tower with Radar,147,54,27,5,233,0,5,13,1,19,147,59,40,6,252,10,6,16,268
05/03/2009,ABQ,NM,ASW,WE,Combined TRACON& Tower with Radar,184,56,35,17,292,0,10,41,2,53,184,66,76,19,345,6,14,20,365
05/04/2009,ABQ,NM,ASW,WE,Combined TRACON& Tower with Radar,193,83,49,21,346,0,17,32,29,78,193,100,81,50,424,10,20,30,454
05/05/2009,ABQ,NM,ASW,WE,Combined TRACON& Tower with Radar,196,72,43,11,322,0,25,35,59,119,196,97,78,70,441,10,8,18,459
05/06/2009,ABQ,NM,ASW,WE,Combined TRACON& Tower with Radar,196,89,66,21,372,0,27,62,60,149,196,116,128,81,521,2,24,26,547
05/07/2009,ABQ,NM,ASW,WE,Combined TRACON& Tower with Radar,192,84,58,28,362,0,30,51,54,135,192,114,109,82,497,12,52,64,561
05/08/2009,ABQ,NM,ASW,WE,Combined TRACON& Tower with Radar,197,92,64,28,381,0,32,57,73,162,197,124,121,101,543,8,140,148,691
05/09/2009,ABQ,NM,ASW,WE,Combined TRACON& Tower with Radar,158,60,34,7,259,0,6,42,6,54,158,66,76,13,313,4,0,4,317
05/10/2009,ABQ,NM,ASW,WE,Combined TRACON& Tower with Radar,185,42,35,7,269,0,16,33,3,52,185,58,68,10,321,4,0,4,325
05/11/2009,ABQ,NM,ASW,WE,Combined TRACON& Tower with Radar,190,74,46,5,315,0,19,33,43,95,190,93,79,48,410,10,26,36,446
05/12/2009,ABQ,NM,ASW,WE,Combined TRACON& Tower with Radar,195,78,61,18,352,0,24,49,54,127,195,102,110,72,479,0,28,28,507
05/13/2009,ABQ,NM,ASW,WE,Combined TRACON& Tower with Radar,204,70,48,23,345,0,18,63,46,127,204,88,111,69,472,0,28,28,500
05/14/2009,ABQ,NM,ASW,WE,Combined TRACON& Tower with Radar,206,74,40,24,344,0,12,26,34,72,206,86,66,58,416,4,10,14,430
05/15/2009,ABQ,NM,ASW,WE,Combined TRACON& Tower with Radar,199,94,55,27,375,0,28,75,27,130,199,122,130,54,505,10,12,22,527
05/16/2009,ABQ,NM,ASW,WE,Combined TRACON& Tower with Radar,164,55,35,11,265,0,5,13,3,21,164,60,48,14,286,0,0,0,286
05/17/2009,ABQ,NM,ASW,WE,Combined TRACON& Tower with Radar,181,42,41,17,281,0,7,37,5,49,181,49,78,22,330,0,0,0,330
05/18/2009,ABQ,NM,ASW,WE,Combined TRACON& Tower with Radar,194,82,51,10,337,0,17,53,20,90,194,99,104,30,427,10,6,16,443
05/19/2009,ABQ,NM,ASW,WE,Combined TRACON& Tower with Radar,202,84,44,16,346,0,35,36,34,105,202,119,80,50,451,6,4,10,461
05/20/2009,ABQ,NM,ASW,WE,Combined TRACON& Tower with Radar,201,85,44,25,355,0,21,61,44,126,201,106,105,69,481,0,8,8,489
05/21/2009,ABQ,NM,ASW,WE,Combined TRACON& Tower with Radar,201,94,61,36,392,0,18,44,82,144,201,112,105,118,536,16,54,70,606
05/22/2009,ABQ,NM,ASW,WE,Combined TRACON& Tower with Radar,203,100,50,33,386,0,13,17,39,69,203,113,67,72,455,8,56,64,519
05/23/2009,ABQ,NM,ASW,WE,Combined TRACON& Tower with Radar,160,59,25,1,245,0,4,10,1,15,160,63,35,2,260,6,0,6,266
05/24/2009,ABQ,NM,ASW,WE,Combined TRACON& Tower with Radar,144,35,36,11,226,0,7,25,1,33,144,42,61,12,259,2,10,12,271
05/25/2009,ABQ,NM,ASW,WE,Combined TRACON& Tower with Radar,176,53,31,2,262,0,6,47,1,54,176,59,78,3,316,6,3,9,325
05/26/2009,ABQ,NM,ASW,WE,Combined TRACON& Tower with Radar,195,73,39,26,333,0,18,35,38,91,195,91,74,64,424,2,18,20,444
05/27/2009,ABQ,NM,ASW,WE,Combined TRACON& Tower with Radar,200,83,42,42,367,0,19,45,60,124,200,102,87,102,491,4,28,32,523
05/28/2009,ABQ,NM,ASW,WE,Combined TRACON& Tower with Radar,207,82,64,18,371,0,24,68,46,138,207,106,132,64,509,16,6,22,531
05/29/2009,ABQ,NM,ASW,WE,Combined TRACON& Tower with Radar,198,78,50,54,380,0,24,70,34,128,198,102,120,88,508,12,18,30,538
05/30/2009,ABQ,NM,ASW,WE,Combined TRACON& Tower with Radar,163,45,34,3,245,0,6,44,6,56,163,51,78,9,301,28,0,28,329
05/31/2009,ABQ,NM,ASW,WE,Combined TRACON& Tower with Radar,179,37,30,2,248,0,10,42,0,52,179,47,72,2,300,4,0,4,304
06/01/2009,ABQ,NM,ASW,WE,Combined TRACON& Tower with Radar,194,80,53,16,343,0,15,30,30,75,194,95,83,46,418,10,10,20,438
06/02/2009,ABQ,NM,ASW,WE,Combined TRACON& Tower with Radar,195,76,51,17,339,0,23,52,51,126,195,99,103,68,465,6,6,12,477
06/03/2009,ABQ,NM,ASW,WE,Combined TRACON& Tower with Radar,196,83,54,26,359,0,25,68,33,126,196,108,122,59,485,8,10,18,503
06/04/2009,ABQ,NM,ASW,WE,Combined TRACON& Tower with Radar,207,91,53,30,381,0,18,48,49,115,207,109,101,79,496,6,34,40,536
06/05/2009,ABQ,NM,ASW,WE,Combined TRACON& Tower with Radar,200,95,55,30,380,0,29,32,13,74,200,124,87,43,454,0,0,0,454
06/06/2009,ABQ,NM,ASW,WE,Combined TRACON& Tower with Radar,159,55,24,16,254,0,12,28,3,43,159,67,52,19,297,18,4,22,319
06/07/2009,ABQ,NM,ASW,WE,Combined TRACON& Tower with Radar,177,46,39,4,266,0,5,36,3,44,177,51,75,7,310,0,0,0,310
06/08/2009,ABQ,NM,ASW,WE,Combined TRACON& Tower with Radar,196,76,34,9,315,0,17,65,41,123,196,93,99,50,438,14,4,18,456
06/09/2009,ABQ,NM,ASW,WE,Combined TRACON& Tower with Radar,190,87,37,17,331,0,20,71,56,147,190,107,108,73,478,4,0,4,482
06/10/2009,ABQ,NM,ASW,WE,Combined TRACON& Tower with Radar,200,103,49,9,361,0,11,31,64,106,200,114,80,73,467,4,24,28,495
06/11/2009,ABQ,NM,ASW,WE,Combined TRACON& Tower with Radar,194,94,64,20,372,0,23,58,34,115,194,117,122,54,487,10,10,20,507
06/12/2009,ABQ,NM,ASW,WE,Combined TRACON& Tower with Radar,200,94,67,33,394,0,22,53,51,126,200,116,120,84,520,4,6,10,530
06/13/2009,ABQ,NM,ASW,WE,Combined TRACON& Tower with Radar,169,57,29,5,260,0,15,39,27,81,169,72,68,32,341,0,0,0,341
06/14/2009,ABQ,NM,ASW,WE,Combined TRACON& Tower with Radar,173,56,28,4,261,0,6,16,3,25,173,62,44,7,286,8,2,10,296
06/15/2009,ABQ,NM,ASW,WE,Combined TRACON& Tower with Radar,193,89,46,12,340,0,15,47,41,103,193,104,93,53,443,14,4,18,461
06/16/2009,ABQ,NM,ASW,WE,Combined TRACON& Tower with Radar,198,89,56,23,366,0,33,32,40,105,198,122,88,63,471,18,2,20,491
06/17/2009,ABQ,NM,ASW,WE,Combined TRACON& Tower with Radar,203,89,52,22,366,0,25,38,53,116,203,114,90,75,482,4,14,18,500
06/18/2009,ABQ,NM,ASW,WE,Combined TRACON& Tower with Radar,199,94,61,15,369,0,23,46,56,125,199,117,107,71,494,6,16,22,516
06/19/2009,ABQ,NM,ASW,WE,Combined TRACON& Tower with Radar,191,102,67,24,384,0,22,36,41,99,191,124,103,65,483,8,56,64,547
06/20/2009,ABQ,NM,ASW,WE,Combined TRACON& Tower with Radar,162,57,32,0,251,0,12,14,6,32,162,69,46,6,283,0,0,0,283
06/21/2009,ABQ,NM,ASW,WE,Combined TRACON& Tower with Radar,174,60,32,7,273,0,4,29,0,33,174,64,61,7,306,8,20,28,334
06/22/2009,ABQ,NM,ASW,WE,Combined TRACON& Tower with Radar,190,95,54,14,353,0,14,75,33,122,190,109,129,47,475,32,18,50,525
06/23/2009,ABQ,NM,ASW,WE,Combined TRACON& Tower with Radar,197,85,48,17,347,0,20,60,58,138,197,105,108,75,485,22,28,50,535
06/24/2009,ABQ,NM,ASW,WE,Combined TRACON& Tower with Radar,203,91,36,16,346,0,24,36,36,96,203,115,72,52,442,2,30,32,474
06/25/2009,ABQ,NM,ASW,WE,Combined TRACON& Tower with Radar,200,94,53,18,365,0,30,49,42,121,200,124,102,60,486,2,22,24,510
06/26/2009,ABQ,NM,ASW,WE,Combined TRACON& Tower with Radar,196,101,66,19,382,0,30,48,10,88,196,131,114,29,470,2,2,4,474
06/27/2009,ABQ,NM,ASW,WE,Combined TRACON& Tower with Radar,158,56,30,5,249,0,9,37,10,56,158,65,67,15,305,8,18,26,331
06/28/2009,ABQ,NM,ASW,WE,Combined TRACON& Tower with Radar,175,66,39,4,284,0,5,38,2,45,175,71,77,6,329,12,0,12,341
06/29/2009,ABQ,NM,ASW,WE,Combined TRACON& Tower with Radar,186,91,63,21,361,0,12,53,58,123,186,103,116,79,484,6,38,44,528
06/30/2009,ABQ,NM,ASW,WE,Combined TRACON& Tower with Radar,201,85,44,18,348,0,28,67,70,165,201,113,111,88,513,34,82,116,629
07/01/2009,ABQ,NM,ASW,WE,Combined TRACON& Tower with Radar,203,92,45,11,351,0,25,58,43,126,203,117,103,54,477,14,6,20,497
07/02/2009,ABQ,NM,ASW,WE,Combined TRACON& Tower with Radar,201,82,36,15,334,0,21,50,35,106,201,103,86,50,440,14,8,22,462
07/03/2009,ABQ,NM,ASW,WE,Combined TRACON& Tower with Radar,190,93,31,0,314,0,7,20,2,29,190,100,51,2,343,6,0,6,349
07/04/2009,ABQ,NM,ASW,WE,Combined TRACON& Tower with Radar,130,37,13,1,181,0,6,21,5,32,130,43,34,6,213,0,0,0,213
07/05/2009,ABQ,NM,ASW,WE,Combined TRACON& Tower with Radar,183,44,35,5,267,0,4,20,2,26,183,48,55,7,293,0,2,2,295
07/06/2009,ABQ,NM,ASW,WE,Combined TRACON& Tower with Radar,196,74,34,1,305,0,18,42,1,61,196,92,76,2,366,6,0,6,372
07/07/2009,ABQ,NM,ASW,WE,Combined TRACON& Tower with Radar,200,85,33,22,340,0,23,43,60,126,200,108,76,82,466,6,18,24,490
07/08/2009,ABQ,NM,ASW,WE,Combined TRACON& Tower with Radar,204,80,57,14,355,0,21,38,59,118,204,101,95,73,473,28,20,48,521
07/09/2009,ABQ,NM,ASW,WE,Combined TRACON& Tower with Radar,208,91,43,17,359,0,21,38,40,99,208,112,81,57,458,20,30,50,508
07/10/2009,ABQ,NM,ASW,WE,Combined TRACON& Tower with Radar,202,92,32,31,357,0,28,48,23,99,202,120,80,54,456,4,0,4,460
07/11/2009,ABQ,NM,ASW,WE,Combined TRACON& Tower with Radar,166,48,37,4,255,0,12,49,1,62,166,60,86,5,317,4,2,6,323
07/12/2009,ABQ,NM,ASW,WE,Combined TRACON& Tower with Radar,181,46,33,2,262,0,8,88,1,97,181,54,121,3,359,28,0,28,387
07/13/2009,ABQ,NM,ASW,WE,Combined TRACON& Tower with Radar,198,93,49,10,350,0,15,68,47,130,198,108,117,57,480,24,10,34,514
07/14/2009,ABQ,NM,ASW,WE,Combined TRACON& Tower with Radar,205,82,50,22,359,0,25,65,28,118,205,107,115,50,477,8,6,14,491
07/15/2009,ABQ,NM,ASW,WE,Combined TRACON& Tower with Radar,201,91,43,20,355,0,22,28,49,99,201,113,71,69,454,4,6,10,464
07/16/2009,ABQ,NM,ASW,WE,Combined TRACON& Tower with Radar,202,89,47,24,362,0,30,37,44,111,202,119,84,68,473,20,40,60,533
07/17/2009,ABQ,NM,ASW,WE,Combined TRACON& Tower with Radar,200,93,59,25,377,0,29,45,17,91,200,122,104,42,468,18,24,42,510
07/18/2009,ABQ,NM,ASW,WE,Combined TRACON& Tower with Radar,168,52,33,5,258,0,7,30,3,40,168,59,63,8,298,10,2,12,310
07/19/2009,ABQ,NM,ASW,WE,Combined TRACON& Tower with Radar,182,48,31,8,269,0,4,25,0,29,182,52,56,8,298,0,0,0,298
07/20/2009,ABQ,NM,ASW,WE,Combined TRACON& Tower with Radar,193,82,33,11,319,0,16,30,33,79,193,98,63,44,398,10,4,14,412
07/21/2009,ABQ,NM,ASW,WE,Combined TRACON& Tower with Radar,208,91,54,26,379,0,22,45,45,112,208,113,99,71,491,18,38,56,547
07/22/2009,ABQ,NM,ASW,WE,Combined TRACON& Tower with Radar,201,94,39,19,353,0,20,44,56,120,201,114,83,75,473,0,8,8,481
07/23/2009,ABQ,NM,ASW,WE,Combined TRACON& Tower with Radar,204,92,43,34,373,0,20,54,58,132,204,112,97,92,505,26,24,50,555
07/24/2009,ABQ,NM,ASW,WE,Combined TRACON& Tower with Radar,199,82,44,40,365,0,20,40,47,107,199,102,84,87,472,4,32,36,508
07/25/2009,ABQ,NM,ASW,WE,Combined TRACON& Tower with Radar,164,52,45,19,280,0,9,57,17,83,164,61,102,36,363,12,10,22,385
07/26/2009,ABQ,NM,ASW,WE,Combined TRACON& Tower with Radar,181,46,46,11,284,0,5,37,4,46,181,51,83,15,330,6,6,12,342
07/27/2009,ABQ,NM,ASW,WE,Combined TRACON& Tower with Radar,199,79,50,15,343,0,15,74,33,122,199,94,124,48,465,8,4,12,477
07/28/2009,ABQ,NM,ASW,WE,Combined TRACON& Tower with Radar,203,87,50,20,360,0,21,71,47,139,203,108,121,67,499,26,40,66,565
07/29/2009,ABQ,NM,ASW,WE,Combined TRACON& Tower with Radar,205,90,44,17,356,0,23,34,40,97,205,113,78,57,453,4,6,10,463
07/30/2009,ABQ,NM,ASW,WE,Combined TRACON& Tower with Radar,207,87,51,17,362,0,20,36,44,100,207,107,87,61,462,6,36,42,504
07/31/2009,ABQ,NM,ASW,WE,Combined TRACON& Tower with Radar,198,85,60,39,382,0,25,47,36,108,198,110,107,75,490,4,28,32,522
08/01/2009,ABQ,NM,ASW,WE,Combined TRACON& Tower with Radar,167,62,33,18,280,0,9,33,4,46,167,71,66,22,326,0,6,6,332
08/02/2009,ABQ,NM,ASW,WE,Combined TRACON& Tower with Radar,178,57,47,12,294,0,4,27,0,31,178,61,74,12,325,4,2,6,331
08/03/2009,ABQ,NM,ASW,WE,Combined TRACON& Tower with Radar,191,82,52,5,330,0,18,36,40,94,191,100,88,45,424,12,8,20,444
08/04/2009,ABQ,NM,ASW,WE,Combined TRACON& Tower with Radar,205,79,60,18,362,0,24,45,66,135,205,103,105,84,497,28,48,76,573
08/05/2009,ABQ,NM,ASW,WE,Combined TRACON& Tower with Radar,200,88,40,15,343,0,33,45,53,131,200,121,85,68,474,18,16,34,508
08/06/2009,ABQ,NM,ASW,WE,Combined TRACON& Tower with Radar,204,79,45,20,348,0,22,54,51,127,204,101,99,71,475,4,48,52,527
08/07/2009,ABQ,NM,ASW,WE,Combined TRACON& Tower with Radar,202,89,59,42,392,0,37,45,33,115,202,126,104,75,507,40,4,44,551
08/08/2009,ABQ,NM,ASW,WE,Combined TRACON& Tower with Radar,164,64,35,15,278,0,17,28,3,48,164,81,63,18,326,0,0,0,326
08/09/2009,ABQ,NM,ASW,WE,Combined TRACON& Tower with Radar,181,60,50,16,307,0,28,22,0,50,181,88,72,16,357,40,0,40,397
08/10/2009,ABQ,NM,ASW,WE,Combined TRACON& Tower with Radar,198,83,41,17,339,0,14,60,35,109,198,97,101,52,448,32,14,46,494
08/11/2009,ABQ,NM,ASW,WE,Combined TRACON& Tower with Radar,204,89,36,20,349,0,24,35,54,113,204,113,71,74,462,8,16,24,486
08/12/2009,ABQ,NM,ASW,WE,Combined TRACON& Tower with Radar,200,87,53,14,354,0,21,39,59,119,200,108,92,73,473,14,8,22,495
08/13/2009,ABQ,NM,ASW,WE,Combined TRACON& Tower with Radar,206,86,40,27,359,0,21,37,60,118,206,107,77,87,477,6,18,24,501
08/14/2009,ABQ,NM,ASW,WE,Combined TRACON& Tower with Radar,198,100,36,21,355,0,12,19,34,65,198,112,55,55,420,10,2,12,432
08/15/2009,ABQ,NM,ASW,WE,Combined TRACON& Tower with Radar,166,47,40,9,262,0,9,64,2,75,166,56,104,11,337,42,0,42,379
08/16/2009,ABQ,NM,ASW,WE,Combined TRACON& Tower with Radar,172,50,41,13,276,0,6,32,1,39,172,56,73,14,315,36,6,42,357
08/17/2009,ABQ,NM,ASW,WE,Combined TRACON& Tower with Radar,189,78,39,20,326,0,12,50,33,95,189,90,89,53,421,26,18,44,465
08/18/2009,ABQ,NM,ASW,WE,Combined TRACON& Tower with Radar,195,77,38,14,324,0,23,30,53,106,195,100,68,67,430,2,6,8,438
08/19/2009,ABQ,NM,ASW,WE,Combined TRACON& Tower with Radar,194,89,69,28,380,0,25,55,58,138,194,114,124,86,518,4,14,18,536
08/20/2009,ABQ,NM,ASW,WE,Combined TRACON& Tower with Radar,196,91,49,23,359,0,26,36,58,120,196,117,85,81,479,4,76,80,559
08/21/2009,ABQ,NM,ASW,WE,Combined TRACON& Tower with Radar,197,85,40,42,364,0,29,44,33,106,197,114,84,75,470,10,8,18,488
08/22/2009,ABQ,NM,ASW,WE,Combined TRACON& Tower with Radar,161,63,30,4,258,0,12,49,7,68,161,75,79,11,326,34,0,34,360
08/23/2009,ABQ,NM,ASW,WE,Combined TRACON& Tower with Radar,176,46,29,11,262,0,3,36,0,39,176,49,65,11,301,22,6,28,329
08/24/2009,ABQ,NM,ASW,WE,Combined TRACON& Tower with Radar,188,88,33,15,324,0,13,20,42,75,188,101,53,57,399,28,14,42,441
08/25/2009,ABQ,NM,ASW,WE,Combined TRACON& Tower with Radar,196,86,43,20,345,0,24,53,41,118,196,110,96,61,463,34,8,42,505
08/26/2009,ABQ,NM,ASW,WE,Combined TRACON& Tower with Radar,194,92,56,15,357,0,22,41,79,142,194,114,97,94,499,4,22,26,525
08/27/2009,ABQ,NM,ASW,WE,Combined TRACON& Tower with Radar,203,82,41,16,342,0,26,35,53,114,203,108,76,69,456,10,18,28,484
08/28/2009,ABQ,NM,ASW,WE,Combined TRACON& Tower with Radar,191,81,64,28,364,0,23,57,44,124,191,104,121,72,488,18,18,36,524
08/29/2009,ABQ,NM,ASW,WE,Combined TRACON& Tower with Radar,153,47,54,8,262,0,8,34,0,42,153,55,88,8,304,20,0,20,324
08/30/2009,ABQ,NM,ASW,WE,Combined TRACON& Tower with Radar,175,51,28,7,261,0,6,24,4,34,175,57,52,11,295,18,0,18,313
08/31/2009,ABQ,NM,ASW,WE,Combined TRACON& Tower with Radar,191,75,39,14,319,0,10,39,35,84,191,85,78,49,403,14,6,20,423
09/01/2009,ABQ,NM,ASW,WE,Combined TRACON& Tower with Radar,193,70,33,22,318,0,24,40,48,112,193,94,73,70,430,28,14,42,472
09/02/2009,ABQ,NM,ASW,WE,Combined TRACON& Tower with Radar,195,74,42,17,328,0,23,43,57,123,195,97,85,74,451,14,34,48,499
09/03/2009,ABQ,NM,ASW,WE,Combined TRACON& Tower with Radar,202,72,33,14,321,0,19,37,34,90,202,91,70,48,411,6,32,38,449
09/04/2009,ABQ,NM,ASW,WE,Combined TRACON& Tower with Radar,197,82,60,25,364,0,23,52,45,120,197,105,112,70,484,2,0,2,486
09/05/2009,ABQ,NM,ASW,WE,Combined TRACON& Tower with Radar,152,42,24,2,220,0,6,31,3,40,152,48,55,5,260,6,0,6,266
09/06/2009,ABQ,NM,ASW,WE,Combined TRACON& Tower with Radar,129,39,24,0,192,0,7,33,4,44,129,46,57,4,236,8,2,10,246
09/07/2009,ABQ,NM,ASW,WE,Combined TRACON& Tower with Radar,172,44,44,0,260,0,11,39,2,52,172,55,83,2,312,24,0,24,336
09/08/2009,ABQ,NM,ASW,WE,Combined TRACON& Tower with Radar,191,62,44,11,308,0,14,33,45,92,191,76,77,56,400,14,0,14,414
09/09/2009,ABQ,NM,ASW,WE,Combined TRACON& Tower with Radar,197,87,35,21,340,0,22,37,42,101,197,109,72,63,441,10,30,40,481
09/10/2009,ABQ,NM,ASW,WE,Combined TRACON& Tower with Radar,198,81,45,25,349,0,26,40,44,110,198,107,85,69,459,8,54,62,521
09/11/2009,ABQ,NM,ASW,WE,Combined TRACON& Tower with Radar,199,80,60,18,357,0,27,34,50,111,199,107,94,68,468,28,0,28,496
09/12/2009,ABQ,NM,ASW,WE,Combined TRACON& Tower with Radar,160,44,28,13,245,0,8,46,8,62,160,52,74,21,307,10,16,26,333
09/13/2009,ABQ,NM,ASW,WE,Combined TRACON& Tower with Radar,178,47,39,10,274,0,6,20,4,30,178,53,59,14,304,22,0,22,326
09/14/2009,ABQ,NM,ASW,WE,Combined TRACON& Tower with Radar,193,78,50,7,328,0,18,40,35,93,193,96,90,42,421,32,6,38,459
09/15/2009,ABQ,NM,ASW,WE,Combined TRACON& Tower with Radar,196,87,34,23,340,0,32,45,40,117,196,119,79,63,457,10,4,14,471
09/16/2009,ABQ,NM,ASW,WE,Combined TRACON& Tower with Radar,199,92,49,8,348,0,20,35,28,83,199,112,84,36,431,6,0,6,437
09/17/2009,ABQ,NM,ASW,WE,Combined TRACON& Tower with Radar,202,110,52,22,386,0,2,9,37,48,202,112,61,59,434,2,0,2,436
09/18/2009,ABQ,NM,ASW,WE,Combined TRACON& Tower with Radar,201,97,65,29,392,0,17,32,37,86,201,114,97,66,478,18,4,22,500
09/19/2009,ABQ,NM,ASW,WE,Combined TRACON& Tower with Radar,166,47,28,6,247,0,7,42,2,51,166,54,70,8,298,4,0,4,302
09/20/2009,ABQ,NM,ASW,WE,Combined TRACON& Tower with Radar,186,39,47,23,295,0,5,41,1,47,186,44,88,24,342,12,16,28,370
09/21/2009,ABQ,NM,ASW,WE,Combined TRACON& Tower with Radar,191,81,54,7,333,0,18,34,7,59,191,99,88,14,392,12,0,12,404
09/22/2009,ABQ,NM,ASW,WE,Combined TRACON& Tower with Radar,203,74,43,31,351,0,35,38,52,125,203,109,81,83,476,14,18,32,508
09/23/2009,ABQ,NM,ASW,WE,Combined TRACON& Tower with Radar,200,74,87,21,382,0,25,58,53,136,200,99,145,74,518,42,20,62,580
09/24/2009,ABQ,NM,ASW,WE,Combined TRACON& Tower with Radar,201,77,42,24,344,0,30,40,43,113,201,107,82,67,457,28,26,54,511
09/25/2009,ABQ,NM,ASW,WE,Combined TRACON& Tower with Radar,161,77,32,31,301,1,39,57,36,133,162,116,89,67,434,8,32,40,474
09/26/2009,ABQ,NM,ASW,WE,Combined TRACON& Tower with Radar,159,38,16,13,226,0,14,37,3,54,159,52,53,16,280,4,4,8,288
09/27/2009,ABQ,NM,ASW,WE,Combined TRACON& Tower with Radar,183,38,34,8,263,0,9,46,4,59,183,47,80,12,322,30,18,48,370
09/28/2009,ABQ,NM,ASW,WE,Combined TRACON& Tower with Radar,193,50,21,29,293,0,35,37,19,91,193,85,58,48,384,2,16,18,402
09/29/2009,ABQ,NM,ASW,WE,Combined TRACON& Tower with Radar,197,46,38,16,297,0,39,59,62,160,197,85,97,78,457,44,78,122,579
09/30/2009,ABQ,NM,ASW,WE,Combined TRACON& Tower with Radar,203,58,24,17,302,0,49,35,62,146,203,107,59,79,448,8,10,18,466
10/01/2009,ABQ,NM,ASW,WE,Combined TRACON& Tower with Radar,215,51,27,29,322,0,50,39,51,140,215,101,66,80,462,14,0,14,476
10/02/2009,ABQ,NM,ASW,WE,Combined TRACON& Tower with Radar,215,44,38,66,363,0,45,53,45,143,215,89,91,111,506,36,56,92,598
10/03/2009,ABQ,NM,ASW,WE,Combined TRACON& Tower with Radar,162,29,24,13,228,0,18,42,5,65,162,47,66,18,293,2,6,8,301
10/04/2009,ABQ,NM,ASW,WE,Combined TRACON& Tower with Radar,196,31,43,42,312,0,8,33,1,42,196,39,76,43,354,10,28,38,392
10/05/2009,ABQ,NM,ASW,WE,Combined TRACON& Tower with Radar,202,49,18,27,296,0,28,35,44,107,202,77,53,71,403,12,22,34,437
10/06/2009,ABQ,NM,ASW,WE,Combined TRACON& Tower with Radar,206,52,31,45,334,0,41,36,43,120,206,93,67,88,454,22,40,62,516
10/07/2009,ABQ,NM,ASW,WE,Combined TRACON& Tower with Radar,209,64,35,16,324,0,32,24,53,109,209,96,59,69,433,2,4,6,439
10/08/2009,ABQ,NM,ASW,WE,Combined TRACON& Tower with Radar,218,49,51,52,370,0,44,62,56,162,218,93,113,108,532,30,64,94,626
10/09/2009,ABQ,NM,ASW,WE,Combined TRACON& Tower with Radar,217,58,35,36,346,0,46,79,49,174,217,104,114,85,520,8,32,40,560
10/10/2009,ABQ,NM,ASW,WE,Combined TRACON& Tower with Radar,168,42,38,6,254,0,14,56,3,73,168,56,94,9,327,0,0,0,327
10/11/2009,ABQ,NM,ASW,WE,Combined TRACON& Tower with Radar,201,32,39,13,285,0,13,57,3,73,201,45,96,16,358,10,0,10,368
10/12/2009,ABQ,NM,ASW,WE,Combined TRACON& Tower with Radar,207,52,33,13,305,0,36,68,1,105,207,88,101,14,410,16,2,18,428
10/13/2009,ABQ,NM,ASW,WE,Combined TRACON& Tower with Radar,203,63,31,11,308,1,33,42,56,132,204,96,73,67,440,4,44,48,488
10/14/2009,ABQ,NM,ASW,WE,Combined TRACON& Tower with Radar,208,49,37,8,302,1,42,77,51,171,209,91,114,59,473,0,12,12,485
10/15/2009,ABQ,NM,ASW,WE,Combined TRACON& Tower with Radar,210,49,27,17,303,0,40,61,56,157,210,89,88,73,460,2,46,48,508
10/16/2009,ABQ,NM,ASW,WE,Combined TRACON& Tower with Radar,206,64,35,26,331,0,58,86,53,197,206,122,121,79,528,36,40,76,604
10/17/2009,ABQ,NM,ASW,WE,Combined TRACON& Tower with Radar,160,32,18,17,227,0,18,57,11,86,160,50,75,28,313,4,2,6,319
10/18/2009,ABQ,NM,ASW,WE,Combined TRACON& Tower with Radar,189,39,27,7,262,0,8,43,0,51,189,47,70,7,313,10,0,10,323
10/19/2009,ABQ,NM,ASW,WE,Combined TRACON& Tower with Radar,199,55,35,13,302,0,38,55,33,126,199,93,90,46,428,0,4,4,432
10/20/2009,ABQ,NM,ASW,WE,Combined TRACON& Tower with Radar,205,61,32,12,310,0,26,35,47,108,205,87,67,59,418,4,6,10,428
10/21/2009,ABQ,NM,ASW,WE,Combined TRACON& Tower with Radar,203,92,43,29,367,0,8,6,53,67,203,100,49,82,434,0,16,16,450
10/22/2009,ABQ,NM,ASW,WE,Combined TRACON& Tower with Radar,209,74,40,20,343,0,48,55,42,145,209,122,95,62,488,16,4,20,508
10/23/2009,ABQ,NM,ASW,WE,Combined TRACON& Tower with Radar,204,55,40,25,324,0,52,81,32,165,204,107,121,57,489,20,22,42,531
10/24/2009,ABQ,NM,ASW,WE,Combined TRACON& Tower with Radar,163,31,26,23,243,0,15,49,1,65,163,46,75,24,308,4,4,8,316
10/25/2009,ABQ,NM,ASW,WE,Combined TRACON& Tower with Radar,188,25,29,13,255,0,6,44,3,53,188,31,73,16,308,8,2,10,318
10/26/2009,ABQ,NM,ASW,WE,Combined TRACON& Tower with Radar,194,60,37,25,316,0,22,64,46,132,194,82,101,71,448,18,32,50,498
10/27/2009,ABQ,NM,ASW,WE,Combined TRACON& Tower with Radar,200,62,41,10,313,0,36,71,46,153,200,98,112,56,466,0,18,18,484
10/28/2009,ABQ,NM,ASW,WE,Combined TRACON& Tower with Radar,192,89,33,11,325,0,6,8,30,44,192,95,41,41,369,0,8,8,377
10/29/2009,ABQ,NM,ASW,WE,Combined TRACON& Tower with Radar,200,74,55,18,347,0,25,34,32,91,200,99,89,50,438,4,14,18,456
10/30/2009,ABQ,NM,ASW,WE,Combined TRACON& Tower with Radar,201,70,34,25,330,0,50,58,22,130,201,120,92,47,460,26,20,46,506
10/31/2009,ABQ,NM,ASW,WE,Combined TRACON& Tower with Radar,154,41,19,7,221,0,17,49,9,75,154,58,68,16,296,4,16,20,316
11/01/2009,ABQ,NM,ASW,WE,Combined TRACON& Tower with Radar,184,42,24,11,261,0,14,45,3,62,184,56,69,14,323,8,0,8,331
11/02/2009,ABQ,NM,ASW,WE,Combined TRACON& Tower with Radar,182,55,21,13,271,0,26,62,44,132,182,81,83,57,403,2,14,16,419
11/03/2009,ABQ,NM,ASW,WE,Combined TRACON& Tower with Radar,186,63,33,22,304,0,37,66,60,163,186,100,99,82,467,18,14,32,499
11/04/2009,ABQ,NM,ASW,WE,Combined TRACON& Tower with Radar,189,59,26,12,286,0,39,65,74,178,189,98,91,86,464,28,26,54,518
11/05/2009,ABQ,NM,ASW,WE,Combined TRACON& Tower with Radar,192,79,26,15,312,0,40,55,47,142,192,119,81,62,454,12,12,24,478
11/06/2009,ABQ,NM,ASW,WE,Combined TRACON& Tower with Radar,190,76,26,25,317,0,50,55,30,135,190,126,81,55,452,2,14,16,468
11/07/2009,ABQ,NM,ASW,WE,Combined TRACON& Tower with Radar,150,49,17,21,237,0,15,83,14,112,150,64,100,35,349,0,0,0,349
11/08/2009,ABQ,NM,ASW,WE,Combined TRACON& Tower with Radar,177,36,17,12,242,0,7,41,4,52,177,43,58,16,294,8,2,10,304
11/09/2009,ABQ,NM,ASW,WE,Combined TRACON& Tower with Radar,184,55,21,17,277,0,29,59,56,144,184,84,80,73,421,22,42,64,485
11/10/2009,ABQ,NM,ASW,WE,Combined TRACON& Tower with Radar,189,70,27,17,303,0,34,68,46,148,189,104,95,63,451,30,24,54,505
11/11/2009,ABQ,NM,ASW,WE,Combined TRACON& Tower with Radar,196,68,37,10,311,0,32,60,5,97,196,100,97,15,408,24,16,40,448
11/12/2009,ABQ,NM,ASW,WE,Combined TRACON& Tower with Radar,194,64,34,25,317,0,47,51,50,148,194,111,85,75,465,8,48,56,521
11/13/2009,ABQ,NM,ASW,WE,Combined TRACON& Tower with Radar,195,100,32,32,359,0,36,37,41,114,195,136,69,73,473,8,8,16,489
11/14/2009,ABQ,NM,ASW,WE,Combined TRACON& Tower with Radar,152,55,36,2,245,0,10,24,7,41,152,65,60,9,286,4,0,4,290
11/15/2009,ABQ,NM,ASW,WE,Combined TRACON& Tower with Radar,175,49,26,7,257,0,9,12,0,21,175,58,38,7,278,8,2,10,288
11/16/2009,ABQ,NM,ASW,WE,Combined TRACON& Tower with Radar,184,72,34,10,300,0,31,46,50,127,184,103,80,60,427,24,20,44,471
11/17/2009,ABQ,NM,ASW,WE,Combined TRACON& Tower with Radar,188,66,37,21,312,0,40,70,38,148,188,106,107,59,460,28,12,40,500
11/18/2009,ABQ,NM,ASW,WE,Combined TRACON& Tower with Radar,191,62,34,25,312,0,38,74,51,163,191,100,108,76,475,6,18,24,499
11/19/2009,ABQ,NM,ASW,WE,Combined TRACON& Tower with Radar,189,82,36,21,328,0,36,73,65,174,189,118,109,86,502,6,38,44,546
11/20/2009,ABQ,NM,ASW,WE,Combined TRACON& Tower with Radar,189,76,52,33,350,0,41,80,36,157,189,117,132,69,507,16,10,26,533
11/21/2009,ABQ,NM,ASW,WE,Combined TRACON& Tower with Radar,152,54,30,21,257,0,10,53,7,70,152,64,83,28,327,18,12,30,357
11/22/2009,ABQ,NM,ASW,WE,Combined TRACON& Tower with Radar,174,32,23,21,250,0,9,50,1,60,174,41,73,22,310,10,12,22,332
11/23/2009,ABQ,NM,ASW,WE,Combined TRACON& Tower with Radar,175,62,18,22,277,0,25,57,42,124,175,87,75,64,401,14,38,52,453
11/24/2009,ABQ,NM,ASW,WE,Combined TRACON& Tower with Radar,189,64,29,27,309,0,36,55,43,134,189,100,84,70,443,6,16,22,465
11/25/2009,ABQ,NM,ASW,WE,Combined TRACON& Tower with Radar,194,65,23,1,283,0,43,56,2,101,194,108,79,3,384,4,4,8,392
11/26/2009,ABQ,NM,ASW,WE,Combined TRACON& Tower with Radar,127,25,6,0,158,0,12,30,0,42,127,37,36,0,200,2,0,2,202
11/27/2009,ABQ,NM,ASW,WE,Combined TRACON& Tower with Radar,143,38,21,2,204,0,33,74,0,107,143,71,95,2,311,0,0,0,311
11/28/2009,ABQ,NM,ASW,WE,Combined TRACON& Tower with Radar,171,49,19,0,239,0,22,34,0,56,171,71,53,0,295,4,0,4,299
11/29/2009,ABQ,NM,ASW,WE,Combined TRACON& Tower with Radar,188,55,20,2,265,0,0,4,0,4,188,55,24,2,269,0,0,0,269
11/30/2009,ABQ,NM,ASW,WE,Combined TRACON& Tower with Radar,183,89,28,24,324,0,20,20,49,89,183,109,48,73,413,7,56,63,476
12/01/2009,ABQ,NM,ASW,WE,Combined TRACON& Tower with Radar,194,73,37,30,334,0,41,32,57,130,194,114,69,87,464,4,24,28,492
12/02/2009,ABQ,NM,ASW,WE,Combined TRACON& Tower with Radar,190,68,34,24,316,0,35,58,55,148,190,103,92,79,464,24,0,24,488
12/03/2009,ABQ,NM,ASW,WE,Combined TRACON& Tower with Radar,195,97,30,7,329,0,10,4,30,44,195,107,34,37,373,14,0,14,387
12/04/2009,ABQ,NM,ASW,WE,Combined TRACON& Tower with Radar,182,71,41,49,343,0,44,66,38,148,182,115,107,87,491,12,40,52,543
12/05/2009,ABQ,NM,ASW,WE,Combined TRACON& Tower with Radar,142,44,21,45,252,0,12,56,24,92,142,56,77,69,344,12,66,78,422
12/06/2009,ABQ,NM,ASW,WE,Combined TRACON& Tower with Radar,169,43,24,15,251,0,7,32,3,42,169,50,56,18,293,0,0,0,293
12/07/2009,ABQ,NM,ASW,WE,Combined TRACON& Tower with Radar,185,74,36,23,318,0,8,7,31,46,185,82,43,54,364,8,12,20,384
12/08/2009,ABQ,NM,ASW,WE,Combined TRACON& Tower with Radar,187,85,25,7,304,0,22,8,13,43,187,107,33,20,347,14,20,34,381
12/09/2009,ABQ,NM,ASW,WE,Combined TRACON& Tower with Radar,188,66,35,24,313,0,45,68,48,161,188,111,103,72,474,32,6,38,512
12/10/2009,ABQ,NM,ASW,WE,Combined TRACON& Tower with Radar,190,76,51,41,358,0,46,40,36,122,190,122,91,77,480,8,28,36,516
12/11/2009,ABQ,NM,ASW,WE,Combined TRACON& Tower with Radar,189,79,45,18,331,0,46,56,19,121,189,125,101,37,452,28,24,52,504
12/12/2009,ABQ,NM,ASW,WE,Combined TRACON& Tower with Radar,148,47,22,11,228,0,14,55,8,77,148,61,77,19,305,0,0,0,305
12/13/2009,ABQ,NM,ASW,WE,Combined TRACON& Tower with Radar,169,48,27,5,249,0,4,38,0,42,169,52,65,5,291,14,0,14,305
12/14/2009,ABQ,NM,ASW,WE,Combined TRACON& Tower with Radar,182,91,33,24,330,0,23,39,45,107,182,114,72,69,437,8,14,22,459
12/15/2009,ABQ,NM,ASW,WE,Combined TRACON& Tower with Radar,186,73,44,20,323,0,43,56,49,148,186,116,100,69,471,16,24,40,511
12/16/2009,ABQ,NM,ASW,WE,Combined TRACON& Tower with Radar,198,70,38,16,322,0,37,47,41,125,198,107,85,57,447,4,30,34,481
12/17/2009,ABQ,NM,ASW,WE,Combined TRACON& Tower with Radar,192,82,36,20,330,0,50,54,56,160,192,132,90,76,490,14,14,28,518
12/18/2009,ABQ,NM,ASW,WE,Combined TRACON& Tower with Radar,190,90,38,29,347,0,39,49,36,124,190,129,87,65,471,6,20,26,497
12/19/2009,ABQ,NM,ASW,WE,Combined TRACON& Tower with Radar,159,60,38,20,277,0,13,65,8,86,159,73,103,28,363,20,26,46,409
12/20/2009,ABQ,NM,ASW,WE,Combined TRACON& Tower with Radar,164,42,23,25,254,0,4,61,0,65,164,46,84,25,319,14,0,14,333
12/21/2009,ABQ,NM,ASW,WE,Combined TRACON& Tower with Radar,183,74,22,11,290,0,32,40,27,99,183,106,62,38,389,6,6,12,401
12/22/2009,ABQ,NM,ASW,WE,Combined TRACON& Tower with Radar,200,79,21,11,311,0,39,28,29,96,200,118,49,40,407,4,34,38,445
12/23/2009,ABQ,NM,ASW,WE,Combined TRACON& Tower with Radar,196,117,31,7,351,0,9,11,8,28,196,126,42,15,379,2,6,8,387
12/24/2009,ABQ,NM,ASW,WE,Combined TRACON& Tower with Radar,177,75,16,0,268,0,38,23,2,63,177,113,39,2,331,0,0,0,331
12/25/2009,ABQ,NM,ASW,WE,Combined TRACON& Tower with Radar,141,36,4,0,181,0,10,15,0,25,141,46,19,0,206,10,0,10,216
12/26/2009,ABQ,NM,ASW,WE,Combined TRACON& Tower with Radar,165,47,30,1,243,0,14,41,0,55,165,61,71,1,298,12,0,12,310
12/27/2009,ABQ,NM,ASW,WE,Combined TRACON& Tower with Radar,186,46,20,5,257,0,12,46,0,58,186,58,66,5,315,24,0,24,339
12/28/2009,ABQ,NM,ASW,WE,Combined TRACON& Tower with Radar,184,67,20,1,272,0,30,40,0,70,184,97,60,1,342,2,0,2,344
12/29/2009,ABQ,NM,ASW,WE,Combined TRACON& Tower with Radar,188,91,22,24,325,0,9,8,11,28,188,100,30,35,353,10,28,38,391
12/30/2009,ABQ,NM,ASW,WE,Combined TRACON& Tower with Radar,197,106,33,18,354,0,12,8,14,34,197,118,41,32,388,0,22,22,410
12/31/2009,ABQ,NM,ASW,WE,Combined TRACON& Tower with Radar,162,84,20,1,267,0,37,32,3,72,162,121,52,4,339,0,0,0,339
01/01/2010,ABQ,NM,ASW,WE,Combined TRACON& Tower with Radar,146,52,15,0,213,0,17,46,3,66,146,69,61,3,279,10,0,10,289
01/02/2010,ABQ,NM,ASW,WE,Combined TRACON& Tower with Radar,176,58,15,2,251,0,20,44,2,66,176,78,59,4,317,20,0,20,337
01/03/2010,ABQ,NM,ASW,WE,Combined TRACON& Tower with Radar,175,53,26,0,254,0,9,42,0,51,175,62,68,0,305,2,0,2,307
01/04/2010,ABQ,NM,ASW,WE,Combined TRACON& Tower with Radar,183,73,30,5,291,0,39,34,1,74,183,112,64,6,365,12,0,12,377
01/05/2010,ABQ,NM,ASW,WE,Combined TRACON& Tower with Radar,188,69,40,18,315,0,47,61,8,116,188,116,101,26,431,32,12,44,475
01/06/2010,ABQ,NM,ASW,WE,Combined TRACON& Tower with Radar,186,71,46,27,330,0,41,51,44,136,186,112,97,71,466,12,44,56,522
01/07/2010,ABQ,NM,ASW,WE,Combined TRACON& Tower with Radar,191,76,30,24,321,0,29,27,51,107,191,105,57,75,428,12,50,62,490
01/08/2010,ABQ,NM,ASW,WE,Combined TRACON& Tower with Radar,184,73,40,45,342,0,32,64,38,134,184,105,104,83,476,14,26,40,516
01/09/2010,ABQ,NM,ASW,WE,Combined TRACON& Tower with Radar,144,42,37,21,244,0,13,52,4,69,144,55,89,25,313,12,8,20,333
01/10/2010,ABQ,NM,ASW,WE,Combined TRACON& Tower with Radar,154,49,19,5,227,0,8,31,6,45,154,57,50,11,272,14,8,22,294
01/11/2010,ABQ,NM,ASW,WE,Combined TRACON& Tower with Radar,179,68,40,24,311,0,54,40,61,155,179,122,80,85,466,32,42,74,540
01/12/2010,ABQ,NM,ASW,WE,Combined TRACON& Tower with Radar,180,53,28,25,286,0,43,57,56,156,180,96,85,81,442,12,42,54,496
01/13/2010,ABQ,NM,ASW,WE,Combined TRACON& Tower with Radar,180,68,35,30,313,0,29,36,47,112,180,97,71,77,425,14,38,52,477
01/14/2010,ABQ,NM,ASW,WE,Combined TRACON& Tower with Radar,185,81,27,39,332,0,33,30,62,125,185,114,57,101,457,18,62,80,537
01/15/2010,ABQ,NM,ASW,WE,Combined TRACON& Tower with Radar,179,63,41,53,336,0,37,33,45,115,179,100,74,98,451,10,40,50,501
01/16/2010,ABQ,NM,ASW,WE,Combined TRACON& Tower with Radar,117,39,23,31,210,0,13,47,13,73,117,52,70,44,283,6,6,12,295
01/17/2010,ABQ,NM,ASW,WE,Combined TRACON& Tower with Radar,149,44,15,25,233,0,6,38,2,46,149,50,53,27,279,0,16,16,295
01/18/2010,ABQ,NM,ASW,WE,Combined TRACON& Tower with Radar,173,63,35,20,291,0,9,30,5,44,173,72,65,25,335,8,10,18,353
01/19/2010,ABQ,NM,ASW,WE,Combined TRACON& Tower with Radar,181,84,32,11,308,0,15,13,51,79,181,99,45,62,387,6,58,64,451
01/20/2010,ABQ,NM,ASW,WE,Combined TRACON& Tower with Radar,176,87,45,4,312,0,21,6,61,88,176,108,51,65,400,18,26,44,444
01/21/2010,ABQ,NM,ASW,WE,Combined TRACON& Tower with Radar,200,86,34,20,340,0,15,6,36,57,200,101,40,56,397,0,10,10,407
01/22/2010,ABQ,NM,ASW,WE,Combined TRACON& Tower with Radar,166,95,31,9,301,0,6,1,18,25,166,101,32,27,326,4,4,8,334
01/23/2010,ABQ,NM,ASW,WE,Combined TRACON& Tower with Radar,121,58,26,8,213,0,2,8,6,16,121,60,34,14,229,0,0,0,229
01/24/2010,ABQ,NM,ASW,WE,Combined TRACON& Tower with Radar,152,48,23,7,230,0,13,34,5,52,152,61,57,12,282,8,14,22,304
01/25/2010,ABQ,NM,ASW,WE,Combined TRACON& Tower with Radar,178,57,27,21,283,0,30,63,52,145,178,87,90,73,428,20,20,40,468
01/26/2010,ABQ,NM,ASW,WE,Combined TRACON& Tower with Radar,180,68,27,9,284,0,37,55,55,147,180,105,82,64,431,16,30,46,477
01/27/2010,ABQ,NM,ASW,WE,Combined TRACON& Tower with Radar,179,67,44,36,326,0,40,61,47,148,179,107,105,83,474,16,46,62,536
01/28/2010,ABQ,NM,ASW,WE,Combined TRACON& Tower with Radar,184,93,23,4,304,0,1,0,10,11,184,94,23,14,315,2,0,2,317
01/29/2010,ABQ,NM,ASW,WE,Combined TRACON& Tower with Radar,175,88,54,25,342,0,9,42,33,84,175,97,96,58,426,12,0,12,438
01/30/2010,ABQ,NM,ASW,WE,Combined TRACON& Tower with Radar,118,51,31,9,209,0,8,50,5,63,118,59,81,14,272,32,0,32,304
01/31/2010,ABQ,NM,ASW,WE,Combined TRACON& Tower with Radar,152,50,31,11,244,0,5,31,1,37,152,55,62,12,281,10,20,30,311
02/01/2010,ABQ,NM,ASW,WE,Combined TRACON& Tower with Radar,174,53,24,11,262,0,35,56,18,109,174,88,80,29,371,32,6,38,409
02/02/2010,ABQ,NM,ASW,WE,Combined TRACON& Tower with Radar,177,70,31,20,298,0,36,40,43,119,177,106,71,63,417,16,60,76,493
02/03/2010,ABQ,NM,ASW,WE,Combined TRACON& Tower with Radar,181,84,52,8,325,0,8,3,24,35,181,92,55,32,360,0,0,0,360
02/04/2010,ABQ,NM,ASW,WE,Combined TRACON& Tower with Radar,182,113,42,31,368,0,11,25,62,98,182,124,67,93,466,10,56,66,532
02/05/2010,ABQ,NM,ASW,WE,Combined TRACON& Tower with Radar,176,64,29,83,352,0,45,75,43,163,176,109,104,126,515,4,40,44,559
02/06/2010,ABQ,NM,ASW,WE,Combined TRACON& Tower with Radar,113,46,21,17,197,0,13,50,0,63,113,59,71,17,260,10,2,12,272
02/07/2010,ABQ,NM,ASW,WE,Combined TRACON& Tower with Radar,149,48,22,3,222,0,2,11,0,13,149,50,33,3,235,12,0,12,247
02/08/2010,ABQ,NM,ASW,WE,Combined TRACON& Tower with Radar,170,81,25,12,288,0,11,23,35,69,170,92,48,47,357,4,6,10,367
02/09/2010,ABQ,NM,ASW,WE,Combined TRACON& Tower with Radar,174,80,39,24,317,0,20,48,35,103,174,100,87,59,420,26,14,40,460
02/10/2010,ABQ,NM,ASW,WE,Combined TRACON& Tower with Radar,183,86,50,17,336,0,19,26,46,91,183,105,76,63,427,4,38,42,469
02/11/2010,ABQ,NM,ASW,WE,Combined TRACON& Tower with Radar,171,77,47,28,323,0,35,74,44,153,171,112,121,72,476,40,8,48,524
02/12/2010,ABQ,NM,ASW,WE,Combined TRACON& Tower with Radar,174,87,40,64,365,0,53,57,41,151,174,140,97,105,516,40,70,110,626
02/13/2010,ABQ,NM,ASW,WE,Combined TRACON& Tower with Radar,131,56,11,5,203,0,14,42,3,59,131,70,53,8,262,4,0,4,266
02/14/2010,ABQ,NM,ASW,WE,Combined TRACON& Tower with Radar,160,51,23,2,236,0,7,35,1,43,160,58,58,3,279,14,0,14,293
02/15/2010,ABQ,NM,ASW,WE,Combined TRACON& Tower with Radar,172,74,37,17,300,0,25,61,1,87,172,99,98,18,387,14,4,18,405
02/16/2010,ABQ,NM,ASW,WE,Combined TRACON& Tower with Radar,182,78,26,25,311,0,51,60,57,168,182,129,86,82,479,22,60,82,561
02/17/2010,ABQ,NM,ASW,WE,Combined TRACON& Tower with Radar,184,76,38,13,311,0,48,54,46,148,184,124,92,59,459,18,28,46,505
02/18/2010,ABQ,NM,ASW,WE,Combined TRACON& Tower with Radar,182,73,30,27,312,0,52,51,43,146,182,125,81,70,458,12,26,38,496
02/19/2010,ABQ,NM,ASW,WE,Combined TRACON& Tower with Radar,180,78,38,37,333,0,51,66,22,139,180,129,104,59,472,26,56,82,554
02/20/2010,ABQ,NM,ASW,WE,Combined TRACON& Tower with Radar,146,61,24,8,239,0,14,41,7,62,146,75,65,15,301,16,0,16,317
02/21/2010,ABQ,NM,ASW,WE,Combined TRACON& Tower with Radar,169,54,24,9,256,0,2,17,6,25,169,56,41,15,281,4,10,14,295
02/22/2010,ABQ,NM,ASW,WE,Combined TRACON& Tower with Radar,171,96,29,3,299,0,8,4,12,24,171,104,33,15,323,2,0,2,325
02/23/2010,ABQ,NM,ASW,WE,Combined TRACON& Tower with Radar,183,69,34,15,301,0,38,45,46,129,183,107,79,61,430,14,36,50,480
02/24/2010,ABQ,NM,ASW,WE,Combined TRACON& Tower with Radar,184,81,34,12,311,0,46,55,38,139,184,127,89,50,450,68,8,76,526
02/25/2010,ABQ,NM,ASW,WE,Combined TRACON& Tower with Radar,180,82,46,14,322,0,36,23,41,100,180,118,69,55,422,24,28,52,474
02/26/2010,ABQ,NM,ASW,WE,Combined TRACON& Tower with Radar,183,71,46,47,347,0,53,70,46,169,183,124,116,93,516,26,52,78,594
02/27/2010,ABQ,NM,ASW,WE,Combined TRACON& Tower with Radar,136,48,33,17,234,0,21,40,1,62,136,69,73,18,296,14,2,16,312
02/28/2010,ABQ,NM,ASW,WE,Combined TRACON& Tower with Radar,164,57,30,11,262,0,4,7,0,11,164,61,37,11,273,0,0,0,273
03/01/2010,ABQ,NM,ASW,WE,Combined TRACON& Tower with Radar,180,77,29,24,310,0,26,42,28,96,180,103,71,52,406,14,14,28,434
03/02/2010,ABQ,NM,ASW,WE,Combined TRACON& Tower with Radar,183,68,46,17,314,0,48,63,50,161,183,116,109,67,475,14,24,38,513
03/03/2010,ABQ,NM,ASW,WE,Combined TRACON& Tower with Radar,184,67,36,24,311,0,46,50,46,142,184,113,86,70,453,4,14,18,471
03/04/2010,ABQ,NM,ASW,WE,Combined TRACON& Tower with Radar,188,68,46,19,321,0,43,80,62,185,188,111,126,81,506,60,16,76,582
03/05/2010,ABQ,NM,ASW,WE,Combined TRACON& Tower with Radar,180,70,31,47,328,0,55,53,48,156,180,125,84,95,484,6,44,50,534
03/06/2010,ABQ,NM,ASW,WE,Combined TRACON& Tower with Radar,140,54,24,13,231,0,13,55,5,73,140,67,79,18,304,6,8,14,318
03/07/2010,ABQ,NM,ASW,WE,Combined TRACON& Tower with Radar,177,38,23,7,245,0,5,14,2,21,177,43,37,9,266,4,0,4,270
03/08/2010,ABQ,NM,ASW,WE,Combined TRACON& Tower with Radar,173,82,36,16,307,0,20,12,35,67,173,102,48,51,374,20,28,48,422
03/09/2010,ABQ,NM,ASW,WE,Combined TRACON& Tower with Radar,180,75,27,20,302,0,37,56,76,169,180,112,83,96,471,8,62,70,541
03/10/2010,ABQ,NM,ASW,WE,Combined TRACON& Tower with Radar,185,82,38,28,333,0,20,23,29,72,185,102,61,57,405,14,18,32,437
03/11/2010,ABQ,NM,ASW,WE,Combined TRACON& Tower with Radar,186,100,26,11,323,0,17,8,54,79,186,117,34,65,402,16,86,102,504
03/12/2010,ABQ,NM,ASW,WE,Combined TRACON& Tower with Radar,176,69,41,24,310,0,48,78,38,164,176,117,119,62,474,16,2,18,492
03/13/2010,ABQ,NM,ASW,WE,Combined TRACON& Tower with Radar,145,60,37,13,255,0,14,86,8,108,145,74,123,21,363,12,28,40,403
03/14/2010,ABQ,NM,ASW,WE,Combined TRACON& Tower with Radar,175,56,44,12,287,0,4,20,3,27,175,60,64,15,314,4,2,6,320
03/15/2010,ABQ,NM,ASW,WE,Combined TRACON& Tower with Radar,178,91,23,6,298,0,15,19,39,73,178,106,42,45,371,8,24,32,403
03/16/2010,ABQ,NM,ASW,WE,Combined TRACON& Tower with Radar,187,69,36,15,307,0,37,67,48,152,187,106,103,63,459,14,20,34,493
03/17/2010,ABQ,NM,ASW,WE,Combined TRACON& Tower with Radar,189,68,38,16,311,0,41,81,47,169,189,109,119,63,480,22,16,38,518
03/18/2010,ABQ,NM,ASW,WE,Combined TRACON& Tower with Radar,194,76,35,17,322,0,43,58,46,147,194,119,93,63,469,8,58,66,535
03/19/2010,ABQ,NM,ASW,WE,Combined TRACON& Tower with Radar,187,88,50,54,379,0,28,33,30,91,187,116,83,84,470,12,30,42,512
03/20/2010,ABQ,NM,ASW,WE,Combined TRACON& Tower with Radar,150,60,16,22,248,0,3,16,2,21,150,63,32,24,269,6,20,26,295
03/21/2010,ABQ,NM,ASW,WE,Combined TRACON& Tower with Radar,175,36,16,16,243,0,8,54,5,67,175,44,70,21,310,6,8,14,324
03/22/2010,ABQ,NM,ASW,WE,Combined TRACON& Tower with Radar,175,72,24,19,290,0,32,41,36,109,175,104,65,55,399,6,44,50,449
03/23/2010,ABQ,NM,ASW,WE,Combined TRACON& Tower with Radar,196,59,29,9,293,0,33,25,47,105,196,92,54,56,398,0,30,30,428
03/24/2010,ABQ,NM,ASW,WE,Combined TRACON& Tower with Radar,179,76,27,21,303,0,29,12,39,80,179,105,39,60,383,2,42,44,427
03/25/2010,ABQ,NM,ASW,WE,Combined TRACON& Tower with Radar,184,64,31,40,319,0,45,84,56,185,184,109,115,96,504,16,22,38,542
03/26/2010,ABQ,NM,ASW,WE,Combined TRACON& Tower with Radar,180,79,35,25,319,0,30,44,26,100,180,109,79,51,419,0,26,26,445
03/27/2010,ABQ,NM,ASW,WE,Combined TRACON& Tower with Radar,144,58,15,6,223,0,14,53,8,75,144,72,68,14,298,6,10,16,314
03/28/2010,ABQ,NM,ASW,WE,Combined TRACON& Tower with Radar,172,58,11,11,252,0,8,64,0,72,172,66,75,11,324,6,0,6,330
03/29/2010,ABQ,NM,ASW,WE,Combined TRACON& Tower with Radar,175,63,16,32,286,0,38,55,12,105,175,101,71,44,391,18,2,20,411
03/30/2010,ABQ,NM,ASW,WE,Combined TRACON& Tower with Radar,187,61,33,9,290,0,48,46,42,136,187,109,79,51,426,4,16,20,446
03/31/2010,ABQ,NM,ASW,WE,Combined TRACON& Tower with Radar,184,62,30,8,284,0,45,57,69,171,184,107,87,77,455,2,20,22,477
04/01/2010,ABQ,NM,ASW,WE,Combined TRACON& Tower with Radar,188,82,19,6,295,0,29,14,19,62,188,111,33,25,357,10,0,10,367
04/02/2010,ABQ,NM,ASW,WE,Combined TRACON& Tower with Radar,182,72,29,23,306,0,39,40,43,122,182,111,69,66,428,4,4,8,436
04/03/2010,ABQ,NM,ASW,WE,Combined TRACON& Tower with Radar,147,63,20,3,233,0,14,41,6,61,147,77,61,9,294,0,0,0,294
04/04/2010,ABQ,NM,ASW,WE,Combined TRACON& Tower with Radar,173,36,11,4,224,0,14,39,3,56,173,50,50,7,280,0,0,0,280
04/05/2010,ABQ,NM,ASW,WE,Combined TRACON& Tower with Radar,180,67,33,12,292,0,30,36,14,80,180,97,69,26,372,8,0,8,380
04/06/2010,ABQ,NM,ASW,WE,Combined TRACON& Tower with Radar,190,82,33,17,322,0,46,33,46,125,190,128,66,63,447,0,6,6,453
04/07/2010,ABQ,NM,ASW,WE,Combined TRACON& Tower with Radar,187,53,48,15,303,0,46,70,36,152,187,99,118,51,455,0,26,26,481
04/08/2010,ABQ,NM,ASW,WE,Combined TRACON& Tower with Radar,188,66,32,26,312,0,45,75,61,181,188,111,107,87,493,16,6,22,515
04/09/2010,ABQ,NM,ASW,WE,Combined TRACON& Tower with Radar,184,63,31,23,301,0,49,87,35,171,184,112,118,58,472,8,24,32,504
04/10/2010,ABQ,NM,ASW,WE,Combined TRACON& Tower with Radar,149,49,16,11,225,0,20,63,10,93,149,69,79,21,318,34,24,58,376
04/11/2010,ABQ,NM,ASW,WE,Combined TRACON& Tower with Radar,167,47,23,17,254,0,7,41,7,55,167,54,64,24,309,0,0,0,309
04/12/2010,ABQ,NM,ASW,WE,Combined TRACON& Tower with Radar,186,59,28,8,281,0,30,50,6,86,186,89,78,14,367,10,0,10,377
04/13/2010,ABQ,NM,ASW,WE,Combined TRACON& Tower with Radar,192,59,26,17,294,0,45,37,50,132,192,104,63,67,426,0,18,18,444
04/14/2010,ABQ,NM,ASW,WE,Combined TRACON& Tower with Radar,190,56,35,23,304,0,42,78,65,185,190,98,113,88,489,8,56,64,553
04/15/2010,ABQ,NM,ASW,WE,Combined TRACON& Tower with Radar,196,74,40,31,341,0,45,71,44,160,196,119,111,75,501,12,26,38,539
04/16/2010,ABQ,NM,ASW,WE,Combined TRACON& Tower with Radar,185,103,22,37,347,0,28,46,33,107,185,131,68,70,454,18,20,38,492
04/17/2010,ABQ,NM,ASW,WE,Combined TRACON& Tower with Radar,147,55,20,3,225,0,7,11,2,20,147,62,31,5,245,6,0,6,251
04/18/2010,ABQ,NM,ASW,WE,Combined TRACON& Tower with Radar,171,50,20,11,252,0,10,37,5,52,171,60,57,16,304,8,4,12,316
04/19/2010,ABQ,NM,ASW,WE,Combined TRACON& Tower with Radar,183,68,21,26,298,0,28,35,50,113,183,96,56,76,411,10,40,50,461
04/20/2010,ABQ,NM,ASW,WE,Combined TRACON& Tower with Radar,190,61,36,32,319,0,42,56,57,155,190,103,92,89,474,8,34,42,516
04/21/2010,ABQ,NM,ASW,WE,Combined TRACON& Tower with Radar,193,58,36,14,301,0,42,55,57,154,193,100,91,71,455,2,52,54,509
04/22/2010,ABQ,NM,ASW,WE,Combined TRACON& Tower with Radar,193,91,41,41,366,0,14,28,38,80,193,105,69,79,446,0,42,42,488
04/23/2010,ABQ,NM,ASW,WE,Combined TRACON& Tower with Radar,189,93,42,32,356,0,35,30,32,97,189,128,72,64,453,2,30,32,485
04/24/2010,ABQ,NM,ASW,WE,Combined TRACON& Tower with Radar,154,45,23,11,233,0,10,46,8,64,154,55,69,19,297,0,14,14,311
04/25/2010,ABQ,NM,ASW,WE,Combined TRACON& Tower with Radar,168,53,23,13,257,0,9,38,6,53,168,62,61,19,310,18,12,30,340
04/26/2010,ABQ,NM,ASW,WE,Combined TRACON& Tower with Radar,182,60,24,20,286,0,39,58,38,135,182,99,82,58,421,6,12,18,439
04/27/2010,ABQ,NM,ASW,WE,Combined TRACON& Tower with Radar,193,54,44,14,305,0,45,72,67,184,193,99,116,81,489,22,64,86,575
04/28/2010,ABQ,NM,ASW,WE,Combined TRACON& Tower with Radar,188,62,37,17,304,0,53,45,42,140,188,115,82,59,444,4,0,4,448
04/29/2010,ABQ,NM,ASW,WE,Combined TRACON& Tower with Radar,188,77,20,12,297,0,30,12,6,48,188,107,32,18,345,10,0,10,355
04/30/2010,ABQ,NM,ASW,WE,Combined TRACON& Tower with Radar,187,88,41,62,378,0,34,37,40,111,187,122,78,102,489,14,18,32,521
05/01/2010,ABQ,NM,ASW,WE,Combined TRACON& Tower with Radar,147,53,35,32,267,0,12,46,19,77,147,65,81,51,344,16,24,40,384
05/02/2010,ABQ,NM,ASW,WE,Combined TRACON& Tower with Radar,167,50,26,16,259,0,4,15,7,26,167,54,41,23,285,16,8,24,309
05/03/2010,ABQ,NM,ASW,WE,Combined TRACON& Tower with Radar,182,72,25,25,304,0,37,65,31,133,182,109,90,56,437,14,14,28,465
05/04/2010,ABQ,NM,ASW,WE,Combined TRACON& Tower with Radar,192,56,25,17,290,0,55,61,48,164,192,111,86,65,454,4,34,38,492
05/05/2010,ABQ,NM,ASW,WE,Combined TRACON& Tower with Radar,196,57,43,24,320,0,46,51,38,135,196,103,94,62,455,4,10,14,469
05/06/2010,ABQ,NM,ASW,WE,Combined TRACON& Tower with Radar,192,56,41,20,309,0,52,47,31,130,192,108,88,51,439,10,30,40,479
05/07/2010,ABQ,NM,ASW,WE,Combined TRACON& Tower with Radar,185,64,34,25,308,0,62,79,79,220,185,126,113,104,528,14,46,60,588
05/08/2010,ABQ,NM,ASW,WE,Combined TRACON& Tower with Radar,150,43,21,19,233,0,15,49,7,71,150,58,70,26,304,22,34,56,360
05/09/2010,ABQ,NM,ASW,WE,Combined TRACON& Tower with Radar,181,47,18,7,253,0,11,43,2,56,181,58,61,9,309,10,0,10,319
05/10/2010,ABQ,NM,ASW,WE,Combined TRACON& Tower with Radar,190,58,25,14,287,0,35,26,17,78,190,93,51,31,365,2,6,8,373
05/11/2010,ABQ,NM,ASW,WE,Combined TRACON& Tower with Radar,205,54,39,12,310,0,47,47,26,120,205,101,86,38,430,0,26,26,456
05/12/2010,ABQ,NM,ASW,WE,Combined TRACON& Tower with Radar,199,62,36,25,322,0,42,62,54,158,199,104,98,79,480,20,10,30,510
05/13/2010,ABQ,NM,ASW,WE,Combined TRACON& Tower with Radar,203,64,20,20,307,0,53,63,35,151,203,117,83,55,458,2,8,10,468
05/14/2010,ABQ,NM,ASW,WE,Combined TRACON& Tower with Radar,199,94,22,25,340,0,38,23,41,102,199,132,45,66,442,26,32,58,500
05/15/2010,ABQ,NM,ASW,WE,Combined TRACON& Tower with Radar,165,44,23,36,268,0,14,48,5,67,165,58,71,41,335,16,22,38,373
05/16/2010,ABQ,NM,ASW,WE,Combined TRACON& Tower with Radar,187,47,23,15,272,0,8,34,4,46,187,55,57,19,318,0,0,0,318
05/17/2010,ABQ,NM,ASW,WE,Combined TRACON& Tower with Radar,189,73,17,23,302,0,31,44,42,117,189,104,61,65,419,0,12,12,431
05/18/2010,ABQ,NM,ASW,WE,Combined TRACON& Tower with Radar,212,68,38,14,332,0,43,49,51,143,212,111,87,65,475,6,46,52,527
05/19/2010,ABQ,NM,ASW,WE,Combined TRACON& Tower with Radar,204,76,34,6,320,0,45,56,52,153,204,121,90,58,473,8,20,28,501
05/20/2010,ABQ,NM,ASW,WE,Combined TRACON& Tower with Radar,202,64,50,18,334,0,44,70,46,160,202,108,120,64,494,16,24,40,534
05/21/2010,ABQ,NM,ASW,WE,Combined TRACON& Tower with Radar,195,69,45,12,321,0,50,75,14,139,195,119,120,26,460,42,22,64,524
05/22/2010,ABQ,NM,ASW,WE,Combined TRACON& Tower with Radar,158,47,23,10,238,0,12,30,24,66,158,59,53,34,304,6,10,16,320
05/23/2010,ABQ,NM,ASW,WE,Combined TRACON& Tower with Radar,180,41,38,7,266,0,9,37,15,61,180,50,75,22,327,10,0,10,337
05/24/2010,ABQ,NM,ASW,WE,Combined TRACON& Tower with Radar,187,60,23,12,282,0,31,63,35,129,187,91,86,47,411,22,12,34,445
05/25/2010,ABQ,NM,ASW,WE,Combined TRACON& Tower with Radar,203,57,52,9,321,0,48,77,50,175,203,105,129,59,496,14,40,54,550
05/26/2010,ABQ,NM,ASW,WE,Combined TRACON& Tower with Radar,211,56,30,22,319,0,46,39,62,147,211,102,69,84,466,22,62,84,550
05/27/2010,ABQ,NM,ASW,WE,Combined TRACON& Tower with Radar,201,65,29,29,324,0,39,36,41,116,201,104,65,70,440,18,16,34,474
05/28/2010,ABQ,NM,ASW,WE,Combined TRACON& Tower with Radar,200,61,39,21,321,0,42,34,34,110,200,103,73,55,431,20,32,52,483
05/29/2010,ABQ,NM,ASW,WE,Combined TRACON& Tower with Radar,162,41,8,6,217,0,20,39,3,62,162,61,47,9,279,12,0,12,291
05/30/2010,ABQ,NM,ASW,WE,Combined TRACON& Tower with Radar,148,28,9,7,192,0,10,26,3,39,148,38,35,10,231,0,0,0,231
05/31/2010,ABQ,NM,ASW,WE,Combined TRACON& Tower with Radar,177,49,15,5,246,0,16,54,1,71,177,65,69,6,317,38,0,38,355
06/01/2010,ABQ,NM,ASW,WE,Combined TRACON& Tower with Radar,193,71,26,7,297,0,38,70,44,152,193,109,96,51,449,14,28,42,491
06/02/2010,ABQ,NM,ASW,WE,Combined TRACON& Tower with Radar,206,69,39,10,324,0,43,85,65,193,206,112,124,75,517,18,32,50,567
06/03/2010,ABQ,NM,ASW,WE,Combined TRACON& Tower with Radar,200,68,30,12,310,0,46,51,41,138,200,114,81,53,448,10,16,26,474
06/04/2010,ABQ,NM,ASW,WE,Combined TRACON& Tower with Radar,194,59,35,20,308,0,49,50,26,125,194,108,85,46,433,16,14,30,463
06/05/2010,ABQ,NM,ASW,WE,Combined TRACON& Tower with Radar,160,39,27,16,242,0,15,56,13,84,160,54,83,29,326,14,4,18,344
06/06/2010,ABQ,NM,ASW,WE,Combined TRACON& Tower with Radar,175,43,20,10,248,0,9,30,2,41,175,52,50,12,289,20,0,20,309
06/07/2010,ABQ,NM,ASW,WE,Combined TRACON& Tower with Radar,191,67,34,14,306,0,32,84,6,122,191,99,118,20,428,6,0,6,434
06/08/2010,ABQ,NM,ASW,WE,Combined TRACON& Tower with Radar,200,53,44,17,314,0,44,83,45,172,200,97,127,62,486,0,32,32,518
06/09/2010,ABQ,NM,ASW,WE,Combined TRACON& Tower with Radar,197,53,41,20,311,0,46,65,33,144,197,99,106,53,455,2,42,44,499
06/10/2010,ABQ,NM,ASW,WE,Combined TRACON& Tower with Radar,205,63,37,16,321,0,48,86,31,165,205,111,123,47,486,38,26,64,550
06/11/2010,ABQ,NM,ASW,WE,Combined TRACON& Tower with Radar,200,71,31,21,323,0,42,54,46,142,200,113,85,67,465,34,70,104,569
06/12/2010,ABQ,NM,ASW,WE,Combined TRACON& Tower with Radar,157,45,14,11,227,0,18,47,6,71,157,63,61,17,298,6,8,14,312
06/13/2010,ABQ,NM,ASW,WE,Combined TRACON& Tower with Radar,178,49,23,8,258,0,4,47,0,51,178,53,70,8,309,36,0,36,345
06/14/2010,ABQ,NM,ASW,WE,Combined TRACON& Tower with Radar,187,63,24,7,281,0,30,52,29,111,187,93,76,36,392,8,2,10,402
06/15/2010,ABQ,NM,ASW,WE,Combined TRACON& Tower with Radar,197,55,30,29,311,0,41,69,42,152,197,96,99,71,463,32,28,60,523
06/16/2010,ABQ,NM,ASW,WE,Combined TRACON& Tower with Radar,200,58,28,13,299,0,47,57,45,149,200,105,85,58,448,4,38,42,490
06/17/2010,ABQ,NM,ASW,WE,Combined TRACON& Tower with Radar,199,60,31,17,307,0,40,71,33,144,199,100,102,50,451,22,20,42,493
06/18/2010,ABQ,NM,ASW,WE,Combined TRACON& Tower with Radar,190,82,25,41,338,0,46,79,48,173,190,128,104,89,511,50,44,94,605
06/19/2010,ABQ,NM,ASW,WE,Combined TRACON& Tower with Radar,159,62,17,5,243,0,19,43,11,73,159,81,60,16,316,24,2,26,342
06/20/2010,ABQ,NM,ASW,WE,Combined TRACON& Tower with Radar,180,46,14,4,244,0,8,41,1,50,180,54,55,5,294,22,2,24,318
06/21/2010,ABQ,NM,ASW,WE,Combined TRACON& Tower with Radar,183,68,27,10,288,0,42,93,47,182,183,110,120,57,470,4,30,34,504
06/22/2010,ABQ,NM,ASW,WE,Combined TRACON& Tower with Radar,197,59,20,12,288,0,49,104,54,207,197,108,124,66,495,10,50,60,555
06/23/2010,ABQ,NM,ASW,WE,Combined TRACON& Tower with Radar,200,67,26,15,308,0,42,76,24,142,200,109,102,39,450,20,38,58,508
06/24/2010,ABQ,NM,ASW,WE,Combined TRACON& Tower with Radar,198,61,30,21,310,0,47,55,41,143,198,108,85,62,453,12,14,26,479
06/25/2010,ABQ,NM,ASW,WE,Combined TRACON& Tower with Radar,194,60,37,33,324,0,42,62,42,146,194,102,99,75,470,16,14,30,500
06/26/2010,ABQ,NM,ASW,WE,Combined TRACON& Tower with Radar,160,54,17,12,243,0,14,65,16,95,160,68,82,28,338,14,2,16,354
06/27/2010,ABQ,NM,ASW,WE,Combined TRACON& Tower with Radar,174,53,18,3,248,0,10,46,2,58,174,63,64,5,306,34,0,34,340
06/28/2010,ABQ,NM,ASW,WE,Combined TRACON& Tower with Radar,184,58,35,6,283,0,32,46,32,110,184,90,81,38,393,22,2,24,417
06/29/2010,ABQ,NM,ASW,WE,Combined TRACON& Tower with Radar,198,57,44,12,311,0,41,53,32,126,198,98,97,44,437,2,10,12,449
06/30/2010,ABQ,NM,ASW,WE,Combined TRACON& Tower with Radar,184,52,32,17,285,0,36,55,39,130,184,88,87,56,415,24,44,68,483
07/01/2010,ABQ,NM,ASW,WE,Combined TRACON& Tower with Radar,204,61,27,9,301,0,35,61,52,148,204,96,88,61,449,0,0,0,449
07/02/2010,ABQ,NM,ASW,WE,Combined TRACON& Tower with Radar,194,72,30,8,304,0,37,43,0,80,194,109,73,8,384,10,0,10,394
07/03/2010,ABQ,NM,ASW,WE,Combined TRACON& Tower with Radar,154,54,15,2,225,0,13,28,4,45,154,67,43,6,270,20,0,20,290
07/04/2010,ABQ,NM,ASW,WE,Combined TRACON& Tower with Radar,143,34,18,0,195,0,9,37,1,47,143,43,55,1,242,10,0,10,252
07/05/2010,ABQ,NM,ASW,WE,Combined TRACON& Tower with Radar,172,49,15,7,243,0,11,34,0,45,172,60,49,7,288,0,0,0,288
07/06/2010,ABQ,NM,ASW,WE,Combined TRACON& Tower with Radar,202,66,29,4,301,0,39,39,27,105,202,105,68,31,406,12,22,34,440
07/07/2010,ABQ,NM,ASW,WE,Combined TRACON& Tower with Radar,198,65,34,11,308,0,36,44,49,129,198,101,78,60,437,2,20,22,459
07/08/2010,ABQ,NM,ASW,WE,Combined TRACON& Tower with Radar,201,70,41,26,338,0,35,45,45,125,201,105,86,71,463,14,32,46,509
07/09/2010,ABQ,NM,ASW,WE,Combined TRACON& Tower with Radar,192,74,28,35,329,0,31,56,51,138,192,105,84,86,467,2,34,36,503
07/10/2010,ABQ,NM,ASW,WE,Combined TRACON& Tower with Radar,157,55,14,15,241,0,12,38,4,54,157,67,52,19,295,16,90,106,401
07/11/2010,ABQ,NM,ASW,WE,Combined TRACON& Tower with Radar,174,45,25,25,269,0,7,29,3,39,174,52,54,28,308,26,6,32,340
07/12/2010,ABQ,NM,ASW,WE,Combined TRACON& Tower with Radar,184,62,24,4,274,0,33,80,31,144,184,95,104,35,418,6,18,24,442
07/13/2010,ABQ,NM,ASW,WE,Combined TRACON& Tower with Radar,201,62,44,11,318,0,39,97,62,198,201,101,141,73,516,18,66,84,600
07/14/2010,ABQ,NM,ASW,WE,Combined TRACON& Tower with Radar,199,66,45,10,320,0,39,57,44,140,199,105,102,54,460,10,12,22,482
07/15/2010,ABQ,NM,ASW,WE,Combined TRACON& Tower with Radar,198,74,30,20,322,0,42,49,33,124,198,116,79,53,446,6,36,42,488
07/16/2010,ABQ,NM,ASW,WE,Combined TRACON& Tower with Radar,191,73,33,14,311,0,40,52,17,109,191,113,85,31,420,4,2,6,426
07/17/2010,ABQ,NM,ASW,WE,Combined TRACON& Tower with Radar,152,51,19,16,238,0,15,49,15,79,152,66,68,31,317,4,10,14,331
07/18/2010,ABQ,NM,ASW,WE,Combined TRACON& Tower with Radar,175,48,17,5,245,0,10,34,0,44,175,58,51,5,289,6,8,14,303
07/19/2010,ABQ,NM,ASW,WE,Combined TRACON& Tower with Radar,188,77,29,20,314,0,24,29,22,75,188,101,58,42,389,4,18,22,411
07/20/2010,ABQ,NM,ASW,WE,Combined TRACON& Tower with Radar,201,67,31,35,334,0,35,52,53,140,201,102,83,88,474,6,34,40,514
07/21/2010,ABQ,NM,ASW,WE,Combined TRACON& Tower with Radar,202,66,33,9,310,0,38,55,29,122,202,104,88,38,432,10,34,44,476
07/22/2010,ABQ,NM,ASW,WE,Combined TRACON& Tower with Radar,202,89,42,18,351,0,38,69,40,147,202,127,111,58,498,0,18,18,516
07/23/2010,ABQ,NM,ASW,WE,Combined TRACON& Tower with Radar,192,77,39,15,323,0,43,62,36,141,192,120,101,51,464,16,14,30,494
07/24/2010,ABQ,NM,ASW,WE,Combined TRACON& Tower with Radar,155,51,20,9,235,0,10,42,10,62,155,61,62,19,297,4,6,10,307
07/25/2010,ABQ,NM,ASW,WE,Combined TRACON& Tower with Radar,174,58,29,3,264,0,1,23,6,30,174,59,52,9,294,12,0,12,306
07/26/2010,ABQ,NM,ASW,WE,Combined TRACON& Tower with Radar,190,95,36,6,327,0,20,16,34,70,190,115,52,40,397,16,6,22,419
07/27/2010,ABQ,NM,ASW,WE,Combined TRACON& Tower with Radar,196,75,31,23,325,0,47,95,42,184,196,122,126,65,509,6,30,36,545
07/28/2010,ABQ,NM,ASW,WE,Combined TRACON& Tower with Radar,200,67,27,18,312,0,35,58,36,129,200,102,85,54,441,0,32,32,473
07/29/2010,ABQ,NM,ASW,WE,Combined TRACON& Tower with Radar,200,77,28,14,319,0,40,41,42,123,200,117,69,56,442,2,20,22,464
07/30/2010,ABQ,NM,ASW,WE,Combined TRACON& Tower with Radar,210,75,42,27,354,0,41,51,37,129,210,116,93,64,483,20,30,50,533
07/31/2010,ABQ,NM,ASW,WE,Combined TRACON& Tower with Radar,152,60,28,15,255,0,14,37,10,61,152,74,65,25,316,6,10,16,332
08/01/2010,ABQ,NM,ASW,WE,Combined TRACON& Tower with Radar,175,62,21,9,267,0,9,29,3,41,175,71,50,12,308,18,0,18,326
08/02/2010,ABQ,NM,ASW,WE,Combined TRACON& Tower with Radar,187,56,27,14,284,0,28,29,31,88,187,84,56,45,372,4,8,12,384
08/03/2010,ABQ,NM,ASW,WE,Combined TRACON& Tower with Radar,193,52,22,18,285,0,37,48,56,141,193,89,70,74,426,8,22,30,456
08/04/2010,ABQ,NM,ASW,WE,Combined TRACON& Tower with Radar,211,63,36,8,318,0,47,60,49,156,211,110,96,57,474,2,38,40,514
08/05/2010,ABQ,NM,ASW,WE,Combined TRACON& Tower with Radar,199,78,36,5,318,0,33,36,55,124,199,111,72,60,442,8,20,28,470
08/06/2010,ABQ,NM,ASW,WE,Combined TRACON& Tower with Radar,190,70,25,25,310,0,40,47,17,104,190,110,72,42,414,20,20,40,454
08/07/2010,ABQ,NM,ASW,WE,Combined TRACON& Tower with Radar,156,49,28,12,245,0,15,44,3,62,156,64,72,15,307,8,22,30,337
08/08/2010,ABQ,NM,ASW,WE,Combined TRACON& Tower with Radar,178,43,17,9,247,0,8,28,2,38,178,51,45,11,285,4,0,4,289
08/09/2010,ABQ,NM,ASW,WE,Combined TRACON& Tower with Radar,186,67,17,3,273,0,30,33,32,95,186,97,50,35,368,2,8,10,378
08/10/2010,ABQ,NM,ASW,WE,Combined TRACON& Tower with Radar,202,62,43,23,330,0,46,72,45,163,202,108,115,68,493,24,32,56,549
08/11/2010,ABQ,NM,ASW,WE,Combined TRACON& Tower with Radar,198,66,43,8,315,0,48,64,34,146,198,114,107,42,461,28,14,42,503
08/12/2010,ABQ,NM,ASW,WE,Combined TRACON& Tower with Radar,196,57,17,14,284,0,43,41,59,143,196,100,58,73,427,0,8,8,435
08/13/2010,ABQ,NM,ASW,WE,Combined TRACON& Tower with Radar,190,68,19,14,291,0,52,47,35,134,190,120,66,49,425,2,26,28,453
08/14/2010,ABQ,NM,ASW,WE,Combined TRACON& Tower with Radar,149,54,26,4,233,0,21,84,3,108,149,75,110,7,341,14,0,14,355
08/15/2010,ABQ,NM,ASW,WE,Combined TRACON& Tower with Radar,174,47,17,8,246,0,7,61,11,79,174,54,78,19,325,18,0,18,343
08/16/2010,ABQ,NM,ASW,WE,Combined TRACON& Tower with Radar,188,72,34,14,308,0,25,54,33,112,188,97,88,47,420,28,50,78,498
08/17/2010,ABQ,NM,ASW,WE,Combined TRACON& Tower with Radar,204,59,34,26,323,0,34,68,45,147,204,93,102,71,470,18,22,40,510
08/18/2010,ABQ,NM,ASW,WE,Combined TRACON& Tower with Radar,205,62,28,15,310,0,43,76,30,149,205,105,104,45,459,12,14,26,485
08/19/2010,ABQ,NM,ASW,WE,Combined TRACON& Tower with Radar,197,78,41,5,321,0,41,63,52,156,197,119,104,57,477,8,56,64,541
08/20/2010,ABQ,NM,ASW,WE,Combined TRACON& Tower with Radar,201,59,20,22,302,0,44,62,50,156,201,103,82,72,458,2,74,76,534
08/21/2010,ABQ,NM,ASW,WE,Combined TRACON& Tower with Radar,149,49,25,11,234,0,14,64,19,97,149,63,89,30,331,0,14,14,345
08/22/2010,ABQ,NM,ASW,WE,Combined TRACON& Tower with Radar,178,39,14,9,240,0,7,38,2,47,178,46,52,11,287,2,0,2,289
08/23/2010,ABQ,NM,ASW,WE,Combined TRACON& Tower with Radar,190,55,21,16,282,0,35,39,23,97,190,90,60,39,379,8,8,16,395
08/24/2010,ABQ,NM,ASW,WE,Combined TRACON& Tower with Radar,195,73,28,8,304,0,34,14,41,89,195,107,42,49,393,4,36,40,433
08/25/2010,ABQ,NM,ASW,WE,Combined TRACON& Tower with Radar,202,57,32,11,302,0,34,63,68,165,202,91,95,79,467,6,54,60,527
08/26/2010,ABQ,NM,ASW,WE,Combined TRACON& Tower with Radar,201,69,28,15,313,0,42,62,65,169,201,111,90,80,482,30,28,58,540
08/27/2010,ABQ,NM,ASW,WE,Combined TRACON& Tower with Radar,195,58,16,23,292,0,46,78,60,184,195,104,94,83,476,8,68,76,552
08/28/2010,ABQ,NM,ASW,WE,Combined TRACON& Tower with Radar,151,52,22,13,238,0,12,51,15,78,151,64,73,28,316,16,24,40,356
08/29/2010,ABQ,NM,ASW,WE,Combined TRACON& Tower with Radar,175,58,19,5,257,0,8,50,2,60,175,66,69,7,317,0,0,0,317
08/30/2010,ABQ,NM,ASW,WE,Combined TRACON& Tower with Radar,192,67,33,15,307,0,28,37,47,112,192,95,70,62,419,14,28,42,461
08/31/2010,ABQ,NM,ASW,WE,Combined TRACON& Tower with Radar,201,60,45,11,317,0,49,43,64,156,201,109,88,75,473,10,52,62,535
09/01/2010,ABQ,NM,ASW,WE,Combined TRACON& Tower with Radar,197,61,30,19,307,0,46,35,61,142,197,107,65,80,449,16,48,64,513
09/02/2010,ABQ,NM,ASW,WE,Combined TRACON& Tower with Radar,201,70,24,12,307,0,46,69,68,183,201,116,93,80,490,14,14,28,518
09/03/2010,ABQ,NM,ASW,WE,Combined TRACON& Tower with Radar,196,64,39,24,323,0,39,64,39,142,196,103,103,63,465,14,22,36,501
09/04/2010,ABQ,NM,ASW,WE,Combined TRACON& Tower with Radar,151,37,20,2,210,0,12,47,0,59,151,49,67,2,269,8,0,8,277
09/05/2010,ABQ,NM,ASW,WE,Combined TRACON& Tower with Radar,130,36,10,2,178,0,13,30,0,43,130,49,40,2,221,8,0,8,229
09/06/2010,ABQ,NM,ASW,WE,Combined TRACON& Tower with Radar,165,50,17,6,238,0,14,52,0,66,165,64,69,6,304,4,0,4,308
09/07/2010,ABQ,NM,ASW,WE,Combined TRACON& Tower with Radar,195,65,37,5,302,0,33,55,53,141,195,98,92,58,443,22,16,38,481
09/08/2010,ABQ,NM,ASW,WE,Combined TRACON& Tower with Radar,198,70,25,16,309,0,39,48,64,151,198,109,73,80,460,4,46,50,510
09/09/2010,ABQ,NM,ASW,WE,Combined TRACON& Tower with Radar,197,71,27,26,321,0,43,68,42,153,197,114,95,68,474,4,32,36,510
09/10/2010,ABQ,NM,ASW,WE,Combined TRACON& Tower with Radar,195,81,30,42,348,0,42,81,72,195,195,123,111,114,543,14,34,48,591
09/11/2010,ABQ,NM,ASW,WE,Combined TRACON& Tower with Radar,160,43,17,13,233,0,14,55,5,74,160,57,72,18,307,8,10,18,325
09/12/2010,ABQ,NM,ASW,WE,Combined TRACON& Tower with Radar,176,48,23,27,274,0,10,44,1,55,176,58,67,28,329,2,10,12,341
09/13/2010,ABQ,NM,ASW,WE,Combined TRACON& Tower with Radar,191,60,24,10,285,0,31,43,31,105,191,91,67,41,390,6,22,28,418
09/14/2010,ABQ,NM,ASW,WE,Combined TRACON& Tower with Radar,200,54,30,19,303,0,44,53,65,162,200,98,83,84,465,32,52,84,549
09/15/2010,ABQ,NM,ASW,WE,Combined TRACON& Tower with Radar,203,58,41,7,309,0,42,54,40,136,203,100,95,47,445,2,2,4,449
09/16/2010,ABQ,NM,ASW,WE,Combined TRACON& Tower with Radar,197,64,43,28,332,0,41,64,48,153,197,105,107,76,485,12,26,38,523
09/17/2010,ABQ,NM,ASW,WE,Combined TRACON& Tower with Radar,191,59,29,44,323,0,46,73,40,159,191,105,102,84,482,18,80,98,580
09/18/2010,ABQ,NM,ASW,WE,Combined TRACON& Tower with Radar,156,43,22,5,226,0,16,56,17,89,156,59,78,22,315,6,10,16,331
09/19/2010,ABQ,NM,ASW,WE,Combined TRACON& Tower with Radar,180,50,37,12,279,0,12,49,5,66,180,62,86,17,345,14,4,18,363
09/20/2010,ABQ,NM,ASW,WE,Combined TRACON& Tower with Radar,191,57,27,13,288,0,29,34,28,91,191,86,61,41,379,14,8,22,401
09/21/2010,ABQ,NM,ASW,WE,Combined TRACON& Tower with Radar,198,65,37,22,322,0,43,59,58,160,198,108,96,80,482,10,24,34,516
09/22/2010,ABQ,NM,ASW,WE,Combined TRACON& Tower with Radar,201,75,40,22,338,0,24,25,29,78,201,99,65,51,416,12,20,32,448
09/23/2010,ABQ,NM,ASW,WE,Combined TRACON& Tower with Radar,199,86,32,16,333,0,25,43,61,129,199,111,75,77,462,32,36,68,530
09/24/2010,ABQ,NM,ASW,WE,Combined TRACON& Tower with Radar,196,68,26,24,314,0,51,68,62,181,196,119,94,86,495,24,36,60,555
09/25/2010,ABQ,NM,ASW,WE,Combined TRACON& Tower with Radar,153,41,26,5,225,0,19,52,15,86,153,60,78,20,311,18,4,22,333
09/26/2010,ABQ,NM,ASW,WE,Combined TRACON& Tower with Radar,180,49,33,14,276,0,9,65,19,93,180,58,98,33,369,18,8,26,395
09/27/2010,ABQ,NM,ASW,WE,Combined TRACON& Tower with Radar,188,57,27,16,288,0,26,43,22,91,188,83,70,38,379,18,22,40,419
09/28/2010,ABQ,NM,ASW,WE,Combined TRACON& Tower with Radar,202,67,11,12,292,0,24,30,54,108,202,91,41,66,400,22,44,66,466
09/29/2010,ABQ,NM,ASW,WE,Combined TRACON& Tower with Radar,202,58,31,15,306,0,50,70,39,159,202,108,101,54,465,8,24,32,497
09/30/2010,ABQ,NM,ASW,WE,Combined TRACON& Tower with Radar,205,78,30,16,329,0,36,55,51,142,205,114,85,67,471,8,38,46,517
10/01/2010,ABQ,NM,ASW,WE,Combined TRACON& Tower with Radar,202,58,35,13,308,0,48,65,43,156,202,106,100,56,464,32,44,76,540
10/02/2010,ABQ,NM,ASW,WE,Combined TRACON& Tower with Radar,162,27,23,5,217,0,14,50,8,72,162,41,73,13,289,0,0,0,289
10/03/2010,ABQ,NM,ASW,WE,Combined TRACON& Tower with Radar,183,40,30,3,256,0,6,56,2,64,183,46,86,5,320,24,8,32,352
10/04/2010,ABQ,NM,ASW,WE,Combined TRACON& Tower with Radar,207,55,33,3,298,0,33,54,39,126,207,88,87,42,424,16,18,34,458
10/05/2010,ABQ,NM,ASW,WE,Combined TRACON& Tower with Radar,216,52,20,11,299,0,33,30,60,123,216,85,50,71,422,18,26,44,466
10/06/2010,ABQ,NM,ASW,WE,Combined TRACON& Tower with Radar,207,60,29,10,306,0,36,42,53,131,207,96,71,63,437,6,14,20,457
10/07/2010,ABQ,NM,ASW,WE,Combined TRACON& Tower with Radar,204,63,55,9,331,0,40,60,59,159,204,103,115,68,490,32,38,70,560
10/08/2010,ABQ,NM,ASW,WE,Combined TRACON& Tower with Radar,204,71,52,10,337,0,43,72,41,156,204,114,124,51,493,12,20,32,525
10/09/2010,ABQ,NM,ASW,WE,Combined TRACON& Tower with Radar,159,42,20,3,224,0,21,77,0,98,159,63,97,3,322,12,0,12,334
10/10/2010,ABQ,NM,ASW,WE,Combined TRACON& Tower with Radar,184,40,24,8,256,0,13,40,4,57,184,53,64,12,313,80,0,80,393
10/11/2010,ABQ,NM,ASW,WE,Combined TRACON& Tower with Radar,197,51,36,4,288,0,22,63,5,90,197,73,99,9,378,4,2,6,384
10/12/2010,ABQ,NM,ASW,WE,Combined TRACON& Tower with Radar,203,62,44,24,333,0,39,61,44,144,203,101,105,68,477,14,72,86,563
10/13/2010,ABQ,NM,ASW,WE,Combined TRACON& Tower with Radar,203,47,51,31,332,0,42,54,52,148,203,89,105,83,480,14,28,42,522
10/14/2010,ABQ,NM,ASW,WE,Combined TRACON& Tower with Radar,204,65,29,20,318,0,44,52,61,157,204,109,81,81,475,16,50,66,541
10/15/2010,ABQ,NM,ASW,WE,Combined TRACON& Tower with Radar,195,74,34,38,341,0,48,63,39,150,195,122,97,77,491,12,44,56,547
10/16/2010,ABQ,NM,ASW,WE,Combined TRACON& Tower with Radar,160,42,17,3,222,0,9,78,10,97,160,51,95,13,319,16,0,16,335
10/17/2010,ABQ,NM,ASW,WE,Combined TRACON& Tower with Radar,175,43,14,1,233,0,9,44,1,54,175,52,58,2,287,20,0,20,307
10/18/2010,ABQ,NM,ASW,WE,Combined TRACON& Tower with Radar,194,70,38,11,313,0,35,56,38,129,194,105,94,49,442,6,28,34,476
10/19/2010,ABQ,NM,ASW,WE,Combined TRACON& Tower with Radar,205,61,31,14,311,0,39,44,54,137,205,100,75,68,448,32,28,60,508
10/20/2010,ABQ,NM,ASW,WE,Combined TRACON& Tower with Radar,201,64,40,15,320,0,33,35,23,91,201,97,75,38,411,10,2,12,423
10/21/2010,ABQ,NM,ASW,WE,Combined TRACON& Tower with Radar,198,70,27,14,309,0,23,28,39,90,198,93,55,53,399,6,26,32,431
10/22/2010,ABQ,NM,ASW,WE,Combined TRACON& Tower with Radar,197,78,55,35,365,0,29,33,44,106,197,107,88,79,471,14,20,34,505
10/23/2010,ABQ,NM,ASW,WE,Combined TRACON& Tower with Radar,151,53,17,5,226,0,9,64,7,80,151,62,81,12,306,0,0,0,306
10/24/2010,ABQ,NM,ASW,WE,Combined TRACON& Tower with Radar,176,49,22,6,253,0,9,40,1,50,176,58,62,7,303,14,4,18,321
10/25/2010,ABQ,NM,ASW,WE,Combined TRACON& Tower with Radar,191,85,20,23,319,0,17,21,16,54,191,102,41,39,373,2,4,6,379
10/26/2010,ABQ,NM,ASW,WE,Combined TRACON& Tower with Radar,199,69,20,13,301,0,45,59,44,148,199,114,79,57,449,14,30,44,493
10/27/2010,ABQ,NM,ASW,WE,Combined TRACON& Tower with Radar,202,55,22,10,289,0,37,44,59,140,202,92,66,69,429,6,22,28,457
10/28/2010,ABQ,NM,ASW,WE,Combined TRACON& Tower with Radar,200,58,37,16,311,0,40,64,55,159,200,98,101,71,470,14,28,42,512
10/29/2010,ABQ,NM,ASW,WE,Combined TRACON& Tower with Radar,194,73,27,19,313,0,42,60,39,141,194,115,87,58,454,22,24,46,500
10/30/2010,ABQ,NM,ASW,WE,Combined TRACON& Tower with Radar,151,44,24,6,225,0,19,74,2,95,151,63,98,8,320,6,0,6,326
10/31/2010,ABQ,NM,ASW,WE,Combined TRACON& Tower with Radar,162,48,8,10,228,0,9,32,2,43,162,57,40,12,271,4,2,6,277
11/01/2010,ABQ,NM,ASW,WE,Combined TRACON& Tower with Radar,182,62,26,24,294,0,32,47,47,126,182,94,73,71,420,22,50,72,492
11/02/2010,ABQ,NM,ASW,WE,Combined TRACON& Tower with Radar,190,62,31,24,307,0,50,52,53,155,190,112,83,77,462,28,52,80,542
11/03/2010,ABQ,NM,ASW,WE,Combined TRACON& Tower with Radar,188,69,21,19,297,0,40,43,57,140,188,109,64,76,437,8,8,16,453
11/04/2010,ABQ,NM,ASW,WE,Combined TRACON& Tower with Radar,193,75,29,14,311,0,38,87,60,185,193,113,116,74,496,6,16,22,518
11/05/2010,ABQ,NM,ASW,WE,Combined TRACON& Tower with Radar,182,85,19,48,334,0,40,56,29,125,182,125,75,77,459,20,40,60,519
11/06/2010,ABQ,NM,ASW,WE,Combined TRACON& Tower with Radar,146,52,21,14,233,0,12,64,2,78,146,64,85,16,311,28,10,38,349
11/07/2010,ABQ,NM,ASW,WE,Combined TRACON& Tower with Radar,170,47,25,12,254,0,8,42,2,52,170,55,67,14,306,8,8,16,322
11/08/2010,ABQ,NM,ASW,WE,Combined TRACON& Tower with Radar,179,70,19,13,281,0,31,33,52,116,179,101,52,65,397,2,56,58,455
11/09/2010,ABQ,NM,ASW,WE,Combined TRACON& Tower with Radar,191,71,36,12,310,0,39,18,51,108,191,110,54,63,418,2,36,38,456
11/10/2010,ABQ,NM,ASW,WE,Combined TRACON& Tower with Radar,186,80,40,21,327,0,35,64,71,170,186,115,104,92,497,12,46,58,555
11/11/2010,ABQ,NM,ASW,WE,Combined TRACON& Tower with Radar,182,71,34,3,290,0,35,41,3,79,182,106,75,6,369,4,0,4,373
11/12/2010,ABQ,NM,ASW,WE,Combined TRACON& Tower with Radar,177,73,40,35,325,0,44,63,38,145,177,117,103,73,470,10,28,38,508
11/13/2010,ABQ,NM,ASW,WE,Combined TRACON& Tower with Radar,147,56,23,33,259,0,9,49,8,66,147,65,72,41,325,10,18,28,353
11/14/2010,ABQ,NM,ASW,WE,Combined TRACON& Tower with Radar,167,42,26,9,244,0,7,40,1,48,167,49,66,10,292,4,0,4,296
11/15/2010,ABQ,NM,ASW,WE,Combined TRACON& Tower with Radar,179,73,29,16,297,0,21,28,38,87,179,94,57,54,384,26,10,36,420
11/16/2010,ABQ,NM,ASW,WE,Combined TRACON& Tower with Radar,185,67,55,6,313,0,41,41,35,117,185,108,96,41,430,2,40,42,472
11/17/2010,ABQ,NM,ASW,WE,Combined TRACON& Tower with Radar,185,70,56,23,334,0,36,62,45,143,185,106,118,68,477,4,38,42,519
11/18/2010,ABQ,NM,ASW,WE,Combined TRACON& Tower with Radar,187,76,51,28,342,0,45,63,62,170,187,121,114,90,512,12,24,36,548
11/19/2010,ABQ,NM,ASW,WE,Combined TRACON& Tower with Radar,187,79,47,16,329,0,45,73,12,130,187,124,120,28,459,4,0,4,463
11/20/2010,ABQ,NM,ASW,WE,Combined TRACON& Tower with Radar,153,59,15,9,236,0,21,55,1,77,153,80,70,10,313,0,0,0,313
11/21/2010,ABQ,NM,ASW,WE,Combined TRACON& Tower with Radar,163,46,13,5,227,0,2,10,0,12,163,48,23,5,239,2,0,2,241
11/22/2010,ABQ,NM,ASW,WE,Combined TRACON& Tower with Radar,179,64,17,26,286,0,27,18,47,92,179,91,35,73,378,0,54,54,432
11/23/2010,ABQ,NM,ASW,WE,Combined TRACON& Tower with Radar,190,72,31,11,304,0,50,31,51,132,190,122,62,62,436,8,36,44,480
11/24/2010,ABQ,NM,ASW,WE,Combined TRACON& Tower with Radar,195,71,35,13,314,0,34,27,12,73,195,105,62,25,387,0,4,4,391
11/25/2010,ABQ,NM,ASW,WE,Combined TRACON& Tower with Radar,117,36,10,0,163,0,14,8,0,22,117,50,18,0,185,2,0,2,187
11/26/2010,ABQ,NM,ASW,WE,Combined TRACON& Tower with Radar,144,44,10,0,198,0,39,49,1,89,144,83,59,1,287,10,0,10,297
11/27/2010,ABQ,NM,ASW,WE,Combined TRACON& Tower with Radar,160,68,22,1,251,0,12,46,1,59,160,80,68,2,310,0,0,0,310
11/28/2010,ABQ,NM,ASW,WE,Combined TRACON& Tower with Radar,186,60,21,1,268,0,8,19,0,27,186,68,40,1,295,6,0,6,301
11/29/2010,ABQ,NM,ASW,WE,Combined TRACON& Tower with Radar,179,81,37,43,340,0,15,24,42,81,179,96,61,85,421,12,34,46,467
11/30/2010,ABQ,NM,ASW,WE,Combined TRACON& Tower with Radar,182,67,26,44,319,0,43,33,41,117,182,110,59,85,436,0,48,48,484
12/01/2010,ABQ,NM,ASW,WE,Combined TRACON& Tower with Radar,185,72,40,19,316,0,45,38,45,128,185,117,78,64,444,0,0,0,444
12/02/2010,ABQ,NM,ASW,WE,Combined TRACON& Tower with Radar,184,69,39,19,311,0,43,33,65,141,184,112,72,84,452,2,68,70,522
12/03/2010,ABQ,NM,ASW,WE,Combined TRACON& Tower with Radar,186,72,34,53,345,0,45,52,25,122,186,117,86,78,467,16,62,78,545
12/04/2010,ABQ,NM,ASW,WE,Combined TRACON& Tower with Radar,143,45,17,19,224,0,26,71,9,106,143,71,88,28,330,26,36,62,392
12/05/2010,ABQ,NM,ASW,WE,Combined TRACON& Tower with Radar,169,42,26,32,269,0,16,37,2,55,169,58,63,34,324,18,12,30,354
12/06/2010,ABQ,NM,ASW,WE,Combined TRACON& Tower with Radar,173,67,32,54,326,0,35,45,7,87,173,102,77,61,413,12,32,44,457
12/07/2010,ABQ,NM,ASW,WE,Combined TRACON& Tower with Radar,180,63,39,21,303,0,39,47,51,137,180,102,86,72,440,0,32,32,472
12/08/2010,ABQ,NM,ASW,WE,Combined TRACON& Tower with Radar,189,73,32,13,307,0,39,47,50,136,189,112,79,63,443,20,2,22,465
12/09/2010,ABQ,NM,ASW,WE,Combined TRACON& Tower with Radar,188,67,26,35,316,0,41,50,73,164,188,108,76,108,480,16,71,87,567
12/10/2010,ABQ,NM,ASW,WE,Combined TRACON& Tower with Radar,175,70,42,48,335,0,41,48,33,122,175,111,90,81,457,20,52,72,529
12/11/2010,ABQ,NM,ASW,WE,Combined TRACON& Tower with Radar,142,42,7,1,192,0,19,45,2,66,142,61,52,3,258,0,0,0,258
12/12/2010,ABQ,NM,ASW,WE,Combined TRACON& Tower with Radar,155,42,24,6,227,0,7,48,0,55,155,49,72,6,282,16,0,16,298
12/13/2010,ABQ,NM,ASW,WE,Combined TRACON& Tower with Radar,173,67,20,10,270,0,35,37,14,86,173,102,57,24,356,12,0,12,368
12/14/2010,ABQ,NM,ASW,WE,Combined TRACON& Tower with Radar,190,59,40,17,306,0,48,57,59,164,190,107,97,76,470,12,46,58,528
12/15/2010,ABQ,NM,ASW,WE,Combined TRACON& Tower with Radar,187,71,37,23,318,0,38,31,62,131,187,109,68,85,449,4,38,42,491
12/16/2010,ABQ,NM,ASW,WE,Combined TRACON& Tower with Radar,186,103,24,16,329,0,4,3,9,16,186,107,27,25,345,0,4,4,349
12/17/2010,ABQ,NM,ASW,WE,Combined TRACON& Tower with Radar,196,112,32,16,356,0,9,10,28,47,196,121,42,44,403,2,14,16,419
12/18/2010,ABQ,NM,ASW,WE,Combined TRACON& Tower with Radar,159,61,31,9,260,0,7,38,8,53,159,68,69,17,313,10,0,10,323
12/19/2010,ABQ,NM,ASW,WE,Combined TRACON& Tower with Radar,170,59,23,5,257,0,5,27,2,34,170,64,50,7,291,2,7,9,300
12/20/2010,ABQ,NM,ASW,WE,Combined TRACON& Tower with Radar,185,59,28,20,292,0,28,57,52,137,185,87,85,72,429,0,18,18,447
12/21/2010,ABQ,NM,ASW,WE,Combined TRACON& Tower with Radar,194,69,24,9,296,0,47,39,44,130,194,116,63,53,426,40,24,64,490
12/22/2010,ABQ,NM,ASW,WE,Combined TRACON& Tower with Radar,204,66,35,7,312,0,43,42,32,117,204,109,77,39,429,22,6,28,457
12/23/2010,ABQ,NM,ASW,WE,Combined TRACON& Tower with Radar,205,87,25,3,320,0,30,16,0,46,205,117,41,3,366,14,0,14,380
12/24/2010,ABQ,NM,ASW,WE,Combined TRACON& Tower with Radar,158,72,18,3,251,0,50,34,0,84,158,122,52,3,335,10,0,10,345
12/25/2010,ABQ,NM,ASW,WE,Combined TRACON& Tower with Radar,130,36,12,0,178,0,10,18,0,28,130,46,30,0,206,0,0,0,206
12/26/2010,ABQ,NM,ASW,WE,Combined TRACON& Tower with Radar,186,46,21,3,256,0,13,54,3,70,186,59,75,6,326,8,0,8,334
12/27/2010,ABQ,NM,ASW,WE,Combined TRACON& Tower with Radar,182,56,27,1,266,0,25,57,0,82,182,81,84,1,348,2,0,2,350
12/28/2010,ABQ,NM,ASW,WE,Combined TRACON& Tower with Radar,198,86,15,5,304,0,35,42,17,94,198,121,57,22,398,10,4,14,412
12/29/2010,ABQ,NM,ASW,WE,Combined TRACON& Tower with Radar,202,79,29,4,314,0,26,26,25,77,202,105,55,29,391,4,6,10,401
12/30/2010,ABQ,NM,ASW,WE,Combined TRACON& Tower with Radar,205,95,16,0,316,0,11,6,5,22,205,106,22,5,338,0,0,0,338
12/31/2010,ABQ,NM,ASW,WE,Combined TRACON& Tower with Radar,155,92,25,1,273,0,26,14,0,40,155,118,39,1,313,8,0,8,321
01/01/2011,ABQ,NM,ASW,WE,Combined TRACON& Tower with Radar,140,37,17,0,194,0,6,10,0,16,140,43,27,0,210,0,0,0,210
01/02/2011,ABQ,NM,ASW,WE,Combined TRACON& Tower with Radar,185,39,19,0,243,0,9,44,0,53,185,48,63,0,296,0,0,0,296
01/03/2011,ABQ,NM,ASW,WE,Combined TRACON& Tower with Radar,184,74,19,7,284,0,27,27,4,58,184,101,46,11,342,10,9,19,361
01/04/2011,ABQ,NM,ASW,WE,Combined TRACON& Tower with Radar,192,75,22,5,294,0,36,42,2,80,192,111,64,7,374,24,6,30,404
01/05/2011,ABQ,NM,ASW,WE,Combined TRACON& Tower with Radar,178,70,33,22,303,0,34,50,41,125,178,104,83,63,428,6,34,40,468
01/06/2011,ABQ,NM,ASW,WE,Combined TRACON& Tower with Radar,181,74,38,15,308,0,41,58,58,157,181,115,96,73,465,20,24,44,509
01/07/2011,ABQ,NM,ASW,WE,Combined TRACON& Tower with Radar,178,82,35,25,320,0,45,63,36,144,178,127,98,61,464,24,22,46,510
01/08/2011,ABQ,NM,ASW,WE,Combined TRACON& Tower with Radar,142,45,23,13,223,0,7,62,11,80,142,52,85,24,303,0,0,0,303
01/09/2011,ABQ,NM,ASW,WE,Combined TRACON& Tower with Radar,142,48,15,12,217,0,7,26,8,41,142,55,41,20,258,14,8,22,280
01/10/2011,ABQ,NM,ASW,WE,Combined TRACON& Tower with Radar,163,77,25,40,305,0,27,38,60,125,163,104,63,100,430,14,84,98,528
01/11/2011,ABQ,NM,ASW,WE,Combined TRACON& Tower with Radar,171,67,26,23,287,0,40,54,45,139,171,107,80,68,426,8,40,48,474
01/12/2011,ABQ,NM,ASW,WE,Combined TRACON& Tower with Radar,173,63,33,17,286,0,43,46,44,133,173,106,79,61,419,2,42,44,463
01/13/2011,ABQ,NM,ASW,WE,Combined TRACON& Tower with Radar,174,66,23,25,288,0,39,52,59,150,174,105,75,84,438,28,14,42,480
01/14/2011,ABQ,NM,ASW,WE,Combined TRACON& Tower with Radar,172,69,28,36,305,0,40,63,27,130,172,109,91,63,435,28,18,46,481
01/15/2011,ABQ,NM,ASW,WE,Combined TRACON& Tower with Radar,138,46,26,12,222,0,16,50,7,73,138,62,76,19,295,4,16,20,315
01/16/2011,ABQ,NM,ASW,WE,Combined TRACON& Tower with Radar,138,48,15,8,209,0,13,49,4,66,138,61,64,12,275,20,0,20,295
01/17/2011,ABQ,NM,ASW,WE,Combined TRACON& Tower with Radar,166,49,37,21,273,0,30,55,0,85,166,79,92,21,358,4,8,12,370
01/18/2011,ABQ,NM,ASW,WE,Combined TRACON& Tower with Radar,170,55,38,15,278,0,38,61,34,133,170,93,99,49,411,8,12,20,431
01/19/2011,ABQ,NM,ASW,WE,Combined TRACON& Tower with Radar,172,66,30,26,294,0,44,51,37,132,172,110,81,63,426,2,38,40,466
01/20/2011,ABQ,NM,ASW,WE,Combined TRACON& Tower with Radar,175,68,28,30,301,0,38,44,51,133,175,106,72,81,434,6,18,24,458
01/21/2011,ABQ,NM,ASW,WE,Combined TRACON& Tower with Radar,170,78,41,20,309,0,45,75,20,140,170,123,116,40,449,18,4,22,471
01/22/2011,ABQ,NM,ASW,WE,Combined TRACON& Tower with Radar,135,55,18,25,233,0,11,72,13,96,135,66,90,38,329,2,14,16,345
01/23/2011,ABQ,NM,ASW,WE,Combined TRACON& Tower with Radar,144,50,30,2,226,1,8,56,3,68,145,58,86,5,294,0,0,0,294
01/24/2011,ABQ,NM,ASW,WE,Combined TRACON& Tower with Radar,165,82,39,21,307,5,13,48,36,102,170,95,87,57,409,4,20,24,433
01/25/2011,ABQ,NM,ASW,WE,Combined TRACON& Tower with Radar,175,61,27,10,273,0,41,63,34,138,175,102,90,44,411,4,26,30,441
01/26/2011,ABQ,NM,ASW,WE,Combined TRACON& Tower with Radar,171,59,27,20,277,0,41,59,41,141,171,100,86,61,418,4,18,22,440
01/27/2011,ABQ,NM,ASW,WE,Combined TRACON& Tower with Radar,176,65,43,17,301,0,43,60,43,146,176,108,103,60,447,2,4,6,453
01/28/2011,ABQ,NM,ASW,WE,Combined TRACON& Tower with Radar,168,79,37,26,310,0,51,77,24,152,168,130,114,50,462,16,12,28,490
01/29/2011,ABQ,NM,ASW,WE,Combined TRACON& Tower with Radar,136,45,26,13,220,0,18,76,8,102,136,63,102,21,322,12,0,12,334
01/30/2011,ABQ,NM,ASW,WE,Combined TRACON& Tower with Radar,142,62,27,7,238,0,15,52,6,73,142,77,79,13,311,32,0,32,343
01/31/2011,ABQ,NM,ASW,WE,Combined TRACON& Tower with Radar,164,101,32,2,299,0,13,12,13,38,164,114,44,15,337,4,0,4,341
02/01/2011,ABQ,NM,ASW,WE,Combined TRACON& Tower with Radar,140,89,11,0,240,0,0,0,0,0,140,89,11,0,240,0,0,0,240
02/02/2011,ABQ,NM,ASW,WE,Combined TRACON& Tower with Radar,157,89,23,4,273,0,16,14,2,32,157,105,37,6,305,0,0,0,305
02/03/2011,ABQ,NM,ASW,WE,Combined TRACON& Tower with Radar,160,70,30,13,273,0,44,20,4,68,160,114,50,17,341,0,0,0,341
02/04/2011,ABQ,NM,ASW,WE,Combined TRACON& Tower with Radar,157,59,21,36,273,0,40,49,19,108,157,99,70,55,381,0,24,24,405
02/05/2011,ABQ,NM,ASW,WE,Combined TRACON& Tower with Radar,130,52,15,11,208,0,12,27,12,51,130,64,42,23,259,0,10,10,269
02/06/2011,ABQ,NM,ASW,WE,Combined TRACON& Tower with Radar,147,47,9,11,214,0,10,9,1,20,147,57,18,12,234,16,0,16,250
02/07/2011,ABQ,NM,ASW,WE,Combined TRACON& Tower with Radar,163,65,36,9,273,0,35,44,27,106,163,100,80,36,379,0,12,12,391
02/08/2011,ABQ,NM,ASW,WE,Combined TRACON& Tower with Radar,177,88,33,11,309,0,23,10,36,69,177,111,43,47,378,10,50,60,438
02/09/2011,ABQ,NM,ASW,WE,Combined TRACON& Tower with Radar,167,66,26,16,275,0,37,42,49,128,167,103,68,65,403,16,42,58,461
02/10/2011,ABQ,NM,ASW,WE,Combined TRACON& Tower with Radar,174,77,44,20,315,0,44,68,35,147,174,121,112,55,462,16,32,48,510
02/11/2011,ABQ,NM,ASW,WE,Combined TRACON& Tower with Radar,169,79,38,22,308,0,45,67,28,140,169,124,105,50,448,4,20,24,472
02/12/2011,ABQ,NM,ASW,WE,Combined TRACON& Tower with Radar,135,46,19,18,218,0,16,43,9,68,135,62,62,27,286,10,4,14,300
02/13/2011,ABQ,NM,ASW,WE,Combined TRACON& Tower with Radar,148,50,21,16,235,0,19,30,9,58,148,69,51,25,293,6,2,8,301
02/14/2011,ABQ,NM,ASW,WE,Combined TRACON& Tower with Radar,168,80,28,20,296,0,40,28,40,108,168,120,56,60,404,0,10,10,414
02/15/2011,ABQ,NM,ASW,WE,Combined TRACON& Tower with Radar,175,66,40,6,287,0,37,57,35,129,175,103,97,41,416,6,22,28,444
02/16/2011,ABQ,NM,ASW,WE,Combined TRACON& Tower with Radar,173,69,28,12,282,0,47,59,27,133,173,116,87,39,415,8,10,18,433
02/17/2011,ABQ,NM,ASW,WE,Combined TRACON& Tower with Radar,177,70,44,15,306,0,48,23,47,118,177,118,67,62,424,4,0,4,428
02/18/2011,ABQ,NM,ASW,WE,Combined TRACON& Tower with Radar,170,73,47,21,311,0,45,51,19,115,170,118,98,40,426,6,6,12,438
02/19/2011,ABQ,NM,ASW,WE,Combined TRACON& Tower with Radar,143,58,19,9,229,0,14,31,2,47,143,72,50,11,276,0,0,0,276
02/20/2011,ABQ,NM,ASW,WE,Combined TRACON& Tower with Radar,150,58,27,9,244,0,4,15,12,31,150,62,42,21,275,4,2,6,281
02/21/2011,ABQ,NM,ASW,WE,Combined TRACON& Tower with Radar,168,77,33,3,281,0,32,60,2,94,168,109,93,5,375,14,0,14,389
02/22/2011,ABQ,NM,ASW,WE,Combined TRACON& Tower with Radar,174,73,27,13,287,0,40,44,59,143,174,113,71,72,430,12,48,60,490
02/23/2011,ABQ,NM,ASW,WE,Combined TRACON& Tower with Radar,178,59,43,10,290,0,38,67,55,160,178,97,110,65,450,18,24,42,492
02/24/2011,ABQ,NM,ASW,WE,Combined TRACON& Tower with Radar,176,69,42,18,305,0,30,32,55,117,176,99,74,73,422,0,30,30,452
02/25/2011,ABQ,NM,ASW,WE,Combined TRACON& Tower with Radar,175,78,30,22,305,0,39,47,17,103,175,117,77,39,408,0,4,4,412
02/26/2011,ABQ,NM,ASW,WE,Combined TRACON& Tower with Radar,140,54,18,7,219,0,18,35,13,66,140,72,53,20,285,8,24,32,317
02/27/2011,ABQ,NM,ASW,WE,Combined TRACON& Tower with Radar,152,49,10,9,220,0,3,8,0,11,152,52,18,9,231,8,8,16,247
02/28/2011,ABQ,NM,ASW,WE,Combined TRACON& Tower with Radar,163,74,27,23,287,0,33,65,48,146,163,107,92,71,433,14,50,64,497
03/01/2011,ABQ,NM,ASW,WE,Combined TRACON& Tower with Radar,177,84,24,16,301,0,41,55,35,131,177,125,79,51,432,30,34,64,496
03/02/2011,ABQ,NM,ASW,WE,Combined TRACON& Tower with Radar,178,79,27,15,299,0,46,48,67,161,178,125,75,82,460,14,62,76,536
03/03/2011,ABQ,NM,ASW,WE,Combined TRACON& Tower with Radar,172,87,44,18,321,0,48,54,42,144,172,135,98,60,465,8,18,26,491
03/04/2011,ABQ,NM,ASW,WE,Combined TRACON& Tower with Radar,173,68,38,37,316,0,46,28,21,95,173,114,66,58,411,0,8,8,419
03/05/2011,ABQ,NM,ASW,WE,Combined TRACON& Tower with Radar,140,43,22,12,217,0,18,76,1,95,140,61,98,13,312,2,4,6,318
03/06/2011,ABQ,NM,ASW,WE,Combined TRACON& Tower with Radar,156,44,14,11,225,0,10,37,0,47,156,54,51,11,272,2,2,4,276
03/07/2011,ABQ,NM,ASW,WE,Combined TRACON& Tower with Radar,164,89,26,9,288,0,17,24,31,72,164,106,50,40,360,8,6,14,374
03/08/2011,ABQ,NM,ASW,WE,Combined TRACON& Tower with Radar,180,85,34,16,315,0,38,24,54,116,180,123,58,70,431,0,18,18,449
03/09/2011,ABQ,NM,ASW,WE,Combined TRACON& Tower with Radar,179,74,32,9,294,0,43,49,45,137,179,117,81,54,431,2,22,24,455
03/10/2011,ABQ,NM,ASW,WE,Combined TRACON& Tower with Radar,182,89,31,15,317,0,59,61,39,159,182,148,92,54,476,22,44,66,542
03/11/2011,ABQ,NM,ASW,WE,Combined TRACON& Tower with Radar,177,79,30,13,299,0,47,46,26,119,177,126,76,39,418,8,6,14,432
03/12/2011,ABQ,NM,ASW,WE,Combined TRACON& Tower with Radar,150,49,21,10,230,0,21,74,2,97,150,70,95,12,327,38,6,44,371
03/13/2011,ABQ,NM,ASW,WE,Combined TRACON& Tower with Radar,159,40,12,6,217,0,13,27,4,44,159,53,39,10,261,14,0,14,275
03/14/2011,ABQ,NM,ASW,WE,Combined TRACON& Tower with Radar,170,71,27,10,278,0,33,76,33,142,170,104,103,43,420,12,28,40,460
03/15/2011,ABQ,NM,ASW,WE,Combined TRACON& Tower with Radar,181,79,23,17,300,0,47,44,40,131,181,126,67,57,431,16,32,48,479
03/16/2011,ABQ,NM,ASW,WE,Combined TRACON& Tower with Radar,189,81,17,6,293,0,37,47,53,137,189,118,64,59,430,4,46,50,480
03/17/2011,ABQ,NM,ASW,WE,Combined TRACON& Tower with Radar,188,77,29,11,305,0,46,31,39,116,188,123,60,50,421,18,8,26,447
03/18/2011,ABQ,NM,ASW,WE,Combined TRACON& Tower with Radar,176,75,34,30,315,0,39,54,24,117,176,114,88,54,432,2,14,16,448
03/19/2011,ABQ,NM,ASW,WE,Combined TRACON& Tower with Radar,154,52,24,13,243,0,12,42,7,61,154,64,66,20,304,14,0,14,318
03/20/2011,ABQ,NM,ASW,WE,Combined TRACON& Tower with Radar,163,43,27,10,243,0,11,41,1,53,163,54,68,11,296,12,0,12,308
03/21/2011,ABQ,NM,ASW,WE,Combined TRACON& Tower with Radar,175,77,22,13,287,0,27,30,17,74,175,104,52,30,361,20,16,36,397
03/22/2011,ABQ,NM,ASW,WE,Combined TRACON& Tower with Radar,187,84,30,15,316,0,32,14,43,89,187,116,44,58,405,8,40,48,453
03/23/2011,ABQ,NM,ASW,WE,Combined TRACON& Tower with Radar,183,72,46,19,320,0,36,61,49,146,183,108,107,68,466,14,18,32,498
03/24/2011,ABQ,NM,ASW,WE,Combined TRACON& Tower with Radar,178,72,27,29,306,0,43,30,43,116,178,115,57,72,422,4,30,34,456
03/25/2011,ABQ,NM,ASW,WE,Combined TRACON& Tower with Radar,175,70,35,37,317,0,49,45,29,123,175,119,80,66,440,8,38,46,486
03/26/2011,ABQ,NM,ASW,WE,Combined TRACON& Tower with Radar,150,54,27,16,247,0,19,60,3,82,150,73,87,19,329,2,10,12,341
03/27/2011,ABQ,NM,ASW,WE,Combined TRACON& Tower with Radar,159,43,27,2,231,0,9,40,3,52,159,52,67,5,283,4,0,4,287
03/28/2011,ABQ,NM,ASW,WE,Combined TRACON& Tower with Radar,173,77,25,27,302,0,31,51,41,123,173,108,76,68,425,2,4,6,431
03/29/2011,ABQ,NM,ASW,WE,Combined TRACON& Tower with Radar,184,63,29,12,288,0,37,60,39,136,184,100,89,51,424,0,32,32,456
03/30/2011,ABQ,NM,ASW,WE,Combined TRACON& Tower with Radar,181,74,20,15,290,0,38,40,48,126,181,112,60,63,416,10,46,56,472
03/31/2011,ABQ,NM,ASW,WE,Combined TRACON& Tower with Radar,184,81,25,7,297,0,46,31,38,115,184,127,56,45,412,0,42,42,454
04/01/2011,ABQ,NM,ASW,WE,Combined TRACON& Tower with Radar,174,84,26,12,296,0,40,47,25,112,174,124,73,37,408,12,0,12,420
04/02/2011,ABQ,NM,ASW,WE,Combined TRACON& Tower with Radar,139,46,22,11,218,0,15,53,0,68,139,61,75,11,286,18,8,26,312
04/03/2011,ABQ,NM,ASW,WE,Combined TRACON& Tower with Radar,153,45,8,7,213,0,5,20,3,28,153,50,28,10,241,10,4,14,255
04/04/2011,ABQ,NM,ASW,WE,Combined TRACON& Tower with Radar,170,71,38,25,304,0,40,45,43,128,170,111,83,68,432,4,36,40,472
04/05/2011,ABQ,NM,ASW,WE,Combined TRACON& Tower with Radar,178,69,14,8,269,0,32,53,28,113,178,101,67,36,382,34,16,50,432
04/06/2011,ABQ,NM,ASW,WE,Combined TRACON& Tower with Radar,185,73,42,8,308,0,39,43,30,112,185,112,85,38,420,0,28,28,448
04/07/2011,ABQ,NM,ASW,WE,Combined TRACON& Tower with Radar,182,78,33,20,313,0,28,34,52,114,182,106,67,72,427,12,74,86,513
04/08/2011,ABQ,NM,ASW,WE,Combined TRACON& Tower with Radar,184,80,26,16,306,0,39,23,37,99,184,119,49,53,405,0,34,34,439
04/09/2011,ABQ,NM,ASW,WE,Combined TRACON& Tower with Radar,145,56,12,12,225,0,12,18,2,32,145,68,30,14,257,0,0,0,257
04/10/2011,ABQ,NM,ASW,WE,Combined TRACON& Tower with Radar,161,54,18,8,241,0,6,25,6,37,161,60,43,14,278,8,6,14,292
04/11/2011,ABQ,NM,ASW,WE,Combined TRACON& Tower with Radar,176,67,27,16,286,0,32,49,40,121,176,99,76,56,407,4,30,34,441
04/12/2011,ABQ,NM,ASW,WE,Combined TRACON& Tower with Radar,180,63,23,11,277,0,36,39,42,117,180,99,62,53,394,0,16,16,410
04/13/2011,ABQ,NM,ASW,WE,Combined TRACON& Tower with Radar,180,64,27,10,281,0,40,53,63,156,180,104,80,73,437,10,28,38,475
04/14/2011,ABQ,NM,ASW,WE,Combined TRACON& Tower with Radar,182,85,28,13,308,1,38,26,47,112,183,123,54,60,420,2,12,14,434
04/15/2011,ABQ,NM,ASW,WE,Combined TRACON& Tower with Radar,177,76,29,35,317,0,39,45,46,130,177,115,74,81,447,0,60,60,507
04/16/2011,ABQ,NM,ASW,WE,Combined TRACON& Tower with Radar,150,46,17,5,218,0,18,75,22,115,150,64,92,27,333,14,12,26,359
04/17/2011,ABQ,NM,ASW,WE,Combined TRACON& Tower with Radar,163,62,16,12,253,0,12,43,8,63,163,74,59,20,316,30,2,32,348
04/18/2011,ABQ,NM,ASW,WE,Combined TRACON& Tower with Radar,178,71,26,22,297,0,31,34,10,75,178,102,60,32,372,12,8,20,392
04/19/2011,ABQ,NM,ASW,WE,Combined TRACON& Tower with Radar,177,70,24,18,289,0,37,23,45,105,177,107,47,63,394,20,22,42,436
04/20/2011,ABQ,NM,ASW,WE,Combined TRACON& Tower with Radar,184,86,31,7,308,0,41,47,50,138,184,127,78,57,446,0,26,26,472
04/21/2011,ABQ,NM,ASW,WE,Combined TRACON& Tower with Radar,179,88,18,20,305,0,50,41,67,158,179,138,59,87,463,6,24,30,493
04/22/2011,ABQ,NM,ASW,WE,Combined TRACON& Tower with Radar,184,75,18,12,289,0,43,51,89,183,184,118,69,101,472,4,4,8,480
04/23/2011,ABQ,NM,ASW,WE,Combined TRACON& Tower with Radar,151,64,9,12,236,0,9,46,5,60,151,73,55,17,296,2,4,6,302
04/24/2011,ABQ,NM,ASW,WE,Combined TRACON& Tower with Radar,152,56,22,3,233,0,7,17,0,24,152,63,39,3,257,16,0,16,273
04/25/2011,ABQ,NM,ASW,WE,Combined TRACON& Tower with Radar,183,85,15,25,308,0,25,26,32,83,183,110,41,57,391,4,14,18,409
04/26/2011,ABQ,NM,ASW,WE,Combined TRACON& Tower with Radar,183,79,19,13,294,0,34,12,26,72,183,113,31,39,366,19,64,83,449
04/27/2011,ABQ,NM,ASW,WE,Combined TRACON& Tower with Radar,196,82,31,15,324,0,39,33,46,118,196,121,64,61,442,12,48,60,502
04/28/2011,ABQ,NM,ASW,WE,Combined TRACON& Tower with Radar,191,86,33,19,329,0,33,62,26,121,191,119,95,45,450,24,22,46,496
04/29/2011,ABQ,NM,ASW,WE,Combined TRACON& Tower with Radar,190,89,27,52,358,0,36,36,30,102,190,125,63,82,460,0,62,62,522
04/30/2011,ABQ,NM,ASW,WE,Combined TRACON& Tower with Radar,158,59,41,8,266,0,9,50,2,61,158,68,91,10,327,12,6,18,345
05/01/2011,ABQ,NM,ASW,WE,Combined TRACON& Tower with Radar,169,62,21,9,261,0,13,12,1,26,169,75,33,10,287,0,0,0,287
05/02/2011,ABQ,NM,ASW,WE,Combined TRACON& Tower with Radar,184,80,32,8,304,0,22,34,10,66,184,102,66,18,370,4,10,14,384
05/03/2011,ABQ,NM,ASW,WE,Combined TRACON& Tower with Radar,191,72,26,17,306,0,29,39,30,98,191,101,65,47,404,0,0,0,404
05/04/2011,ABQ,NM,ASW,WE,Combined TRACON& Tower with Radar,196,79,30,12,317,0,39,43,52,134,196,118,73,64,451,14,16,30,481
05/05/2011,ABQ,NM,ASW,WE,Combined TRACON& Tower with Radar,189,78,41,12,320,0,39,65,59,163,189,117,106,71,483,10,36,46,529
05/06/2011,ABQ,NM,ASW,WE,Combined TRACON& Tower with Radar,190,83,47,17,337,0,42,66,49,157,190,125,113,66,494,10,28,38,532
05/07/2011,ABQ,NM,ASW,WE,Combined TRACON& Tower with Radar,161,52,17,6,236,0,9,69,3,81,161,61,86,9,317,18,4,22,339
05/08/2011,ABQ,NM,ASW,WE,Combined TRACON& Tower with Radar,181,55,16,10,262,0,9,30,0,39,181,64,46,10,301,26,4,30,331
05/09/2011,ABQ,NM,ASW,WE,Combined TRACON& Tower with Radar,190,68,32,17,307,0,23,27,9,59,190,91,59,26,366,2,6,8,374
05/10/2011,ABQ,NM,ASW,WE,Combined TRACON& Tower with Radar,191,63,24,10,288,0,33,31,51,115,191,96,55,61,403,56,84,140,543
05/11/2011,ABQ,NM,ASW,WE,Combined TRACON& Tower with Radar,183,76,29,18,306,0,35,27,49,111,183,111,56,67,417,4,42,46,463
05/12/2011,ABQ,NM,ASW,WE,Combined TRACON& Tower with Radar,203,81,77,16,377,0,44,41,53,138,203,125,118,69,515,38,58,96,611
05/13/2011,ABQ,NM,ASW,WE,Combined TRACON& Tower with Radar,191,87,50,18,346,0,34,80,33,147,191,121,130,51,493,22,34,56,549
05/14/2011,ABQ,NM,ASW,WE,Combined TRACON& Tower with Radar,163,59,37,8,267,0,12,28,6,46,163,71,65,14,313,10,30,40,353
05/15/2011,ABQ,NM,ASW,WE,Combined TRACON& Tower with Radar,173,59,49,7,288,0,6,43,6,55,173,65,92,13,343,6,0,6,349
05/16/2011,ABQ,NM,ASW,WE,Combined TRACON& Tower with Radar,192,74,19,14,299,0,30,35,24,89,192,104,54,38,388,6,26,32,420
05/17/2011,ABQ,NM,ASW,WE,Combined TRACON& Tower with Radar,193,71,45,14,323,0,43,35,50,128,193,114,80,64,451,22,34,56,507
05/18/2011,ABQ,NM,ASW,WE,Combined TRACON& Tower with Radar,192,65,27,16,300,0,44,20,34,98,192,109,47,50,398,10,14,24,422
05/19/2011,ABQ,NM,ASW,WE,Combined TRACON& Tower with Radar,195,86,28,36,345,0,21,18,42,81,195,107,46,78,426,6,32,38,464
05/20/2011,ABQ,NM,ASW,WE,Combined TRACON& Tower with Radar,182,90,36,28,336,0,38,29,39,106,182,128,65,67,442,12,22,34,476
05/21/2011,ABQ,NM,ASW,WE,Combined TRACON& Tower with Radar,156,57,24,24,261,0,14,52,6,72,156,71,76,30,333,44,0,44,377
05/22/2011,ABQ,NM,ASW,WE,Combined TRACON& Tower with Radar,175,54,17,24,270,0,12,82,2,96,175,66,99,26,366,32,12,44,410
05/23/2011,ABQ,NM,ASW,WE,Combined TRACON& Tower with Radar,187,62,20,1,270,0,38,29,30,97,187,100,49,31,367,2,6,8,375
05/24/2011,ABQ,NM,ASW,WE,Combined TRACON& Tower with Radar,200,70,35,3,308,0,45,40,30,115,200,115,75,33,423,6,26,32,455
05/25/2011,ABQ,NM,ASW,WE,Combined TRACON& Tower with Radar,192,90,16,7,305,0,19,27,24,70,192,109,43,31,375,12,18,30,405
05/26/2011,ABQ,NM,ASW,WE,Combined TRACON& Tower with Radar,195,87,15,7,304,0,20,25,18,63,195,107,40,25,367,10,24,34,401
05/27/2011,ABQ,NM,ASW,WE,Combined TRACON& Tower with Radar,191,107,24,2,324,0,21,41,25,87,191,128,65,27,411,26,22,48,459
05/28/2011,ABQ,NM,ASW,WE,Combined TRACON& Tower with Radar,156,65,59,14,294,0,6,17,1,24,156,71,76,15,318,6,12,18,336
05/29/2011,ABQ,NM,ASW,WE,Combined TRACON& Tower with Radar,173,56,93,3,325,0,9,6,0,15,173,65,99,3,340,2,0,2,342
05/30/2011,ABQ,NM,ASW,WE,Combined TRACON& Tower with Radar,182,90,26,5,303,0,11,22,0,33,182,101,48,5,336,16,0,16,352
05/31/2011,ABQ,NM,ASW,WE,Combined TRACON& Tower with Radar,188,58,29,12,287,0,35,50,34,119,188,93,79,46,406,66,16,82,488
06/01/2011,ABQ,NM,ASW,WE,Combined TRACON& Tower with Radar,189,69,27,9,294,0,42,39,58,139,189,111,66,67,433,8,30,38,471
06/02/2011,ABQ,NM,ASW,WE,Combined TRACON& Tower with Radar,193,73,31,13,310,0,37,59,34,130,193,110,90,47,440,8,18,26,466
06/03/2011,ABQ,NM,ASW,WE,Combined TRACON& Tower with Radar,193,74,40,21,328,0,39,68,12,119,193,113,108,33,447,26,10,36,483
06/04/2011,ABQ,NM,ASW,WE,Combined TRACON& Tower with Radar,158,53,18,5,234,0,15,47,3,65,158,68,65,8,299,16,0,16,315
06/05/2011,ABQ,NM,ASW,WE,Combined TRACON& Tower with Radar,182,58,32,11,283,0,10,38,1,49,182,68,70,12,332,10,2,12,344
06/06/2011,ABQ,NM,ASW,WE,Combined TRACON& Tower with Radar,172,85,31,8,296,0,24,29,24,77,172,109,60,32,373,14,12,26,399
06/07/2011,ABQ,NM,ASW,WE,Combined TRACON& Tower with Radar,196,80,28,8,312,0,37,33,41,111,196,117,61,49,423,4,58,62,485
06/08/2011,ABQ,NM,ASW,WE,Combined TRACON& Tower with Radar,195,72,28,16,311,0,37,26,34,97,195,109,54,50,408,2,44,46,454
06/09/2011,ABQ,NM,ASW,WE,Combined TRACON& Tower with Radar,194,64,36,13,307,0,31,41,36,108,194,95,77,49,415,16,22,38,453
06/10/2011,ABQ,NM,ASW,WE,Combined TRACON& Tower with Radar,197,79,40,22,338,0,48,77,39,164,197,127,117,61,502,14,86,100,602
06/11/2011,ABQ,NM,ASW,WE,Combined TRACON& Tower with Radar,182,58,36,7,283,0,16,50,5,71,182,74,86,12,354,20,0,20,374
06/12/2011,ABQ,NM,ASW,WE,Combined TRACON& Tower with Radar,190,57,23,9,279,0,9,46,1,56,190,66,69,10,335,12,0,12,347
06/13/2011,ABQ,NM,ASW,WE,Combined TRACON& Tower with Radar,190,59,19,14,282,0,33,58,32,123,190,92,77,46,405,0,16,16,421
06/14/2011,ABQ,NM,ASW,WE,Combined TRACON& Tower with Radar,206,72,28,24,330,0,39,37,38,114,206,111,65,62,444,10,26,36,480
06/15/2011,ABQ,NM,ASW,WE,Combined TRACON& Tower with Radar,203,75,42,18,338,0,47,75,38,160,203,122,117,56,498,16,10,26,524
06/16/2011,ABQ,NM,ASW,WE,Combined TRACON& Tower with Radar,204,65,30,11,310,0,44,59,43,146,204,109,89,54,456,10,18,28,484
06/17/2011,ABQ,NM,ASW,WE,Combined TRACON& Tower with Radar,199,67,30,13,309,0,43,42,45,130,199,110,72,58,439,0,26,26,465
06/18/2011,ABQ,NM,ASW,WE,Combined TRACON& Tower with Radar,167,55,23,12,257,0,16,51,33,100,167,71,74,45,357,6,4,10,367
06/19/2011,ABQ,NM,ASW,WE,Combined TRACON& Tower with Radar,191,48,28,3,270,0,13,37,23,73,191,61,65,26,343,0,0,0,343
06/20/2011,ABQ,NM,ASW,WE,Combined TRACON& Tower with Radar,189,67,33,19,308,0,27,35,48,110,189,94,68,67,418,16,22,38,456
06/21/2011,ABQ,NM,ASW,WE,Combined TRACON& Tower with Radar,207,67,32,8,314,0,37,50,65,152,207,104,82,73,466,22,22,44,510
06/22/2011,ABQ,NM,ASW,WE,Combined TRACON& Tower with Radar,203,75,34,10,322,0,45,58,82,185,203,120,92,92,507,8,42,50,557
06/23/2011,ABQ,NM,ASW,WE,Combined TRACON& Tower with Radar,206,85,19,21,331,0,37,66,44,147,206,122,85,65,478,0,8,8,486
06/24/2011,ABQ,NM,ASW,WE,Combined TRACON& Tower with Radar,198,64,26,19,307,0,44,62,59,165,198,108,88,78,472,12,0,12,484
06/25/2011,ABQ,NM,ASW,WE,Combined TRACON& Tower with Radar,175,48,21,19,263,0,15,69,31,115,175,63,90,50,378,24,0,24,402
06/26/2011,ABQ,NM,ASW,WE,Combined TRACON& Tower with Radar,184,46,18,19,267,0,18,67,34,119,184,64,85,53,386,28,2,30,416
06/27/2011,ABQ,NM,ASW,WE,Combined TRACON& Tower with Radar,196,62,37,9,304,0,31,82,66,179,196,93,119,75,483,6,20,26,509
06/28/2011,ABQ,NM,ASW,WE,Combined TRACON& Tower with Radar,201,81,25,14,321,0,38,64,60,162,201,119,89,74,483,6,58,64,547
06/29/2011,ABQ,NM,ASW,WE,Combined TRACON& Tower with Radar,210,69,22,12,313,0,39,71,41,151,210,108,93,53,464,2,10,12,476
06/30/2011,ABQ,NM,ASW,WE,Combined TRACON& Tower with Radar,207,70,31,12,320,0,43,88,66,197,207,113,119,78,517,10,44,54,571
07/01/2011,ABQ,NM,ASW,WE,Combined TRACON& Tower with Radar,201,68,28,2,299,0,39,86,35,160,201,107,114,37,459,16,20,36,495
07/02/2011,ABQ,NM,ASW,WE,Combined TRACON& Tower with Radar,160,63,22,1,246,0,13,98,23,134,160,76,120,24,380,24,0,24,404
07/03/2011,ABQ,NM,ASW,WE,Combined TRACON& Tower with Radar,133,41,6,1,181,0,6,39,12,57,133,47,45,13,238,34,0,34,272
07/04/2011,ABQ,NM,ASW,WE,Combined TRACON& Tower with Radar,170,47,12,6,235,0,11,52,4,67,170,58,64,10,302,10,0,10,312
07/05/2011,ABQ,NM,ASW,WE,Combined TRACON& Tower with Radar,194,60,20,4,278,0,36,48,27,111,194,96,68,31,389,12,4,16,405
07/06/2011,ABQ,NM,ASW,WE,Combined TRACON& Tower with Radar,203,72,24,17,316,0,41,87,115,243,203,113,111,132,559,18,30,48,607
07/07/2011,ABQ,NM,ASW,WE,Combined TRACON& Tower with Radar,211,74,31,12,328,0,39,89,83,211,211,113,120,95,539,26,24,50,589
07/08/2011,ABQ,NM,ASW,WE,Combined TRACON& Tower with Radar,194,72,25,34,325,0,36,78,98,212,194,108,103,132,537,18,22,40,577
07/09/2011,ABQ,NM,ASW,WE,Combined TRACON& Tower with Radar,171,43,13,4,231,0,15,85,36,136,171,58,98,40,367,10,0,10,377
07/10/2011,ABQ,NM,ASW,WE,Combined TRACON& Tower with Radar,181,50,26,5,262,0,9,59,9,77,181,59,85,14,339,8,6,14,353
07/11/2011,ABQ,NM,ASW,WE,Combined TRACON& Tower with Radar,188,66,16,7,277,0,25,53,33,111,188,91,69,40,388,42,6,48,436
07/12/2011,ABQ,NM,ASW,WE,Combined TRACON& Tower with Radar,198,77,19,9,303,0,33,41,70,144,198,110,60,79,447,12,76,88,535
07/13/2011,ABQ,NM,ASW,WE,Combined TRACON& Tower with Radar,200,63,32,16,311,0,28,62,32,122,200,91,94,48,433,10,12,22,455
07/14/2011,ABQ,NM,ASW,WE,Combined TRACON& Tower with Radar,211,84,31,12,338,0,38,105,52,195,211,122,136,64,533,8,20,28,561
07/15/2011,ABQ,NM,ASW,WE,Combined TRACON& Tower with Radar,202,79,39,8,328,0,42,108,43,193,202,121,147,51,521,52,20,72,593
07/16/2011,ABQ,NM,ASW,WE,Combined TRACON& Tower with Radar,168,49,27,8,252,2,21,67,18,108,170,70,94,26,360,38,0,38,398
07/17/2011,ABQ,NM,ASW,WE,Combined TRACON& Tower with Radar,184,59,17,4,264,10,14,40,0,64,194,73,57,4,328,26,0,26,354
07/18/2011,ABQ,NM,ASW,WE,Combined TRACON& Tower with Radar,185,73,21,6,285,2,32,47,30,111,187,105,68,36,396,26,8,34,430
07/19/2011,ABQ,NM,ASW,WE,Combined TRACON& Tower with Radar,201,74,29,6,310,0,39,43,45,127,201,113,72,51,437,52,46,98,535
07/20/2011,ABQ,NM,ASW,WE,Combined TRACON& Tower with Radar,204,78,30,12,324,0,35,45,50,130,204,113,75,62,454,4,22,26,480
07/21/2011,ABQ,NM,ASW,WE,Combined TRACON& Tower with Radar,198,79,37,14,328,0,41,67,23,131,198,120,104,37,459,0,26,26,485
07/22/2011,ABQ,NM,ASW,WE,Combined TRACON& Tower with Radar,193,80,26,13,312,0,42,48,40,130,193,122,74,53,442,16,12,28,470
07/23/2011,ABQ,NM,ASW,WE,Combined TRACON& Tower with Radar,163,44,17,5,229,0,18,61,10,89,163,62,78,15,318,2,0,2,320
07/24/2011,ABQ,NM,ASW,WE,Combined TRACON& Tower with Radar,183,53,20,3,259,0,9,50,1,60,183,62,70,4,319,4,0,4,323
07/25/2011,ABQ,NM,ASW,WE,Combined TRACON& Tower with Radar,185,68,27,12,292,0,34,46,25,105,185,102,73,37,397,24,16,40,437
07/26/2011,ABQ,NM,ASW,WE,Combined TRACON& Tower with Radar,198,85,43,12,338,0,48,56,45,149,198,133,99,57,487,34,28,62,549
07/27/2011,ABQ,NM,ASW,WE,Combined TRACON& Tower with Radar,200,78,45,5,328,0,38,50,29,117,200,116,95,34,445,10,10,20,465
07/28/2011,ABQ,NM,ASW,WE,Combined TRACON& Tower with Radar,198,82,30,3,313,0,44,64,27,135,198,126,94,30,448,18,4,22,470
07/29/2011,ABQ,NM,ASW,WE,Combined TRACON& Tower with Radar,197,82,31,20,330,0,31,48,31,110,197,113,79,51,440,22,14,36,476
07/30/2011,ABQ,NM,ASW,WE,Combined TRACON& Tower with Radar,167,54,19,5,245,0,10,48,6,64,167,64,67,11,309,24,0,24,333
07/31/2011,ABQ,NM,ASW,WE,Combined TRACON& Tower with Radar,181,47,16,1,245,0,12,35,9,56,181,59,51,10,301,16,2,18,319
08/01/2011,ABQ,NM,ASW,WE,Combined TRACON& Tower with Radar,194,58,19,11,282,0,31,29,40,100,194,89,48,51,382,0,26,26,408
08/02/2011,ABQ,NM,ASW,WE,Combined TRACON& Tower with Radar,200,78,26,13,317,0,49,48,45,142,200,127,74,58,459,34,24,58,517
08/03/2011,ABQ,NM,ASW,WE,Combined TRACON& Tower with Radar,203,76,37,9,325,0,36,36,35,107,203,112,73,44,432,12,26,38,470
08/04/2011,ABQ,NM,ASW,WE,Combined TRACON& Tower with Radar,205,71,34,15,325,0,42,65,57,164,205,113,99,72,489,26,32,58,547
08/05/2011,ABQ,NM,ASW,WE,Combined TRACON& Tower with Radar,200,86,25,17,328,0,47,54,35,136,200,133,79,52,464,18,26,44,508
08/06/2011,ABQ,NM,ASW,WE,Combined TRACON& Tower with Radar,165,61,27,9,262,0,14,44,10,68,165,75,71,19,330,60,4,64,394
08/07/2011,ABQ,NM,ASW,WE,Combined TRACON& Tower with Radar,179,54,12,14,259,0,10,52,2,64,179,64,64,16,323,22,4,26,349
08/08/2011,ABQ,NM,ASW,WE,Combined TRACON& Tower with Radar,193,67,25,4,289,0,36,66,1,103,193,103,91,5,392,10,2,12,404
08/09/2011,ABQ,NM,ASW,WE,Combined TRACON& Tower with Radar,196,72,24,18,310,0,38,49,40,127,196,110,73,58,437,36,16,52,489
08/10/2011,ABQ,NM,ASW,WE,Combined TRACON& Tower with Radar,207,80,49,11,347,0,37,43,58,138,207,117,92,69,485,8,30,38,523
08/11/2011,ABQ,NM,ASW,WE,Combined TRACON& Tower with Radar,204,81,43,18,346,0,32,43,66,141,204,113,86,84,487,24,42,66,553
08/12/2011,ABQ,NM,ASW,WE,Combined TRACON& Tower with Radar,199,75,36,8,318,0,41,66,66,173,199,116,102,74,491,20,36,56,547
08/13/2011,ABQ,NM,ASW,WE,Combined TRACON& Tower with Radar,167,47,22,16,252,0,17,44,12,73,167,64,66,28,325,28,20,48,373
08/14/2011,ABQ,NM,ASW,WE,Combined TRACON& Tower with Radar,174,50,29,11,264,0,11,51,8,70,174,61,80,19,334,26,8,34,368
08/15/2011,ABQ,NM,ASW,WE,Combined TRACON& Tower with Radar,190,73,24,12,299,0,27,40,47,114,190,100,64,59,413,18,24,42,455
08/16/2011,ABQ,NM,ASW,WE,Combined TRACON& Tower with Radar,211,59,29,15,314,0,39,25,50,114,211,98,54,65,428,6,10,16,444
08/17/2011,ABQ,NM,ASW,WE,Combined TRACON& Tower with Radar,211,62,38,8,319,0,31,38,52,121,211,93,76,60,440,2,28,30,470
08/18/2011,ABQ,NM,ASW,WE,Combined TRACON& Tower with Radar,212,55,23,11,301,0,32,40,52,124,212,87,63,63,425,38,40,78,503
08/19/2011,ABQ,NM,ASW,WE,Combined TRACON& Tower with Radar,204,53,30,10,297,0,42,57,45,144,204,95,87,55,441,18,24,42,483
08/20/2011,ABQ,NM,ASW,WE,Combined TRACON& Tower with Radar,156,48,21,9,234,0,17,63,22,102,156,65,84,31,336,26,30,56,392
08/21/2011,ABQ,NM,ASW,WE,Combined TRACON& Tower with Radar,180,37,18,13,248,0,12,47,12,71,180,49,65,25,319,10,0,10,329
08/22/2011,ABQ,NM,ASW,WE,Combined TRACON& Tower with Radar,200,56,40,10,306,0,31,42,34,107,200,87,82,44,413,30,12,42,455
08/23/2011,ABQ,NM,ASW,WE,Combined TRACON& Tower with Radar,207,59,28,13,307,0,45,52,48,145,207,104,80,61,452,44,58,102,554
08/24/2011,ABQ,NM,ASW,WE,Combined TRACON& Tower with Radar,213,56,31,20,320,0,40,35,24,99,213,96,66,44,419,26,16,42,461
08/25/2011,ABQ,NM,ASW,WE,Combined TRACON& Tower with Radar,204,71,41,23,339,0,37,46,41,124,204,108,87,64,463,12,48,60,523
08/26/2011,ABQ,NM,ASW,WE,Combined TRACON& Tower with Radar,208,58,23,27,316,0,38,50,21,109,208,96,73,48,425,18,12,30,455
08/27/2011,ABQ,NM,ASW,WE,Combined TRACON& Tower with Radar,155,42,14,24,235,0,18,47,12,77,155,60,61,36,312,16,12,28,340
08/28/2011,ABQ,NM,ASW,WE,Combined TRACON& Tower with Radar,178,45,12,12,247,0,8,59,3,70,178,53,71,15,317,18,12,30,347
08/29/2011,ABQ,NM,ASW,WE,Combined TRACON& Tower with Radar,189,58,20,19,286,0,29,38,26,93,189,87,58,45,379,20,10,30,409
08/30/2011,ABQ,NM,ASW,WE,Combined TRACON& Tower with Radar,194,56,31,8,289,0,40,47,38,125,194,96,78,46,414,14,28,42,456
08/31/2011,ABQ,NM,ASW,WE,Combined TRACON& Tower with Radar,201,68,28,14,311,0,41,37,41,119,201,109,65,55,430,8,32,40,470
09/01/2011,ABQ,NM,ASW,WE,Combined TRACON& Tower with Radar,198,68,21,16,303,0,33,56,53,142,198,101,77,69,445,6,34,40,485
09/02/2011,ABQ,NM,ASW,WE,Combined TRACON& Tower with Radar,200,64,26,16,306,0,39,51,53,143,200,103,77,69,449,32,40,72,521
09/03/2011,ABQ,NM,ASW,WE,Combined TRACON& Tower with Radar,148,39,21,2,210,0,15,46,0,61,148,54,67,2,271,8,0,8,279
09/04/2011,ABQ,NM,ASW,WE,Combined TRACON& Tower with Radar,129,38,15,8,190,0,10,19,0,29,129,48,34,8,219,8,0,8,227
09/05/2011,ABQ,NM,ASW,WE,Combined TRACON& Tower with Radar,175,51,26,3,255,0,16,49,3,68,175,67,75,6,323,6,2,8,331
09/06/2011,ABQ,NM,ASW,WE,Combined TRACON& Tower with Radar,190,75,22,24,311,0,30,43,45,118,190,105,65,69,429,32,38,70,499
09/07/2011,ABQ,NM,ASW,WE,Combined TRACON& Tower with Radar,203,67,32,7,309,0,35,39,39,113,203,102,71,46,422,10,36,46,468
09/08/2011,ABQ,NM,ASW,WE,Combined TRACON& Tower with Radar,199,74,41,8,322,0,35,45,47,127,199,109,86,55,449,12,4,16,465
09/09/2011,ABQ,NM,ASW,WE,Combined TRACON& Tower with Radar,191,75,25,21,312,0,29,38,47,114,191,104,63,68,426,32,8,40,466
09/10/2011,ABQ,NM,ASW,WE,Combined TRACON& Tower with Radar,152,43,13,2,210,0,12,32,11,55,152,55,45,13,265,4,0,4,269
09/11/2011,ABQ,NM,ASW,WE,Combined TRACON& Tower with Radar,176,41,15,10,242,0,11,54,3,68,176,52,69,13,310,4,18,22,332
09/12/2011,ABQ,NM,ASW,WE,Combined TRACON& Tower with Radar,190,66,33,8,297,0,22,50,29,101,190,88,83,37,398,8,4,12,410
09/13/2011,ABQ,NM,ASW,WE,Combined TRACON& Tower with Radar,196,67,25,10,298,0,32,55,39,126,196,99,80,49,424,4,6,10,434
09/14/2011,ABQ,NM,ASW,WE,Combined TRACON& Tower with Radar,202,61,47,11,321,0,30,36,40,106,202,91,83,51,427,8,40,48,475
09/15/2011,ABQ,NM,ASW,WE,Combined TRACON& Tower with Radar,199,75,28,11,313,0,23,25,55,103,199,98,53,66,416,4,24,28,444
09/16/2011,ABQ,NM,ASW,WE,Combined TRACON& Tower with Radar,212,78,38,17,345,0,39,55,49,143,212,117,93,66,488,28,26,54,542
09/17/2011,ABQ,NM,ASW,WE,Combined TRACON& Tower with Radar,150,59,19,8,236,0,8,51,1,60,150,67,70,9,296,14,16,30,326
09/18/2011,ABQ,NM,ASW,WE,Combined TRACON& Tower with Radar,176,43,28,2,249,0,10,52,3,65,176,53,80,5,314,27,0,27,341
09/19/2011,ABQ,NM,ASW,WE,Combined TRACON& Tower with Radar,187,71,22,4,284,0,29,40,43,112,187,100,62,47,396,10,34,44,440
09/20/2011,ABQ,NM,ASW,WE,Combined TRACON& Tower with Radar,196,61,28,8,293,0,39,57,44,140,196,100,85,52,433,56,26,82,515
09/21/2011,ABQ,NM,ASW,WE,Combined TRACON& Tower with Radar,210,61,39,9,319,0,37,52,48,137,210,98,91,57,456,28,52,80,536
09/22/2011,ABQ,NM,ASW,WE,Combined TRACON& Tower with Radar,200,69,28,5,302,0,46,41,57,144,200,115,69,62,446,28,38,66,512
09/23/2011,ABQ,NM,ASW,WE,Combined TRACON& Tower with Radar,194,60,41,16,311,0,43,70,42,155,194,103,111,58,466,22,20,42,508
09/24/2011,ABQ,NM,ASW,WE,Combined TRACON& Tower with Radar,152,49,9,7,217,0,18,60,10,88,152,67,69,17,305,28,0,28,333
09/25/2011,ABQ,NM,ASW,WE,Combined TRACON& Tower with Radar,178,33,33,9,253,0,11,45,4,60,178,44,78,13,313,20,16,36,349
09/26/2011,ABQ,NM,ASW,WE,Combined TRACON& Tower with Radar,190,65,27,14,296,0,30,44,36,110,190,95,71,50,406,14,24,38,444
09/27/2011,ABQ,NM,ASW,WE,Combined TRACON& Tower with Radar,200,61,42,9,312,0,36,45,46,127,200,97,87,55,439,14,36,50,489
09/28/2011,ABQ,NM,ASW,WE,Combined TRACON& Tower with Radar,204,63,28,28,323,0,36,46,52,134,204,99,74,80,457,30,70,100,557
09/29/2011,ABQ,NM,ASW,WE,Combined TRACON& Tower with Radar,210,63,27,14,314,0,36,24,59,119,210,99,51,73,433,20,46,66,499
09/30/2011,ABQ,NM,ASW,WE,Combined TRACON& Tower with Radar,200,69,46,10,325,0,43,77,19,139,200,112,123,29,464,30,14,44,508
10/01/2011,ABQ,NM,ASW,WE,Combined TRACON& Tower with Radar,161,50,16,1,228,0,12,46,2,60,161,62,62,3,288,10,0,10,298
10/02/2011,ABQ,NM,ASW,WE,Combined TRACON& Tower with Radar,174,49,21,5,249,0,10,46,2,58,174,59,67,7,307,26,2,28,335
10/03/2011,ABQ,NM,ASW,WE,Combined TRACON& Tower with Radar,193,57,30,9,289,0,28,35,33,96,193,85,65,42,385,30,14,44,429
10/04/2011,ABQ,NM,ASW,WE,Combined TRACON& Tower with Radar,202,81,37,11,331,0,20,21,38,79,202,101,58,49,410,32,12,44,454
10/05/2011,ABQ,NM,ASW,WE,Combined TRACON& Tower with Radar,201,70,34,4,309,0,25,36,41,102,201,95,70,45,411,40,54,94,505
10/06/2011,ABQ,NM,ASW,WE,Combined TRACON& Tower with Radar,211,63,40,13,327,0,37,20,40,97,211,100,60,53,424,18,34,52,476
10/07/2011,ABQ,NM,ASW,WE,Combined TRACON& Tower with Radar,201,83,54,12,350,0,19,38,32,89,201,102,92,44,439,8,26,34,473
10/08/2011,ABQ,NM,ASW,WE,Combined TRACON& Tower with Radar,163,53,33,5,254,0,16,60,16,92,163,69,93,21,346,56,24,80,426
10/09/2011,ABQ,NM,ASW,WE,Combined TRACON& Tower with Radar,175,45,26,3,249,0,8,35,33,76,175,53,61,36,325,26,70,96,421
10/10/2011,ABQ,NM,ASW,WE,Combined TRACON& Tower with Radar,193,56,23,11,283,0,28,65,2,95,193,84,88,13,378,18,0,18,396
10/11/2011,ABQ,NM,ASW,WE,Combined TRACON& Tower with Radar,193,59,26,13,291,0,38,45,39,122,193,97,71,52,413,30,18,48,461
10/12/2011,ABQ,NM,ASW,WE,Combined TRACON& Tower with Radar,195,60,46,29,330,0,43,60,49,152,195,103,106,78,482,36,40,76,558
10/13/2011,ABQ,NM,ASW,WE,Combined TRACON& Tower with Radar,197,70,38,23,328,0,40,48,39,127,197,110,86,62,455,10,50,60,515
10/14/2011,ABQ,NM,ASW,WE,Combined TRACON& Tower with Radar,197,64,30,31,322,0,36,56,33,125,197,100,86,64,447,30,26,56,503
10/15/2011,ABQ,NM,ASW,WE,Combined TRACON& Tower with Radar,157,46,26,7,236,0,15,52,9,76,157,61,78,16,312,2,0,2,314
10/16/2011,ABQ,NM,ASW,WE,Combined TRACON& Tower with Radar,170,47,16,10,243,0,8,55,3,66,170,55,71,13,309,38,14,52,361
10/17/2011,ABQ,NM,ASW,WE,Combined TRACON& Tower with Radar,189,64,18,11,282,0,38,25,65,128,189,102,43,76,410,6,58,64,474
10/18/2011,ABQ,NM,ASW,WE,Combined TRACON& Tower with Radar,189,65,50,19,323,0,39,63,80,182,189,104,113,99,505,96,66,162,667
10/19/2011,ABQ,NM,ASW,WE,Combined TRACON& Tower with Radar,191,52,19,7,269,0,47,44,65,156,191,99,63,72,425,16,38,54,479
10/20/2011,ABQ,NM,ASW,WE,Combined TRACON& Tower with Radar,198,65,33,15,311,0,35,35,38,108,198,100,68,53,419,14,22,36,455
10/21/2011,ABQ,NM,ASW,WE,Combined TRACON& Tower with Radar,195,61,23,13,292,0,35,51,34,120,195,96,74,47,412,10,18,28,440
10/22/2011,ABQ,NM,ASW,WE,Combined TRACON& Tower with Radar,156,42,14,3,215,0,11,56,0,67,156,53,70,3,282,42,0,42,324
10/23/2011,ABQ,NM,ASW,WE,Combined TRACON& Tower with Radar,171,47,20,9,247,0,13,43,7,63,171,60,63,16,310,16,12,28,338
10/24/2011,ABQ,NM,ASW,WE,Combined TRACON& Tower with Radar,184,66,29,14,293,0,27,47,44,118,184,93,76,58,411,12,22,34,445
10/25/2011,ABQ,NM,ASW,WE,Combined TRACON& Tower with Radar,195,72,28,30,325,0,31,56,82,169,195,103,84,112,494,36,94,130,624
10/26/2011,ABQ,NM,ASW,WE,Combined TRACON& Tower with Radar,195,64,35,12,306,0,31,20,21,72,195,95,55,33,378,14,20,34,412
10/27/2011,ABQ,NM,ASW,WE,Combined TRACON& Tower with Radar,197,93,30,18,338,0,17,24,29,70,197,110,54,47,408,22,10,32,440
10/28/2011,ABQ,NM,ASW,WE,Combined TRACON& Tower with Radar,192,76,30,23,321,0,43,43,38,124,192,119,73,61,445,10,58,68,513
10/29/2011,ABQ,NM,ASW,WE,Combined TRACON& Tower with Radar,159,48,16,5,228,0,10,56,17,83,159,58,72,22,311,24,0,24,335
10/30/2011,ABQ,NM,ASW,WE,Combined TRACON& Tower with Radar,173,39,16,8,236,0,9,43,8,60,173,48,59,16,296,18,0,18,314
10/31/2011,ABQ,NM,ASW,WE,Combined TRACON& Tower with Radar,169,69,19,14,271,0,35,22,23,80,169,104,41,37,351,26,12,38,389
11/01/2011,ABQ,NM,ASW,WE,Combined TRACON& Tower with Radar,193,71,29,8,301,0,39,30,37,106,193,110,59,45,407,72,28,100,507
11/02/2011,ABQ,NM,ASW,WE,Combined TRACON& Tower with Radar,197,65,41,11,314,0,39,29,36,104,197,104,70,47,418,6,18,24,442
11/03/2011,ABQ,NM,ASW,WE,Combined TRACON& Tower with Radar,195,69,36,29,329,0,37,54,28,119,195,106,90,57,448,14,58,72,520
11/04/2011,ABQ,NM,ASW,WE,Combined TRACON& Tower with Radar,193,66,24,23,306,0,36,29,64,129,193,102,53,87,435,2,64,66,501
11/05/2011,ABQ,NM,ASW,WE,Combined TRACON& Tower with Radar,157,41,16,0,214,0,11,5,3,19,157,52,21,3,233,26,0,26,259
11/06/2011,ABQ,NM,ASW,WE,Combined TRACON& Tower with Radar,173,38,16,10,237,0,11,53,7,71,173,49,69,17,308,8,8,16,324
11/07/2011,ABQ,NM,ASW,WE,Combined TRACON& Tower with Radar,174,71,19,8,272,0,6,20,49,75,174,77,39,57,347,18,0,18,365
11/08/2011,ABQ,NM,ASW,WE,Combined TRACON& Tower with Radar,183,85,29,28,325,0,24,24,43,91,183,109,53,71,416,30,36,66,482
11/09/2011,ABQ,NM,ASW,WE,Combined TRACON& Tower with Radar,182,55,34,20,291,0,41,40,31,112,182,96,74,51,403,26,6,32,435
11/10/2011,ABQ,NM,ASW,WE,Combined TRACON& Tower with Radar,187,72,30,42,331,0,41,46,33,120,187,113,76,75,451,6,44,50,501
11/11/2011,ABQ,NM,ASW,WE,Combined TRACON& Tower with Radar,181,57,28,2,268,0,41,40,18,99,181,98,68,20,367,20,12,32,399
11/12/2011,ABQ,NM,ASW,WE,Combined TRACON& Tower with Radar,153,36,22,2,213,0,19,38,0,57,153,55,60,2,270,22,0,22,292
11/13/2011,ABQ,NM,ASW,WE,Combined TRACON& Tower with Radar,171,46,25,6,248,0,14,22,4,40,171,60,47,10,288,34,0,34,322
11/14/2011,ABQ,NM,ASW,WE,Combined TRACON& Tower with Radar,179,80,17,8,284,0,27,30,12,69,179,107,47,20,353,4,0,4,357
11/15/2011,ABQ,NM,ASW,WE,Combined TRACON& Tower with Radar,178,70,27,14,289,0,41,60,57,158,178,111,87,71,447,24,30,54,501
11/16/2011,ABQ,NM,ASW,WE,Combined TRACON& Tower with Radar,180,59,39,12,290,0,46,42,56,144,180,105,81,68,434,36,44,80,514
11/17/2011,ABQ,NM,ASW,WE,Combined TRACON& Tower with Radar,188,75,39,18,320,0,46,57,61,164,188,121,96,79,484,16,26,42,526
11/18/2011,ABQ,NM,ASW,WE,Combined TRACON& Tower with Radar,181,72,33,33,319,0,38,44,34,116,181,110,77,67,435,12,46,58,493
11/19/2011,ABQ,NM,ASW,WE,Combined TRACON& Tower with Radar,160,49,31,3,243,0,26,56,0,82,160,75,87,3,325,42,22,64,389
11/20/2011,ABQ,NM,ASW,WE,Combined TRACON& Tower with Radar,173,34,17,4,228,0,11,36,0,47,173,45,53,4,275,28,0,28,303
11/21/2011,ABQ,NM,ASW,WE,Combined TRACON& Tower with Radar,172,76,33,32,313,0,26,22,58,106,172,102,55,90,419,2,40,42,461
11/22/2011,ABQ,NM,ASW,WE,Combined TRACON& Tower with Radar,193,71,36,22,322,0,42,40,71,153,193,113,76,93,475,42,44,86,561
11/23/2011,ABQ,NM,ASW,WE,Combined TRACON& Tower with Radar,192,74,32,9,307,0,44,37,16,97,192,118,69,25,404,34,10,44,448
11/24/2011,ABQ,NM,ASW,WE,Combined TRACON& Tower with Radar,120,35,5,0,160,0,17,26,0,43,120,52,31,0,203,4,0,4,207
11/25/2011,ABQ,NM,ASW,WE,Combined TRACON& Tower with Radar,147,72,9,0,228,0,11,1,0,12,147,83,10,0,240,2,0,2,242
11/26/2011,ABQ,NM,ASW,WE,Combined TRACON& Tower with Radar,158,55,20,0,233,0,14,35,0,49,158,69,55,0,282,12,0,12,294
11/27/2011,ABQ,NM,ASW,WE,Combined TRACON& Tower with Radar,192,38,29,2,261,0,10,44,0,54,192,48,73,2,315,16,0,16,331
11/28/2011,ABQ,NM,ASW,WE,Combined TRACON& Tower with Radar,188,66,25,15,294,0,33,50,37,120,188,99,75,52,414,14,46,60,474
11/29/2011,ABQ,NM,ASW,WE,Combined TRACON& Tower with Radar,181,64,33,34,312,0,42,37,84,163,181,106,70,118,475,26,66,92,567
11/30/2011,ABQ,NM,ASW,WE,Combined TRACON& Tower with Radar,180,61,34,10,285,0,49,56,43,148,180,110,90,53,433,16,22,38,471
12/01/2011,ABQ,NM,ASW,WE,Combined TRACON& Tower with Radar,166,50,20,1,237,0,29,17,7,53,166,79,37,8,290,10,0,10,300
12/02/2011,ABQ,NM,ASW,WE,Combined TRACON& Tower with Radar,175,99,44,16,334,0,8,6,22,36,175,107,50,38,370,6,22,28,398
12/03/2011,ABQ,NM,ASW,WE,Combined TRACON& Tower with Radar,147,47,12,1,207,0,2,6,0,8,147,49,18,1,215,0,0,0,215
12/04/2011,ABQ,NM,ASW,WE,Combined TRACON& Tower with Radar,164,58,24,5,251,0,2,9,3,14,164,60,33,8,265,2,0,2,267
12/05/2011,ABQ,NM,ASW,WE,Combined TRACON& Tower with Radar,167,81,27,1,276,0,4,2,0,6,167,85,29,1,282,6,0,6,288
12/06/2011,ABQ,NM,ASW,WE,Combined TRACON& Tower with Radar,176,72,30,38,316,0,31,17,72,120,176,103,47,110,436,20,64,84,520
12/07/2011,ABQ,NM,ASW,WE,Combined TRACON& Tower with Radar,176,58,18,5,257,0,46,48,53,147,176,104,66,58,404,0,36,36,440
12/08/2011,ABQ,NM,ASW,WE,Combined TRACON& Tower with Radar,181,69,27,12,289,0,40,49,69,158,181,109,76,81,447,6,22,28,475
12/09/2011,ABQ,NM,ASW,WE,Combined TRACON& Tower with Radar,179,68,30,72,349,0,47,46,47,140,179,115,76,119,489,30,74,104,593
12/10/2011,ABQ,NM,ASW,WE,Combined TRACON& Tower with Radar,142,38,22,9,211,0,12,48,10,70,142,50,70,19,281,14,0,14,295
12/11/2011,ABQ,NM,ASW,WE,Combined TRACON& Tower with Radar,167,59,28,9,263,0,9,55,2,66,167,68,83,11,329,2,0,2,331
12/12/2011,ABQ,NM,ASW,WE,Combined TRACON& Tower with Radar,173,108,23,7,311,0,4,3,3,10,173,112,26,10,321,22,0,22,343
12/13/2011,ABQ,NM,ASW,WE,Combined TRACON& Tower with Radar,177,96,26,16,315,0,1,0,10,11,177,97,26,26,326,0,12,12,338
12/14/2011,ABQ,NM,ASW,WE,Combined TRACON& Tower with Radar,179,96,40,10,325,0,22,25,54,101,179,118,65,64,426,2,62,64,490
12/15/2011,ABQ,NM,ASW,WE,Combined TRACON& Tower with Radar,185,77,28,38,328,0,36,50,85,171,185,113,78,123,499,12,50,62,561
12/16/2011,ABQ,NM,ASW,WE,Combined TRACON& Tower with Radar,187,76,38,13,314,0,39,43,48,130,187,115,81,61,444,6,62,68,512
12/17/2011,ABQ,NM,ASW,WE,Combined TRACON& Tower with Radar,161,53,27,7,248,0,18,48,6,72,161,71,75,13,320,10,4,14,334
12/18/2011,ABQ,NM,ASW,WE,Combined TRACON& Tower with Radar,173,44,25,5,247,0,8,32,2,42,173,52,57,7,289,36,0,36,325
12/19/2011,ABQ,NM,ASW,WE,Combined TRACON& Tower with Radar,201,71,9,0,281,0,0,0,0,0,201,71,9,0,281,40,0,40,321
12/20/2011,ABQ,NM,ASW,WE,Combined TRACON& Tower with Radar,192,97,35,10,334,0,10,4,25,39,192,107,39,35,373,0,4,4,377
12/21/2011,ABQ,NM,ASW,WE,Combined TRACON& Tower with Radar,189,113,31,9,342,0,6,19,46,71,189,119,50,55,413,16,30,46,459
12/22/2011,ABQ,NM,ASW,WE,Combined TRACON& Tower with Radar,206,110,22,6,344,0,16,6,18,40,206,126,28,24,384,10,10,20,404
12/23/2011,ABQ,NM,ASW,WE,Combined TRACON& Tower with Radar,204,118,19,2,343,0,12,7,0,19,204,130,26,2,362,0,0,0,362
12/24/2011,ABQ,NM,ASW,WE,Combined TRACON& Tower with Radar,144,45,8,0,197,0,15,26,0,41,144,60,34,0,238,0,0,0,238
12/25/2011,ABQ,NM,ASW,WE,Combined TRACON& Tower with Radar,129,39,5,1,174,0,5,15,0,20,129,44,20,1,194,0,0,0,194
12/26/2011,ABQ,NM,ASW,WE,Combined TRACON& Tower with Radar,178,53,21,2,254,0,16,46,0,62,178,69,67,2,316,10,0,10,326
12/27/2011,ABQ,NM,ASW,WE,Combined TRACON& Tower with Radar,189,61,33,17,300,0,37,41,25,103,189,98,74,42,403,8,26,34,437
12/28/2011,ABQ,NM,ASW,WE,Combined TRACON& Tower with Radar,197,75,35,9,316,0,38,38,44,120,197,113,73,53,436,16,24,40,476
12/29/2011,ABQ,NM,ASW,WE,Combined TRACON& Tower with Radar,193,62,28,11,294,0,35,52,22,109,193,97,80,33,403,10,6,16,419
12/30/2011,ABQ,NM,ASW,WE,Combined TRACON& Tower with Radar,188,65,26,5,284,0,34,39,0,73,188,99,65,5,357,8,4,12,369
12/31/2011,ABQ,NM,ASW,WE,Combined TRACON& Tower with Radar,140,36,25,0,201,0,16,50,0,66,140,52,75,0,267,10,0,10,277
01/01/2012,ABQ,NM,ASW,WE,Combined TRACON& Tower with Radar,148,31,8,2,189,0,6,32,0,38,148,37,40,2,227,0,0,0,227
01/02/2012,ABQ,NM,ASW,WE,Combined TRACON& Tower with Radar,180,49,17,0,246,0,16,44,1,61,180,65,61,1,307,8,0,8,315
01/03/2012,ABQ,NM,ASW,WE,Combined TRACON& Tower with Radar,188,53,15,6,262,0,31,40,4,75,188,84,55,10,337,0,2,2,339
01/04/2012,ABQ,NM,ASW,WE,Combined TRACON& Tower with Radar,186,54,33,17,290,0,39,32,68,139,186,93,65,85,429,12,48,60,489
01/05/2012,ABQ,NM,ASW,WE,Combined TRACON& Tower with Radar,174,59,20,15,268,0,44,32,85,161,174,103,52,100,429,2,100,102,531
01/06/2012,ABQ,NM,ASW,WE,Combined TRACON& Tower with Radar,170,74,37,23,304,0,35,62,37,134,170,109,99,60,438,26,34,60,498
01/07/2012,ABQ,NM,ASW,WE,Combined TRACON& Tower with Radar,139,44,18,17,218,0,19,62,9,90,139,63,80,26,308,6,4,10,318
01/08/2012,ABQ,NM,ASW,WE,Combined TRACON& Tower with Radar,137,48,9,10,204,0,9,2,2,13,137,57,11,12,217,0,0,0,217
01/09/2012,ABQ,NM,ASW,WE,Combined TRACON& Tower with Radar,151,72,15,22,260,0,30,20,54,104,151,102,35,76,364,18,12,30,394
01/10/2012,ABQ,NM,ASW,WE,Combined TRACON& Tower with Radar,164,67,34,12,277,0,39,45,58,142,164,106,79,70,419,48,36,84,503
01/11/2012,ABQ,NM,ASW,WE,Combined TRACON& Tower with Radar,167,64,32,11,274,0,40,29,39,108,167,104,61,50,382,20,24,44,426
01/12/2012,ABQ,NM,ASW,WE,Combined TRACON& Tower with Radar,158,72,27,11,268,0,34,39,73,146,158,106,66,84,414,4,62,66,480
01/13/2012,ABQ,NM,ASW,WE,Combined TRACON& Tower with Radar,157,74,38,38,307,0,42,52,19,113,157,116,90,57,420,0,12,12,432
01/14/2012,ABQ,NM,ASW,WE,Combined TRACON& Tower with Radar,119,39,22,13,193,0,12,69,3,84,119,51,91,16,277,42,18,60,337
01/15/2012,ABQ,NM,ASW,WE,Combined TRACON& Tower with Radar,138,35,16,5,194,0,14,31,0,45,138,49,47,5,239,12,0,12,251
01/16/2012,ABQ,NM,ASW,WE,Combined TRACON& Tower with Radar,154,63,30,2,249,0,12,16,2,30,154,75,46,4,279,10,0,10,289
01/17/2012,ABQ,NM,ASW,WE,Combined TRACON& Tower with Radar,162,71,32,10,275,0,34,42,47,123,162,105,74,57,398,4,32,36,434
01/18/2012,ABQ,NM,ASW,WE,Combined TRACON& Tower with Radar,165,64,33,18,280,0,45,37,50,132,165,109,70,68,412,4,44,48,460
01/19/2012,ABQ,NM,ASW,WE,Combined TRACON& Tower with Radar,163,68,40,9,280,0,44,46,86,176,163,112,86,95,456,20,48,68,524
01/20/2012,ABQ,NM,ASW,WE,Combined TRACON& Tower with Radar,155,76,41,30,302,0,46,44,56,146,155,122,85,86,448,6,6,12,460
01/21/2012,ABQ,NM,ASW,WE,Combined TRACON& Tower with Radar,121,41,18,2,182,0,15,58,7,80,121,56,76,9,262,10,2,12,274
01/22/2012,ABQ,NM,ASW,WE,Combined TRACON& Tower with Radar,137,48,19,24,228,0,11,27,4,42,137,59,46,28,270,10,12,22,292
01/23/2012,ABQ,NM,ASW,WE,Combined TRACON& Tower with Radar,153,82,30,19,284,0,23,24,45,92,153,105,54,64,376,2,2,4,380
01/24/2012,ABQ,NM,ASW,WE,Combined TRACON& Tower with Radar,162,85,26,25,298,0,9,6,45,60,162,94,32,70,358,0,8,8,366
01/25/2012,ABQ,NM,ASW,WE,Combined TRACON& Tower with Radar,160,61,42,20,283,0,29,32,44,105,160,90,74,64,388,6,12,18,406
01/26/2012,ABQ,NM,ASW,WE,Combined TRACON& Tower with Radar,157,71,39,16,283,0,33,51,55,139,157,104,90,71,422,0,16,16,438
01/27/2012,ABQ,NM,ASW,WE,Combined TRACON& Tower with Radar,156,66,23,36,281,0,35,52,16,103,156,101,75,52,384,6,8,14,398
01/28/2012,ABQ,NM,ASW,WE,Combined TRACON& Tower with Radar,118,42,28,13,201,0,16,73,4,93,118,58,101,17,294,16,4,20,314
01/29/2012,ABQ,NM,ASW,WE,Combined TRACON& Tower with Radar,139,39,15,12,205,0,10,57,10,77,139,49,72,22,282,34,0,34,316
01/30/2012,ABQ,NM,ASW,WE,Combined TRACON& Tower with Radar,151,68,14,6,239,0,26,38,49,113,151,94,52,55,352,6,18,24,376
01/31/2012,ABQ,NM,ASW,WE,Combined TRACON& Tower with Radar,153,66,25,20,264,0,32,49,67,148,153,98,74,87,412,20,42,62,474
02/01/2012,ABQ,NM,ASW,WE,Combined TRACON& Tower with Radar,161,63,34,13,271,0,35,37,40,112,161,98,71,53,383,8,20,28,411
02/02/2012,ABQ,NM,ASW,WE,Combined TRACON& Tower with Radar,159,74,33,11,277,0,37,39,52,128,159,111,72,63,405,4,4,8,413
02/03/2012,ABQ,NM,ASW,WE,Combined TRACON& Tower with Radar,148,84,34,35,301,0,15,31,46,92,148,99,65,81,393,14,36,50,443
02/04/2012,ABQ,NM,ASW,WE,Combined TRACON& Tower with Radar,116,44,16,16,192,0,17,70,9,96,116,61,86,25,288,0,0,0,288
02/05/2012,ABQ,NM,ASW,WE,Combined TRACON& Tower with Radar,135,40,15,5,195,0,7,27,0,34,135,47,42,5,229,4,0,4,233
02/06/2012,ABQ,NM,ASW,WE,Combined TRACON& Tower with Radar,148,71,30,4,253,0,26,18,4,48,148,97,48,8,301,6,2,8,309
02/07/2012,ABQ,NM,ASW,WE,Combined TRACON& Tower with Radar,156,61,22,20,259,0,41,29,76,146,156,102,51,96,405,0,74,74,479
02/08/2012,ABQ,NM,ASW,WE,Combined TRACON& Tower with Radar,159,70,48,24,301,0,39,52,33,124,159,109,100,57,425,2,16,18,443
02/09/2012,ABQ,NM,ASW,WE,Combined TRACON& Tower with Radar,159,90,33,16,298,0,24,21,44,89,159,114,54,60,387,6,10,16,403
02/10/2012,ABQ,NM,ASW,WE,Combined TRACON& Tower with Radar,149,68,34,57,308,0,35,51,56,142,149,103,85,113,450,4,94,98,548
02/11/2012,ABQ,NM,ASW,WE,Combined TRACON& Tower with Radar,119,44,13,22,198,0,12,50,16,78,119,56,63,38,276,8,8,16,292
02/12/2012,ABQ,NM,ASW,WE,Combined TRACON& Tower with Radar,146,49,18,12,225,0,3,2,0,5,146,52,20,12,230,0,0,0,230
02/13/2012,ABQ,NM,ASW,WE,Combined TRACON& Tower with Radar,158,81,21,25,285,0,14,23,58,95,158,95,44,83,380,12,26,38,418
02/14/2012,ABQ,NM,ASW,WE,Combined TRACON& Tower with Radar,170,68,16,14,268,0,30,12,34,76,170,98,28,48,344,20,6,26,370
02/15/2012,ABQ,NM,ASW,WE,Combined TRACON& Tower with Radar,171,66,28,20,285,0,39,44,56,139,171,105,72,76,424,2,66,68,492
02/16/2012,ABQ,NM,ASW,WE,Combined TRACON& Tower with Radar,174,76,33,23,306,0,29,39,54,122,174,105,72,77,428,14,28,42,470
02/17/2012,ABQ,NM,ASW,WE,Combined TRACON& Tower with Radar,171,91,29,39,330,0,21,45,39,105,171,112,74,78,435,20,22,42,477
02/18/2012,ABQ,NM,ASW,WE,Combined TRACON& Tower with Radar,133,39,22,14,208,0,11,60,17,88,133,50,82,31,296,14,4,18,314
02/19/2012,ABQ,NM,ASW,WE,Combined TRACON& Tower with Radar,145,45,19,1,210,0,10,29,5,44,145,55,48,6,254,14,0,14,268
02/20/2012,ABQ,NM,ASW,WE,Combined TRACON& Tower with Radar,160,57,23,15,255,0,19,20,4,43,160,76,43,19,298,8,4,12,310
02/21/2012,ABQ,NM,ASW,WE,Combined TRACON& Tower with Radar,169,72,28,12,281,0,40,46,45,131,169,112,74,57,412,18,12,30,442
02/22/2012,ABQ,NM,ASW,WE,Combined TRACON& Tower with Radar,170,61,35,16,282,0,33,57,56,146,170,94,92,72,428,14,44,58,486
02/23/2012,ABQ,NM,ASW,WE,Combined TRACON& Tower with Radar,173,79,37,24,313,0,39,38,56,133,173,118,75,80,446,8,70,78,524
02/24/2012,ABQ,NM,ASW,WE,Combined TRACON& Tower with Radar,173,71,23,36,303,0,45,50,57,152,173,116,73,93,455,10,58,68,523
02/25/2012,ABQ,NM,ASW,WE,Combined TRACON& Tower with Radar,135,40,13,10,198,0,10,81,3,94,135,50,94,13,292,6,0,6,298
02/26/2012,ABQ,NM,ASW,WE,Combined TRACON& Tower with Radar,147,39,20,6,212,0,9,45,1,55,147,48,65,7,267,14,0,14,281
02/27/2012,ABQ,NM,ASW,WE,Combined TRACON& Tower with Radar,164,70,27,11,272,0,23,21,31,75,164,93,48,42,347,10,8,18,365
02/28/2012,ABQ,NM,ASW,WE,Combined TRACON& Tower with Radar,169,71,32,14,286,0,39,7,21,67,169,110,39,35,353,0,0,0,353
02/29/2012,ABQ,NM,ASW,WE,Combined TRACON& Tower with Radar,165,62,57,26,310,0,45,60,69,174,165,107,117,95,484,6,26,32,516
03/01/2012,ABQ,NM,ASW,WE,Combined TRACON& Tower with Radar,171,68,38,19,296,0,37,19,38,94,171,105,57,57,390,2,24,26,416
03/02/2012,ABQ,NM,ASW,WE,Combined TRACON& Tower with Radar,170,71,26,22,289,0,36,23,35,94,170,107,49,57,383,0,8,8,391
03/03/2012,ABQ,NM,ASW,WE,Combined TRACON& Tower with Radar,136,50,21,8,215,0,18,54,19,91,136,68,75,27,306,10,0,10,316
03/04/2012,ABQ,NM,ASW,WE,Combined TRACON& Tower with Radar,146,46,33,21,246,0,12,53,0,65,146,58,86,21,311,0,0,0,311
03/05/2012,ABQ,NM,ASW,WE,Combined TRACON& Tower with Radar,159,74,33,6,272,0,31,40,10,81,159,105,73,16,353,6,0,6,359
03/06/2012,ABQ,NM,ASW,WE,Combined TRACON& Tower with Radar,164,63,45,22,294,0,43,34,52,129,164,106,79,74,423,2,0,2,425
03/07/2012,ABQ,NM,ASW,WE,Combined TRACON& Tower with Radar,168,72,40,7,287,0,32,25,30,87,168,104,65,37,374,2,0,2,376
03/08/2012,ABQ,NM,ASW,WE,Combined TRACON& Tower with Radar,171,92,15,5,283,0,7,3,18,28,171,99,18,23,311,2,0,2,313
03/09/2012,ABQ,NM,ASW,WE,Combined TRACON& Tower with Radar,167,104,28,35,334,0,14,14,42,70,167,118,42,77,404,2,34,36,440
03/10/2012,ABQ,NM,ASW,WE,Combined TRACON& Tower with Radar,141,76,28,2,247,0,7,19,2,28,141,83,47,4,275,0,2,2,277
03/11/2012,ABQ,NM,ASW,WE,Combined TRACON& Tower with Radar,156,44,14,11,225,0,8,35,5,48,156,52,49,16,273,0,0,0,273
03/12/2012,ABQ,NM,ASW,WE,Combined TRACON& Tower with Radar,164,66,27,5,262,0,44,58,68,170,164,110,85,73,432,14,40,54,486
03/13/2012,ABQ,NM,ASW,WE,Combined TRACON& Tower with Radar,184,70,25,8,287,0,48,47,52,147,184,118,72,60,434,28,10,38,472
03/14/2012,ABQ,NM,ASW,WE,Combined TRACON& Tower with Radar,171,59,26,12,268,0,41,58,56,155,171,100,84,68,423,10,38,48,471
03/15/2012,ABQ,NM,ASW,WE,Combined TRACON& Tower with Radar,180,92,68,15,355,0,39,81,42,162,180,131,149,57,517,0,14,14,531
03/16/2012,ABQ,NM,ASW,WE,Combined TRACON& Tower with Radar,175,62,53,28,318,0,33,76,34,143,175,95,129,62,461,0,0,0,461
03/17/2012,ABQ,NM,ASW,WE,Combined TRACON& Tower with Radar,148,65,29,15,257,0,17,46,7,70,148,82,75,22,327,34,0,34,361
03/18/2012,ABQ,NM,ASW,WE,Combined TRACON& Tower with Radar,122,45,12,2,181,0,4,3,0,7,122,49,15,2,188,0,0,0,188
03/19/2012,ABQ,NM,ASW,WE,Combined TRACON& Tower with Radar,180,84,19,8,291,0,14,17,55,86,180,98,36,63,377,6,34,40,417
03/20/2012,ABQ,NM,ASW,WE,Combined TRACON& Tower with Radar,174,72,34,16,296,0,26,22,71,119,174,98,56,87,415,6,42,48,463
03/21/2012,ABQ,NM,ASW,WE,Combined TRACON& Tower with Radar,171,64,41,10,286,0,41,37,40,118,171,105,78,50,404,12,10,22,426
03/22/2012,ABQ,NM,ASW,WE,Combined TRACON& Tower with Radar,174,65,45,22,306,0,41,56,46,143,174,106,101,68,449,12,12,24,473
03/23/2012,ABQ,NM,ASW,WE,Combined TRACON& Tower with Radar,168,72,32,20,292,0,35,60,39,134,168,107,92,59,426,0,6,6,432
03/24/2012,ABQ,NM,ASW,WE,Combined TRACON& Tower with Radar,142,49,14,5,210,0,20,77,6,103,142,69,91,11,313,8,0,8,321
03/25/2012,ABQ,NM,ASW,WE,Combined TRACON& Tower with Radar,153,43,15,6,217,0,10,46,2,58,153,53,61,8,275,28,0,28,303
03/26/2012,ABQ,NM,ASW,WE,Combined TRACON& Tower with Radar,162,80,26,3,271,0,29,29,29,87,162,109,55,32,358,0,0,0,358
03/27/2012,ABQ,NM,ASW,WE,Combined TRACON& Tower with Radar,169,69,26,10,274,0,44,56,60,160,169,113,82,70,434,18,42,60,494
03/28/2012,ABQ,NM,ASW,WE,Combined TRACON& Tower with Radar,165,73,19,6,263,0,41,52,57,150,165,114,71,63,413,4,16,20,433
03/29/2012,ABQ,NM,ASW,WE,Combined TRACON& Tower with Radar,172,77,28,8,285,0,48,44,43,135,172,125,72,51,420,0,16,16,436
03/30/2012,ABQ,NM,ASW,WE,Combined TRACON& Tower with Radar,165,84,27,19,295,0,41,44,68,153,165,125,71,87,448,10,38,48,496
03/31/2012,ABQ,NM,ASW,WE,Combined TRACON& Tower with Radar,133,70,11,2,216,0,16,71,5,92,133,86,82,7,308,0,0,0,308
04/01/2012,ABQ,NM,ASW,WE,Combined TRACON& Tower with Radar,147,46,20,9,222,0,10,41,4,55,147,56,61,13,277,0,0,0,277
04/02/2012,ABQ,NM,ASW,WE,Combined TRACON& Tower with Radar,164,80,22,7,273,0,15,11,1,27,164,95,33,8,300,0,0,0,300
04/03/2012,ABQ,NM,ASW,WE,Combined TRACON& Tower with Radar,150,111,28,11,300,0,3,4,43,50,150,114,32,54,350,2,26,28,378
04/04/2012,ABQ,NM,ASW,WE,Combined TRACON& Tower with Radar,167,76,34,17,294,0,36,70,46,152,167,112,104,63,446,14,14,28,474
04/05/2012,ABQ,NM,ASW,WE,Combined TRACON& Tower with Radar,175,78,35,17,305,0,32,71,43,146,175,110,106,60,451,6,10,16,467
04/06/2012,ABQ,NM,ASW,WE,Combined TRACON& Tower with Radar,171,67,25,20,283,0,38,41,40,119,171,105,66,60,402,36,26,62,464
04/07/2012,ABQ,NM,ASW,WE,Combined TRACON& Tower with Radar,135,57,19,0,211,0,17,43,7,67,135,74,62,7,278,18,2,20,298
04/08/2012,ABQ,NM,ASW,WE,Combined TRACON& Tower with Radar,143,43,10,6,202,0,3,36,2,41,143,46,46,8,243,0,0,0,243
04/09/2012,ABQ,NM,ASW,WE,Combined TRACON& Tower with Radar,177,67,16,8,268,0,25,34,47,106,177,92,50,55,374,24,20,44,418
04/10/2012,ABQ,NM,ASW,WE,Combined TRACON& Tower with Radar,180,71,37,11,299,0,33,57,59,149,180,104,94,70,448,36,12,48,496
04/11/2012,ABQ,NM,ASW,WE,Combined TRACON& Tower with Radar,175,69,50,12,306,0,41,46,53,140,175,110,96,65,446,2,30,32,478
04/12/2012,ABQ,NM,ASW,WE,Combined TRACON& Tower with Radar,182,79,28,23,312,0,39,59,53,151,182,118,87,76,463,14,22,36,499
04/13/2012,ABQ,NM,ASW,WE,Combined TRACON& Tower with Radar,183,66,27,29,305,0,33,30,41,104,183,99,57,70,409,16,44,60,469
04/14/2012,ABQ,NM,ASW,WE,Combined TRACON& Tower with Radar,143,53,12,7,215,0,7,6,4,17,143,60,18,11,232,0,0,0,232
04/15/2012,ABQ,NM,ASW,WE,Combined TRACON& Tower with Radar,154,50,24,9,237,1,10,18,5,34,155,60,42,14,271,0,0,0,271
04/16/2012,ABQ,NM,ASW,WE,Combined TRACON& Tower with Radar,176,61,25,11,273,0,31,60,26,117,176,92,85,37,390,34,10,44,434
04/17/2012,ABQ,NM,ASW,WE,Combined TRACON& Tower with Radar,178,68,32,15,293,0,36,74,52,162,178,104,106,67,455,70,44,114,569
04/18/2012,ABQ,NM,ASW,WE,Combined TRACON& Tower with Radar,178,67,31,12,288,0,37,45,62,144,178,104,76,74,432,0,32,32,464
04/19/2012,ABQ,NM,ASW,WE,Combined TRACON& Tower with Radar,190,69,27,16,302,0,32,47,66,145,190,101,74,82,447,0,30,30,477
04/20/2012,ABQ,NM,ASW,WE,Combined TRACON& Tower with Radar,175,71,33,35,314,0,44,82,44,170,175,115,115,79,484,0,36,36,520
04/21/2012,ABQ,NM,ASW,WE,Combined TRACON& Tower with Radar,146,47,19,0,212,0,22,63,5,90,146,69,82,5,302,20,0,20,322
04/22/2012,ABQ,NM,ASW,WE,Combined TRACON& Tower with Radar,161,46,21,2,230,0,12,69,0,81,161,58,90,2,311,20,0,20,331
04/23/2012,ABQ,NM,ASW,WE,Combined TRACON& Tower with Radar,182,64,19,20,285,0,28,59,28,115,182,92,78,48,400,6,24,30,430
04/24/2012,ABQ,NM,ASW,WE,Combined TRACON& Tower with Radar,182,62,42,15,301,0,34,49,69,152,182,96,91,84,453,20,70,90,543
04/25/2012,ABQ,NM,ASW,WE,Combined TRACON& Tower with Radar,182,67,42,32,323,0,37,45,56,138,182,104,87,88,461,20,72,92,553
04/26/2012,ABQ,NM,ASW,WE,Combined TRACON& Tower with Radar,192,77,33,18,320,0,30,32,53,115,192,107,65,71,435,20,22,42,477
04/27/2012,ABQ,NM,ASW,WE,Combined TRACON& Tower with Radar,180,67,41,26,314,0,33,38,58,129,180,100,79,84,443,0,18,18,461
04/28/2012,ABQ,NM,ASW,WE,Combined TRACON& Tower with Radar,147,50,34,12,243,0,13,47,10,70,147,63,81,22,313,16,4,20,333
04/29/2012,ABQ,NM,ASW,WE,Combined TRACON& Tower with Radar,156,47,24,16,243,0,9,35,0,44,156,56,59,16,287,24,2,26,313
04/30/2012,ABQ,NM,ASW,WE,Combined TRACON& Tower with Radar,178,56,33,12,279,0,28,34,44,106,178,84,67,56,385,0,24,24,409
05/01/2012,ABQ,NM,ASW,WE,Combined TRACON& Tower with Radar,177,62,28,25,292,0,38,32,36,106,177,100,60,61,398,20,42,62,460
05/02/2012,ABQ,NM,ASW,WE,Combined TRACON& Tower with Radar,182,71,47,15,315,0,34,45,55,134,182,105,92,70,449,16,12,28,477
05/03/2012,ABQ,NM,ASW,WE,Combined TRACON& Tower with Radar,186,73,45,12,316,0,44,51,53,148,186,117,96,65,464,18,32,50,514
05/04/2012,ABQ,NM,ASW,WE,Combined TRACON& Tower with Radar,181,69,46,26,322,0,44,57,33,134,181,113,103,59,456,6,32,38,494
05/05/2012,ABQ,NM,ASW,WE,Combined TRACON& Tower with Radar,146,49,18,20,233,0,21,54,26,101,146,70,72,46,334,8,14,22,356
05/06/2012,ABQ,NM,ASW,WE,Combined TRACON& Tower with Radar,164,40,17,31,252,0,15,41,12,68,164,55,58,43,320,30,10,40,360
05/07/2012,ABQ,NM,ASW,WE,Combined TRACON& Tower with Radar,180,72,21,14,287,0,24,9,6,39,180,96,30,20,326,30,4,34,360
05/08/2012,ABQ,NM,ASW,WE,Combined TRACON& Tower with Radar,183,83,29,22,317,0,31,25,57,113,183,114,54,79,430,14,12,26,456
05/09/2012,ABQ,NM,ASW,WE,Combined TRACON& Tower with Radar,186,68,36,14,304,0,35,38,71,144,186,103,74,85,448,6,16,22,470
05/10/2012,ABQ,NM,ASW,WE,Combined TRACON& Tower with Radar,185,62,33,15,295,0,37,59,75,171,185,99,92,90,466,16,52,68,534
05/11/2012,ABQ,NM,ASW,WE,Combined TRACON& Tower with Radar,184,84,31,21,320,0,37,59,61,157,184,121,90,82,477,16,42,58,535
05/12/2012,ABQ,NM,ASW,WE,Combined TRACON& Tower with Radar,149,46,28,6,229,0,13,37,4,54,149,59,65,10,283,4,0,4,287
05/13/2012,ABQ,NM,ASW,WE,Combined TRACON& Tower with Radar,162,35,17,19,233,0,9,23,5,37,162,44,40,24,270,8,20,28,298
05/14/2012,ABQ,NM,ASW,WE,Combined TRACON& Tower with Radar,178,61,27,14,280,0,18,49,38,105,178,79,76,52,385,4,32,36,421
05/15/2012,ABQ,NM,ASW,WE,Combined TRACON& Tower with Radar,180,62,32,43,317,0,32,48,68,148,180,94,80,111,465,10,24,34,499
05/16/2012,ABQ,NM,ASW,WE,Combined TRACON& Tower with Radar,183,64,24,13,284,0,32,53,44,129,183,96,77,57,413,2,36,38,451
05/17/2012,ABQ,NM,ASW,WE,Combined TRACON& Tower with Radar,185,74,35,15,309,0,39,74,59,172,185,113,109,74,481,6,34,40,521
05/18/2012,ABQ,NM,ASW,WE,Combined TRACON& Tower with Radar,184,76,30,16,306,0,35,63,76,174,184,111,93,92,480,2,38,40,520
05/19/2012,ABQ,NM,ASW,WE,Combined TRACON& Tower with Radar,151,38,21,3,213,0,15,66,4,85,151,53,87,7,298,6,0,6,304
05/20/2012,ABQ,NM,ASW,WE,Combined TRACON& Tower with Radar,166,48,18,12,244,0,14,65,3,82,166,62,83,15,326,28,6,34,360
05/21/2012,ABQ,NM,ASW,WE,Combined TRACON& Tower with Radar,178,57,26,15,276,0,37,57,46,140,178,94,83,61,416,6,12,18,434
05/22/2012,ABQ,NM,ASW,WE,Combined TRACON& Tower with Radar,186,63,34,21,304,0,38,35,58,131,186,101,69,79,435,8,44,52,487
05/23/2012,ABQ,NM,ASW,WE,Combined TRACON& Tower with Radar,183,63,30,33,309,0,36,25,50,111,183,99,55,83,420,4,80,84,504
05/24/2012,ABQ,NM,ASW,WE,Combined TRACON& Tower with Radar,186,69,34,22,311,0,37,56,64,157,186,106,90,86,468,4,30,34,502
05/25/2012,ABQ,NM,ASW,WE,Combined TRACON& Tower with Radar,182,73,29,16,300,0,41,52,2,95,182,114,81,18,395,8,2,10,405
05/26/2012,ABQ,NM,ASW,WE,Combined TRACON& Tower with Radar,142,44,13,0,199,0,15,17,0,32,142,59,30,0,231,0,0,0,231
05/27/2012,ABQ,NM,ASW,WE,Combined TRACON& Tower with Radar,138,33,12,1,184,0,11,39,0,50,138,44,51,1,234,0,0,0,234
05/28/2012,ABQ,NM,ASW,WE,Combined TRACON& Tower with Radar,162,50,21,0,233,0,14,74,4,92,162,64,95,4,325,34,0,34,359
05/29/2012,ABQ,NM,ASW,WE,Combined TRACON& Tower with Radar,181,73,36,19,309,0,37,74,35,146,181,110,110,54,455,6,9,15,470
05/30/2012,ABQ,NM,ASW,WE,Combined TRACON& Tower with Radar,177,75,31,10,293,0,32,47,54,133,177,107,78,64,426,10,22,32,458
05/31/2012,ABQ,NM,ASW,WE,Combined TRACON& Tower with Radar,189,77,30,11,307,0,32,46,52,130,189,109,76,63,437,8,12,20,457
06/01/2012,ABQ,NM,ASW,WE,Combined TRACON& Tower with Radar,182,65,35,16,298,0,43,40,60,143,182,108,75,76,441,2,2,4,445
06/02/2012,ABQ,NM,ASW,WE,Combined TRACON& Tower with Radar,150,54,19,5,228,0,14,71,18,103,150,68,90,23,331,10,0,10,341
06/03/2012,ABQ,NM,ASW,WE,Combined TRACON& Tower with Radar,166,36,13,5,220,0,9,42,9,60,166,45,55,14,280,8,2,10,290
06/04/2012,ABQ,NM,ASW,WE,Combined TRACON& Tower with Radar,175,57,24,3,259,0,34,31,7,72,175,91,55,10,331,4,0,4,335
06/05/2012,ABQ,NM,ASW,WE,Combined TRACON& Tower with Radar,182,71,33,21,307,0,39,48,48,135,182,110,81,69,442,4,38,42,484
06/06/2012,ABQ,NM,ASW,WE,Combined TRACON& Tower with Radar,183,69,32,32,316,0,39,41,84,164,183,108,73,116,480,12,52,64,544
06/07/2012,ABQ,NM,ASW,WE,Combined TRACON& Tower with Radar,182,71,29,13,295,0,44,59,46,149,182,115,88,59,444,14,22,36,480
06/08/2012,ABQ,NM,ASW,WE,Combined TRACON& Tower with Radar,177,88,24,18,307,0,33,45,32,110,177,121,69,50,417,4,6,10,427
06/09/2012,ABQ,NM,ASW,WE,Combined TRACON& Tower with Radar,143,53,17,4,217,0,10,55,3,68,143,63,72,7,285,32,0,32,317
06/10/2012,ABQ,NM,ASW,WE,Combined TRACON& Tower with Radar,165,44,23,9,241,1,9,51,5,66,166,53,74,14,307,14,2,16,323
06/11/2012,ABQ,NM,ASW,WE,Combined TRACON& Tower with Radar,169,74,30,8,281,0,31,57,44,132,169,105,87,52,413,4,46,50,463
06/12/2012,ABQ,NM,ASW,WE,Combined TRACON& Tower with Radar,177,73,45,40,335,0,33,49,53,135,177,106,94,93,470,32,30,62,532
06/13/2012,ABQ,NM,ASW,WE,Combined TRACON& Tower with Radar,174,73,35,11,293,0,39,50,43,132,174,112,85,54,425,24,4,28,453
06/14/2012,ABQ,NM,ASW,WE,Combined TRACON& Tower with Radar,193,80,49,11,333,0,33,89,72,194,193,113,138,83,527,22,72,94,621
06/15/2012,ABQ,NM,ASW,WE,Combined TRACON& Tower with Radar,198,78,29,10,315,0,41,55,6,102,198,119,84,16,417,4,0,4,421
06/16/2012,ABQ,NM,ASW,WE,Combined TRACON& Tower with Radar,154,60,43,7,264,0,16,72,7,95,154,76,115,14,359,12,8,20,379
06/17/2012,ABQ,NM,ASW,WE,Combined TRACON& Tower with Radar,166,51,15,10,242,0,10,36,3,49,166,61,51,13,291,8,2,10,301
06/18/2012,ABQ,NM,ASW,WE,Combined TRACON& Tower with Radar,173,65,24,13,275,0,32,41,47,120,173,97,65,60,395,12,26,38,433
06/19/2012,ABQ,NM,ASW,WE,Combined TRACON& Tower with Radar,187,73,31,17,308,0,39,79,51,169,187,112,110,68,477,42,76,118,595
06/20/2012,ABQ,NM,ASW,WE,Combined TRACON& Tower with Radar,184,69,29,15,297,0,38,52,37,127,184,107,81,52,424,4,24,28,452
06/21/2012,ABQ,NM,ASW,WE,Combined TRACON& Tower with Radar,181,72,27,14,294,0,41,32,25,98,181,113,59,39,392,4,10,14,406
06/22/2012,ABQ,NM,ASW,WE,Combined TRACON& Tower with Radar,175,72,29,16,292,0,39,51,45,135,175,111,80,61,427,16,26,42,469
06/23/2012,ABQ,NM,ASW,WE,Combined TRACON& Tower with Radar,151,60,13,6,230,1,18,67,8,94,152,78,80,14,324,32,6,38,362
06/24/2012,ABQ,NM,ASW,WE,Combined TRACON& Tower with Radar,168,52,30,16,266,0,11,108,1,120,168,63,138,17,386,2,0,2,388
06/25/2012,ABQ,NM,ASW,WE,Combined TRACON& Tower with Radar,177,67,25,8,277,0,34,39,31,104,177,101,64,39,381,10,8,18,399
06/26/2012,ABQ,NM,ASW,WE,Combined TRACON& Tower with Radar,179,75,30,10,294,0,44,52,50,146,179,119,82,60,440,32,74,106,546
06/27/2012,ABQ,NM,ASW,WE,Combined TRACON& Tower with Radar,185,76,32,11,304,0,44,67,47,158,185,120,99,58,462,12,68,80,542
06/28/2012,ABQ,NM,ASW,WE,Combined TRACON& Tower with Radar,182,82,30,25,319,0,44,45,36,125,182,126,75,61,444,20,8,28,472
06/29/2012,ABQ,NM,ASW,WE,Combined TRACON& Tower with Radar,181,70,29,14,294,0,40,55,35,130,181,110,84,49,424,8,16,24,448
06/30/2012,ABQ,NM,ASW,WE,Combined TRACON& Tower with Radar,146,59,20,1,226,0,13,47,10,70,146,72,67,11,296,36,0,36,332
07/01/2012,ABQ,NM,ASW,WE,Combined TRACON& Tower with Radar,176,41,20,2,239,0,8,35,2,45,176,49,55,4,284,24,0,24,308
07/02/2012,ABQ,NM,ASW,WE,Combined TRACON& Tower with Radar,178,62,14,3,257,0,33,67,19,119,178,95,81,22,376,0,2,2,378
07/03/2012,ABQ,NM,ASW,WE,Combined TRACON& Tower with Radar,188,60,22,9,279,0,30,46,22,98,188,90,68,31,377,18,4,22,399
07/04/2012,ABQ,NM,ASW,WE,Combined TRACON& Tower with Radar,167,33,18,3,221,0,8,41,8,57,167,41,59,11,278,16,0,16,294
07/05/2012,ABQ,NM,ASW,WE,Combined TRACON& Tower with Radar,184,53,26,2,265,0,29,30,2,61,184,82,56,4,326,4,0,4,330
07/06/2012,ABQ,NM,ASW,WE,Combined TRACON& Tower with Radar,183,63,31,4,281,0,33,55,0,88,183,96,86,4,369,24,0,24,393
07/07/2012,ABQ,NM,ASW,WE,Combined TRACON& Tower with Radar,165,46,11,3,225,0,12,49,4,65,165,58,60,7,290,40,10,50,340
07/08/2012,ABQ,NM,ASW,WE,Combined TRACON& Tower with Radar,172,38,24,6,240,0,10,28,1,39,172,48,52,7,279,2,2,4,283
07/09/2012,ABQ,NM,ASW,WE,Combined TRACON& Tower with Radar,184,70,16,7,277,0,29,25,22,76,184,99,41,29,353,6,2,8,361
07/10/2012,ABQ,NM,ASW,WE,Combined TRACON& Tower with Radar,190,76,25,15,306,0,31,47,38,116,190,107,72,53,422,27,50,77,499
07/11/2012,ABQ,NM,ASW,WE,Combined TRACON& Tower with Radar,198,74,50,6,328,0,36,37,34,107,198,110,87,40,435,18,20,38,473
07/12/2012,ABQ,NM,ASW,WE,Combined TRACON& Tower with Radar,195,62,29,12,298,0,43,63,57,163,195,105,92,69,461,8,42,50,511
07/13/2012,ABQ,NM,ASW,WE,Combined TRACON& Tower with Radar,187,67,38,21,313,0,33,52,44,129,187,100,90,65,442,16,40,56,498
07/14/2012,ABQ,NM,ASW,WE,Combined TRACON& Tower with Radar,167,44,16,12,239,0,11,43,7,61,167,55,59,19,300,10,18,28,328
07/15/2012,ABQ,NM,ASW,WE,Combined TRACON& Tower with Radar,174,34,16,9,233,0,12,44,1,57,174,46,60,10,290,10,0,10,300
07/16/2012,ABQ,NM,ASW,WE,Combined TRACON& Tower with Radar,188,66,22,9,285,0,28,33,31,92,188,94,55,40,377,8,20,28,405
07/17/2012,ABQ,NM,ASW,WE,Combined TRACON& Tower with Radar,195,70,31,12,308,0,35,52,53,140,195,105,83,65,448,4,12,16,464
07/18/2012,ABQ,NM,ASW,WE,Combined TRACON& Tower with Radar,192,66,29,8,295,0,35,23,41,99,192,101,52,49,394,6,10,16,410
07/19/2012,ABQ,NM,ASW,WE,Combined TRACON& Tower with Radar,195,71,35,23,324,0,43,51,54,148,195,114,86,77,472,0,42,42,514
07/20/2012,ABQ,NM,ASW,WE,Combined TRACON& Tower with Radar,186,79,51,17,333,0,35,55,41,131,186,114,106,58,464,0,18,18,482
07/21/2012,ABQ,NM,ASW,WE,Combined TRACON& Tower with Radar,176,43,16,6,241,0,16,52,6,74,176,59,68,12,315,6,6,12,327
07/22/2012,ABQ,NM,ASW,WE,Combined TRACON& Tower with Radar,172,37,25,4,238,0,7,36,0,43,172,44,61,4,281,22,0,22,303
07/23/2012,ABQ,NM,ASW,WE,Combined TRACON& Tower with Radar,188,69,29,13,299,0,35,41,32,108,188,104,70,45,407,2,18,20,427
07/24/2012,ABQ,NM,ASW,WE,Combined TRACON& Tower with Radar,193,61,27,19,300,0,34,46,50,130,193,95,73,69,430,18,22,40,470
07/25/2012,ABQ,NM,ASW,WE,Combined TRACON& Tower with Radar,200,64,34,24,322,0,34,52,39,125,200,98,86,63,447,2,22,24,471
07/26/2012,ABQ,NM,ASW,WE,Combined TRACON& Tower with Radar,191,63,31,15,300,0,33,46,30,109,191,96,77,45,409,18,18,36,445
07/27/2012,ABQ,NM,ASW,WE,Combined TRACON& Tower with Radar,194,71,35,35,335,0,37,39,42,118,194,108,74,77,453,0,46,46,499
07/28/2012,ABQ,NM,ASW,WE,Combined TRACON& Tower with Radar,166,37,32,4,239,0,15,61,6,82,166,52,93,10,321,16,0,16,337
07/29/2012,ABQ,NM,ASW,WE,Combined TRACON& Tower with Radar,176,39,23,15,253,0,12,28,2,42,176,51,51,17,295,0,0,0,295
07/30/2012,ABQ,NM,ASW,WE,Combined TRACON& Tower with Radar,191,56,20,8,275,0,28,50,58,136,191,84,70,66,411,20,30,50,461
07/31/2012,ABQ,NM,ASW,WE,Combined TRACON& Tower with Radar,195,68,39,10,312,0,34,52,35,121,195,102,91,45,433,34,28,62,495
08/01/2012,ABQ,NM,ASW,WE,Combined TRACON& Tower with Radar,197,54,28,6,285,0,39,39,33,111,197,93,67,39,396,44,26,70,466
08/02/2012,ABQ,NM,ASW,WE,Combined TRACON& Tower with Radar,191,67,31,10,299,0,41,36,43,120,191,108,67,53,419,14,36,50,469
08/03/2012,ABQ,NM,ASW,WE,Combined TRACON& Tower with Radar,191,67,29,20,307,0,35,35,71,141,191,102,64,91,448,8,89,97,545
08/04/2012,ABQ,NM,ASW,WE,Combined TRACON& Tower with Radar,158,46,22,5,231,0,10,42,18,70,158,56,64,23,301,16,6,22,323
08/05/2012,ABQ,NM,ASW,WE,Combined TRACON& Tower with Radar,172,46,16,2,236,0,10,33,6,49,172,56,49,8,285,28,0,28,313
08/06/2012,ABQ,NM,ASW,WE,Combined TRACON& Tower with Radar,184,58,33,6,281,0,26,56,7,89,184,84,89,13,370,14,12,26,396
08/07/2012,ABQ,NM,ASW,WE,Combined TRACON& Tower with Radar,194,65,40,8,307,0,39,44,24,107,194,104,84,32,414,4,6,10,424
08/08/2012,ABQ,NM,ASW,WE,Combined TRACON& Tower with Radar,196,71,49,6,322,0,34,67,60,161,196,105,116,66,483,18,48,66,549
08/09/2012,ABQ,NM,ASW,WE,Combined TRACON& Tower with Radar,189,66,30,12,297,0,42,65,55,162,189,108,95,67,459,10,16,26,485
08/10/2012,ABQ,NM,ASW,WE,Combined TRACON& Tower with Radar,192,56,30,28,306,0,44,38,61,143,192,100,68,89,449,18,80,98,547
08/11/2012,ABQ,NM,ASW,WE,Combined TRACON& Tower with Radar,162,41,13,2,218,0,9,63,6,78,162,50,76,8,296,14,0,14,310
08/12/2012,ABQ,NM,ASW,WE,Combined TRACON& Tower with Radar,168,40,16,3,227,0,10,45,4,59,168,50,61,7,286,24,0,24,310
08/13/2012,ABQ,NM,ASW,WE,Combined TRACON& Tower with Radar,175,75,28,17,295,0,31,44,41,116,175,106,72,58,411,2,34,36,447
08/14/2012,ABQ,NM,ASW,WE,Combined TRACON& Tower with Radar,187,63,34,34,318,0,35,46,57,138,187,98,80,91,456,16,80,96,552
08/15/2012,ABQ,NM,ASW,WE,Combined TRACON& Tower with Radar,180,71,23,8,282,0,41,45,39,125,180,112,68,47,407,28,20,48,455
08/16/2012,ABQ,NM,ASW,WE,Combined TRACON& Tower with Radar,181,71,31,10,293,0,35,48,41,124,181,106,79,51,417,16,22,38,455
08/17/2012,ABQ,NM,ASW,WE,Combined TRACON& Tower with Radar,180,62,25,20,287,0,33,56,71,160,180,95,81,91,447,36,94,130,577
08/18/2012,ABQ,NM,ASW,WE,Combined TRACON& Tower with Radar,140,44,11,12,207,0,20,59,3,82,140,64,70,15,289,41,4,45,334
08/19/2012,ABQ,NM,ASW,WE,Combined TRACON& Tower with Radar,158,43,19,6,226,0,8,26,1,35,158,51,45,7,261,4,0,4,265
08/20/2012,ABQ,NM,ASW,WE,Combined TRACON& Tower with Radar,174,57,38,14,283,0,23,30,11,64,174,80,68,25,347,14,4,18,365
08/21/2012,ABQ,NM,ASW,WE,Combined TRACON& Tower with Radar,178,61,26,20,285,0,36,65,68,169,178,97,91,88,454,48,104,152,606
08/22/2012,ABQ,NM,ASW,WE,Combined TRACON& Tower with Radar,173,60,39,19,291,0,34,47,79,160,173,94,86,98,451,28,76,104,555
08/23/2012,ABQ,NM,ASW,WE,Combined TRACON& Tower with Radar,189,65,45,13,312,0,30,44,44,118,189,95,89,57,430,34,28,62,492
08/24/2012,ABQ,NM,ASW,WE,Combined TRACON& Tower with Radar,179,67,31,35,312,0,31,45,53,129,179,98,76,88,441,4,38,42,483
08/25/2012,ABQ,NM,ASW,WE,Combined TRACON& Tower with Radar,135,42,12,3,192,0,11,45,7,63,135,53,57,10,255,36,0,36,291
08/26/2012,ABQ,NM,ASW,WE,Combined TRACON& Tower with Radar,161,40,24,6,231,0,7,35,3,45,161,47,59,9,276,2,8,10,286
08/27/2012,ABQ,NM,ASW,WE,Combined TRACON& Tower with Radar,173,67,35,14,289,0,25,41,14,80,173,92,76,28,369,12,6,18,387
08/28/2012,ABQ,NM,ASW,WE,Combined TRACON& Tower with Radar,179,67,43,21,310,0,41,66,49,156,179,108,109,70,466,24,48,72,538
08/29/2012,ABQ,NM,ASW,WE,Combined TRACON& Tower with Radar,182,55,50,28,315,0,47,46,61,154,182,102,96,89,469,14,54,68,537
08/30/2012,ABQ,NM,ASW,WE,Combined TRACON& Tower with Radar,190,61,27,10,288,0,36,55,34,125,190,97,82,44,413,32,12,44,457
08/31/2012,ABQ,NM,ASW,WE,Combined TRACON& Tower with Radar,178,70,42,17,307,0,33,87,61,181,178,103,129,78,488,16,103,119,607
09/01/2012,ABQ,NM,ASW,WE,Combined TRACON& Tower with Radar,124,36,24,2,186,0,16,55,0,71,124,52,79,2,257,10,0,10,267
09/02/2012,ABQ,NM,ASW,WE,Combined TRACON& Tower with Radar,116,25,21,2,164,0,12,36,0,48,116,37,57,2,212,10,0,10,222
09/03/2012,ABQ,NM,ASW,WE,Combined TRACON& Tower with Radar,156,40,24,2,222,0,14,26,0,40,156,54,50,2,262,10,0,10,272
09/04/2012,ABQ,NM,ASW,WE,Combined TRACON& Tower with Radar,182,61,28,9,280,0,36,58,9,103,182,97,86,18,383,14,0,14,397
09/05/2012,ABQ,NM,ASW,WE,Combined TRACON& Tower with Radar,184,55,31,31,301,0,33,44,65,142,184,88,75,96,443,24,58,82,525
09/06/2012,ABQ,NM,ASW,WE,Combined TRACON& Tower with Radar,187,56,48,25,316,0,38,42,82,162,187,94,90,107,478,34,84,118,596
09/07/2012,ABQ,NM,ASW,WE,Combined TRACON& Tower with Radar,180,63,34,57,334,0,31,53,91,175,180,94,87,148,509,6,150,156,665
09/08/2012,ABQ,NM,ASW,WE,Combined TRACON& Tower with Radar,138,37,17,13,205,0,10,30,37,77,138,47,47,50,282,0,54,54,336
09/09/2012,ABQ,NM,ASW,WE,Combined TRACON& Tower with Radar,165,38,20,11,234,0,11,45,13,69,165,49,65,24,303,18,10,28,331
09/10/2012,ABQ,NM,ASW,WE,Combined TRACON& Tower with Radar,174,57,28,3,262,0,26,30,59,115,174,83,58,62,377,0,34,34,411
09/11/2012,ABQ,NM,ASW,WE,Combined TRACON& Tower with Radar,175,67,38,6,286,0,30,64,65,159,175,97,102,71,445,0,36,36,481
09/12/2012,ABQ,NM,ASW,WE,Combined TRACON& Tower with Radar,186,66,56,15,323,0,22,23,55,100,186,88,79,70,423,4,2,6,429
09/13/2012,ABQ,NM,ASW,WE,Combined TRACON& Tower with Radar,182,91,42,25,340,0,12,17,67,96,182,103,59,92,436,14,20,34,470
09/14/2012,ABQ,NM,ASW,WE,Combined TRACON& Tower with Radar,184,58,38,36,316,0,31,60,32,123,184,89,98,68,439,12,32,44,483
09/15/2012,ABQ,NM,ASW,WE,Combined TRACON& Tower with Radar,141,34,17,8,200,0,16,50,6,72,141,50,67,14,272,40,4,44,316
09/16/2012,ABQ,NM,ASW,WE,Combined TRACON& Tower with Radar,164,43,18,9,234,0,12,34,1,47,164,55,52,10,281,20,0,20,301
09/17/2012,ABQ,NM,ASW,WE,Combined TRACON& Tower with Radar,177,58,27,12,274,0,27,42,28,97,177,85,69,40,371,14,0,14,385
09/18/2012,ABQ,NM,ASW,WE,Combined TRACON& Tower with Radar,174,72,38,22,306,0,34,68,49,151,174,106,106,71,457,14,30,44,501
09/19/2012,ABQ,NM,ASW,WE,Combined TRACON& Tower with Radar,179,47,44,12,282,0,34,57,51,142,179,81,101,63,424,4,12,16,440
09/20/2012,ABQ,NM,ASW,WE,Combined TRACON& Tower with Radar,179,59,36,14,288,0,29,70,51,150,179,88,106,65,438,34,30,64,502
09/21/2012,ABQ,NM,ASW,WE,Combined TRACON& Tower with Radar,176,81,47,66,370,0,36,72,70,178,176,117,119,136,548,16,18,34,582
09/22/2012,ABQ,NM,ASW,WE,Combined TRACON& Tower with Radar,134,35,27,18,214,0,16,66,5,87,134,51,93,23,301,0,0,0,301
09/23/2012,ABQ,NM,ASW,WE,Combined TRACON& Tower with Radar,155,46,23,7,231,0,11,36,7,54,155,57,59,14,285,0,0,0,285
09/24/2012,ABQ,NM,ASW,WE,Combined TRACON& Tower with Radar,173,57,40,16,286,0,33,23,57,113,173,90,63,73,399,0,20,20,419
09/25/2012,ABQ,NM,ASW,WE,Combined TRACON& Tower with Radar,174,67,47,20,308,0,37,44,63,144,174,104,91,83,452,6,46,52,504
09/26/2012,ABQ,NM,ASW,WE,Combined TRACON& Tower with Radar,177,50,45,18,290,0,39,48,38,125,177,89,93,56,415,2,34,36,451
09/27/2012,ABQ,NM,ASW,WE,Combined TRACON& Tower with Radar,178,74,40,19,311,0,33,72,46,151,178,107,112,65,462,22,21,43,505
09/28/2012,ABQ,NM,ASW,WE,Combined TRACON& Tower with Radar,180,85,28,13,306,0,21,43,14,78,180,106,71,27,384,14,2,16,400
09/29/2012,ABQ,NM,ASW,WE,Combined TRACON& Tower with Radar,134,39,27,2,202,0,15,42,8,65,134,54,69,10,267,0,0,0,267
09/30/2012,ABQ,NM,ASW,WE,Combined TRACON& Tower with Radar,155,47,32,6,240,0,6,55,8,69,155,53,87,14,309,8,0,8,317
10/01/2012,ABQ,NM,ASW,WE,Combined TRACON& Tower with Radar,169,57,23,4,253,0,23,45,6,74,169,80,68,10,327,4,0,4,331
10/02/2012,ABQ,NM,ASW,WE,Combined TRACON& Tower with Radar,168,73,30,24,295,0,26,49,45,120,168,99,79,69,415,0,10,10,425
10/03/2012,ABQ,NM,ASW,WE,Combined TRACON& Tower with Radar,178,43,27,26,274,0,44,42,60,146,178,87,69,86,420,4,34,38,458
10/04/2012,ABQ,NM,ASW,WE,Combined TRACON& Tower with Radar,183,62,44,17,306,0,38,53,46,137,183,100,97,63,443,16,6,22,465
10/05/2012,ABQ,NM,ASW,WE,Combined TRACON& Tower with Radar,188,53,37,50,328,0,37,70,70,177,188,90,107,120,505,0,58,58,563
10/06/2012,ABQ,NM,ASW,WE,Combined TRACON& Tower with Radar,135,40,23,4,202,0,9,48,5,62,135,49,71,9,264,0,0,0,264
10/07/2012,ABQ,NM,ASW,WE,Combined TRACON& Tower with Radar,155,36,31,6,228,0,8,47,4,59,155,44,78,10,287,10,4,14,301
10/08/2012,ABQ,NM,ASW,WE,Combined TRACON& Tower with Radar,169,63,25,6,263,0,27,63,0,90,169,90,88,6,353,16,4,20,373
10/09/2012,ABQ,NM,ASW,WE,Combined TRACON& Tower with Radar,176,54,24,11,265,0,34,55,55,144,176,88,79,66,409,28,14,42,451
10/10/2012,ABQ,NM,ASW,WE,Combined TRACON& Tower with Radar,173,50,33,10,266,0,45,43,67,155,173,95,76,77,421,8,14,22,443
10/11/2012,ABQ,NM,ASW,WE,Combined TRACON& Tower with Radar,174,61,26,11,272,0,38,39,56,133,174,99,65,67,405,2,12,14,419
10/12/2012,ABQ,NM,ASW,WE,Combined TRACON& Tower with Radar,172,79,33,11,295,0,27,22,19,68,172,106,55,30,363,12,4,16,379
10/13/2012,ABQ,NM,ASW,WE,Combined TRACON& Tower with Radar,139,40,26,1,206,0,16,37,14,67,139,56,63,15,273,12,4,16,289
10/14/2012,ABQ,NM,ASW,WE,Combined TRACON& Tower with Radar,166,36,22,8,232,0,9,50,4,63,166,45,72,12,295,2,4,6,301
10/15/2012,ABQ,NM,ASW,WE,Combined TRACON& Tower with Radar,172,62,18,23,275,0,33,26,56,115,172,95,44,79,390,4,20,24,414
10/16/2012,ABQ,NM,ASW,WE,Combined TRACON& Tower with Radar,176,50,27,13,266,0,36,52,59,147,176,86,79,72,413,2,48,50,463
10/17/2012,ABQ,NM,ASW,WE,Combined TRACON& Tower with Radar,175,49,28,18,270,1,32,50,58,141,176,81,78,76,411,24,18,42,453
10/18/2012,ABQ,NM,ASW,WE,Combined TRACON& Tower with Radar,183,53,27,25,288,0,35,51,46,132,183,88,78,71,420,6,26,32,452
10/19/2012,ABQ,NM,ASW,WE,Combined TRACON& Tower with Radar,179,70,37,25,311,0,33,70,52,155,179,103,107,77,466,16,14,30,496
10/20/2012,ABQ,NM,ASW,WE,Combined TRACON& Tower with Radar,139,27,17,4,187,0,11,60,8,79,139,38,77,12,266,16,16,32,298
10/21/2012,ABQ,NM,ASW,WE,Combined TRACON& Tower with Radar,160,30,37,8,235,0,13,39,0,52,160,43,76,8,287,0,0,0,287
10/22/2012,ABQ,NM,ASW,WE,Combined TRACON& Tower with Radar,174,48,35,9,266,0,30,42,82,154,174,78,77,91,420,2,78,80,500
10/23/2012,ABQ,NM,ASW,WE,Combined TRACON& Tower with Radar,172,52,45,9,278,0,37,51,62,150,172,89,96,71,428,32,33,65,493
10/24/2012,ABQ,NM,ASW,WE,Combined TRACON& Tower with Radar,176,49,48,8,281,0,41,54,54,149,176,90,102,62,430,14,26,40,470
10/25/2012,ABQ,NM,ASW,WE,Combined TRACON& Tower with Radar,181,61,46,15,303,0,38,44,56,138,181,99,90,71,441,48,22,70,511
10/26/2012,ABQ,NM,ASW,WE,Combined TRACON& Tower with Radar,174,68,36,30,308,0,43,54,59,156,174,111,90,89,464,18,84,102,566
10/27/2012,ABQ,NM,ASW,WE,Combined TRACON& Tower with Radar,139,29,12,9,189,0,12,54,2,68,139,41,66,11,257,26,0,26,283
10/28/2012,ABQ,NM,ASW,WE,Combined TRACON& Tower with Radar,167,32,21,5,225,0,8,41,2,51,167,40,62,7,276,0,0,0,276
10/29/2012,ABQ,NM,ASW,WE,Combined TRACON& Tower with Radar,172,64,21,10,267,0,25,36,47,108,172,89,57,57,375,6,16,22,397
10/30/2012,ABQ,NM,ASW,WE,Combined TRACON& Tower with Radar,167,51,37,9,264,0,38,59,61,158,167,89,96,70,422,8,24,32,454
10/31/2012,ABQ,NM,ASW,WE,Combined TRACON& Tower with Radar,166,46,17,4,233,0,36,45,29,110,166,82,62,33,343,0,10,10,353
11/01/2012,ABQ,NM,ASW,WE,Combined TRACON& Tower with Radar,179,51,17,11,258,0,41,71,32,144,179,92,88,43,402,14,6,20,422
11/02/2012,ABQ,NM,ASW,WE,Combined TRACON& Tower with Radar,174,64,20,46,304,0,31,59,45,135,174,95,79,91,439,4,42,46,485
11/03/2012,ABQ,NM,ASW,WE,Combined TRACON& Tower with Radar,135,38,15,12,200,0,14,78,17,109,135,52,93,29,309,72,8,80,389
11/04/2012,ABQ,NM,ASW,WE,Combined TRACON& Tower with Radar,143,39,29,9,220,0,11,55,5,71,143,50,84,14,291,8,2,10,301
11/05/2012,ABQ,NM,ASW,WE,Combined TRACON& Tower with Radar,157,50,19,20,246,0,34,41,22,97,157,84,60,42,343,6,6,12,355
11/06/2012,ABQ,NM,ASW,WE,Combined TRACON& Tower with Radar,152,55,26,25,258,0,41,50,79,170,152,96,76,104,428,28,40,68,496
11/07/2012,ABQ,NM,ASW,WE,Combined TRACON& Tower with Radar,162,66,34,26,288,0,39,59,64,162,162,105,93,90,450,12,50,62,512
11/08/2012,ABQ,NM,ASW,WE,Combined TRACON& Tower with Radar,168,66,37,48,319,0,40,58,60,158,168,106,95,108,477,42,58,100,577
11/09/2012,ABQ,NM,ASW,WE,Combined TRACON& Tower with Radar,160,82,40,23,305,1,28,34,33,96,161,110,74,56,401,0,0,0,401
11/10/2012,ABQ,NM,ASW,WE,Combined TRACON& Tower with Radar,135,41,29,11,216,0,6,8,4,18,135,47,37,15,234,0,0,0,234
11/11/2012,ABQ,NM,ASW,WE,Combined TRACON& Tower with Radar,134,38,20,4,196,0,3,19,8,30,134,41,39,12,226,8,0,8,234
11/12/2012,ABQ,NM,ASW,WE,Combined TRACON& Tower with Radar,159,48,13,3,223,0,24,31,5,60,159,72,44,8,283,0,0,0,283
11/13/2012,ABQ,NM,ASW,WE,Combined TRACON& Tower with Radar,168,54,19,20,261,0,33,50,33,116,168,87,69,53,377,18,30,48,425
11/14/2012,ABQ,NM,ASW,WE,Combined TRACON& Tower with Radar,163,65,41,17,286,0,34,46,36,116,163,99,87,53,402,24,28,52,454
11/15/2012,ABQ,NM,ASW,WE,Combined TRACON& Tower with Radar,169,72,37,6,284,0,35,46,49,130,169,107,83,55,414,52,26,78,492
11/16/2012,ABQ,NM,ASW,WE,Combined TRACON& Tower with Radar,162,61,44,17,284,0,30,67,38,135,162,91,111,55,419,36,12,48,467
11/17/2012,ABQ,NM,ASW,WE,Combined TRACON& Tower with Radar,139,36,30,2,207,0,12,78,17,107,139,48,108,19,314,4,4,8,322
11/18/2012,ABQ,NM,ASW,WE,Combined TRACON& Tower with Radar,143,26,27,6,202,0,6,47,12,65,143,32,74,18,267,18,2,20,287
11/19/2012,ABQ,NM,ASW,WE,Combined TRACON& Tower with Radar,159,54,27,11,251,0,30,51,38,119,159,84,78,49,370,32,22,54,424
11/20/2012,ABQ,NM,ASW,WE,Combined TRACON& Tower with Radar,167,58,39,21,285,0,40,65,51,156,167,98,104,72,441,18,16,34,475
11/21/2012,ABQ,NM,ASW,WE,Combined TRACON& Tower with Radar,172,57,37,8,274,0,38,41,8,87,172,95,78,16,361,12,0,12,373
11/22/2012,ABQ,NM,ASW,WE,Combined TRACON& Tower with Radar,108,32,6,0,146,0,13,14,1,28,108,45,20,1,174,0,0,0,174
11/23/2012,ABQ,NM,ASW,WE,Combined TRACON& Tower with Radar,126,66,24,0,216,0,38,30,0,68,126,104,54,0,284,8,0,8,292
11/24/2012,ABQ,NM,ASW,WE,Combined TRACON& Tower with Radar,138,44,34,0,216,0,14,39,1,54,138,58,73,1,270,34,0,34,304
11/25/2012,ABQ,NM,ASW,WE,Combined TRACON& Tower with Radar,166,42,29,0,237,0,5,40,1,46,166,47,69,1,283,18,0,18,301
11/26/2012,ABQ,NM,ASW,WE,Combined TRACON& Tower with Radar,168,51,36,18,273,0,23,39,47,109,168,74,75,65,382,4,40,44,426
11/27/2012,ABQ,NM,ASW,WE,Combined TRACON& Tower with Radar,159,56,20,22,257,0,30,31,51,112,159,86,51,73,369,6,38,44,413
11/28/2012,ABQ,NM,ASW,WE,Combined TRACON& Tower with Radar,155,66,45,14,280,0,33,46,72,151,155,99,91,86,431,6,70,76,507
11/29/2012,ABQ,NM,ASW,WE,Combined TRACON& Tower with Radar,161,67,41,35,304,0,39,55,68,162,161,106,96,103,466,10,6,16,482
11/30/2012,ABQ,NM,ASW,WE,Combined TRACON& Tower with Radar,153,69,31,16,269,0,34,45,53,132,153,103,76,69,401,12,48,60,461
12/01/2012,ABQ,NM,ASW,WE,Combined TRACON& Tower with Radar,127,33,18,3,181,0,14,50,5,69,127,47,68,8,250,10,0,10,260
12/02/2012,ABQ,NM,ASW,WE,Combined TRACON& Tower with Radar,135,33,14,9,191,0,10,38,3,51,135,43,52,12,242,0,0,0,242
12/03/2012,ABQ,NM,ASW,WE,Combined TRACON& Tower with Radar,150,50,26,26,252,0,27,30,3,60,150,77,56,29,312,0,0,0,312
12/04/2012,ABQ,NM,ASW,WE,Combined TRACON& Tower with Radar,156,47,31,8,242,0,36,55,70,161,156,83,86,78,403,2,34,36,439
12/05/2012,ABQ,NM,ASW,WE,Combined TRACON& Tower with Radar,155,53,44,18,270,0,37,36,51,124,155,90,80,69,394,10,41,51,445
12/06/2012,ABQ,NM,ASW,WE,Combined TRACON& Tower with Radar,162,62,31,18,273,0,32,62,62,156,162,94,93,80,429,16,60,76,505
12/07/2012,ABQ,NM,ASW,WE,Combined TRACON& Tower with Radar,155,59,30,32,276,0,29,44,36,109,155,88,74,68,385,24,24,48,433
12/08/2012,ABQ,NM,ASW,WE,Combined TRACON& Tower with Radar,130,32,26,4,192,0,7,39,4,50,130,39,65,8,242,34,0,34,276
12/09/2012,ABQ,NM,ASW,WE,Combined TRACON& Tower with Radar,142,51,20,5,218,0,6,18,0,24,142,57,38,5,242,12,0,12,254
12/10/2012,ABQ,NM,ASW,WE,Combined TRACON& Tower with Radar,149,60,31,14,254,0,29,16,37,82,149,89,47,51,336,14,10,24,360
12/11/2012,ABQ,NM,ASW,WE,Combined TRACON& Tower with Radar,161,54,18,17,250,0,44,49,38,131,161,98,67,55,381,0,0,0,381
12/12/2012,ABQ,NM,ASW,WE,Combined TRACON& Tower with Radar,165,59,37,29,290,0,31,58,59,148,165,90,95,88,438,22,32,54,492
12/13/2012,ABQ,NM,ASW,WE,Combined TRACON& Tower with Radar,161,54,45,12,272,0,28,53,55,136,161,82,98,67,408,22,16,38,446
12/14/2012,ABQ,NM,ASW,WE,Combined TRACON& Tower with Radar,165,82,44,3,294,0,12,3,18,33,165,94,47,21,327,0,0,0,327
12/15/2012,ABQ,NM,ASW,WE,Combined TRACON& Tower with Radar,147,29,24,10,210,0,8,22,12,42,147,37,46,22,252,0,8,8,260
12/16/2012,ABQ,NM,ASW,WE,Combined TRACON& Tower with Radar,144,33,16,3,196,0,5,23,10,38,144,38,39,13,234,0,0,0,234
12/17/2012,ABQ,NM,ASW,WE,Combined TRACON& Tower with Radar,157,44,27,14,242,0,26,33,46,105,157,70,60,60,347,2,36,38,385
12/18/2012,ABQ,NM,ASW,WE,Combined TRACON& Tower with Radar,168,49,48,27,292,0,43,54,45,142,168,92,102,72,434,4,18,22,456
12/19/2012,ABQ,NM,ASW,WE,Combined TRACON& Tower with Radar,162,77,36,11,286,0,21,8,20,49,162,98,44,31,335,0,0,0,335
12/20/2012,ABQ,NM,ASW,WE,Combined TRACON& Tower with Radar,169,66,30,26,291,0,46,57,53,156,169,112,87,79,447,0,0,0,447
12/21/2012,ABQ,NM,ASW,WE,Combined TRACON& Tower with Radar,172,57,22,13,264,0,46,42,30,118,172,103,64,43,382,26,0,26,408
12/22/2012,ABQ,NM,ASW,WE,Combined TRACON& Tower with Radar,168,43,13,1,225,0,10,38,2,50,168,53,51,3,275,0,0,0,275
12/23/2012,ABQ,NM,ASW,WE,Combined TRACON& Tower with Radar,144,41,18,0,203,0,8,42,7,57,144,49,60,7,260,16,0,16,276
12/24/2012,ABQ,NM,ASW,WE,Combined TRACON& Tower with Radar,126,63,12,1,202,0,16,19,3,38,126,79,31,4,240,0,0,0,240
12/25/2012,ABQ,NM,ASW,WE,Combined TRACON& Tower with Radar,109,39,14,0,162,0,12,9,3,24,109,51,23,3,186,0,0,0,186
12/26/2012,ABQ,NM,ASW,WE,Combined TRACON& Tower with Radar,156,56,18,2,232,0,33,29,4,66,156,89,47,6,298,4,0,4,302
12/27/2012,ABQ,NM,ASW,WE,Combined TRACON& Tower with Radar,172,75,24,7,278,0,31,27,27,85,172,106,51,34,363,8,24,32,395
12/28/2012,ABQ,NM,ASW,WE,Combined TRACON& Tower with Radar,165,65,29,4,263,0,32,31,5,68,165,97,60,9,331,0,2,2,333
12/29/2012,ABQ,NM,ASW,WE,Combined TRACON& Tower with Radar,142,40,10,0,192,0,12,44,0,56,142,52,54,0,248,12,0,12,260
12/30/2012,ABQ,NM,ASW,WE,Combined TRACON& Tower with Radar,139,43,32,0,214,0,6,19,0,25,139,49,51,0,239,0,0,0,239
12/31/2012,ABQ,NM,ASW,WE,Combined TRACON& Tower with Radar,131,70,11,0,212,0,7,11,0,18,131,77,22,0,230,6,0,6,236
01/01/2013,ABQ,NM,ASW,WE,Combined TRACON& Tower with Radar,122,35,16,0,173,0,9,12,0,21,122,44,28,0,194,10,0,10,204
01/02/2013,ABQ,NM,ASW,WE,Combined TRACON& Tower with Radar,155,52,13,1,221,0,39,33,1,73,155,91,46,2,294,0,0,0,294
01/03/2013,ABQ,NM,ASW,WE,Combined TRACON& Tower with Radar,160,79,22,21,282,0,22,39,66,127,160,101,61,87,409,14,46,60,469
01/04/2013,ABQ,NM,ASW,WE,Combined TRACON& Tower with Radar,152,65,30,26,273,0,28,49,42,119,152,93,79,68,392,28,22,50,442
01/05/2013,ABQ,NM,ASW,WE,Combined TRACON& Tower with Radar,120,34,20,2,176,0,13,36,7,56,120,47,56,9,232,28,6,34,266
01/06/2013,ABQ,NM,ASW,WE,Combined TRACON& Tower with Radar,115,36,22,4,177,0,8,38,3,49,115,44,60,7,226,14,2,16,242
01/07/2013,ABQ,NM,ASW,WE,Combined TRACON& Tower with Radar,134,50,21,18,223,0,27,31,40,98,134,77,52,58,321,0,4,4,325
01/08/2013,ABQ,NM,ASW,WE,Combined TRACON& Tower with Radar,140,57,33,24,254,0,38,53,51,142,140,95,86,75,396,52,36,88,484
01/09/2013,ABQ,NM,ASW,WE,Combined TRACON& Tower with Radar,143,52,40,21,256,0,27,39,44,110,143,79,79,65,366,14,0,14,380
01/10/2013,ABQ,NM,ASW,WE,Combined TRACON& Tower with Radar,145,53,40,14,252,0,32,37,49,118,145,85,77,63,370,4,4,8,378
01/11/2013,ABQ,NM,ASW,WE,Combined TRACON& Tower with Radar,141,62,39,11,253,0,25,6,18,49,141,87,45,29,302,10,0,10,312
01/12/2013,ABQ,NM,ASW,WE,Combined TRACON& Tower with Radar,95,47,30,9,181,0,8,39,7,54,95,55,69,16,235,0,4,4,239
01/13/2013,ABQ,NM,ASW,WE,Combined TRACON& Tower with Radar,113,37,15,13,178,0,6,31,2,39,113,43,46,15,217,8,2,10,227
01/14/2013,ABQ,NM,ASW,WE,Combined TRACON& Tower with Radar,131,70,36,14,251,0,7,6,55,68,131,77,42,69,319,4,48,52,371
01/15/2013,ABQ,NM,ASW,WE,Combined TRACON& Tower with Radar,136,64,47,6,253,0,33,49,37,119,136,97,96,43,372,10,4,14,386
01/16/2013,ABQ,NM,ASW,WE,Combined TRACON& Tower with Radar,141,55,41,17,254,0,36,38,56,130,141,91,79,73,384,0,28,28,412
01/17/2013,ABQ,NM,ASW,WE,Combined TRACON& Tower with Radar,143,50,32,42,267,0,38,33,42,113,143,88,65,84,380,18,18,36,416
01/18/2013,ABQ,NM,ASW,WE,Combined TRACON& Tower with Radar,144,47,32,16,239,0,35,65,51,151,144,82,97,67,390,2,32,34,424
01/19/2013,ABQ,NM,ASW,WE,Combined TRACON& Tower with Radar,95,39,24,2,160,0,14,73,4,91,95,53,97,6,251,42,0,42,293
01/20/2013,ABQ,NM,ASW,WE,Combined TRACON& Tower with Radar,112,23,19,6,160,0,6,50,2,58,112,29,69,8,218,0,0,0,218
01/21/2013,ABQ,NM,ASW,WE,Combined TRACON& Tower with Radar,137,40,26,7,210,0,21,46,0,67,137,61,72,7,277,0,0,0,277
01/22/2013,ABQ,NM,ASW,WE,Combined TRACON& Tower with Radar,139,51,33,17,240,0,45,51,45,141,139,96,84,62,381,22,14,36,417
01/23/2013,ABQ,NM,ASW,WE,Combined TRACON& Tower with Radar,140,58,53,10,261,0,34,57,50,141,140,92,110,60,402,12,34,46,448
01/24/2013,ABQ,NM,ASW,WE,Combined TRACON& Tower with Radar,140,51,52,21,264,0,38,57,45,140,140,89,109,66,404,10,4,14,418
01/25/2013,ABQ,NM,ASW,WE,Combined TRACON& Tower with Radar,139,56,52,24,271,0,34,38,85,157,139,90,90,109,428,10,38,48,476
01/26/2013,ABQ,NM,ASW,WE,Combined TRACON& Tower with Radar,92,43,9,8,152,0,3,5,1,9,92,46,14,9,161,16,0,16,177
01/27/2013,ABQ,NM,ASW,WE,Combined TRACON& Tower with Radar,112,40,16,10,178,0,10,48,10,68,112,50,64,20,246,46,8,54,300
01/28/2013,ABQ,NM,ASW,WE,Combined TRACON& Tower with Radar,133,72,27,4,236,0,22,5,35,62,133,94,32,39,298,2,6,8,306
01/29/2013,ABQ,NM,ASW,WE,Combined TRACON& Tower with Radar,135,69,21,14,239,0,22,8,46,76,135,91,29,60,315,8,16,24,339
01/30/2013,ABQ,NM,ASW,WE,Combined TRACON& Tower with Radar,137,61,29,11,238,0,33,40,54,127,137,94,69,65,365,22,34,56,421
01/31/2013,ABQ,NM,ASW,WE,Combined TRACON& Tower with Radar,143,56,34,13,246,0,36,70,59,165,143,92,104,72,411,14,26,40,451
02/01/2013,ABQ,NM,ASW,WE,Combined TRACON& Tower with Radar,141,59,39,9,248,0,46,78,42,166,141,105,117,51,414,12,26,38,452
02/02/2013,ABQ,NM,ASW,WE,Combined TRACON& Tower with Radar,89,46,27,18,180,0,15,66,7,88,89,61,93,25,268,20,6,26,294
02/03/2013,ABQ,NM,ASW,WE,Combined TRACON& Tower with Radar,108,32,17,2,159,0,7,25,2,34,108,39,42,4,193,8,0,8,201
02/04/2013,ABQ,NM,ASW,WE,Combined TRACON& Tower with Radar,135,56,33,5,229,0,24,45,1,70,135,80,78,6,299,4,0,4,303
02/05/2013,ABQ,NM,ASW,WE,Combined TRACON& Tower with Radar,138,51,16,13,218,0,31,62,56,149,138,82,78,69,367,18,6,24,391
02/06/2013,ABQ,NM,ASW,WE,Combined TRACON& Tower with Radar,138,47,33,23,241,0,33,57,58,148,138,80,90,81,389,16,34,50,439
02/07/2013,ABQ,NM,ASW,WE,Combined TRACON& Tower with Radar,141,50,35,24,250,0,38,63,57,158,141,88,98,81,408,22,38,60,468
02/08/2013,ABQ,NM,ASW,WE,Combined TRACON& Tower with Radar,145,49,24,34,252,0,33,37,41,111,145,82,61,75,363,0,20,20,383
02/09/2013,ABQ,NM,ASW,WE,Combined TRACON& Tower with Radar,91,46,9,3,149,0,11,19,16,46,91,57,28,19,195,16,26,42,237
02/10/2013,ABQ,NM,ASW,WE,Combined TRACON& Tower with Radar,107,43,26,13,189,0,11,19,7,37,107,54,45,20,226,6,4,10,236
02/11/2013,ABQ,NM,ASW,WE,Combined TRACON& Tower with Radar,133,60,22,24,239,0,15,26,28,69,133,75,48,52,308,0,26,26,334
02/12/2013,ABQ,NM,ASW,WE,Combined TRACON& Tower with Radar,141,72,32,21,266,0,37,47,58,142,141,109,79,79,408,2,2,4,412
02/13/2013,ABQ,NM,ASW,WE,Combined TRACON& Tower with Radar,142,57,36,18,253,0,33,50,34,117,142,90,86,52,370,0,42,42,412
02/14/2013,ABQ,NM,ASW,WE,Combined TRACON& Tower with Radar,147,62,24,19,252,0,42,37,33,112,147,104,61,52,364,0,0,0,364
02/15/2013,ABQ,NM,ASW,WE,Combined TRACON& Tower with Radar,151,64,39,33,287,0,35,52,30,117,151,99,91,63,404,18,8,26,430
02/16/2013,ABQ,NM,ASW,WE,Combined TRACON& Tower with Radar,105,41,32,15,193,0,10,74,12,96,105,51,106,27,289,20,4,24,313
02/17/2013,ABQ,NM,ASW,WE,Combined TRACON& Tower with Radar,124,42,18,7,191,0,15,30,0,45,124,57,48,7,236,8,0,8,244
02/18/2013,ABQ,NM,ASW,WE,Combined TRACON& Tower with Radar,146,54,17,3,220,0,27,54,0,81,146,81,71,3,301,18,0,18,319
02/19/2013,ABQ,NM,ASW,WE,Combined TRACON& Tower with Radar,146,66,36,31,279,0,32,54,46,132,146,98,90,77,411,0,10,10,421
02/20/2013,ABQ,NM,ASW,WE,Combined TRACON& Tower with Radar,146,76,32,34,288,0,23,10,47,80,146,99,42,81,368,8,58,66,434
02/21/2013,ABQ,NM,ASW,WE,Combined TRACON& Tower with Radar,148,85,32,22,287,0,18,2,57,77,148,103,34,79,364,0,8,8,372
02/22/2013,ABQ,NM,ASW,WE,Combined TRACON& Tower with Radar,146,77,40,40,303,0,24,53,68,145,146,101,93,108,448,14,68,82,530
02/23/2013,ABQ,NM,ASW,WE,Combined TRACON& Tower with Radar,101,50,28,4,183,0,17,67,1,85,101,67,95,5,268,10,14,24,292
02/24/2013,ABQ,NM,ASW,WE,Combined TRACON& Tower with Radar,119,34,9,5,167,0,5,8,0,13,119,39,17,5,180,0,0,0,180
02/25/2013,ABQ,NM,ASW,WE,Combined TRACON& Tower with Radar,137,51,28,13,229,0,24,53,51,128,137,75,81,64,357,4,4,8,365
02/26/2013,ABQ,NM,ASW,WE,Combined TRACON& Tower with Radar,142,59,37,16,254,0,33,33,27,93,142,92,70,43,347,24,12,36,383
02/27/2013,ABQ,NM,ASW,WE,Combined TRACON& Tower with Radar,145,57,47,17,266,0,35,62,35,132,145,92,109,52,398,12,12,24,422
02/28/2013,ABQ,NM,ASW,WE,Combined TRACON& Tower with Radar,151,51,43,15,260,0,34,58,46,138,151,85,101,61,398,16,34,50,448
03/01/2013,ABQ,NM,ASW,WE,Combined TRACON& Tower with Radar,155,52,23,20,250,0,30,51,9,90,155,82,74,29,340,6,4,10,350
03/02/2013,ABQ,NM,ASW,WE,Combined TRACON& Tower with Radar,102,50,21,7,180,0,16,78,11,105,102,66,99,18,285,8,14,22,307
03/03/2013,ABQ,NM,ASW,WE,Combined TRACON& Tower with Radar,126,45,23,6,200,0,7,30,2,39,126,52,53,8,239,10,0,10,249
03/04/2013,ABQ,NM,ASW,WE,Combined TRACON& Tower with Radar,153,47,23,8,231,0,23,24,3,50,153,70,47,11,281,0,0,0,281
03/05/2013,ABQ,NM,ASW,WE,Combined TRACON& Tower with Radar,146,55,42,17,260,0,33,58,40,131,146,88,100,57,391,12,30,42,433
03/06/2013,ABQ,NM,ASW,WE,Combined TRACON& Tower with Radar,156,46,53,14,269,0,35,59,40,134,156,81,112,54,403,40,20,60,463
03/07/2013,ABQ,NM,ASW,WE,Combined TRACON& Tower with Radar,159,52,35,22,268,0,37,65,31,133,159,89,100,53,401,10,14,24,425
03/08/2013,ABQ,NM,ASW,WE,Combined TRACON& Tower with Radar,160,70,25,15,270,0,27,36,19,82,160,97,61,34,352,10,22,32,384
03/09/2013,ABQ,NM,ASW,WE,Combined TRACON& Tower with Radar,123,50,22,2,197,0,5,12,0,17,123,55,34,2,214,8,0,8,222
03/10/2013,ABQ,NM,ASW,WE,Combined TRACON& Tower with Radar,136,38,19,8,201,0,5,14,0,19,136,43,33,8,220,14,0,14,234
03/11/2013,ABQ,NM,ASW,WE,Combined TRACON& Tower with Radar,161,53,32,9,255,0,32,48,49,129,161,85,80,58,384,12,4,16,400
03/12/2013,ABQ,NM,ASW,WE,Combined TRACON& Tower with Radar,158,59,35,15,267,0,35,55,32,122,158,94,90,47,389,2,26,28,417
03/13/2013,ABQ,NM,ASW,WE,Combined TRACON& Tower with Radar,163,48,24,9,244,0,37,65,65,167,163,85,89,74,411,2,34,36,447
03/14/2013,ABQ,NM,ASW,WE,Combined TRACON& Tower with Radar,167,56,38,11,272,0,39,75,44,158,167,95,113,55,430,42,58,100,530
03/15/2013,ABQ,NM,ASW,WE,Combined TRACON& Tower with Radar,168,59,42,11,280,0,43,62,47,152,168,102,104,58,432,6,18,24,456
03/16/2013,ABQ,NM,ASW,WE,Combined TRACON& Tower with Radar,128,43,28,4,203,0,18,67,2,87,128,61,95,6,290,16,0,16,306
03/17/2013,ABQ,NM,ASW,WE,Combined TRACON& Tower with Radar,139,45,39,6,229,0,7,26,3,36,139,52,65,9,265,0,0,0,265
03/18/2013,ABQ,NM,ASW,WE,Combined TRACON& Tower with Radar,156,43,24,7,230,0,26,53,50,129,156,69,77,57,359,20,58,78,437
03/19/2013,ABQ,NM,ASW,WE,Combined TRACON& Tower with Radar,157,49,33,29,268,0,30,49,62,141,157,79,82,91,409,16,46,62,471
03/20/2013,ABQ,NM,ASW,WE,Combined TRACON& Tower with Radar,164,48,29,8,249,0,42,41,44,127,164,90,70,52,376,2,2,4,380
03/21/2013,ABQ,NM,ASW,WE,Combined TRACON& Tower with Radar,167,66,33,30,296,0,38,38,50,126,167,104,71,80,422,14,72,86,508
03/22/2013,ABQ,NM,ASW,WE,Combined TRACON& Tower with Radar,165,51,35,9,260,0,41,50,25,116,165,92,85,34,376,40,34,74,450
03/23/2013,ABQ,NM,ASW,WE,Combined TRACON& Tower with Radar,139,41,14,0,194,0,13,9,5,27,139,54,23,5,221,2,0,2,223
03/24/2013,ABQ,NM,ASW,WE,Combined TRACON& Tower with Radar,132,40,27,2,201,0,7,39,20,66,132,47,66,22,267,12,6,18,285
03/25/2013,ABQ,NM,ASW,WE,Combined TRACON& Tower with Radar,157,54,31,19,261,0,22,65,55,142,157,76,96,74,403,6,32,38,441
03/26/2013,ABQ,NM,ASW,WE,Combined TRACON& Tower with Radar,159,51,30,4,244,0,36,54,36,126,159,87,84,40,370,12,24,36,406
03/27/2013,ABQ,NM,ASW,WE,Combined TRACON& Tower with Radar,162,54,31,11,258,0,32,54,56,142,162,86,85,67,400,14,28,42,442
03/28/2013,ABQ,NM,ASW,WE,Combined TRACON& Tower with Radar,163,65,53,14,295,0,33,56,44,133,163,98,109,58,428,30,2,32,460
03/29/2013,ABQ,NM,ASW,WE,Combined TRACON& Tower with Radar,160,62,27,6,255,0,46,77,29,152,160,108,104,35,407,20,16,36,443
03/30/2013,ABQ,NM,ASW,WE,Combined TRACON& Tower with Radar,127,44,22,0,193,0,16,69,2,87,127,60,91,2,280,28,0,28,308
03/31/2013,ABQ,NM,ASW,WE,Combined TRACON& Tower with Radar,134,37,15,3,189,0,14,31,1,46,134,51,46,4,235,0,0,0,235
04/01/2013,ABQ,NM,ASW,WE,Combined TRACON& Tower with Radar,156,50,30,1,237,0,25,33,3,61,156,75,63,4,298,0,0,0,298
04/02/2013,ABQ,NM,ASW,WE,Combined TRACON& Tower with Radar,156,59,18,15,248,0,30,38,44,112,156,89,56,59,360,8,18,26,386
04/03/2013,ABQ,NM,ASW,WE,Combined TRACON& Tower with Radar,161,66,41,16,284,0,30,41,49,120,161,96,82,65,404,20,32,52,456
04/04/2013,ABQ,NM,ASW,WE,Combined TRACON& Tower with Radar,164,58,28,15,265,0,31,73,63,167,164,89,101,78,432,10,28,38,470
04/05/2013,ABQ,NM,ASW,WE,Combined TRACON& Tower with Radar,168,61,32,17,278,0,34,70,62,166,168,95,102,79,444,0,28,28,472
04/06/2013,ABQ,NM,ASW,WE,Combined TRACON& Tower with Radar,126,46,24,2,198,0,10,52,12,74,126,56,76,14,272,10,0,10,282
04/07/2013,ABQ,NM,ASW,WE,Combined TRACON& Tower with Radar,133,40,23,6,202,0,15,61,1,77,133,55,84,7,279,0,0,0,279
04/08/2013,ABQ,NM,ASW,WE,Combined TRACON& Tower with Radar,158,70,14,8,250,0,26,10,18,54,158,96,24,26,304,17,0,17,321
04/09/2013,ABQ,NM,ASW,WE,Combined TRACON& Tower with Radar,155,69,24,33,281,0,24,3,56,83,155,93,27,89,364,0,6,6,370
04/10/2013,ABQ,NM,ASW,WE,Combined TRACON& Tower with Radar,163,71,49,27,310,0,27,23,44,94,163,98,72,71,404,6,54,60,464
04/11/2013,ABQ,NM,ASW,WE,Combined TRACON& Tower with Radar,169,50,28,12,259,0,47,39,55,141,169,97,67,67,400,0,54,54,454
04/12/2013,ABQ,NM,ASW,WE,Combined TRACON& Tower with Radar,162,51,24,23,260,0,34,63,23,120,162,85,87,46,380,2,28,30,410
04/13/2013,ABQ,NM,ASW,WE,Combined TRACON& Tower with Radar,135,37,13,5,190,0,13,50,1,64,135,50,63,6,254,0,0,0,254
04/14/2013,ABQ,NM,ASW,WE,Combined TRACON& Tower with Radar,146,33,15,9,203,0,12,28,0,40,146,45,43,9,243,0,2,2,245
04/15/2013,ABQ,NM,ASW,WE,Combined TRACON& Tower with Radar,168,56,33,9,266,0,34,33,48,115,168,90,66,57,381,0,4,4,385
04/16/2013,ABQ,NM,ASW,WE,Combined TRACON& Tower with Radar,162,47,28,11,248,0,40,17,63,120,162,87,45,74,368,2,32,34,402
04/17/2013,ABQ,NM,ASW,WE,Combined TRACON& Tower with Radar,162,55,43,13,273,0,32,47,50,129,162,87,90,63,402,20,32,52,454
04/18/2013,ABQ,NM,ASW,WE,Combined TRACON& Tower with Radar,166,46,33,24,269,0,39,37,72,148,166,85,70,96,417,12,30,42,459
04/19/2013,ABQ,NM,ASW,WE,Combined TRACON& Tower with Radar,164,52,27,12,255,0,49,70,42,161,164,101,97,54,416,8,34,42,458
04/20/2013,ABQ,NM,ASW,WE,Combined TRACON& Tower with Radar,130,38,16,0,184,0,13,37,4,54,130,51,53,4,238,0,0,0,238
04/21/2013,ABQ,NM,ASW,WE,Combined TRACON& Tower with Radar,147,27,24,9,207,0,9,50,6,65,147,36,74,15,272,18,4,22,294
04/22/2013,ABQ,NM,ASW,WE,Combined TRACON& Tower with Radar,164,46,29,11,250,7,33,38,54,132,171,79,67,65,382,16,32,48,430
04/23/2013,ABQ,NM,ASW,WE,Combined TRACON& Tower with Radar,171,53,27,26,277,7,36,33,55,131,178,89,60,81,408,20,32,52,460
04/24/2013,ABQ,NM,ASW,WE,Combined TRACON& Tower with Radar,164,54,35,11,264,0,37,64,56,157,164,91,99,67,421,20,12,32,453
04/25/2013,ABQ,NM,ASW,WE,Combined TRACON& Tower with Radar,174,52,31,8,265,0,39,34,34,107,174,91,65,42,372,0,6,6,378
04/26/2013,ABQ,NM,ASW,WE,Combined TRACON& Tower with Radar,172,55,42,21,290,0,37,76,37,150,172,92,118,58,440,16,34,50,490
04/27/2013,ABQ,NM,ASW,WE,Combined TRACON& Tower with Radar,128,37,21,1,187,0,15,51,4,70,128,52,72,5,257,0,0,0,257
04/28/2013,ABQ,NM,ASW,WE,Combined TRACON& Tower with Radar,151,30,23,4,208,0,6,57,4,67,151,36,80,8,275,6,0,6,281
04/29/2013,ABQ,NM,ASW,WE,Combined TRACON& Tower with Radar,166,48,18,13,245,0,31,33,38,102,166,79,51,51,347,14,2,16,363
04/30/2013,ABQ,NM,ASW,WE,Combined TRACON& Tower with Radar,173,43,23,8,247,0,43,33,43,119,173,86,56,51,366,16,62,78,444
05/01/2013,ABQ,NM,ASW,WE,Combined TRACON& Tower with Radar,171,54,36,17,278,0,35,37,58,130,171,89,73,75,408,6,104,110,518
05/02/2013,ABQ,NM,ASW,WE,Combined TRACON& Tower with Radar,174,60,21,21,276,0,40,81,42,163,174,100,102,63,439,0,36,36,475
05/03/2013,ABQ,NM,ASW,WE,Combined TRACON& Tower with Radar,170,57,29,47,303,0,39,78,30,147,170,96,107,77,450,12,90,102,552
05/04/2013,ABQ,NM,ASW,WE,Combined TRACON& Tower with Radar,135,32,13,7,187,0,16,44,10,70,135,48,57,17,257,0,0,0,257
05/05/2013,ABQ,NM,ASW,WE,Combined TRACON& Tower with Radar,150,36,24,17,227,0,10,15,10,35,150,46,39,27,262,8,6,14,276
05/06/2013,ABQ,NM,ASW,WE,Combined TRACON& Tower with Radar,159,61,37,2,259,0,35,31,4,70,159,96,68,6,329,2,0,2,331
05/07/2013,ABQ,NM,ASW,WE,Combined TRACON& Tower with Radar,168,64,26,13,271,0,46,59,36,141,168,110,85,49,412,18,6,24,436
05/08/2013,ABQ,NM,ASW,WE,Combined TRACON& Tower with Radar,168,61,23,19,271,0,36,49,85,170,168,97,72,104,441,16,62,78,519
05/09/2013,ABQ,NM,ASW,WE,Combined TRACON& Tower with Radar,182,59,29,15,285,0,40,62,46,148,182,99,91,61,433,50,14,64,497
05/10/2013,ABQ,NM,ASW,WE,Combined TRACON& Tower with Radar,171,76,31,11,289,0,44,41,32,117,171,120,72,43,406,8,58,66,472
05/11/2013,ABQ,NM,ASW,WE,Combined TRACON& Tower with Radar,137,37,29,1,204,0,13,37,4,54,137,50,66,5,258,0,10,10,268
05/12/2013,ABQ,NM,ASW,WE,Combined TRACON& Tower with Radar,150,36,20,2,208,0,10,47,0,57,150,46,67,2,265,10,0,10,275
05/13/2013,ABQ,NM,ASW,WE,Combined TRACON& Tower with Radar,165,47,31,1,244,0,32,56,42,130,165,79,87,43,374,8,10,18,392
05/14/2013,ABQ,NM,ASW,WE,Combined TRACON& Tower with Radar,169,47,35,11,262,0,34,58,46,138,169,81,93,57,400,22,2,24,424
05/15/2013,ABQ,NM,ASW,WE,Combined TRACON& Tower with Radar,174,58,29,12,273,0,46,50,82,178,174,104,79,94,451,14,14,28,479
05/16/2013,ABQ,NM,ASW,WE,Combined TRACON& Tower with Radar,176,57,50,13,296,0,41,50,34,125,176,98,100,47,421,10,0,10,431
05/17/2013,ABQ,NM,ASW,WE,Combined TRACON& Tower with Radar,180,63,35,18,296,0,39,67,28,134,180,102,102,46,430,18,28,46,476
05/18/2013,ABQ,NM,ASW,WE,Combined TRACON& Tower with Radar,141,37,20,9,207,0,26,45,10,81,141,63,65,19,288,10,6,16,304
05/19/2013,ABQ,NM,ASW,WE,Combined TRACON& Tower with Radar,149,38,25,5,217,0,9,41,6,56,149,47,66,11,273,4,0,4,277
05/20/2013,ABQ,NM,ASW,WE,Combined TRACON& Tower with Radar,170,58,26,15,269,0,33,51,42,126,170,91,77,57,395,12,0,12,407
05/21/2013,ABQ,NM,ASW,WE,Combined TRACON& Tower with Radar,164,59,39,15,277,0,39,72,40,151,164,98,111,55,428,12,26,38,466
05/22/2013,ABQ,NM,ASW,WE,Combined TRACON& Tower with Radar,179,48,28,15,270,0,42,54,24,120,179,90,82,39,390,20,16,36,426
05/23/2013,ABQ,NM,ASW,WE,Combined TRACON& Tower with Radar,175,50,28,12,265,0,38,66,52,156,175,88,94,64,421,12,48,60,481
05/24/2013,ABQ,NM,ASW,WE,Combined TRACON& Tower with Radar,175,54,24,6,259,0,43,73,1,117,175,97,97,7,376,18,0,18,394
05/25/2013,ABQ,NM,ASW,WE,Combined TRACON& Tower with Radar,141,39,15,3,198,0,18,42,1,61,141,57,57,4,259,24,0,24,283
05/26/2013,ABQ,NM,ASW,WE,Combined TRACON& Tower with Radar,124,29,11,3,167,0,12,20,6,38,124,41,31,9,205,4,0,4,209
05/27/2013,ABQ,NM,ASW,WE,Combined TRACON& Tower with Radar,155,27,16,1,199,0,16,43,2,61,155,43,59,3,260,10,6,16,276
05/28/2013,ABQ,NM,ASW,WE,Combined TRACON& Tower with Radar,164,47,26,19,256,0,37,54,28,119,164,84,80,47,375,12,0,12,387
05/29/2013,ABQ,NM,ASW,WE,Combined TRACON& Tower with Radar,169,46,33,20,268,0,50,35,51,136,169,96,68,71,404,0,0,0,404
05/30/2013,ABQ,NM,ASW,WE,Combined TRACON& Tower with Radar,179,47,21,8,255,0,42,42,67,151,179,89,63,75,406,0,18,18,424
05/31/2013,ABQ,NM,ASW,WE,Combined TRACON& Tower with Radar,178,51,23,25,277,0,48,40,45,133,178,99,63,70,410,6,6,12,422
06/01/2013,ABQ,NM,ASW,WE,Combined TRACON& Tower with Radar,136,26,17,4,183,0,10,83,11,104,136,36,100,15,287,0,0,0,287
06/02/2013,ABQ,NM,ASW,WE,Combined TRACON& Tower with Radar,154,27,23,3,207,0,13,51,5,69,154,40,74,8,276,8,0,8,284
06/03/2013,ABQ,NM,ASW,WE,Combined TRACON& Tower with Radar,168,42,29,7,246,0,40,55,8,103,168,82,84,15,349,8,0,8,357
06/04/2013,ABQ,NM,ASW,WE,Combined TRACON& Tower with Radar,168,47,37,6,258,0,49,93,41,183,168,96,130,47,441,2,6,8,449
06/05/2013,ABQ,NM,ASW,WE,Combined TRACON& Tower with Radar,172,51,48,11,282,0,35,64,81,180,172,86,112,92,462,24,48,72,534
06/06/2013,ABQ,NM,ASW,WE,Combined TRACON& Tower with Radar,175,65,39,9,288,0,42,60,53,155,175,107,99,62,443,8,0,8,451
06/07/2013,ABQ,NM,ASW,WE,Combined TRACON& Tower with Radar,164,74,56,32,326,0,49,70,42,161,164,123,126,74,487,42,48,90,577
06/08/2013,ABQ,NM,ASW,WE,Combined TRACON& Tower with Radar,129,47,10,2,188,0,17,65,6,88,129,64,75,8,276,8,8,16,292
06/09/2013,ABQ,NM,ASW,WE,Combined TRACON& Tower with Radar,152,38,27,2,219,0,8,36,0,44,152,46,63,2,263,0,0,0,263
06/10/2013,ABQ,NM,ASW,WE,Combined TRACON& Tower with Radar,166,66,21,25,278,0,35,44,57,136,166,101,65,82,414,0,72,72,486
06/11/2013,ABQ,NM,ASW,WE,Combined TRACON& Tower with Radar,172,55,38,12,277,0,39,42,46,127,172,94,80,58,404,2,22,24,428
06/12/2013,ABQ,NM,ASW,WE,Combined TRACON& Tower with Radar,171,61,22,8,262,0,43,48,36,127,171,104,70,44,389,10,20,30,419
06/13/2013,ABQ,NM,ASW,WE,Combined TRACON& Tower with Radar,172,60,34,18,284,0,44,56,70,170,172,104,90,88,454,0,0,0,454
06/14/2013,ABQ,NM,ASW,WE,Combined TRACON& Tower with Radar,179,63,21,22,285,0,38,77,16,131,179,101,98,38,416,24,12,36,452
06/15/2013,ABQ,NM,ASW,WE,Combined TRACON& Tower with Radar,136,54,29,8,227,1,13,68,3,85,137,67,97,11,312,26,0,26,338
06/16/2013,ABQ,NM,ASW,WE,Combined TRACON& Tower with Radar,159,35,20,2,216,0,9,45,2,56,159,44,65,4,272,4,0,4,276
06/17/2013,ABQ,NM,ASW,WE,Combined TRACON& Tower with Radar,166,52,26,8,252,0,31,45,42,118,166,83,71,50,370,38,34,72,442
06/18/2013,ABQ,NM,ASW,WE,Combined TRACON& Tower with Radar,179,51,32,7,269,0,40,46,21,107,179,91,78,28,376,2,6,8,384
06/19/2013,ABQ,NM,ASW,WE,Combined TRACON& Tower with Radar,173,54,27,17,271,0,44,73,29,146,173,98,100,46,417,18,14,32,449
06/20/2013,ABQ,NM,ASW,WE,Combined TRACON& Tower with Radar,187,62,52,15,316,0,40,58,56,154,187,102,110,71,470,16,0,16,486
06/21/2013,ABQ,NM,ASW,WE,Combined TRACON& Tower with Radar,170,50,34,12,266,0,39,79,29,147,170,89,113,41,413,42,0,42,455
06/22/2013,ABQ,NM,ASW,WE,Combined TRACON& Tower with Radar,145,46,16,4,211,0,15,37,10,62,145,61,53,14,273,28,4,32,305
06/23/2013,ABQ,NM,ASW,WE,Combined TRACON& Tower with Radar,156,32,16,4,208,0,8,36,2,46,156,40,52,6,254,44,0,44,298
06/24/2013,ABQ,NM,ASW,WE,Combined TRACON& Tower with Radar,170,53,31,16,270,0,29,36,5,70,170,82,67,21,340,8,20,28,368
06/25/2013,ABQ,NM,ASW,WE,Combined TRACON& Tower with Radar,186,45,29,7,267,0,38,26,42,106,186,83,55,49,373,0,0,0,373
06/26/2013,ABQ,NM,ASW,WE,Combined TRACON& Tower with Radar,172,44,48,18,282,0,43,77,55,175,172,87,125,73,457,12,32,44,501
06/27/2013,ABQ,NM,ASW,WE,Combined TRACON& Tower with Radar,180,62,40,10,292,0,37,57,83,177,180,99,97,93,469,18,34,52,521
06/28/2013,ABQ,NM,ASW,WE,Combined TRACON& Tower with Radar,174,64,30,27,295,0,38,42,81,161,174,102,72,108,456,12,124,136,592
06/29/2013,ABQ,NM,ASW,WE,Combined TRACON& Tower with Radar,140,57,30,5,232,0,18,54,16,88,140,75,84,21,320,8,0,8,328
06/30/2013,ABQ,NM,ASW,WE,Combined TRACON& Tower with Radar,153,37,27,2,219,0,13,61,10,84,153,50,88,12,303,52,4,56,359
07/01/2013,ABQ,NM,ASW,WE,Combined TRACON& Tower with Radar,169,54,20,6,249,0,31,31,40,102,169,85,51,46,351,0,30,30,381
07/02/2013,ABQ,NM,ASW,WE,Combined TRACON& Tower with Radar,175,58,27,25,285,0,45,45,61,151,175,103,72,86,436,10,16,26,462
07/03/2013,ABQ,NM,ASW,WE,Combined TRACON& Tower with Radar,172,50,15,4,241,0,38,46,15,99,172,88,61,19,340,8,0,8,348
07/04/2013,ABQ,NM,ASW,WE,Combined TRACON& Tower with Radar,113,25,27,0,165,0,21,43,0,64,113,46,70,0,229,52,0,52,281
07/05/2013,ABQ,NM,ASW,WE,Combined TRACON& Tower with Radar,147,54,21,2,224,0,45,38,1,84,147,99,59,3,308,8,0,8,316
07/06/2013,ABQ,NM,ASW,WE,Combined TRACON& Tower with Radar,137,43,23,0,203,0,15,44,2,61,137,58,67,2,264,4,0,4,268
07/07/2013,ABQ,NM,ASW,WE,Combined TRACON& Tower with Radar,155,43,28,0,226,0,10,31,2,43,155,53,59,2,269,14,0,14,283
07/08/2013,ABQ,NM,ASW,WE,Combined TRACON& Tower with Radar,166,44,22,11,243,0,28,32,26,86,166,72,54,37,329,0,0,0,329
07/09/2013,ABQ,NM,ASW,WE,Combined TRACON& Tower with Radar,176,51,32,11,270,0,37,43,30,110,176,88,75,41,380,8,18,26,406
07/10/2013,ABQ,NM,ASW,WE,Combined TRACON& Tower with Radar,171,55,29,17,272,0,37,36,55,128,171,92,65,72,400,10,8,18,418
07/11/2013,ABQ,NM,ASW,WE,Combined TRACON& Tower with Radar,175,66,45,9,295,0,38,51,35,124,175,104,96,44,419,16,0,16,435
07/12/2013,ABQ,NM,ASW,WE,Combined TRACON& Tower with Radar,176,60,33,30,299,0,37,53,35,125,176,97,86,65,424,8,4,12,436
07/13/2013,ABQ,NM,ASW,WE,Combined TRACON& Tower with Radar,140,52,29,2,223,0,13,49,2,64,140,65,78,4,287,32,6,38,325
07/14/2013,ABQ,NM,ASW,WE,Combined TRACON& Tower with Radar,154,35,19,12,220,0,7,44,3,54,154,42,63,15,274,10,0,10,284
07/15/2013,ABQ,NM,ASW,WE,Combined TRACON& Tower with Radar,169,72,28,22,291,0,20,13,7,40,169,92,41,29,331,8,0,8,339
07/16/2013,ABQ,NM,ASW,WE,Combined TRACON& Tower with Radar,175,69,31,14,289,0,36,50,38,124,175,105,81,52,413,26,16,42,455
07/17/2013,ABQ,NM,ASW,WE,Combined TRACON& Tower with Radar,170,83,42,16,311,0,29,38,31,98,170,112,80,47,409,18,8,26,435
07/18/2013,ABQ,NM,ASW,WE,Combined TRACON& Tower with Radar,176,77,28,19,300,0,37,49,50,136,176,114,77,69,436,14,14,28,464
07/19/2013,ABQ,NM,ASW,WE,Combined TRACON& Tower with Radar,168,64,29,12,273,0,38,72,47,157,168,102,101,59,430,14,38,52,482
07/20/2013,ABQ,NM,ASW,WE,Combined TRACON& Tower with Radar,142,49,12,12,215,0,13,45,13,71,142,62,57,25,286,36,0,36,322
07/21/2013,ABQ,NM,ASW,WE,Combined TRACON& Tower with Radar,157,44,22,3,226,0,9,44,1,54,157,53,66,4,280,12,0,12,292
07/22/2013,ABQ,NM,ASW,WE,Combined TRACON& Tower with Radar,165,57,27,17,266,0,28,43,65,136,165,85,70,82,402,16,23,39,441
07/23/2013,ABQ,NM,ASW,WE,Combined TRACON& Tower with Radar,172,63,36,31,302,0,35,69,51,155,172,98,105,82,457,6,38,44,501
07/24/2013,ABQ,NM,ASW,WE,Combined TRACON& Tower with Radar,170,75,38,27,310,0,35,47,41,123,170,110,85,68,433,0,16,16,449
07/25/2013,ABQ,NM,ASW,WE,Combined TRACON& Tower with Radar,176,73,51,16,316,0,42,30,55,127,176,115,81,71,443,8,10,18,461
07/26/2013,ABQ,NM,ASW,WE,Combined TRACON& Tower with Radar,164,71,27,17,279,0,32,55,31,118,164,103,82,48,397,12,0,12,409
07/27/2013,ABQ,NM,ASW,WE,Combined TRACON& Tower with Radar,137,58,27,6,228,0,21,48,7,76,137,79,75,13,304,32,0,32,336
07/28/2013,ABQ,NM,ASW,WE,Combined TRACON& Tower with Radar,158,42,30,1,231,0,8,53,2,63,158,50,83,3,294,50,0,50,344
07/29/2013,ABQ,NM,ASW,WE,Combined TRACON& Tower with Radar,169,52,18,25,264,0,31,49,42,122,169,83,67,67,386,12,24,36,422
07/30/2013,ABQ,NM,ASW,WE,Combined TRACON& Tower with Radar,174,56,51,19,300,0,50,67,104,221,174,106,118,123,521,8,54,62,583
07/31/2013,ABQ,NM,ASW,WE,Combined TRACON& Tower with Radar,173,68,34,31,306,0,41,37,41,119,173,109,71,72,425,20,44,64,489
08/01/2013,ABQ,NM,ASW,WE,Combined TRACON& Tower with Radar,179,67,31,11,288,0,36,28,53,117,179,103,59,64,405,18,16,34,439
08/02/2013,ABQ,NM,ASW,WE,Combined TRACON& Tower with Radar,175,70,26,32,303,0,38,23,21,82,175,108,49,53,385,2,30,32,417
08/03/2013,ABQ,NM,ASW,WE,Combined TRACON& Tower with Radar,151,70,38,9,268,0,17,43,28,88,151,87,81,37,356,10,26,36,392
08/04/2013,ABQ,NM,ASW,WE,Combined TRACON& Tower with Radar,156,51,50,2,259,0,4,36,3,43,156,55,86,5,302,0,0,0,302
08/05/2013,ABQ,NM,ASW,WE,Combined TRACON& Tower with Radar,173,61,48,20,302,0,33,30,45,108,173,94,78,65,410,8,0,8,418
08/06/2013,ABQ,NM,ASW,WE,Combined TRACON& Tower with Radar,169,80,54,8,311,0,36,40,45,121,169,116,94,53,432,24,0,24,456
08/07/2013,ABQ,NM,ASW,WE,Combined TRACON& Tower with Radar,165,53,44,10,272,0,37,54,60,151,165,90,98,70,423,8,28,36,459
08/08/2013,ABQ,NM,ASW,WE,Combined TRACON& Tower with Radar,181,61,29,8,279,0,41,57,55,153,181,102,86,63,432,2,28,30,462
08/09/2013,ABQ,NM,ASW,WE,Combined TRACON& Tower with Radar,177,62,30,15,284,0,45,62,37,144,177,107,92,52,428,12,16,28,456
08/10/2013,ABQ,NM,ASW,WE,Combined TRACON& Tower with Radar,139,52,21,1,213,0,11,48,4,63,139,63,69,5,276,4,4,8,284
08/11/2013,ABQ,NM,ASW,WE,Combined TRACON& Tower with Radar,163,48,14,4,229,0,14,28,11,53,163,62,42,15,282,2,0,2,284
08/12/2013,ABQ,NM,ASW,WE,Combined TRACON& Tower with Radar,167,51,26,23,267,0,33,50,55,138,167,84,76,78,405,0,0,0,405
08/13/2013,ABQ,NM,ASW,WE,Combined TRACON& Tower with Radar,166,58,33,24,281,0,41,44,36,121,166,99,77,60,402,4,26,30,432
08/14/2013,ABQ,NM,ASW,WE,Combined TRACON& Tower with Radar,164,57,29,10,260,0,43,52,57,152,164,100,81,67,412,4,18,22,434
08/15/2013,ABQ,NM,ASW,WE,Combined TRACON& Tower with Radar,173,68,38,15,294,0,43,62,61,166,173,111,100,76,460,4,32,36,496
08/16/2013,ABQ,NM,ASW,WE,Combined TRACON& Tower with Radar,162,59,33,21,275,0,53,78,37,168,162,112,111,58,443,14,12,26,469
08/17/2013,ABQ,NM,ASW,WE,Combined TRACON& Tower with Radar,130,45,16,7,198,0,19,50,9,78,130,64,66,16,276,18,2,20,296
08/18/2013,ABQ,NM,ASW,WE,Combined TRACON& Tower with Radar,151,38,28,11,228,0,11,53,5,69,151,49,81,16,297,4,2,6,303
08/19/2013,ABQ,NM,ASW,WE,Combined TRACON& Tower with Radar,160,52,36,4,252,0,31,30,38,99,160,83,66,42,351,38,0,38,389
08/20/2013,ABQ,NM,ASW,WE,Combined TRACON& Tower with Radar,171,58,29,5,263,0,39,35,38,112,171,97,64,43,375,2,12,14,389
08/21/2013,ABQ,NM,ASW,WE,Combined TRACON& Tower with Radar,168,52,30,7,257,0,37,58,28,123,168,89,88,35,380,0,0,0,380
08/22/2013,ABQ,NM,ASW,WE,Combined TRACON& Tower with Radar,168,60,36,13,277,0,39,55,46,140,168,99,91,59,417,4,20,24,441
08/23/2013,ABQ,NM,ASW,WE,Combined TRACON& Tower with Radar,164,66,31,9,270,0,40,51,10,101,164,106,82,19,371,0,2,2,373
08/24/2013,ABQ,NM,ASW,WE,Combined TRACON& Tower with Radar,122,45,19,3,189,0,14,32,2,48,122,59,51,5,237,8,0,8,245
08/25/2013,ABQ,NM,ASW,WE,Combined TRACON& Tower with Radar,153,50,25,2,230,0,8,37,1,46,153,58,62,3,276,8,0,8,284
08/26/2013,ABQ,NM,ASW,WE,Combined TRACON& Tower with Radar,159,60,15,7,241,0,29,37,32,98,159,89,52,39,339,14,2,16,355
08/27/2013,ABQ,NM,ASW,WE,Combined TRACON& Tower with Radar,161,56,31,22,270,0,43,51,59,153,161,99,82,81,423,16,28,44,467
08/28/2013,ABQ,NM,ASW,WE,Combined TRACON& Tower with Radar,163,57,26,11,257,0,38,68,69,175,163,95,94,80,432,6,2,8,440
08/29/2013,ABQ,NM,ASW,WE,Combined TRACON& Tower with Radar,165,59,23,8,255,0,37,57,81,175,165,96,80,89,430,2,54,56,486
08/30/2013,ABQ,NM,ASW,WE,Combined TRACON& Tower with Radar,169,71,18,25,283,0,37,47,57,141,169,108,65,82,424,6,24,30,454
08/31/2013,ABQ,NM,ASW,WE,Combined TRACON& Tower with Radar,106,42,13,3,164,0,9,37,7,53,106,51,50,10,217,20,22,42,259
09/01/2013,ABQ,NM,ASW,WE,Combined TRACON& Tower with Radar,110,32,7,0,149,0,11,23,0,34,110,43,30,0,183,14,0,14,197
09/02/2013,ABQ,NM,ASW,WE,Combined TRACON& Tower with Radar,137,38,17,6,198,0,17,37,5,59,137,55,54,11,257,8,2,10,267
09/03/2013,ABQ,NM,ASW,WE,Combined TRACON& Tower with Radar,159,57,21,21,258,0,36,49,44,129,159,93,70,65,387,0,30,30,417
09/04/2013,ABQ,NM,ASW,WE,Combined TRACON& Tower with Radar,171,56,21,15,263,0,42,47,47,136,171,98,68,62,399,24,14,38,437
09/05/2013,ABQ,NM,ASW,WE,Combined TRACON& Tower with Radar,172,61,24,21,278,0,40,47,42,129,172,101,71,63,407,2,22,24,431
09/06/2013,ABQ,NM,ASW,WE,Combined TRACON& Tower with Radar,169,57,36,18,280,0,46,78,35,159,169,103,114,53,439,16,2,18,457
09/07/2013,ABQ,NM,ASW,WE,Combined TRACON& Tower with Radar,121,34,26,5,186,0,16,50,19,85,121,50,76,24,271,38,0,38,309
09/08/2013,ABQ,NM,ASW,WE,Combined TRACON& Tower with Radar,155,47,21,4,227,0,7,27,1,35,155,54,48,5,262,8,0,8,270
09/09/2013,ABQ,NM,ASW,WE,Combined TRACON& Tower with Radar,160,66,33,3,262,0,21,39,6,66,160,87,72,9,328,26,2,28,356
09/10/2013,ABQ,NM,ASW,WE,Combined TRACON& Tower with Radar,165,92,27,33,317,0,13,12,29,54,165,105,39,62,371,4,2,6,377
09/11/2013,ABQ,NM,ASW,WE,Combined TRACON& Tower with Radar,156,81,43,26,306,0,14,8,39,61,156,95,51,65,367,2,26,28,395
09/12/2013,ABQ,NM,ASW,WE,Combined TRACON& Tower with Radar,166,86,57,10,319,0,16,17,19,52,166,102,74,29,371,2,0,2,373
09/13/2013,ABQ,NM,ASW,WE,Combined TRACON& Tower with Radar,170,87,39,17,313,0,10,33,31,74,170,97,72,48,387,32,14,46,433
09/14/2013,ABQ,NM,ASW,WE,Combined TRACON& Tower with Radar,121,49,28,6,204,0,9,21,5,35,121,58,49,11,239,8,4,12,251
09/15/2013,ABQ,NM,ASW,WE,Combined TRACON& Tower with Radar,151,46,19,7,223,0,9,48,0,57,151,55,67,7,280,26,0,26,306
09/16/2013,ABQ,NM,ASW,WE,Combined TRACON& Tower with Radar,164,64,22,20,270,0,23,30,46,99,164,87,52,66,369,6,42,48,417
09/17/2013,ABQ,NM,ASW,WE,Combined TRACON& Tower with Radar,160,52,43,20,275,0,31,51,41,123,160,83,94,61,398,4,20,24,422
09/18/2013,ABQ,NM,ASW,WE,Combined TRACON& Tower with Radar,165,60,53,9,287,0,46,57,68,171,165,106,110,77,458,4,62,66,524
09/19/2013,ABQ,NM,ASW,WE,Combined TRACON& Tower with Radar,168,61,57,11,297,0,42,48,64,154,168,103,105,75,451,20,10,30,481
09/20/2013,ABQ,NM,ASW,WE,Combined TRACON& Tower with Radar,169,68,32,35,304,0,41,73,48,162,169,109,105,83,466,10,30,40,506
09/21/2013,ABQ,NM,ASW,WE,Combined TRACON& Tower with Radar,122,46,23,7,198,0,21,59,22,102,122,67,82,29,300,22,0,22,322
09/22/2013,ABQ,NM,ASW,WE,Combined TRACON& Tower with Radar,149,43,24,2,218,0,9,27,4,40,149,52,51,6,258,8,12,20,278
09/23/2013,ABQ,NM,ASW,WE,Combined TRACON& Tower with Radar,161,47,17,11,236,0,31,57,64,152,161,78,74,75,388,0,6,6,394
09/24/2013,ABQ,NM,ASW,WE,Combined TRACON& Tower with Radar,156,58,29,3,246,0,51,69,64,184,156,109,98,67,430,42,0,42,472
09/25/2013,ABQ,NM,ASW,WE,Combined TRACON& Tower with Radar,175,43,29,15,262,0,46,51,57,154,175,89,80,72,416,8,28,36,452
09/26/2013,ABQ,NM,ASW,WE,Combined TRACON& Tower with Radar,171,51,43,15,280,0,42,50,59,151,171,93,93,74,431,12,44,56,487
09/27/2013,ABQ,NM,ASW,WE,Combined TRACON& Tower with Radar,171,62,42,26,301,0,40,42,27,109,171,102,84,53,410,4,12,16,426
09/28/2013,ABQ,NM,ASW,WE,Combined TRACON& Tower with Radar,126,42,9,4,181,0,21,43,4,68,126,63,52,8,249,18,0,18,267
09/29/2013,ABQ,NM,ASW,WE,Combined TRACON& Tower with Radar,154,30,17,7,208,0,14,37,16,67,154,44,54,23,275,10,0,10,285
09/30/2013,ABQ,NM,ASW,WE,Combined TRACON& Tower with Radar,156,59,25,6,246,0,33,55,7,95,156,92,80,13,341,42,0,42,383
10/01/2013,ABQ,NM,ASW,WE,Combined TRACON& Tower with Radar,163,48,23,3,237,0,43,46,3,92,163,91,69,6,329,30,0,30,359
10/02/2013,ABQ,NM,ASW,WE,Combined TRACON& Tower with Radar,159,42,27,9,237,0,46,55,64,165,159,88,82,73,402,26,44,70,472
10/03/2013,ABQ,NM,ASW,WE,Combined TRACON& Tower with Radar,167,46,23,5,241,0,47,54,42,143,167,93,77,47,384,12,20,32,416
10/04/2013,ABQ,NM,ASW,WE,Combined TRACON& Tower with Radar,164,58,28,16,266,0,47,50,75,172,164,105,78,91,438,0,72,72,510
10/05/2013,ABQ,NM,ASW,WE,Combined TRACON& Tower with Radar,132,33,19,2,186,0,16,35,9,60,132,49,54,11,246,24,12,36,282
10/06/2013,ABQ,NM,ASW,WE,Combined TRACON& Tower with Radar,151,32,22,6,211,0,11,50,2,63,151,43,72,8,274,12,0,12,286
10/07/2013,ABQ,NM,ASW,WE,Combined TRACON& Tower with Radar,158,44,38,7,247,0,46,50,44,140,158,90,88,51,387,46,26,72,459
10/08/2013,ABQ,NM,ASW,WE,Combined TRACON& Tower with Radar,165,44,27,18,254,0,58,72,67,197,165,102,99,85,451,32,90,122,573
10/09/2013,ABQ,NM,ASW,WE,Combined TRACON& Tower with Radar,159,43,38,10,250,0,47,42,50,139,159,90,80,60,389,10,44,54,443
10/10/2013,ABQ,NM,ASW,WE,Combined TRACON& Tower with Radar,171,53,23,5,252,0,40,29,38,107,171,93,52,43,359,4,2,6,365
10/11/2013,ABQ,NM,ASW,WE,Combined TRACON& Tower with Radar,160,50,34,26,270,0,44,65,34,143,160,94,99,60,413,38,28,66,479
10/12/2013,ABQ,NM,ASW,WE,Combined TRACON& Tower with Radar,140,32,22,0,194,0,17,58,0,75,140,49,80,0,269,48,0,48,317
10/13/2013,ABQ,NM,ASW,WE,Combined TRACON& Tower with Radar,153,32,25,2,212,0,13,25,0,38,153,45,50,2,250,0,0,0,250
10/14/2013,ABQ,NM,ASW,WE,Combined TRACON& Tower with Radar,159,50,27,16,252,0,33,39,2,74,159,83,66,18,326,0,10,10,336
10/15/2013,ABQ,NM,ASW,WE,Combined TRACON& Tower with Radar,165,50,29,5,249,0,39,39,38,116,165,89,68,43,365,18,4,22,387
10/16/2013,ABQ,NM,ASW,WE,Combined TRACON& Tower with Radar,163,69,32,30,294,0,29,39,41,109,163,98,71,71,403,10,44,54,457
10/17/2013,ABQ,NM,ASW,WE,Combined TRACON& Tower with Radar,166,57,41,23,287,0,38,57,59,154,166,95,98,82,441,34,28,62,503
10/18/2013,ABQ,NM,ASW,WE,Combined TRACON& Tower with Radar,162,62,21,29,274,0,46,40,67,153,162,108,61,96,427,0,48,48,475
10/19/2013,ABQ,NM,ASW,WE,Combined TRACON& Tower with Radar,128,37,23,3,191,0,23,46,22,91,128,60,69,25,282,72,28,100,382
10/20/2013,ABQ,NM,ASW,WE,Combined TRACON& Tower with Radar,151,36,18,2,207,0,16,47,8,71,151,52,65,10,278,0,0,0,278
10/21/2013,ABQ,NM,ASW,WE,Combined TRACON& Tower with Radar,158,46,36,16,256,0,40,41,7,88,158,86,77,23,344,4,2,6,350
10/22/2013,ABQ,NM,ASW,WE,Combined TRACON& Tower with Radar,162,44,26,10,242,0,38,40,40,118,162,82,66,50,360,33,0,33,393
10/23/2013,ABQ,NM,ASW,WE,Combined TRACON& Tower with Radar,161,49,33,13,256,0,47,49,61,157,161,96,82,74,413,8,16,24,437
10/24/2013,ABQ,NM,ASW,WE,Combined TRACON& Tower with Radar,167,61,30,23,281,0,39,40,35,114,167,100,70,58,395,6,18,24,419
10/25/2013,ABQ,NM,ASW,WE,Combined TRACON& Tower with Radar,161,62,25,16,264,0,32,27,30,89,161,94,52,46,353,20,20,40,393
10/26/2013,ABQ,NM,ASW,WE,Combined TRACON& Tower with Radar,128,42,16,1,187,0,18,35,4,57,128,60,51,5,244,72,0,72,316
10/27/2013,ABQ,NM,ASW,WE,Combined TRACON& Tower with Radar,151,38,13,1,203,0,10,38,0,48,151,48,51,1,251,30,0,30,281
10/28/2013,ABQ,NM,ASW,WE,Combined TRACON& Tower with Radar,164,48,29,14,255,0,42,38,57,137,164,90,67,71,392,16,52,68,460
10/29/2013,ABQ,NM,ASW,WE,Combined TRACON& Tower with Radar,166,39,33,10,248,0,53,19,54,126,166,92,52,64,374,12,14,26,400
10/30/2013,ABQ,NM,ASW,WE,Combined TRACON& Tower with Radar,166,57,29,11,263,0,31,26,47,104,166,88,55,58,367,14,0,14,381
10/31/2013,ABQ,NM,ASW,WE,Combined TRACON& Tower with Radar,153,54,50,7,264,0,38,39,19,96,153,92,89,26,360,0,0,0,360
11/01/2013,ABQ,NM,ASW,WE,Combined TRACON& Tower with Radar,155,40,30,38,263,0,45,53,42,140,155,85,83,80,403,0,24,24,427
11/02/2013,ABQ,NM,ASW,WE,Combined TRACON& Tower with Radar,123,37,27,3,190,0,17,52,11,80,123,54,79,14,270,46,0,46,316
11/03/2013,ABQ,NM,ASW,WE,Combined TRACON& Tower with Radar,140,36,20,6,202,0,11,19,4,34,140,47,39,10,236,22,0,22,258
11/04/2013,ABQ,NM,ASW,WE,Combined TRACON& Tower with Radar,146,68,26,7,247,0,21,34,6,61,146,89,60,13,308,28,0,28,336
11/05/2013,ABQ,NM,ASW,WE,Combined TRACON& Tower with Radar,151,65,33,7,256,0,33,22,50,105,151,98,55,57,361,4,0,4,365
11/06/2013,ABQ,NM,ASW,WE,Combined TRACON& Tower with Radar,151,50,24,7,232,0,47,43,44,134,151,97,67,51,366,6,0,6,372
11/07/2013,ABQ,NM,ASW,WE,Combined TRACON& Tower with Radar,158,52,36,16,262,0,43,55,52,150,158,95,91,68,412,6,18,24,436
11/08/2013,ABQ,NM,ASW,WE,Combined TRACON& Tower with Radar,154,55,33,16,258,0,42,76,25,143,154,97,109,41,401,20,2,22,423
11/09/2013,ABQ,NM,ASW,WE,Combined TRACON& Tower with Radar,126,39,21,4,190,0,15,54,2,71,126,54,75,6,261,12,0,12,273
11/10/2013,ABQ,NM,ASW,WE,Combined TRACON& Tower with Radar,136,39,19,0,194,0,9,37,5,51,136,48,56,5,245,14,0,14,259
11/11/2013,ABQ,NM,ASW,WE,Combined TRACON& Tower with Radar,149,46,24,3,222,0,28,45,4,77,149,74,69,7,299,6,0,6,305
11/12/2013,ABQ,NM,ASW,WE,Combined TRACON& Tower with Radar,148,58,31,5,242,0,32,23,52,107,148,90,54,57,349,6,14,20,369
11/13/2013,ABQ,NM,ASW,WE,Combined TRACON& Tower with Radar,151,55,30,20,256,0,38,41,55,134,151,93,71,75,390,38,8,46,436
11/14/2013,ABQ,NM,ASW,WE,Combined TRACON& Tower with Radar,158,59,38,19,274,0,40,42,41,123,158,99,80,60,397,30,4,34,431
11/15/2013,ABQ,NM,ASW,WE,Combined TRACON& Tower with Radar,155,66,37,12,270,0,35,56,52,143,155,101,93,64,413,18,12,30,443
11/16/2013,ABQ,NM,ASW,WE,Combined TRACON& Tower with Radar,125,40,21,3,189,0,15,31,2,48,125,55,52,5,237,12,0,12,249
11/17/2013,ABQ,NM,ASW,WE,Combined TRACON& Tower with Radar,131,27,25,2,185,0,10,38,4,52,131,37,63,6,237,36,0,36,273
11/18/2013,ABQ,NM,ASW,WE,Combined TRACON& Tower with Radar,150,55,34,28,267,0,31,44,48,123,150,86,78,76,390,26,28,54,444
11/19/2013,ABQ,NM,ASW,WE,Combined TRACON& Tower with Radar,153,52,22,18,245,0,42,42,53,137,153,94,64,71,382,10,12,22,404
11/20/2013,ABQ,NM,ASW,WE,Combined TRACON& Tower with Radar,156,67,34,9,266,0,29,24,20,73,156,96,58,29,339,16,0,16,355
11/21/2013,ABQ,NM,ASW,WE,Combined TRACON& Tower with Radar,153,74,51,29,307,0,28,28,36,92,153,102,79,65,399,48,22,70,469
11/22/2013,ABQ,NM,ASW,WE,Combined TRACON& Tower with Radar,155,90,33,5,283,0,2,1,12,15,155,92,34,17,298,0,0,0,298
11/23/2013,ABQ,NM,ASW,WE,Combined TRACON& Tower with Radar,129,49,6,1,185,0,1,0,0,1,129,50,6,1,186,0,0,0,186
11/24/2013,ABQ,NM,ASW,WE,Combined TRACON& Tower with Radar,129,40,17,0,186,0,2,1,0,3,129,42,18,0,189,0,0,0,189
11/25/2013,ABQ,NM,ASW,WE,Combined TRACON& Tower with Radar,144,64,40,12,260,0,17,30,51,98,144,81,70,63,358,24,12,36,394
11/26/2013,ABQ,NM,ASW,WE,Combined TRACON& Tower with Radar,159,53,32,10,254,0,39,55,59,153,159,92,87,69,407,12,42,54,461
11/27/2013,ABQ,NM,ASW,WE,Combined TRACON& Tower with Radar,162,57,42,9,270,0,41,43,21,105,162,98,85,30,375,34,22,56,431
11/28/2013,ABQ,NM,ASW,WE,Combined TRACON& Tower with Radar,97,26,7,0,130,0,18,18,0,36,97,44,25,0,166,4,0,4,170
11/29/2013,ABQ,NM,ASW,WE,Combined TRACON& Tower with Radar,113,36,19,0,168,0,40,53,3,96,113,76,72,3,264,32,0,32,296
11/30/2013,ABQ,NM,ASW,WE,Combined TRACON& Tower with Radar,143,38,22,0,203,0,16,41,5,62,143,54,63,5,265,10,0,10,275
12/01/2013,ABQ,NM,ASW,WE,Combined TRACON& Tower with Radar,162,40,30,2,234,0,7,37,9,53,162,47,67,11,287,0,0,0,287
12/02/2013,ABQ,NM,ASW,WE,Combined TRACON& Tower with Radar,156,48,45,16,265,0,29,40,54,123,156,77,85,70,388,13,24,37,425
12/03/2013,ABQ,NM,ASW,WE,Combined TRACON& Tower with Radar,152,49,42,9,252,0,42,30,57,129,152,91,72,66,381,0,0,0,381
12/04/2013,ABQ,NM,ASW,WE,Combined TRACON& Tower with Radar,151,57,55,12,275,0,33,19,42,94,151,90,74,54,369,0,0,0,369
12/05/2013,ABQ,NM,ASW,WE,Combined TRACON& Tower with Radar,152,88,22,5,267,0,5,1,2,8,152,93,23,7,275,0,0,0,275
12/06/2013,ABQ,NM,ASW,WE,Combined TRACON& Tower with Radar,131,67,36,13,247,0,18,19,16,53,131,85,55,29,300,2,0,2,302
12/07/2013,ABQ,NM,ASW,WE,Combined TRACON& Tower with Radar,120,36,18,16,190,0,2,21,2,25,120,38,39,18,215,0,0,0,215
12/08/2013,ABQ,NM,ASW,WE,Combined TRACON& Tower with Radar,119,26,25,7,177,0,4,3,1,8,119,30,28,8,185,4,0,4,189
12/09/2013,ABQ,NM,ASW,WE,Combined TRACON& Tower with Radar,136,44,16,7,203,0,26,23,3,52,136,70,39,10,255,12,4,16,271
12/10/2013,ABQ,NM,ASW,WE,Combined TRACON& Tower with Radar,150,53,31,10,244,0,48,29,58,135,150,101,60,68,379,10,4,14,393
12/11/2013,ABQ,NM,ASW,WE,Combined TRACON& Tower with Radar,151,44,48,12,255,0,50,59,59,168,151,94,107,71,423,18,0,18,441
12/12/2013,ABQ,NM,ASW,WE,Combined TRACON& Tower with Radar,160,63,42,42,307,0,35,41,64,140,160,98,83,106,447,32,40,72,519
12/13/2013,ABQ,NM,ASW,WE,Combined TRACON& Tower with Radar,154,68,41,18,281,0,26,34,49,109,154,94,75,67,390,6,32,38,428
12/14/2013,ABQ,NM,ASW,WE,Combined TRACON& Tower with Radar,122,29,16,22,189,0,11,60,6,77,122,40,76,28,266,0,0,0,266
12/15/2013,ABQ,NM,ASW,WE,Combined TRACON& Tower with Radar,135,30,16,5,186,0,18,38,8,64,135,48,54,13,250,6,0,6,256
12/16/2013,ABQ,NM,ASW,WE,Combined TRACON& Tower with Radar,149,50,28,19,246,0,35,40,62,137,149,85,68,81,383,8,10,18,401
12/17/2013,ABQ,NM,ASW,WE,Combined TRACON& Tower with Radar,152,50,32,10,244,0,54,42,45,141,152,104,74,55,385,7,4,11,396
12/18/2013,ABQ,NM,ASW,WE,Combined TRACON& Tower with Radar,158,50,29,22,259,0,44,43,57,144,158,94,72,79,403,2,8,10,413
12/19/2013,ABQ,NM,ASW,WE,Combined TRACON& Tower with Radar,165,57,35,13,270,0,55,34,54,143,165,112,69,67,413,8,34,42,455
12/20/2013,ABQ,NM,ASW,WE,Combined TRACON& Tower with Radar,175,64,26,22,287,0,37,43,30,110,175,101,69,52,397,12,34,46,443
12/21/2013,ABQ,NM,ASW,WE,Combined TRACON& Tower with Radar,161,61,25,0,247,0,5,12,0,17,161,66,37,0,264,0,0,0,264
12/22/2013,ABQ,NM,ASW,WE,Combined TRACON& Tower with Radar,150,24,20,0,194,0,12,31,1,44,150,36,51,1,238,2,0,2,240
12/23/2013,ABQ,NM,ASW,WE,Combined TRACON& Tower with Radar,161,54,15,3,233,0,38,24,11,73,161,92,39,14,306,0,0,0,306
12/24/2013,ABQ,NM,ASW,WE,Combined TRACON& Tower with Radar,137,38,9,0,184,0,68,30,7,105,137,106,39,7,289,0,0,0,289
12/25/2013,ABQ,NM,ASW,WE,Combined TRACON& Tower with Radar,117,22,9,0,148,0,24,10,0,34,117,46,19,0,182,0,0,0,182
12/26/2013,ABQ,NM,ASW,WE,Combined TRACON& Tower with Radar,162,44,13,0,219,0,70,51,1,122,162,114,64,1,341,16,0,16,357
12/27/2013,ABQ,NM,ASW,WE,Combined TRACON& Tower with Radar,164,52,19,2,237,0,44,36,6,86,164,96,55,8,323,0,0,0,323
12/28/2013,ABQ,NM,ASW,WE,Combined TRACON& Tower with Radar,148,41,17,0,206,0,19,37,1,57,148,60,54,1,263,6,0,6,269
12/29/2013,ABQ,NM,ASW,WE,Combined TRACON& Tower with Radar,143,25,19,2,189,0,8,33,3,44,143,33,52,5,233,0,0,0,233
12/30/2013,ABQ,NM,ASW,WE,Combined TRACON& Tower with Radar,153,51,25,11,240,0,33,39,10,82,153,84,64,21,322,14,2,16,338
12/31/2013,ABQ,NM,ASW,WE,Combined TRACON& Tower with Radar,135,42,14,0,191,0,40,30,4,74,135,82,44,4,265,6,0,6,271
01/01/2014,ABQ,NM,ASW,WE,Combined TRACON& Tower with Radar,123,28,13,1,165,0,18,22,1,41,123,46,35,2,206,8,0,8,214
01/02/2014,ABQ,NM,ASW,WE,Combined TRACON& Tower with Radar,158,56,25,0,239,0,65,33,1,99,158,121,58,1,338,16,4,20,358
01/03/2014,ABQ,NM,ASW,WE,Combined TRACON& Tower with Radar,149,45,28,0,222,0,53,40,0,93,149,98,68,0,315,30,0,30,345
01/04/2014,ABQ,NM,ASW,WE,Combined TRACON& Tower with Radar,131,44,37,0,212,0,15,45,5,65,131,59,82,5,277,16,0,16,293
01/05/2014,ABQ,NM,ASW,WE,Combined TRACON& Tower with Radar,126,33,22,0,181,0,13,28,0,41,126,46,50,0,222,14,0,14,236
01/06/2014,ABQ,NM,ASW,WE,Combined TRACON& Tower with Radar,134,39,24,13,210,0,35,21,45,101,134,74,45,58,311,0,14,14,325
01/07/2014,ABQ,NM,ASW,WE,Combined TRACON& Tower with Radar,129,44,21,15,209,0,44,37,61,142,129,88,58,76,351,2,2,4,355
01/08/2014,ABQ,NM,ASW,WE,Combined TRACON& Tower with Radar,130,42,26,20,218,0,47,39,56,142,130,89,65,76,360,20,28,48,408
01/09/2014,ABQ,NM,ASW,WE,Combined TRACON& Tower with Radar,138,39,32,16,225,0,39,42,59,140,138,78,74,75,365,18,2,20,385
01/10/2014,ABQ,NM,ASW,WE,Combined TRACON& Tower with Radar,139,44,20,33,236,0,44,27,29,100,139,88,47,62,336,2,6,8,344
01/11/2014,ABQ,NM,ASW,WE,Combined TRACON& Tower with Radar,98,29,32,3,162,0,22,50,11,83,98,51,82,14,245,28,0,28,273
01/12/2014,ABQ,NM,ASW,WE,Combined TRACON& Tower with Radar,111,38,13,18,180,0,10,30,4,44,111,48,43,22,224,12,14,26,250
01/13/2014,ABQ,NM,ASW,WE,Combined TRACON& Tower with Radar,129,47,22,17,215,0,29,35,69,133,129,76,57,86,348,0,20,20,368
01/14/2014,ABQ,NM,ASW,WE,Combined TRACON& Tower with Radar,132,45,23,16,216,0,44,28,55,127,132,89,51,71,343,4,0,4,347
01/15/2014,ABQ,NM,ASW,WE,Combined TRACON& Tower with Radar,130,40,38,13,221,0,40,50,61,151,130,80,88,74,372,44,18,62,434
01/16/2014,ABQ,NM,ASW,WE,Combined TRACON& Tower with Radar,141,38,28,15,222,0,43,43,59,145,141,81,71,74,367,52,0,52,419
01/17/2014,ABQ,NM,ASW,WE,Combined TRACON& Tower with Radar,137,41,27,12,217,0,51,56,36,143,137,92,83,48,360,10,16,26,386
01/18/2014,ABQ,NM,ASW,WE,Combined TRACON& Tower with Radar,98,26,18,12,154,0,19,59,6,84,98,45,77,18,238,22,6,28,266
01/19/2014,ABQ,NM,ASW,WE,Combined TRACON& Tower with Radar,111,29,15,9,164,0,10,46,7,63,111,39,61,16,227,10,16,26,253
01/20/2014,ABQ,NM,ASW,WE,Combined TRACON& Tower with Radar,133,29,34,4,200,0,35,41,1,77,133,64,75,5,277,8,4,12,289
01/21/2014,ABQ,NM,ASW,WE,Combined TRACON& Tower with Radar,130,49,42,11,232,0,45,53,33,131,130,94,95,44,363,2,6,8,371
01/22/2014,ABQ,NM,ASW,WE,Combined TRACON& Tower with Radar,131,48,45,4,228,0,51,51,48,150,131,99,96,52,378,32,14,46,424
01/23/2014,ABQ,NM,ASW,WE,Combined TRACON& Tower with Radar,141,63,16,24,244,0,25,11,18,54,141,88,27,42,298,4,16,20,318
01/24/2014,ABQ,NM,ASW,WE,Combined TRACON& Tower with Radar,137,38,24,44,243,0,38,41,73,152,137,76,65,117,395,12,42,54,449
01/25/2014,ABQ,NM,ASW,WE,Combined TRACON& Tower with Radar,98,25,18,9,150,0,20,62,6,88,98,45,80,15,238,34,0,34,272
01/26/2014,ABQ,NM,ASW,WE,Combined TRACON& Tower with Radar,107,27,20,13,167,0,11,48,11,70,107,38,68,24,237,6,0,6,243
01/27/2014,ABQ,NM,ASW,WE,Combined TRACON& Tower with Radar,130,39,26,27,222,0,33,17,67,117,130,72,43,94,339,4,26,30,369
01/28/2014,ABQ,NM,ASW,WE,Combined TRACON& Tower with Radar,120,48,34,19,221,0,36,40,62,138,120,84,74,81,359,8,24,32,391
01/29/2014,ABQ,NM,ASW,WE,Combined TRACON& Tower with Radar,127,46,38,16,227,0,38,45,35,118,127,84,83,51,345,8,16,24,369
01/30/2014,ABQ,NM,ASW,WE,Combined TRACON& Tower with Radar,134,47,38,32,251,0,34,28,71,133,134,81,66,103,384,4,14,18,402
01/31/2014,ABQ,NM,ASW,WE,Combined TRACON& Tower with Radar,141,51,46,14,252,0,35,19,26,80,141,86,65,40,332,8,8,16,348
02/01/2014,ABQ,NM,ASW,WE,Combined TRACON& Tower with Radar,91,39,28,10,168,0,13,40,9,62,91,52,68,19,230,22,0,22,252
02/02/2014,ABQ,NM,ASW,WE,Combined TRACON& Tower with Radar,91,28,12,6,137,0,9,69,2,80,91,37,81,8,217,26,0,26,243
02/03/2014,ABQ,NM,ASW,WE,Combined TRACON& Tower with Radar,133,62,39,49,283,0,11,28,42,81,133,73,67,91,364,16,68,84,448
02/04/2014,ABQ,NM,ASW,WE,Combined TRACON& Tower with Radar,134,78,44,25,281,0,26,25,55,106,134,104,69,80,387,2,38,40,427
02/05/2014,ABQ,NM,ASW,WE,Combined TRACON& Tower with Radar,127,87,41,5,260,0,12,5,1,18,127,99,46,6,278,0,0,0,278
02/06/2014,ABQ,NM,ASW,WE,Combined TRACON& Tower with Radar,136,80,58,3,277,0,5,7,45,57,136,85,65,48,334,4,0,4,338
02/07/2014,ABQ,NM,ASW,WE,Combined TRACON& Tower with Radar,138,65,46,17,266,0,26,30,33,89,138,91,76,50,355,2,4,6,361
02/08/2014,ABQ,NM,ASW,WE,Combined TRACON& Tower with Radar,98,28,36,4,166,0,11,65,6,82,98,39,101,10,248,22,0,22,270
02/09/2014,ABQ,NM,ASW,WE,Combined TRACON& Tower with Radar,108,38,20,2,168,0,6,35,4,45,108,44,55,6,213,6,0,6,219
02/10/2014,ABQ,NM,ASW,WE,Combined TRACON& Tower with Radar,129,50,26,8,213,0,20,27,5,52,129,70,53,13,265,0,4,4,269
02/11/2014,ABQ,NM,ASW,WE,Combined TRACON& Tower with Radar,128,59,19,36,242,0,43,68,61,172,128,102,87,97,414,0,18,18,432
02/12/2014,ABQ,NM,ASW,WE,Combined TRACON& Tower with Radar,130,57,33,20,240,0,39,47,41,127,130,96,80,61,367,8,8,16,383
02/13/2014,ABQ,NM,ASW,WE,Combined TRACON& Tower with Radar,132,60,38,17,247,0,41,46,80,167,132,101,84,97,414,2,44,46,460
02/14/2014,ABQ,NM,ASW,WE,Combined TRACON& Tower with Radar,136,53,32,13,234,0,46,42,38,126,136,99,74,51,360,26,4,30,390
02/15/2014,ABQ,NM,ASW,WE,Combined TRACON& Tower with Radar,102,38,18,25,183,0,16,65,3,84,102,54,83,28,267,24,6,30,297
02/16/2014,ABQ,NM,ASW,WE,Combined TRACON& Tower with Radar,110,24,14,3,151,0,9,33,4,46,110,33,47,7,197,0,0,0,197
02/17/2014,ABQ,NM,ASW,WE,Combined TRACON& Tower with Radar,135,40,38,9,222,0,27,68,3,98,135,67,106,12,320,2,2,4,324
02/18/2014,ABQ,NM,ASW,WE,Combined TRACON& Tower with Radar,140,55,38,24,257,0,42,53,39,134,140,97,91,63,391,18,6,24,415
02/19/2014,ABQ,NM,ASW,WE,Combined TRACON& Tower with Radar,134,51,43,10,238,0,40,42,22,104,134,91,85,32,342,4,2,6,348
02/20/2014,ABQ,NM,ASW,WE,Combined TRACON& Tower with Radar,141,51,29,7,228,0,43,35,56,134,141,94,64,63,362,12,2,14,376
02/21/2014,ABQ,NM,ASW,WE,Combined TRACON& Tower with Radar,146,53,35,11,245,0,44,76,45,165,146,97,111,56,410,20,14,34,444
02/22/2014,ABQ,NM,ASW,WE,Combined TRACON& Tower with Radar,106,30,11,12,159,0,20,46,26,92,106,50,57,38,251,0,26,26,277
02/23/2014,ABQ,NM,ASW,WE,Combined TRACON& Tower with Radar,117,34,26,7,184,0,9,60,7,76,117,43,86,14,260,32,0,32,292
02/24/2014,ABQ,NM,ASW,WE,Combined TRACON& Tower with Radar,135,45,20,18,218,0,28,34,57,119,135,73,54,75,337,12,0,12,349
02/25/2014,ABQ,NM,ASW,WE,Combined TRACON& Tower with Radar,139,50,45,19,253,0,39,52,43,134,139,89,97,62,387,6,0,6,393
02/26/2014,ABQ,NM,ASW,WE,Combined TRACON& Tower with Radar,134,51,41,37,263,0,36,48,38,122,134,87,89,75,385,0,30,30,415
02/27/2014,ABQ,NM,ASW,WE,Combined TRACON& Tower with Radar,144,60,48,24,276,0,35,37,46,118,144,95,85,70,394,0,4,4,398
02/28/2014,ABQ,NM,ASW,WE,Combined TRACON& Tower with Radar,139,61,35,24,259,0,44,60,26,130,139,105,95,50,389,44,2,46,435
03/01/2014,ABQ,NM,ASW,WE,Combined TRACON& Tower with Radar,104,52,14,19,189,0,8,15,5,28,104,60,29,24,217,30,2,32,249
03/02/2014,ABQ,NM,ASW,WE,Combined TRACON& Tower with Radar,106,36,26,6,174,0,4,4,6,14,106,40,30,12,188,0,0,0,188
03/03/2014,ABQ,NM,ASW,WE,Combined TRACON& Tower with Radar,133,52,32,13,230,0,25,32,9,66,133,77,64,22,296,20,2,22,318
03/04/2014,ABQ,NM,ASW,WE,Combined TRACON& Tower with Radar,135,54,27,13,229,0,33,38,52,123,135,87,65,65,352,0,0,0,352
03/05/2014,ABQ,NM,ASW,WE,Combined TRACON& Tower with Radar,134,48,28,23,233,0,35,44,58,137,134,83,72,81,370,0,12,12,382
03/06/2014,ABQ,NM,ASW,WE,Combined TRACON& Tower with Radar,146,51,36,21,254,0,37,54,73,164,146,88,90,94,418,6,12,18,436
03/07/2014,ABQ,NM,ASW,WE,Combined TRACON& Tower with Radar,136,71,30,14,251,0,38,43,48,129,136,109,73,62,380,2,2,4,384
03/08/2014,ABQ,NM,ASW,WE,Combined TRACON& Tower with Radar,121,37,30,3,191,0,14,31,12,57,121,51,61,15,248,0,0,0,248
03/09/2014,ABQ,NM,ASW,WE,Combined TRACON& Tower with Radar,137,27,19,16,199,0,10,65,6,81,137,37,84,22,280,46,0,46,326
03/10/2014,ABQ,NM,ASW,WE,Combined TRACON& Tower with Radar,145,57,35,14,251,0,34,35,64,133,145,91,70,78,384,8,12,20,404
03/11/2014,ABQ,NM,ASW,WE,Combined TRACON& Tower with Radar,153,43,29,13,238,0,41,28,56,125,153,84,57,69,363,2,0,2,365
03/12/2014,ABQ,NM,ASW,WE,Combined TRACON& Tower with Radar,148,47,37,21,253,0,42,39,49,130,148,89,76,70,383,16,0,16,399
03/13/2014,ABQ,NM,ASW,WE,Combined TRACON& Tower with Radar,154,48,35,24,261,0,39,70,48,157,154,87,105,72,418,26,2,28,446
03/14/2014,ABQ,NM,ASW,WE,Combined TRACON& Tower with Radar,150,52,52,37,291,0,32,65,40,137,150,84,117,77,428,30,28,58,486
03/15/2014,ABQ,NM,ASW,WE,Combined TRACON& Tower with Radar,126,42,20,16,204,0,10,20,11,41,126,52,40,27,245,0,2,2,247
03/16/2014,ABQ,NM,ASW,WE,Combined TRACON& Tower with Radar,139,27,11,2,179,0,7,37,7,51,139,34,48,9,230,38,0,38,268
03/17/2014,ABQ,NM,ASW,WE,Combined TRACON& Tower with Radar,145,37,29,10,221,0,31,46,37,114,145,68,75,47,335,10,0,10,345
03/18/2014,ABQ,NM,ASW,WE,Combined TRACON& Tower with Radar,152,45,43,8,248,0,41,44,56,141,152,86,87,64,389,10,8,18,407
03/19/2014,ABQ,NM,ASW,WE,Combined TRACON& Tower with Radar,151,52,35,18,256,0,34,59,66,159,151,86,94,84,415,12,22,34,449
03/20/2014,ABQ,NM,ASW,WE,Combined TRACON& Tower with Radar,163,48,22,10,243,0,42,36,51,129,163,90,58,61,372,4,28,32,404
03/21/2014,ABQ,NM,ASW,WE,Combined TRACON& Tower with Radar,160,60,31,19,270,0,40,78,39,157,160,100,109,58,427,8,6,14,441
03/22/2014,ABQ,NM,ASW,WE,Combined TRACON& Tower with Radar,122,39,18,12,191,0,17,65,10,92,122,56,83,22,283,0,0,0,283
03/23/2014,ABQ,NM,ASW,WE,Combined TRACON& Tower with Radar,135,37,29,4,205,0,9,58,2,69,135,46,87,6,274,30,0,30,304
03/24/2014,ABQ,NM,ASW,WE,Combined TRACON& Tower with Radar,151,54,29,26,260,0,30,44,41,115,151,84,73,67,375,10,8,18,393
03/25/2014,ABQ,NM,ASW,WE,Combined TRACON& Tower with Radar,152,58,48,8,266,0,46,60,70,176,152,104,108,78,442,40,26,66,508
03/26/2014,ABQ,NM,ASW,WE,Combined TRACON& Tower with Radar,152,48,35,10,245,0,32,32,46,110,152,80,67,56,355,6,14,20,375
03/27/2014,ABQ,NM,ASW,WE,Combined TRACON& Tower with Radar,152,52,30,8,242,0,41,36,63,140,152,93,66,71,382,0,20,20,402
03/28/2014,ABQ,NM,ASW,WE,Combined TRACON& Tower with Radar,155,39,28,45,267,0,42,50,48,140,155,81,78,93,407,8,26,34,441
03/29/2014,ABQ,NM,ASW,WE,Combined TRACON& Tower with Radar,122,35,32,11,200,0,20,68,13,101,122,55,100,24,301,38,0,38,339
03/30/2014,ABQ,NM,ASW,WE,Combined TRACON& Tower with Radar,135,20,21,9,185,0,12,51,8,71,135,32,72,17,256,4,0,4,260
03/31/2014,ABQ,NM,ASW,WE,Combined TRACON& Tower with Radar,148,47,35,7,237,0,27,55,36,118,148,74,90,43,355,32,0,32,387
04/01/2014,ABQ,NM,ASW,WE,Combined TRACON& Tower with Radar,149,36,42,6,233,0,40,42,41,123,149,76,84,47,356,2,4,6,362
04/02/2014,ABQ,NM,ASW,WE,Combined TRACON& Tower with Radar,149,51,39,11,250,0,33,26,32,91,149,84,65,43,341,0,2,2,343
04/03/2014,ABQ,NM,ASW,WE,Combined TRACON& Tower with Radar,157,60,33,22,272,0,33,26,51,110,157,93,59,73,382,6,16,22,404
04/04/2014,ABQ,NM,ASW,WE,Combined TRACON& Tower with Radar,158,48,35,20,261,0,46,76,56,178,158,94,111,76,439,4,0,4,443
04/05/2014,ABQ,NM,ASW,WE,Combined TRACON& Tower with Radar,124,34,26,5,189,0,11,54,2,67,124,45,80,7,256,32,0,32,288
04/06/2014,ABQ,NM,ASW,WE,Combined TRACON& Tower with Radar,134,24,22,9,189,0,12,43,4,59,134,36,65,13,248,24,2,26,274
04/07/2014,ABQ,NM,ASW,WE,Combined TRACON& Tower with Radar,150,40,38,6,234,0,31,44,5,80,150,71,82,11,314,0,0,0,314
04/08/2014,ABQ,NM,ASW,WE,Combined TRACON& Tower with Radar,157,47,46,9,259,0,36,68,54,158,157,83,114,63,417,12,2,14,431
04/09/2014,ABQ,NM,ASW,WE,Combined TRACON& Tower with Radar,159,38,28,19,244,0,39,61,40,140,159,77,89,59,384,20,16,36,420
04/10/2014,ABQ,NM,ASW,WE,Combined TRACON& Tower with Radar,165,57,33,9,264,0,39,52,57,148,165,96,85,66,412,8,0,8,420
04/11/2014,ABQ,NM,ASW,WE,Combined TRACON& Tower with Radar,159,47,35,16,257,0,37,50,47,134,159,84,85,63,391,2,20,22,413
04/12/2014,ABQ,NM,ASW,WE,Combined TRACON& Tower with Radar,126,36,17,2,181,0,11,52,3,66,126,47,69,5,247,2,6,8,255
04/13/2014,ABQ,NM,ASW,WE,Combined TRACON& Tower with Radar,142,30,10,3,185,0,5,25,0,30,142,35,35,3,215,0,0,0,215
04/14/2014,ABQ,NM,ASW,WE,Combined TRACON& Tower with Radar,153,43,29,29,254,0,24,50,44,118,153,67,79,73,372,0,14,14,386
04/15/2014,ABQ,NM,ASW,WE,Combined TRACON& Tower with Radar,158,44,29,13,244,0,44,57,55,156,158,88,86,68,400,0,0,0,400
04/16/2014,ABQ,NM,ASW,WE,Combined TRACON& Tower with Radar,158,47,51,8,264,0,49,58,67,174,158,96,109,75,438,0,6,6,444
04/17/2014,ABQ,NM,ASW,WE,Combined TRACON& Tower with Radar,164,44,49,12,269,0,39,56,50,145,164,83,105,62,414,6,6,12,426
04/18/2014,ABQ,NM,ASW,WE,Combined TRACON& Tower with Radar,160,55,26,17,258,0,41,55,41,137,160,96,81,58,395,2,8,10,405
04/19/2014,ABQ,NM,ASW,WE,Combined TRACON& Tower with Radar,116,32,37,3,188,0,8,47,2,57,116,40,84,5,245,16,0,16,261
04/20/2014,ABQ,NM,ASW,WE,Combined TRACON& Tower with Radar,135,33,22,1,191,0,14,48,3,65,135,47,70,4,256,0,0,0,256
04/21/2014,ABQ,NM,ASW,WE,Combined TRACON& Tower with Radar,158,49,43,19,269,0,30,40,33,103,158,79,83,52,372,20,2,22,394
04/22/2014,ABQ,NM,ASW,WE,Combined TRACON& Tower with Radar,157,48,38,12,255,0,41,36,51,128,157,89,74,63,383,0,8,8,391
04/23/2014,ABQ,NM,ASW,WE,Combined TRACON& Tower with Radar,156,54,46,28,284,0,39,44,52,135,156,93,90,80,419,0,4,4,423
04/24/2014,ABQ,NM,ASW,WE,Combined TRACON& Tower with Radar,167,50,56,14,287,0,38,75,53,166,167,88,131,67,453,18,6,24,477
04/25/2014,ABQ,NM,ASW,WE,Combined TRACON& Tower with Radar,161,64,50,37,312,0,42,58,29,129,161,106,108,66,441,8,8,16,457
04/26/2014,ABQ,NM,ASW,WE,Combined TRACON& Tower with Radar,118,28,17,3,166,0,12,11,2,25,118,40,28,5,191,6,0,6,197
04/27/2014,ABQ,NM,ASW,WE,Combined TRACON& Tower with Radar,140,29,22,8,199,0,7,12,1,20,140,36,34,9,219,0,0,0,219
04/28/2014,ABQ,NM,ASW,WE,Combined TRACON& Tower with Radar,158,51,34,6,249,0,26,27,36,89,158,77,61,42,338,2,4,6,344
04/29/2014,ABQ,NM,ASW,WE,Combined TRACON& Tower with Radar,158,48,32,17,255,0,45,48,51,144,158,93,80,68,399,6,4,10,409
04/30/2014,ABQ,NM,ASW,WE,Combined TRACON& Tower with Radar,193,60,44,8,305,0,36,64,41,141,193,96,108,49,446,0,4,4,450
05/01/2014,ABQ,NM,ASW,WE,Combined TRACON& Tower with Radar,170,55,49,11,285,0,40,44,54,138,170,95,93,65,423,0,12,12,435
05/02/2014,ABQ,NM,ASW,WE,Combined TRACON& Tower with Radar,164,52,45,26,287,0,35,52,50,137,164,87,97,76,424,8,42,50,474
05/03/2014,ABQ,NM,ASW,WE,Combined TRACON& Tower with Radar,121,30,16,12,179,0,13,60,12,85,121,43,76,24,264,16,0,16,280
05/04/2014,ABQ,NM,ASW,WE,Combined TRACON& Tower with Radar,142,30,25,4,201,0,8,50,5,63,142,38,75,9,264,2,0,2,266
05/05/2014,ABQ,NM,ASW,WE,Combined TRACON& Tower with Radar,155,46,26,2,229,0,34,48,4,86,155,80,74,6,315,18,0,18,333
05/06/2014,ABQ,NM,ASW,WE,Combined TRACON& Tower with Radar,165,56,31,4,256,0,42,52,58,152,165,98,83,62,408,0,22,22,430
05/07/2014,ABQ,NM,ASW,WE,Combined TRACON& Tower with Radar,159,51,35,14,259,0,36,30,38,104,159,87,65,52,363,0,0,0,363
05/08/2014,ABQ,NM,ASW,WE,Combined TRACON& Tower with Radar,148,70,32,14,264,0,36,32,81,149,148,106,64,95,413,0,28,28,441
05/09/2014,ABQ,NM,ASW,WE,Combined TRACON& Tower with Radar,158,56,24,19,257,0,42,75,58,175,158,98,99,77,432,12,42,54,486
05/10/2014,ABQ,NM,ASW,WE,Combined TRACON& Tower with Radar,118,36,26,8,188,0,23,50,1,74,118,59,76,9,262,14,0,14,276
05/11/2014,ABQ,NM,ASW,WE,Combined TRACON& Tower with Radar,134,28,18,8,188,0,8,15,3,26,134,36,33,11,214,0,0,0,214
05/12/2014,ABQ,NM,ASW,WE,Combined TRACON& Tower with Radar,145,57,48,18,268,0,27,43,43,113,145,84,91,61,381,14,0,14,395
05/13/2014,ABQ,NM,ASW,WE,Combined TRACON& Tower with Radar,155,63,44,31,293,0,19,32,43,94,155,82,76,74,387,0,16,16,403
05/14/2014,ABQ,NM,ASW,WE,Combined TRACON& Tower with Radar,164,43,60,19,286,0,37,65,70,172,164,80,125,89,458,10,10,20,478
05/15/2014,ABQ,NM,ASW,WE,Combined TRACON& Tower with Radar,159,60,79,26,324,0,40,64,30,134,159,100,143,56,458,2,16,18,476
05/16/2014,ABQ,NM,ASW,WE,Combined TRACON& Tower with Radar,161,60,39,25,285,0,32,45,3,80,161,92,84,28,365,2,0,2,367
05/17/2014,ABQ,NM,ASW,WE,Combined TRACON& Tower with Radar,118,51,44,2,215,0,18,46,7,71,118,69,90,9,286,0,0,0,286
05/18/2014,ABQ,NM,ASW,WE,Combined TRACON& Tower with Radar,138,37,48,1,224,0,12,44,5,61,138,49,92,6,285,0,0,0,285
05/19/2014,ABQ,NM,ASW,WE,Combined TRACON& Tower with Radar,154,48,28,7,237,0,28,44,38,110,154,76,72,45,347,0,2,2,349
05/20/2014,ABQ,NM,ASW,WE,Combined TRACON& Tower with Radar,165,56,32,15,268,0,37,39,16,92,165,93,71,31,360,2,4,6,366
05/21/2014,ABQ,NM,ASW,WE,Combined TRACON& Tower with Radar,167,61,40,7,275,0,41,63,39,143,167,102,103,46,418,12,4,16,434
05/22/2014,ABQ,NM,ASW,WE,Combined TRACON& Tower with Radar,167,59,40,11,277,0,35,44,49,128,167,94,84,60,405,0,2,2,407
05/23/2014,ABQ,NM,ASW,WE,Combined TRACON& Tower with Radar,163,76,43,4,286,0,24,33,5,62,163,100,76,9,348,0,0,0,348
05/24/2014,ABQ,NM,ASW,WE,Combined TRACON& Tower with Radar,115,43,16,4,178,0,13,26,2,41,115,56,42,6,219,0,0,0,219
05/25/2014,ABQ,NM,ASW,WE,Combined TRACON& Tower with Radar,115,37,29,2,183,0,6,39,6,51,115,43,68,8,234,14,0,14,248
05/26/2014,ABQ,NM,ASW,WE,Combined TRACON& Tower with Radar,137,30,26,14,207,0,16,45,3,64,137,46,71,17,271,0,0,0,271
05/27/2014,ABQ,NM,ASW,WE,Combined TRACON& Tower with Radar,148,48,29,6,231,0,32,37,44,113,148,80,66,50,344,10,0,10,354
05/28/2014,ABQ,NM,ASW,WE,Combined TRACON& Tower with Radar,163,57,27,6,253,0,38,57,53,148,163,95,84,59,401,8,18,26,427
05/29/2014,ABQ,NM,ASW,WE,Combined TRACON& Tower with Radar,165,69,54,18,306,0,40,60,70,170,165,109,114,88,476,0,20,20,496
05/30/2014,ABQ,NM,ASW,WE,Combined TRACON& Tower with Radar,157,58,32,40,287,0,33,41,67,141,157,91,73,107,428,14,26,40,468
05/31/2014,ABQ,NM,ASW,WE,Combined TRACON& Tower with Radar,118,36,27,5,186,0,20,53,7,80,118,56,80,12,266,16,0,16,282
06/01/2014,ABQ,NM,ASW,WE,Combined TRACON& Tower with Radar,141,42,43,3,229,0,11,46,5,62,141,53,89,8,291,0,0,0,291
06/02/2014,ABQ,NM,ASW,WE,Combined TRACON& Tower with Radar,150,46,28,12,236,0,37,64,36,137,150,83,92,48,373,4,4,8,381
06/03/2014,ABQ,NM,ASW,WE,Combined TRACON& Tower with Radar,166,53,30,15,264,0,34,70,43,147,166,87,100,58,411,18,24,42,453
06/04/2014,ABQ,NM,ASW,WE,Combined TRACON& Tower with Radar,163,50,31,15,259,0,39,56,44,139,163,89,87,59,398,8,6,14,412
06/05/2014,ABQ,NM,ASW,WE,Combined TRACON& Tower with Radar,158,59,32,32,281,0,38,54,70,162,158,97,86,102,443,2,24,26,469
06/06/2014,ABQ,NM,ASW,WE,Combined TRACON& Tower with Radar,158,62,27,10,257,0,41,70,11,122,158,103,97,21,379,10,0,10,389
06/07/2014,ABQ,NM,ASW,WE,Combined TRACON& Tower with Radar,120,40,23,23,206,0,14,30,2,46,120,54,53,25,252,2,10,12,264
06/08/2014,ABQ,NM,ASW,WE,Combined TRACON& Tower with Radar,149,50,22,27,248,0,12,30,8,50,149,62,52,35,298,16,0,16,314
06/09/2014,ABQ,NM,ASW,WE,Combined TRACON& Tower with Radar,147,61,32,4,244,0,32,47,12,91,147,93,79,16,335,0,0,0,335
06/10/2014,ABQ,NM,ASW,WE,Combined TRACON& Tower with Radar,155,60,42,20,277,0,41,64,35,140,155,101,106,55,417,18,2,20,437
06/11/2014,ABQ,NM,ASW,WE,Combined TRACON& Tower with Radar,159,59,31,6,255,0,35,55,56,146,159,94,86,62,401,34,0,34,435
06/12/2014,ABQ,NM,ASW,WE,Combined TRACON& Tower with Radar,160,52,47,13,272,0,34,70,57,161,160,86,117,70,433,14,6,20,453
06/13/2014,ABQ,NM,ASW,WE,Combined TRACON& Tower with Radar,154,65,29,15,263,0,33,36,53,122,154,98,65,68,385,4,24,28,413
06/14/2014,ABQ,NM,ASW,WE,Combined TRACON& Tower with Radar,136,41,21,13,211,0,19,55,5,79,136,60,76,18,290,20,2,22,312
06/15/2014,ABQ,NM,ASW,WE,Combined TRACON& Tower with Radar,148,32,20,11,211,0,9,67,5,81,148,41,87,16,292,4,0,4,296
06/16/2014,ABQ,NM,ASW,WE,Combined TRACON& Tower with Radar,150,55,28,14,247,0,26,48,50,124,150,81,76,64,371,0,0,0,371
06/17/2014,ABQ,NM,ASW,WE,Combined TRACON& Tower with Radar,165,70,40,6,281,0,36,48,45,129,165,106,88,51,410,0,2,2,412
06/18/2014,ABQ,NM,ASW,WE,Combined TRACON& Tower with Radar,158,57,43,15,273,1,37,73,53,164,159,94,116,68,437,14,0,14,451
06/19/2014,ABQ,NM,ASW,WE,Combined TRACON& Tower with Radar,161,58,32,17,268,1,34,94,57,186,162,92,126,74,454,6,2,8,462
06/20/2014,ABQ,NM,ASW,WE,Combined TRACON& Tower with Radar,161,60,42,23,286,0,40,122,19,181,161,100,164,42,467,24,20,44,511
06/21/2014,ABQ,NM,ASW,WE,Combined TRACON& Tower with Radar,133,39,26,8,206,0,17,62,11,90,133,56,88,19,296,0,0,0,296
06/22/2014,ABQ,NM,ASW,WE,Combined TRACON& Tower with Radar,148,28,26,7,209,0,16,68,2,86,148,44,94,9,295,4,0,4,299
06/23/2014,ABQ,NM,ASW,WE,Combined TRACON& Tower with Radar,148,60,39,15,262,0,29,36,35,100,148,89,75,50,362,6,0,6,368
06/24/2014,ABQ,NM,ASW,WE,Combined TRACON& Tower with Radar,164,58,54,10,286,0,40,63,88,191,164,98,117,98,477,18,18,36,513
06/25/2014,ABQ,NM,ASW,WE,Combined TRACON& Tower with Radar,157,77,39,11,284,0,30,41,72,143,157,107,80,83,427,8,26,34,461
06/26/2014,ABQ,NM,ASW,WE,Combined TRACON& Tower with Radar,170,56,70,9,305,0,37,65,52,154,170,93,135,61,459,8,2,10,469
06/27/2014,ABQ,NM,ASW,WE,Combined TRACON& Tower with Radar,161,57,51,24,293,0,40,47,76,163,161,97,98,100,456,4,42,46,502
06/28/2014,ABQ,NM,ASW,WE,Combined TRACON& Tower with Radar,132,41,20,3,196,0,15,53,6,74,132,56,73,9,270,22,0,22,292
06/29/2014,ABQ,NM,ASW,WE,Combined TRACON& Tower with Radar,153,33,23,17,226,0,6,77,23,106,153,39,100,40,332,26,0,26,358
06/30/2014,ABQ,NM,ASW,WE,Combined TRACON& Tower with Radar,151,48,19,3,221,0,28,124,52,204,151,76,143,55,425,2,4,6,431
07/01/2014,ABQ,NM,ASW,WE,Combined TRACON& Tower with Radar,158,60,31,6,255,0,36,81,30,147,158,96,112,36,402,0,0,0,402
07/02/2014,ABQ,NM,ASW,WE,Combined TRACON& Tower with Radar,160,61,32,13,266,0,37,30,37,104,160,98,62,50,370,6,4,10,380
07/03/2014,ABQ,NM,ASW,WE,Combined TRACON& Tower with Radar,154,71,39,11,275,0,37,53,64,154,154,108,92,75,429,6,24,30,459
07/04/2014,ABQ,NM,ASW,WE,Combined TRACON& Tower with Radar,110,34,12,1,157,0,11,42,4,57,110,45,54,5,214,0,0,0,214
07/05/2014,ABQ,NM,ASW,WE,Combined TRACON& Tower with Radar,126,32,12,0,170,0,10,34,2,46,126,42,46,2,216,28,0,28,244
07/06/2014,ABQ,NM,ASW,WE,Combined TRACON& Tower with Radar,146,41,25,0,212,0,9,35,0,44,146,50,60,0,256,0,0,0,256
07/07/2014,ABQ,NM,ASW,WE,Combined TRACON& Tower with Radar,158,55,28,5,246,0,33,50,3,86,158,88,78,8,332,0,0,0,332
07/08/2014,ABQ,NM,ASW,WE,Combined TRACON& Tower with Radar,156,54,23,14,247,0,36,39,7,82,156,90,62,21,329,16,0,16,345
07/09/2014,ABQ,NM,ASW,WE,Combined TRACON& Tower with Radar,158,60,42,4,264,0,36,35,34,105,158,96,77,38,369,0,0,0,369
07/10/2014,ABQ,NM,ASW,WE,Combined TRACON& Tower with Radar,171,56,25,23,275,0,34,49,63,146,171,90,74,86,421,14,16,30,451
07/11/2014,ABQ,NM,ASW,WE,Combined TRACON& Tower with Radar,162,50,29,15,256,0,48,54,61,163,162,98,83,76,419,0,34,34,453
07/12/2014,ABQ,NM,ASW,WE,Combined TRACON& Tower with Radar,132,42,16,21,211,0,13,60,14,87,132,55,76,35,298,18,0,18,316
07/13/2014,ABQ,NM,ASW,WE,Combined TRACON& Tower with Radar,142,37,37,44,260,0,6,51,8,65,142,43,88,52,325,2,8,10,335
07/14/2014,ABQ,NM,ASW,WE,Combined TRACON& Tower with Radar,152,61,24,23,260,0,33,59,16,108,152,94,83,39,368,2,0,2,370
07/15/2014,ABQ,NM,ASW,WE,Combined TRACON& Tower with Radar,158,82,34,11,285,0,22,24,34,80,158,104,58,45,365,0,0,0,365
07/16/2014,ABQ,NM,ASW,WE,Combined TRACON& Tower with Radar,160,63,66,11,300,0,33,53,35,121,160,96,119,46,421,14,0,14,435
07/17/2014,ABQ,NM,ASW,WE,Combined TRACON& Tower with Radar,163,61,44,14,282,0,38,75,50,163,163,99,119,64,445,0,0,0,445
07/18/2014,ABQ,NM,ASW,WE,Combined TRACON& Tower with Radar,159,67,32,33,291,0,39,64,33,136,159,106,96,66,427,26,4,30,457
07/19/2014,ABQ,NM,ASW,WE,Combined TRACON& Tower with Radar,132,43,29,5,209,0,14,60,2,76,132,57,89,7,285,36,0,36,321
07/20/2014,ABQ,NM,ASW,WE,Combined TRACON& Tower with Radar,146,47,28,1,222,0,10,53,1,64,146,57,81,2,286,14,0,14,300
07/21/2014,ABQ,NM,ASW,WE,Combined TRACON& Tower with Radar,154,59,35,14,262,0,27,50,31,108,154,86,85,45,370,6,0,6,376
07/22/2014,ABQ,NM,ASW,WE,Combined TRACON& Tower with Radar,159,58,35,7,259,0,38,56,25,119,159,96,91,32,378,0,8,8,386
07/23/2014,ABQ,NM,ASW,WE,Combined TRACON& Tower with Radar,163,56,48,16,283,0,37,60,43,140,163,93,108,59,423,12,0,12,435
07/24/2014,ABQ,NM,ASW,WE,Combined TRACON& Tower with Radar,184,72,64,13,333,0,51,84,39,174,184,123,148,52,507,0,0,0,507
07/25/2014,ABQ,NM,ASW,WE,Combined TRACON& Tower with Radar,181,60,39,24,304,0,38,66,30,134,181,98,105,54,438,10,2,12,450
07/26/2014,ABQ,NM,ASW,WE,Combined TRACON& Tower with Radar,135,42,22,3,202,0,17,73,13,103,135,59,95,16,305,2,0,2,307
07/27/2014,ABQ,NM,ASW,WE,Combined TRACON& Tower with Radar,141,51,26,3,221,0,7,44,4,55,141,58,70,7,276,2,0,2,278
07/28/2014,ABQ,NM,ASW,WE,Combined TRACON& Tower with Radar,157,50,40,8,255,0,24,29,35,88,157,74,69,43,343,0,0,0,343
07/29/2014,ABQ,NM,ASW,WE,Combined TRACON& Tower with Radar,163,68,40,16,287,0,30,54,52,136,163,98,94,68,423,0,0,0,423
07/30/2014,ABQ,NM,ASW,WE,Combined TRACON& Tower with Radar,160,56,50,15,281,0,30,62,30,122,160,86,112,45,403,0,0,0,403
07/31/2014,ABQ,NM,ASW,WE,Combined TRACON& Tower with Radar,165,78,47,17,307,0,33,41,22,96,165,111,88,39,403,0,0,0,403
08/01/2014,ABQ,NM,ASW,WE,Combined TRACON& Tower with Radar,156,58,35,17,266,0,26,36,46,108,156,84,71,63,374,2,4,6,380
08/02/2014,ABQ,NM,ASW,WE,Combined TRACON& Tower with Radar,139,30,25,18,212,0,15,33,8,56,139,45,58,26,268,4,2,6,274
08/03/2014,ABQ,NM,ASW,WE,Combined TRACON& Tower with Radar,138,39,17,5,199,0,12,41,5,58,138,51,58,10,257,0,0,0,257
08/04/2014,ABQ,NM,ASW,WE,Combined TRACON& Tower with Radar,158,55,20,12,245,0,23,20,28,71,158,78,40,40,316,0,16,16,332
08/05/2014,ABQ,NM,ASW,WE,Combined TRACON& Tower with Radar,164,62,28,16,270,0,34,61,44,139,164,96,89,60,409,14,6,20,429
08/06/2014,ABQ,NM,ASW,WE,Combined TRACON& Tower with Radar,161,52,42,10,265,0,37,64,61,162,161,89,106,71,427,4,0,4,431
08/07/2014,ABQ,NM,ASW,WE,Combined TRACON& Tower with Radar,164,57,40,5,266,0,37,41,70,148,164,94,81,75,414,0,8,8,422
08/08/2014,ABQ,NM,ASW,WE,Combined TRACON& Tower with Radar,156,53,43,8,260,0,42,77,42,161,156,95,120,50,421,24,0,24,445
08/09/2014,ABQ,NM,ASW,WE,Combined TRACON& Tower with Radar,140,34,15,0,189,0,16,81,2,99,140,50,96,2,288,48,0,48,336
08/10/2014,ABQ,NM,ASW,WE,Combined TRACON& Tower with Radar,133,40,24,6,203,0,8,42,3,53,133,48,66,9,256,0,0,0,256
08/11/2014,ABQ,NM,ASW,WE,Combined TRACON& Tower with Radar,146,49,27,15,237,0,35,51,59,145,146,84,78,74,382,0,4,4,386
08/12/2014,ABQ,NM,ASW,WE,Combined TRACON& Tower with Radar,160,44,31,14,249,0,43,53,77,173,160,87,84,91,422,0,4,4,426
08/13/2014,ABQ,NM,ASW,WE,Combined TRACON& Tower with Radar,157,60,34,10,261,0,41,36,45,122,157,101,70,55,383,10,2,12,395
08/14/2014,ABQ,NM,ASW,WE,Combined TRACON& Tower with Radar,155,61,40,28,284,0,35,31,38,104,155,96,71,66,388,0,6,6,394
08/15/2014,ABQ,NM,ASW,WE,Combined TRACON& Tower with Radar,153,45,26,15,239,0,39,51,35,125,153,84,77,50,364,0,2,2,366
08/16/2014,ABQ,NM,ASW,WE,Combined TRACON& Tower with Radar,125,38,14,5,182,0,12,89,1,102,125,50,103,6,284,6,0,6,290
08/17/2014,ABQ,NM,ASW,WE,Combined TRACON& Tower with Radar,129,39,15,9,192,0,6,44,1,51,129,45,59,10,243,12,0,12,255
08/18/2014,ABQ,NM,ASW,WE,Combined TRACON& Tower with Radar,145,46,21,7,219,0,26,52,2,80,145,72,73,9,299,8,0,8,307
08/19/2014,ABQ,NM,ASW,WE,Combined TRACON& Tower with Radar,151,45,42,21,259,0,36,58,55,149,151,81,100,76,408,8,0,8,416
08/20/2014,ABQ,NM,ASW,WE,Combined TRACON& Tower with Radar,161,55,45,12,273,0,34,55,56,145,161,89,100,68,418,2,8,10,428
08/21/2014,ABQ,NM,ASW,WE,Combined TRACON& Tower with Radar,156,47,39,28,270,0,31,48,41,120,156,78,87,69,390,0,4,4,394
08/22/2014,ABQ,NM,ASW,WE,Combined TRACON& Tower with Radar,162,57,45,26,290,0,27,20,42,89,162,84,65,68,379,0,0,0,379
08/23/2014,ABQ,NM,ASW,WE,Combined TRACON& Tower with Radar,122,34,20,4,180,0,20,51,15,86,122,54,71,19,266,24,0,24,290
08/24/2014,ABQ,NM,ASW,WE,Combined TRACON& Tower with Radar,140,34,26,13,213,0,14,57,5,76,140,48,83,18,289,4,0,4,293
08/25/2014,ABQ,NM,ASW,WE,Combined TRACON& Tower with Radar,151,48,40,12,251,0,28,43,57,128,151,76,83,69,379,8,14,22,401
08/26/2014,ABQ,NM,ASW,WE,Combined TRACON& Tower with Radar,153,42,38,15,248,0,36,50,100,186,153,78,88,115,434,6,26,32,466
08/27/2014,ABQ,NM,ASW,WE,Combined TRACON& Tower with Radar,158,46,31,14,249,0,42,49,37,128,158,88,80,51,377,14,0,14,391
08/28/2014,ABQ,NM,ASW,WE,Combined TRACON& Tower with Radar,164,64,40,9,277,0,39,64,75,178,164,103,104,84,455,2,6,8,463
08/29/2014,ABQ,NM,ASW,WE,Combined TRACON& Tower with Radar,158,47,33,18,256,0,35,57,35,127,158,82,90,53,383,6,6,12,395
08/30/2014,ABQ,NM,ASW,WE,Combined TRACON& Tower with Radar,112,37,25,27,201,0,12,55,6,73,112,49,80,33,274,6,0,6,280
08/31/2014,ABQ,NM,ASW,WE,Combined TRACON& Tower with Radar,107,25,12,1,145,0,10,22,1,33,107,35,34,2,178,0,0,0,178
09/01/2014,ABQ,NM,ASW,WE,Combined TRACON& Tower with Radar,135,29,25,5,194,0,18,38,0,56,135,47,63,5,250,6,0,6,256
09/02/2014,ABQ,NM,ASW,WE,Combined TRACON& Tower with Radar,151,41,25,5,222,0,33,49,53,135,151,74,74,58,357,0,0,0,357
09/03/2014,ABQ,NM,ASW,WE,Combined TRACON& Tower with Radar,151,44,29,29,253,0,36,41,69,146,151,80,70,98,399,8,6,14,413
09/04/2014,ABQ,NM,ASW,WE,Combined TRACON& Tower with Radar,150,47,42,16,255,0,29,46,67,142,150,76,88,83,397,0,6,6,403
09/05/2014,ABQ,NM,ASW,WE,Combined TRACON& Tower with Radar,149,58,36,23,266,0,26,47,48,121,149,84,83,71,387,2,2,4,391
09/06/2014,ABQ,NM,ASW,WE,Combined TRACON& Tower with Radar,112,39,27,17,195,0,10,65,20,95,112,49,92,37,290,16,14,30,320
09/07/2014,ABQ,NM,ASW,WE,Combined TRACON& Tower with Radar,132,38,26,29,225,0,4,42,11,57,132,42,68,40,282,14,16,30,312
09/08/2014,ABQ,NM,ASW,WE,Combined TRACON& Tower with Radar,144,43,36,8,231,0,25,25,38,88,144,68,61,46,319,0,8,8,327
09/09/2014,ABQ,NM,ASW,WE,Combined TRACON& Tower with Radar,144,56,43,9,252,0,29,27,45,101,144,85,70,54,353,0,0,0,353
09/10/2014,ABQ,NM,ASW,WE,Combined TRACON& Tower with Radar,149,41,44,14,248,0,35,43,66,144,149,76,87,80,392,0,2,2,394
09/11/2014,ABQ,NM,ASW,WE,Combined TRACON& Tower with Radar,152,53,58,19,282,0,35,33,56,124,152,88,91,75,406,0,0,0,406
09/12/2014,ABQ,NM,ASW,WE,Combined TRACON& Tower with Radar,148,66,30,70,314,0,22,25,61,108,148,88,55,131,422,0,12,12,434
09/13/2014,ABQ,NM,ASW,WE,Combined TRACON& Tower with Radar,116,38,25,7,186,0,10,46,1,57,116,48,71,8,243,8,0,8,251
09/14/2014,ABQ,NM,ASW,WE,Combined TRACON& Tower with Radar,138,28,36,6,208,0,8,76,9,93,138,36,112,15,301,24,0,24,325
09/15/2014,ABQ,NM,ASW,WE,Combined TRACON& Tower with Radar,140,52,47,9,248,0,23,23,39,85,140,75,70,48,333,0,2,2,335
09/16/2014,ABQ,NM,ASW,WE,Combined TRACON& Tower with Radar,147,62,39,21,269,0,26,31,57,114,147,88,70,78,383,0,20,20,403
09/17/2014,ABQ,NM,ASW,WE,Combined TRACON& Tower with Radar,154,59,46,9,268,0,22,15,54,91,154,81,61,63,359,0,4,4,363
09/18/2014,ABQ,NM,ASW,WE,Combined TRACON& Tower with Radar,154,56,30,17,257,0,32,46,55,133,154,88,76,72,390,0,6,6,396
09/19/2014,ABQ,NM,ASW,WE,Combined TRACON& Tower with Radar,150,61,44,40,295,0,22,36,31,89,150,83,80,71,384,2,6,8,392
09/20/2014,ABQ,NM,ASW,WE,Combined TRACON& Tower with Radar,116,44,26,11,197,0,12,46,2,60,116,56,72,13,257,8,0,8,265
09/21/2014,ABQ,NM,ASW,WE,Combined TRACON& Tower with Radar,142,33,29,17,221,0,9,20,2,31,142,42,49,19,252,4,0,4,256
09/22/2014,ABQ,NM,ASW,WE,Combined TRACON& Tower with Radar,148,61,44,31,284,0,17,30,52,99,148,78,74,83,383,8,6,14,397
09/23/2014,ABQ,NM,ASW,WE,Combined TRACON& Tower with Radar,148,50,32,8,238,0,36,51,39,126,148,86,83,47,364,8,0,8,372
09/24/2014,ABQ,NM,ASW,WE,Combined TRACON& Tower with Radar,155,55,45,11,266,0,39,74,62,175,155,94,119,73,441,10,14,24,465
09/25/2014,ABQ,NM,ASW,WE,Combined TRACON& Tower with Radar,158,52,34,6,250,0,38,55,22,115,158,90,89,28,365,0,0,0,365
09/26/2014,ABQ,NM,ASW,WE,Combined TRACON& Tower with Radar,145,52,42,5,244,0,44,57,7,108,145,96,99,12,352,0,2,2,354
09/27/2014,ABQ,NM,ASW,WE,Combined TRACON& Tower with Radar,144,37,36,1,218,0,20,63,0,83,144,57,99,1,301,14,0,14,315
09/28/2014,ABQ,NM,ASW,WE,Combined TRACON& Tower with Radar,141,34,35,9,219,0,9,40,0,49,141,43,75,9,268,0,0,0,268
09/29/2014,ABQ,NM,ASW,WE,Combined TRACON& Tower with Radar,144,61,17,1,223,0,20,26,0,46,144,81,43,1,269,8,0,8,277
09/30/2014,ABQ,NM,ASW,WE,Combined TRACON& Tower with Radar,157,60,40,6,263,0,36,60,8,104,157,96,100,14,367,0,0,0,367
10/01/2014,ABQ,NM,ASW,WE,Combined TRACON& Tower with Radar,155,47,34,11,247,0,35,64,48,147,155,82,98,59,394,0,0,0,394
10/02/2014,ABQ,NM,ASW,WE,Combined TRACON& Tower with Radar,148,52,47,8,255,0,36,49,38,123,148,88,96,46,378,0,0,0,378
10/03/2014,ABQ,NM,ASW,WE,Combined TRACON& Tower with Radar,159,63,60,36,318,0,27,88,54,169,159,90,148,90,487,0,12,12,499
10/04/2014,ABQ,NM,ASW,WE,Combined TRACON& Tower with Radar,121,46,31,3,201,0,19,77,15,111,121,65,108,18,312,12,0,12,324
10/05/2014,ABQ,NM,ASW,WE,Combined TRACON& Tower with Radar,141,22,32,21,216,0,12,69,5,86,141,34,101,26,302,2,2,4,306
10/06/2014,ABQ,NM,ASW,WE,Combined TRACON& Tower with Radar,150,59,30,5,244,0,30,59,42,131,150,89,89,47,375,0,0,0,375
10/07/2014,ABQ,NM,ASW,WE,Combined TRACON& Tower with Radar,154,62,30,7,253,0,44,54,51,149,154,106,84,58,402,18,0,18,420
10/08/2014,ABQ,NM,ASW,WE,Combined TRACON& Tower with Radar,156,60,60,16,292,0,30,43,73,146,156,90,103,89,438,0,38,38,476
10/09/2014,ABQ,NM,ASW,WE,Combined TRACON& Tower with Radar,160,79,60,8,307,0,25,26,34,85,160,104,86,42,392,0,0,0,392
10/10/2014,ABQ,NM,ASW,WE,Combined TRACON& Tower with Radar,149,91,41,9,290,0,9,22,51,82,149,100,63,60,372,0,2,2,374
10/11/2014,ABQ,NM,ASW,WE,Combined TRACON& Tower with Radar,121,46,24,2,193,0,8,57,2,67,121,54,81,4,260,12,0,12,272
10/12/2014,ABQ,NM,ASW,WE,Combined TRACON& Tower with Radar,145,32,25,0,202,0,10,31,0,41,145,42,56,0,243,4,0,4,247
10/13/2014,ABQ,NM,ASW,WE,Combined TRACON& Tower with Radar,138,52,34,4,228,0,25,58,2,85,138,77,92,6,313,0,0,0,313
10/14/2014,ABQ,NM,ASW,WE,Combined TRACON& Tower with Radar,159,57,29,10,255,0,32,52,44,128,159,89,81,54,383,0,0,0,383
10/15/2014,ABQ,NM,ASW,WE,Combined TRACON& Tower with Radar,150,62,32,12,256,0,30,41,49,120,150,92,73,61,376,0,0,0,376
10/16/2014,ABQ,NM,ASW,WE,Combined TRACON& Tower with Radar,160,52,49,19,280,0,33,42,63,138,160,85,91,82,418,12,14,26,444
10/17/2014,ABQ,NM,ASW,WE,Combined TRACON& Tower with Radar,152,61,27,14,254,0,31,53,52,136,152,92,80,66,390,6,8,14,404
10/18/2014,ABQ,NM,ASW,WE,Combined TRACON& Tower with Radar,117,47,11,11,186,0,12,23,12,47,117,59,34,23,233,0,0,0,233
10/19/2014,ABQ,NM,ASW,WE,Combined TRACON& Tower with Radar,145,30,25,4,204,0,10,30,3,43,145,40,55,7,247,20,0,20,267
10/20/2014,ABQ,NM,ASW,WE,Combined TRACON& Tower with Radar,147,61,30,9,247,0,20,36,48,104,147,81,66,57,351,0,14,14,365
10/21/2014,ABQ,NM,ASW,WE,Combined TRACON& Tower with Radar,153,75,47,14,289,0,24,29,67,120,153,99,76,81,409,20,4,24,433
10/22/2014,ABQ,NM,ASW,WE,Combined TRACON& Tower with Radar,151,62,40,9,262,0,23,54,44,121,151,85,94,53,383,12,8,20,403
10/23/2014,ABQ,NM,ASW,WE,Combined TRACON& Tower with Radar,159,60,32,14,265,0,28,47,60,135,159,88,79,74,400,2,2,4,404
10/24/2014,ABQ,NM,ASW,WE,Combined TRACON& Tower with Radar,151,72,51,36,310,0,26,62,50,138,151,98,113,86,448,6,0,6,454
10/25/2014,ABQ,NM,ASW,WE,Combined TRACON& Tower with Radar,118,31,17,6,172,0,12,62,3,77,118,43,79,9,249,14,0,14,263
10/26/2014,ABQ,NM,ASW,WE,Combined TRACON& Tower with Radar,138,28,20,3,189,0,7,42,1,50,138,35,62,4,239,14,0,14,253
10/27/2014,ABQ,NM,ASW,WE,Combined TRACON& Tower with Radar,144,68,34,12,258,0,17,33,6,56,144,85,67,18,314,2,0,2,316
10/28/2014,ABQ,NM,ASW,WE,Combined TRACON& Tower with Radar,148,61,46,23,278,0,28,35,44,107,148,89,81,67,385,4,0,4,389
10/29/2014,ABQ,NM,ASW,WE,Combined TRACON& Tower with Radar,149,61,46,16,272,0,32,61,59,152,149,93,107,75,424,12,2,14,438
10/30/2014,ABQ,NM,ASW,WE,Combined TRACON& Tower with Radar,151,61,43,18,273,0,28,42,83,153,151,89,85,101,426,6,26,32,458
10/31/2014,ABQ,NM,ASW,WE,Combined TRACON& Tower with Radar,125,59,27,18,229,0,31,48,50,129,125,90,75,68,358,0,12,12,370
11/01/2014,ABQ,NM,ASW,WE,Combined TRACON& Tower with Radar,109,40,24,5,178,0,12,36,16,64,109,52,60,21,242,8,0,8,250
11/02/2014,ABQ,NM,ASW,WE,Combined TRACON& Tower with Radar,129,37,22,4,192,0,4,17,13,34,129,41,39,17,226,2,0,2,228
11/03/2014,ABQ,NM,ASW,WE,Combined TRACON& Tower with Radar,127,68,34,6,235,0,18,34,49,101,127,86,68,55,336,0,0,0,336
11/04/2014,ABQ,NM,ASW,WE,Combined TRACON& Tower with Radar,131,76,30,13,250,0,16,36,54,106,131,92,66,67,356,0,0,0,356
11/05/2014,ABQ,NM,ASW,WE,Combined TRACON& Tower with Radar,135,64,32,24,255,0,28,55,71,154,135,92,87,95,409,0,12,12,421
11/06/2014,ABQ,NM,ASW,WE,Combined TRACON& Tower with Radar,134,66,34,34,268,0,35,59,73,167,134,101,93,107,435,0,10,10,445
11/07/2014,ABQ,NM,ASW,WE,Combined TRACON& Tower with Radar,134,68,35,29,266,0,35,66,50,151,134,103,101,79,417,4,16,20,437
11/08/2014,ABQ,NM,ASW,WE,Combined TRACON& Tower with Radar,103,39,16,3,161,0,13,42,6,61,103,52,58,9,222,20,0,20,242
11/09/2014,ABQ,NM,ASW,WE,Combined TRACON& Tower with Radar,126,26,19,5,176,0,8,57,4,69,126,34,76,9,245,10,0,10,255
11/10/2014,ABQ,NM,ASW,WE,Combined TRACON& Tower with Radar,125,60,28,5,218,0,23,30,7,60,125,83,58,12,278,0,0,0,278
11/11/2014,ABQ,NM,ASW,WE,Combined TRACON& Tower with Radar,132,44,35,0,211,0,26,52,0,78,132,70,87,0,289,0,0,0,289
11/12/2014,ABQ,NM,ASW,WE,Combined TRACON& Tower with Radar,137,64,45,14,260,0,26,54,48,128,137,90,99,62,388,0,0,0,388
11/13/2014,ABQ,NM,ASW,WE,Combined TRACON& Tower with Radar,139,66,58,15,278,0,15,50,63,128,139,81,108,78,406,10,10,20,426
11/14/2014,ABQ,NM,ASW,WE,Combined TRACON& Tower with Radar,147,94,56,32,329,0,30,46,33,109,147,124,102,65,438,38,0,38,476
11/15/2014,ABQ,NM,ASW,WE,Combined TRACON& Tower with Radar,102,34,26,4,166,0,11,38,1,50,102,45,64,5,216,18,0,18,234
11/16/2014,ABQ,NM,ASW,WE,Combined TRACON& Tower with Radar,121,36,24,5,186,0,4,19,3,26,121,40,43,8,212,0,0,0,212
11/17/2014,ABQ,NM,ASW,WE,Combined TRACON& Tower with Radar,130,62,44,23,259,0,18,57,68,143,130,80,101,91,402,8,26,34,436
11/18/2014,ABQ,NM,ASW,WE,Combined TRACON& Tower with Radar,134,64,33,10,241,0,34,62,43,139,134,98,95,53,380,8,16,24,404
11/19/2014,ABQ,NM,ASW,WE,Combined TRACON& Tower with Radar,134,56,29,16,235,0,29,40,40,109,134,85,69,56,344,2,6,8,352
11/20/2014,ABQ,NM,ASW,WE,Combined TRACON& Tower with Radar,138,75,47,25,285,0,34,56,59,149,138,109,103,84,434,2,18,20,454
11/21/2014,ABQ,NM,ASW,WE,Combined TRACON& Tower with Radar,140,61,50,68,319,0,28,52,26,106,140,89,102,94,425,24,6,30,455
11/22/2014,ABQ,NM,ASW,WE,Combined TRACON& Tower with Radar,108,47,34,42,231,0,16,63,13,92,108,63,97,55,323,6,2,8,331
11/23/2014,ABQ,NM,ASW,WE,Combined TRACON& Tower with Radar,126,28,13,26,193,0,9,6,8,23,126,37,19,34,216,0,6,6,222
11/24/2014,ABQ,NM,ASW,WE,Combined TRACON& Tower with Radar,128,66,41,14,249,0,20,42,76,138,128,86,83,90,387,0,0,0,387
11/25/2014,ABQ,NM,ASW,WE,Combined TRACON& Tower with Radar,146,61,27,25,259,0,30,68,62,160,146,91,95,87,419,22,10,32,451
11/26/2014,ABQ,NM,ASW,WE,Combined TRACON& Tower with Radar,143,60,32,6,241,0,26,40,26,92,143,86,72,32,333,0,16,16,349
11/27/2014,ABQ,NM,ASW,WE,Combined TRACON& Tower with Radar,89,26,9,0,124,0,9,16,1,26,89,35,25,1,150,0,0,0,150
11/28/2014,ABQ,NM,ASW,WE,Combined TRACON& Tower with Radar,109,42,22,1,174,0,31,45,0,76,109,73,67,1,250,0,0,0,250
11/29/2014,ABQ,NM,ASW,WE,Combined TRACON& Tower with Radar,127,40,36,0,203,0,12,53,1,66,127,52,89,1,269,32,0,32,301
11/30/2014,ABQ,NM,ASW,WE,Combined TRACON& Tower with Radar,136,35,30,0,201,0,9,42,0,51,136,44,72,0,252,24,0,24,276
12/01/2014,ABQ,NM,ASW,WE,Combined TRACON& Tower with Radar,144,60,30,10,244,0,20,25,70,115,144,80,55,80,359,6,10,16,375
12/02/2014,ABQ,NM,ASW,WE,Combined TRACON& Tower with Radar,144,58,26,17,245,0,29,29,61,119,144,87,55,78,364,0,4,4,368
12/03/2014,ABQ,NM,ASW,WE,Combined TRACON& Tower with Radar,143,65,37,42,287,0,22,33,64,119,143,87,70,106,406,8,22,30,436
12/04/2014,ABQ,NM,ASW,WE,Combined TRACON& Tower with Radar,147,96,34,28,305,0,9,7,9,25,147,105,41,37,330,0,0,0,330
12/05/2014,ABQ,NM,ASW,WE,Combined TRACON& Tower with Radar,131,67,35,26,259,0,17,47,53,117,131,84,82,79,376,0,40,40,416
12/06/2014,ABQ,NM,ASW,WE,Combined TRACON& Tower with Radar,92,42,16,2,152,0,4,41,5,50,92,46,57,7,202,0,0,0,202
12/07/2014,ABQ,NM,ASW,WE,Combined TRACON& Tower with Radar,123,26,19,10,178,0,6,40,0,46,123,32,59,10,224,0,0,0,224
12/08/2014,ABQ,NM,ASW,WE,Combined TRACON& Tower with Radar,134,46,25,9,214,0,19,44,8,71,134,65,69,17,285,18,2,20,305
12/09/2014,ABQ,NM,ASW,WE,Combined TRACON& Tower with Radar,134,57,28,15,234,0,22,37,65,124,134,79,65,80,358,0,10,10,368
12/10/2014,ABQ,NM,ASW,WE,Combined TRACON& Tower with Radar,138,64,29,11,242,0,22,40,70,132,138,86,69,81,374,4,0,4,378
12/11/2014,ABQ,NM,ASW,WE,Combined TRACON& Tower with Radar,142,59,27,25,253,0,21,40,52,113,142,80,67,77,366,6,20,26,392
12/12/2014,ABQ,NM,ASW,WE,Combined TRACON& Tower with Radar,139,62,33,7,241,0,20,51,18,89,139,82,84,25,330,2,8,10,340
12/13/2014,ABQ,NM,ASW,WE,Combined TRACON& Tower with Radar,98,48,28,3,177,0,7,55,6,68,98,55,83,9,245,0,0,0,245
12/14/2014,ABQ,NM,ASW,WE,Combined TRACON& Tower with Radar,125,43,19,1,188,0,7,11,4,22,125,50,30,5,210,0,0,0,210
12/15/2014,ABQ,NM,ASW,WE,Combined TRACON& Tower with Radar,129,55,28,13,225,0,10,42,51,103,129,65,70,64,328,0,0,0,328
12/16/2014,ABQ,NM,ASW,WE,Combined TRACON& Tower with Radar,141,60,23,6,230,0,30,38,59,127,141,90,61,65,357,6,0,6,363
12/17/2014,ABQ,NM,ASW,WE,Combined TRACON& Tower with Radar,144,108,42,35,329,0,1,11,37,49,144,109,53,72,378,0,14,14,392
12/18/2014,ABQ,NM,ASW,WE,Combined TRACON& Tower with Radar,143,70,28,12,253,0,21,25,40,86,143,91,53,52,339,0,0,0,339
12/19/2014,ABQ,NM,ASW,WE,Combined TRACON& Tower with Radar,148,86,44,14,292,0,30,53,40,123,148,116,97,54,415,0,2,2,417
12/20/2014,ABQ,NM,ASW,WE,Combined TRACON& Tower with Radar,144,41,27,9,221,0,6,48,13,67,144,47,75,22,288,26,2,28,316
12/21/2014,ABQ,NM,ASW,WE,Combined TRACON& Tower with Radar,132,38,24,4,198,0,4,40,3,47,132,42,64,7,245,6,0,6,251
12/22/2014,ABQ,NM,ASW,WE,Combined TRACON& Tower with Radar,143,70,24,12,249,0,25,29,17,71,143,95,53,29,320,0,0,0,320
12/23/2014,ABQ,NM,ASW,WE,Combined TRACON& Tower with Radar,148,81,34,8,271,0,39,32,9,80,148,120,66,17,351,0,0,0,351
12/24/2014,ABQ,NM,ASW,WE,Combined TRACON& Tower with Radar,136,61,19,0,216,0,38,32,3,73,136,99,51,3,289,0,0,0,289
12/25/2014,ABQ,NM,ASW,WE,Combined TRACON& Tower with Radar,115,30,10,0,155,0,6,5,0,11,115,36,15,0,166,0,0,0,166
12/26/2014,ABQ,NM,ASW,WE,Combined TRACON& Tower with Radar,135,82,6,0,223,0,14,8,1,23,135,96,14,1,246,0,0,0,246
12/27/2014,ABQ,NM,ASW,WE,Combined TRACON& Tower with Radar,132,42,33,0,207,0,10,37,2,49,132,52,70,2,256,0,0,0,256
12/28/2014,ABQ,NM,ASW,WE,Combined TRACON& Tower with Radar,134,30,20,0,184,0,9,38,2,49,134,39,58,2,233,0,0,0,233
12/29/2014,ABQ,NM,ASW,WE,Combined TRACON& Tower with Radar,134,62,30,5,231,0,30,50,9,89,134,92,80,14,320,16,0,16,336
12/30/2014,ABQ,NM,ASW,WE,Combined TRACON& Tower with Radar,138,62,13,11,224,0,21,18,7,46,138,83,31,18,270,0,0,0,270
12/31/2014,ABQ,NM,ASW,WE,Combined TRACON& Tower with Radar,121,81,24,4,230,0,5,8,5,18,121,86,32,9,248,0,0,0,248
01/01/2015,ABQ,NM,ASW,WE,Combined TRACON& Tower with Radar,102,38,14,0,154,0,5,6,0,11,102,43,20,0,165,0,0,0,165
01/02/2015,ABQ,NM,ASW,WE,Combined TRACON& Tower with Radar,137,81,10,0,228,0,9,12,0,21,137,90,22,0,249,0,0,0,249
01/03/2015,ABQ,NM,ASW,WE,Combined TRACON& Tower with Radar,132,56,29,0,217,0,7,21,0,28,132,63,50,0,245,8,0,8,253
01/04/2015,ABQ,NM,ASW,WE,Combined TRACON& Tower with Radar,126,45,35,0,206,0,7,30,1,38,126,52,65,1,244,2,0,2,246
01/05/2015,ABQ,NM,ASW,WE,Combined TRACON& Tower with Radar,126,63,28,6,223,0,9,33,19,61,126,72,61,25,284,0,0,0,284
01/06/2015,ABQ,NM,ASW,WE,Combined TRACON& Tower with Radar,128,63,29,21,241,0,27,48,56,131,128,90,77,77,372,6,16,22,394
01/07/2015,ABQ,NM,ASW,WE,Combined TRACON& Tower with Radar,131,62,34,40,267,0,13,18,74,105,131,75,52,114,372,0,46,46,418
01/08/2015,ABQ,NM,ASW,WE,Combined TRACON& Tower with Radar,133,74,32,19,258,0,17,43,66,126,133,91,75,85,384,0,10,10,394
01/09/2015,ABQ,NM,ASW,WE,Combined TRACON& Tower with Radar,129,74,28,18,249,0,7,23,41,71,129,81,51,59,320,6,0,6,326
01/10/2015,ABQ,NM,ASW,WE,Combined TRACON& Tower with Radar,89,42,33,21,185,0,10,49,8,67,89,52,82,29,252,16,0,16,268
01/11/2015,ABQ,NM,ASW,WE,Combined TRACON& Tower with Radar,115,41,21,11,188,0,5,22,1,28,115,46,43,12,216,12,2,14,230
01/12/2015,ABQ,NM,ASW,WE,Combined TRACON& Tower with Radar,126,72,29,19,246,0,0,6,55,61,126,72,35,74,307,10,0,10,317
01/13/2015,ABQ,NM,ASW,WE,Combined TRACON& Tower with Radar,127,74,16,9,226,0,0,0,1,1,127,74,16,10,227,0,0,0,227
01/14/2015,ABQ,NM,ASW,WE,Combined TRACON& Tower with Radar,131,78,40,24,273,0,1,11,63,75,131,79,51,87,348,6,56,62,410
01/15/2015,ABQ,NM,ASW,WE,Combined TRACON& Tower with Radar,135,67,33,30,265,0,25,49,61,135,135,92,82,91,400,0,0,0,400
01/16/2015,ABQ,NM,ASW,WE,Combined TRACON& Tower with Radar,129,74,28,27,258,0,30,55,27,112,129,104,83,54,370,0,2,2,372
01/17/2015,ABQ,NM,ASW,WE,Combined TRACON& Tower with Radar,89,31,15,10,145,0,9,47,3,59,89,40,62,13,204,2,0,2,206
01/18/2015,ABQ,NM,ASW,WE,Combined TRACON& Tower with Radar,112,34,10,3,159,0,8,42,2,52,112,42,52,5,211,8,0,8,219
01/19/2015,ABQ,NM,ASW,WE,Combined TRACON& Tower with Radar,130,50,33,17,230,0,9,40,1,50,130,59,73,18,280,0,0,0,280
01/20/2015,ABQ,NM,ASW,WE,Combined TRACON& Tower with Radar,127,64,19,24,234,0,23,43,65,131,127,87,62,89,365,0,0,0,365
01/21/2015,ABQ,NM,ASW,WE,Combined TRACON& Tower with Radar,131,83,38,11,263,0,10,17,13,40,131,93,55,24,303,0,0,0,303
01/22/2015,ABQ,NM,ASW,WE,Combined TRACON& Tower with Radar,130,86,41,15,272,0,7,15,65,87,130,93,56,80,359,6,16,22,381
01/23/2015,ABQ,NM,ASW,WE,Combined TRACON& Tower with Radar,134,75,30,34,273,0,19,68,39,126,134,94,98,73,399,0,10,10,409
01/24/2015,ABQ,NM,ASW,WE,Combined TRACON& Tower with Radar,91,47,23,12,173,0,3,49,15,67,91,50,72,27,240,0,0,0,240
01/25/2015,ABQ,NM,ASW,WE,Combined TRACON& Tower with Radar,109,31,26,13,179,0,5,58,4,67,109,36,84,17,246,26,0,26,272
01/26/2015,ABQ,NM,ASW,WE,Combined TRACON& Tower with Radar,128,61,37,35,261,0,9,35,77,121,128,70,72,112,382,2,18,20,402
01/27/2015,ABQ,NM,ASW,WE,Combined TRACON& Tower with Radar,127,65,25,14,231,0,14,29,76,119,127,79,54,90,350,0,12,12,362
01/28/2015,ABQ,NM,ASW,WE,Combined TRACON& Tower with Radar,129,60,19,17,225,0,15,49,92,156,129,75,68,109,381,6,14,20,401
01/29/2015,ABQ,NM,ASW,WE,Combined TRACON& Tower with Radar,134,73,43,13,263,0,18,27,62,107,134,91,70,75,370,2,2,4,374
01/30/2015,ABQ,NM,ASW,WE,Combined TRACON& Tower with Radar,128,82,28,29,267,0,0,0,3,3,128,82,28,32,270,0,0,0,270
01/31/2015,ABQ,NM,ASW,WE,Combined TRACON& Tower with Radar,93,45,23,8,169,0,0,0,0,0,93,45,23,8,169,0,0,0,169
02/01/2015,ABQ,NM,ASW,WE,Combined TRACON& Tower with Radar,102,47,25,5,179,0,6,32,5,43,102,53,57,10,222,16,0,16,238
02/02/2015,ABQ,NM,ASW,WE,Combined TRACON& Tower with Radar,119,56,32,8,215,0,12,30,53,95,119,68,62,61,310,6,14,20,330
02/03/2015,ABQ,NM,ASW,WE,Combined TRACON& Tower with Radar,128,63,31,22,244,0,28,61,54,143,128,91,92,76,387,0,0,0,387
02/04/2015,ABQ,NM,ASW,WE,Combined TRACON& Tower with Radar,126,59,34,15,234,0,20,49,73,142,126,79,83,88,376,0,24,24,400
02/05/2015,ABQ,NM,ASW,WE,Combined TRACON& Tower with Radar,132,67,40,17,256,0,21,48,43,112,132,88,88,60,368,10,0,10,378
02/06/2015,ABQ,NM,ASW,WE,Combined TRACON& Tower with Radar,132,61,28,19,240,0,21,60,40,121,132,82,88,59,361,4,22,26,387
02/07/2015,ABQ,NM,ASW,WE,Combined TRACON& Tower with Radar,91,30,25,8,154,0,10,62,22,94,91,40,87,30,248,4,4,8,256
02/08/2015,ABQ,NM,ASW,WE,Combined TRACON& Tower with Radar,113,40,24,19,196,0,1,37,17,55,113,41,61,36,251,24,0,24,275
02/09/2015,ABQ,NM,ASW,WE,Combined TRACON& Tower with Radar,128,43,18,3,192,0,16,52,10,78,128,59,70,13,270,10,0,10,280
02/10/2015,ABQ,NM,ASW,WE,Combined TRACON& Tower with Radar,125,64,26,38,253,0,23,51,58,132,125,87,77,96,385,14,10,24,409
02/11/2015,ABQ,NM,ASW,WE,Combined TRACON& Tower with Radar,129,74,45,17,265,0,10,15,56,81,129,84,60,73,346,10,22,32,378
02/12/2015,ABQ,NM,ASW,WE,Combined TRACON& Tower with Radar,130,58,39,31,258,0,32,57,64,153,130,90,96,95,411,4,0,4,415
02/13/2015,ABQ,NM,ASW,WE,Combined TRACON& Tower with Radar,131,62,23,8,224,0,25,78,38,141,131,87,101,46,365,30,2,32,397
02/14/2015,ABQ,NM,ASW,WE,Combined TRACON& Tower with Radar,89,51,27,8,175,0,6,64,7,77,89,57,91,15,252,28,0,28,280
02/15/2015,ABQ,NM,ASW,WE,Combined TRACON& Tower with Radar,109,33,24,4,170,0,5,54,5,64,109,38,78,9,234,22,0,22,256
02/16/2015,ABQ,NM,ASW,WE,Combined TRACON& Tower with Radar,125,57,32,4,218,0,13,50,4,67,125,70,82,8,285,26,0,26,311
02/17/2015,ABQ,NM,ASW,WE,Combined TRACON& Tower with Radar,123,63,19,37,242,0,21,45,66,132,123,84,64,103,374,14,4,18,392
02/18/2015,ABQ,NM,ASW,WE,Combined TRACON& Tower with Radar,137,62,40,44,283,0,20,57,59,136,137,82,97,103,419,18,16,34,453
02/19/2015,ABQ,NM,ASW,WE,Combined TRACON& Tower with Radar,135,57,32,27,251,0,25,58,69,152,135,82,90,96,403,0,26,26,429
02/20/2015,ABQ,NM,ASW,WE,Combined TRACON& Tower with Radar,130,64,46,34,274,0,18,54,36,108,130,82,100,70,382,0,6,6,388
02/21/2015,ABQ,NM,ASW,WE,Combined TRACON& Tower with Radar,87,47,21,12,167,0,6,50,6,62,87,53,71,18,229,2,2,4,233
02/22/2015,ABQ,NM,ASW,WE,Combined TRACON& Tower with Radar,112,34,24,6,176,0,1,5,6,12,112,35,29,12,188,0,0,0,188
02/23/2015,ABQ,NM,ASW,WE,Combined TRACON& Tower with Radar,111,73,23,10,217,0,1,7,15,23,111,74,30,25,240,10,0,10,250
02/24/2015,ABQ,NM,ASW,WE,Combined TRACON& Tower with Radar,120,75,37,20,252,0,4,10,59,73,120,79,47,79,325,0,10,10,335
02/25/2015,ABQ,NM,ASW,WE,Combined TRACON& Tower with Radar,129,70,43,12,254,0,16,43,57,116,129,86,86,69,370,4,0,4,374
02/26/2015,ABQ,NM,ASW,WE,Combined TRACON& Tower with Radar,129,70,39,14,252,0,15,18,15,48,129,85,57,29,300,0,0,0,300
02/27/2015,ABQ,NM,ASW,WE,Combined TRACON& Tower with Radar,119,83,22,20,244,0,0,4,2,6,119,83,26,22,250,0,0,0,250
02/28/2015,ABQ,NM,ASW,WE,Combined TRACON& Tower with Radar,34,37,18,8,97,0,0,2,1,3,34,37,20,9,100,0,0,0,100
03/01/2015,ABQ,NM,ASW,WE,Combined TRACON& Tower with Radar,106,30,26,2,164,0,4,32,0,36,106,34,58,2,200,12,0,12,212
03/02/2015,ABQ,NM,ASW,WE,Combined TRACON& Tower with Radar,137,67,29,17,250,0,10,25,27,62,137,77,54,44,312,4,0,4,316
03/03/2015,ABQ,NM,ASW,WE,Combined TRACON& Tower with Radar,138,74,37,61,310,0,31,37,42,110,138,105,74,103,420,0,2,2,422
03/04/2015,ABQ,NM,ASW,WE,Combined TRACON& Tower with Radar,129,66,47,18,260,0,19,42,53,114,129,85,89,71,374,0,14,14,388
03/05/2015,ABQ,NM,ASW,WE,Combined TRACON& Tower with Radar,114,57,34,10,215,0,52,68,58,178,114,109,102,68,393,24,14,38,431
03/06/2015,ABQ,NM,ASW,WE,Combined TRACON& Tower with Radar,133,55,34,53,275,0,101,92,39,232,133,156,126,92,507,0,6,6,513
03/07/2015,ABQ,NM,ASW,WE,Combined TRACON& Tower with Radar,105,40,30,32,207,0,122,61,33,216,105,162,91,65,423,0,10,10,433
03/08/2015,ABQ,NM,ASW,WE,Combined TRACON& Tower with Radar,123,31,14,52,220,0,81,52,21,154,123,112,66,73,374,4,12,16,390
03/09/2015,ABQ,NM,ASW,WE,Combined TRACON& Tower with Radar,129,72,45,10,256,0,9,54,12,75,129,81,99,22,331,0,2,2,333
03/10/2015,ABQ,NM,ASW,WE,Combined TRACON& Tower with Radar,130,62,41,19,252,0,21,46,55,122,130,83,87,74,374,4,0,4,378
03/11/2015,ABQ,NM,ASW,WE,Combined TRACON& Tower with Radar,132,52,46,23,253,0,23,53,85,161,132,75,99,108,414,0,10,10,424
03/12/2015,ABQ,NM,ASW,WE,Combined TRACON& Tower with Radar,144,60,42,20,266,0,17,40,66,123,144,77,82,86,389,0,6,6,395
03/13/2015,ABQ,NM,ASW,WE,Combined TRACON& Tower with Radar,135,48,33,36,252,0,17,47,56,120,135,65,80,92,372,0,22,22,394
03/14/2015,ABQ,NM,ASW,WE,Combined TRACON& Tower with Radar,105,44,32,22,203,0,8,53,11,72,105,52,85,33,275,8,4,12,287
03/15/2015,ABQ,NM,ASW,WE,Combined TRACON& Tower with Radar,121,24,24,4,173,0,7,69,4,80,121,31,93,8,253,12,0,12,265
03/16/2015,ABQ,NM,ASW,WE,Combined TRACON& Tower with Radar,129,53,31,11,224,0,18,39,55,112,129,71,70,66,336,2,2,4,340
03/17/2015,ABQ,NM,ASW,WE,Combined TRACON& Tower with Radar,132,57,34,17,240,0,14,32,57,103,132,71,66,74,343,16,12,28,371
03/18/2015,ABQ,NM,ASW,WE,Combined TRACON& Tower with Radar,139,66,50,12,267,0,11,39,35,85,139,77,89,47,352,0,6,6,358
03/19/2015,ABQ,NM,ASW,WE,Combined TRACON& Tower with Radar,138,76,38,14,266,0,11,27,57,95,138,87,65,71,361,0,8,8,369
03/20/2015,ABQ,NM,ASW,WE,Combined TRACON& Tower with Radar,132,72,54,73,331,0,6,29,27,62,132,78,83,100,393,20,6,26,419
03/21/2015,ABQ,NM,ASW,WE,Combined TRACON& Tower with Radar,108,51,32,18,209,0,4,82,9,95,108,55,114,27,304,16,0,16,320
03/22/2015,ABQ,NM,ASW,WE,Combined TRACON& Tower with Radar,124,44,28,37,233,1,3,72,3,79,125,47,100,40,312,0,4,4,316
03/23/2015,ABQ,NM,ASW,WE,Combined TRACON& Tower with Radar,120,67,25,9,221,0,16,58,67,141,120,83,83,76,362,2,8,10,372
03/24/2015,ABQ,NM,ASW,WE,Combined TRACON& Tower with Radar,133,61,20,12,226,2,26,81,58,167,135,87,101,70,393,12,0,12,405
03/25/2015,ABQ,NM,ASW,WE,Combined TRACON& Tower with Radar,138,74,37,19,268,2,30,38,44,114,140,104,75,63,382,6,6,12,394
03/26/2015,ABQ,NM,ASW,WE,Combined TRACON& Tower with Radar,138,62,29,36,265,0,17,66,72,155,138,79,95,108,420,4,16,20,440
03/27/2015,ABQ,NM,ASW,WE,Combined TRACON& Tower with Radar,136,72,37,25,270,0,22,71,27,120,136,94,108,52,390,12,0,12,402
03/28/2015,ABQ,NM,ASW,WE,Combined TRACON& Tower with Radar,107,30,25,2,164,0,11,81,3,95,107,41,106,5,259,16,0,16,275
03/29/2015,ABQ,NM,ASW,WE,Combined TRACON& Tower with Radar,125,27,21,17,190,0,5,60,0,65,125,32,81,17,255,34,0,34,289
03/30/2015,ABQ,NM,ASW,WE,Combined TRACON& Tower with Radar,130,55,40,10,235,0,14,38,59,111,130,69,78,69,346,4,6,10,356
03/31/2015,ABQ,NM,ASW,WE,Combined TRACON& Tower with Radar,131,66,56,15,268,0,18,64,76,158,131,84,120,91,426,0,12,12,438
04/01/2015,ABQ,NM,ASW,WE,Combined TRACON& Tower with Radar,140,67,39,13,259,0,23,31,67,121,140,90,70,80,380,2,2,4,384
04/02/2015,ABQ,NM,ASW,WE,Combined TRACON& Tower with Radar,135,73,35,24,267,0,29,35,78,142,135,102,70,102,409,0,6,6,415
04/03/2015,ABQ,NM,ASW,WE,Combined TRACON& Tower with Radar,134,57,37,48,276,0,15,50,47,112,134,72,87,95,388,2,8,10,398
04/04/2015,ABQ,NM,ASW,WE,Combined TRACON& Tower with Radar,103,48,12,4,167,0,15,43,8,66,103,63,55,12,233,20,0,20,253
04/05/2015,ABQ,NM,ASW,WE,Combined TRACON& Tower with Radar,119,28,10,3,160,0,8,26,7,41,119,36,36,10,201,0,0,0,201
04/06/2015,ABQ,NM,ASW,WE,Combined TRACON& Tower with Radar,128,68,31,13,240,0,19,41,74,134,128,87,72,87,374,0,4,4,378
04/07/2015,ABQ,NM,ASW,WE,Combined TRACON& Tower with Radar,135,59,32,9,235,0,18,39,56,113,135,77,71,65,348,0,2,2,350
04/08/2015,ABQ,NM,ASW,WE,Combined TRACON& Tower with Radar,141,62,34,12,249,0,27,40,40,107,141,89,74,52,356,2,4,6,362
04/09/2015,ABQ,NM,ASW,WE,Combined TRACON& Tower with Radar,146,61,52,23,282,0,28,68,51,147,146,89,120,74,429,4,4,8,437
04/10/2015,ABQ,NM,ASW,WE,Combined TRACON& Tower with Radar,145,67,46,17,275,0,24,64,62,150,145,91,110,79,425,28,20,48,473
04/11/2015,ABQ,NM,ASW,WE,Combined TRACON& Tower with Radar,107,40,25,5,177,0,15,67,11,93,107,55,92,16,270,6,0,6,276
04/12/2015,ABQ,NM,ASW,WE,Combined TRACON& Tower with Radar,123,24,34,9,190,0,5,49,3,57,123,29,83,12,247,16,0,16,263
04/13/2015,ABQ,NM,ASW,WE,Combined TRACON& Tower with Radar,136,50,23,4,213,0,14,29,5,48,136,64,52,9,261,6,0,6,267
04/14/2015,ABQ,NM,ASW,WE,Combined TRACON& Tower with Radar,139,57,28,14,238,0,20,68,64,152,139,77,96,78,390,0,6,6,396
04/15/2015,ABQ,NM,ASW,WE,Combined TRACON& Tower with Radar,143,73,38,14,268,0,28,40,54,122,143,101,78,68,390,0,0,0,390
04/16/2015,ABQ,NM,ASW,WE,Combined TRACON& Tower with Radar,141,58,43,13,255,0,18,27,59,104,141,76,70,72,359,4,6,10,369
04/17/2015,ABQ,NM,ASW,WE,Combined TRACON& Tower with Radar,150,64,36,36,286,0,21,46,83,150,150,85,82,119,436,2,24,26,462
04/18/2015,ABQ,NM,ASW,WE,Combined TRACON& Tower with Radar,108,29,17,4,158,0,8,32,8,48,108,37,49,12,206,8,0,8,214
04/19/2015,ABQ,NM,ASW,WE,Combined TRACON& Tower with Radar,125,30,29,4,188,0,2,61,1,64,125,32,90,5,252,0,0,0,252
04/20/2015,ABQ,NM,ASW,WE,Combined TRACON& Tower with Radar,138,55,34,5,232,0,9,33,38,80,138,64,67,43,312,10,4,14,326
04/21/2015,ABQ,NM,ASW,WE,Combined TRACON& Tower with Radar,140,63,39,4,246,0,19,70,31,120,140,82,109,35,366,4,2,6,372
04/22/2015,ABQ,NM,ASW,WE,Combined TRACON& Tower with Radar,148,57,40,8,253,0,26,68,35,129,148,83,108,43,382,4,0,4,386
04/23/2015,ABQ,NM,ASW,WE,Combined TRACON& Tower with Radar,150,76,51,12,289,0,15,55,49,119,150,91,106,61,408,8,0,8,416
04/24/2015,ABQ,NM,ASW,WE,Combined TRACON& Tower with Radar,146,72,38,48,304,0,16,16,40,72,146,88,54,88,376,0,24,24,400
04/25/2015,ABQ,NM,ASW,WE,Combined TRACON& Tower with Radar,114,40,35,6,195,0,13,76,3,92,114,53,111,9,287,22,0,22,309
04/26/2015,ABQ,NM,ASW,WE,Combined TRACON& Tower with Radar,122,39,26,4,191,0,3,7,0,10,122,42,33,4,201,0,0,0,201
04/27/2015,ABQ,NM,ASW,WE,Combined TRACON& Tower with Radar,138,66,38,16,258,0,2,27,34,63,138,68,65,50,321,2,12,14,335
04/28/2015,ABQ,NM,ASW,WE,Combined TRACON& Tower with Radar,142,77,40,5,264,0,15,63,87,165,142,92,103,92,429,6,22,28,457
04/29/2015,ABQ,NM,ASW,WE,Combined TRACON& Tower with Radar,148,62,54,18,282,2,18,65,82,167,150,80,119,100,449,20,8,28,477
04/30/2015,ABQ,NM,ASW,WE,Combined TRACON& Tower with Radar,152,62,56,14,284,0,20,57,63,140,152,82,113,77,424,4,0,4,428
05/01/2015,ABQ,NM,ASW,WE,Combined TRACON& Tower with Radar,143,55,46,11,255,0,20,46,40,106,143,75,92,51,361,12,2,14,375
05/02/2015,ABQ,NM,ASW,WE,Combined TRACON& Tower with Radar,110,38,24,3,175,0,8,39,11,58,110,46,63,14,233,2,0,2,235
05/03/2015,ABQ,NM,ASW,WE,Combined TRACON& Tower with Radar,131,38,27,25,221,0,3,52,6,61,131,41,79,31,282,20,0,20,302
05/04/2015,ABQ,NM,ASW,WE,Combined TRACON& Tower with Radar,137,61,27,3,228,0,5,34,2,41,137,66,61,5,269,0,0,0,269
05/05/2015,ABQ,NM,ASW,WE,Combined TRACON& Tower with Radar,162,78,34,16,290,0,6,11,52,69,162,84,45,68,359,0,4,4,363
05/06/2015,ABQ,NM,ASW,WE,Combined TRACON& Tower with Radar,164,55,30,18,267,0,12,58,49,119,164,67,88,67,386,0,6,6,392
05/07/2015,ABQ,NM,ASW,WE,Combined TRACON& Tower with Radar,150,48,28,8,234,0,12,66,60,138,150,60,94,68,372,8,4,12,384
05/08/2015,ABQ,NM,ASW,WE,Combined TRACON& Tower with Radar,147,64,34,29,274,0,23,56,58,137,147,87,90,87,411,4,4,8,419
05/09/2015,ABQ,NM,ASW,WE,Combined TRACON& Tower with Radar,115,41,21,31,208,0,7,36,22,65,115,48,57,53,273,12,6,18,291
05/10/2015,ABQ,NM,ASW,WE,Combined TRACON& Tower with Radar,120,31,32,6,189,0,2,58,0,60,120,33,90,6,249,4,0,4,253
05/11/2015,ABQ,NM,ASW,WE,Combined TRACON& Tower with Radar,146,47,35,13,241,0,17,63,46,126,146,64,98,59,367,0,4,4,371
05/12/2015,ABQ,NM,ASW,WE,Combined TRACON& Tower with Radar,152,70,32,27,281,0,11,22,79,112,152,81,54,106,393,0,28,28,421
05/13/2015,ABQ,NM,ASW,WE,Combined TRACON& Tower with Radar,149,67,46,15,277,0,13,42,75,130,149,80,88,90,407,10,12,22,429
05/14/2015,ABQ,NM,ASW,WE,Combined TRACON& Tower with Radar,155,59,40,10,264,0,23,37,56,116,155,82,77,66,380,4,0,4,384
05/15/2015,ABQ,NM,ASW,WE,Combined TRACON& Tower with Radar,150,69,37,11,267,0,14,30,19,63,150,83,67,30,330,14,0,14,344
05/16/2015,ABQ,NM,ASW,WE,Combined TRACON& Tower with Radar,110,42,22,4,178,0,4,16,2,22,110,46,38,6,200,0,0,0,200
05/17/2015,ABQ,NM,ASW,WE,Combined TRACON& Tower with Radar,127,31,24,8,190,0,5,63,5,73,127,36,87,13,263,0,0,0,263
05/18/2015,ABQ,NM,ASW,WE,Combined TRACON& Tower with Radar,140,49,29,4,222,0,6,36,21,63,140,55,65,25,285,2,2,4,289
05/19/2015,ABQ,NM,ASW,WE,Combined TRACON& Tower with Radar,160,54,45,38,297,0,17,57,54,128,160,71,102,92,425,4,4,8,433
05/20/2015,ABQ,NM,ASW,WE,Combined TRACON& Tower with Radar,155,55,47,16,273,0,20,69,66,155,155,75,116,82,428,4,2,6,434
05/21/2015,ABQ,NM,ASW,WE,Combined TRACON& Tower with Radar,155,79,27,11,272,0,9,18,13,40,155,88,45,24,312,0,0,0,312
05/22/2015,ABQ,NM,ASW,WE,Combined TRACON& Tower with Radar,150,66,45,3,264,0,11,47,6,64,150,77,92,9,328,4,0,4,332
05/23/2015,ABQ,NM,ASW,WE,Combined TRACON& Tower with Radar,118,42,28,3,191,0,9,43,6,58,118,51,71,9,249,0,0,0,249
05/24/2015,ABQ,NM,ASW,WE,Combined TRACON& Tower with Radar,124,25,19,1,169,0,4,36,5,45,124,29,55,6,214,4,0,4,218
05/25/2015,ABQ,NM,ASW,WE,Combined TRACON& Tower with Radar,119,36,17,0,172,0,10,37,0,47,119,46,54,0,219,10,0,10,229
05/26/2015,ABQ,NM,ASW,WE,Combined TRACON& Tower with Radar,142,52,35,5,234,0,25,41,34,100,142,77,76,39,334,0,0,0,334
05/27/2015,ABQ,NM,ASW,WE,Combined TRACON& Tower with Radar,155,72,37,20,284,0,42,38,70,150,155,114,75,90,434,0,20,20,454
05/28/2015,ABQ,NM,ASW,WE,Combined TRACON& Tower with Radar,149,65,40,16,270,0,34,57,42,133,149,99,97,58,403,6,0,6,409
05/29/2015,ABQ,NM,ASW,WE,Combined TRACON& Tower with Radar,149,65,32,23,269,0,24,50,54,128,149,89,82,77,397,4,4,8,405
05/30/2015,ABQ,NM,ASW,WE,Combined TRACON& Tower with Radar,113,30,20,4,167,0,10,45,49,104,113,40,65,53,271,4,0,4,275
05/31/2015,ABQ,NM,ASW,WE,Combined TRACON& Tower with Radar,121,37,23,4,185,0,2,53,0,55,121,39,76,4,240,0,0,0,240
06/01/2015,ABQ,NM,ASW,WE,Combined TRACON& Tower with Radar,145,56,21,29,251,0,4,47,32,83,145,60,68,61,334,0,14,14,348
06/02/2015,ABQ,NM,ASW,WE,Combined TRACON& Tower with Radar,148,57,34,16,255,0,18,46,82,146,148,75,80,98,401,2,6,8,409
06/03/2015,ABQ,NM,ASW,WE,Combined TRACON& Tower with Radar,152,56,26,23,257,0,20,56,48,124,152,76,82,71,381,30,10,40,421
06/04/2015,ABQ,NM,ASW,WE,Combined TRACON& Tower with Radar,167,59,42,23,291,0,22,58,73,153,167,81,100,96,444,0,10,10,454
06/05/2015,ABQ,NM,ASW,WE,Combined TRACON& Tower with Radar,153,66,36,20,275,0,12,61,41,114,153,78,97,61,389,14,2,16,405
06/06/2015,ABQ,NM,ASW,WE,Combined TRACON& Tower with Radar,127,56,13,3,199,0,6,29,17,52,127,62,42,20,251,26,0,26,277
06/07/2015,ABQ,NM,ASW,WE,Combined TRACON& Tower with Radar,141,34,21,5,201,0,5,48,4,57,141,39,69,9,258,12,0,12,270
06/08/2015,ABQ,NM,ASW,WE,Combined TRACON& Tower with Radar,144,54,22,1,221,0,9,37,7,53,144,63,59,8,274,2,0,2,276
06/09/2015,ABQ,NM,ASW,WE,Combined TRACON& Tower with Radar,158,65,43,9,275,0,18,38,52,108,158,83,81,61,383,14,8,22,405
06/10/2015,ABQ,NM,ASW,WE,Combined TRACON& Tower with Radar,157,77,46,16,296,0,19,29,88,136,157,96,75,104,432,6,0,6,438
06/11/2015,ABQ,NM,ASW,WE,Combined TRACON& Tower with Radar,158,59,58,10,285,0,17,59,45,121,158,76,117,55,406,8,0,8,414
06/12/2015,ABQ,NM,ASW,WE,Combined TRACON& Tower with Radar,155,61,30,17,263,0,12,72,61,145,155,73,102,78,408,24,2,26,434
06/13/2015,ABQ,NM,ASW,WE,Combined TRACON& Tower with Radar,131,39,33,1,204,0,2,41,13,56,131,41,74,14,260,10,0,10,270
06/14/2015,ABQ,NM,ASW,WE,Combined TRACON& Tower with Radar,139,26,48,8,221,0,5,56,9,70,139,31,104,17,291,44,0,44,335
06/15/2015,ABQ,NM,ASW,WE,Combined TRACON& Tower with Radar,144,45,25,13,227,0,3,30,30,63,144,48,55,43,290,0,0,0,290
06/16/2015,ABQ,NM,ASW,WE,Combined TRACON& Tower with Radar,154,66,34,16,270,0,15,43,27,85,154,81,77,43,355,4,0,4,359
06/17/2015,ABQ,NM,ASW,WE,Combined TRACON& Tower with Radar,151,54,27,37,269,0,24,39,49,112,151,78,66,86,381,4,14,18,399
06/18/2015,ABQ,NM,ASW,WE,Combined TRACON& Tower with Radar,154,56,44,9,263,0,22,50,36,108,154,78,94,45,371,4,0,4,375
06/19/2015,ABQ,NM,ASW,WE,Combined TRACON& Tower with Radar,155,68,22,11,256,0,18,46,6,70,155,86,68,17,326,6,0,6,332
06/20/2015,ABQ,NM,ASW,WE,Combined TRACON& Tower with Radar,125,41,20,8,194,0,15,44,2,61,125,56,64,10,255,66,0,66,321
06/21/2015,ABQ,NM,ASW,WE,Combined TRACON& Tower with Radar,142,30,25,7,204,0,6,32,2,40,142,36,57,9,244,18,0,18,262
06/22/2015,ABQ,NM,ASW,WE,Combined TRACON& Tower with Radar,142,59,38,8,247,0,9,31,24,64,142,68,69,32,311,0,0,0,311
06/23/2015,ABQ,NM,ASW,WE,Combined TRACON& Tower with Radar,152,59,23,11,245,0,21,49,48,118,152,80,72,59,363,28,12,40,403
06/24/2015,ABQ,NM,ASW,WE,Combined TRACON& Tower with Radar,169,61,34,17,281,0,26,47,88,161,169,87,81,105,442,6,34,40,482
06/25/2015,ABQ,NM,ASW,WE,Combined TRACON& Tower with Radar,156,62,30,8,256,0,15,44,32,91,156,77,74,40,347,0,0,0,347
06/26/2015,ABQ,NM,ASW,WE,Combined TRACON& Tower with Radar,145,62,49,22,278,0,22,63,22,107,145,84,112,44,385,2,0,2,387
06/27/2015,ABQ,NM,ASW,WE,Combined TRACON& Tower with Radar,141,45,18,5,209,0,9,38,3,50,141,54,56,8,259,0,0,0,259
06/28/2015,ABQ,NM,ASW,WE,Combined TRACON& Tower with Radar,138,31,22,7,198,0,3,72,3,78,138,34,94,10,276,14,0,14,290
06/29/2015,ABQ,NM,ASW,WE,Combined TRACON& Tower with Radar,146,56,18,15,235,0,7,42,44,93,146,63,60,59,328,16,8,24,352
06/30/2015,ABQ,NM,ASW,WE,Combined TRACON& Tower with Radar,151,60,28,21,260,0,20,45,58,123,151,80,73,79,383,6,4,10,393
07/01/2015,ABQ,NM,ASW,WE,Combined TRACON& Tower with Radar,150,64,30,13,257,0,21,40,36,97,150,85,70,49,354,0,10,10,364
07/02/2015,ABQ,NM,ASW,WE,Combined TRACON& Tower with Radar,155,74,31,0,260,0,13,57,0,70,155,87,88,0,330,0,0,0,330
07/03/2015,ABQ,NM,ASW,WE,Combined TRACON& Tower with Radar,133,62,16,0,211,0,20,34,0,54,133,82,50,0,265,14,0,14,279
07/04/2015,ABQ,NM,ASW,WE,Combined TRACON& Tower with Radar,101,34,19,0,154,0,12,32,0,44,101,46,51,0,198,10,0,10,208
07/05/2015,ABQ,NM,ASW,WE,Combined TRACON& Tower with Radar,136,33,18,0,187,0,5,50,0,55,136,38,68,0,242,2,0,2,244
07/06/2015,ABQ,NM,ASW,WE,Combined TRACON& Tower with Radar,140,60,28,2,230,0,11,37,4,52,140,71,65,6,282,0,0,0,282
07/07/2015,ABQ,NM,ASW,WE,Combined TRACON& Tower with Radar,153,63,30,4,250,0,10,33,27,70,153,73,63,31,320,18,0,18,338
07/08/2015,ABQ,NM,ASW,WE,Combined TRACON& Tower with Radar,151,67,23,28,269,0,18,38,48,104,151,85,61,76,373,0,2,2,375
07/09/2015,ABQ,NM,ASW,WE,Combined TRACON& Tower with Radar,163,71,27,20,281,0,14,22,47,83,163,85,49,67,364,0,2,2,366
07/10/2015,ABQ,NM,ASW,WE,Combined TRACON& Tower with Radar,150,72,25,27,274,0,22,41,44,107,150,94,66,71,381,6,0,6,387
07/11/2015,ABQ,NM,ASW,WE,Combined TRACON& Tower with Radar,135,46,30,10,221,0,11,48,5,64,135,57,78,15,285,22,0,22,307
07/12/2015,ABQ,NM,ASW,WE,Combined TRACON& Tower with Radar,137,30,30,8,205,0,1,48,2,51,137,31,78,10,256,26,0,26,282
07/13/2015,ABQ,NM,ASW,WE,Combined TRACON& Tower with Radar,140,58,30,2,230,0,6,32,41,79,140,64,62,43,309,12,0,12,321
07/14/2015,ABQ,NM,ASW,WE,Combined TRACON& Tower with Radar,153,82,34,4,273,0,16,34,62,112,153,98,68,66,385,0,8,8,393
07/15/2015,ABQ,NM,ASW,WE,Combined TRACON& Tower with Radar,157,74,39,5,275,0,15,39,43,97,157,89,78,48,372,2,0,2,374
07/16/2015,ABQ,NM,ASW,WE,Combined TRACON& Tower with Radar,164,59,32,6,261,0,20,39,61,120,164,79,71,67,381,0,2,2,383
07/17/2015,ABQ,NM,ASW,WE,Combined TRACON& Tower with Radar,155,66,37,14,272,0,25,49,55,129,155,91,86,69,401,0,16,16,417
07/18/2015,ABQ,NM,ASW,WE,Combined TRACON& Tower with Radar,133,41,18,3,195,0,17,52,5,74,133,58,70,8,269,18,0,18,287
07/19/2015,ABQ,NM,ASW,WE,Combined TRACON& Tower with Radar,140,43,27,6,216,0,6,61,6,73,140,49,88,12,289,16,2,18,307
07/20/2015,ABQ,NM,ASW,WE,Combined TRACON& Tower with Radar,145,65,20,4,234,0,10,37,56,103,145,75,57,60,337,8,0,8,345
07/21/2015,ABQ,NM,ASW,WE,Combined TRACON& Tower with Radar,147,63,27,10,247,0,20,28,72,120,147,83,55,82,367,0,2,2,369
07/22/2015,ABQ,NM,ASW,WE,Combined TRACON& Tower with Radar,153,61,34,11,259,0,24,61,45,130,153,85,95,56,389,0,2,2,391
07/23/2015,ABQ,NM,ASW,WE,Combined TRACON& Tower with Radar,154,56,25,7,242,0,28,51,60,139,154,84,76,67,381,2,0,2,383
07/24/2015,ABQ,NM,ASW,WE,Combined TRACON& Tower with Radar,146,55,25,17,243,0,27,61,42,130,146,82,86,59,373,2,8,10,383
07/25/2015,ABQ,NM,ASW,WE,Combined TRACON& Tower with Radar,137,38,23,6,204,0,9,66,8,83,137,47,89,14,287,34,0,34,321
07/26/2015,ABQ,NM,ASW,WE,Combined TRACON& Tower with Radar,137,39,19,2,197,0,3,46,3,52,137,42,65,5,249,30,0,30,279
07/27/2015,ABQ,NM,ASW,WE,Combined TRACON& Tower with Radar,147,42,32,3,224,0,13,48,45,106,147,55,80,48,330,16,0,16,346
07/28/2015,ABQ,NM,ASW,WE,Combined TRACON& Tower with Radar,159,68,42,13,282,0,11,35,58,104,159,79,77,71,386,0,4,4,390
07/29/2015,ABQ,NM,ASW,WE,Combined TRACON& Tower with Radar,161,59,30,17,267,0,22,41,70,133,161,81,71,87,400,0,12,12,412
07/30/2015,ABQ,NM,ASW,WE,Combined TRACON& Tower with Radar,166,74,52,5,297,0,7,33,32,72,166,81,85,37,369,0,0,0,369
07/31/2015,ABQ,NM,ASW,WE,Combined TRACON& Tower with Radar,157,57,33,46,293,0,20,35,39,94,157,77,68,85,387,0,10,10,397
08/01/2015,ABQ,NM,ASW,WE,Combined TRACON& Tower with Radar,142,44,23,5,214,0,4,40,13,57,142,48,63,18,271,10,0,10,281
08/02/2015,ABQ,NM,ASW,WE,Combined TRACON& Tower with Radar,147,47,27,3,224,0,4,46,2,52,147,51,73,5,276,0,0,0,276
08/03/2015,ABQ,NM,ASW,WE,Combined TRACON& Tower with Radar,148,60,38,6,252,0,10,48,3,61,148,70,86,9,313,6,0,6,319
08/04/2015,ABQ,NM,ASW,WE,Combined TRACON& Tower with Radar,157,64,29,11,261,0,17,43,44,104,157,81,72,55,365,0,6,6,371
08/05/2015,ABQ,NM,ASW,WE,Combined TRACON& Tower with Radar,158,74,39,16,287,0,15,52,70,137,158,89,91,86,424,0,2,2,426
08/06/2015,ABQ,NM,ASW,WE,Combined TRACON& Tower with Radar,161,63,59,6,289,0,25,64,41,130,161,88,123,47,419,0,0,0,419
08/07/2015,ABQ,NM,ASW,WE,Combined TRACON& Tower with Radar,149,63,39,35,286,0,20,42,52,114,149,83,81,87,400,18,12,30,430
08/08/2015,ABQ,NM,ASW,WE,Combined TRACON& Tower with Radar,144,46,24,4,218,0,7,51,3,61,144,53,75,7,279,66,0,66,345
08/09/2015,ABQ,NM,ASW,WE,Combined TRACON& Tower with Radar,140,40,31,12,223,0,12,73,6,91,140,52,104,18,314,2,0,2,316
08/10/2015,ABQ,NM,ASW,WE,Combined TRACON& Tower with Radar,146,57,20,3,226,0,2,30,30,62,146,59,50,33,288,0,6,6,294
08/11/2015,ABQ,NM,ASW,WE,Combined TRACON& Tower with Radar,161,60,29,4,254,0,18,43,40,101,161,78,72,44,355,10,0,10,365
08/12/2015,ABQ,NM,ASW,WE,Combined TRACON& Tower with Radar,154,52,36,8,250,0,21,50,48,119,154,73,86,56,369,6,2,8,377
08/13/2015,ABQ,NM,ASW,WE,Combined TRACON& Tower with Radar,160,58,40,22,280,0,22,50,57,129,160,80,90,79,409,2,0,2,411
08/14/2015,ABQ,NM,ASW,WE,Combined TRACON& Tower with Radar,150,57,41,26,274,0,24,58,36,118,150,81,99,62,392,16,4,20,412
08/15/2015,ABQ,NM,ASW,WE,Combined TRACON& Tower with Radar,122,44,19,1,186,0,10,60,2,72,122,54,79,3,258,20,0,20,278
08/16/2015,ABQ,NM,ASW,WE,Combined TRACON& Tower with Radar,139,40,28,2,209,0,7,78,0,85,139,47,106,2,294,14,0,14,308
08/17/2015,ABQ,NM,ASW,WE,Combined TRACON& Tower with Radar,152,70,52,4,278,0,11,43,48,102,152,81,95,52,380,0,0,0,380
08/18/2015,ABQ,NM,ASW,WE,Combined TRACON& Tower with Radar,154,55,29,8,246,0,26,35,46,107,154,81,64,54,353,8,0,8,361
08/19/2015,ABQ,NM,ASW,WE,Combined TRACON& Tower with Radar,146,56,48,8,258,0,19,48,56,123,146,75,96,64,381,6,6,12,393
08/20/2015,ABQ,NM,ASW,WE,Combined TRACON& Tower with Radar,147,60,45,12,264,0,26,42,50,118,147,86,87,62,382,8,20,28,410
08/21/2015,ABQ,NM,ASW,WE,Combined TRACON& Tower with Radar,149,59,23,10,241,0,25,51,55,131,149,84,74,65,372,6,2,8,380
08/22/2015,ABQ,NM,ASW,WE,Combined TRACON& Tower with Radar,109,38,30,5,182,0,11,67,10,88,109,49,97,15,270,8,12,20,290
08/23/2015,ABQ,NM,ASW,WE,Combined TRACON& Tower with Radar,125,45,26,8,204,0,1,16,2,19,125,46,42,10,223,0,0,0,223
08/24/2015,ABQ,NM,ASW,WE,Combined TRACON& Tower with Radar,140,53,22,17,232,0,11,19,61,91,140,64,41,78,323,0,16,16,339
08/25/2015,ABQ,NM,ASW,WE,Combined TRACON& Tower with Radar,148,60,23,11,242,0,22,31,76,129,148,82,54,87,371,0,10,10,381
08/26/2015,ABQ,NM,ASW,WE,Combined TRACON& Tower with Radar,147,56,18,12,233,0,8,37,41,86,147,64,55,53,319,20,0,20,339
08/27/2015,ABQ,NM,ASW,WE,Combined TRACON& Tower with Radar,153,54,34,16,257,0,14,40,88,142,153,68,74,104,399,4,2,6,405
08/28/2015,ABQ,NM,ASW,WE,Combined TRACON& Tower with Radar,149,52,34,12,247,0,25,58,33,116,149,77,92,45,363,12,2,14,377
08/29/2015,ABQ,NM,ASW,WE,Combined TRACON& Tower with Radar,106,43,13,0,162,0,12,57,5,74,106,55,70,5,236,70,0,70,306
08/30/2015,ABQ,NM,ASW,WE,Combined TRACON& Tower with Radar,130,35,13,0,178,0,7,61,4,72,130,42,74,4,250,22,0,22,272
08/31/2015,ABQ,NM,ASW,WE,Combined TRACON& Tower with Radar,140,46,34,17,237,0,11,33,41,85,140,57,67,58,322,0,4,4,326
09/01/2015,ABQ,NM,ASW,WE,Combined TRACON& Tower with Radar,150,64,27,6,247,0,26,40,61,127,150,90,67,67,374,0,2,2,376
09/02/2015,ABQ,NM,ASW,WE,Combined TRACON& Tower with Radar,147,56,43,7,253,0,20,41,47,108,147,76,84,54,361,0,2,2,363
09/03/2015,ABQ,NM,ASW,WE,Combined TRACON& Tower with Radar,150,63,38,5,256,0,13,31,59,103,150,76,69,64,359,12,4,16,375
09/04/2015,ABQ,NM,ASW,WE,Combined TRACON& Tower with Radar,149,74,36,16,275,0,12,36,15,63,149,86,72,31,338,2,6,8,346
09/05/2015,ABQ,NM,ASW,WE,Combined TRACON& Tower with Radar,92,34,19,0,145,0,9,45,6,60,92,43,64,6,205,16,0,16,221
09/06/2015,ABQ,NM,ASW,WE,Combined TRACON& Tower with Radar,109,30,19,1,159,0,8,26,1,35,109,38,45,2,194,0,0,0,194
09/07/2015,ABQ,NM,ASW,WE,Combined TRACON& Tower with Radar,125,27,27,0,179,0,3,35,2,40,125,30,62,2,219,0,0,0,219
09/08/2015,ABQ,NM,ASW,WE,Combined TRACON& Tower with Radar,137,45,37,17,236,0,17,49,48,114,137,62,86,65,350,8,6,14,364
09/09/2015,ABQ,NM,ASW,WE,Combined TRACON& Tower with Radar,139,53,53,10,255,0,28,45,77,150,139,81,98,87,405,14,20,34,439
09/10/2015,ABQ,NM,ASW,WE,Combined TRACON& Tower with Radar,143,49,37,7,236,0,23,65,54,142,143,72,102,61,378,0,8,8,386
09/11/2015,ABQ,NM,ASW,WE,Combined TRACON& Tower with Radar,142,59,29,39,269,0,24,40,86,150,142,83,69,125,419,0,6,6,425
09/12/2015,ABQ,NM,ASW,WE,Combined TRACON& Tower with Radar,103,36,31,30,200,0,14,70,21,105,103,50,101,51,305,38,8,46,351
09/13/2015,ABQ,NM,ASW,WE,Combined TRACON& Tower with Radar,126,29,31,7,193,0,4,57,9,70,126,33,88,16,263,16,0,16,279
09/14/2015,ABQ,NM,ASW,WE,Combined TRACON& Tower with Radar,139,46,22,14,221,0,10,25,2,37,139,56,47,16,258,0,0,0,258
09/15/2015,ABQ,NM,ASW,WE,Combined TRACON& Tower with Radar,137,57,40,5,239,0,21,51,55,127,137,78,91,60,366,6,0,6,372
09/16/2015,ABQ,NM,ASW,WE,Combined TRACON& Tower with Radar,143,53,35,11,242,0,24,61,65,150,143,77,96,76,392,2,4,6,398
09/17/2015,ABQ,NM,ASW,WE,Combined TRACON& Tower with Radar,149,54,30,10,243,0,29,44,58,131,149,83,74,68,374,0,0,0,374
09/18/2015,ABQ,NM,ASW,WE,Combined TRACON& Tower with Radar,143,44,31,49,267,0,21,54,63,138,143,65,85,112,405,10,16,26,431
09/19/2015,ABQ,NM,ASW,WE,Combined TRACON& Tower with Radar,99,34,29,6,168,0,11,44,10,65,99,45,73,16,233,0,0,0,233
09/20/2015,ABQ,NM,ASW,WE,Combined TRACON& Tower with Radar,128,30,23,4,185,0,3,72,2,77,128,33,95,6,262,12,0,12,274
09/21/2015,ABQ,NM,ASW,WE,Combined TRACON& Tower with Radar,143,46,18,9,216,0,11,49,61,121,143,57,67,70,337,6,0,6,343
09/22/2015,ABQ,NM,ASW,WE,Combined TRACON& Tower with Radar,137,72,22,12,243,0,8,7,38,53,137,80,29,50,296,0,2,2,298
09/23/2015,ABQ,NM,ASW,WE,Combined TRACON& Tower with Radar,142,46,31,11,230,0,18,54,39,111,142,64,85,50,341,8,0,8,349
09/24/2015,ABQ,NM,ASW,WE,Combined TRACON& Tower with Radar,145,52,45,19,261,0,22,71,49,142,145,74,116,68,403,0,0,0,403
09/25/2015,ABQ,NM,ASW,WE,Combined TRACON& Tower with Radar,150,48,38,27,263,0,20,55,44,119,150,68,93,71,382,4,8,12,394
09/26/2015,ABQ,NM,ASW,WE,Combined TRACON& Tower with Radar,100,33,35,2,170,0,13,80,5,98,100,46,115,7,268,58,0,58,326
09/27/2015,ABQ,NM,ASW,WE,Combined TRACON& Tower with Radar,131,26,32,14,203,0,4,78,3,85,131,30,110,17,288,28,0,28,316
09/28/2015,ABQ,NM,ASW,WE,Combined TRACON& Tower with Radar,145,49,40,6,240,0,13,46,30,89,145,62,86,36,329,12,0,12,341
09/29/2015,ABQ,NM,ASW,WE,Combined TRACON& Tower with Radar,135,60,36,5,236,0,26,55,9,90,135,86,91,14,326,4,0,4,330
09/30/2015,ABQ,NM,ASW,WE,Combined TRACON& Tower with Radar,147,56,38,15,256,0,19,45,1,65,147,75,83,16,321,10,0,10,331
10/01/2015,ABQ,NM,ASW,WE,Combined TRACON& Tower with Radar,147,56,40,17,260,0,18,38,48,104,147,74,78,65,364,2,0,2,366
10/02/2015,ABQ,NM,ASW,WE,Combined TRACON& Tower with Radar,146,57,40,8,251,0,20,40,84,144,146,77,80,92,395,0,8,8,403
10/03/2015,ABQ,NM,ASW,WE,Combined TRACON& Tower with Radar,104,41,38,1,184,0,5,50,1,56,104,46,88,2,240,8,0,8,248
10/04/2015,ABQ,NM,ASW,WE,Combined TRACON& Tower with Radar,129,33,45,12,219,0,1,38,3,42,129,34,83,15,261,18,4,22,283
10/05/2015,ABQ,NM,ASW,WE,Combined TRACON& Tower with Radar,143,69,44,13,269,0,3,23,49,75,143,72,67,62,344,12,4,16,360
10/06/2015,ABQ,NM,ASW,WE,Combined TRACON& Tower with Radar,152,62,26,1,241,0,13,34,34,81,152,75,60,35,322,6,0,6,328
10/07/2015,ABQ,NM,ASW,WE,Combined TRACON& Tower with Radar,150,80,49,12,291,0,10,37,51,98,150,90,86,63,389,2,4,6,395
10/08/2015,ABQ,NM,ASW,WE,Combined TRACON& Tower with Radar,151,72,56,33,312,0,15,51,26,92,151,87,107,59,404,0,4,4,408
10/09/2015,ABQ,NM,ASW,WE,Combined TRACON& Tower with Radar,147,61,54,6,268,0,15,56,3,74,147,76,110,9,342,6,0,6,348
10/10/2015,ABQ,NM,ASW,WE,Combined TRACON& Tower with Radar,109,35,26,1,171,0,4,64,3,71,109,39,90,4,242,50,0,50,292
10/11/2015,ABQ,NM,ASW,WE,Combined TRACON& Tower with Radar,133,27,38,2,200,0,4,72,3,79,133,31,110,5,279,46,0,46,325
10/12/2015,ABQ,NM,ASW,WE,Combined TRACON& Tower with Radar,143,49,47,1,240,0,14,55,6,75,143,63,102,7,315,34,0,34,349
10/13/2015,ABQ,NM,ASW,WE,Combined TRACON& Tower with Radar,150,58,32,8,248,0,19,57,45,121,150,77,89,53,369,10,0,10,379
10/14/2015,ABQ,NM,ASW,WE,Combined TRACON& Tower with Radar,151,66,29,12,258,0,22,48,53,123,151,88,77,65,381,4,6,10,391
10/15/2015,ABQ,NM,ASW,WE,Combined TRACON& Tower with Radar,151,48,31,22,252,0,16,60,59,135,151,64,91,81,387,8,8,16,403
10/16/2015,ABQ,NM,ASW,WE,Combined TRACON& Tower with Radar,161,64,31,8,264,0,17,25,27,69,161,81,56,35,333,0,0,0,333
10/17/2015,ABQ,NM,ASW,WE,Combined TRACON& Tower with Radar,112,34,28,5,179,0,6,52,9,67,112,40,80,14,246,54,12,66,312
10/18/2015,ABQ,NM,ASW,WE,Combined TRACON& Tower with Radar,130,18,26,11,185,0,4,49,1,54,130,22,75,12,239,16,0,16,255
10/19/2015,ABQ,NM,ASW,WE,Combined TRACON& Tower with Radar,148,59,33,0,240,0,7,30,2,39,148,66,63,2,279,16,0,16,295
10/20/2015,ABQ,NM,ASW,WE,Combined TRACON& Tower with Radar,155,62,43,10,270,0,16,31,30,77,155,78,74,40,347,0,2,2,349
10/21/2015,ABQ,NM,ASW,WE,Combined TRACON& Tower with Radar,153,74,30,14,271,0,2,14,39,55,153,76,44,53,326,0,0,0,326
10/22/2015,ABQ,NM,ASW,WE,Combined TRACON& Tower with Radar,155,62,44,33,294,0,11,33,61,105,155,73,77,94,399,4,6,10,409
10/23/2015,ABQ,NM,ASW,WE,Combined TRACON& Tower with Radar,146,57,32,25,260,0,17,68,44,129,146,74,100,69,389,14,6,20,409
10/24/2015,ABQ,NM,ASW,WE,Combined TRACON& Tower with Radar,105,40,24,29,198,0,2,55,3,60,105,42,79,32,258,18,0,18,276
10/25/2015,ABQ,NM,ASW,WE,Combined TRACON& Tower with Radar,136,37,49,16,238,0,7,60,3,70,136,44,109,19,308,0,0,0,308
10/26/2015,ABQ,NM,ASW,WE,Combined TRACON& Tower with Radar,140,59,43,9,251,0,6,37,32,75,140,65,80,41,326,0,4,4,330
10/27/2015,ABQ,NM,ASW,WE,Combined TRACON& Tower with Radar,143,75,37,13,268,0,20,44,75,139,143,95,81,88,407,18,0,18,425
10/28/2015,ABQ,NM,ASW,WE,Combined TRACON& Tower with Radar,144,63,39,11,257,0,20,52,72,144,144,83,91,83,401,12,18,30,431
10/29/2015,ABQ,NM,ASW,WE,Combined TRACON& Tower with Radar,147,72,47,33,299,0,13,33,69,115,147,85,80,102,414,28,18,46,460
10/30/2015,ABQ,NM,ASW,WE,Combined TRACON& Tower with Radar,141,81,23,39,284,0,0,9,38,47,141,81,32,77,331,0,28,28,359
10/31/2015,ABQ,NM,ASW,WE,Combined TRACON& Tower with Radar,104,36,16,11,167,0,13,62,2,77,104,49,78,13,244,28,0,28,272
11/01/2015,ABQ,NM,ASW,WE,Combined TRACON& Tower with Radar,131,29,30,6,196,0,8,49,2,59,131,37,79,8,255,20,0,20,275
11/02/2015,ABQ,NM,ASW,WE,Combined TRACON& Tower with Radar,139,55,29,17,240,0,9,51,44,104,139,64,80,61,344,6,6,12,356
11/03/2015,ABQ,NM,ASW,WE,Combined TRACON& Tower with Radar,141,63,34,16,254,0,19,30,43,92,141,82,64,59,346,0,0,0,346
11/04/2015,ABQ,NM,ASW,WE,Combined TRACON& Tower with Radar,147,65,38,8,258,0,7,9,40,56,147,72,47,48,314,6,0,6,320
11/05/2015,ABQ,NM,ASW,WE,Combined TRACON& Tower with Radar,146,81,30,16,273,0,10,14,54,78,146,91,44,70,351,2,4,6,357
11/06/2015,ABQ,NM,ASW,WE,Combined TRACON& Tower with Radar,144,56,40,35,275,0,18,71,25,114,144,74,111,60,389,12,4,16,405
11/07/2015,ABQ,NM,ASW,WE,Combined TRACON& Tower with Radar,105,35,27,37,204,0,5,49,12,66,105,40,76,49,270,16,6,22,292
11/08/2015,ABQ,NM,ASW,WE,Combined TRACON& Tower with Radar,131,32,36,15,214,0,2,52,4,58,131,34,88,19,272,10,0,10,282
11/09/2015,ABQ,NM,ASW,WE,Combined TRACON& Tower with Radar,139,58,36,22,255,0,12,34,62,108,139,70,70,84,363,0,0,0,363
11/10/2015,ABQ,NM,ASW,WE,Combined TRACON& Tower with Radar,146,57,33,17,253,0,18,25,62,105,146,75,58,79,358,0,18,18,376
11/11/2015,ABQ,NM,ASW,WE,Combined TRACON& Tower with Radar,141,53,32,0,226,0,19,28,0,47,141,72,60,0,273,4,0,4,277
11/12/2015,ABQ,NM,ASW,WE,Combined TRACON& Tower with Radar,146,57,29,27,259,0,16,44,44,104,146,73,73,71,363,0,8,8,371
11/13/2015,ABQ,NM,ASW,WE,Combined TRACON& Tower with Radar,140,58,29,43,270,0,20,55,37,112,140,78,84,80,382,20,10,30,412
11/14/2015,ABQ,NM,ASW,WE,Combined TRACON& Tower with Radar,102,33,29,7,171,0,8,55,2,65,102,41,84,9,236,32,0,32,268
11/15/2015,ABQ,NM,ASW,WE,Combined TRACON& Tower with Radar,136,26,26,31,219,0,0,19,3,22,136,26,45,34,241,0,0,0,241
11/16/2015,ABQ,NM,ASW,WE,Combined TRACON& Tower with Radar,135,75,22,3,235,0,1,2,3,6,135,76,24,6,241,0,0,0,241
11/17/2015,ABQ,NM,ASW,WE,Combined TRACON& Tower with Radar,145,68,28,24,265,0,14,36,41,91,145,82,64,65,356,22,12,34,390
11/18/2015,ABQ,NM,ASW,WE,Combined TRACON& Tower with Radar,140,55,31,14,240,0,24,52,117,193,140,79,83,131,433,2,34,36,469
11/19/2015,ABQ,NM,ASW,WE,Combined TRACON& Tower with Radar,149,62,51,19,281,0,28,57,62,147,149,90,108,81,428,20,28,48,476
11/20/2015,ABQ,NM,ASW,WE,Combined TRACON& Tower with Radar,147,68,45,13,273,0,16,61,40,117,147,84,106,53,390,0,2,2,392
11/21/2015,ABQ,NM,ASW,WE,Combined TRACON& Tower with Radar,102,37,35,8,182,0,13,61,0,74,102,50,96,8,256,34,2,36,292
11/22/2015,ABQ,NM,ASW,WE,Combined TRACON& Tower with Radar,128,29,38,19,214,0,4,63,5,72,128,33,101,24,286,12,0,12,298
11/23/2015,ABQ,NM,ASW,WE,Combined TRACON& Tower with Radar,135,48,24,21,228,0,7,63,59,129,135,55,87,80,357,12,12,24,381
11/24/2015,ABQ,NM,ASW,WE,Combined TRACON& Tower with Radar,155,59,29,18,261,0,16,39,99,154,155,75,68,117,415,2,44,46,461
11/25/2015,ABQ,NM,ASW,WE,Combined TRACON& Tower with Radar,156,62,32,24,274,0,16,44,14,74,156,78,76,38,348,12,2,14,362
11/26/2015,ABQ,NM,ASW,WE,Combined TRACON& Tower with Radar,90,31,8,0,129,0,2,4,0,6,90,33,12,0,135,0,0,0,135
11/27/2015,ABQ,NM,ASW,WE,Combined TRACON& Tower with Radar,123,68,9,0,200,0,1,0,0,1,123,69,9,0,201,0,0,0,201
11/28/2015,ABQ,NM,ASW,WE,Combined TRACON& Tower with Radar,136,59,23,5,223,0,3,31,0,34,136,62,54,5,257,66,0,66,323
11/29/2015,ABQ,NM,ASW,WE,Combined TRACON& Tower with Radar,157,42,37,4,240,0,5,25,0,30,157,47,62,4,270,14,0,14,284
11/30/2015,ABQ,NM,ASW,WE,Combined TRACON& Tower with Radar,152,58,27,24,261,0,8,43,45,96,152,66,70,69,357,18,26,44,401
12/01/2015,ABQ,NM,ASW,WE,Combined TRACON& Tower with Radar,150,63,30,9,252,0,20,54,47,121,150,83,84,56,373,18,0,18,391
12/02/2015,ABQ,NM,ASW,WE,Combined TRACON& Tower with Radar,142,57,28,5,232,0,23,60,53,136,142,80,88,58,368,26,10,36,404
12/03/2015,ABQ,NM,ASW,WE,Combined TRACON& Tower with Radar,143,60,32,22,257,0,16,41,62,119,143,76,73,84,376,14,8,22,398
12/04/2015,ABQ,NM,ASW,WE,Combined TRACON& Tower with Radar,135,50,31,3,219,0,15,48,22,85,135,65,79,25,304,18,0,18,322
12/05/2015,ABQ,NM,ASW,WE,Combined TRACON& Tower with Radar,93,29,23,10,155,0,9,64,7,80,93,38,87,17,235,50,12,62,297
12/06/2015,ABQ,NM,ASW,WE,Combined TRACON& Tower with Radar,124,27,24,10,185,0,5,48,7,60,124,32,72,17,245,16,0,16,261
12/07/2015,ABQ,NM,ASW,WE,Combined TRACON& Tower with Radar,131,54,38,3,226,0,7,38,9,54,131,61,76,12,280,8,0,8,288
12/08/2015,ABQ,NM,ASW,WE,Combined TRACON& Tower with Radar,142,63,26,24,255,0,16,53,61,130,142,79,79,85,385,22,8,30,415
12/09/2015,ABQ,NM,ASW,WE,Combined TRACON& Tower with Radar,141,48,36,8,233,0,19,50,67,136,141,67,86,75,369,18,12,30,399
12/10/2015,ABQ,NM,ASW,WE,Combined TRACON& Tower with Radar,139,58,51,11,259,0,15,62,95,172,139,73,113,106,431,12,28,40,471
12/11/2015,ABQ,NM,ASW,WE,Combined TRACON& Tower with Radar,140,61,29,9,239,0,17,49,15,81,140,78,78,24,320,4,0,4,324
12/12/2015,ABQ,NM,ASW,WE,Combined TRACON& Tower with Radar,95,34,23,1,153,0,5,3,0,8,95,39,26,1,161,0,0,0,161
12/13/2015,ABQ,NM,ASW,WE,Combined TRACON& Tower with Radar,125,29,23,2,179,0,2,18,0,20,125,31,41,2,199,10,0,10,209
12/14/2015,ABQ,NM,ASW,WE,Combined TRACON& Tower with Radar,130,51,23,14,218,0,5,28,19,52,130,56,51,33,270,0,4,4,274
12/15/2015,ABQ,NM,ASW,WE,Combined TRACON& Tower with Radar,149,57,52,24,282,0,14,29,52,95,149,71,81,76,377,0,2,2,379
12/16/2015,ABQ,NM,ASW,WE,Combined TRACON& Tower with Radar,149,61,27,13,250,0,22,49,59,130,149,83,76,72,380,16,12,28,408
12/17/2015,ABQ,NM,ASW,WE,Combined TRACON& Tower with Radar,156,59,45,17,277,0,21,32,60,113,156,80,77,77,390,6,10,16,406
12/18/2015,ABQ,NM,ASW,WE,Combined TRACON& Tower with Radar,157,75,48,10,290,0,17,61,31,109,157,92,109,41,399,60,28,88,487
12/19/2015,ABQ,NM,ASW,WE,Combined TRACON& Tower with Radar,138,56,33,2,229,0,18,55,14,87,138,74,88,16,316,26,6,32,348
12/20/2015,ABQ,NM,ASW,WE,Combined TRACON& Tower with Radar,144,29,12,0,185,0,1,10,0,11,144,30,22,0,196,8,0,8,204
12/21/2015,ABQ,NM,ASW,WE,Combined TRACON& Tower with Radar,154,50,33,18,255,0,8,45,71,124,154,58,78,89,379,8,16,24,403
12/22/2015,ABQ,NM,ASW,WE,Combined TRACON& Tower with Radar,170,68,24,4,266,0,21,26,21,68,170,89,50,25,334,4,0,4,338
12/23/2015,ABQ,NM,ASW,WE,Combined TRACON& Tower with Radar,180,87,24,3,294,0,10,19,11,40,180,97,43,14,334,0,8,8,342
12/24/2015,ABQ,NM,ASW,WE,Combined TRACON& Tower with Radar,140,74,14,0,228,0,7,5,2,14,140,81,19,2,242,0,0,0,242
12/25/2015,ABQ,NM,ASW,WE,Combined TRACON& Tower with Radar,122,24,12,0,158,0,4,7,0,11,122,28,19,0,169,0,0,0,169
12/26/2015,ABQ,NM,ASW,WE,Combined TRACON& Tower with Radar,130,46,16,2,194,0,0,0,0,0,130,46,16,2,194,0,0,0,194
12/27/2015,ABQ,NM,ASW,WE,Combined TRACON& Tower with Radar,147,27,9,2,185,0,4,3,0,7,147,31,12,2,192,0,0,0,192
12/28/2015,ABQ,NM,ASW,WE,Combined TRACON& Tower with Radar,141,69,26,4,240,0,4,7,14,25,141,73,33,18,265,20,16,36,301
12/29/2015,ABQ,NM,ASW,WE,Combined TRACON& Tower with Radar,130,76,21,15,242,0,4,9,7,20,130,80,30,22,262,0,0,0,262
12/30/2015,ABQ,NM,ASW,WE,Combined TRACON& Tower with Radar,160,65,31,3,259,0,16,47,5,68,160,81,78,8,327,31,4,35,362
12/31/2015,ABQ,NM,ASW,WE,Combined TRACON& Tower with Radar,138,61,27,0,226,0,10,54,0,64,138,71,81,0,290,28,0,28,318
01/01/2016,ABQ,NM,ASW,WE,Combined TRACON& Tower with Radar,123,41,16,0,180,0,2,3,0,5,123,43,19,0,185,0,0,0,185
01/02/2016,ABQ,NM,ASW,WE,Combined TRACON& Tower with Radar,142,43,30,0,215,0,5,38,2,45,142,48,68,2,260,0,0,0,260
01/03/2016,ABQ,NM,ASW,WE,Combined TRACON& Tower with Radar,149,38,31,0,218,0,8,63,0,71,149,46,94,0,289,38,0,38,327
01/04/2016,ABQ,NM,ASW,WE,Combined TRACON& Tower with Radar,144,57,28,4,233,0,5,40,0,45,144,62,68,4,278,68,4,72,350
01/05/2016,ABQ,NM,ASW,WE,Combined TRACON& Tower with Radar,142,87,19,34,282,0,0,0,15,15,142,87,19,49,297,0,0,0,297
01/06/2016,ABQ,NM,ASW,WE,Combined TRACON& Tower with Radar,135,73,17,14,239,0,4,5,17,26,135,77,22,31,265,26,2,28,293
01/07/2016,ABQ,NM,ASW,WE,Combined TRACON& Tower with Radar,148,73,33,22,276,0,8,26,28,62,148,81,59,50,338,30,0,30,368
01/08/2016,ABQ,NM,ASW,WE,Combined TRACON& Tower with Radar,136,80,28,24,268,0,1,5,15,21,136,81,33,39,289,8,6,14,303
01/09/2016,ABQ,NM,ASW,WE,Combined TRACON& Tower with Radar,95,38,32,1,166,0,5,41,9,55,95,43,73,10,221,30,2,32,253
01/10/2016,ABQ,NM,ASW,WE,Combined TRACON& Tower with Radar,116,27,25,7,175,0,2,39,0,41,116,29,64,7,216,34,0,34,250
01/11/2016,ABQ,NM,ASW,WE,Combined TRACON& Tower with Radar,133,53,26,19,231,0,4,34,58,96,133,57,60,77,327,6,24,30,357
01/12/2016,ABQ,NM,ASW,WE,Combined TRACON& Tower with Radar,130,61,34,8,233,0,17,38,58,113,130,78,72,66,346,14,22,36,382
01/13/2016,ABQ,NM,ASW,WE,Combined TRACON& Tower with Radar,131,49,23,12,215,0,21,51,59,131,131,70,74,71,346,26,38,64,410
01/14/2016,ABQ,NM,ASW,WE,Combined TRACON& Tower with Radar,141,63,37,27,268,0,19,38,53,110,141,82,75,80,378,22,10,32,410
01/15/2016,ABQ,NM,ASW,WE,Combined TRACON& Tower with Radar,135,68,41,31,275,0,9,32,71,112,135,77,73,102,387,46,50,96,483
01/16/2016,ABQ,NM,ASW,WE,Combined TRACON& Tower with Radar,92,38,24,1,155,0,8,49,5,62,92,46,73,6,217,52,0,52,269
01/17/2016,ABQ,NM,ASW,WE,Combined TRACON& Tower with Radar,110,17,18,0,145,0,2,27,2,31,110,19,45,2,176,40,0,40,216
01/18/2016,ABQ,NM,ASW,WE,Combined TRACON& Tower with Radar,134,50,25,8,217,0,7,43,1,51,134,57,68,9,268,12,10,22,290
01/19/2016,ABQ,NM,ASW,WE,Combined TRACON& Tower with Radar,132,53,40,32,257,0,14,48,56,118,132,67,88,88,375,26,36,62,437
01/20/2016,ABQ,NM,ASW,WE,Combined TRACON& Tower with Radar,131,54,40,10,235,0,17,36,87,140,131,71,76,97,375,2,96,98,473
01/21/2016,ABQ,NM,ASW,WE,Combined TRACON& Tower with Radar,139,56,38,20,253,0,20,46,64,130,139,76,84,84,383,18,6,24,407
01/22/2016,ABQ,NM,ASW,WE,Combined TRACON& Tower with Radar,132,50,32,30,244,0,17,53,48,118,132,67,85,78,362,18,74,92,454
01/23/2016,ABQ,NM,ASW,WE,Combined TRACON& Tower with Radar,89,27,33,1,150,0,11,101,5,117,89,38,134,6,267,82,0,82,349
01/24/2016,ABQ,NM,ASW,WE,Combined TRACON& Tower with Radar,118,25,27,4,174,0,0,27,2,29,118,25,54,6,203,0,0,0,203
01/25/2016,ABQ,NM,ASW,WE,Combined TRACON& Tower with Radar,133,52,32,10,227,0,2,31,52,85,133,54,63,62,312,8,8,16,328
01/26/2016,ABQ,NM,ASW,WE,Combined TRACON& Tower with Radar,131,62,44,17,254,0,14,32,58,104,131,76,76,75,358,14,12,26,384
01/27/2016,ABQ,NM,ASW,WE,Combined TRACON& Tower with Radar,131,51,39,14,235,0,16,41,84,141,131,67,80,98,376,14,28,42,418
01/28/2016,ABQ,NM,ASW,WE,Combined TRACON& Tower with Radar,140,53,36,25,254,0,25,49,65,139,140,78,85,90,393,4,38,42,435
01/29/2016,ABQ,NM,ASW,WE,Combined TRACON& Tower with Radar,141,56,39,2,238,0,17,63,44,124,141,73,102,46,362,74,48,122,484
01/30/2016,ABQ,NM,ASW,WE,Combined TRACON& Tower with Radar,92,33,27,2,154,0,13,51,4,68,92,46,78,6,222,26,0,26,248
01/31/2016,ABQ,NM,ASW,WE,Combined TRACON& Tower with Radar,115,16,19,5,155,0,4,21,2,27,115,20,40,7,182,4,0,4,186
02/01/2016,ABQ,NM,ASW,WE,Combined TRACON& Tower with Radar,133,51,17,2,203,0,8,2,52,62,133,59,19,54,265,0,0,0,265
02/02/2016,ABQ,NM,ASW,WE,Combined TRACON& Tower with Radar,130,71,41,11,253,0,9,27,80,116,130,80,68,91,369,6,56,62,431
02/03/2016,ABQ,NM,ASW,WE,Combined TRACON& Tower with Radar,132,50,33,15,230,0,12,42,47,101,132,62,75,62,331,4,0,4,335
02/04/2016,ABQ,NM,ASW,WE,Combined TRACON& Tower with Radar,144,48,46,20,258,0,22,83,33,138,144,70,129,53,396,78,2,80,476
02/05/2016,ABQ,NM,ASW,WE,Combined TRACON& Tower with Radar,135,48,39,24,246,0,18,58,58,134,135,66,97,82,380,12,48,60,440
02/06/2016,ABQ,NM,ASW,WE,Combined TRACON& Tower with Radar,91,29,26,11,157,0,7,54,3,64,91,36,80,14,221,58,4,62,283
02/07/2016,ABQ,NM,ASW,WE,Combined TRACON& Tower with Radar,105,30,23,7,165,0,15,38,2,55,105,45,61,9,220,0,0,0,220
02/08/2016,ABQ,NM,ASW,WE,Combined TRACON& Tower with Radar,129,45,38,17,229,0,13,35,41,89,129,58,73,58,318,12,24,36,354
02/09/2016,ABQ,NM,ASW,WE,Combined TRACON& Tower with Radar,129,56,47,42,274,0,14,58,53,125,129,70,105,95,399,18,62,80,479
02/10/2016,ABQ,NM,ASW,WE,Combined TRACON& Tower with Radar,132,61,34,5,232,0,19,65,99,183,132,80,99,104,415,22,8,30,445
02/11/2016,ABQ,NM,ASW,WE,Combined TRACON& Tower with Radar,136,57,42,25,260,0,13,78,54,145,136,70,120,79,405,32,10,42,447
02/12/2016,ABQ,NM,ASW,WE,Combined TRACON& Tower with Radar,140,57,51,13,261,0,25,80,45,150,140,82,131,58,411,20,58,78,489
02/13/2016,ABQ,NM,ASW,WE,Combined TRACON& Tower with Radar,100,32,29,2,163,0,13,59,9,81,100,45,88,11,244,0,0,0,244
02/14/2016,ABQ,NM,ASW,WE,Combined TRACON& Tower with Radar,112,18,28,8,166,0,6,40,4,50,112,24,68,12,216,40,6,46,262
02/15/2016,ABQ,NM,ASW,WE,Combined TRACON& Tower with Radar,127,52,44,3,226,0,12,53,4,69,127,64,97,7,295,2,0,2,297
02/16/2016,ABQ,NM,ASW,WE,Combined TRACON& Tower with Radar,137,59,56,10,262,0,16,63,65,144,137,75,119,75,406,10,44,54,460
02/17/2016,ABQ,NM,ASW,WE,Combined TRACON& Tower with Radar,129,62,48,21,260,0,14,45,68,127,129,76,93,89,387,30,83,113,500
02/18/2016,ABQ,NM,ASW,WE,Combined TRACON& Tower with Radar,143,69,26,22,260,0,12,46,91,149,143,81,72,113,409,32,34,66,475
02/19/2016,ABQ,NM,ASW,WE,Combined TRACON& Tower with Radar,136,56,49,21,262,0,14,63,30,107,136,70,112,51,369,38,32,70,439
02/20/2016,ABQ,NM,ASW,WE,Combined TRACON& Tower with Radar,97,38,37,14,186,0,8,86,6,100,97,46,123,20,286,92,4,96,382
02/21/2016,ABQ,NM,ASW,WE,Combined TRACON& Tower with Radar,119,32,14,6,171,0,6,57,2,65,119,38,71,8,236,36,0,36,272
02/22/2016,ABQ,NM,ASW,WE,Combined TRACON& Tower with Radar,131,61,36,6,234,0,4,34,6,44,131,65,70,12,278,30,6,36,314
02/23/2016,ABQ,NM,ASW,WE,Combined TRACON& Tower with Radar,135,79,31,19,264,0,5,3,33,41,135,84,34,52,305,0,20,20,325
02/24/2016,ABQ,NM,ASW,WE,Combined TRACON& Tower with Radar,134,57,32,20,243,0,12,58,77,147,134,69,90,97,390,22,82,104,494
02/25/2016,ABQ,NM,ASW,WE,Combined TRACON& Tower with Radar,139,62,44,19,264,0,22,63,52,137,139,84,107,71,401,55,16,71,472
02/26/2016,ABQ,NM,ASW,WE,Combined TRACON& Tower with Radar,132,51,53,13,249,0,21,78,20,119,132,72,131,33,368,40,8,48,416
02/27/2016,ABQ,NM,ASW,WE,Combined TRACON& Tower with Radar,94,34,39,28,195,0,7,79,10,96,94,41,118,38,291,76,20,96,387
02/28/2016,ABQ,NM,ASW,WE,Combined TRACON& Tower with Radar,114,31,28,11,184,0,5,46,0,51,114,36,74,11,235,60,2,62,297
02/29/2016,ABQ,NM,ASW,WE,Combined TRACON& Tower with Radar,131,51,28,27,237,0,9,39,57,105,131,60,67,84,342,22,20,42,384
03/01/2016,ABQ,NM,ASW,WE,Combined TRACON& Tower with Radar,130,57,33,22,242,0,18,46,88,152,130,75,79,110,394,32,16,48,442
03/02/2016,ABQ,NM,ASW,WE,Combined TRACON& Tower with Radar,136,58,35,12,241,0,14,35,71,120,136,72,70,83,361,2,24,26,387
03/03/2016,ABQ,NM,ASW,WE,Combined TRACON& Tower with Radar,136,50,40,13,239,0,15,58,52,125,136,65,98,65,364,20,12,32,396
03/04/2016,ABQ,NM,ASW,WE,Combined TRACON& Tower with Radar,141,58,35,39,273,0,27,61,30,118,141,85,96,69,391,44,63,107,498
03/05/2016,ABQ,NM,ASW,WE,Combined TRACON& Tower with Radar,101,36,25,6,168,0,14,49,7,70,101,50,74,13,238,20,0,20,258
03/06/2016,ABQ,NM,ASW,WE,Combined TRACON& Tower with Radar,115,23,20,17,175,0,5,45,1,51,115,28,65,18,226,44,2,46,272
03/07/2016,ABQ,NM,ASW,WE,Combined TRACON& Tower with Radar,130,48,35,5,218,0,6,22,11,39,130,54,57,16,257,2,0,2,259
03/08/2016,ABQ,NM,ASW,WE,Combined TRACON& Tower with Radar,133,59,30,17,239,0,18,36,67,121,133,77,66,84,360,2,12,14,374
03/09/2016,ABQ,NM,ASW,WE,Combined TRACON& Tower with Radar,137,51,49,10,247,0,11,63,86,160,137,62,112,96,407,30,70,100,507
03/10/2016,ABQ,NM,ASW,WE,Combined TRACON& Tower with Radar,138,59,45,24,266,0,14,56,82,152,138,73,101,106,418,8,32,40,458
03/11/2016,ABQ,NM,ASW,WE,Combined TRACON& Tower with Radar,138,49,29,59,275,0,19,73,41,133,138,68,102,100,408,30,60,90,498
03/12/2016,ABQ,NM,ASW,WE,Combined TRACON& Tower with Radar,107,49,26,5,187,0,4,23,6,33,107,53,49,11,220,30,0,30,250
03/13/2016,ABQ,NM,ASW,WE,Combined TRACON& Tower with Radar,121,25,33,11,190,0,11,36,10,57,121,36,69,21,247,20,14,34,281
03/14/2016,ABQ,NM,ASW,WE,Combined TRACON& Tower with Radar,137,46,23,2,208,0,11,41,62,114,137,57,64,64,322,18,6,24,346
03/15/2016,ABQ,NM,ASW,WE,Combined TRACON& Tower with Radar,146,47,29,9,231,0,23,30,60,113,146,70,59,69,344,0,24,24,368
03/16/2016,ABQ,NM,ASW,WE,Combined TRACON& Tower with Radar,135,48,26,21,230,0,27,48,49,124,135,75,74,70,354,6,48,54,408
03/17/2016,ABQ,NM,ASW,WE,Combined TRACON& Tower with Radar,137,50,32,31,250,0,24,59,69,152,137,74,91,100,402,0,26,26,428
03/18/2016,ABQ,NM,ASW,WE,Combined TRACON& Tower with Radar,134,50,50,34,268,0,22,59,32,113,134,72,109,66,381,24,28,52,433
03/19/2016,ABQ,NM,ASW,WE,Combined TRACON& Tower with Radar,109,32,27,7,175,0,9,68,6,83,109,41,95,13,258,38,10,48,306
03/20/2016,ABQ,NM,ASW,WE,Combined TRACON& Tower with Radar,124,26,19,6,175,0,7,53,1,61,124,33,72,7,236,22,0,22,258
03/21/2016,ABQ,NM,ASW,WE,Combined TRACON& Tower with Radar,135,36,30,26,227,0,20,47,64,131,135,56,77,90,358,12,10,22,380
03/22/2016,ABQ,NM,ASW,WE,Combined TRACON& Tower with Radar,135,48,25,2,210,0,28,17,62,107,135,76,42,64,317,2,68,70,387
03/23/2016,ABQ,NM,ASW,WE,Combined TRACON& Tower with Radar,132,50,48,19,249,0,20,25,48,93,132,70,73,67,342,12,44,56,398
03/24/2016,ABQ,NM,ASW,WE,Combined TRACON& Tower with Radar,138,42,35,22,237,0,38,64,75,177,138,80,99,97,414,44,12,56,470
03/25/2016,ABQ,NM,ASW,WE,Combined TRACON& Tower with Radar,140,51,42,22,255,0,31,54,72,157,140,82,96,94,412,30,84,114,526
03/26/2016,ABQ,NM,ASW,WE,Combined TRACON& Tower with Radar,112,35,35,2,184,0,9,40,2,51,112,44,75,4,235,16,0,16,251
03/27/2016,ABQ,NM,ASW,WE,Combined TRACON& Tower with Radar,125,30,26,3,184,0,4,26,1,31,125,34,52,4,215,20,0,20,235
03/28/2016,ABQ,NM,ASW,WE,Combined TRACON& Tower with Radar,127,40,25,14,206,0,21,44,33,98,127,61,69,47,304,44,12,56,360
03/29/2016,ABQ,NM,ASW,WE,Combined TRACON& Tower with Radar,138,41,15,5,199,0,20,23,31,74,138,61,38,36,273,2,4,6,279
03/30/2016,ABQ,NM,ASW,WE,Combined TRACON& Tower with Radar,141,46,33,19,239,0,13,32,78,123,141,59,65,97,362,20,56,76,438
03/31/2016,ABQ,NM,ASW,WE,Combined TRACON& Tower with Radar,137,68,50,10,265,0,20,88,49,157,137,88,138,59,422,18,0,18,440
04/01/2016,ABQ,NM,ASW,WE,Combined TRACON& Tower with Radar,128,66,39,51,284,0,8,62,42,112,128,74,101,93,396,46,28,74,470
04/02/2016,ABQ,NM,ASW,WE,Combined TRACON& Tower with Radar,109,25,22,17,173,0,6,85,13,104,109,31,107,30,277,36,0,36,313
04/03/2016,ABQ,NM,ASW,WE,Combined TRACON& Tower with Radar,129,16,26,11,182,0,8,74,11,93,129,24,100,22,275,42,8,50,325
04/04/2016,ABQ,NM,ASW,WE,Combined TRACON& Tower with Radar,130,46,24,23,223,0,17,65,60,142,130,63,89,83,365,18,64,82,447
04/05/2016,ABQ,NM,ASW,WE,Combined TRACON& Tower with Radar,139,48,31,12,230,0,26,50,38,114,139,74,81,50,344,0,0,0,344
04/06/2016,ABQ,NM,ASW,WE,Combined TRACON& Tower with Radar,143,45,30,33,251,0,29,58,104,191,143,74,88,137,442,8,46,54,496
04/07/2016,ABQ,NM,ASW,WE,Combined TRACON& Tower with Radar,143,48,34,18,243,0,18,66,50,134,143,66,100,68,377,12,14,26,403
04/08/2016,ABQ,NM,ASW,WE,Combined TRACON& Tower with Radar,135,57,27,29,248,0,10,31,6,47,135,67,58,35,295,12,12,24,319
04/09/2016,ABQ,NM,ASW,WE,Combined TRACON& Tower with Radar,120,47,30,27,224,0,7,32,10,49,120,54,62,37,273,20,38,58,331
04/10/2016,ABQ,NM,ASW,WE,Combined TRACON& Tower with Radar,127,24,20,9,180,0,1,40,8,49,127,25,60,17,229,28,6,34,263
04/11/2016,ABQ,NM,ASW,WE,Combined TRACON& Tower with Radar,133,50,35,4,222,0,15,29,2,46,133,65,64,6,268,8,4,12,280
04/12/2016,ABQ,NM,ASW,WE,Combined TRACON& Tower with Radar,146,56,36,18,256,0,13,24,31,68,146,69,60,49,324,20,30,50,374
04/13/2016,ABQ,NM,ASW,WE,Combined TRACON& Tower with Radar,146,53,20,28,247,0,25,68,81,174,146,78,88,109,421,42,62,104,525
04/14/2016,ABQ,NM,ASW,WE,Combined TRACON& Tower with Radar,158,50,33,6,247,0,21,41,57,119,158,71,74,63,366,0,0,0,366
04/15/2016,ABQ,NM,ASW,WE,Combined TRACON& Tower with Radar,147,66,33,25,271,0,23,33,34,90,147,89,66,59,361,0,0,0,361
04/16/2016,ABQ,NM,ASW,WE,Combined TRACON& Tower with Radar,110,43,22,3,178,0,2,8,1,11,110,45,30,4,189,0,0,0,189
04/17/2016,ABQ,NM,ASW,WE,Combined TRACON& Tower with Radar,119,28,16,2,165,0,2,18,7,27,119,30,34,9,192,0,0,0,192
04/18/2016,ABQ,NM,ASW,WE,Combined TRACON& Tower with Radar,137,49,25,47,258,0,8,19,47,74,137,57,44,94,332,0,0,0,332
04/19/2016,ABQ,NM,ASW,WE,Combined TRACON& Tower with Radar,145,58,34,28,265,0,15,46,42,103,145,73,80,70,368,0,8,8,376
04/20/2016,ABQ,NM,ASW,WE,Combined TRACON& Tower with Radar,147,44,47,12,250,0,21,42,50,113,147,65,89,62,363,8,26,34,397
04/21/2016,ABQ,NM,ASW,WE,Combined TRACON& Tower with Radar,148,59,33,17,257,0,23,57,46,126,148,82,90,63,383,10,28,38,421
04/22/2016,ABQ,NM,ASW,WE,Combined TRACON& Tower with Radar,149,53,41,15,258,0,18,45,37,100,149,71,86,52,358,6,34,40,398
04/23/2016,ABQ,NM,ASW,WE,Combined TRACON& Tower with Radar,108,33,31,4,176,0,10,48,1,59,108,43,79,5,235,8,0,8,243
04/24/2016,ABQ,NM,ASW,WE,Combined TRACON& Tower with Radar,126,29,19,9,183,0,2,49,5,56,126,31,68,14,239,16,0,16,255
04/25/2016,ABQ,NM,ASW,WE,Combined TRACON& Tower with Radar,141,46,24,12,223,0,10,26,43,79,141,56,50,55,302,26,44,70,372
04/26/2016,ABQ,NM,ASW,WE,Combined TRACON& Tower with Radar,141,50,36,14,241,0,21,35,48,104,141,71,71,62,345,2,8,10,355
04/27/2016,ABQ,NM,ASW,WE,Combined TRACON& Tower with Radar,154,40,30,11,235,1,22,63,80,166,155,62,93,91,401,16,56,72,473
04/28/2016,ABQ,NM,ASW,WE,Combined TRACON& Tower with Radar,150,56,55,22,283,0,16,32,70,118,150,72,87,92,401,0,36,36,437
04/29/2016,ABQ,NM,ASW,WE,Combined TRACON& Tower with Radar,143,57,43,32,275,0,13,37,39,89,143,70,80,71,364,6,34,40,404
04/30/2016,ABQ,NM,ASW,WE,Combined TRACON& Tower with Radar,108,31,29,12,180,0,3,39,13,55,108,34,68,25,235,40,0,40,275
05/01/2016,ABQ,NM,ASW,WE,Combined TRACON& Tower with Radar,126,23,13,2,164,0,0,0,0,0,126,23,13,2,164,0,0,0,164
05/02/2016,ABQ,NM,ASW,WE,Combined TRACON& Tower with Radar,143,49,32,21,245,0,13,27,56,96,143,62,59,77,341,0,49,49,390
05/03/2016,ABQ,NM,ASW,WE,Combined TRACON& Tower with Radar,149,50,60,6,265,0,19,45,44,108,149,69,105,50,373,8,3,11,384
05/04/2016,ABQ,NM,ASW,WE,Combined TRACON& Tower with Radar,147,40,59,17,263,0,20,65,72,157,147,60,124,89,420,30,44,74,494
05/05/2016,ABQ,NM,ASW,WE,Combined TRACON& Tower with Radar,151,51,46,14,262,0,23,65,49,137,151,74,111,63,399,10,20,30,429
05/06/2016,ABQ,NM,ASW,WE,Combined TRACON& Tower with Radar,150,49,21,6,226,0,21,20,16,57,150,70,41,22,283,4,2,6,289
05/07/2016,ABQ,NM,ASW,WE,Combined TRACON& Tower with Radar,111,30,24,11,176,0,9,34,11,54,111,39,58,22,230,10,0,10,240
05/08/2016,ABQ,NM,ASW,WE,Combined TRACON& Tower with Radar,134,21,22,6,183,0,6,14,8,28,134,27,36,14,211,12,2,14,225
05/09/2016,ABQ,NM,ASW,WE,Combined TRACON& Tower with Radar,144,38,28,11,221,0,11,20,35,66,144,49,48,46,287,4,12,16,303
05/10/2016,ABQ,NM,ASW,WE,Combined TRACON& Tower with Radar,165,49,38,9,261,0,20,59,40,119,165,69,97,49,380,18,0,18,398
05/11/2016,ABQ,NM,ASW,WE,Combined TRACON& Tower with Radar,160,42,36,20,258,0,22,59,41,122,160,64,95,61,380,16,16,32,412
05/12/2016,ABQ,NM,ASW,WE,Combined TRACON& Tower with Radar,160,45,43,5,253,0,16,68,21,105,160,61,111,26,358,4,4,8,366
05/13/2016,ABQ,NM,ASW,WE,Combined TRACON& Tower with Radar,150,49,37,28,264,0,20,51,68,139,150,69,88,96,403,24,2,26,429
05/14/2016,ABQ,NM,ASW,WE,Combined TRACON& Tower with Radar,109,32,12,6,159,0,7,21,6,34,109,39,33,12,193,16,0,16,209
05/15/2016,ABQ,NM,ASW,WE,Combined TRACON& Tower with Radar,134,28,31,5,198,0,2,31,4,37,134,30,62,9,235,12,0,12,247
05/16/2016,ABQ,NM,ASW,WE,Combined TRACON& Tower with Radar,153,56,36,7,252,0,8,34,48,90,153,64,70,55,342,8,14,22,364
05/17/2016,ABQ,NM,ASW,WE,Combined TRACON& Tower with Radar,157,47,33,18,255,0,12,6,30,48,157,59,39,48,303,16,0,16,319
05/18/2016,ABQ,NM,ASW,WE,Combined TRACON& Tower with Radar,158,61,40,10,269,0,6,21,26,53,158,67,61,36,322,14,44,58,380
05/19/2016,ABQ,NM,ASW,WE,Combined TRACON& Tower with Radar,158,63,38,11,270,0,10,42,27,79,158,73,80,38,349,8,0,8,357
05/20/2016,ABQ,NM,ASW,WE,Combined TRACON& Tower with Radar,153,42,36,21,252,0,21,61,41,123,153,63,97,62,375,36,8,44,419
05/21/2016,ABQ,NM,ASW,WE,Combined TRACON& Tower with Radar,109,38,28,19,194,0,4,58,13,75,109,42,86,32,269,20,8,28,297
05/22/2016,ABQ,NM,ASW,WE,Combined TRACON& Tower with Radar,132,28,28,25,213,0,3,41,13,57,132,31,69,38,270,18,6,24,294
05/23/2016,ABQ,NM,ASW,WE,Combined TRACON& Tower with Radar,146,47,24,12,229,0,14,46,42,102,146,61,70,54,331,4,14,18,349
05/24/2016,ABQ,NM,ASW,WE,Combined TRACON& Tower with Radar,161,45,47,16,269,0,20,54,37,111,161,65,101,53,380,6,8,14,394
05/25/2016,ABQ,NM,ASW,WE,Combined TRACON& Tower with Radar,161,45,44,12,262,0,22,63,64,149,161,67,107,76,411,0,6,6,417
05/26/2016,ABQ,NM,ASW,WE,Combined TRACON& Tower with Radar,165,37,32,8,242,0,26,43,7,76,165,63,75,15,318,14,0,14,332
05/27/2016,ABQ,NM,ASW,WE,Combined TRACON& Tower with Radar,155,50,42,4,251,0,19,52,5,76,155,69,94,9,327,8,0,8,335
05/28/2016,ABQ,NM,ASW,WE,Combined TRACON& Tower with Radar,115,35,18,2,170,0,10,56,2,68,115,45,74,4,238,24,0,24,262
05/29/2016,ABQ,NM,ASW,WE,Combined TRACON& Tower with Radar,120,29,15,0,164,0,6,51,1,58,120,35,66,1,222,4,0,4,226
05/30/2016,ABQ,NM,ASW,WE,Combined TRACON& Tower with Radar,140,30,23,4,197,0,8,39,4,51,140,38,62,8,248,10,0,10,258
05/31/2016,ABQ,NM,ASW,WE,Combined TRACON& Tower with Radar,147,47,27,12,233,0,16,34,31,81,147,63,61,43,314,16,14,30,344
06/01/2016,ABQ,NM,ASW,WE,Combined TRACON& Tower with Radar,163,57,23,18,261,0,13,41,60,114,163,70,64,78,375,19,30,49,424
06/02/2016,ABQ,NM,ASW,WE,Combined TRACON& Tower with Radar,159,40,31,52,282,0,23,72,45,140,159,63,103,97,422,60,42,102,524
06/03/2016,ABQ,NM,ASW,WE,Combined TRACON& Tower with Radar,151,39,38,13,241,0,26,46,5,77,151,65,84,18,318,34,2,36,354
06/04/2016,ABQ,NM,ASW,WE,Combined TRACON& Tower with Radar,112,34,22,7,175,0,8,31,4,43,112,42,53,11,218,0,0,0,218
06/05/2016,ABQ,NM,ASW,WE,Combined TRACON& Tower with Radar,135,28,25,9,197,0,3,26,4,33,135,31,51,13,230,62,0,62,292
06/06/2016,ABQ,NM,ASW,WE,Combined TRACON& Tower with Radar,149,47,31,18,245,0,20,58,28,106,149,67,89,46,351,30,22,52,403
06/07/2016,ABQ,NM,ASW,WE,Combined TRACON& Tower with Radar,158,41,39,30,268,1,23,102,41,167,159,64,141,71,435,18,50,68,503
06/08/2016,ABQ,NM,ASW,WE,Combined TRACON& Tower with Radar,157,37,30,25,249,0,19,60,61,140,157,56,90,86,389,8,30,38,427
06/09/2016,ABQ,NM,ASW,WE,Combined TRACON& Tower with Radar,165,48,44,16,273,0,23,54,55,132,165,71,98,71,405,28,20,48,453
06/10/2016,ABQ,NM,ASW,WE,Combined TRACON& Tower with Radar,155,39,34,24,252,0,28,92,54,174,155,67,126,78,426,32,52,84,510
06/11/2016,ABQ,NM,ASW,WE,Combined TRACON& Tower with Radar,132,36,32,14,214,0,11,58,5,74,132,47,90,19,288,26,12,38,326
06/12/2016,ABQ,NM,ASW,WE,Combined TRACON& Tower with Radar,143,45,42,6,236,0,5,76,5,86,143,50,118,11,322,36,0,36,358
06/13/2016,ABQ,NM,ASW,WE,Combined TRACON& Tower with Radar,162,44,36,10,252,0,11,55,56,122,162,55,91,66,374,16,24,40,414
06/14/2016,ABQ,NM,ASW,WE,Combined TRACON& Tower with Radar,156,55,34,7,252,0,24,130,59,213,156,79,164,66,465,2,18,20,485
06/15/2016,ABQ,NM,ASW,WE,Combined TRACON& Tower with Radar,160,48,36,20,264,0,43,192,83,318,160,91,228,103,582,8,90,98,680
06/16/2016,ABQ,NM,ASW,WE,Combined TRACON& Tower with Radar,159,53,35,11,258,0,49,162,39,250,159,102,197,50,508,4,14,18,526
06/17/2016,ABQ,NM,ASW,WE,Combined TRACON& Tower with Radar,153,48,60,22,283,0,27,170,29,226,153,75,230,51,509,20,18,38,547
06/18/2016,ABQ,NM,ASW,WE,Combined TRACON& Tower with Radar,139,25,22,7,193,0,6,189,6,201,139,31,211,13,394,18,2,20,414
06/19/2016,ABQ,NM,ASW,WE,Combined TRACON& Tower with Radar,144,29,22,7,202,0,1,98,6,105,144,30,120,13,307,96,0,96,403
06/20/2016,ABQ,NM,ASW,WE,Combined TRACON& Tower with Radar,149,40,39,20,248,0,12,49,27,88,149,52,88,47,336,21,0,21,357
06/21/2016,ABQ,NM,ASW,WE,Combined TRACON& Tower with Radar,151,53,31,14,249,0,12,84,50,146,151,65,115,64,395,66,4,70,465
06/22/2016,ABQ,NM,ASW,WE,Combined TRACON& Tower with Radar,154,54,32,12,252,0,19,68,69,156,154,73,100,81,408,42,38,80,488
06/23/2016,ABQ,NM,ASW,WE,Combined TRACON& Tower with Radar,158,51,38,16,263,1,22,67,52,142,159,73,105,68,405,8,8,16,421
06/24/2016,ABQ,NM,ASW,WE,Combined TRACON& Tower with Radar,156,57,50,38,301,0,26,64,49,139,156,83,114,87,440,60,62,122,562
06/25/2016,ABQ,NM,ASW,WE,Combined TRACON& Tower with Radar,140,35,34,7,216,0,14,67,11,92,140,49,101,18,308,66,8,74,382
06/26/2016,ABQ,NM,ASW,WE,Combined TRACON& Tower with Radar,144,38,30,6,218,0,6,60,2,68,144,44,90,8,286,22,0,22,308
06/27/2016,ABQ,NM,ASW,WE,Combined TRACON& Tower with Radar,144,51,38,19,252,0,16,51,29,96,144,67,89,48,348,8,6,14,362
06/28/2016,ABQ,NM,ASW,WE,Combined TRACON& Tower with Radar,162,51,42,25,280,0,19,55,82,156,162,70,97,107,436,24,78,102,538
06/29/2016,ABQ,NM,ASW,WE,Combined TRACON& Tower with Radar,156,37,43,22,258,2,26,73,39,140,158,63,116,61,398,40,48,88,486
06/30/2016,ABQ,NM,ASW,WE,Combined TRACON& Tower with Radar,172,58,48,23,301,0,11,84,65,160,172,69,132,88,461,8,52,60,521
07/01/2016,ABQ,NM,ASW,WE,Combined TRACON& Tower with Radar,162,59,33,1,255,0,16,41,17,74,162,75,74,18,329,12,4,16,345
07/02/2016,ABQ,NM,ASW,WE,Combined TRACON& Tower with Radar,135,30,21,0,186,0,2,37,0,39,135,32,58,0,225,6,0,6,231
07/03/2016,ABQ,NM,ASW,WE,Combined TRACON& Tower with Radar,135,24,14,0,173,0,2,41,2,45,135,26,55,2,218,20,0,20,238
07/04/2016,ABQ,NM,ASW,WE,Combined TRACON& Tower with Radar,114,25,25,0,164,0,5,32,3,40,114,30,57,3,204,18,0,18,222
07/05/2016,ABQ,NM,ASW,WE,Combined TRACON& Tower with Radar,142,38,35,1,216,0,13,49,0,62,142,51,84,1,278,18,0,18,296
07/06/2016,ABQ,NM,ASW,WE,Combined TRACON& Tower with Radar,155,42,34,26,257,0,23,48,34,105,155,65,82,60,362,30,16,46,408
07/07/2016,ABQ,NM,ASW,WE,Combined TRACON& Tower with Radar,162,44,28,9,243,0,22,50,47,119,162,66,78,56,362,14,32,46,408
07/08/2016,ABQ,NM,ASW,WE,Combined TRACON& Tower with Radar,161,43,31,29,264,0,23,41,49,113,161,66,72,78,377,18,46,64,441
07/09/2016,ABQ,NM,ASW,WE,Combined TRACON& Tower with Radar,132,30,27,6,195,0,8,44,9,61,132,38,71,15,256,28,0,28,284
07/10/2016,ABQ,NM,ASW,WE,Combined TRACON& Tower with Radar,152,21,31,2,206,0,3,58,0,61,152,24,89,2,267,36,0,36,303
07/11/2016,ABQ,NM,ASW,WE,Combined TRACON& Tower with Radar,150,41,44,1,236,0,15,43,7,65,150,56,87,8,301,20,24,44,345
07/12/2016,ABQ,NM,ASW,WE,Combined TRACON& Tower with Radar,157,50,42,13,262,0,17,49,40,106,157,67,91,53,368,10,14,24,392
07/13/2016,ABQ,NM,ASW,WE,Combined TRACON& Tower with Radar,159,46,40,15,260,0,25,48,38,111,159,71,88,53,371,16,14,30,401
07/14/2016,ABQ,NM,ASW,WE,Combined TRACON& Tower with Radar,165,46,22,20,253,0,22,44,46,112,165,68,66,66,365,12,26,38,403
07/15/2016,ABQ,NM,ASW,WE,Combined TRACON& Tower with Radar,157,42,32,41,272,0,20,47,41,108,157,62,79,82,380,0,56,56,436
07/16/2016,ABQ,NM,ASW,WE,Combined TRACON& Tower with Radar,138,28,12,3,181,0,9,26,22,57,138,37,38,25,238,4,8,12,250
07/17/2016,ABQ,NM,ASW,WE,Combined TRACON& Tower with Radar,157,17,26,10,210,0,6,46,13,65,157,23,72,23,275,54,2,56,331
07/18/2016,ABQ,NM,ASW,WE,Combined TRACON& Tower with Radar,165,41,23,2,231,0,13,39,45,97,165,54,62,47,328,10,18,28,356
07/19/2016,ABQ,NM,ASW,WE,Combined TRACON& Tower with Radar,163,59,31,7,260,0,15,41,73,129,163,74,72,80,389,12,20,32,421
07/20/2016,ABQ,NM,ASW,WE,Combined TRACON& Tower with Radar,137,62,31,4,234,0,15,49,63,127,137,77,80,67,361,30,16,46,407
07/21/2016,ABQ,NM,ASW,WE,Combined TRACON& Tower with Radar,142,55,41,25,263,0,22,60,58,140,142,77,101,83,403,24,32,56,459
07/22/2016,ABQ,NM,ASW,WE,Combined TRACON& Tower with Radar,142,47,44,17,250,0,25,70,42,137,142,72,114,59,387,16,48,64,451
07/23/2016,ABQ,NM,ASW,WE,Combined TRACON& Tower with Radar,296,106,62,22,486,0,36,161,86,283,296,142,223,108,769,12,0,12,781
07/24/2016,ABQ,NM,ASW,WE,Combined TRACON& Tower with Radar,351,136,84,55,626,0,33,131,100,264,351,169,215,155,890,0,0,0,890
07/25/2016,ABQ,NM,ASW,WE,Combined TRACON& Tower with Radar,229,68,60,15,372,0,32,69,30,131,229,100,129,45,503,6,2,8,511
07/26/2016,ABQ,NM,ASW,WE,Combined TRACON& Tower with Radar,149,51,39,16,255,0,23,54,43,120,149,74,93,59,375,32,16,48,423
07/27/2016,ABQ,NM,ASW,WE,Combined TRACON& Tower with Radar,149,62,35,12,258,0,17,47,65,129,149,79,82,77,387,0,24,24,411
07/28/2016,ABQ,NM,ASW,WE,Combined TRACON& Tower with Radar,143,43,41,30,257,0,21,48,33,102,143,64,89,63,359,8,12,20,379
07/29/2016,ABQ,NM,ASW,WE,Combined TRACON& Tower with Radar,155,58,35,29,277,0,20,46,28,94,155,78,81,57,371,8,38,46,417
07/30/2016,ABQ,NM,ASW,WE,Combined TRACON& Tower with Radar,130,36,35,5,206,0,9,46,2,57,130,45,81,7,263,14,0,14,277
07/31/2016,ABQ,NM,ASW,WE,Combined TRACON& Tower with Radar,140,36,27,5,208,0,2,39,1,42,140,38,66,6,250,20,0,20,270
08/01/2016,ABQ,NM,ASW,WE,Combined TRACON& Tower with Radar,141,47,26,9,223,0,13,38,57,108,141,60,64,66,331,2,40,42,373
08/02/2016,ABQ,NM,ASW,WE,Combined TRACON& Tower with Radar,152,41,24,18,235,0,22,42,37,101,152,63,66,55,336,24,22,46,382
08/03/2016,ABQ,NM,ASW,WE,Combined TRACON& Tower with Radar,155,42,35,19,251,0,18,37,55,110,155,60,72,74,361,8,24,32,393
08/04/2016,ABQ,NM,ASW,WE,Combined TRACON& Tower with Radar,153,41,30,15,239,0,24,60,56,140,153,65,90,71,379,4,38,42,421
08/05/2016,ABQ,NM,ASW,WE,Combined TRACON& Tower with Radar,149,44,39,15,247,0,22,29,29,80,149,66,68,44,327,8,30,38,365
08/06/2016,ABQ,NM,ASW,WE,Combined TRACON& Tower with Radar,120,51,26,11,208,0,6,30,26,62,120,57,56,37,270,8,72,80,350
08/07/2016,ABQ,NM,ASW,WE,Combined TRACON& Tower with Radar,146,22,25,5,198,0,3,50,1,54,146,25,75,6,252,0,0,0,252
08/08/2016,ABQ,NM,ASW,WE,Combined TRACON& Tower with Radar,142,39,23,3,207,0,8,31,2,41,142,47,54,5,248,0,0,0,248
08/09/2016,ABQ,NM,ASW,WE,Combined TRACON& Tower with Radar,154,58,38,35,285,0,26,39,33,98,154,84,77,68,383,10,44,54,437
08/10/2016,ABQ,NM,ASW,WE,Combined TRACON& Tower with Radar,145,52,29,24,250,0,11,37,65,113,145,63,66,89,363,0,102,102,465
08/11/2016,ABQ,NM,ASW,WE,Combined TRACON& Tower with Radar,161,49,36,10,256,0,24,60,51,135,161,73,96,61,391,12,18,30,421
08/12/2016,ABQ,NM,ASW,WE,Combined TRACON& Tower with Radar,140,45,33,14,232,0,27,32,70,129,140,72,65,84,361,6,78,84,445
08/13/2016,ABQ,NM,ASW,WE,Combined TRACON& Tower with Radar,107,35,15,4,161,0,8,55,19,82,107,43,70,23,243,42,32,74,317
08/14/2016,ABQ,NM,ASW,WE,Combined TRACON& Tower with Radar,140,33,14,5,192,0,3,47,5,55,140,36,61,10,247,10,0,10,257
08/15/2016,ABQ,NM,ASW,WE,Combined TRACON& Tower with Radar,135,51,24,11,221,0,15,42,36,93,135,66,66,47,314,10,8,18,332
08/16/2016,ABQ,NM,ASW,WE,Combined TRACON& Tower with Radar,149,46,34,15,244,0,24,46,81,151,149,70,80,96,395,6,44,50,445
08/17/2016,ABQ,NM,ASW,WE,Combined TRACON& Tower with Radar,146,44,36,6,232,0,23,56,87,166,146,67,92,93,398,16,30,46,444
08/18/2016,ABQ,NM,ASW,WE,Combined TRACON& Tower with Radar,148,42,42,7,239,0,23,50,53,126,148,65,92,60,365,30,28,58,423
08/19/2016,ABQ,NM,ASW,WE,Combined TRACON& Tower with Radar,139,41,35,46,261,0,20,54,42,116,139,61,89,88,377,26,48,74,451
08/20/2016,ABQ,NM,ASW,WE,Combined TRACON& Tower with Radar,110,36,27,5,178,0,7,35,9,51,110,43,62,14,229,6,2,8,237
08/21/2016,ABQ,NM,ASW,WE,Combined TRACON& Tower with Radar,134,29,29,44,236,0,0,46,2,48,134,29,75,46,284,12,26,38,322
08/22/2016,ABQ,NM,ASW,WE,Combined TRACON& Tower with Radar,138,46,31,7,222,0,12,33,45,90,138,58,64,52,312,6,24,30,342
08/23/2016,ABQ,NM,ASW,WE,Combined TRACON& Tower with Radar,138,46,16,5,205,0,21,40,42,103,138,67,56,47,308,12,14,26,334
08/24/2016,ABQ,NM,ASW,WE,Combined TRACON& Tower with Radar,156,48,41,20,265,0,22,43,56,121,156,70,84,76,386,18,26,44,430
08/25/2016,ABQ,NM,ASW,WE,Combined TRACON& Tower with Radar,147,61,41,10,259,0,20,42,72,134,147,81,83,82,393,0,64,64,457
08/26/2016,ABQ,NM,ASW,WE,Combined TRACON& Tower with Radar,142,56,43,32,273,0,25,51,33,109,142,81,94,65,382,14,48,62,444
08/27/2016,ABQ,NM,ASW,WE,Combined TRACON& Tower with Radar,109,30,17,11,167,0,6,52,1,59,109,36,69,12,226,16,0,16,242
08/28/2016,ABQ,NM,ASW,WE,Combined TRACON& Tower with Radar,132,31,16,5,184,0,2,33,4,39,132,33,49,9,223,12,0,12,235
08/29/2016,ABQ,NM,ASW,WE,Combined TRACON& Tower with Radar,141,39,29,19,228,0,11,26,43,80,141,50,55,62,308,0,32,32,340
08/30/2016,ABQ,NM,ASW,WE,Combined TRACON& Tower with Radar,142,58,27,20,247,0,16,40,47,103,142,74,67,67,350,10,30,40,390
08/31/2016,ABQ,NM,ASW,WE,Combined TRACON& Tower with Radar,145,53,27,14,239,0,22,30,35,87,145,75,57,49,326,14,36,50,376
09/01/2016,ABQ,NM,ASW,WE,Combined TRACON& Tower with Radar,152,63,36,14,265,0,22,56,55,133,152,85,92,69,398,16,30,46,444
09/02/2016,ABQ,NM,ASW,WE,Combined TRACON& Tower with Radar,146,51,39,0,236,0,19,34,6,59,146,70,73,6,295,6,0,6,301
09/03/2016,ABQ,NM,ASW,WE,Combined TRACON& Tower with Radar,101,29,22,0,152,0,9,28,1,38,101,38,50,1,190,14,0,14,204
09/04/2016,ABQ,NM,ASW,WE,Combined TRACON& Tower with Radar,109,32,14,3,158,0,2,56,0,58,109,34,70,3,216,34,0,34,250
09/05/2016,ABQ,NM,ASW,WE,Combined TRACON& Tower with Radar,124,41,22,5,192,0,7,26,2,35,124,48,48,7,227,30,0,30,257
09/06/2016,ABQ,NM,ASW,WE,Combined TRACON& Tower with Radar,141,42,16,27,226,0,15,31,35,81,141,57,47,62,307,2,42,44,351
09/07/2016,ABQ,NM,ASW,WE,Combined TRACON& Tower with Radar,143,48,37,9,237,0,18,30,42,90,143,66,67,51,327,6,10,16,343
09/08/2016,ABQ,NM,ASW,WE,Combined TRACON& Tower with Radar,147,54,49,11,261,0,17,23,63,103,147,71,72,74,364,0,18,18,382
09/09/2016,ABQ,NM,ASW,WE,Combined TRACON& Tower with Radar,139,51,44,26,260,0,18,34,51,103,139,69,78,77,363,6,36,42,405
09/10/2016,ABQ,NM,ASW,WE,Combined TRACON& Tower with Radar,96,33,19,3,151,0,7,17,14,38,96,40,36,17,189,6,22,28,217
09/11/2016,ABQ,NM,ASW,WE,Combined TRACON& Tower with Radar,138,33,25,8,204,0,2,31,2,35,138,35,56,10,239,40,0,40,279
09/12/2016,ABQ,NM,ASW,WE,Combined TRACON& Tower with Radar,135,46,29,3,213,0,11,23,9,43,135,57,52,12,256,16,2,18,274
09/13/2016,ABQ,NM,ASW,WE,Combined TRACON& Tower with Radar,137,51,35,8,231,0,26,49,54,129,137,77,84,62,360,42,22,64,424
09/14/2016,ABQ,NM,ASW,WE,Combined TRACON& Tower with Radar,145,46,37,17,245,0,22,52,52,126,145,68,89,69,371,32,26,58,429
09/15/2016,ABQ,NM,ASW,WE,Combined TRACON& Tower with Radar,161,55,37,18,271,0,24,58,53,135,161,79,95,71,406,10,16,26,432
09/16/2016,ABQ,NM,ASW,WE,Combined TRACON& Tower with Radar,148,35,41,24,248,0,28,54,34,116,148,63,95,58,364,2,16,18,382
09/17/2016,ABQ,NM,ASW,WE,Combined TRACON& Tower with Radar,106,31,20,27,184,0,9,53,8,70,106,40,73,35,254,10,14,24,278
09/18/2016,ABQ,NM,ASW,WE,Combined TRACON& Tower with Radar,146,22,33,15,216,0,6,56,1,63,146,28,89,16,279,28,0,28,307
09/19/2016,ABQ,NM,ASW,WE,Combined TRACON& Tower with Radar,141,32,34,21,228,0,11,51,55,117,141,43,85,76,345,12,22,34,379
09/20/2016,ABQ,NM,ASW,WE,Combined TRACON& Tower with Radar,147,45,33,12,237,0,21,48,67,136,147,66,81,79,373,30,48,78,451
09/21/2016,ABQ,NM,ASW,WE,Combined TRACON& Tower with Radar,146,35,33,5,219,0,24,51,46,121,146,59,84,51,340,2,0,2,342
09/22/2016,ABQ,NM,ASW,WE,Combined TRACON& Tower with Radar,154,48,26,18,246,0,22,38,36,96,154,70,64,54,342,4,10,14,356
09/23/2016,ABQ,NM,ASW,WE,Combined TRACON& Tower with Radar,154,48,20,15,237,0,18,57,8,83,154,66,77,23,320,6,16,22,342
09/24/2016,ABQ,NM,ASW,WE,Combined TRACON& Tower with Radar,106,32,19,20,177,0,7,69,2,78,106,39,88,22,255,18,20,38,293
09/25/2016,ABQ,NM,ASW,WE,Combined TRACON& Tower with Radar,144,24,21,16,205,0,4,15,4,23,144,28,36,20,228,2,8,10,238
09/26/2016,ABQ,NM,ASW,WE,Combined TRACON& Tower with Radar,142,41,36,10,229,0,12,37,23,72,142,53,73,33,301,2,0,2,303
09/27/2016,ABQ,NM,ASW,WE,Combined TRACON& Tower with Radar,150,49,29,20,248,0,23,41,22,86,150,72,70,42,334,4,14,18,352
09/28/2016,ABQ,NM,ASW,WE,Combined TRACON& Tower with Radar,147,48,65,12,272,0,25,36,32,93,147,73,101,44,365,24,4,28,393
09/29/2016,ABQ,NM,ASW,WE,Combined TRACON& Tower with Radar,158,34,25,11,228,0,17,35,23,75,158,51,60,34,303,0,0,0,303
09/30/2016,ABQ,NM,ASW,WE,Combined TRACON& Tower with Radar,151,48,53,6,258,0,17,71,6,94,151,65,124,12,352,18,0,18,370
10/01/2016,ABQ,NM,ASW,WE,Combined TRACON& Tower with Radar,105,37,18,2,162,0,8,47,0,55,105,45,65,2,217,22,0,22,239
10/02/2016,ABQ,NM,ASW,WE,Combined TRACON& Tower with Radar,137,24,30,6,197,0,4,74,3,81,137,28,104,9,278,16,0,16,294
10/03/2016,ABQ,NM,ASW,WE,Combined TRACON& Tower with Radar,143,43,29,0,215,0,13,35,7,55,143,56,64,7,270,2,0,2,272
10/04/2016,ABQ,NM,ASW,WE,Combined TRACON& Tower with Radar,148,46,34,6,234,0,24,58,39,121,148,70,92,45,355,4,12,16,371
10/05/2016,ABQ,NM,ASW,WE,Combined TRACON& Tower with Radar,147,44,31,19,241,0,24,86,54,164,147,68,117,73,405,18,20,38,443
10/06/2016,ABQ,NM,ASW,WE,Combined TRACON& Tower with Radar,158,47,29,15,249,0,25,75,47,147,158,72,104,62,396,16,0,16,412
10/07/2016,ABQ,NM,ASW,WE,Combined TRACON& Tower with Radar,154,57,40,13,264,0,26,84,28,138,154,83,124,41,402,44,10,54,456
10/08/2016,ABQ,NM,ASW,WE,Combined TRACON& Tower with Radar,112,32,26,6,176,0,3,34,6,43,112,35,60,12,219,46,0,46,265
10/09/2016,ABQ,NM,ASW,WE,Combined TRACON& Tower with Radar,149,27,30,3,209,0,4,46,6,56,149,31,76,9,265,26,0,26,291
10/10/2016,ABQ,NM,ASW,WE,Combined TRACON& Tower with Radar,143,43,32,9,227,0,11,50,1,62,143,54,82,10,289,46,4,50,339
10/11/2016,ABQ,NM,ASW,WE,Combined TRACON& Tower with Radar,153,47,27,17,244,0,22,53,57,132,153,69,80,74,376,18,26,44,420
10/12/2016,ABQ,NM,ASW,WE,Combined TRACON& Tower with Radar,153,45,24,4,226,0,18,68,59,145,153,63,92,63,371,20,12,32,403
10/13/2016,ABQ,NM,ASW,WE,Combined TRACON& Tower with Radar,165,58,38,20,281,0,24,63,30,117,165,82,101,50,398,16,10,26,424
10/14/2016,ABQ,NM,ASW,WE,Combined TRACON& Tower with Radar,155,51,36,38,280,0,22,65,74,161,155,73,101,112,441,32,52,84,525
10/15/2016,ABQ,NM,ASW,WE,Combined TRACON& Tower with Radar,115,30,27,13,185,0,5,69,19,93,115,35,96,32,278,14,6,20,298
10/16/2016,ABQ,NM,ASW,WE,Combined TRACON& Tower with Radar,155,33,29,15,232,0,7,54,6,67,155,40,83,21,299,22,0,22,321
10/17/2016,ABQ,NM,ASW,WE,Combined TRACON& Tower with Radar,149,43,39,13,244,0,14,40,32,86,149,57,79,45,330,2,38,40,370
10/18/2016,ABQ,NM,ASW,WE,Combined TRACON& Tower with Radar,154,44,35,13,246,0,20,65,69,154,154,64,100,82,400,12,34,46,446
10/19/2016,ABQ,NM,ASW,WE,Combined TRACON& Tower with Radar,151,43,37,20,251,0,20,60,46,126,151,63,97,66,377,10,10,20,397
10/20/2016,ABQ,NM,ASW,WE,Combined TRACON& Tower with Radar,170,36,51,16,273,0,21,47,55,123,170,57,98,71,396,6,12,18,414
10/21/2016,ABQ,NM,ASW,WE,Combined TRACON& Tower with Radar,158,47,54,8,267,0,21,87,34,142,158,68,141,42,409,8,22,30,439
10/22/2016,ABQ,NM,ASW,WE,Combined TRACON& Tower with Radar,114,46,41,12,213,0,6,69,2,77,114,52,110,14,290,78,6,84,374
10/23/2016,ABQ,NM,ASW,WE,Combined TRACON& Tower with Radar,147,28,19,9,203,0,2,54,8,64,147,30,73,17,267,38,0,38,305
10/24/2016,ABQ,NM,ASW,WE,Combined TRACON& Tower with Radar,151,38,38,32,259,0,13,53,47,113,151,51,91,79,372,8,48,56,428
10/25/2016,ABQ,NM,ASW,WE,Combined TRACON& Tower with Radar,148,50,29,26,253,0,21,44,45,110,148,71,73,71,363,6,30,36,399
10/26/2016,ABQ,NM,ASW,WE,Combined TRACON& Tower with Radar,146,50,26,34,256,0,16,81,66,163,146,66,107,100,419,26,60,86,505
10/27/2016,ABQ,NM,ASW,WE,Combined TRACON& Tower with Radar,159,42,35,31,267,0,15,72,70,157,159,57,107,101,424,20,74,94,518
10/28/2016,ABQ,NM,ASW,WE,Combined TRACON& Tower with Radar,151,60,36,25,272,0,20,69,26,115,151,80,105,51,387,6,8,14,401
10/29/2016,ABQ,NM,ASW,WE,Combined TRACON& Tower with Radar,112,33,26,4,175,0,4,54,9,67,112,37,80,13,242,30,0,30,272
10/30/2016,ABQ,NM,ASW,WE,Combined TRACON& Tower with Radar,144,27,18,11,200,0,10,47,4,61,144,37,65,15,261,26,0,26,287
10/31/2016,ABQ,NM,ASW,WE,Combined TRACON& Tower with Radar,131,43,20,22,216,0,13,41,50,104,131,56,61,72,320,20,30,50,370
11/01/2016,ABQ,NM,ASW,WE,Combined TRACON& Tower with Radar,139,48,34,14,235,0,19,45,41,105,139,67,79,55,340,2,12,14,354
11/02/2016,ABQ,NM,ASW,WE,Combined TRACON& Tower with Radar,147,57,47,6,257,0,19,51,54,124,147,76,98,60,381,10,48,58,439
11/03/2016,ABQ,NM,ASW,WE,Combined TRACON& Tower with Radar,151,66,35,10,262,0,9,30,44,83,151,75,65,54,345,2,46,48,393
11/04/2016,ABQ,NM,ASW,WE,Combined TRACON& Tower with Radar,149,77,29,12,267,0,4,5,10,19,149,81,34,22,286,0,10,10,296
11/05/2016,ABQ,NM,ASW,WE,Combined TRACON& Tower with Radar,114,43,15,7,179,0,0,25,9,34,114,43,40,16,213,6,10,16,229
11/06/2016,ABQ,NM,ASW,WE,Combined TRACON& Tower with Radar,146,24,20,18,208,0,0,19,2,21,146,24,39,20,229,26,4,30,259
11/07/2016,ABQ,NM,ASW,WE,Combined TRACON& Tower with Radar,132,48,19,7,206,0,11,63,27,101,132,59,82,34,307,28,14,42,349
11/08/2016,ABQ,NM,ASW,WE,Combined TRACON& Tower with Radar,143,42,29,17,231,0,18,70,72,160,143,60,99,89,391,34,42,76,467
11/09/2016,ABQ,NM,ASW,WE,Combined TRACON& Tower with Radar,148,44,50,13,255,0,18,68,49,135,148,62,118,62,390,6,16,22,412
11/10/2016,ABQ,NM,ASW,WE,Combined TRACON& Tower with Radar,153,65,38,23,279,0,21,59,57,137,153,86,97,80,416,14,26,40,456
11/11/2016,ABQ,NM,ASW,WE,Combined TRACON& Tower with Radar,145,54,30,11,240,0,18,60,6,84,145,72,90,17,324,12,8,20,344
11/12/2016,ABQ,NM,ASW,WE,Combined TRACON& Tower with Radar,101,37,35,7,180,0,8,65,8,81,101,45,100,15,261,32,0,32,293
11/13/2016,ABQ,NM,ASW,WE,Combined TRACON& Tower with Radar,150,26,25,2,203,0,0,48,0,48,150,26,73,2,251,48,0,48,299
11/14/2016,ABQ,NM,ASW,WE,Combined TRACON& Tower with Radar,139,44,50,2,235,0,10,35,8,53,139,54,85,10,288,0,0,0,288
11/15/2016,ABQ,NM,ASW,WE,Combined TRACON& Tower with Radar,147,52,53,5,257,0,21,61,36,118,147,73,114,41,375,28,2,30,405
11/16/2016,ABQ,NM,ASW,WE,Combined TRACON& Tower with Radar,144,51,65,6,266,0,20,72,48,140,144,71,137,54,406,40,6,46,452
11/17/2016,ABQ,NM,ASW,WE,Combined TRACON& Tower with Radar,151,59,32,15,257,0,15,8,34,57,151,74,40,49,314,0,16,16,330
11/18/2016,ABQ,NM,ASW,WE,Combined TRACON& Tower with Radar,147,68,56,25,296,0,20,56,40,116,147,88,112,65,412,18,8,26,438
11/19/2016,ABQ,NM,ASW,WE,Combined TRACON& Tower with Radar,122,39,25,15,201,0,8,54,3,65,122,47,79,18,266,42,0,42,308
11/20/2016,ABQ,NM,ASW,WE,Combined TRACON& Tower with Radar,141,34,23,7,205,0,4,55,3,62,141,38,78,10,267,16,6,22,289
11/21/2016,ABQ,NM,ASW,WE,Combined TRACON& Tower with Radar,135,61,37,18,251,0,5,23,24,52,135,66,60,42,303,2,22,24,327
11/22/2016,ABQ,NM,ASW,WE,Combined TRACON& Tower with Radar,155,61,28,15,259,0,10,47,60,117,155,71,75,75,376,12,48,60,436
11/23/2016,ABQ,NM,ASW,WE,Combined TRACON& Tower with Radar,154,54,29,6,243,0,19,65,16,100,154,73,94,22,343,30,0,30,373
11/24/2016,ABQ,NM,ASW,WE,Combined TRACON& Tower with Radar,92,27,15,1,135,0,4,18,0,22,92,31,33,1,157,4,0,4,161
11/25/2016,ABQ,NM,ASW,WE,Combined TRACON& Tower with Radar,124,42,16,0,182,0,15,48,1,64,124,57,64,1,246,18,0,18,264
11/26/2016,ABQ,NM,ASW,WE,Combined TRACON& Tower with Radar,146,39,33,0,218,0,4,58,4,66,146,43,91,4,284,12,0,12,296
11/27/2016,ABQ,NM,ASW,WE,Combined TRACON& Tower with Radar,166,28,44,5,243,0,2,11,2,15,166,30,55,7,258,16,0,16,274
11/28/2016,ABQ,NM,ASW,WE,Combined TRACON& Tower with Radar,159,53,30,6,248,0,5,15,23,43,159,58,45,29,291,0,4,4,295
11/29/2016,ABQ,NM,ASW,WE,Combined TRACON& Tower with Radar,149,69,44,17,279,0,7,45,24,76,149,76,89,41,355,10,6,16,371
11/30/2016,ABQ,NM,ASW,WE,Combined TRACON& Tower with Radar,141,53,41,28,263,0,17,57,54,128,141,70,98,82,391,14,28,42,433
12/01/2016,ABQ,NM,ASW,WE,Combined TRACON& Tower with Radar,150,51,33,36,270,0,18,59,54,131,150,69,92,90,401,22,62,84,485
12/02/2016,ABQ,NM,ASW,WE,Combined TRACON& Tower with Radar,138,57,37,10,242,0,9,29,21,59,138,66,66,31,301,28,12,40,341
12/03/2016,ABQ,NM,ASW,WE,Combined TRACON& Tower with Radar,97,35,18,11,161,0,4,53,13,70,97,39,71,24,231,64,8,72,303
12/04/2016,ABQ,NM,ASW,WE,Combined TRACON& Tower with Radar,138,29,31,6,204,0,6,57,9,72,138,35,88,15,276,40,2,42,318
12/05/2016,ABQ,NM,ASW,WE,Combined TRACON& Tower with Radar,131,42,40,19,232,0,7,42,39,88,131,49,82,58,320,40,20,60,380
12/06/2016,ABQ,NM,ASW,WE,Combined TRACON& Tower with Radar,139,60,29,6,234,0,16,42,55,113,139,76,71,61,347,10,10,20,367
12/07/2016,ABQ,NM,ASW,WE,Combined TRACON& Tower with Radar,144,66,37,15,262,0,20,46,43,109,144,86,83,58,371,12,2,14,385
12/08/2016,ABQ,NM,ASW,WE,Combined TRACON& Tower with Radar,152,75,48,46,321,0,16,56,49,121,152,91,104,95,442,20,44,64,506
12/09/2016,ABQ,NM,ASW,WE,Combined TRACON& Tower with Radar,136,61,23,20,240,0,18,61,42,121,136,79,84,62,361,8,26,34,395
12/10/2016,ABQ,NM,ASW,WE,Combined TRACON& Tower with Radar,94,34,26,10,164,0,7,49,10,66,94,41,75,20,230,36,0,36,266
12/11/2016,ABQ,NM,ASW,WE,Combined TRACON& Tower with Radar,130,27,34,4,195,0,6,33,1,40,130,33,67,5,235,46,0,46,281
12/12/2016,ABQ,NM,ASW,WE,Combined TRACON& Tower with Radar,140,53,23,12,228,0,23,44,48,115,140,76,67,60,343,26,20,46,389
12/13/2016,ABQ,NM,ASW,WE,Combined TRACON& Tower with Radar,140,66,41,11,258,0,19,53,49,121,140,85,94,60,379,10,20,30,409
12/14/2016,ABQ,NM,ASW,WE,Combined TRACON& Tower with Radar,141,59,40,14,254,0,22,60,56,138,141,81,100,70,392,16,12,28,420
12/15/2016,ABQ,NM,ASW,WE,Combined TRACON& Tower with Radar,147,63,32,20,262,0,21,39,59,119,147,84,71,79,381,4,20,24,405
12/16/2016,ABQ,NM,ASW,WE,Combined TRACON& Tower with Radar,133,75,44,19,271,0,13,13,25,51,133,88,57,44,322,2,10,12,334
12/17/2016,ABQ,NM,ASW,WE,Combined TRACON& Tower with Radar,117,46,22,17,202,0,4,11,3,18,117,50,33,20,220,4,14,18,238
12/18/2016,ABQ,NM,ASW,WE,Combined TRACON& Tower with Radar,138,44,38,2,222,0,3,60,5,68,138,47,98,7,290,42,0,42,332
12/19/2016,ABQ,NM,ASW,WE,Combined TRACON& Tower with Radar,141,62,44,23,270,0,6,93,37,136,141,68,137,60,406,42,44,86,492
12/20/2016,ABQ,NM,ASW,WE,Combined TRACON& Tower with Radar,138,62,47,6,253,0,26,62,57,145,138,88,109,63,398,22,32,54,452
12/21/2016,ABQ,NM,ASW,WE,Combined TRACON& Tower with Radar,151,67,44,12,274,0,26,71,43,140,151,93,115,55,414,4,6,10,424
12/22/2016,ABQ,NM,ASW,WE,Combined TRACON& Tower with Radar,157,86,26,13,282,0,0,2,8,10,157,86,28,21,292,14,0,14,306
12/23/2016,ABQ,NM,ASW,WE,Combined TRACON& Tower with Radar,153,76,25,5,259,0,21,20,3,44,153,97,45,8,303,0,2,2,305
12/24/2016,ABQ,NM,ASW,WE,Combined TRACON& Tower with Radar,106,53,18,0,177,0,12,22,2,36,106,65,40,2,213,28,0,28,241
12/25/2016,ABQ,NM,ASW,WE,Combined TRACON& Tower with Radar,106,31,8,0,145,0,0,7,0,7,106,31,15,0,152,0,0,0,152
12/26/2016,ABQ,NM,ASW,WE,Combined TRACON& Tower with Radar,133,39,31,0,203,0,4,31,2,37,133,43,62,2,240,20,0,20,260
12/27/2016,ABQ,NM,ASW,WE,Combined TRACON& Tower with Radar,148,59,21,1,229,0,16,38,6,60,148,75,59,7,289,28,0,28,317
12/28/2016,ABQ,NM,ASW,WE,Combined TRACON& Tower with Radar,152,56,33,5,246,0,23,44,20,87,152,79,77,25,333,6,8,14,347
12/29/2016,ABQ,NM,ASW,WE,Combined TRACON& Tower with Radar,153,60,25,10,248,0,20,45,21,86,153,80,70,31,334,22,4,26,360
12/30/2016,ABQ,NM,ASW,WE,Combined TRACON& Tower with Radar,139,54,31,7,231,0,21,45,14,80,139,75,76,21,311,10,20,30,341
12/31/2016,ABQ,NM,ASW,WE,Combined TRACON& Tower with Radar,104,57,19,0,180,0,0,5,1,6,104,57,24,1,186,28,0,28,214
01/01/2017,ABQ,NM,ASW,WE,Combined TRACON& Tower with Radar,124,36,18,1,179,0,1,9,5,15,124,37,27,6,194,6,0,6,200
01/02/2017,ABQ,NM,ASW,WE,Combined TRACON& Tower with Radar,126,48,29,1,204,0,0,45,0,45,126,48,74,1,249,34,0,34,283
01/03/2017,ABQ,NM,ASW,WE,Combined TRACON& Tower with Radar,137,73,30,5,245,0,14,27,6,47,137,87,57,11,292,10,2,12,304
01/04/2017,ABQ,NM,ASW,WE,Combined TRACON& Tower with Radar,129,63,40,36,268,0,18,56,63,137,129,81,96,99,405,20,42,62,467
01/05/2017,ABQ,NM,ASW,WE,Combined TRACON& Tower with Radar,145,68,36,9,258,0,12,18,51,81,145,80,54,60,339,2,20,22,361
01/06/2017,ABQ,NM,ASW,WE,Combined TRACON& Tower with Radar,124,56,27,14,221,0,13,29,3,45,124,69,56,17,266,24,0,24,290
01/07/2017,ABQ,NM,ASW,WE,Combined TRACON& Tower with Radar,93,43,15,14,165,0,12,53,11,76,93,55,68,25,241,14,16,30,271
01/08/2017,ABQ,NM,ASW,WE,Combined TRACON& Tower with Radar,123,23,16,2,164,0,2,46,1,49,123,25,62,3,213,20,0,20,233
01/09/2017,ABQ,NM,ASW,WE,Combined TRACON& Tower with Radar,133,44,22,3,202,0,8,41,22,71,133,52,63,25,273,18,18,36,309
01/10/2017,ABQ,NM,ASW,WE,Combined TRACON& Tower with Radar,127,58,28,19,232,0,12,48,58,118,127,70,76,77,350,32,46,78,428
01/11/2017,ABQ,NM,ASW,WE,Combined TRACON& Tower with Radar,129,53,42,7,231,0,15,56,53,124,129,68,98,60,355,28,36,64,419
01/12/2017,ABQ,NM,ASW,WE,Combined TRACON& Tower with Radar,147,59,41,22,269,0,14,55,55,124,147,73,96,77,393,16,28,44,437
01/13/2017,ABQ,NM,ASW,WE,Combined TRACON& Tower with Radar,135,64,50,12,261,0,10,42,15,67,135,74,92,27,328,6,10,16,344
01/14/2017,ABQ,NM,ASW,WE,Combined TRACON& Tower with Radar,89,38,18,3,148,0,1,28,4,33,89,39,46,7,181,48,2,50,231
01/15/2017,ABQ,NM,ASW,WE,Combined TRACON& Tower with Radar,120,24,11,0,155,0,0,0,0,0,120,24,11,0,155,2,0,2,157
01/16/2017,ABQ,NM,ASW,WE,Combined TRACON& Tower with Radar,124,64,20,5,213,0,6,11,2,19,124,70,31,7,232,48,2,50,282
01/17/2017,ABQ,NM,ASW,WE,Combined TRACON& Tower with Radar,130,82,32,12,256,0,8,43,69,120,130,90,75,81,376,22,34,56,432
01/18/2017,ABQ,NM,ASW,WE,Combined TRACON& Tower with Radar,132,69,41,9,251,0,20,27,60,107,132,89,68,69,358,16,28,44,402
01/19/2017,ABQ,NM,ASW,WE,Combined TRACON& Tower with Radar,143,53,32,16,244,0,17,55,62,134,143,70,87,78,378,42,44,86,464
01/20/2017,ABQ,NM,ASW,WE,Combined TRACON& Tower with Radar,129,59,29,15,232,0,4,13,23,40,129,63,42,38,272,0,2,2,274
01/21/2017,ABQ,NM,ASW,WE,Combined TRACON& Tower with Radar,96,36,18,1,151,0,0,6,5,11,96,36,24,6,162,18,0,18,180
01/22/2017,ABQ,NM,ASW,WE,Combined TRACON& Tower with Radar,118,34,27,3,182,0,5,53,4,62,118,39,80,7,244,78,2,80,324
01/23/2017,ABQ,NM,ASW,WE,Combined TRACON& Tower with Radar,132,50,29,13,224,0,10,29,66,105,132,60,58,79,329,7,64,71,400
01/24/2017,ABQ,NM,ASW,WE,Combined TRACON& Tower with Radar,126,46,16,7,195,0,11,11,42,64,126,57,27,49,259,6,18,24,283
01/25/2017,ABQ,NM,ASW,WE,Combined TRACON& Tower with Radar,134,66,35,12,247,0,14,47,70,131,134,80,82,82,378,4,24,28,406
01/26/2017,ABQ,NM,ASW,WE,Combined TRACON& Tower with Radar,136,62,39,26,263,0,15,53,33,101,136,77,92,59,364,12,22,34,398
01/27/2017,ABQ,NM,ASW,WE,Combined TRACON& Tower with Radar,131,58,46,8,243,0,20,72,24,116,131,78,118,32,359,26,0,26,385
01/28/2017,ABQ,NM,ASW,WE,Combined TRACON& Tower with Radar,88,26,16,13,143,0,4,56,7,67,88,30,72,20,210,28,6,34,244
01/29/2017,ABQ,NM,ASW,WE,Combined TRACON& Tower with Radar,116,25,22,7,170,0,5,69,3,77,116,30,91,10,247,12,2,14,261
01/30/2017,ABQ,NM,ASW,WE,Combined TRACON& Tower with Radar,129,48,30,11,218,0,11,54,12,77,129,59,84,23,295,6,12,18,313
01/31/2017,ABQ,NM,ASW,WE,Combined TRACON& Tower with Radar,124,54,42,2,222,0,17,51,49,117,124,71,93,51,339,22,32,54,393
02/01/2017,ABQ,NM,ASW,WE,Combined TRACON& Tower with Radar,131,53,38,16,238,0,12,77,32,121,131,65,115,48,359,46,16,62,421
02/02/2017,ABQ,NM,ASW,WE,Combined TRACON& Tower with Radar,141,62,47,14,264,0,14,60,57,131,141,76,107,71,395,16,8,24,419
02/03/2017,ABQ,NM,ASW,WE,Combined TRACON& Tower with Radar,129,65,46,50,290,0,16,57,48,121,129,81,103,98,411,14,74,88,499
02/04/2017,ABQ,NM,ASW,WE,Combined TRACON& Tower with Radar,91,36,29,6,162,0,5,69,8,82,91,41,98,14,244,34,0,34,278
02/05/2017,ABQ,NM,ASW,WE,Combined TRACON& Tower with Radar,105,45,15,1,166,0,5,57,3,65,105,50,72,4,231,84,0,84,315
02/06/2017,ABQ,NM,ASW,WE,Combined TRACON& Tower with Radar,128,43,23,22,216,0,8,41,50,99,128,51,64,72,315,4,10,14,329
02/07/2017,ABQ,NM,ASW,WE,Combined TRACON& Tower with Radar,135,61,40,16,252,0,16,51,56,123,135,77,91,72,375,8,4,12,387
02/08/2017,ABQ,NM,ASW,WE,Combined TRACON& Tower with Radar,136,57,43,17,253,0,19,43,20,82,136,76,86,37,335,4,10,14,349
02/09/2017,ABQ,NM,ASW,WE,Combined TRACON& Tower with Radar,134,53,38,11,236,0,24,63,52,139,134,77,101,63,375,20,38,58,433
02/10/2017,ABQ,NM,ASW,WE,Combined TRACON& Tower with Radar,130,51,55,22,258,0,26,69,30,125,130,77,124,52,383,46,12,58,441
02/11/2017,ABQ,NM,ASW,WE,Combined TRACON& Tower with Radar,87,32,32,9,160,0,6,74,20,100,87,38,106,29,260,70,16,86,346
02/12/2017,ABQ,NM,ASW,WE,Combined TRACON& Tower with Radar,117,27,18,7,169,0,5,2,0,7,117,32,20,7,176,0,0,0,176
02/13/2017,ABQ,NM,ASW,WE,Combined TRACON& Tower with Radar,128,53,32,10,223,0,2,8,13,23,128,55,40,23,246,18,22,40,286
02/14/2017,ABQ,NM,ASW,WE,Combined TRACON& Tower with Radar,121,70,31,9,231,0,11,28,42,81,121,81,59,51,312,6,12,18,330
02/15/2017,ABQ,NM,ASW,WE,Combined TRACON& Tower with Radar,131,41,41,11,224,0,16,62,69,147,131,57,103,80,371,4,14,18,389
02/16/2017,ABQ,NM,ASW,WE,Combined TRACON& Tower with Radar,136,55,37,54,282,0,19,64,50,133,136,74,101,104,415,0,44,44,459
02/17/2017,ABQ,NM,ASW,WE,Combined TRACON& Tower with Radar,129,65,47,19,260,0,22,65,52,139,129,87,112,71,399,40,38,78,477
02/18/2017,ABQ,NM,ASW,WE,Combined TRACON& Tower with Radar,92,29,42,4,167,0,6,67,10,83,92,35,109,14,250,30,0,30,280
02/19/2017,ABQ,NM,ASW,WE,Combined TRACON& Tower with Radar,120,29,14,3,166,0,5,15,3,23,120,34,29,6,189,0,0,0,189
02/20/2017,ABQ,NM,ASW,WE,Combined TRACON& Tower with Radar,125,40,34,2,201,0,12,46,7,65,125,52,80,9,266,10,0,10,276
02/21/2017,ABQ,NM,ASW,WE,Combined TRACON& Tower with Radar,134,66,31,51,282,0,26,46,95,167,134,92,77,146,449,4,52,56,505
02/22/2017,ABQ,NM,ASW,WE,Combined TRACON& Tower with Radar,139,57,40,13,249,0,20,58,44,122,139,77,98,57,371,12,2,14,385
02/23/2017,ABQ,NM,ASW,WE,Combined TRACON& Tower with Radar,139,55,38,22,254,0,21,19,54,94,139,76,57,76,348,2,60,62,410
02/24/2017,ABQ,NM,ASW,WE,Combined TRACON& Tower with Radar,132,51,47,16,246,0,20,25,95,140,132,71,72,111,386,0,68,68,454
02/25/2017,ABQ,NM,ASW,WE,Combined TRACON& Tower with Radar,89,41,31,9,170,0,15,83,15,113,89,56,114,24,283,0,0,0,283
02/26/2017,ABQ,NM,ASW,WE,Combined TRACON& Tower with Radar,123,26,25,6,180,0,1,31,4,36,123,27,56,10,216,18,0,18,234
02/27/2017,ABQ,NM,ASW,WE,Combined TRACON& Tower with Radar,126,57,38,7,228,0,9,44,17,70,126,66,82,24,298,18,0,18,316
02/28/2017,ABQ,NM,ASW,WE,Combined TRACON& Tower with Radar,132,63,29,6,230,0,11,11,34,56,132,74,40,40,286,2,0,2,288
03/01/2017,ABQ,NM,ASW,WE,Combined TRACON& Tower with Radar,133,56,49,8,246,0,19,65,74,158,133,75,114,82,404,10,8,18,422
03/02/2017,ABQ,NM,ASW,WE,Combined TRACON& Tower with Radar,138,48,38,33,257,0,29,57,51,137,138,77,95,84,394,30,42,72,466
03/03/2017,ABQ,NM,ASW,WE,Combined TRACON& Tower with Radar,133,57,42,34,266,0,27,101,66,194,133,84,143,100,460,20,38,58,518
03/04/2017,ABQ,NM,ASW,WE,Combined TRACON& Tower with Radar,94,31,30,8,163,0,10,41,28,79,94,41,71,36,242,34,34,68,310
03/05/2017,ABQ,NM,ASW,WE,Combined TRACON& Tower with Radar,120,22,17,12,171,0,5,35,10,50,120,27,52,22,221,20,6,26,247
03/06/2017,ABQ,NM,ASW,WE,Combined TRACON& Tower with Radar,133,55,37,10,235,0,21,30,114,165,133,76,67,124,400,4,34,38,438
03/07/2017,ABQ,NM,ASW,WE,Combined TRACON& Tower with Radar,129,51,53,19,252,0,23,61,129,213,129,74,114,148,465,18,40,58,523
03/08/2017,ABQ,NM,ASW,WE,Combined TRACON& Tower with Radar,134,55,50,20,259,0,23,61,120,204,134,78,111,140,463,14,20,34,497
03/09/2017,ABQ,NM,ASW,WE,Combined TRACON& Tower with Radar,143,51,36,11,241,0,23,46,126,195,143,74,82,137,436,14,44,58,494
03/10/2017,ABQ,NM,ASW,WE,Combined TRACON& Tower with Radar,128,45,33,36,242,0,21,81,56,158,128,66,114,92,400,10,8,18,418
03/11/2017,ABQ,NM,ASW,WE,Combined TRACON& Tower with Radar,107,30,31,17,185,0,5,58,42,105,107,35,89,59,290,16,4,20,310
03/12/2017,ABQ,NM,ASW,WE,Combined TRACON& Tower with Radar,128,29,33,7,197,0,2,48,103,153,128,31,81,110,350,26,0,26,376
03/13/2017,ABQ,NM,ASW,WE,Combined TRACON& Tower with Radar,125,38,41,13,217,0,13,59,57,129,125,51,100,70,346,12,42,54,400
03/14/2017,ABQ,NM,ASW,WE,Combined TRACON& Tower with Radar,126,42,46,34,248,0,24,42,48,114,126,66,88,82,362,4,36,40,402
03/15/2017,ABQ,NM,ASW,WE,Combined TRACON& Tower with Radar,136,47,37,16,236,0,24,51,61,136,136,71,88,77,372,8,46,54,426
03/16/2017,ABQ,NM,ASW,WE,Combined TRACON& Tower with Radar,142,52,36,16,246,0,22,53,56,131,142,74,89,72,377,20,38,58,435
03/17/2017,ABQ,NM,ASW,WE,Combined TRACON& Tower with Radar,131,43,36,8,218,0,27,71,13,111,131,70,107,21,329,26,0,26,355
03/18/2017,ABQ,NM,ASW,WE,Combined TRACON& Tower with Radar,104,32,31,0,167,0,9,68,7,84,104,41,99,7,251,0,0,0,251
03/19/2017,ABQ,NM,ASW,WE,Combined TRACON& Tower with Radar,134,27,23,3,187,0,5,62,4,71,134,32,85,7,258,0,0,0,258
03/20/2017,ABQ,NM,ASW,WE,Combined TRACON& Tower with Radar,131,38,31,48,248,0,13,56,42,111,131,51,87,90,359,22,82,104,463
03/21/2017,ABQ,NM,ASW,WE,Combined TRACON& Tower with Radar,134,44,22,20,220,0,15,52,47,114,134,59,74,67,334,12,22,34,368
03/22/2017,ABQ,NM,ASW,WE,Combined TRACON& Tower with Radar,140,34,44,9,227,0,17,51,70,138,140,51,95,79,365,16,26,42,407
03/23/2017,ABQ,NM,ASW,WE,Combined TRACON& Tower with Radar,143,47,24,15,229,0,18,14,25,57,143,65,38,40,286,8,2,10,296
03/24/2017,ABQ,NM,ASW,WE,Combined TRACON& Tower with Radar,134,58,48,54,294,0,17,18,29,64,134,75,66,83,358,6,48,54,412
03/25/2017,ABQ,NM,ASW,WE,Combined TRACON& Tower with Radar,109,32,31,1,173,0,7,56,8,71,109,39,87,9,244,42,0,42,286
03/26/2017,ABQ,NM,ASW,WE,Combined TRACON& Tower with Radar,132,31,39,4,206,0,2,51,7,60,132,33,90,11,266,24,0,24,290
03/27/2017,ABQ,NM,ASW,WE,Combined TRACON& Tower with Radar,140,44,39,5,228,0,18,50,13,81,140,62,89,18,309,22,14,36,345
03/28/2017,ABQ,NM,ASW,WE,Combined TRACON& Tower with Radar,132,54,28,15,229,0,8,11,39,58,132,62,39,54,287,10,0,10,297
03/29/2017,ABQ,NM,ASW,WE,Combined TRACON& Tower with Radar,142,53,36,6,237,1,9,43,33,86,143,62,79,39,323,20,2,22,345
03/30/2017,ABQ,NM,ASW,WE,Combined TRACON& Tower with Radar,139,52,18,9,218,0,16,69,46,131,139,68,87,55,349,14,26,40,389
03/31/2017,ABQ,NM,ASW,WE,Combined TRACON& Tower with Radar,137,62,33,17,249,0,13,15,27,55,137,75,48,44,304,0,0,0,304
04/01/2017,ABQ,NM,ASW,WE,Combined TRACON& Tower with Radar,109,33,19,1,162,0,2,14,0,16,109,35,33,1,178,0,0,0,178
04/02/2017,ABQ,NM,ASW,WE,Combined TRACON& Tower with Radar,131,32,20,4,187,0,5,41,6,52,131,37,61,10,239,14,0,14,253
04/03/2017,ABQ,NM,ASW,WE,Combined TRACON& Tower with Radar,130,46,36,10,222,0,8,29,39,76,130,54,65,49,298,18,0,18,316
04/04/2017,ABQ,NM,ASW,WE,Combined TRACON& Tower with Radar,137,53,31,10,231,0,17,10,37,64,137,70,41,47,295,4,22,26,321
04/05/2017,ABQ,NM,ASW,WE,Combined TRACON& Tower with Radar,137,47,28,8,220,0,21,68,68,157,137,68,96,76,377,8,2,10,387
04/06/2017,ABQ,NM,ASW,WE,Combined TRACON& Tower with Radar,143,39,28,11,221,0,28,69,53,150,143,67,97,64,371,4,4,8,379
04/07/2017,ABQ,NM,ASW,WE,Combined TRACON& Tower with Radar,140,37,25,16,218,0,21,74,40,135,140,58,99,56,353,0,0,0,353
04/08/2017,ABQ,NM,ASW,WE,Combined TRACON& Tower with Radar,110,34,24,2,170,0,5,50,0,55,110,39,74,2,225,24,6,30,255
04/09/2017,ABQ,NM,ASW,WE,Combined TRACON& Tower with Radar,143,29,25,10,207,0,4,26,13,43,143,33,51,23,250,6,12,18,268
04/10/2017,ABQ,NM,ASW,WE,Combined TRACON& Tower with Radar,132,49,33,14,228,0,10,62,32,104,132,59,95,46,332,6,4,10,342
04/11/2017,ABQ,NM,ASW,WE,Combined TRACON& Tower with Radar,138,49,40,14,241,0,24,50,44,118,138,73,90,58,359,20,4,24,383
04/12/2017,ABQ,NM,ASW,WE,Combined TRACON& Tower with Radar,150,47,35,10,242,0,15,33,57,105,150,62,68,67,347,6,2,8,355
04/13/2017,ABQ,NM,ASW,WE,Combined TRACON& Tower with Radar,151,47,34,24,256,0,24,51,44,119,151,71,85,68,375,10,40,50,425
04/14/2017,ABQ,NM,ASW,WE,Combined TRACON& Tower with Radar,136,56,26,19,237,0,22,62,39,123,136,78,88,58,360,24,22,46,406
04/15/2017,ABQ,NM,ASW,WE,Combined TRACON& Tower with Radar,106,38,12,0,156,0,12,44,0,56,106,50,56,0,212,36,0,36,248
04/16/2017,ABQ,NM,ASW,WE,Combined TRACON& Tower with Radar,137,21,13,0,171,0,7,35,1,43,137,28,48,1,214,42,0,42,256
04/17/2017,ABQ,NM,ASW,WE,Combined TRACON& Tower with Radar,124,46,21,11,202,0,21,50,44,115,124,67,71,55,317,2,14,16,333
04/18/2017,ABQ,NM,ASW,WE,Combined TRACON& Tower with Radar,146,63,26,10,245,0,16,57,42,115,146,79,83,52,360,0,26,26,386
04/19/2017,ABQ,NM,ASW,WE,Combined TRACON& Tower with Radar,145,51,28,14,238,0,27,52,45,124,145,78,80,59,362,0,46,46,408
04/20/2017,ABQ,NM,ASW,WE,Combined TRACON& Tower with Radar,149,54,32,16,251,0,24,29,44,97,149,78,61,60,348,4,0,4,352
04/21/2017,ABQ,NM,ASW,WE,Combined TRACON& Tower with Radar,134,44,42,26,246,0,22,55,30,107,134,66,97,56,353,8,30,38,391
04/22/2017,ABQ,NM,ASW,WE,Combined TRACON& Tower with Radar,113,26,32,2,173,0,11,40,14,65,113,37,72,16,238,44,0,44,282
04/23/2017,ABQ,NM,ASW,WE,Combined TRACON& Tower with Radar,135,23,28,4,190,0,7,36,0,43,135,30,64,4,233,20,0,20,253
04/24/2017,ABQ,NM,ASW,WE,Combined TRACON& Tower with Radar,133,44,14,11,202,0,9,33,12,54,133,53,47,23,256,28,30,58,314
04/25/2017,ABQ,NM,ASW,WE,Combined TRACON& Tower with Radar,151,63,42,15,271,0,11,9,34,54,151,74,51,49,325,4,6,10,335
04/26/2017,ABQ,NM,ASW,WE,Combined TRACON& Tower with Radar,147,55,39,9,250,0,22,54,51,127,147,77,93,60,377,12,18,30,407
04/27/2017,ABQ,NM,ASW,WE,Combined TRACON& Tower with Radar,149,56,34,18,257,0,19,17,44,80,149,75,51,62,337,8,22,30,367
04/28/2017,ABQ,NM,ASW,WE,Combined TRACON& Tower with Radar,143,53,27,6,229,0,12,14,24,50,143,65,41,30,279,0,10,10,289
04/29/2017,ABQ,NM,ASW,WE,Combined TRACON& Tower with Radar,111,41,15,4,171,0,2,5,1,8,111,43,20,5,179,24,0,24,203
04/30/2017,ABQ,NM,ASW,WE,Combined TRACON& Tower with Radar,142,25,23,14,204,0,4,31,9,44,142,29,54,23,248,36,12,48,296
05/01/2017,ABQ,NM,ASW,WE,Combined TRACON& Tower with Radar,143,49,38,18,248,0,19,58,27,104,143,68,96,45,352,16,30,46,398
05/02/2017,ABQ,NM,ASW,WE,Combined TRACON& Tower with Radar,144,52,28,7,231,0,21,65,53,139,144,73,93,60,370,14,30,44,414
05/03/2017,ABQ,NM,ASW,WE,Combined TRACON& Tower with Radar,149,48,34,23,254,0,29,62,50,141,149,77,96,73,395,10,42,52,447
05/04/2017,ABQ,NM,ASW,WE,Combined TRACON& Tower with Radar,158,48,43,12,261,0,25,60,27,112,158,73,103,39,373,8,14,22,395
05/05/2017,ABQ,NM,ASW,WE,Combined TRACON& Tower with Radar,141,48,43,58,290,0,24,72,75,171,141,72,115,133,461,42,70,112,573
05/06/2017,ABQ,NM,ASW,WE,Combined TRACON& Tower with Radar,107,30,21,26,184,0,7,60,18,85,107,37,81,44,269,72,38,110,379
05/07/2017,ABQ,NM,ASW,WE,Combined TRACON& Tower with Radar,144,31,37,17,229,0,5,38,7,50,144,36,75,24,279,38,2,40,319
05/08/2017,ABQ,NM,ASW,WE,Combined TRACON& Tower with Radar,145,38,32,6,221,0,10,34,54,98,145,48,66,60,319,26,28,54,373
05/09/2017,ABQ,NM,ASW,WE,Combined TRACON& Tower with Radar,152,55,30,10,247,0,14,15,43,72,152,69,45,53,319,2,12,14,333
05/10/2017,ABQ,NM,ASW,WE,Combined TRACON& Tower with Radar,151,56,35,7,249,0,12,34,42,88,151,68,69,49,337,10,10,20,357
05/11/2017,ABQ,NM,ASW,WE,Combined TRACON& Tower with Radar,158,59,33,24,274,0,27,66,68,161,158,86,99,92,435,36,46,82,517
05/12/2017,ABQ,NM,ASW,WE,Combined TRACON& Tower with Radar,147,54,35,24,260,0,28,72,48,148,147,82,107,72,408,44,36,80,488
05/13/2017,ABQ,NM,ASW,WE,Combined TRACON& Tower with Radar,107,25,17,0,149,0,13,52,2,67,107,38,69,2,216,0,0,0,216
05/14/2017,ABQ,NM,ASW,WE,Combined TRACON& Tower with Radar,142,31,18,0,191,0,5,33,1,39,142,36,51,1,230,12,0,12,242
05/15/2017,ABQ,NM,ASW,WE,Combined TRACON& Tower with Radar,141,57,23,19,240,0,14,53,40,107,141,71,76,59,347,36,14,50,397
05/16/2017,ABQ,NM,ASW,WE,Combined TRACON& Tower with Radar,147,60,32,8,247,0,18,55,47,120,147,78,87,55,367,20,12,32,399
05/17/2017,ABQ,NM,ASW,WE,Combined TRACON& Tower with Radar,155,50,25,22,252,0,18,54,60,132,155,68,79,82,384,12,28,40,424
05/18/2017,ABQ,NM,ASW,WE,Combined TRACON& Tower with Radar,155,62,35,18,270,0,19,38,41,98,155,81,73,59,368,10,42,52,420
05/19/2017,ABQ,NM,ASW,WE,Combined TRACON& Tower with Radar,142,58,46,36,282,0,22,57,44,123,142,80,103,80,405,18,40,58,463
05/20/2017,ABQ,NM,ASW,WE,Combined TRACON& Tower with Radar,114,22,22,12,170,0,17,64,15,96,114,39,86,27,266,0,0,0,266
05/21/2017,ABQ,NM,ASW,WE,Combined TRACON& Tower with Radar,144,35,23,22,224,0,5,49,12,66,144,40,72,34,290,48,16,64,354
05/22/2017,ABQ,NM,ASW,WE,Combined TRACON& Tower with Radar,146,45,28,11,230,0,14,51,35,100,146,59,79,46,330,66,22,88,418
05/23/2017,ABQ,NM,ASW,WE,Combined TRACON& Tower with Radar,144,53,35,25,257,0,21,46,52,119,144,74,81,77,376,58,50,108,484
05/24/2017,ABQ,NM,ASW,WE,Combined TRACON& Tower with Radar,151,43,55,7,256,0,25,50,50,125,151,68,105,57,381,16,42,58,439
05/25/2017,ABQ,NM,ASW,WE,Combined TRACON& Tower with Radar,150,55,25,4,234,0,26,27,22,75,150,81,52,26,309,10,2,12,321
05/26/2017,ABQ,NM,ASW,WE,Combined TRACON& Tower with Radar,157,53,39,2,251,0,24,40,13,77,157,77,79,15,328,10,4,14,342
05/27/2017,ABQ,NM,ASW,WE,Combined TRACON& Tower with Radar,109,19,19,1,148,0,13,39,0,52,109,32,58,1,200,24,0,24,224
05/28/2017,ABQ,NM,ASW,WE,Combined TRACON& Tower with Radar,106,33,17,0,156,0,5,40,0,45,106,38,57,0,201,46,0,46,247
05/29/2017,ABQ,NM,ASW,WE,Combined TRACON& Tower with Radar,128,25,26,0,179,0,5,45,0,50,128,30,71,0,229,36,0,36,265
05/30/2017,ABQ,NM,ASW,WE,Combined TRACON& Tower with Radar,145,44,29,6,224,0,16,31,46,93,145,60,60,52,317,28,14,42,359
05/31/2017,ABQ,NM,ASW,WE,Combined TRACON& Tower with Radar,155,48,34,20,257,0,17,34,34,85,155,65,68,54,342,30,16,46,388
06/01/2017,ABQ,NM,ASW,WE,Combined TRACON& Tower with Radar,152,49,39,24,264,0,21,38,20,79,152,70,77,44,343,36,12,48,391
06/02/2017,ABQ,NM,ASW,WE,Combined TRACON& Tower with Radar,143,51,34,12,240,0,20,54,22,96,143,71,88,34,336,18,4,22,358
06/03/2017,ABQ,NM,ASW,WE,Combined TRACON& Tower with Radar,115,34,25,9,183,0,13,61,25,99,115,47,86,34,282,60,18,78,360
06/04/2017,ABQ,NM,ASW,WE,Combined TRACON& Tower with Radar,142,26,25,7,200,0,11,60,4,75,142,37,85,11,275,18,0,18,293
06/05/2017,ABQ,NM,ASW,WE,Combined TRACON& Tower with Radar,142,47,36,7,232,0,15,42,4,61,142,62,78,11,293,0,0,0,293
06/06/2017,ABQ,NM,ASW,WE,Combined TRACON& Tower with Radar,151,56,31,20,258,0,23,49,37,109,151,79,80,57,367,8,12,20,387
06/07/2017,ABQ,NM,ASW,WE,Combined TRACON& Tower with Radar,146,58,27,5,236,0,21,52,51,124,146,79,79,56,360,4,12,16,376
06/08/2017,ABQ,NM,ASW,WE,Combined TRACON& Tower with Radar,156,47,30,14,247,0,22,60,42,124,156,69,90,56,371,22,28,50,421
06/09/2017,ABQ,NM,ASW,WE,Combined TRACON& Tower with Radar,151,49,34,19,253,0,22,69,43,134,151,71,103,62,387,2,4,6,393
06/10/2017,ABQ,NM,ASW,WE,Combined TRACON& Tower with Radar,115,36,34,15,200,0,8,51,8,67,115,44,85,23,267,32,2,34,301
06/11/2017,ABQ,NM,ASW,WE,Combined TRACON& Tower with Radar,151,27,20,4,202,0,17,43,5,65,151,44,63,9,267,20,0,20,287
06/12/2017,ABQ,NM,ASW,WE,Combined TRACON& Tower with Radar,152,43,37,7,239,0,19,35,36,90,152,62,72,43,329,24,4,28,357
06/13/2017,ABQ,NM,ASW,WE,Combined TRACON& Tower with Radar,158,49,35,7,249,0,27,59,43,129,158,76,94,50,378,36,4,40,418
06/14/2017,ABQ,NM,ASW,WE,Combined TRACON& Tower with Radar,153,50,42,18,263,0,24,48,55,127,153,74,90,73,390,28,30,58,448
06/15/2017,ABQ,NM,ASW,WE,Combined TRACON& Tower with Radar,164,63,24,19,270,0,21,107,47,175,164,84,131,66,445,28,4,32,477
06/16/2017,ABQ,NM,ASW,WE,Combined TRACON& Tower with Radar,155,44,28,15,242,0,27,92,18,137,155,71,120,33,379,44,0,44,423
06/17/2017,ABQ,NM,ASW,WE,Combined TRACON& Tower with Radar,122,39,21,4,186,0,11,108,18,137,122,50,129,22,323,30,2,32,355
06/18/2017,ABQ,NM,ASW,WE,Combined TRACON& Tower with Radar,152,15,8,3,178,0,9,48,6,63,152,24,56,9,241,6,0,6,247
06/19/2017,ABQ,NM,ASW,WE,Combined TRACON& Tower with Radar,143,52,35,3,233,0,16,54,23,93,143,68,89,26,326,40,0,40,366
06/20/2017,ABQ,NM,ASW,WE,Combined TRACON& Tower with Radar,162,55,38,1,256,0,24,61,30,115,162,79,99,31,371,34,8,42,413
06/21/2017,ABQ,NM,ASW,WE,Combined TRACON& Tower with Radar,158,51,26,23,258,0,18,79,48,145,158,69,105,71,403,34,48,82,485
06/22/2017,ABQ,NM,ASW,WE,Combined TRACON& Tower with Radar,164,57,37,6,264,0,17,63,47,127,164,74,100,53,391,16,34,50,441
06/23/2017,ABQ,NM,ASW,WE,Combined TRACON& Tower with Radar,154,53,46,18,271,0,26,58,50,134,154,79,104,68,405,12,32,44,449
06/24/2017,ABQ,NM,ASW,WE,Combined TRACON& Tower with Radar,121,45,22,8,196,0,18,48,4,70,121,63,70,12,266,32,2,34,300
06/25/2017,ABQ,NM,ASW,WE,Combined TRACON& Tower with Radar,160,29,24,0,213,0,4,44,2,50,160,33,68,2,263,18,0,18,281
06/26/2017,ABQ,NM,ASW,WE,Combined TRACON& Tower with Radar,149,43,21,9,222,0,14,28,7,49,149,57,49,16,271,18,0,18,289
06/27/2017,ABQ,NM,ASW,WE,Combined TRACON& Tower with Radar,162,44,27,18,251,0,25,42,34,101,162,69,69,52,352,2,18,20,372
06/28/2017,ABQ,NM,ASW,WE,Combined TRACON& Tower with Radar,157,41,36,2,236,0,20,44,47,111,157,61,80,49,347,6,6,12,359
06/29/2017,ABQ,NM,ASW,WE,Combined TRACON& Tower with Radar,163,48,21,6,238,0,27,44,40,111,163,75,65,46,349,12,2,14,363
06/30/2017,ABQ,NM,ASW,WE,Combined TRACON& Tower with Radar,154,49,40,5,248,0,28,49,41,118,154,77,89,46,366,2,8,10,376
07/01/2017,ABQ,NM,ASW,WE,Combined TRACON& Tower with Radar,133,36,31,0,200,0,5,34,0,39,133,41,65,0,239,22,0,22,261
07/02/2017,ABQ,NM,ASW,WE,Combined TRACON& Tower with Radar,144,26,18,0,188,0,14,26,0,40,144,40,44,0,228,22,0,22,250
07/03/2017,ABQ,NM,ASW,WE,Combined TRACON& Tower with Radar,139,47,15,5,206,0,15,42,7,64,139,62,57,12,270,6,8,14,284
07/04/2017,ABQ,NM,ASW,WE,Combined TRACON& Tower with Radar,117,27,17,0,161,0,4,48,0,52,117,31,65,0,213,20,0,20,233
07/05/2017,ABQ,NM,ASW,WE,Combined TRACON& Tower with Radar,155,45,20,19,239,0,27,40,34,101,155,72,60,53,340,16,14,30,370
07/06/2017,ABQ,NM,ASW,WE,Combined TRACON& Tower with Radar,169,41,26,16,252,0,23,70,36,129,169,64,96,52,381,28,34,62,443
07/07/2017,ABQ,NM,ASW,WE,Combined TRACON& Tower with Radar,149,34,34,21,238,0,20,47,44,111,149,54,81,65,349,14,42,56,405
07/08/2017,ABQ,NM,ASW,WE,Combined TRACON& Tower with Radar,132,37,14,12,195,0,11,36,25,72,132,48,50,37,267,28,26,54,321
07/09/2017,ABQ,NM,ASW,WE,Combined TRACON& Tower with Radar,155,22,27,5,209,0,9,37,15,61,155,31,64,20,270,22,0,22,292
07/10/2017,ABQ,NM,ASW,WE,Combined TRACON& Tower with Radar,150,40,30,13,233,0,11,73,41,125,150,51,103,54,358,18,14,32,390
07/11/2017,ABQ,NM,ASW,WE,Combined TRACON& Tower with Radar,161,41,28,9,239,0,27,42,32,101,161,68,70,41,340,26,2,28,368
07/12/2017,ABQ,NM,ASW,WE,Combined TRACON& Tower with Radar,160,43,33,4,240,0,22,52,33,107,160,65,85,37,347,10,16,26,373
07/13/2017,ABQ,NM,ASW,WE,Combined TRACON& Tower with Radar,169,51,27,7,254,0,18,39,45,102,169,69,66,52,356,2,12,14,370
07/14/2017,ABQ,NM,ASW,WE,Combined TRACON& Tower with Radar,156,51,35,4,246,0,30,50,8,88,156,81,85,12,334,20,2,22,356
07/15/2017,ABQ,NM,ASW,WE,Combined TRACON& Tower with Radar,131,33,12,0,176,0,7,48,5,60,131,40,60,5,236,56,0,56,292
07/16/2017,ABQ,NM,ASW,WE,Combined TRACON& Tower with Radar,159,18,24,4,205,0,4,41,2,47,159,22,65,6,252,68,0,68,320
07/17/2017,ABQ,NM,ASW,WE,Combined TRACON& Tower with Radar,159,44,33,10,246,0,14,35,46,95,159,58,68,56,341,8,42,50,391
07/18/2017,ABQ,NM,ASW,WE,Combined TRACON& Tower with Radar,158,50,24,18,250,0,25,58,48,131,158,75,82,66,381,16,42,58,439
07/19/2017,ABQ,NM,ASW,WE,Combined TRACON& Tower with Radar,162,55,34,10,261,0,24,40,45,109,162,79,74,55,370,20,28,48,418
07/20/2017,ABQ,NM,ASW,WE,Combined TRACON& Tower with Radar,161,57,31,6,255,0,34,60,45,139,161,91,91,51,394,56,16,72,466
07/21/2017,ABQ,NM,ASW,WE,Combined TRACON& Tower with Radar,152,41,33,11,237,0,22,58,31,111,152,63,91,42,348,8,32,40,388
07/22/2017,ABQ,NM,ASW,WE,Combined TRACON& Tower with Radar,131,24,19,7,181,0,11,65,4,80,131,35,84,11,261,0,0,0,261
07/23/2017,ABQ,NM,ASW,WE,Combined TRACON& Tower with Radar,156,36,34,3,229,0,18,33,2,53,156,54,67,5,282,0,0,0,282
07/24/2017,ABQ,NM,ASW,WE,Combined TRACON& Tower with Radar,154,45,34,7,240,0,18,35,15,68,154,63,69,22,308,12,4,16,324
07/25/2017,ABQ,NM,ASW,WE,Combined TRACON& Tower with Radar,158,54,34,7,253,0,36,57,29,122,158,90,91,36,375,2,4,6,381
07/26/2017,ABQ,NM,ASW,WE,Combined TRACON& Tower with Radar,162,47,19,8,236,0,25,49,38,112,162,72,68,46,348,0,16,16,364
07/27/2017,ABQ,NM,ASW,WE,Combined TRACON& Tower with Radar,166,44,27,11,248,0,23,33,29,85,166,67,60,40,333,34,12,46,379
07/28/2017,ABQ,NM,ASW,WE,Combined TRACON& Tower with Radar,160,47,44,7,258,0,19,58,41,118,160,66,102,48,376,14,34,48,424
07/29/2017,ABQ,NM,ASW,WE,Combined TRACON& Tower with Radar,130,27,13,1,171,0,15,47,3,65,130,42,60,4,236,46,0,46,282
07/30/2017,ABQ,NM,ASW,WE,Combined TRACON& Tower with Radar,157,31,27,2,217,0,8,40,0,48,157,39,67,2,265,29,0,29,294
07/31/2017,ABQ,NM,ASW,WE,Combined TRACON& Tower with Radar,151,70,28,6,255,0,20,29,7,56,151,90,57,13,311,10,16,26,337
08/01/2017,ABQ,NM,ASW,WE,Combined TRACON& Tower with Radar,158,48,27,9,242,0,30,42,32,104,158,78,69,41,346,38,24,62,408
08/02/2017,ABQ,NM,ASW,WE,Combined TRACON& Tower with Radar,157,44,24,16,241,0,29,45,44,118,157,73,69,60,359,74,54,128,487
08/03/2017,ABQ,NM,ASW,WE,Combined TRACON& Tower with Radar,163,47,39,9,258,0,48,64,41,153,163,95,103,50,411,10,32,42,453
08/04/2017,ABQ,NM,ASW,WE,Combined TRACON& Tower with Radar,172,46,39,17,274,0,16,47,44,107,172,62,86,61,381,4,14,18,399
08/05/2017,ABQ,NM,ASW,WE,Combined TRACON& Tower with Radar,135,38,22,8,203,0,16,49,20,85,135,54,71,28,288,46,18,64,352
08/06/2017,ABQ,NM,ASW,WE,Combined TRACON& Tower with Radar,157,35,27,14,233,0,10,68,16,94,157,45,95,30,327,54,10,64,391
08/07/2017,ABQ,NM,ASW,WE,Combined TRACON& Tower with Radar,149,60,32,27,268,0,15,41,61,117,149,75,73,88,385,0,18,18,403
08/08/2017,ABQ,NM,ASW,WE,Combined TRACON& Tower with Radar,158,58,28,13,257,0,30,58,47,135,158,88,86,60,392,40,30,70,462
08/09/2017,ABQ,NM,ASW,WE,Combined TRACON& Tower with Radar,162,43,37,18,260,0,38,54,57,149,162,81,91,75,409,12,30,42,451
08/10/2017,ABQ,NM,ASW,WE,Combined TRACON& Tower with Radar,170,45,32,12,259,0,25,56,49,130,170,70,88,61,389,4,18,22,411
08/11/2017,ABQ,NM,ASW,WE,Combined TRACON& Tower with Radar,157,47,19,10,233,0,28,40,30,98,157,75,59,40,331,22,26,48,379
08/12/2017,ABQ,NM,ASW,WE,Combined TRACON& Tower with Radar,133,45,30,2,210,0,11,33,0,44,133,56,63,2,254,70,4,74,328
08/13/2017,ABQ,NM,ASW,WE,Combined TRACON& Tower with Radar,151,20,20,13,204,0,5,53,6,64,151,25,73,19,268,26,2,28,296
08/14/2017,ABQ,NM,ASW,WE,Combined TRACON& Tower with Radar,147,39,34,9,229,0,28,41,30,99,147,67,75,39,328,10,16,26,354
08/15/2017,ABQ,NM,ASW,WE,Combined TRACON& Tower with Radar,161,52,39,21,273,0,36,39,31,106,161,88,78,52,379,6,12,18,397
08/16/2017,ABQ,NM,ASW,WE,Combined TRACON& Tower with Radar,158,49,49,7,263,0,36,52,50,138,158,85,101,57,401,16,42,58,459
08/17/2017,ABQ,NM,ASW,WE,Combined TRACON& Tower with Radar,163,48,27,1,239,0,36,65,47,148,163,84,92,48,387,32,32,64,451
08/18/2017,ABQ,NM,ASW,WE,Combined TRACON& Tower with Radar,157,41,21,36,255,0,37,74,50,161,157,78,95,86,416,60,66,126,542
08/19/2017,ABQ,NM,ASW,WE,Combined TRACON& Tower with Radar,123,26,28,2,179,0,29,68,19,116,123,55,96,21,295,58,2,60,355
08/20/2017,ABQ,NM,ASW,WE,Combined TRACON& Tower with Radar,157,22,21,6,206,0,3,41,8,52,157,25,62,14,258,30,0,30,288
08/21/2017,ABQ,NM,ASW,WE,Combined TRACON& Tower with Radar,152,52,28,18,250,0,16,13,20,49,152,68,41,38,299,14,32,46,345
08/22/2017,ABQ,NM,ASW,WE,Combined TRACON& Tower with Radar,163,49,28,8,248,0,37,45,40,122,163,86,73,48,370,46,24,70,440
08/23/2017,ABQ,NM,ASW,WE,Combined TRACON& Tower with Radar,161,57,24,6,248,0,30,29,46,105,161,87,53,52,353,22,10,32,385
08/24/2017,ABQ,NM,ASW,WE,Combined TRACON& Tower with Radar,167,70,43,26,306,0,22,56,46,124,167,92,99,72,430,10,32,42,472
08/25/2017,ABQ,NM,ASW,WE,Combined TRACON& Tower with Radar,157,44,40,23,264,0,22,52,50,124,157,66,92,73,388,40,132,172,560
08/26/2017,ABQ,NM,ASW,WE,Combined TRACON& Tower with Radar,120,29,21,1,171,0,7,49,11,67,120,36,70,12,238,0,0,0,238
08/27/2017,ABQ,NM,ASW,WE,Combined TRACON& Tower with Radar,138,30,24,14,206,0,19,48,1,68,138,49,72,15,274,62,16,78,352
08/28/2017,ABQ,NM,ASW,WE,Combined TRACON& Tower with Radar,137,47,20,11,215,0,17,44,21,82,137,64,64,32,297,10,10,20,317
08/29/2017,ABQ,NM,ASW,WE,Combined TRACON& Tower with Radar,147,49,34,18,248,0,45,50,40,135,147,94,84,58,383,8,42,50,433
08/30/2017,ABQ,NM,ASW,WE,Combined TRACON& Tower with Radar,148,50,40,23,261,0,24,47,68,139,148,74,87,91,400,32,60,92,492
08/31/2017,ABQ,NM,ASW,WE,Combined TRACON& Tower with Radar,150,50,32,14,246,0,37,58,41,136,150,87,90,55,382,38,24,62,444
09/01/2017,ABQ,NM,ASW,WE,Combined TRACON& Tower with Radar,149,54,37,1,241,0,45,52,6,103,149,99,89,7,344,30,0,30,374
09/02/2017,ABQ,NM,ASW,WE,Combined TRACON& Tower with Radar,118,34,24,0,176,0,8,47,11,66,118,42,71,11,242,20,0,20,262
09/03/2017,ABQ,NM,ASW,WE,Combined TRACON& Tower with Radar,117,23,14,0,154,0,6,35,1,42,117,29,49,1,196,22,0,22,218
09/04/2017,ABQ,NM,ASW,WE,Combined TRACON& Tower with Radar,141,24,25,1,191,0,4,53,1,58,141,28,78,2,249,10,0,10,259
09/05/2017,ABQ,NM,ASW,WE,Combined TRACON& Tower with Radar,147,48,25,9,229,0,26,19,31,76,147,74,44,40,305,6,28,34,339
09/06/2017,ABQ,NM,ASW,WE,Combined TRACON& Tower with Radar,155,52,36,5,248,0,38,33,38,109,155,90,69,43,357,14,18,32,389
09/07/2017,ABQ,NM,ASW,WE,Combined TRACON& Tower with Radar,168,49,22,10,249,0,42,31,51,124,168,91,53,61,373,4,34,38,411
09/08/2017,ABQ,NM,ASW,WE,Combined TRACON& Tower with Radar,161,53,27,15,256,0,37,43,49,129,161,90,70,64,385,8,50,58,443
09/09/2017,ABQ,NM,ASW,WE,Combined TRACON& Tower with Radar,120,27,25,3,175,0,38,51,24,113,120,65,76,27,288,58,38,96,384
09/10/2017,ABQ,NM,ASW,WE,Combined TRACON& Tower with Radar,156,45,20,11,232,0,17,36,4,57,156,62,56,15,289,34,0,34,323
09/11/2017,ABQ,NM,ASW,WE,Combined TRACON& Tower with Radar,149,52,28,10,239,0,19,48,41,108,149,71,76,51,347,15,41,56,403
09/12/2017,ABQ,NM,ASW,WE,Combined TRACON& Tower with Radar,154,52,26,10,242,0,30,53,56,139,154,82,79,66,381,2,40,42,423
09/13/2017,ABQ,NM,ASW,WE,Combined TRACON& Tower with Radar,166,51,32,10,259,0,26,33,51,110,166,77,65,61,369,14,20,34,403
09/14/2017,ABQ,NM,ASW,WE,Combined TRACON& Tower with Radar,164,66,39,10,279,0,40,33,44,117,164,106,72,54,396,26,22,48,444
09/15/2017,ABQ,NM,ASW,WE,Combined TRACON& Tower with Radar,164,56,38,18,276,0,35,50,44,129,164,91,88,62,405,22,10,32,437
09/16/2017,ABQ,NM,ASW,WE,Combined TRACON& Tower with Radar,121,29,15,2,167,0,10,48,5,63,121,39,63,7,230,36,2,38,268
09/17/2017,ABQ,NM,ASW,WE,Combined TRACON& Tower with Radar,161,41,31,1,234,0,4,40,0,44,161,45,71,1,278,20,0,20,298
09/18/2017,ABQ,NM,ASW,WE,Combined TRACON& Tower with Radar,152,41,26,10,229,1,22,44,33,100,153,63,70,43,329,10,22,32,361
09/19/2017,ABQ,NM,ASW,WE,Combined TRACON& Tower with Radar,162,59,41,10,272,1,26,26,47,100,163,85,67,57,372,8,20,28,400
09/20/2017,ABQ,NM,ASW,WE,Combined TRACON& Tower with Radar,164,47,42,8,261,0,28,53,52,133,164,75,95,60,394,2,0,2,396
09/21/2017,ABQ,NM,ASW,WE,Combined TRACON& Tower with Radar,175,56,39,23,293,0,35,38,30,103,175,91,77,53,396,12,62,74,470
09/22/2017,ABQ,NM,ASW,WE,Combined TRACON& Tower with Radar,170,39,27,26,262,0,26,32,20,78,170,65,59,46,340,2,26,28,368
09/23/2017,ABQ,NM,ASW,WE,Combined TRACON& Tower with Radar,128,34,22,2,186,0,18,18,4,40,128,52,40,6,226,2,2,4,230
09/24/2017,ABQ,NM,ASW,WE,Combined TRACON& Tower with Radar,178,29,19,4,230,0,6,39,1,46,178,35,58,5,276,58,2,60,336
09/25/2017,ABQ,NM,ASW,WE,Combined TRACON& Tower with Radar,159,47,26,2,234,0,27,49,7,83,159,74,75,9,317,14,2,16,333
09/26/2017,ABQ,NM,ASW,WE,Combined TRACON& Tower with Radar,156,55,34,18,263,1,25,21,53,100,157,80,55,71,363,10,72,82,445
09/27/2017,ABQ,NM,ASW,WE,Combined TRACON& Tower with Radar,164,57,27,31,279,0,12,12,44,68,164,69,39,75,347,4,58,62,409
09/28/2017,ABQ,NM,ASW,WE,Combined TRACON& Tower with Radar,168,74,40,13,295,0,14,11,38,63,168,88,51,51,358,4,32,36,394
09/29/2017,ABQ,NM,ASW,WE,Combined TRACON& Tower with Radar,161,68,45,8,282,0,13,25,26,64,161,81,70,34,346,0,0,0,346
09/30/2017,ABQ,NM,ASW,WE,Combined TRACON& Tower with Radar,132,36,8,0,176,0,3,28,2,33,132,39,36,2,209,52,0,52,261
10/01/2017,ABQ,NM,ASW,WE,Combined TRACON& Tower with Radar,154,38,19,0,211,0,16,37,0,53,154,54,56,0,264,20,2,22,286
10/02/2017,ABQ,NM,ASW,WE,Combined TRACON& Tower with Radar,153,47,20,17,237,0,21,31,34,86,153,68,51,51,323,4,44,48,371
10/03/2017,ABQ,NM,ASW,WE,Combined TRACON& Tower with Radar,159,52,31,15,257,0,40,60,60,160,159,92,91,75,417,52,72,124,541
10/04/2017,ABQ,NM,ASW,WE,Combined TRACON& Tower with Radar,166,67,34,26,293,0,10,18,50,78,166,77,52,76,371,28,34,62,433
10/05/2017,ABQ,NM,ASW,WE,Combined TRACON& Tower with Radar,167,66,34,13,280,0,25,25,46,96,167,91,59,59,376,36,48,84,460
10/06/2017,ABQ,NM,ASW,WE,Combined TRACON& Tower with Radar,172,55,54,26,307,0,20,39,38,97,172,75,93,64,404,8,28,36,440
10/07/2017,ABQ,NM,ASW,WE,Combined TRACON& Tower with Radar,128,26,35,0,189,0,34,70,2,106,128,60,105,2,295,61,5,66,361
10/08/2017,ABQ,NM,ASW,WE,Combined TRACON& Tower with Radar,153,33,27,1,214,0,8,80,6,94,153,41,107,7,308,42,4,46,354
10/09/2017,ABQ,NM,ASW,WE,Combined TRACON& Tower with Radar,153,45,31,5,234,0,12,50,0,62,153,57,81,5,296,10,0,10,306
10/10/2017,ABQ,NM,ASW,WE,Combined TRACON& Tower with Radar,163,47,44,25,279,0,39,66,53,158,163,86,110,78,437,42,24,66,503
10/11/2017,ABQ,NM,ASW,WE,Combined TRACON& Tower with Radar,163,52,21,9,245,0,34,58,69,161,163,86,79,78,406,26,52,78,484
10/12/2017,ABQ,NM,ASW,WE,Combined TRACON& Tower with Radar,169,49,39,6,263,0,25,70,57,152,169,74,109,63,415,22,36,58,473
10/13/2017,ABQ,NM,ASW,WE,Combined TRACON& Tower with Radar,163,60,50,15,288,0,55,66,46,167,163,115,116,61,455,32,24,56,511
10/14/2017,ABQ,NM,ASW,WE,Combined TRACON& Tower with Radar,134,24,18,21,197,0,43,43,4,90,134,67,61,25,287,26,22,48,335
10/15/2017,ABQ,NM,ASW,WE,Combined TRACON& Tower with Radar,170,26,37,10,243,0,10,100,5,115,170,36,137,15,358,50,0,50,408
10/16/2017,ABQ,NM,ASW,WE,Combined TRACON& Tower with Radar,159,44,26,11,240,0,23,61,51,135,159,67,87,62,375,14,12,26,401
10/17/2017,ABQ,NM,ASW,WE,Combined TRACON& Tower with Radar,163,50,36,12,261,0,37,65,50,152,163,87,101,62,413,32,34,66,479
10/18/2017,ABQ,NM,ASW,WE,Combined TRACON& Tower with Radar,169,45,36,22,272,0,34,81,55,170,169,79,117,77,442,32,72,104,546
10/19/2017,ABQ,NM,ASW,WE,Combined TRACON& Tower with Radar,179,66,34,19,298,0,24,45,54,123,179,90,79,73,421,20,18,38,459
10/20/2017,ABQ,NM,ASW,WE,Combined TRACON& Tower with Radar,175,57,42,26,300,0,58,55,44,157,175,115,97,70,457,46,12,58,515
10/21/2017,ABQ,NM,ASW,WE,Combined TRACON& Tower with Radar,132,30,22,8,192,0,24,39,14,77,132,54,61,22,269,8,10,18,287
10/22/2017,ABQ,NM,ASW,WE,Combined TRACON& Tower with Radar,165,35,32,1,233,0,6,41,4,51,165,41,73,5,284,26,0,26,310
10/23/2017,ABQ,NM,ASW,WE,Combined TRACON& Tower with Radar,161,41,35,9,246,0,22,39,52,113,161,63,74,61,359,0,6,6,365
10/24/2017,ABQ,NM,ASW,WE,Combined TRACON& Tower with Radar,164,57,39,9,269,0,23,48,79,150,164,80,87,88,419,4,34,38,457
10/25/2017,ABQ,NM,ASW,WE,Combined TRACON& Tower with Radar,168,44,31,6,249,0,32,48,34,114,168,76,79,40,363,28,2,30,393
10/26/2017,ABQ,NM,ASW,WE,Combined TRACON& Tower with Radar,174,66,23,15,278,0,30,56,52,138,174,96,79,67,416,40,10,50,466
10/27/2017,ABQ,NM,ASW,WE,Combined TRACON& Tower with Radar,171,50,19,9,249,0,49,48,32,129,171,99,67,41,378,8,16,24,402
10/28/2017,ABQ,NM,ASW,WE,Combined TRACON& Tower with Radar,134,21,29,3,187,0,20,44,0,64,134,41,73,3,251,0,0,0,251
10/29/2017,ABQ,NM,ASW,WE,Combined TRACON& Tower with Radar,155,31,23,7,216,0,8,67,6,81,155,39,90,13,297,16,4,20,317
10/30/2017,ABQ,NM,ASW,WE,Combined TRACON& Tower with Radar,158,47,26,4,235,0,18,37,6,61,158,65,63,10,296,32,14,46,342
10/31/2017,ABQ,NM,ASW,WE,Combined TRACON& Tower with Radar,148,49,22,5,224,0,32,49,38,119,148,81,71,43,343,32,22,54,397
11/01/2017,ABQ,NM,ASW,WE,Combined TRACON& Tower with Radar,159,47,26,13,245,0,41,46,50,137,159,88,72,63,382,56,28,84,466
11/02/2017,ABQ,NM,ASW,WE,Combined TRACON& Tower with Radar,168,55,39,21,283,0,44,49,58,151,168,99,88,79,434,12,22,34,468
11/03/2017,ABQ,NM,ASW,WE,Combined TRACON& Tower with Radar,162,56,30,28,276,0,68,65,56,189,162,124,95,84,465,44,48,92,557
11/04/2017,ABQ,NM,ASW,WE,Combined TRACON& Tower with Radar,135,30,30,15,210,0,40,57,10,107,135,70,87,25,317,28,0,28,345
11/05/2017,ABQ,NM,ASW,WE,Combined TRACON& Tower with Radar,145,31,27,8,211,0,11,26,17,54,145,42,53,25,265,14,22,36,301
11/06/2017,ABQ,NM,ASW,WE,Combined TRACON& Tower with Radar,151,51,37,9,248,1,21,67,58,147,152,72,104,67,395,0,6,6,401
11/07/2017,ABQ,NM,ASW,WE,Combined TRACON& Tower with Radar,159,58,33,7,257,0,31,39,40,110,159,89,72,47,367,24,34,58,425
11/08/2017,ABQ,NM,ASW,WE,Combined TRACON& Tower with Radar,152,61,41,10,264,0,24,74,41,139,152,85,115,51,403,22,16,38,441
11/09/2017,ABQ,NM,ASW,WE,Combined TRACON& Tower with Radar,166,62,50,29,307,0,36,59,50,145,166,98,109,79,452,14,36,50,502
11/10/2017,ABQ,NM,ASW,WE,Combined TRACON& Tower with Radar,163,76,35,0,274,0,44,62,1,107,163,120,97,1,381,30,0,30,411
11/11/2017,ABQ,NM,ASW,WE,Combined TRACON& Tower with Radar,127,29,22,2,180,0,28,62,0,90,127,57,84,2,270,56,2,58,328
11/12/2017,ABQ,NM,ASW,WE,Combined TRACON& Tower with Radar,150,33,31,2,216,0,9,61,0,70,150,42,92,2,286,30,0,30,316
11/13/2017,ABQ,NM,ASW,WE,Combined TRACON& Tower with Radar,161,66,41,13,281,0,16,58,45,119,161,82,99,58,400,18,30,48,448
11/14/2017,ABQ,NM,ASW,WE,Combined TRACON& Tower with Radar,155,58,38,7,258,0,42,42,44,128,155,100,80,51,386,8,28,36,422
11/15/2017,ABQ,NM,ASW,WE,Combined TRACON& Tower with Radar,155,62,44,12,273,0,26,69,60,155,155,88,113,72,428,22,8,30,458
11/16/2017,ABQ,NM,ASW,WE,Combined TRACON& Tower with Radar,166,66,43,20,295,0,31,66,56,153,166,97,109,76,448,32,94,126,574
11/17/2017,ABQ,NM,ASW,WE,Combined TRACON& Tower with Radar,171,53,25,20,269,0,30,36,33,99,171,83,61,53,368,6,28,34,402
11/18/2017,ABQ,NM,ASW,WE,Combined TRACON& Tower with Radar,140,36,31,7,214,0,19,54,2,75,140,55,85,9,289,14,0,14,303
11/19/2017,ABQ,NM,ASW,WE,Combined TRACON& Tower with Radar,149,32,43,11,235,0,9,58,7,74,149,41,101,18,309,62,2,64,373
11/20/2017,ABQ,NM,ASW,WE,Combined TRACON& Tower with Radar,146,62,32,9,249,0,21,60,56,137,146,83,92,65,386,34,38,72,458
11/21/2017,ABQ,NM,ASW,WE,Combined TRACON& Tower with Radar,166,70,36,16,288,0,64,46,63,173,166,134,82,79,461,30,60,90,551
11/22/2017,ABQ,NM,ASW,WE,Combined TRACON& Tower with Radar,185,46,29,16,276,0,26,49,24,99,185,72,78,40,375,14,10,24,399
11/23/2017,ABQ,NM,ASW,WE,Combined TRACON& Tower with Radar,99,27,12,0,138,0,6,27,0,33,99,33,39,0,171,0,0,0,171
11/24/2017,ABQ,NM,ASW,WE,Combined TRACON& Tower with Radar,121,45,18,0,184,0,28,56,1,85,121,73,74,1,269,24,0,24,293
11/25/2017,ABQ,NM,ASW,WE,Combined TRACON& Tower with Radar,150,36,17,1,204,0,17,62,2,81,150,53,79,3,285,20,0,20,305
11/26/2017,ABQ,NM,ASW,WE,Combined TRACON& Tower with Radar,170,25,26,0,221,0,4,47,1,52,170,29,73,1,273,22,0,22,295
11/27/2017,ABQ,NM,ASW,WE,Combined TRACON& Tower with Radar,169,53,16,3,241,0,19,44,3,66,169,72,60,6,307,22,6,28,335
11/28/2017,ABQ,NM,ASW,WE,Combined TRACON& Tower with Radar,154,52,32,9,247,0,55,27,51,133,154,107,59,60,380,16,28,44,424
11/29/2017,ABQ,NM,ASW,WE,Combined TRACON& Tower with Radar,149,55,26,13,243,0,36,41,51,128,149,91,67,64,371,24,28,52,423
11/30/2017,ABQ,NM,ASW,WE,Combined TRACON& Tower with Radar,162,62,31,9,264,0,43,37,50,130,162,105,68,59,394,32,68,100,494
12/01/2017,ABQ,NM,ASW,WE,Combined TRACON& Tower with Radar,155,43,42,13,253,0,31,56,46,133,155,74,98,59,386,18,16,34,420
12/02/2017,ABQ,NM,ASW,WE,Combined TRACON& Tower with Radar,115,28,19,2,164,0,25,43,11,79,115,53,62,13,243,40,14,54,297
12/03/2017,ABQ,NM,ASW,WE,Combined TRACON& Tower with Radar,144,25,27,6,202,0,8,45,2,55,144,33,72,8,257,22,0,22,279
12/04/2017,ABQ,NM,ASW,WE,Combined TRACON& Tower with Radar,146,45,32,5,228,0,18,38,44,100,146,63,70,49,328,14,12,26,354
12/05/2017,ABQ,NM,ASW,WE,Combined TRACON& Tower with Radar,150,48,44,15,257,0,56,30,42,128,150,104,74,57,385,34,44,78,463
12/06/2017,ABQ,NM,ASW,WE,Combined TRACON& Tower with Radar,151,56,48,15,270,0,25,46,44,115,151,81,94,59,385,8,10,18,403
12/07/2017,ABQ,NM,ASW,WE,Combined TRACON& Tower with Radar,158,76,39,10,283,0,31,26,51,108,158,107,65,61,391,28,44,72,463
12/08/2017,ABQ,NM,ASW,WE,Combined TRACON& Tower with Radar,153,71,25,12,261,0,49,42,8,99,153,120,67,20,360,36,8,44,404
12/09/2017,ABQ,NM,ASW,WE,Combined TRACON& Tower with Radar,118,28,21,0,167,0,28,52,5,85,118,56,73,5,252,72,0,72,324
12/10/2017,ABQ,NM,ASW,WE,Combined TRACON& Tower with Radar,144,27,27,13,211,0,8,41,4,53,144,35,68,17,264,22,6,28,292
12/11/2017,ABQ,NM,ASW,WE,Combined TRACON& Tower with Radar,149,50,31,3,233,0,21,33,36,90,149,71,64,39,323,8,4,12,335
12/12/2017,ABQ,NM,ASW,WE,Combined TRACON& Tower with Radar,149,57,36,24,266,0,39,44,48,131,149,96,80,72,397,26,42,68,465
12/13/2017,ABQ,NM,ASW,WE,Combined TRACON& Tower with Radar,158,54,40,14,266,0,48,73,29,150,158,102,113,43,416,6,26,32,448
12/14/2017,ABQ,NM,ASW,WE,Combined TRACON& Tower with Radar,166,50,30,16,262,0,52,23,60,135,166,102,53,76,397,2,20,22,419
12/15/2017,ABQ,NM,ASW,WE,Combined TRACON& Tower with Radar,159,59,49,21,288,0,60,48,25,133,159,119,97,46,421,12,12,24,445
12/16/2017,ABQ,NM,ASW,WE,Combined TRACON& Tower with Radar,138,34,28,3,203,0,13,59,5,77,138,47,87,8,280,54,0,54,334
12/17/2017,ABQ,NM,ASW,WE,Combined TRACON& Tower with Radar,155,22,26,7,210,0,4,57,3,64,155,26,83,10,274,12,2,14,288
12/18/2017,ABQ,NM,ASW,WE,Combined TRACON& Tower with Radar,166,40,21,11,238,0,13,49,43,105,166,53,70,54,343,0,24,24,367
12/19/2017,ABQ,NM,ASW,WE,Combined TRACON& Tower with Radar,162,60,31,4,257,0,36,38,30,104,162,96,69,34,361,70,14,84,445
12/20/2017,ABQ,NM,ASW,WE,Combined TRACON& Tower with Radar,176,60,24,12,272,0,54,59,39,152,176,114,83,51,424,24,32,56,480
12/21/2017,ABQ,NM,ASW,WE,Combined TRACON& Tower with Radar,192,54,21,17,284,0,42,36,49,127,192,96,57,66,411,2,8,10,421
12/22/2017,ABQ,NM,ASW,WE,Combined TRACON& Tower with Radar,190,63,25,5,283,0,53,44,19,116,190,116,69,24,399,26,26,52,451
12/23/2017,ABQ,NM,ASW,WE,Combined TRACON& Tower with Radar,163,43,15,1,222,0,72,45,0,117,163,115,60,1,339,20,2,22,361
12/24/2017,ABQ,NM,ASW,WE,Combined TRACON& Tower with Radar,136,30,8,0,174,0,9,22,2,33,136,39,30,2,207,2,0,2,209
12/25/2017,ABQ,NM,ASW,WE,Combined TRACON& Tower with Radar,131,20,10,0,161,0,8,16,0,24,131,28,26,0,185,0,0,0,185
12/26/2017,ABQ,NM,ASW,WE,Combined TRACON& Tower with Radar,178,46,24,1,249,0,34,24,2,60,178,80,48,3,309,36,2,38,347
12/27/2017,ABQ,NM,ASW,WE,Combined TRACON& Tower with Radar,185,56,18,17,276,0,23,45,23,91,185,79,63,40,367,6,12,18,385
12/28/2017,ABQ,NM,ASW,WE,Combined TRACON& Tower with Radar,187,52,24,8,271,0,41,52,14,107,187,93,76,22,378,10,10,20,398
12/29/2017,ABQ,NM,ASW,WE,Combined TRACON& Tower with Radar,180,42,28,22,272,0,24,32,24,80,180,66,60,46,352,28,32,60,412
12/30/2017,ABQ,NM,ASW,WE,Combined TRACON& Tower with Radar,154,38,35,0,227,0,37,43,1,81,154,75,78,1,308,24,0,24,332
12/31/2017,ABQ,NM,ASW,WE,Combined TRACON& Tower with Radar,141,26,39,1,207,0,20,39,2,61,141,46,78,3,268,26,0,26,294
01/01/2018,ABQ,NM,ASW,WE,Combined TRACON& Tower with Radar,152,33,16,1,202,0,10,29,0,39,152,43,45,1,241,2,0,2,243
01/02/2018,ABQ,NM,ASW,WE,Combined TRACON& Tower with Radar,171,49,46,1,267,0,39,40,6,85,171,88,86,7,352,44,0,44,396
01/03/2018,ABQ,NM,ASW,WE,Combined TRACON& Tower with Radar,172,46,29,26,273,0,29,44,50,123,172,75,73,76,396,16,34,50,446
01/04/2018,ABQ,NM,ASW,WE,Combined TRACON& Tower with Radar,166,48,16,10,240,0,19,55,61,135,166,67,71,71,375,28,28,56,431
01/05/2018,ABQ,NM,ASW,WE,Combined TRACON& Tower with Radar,159,45,22,23,249,0,31,37,24,92,159,76,59,47,341,18,24,42,383
01/06/2018,ABQ,NM,ASW,WE,Combined TRACON& Tower with Radar,118,32,27,11,188,0,12,69,13,94,118,44,96,24,282,14,20,34,316
01/07/2018,ABQ,NM,ASW,WE,Combined TRACON& Tower with Radar,149,35,24,6,214,0,3,14,9,26,149,38,38,15,240,0,0,0,240
01/08/2018,ABQ,NM,ASW,WE,Combined TRACON& Tower with Radar,139,51,34,13,237,0,24,69,58,151,139,75,103,71,388,24,12,36,424
01/09/2018,ABQ,NM,ASW,WE,Combined TRACON& Tower with Radar,150,49,52,14,265,0,43,68,48,159,150,92,120,62,424,36,22,58,482
01/10/2018,ABQ,NM,ASW,WE,Combined TRACON& Tower with Radar,144,52,23,8,227,0,14,2,44,60,144,66,25,52,287,0,52,52,339
01/11/2018,ABQ,NM,ASW,WE,Combined TRACON& Tower with Radar,156,52,31,19,258,0,37,26,41,104,156,89,57,60,362,2,14,16,378
01/12/2018,ABQ,NM,ASW,WE,Combined TRACON& Tower with Radar,143,48,49,18,258,0,29,60,34,123,143,77,109,52,381,46,4,50,431
01/13/2018,ABQ,NM,ASW,WE,Combined TRACON& Tower with Radar,106,25,26,12,169,0,25,68,5,98,106,50,94,17,267,82,4,86,353
01/14/2018,ABQ,NM,ASW,WE,Combined TRACON& Tower with Radar,136,26,26,3,191,0,22,42,0,64,136,48,68,3,255,62,0,62,317
01/15/2018,ABQ,NM,ASW,WE,Combined TRACON& Tower with Radar,141,53,36,18,248,0,8,36,1,45,141,61,72,19,293,8,8,16,309
01/16/2018,ABQ,NM,ASW,WE,Combined TRACON& Tower with Radar,135,50,36,7,228,0,18,17,45,80,135,68,53,52,308,2,12,14,322
01/17/2018,ABQ,NM,ASW,WE,Combined TRACON& Tower with Radar,143,44,35,24,246,0,27,42,47,116,143,71,77,71,362,16,64,80,442
01/18/2018,ABQ,NM,ASW,WE,Combined TRACON& Tower with Radar,157,53,38,29,277,0,36,43,42,121,157,89,81,71,398,28,14,42,440
01/19/2018,ABQ,NM,ASW,WE,Combined TRACON& Tower with Radar,151,40,32,30,253,0,16,67,21,104,151,56,99,51,357,10,22,32,389
01/20/2018,ABQ,NM,ASW,WE,Combined TRACON& Tower with Radar,109,37,24,13,183,0,18,46,2,66,109,55,70,15,249,34,8,42,291
01/21/2018,ABQ,NM,ASW,WE,Combined TRACON& Tower with Radar,136,31,21,2,190,0,6,4,0,10,136,37,25,2,200,0,0,0,200
01/22/2018,ABQ,NM,ASW,WE,Combined TRACON& Tower with Radar,141,49,35,6,231,0,12,28,40,80,141,61,63,46,311,25,17,42,353
01/23/2018,ABQ,NM,ASW,WE,Combined TRACON& Tower with Radar,148,47,23,9,227,0,36,65,41,142,148,83,88,50,369,12,28,40,409
01/24/2018,ABQ,NM,ASW,WE,Combined TRACON& Tower with Radar,145,45,37,7,234,0,38,66,46,150,145,83,103,53,384,36,10,46,430
01/25/2018,ABQ,NM,ASW,WE,Combined TRACON& Tower with Radar,161,56,30,8,255,0,25,71,67,163,161,81,101,75,418,6,14,20,438
01/26/2018,ABQ,NM,ASW,WE,Combined TRACON& Tower with Radar,149,52,33,35,269,0,28,38,29,95,149,80,71,64,364,14,58,72,436
01/27/2018,ABQ,NM,ASW,WE,Combined TRACON& Tower with Radar,112,31,26,16,185,0,11,72,8,91,112,42,98,24,276,20,0,20,296
01/28/2018,ABQ,NM,ASW,WE,Combined TRACON& Tower with Radar,131,27,22,5,185,0,7,41,1,49,131,34,63,6,234,26,0,26,260
01/29/2018,ABQ,NM,ASW,WE,Combined TRACON& Tower with Radar,141,55,29,6,231,0,16,48,22,86,141,71,77,28,317,16,12,28,345
01/30/2018,ABQ,NM,ASW,WE,Combined TRACON& Tower with Radar,150,49,23,9,231,0,52,45,40,137,150,101,68,49,368,44,36,80,448
01/31/2018,ABQ,NM,ASW,WE,Combined TRACON& Tower with Radar,149,43,29,15,236,0,31,59,40,130,149,74,88,55,366,2,48,50,416
02/01/2018,ABQ,NM,ASW,WE,Combined TRACON& Tower with Radar,158,51,25,12,246,0,34,56,39,129,158,85,81,51,375,12,26,38,413
02/02/2018,ABQ,NM,ASW,WE,Combined TRACON& Tower with Radar,153,48,37,6,244,0,21,52,21,94,153,69,89,27,338,20,8,28,366
02/03/2018,ABQ,NM,ASW,WE,Combined TRACON& Tower with Radar,111,27,23,1,162,0,9,36,14,59,111,36,59,15,221,20,4,24,245
02/04/2018,ABQ,NM,ASW,WE,Combined TRACON& Tower with Radar,121,28,8,2,159,0,5,25,4,34,121,33,33,6,193,28,8,36,229
02/05/2018,ABQ,NM,ASW,WE,Combined TRACON& Tower with Radar,142,48,39,9,238,0,11,49,59,119,142,59,88,68,357,12,22,34,391
02/06/2018,ABQ,NM,ASW,WE,Combined TRACON& Tower with Radar,148,53,31,12,244,0,33,21,62,116,148,86,52,74,360,36,38,74,434
02/07/2018,ABQ,NM,ASW,WE,Combined TRACON& Tower with Radar,146,47,34,20,247,0,24,83,41,148,146,71,117,61,395,14,14,28,423
02/08/2018,ABQ,NM,ASW,WE,Combined TRACON& Tower with Radar,155,45,41,25,266,0,30,50,52,132,155,75,91,77,398,26,12,38,436
02/09/2018,ABQ,NM,ASW,WE,Combined TRACON& Tower with Radar,148,42,35,17,242,0,26,56,51,133,148,68,91,68,375,14,38,52,427
02/10/2018,ABQ,NM,ASW,WE,Combined TRACON& Tower with Radar,113,35,19,5,172,0,14,30,14,58,113,49,49,19,230,24,0,24,254
02/11/2018,ABQ,NM,ASW,WE,Combined TRACON& Tower with Radar,133,29,26,14,202,0,12,47,0,59,133,41,73,14,261,48,2,50,311
02/12/2018,ABQ,NM,ASW,WE,Combined TRACON& Tower with Radar,148,47,18,7,220,0,14,31,45,90,148,61,49,52,310,8,16,24,334
02/13/2018,ABQ,NM,ASW,WE,Combined TRACON& Tower with Radar,150,65,40,15,270,0,58,40,47,145,150,123,80,62,415,14,24,38,453
02/14/2018,ABQ,NM,ASW,WE,Combined TRACON& Tower with Radar,144,78,37,13,272,0,42,49,26,117,144,120,86,39,389,10,38,48,437
02/15/2018,ABQ,NM,ASW,WE,Combined TRACON& Tower with Radar,164,95,31,28,318,0,13,19,56,88,164,108,50,84,406,30,42,72,478
02/16/2018,ABQ,NM,ASW,WE,Combined TRACON& Tower with Radar,162,89,43,32,326,0,12,47,13,72,162,101,90,45,398,20,26,46,444
02/17/2018,ABQ,NM,ASW,WE,Combined TRACON& Tower with Radar,120,54,23,1,198,0,13,53,0,66,120,67,76,1,264,0,0,0,264
02/18/2018,ABQ,NM,ASW,WE,Combined TRACON& Tower with Radar,135,34,23,6,198,0,7,20,1,28,135,41,43,7,226,0,0,0,226
02/19/2018,ABQ,NM,ASW,WE,Combined TRACON& Tower with Radar,147,83,26,3,259,0,6,3,3,12,147,89,29,6,271,40,0,40,311
02/20/2018,ABQ,NM,ASW,WE,Combined TRACON& Tower with Radar,147,90,32,15,284,0,21,30,52,103,147,111,62,67,387,20,6,26,413
02/21/2018,ABQ,NM,ASW,WE,Combined TRACON& Tower with Radar,151,76,43,10,280,0,11,34,40,85,151,87,77,50,365,22,10,32,397
02/22/2018,ABQ,NM,ASW,WE,Combined TRACON& Tower with Radar,159,94,45,10,308,0,21,20,50,91,159,115,65,60,399,4,22,26,425
02/23/2018,ABQ,NM,ASW,WE,Combined TRACON& Tower with Radar,151,69,39,28,287,0,32,51,40,123,151,101,90,68,410,4,8,12,422
02/24/2018,ABQ,NM,ASW,WE,Combined TRACON& Tower with Radar,117,44,24,24,209,0,16,23,10,49,117,60,47,34,258,4,8,12,270
02/25/2018,ABQ,NM,ASW,WE,Combined TRACON& Tower with Radar,128,40,16,2,186,0,12,27,4,43,128,52,43,6,229,30,0,30,259
02/26/2018,ABQ,NM,ASW,WE,Combined TRACON& Tower with Radar,141,62,31,6,240,0,12,62,25,99,141,74,93,31,339,8,2,10,349
02/27/2018,ABQ,NM,ASW,WE,Combined TRACON& Tower with Radar,156,56,36,14,262,0,40,54,40,134,156,96,90,54,396,16,26,42,438
02/28/2018,ABQ,NM,ASW,WE,Combined TRACON& Tower with Radar,148,76,35,8,267,0,30,25,57,112,148,106,60,65,379,20,10,30,409
03/01/2018,ABQ,NM,ASW,WE,Combined TRACON& Tower with Radar,168,69,40,16,293,0,42,67,44,153,168,111,107,60,446,10,6,16,462
03/02/2018,ABQ,NM,ASW,WE,Combined TRACON& Tower with Radar,164,57,28,5,254,0,51,60,27,138,164,108,88,32,392,11,20,31,423
03/03/2018,ABQ,NM,ASW,WE,Combined TRACON& Tower with Radar,120,50,26,1,197,1,27,77,12,117,121,77,103,13,314,23,4,27,341
03/04/2018,ABQ,NM,ASW,WE,Combined TRACON& Tower with Radar,141,26,12,5,184,0,27,31,3,61,141,53,43,8,245,16,0,16,261
03/05/2018,ABQ,NM,ASW,WE,Combined TRACON& Tower with Radar,152,70,28,6,256,0,29,26,34,89,152,99,54,40,345,10,10,20,365
03/06/2018,ABQ,NM,ASW,WE,Combined TRACON& Tower with Radar,150,55,42,31,278,0,49,72,54,175,150,104,114,85,453,32,74,106,559
03/07/2018,ABQ,NM,ASW,WE,Combined TRACON& Tower with Radar,160,64,44,9,277,0,37,79,48,164,160,101,123,57,441,8,24,32,473
03/08/2018,ABQ,NM,ASW,WE,Combined TRACON& Tower with Radar,169,70,39,11,289,0,23,66,57,146,169,93,105,68,435,4,6,10,445
03/09/2018,ABQ,NM,ASW,WE,Combined TRACON& Tower with Radar,170,61,55,13,299,0,49,60,20,129,170,110,115,33,428,6,2,8,436
03/10/2018,ABQ,NM,ASW,WE,Combined TRACON& Tower with Radar,138,53,22,6,219,0,29,47,9,85,138,82,69,15,304,0,0,0,304
03/11/2018,ABQ,NM,ASW,WE,Combined TRACON& Tower with Radar,157,35,22,3,217,0,0,1,5,6,157,35,23,8,223,2,0,2,225
03/12/2018,ABQ,NM,ASW,WE,Combined TRACON& Tower with Radar,160,63,24,25,272,0,10,47,46,103,160,73,71,71,375,10,22,32,407
03/13/2018,ABQ,NM,ASW,WE,Combined TRACON& Tower with Radar,158,73,38,16,285,0,56,71,48,175,158,129,109,64,460,20,26,46,506
03/14/2018,ABQ,NM,ASW,WE,Combined TRACON& Tower with Radar,169,52,33,5,259,0,24,68,43,135,169,76,101,48,394,0,8,8,402
03/15/2018,ABQ,NM,ASW,WE,Combined TRACON& Tower with Radar,174,65,24,22,285,0,38,17,47,102,174,103,41,69,387,4,8,12,399
03/16/2018,ABQ,NM,ASW,WE,Combined TRACON& Tower with Radar,158,69,58,8,293,16,25,65,45,151,174,94,123,53,444,8,0,8,452
03/17/2018,ABQ,NM,ASW,WE,Combined TRACON& Tower with Radar,140,40,38,2,220,0,12,50,3,65,140,52,88,5,285,8,4,12,297
03/18/2018,ABQ,NM,ASW,WE,Combined TRACON& Tower with Radar,150,28,13,4,195,0,8,27,8,43,150,36,40,12,238,18,2,20,258
03/19/2018,ABQ,NM,ASW,WE,Combined TRACON& Tower with Radar,166,52,36,2,256,0,26,38,49,113,166,78,74,51,369,6,6,12,381
03/20/2018,ABQ,NM,ASW,WE,Combined TRACON& Tower with Radar,155,65,39,26,285,0,39,74,50,163,155,104,113,76,448,18,26,44,492
03/21/2018,ABQ,NM,ASW,WE,Combined TRACON& Tower with Radar,165,58,36,12,271,0,31,72,36,139,165,89,108,48,410,8,8,16,426
03/22/2018,ABQ,NM,ASW,WE,Combined TRACON& Tower with Radar,174,71,58,12,315,4,28,74,56,162,178,99,132,68,477,38,18,56,533
03/23/2018,ABQ,NM,ASW,WE,Combined TRACON& Tower with Radar,174,55,30,16,275,0,21,36,19,76,174,76,66,35,351,14,6,20,371
03/24/2018,ABQ,NM,ASW,WE,Combined TRACON& Tower with Radar,136,36,12,3,187,0,25,89,4,118,136,61,101,7,305,8,0,8,313
03/25/2018,ABQ,NM,ASW,WE,Combined TRACON& Tower with Radar,170,35,35,10,250,0,26,53,1,80,170,61,88,11,330,0,0,0,330
03/26/2018,ABQ,NM,ASW,WE,Combined TRACON& Tower with Radar,161,55,26,4,246,0,20,54,37,111,161,75,80,41,357,2,8,10,367
03/27/2018,ABQ,NM,ASW,WE,Combined TRACON& Tower with Radar,158,56,20,9,243,0,15,11,38,64,158,71,31,47,307,0,6,6,313
03/28/2018,ABQ,NM,ASW,WE,Combined TRACON& Tower with Radar,161,79,41,22,303,0,34,42,42,118,161,113,83,64,421,6,18,24,445
03/29/2018,ABQ,NM,ASW,WE,Combined TRACON& Tower with Radar,165,71,36,19,291,0,25,54,28,107,165,96,90,47,398,6,16,22,420
03/30/2018,ABQ,NM,ASW,WE,Combined TRACON& Tower with Radar,164,58,36,21,279,0,35,135,28,198,164,93,171,49,477,32,16,48,525
03/31/2018,ABQ,NM,ASW,WE,Combined TRACON& Tower with Radar,129,40,15,3,187,0,10,89,6,105,129,50,104,9,292,6,2,8,300
04/01/2018,ABQ,NM,ASW,WE,Combined TRACON& Tower with Radar,159,35,19,1,214,0,6,33,6,45,159,41,52,7,259,0,0,0,259
04/02/2018,ABQ,NM,ASW,WE,Combined TRACON& Tower with Radar,151,58,29,8,246,0,20,46,38,104,151,78,75,46,350,6,0,6,356
04/03/2018,ABQ,NM,ASW,WE,Combined TRACON& Tower with Radar,149,51,24,16,240,0,31,58,48,137,149,82,82,64,377,4,4,8,385
04/04/2018,ABQ,NM,ASW,WE,Combined TRACON& Tower with Radar,164,58,25,10,257,0,49,97,59,205,164,107,122,69,462,12,10,22,484
04/05/2018,ABQ,NM,ASW,WE,Combined TRACON& Tower with Radar,173,56,41,36,306,0,40,79,39,158,173,96,120,75,464,10,16,26,490
04/06/2018,ABQ,NM,ASW,WE,Combined TRACON& Tower with Radar,161,64,43,44,312,0,36,59,33,128,161,100,102,77,440,6,8,14,454
04/07/2018,ABQ,NM,ASW,WE,Combined TRACON& Tower with Radar,136,40,19,15,210,0,9,86,31,126,136,49,105,46,336,8,0,8,344
04/08/2018,ABQ,NM,ASW,WE,Combined TRACON& Tower with Radar,164,50,18,10,242,0,4,11,3,18,164,54,29,13,260,2,2,4,264
04/09/2018,ABQ,NM,ASW,WE,Combined TRACON& Tower with Radar,166,52,21,10,249,0,20,93,40,153,166,72,114,50,402,2,12,14,416
04/10/2018,ABQ,NM,ASW,WE,Combined TRACON& Tower with Radar,165,55,45,18,283,0,25,79,46,150,165,80,124,64,433,16,6,22,455
04/11/2018,ABQ,NM,ASW,WE,Combined TRACON& Tower with Radar,178,57,39,15,289,0,37,40,44,121,178,94,79,59,410,10,6,16,426
04/12/2018,ABQ,NM,ASW,WE,Combined TRACON& Tower with Radar,173,61,21,5,260,0,22,21,10,53,173,83,42,15,313,8,6,14,327
04/13/2018,ABQ,NM,ASW,WE,Combined TRACON& Tower with Radar,167,75,21,13,276,0,15,10,10,35,167,90,31,23,311,14,6,20,331
04/14/2018,ABQ,NM,ASW,WE,Combined TRACON& Tower with Radar,124,39,31,8,202,0,5,74,4,83,124,44,105,12,285,38,2,40,325
04/15/2018,ABQ,NM,ASW,WE,Combined TRACON& Tower with Radar,162,45,21,12,240,0,11,55,1,67,162,56,76,13,307,0,0,0,307
04/16/2018,ABQ,NM,ASW,WE,Combined TRACON& Tower with Radar,167,61,29,9,266,0,16,46,45,107,167,77,75,54,373,12,30,42,415
04/17/2018,ABQ,NM,ASW,WE,Combined TRACON& Tower with Radar,169,87,32,1,289,0,22,17,11,50,169,109,49,12,339,2,6,8,347
04/18/2018,ABQ,NM,ASW,WE,Combined TRACON& Tower with Radar,175,71,51,17,314,0,20,107,47,174,175,91,158,64,488,16,16,32,520
04/19/2018,ABQ,NM,ASW,WE,Combined TRACON& Tower with Radar,177,68,26,9,280,0,25,17,25,67,177,93,43,34,347,8,4,12,359
04/20/2018,ABQ,NM,ASW,WE,Combined TRACON& Tower with Radar,174,73,27,8,282,0,18,27,18,63,174,91,54,26,345,0,18,18,363
04/21/2018,ABQ,NM,ASW,WE,Combined TRACON& Tower with Radar,121,48,27,1,197,0,7,57,6,70,121,55,84,7,267,62,0,62,329
04/22/2018,ABQ,NM,ASW,WE,Combined TRACON& Tower with Radar,175,41,48,0,264,0,7,80,4,91,175,48,128,4,355,70,0,70,425
04/23/2018,ABQ,NM,ASW,WE,Combined TRACON& Tower with Radar,161,60,31,9,261,0,12,82,37,131,161,72,113,46,392,2,18,20,412
04/24/2018,ABQ,NM,ASW,WE,Combined TRACON& Tower with Radar,166,62,25,12,265,0,38,47,47,132,166,100,72,59,397,12,8,20,417
04/25/2018,ABQ,NM,ASW,WE,Combined TRACON& Tower with Radar,179,57,31,19,286,0,30,54,41,125,179,87,85,60,411,0,4,4,415
04/26/2018,ABQ,NM,ASW,WE,Combined TRACON& Tower with Radar,178,70,36,14,298,0,51,54,44,149,178,121,90,58,447,10,12,22,469
04/27/2018,ABQ,NM,ASW,WE,Combined TRACON& Tower with Radar,174,64,29,7,274,0,31,60,27,118,174,95,89,34,392,2,2,4,396
04/28/2018,ABQ,NM,ASW,WE,Combined TRACON& Tower with Radar,133,40,16,8,197,0,16,48,5,69,133,56,64,13,266,44,2,46,312
04/29/2018,ABQ,NM,ASW,WE,Combined TRACON& Tower with Radar,165,22,24,3,214,0,9,40,1,50,165,31,64,4,264,48,0,48,312
04/30/2018,ABQ,NM,ASW,WE,Combined TRACON& Tower with Radar,171,66,43,3,283,0,14,65,42,121,171,80,108,45,404,4,4,8,412
05/01/2018,ABQ,NM,ASW,WE,Combined TRACON& Tower with Radar,165,53,34,17,269,0,22,36,64,122,165,75,70,81,391,0,46,46,437
05/02/2018,ABQ,NM,ASW,WE,Combined TRACON& Tower with Radar,178,48,35,35,296,2,19,37,55,113,180,67,72,90,409,12,26,38,447
05/03/2018,ABQ,NM,ASW,WE,Combined TRACON& Tower with Radar,178,59,54,38,329,0,25,64,64,153,178,84,118,102,482,8,18,26,508
05/04/2018,ABQ,NM,ASW,WE,Combined TRACON& Tower with Radar,181,56,48,42,327,0,25,70,26,121,181,81,118,68,448,12,14,26,474
05/05/2018,ABQ,NM,ASW,WE,Combined TRACON& Tower with Radar,131,32,27,11,201,0,29,77,22,128,131,61,104,33,329,120,12,132,461
05/06/2018,ABQ,NM,ASW,WE,Combined TRACON& Tower with Radar,166,28,25,7,226,0,3,61,5,69,166,31,86,12,295,84,0,84,379
05/07/2018,ABQ,NM,ASW,WE,Combined TRACON& Tower with Radar,172,59,33,6,270,0,28,55,44,127,172,87,88,50,397,40,0,40,437
05/08/2018,ABQ,NM,ASW,WE,Combined TRACON& Tower with Radar,177,64,55,20,316,0,53,73,53,179,177,117,128,73,495,14,38,52,547
05/09/2018,ABQ,NM,ASW,WE,Combined TRACON& Tower with Radar,182,58,65,27,332,0,81,101,60,242,182,139,166,87,574,22,24,46,620
05/10/2018,ABQ,NM,ASW,WE,Combined TRACON& Tower with Radar,185,56,56,23,320,0,28,68,55,151,185,84,124,78,471,2,2,4,475
05/11/2018,ABQ,NM,ASW,WE,Combined TRACON& Tower with Radar,178,71,35,12,296,0,42,61,35,138,178,113,96,47,434,44,0,44,478
05/12/2018,ABQ,NM,ASW,WE,Combined TRACON& Tower with Radar,136,31,19,3,189,0,18,40,14,72,136,49,59,17,261,12,0,12,273
05/13/2018,ABQ,NM,ASW,WE,Combined TRACON& Tower with Radar,163,18,21,0,202,0,5,33,1,39,163,23,54,1,241,50,0,50,291
05/14/2018,ABQ,NM,ASW,WE,Combined TRACON& Tower with Radar,169,48,32,4,253,0,17,71,53,141,169,65,103,57,394,8,30,38,432
05/15/2018,ABQ,NM,ASW,WE,Combined TRACON& Tower with Radar,194,62,39,9,304,0,39,65,39,143,194,101,104,48,447,16,10,26,473
05/16/2018,ABQ,NM,ASW,WE,Combined TRACON& Tower with Radar,177,43,45,13,278,0,48,77,38,163,177,91,122,51,441,24,34,58,499
05/17/2018,ABQ,NM,ASW,WE,Combined TRACON& Tower with Radar,187,59,39,6,291,0,35,63,67,165,187,94,102,73,456,38,20,58,514
05/18/2018,ABQ,NM,ASW,WE,Combined TRACON& Tower with Radar,174,59,39,23,295,0,25,73,42,140,174,84,112,65,435,12,58,70,505
05/19/2018,ABQ,NM,ASW,WE,Combined TRACON& Tower with Radar,137,32,45,7,221,0,18,75,8,101,137,50,120,15,322,72,30,102,424
05/20/2018,ABQ,NM,ASW,WE,Combined TRACON& Tower with Radar,164,30,22,3,219,0,7,18,3,28,164,37,40,6,247,0,0,0,247
05/21/2018,ABQ,NM,ASW,WE,Combined TRACON& Tower with Radar,174,56,32,7,269,0,13,53,0,66,174,69,85,7,335,10,0,10,345
05/22/2018,ABQ,NM,ASW,WE,Combined TRACON& Tower with Radar,189,73,38,12,312,0,27,51,53,131,189,100,89,65,443,26,36,62,505
05/23/2018,ABQ,NM,ASW,WE,Combined TRACON& Tower with Radar,181,44,27,11,263,0,58,55,44,157,181,102,82,55,420,14,4,18,438
05/24/2018,ABQ,NM,ASW,WE,Combined TRACON& Tower with Radar,172,51,33,6,262,0,29,67,5,101,172,80,100,11,363,0,0,0,363
05/25/2018,ABQ,NM,ASW,WE,Combined TRACON& Tower with Radar,169,49,36,3,257,0,25,62,2,89,169,74,98,5,346,0,0,0,346
05/26/2018,ABQ,NM,ASW,WE,Combined TRACON& Tower with Radar,133,32,15,1,181,0,34,45,6,85,133,66,60,7,266,48,0,48,314
05/27/2018,ABQ,NM,ASW,WE,Combined TRACON& Tower with Radar,137,29,9,0,175,0,4,48,3,55,137,33,57,3,230,46,2,48,278
05/28/2018,ABQ,NM,ASW,WE,Combined TRACON& Tower with Radar,179,35,28,0,242,0,5,50,2,57,179,40,78,2,299,6,0,6,305
05/29/2018,ABQ,NM,ASW,WE,Combined TRACON& Tower with Radar,168,50,44,11,273,0,26,58,31,115,168,76,102,42,388,6,6,12,400
05/30/2018,ABQ,NM,ASW,WE,Combined TRACON& Tower with Radar,171,41,42,16,270,0,28,51,53,132,171,69,93,69,402,10,44,54,456
05/31/2018,ABQ,NM,ASW,WE,Combined TRACON& Tower with Radar,186,51,45,4,286,2,24,75,52,153,188,75,120,56,439,2,15,17,456
06/01/2018,ABQ,NM,ASW,WE,Combined TRACON& Tower with Radar,167,49,31,31,278,2,24,84,33,143,169,73,115,64,421,16,14,30,451
06/02/2018,ABQ,NM,ASW,WE,Combined TRACON& Tower with Radar,135,24,17,11,187,0,9,84,17,110,135,33,101,28,297,22,0,22,319
06/03/2018,ABQ,NM,ASW,WE,Combined TRACON& Tower with Radar,169,31,30,7,237,0,8,16,3,27,169,39,46,10,264,10,0,10,274
06/04/2018,ABQ,NM,ASW,WE,Combined TRACON& Tower with Radar,162,49,49,7,267,0,26,76,37,139,162,75,125,44,406,26,4,30,436
06/05/2018,ABQ,NM,ASW,WE,Combined TRACON& Tower with Radar,177,53,40,8,278,0,36,61,56,153,177,89,101,64,431,18,46,64,495
06/06/2018,ABQ,NM,ASW,WE,Combined TRACON& Tower with Radar,175,46,40,18,279,0,21,71,44,136,175,67,111,62,415,2,28,30,445
06/07/2018,ABQ,NM,ASW,WE,Combined TRACON& Tower with Radar,176,57,28,15,276,0,36,98,51,185,176,93,126,66,461,2,30,32,493
06/08/2018,ABQ,NM,ASW,WE,Combined TRACON& Tower with Radar,168,59,30,26,283,0,30,77,32,139,168,89,107,58,422,12,6,18,440
06/09/2018,ABQ,NM,ASW,WE,Combined TRACON& Tower with Radar,152,42,22,12,228,0,10,59,66,135,152,52,81,78,363,4,0,4,367
06/10/2018,ABQ,NM,ASW,WE,Combined TRACON& Tower with Radar,169,28,26,10,233,0,7,54,3,64,169,35,80,13,297,2,0,2,299
06/11/2018,ABQ,NM,ASW,WE,Combined TRACON& Tower with Radar,176,48,29,7,260,0,48,54,37,139,176,96,83,44,399,12,8,20,419
06/12/2018,ABQ,NM,ASW,WE,Combined TRACON& Tower with Radar,172,56,27,27,282,0,28,52,56,136,172,84,79,83,418,0,14,14,432
06/13/2018,ABQ,NM,ASW,WE,Combined TRACON& Tower with Radar,174,60,43,26,303,0,27,32,63,122,174,87,75,89,425,0,0,0,425
06/14/2018,ABQ,NM,ASW,WE,Combined TRACON& Tower with Radar,189,46,24,9,268,5,37,51,37,130,194,83,75,46,398,12,14,26,424
06/15/2018,ABQ,NM,ASW,WE,Combined TRACON& Tower with Radar,176,55,26,11,268,0,35,64,25,124,176,90,90,36,392,12,6,18,410
06/16/2018,ABQ,NM,ASW,WE,Combined TRACON& Tower with Radar,148,49,15,4,216,0,2,5,4,11,148,51,20,8,227,6,0,6,233
06/17/2018,ABQ,NM,ASW,WE,Combined TRACON& Tower with Radar,183,35,12,4,234,1,8,69,1,79,184,43,81,5,313,22,0,22,335
06/18/2018,ABQ,NM,ASW,WE,Combined TRACON& Tower with Radar,166,56,11,13,246,0,13,66,46,125,166,69,77,59,371,42,30,72,443
06/19/2018,ABQ,NM,ASW,WE,Combined TRACON& Tower with Radar,189,47,27,5,268,7,41,54,45,147,196,88,81,50,415,2,6,8,423
06/20/2018,ABQ,NM,ASW,WE,Combined TRACON& Tower with Radar,174,50,49,22,295,0,48,54,64,166,174,98,103,86,461,12,42,54,515
06/21/2018,ABQ,NM,ASW,WE,Combined TRACON& Tower with Radar,185,58,48,14,305,0,56,71,47,174,185,114,119,61,479,16,44,60,539
06/22/2018,ABQ,NM,ASW,WE,Combined TRACON& Tower with Radar,167,55,21,21,264,0,52,55,56,163,167,107,76,77,427,4,38,42,469
06/23/2018,ABQ,NM,ASW,WE,Combined TRACON& Tower with Radar,153,34,19,11,217,0,45,42,1,88,153,79,61,12,305,16,0,16,321
06/24/2018,ABQ,NM,ASW,WE,Combined TRACON& Tower with Radar,194,24,38,7,263,0,12,72,3,87,194,36,110,10,350,16,0,16,366
06/25/2018,ABQ,NM,ASW,WE,Combined TRACON& Tower with Radar,168,36,33,13,250,0,18,53,40,111,168,54,86,53,361,20,24,44,405
06/26/2018,ABQ,NM,ASW,WE,Combined TRACON& Tower with Radar,178,47,35,15,275,0,38,53,42,133,178,85,88,57,408,76,14,90,498
06/27/2018,ABQ,NM,ASW,WE,Combined TRACON& Tower with Radar,181,52,26,11,270,0,34,56,47,137,181,86,82,58,407,74,12,86,493
06/28/2018,ABQ,NM,ASW,WE,Combined TRACON& Tower with Radar,188,65,30,8,291,0,26,68,30,124,188,91,98,38,415,76,16,92,507
06/29/2018,ABQ,NM,ASW,WE,Combined TRACON& Tower with Radar,185,53,46,9,293,0,34,70,7,111,185,87,116,16,404,34,0,34,438
06/30/2018,ABQ,NM,ASW,WE,Combined TRACON& Tower with Radar,162,36,24,0,222,0,30,85,1,116,162,66,109,1,338,32,0,32,370
07/01/2018,ABQ,NM,ASW,WE,Combined TRACON& Tower with Radar,180,37,29,5,251,0,4,61,2,67,180,41,90,7,318,66,0,66,384
07/02/2018,ABQ,NM,ASW,WE,Combined TRACON& Tower with Radar,153,38,28,3,222,0,27,57,47,131,153,65,85,50,353,2,14,16,369
07/03/2018,ABQ,NM,ASW,WE,Combined TRACON& Tower with Radar,154,48,26,16,244,0,46,63,47,156,154,94,89,63,400,24,20,44,444
07/04/2018,ABQ,NM,ASW,WE,Combined TRACON& Tower with Radar,131,31,19,0,181,0,7,48,5,60,131,38,67,5,241,106,0,106,347
07/05/2018,ABQ,NM,ASW,WE,Combined TRACON& Tower with Radar,169,52,23,0,244,0,23,37,1,61,169,75,60,1,305,24,0,24,329
07/06/2018,ABQ,NM,ASW,WE,Combined TRACON& Tower with Radar,166,46,30,7,249,9,23,45,6,83,175,69,75,13,332,10,8,18,350
07/07/2018,ABQ,NM,ASW,WE,Combined TRACON& Tower with Radar,143,41,17,1,202,0,27,49,1,77,143,68,66,2,279,56,0,56,335
07/08/2018,ABQ,NM,ASW,WE,Combined TRACON& Tower with Radar,181,27,19,1,228,0,6,51,0,57,181,33,70,1,285,0,0,0,285
07/09/2018,ABQ,NM,ASW,WE,Combined TRACON& Tower with Radar,164,54,33,1,252,0,23,60,24,107,164,77,93,25,359,24,8,32,391
07/10/2018,ABQ,NM,ASW,WE,Combined TRACON& Tower with Radar,179,54,42,20,295,0,25,49,45,119,179,79,91,65,414,42,22,64,478
07/11/2018,ABQ,NM,ASW,WE,Combined TRACON& Tower with Radar,179,63,33,5,280,0,50,46,36,132,179,113,79,41,412,0,24,24,436
07/12/2018,ABQ,NM,ASW,WE,Combined TRACON& Tower with Radar,174,53,37,12,276,0,35,44,37,116,174,88,81,49,392,22,36,58,450
07/13/2018,ABQ,NM,ASW,WE,Combined TRACON& Tower with Radar,180,55,30,18,283,0,27,52,23,102,180,82,82,41,385,84,8,92,477
07/14/2018,ABQ,NM,ASW,WE,Combined TRACON& Tower with Radar,146,40,17,9,212,0,13,39,3,55,146,53,56,12,267,142,2,144,411
07/15/2018,ABQ,NM,ASW,WE,Combined TRACON& Tower with Radar,185,35,31,9,260,0,12,51,3,66,185,47,82,12,326,100,2,102,428
07/16/2018,ABQ,NM,ASW,WE,Combined TRACON& Tower with Radar,165,51,21,8,245,0,18,42,34,94,165,69,63,42,339,64,30,94,433
07/17/2018,ABQ,NM,ASW,WE,Combined TRACON& Tower with Radar,176,49,31,12,268,0,42,52,34,128,176,91,83,46,396,34,20,54,450
07/18/2018,ABQ,NM,ASW,WE,Combined TRACON& Tower with Radar,177,47,31,12,267,0,59,56,45,160,177,106,87,57,427,4,30,34,461
07/19/2018,ABQ,NM,ASW,WE,Combined TRACON& Tower with Radar,180,43,38,11,272,0,47,42,68,157,180,90,80,79,429,8,58,66,495
07/20/2018,ABQ,NM,ASW,WE,Combined TRACON& Tower with Radar,172,47,35,17,271,0,32,67,41,140,172,79,102,58,411,30,22,52,463
07/21/2018,ABQ,NM,ASW,WE,Combined TRACON& Tower with Radar,144,49,19,11,223,0,18,75,8,101,144,67,94,19,324,90,0,90,414
07/22/2018,ABQ,NM,ASW,WE,Combined TRACON& Tower with Radar,184,31,24,11,250,0,8,60,0,68,184,39,84,11,318,64,4,68,386
07/23/2018,ABQ,NM,ASW,WE,Combined TRACON& Tower with Radar,170,44,31,10,255,0,20,31,47,98,170,64,62,57,353,30,8,38,391
07/24/2018,ABQ,NM,ASW,WE,Combined TRACON& Tower with Radar,187,41,31,5,264,0,30,49,30,109,187,71,80,35,373,14,8,22,395
07/25/2018,ABQ,NM,ASW,WE,Combined TRACON& Tower with Radar,179,53,21,14,267,0,34,53,28,115,179,87,74,42,382,10,4,14,396
07/26/2018,ABQ,NM,ASW,WE,Combined TRACON& Tower with Radar,182,52,23,5,262,0,41,49,31,121,182,93,72,36,383,22,26,48,431
07/27/2018,ABQ,NM,ASW,WE,Combined TRACON& Tower with Radar,168,50,31,12,261,0,24,38,9,71,168,74,69,21,332,20,0,20,352
07/28/2018,ABQ,NM,ASW,WE,Combined TRACON& Tower with Radar,149,50,23,16,238,0,24,59,1,84,149,74,82,17,322,38,2,40,362
07/29/2018,ABQ,NM,ASW,WE,Combined TRACON& Tower with Radar,185,37,26,17,265,0,10,56,2,68,185,47,82,19,333,126,2,128,461
07/30/2018,ABQ,NM,ASW,WE,Combined TRACON& Tower with Radar,174,42,26,5,247,0,27,45,26,98,174,69,71,31,345,36,2,38,383
07/31/2018,ABQ,NM,ASW,WE,Combined TRACON& Tower with Radar,183,62,45,3,293,0,38,66,24,128,183,100,111,27,421,62,20,82,503
08/01/2018,ABQ,NM,ASW,WE,Combined TRACON& Tower with Radar,176,49,28,1,254,0,24,57,36,117,176,73,85,37,371,0,0,0,371
08/02/2018,ABQ,NM,ASW,WE,Combined TRACON& Tower with Radar,174,60,25,9,268,0,31,80,44,155,174,91,105,53,423,22,48,70,493
08/03/2018,ABQ,NM,ASW,WE,Combined TRACON& Tower with Radar,176,56,39,18,289,0,32,65,28,125,176,88,104,46,414,52,22,74,488
08/04/2018,ABQ,NM,ASW,WE,Combined TRACON& Tower with Radar,151,26,19,4,200,0,19,91,10,120,151,45,110,14,320,56,4,60,380
08/05/2018,ABQ,NM,ASW,WE,Combined TRACON& Tower with Radar,177,24,33,9,243,0,9,77,2,88,177,33,110,11,331,106,4,110,441
08/06/2018,ABQ,NM,ASW,WE,Combined TRACON& Tower with Radar,165,56,36,17,274,0,23,63,40,126,165,79,99,57,400,75,2,77,477
08/07/2018,ABQ,NM,ASW,WE,Combined TRACON& Tower with Radar,175,49,25,0,249,0,38,48,45,131,175,87,73,45,380,58,6,64,444
08/08/2018,ABQ,NM,ASW,WE,Combined TRACON& Tower with Radar,189,44,30,18,281,0,27,53,44,124,189,71,83,62,405,14,24,38,443
08/09/2018,ABQ,NM,ASW,WE,Combined TRACON& Tower with Radar,172,46,57,4,279,0,34,51,37,122,172,80,108,41,401,12,36,48,449
08/10/2018,ABQ,NM,ASW,WE,Combined TRACON& Tower with Radar,180,51,31,30,292,0,19,65,35,119,180,70,96,65,411,40,26,66,477
08/11/2018,ABQ,NM,ASW,WE,Combined TRACON& Tower with Radar,134,44,21,0,199,0,15,51,0,66,134,59,72,0,265,72,0,72,337
08/12/2018,ABQ,NM,ASW,WE,Combined TRACON& Tower with Radar,193,23,31,3,250,0,7,65,3,75,193,30,96,6,325,32,0,32,357
08/13/2018,ABQ,NM,ASW,WE,Combined TRACON& Tower with Radar,157,44,25,10,236,0,17,65,42,124,157,61,90,52,360,28,24,52,412
08/14/2018,ABQ,NM,ASW,WE,Combined TRACON& Tower with Radar,178,58,42,9,287,0,28,44,36,108,178,86,86,45,395,24,0,24,419
08/15/2018,ABQ,NM,ASW,WE,Combined TRACON& Tower with Radar,178,54,49,17,298,0,22,45,46,113,178,76,94,63,411,2,14,16,427
08/16/2018,ABQ,NM,ASW,WE,Combined TRACON& Tower with Radar,175,59,40,8,282,0,24,65,42,131,175,83,105,50,413,14,42,56,469
08/17/2018,ABQ,NM,ASW,WE,Combined TRACON& Tower with Radar,170,58,43,9,280,0,24,51,23,98,170,82,94,32,378,78,8,86,464
08/18/2018,ABQ,NM,ASW,WE,Combined TRACON& Tower with Radar,139,44,27,2,212,0,12,52,3,67,139,56,79,5,279,60,0,60,339
08/19/2018,ABQ,NM,ASW,WE,Combined TRACON& Tower with Radar,178,30,24,16,248,0,11,54,5,70,178,41,78,21,318,76,6,82,400
08/20/2018,ABQ,NM,ASW,WE,Combined TRACON& Tower with Radar,163,35,30,4,232,0,19,51,9,79,163,54,81,13,311,50,0,50,361
08/21/2018,ABQ,NM,ASW,WE,Combined TRACON& Tower with Radar,169,48,18,7,242,0,31,44,43,118,169,79,62,50,360,0,0,0,360
08/22/2018,ABQ,NM,ASW,WE,Combined TRACON& Tower with Radar,175,54,45,10,284,0,18,36,68,122,175,72,81,78,406,48,22,70,476
08/23/2018,ABQ,NM,ASW,WE,Combined TRACON& Tower with Radar,183,69,36,5,293,0,26,67,43,136,183,95,103,48,429,14,2,16,445
08/24/2018,ABQ,NM,ASW,WE,Combined TRACON& Tower with Radar,174,51,40,21,286,0,23,52,32,107,174,74,92,53,393,30,48,78,471
08/25/2018,ABQ,NM,ASW,WE,Combined TRACON& Tower with Radar,145,27,22,3,197,0,11,47,12,70,145,38,69,15,267,40,0,40,307
08/26/2018,ABQ,NM,ASW,WE,Combined TRACON& Tower with Radar,182,25,33,3,243,0,6,49,7,62,182,31,82,10,305,70,0,70,375
08/27/2018,ABQ,NM,ASW,WE,Combined TRACON& Tower with Radar,164,36,34,8,242,0,25,57,31,113,164,61,91,39,355,110,18,128,483
08/28/2018,ABQ,NM,ASW,WE,Combined TRACON& Tower with Radar,160,51,29,12,252,0,32,51,35,118,160,83,80,47,370,28,8,36,406
08/29/2018,ABQ,NM,ASW,WE,Combined TRACON& Tower with Radar,178,34,38,9,259,0,50,67,49,166,178,84,105,58,425,42,16,58,483
08/30/2018,ABQ,NM,ASW,WE,Combined TRACON& Tower with Radar,178,47,34,6,265,0,32,103,50,185,178,79,137,56,450,14,34,48,498
08/31/2018,ABQ,NM,ASW,WE,Combined TRACON& Tower with Radar,181,48,42,5,276,0,25,71,23,119,181,73,113,28,395,48,0,48,443
09/01/2018,ABQ,NM,ASW,WE,Combined TRACON& Tower with Radar,131,32,10,0,173,0,8,15,5,28,131,40,25,5,201,11,5,16,217
09/02/2018,ABQ,NM,ASW,WE,Combined TRACON& Tower with Radar,134,24,15,0,173,0,19,38,4,61,134,43,53,4,234,38,0,38,272
09/03/2018,ABQ,NM,ASW,WE,Combined TRACON& Tower with Radar,151,39,22,2,214,0,7,42,0,49,151,46,64,2,263,26,0,26,289
09/04/2018,ABQ,NM,ASW,WE,Combined TRACON& Tower with Radar,163,51,19,14,247,0,33,41,44,118,163,84,60,58,365,26,12,38,403
09/05/2018,ABQ,NM,ASW,WE,Combined TRACON& Tower with Radar,172,52,28,9,261,0,27,44,57,128,172,79,72,66,389,28,38,66,455
09/06/2018,ABQ,NM,ASW,WE,Combined TRACON& Tower with Radar,170,56,28,11,265,0,25,50,39,114,170,81,78,50,379,42,8,50,429
09/07/2018,ABQ,NM,ASW,WE,Combined TRACON& Tower with Radar,167,64,51,26,308,0,28,59,19,106,167,92,110,45,414,44,10,54,468
09/08/2018,ABQ,NM,ASW,WE,Combined TRACON& Tower with Radar,146,37,26,3,212,0,22,81,19,122,146,59,107,22,334,100,10,110,444
09/09/2018,ABQ,NM,ASW,WE,Combined TRACON& Tower with Radar,174,26,22,6,228,0,9,61,5,75,174,35,83,11,303,16,0,16,319
09/10/2018,ABQ,NM,ASW,WE,Combined TRACON& Tower with Radar,162,39,32,7,240,0,18,52,42,112,162,57,84,49,352,12,18,30,382
09/11/2018,ABQ,NM,ASW,WE,Combined TRACON& Tower with Radar,165,46,38,11,260,0,43,50,29,122,165,89,88,40,382,24,4,28,410
09/12/2018,ABQ,NM,ASW,WE,Combined TRACON& Tower with Radar,178,46,32,12,268,0,69,49,43,161,178,115,81,55,429,8,38,46,475
09/13/2018,ABQ,NM,ASW,WE,Combined TRACON& Tower with Radar,174,47,33,13,267,0,38,63,50,151,174,85,96,63,418,54,18,72,490
09/14/2018,ABQ,NM,ASW,WE,Combined TRACON& Tower with Radar,170,41,40,53,304,0,35,68,44,147,170,76,108,97,451,30,78,108,559
09/15/2018,ABQ,NM,ASW,WE,Combined TRACON& Tower with Radar,137,29,26,12,204,0,16,65,7,88,137,45,91,19,292,18,12,30,322
09/16/2018,ABQ,NM,ASW,WE,Combined TRACON& Tower with Radar,168,24,20,18,230,0,8,58,2,68,168,32,78,20,298,12,14,26,324
09/17/2018,ABQ,NM,ASW,WE,Combined TRACON& Tower with Radar,164,36,29,8,237,0,20,61,32,113,164,56,90,40,350,72,34,106,456
09/18/2018,ABQ,NM,ASW,WE,Combined TRACON& Tower with Radar,159,52,37,19,267,0,32,67,35,134,159,84,104,54,401,32,48,80,481
09/19/2018,ABQ,NM,ASW,WE,Combined TRACON& Tower with Radar,174,42,38,15,269,0,28,52,44,124,174,70,90,59,393,4,18,22,415
09/20/2018,ABQ,NM,ASW,WE,Combined TRACON& Tower with Radar,175,61,38,17,291,0,25,14,43,82,175,86,52,60,373,24,20,44,417
09/21/2018,ABQ,NM,ASW,WE,Combined TRACON& Tower with Radar,176,50,42,17,285,0,30,51,34,115,176,80,93,51,400,2,4,6,406
09/22/2018,ABQ,NM,ASW,WE,Combined TRACON& Tower with Radar,143,32,21,0,196,0,10,62,1,73,143,42,83,1,269,36,16,52,321
09/23/2018,ABQ,NM,ASW,WE,Combined TRACON& Tower with Radar,171,27,45,6,249,0,17,61,0,78,171,44,106,6,327,98,0,98,425
09/24/2018,ABQ,NM,ASW,WE,Combined TRACON& Tower with Radar,162,44,30,8,244,0,21,53,9,83,162,65,83,17,327,18,2,20,347
09/25/2018,ABQ,NM,ASW,WE,Combined TRACON& Tower with Radar,164,53,37,19,273,0,28,45,56,129,164,81,82,75,402,38,30,68,470
09/26/2018,ABQ,NM,ASW,WE,Combined TRACON& Tower with Radar,167,45,32,17,261,0,31,33,70,134,167,76,65,87,395,0,34,34,429
09/27/2018,ABQ,NM,ASW,WE,Combined TRACON& Tower with Radar,175,54,27,15,271,0,28,62,31,121,175,82,89,46,392,0,54,54,446
09/28/2018,ABQ,NM,ASW,WE,Combined TRACON& Tower with Radar,173,42,49,9,273,0,27,77,8,112,173,69,126,17,385,42,0,42,427
09/29/2018,ABQ,NM,ASW,WE,Combined TRACON& Tower with Radar,141,33,27,3,204,0,6,85,2,93,141,39,112,5,297,30,8,38,335
09/30/2018,ABQ,NM,ASW,WE,Combined TRACON& Tower with Radar,174,29,25,7,235,0,14,47,0,61,174,43,72,7,296,16,0,16,312
10/01/2018,ABQ,NM,ASW,WE,Combined TRACON& Tower with Radar,161,42,20,3,226,0,14,41,45,100,161,56,61,48,326,20,18,38,364
10/02/2018,ABQ,NM,ASW,WE,Combined TRACON& Tower with Radar,162,63,28,21,274,0,26,32,44,102,162,89,60,65,376,18,36,54,430
10/03/2018,ABQ,NM,ASW,WE,Combined TRACON& Tower with Radar,167,57,43,8,275,0,28,44,36,108,167,85,87,44,383,8,2,10,393
10/04/2018,ABQ,NM,ASW,WE,Combined TRACON& Tower with Radar,180,47,47,19,293,0,30,57,53,140,180,77,104,72,433,26,42,68,501
10/05/2018,ABQ,NM,ASW,WE,Combined TRACON& Tower with Radar,187,52,47,15,301,0,34,70,22,126,187,86,117,37,427,0,0,0,427
10/06/2018,ABQ,NM,ASW,WE,Combined TRACON& Tower with Radar,141,36,29,0,206,0,9,48,5,62,141,45,77,5,268,16,0,16,284
10/07/2018,ABQ,NM,ASW,WE,Combined TRACON& Tower with Radar,186,28,34,2,250,0,2,27,4,33,186,30,61,6,283,2,0,2,285
10/08/2018,ABQ,NM,ASW,WE,Combined TRACON& Tower with Radar,167,45,52,11,275,0,12,50,6,68,167,57,102,17,343,26,0,26,369
10/09/2018,ABQ,NM,ASW,WE,Combined TRACON& Tower with Radar,169,53,42,20,284,0,26,57,55,138,169,79,99,75,422,18,10,28,450
10/10/2018,ABQ,NM,ASW,WE,Combined TRACON& Tower with Radar,177,36,41,8,262,0,37,72,40,149,177,73,113,48,411,4,6,10,421
10/11/2018,ABQ,NM,ASW,WE,Combined TRACON& Tower with Radar,179,60,39,14,292,0,22,52,57,131,179,82,91,71,423,46,18,64,487
10/12/2018,ABQ,NM,ASW,WE,Combined TRACON& Tower with Radar,175,64,42,15,296,0,18,74,36,128,175,82,116,51,424,64,22,86,510
10/13/2018,ABQ,NM,ASW,WE,Combined TRACON& Tower with Radar,148,43,36,16,243,0,9,78,5,92,148,52,114,21,335,56,8,64,399
10/14/2018,ABQ,NM,ASW,WE,Combined TRACON& Tower with Radar,180,25,48,17,270,0,3,10,3,16,180,28,58,20,286,8,0,8,294
10/15/2018,ABQ,NM,ASW,WE,Combined TRACON& Tower with Radar,163,41,37,21,262,0,4,10,43,57,163,45,47,64,319,0,32,32,351
10/16/2018,ABQ,NM,ASW,WE,Combined TRACON& Tower with Radar,174,41,49,12,276,0,21,18,40,79,174,62,67,52,355,2,18,20,375
10/17/2018,ABQ,NM,ASW,WE,Combined TRACON& Tower with Radar,172,54,29,4,259,0,13,11,39,63,172,67,40,43,322,14,28,42,364
10/18/2018,ABQ,NM,ASW,WE,Combined TRACON& Tower with Radar,178,60,47,31,316,0,16,72,62,150,178,76,119,93,466,66,20,86,552
10/19/2018,ABQ,NM,ASW,WE,Combined TRACON& Tower with Radar,177,50,31,38,296,0,24,71,39,134,177,74,102,77,430,54,26,80,510
10/20/2018,ABQ,NM,ASW,WE,Combined TRACON& Tower with Radar,142,28,25,9,204,0,8,56,14,78,142,36,81,23,282,20,4,24,306
10/21/2018,ABQ,NM,ASW,WE,Combined TRACON& Tower with Radar,173,22,37,7,239,0,6,54,3,63,173,28,91,10,302,36,2,38,340
10/22/2018,ABQ,NM,ASW,WE,Combined TRACON& Tower with Radar,170,49,34,10,263,0,8,62,52,122,170,57,96,62,385,20,16,36,421
10/23/2018,ABQ,NM,ASW,WE,Combined TRACON& Tower with Radar,169,76,34,26,305,1,18,20,33,72,170,94,54,59,377,12,20,32,409
10/24/2018,ABQ,NM,ASW,WE,Combined TRACON& Tower with Radar,181,69,39,8,297,0,10,6,29,45,181,79,45,37,342,6,0,6,348
10/25/2018,ABQ,NM,ASW,WE,Combined TRACON& Tower with Radar,177,46,47,5,275,0,24,57,59,140,177,70,104,64,415,6,0,6,421
10/26/2018,ABQ,NM,ASW,WE,Combined TRACON& Tower with Radar,176,43,42,34,295,0,33,80,44,157,176,76,122,78,452,40,20,60,512
10/27/2018,ABQ,NM,ASW,WE,Combined TRACON& Tower with Radar,142,35,19,0,196,0,22,66,3,91,142,57,85,3,287,56,0,56,343
10/28/2018,ABQ,NM,ASW,WE,Combined TRACON& Tower with Radar,163,30,33,0,226,0,13,65,0,78,163,43,98,0,304,40,0,40,344
10/29/2018,ABQ,NM,ASW,WE,Combined TRACON& Tower with Radar,154,37,36,14,241,0,30,50,3,83,154,67,86,17,324,4,0,4,328
10/30/2018,ABQ,NM,ASW,WE,Combined TRACON& Tower with Radar,143,44,31,11,229,0,29,52,33,114,143,73,83,44,343,10,6,16,359
10/31/2018,ABQ,NM,ASW,WE,Combined TRACON& Tower with Radar,133,60,24,15,232,0,14,16,36,66,133,74,40,51,298,2,22,24,322
11/01/2018,ABQ,NM,ASW,WE,Combined TRACON& Tower with Radar,161,52,37,10,260,0,43,71,53,167,161,95,108,63,427,10,50,60,487
11/02/2018,ABQ,NM,ASW,WE,Combined TRACON& Tower with Radar,165,33,54,20,272,0,33,78,50,161,165,66,132,70,433,36,18,54,487
11/03/2018,ABQ,NM,ASW,WE,Combined TRACON& Tower with Radar,135,18,14,7,174,0,10,25,14,49,135,28,39,21,223,16,4,20,243
11/04/2018,ABQ,NM,ASW,WE,Combined TRACON& Tower with Radar,153,33,21,19,226,0,11,63,6,80,153,44,84,25,306,48,2,50,356
11/05/2018,ABQ,NM,ASW,WE,Combined TRACON& Tower with Radar,155,39,37,10,241,0,14,43,45,102,155,53,80,55,343,30,6,36,379
11/06/2018,ABQ,NM,ASW,WE,Combined TRACON& Tower with Radar,149,65,24,10,248,0,42,52,63,157,149,107,76,73,405,24,7,31,436
11/07/2018,ABQ,NM,ASW,WE,Combined TRACON& Tower with Radar,160,55,39,18,272,0,38,76,44,158,160,93,115,62,430,0,6,6,436
11/08/2018,ABQ,NM,ASW,WE,Combined TRACON& Tower with Radar,163,54,33,19,269,0,22,72,51,145,163,76,105,70,414,0,22,22,436
11/09/2018,ABQ,NM,ASW,WE,Combined TRACON& Tower with Radar,157,60,43,13,273,0,21,68,23,112,157,81,111,36,385,14,20,34,419
11/10/2018,ABQ,NM,ASW,WE,Combined TRACON& Tower with Radar,137,30,16,4,187,0,18,79,3,100,137,48,95,7,287,58,6,64,351
11/11/2018,ABQ,NM,ASW,WE,Combined TRACON& Tower with Radar,163,31,22,2,218,0,9,24,3,36,163,40,46,5,254,44,0,44,298
11/12/2018,ABQ,NM,ASW,WE,Combined TRACON& Tower with Radar,156,57,30,0,243,0,8,28,0,36,156,65,58,0,279,0,0,0,279
11/13/2018,ABQ,NM,ASW,WE,Combined TRACON& Tower with Radar,156,58,30,16,260,0,32,77,59,168,156,90,107,75,428,0,44,44,472
11/14/2018,ABQ,NM,ASW,WE,Combined TRACON& Tower with Radar,161,40,24,13,238,0,33,57,43,133,161,73,81,56,371,0,0,0,371
11/15/2018,ABQ,NM,ASW,WE,Combined TRACON& Tower with Radar,164,46,25,4,239,0,26,73,41,140,164,72,98,45,379,18,20,38,417
11/16/2018,ABQ,NM,ASW,WE,Combined TRACON& Tower with Radar,166,65,39,24,294,0,22,67,33,122,166,87,106,57,416,22,22,44,460
11/17/2018,ABQ,NM,ASW,WE,Combined TRACON& Tower with Radar,148,28,34,1,211,0,10,71,0,81,148,38,105,1,292,32,0,32,324
11/18/2018,ABQ,NM,ASW,WE,Combined TRACON& Tower with Radar,160,39,22,2,223,0,7,40,0,47,160,46,62,2,270,32,0,32,302
11/19/2018,ABQ,NM,ASW,WE,Combined TRACON& Tower with Radar,149,52,21,15,237,0,18,45,49,112,149,70,66,64,349,10,38,48,397
11/20/2018,ABQ,NM,ASW,WE,Combined TRACON& Tower with Radar,174,52,27,22,275,0,36,70,53,159,174,88,97,75,434,8,54,62,496
11/21/2018,ABQ,NM,ASW,WE,Combined TRACON& Tower with Radar,178,49,40,3,270,0,38,88,26,152,178,87,128,29,422,48,8,56,478
11/22/2018,ABQ,NM,ASW,WE,Combined TRACON& Tower with Radar,94,30,17,0,141,0,3,17,2,22,94,33,34,2,163,10,0,10,173
11/23/2018,ABQ,NM,ASW,WE,Combined TRACON& Tower with Radar,115,45,20,2,182,0,33,45,0,78,115,78,65,2,260,14,0,14,274
11/24/2018,ABQ,NM,ASW,WE,Combined TRACON& Tower with Radar,168,35,35,2,240,0,7,27,0,34,168,42,62,2,274,2,0,2,276
11/25/2018,ABQ,NM,ASW,WE,Combined TRACON& Tower with Radar,166,37,40,4,247,0,9,37,0,46,166,46,77,4,293,54,0,54,347
11/26/2018,ABQ,NM,ASW,WE,Combined TRACON& Tower with Radar,180,46,46,4,276,0,21,61,4,86,180,67,107,8,362,8,0,8,370
11/27/2018,ABQ,NM,ASW,WE,Combined TRACON& Tower with Radar,165,47,24,21,257,0,43,51,63,157,165,90,75,84,414,72,42,114,528
11/28/2018,ABQ,NM,ASW,WE,Combined TRACON& Tower with Radar,161,41,37,22,261,0,30,71,70,171,161,71,108,92,432,0,22,22,454
11/29/2018,ABQ,NM,ASW,WE,Combined TRACON& Tower with Radar,164,48,51,15,278,0,26,64,50,140,164,74,115,65,418,60,20,80,498
11/30/2018,ABQ,NM,ASW,WE,Combined TRACON& Tower with Radar,152,65,32,6,255,0,10,24,46,80,152,75,56,52,335,18,20,38,373
12/01/2018,ABQ,NM,ASW,WE,Combined TRACON& Tower with Radar,122,40,23,3,188,1,16,30,21,68,123,56,53,24,256,0,10,10,266
12/02/2018,ABQ,NM,ASW,WE,Combined TRACON& Tower with Radar,151,21,21,4,197,0,2,3,3,8,151,23,24,7,205,0,0,0,205
12/03/2018,ABQ,NM,ASW,WE,Combined TRACON& Tower with Radar,150,38,33,8,229,0,19,52,54,125,150,57,85,62,354,6,62,68,422
12/04/2018,ABQ,NM,ASW,WE,Combined TRACON& Tower with Radar,147,61,33,13,254,0,31,77,55,163,147,92,110,68,417,22,22,44,461
12/05/2018,ABQ,NM,ASW,WE,Combined TRACON& Tower with Radar,160,52,37,9,258,0,33,63,2,98,160,85,100,11,356,8,0,8,364
12/06/2018,ABQ,NM,ASW,WE,Combined TRACON& Tower with Radar,161,65,36,10,272,0,26,53,58,137,161,91,89,68,409,0,42,42,451
12/07/2018,ABQ,NM,ASW,WE,Combined TRACON& Tower with Radar,162,72,42,5,281,0,16,19,36,71,162,88,61,41,352,10,22,32,384
12/08/2018,ABQ,NM,ASW,WE,Combined TRACON& Tower with Radar,122,31,25,10,188,0,6,48,3,57,122,37,73,13,245,22,10,32,277
12/09/2018,ABQ,NM,ASW,WE,Combined TRACON& Tower with Radar,146,36,18,3,203,0,7,46,1,54,146,43,64,4,257,32,0,32,289
12/10/2018,ABQ,NM,ASW,WE,Combined TRACON& Tower with Radar,154,58,45,14,271,0,18,58,64,140,154,76,103,78,411,18,40,58,469
12/11/2018,ABQ,NM,ASW,WE,Combined TRACON& Tower with Radar,148,64,55,17,284,0,35,74,51,160,148,99,129,68,444,42,26,68,512
12/12/2018,ABQ,NM,ASW,WE,Combined TRACON& Tower with Radar,160,71,39,16,286,0,38,47,43,128,160,109,86,59,414,28,0,28,442
12/13/2018,ABQ,NM,ASW,WE,Combined TRACON& Tower with Radar,166,64,40,11,281,0,37,57,46,140,166,101,97,57,421,26,30,56,477
12/14/2018,ABQ,NM,ASW,WE,Combined TRACON& Tower with Radar,158,60,36,33,287,0,35,87,9,131,158,95,123,42,418,50,2,52,470
12/15/2018,ABQ,NM,ASW,WE,Combined TRACON& Tower with Radar,125,27,34,9,195,0,24,46,7,77,125,51,80,16,272,42,16,58,330
12/16/2018,ABQ,NM,ASW,WE,Combined TRACON& Tower with Radar,151,29,16,27,223,0,6,48,2,56,151,35,64,29,279,12,6,18,297
12/17/2018,ABQ,NM,ASW,WE,Combined TRACON& Tower with Radar,151,57,44,10,262,0,7,56,62,125,151,64,100,72,387,32,28,60,447
12/18/2018,ABQ,NM,ASW,WE,Combined TRACON& Tower with Radar,155,55,27,11,248,0,28,52,42,122,155,83,79,53,370,8,22,30,400
12/19/2018,ABQ,NM,ASW,WE,Combined TRACON& Tower with Radar,165,67,39,16,287,0,39,43,54,136,165,106,82,70,423,12,32,44,467
12/20/2018,ABQ,NM,ASW,WE,Combined TRACON& Tower with Radar,176,55,25,4,260,0,51,77,57,185,176,106,102,61,445,16,24,40,485
12/21/2018,ABQ,NM,ASW,WE,Combined TRACON& Tower with Radar,187,79,43,12,321,0,56,70,12,138,187,135,113,24,459,22,6,28,487
12/22/2018,ABQ,NM,ASW,WE,Combined TRACON& Tower with Radar,163,43,29,0,235,0,17,62,1,80,163,60,91,1,315,8,0,8,323
12/23/2018,ABQ,NM,ASW,WE,Combined TRACON& Tower with Radar,177,32,14,0,223,0,8,41,0,49,177,40,55,0,272,42,0,42,314
12/24/2018,ABQ,NM,ASW,WE,Combined TRACON& Tower with Radar,125,39,11,0,175,0,25,38,0,63,125,64,49,0,238,26,0,26,264
12/25/2018,ABQ,NM,ASW,WE,Combined TRACON& Tower with Radar,120,30,8,0,158,0,10,11,1,22,120,40,19,1,180,0,0,0,180
12/26/2018,ABQ,NM,ASW,WE,Combined TRACON& Tower with Radar,173,85,32,2,292,0,4,1,0,5,173,89,33,2,297,0,0,0,297
12/27/2018,ABQ,NM,ASW,WE,Combined TRACON& Tower with Radar,182,69,37,8,296,0,15,70,14,99,182,84,107,22,395,42,0,42,437
12/28/2018,ABQ,NM,ASW,WE,Combined TRACON& Tower with Radar,112,67,19,0,198,0,3,6,0,9,112,70,25,0,207,42,0,42,249
12/29/2018,ABQ,NM,ASW,WE,Combined TRACON& Tower with Radar,165,56,38,2,261,8,12,27,5,52,173,68,65,7,313,8,0,8,321
12/30/2018,ABQ,NM,ASW,WE,Combined TRACON& Tower with Radar,171,31,33,0,235,0,5,54,4,63,171,36,87,4,298,12,0,12,310
12/31/2018,ABQ,NM,ASW,WE,Combined TRACON& Tower with Radar,135,50,27,0,212,0,5,20,3,28,135,55,47,3,240,4,8,12,252
01/01/2019,ABQ,NM,ASW,WE,Combined TRACON& Tower with Radar,121,26,7,0,154,0,0,0,0,0,121,26,7,0,154,0,0,0,154
01/02/2019,ABQ,NM,ASW,WE,Combined TRACON& Tower with Radar,169,83,39,1,292,0,17,11,0,28,169,100,50,1,320,86,26,112,432
01/03/2019,ABQ,NM,ASW,WE,Combined TRACON& Tower with Radar,160,49,38,14,261,0,38,44,47,129,160,87,82,61,390,56,28,84,474
01/04/2019,ABQ,NM,ASW,WE,Combined TRACON& Tower with Radar,154,48,41,24,267,0,32,77,41,150,154,80,118,65,417,34,44,78,495
01/05/2019,ABQ,NM,ASW,WE,Combined TRACON& Tower with Radar,113,50,24,9,196,0,8,57,22,87,113,58,81,31,283,44,24,68,351
01/06/2019,ABQ,NM,ASW,WE,Combined TRACON& Tower with Radar,159,46,17,3,225,0,4,17,2,23,159,50,34,5,248,52,4,56,304
01/07/2019,ABQ,NM,ASW,WE,Combined TRACON& Tower with Radar,137,41,30,16,224,0,17,31,38,86,137,58,61,54,310,6,10,16,326
01/08/2019,ABQ,NM,ASW,WE,Combined TRACON& Tower with Radar,127,48,55,13,243,0,76,66,43,185,127,124,121,56,428,4,20,24,452
01/09/2019,ABQ,NM,ASW,WE,Combined TRACON& Tower with Radar,132,53,32,29,246,0,35,51,46,132,132,88,83,75,378,30,30,60,438
01/10/2019,ABQ,NM,ASW,WE,Combined TRACON& Tower with Radar,146,55,29,21,251,0,19,44,42,105,146,74,73,63,356,20,44,64,420
01/11/2019,ABQ,NM,ASW,WE,Combined TRACON& Tower with Radar,142,78,28,47,295,0,9,13,24,46,142,87,41,71,341,2,34,36,377
01/12/2019,ABQ,NM,ASW,WE,Combined TRACON& Tower with Radar,102,37,32,9,180,0,13,56,1,70,102,50,88,10,250,36,0,36,286
01/13/2019,ABQ,NM,ASW,WE,Combined TRACON& Tower with Radar,132,25,21,5,183,0,1,2,0,3,132,26,23,5,186,0,0,0,186
01/14/2019,ABQ,NM,ASW,WE,Combined TRACON& Tower with Radar,139,55,32,2,228,0,3,38,47,88,139,58,70,49,316,18,14,32,348
01/15/2019,ABQ,NM,ASW,WE,Combined TRACON& Tower with Radar,126,73,45,11,255,0,15,23,57,95,126,88,68,68,350,4,32,36,386
01/16/2019,ABQ,NM,ASW,WE,Combined TRACON& Tower with Radar,136,62,47,14,259,0,18,49,61,128,136,80,96,75,387,12,24,36,423
01/17/2019,ABQ,NM,ASW,WE,Combined TRACON& Tower with Radar,150,48,40,31,269,0,40,65,77,182,150,88,105,108,451,16,50,66,517
01/18/2019,ABQ,NM,ASW,WE,Combined TRACON& Tower with Radar,147,66,24,8,245,0,10,7,17,34,147,76,31,25,279,4,10,14,293
01/19/2019,ABQ,NM,ASW,WE,Combined TRACON& Tower with Radar,104,28,26,18,176,0,13,54,1,68,104,41,80,19,244,12,8,20,264
01/20/2019,ABQ,NM,ASW,WE,Combined TRACON& Tower with Radar,129,22,22,11,184,0,13,54,12,79,129,35,76,23,263,54,10,64,327
01/21/2019,ABQ,NM,ASW,WE,Combined TRACON& Tower with Radar,135,45,32,2,214,0,16,25,2,43,135,61,57,4,257,14,0,14,271
01/22/2019,ABQ,NM,ASW,WE,Combined TRACON& Tower with Radar,129,67,25,25,246,0,28,11,45,84,129,95,36,70,330,4,50,54,384
01/23/2019,ABQ,NM,ASW,WE,Combined TRACON& Tower with Radar,129,52,57,10,248,0,28,69,53,150,129,80,126,63,398,4,4,8,406
01/24/2019,ABQ,NM,ASW,WE,Combined TRACON& Tower with Radar,150,48,33,12,243,0,35,50,48,133,150,83,83,60,376,10,8,18,394
01/25/2019,ABQ,NM,ASW,WE,Combined TRACON& Tower with Radar,144,46,71,17,278,0,20,70,33,123,144,66,141,50,401,44,16,60,461
01/26/2019,ABQ,NM,ASW,WE,Combined TRACON& Tower with Radar,101,27,23,4,155,0,11,72,2,85,101,38,95,6,240,30,2,32,272
01/27/2019,ABQ,NM,ASW,WE,Combined TRACON& Tower with Radar,131,34,40,2,207,0,9,85,2,96,131,43,125,4,303,46,0,46,349
01/28/2019,ABQ,NM,ASW,WE,Combined TRACON& Tower with Radar,132,48,42,17,239,0,8,57,1,66,132,56,99,18,305,4,6,10,315
01/29/2019,ABQ,NM,ASW,WE,Combined TRACON& Tower with Radar,123,61,46,20,250,0,38,62,43,143,123,99,108,63,393,36,34,70,463
01/30/2019,ABQ,NM,ASW,WE,Combined TRACON& Tower with Radar,125,50,49,7,231,0,36,72,53,161,125,86,121,60,392,26,8,34,426
01/31/2019,ABQ,NM,ASW,WE,Combined TRACON& Tower with Radar,140,38,31,40,249,0,58,66,72,196,140,96,97,112,445,8,46,54,499
02/01/2019,ABQ,NM,ASW,WE,Combined TRACON& Tower with Radar,148,57,46,36,287,0,36,70,25,131,148,93,116,61,418,14,28,42,460
02/02/2019,ABQ,NM,ASW,WE,Combined TRACON& Tower with Radar,100,44,37,11,192,0,30,71,4,105,100,74,108,15,297,36,0,36,333
02/03/2019,ABQ,NM,ASW,WE,Combined TRACON& Tower with Radar,115,33,9,10,167,0,2,44,4,50,115,35,53,14,217,20,2,22,239
02/04/2019,ABQ,NM,ASW,WE,Combined TRACON& Tower with Radar,138,49,34,10,231,0,4,48,31,83,138,53,82,41,314,4,8,12,326
02/05/2019,ABQ,NM,ASW,WE,Combined TRACON& Tower with Radar,127,63,34,31,255,0,32,40,60,132,127,95,74,91,387,8,110,118,505
02/06/2019,ABQ,NM,ASW,WE,Combined TRACON& Tower with Radar,138,66,31,10,245,0,30,7,25,62,138,96,38,35,307,0,12,12,319
02/07/2019,ABQ,NM,ASW,WE,Combined TRACON& Tower with Radar,145,62,30,26,263,0,46,72,67,185,145,108,102,93,448,0,50,50,498
02/08/2019,ABQ,NM,ASW,WE,Combined TRACON& Tower with Radar,147,41,43,61,292,0,44,84,25,153,147,85,127,86,445,34,42,76,521
02/09/2019,ABQ,NM,ASW,WE,Combined TRACON& Tower with Radar,100,35,29,29,193,0,21,80,9,110,100,56,109,38,303,24,4,28,331
02/10/2019,ABQ,NM,ASW,WE,Combined TRACON& Tower with Radar,134,34,16,16,200,0,10,54,4,68,134,44,70,20,268,28,4,32,300
02/11/2019,ABQ,NM,ASW,WE,Combined TRACON& Tower with Radar,140,49,32,16,237,0,10,21,40,71,140,59,53,56,308,6,8,14,322
02/12/2019,ABQ,NM,ASW,WE,Combined TRACON& Tower with Radar,130,63,39,33,265,0,45,63,53,161,130,108,102,86,426,10,54,64,490
02/13/2019,ABQ,NM,ASW,WE,Combined TRACON& Tower with Radar,144,58,40,35,277,0,28,49,69,146,144,86,89,104,423,0,0,0,423
02/14/2019,ABQ,NM,ASW,WE,Combined TRACON& Tower with Radar,151,67,42,15,275,0,28,29,26,83,151,95,71,41,358,8,29,37,395
02/15/2019,ABQ,NM,ASW,WE,Combined TRACON& Tower with Radar,152,61,40,12,265,0,27,43,3,73,152,88,83,15,338,56,4,60,398
02/16/2019,ABQ,NM,ASW,WE,Combined TRACON& Tower with Radar,108,41,25,1,175,0,7,13,1,21,108,48,38,2,196,0,0,0,196
02/17/2019,ABQ,NM,ASW,WE,Combined TRACON& Tower with Radar,125,40,23,5,193,0,1,30,0,31,125,41,53,5,224,22,0,22,246
02/18/2019,ABQ,NM,ASW,WE,Combined TRACON& Tower with Radar,141,46,22,9,218,0,12,22,0,34,141,58,44,9,252,6,0,6,258
02/19/2019,ABQ,NM,ASW,WE,Combined TRACON& Tower with Radar,144,68,35,4,251,0,9,10,0,19,144,77,45,4,270,20,0,20,290
02/20/2019,ABQ,NM,ASW,WE,Combined TRACON& Tower with Radar,144,57,37,9,247,0,34,71,53,158,144,91,108,62,405,6,6,12,417
02/21/2019,ABQ,NM,ASW,WE,Combined TRACON& Tower with Radar,140,62,39,22,263,0,21,34,34,89,140,83,73,56,352,40,6,46,398
02/22/2019,ABQ,NM,ASW,WE,Combined TRACON& Tower with Radar,138,54,21,3,216,0,17,10,7,34,138,71,31,10,250,8,0,8,258
02/23/2019,ABQ,NM,ASW,WE,Combined TRACON& Tower with Radar,118,49,31,16,214,0,16,49,8,73,118,65,80,24,287,14,6,20,307
02/24/2019,ABQ,NM,ASW,WE,Combined TRACON& Tower with Radar,130,31,26,14,201,0,8,69,1,78,130,39,95,15,279,6,0,6,285
02/25/2019,ABQ,NM,ASW,WE,Combined TRACON& Tower with Radar,143,47,40,18,248,0,27,70,6,103,143,74,110,24,351,58,20,78,429
02/26/2019,ABQ,NM,ASW,WE,Combined TRACON& Tower with Radar,144,42,51,16,253,0,49,65,61,175,144,91,116,77,428,38,16,54,482
02/27/2019,ABQ,NM,ASW,WE,Combined TRACON& Tower with Radar,138,32,45,13,228,0,25,74,59,158,138,57,119,72,386,38,34,72,458
02/28/2019,ABQ,NM,ASW,WE,Combined TRACON& Tower with Radar,146,43,46,4,239,0,28,92,65,185,146,71,138,69,424,10,38,48,472
03/01/2019,ABQ,NM,ASW,WE,Combined TRACON& Tower with Radar,148,55,38,19,260,0,22,67,45,134,148,77,105,64,394,14,34,48,442
03/02/2019,ABQ,NM,ASW,WE,Combined TRACON& Tower with Radar,103,39,30,9,181,0,22,55,22,99,103,61,85,31,280,4,10,14,294
03/03/2019,ABQ,NM,ASW,WE,Combined TRACON& Tower with Radar,125,33,19,7,184,0,6,34,0,40,125,39,53,7,224,16,0,16,240
03/04/2019,ABQ,NM,ASW,WE,Combined TRACON& Tower with Radar,148,56,33,8,245,0,15,62,55,132,148,71,95,63,377,0,12,12,389
03/05/2019,ABQ,NM,ASW,WE,Combined TRACON& Tower with Radar,136,47,36,24,243,0,37,77,52,166,136,84,113,76,409,28,20,48,457
03/06/2019,ABQ,NM,ASW,WE,Combined TRACON& Tower with Radar,146,64,35,9,254,0,31,51,41,123,146,95,86,50,377,0,4,4,381
03/07/2019,ABQ,NM,ASW,WE,Combined TRACON& Tower with Radar,146,63,27,10,246,0,28,35,46,109,146,91,62,56,355,0,10,10,365
03/08/2019,ABQ,NM,ASW,WE,Combined TRACON& Tower with Radar,143,59,35,8,245,0,24,18,22,64,143,83,53,30,309,16,10,26,335
03/09/2019,ABQ,NM,ASW,WE,Combined TRACON& Tower with Radar,119,54,45,6,224,0,15,71,5,91,119,69,116,11,315,94,4,98,413
03/10/2019,ABQ,NM,ASW,WE,Combined TRACON& Tower with Radar,149,35,39,4,227,0,8,48,2,58,149,43,87,6,285,46,0,46,331
03/11/2019,ABQ,NM,ASW,WE,Combined TRACON& Tower with Radar,151,43,18,16,228,0,5,10,49,64,151,48,28,65,292,22,30,52,344
03/12/2019,ABQ,NM,ASW,WE,Combined TRACON& Tower with Radar,148,58,30,8,244,0,9,16,34,59,148,67,46,42,303,16,10,26,329
03/13/2019,ABQ,NM,ASW,WE,Combined TRACON& Tower with Radar,146,65,29,9,249,0,10,13,20,43,146,75,42,29,292,0,0,0,292
03/14/2019,ABQ,NM,ASW,WE,Combined TRACON& Tower with Radar,138,74,43,19,274,0,19,44,79,142,138,93,87,98,416,32,28,60,476
03/15/2019,ABQ,NM,ASW,WE,Combined TRACON& Tower with Radar,155,51,50,14,270,0,31,106,39,176,155,82,156,53,446,10,28,38,484
03/16/2019,ABQ,NM,ASW,WE,Combined TRACON& Tower with Radar,119,35,23,7,184,0,29,70,4,103,119,64,93,11,287,90,6,96,383
03/17/2019,ABQ,NM,ASW,WE,Combined TRACON& Tower with Radar,141,32,30,7,210,0,18,55,3,76,141,50,85,10,286,48,2,50,336
03/18/2019,ABQ,NM,ASW,WE,Combined TRACON& Tower with Radar,148,39,31,16,234,0,26,64,57,147,148,65,95,73,381,26,28,54,435
03/19/2019,ABQ,NM,ASW,WE,Combined TRACON& Tower with Radar,141,44,43,13,241,0,36,58,57,151,141,80,101,70,392,6,60,66,458
03/20/2019,ABQ,NM,ASW,WE,Combined TRACON& Tower with Radar,142,46,45,14,247,0,28,44,60,132,142,74,89,74,379,2,60,62,441
03/21/2019,ABQ,NM,ASW,WE,Combined TRACON& Tower with Radar,148,48,41,12,249,0,24,12,55,91,148,72,53,67,340,4,8,12,352
03/22/2019,ABQ,NM,ASW,WE,Combined TRACON& Tower with Radar,147,60,26,8,241,0,29,37,32,98,147,89,63,40,339,0,24,24,363
03/23/2019,ABQ,NM,ASW,WE,Combined TRACON& Tower with Radar,118,37,36,10,201,4,13,72,10,99,122,50,108,20,300,66,4,70,370
03/24/2019,ABQ,NM,ASW,WE,Combined TRACON& Tower with Radar,138,32,33,12,215,0,12,56,7,75,138,44,89,19,290,34,8,42,332
03/25/2019,ABQ,NM,ASW,WE,Combined TRACON& Tower with Radar,148,43,36,24,251,0,31,58,6,95,148,74,94,30,346,36,20,56,402
03/26/2019,ABQ,NM,ASW,WE,Combined TRACON& Tower with Radar,143,46,43,13,245,0,32,70,71,173,143,78,113,84,418,6,6,12,430
03/27/2019,ABQ,NM,ASW,WE,Combined TRACON& Tower with Radar,144,44,30,29,247,0,31,93,46,170,144,75,123,75,417,4,4,8,425
03/28/2019,ABQ,NM,ASW,WE,Combined TRACON& Tower with Radar,151,48,25,12,236,0,29,96,35,160,151,77,121,47,396,4,0,4,400
03/29/2019,ABQ,NM,ASW,WE,Combined TRACON& Tower with Radar,152,52,17,24,245,0,28,55,41,124,152,80,72,65,369,16,20,36,405
03/30/2019,ABQ,NM,ASW,WE,Combined TRACON& Tower with Radar,124,43,24,9,200,0,19,54,4,77,124,62,78,13,277,22,0,22,299
03/31/2019,ABQ,NM,ASW,WE,Combined TRACON& Tower with Radar,143,38,25,0,206,1,1,23,1,26,144,39,48,1,232,38,0,38,270
04/01/2019,ABQ,NM,ASW,WE,Combined TRACON& Tower with Radar,138,49,30,14,231,0,18,58,38,114,138,67,88,52,345,80,12,92,437
04/02/2019,ABQ,NM,ASW,WE,Combined TRACON& Tower with Radar,144,46,46,13,249,0,31,85,57,173,144,77,131,70,422,38,16,54,476
04/03/2019,ABQ,NM,ASW,WE,Combined TRACON& Tower with Radar,140,43,42,9,234,0,28,57,59,144,140,71,99,68,378,34,52,86,464
04/04/2019,ABQ,NM,ASW,WE,Combined TRACON& Tower with Radar,148,47,50,31,276,0,49,64,64,177,148,96,114,95,453,58,50,108,561
04/05/2019,ABQ,NM,ASW,WE,Combined TRACON& Tower with Radar,141,49,36,47,273,0,43,59,15,117,141,92,95,62,390,28,14,42,432
04/06/2019,ABQ,NM,ASW,WE,Combined TRACON& Tower with Radar,116,34,10,22,182,0,25,38,28,91,116,59,48,50,273,34,42,76,349
04/07/2019,ABQ,NM,ASW,WE,Combined TRACON& Tower with Radar,126,33,33,6,198,0,5,74,1,80,126,38,107,7,278,54,0,54,332
04/08/2019,ABQ,NM,ASW,WE,Combined TRACON& Tower with Radar,158,46,30,3,237,0,36,79,51,166,158,82,109,54,403,14,30,44,447
04/09/2019,ABQ,NM,ASW,WE,Combined TRACON& Tower with Radar,140,41,49,10,240,0,35,81,69,185,140,76,130,79,425,32,44,76,501
04/10/2019,ABQ,NM,ASW,WE,Combined TRACON& Tower with Radar,143,45,19,2,209,0,32,11,11,54,143,77,30,13,263,2,29,31,294
04/11/2019,ABQ,NM,ASW,WE,Combined TRACON& Tower with Radar,145,73,47,13,278,0,27,19,63,109,145,100,66,76,387,0,36,36,423
04/12/2019,ABQ,NM,ASW,WE,Combined TRACON& Tower with Radar,152,49,54,23,278,0,22,71,15,108,152,71,125,38,386,36,2,38,424
04/13/2019,ABQ,NM,ASW,WE,Combined TRACON& Tower with Radar,106,36,31,64,237,0,9,42,6,57,106,45,73,70,294,74,34,108,402
04/14/2019,ABQ,NM,ASW,WE,Combined TRACON& Tower with Radar,132,26,21,6,185,0,10,56,4,70,132,36,77,10,255,50,12,62,317
04/15/2019,ABQ,NM,ASW,WE,Combined TRACON& Tower with Radar,147,26,44,18,235,0,14,70,23,107,147,40,114,41,342,32,2,34,376
04/16/2019,ABQ,NM,ASW,WE,Combined TRACON& Tower with Radar,145,54,39,11,249,0,41,55,47,143,145,95,94,58,392,20,38,58,450
04/17/2019,ABQ,NM,ASW,WE,Combined TRACON& Tower with Radar,139,70,37,17,263,0,10,10,49,69,139,80,47,66,332,30,36,66,398
04/18/2019,ABQ,NM,ASW,WE,Combined TRACON& Tower with Radar,140,50,46,19,255,0,26,50,66,142,140,76,96,85,397,4,50,54,451
04/19/2019,ABQ,NM,ASW,WE,Combined TRACON& Tower with Radar,152,41,23,30,246,0,30,93,23,146,152,71,116,53,392,66,22,88,480
04/20/2019,ABQ,NM,ASW,WE,Combined TRACON& Tower with Radar,110,35,26,9,180,0,18,80,0,98,110,53,106,9,278,12,8,20,298
04/21/2019,ABQ,NM,ASW,WE,Combined TRACON& Tower with Radar,136,34,16,2,188,0,16,26,3,45,136,50,42,5,233,16,0,16,249
04/22/2019,ABQ,NM,ASW,WE,Combined TRACON& Tower with Radar,145,55,35,2,237,0,20,59,28,107,145,75,94,30,344,12,10,22,366
04/23/2019,ABQ,NM,ASW,WE,Combined TRACON& Tower with Radar,147,78,37,13,275,0,14,14,54,82,147,92,51,67,357,38,34,72,429
04/24/2019,ABQ,NM,ASW,WE,Combined TRACON& Tower with Radar,148,43,46,14,251,0,29,87,56,172,148,72,133,70,423,80,10,90,513
04/25/2019,ABQ,NM,ASW,WE,Combined TRACON& Tower with Radar,150,46,31,19,246,0,31,94,45,170,150,77,125,64,416,54,28,82,498
04/26/2019,ABQ,NM,ASW,WE,Combined TRACON& Tower with Radar,150,47,45,11,253,0,40,43,29,112,150,87,88,40,365,12,10,22,387
04/27/2019,ABQ,NM,ASW,WE,Combined TRACON& Tower with Radar,113,31,12,1,157,0,24,68,3,95,113,55,80,4,252,46,0,46,298
04/28/2019,ABQ,NM,ASW,WE,Combined TRACON& Tower with Radar,147,36,30,0,213,0,8,40,3,51,147,44,70,3,264,28,0,28,292
04/29/2019,ABQ,NM,ASW,WE,Combined TRACON& Tower with Radar,150,48,28,12,238,0,35,38,7,80,150,83,66,19,318,18,2,20,338
04/30/2019,ABQ,NM,ASW,WE,Combined TRACON& Tower with Radar,144,47,31,12,234,0,27,66,46,139,144,74,97,58,373,20,24,44,417
05/01/2019,ABQ,NM,ASW,WE,Combined TRACON& Tower with Radar,150,38,35,7,230,0,35,68,53,156,150,73,103,60,386,2,16,18,404
05/02/2019,ABQ,NM,ASW,WE,Combined TRACON& Tower with Radar,148,47,48,11,254,0,28,77,42,147,148,75,125,53,401,18,28,46,447
05/03/2019,ABQ,NM,ASW,WE,Combined TRACON& Tower with Radar,161,39,40,29,269,0,24,59,54,137,161,63,99,83,406,0,0,0,406
05/04/2019,ABQ,NM,ASW,WE,Combined TRACON& Tower with Radar,121,32,28,22,203,0,20,64,14,98,121,52,92,36,301,46,12,58,359
05/05/2019,ABQ,NM,ASW,WE,Combined TRACON& Tower with Radar,147,33,36,18,234,0,15,53,4,72,147,48,89,22,306,26,12,38,344
05/06/2019,ABQ,NM,ASW,WE,Combined TRACON& Tower with Radar,163,43,36,5,247,0,28,59,32,119,163,71,95,37,366,4,2,6,372
05/07/2019,ABQ,NM,ASW,WE,Combined TRACON& Tower with Radar,157,49,42,10,258,0,30,48,66,144,157,79,90,76,402,0,30,30,432
05/08/2019,ABQ,NM,ASW,WE,Combined TRACON& Tower with Radar,140,51,38,8,237,0,27,43,34,104,140,78,81,42,341,6,34,40,381
05/09/2019,ABQ,NM,ASW,WE,Combined TRACON& Tower with Radar,157,56,48,24,285,0,31,36,43,110,157,87,84,67,395,30,36,66,461
05/10/2019,ABQ,NM,ASW,WE,Combined TRACON& Tower with Radar,157,81,31,6,275,0,9,1,13,23,157,90,32,19,298,6,16,22,320
05/11/2019,ABQ,NM,ASW,WE,Combined TRACON& Tower with Radar,129,47,24,1,201,0,13,22,9,44,129,60,46,10,245,24,0,24,269
05/12/2019,ABQ,NM,ASW,WE,Combined TRACON& Tower with Radar,140,32,20,0,192,0,16,48,0,64,140,48,68,0,256,32,0,32,288
05/13/2019,ABQ,NM,ASW,WE,Combined TRACON& Tower with Radar,160,43,28,2,233,0,20,62,30,112,160,63,90,32,345,34,6,40,385
05/14/2019,ABQ,NM,ASW,WE,Combined TRACON& Tower with Radar,157,41,46,10,254,0,44,74,58,176,157,85,120,68,430,40,20,60,490
05/15/2019,ABQ,NM,ASW,WE,Combined TRACON& Tower with Radar,158,30,37,18,243,0,40,52,41,133,158,70,89,59,376,30,14,44,420
05/16/2019,ABQ,NM,ASW,WE,Combined TRACON& Tower with Radar,151,45,34,15,245,0,52,74,38,164,151,97,108,53,409,4,48,52,461
05/17/2019,ABQ,NM,ASW,WE,Combined TRACON& Tower with Radar,155,38,19,31,243,0,31,60,16,107,155,69,79,47,350,36,16,52,402
05/18/2019,ABQ,NM,ASW,WE,Combined TRACON& Tower with Radar,118,36,18,41,213,0,15,61,2,78,118,51,79,43,291,36,8,44,335
05/19/2019,ABQ,NM,ASW,WE,Combined TRACON& Tower with Radar,143,34,27,15,219,0,5,49,4,58,143,39,76,19,277,44,2,46,323
05/20/2019,ABQ,NM,ASW,WE,Combined TRACON& Tower with Radar,158,56,24,7,245,0,10,30,48,88,158,66,54,55,333,0,18,18,351
05/21/2019,ABQ,NM,ASW,WE,Combined TRACON& Tower with Radar,156,62,45,17,280,0,31,29,55,115,156,93,74,72,395,30,32,62,457
05/22/2019,ABQ,NM,ASW,WE,Combined TRACON& Tower with Radar,156,40,43,11,250,0,38,42,72,152,156,78,85,83,402,16,74,90,492
05/23/2019,ABQ,NM,ASW,WE,Combined TRACON& Tower with Radar,159,45,30,26,260,0,25,30,27,82,159,70,60,53,342,0,38,38,380
05/24/2019,ABQ,NM,ASW,WE,Combined TRACON& Tower with Radar,162,36,47,12,257,0,37,108,7,152,162,73,155,19,409,62,0,62,471
05/25/2019,ABQ,NM,ASW,WE,Combined TRACON& Tower with Radar,121,26,20,0,167,0,18,66,3,87,121,44,86,3,254,28,0,28,282
05/26/2019,ABQ,NM,ASW,WE,Combined TRACON& Tower with Radar,142,25,11,4,182,0,8,35,0,43,142,33,46,4,225,14,0,14,239
05/27/2019,ABQ,NM,ASW,WE,Combined TRACON& Tower with Radar,139,23,25,0,187,0,17,30,0,47,139,40,55,0,234,0,0,0,234
05/28/2019,ABQ,NM,ASW,WE,Combined TRACON& Tower with Radar,147,41,33,3,224,0,48,56,49,153,147,89,89,52,377,50,38,88,465
05/29/2019,ABQ,NM,ASW,WE,Combined TRACON& Tower with Radar,141,41,47,11,240,0,38,71,62,171,141,79,118,73,411,8,32,40,451
05/30/2019,ABQ,NM,ASW,WE,Combined TRACON& Tower with Radar,153,48,42,7,250,0,34,77,58,169,153,82,119,65,419,8,30,38,457
05/31/2019,ABQ,NM,ASW,WE,Combined TRACON& Tower with Radar,156,47,34,15,252,0,31,101,70,202,156,78,135,85,454,24,28,52,506
06/01/2019,ABQ,NM,ASW,WE,Combined TRACON& Tower with Radar,116,41,16,12,185,0,8,48,10,66,116,49,64,22,251,56,2,58,309
06/02/2019,ABQ,NM,ASW,WE,Combined TRACON& Tower with Radar,151,34,20,10,215,0,20,39,0,59,151,54,59,10,274,20,0,20,294
06/03/2019,ABQ,NM,ASW,WE,Combined TRACON& Tower with Radar,158,49,27,3,237,0,24,47,38,109,158,73,74,41,346,16,26,42,388
06/04/2019,ABQ,NM,ASW,WE,Combined TRACON& Tower with Radar,163,58,17,7,245,0,43,59,45,147,163,101,76,52,392,12,34,46,438
06/05/2019,ABQ,NM,ASW,WE,Combined TRACON& Tower with Radar,157,47,34,12,250,0,43,37,49,129,157,90,71,61,379,10,36,46,425
06/06/2019,ABQ,NM,ASW,WE,Combined TRACON& Tower with Radar,162,46,33,5,246,0,43,84,82,209,162,89,117,87,455,58,56,114,569
06/07/2019,ABQ,NM,ASW,WE,Combined TRACON& Tower with Radar,178,42,27,12,259,0,37,114,34,185,178,79,141,46,444,42,30,72,516
06/08/2019,ABQ,NM,ASW,WE,Combined TRACON& Tower with Radar,136,32,18,0,186,0,15,70,1,86,136,47,88,1,272,6,0,6,278
06/09/2019,ABQ,NM,ASW,WE,Combined TRACON& Tower with Radar,145,30,34,1,210,0,10,55,3,68,145,40,89,4,278,56,0,56,334
06/10/2019,ABQ,NM,ASW,WE,Combined TRACON& Tower with Radar,159,39,17,3,218,0,16,36,26,78,159,55,53,29,296,0,20,20,316
06/11/2019,ABQ,NM,ASW,WE,Combined TRACON& Tower with Radar,168,40,29,17,254,0,32,73,53,158,168,72,102,70,412,0,0,0,412
06/12/2019,ABQ,NM,ASW,WE,Combined TRACON& Tower with Radar,171,57,29,10,267,0,29,58,44,131,171,86,87,54,398,4,24,28,426
06/13/2019,ABQ,NM,ASW,WE,Combined TRACON& Tower with Radar,163,49,36,7,255,0,40,54,60,154,163,89,90,67,409,26,62,88,497
06/14/2019,ABQ,NM,ASW,WE,Combined TRACON& Tower with Radar,182,31,33,11,257,0,24,65,44,133,182,55,98,55,390,33,64,97,487
06/15/2019,ABQ,NM,ASW,WE,Combined TRACON& Tower with Radar,146,32,35,11,224,0,15,62,1,78,146,47,97,12,302,112,4,116,418
06/16/2019,ABQ,NM,ASW,WE,Combined TRACON& Tower with Radar,153,33,25,5,216,0,13,54,0,67,153,46,79,5,283,40,0,40,323
06/17/2019,ABQ,NM,ASW,WE,Combined TRACON& Tower with Radar,161,42,28,9,240,0,19,57,42,118,161,61,85,51,358,50,18,68,426
06/18/2019,ABQ,NM,ASW,WE,Combined TRACON& Tower with Radar,176,52,37,15,280,0,45,63,37,145,176,97,100,52,425,36,74,110,535
06/19/2019,ABQ,NM,ASW,WE,Combined TRACON& Tower with Radar,164,43,44,8,259,0,36,78,73,187,164,79,122,81,446,4,24,28,474
06/20/2019,ABQ,NM,ASW,WE,Combined TRACON& Tower with Radar,176,43,40,13,272,0,30,84,57,171,176,73,124,70,443,44,22,66,509
06/21/2019,ABQ,NM,ASW,WE,Combined TRACON& Tower with Radar,174,34,25,13,246,0,25,87,35,147,174,59,112,48,393,12,42,54,447
06/22/2019,ABQ,NM,ASW,WE,Combined TRACON& Tower with Radar,142,40,25,10,217,0,21,61,5,87,142,61,86,15,304,76,0,76,380
06/23/2019,ABQ,NM,ASW,WE,Combined TRACON& Tower with Radar,156,28,23,1,208,0,13,77,3,93,156,41,100,4,301,26,2,28,329
06/24/2019,ABQ,NM,ASW,WE,Combined TRACON& Tower with Radar,162,33,42,7,244,0,39,76,1,116,162,72,118,8,360,51,0,51,411
06/25/2019,ABQ,NM,ASW,WE,Combined TRACON& Tower with Radar,164,50,28,5,247,0,36,60,50,146,164,86,88,55,393,30,32,62,455
06/26/2019,ABQ,NM,ASW,WE,Combined TRACON& Tower with Radar,170,31,37,7,245,0,40,74,60,174,170,71,111,67,419,2,30,32,451
06/27/2019,ABQ,NM,ASW,WE,Combined TRACON& Tower with Radar,174,46,36,10,266,0,34,74,51,159,174,80,110,61,425,18,20,38,463
06/28/2019,ABQ,NM,ASW,WE,Combined TRACON& Tower with Radar,170,57,32,4,263,0,40,70,47,157,170,97,102,51,420,44,28,72,492
06/29/2019,ABQ,NM,ASW,WE,Combined TRACON& Tower with Radar,147,45,41,0,233,0,28,84,2,114,147,73,125,2,347,40,0,40,387
06/30/2019,ABQ,NM,ASW,WE,Combined TRACON& Tower with Radar,159,30,30,3,222,0,16,66,2,84,159,46,96,5,306,40,0,40,346
07/01/2019,ABQ,NM,ASW,WE,Combined TRACON& Tower with Radar,148,36,30,10,224,0,11,52,47,110,148,47,82,57,334,6,26,32,366
07/02/2019,ABQ,NM,ASW,WE,Combined TRACON& Tower with Radar,164,45,42,10,261,0,32,72,59,163,164,77,114,69,424,54,80,134,558
07/03/2019,ABQ,NM,ASW,WE,Combined TRACON& Tower with Radar,158,44,48,6,256,0,27,73,38,138,158,71,121,44,394,0,0,0,394
07/04/2019,ABQ,NM,ASW,WE,Combined TRACON& Tower with Radar,124,33,19,0,176,0,12,49,2,63,124,45,68,2,239,0,0,0,239
07/05/2019,ABQ,NM,ASW,WE,Combined TRACON& Tower with Radar,142,39,29,0,210,0,34,94,0,128,142,73,123,0,338,8,0,8,346
07/06/2019,ABQ,NM,ASW,WE,Combined TRACON& Tower with Radar,130,40,24,0,194,0,17,50,1,68,130,57,74,1,262,18,0,18,280
07/07/2019,ABQ,NM,ASW,WE,Combined TRACON& Tower with Radar,166,35,29,0,230,0,9,39,0,48,166,44,68,0,278,32,0,32,310
07/08/2019,ABQ,NM,ASW,WE,Combined TRACON& Tower with Radar,168,41,32,6,247,0,24,66,43,133,168,65,98,49,380,2,14,16,396
07/09/2019,ABQ,NM,ASW,WE,Combined TRACON& Tower with Radar,171,36,28,16,251,0,32,78,45,155,171,68,106,61,406,4,34,38,444
07/10/2019,ABQ,NM,ASW,WE,Combined TRACON& Tower with Radar,168,44,37,10,259,0,33,61,49,143,168,77,98,59,402,10,20,30,432
07/11/2019,ABQ,NM,ASW,WE,Combined TRACON& Tower with Radar,172,39,39,19,269,0,38,57,72,167,172,77,96,91,436,62,34,96,532
07/12/2019,ABQ,NM,ASW,WE,Combined TRACON& Tower with Radar,178,38,35,8,259,0,31,60,60,151,178,69,95,68,410,22,44,66,476
07/13/2019,ABQ,NM,ASW,WE,Combined TRACON& Tower with Radar,144,37,24,7,212,0,14,78,7,99,144,51,102,14,311,8,0,8,319
07/14/2019,ABQ,NM,ASW,WE,Combined TRACON& Tower with Radar,163,35,32,13,243,0,4,43,3,50,163,39,75,16,293,40,4,44,337
07/15/2019,ABQ,NM,ASW,WE,Combined TRACON& Tower with Radar,164,46,24,2,236,0,14,67,58,139,164,60,91,60,375,24,12,36,411
07/16/2019,ABQ,NM,ASW,WE,Combined TRACON& Tower with Radar,165,45,26,12,248,0,36,61,48,145,165,81,87,60,393,6,18,24,417
07/17/2019,ABQ,NM,ASW,WE,Combined TRACON& Tower with Radar,169,51,26,8,254,0,39,45,67,151,169,90,71,75,405,16,38,54,459
07/18/2019,ABQ,NM,ASW,WE,Combined TRACON& Tower with Radar,160,46,30,4,240,0,44,78,52,174,160,90,108,56,414,52,16,68,482
07/19/2019,ABQ,NM,ASW,WE,Combined TRACON& Tower with Radar,177,45,37,12,271,0,34,80,32,146,177,79,117,44,417,50,30,80,497
07/20/2019,ABQ,NM,ASW,WE,Combined TRACON& Tower with Radar,145,44,25,13,227,0,8,63,6,77,145,52,88,19,304,30,0,30,334
07/21/2019,ABQ,NM,ASW,WE,Combined TRACON& Tower with Radar,161,27,18,3,209,0,3,50,8,61,161,30,68,11,270,66,0,66,336
07/22/2019,ABQ,NM,ASW,WE,Combined TRACON& Tower with Radar,178,43,26,11,258,0,19,31,43,93,178,62,57,54,351,2,10,12,363
07/23/2019,ABQ,NM,ASW,WE,Combined TRACON& Tower with Radar,179,54,46,18,297,0,26,74,61,161,179,80,120,79,458,36,36,72,530
07/24/2019,ABQ,NM,ASW,WE,Combined TRACON& Tower with Radar,175,49,33,9,266,0,43,53,62,158,175,92,86,71,424,14,50,64,488
07/25/2019,ABQ,NM,ASW,WE,Combined TRACON& Tower with Radar,170,45,36,4,255,0,23,56,53,132,170,68,92,57,387,0,0,0,387
07/26/2019,ABQ,NM,ASW,WE,Combined TRACON& Tower with Radar,165,68,40,8,281,0,21,67,23,111,165,89,107,31,392,12,22,34,426
07/27/2019,ABQ,NM,ASW,WE,Combined TRACON& Tower with Radar,144,42,16,3,205,0,10,60,4,74,144,52,76,7,279,12,2,14,293
07/28/2019,ABQ,NM,ASW,WE,Combined TRACON& Tower with Radar,163,37,31,4,235,0,13,50,7,70,163,50,81,11,305,20,0,20,325
07/29/2019,ABQ,NM,ASW,WE,Combined TRACON& Tower with Radar,165,50,35,1,251,0,22,73,11,106,165,72,108,12,357,17,0,17,374
07/30/2019,ABQ,NM,ASW,WE,Combined TRACON& Tower with Radar,175,52,35,12,274,0,36,72,64,172,175,88,107,76,446,46,48,94,540
07/31/2019,ABQ,NM,ASW,WE,Combined TRACON& Tower with Radar,171,48,37,6,262,0,40,59,60,159,171,88,96,66,421,56,18,74,495
08/01/2019,ABQ,NM,ASW,WE,Combined TRACON& Tower with Radar,174,55,30,4,263,0,45,67,67,179,174,100,97,71,442,20,14,34,476
08/02/2019,ABQ,NM,ASW,WE,Combined TRACON& Tower with Radar,177,52,44,13,286,0,28,67,60,155,177,80,111,73,441,14,106,120,561
08/03/2019,ABQ,NM,ASW,WE,Combined TRACON& Tower with Radar,143,40,21,8,212,0,13,73,11,97,143,53,94,19,309,32,2,34,343
08/04/2019,ABQ,NM,ASW,WE,Combined TRACON& Tower with Radar,162,35,43,1,241,0,6,57,2,65,162,41,100,3,306,92,0,92,398
08/05/2019,ABQ,NM,ASW,WE,Combined TRACON& Tower with Radar,165,48,30,6,249,0,36,53,44,133,165,84,83,50,382,14,4,18,400
08/06/2019,ABQ,NM,ASW,WE,Combined TRACON& Tower with Radar,173,51,37,22,283,0,33,41,43,117,173,84,78,65,400,40,56,96,496
08/07/2019,ABQ,NM,ASW,WE,Combined TRACON& Tower with Radar,174,51,34,16,275,0,37,43,49,129,174,88,77,65,404,16,66,82,486
08/08/2019,ABQ,NM,ASW,WE,Combined TRACON& Tower with Radar,175,68,49,21,313,0,35,73,51,159,175,103,122,72,472,14,12,26,498
08/09/2019,ABQ,NM,ASW,WE,Combined TRACON& Tower with Radar,185,49,34,11,279,0,30,58,61,149,185,79,92,72,428,32,70,102,530
08/10/2019,ABQ,NM,ASW,WE,Combined TRACON& Tower with Radar,132,52,46,0,230,0,13,56,1,70,132,65,102,1,300,44,0,44,344
08/11/2019,ABQ,NM,ASW,WE,Combined TRACON& Tower with Radar,164,39,28,1,232,0,6,44,1,51,164,45,72,2,283,24,0,24,307
08/12/2019,ABQ,NM,ASW,WE,Combined TRACON& Tower with Radar,167,38,25,6,236,0,19,80,39,138,167,57,105,45,374,6,9,15,389
08/13/2019,ABQ,NM,ASW,WE,Combined TRACON& Tower with Radar,169,43,42,8,262,0,48,79,54,181,169,91,121,62,443,52,28,80,523
08/14/2019,ABQ,NM,ASW,WE,Combined TRACON& Tower with Radar,180,41,35,7,263,0,36,36,56,128,180,77,71,63,391,12,46,58,449
08/15/2019,ABQ,NM,ASW,WE,Combined TRACON& Tower with Radar,172,59,51,6,288,0,28,86,33,147,172,87,137,39,435,32,20,52,487
08/16/2019,ABQ,NM,ASW,WE,Combined TRACON& Tower with Radar,180,43,33,17,273,1,28,60,25,114,181,71,93,42,387,0,52,52,439
08/17/2019,ABQ,NM,ASW,WE,Combined TRACON& Tower with Radar,130,40,17,1,188,0,11,72,12,95,130,51,89,13,283,54,0,54,337
08/18/2019,ABQ,NM,ASW,WE,Combined TRACON& Tower with Radar,161,36,21,2,220,0,8,73,1,82,161,44,94,3,302,74,0,74,376
08/19/2019,ABQ,NM,ASW,WE,Combined TRACON& Tower with Radar,170,42,46,4,262,0,24,71,5,100,170,66,117,9,362,8,12,20,382
08/20/2019,ABQ,NM,ASW,WE,Combined TRACON& Tower with Radar,165,60,31,14,270,0,53,58,64,175,165,113,89,78,445,20,18,38,483
08/21/2019,ABQ,NM,ASW,WE,Combined TRACON& Tower with Radar,173,53,39,3,268,0,28,63,44,135,173,81,102,47,403,10,12,22,425
08/22/2019,ABQ,NM,ASW,WE,Combined TRACON& Tower with Radar,176,48,44,6,274,0,29,72,67,168,176,77,116,73,442,22,56,78,520
08/23/2019,ABQ,NM,ASW,WE,Combined TRACON& Tower with Radar,180,52,35,14,281,0,36,73,35,144,180,88,108,49,425,22,42,64,489
08/24/2019,ABQ,NM,ASW,WE,Combined TRACON& Tower with Radar,136,31,28,3,198,0,14,95,4,113,136,45,123,7,311,14,2,16,327
08/25/2019,ABQ,NM,ASW,WE,Combined TRACON& Tower with Radar,161,41,41,3,246,0,15,68,3,86,161,56,109,6,332,90,0,90,422
08/26/2019,ABQ,NM,ASW,WE,Combined TRACON& Tower with Radar,164,52,32,2,250,0,25,55,26,106,164,77,87,28,356,0,22,22,378
08/27/2019,ABQ,NM,ASW,WE,Combined TRACON& Tower with Radar,172,51,36,14,273,0,48,26,35,109,172,99,62,49,382,6,40,46,428
08/28/2019,ABQ,NM,ASW,WE,Combined TRACON& Tower with Radar,176,48,29,26,279,0,34,52,44,130,176,82,81,70,409,26,44,70,479
08/29/2019,ABQ,NM,ASW,WE,Combined TRACON& Tower with Radar,183,61,35,16,295,0,51,72,42,165,183,112,107,58,460,10,4,14,474
08/30/2019,ABQ,NM,ASW,WE,Combined TRACON& Tower with Radar,169,45,47,2,263,0,38,82,10,130,169,83,129,12,393,12,0,12,405
08/31/2019,ABQ,NM,ASW,WE,Combined TRACON& Tower with Radar,122,46,34,4,206,0,20,80,0,100,122,66,114,4,306,82,0,82,388
09/01/2019,ABQ,NM,ASW,WE,Combined TRACON& Tower with Radar,132,40,11,0,183,0,12,49,0,61,132,52,60,0,244,0,0,0,244
09/02/2019,ABQ,NM,ASW,WE,Combined TRACON& Tower with Radar,158,28,21,0,207,0,11,38,0,49,158,39,59,0,256,34,0,34,290
09/03/2019,ABQ,NM,ASW,WE,Combined TRACON& Tower with Radar,166,43,39,3,251,0,38,45,49,132,166,81,84,52,383,32,4,36,419
09/04/2019,ABQ,NM,ASW,WE,Combined TRACON& Tower with Radar,168,39,41,17,265,0,37,30,37,104,168,76,71,54,369,30,22,52,421
09/05/2019,ABQ,NM,ASW,WE,Combined TRACON& Tower with Radar,174,51,31,3,259,0,22,57,63,142,174,73,88,66,401,0,46,46,447
09/06/2019,ABQ,NM,ASW,WE,Combined TRACON& Tower with Radar,171,52,29,37,289,0,25,47,42,114,171,77,76,79,403,18,46,64,467
09/07/2019,ABQ,NM,ASW,WE,Combined TRACON& Tower with Radar,135,43,25,4,207,0,19,59,20,98,135,62,84,24,305,62,4,66,371
09/08/2019,ABQ,NM,ASW,WE,Combined TRACON& Tower with Radar,158,35,26,5,224,0,6,42,1,49,158,41,68,6,273,48,0,48,321
09/09/2019,ABQ,NM,ASW,WE,Combined TRACON& Tower with Radar,165,38,41,7,251,0,20,65,43,128,165,58,106,50,379,0,0,0,379
09/10/2019,ABQ,NM,ASW,WE,Combined TRACON& Tower with Radar,164,53,35,5,257,0,41,52,40,133,164,94,87,45,390,50,82,132,522
09/11/2019,ABQ,NM,ASW,WE,Combined TRACON& Tower with Radar,173,51,28,13,265,0,43,46,57,146,173,94,74,70,411,32,38,70,481
09/12/2019,ABQ,NM,ASW,WE,Combined TRACON& Tower with Radar,170,62,33,22,287,0,34,72,49,155,170,96,105,71,442,46,34,80,522
09/13/2019,ABQ,NM,ASW,WE,Combined TRACON& Tower with Radar,174,49,37,31,291,0,29,66,62,157,174,78,103,93,448,52,48,100,548
09/14/2019,ABQ,NM,ASW,WE,Combined TRACON& Tower with Radar,134,40,20,3,197,0,24,68,1,93,134,64,88,4,290,36,0,36,326
09/15/2019,ABQ,NM,ASW,WE,Combined TRACON& Tower with Radar,162,27,24,1,214,0,12,16,0,28,162,39,40,1,242,8,0,8,250
09/16/2019,ABQ,NM,ASW,WE,Combined TRACON& Tower with Radar,168,53,24,6,251,0,25,21,12,58,168,78,45,18,309,56,4,60,369
09/17/2019,ABQ,NM,ASW,WE,Combined TRACON& Tower with Radar,170,52,18,12,252,0,21,41,38,100,170,73,59,50,352,36,22,58,410
09/18/2019,ABQ,NM,ASW,WE,Combined TRACON& Tower with Radar,169,45,36,9,259,0,26,79,44,149,169,71,115,53,408,14,36,50,458
09/19/2019,ABQ,NM,ASW,WE,Combined TRACON& Tower with Radar,159,49,43,14,265,0,29,83,36,148,159,78,126,50,413,52,38,90,503
09/20/2019,ABQ,NM,ASW,WE,Combined TRACON& Tower with Radar,170,46,36,18,270,0,31,71,51,153,170,77,107,69,423,46,32,78,501
09/21/2019,ABQ,NM,ASW,WE,Combined TRACON& Tower with Radar,131,38,32,4,205,0,15,66,10,91,131,53,98,14,296,60,0,60,356
09/22/2019,ABQ,NM,ASW,WE,Combined TRACON& Tower with Radar,162,31,45,18,256,0,15,55,9,79,162,46,100,27,335,72,2,74,409
09/23/2019,ABQ,NM,ASW,WE,Combined TRACON& Tower with Radar,167,38,33,9,247,0,17,56,30,103,167,55,89,39,350,12,6,18,368
09/24/2019,ABQ,NM,ASW,WE,Combined TRACON& Tower with Radar,176,75,41,19,311,0,43,65,47,155,176,118,106,66,466,54,34,88,554
09/25/2019,ABQ,NM,ASW,WE,Combined TRACON& Tower with Radar,170,38,34,8,250,0,34,76,51,161,170,72,110,59,411,4,54,58,469
09/26/2019,ABQ,NM,ASW,WE,Combined TRACON& Tower with Radar,177,52,28,18,275,0,38,62,49,149,177,90,90,67,424,0,14,14,438
09/27/2019,ABQ,NM,ASW,WE,Combined TRACON& Tower with Radar,164,56,36,29,285,0,28,67,18,113,164,84,103,47,398,52,50,102,500
09/28/2019,ABQ,NM,ASW,WE,Combined TRACON& Tower with Radar,133,34,29,3,199,0,15,66,11,92,133,49,95,14,291,10,30,40,331
09/29/2019,ABQ,NM,ASW,WE,Combined TRACON& Tower with Radar,168,33,28,5,234,0,6,46,1,53,168,39,74,6,287,10,0,10,297
09/30/2019,ABQ,NM,ASW,WE,Combined TRACON& Tower with Radar,162,50,21,3,236,0,23,66,2,91,162,73,87,5,327,48,2,50,377
10/01/2019,ABQ,NM,ASW,WE,Combined TRACON& Tower with Radar,171,63,41,1,276,0,49,55,49,153,171,112,96,50,429,30,28,58,487
10/02/2019,ABQ,NM,ASW,WE,Combined TRACON& Tower with Radar,173,45,49,21,288,0,56,68,52,176,173,101,117,73,464,48,22,70,534
10/03/2019,ABQ,NM,ASW,WE,Combined TRACON& Tower with Radar,185,60,58,14,317,0,27,50,64,141,185,87,108,78,458,24,19,43,501
10/04/2019,ABQ,NM,ASW,WE,Combined TRACON& Tower with Radar,191,68,52,12,323,0,15,12,21,48,191,83,64,33,371,14,4,18,389
10/05/2019,ABQ,NM,ASW,WE,Combined TRACON& Tower with Radar,142,44,34,1,221,0,11,74,4,89,142,55,108,5,310,28,0,28,338
10/06/2019,ABQ,NM,ASW,WE,Combined TRACON& Tower with Radar,163,39,42,8,252,0,9,79,8,96,163,48,121,16,348,76,0,76,424
10/07/2019,ABQ,NM,ASW,WE,Combined TRACON& Tower with Radar,183,44,46,6,279,0,27,65,53,145,183,71,111,59,424,38,42,80,504
10/08/2019,ABQ,NM,ASW,WE,Combined TRACON& Tower with Radar,177,64,43,13,297,0,37,71,49,157,177,101,114,62,454,30,44,74,528
10/09/2019,ABQ,NM,ASW,WE,Combined TRACON& Tower with Radar,179,43,29,6,257,0,38,54,54,146,179,81,83,60,403,12,32,44,447
10/10/2019,ABQ,NM,ASW,WE,Combined TRACON& Tower with Radar,179,66,30,16,291,0,32,76,47,155,179,98,106,63,446,6,0,6,452
10/11/2019,ABQ,NM,ASW,WE,Combined TRACON& Tower with Radar,178,46,65,39,328,0,31,99,37,167,178,77,164,76,495,158,24,182,677
10/12/2019,ABQ,NM,ASW,WE,Combined TRACON& Tower with Radar,150,48,31,3,232,0,20,104,2,126,150,68,135,5,358,94,2,96,454
10/13/2019,ABQ,NM,ASW,WE,Combined TRACON& Tower with Radar,170,35,28,1,234,0,6,71,2,79,170,41,99,3,313,18,2,20,333
10/14/2019,ABQ,NM,ASW,WE,Combined TRACON& Tower with Radar,174,41,25,5,245,0,25,68,1,94,174,66,93,6,339,8,0,8,347
10/15/2019,ABQ,NM,ASW,WE,Combined TRACON& Tower with Radar,177,51,39,32,299,8,34,105,117,264,185,85,144,149,563,0,12,12,575
10/16/2019,ABQ,NM,ASW,WE,Combined TRACON& Tower with Radar,181,50,42,6,279,0,39,65,47,151,181,89,107,53,430,56,26,82,512
10/17/2019,ABQ,NM,ASW,WE,Combined TRACON& Tower with Radar,170,57,52,9,288,0,57,68,65,190,170,114,120,74,478,42,36,78,556
10/18/2019,ABQ,NM,ASW,WE,Combined TRACON& Tower with Radar,185,51,38,22,296,0,32,42,46,120,185,83,80,68,416,4,18,22,438
10/19/2019,ABQ,NM,ASW,WE,Combined TRACON& Tower with Radar,139,38,31,16,224,0,17,62,9,88,139,55,93,25,312,58,22,80,392
10/20/2019,ABQ,NM,ASW,WE,Combined TRACON& Tower with Radar,157,39,32,13,241,0,7,30,4,41,157,46,62,17,282,0,0,0,282
10/21/2019,ABQ,NM,ASW,WE,Combined TRACON& Tower with Radar,169,42,37,13,261,0,22,41,44,107,169,64,78,57,368,6,16,22,390
10/22/2019,ABQ,NM,ASW,WE,Combined TRACON& Tower with Radar,177,59,44,8,288,0,41,64,41,146,177,100,108,49,434,10,14,24,458
10/23/2019,ABQ,NM,ASW,WE,Combined TRACON& Tower with Radar,177,54,39,12,282,0,23,77,43,143,177,77,116,55,425,16,14,30,455
10/24/2019,ABQ,NM,ASW,WE,Combined TRACON& Tower with Radar,171,65,42,28,306,0,22,43,54,119,171,87,85,82,425,14,62,76,501
10/25/2019,ABQ,NM,ASW,WE,Combined TRACON& Tower with Radar,180,56,38,35,309,0,27,69,11,107,180,83,107,46,416,10,6,16,432
10/26/2019,ABQ,NM,ASW,WE,Combined TRACON& Tower with Radar,133,36,24,20,213,0,10,61,6,77,133,46,85,26,290,56,12,68,358
10/27/2019,ABQ,NM,ASW,WE,Combined TRACON& Tower with Radar,158,32,26,22,238,0,8,50,3,61,158,40,76,25,299,68,2,70,369
10/28/2019,ABQ,NM,ASW,WE,Combined TRACON& Tower with Radar,175,48,34,16,273,0,18,25,10,53,175,66,59,26,326,2,10,12,338
10/29/2019,ABQ,NM,ASW,WE,Combined TRACON& Tower with Radar,166,54,38,5,263,0,31,63,51,145,166,85,101,56,408,8,14,22,430
10/30/2019,ABQ,NM,ASW,WE,Combined TRACON& Tower with Radar,164,42,47,12,265,0,27,33,69,129,164,69,80,81,394,0,82,82,476
10/31/2019,ABQ,NM,ASW,WE,Combined TRACON& Tower with Radar,146,42,36,7,231,0,31,72,47,150,146,73,108,54,381,36,48,84,465
11/01/2019,ABQ,NM,ASW,WE,Combined TRACON& Tower with Radar,171,46,36,20,273,0,30,78,51,159,171,76,114,71,432,50,40,90,522
11/02/2019,ABQ,NM,ASW,WE,Combined TRACON& Tower with Radar,137,30,24,6,197,0,4,60,21,85,137,34,84,27,282,78,14,92,374
11/03/2019,ABQ,NM,ASW,WE,Combined TRACON& Tower with Radar,156,23,20,3,202,0,9,77,8,94,156,32,97,11,296,68,8,76,372
11/04/2019,ABQ,NM,ASW,WE,Combined TRACON& Tower with Radar,171,44,24,4,243,0,17,53,43,113,171,61,77,47,356,40,0,40,396
11/05/2019,ABQ,NM,ASW,WE,Combined TRACON& Tower with Radar,172,53,46,26,297,0,30,77,81,188,172,83,123,107,485,72,80,152,637
11/06/2019,ABQ,NM,ASW,WE,Combined TRACON& Tower with Radar,150,50,27,17,244,0,25,38,39,102,150,75,65,56,346,2,44,46,392
11/07/2019,ABQ,NM,ASW,WE,Combined TRACON& Tower with Radar,186,69,48,29,332,0,18,40,45,103,186,87,88,74,435,12,26,38,473
11/08/2019,ABQ,NM,ASW,WE,Combined TRACON& Tower with Radar,173,57,35,23,288,0,27,57,30,114,173,84,92,53,402,26,18,44,446
11/09/2019,ABQ,NM,ASW,WE,Combined TRACON& Tower with Radar,123,28,26,8,185,0,15,113,13,141,123,43,139,21,326,150,30,180,506
11/10/2019,ABQ,NM,ASW,WE,Combined TRACON& Tower with Radar,142,32,30,3,207,0,11,69,3,83,142,43,99,6,290,74,4,78,368
11/11/2019,ABQ,NM,ASW,WE,Combined TRACON& Tower with Radar,159,40,30,16,245,0,14,53,0,67,159,54,83,16,312,20,10,30,342
11/12/2019,ABQ,NM,ASW,WE,Combined TRACON& Tower with Radar,170,38,24,12,244,0,44,47,54,145,170,82,71,66,389,8,38,46,435
11/13/2019,ABQ,NM,ASW,WE,Combined TRACON& Tower with Radar,172,57,36,16,281,0,36,86,62,184,172,93,122,78,465,28,16,44,509
11/14/2019,ABQ,NM,ASW,WE,Combined TRACON& Tower with Radar,175,45,46,13,279,0,27,72,61,160,175,72,118,74,439,34,60,94,533
11/15/2019,ABQ,NM,ASW,WE,Combined TRACON& Tower with Radar,171,37,37,33,278,0,27,79,21,127,171,64,116,54,405,58,4,62,467
11/16/2019,ABQ,NM,ASW,WE,Combined TRACON& Tower with Radar,118,32,30,45,225,0,30,65,2,97,118,62,95,47,322,38,24,62,384
11/17/2019,ABQ,NM,ASW,WE,Combined TRACON& Tower with Radar,148,23,28,6,205,0,5,72,1,78,148,28,100,7,283,61,0,61,344
11/18/2019,ABQ,NM,ASW,WE,Combined TRACON& Tower with Radar,161,47,40,21,269,0,19,62,51,132,161,66,102,72,401,38,4,42,443
11/19/2019,ABQ,NM,ASW,WE,Combined TRACON& Tower with Radar,175,53,37,27,292,0,49,60,74,183,175,102,97,101,475,38,42,80,555
11/20/2019,ABQ,NM,ASW,WE,Combined TRACON& Tower with Radar,167,58,45,16,286,0,27,11,74,112,167,85,56,90,398,4,28,32,430
11/21/2019,ABQ,NM,ASW,WE,Combined TRACON& Tower with Radar,179,71,33,13,296,0,13,1,5,19,179,84,34,18,315,2,16,18,333
11/22/2019,ABQ,NM,ASW,WE,Combined TRACON& Tower with Radar,178,68,42,18,306,0,11,35,12,58,178,79,77,30,364,18,6,24,388
11/23/2019,ABQ,NM,ASW,WE,Combined TRACON& Tower with Radar,145,29,30,6,210,0,10,83,3,96,145,39,113,9,306,32,0,32,338
11/24/2019,ABQ,NM,ASW,WE,Combined TRACON& Tower with Radar,147,24,37,2,210,0,8,61,4,73,147,32,98,6,283,70,0,70,353
11/25/2019,ABQ,NM,ASW,WE,Combined TRACON& Tower with Radar,160,37,26,7,230,0,16,56,57,129,160,53,82,64,359,4,0,4,363
11/26/2019,ABQ,NM,ASW,WE,Combined TRACON& Tower with Radar,168,67,25,3,263,0,40,10,27,77,168,107,35,30,340,10,14,24,364
11/27/2019,ABQ,NM,ASW,WE,Combined TRACON& Tower with Radar,183,54,37,5,279,0,23,34,21,78,183,77,71,26,357,0,2,2,359
11/28/2019,ABQ,NM,ASW,WE,Combined TRACON& Tower with Radar,99,28,10,0,137,0,0,0,0,0,99,28,10,0,137,0,0,0,137
11/29/2019,ABQ,NM,ASW,WE,Combined TRACON& Tower with Radar,121,44,10,0,175,0,13,2,0,15,121,57,12,0,190,1,0,1,191
11/30/2019,ABQ,NM,ASW,WE,Combined TRACON& Tower with Radar,155,54,21,0,230,0,8,16,0,24,155,62,37,0,254,1,1,2,256
12/01/2019,ABQ,NM,ASW,WE,Combined TRACON& Tower with Radar,176,37,34,0,247,0,8,47,0,55,176,45,81,0,302,36,0,36,338
12/02/2019,ABQ,NM,ASW,WE,Combined TRACON& Tower with Radar,172,44,31,6,253,0,20,81,54,155,172,64,112,60,408,0,8,8,416
12/03/2019,ABQ,NM,ASW,WE,Combined TRACON& Tower with Radar,172,58,37,10,277,0,45,100,36,181,172,103,137,46,458,36,19,55,513
12/04/2019,ABQ,NM,ASW,WE,Combined TRACON& Tower with Radar,148,58,51,21,278,0,33,35,51,119,148,91,86,72,397,46,60,106,503
12/05/2019,ABQ,NM,ASW,WE,Combined TRACON& Tower with Radar,159,56,39,15,269,0,29,62,36,127,159,85,101,51,396,82,50,132,528
12/06/2019,ABQ,NM,ASW,WE,Combined TRACON& Tower with Radar,155,56,44,13,268,0,44,86,24,154,155,100,130,37,422,38,26,64,486
12/07/2019,ABQ,NM,ASW,WE,Combined TRACON& Tower with Radar,109,33,43,17,202,0,13,98,19,130,109,46,141,36,332,108,14,122,454
12/08/2019,ABQ,NM,ASW,WE,Combined TRACON& Tower with Radar,139,36,22,4,201,0,3,16,3,22,139,39,38,7,223,66,4,70,293
12/09/2019,ABQ,NM,ASW,WE,Combined TRACON& Tower with Radar,153,42,36,12,243,0,16,60,38,114,153,58,96,50,357,8,0,8,365
12/10/2019,ABQ,NM,ASW,WE,Combined TRACON& Tower with Radar,154,49,55,8,266,0,50,95,64,209,154,99,150,72,475,34,94,128,603
12/11/2019,ABQ,NM,ASW,WE,Combined TRACON& Tower with Radar,156,48,40,3,247,0,29,78,38,145,156,77,118,41,392,54,4,58,450
12/12/2019,ABQ,NM,ASW,WE,Combined TRACON& Tower with Radar,166,60,54,9,289,0,25,95,46,166,166,85,149,55,455,26,24,50,505
12/13/2019,ABQ,NM,ASW,WE,Combined TRACON& Tower with Radar,156,56,48,36,296,0,32,55,25,112,156,88,103,61,408,36,14,50,458
12/14/2019,ABQ,NM,ASW,WE,Combined TRACON& Tower with Radar,106,50,30,5,191,0,16,55,11,82,106,66,85,16,273,20,0,20,293
12/15/2019,ABQ,NM,ASW,WE,Combined TRACON& Tower with Radar,133,36,29,4,202,0,15,22,0,37,133,51,51,4,239,46,12,58,297
12/16/2019,ABQ,NM,ASW,WE,Combined TRACON& Tower with Radar,157,43,36,3,239,4,26,52,39,121,161,69,88,42,360,8,2,10,370
12/17/2019,ABQ,NM,ASW,WE,Combined TRACON& Tower with Radar,150,57,40,16,263,0,52,67,70,189,150,109,107,86,452,14,62,76,528
12/18/2019,ABQ,NM,ASW,WE,Combined TRACON& Tower with Radar,164,45,42,4,255,0,60,85,48,193,164,105,127,52,448,64,44,108,556
12/19/2019,ABQ,NM,ASW,WE,Combined TRACON& Tower with Radar,170,61,42,12,285,1,31,89,60,181,171,92,131,72,466,48,28,76,542
12/20/2019,ABQ,NM,ASW,WE,Combined TRACON& Tower with Radar,166,66,36,7,275,0,37,91,17,145,166,103,127,24,420,22,18,40,460
12/21/2019,ABQ,NM,ASW,WE,Combined TRACON& Tower with Radar,167,53,33,0,253,0,16,69,3,88,167,69,102,3,341,22,0,22,363
12/22/2019,ABQ,NM,ASW,WE,Combined TRACON& Tower with Radar,156,37,14,6,213,0,9,65,0,74,156,46,79,6,287,60,2,62,349
12/23/2019,ABQ,NM,ASW,WE,Combined TRACON& Tower with Radar,168,45,33,4,250,0,19,57,14,90,168,64,90,18,340,42,2,44,384
12/24/2019,ABQ,NM,ASW,WE,Combined TRACON& Tower with Radar,146,47,20,0,213,5,25,12,0,42,151,72,32,0,255,14,0,14,269
12/25/2019,ABQ,NM,ASW,WE,Combined TRACON& Tower with Radar,131,38,13,0,182,8,5,3,0,16,139,43,16,0,198,14,0,14,212
12/26/2019,ABQ,NM,ASW,WE,Combined TRACON& Tower with Radar,155,66,36,0,257,1,37,41,1,80,156,103,77,1,337,8,0,8,345
12/27/2019,ABQ,NM,ASW,WE,Combined TRACON& Tower with Radar,163,63,27,2,255,0,14,11,4,29,163,77,38,6,284,4,6,10,294
12/28/2019,ABQ,NM,ASW,WE,Combined TRACON& Tower with Radar,145,59,24,1,229,0,7,12,1,20,145,66,36,2,249,78,0,78,327
12/29/2019,ABQ,NM,ASW,WE,Combined TRACON& Tower with Radar,150,47,22,1,220,0,8,26,4,38,150,55,48,5,258,4,0,4,262
12/30/2019,ABQ,NM,ASW,WE,Combined TRACON& Tower with Radar,164,47,35,4,250,10,20,52,15,97,174,67,87,19,347,2,2,4,351
12/31/2019,ABQ,NM,ASW,WE,Combined TRACON& Tower with Radar,148,49,23,1,221,5,42,39,11,97,153,91,62,12,318,64,2,66,384
01/01/2020,ABQ,NM,ASW,WE,Combined TRACON& Tower with Radar,129,42,20,0,191,1,13,27,3,44,130,55,47,3,235,28,0,28,263
01/02/2020,ABQ,NM,ASW,WE,Combined TRACON& Tower with Radar,161,69,20,4,254,0,38,18,0,56,161,107,38,4,310,6,0,6,316
01/03/2020,ABQ,NM,ASW,WE,Combined TRACON& Tower with Radar,154,47,24,4,229,0,35,73,4,112,154,82,97,8,341,36,0,36,377
01/04/2020,ABQ,NM,ASW,WE,Combined TRACON& Tower with Radar,120,50,36,0,206,0,28,70,0,98,120,78,106,0,304,82,0,82,386
01/05/2020,ABQ,NM,ASW,WE,Combined TRACON& Tower with Radar,144,33,21,1,199,3,12,66,1,82,147,45,87,2,281,98,0,98,379
01/06/2020,ABQ,NM,ASW,WE,Combined TRACON& Tower with Radar,148,50,19,4,221,0,27,44,48,119,148,77,63,52,340,38,31,69,409
01/07/2020,ABQ,NM,ASW,WE,Combined TRACON& Tower with Radar,139,49,28,11,227,0,46,55,44,145,139,95,83,55,372,18,26,44,416
01/08/2020,ABQ,NM,ASW,WE,Combined TRACON& Tower with Radar,143,46,30,6,225,0,33,56,48,137,143,79,86,54,362,60,0,60,422
01/09/2020,ABQ,NM,ASW,WE,Combined TRACON& Tower with Radar,151,58,28,10,247,1,31,69,18,119,152,89,97,28,366,104,22,126,492
01/10/2020,ABQ,NM,ASW,WE,Combined TRACON& Tower with Radar,136,47,27,27,237,0,26,24,17,67,136,73,51,44,304,1,7,8,312
01/11/2020,ABQ,NM,ASW,WE,Combined TRACON& Tower with Radar,89,31,37,37,194,0,20,89,25,134,89,51,126,62,328,74,30,104,432
01/12/2020,ABQ,NM,ASW,WE,Combined TRACON& Tower with Radar,124,28,25,8,185,0,12,55,7,74,124,40,80,15,259,74,0,74,333
01/13/2020,ABQ,NM,ASW,WE,Combined TRACON& Tower with Radar,140,49,38,7,234,0,33,36,41,110,140,82,74,48,344,42,0,42,386
01/14/2020,ABQ,NM,ASW,WE,Combined TRACON& Tower with Radar,140,46,32,11,229,0,31,83,45,159,140,77,115,56,388,22,16,38,426
01/15/2020,ABQ,NM,ASW,WE,Combined TRACON& Tower with Radar,141,42,33,7,223,0,33,59,55,147,141,75,92,62,370,48,64,112,482
01/16/2020,ABQ,NM,ASW,WE,Combined TRACON& Tower with Radar,148,60,11,2,221,0,17,0,3,20,148,77,11,5,241,2,20,22,263
01/17/2020,ABQ,NM,ASW,WE,Combined TRACON& Tower with Radar,157,66,31,14,268,0,16,24,9,49,157,82,55,23,317,8,2,10,327
01/18/2020,ABQ,NM,ASW,WE,Combined TRACON& Tower with Radar,91,45,32,17,185,0,49,74,9,132,91,94,106,26,317,96,18,114,431
01/19/2020,ABQ,NM,ASW,WE,Combined TRACON& Tower with Radar,120,33,19,0,172,0,23,48,5,76,120,56,67,5,248,32,0,32,280
01/20/2020,ABQ,NM,ASW,WE,Combined TRACON& Tower with Radar,140,47,43,2,232,0,28,67,0,95,140,75,110,2,327,54,1,55,382
01/21/2020,ABQ,NM,ASW,WE,Combined TRACON& Tower with Radar,141,64,41,11,257,0,11,7,11,29,141,75,48,22,286,0,16,16,302
01/22/2020,ABQ,NM,ASW,WE,Combined TRACON& Tower with Radar,138,57,51,10,256,0,40,36,51,127,138,97,87,61,383,24,16,40,423
01/23/2020,ABQ,NM,ASW,WE,Combined TRACON& Tower with Radar,147,59,45,16,267,0,36,91,55,182,147,95,136,71,449,42,42,84,533
01/24/2020,ABQ,NM,ASW,WE,Combined TRACON& Tower with Radar,148,53,35,43,279,0,29,73,48,150,148,82,108,91,429,18,72,90,519
01/25/2020,ABQ,NM,ASW,WE,Combined TRACON& Tower with Radar,93,31,25,12,161,0,18,70,16,104,93,49,95,28,265,26,8,34,299
01/26/2020,ABQ,NM,ASW,WE,Combined TRACON& Tower with Radar,127,30,25,33,215,0,14,45,16,75,127,44,70,49,290,64,36,100,390
01/27/2020,ABQ,NM,ASW,WE,Combined TRACON& Tower with Radar,136,52,30,8,226,0,33,13,39,85,136,85,43,47,311,6,10,16,327
01/28/2020,ABQ,NM,ASW,WE,Combined TRACON& Tower with Radar,139,59,42,21,261,0,38,62,65,165,139,97,104,86,426,40,40,80,506
01/29/2020,ABQ,NM,ASW,WE,Combined TRACON& Tower with Radar,137,49,32,12,230,0,38,54,52,144,137,87,86,64,374,22,26,48,422
01/30/2020,ABQ,NM,ASW,WE,Combined TRACON& Tower with Radar,153,50,37,41,281,0,32,80,58,170,153,82,117,99,451,12,48,60,511
01/31/2020,ABQ,NM,ASW,WE,Combined TRACON& Tower with Radar,150,53,53,17,273,4,30,80,32,146,154,83,133,49,419,40,14,54,473
02/01/2020,ABQ,NM,ASW,CE,Combined TRACON& Tower with Radar,92,47,31,12,182,0,10,84,4,98,92,57,115,16,280,80,0,80,360
02/02/2020,ABQ,NM,ASW,CE,Combined TRACON& Tower with Radar,127,31,23,7,188,0,15,81,5,101,127,46,104,12,289,68,0,68,357
02/03/2020,ABQ,NM,ASW,CE,Combined TRACON& Tower with Radar,134,44,43,5,226,0,20,15,48,83,134,64,58,53,309,2,22,24,333
02/04/2020,ABQ,NM,ASW,CE,Combined TRACON& Tower with Radar,143,54,36,11,244,0,13,1,16,30,143,67,37,27,274,0,0,0,274
02/05/2020,ABQ,NM,ASW,CE,Combined TRACON& Tower with Radar,135,51,28,21,235,0,29,39,53,121,135,80,67,74,356,30,18,48,404
02/06/2020,ABQ,NM,ASW,CE,Combined TRACON& Tower with Radar,157,68,26,9,260,0,31,43,60,134,157,99,69,69,394,14,6,20,414
02/07/2020,ABQ,NM,ASW,CE,Combined TRACON& Tower with Radar,143,41,36,15,235,0,31,60,35,126,143,72,96,50,361,24,16,40,401
02/08/2020,ABQ,NM,ASW,CE,Combined TRACON& Tower with Radar,93,37,23,8,161,0,16,108,9,133,93,53,131,17,294,74,6,80,374
02/09/2020,ABQ,NM,ASW,CE,Combined TRACON& Tower with Radar,127,34,20,22,203,0,11,68,9,88,127,45,88,31,291,54,4,58,349
02/10/2020,ABQ,NM,ASW,CE,Combined TRACON& Tower with Radar,146,57,48,0,251,0,9,8,25,42,146,66,56,25,293,12,6,18,311
02/11/2020,ABQ,NM,ASW,CE,Combined TRACON& Tower with Radar,123,77,23,0,223,0,9,3,0,12,123,86,26,0,235,4,0,4,239
02/12/2020,ABQ,NM,ASW,CE,Combined TRACON& Tower with Radar,142,61,58,1,262,0,33,47,64,144,142,94,105,65,406,54,6,60,466
02/13/2020,ABQ,NM,ASW,CE,Combined TRACON& Tower with Radar,146,76,50,9,281,0,40,87,37,164,146,116,137,46,445,62,29,91,536
02/14/2020,ABQ,NM,ASW,CE,Combined TRACON& Tower with Radar,152,54,37,31,274,0,46,77,6,129,152,100,114,37,403,7,1,8,411
02/15/2020,ABQ,NM,ASW,CE,Combined TRACON& Tower with Radar,102,52,19,8,181,0,23,56,0,79,102,75,75,8,260,0,0,0,260
02/16/2020,ABQ,NM,ASW,CE,Combined TRACON& Tower with Radar,120,44,23,2,189,0,26,66,3,95,120,70,89,5,284,66,0,66,350
02/17/2020,ABQ,NM,ASW,CE,Combined TRACON& Tower with Radar,139,60,39,8,246,0,31,67,2,100,139,91,106,10,346,116,5,121,467
02/18/2020,ABQ,NM,ASW,CE,Combined TRACON& Tower with Radar,142,73,44,51,310,0,52,53,42,147,142,125,97,93,457,40,44,84,541
02/19/2020,ABQ,NM,ASW,CE,Combined TRACON& Tower with Radar,149,62,46,5,262,0,28,52,54,134,149,90,98,59,396,86,18,104,500
02/20/2020,ABQ,NM,ASW,CE,Combined TRACON& Tower with Radar,153,79,60,23,315,0,32,40,53,125,153,111,100,76,440,22,22,44,484
02/21/2020,ABQ,NM,ASW,CE,Combined TRACON& Tower with Radar,148,64,42,9,263,0,35,60,25,120,148,99,102,34,383,34,8,42,425
02/22/2020,ABQ,NM,ASW,CE,Combined TRACON& Tower with Radar,100,55,29,5,189,0,9,15,1,25,100,64,44,6,214,0,0,0,214
02/23/2020,ABQ,NM,ASW,CE,Combined TRACON& Tower with Radar,121,46,30,1,198,0,1,5,7,13,121,47,35,8,211,24,0,24,235
02/24/2020,ABQ,NM,ASW,CE,Combined TRACON& Tower with Radar,139,76,43,4,262,0,29,71,14,114,139,105,114,18,376,46,2,48,424
02/25/2020,ABQ,NM,ASW,CE,Combined TRACON& Tower with Radar,143,59,36,10,248,0,35,73,66,174,143,94,109,76,422,62,38,100,522
02/26/2020,ABQ,NM,ASW,CE,Combined TRACON& Tower with Radar,145,62,47,14,268,1,35,80,54,170,146,97,127,68,438,0,0,0,438
02/27/2020,ABQ,NM,ASW,CE,Combined TRACON& Tower with Radar,149,67,49,11,276,0,38,87,55,180,149,105,136,66,456,34,36,70,526
02/28/2020,ABQ,NM,ASW,CE,Combined TRACON& Tower with Radar,144,60,32,17,253,0,42,82,20,144,144,102,114,37,397,68,8,76,473
02/29/2020,ABQ,NM,ASW,CE,Combined TRACON& Tower with Radar,99,57,29,15,200,0,32,76,2,110,99,89,105,17,310,96,0,96,406
03/01/2020,ABQ,NM,ASW,CE,Combined TRACON& Tower with Radar,124,49,22,2,197,0,8,60,2,70,124,57,82,4,267,64,0,64,331
03/02/2020,ABQ,NM,ASW,CE,Combined TRACON& Tower with Radar,140,62,28,6,236,0,52,54,38,144,140,114,82,44,380,56,14,70,450
03/03/2020,ABQ,NM,ASW,CE,Combined TRACON& Tower with Radar,153,60,39,18,270,0,40,61,47,148,153,100,100,65,418,60,36,96,514
03/04/2020,ABQ,NM,ASW,CE,Combined TRACON& Tower with Radar,149,58,43,9,259,0,32,76,52,160,149,90,119,61,419,32,16,48,467
03/05/2020,ABQ,NM,ASW,CE,Combined TRACON& Tower with Radar,156,59,46,11,272,0,28,95,54,177,156,87,141,65,449,8,42,50,499
03/06/2020,ABQ,NM,ASW,CE,Combined TRACON& Tower with Radar,157,55,43,14,269,0,34,60,29,123,157,89,103,43,392,20,16,36,428
03/07/2020,ABQ,NM,ASW,CE,Combined TRACON& Tower with Radar,122,60,46,8,236,0,16,82,7,105,122,76,128,15,341,58,16,74,415
03/08/2020,ABQ,NM,ASW,CE,Combined TRACON& Tower with Radar,138,53,30,11,232,6,11,12,4,33,144,64,42,15,265,20,12,32,297
03/09/2020,ABQ,NM,ASW,CE,Combined TRACON& Tower with Radar,142,53,48,8,251,4,18,55,56,133,146,71,103,64,384,36,28,64,448
03/10/2020,ABQ,NM,ASW,CE,Combined TRACON& Tower with Radar,155,68,40,11,274,0,31,57,66,154,155,99,97,77,428,88,32,120,548
03/11/2020,ABQ,NM,ASW,CE,Combined TRACON& Tower with Radar,156,61,39,10,266,0,24,41,58,123,156,85,80,68,389,44,16,60,449
03/12/2020,ABQ,NM,ASW,CE,Combined TRACON& Tower with Radar,155,56,41,19,271,0,24,67,49,140,155,80,108,68,411,20,36,56,467
03/13/2020,ABQ,NM,ASW,CE,Combined TRACON& Tower with Radar,150,91,24,17,282,0,15,4,18,37,150,106,28,35,319,2,18,20,339
03/14/2020,ABQ,NM,ASW,CE,Combined TRACON& Tower with Radar,123,50,37,7,217,0,20,69,6,95,123,70,106,13,312,24,2,26,338
03/15/2020,ABQ,NM,ASW,CE,Combined TRACON& Tower with Radar,132,35,30,9,206,0,13,54,0,67,132,48,84,9,273,8,0,8,281
03/16/2020,ABQ,NM,ASW,CE,Combined TRACON& Tower with Radar,147,43,21,7,218,0,19,49,47,115,147,62,70,54,333,10,0,10,343
03/17/2020,ABQ,NM,ASW,CE,Combined TRACON& Tower with Radar,150,54,33,14,251,0,26,43,55,124,150,80,76,69,375,4,48,52,427
03/18/2020,ABQ,NM,ASW,CE,Combined TRACON& Tower with Radar,149,41,20,6,216,0,20,26,39,85,149,61,46,45,301,12,8,20,321
03/19/2020,ABQ,NM,ASW,CE,Combined TRACON& Tower with Radar,145,62,26,3,236,0,20,18,17,55,145,82,44,20,291,52,8,60,351
03/20/2020,ABQ,NM,ASW,CE,Combined TRACON& Tower with Radar,124,60,46,7,237,0,24,36,32,92,124,84,82,39,329,30,8,38,367
03/21/2020,ABQ,NM,ASW,CE,Combined TRACON& Tower with Radar,107,43,25,0,175,0,17,36,0,53,107,60,61,0,228,26,0,26,254
03/22/2020,ABQ,NM,ASW,CE,Combined TRACON& Tower with Radar,109,40,40,0,189,0,8,46,1,55,109,48,86,1,244,31,0,31,275
03/23/2020,ABQ,NM,ASW,CE,Combined TRACON& Tower with Radar,114,34,43,4,195,0,19,34,38,91,114,53,77,42,286,24,36,60,346
03/24/2020,ABQ,NM,ASW,CE,Combined TRACON& Tower with Radar,122,33,22,1,178,0,31,52,51,134,122,64,74,52,312,60,56,116,428
03/25/2020,ABQ,NM,ASW,CE,Combined TRACON& Tower with Radar,101,51,26,2,180,0,31,36,36,103,101,82,62,38,283,14,12,26,309
03/26/2020,ABQ,NM,ASW,CE,Combined TRACON& Tower with Radar,109,46,14,1,170,0,30,14,2,46,109,76,28,3,216,4,0,4,220
03/27/2020,ABQ,NM,ASW,CE,Combined TRACON& Tower with Radar,84,40,13,3,140,0,26,19,9,54,84,66,32,12,194,10,0,10,204
03/28/2020,ABQ,NM,ASW,CE,Combined TRACON& Tower with Radar,78,42,22,0,142,0,17,34,0,51,78,59,56,0,193,28,0,28,221
03/29/2020,ABQ,NM,ASW,CE,Combined TRACON& Tower with Radar,82,22,21,0,125,0,9,66,1,76,82,31,87,1,201,68,0,68,269
03/30/2020,ABQ,NM,ASW,CE,Combined TRACON& Tower with Radar,71,34,16,5,126,0,20,21,15,56,71,54,37,20,182,10,8,18,200
03/31/2020,ABQ,NM,ASW,CE,Combined TRACON& Tower with Radar,77,29,36,4,146,0,29,51,34,114,77,58,87,38,260,26,42,68,328
04/01/2020,ABQ,NM,ASW,CE,Combined TRACON& Tower with Radar,86,45,18,10,159,0,26,20,35,81,86,71,38,45,240,8,20,28,268
04/02/2020,ABQ,NM,ASW,CE,Combined TRACON& Tower with Radar,90,41,19,6,156,0,23,25,61,109,90,64,44,67,265,8,34,42,307
04/03/2020,ABQ,NM,ASW,CE,Combined TRACON& Tower with Radar,74,43,13,1,131,0,29,36,4,69,74,72,49,5,200,20,0,20,220
04/04/2020,ABQ,NM,ASW,CE,Combined TRACON& Tower with Radar,52,30,17,1,100,0,22,19,1,42,52,52,36,2,142,50,0,50,192
04/05/2020,ABQ,NM,ASW,CE,Combined TRACON& Tower with Radar,66,28,26,0,120,0,6,33,0,39,66,34,59,0,159,44,0,44,203
04/06/2020,ABQ,NM,ASW,CE,Combined TRACON& Tower with Radar,65,36,21,4,126,0,29,25,27,81,65,65,46,31,207,14,2,16,223
04/07/2020,ABQ,NM,ASW,CE,Combined TRACON& Tower with Radar,66,51,18,6,141,0,29,41,36,106,66,80,59,42,247,34,12,46,293
04/08/2020,ABQ,NM,ASW,CE,Combined TRACON& Tower with Radar,72,37,21,3,133,0,47,21,41,109,72,84,42,44,242,52,30,82,324
04/09/2020,ABQ,NM,ASW,CE,Combined TRACON& Tower with Radar,79,42,22,16,159,0,21,37,51,109,79,63,59,67,268,44,24,68,336
04/10/2020,ABQ,NM,ASW,CE,Combined TRACON& Tower with Radar,63,31,16,0,110,0,20,34,9,63,63,51,50,9,173,18,0,18,191
04/11/2020,ABQ,NM,ASW,CE,Combined TRACON& Tower with Radar,44,22,19,2,87,0,5,28,1,34,44,27,47,3,121,50,0,50,171
04/12/2020,ABQ,NM,ASW,CE,Combined TRACON& Tower with Radar,66,18,7,0,91,0,8,8,2,18,66,26,15,2,109,68,0,68,177
04/13/2020,ABQ,NM,ASW,CE,Combined TRACON& Tower with Radar,64,50,15,6,135,0,0,0,11,11,64,50,15,17,146,0,6,6,152
04/14/2020,ABQ,NM,ASW,CE,Combined TRACON& Tower with Radar,71,47,25,12,155,0,38,36,34,108,71,85,61,46,263,8,28,36,299
04/15/2020,ABQ,NM,ASW,CE,Combined TRACON& Tower with Radar,68,34,21,10,133,0,29,31,45,105,68,63,52,55,238,16,46,62,300
04/16/2020,ABQ,NM,ASW,CE,Combined TRACON& Tower with Radar,60,38,17,6,121,0,27,25,33,85,60,65,42,39,206,32,18,50,256
04/17/2020,ABQ,NM,ASW,CE,Combined TRACON& Tower with Radar,52,32,17,11,112,0,32,49,12,93,52,64,66,23,205,20,22,42,247
04/18/2020,ABQ,NM,ASW,CE,Combined TRACON& Tower with Radar,32,26,11,0,69,0,28,33,3,64,32,54,44,3,133,32,0,32,165
04/19/2020,ABQ,NM,ASW,CE,Combined TRACON& Tower with Radar,42,24,20,0,86,0,23,34,2,59,42,47,54,2,145,86,0,86,231
04/20/2020,ABQ,NM,ASW,CE,Combined TRACON& Tower with Radar,49,33,19,8,109,0,21,44,39,104,49,54,63,47,213,32,12,44,257
04/21/2020,ABQ,NM,ASW,CE,Combined TRACON& Tower with Radar,62,39,17,16,134,0,44,25,49,118,62,83,42,65,252,44,18,62,314
04/22/2020,ABQ,NM,ASW,CE,Combined TRACON& Tower with Radar,53,40,21,15,129,0,36,15,50,101,53,76,36,65,230,46,14,60,290
04/23/2020,ABQ,NM,ASW,CE,Combined TRACON& Tower with Radar,50,44,23,9,126,0,27,23,36,86,50,71,46,45,212,104,30,134,346
04/24/2020,ABQ,NM,ASW,CE,Combined TRACON& Tower with Radar,57,46,17,9,129,0,24,29,13,66,57,70,46,22,195,6,2,8,203
04/25/2020,ABQ,NM,ASW,CE,Combined TRACON& Tower with Radar,40,36,26,2,104,0,20,63,2,85,40,56,89,4,189,72,0,72,261
04/26/2020,ABQ,NM,ASW,CE,Combined TRACON& Tower with Radar,39,19,15,2,75,0,18,54,0,72,39,37,69,2,147,78,2,80,227
04/27/2020,ABQ,NM,ASW,CE,Combined TRACON& Tower with Radar,45,35,14,15,109,0,23,38,43,104,45,58,52,58,213,20,34,54,267
04/28/2020,ABQ,NM,ASW,CE,Combined TRACON& Tower with Radar,62,45,15,4,126,0,32,33,58,123,62,77,48,62,249,2,30,32,281
04/29/2020,ABQ,NM,ASW,CE,Combined TRACON& Tower with Radar,57,44,23,3,127,0,39,46,54,139,57,83,69,57,266,37,38,75,341
04/30/2020,ABQ,NM,ASW,CE,Combined TRACON& Tower with Radar,61,54,17,11,143,0,36,36,28,100,61,90,53,39,243,54,24,78,321
05/01/2020,ABQ,NM,ASW,CE,Combined TRACON& Tower with Radar,54,48,29,5,136,0,35,73,4,112,54,83,102,9,248,24,2,26,274
05/02/2020,ABQ,NM,ASW,CE,Combined TRACON& Tower with Radar,41,25,11,3,80,0,15,56,6,77,41,40,67,9,157,42,2,44,201
05/03/2020,ABQ,NM,ASW,CE,Combined TRACON& Tower with Radar,42,30,19,3,94,0,12,37,7,56,42,42,56,10,150,36,0,36,186
05/04/2020,ABQ,NM,ASW,CE,Combined TRACON& Tower with Radar,54,43,36,5,138,0,37,23,42,102,54,80,59,47,240,10,6,16,256
05/05/2020,ABQ,NM,ASW,CE,Combined TRACON& Tower with Radar,60,50,22,11,143,0,58,31,45,134,60,108,53,56,277,22,20,42,319
05/06/2020,ABQ,NM,ASW,CE,Combined TRACON& Tower with Radar,59,52,34,3,148,0,34,40,47,121,59,86,74,50,269,4,10,14,283
05/07/2020,ABQ,NM,ASW,CE,Combined TRACON& Tower with Radar,67,46,24,3,140,0,40,34,73,147,67,86,58,76,287,14,50,64,351
05/08/2020,ABQ,NM,ASW,CE,Combined TRACON& Tower with Radar,59,53,25,8,145,0,32,32,8,72,59,85,57,16,217,42,0,42,259
05/09/2020,ABQ,NM,ASW,CE,Combined TRACON& Tower with Radar,43,30,29,0,102,0,12,58,3,73,43,42,87,3,175,64,0,64,239
05/10/2020,ABQ,NM,ASW,CE,Combined TRACON& Tower with Radar,45,27,14,4,90,0,10,23,2,35,45,37,37,6,125,38,2,40,165
05/11/2020,ABQ,NM,ASW,CE,Combined TRACON& Tower with Radar,52,50,17,8,127,0,19,21,45,85,52,69,38,53,212,7,4,11,223
05/12/2020,ABQ,NM,ASW,CE,Combined TRACON& Tower with Radar,61,43,21,23,148,0,31,38,54,123,61,74,59,77,271,12,54,66,337
05/13/2020,ABQ,NM,ASW,CE,Combined TRACON& Tower with Radar,66,46,34,4,150,0,35,38,49,122,66,81,72,53,272,20,12,32,304
05/14/2020,ABQ,NM,ASW,CE,Combined TRACON& Tower with Radar,61,44,20,7,132,0,31,76,45,152,61,75,96,52,284,52,34,86,370
05/15/2020,ABQ,NM,ASW,CE,Combined TRACON& Tower with Radar,59,46,34,14,153,0,32,40,38,110,59,78,74,52,263,74,28,102,365
05/16/2020,ABQ,NM,ASW,CE,Combined TRACON& Tower with Radar,46,42,38,0,126,0,40,41,0,81,46,82,79,0,207,36,0,36,243
05/17/2020,ABQ,NM,ASW,CE,Combined TRACON& Tower with Radar,51,34,35,4,124,0,16,24,3,43,51,50,59,7,167,18,0,18,185
05/18/2020,ABQ,NM,ASW,CE,Combined TRACON& Tower with Radar,50,41,35,12,138,0,31,42,42,115,50,72,77,54,253,30,18,48,301
05/19/2020,ABQ,NM,ASW,CE,Combined TRACON& Tower with Radar,57,39,27,14,137,0,40,37,54,131,57,79,64,68,268,16,30,46,314
05/20/2020,ABQ,NM,ASW,CE,Combined TRACON& Tower with Radar,59,31,35,9,134,0,34,38,38,110,59,65,73,47,244,58,28,86,330
05/21/2020,ABQ,NM,ASW,CE,Combined TRACON& Tower with Radar,65,43,32,14,154,0,52,46,52,150,65,95,78,66,304,34,32,66,370
05/22/2020,ABQ,NM,ASW,CE,Combined TRACON& Tower with Radar,59,42,32,8,141,0,34,65,18,117,59,76,97,26,258,32,4,36,294
05/23/2020,ABQ,NM,ASW,CE,Combined TRACON& Tower with Radar,43,37,29,2,111,0,19,37,3,59,43,56,66,5,170,12,0,12,182
05/24/2020,ABQ,NM,ASW,CE,Combined TRACON& Tower with Radar,51,23,26,0,100,0,13,38,1,52,51,36,64,1,152,20,0,20,172
05/25/2020,ABQ,NM,ASW,CE,Combined TRACON& Tower with Radar,52,20,12,2,86,0,8,19,1,28,52,28,31,3,114,0,0,0,114
05/26/2020,ABQ,NM,ASW,CE,Combined TRACON& Tower with Radar,55,49,23,21,148,0,23,46,72,141,55,72,69,93,289,32,70,102,391
05/27/2020,ABQ,NM,ASW,CE,Combined TRACON& Tower with Radar,62,47,38,10,157,7,31,58,54,150,69,78,96,64,307,64,8,72,379
05/28/2020,ABQ,NM,ASW,CE,Combined TRACON& Tower with Radar,64,51,33,10,158,0,39,33,60,132,64,90,66,70,290,4,68,72,362
05/29/2020,ABQ,NM,ASW,CE,Combined TRACON& Tower with Radar,62,44,31,7,144,0,35,37,14,86,62,79,68,21,230,0,12,12,242
05/30/2020,ABQ,NM,ASW,CE,Combined TRACON& Tower with Radar,50,30,21,0,101,0,20,62,4,86,50,50,83,4,187,100,0,100,287
05/31/2020,ABQ,NM,ASW,CE,Combined TRACON& Tower with Radar,53,32,26,2,113,0,6,42,0,48,53,38,68,2,161,74,0,74,235
06/01/2020,ABQ,NM,ASW,CE,Combined TRACON& Tower with Radar,57,35,22,6,120,14,19,39,28,100,71,54,61,34,220,80,8,88,308
06/02/2020,ABQ,NM,ASW,CE,Combined TRACON& Tower with Radar,58,39,32,4,133,0,26,59,40,125,58,65,91,44,258,54,8,62,320
06/03/2020,ABQ,NM,ASW,CE,Combined TRACON& Tower with Radar,57,40,44,7,148,0,38,40,54,132,57,78,84,61,280,60,24,84,364
06/04/2020,ABQ,NM,ASW,CE,Combined TRACON& Tower with Radar,62,45,45,17,169,0,38,57,60,155,62,83,102,77,324,96,20,116,440
06/05/2020,ABQ,NM,ASW,CE,Combined TRACON& Tower with Radar,58,40,41,8,147,0,34,71,15,120,58,74,112,23,267,54,4,58,325
06/06/2020,ABQ,NM,ASW,CE,Combined TRACON& Tower with Radar,45,38,18,0,101,0,29,10,2,41,45,67,28,2,142,0,0,0,142
06/07/2020,ABQ,NM,ASW,CE,Combined TRACON& Tower with Radar,66,29,22,5,122,0,31,47,0,78,66,60,69,5,200,18,0,18,218
06/08/2020,ABQ,NM,ASW,CE,Combined TRACON& Tower with Radar,69,46,24,5,144,0,24,35,26,85,69,70,59,31,229,19,13,32,261
06/09/2020,ABQ,NM,ASW,CE,Combined TRACON& Tower with Radar,74,45,20,5,144,0,31,32,62,125,74,76,52,67,269,24,10,34,303
06/10/2020,ABQ,NM,ASW,CE,Combined TRACON& Tower with Radar,70,37,29,8,144,0,32,68,50,150,70,69,97,58,294,34,0,34,328
06/11/2020,ABQ,NM,ASW,CE,Combined TRACON& Tower with Radar,80,47,48,15,190,0,27,42,44,113,80,74,90,59,303,80,40,120,423
06/12/2020,ABQ,NM,ASW,CE,Combined TRACON& Tower with Radar,78,43,37,5,163,0,24,43,27,94,78,67,80,32,257,104,0,104,361
06/13/2020,ABQ,NM,ASW,CE,Combined TRACON& Tower with Radar,62,38,21,3,124,0,22,41,0,63,62,60,62,3,187,50,0,50,237
06/14/2020,ABQ,NM,ASW,CE,Combined TRACON& Tower with Radar,67,24,22,0,113,0,25,47,0,72,67,49,69,0,185,32,0,32,217
06/15/2020,ABQ,NM,ASW,CE,Combined TRACON& Tower with Radar,67,48,28,3,146,0,33,64,44,141,67,81,92,47,287,22,22,44,331
06/16/2020,ABQ,NM,ASW,CE,Combined TRACON& Tower with Radar,73,44,49,1,167,0,36,53,45,134,73,80,102,46,301,36,32,68,369
06/17/2020,ABQ,NM,ASW,CE,Combined TRACON& Tower with Radar,71,37,33,6,147,0,38,52,62,152,71,75,85,68,299,16,28,44,343
06/18/2020,ABQ,NM,ASW,CE,Combined TRACON& Tower with Radar,79,43,33,8,163,0,49,45,57,151,79,92,78,65,314,42,36,78,392
06/19/2020,ABQ,NM,ASW,CE,Combined TRACON& Tower with Radar,76,40,35,9,160,0,42,46,33,121,76,82,81,42,281,32,32,64,345
06/20/2020,ABQ,NM,ASW,CE,Combined TRACON& Tower with Radar,57,33,29,0,119,0,16,45,7,68,57,49,74,7,187,22,0,22,209
06/21/2020,ABQ,NM,ASW,CE,Combined TRACON& Tower with Radar,64,25,32,1,122,0,21,62,4,87,64,46,94,5,209,74,0,74,283
06/22/2020,ABQ,NM,ASW,CE,Combined TRACON& Tower with Radar,69,39,23,6,137,0,21,48,1,70,69,60,71,7,207,26,0,26,233
06/23/2020,ABQ,NM,ASW,CE,Combined TRACON& Tower with Radar,75,30,30,25,160,0,33,53,42,128,75,63,83,67,288,30,24,54,342
06/24/2020,ABQ,NM,ASW,CE,Combined TRACON& Tower with Radar,70,50,25,14,159,0,28,59,56,143,70,78,84,70,302,54,20,74,376
06/25/2020,ABQ,NM,ASW,CE,Combined TRACON& Tower with Radar,78,44,39,22,183,0,27,49,54,130,78,71,88,76,313,38,40,78,391
06/26/2020,ABQ,NM,ASW,CE,Combined TRACON& Tower with Radar,78,40,32,9,159,0,31,66,51,148,78,71,98,60,307,38,24,62,369
06/27/2020,ABQ,NM,ASW,CE,Combined TRACON& Tower with Radar,63,34,25,2,124,0,19,54,4,77,63,53,79,6,201,56,0,56,257
06/28/2020,ABQ,NM,ASW,CE,Combined TRACON& Tower with Radar,68,22,23,2,115,0,35,53,5,93,68,57,76,7,208,88,0,88,296
06/29/2020,ABQ,NM,ASW,CE,Combined TRACON& Tower with Radar,71,54,43,13,181,0,28,93,52,173,71,82,136,65,354,104,16,120,474
06/30/2020,ABQ,NM,ASW,CE,Combined TRACON& Tower with Radar,78,37,22,8,145,1,31,52,44,128,79,68,74,52,273,40,34,74,347
07/01/2020,ABQ,NM,ASW,CE,Combined TRACON& Tower with Radar,74,40,41,11,166,0,33,53,55,141,74,73,94,66,307,44,38,82,389
07/02/2020,ABQ,NM,ASW,CE,Combined TRACON& Tower with Radar,78,44,21,7,150,0,27,65,44,136,78,71,86,51,286,38,46,84,370
07/03/2020,ABQ,NM,ASW,CE,Combined TRACON& Tower with Radar,79,47,13,0,139,0,26,76,5,107,79,73,89,5,246,54,0,54,300
07/04/2020,ABQ,NM,ASW,CE,Combined TRACON& Tower with Radar,56,31,17,0,104,0,16,40,2,58,56,47,57,2,162,16,0,16,178
07/05/2020,ABQ,NM,ASW,CE,Combined TRACON& Tower with Radar,66,33,25,0,124,0,8,47,0,55,66,41,72,0,179,24,0,24,203
07/06/2020,ABQ,NM,ASW,CE,Combined TRACON& Tower with Radar,80,34,16,2,132,0,22,53,2,77,80,56,69,4,209,50,0,50,259
07/07/2020,ABQ,NM,ASW,CE,Combined TRACON& Tower with Radar,84,60,25,1,170,0,39,35,52,126,84,99,60,53,296,86,26,112,408
07/08/2020,ABQ,NM,ASW,CE,Combined TRACON& Tower with Radar,81,47,31,4,163,0,51,66,40,157,81,98,97,44,320,26,26,52,372
07/09/2020,ABQ,NM,ASW,CE,Combined TRACON& Tower with Radar,91,50,30,5,176,0,34,78,45,157,91,84,108,50,333,104,16,120,453
07/10/2020,ABQ,NM,ASW,CE,Combined TRACON& Tower with Radar,89,46,23,9,167,0,26,45,17,88,89,72,68,26,255,32,4,36,291
07/11/2020,ABQ,NM,ASW,CE,Combined TRACON& Tower with Radar,73,48,19,4,144,0,28,48,2,78,73,76,67,6,222,62,0,62,284
07/12/2020,ABQ,NM,ASW,CE,Combined TRACON& Tower with Radar,75,39,26,0,140,0,12,42,2,56,75,51,68,2,196,52,0,52,248
07/13/2020,ABQ,NM,ASW,CE,Combined TRACON& Tower with Radar,79,45,21,5,150,0,17,30,28,75,79,62,51,33,225,2,0,2,227
07/14/2020,ABQ,NM,ASW,CE,Combined TRACON& Tower with Radar,80,45,20,11,156,0,23,43,38,104,80,68,63,49,260,66,30,96,356
07/15/2020,ABQ,NM,ASW,CE,Combined TRACON& Tower with Radar,82,44,31,7,164,0,35,35,32,102,82,79,66,39,266,16,30,46,312
07/16/2020,ABQ,NM,ASW,CE,Combined TRACON& Tower with Radar,88,42,29,4,163,0,30,51,33,114,88,72,80,37,277,22,6,28,305
07/17/2020,ABQ,NM,ASW,CE,Combined TRACON& Tower with Radar,88,44,28,1,161,0,44,48,21,113,88,88,76,22,274,56,0,56,330
07/18/2020,ABQ,NM,ASW,CE,Combined TRACON& Tower with Radar,73,51,31,8,163,0,11,49,2,62,73,62,80,10,225,70,0,70,295
07/19/2020,ABQ,NM,ASW,CE,Combined TRACON& Tower with Radar,74,50,34,2,160,0,12,55,1,68,74,62,89,3,228,54,0,54,282
07/20/2020,ABQ,NM,ASW,CE,Combined TRACON& Tower with Radar,86,45,14,11,156,0,31,34,28,93,86,76,48,39,249,36,6,42,291
07/21/2020,ABQ,NM,ASW,CE,Combined TRACON& Tower with Radar,83,58,15,5,161,0,28,50,40,118,83,86,65,45,279,42,12,54,333
07/22/2020,ABQ,NM,ASW,CE,Combined TRACON& Tower with Radar,84,54,22,6,166,0,23,42,36,101,84,77,64,42,267,54,2,56,323
07/23/2020,ABQ,NM,ASW,CE,Combined TRACON& Tower with Radar,89,50,25,34,198,0,28,40,29,97,89,78,65,63,295,84,12,96,391
07/24/2020,ABQ,NM,ASW,CE,Combined TRACON& Tower with Radar,92,62,28,4,186,0,26,40,9,75,92,88,68,13,261,0,0,0,261
07/25/2020,ABQ,NM,ASW,CE,Combined TRACON& Tower with Radar,77,48,39,3,167,0,9,42,1,52,77,57,81,4,219,0,0,0,219
07/26/2020,ABQ,NM,ASW,CE,Combined TRACON& Tower with Radar,75,28,25,1,129,0,7,35,1,43,75,35,60,2,172,0,0,0,172
07/27/2020,ABQ,NM,ASW,CE,Combined TRACON& Tower with Radar,79,46,39,6,170,0,21,29,35,85,79,67,68,41,255,44,8,52,307
07/28/2020,ABQ,NM,ASW,CE,Combined TRACON& Tower with Radar,79,46,34,30,189,0,24,38,39,101,79,70,72,69,290,30,10,40,330
07/29/2020,ABQ,NM,ASW,CE,Combined TRACON& Tower with Radar,86,50,35,13,184,0,38,76,53,167,86,88,111,66,351,44,70,114,465
07/30/2020,ABQ,NM,ASW,CE,Combined TRACON& Tower with Radar,85,59,35,9,188,0,31,78,52,161,85,90,113,61,349,46,20,66,415
07/31/2020,ABQ,NM,ASW,CE,Combined TRACON& Tower with Radar,85,58,25,15,183,0,41,51,14,106,85,99,76,29,289,20,28,48,337
08/01/2020,ABQ,NM,ASW,CE,Combined TRACON& Tower with Radar,75,47,41,3,166,0,24,64,13,101,75,71,105,16,267,12,4,16,283
08/02/2020,ABQ,NM,ASW,CE,Combined TRACON& Tower with Radar,74,32,20,5,131,0,14,38,2,54,74,46,58,7,185,24,0,24,209
08/03/2020,ABQ,NM,ASW,CE,Combined TRACON& Tower with Radar,87,46,35,7,175,0,22,44,43,109,87,68,79,50,284,20,12,32,316
08/04/2020,ABQ,NM,ASW,CE,Combined TRACON& Tower with Radar,84,57,25,7,173,0,40,48,46,134,84,97,73,53,307,64,5,69,376
08/05/2020,ABQ,NM,ASW,CE,Combined TRACON& Tower with Radar,87,47,42,6,182,0,33,56,51,140,87,80,98,57,322,62,4,66,388
08/06/2020,ABQ,NM,ASW,CE,Combined TRACON& Tower with Radar,88,54,31,12,185,0,46,38,41,125,88,100,69,53,310,48,0,48,358
08/07/2020,ABQ,NM,ASW,CE,Combined TRACON& Tower with Radar,94,49,32,6,181,0,39,48,16,103,94,88,80,22,284,26,2,28,312
08/08/2020,ABQ,NM,ASW,CE,Combined TRACON& Tower with Radar,82,32,15,5,134,0,17,61,7,85,82,49,76,12,219,38,2,40,259
08/09/2020,ABQ,NM,ASW,CE,Combined TRACON& Tower with Radar,76,22,27,3,128,0,8,40,3,51,76,30,67,6,179,62,4,66,245
08/10/2020,ABQ,NM,ASW,CE,Combined TRACON& Tower with Radar,85,49,31,4,169,0,33,44,42,119,85,82,75,46,288,44,10,54,342
08/11/2020,ABQ,NM,ASW,CE,Combined TRACON& Tower with Radar,97,42,34,16,189,0,27,35,57,119,97,69,69,73,308,96,10,106,414
08/12/2020,ABQ,NM,ASW,CE,Combined TRACON& Tower with Radar,98,52,30,8,188,0,31,53,58,142,98,83,83,66,330,54,16,70,400
08/13/2020,ABQ,NM,ASW,CE,Combined TRACON& Tower with Radar,100,42,20,6,168,0,35,46,61,142,100,77,66,67,310,72,2,74,384
08/14/2020,ABQ,NM,ASW,CE,Combined TRACON& Tower with Radar,100,48,31,5,184,0,28,61,13,102,100,76,92,18,286,22,0,22,308
08/15/2020,ABQ,NM,ASW,CE,Combined TRACON& Tower with Radar,92,28,19,2,141,0,11,45,4,60,92,39,64,6,201,106,0,106,307
08/16/2020,ABQ,NM,ASW,CE,Combined TRACON& Tower with Radar,82,21,22,2,127,0,4,34,2,40,82,25,56,4,167,60,0,60,227
08/17/2020,ABQ,NM,ASW,CE,Combined TRACON& Tower with Radar,96,55,26,11,188,0,42,34,33,109,96,97,60,44,297,44,14,58,355
08/18/2020,ABQ,NM,ASW,CE,Combined TRACON& Tower with Radar,95,46,22,12,175,0,36,53,49,138,95,82,75,61,313,76,38,114,427
08/19/2020,ABQ,NM,ASW,CE,Combined TRACON& Tower with Radar,96,40,24,15,175,0,47,65,59,171,96,87,89,74,346,24,60,84,430
08/20/2020,ABQ,NM,ASW,CE,Combined TRACON& Tower with Radar,105,42,34,18,199,0,41,53,53,147,105,83,87,71,346,62,32,94,440
08/21/2020,ABQ,NM,ASW,CE,Combined TRACON& Tower with Radar,100,42,18,14,174,0,35,56,28,119,100,77,74,42,293,56,32,88,381
08/22/2020,ABQ,NM,ASW,CE,Combined TRACON& Tower with Radar,93,28,24,18,163,0,17,63,14,94,93,45,87,32,257,68,2,70,327
08/23/2020,ABQ,NM,ASW,CE,Combined TRACON& Tower with Radar,82,33,26,6,147,0,13,59,5,77,82,46,85,11,224,44,0,44,268
08/24/2020,ABQ,NM,ASW,CE,Combined TRACON& Tower with Radar,96,50,23,15,184,0,22,60,50,132,96,72,83,65,316,40,2,42,358
08/25/2020,ABQ,NM,ASW,CE,Combined TRACON& Tower with Radar,95,48,31,28,202,0,39,57,68,164,95,87,88,96,366,68,40,108,474
08/26/2020,ABQ,NM,ASW,CE,Combined TRACON& Tower with Radar,92,46,49,37,224,0,28,66,44,138,92,74,115,81,362,58,44,102,464
08/27/2020,ABQ,NM,ASW,CE,Combined TRACON& Tower with Radar,101,55,46,5,207,0,51,63,46,160,101,106,109,51,367,38,30,68,435
08/28/2020,ABQ,NM,ASW,CE,Combined TRACON& Tower with Radar,104,53,23,19,199,0,42,64,30,136,104,95,87,49,335,50,16,66,401
08/29/2020,ABQ,NM,ASW,CE,Combined TRACON& Tower with Radar,88,32,25,5,150,0,27,53,1,81,88,59,78,6,231,14,0,14,245
08/30/2020,ABQ,NM,ASW,CE,Combined TRACON& Tower with Radar,80,38,26,12,156,0,11,55,1,67,80,49,81,13,223,50,8,58,281
08/31/2020,ABQ,NM,ASW,CE,Combined TRACON& Tower with Radar,91,43,22,7,163,0,22,41,32,95,91,65,63,39,258,48,4,52,310
09/01/2020,ABQ,NM,ASW,CE,Combined TRACON& Tower with Radar,97,52,33,6,188,0,34,30,50,114,97,86,63,56,302,24,33,57,359
09/02/2020,ABQ,NM,ASW,CE,Combined TRACON& Tower with Radar,92,39,31,1,163,0,24,61,53,138,92,63,92,54,301,48,48,96,397
09/03/2020,ABQ,NM,ASW,CE,Combined TRACON& Tower with Radar,102,50,36,22,210,0,27,57,54,138,102,77,93,76,348,80,14,94,442
09/04/2020,ABQ,NM,ASW,CE,Combined TRACON& Tower with Radar,96,58,28,5,187,0,24,49,8,81,96,82,77,13,268,54,2,56,324
09/05/2020,ABQ,NM,ASW,CE,Combined TRACON& Tower with Radar,79,42,46,0,167,0,27,57,0,84,79,69,103,0,251,38,0,38,289
09/06/2020,ABQ,NM,ASW,CE,Combined TRACON& Tower with Radar,69,27,23,0,119,0,7,59,1,67,69,34,82,1,186,52,0,52,238
09/07/2020,ABQ,NM,ASW,CE,Combined TRACON& Tower with Radar,64,48,49,1,162,0,9,64,6,79,64,57,113,7,241,26,0,26,267
09/08/2020,ABQ,NM,ASW,CE,Combined TRACON& Tower with Radar,60,46,36,7,149,0,21,30,18,69,60,67,66,25,218,34,10,44,262
09/09/2020,ABQ,NM,ASW,CE,Combined TRACON& Tower with Radar,74,74,35,6,189,0,11,2,19,32,74,85,37,25,221,0,0,0,221
09/10/2020,ABQ,NM,ASW,CE,Combined TRACON& Tower with Radar,84,92,37,28,241,0,14,17,67,98,84,106,54,95,339,2,30,32,371
09/11/2020,ABQ,NM,ASW,CE,Combined TRACON& Tower with Radar,77,72,49,6,204,0,17,64,27,108,77,89,113,33,312,78,2,80,392
09/12/2020,ABQ,NM,ASW,CE,Combined TRACON& Tower with Radar,69,40,38,4,151,0,17,73,11,101,69,57,111,15,252,100,2,102,354
09/13/2020,ABQ,NM,ASW,CE,Combined TRACON& Tower with Radar,69,28,21,3,121,0,9,56,5,70,69,37,77,8,191,66,2,68,259
09/14/2020,ABQ,NM,ASW,CE,Combined TRACON& Tower with Radar,67,52,35,22,176,9,21,57,27,114,76,73,92,49,290,46,4,50,340
09/15/2020,ABQ,NM,ASW,CE,Combined TRACON& Tower with Radar,74,46,37,18,175,0,45,55,36,136,74,91,92,54,311,62,10,72,383
09/16/2020,ABQ,NM,ASW,CE,Combined TRACON& Tower with Radar,78,41,41,11,171,0,36,67,40,143,78,77,108,51,314,66,24,90,404
09/17/2020,ABQ,NM,ASW,CE,Combined TRACON& Tower with Radar,82,40,25,4,151,0,24,57,33,114,82,64,82,37,265,78,24,102,367
09/18/2020,ABQ,NM,ASW,CE,Combined TRACON& Tower with Radar,76,44,33,29,182,0,24,76,14,114,76,68,109,43,296,34,6,40,336
09/19/2020,ABQ,NM,ASW,CE,Combined TRACON& Tower with Radar,66,43,20,12,141,0,20,65,32,117,66,63,85,44,258,72,22,94,352
09/20/2020,ABQ,NM,ASW,CE,Combined TRACON& Tower with Radar,69,44,38,9,160,0,10,59,1,70,69,54,97,10,230,76,0,76,306
09/21/2020,ABQ,NM,ASW,CE,Combined TRACON& Tower with Radar,69,55,33,16,173,0,18,50,38,106,69,73,83,54,279,38,4,42,321
09/22/2020,ABQ,NM,ASW,CE,Combined TRACON& Tower with Radar,74,44,36,13,167,0,34,67,44,145,74,78,103,57,312,96,14,110,422
09/23/2020,ABQ,NM,ASW,CE,Combined TRACON& Tower with Radar,78,58,29,10,175,0,38,64,48,150,78,96,93,58,325,80,8,88,413
09/24/2020,ABQ,NM,ASW,CE,Combined TRACON& Tower with Radar,83,57,25,6,171,0,29,80,43,152,83,86,105,49,323,76,0,76,399
09/25/2020,ABQ,NM,ASW,CE,Combined TRACON& Tower with Radar,77,54,40,17,188,0,44,94,25,163,77,98,134,42,351,76,8,84,435
09/26/2020,ABQ,NM,ASW,CE,Combined TRACON& Tower with Radar,66,56,23,1,146,0,18,77,4,99,66,74,100,5,245,44,0,44,289
09/27/2020,ABQ,NM,ASW,CE,Combined TRACON& Tower with Radar,69,40,28,9,146,0,12,42,4,58,69,52,70,13,204,28,0,28,232
09/28/2020,ABQ,NM,ASW,CE,Combined TRACON& Tower with Radar,71,53,30,4,158,0,31,30,34,95,71,84,60,38,253,26,12,38,291
09/29/2020,ABQ,NM,ASW,CE,Combined TRACON& Tower with Radar,76,47,34,16,173,0,37,75,45,157,76,84,109,61,330,88,18,106,436
09/30/2020,ABQ,NM,ASW,CE,Combined TRACON& Tower with Radar,75,52,30,11,168,0,31,89,27,147,75,83,119,38,315,88,18,106,421
10/01/2020,ABQ,NM,ASW,CE,Combined TRACON& Tower with Radar,81,50,27,3,161,0,29,57,44,130,81,79,84,47,291,48,2,50,341
10/02/2020,ABQ,NM,ASW,CE,Combined TRACON& Tower with Radar,74,58,42,6,180,0,44,94,37,175,74,102,136,43,355,72,28,100,455
10/03/2020,ABQ,NM,ASW,CE,Combined TRACON& Tower with Radar,67,40,32,1,140,0,19,100,13,132,67,59,132,14,272,94,2,96,368
10/04/2020,ABQ,NM,ASW,CE,Combined TRACON& Tower with Radar,72,37,36,2,147,0,12,84,2,98,72,49,120,4,245,76,0,76,321
10/05/2020,ABQ,NM,ASW,CE,Combined TRACON& Tower with Radar,67,55,35,2,159,0,26,73,39,138,67,81,108,41,297,70,14,84,381
10/06/2020,ABQ,NM,ASW,CE,Combined TRACON& Tower with Radar,78,61,22,12,173,0,34,71,74,179,78,95,93,86,352,32,52,84,436
10/07/2020,ABQ,NM,ASW,CE,Combined TRACON& Tower with Radar,82,62,24,14,182,0,38,74,69,181,82,100,98,83,363,54,36,90,453
10/08/2020,ABQ,NM,ASW,CE,Combined TRACON& Tower with Radar,92,81,34,2,209,0,26,55,64,145,92,107,89,66,354,34,36,70,424
10/09/2020,ABQ,NM,ASW,CE,Combined TRACON& Tower with Radar,86,62,31,11,190,0,45,59,25,129,86,107,90,36,319,56,12,68,387
10/10/2020,ABQ,NM,ASW,CE,Combined TRACON& Tower with Radar,70,45,20,6,141,0,21,71,2,94,70,66,91,8,235,72,6,78,313
10/11/2020,ABQ,NM,ASW,CE,Combined TRACON& Tower with Radar,86,54,21,5,166,0,9,49,4,62,86,63,70,9,228,80,0,80,308
10/12/2020,ABQ,NM,ASW,CE,Combined TRACON& Tower with Radar,79,56,30,8,173,0,18,69,7,94,79,74,99,15,267,36,6,42,309
10/13/2020,ABQ,NM,ASW,CE,Combined TRACON& Tower with Radar,84,61,30,7,182,0,31,64,56,151,84,92,94,63,333,20,40,60,393
10/14/2020,ABQ,NM,ASW,CE,Combined TRACON& Tower with Radar,82,55,40,14,191,0,28,63,44,135,82,83,103,58,326,14,22,36,362
10/15/2020,ABQ,NM,ASW,CE,Combined TRACON& Tower with Radar,92,78,32,18,220,0,29,44,60,133,92,107,76,78,353,0,0,0,353
10/16/2020,ABQ,NM,ASW,CE,Combined TRACON& Tower with Radar,84,67,37,44,232,0,34,58,32,124,84,101,95,76,356,58,40,98,454
10/17/2020,ABQ,NM,ASW,CE,Combined TRACON& Tower with Radar,75,44,24,9,152,0,35,59,8,102,75,79,83,17,254,10,6,16,270
10/18/2020,ABQ,NM,ASW,CE,Combined TRACON& Tower with Radar,86,56,33,3,178,0,16,72,6,94,86,72,105,9,272,42,4,46,318
10/19/2020,ABQ,NM,ASW,CE,Combined TRACON& Tower with Radar,77,54,32,9,172,0,26,62,49,137,77,80,94,58,309,18,8,26,335
10/20/2020,ABQ,NM,ASW,CE,Combined TRACON& Tower with Radar,84,69,61,15,229,0,52,57,64,173,84,121,118,79,402,76,30,106,508
10/21/2020,ABQ,NM,ASW,CE,Combined TRACON& Tower with Radar,80,65,34,23,202,0,35,69,39,143,80,100,103,62,345,14,8,22,367
10/22/2020,ABQ,NM,ASW,CE,Combined TRACON& Tower with Radar,93,77,38,14,222,0,41,64,48,153,93,118,102,62,375,4,4,8,383
10/23/2020,ABQ,NM,ASW,CE,Combined TRACON& Tower with Radar,89,56,48,19,212,0,37,74,26,137,89,93,122,45,349,34,2,36,385
10/24/2020,ABQ,NM,ASW,CE,Combined TRACON& Tower with Radar,75,43,25,14,157,0,12,64,10,86,75,55,89,24,243,108,12,120,363
10/25/2020,ABQ,NM,ASW,CE,Combined TRACON& Tower with Radar,80,59,41,15,195,0,13,30,1,44,80,72,71,16,239,50,2,52,291
10/26/2020,ABQ,NM,ASW,CE,Combined TRACON& Tower with Radar,74,38,14,3,129,0,1,0,0,1,74,39,14,3,130,0,0,0,130
10/27/2020,ABQ,NM,ASW,CE,Combined TRACON& Tower with Radar,83,58,8,5,154,0,10,4,0,14,83,68,12,5,168,0,0,0,168
10/28/2020,ABQ,NM,ASW,CE,Combined TRACON& Tower with Radar,77,71,39,10,197,0,25,52,27,104,77,96,91,37,301,56,34,90,391
10/29/2020,ABQ,NM,ASW,CE,Combined TRACON& Tower with Radar,89,65,43,25,222,0,39,65,75,179,89,104,108,100,401,54,64,118,519
10/30/2020,ABQ,NM,ASW,CE,Combined TRACON& Tower with Radar,84,50,19,16,169,0,33,79,30,142,84,83,98,46,311,78,10,88,399
10/31/2020,ABQ,NM,ASW,CE,Combined TRACON& Tower with Radar,61,43,30,2,136,0,17,62,2,81,61,60,92,4,217,44,0,44,261
11/01/2020,ABQ,NM,ASW,CE,Combined TRACON& Tower with Radar,77,34,27,36,174,0,12,59,12,83,77,46,86,48,257,30,26,56,313
11/02/2020,ABQ,NM,ASW,CE,Combined TRACON& Tower with Radar,75,50,14,9,148,0,23,52,49,124,75,73,66,58,272,34,0,34,306
11/03/2020,ABQ,NM,ASW,CE,Combined TRACON& Tower with Radar,74,43,15,6,138,0,34,56,60,150,74,77,71,66,288,30,0,30,318
11/04/2020,ABQ,NM,ASW,CE,Combined TRACON& Tower with Radar,66,55,28,16,165,0,48,70,52,170,66,103,98,68,335,40,56,96,431
11/05/2020,ABQ,NM,ASW,CE,Combined TRACON& Tower with Radar,80,51,22,15,168,0,32,101,54,187,80,83,123,69,355,62,36,98,453
11/06/2020,ABQ,NM,ASW,CE,Combined TRACON& Tower with Radar,76,54,16,19,165,0,38,60,25,123,76,92,76,44,288,8,22,30,318
11/07/2020,ABQ,NM,ASW,CE,Combined TRACON& Tower with Radar,57,50,13,2,122,0,10,36,11,57,57,60,49,13,179,20,8,28,207
11/08/2020,ABQ,NM,ASW,CE,Combined TRACON& Tower with Radar,76,49,16,34,175,0,10,19,7,36,76,59,35,41,211,18,52,70,281
11/09/2020,ABQ,NM,ASW,CE,Combined TRACON& Tower with Radar,67,59,21,14,161,0,13,7,41,61,67,72,28,55,222,14,20,34,256
11/10/2020,ABQ,NM,ASW,CE,Combined TRACON& Tower with Radar,67,61,24,14,166,0,33,77,59,169,67,94,101,73,335,2,48,50,385
11/11/2020,ABQ,NM,ASW,CE,Combined TRACON& Tower with Radar,69,60,32,2,163,0,26,68,7,101,69,86,100,9,264,88,0,88,352
11/12/2020,ABQ,NM,ASW,CE,Combined TRACON& Tower with Radar,82,58,45,11,196,0,28,79,44,151,82,86,124,55,347,50,10,60,407
11/13/2020,ABQ,NM,ASW,CE,Combined TRACON& Tower with Radar,74,52,35,61,222,0,39,82,40,161,74,91,117,101,383,0,0,0,383
11/14/2020,ABQ,NM,ASW,CE,Combined TRACON& Tower with Radar,59,53,22,7,141,0,16,15,4,35,59,69,37,11,176,18,20,38,214
11/15/2020,ABQ,NM,ASW,CE,Combined TRACON& Tower with Radar,78,38,22,50,188,0,20,47,17,84,78,58,69,67,272,98,24,122,394
11/16/2020,ABQ,NM,ASW,CE,Combined TRACON& Tower with Radar,68,39,20,16,143,0,33,59,29,121,68,72,79,45,264,16,10,26,290
11/17/2020,ABQ,NM,ASW,CE,Combined TRACON& Tower with Radar,72,58,32,12,174,0,59,60,43,162,72,117,92,55,336,38,58,96,432
11/18/2020,ABQ,NM,ASW,CE,Combined TRACON& Tower with Radar,73,64,36,14,187,0,45,70,40,155,73,109,106,54,342,112,22,134,476
11/19/2020,ABQ,NM,ASW,CE,Combined TRACON& Tower with Radar,84,57,20,8,169,0,33,60,70,163,84,90,80,78,332,22,28,50,382
11/20/2020,ABQ,NM,ASW,CE,Combined TRACON& Tower with Radar,84,70,35,24,213,0,39,75,29,143,84,109,110,53,356,82,8,90,446
11/21/2020,ABQ,NM,ASW,CE,Combined TRACON& Tower with Radar,81,51,38,3,173,0,24,63,8,95,81,75,101,11,268,66,6,72,340
11/22/2020,ABQ,NM,ASW,CE,Combined TRACON& Tower with Radar,73,55,32,2,162,0,9,25,6,40,73,64,57,8,202,0,0,0,202
11/23/2020,ABQ,NM,ASW,CE,Combined TRACON& Tower with Radar,84,47,33,21,185,0,17,28,39,84,84,64,61,60,269,56,0,56,325
11/24/2020,ABQ,NM,ASW,CE,Combined TRACON& Tower with Radar,98,60,24,9,191,0,44,15,50,109,98,104,39,59,300,4,26,30,330
11/25/2020,ABQ,NM,ASW,CE,Combined TRACON& Tower with Radar,100,63,29,16,208,0,41,67,23,131,100,104,96,39,339,50,16,66,405
11/26/2020,ABQ,NM,ASW,CE,Combined TRACON& Tower with Radar,39,24,17,0,80,0,16,41,2,59,39,40,58,2,139,34,0,34,173
11/27/2020,ABQ,NM,ASW,CE,Combined TRACON& Tower with Radar,69,54,9,0,132,0,22,2,0,24,69,76,11,0,156,0,0,0,156
11/28/2020,ABQ,NM,ASW,CE,Combined TRACON& Tower with Radar,81,55,27,0,163,0,24,46,1,71,81,79,73,1,234,62,0,62,296
11/29/2020,ABQ,NM,ASW,CE,Combined TRACON& Tower with Radar,92,42,41,0,175,0,12,65,1,78,92,54,106,1,253,86,0,86,339
11/30/2020,ABQ,NM,ASW,CE,Combined TRACON& Tower with Radar,87,61,39,1,188,0,24,62,22,108,87,85,101,23,296,22,0,22,318
12/01/2020,ABQ,NM,ASW,CE,Combined TRACON& Tower with Radar,89,46,28,11,174,0,34,36,56,126,89,80,64,67,300,16,46,62,362
12/02/2020,ABQ,NM,ASW,CE,Combined TRACON& Tower with Radar,74,62,55,8,199,0,28,22,37,87,74,90,77,45,286,58,2,60,346
12/03/2020,ABQ,NM,ASW,CE,Combined TRACON& Tower with Radar,79,55,39,11,184,0,41,72,47,160,79,96,111,58,344,46,16,62,406
12/04/2020,ABQ,NM,ASW,CE,Combined TRACON& Tower with Radar,68,47,26,15,156,0,35,42,21,98,68,82,68,36,254,82,26,108,362
12/05/2020,ABQ,NM,ASW,CE,Combined TRACON& Tower with Radar,61,36,23,9,129,0,40,62,11,113,61,76,85,20,242,82,4,86,328
12/06/2020,ABQ,NM,ASW,CE,Combined TRACON& Tower with Radar,69,24,19,8,120,0,19,41,3,63,69,43,60,11,183,16,6,22,205
12/07/2020,ABQ,NM,ASW,CE,Combined TRACON& Tower with Radar,65,39,23,12,139,0,35,47,52,134,65,74,70,64,273,60,38,98,371
12/08/2020,ABQ,NM,ASW,CE,Combined TRACON& Tower with Radar,76,42,34,3,155,0,42,70,73,185,76,84,104,76,340,106,72,178,518
12/09/2020,ABQ,NM,ASW,CE,Combined TRACON& Tower with Radar,74,46,37,9,166,0,36,79,70,185,74,82,116,79,351,68,64,132,483
12/10/2020,ABQ,NM,ASW,CE,Combined TRACON& Tower with Radar,86,60,21,4,171,0,20,9,14,43,86,80,30,18,214,10,0,10,224
12/11/2020,ABQ,NM,ASW,CE,Combined TRACON& Tower with Radar,68,71,27,8,174,0,37,23,47,107,68,108,50,55,281,0,0,0,281
12/12/2020,ABQ,NM,ASW,CE,Combined TRACON& Tower with Radar,63,49,27,2,141,0,18,68,7,93,63,67,95,9,234,120,0,120,354
12/13/2020,ABQ,NM,ASW,CE,Combined TRACON& Tower with Radar,70,42,25,2,139,0,14,40,4,58,70,56,65,6,197,32,2,34,231
12/14/2020,ABQ,NM,ASW,CE,Combined TRACON& Tower with Radar,65,63,45,10,183,0,31,64,42,137,65,94,109,52,320,124,10,134,454
12/15/2020,ABQ,NM,ASW,CE,Combined TRACON& Tower with Radar,78,70,42,3,193,0,39,41,49,129,78,109,83,52,322,72,18,90,412
12/16/2020,ABQ,NM,ASW,CE,Combined TRACON& Tower with Radar,76,68,44,15,203,0,49,86,45,180,76,117,130,60,383,64,18,82,465
12/17/2020,ABQ,NM,ASW,CE,Combined TRACON& Tower with Radar,90,60,38,21,209,0,46,63,55,164,90,106,101,76,373,96,60,156,529
12/18/2020,ABQ,NM,ASW,CE,Combined TRACON& Tower with Radar,92,59,35,13,199,0,38,66,31,135,92,97,101,44,334,80,14,94,428
12/19/2020,ABQ,NM,ASW,CE,Combined TRACON& Tower with Radar,96,44,41,1,182,0,39,68,2,109,96,83,109,3,291,76,0,76,367
12/20/2020,ABQ,NM,ASW,CE,Combined TRACON& Tower with Radar,82,52,22,0,156,0,21,61,0,82,82,73,83,0,238,44,0,44,282
12/21/2020,ABQ,NM,ASW,CE,Combined TRACON& Tower with Radar,42,60,40,26,168,0,24,72,55,151,42,84,112,81,319,0,0,0,319
12/22/2020,ABQ,NM,ASW,CE,Combined TRACON& Tower with Radar,99,56,20,5,180,0,37,75,46,158,99,93,95,51,338,78,22,100,438
12/23/2020,ABQ,NM,ASW,CE,Combined TRACON& Tower with Radar,105,64,25,1,195,0,41,16,8,65,105,105,41,9,260,2,2,4,264
12/24/2020,ABQ,NM,ASW,CE,Combined TRACON& Tower with Radar,74,54,17,0,145,0,43,19,1,63,74,97,36,1,208,14,0,14,222
12/25/2020,ABQ,NM,ASW,CE,Combined TRACON& Tower with Radar,40,36,22,0,98,0,9,36,0,45,40,45,58,0,143,0,0,0,143
12/26/2020,ABQ,NM,ASW,CE,Combined TRACON& Tower with Radar,83,44,27,0,154,0,26,38,8,72,83,70,65,8,226,66,0,66,292
12/27/2020,ABQ,NM,ASW,CE,Combined TRACON& Tower with Radar,88,47,40,0,175,0,20,42,0,62,88,67,82,0,237,28,0,28,265
12/28/2020,ABQ,NM,ASW,CE,Combined TRACON& Tower with Radar,74,66,35,2,177,0,29,41,3,73,74,95,76,5,250,24,0,24,274
12/29/2020,ABQ,NM,ASW,CE,Combined TRACON& Tower with Radar,90,92,34,16,232,0,30,33,24,87,90,122,67,40,319,54,12,66,385
12/30/2020,ABQ,NM,ASW,CE,Combined TRACON& Tower with Radar,89,65,36,7,197,0,45,66,12,123,89,110,102,19,320,66,8,74,394
12/31/2020,ABQ,NM,ASW,CE,Combined TRACON& Tower with Radar,62,58,23,0,143,0,61,39,2,102,62,119,62,2,245,48,0,48,293
01/01/2021,ABQ,NM,ASW,CE,Combined TRACON& Tower with Radar,48,46,24,0,118,0,16,59,0,75,48,62,83,0,193,24,0,24,217
01/02/2021,ABQ,NM,ASW,CE,Combined TRACON& Tower with Radar,86,35,25,1,147,0,20,33,2,55,86,55,58,3,202,66,0,66,268
01/03/2021,ABQ,NM,ASW,CE,Combined TRACON& Tower with Radar,93,44,34,5,176,0,28,47,1,76,93,72,81,6,252,32,0,32,284
01/04/2021,ABQ,NM,ASW,CE,Combined TRACON& Tower with Radar,76,64,32,0,172,0,43,43,1,87,76,107,75,1,259,42,0,42,301
01/05/2021,ABQ,NM,ASW,CE,Combined TRACON& Tower with Radar,78,64,35,6,183,0,45,47,3,95,78,109,82,9,278,36,0,36,314
01/06/2021,ABQ,NM,ASW,CE,Combined TRACON& Tower with Radar,82,61,40,3,186,0,29,46,46,121,82,90,86,49,307,22,6,28,335
01/07/2021,ABQ,NM,ASW,CE,Combined TRACON& Tower with Radar,78,49,24,10,161,0,47,50,34,131,78,96,74,44,292,94,24,118,410
01/08/2021,ABQ,NM,ASW,CE,Combined TRACON& Tower with Radar,73,49,33,17,172,0,48,85,44,177,73,97,118,61,349,38,20,58,407
01/09/2021,ABQ,NM,ASW,CE,Combined TRACON& Tower with Radar,56,49,28,12,145,0,16,42,7,65,56,65,70,19,210,40,8,48,258
01/10/2021,ABQ,NM,ASW,CE,Combined TRACON& Tower with Radar,63,43,31,2,139,0,21,37,1,59,63,64,68,3,198,120,0,120,318
01/11/2021,ABQ,NM,ASW,CE,Combined TRACON& Tower with Radar,66,54,46,8,174,0,40,47,45,132,66,94,93,53,306,28,16,44,350
01/12/2021,ABQ,NM,ASW,CE,Combined TRACON& Tower with Radar,70,64,40,12,186,0,40,81,54,175,70,104,121,66,361,110,26,136,497
01/13/2021,ABQ,NM,ASW,CE,Combined TRACON& Tower with Radar,70,40,34,7,151,0,37,87,55,179,70,77,121,62,330,68,14,82,412
01/14/2021,ABQ,NM,ASW,CE,Combined TRACON& Tower with Radar,78,59,32,4,173,0,38,28,48,114,78,97,60,52,287,4,16,20,307
01/15/2021,ABQ,NM,ASW,CE,Combined TRACON& Tower with Radar,73,50,30,8,161,0,28,50,22,100,73,78,80,30,261,10,18,28,289
01/16/2021,ABQ,NM,ASW,CE,Combined TRACON& Tower with Radar,58,44,24,5,131,0,30,59,1,90,58,74,83,6,221,70,2,72,293
01/17/2021,ABQ,NM,ASW,CE,Combined TRACON& Tower with Radar,66,36,26,2,130,0,17,67,1,85,66,53,93,3,215,118,0,118,333
01/18/2021,ABQ,NM,ASW,CE,Combined TRACON& Tower with Radar,65,53,43,6,167,0,36,58,1,95,65,89,101,7,262,38,0,38,300
01/19/2021,ABQ,NM,ASW,CE,Combined TRACON& Tower with Radar,68,55,20,12,155,0,21,2,25,48,68,76,22,37,203,6,18,24,227
01/20/2021,ABQ,NM,ASW,CE,Combined TRACON& Tower with Radar,70,64,28,21,183,0,42,17,34,93,70,106,45,55,276,28,20,48,324
01/21/2021,ABQ,NM,ASW,CE,Combined TRACON& Tower with Radar,78,66,31,30,205,0,54,47,62,163,78,120,78,92,368,98,56,154,522
01/22/2021,ABQ,NM,ASW,CE,Combined TRACON& Tower with Radar,73,66,34,34,207,0,51,82,36,169,73,117,116,70,376,70,22,92,468
01/23/2021,ABQ,NM,ASW,CE,Combined TRACON& Tower with Radar,56,43,14,16,129,0,18,65,10,93,56,61,79,26,222,40,8,48,270
01/24/2021,ABQ,NM,ASW,CE,Combined TRACON& Tower with Radar,72,31,31,6,140,0,14,28,13,55,72,45,59,19,195,52,24,76,271
01/25/2021,ABQ,NM,ASW,CE,Combined TRACON& Tower with Radar,68,44,24,9,145,0,27,25,43,95,68,71,49,52,240,30,24,54,294
01/26/2021,ABQ,NM,ASW,CE,Combined TRACON& Tower with Radar,72,42,16,17,147,0,25,3,35,63,72,67,19,52,210,0,40,40,250
01/27/2021,ABQ,NM,ASW,CE,Combined TRACON& Tower with Radar,71,59,34,21,185,0,58,64,37,159,71,117,98,58,344,14,32,46,390
01/28/2021,ABQ,NM,ASW,CE,Combined TRACON& Tower with Radar,80,57,51,4,192,0,45,64,66,175,80,102,115,70,367,92,34,126,493
01/29/2021,ABQ,NM,ASW,CE,Combined TRACON& Tower with Radar,73,46,44,6,169,0,25,56,44,125,73,71,100,50,294,56,30,86,380
01/30/2021,ABQ,NM,ASW,CE,Combined TRACON& Tower with Radar,54,40,28,9,131,0,15,35,0,50,54,55,63,9,181,24,0,24,205
01/31/2021,ABQ,NM,ASW,CE,Combined TRACON& Tower with Radar,66,34,28,0,128,0,8,74,3,85,66,42,102,3,213,0,0,0,213
02/01/2021,ABQ,NM,ASW,CE,Combined TRACON& Tower with Radar,67,51,32,22,172,0,17,71,60,148,67,68,103,82,320,106,80,186,506
02/02/2021,ABQ,NM,ASW,CE,Combined TRACON& Tower with Radar,73,46,42,7,168,0,35,88,60,183,73,81,130,67,351,84,42,126,477
02/03/2021,ABQ,NM,ASW,CE,Combined TRACON& Tower with Radar,74,51,38,28,191,0,25,34,55,114,74,76,72,83,305,40,44,84,389
02/04/2021,ABQ,NM,ASW,CE,Combined TRACON& Tower with Radar,80,50,23,10,163,0,24,33,48,105,80,74,56,58,268,20,10,30,298
02/05/2021,ABQ,NM,ASW,CE,Combined TRACON& Tower with Radar,76,36,38,14,164,0,34,87,42,163,76,70,125,56,327,60,42,102,429
02/06/2021,ABQ,NM,ASW,CE,Combined TRACON& Tower with Radar,57,52,28,10,147,0,43,46,3,92,57,95,74,13,239,50,12,62,301
02/07/2021,ABQ,NM,ASW,CE,Combined TRACON& Tower with Radar,66,27,15,5,113,0,23,57,3,83,66,50,72,8,196,108,2,110,306
02/08/2021,ABQ,NM,ASW,CE,Combined TRACON& Tower with Radar,66,60,28,17,171,0,37,41,57,135,66,97,69,74,306,20,34,54,360
02/09/2021,ABQ,NM,ASW,CE,Combined TRACON& Tower with Radar,73,37,36,16,162,0,35,48,62,145,73,72,84,78,307,36,34,70,377
02/10/2021,ABQ,NM,ASW,CE,Combined TRACON& Tower with Radar,75,47,49,23,194,0,31,56,74,161,75,78,105,97,355,124,38,162,517
02/11/2021,ABQ,NM,ASW,CE,Combined TRACON& Tower with Radar,75,72,48,29,224,0,11,93,45,149,75,83,141,74,373,60,68,128,501
02/12/2021,ABQ,NM,ASW,CE,Combined TRACON& Tower with Radar,78,52,34,15,179,0,12,50,34,96,78,64,84,49,275,60,36,96,371
02/13/2021,ABQ,NM,ASW,CE,Combined TRACON& Tower with Radar,54,52,33,10,149,0,3,58,4,65,54,55,91,14,214,36,22,58,272
02/14/2021,ABQ,NM,ASW,CE,Combined TRACON& Tower with Radar,29,26,9,0,64,0,0,3,0,3,29,26,12,0,67,0,0,0,67
02/15/2021,ABQ,NM,ASW,CE,Combined TRACON& Tower with Radar,50,49,20,5,124,0,4,33,0,37,50,53,53,5,161,46,0,46,207
02/16/2021,ABQ,NM,ASW,CE,Combined TRACON& Tower with Radar,60,61,41,7,169,0,1,11,25,37,60,62,52,32,206,0,16,16,222
02/17/2021,ABQ,NM,ASW,CE,Combined TRACON& Tower with Radar,54,42,29,14,139,0,6,54,40,100,54,48,83,54,239,24,22,46,285
02/18/2021,ABQ,NM,ASW,CE,Combined TRACON& Tower with Radar,61,56,38,9,164,0,9,56,47,112,61,65,94,56,276,98,6,104,380
02/19/2021,ABQ,NM,ASW,CE,Combined TRACON& Tower with Radar,68,54,33,19,174,0,11,99,37,147,68,65,132,56,321,66,22,88,409
02/20/2021,ABQ,NM,ASW,CE,Combined TRACON& Tower with Radar,62,46,41,10,159,0,6,57,9,72,62,52,98,19,231,50,0,50,281
02/21/2021,ABQ,NM,ASW,CE,Combined TRACON& Tower with Radar,63,35,21,5,124,0,10,31,8,49,63,45,52,13,173,18,0,18,191
02/22/2021,ABQ,NM,ASW,CE,Combined TRACON& Tower with Radar,76,41,38,7,162,0,31,54,50,135,76,72,92,57,297,52,8,60,357
02/23/2021,ABQ,NM,ASW,CE,Combined TRACON& Tower with Radar,70,53,33,24,180,0,21,115,56,192,70,74,148,80,372,70,44,114,486
02/24/2021,ABQ,NM,ASW,CE,Combined TRACON& Tower with Radar,72,54,39,10,175,0,21,69,47,137,72,75,108,57,312,12,26,38,350
02/25/2021,ABQ,NM,ASW,CE,Combined TRACON& Tower with Radar,77,57,24,6,164,0,11,48,43,102,77,68,72,49,266,22,26,48,314
02/26/2021,ABQ,NM,ASW,CE,Combined TRACON& Tower with Radar,78,50,46,30,204,0,15,86,26,127,78,65,132,56,331,90,12,102,433
02/27/2021,ABQ,NM,ASW,CE,Combined TRACON& Tower with Radar,61,44,22,12,139,0,13,60,3,76,61,57,82,15,215,14,0,14,229
02/28/2021,ABQ,NM,ASW,CE,Combined TRACON& Tower with Radar,61,45,24,12,142,0,7,56,5,68,61,52,80,17,210,34,4,38,248
03/01/2021,ABQ,NM,ASW,CE,Combined TRACON& Tower with Radar,71,42,34,17,164,0,26,74,35,135,71,68,108,52,299,30,8,38,337
03/02/2021,ABQ,NM,ASW,CE,Combined TRACON& Tower with Radar,70,48,35,12,165,0,6,89,62,157,70,54,124,74,322,18,70,88,410
03/03/2021,ABQ,NM,ASW,CE,Combined TRACON& Tower with Radar,74,48,48,6,176,0,15,77,60,152,74,63,125,66,328,68,40,108,436
03/04/2021,ABQ,NM,ASW,CE,Combined TRACON& Tower with Radar,83,55,28,15,181,0,9,39,51,99,83,64,67,66,280,22,10,32,312
03/05/2021,ABQ,NM,ASW,CE,Combined TRACON& Tower with Radar,83,56,42,36,217,0,6,81,52,139,83,62,123,88,356,112,34,146,502
03/06/2021,ABQ,NM,ASW,CE,Combined TRACON& Tower with Radar,68,52,20,12,152,0,13,69,11,93,68,65,89,23,245,70,4,74,319
03/07/2021,ABQ,NM,ASW,CE,Combined TRACON& Tower with Radar,83,35,29,7,154,0,32,44,6,82,83,67,73,13,236,70,0,70,306
03/08/2021,ABQ,NM,ASW,CE,Combined TRACON& Tower with Radar,87,51,31,5,174,0,10,49,47,106,87,61,80,52,280,46,12,58,338
03/09/2021,ABQ,NM,ASW,CE,Combined TRACON& Tower with Radar,87,54,51,3,195,0,8,51,48,107,87,62,102,51,302,0,0,0,302
03/10/2021,ABQ,NM,ASW,CE,Combined TRACON& Tower with Radar,81,42,32,12,167,0,16,39,50,105,81,58,71,62,272,0,26,26,298
03/11/2021,ABQ,NM,ASW,CE,Combined TRACON& Tower with Radar,99,60,44,23,226,0,14,63,48,125,99,74,107,71,351,56,16,72,423
03/12/2021,ABQ,NM,ASW,CE,Combined TRACON& Tower with Radar,100,53,37,26,216,0,12,35,54,101,100,65,72,80,317,30,58,88,405
03/13/2021,ABQ,NM,ASW,CE,Combined TRACON& Tower with Radar,72,50,23,6,151,0,2,15,3,20,72,52,38,9,171,2,2,4,175
03/14/2021,ABQ,NM,ASW,CE,Combined TRACON& Tower with Radar,80,57,27,23,187,0,3,2,12,17,80,60,29,35,204,14,0,14,218
03/15/2021,ABQ,NM,ASW,CE,Combined TRACON& Tower with Radar,84,45,29,8,166,0,11,66,52,129,84,56,95,60,295,74,20,94,389
03/16/2021,ABQ,NM,ASW,CE,Combined TRACON& Tower with Radar,91,47,30,16,184,0,5,64,32,101,91,52,94,48,285,0,44,44,329
03/17/2021,ABQ,NM,ASW,CE,Combined TRACON& Tower with Radar,91,56,45,18,210,0,6,74,55,135,91,62,119,73,345,14,22,36,381
03/18/2021,ABQ,NM,ASW,CE,Combined TRACON& Tower with Radar,101,60,40,10,211,0,12,86,54,152,101,72,126,64,363,38,67,105,468
03/19/2021,ABQ,NM,ASW,CE,Combined TRACON& Tower with Radar,101,61,34,8,204,0,17,101,22,140,101,78,135,30,344,0,4,4,348
03/20/2021,ABQ,NM,ASW,CE,Combined TRACON& Tower with Radar,76,51,21,2,150,0,21,75,1,97,76,72,96,3,247,86,0,86,333
03/21/2021,ABQ,NM,ASW,CE,Combined TRACON& Tower with Radar,90,54,25,1,170,0,14,53,3,70,90,68,78,4,240,38,0,38,278
03/22/2021,ABQ,NM,ASW,CE,Combined TRACON& Tower with Radar,94,46,32,9,181,0,17,60,44,121,94,63,92,53,302,16,22,38,340
03/23/2021,ABQ,NM,ASW,CE,Combined TRACON& Tower with Radar,99,46,32,3,180,0,8,98,36,142,99,54,130,39,322,92,14,106,428
03/24/2021,ABQ,NM,ASW,CE,Combined TRACON& Tower with Radar,91,49,26,4,170,0,0,12,16,28,91,49,38,20,198,0,0,0,198
03/25/2021,ABQ,NM,ASW,CE,Combined TRACON& Tower with Radar,103,68,38,8,217,0,6,62,53,121,103,74,100,61,338,78,54,132,470
03/26/2021,ABQ,NM,ASW,CE,Combined TRACON& Tower with Radar,98,65,45,11,219,0,16,70,32,118,98,81,115,43,337,26,62,88,425
03/27/2021,ABQ,NM,ASW,CE,Combined TRACON& Tower with Radar,76,49,37,34,196,0,21,64,6,91,76,70,101,40,287,46,6,52,339
03/28/2021,ABQ,NM,ASW,CE,Combined TRACON& Tower with Radar,86,45,6,3,140,0,21,60,4,85,86,66,66,7,225,74,0,74,299
03/29/2021,ABQ,NM,ASW,CE,Combined TRACON& Tower with Radar,90,60,25,8,183,0,24,68,47,139,90,84,93,55,322,76,10,86,408
03/30/2021,ABQ,NM,ASW,CE,Combined TRACON& Tower with Radar,96,71,26,17,210,0,14,77,48,139,96,85,103,65,349,16,14,30,379
03/31/2021,ABQ,NM,ASW,CE,Combined TRACON& Tower with Radar,97,56,41,7,201,0,9,96,54,159,97,65,137,61,360,30,10,40,400
04/01/2021,ABQ,NM,ASW,CE,Combined TRACON& Tower with Radar,103,70,29,11,213,0,11,97,57,165,103,81,126,68,378,28,6,34,412
04/02/2021,ABQ,NM,ASW,CE,Combined TRACON& Tower with Radar,94,63,43,25,225,0,9,91,36,136,94,72,134,61,361,82,32,114,475
04/03/2021,ABQ,NM,ASW,CE,Combined TRACON& Tower with Radar,78,43,18,0,139,0,14,78,2,94,78,57,96,2,233,60,0,60,293
04/04/2021,ABQ,NM,ASW,CE,Combined TRACON& Tower with Radar,89,35,17,4,145,0,40,45,7,92,89,75,62,11,237,30,16,46,283
04/05/2021,ABQ,NM,ASW,CE,Combined TRACON& Tower with Radar,92,53,29,14,188,0,15,60,44,119,92,68,89,58,307,0,0,0,307
04/06/2021,ABQ,NM,ASW,CE,Combined TRACON& Tower with Radar,95,57,24,8,184,0,9,55,48,112,95,66,79,56,296,0,10,10,306
04/07/2021,ABQ,NM,ASW,CE,Combined TRACON& Tower with Radar,93,58,49,6,206,0,12,60,52,124,93,70,109,58,330,12,28,40,370
04/08/2021,ABQ,NM,ASW,CE,Combined TRACON& Tower with Radar,104,58,28,10,200,0,16,75,72,163,104,74,103,82,363,46,46,92,455
04/09/2021,ABQ,NM,ASW,CE,Combined TRACON& Tower with Radar,101,68,34,42,245,0,8,77,38,123,101,76,111,80,368,14,26,40,408
04/10/2021,ABQ,NM,ASW,CE,Combined TRACON& Tower with Radar,77,42,32,10,161,0,11,108,9,128,77,53,140,19,289,70,42,112,401
04/11/2021,ABQ,NM,ASW,CE,Combined TRACON& Tower with Radar,90,53,31,3,177,0,10,53,2,65,90,63,84,5,242,20,0,20,262
04/12/2021,ABQ,NM,ASW,CE,Combined TRACON& Tower with Radar,93,55,28,13,189,0,9,51,49,109,93,64,79,62,298,14,4,18,316
04/13/2021,ABQ,NM,ASW,CE,Combined TRACON& Tower with Radar,96,62,51,10,219,0,14,34,31,79,96,76,85,41,298,0,8,8,306
04/14/2021,ABQ,NM,ASW,CE,Combined TRACON& Tower with Radar,93,82,52,13,240,0,24,43,33,100,93,106,95,46,340,14,16,30,370
04/15/2021,ABQ,NM,ASW,CE,Combined TRACON& Tower with Radar,100,81,40,23,244,0,13,49,32,94,100,94,89,55,338,16,16,32,370
04/16/2021,ABQ,NM,ASW,CE,Combined TRACON& Tower with Radar,91,66,35,21,213,0,13,82,30,125,91,79,117,51,338,16,14,30,368
04/17/2021,ABQ,NM,ASW,CE,Combined TRACON& Tower with Radar,79,61,17,13,170,0,4,19,0,23,79,65,36,13,193,14,6,20,213
04/18/2021,ABQ,NM,ASW,CE,Combined TRACON& Tower with Radar,88,50,26,6,170,0,7,20,4,31,88,57,46,10,201,38,0,38,239
04/19/2021,ABQ,NM,ASW,CE,Combined TRACON& Tower with Radar,82,71,34,5,192,0,30,83,51,164,82,101,117,56,356,40,4,44,400
04/20/2021,ABQ,NM,ASW,CE,Combined TRACON& Tower with Radar,96,71,52,13,232,0,8,105,49,162,96,79,157,62,394,2,26,28,422
04/21/2021,ABQ,NM,ASW,CE,Combined TRACON& Tower with Radar,95,62,45,13,215,0,6,59,57,122,95,68,104,70,337,18,14,32,369
04/22/2021,ABQ,NM,ASW,CE,Combined TRACON& Tower with Radar,100,57,52,6,215,0,5,81,49,135,100,62,133,55,350,64,16,80,430
04/23/2021,ABQ,NM,ASW,CE,Combined TRACON& Tower with Radar,90,57,44,18,209,0,14,55,38,107,90,71,99,56,316,34,32,66,382
04/24/2021,ABQ,NM,ASW,CE,Combined TRACON& Tower with Radar,80,52,63,10,205,0,21,91,8,120,80,73,154,18,325,62,4,66,391
04/25/2021,ABQ,NM,ASW,CE,Combined TRACON& Tower with Radar,92,42,16,9,159,0,21,61,5,87,92,63,77,14,246,10,2,12,258
04/26/2021,ABQ,NM,ASW,CE,Combined TRACON& Tower with Radar,88,61,38,8,195,4,10,79,44,137,92,71,117,52,332,46,20,66,398
04/27/2021,ABQ,NM,ASW,CE,Combined TRACON& Tower with Radar,96,61,48,17,222,0,14,47,73,134,96,75,95,90,356,32,42,74,430
04/28/2021,ABQ,NM,ASW,CE,Combined TRACON& Tower with Radar,92,55,42,20,209,0,4,49,52,105,92,59,91,72,314,0,0,0,314
04/29/2021,ABQ,NM,ASW,CE,Combined TRACON& Tower with Radar,104,64,44,20,232,0,17,92,70,179,104,81,136,90,411,0,0,0,411
04/30/2021,ABQ,NM,ASW,CE,Combined TRACON& Tower with Radar,94,77,47,22,240,0,14,88,22,124,94,91,135,44,364,36,12,48,412
05/01/2021,ABQ,NM,ASW,CE,Combined TRACON& Tower with Radar,77,51,42,18,188,0,19,87,11,117,77,70,129,29,305,56,8,64,369
05/02/2021,ABQ,NM,ASW,CE,Combined TRACON& Tower with Radar,88,51,36,4,179,0,9,37,1,47,88,60,73,5,226,40,0,40,266
05/03/2021,ABQ,NM,ASW,CE,Combined TRACON& Tower with Radar,82,69,36,8,195,0,27,43,35,105,82,96,79,43,300,22,4,26,326
05/04/2021,ABQ,NM,ASW,CE,Combined TRACON& Tower with Radar,95,58,30,12,195,0,17,92,51,160,95,75,122,63,355,114,28,142,497
05/05/2021,ABQ,NM,ASW,CE,Combined TRACON& Tower with Radar,93,56,50,6,205,0,16,69,48,133,93,72,119,54,338,44,34,78,416
05/06/2021,ABQ,NM,ASW,CE,Combined TRACON& Tower with Radar,100,64,41,6,211,0,11,60,70,141,100,75,101,76,352,34,24,58,410
05/07/2021,ABQ,NM,ASW,CE,Combined TRACON& Tower with Radar,100,65,32,20,217,0,20,76,37,133,100,85,108,57,350,18,34,52,402
05/08/2021,ABQ,NM,ASW,CE,Combined TRACON& Tower with Radar,84,51,26,11,172,0,33,57,9,99,84,84,83,20,271,53,8,61,332
05/09/2021,ABQ,NM,ASW,CE,Combined TRACON& Tower with Radar,93,34,27,9,163,0,10,64,3,77,93,44,91,12,240,40,0,40,280
05/10/2021,ABQ,NM,ASW,CE,Combined TRACON& Tower with Radar,92,66,30,14,202,0,20,55,41,116,92,86,85,55,318,34,10,44,362
05/11/2021,ABQ,NM,ASW,CE,Combined TRACON& Tower with Radar,99,62,60,7,228,0,13,87,62,162,99,75,147,69,390,74,12,86,476
05/12/2021,ABQ,NM,ASW,CE,Combined TRACON& Tower with Radar,100,75,50,7,232,0,12,90,47,149,100,87,140,54,381,2,8,10,391
05/13/2021,ABQ,NM,ASW,CE,Combined TRACON& Tower with Radar,103,77,41,21,242,0,11,79,52,142,103,88,120,73,384,34,30,64,448
05/14/2021,ABQ,NM,ASW,CE,Combined TRACON& Tower with Radar,100,58,34,18,210,0,11,67,23,101,100,69,101,41,311,6,42,48,359
05/15/2021,ABQ,NM,ASW,CE,Combined TRACON& Tower with Radar,84,45,43,8,180,0,10,58,5,73,84,55,101,13,253,48,0,48,301
05/16/2021,ABQ,NM,ASW,CE,Combined TRACON& Tower with Radar,88,49,46,5,188,0,10,55,4,69,88,59,101,9,257,54,0,54,311
05/17/2021,ABQ,NM,ASW,CE,Combined TRACON& Tower with Radar,93,56,31,16,196,0,10,45,31,86,93,66,76,47,282,10,24,34,316
05/18/2021,ABQ,NM,ASW,CE,Combined TRACON& Tower with Radar,103,49,38,24,214,0,19,39,54,112,103,68,77,78,326,16,46,62,388
05/19/2021,ABQ,NM,ASW,CE,Combined TRACON& Tower with Radar,101,60,41,21,223,0,10,71,60,141,101,70,112,81,364,95,28,123,487
05/20/2021,ABQ,NM,ASW,CE,Combined TRACON& Tower with Radar,106,58,67,7,238,0,17,99,73,189,106,75,166,80,427,27,96,123,550
05/21/2021,ABQ,NM,ASW,CE,Combined TRACON& Tower with Radar,98,54,50,21,223,0,8,63,29,100,98,62,113,50,323,30,28,58,381
05/22/2021,ABQ,NM,ASW,CE,Combined TRACON& Tower with Radar,94,45,13,10,162,0,12,33,10,55,94,57,46,20,217,0,0,0,217
05/23/2021,ABQ,NM,ASW,CE,Combined TRACON& Tower with Radar,92,52,16,9,169,1,28,44,7,80,93,80,60,16,249,0,0,0,249
05/24/2021,ABQ,NM,ASW,CE,Combined TRACON& Tower with Radar,89,60,40,17,206,0,15,88,55,158,89,75,128,72,364,30,20,50,414
05/25/2021,ABQ,NM,ASW,CE,Combined TRACON& Tower with Radar,105,54,32,13,204,0,20,93,46,159,105,74,125,59,363,62,14,76,439
05/26/2021,ABQ,NM,ASW,CE,Combined TRACON& Tower with Radar,102,51,38,13,204,0,29,73,62,164,102,80,111,75,368,28,62,90,458
05/27/2021,ABQ,NM,ASW,CE,Combined TRACON& Tower with Radar,103,55,47,7,212,0,17,77,75,169,103,72,124,82,381,70,22,92,473
05/28/2021,ABQ,NM,ASW,CE,Combined TRACON& Tower with Radar,102,61,35,5,203,0,31,74,5,110,102,92,109,10,313,12,6,18,331
05/29/2021,ABQ,NM,ASW,CE,Combined TRACON& Tower with Radar,83,52,36,2,173,0,27,79,0,106,83,79,115,2,279,58,0,58,337
05/30/2021,ABQ,NM,ASW,CE,Combined TRACON& Tower with Radar,86,51,28,10,175,0,31,62,1,94,86,82,90,11,269,18,2,20,289
05/31/2021,ABQ,NM,ASW,CE,Combined TRACON& Tower with Radar,89,55,19,2,165,0,14,17,0,31,89,69,36,2,196,0,0,0,196
06/01/2021,ABQ,NM,ASW,CE,Combined TRACON& Tower with Radar,102,66,58,1,227,0,28,82,32,142,102,94,140,33,369,30,12,42,411
06/02/2021,ABQ,NM,ASW,CE,Combined TRACON& Tower with Radar,103,66,51,11,231,0,8,97,75,180,103,74,148,86,411,0,0,0,411
06/03/2021,ABQ,NM,ASW,CE,Combined TRACON& Tower with Radar,107,71,55,14,247,0,8,76,64,148,107,79,131,78,395,10,48,58,453
06/04/2021,ABQ,NM,ASW,CE,Combined TRACON& Tower with Radar,116,64,33,24,237,0,6,88,33,127,116,70,121,57,364,78,32,110,474
06/05/2021,ABQ,NM,ASW,CE,Combined TRACON& Tower with Radar,105,43,23,3,174,0,7,58,25,90,105,50,81,28,264,102,0,102,366
06/06/2021,ABQ,NM,ASW,CE,Combined TRACON& Tower with Radar,109,46,26,12,193,0,40,37,6,83,109,86,63,18,276,68,2,70,346
06/07/2021,ABQ,NM,ASW,CE,Combined TRACON& Tower with Radar,111,60,40,20,231,0,29,53,35,117,111,89,93,55,348,52,30,82,430
06/08/2021,ABQ,NM,ASW,CE,Combined TRACON& Tower with Radar,130,69,54,20,273,0,42,98,51,191,130,111,152,71,464,82,36,118,582
06/09/2021,ABQ,NM,ASW,CE,Combined TRACON& Tower with Radar,118,58,37,14,227,0,11,84,63,158,118,69,121,77,385,0,0,0,385
06/10/2021,ABQ,NM,ASW,CE,Combined TRACON& Tower with Radar,120,51,33,5,209,0,14,80,54,148,120,65,113,59,357,36,30,66,423
06/11/2021,ABQ,NM,ASW,CE,Combined TRACON& Tower with Radar,117,69,31,9,226,0,12,86,70,168,117,81,117,79,394,50,52,102,496
06/12/2021,ABQ,NM,ASW,CE,Combined TRACON& Tower with Radar,105,44,26,2,177,0,8,52,3,63,105,52,78,5,240,30,28,58,298
06/13/2021,ABQ,NM,ASW,CE,Combined TRACON& Tower with Radar,107,46,20,10,183,0,10,46,3,59,107,56,66,13,242,0,0,0,242
06/14/2021,ABQ,NM,ASW,CE,Combined TRACON& Tower with Radar,113,60,37,27,237,0,33,66,43,142,113,93,103,70,379,40,14,54,433
06/15/2021,ABQ,NM,ASW,CE,Combined TRACON& Tower with Radar,119,65,37,12,233,0,27,64,39,130,119,92,101,51,363,74,10,84,447
06/16/2021,ABQ,NM,ASW,CE,Combined TRACON& Tower with Radar,125,65,30,4,224,0,20,69,51,140,125,85,99,55,364,20,10,30,394
06/17/2021,ABQ,NM,ASW,CE,Combined TRACON& Tower with Radar,121,63,17,16,217,0,17,78,42,137,121,80,95,58,354,48,12,60,414
06/18/2021,ABQ,NM,ASW,CE,Combined TRACON& Tower with Radar,117,73,44,8,242,0,30,84,18,132,117,103,128,26,374,38,18,56,430
06/19/2021,ABQ,NM,ASW,CE,Combined TRACON& Tower with Radar,121,57,27,3,208,0,21,78,46,145,121,78,105,49,353,40,4,44,397
06/20/2021,ABQ,NM,ASW,CE,Combined TRACON& Tower with Radar,108,50,18,1,177,0,35,61,6,102,108,85,79,7,279,40,0,40,319
06/21/2021,ABQ,NM,ASW,CE,Combined TRACON& Tower with Radar,110,68,22,26,226,0,26,48,41,115,110,94,70,67,341,44,40,84,425
06/22/2021,ABQ,NM,ASW,CE,Combined TRACON& Tower with Radar,123,71,35,8,237,0,36,82,37,155,123,107,117,45,392,36,80,116,508
06/23/2021,ABQ,NM,ASW,CE,Combined TRACON& Tower with Radar,117,64,32,15,228,0,7,80,48,135,117,71,112,63,363,42,10,52,415
06/24/2021,ABQ,NM,ASW,CE,Combined TRACON& Tower with Radar,114,70,35,6,225,0,12,83,36,131,114,82,118,42,356,8,38,46,402
06/25/2021,ABQ,NM,ASW,CE,Combined TRACON& Tower with Radar,138,68,37,10,253,0,21,71,41,133,138,89,108,51,386,64,44,108,494
06/26/2021,ABQ,NM,ASW,CE,Combined TRACON& Tower with Radar,111,53,30,7,201,0,23,91,6,120,111,76,121,13,321,48,4,52,373
06/27/2021,ABQ,NM,ASW,CE,Combined TRACON& Tower with Radar,96,61,27,1,185,0,7,2,7,16,96,68,29,8,201,0,0,0,201
06/28/2021,ABQ,NM,ASW,CE,Combined TRACON& Tower with Radar,113,65,26,11,215,0,15,32,57,104,113,80,58,68,319,18,18,36,355
06/29/2021,ABQ,NM,ASW,CE,Combined TRACON& Tower with Radar,125,68,36,11,240,0,3,22,47,72,125,71,58,58,312,4,40,44,356
06/30/2021,ABQ,NM,ASW,CE,Combined TRACON& Tower with Radar,114,66,57,8,245,0,4,38,42,84,114,70,95,50,329,0,0,0,329
07/01/2021,ABQ,NM,ASW,CE,Combined TRACON& Tower with Radar,127,59,51,13,250,0,11,80,53,144,127,70,131,66,394,58,30,88,482
07/02/2021,ABQ,NM,ASW,CE,Combined TRACON& Tower with Radar,123,76,39,3,241,0,7,61,2,70,123,83,100,5,311,42,4,46,357
07/03/2021,ABQ,NM,ASW,CE,Combined TRACON& Tower with Radar,101,60,39,0,200,0,29,43,8,80,101,89,82,8,280,24,0,24,304
07/04/2021,ABQ,NM,ASW,CE,Combined TRACON& Tower with Radar,96,47,21,1,165,0,10,22,3,35,96,57,43,4,200,0,0,0,200
07/05/2021,ABQ,NM,ASW,CE,Combined TRACON& Tower with Radar,109,53,36,0,198,0,14,62,3,79,109,67,98,3,277,28,0,28,305
07/06/2021,ABQ,NM,ASW,CE,Combined TRACON& Tower with Radar,125,59,48,7,239,0,14,84,13,111,125,73,132,20,350,94,6,100,450
07/07/2021,ABQ,NM,ASW,CE,Combined TRACON& Tower with Radar,119,64,63,8,254,0,16,99,54,169,119,80,162,62,423,86,0,86,509
07/08/2021,ABQ,NM,ASW,CE,Combined TRACON& Tower with Radar,120,66,40,8,234,0,11,75,41,127,120,77,115,49,361,40,8,48,409
07/09/2021,ABQ,NM,ASW,CE,Combined TRACON& Tower with Radar,124,64,37,12,237,0,7,81,35,123,124,71,118,47,360,0,0,0,360
07/10/2021,ABQ,NM,ASW,CE,Combined TRACON& Tower with Radar,120,53,28,3,204,0,12,47,7,66,120,65,75,10,270,18,26,44,314
07/11/2021,ABQ,NM,ASW,CE,Combined TRACON& Tower with Radar,108,48,29,7,192,0,16,31,4,51,108,64,60,11,243,0,2,2,245
07/12/2021,ABQ,NM,ASW,CE,Combined TRACON& Tower with Radar,116,59,36,13,224,0,24,50,48,122,116,83,86,61,346,54,34,88,434
07/13/2021,ABQ,NM,ASW,CE,Combined TRACON& Tower with Radar,122,52,25,16,215,0,27,73,43,143,122,79,98,59,358,8,42,50,408
07/14/2021,ABQ,NM,ASW,CE,Combined TRACON& Tower with Radar,124,58,30,7,219,0,15,45,46,106,124,73,75,53,325,56,24,80,405
07/15/2021,ABQ,NM,ASW,CE,Combined TRACON& Tower with Radar,121,75,27,9,232,0,22,64,42,128,121,97,91,51,360,16,6,22,382
07/16/2021,ABQ,NM,ASW,CE,Combined TRACON& Tower with Radar,123,68,31,25,247,0,8,73,21,102,123,76,104,46,349,0,0,0,349
07/17/2021,ABQ,NM,ASW,CE,Combined TRACON& Tower with Radar,119,67,28,3,217,0,15,64,9,88,119,82,92,12,305,6,0,6,311
07/18/2021,ABQ,NM,ASW,CE,Combined TRACON& Tower with Radar,106,49,30,2,187,0,22,40,12,74,106,71,70,14,261,70,2,72,333
07/19/2021,ABQ,NM,ASW,CE,Combined TRACON& Tower with Radar,108,59,32,14,213,0,9,49,29,87,108,68,81,43,300,0,0,0,300
07/20/2021,ABQ,NM,ASW,CE,Combined TRACON& Tower with Radar,126,69,33,11,239,0,25,55,39,119,126,94,88,50,358,40,12,52,410
07/21/2021,ABQ,NM,ASW,CE,Combined TRACON& Tower with Radar,122,60,28,10,220,0,12,85,50,147,122,72,113,60,367,48,28,76,443
07/22/2021,ABQ,NM,ASW,CE,Combined TRACON& Tower with Radar,128,74,33,16,251,0,5,80,32,117,128,79,113,48,368,76,0,76,444
07/23/2021,ABQ,NM,ASW,CE,Combined TRACON& Tower with Radar,118,62,28,7,215,0,13,67,37,117,118,75,95,44,332,42,58,100,432
07/24/2021,ABQ,NM,ASW,CE,Combined TRACON& Tower with Radar,112,76,30,5,223,0,21,59,7,87,112,97,89,12,310,54,16,70,380
07/25/2021,ABQ,NM,ASW,CE,Combined TRACON& Tower with Radar,102,42,24,8,176,0,7,35,3,45,102,49,59,11,221,64,0,64,285
07/26/2021,ABQ,NM,ASW,CE,Combined TRACON& Tower with Radar,119,62,50,3,234,0,12,56,53,121,119,74,106,56,355,0,0,0,355
07/27/2021,ABQ,NM,ASW,CE,Combined TRACON& Tower with Radar,127,74,45,6,252,0,24,68,46,138,127,98,113,52,390,34,22,56,446
07/28/2021,ABQ,NM,ASW,CE,Combined TRACON& Tower with Radar,124,65,49,12,250,0,17,100,42,159,124,82,149,54,409,50,24,74,483
07/29/2021,ABQ,NM,ASW,CE,Combined TRACON& Tower with Radar,123,61,39,9,232,0,16,77,39,132,123,77,116,48,364,34,14,48,412
07/30/2021,ABQ,NM,ASW,CE,Combined TRACON& Tower with Radar,128,65,32,12,237,0,11,83,27,121,128,76,115,39,358,0,0,0,358
07/31/2021,ABQ,NM,ASW,CE,Combined TRACON& Tower with Radar,114,47,25,5,191,0,20,58,7,85,114,67,83,12,276,20,4,24,300
08/01/2021,ABQ,NM,ASW,CE,Combined TRACON& Tower with Radar,98,51,31,0,180,0,9,36,10,55,98,60,67,10,235,0,0,0,235
08/02/2021,ABQ,NM,ASW,CE,Combined TRACON& Tower with Radar,100,60,30,11,201,0,24,48,40,112,100,84,78,51,313,68,10,78,391
08/03/2021,ABQ,NM,ASW,CE,Combined TRACON& Tower with Radar,124,68,28,4,224,0,16,111,58,185,124,84,139,62,409,92,50,142,551
08/04/2021,ABQ,NM,ASW,CE,Combined TRACON& Tower with Radar,118,64,26,11,219,0,12,70,40,122,118,76,96,51,341,0,0,0,341
08/05/2021,ABQ,NM,ASW,CE,Combined TRACON& Tower with Radar,117,73,32,18,240,0,13,87,35,135,117,86,119,53,375,106,22,128,503
08/06/2021,ABQ,NM,ASW,CE,Combined TRACON& Tower with Radar,132,68,22,13,235,0,25,56,15,96,132,93,78,28,331,30,12,42,373
08/07/2021,ABQ,NM,ASW,CE,Combined TRACON& Tower with Radar,103,74,23,8,208,0,29,51,19,99,103,103,74,27,307,100,2,102,409
08/08/2021,ABQ,NM,ASW,CE,Combined TRACON& Tower with Radar,105,51,39,3,198,0,6,32,5,43,105,57,71,8,241,58,0,58,299
08/09/2021,ABQ,NM,ASW,CE,Combined TRACON& Tower with Radar,108,64,33,9,214,0,20,58,47,125,108,84,91,56,339,64,20,84,423
08/10/2021,ABQ,NM,ASW,CE,Combined TRACON& Tower with Radar,128,90,42,10,270,0,5,50,66,121,128,95,92,76,391,30,20,50,441
08/11/2021,ABQ,NM,ASW,CE,Combined TRACON& Tower with Radar,119,89,49,17,274,0,6,64,39,109,119,95,113,56,383,30,30,60,443
08/12/2021,ABQ,NM,ASW,CE,Combined TRACON& Tower with Radar,118,67,48,7,240,0,9,68,36,113,118,76,116,43,353,30,10,40,393
08/13/2021,ABQ,NM,ASW,CE,Combined TRACON& Tower with Radar,119,76,33,22,250,0,2,55,32,89,119,78,88,54,339,0,0,0,339
08/14/2021,ABQ,NM,ASW,CE,Combined TRACON& Tower with Radar,111,62,25,5,203,0,17,35,5,57,111,79,60,10,260,46,4,50,310
08/15/2021,ABQ,NM,ASW,CE,Combined TRACON& Tower with Radar,108,48,36,0,192,0,12,49,2,63,108,60,85,2,255,24,16,40,295
08/16/2021,ABQ,NM,ASW,CE,Combined TRACON& Tower with Radar,108,59,29,10,206,0,31,48,63,142,108,90,77,73,348,20,18,38,386
08/17/2021,ABQ,NM,ASW,CE,Combined TRACON& Tower with Radar,109,61,26,9,205,0,29,54,43,126,109,90,80,52,331,72,10,82,413
08/18/2021,ABQ,NM,ASW,CE,Combined TRACON& Tower with Radar,111,70,40,13,234,0,6,72,55,133,111,76,112,68,367,0,0,0,367
08/19/2021,ABQ,NM,ASW,CE,Combined TRACON& Tower with Radar,143,69,33,14,259,0,13,91,38,142,143,82,124,52,401,48,10,58,459
08/20/2021,ABQ,NM,ASW,CE,Combined TRACON& Tower with Radar,120,65,37,9,231,0,11,69,35,115,120,76,106,44,346,0,0,0,346
08/21/2021,ABQ,NM,ASW,CE,Combined TRACON& Tower with Radar,99,64,21,1,185,0,24,64,13,101,99,88,85,14,286,62,12,74,360
08/22/2021,ABQ,NM,ASW,CE,Combined TRACON& Tower with Radar,107,46,28,0,181,0,20,48,0,68,107,66,76,0,249,36,0,36,285
08/23/2021,ABQ,NM,ASW,CE,Combined TRACON& Tower with Radar,112,67,27,7,213,0,18,63,15,96,112,85,90,22,309,76,0,76,385
08/24/2021,ABQ,NM,ASW,CE,Combined TRACON& Tower with Radar,118,70,31,4,223,0,23,75,40,138,118,93,106,44,361,68,22,90,451
08/25/2021,ABQ,NM,ASW,CE,Combined TRACON& Tower with Radar,120,65,35,8,228,0,23,87,61,171,120,88,122,69,399,4,28,32,431
08/26/2021,ABQ,NM,ASW,CE,Combined TRACON& Tower with Radar,123,63,33,15,234,0,16,80,46,142,123,79,113,61,376,96,18,114,490
08/27/2021,ABQ,NM,ASW,CE,Combined TRACON& Tower with Radar,128,60,26,17,231,0,12,99,30,141,128,72,125,47,372,46,22,68,440
08/28/2021,ABQ,NM,ASW,CE,Combined TRACON& Tower with Radar,103,57,32,0,192,0,22,73,6,101,103,79,105,6,293,46,4,50,343
08/29/2021,ABQ,NM,ASW,CE,Combined TRACON& Tower with Radar,101,43,26,10,180,0,19,51,0,70,101,62,77,10,250,38,2,40,290
08/30/2021,ABQ,NM,ASW,CE,Combined TRACON& Tower with Radar,114,61,28,12,215,0,24,44,33,101,114,85,72,45,316,32,20,52,368
08/31/2021,ABQ,NM,ASW,CE,Combined TRACON& Tower with Radar,118,67,33,18,236,0,24,66,23,113,118,91,99,41,349,30,4,34,383
09/01/2021,ABQ,NM,ASW,CE,Combined TRACON& Tower with Radar,118,56,39,5,218,0,8,36,43,87,118,64,75,48,305,0,0,0,305
09/02/2021,ABQ,NM,ASW,CE,Combined TRACON& Tower with Radar,119,75,48,11,253,0,8,81,45,134,119,83,129,56,387,49,44,93,480
09/03/2021,ABQ,NM,ASW,CE,Combined TRACON& Tower with Radar,135,84,37,21,277,0,10,91,8,109,135,94,128,29,386,78,6,84,470
09/04/2021,ABQ,NM,ASW,CE,Combined TRACON& Tower with Radar,93,49,33,6,181,0,22,65,3,90,93,71,98,9,271,10,0,10,281
09/05/2021,ABQ,NM,ASW,CE,Combined TRACON& Tower with Radar,99,45,13,0,157,0,14,41,0,55,99,59,54,0,212,50,0,50,262
09/06/2021,ABQ,NM,ASW,CE,Combined TRACON& Tower with Radar,103,54,28,0,185,0,10,50,2,62,103,64,78,2,247,90,0,90,337
09/07/2021,ABQ,NM,ASW,CE,Combined TRACON& Tower with Radar,97,63,29,6,195,0,36,79,29,144,97,99,108,35,339,52,10,62,401
09/08/2021,ABQ,NM,ASW,CE,Combined TRACON& Tower with Radar,109,62,33,11,215,0,15,71,40,126,109,77,104,51,341,0,0,0,341
09/09/2021,ABQ,NM,ASW,CE,Combined TRACON& Tower with Radar,128,63,29,8,228,0,10,84,41,135,128,73,113,49,363,75,22,97,460
09/10/2021,ABQ,NM,ASW,CE,Combined TRACON& Tower with Radar,127,54,38,27,246,0,12,106,18,136,127,66,144,45,382,62,38,100,482
09/11/2021,ABQ,NM,ASW,CE,Combined TRACON& Tower with Radar,109,51,25,8,193,0,17,86,17,120,109,68,111,25,313,101,5,106,419
09/12/2021,ABQ,NM,ASW,CE,Combined TRACON& Tower with Radar,123,44,35,9,211,0,36,72,6,114,123,80,107,15,325,48,0,48,373
09/13/2021,ABQ,NM,ASW,CE,Combined TRACON& Tower with Radar,112,53,40,13,218,0,22,74,32,128,112,75,114,45,346,60,8,68,414
09/14/2021,ABQ,NM,ASW,CE,Combined TRACON& Tower with Radar,112,72,37,9,230,0,31,72,49,152,112,103,109,58,382,8,54,62,444
09/15/2021,ABQ,NM,ASW,CE,Combined TRACON& Tower with Radar,115,88,69,16,288,0,17,92,50,159,115,105,161,66,447,44,22,66,513
09/16/2021,ABQ,NM,ASW,CE,Combined TRACON& Tower with Radar,129,65,30,11,235,0,15,92,49,156,129,80,122,60,391,80,26,106,497
09/17/2021,ABQ,NM,ASW,CE,Combined TRACON& Tower with Radar,125,68,42,42,277,0,16,78,39,133,125,84,120,81,410,32,42,74,484
09/18/2021,ABQ,NM,ASW,CE,Combined TRACON& Tower with Radar,104,63,26,12,205,0,18,65,14,97,104,81,91,26,302,0,30,30,332
09/19/2021,ABQ,NM,ASW,CE,Combined TRACON& Tower with Radar,120,61,36,1,218,0,29,31,5,65,120,90,67,6,283,26,2,28,311
09/20/2021,ABQ,NM,ASW,CE,Combined TRACON& Tower with Radar,117,54,40,6,217,0,9,49,49,107,117,63,89,55,324,0,0,0,324
09/21/2021,ABQ,NM,ASW,CE,Combined TRACON& Tower with Radar,116,71,41,10,238,0,11,60,45,116,116,82,101,55,354,18,26,44,398
09/22/2021,ABQ,NM,ASW,CE,Combined TRACON& Tower with Radar,117,58,35,14,224,0,29,76,52,157,117,87,111,66,381,74,10,84,465
09/23/2021,ABQ,NM,ASW,CE,Combined TRACON& Tower with Radar,123,53,50,23,249,0,17,92,43,152,123,70,142,66,401,16,18,34,435
09/24/2021,ABQ,NM,ASW,CE,Combined TRACON& Tower with Radar,128,68,39,39,274,0,31,74,49,154,128,99,113,88,428,36,48,84,512
09/25/2021,ABQ,NM,ASW,CE,Combined TRACON& Tower with Radar,105,52,17,6,180,0,16,61,2,79,105,68,78,8,259,0,0,0,259
09/26/2021,ABQ,NM,ASW,CE,Combined TRACON& Tower with Radar,121,47,42,27,237,0,7,41,1,49,121,54,83,28,286,2,84,86,372
09/27/2021,ABQ,NM,ASW,CE,Combined TRACON& Tower with Radar,114,69,30,6,219,0,26,60,37,123,114,95,90,43,342,16,2,18,360
09/28/2021,ABQ,NM,ASW,CE,Combined TRACON& Tower with Radar,118,80,29,12,239,0,8,50,48,106,118,88,79,60,345,30,20,50,395
09/29/2021,ABQ,NM,ASW,CE,Combined TRACON& Tower with Radar,118,77,29,12,236,0,13,72,40,125,118,90,101,52,361,0,0,0,361
09/30/2021,ABQ,NM,ASW,CE,Combined TRACON& Tower with Radar,124,70,31,0,225,0,4,36,6,46,124,74,67,6,271,46,0,46,317
10/01/2021,ABQ,NM,ASW,CE,Combined TRACON& Tower with Radar,131,65,50,21,267,0,13,33,13,59,131,78,83,34,326,2,14,16,342
10/02/2021,ABQ,NM,ASW,CE,Combined TRACON& Tower with Radar,108,43,27,7,185,0,41,65,24,130,108,84,92,31,315,26,36,62,377
10/03/2021,ABQ,NM,ASW,CE,Combined TRACON& Tower with Radar,122,38,47,2,209,0,38,55,9,102,122,76,102,11,311,30,12,42,353
10/04/2021,ABQ,NM,ASW,CE,Combined TRACON& Tower with Radar,119,59,34,8,220,0,24,68,30,122,119,83,102,38,342,12,30,42,384
10/05/2021,ABQ,NM,ASW,CE,Combined TRACON& Tower with Radar,125,66,34,11,236,0,26,71,33,130,125,92,105,44,366,28,6,34,400
10/06/2021,ABQ,NM,ASW,CE,Combined TRACON& Tower with Radar,119,66,44,19,248,0,4,75,43,122,119,70,119,62,370,0,0,0,370
10/07/2021,ABQ,NM,ASW,CE,Combined TRACON& Tower with Radar,135,53,47,10,245,0,17,96,45,158,135,70,143,55,403,24,28,52,455
10/08/2021,ABQ,NM,ASW,CE,Combined TRACON& Tower with Radar,136,49,50,10,245,0,14,65,35,114,136,63,115,45,359,0,0,0,359
10/09/2021,ABQ,NM,ASW,CE,Combined TRACON& Tower with Radar,105,61,37,1,204,0,14,63,8,85,105,75,100,9,289,14,0,14,303
10/10/2021,ABQ,NM,ASW,CE,Combined TRACON& Tower with Radar,111,40,35,4,190,0,22,26,4,52,111,62,61,8,242,0,0,0,242
10/11/2021,ABQ,NM,ASW,CE,Combined TRACON& Tower with Radar,123,59,49,4,235,0,28,54,1,83,123,87,103,5,318,44,2,46,364
10/12/2021,ABQ,NM,ASW,CE,Combined TRACON& Tower with Radar,118,71,32,9,230,0,18,21,35,74,118,89,53,44,304,0,2,2,306
10/13/2021,ABQ,NM,ASW,CE,Combined TRACON& Tower with Radar,119,71,36,13,239,0,13,90,74,177,119,84,126,87,416,0,0,0,416
10/14/2021,ABQ,NM,ASW,CE,Combined TRACON& Tower with Radar,128,64,40,20,252,0,15,70,40,125,128,79,110,60,377,14,22,36,413
10/15/2021,ABQ,NM,ASW,CE,Combined TRACON& Tower with Radar,128,77,36,11,252,0,4,86,39,129,128,81,122,50,381,16,22,38,419
10/16/2021,ABQ,NM,ASW,CE,Combined TRACON& Tower with Radar,107,46,28,4,185,0,13,89,6,108,107,59,117,10,293,66,8,74,367
10/17/2021,ABQ,NM,ASW,CE,Combined TRACON& Tower with Radar,116,45,38,6,205,0,18,67,0,85,116,63,105,6,290,10,0,10,300
10/18/2021,ABQ,NM,ASW,CE,Combined TRACON& Tower with Radar,117,58,30,18,223,0,11,54,42,107,117,69,84,60,330,26,11,37,367
10/19/2021,ABQ,NM,ASW,CE,Combined TRACON& Tower with Radar,113,57,33,6,209,0,6,59,46,111,113,63,92,52,320,12,10,22,342
10/20/2021,ABQ,NM,ASW,CE,Combined TRACON& Tower with Radar,122,50,46,1,219,0,14,87,43,144,122,64,133,44,363,24,10,34,397
10/21/2021,ABQ,NM,ASW,CE,Combined TRACON& Tower with Radar,120,55,32,7,214,0,12,70,53,135,120,67,102,60,349,10,40,50,399
10/22/2021,ABQ,NM,ASW,CE,Combined TRACON& Tower with Radar,126,56,30,38,250,0,10,93,28,131,126,66,123,66,381,32,8,40,421
10/23/2021,ABQ,NM,ASW,CE,Combined TRACON& Tower with Radar,98,49,21,1,169,0,25,60,1,86,98,74,81,2,255,20,4,24,279
10/24/2021,ABQ,NM,ASW,CE,Combined TRACON& Tower with Radar,118,42,30,6,196,0,17,55,1,73,118,59,85,7,269,34,0,34,303
10/25/2021,ABQ,NM,ASW,CE,Combined TRACON& Tower with Radar,114,65,42,10,231,0,25,64,34,123,114,90,106,44,354,62,12,74,428
10/26/2021,ABQ,NM,ASW,CE,Combined TRACON& Tower with Radar,125,68,24,12,229,0,13,31,42,86,125,81,55,54,315,22,36,58,373
10/27/2021,ABQ,NM,ASW,CE,Combined TRACON& Tower with Radar,116,71,28,15,230,0,20,39,33,92,116,91,67,48,322,0,12,12,334
10/28/2021,ABQ,NM,ASW,CE,Combined TRACON& Tower with Radar,125,65,46,16,252,0,16,93,46,155,125,81,139,62,407,28,34,62,469
10/29/2021,ABQ,NM,ASW,CE,Combined TRACON& Tower with Radar,125,61,45,11,242,0,22,96,31,149,125,83,141,42,391,20,10,30,421
10/30/2021,ABQ,NM,ASW,CE,Combined TRACON& Tower with Radar,101,50,31,1,183,0,19,56,4,79,101,69,87,5,262,74,2,76,338
10/31/2021,ABQ,NM,ASW,CE,Combined TRACON& Tower with Radar,95,41,20,5,161,0,14,30,5,49,95,55,50,10,210,26,0,26,236
11/01/2021,ABQ,NM,ASW,CE,Combined TRACON& Tower with Radar,106,56,38,11,211,0,17,60,45,122,106,73,98,56,333,36,22,58,391
11/02/2021,ABQ,NM,ASW,CE,Combined TRACON& Tower with Radar,117,61,40,24,242,0,13,60,63,136,117,74,100,87,378,78,60,138,516
11/03/2021,ABQ,NM,ASW,CE,Combined TRACON& Tower with Radar,119,66,40,16,241,0,16,75,76,167,119,82,115,92,408,0,0,0,408
11/04/2021,ABQ,NM,ASW,CE,Combined TRACON& Tower with Radar,130,55,57,21,263,0,36,71,43,150,130,91,128,64,413,12,24,36,449
11/05/2021,ABQ,NM,ASW,CE,Combined TRACON& Tower with Radar,126,70,58,76,330,0,12,91,22,125,126,82,149,98,455,12,22,34,489
11/06/2021,ABQ,NM,ASW,CE,Combined TRACON& Tower with Radar,111,53,31,15,210,0,10,56,19,85,111,63,87,34,295,34,24,58,353
11/07/2021,ABQ,NM,ASW,CE,Combined TRACON& Tower with Radar,106,48,35,28,217,0,17,59,4,80,106,65,94,32,297,18,4,22,319
11/08/2021,ABQ,NM,ASW,CE,Combined TRACON& Tower with Radar,122,60,49,17,248,0,11,71,48,130,122,71,120,65,378,0,0,0,378
11/09/2021,ABQ,NM,ASW,CE,Combined TRACON& Tower with Radar,113,64,49,15,241,0,17,84,59,160,113,81,133,74,401,38,18,56,457
11/10/2021,ABQ,NM,ASW,CE,Combined TRACON& Tower with Radar,112,65,41,12,230,0,13,48,39,100,112,78,89,51,330,0,0,0,330
11/11/2021,ABQ,NM,ASW,CE,Combined TRACON& Tower with Radar,128,62,36,1,227,0,9,71,3,83,128,71,107,4,310,6,0,6,316
11/12/2021,ABQ,NM,ASW,CE,Combined TRACON& Tower with Radar,123,58,38,28,247,0,18,79,28,125,123,76,117,56,372,0,0,0,372
11/13/2021,ABQ,NM,ASW,CE,Combined TRACON& Tower with Radar,101,50,23,4,178,0,29,56,0,85,101,79,79,4,263,28,0,28,291
11/14/2021,ABQ,NM,ASW,CE,Combined TRACON& Tower with Radar,108,42,31,4,185,0,29,41,0,70,108,71,72,4,255,62,0,62,317
11/15/2021,ABQ,NM,ASW,CE,Combined TRACON& Tower with Radar,113,60,40,18,231,0,13,52,60,125,113,73,92,78,356,38,22,60,416
11/16/2021,ABQ,NM,ASW,CE,Combined TRACON& Tower with Radar,110,66,29,19,224,0,22,79,53,154,110,88,108,72,378,26,32,58,436
11/17/2021,ABQ,NM,ASW,CE,Combined TRACON& Tower with Radar,111,51,38,24,224,0,5,88,46,139,111,56,126,70,363,34,32,66,429
11/18/2021,ABQ,NM,ASW,CE,Combined TRACON& Tower with Radar,125,71,37,18,251,0,14,64,41,119,125,85,101,59,370,0,0,0,370
11/19/2021,ABQ,NM,ASW,CE,Combined TRACON& Tower with Radar,122,77,39,11,249,0,13,94,21,128,122,90,133,32,377,0,0,0,377
11/20/2021,ABQ,NM,ASW,CE,Combined TRACON& Tower with Radar,108,55,32,1,196,0,17,69,2,88,108,72,101,3,284,54,0,54,338
11/21/2021,ABQ,NM,ASW,CE,Combined TRACON& Tower with Radar,100,55,40,0,195,0,17,44,4,65,100,72,84,4,260,28,0,28,288
11/22/2021,ABQ,NM,ASW,CE,Combined TRACON& Tower with Radar,113,64,28,10,215,0,14,60,43,117,113,78,88,53,332,32,24,56,388
11/23/2021,ABQ,NM,ASW,CE,Combined TRACON& Tower with Radar,120,77,41,10,248,0,27,73,43,143,120,104,114,53,391,33,20,53,444
11/24/2021,ABQ,NM,ASW,CE,Combined TRACON& Tower with Radar,131,76,32,3,242,0,11,37,20,68,131,87,69,23,310,12,4,16,326
11/25/2021,ABQ,NM,ASW,CE,Combined TRACON& Tower with Radar,80,35,20,0,135,0,10,20,1,31,80,45,40,1,166,0,0,0,166
11/26/2021,ABQ,NM,ASW,CE,Combined TRACON& Tower with Radar,91,58,26,2,177,0,17,49,0,66,91,75,75,2,243,16,0,16,259
11/27/2021,ABQ,NM,ASW,CE,Combined TRACON& Tower with Radar,121,59,29,0,209,0,36,53,4,93,121,95,82,4,302,28,0,28,330
11/28/2021,ABQ,NM,ASW,CE,Combined TRACON& Tower with Radar,121,63,36,0,220,0,22,58,0,80,121,85,94,0,300,38,0,38,338
11/29/2021,ABQ,NM,ASW,CE,Combined TRACON& Tower with Radar,117,59,48,13,237,0,11,56,22,89,117,70,104,35,326,32,16,48,374
11/30/2021,ABQ,NM,ASW,CE,Combined TRACON& Tower with Radar,121,62,44,13,240,0,10,88,59,157,121,72,132,72,397,46,30,76,473
12/01/2021,ABQ,NM,ASW,CE,Combined TRACON& Tower with Radar,114,58,38,15,225,0,19,88,32,139,114,77,126,47,364,52,24,76,440
12/02/2021,ABQ,NM,ASW,CE,Combined TRACON& Tower with Radar,121,58,37,12,228,0,13,76,54,143,121,71,113,66,371,64,38,102,473
12/03/2021,ABQ,NM,ASW,CE,Combined TRACON& Tower with Radar,114,61,39,25,239,0,14,77,29,120,114,75,116,54,359,32,18,50,409
12/04/2021,ABQ,NM,ASW,CE,Combined TRACON& Tower with Radar,95,51,42,4,192,0,16,71,18,105,95,67,113,22,297,84,0,84,381
12/05/2021,ABQ,NM,ASW,CE,Combined TRACON& Tower with Radar,109,42,45,6,202,0,19,44,2,65,109,61,89,8,267,42,4,46,313
12/06/2021,ABQ,NM,ASW,CE,Combined TRACON& Tower with Radar,110,64,47,11,232,0,17,54,47,118,110,81,101,58,350,46,32,78,428
12/07/2021,ABQ,NM,ASW,CE,Combined TRACON& Tower with Radar,107,62,44,9,222,4,9,58,43,114,111,71,102,52,336,24,28,52,388
12/08/2021,ABQ,NM,ASW,CE,Combined TRACON& Tower with Radar,116,73,42,9,240,0,18,84,50,152,116,91,126,59,392,48,32,80,472
12/09/2021,ABQ,NM,ASW,CE,Combined TRACON& Tower with Radar,117,74,48,14,253,0,8,65,38,111,117,82,113,52,364,34,16,50,414
12/10/2021,ABQ,NM,ASW,CE,Combined TRACON& Tower with Radar,112,69,52,7,240,0,6,27,11,44,112,75,79,18,284,0,0,0,284
12/11/2021,ABQ,NM,ASW,CE,Combined TRACON& Tower with Radar,99,49,46,1,195,0,7,68,3,78,99,56,114,4,273,0,0,0,273
12/12/2021,ABQ,NM,ASW,CE,Combined TRACON& Tower with Radar,103,54,41,1,199,0,19,44,3,66,103,73,85,4,265,50,0,50,315
12/13/2021,ABQ,NM,ASW,CE,Combined TRACON& Tower with Radar,109,72,36,8,225,0,12,59,37,108,109,84,95,45,333,54,30,84,417
12/14/2021,ABQ,NM,ASW,CE,Combined TRACON& Tower with Radar,114,69,20,6,209,0,10,59,47,116,114,79,79,53,325,4,18,22,347
12/15/2021,ABQ,NM,ASW,CE,Combined TRACON& Tower with Radar,116,69,47,5,237,0,4,29,35,68,116,73,76,40,305,0,0,0,305
12/16/2021,ABQ,NM,ASW,CE,Combined TRACON& Tower with Radar,129,63,46,9,247,0,26,95,50,171,129,89,141,59,418,14,48,62,480
12/17/2021,ABQ,NM,ASW,CE,Combined TRACON& Tower with Radar,128,73,44,9,254,11,27,70,17,125,139,100,114,26,379,22,4,26,405
12/18/2021,ABQ,NM,ASW,CE,Combined TRACON& Tower with Radar,123,70,38,6,237,0,16,67,7,90,123,86,105,13,327,40,0,40,367
12/19/2021,ABQ,NM,ASW,CE,Combined TRACON& Tower with Radar,114,34,40,3,191,0,17,64,2,83,114,51,104,5,274,30,0,30,304
12/20/2021,ABQ,NM,ASW,CE,Combined TRACON& Tower with Radar,117,53,28,13,211,0,24,65,24,113,117,77,93,37,324,20,22,42,366
12/21/2021,ABQ,NM,ASW,CE,Combined TRACON& Tower with Radar,122,73,32,10,237,0,17,73,45,135,122,90,105,55,372,32,38,70,442
12/22/2021,ABQ,NM,ASW,CE,Combined TRACON& Tower with Radar,126,54,34,7,221,0,11,83,38,132,126,65,117,45,353,18,2,20,373
12/23/2021,ABQ,NM,ASW,CE,Combined TRACON& Tower with Radar,130,61,28,11,230,0,4,69,5,78,130,65,97,16,308,36,0,36,344
12/24/2021,ABQ,NM,ASW,CE,Combined TRACON& Tower with Radar,109,59,11,0,179,0,2,22,0,24,109,61,33,0,203,0,0,0,203
12/25/2021,ABQ,NM,ASW,CE,Combined TRACON& Tower with Radar,87,35,10,0,132,0,4,5,0,9,87,39,15,0,141,20,0,20,161
12/26/2021,ABQ,NM,ASW,CE,Combined TRACON& Tower with Radar,116,45,21,0,182,0,11,7,1,19,116,56,28,1,201,2,0,2,203
12/27/2021,ABQ,NM,ASW,CE,Combined TRACON& Tower with Radar,111,64,35,2,212,0,22,50,0,72,111,86,85,2,284,77,0,77,361
12/28/2021,ABQ,NM,ASW,CE,Combined TRACON& Tower with Radar,125,65,23,8,221,0,7,35,22,64,125,72,58,30,285,6,32,38,323
12/29/2021,ABQ,NM,ASW,CE,Combined TRACON& Tower with Radar,120,64,30,1,215,0,5,54,13,72,120,69,84,14,287,30,0,30,317
12/30/2021,ABQ,NM,ASW,CE,Combined TRACON& Tower with Radar,125,63,34,4,226,0,4,70,19,93,125,67,104,23,319,62,0,62,381
12/31/2021,ABQ,NM,ASW,CE,Combined TRACON& Tower with Radar,103,58,25,0,186,0,4,31,0,35,103,62,56,0,221,0,0,0,221
01/01/2022,ABQ,NM,ASW,CE,Combined TRACON& Tower with Radar,83,39,22,0,144,0,7,6,0,13,83,46,28,0,157,0,0,0,157
01/02/2022,ABQ,NM,ASW,CE,Combined TRACON& Tower with Radar,95,42,31,0,168,0,21,41,1,63,95,63,72,1,231,62,0,62,293
01/03/2022,ABQ,NM,ASW,CE,Combined TRACON& Tower with Radar,112,59,33,1,205,0,19,50,2,71,112,78,83,3,276,72,0,72,348
01/04/2022,ABQ,NM,ASW,CE,Combined TRACON& Tower with Radar,100,60,18,9,187,0,26,59,1,86,100,86,77,10,273,20,10,30,303
01/05/2022,ABQ,NM,ASW,CE,Combined TRACON& Tower with Radar,95,56,25,5,181,0,11,70,39,120,95,67,95,44,301,16,38,54,355
01/06/2022,ABQ,NM,ASW,CE,Combined TRACON& Tower with Radar,99,67,28,7,201,0,14,79,45,138,99,81,107,52,339,34,26,60,399
01/07/2022,ABQ,NM,ASW,CE,Combined TRACON& Tower with Radar,100,58,42,52,252,0,27,76,15,118,100,85,118,67,370,27,27,54,424
01/08/2022,ABQ,NM,ASW,CE,Combined TRACON& Tower with Radar,85,61,25,19,190,0,9,50,20,79,85,70,75,39,269,52,14,66,335
01/09/2022,ABQ,NM,ASW,CE,Combined TRACON& Tower with Radar,95,51,36,14,196,0,15,52,3,70,95,66,88,17,266,68,8,76,342
01/10/2022,ABQ,NM,ASW,CE,Combined TRACON& Tower with Radar,90,58,30,24,202,0,10,58,37,105,90,68,88,61,307,20,22,42,349
01/11/2022,ABQ,NM,ASW,CE,Combined TRACON& Tower with Radar,95,54,24,22,195,0,16,66,34,116,95,70,90,56,311,102,32,134,445
01/12/2022,ABQ,NM,ASW,CE,Combined TRACON& Tower with Radar,106,46,34,13,199,8,8,61,42,119,114,54,95,55,318,44,34,78,396
01/13/2022,ABQ,NM,ASW,CE,Combined TRACON& Tower with Radar,105,50,33,7,195,0,17,77,57,151,105,67,110,64,346,26,40,66,412
01/14/2022,ABQ,NM,ASW,CE,Combined TRACON& Tower with Radar,109,59,57,18,243,0,26,47,16,89,109,85,104,34,332,24,8,32,364
01/15/2022,ABQ,NM,ASW,CE,Combined TRACON& Tower with Radar,85,46,19,7,157,0,17,74,0,91,85,63,93,7,248,58,0,58,306
01/16/2022,ABQ,NM,ASW,CE,Combined TRACON& Tower with Radar,88,32,22,1,143,0,7,49,2,58,88,39,71,3,201,0,0,0,201
01/17/2022,ABQ,NM,ASW,CE,Combined TRACON& Tower with Radar,99,54,20,5,178,0,29,63,2,94,99,83,83,7,272,28,2,30,302
01/18/2022,ABQ,NM,ASW,CE,Combined TRACON& Tower with Radar,105,66,30,9,210,0,26,62,55,143,105,92,92,64,353,44,28,72,425
01/19/2022,ABQ,NM,ASW,CE,Combined TRACON& Tower with Radar,110,71,36,9,226,0,3,61,50,114,110,74,97,59,340,24,40,64,404
01/20/2022,ABQ,NM,ASW,CE,Combined TRACON& Tower with Radar,115,60,65,7,247,0,5,65,45,115,115,65,130,52,362,46,24,70,432
01/21/2022,ABQ,NM,ASW,CE,Combined TRACON& Tower with Radar,104,65,40,13,222,10,10,66,26,112,114,75,106,39,334,18,40,58,392
01/22/2022,ABQ,NM,ASW,CE,Combined TRACON& Tower with Radar,96,57,21,2,176,0,16,20,0,36,96,73,41,2,212,2,0,2,214
01/23/2022,ABQ,NM,ASW,CE,Combined TRACON& Tower with Radar,94,51,35,55,235,0,14,61,7,82,94,65,96,62,317,76,48,124,441
01/24/2022,ABQ,NM,ASW,CE,Combined TRACON& Tower with Radar,101,55,35,8,199,0,15,54,35,104,101,70,89,43,303,32,16,48,351
01/25/2022,ABQ,NM,ASW,CE,Combined TRACON& Tower with Radar,109,64,30,11,214,0,10,84,33,127,109,74,114,44,341,0,0,0,341
01/26/2022,ABQ,NM,ASW,CE,Combined TRACON& Tower with Radar,111,73,40,16,240,0,8,38,36,82,111,81,78,52,322,0,0,0,322
01/27/2022,ABQ,NM,ASW,CE,Combined TRACON& Tower with Radar,114,74,44,12,244,0,8,79,31,118,114,82,123,43,362,20,16,36,398
01/28/2022,ABQ,NM,ASW,CE,Combined TRACON& Tower with Radar,108,74,29,45,256,0,12,58,26,96,108,86,87,71,352,0,0,0,352
01/29/2022,ABQ,NM,ASW,CE,Combined TRACON& Tower with Radar,84,54,27,0,165,0,12,70,2,84,84,66,97,2,249,0,0,0,249
01/30/2022,ABQ,NM,ASW,CE,Combined TRACON& Tower with Radar,98,40,31,5,174,0,12,44,2,58,98,52,75,7,232,76,2,78,310
01/31/2022,ABQ,NM,ASW,CE,Combined TRACON& Tower with Radar,100,61,21,23,205,0,8,52,39,99,100,69,73,62,304,12,18,30,334
02/01/2022,ABQ,NM,ASW,CE,Combined TRACON& Tower with Radar,103,69,45,25,242,1,18,52,62,133,104,87,97,87,375,30,36,66,441
02/02/2022,ABQ,NM,ASW,CE,Combined TRACON& Tower with Radar,94,49,23,3,169,0,2,6,0,8,94,51,29,3,177,0,0,0,177
02/03/2022,ABQ,NM,ASW,CE,Combined TRACON& Tower with Radar,82,48,27,7,164,0,6,51,19,76,82,54,78,26,240,24,18,42,282
02/04/2022,ABQ,NM,ASW,CE,Combined TRACON& Tower with Radar,90,67,39,12,208,0,11,65,16,92,90,78,104,28,300,0,0,0,300
02/05/2022,ABQ,NM,ASW,CE,Combined TRACON& Tower with Radar,83,55,34,11,183,0,18,60,7,85,83,73,94,18,268,34,6,40,308
02/06/2022,ABQ,NM,ASW,CE,Combined TRACON& Tower with Radar,90,33,25,2,150,0,3,28,1,32,90,36,53,3,182,30,2,32,214
02/07/2022,ABQ,NM,ASW,CE,Combined TRACON& Tower with Radar,157,81,37,30,305,0,23,64,67,154,157,104,101,97,459,52,8,60,519
02/08/2022,ABQ,NM,ASW,CE,Combined TRACON& Tower with Radar,108,53,37,11,209,0,19,61,50,130,108,72,98,61,339,42,26,68,407
02/09/2022,ABQ,NM,ASW,CE,Combined TRACON& Tower with Radar,108,55,59,16,238,0,18,74,36,128,108,73,133,52,366,40,8,48,414
02/10/2022,ABQ,NM,ASW,CE,Combined TRACON& Tower with Radar,120,65,44,6,235,0,16,67,39,122,120,81,111,45,357,22,24,46,403
02/11/2022,ABQ,NM,ASW,CE,Combined TRACON& Tower with Radar,116,73,40,20,249,0,13,83,23,119,116,86,123,43,368,34,20,54,422
02/12/2022,ABQ,NM,ASW,CE,Combined TRACON& Tower with Radar,90,48,21,14,173,0,26,32,6,64,90,74,53,20,237,48,0,48,285
02/13/2022,ABQ,NM,ASW,CE,Combined TRACON& Tower with Radar,95,44,28,19,186,0,7,42,4,53,95,51,70,23,239,18,0,18,257
02/14/2022,ABQ,NM,ASW,CE,Combined TRACON& Tower with Radar,104,55,31,24,214,0,19,51,45,115,104,74,82,69,329,22,24,46,375
02/15/2022,ABQ,NM,ASW,CE,Combined TRACON& Tower with Radar,112,76,40,16,244,0,25,55,45,125,112,101,95,61,369,18,44,62,431
02/16/2022,ABQ,NM,ASW,CE,Combined TRACON& Tower with Radar,107,85,27,8,227,0,11,42,30,83,107,96,69,38,310,0,0,0,310
02/17/2022,ABQ,NM,ASW,CE,Combined TRACON& Tower with Radar,115,79,38,5,237,0,2,14,38,54,115,81,52,43,291,8,12,20,311
02/18/2022,ABQ,NM,ASW,CE,Combined TRACON& Tower with Radar,130,63,30,25,248,0,6,70,20,96,130,69,100,45,344,0,0,0,344
02/19/2022,ABQ,NM,ASW,CE,Combined TRACON& Tower with Radar,87,55,24,3,169,0,10,86,0,96,87,65,110,3,265,0,0,0,265
02/20/2022,ABQ,NM,ASW,CE,Combined TRACON& Tower with Radar,100,49,38,3,190,0,17,51,2,70,100,66,89,5,260,46,0,46,306
02/21/2022,ABQ,NM,ASW,CE,Combined TRACON& Tower with Radar,112,61,38,2,213,0,3,47,0,50,112,64,85,2,263,0,0,0,263
02/22/2022,ABQ,NM,ASW,CE,Combined TRACON& Tower with Radar,113,79,28,10,230,0,12,36,33,81,113,91,64,43,311,26,10,36,347
02/23/2022,ABQ,NM,ASW,CE,Combined TRACON& Tower with Radar,110,58,36,10,214,0,3,31,5,39,110,61,67,15,253,0,0,0,253
02/24/2022,ABQ,NM,ASW,CE,Combined TRACON& Tower with Radar,103,81,43,10,237,0,11,38,33,82,103,92,81,43,319,0,0,0,319
02/25/2022,ABQ,NM,ASW,CE,Combined TRACON& Tower with Radar,125,64,58,16,263,0,17,91,37,145,125,81,149,53,408,0,0,0,408
02/26/2022,ABQ,NM,ASW,CE,Combined TRACON& Tower with Radar,93,59,31,11,194,0,16,68,0,84,93,75,99,11,278,64,4,68,346
02/27/2022,ABQ,NM,ASW,CE,Combined TRACON& Tower with Radar,108,48,39,6,201,0,7,59,4,70,108,55,98,10,271,0,0,0,271
02/28/2022,ABQ,NM,ASW,CE,Combined TRACON& Tower with Radar,106,61,30,15,212,0,25,60,52,137,106,86,90,67,349,70,10,80,429
03/01/2022,ABQ,NM,ASW,CE,Combined TRACON& Tower with Radar,118,67,28,32,245,0,9,86,47,142,118,76,114,79,387,4,26,30,417
03/02/2022,ABQ,NM,ASW,CE,Combined TRACON& Tower with Radar,119,58,36,24,237,0,26,91,59,176,119,84,127,83,413,68,6,74,487
03/03/2022,ABQ,NM,ASW,CE,Combined TRACON& Tower with Radar,126,79,45,13,263,0,12,93,57,162,126,91,138,70,425,68,14,82,507
03/04/2022,ABQ,NM,ASW,CE,Combined TRACON& Tower with Radar,120,69,30,14,233,0,10,24,28,62,120,79,54,42,295,0,0,0,295
03/05/2022,ABQ,NM,ASW,CE,Combined TRACON& Tower with Radar,92,59,24,7,182,4,3,52,20,79,96,62,76,27,261,90,24,114,375
03/06/2022,ABQ,NM,ASW,CE,Combined TRACON& Tower with Radar,104,51,18,7,180,0,9,10,3,22,104,60,28,10,202,12,4,16,218
03/07/2022,ABQ,NM,ASW,CE,Combined TRACON& Tower with Radar,112,69,40,34,255,0,17,53,42,112,112,86,93,76,367,20,16,36,403
03/08/2022,ABQ,NM,ASW,CE,Combined TRACON& Tower with Radar,115,69,33,20,237,0,10,84,52,146,115,79,117,72,383,24,20,44,427
03/09/2022,ABQ,NM,ASW,CE,Combined TRACON& Tower with Radar,115,64,42,15,236,0,9,57,42,108,115,73,99,57,344,16,2,18,362
03/10/2022,ABQ,NM,ASW,CE,Combined TRACON& Tower with Radar,122,70,54,17,263,5,5,47,47,104,127,75,101,64,367,16,0,16,383
03/11/2022,ABQ,NM,ASW,CE,Combined TRACON& Tower with Radar,123,67,43,15,248,14,11,48,22,95,137,78,91,37,343,36,2,38,381
03/12/2022,ABQ,NM,ASW,CE,Combined TRACON& Tower with Radar,96,50,28,5,179,0,16,121,1,138,96,66,149,6,317,60,0,60,377
03/13/2022,ABQ,NM,ASW,CE,Combined TRACON& Tower with Radar,106,45,45,1,197,0,33,61,3,97,106,78,106,4,294,24,4,28,322
03/14/2022,ABQ,NM,ASW,CE,Combined TRACON& Tower with Radar,112,49,37,14,212,0,22,56,53,131,112,71,93,67,343,46,20,66,409
03/15/2022,ABQ,NM,ASW,CE,Combined TRACON& Tower with Radar,133,59,36,10,238,0,23,86,37,146,133,82,122,47,384,12,6,18,402
03/16/2022,ABQ,NM,ASW,CE,Combined TRACON& Tower with Radar,119,63,46,4,232,0,16,102,36,154,119,79,148,40,386,0,0,0,386
03/17/2022,ABQ,NM,ASW,CE,Combined TRACON& Tower with Radar,121,69,42,10,242,0,10,22,51,83,121,79,64,61,325,14,32,46,371
03/18/2022,ABQ,NM,ASW,CE,Combined TRACON& Tower with Radar,115,75,38,21,249,0,11,98,21,130,115,86,136,42,379,0,0,0,379
03/19/2022,ABQ,NM,ASW,CE,Combined TRACON& Tower with Radar,99,46,31,2,178,0,8,86,3,97,99,54,117,5,275,28,0,28,303
03/20/2022,ABQ,NM,ASW,CE,Combined TRACON& Tower with Radar,115,42,29,8,194,0,9,47,3,59,115,51,76,11,253,58,0,58,311
03/21/2022,ABQ,NM,ASW,CE,Combined TRACON& Tower with Radar,110,63,27,28,228,0,0,20,40,60,110,63,47,68,288,0,0,0,288
03/22/2022,ABQ,NM,ASW,CE,Combined TRACON& Tower with Radar,127,62,43,13,245,0,8,16,35,59,127,70,59,48,304,0,6,6,310
03/23/2022,ABQ,NM,ASW,CE,Combined TRACON& Tower with Radar,127,73,43,15,258,0,7,26,21,54,127,80,69,36,312,0,0,0,312
03/24/2022,ABQ,NM,ASW,CE,Combined TRACON& Tower with Radar,126,55,50,12,243,0,5,102,39,146,126,60,152,51,389,58,42,100,489
03/25/2022,ABQ,NM,ASW,CE,Combined TRACON& Tower with Radar,123,50,34,23,230,0,25,100,14,139,123,75,134,37,369,52,12,64,433
03/26/2022,ABQ,NM,ASW,CE,Combined TRACON& Tower with Radar,98,45,34,4,181,0,33,85,0,118,98,78,119,4,299,100,0,100,399
03/27/2022,ABQ,NM,ASW,CE,Combined TRACON& Tower with Radar,114,42,30,16,202,0,24,65,0,89,114,66,95,16,291,72,4,76,367
03/28/2022,ABQ,NM,ASW,CE,Combined TRACON& Tower with Radar,117,60,36,22,235,0,11,78,70,159,117,71,114,92,394,38,18,56,450
03/29/2022,ABQ,NM,ASW,CE,Combined TRACON& Tower with Radar,127,72,37,11,247,1,1,42,49,93,128,73,79,60,340,22,14,36,376
03/30/2022,ABQ,NM,ASW,CE,Combined TRACON& Tower with Radar,125,79,39,14,257,0,16,32,54,102,125,95,71,68,359,22,16,38,397
03/31/2022,ABQ,NM,ASW,CE,Combined TRACON& Tower with Radar,122,58,47,15,242,0,24,91,51,166,122,82,138,66,408,28,4,32,440
04/01/2022,ABQ,NM,ASW,CE,Combined TRACON& Tower with Radar,121,68,24,9,222,0,16,53,11,80,121,84,77,20,302,32,0,32,334
04/02/2022,ABQ,NM,ASW,CE,Combined TRACON& Tower with Radar,99,44,35,1,179,0,16,91,15,122,99,60,126,16,301,6,18,24,325
04/03/2022,ABQ,NM,ASW,CE,Combined TRACON& Tower with Radar,112,40,26,6,184,0,24,50,7,81,112,64,76,13,265,10,2,12,277
04/04/2022,ABQ,NM,ASW,CE,Combined TRACON& Tower with Radar,118,69,34,9,230,0,21,70,48,139,118,90,104,57,369,64,30,94,463
04/05/2022,ABQ,NM,ASW,CE,Combined TRACON& Tower with Radar,117,54,27,8,206,0,3,38,37,78,117,57,65,45,284,14,12,26,310
04/06/2022,ABQ,NM,ASW,CE,Combined TRACON& Tower with Radar,123,53,17,13,206,0,6,35,40,81,123,59,52,53,287,6,24,30,317
04/07/2022,ABQ,NM,ASW,CE,Combined TRACON& Tower with Radar,129,68,33,5,235,0,15,75,54,144,129,83,108,59,379,66,16,82,461
04/08/2022,ABQ,NM,ASW,CE,Combined TRACON& Tower with Radar,123,59,26,36,244,0,14,94,34,142,123,73,120,70,386,62,56,118,504
04/09/2022,ABQ,NM,ASW,CE,Combined TRACON& Tower with Radar,100,43,21,4,168,0,21,63,4,88,100,64,84,8,256,54,2,56,312
04/10/2022,ABQ,NM,ASW,CE,Combined TRACON& Tower with Radar,112,57,26,13,208,0,14,21,11,46,112,71,47,24,254,14,8,22,276
04/11/2022,ABQ,NM,ASW,CE,Combined TRACON& Tower with Radar,117,62,33,15,227,0,6,57,38,101,117,68,90,53,328,26,14,40,368
04/12/2022,ABQ,NM,ASW,CE,Combined TRACON& Tower with Radar,123,73,14,6,216,0,5,35,5,45,123,78,49,11,261,4,3,7,268
04/13/2022,ABQ,NM,ASW,CE,Combined TRACON& Tower with Radar,120,66,38,18,242,0,12,53,58,123,120,78,91,76,365,16,22,38,403
04/14/2022,ABQ,NM,ASW,CE,Combined TRACON& Tower with Radar,130,62,43,31,266,0,16,97,38,151,130,78,140,69,417,32,34,66,483
04/15/2022,ABQ,NM,ASW,CE,Combined TRACON& Tower with Radar,118,65,40,21,244,0,13,77,24,114,118,78,117,45,358,28,0,28,386
04/16/2022,ABQ,NM,ASW,CE,Combined TRACON& Tower with Radar,102,44,33,0,179,0,11,58,4,73,102,55,91,4,252,0,0,0,252
04/17/2022,ABQ,NM,ASW,CE,Combined TRACON& Tower with Radar,111,45,12,8,176,0,19,37,11,67,111,64,49,19,243,56,0,56,299
04/18/2022,ABQ,NM,ASW,CE,Combined TRACON& Tower with Radar,117,54,34,9,214,0,31,92,57,180,117,85,126,66,394,32,4,36,430
04/19/2022,ABQ,NM,ASW,CE,Combined TRACON& Tower with Radar,122,60,36,13,231,0,12,74,72,158,122,72,110,85,389,50,2,52,441
04/20/2022,ABQ,NM,ASW,CE,Combined TRACON& Tower with Radar,127,48,37,5,217,0,5,79,48,132,127,53,116,53,349,2,26,28,377
04/21/2022,ABQ,NM,ASW,CE,Combined TRACON& Tower with Radar,126,61,37,13,237,0,16,153,50,219,126,77,190,63,456,74,0,74,530
04/22/2022,ABQ,NM,ASW,CE,Combined TRACON& Tower with Radar,121,51,24,5,201,0,6,28,8,42,121,57,52,13,243,0,0,0,243
04/23/2022,ABQ,NM,ASW,CE,Combined TRACON& Tower with Radar,103,52,29,8,192,0,23,127,6,156,103,75,156,14,348,42,0,42,390
04/24/2022,ABQ,NM,ASW,CE,Combined TRACON& Tower with Radar,113,48,24,4,189,0,11,104,9,124,113,59,128,13,313,0,0,0,313
04/25/2022,ABQ,NM,ASW,CE,Combined TRACON& Tower with Radar,111,58,27,25,221,0,20,98,54,172,111,78,125,79,393,20,22,42,435
04/26/2022,ABQ,NM,ASW,CE,Combined TRACON& Tower with Radar,123,68,47,10,248,1,25,110,75,211,124,93,157,85,459,30,38,68,527
04/27/2022,ABQ,NM,ASW,CE,Combined TRACON& Tower with Radar,136,65,32,12,245,0,13,85,65,163,136,78,117,77,408,6,18,24,432
04/28/2022,ABQ,NM,ASW,CE,Combined TRACON& Tower with Radar,127,63,40,12,242,0,15,112,42,169,127,78,152,54,411,12,24,36,447
04/29/2022,ABQ,NM,ASW,CE,Combined TRACON& Tower with Radar,121,72,25,15,233,1,13,55,29,98,122,85,80,44,331,28,12,40,371
04/30/2022,ABQ,NM,ASW,CE,Combined TRACON& Tower with Radar,99,50,39,3,191,2,26,133,4,165,101,76,172,7,356,64,0,64,420
05/01/2022,ABQ,NM,ASW,CE,Combined TRACON& Tower with Radar,116,37,51,4,208,4,10,87,4,105,120,47,138,8,313,28,0,28,341
05/02/2022,ABQ,NM,ASW,CE,Combined TRACON& Tower with Radar,108,63,25,7,203,1,18,85,62,166,109,81,110,69,369,66,10,76,445
05/03/2022,ABQ,NM,ASW,CE,Combined TRACON& Tower with Radar,129,67,37,15,248,0,17,146,35,198,129,84,183,50,446,38,4,42,488
05/04/2022,ABQ,NM,ASW,CE,Combined TRACON& Tower with Radar,121,71,19,5,216,0,9,89,50,148,121,80,108,55,364,0,0,0,364
05/05/2022,ABQ,NM,ASW,CE,Combined TRACON& Tower with Radar,132,54,39,8,233,12,6,174,57,249,144,60,213,65,482,52,8,60,542
05/06/2022,ABQ,NM,ASW,CE,Combined TRACON& Tower with Radar,132,55,40,24,251,1,29,162,25,217,133,84,202,49,468,60,26,86,554
05/07/2022,ABQ,NM,ASW,CE,Combined TRACON& Tower with Radar,113,45,25,7,190,0,22,63,10,95,113,67,88,17,285,34,0,34,319
05/08/2022,ABQ,NM,ASW,CE,Combined TRACON& Tower with Radar,116,34,21,7,178,0,3,29,2,34,116,37,50,9,212,34,0,34,246
05/09/2022,ABQ,NM,ASW,CE,Combined TRACON& Tower with Radar,120,63,20,6,209,0,20,49,44,113,120,83,69,50,322,18,28,46,368
05/10/2022,ABQ,NM,ASW,CE,Combined TRACON& Tower with Radar,135,57,26,8,226,0,27,139,60,226,135,84,165,68,452,66,20,86,538
05/11/2022,ABQ,NM,ASW,CE,Combined TRACON& Tower with Radar,134,68,26,8,236,0,29,66,54,149,134,97,92,62,385,2,18,20,405
05/12/2022,ABQ,NM,ASW,CE,Combined TRACON& Tower with Radar,139,54,34,20,247,0,14,96,59,169,139,68,130,79,416,0,26,26,442
05/13/2022,ABQ,NM,ASW,CE,Combined TRACON& Tower with Radar,132,51,28,19,230,1,10,147,42,200,133,61,175,61,430,42,4,46,476
05/14/2022,ABQ,NM,ASW,CE,Combined TRACON& Tower with Radar,114,47,29,4,194,0,22,106,37,165,114,69,135,41,359,52,14,66,425
05/15/2022,ABQ,NM,ASW,CE,Combined TRACON& Tower with Radar,118,45,36,12,211,0,11,89,20,120,118,56,125,32,331,38,8,46,377
05/16/2022,ABQ,NM,ASW,CE,Combined TRACON& Tower with Radar,122,56,28,10,216,0,23,76,56,155,122,79,104,66,371,6,6,12,383
05/17/2022,ABQ,NM,ASW,CE,Combined TRACON& Tower with Radar,140,65,45,11,261,0,21,111,65,197,140,86,156,76,458,18,44,62,520
05/18/2022,ABQ,NM,ASW,CE,Combined TRACON& Tower with Radar,133,53,51,14,251,0,13,162,60,235,133,66,213,74,486,0,32,32,518
05/19/2022,ABQ,NM,ASW,CE,Combined TRACON& Tower with Radar,137,60,47,18,262,0,26,114,49,189,137,86,161,67,451,0,0,0,451
05/20/2022,ABQ,NM,ASW,CE,Combined TRACON& Tower with Radar,128,56,29,5,218,0,16,78,18,112,128,72,107,23,330,0,0,0,330
05/21/2022,ABQ,NM,ASW,CE,Combined TRACON& Tower with Radar,112,49,26,20,207,0,15,76,10,101,112,64,102,30,308,0,0,0,308
05/22/2022,ABQ,NM,ASW,CE,Combined TRACON& Tower with Radar,117,54,37,11,219,0,22,19,5,46,117,76,56,16,265,0,0,0,265
05/23/2022,ABQ,NM,ASW,CE,Combined TRACON& Tower with Radar,119,55,29,4,207,0,10,75,44,129,119,65,104,48,336,45,6,51,387
05/24/2022,ABQ,NM,ASW,CE,Combined TRACON& Tower with Radar,134,53,48,11,246,0,21,86,41,148,134,74,134,52,394,38,4,42,436
05/25/2022,ABQ,NM,ASW,CE,Combined TRACON& Tower with Radar,136,56,61,12,265,0,29,99,37,165,136,85,160,49,430,44,12,56,486
05/26/2022,ABQ,NM,ASW,CE,Combined TRACON& Tower with Radar,140,62,59,4,265,0,11,129,31,171,140,73,188,35,436,44,8,52,488
05/27/2022,ABQ,NM,ASW,CE,Combined TRACON& Tower with Radar,129,58,57,3,247,0,17,119,6,142,129,75,176,9,389,10,0,10,399
05/28/2022,ABQ,NM,ASW,CE,Combined TRACON& Tower with Radar,110,45,28,4,187,0,11,52,1,64,110,56,80,5,251,76,0,76,327
05/29/2022,ABQ,NM,ASW,CE,Combined TRACON& Tower with Radar,125,38,29,2,194,0,14,35,2,51,125,52,64,4,245,22,0,22,267
05/30/2022,ABQ,NM,ASW,CE,Combined TRACON& Tower with Radar,119,50,34,2,205,0,5,45,0,50,119,55,79,2,255,4,0,4,259
05/31/2022,ABQ,NM,ASW,CE,Combined TRACON& Tower with Radar,126,40,28,9,203,0,19,85,35,139,126,59,113,44,342,60,22,82,424
06/01/2022,ABQ,NM,ASW,CE,Combined TRACON& Tower with Radar,127,40,28,26,221,0,20,63,37,120,127,60,91,63,341,20,10,30,371
06/02/2022,ABQ,NM,ASW,CE,Combined TRACON& Tower with Radar,132,51,46,10,239,0,5,90,45,140,132,56,136,55,379,10,24,34,413
06/03/2022,ABQ,NM,ASW,CE,Combined TRACON& Tower with Radar,125,56,29,11,221,0,10,90,44,144,125,66,119,55,365,12,10,22,387
06/04/2022,ABQ,NM,ASW,CE,Combined TRACON& Tower with Radar,106,54,33,8,201,2,15,77,10,104,108,69,110,18,305,16,0,16,321
06/05/2022,ABQ,NM,ASW,CE,Combined TRACON& Tower with Radar,123,47,46,2,218,0,12,56,4,72,123,59,102,6,290,12,0,12,302
06/06/2022,ABQ,NM,ASW,CE,Combined TRACON& Tower with Radar,116,61,35,12,224,0,11,60,39,110,116,72,95,51,334,24,18,42,376
06/07/2022,ABQ,NM,ASW,CE,Combined TRACON& Tower with Radar,128,59,47,8,242,0,23,107,50,180,128,82,154,58,422,92,0,92,514
06/08/2022,ABQ,NM,ASW,CE,Combined TRACON& Tower with Radar,124,61,38,12,235,0,9,82,40,131,124,70,120,52,366,14,12,26,392
06/09/2022,ABQ,NM,ASW,CE,Combined TRACON& Tower with Radar,135,58,36,14,243,0,7,120,49,176,135,65,156,63,419,44,20,64,483
06/10/2022,ABQ,NM,ASW,CE,Combined TRACON& Tower with Radar,124,81,42,18,265,0,23,154,29,206,124,104,196,47,471,128,28,156,627
06/11/2022,ABQ,NM,ASW,CE,Combined TRACON& Tower with Radar,115,47,24,11,197,1,8,74,3,86,116,55,98,14,283,12,0,12,295
06/12/2022,ABQ,NM,ASW,CE,Combined TRACON& Tower with Radar,120,44,34,11,209,0,10,63,6,79,120,54,97,17,288,22,4,26,314
06/13/2022,ABQ,NM,ASW,CE,Combined TRACON& Tower with Radar,120,69,39,8,236,0,9,69,30,108,120,78,108,38,344,56,4,60,404
06/14/2022,ABQ,NM,ASW,CE,Combined TRACON& Tower with Radar,126,62,31,10,229,1,20,102,49,172,127,82,133,59,401,28,54,82,483
06/15/2022,ABQ,NM,ASW,CE,Combined TRACON& Tower with Radar,123,64,30,11,228,0,9,111,48,168,123,73,141,59,396,34,20,54,450
06/16/2022,ABQ,NM,ASW,CE,Combined TRACON& Tower with Radar,129,63,39,12,243,0,10,85,52,147,129,73,124,64,390,68,48,116,506
06/17/2022,ABQ,NM,ASW,CE,Combined TRACON& Tower with Radar,132,63,31,2,228,0,10,68,22,100,132,73,99,24,328,66,20,86,414
06/18/2022,ABQ,NM,ASW,CE,Combined TRACON& Tower with Radar,116,47,34,2,199,0,16,58,1,75,116,63,92,3,274,60,6,66,340
06/19/2022,ABQ,NM,ASW,CE,Combined TRACON& Tower with Radar,117,43,39,2,201,0,11,26,3,40,117,54,65,5,241,46,0,46,287
06/20/2022,ABQ,NM,ASW,CE,Combined TRACON& Tower with Radar,116,59,49,11,235,0,11,57,7,75,116,70,106,18,310,86,4,90,400
06/21/2022,ABQ,NM,ASW,CE,Combined TRACON& Tower with Radar,129,66,32,21,248,0,8,45,33,86,129,74,77,54,334,38,38,76,410
06/22/2022,ABQ,NM,ASW,CE,Combined TRACON& Tower with Radar,124,52,32,9,217,0,0,23,42,65,124,52,55,51,282,6,26,32,314
06/23/2022,ABQ,NM,ASW,CE,Combined TRACON& Tower with Radar,147,64,29,7,247,0,12,65,43,120,147,76,94,50,367,94,26,120,487
06/24/2022,ABQ,NM,ASW,CE,Combined TRACON& Tower with Radar,124,58,45,20,247,0,19,57,48,124,124,77,102,68,371,48,24,72,443
06/25/2022,ABQ,NM,ASW,CE,Combined TRACON& Tower with Radar,119,40,25,3,187,0,7,58,2,67,119,47,83,5,254,80,0,80,334
06/26/2022,ABQ,NM,ASW,CE,Combined TRACON& Tower with Radar,118,33,23,3,177,0,5,9,1,15,118,38,32,4,192,88,0,88,280
06/27/2022,ABQ,NM,ASW,CE,Combined TRACON& Tower with Radar,113,57,40,15,225,0,10,19,41,70,113,67,59,56,295,54,2,56,351
06/28/2022,ABQ,NM,ASW,CE,Combined TRACON& Tower with Radar,126,53,23,8,210,0,16,69,58,143,126,69,92,66,353,59,14,73,426
06/29/2022,ABQ,NM,ASW,CE,Combined TRACON& Tower with Radar,122,55,42,10,229,0,9,92,37,138,122,64,134,47,367,81,10,91,458
06/30/2022,ABQ,NM,ASW,CE,Combined TRACON& Tower with Radar,130,51,35,10,226,0,33,69,38,140,130,84,104,48,366,28,16,44,410
07/01/2022,ABQ,NM,ASW,CE,Combined TRACON& Tower with Radar,120,61,36,3,220,0,17,71,3,91,120,78,107,6,311,94,0,94,405
07/02/2022,ABQ,NM,ASW,CE,Combined TRACON& Tower with Radar,120,49,33,2,204,0,11,48,3,62,120,60,81,5,266,82,0,82,348
07/03/2022,ABQ,NM,ASW,CE,Combined TRACON& Tower with Radar,109,40,9,2,160,0,10,38,0,48,109,50,47,2,208,86,0,86,294
07/04/2022,ABQ,NM,ASW,CE,Combined TRACON& Tower with Radar,108,36,19,0,163,0,26,38,0,64,108,62,57,0,227,46,0,46,273
07/05/2022,ABQ,NM,ASW,CE,Combined TRACON& Tower with Radar,113,51,29,10,203,0,24,64,45,133,113,75,93,55,336,28,12,40,376
07/06/2022,ABQ,NM,ASW,CE,Combined TRACON& Tower with Radar,130,50,31,15,226,0,9,61,56,126,130,59,92,71,352,0,0,0,352
07/07/2022,ABQ,NM,ASW,CE,Combined TRACON& Tower with Radar,140,44,29,19,232,15,6,79,49,149,155,50,108,68,381,42,8,50,431
07/08/2022,ABQ,NM,ASW,CE,Combined TRACON& Tower with Radar,123,51,29,4,207,0,24,44,34,102,123,75,73,38,309,24,38,62,371
07/09/2022,ABQ,NM,ASW,CE,Combined TRACON& Tower with Radar,119,46,19,6,190,0,8,70,8,86,119,54,89,14,276,50,10,60,336
07/10/2022,ABQ,NM,ASW,CE,Combined TRACON& Tower with Radar,131,30,26,2,189,0,11,48,1,60,131,41,74,3,249,32,0,32,281
07/11/2022,ABQ,NM,ASW,CE,Combined TRACON& Tower with Radar,119,49,42,6,216,0,13,55,33,101,119,62,97,39,317,38,8,46,363
07/12/2022,ABQ,NM,ASW,CE,Combined TRACON& Tower with Radar,129,59,36,7,231,0,15,64,19,98,129,74,100,26,329,64,6,70,399
07/13/2022,ABQ,NM,ASW,CE,Combined TRACON& Tower with Radar,128,59,28,15,230,0,8,70,38,116,128,67,98,53,346,0,0,0,346
07/14/2022,ABQ,NM,ASW,CE,Combined TRACON& Tower with Radar,129,60,28,14,231,0,33,72,37,142,129,93,100,51,373,38,89,127,500
07/15/2022,ABQ,NM,ASW,CE,Combined TRACON& Tower with Radar,129,52,29,26,236,0,27,73,15,115,129,79,102,41,351,4,20,24,375
07/16/2022,ABQ,NM,ASW,CE,Combined TRACON& Tower with Radar,118,41,21,11,191,0,19,58,7,84,118,60,79,18,275,38,12,50,325
07/17/2022,ABQ,NM,ASW,CE,Combined TRACON& Tower with Radar,119,37,21,9,186,0,18,51,0,69,119,55,72,9,255,44,12,56,311
07/18/2022,ABQ,NM,ASW,CE,Combined TRACON& Tower with Radar,125,55,25,8,213,0,35,54,50,139,125,90,79,58,352,34,6,40,392
07/19/2022,ABQ,NM,ASW,CE,Combined TRACON& Tower with Radar,129,51,34,17,231,0,24,48,52,124,129,75,82,69,355,26,22,48,403
07/20/2022,ABQ,NM,ASW,CE,Combined TRACON& Tower with Radar,128,54,27,8,217,0,21,44,47,112,128,75,71,55,329,68,44,112,441
07/21/2022,ABQ,NM,ASW,CE,Combined TRACON& Tower with Radar,136,45,38,14,233,0,10,77,53,140,136,55,115,67,373,36,26,62,435
07/22/2022,ABQ,NM,ASW,CE,Combined TRACON& Tower with Radar,131,56,27,5,219,0,15,63,51,129,131,71,90,56,348,52,36,88,436
07/23/2022,ABQ,NM,ASW,CE,Combined TRACON& Tower with Radar,115,44,32,5,196,0,19,47,0,66,115,63,79,5,262,30,0,30,292
07/24/2022,ABQ,NM,ASW,CE,Combined TRACON& Tower with Radar,124,42,35,7,208,0,25,40,3,68,124,67,75,10,276,20,0,20,296
07/25/2022,ABQ,NM,ASW,CE,Combined TRACON& Tower with Radar,120,43,24,6,193,0,26,62,58,146,120,69,86,64,339,116,6,122,461
07/26/2022,ABQ,NM,ASW,CE,Combined TRACON& Tower with Radar,128,63,28,14,233,0,12,65,40,117,128,75,93,54,350,80,14,94,444
07/27/2022,ABQ,NM,ASW,CE,Combined TRACON& Tower with Radar,132,62,29,12,235,0,16,81,45,142,132,78,110,57,377,26,6,32,409
07/28/2022,ABQ,NM,ASW,CE,Combined TRACON& Tower with Radar,144,60,30,5,239,0,4,54,66,124,144,64,84,71,363,98,24,122,485
07/29/2022,ABQ,NM,ASW,CE,Combined TRACON& Tower with Radar,125,71,36,36,268,0,16,58,38,112,125,87,94,74,380,12,42,54,434
07/30/2022,ABQ,NM,ASW,CE,Combined TRACON& Tower with Radar,127,56,24,4,211,0,23,47,0,70,127,79,71,4,281,117,0,117,398
07/31/2022,ABQ,NM,ASW,CE,Combined TRACON& Tower with Radar,115,38,18,9,180,0,5,47,8,60,115,43,65,17,240,0,0,0,240
08/01/2022,ABQ,NM,ASW,CE,Combined TRACON& Tower with Radar,121,64,24,10,219,0,24,44,39,107,121,88,68,49,326,60,6,66,392
08/02/2022,ABQ,NM,ASW,CE,Combined TRACON& Tower with Radar,128,52,27,3,210,0,8,60,60,128,128,60,87,63,338,0,0,0,338
08/03/2022,ABQ,NM,ASW,CE,Combined TRACON& Tower with Radar,131,62,31,5,229,0,16,74,64,154,131,78,105,69,383,38,12,50,433
08/04/2022,ABQ,NM,ASW,CE,Combined TRACON& Tower with Radar,133,58,29,3,223,0,13,67,37,117,133,71,96,40,340,54,22,76,416
08/05/2022,ABQ,NM,ASW,CE,Combined TRACON& Tower with Radar,118,57,29,5,209,0,25,60,22,107,118,82,89,27,316,18,16,34,350
08/06/2022,ABQ,NM,ASW,CE,Combined TRACON& Tower with Radar,114,47,22,6,189,0,18,56,0,74,114,65,78,6,263,48,0,48,311
08/07/2022,ABQ,NM,ASW,CE,Combined TRACON& Tower with Radar,119,39,28,7,193,0,11,37,0,48,119,50,65,7,241,48,0,48,289
08/08/2022,ABQ,NM,ASW,CE,Combined TRACON& Tower with Radar,121,65,30,4,220,0,19,34,33,86,121,84,64,37,306,18,2,20,326
08/09/2022,ABQ,NM,ASW,CE,Combined TRACON& Tower with Radar,122,55,28,16,221,0,13,59,66,138,122,68,87,82,359,18,58,76,435
08/10/2022,ABQ,NM,ASW,CE,Combined TRACON& Tower with Radar,121,55,23,6,205,0,5,60,20,85,121,60,83,26,290,22,2,24,314
08/11/2022,ABQ,NM,ASW,CE,Combined TRACON& Tower with Radar,129,63,27,4,223,0,16,64,56,136,129,79,91,60,359,28,44,72,431
08/12/2022,ABQ,NM,ASW,CE,Combined TRACON& Tower with Radar,131,67,40,13,251,0,17,62,38,117,131,84,102,51,368,60,28,88,456
08/13/2022,ABQ,NM,ASW,CE,Combined TRACON& Tower with Radar,112,54,28,3,197,0,10,53,7,70,112,64,81,10,267,0,0,0,267
08/14/2022,ABQ,NM,ASW,CE,Combined TRACON& Tower with Radar,114,37,12,1,164,0,13,54,0,67,114,50,66,1,231,34,0,34,265
08/15/2022,ABQ,NM,ASW,CE,Combined TRACON& Tower with Radar,122,50,37,21,230,0,12,69,33,114,122,62,106,54,344,78,10,88,432
08/16/2022,ABQ,NM,ASW,CE,Combined TRACON& Tower with Radar,121,57,32,11,221,0,29,65,49,143,121,86,97,60,364,66,20,86,450
08/17/2022,ABQ,NM,ASW,CE,Combined TRACON& Tower with Radar,131,56,51,6,244,0,10,99,50,159,131,66,150,56,403,76,40,116,519
08/18/2022,ABQ,NM,ASW,CE,Combined TRACON& Tower with Radar,131,65,32,17,245,0,7,73,30,110,131,72,105,47,355,46,32,78,433
08/19/2022,ABQ,NM,ASW,CE,Combined TRACON& Tower with Radar,127,69,29,19,244,0,8,65,28,101,127,77,94,47,345,70,32,102,447
08/20/2022,ABQ,NM,ASW,CE,Combined TRACON& Tower with Radar,113,51,23,3,190,0,5,13,0,18,113,56,36,3,208,10,0,10,218
08/21/2022,ABQ,NM,ASW,CE,Combined TRACON& Tower with Radar,123,44,28,4,199,0,9,48,0,57,123,53,76,4,256,98,0,98,354
08/22/2022,ABQ,NM,ASW,CE,Combined TRACON& Tower with Radar,116,54,23,15,208,0,12,63,21,96,116,66,86,36,304,120,24,144,448
08/23/2022,ABQ,NM,ASW,CE,Combined TRACON& Tower with Radar,121,51,29,14,215,0,19,79,56,154,121,70,108,70,369,48,22,70,439
08/24/2022,ABQ,NM,ASW,CE,Combined TRACON& Tower with Radar,127,54,17,6,204,0,16,71,27,114,127,70,88,33,318,66,8,74,392
08/25/2022,ABQ,NM,ASW,CE,Combined TRACON& Tower with Radar,134,65,33,5,237,0,9,94,45,148,134,74,127,50,385,38,6,44,429
08/26/2022,ABQ,NM,ASW,CE,Combined TRACON& Tower with Radar,125,61,32,2,220,0,15,75,17,107,125,76,107,19,327,80,18,98,425
08/27/2022,ABQ,NM,ASW,CE,Combined TRACON& Tower with Radar,115,38,18,2,173,0,16,70,1,87,115,54,88,3,260,56,0,56,316
08/28/2022,ABQ,NM,ASW,CE,Combined TRACON& Tower with Radar,121,47,22,0,190,0,21,48,1,70,121,68,70,1,260,104,0,104,364
08/29/2022,ABQ,NM,ASW,CE,Combined TRACON& Tower with Radar,114,62,22,11,209,0,13,69,37,119,114,75,91,48,328,52,0,52,380
08/30/2022,ABQ,NM,ASW,CE,Combined TRACON& Tower with Radar,123,56,18,5,202,0,21,81,37,139,123,77,99,42,341,66,14,80,421
08/31/2022,ABQ,NM,ASW,CE,Combined TRACON& Tower with Radar,125,58,45,9,237,0,12,60,29,101,125,70,105,38,338,0,0,0,338
09/01/2022,ABQ,NM,ASW,CE,Combined TRACON& Tower with Radar,139,60,26,14,239,0,7,76,41,124,139,67,102,55,363,54,40,94,457
09/02/2022,ABQ,NM,ASW,CE,Combined TRACON& Tower with Radar,125,71,25,6,227,0,39,64,3,106,125,110,89,9,333,32,10,42,375
09/03/2022,ABQ,NM,ASW,CE,Combined TRACON& Tower with Radar,113,36,11,0,160,0,26,30,0,56,113,62,41,0,216,42,0,42,258
09/04/2022,ABQ,NM,ASW,CE,Combined TRACON& Tower with Radar,102,39,14,0,155,0,21,61,2,84,102,60,75,2,239,68,0,68,307
09/05/2022,ABQ,NM,ASW,CE,Combined TRACON& Tower with Radar,114,44,27,2,187,0,18,55,0,73,114,62,82,2,260,86,0,86,346
09/06/2022,ABQ,NM,ASW,CE,Combined TRACON& Tower with Radar,124,47,31,16,218,0,25,85,40,150,124,72,116,56,368,170,40,210,578
09/07/2022,ABQ,NM,ASW,CE,Combined TRACON& Tower with Radar,142,52,25,20,239,0,11,128,52,191,142,63,153,72,430,130,74,204,634
09/08/2022,ABQ,NM,ASW,CE,Combined TRACON& Tower with Radar,144,57,31,15,247,0,14,97,56,167,144,71,128,71,414,98,36,134,548
09/09/2022,ABQ,NM,ASW,CE,Combined TRACON& Tower with Radar,144,63,25,4,236,0,20,74,30,124,144,83,99,34,360,32,14,46,406
09/10/2022,ABQ,NM,ASW,CE,Combined TRACON& Tower with Radar,116,46,23,7,192,0,20,62,17,99,116,66,85,24,291,22,14,36,327
09/11/2022,ABQ,NM,ASW,CE,Combined TRACON& Tower with Radar,134,46,24,2,206,0,29,48,9,86,134,75,72,11,292,38,16,54,346
09/12/2022,ABQ,NM,ASW,CE,Combined TRACON& Tower with Radar,133,57,36,10,236,0,10,67,60,137,133,67,103,70,373,116,26,142,515
09/13/2022,ABQ,NM,ASW,CE,Combined TRACON& Tower with Radar,138,51,28,15,232,0,19,56,49,124,138,70,84,64,356,70,34,104,460
09/14/2022,ABQ,NM,ASW,CE,Combined TRACON& Tower with Radar,136,63,34,7,240,0,12,71,59,142,136,75,105,66,382,52,24,76,458
09/15/2022,ABQ,NM,ASW,CE,Combined TRACON& Tower with Radar,146,71,39,7,263,0,14,112,51,177,146,85,151,58,440,74,20,94,534
09/16/2022,ABQ,NM,ASW,CE,Combined TRACON& Tower with Radar,135,58,35,4,232,0,9,106,39,154,135,67,141,43,386,24,30,54,440
09/17/2022,ABQ,NM,ASW,CE,Combined TRACON& Tower with Radar,117,39,19,3,178,0,10,70,6,86,117,49,89,9,264,130,0,130,394
09/18/2022,ABQ,NM,ASW,CE,Combined TRACON& Tower with Radar,128,54,35,0,217,0,23,54,3,80,128,77,89,3,297,92,0,92,389
09/19/2022,ABQ,NM,ASW,CE,Combined TRACON& Tower with Radar,127,46,43,1,217,0,14,72,35,121,127,60,115,36,338,50,0,50,388
09/20/2022,ABQ,NM,ASW,CE,Combined TRACON& Tower with Radar,133,49,29,9,220,0,29,77,46,152,133,78,106,55,372,78,46,124,496
09/21/2022,ABQ,NM,ASW,CE,Combined TRACON& Tower with Radar,142,57,44,3,246,0,22,70,56,148,142,79,114,59,394,92,48,140,534
09/22/2022,ABQ,NM,ASW,CE,Combined TRACON& Tower with Radar,147,55,43,12,257,0,10,65,31,106,147,65,108,43,363,50,8,58,421
09/23/2022,ABQ,NM,ASW,CE,Combined TRACON& Tower with Radar,144,64,53,15,276,0,16,67,12,95,144,80,120,27,371,60,0,60,431
09/24/2022,ABQ,NM,ASW,CE,Combined TRACON& Tower with Radar,121,38,40,0,199,0,41,85,5,131,121,79,125,5,330,120,0,120,450
09/25/2022,ABQ,NM,ASW,CE,Combined TRACON& Tower with Radar,133,35,38,4,210,0,26,41,3,70,133,61,79,7,280,16,0,16,296
09/26/2022,ABQ,NM,ASW,CE,Combined TRACON& Tower with Radar,126,40,26,5,197,0,10,91,50,151,126,50,117,55,348,46,14,60,408
09/27/2022,ABQ,NM,ASW,CE,Combined TRACON& Tower with Radar,139,54,35,14,242,0,20,96,49,165,139,74,131,63,407,66,20,86,493
09/28/2022,ABQ,NM,ASW,CE,Combined TRACON& Tower with Radar,144,62,31,5,242,0,13,84,63,160,144,75,115,68,402,76,34,110,512
09/29/2022,ABQ,NM,ASW,CE,Combined TRACON& Tower with Radar,155,63,36,4,258,0,4,85,24,113,155,67,121,28,371,98,50,148,519
09/30/2022,ABQ,NM,ASW,CE,Combined TRACON& Tower with Radar,151,74,46,9,280,0,30,102,11,143,151,104,148,20,423,68,16,84,507
10/01/2022,ABQ,NM,ASW,CE,Combined TRACON& Tower with Radar,132,48,27,0,207,0,39,70,3,112,132,87,97,3,319,66,0,66,385
10/02/2022,ABQ,NM,ASW,CE,Combined TRACON& Tower with Radar,137,39,38,2,216,0,26,50,4,80,137,65,88,6,296,22,0,22,318
10/03/2022,ABQ,NM,ASW,CE,Combined TRACON& Tower with Radar,135,69,25,7,236,0,12,62,31,105,135,81,87,38,341,80,7,87,428
10/04/2022,ABQ,NM,ASW,CE,Combined TRACON& Tower with Radar,147,64,53,12,276,0,7,46,44,97,147,71,99,56,373,54,6,60,433
10/05/2022,ABQ,NM,ASW,CE,Combined TRACON& Tower with Radar,143,59,35,23,260,0,8,12,20,40,143,67,47,43,300,0,29,29,329
10/06/2022,ABQ,NM,ASW,CE,Combined TRACON& Tower with Radar,155,59,60,5,279,0,4,30,36,70,155,63,90,41,349,28,16,44,393
10/07/2022,ABQ,NM,ASW,CE,Combined TRACON& Tower with Radar,151,60,49,6,266,0,8,72,38,118,151,68,121,44,384,172,48,220,604
10/08/2022,ABQ,NM,ASW,CE,Combined TRACON& Tower with Radar,142,41,29,2,214,0,16,17,8,41,142,57,46,10,255,60,0,60,315
10/09/2022,ABQ,NM,ASW,CE,Combined TRACON& Tower with Radar,147,39,39,1,226,0,20,39,1,60,147,59,78,2,286,88,0,88,374
10/10/2022,ABQ,NM,ASW,CE,Combined TRACON& Tower with Radar,141,48,42,2,233,0,17,66,0,83,141,65,108,2,316,96,0,96,412
10/11/2022,ABQ,NM,ASW,CE,Combined TRACON& Tower with Radar,146,45,37,8,236,0,25,103,56,184,146,70,140,64,420,50,48,98,518
10/12/2022,ABQ,NM,ASW,CE,Combined TRACON& Tower with Radar,147,74,36,11,268,0,19,94,59,172,147,93,130,70,440,46,34,80,520
10/13/2022,ABQ,NM,ASW,CE,Combined TRACON& Tower with Radar,144,45,43,23,255,0,14,83,49,146,144,59,126,72,401,134,42,176,577
10/14/2022,ABQ,NM,ASW,CE,Combined TRACON& Tower with Radar,141,63,29,11,244,0,30,97,38,165,141,93,126,49,409,110,58,168,577
10/15/2022,ABQ,NM,ASW,CE,Combined TRACON& Tower with Radar,151,38,22,23,234,0,22,64,12,98,151,60,86,35,332,30,16,46,378
10/16/2022,ABQ,NM,ASW,CE,Combined TRACON& Tower with Radar,134,43,27,1,205,0,0,3,1,4,134,43,30,2,209,0,0,0,209
10/17/2022,ABQ,NM,ASW,CE,Combined TRACON& Tower with Radar,137,58,37,4,236,0,9,21,47,77,137,67,58,51,313,24,44,68,381
10/18/2022,ABQ,NM,ASW,CE,Combined TRACON& Tower with Radar,142,66,42,6,256,0,11,86,51,148,142,77,128,57,404,54,42,96,500
10/19/2022,ABQ,NM,ASW,CE,Combined TRACON& Tower with Radar,149,50,22,3,224,0,18,85,54,157,149,68,107,57,381,82,58,140,521
10/20/2022,ABQ,NM,ASW,CE,Combined TRACON& Tower with Radar,150,60,37,11,258,0,12,127,53,192,150,72,164,64,450,86,22,108,558
10/21/2022,ABQ,NM,ASW,CE,Combined TRACON& Tower with Radar,142,50,34,1,227,0,11,80,22,113,142,61,114,23,340,54,24,78,418
10/22/2022,ABQ,NM,ASW,CE,Combined TRACON& Tower with Radar,125,39,25,6,195,0,15,46,1,62,125,54,71,7,257,38,0,38,295
10/23/2022,ABQ,NM,ASW,CE,Combined TRACON& Tower with Radar,137,45,22,6,210,0,8,8,1,17,137,53,30,7,227,2,0,2,229
10/24/2022,ABQ,NM,ASW,CE,Combined TRACON& Tower with Radar,128,57,27,10,222,0,22,26,31,79,128,79,53,41,301,26,4,30,331
10/25/2022,ABQ,NM,ASW,CE,Combined TRACON& Tower with Radar,135,56,29,10,230,0,19,68,52,139,135,75,97,62,369,22,56,78,447
10/26/2022,ABQ,NM,ASW,CE,Combined TRACON& Tower with Radar,148,56,24,8,236,0,18,66,51,135,148,74,90,59,371,32,36,68,439
10/27/2022,ABQ,NM,ASW,CE,Combined TRACON& Tower with Radar,146,58,21,9,234,0,18,48,32,98,146,76,69,41,332,26,20,46,378
10/28/2022,ABQ,NM,ASW,CE,Combined TRACON& Tower with Radar,137,65,34,12,248,12,13,84,42,151,149,78,118,54,399,116,38,154,553
10/29/2022,ABQ,NM,ASW,CE,Combined TRACON& Tower with Radar,114,43,31,5,193,0,15,78,0,93,114,58,109,5,286,62,0,62,348
10/30/2022,ABQ,NM,ASW,CE,Combined TRACON& Tower with Radar,131,40,26,3,200,0,30,59,0,89,131,70,85,3,289,42,0,42,331
10/31/2022,ABQ,NM,ASW,CE,Combined TRACON& Tower with Radar,115,57,28,2,202,0,39,59,10,108,115,96,87,12,310,80,0,80,390
11/01/2022,ABQ,NM,ASW,CE,Combined TRACON& Tower with Radar,142,61,42,7,252,0,22,107,60,189,142,83,149,67,441,52,28,80,521
11/02/2022,ABQ,NM,ASW,CE,Combined TRACON& Tower with Radar,137,56,25,8,226,0,22,71,66,159,137,78,96,74,385,50,38,88,473
11/03/2022,ABQ,NM,ASW,CE,Combined TRACON& Tower with Radar,136,58,22,8,224,0,11,31,22,64,136,69,53,30,288,24,10,34,322
11/04/2022,ABQ,NM,ASW,CE,Combined TRACON& Tower with Radar,129,64,28,9,230,0,18,41,40,99,129,82,69,49,329,20,0,20,349
11/05/2022,ABQ,NM,ASW,CE,Combined TRACON& Tower with Radar,121,38,32,10,201,0,30,68,19,117,121,68,100,29,318,56,6,62,380
11/06/2022,ABQ,NM,ASW,CE,Combined TRACON& Tower with Radar,125,37,25,1,188,0,18,64,3,85,125,55,89,4,273,42,0,42,315
11/07/2022,ABQ,NM,ASW,CE,Combined TRACON& Tower with Radar,117,57,32,13,219,0,24,86,42,152,117,81,118,55,371,110,38,148,519
11/08/2022,ABQ,NM,ASW,CE,Combined TRACON& Tower with Radar,134,54,47,8,243,0,27,88,50,165,134,81,135,58,408,42,74,116,524
11/09/2022,ABQ,NM,ASW,CE,Combined TRACON& Tower with Radar,132,54,38,9,233,0,9,51,42,102,132,63,89,51,335,10,14,24,359
11/10/2022,ABQ,NM,ASW,CE,Combined TRACON& Tower with Radar,138,39,45,13,235,0,12,90,65,167,138,51,135,78,402,82,46,128,530
11/11/2022,ABQ,NM,ASW,CE,Combined TRACON& Tower with Radar,131,60,31,3,225,0,33,97,1,131,131,93,128,4,356,56,0,56,412
11/12/2022,ABQ,NM,ASW,CE,Combined TRACON& Tower with Radar,111,37,29,0,177,0,26,77,1,104,111,63,106,1,281,140,0,140,421
11/13/2022,ABQ,NM,ASW,CE,Combined TRACON& Tower with Radar,124,40,39,4,207,0,29,57,3,89,124,69,96,7,296,68,0,68,364
11/14/2022,ABQ,NM,ASW,CE,Combined TRACON& Tower with Radar,127,57,41,8,233,0,13,61,45,119,127,70,102,53,352,120,46,166,518
11/15/2022,ABQ,NM,ASW,CE,Combined TRACON& Tower with Radar,131,47,29,27,234,0,10,85,55,150,131,57,114,82,384,116,28,144,528
11/16/2022,ABQ,NM,ASW,CE,Combined TRACON& Tower with Radar,138,66,40,8,252,0,13,88,64,165,138,79,128,72,417,56,36,92,509
11/17/2022,ABQ,NM,ASW,CE,Combined TRACON& Tower with Radar,135,57,32,14,238,0,11,118,39,168,135,68,150,53,406,150,52,202,608
11/18/2022,ABQ,NM,ASW,CE,Combined TRACON& Tower with Radar,130,62,36,28,256,0,13,57,31,101,130,75,93,59,357,38,28,66,423
11/19/2022,ABQ,NM,ASW,CE,Combined TRACON& Tower with Radar,121,46,23,6,196,0,27,86,6,119,121,73,109,12,315,78,8,86,401
11/20/2022,ABQ,NM,ASW,CE,Combined TRACON& Tower with Radar,127,29,30,2,188,0,22,57,3,82,127,51,87,5,270,70,0,70,340
11/21/2022,ABQ,NM,ASW,CE,Combined TRACON& Tower with Radar,132,46,33,4,215,0,14,66,50,130,132,60,99,54,345,76,20,96,441
11/22/2022,ABQ,NM,ASW,CE,Combined TRACON& Tower with Radar,141,51,24,15,231,0,18,107,39,164,141,69,131,54,395,72,14,86,481
11/23/2022,ABQ,NM,ASW,CE,Combined TRACON& Tower with Radar,143,50,27,0,220,0,22,81,6,109,143,72,108,6,329,44,0,44,373
11/24/2022,ABQ,NM,ASW,CE,Combined TRACON& Tower with Radar,89,34,7,0,130,0,5,5,0,10,89,39,12,0,140,0,0,0,140
11/25/2022,ABQ,NM,ASW,CE,Combined TRACON& Tower with Radar,119,57,9,0,185,0,11,55,0,66,119,68,64,0,251,24,0,24,275
11/26/2022,ABQ,NM,ASW,CE,Combined TRACON& Tower with Radar,123,55,17,0,195,0,17,38,1,56,123,72,55,1,251,64,0,64,315
11/27/2022,ABQ,NM,ASW,CE,Combined TRACON& Tower with Radar,134,39,27,0,200,0,12,31,0,43,134,51,58,0,243,26,0,26,269
11/28/2022,ABQ,NM,ASW,CE,Combined TRACON& Tower with Radar,130,52,43,1,226,0,23,55,14,92,130,75,98,15,318,74,0,74,392
11/29/2022,ABQ,NM,ASW,CE,Combined TRACON& Tower with Radar,135,60,23,7,225,0,17,36,55,108,135,77,59,62,333,0,72,72,405
11/30/2022,ABQ,NM,ASW,CE,Combined TRACON& Tower with Radar,134,54,53,5,246,0,16,94,64,174,134,70,147,69,420,82,40,122,542
12/01/2022,ABQ,NM,ASW,CE,Combined TRACON& Tower with Radar,134,49,46,11,240,0,7,90,47,144,134,56,136,58,384,74,18,92,476
12/02/2022,ABQ,NM,ASW,CE,Combined TRACON& Tower with Radar,134,65,18,13,230,0,25,46,30,101,134,90,64,43,331,80,18,98,429
12/03/2022,ABQ,NM,ASW,CE,Combined TRACON& Tower with Radar,114,53,42,2,211,0,8,63,7,78,114,61,105,9,289,74,0,74,363
12/04/2022,ABQ,NM,ASW,CE,Combined TRACON& Tower with Radar,138,37,45,1,221,0,0,0,0,0,138,37,45,1,221,30,0,30,251
12/05/2022,ABQ,NM,ASW,CE,Combined TRACON& Tower with Radar,130,43,33,6,212,0,8,43,47,98,130,51,76,53,310,0,0,0,310
12/06/2022,ABQ,NM,ASW,CE,Combined TRACON& Tower with Radar,138,62,39,6,245,0,13,78,52,143,138,75,117,58,388,64,10,74,462
12/07/2022,ABQ,NM,ASW,CE,Combined TRACON& Tower with Radar,139,47,32,9,227,0,19,72,26,117,139,66,104,35,344,80,34,114,458
12/08/2022,ABQ,NM,ASW,CE,Combined TRACON& Tower with Radar,141,56,49,7,253,0,16,95,36,147,141,72,144,43,400,66,4,70,470
12/09/2022,ABQ,NM,ASW,CE,Combined TRACON& Tower with Radar,132,58,71,8,269,0,31,80,26,137,132,89,151,34,406,56,14,70,476
12/10/2022,ABQ,NM,ASW,CE,Combined TRACON& Tower with Radar,113,42,37,2,194,0,14,81,4,99,113,56,118,6,293,70,0,70,363
12/11/2022,ABQ,NM,ASW,CE,Combined TRACON& Tower with Radar,126,43,30,3,202,0,9,57,2,68,126,52,87,5,270,36,0,36,306
12/12/2022,ABQ,NM,ASW,CE,Combined TRACON& Tower with Radar,129,46,29,8,212,0,7,21,37,65,129,53,50,45,277,6,24,30,307
12/13/2022,ABQ,NM,ASW,CE,Combined TRACON& Tower with Radar,139,53,26,19,237,0,15,41,54,110,139,68,67,73,347,36,29,65,412
12/14/2022,ABQ,NM,ASW,CE,Combined TRACON& Tower with Radar,145,59,18,12,234,0,22,65,46,133,145,81,83,58,367,34,30,64,431
12/15/2022,ABQ,NM,ASW,CE,Combined TRACON& Tower with Radar,137,72,25,16,250,0,13,73,50,136,137,85,98,66,386,30,28,58,444
12/16/2022,ABQ,NM,ASW,CE,Combined TRACON& Tower with Radar,135,75,46,7,263,0,19,61,26,106,135,94,107,33,369,26,12,38,407
12/17/2022,ABQ,NM,ASW,CE,Combined TRACON& Tower with Radar,127,42,42,3,214,0,9,70,0,79,127,51,112,3,293,66,0,66,359
12/18/2022,ABQ,NM,ASW,CE,Combined TRACON& Tower with Radar,122,41,31,12,206,0,18,47,0,65,122,59,78,12,271,36,0,36,307
12/19/2022,ABQ,NM,ASW,CE,Combined TRACON& Tower with Radar,130,36,26,8,200,0,9,53,51,113,130,45,79,59,313,4,24,28,341
12/20/2022,ABQ,NM,ASW,CE,Combined TRACON& Tower with Radar,131,54,38,24,247,3,19,71,65,158,134,73,109,89,405,44,60,104,509
12/21/2022,ABQ,NM,ASW,CE,Combined TRACON& Tower with Radar,131,53,23,12,219,0,22,75,54,151,131,75,98,66,370,46,18,64,434
12/22/2022,ABQ,NM,ASW,CE,Combined TRACON& Tower with Radar,126,58,25,7,216,0,12,57,34,103,126,70,82,41,319,50,40,90,409
12/23/2022,ABQ,NM,ASW,CE,Combined TRACON& Tower with Radar,115,40,36,1,192,0,17,54,0,71,115,57,90,1,263,32,0,32,295
12/24/2022,ABQ,NM,ASW,CE,Combined TRACON& Tower with Radar,75,33,19,0,127,0,20,35,1,56,75,53,54,1,183,40,0,40,223
12/25/2022,ABQ,NM,ASW,CE,Combined TRACON& Tower with Radar,73,26,6,0,105,0,13,4,0,17,73,39,10,0,122,0,0,0,122
12/26/2022,ABQ,NM,ASW,CE,Combined TRACON& Tower with Radar,76,42,46,1,165,0,16,56,0,72,76,58,102,1,237,10,0,10,247
12/27/2022,ABQ,NM,ASW,CE,Combined TRACON& Tower with Radar,86,58,52,4,200,0,9,80,23,112,86,67,132,27,312,52,0,52,364
12/28/2022,ABQ,NM,ASW,CE,Combined TRACON& Tower with Radar,101,61,31,5,198,0,0,17,9,26,101,61,48,14,224,0,2,2,226
12/29/2022,ABQ,NM,ASW,CE,Combined TRACON& Tower with Radar,102,55,44,3,204,0,8,56,27,91,102,63,100,30,295,18,12,30,325
12/30/2022,ABQ,NM,ASW,CE,Combined TRACON& Tower with Radar,134,59,44,0,237,0,6,42,0,48,134,65,86,0,285,52,0,52,337
12/31/2022,ABQ,NM,ASW,CE,Combined TRACON& Tower with Radar,100,41,30,0,171,0,13,37,2,52,100,54,67,2,223,68,0,68,291
01/01/2023,ABQ,NM,ASW,CE,Combined TRACON& Tower with Radar,112,29,28,0,169,0,7,22,0,29,112,36,50,0,198,34,0,34,232
01/02/2023,ABQ,NM,ASW,CE,Combined TRACON& Tower with Radar,134,37,13,3,187,0,4,2,0,6,134,41,15,3,193,28,0,28,221
01/03/2023,ABQ,NM,ASW,CE,Combined TRACON& Tower with Radar,128,47,22,5,202,0,0,43,4,47,128,47,65,9,249,8,0,8,257
01/04/2023,ABQ,NM,ASW,CE,Combined TRACON& Tower with Radar,129,81,31,10,251,0,10,86,42,138,129,91,117,52,389,0,18,18,407
01/05/2023,ABQ,NM,ASW,CE,Combined TRACON& Tower with Radar,132,40,37,9,218,0,15,85,74,174,132,55,122,83,392,58,54,112,504
01/06/2023,ABQ,NM,ASW,CE,Combined TRACON& Tower with Radar,120,46,40,19,225,0,9,65,35,109,120,55,105,54,334,34,26,60,394
01/07/2023,ABQ,NM,ASW,CE,Combined TRACON& Tower with Radar,99,35,34,2,170,0,11,66,6,83,99,46,100,8,253,52,2,54,307
01/08/2023,ABQ,NM,ASW,CE,Combined TRACON& Tower with Radar,112,30,27,2,171,0,6,43,8,57,112,36,70,10,228,64,0,64,292
01/09/2023,ABQ,NM,ASW,CE,Combined TRACON& Tower with Radar,120,45,41,12,218,0,9,70,45,124,120,54,111,57,342,70,36,106,448
01/10/2023,ABQ,NM,ASW,CE,Combined TRACON& Tower with Radar,130,44,37,10,221,0,9,85,57,151,130,53,122,67,372,94,14,108,480
01/11/2023,ABQ,NM,ASW,CE,Combined TRACON& Tower with Radar,119,59,27,1,206,0,6,28,44,78,119,65,55,45,284,18,14,32,316
01/12/2023,ABQ,NM,ASW,CE,Combined TRACON& Tower with Radar,134,55,45,20,254,0,28,75,60,163,134,83,120,80,417,68,14,82,499
01/13/2023,ABQ,NM,ASW,CE,Combined TRACON& Tower with Radar,125,58,39,5,227,0,24,73,28,125,125,82,112,33,352,108,20,128,480
01/14/2023,ABQ,NM,ASW,CE,Combined TRACON& Tower with Radar,94,38,21,0,153,0,26,64,2,92,94,64,85,2,245,72,0,72,317
01/15/2023,ABQ,NM,ASW,CE,Combined TRACON& Tower with Radar,110,34,25,0,169,0,0,4,0,4,110,34,29,0,173,0,0,0,173
01/16/2023,ABQ,NM,ASW,CE,Combined TRACON& Tower with Radar,127,47,43,0,217,0,9,21,3,33,127,56,64,3,250,4,0,4,254
01/17/2023,ABQ,NM,ASW,CE,Combined TRACON& Tower with Radar,133,51,40,10,234,0,1,25,61,87,133,52,65,71,321,0,20,20,341
01/18/2023,ABQ,NM,ASW,CE,Combined TRACON& Tower with Radar,128,49,39,9,225,0,14,54,67,135,128,63,93,76,360,14,40,54,414
01/19/2023,ABQ,NM,ASW,CE,Combined TRACON& Tower with Radar,130,54,51,7,242,0,22,100,52,174,130,76,151,59,416,48,0,48,464
01/20/2023,ABQ,NM,ASW,CE,Combined TRACON& Tower with Radar,127,67,28,13,235,0,4,43,22,69,127,71,71,35,304,22,6,28,332
01/21/2023,ABQ,NM,ASW,CE,Combined TRACON& Tower with Radar,103,37,34,0,174,0,6,68,2,76,103,43,102,2,250,72,0,72,322
01/22/2023,ABQ,NM,ASW,CE,Combined TRACON& Tower with Radar,118,46,30,5,199,0,22,66,1,89,118,68,96,6,288,164,0,164,452
01/23/2023,ABQ,NM,ASW,CE,Combined TRACON& Tower with Radar,121,52,31,0,204,0,1,12,0,13,121,53,43,0,217,0,0,0,217
01/24/2023,ABQ,NM,ASW,CE,Combined TRACON& Tower with Radar,130,49,26,5,210,0,14,45,67,126,130,63,71,72,336,6,54,60,396
01/25/2023,ABQ,NM,ASW,CE,Combined TRACON& Tower with Radar,126,58,33,13,230,0,29,70,53,152,126,87,103,66,382,30,86,116,498
01/26/2023,ABQ,NM,ASW,CE,Combined TRACON& Tower with Radar,132,57,51,4,244,0,22,94,60,176,132,79,145,64,420,60,30,90,510
01/27/2023,ABQ,NM,ASW,CE,Combined TRACON& Tower with Radar,126,64,33,23,246,0,28,76,27,131,126,92,109,50,377,82,28,110,487
01/28/2023,ABQ,NM,ASW,CE,Combined TRACON& Tower with Radar,105,37,36,4,182,0,20,61,5,86,105,57,97,9,268,88,0,88,356
01/29/2023,ABQ,NM,ASW,CE,Combined TRACON& Tower with Radar,113,51,32,1,197,0,20,50,11,81,113,71,82,12,278,46,4,50,328
01/30/2023,ABQ,NM,ASW,CE,Combined TRACON& Tower with Radar,112,62,65,15,254,0,13,73,47,133,112,75,138,62,387,40,42,82,469
01/31/2023,ABQ,NM,ASW,CE,Combined TRACON& Tower with Radar,104,46,31,10,191,0,20,69,37,126,104,66,100,47,317,98,12,110,427
02/01/2023,ABQ,NM,ASW,CE,Combined TRACON& Tower with Radar,102,54,33,4,193,0,7,83,60,150,102,61,116,64,343,58,8,66,409
02/02/2023,ABQ,NM,ASW,CE,Combined TRACON& Tower with Radar,129,63,51,12,255,0,11,79,59,149,129,74,130,71,404,0,0,0,404
02/03/2023,ABQ,NM,ASW,CE,Combined TRACON& Tower with Radar,127,65,52,15,259,0,13,99,16,128,127,78,151,31,387,76,4,80,467
02/04/2023,ABQ,NM,ASW,CE,Combined TRACON& Tower with Radar,104,39,29,9,181,0,21,59,4,84,104,60,88,13,265,88,2,90,355
02/05/2023,ABQ,NM,ASW,CE,Combined TRACON& Tower with Radar,122,42,33,3,200,0,13,51,3,67,122,55,84,6,267,0,0,0,267
02/06/2023,ABQ,NM,ASW,CE,Combined TRACON& Tower with Radar,127,61,29,1,218,0,7,30,16,53,127,68,59,17,271,0,0,0,271
02/07/2023,ABQ,NM,ASW,CE,Combined TRACON& Tower with Radar,134,56,34,5,229,0,1,10,13,24,134,57,44,18,253,0,4,4,257
02/08/2023,ABQ,NM,ASW,CE,Combined TRACON& Tower with Radar,133,44,31,9,217,0,6,65,37,108,133,50,96,46,325,40,28,68,393
02/09/2023,ABQ,NM,ASW,CE,Combined TRACON& Tower with Radar,140,57,41,12,250,0,16,27,48,91,140,73,68,60,341,6,42,48,389
02/10/2023,ABQ,NM,ASW,CE,Combined TRACON& Tower with Radar,139,43,38,30,250,0,16,91,24,131,139,59,129,54,381,76,28,104,485
02/11/2023,ABQ,NM,ASW,CE,Combined TRACON& Tower with Radar,103,24,39,13,179,0,14,69,3,86,103,38,108,16,265,100,14,114,379
02/12/2023,ABQ,NM,ASW,CE,Combined TRACON& Tower with Radar,122,29,21,0,172,0,18,53,2,73,122,47,74,2,245,98,0,98,343
02/13/2023,ABQ,NM,ASW,CE,Combined TRACON& Tower with Radar,138,53,39,2,232,0,14,31,18,63,138,67,70,20,295,18,30,48,343
02/14/2023,ABQ,NM,ASW,CE,Combined TRACON& Tower with Radar,145,51,15,2,213,0,4,18,21,43,145,55,33,23,256,0,18,18,274
02/15/2023,ABQ,NM,ASW,CE,Combined TRACON& Tower with Radar,133,48,28,2,211,0,2,26,40,68,133,50,54,42,279,4,24,28,307
02/16/2023,ABQ,NM,ASW,CE,Combined TRACON& Tower with Radar,149,59,47,3,258,0,19,84,41,144,149,78,131,44,402,26,12,38,440
02/17/2023,ABQ,NM,ASW,CE,Combined TRACON& Tower with Radar,136,61,37,8,242,0,24,65,18,107,136,85,102,26,349,30,6,36,385
02/18/2023,ABQ,NM,ASW,CE,Combined TRACON& Tower with Radar,106,39,18,0,163,0,19,61,0,80,106,58,79,0,243,95,7,102,345
02/19/2023,ABQ,NM,ASW,CE,Combined TRACON& Tower with Radar,117,30,21,3,171,0,6,48,2,56,117,36,69,5,227,18,0,18,245
02/20/2023,ABQ,NM,ASW,CE,Combined TRACON& Tower with Radar,134,55,44,6,239,0,4,61,2,67,134,59,105,8,306,88,10,98,404
02/21/2023,ABQ,NM,ASW,CE,Combined TRACON& Tower with Radar,141,48,60,11,260,0,14,68,38,120,141,62,128,49,380,64,30,94,474
02/22/2023,ABQ,NM,ASW,CE,Combined TRACON& Tower with Radar,123,37,15,0,175,0,1,20,0,21,123,38,35,0,196,0,2,2,198
02/23/2023,ABQ,NM,ASW,CE,Combined TRACON& Tower with Radar,147,62,44,11,264,0,7,54,37,98,147,69,98,48,362,40,16,56,418
02/24/2023,ABQ,NM,ASW,CE,Combined TRACON& Tower with Radar,144,72,34,34,284,0,13,102,31,146,144,85,136,65,430,60,18,78,508
02/25/2023,ABQ,NM,ASW,CE,Combined TRACON& Tower with Radar,107,48,30,14,199,0,18,78,1,97,107,66,108,15,296,114,4,118,414
02/26/2023,ABQ,NM,ASW,CE,Combined TRACON& Tower with Radar,120,30,11,3,164,0,8,4,1,13,120,38,15,4,177,0,0,0,177
02/27/2023,ABQ,NM,ASW,CE,Combined TRACON& Tower with Radar,134,53,35,5,227,0,28,66,6,100,134,81,101,11,327,32,0,32,359
02/28/2023,ABQ,NM,ASW,CE,Combined TRACON& Tower with Radar,137,58,37,5,237,0,21,54,44,119,137,79,91,49,356,40,0,40,396
03/01/2023,ABQ,NM,ASW,CE,Combined TRACON& Tower with Radar,149,44,39,9,241,0,9,64,56,129,149,53,103,65,370,0,46,46,416
03/02/2023,ABQ,NM,ASW,CE,Combined TRACON& Tower with Radar,128,47,30,6,211,0,9,23,34,66,128,56,53,40,277,0,0,0,277
03/03/2023,ABQ,NM,ASW,CE,Combined TRACON& Tower with Radar,133,59,42,13,247,0,12,62,42,116,133,71,104,55,363,0,0,0,363
03/04/2023,ABQ,NM,ASW,CE,Combined TRACON& Tower with Radar,103,31,30,3,167,0,14,87,14,115,103,45,117,17,282,72,14,86,368
03/05/2023,ABQ,NM,ASW,CE,Combined TRACON& Tower with Radar,118,36,24,0,178,0,17,34,1,52,118,53,58,1,230,114,0,114,344
03/06/2023,ABQ,NM,ASW,CE,Combined TRACON& Tower with Radar,127,36,34,7,204,0,6,76,43,125,127,42,110,50,329,34,42,76,405
03/07/2023,ABQ,NM,ASW,CE,Combined TRACON& Tower with Radar,130,51,38,7,226,0,33,61,49,143,130,84,99,56,369,60,12,72,441
03/08/2023,ABQ,NM,ASW,CE,Combined TRACON& Tower with Radar,142,50,37,12,241,0,12,81,35,128,142,62,118,47,369,44,40,84,453
03/09/2023,ABQ,NM,ASW,CE,Combined TRACON& Tower with Radar,131,56,30,21,238,0,13,81,75,169,131,69,111,96,407,0,0,0,407
03/10/2023,ABQ,NM,ASW,CE,Combined TRACON& Tower with Radar,135,46,29,9,219,0,3,61,19,83,135,49,90,28,302,68,0,68,370
03/11/2023,ABQ,NM,ASW,CE,Combined TRACON& Tower with Radar,114,40,45,2,201,0,15,17,0,32,114,55,62,2,233,28,0,28,261
03/12/2023,ABQ,NM,ASW,CE,Combined TRACON& Tower with Radar,123,33,46,12,214,0,22,42,5,69,123,55,88,17,283,76,0,76,359
03/13/2023,ABQ,NM,ASW,CE,Combined TRACON& Tower with Radar,128,50,31,8,217,0,8,64,31,103,128,58,95,39,320,0,0,0,320
03/14/2023,ABQ,NM,ASW,CE,Combined TRACON& Tower with Radar,126,55,65,17,263,0,33,103,54,190,126,88,168,71,453,48,28,76,529
03/15/2023,ABQ,NM,ASW,CE,Combined TRACON& Tower with Radar,127,53,43,6,229,0,7,56,45,108,127,60,99,51,337,40,18,58,395
03/16/2023,ABQ,NM,ASW,CE,Combined TRACON& Tower with Radar,137,56,46,19,258,0,4,28,38,70,137,60,74,57,328,12,18,30,358
03/17/2023,ABQ,NM,ASW,CE,Combined TRACON& Tower with Radar,128,58,26,8,220,0,2,20,14,36,128,60,46,22,256,0,0,0,256
03/18/2023,ABQ,NM,ASW,CE,Combined TRACON& Tower with Radar,106,32,31,3,172,0,21,41,12,74,106,53,72,15,246,28,0,28,274
03/19/2023,ABQ,NM,ASW,CE,Combined TRACON& Tower with Radar,122,52,20,1,195,0,8,34,5,47,122,60,54,6,242,0,0,0,242
03/20/2023,ABQ,NM,ASW,CE,Combined TRACON& Tower with Radar,127,47,44,4,222,0,3,23,53,79,127,50,67,57,301,0,0,0,301
03/21/2023,ABQ,NM,ASW,CE,Combined TRACON& Tower with Radar,132,59,26,12,229,0,3,26,43,72,132,62,52,55,301,0,0,0,301
03/22/2023,ABQ,NM,ASW,CE,Combined TRACON& Tower with Radar,130,58,30,5,223,0,9,36,27,72,130,67,66,32,295,0,0,0,295
03/23/2023,ABQ,NM,ASW,CE,Combined TRACON& Tower with Radar,138,60,49,12,259,0,20,48,51,119,138,80,97,63,378,12,44,56,434
03/24/2023,ABQ,NM,ASW,CE,Combined TRACON& Tower with Radar,132,56,32,2,222,0,3,42,19,64,132,59,74,21,286,0,0,0,286
03/25/2023,ABQ,NM,ASW,CE,Combined TRACON& Tower with Radar,107,42,25,2,176,0,19,43,3,65,107,61,68,5,241,0,0,0,241
03/26/2023,ABQ,NM,ASW,CE,Combined TRACON& Tower with Radar,120,42,27,1,190,0,12,13,0,25,120,54,40,1,215,8,0,8,223
03/27/2023,ABQ,NM,ASW,CE,Combined TRACON& Tower with Radar,127,46,37,12,222,0,16,61,43,120,127,62,98,55,342,0,0,0,342
03/28/2023,ABQ,NM,ASW,CE,Combined TRACON& Tower with Radar,131,55,35,3,224,0,13,99,57,169,131,68,134,60,393,0,0,0,393
03/29/2023,ABQ,NM,ASW,CE,Combined TRACON& Tower with Radar,134,53,36,6,229,0,17,105,51,173,134,70,141,57,402,104,36,140,542
03/30/2023,ABQ,NM,ASW,CE,Combined TRACON& Tower with Radar,133,40,23,12,208,0,7,27,5,39,133,47,50,17,247,28,8,36,283
03/31/2023,ABQ,NM,ASW,CE,Combined TRACON& Tower with Radar,131,54,30,24,239,0,11,43,19,73,131,65,73,43,312,0,0,0,312
04/01/2023,ABQ,NM,ASW,CE,Combined TRACON& Tower with Radar,103,43,45,8,199,0,18,133,2,153,103,61,178,10,352,106,0,106,458
04/02/2023,ABQ,NM,ASW,CE,Combined TRACON& Tower with Radar,118,34,19,1,172,0,3,48,1,52,118,37,67,2,224,0,0,0,224
04/03/2023,ABQ,NM,ASW,CE,Combined TRACON& Tower with Radar,129,29,16,3,177,0,5,39,13,57,129,34,55,16,234,0,0,0,234
04/04/2023,ABQ,NM,ASW,CE,Combined TRACON& Tower with Radar,135,39,29,2,205,0,2,25,5,32,135,41,54,7,237,0,0,0,237
04/05/2023,ABQ,NM,ASW,CE,Combined TRACON& Tower with Radar,128,45,18,15,206,0,15,98,52,165,128,60,116,67,371,106,18,124,495
04/06/2023,ABQ,NM,ASW,CE,Combined TRACON& Tower with Radar,135,54,35,13,237,0,17,104,66,187,135,71,139,79,424,38,52,90,514
04/07/2023,ABQ,NM,ASW,CE,Combined TRACON& Tower with Radar,142,57,30,23,252,0,5,77,34,116,142,62,107,57,368,0,0,0,368
04/08/2023,ABQ,NM,ASW,CE,Combined TRACON& Tower with Radar,117,42,26,0,185,0,25,66,10,101,117,67,92,10,286,26,0,26,312
04/09/2023,ABQ,NM,ASW,CE,Combined TRACON& Tower with Radar,126,26,19,0,171,0,6,52,6,64,126,32,71,6,235,0,0,0,235
04/10/2023,ABQ,NM,ASW,CE,Combined TRACON& Tower with Radar,128,39,30,13,210,0,11,80,69,160,128,50,110,82,370,0,0,0,370
04/11/2023,ABQ,NM,ASW,CE,Combined TRACON& Tower with Radar,149,42,32,13,236,0,27,102,62,191,149,69,134,75,427,0,0,0,427
04/12/2023,ABQ,NM,ASW,CE,Combined TRACON& Tower with Radar,150,55,26,10,241,0,15,72,48,135,150,70,98,58,376,36,38,74,450
04/13/2023,ABQ,NM,ASW,CE,Combined TRACON& Tower with Radar,156,62,33,3,254,0,26,65,49,140,156,88,98,52,394,46,8,54,448
04/14/2023,ABQ,NM,ASW,CE,Combined TRACON& Tower with Radar,157,72,34,9,272,0,8,55,31,94,157,80,89,40,366,0,0,0,366
04/15/2023,ABQ,NM,ASW,CE,Combined TRACON& Tower with Radar,126,31,23,6,186,0,8,34,2,44,126,39,57,8,230,0,0,0,230
04/16/2023,ABQ,NM,ASW,CE,Combined TRACON& Tower with Radar,124,32,26,0,182,0,6,76,2,84,124,38,102,2,266,0,0,0,266
04/17/2023,ABQ,NM,ASW,CE,Combined TRACON& Tower with Radar,154,60,41,5,260,0,15,78,73,166,154,75,119,78,426,0,0,0,426
04/18/2023,ABQ,NM,ASW,CE,Combined TRACON& Tower with Radar,148,45,43,4,240,0,16,69,42,127,148,61,112,46,367,54,8,62,429
04/19/2023,ABQ,NM,ASW,CE,Combined TRACON& Tower with Radar,156,45,24,6,231,0,4,71,33,108,156,49,95,39,339,50,20,70,409
04/20/2023,ABQ,NM,ASW,CE,Combined TRACON& Tower with Radar,156,57,20,7,240,0,8,60,52,120,156,65,80,59,360,34,26,60,420
04/21/2023,ABQ,NM,ASW,CE,Combined TRACON& Tower with Radar,156,55,37,16,264,0,11,77,22,110,156,66,114,38,374,66,0,66,440
04/22/2023,ABQ,NM,ASW,CE,Combined TRACON& Tower with Radar,126,37,21,7,191,0,12,57,1,70,126,49,78,8,261,88,0,88,349
04/23/2023,ABQ,NM,ASW,CE,Combined TRACON& Tower with Radar,130,21,34,0,185,0,11,56,0,67,130,32,90,0,252,130,0,130,382
04/24/2023,ABQ,NM,ASW,CE,Combined TRACON& Tower with Radar,147,51,35,6,239,0,5,55,40,100,147,56,90,46,339,114,36,150,489
04/25/2023,ABQ,NM,ASW,CE,Combined TRACON& Tower with Radar,149,62,31,4,246,0,8,46,41,95,149,70,77,45,341,54,6,60,401
04/26/2023,ABQ,NM,ASW,CE,Combined TRACON& Tower with Radar,148,55,39,12,254,0,12,60,46,118,148,67,99,58,372,36,32,68,440
04/27/2023,ABQ,NM,ASW,CE,Combined TRACON& Tower with Radar,158,51,51,11,271,0,19,107,51,177,158,70,158,62,448,56,28,84,532
04/28/2023,ABQ,NM,ASW,CE,Combined TRACON& Tower with Radar,150,65,26,25,266,0,10,43,22,75,150,75,69,47,341,0,0,0,341
04/29/2023,ABQ,NM,ASW,CE,Combined TRACON& Tower with Radar,125,38,28,0,191,0,13,57,6,76,125,51,85,6,267,0,0,0,267
04/30/2023,ABQ,NM,ASW,CE,Combined TRACON& Tower with Radar,133,32,44,3,212,0,16,50,6,72,133,48,94,9,284,0,0,0,284
05/01/2023,ABQ,NM,ASW,CE,Combined TRACON& Tower with Radar,149,42,34,12,237,0,10,59,38,107,149,52,93,50,344,0,0,0,344
05/02/2023,ABQ,NM,ASW,CE,Combined TRACON& Tower with Radar,149,57,28,6,240,0,8,80,49,137,149,65,108,55,377,42,24,66,443
05/03/2023,ABQ,NM,ASW,CE,Combined TRACON& Tower with Radar,153,48,36,11,248,0,7,92,35,134,153,55,128,46,382,128,14,142,524
05/04/2023,ABQ,NM,ASW,CE,Combined TRACON& Tower with Radar,156,61,34,8,259,0,8,67,40,115,156,69,101,48,374,22,16,38,412
05/05/2023,ABQ,NM,ASW,CE,Combined TRACON& Tower with Radar,157,61,30,26,274,0,14,54,14,82,157,75,84,40,356,0,0,0,356
05/06/2023,ABQ,NM,ASW,CE,Combined TRACON& Tower with Radar,128,33,20,2,183,0,12,41,9,62,128,45,61,11,245,92,0,92,337
05/07/2023,ABQ,NM,ASW,CE,Combined TRACON& Tower with Radar,125,43,19,8,195,0,7,34,2,43,125,50,53,10,238,28,0,28,266
05/08/2023,ABQ,NM,ASW,CE,Combined TRACON& Tower with Radar,154,50,37,9,250,0,15,88,34,137,154,65,125,43,387,42,18,60,447
05/09/2023,ABQ,NM,ASW,CE,Combined TRACON& Tower with Radar,156,50,31,9,246,0,9,108,37,154,156,59,139,46,400,66,10,76,476
05/10/2023,ABQ,NM,ASW,CE,Combined TRACON& Tower with Radar,148,44,36,13,241,0,4,64,29,97,148,48,100,42,338,18,16,34,372
05/11/2023,ABQ,NM,ASW,CE,Combined TRACON& Tower with Radar,158,45,28,20,251,0,9,70,38,117,158,54,98,58,368,0,6,6,374
05/12/2023,ABQ,NM,ASW,CE,Combined TRACON& Tower with Radar,151,57,32,56,296,0,15,107,29,151,151,72,139,85,447,38,6,44,491
05/13/2023,ABQ,NM,ASW,CE,Combined TRACON& Tower with Radar,129,36,28,13,206,0,4,10,5,19,129,40,38,18,225,0,0,0,225
05/14/2023,ABQ,NM,ASW,CE,Combined TRACON& Tower with Radar,124,41,21,12,198,0,7,23,5,35,124,48,44,17,233,40,2,42,275
05/15/2023,ABQ,NM,ASW,CE,Combined TRACON& Tower with Radar,153,66,39,9,267,0,19,91,33,143,153,85,130,42,410,116,4,120,530
05/16/2023,ABQ,NM,ASW,CE,Combined TRACON& Tower with Radar,158,60,39,5,262,0,20,103,53,176,158,80,142,58,438,106,38,144,582
05/17/2023,ABQ,NM,ASW,CE,Combined TRACON& Tower with Radar,155,59,42,10,266,0,0,88,47,135,155,59,130,57,401,0,0,0,401
05/18/2023,ABQ,NM,ASW,CE,Combined TRACON& Tower with Radar,156,49,44,5,254,0,1,74,49,124,156,50,118,54,378,0,0,0,378
05/19/2023,ABQ,NM,ASW,CE,Combined TRACON& Tower with Radar,148,58,35,11,252,0,4,23,9,36,148,62,58,20,288,0,8,8,296
05/20/2023,ABQ,NM,ASW,CE,Combined TRACON& Tower with Radar,124,46,26,1,197,0,2,35,2,39,124,48,61,3,236,64,0,64,300
05/21/2023,ABQ,NM,ASW,CE,Combined TRACON& Tower with Radar,137,31,22,0,190,0,5,38,1,44,137,36,60,1,234,42,0,42,276
05/22/2023,ABQ,NM,ASW,CE,Combined TRACON& Tower with Radar,151,54,23,12,240,0,20,77,38,135,151,74,100,50,375,102,26,128,503
05/23/2023,ABQ,NM,ASW,CE,Combined TRACON& Tower with Radar,152,58,30,6,246,0,14,70,50,134,152,72,100,56,380,20,32,52,432
05/24/2023,ABQ,NM,ASW,CE,Combined TRACON& Tower with Radar,158,56,27,11,252,0,12,100,40,152,158,68,127,51,404,6,52,58,462
05/25/2023,ABQ,NM,ASW,CE,Combined TRACON& Tower with Radar,167,55,45,19,286,0,7,80,42,129,167,62,125,61,415,48,18,66,481
05/26/2023,ABQ,NM,ASW,CE,Combined TRACON& Tower with Radar,151,72,30,7,260,0,5,53,1,59,151,77,83,8,319,24,4,28,347
05/27/2023,ABQ,NM,ASW,CE,Combined TRACON& Tower with Radar,127,29,23,1,180,0,5,66,0,71,127,34,89,1,251,80,0,80,331
05/28/2023,ABQ,NM,ASW,CE,Combined TRACON& Tower with Radar,119,39,20,2,180,0,12,52,0,64,119,51,72,2,244,64,0,64,308
05/29/2023,ABQ,NM,ASW,CE,Combined TRACON& Tower with Radar,151,32,37,0,220,0,5,46,0,51,151,37,83,0,271,0,0,0,271
05/30/2023,ABQ,NM,ASW,CE,Combined TRACON& Tower with Radar,146,49,36,14,245,0,26,79,38,143,146,75,115,52,388,74,8,82,470
05/31/2023,ABQ,NM,ASW,CE,Combined TRACON& Tower with Radar,150,46,39,8,243,0,8,43,36,87,150,54,82,44,330,4,34,38,368
06/01/2023,ABQ,NM,ASW,CE,Combined TRACON& Tower with Radar,147,51,29,5,232,0,9,78,58,145,147,60,107,63,377,58,46,104,481
06/02/2023,ABQ,NM,ASW,CE,Combined TRACON& Tower with Radar,147,49,27,13,236,0,4,86,23,113,147,53,113,36,349,100,4,104,453
06/03/2023,ABQ,NM,ASW,CE,Combined TRACON& Tower with Radar,122,36,26,1,185,0,18,49,2,69,122,54,75,3,254,96,2,98,352
06/04/2023,ABQ,NM,ASW,CE,Combined TRACON& Tower with Radar,126,35,30,1,192,0,7,45,0,52,126,42,75,1,244,0,0,0,244
06/05/2023,ABQ,NM,ASW,CE,Combined TRACON& Tower with Radar,144,48,42,8,242,0,8,69,30,107,144,56,111,38,349,0,0,0,349
06/06/2023,ABQ,NM,ASW,CE,Combined TRACON& Tower with Radar,147,57,34,10,248,0,15,71,44,130,147,72,105,54,378,108,10,118,496
06/07/2023,ABQ,NM,ASW,CE,Combined TRACON& Tower with Radar,152,47,27,10,236,0,16,83,34,133,152,63,110,44,369,70,20,90,459
06/08/2023,ABQ,NM,ASW,CE,Combined TRACON& Tower with Radar,161,61,38,9,269,0,19,90,60,169,161,80,128,69,438,0,0,0,438
06/09/2023,ABQ,NM,ASW,CE,Combined TRACON& Tower with Radar,152,53,36,10,251,0,16,77,25,118,152,69,113,35,369,116,10,126,495
06/10/2023,ABQ,NM,ASW,CE,Combined TRACON& Tower with Radar,121,29,29,2,181,0,10,44,6,60,121,39,73,8,241,88,0,88,329
06/11/2023,ABQ,NM,ASW,CE,Combined TRACON& Tower with Radar,133,38,37,5,213,0,13,48,4,65,133,51,85,9,278,0,0,0,278
06/12/2023,ABQ,NM,ASW,CE,Combined TRACON& Tower with Radar,152,57,43,16,268,0,20,52,45,117,152,77,95,61,385,0,0,0,385
06/13/2023,ABQ,NM,ASW,CE,Combined TRACON& Tower with Radar,149,47,33,11,240,0,12,80,41,133,149,59,113,52,373,0,0,0,373
06/14/2023,ABQ,NM,ASW,CE,Combined TRACON& Tower with Radar,152,48,38,20,258,0,12,79,46,137,152,60,117,66,395,0,0,0,395
06/15/2023,ABQ,NM,ASW,CE,Combined TRACON& Tower with Radar,150,43,28,5,226,0,10,83,41,134,150,53,111,46,360,0,0,0,360
06/16/2023,ABQ,NM,ASW,CE,Combined TRACON& Tower with Radar,149,58,34,14,255,0,14,73,27,114,149,72,107,41,369,16,2,18,387
06/17/2023,ABQ,NM,ASW,CE,Combined TRACON& Tower with Radar,123,37,29,7,196,0,10,46,8,64,123,47,75,15,260,16,0,16,276
06/18/2023,ABQ,NM,ASW,CE,Combined TRACON& Tower with Radar,131,38,31,3,203,0,19,60,5,84,131,57,91,8,287,56,0,56,343
06/19/2023,ABQ,NM,ASW,CE,Combined TRACON& Tower with Radar,148,42,19,6,215,0,20,60,5,85,148,62,79,11,300,56,2,58,358
06/20/2023,ABQ,NM,ASW,CE,Combined TRACON& Tower with Radar,150,57,29,9,245,0,19,66,55,140,150,76,95,64,385,104,10,114,499
06/21/2023,ABQ,NM,ASW,CE,Combined TRACON& Tower with Radar,154,45,29,8,236,0,11,82,37,130,154,56,111,45,366,0,0,0,366
06/22/2023,ABQ,NM,ASW,CE,Combined TRACON& Tower with Radar,162,64,36,3,265,0,20,74,35,129,162,84,110,38,394,96,4,100,494
06/23/2023,ABQ,NM,ASW,CE,Combined TRACON& Tower with Radar,152,58,44,24,278,0,26,70,35,131,152,84,114,59,409,34,16,50,459
06/24/2023,ABQ,NM,ASW,CE,Combined TRACON& Tower with Radar,127,45,23,18,213,0,18,96,9,123,127,63,119,27,336,130,10,140,476
06/25/2023,ABQ,NM,ASW,CE,Combined TRACON& Tower with Radar,127,28,30,6,191,0,29,54,3,86,127,57,84,9,277,132,0,132,409
06/26/2023,ABQ,NM,ASW,CE,Combined TRACON& Tower with Radar,135,53,17,3,208,0,18,49,6,73,135,71,66,9,281,84,0,84,365
06/27/2023,ABQ,NM,ASW,CE,Combined TRACON& Tower with Radar,145,55,28,8,236,0,14,60,35,109,145,69,88,43,345,42,4,46,391
06/28/2023,ABQ,NM,ASW,CE,Combined TRACON& Tower with Radar,148,53,29,6,236,0,9,80,38,127,148,62,109,44,363,0,0,0,363
06/29/2023,ABQ,NM,ASW,CE,Combined TRACON& Tower with Radar,144,54,42,6,246,0,12,68,47,127,144,66,110,53,373,110,20,130,503
06/30/2023,ABQ,NM,ASW,CE,Combined TRACON& Tower with Radar,148,45,34,7,234,0,12,77,22,111,148,57,111,29,345,58,0,58,403
07/01/2023,ABQ,NM,ASW,CE,Combined TRACON& Tower with Radar,123,29,22,1,175,0,24,48,2,74,123,53,70,3,249,16,2,18,267
07/02/2023,ABQ,NM,ASW,CE,Combined TRACON& Tower with Radar,128,28,11,2,169,0,26,44,0,70,128,54,55,2,239,76,0,76,315
07/03/2023,ABQ,NM,ASW,CE,Combined TRACON& Tower with Radar,131,44,19,4,198,0,20,75,3,98,131,64,94,7,296,54,0,54,350
07/04/2023,ABQ,NM,ASW,CE,Combined TRACON& Tower with Radar,126,27,27,2,182,0,31,42,4,77,126,58,69,6,259,82,0,82,341
07/05/2023,ABQ,NM,ASW,CE,Combined TRACON& Tower with Radar,155,52,23,10,240,0,15,100,49,164,155,67,123,59,404,48,12,60,464
07/06/2023,ABQ,NM,ASW,CE,Combined TRACON& Tower with Radar,157,54,26,10,247,0,23,74,57,154,157,77,100,67,401,88,12,100,501
07/07/2023,ABQ,NM,ASW,CE,Combined TRACON& Tower with Radar,157,49,27,34,267,0,20,90,29,139,157,69,117,63,406,70,14,84,490
07/08/2023,ABQ,NM,ASW,CE,Combined TRACON& Tower with Radar,131,47,24,6,208,0,23,33,4,60,131,70,57,10,268,114,0,114,382
07/09/2023,ABQ,NM,ASW,CE,Combined TRACON& Tower with Radar,141,39,19,7,206,0,19,44,1,64,141,58,63,8,270,90,0,90,360
07/10/2023,ABQ,NM,ASW,CE,Combined TRACON& Tower with Radar,149,64,24,10,247,0,11,59,32,102,149,75,83,42,349,108,0,108,457
07/11/2023,ABQ,NM,ASW,CE,Combined TRACON& Tower with Radar,155,46,27,3,231,0,22,65,51,138,155,68,92,54,369,42,0,42,411
07/12/2023,ABQ,NM,ASW,CE,Combined TRACON& Tower with Radar,156,56,35,6,253,0,11,74,44,129,156,67,109,50,382,20,26,46,428
07/13/2023,ABQ,NM,ASW,CE,Combined TRACON& Tower with Radar,154,52,24,18,248,0,5,108,40,153,154,57,132,58,401,70,6,76,477
07/14/2023,ABQ,NM,ASW,CE,Combined TRACON& Tower with Radar,153,56,19,13,241,0,9,70,12,91,153,65,89,25,332,70,0,70,402
07/15/2023,ABQ,NM,ASW,CE,Combined TRACON& Tower with Radar,141,40,41,2,224,0,13,41,0,54,141,53,82,2,278,32,0,32,310
07/16/2023,ABQ,NM,ASW,CE,Combined TRACON& Tower with Radar,136,34,19,2,191,4,14,40,3,61,140,48,59,5,252,120,0,120,372
07/17/2023,ABQ,NM,ASW,CE,Combined TRACON& Tower with Radar,149,56,29,2,236,0,17,50,31,98,149,73,79,33,334,134,14,148,482
07/18/2023,ABQ,NM,ASW,CE,Combined TRACON& Tower with Radar,152,47,25,7,231,0,4,64,35,103,152,51,89,42,334,0,0,0,334
07/19/2023,ABQ,NM,ASW,CE,Combined TRACON& Tower with Radar,157,42,21,11,231,0,3,75,43,121,157,45,96,54,352,0,0,0,352
07/20/2023,ABQ,NM,ASW,CE,Combined TRACON& Tower with Radar,158,57,31,17,263,0,6,76,38,120,158,63,107,55,383,0,0,0,383
07/21/2023,ABQ,NM,ASW,CE,Combined TRACON& Tower with Radar,151,53,23,12,239,0,6,40,24,70,151,59,63,36,309,38,28,66,375
07/22/2023,ABQ,NM,ASW,CE,Combined TRACON& Tower with Radar,140,42,23,3,208,0,12,57,0,69,140,54,80,3,277,84,0,84,361
07/23/2023,ABQ,NM,ASW,CE,Combined TRACON& Tower with Radar,148,43,32,4,227,0,10,50,8,68,148,53,82,12,295,140,0,140,435
07/24/2023,ABQ,NM,ASW,CE,Combined TRACON& Tower with Radar,154,62,29,7,252,0,22,69,32,123,154,84,98,39,375,74,6,80,455
07/25/2023,ABQ,NM,ASW,CE,Combined TRACON& Tower with Radar,158,55,32,6,251,0,11,64,49,124,158,66,96,55,375,68,10,78,453
07/26/2023,ABQ,NM,ASW,CE,Combined TRACON& Tower with Radar,158,55,33,17,263,0,20,74,30,124,158,75,107,47,387,76,6,82,469
07/27/2023,ABQ,NM,ASW,CE,Combined TRACON& Tower with Radar,164,46,38,10,258,0,8,73,34,115,164,54,111,44,373,74,58,132,505
07/28/2023,ABQ,NM,ASW,CE,Combined TRACON& Tower with Radar,155,67,28,14,264,0,26,89,31,146,155,93,117,45,410,60,14,74,484
07/29/2023,ABQ,NM,ASW,CE,Combined TRACON& Tower with Radar,147,37,27,2,213,0,16,67,2,85,147,53,94,4,298,112,0,112,410
07/30/2023,ABQ,NM,ASW,CE,Combined TRACON& Tower with Radar,139,46,22,2,209,0,19,74,3,96,139,65,96,5,305,104,0,104,409
07/31/2023,ABQ,NM,ASW,CE,Combined TRACON& Tower with Radar,149,48,28,5,230,0,26,65,23,114,149,74,93,28,344,116,0,116,460
08/01/2023,ABQ,NM,ASW,CE,Combined TRACON& Tower with Radar,155,48,29,13,245,0,32,67,61,160,155,80,96,74,405,40,26,66,471
08/02/2023,ABQ,NM,ASW,CE,Combined TRACON& Tower with Radar,158,57,21,16,252,0,13,78,46,137,158,70,99,62,389,144,24,168,557
08/03/2023,ABQ,NM,ASW,CE,Combined TRACON& Tower with Radar,180,58,38,18,294,0,16,73,48,137,180,74,111,66,431,106,34,140,571
08/04/2023,ABQ,NM,ASW,CE,Combined TRACON& Tower with Radar,153,55,28,32,268,0,28,83,28,139,153,83,111,60,407,190,40,230,637
08/05/2023,ABQ,NM,ASW,CE,Combined TRACON& Tower with Radar,147,34,27,7,215,0,12,82,13,107,147,46,109,20,322,152,0,152,474
08/06/2023,ABQ,NM,ASW,CE,Combined TRACON& Tower with Radar,136,20,30,6,192,0,11,31,3,45,136,31,61,9,237,90,4,94,331
08/07/2023,ABQ,NM,ASW,CE,Combined TRACON& Tower with Radar,145,47,24,7,223,0,13,47,26,86,145,60,71,33,309,70,2,72,381
08/08/2023,ABQ,NM,ASW,CE,Combined TRACON& Tower with Radar,173,49,32,8,262,0,10,37,37,84,173,59,69,45,346,50,4,54,400
08/09/2023,ABQ,NM,ASW,CE,Combined TRACON& Tower with Radar,160,44,14,18,236,0,6,17,37,60,160,50,31,55,296,16,28,44,340
08/10/2023,ABQ,NM,ASW,CE,Combined TRACON& Tower with Radar,159,56,28,17,260,0,4,86,56,146,159,60,114,73,406,110,10,120,526
08/11/2023,ABQ,NM,ASW,CE,Combined TRACON& Tower with Radar,157,67,35,10,269,0,7,85,32,124,157,74,120,42,393,144,18,162,555
08/12/2023,ABQ,NM,ASW,CE,Combined TRACON& Tower with Radar,139,42,17,0,198,0,6,61,2,69,139,48,78,2,267,90,0,90,357
08/13/2023,ABQ,NM,ASW,CE,Combined TRACON& Tower with Radar,145,27,33,1,206,0,9,41,0,50,145,36,74,1,256,108,2,110,366
08/14/2023,ABQ,NM,ASW,CE,Combined TRACON& Tower with Radar,148,54,32,8,242,0,5,18,33,56,148,59,50,41,298,0,0,0,298
08/15/2023,ABQ,NM,ASW,CE,Combined TRACON& Tower with Radar,158,53,31,12,254,0,12,91,59,162,158,65,122,71,416,138,18,156,572
08/16/2023,ABQ,NM,ASW,CE,Combined TRACON& Tower with Radar,158,53,49,11,271,0,15,81,45,141,158,68,130,56,412,90,28,118,530
08/17/2023,ABQ,NM,ASW,CE,Combined TRACON& Tower with Radar,159,46,37,18,260,0,9,64,45,118,159,55,101,63,378,0,0,0,378
08/18/2023,ABQ,NM,ASW,CE,Combined TRACON& Tower with Radar,158,59,25,19,261,0,9,98,33,140,158,68,123,52,401,104,26,130,531
08/19/2023,ABQ,NM,ASW,CE,Combined TRACON& Tower with Radar,145,35,26,3,209,0,30,80,4,114,145,65,106,7,323,192,0,192,515
08/20/2023,ABQ,NM,ASW,CE,Combined TRACON& Tower with Radar,142,35,13,7,197,0,3,43,5,51,142,38,56,12,248,64,0,64,312
08/21/2023,ABQ,NM,ASW,CE,Combined TRACON& Tower with Radar,151,52,44,12,259,0,1,52,32,85,151,53,96,44,344,0,0,0,344
08/22/2023,ABQ,NM,ASW,CE,Combined TRACON& Tower with Radar,162,67,23,13,265,0,29,55,49,133,162,96,78,62,398,60,14,74,472
08/23/2023,ABQ,NM,ASW,CE,Combined TRACON& Tower with Radar,157,48,45,14,264,0,4,67,57,128,157,52,112,71,392,0,0,0,392
08/24/2023,ABQ,NM,ASW,CE,Combined TRACON& Tower with Radar,160,61,47,16,284,0,5,49,48,102,160,66,96,64,386,0,0,0,386
08/25/2023,ABQ,NM,ASW,CE,Combined TRACON& Tower with Radar,156,57,24,10,247,0,11,84,40,135,156,68,108,50,382,80,22,102,484
08/26/2023,ABQ,NM,ASW,CE,Combined TRACON& Tower with Radar,147,32,30,6,215,0,6,67,2,75,147,38,97,8,290,80,0,80,370
08/27/2023,ABQ,NM,ASW,CE,Combined TRACON& Tower with Radar,151,31,34,9,225,0,11,70,7,88,151,42,104,16,313,70,0,70,383
08/28/2023,ABQ,NM,ASW,CE,Combined TRACON& Tower with Radar,157,57,33,12,259,0,15,64,31,110,157,72,97,43,369,8,2,10,379
08/29/2023,ABQ,NM,ASW,CE,Combined TRACON& Tower with Radar,156,49,36,22,263,0,13,77,56,146,156,62,113,78,409,62,26,88,497
08/30/2023,ABQ,NM,ASW,CE,Combined TRACON& Tower with Radar,154,66,31,7,258,0,11,95,58,164,154,77,126,65,422,0,0,0,422
08/31/2023,ABQ,NM,ASW,CE,Combined TRACON& Tower with Radar,162,61,39,12,274,0,5,76,41,122,162,66,115,53,396,36,30,66,462
