01/01/2000,ABY,GA,ASO,ES,Federal Contract Tower,0,6,6,0,12,0,2,5,0,7,0,8,11,0,19,0,0,0,19
01/02/2000,ABY,GA,ASO,ES,Federal Contract Tower,0,11,12,0,23,0,0,20,0,20,0,11,32,0,43,32,0,32,75
01/03/2000,ABY,GA,ASO,ES,Federal Contract Tower,1,22,22,2,47,0,9,15,5,29,1,31,37,7,76,10,12,22,98
01/04/2000,ABY,GA,ASO,ES,Federal Contract Tower,1,25,25,2,53,0,7,5,0,12,1,32,30,2,65,0,0,0,65
01/05/2000,ABY,GA,ASO,ES,Federal Contract Tower,1,24,23,3,51,0,5,57,29,91,1,29,80,32,142,22,22,44,186
01/06/2000,ABY,GA,ASO,ES,Federal Contract Tower,1,29,28,4,62,0,1,26,0,27,1,30,54,4,89,54,4,58,147
01/07/2000,ABY,GA,ASO,ES,Federal Contract Tower,1,28,27,2,58,0,5,39,0,44,1,33,66,2,102,4,0,4,106
01/08/2000,ABY,GA,ASO,ES,Federal Contract Tower,1,17,18,0,36,0,0,49,0,49,1,17,67,0,85,46,0,46,131
01/09/2000,ABY,GA,ASO,ES,Federal Contract Tower,0,16,16,0,32,0,0,15,0,15,0,16,31,0,47,8,0,8,55
01/10/2000,ABY,GA,ASO,ES,Federal Contract Tower,1,30,27,2,60,0,41,38,0,79,1,71,65,2,139,46,0,46,185
01/11/2000,ABY,GA,ASO,ES,Federal Contract Tower,0,27,25,0,52,0,11,40,0,51,0,38,65,0,103,54,0,54,157
01/12/2000,ABY,GA,ASO,ES,Federal Contract Tower,1,30,26,2,59,2,22,19,0,43,3,52,45,2,102,44,2,46,148
01/13/2000,ABY,GA,ASO,ES,Federal Contract Tower,1,55,46,2,104,0,25,9,0,34,1,80,55,2,138,6,2,8,146
01/14/2000,ABY,GA,ASO,ES,Federal Contract Tower,0,34,31,3,68,0,2,45,4,51,0,36,76,7,119,14,6,20,139
01/15/2000,ABY,GA,ASO,ES,Federal Contract Tower,0,19,17,0,36,1,3,38,0,42,1,22,55,0,78,42,0,42,120
01/16/2000,ABY,GA,ASO,ES,Federal Contract Tower,0,13,22,0,35,0,0,56,0,56,0,13,78,0,91,68,0,68,159
01/17/2000,ABY,GA,ASO,ES,Federal Contract Tower,0,22,20,1,43,0,2,37,1,40,0,24,57,2,83,4,0,4,87
01/18/2000,ABY,GA,ASO,ES,Federal Contract Tower,0,35,30,0,65,0,3,35,0,38,0,38,65,0,103,20,0,20,123
01/19/2000,ABY,GA,ASO,ES,Federal Contract Tower,0,32,29,3,64,0,9,21,7,37,0,41,50,10,101,28,0,28,129
01/20/2000,ABY,GA,ASO,ES,Federal Contract Tower,1,37,34,3,75,0,0,31,14,45,1,37,65,17,120,0,0,0,120
01/21/2000,ABY,GA,ASO,ES,Federal Contract Tower,0,30,27,3,60,1,1,30,6,38,1,31,57,9,98,6,6,12,110
01/22/2000,ABY,GA,ASO,ES,Federal Contract Tower,0,15,18,1,34,1,0,17,6,24,1,15,35,7,58,16,0,16,74
01/23/2000,ABY,GA,ASO,ES,Federal Contract Tower,0,13,17,1,31,0,0,5,0,5,0,13,22,1,36,0,0,0,36
01/24/2000,ABY,GA,ASO,ES,Federal Contract Tower,0,23,21,1,45,4,10,1,4,19,4,33,22,5,64,0,0,0,64
01/25/2000,ABY,GA,ASO,ES,Federal Contract Tower,0,27,25,2,54,0,4,42,8,54,0,31,67,10,108,2,0,2,110
01/26/2000,ABY,GA,ASO,ES,Federal Contract Tower,0,30,27,2,59,1,1,39,8,49,1,31,66,10,108,62,18,80,188
01/27/2000,ABY,GA,ASO,ES,Federal Contract Tower,0,34,31,3,68,1,2,61,1,65,1,36,92,4,133,28,0,28,161
01/28/2000,ABY,GA,ASO,ES,Federal Contract Tower,0,12,11,0,23,3,0,3,0,6,3,12,14,0,29,0,0,0,29
01/29/2000,ABY,GA,ASO,ES,Federal Contract Tower,0,4,11,0,15,1,0,8,0,9,1,4,19,0,24,0,0,0,24
01/30/2000,ABY,GA,ASO,ES,Federal Contract Tower,0,9,12,0,21,0,0,9,0,9,0,9,21,0,30,10,0,10,40
01/31/2000,ABY,GA,ASO,ES,Federal Contract Tower,0,29,26,2,57,0,3,46,8,57,0,32,72,10,114,20,10,30,144
02/01/2000,ABY,GA,ASO,ES,Federal Contract Tower,0,33,35,3,71,0,3,63,13,79,0,36,98,16,150,34,20,54,204
02/02/2000,ABY,GA,ASO,ES,Federal Contract Tower,1,16,18,0,35,0,13,24,0,37,1,29,42,0,72,96,0,96,168
02/03/2000,ABY,GA,ASO,ES,Federal Contract Tower,1,35,39,3,78,0,18,66,1,85,1,53,105,4,163,46,6,52,215
02/04/2000,ABY,GA,ASO,ES,Federal Contract Tower,0,19,21,1,41,0,13,23,0,36,0,32,44,1,77,24,16,40,117
02/05/2000,ABY,GA,ASO,ES,Federal Contract Tower,1,17,22,0,40,0,0,36,0,36,1,17,58,0,76,48,0,48,124
02/06/2000,ABY,GA,ASO,ES,Federal Contract Tower,0,15,20,0,35,0,0,60,0,60,0,15,80,0,95,12,0,12,107
02/07/2000,ABY,GA,ASO,ES,Federal Contract Tower,0,24,26,2,52,0,9,51,4,64,0,33,77,6,116,28,16,44,160
02/08/2000,ABY,GA,ASO,ES,Federal Contract Tower,0,34,36,2,72,0,3,49,0,52,0,37,85,2,124,86,0,86,210
02/09/2000,ABY,GA,ASO,ES,Federal Contract Tower,1,32,35,3,71,0,8,48,3,59,1,40,83,6,130,52,6,58,188
02/10/2000,ABY,GA,ASO,ES,Federal Contract Tower,1,35,37,3,76,0,8,33,5,46,1,43,70,8,122,32,0,32,154
02/11/2000,ABY,GA,ASO,ES,Federal Contract Tower,0,34,35,3,72,0,3,28,5,36,0,37,63,8,108,18,12,30,138
02/12/2000,ABY,GA,ASO,ES,Federal Contract Tower,1,20,22,2,45,0,0,2,0,2,1,20,24,2,47,14,0,14,61
02/13/2000,ABY,GA,ASO,ES,Federal Contract Tower,0,9,13,1,23,0,0,10,5,15,0,9,23,6,38,16,0,16,54
02/14/2000,ABY,GA,ASO,ES,Federal Contract Tower,1,22,22,1,46,0,7,71,5,83,1,29,93,6,129,30,0,30,159
02/15/2000,ABY,GA,ASO,ES,Federal Contract Tower,1,28,28,3,60,0,3,71,10,84,1,31,99,13,144,56,20,76,220
02/16/2000,ABY,GA,ASO,ES,Federal Contract Tower,1,32,32,3,68,2,0,75,22,99,3,32,107,25,167,22,0,22,189
02/17/2000,ABY,GA,ASO,ES,Federal Contract Tower,1,35,35,2,73,4,2,36,0,42,5,37,71,2,115,66,0,66,181
02/18/2000,ABY,GA,ASO,ES,Federal Contract Tower,0,29,29,3,61,0,2,34,3,39,0,31,63,6,100,6,0,6,106
02/19/2000,ABY,GA,ASO,ES,Federal Contract Tower,1,16,15,0,32,0,0,15,0,15,1,16,30,0,47,0,0,0,47
02/20/2000,ABY,GA,ASO,ES,Federal Contract Tower,0,12,20,0,32,0,0,51,0,51,0,12,71,0,83,12,0,12,95
02/21/2000,ABY,GA,ASO,ES,Federal Contract Tower,0,17,16,0,33,0,0,43,0,43,0,17,59,0,76,58,0,58,134
02/22/2000,ABY,GA,ASO,ES,Federal Contract Tower,0,30,30,4,64,0,7,80,10,97,0,37,110,14,161,74,16,90,251
02/23/2000,ABY,GA,ASO,ES,Federal Contract Tower,0,22,23,3,48,1,10,42,2,55,1,32,65,5,103,44,0,44,147
02/24/2000,ABY,GA,ASO,ES,Federal Contract Tower,0,24,24,3,51,0,9,28,0,37,0,33,52,3,88,20,0,20,108
02/25/2000,ABY,GA,ASO,ES,Federal Contract Tower,0,28,29,0,57,0,8,46,0,54,0,36,75,0,111,46,0,46,157
02/26/2000,ABY,GA,ASO,ES,Federal Contract Tower,0,20,23,1,44,1,0,39,0,40,1,20,62,1,84,20,4,24,108
02/27/2000,ABY,GA,ASO,ES,Federal Contract Tower,0,12,21,0,33,0,0,19,0,19,0,12,40,0,52,0,0,0,52
02/28/2000,ABY,GA,ASO,ES,Federal Contract Tower,0,21,22,1,44,1,10,42,11,64,1,31,64,12,108,36,0,36,144
02/29/2000,ABY,GA,ASO,ES,Federal Contract Tower,0,33,37,2,72,1,0,75,0,76,1,33,112,2,148,44,0,44,192
03/01/2000,ABY,GA,ASO,ES,Federal Contract Tower,0,30,22,0,52,0,7,47,0,54,0,37,69,0,106,64,0,64,170
03/02/2000,ABY,GA,ASO,ES,Federal Contract Tower,1,35,26,3,65,0,12,67,3,82,1,47,93,6,147,58,0,58,205
03/03/2000,ABY,GA,ASO,ES,Federal Contract Tower,1,30,23,2,56,0,30,33,3,66,1,60,56,5,122,56,0,56,178
03/04/2000,ABY,GA,ASO,ES,Federal Contract Tower,1,17,16,2,36,1,0,26,1,28,2,17,42,3,64,6,0,6,70
03/05/2000,ABY,GA,ASO,ES,Federal Contract Tower,0,12,12,1,25,0,0,44,13,57,0,12,56,14,82,28,0,28,110
03/06/2000,ABY,GA,ASO,ES,Federal Contract Tower,1,24,18,1,44,0,6,21,7,34,1,30,39,8,78,20,12,32,110
03/07/2000,ABY,GA,ASO,ES,Federal Contract Tower,1,31,24,2,58,0,0,51,0,51,1,31,75,2,109,66,0,66,175
03/08/2000,ABY,GA,ASO,ES,Federal Contract Tower,0,29,22,2,53,0,13,54,6,73,0,42,76,8,126,46,16,62,188
03/09/2000,ABY,GA,ASO,ES,Federal Contract Tower,0,28,20,0,48,0,4,33,0,37,0,32,53,0,85,0,0,0,85
03/10/2000,ABY,GA,ASO,ES,Federal Contract Tower,0,23,18,1,42,0,7,29,1,37,0,30,47,2,79,16,0,16,95
03/11/2000,ABY,GA,ASO,ES,Federal Contract Tower,1,10,8,0,19,0,2,5,0,7,1,12,13,0,26,0,0,0,26
03/12/2000,ABY,GA,ASO,ES,Federal Contract Tower,0,12,19,0,31,0,0,64,0,64,0,12,83,0,95,52,0,52,147
03/13/2000,ABY,GA,ASO,ES,Federal Contract Tower,0,25,19,2,46,0,10,39,3,52,0,35,58,5,98,42,10,52,150
03/14/2000,ABY,GA,ASO,ES,Federal Contract Tower,1,31,22,0,54,0,4,49,0,53,1,35,71,0,107,38,0,38,145
03/15/2000,ABY,GA,ASO,ES,Federal Contract Tower,0,29,20,2,51,0,8,41,2,51,0,37,61,4,102,40,16,56,158
03/16/2000,ABY,GA,ASO,ES,Federal Contract Tower,1,27,19,0,47,0,7,7,0,14,1,34,26,0,61,12,0,12,73
03/17/2000,ABY,GA,ASO,ES,Federal Contract Tower,0,31,27,3,61,0,0,30,30,60,0,31,57,33,121,70,56,126,247
03/18/2000,ABY,GA,ASO,ES,Federal Contract Tower,0,13,10,2,25,1,0,42,0,43,1,13,52,2,68,24,0,24,92
03/19/2000,ABY,GA,ASO,ES,Federal Contract Tower,0,14,12,2,28,0,0,8,0,8,0,14,20,2,36,0,0,0,36
03/20/2000,ABY,GA,ASO,ES,Federal Contract Tower,0,24,17,2,43,0,4,27,18,49,0,28,44,20,92,30,12,42,134
03/21/2000,ABY,GA,ASO,ES,Federal Contract Tower,0,27,19,2,48,1,2,58,6,67,1,29,77,8,115,72,0,72,187
03/22/2000,ABY,GA,ASO,ES,Federal Contract Tower,0,29,20,3,52,0,2,48,1,51,0,31,68,4,103,30,0,30,133
03/23/2000,ABY,GA,ASO,ES,Federal Contract Tower,0,28,19,3,50,0,4,32,3,39,0,32,51,6,89,58,0,58,147
03/24/2000,ABY,GA,ASO,ES,Federal Contract Tower,0,27,19,2,48,0,4,48,0,52,0,31,67,2,100,18,0,18,118
03/25/2000,ABY,GA,ASO,ES,Federal Contract Tower,0,17,16,2,35,1,0,42,0,43,1,17,58,2,78,22,0,22,100
03/26/2000,ABY,GA,ASO,ES,Federal Contract Tower,0,12,9,2,23,0,0,25,0,25,0,12,34,2,48,40,0,40,88
03/27/2000,ABY,GA,ASO,ES,Federal Contract Tower,0,24,17,0,41,0,6,2,0,8,0,30,19,0,49,0,0,0,49
03/28/2000,ABY,GA,ASO,ES,Federal Contract Tower,0,30,22,2,54,1,26,45,9,81,1,56,67,11,135,76,4,80,215
03/29/2000,ABY,GA,ASO,ES,Federal Contract Tower,0,27,20,1,48,0,2,27,1,30,0,29,47,2,78,38,0,38,116
03/30/2000,ABY,GA,ASO,ES,Federal Contract Tower,0,27,20,0,47,0,14,22,0,36,0,41,42,0,83,54,0,54,137
03/31/2000,ABY,GA,ASO,ES,Federal Contract Tower,0,28,20,2,50,3,8,35,0,46,3,36,55,2,96,26,0,26,122
04/01/2000,ABY,GA,ASO,ES,Federal Contract Tower,1,15,17,0,33,1,0,90,0,91,2,15,107,0,124,56,0,56,180
04/02/2000,ABY,GA,ASO,ES,Federal Contract Tower,0,8,9,0,17,0,0,10,3,13,0,8,19,3,30,42,0,42,72
04/03/2000,ABY,GA,ASO,ES,Federal Contract Tower,0,22,16,2,40,0,22,9,0,31,0,44,25,2,71,8,0,8,79
04/04/2000,ABY,GA,ASO,ES,Federal Contract Tower,1,29,23,2,55,0,12,5,4,21,1,41,28,6,76,16,4,20,96
04/05/2000,ABY,GA,ASO,ES,Federal Contract Tower,1,28,21,2,52,0,1,58,6,65,1,29,79,8,117,36,8,44,161
04/06/2000,ABY,GA,ASO,ES,Federal Contract Tower,1,30,23,3,57,0,0,57,3,60,1,30,80,6,117,46,0,46,163
04/07/2000,ABY,GA,ASO,ES,Federal Contract Tower,0,29,23,3,55,0,0,52,17,69,0,29,75,20,124,50,0,50,174
04/08/2000,ABY,GA,ASO,ES,Federal Contract Tower,1,15,16,0,32,1,0,13,0,14,2,15,29,0,46,12,0,12,58
04/09/2000,ABY,GA,ASO,ES,Federal Contract Tower,0,14,11,1,26,0,0,67,1,68,0,14,78,2,94,0,0,0,94
04/10/2000,ABY,GA,ASO,ES,Federal Contract Tower,0,24,18,2,44,0,4,92,10,106,0,28,110,12,150,12,0,12,162
04/11/2000,ABY,GA,ASO,ES,Federal Contract Tower,1,31,25,2,59,0,0,52,0,52,1,31,77,2,111,24,0,24,135
04/12/2000,ABY,GA,ASO,ES,Federal Contract Tower,1,24,18,2,45,0,8,65,24,97,1,32,83,26,142,40,26,66,208
04/13/2000,ABY,GA,ASO,ES,Federal Contract Tower,0,26,20,2,48,0,2,33,2,37,0,28,53,4,85,18,16,34,119
04/14/2000,ABY,GA,ASO,ES,Federal Contract Tower,0,28,19,2,49,0,3,0,0,3,0,31,19,2,52,0,0,0,52
04/15/2000,ABY,GA,ASO,ES,Federal Contract Tower,0,15,18,0,33,1,0,33,0,34,1,15,51,0,67,20,0,20,87
04/16/2000,ABY,GA,ASO,ES,Federal Contract Tower,0,13,12,2,27,0,0,35,0,35,0,13,47,2,62,42,0,42,104
04/17/2000,ABY,GA,ASO,ES,Federal Contract Tower,0,22,17,2,41,1,9,23,0,33,1,31,40,2,74,24,0,24,98
04/18/2000,ABY,GA,ASO,ES,Federal Contract Tower,0,31,22,3,56,0,1,37,3,41,0,32,59,6,97,38,12,50,147
04/19/2000,ABY,GA,ASO,ES,Federal Contract Tower,0,23,17,3,43,1,0,44,3,48,1,23,61,6,91,98,0,98,189
04/20/2000,ABY,GA,ASO,ES,Federal Contract Tower,0,28,20,3,51,0,4,38,4,46,0,32,58,7,97,26,20,46,143
04/21/2000,ABY,GA,ASO,ES,Federal Contract Tower,0,25,17,3,45,0,8,20,5,33,0,33,37,8,78,6,0,6,84
04/22/2000,ABY,GA,ASO,ES,Federal Contract Tower,0,13,8,2,23,0,5,35,0,40,0,18,43,2,63,62,0,62,125
04/23/2000,ABY,GA,ASO,ES,Federal Contract Tower,0,10,8,0,18,0,0,40,0,40,0,10,48,0,58,29,0,29,87
04/24/2000,ABY,GA,ASO,ES,Federal Contract Tower,0,18,12,0,30,0,10,1,0,11,0,28,13,0,41,0,0,0,41
04/25/2000,ABY,GA,ASO,ES,Federal Contract Tower,0,28,23,3,54,0,0,29,5,34,0,28,52,8,88,50,14,64,152
04/26/2000,ABY,GA,ASO,ES,Federal Contract Tower,0,29,22,2,53,0,1,68,2,71,0,30,90,4,124,76,30,106,230
04/27/2000,ABY,GA,ASO,ES,Federal Contract Tower,0,29,21,2,52,0,2,64,2,68,0,31,85,4,120,38,22,60,180
04/28/2000,ABY,GA,ASO,ES,Federal Contract Tower,0,23,17,2,42,0,11,45,6,62,0,34,62,8,104,40,0,40,144
04/29/2000,ABY,GA,ASO,ES,Federal Contract Tower,0,15,10,1,26,2,1,35,0,38,2,16,45,1,64,12,0,12,76
04/30/2000,ABY,GA,ASO,ES,Federal Contract Tower,0,11,12,1,24,0,0,52,1,53,0,11,64,2,77,14,0,14,91
05/01/2000,ABY,GA,ASO,ES,Federal Contract Tower,1,33,2,4,40,0,0,27,4,31,1,33,29,8,71,48,18,66,137
05/02/2000,ABY,GA,ASO,ES,Federal Contract Tower,1,30,3,4,38,0,0,52,8,60,1,30,55,12,98,58,12,70,168
05/03/2000,ABY,GA,ASO,ES,Federal Contract Tower,0,26,1,2,29,0,0,30,0,30,0,26,31,2,59,30,0,30,89
05/04/2000,ABY,GA,ASO,ES,Federal Contract Tower,0,28,7,5,40,0,0,33,3,36,0,28,40,8,76,66,0,66,142
05/05/2000,ABY,GA,ASO,ES,Federal Contract Tower,0,33,6,5,44,0,0,39,1,40,0,33,45,6,84,4,8,12,96
05/06/2000,ABY,GA,ASO,ES,Federal Contract Tower,1,13,0,0,14,0,0,59,0,59,1,13,59,0,73,74,0,74,147
05/07/2000,ABY,GA,ASO,ES,Federal Contract Tower,0,12,0,1,13,0,0,43,3,46,0,12,43,4,59,24,0,24,83
05/08/2000,ABY,GA,ASO,ES,Federal Contract Tower,0,33,1,4,38,0,3,33,2,38,0,36,34,6,76,48,14,62,138
05/09/2000,ABY,GA,ASO,ES,Federal Contract Tower,0,34,5,5,44,0,0,53,1,54,0,34,58,6,98,74,6,80,178
05/10/2000,ABY,GA,ASO,ES,Federal Contract Tower,0,15,17,2,34,0,11,31,0,42,0,26,48,2,76,58,0,58,134
05/11/2000,ABY,GA,ASO,ES,Federal Contract Tower,0,18,19,2,39,0,10,32,0,42,0,28,51,2,81,46,0,46,127
05/12/2000,ABY,GA,ASO,ES,Federal Contract Tower,0,22,22,2,46,0,11,64,2,77,0,33,86,4,123,28,20,48,171
05/13/2000,ABY,GA,ASO,ES,Federal Contract Tower,0,14,16,2,32,2,1,62,2,67,2,15,78,4,99,24,0,24,123
05/14/2000,ABY,GA,ASO,ES,Federal Contract Tower,0,8,7,0,15,0,0,22,0,22,0,8,29,0,37,20,0,20,57
05/15/2000,ABY,GA,ASO,ES,Federal Contract Tower,0,20,21,2,43,0,9,3,2,14,0,29,24,4,57,6,14,20,77
05/16/2000,ABY,GA,ASO,ES,Federal Contract Tower,0,35,30,3,68,0,6,26,19,51,0,41,56,22,119,40,30,70,189
05/17/2000,ABY,GA,ASO,ES,Federal Contract Tower,0,26,25,3,54,0,8,50,8,66,0,34,75,11,120,90,6,96,216
05/18/2000,ABY,GA,ASO,ES,Federal Contract Tower,0,25,25,2,52,0,2,36,0,38,0,27,61,2,90,80,8,88,178
05/19/2000,ABY,GA,ASO,ES,Federal Contract Tower,0,21,22,3,46,1,9,31,10,51,1,30,53,13,97,15,12,27,124
05/20/2000,ABY,GA,ASO,ES,Federal Contract Tower,0,10,13,3,26,1,3,33,5,42,1,13,46,8,68,26,0,26,94
05/21/2000,ABY,GA,ASO,ES,Federal Contract Tower,0,6,3,0,9,0,0,19,0,19,0,6,22,0,28,30,0,30,58
05/22/2000,ABY,GA,ASO,ES,Federal Contract Tower,0,26,25,3,54,0,17,18,0,35,0,43,43,3,89,36,0,36,125
05/23/2000,ABY,GA,ASO,ES,Federal Contract Tower,0,28,26,3,57,1,6,30,11,48,1,34,56,14,105,48,6,54,159
05/24/2000,ABY,GA,ASO,ES,Federal Contract Tower,0,20,21,2,43,0,9,24,0,33,0,29,45,2,76,8,0,8,84
05/25/2000,ABY,GA,ASO,ES,Federal Contract Tower,0,39,32,4,75,1,29,43,2,75,1,68,75,6,150,86,0,86,236
05/26/2000,ABY,GA,ASO,ES,Federal Contract Tower,0,17,18,2,37,0,13,25,0,38,0,30,43,2,75,30,0,30,105
05/27/2000,ABY,GA,ASO,ES,Federal Contract Tower,0,17,18,0,35,2,0,38,0,40,2,17,56,0,75,10,0,10,85
05/28/2000,ABY,GA,ASO,ES,Federal Contract Tower,0,10,8,0,18,0,6,14,0,20,0,16,22,0,38,8,0,8,46
05/29/2000,ABY,GA,ASO,ES,Federal Contract Tower,0,10,8,0,18,0,1,53,0,54,0,11,61,0,72,82,0,82,154
05/30/2000,ABY,GA,ASO,ES,Federal Contract Tower,0,22,22,2,46,0,13,45,8,66,0,35,67,10,112,66,0,66,178
05/31/2000,ABY,GA,ASO,ES,Federal Contract Tower,0,27,25,2,54,0,10,53,4,67,0,37,78,6,121,72,0,72,193
06/01/2000,ABY,GA,ASO,ES,Federal Contract Tower,0,31,19,2,52,0,2,61,1,64,0,33,80,3,116,66,0,66,182
06/02/2000,ABY,GA,ASO,ES,Federal Contract Tower,0,22,13,2,37,0,5,73,2,80,0,27,86,4,117,30,0,30,147
06/03/2000,ABY,GA,ASO,ES,Federal Contract Tower,1,13,8,0,22,0,2,47,0,49,1,15,55,0,71,60,0,60,131
06/04/2000,ABY,GA,ASO,ES,Federal Contract Tower,0,8,6,1,15,0,0,29,3,32,0,8,35,4,47,61,0,61,108
06/05/2000,ABY,GA,ASO,ES,Federal Contract Tower,0,34,20,2,56,0,16,15,0,31,0,50,35,2,87,6,0,6,93
06/06/2000,ABY,GA,ASO,ES,Federal Contract Tower,0,29,17,2,48,0,4,27,2,33,0,33,44,4,81,86,0,86,167
06/07/2000,ABY,GA,ASO,ES,Federal Contract Tower,0,29,17,2,48,0,7,29,5,41,0,36,46,7,89,54,0,54,143
06/08/2000,ABY,GA,ASO,ES,Federal Contract Tower,1,29,19,3,52,0,0,82,5,87,1,29,101,8,139,50,6,56,195
06/09/2000,ABY,GA,ASO,ES,Federal Contract Tower,0,25,15,2,42,0,5,36,2,43,0,30,51,4,85,24,0,24,109
06/10/2000,ABY,GA,ASO,ES,Federal Contract Tower,1,14,9,0,24,0,0,43,0,43,1,14,52,0,67,0,0,0,67
06/11/2000,ABY,GA,ASO,ES,Federal Contract Tower,0,10,6,0,16,0,1,35,2,38,0,11,41,2,54,10,0,10,64
06/12/2000,ABY,GA,ASO,ES,Federal Contract Tower,0,20,12,0,32,0,10,25,0,35,0,30,37,0,67,16,0,16,83
06/13/2000,ABY,GA,ASO,ES,Federal Contract Tower,0,23,14,3,40,0,7,37,5,49,0,30,51,8,89,78,64,142,231
06/14/2000,ABY,GA,ASO,ES,Federal Contract Tower,0,26,16,0,42,0,1,40,0,41,0,27,56,0,83,2,0,2,85
06/15/2000,ABY,GA,ASO,ES,Federal Contract Tower,0,25,15,3,43,0,15,51,1,67,0,40,66,4,110,84,0,84,194
06/16/2000,ABY,GA,ASO,ES,Federal Contract Tower,0,24,16,3,43,0,0,43,6,49,0,24,59,9,92,38,6,44,136
06/17/2000,ABY,GA,ASO,ES,Federal Contract Tower,0,13,8,2,23,2,4,40,0,46,2,17,48,2,69,38,0,38,107
06/18/2000,ABY,GA,ASO,ES,Federal Contract Tower,0,9,6,0,15,0,0,22,0,22,0,9,28,0,37,52,0,52,89
06/19/2000,ABY,GA,ASO,ES,Federal Contract Tower,0,25,14,3,42,0,3,29,3,35,0,28,43,6,77,50,30,80,157
06/20/2000,ABY,GA,ASO,ES,Federal Contract Tower,0,24,13,0,37,0,13,22,0,35,0,37,35,0,72,52,0,52,124
06/21/2000,ABY,GA,ASO,ES,Federal Contract Tower,0,26,19,4,49,2,0,58,3,63,2,26,77,7,112,91,0,91,203
06/22/2000,ABY,GA,ASO,ES,Federal Contract Tower,0,25,13,3,41,2,3,43,1,49,2,28,56,4,90,48,0,48,138
06/23/2000,ABY,GA,ASO,ES,Federal Contract Tower,0,19,15,3,37,0,0,50,11,61,0,19,65,14,98,30,0,30,128
06/24/2000,ABY,GA,ASO,ES,Federal Contract Tower,0,12,7,0,19,1,5,20,0,26,1,17,27,0,45,4,0,4,49
06/25/2000,ABY,GA,ASO,ES,Federal Contract Tower,0,11,7,1,19,0,0,35,3,38,0,11,42,4,57,54,0,54,111
06/26/2000,ABY,GA,ASO,ES,Federal Contract Tower,0,27,15,2,44,0,0,39,4,43,0,27,54,6,87,46,16,62,149
06/27/2000,ABY,GA,ASO,ES,Federal Contract Tower,0,24,14,2,40,1,3,62,8,74,1,27,76,10,114,178,0,178,292
06/28/2000,ABY,GA,ASO,ES,Federal Contract Tower,0,25,14,2,41,0,4,53,0,57,0,29,67,2,98,70,10,80,178
06/29/2000,ABY,GA,ASO,ES,Federal Contract Tower,0,26,17,2,45,0,0,18,0,18,0,26,35,2,63,75,2,77,140
06/30/2000,ABY,GA,ASO,ES,Federal Contract Tower,0,28,18,2,48,0,0,66,0,66,0,28,84,2,114,40,6,46,160
07/01/2000,ABY,GA,ASO,ES,Federal Contract Tower,1,13,10,0,24,0,2,30,0,32,1,15,40,0,56,30,0,30,86
07/02/2000,ABY,GA,ASO,ES,Federal Contract Tower,0,8,5,0,13,0,0,22,2,24,0,8,27,2,37,26,0,26,63
07/03/2000,ABY,GA,ASO,ES,Federal Contract Tower,0,20,15,1,36,0,1,35,15,51,0,21,50,16,87,60,14,74,161
07/04/2000,ABY,GA,ASO,ES,Federal Contract Tower,0,8,7,0,15,0,3,27,0,30,0,11,34,0,45,30,0,30,75
07/05/2000,ABY,GA,ASO,ES,Federal Contract Tower,1,24,18,2,45,1,6,47,4,58,2,30,65,6,103,42,0,42,145
07/06/2000,ABY,GA,ASO,ES,Federal Contract Tower,1,24,18,2,45,0,5,55,0,60,1,29,73,2,105,92,0,92,197
07/07/2000,ABY,GA,ASO,ES,Federal Contract Tower,0,23,18,0,41,0,1,46,0,47,0,24,64,0,88,94,0,94,182
07/08/2000,ABY,GA,ASO,ES,Federal Contract Tower,1,13,14,1,29,1,0,24,1,26,2,13,38,2,55,8,0,8,63
07/09/2000,ABY,GA,ASO,ES,Federal Contract Tower,0,10,8,0,18,0,0,15,0,15,0,10,23,0,33,12,0,12,45
07/10/2000,ABY,GA,ASO,ES,Federal Contract Tower,0,22,17,2,41,0,8,13,3,24,0,30,30,5,65,24,16,40,105
07/11/2000,ABY,GA,ASO,ES,Federal Contract Tower,1,18,14,0,33,0,7,2,0,9,1,25,16,0,42,102,0,102,144
07/12/2000,ABY,GA,ASO,ES,Federal Contract Tower,0,21,16,0,37,0,7,12,0,19,0,28,28,0,56,16,0,16,72
07/13/2000,ABY,GA,ASO,ES,Federal Contract Tower,0,26,20,2,48,0,3,6,9,18,0,29,26,11,66,4,6,10,76
07/14/2000,ABY,GA,ASO,ES,Federal Contract Tower,0,28,21,2,51,0,2,35,0,37,0,30,56,2,88,68,0,68,156
07/15/2000,ABY,GA,ASO,ES,Federal Contract Tower,1,15,11,0,27,1,0,56,0,57,2,15,67,0,84,46,0,46,130
07/16/2000,ABY,GA,ASO,ES,Federal Contract Tower,0,10,16,0,26,0,0,30,0,30,0,10,46,0,56,10,0,10,66
07/17/2000,ABY,GA,ASO,ES,Federal Contract Tower,0,22,15,0,37,0,8,41,0,49,0,30,56,0,86,177,0,177,263
07/18/2000,ABY,GA,ASO,ES,Federal Contract Tower,0,24,17,2,43,0,4,30,0,34,0,28,47,2,77,64,0,64,141
07/19/2000,ABY,GA,ASO,ES,Federal Contract Tower,0,23,16,3,42,1,5,41,1,48,1,28,57,4,90,78,12,90,180
07/20/2000,ABY,GA,ASO,ES,Federal Contract Tower,0,20,13,0,33,0,5,39,0,44,0,25,52,0,77,38,0,38,115
07/21/2000,ABY,GA,ASO,ES,Federal Contract Tower,0,27,18,3,48,0,1,39,2,42,0,28,57,5,90,104,20,124,214
07/22/2000,ABY,GA,ASO,ES,Federal Contract Tower,0,12,10,2,24,1,0,27,6,34,1,12,37,8,58,64,0,64,122
07/23/2000,ABY,GA,ASO,ES,Federal Contract Tower,0,11,8,1,20,0,0,20,0,20,0,11,28,1,40,32,0,32,72
07/24/2000,ABY,GA,ASO,ES,Federal Contract Tower,0,26,20,2,48,1,0,33,0,34,1,26,53,2,82,102,0,102,184
07/25/2000,ABY,GA,ASO,ES,Federal Contract Tower,0,29,21,0,50,0,17,15,0,32,0,46,36,0,82,72,0,72,154
07/26/2000,ABY,GA,ASO,ES,Federal Contract Tower,0,27,20,2,49,0,3,13,16,32,0,30,33,18,81,106,0,106,187
07/27/2000,ABY,GA,ASO,ES,Federal Contract Tower,0,25,18,2,45,3,4,44,5,56,3,29,62,7,101,48,0,48,149
07/28/2000,ABY,GA,ASO,ES,Federal Contract Tower,0,29,21,3,53,0,2,45,3,50,0,31,66,6,103,2,20,22,125
07/29/2000,ABY,GA,ASO,ES,Federal Contract Tower,0,9,7,0,16,2,3,14,7,26,2,12,21,7,42,4,0,4,46
07/30/2000,ABY,GA,ASO,ES,Federal Contract Tower,0,8,8,0,16,0,0,28,2,30,0,8,36,2,46,4,0,4,50
07/31/2000,ABY,GA,ASO,ES,Federal Contract Tower,0,29,21,2,52,0,3,31,0,34,0,32,52,2,86,22,0,22,108
08/01/2000,ABY,GA,ASO,ES,Federal Contract Tower,0,21,15,2,38,0,6,13,0,19,0,27,28,2,57,6,0,6,63
08/02/2000,ABY,GA,ASO,ES,Federal Contract Tower,0,21,15,2,38,0,10,7,0,17,0,31,22,2,55,22,0,22,77
08/03/2000,ABY,GA,ASO,ES,Federal Contract Tower,1,30,20,4,55,0,3,26,6,35,1,33,46,10,90,130,0,130,220
08/04/2000,ABY,GA,ASO,ES,Federal Contract Tower,0,27,24,4,55,0,0,22,8,30,0,27,46,12,85,120,12,132,217
08/05/2000,ABY,GA,ASO,ES,Federal Contract Tower,1,13,10,0,24,0,0,22,0,22,1,13,32,0,46,4,0,4,50
08/06/2000,ABY,GA,ASO,ES,Federal Contract Tower,0,9,6,0,15,0,1,25,0,26,0,10,31,0,41,14,0,14,55
08/07/2000,ABY,GA,ASO,ES,Federal Contract Tower,0,24,16,3,43,0,3,32,1,36,0,27,48,4,79,148,0,148,227
08/08/2000,ABY,GA,ASO,ES,Federal Contract Tower,1,18,12,1,32,0,16,34,0,50,1,34,46,1,82,54,2,56,138
08/09/2000,ABY,GA,ASO,ES,Federal Contract Tower,1,26,17,3,47,0,6,35,0,41,1,32,52,3,88,24,16,40,128
08/10/2000,ABY,GA,ASO,ES,Federal Contract Tower,1,22,15,3,41,1,7,38,1,47,2,29,53,4,88,82,0,82,170
08/11/2000,ABY,GA,ASO,ES,Federal Contract Tower,0,24,16,3,43,0,7,58,11,76,0,31,74,14,119,29,0,29,148
08/12/2000,ABY,GA,ASO,ES,Federal Contract Tower,1,18,13,2,34,0,4,23,14,41,1,22,36,16,75,22,14,36,111
08/13/2000,ABY,GA,ASO,ES,Federal Contract Tower,0,9,6,1,16,0,13,40,4,57,0,22,46,5,73,36,0,36,109
08/14/2000,ABY,GA,ASO,ES,Federal Contract Tower,0,22,15,4,41,0,18,32,0,50,0,40,47,4,91,48,0,48,139
08/15/2000,ABY,GA,ASO,ES,Federal Contract Tower,0,25,17,4,46,0,5,53,8,66,0,30,70,12,112,30,6,36,148
08/16/2000,ABY,GA,ASO,ES,Federal Contract Tower,0,27,20,4,51,0,0,50,6,56,0,27,70,10,107,10,16,26,133
08/17/2000,ABY,GA,ASO,ES,Federal Contract Tower,0,26,15,2,43,1,5,51,0,57,1,31,66,2,100,14,0,14,114
08/18/2000,ABY,GA,ASO,ES,Federal Contract Tower,0,27,21,5,53,1,0,32,10,43,1,27,53,15,96,0,10,10,106
08/19/2000,ABY,GA,ASO,ES,Federal Contract Tower,0,13,8,0,21,1,0,24,0,25,1,13,32,0,46,30,0,30,76
08/20/2000,ABY,GA,ASO,ES,Federal Contract Tower,0,10,8,2,20,0,0,18,2,20,0,10,26,4,40,44,0,44,84
08/21/2000,ABY,GA,ASO,ES,Federal Contract Tower,0,22,13,0,35,0,9,20,0,29,0,31,33,0,64,118,0,118,182
08/22/2000,ABY,GA,ASO,ES,Federal Contract Tower,0,25,15,4,44,0,19,22,2,43,0,44,37,6,87,50,0,50,137
08/23/2000,ABY,GA,ASO,ES,Federal Contract Tower,0,27,16,4,47,0,16,33,0,49,0,43,49,4,96,48,0,48,144
08/24/2000,ABY,GA,ASO,ES,Federal Contract Tower,0,26,15,4,45,1,5,39,4,49,1,31,54,8,94,50,4,54,148
08/25/2000,ABY,GA,ASO,ES,Federal Contract Tower,0,27,17,4,48,0,1,24,5,30,0,28,41,9,78,42,0,42,120
08/26/2000,ABY,GA,ASO,ES,Federal Contract Tower,0,12,7,0,19,2,2,29,0,33,2,14,36,0,52,30,0,30,82
08/27/2000,ABY,GA,ASO,ES,Federal Contract Tower,0,9,5,0,14,0,1,11,0,12,0,10,16,0,26,26,0,26,52
08/28/2000,ABY,GA,ASO,ES,Federal Contract Tower,0,29,20,5,54,0,0,14,11,25,0,29,34,16,79,20,6,26,105
08/29/2000,ABY,GA,ASO,ES,Federal Contract Tower,0,30,20,3,53,0,0,14,7,21,0,30,34,10,74,24,0,24,98
08/30/2000,ABY,GA,ASO,ES,Federal Contract Tower,0,25,16,0,41,0,4,40,0,44,0,29,56,0,85,30,0,30,115
08/31/2000,ABY,GA,ASO,ES,Federal Contract Tower,0,22,14,0,36,0,5,32,0,37,0,27,46,0,73,40,0,40,113
09/01/2000,ABY,GA,ASO,ES,Federal Contract Tower,0,19,12,0,31,0,6,13,0,19,0,25,25,0,50,60,0,60,110
09/02/2000,ABY,GA,ASO,ES,Federal Contract Tower,1,14,9,0,24,0,1,16,0,17,1,15,25,0,41,38,0,38,79
09/03/2000,ABY,GA,ASO,ES,Federal Contract Tower,0,5,5,0,10,0,0,10,0,10,0,5,15,0,20,14,0,14,34
09/04/2000,ABY,GA,ASO,ES,Federal Contract Tower,0,8,6,0,14,0,0,21,0,21,0,8,27,0,35,20,0,20,55
09/05/2000,ABY,GA,ASO,ES,Federal Contract Tower,0,24,14,2,40,0,1,3,0,4,0,25,17,2,44,20,4,24,68
09/06/2000,ABY,GA,ASO,ES,Federal Contract Tower,0,19,10,0,29,0,5,0,0,5,0,24,10,0,34,0,0,0,34
09/07/2000,ABY,GA,ASO,ES,Federal Contract Tower,1,36,21,4,62,0,0,7,0,7,1,36,28,4,69,88,0,88,157
09/08/2000,ABY,GA,ASO,ES,Federal Contract Tower,0,19,12,2,33,0,8,31,13,52,0,27,43,15,85,80,6,86,171
09/09/2000,ABY,GA,ASO,ES,Federal Contract Tower,1,14,8,1,24,0,2,13,1,16,1,16,21,2,40,18,0,18,58
09/10/2000,ABY,GA,ASO,ES,Federal Contract Tower,0,11,8,0,19,0,0,39,0,39,0,11,47,0,58,46,0,46,104
09/11/2000,ABY,GA,ASO,ES,Federal Contract Tower,1,27,16,3,47,0,2,42,4,48,1,29,58,7,95,94,0,94,189
09/12/2000,ABY,GA,ASO,ES,Federal Contract Tower,1,23,14,0,38,1,5,36,0,42,2,28,50,0,80,54,0,54,134
09/13/2000,ABY,GA,ASO,ES,Federal Contract Tower,1,25,18,3,47,0,0,49,3,52,1,25,67,6,99,50,0,50,149
09/14/2000,ABY,GA,ASO,ES,Federal Contract Tower,0,20,11,2,33,0,7,32,13,52,0,27,43,15,85,70,16,86,171
09/15/2000,ABY,GA,ASO,ES,Federal Contract Tower,2,28,19,3,52,2,0,32,9,43,4,28,51,12,95,6,0,6,101
09/16/2000,ABY,GA,ASO,ES,Federal Contract Tower,0,13,7,0,20,1,2,44,0,47,1,15,51,0,67,34,0,34,101
09/17/2000,ABY,GA,ASO,ES,Federal Contract Tower,0,11,6,2,19,0,0,22,0,22,0,11,28,2,41,10,0,10,51
09/18/2000,ABY,GA,ASO,ES,Federal Contract Tower,0,25,13,0,38,0,3,6,0,9,0,28,19,0,47,8,0,8,55
09/19/2000,ABY,GA,ASO,ES,Federal Contract Tower,0,31,17,4,52,0,7,49,0,56,0,38,66,4,108,92,14,106,214
09/20/2000,ABY,GA,ASO,ES,Federal Contract Tower,0,28,16,1,45,0,0,26,0,26,0,28,42,1,71,56,0,56,127
09/21/2000,ABY,GA,ASO,ES,Federal Contract Tower,0,29,16,2,47,2,0,15,0,17,2,29,31,2,64,0,0,0,64
09/22/2000,ABY,GA,ASO,ES,Federal Contract Tower,0,19,10,0,29,0,2,1,0,3,0,21,11,0,32,0,0,0,32
09/23/2000,ABY,GA,ASO,ES,Federal Contract Tower,0,17,9,0,26,1,2,17,0,20,1,19,26,0,46,4,0,4,50
09/24/2000,ABY,GA,ASO,ES,Federal Contract Tower,0,10,8,1,19,0,0,25,1,26,0,10,33,2,45,54,0,54,99
09/25/2000,ABY,GA,ASO,ES,Federal Contract Tower,1,27,20,3,51,0,0,29,14,43,1,27,49,17,94,48,18,66,160
09/26/2000,ABY,GA,ASO,ES,Federal Contract Tower,0,26,15,3,44,2,2,48,1,53,2,28,63,4,97,32,32,64,161
09/27/2000,ABY,GA,ASO,ES,Federal Contract Tower,1,33,18,3,55,0,10,69,3,82,1,43,87,6,137,78,4,82,219
09/28/2000,ABY,GA,ASO,ES,Federal Contract Tower,1,32,18,3,54,0,0,37,6,43,1,32,55,9,97,8,20,28,125
09/29/2000,ABY,GA,ASO,ES,Federal Contract Tower,0,27,16,0,43,0,4,30,0,34,0,31,46,0,77,6,0,6,83
09/30/2000,ABY,GA,ASO,ES,Federal Contract Tower,0,15,8,1,24,2,1,42,1,46,2,16,50,2,70,64,0,64,134
10/01/2000,ABY,GA,ASO,ES,Federal Contract Tower,0,15,13,0,28,0,0,41,0,41,0,15,54,0,69,16,0,16,85
10/02/2000,ABY,GA,ASO,ES,Federal Contract Tower,0,23,16,1,40,0,9,35,5,49,0,32,51,6,89,46,0,46,135
10/03/2000,ABY,GA,ASO,ES,Federal Contract Tower,1,24,19,2,46,2,5,30,8,45,3,29,49,10,91,10,0,10,101
10/04/2000,ABY,GA,ASO,ES,Federal Contract Tower,1,25,20,2,48,0,6,43,0,49,1,31,63,2,97,48,20,68,165
10/05/2000,ABY,GA,ASO,ES,Federal Contract Tower,0,28,22,0,50,0,6,31,0,37,0,34,53,0,87,16,0,16,103
10/06/2000,ABY,GA,ASO,ES,Federal Contract Tower,0,8,6,0,14,0,21,12,0,33,0,29,18,0,47,0,0,0,47
10/07/2000,ABY,GA,ASO,ES,Federal Contract Tower,1,15,13,0,29,0,0,28,0,28,1,15,41,0,57,8,0,8,65
10/08/2000,ABY,GA,ASO,ES,Federal Contract Tower,0,9,8,0,17,0,3,13,0,16,0,12,21,0,33,14,0,14,47
10/09/2000,ABY,GA,ASO,ES,Federal Contract Tower,0,17,12,0,29,0,0,18,0,18,0,17,30,0,47,28,0,28,75
10/10/2000,ABY,GA,ASO,ES,Federal Contract Tower,1,28,20,2,51,0,3,31,11,45,1,31,51,13,96,108,12,120,216
10/11/2000,ABY,GA,ASO,ES,Federal Contract Tower,1,24,17,0,42,0,7,40,0,47,1,31,57,0,89,46,0,46,135
10/12/2000,ABY,GA,ASO,ES,Federal Contract Tower,1,27,19,0,47,1,0,38,0,39,2,27,57,0,86,32,0,32,118
10/13/2000,ABY,GA,ASO,ES,Federal Contract Tower,0,28,21,2,51,0,3,64,2,69,0,31,85,4,120,22,0,22,142
10/14/2000,ABY,GA,ASO,ES,Federal Contract Tower,1,15,10,1,27,0,4,49,2,55,1,19,59,3,82,20,0,20,102
10/15/2000,ABY,GA,ASO,ES,Federal Contract Tower,0,12,10,1,23,0,0,33,3,36,0,12,43,4,59,18,0,18,77
10/16/2000,ABY,GA,ASO,ES,Federal Contract Tower,1,25,19,2,47,0,0,52,0,52,1,25,71,2,99,16,0,16,115
10/17/2000,ABY,GA,ASO,ES,Federal Contract Tower,1,31,22,0,54,1,7,47,0,55,2,38,69,0,109,92,0,92,201
10/18/2000,ABY,GA,ASO,ES,Federal Contract Tower,0,21,15,0,36,0,8,43,0,51,0,29,58,0,87,12,0,12,99
10/19/2000,ABY,GA,ASO,ES,Federal Contract Tower,1,25,18,2,46,0,4,33,8,45,1,29,51,10,91,26,0,26,117
10/20/2000,ABY,GA,ASO,ES,Federal Contract Tower,1,29,21,2,53,0,8,62,2,72,1,37,83,4,125,80,12,92,217
10/21/2000,ABY,GA,ASO,ES,Federal Contract Tower,1,15,12,0,28,0,0,16,0,16,1,15,28,0,44,6,0,6,50
10/22/2000,ABY,GA,ASO,ES,Federal Contract Tower,0,9,12,2,23,0,0,85,7,92,0,9,97,9,115,14,8,22,137
10/23/2000,ABY,GA,ASO,ES,Federal Contract Tower,0,31,23,4,58,0,0,48,3,51,0,31,71,7,109,14,20,34,143
10/24/2000,ABY,GA,ASO,ES,Federal Contract Tower,0,26,23,3,52,1,0,66,10,77,1,26,89,13,129,50,22,72,201
10/25/2000,ABY,GA,ASO,ES,Federal Contract Tower,0,26,23,2,51,1,0,51,0,52,1,26,74,2,103,98,0,98,201
10/26/2000,ABY,GA,ASO,ES,Federal Contract Tower,0,33,24,0,57,1,13,50,0,64,1,46,74,0,121,60,0,60,181
10/27/2000,ABY,GA,ASO,ES,Federal Contract Tower,0,29,21,3,53,0,12,39,5,56,0,41,60,8,109,60,16,76,185
10/28/2000,ABY,GA,ASO,ES,Federal Contract Tower,0,18,13,0,31,1,0,36,0,37,1,18,49,0,68,16,0,16,84
10/29/2000,ABY,GA,ASO,ES,Federal Contract Tower,0,10,13,0,23,0,0,37,0,37,0,10,50,0,60,86,0,86,146
10/30/2000,ABY,GA,ASO,ES,Federal Contract Tower,0,19,20,1,40,0,7,13,5,25,0,26,33,6,65,18,6,24,89
10/31/2000,ABY,GA,ASO,ES,Federal Contract Tower,0,26,26,2,54,1,0,36,0,37,1,26,62,2,91,56,0,56,147
11/01/2000,ABY,GA,ASO,ES,Federal Contract Tower,1,23,24,1,49,0,10,28,5,43,1,33,52,6,92,50,2,52,144
11/02/2000,ABY,GA,ASO,ES,Federal Contract Tower,2,26,27,1,56,0,4,16,2,22,2,30,43,3,78,10,0,10,88
11/03/2000,ABY,GA,ASO,ES,Federal Contract Tower,0,22,23,1,46,0,4,64,1,69,0,26,87,2,115,28,0,28,143
11/04/2000,ABY,GA,ASO,ES,Federal Contract Tower,1,16,20,2,39,1,0,36,2,39,2,16,56,4,78,56,0,56,134
11/05/2000,ABY,GA,ASO,ES,Federal Contract Tower,1,10,16,0,27,1,0,53,0,54,2,10,69,0,81,68,0,68,149
11/06/2000,ABY,GA,ASO,ES,Federal Contract Tower,1,29,30,0,60,0,0,36,0,36,1,29,66,0,96,28,0,28,124
11/07/2000,ABY,GA,ASO,ES,Federal Contract Tower,1,22,23,0,46,0,4,14,0,18,1,26,37,0,64,24,0,24,88
11/08/2000,ABY,GA,ASO,ES,Federal Contract Tower,1,22,23,2,48,0,3,20,6,29,1,25,43,8,77,94,10,104,181
11/09/2000,ABY,GA,ASO,ES,Federal Contract Tower,2,26,20,0,48,1,9,0,0,10,3,35,20,0,58,2,0,2,60
11/10/2000,ABY,GA,ASO,ES,Federal Contract Tower,0,22,23,1,46,0,6,64,1,71,0,28,87,2,117,90,0,90,207
11/11/2000,ABY,GA,ASO,ES,Federal Contract Tower,1,11,12,0,24,0,3,62,2,67,1,14,74,2,91,68,0,68,159
11/12/2000,ABY,GA,ASO,ES,Federal Contract Tower,0,10,19,1,30,0,0,60,1,61,0,10,79,2,91,78,0,78,169
11/13/2000,ABY,GA,ASO,ES,Federal Contract Tower,0,25,26,2,53,0,6,37,10,53,0,31,63,12,106,52,10,62,168
11/14/2000,ABY,GA,ASO,ES,Federal Contract Tower,2,27,27,0,56,0,5,33,0,38,2,32,60,0,94,76,0,76,170
11/15/2000,ABY,GA,ASO,ES,Federal Contract Tower,1,28,29,2,60,0,7,26,0,33,1,35,55,2,93,50,0,50,143
11/16/2000,ABY,GA,ASO,ES,Federal Contract Tower,1,32,31,3,67,0,9,52,5,66,1,41,83,8,133,116,16,132,265
11/17/2000,ABY,GA,ASO,ES,Federal Contract Tower,1,33,37,3,74,1,0,13,3,17,2,33,50,6,91,4,0,4,95
11/18/2000,ABY,GA,ASO,ES,Federal Contract Tower,0,25,24,1,50,1,0,15,0,16,1,25,39,1,66,12,0,12,78
11/19/2000,ABY,GA,ASO,ES,Federal Contract Tower,0,29,20,2,51,0,10,0,0,10,0,39,20,2,61,0,0,0,61
11/20/2000,ABY,GA,ASO,ES,Federal Contract Tower,0,28,26,2,56,0,1,24,6,31,0,29,50,8,87,22,0,22,109
11/21/2000,ABY,GA,ASO,ES,Federal Contract Tower,1,30,29,0,60,0,9,40,0,49,1,39,69,0,109,46,0,46,155
11/22/2000,ABY,GA,ASO,ES,Federal Contract Tower,0,29,29,3,61,0,0,67,3,70,0,29,96,6,131,58,4,62,193
11/23/2000,ABY,GA,ASO,ES,Federal Contract Tower,0,11,9,0,20,2,2,10,0,14,2,13,19,0,34,66,0,66,100
11/24/2000,ABY,GA,ASO,ES,Federal Contract Tower,0,15,13,0,28,1,4,24,0,29,1,19,37,0,57,0,0,0,57
11/25/2000,ABY,GA,ASO,ES,Federal Contract Tower,0,13,12,0,25,0,0,6,0,6,0,13,18,0,31,24,0,24,55
11/26/2000,ABY,GA,ASO,ES,Federal Contract Tower,0,15,23,0,38,0,0,47,0,47,0,15,70,0,85,56,4,60,145
11/27/2000,ABY,GA,ASO,ES,Federal Contract Tower,0,27,27,1,55,1,3,45,4,53,1,30,72,5,108,42,0,42,150
11/28/2000,ABY,GA,ASO,ES,Federal Contract Tower,1,32,31,2,66,0,0,53,1,54,1,32,84,3,120,28,0,28,148
11/29/2000,ABY,GA,ASO,ES,Federal Contract Tower,1,27,27,1,56,0,5,58,1,64,1,32,85,2,120,158,0,158,278
11/30/2000,ABY,GA,ASO,ES,Federal Contract Tower,1,35,38,3,77,0,0,69,1,70,1,35,107,4,147,60,36,96,243
12/01/2000,ABY,GA,ASO,ES,Federal Contract Tower,0,28,31,1,60,0,2,46,1,49,0,30,77,2,109,38,0,38,147
12/02/2000,ABY,GA,ASO,ES,Federal Contract Tower,1,14,15,0,30,0,0,32,1,33,1,14,47,1,63,44,0,44,107
12/03/2000,ABY,GA,ASO,ES,Federal Contract Tower,0,12,21,0,33,0,0,19,2,21,0,12,40,2,54,24,0,24,78
12/04/2000,ABY,GA,ASO,ES,Federal Contract Tower,1,29,33,1,64,0,0,34,2,36,1,29,67,3,100,28,0,28,128
12/05/2000,ABY,GA,ASO,ES,Federal Contract Tower,2,32,34,0,68,0,5,54,0,59,2,37,88,0,127,46,0,46,173
12/06/2000,ABY,GA,ASO,ES,Federal Contract Tower,1,34,36,1,72,0,6,64,3,73,1,40,100,4,145,80,16,96,241
12/07/2000,ABY,GA,ASO,ES,Federal Contract Tower,1,29,37,1,68,0,0,42,5,47,1,29,79,6,115,74,0,74,189
12/08/2000,ABY,GA,ASO,ES,Federal Contract Tower,0,28,31,1,60,0,0,50,3,53,0,28,81,4,113,42,34,76,189
12/09/2000,ABY,GA,ASO,ES,Federal Contract Tower,1,19,21,0,41,0,0,8,1,9,1,19,29,1,50,0,0,0,50
12/10/2000,ABY,GA,ASO,ES,Federal Contract Tower,0,14,17,0,31,0,0,4,2,6,0,14,21,2,37,0,0,0,37
12/11/2000,ABY,GA,ASO,ES,Federal Contract Tower,0,29,28,0,57,0,1,2,0,3,0,30,30,0,60,0,0,0,60
12/12/2000,ABY,GA,ASO,ES,Federal Contract Tower,2,32,34,0,68,7,0,14,0,21,9,32,48,0,89,44,0,44,133
12/13/2000,ABY,GA,ASO,ES,Federal Contract Tower,1,35,35,2,73,0,4,26,4,34,1,39,61,6,107,32,26,58,165
12/14/2000,ABY,GA,ASO,ES,Federal Contract Tower,2,25,38,0,65,0,0,24,0,24,2,25,62,0,89,6,0,6,95
12/15/2000,ABY,GA,ASO,ES,Federal Contract Tower,0,26,25,2,53,0,3,0,2,5,0,29,25,4,58,0,2,2,60
12/16/2000,ABY,GA,ASO,ES,Federal Contract Tower,1,18,15,0,34,3,1,0,0,4,4,19,15,0,38,0,0,0,38
12/17/2000,ABY,GA,ASO,ES,Federal Contract Tower,0,4,13,0,17,1,0,28,0,29,1,4,41,0,46,48,0,48,94
12/18/2000,ABY,GA,ASO,ES,Federal Contract Tower,0,23,22,1,46,0,5,69,4,78,0,28,91,5,124,96,8,104,228
12/19/2000,ABY,GA,ASO,ES,Federal Contract Tower,2,22,21,0,45,0,25,22,0,47,2,47,43,0,92,4,0,4,96
12/20/2000,ABY,GA,ASO,ES,Federal Contract Tower,1,29,28,0,58,1,5,39,0,45,2,34,67,0,103,64,0,64,167
12/21/2000,ABY,GA,ASO,ES,Federal Contract Tower,1,17,19,1,38,4,0,11,7,22,5,17,30,8,60,0,0,0,60
12/22/2000,ABY,GA,ASO,ES,Federal Contract Tower,2,22,21,0,45,6,11,27,0,44,8,33,48,0,89,32,0,32,121
12/23/2000,ABY,GA,ASO,ES,Federal Contract Tower,1,12,15,0,28,3,0,43,0,46,4,12,58,0,74,46,0,46,120
12/24/2000,ABY,GA,ASO,ES,Federal Contract Tower,0,4,3,0,7,0,2,23,0,25,0,6,26,0,32,24,0,24,56
12/25/2000,ABY,GA,ASO,ES,Federal Contract Tower,0,7,6,0,13,0,1,19,0,20,0,8,25,0,33,0,0,0,33
12/26/2000,ABY,GA,ASO,ES,Federal Contract Tower,1,24,24,0,49,0,21,24,0,45,1,45,48,0,94,18,0,18,112
12/27/2000,ABY,GA,ASO,ES,Federal Contract Tower,0,25,25,0,50,0,3,27,0,30,0,28,52,0,80,26,0,26,106
12/28/2000,ABY,GA,ASO,ES,Federal Contract Tower,0,18,15,0,33,0,6,0,0,6,0,24,15,0,39,0,0,0,39
12/29/2000,ABY,GA,ASO,ES,Federal Contract Tower,1,25,26,0,52,0,10,16,0,26,1,35,42,0,78,16,0,16,94
12/30/2000,ABY,GA,ASO,ES,Federal Contract Tower,0,13,14,0,27,2,2,5,0,9,2,15,19,0,36,0,0,0,36
12/31/2000,ABY,GA,ASO,ES,Federal Contract Tower,0,7,8,0,15,0,1,24,0,25,0,8,32,0,40,6,0,6,46
01/01/2001,ABY,GA,ASO,ES,Federal Contract Tower,0,6,7,0,13,0,0,6,0,6,0,6,13,0,19,6,0,6,25
01/02/2001,ABY,GA,ASO,ES,Federal Contract Tower,0,23,22,0,45,0,8,13,0,21,0,31,35,0,66,8,0,8,74
01/03/2001,ABY,GA,ASO,ES,Federal Contract Tower,1,25,24,2,52,0,10,21,2,33,1,35,45,4,85,2,0,2,87
01/04/2001,ABY,GA,ASO,ES,Federal Contract Tower,0,26,25,0,51,0,11,33,0,44,0,37,58,0,95,18,0,18,113
01/05/2001,ABY,GA,ASO,ES,Federal Contract Tower,0,28,26,2,56,0,12,26,4,42,0,40,52,6,98,8,0,8,106
01/06/2001,ABY,GA,ASO,ES,Federal Contract Tower,0,14,14,0,28,0,6,84,0,90,0,20,98,0,118,34,0,34,152
01/07/2001,ABY,GA,ASO,ES,Federal Contract Tower,0,14,20,2,36,0,0,41,0,41,0,14,61,2,77,18,0,18,95
01/08/2001,ABY,GA,ASO,ES,Federal Contract Tower,0,25,24,2,51,0,5,26,11,42,0,30,50,13,93,16,6,22,115
01/09/2001,ABY,GA,ASO,ES,Federal Contract Tower,1,34,29,3,67,0,2,43,5,50,1,36,72,8,117,8,0,8,125
01/10/2001,ABY,GA,ASO,ES,Federal Contract Tower,1,33,27,2,63,0,2,30,0,32,1,35,57,2,95,48,0,48,143
01/11/2001,ABY,GA,ASO,ES,Federal Contract Tower,0,27,21,3,51,1,11,14,3,29,1,38,35,6,80,22,14,36,116
01/12/2001,ABY,GA,ASO,ES,Federal Contract Tower,0,14,13,0,27,1,0,53,0,54,1,14,66,0,81,44,0,44,125
01/13/2001,ABY,GA,ASO,ES,Federal Contract Tower,0,17,16,0,33,0,0,44,0,44,0,17,60,0,77,24,0,24,101
01/14/2001,ABY,GA,ASO,ES,Federal Contract Tower,0,40,34,3,77,0,18,10,5,33,0,58,44,8,110,26,0,26,136
01/15/2001,ABY,GA,ASO,ES,Federal Contract Tower,0,17,18,0,35,0,0,32,0,32,0,17,50,0,67,44,0,44,111
01/16/2001,ABY,GA,ASO,ES,Federal Contract Tower,0,33,35,4,72,0,0,35,0,35,0,33,70,4,107,8,0,8,115
01/17/2001,ABY,GA,ASO,ES,Federal Contract Tower,0,30,27,1,58,0,5,24,3,32,0,35,51,4,90,34,0,34,124
01/18/2001,ABY,GA,ASO,ES,Federal Contract Tower,0,25,35,2,62,0,0,37,4,41,0,25,72,6,103,22,0,22,125
01/19/2001,ABY,GA,ASO,ES,Federal Contract Tower,0,19,16,0,35,0,2,0,0,2,0,21,16,0,37,0,0,0,37
01/20/2001,ABY,GA,ASO,ES,Federal Contract Tower,0,16,20,0,36,2,0,46,0,48,2,16,66,0,84,4,0,4,88
01/21/2001,ABY,GA,ASO,ES,Federal Contract Tower,0,13,18,0,31,0,0,59,0,59,0,13,77,0,90,48,0,48,138
01/22/2001,ABY,GA,ASO,ES,Federal Contract Tower,0,27,23,0,50,0,21,34,0,55,0,48,57,0,105,38,0,38,143
01/23/2001,ABY,GA,ASO,ES,Federal Contract Tower,0,25,21,1,47,1,8,36,1,46,1,33,57,2,93,32,0,32,125
01/24/2001,ABY,GA,ASO,ES,Federal Contract Tower,0,29,26,1,56,0,5,50,3,58,0,34,76,4,114,32,16,48,162
01/25/2001,ABY,GA,ASO,ES,Federal Contract Tower,0,30,26,1,57,0,1,28,3,32,0,31,54,4,89,44,0,44,133
01/26/2001,ABY,GA,ASO,ES,Federal Contract Tower,0,31,31,0,62,0,0,37,0,37,0,31,68,0,99,18,0,18,117
01/27/2001,ABY,GA,ASO,ES,Federal Contract Tower,0,21,19,1,41,1,0,55,1,57,1,21,74,2,98,48,0,48,146
01/28/2001,ABY,GA,ASO,ES,Federal Contract Tower,0,12,17,0,29,0,0,60,0,60,0,12,77,0,89,38,0,38,127
01/29/2001,ABY,GA,ASO,ES,Federal Contract Tower,0,22,20,1,43,0,6,28,1,35,0,28,48,2,78,4,0,4,82
01/30/2001,ABY,GA,ASO,ES,Federal Contract Tower,0,27,24,1,52,1,9,57,1,68,1,36,81,2,120,62,0,62,182
01/31/2001,ABY,GA,ASO,ES,Federal Contract Tower,0,29,25,1,55,0,3,10,11,24,0,32,35,12,79,0,0,0,79
02/01/2001,ABY,GA,ASO,ES,Federal Contract Tower,1,35,38,2,76,0,4,10,6,20,1,39,48,8,96,24,4,28,124
02/02/2001,ABY,GA,ASO,ES,Federal Contract Tower,1,17,23,2,43,0,0,43,0,43,1,17,66,2,86,48,0,48,134
02/03/2001,ABY,GA,ASO,ES,Federal Contract Tower,0,23,25,1,49,0,7,18,1,26,0,30,43,2,75,16,0,16,91
02/04/2001,ABY,GA,ASO,ES,Federal Contract Tower,1,17,23,1,42,0,0,67,7,74,1,17,90,8,116,62,0,62,178
02/05/2001,ABY,GA,ASO,ES,Federal Contract Tower,0,22,24,1,47,0,10,37,5,52,0,32,61,6,99,38,8,46,145
02/06/2001,ABY,GA,ASO,ES,Federal Contract Tower,0,26,29,2,57,0,0,32,5,37,0,26,61,7,94,16,18,34,128
02/07/2001,ABY,GA,ASO,ES,Federal Contract Tower,0,25,27,2,54,0,6,41,7,54,0,31,68,9,108,24,2,26,134
02/08/2001,ABY,GA,ASO,ES,Federal Contract Tower,1,33,36,2,72,0,0,65,2,67,1,33,101,4,139,58,0,58,197
02/09/2001,ABY,GA,ASO,ES,Federal Contract Tower,1,31,37,2,71,0,0,30,6,36,1,31,67,8,107,62,0,62,169
02/10/2001,ABY,GA,ASO,ES,Federal Contract Tower,1,20,20,0,41,1,1,8,0,10,2,21,28,0,51,0,0,0,51
02/11/2001,ABY,GA,ASO,ES,Federal Contract Tower,1,11,25,2,39,0,0,74,1,75,1,11,99,3,114,50,0,50,164
02/12/2001,ABY,GA,ASO,ES,Federal Contract Tower,0,31,33,1,65,0,7,1,0,8,0,38,34,1,73,52,0,52,125
02/13/2001,ABY,GA,ASO,ES,Federal Contract Tower,0,29,25,0,54,0,8,0,0,8,0,37,25,0,62,4,0,4,66
02/14/2001,ABY,GA,ASO,ES,Federal Contract Tower,0,18,22,2,42,0,0,14,2,16,0,18,36,4,58,38,0,38,96
02/15/2001,ABY,GA,ASO,ES,Federal Contract Tower,2,29,36,2,69,2,0,13,0,15,4,29,49,2,84,28,0,28,112
02/16/2001,ABY,GA,ASO,ES,Federal Contract Tower,0,30,30,0,60,1,17,3,0,21,1,47,33,0,81,24,0,24,105
02/17/2001,ABY,GA,ASO,ES,Federal Contract Tower,0,21,21,2,44,2,18,28,0,48,2,39,49,2,92,24,0,24,116
02/18/2001,ABY,GA,ASO,ES,Federal Contract Tower,0,18,19,2,39,0,0,71,0,71,0,18,90,2,110,24,0,24,134
02/19/2001,ABY,GA,ASO,ES,Federal Contract Tower,0,18,19,2,39,0,1,55,1,57,0,19,74,3,96,98,0,98,194
02/20/2001,ABY,GA,ASO,ES,Federal Contract Tower,0,30,32,2,64,0,17,25,0,42,0,47,57,2,106,174,0,174,280
02/21/2001,ABY,GA,ASO,ES,Federal Contract Tower,0,26,26,2,54,2,5,5,0,12,2,31,31,2,66,18,0,18,84
02/22/2001,ABY,GA,ASO,ES,Federal Contract Tower,1,35,40,2,78,0,0,32,4,36,1,35,72,6,114,21,0,21,135
02/23/2001,ABY,GA,ASO,ES,Federal Contract Tower,1,30,33,2,66,3,0,32,4,39,4,30,65,6,105,48,30,78,183
02/24/2001,ABY,GA,ASO,ES,Federal Contract Tower,0,25,27,0,52,1,0,27,0,28,1,25,54,0,80,14,0,14,94
02/25/2001,ABY,GA,ASO,ES,Federal Contract Tower,0,11,18,1,30,1,0,10,1,12,1,11,28,2,42,6,0,6,48
02/26/2001,ABY,GA,ASO,ES,Federal Contract Tower,0,31,32,2,65,0,11,35,7,53,0,42,67,9,118,56,0,56,174
02/27/2001,ABY,GA,ASO,ES,Federal Contract Tower,0,35,37,2,74,0,0,50,2,52,0,35,87,4,126,68,0,68,194
02/28/2001,ABY,GA,ASO,ES,Federal Contract Tower,1,30,33,0,64,0,5,21,0,26,1,35,54,0,90,62,0,62,152
03/01/2001,ABY,GA,ASO,ES,Federal Contract Tower,1,34,24,3,62,0,3,30,3,36,1,37,54,6,98,30,0,30,128
03/02/2001,ABY,GA,ASO,ES,Federal Contract Tower,0,30,21,3,54,0,34,9,11,54,0,64,30,14,108,10,8,18,126
03/03/2001,ABY,GA,ASO,ES,Federal Contract Tower,1,11,7,0,19,0,4,0,0,4,1,15,7,0,23,0,0,0,23
03/04/2001,ABY,GA,ASO,ES,Federal Contract Tower,0,11,11,1,23,0,0,6,5,11,0,11,17,6,34,0,0,0,34
03/05/2001,ABY,GA,ASO,ES,Federal Contract Tower,0,25,18,2,45,0,2,24,3,29,0,27,42,5,74,0,0,0,74
03/06/2001,ABY,GA,ASO,ES,Federal Contract Tower,0,27,19,3,49,0,2,21,1,24,0,29,40,4,73,18,10,28,101
03/07/2001,ABY,GA,ASO,ES,Federal Contract Tower,0,24,16,0,40,0,11,45,0,56,0,35,61,0,96,24,0,24,120
03/08/2001,ABY,GA,ASO,ES,Federal Contract Tower,1,34,24,3,62,0,7,71,9,87,1,41,95,12,149,40,6,46,195
03/09/2001,ABY,GA,ASO,ES,Federal Contract Tower,0,24,16,2,42,0,8,3,2,13,0,32,19,4,55,6,0,6,61
03/10/2001,ABY,GA,ASO,ES,Federal Contract Tower,1,12,12,0,25,0,0,55,0,55,1,12,67,0,80,56,0,56,136
03/11/2001,ABY,GA,ASO,ES,Federal Contract Tower,0,10,12,1,23,0,0,66,1,67,0,10,78,2,90,12,0,12,102
03/12/2001,ABY,GA,ASO,ES,Federal Contract Tower,0,15,2,0,17,0,10,0,0,10,0,25,2,0,27,0,0,0,27
03/13/2001,ABY,GA,ASO,ES,Federal Contract Tower,0,38,26,3,67,0,3,36,11,50,0,41,62,14,117,102,20,122,239
03/14/2001,ABY,GA,ASO,ES,Federal Contract Tower,0,29,20,3,52,0,0,24,8,32,0,29,44,11,84,12,0,12,96
03/15/2001,ABY,GA,ASO,ES,Federal Contract Tower,1,33,21,3,58,5,4,21,3,33,6,37,42,6,91,38,8,46,137
03/16/2001,ABY,GA,ASO,ES,Federal Contract Tower,0,33,25,4,62,0,0,44,30,74,0,33,69,34,136,78,18,96,232
03/17/2001,ABY,GA,ASO,ES,Federal Contract Tower,0,25,16,3,44,1,3,50,1,55,1,28,66,4,99,4,0,4,103
03/18/2001,ABY,GA,ASO,ES,Federal Contract Tower,0,14,12,2,28,0,0,18,22,40,0,14,30,24,68,24,8,32,100
03/19/2001,ABY,GA,ASO,ES,Federal Contract Tower,0,25,8,0,33,0,22,0,0,22,0,47,8,0,55,12,0,12,67
03/20/2001,ABY,GA,ASO,ES,Federal Contract Tower,0,26,17,0,43,0,1,3,0,4,0,27,20,0,47,0,0,0,47
03/21/2001,ABY,GA,ASO,ES,Federal Contract Tower,0,28,18,4,50,1,3,2,14,20,1,31,20,18,70,2,2,4,74
03/22/2001,ABY,GA,ASO,ES,Federal Contract Tower,0,27,17,4,48,0,4,71,0,75,0,31,88,4,123,54,0,54,177
03/23/2001,ABY,GA,ASO,ES,Federal Contract Tower,0,26,16,0,42,0,6,57,0,63,0,32,73,0,105,4,0,4,109
03/24/2001,ABY,GA,ASO,ES,Federal Contract Tower,0,12,11,0,23,1,0,47,0,48,1,12,58,0,71,0,0,0,71
03/25/2001,ABY,GA,ASO,ES,Federal Contract Tower,0,12,12,0,24,0,0,23,0,23,0,12,35,0,47,8,0,8,55
03/26/2001,ABY,GA,ASO,ES,Federal Contract Tower,0,26,17,0,43,0,4,39,0,43,0,30,56,0,86,44,0,44,130
03/27/2001,ABY,GA,ASO,ES,Federal Contract Tower,0,32,21,4,57,0,13,48,24,85,0,45,69,28,142,44,0,44,186
03/28/2001,ABY,GA,ASO,ES,Federal Contract Tower,0,30,20,0,50,0,1,23,0,24,0,31,43,0,74,10,0,10,84
03/29/2001,ABY,GA,ASO,ES,Federal Contract Tower,0,27,15,3,45,0,5,0,1,6,0,32,15,4,51,0,0,0,51
03/30/2001,ABY,GA,ASO,ES,Federal Contract Tower,0,26,17,2,45,0,6,21,0,27,0,32,38,2,72,0,0,0,72
03/31/2001,ABY,GA,ASO,ES,Federal Contract Tower,0,14,10,0,24,2,23,13,0,38,2,37,23,0,62,18,0,18,80
04/01/2001,ABY,GA,ASO,ES,Federal Contract Tower,0,11,12,0,23,0,0,30,0,30,0,11,42,0,53,12,0,12,65
04/02/2001,ABY,GA,ASO,ES,Federal Contract Tower,0,26,20,0,46,0,2,42,0,44,0,28,62,0,90,88,0,88,178
04/03/2001,ABY,GA,ASO,ES,Federal Contract Tower,1,25,19,0,45,0,6,10,0,16,1,31,29,0,61,48,0,48,109
04/04/2001,ABY,GA,ASO,ES,Federal Contract Tower,1,24,19,2,46,0,7,32,1,40,1,31,51,3,86,16,0,16,102
04/05/2001,ABY,GA,ASO,ES,Federal Contract Tower,1,30,24,2,57,0,0,39,8,47,1,30,63,10,104,24,4,28,132
04/06/2001,ABY,GA,ASO,ES,Federal Contract Tower,0,32,28,3,63,0,0,77,7,84,0,32,105,10,147,104,0,104,251
04/07/2001,ABY,GA,ASO,ES,Federal Contract Tower,0,14,13,1,28,0,0,111,7,118,0,14,124,8,146,96,2,98,244
04/08/2001,ABY,GA,ASO,ES,Federal Contract Tower,0,10,11,2,23,0,0,60,0,60,0,10,71,2,83,32,0,32,115
04/09/2001,ABY,GA,ASO,ES,Federal Contract Tower,0,27,21,3,51,0,1,16,1,18,0,28,37,4,69,42,0,42,111
04/10/2001,ABY,GA,ASO,ES,Federal Contract Tower,0,32,26,4,62,1,0,61,12,74,1,32,87,16,136,64,0,64,200
04/11/2001,ABY,GA,ASO,ES,Federal Contract Tower,0,27,22,3,52,0,4,48,12,64,0,31,70,15,116,16,0,16,132
04/12/2001,ABY,GA,ASO,ES,Federal Contract Tower,0,27,21,2,50,0,5,27,0,32,0,32,48,2,82,6,0,6,88
04/13/2001,ABY,GA,ASO,ES,Federal Contract Tower,0,30,24,4,58,0,0,37,1,38,0,30,61,5,96,14,0,14,110
04/14/2001,ABY,GA,ASO,ES,Federal Contract Tower,0,15,16,2,33,0,0,66,0,66,0,15,82,2,99,56,4,60,159
04/15/2001,ABY,GA,ASO,ES,Federal Contract Tower,0,7,6,0,13,0,4,10,0,14,0,11,16,0,27,0,0,0,27
04/16/2001,ABY,GA,ASO,ES,Federal Contract Tower,0,25,17,2,44,0,4,18,0,22,0,29,35,2,66,10,0,10,76
04/17/2001,ABY,GA,ASO,ES,Federal Contract Tower,0,27,19,3,49,0,3,28,1,32,0,30,47,4,81,0,0,0,81
04/18/2001,ABY,GA,ASO,ES,Federal Contract Tower,0,32,23,3,58,0,2,32,14,48,0,34,55,17,106,88,24,112,218
04/19/2001,ABY,GA,ASO,ES,Federal Contract Tower,0,26,18,3,47,1,10,52,5,68,1,36,70,8,115,0,12,12,127
04/20/2001,ABY,GA,ASO,ES,Federal Contract Tower,0,23,15,3,41,0,3,41,3,47,0,26,56,6,88,24,0,24,112
04/21/2001,ABY,GA,ASO,ES,Federal Contract Tower,0,14,10,1,25,1,1,18,5,25,1,15,28,6,50,20,0,20,70
04/22/2001,ABY,GA,ASO,ES,Federal Contract Tower,0,14,13,1,28,0,0,21,5,26,0,14,34,6,54,32,0,32,86
04/23/2001,ABY,GA,ASO,ES,Federal Contract Tower,0,25,19,2,46,0,6,36,6,48,0,31,55,8,94,42,58,100,194
04/24/2001,ABY,GA,ASO,ES,Federal Contract Tower,0,26,19,2,47,0,4,30,4,38,0,30,49,6,85,78,0,78,163
04/25/2001,ABY,GA,ASO,ES,Federal Contract Tower,0,28,22,2,52,0,0,31,6,37,0,28,53,8,89,34,10,44,133
04/26/2001,ABY,GA,ASO,ES,Federal Contract Tower,0,25,18,2,45,0,7,41,0,48,0,32,59,2,93,50,0,50,143
04/27/2001,ABY,GA,ASO,ES,Federal Contract Tower,0,25,19,2,46,0,5,41,2,48,0,30,60,4,94,24,0,24,118
04/28/2001,ABY,GA,ASO,ES,Federal Contract Tower,0,15,13,0,28,1,0,71,0,72,1,15,84,0,100,30,0,30,130
04/29/2001,ABY,GA,ASO,ES,Federal Contract Tower,0,12,9,1,22,0,1,35,9,45,0,13,44,10,67,0,0,0,67
04/30/2001,ABY,GA,ASO,ES,Federal Contract Tower,0,25,19,0,44,0,0,33,0,33,0,25,52,0,77,40,0,40,117
05/01/2001,ABY,GA,ASO,ES,Federal Contract Tower,1,24,16,1,42,0,5,16,5,26,1,29,32,6,68,4,0,4,72
05/02/2001,ABY,GA,ASO,ES,Federal Contract Tower,0,28,19,2,49,0,7,38,4,49,0,35,57,6,98,4,0,4,102
05/03/2001,ABY,GA,ASO,ES,Federal Contract Tower,0,27,17,2,46,0,3,11,11,25,0,30,28,13,71,10,20,30,101
05/04/2001,ABY,GA,ASO,ES,Federal Contract Tower,0,31,21,2,54,0,2,47,10,59,0,33,68,12,113,28,16,44,157
05/05/2001,ABY,GA,ASO,ES,Federal Contract Tower,1,14,10,0,25,0,2,31,0,33,1,16,41,0,58,20,0,20,78
05/06/2001,ABY,GA,ASO,ES,Federal Contract Tower,0,12,14,1,27,0,0,35,3,38,0,12,49,4,65,36,0,36,101
05/07/2001,ABY,GA,ASO,ES,Federal Contract Tower,0,24,16,1,41,0,2,22,1,25,0,26,38,2,66,22,0,22,88
05/08/2001,ABY,GA,ASO,ES,Federal Contract Tower,1,40,26,2,69,0,33,50,0,83,1,73,76,2,152,50,2,52,204
05/09/2001,ABY,GA,ASO,ES,Federal Contract Tower,1,36,24,2,63,0,2,36,7,45,1,38,60,9,108,38,0,38,146
05/10/2001,ABY,GA,ASO,ES,Federal Contract Tower,1,30,27,3,61,0,0,68,12,80,1,30,95,15,141,44,52,96,237
05/11/2001,ABY,GA,ASO,ES,Federal Contract Tower,0,24,16,2,42,0,8,57,8,73,0,32,73,10,115,4,0,4,119
05/12/2001,ABY,GA,ASO,ES,Federal Contract Tower,1,14,11,0,26,1,0,37,0,38,2,14,48,0,64,28,0,28,92
05/13/2001,ABY,GA,ASO,ES,Federal Contract Tower,0,8,5,0,13,0,5,54,0,59,0,13,59,0,72,4,0,4,76
05/14/2001,ABY,GA,ASO,ES,Federal Contract Tower,0,24,16,2,42,0,14,20,9,43,0,38,36,11,85,16,14,30,115
05/15/2001,ABY,GA,ASO,ES,Federal Contract Tower,1,46,30,3,80,0,16,44,3,63,1,62,74,6,143,36,4,40,183
05/16/2001,ABY,GA,ASO,ES,Federal Contract Tower,0,22,13,2,37,0,8,50,10,68,0,30,63,12,105,12,0,12,117
05/17/2001,ABY,GA,ASO,ES,Federal Contract Tower,0,31,19,0,50,0,0,37,0,37,0,31,56,0,87,12,0,12,99
05/18/2001,ABY,GA,ASO,ES,Federal Contract Tower,0,34,21,4,59,0,21,31,1,53,0,55,52,5,112,22,0,22,134
05/19/2001,ABY,GA,ASO,ES,Federal Contract Tower,0,16,11,2,29,1,0,36,4,41,1,16,47,6,70,18,6,24,94
05/20/2001,ABY,GA,ASO,ES,Federal Contract Tower,0,13,9,2,24,0,0,27,0,27,0,13,36,2,51,0,0,0,51
05/21/2001,ABY,GA,ASO,ES,Federal Contract Tower,0,21,13,2,36,1,9,8,0,18,1,30,21,2,54,34,0,34,88
05/22/2001,ABY,GA,ASO,ES,Federal Contract Tower,0,32,23,0,55,1,0,43,0,44,1,32,66,0,99,46,0,46,145
05/23/2001,ABY,GA,ASO,ES,Federal Contract Tower,0,30,18,4,52,1,14,71,13,99,1,44,89,17,151,98,4,102,253
05/24/2001,ABY,GA,ASO,ES,Federal Contract Tower,1,36,29,4,70,0,0,9,2,11,1,36,38,6,81,12,2,14,95
05/25/2001,ABY,GA,ASO,ES,Federal Contract Tower,0,29,17,2,48,2,3,26,0,31,2,32,43,2,79,12,0,12,91
05/26/2001,ABY,GA,ASO,ES,Federal Contract Tower,0,21,20,0,41,1,0,13,0,14,1,21,33,0,55,18,0,18,73
05/27/2001,ABY,GA,ASO,ES,Federal Contract Tower,0,13,7,0,20,0,0,37,0,37,0,13,44,0,57,24,0,24,81
05/28/2001,ABY,GA,ASO,ES,Federal Contract Tower,0,12,11,2,25,0,0,38,0,38,0,12,49,2,63,20,0,20,83
05/29/2001,ABY,GA,ASO,ES,Federal Contract Tower,0,25,16,0,41,0,7,34,0,41,0,32,50,0,82,0,0,0,82
05/30/2001,ABY,GA,ASO,ES,Federal Contract Tower,0,31,20,2,53,1,7,33,3,44,1,38,53,5,97,20,22,42,139
05/31/2001,ABY,GA,ASO,ES,Federal Contract Tower,0,24,15,2,41,1,8,38,6,53,1,32,53,8,94,74,16,90,184
06/01/2001,ABY,GA,ASO,ES,Federal Contract Tower,0,25,16,1,42,0,0,11,1,12,0,25,27,2,54,16,0,16,70
06/02/2001,ABY,GA,ASO,ES,Federal Contract Tower,1,12,9,0,22,0,0,36,2,38,1,12,45,2,60,70,0,70,130
06/03/2001,ABY,GA,ASO,ES,Federal Contract Tower,0,7,10,0,17,0,0,39,4,43,0,7,49,4,60,66,0,66,126
06/04/2001,ABY,GA,ASO,ES,Federal Contract Tower,0,28,18,1,47,0,0,30,1,31,0,28,48,2,78,96,0,96,174
06/05/2001,ABY,GA,ASO,ES,Federal Contract Tower,0,24,14,1,39,0,7,27,5,39,0,31,41,6,78,4,28,32,110
06/06/2001,ABY,GA,ASO,ES,Federal Contract Tower,0,31,19,2,52,0,5,35,10,50,0,36,54,12,102,76,52,128,230
06/07/2001,ABY,GA,ASO,ES,Federal Contract Tower,0,33,20,2,55,0,2,9,4,15,0,35,29,6,70,6,0,6,76
06/08/2001,ABY,GA,ASO,ES,Federal Contract Tower,0,28,17,1,46,0,4,20,5,29,0,32,37,6,75,12,18,30,105
06/09/2001,ABY,GA,ASO,ES,Federal Contract Tower,1,11,7,0,19,0,3,0,0,3,1,14,7,0,22,0,0,0,22
06/10/2001,ABY,GA,ASO,ES,Federal Contract Tower,0,13,10,0,23,0,0,14,2,16,0,13,24,2,39,14,0,14,53
06/11/2001,ABY,GA,ASO,ES,Federal Contract Tower,0,25,15,0,40,0,0,7,0,7,0,25,22,0,47,0,0,0,47
06/12/2001,ABY,GA,ASO,ES,Federal Contract Tower,0,28,18,0,46,0,3,13,0,16,0,31,31,0,62,4,0,4,66
06/13/2001,ABY,GA,ASO,ES,Federal Contract Tower,0,25,16,0,41,0,6,10,0,16,0,31,26,0,57,4,0,4,61
06/14/2001,ABY,GA,ASO,ES,Federal Contract Tower,0,21,12,2,35,1,10,5,2,18,1,31,17,4,53,0,0,0,53
06/15/2001,ABY,GA,ASO,ES,Federal Contract Tower,0,30,19,2,51,0,0,11,2,13,0,30,30,4,64,0,0,0,64
06/16/2001,ABY,GA,ASO,ES,Federal Contract Tower,0,12,9,1,22,2,0,29,0,31,2,12,38,1,53,12,0,12,65
06/17/2001,ABY,GA,ASO,ES,Federal Contract Tower,0,11,8,1,20,0,0,33,5,38,0,11,41,6,58,60,0,60,118
06/18/2001,ABY,GA,ASO,ES,Federal Contract Tower,0,23,12,0,35,0,5,29,0,34,0,28,41,0,69,33,0,33,102
06/19/2001,ABY,GA,ASO,ES,Federal Contract Tower,0,32,19,2,53,1,0,18,12,31,1,32,37,14,84,44,6,50,134
06/20/2001,ABY,GA,ASO,ES,Federal Contract Tower,0,31,18,2,51,0,0,34,0,34,0,31,52,2,85,18,0,18,103
06/21/2001,ABY,GA,ASO,ES,Federal Contract Tower,0,33,19,0,52,1,0,53,0,54,1,33,72,0,106,80,0,80,186
06/22/2001,ABY,GA,ASO,ES,Federal Contract Tower,0,31,18,2,51,0,0,22,2,24,0,31,40,4,75,36,0,36,111
06/23/2001,ABY,GA,ASO,ES,Federal Contract Tower,0,14,9,0,23,1,0,29,0,30,1,14,38,0,53,30,0,30,83
06/24/2001,ABY,GA,ASO,ES,Federal Contract Tower,0,11,8,1,20,0,0,22,1,23,0,11,30,2,43,12,0,12,55
06/25/2001,ABY,GA,ASO,ES,Federal Contract Tower,0,26,14,2,42,0,2,39,1,42,0,28,53,3,84,85,16,101,185
06/26/2001,ABY,GA,ASO,ES,Federal Contract Tower,0,26,15,2,43,1,3,24,8,36,1,29,39,10,79,44,20,64,143
06/27/2001,ABY,GA,ASO,ES,Federal Contract Tower,0,22,11,2,35,0,8,27,8,43,0,30,38,10,78,8,40,48,126
06/28/2001,ABY,GA,ASO,ES,Federal Contract Tower,0,31,17,2,50,0,5,15,11,31,0,36,32,13,81,0,40,40,121
06/29/2001,ABY,GA,ASO,ES,Federal Contract Tower,0,28,17,1,46,0,1,23,2,26,0,29,40,3,72,20,0,20,92
06/30/2001,ABY,GA,ASO,ES,Federal Contract Tower,0,12,10,0,22,1,0,9,1,11,1,12,19,1,33,0,0,0,33
07/01/2001,ABY,GA,ASO,ES,Federal Contract Tower,0,13,10,0,23,0,0,41,8,49,0,13,51,8,72,10,0,10,82
07/02/2001,ABY,GA,ASO,ES,Federal Contract Tower,0,24,13,0,37,0,3,33,0,36,0,27,46,0,73,42,0,42,115
07/03/2001,ABY,GA,ASO,ES,Federal Contract Tower,0,20,12,1,33,0,2,31,8,41,0,22,43,9,74,126,34,160,234
07/04/2001,ABY,GA,ASO,ES,Federal Contract Tower,0,9,8,0,17,0,0,21,0,21,0,9,29,0,38,30,0,30,68
07/05/2001,ABY,GA,ASO,ES,Federal Contract Tower,1,20,11,0,32,0,4,12,0,16,1,24,23,0,48,12,0,12,60
07/06/2001,ABY,GA,ASO,ES,Federal Contract Tower,0,23,13,1,37,0,8,37,5,50,0,31,50,6,87,52,0,52,139
07/07/2001,ABY,GA,ASO,ES,Federal Contract Tower,0,12,9,0,21,0,0,17,3,20,0,12,26,3,41,2,0,2,43
07/08/2001,ABY,GA,ASO,ES,Federal Contract Tower,0,12,8,0,20,0,0,39,2,41,0,12,47,2,61,12,0,12,73
07/09/2001,ABY,GA,ASO,ES,Federal Contract Tower,0,19,11,0,30,0,11,9,3,23,0,30,20,3,53,16,2,18,71
07/10/2001,ABY,GA,ASO,ES,Federal Contract Tower,0,34,20,1,55,0,0,43,2,45,0,34,63,3,100,72,14,86,186
07/11/2001,ABY,GA,ASO,ES,Federal Contract Tower,0,25,15,2,42,0,5,7,8,20,0,30,22,10,62,8,18,26,88
07/12/2001,ABY,GA,ASO,ES,Federal Contract Tower,0,29,18,2,49,0,0,23,4,27,0,29,41,6,76,0,12,12,88
07/13/2001,ABY,GA,ASO,ES,Federal Contract Tower,0,25,15,2,42,0,4,8,3,15,0,29,23,5,57,22,8,30,87
07/14/2001,ABY,GA,ASO,ES,Federal Contract Tower,0,11,7,0,18,1,0,31,0,32,1,11,38,0,50,32,0,32,82
07/15/2001,ABY,GA,ASO,ES,Federal Contract Tower,0,12,8,1,21,0,0,36,2,38,0,12,44,3,59,38,0,38,97
07/16/2001,ABY,GA,ASO,ES,Federal Contract Tower,0,26,14,2,42,0,0,33,0,33,0,26,47,2,75,140,0,140,215
07/17/2001,ABY,GA,ASO,ES,Federal Contract Tower,0,27,14,0,41,0,8,45,0,53,0,35,59,0,94,124,0,124,218
07/18/2001,ABY,GA,ASO,ES,Federal Contract Tower,0,31,17,2,50,0,1,30,0,31,0,32,47,2,81,296,0,296,377
07/19/2001,ABY,GA,ASO,ES,Federal Contract Tower,0,26,14,2,42,0,5,32,3,40,0,31,46,5,82,52,22,74,156
07/20/2001,ABY,GA,ASO,ES,Federal Contract Tower,0,23,11,2,36,0,4,12,13,29,0,27,23,15,65,10,4,14,79
07/21/2001,ABY,GA,ASO,ES,Federal Contract Tower,0,12,8,1,21,1,0,16,1,18,1,12,24,2,39,8,0,8,47
07/22/2001,ABY,GA,ASO,ES,Federal Contract Tower,0,14,8,1,23,0,0,12,7,19,0,14,20,8,42,32,0,32,74
07/23/2001,ABY,GA,ASO,ES,Federal Contract Tower,0,25,13,2,40,0,5,56,4,65,0,30,69,6,105,106,16,122,227
07/24/2001,ABY,GA,ASO,ES,Federal Contract Tower,0,31,18,0,49,1,0,6,0,7,1,31,24,0,56,10,0,10,66
07/25/2001,ABY,GA,ASO,ES,Federal Contract Tower,0,28,15,1,44,0,3,17,1,21,0,31,32,2,65,16,0,16,81
07/26/2001,ABY,GA,ASO,ES,Federal Contract Tower,0,29,17,0,46,2,7,17,0,26,2,36,34,0,72,94,0,94,166
07/27/2001,ABY,GA,ASO,ES,Federal Contract Tower,0,23,12,0,35,0,6,18,0,24,0,29,30,0,59,58,0,58,117
07/28/2001,ABY,GA,ASO,ES,Federal Contract Tower,0,8,9,0,17,2,0,42,2,46,2,8,51,2,63,44,0,44,107
07/29/2001,ABY,GA,ASO,ES,Federal Contract Tower,0,10,9,0,19,0,0,36,0,36,0,10,45,0,55,68,0,68,123
07/30/2001,ABY,GA,ASO,ES,Federal Contract Tower,0,25,14,1,40,1,3,22,22,48,1,28,36,23,88,136,0,136,224
07/31/2001,ABY,GA,ASO,ES,Federal Contract Tower,0,26,14,1,41,0,5,29,11,45,0,31,43,12,86,84,16,100,186
08/01/2001,ABY,GA,ASO,ES,Federal Contract Tower,0,21,12,0,33,0,10,20,0,30,0,31,32,0,63,2,0,2,65
08/02/2001,ABY,GA,ASO,ES,Federal Contract Tower,0,27,15,1,43,0,3,42,0,45,0,30,57,1,88,26,0,26,114
08/03/2001,ABY,GA,ASO,ES,Federal Contract Tower,0,31,16,1,48,0,1,31,21,53,0,32,47,22,101,50,0,50,151
08/04/2001,ABY,GA,ASO,ES,Federal Contract Tower,1,12,10,0,23,0,0,42,0,42,1,12,52,0,65,98,0,98,163
08/05/2001,ABY,GA,ASO,ES,Federal Contract Tower,0,12,11,1,24,0,0,15,1,16,0,12,26,2,40,14,0,14,54
08/06/2001,ABY,GA,ASO,ES,Federal Contract Tower,0,19,4,0,23,0,9,0,0,9,0,28,4,0,32,0,0,0,32
08/07/2001,ABY,GA,ASO,ES,Federal Contract Tower,1,25,14,1,41,0,3,7,3,13,1,28,21,4,54,2,40,42,96
08/08/2001,ABY,GA,ASO,ES,Federal Contract Tower,0,22,13,1,36,0,4,13,1,18,0,26,26,2,54,0,12,12,66
08/09/2001,ABY,GA,ASO,ES,Federal Contract Tower,0,28,16,1,45,0,6,22,1,29,0,34,38,2,74,38,0,38,112
08/10/2001,ABY,GA,ASO,ES,Federal Contract Tower,0,31,19,1,51,0,0,21,1,22,0,31,40,2,73,0,0,0,73
08/11/2001,ABY,GA,ASO,ES,Federal Contract Tower,1,12,11,0,24,0,0,23,6,29,1,12,34,6,53,42,0,42,95
08/12/2001,ABY,GA,ASO,ES,Federal Contract Tower,0,14,11,0,25,0,0,33,0,33,0,14,44,0,58,40,0,40,98
08/13/2001,ABY,GA,ASO,ES,Federal Contract Tower,0,26,16,0,42,0,6,12,0,18,0,32,28,0,60,112,0,112,172
08/14/2001,ABY,GA,ASO,ES,Federal Contract Tower,0,27,16,1,44,0,2,14,3,19,0,29,30,4,63,20,0,20,83
08/15/2001,ABY,GA,ASO,ES,Federal Contract Tower,1,32,19,1,53,3,3,13,7,26,4,35,32,8,79,38,40,78,157
08/16/2001,ABY,GA,ASO,ES,Federal Contract Tower,0,32,23,3,58,0,0,35,3,38,0,32,58,6,96,4,8,12,108
08/17/2001,ABY,GA,ASO,ES,Federal Contract Tower,0,26,16,2,44,2,6,17,0,25,2,32,33,2,69,4,4,8,77
08/18/2001,ABY,GA,ASO,ES,Federal Contract Tower,0,12,8,0,20,1,2,13,0,16,1,14,21,0,36,16,8,24,60
08/19/2001,ABY,GA,ASO,ES,Federal Contract Tower,0,13,8,0,21,0,0,23,0,23,0,13,31,0,44,10,0,10,54
08/20/2001,ABY,GA,ASO,ES,Federal Contract Tower,0,23,12,2,37,0,5,17,4,26,0,28,29,6,63,32,12,44,107
08/21/2001,ABY,GA,ASO,ES,Federal Contract Tower,0,26,14,2,42,1,5,24,3,33,1,31,38,5,75,104,24,128,203
08/22/2001,ABY,GA,ASO,ES,Federal Contract Tower,0,26,13,2,41,0,3,31,5,39,0,29,44,7,80,36,0,36,116
08/23/2001,ABY,GA,ASO,ES,Federal Contract Tower,0,34,22,3,59,3,0,50,13,66,3,34,72,16,125,34,22,56,181
08/24/2001,ABY,GA,ASO,ES,Federal Contract Tower,0,31,21,3,55,0,0,61,9,70,0,31,82,12,125,16,10,26,151
08/25/2001,ABY,GA,ASO,ES,Federal Contract Tower,0,13,7,0,20,1,1,44,0,46,1,14,51,0,66,72,0,72,138
08/26/2001,ABY,GA,ASO,ES,Federal Contract Tower,0,11,5,0,16,0,1,23,0,24,0,12,28,0,40,30,0,30,70
08/27/2001,ABY,GA,ASO,ES,Federal Contract Tower,0,22,11,0,33,0,5,22,0,27,0,27,33,0,60,134,0,134,194
08/28/2001,ABY,GA,ASO,ES,Federal Contract Tower,0,29,16,2,47,0,1,16,0,17,0,30,32,2,64,70,0,70,134
08/29/2001,ABY,GA,ASO,ES,Federal Contract Tower,0,29,16,0,45,0,0,38,0,38,0,29,54,0,83,54,0,54,137
08/30/2001,ABY,GA,ASO,ES,Federal Contract Tower,0,29,18,2,49,0,0,51,0,51,0,29,69,2,100,33,4,37,137
08/31/2001,ABY,GA,ASO,ES,Federal Contract Tower,0,27,16,0,43,0,0,32,0,32,0,27,48,0,75,0,0,0,75
09/01/2001,ABY,GA,ASO,ES,Federal Contract Tower,1,13,7,0,21,3,0,15,0,18,4,13,22,0,39,16,0,16,55
09/02/2001,ABY,GA,ASO,ES,Federal Contract Tower,0,5,4,0,9,0,3,8,0,11,0,8,12,0,20,28,0,28,48
09/03/2001,ABY,GA,ASO,ES,Federal Contract Tower,0,9,7,0,16,0,1,4,0,5,0,10,11,0,21,0,0,0,21
09/04/2001,ABY,GA,ASO,ES,Federal Contract Tower,0,26,16,2,44,0,8,0,2,10,0,34,16,4,54,0,0,0,54
09/05/2001,ABY,GA,ASO,ES,Federal Contract Tower,1,27,15,2,45,1,4,27,4,36,2,31,42,6,81,26,0,26,107
09/06/2001,ABY,GA,ASO,ES,Federal Contract Tower,0,29,17,0,46,0,0,38,0,38,0,29,55,0,84,68,0,68,152
09/07/2001,ABY,GA,ASO,ES,Federal Contract Tower,1,28,17,2,48,0,1,18,2,21,1,29,35,4,69,54,0,54,123
09/08/2001,ABY,GA,ASO,ES,Federal Contract Tower,1,12,8,1,22,1,0,20,1,22,2,12,28,2,44,106,0,106,150
09/09/2001,ABY,GA,ASO,ES,Federal Contract Tower,0,12,9,0,21,0,0,27,0,27,0,12,36,0,48,34,0,34,82
09/10/2001,ABY,GA,ASO,ES,Federal Contract Tower,0,25,15,0,40,0,8,14,0,22,0,33,29,0,62,18,0,18,80
09/11/2001,ABY,GA,ASO,ES,Federal Contract Tower,0,6,3,0,9,0,3,0,0,3,0,9,3,0,12,0,0,0,12
09/12/2001,ABY,GA,ASO,ES,Federal Contract Tower,0,1,0,0,1,0,19,0,0,19,0,20,0,0,20,0,0,0,20
09/13/2001,ABY,GA,ASO,ES,Federal Contract Tower,0,9,2,0,11,0,6,0,0,6,0,15,2,0,17,0,0,0,17
09/14/2001,ABY,GA,ASO,ES,Federal Contract Tower,0,19,4,2,25,0,8,0,0,8,0,27,4,2,33,0,0,0,33
09/15/2001,ABY,GA,ASO,ES,Federal Contract Tower,0,10,2,0,12,1,2,0,0,3,1,12,2,0,15,0,0,0,15
09/16/2001,ABY,GA,ASO,ES,Federal Contract Tower,0,13,10,0,23,0,0,0,0,0,0,13,10,0,23,0,0,0,23
09/17/2001,ABY,GA,ASO,ES,Federal Contract Tower,0,32,19,4,55,0,0,2,6,8,0,32,21,10,63,0,0,0,63
09/18/2001,ABY,GA,ASO,ES,Federal Contract Tower,0,31,19,0,50,1,0,7,0,8,1,31,26,0,58,20,0,20,78
09/19/2001,ABY,GA,ASO,ES,Federal Contract Tower,0,29,17,0,46,0,0,6,0,6,0,29,23,0,52,144,0,144,196
09/20/2001,ABY,GA,ASO,ES,Federal Contract Tower,0,36,20,3,59,0,2,9,13,24,0,38,29,16,83,0,0,0,83
09/21/2001,ABY,GA,ASO,ES,Federal Contract Tower,0,36,20,2,58,0,0,16,0,16,0,36,36,2,74,22,0,22,96
09/22/2001,ABY,GA,ASO,ES,Federal Contract Tower,0,15,11,0,26,1,0,17,0,18,1,15,28,0,44,18,0,18,62
09/23/2001,ABY,GA,ASO,ES,Federal Contract Tower,0,15,13,1,29,0,0,15,5,20,0,15,28,6,49,60,0,60,109
09/24/2001,ABY,GA,ASO,ES,Federal Contract Tower,0,24,9,0,33,0,10,0,0,10,0,34,9,0,43,0,0,0,43
09/25/2001,ABY,GA,ASO,ES,Federal Contract Tower,0,33,21,3,57,0,0,28,5,33,0,33,49,8,90,36,28,64,154
09/26/2001,ABY,GA,ASO,ES,Federal Contract Tower,0,32,18,2,52,0,2,36,2,40,0,34,54,4,92,108,22,130,222
09/27/2001,ABY,GA,ASO,ES,Federal Contract Tower,0,31,19,2,52,0,0,29,3,32,0,31,48,5,84,46,0,46,130
09/28/2001,ABY,GA,ASO,ES,Federal Contract Tower,0,28,16,0,44,0,5,22,0,27,0,33,38,0,71,36,0,36,107
09/29/2001,ABY,GA,ASO,ES,Federal Contract Tower,0,11,7,0,18,1,3,12,1,17,1,14,19,1,35,30,0,30,65
09/30/2001,ABY,GA,ASO,ES,Federal Contract Tower,0,14,12,1,27,0,0,47,5,52,0,14,59,6,79,66,2,68,147
10/01/2001,ABY,GA,ASO,ES,Federal Contract Tower,0,20,15,0,35,0,8,54,0,62,0,28,69,0,97,62,0,62,159
10/02/2001,ABY,GA,ASO,ES,Federal Contract Tower,1,23,17,1,42,0,7,19,1,27,1,30,36,2,69,46,0,46,115
10/03/2001,ABY,GA,ASO,ES,Federal Contract Tower,1,27,20,0,48,0,0,33,0,33,1,27,53,0,81,48,0,48,129
10/04/2001,ABY,GA,ASO,ES,Federal Contract Tower,0,26,22,1,49,0,0,45,9,54,0,26,67,10,103,104,26,130,233
10/05/2001,ABY,GA,ASO,ES,Federal Contract Tower,0,26,20,1,47,0,3,8,3,14,0,29,28,4,61,18,16,34,95
10/06/2001,ABY,GA,ASO,ES,Federal Contract Tower,1,15,11,0,27,0,0,3,0,3,1,15,14,0,30,0,0,0,30
10/07/2001,ABY,GA,ASO,ES,Federal Contract Tower,0,11,11,0,22,0,0,28,0,28,0,11,39,0,50,12,0,12,62
10/08/2001,ABY,GA,ASO,ES,Federal Contract Tower,0,12,12,0,24,0,0,51,0,51,0,12,63,0,75,18,0,18,93
10/09/2001,ABY,GA,ASO,ES,Federal Contract Tower,0,22,17,2,41,0,5,17,0,22,0,27,34,2,63,24,8,32,95
10/10/2001,ABY,GA,ASO,ES,Federal Contract Tower,0,23,18,2,43,0,5,20,0,25,0,28,38,2,68,14,0,14,82
10/11/2001,ABY,GA,ASO,ES,Federal Contract Tower,0,21,16,2,39,0,5,18,2,25,0,26,34,4,64,32,0,32,96
10/12/2001,ABY,GA,ASO,ES,Federal Contract Tower,0,26,20,2,48,0,0,12,0,12,0,26,32,2,60,16,0,16,76
10/13/2001,ABY,GA,ASO,ES,Federal Contract Tower,0,12,9,0,21,2,5,1,0,8,2,17,10,0,29,10,0,10,39
10/14/2001,ABY,GA,ASO,ES,Federal Contract Tower,0,11,11,1,23,0,0,11,1,12,0,11,22,2,35,6,0,6,41
10/15/2001,ABY,GA,ASO,ES,Federal Contract Tower,0,26,20,2,48,0,2,28,2,32,0,28,48,4,80,42,0,42,122
10/16/2001,ABY,GA,ASO,ES,Federal Contract Tower,0,26,17,0,43,0,7,17,0,24,0,33,34,0,67,22,0,22,89
10/17/2001,ABY,GA,ASO,ES,Federal Contract Tower,0,24,17,2,43,0,5,26,0,31,0,29,43,2,74,30,0,30,104
10/18/2001,ABY,GA,ASO,ES,Federal Contract Tower,0,25,21,3,49,0,0,42,1,43,0,25,63,4,92,64,24,88,180
10/19/2001,ABY,GA,ASO,ES,Federal Contract Tower,0,24,18,2,44,0,0,51,0,51,0,24,69,2,95,10,2,12,107
10/20/2001,ABY,GA,ASO,ES,Federal Contract Tower,0,15,13,0,28,1,0,25,0,26,1,15,38,0,54,24,0,24,78
10/21/2001,ABY,GA,ASO,ES,Federal Contract Tower,0,8,10,2,20,0,0,40,10,50,0,8,50,12,70,40,10,50,120
10/22/2001,ABY,GA,ASO,ES,Federal Contract Tower,0,21,14,0,35,0,7,13,0,20,0,28,27,0,55,22,0,22,77
10/23/2001,ABY,GA,ASO,ES,Federal Contract Tower,0,33,23,0,56,0,7,33,0,40,0,40,56,0,96,36,0,36,132
10/24/2001,ABY,GA,ASO,ES,Federal Contract Tower,0,32,26,3,61,0,0,11,4,15,0,32,37,7,76,22,24,46,122
10/25/2001,ABY,GA,ASO,ES,Federal Contract Tower,0,28,21,1,50,0,3,38,1,42,0,31,59,2,92,10,26,36,128
10/26/2001,ABY,GA,ASO,ES,Federal Contract Tower,0,26,25,2,53,0,0,12,19,31,0,26,37,21,84,12,8,20,104
10/27/2001,ABY,GA,ASO,ES,Federal Contract Tower,0,16,11,0,27,1,0,20,0,21,1,16,31,0,48,28,4,32,80
10/28/2001,ABY,GA,ASO,ES,Federal Contract Tower,0,9,8,0,17,0,0,33,0,33,0,9,41,0,50,62,0,62,112
10/29/2001,ABY,GA,ASO,ES,Federal Contract Tower,0,22,15,0,37,0,4,23,0,27,0,26,38,0,64,8,0,8,72
10/30/2001,ABY,GA,ASO,ES,Federal Contract Tower,0,24,18,1,43,0,1,24,3,28,0,25,42,4,71,28,16,44,115
10/31/2001,ABY,GA,ASO,ES,Federal Contract Tower,0,24,18,1,43,0,4,22,7,33,0,28,40,8,76,20,20,40,116
11/01/2001,ABY,GA,ASO,ES,Federal Contract Tower,0,24,24,2,50,0,2,29,7,38,0,26,53,9,88,44,4,48,136
11/02/2001,ABY,GA,ASO,ES,Federal Contract Tower,0,28,30,2,60,0,0,13,4,17,0,28,43,6,77,24,0,24,101
11/03/2001,ABY,GA,ASO,ES,Federal Contract Tower,1,10,11,0,22,0,4,36,1,41,1,14,47,1,63,28,0,28,91
11/04/2001,ABY,GA,ASO,ES,Federal Contract Tower,0,8,11,1,20,0,0,25,3,28,0,8,36,4,48,54,12,66,114
11/05/2001,ABY,GA,ASO,ES,Federal Contract Tower,0,20,18,1,39,0,6,0,16,22,0,26,18,17,61,12,12,24,85
11/06/2001,ABY,GA,ASO,ES,Federal Contract Tower,0,25,24,2,51,0,1,43,0,44,0,26,67,2,95,2,13,15,110
11/07/2001,ABY,GA,ASO,ES,Federal Contract Tower,0,21,21,2,44,0,4,18,4,26,0,25,39,6,70,40,0,40,110
11/08/2001,ABY,GA,ASO,ES,Federal Contract Tower,0,30,34,0,64,0,0,67,0,67,0,30,101,0,131,0,22,22,153
11/09/2001,ABY,GA,ASO,ES,Federal Contract Tower,0,16,17,0,33,0,9,15,0,24,0,25,32,0,57,22,0,22,79
11/10/2001,ABY,GA,ASO,ES,Federal Contract Tower,0,14,13,2,29,1,0,51,10,62,1,14,64,12,91,52,0,52,143
11/11/2001,ABY,GA,ASO,ES,Federal Contract Tower,0,8,14,2,24,0,0,31,0,31,0,8,45,2,55,24,0,24,79
11/12/2001,ABY,GA,ASO,ES,Federal Contract Tower,0,12,15,0,27,0,0,41,0,41,0,12,56,0,68,86,0,86,154
11/13/2001,ABY,GA,ASO,ES,Federal Contract Tower,0,27,26,2,55,0,5,26,0,31,0,32,52,2,86,12,0,12,98
11/14/2001,ABY,GA,ASO,ES,Federal Contract Tower,0,25,25,2,52,0,4,31,0,35,0,29,56,2,87,20,0,20,107
11/15/2001,ABY,GA,ASO,ES,Federal Contract Tower,0,31,32,2,65,0,0,26,0,26,0,31,58,2,91,6,0,6,97
11/16/2001,ABY,GA,ASO,ES,Federal Contract Tower,0,23,23,0,46,0,1,24,0,25,0,24,47,0,71,8,0,8,79
11/17/2001,ABY,GA,ASO,ES,Federal Contract Tower,0,17,24,1,42,2,0,46,0,48,2,17,70,1,90,10,0,10,100
11/18/2001,ABY,GA,ASO,ES,Federal Contract Tower,0,13,16,0,29,0,0,32,0,32,0,13,48,0,61,52,0,52,113
11/19/2001,ABY,GA,ASO,ES,Federal Contract Tower,0,28,26,3,57,0,6,8,7,21,0,34,34,10,78,34,8,42,120
11/20/2001,ABY,GA,ASO,ES,Federal Contract Tower,0,36,33,4,73,0,8,31,5,44,0,44,64,9,117,12,12,24,141
11/21/2001,ABY,GA,ASO,ES,Federal Contract Tower,0,29,28,2,59,0,10,45,0,55,0,39,73,2,114,34,0,34,148
11/22/2001,ABY,GA,ASO,ES,Federal Contract Tower,0,7,7,0,14,1,3,16,0,20,1,10,23,0,34,0,0,0,34
11/23/2001,ABY,GA,ASO,ES,Federal Contract Tower,0,23,22,0,45,0,2,0,0,2,0,25,22,0,47,16,0,16,63
11/24/2001,ABY,GA,ASO,ES,Federal Contract Tower,0,11,11,0,22,0,0,20,0,20,0,11,31,0,42,22,0,22,64
11/25/2001,ABY,GA,ASO,ES,Federal Contract Tower,0,20,22,0,42,0,0,26,0,26,0,20,48,0,68,2,0,2,70
11/26/2001,ABY,GA,ASO,ES,Federal Contract Tower,0,27,26,0,53,0,0,20,0,20,0,27,46,0,73,16,0,16,89
11/27/2001,ABY,GA,ASO,ES,Federal Contract Tower,0,30,33,2,65,1,0,37,2,40,1,30,70,4,105,0,0,0,105
11/28/2001,ABY,GA,ASO,ES,Federal Contract Tower,0,25,23,2,50,0,2,39,0,41,0,27,62,2,91,20,0,20,111
11/29/2001,ABY,GA,ASO,ES,Federal Contract Tower,0,25,24,2,51,0,5,31,0,36,0,30,55,2,87,28,0,28,115
11/30/2001,ABY,GA,ASO,ES,Federal Contract Tower,0,33,32,2,67,0,3,16,16,35,0,36,48,18,102,28,2,30,132
12/01/2001,ABY,GA,ASO,ES,Federal Contract Tower,1,15,17,1,34,1,2,58,5,66,2,17,75,6,100,42,0,42,142
12/02/2001,ABY,GA,ASO,ES,Federal Contract Tower,0,9,17,1,27,0,0,32,3,35,0,9,49,4,62,26,0,26,88
12/03/2001,ABY,GA,ASO,ES,Federal Contract Tower,0,23,24,0,47,0,2,11,0,13,0,25,35,0,60,46,0,46,106
12/04/2001,ABY,GA,ASO,ES,Federal Contract Tower,0,26,27,0,53,0,5,23,0,28,0,31,50,0,81,22,0,22,103
12/05/2001,ABY,GA,ASO,ES,Federal Contract Tower,1,29,38,4,72,1,0,25,4,30,2,29,63,8,102,38,14,52,154
12/06/2001,ABY,GA,ASO,ES,Federal Contract Tower,0,27,32,3,62,0,0,51,1,52,0,27,83,4,114,64,0,64,178
12/07/2001,ABY,GA,ASO,ES,Federal Contract Tower,1,24,25,2,52,0,14,10,8,32,1,38,35,10,84,30,2,32,116
12/08/2001,ABY,GA,ASO,ES,Federal Contract Tower,1,13,15,1,30,0,0,5,1,6,1,13,20,2,36,6,0,6,42
12/09/2001,ABY,GA,ASO,ES,Federal Contract Tower,0,12,24,2,38,0,0,34,6,40,0,12,58,8,78,6,2,8,86
12/10/2001,ABY,GA,ASO,ES,Federal Contract Tower,1,22,18,2,43,0,1,0,6,7,1,23,18,8,50,0,0,0,50
12/11/2001,ABY,GA,ASO,ES,Federal Contract Tower,0,33,39,3,75,0,0,9,1,10,0,33,48,4,85,0,0,0,85
12/12/2001,ABY,GA,ASO,ES,Federal Contract Tower,1,24,24,2,51,0,0,4,0,4,1,24,28,2,55,0,0,0,55
12/13/2001,ABY,GA,ASO,ES,Federal Contract Tower,0,8,13,1,22,0,0,25,6,31,0,8,38,7,53,42,0,42,95
12/14/2001,ABY,GA,ASO,ES,Federal Contract Tower,0,30,29,3,62,0,2,0,8,10,0,32,29,11,72,10,14,24,96
12/15/2001,ABY,GA,ASO,ES,Federal Contract Tower,1,12,12,0,25,0,4,23,0,27,1,16,35,0,52,14,0,14,66
12/16/2001,ABY,GA,ASO,ES,Federal Contract Tower,0,27,26,1,54,0,2,5,0,7,0,29,31,1,61,28,0,28,89
12/17/2001,ABY,GA,ASO,ES,Federal Contract Tower,0,21,21,0,42,0,0,10,0,10,0,21,31,0,52,2,0,2,54
12/18/2001,ABY,GA,ASO,ES,Federal Contract Tower,0,25,28,0,53,1,0,34,0,35,1,25,62,0,88,18,0,18,106
12/19/2001,ABY,GA,ASO,ES,Federal Contract Tower,0,19,18,2,39,0,10,25,1,36,0,29,43,3,75,48,0,48,123
12/20/2001,ABY,GA,ASO,ES,Federal Contract Tower,0,27,26,4,57,0,6,26,20,52,0,33,52,24,109,14,0,14,123
12/21/2001,ABY,GA,ASO,ES,Federal Contract Tower,0,26,25,2,53,1,11,16,0,28,1,37,41,2,81,18,0,18,99
12/22/2001,ABY,GA,ASO,ES,Federal Contract Tower,0,15,14,0,29,4,0,31,0,35,4,15,45,0,64,16,0,16,80
12/23/2001,ABY,GA,ASO,ES,Federal Contract Tower,0,10,10,0,20,0,0,7,0,7,0,10,17,0,27,0,0,0,27
12/24/2001,ABY,GA,ASO,ES,Federal Contract Tower,0,15,15,2,32,0,8,43,0,51,0,23,58,2,83,18,0,18,101
12/25/2001,ABY,GA,ASO,ES,Federal Contract Tower,0,2,2,0,4,0,0,17,0,17,0,2,19,0,21,12,0,12,33
12/26/2001,ABY,GA,ASO,ES,Federal Contract Tower,0,21,22,0,43,0,0,34,0,34,0,21,56,0,77,40,0,40,117
12/27/2001,ABY,GA,ASO,ES,Federal Contract Tower,0,17,17,2,36,0,5,14,4,23,0,22,31,6,59,44,18,62,121
12/28/2001,ABY,GA,ASO,ES,Federal Contract Tower,0,21,21,0,42,0,7,32,0,39,0,28,53,0,81,40,0,40,121
12/29/2001,ABY,GA,ASO,ES,Federal Contract Tower,0,12,13,0,25,1,3,22,0,26,1,15,35,0,51,4,0,4,55
12/30/2001,ABY,GA,ASO,ES,Federal Contract Tower,0,4,5,0,9,0,4,23,2,29,0,8,28,2,38,16,6,22,60
12/31/2001,ABY,GA,ASO,ES,Federal Contract Tower,0,13,14,0,27,0,7,14,0,21,0,20,28,0,48,18,0,18,66
01/01/2002,ABY,GA,ASO,ES,Federal Contract Tower,0,8,10,0,18,0,0,31,2,33,0,8,41,2,51,66,0,66,117
01/02/2002,ABY,GA,ASO,ES,Federal Contract Tower,0,11,11,0,22,0,6,0,0,6,0,17,11,0,28,0,0,0,28
01/03/2002,ABY,GA,ASO,ES,Federal Contract Tower,1,19,21,3,44,0,0,4,1,5,1,19,25,4,49,14,0,14,63
01/04/2002,ABY,GA,ASO,ES,Federal Contract Tower,0,27,28,4,59,0,14,50,0,64,0,41,78,4,123,42,0,42,165
01/05/2002,ABY,GA,ASO,ES,Federal Contract Tower,1,10,11,0,22,0,3,24,0,27,1,13,35,0,49,22,0,22,71
01/06/2002,ABY,GA,ASO,ES,Federal Contract Tower,0,10,7,2,19,0,6,0,0,6,0,16,7,2,25,0,0,0,25
01/07/2002,ABY,GA,ASO,ES,Federal Contract Tower,0,17,17,0,34,0,8,7,0,15,0,25,24,0,49,28,0,28,77
01/08/2002,ABY,GA,ASO,ES,Federal Contract Tower,0,18,19,1,38,0,6,31,1,38,0,24,50,2,76,8,18,26,102
01/09/2002,ABY,GA,ASO,ES,Federal Contract Tower,0,21,22,2,45,0,2,28,2,32,0,23,50,4,77,22,16,38,115
01/10/2002,ABY,GA,ASO,ES,Federal Contract Tower,0,27,28,3,58,0,2,14,18,34,0,29,42,21,92,30,6,36,128
01/11/2002,ABY,GA,ASO,ES,Federal Contract Tower,0,22,22,2,46,0,6,19,2,27,0,28,41,4,73,80,32,112,185
01/12/2002,ABY,GA,ASO,ES,Federal Contract Tower,0,15,15,1,31,0,1,23,5,29,0,16,38,6,60,20,0,20,80
01/13/2002,ABY,GA,ASO,ES,Federal Contract Tower,0,11,20,2,33,0,0,33,7,40,0,11,53,9,73,28,24,52,125
01/14/2002,ABY,GA,ASO,ES,Federal Contract Tower,0,21,21,2,44,0,7,0,0,7,0,28,21,2,51,0,4,4,55
01/15/2002,ABY,GA,ASO,ES,Federal Contract Tower,0,32,31,0,63,0,1,36,0,37,0,33,67,0,100,42,0,42,142
01/16/2002,ABY,GA,ASO,ES,Federal Contract Tower,0,30,36,3,69,0,0,28,4,32,0,30,64,7,101,56,26,82,183
01/17/2002,ABY,GA,ASO,ES,Federal Contract Tower,0,31,35,4,70,0,0,69,2,71,0,31,104,6,141,42,22,64,205
01/18/2002,ABY,GA,ASO,ES,Federal Contract Tower,0,25,25,0,50,1,5,5,0,11,1,30,30,0,61,0,0,0,61
01/19/2002,ABY,GA,ASO,ES,Federal Contract Tower,0,17,19,0,36,2,0,10,0,12,2,17,29,0,48,8,0,8,56
01/20/2002,ABY,GA,ASO,ES,Federal Contract Tower,0,12,14,2,28,0,0,28,0,28,0,12,42,2,56,42,4,46,102
01/21/2002,ABY,GA,ASO,ES,Federal Contract Tower,0,18,18,0,36,0,0,20,0,20,0,18,38,0,56,0,0,0,56
01/22/2002,ABY,GA,ASO,ES,Federal Contract Tower,0,27,27,2,56,1,0,9,0,10,1,27,36,2,66,17,36,53,119
01/23/2002,ABY,GA,ASO,ES,Federal Contract Tower,0,24,28,3,55,0,0,2,1,3,0,24,30,4,58,5,0,5,63
01/24/2002,ABY,GA,ASO,ES,Federal Contract Tower,1,34,36,3,74,0,7,3,9,19,1,41,39,12,93,0,30,30,123
01/25/2002,ABY,GA,ASO,ES,Federal Contract Tower,0,19,21,2,42,0,0,11,1,12,0,19,32,3,54,14,0,14,68
01/26/2002,ABY,GA,ASO,ES,Federal Contract Tower,0,17,19,2,38,1,0,30,7,38,1,17,49,9,76,92,0,92,168
01/27/2002,ABY,GA,ASO,ES,Federal Contract Tower,0,9,11,1,21,0,0,37,1,38,0,9,48,2,59,28,0,28,87
01/28/2002,ABY,GA,ASO,ES,Federal Contract Tower,0,18,16,0,34,0,7,0,0,7,0,25,16,0,41,0,0,0,41
01/29/2002,ABY,GA,ASO,ES,Federal Contract Tower,0,27,32,0,59,9,0,14,0,23,9,27,46,0,82,30,0,30,112
01/30/2002,ABY,GA,ASO,ES,Federal Contract Tower,0,24,26,0,50,1,0,33,0,34,1,24,59,0,84,58,0,58,142
01/31/2002,ABY,GA,ASO,ES,Federal Contract Tower,1,28,38,3,70,1,0,34,17,52,2,28,72,20,122,34,32,66,188
02/01/2002,ABY,GA,ASO,ES,Federal Contract Tower,0,28,32,3,63,0,2,0,16,18,0,30,32,19,81,0,10,10,91
02/02/2002,ABY,GA,ASO,ES,Federal Contract Tower,1,12,29,0,42,0,0,13,0,13,1,12,42,0,55,18,0,18,73
02/03/2002,ABY,GA,ASO,ES,Federal Contract Tower,0,11,18,1,30,0,0,36,1,37,0,11,54,2,67,34,0,34,101
02/04/2002,ABY,GA,ASO,ES,Federal Contract Tower,0,18,23,2,43,0,11,17,4,32,0,29,40,6,75,44,18,62,137
02/05/2002,ABY,GA,ASO,ES,Federal Contract Tower,0,17,23,2,42,0,7,15,16,38,0,24,38,18,80,28,32,60,140
02/06/2002,ABY,GA,ASO,ES,Federal Contract Tower,0,19,14,2,35,0,11,0,0,11,0,30,14,2,46,0,0,0,46
02/07/2002,ABY,GA,ASO,ES,Federal Contract Tower,0,29,38,0,67,0,0,12,0,12,0,29,50,0,79,28,0,28,107
02/08/2002,ABY,GA,ASO,ES,Federal Contract Tower,0,26,37,5,68,0,0,48,18,66,0,26,85,23,134,42,38,80,214
02/09/2002,ABY,GA,ASO,ES,Federal Contract Tower,0,13,22,3,38,2,0,37,13,52,2,13,59,16,90,4,0,4,94
02/10/2002,ABY,GA,ASO,ES,Federal Contract Tower,0,11,20,3,34,0,0,40,5,45,0,11,60,8,79,18,0,18,97
02/11/2002,ABY,GA,ASO,ES,Federal Contract Tower,0,20,23,2,45,0,13,14,0,27,0,33,37,2,72,2,10,12,84
02/12/2002,ABY,GA,ASO,ES,Federal Contract Tower,0,23,28,4,55,0,1,45,0,46,0,24,73,4,101,34,28,62,163
02/13/2002,ABY,GA,ASO,ES,Federal Contract Tower,0,18,24,3,45,0,0,22,3,25,0,18,46,6,70,48,38,86,156
02/14/2002,ABY,GA,ASO,ES,Federal Contract Tower,0,23,30,4,57,0,0,31,7,38,0,23,61,11,95,44,8,52,147
02/15/2002,ABY,GA,ASO,ES,Federal Contract Tower,0,22,26,4,52,0,1,13,11,25,0,23,39,15,77,18,0,18,95
02/16/2002,ABY,GA,ASO,ES,Federal Contract Tower,0,16,19,3,38,1,1,56,2,60,1,17,75,5,98,0,0,0,98
02/17/2002,ABY,GA,ASO,ES,Federal Contract Tower,0,8,14,1,23,0,0,36,0,36,0,8,50,1,59,38,2,40,99
02/18/2002,ABY,GA,ASO,ES,Federal Contract Tower,0,14,20,3,37,0,0,53,1,54,0,14,73,4,91,30,0,30,121
02/19/2002,ABY,GA,ASO,ES,Federal Contract Tower,0,21,25,2,48,0,5,26,0,31,0,26,51,2,79,32,20,52,131
02/20/2002,ABY,GA,ASO,ES,Federal Contract Tower,0,18,21,0,39,0,5,0,0,5,0,23,21,0,44,0,0,0,44
02/21/2002,ABY,GA,ASO,ES,Federal Contract Tower,0,22,26,2,50,1,9,31,0,41,1,31,57,2,91,32,0,32,123
02/22/2002,ABY,GA,ASO,ES,Federal Contract Tower,0,22,25,1,48,0,0,28,0,28,0,22,53,1,76,14,0,14,90
02/23/2002,ABY,GA,ASO,ES,Federal Contract Tower,0,11,16,1,28,1,0,30,1,32,1,11,46,2,60,34,0,34,94
02/24/2002,ABY,GA,ASO,ES,Federal Contract Tower,0,8,19,0,27,0,0,28,0,28,0,8,47,0,55,16,0,16,71
02/25/2002,ABY,GA,ASO,ES,Federal Contract Tower,0,20,25,2,47,0,4,10,0,14,0,24,35,2,61,0,0,0,61
02/26/2002,ABY,GA,ASO,ES,Federal Contract Tower,0,28,34,3,65,0,5,14,5,24,0,33,48,8,89,10,14,24,113
02/27/2002,ABY,GA,ASO,ES,Federal Contract Tower,0,26,33,3,62,1,0,6,3,10,1,26,39,6,72,16,26,42,114
02/28/2002,ABY,GA,ASO,ES,Federal Contract Tower,0,24,30,3,57,0,2,29,21,52,0,26,59,24,109,60,112,172,281
03/01/2002,ABY,GA,ASO,ES,Federal Contract Tower,0,24,26,2,52,0,0,12,17,29,0,24,38,19,81,14,30,44,125
03/02/2002,ABY,GA,ASO,ES,Federal Contract Tower,1,10,7,0,18,0,2,0,0,2,1,12,7,0,20,0,0,0,20
03/03/2002,ABY,GA,ASO,ES,Federal Contract Tower,0,10,14,0,24,0,0,5,0,5,0,10,19,0,29,0,0,0,29
03/04/2002,ABY,GA,ASO,ES,Federal Contract Tower,0,17,19,0,36,0,0,5,17,22,0,17,24,17,58,0,22,22,80
03/05/2002,ABY,GA,ASO,ES,Federal Contract Tower,0,22,22,1,45,0,5,31,21,57,0,27,53,22,102,36,40,76,178
03/06/2002,ABY,GA,ASO,ES,Federal Contract Tower,0,22,22,1,45,0,0,53,8,61,0,22,75,9,106,128,26,154,260
03/07/2002,ABY,GA,ASO,ES,Federal Contract Tower,0,25,25,1,51,0,0,36,1,37,0,25,61,2,88,66,0,66,154
03/08/2002,ABY,GA,ASO,ES,Federal Contract Tower,0,24,24,1,49,0,0,21,3,24,0,24,45,4,73,22,0,22,95
03/09/2002,ABY,GA,ASO,ES,Federal Contract Tower,0,10,14,0,24,1,0,18,3,22,1,10,32,3,46,18,0,18,64
03/10/2002,ABY,GA,ASO,ES,Federal Contract Tower,0,12,17,0,29,0,0,31,0,31,0,12,48,0,60,18,0,18,78
03/11/2002,ABY,GA,ASO,ES,Federal Contract Tower,0,14,13,4,31,0,5,27,0,32,0,19,40,4,63,24,0,24,87
03/12/2002,ABY,GA,ASO,ES,Federal Contract Tower,0,22,22,2,46,0,11,10,0,21,0,33,32,2,67,0,0,0,67
03/13/2002,ABY,GA,ASO,ES,Federal Contract Tower,0,22,23,0,45,0,0,33,0,33,0,22,56,0,78,28,0,28,106
03/14/2002,ABY,GA,ASO,ES,Federal Contract Tower,0,27,28,7,62,0,0,53,0,53,0,27,81,7,115,34,28,62,177
03/15/2002,ABY,GA,ASO,ES,Federal Contract Tower,0,19,24,6,49,1,0,15,35,51,1,19,39,41,100,34,10,44,144
03/16/2002,ABY,GA,ASO,ES,Federal Contract Tower,0,9,13,0,22,2,0,16,0,18,2,9,29,0,40,18,0,18,58
03/17/2002,ABY,GA,ASO,ES,Federal Contract Tower,0,8,11,4,23,0,0,22,16,38,0,8,33,20,61,18,0,18,79
03/18/2002,ABY,GA,ASO,ES,Federal Contract Tower,0,17,17,5,39,0,6,22,5,33,0,23,39,10,72,24,36,60,132
03/19/2002,ABY,GA,ASO,ES,Federal Contract Tower,0,21,21,6,48,0,2,31,0,33,0,23,52,6,81,36,0,36,117
03/20/2002,ABY,GA,ASO,ES,Federal Contract Tower,0,19,19,5,43,0,2,26,7,35,0,21,45,12,78,32,58,90,168
03/21/2002,ABY,GA,ASO,ES,Federal Contract Tower,0,18,18,0,36,0,8,7,0,15,0,26,25,0,51,44,0,44,95
03/22/2002,ABY,GA,ASO,ES,Federal Contract Tower,0,18,17,5,40,0,7,26,0,33,0,25,43,5,73,28,8,36,109
03/23/2002,ABY,GA,ASO,ES,Federal Contract Tower,0,10,10,2,22,0,0,56,0,56,0,10,66,2,78,40,0,40,118
03/24/2002,ABY,GA,ASO,ES,Federal Contract Tower,0,6,8,0,14,0,0,29,0,29,0,6,37,0,43,46,0,46,89
03/25/2002,ABY,GA,ASO,ES,Federal Contract Tower,0,17,19,6,42,0,0,20,3,23,0,17,39,9,65,4,38,42,107
03/26/2002,ABY,GA,ASO,ES,Federal Contract Tower,0,14,15,0,29,0,9,2,0,11,0,23,17,0,40,0,0,0,40
03/27/2002,ABY,GA,ASO,ES,Federal Contract Tower,0,19,20,6,45,0,6,35,1,42,0,25,55,7,87,16,0,16,103
03/28/2002,ABY,GA,ASO,ES,Federal Contract Tower,0,17,19,5,41,0,0,39,11,50,0,17,58,16,91,16,72,88,179
03/29/2002,ABY,GA,ASO,ES,Federal Contract Tower,0,18,17,5,40,0,1,40,19,60,0,19,57,24,100,40,26,66,166
03/30/2002,ABY,GA,ASO,ES,Federal Contract Tower,0,7,7,2,16,1,1,30,0,32,1,8,37,2,48,28,0,28,76
03/31/2002,ABY,GA,ASO,ES,Federal Contract Tower,0,4,3,0,7,2,0,2,0,4,2,4,5,0,11,0,0,0,11
04/01/2002,ABY,GA,ASO,ES,Federal Contract Tower,0,10,12,2,24,0,8,14,7,29,0,18,26,9,53,8,62,70,123
04/02/2002,ABY,GA,ASO,ES,Federal Contract Tower,0,13,12,2,27,0,9,25,4,38,0,22,37,6,65,24,0,24,89
04/03/2002,ABY,GA,ASO,ES,Federal Contract Tower,1,12,12,0,25,0,8,13,0,21,1,20,25,0,46,18,0,18,64
04/04/2002,ABY,GA,ASO,ES,Federal Contract Tower,1,15,17,3,36,0,8,31,3,42,1,23,48,6,78,50,70,120,198
04/05/2002,ABY,GA,ASO,ES,Federal Contract Tower,0,16,18,3,37,0,2,47,6,55,0,18,65,9,92,2,42,44,136
04/06/2002,ABY,GA,ASO,ES,Federal Contract Tower,1,14,18,1,34,1,0,63,0,64,2,14,81,1,98,40,0,40,138
04/07/2002,ABY,GA,ASO,ES,Federal Contract Tower,0,7,17,4,28,0,0,28,0,28,0,7,45,4,56,4,0,4,60
04/08/2002,ABY,GA,ASO,ES,Federal Contract Tower,0,16,18,2,36,0,4,29,0,33,0,20,47,2,69,24,34,58,127
04/09/2002,ABY,GA,ASO,ES,Federal Contract Tower,0,17,20,2,39,0,4,38,0,42,0,21,58,2,81,0,4,4,85
04/10/2002,ABY,GA,ASO,ES,Federal Contract Tower,0,23,32,7,62,0,0,52,3,55,0,23,84,10,117,0,40,40,157
04/11/2002,ABY,GA,ASO,ES,Federal Contract Tower,0,18,24,4,46,0,0,50,0,50,0,18,74,4,96,0,24,24,120
04/12/2002,ABY,GA,ASO,ES,Federal Contract Tower,0,13,12,3,28,0,7,8,6,21,0,20,20,9,49,10,20,30,79
04/13/2002,ABY,GA,ASO,ES,Federal Contract Tower,0,9,14,0,23,1,0,68,0,69,1,9,82,0,92,0,0,0,92
04/14/2002,ABY,GA,ASO,ES,Federal Contract Tower,0,7,7,0,14,0,0,30,0,30,0,7,37,0,44,52,0,52,96
04/15/2002,ABY,GA,ASO,ES,Federal Contract Tower,0,17,21,5,43,0,0,35,11,46,0,17,56,16,89,54,0,54,143
04/16/2002,ABY,GA,ASO,ES,Federal Contract Tower,0,15,15,0,30,0,2,42,0,44,0,17,57,0,74,14,0,14,88
04/17/2002,ABY,GA,ASO,ES,Federal Contract Tower,0,16,25,2,43,0,0,5,0,5,0,16,30,2,48,18,0,18,66
04/18/2002,ABY,GA,ASO,ES,Federal Contract Tower,0,18,18,4,40,0,2,38,18,58,0,20,56,22,98,30,0,30,128
04/19/2002,ABY,GA,ASO,ES,Federal Contract Tower,0,13,12,3,28,0,9,41,7,57,0,22,53,10,85,36,0,36,121
04/20/2002,ABY,GA,ASO,ES,Federal Contract Tower,0,8,8,2,18,0,11,40,1,52,0,19,48,3,70,66,16,82,152
04/21/2002,ABY,GA,ASO,ES,Federal Contract Tower,0,7,6,2,15,1,4,39,1,45,1,11,45,3,60,42,0,42,102
04/22/2002,ABY,GA,ASO,ES,Federal Contract Tower,0,9,20,0,29,0,0,18,0,18,0,9,38,0,47,12,0,12,59
04/23/2002,ABY,GA,ASO,ES,Federal Contract Tower,0,17,21,4,42,0,0,54,7,61,0,17,75,11,103,40,70,110,213
04/24/2002,ABY,GA,ASO,ES,Federal Contract Tower,0,14,25,5,44,0,0,83,21,104,0,14,108,26,148,54,12,66,214
04/25/2002,ABY,GA,ASO,ES,Federal Contract Tower,0,21,28,5,54,0,0,24,13,37,0,21,52,18,91,24,16,40,131
04/26/2002,ABY,GA,ASO,ES,Federal Contract Tower,0,19,22,4,45,0,0,10,15,25,0,19,32,19,70,16,54,70,140
04/27/2002,ABY,GA,ASO,ES,Federal Contract Tower,0,10,12,0,22,0,0,16,0,16,0,10,28,0,38,18,0,18,56
04/28/2002,ABY,GA,ASO,ES,Federal Contract Tower,0,9,13,2,24,0,0,25,2,27,0,9,38,4,51,20,0,20,71
04/29/2002,ABY,GA,ASO,ES,Federal Contract Tower,0,13,18,0,31,0,0,21,0,21,0,13,39,0,52,10,0,10,62
04/30/2002,ABY,GA,ASO,ES,Federal Contract Tower,0,21,22,4,47,0,5,18,4,27,0,26,40,8,74,20,4,24,98
05/01/2002,ABY,GA,ASO,ES,Federal Contract Tower,0,18,16,5,39,0,2,23,4,29,0,20,39,9,68,110,24,134,202
05/02/2002,ABY,GA,ASO,ES,Federal Contract Tower,0,17,19,6,42,0,0,34,8,42,0,17,53,14,84,20,44,64,148
05/03/2002,ABY,GA,ASO,ES,Federal Contract Tower,0,15,17,5,37,0,0,21,1,22,0,15,38,6,59,16,2,18,77
05/04/2002,ABY,GA,ASO,ES,Federal Contract Tower,1,11,10,0,22,0,0,11,0,11,1,11,21,0,33,8,0,8,41
05/05/2002,ABY,GA,ASO,ES,Federal Contract Tower,0,7,12,2,21,0,0,37,0,37,0,7,49,2,58,10,0,10,68
05/06/2002,ABY,GA,ASO,ES,Federal Contract Tower,0,16,17,5,38,0,0,20,4,24,0,16,37,9,62,32,22,54,116
05/07/2002,ABY,GA,ASO,ES,Federal Contract Tower,0,19,17,6,42,0,2,34,6,42,0,21,51,12,84,26,32,58,142
05/08/2002,ABY,GA,ASO,ES,Federal Contract Tower,0,12,11,0,23,0,9,43,0,52,0,21,54,0,75,42,0,42,117
05/09/2002,ABY,GA,ASO,ES,Federal Contract Tower,0,17,16,6,39,0,3,24,0,27,0,20,40,6,66,20,2,22,88
05/10/2002,ABY,GA,ASO,ES,Federal Contract Tower,0,13,12,3,28,0,8,28,0,36,0,21,40,3,64,34,28,62,126
05/11/2002,ABY,GA,ASO,ES,Federal Contract Tower,0,11,9,1,21,1,1,33,0,35,1,12,42,1,56,48,0,48,104
05/12/2002,ABY,GA,ASO,ES,Federal Contract Tower,0,6,7,2,15,0,0,29,0,29,0,6,36,2,44,20,0,20,64
05/13/2002,ABY,GA,ASO,ES,Federal Contract Tower,0,18,18,7,43,2,0,12,12,26,2,18,30,19,69,4,18,22,91
05/14/2002,ABY,GA,ASO,ES,Federal Contract Tower,0,16,14,2,32,0,3,36,0,39,0,19,50,2,71,18,0,18,89
05/15/2002,ABY,GA,ASO,ES,Federal Contract Tower,0,17,15,6,38,0,1,27,6,34,0,18,42,12,72,40,2,42,114
05/16/2002,ABY,GA,ASO,ES,Federal Contract Tower,0,16,14,5,35,0,8,45,5,58,0,24,59,10,93,46,62,108,201
05/17/2002,ABY,GA,ASO,ES,Federal Contract Tower,0,25,21,8,54,0,0,20,10,30,0,25,41,18,84,54,4,58,142
05/18/2002,ABY,GA,ASO,ES,Federal Contract Tower,0,10,10,2,22,1,0,9,0,10,1,10,19,2,32,0,0,0,32
05/19/2002,ABY,GA,ASO,ES,Federal Contract Tower,0,7,11,0,18,0,0,40,0,40,0,7,51,0,58,8,0,8,66
05/20/2002,ABY,GA,ASO,ES,Federal Contract Tower,0,16,20,8,44,0,0,19,16,35,0,16,39,24,79,20,128,148,227
05/21/2002,ABY,GA,ASO,ES,Federal Contract Tower,0,23,19,6,48,0,1,58,0,59,0,24,77,6,107,28,54,82,189
05/22/2002,ABY,GA,ASO,ES,Federal Contract Tower,0,20,16,6,42,0,7,35,9,51,0,27,51,15,93,104,80,184,277
05/23/2002,ABY,GA,ASO,ES,Federal Contract Tower,0,18,15,5,38,0,5,43,1,49,0,23,58,6,87,64,0,64,151
05/24/2002,ABY,GA,ASO,ES,Federal Contract Tower,0,22,19,6,47,0,0,30,4,34,0,22,49,10,81,32,6,38,119
05/25/2002,ABY,GA,ASO,ES,Federal Contract Tower,0,8,7,0,15,1,2,30,0,33,1,10,37,0,48,14,0,14,62
05/26/2002,ABY,GA,ASO,ES,Federal Contract Tower,0,6,4,0,10,0,2,16,0,18,0,8,20,0,28,4,0,4,32
05/27/2002,ABY,GA,ASO,ES,Federal Contract Tower,0,7,7,2,16,0,0,37,2,39,0,7,44,4,55,76,0,76,131
05/28/2002,ABY,GA,ASO,ES,Federal Contract Tower,0,21,18,6,45,0,0,16,12,28,0,21,34,18,73,24,24,48,121
05/29/2002,ABY,GA,ASO,ES,Federal Contract Tower,0,18,16,5,39,0,7,28,12,47,0,25,44,17,86,52,20,72,158
05/30/2002,ABY,GA,ASO,ES,Federal Contract Tower,0,20,21,6,47,0,0,25,12,37,0,20,46,18,84,52,74,126,210
05/31/2002,ABY,GA,ASO,ES,Federal Contract Tower,0,16,20,6,42,0,0,28,9,37,0,16,48,15,79,76,34,110,189
06/01/2002,ABY,GA,ASO,ES,Federal Contract Tower,1,6,6,0,13,0,4,20,0,24,1,10,26,0,37,6,0,6,43
06/02/2002,ABY,GA,ASO,ES,Federal Contract Tower,0,6,6,0,12,0,1,36,0,37,0,7,42,0,49,6,0,6,55
06/03/2002,ABY,GA,ASO,ES,Federal Contract Tower,0,17,17,6,40,0,0,13,15,28,0,17,30,21,68,12,20,32,100
06/04/2002,ABY,GA,ASO,ES,Federal Contract Tower,0,11,11,2,24,0,9,9,0,18,0,20,20,2,42,0,0,0,42
06/05/2002,ABY,GA,ASO,ES,Federal Contract Tower,0,20,20,8,48,0,0,26,9,35,0,20,46,17,83,74,20,94,177
06/06/2002,ABY,GA,ASO,ES,Federal Contract Tower,0,16,15,5,36,0,12,10,0,22,0,28,25,5,58,60,0,60,118
06/07/2002,ABY,GA,ASO,ES,Federal Contract Tower,0,20,22,9,51,0,0,9,11,20,0,20,31,20,71,4,20,24,95
06/08/2002,ABY,GA,ASO,ES,Federal Contract Tower,0,7,8,1,16,0,0,31,0,31,0,7,39,1,47,30,12,42,89
06/09/2002,ABY,GA,ASO,ES,Federal Contract Tower,1,12,12,0,25,0,0,17,0,17,1,12,29,0,42,60,0,60,102
06/10/2002,ABY,GA,ASO,ES,Federal Contract Tower,0,15,13,6,34,0,0,28,0,28,0,15,41,6,62,44,2,46,108
06/11/2002,ABY,GA,ASO,ES,Federal Contract Tower,0,17,13,7,37,0,3,31,4,38,0,20,44,11,75,64,8,72,147
06/12/2002,ABY,GA,ASO,ES,Federal Contract Tower,0,21,20,9,50,0,0,48,1,49,0,21,68,10,99,54,52,106,205
06/13/2002,ABY,GA,ASO,ES,Federal Contract Tower,0,12,9,4,25,0,7,38,6,51,0,19,47,10,76,154,44,198,274
06/14/2002,ABY,GA,ASO,ES,Federal Contract Tower,0,17,15,5,37,0,4,15,2,21,0,21,30,7,58,62,34,96,154
06/15/2002,ABY,GA,ASO,ES,Federal Contract Tower,0,15,12,0,27,1,4,43,0,48,1,19,55,0,75,108,0,108,183
06/16/2002,ABY,GA,ASO,ES,Federal Contract Tower,0,11,13,2,26,0,0,28,0,28,0,11,41,2,54,26,0,26,80
06/17/2002,ABY,GA,ASO,ES,Federal Contract Tower,0,17,17,2,36,0,0,23,0,23,0,17,40,2,59,24,0,24,83
06/18/2002,ABY,GA,ASO,ES,Federal Contract Tower,0,17,15,2,34,0,1,28,0,29,0,18,43,2,63,30,4,34,97
06/19/2002,ABY,GA,ASO,ES,Federal Contract Tower,0,21,22,8,51,0,0,31,6,37,0,21,53,14,88,20,6,26,114
06/20/2002,ABY,GA,ASO,ES,Federal Contract Tower,0,21,17,6,44,0,0,19,18,37,0,21,36,24,81,74,18,92,173
06/21/2002,ABY,GA,ASO,ES,Federal Contract Tower,0,22,19,6,47,0,2,8,0,10,0,24,27,6,57,44,0,44,101
06/22/2002,ABY,GA,ASO,ES,Federal Contract Tower,0,10,14,0,24,2,0,12,0,14,2,10,26,0,38,26,0,26,64
06/23/2002,ABY,GA,ASO,ES,Federal Contract Tower,0,7,8,2,17,0,0,20,2,22,0,7,28,4,39,24,0,24,63
06/24/2002,ABY,GA,ASO,ES,Federal Contract Tower,0,16,16,5,37,0,0,13,7,20,0,16,29,12,57,64,46,110,167
06/25/2002,ABY,GA,ASO,ES,Federal Contract Tower,0,16,14,2,32,0,3,23,0,26,0,19,37,2,58,22,0,22,80
06/26/2002,ABY,GA,ASO,ES,Federal Contract Tower,0,20,18,4,42,0,0,16,0,16,0,20,34,4,58,68,0,68,126
06/27/2002,ABY,GA,ASO,ES,Federal Contract Tower,0,24,23,8,55,2,0,21,23,46,2,24,44,31,101,90,38,128,229
06/28/2002,ABY,GA,ASO,ES,Federal Contract Tower,0,17,14,4,35,0,6,18,5,29,0,23,32,9,64,0,16,16,80
06/29/2002,ABY,GA,ASO,ES,Federal Contract Tower,0,9,8,1,18,1,1,19,0,21,1,10,27,1,39,28,0,28,67
06/30/2002,ABY,GA,ASO,ES,Federal Contract Tower,0,8,6,2,16,0,1,35,2,38,0,9,41,4,54,60,0,60,114
07/01/2002,ABY,GA,ASO,ES,Federal Contract Tower,0,19,18,3,40,0,3,32,6,41,0,22,50,9,81,200,12,212,293
07/02/2002,ABY,GA,ASO,ES,Federal Contract Tower,0,22,20,4,46,0,0,37,1,38,0,22,57,5,84,78,0,78,162
07/03/2002,ABY,GA,ASO,ES,Federal Contract Tower,0,15,14,0,29,0,9,37,0,46,0,24,51,0,75,74,0,74,149
07/04/2002,ABY,GA,ASO,ES,Federal Contract Tower,1,8,8,0,17,0,0,16,0,16,1,8,24,0,33,38,0,38,71
07/05/2002,ABY,GA,ASO,ES,Federal Contract Tower,1,12,10,2,25,1,5,18,2,26,2,17,28,4,51,84,0,84,135
07/06/2002,ABY,GA,ASO,ES,Federal Contract Tower,1,12,10,0,23,0,1,26,0,27,1,13,36,0,50,34,0,34,84
07/07/2002,ABY,GA,ASO,ES,Federal Contract Tower,0,6,5,0,11,0,1,7,0,8,0,7,12,0,19,20,0,20,39
07/08/2002,ABY,GA,ASO,ES,Federal Contract Tower,0,15,14,2,31,0,2,20,8,30,0,17,34,10,61,140,0,140,201
07/09/2002,ABY,GA,ASO,ES,Federal Contract Tower,0,18,17,4,39,0,0,34,6,40,0,18,51,10,79,138,52,190,269
07/10/2002,ABY,GA,ASO,ES,Federal Contract Tower,0,20,18,4,42,0,2,34,7,43,0,22,52,11,85,116,30,146,231
07/11/2002,ABY,GA,ASO,ES,Federal Contract Tower,0,17,15,4,36,0,2,33,12,47,0,19,48,16,83,42,16,58,141
07/12/2002,ABY,GA,ASO,ES,Federal Contract Tower,0,15,14,4,33,0,4,20,0,24,0,19,34,4,57,76,0,76,133
07/13/2002,ABY,GA,ASO,ES,Federal Contract Tower,0,9,13,2,24,1,0,18,0,19,1,9,31,2,43,82,0,82,125
07/14/2002,ABY,GA,ASO,ES,Federal Contract Tower,0,7,12,2,21,0,0,17,0,17,0,7,29,2,38,66,0,66,104
07/15/2002,ABY,GA,ASO,ES,Federal Contract Tower,0,19,17,4,40,0,0,27,11,38,0,19,44,15,78,98,0,98,176
07/16/2002,ABY,GA,ASO,ES,Federal Contract Tower,0,19,18,4,41,0,4,41,6,51,0,23,59,10,92,66,30,96,188
07/17/2002,ABY,GA,ASO,ES,Federal Contract Tower,0,20,24,5,49,0,0,38,13,51,0,20,62,18,100,218,12,230,330
07/18/2002,ABY,GA,ASO,ES,Federal Contract Tower,0,19,17,3,39,0,1,38,0,39,0,20,55,3,78,156,0,156,234
07/19/2002,ABY,GA,ASO,ES,Federal Contract Tower,0,18,17,4,39,0,0,27,5,32,0,18,44,9,71,48,32,80,151
07/20/2002,ABY,GA,ASO,ES,Federal Contract Tower,0,10,8,2,20,1,0,30,2,33,1,10,38,4,53,22,0,22,75
07/21/2002,ABY,GA,ASO,ES,Federal Contract Tower,0,8,6,1,15,0,0,22,0,22,0,8,28,1,37,60,0,60,97
07/22/2002,ABY,GA,ASO,ES,Federal Contract Tower,0,12,9,3,24,0,6,8,3,17,0,18,17,6,41,104,48,152,193
07/23/2002,ABY,GA,ASO,ES,Federal Contract Tower,0,22,19,3,44,0,0,14,1,15,0,22,33,4,59,14,20,34,93
07/24/2002,ABY,GA,ASO,ES,Federal Contract Tower,0,18,19,3,40,1,0,11,2,14,1,18,30,5,54,80,0,80,134
07/25/2002,ABY,GA,ASO,ES,Federal Contract Tower,0,21,21,4,46,0,0,19,0,19,0,21,40,4,65,124,0,124,189
07/26/2002,ABY,GA,ASO,ES,Federal Contract Tower,0,20,18,3,41,0,3,4,1,8,0,23,22,4,49,104,58,162,211
07/27/2002,ABY,GA,ASO,ES,Federal Contract Tower,0,12,9,1,22,1,2,20,0,23,1,14,29,1,45,64,0,64,109
07/28/2002,ABY,GA,ASO,ES,Federal Contract Tower,0,8,9,2,19,0,0,27,3,30,0,8,36,5,49,22,12,34,83
07/29/2002,ABY,GA,ASO,ES,Federal Contract Tower,0,17,16,3,36,0,0,19,12,31,0,17,35,15,67,54,42,96,163
07/30/2002,ABY,GA,ASO,ES,Federal Contract Tower,0,22,19,3,44,0,3,29,10,42,0,25,48,13,86,40,66,106,192
07/31/2002,ABY,GA,ASO,ES,Federal Contract Tower,0,18,16,3,37,0,3,63,3,69,0,21,79,6,106,118,16,134,240
08/01/2002,ABY,GA,ASO,ES,Federal Contract Tower,0,19,17,4,40,0,4,29,0,33,0,23,46,4,73,138,6,144,217
08/02/2002,ABY,GA,ASO,ES,Federal Contract Tower,1,14,12,3,30,1,5,24,3,33,2,19,36,6,63,76,0,76,139
08/03/2002,ABY,GA,ASO,ES,Federal Contract Tower,1,7,6,0,14,0,4,31,0,35,1,11,37,0,49,58,0,58,107
08/04/2002,ABY,GA,ASO,ES,Federal Contract Tower,0,6,6,1,13,0,1,22,1,24,0,7,28,2,37,24,0,24,61
08/05/2002,ABY,GA,ASO,ES,Federal Contract Tower,0,14,11,3,28,0,3,40,1,44,0,17,51,4,72,42,34,76,148
08/06/2002,ABY,GA,ASO,ES,Federal Contract Tower,0,17,15,3,35,0,5,22,11,38,0,22,37,14,73,240,38,278,351
08/07/2002,ABY,GA,ASO,ES,Federal Contract Tower,0,18,15,3,36,0,2,49,3,54,0,20,64,6,90,50,18,68,158
08/08/2002,ABY,GA,ASO,ES,Federal Contract Tower,0,16,19,5,40,0,0,52,13,65,0,16,71,18,105,84,40,124,229
08/09/2002,ABY,GA,ASO,ES,Federal Contract Tower,0,16,14,0,30,0,7,32,0,39,0,23,46,0,69,36,0,36,105
08/10/2002,ABY,GA,ASO,ES,Federal Contract Tower,1,10,11,3,25,0,0,23,5,28,1,10,34,8,53,32,0,32,85
08/11/2002,ABY,GA,ASO,ES,Federal Contract Tower,0,7,8,2,17,0,0,16,0,16,0,7,24,2,33,64,0,64,97
08/12/2002,ABY,GA,ASO,ES,Federal Contract Tower,0,14,11,3,28,0,4,22,9,35,0,18,33,12,63,116,4,120,183
08/13/2002,ABY,GA,ASO,ES,Federal Contract Tower,0,18,15,4,37,0,6,23,6,35,0,24,38,10,72,118,14,132,204
08/14/2002,ABY,GA,ASO,ES,Federal Contract Tower,0,23,22,5,50,0,0,20,3,23,0,23,42,8,73,16,4,20,93
08/15/2002,ABY,GA,ASO,ES,Federal Contract Tower,0,19,20,7,46,0,0,9,9,18,0,19,29,16,64,42,24,66,130
08/16/2002,ABY,GA,ASO,ES,Federal Contract Tower,0,19,14,4,37,0,4,30,6,40,0,23,44,10,77,84,24,108,185
08/17/2002,ABY,GA,ASO,ES,Federal Contract Tower,0,8,7,0,15,2,0,32,0,34,2,8,39,0,49,18,0,18,67
08/18/2002,ABY,GA,ASO,ES,Federal Contract Tower,0,5,3,1,9,0,2,18,2,22,0,7,21,3,31,70,0,70,101
08/19/2002,ABY,GA,ASO,ES,Federal Contract Tower,0,16,15,5,36,0,0,9,3,12,0,16,24,8,48,30,10,40,88
08/20/2002,ABY,GA,ASO,ES,Federal Contract Tower,0,17,14,5,36,0,0,37,9,46,0,17,51,14,82,88,48,136,218
08/21/2002,ABY,GA,ASO,ES,Federal Contract Tower,0,20,20,7,47,1,0,16,12,29,1,20,36,19,76,22,22,44,120
08/22/2002,ABY,GA,ASO,ES,Federal Contract Tower,0,28,23,7,58,0,0,71,13,84,0,28,94,20,142,220,56,276,418
08/23/2002,ABY,GA,ASO,ES,Federal Contract Tower,0,20,15,5,40,1,1,13,1,16,1,21,28,6,56,30,8,38,94
08/24/2002,ABY,GA,ASO,ES,Federal Contract Tower,0,11,8,2,21,2,2,20,0,24,2,13,28,2,45,78,0,78,123
08/25/2002,ABY,GA,ASO,ES,Federal Contract Tower,0,10,7,1,18,0,0,40,0,40,0,10,47,1,58,74,0,74,132
08/26/2002,ABY,GA,ASO,ES,Federal Contract Tower,0,18,18,5,41,0,0,17,4,21,0,18,35,9,62,26,8,34,96
08/27/2002,ABY,GA,ASO,ES,Federal Contract Tower,0,20,17,2,39,1,0,11,0,12,1,20,28,2,51,18,0,18,69
08/28/2002,ABY,GA,ASO,ES,Federal Contract Tower,0,23,19,5,47,0,0,23,5,28,0,23,42,10,75,86,22,108,183
08/29/2002,ABY,GA,ASO,ES,Federal Contract Tower,0,21,17,2,40,0,2,7,0,9,0,23,24,2,49,34,0,34,83
08/30/2002,ABY,GA,ASO,ES,Federal Contract Tower,0,16,12,2,30,1,5,35,0,41,1,21,47,2,71,64,0,64,135
08/31/2002,ABY,GA,ASO,ES,Federal Contract Tower,0,10,8,0,18,2,0,0,0,2,2,10,8,0,20,34,0,34,54
09/01/2002,ABY,GA,ASO,ES,Federal Contract Tower,0,0,3,0,3,0,5,1,0,6,0,5,4,0,9,16,0,16,25
09/02/2002,ABY,GA,ASO,ES,Federal Contract Tower,0,5,5,2,12,0,0,17,0,17,0,5,22,2,29,0,0,0,29
09/03/2002,ABY,GA,ASO,ES,Federal Contract Tower,0,19,12,6,37,0,4,18,1,23,0,23,30,7,60,42,0,42,102
09/04/2002,ABY,GA,ASO,ES,Federal Contract Tower,0,15,10,5,30,0,5,26,7,38,0,20,36,12,68,56,34,90,158
09/05/2002,ABY,GA,ASO,ES,Federal Contract Tower,0,21,13,6,40,0,3,21,0,24,0,24,34,6,64,46,0,46,110
09/06/2002,ABY,GA,ASO,ES,Federal Contract Tower,0,18,12,7,37,0,0,19,5,24,0,18,31,12,61,10,16,26,87
09/07/2002,ABY,GA,ASO,ES,Federal Contract Tower,1,10,6,4,21,1,0,33,8,42,2,10,39,12,63,34,34,68,131
09/08/2002,ABY,GA,ASO,ES,Federal Contract Tower,0,8,5,4,17,0,0,34,9,43,0,8,39,13,60,32,12,44,104
09/09/2002,ABY,GA,ASO,ES,Federal Contract Tower,0,17,10,4,31,0,1,26,4,31,0,18,36,8,62,88,28,116,178
09/10/2002,ABY,GA,ASO,ES,Federal Contract Tower,1,16,10,4,31,0,0,31,7,38,1,16,41,11,69,86,118,204,273
09/11/2002,ABY,GA,ASO,ES,Federal Contract Tower,1,19,12,5,37,0,0,34,10,44,1,19,46,15,81,116,48,164,245
09/12/2002,ABY,GA,ASO,ES,Federal Contract Tower,0,19,20,8,47,0,0,74,5,79,0,19,94,13,126,50,34,84,210
09/13/2002,ABY,GA,ASO,ES,Federal Contract Tower,0,18,13,6,37,0,0,18,6,24,0,18,31,12,61,132,26,158,219
09/14/2002,ABY,GA,ASO,ES,Federal Contract Tower,0,6,4,0,10,2,3,0,0,5,2,9,4,0,15,0,0,0,15
09/15/2002,ABY,GA,ASO,ES,Federal Contract Tower,0,7,5,0,12,0,1,13,0,14,0,8,18,0,26,6,0,6,32
09/16/2002,ABY,GA,ASO,ES,Federal Contract Tower,0,18,14,7,39,0,0,8,22,30,0,18,22,29,69,12,106,118,187
09/17/2002,ABY,GA,ASO,ES,Federal Contract Tower,0,19,11,6,36,0,0,30,2,32,0,19,41,8,68,96,18,114,182
09/18/2002,ABY,GA,ASO,ES,Federal Contract Tower,0,15,9,0,24,0,7,24,0,31,0,22,33,0,55,66,0,66,121
09/19/2002,ABY,GA,ASO,ES,Federal Contract Tower,0,19,13,7,39,0,0,8,6,14,0,19,21,13,53,28,36,64,117
09/20/2002,ABY,GA,ASO,ES,Federal Contract Tower,0,18,11,3,32,0,3,0,0,3,0,21,11,3,35,24,6,30,65
09/21/2002,ABY,GA,ASO,ES,Federal Contract Tower,0,12,7,2,21,2,0,19,0,21,2,12,26,2,42,34,0,34,76
09/22/2002,ABY,GA,ASO,ES,Federal Contract Tower,0,2,3,4,9,0,5,23,0,28,0,7,26,4,37,14,0,14,51
09/23/2002,ABY,GA,ASO,ES,Federal Contract Tower,0,17,12,6,35,0,0,27,11,38,0,17,39,17,73,38,98,136,209
09/24/2002,ABY,GA,ASO,ES,Federal Contract Tower,0,21,14,7,42,1,0,0,6,7,1,21,14,13,49,0,14,14,63
09/25/2002,ABY,GA,ASO,ES,Federal Contract Tower,0,22,13,9,44,0,0,0,16,16,0,22,13,25,60,8,42,50,110
09/26/2002,ABY,GA,ASO,ES,Federal Contract Tower,0,20,11,2,33,0,6,0,0,6,0,26,11,2,39,0,2,2,41
09/27/2002,ABY,GA,ASO,ES,Federal Contract Tower,0,21,13,7,41,1,6,16,23,46,1,27,29,30,87,10,90,100,187
09/28/2002,ABY,GA,ASO,ES,Federal Contract Tower,0,11,8,4,23,2,0,22,2,26,2,11,30,6,49,0,0,0,49
09/29/2002,ABY,GA,ASO,ES,Federal Contract Tower,0,9,6,1,16,0,0,12,0,12,0,9,18,1,28,0,0,0,28
09/30/2002,ABY,GA,ASO,ES,Federal Contract Tower,0,25,15,8,48,0,1,31,3,35,0,26,46,11,83,40,36,76,159
10/01/2002,ABY,GA,ASO,ES,Federal Contract Tower,0,19,16,9,44,0,0,18,1,19,0,19,34,10,63,20,34,54,117
10/02/2002,ABY,GA,ASO,ES,Federal Contract Tower,0,21,18,3,42,0,0,48,13,61,0,21,66,16,103,42,54,96,199
10/03/2002,ABY,GA,ASO,ES,Federal Contract Tower,0,22,12,3,37,0,1,37,15,53,0,23,49,18,90,34,46,80,170
10/04/2002,ABY,GA,ASO,ES,Federal Contract Tower,0,23,5,7,35,0,0,26,5,31,0,23,31,12,66,46,42,88,154
10/05/2002,ABY,GA,ASO,ES,Federal Contract Tower,2,11,8,0,21,0,0,8,2,10,2,11,16,2,31,44,0,44,75
10/06/2002,ABY,GA,ASO,ES,Federal Contract Tower,0,8,12,3,23,0,0,13,1,14,0,8,25,4,37,42,4,46,83
10/07/2002,ABY,GA,ASO,ES,Federal Contract Tower,0,12,12,1,25,0,4,19,7,30,0,16,31,8,55,26,30,56,111
10/08/2002,ABY,GA,ASO,ES,Federal Contract Tower,1,20,12,1,34,0,0,18,1,19,1,20,30,2,53,38,34,72,125
10/09/2002,ABY,GA,ASO,ES,Federal Contract Tower,0,20,10,2,32,0,0,17,4,21,0,20,27,6,53,8,38,46,99
10/10/2002,ABY,GA,ASO,ES,Federal Contract Tower,0,20,5,9,34,0,0,10,3,13,0,20,15,12,47,174,26,200,247
10/11/2002,ABY,GA,ASO,ES,Federal Contract Tower,0,20,14,4,38,0,1,17,0,18,0,21,31,4,56,12,0,12,68
10/12/2002,ABY,GA,ASO,ES,Federal Contract Tower,1,11,15,0,27,0,0,25,0,25,1,11,40,0,52,8,0,8,60
10/13/2002,ABY,GA,ASO,ES,Federal Contract Tower,0,9,8,0,17,0,0,14,0,14,0,9,22,0,31,2,0,2,33
10/14/2002,ABY,GA,ASO,ES,Federal Contract Tower,0,12,19,5,36,0,1,8,0,9,0,13,27,5,45,0,0,0,45
10/15/2002,ABY,GA,ASO,ES,Federal Contract Tower,4,25,17,1,47,0,0,0,0,0,4,25,17,1,47,0,0,0,47
10/16/2002,ABY,GA,ASO,ES,Federal Contract Tower,0,21,27,4,52,0,1,18,0,19,0,22,45,4,71,16,0,16,87
10/17/2002,ABY,GA,ASO,ES,Federal Contract Tower,0,20,29,1,50,0,1,76,12,89,0,21,105,13,139,14,30,44,183
10/18/2002,ABY,GA,ASO,ES,Federal Contract Tower,0,23,11,1,35,0,2,43,2,47,0,25,54,3,82,24,50,74,156
10/19/2002,ABY,GA,ASO,ES,Federal Contract Tower,2,16,10,0,28,0,0,52,1,53,2,16,62,1,81,34,4,38,119
10/20/2002,ABY,GA,ASO,ES,Federal Contract Tower,0,10,15,0,25,0,0,30,0,30,0,10,45,0,55,24,0,24,79
10/21/2002,ABY,GA,ASO,ES,Federal Contract Tower,0,20,16,6,42,0,0,13,8,21,0,20,29,14,63,30,14,44,107
10/22/2002,ABY,GA,ASO,ES,Federal Contract Tower,0,26,30,0,56,0,0,40,0,40,0,26,70,0,96,36,0,36,132
10/23/2002,ABY,GA,ASO,ES,Federal Contract Tower,0,24,22,4,50,0,0,4,1,5,0,24,26,5,55,0,2,2,57
10/24/2002,ABY,GA,ASO,ES,Federal Contract Tower,0,24,22,4,50,0,1,5,0,6,0,25,27,4,56,0,0,0,56
10/25/2002,ABY,GA,ASO,ES,Federal Contract Tower,0,20,26,8,54,0,0,1,0,1,0,20,27,8,55,0,14,14,69
10/26/2002,ABY,GA,ASO,ES,Federal Contract Tower,1,15,28,0,44,0,0,0,0,0,1,15,28,0,44,4,0,4,48
10/27/2002,ABY,GA,ASO,ES,Federal Contract Tower,0,5,10,0,15,0,0,7,0,7,0,5,17,0,22,28,0,28,50
10/28/2002,ABY,GA,ASO,ES,Federal Contract Tower,0,14,26,8,48,0,1,12,2,15,0,15,38,10,63,20,26,46,109
10/29/2002,ABY,GA,ASO,ES,Federal Contract Tower,0,19,19,0,38,2,0,4,0,6,2,19,23,0,44,0,0,0,44
10/30/2002,ABY,GA,ASO,ES,Federal Contract Tower,0,27,23,4,54,0,3,48,20,71,0,30,71,24,125,170,86,256,381
10/31/2002,ABY,GA,ASO,ES,Federal Contract Tower,0,22,23,5,50,0,1,45,9,55,0,23,68,14,105,94,40,134,239
11/01/2002,ABY,GA,ASO,ES,Federal Contract Tower,0,19,27,4,50,0,1,48,5,54,0,20,75,9,104,88,118,206,310
11/02/2002,ABY,GA,ASO,ES,Federal Contract Tower,1,10,20,0,31,0,3,50,0,53,1,13,70,0,84,56,0,56,140
11/03/2002,ABY,GA,ASO,ES,Federal Contract Tower,0,5,15,2,22,0,1,32,0,33,0,6,47,2,55,28,6,34,89
11/04/2002,ABY,GA,ASO,ES,Federal Contract Tower,0,19,25,7,51,0,0,0,5,5,0,19,25,12,56,0,26,26,82
11/05/2002,ABY,GA,ASO,ES,Federal Contract Tower,2,27,15,0,44,0,1,3,0,4,2,28,18,0,48,2,0,2,50
11/06/2002,ABY,GA,ASO,ES,Federal Contract Tower,0,22,19,9,50,0,2,26,25,53,0,24,45,34,103,2,18,20,123
11/07/2002,ABY,GA,ASO,ES,Federal Contract Tower,0,20,22,4,46,0,0,32,2,34,0,20,54,6,80,34,28,62,142
11/08/2002,ABY,GA,ASO,ES,Federal Contract Tower,0,18,25,2,45,0,0,32,4,36,0,18,57,6,81,10,16,26,107
11/09/2002,ABY,GA,ASO,ES,Federal Contract Tower,1,10,10,0,21,0,0,20,0,20,1,10,30,0,41,28,0,28,69
11/10/2002,ABY,GA,ASO,ES,Federal Contract Tower,0,8,19,4,31,0,0,11,0,11,0,8,30,4,42,52,4,56,98
11/11/2002,ABY,GA,ASO,ES,Federal Contract Tower,0,13,5,0,18,0,0,2,0,2,0,13,7,0,20,0,0,0,20
11/12/2002,ABY,GA,ASO,ES,Federal Contract Tower,1,27,16,1,45,0,1,1,1,3,1,28,17,2,48,6,0,6,54
11/13/2002,ABY,GA,ASO,ES,Federal Contract Tower,0,20,28,0,48,0,0,41,13,54,0,20,69,13,102,118,12,130,232
11/14/2002,ABY,GA,ASO,ES,Federal Contract Tower,0,21,22,3,46,0,4,54,15,73,0,25,76,18,119,74,64,138,257
11/15/2002,ABY,GA,ASO,ES,Federal Contract Tower,0,26,12,11,49,0,0,27,5,32,0,26,39,16,81,44,32,76,157
11/16/2002,ABY,GA,ASO,ES,Federal Contract Tower,2,13,12,0,27,0,0,0,0,0,2,13,12,0,27,0,0,0,27
11/17/2002,ABY,GA,ASO,ES,Federal Contract Tower,0,16,20,20,56,0,0,11,0,11,0,16,31,20,67,0,0,0,67
11/18/2002,ABY,GA,ASO,ES,Federal Contract Tower,0,19,17,2,38,0,0,20,13,33,0,19,37,15,71,66,104,170,241
11/19/2002,ABY,GA,ASO,ES,Federal Contract Tower,0,24,34,6,64,0,0,41,9,50,0,24,75,15,114,82,52,134,248
11/20/2002,ABY,GA,ASO,ES,Federal Contract Tower,0,24,33,16,73,0,0,33,28,61,0,24,66,44,134,62,50,112,246
11/21/2002,ABY,GA,ASO,ES,Federal Contract Tower,0,22,29,8,59,0,1,30,2,33,0,23,59,10,92,56,14,70,162
11/22/2002,ABY,GA,ASO,ES,Federal Contract Tower,0,15,27,8,50,0,1,28,7,36,0,16,55,15,86,60,40,100,186
11/23/2002,ABY,GA,ASO,ES,Federal Contract Tower,1,10,15,4,30,0,0,56,0,56,1,10,71,4,86,92,0,92,178
11/24/2002,ABY,GA,ASO,ES,Federal Contract Tower,0,7,10,1,18,0,0,26,0,26,0,7,36,1,44,32,4,36,80
11/25/2002,ABY,GA,ASO,ES,Federal Contract Tower,0,15,12,9,36,0,1,26,4,31,0,16,38,13,67,14,18,32,99
11/26/2002,ABY,GA,ASO,ES,Federal Contract Tower,0,24,17,6,47,0,0,27,10,37,0,24,44,16,84,8,26,34,118
11/27/2002,ABY,GA,ASO,ES,Federal Contract Tower,0,25,23,4,52,0,1,51,6,58,0,26,74,10,110,130,58,188,298
11/28/2002,ABY,GA,ASO,ES,Federal Contract Tower,0,8,12,0,20,0,0,28,0,28,0,8,40,0,48,0,0,0,48
11/29/2002,ABY,GA,ASO,ES,Federal Contract Tower,0,17,14,2,33,0,0,27,0,27,0,17,41,2,60,16,0,16,76
11/30/2002,ABY,GA,ASO,ES,Federal Contract Tower,0,12,11,0,23,0,0,13,0,13,0,12,24,0,36,50,0,50,86
12/01/2002,ABY,GA,ASO,ES,Federal Contract Tower,0,9,23,0,32,0,0,29,0,29,0,9,52,0,61,66,0,66,127
12/02/2002,ABY,GA,ASO,ES,Federal Contract Tower,0,18,21,0,39,0,1,17,2,20,0,19,38,2,59,4,18,22,81
12/03/2002,ABY,GA,ASO,ES,Federal Contract Tower,0,27,20,7,54,0,3,23,7,33,0,30,43,14,87,84,14,98,185
12/04/2002,ABY,GA,ASO,ES,Federal Contract Tower,1,25,16,2,44,0,0,11,4,15,1,25,27,6,59,0,8,8,67
12/05/2002,ABY,GA,ASO,ES,Federal Contract Tower,1,34,33,2,70,0,0,0,1,1,1,34,33,3,71,0,0,0,71
12/06/2002,ABY,GA,ASO,ES,Federal Contract Tower,1,28,26,5,60,0,1,24,0,25,1,29,50,5,85,66,2,68,153
12/07/2002,ABY,GA,ASO,ES,Federal Contract Tower,0,19,17,3,39,0,1,34,12,47,0,20,51,15,86,62,8,70,156
12/08/2002,ABY,GA,ASO,ES,Federal Contract Tower,0,15,20,2,37,0,0,12,0,12,0,15,32,2,49,22,4,26,75
12/09/2002,ABY,GA,ASO,ES,Federal Contract Tower,0,19,13,10,42,0,3,32,6,41,0,22,45,16,83,34,82,116,199
12/10/2002,ABY,GA,ASO,ES,Federal Contract Tower,0,20,34,7,61,0,0,1,0,1,0,20,35,7,62,2,4,6,68
12/11/2002,ABY,GA,ASO,ES,Federal Contract Tower,0,21,27,4,52,0,0,22,0,22,0,21,49,4,74,10,10,20,94
12/12/2002,ABY,GA,ASO,ES,Federal Contract Tower,0,20,17,7,44,0,1,10,5,16,0,21,27,12,60,30,28,58,118
12/13/2002,ABY,GA,ASO,ES,Federal Contract Tower,0,23,33,2,58,0,0,5,0,5,0,23,38,2,63,0,0,0,63
12/14/2002,ABY,GA,ASO,ES,Federal Contract Tower,0,13,16,2,31,0,0,2,0,2,0,13,18,2,33,0,2,2,35
12/15/2002,ABY,GA,ASO,ES,Federal Contract Tower,0,14,15,2,31,0,0,29,0,29,0,14,44,2,60,34,0,34,94
12/16/2002,ABY,GA,ASO,ES,Federal Contract Tower,0,19,23,1,43,0,0,46,2,48,0,19,69,3,91,32,54,86,177
12/17/2002,ABY,GA,ASO,ES,Federal Contract Tower,0,19,39,0,58,0,4,37,6,47,0,23,76,6,105,36,40,76,181
12/18/2002,ABY,GA,ASO,ES,Federal Contract Tower,4,23,26,3,56,0,1,5,1,7,4,24,31,4,63,0,0,0,63
12/19/2002,ABY,GA,ASO,ES,Federal Contract Tower,0,20,29,2,51,0,0,25,6,31,0,20,54,8,82,8,2,10,92
12/20/2002,ABY,GA,ASO,ES,Federal Contract Tower,0,23,26,2,51,0,1,13,0,14,0,24,39,2,65,10,0,10,75
12/21/2002,ABY,GA,ASO,ES,Federal Contract Tower,2,13,22,0,37,0,0,37,0,37,2,13,59,0,74,36,0,36,110
12/22/2002,ABY,GA,ASO,ES,Federal Contract Tower,1,10,19,0,30,0,0,27,0,27,1,10,46,0,57,48,0,48,105
12/23/2002,ABY,GA,ASO,ES,Federal Contract Tower,0,17,11,0,28,0,1,38,2,41,0,18,49,2,69,134,0,134,203
12/24/2002,ABY,GA,ASO,ES,Federal Contract Tower,2,22,1,2,27,0,0,0,0,0,2,22,1,2,27,0,0,0,27
12/25/2002,ABY,GA,ASO,ES,Federal Contract Tower,0,5,5,0,10,0,0,5,0,5,0,5,10,0,15,0,0,0,15
12/26/2002,ABY,GA,ASO,ES,Federal Contract Tower,0,21,14,0,35,0,1,42,0,43,0,22,56,0,78,2,0,2,80
12/27/2002,ABY,GA,ASO,ES,Federal Contract Tower,1,22,14,0,37,0,0,42,0,42,1,22,56,0,79,74,0,74,153
12/28/2002,ABY,GA,ASO,ES,Federal Contract Tower,0,12,11,2,25,0,0,45,12,57,0,12,56,14,82,10,54,64,146
12/29/2002,ABY,GA,ASO,ES,Federal Contract Tower,0,10,16,0,26,0,0,44,0,44,0,10,60,0,70,34,0,34,104
12/30/2002,ABY,GA,ASO,ES,Federal Contract Tower,0,23,19,0,42,0,3,40,0,43,0,26,59,0,85,16,0,16,101
12/31/2002,ABY,GA,ASO,ES,Federal Contract Tower,0,20,7,0,27,0,0,1,0,1,0,20,8,0,28,4,0,4,32
01/01/2003,ABY,GA,ASO,ES,Federal Contract Tower,0,4,5,0,9,0,1,4,0,5,0,5,9,0,14,16,0,16,30
01/02/2003,ABY,GA,ASO,ES,Federal Contract Tower,0,26,15,1,42,0,2,15,3,20,0,28,30,4,62,2,0,2,64
01/03/2003,ABY,GA,ASO,ES,Federal Contract Tower,0,18,18,0,36,0,2,8,0,10,0,20,26,0,46,0,0,0,46
01/04/2003,ABY,GA,ASO,ES,Federal Contract Tower,1,16,26,0,43,0,1,41,0,42,1,17,67,0,85,54,0,54,139
01/05/2003,ABY,GA,ASO,ES,Federal Contract Tower,0,5,9,0,14,0,1,28,0,29,0,6,37,0,43,30,0,30,73
01/06/2003,ABY,GA,ASO,ES,Federal Contract Tower,0,20,13,17,50,0,1,24,4,29,0,21,37,21,79,14,48,62,141
01/07/2003,ABY,GA,ASO,ES,Federal Contract Tower,0,23,31,6,60,0,3,26,0,29,0,26,57,6,89,2,0,2,91
01/08/2003,ABY,GA,ASO,ES,Federal Contract Tower,0,21,26,1,48,0,5,23,9,37,0,26,49,10,85,22,40,62,147
01/09/2003,ABY,GA,ASO,ES,Federal Contract Tower,0,21,43,10,74,0,6,49,21,76,0,27,92,31,150,34,108,142,292
01/10/2003,ABY,GA,ASO,ES,Federal Contract Tower,0,26,10,14,50,0,2,20,0,22,0,28,30,14,72,4,24,28,100
01/11/2003,ABY,GA,ASO,ES,Federal Contract Tower,1,14,25,0,40,0,0,35,8,43,1,14,60,8,83,70,0,70,153
01/12/2003,ABY,GA,ASO,ES,Federal Contract Tower,1,15,24,5,45,0,1,22,2,25,1,16,46,7,70,90,4,94,164
01/13/2003,ABY,GA,ASO,ES,Federal Contract Tower,0,21,32,5,58,0,0,7,0,7,0,21,39,5,65,16,40,56,121
01/14/2003,ABY,GA,ASO,ES,Federal Contract Tower,0,20,37,4,61,0,4,43,8,55,0,24,80,12,116,42,34,76,192
01/15/2003,ABY,GA,ASO,ES,Federal Contract Tower,0,17,26,5,48,0,3,32,7,42,0,20,58,12,90,38,18,56,146
01/16/2003,ABY,GA,ASO,ES,Federal Contract Tower,0,25,28,15,68,0,2,29,3,34,0,27,57,18,102,24,54,78,180
01/17/2003,ABY,GA,ASO,ES,Federal Contract Tower,1,24,14,2,41,0,1,33,17,51,1,25,47,19,92,38,34,72,164
01/18/2003,ABY,GA,ASO,ES,Federal Contract Tower,2,15,23,0,40,0,2,36,9,47,2,17,59,9,87,28,0,28,115
01/19/2003,ABY,GA,ASO,ES,Federal Contract Tower,0,17,19,8,44,0,0,17,0,17,0,17,36,8,61,10,8,18,79
01/20/2003,ABY,GA,ASO,ES,Federal Contract Tower,1,10,11,3,25,0,0,43,0,43,1,10,54,3,68,78,0,78,146
01/21/2003,ABY,GA,ASO,ES,Federal Contract Tower,0,24,28,6,58,0,4,13,6,23,0,28,41,12,81,20,82,102,183
01/22/2003,ABY,GA,ASO,ES,Federal Contract Tower,0,23,33,6,62,0,0,2,0,2,0,23,35,6,64,0,0,0,64
01/23/2003,ABY,GA,ASO,ES,Federal Contract Tower,0,27,27,4,58,0,4,29,13,46,0,31,56,17,104,22,60,82,186
01/24/2003,ABY,GA,ASO,ES,Federal Contract Tower,0,23,35,6,64,0,1,23,1,25,0,24,58,7,89,14,66,80,169
01/25/2003,ABY,GA,ASO,ES,Federal Contract Tower,1,12,16,0,29,0,0,22,0,22,1,12,38,0,51,52,0,52,103
01/26/2003,ABY,GA,ASO,ES,Federal Contract Tower,0,10,20,0,30,0,0,26,0,26,0,10,46,0,56,48,0,48,104
01/27/2003,ABY,GA,ASO,ES,Federal Contract Tower,0,16,11,0,27,0,2,11,2,15,0,18,22,2,42,28,4,32,74
01/28/2003,ABY,GA,ASO,ES,Federal Contract Tower,0,21,21,0,42,0,2,11,4,17,0,23,32,4,59,4,56,60,119
01/29/2003,ABY,GA,ASO,ES,Federal Contract Tower,0,18,29,5,52,0,0,43,23,66,0,18,72,28,118,24,150,174,292
01/30/2003,ABY,GA,ASO,ES,Federal Contract Tower,0,31,41,4,76,0,0,20,0,20,0,31,61,4,96,28,8,36,132
01/31/2003,ABY,GA,ASO,ES,Federal Contract Tower,1,24,20,6,51,0,1,14,0,15,1,25,34,6,66,24,0,24,90
02/01/2003,ABY,GA,ASO,ES,Federal Contract Tower,1,12,25,1,39,0,1,33,4,38,1,13,58,5,77,20,0,20,97
02/02/2003,ABY,GA,ASO,ES,Federal Contract Tower,0,17,24,1,42,0,0,26,3,29,0,17,50,4,71,10,0,10,81
02/03/2003,ABY,GA,ASO,ES,Federal Contract Tower,0,25,12,2,39,0,0,26,10,36,0,25,38,12,75,44,82,126,201
02/04/2003,ABY,GA,ASO,ES,Federal Contract Tower,0,24,33,6,63,0,0,11,5,16,0,24,44,11,79,2,48,50,129
02/05/2003,ABY,GA,ASO,ES,Federal Contract Tower,0,17,27,5,49,0,0,51,88,139,0,17,78,93,188,78,106,184,372
02/06/2003,ABY,GA,ASO,ES,Federal Contract Tower,0,20,27,6,53,0,2,7,8,17,0,22,34,14,70,38,54,92,162
02/07/2003,ABY,GA,ASO,ES,Federal Contract Tower,2,27,29,4,62,0,1,1,2,4,2,28,30,6,66,0,0,0,66
02/08/2003,ABY,GA,ASO,ES,Federal Contract Tower,1,13,23,1,38,0,1,40,62,103,1,14,63,63,141,74,0,74,215
02/09/2003,ABY,GA,ASO,ES,Federal Contract Tower,1,12,30,2,45,0,1,15,0,16,1,13,45,2,61,22,0,22,83
02/10/2003,ABY,GA,ASO,ES,Federal Contract Tower,0,19,20,0,39,0,2,21,4,27,0,21,41,4,66,74,0,74,140
02/11/2003,ABY,GA,ASO,ES,Federal Contract Tower,2,21,19,11,53,0,2,40,17,59,2,23,59,28,112,72,72,144,256
02/12/2003,ABY,GA,ASO,ES,Federal Contract Tower,0,20,42,9,71,0,4,43,19,66,0,24,85,28,137,30,94,124,261
02/13/2003,ABY,GA,ASO,ES,Federal Contract Tower,1,21,29,0,51,0,2,33,1,36,1,23,62,1,87,36,0,36,123
02/14/2003,ABY,GA,ASO,ES,Federal Contract Tower,0,26,6,0,32,0,2,32,4,38,0,28,38,4,70,40,12,52,122
02/15/2003,ABY,GA,ASO,ES,Federal Contract Tower,2,20,9,0,31,0,0,29,12,41,2,20,38,12,72,68,2,70,142
02/16/2003,ABY,GA,ASO,ES,Federal Contract Tower,0,9,15,0,24,0,0,1,0,1,0,9,16,0,25,0,0,0,25
02/17/2003,ABY,GA,ASO,ES,Federal Contract Tower,0,13,24,0,37,0,0,13,0,13,0,13,37,0,50,0,0,0,50
02/18/2003,ABY,GA,ASO,ES,Federal Contract Tower,0,26,34,8,68,0,0,28,3,31,0,26,62,11,99,44,22,66,165
02/19/2003,ABY,GA,ASO,ES,Federal Contract Tower,0,22,24,20,66,0,1,49,14,64,0,23,73,34,130,96,108,204,334
02/20/2003,ABY,GA,ASO,ES,Federal Contract Tower,1,31,43,15,90,0,0,15,6,21,1,31,58,21,111,42,56,98,209
02/21/2003,ABY,GA,ASO,ES,Federal Contract Tower,0,25,23,2,50,0,0,2,0,2,0,25,25,2,52,14,4,18,70
02/22/2003,ABY,GA,ASO,ES,Federal Contract Tower,1,12,11,2,26,0,0,0,0,0,1,12,11,2,26,0,0,0,26
02/23/2003,ABY,GA,ASO,ES,Federal Contract Tower,0,15,28,6,49,0,0,26,0,26,0,15,54,6,75,34,4,38,113
02/24/2003,ABY,GA,ASO,ES,Federal Contract Tower,0,23,23,6,52,0,4,34,13,51,0,27,57,19,103,38,90,128,231
02/25/2003,ABY,GA,ASO,ES,Federal Contract Tower,0,23,27,15,65,0,1,37,20,58,0,24,64,35,123,30,80,110,233
02/26/2003,ABY,GA,ASO,ES,Federal Contract Tower,0,20,19,22,61,0,0,23,10,33,0,20,42,32,94,38,62,100,194
02/27/2003,ABY,GA,ASO,ES,Federal Contract Tower,0,31,35,6,72,0,0,0,0,0,0,31,35,6,72,0,8,8,80
02/28/2003,ABY,GA,ASO,ES,Federal Contract Tower,1,34,24,21,80,0,0,31,0,31,1,34,55,21,111,18,40,58,169
03/01/2003,ABY,GA,ASO,ES,Federal Contract Tower,1,13,22,0,36,1,0,0,0,1,2,13,22,0,37,0,0,0,37
03/02/2003,ABY,GA,ASO,ES,Federal Contract Tower,0,6,16,10,32,0,0,10,0,10,0,6,26,10,42,2,0,2,44
03/03/2003,ABY,GA,ASO,ES,Federal Contract Tower,0,15,19,6,40,0,2,28,3,33,0,17,47,9,73,26,30,56,129
03/04/2003,ABY,GA,ASO,ES,Federal Contract Tower,0,21,14,2,37,0,0,0,0,0,0,21,14,2,37,0,0,0,37
03/05/2003,ABY,GA,ASO,ES,Federal Contract Tower,1,24,12,4,41,0,0,16,2,18,1,24,28,6,59,28,6,34,93
03/06/2003,ABY,GA,ASO,ES,Federal Contract Tower,0,20,18,0,38,0,2,0,0,2,0,22,18,0,40,0,0,0,40
03/07/2003,ABY,GA,ASO,ES,Federal Contract Tower,0,27,16,4,47,0,0,12,2,14,0,27,28,6,61,34,10,44,105
03/08/2003,ABY,GA,ASO,ES,Federal Contract Tower,0,11,18,0,29,1,0,21,0,22,1,11,39,0,51,44,0,44,95
03/09/2003,ABY,GA,ASO,ES,Federal Contract Tower,0,12,12,1,25,0,0,4,1,5,0,12,16,2,30,34,0,34,64
03/10/2003,ABY,GA,ASO,ES,Federal Contract Tower,0,22,20,13,55,0,0,47,9,56,0,22,67,22,111,110,50,160,271
03/11/2003,ABY,GA,ASO,ES,Federal Contract Tower,0,22,32,12,66,0,5,65,13,83,0,27,97,25,149,50,72,122,271
03/12/2003,ABY,GA,ASO,ES,Federal Contract Tower,0,20,17,3,40,0,2,39,13,54,0,22,56,16,94,64,68,132,226
03/13/2003,ABY,GA,ASO,ES,Federal Contract Tower,0,19,15,5,39,0,3,21,1,25,0,22,36,6,64,24,16,40,104
03/14/2003,ABY,GA,ASO,ES,Federal Contract Tower,0,18,9,13,40,0,5,21,10,36,0,23,30,23,76,92,14,106,182
03/15/2003,ABY,GA,ASO,ES,Federal Contract Tower,1,14,13,8,36,1,0,1,0,2,2,14,14,8,38,20,6,26,64
03/16/2003,ABY,GA,ASO,ES,Federal Contract Tower,0,8,16,2,26,0,1,32,6,39,0,9,48,8,65,42,8,50,115
03/17/2003,ABY,GA,ASO,ES,Federal Contract Tower,0,18,2,2,22,0,1,0,0,1,0,19,2,2,23,0,0,0,23
03/18/2003,ABY,GA,ASO,ES,Federal Contract Tower,0,18,18,5,41,0,4,14,3,21,0,22,32,8,62,10,12,22,84
03/19/2003,ABY,GA,ASO,ES,Federal Contract Tower,0,24,21,4,49,0,1,13,1,15,0,25,34,5,64,89,0,89,153
03/20/2003,ABY,GA,ASO,ES,Federal Contract Tower,0,19,19,4,42,0,1,14,0,15,0,20,33,4,57,51,37,88,145
03/21/2003,ABY,GA,ASO,ES,Federal Contract Tower,0,21,22,3,46,0,1,51,12,64,0,22,73,15,110,153,73,226,336
03/22/2003,ABY,GA,ASO,ES,Federal Contract Tower,0,9,8,0,17,1,1,40,0,42,1,10,48,0,59,4,42,46,105
03/23/2003,ABY,GA,ASO,ES,Federal Contract Tower,0,7,10,0,17,0,1,37,0,38,0,8,47,0,55,54,0,54,109
03/24/2003,ABY,GA,ASO,ES,Federal Contract Tower,0,18,19,6,43,0,0,35,18,53,0,18,54,24,96,50,58,108,204
03/25/2003,ABY,GA,ASO,ES,Federal Contract Tower,0,23,19,5,47,0,0,34,11,45,0,23,53,16,92,10,60,70,162
03/26/2003,ABY,GA,ASO,ES,Federal Contract Tower,0,22,16,5,43,0,0,28,16,44,0,22,44,21,87,26,94,120,207
03/27/2003,ABY,GA,ASO,ES,Federal Contract Tower,0,25,21,1,47,0,2,24,0,26,0,27,45,1,73,8,0,8,81
03/28/2003,ABY,GA,ASO,ES,Federal Contract Tower,0,19,20,5,44,0,0,25,8,33,0,19,45,13,77,12,8,20,97
03/29/2003,ABY,GA,ASO,ES,Federal Contract Tower,2,12,13,0,27,0,0,21,0,21,2,12,34,0,48,30,0,30,78
03/30/2003,ABY,GA,ASO,ES,Federal Contract Tower,0,9,17,0,26,0,0,12,2,14,0,9,29,2,40,0,0,0,40
03/31/2003,ABY,GA,ASO,ES,Federal Contract Tower,1,18,11,0,30,0,1,34,13,48,1,19,45,13,78,14,26,40,118
04/01/2003,ABY,GA,ASO,ES,Federal Contract Tower,1,17,14,7,39,0,2,48,13,63,1,19,62,20,102,32,78,110,212
04/02/2003,ABY,GA,ASO,ES,Federal Contract Tower,0,16,10,0,26,0,3,47,6,56,0,19,57,6,82,28,46,74,156
04/03/2003,ABY,GA,ASO,ES,Federal Contract Tower,0,21,27,0,48,0,1,42,0,43,0,22,69,0,91,2,0,2,93
04/04/2003,ABY,GA,ASO,ES,Federal Contract Tower,0,24,42,4,70,2,0,22,0,24,2,24,64,4,94,22,0,22,116
04/05/2003,ABY,GA,ASO,ES,Federal Contract Tower,2,11,15,4,32,0,1,11,1,13,2,12,26,5,45,28,12,40,85
04/06/2003,ABY,GA,ASO,ES,Federal Contract Tower,0,7,21,1,29,0,1,17,1,19,0,8,38,2,48,20,0,20,68
04/07/2003,ABY,GA,ASO,ES,Federal Contract Tower,0,14,16,0,30,0,1,11,0,12,0,15,27,0,42,12,0,12,54
04/08/2003,ABY,GA,ASO,ES,Federal Contract Tower,0,24,9,2,35,0,1,0,2,3,0,25,9,4,38,0,0,0,38
04/09/2003,ABY,GA,ASO,ES,Federal Contract Tower,0,25,19,0,44,0,1,4,0,5,0,26,23,0,49,22,0,22,71
04/10/2003,ABY,GA,ASO,ES,Federal Contract Tower,0,17,16,0,33,0,1,5,0,6,0,18,21,0,39,6,0,6,45
04/11/2003,ABY,GA,ASO,ES,Federal Contract Tower,0,23,15,0,38,0,2,47,2,51,0,25,62,2,89,126,16,142,231
04/12/2003,ABY,GA,ASO,ES,Federal Contract Tower,1,9,14,0,24,0,1,38,4,43,1,10,52,4,67,49,0,49,116
04/13/2003,ABY,GA,ASO,ES,Federal Contract Tower,0,6,6,4,16,0,1,42,1,44,0,7,48,5,60,40,2,42,102
04/14/2003,ABY,GA,ASO,ES,Federal Contract Tower,0,16,5,2,23,0,1,20,0,21,0,17,25,2,44,30,0,30,74
04/15/2003,ABY,GA,ASO,ES,Federal Contract Tower,0,16,15,4,35,0,1,35,9,45,0,17,50,13,80,138,56,194,274
04/16/2003,ABY,GA,ASO,ES,Federal Contract Tower,0,20,16,0,36,0,1,45,12,58,0,21,61,12,94,166,66,232,326
04/17/2003,ABY,GA,ASO,ES,Federal Contract Tower,0,12,11,5,28,0,4,18,3,25,0,16,29,8,53,24,64,88,141
04/18/2003,ABY,GA,ASO,ES,Federal Contract Tower,0,16,12,1,29,0,2,25,7,34,0,18,37,8,63,66,6,72,135
04/19/2003,ABY,GA,ASO,ES,Federal Contract Tower,0,11,11,0,22,0,0,8,0,8,0,11,19,0,30,26,0,26,56
04/20/2003,ABY,GA,ASO,ES,Federal Contract Tower,0,7,3,0,10,0,0,17,0,17,0,7,20,0,27,28,0,28,55
04/21/2003,ABY,GA,ASO,ES,Federal Contract Tower,0,20,7,11,38,0,1,25,2,28,0,21,32,13,66,46,22,68,134
04/22/2003,ABY,GA,ASO,ES,Federal Contract Tower,0,16,8,5,29,0,1,29,7,37,0,17,37,12,66,146,36,182,248
04/23/2003,ABY,GA,ASO,ES,Federal Contract Tower,0,13,17,9,39,0,1,55,13,69,0,14,72,22,108,65,70,135,243
04/24/2003,ABY,GA,ASO,ES,Federal Contract Tower,0,17,10,12,39,0,0,26,6,32,0,17,36,18,71,18,12,30,101
04/25/2003,ABY,GA,ASO,ES,Federal Contract Tower,0,16,14,0,30,0,1,1,0,2,0,17,15,0,32,0,0,0,32
04/26/2003,ABY,GA,ASO,ES,Federal Contract Tower,1,11,23,7,42,0,0,37,1,38,1,11,60,8,80,40,6,46,126
04/27/2003,ABY,GA,ASO,ES,Federal Contract Tower,0,7,5,4,16,0,0,47,2,49,0,7,52,6,65,48,6,54,119
04/28/2003,ABY,GA,ASO,ES,Federal Contract Tower,0,17,19,4,40,0,7,52,5,64,0,24,71,9,104,76,2,78,182
04/29/2003,ABY,GA,ASO,ES,Federal Contract Tower,0,17,30,6,53,0,2,14,2,18,0,19,44,8,71,4,16,20,91
04/30/2003,ABY,GA,ASO,ES,Federal Contract Tower,0,19,8,4,31,0,2,40,8,50,0,21,48,12,81,92,0,92,173
05/01/2003,ABY,GA,ASO,ES,Federal Contract Tower,0,19,13,10,42,0,1,36,17,54,0,20,49,27,96,104,55,159,255
05/02/2003,ABY,GA,ASO,ES,Federal Contract Tower,1,18,10,1,30,0,1,31,6,38,1,19,41,7,68,58,68,126,194
05/03/2003,ABY,GA,ASO,ES,Federal Contract Tower,0,9,10,1,20,0,0,25,0,25,0,9,35,1,45,130,0,130,175
05/04/2003,ABY,GA,ASO,ES,Federal Contract Tower,0,9,11,0,20,0,0,35,0,35,0,9,46,0,55,24,0,24,79
05/05/2003,ABY,GA,ASO,ES,Federal Contract Tower,0,12,13,2,27,0,0,22,2,24,0,12,35,4,51,30,42,72,123
05/06/2003,ABY,GA,ASO,ES,Federal Contract Tower,0,14,8,0,22,0,3,36,3,42,0,17,44,3,64,48,50,98,162
05/07/2003,ABY,GA,ASO,ES,Federal Contract Tower,0,13,13,4,30,0,0,19,3,22,0,13,32,7,52,26,18,44,96
05/08/2003,ABY,GA,ASO,ES,Federal Contract Tower,0,18,16,9,43,0,0,20,1,21,0,18,36,10,64,88,154,242,306
05/09/2003,ABY,GA,ASO,ES,Federal Contract Tower,0,16,26,10,52,0,0,39,9,48,0,16,65,19,100,188,18,206,306
05/10/2003,ABY,GA,ASO,ES,Federal Contract Tower,0,10,9,0,19,1,0,28,0,29,1,10,37,0,48,68,0,68,116
05/11/2003,ABY,GA,ASO,ES,Federal Contract Tower,0,7,11,0,18,0,0,17,0,17,0,7,28,0,35,36,0,36,71
05/12/2003,ABY,GA,ASO,ES,Federal Contract Tower,0,13,15,2,30,0,1,40,4,45,0,14,55,6,75,126,14,140,215
05/13/2003,ABY,GA,ASO,ES,Federal Contract Tower,0,21,16,12,49,0,1,41,14,56,0,22,57,26,105,114,204,318,423
05/14/2003,ABY,GA,ASO,ES,Federal Contract Tower,0,18,13,4,35,0,1,28,6,35,0,19,41,10,70,124,18,142,212
05/15/2003,ABY,GA,ASO,ES,Federal Contract Tower,0,21,24,0,45,0,0,28,6,34,0,21,52,6,79,94,14,108,187
05/16/2003,ABY,GA,ASO,ES,Federal Contract Tower,0,15,27,0,42,0,0,34,4,38,0,15,61,4,80,126,0,126,206
05/17/2003,ABY,GA,ASO,ES,Federal Contract Tower,2,12,3,0,17,0,1,25,0,26,2,13,28,0,43,18,0,18,61
05/18/2003,ABY,GA,ASO,ES,Federal Contract Tower,0,7,11,0,18,0,0,8,0,8,0,7,19,0,26,24,0,24,50
05/19/2003,ABY,GA,ASO,ES,Federal Contract Tower,0,27,11,7,45,0,0,6,7,13,0,27,17,14,58,0,0,0,58
05/20/2003,ABY,GA,ASO,ES,Federal Contract Tower,0,17,9,3,29,0,0,15,1,16,0,17,24,4,45,22,0,22,67
05/21/2003,ABY,GA,ASO,ES,Federal Contract Tower,0,14,19,5,38,0,0,21,5,26,0,14,40,10,64,92,8,100,164
05/22/2003,ABY,GA,ASO,ES,Federal Contract Tower,0,16,6,0,22,0,0,0,0,0,0,16,6,0,22,0,0,0,22
05/23/2003,ABY,GA,ASO,ES,Federal Contract Tower,0,19,14,0,33,0,0,27,0,27,0,19,41,0,60,30,0,30,90
05/24/2003,ABY,GA,ASO,ES,Federal Contract Tower,2,10,17,0,29,0,0,32,0,32,2,10,49,0,61,146,0,146,207
05/25/2003,ABY,GA,ASO,ES,Federal Contract Tower,0,3,2,0,5,0,0,24,4,28,0,3,26,4,33,28,4,32,65
05/26/2003,ABY,GA,ASO,ES,Federal Contract Tower,0,6,12,0,18,0,0,36,0,36,0,6,48,0,54,46,0,46,100
05/27/2003,ABY,GA,ASO,ES,Federal Contract Tower,0,16,15,0,31,0,0,33,2,35,0,16,48,2,66,16,10,26,92
05/28/2003,ABY,GA,ASO,ES,Federal Contract Tower,0,20,11,3,34,0,0,58,11,69,0,20,69,14,103,184,26,210,313
05/29/2003,ABY,GA,ASO,ES,Federal Contract Tower,0,16,11,2,29,0,0,40,2,42,0,16,51,4,71,22,16,38,109
05/30/2003,ABY,GA,ASO,ES,Federal Contract Tower,2,22,13,6,43,0,3,35,6,44,2,25,48,12,87,116,12,128,215
05/31/2003,ABY,GA,ASO,ES,Federal Contract Tower,1,12,3,0,16,0,1,27,0,28,1,13,30,0,44,42,0,42,86
06/01/2003,ABY,GA,ASO,ES,Federal Contract Tower,0,9,7,8,24,0,0,22,0,22,0,9,29,8,46,40,0,40,86
06/02/2003,ABY,GA,ASO,ES,Federal Contract Tower,0,16,5,1,22,0,0,21,6,27,0,16,26,7,49,42,96,138,187
06/03/2003,ABY,GA,ASO,ES,Federal Contract Tower,0,20,19,9,48,0,0,11,2,13,0,20,30,11,61,0,46,46,107
06/04/2003,ABY,GA,ASO,ES,Federal Contract Tower,0,16,15,8,39,0,0,29,10,39,0,16,44,18,78,86,32,118,196
06/05/2003,ABY,GA,ASO,ES,Federal Contract Tower,0,16,11,2,29,0,0,27,1,28,0,16,38,3,57,60,0,60,117
06/06/2003,ABY,GA,ASO,ES,Federal Contract Tower,0,20,7,2,29,0,0,5,1,6,0,20,12,3,35,28,0,28,63
06/07/2003,ABY,GA,ASO,ES,Federal Contract Tower,1,11,9,1,22,0,0,6,1,7,1,11,15,2,29,28,0,28,57
06/08/2003,ABY,GA,ASO,ES,Federal Contract Tower,0,7,12,0,19,0,0,11,0,11,0,7,23,0,30,56,0,56,86
06/09/2003,ABY,GA,ASO,ES,Federal Contract Tower,0,17,15,11,43,0,0,32,5,37,0,17,47,16,80,190,78,268,348
06/10/2003,ABY,GA,ASO,ES,Federal Contract Tower,0,19,10,6,35,0,0,29,7,36,0,19,39,13,71,64,24,88,159
06/11/2003,ABY,GA,ASO,ES,Federal Contract Tower,0,26,19,10,55,0,7,25,16,48,0,33,44,26,103,152,80,232,335
06/12/2003,ABY,GA,ASO,ES,Federal Contract Tower,0,17,20,0,37,0,0,14,3,17,0,17,34,3,54,8,14,22,76
06/13/2003,ABY,GA,ASO,ES,Federal Contract Tower,0,15,11,2,28,0,0,15,0,15,0,15,26,2,43,30,0,30,73
06/14/2003,ABY,GA,ASO,ES,Federal Contract Tower,1,10,5,0,16,0,0,17,0,17,1,10,22,0,33,40,0,40,73
06/15/2003,ABY,GA,ASO,ES,Federal Contract Tower,0,8,5,0,13,0,0,19,5,24,0,8,24,5,37,58,0,58,95
06/16/2003,ABY,GA,ASO,ES,Federal Contract Tower,0,14,19,2,35,0,1,35,2,38,0,15,54,4,73,162,10,172,245
06/17/2003,ABY,GA,ASO,ES,Federal Contract Tower,0,18,9,14,41,0,1,33,6,40,0,19,42,20,81,138,74,212,293
06/18/2003,ABY,GA,ASO,ES,Federal Contract Tower,0,21,11,4,36,0,0,9,4,13,0,21,20,8,49,58,2,60,109
06/19/2003,ABY,GA,ASO,ES,Federal Contract Tower,0,14,10,3,27,2,2,9,0,13,2,16,19,3,40,48,82,130,170
06/20/2003,ABY,GA,ASO,ES,Federal Contract Tower,0,16,12,9,37,0,0,15,1,16,0,16,27,10,53,14,32,46,99
06/21/2003,ABY,GA,ASO,ES,Federal Contract Tower,1,10,9,0,20,0,1,51,4,56,1,11,60,4,76,200,0,200,276
06/22/2003,ABY,GA,ASO,ES,Federal Contract Tower,0,13,3,0,16,0,0,41,1,42,0,13,44,1,58,92,2,94,152
06/23/2003,ABY,GA,ASO,ES,Federal Contract Tower,0,19,26,1,46,0,0,32,7,39,0,19,58,8,85,90,20,110,195
06/24/2003,ABY,GA,ASO,ES,Federal Contract Tower,0,16,10,3,29,0,0,24,2,26,0,16,34,5,55,106,18,124,179
06/25/2003,ABY,GA,ASO,ES,Federal Contract Tower,0,19,11,1,31,0,0,46,14,60,0,19,57,15,91,104,96,200,291
06/26/2003,ABY,GA,ASO,ES,Federal Contract Tower,0,17,8,0,25,0,3,13,5,21,0,20,21,5,46,18,52,70,116
06/27/2003,ABY,GA,ASO,ES,Federal Contract Tower,0,18,10,3,31,0,0,23,7,30,0,18,33,10,61,170,28,198,259
06/28/2003,ABY,GA,ASO,ES,Federal Contract Tower,2,12,4,0,18,0,4,0,0,4,2,16,4,0,22,12,0,12,34
06/29/2003,ABY,GA,ASO,ES,Federal Contract Tower,0,10,8,2,20,0,0,10,0,10,0,10,18,2,30,18,0,18,48
06/30/2003,ABY,GA,ASO,ES,Federal Contract Tower,0,14,6,14,34,0,0,17,0,17,0,14,23,14,51,94,16,110,161
07/01/2003,ABY,GA,ASO,ES,Federal Contract Tower,0,21,4,0,25,0,0,7,0,7,0,21,11,0,32,74,0,74,106
07/02/2003,ABY,GA,ASO,ES,Federal Contract Tower,0,17,7,4,28,0,1,16,7,24,0,18,23,11,52,92,8,100,152
07/03/2003,ABY,GA,ASO,ES,Federal Contract Tower,0,18,18,0,36,0,0,19,2,21,0,18,37,2,57,190,0,190,247
07/04/2003,ABY,GA,ASO,ES,Federal Contract Tower,0,5,14,0,19,0,0,9,0,9,0,5,23,0,28,36,0,36,64
07/05/2003,ABY,GA,ASO,ES,Federal Contract Tower,1,9,8,0,18,0,0,9,0,9,1,9,17,0,27,34,0,34,61
07/06/2003,ABY,GA,ASO,ES,Federal Contract Tower,0,6,6,0,12,0,0,26,0,26,0,6,32,0,38,128,0,128,166
07/07/2003,ABY,GA,ASO,ES,Federal Contract Tower,0,17,8,8,33,0,0,52,8,60,0,17,60,16,93,152,52,204,297
07/08/2003,ABY,GA,ASO,ES,Federal Contract Tower,0,15,11,3,29,0,0,38,10,48,0,15,49,13,77,100,50,150,227
07/09/2003,ABY,GA,ASO,ES,Federal Contract Tower,0,15,21,4,40,0,1,46,0,47,0,16,67,4,87,48,12,60,147
07/10/2003,ABY,GA,ASO,ES,Federal Contract Tower,0,16,15,15,46,0,0,26,0,26,0,16,41,15,72,22,10,32,104
07/11/2003,ABY,GA,ASO,ES,Federal Contract Tower,0,20,15,2,37,0,0,23,3,26,0,20,38,5,63,90,36,126,189
07/12/2003,ABY,GA,ASO,ES,Federal Contract Tower,1,9,11,0,21,0,0,35,0,35,1,9,46,0,56,42,0,42,98
07/13/2003,ABY,GA,ASO,ES,Federal Contract Tower,0,6,7,0,13,0,0,34,0,34,0,6,41,0,47,34,0,34,81
07/14/2003,ABY,GA,ASO,ES,Federal Contract Tower,0,16,10,2,28,0,0,17,3,20,0,16,27,5,48,28,14,42,90
07/15/2003,ABY,GA,ASO,ES,Federal Contract Tower,0,18,12,4,34,0,0,23,2,25,0,18,35,6,59,60,0,60,119
07/16/2003,ABY,GA,ASO,ES,Federal Contract Tower,0,20,22,4,46,0,0,53,5,58,0,20,75,9,104,82,68,150,254
07/17/2003,ABY,GA,ASO,ES,Federal Contract Tower,0,23,21,0,44,0,1,28,15,44,0,24,49,15,88,64,10,74,162
07/18/2003,ABY,GA,ASO,ES,Federal Contract Tower,0,16,17,0,33,0,3,32,6,41,0,19,49,6,74,264,0,264,338
07/19/2003,ABY,GA,ASO,ES,Federal Contract Tower,1,10,12,0,23,0,0,18,0,18,1,10,30,0,41,2,0,2,43
07/20/2003,ABY,GA,ASO,ES,Federal Contract Tower,0,8,8,1,17,0,0,13,4,17,0,8,21,5,34,0,2,2,36
07/21/2003,ABY,GA,ASO,ES,Federal Contract Tower,0,18,10,0,28,0,2,34,2,38,0,20,44,2,66,74,0,74,140
07/22/2003,ABY,GA,ASO,ES,Federal Contract Tower,0,15,19,7,41,0,0,7,6,13,0,15,26,13,54,58,12,70,124
07/23/2003,ABY,GA,ASO,ES,Federal Contract Tower,0,18,12,0,30,0,0,9,0,9,0,18,21,0,39,36,0,36,75
07/24/2003,ABY,GA,ASO,ES,Federal Contract Tower,0,20,8,11,39,0,0,30,5,35,0,20,38,16,74,62,94,156,230
07/25/2003,ABY,GA,ASO,ES,Federal Contract Tower,0,18,25,2,45,0,0,28,0,28,0,18,53,2,73,128,0,128,201
07/26/2003,ABY,GA,ASO,ES,Federal Contract Tower,1,10,13,0,24,0,0,27,1,28,1,10,40,1,52,50,0,50,102
07/27/2003,ABY,GA,ASO,ES,Federal Contract Tower,0,5,13,0,18,0,0,17,0,17,0,5,30,0,35,70,0,70,105
07/28/2003,ABY,GA,ASO,ES,Federal Contract Tower,0,15,5,4,24,0,1,26,6,33,0,16,31,10,57,108,10,118,175
07/29/2003,ABY,GA,ASO,ES,Federal Contract Tower,0,16,11,0,27,0,0,30,8,38,0,16,41,8,65,98,18,116,181
07/30/2003,ABY,GA,ASO,ES,Federal Contract Tower,0,16,12,5,33,0,0,22,1,23,0,16,34,6,56,16,36,52,108
07/31/2003,ABY,GA,ASO,ES,Federal Contract Tower,0,17,10,0,27,0,0,2,0,2,0,17,12,0,29,10,0,10,39
08/01/2003,ABY,GA,ASO,ES,Federal Contract Tower,0,16,10,0,26,0,1,16,2,19,0,17,26,2,45,66,4,70,115
08/02/2003,ABY,GA,ASO,ES,Federal Contract Tower,0,10,16,0,26,2,0,8,0,10,2,10,24,0,36,256,0,256,292
08/03/2003,ABY,GA,ASO,ES,Federal Contract Tower,0,5,14,0,19,0,1,14,0,15,0,6,28,0,34,92,0,92,126
08/04/2003,ABY,GA,ASO,ES,Federal Contract Tower,0,16,13,8,37,0,0,24,9,33,0,16,37,17,70,56,124,180,250
08/05/2003,ABY,GA,ASO,ES,Federal Contract Tower,1,19,24,0,44,0,1,26,1,28,1,20,50,1,72,130,0,130,202
08/06/2003,ABY,GA,ASO,ES,Federal Contract Tower,0,18,11,6,35,0,1,15,4,20,0,19,26,10,55,64,0,64,119
08/07/2003,ABY,GA,ASO,ES,Federal Contract Tower,0,16,6,0,22,0,1,13,1,15,0,17,19,1,37,0,0,0,37
08/08/2003,ABY,GA,ASO,ES,Federal Contract Tower,0,15,16,2,33,0,1,9,0,10,0,16,25,2,43,0,0,0,43
08/09/2003,ABY,GA,ASO,ES,Federal Contract Tower,1,9,5,0,15,0,1,21,8,30,1,10,26,8,45,36,0,36,81
08/10/2003,ABY,GA,ASO,ES,Federal Contract Tower,0,6,15,0,21,0,0,6,0,6,0,6,21,0,27,32,0,32,59
08/11/2003,ABY,GA,ASO,ES,Federal Contract Tower,0,13,12,0,25,0,0,9,0,9,0,13,21,0,34,8,0,8,42
08/12/2003,ABY,GA,ASO,ES,Federal Contract Tower,0,17,13,7,37,0,0,4,2,6,0,17,17,9,43,8,16,24,67
08/13/2003,ABY,GA,ASO,ES,Federal Contract Tower,1,25,12,5,43,0,1,31,3,35,1,26,43,8,78,90,48,138,216
08/14/2003,ABY,GA,ASO,ES,Federal Contract Tower,0,20,17,0,37,0,0,29,0,29,0,20,46,0,66,40,10,50,116
08/15/2003,ABY,GA,ASO,ES,Federal Contract Tower,0,17,21,2,40,0,1,35,9,45,0,18,56,11,85,144,18,162,247
08/16/2003,ABY,GA,ASO,ES,Federal Contract Tower,1,11,12,0,24,0,0,40,0,40,1,11,52,0,64,92,0,92,156
08/17/2003,ABY,GA,ASO,ES,Federal Contract Tower,0,7,9,0,16,0,0,9,2,11,0,7,18,2,27,6,14,20,47
08/18/2003,ABY,GA,ASO,ES,Federal Contract Tower,0,12,17,7,36,0,0,18,4,22,0,12,35,11,58,2,56,58,116
08/19/2003,ABY,GA,ASO,ES,Federal Contract Tower,0,14,12,3,29,0,0,9,5,14,0,14,21,8,43,4,0,4,47
08/20/2003,ABY,GA,ASO,ES,Federal Contract Tower,0,20,11,10,41,0,3,10,8,21,0,23,21,18,62,42,32,74,136
08/21/2003,ABY,GA,ASO,ES,Federal Contract Tower,0,15,21,7,43,0,1,17,2,20,0,16,38,9,63,36,14,50,113
08/22/2003,ABY,GA,ASO,ES,Federal Contract Tower,0,21,19,0,40,0,1,19,6,26,0,22,38,6,66,50,50,100,166
08/23/2003,ABY,GA,ASO,ES,Federal Contract Tower,1,13,7,0,21,0,0,8,0,8,1,13,15,0,29,112,0,112,141
08/24/2003,ABY,GA,ASO,ES,Federal Contract Tower,0,6,5,7,18,0,0,32,0,32,0,6,37,7,50,64,8,72,122
08/25/2003,ABY,GA,ASO,ES,Federal Contract Tower,0,19,15,1,35,0,0,28,19,47,0,19,43,20,82,64,60,124,206
08/26/2003,ABY,GA,ASO,ES,Federal Contract Tower,0,21,13,4,38,0,0,22,2,24,0,21,35,6,62,62,36,98,160
08/27/2003,ABY,GA,ASO,ES,Federal Contract Tower,0,21,12,2,35,0,1,31,6,38,0,22,43,8,73,52,54,106,179
08/28/2003,ABY,GA,ASO,ES,Federal Contract Tower,0,18,21,16,55,0,1,31,8,40,0,19,52,24,95,20,34,54,149
08/29/2003,ABY,GA,ASO,ES,Federal Contract Tower,0,19,13,4,36,0,0,24,10,34,0,19,37,14,70,74,0,74,144
08/30/2003,ABY,GA,ASO,ES,Federal Contract Tower,2,9,5,0,16,0,0,9,0,9,2,9,14,0,25,2,0,2,27
08/31/2003,ABY,GA,ASO,ES,Federal Contract Tower,0,6,13,0,19,0,0,16,0,16,0,6,29,0,35,8,0,8,43
09/01/2003,ABY,GA,ASO,ES,Federal Contract Tower,0,7,10,0,17,0,0,39,0,39,0,7,49,0,56,22,0,22,78
09/02/2003,ABY,GA,ASO,ES,Federal Contract Tower,0,16,12,0,28,0,1,3,0,4,0,17,15,0,32,20,0,20,52
09/03/2003,ABY,GA,ASO,ES,Federal Contract Tower,0,17,11,2,30,0,0,25,0,25,0,17,36,2,55,8,0,8,63
09/04/2003,ABY,GA,ASO,ES,Federal Contract Tower,0,17,16,12,45,0,1,9,0,10,0,18,25,12,55,30,18,48,103
09/05/2003,ABY,GA,ASO,ES,Federal Contract Tower,0,19,13,11,43,0,1,12,5,18,0,20,25,16,61,4,0,4,65
09/06/2003,ABY,GA,ASO,ES,Federal Contract Tower,1,10,2,0,13,0,0,8,0,8,1,10,10,0,21,12,0,12,33
09/07/2003,ABY,GA,ASO,ES,Federal Contract Tower,0,9,5,0,14,0,0,22,0,22,0,9,27,0,36,78,0,78,114
09/08/2003,ABY,GA,ASO,ES,Federal Contract Tower,0,12,10,3,25,0,0,46,3,49,0,12,56,6,74,174,38,212,286
09/09/2003,ABY,GA,ASO,ES,Federal Contract Tower,0,18,17,4,39,0,1,43,8,52,0,19,60,12,91,78,28,106,197
09/10/2003,ABY,GA,ASO,ES,Federal Contract Tower,0,15,12,0,27,0,3,35,2,40,0,18,47,2,67,64,0,64,131
09/11/2003,ABY,GA,ASO,ES,Federal Contract Tower,0,15,13,2,30,0,1,25,4,30,0,16,38,6,60,38,44,82,142
09/12/2003,ABY,GA,ASO,ES,Federal Contract Tower,0,14,9,4,27,0,4,56,4,64,0,18,65,8,91,58,82,140,231
09/13/2003,ABY,GA,ASO,ES,Federal Contract Tower,1,10,5,0,16,0,0,16,0,16,1,10,21,0,32,0,0,0,32
09/14/2003,ABY,GA,ASO,ES,Federal Contract Tower,0,8,7,3,18,0,0,35,0,35,0,8,42,3,53,16,0,16,69
09/15/2003,ABY,GA,ASO,ES,Federal Contract Tower,0,13,17,7,37,0,2,17,9,28,0,15,34,16,65,28,90,118,183
09/16/2003,ABY,GA,ASO,ES,Federal Contract Tower,0,17,13,1,31,0,3,26,4,33,0,20,39,5,64,34,70,104,168
09/17/2003,ABY,GA,ASO,ES,Federal Contract Tower,0,15,12,10,37,0,7,38,6,51,0,22,50,16,88,56,122,178,266
09/18/2003,ABY,GA,ASO,ES,Federal Contract Tower,0,15,22,0,37,0,1,30,0,31,0,16,52,0,68,8,0,8,76
09/19/2003,ABY,GA,ASO,ES,Federal Contract Tower,0,16,22,4,42,0,2,55,4,61,0,18,77,8,103,154,6,160,263
09/20/2003,ABY,GA,ASO,ES,Federal Contract Tower,1,13,7,0,21,0,0,28,0,28,1,13,35,0,49,0,0,0,49
09/21/2003,ABY,GA,ASO,ES,Federal Contract Tower,0,9,14,0,23,0,0,18,0,18,0,9,32,0,41,16,0,16,57
09/22/2003,ABY,GA,ASO,ES,Federal Contract Tower,0,19,13,15,47,0,0,12,3,15,0,19,25,18,62,28,22,50,112
09/23/2003,ABY,GA,ASO,ES,Federal Contract Tower,0,15,11,3,29,0,2,31,4,37,0,17,42,7,66,34,28,62,128
09/24/2003,ABY,GA,ASO,ES,Federal Contract Tower,0,13,12,4,29,0,3,43,10,56,0,16,55,14,85,80,24,104,189
09/25/2003,ABY,GA,ASO,ES,Federal Contract Tower,0,17,15,15,47,0,2,29,4,35,0,19,44,19,82,38,68,106,188
09/26/2003,ABY,GA,ASO,ES,Federal Contract Tower,0,15,15,4,34,0,1,30,2,33,0,16,45,6,67,46,2,48,115
09/27/2003,ABY,GA,ASO,ES,Federal Contract Tower,2,14,16,0,32,0,0,36,1,37,2,14,52,1,69,38,0,38,107
09/28/2003,ABY,GA,ASO,ES,Federal Contract Tower,0,8,13,0,21,0,0,35,0,35,0,8,48,0,56,22,0,22,78
09/29/2003,ABY,GA,ASO,ES,Federal Contract Tower,0,14,7,0,21,0,2,24,0,26,0,16,31,0,47,86,0,86,133
09/30/2003,ABY,GA,ASO,ES,Federal Contract Tower,0,17,19,1,37,0,2,50,5,57,0,19,69,6,94,180,4,184,278
10/01/2003,ABY,GA,ASO,ES,Federal Contract Tower,0,12,17,3,32,0,5,52,3,60,0,17,69,6,92,86,8,94,186
10/02/2003,ABY,GA,ASO,ES,Federal Contract Tower,0,12,12,0,24,0,3,30,0,33,0,15,42,0,57,56,0,56,113
10/03/2003,ABY,GA,ASO,ES,Federal Contract Tower,0,14,14,0,28,0,2,36,0,38,0,16,50,0,66,118,0,118,184
10/04/2003,ABY,GA,ASO,ES,Federal Contract Tower,1,10,11,0,22,0,1,51,0,52,1,11,62,0,74,6,0,6,80
10/05/2003,ABY,GA,ASO,ES,Federal Contract Tower,0,7,11,0,18,0,0,30,0,30,0,7,41,0,48,28,0,28,76
10/06/2003,ABY,GA,ASO,ES,Federal Contract Tower,0,16,21,5,42,0,0,33,9,42,0,16,54,14,84,10,72,82,166
10/07/2003,ABY,GA,ASO,ES,Federal Contract Tower,0,15,17,4,36,0,10,0,2,12,0,25,17,6,48,28,8,36,84
10/08/2003,ABY,GA,ASO,ES,Federal Contract Tower,0,19,24,5,48,0,0,21,23,44,0,19,45,28,92,40,36,76,168
10/09/2003,ABY,GA,ASO,ES,Federal Contract Tower,0,17,20,4,41,0,2,5,15,22,0,19,25,19,63,0,18,18,81
10/10/2003,ABY,GA,ASO,ES,Federal Contract Tower,0,15,19,5,39,0,0,0,20,20,0,15,19,25,59,0,36,36,95
10/11/2003,ABY,GA,ASO,ES,Federal Contract Tower,0,10,13,0,23,1,0,9,0,10,1,10,22,0,33,0,0,0,33
10/12/2003,ABY,GA,ASO,ES,Federal Contract Tower,0,8,13,0,21,0,0,12,0,12,0,8,25,0,33,24,0,24,57
10/13/2003,ABY,GA,ASO,ES,Federal Contract Tower,0,9,17,0,26,0,0,44,0,44,0,9,61,0,70,23,0,23,93
10/14/2003,ABY,GA,ASO,ES,Federal Contract Tower,0,16,25,2,43,0,0,16,0,16,0,16,41,2,59,10,0,10,69
10/15/2003,ABY,GA,ASO,ES,Federal Contract Tower,0,18,22,5,45,0,7,60,9,76,0,25,82,14,121,96,26,122,243
10/16/2003,ABY,GA,ASO,ES,Federal Contract Tower,0,15,18,4,37,0,1,42,6,49,0,16,60,10,86,108,48,156,242
10/17/2003,ABY,GA,ASO,ES,Federal Contract Tower,0,16,18,2,36,0,1,39,0,40,0,17,57,2,76,64,0,64,140
10/18/2003,ABY,GA,ASO,ES,Federal Contract Tower,0,10,11,1,22,1,3,329,0,333,1,13,340,1,355,168,0,168,523
10/19/2003,ABY,GA,ASO,ES,Federal Contract Tower,0,9,12,2,23,0,3,30,3,36,0,12,42,5,59,22,0,22,81
10/20/2003,ABY,GA,ASO,ES,Federal Contract Tower,0,10,13,2,25,0,7,46,0,53,0,17,59,2,78,134,28,162,240
10/21/2003,ABY,GA,ASO,ES,Federal Contract Tower,0,14,18,3,35,0,5,33,3,41,0,19,51,6,76,82,60,142,218
10/22/2003,ABY,GA,ASO,ES,Federal Contract Tower,0,17,20,3,40,0,5,33,1,39,0,22,53,4,79,20,28,48,127
10/23/2003,ABY,GA,ASO,ES,Federal Contract Tower,0,16,24,4,44,0,0,38,10,48,0,16,62,14,92,60,74,134,226
10/24/2003,ABY,GA,ASO,ES,Federal Contract Tower,0,16,24,4,44,0,0,41,12,53,0,16,65,16,97,28,44,72,169
10/25/2003,ABY,GA,ASO,ES,Federal Contract Tower,0,11,17,0,28,1,0,27,0,28,1,11,44,0,56,38,0,38,94
10/26/2003,ABY,GA,ASO,ES,Federal Contract Tower,0,12,15,2,29,0,5,3,4,12,0,17,18,6,41,24,8,32,73
10/27/2003,ABY,GA,ASO,ES,Federal Contract Tower,0,11,13,0,24,0,2,0,0,2,0,13,13,0,26,8,0,8,34
10/28/2003,ABY,GA,ASO,ES,Federal Contract Tower,0,16,19,0,35,0,2,1,0,3,0,18,20,0,38,0,0,0,38
10/29/2003,ABY,GA,ASO,ES,Federal Contract Tower,0,12,14,2,28,0,5,25,0,30,0,17,39,2,58,60,16,76,134
10/30/2003,ABY,GA,ASO,ES,Federal Contract Tower,0,15,19,3,37,0,1,46,0,47,0,16,65,3,84,30,0,30,114
10/31/2003,ABY,GA,ASO,ES,Federal Contract Tower,0,13,17,3,33,0,10,49,2,61,0,23,66,5,94,42,70,112,206
11/01/2003,ABY,GA,ASO,ES,Federal Contract Tower,1,6,8,1,16,0,5,38,2,45,1,11,46,3,61,66,0,66,127
11/02/2003,ABY,GA,ASO,ES,Federal Contract Tower,0,5,8,2,15,0,2,31,3,36,0,7,39,5,51,12,6,18,69
11/03/2003,ABY,GA,ASO,ES,Federal Contract Tower,0,11,17,4,32,0,4,39,7,50,0,15,56,11,82,20,30,50,132
11/04/2003,ABY,GA,ASO,ES,Federal Contract Tower,0,13,18,1,32,0,2,8,0,10,0,15,26,1,42,40,18,58,100
11/05/2003,ABY,GA,ASO,ES,Federal Contract Tower,0,12,17,4,33,0,4,10,0,14,0,16,27,4,47,28,4,32,79
11/06/2003,ABY,GA,ASO,ES,Federal Contract Tower,1,16,23,5,45,2,4,20,13,39,3,20,43,18,84,124,0,124,208
11/07/2003,ABY,GA,ASO,ES,Federal Contract Tower,0,12,16,2,30,0,7,47,0,54,0,19,63,2,84,208,0,208,292
11/08/2003,ABY,GA,ASO,ES,Federal Contract Tower,0,11,12,3,26,0,0,25,2,27,0,11,37,5,53,188,0,188,241
11/09/2003,ABY,GA,ASO,ES,Federal Contract Tower,0,9,17,4,30,0,0,18,11,29,0,9,35,15,59,48,8,56,115
11/10/2003,ABY,GA,ASO,ES,Federal Contract Tower,0,15,18,5,38,0,1,32,10,43,0,16,50,15,81,170,86,256,337
11/11/2003,ABY,GA,ASO,ES,Federal Contract Tower,0,13,17,4,34,0,0,53,2,55,0,13,70,6,89,166,10,176,265
11/12/2003,ABY,GA,ASO,ES,Federal Contract Tower,0,9,25,6,40,0,0,34,21,55,0,9,59,27,95,108,76,184,279
11/13/2003,ABY,GA,ASO,ES,Federal Contract Tower,0,15,27,6,48,0,0,38,12,50,0,15,65,18,98,34,82,116,214
11/14/2003,ABY,GA,ASO,ES,Federal Contract Tower,0,20,25,6,51,0,0,40,7,47,0,20,65,13,98,54,88,142,240
11/15/2003,ABY,GA,ASO,ES,Federal Contract Tower,0,11,13,3,27,1,1,32,3,37,1,12,45,6,64,116,0,116,180
11/16/2003,ABY,GA,ASO,ES,Federal Contract Tower,0,17,24,0,41,0,0,43,0,43,0,17,67,0,84,60,0,60,144
11/17/2003,ABY,GA,ASO,ES,Federal Contract Tower,0,17,28,5,50,0,0,57,20,77,0,17,85,25,127,52,144,196,323
11/18/2003,ABY,GA,ASO,ES,Federal Contract Tower,0,19,20,4,43,0,5,0,6,11,0,24,20,10,54,66,0,66,120
11/19/2003,ABY,GA,ASO,ES,Federal Contract Tower,0,19,26,5,50,0,0,15,22,37,0,19,41,27,87,16,24,40,127
11/20/2003,ABY,GA,ASO,ES,Federal Contract Tower,0,21,39,8,68,0,0,41,26,67,0,21,80,34,135,48,106,154,289
11/21/2003,ABY,GA,ASO,ES,Federal Contract Tower,0,21,27,5,53,0,0,80,20,100,0,21,107,25,153,122,6,128,281
11/22/2003,ABY,GA,ASO,ES,Federal Contract Tower,0,13,16,3,32,2,2,51,7,62,2,15,67,10,94,72,0,72,166
11/23/2003,ABY,GA,ASO,ES,Federal Contract Tower,0,12,14,2,28,0,5,16,7,28,0,17,30,9,56,16,0,16,72
11/24/2003,ABY,GA,ASO,ES,Federal Contract Tower,0,13,10,3,26,0,4,0,3,7,0,17,10,6,33,0,6,6,39
11/25/2003,ABY,GA,ASO,ES,Federal Contract Tower,0,19,25,5,49,0,0,24,13,37,0,19,49,18,86,86,75,161,247
11/26/2003,ABY,GA,ASO,ES,Federal Contract Tower,0,17,22,4,43,0,0,43,2,45,0,17,65,6,88,84,2,86,174
11/27/2003,ABY,GA,ASO,ES,Federal Contract Tower,0,9,11,0,20,0,8,0,0,8,0,17,11,0,28,0,0,0,28
11/28/2003,ABY,GA,ASO,ES,Federal Contract Tower,0,9,12,0,21,0,2,13,0,15,0,11,25,0,36,0,0,0,36
11/29/2003,ABY,GA,ASO,ES,Federal Contract Tower,0,9,14,2,25,0,0,38,0,38,0,9,52,2,63,68,0,68,131
11/30/2003,ABY,GA,ASO,ES,Federal Contract Tower,0,17,24,0,41,0,0,47,0,47,0,17,71,0,88,6,0,6,94
12/01/2003,ABY,GA,ASO,ES,Federal Contract Tower,0,13,14,2,29,0,5,32,14,51,0,18,46,16,80,30,0,30,110
12/02/2003,ABY,GA,ASO,ES,Federal Contract Tower,0,18,20,3,41,0,5,41,5,51,0,23,61,8,92,66,82,148,240
12/03/2003,ABY,GA,ASO,ES,Federal Contract Tower,0,21,24,4,49,0,0,39,22,61,0,21,63,26,110,102,96,198,308
12/04/2003,ABY,GA,ASO,ES,Federal Contract Tower,0,21,24,4,49,0,0,1,0,1,0,21,25,4,50,0,0,0,50
12/05/2003,ABY,GA,ASO,ES,Federal Contract Tower,0,19,22,4,45,0,0,33,14,47,0,19,55,18,92,26,6,32,124
12/06/2003,ABY,GA,ASO,ES,Federal Contract Tower,1,17,20,0,38,0,0,29,0,29,1,17,49,0,67,36,0,36,103
12/07/2003,ABY,GA,ASO,ES,Federal Contract Tower,0,11,14,2,27,0,0,39,4,43,0,11,53,6,70,60,0,60,130
12/08/2003,ABY,GA,ASO,ES,Federal Contract Tower,0,13,14,2,29,0,4,30,14,48,0,17,44,16,77,38,113,151,228
12/09/2003,ABY,GA,ASO,ES,Federal Contract Tower,0,16,23,4,43,0,0,47,0,47,0,16,70,4,90,20,26,46,136
12/10/2003,ABY,GA,ASO,ES,Federal Contract Tower,0,16,18,0,34,0,0,13,0,13,0,16,31,0,47,18,0,18,65
12/11/2003,ABY,GA,ASO,ES,Federal Contract Tower,0,18,18,4,40,0,1,34,10,45,0,19,52,14,85,60,90,150,235
12/12/2003,ABY,GA,ASO,ES,Federal Contract Tower,0,23,30,7,60,0,0,65,9,74,0,23,95,16,134,20,48,68,202
12/13/2003,ABY,GA,ASO,ES,Federal Contract Tower,0,10,10,2,22,2,1,15,0,18,2,11,25,2,40,14,0,14,54
12/14/2003,ABY,GA,ASO,ES,Federal Contract Tower,0,10,14,0,24,0,0,10,0,10,0,10,24,0,34,0,0,0,34
12/15/2003,ABY,GA,ASO,ES,Federal Contract Tower,0,17,20,4,41,0,0,43,19,62,0,17,63,23,103,66,124,190,293
12/16/2003,ABY,GA,ASO,ES,Federal Contract Tower,0,18,19,0,37,0,1,20,0,21,0,19,39,0,58,12,0,12,70
12/17/2003,ABY,GA,ASO,ES,Federal Contract Tower,0,19,25,5,49,0,0,18,28,46,0,19,43,33,95,6,44,50,145
12/18/2003,ABY,GA,ASO,ES,Federal Contract Tower,0,19,19,4,42,1,0,34,9,44,1,19,53,13,86,26,4,30,116
12/19/2003,ABY,GA,ASO,ES,Federal Contract Tower,0,18,20,5,43,1,0,18,8,27,1,18,38,13,70,2,0,2,72
12/20/2003,ABY,GA,ASO,ES,Federal Contract Tower,0,10,11,0,21,1,1,33,0,35,1,11,44,0,56,30,0,30,86
12/21/2003,ABY,GA,ASO,ES,Federal Contract Tower,0,8,8,0,16,0,5,19,0,24,0,13,27,0,40,12,0,12,52
12/22/2003,ABY,GA,ASO,ES,Federal Contract Tower,0,16,19,4,39,0,0,25,9,34,0,16,44,13,73,12,12,24,97
12/23/2003,ABY,GA,ASO,ES,Federal Contract Tower,0,20,21,5,46,1,2,1,9,13,1,22,22,14,59,0,20,20,79
12/24/2003,ABY,GA,ASO,ES,Federal Contract Tower,0,10,5,0,15,2,6,0,0,8,2,16,5,0,23,0,0,0,23
12/25/2003,ABY,GA,ASO,ES,Federal Contract Tower,0,4,5,0,9,0,1,20,0,21,0,5,25,0,30,0,0,0,30
12/26/2003,ABY,GA,ASO,ES,Federal Contract Tower,0,15,17,3,35,0,0,45,3,48,0,15,62,6,83,32,0,32,115
12/27/2003,ABY,GA,ASO,ES,Federal Contract Tower,0,11,13,0,24,0,1,33,0,34,0,12,46,0,58,50,0,50,108
12/28/2003,ABY,GA,ASO,ES,Federal Contract Tower,0,10,10,0,20,0,3,35,0,38,0,13,45,0,58,42,0,42,100
12/29/2003,ABY,GA,ASO,ES,Federal Contract Tower,0,21,24,4,49,0,0,26,2,28,0,21,50,6,77,2,2,4,81
12/30/2003,ABY,GA,ASO,ES,Federal Contract Tower,0,15,15,2,32,0,4,9,0,13,0,19,24,2,45,4,0,4,49
12/31/2003,ABY,GA,ASO,ES,Federal Contract Tower,0,15,16,3,34,0,4,43,1,48,0,19,59,4,82,100,0,100,182
01/01/2004,ABY,GA,ASO,ES,Federal Contract Tower,0,7,12,1,20,0,2,26,1,29,0,9,38,2,49,68,0,68,117
01/02/2004,ABY,GA,ASO,ES,Federal Contract Tower,1,9,16,0,26,0,7,26,0,33,1,16,42,0,59,22,0,22,81
01/03/2004,ABY,GA,ASO,ES,Federal Contract Tower,1,9,16,0,26,3,0,36,0,39,4,9,52,0,65,54,0,54,119
01/04/2004,ABY,GA,ASO,ES,Federal Contract Tower,0,11,18,0,29,0,0,47,0,47,0,11,65,0,76,84,0,84,160
01/05/2004,ABY,GA,ASO,ES,Federal Contract Tower,0,12,21,3,36,0,0,9,10,19,0,12,30,13,55,0,28,28,83
01/06/2004,ABY,GA,ASO,ES,Federal Contract Tower,0,15,23,1,39,0,3,24,0,27,0,18,47,1,66,10,36,46,112
01/07/2004,ABY,GA,ASO,ES,Federal Contract Tower,0,14,22,3,39,0,2,31,11,44,0,16,53,14,83,68,60,128,211
01/08/2004,ABY,GA,ASO,ES,Federal Contract Tower,0,19,28,4,51,0,0,36,8,44,0,19,64,12,95,48,86,134,229
01/09/2004,ABY,GA,ASO,ES,Federal Contract Tower,1,20,27,4,52,0,6,0,3,9,1,26,27,7,61,10,18,28,89
01/10/2004,ABY,GA,ASO,ES,Federal Contract Tower,1,14,23,0,38,0,0,11,0,11,1,14,34,0,49,14,0,14,63
01/11/2004,ABY,GA,ASO,ES,Federal Contract Tower,0,12,21,0,33,0,0,52,0,52,0,12,73,0,85,68,0,68,153
01/12/2004,ABY,GA,ASO,ES,Federal Contract Tower,0,13,17,2,32,0,0,48,8,56,0,13,65,10,88,26,78,104,192
01/13/2004,ABY,GA,ASO,ES,Federal Contract Tower,0,15,29,4,48,0,0,64,4,68,0,15,93,8,116,8,80,88,204
01/14/2004,ABY,GA,ASO,ES,Federal Contract Tower,0,18,25,3,46,0,2,37,23,62,0,20,62,26,108,24,38,62,170
01/15/2004,ABY,GA,ASO,ES,Federal Contract Tower,0,28,39,6,73,0,0,44,12,56,0,28,83,18,129,78,0,78,207
01/16/2004,ABY,GA,ASO,ES,Federal Contract Tower,0,19,29,4,52,0,0,42,17,59,0,19,71,21,111,64,120,184,295
01/17/2004,ABY,GA,ASO,ES,Federal Contract Tower,1,12,16,0,29,0,0,36,0,36,1,12,52,0,65,90,0,90,155
01/18/2004,ABY,GA,ASO,ES,Federal Contract Tower,0,10,15,2,27,0,9,56,19,84,0,19,71,21,111,76,108,184,295
01/19/2004,ABY,GA,ASO,ES,Federal Contract Tower,0,14,19,4,37,0,2,13,8,23,0,16,32,12,60,26,4,30,90
01/20/2004,ABY,GA,ASO,ES,Federal Contract Tower,0,19,27,4,50,0,0,26,0,26,0,19,53,4,76,44,20,64,140
01/21/2004,ABY,GA,ASO,ES,Federal Contract Tower,0,15,24,3,42,0,0,75,0,75,0,15,99,3,117,110,0,110,227
01/22/2004,ABY,GA,ASO,ES,Federal Contract Tower,0,26,37,3,66,0,0,77,0,77,0,26,114,3,143,74,4,78,221
01/23/2004,ABY,GA,ASO,ES,Federal Contract Tower,0,17,25,3,45,0,3,46,13,62,0,20,71,16,107,48,14,62,169
01/24/2004,ABY,GA,ASO,ES,Federal Contract Tower,0,15,21,0,36,2,2,39,0,43,2,17,60,0,79,42,0,42,121
01/25/2004,ABY,GA,ASO,ES,Federal Contract Tower,0,12,17,0,29,0,1,20,0,21,0,13,37,0,50,44,0,44,94
01/26/2004,ABY,GA,ASO,ES,Federal Contract Tower,0,10,8,0,18,0,10,0,0,10,0,20,8,0,28,0,0,0,28
01/27/2004,ABY,GA,ASO,ES,Federal Contract Tower,0,18,28,4,50,4,0,2,12,18,4,18,30,16,68,0,0,0,68
01/28/2004,ABY,GA,ASO,ES,Federal Contract Tower,0,24,34,5,63,1,3,33,21,58,1,27,67,26,121,68,76,144,265
01/29/2004,ABY,GA,ASO,ES,Federal Contract Tower,0,22,32,4,58,0,1,48,20,69,0,23,80,24,127,58,52,110,237
01/30/2004,ABY,GA,ASO,ES,Federal Contract Tower,0,19,28,4,51,1,0,26,5,32,1,19,54,9,83,10,52,62,145
01/31/2004,ABY,GA,ASO,ES,Federal Contract Tower,0,12,17,2,31,2,0,37,0,39,2,12,54,2,70,58,0,58,128
02/01/2004,ABY,GA,ASO,ES,Federal Contract Tower,0,12,17,0,29,0,6,4,0,10,0,18,21,0,39,14,0,14,53
02/02/2004,ABY,GA,ASO,ES,Federal Contract Tower,0,15,21,2,38,0,0,4,0,4,0,15,25,2,42,2,0,2,44
02/03/2004,ABY,GA,ASO,ES,Federal Contract Tower,0,11,16,3,30,0,2,24,23,49,0,13,40,26,79,52,40,92,171
02/04/2004,ABY,GA,ASO,ES,Federal Contract Tower,0,14,26,6,46,0,0,88,6,94,0,14,114,12,140,44,24,68,208
02/05/2004,ABY,GA,ASO,ES,Federal Contract Tower,0,22,31,7,60,0,2,20,13,35,0,24,51,20,95,54,56,110,205
02/06/2004,ABY,GA,ASO,ES,Federal Contract Tower,0,17,23,2,42,0,1,2,0,3,0,18,25,2,45,0,0,0,45
02/07/2004,ABY,GA,ASO,ES,Federal Contract Tower,0,16,21,0,37,1,6,18,0,25,1,22,39,0,62,34,0,34,96
02/08/2004,ABY,GA,ASO,ES,Federal Contract Tower,0,14,20,2,36,0,0,58,0,58,0,14,78,2,94,6,0,6,100
02/09/2004,ABY,GA,ASO,ES,Federal Contract Tower,0,14,20,5,39,0,3,56,4,63,0,17,76,9,102,64,106,170,272
02/10/2004,ABY,GA,ASO,ES,Federal Contract Tower,0,18,28,5,51,0,0,21,6,27,0,18,49,11,78,50,18,68,146
02/11/2004,ABY,GA,ASO,ES,Federal Contract Tower,0,20,32,6,58,0,0,7,12,19,0,20,39,18,77,54,24,78,155
02/12/2004,ABY,GA,ASO,ES,Federal Contract Tower,0,20,29,0,49,0,1,4,0,5,0,21,33,0,54,0,0,0,54
02/13/2004,ABY,GA,ASO,ES,Federal Contract Tower,0,23,33,6,62,0,0,29,18,47,0,23,62,24,109,30,106,136,245
02/14/2004,ABY,GA,ASO,ES,Federal Contract Tower,0,13,19,0,32,1,1,6,0,8,1,14,25,0,40,14,0,14,54
02/15/2004,ABY,GA,ASO,ES,Federal Contract Tower,0,13,18,0,31,0,8,5,0,13,0,21,23,0,44,32,0,32,76
02/16/2004,ABY,GA,ASO,ES,Federal Contract Tower,0,11,18,2,31,0,0,28,0,28,0,11,46,2,59,70,0,70,129
02/17/2004,ABY,GA,ASO,ES,Federal Contract Tower,0,20,30,5,55,0,0,28,3,31,0,20,58,8,86,24,14,38,124
02/18/2004,ABY,GA,ASO,ES,Federal Contract Tower,0,18,26,5,49,0,4,61,19,84,0,22,87,24,133,142,102,244,377
02/19/2004,ABY,GA,ASO,ES,Federal Contract Tower,0,19,28,5,52,0,3,65,6,74,0,22,93,11,126,80,78,158,284
02/20/2004,ABY,GA,ASO,ES,Federal Contract Tower,0,18,26,5,49,0,3,42,8,53,0,21,68,13,102,106,10,116,218
02/21/2004,ABY,GA,ASO,ES,Federal Contract Tower,0,14,23,0,37,1,0,39,0,40,1,14,62,0,77,8,2,10,87
02/22/2004,ABY,GA,ASO,ES,Federal Contract Tower,0,12,18,3,33,0,1,52,1,54,0,13,70,4,87,86,0,86,173
02/23/2004,ABY,GA,ASO,ES,Federal Contract Tower,0,17,22,1,40,0,0,37,15,52,0,17,59,16,92,38,89,127,219
02/24/2004,ABY,GA,ASO,ES,Federal Contract Tower,0,20,22,1,43,0,0,0,1,1,0,20,22,2,44,0,0,0,44
02/25/2004,ABY,GA,ASO,ES,Federal Contract Tower,0,24,27,1,52,0,0,1,1,2,0,24,28,2,54,0,0,0,54
02/26/2004,ABY,GA,ASO,ES,Federal Contract Tower,0,24,37,3,64,0,0,7,5,12,0,24,44,8,76,90,24,114,190
02/27/2004,ABY,GA,ASO,ES,Federal Contract Tower,0,21,27,2,50,0,0,30,3,33,0,21,57,5,83,22,4,26,109
02/28/2004,ABY,GA,ASO,ES,Federal Contract Tower,0,17,19,0,36,0,1,49,0,50,0,18,68,0,86,36,0,36,122
02/29/2004,ABY,GA,ASO,ES,Federal Contract Tower,0,16,20,1,37,0,0,56,15,71,0,16,76,16,108,82,16,98,206
03/01/2004,ABY,GA,ASO,ES,Federal Contract Tower,0,11,17,6,34,0,3,24,21,48,0,14,41,27,82,78,28,106,188
03/02/2004,ABY,GA,ASO,ES,Federal Contract Tower,0,9,13,5,27,0,4,46,0,50,0,13,59,5,77,74,14,88,165
03/03/2004,ABY,GA,ASO,ES,Federal Contract Tower,1,20,25,9,55,0,2,52,17,71,1,22,77,26,126,66,110,176,302
03/04/2004,ABY,GA,ASO,ES,Federal Contract Tower,0,17,21,8,46,0,0,66,12,78,0,17,87,20,124,70,124,194,318
03/05/2004,ABY,GA,ASO,ES,Federal Contract Tower,0,16,19,7,42,0,2,6,1,9,0,18,25,8,51,0,48,48,99
03/06/2004,ABY,GA,ASO,ES,Federal Contract Tower,0,12,15,7,34,1,6,12,1,20,1,18,27,8,54,8,16,24,78
03/07/2004,ABY,GA,ASO,ES,Federal Contract Tower,0,7,17,5,29,0,0,39,0,39,0,7,56,5,68,6,4,10,78
03/08/2004,ABY,GA,ASO,ES,Federal Contract Tower,0,8,11,5,24,0,4,48,12,64,0,12,59,17,88,120,126,246,334
03/09/2004,ABY,GA,ASO,ES,Federal Contract Tower,0,16,20,8,44,0,4,35,4,43,0,20,55,12,87,16,92,108,195
03/10/2004,ABY,GA,ASO,ES,Federal Contract Tower,0,13,21,9,43,0,0,52,24,76,0,13,73,33,119,124,102,226,345
03/11/2004,ABY,GA,ASO,ES,Federal Contract Tower,0,20,27,11,58,0,0,52,8,60,0,20,79,19,118,52,74,126,244
03/12/2004,ABY,GA,ASO,ES,Federal Contract Tower,0,16,26,11,53,0,0,58,4,62,0,16,84,15,115,36,18,54,169
03/13/2004,ABY,GA,ASO,ES,Federal Contract Tower,0,10,13,3,26,1,3,50,0,54,1,13,63,3,80,34,2,36,116
03/14/2004,ABY,GA,ASO,ES,Federal Contract Tower,0,8,11,0,19,0,2,31,0,33,0,10,42,0,52,106,0,106,158
03/15/2004,ABY,GA,ASO,ES,Federal Contract Tower,0,14,17,7,38,0,0,33,26,59,0,14,50,33,97,194,132,326,423
03/16/2004,ABY,GA,ASO,ES,Federal Contract Tower,0,12,16,6,34,0,2,17,0,19,0,14,33,6,53,10,50,60,113
03/17/2004,ABY,GA,ASO,ES,Federal Contract Tower,0,11,13,6,30,0,5,45,30,80,0,16,58,36,110,82,94,176,286
03/18/2004,ABY,GA,ASO,ES,Federal Contract Tower,0,8,11,5,24,0,6,70,22,98,0,14,81,27,122,100,120,220,342
03/19/2004,ABY,GA,ASO,ES,Federal Contract Tower,0,14,23,8,45,0,0,41,36,77,0,14,64,44,122,82,66,148,270
03/20/2004,ABY,GA,ASO,ES,Federal Contract Tower,0,8,12,2,22,1,2,44,0,47,1,10,56,2,69,18,12,30,99
03/21/2004,ABY,GA,ASO,ES,Federal Contract Tower,0,6,8,0,14,0,2,25,0,27,0,8,33,0,41,30,0,30,71
03/22/2004,ABY,GA,ASO,ES,Federal Contract Tower,0,12,25,9,46,0,0,62,8,70,0,12,87,17,116,104,54,158,274
03/23/2004,ABY,GA,ASO,ES,Federal Contract Tower,0,8,11,2,21,0,7,40,0,47,0,15,51,2,68,62,8,70,138
03/24/2004,ABY,GA,ASO,ES,Federal Contract Tower,0,16,22,8,46,0,2,36,8,46,0,18,58,16,92,142,24,166,258
03/25/2004,ABY,GA,ASO,ES,Federal Contract Tower,0,14,19,7,40,0,0,60,11,71,0,14,79,18,111,114,56,170,281
03/26/2004,ABY,GA,ASO,ES,Federal Contract Tower,0,14,19,7,40,0,0,49,21,70,0,14,68,28,110,46,92,138,248
03/27/2004,ABY,GA,ASO,ES,Federal Contract Tower,0,9,15,0,24,1,0,55,0,56,1,9,70,0,80,44,0,44,124
03/28/2004,ABY,GA,ASO,ES,Federal Contract Tower,0,9,13,0,22,0,0,43,0,43,0,9,56,0,65,50,32,82,147
03/29/2004,ABY,GA,ASO,ES,Federal Contract Tower,0,13,21,8,42,0,0,26,16,42,0,13,47,24,84,32,48,80,164
03/30/2004,ABY,GA,ASO,ES,Federal Contract Tower,0,15,24,8,47,0,0,21,8,29,0,15,45,16,76,52,140,192,268
03/31/2004,ABY,GA,ASO,ES,Federal Contract Tower,0,19,26,9,54,0,9,56,16,81,0,28,82,25,135,150,21,171,306
04/01/2004,ABY,GA,ASO,ES,Federal Contract Tower,0,14,13,3,30,0,4,27,5,36,0,18,40,8,66,80,30,110,176
04/02/2004,ABY,GA,ASO,ES,Federal Contract Tower,0,13,15,3,31,0,2,29,1,32,0,15,44,4,63,0,24,24,87
04/03/2004,ABY,GA,ASO,ES,Federal Contract Tower,1,11,14,0,26,0,4,27,0,31,1,15,41,0,57,0,0,0,57
04/04/2004,ABY,GA,ASO,ES,Federal Contract Tower,0,11,13,2,26,0,0,18,0,18,0,11,31,2,44,18,0,18,62
04/05/2004,ABY,GA,ASO,ES,Federal Contract Tower,0,13,13,3,29,0,1,43,18,62,0,14,56,21,91,64,160,224,315
04/06/2004,ABY,GA,ASO,ES,Federal Contract Tower,0,15,15,3,33,0,0,26,14,40,0,15,41,17,73,52,64,116,189
04/07/2004,ABY,GA,ASO,ES,Federal Contract Tower,0,19,21,5,45,0,0,41,28,69,0,19,62,33,114,42,112,154,268
04/08/2004,ABY,GA,ASO,ES,Federal Contract Tower,0,18,18,5,41,0,1,22,5,28,0,19,40,10,69,56,0,56,125
04/09/2004,ABY,GA,ASO,ES,Federal Contract Tower,0,11,13,4,28,0,0,45,2,47,0,11,58,6,75,16,4,20,95
04/10/2004,ABY,GA,ASO,ES,Federal Contract Tower,0,8,8,0,16,1,3,41,0,45,1,11,49,0,61,52,0,52,113
04/11/2004,ABY,GA,ASO,ES,Federal Contract Tower,0,8,9,0,17,0,1,17,0,18,0,9,26,0,35,2,0,2,37
04/12/2004,ABY,GA,ASO,ES,Federal Contract Tower,0,9,10,3,22,0,5,18,1,24,0,14,28,4,46,18,8,26,72
04/13/2004,ABY,GA,ASO,ES,Federal Contract Tower,0,16,17,4,37,0,2,11,2,15,0,18,28,6,52,24,56,80,132
04/14/2004,ABY,GA,ASO,ES,Federal Contract Tower,0,12,12,0,24,0,3,60,0,63,0,15,72,0,87,28,0,28,115
04/15/2004,ABY,GA,ASO,ES,Federal Contract Tower,0,18,19,5,42,0,0,78,6,84,0,18,97,11,126,44,8,52,178
04/16/2004,ABY,GA,ASO,ES,Federal Contract Tower,0,14,11,0,25,0,1,37,0,38,0,15,48,0,63,12,0,12,75
04/17/2004,ABY,GA,ASO,ES,Federal Contract Tower,0,12,11,2,25,1,0,48,0,49,1,12,59,2,74,18,0,18,92
04/18/2004,ABY,GA,ASO,ES,Federal Contract Tower,0,10,11,3,24,0,0,72,4,76,0,10,83,7,100,50,0,50,150
04/19/2004,ABY,GA,ASO,ES,Federal Contract Tower,0,8,6,2,16,0,4,43,8,55,0,12,49,10,71,84,46,130,201
04/20/2004,ABY,GA,ASO,ES,Federal Contract Tower,0,15,16,4,35,0,0,50,2,52,0,15,66,6,87,34,48,82,169
04/21/2004,ABY,GA,ASO,ES,Federal Contract Tower,0,19,18,4,41,0,0,32,0,32,0,19,50,4,73,72,0,72,145
04/22/2004,ABY,GA,ASO,ES,Federal Contract Tower,0,12,11,3,26,2,0,45,4,51,2,12,56,7,77,4,50,54,131
04/23/2004,ABY,GA,ASO,ES,Federal Contract Tower,0,16,16,3,35,0,0,45,15,60,0,16,61,18,95,42,48,90,185
04/24/2004,ABY,GA,ASO,ES,Federal Contract Tower,0,9,9,1,19,1,1,49,1,52,1,10,58,2,71,92,0,92,163
04/25/2004,ABY,GA,ASO,ES,Federal Contract Tower,0,8,8,2,18,0,0,16,2,18,0,8,24,4,36,0,0,0,36
04/26/2004,ABY,GA,ASO,ES,Federal Contract Tower,0,11,10,0,21,0,6,1,0,7,0,17,11,0,28,16,0,16,44
04/27/2004,ABY,GA,ASO,ES,Federal Contract Tower,0,13,17,4,34,0,0,37,10,47,0,13,54,14,81,48,82,130,211
04/28/2004,ABY,GA,ASO,ES,Federal Contract Tower,0,10,9,2,21,0,6,51,4,61,0,16,60,6,82,166,72,238,320
04/29/2004,ABY,GA,ASO,ES,Federal Contract Tower,0,15,16,3,34,0,0,66,8,74,0,15,82,11,108,42,106,148,256
04/30/2004,ABY,GA,ASO,ES,Federal Contract Tower,0,16,16,3,35,1,0,2,1,4,1,16,18,4,39,18,2,20,59
05/01/2004,ABY,GA,ASO,ES,Federal Contract Tower,1,7,6,0,14,0,3,0,0,3,1,10,6,0,17,0,0,0,17
05/02/2004,ABY,GA,ASO,ES,Federal Contract Tower,0,4,4,2,10,0,2,2,3,7,0,6,6,5,17,0,0,0,17
05/03/2004,ABY,GA,ASO,ES,Federal Contract Tower,0,8,9,3,20,0,5,31,6,42,0,13,40,9,62,44,70,114,176
05/04/2004,ABY,GA,ASO,ES,Federal Contract Tower,0,15,18,5,38,0,0,70,12,82,0,15,88,17,120,62,54,116,236
05/05/2004,ABY,GA,ASO,ES,Federal Contract Tower,0,12,12,3,27,0,0,36,7,43,0,12,48,10,70,40,18,58,128
05/06/2004,ABY,GA,ASO,ES,Federal Contract Tower,0,11,11,3,25,0,5,34,2,41,0,16,45,5,66,46,20,66,132
05/07/2004,ABY,GA,ASO,ES,Federal Contract Tower,0,12,12,4,28,0,3,47,10,60,0,15,59,14,88,174,98,272,360
05/08/2004,ABY,GA,ASO,ES,Federal Contract Tower,0,6,8,2,16,1,4,48,0,53,1,10,56,2,69,80,0,80,149
05/09/2004,ABY,GA,ASO,ES,Federal Contract Tower,0,7,7,2,16,0,0,35,47,82,0,7,42,49,98,36,0,36,134
05/10/2004,ABY,GA,ASO,ES,Federal Contract Tower,0,10,10,3,23,0,0,42,7,49,0,10,52,10,72,100,66,166,238
05/11/2004,ABY,GA,ASO,ES,Federal Contract Tower,0,13,15,4,32,0,0,23,15,38,0,13,38,19,70,0,44,44,114
05/12/2004,ABY,GA,ASO,ES,Federal Contract Tower,0,12,13,4,29,0,0,36,4,40,0,12,49,8,69,48,20,68,137
05/13/2004,ABY,GA,ASO,ES,Federal Contract Tower,0,15,15,4,34,0,0,37,7,44,0,15,52,11,78,78,12,90,168
05/14/2004,ABY,GA,ASO,ES,Federal Contract Tower,0,13,12,3,28,0,1,37,10,48,0,14,49,13,76,32,32,64,140
05/15/2004,ABY,GA,ASO,ES,Federal Contract Tower,0,6,6,0,12,1,4,42,0,47,1,10,48,0,59,22,0,22,81
05/16/2004,ABY,GA,ASO,ES,Federal Contract Tower,0,6,5,0,11,0,2,27,0,29,0,8,32,0,40,36,0,36,76
05/17/2004,ABY,GA,ASO,ES,Federal Contract Tower,0,13,14,3,30,0,2,43,0,45,0,15,57,3,75,40,48,88,163
05/18/2004,ABY,GA,ASO,ES,Federal Contract Tower,0,13,14,0,27,0,2,36,0,38,0,15,50,0,65,30,0,30,95
05/19/2004,ABY,GA,ASO,ES,Federal Contract Tower,0,13,14,3,30,0,3,21,1,25,0,16,35,4,55,82,68,150,205
05/20/2004,ABY,GA,ASO,ES,Federal Contract Tower,0,13,16,3,32,0,0,47,16,63,0,13,63,19,95,32,28,60,155
05/21/2004,ABY,GA,ASO,ES,Federal Contract Tower,0,10,10,2,22,0,4,37,0,41,0,14,47,2,63,32,18,50,113
05/22/2004,ABY,GA,ASO,ES,Federal Contract Tower,0,9,9,0,18,1,0,31,0,32,1,9,40,0,50,38,0,38,88
05/23/2004,ABY,GA,ASO,ES,Federal Contract Tower,0,6,13,3,22,0,0,29,1,30,0,6,42,4,52,28,2,30,82
05/24/2004,ABY,GA,ASO,ES,Federal Contract Tower,0,17,17,4,38,0,1,37,4,42,0,18,54,8,80,86,80,166,246
05/25/2004,ABY,GA,ASO,ES,Federal Contract Tower,0,13,15,3,31,0,0,29,7,36,0,13,44,10,67,40,90,130,197
05/26/2004,ABY,GA,ASO,ES,Federal Contract Tower,0,15,20,4,39,0,0,42,30,72,0,15,62,34,111,102,50,152,263
05/27/2004,ABY,GA,ASO,ES,Federal Contract Tower,0,12,13,2,27,0,0,42,2,44,0,12,55,4,71,32,26,58,129
05/28/2004,ABY,GA,ASO,ES,Federal Contract Tower,0,16,16,0,32,1,2,34,0,37,1,18,50,0,69,30,0,30,99
05/29/2004,ABY,GA,ASO,ES,Federal Contract Tower,0,8,8,0,16,1,2,21,0,24,1,10,29,0,40,24,0,24,64
05/30/2004,ABY,GA,ASO,ES,Federal Contract Tower,0,6,8,0,14,0,0,17,0,17,0,6,25,0,31,36,0,36,67
05/31/2004,ABY,GA,ASO,ES,Federal Contract Tower,0,3,8,1,12,0,0,21,3,24,0,3,29,4,36,0,2,2,38
06/01/2004,ABY,GA,ASO,ES,Federal Contract Tower,0,15,18,6,39,0,2,2,4,8,0,17,20,10,47,0,8,8,55
06/02/2004,ABY,GA,ASO,ES,Federal Contract Tower,1,17,19,7,44,0,2,18,6,26,1,19,37,13,70,4,56,60,130
06/03/2004,ABY,GA,ASO,ES,Federal Contract Tower,1,14,16,6,37,1,0,1,0,2,2,14,17,6,39,0,6,6,45
06/04/2004,ABY,GA,ASO,ES,Federal Contract Tower,0,20,25,9,54,0,0,12,17,29,0,20,37,26,83,76,22,98,181
06/05/2004,ABY,GA,ASO,ES,Federal Contract Tower,1,9,10,3,23,0,1,28,3,32,1,10,38,6,55,34,0,34,89
06/06/2004,ABY,GA,ASO,ES,Federal Contract Tower,0,8,11,3,22,0,0,28,0,28,0,8,39,3,50,62,4,66,116
06/07/2004,ABY,GA,ASO,ES,Federal Contract Tower,0,10,12,4,26,0,2,31,6,39,0,12,43,10,65,12,64,76,141
06/08/2004,ABY,GA,ASO,ES,Federal Contract Tower,0,12,17,6,35,0,0,16,3,19,0,12,33,9,54,6,6,12,66
06/09/2004,ABY,GA,ASO,ES,Federal Contract Tower,0,18,27,10,55,0,0,15,13,28,0,18,42,23,83,32,60,92,175
06/10/2004,ABY,GA,ASO,ES,Federal Contract Tower,0,15,21,7,43,0,0,34,3,37,0,15,55,10,80,14,20,34,114
06/11/2004,ABY,GA,ASO,ES,Federal Contract Tower,0,11,13,5,29,0,0,50,3,53,0,11,63,8,82,34,22,56,138
06/12/2004,ABY,GA,ASO,ES,Federal Contract Tower,0,10,10,0,20,1,2,24,0,27,1,12,34,0,47,0,0,0,47
06/13/2004,ABY,GA,ASO,ES,Federal Contract Tower,0,10,11,2,23,0,0,14,0,14,0,10,25,2,37,0,0,0,37
06/14/2004,ABY,GA,ASO,ES,Federal Contract Tower,0,13,15,6,34,0,0,10,1,11,0,13,25,7,45,24,26,50,95
06/15/2004,ABY,GA,ASO,ES,Federal Contract Tower,0,14,18,7,39,0,0,9,11,20,0,14,27,18,59,10,96,106,165
06/16/2004,ABY,GA,ASO,ES,Federal Contract Tower,0,16,17,5,38,0,1,20,0,21,0,17,37,5,59,20,16,36,95
06/17/2004,ABY,GA,ASO,ES,Federal Contract Tower,0,16,18,7,41,0,0,23,1,24,0,16,41,8,65,2,28,30,95
06/18/2004,ABY,GA,ASO,ES,Federal Contract Tower,0,14,15,0,29,1,4,35,0,40,1,18,50,0,69,64,0,64,133
06/19/2004,ABY,GA,ASO,ES,Federal Contract Tower,0,8,7,0,15,1,2,35,0,38,1,10,42,0,53,4,0,4,57
06/20/2004,ABY,GA,ASO,ES,Federal Contract Tower,0,7,7,0,14,0,1,28,0,29,0,8,35,0,43,16,0,16,59
06/21/2004,ABY,GA,ASO,ES,Federal Contract Tower,0,14,14,6,34,0,5,18,9,32,0,19,32,15,66,10,44,54,120
06/22/2004,ABY,GA,ASO,ES,Federal Contract Tower,0,14,22,9,45,0,0,18,12,30,0,14,40,21,75,75,130,205,280
06/23/2004,ABY,GA,ASO,ES,Federal Contract Tower,0,13,13,5,31,0,3,8,7,18,0,16,21,12,49,34,62,96,145
06/24/2004,ABY,GA,ASO,ES,Federal Contract Tower,0,13,13,5,31,0,2,16,7,25,0,15,29,12,56,2,62,64,120
06/25/2004,ABY,GA,ASO,ES,Federal Contract Tower,0,13,14,6,33,0,2,15,5,22,0,15,29,11,55,2,34,36,91
06/26/2004,ABY,GA,ASO,ES,Federal Contract Tower,0,10,10,0,20,0,0,24,0,24,0,10,34,0,44,30,0,30,74
06/27/2004,ABY,GA,ASO,ES,Federal Contract Tower,0,9,10,0,19,0,3,20,0,23,0,12,30,0,42,58,0,58,100
06/28/2004,ABY,GA,ASO,ES,Federal Contract Tower,0,5,7,1,13,0,6,23,0,29,0,11,30,1,42,112,0,112,154
06/29/2004,ABY,GA,ASO,ES,Federal Contract Tower,0,15,16,5,36,4,5,18,9,36,4,20,34,14,72,76,42,118,190
06/30/2004,ABY,GA,ASO,ES,Federal Contract Tower,0,15,21,7,43,0,0,47,5,52,0,15,68,12,95,252,26,278,373
07/01/2004,ABY,GA,ASO,ES,Federal Contract Tower,0,13,16,5,34,0,0,19,3,22,0,13,35,8,56,112,6,118,174
07/02/2004,ABY,GA,ASO,ES,Federal Contract Tower,0,14,17,0,31,0,5,33,0,38,0,19,50,0,69,18,0,18,87
07/03/2004,ABY,GA,ASO,ES,Federal Contract Tower,1,6,8,0,15,1,3,16,0,20,2,9,24,0,35,8,0,8,43
07/04/2004,ABY,GA,ASO,ES,Federal Contract Tower,0,4,6,0,10,0,5,25,0,30,0,9,31,0,40,28,0,28,68
07/05/2004,ABY,GA,ASO,ES,Federal Contract Tower,0,9,12,2,23,0,0,53,0,53,0,9,65,2,76,46,0,46,122
07/06/2004,ABY,GA,ASO,ES,Federal Contract Tower,0,10,9,3,22,0,5,26,4,35,0,15,35,7,57,32,80,112,169
07/07/2004,ABY,GA,ASO,ES,Federal Contract Tower,0,16,16,6,38,0,2,27,2,31,0,18,43,8,69,12,16,28,97
07/08/2004,ABY,GA,ASO,ES,Federal Contract Tower,0,11,17,7,35,0,0,30,4,34,0,11,47,11,69,10,60,70,139
07/09/2004,ABY,GA,ASO,ES,Federal Contract Tower,0,12,14,6,32,0,0,30,11,41,0,12,44,17,73,4,34,38,111
07/10/2004,ABY,GA,ASO,ES,Federal Contract Tower,0,7,8,0,15,1,1,49,0,51,1,8,57,0,66,44,0,44,110
07/11/2004,ABY,GA,ASO,ES,Federal Contract Tower,0,5,5,2,12,0,0,46,0,46,0,5,51,2,58,50,0,50,108
07/12/2004,ABY,GA,ASO,ES,Federal Contract Tower,0,11,13,6,30,0,0,44,10,54,0,11,57,16,84,154,108,262,346
07/13/2004,ABY,GA,ASO,ES,Federal Contract Tower,0,10,11,5,26,0,0,24,3,27,0,10,35,8,53,42,36,78,131
07/14/2004,ABY,GA,ASO,ES,Federal Contract Tower,0,12,11,5,28,0,2,45,2,49,0,14,56,7,77,96,32,128,205
07/15/2004,ABY,GA,ASO,ES,Federal Contract Tower,0,20,24,9,53,0,0,56,0,56,0,20,80,9,109,144,10,154,263
07/16/2004,ABY,GA,ASO,ES,Federal Contract Tower,0,10,9,4,23,0,2,32,0,34,0,12,41,4,57,186,8,194,251
07/17/2004,ABY,GA,ASO,ES,Federal Contract Tower,0,7,6,0,13,1,1,15,0,17,1,8,21,0,30,20,0,20,50
07/18/2004,ABY,GA,ASO,ES,Federal Contract Tower,0,9,10,4,23,0,0,16,0,16,0,9,26,4,39,44,0,44,83
07/19/2004,ABY,GA,ASO,ES,Federal Contract Tower,0,13,13,2,28,0,3,39,0,42,0,16,52,2,70,110,0,110,180
07/20/2004,ABY,GA,ASO,ES,Federal Contract Tower,0,10,9,4,23,0,2,58,3,63,0,12,67,7,86,42,42,84,170
07/21/2004,ABY,GA,ASO,ES,Federal Contract Tower,0,12,22,8,42,0,0,25,36,61,0,12,47,44,103,190,124,314,417
07/22/2004,ABY,GA,ASO,ES,Federal Contract Tower,0,14,16,5,35,0,0,36,7,43,0,14,52,12,78,26,46,72,150
07/23/2004,ABY,GA,ASO,ES,Federal Contract Tower,0,13,15,5,33,0,0,22,12,34,0,13,37,17,67,106,42,148,215
07/24/2004,ABY,GA,ASO,ES,Federal Contract Tower,0,7,9,0,16,1,3,39,0,43,1,10,48,0,59,52,0,52,111
07/25/2004,ABY,GA,ASO,ES,Federal Contract Tower,0,6,6,0,12,0,4,30,0,34,0,10,36,0,46,34,0,34,80
07/26/2004,ABY,GA,ASO,ES,Federal Contract Tower,0,10,12,0,22,0,5,7,0,12,0,15,19,0,34,44,0,44,78
07/27/2004,ABY,GA,ASO,ES,Federal Contract Tower,0,11,11,3,25,0,3,20,1,24,0,14,31,4,49,12,0,12,61
07/28/2004,ABY,GA,ASO,ES,Federal Contract Tower,0,20,21,7,48,0,0,18,14,32,0,20,39,21,80,26,18,44,124
07/29/2004,ABY,GA,ASO,ES,Federal Contract Tower,0,19,20,7,46,0,1,57,20,78,0,20,77,27,124,162,2,164,288
07/30/2004,ABY,GA,ASO,ES,Federal Contract Tower,0,16,17,6,39,0,4,35,0,39,0,20,52,6,78,132,60,192,270
07/31/2004,ABY,GA,ASO,ES,Federal Contract Tower,0,7,9,0,16,2,1,37,0,40,2,8,46,0,56,60,0,60,116
08/01/2004,ABY,GA,ASO,ES,Federal Contract Tower,0,6,8,1,15,0,3,18,0,21,0,9,26,1,36,0,2,2,38
08/02/2004,ABY,GA,ASO,ES,Federal Contract Tower,0,8,11,3,22,0,2,25,0,27,0,10,36,3,49,16,44,60,109
08/03/2004,ABY,GA,ASO,ES,Federal Contract Tower,0,9,13,5,27,0,10,35,7,52,0,19,48,12,79,76,68,144,223
08/04/2004,ABY,GA,ASO,ES,Federal Contract Tower,0,13,16,6,35,0,8,45,20,73,0,21,61,26,108,80,160,240,348
08/05/2004,ABY,GA,ASO,ES,Federal Contract Tower,1,19,20,8,48,0,11,29,14,54,1,30,49,22,102,42,116,158,260
08/06/2004,ABY,GA,ASO,ES,Federal Contract Tower,0,13,15,6,34,0,4,23,8,35,0,17,38,14,69,6,26,32,101
08/07/2004,ABY,GA,ASO,ES,Federal Contract Tower,0,6,6,0,12,1,2,36,0,39,1,8,42,0,51,84,0,84,135
08/08/2004,ABY,GA,ASO,ES,Federal Contract Tower,0,5,5,4,14,0,5,37,0,42,0,10,42,4,56,8,2,10,66
08/09/2004,ABY,GA,ASO,ES,Federal Contract Tower,0,11,11,6,28,0,0,29,4,33,0,11,40,10,61,126,0,126,187
08/10/2004,ABY,GA,ASO,ES,Federal Contract Tower,0,13,17,8,38,0,0,16,8,24,0,13,33,16,62,0,110,110,172
08/11/2004,ABY,GA,ASO,ES,Federal Contract Tower,0,13,14,5,32,0,3,0,0,3,0,16,14,5,35,0,0,0,35
08/12/2004,ABY,GA,ASO,ES,Federal Contract Tower,0,10,9,0,19,0,8,3,0,11,0,18,12,0,30,30,0,30,60
08/13/2004,ABY,GA,ASO,ES,Federal Contract Tower,0,8,7,1,16,0,3,12,0,15,0,11,19,1,31,98,0,98,129
08/14/2004,ABY,GA,ASO,ES,Federal Contract Tower,0,8,7,0,15,2,3,22,0,27,2,11,29,0,42,40,0,40,82
08/15/2004,ABY,GA,ASO,ES,Federal Contract Tower,0,6,10,4,20,0,0,18,2,20,0,6,28,6,40,18,4,22,62
08/16/2004,ABY,GA,ASO,ES,Federal Contract Tower,0,12,19,6,37,0,0,26,14,40,0,12,45,20,77,46,16,62,139
08/17/2004,ABY,GA,ASO,ES,Federal Contract Tower,0,17,20,7,44,0,0,19,7,26,0,17,39,14,70,76,28,104,174
08/18/2004,ABY,GA,ASO,ES,Federal Contract Tower,0,8,8,2,18,0,5,39,2,46,0,13,47,4,64,46,18,64,128
08/19/2004,ABY,GA,ASO,ES,Federal Contract Tower,0,14,18,6,38,0,0,44,13,57,0,14,62,19,95,38,84,122,217
08/20/2004,ABY,GA,ASO,ES,Federal Contract Tower,0,13,24,5,42,0,0,12,0,12,0,13,36,5,54,16,28,44,98
08/21/2004,ABY,GA,ASO,ES,Federal Contract Tower,0,8,11,0,19,1,0,19,0,20,1,8,30,0,39,6,0,6,45
08/22/2004,ABY,GA,ASO,ES,Federal Contract Tower,0,10,21,0,31,0,0,17,0,17,0,10,38,0,48,14,0,14,62
08/23/2004,ABY,GA,ASO,ES,Federal Contract Tower,0,14,16,4,34,0,1,22,0,23,0,15,38,4,57,18,0,18,75
08/24/2004,ABY,GA,ASO,ES,Federal Contract Tower,0,15,17,6,38,0,0,36,10,46,0,15,53,16,84,110,0,110,194
08/25/2004,ABY,GA,ASO,ES,Federal Contract Tower,0,15,22,7,44,0,0,42,16,58,0,15,64,23,102,102,18,120,222
08/26/2004,ABY,GA,ASO,ES,Federal Contract Tower,0,16,17,6,39,0,3,36,3,42,0,19,53,9,81,130,60,190,271
08/27/2004,ABY,GA,ASO,ES,Federal Contract Tower,0,18,26,9,53,0,0,28,24,52,0,18,54,33,105,44,72,116,221
08/28/2004,ABY,GA,ASO,ES,Federal Contract Tower,0,10,10,2,22,1,0,31,0,32,1,10,41,2,54,68,0,68,122
08/29/2004,ABY,GA,ASO,ES,Federal Contract Tower,0,7,9,0,16,0,0,39,0,39,0,7,48,0,55,20,0,20,75
08/30/2004,ABY,GA,ASO,ES,Federal Contract Tower,0,13,14,2,29,0,1,13,0,14,0,14,27,2,43,0,0,0,43
08/31/2004,ABY,GA,ASO,ES,Federal Contract Tower,0,17,20,7,44,0,0,37,9,46,0,17,57,16,90,138,18,156,246
09/01/2004,ABY,GA,ASO,ES,Federal Contract Tower,0,7,14,2,23,0,7,31,8,46,0,14,45,10,69,66,58,124,193
09/02/2004,ABY,GA,ASO,ES,Federal Contract Tower,0,20,101,17,138,0,0,326,5,331,0,20,427,22,469,126,114,240,709
09/03/2004,ABY,GA,ASO,ES,Federal Contract Tower,1,11,23,2,37,0,10,82,0,92,1,21,105,2,129,16,0,16,145
09/04/2004,ABY,GA,ASO,ES,Federal Contract Tower,1,8,18,4,31,1,0,33,28,62,2,8,51,32,93,62,0,62,155
09/05/2004,ABY,GA,ASO,ES,Federal Contract Tower,0,5,10,0,15,0,3,12,0,15,0,8,22,0,30,2,0,2,32
09/06/2004,ABY,GA,ASO,ES,Federal Contract Tower,0,0,0,0,0,0,0,0,0,0,0,0,0,0,0,0,0,0,0
09/07/2004,ABY,GA,ASO,ES,Federal Contract Tower,0,4,0,0,4,0,10,0,0,10,0,14,0,0,14,0,0,0,14
09/08/2004,ABY,GA,ASO,ES,Federal Contract Tower,0,16,34,6,56,0,0,51,43,94,0,16,85,49,150,31,74,105,255
09/09/2004,ABY,GA,ASO,ES,Federal Contract Tower,0,11,22,3,36,0,2,51,5,58,0,13,73,8,94,206,26,232,326
09/10/2004,ABY,GA,ASO,ES,Federal Contract Tower,0,12,21,3,36,0,4,33,1,38,0,16,54,4,74,10,4,14,88
09/11/2004,ABY,GA,ASO,ES,Federal Contract Tower,1,9,14,0,24,3,4,8,0,15,4,13,22,0,39,6,0,6,45
09/12/2004,ABY,GA,ASO,ES,Federal Contract Tower,0,9,15,2,26,0,1,25,5,31,0,10,40,7,57,8,0,8,65
09/13/2004,ABY,GA,ASO,ES,Federal Contract Tower,0,8,4,3,15,0,7,0,3,10,0,15,4,6,25,0,0,0,25
09/14/2004,ABY,GA,ASO,ES,Federal Contract Tower,0,14,24,0,38,1,8,22,0,31,1,22,46,0,69,0,0,0,69
09/15/2004,ABY,GA,ASO,ES,Federal Contract Tower,0,7,7,0,14,1,9,0,0,10,1,16,7,0,24,14,0,14,38
09/16/2004,ABY,GA,ASO,ES,Federal Contract Tower,0,2,0,0,2,0,4,0,0,4,0,6,0,0,6,0,0,0,6
09/17/2004,ABY,GA,ASO,ES,Federal Contract Tower,0,13,36,8,57,0,0,51,20,71,0,13,87,28,128,24,10,34,162
09/18/2004,ABY,GA,ASO,ES,Federal Contract Tower,0,11,19,4,34,1,0,39,56,96,1,11,58,60,130,160,26,186,316
09/19/2004,ABY,GA,ASO,ES,Federal Contract Tower,0,5,9,2,16,0,2,35,2,39,0,7,44,4,55,34,82,116,171
09/20/2004,ABY,GA,ASO,ES,Federal Contract Tower,0,17,34,7,58,0,0,42,23,65,0,17,76,30,123,130,12,142,265
09/21/2004,ABY,GA,ASO,ES,Federal Contract Tower,0,13,22,4,39,0,5,29,29,63,0,18,51,33,102,36,64,100,202
09/22/2004,ABY,GA,ASO,ES,Federal Contract Tower,0,15,26,5,46,1,0,34,16,51,1,15,60,21,97,28,56,84,181
09/23/2004,ABY,GA,ASO,ES,Federal Contract Tower,0,11,18,4,33,0,6,27,14,47,0,17,45,18,80,166,55,221,301
09/24/2004,ABY,GA,ASO,ES,Federal Contract Tower,0,16,31,5,52,1,0,43,31,75,1,16,74,36,127,190,44,234,361
09/25/2004,ABY,GA,ASO,ES,Federal Contract Tower,1,9,62,11,83,0,0,154,21,175,1,9,216,32,258,34,0,34,292
09/26/2004,ABY,GA,ASO,ES,Federal Contract Tower,0,5,8,0,13,0,1,6,0,7,0,6,14,0,20,16,0,16,36
09/27/2004,ABY,GA,ASO,ES,Federal Contract Tower,0,4,3,0,7,0,6,0,0,6,0,10,3,0,13,0,0,0,13
09/28/2004,ABY,GA,ASO,ES,Federal Contract Tower,1,17,60,10,88,0,0,139,19,158,1,17,199,29,246,26,116,142,388
09/29/2004,ABY,GA,ASO,ES,Federal Contract Tower,0,16,28,4,48,2,6,58,11,77,2,22,86,15,125,72,58,130,255
09/30/2004,ABY,GA,ASO,ES,Federal Contract Tower,0,13,22,3,38,0,8,26,12,46,0,21,48,15,84,55,104,159,243
10/01/2004,ABY,GA,ASO,ES,Federal Contract Tower,0,20,15,4,39,0,1,29,2,32,0,21,44,6,71,94,8,102,173
10/02/2004,ABY,GA,ASO,ES,Federal Contract Tower,1,9,19,0,29,0,0,31,0,31,1,9,50,0,60,72,0,72,132
10/03/2004,ABY,GA,ASO,ES,Federal Contract Tower,0,10,13,2,25,0,0,30,0,30,0,10,43,2,55,22,0,22,77
10/04/2004,ABY,GA,ASO,ES,Federal Contract Tower,0,11,6,21,38,0,2,71,14,87,0,13,77,35,125,34,102,136,261
10/05/2004,ABY,GA,ASO,ES,Federal Contract Tower,0,15,15,13,43,0,2,71,7,80,0,17,86,20,123,52,58,110,233
10/06/2004,ABY,GA,ASO,ES,Federal Contract Tower,0,18,17,16,51,0,0,56,20,76,0,18,73,36,127,18,78,96,223
10/07/2004,ABY,GA,ASO,ES,Federal Contract Tower,0,21,29,32,82,0,1,59,21,81,0,22,88,53,163,126,72,198,361
10/08/2004,ABY,GA,ASO,ES,Federal Contract Tower,0,13,23,6,42,0,0,47,0,47,0,13,70,6,89,44,10,54,143
10/09/2004,ABY,GA,ASO,ES,Federal Contract Tower,1,8,8,8,25,0,0,13,0,13,1,8,21,8,38,120,0,120,158
10/10/2004,ABY,GA,ASO,ES,Federal Contract Tower,0,7,12,4,23,0,0,11,0,11,0,7,23,4,34,0,4,4,38
10/11/2004,ABY,GA,ASO,ES,Federal Contract Tower,0,8,11,0,19,0,0,17,0,17,0,8,28,0,36,6,0,6,42
10/12/2004,ABY,GA,ASO,ES,Federal Contract Tower,0,17,23,20,60,0,0,36,10,46,0,17,59,30,106,2,26,28,134
10/13/2004,ABY,GA,ASO,ES,Federal Contract Tower,1,18,17,14,50,0,0,50,5,55,1,18,67,19,105,88,30,118,223
10/14/2004,ABY,GA,ASO,ES,Federal Contract Tower,0,20,21,7,48,0,1,60,11,72,0,21,81,18,120,62,58,120,240
10/15/2004,ABY,GA,ASO,ES,Federal Contract Tower,1,19,19,8,47,0,0,39,4,43,1,19,58,12,90,30,74,104,194
10/16/2004,ABY,GA,ASO,ES,Federal Contract Tower,1,7,16,0,24,0,0,39,0,39,1,7,55,0,63,34,0,34,97
10/17/2004,ABY,GA,ASO,ES,Federal Contract Tower,0,7,16,2,25,0,0,43,0,43,0,7,59,2,68,48,4,52,120
10/18/2004,ABY,GA,ASO,ES,Federal Contract Tower,0,19,9,4,32,0,1,63,0,64,0,20,72,4,96,64,40,104,200
10/19/2004,ABY,GA,ASO,ES,Federal Contract Tower,1,18,30,4,53,0,0,16,0,16,1,18,46,4,69,12,8,20,89
10/20/2004,ABY,GA,ASO,ES,Federal Contract Tower,0,20,6,0,26,0,0,43,2,45,0,20,49,2,71,88,0,88,159
10/21/2004,ABY,GA,ASO,ES,Federal Contract Tower,1,27,26,11,65,0,0,46,3,49,1,27,72,14,114,64,32,96,210
10/22/2004,ABY,GA,ASO,ES,Federal Contract Tower,0,15,25,23,63,0,0,23,9,32,0,15,48,32,95,0,80,80,175
10/23/2004,ABY,GA,ASO,ES,Federal Contract Tower,1,15,15,0,31,0,1,35,16,52,1,16,50,16,83,118,0,118,201
10/24/2004,ABY,GA,ASO,ES,Federal Contract Tower,0,10,24,7,41,0,0,35,11,46,0,10,59,18,87,88,4,92,179
10/25/2004,ABY,GA,ASO,ES,Federal Contract Tower,0,12,17,19,48,0,2,56,1,59,0,14,73,20,107,64,94,158,265
10/26/2004,ABY,GA,ASO,ES,Federal Contract Tower,1,14,27,10,52,0,0,59,6,65,1,14,86,16,117,78,50,128,245
10/27/2004,ABY,GA,ASO,ES,Federal Contract Tower,0,16,15,5,36,0,0,32,2,34,0,16,47,7,70,148,12,160,230
10/28/2004,ABY,GA,ASO,ES,Federal Contract Tower,1,21,35,7,64,0,3,47,7,57,1,24,82,14,121,70,6,76,197
10/29/2004,ABY,GA,ASO,ES,Federal Contract Tower,1,15,31,23,70,0,0,45,2,47,1,15,76,25,117,20,18,38,155
10/30/2004,ABY,GA,ASO,ES,Federal Contract Tower,2,7,13,0,22,0,0,32,0,32,2,7,45,0,54,498,0,498,552
10/31/2004,ABY,GA,ASO,ES,Federal Contract Tower,0,8,17,0,25,0,0,32,0,32,0,8,49,0,57,76,0,76,133
11/01/2004,ABY,GA,ASO,ES,Federal Contract Tower,0,15,5,0,20,0,1,64,2,67,0,16,69,2,87,86,0,86,173
11/02/2004,ABY,GA,ASO,ES,Federal Contract Tower,0,19,14,0,33,0,1,22,0,23,0,20,36,0,56,22,0,22,78
11/03/2004,ABY,GA,ASO,ES,Federal Contract Tower,0,21,10,8,39,0,1,75,15,91,0,22,85,23,130,68,28,96,226
11/04/2004,ABY,GA,ASO,ES,Federal Contract Tower,0,20,17,5,42,0,0,18,2,20,0,20,35,7,62,46,0,46,108
11/05/2004,ABY,GA,ASO,ES,Federal Contract Tower,0,19,18,8,45,0,0,41,15,56,0,19,59,23,101,56,8,64,165
11/06/2004,ABY,GA,ASO,ES,Federal Contract Tower,1,15,12,0,28,0,0,60,4,64,1,15,72,4,92,174,0,174,266
11/07/2004,ABY,GA,ASO,ES,Federal Contract Tower,0,15,5,5,25,0,0,48,0,48,0,15,53,5,73,86,0,86,159
11/08/2004,ABY,GA,ASO,ES,Federal Contract Tower,0,12,6,2,20,0,2,57,14,73,0,14,63,16,93,84,90,174,267
11/09/2004,ABY,GA,ASO,ES,Federal Contract Tower,0,14,18,18,50,0,0,34,0,34,0,14,52,18,84,70,34,104,188
11/10/2004,ABY,GA,ASO,ES,Federal Contract Tower,0,26,22,6,54,0,4,78,15,97,0,30,100,21,151,112,12,124,275
11/11/2004,ABY,GA,ASO,ES,Federal Contract Tower,0,9,25,0,34,0,1,22,0,23,0,10,47,0,57,72,0,72,129
11/12/2004,ABY,GA,ASO,ES,Federal Contract Tower,0,17,16,0,33,0,0,33,26,59,0,17,49,26,92,54,0,54,146
11/13/2004,ABY,GA,ASO,ES,Federal Contract Tower,2,12,23,0,37,0,0,4,0,4,2,12,27,0,41,0,0,0,41
11/14/2004,ABY,GA,ASO,ES,Federal Contract Tower,0,16,40,8,64,0,0,39,0,39,0,16,79,8,103,34,4,38,141
11/15/2004,ABY,GA,ASO,ES,Federal Contract Tower,0,23,26,7,56,0,0,46,20,66,0,23,72,27,122,58,48,106,228
11/16/2004,ABY,GA,ASO,ES,Federal Contract Tower,0,20,18,13,51,0,0,39,0,39,0,20,57,13,90,72,26,98,188
11/17/2004,ABY,GA,ASO,ES,Federal Contract Tower,0,28,30,14,72,0,2,39,8,49,0,30,69,22,121,42,66,108,229
11/18/2004,ABY,GA,ASO,ES,Federal Contract Tower,0,25,20,24,69,0,4,58,11,73,0,29,78,35,142,76,32,108,250
11/19/2004,ABY,GA,ASO,ES,Federal Contract Tower,3,18,45,4,70,0,0,37,4,41,3,18,82,8,111,48,28,76,187
11/20/2004,ABY,GA,ASO,ES,Federal Contract Tower,5,13,19,0,37,0,0,1,0,1,5,13,20,0,38,0,0,0,38
11/21/2004,ABY,GA,ASO,ES,Federal Contract Tower,0,10,19,2,31,0,0,9,0,9,0,10,28,2,40,16,0,16,56
11/22/2004,ABY,GA,ASO,ES,Federal Contract Tower,0,15,18,1,34,0,0,26,3,29,0,15,44,4,63,98,0,98,161
11/23/2004,ABY,GA,ASO,ES,Federal Contract Tower,1,16,24,0,41,0,0,14,5,19,1,16,38,5,60,32,30,62,122
11/24/2004,ABY,GA,ASO,ES,Federal Contract Tower,0,20,5,0,25,0,0,1,0,1,0,20,6,0,26,0,0,0,26
11/25/2004,ABY,GA,ASO,ES,Federal Contract Tower,2,9,10,0,21,0,1,18,0,19,2,10,28,0,40,38,0,38,78
11/26/2004,ABY,GA,ASO,ES,Federal Contract Tower,0,16,13,0,29,0,0,41,0,41,0,16,54,0,70,40,0,40,110
11/27/2004,ABY,GA,ASO,ES,Federal Contract Tower,1,13,12,0,26,0,1,29,2,32,1,14,41,2,58,50,0,50,108
11/28/2004,ABY,GA,ASO,ES,Federal Contract Tower,0,15,32,0,47,0,0,44,0,44,0,15,76,0,91,36,0,36,127
11/29/2004,ABY,GA,ASO,ES,Federal Contract Tower,0,11,17,2,30,0,0,43,9,52,0,11,60,11,82,62,50,112,194
11/30/2004,ABY,GA,ASO,ES,Federal Contract Tower,0,21,25,3,49,0,0,25,0,25,0,21,50,3,74,40,2,42,116
12/01/2004,ABY,GA,ASO,ES,Federal Contract Tower,0,15,22,10,47,0,1,31,3,35,0,16,53,13,82,22,56,78,160
12/02/2004,ABY,GA,ASO,ES,Federal Contract Tower,0,15,42,15,72,0,3,56,5,64,0,18,98,20,136,88,12,100,236
12/03/2004,ABY,GA,ASO,ES,Federal Contract Tower,1,16,28,2,47,0,1,32,0,33,1,17,60,2,80,10,0,10,90
12/04/2004,ABY,GA,ASO,ES,Federal Contract Tower,1,14,25,0,40,0,0,47,2,49,1,14,72,2,89,82,0,82,171
12/05/2004,ABY,GA,ASO,ES,Federal Contract Tower,0,12,20,3,35,0,2,34,0,36,0,14,54,3,71,52,0,52,123
12/06/2004,ABY,GA,ASO,ES,Federal Contract Tower,0,13,19,5,37,0,2,19,0,21,0,15,38,5,58,28,42,70,128
12/07/2004,ABY,GA,ASO,ES,Federal Contract Tower,0,18,26,4,48,0,2,16,0,18,0,20,42,4,66,20,0,20,86
12/08/2004,ABY,GA,ASO,ES,Federal Contract Tower,0,23,30,15,68,0,0,36,9,45,0,23,66,24,113,32,12,44,157
12/09/2004,ABY,GA,ASO,ES,Federal Contract Tower,0,21,20,0,41,0,0,15,0,15,0,21,35,0,56,62,0,62,118
12/10/2004,ABY,GA,ASO,ES,Federal Contract Tower,1,17,11,16,45,0,1,39,2,42,1,18,50,18,87,16,56,72,159
12/11/2004,ABY,GA,ASO,ES,Federal Contract Tower,2,10,7,0,19,0,0,12,0,12,2,10,19,0,31,72,0,72,103
12/12/2004,ABY,GA,ASO,ES,Federal Contract Tower,0,11,22,4,37,0,0,53,0,53,0,11,75,4,90,64,2,66,156
12/13/2004,ABY,GA,ASO,ES,Federal Contract Tower,0,18,21,24,63,0,0,65,13,78,0,18,86,37,141,86,50,136,277
12/14/2004,ABY,GA,ASO,ES,Federal Contract Tower,0,22,29,6,57,0,0,39,0,39,0,22,68,6,96,12,4,16,112
12/15/2004,ABY,GA,ASO,ES,Federal Contract Tower,0,19,15,18,52,0,2,59,3,64,0,21,74,21,116,34,20,54,170
12/16/2004,ABY,GA,ASO,ES,Federal Contract Tower,0,18,19,4,41,0,1,36,6,43,0,19,55,10,84,20,28,48,132
12/17/2004,ABY,GA,ASO,ES,Federal Contract Tower,0,21,18,20,59,0,1,31,0,32,0,22,49,20,91,18,10,28,119
12/18/2004,ABY,GA,ASO,ES,Federal Contract Tower,1,12,24,0,37,0,1,49,2,52,1,13,73,2,89,102,0,102,191
12/19/2004,ABY,GA,ASO,ES,Federal Contract Tower,0,9,5,4,18,0,0,33,0,33,0,9,38,4,51,22,8,30,81
12/20/2004,ABY,GA,ASO,ES,Federal Contract Tower,0,15,29,0,44,0,0,49,4,53,0,15,78,4,97,74,0,74,171
12/21/2004,ABY,GA,ASO,ES,Federal Contract Tower,2,18,13,19,52,0,1,56,9,66,2,19,69,28,118,50,24,74,192
12/22/2004,ABY,GA,ASO,ES,Federal Contract Tower,3,22,25,6,56,0,0,28,0,28,3,22,53,6,84,48,0,48,132
12/23/2004,ABY,GA,ASO,ES,Federal Contract Tower,0,15,4,0,19,0,0,14,0,14,0,15,18,0,33,76,0,76,109
12/24/2004,ABY,GA,ASO,ES,Federal Contract Tower,1,12,2,0,15,0,0,5,0,5,1,12,7,0,20,0,0,0,20
12/25/2004,ABY,GA,ASO,ES,Federal Contract Tower,0,13,6,0,19,0,0,3,0,3,0,13,9,0,22,0,0,0,22
12/26/2004,ABY,GA,ASO,ES,Federal Contract Tower,2,6,10,0,18,0,0,29,0,29,2,6,39,0,47,50,0,50,97
12/27/2004,ABY,GA,ASO,ES,Federal Contract Tower,1,17,8,0,26,0,2,58,2,62,1,19,66,2,88,62,0,62,150
12/28/2004,ABY,GA,ASO,ES,Federal Contract Tower,0,17,13,0,30,0,0,44,0,44,0,17,57,0,74,0,0,0,74
12/29/2004,ABY,GA,ASO,ES,Federal Contract Tower,1,20,24,0,45,0,1,38,2,41,1,21,62,2,86,40,0,40,126
12/30/2004,ABY,GA,ASO,ES,Federal Contract Tower,0,14,10,0,24,0,0,44,0,44,0,14,54,0,68,12,0,12,80
12/31/2004,ABY,GA,ASO,ES,Federal Contract Tower,1,11,22,0,34,0,0,39,0,39,1,11,61,0,73,42,0,42,115
01/01/2005,ABY,GA,ASO,ES,Federal Contract Tower,0,7,11,0,18,0,0,44,0,44,0,7,55,0,62,8,0,8,70
01/02/2005,ABY,GA,ASO,ES,Federal Contract Tower,2,8,22,0,32,0,1,31,0,32,2,9,53,0,64,52,0,52,116
01/03/2005,ABY,GA,ASO,ES,Federal Contract Tower,0,15,20,0,35,0,0,32,0,32,0,15,52,0,67,36,0,36,103
01/04/2005,ABY,GA,ASO,ES,Federal Contract Tower,4,13,16,8,41,0,0,41,0,41,4,13,57,8,82,50,16,66,148
01/05/2005,ABY,GA,ASO,ES,Federal Contract Tower,1,22,21,31,75,0,2,65,29,96,1,24,86,60,171,60,96,156,327
01/06/2005,ABY,GA,ASO,ES,Federal Contract Tower,0,30,17,2,49,0,0,20,4,24,0,30,37,6,73,34,0,34,107
01/07/2005,ABY,GA,ASO,ES,Federal Contract Tower,0,19,38,9,66,0,2,18,0,20,0,21,56,9,86,0,6,6,92
01/08/2005,ABY,GA,ASO,ES,Federal Contract Tower,1,16,14,0,31,0,0,6,0,6,1,16,20,0,37,0,0,0,37
01/09/2005,ABY,GA,ASO,ES,Federal Contract Tower,0,13,17,5,35,0,0,14,0,14,0,13,31,5,49,30,0,30,79
01/10/2005,ABY,GA,ASO,ES,Federal Contract Tower,0,18,22,12,52,0,3,65,10,78,0,21,87,22,130,134,26,160,290
01/11/2005,ABY,GA,ASO,ES,Federal Contract Tower,1,19,37,6,63,0,0,46,4,50,1,19,83,10,113,110,48,158,271
01/12/2005,ABY,GA,ASO,ES,Federal Contract Tower,2,20,21,15,58,0,0,28,1,29,2,20,49,16,87,22,28,50,137
01/13/2005,ABY,GA,ASO,ES,Federal Contract Tower,0,13,26,6,45,0,0,6,2,8,0,13,32,8,53,0,0,0,53
01/14/2005,ABY,GA,ASO,ES,Federal Contract Tower,0,20,28,6,54,0,0,21,0,21,0,20,49,6,75,6,4,10,85
01/15/2005,ABY,GA,ASO,ES,Federal Contract Tower,1,12,20,0,33,0,0,42,0,42,1,12,62,0,75,10,0,10,85
01/16/2005,ABY,GA,ASO,ES,Federal Contract Tower,0,12,18,0,30,0,0,39,0,39,0,12,57,0,69,62,0,62,131
01/17/2005,ABY,GA,ASO,ES,Federal Contract Tower,0,11,28,5,44,0,1,51,7,59,0,12,79,12,103,82,0,82,185
01/18/2005,ABY,GA,ASO,ES,Federal Contract Tower,0,23,19,5,47,0,2,44,2,48,0,25,63,7,95,20,8,28,123
01/19/2005,ABY,GA,ASO,ES,Federal Contract Tower,0,18,24,8,50,0,1,39,2,42,0,19,63,10,92,68,10,78,170
01/20/2005,ABY,GA,ASO,ES,Federal Contract Tower,0,20,25,0,45,0,0,24,2,26,0,20,49,2,71,38,16,54,125
01/21/2005,ABY,GA,ASO,ES,Federal Contract Tower,0,18,28,0,46,0,0,46,2,48,0,18,74,2,94,2,0,2,96
01/22/2005,ABY,GA,ASO,ES,Federal Contract Tower,1,11,25,0,37,0,0,13,0,13,1,11,38,0,50,6,0,6,56
01/23/2005,ABY,GA,ASO,ES,Federal Contract Tower,0,19,20,0,39,0,0,31,0,31,0,19,51,0,70,20,0,20,90
01/24/2005,ABY,GA,ASO,ES,Federal Contract Tower,1,19,13,6,39,0,1,62,0,63,1,20,75,6,102,24,28,52,154
01/25/2005,ABY,GA,ASO,ES,Federal Contract Tower,0,20,26,25,71,0,0,70,26,96,0,20,96,51,167,124,84,208,375
01/26/2005,ABY,GA,ASO,ES,Federal Contract Tower,0,15,29,8,52,0,0,42,4,46,0,15,71,12,98,46,4,50,148
01/27/2005,ABY,GA,ASO,ES,Federal Contract Tower,0,23,34,0,57,0,4,67,8,79,0,27,101,8,136,58,50,108,244
01/28/2005,ABY,GA,ASO,ES,Federal Contract Tower,0,12,17,1,30,0,0,15,3,18,0,12,32,4,48,0,0,0,48
01/29/2005,ABY,GA,ASO,ES,Federal Contract Tower,1,6,13,0,20,0,0,0,0,0,1,6,13,0,20,0,0,0,20
01/30/2005,ABY,GA,ASO,ES,Federal Contract Tower,0,16,25,4,45,0,0,31,0,31,0,16,56,4,76,62,4,66,142
01/31/2005,ABY,GA,ASO,ES,Federal Contract Tower,1,14,18,3,36,0,0,15,2,17,1,14,33,5,53,0,0,0,53
02/01/2005,ABY,GA,ASO,ES,Federal Contract Tower,0,23,28,13,64,0,0,40,0,40,0,23,68,13,104,22,16,38,142
02/02/2005,ABY,GA,ASO,ES,Federal Contract Tower,0,17,16,10,43,0,0,1,2,3,0,17,17,12,46,0,6,6,52
02/03/2005,ABY,GA,ASO,ES,Federal Contract Tower,0,17,32,8,57,0,0,1,0,1,0,17,33,8,58,0,0,0,58
02/04/2005,ABY,GA,ASO,ES,Federal Contract Tower,0,17,30,2,49,0,0,58,2,60,0,17,88,4,109,48,0,48,157
02/05/2005,ABY,GA,ASO,ES,Federal Contract Tower,1,11,18,1,31,0,0,40,2,42,1,11,58,3,73,34,0,34,107
02/06/2005,ABY,GA,ASO,ES,Federal Contract Tower,0,10,19,2,31,0,0,26,0,26,0,10,45,2,57,20,0,20,77
02/07/2005,ABY,GA,ASO,ES,Federal Contract Tower,0,13,28,5,46,0,0,33,13,46,0,13,61,18,92,108,62,170,262
02/08/2005,ABY,GA,ASO,ES,Federal Contract Tower,0,22,28,18,68,0,0,36,1,37,0,22,64,19,105,38,26,64,169
02/09/2005,ABY,GA,ASO,ES,Federal Contract Tower,0,26,20,7,53,0,0,9,0,9,0,26,29,7,62,0,0,0,62
02/10/2005,ABY,GA,ASO,ES,Federal Contract Tower,0,36,27,6,69,0,0,44,0,44,0,36,71,6,113,14,4,18,131
02/11/2005,ABY,GA,ASO,ES,Federal Contract Tower,0,29,15,14,58,0,3,50,8,61,0,32,65,22,119,26,24,50,169
02/12/2005,ABY,GA,ASO,ES,Federal Contract Tower,1,16,30,0,47,0,0,47,10,57,1,16,77,10,104,42,0,42,146
02/13/2005,ABY,GA,ASO,ES,Federal Contract Tower,0,18,18,3,39,0,0,39,0,39,0,18,57,3,78,70,0,70,148
02/14/2005,ABY,GA,ASO,ES,Federal Contract Tower,0,12,20,9,41,0,0,25,1,26,0,12,45,10,67,6,12,18,85
02/15/2005,ABY,GA,ASO,ES,Federal Contract Tower,1,26,28,1,56,0,0,41,5,46,1,26,69,6,102,138,0,138,240
02/16/2005,ABY,GA,ASO,ES,Federal Contract Tower,0,20,30,6,56,0,1,16,2,19,0,21,46,8,75,24,0,24,99
02/17/2005,ABY,GA,ASO,ES,Federal Contract Tower,0,19,38,8,65,0,0,59,12,71,0,19,97,20,136,82,96,178,314
02/18/2005,ABY,GA,ASO,ES,Federal Contract Tower,0,15,13,2,30,0,0,50,9,59,0,15,63,11,89,44,106,150,239
02/19/2005,ABY,GA,ASO,ES,Federal Contract Tower,1,8,35,0,44,0,0,53,0,53,1,8,88,0,97,10,0,10,107
02/20/2005,ABY,GA,ASO,ES,Federal Contract Tower,0,10,9,0,19,0,0,17,0,17,0,10,26,0,36,0,0,0,36
02/21/2005,ABY,GA,ASO,ES,Federal Contract Tower,0,13,27,3,43,0,0,17,1,18,0,13,44,4,61,64,16,80,141
02/22/2005,ABY,GA,ASO,ES,Federal Contract Tower,0,19,33,16,68,0,1,47,7,55,0,20,80,23,123,54,38,92,215
02/23/2005,ABY,GA,ASO,ES,Federal Contract Tower,2,17,36,2,57,0,0,39,6,45,2,17,75,8,102,36,64,100,202
02/24/2005,ABY,GA,ASO,ES,Federal Contract Tower,0,21,32,5,58,0,0,23,1,24,0,21,55,6,82,24,0,24,106
02/25/2005,ABY,GA,ASO,ES,Federal Contract Tower,2,20,28,16,66,0,0,0,17,17,2,20,28,33,83,0,8,8,91
02/26/2005,ABY,GA,ASO,ES,Federal Contract Tower,1,14,17,2,34,1,0,49,0,50,2,14,66,2,84,22,0,22,106
02/27/2005,ABY,GA,ASO,ES,Federal Contract Tower,0,11,8,0,19,0,0,1,0,1,0,11,9,0,20,0,0,0,20
02/28/2005,ABY,GA,ASO,ES,Federal Contract Tower,0,15,20,2,37,0,0,22,0,22,0,15,42,2,59,8,0,8,67
03/01/2005,ABY,GA,ASO,ES,Federal Contract Tower,2,17,20,11,50,0,0,24,16,40,2,17,44,27,90,4,24,28,118
03/02/2005,ABY,GA,ASO,ES,Federal Contract Tower,0,11,21,8,40,0,2,47,6,55,0,13,68,14,95,134,4,138,233
03/03/2005,ABY,GA,ASO,ES,Federal Contract Tower,0,21,17,5,43,0,0,35,0,35,0,21,52,5,78,30,2,32,110
03/04/2005,ABY,GA,ASO,ES,Federal Contract Tower,0,14,22,0,36,0,1,49,0,50,0,15,71,0,86,30,0,30,116
03/05/2005,ABY,GA,ASO,ES,Federal Contract Tower,1,18,9,0,28,0,0,40,0,40,1,18,49,0,68,12,0,12,80
03/06/2005,ABY,GA,ASO,ES,Federal Contract Tower,0,10,22,0,32,0,0,58,0,58,0,10,80,0,90,60,0,60,150
03/07/2005,ABY,GA,ASO,ES,Federal Contract Tower,0,10,14,0,24,0,0,40,0,40,0,10,54,0,64,10,0,10,74
03/08/2005,ABY,GA,ASO,ES,Federal Contract Tower,0,23,20,4,47,0,0,23,0,23,0,23,43,4,70,74,4,78,148
03/09/2005,ABY,GA,ASO,ES,Federal Contract Tower,0,21,17,11,49,0,1,46,10,57,0,22,63,21,106,34,72,106,212
03/10/2005,ABY,GA,ASO,ES,Federal Contract Tower,0,22,20,8,50,0,0,57,7,64,0,22,77,15,114,62,12,74,188
03/11/2005,ABY,GA,ASO,ES,Federal Contract Tower,0,14,21,29,64,0,0,29,1,30,0,14,50,30,94,26,4,30,124
03/12/2005,ABY,GA,ASO,ES,Federal Contract Tower,1,7,13,2,23,0,0,32,0,32,1,7,45,2,55,16,2,18,73
03/13/2005,ABY,GA,ASO,ES,Federal Contract Tower,0,15,11,14,40,0,0,45,0,45,0,15,56,14,85,34,24,58,143
03/14/2005,ABY,GA,ASO,ES,Federal Contract Tower,0,16,13,2,31,0,2,38,0,40,0,18,51,2,71,92,12,104,175
03/15/2005,ABY,GA,ASO,ES,Federal Contract Tower,0,26,19,22,67,0,0,44,0,44,0,26,63,22,111,62,126,188,299
03/16/2005,ABY,GA,ASO,ES,Federal Contract Tower,0,18,12,9,39,0,0,0,0,0,0,18,12,9,39,0,0,0,39
03/17/2005,ABY,GA,ASO,ES,Federal Contract Tower,0,18,18,20,56,0,0,0,2,2,0,18,18,22,58,18,0,18,76
03/18/2005,ABY,GA,ASO,ES,Federal Contract Tower,1,20,34,12,67,0,0,13,2,15,1,20,47,14,82,6,0,6,88
03/19/2005,ABY,GA,ASO,ES,Federal Contract Tower,0,8,18,4,30,0,0,20,0,20,0,8,38,4,50,34,2,36,86
03/20/2005,ABY,GA,ASO,ES,Federal Contract Tower,0,8,16,2,26,0,0,15,2,17,0,8,31,4,43,20,0,20,63
03/21/2005,ABY,GA,ASO,ES,Federal Contract Tower,0,13,31,9,53,0,0,45,0,45,0,13,76,9,98,48,22,70,168
03/22/2005,ABY,GA,ASO,ES,Federal Contract Tower,0,15,11,2,28,0,0,3,0,3,0,15,14,2,31,4,0,4,35
03/23/2005,ABY,GA,ASO,ES,Federal Contract Tower,1,21,12,9,43,0,0,58,21,79,1,21,70,30,122,32,84,116,238
03/24/2005,ABY,GA,ASO,ES,Federal Contract Tower,1,16,28,16,61,0,0,54,3,57,1,16,82,19,118,102,12,114,232
03/25/2005,ABY,GA,ASO,ES,Federal Contract Tower,2,18,20,0,40,0,1,9,0,10,2,19,29,0,50,12,0,12,62
03/26/2005,ABY,GA,ASO,ES,Federal Contract Tower,1,7,13,0,21,0,0,7,0,7,1,7,20,0,28,0,0,0,28
03/27/2005,ABY,GA,ASO,ES,Federal Contract Tower,0,3,3,0,6,0,0,0,0,0,0,3,3,0,6,0,0,0,6
03/28/2005,ABY,GA,ASO,ES,Federal Contract Tower,1,12,32,8,53,0,0,38,2,40,1,12,70,10,93,0,10,10,103
03/29/2005,ABY,GA,ASO,ES,Federal Contract Tower,2,18,22,15,57,0,0,70,0,70,2,18,92,15,127,76,40,116,243
03/30/2005,ABY,GA,ASO,ES,Federal Contract Tower,0,14,27,8,49,0,0,73,12,85,0,14,100,20,134,80,88,168,302
03/31/2005,ABY,GA,ASO,ES,Federal Contract Tower,2,20,18,0,40,0,0,15,0,15,2,20,33,0,55,0,0,0,55
04/01/2005,ABY,GA,ASO,ES,Federal Contract Tower,1,10,2,0,13,0,2,6,0,8,1,12,8,0,21,0,0,0,21
04/02/2005,ABY,GA,ASO,ES,Federal Contract Tower,0,4,13,0,17,0,0,21,0,21,0,4,34,0,38,0,0,0,38
04/03/2005,ABY,GA,ASO,ES,Federal Contract Tower,0,4,18,4,26,0,0,35,0,35,0,4,53,4,61,16,0,16,77
04/04/2005,ABY,GA,ASO,ES,Federal Contract Tower,0,12,15,12,39,0,0,59,3,62,0,12,74,15,101,42,26,68,169
04/05/2005,ABY,GA,ASO,ES,Federal Contract Tower,0,10,17,7,34,0,0,75,9,84,0,10,92,16,118,48,30,78,196
04/06/2005,ABY,GA,ASO,ES,Federal Contract Tower,1,17,10,4,32,0,6,23,4,33,1,23,33,8,65,46,48,94,159
04/07/2005,ABY,GA,ASO,ES,Federal Contract Tower,0,16,7,4,27,0,0,7,5,12,0,16,14,9,39,10,4,14,53
04/08/2005,ABY,GA,ASO,ES,Federal Contract Tower,1,16,12,18,47,0,0,40,0,40,1,16,52,18,87,6,12,18,105
04/09/2005,ABY,GA,ASO,ES,Federal Contract Tower,0,4,7,10,21,0,0,31,0,31,0,4,38,10,52,50,2,52,104
04/10/2005,ABY,GA,ASO,ES,Federal Contract Tower,0,6,8,0,14,0,0,48,2,50,0,6,56,2,64,32,0,32,96
04/11/2005,ABY,GA,ASO,ES,Federal Contract Tower,0,15,19,12,46,0,2,78,16,96,0,17,97,28,142,64,46,110,252
04/12/2005,ABY,GA,ASO,ES,Federal Contract Tower,1,19,18,12,50,0,0,31,0,31,1,19,49,12,81,36,10,46,127
04/13/2005,ABY,GA,ASO,ES,Federal Contract Tower,0,15,20,6,41,0,0,59,10,69,0,15,79,16,110,30,36,66,176
04/14/2005,ABY,GA,ASO,ES,Federal Contract Tower,0,11,39,5,55,0,0,59,0,59,0,11,98,5,114,78,16,94,208
04/15/2005,ABY,GA,ASO,ES,Federal Contract Tower,2,17,20,0,39,0,0,69,0,69,2,17,89,0,108,6,0,6,114
04/16/2005,ABY,GA,ASO,ES,Federal Contract Tower,0,5,11,0,16,0,0,28,0,28,0,5,39,0,44,0,0,0,44
04/17/2005,ABY,GA,ASO,ES,Federal Contract Tower,0,6,14,0,20,0,0,64,0,64,0,6,78,0,84,6,0,6,90
04/18/2005,ABY,GA,ASO,ES,Federal Contract Tower,0,17,13,18,48,0,0,66,5,71,0,17,79,23,119,34,54,88,207
04/19/2005,ABY,GA,ASO,ES,Federal Contract Tower,0,24,23,12,59,0,3,90,17,110,0,27,113,29,169,150,68,218,387
04/20/2005,ABY,GA,ASO,ES,Federal Contract Tower,0,13,27,12,52,0,0,48,0,48,0,13,75,12,100,84,12,96,196
04/21/2005,ABY,GA,ASO,ES,Federal Contract Tower,0,16,16,9,41,0,1,53,3,57,0,17,69,12,98,64,38,102,200
04/22/2005,ABY,GA,ASO,ES,Federal Contract Tower,1,17,22,0,40,0,0,25,0,25,1,17,47,0,65,0,0,0,65
04/23/2005,ABY,GA,ASO,ES,Federal Contract Tower,0,4,6,0,10,0,0,16,0,16,0,4,22,0,26,0,0,0,26
04/24/2005,ABY,GA,ASO,ES,Federal Contract Tower,0,10,14,0,24,0,0,28,0,28,0,10,42,0,52,20,0,20,72
04/25/2005,ABY,GA,ASO,ES,Federal Contract Tower,0,18,21,12,51,0,0,53,4,57,0,18,74,16,108,78,64,142,250
04/26/2005,ABY,GA,ASO,ES,Federal Contract Tower,0,22,17,2,41,0,0,15,0,15,0,22,32,2,56,24,12,36,92
04/27/2005,ABY,GA,ASO,ES,Federal Contract Tower,2,19,15,8,44,0,1,41,0,42,2,20,56,8,86,42,8,50,136
04/28/2005,ABY,GA,ASO,ES,Federal Contract Tower,0,15,21,10,46,0,0,81,3,84,0,15,102,13,130,52,22,74,204
04/29/2005,ABY,GA,ASO,ES,Federal Contract Tower,2,20,14,27,63,0,0,43,2,45,2,20,57,29,108,36,16,52,160
04/30/2005,ABY,GA,ASO,ES,Federal Contract Tower,0,2,0,0,2,0,0,0,0,0,0,2,0,0,2,0,0,0,2
05/01/2005,ABY,GA,ASO,ES,Federal Contract Tower,0,6,10,0,16,0,0,34,0,34,0,6,44,0,50,2,0,2,52
05/02/2005,ABY,GA,ASO,ES,Federal Contract Tower,0,16,16,15,47,0,1,56,6,63,0,17,72,21,110,0,18,18,128
05/03/2005,ABY,GA,ASO,ES,Federal Contract Tower,0,19,27,2,48,0,2,88,6,96,0,21,115,8,144,268,0,268,412
05/04/2005,ABY,GA,ASO,ES,Federal Contract Tower,0,26,23,20,69,0,0,64,6,70,0,26,87,26,139,56,98,154,293
05/05/2005,ABY,GA,ASO,ES,Federal Contract Tower,0,22,13,15,50,0,0,28,12,40,0,22,41,27,90,114,120,234,324
05/06/2005,ABY,GA,ASO,ES,Federal Contract Tower,2,21,13,21,57,0,1,42,17,60,2,22,55,38,117,132,14,146,263
05/07/2005,ABY,GA,ASO,ES,Federal Contract Tower,0,5,6,0,11,0,0,33,4,37,0,5,39,4,48,12,0,12,60
05/08/2005,ABY,GA,ASO,ES,Federal Contract Tower,2,6,13,12,33,0,0,33,0,33,2,6,46,12,66,6,6,12,78
05/09/2005,ABY,GA,ASO,ES,Federal Contract Tower,0,18,10,4,32,0,0,62,14,76,0,18,72,18,108,32,114,146,254
05/10/2005,ABY,GA,ASO,ES,Federal Contract Tower,4,23,18,2,47,0,0,36,5,41,4,23,54,7,88,230,22,252,340
05/11/2005,ABY,GA,ASO,ES,Federal Contract Tower,1,21,27,19,68,0,2,58,15,75,1,23,85,34,143,332,50,382,525
05/12/2005,ABY,GA,ASO,ES,Federal Contract Tower,1,23,15,10,49,0,0,80,5,85,1,23,95,15,134,13,54,67,201
05/13/2005,ABY,GA,ASO,ES,Federal Contract Tower,1,23,11,4,39,0,0,46,0,46,1,23,57,4,85,38,0,38,123
05/14/2005,ABY,GA,ASO,ES,Federal Contract Tower,0,5,6,0,11,0,0,26,0,26,0,5,32,0,37,2,0,2,39
05/15/2005,ABY,GA,ASO,ES,Federal Contract Tower,0,6,5,2,13,0,0,13,4,17,0,6,18,6,30,0,0,0,30
05/16/2005,ABY,GA,ASO,ES,Federal Contract Tower,0,15,15,4,34,0,0,65,0,65,0,15,80,4,99,10,0,10,109
05/17/2005,ABY,GA,ASO,ES,Federal Contract Tower,0,22,14,6,42,0,0,56,8,64,0,22,70,14,106,146,32,178,284
05/18/2005,ABY,GA,ASO,ES,Federal Contract Tower,0,17,26,11,54,0,1,49,2,52,0,18,75,13,106,32,52,84,190
05/19/2005,ABY,GA,ASO,ES,Federal Contract Tower,1,19,18,15,53,0,0,42,19,61,1,19,60,34,114,18,108,126,240
05/20/2005,ABY,GA,ASO,ES,Federal Contract Tower,1,27,7,12,47,0,1,17,0,18,1,28,24,12,65,32,0,32,97
05/21/2005,ABY,GA,ASO,ES,Federal Contract Tower,0,6,5,0,11,0,0,11,0,11,0,6,16,0,22,20,0,20,42
05/22/2005,ABY,GA,ASO,ES,Federal Contract Tower,0,6,9,2,17,0,0,46,0,46,0,6,55,2,63,22,8,30,93
05/23/2005,ABY,GA,ASO,ES,Federal Contract Tower,0,17,21,1,39,0,0,32,2,34,0,17,53,3,73,34,2,36,109
05/24/2005,ABY,GA,ASO,ES,Federal Contract Tower,0,17,31,14,62,0,0,45,7,52,0,17,76,21,114,0,124,124,238
05/25/2005,ABY,GA,ASO,ES,Federal Contract Tower,0,19,19,18,56,0,0,54,4,58,0,19,73,22,114,6,24,30,144
05/26/2005,ABY,GA,ASO,ES,Federal Contract Tower,0,13,25,2,40,0,0,53,2,55,0,13,78,4,95,100,2,102,197
05/27/2005,ABY,GA,ASO,ES,Federal Contract Tower,1,19,15,0,35,0,4,35,4,43,1,23,50,4,78,60,0,60,138
05/28/2005,ABY,GA,ASO,ES,Federal Contract Tower,1,7,8,0,16,0,1,37,8,46,1,8,45,8,62,140,0,140,202
05/29/2005,ABY,GA,ASO,ES,Federal Contract Tower,0,6,14,0,20,0,0,15,0,15,0,6,29,0,35,2,0,2,37
05/30/2005,ABY,GA,ASO,ES,Federal Contract Tower,0,7,6,0,13,0,0,27,0,27,0,7,33,0,40,20,0,20,60
05/31/2005,ABY,GA,ASO,ES,Federal Contract Tower,0,22,8,10,40,0,0,26,0,26,0,22,34,10,66,0,36,36,102
06/01/2005,ABY,GA,ASO,ES,Federal Contract Tower,1,17,9,12,39,0,0,7,0,7,1,17,16,12,46,0,12,12,58
06/02/2005,ABY,GA,ASO,ES,Federal Contract Tower,0,23,12,15,50,0,0,34,1,35,0,23,46,16,85,44,12,56,141
06/03/2005,ABY,GA,ASO,ES,Federal Contract Tower,2,20,16,4,42,0,0,11,0,11,2,20,27,4,53,0,0,0,53
06/04/2005,ABY,GA,ASO,ES,Federal Contract Tower,0,5,10,0,15,0,0,11,0,11,0,5,21,0,26,4,0,4,30
06/05/2005,ABY,GA,ASO,ES,Federal Contract Tower,0,11,5,4,20,0,0,19,0,19,0,11,24,4,39,26,0,26,65
06/06/2005,ABY,GA,ASO,ES,Federal Contract Tower,0,20,9,0,29,0,2,43,4,49,0,22,52,4,78,94,4,98,176
06/07/2005,ABY,GA,ASO,ES,Federal Contract Tower,1,20,22,4,47,0,0,57,11,68,1,20,79,15,115,102,29,131,246
06/08/2005,ABY,GA,ASO,ES,Federal Contract Tower,0,22,11,6,39,0,0,40,11,51,0,22,51,17,90,62,38,100,190
06/09/2005,ABY,GA,ASO,ES,Federal Contract Tower,0,16,18,16,50,0,0,41,0,41,0,16,59,16,91,84,22,106,197
06/10/2005,ABY,GA,ASO,ES,Federal Contract Tower,1,20,20,4,45,0,0,3,0,3,1,20,23,4,48,0,2,2,50
06/11/2005,ABY,GA,ASO,ES,Federal Contract Tower,0,6,4,0,10,0,0,0,0,0,0,6,4,0,10,0,0,0,10
06/12/2005,ABY,GA,ASO,ES,Federal Contract Tower,0,6,7,2,15,0,1,7,0,8,0,7,14,2,23,0,2,2,25
06/13/2005,ABY,GA,ASO,ES,Federal Contract Tower,0,14,14,10,38,0,0,30,2,32,0,14,44,12,70,56,6,62,132
06/14/2005,ABY,GA,ASO,ES,Federal Contract Tower,0,25,29,18,72,0,1,52,3,56,0,26,81,21,128,142,42,184,312
06/15/2005,ABY,GA,ASO,ES,Federal Contract Tower,0,19,18,10,47,0,0,41,3,44,0,19,59,13,91,42,76,118,209
06/16/2005,ABY,GA,ASO,ES,Federal Contract Tower,0,18,24,27,69,0,0,68,17,85,0,18,92,44,154,118,112,230,384
06/17/2005,ABY,GA,ASO,ES,Federal Contract Tower,1,20,13,11,45,0,0,44,6,50,1,20,57,17,95,180,16,196,291
06/18/2005,ABY,GA,ASO,ES,Federal Contract Tower,0,6,6,0,12,0,0,31,4,35,0,6,37,4,47,20,0,20,67
06/19/2005,ABY,GA,ASO,ES,Federal Contract Tower,0,4,10,10,24,0,0,31,0,31,0,4,41,10,55,64,8,72,127
06/20/2005,ABY,GA,ASO,ES,Federal Contract Tower,0,20,6,8,34,0,0,27,7,34,0,20,33,15,68,22,52,74,142
06/21/2005,ABY,GA,ASO,ES,Federal Contract Tower,0,19,22,12,53,0,0,33,2,35,0,19,55,14,88,32,10,42,130
06/22/2005,ABY,GA,ASO,ES,Federal Contract Tower,0,20,16,20,56,0,0,39,0,39,0,20,55,20,95,34,22,56,151
06/23/2005,ABY,GA,ASO,ES,Federal Contract Tower,2,20,15,26,63,0,0,43,0,43,2,20,58,26,106,52,24,76,182
06/24/2005,ABY,GA,ASO,ES,Federal Contract Tower,1,21,20,16,58,0,0,45,4,49,1,21,65,20,107,70,42,112,219
06/25/2005,ABY,GA,ASO,ES,Federal Contract Tower,2,7,8,0,17,0,0,28,0,28,2,7,36,0,45,0,0,0,45
06/26/2005,ABY,GA,ASO,ES,Federal Contract Tower,0,7,10,2,19,0,0,26,2,28,0,7,36,4,47,0,0,0,47
06/27/2005,ABY,GA,ASO,ES,Federal Contract Tower,0,26,15,8,49,0,0,25,3,28,0,26,40,11,77,8,12,20,97
06/28/2005,ABY,GA,ASO,ES,Federal Contract Tower,1,21,15,12,49,0,0,2,0,2,1,21,17,12,51,0,0,0,51
06/29/2005,ABY,GA,ASO,ES,Federal Contract Tower,1,27,17,26,71,0,0,15,5,20,1,27,32,31,91,12,76,88,179
06/30/2005,ABY,GA,ASO,ES,Federal Contract Tower,1,22,11,19,53,0,1,28,2,31,1,23,39,21,84,8,16,24,108
07/01/2005,ABY,GA,ASO,ES,Federal Contract Tower,2,22,14,17,55,0,0,36,4,40,2,22,50,21,95,30,76,106,201
07/02/2005,ABY,GA,ASO,ES,Federal Contract Tower,0,6,7,0,13,0,0,29,0,29,0,6,36,0,42,58,0,58,100
07/03/2005,ABY,GA,ASO,ES,Federal Contract Tower,0,6,3,0,9,0,0,30,0,30,0,6,33,0,39,58,0,58,97
07/04/2005,ABY,GA,ASO,ES,Federal Contract Tower,0,7,4,0,11,0,0,16,0,16,0,7,20,0,27,66,0,66,93
07/05/2005,ABY,GA,ASO,ES,Federal Contract Tower,0,16,12,8,36,0,1,44,4,49,0,17,56,12,85,44,38,82,167
07/06/2005,ABY,GA,ASO,ES,Federal Contract Tower,3,18,7,18,46,0,0,24,0,24,3,18,31,18,70,44,18,62,132
07/07/2005,ABY,GA,ASO,ES,Federal Contract Tower,1,26,2,10,39,0,0,42,0,42,1,26,44,10,81,52,30,82,163
07/08/2005,ABY,GA,ASO,ES,Federal Contract Tower,1,21,11,29,62,0,1,55,32,88,1,22,66,61,150,22,82,104,254
07/09/2005,ABY,GA,ASO,ES,Federal Contract Tower,0,5,4,0,9,0,0,33,0,33,0,5,37,0,42,44,0,44,86
07/10/2005,ABY,GA,ASO,ES,Federal Contract Tower,0,0,0,0,0,0,0,2,0,2,0,0,2,0,2,0,0,0,2
07/11/2005,ABY,GA,ASO,ES,Federal Contract Tower,1,12,7,0,20,0,1,13,0,14,1,13,20,0,34,10,0,10,44
07/12/2005,ABY,GA,ASO,ES,Federal Contract Tower,1,20,10,10,41,0,3,47,41,91,1,23,57,51,132,122,108,230,362
07/13/2005,ABY,GA,ASO,ES,Federal Contract Tower,1,20,10,0,31,0,0,24,1,25,1,20,34,1,56,58,0,58,114
07/14/2005,ABY,GA,ASO,ES,Federal Contract Tower,1,23,19,4,47,0,0,33,0,33,1,23,52,4,80,82,0,82,162
07/15/2005,ABY,GA,ASO,ES,Federal Contract Tower,2,19,10,2,33,0,0,28,0,28,2,19,38,2,61,54,0,54,115
07/16/2005,ABY,GA,ASO,ES,Federal Contract Tower,0,6,6,0,12,0,0,47,2,49,0,6,53,2,61,70,0,70,131
07/17/2005,ABY,GA,ASO,ES,Federal Contract Tower,0,12,5,2,19,0,0,46,0,46,0,12,51,2,65,90,2,92,157
07/18/2005,ABY,GA,ASO,ES,Federal Contract Tower,0,18,1,6,25,0,1,24,0,25,0,19,25,6,50,42,6,48,98
07/19/2005,ABY,GA,ASO,ES,Federal Contract Tower,2,17,11,4,34,0,0,37,0,37,2,17,48,4,71,504,0,504,575
07/20/2005,ABY,GA,ASO,ES,Federal Contract Tower,1,19,17,0,37,0,2,44,10,56,1,21,61,10,93,132,0,132,225
07/21/2005,ABY,GA,ASO,ES,Federal Contract Tower,0,30,15,10,55,0,0,48,74,122,0,30,63,84,177,92,16,108,285
07/22/2005,ABY,GA,ASO,ES,Federal Contract Tower,2,16,10,0,28,0,5,48,0,53,2,21,58,0,81,88,0,88,169
07/23/2005,ABY,GA,ASO,ES,Federal Contract Tower,0,10,7,2,19,0,0,47,0,47,0,10,54,2,66,88,2,90,156
07/24/2005,ABY,GA,ASO,ES,Federal Contract Tower,0,6,6,0,12,0,0,43,0,43,0,6,49,0,55,42,0,42,97
07/25/2005,ABY,GA,ASO,ES,Federal Contract Tower,0,16,10,14,40,0,0,23,4,27,0,16,33,18,67,58,26,84,151
07/26/2005,ABY,GA,ASO,ES,Federal Contract Tower,0,18,16,3,37,0,0,27,0,27,0,18,43,3,64,78,20,98,162
07/27/2005,ABY,GA,ASO,ES,Federal Contract Tower,0,18,18,13,49,0,0,32,3,35,0,18,50,16,84,92,24,116,200
07/28/2005,ABY,GA,ASO,ES,Federal Contract Tower,0,19,20,7,46,0,0,43,8,51,0,19,63,15,97,28,14,42,139
07/29/2005,ABY,GA,ASO,ES,Federal Contract Tower,1,19,17,8,45,0,1,58,18,77,1,20,75,26,122,106,80,186,308
07/30/2005,ABY,GA,ASO,ES,Federal Contract Tower,0,9,5,4,18,0,0,33,2,35,0,9,38,6,53,72,2,74,127
07/31/2005,ABY,GA,ASO,ES,Federal Contract Tower,0,4,5,0,9,0,0,19,0,19,0,4,24,0,28,60,0,60,88
08/01/2005,ABY,GA,ASO,ES,Federal Contract Tower,0,19,13,2,34,0,0,8,10,18,0,19,21,12,52,14,2,16,68
08/02/2005,ABY,GA,ASO,ES,Federal Contract Tower,1,24,11,10,46,0,0,16,2,18,1,24,27,12,64,32,0,32,96
08/03/2005,ABY,GA,ASO,ES,Federal Contract Tower,2,19,21,4,46,0,1,36,2,39,2,20,57,6,85,48,2,50,135
08/04/2005,ABY,GA,ASO,ES,Federal Contract Tower,1,25,19,1,46,0,1,48,4,53,1,26,67,5,99,78,0,78,177
08/05/2005,ABY,GA,ASO,ES,Federal Contract Tower,2,22,11,6,41,0,0,41,8,49,2,22,52,14,90,46,64,110,200
08/06/2005,ABY,GA,ASO,ES,Federal Contract Tower,0,8,4,2,14,0,0,17,0,17,0,8,21,2,31,54,0,54,85
08/07/2005,ABY,GA,ASO,ES,Federal Contract Tower,0,6,5,2,13,0,0,19,0,19,0,6,24,2,32,20,0,20,52
08/08/2005,ABY,GA,ASO,ES,Federal Contract Tower,0,14,16,14,44,0,0,30,2,32,0,14,46,16,76,178,8,186,262
08/09/2005,ABY,GA,ASO,ES,Federal Contract Tower,1,15,19,4,39,0,5,30,0,35,1,20,49,4,74,58,8,66,140
08/10/2005,ABY,GA,ASO,ES,Federal Contract Tower,0,18,18,0,36,0,1,33,0,34,0,19,51,0,70,62,0,62,132
08/11/2005,ABY,GA,ASO,ES,Federal Contract Tower,0,17,18,20,55,0,2,25,6,33,0,19,43,26,88,80,0,80,168
08/12/2005,ABY,GA,ASO,ES,Federal Contract Tower,1,22,19,5,47,0,1,69,13,83,1,23,88,18,130,228,54,282,412
08/13/2005,ABY,GA,ASO,ES,Federal Contract Tower,0,7,3,2,12,0,1,46,3,50,0,8,49,5,62,44,0,44,106
08/14/2005,ABY,GA,ASO,ES,Federal Contract Tower,0,5,12,12,29,0,0,31,0,31,0,5,43,12,60,84,16,100,160
08/15/2005,ABY,GA,ASO,ES,Federal Contract Tower,0,12,14,6,32,0,1,37,4,42,0,13,51,10,74,38,24,62,136
08/16/2005,ABY,GA,ASO,ES,Federal Contract Tower,3,17,11,8,39,0,0,23,0,23,3,17,34,8,62,62,0,62,124
08/17/2005,ABY,GA,ASO,ES,Federal Contract Tower,1,15,17,9,42,0,2,24,4,30,1,17,41,13,72,62,67,129,201
08/18/2005,ABY,GA,ASO,ES,Federal Contract Tower,0,19,17,16,52,0,0,35,8,43,0,19,52,24,95,46,88,134,229
08/19/2005,ABY,GA,ASO,ES,Federal Contract Tower,2,15,15,0,32,0,0,43,2,45,2,15,58,2,77,56,24,80,157
08/20/2005,ABY,GA,ASO,ES,Federal Contract Tower,0,7,6,5,18,0,0,39,0,39,0,7,45,5,57,24,12,36,93
08/21/2005,ABY,GA,ASO,ES,Federal Contract Tower,0,6,7,5,18,0,0,25,0,25,0,6,32,5,43,18,0,18,61
08/22/2005,ABY,GA,ASO,ES,Federal Contract Tower,0,13,12,0,25,0,0,36,2,38,0,13,48,2,63,32,40,72,135
08/23/2005,ABY,GA,ASO,ES,Federal Contract Tower,0,10,24,18,52,0,0,19,1,20,0,10,43,19,72,10,32,42,114
08/24/2005,ABY,GA,ASO,ES,Federal Contract Tower,0,18,14,12,44,0,2,39,12,53,0,20,53,24,97,100,76,176,273
08/25/2005,ABY,GA,ASO,ES,Federal Contract Tower,0,22,21,6,49,0,3,27,0,30,0,25,48,6,79,14,16,30,109
08/26/2005,ABY,GA,ASO,ES,Federal Contract Tower,2,18,14,4,38,0,1,35,0,36,2,19,49,4,74,54,0,54,128
08/27/2005,ABY,GA,ASO,ES,Federal Contract Tower,0,5,7,2,14,0,0,37,0,37,0,5,44,2,51,68,2,70,121
08/28/2005,ABY,GA,ASO,ES,Federal Contract Tower,0,6,6,2,14,0,0,26,0,26,0,6,32,2,40,10,4,14,54
08/29/2005,ABY,GA,ASO,ES,Federal Contract Tower,1,10,6,13,30,0,0,25,6,31,1,10,31,19,61,0,74,74,135
08/30/2005,ABY,GA,ASO,ES,Federal Contract Tower,0,15,12,13,40,0,0,6,1,7,0,15,18,14,47,60,46,106,153
08/31/2005,ABY,GA,ASO,ES,Federal Contract Tower,3,20,14,6,43,0,3,0,1,4,3,23,14,7,47,0,4,4,51
09/01/2005,ABY,GA,ASO,ES,Federal Contract Tower,1,19,30,7,57,0,2,61,13,76,1,21,91,20,133,28,30,58,191
09/02/2005,ABY,GA,ASO,ES,Federal Contract Tower,2,20,24,18,64,0,1,57,11,69,2,21,81,29,133,50,20,70,203
09/03/2005,ABY,GA,ASO,ES,Federal Contract Tower,0,9,4,0,13,0,0,41,0,41,0,9,45,0,54,58,0,58,112
09/04/2005,ABY,GA,ASO,ES,Federal Contract Tower,0,8,4,0,12,0,0,34,0,34,0,8,38,0,46,28,0,28,74
09/05/2005,ABY,GA,ASO,ES,Federal Contract Tower,0,9,7,0,16,0,0,26,0,26,0,9,33,0,42,34,0,34,76
09/06/2005,ABY,GA,ASO,ES,Federal Contract Tower,0,16,16,15,47,0,0,53,13,66,0,16,69,28,113,96,16,112,225
09/07/2005,ABY,GA,ASO,ES,Federal Contract Tower,1,17,17,22,57,0,0,30,4,34,1,17,47,26,91,12,14,26,117
09/08/2005,ABY,GA,ASO,ES,Federal Contract Tower,0,19,11,16,46,0,1,44,2,47,0,20,55,18,93,38,8,46,139
09/09/2005,ABY,GA,ASO,ES,Federal Contract Tower,3,16,15,4,38,0,2,64,0,66,3,18,79,4,104,100,0,100,204
09/10/2005,ABY,GA,ASO,ES,Federal Contract Tower,0,8,4,2,14,0,0,48,0,48,0,8,52,2,62,40,2,42,104
09/11/2005,ABY,GA,ASO,ES,Federal Contract Tower,0,6,13,4,23,0,0,39,0,39,0,6,52,4,62,22,4,26,88
09/12/2005,ABY,GA,ASO,ES,Federal Contract Tower,0,16,4,6,26,0,1,40,2,43,0,17,44,8,69,106,66,172,241
09/13/2005,ABY,GA,ASO,ES,Federal Contract Tower,1,18,14,5,38,0,4,44,3,51,1,22,58,8,89,56,2,58,147
09/14/2005,ABY,GA,ASO,ES,Federal Contract Tower,1,15,13,3,32,0,0,43,0,43,1,15,56,3,75,44,10,54,129
09/15/2005,ABY,GA,ASO,ES,Federal Contract Tower,1,16,12,4,33,0,0,52,3,55,1,16,64,7,88,10,34,44,132
09/16/2005,ABY,GA,ASO,ES,Federal Contract Tower,1,23,5,8,37,0,1,41,4,46,1,24,46,12,83,84,16,100,183
09/17/2005,ABY,GA,ASO,ES,Federal Contract Tower,0,10,10,0,20,0,0,46,0,46,0,10,56,0,66,44,0,44,110
09/18/2005,ABY,GA,ASO,ES,Federal Contract Tower,0,6,12,9,27,0,0,39,0,39,0,6,51,9,66,2,4,6,72
09/19/2005,ABY,GA,ASO,ES,Federal Contract Tower,0,13,11,6,30,0,2,33,13,48,0,15,44,19,78,0,104,104,182
09/20/2005,ABY,GA,ASO,ES,Federal Contract Tower,1,15,15,8,39,0,1,28,6,35,1,16,43,14,74,48,74,122,196
09/21/2005,ABY,GA,ASO,ES,Federal Contract Tower,1,21,25,8,55,0,1,23,0,24,1,22,48,8,79,0,8,8,87
09/22/2005,ABY,GA,ASO,ES,Federal Contract Tower,1,20,14,16,51,0,1,33,2,36,1,21,47,18,87,160,8,168,255
09/23/2005,ABY,GA,ASO,ES,Federal Contract Tower,1,25,7,0,33,0,0,27,2,29,1,25,34,2,62,86,44,130,192
09/24/2005,ABY,GA,ASO,ES,Federal Contract Tower,0,9,17,0,26,0,0,41,4,45,0,9,58,4,71,118,0,118,189
09/25/2005,ABY,GA,ASO,ES,Federal Contract Tower,0,6,9,0,15,0,0,38,0,38,0,6,47,0,53,58,0,58,111
09/26/2005,ABY,GA,ASO,ES,Federal Contract Tower,0,20,14,5,39,0,6,31,6,43,0,26,45,11,82,78,46,124,206
09/27/2005,ABY,GA,ASO,ES,Federal Contract Tower,2,22,21,0,45,0,0,21,4,25,2,22,42,4,70,58,4,62,132
09/28/2005,ABY,GA,ASO,ES,Federal Contract Tower,2,17,24,0,43,0,2,31,8,41,2,19,55,8,84,56,6,62,146
09/29/2005,ABY,GA,ASO,ES,Federal Contract Tower,3,22,20,1,46,0,0,51,8,59,3,22,71,9,105,72,68,140,245
09/30/2005,ABY,GA,ASO,ES,Federal Contract Tower,1,18,5,9,33,0,2,48,4,54,1,20,53,13,87,88,30,118,205
10/01/2005,ABY,GA,ASO,ES,Federal Contract Tower,0,8,9,0,17,0,0,33,0,33,0,8,42,0,50,48,0,48,98
10/02/2005,ABY,GA,ASO,ES,Federal Contract Tower,0,9,10,0,19,0,0,20,0,20,0,9,30,0,39,38,0,38,77
10/03/2005,ABY,GA,ASO,ES,Federal Contract Tower,0,13,15,6,34,0,0,29,0,29,0,13,44,6,63,20,4,24,87
10/04/2005,ABY,GA,ASO,ES,Federal Contract Tower,1,16,14,9,40,0,2,26,3,31,1,18,40,12,71,10,14,24,95
10/05/2005,ABY,GA,ASO,ES,Federal Contract Tower,1,20,23,0,44,0,0,8,0,8,1,20,31,0,52,32,0,32,84
10/06/2005,ABY,GA,ASO,ES,Federal Contract Tower,0,25,15,14,54,0,1,14,0,15,0,26,29,14,69,0,20,20,89
10/07/2005,ABY,GA,ASO,ES,Federal Contract Tower,0,17,15,5,37,0,0,11,0,11,0,17,26,5,48,36,0,36,84
10/08/2005,ABY,GA,ASO,ES,Federal Contract Tower,1,10,15,4,30,0,1,13,0,14,1,11,28,4,44,22,4,26,70
10/09/2005,ABY,GA,ASO,ES,Federal Contract Tower,0,6,16,1,23,0,0,18,0,18,0,6,34,1,41,54,0,54,95
10/10/2005,ABY,GA,ASO,ES,Federal Contract Tower,0,13,14,0,27,0,0,20,0,20,0,13,34,0,47,58,0,58,105
10/11/2005,ABY,GA,ASO,ES,Federal Contract Tower,1,23,25,12,61,0,2,37,0,39,1,25,62,12,100,74,16,90,190
10/12/2005,ABY,GA,ASO,ES,Federal Contract Tower,1,16,23,18,58,0,2,20,0,22,1,18,43,18,80,60,18,78,158
10/13/2005,ABY,GA,ASO,ES,Federal Contract Tower,2,17,21,9,49,0,2,45,3,50,2,19,66,12,99,52,46,98,197
10/14/2005,ABY,GA,ASO,ES,Federal Contract Tower,2,18,15,8,43,0,2,44,22,68,2,20,59,30,111,163,50,213,324
10/15/2005,ABY,GA,ASO,ES,Federal Contract Tower,0,7,4,6,17,0,0,43,0,43,0,7,47,6,60,50,40,90,150
10/16/2005,ABY,GA,ASO,ES,Federal Contract Tower,0,8,9,0,17,0,0,35,0,35,0,8,44,0,52,24,0,24,76
10/17/2005,ABY,GA,ASO,ES,Federal Contract Tower,0,13,9,10,32,0,1,55,11,67,0,14,64,21,99,132,92,224,323
10/18/2005,ABY,GA,ASO,ES,Federal Contract Tower,0,22,18,10,50,0,4,44,1,49,0,26,62,11,99,10,6,16,115
10/19/2005,ABY,GA,ASO,ES,Federal Contract Tower,0,17,13,0,30,0,3,36,2,41,0,20,49,2,71,22,16,38,109
10/20/2005,ABY,GA,ASO,ES,Federal Contract Tower,1,18,24,13,56,0,5,78,7,90,1,23,102,20,146,110,66,176,322
10/21/2005,ABY,GA,ASO,ES,Federal Contract Tower,1,28,14,6,49,0,3,27,2,32,1,31,41,8,81,58,38,96,177
10/22/2005,ABY,GA,ASO,ES,Federal Contract Tower,0,9,14,0,23,0,0,36,0,36,0,9,50,0,59,62,0,62,121
10/23/2005,ABY,GA,ASO,ES,Federal Contract Tower,0,9,14,4,27,0,0,27,0,27,0,9,41,4,54,18,12,30,84
10/24/2005,ABY,GA,ASO,ES,Federal Contract Tower,0,19,2,8,29,0,3,22,0,25,0,22,24,8,54,0,0,0,54
10/25/2005,ABY,GA,ASO,ES,Federal Contract Tower,1,18,23,10,52,0,2,45,1,48,1,20,68,11,100,42,18,60,160
10/26/2005,ABY,GA,ASO,ES,Federal Contract Tower,1,19,32,19,71,0,5,61,53,119,1,24,93,72,190,166,64,230,420
10/27/2005,ABY,GA,ASO,ES,Federal Contract Tower,1,16,13,16,46,0,2,47,17,66,1,18,60,33,112,140,52,192,304
10/28/2005,ABY,GA,ASO,ES,Federal Contract Tower,1,20,15,12,48,0,3,68,20,91,1,23,83,32,139,160,12,172,311
10/29/2005,ABY,GA,ASO,ES,Federal Contract Tower,0,10,4,0,14,0,0,46,0,46,0,10,50,0,60,40,0,40,100
10/30/2005,ABY,GA,ASO,ES,Federal Contract Tower,0,6,10,0,16,0,0,39,0,39,0,6,49,0,55,48,0,48,103
10/31/2005,ABY,GA,ASO,ES,Federal Contract Tower,0,30,10,14,54,0,0,63,11,74,0,30,73,25,128,64,66,130,258
11/01/2005,ABY,GA,ASO,ES,Federal Contract Tower,1,25,14,14,54,0,0,32,0,32,1,25,46,14,86,26,16,42,128
11/02/2005,ABY,GA,ASO,ES,Federal Contract Tower,0,22,12,12,46,0,0,56,0,56,0,22,68,12,102,34,12,46,148
11/03/2005,ABY,GA,ASO,ES,Federal Contract Tower,0,23,29,6,58,0,0,51,0,51,0,23,80,6,109,100,2,102,211
11/04/2005,ABY,GA,ASO,ES,Federal Contract Tower,1,27,18,12,58,0,1,56,9,66,1,28,74,21,124,114,110,224,348
11/05/2005,ABY,GA,ASO,ES,Federal Contract Tower,0,9,17,0,26,0,0,45,0,45,0,9,62,0,71,28,0,28,99
11/06/2005,ABY,GA,ASO,ES,Federal Contract Tower,0,8,13,8,29,0,0,30,0,30,0,8,43,8,59,4,22,26,85
11/07/2005,ABY,GA,ASO,ES,Federal Contract Tower,0,15,15,16,46,0,0,30,0,30,0,15,45,16,76,28,18,46,122
11/08/2005,ABY,GA,ASO,ES,Federal Contract Tower,3,20,27,19,69,0,4,50,14,68,3,24,77,33,137,112,28,140,277
11/09/2005,ABY,GA,ASO,ES,Federal Contract Tower,1,24,24,15,64,0,2,27,10,39,1,26,51,25,103,46,36,82,185
11/10/2005,ABY,GA,ASO,ES,Federal Contract Tower,1,22,32,5,60,0,2,58,12,72,1,24,90,17,132,106,80,186,318
11/11/2005,ABY,GA,ASO,ES,Federal Contract Tower,3,24,23,6,56,0,1,45,0,46,3,25,68,6,102,62,0,62,164
11/12/2005,ABY,GA,ASO,ES,Federal Contract Tower,2,8,20,0,30,1,1,40,0,42,3,9,60,0,72,50,0,50,122
11/13/2005,ABY,GA,ASO,ES,Federal Contract Tower,0,16,22,0,38,0,1,30,0,31,0,17,52,0,69,36,0,36,105
11/14/2005,ABY,GA,ASO,ES,Federal Contract Tower,0,19,24,10,53,0,1,45,7,53,0,20,69,17,106,28,106,134,240
11/15/2005,ABY,GA,ASO,ES,Federal Contract Tower,2,25,18,10,55,0,0,20,6,26,2,25,38,16,81,12,30,42,123
11/16/2005,ABY,GA,ASO,ES,Federal Contract Tower,2,26,19,8,55,0,0,7,0,7,2,26,26,8,62,0,8,8,70
11/17/2005,ABY,GA,ASO,ES,Federal Contract Tower,1,19,33,8,61,0,3,43,1,47,1,22,76,9,108,90,6,96,204
11/18/2005,ABY,GA,ASO,ES,Federal Contract Tower,1,22,25,0,48,0,2,38,0,40,1,24,63,0,88,52,0,52,140
11/19/2005,ABY,GA,ASO,ES,Federal Contract Tower,0,12,22,0,34,0,0,42,0,42,0,12,64,0,76,20,0,20,96
11/20/2005,ABY,GA,ASO,ES,Federal Contract Tower,0,8,29,0,37,0,0,22,0,22,0,8,51,0,59,54,0,54,113
11/21/2005,ABY,GA,ASO,ES,Federal Contract Tower,0,16,17,6,39,0,0,2,0,2,0,16,19,6,41,0,0,0,41
11/22/2005,ABY,GA,ASO,ES,Federal Contract Tower,1,21,29,17,68,0,1,41,17,59,1,22,70,34,127,24,74,98,225
11/23/2005,ABY,GA,ASO,ES,Federal Contract Tower,4,23,26,16,69,0,3,39,1,43,4,26,65,17,112,40,14,54,166
11/24/2005,ABY,GA,ASO,ES,Federal Contract Tower,2,6,6,0,14,0,0,11,0,11,2,6,17,0,25,0,0,0,25
11/25/2005,ABY,GA,ASO,ES,Federal Contract Tower,2,25,16,0,43,0,4,31,0,35,2,29,47,0,78,40,0,40,118
11/26/2005,ABY,GA,ASO,ES,Federal Contract Tower,0,7,19,0,26,0,0,30,0,30,0,7,49,0,56,18,0,18,74
11/27/2005,ABY,GA,ASO,ES,Federal Contract Tower,0,17,21,0,38,0,0,18,0,18,0,17,39,0,56,12,0,12,68
11/28/2005,ABY,GA,ASO,ES,Federal Contract Tower,0,22,12,14,48,0,0,17,0,17,0,22,29,14,65,18,32,50,115
11/29/2005,ABY,GA,ASO,ES,Federal Contract Tower,1,28,17,4,50,0,5,46,8,59,1,33,63,12,109,168,14,182,291
11/30/2005,ABY,GA,ASO,ES,Federal Contract Tower,1,28,21,8,58,0,2,40,0,42,1,30,61,8,100,24,8,32,132
12/01/2005,ABY,GA,ASO,ES,Federal Contract Tower,1,27,16,17,61,0,0,35,6,41,1,27,51,23,102,60,4,64,166
12/02/2005,ABY,GA,ASO,ES,Federal Contract Tower,1,34,15,4,54,0,1,27,5,33,1,35,42,9,87,32,18,50,137
12/03/2005,ABY,GA,ASO,ES,Federal Contract Tower,0,22,12,0,34,0,0,39,0,39,0,22,51,0,73,52,0,52,125
12/04/2005,ABY,GA,ASO,ES,Federal Contract Tower,0,9,23,6,38,0,0,29,0,29,0,9,52,6,67,40,0,40,107
12/05/2005,ABY,GA,ASO,ES,Federal Contract Tower,0,22,21,7,50,0,0,0,1,1,0,22,21,8,51,12,0,12,63
12/06/2005,ABY,GA,ASO,ES,Federal Contract Tower,2,23,19,19,63,0,2,38,10,50,2,25,57,29,113,46,26,72,185
12/07/2005,ABY,GA,ASO,ES,Federal Contract Tower,2,29,35,20,86,0,0,35,40,75,2,29,70,60,161,12,104,116,277
12/08/2005,ABY,GA,ASO,ES,Federal Contract Tower,1,26,18,1,46,0,0,4,0,4,1,26,22,1,50,0,0,0,50
12/09/2005,ABY,GA,ASO,ES,Federal Contract Tower,3,33,28,13,77,29,1,51,13,94,32,34,79,26,171,77,26,103,274
12/10/2005,ABY,GA,ASO,ES,Federal Contract Tower,0,13,12,0,25,0,0,40,0,40,0,13,52,0,65,60,0,60,125
12/11/2005,ABY,GA,ASO,ES,Federal Contract Tower,0,12,24,2,38,0,0,39,0,39,0,12,63,2,77,22,6,28,105
12/12/2005,ABY,GA,ASO,ES,Federal Contract Tower,0,13,16,24,53,0,0,34,0,34,0,13,50,24,87,28,18,46,133
12/13/2005,ABY,GA,ASO,ES,Federal Contract Tower,1,25,25,8,59,0,2,26,0,28,1,27,51,8,87,22,0,22,109
12/14/2005,ABY,GA,ASO,ES,Federal Contract Tower,1,24,29,14,68,0,4,21,5,30,1,28,50,19,98,8,10,18,116
12/15/2005,ABY,GA,ASO,ES,Federal Contract Tower,1,27,23,4,55,0,0,7,0,7,1,27,30,4,62,22,0,22,84
12/16/2005,ABY,GA,ASO,ES,Federal Contract Tower,3,23,29,12,67,0,1,43,6,50,3,24,72,18,117,54,40,94,211
12/17/2005,ABY,GA,ASO,ES,Federal Contract Tower,1,8,7,0,16,0,0,18,0,18,1,8,25,0,34,18,0,18,52
12/18/2005,ABY,GA,ASO,ES,Federal Contract Tower,0,12,18,6,36,0,4,14,0,18,0,16,32,6,54,6,6,12,66
12/19/2005,ABY,GA,ASO,ES,Federal Contract Tower,0,19,18,5,42,0,0,19,2,21,0,19,37,7,63,6,28,34,97
12/20/2005,ABY,GA,ASO,ES,Federal Contract Tower,3,22,24,8,57,0,0,33,0,33,3,22,57,8,90,28,0,28,118
12/21/2005,ABY,GA,ASO,ES,Federal Contract Tower,3,26,25,8,62,0,1,35,1,37,3,27,60,9,99,70,8,78,177
12/22/2005,ABY,GA,ASO,ES,Federal Contract Tower,3,20,21,10,54,0,3,32,6,41,3,23,53,16,95,34,4,38,133
12/23/2005,ABY,GA,ASO,ES,Federal Contract Tower,5,21,20,0,46,0,3,22,0,25,5,24,42,0,71,50,0,50,121
12/24/2005,ABY,GA,ASO,ES,Federal Contract Tower,0,5,1,0,6,0,0,9,0,9,0,5,10,0,15,26,0,26,41
12/25/2005,ABY,GA,ASO,ES,Federal Contract Tower,0,4,2,0,6,0,0,3,0,3,0,4,5,0,9,0,0,0,9
12/26/2005,ABY,GA,ASO,ES,Federal Contract Tower,0,7,11,0,18,0,0,27,0,27,0,7,38,0,45,20,0,20,65
12/27/2005,ABY,GA,ASO,ES,Federal Contract Tower,1,21,20,3,45,0,1,61,0,62,1,22,81,3,107,46,0,46,153
12/28/2005,ABY,GA,ASO,ES,Federal Contract Tower,2,21,16,4,43,0,0,4,0,4,2,21,20,4,47,0,4,4,51
12/29/2005,ABY,GA,ASO,ES,Federal Contract Tower,0,19,13,5,37,0,1,32,3,36,0,20,45,8,73,36,0,36,109
12/30/2005,ABY,GA,ASO,ES,Federal Contract Tower,1,21,23,6,51,0,1,45,0,46,1,22,68,6,97,46,14,60,157
12/31/2005,ABY,GA,ASO,ES,Federal Contract Tower,0,6,7,0,13,0,0,25,0,25,0,6,32,0,38,38,0,38,76
01/01/2006,ABY,GA,ASO,ES,Federal Contract Tower,0,6,12,0,18,0,0,0,0,0,0,6,12,0,18,0,0,0,18
01/02/2006,ABY,GA,ASO,ES,Federal Contract Tower,0,8,10,0,18,0,0,5,0,5,0,8,15,0,23,0,0,0,23
01/03/2006,ABY,GA,ASO,ES,Federal Contract Tower,0,14,36,0,50,0,3,12,0,15,0,17,48,0,65,0,0,0,65
01/04/2006,ABY,GA,ASO,ES,Federal Contract Tower,0,16,22,18,56,0,1,34,0,35,0,17,56,18,91,24,18,42,133
01/05/2006,ABY,GA,ASO,ES,Federal Contract Tower,0,25,23,0,48,0,2,27,0,29,0,27,50,0,77,50,0,50,127
01/06/2006,ABY,GA,ASO,ES,Federal Contract Tower,0,28,15,10,53,0,0,17,7,24,0,28,32,17,77,0,38,38,115
01/07/2006,ABY,GA,ASO,ES,Federal Contract Tower,0,18,7,0,25,0,0,37,0,37,0,18,44,0,62,38,0,38,100
01/08/2006,ABY,GA,ASO,ES,Federal Contract Tower,0,13,20,2,35,0,0,15,0,15,0,13,35,2,50,0,0,0,50
01/09/2006,ABY,GA,ASO,ES,Federal Contract Tower,0,14,24,4,42,0,0,28,0,28,0,14,52,4,70,30,8,38,108
01/10/2006,ABY,GA,ASO,ES,Federal Contract Tower,0,23,19,18,60,0,0,32,1,33,0,23,51,19,93,10,34,44,137
01/11/2006,ABY,GA,ASO,ES,Federal Contract Tower,0,27,24,12,63,0,2,32,0,34,0,29,56,12,97,22,22,44,141
01/12/2006,ABY,GA,ASO,ES,Federal Contract Tower,2,30,20,19,71,0,0,22,2,24,2,30,42,21,95,0,36,36,131
01/13/2006,ABY,GA,ASO,ES,Federal Contract Tower,1,26,14,8,49,0,0,6,0,6,1,26,20,8,55,14,16,30,85
01/14/2006,ABY,GA,ASO,ES,Federal Contract Tower,0,15,6,0,21,0,0,6,2,8,0,15,12,2,29,6,0,6,35
01/15/2006,ABY,GA,ASO,ES,Federal Contract Tower,0,13,11,2,26,0,0,24,0,24,0,13,35,2,50,10,20,30,80
01/16/2006,ABY,GA,ASO,ES,Federal Contract Tower,0,13,28,0,41,0,2,42,0,44,0,15,70,0,85,42,0,42,127
01/17/2006,ABY,GA,ASO,ES,Federal Contract Tower,1,26,12,4,43,0,0,2,0,2,1,26,14,4,45,6,2,8,53
01/18/2006,ABY,GA,ASO,ES,Federal Contract Tower,1,28,21,14,64,0,0,59,0,59,1,28,80,14,123,76,20,96,219
01/19/2006,ABY,GA,ASO,ES,Federal Contract Tower,0,24,30,12,66,0,0,50,12,62,0,24,80,24,128,28,62,90,218
01/20/2006,ABY,GA,ASO,ES,Federal Contract Tower,0,25,30,10,65,0,2,44,2,48,0,27,74,12,113,28,66,94,207
01/21/2006,ABY,GA,ASO,ES,Federal Contract Tower,0,7,22,0,29,0,0,3,0,3,0,7,25,0,32,12,0,12,44
01/22/2006,ABY,GA,ASO,ES,Federal Contract Tower,0,16,18,7,41,0,0,13,1,14,0,16,31,8,55,20,6,26,81
01/23/2006,ABY,GA,ASO,ES,Federal Contract Tower,0,22,12,4,38,0,0,22,0,22,0,22,34,4,60,2,6,8,68
01/24/2006,ABY,GA,ASO,ES,Federal Contract Tower,2,22,19,27,70,0,0,49,9,58,2,22,68,36,128,34,82,116,244
01/25/2006,ABY,GA,ASO,ES,Federal Contract Tower,0,26,10,14,50,0,2,48,12,62,0,28,58,26,112,20,92,112,224
01/26/2006,ABY,GA,ASO,ES,Federal Contract Tower,1,31,47,8,87,0,3,58,10,71,1,34,105,18,158,20,70,90,248
01/27/2006,ABY,GA,ASO,ES,Federal Contract Tower,1,29,20,6,56,0,0,34,0,34,1,29,54,6,90,12,4,16,106
01/28/2006,ABY,GA,ASO,ES,Federal Contract Tower,0,16,25,2,43,0,0,23,0,23,0,16,48,2,66,0,14,14,80
01/29/2006,ABY,GA,ASO,ES,Federal Contract Tower,0,20,24,0,44,0,0,18,6,24,0,20,42,6,68,32,0,32,100
01/30/2006,ABY,GA,ASO,ES,Federal Contract Tower,0,15,15,29,59,0,0,28,6,34,0,15,43,35,93,4,84,88,181
01/31/2006,ABY,GA,ASO,ES,Federal Contract Tower,1,27,25,12,65,0,2,53,6,61,1,29,78,18,126,24,4,28,154
02/01/2006,ABY,GA,ASO,ES,Federal Contract Tower,0,23,35,15,73,0,2,61,31,94,0,25,96,46,167,50,68,118,285
02/02/2006,ABY,GA,ASO,ES,Federal Contract Tower,1,23,39,6,69,0,0,11,0,11,1,23,50,6,80,0,10,10,90
02/03/2006,ABY,GA,ASO,ES,Federal Contract Tower,2,34,22,18,76,0,0,9,6,15,2,34,31,24,91,0,0,0,91
02/04/2006,ABY,GA,ASO,ES,Federal Contract Tower,1,16,23,0,40,0,0,11,0,11,1,16,34,0,51,0,0,0,51
02/05/2006,ABY,GA,ASO,ES,Federal Contract Tower,0,14,24,9,47,0,0,17,0,17,0,14,41,9,64,2,4,6,70
02/06/2006,ABY,GA,ASO,ES,Federal Contract Tower,0,15,17,2,34,0,0,22,0,22,0,15,39,2,56,0,2,2,58
02/07/2006,ABY,GA,ASO,ES,Federal Contract Tower,1,22,30,9,62,0,2,26,1,29,1,24,56,10,91,10,26,36,127
02/08/2006,ABY,GA,ASO,ES,Federal Contract Tower,0,27,39,6,72,0,6,65,18,89,0,33,104,24,161,40,74,114,275
02/09/2006,ABY,GA,ASO,ES,Federal Contract Tower,1,23,43,9,76,0,3,68,1,72,1,26,111,10,148,60,20,80,228
02/10/2006,ABY,GA,ASO,ES,Federal Contract Tower,2,26,43,3,74,0,2,47,5,54,2,28,90,8,128,18,12,30,158
02/11/2006,ABY,GA,ASO,ES,Federal Contract Tower,0,18,9,0,27,0,0,0,0,0,0,18,9,0,27,0,0,0,27
02/12/2006,ABY,GA,ASO,ES,Federal Contract Tower,0,12,24,0,36,0,0,19,1,20,0,12,43,1,56,12,0,12,68
02/13/2006,ABY,GA,ASO,ES,Federal Contract Tower,0,14,25,4,43,0,0,31,2,33,0,14,56,6,76,0,34,34,110
02/14/2006,ABY,GA,ASO,ES,Federal Contract Tower,2,18,23,7,50,0,2,51,8,61,2,20,74,15,111,54,66,120,231
02/15/2006,ABY,GA,ASO,ES,Federal Contract Tower,1,21,31,7,60,0,1,39,11,51,1,22,70,18,111,26,90,116,227
02/16/2006,ABY,GA,ASO,ES,Federal Contract Tower,1,20,31,6,58,0,2,32,4,38,1,22,63,10,96,12,56,68,164
02/17/2006,ABY,GA,ASO,ES,Federal Contract Tower,1,26,34,3,64,0,2,20,1,23,1,28,54,4,87,22,0,22,109
02/18/2006,ABY,GA,ASO,ES,Federal Contract Tower,1,5,25,4,35,0,0,10,0,10,1,5,35,4,45,0,0,0,45
02/19/2006,ABY,GA,ASO,ES,Federal Contract Tower,0,16,29,0,45,0,0,0,0,0,0,16,29,0,45,24,0,24,69
02/20/2006,ABY,GA,ASO,ES,Federal Contract Tower,1,17,36,0,54,0,1,1,0,2,1,18,37,0,56,0,0,0,56
02/21/2006,ABY,GA,ASO,ES,Federal Contract Tower,2,21,25,11,59,0,1,5,2,8,2,22,30,13,67,0,8,8,75
02/22/2006,ABY,GA,ASO,ES,Federal Contract Tower,1,20,29,17,67,0,0,38,8,46,1,20,67,25,113,26,26,52,165
02/23/2006,ABY,GA,ASO,ES,Federal Contract Tower,0,22,30,22,74,0,2,29,2,33,0,24,59,24,107,6,30,36,143
02/24/2006,ABY,GA,ASO,ES,Federal Contract Tower,0,22,43,6,71,0,2,44,5,51,0,24,87,11,122,28,20,48,170
02/25/2006,ABY,GA,ASO,ES,Federal Contract Tower,0,7,9,2,18,0,0,0,0,0,0,7,9,2,18,0,0,0,18
02/26/2006,ABY,GA,ASO,ES,Federal Contract Tower,0,18,34,6,58,0,0,18,0,18,0,18,52,6,76,4,0,4,80
02/27/2006,ABY,GA,ASO,ES,Federal Contract Tower,0,16,22,12,50,0,0,42,2,44,0,16,64,14,94,40,42,82,176
02/28/2006,ABY,GA,ASO,ES,Federal Contract Tower,1,33,25,8,67,0,2,52,4,58,1,35,77,12,125,20,30,50,175
03/01/2006,ABY,GA,ASO,ES,Federal Contract Tower,1,17,32,2,52,0,0,36,0,36,1,17,68,2,88,4,8,12,100
03/02/2006,ABY,GA,ASO,ES,Federal Contract Tower,1,31,26,4,62,0,0,16,1,17,1,31,42,5,79,2,4,6,85
03/03/2006,ABY,GA,ASO,ES,Federal Contract Tower,1,23,33,5,62,0,0,31,4,35,1,23,64,9,97,22,0,22,119
03/04/2006,ABY,GA,ASO,ES,Federal Contract Tower,0,5,11,0,16,0,2,30,0,32,0,7,41,0,48,22,0,22,70
03/05/2006,ABY,GA,ASO,ES,Federal Contract Tower,0,11,11,14,36,0,0,37,0,37,0,11,48,14,73,46,2,48,121
03/06/2006,ABY,GA,ASO,ES,Federal Contract Tower,0,15,13,12,40,0,0,48,5,53,0,15,61,17,93,54,32,86,179
03/07/2006,ABY,GA,ASO,ES,Federal Contract Tower,0,15,18,2,35,0,2,39,0,41,0,17,57,2,76,4,0,4,80
03/08/2006,ABY,GA,ASO,ES,Federal Contract Tower,0,21,19,7,47,0,0,34,7,41,0,21,53,14,88,10,10,20,108
03/09/2006,ABY,GA,ASO,ES,Federal Contract Tower,0,22,30,6,58,0,0,30,4,34,0,22,60,10,92,0,54,54,146
03/10/2006,ABY,GA,ASO,ES,Federal Contract Tower,1,20,12,0,33,0,2,12,0,14,1,22,24,0,47,0,0,0,47
03/11/2006,ABY,GA,ASO,ES,Federal Contract Tower,0,11,12,0,23,0,0,22,0,22,0,11,34,0,45,10,0,10,55
03/12/2006,ABY,GA,ASO,ES,Federal Contract Tower,0,15,17,0,32,0,0,18,0,18,0,15,35,0,50,6,0,6,56
03/13/2006,ABY,GA,ASO,ES,Federal Contract Tower,0,15,10,22,47,0,0,37,8,45,0,15,47,30,92,14,104,118,210
03/14/2006,ABY,GA,ASO,ES,Federal Contract Tower,1,27,16,6,50,0,0,31,18,49,1,27,47,24,99,36,58,94,193
03/15/2006,ABY,GA,ASO,ES,Federal Contract Tower,1,24,23,40,88,0,4,66,18,88,1,28,89,58,176,38,198,236,412
03/16/2006,ABY,GA,ASO,ES,Federal Contract Tower,1,28,28,6,63,0,1,30,0,31,1,29,58,6,94,22,4,26,120
03/17/2006,ABY,GA,ASO,ES,Federal Contract Tower,2,22,16,0,40,0,0,27,0,27,2,22,43,0,67,0,0,0,67
03/18/2006,ABY,GA,ASO,ES,Federal Contract Tower,0,15,26,2,43,0,0,20,1,21,0,15,46,3,64,0,0,0,64
03/19/2006,ABY,GA,ASO,ES,Federal Contract Tower,0,9,15,0,24,0,0,17,0,17,0,9,32,0,41,40,0,40,81
03/20/2006,ABY,GA,ASO,ES,Federal Contract Tower,0,10,16,8,34,0,0,25,4,29,0,10,41,12,63,32,38,70,133
03/21/2006,ABY,GA,ASO,ES,Federal Contract Tower,1,18,17,6,42,0,4,18,3,25,1,22,35,9,67,18,0,18,85
03/22/2006,ABY,GA,ASO,ES,Federal Contract Tower,2,18,20,14,54,0,3,49,6,58,2,21,69,20,112,88,72,160,272
03/23/2006,ABY,GA,ASO,ES,Federal Contract Tower,1,18,26,2,47,0,0,18,0,18,1,18,44,2,65,30,2,32,97
03/24/2006,ABY,GA,ASO,ES,Federal Contract Tower,1,20,12,8,41,0,2,33,3,38,1,22,45,11,79,0,0,0,79
03/25/2006,ABY,GA,ASO,ES,Federal Contract Tower,0,7,9,4,20,0,0,17,0,17,0,7,26,4,37,4,0,4,41
03/26/2006,ABY,GA,ASO,ES,Federal Contract Tower,0,8,5,0,13,0,0,19,0,19,0,8,24,0,32,48,0,48,80
03/27/2006,ABY,GA,ASO,ES,Federal Contract Tower,0,16,9,4,29,0,2,54,0,56,0,18,63,4,85,74,0,74,159
03/28/2006,ABY,GA,ASO,ES,Federal Contract Tower,1,23,19,14,57,0,0,31,7,38,1,23,50,21,95,24,4,28,123
03/29/2006,ABY,GA,ASO,ES,Federal Contract Tower,0,25,19,9,53,0,0,27,1,28,0,25,46,10,81,20,18,38,119
03/30/2006,ABY,GA,ASO,ES,Federal Contract Tower,1,22,12,10,45,0,0,22,0,22,1,22,34,10,67,0,4,4,71
03/31/2006,ABY,GA,ASO,ES,Federal Contract Tower,0,21,13,10,44,0,2,27,1,30,0,23,40,11,74,52,12,64,138
04/01/2006,ABY,GA,ASO,ES,Federal Contract Tower,0,5,13,0,18,0,3,9,0,12,0,8,22,0,30,0,0,0,30
04/02/2006,ABY,GA,ASO,ES,Federal Contract Tower,0,6,19,0,25,0,0,14,6,20,0,6,33,6,45,14,2,16,61
04/03/2006,ABY,GA,ASO,ES,Federal Contract Tower,1,22,9,16,48,0,0,40,0,40,1,22,49,16,88,10,30,40,128
04/04/2006,ABY,GA,ASO,ES,Federal Contract Tower,2,19,26,26,73,0,2,55,1,58,2,21,81,27,131,36,28,64,195
04/05/2006,ABY,GA,ASO,ES,Federal Contract Tower,0,27,18,12,57,0,7,46,16,69,0,34,64,28,126,0,70,70,196
04/06/2006,ABY,GA,ASO,ES,Federal Contract Tower,0,22,18,4,44,0,0,47,0,47,0,22,65,4,91,36,4,40,131
04/07/2006,ABY,GA,ASO,ES,Federal Contract Tower,1,17,17,6,41,0,0,46,6,52,1,17,63,12,93,28,44,72,165
04/08/2006,ABY,GA,ASO,ES,Federal Contract Tower,0,4,17,0,21,0,0,18,0,18,0,4,35,0,39,10,0,10,49
04/09/2006,ABY,GA,ASO,ES,Federal Contract Tower,0,5,5,9,19,0,0,27,0,27,0,5,32,9,46,0,4,4,50
04/10/2006,ABY,GA,ASO,ES,Federal Contract Tower,0,15,23,10,48,0,1,53,0,54,0,16,76,10,102,42,20,62,164
04/11/2006,ABY,GA,ASO,ES,Federal Contract Tower,0,17,23,18,58,0,2,42,4,48,0,19,65,22,106,22,74,96,202
04/12/2006,ABY,GA,ASO,ES,Federal Contract Tower,1,16,14,8,39,0,0,49,0,49,1,16,63,8,88,16,90,106,194
04/13/2006,ABY,GA,ASO,ES,Federal Contract Tower,2,15,18,13,48,0,1,40,4,45,2,16,58,17,93,30,32,62,155
04/14/2006,ABY,GA,ASO,ES,Federal Contract Tower,0,14,20,2,36,0,1,48,2,51,0,15,68,4,87,106,0,106,193
04/15/2006,ABY,GA,ASO,ES,Federal Contract Tower,0,5,6,4,15,0,0,25,0,25,0,5,31,4,40,4,0,4,44
04/16/2006,ABY,GA,ASO,ES,Federal Contract Tower,0,6,2,0,8,0,0,8,0,8,0,6,10,0,16,0,0,0,16
04/17/2006,ABY,GA,ASO,ES,Federal Contract Tower,0,14,21,3,38,0,0,40,0,40,0,14,61,3,78,76,42,118,196
04/18/2006,ABY,GA,ASO,ES,Federal Contract Tower,0,11,23,24,58,0,1,35,0,36,0,12,58,24,94,22,6,28,122
04/19/2006,ABY,GA,ASO,ES,Federal Contract Tower,2,18,16,12,48,0,2,21,0,23,2,20,37,12,71,0,30,30,101
04/20/2006,ABY,GA,ASO,ES,Federal Contract Tower,0,13,16,16,45,0,0,39,6,45,0,13,55,22,90,28,78,106,196
04/21/2006,ABY,GA,ASO,ES,Federal Contract Tower,0,15,14,8,37,0,1,31,0,32,0,16,45,8,69,56,8,64,133
04/22/2006,ABY,GA,ASO,ES,Federal Contract Tower,0,6,7,0,13,0,0,8,0,8,0,6,15,0,21,0,0,0,21
04/23/2006,ABY,GA,ASO,ES,Federal Contract Tower,0,13,14,4,31,0,4,17,0,21,0,17,31,4,52,0,0,0,52
04/24/2006,ABY,GA,ASO,ES,Federal Contract Tower,0,18,9,16,43,0,2,43,0,45,0,20,52,16,88,40,68,108,196
04/25/2006,ABY,GA,ASO,ES,Federal Contract Tower,1,17,12,18,48,0,0,34,0,34,1,17,46,18,82,28,56,84,166
04/26/2006,ABY,GA,ASO,ES,Federal Contract Tower,1,18,9,0,28,0,0,20,0,20,1,18,29,0,48,4,4,8,56
04/27/2006,ABY,GA,ASO,ES,Federal Contract Tower,0,14,27,18,59,0,0,38,0,38,0,14,65,18,97,40,28,68,165
04/28/2006,ABY,GA,ASO,ES,Federal Contract Tower,0,16,23,20,59,0,1,52,0,53,0,17,75,20,112,90,50,140,252
04/29/2006,ABY,GA,ASO,ES,Federal Contract Tower,0,8,9,0,17,0,0,19,10,29,0,8,28,10,46,0,2,2,48
04/30/2006,ABY,GA,ASO,ES,Federal Contract Tower,0,9,3,2,14,0,0,9,1,10,0,9,12,3,24,0,2,2,26
05/01/2006,ABY,GA,ASO,ES,Federal Contract Tower,0,17,9,22,48,0,0,38,0,38,0,17,47,22,86,10,130,140,226
05/02/2006,ABY,GA,ASO,ES,Federal Contract Tower,0,21,22,8,51,0,1,28,0,29,0,22,50,8,80,62,58,120,200
05/03/2006,ABY,GA,ASO,ES,Federal Contract Tower,0,17,20,16,53,0,2,32,0,34,0,19,52,16,87,30,20,50,137
05/04/2006,ABY,GA,ASO,ES,Federal Contract Tower,0,21,28,17,66,0,3,30,0,33,0,24,58,17,99,12,58,70,169
05/05/2006,ABY,GA,ASO,ES,Federal Contract Tower,0,20,13,15,48,0,0,7,3,10,0,20,20,18,58,0,0,0,58
05/06/2006,ABY,GA,ASO,ES,Federal Contract Tower,0,9,15,0,24,0,0,21,0,21,0,9,36,0,45,18,0,18,63
05/07/2006,ABY,GA,ASO,ES,Federal Contract Tower,0,6,10,2,18,0,0,4,1,5,0,6,14,3,23,0,0,0,23
05/08/2006,ABY,GA,ASO,ES,Federal Contract Tower,0,17,22,20,59,0,0,32,0,32,0,17,54,20,91,12,44,56,147
05/09/2006,ABY,GA,ASO,ES,Federal Contract Tower,2,17,22,4,45,0,0,12,1,13,2,17,34,5,58,16,10,26,84
05/10/2006,ABY,GA,ASO,ES,Federal Contract Tower,0,14,20,6,40,0,1,13,0,14,0,15,33,6,54,0,12,12,66
05/11/2006,ABY,GA,ASO,ES,Federal Contract Tower,1,19,19,21,60,0,1,21,0,22,1,20,40,21,82,0,40,40,122
05/12/2006,ABY,GA,ASO,ES,Federal Contract Tower,1,23,4,8,36,0,0,24,0,24,1,23,28,8,60,10,6,16,76
05/13/2006,ABY,GA,ASO,ES,Federal Contract Tower,0,7,7,0,14,0,0,23,0,23,0,7,30,0,37,26,0,26,63
05/14/2006,ABY,GA,ASO,ES,Federal Contract Tower,0,6,9,4,19,0,0,14,0,14,0,6,23,4,33,0,4,4,37
05/15/2006,ABY,GA,ASO,ES,Federal Contract Tower,0,20,17,5,42,0,2,36,10,48,0,22,53,15,90,4,42,46,136
05/16/2006,ABY,GA,ASO,ES,Federal Contract Tower,1,18,16,12,47,0,2,33,3,38,1,20,49,15,85,20,52,72,157
05/17/2006,ABY,GA,ASO,ES,Federal Contract Tower,0,20,20,9,49,0,2,32,0,34,0,22,52,9,83,24,22,46,129
05/18/2006,ABY,GA,ASO,ES,Federal Contract Tower,1,22,16,4,43,0,0,47,13,60,1,22,63,17,103,4,82,86,189
05/19/2006,ABY,GA,ASO,ES,Federal Contract Tower,0,21,7,15,43,0,1,28,2,31,0,22,35,17,74,14,40,54,128
05/20/2006,ABY,GA,ASO,ES,Federal Contract Tower,3,5,9,0,17,0,0,35,0,35,3,5,44,0,52,6,0,6,58
05/21/2006,ABY,GA,ASO,ES,Federal Contract Tower,0,4,0,0,4,0,0,12,0,12,0,4,12,0,16,0,0,0,16
05/22/2006,ABY,GA,ASO,ES,Federal Contract Tower,0,18,3,22,43,0,1,50,12,63,0,19,53,34,106,102,48,150,256
05/23/2006,ABY,GA,ASO,ES,Federal Contract Tower,0,21,16,42,79,0,5,51,13,69,0,26,67,55,148,38,102,140,288
05/24/2006,ABY,GA,ASO,ES,Federal Contract Tower,0,17,15,28,60,0,1,42,1,44,0,18,57,29,104,30,92,122,226
05/25/2006,ABY,GA,ASO,ES,Federal Contract Tower,2,25,14,20,61,0,0,47,0,47,2,25,61,20,108,16,82,98,206
05/26/2006,ABY,GA,ASO,ES,Federal Contract Tower,1,17,6,0,24,0,3,19,0,22,1,20,25,0,46,30,0,30,76
05/27/2006,ABY,GA,ASO,ES,Federal Contract Tower,0,5,10,0,15,0,0,19,0,19,0,5,29,0,34,20,0,20,54
05/28/2006,ABY,GA,ASO,ES,Federal Contract Tower,0,4,3,0,7,0,0,9,0,9,0,4,12,0,16,10,0,10,26
05/29/2006,ABY,GA,ASO,ES,Federal Contract Tower,0,8,11,0,19,0,0,25,0,25,0,8,36,0,44,38,0,38,82
05/30/2006,ABY,GA,ASO,ES,Federal Contract Tower,2,18,6,12,38,0,1,30,2,33,2,19,36,14,71,0,36,36,107
05/31/2006,ABY,GA,ASO,ES,Federal Contract Tower,1,22,15,6,44,0,2,40,10,52,1,24,55,16,96,16,86,102,198
06/01/2006,ABY,GA,ASO,ES,Federal Contract Tower,1,18,29,15,63,0,2,35,3,40,1,20,64,18,103,28,26,54,157
06/02/2006,ABY,GA,ASO,ES,Federal Contract Tower,1,24,12,10,47,0,1,23,3,27,1,25,35,13,74,0,32,32,106
06/03/2006,ABY,GA,ASO,ES,Federal Contract Tower,0,4,16,0,20,0,0,5,0,5,0,4,21,0,25,10,0,10,35
06/04/2006,ABY,GA,ASO,ES,Federal Contract Tower,0,7,7,0,14,0,0,26,0,26,0,7,33,0,40,0,0,0,40
06/05/2006,ABY,GA,ASO,ES,Federal Contract Tower,0,19,9,22,50,0,0,40,3,43,0,19,49,25,93,0,76,76,169
06/06/2006,ABY,GA,ASO,ES,Federal Contract Tower,1,21,19,3,44,0,2,24,11,37,1,23,43,14,81,0,54,54,135
06/07/2006,ABY,GA,ASO,ES,Federal Contract Tower,0,22,13,0,35,0,1,25,13,39,0,23,38,13,74,10,74,84,158
06/08/2006,ABY,GA,ASO,ES,Federal Contract Tower,1,20,15,4,40,0,2,32,4,38,1,22,47,8,78,38,20,58,136
06/09/2006,ABY,GA,ASO,ES,Federal Contract Tower,1,18,14,15,48,0,2,23,2,27,1,20,37,17,75,0,26,26,101
06/10/2006,ABY,GA,ASO,ES,Federal Contract Tower,0,5,8,0,13,0,0,26,0,26,0,5,34,0,39,10,0,10,49
06/11/2006,ABY,GA,ASO,ES,Federal Contract Tower,0,8,10,4,22,0,0,24,0,24,0,8,34,4,46,0,2,2,48
06/12/2006,ABY,GA,ASO,ES,Federal Contract Tower,0,19,3,27,49,0,0,38,6,44,0,19,41,33,93,14,64,78,171
06/13/2006,ABY,GA,ASO,ES,Federal Contract Tower,1,19,10,2,32,0,0,1,0,1,1,19,11,2,33,8,0,8,41
06/14/2006,ABY,GA,ASO,ES,Federal Contract Tower,1,23,11,23,58,0,1,33,5,39,1,24,44,28,97,4,102,106,203
06/15/2006,ABY,GA,ASO,ES,Federal Contract Tower,1,20,25,15,61,0,2,33,0,35,1,22,58,15,96,34,22,56,152
06/16/2006,ABY,GA,ASO,ES,Federal Contract Tower,1,21,13,8,43,0,1,41,4,46,1,22,54,12,89,24,44,68,157
06/17/2006,ABY,GA,ASO,ES,Federal Contract Tower,0,8,6,0,14,0,0,14,0,14,0,8,20,0,28,6,0,6,34
06/18/2006,ABY,GA,ASO,ES,Federal Contract Tower,0,4,10,4,18,0,0,11,2,13,0,4,21,6,31,0,2,2,33
06/19/2006,ABY,GA,ASO,ES,Federal Contract Tower,0,20,13,30,63,0,0,33,0,33,0,20,46,30,96,14,80,94,190
06/20/2006,ABY,GA,ASO,ES,Federal Contract Tower,1,21,14,32,68,0,0,53,5,58,1,21,67,37,126,0,76,76,202
06/21/2006,ABY,GA,ASO,ES,Federal Contract Tower,0,22,9,18,49,0,0,21,0,21,0,22,30,18,70,10,30,40,110
06/22/2006,ABY,GA,ASO,ES,Federal Contract Tower,1,18,18,12,49,0,5,25,0,30,1,23,43,12,79,0,30,30,109
06/23/2006,ABY,GA,ASO,ES,Federal Contract Tower,1,23,11,14,49,0,1,24,2,27,1,24,35,16,76,12,56,68,144
06/24/2006,ABY,GA,ASO,ES,Federal Contract Tower,0,5,4,4,13,0,0,22,0,22,0,5,26,4,35,2,4,6,41
06/25/2006,ABY,GA,ASO,ES,Federal Contract Tower,0,4,7,4,15,0,0,17,0,17,0,4,24,4,32,2,4,6,38
06/26/2006,ABY,GA,ASO,ES,Federal Contract Tower,0,15,11,16,42,0,4,4,5,13,0,19,15,21,55,0,26,26,81
06/27/2006,ABY,GA,ASO,ES,Federal Contract Tower,1,21,3,10,35,0,1,6,2,9,1,22,9,12,44,0,42,42,86
06/28/2006,ABY,GA,ASO,ES,Federal Contract Tower,1,31,11,7,50,0,3,19,1,23,1,34,30,8,73,0,78,78,151
06/29/2006,ABY,GA,ASO,ES,Federal Contract Tower,3,21,26,5,55,0,6,33,12,51,3,27,59,17,106,4,86,90,196
06/30/2006,ABY,GA,ASO,ES,Federal Contract Tower,1,25,6,6,38,0,0,24,0,24,1,25,30,6,62,28,16,44,106
07/01/2006,ABY,GA,ASO,ES,Federal Contract Tower,1,8,2,0,11,0,0,18,0,18,1,8,20,0,29,0,0,0,29
07/02/2006,ABY,GA,ASO,ES,Federal Contract Tower,0,6,5,0,11,0,0,5,0,5,0,6,10,0,16,0,0,0,16
07/03/2006,ABY,GA,ASO,ES,Federal Contract Tower,0,17,3,0,20,0,2,20,0,22,0,19,23,0,42,0,0,0,42
07/04/2006,ABY,GA,ASO,ES,Federal Contract Tower,0,5,4,0,9,0,0,17,0,17,0,5,21,0,26,0,0,0,26
07/05/2006,ABY,GA,ASO,ES,Federal Contract Tower,1,19,7,7,34,0,2,29,8,39,1,21,36,15,73,44,58,102,175
07/06/2006,ABY,GA,ASO,ES,Federal Contract Tower,1,19,7,4,31,0,0,20,5,25,1,19,27,9,56,24,24,48,104
07/07/2006,ABY,GA,ASO,ES,Federal Contract Tower,1,26,7,6,40,0,1,19,2,22,1,27,26,8,62,2,16,18,80
07/08/2006,ABY,GA,ASO,ES,Federal Contract Tower,0,6,14,0,20,0,0,17,0,17,0,6,31,0,37,12,0,12,49
07/09/2006,ABY,GA,ASO,ES,Federal Contract Tower,0,4,16,0,20,0,0,15,0,15,0,4,31,0,35,20,0,20,55
07/10/2006,ABY,GA,ASO,ES,Federal Contract Tower,0,13,11,16,40,0,0,32,2,34,0,13,43,18,74,42,20,62,136
07/11/2006,ABY,GA,ASO,ES,Federal Contract Tower,0,21,13,13,47,0,4,35,4,43,0,25,48,17,90,22,30,52,142
07/12/2006,ABY,GA,ASO,ES,Federal Contract Tower,1,38,14,24,77,0,0,35,4,39,1,38,49,28,116,38,28,66,182
07/13/2006,ABY,GA,ASO,ES,Federal Contract Tower,0,22,14,8,44,0,1,25,5,31,0,23,39,13,75,12,36,48,123
07/14/2006,ABY,GA,ASO,ES,Federal Contract Tower,1,19,8,10,38,0,0,38,1,39,1,19,46,11,77,42,14,56,133
07/15/2006,ABY,GA,ASO,ES,Federal Contract Tower,0,10,6,0,16,0,0,24,2,26,0,10,30,2,42,0,0,0,42
07/16/2006,ABY,GA,ASO,ES,Federal Contract Tower,0,7,5,2,14,0,0,9,0,9,0,7,14,2,23,0,0,0,23
07/17/2006,ABY,GA,ASO,ES,Federal Contract Tower,0,16,24,20,60,0,0,37,3,40,0,16,61,23,100,32,36,68,168
07/18/2006,ABY,GA,ASO,ES,Federal Contract Tower,1,19,19,12,51,0,1,33,0,34,1,20,52,12,85,20,20,40,125
07/19/2006,ABY,GA,ASO,ES,Federal Contract Tower,1,20,8,8,37,0,0,36,6,42,1,20,44,14,79,32,40,72,151
07/20/2006,ABY,GA,ASO,ES,Federal Contract Tower,1,15,25,19,60,0,0,14,7,21,1,15,39,26,81,16,26,42,123
07/21/2006,ABY,GA,ASO,ES,Federal Contract Tower,1,21,19,14,55,0,0,21,16,37,1,21,40,30,92,0,46,46,138
07/22/2006,ABY,GA,ASO,ES,Federal Contract Tower,0,11,4,0,15,0,0,8,0,8,0,11,12,0,23,20,0,20,43
07/23/2006,ABY,GA,ASO,ES,Federal Contract Tower,0,7,4,3,14,0,0,1,0,1,0,7,5,3,15,0,0,0,15
07/24/2006,ABY,GA,ASO,ES,Federal Contract Tower,0,15,17,2,34,0,2,6,2,10,0,17,23,4,44,14,0,14,58
07/25/2006,ABY,GA,ASO,ES,Federal Contract Tower,0,16,15,14,45,0,0,30,0,30,0,16,45,14,75,0,18,18,93
07/26/2006,ABY,GA,ASO,ES,Federal Contract Tower,1,21,14,16,52,0,1,16,15,32,1,22,30,31,84,0,62,62,146
07/27/2006,ABY,GA,ASO,ES,Federal Contract Tower,0,25,15,18,58,0,0,29,6,35,0,25,44,24,93,32,76,108,201
07/28/2006,ABY,GA,ASO,ES,Federal Contract Tower,2,22,17,31,72,0,0,33,9,42,2,22,50,40,114,14,138,152,266
07/29/2006,ABY,GA,ASO,ES,Federal Contract Tower,0,5,5,1,11,0,0,17,0,17,0,5,22,1,28,80,0,80,108
07/30/2006,ABY,GA,ASO,ES,Federal Contract Tower,0,6,11,0,17,0,0,7,0,7,0,6,18,0,24,0,0,0,24
07/31/2006,ABY,GA,ASO,ES,Federal Contract Tower,0,17,14,21,52,0,0,28,3,31,0,17,42,24,83,8,34,42,125
08/01/2006,ABY,GA,ASO,ES,Federal Contract Tower,1,20,9,8,38,0,1,34,6,41,1,21,43,14,79,6,56,62,141
08/02/2006,ABY,GA,ASO,ES,Federal Contract Tower,1,18,10,12,41,0,1,29,12,42,1,19,39,24,83,202,70,272,355
08/03/2006,ABY,GA,ASO,ES,Federal Contract Tower,1,18,7,1,27,0,2,13,0,15,1,20,20,1,42,16,0,16,58
08/04/2006,ABY,GA,ASO,ES,Federal Contract Tower,1,23,11,14,49,0,1,21,2,24,1,24,32,16,73,36,0,36,109
08/05/2006,ABY,GA,ASO,ES,Federal Contract Tower,2,9,8,0,19,0,0,13,0,13,2,9,21,0,32,0,0,0,32
08/06/2006,ABY,GA,ASO,ES,Federal Contract Tower,0,4,4,0,8,0,0,4,2,6,0,4,8,2,14,0,0,0,14
08/07/2006,ABY,GA,ASO,ES,Federal Contract Tower,0,14,13,12,39,0,4,22,7,33,0,18,35,19,72,80,84,164,236
08/08/2006,ABY,GA,ASO,ES,Federal Contract Tower,1,19,7,19,46,0,0,14,9,23,1,19,21,28,69,0,114,114,183
08/09/2006,ABY,GA,ASO,ES,Federal Contract Tower,0,13,16,18,47,0,3,23,2,28,0,16,39,20,75,42,12,54,129
08/10/2006,ABY,GA,ASO,ES,Federal Contract Tower,1,15,21,6,43,0,2,35,0,37,1,17,56,6,80,28,24,52,132
08/11/2006,ABY,GA,ASO,ES,Federal Contract Tower,3,24,5,18,50,0,2,19,6,27,3,26,24,24,77,0,48,48,125
08/12/2006,ABY,GA,ASO,ES,Federal Contract Tower,4,9,2,0,15,0,0,12,0,12,4,9,14,0,27,0,0,0,27
08/13/2006,ABY,GA,ASO,ES,Federal Contract Tower,0,8,15,2,25,0,0,7,2,9,0,8,22,4,34,15,4,19,53
08/14/2006,ABY,GA,ASO,ES,Federal Contract Tower,0,15,16,17,48,0,0,25,8,33,0,15,41,25,81,0,72,72,153
08/15/2006,ABY,GA,ASO,ES,Federal Contract Tower,2,21,16,28,67,0,1,27,6,34,2,22,43,34,101,20,100,120,221
08/16/2006,ABY,GA,ASO,ES,Federal Contract Tower,1,21,13,4,39,0,2,28,1,31,1,23,41,5,70,0,22,22,92
08/17/2006,ABY,GA,ASO,ES,Federal Contract Tower,0,16,17,20,53,0,0,27,2,29,0,16,44,22,82,6,80,86,168
08/18/2006,ABY,GA,ASO,ES,Federal Contract Tower,0,17,13,14,44,0,1,28,1,30,0,18,41,15,74,2,24,26,100
08/19/2006,ABY,GA,ASO,ES,Federal Contract Tower,0,5,6,0,11,0,0,16,0,16,0,5,22,0,27,0,0,0,27
08/20/2006,ABY,GA,ASO,ES,Federal Contract Tower,0,8,9,0,17,0,0,16,0,16,0,8,25,0,33,4,0,4,37
08/21/2006,ABY,GA,ASO,ES,Federal Contract Tower,0,21,11,14,46,0,0,7,4,11,0,21,18,18,57,0,12,12,69
08/22/2006,ABY,GA,ASO,ES,Federal Contract Tower,0,19,15,12,46,0,0,30,0,30,0,19,45,12,76,8,18,26,102
08/23/2006,ABY,GA,ASO,ES,Federal Contract Tower,0,22,16,14,52,0,0,32,8,40,0,22,48,22,92,2,40,42,134
08/24/2006,ABY,GA,ASO,ES,Federal Contract Tower,1,23,18,22,64,0,0,20,1,21,1,23,38,23,85,4,32,36,121
08/25/2006,ABY,GA,ASO,ES,Federal Contract Tower,0,24,13,11,48,0,0,10,1,11,0,24,23,12,59,60,8,68,127
08/26/2006,ABY,GA,ASO,ES,Federal Contract Tower,0,6,7,0,13,0,0,14,0,14,0,6,21,0,27,0,0,0,27
08/27/2006,ABY,GA,ASO,ES,Federal Contract Tower,0,7,4,0,11,0,0,18,1,19,0,7,22,1,30,0,0,0,30
08/28/2006,ABY,GA,ASO,ES,Federal Contract Tower,0,14,21,6,41,0,1,26,0,27,0,15,47,6,68,0,4,4,72
08/29/2006,ABY,GA,ASO,ES,Federal Contract Tower,1,14,13,26,54,0,0,26,2,28,1,14,39,28,82,2,30,32,114
08/30/2006,ABY,GA,ASO,ES,Federal Contract Tower,1,20,10,11,42,0,1,21,0,22,1,21,31,11,64,28,30,58,122
08/31/2006,ABY,GA,ASO,ES,Federal Contract Tower,0,24,17,21,62,0,2,33,8,43,0,26,50,29,105,44,42,86,191
09/01/2006,ABY,GA,ASO,ES,Federal Contract Tower,1,19,8,6,34,0,2,27,0,29,1,21,35,6,63,8,24,32,95
09/02/2006,ABY,GA,ASO,ES,Federal Contract Tower,0,7,7,0,14,0,0,28,0,28,0,7,35,0,42,10,0,10,52
09/03/2006,ABY,GA,ASO,ES,Federal Contract Tower,0,6,8,0,14,0,0,24,0,24,0,6,32,0,38,10,0,10,48
09/04/2006,ABY,GA,ASO,ES,Federal Contract Tower,0,9,10,0,19,0,0,36,0,36,0,9,46,0,55,38,0,38,93
09/05/2006,ABY,GA,ASO,ES,Federal Contract Tower,0,25,11,16,52,0,1,29,2,32,0,26,40,18,84,12,18,30,114
09/06/2006,ABY,GA,ASO,ES,Federal Contract Tower,0,16,17,27,60,0,0,28,2,30,0,16,45,29,90,62,60,122,212
09/07/2006,ABY,GA,ASO,ES,Federal Contract Tower,1,22,14,8,45,0,2,16,1,19,1,24,30,9,64,0,60,60,124
09/08/2006,ABY,GA,ASO,ES,Federal Contract Tower,1,21,17,45,84,0,0,22,0,22,1,21,39,45,106,22,60,82,188
09/09/2006,ABY,GA,ASO,ES,Federal Contract Tower,0,12,0,3,15,0,1,11,1,13,0,13,11,4,28,58,0,58,86
09/10/2006,ABY,GA,ASO,ES,Federal Contract Tower,0,11,21,7,39,0,0,22,1,23,0,11,43,8,62,14,10,24,86
09/11/2006,ABY,GA,ASO,ES,Federal Contract Tower,0,13,23,26,62,0,2,35,2,39,0,15,58,28,101,68,58,126,227
09/12/2006,ABY,GA,ASO,ES,Federal Contract Tower,3,20,2,20,45,0,0,29,2,31,3,20,31,22,76,16,10,26,102
09/13/2006,ABY,GA,ASO,ES,Federal Contract Tower,2,19,7,16,44,0,0,3,5,8,2,19,10,21,52,0,40,40,92
09/14/2006,ABY,GA,ASO,ES,Federal Contract Tower,1,21,15,17,54,0,5,16,0,21,1,26,31,17,75,0,22,22,97
09/15/2006,ABY,GA,ASO,ES,Federal Contract Tower,1,23,10,5,39,0,2,38,0,40,1,25,48,5,79,26,16,42,121
09/16/2006,ABY,GA,ASO,ES,Federal Contract Tower,0,6,8,0,14,0,0,36,0,36,0,6,44,0,50,10,0,10,60
09/17/2006,ABY,GA,ASO,ES,Federal Contract Tower,0,6,2,0,8,0,0,31,0,31,0,6,33,0,39,0,0,0,39
09/18/2006,ABY,GA,ASO,ES,Federal Contract Tower,0,14,12,4,30,0,0,21,0,21,0,14,33,4,51,12,16,28,79
09/19/2006,ABY,GA,ASO,ES,Federal Contract Tower,1,17,19,8,45,0,0,8,1,9,1,17,27,9,54,26,0,26,80
09/20/2006,ABY,GA,ASO,ES,Federal Contract Tower,2,15,16,12,45,0,1,24,7,32,2,16,40,19,77,26,36,62,139
09/21/2006,ABY,GA,ASO,ES,Federal Contract Tower,1,19,12,2,34,0,2,42,1,45,1,21,54,3,79,40,38,78,157
09/22/2006,ABY,GA,ASO,ES,Federal Contract Tower,1,30,28,14,73,0,0,37,14,51,1,30,65,28,124,16,52,68,192
09/23/2006,ABY,GA,ASO,ES,Federal Contract Tower,2,5,5,6,18,0,0,18,0,18,2,5,23,6,36,12,0,12,48
09/24/2006,ABY,GA,ASO,ES,Federal Contract Tower,0,5,6,0,11,0,0,11,0,11,0,5,17,0,22,6,0,6,28
09/25/2006,ABY,GA,ASO,ES,Federal Contract Tower,0,11,17,12,40,0,1,37,0,38,0,12,54,12,78,10,10,20,98
09/26/2006,ABY,GA,ASO,ES,Federal Contract Tower,1,14,16,24,55,0,1,21,1,23,1,15,37,25,78,8,50,58,136
09/27/2006,ABY,GA,ASO,ES,Federal Contract Tower,1,18,20,0,39,0,1,46,0,47,1,19,66,0,86,96,0,96,182
09/28/2006,ABY,GA,ASO,ES,Federal Contract Tower,1,22,10,6,39,0,2,45,6,53,1,24,55,12,92,80,34,114,206
09/29/2006,ABY,GA,ASO,ES,Federal Contract Tower,2,20,17,0,39,0,7,34,0,41,2,27,51,0,80,66,0,66,146
09/30/2006,ABY,GA,ASO,ES,Federal Contract Tower,0,7,0,0,7,0,0,36,0,36,0,7,36,0,43,26,0,26,69
10/01/2006,ABY,GA,ASO,ES,Federal Contract Tower,0,7,9,0,16,0,1,31,0,32,0,8,40,0,48,8,0,8,56
10/02/2006,ABY,GA,ASO,ES,Federal Contract Tower,0,19,9,8,36,0,1,41,0,42,0,20,50,8,78,54,20,74,152
10/03/2006,ABY,GA,ASO,ES,Federal Contract Tower,0,20,22,19,61,0,1,43,3,47,0,21,65,22,108,24,66,90,198
10/04/2006,ABY,GA,ASO,ES,Federal Contract Tower,0,16,12,15,43,0,0,38,3,41,0,16,50,18,84,38,50,88,172
10/05/2006,ABY,GA,ASO,ES,Federal Contract Tower,1,21,14,6,42,0,1,72,11,84,1,22,86,17,126,140,32,172,298
10/06/2006,ABY,GA,ASO,ES,Federal Contract Tower,1,26,18,17,62,0,1,21,2,24,1,27,39,19,86,0,10,10,96
10/07/2006,ABY,GA,ASO,ES,Federal Contract Tower,0,10,14,8,32,0,0,29,0,29,0,10,43,8,61,0,0,0,61
10/08/2006,ABY,GA,ASO,ES,Federal Contract Tower,0,8,15,0,23,0,0,32,0,32,0,8,47,0,55,2,0,2,57
10/09/2006,ABY,GA,ASO,ES,Federal Contract Tower,0,14,14,10,38,0,0,19,1,20,0,14,33,11,58,16,28,44,102
10/10/2006,ABY,GA,ASO,ES,Federal Contract Tower,1,13,21,8,43,0,3,40,0,43,1,16,61,8,86,10,64,74,160
10/11/2006,ABY,GA,ASO,ES,Federal Contract Tower,0,18,19,4,41,0,0,30,25,55,0,18,49,29,96,34,40,74,170
10/12/2006,ABY,GA,ASO,ES,Federal Contract Tower,1,23,15,6,45,0,1,37,8,46,1,24,52,14,91,62,82,144,235
10/13/2006,ABY,GA,ASO,ES,Federal Contract Tower,0,22,19,10,51,0,0,25,5,30,0,22,44,15,81,0,12,12,93
10/14/2006,ABY,GA,ASO,ES,Federal Contract Tower,0,6,11,7,24,0,0,58,0,58,0,6,69,7,82,0,0,0,82
10/15/2006,ABY,GA,ASO,ES,Federal Contract Tower,0,9,5,9,23,0,0,28,2,30,0,9,33,11,53,2,0,2,55
10/16/2006,ABY,GA,ASO,ES,Federal Contract Tower,0,19,14,15,48,0,0,33,10,43,0,19,47,25,91,8,38,46,137
10/17/2006,ABY,GA,ASO,ES,Federal Contract Tower,2,22,18,4,46,0,0,14,0,14,2,22,32,4,60,0,8,8,68
10/18/2006,ABY,GA,ASO,ES,Federal Contract Tower,4,18,24,12,58,0,2,23,0,25,4,20,47,12,83,74,28,102,185
10/19/2006,ABY,GA,ASO,ES,Federal Contract Tower,1,30,29,22,82,0,0,40,3,43,1,30,69,25,125,0,80,80,205
10/20/2006,ABY,GA,ASO,ES,Federal Contract Tower,1,20,19,11,51,0,1,11,2,14,1,21,30,13,65,0,24,24,89
10/21/2006,ABY,GA,ASO,ES,Federal Contract Tower,0,14,6,4,24,0,2,17,0,19,0,16,23,4,43,6,10,16,59
10/22/2006,ABY,GA,ASO,ES,Federal Contract Tower,0,2,7,4,13,0,0,6,0,6,0,2,13,4,19,0,2,2,21
10/23/2006,ABY,GA,ASO,ES,Federal Contract Tower,0,17,18,10,45,0,2,29,3,34,0,19,47,13,79,28,4,32,111
10/24/2006,ABY,GA,ASO,ES,Federal Contract Tower,0,18,37,10,65,0,3,36,26,65,0,21,73,36,130,6,30,36,166
10/25/2006,ABY,GA,ASO,ES,Federal Contract Tower,0,22,18,20,60,0,0,44,5,49,0,22,62,25,109,58,62,120,229
10/26/2006,ABY,GA,ASO,ES,Federal Contract Tower,1,30,23,25,79,0,2,35,21,58,1,32,58,46,137,68,68,136,273
10/27/2006,ABY,GA,ASO,ES,Federal Contract Tower,1,16,14,16,47,0,0,15,2,17,1,16,29,18,64,0,22,22,86
10/28/2006,ABY,GA,ASO,ES,Federal Contract Tower,1,15,5,1,22,0,0,12,0,12,1,15,17,1,34,22,0,22,56
10/29/2006,ABY,GA,ASO,ES,Federal Contract Tower,0,14,6,3,23,0,0,53,0,53,0,14,59,3,76,40,0,40,116
10/30/2006,ABY,GA,ASO,ES,Federal Contract Tower,0,22,13,26,61,0,1,52,0,53,0,23,65,26,114,70,36,106,220
10/31/2006,ABY,GA,ASO,ES,Federal Contract Tower,1,24,7,30,62,0,2,43,13,58,1,26,50,43,120,48,124,172,292
11/01/2006,ABY,GA,ASO,ES,Federal Contract Tower,1,23,19,9,52,0,1,39,12,52,1,24,58,21,104,26,76,102,206
11/02/2006,ABY,GA,ASO,ES,Federal Contract Tower,1,26,29,29,85,0,2,29,15,46,1,28,58,44,131,22,74,96,227
11/03/2006,ABY,GA,ASO,ES,Federal Contract Tower,1,18,12,11,42,0,0,29,0,29,1,18,41,11,71,0,32,32,103
11/04/2006,ABY,GA,ASO,ES,Federal Contract Tower,0,6,12,0,18,0,2,26,0,28,0,8,38,0,46,20,0,20,66
11/05/2006,ABY,GA,ASO,ES,Federal Contract Tower,0,11,8,8,27,0,0,35,2,37,0,11,43,10,64,0,26,26,90
11/06/2006,ABY,GA,ASO,ES,Federal Contract Tower,0,14,34,7,55,0,1,40,9,50,0,15,74,16,105,42,38,80,185
11/07/2006,ABY,GA,ASO,ES,Federal Contract Tower,1,19,26,17,63,0,0,5,0,5,1,19,31,17,68,4,8,12,80
11/08/2006,ABY,GA,ASO,ES,Federal Contract Tower,1,25,20,18,64,0,3,16,2,21,1,28,36,20,85,2,4,6,91
11/09/2006,ABY,GA,ASO,ES,Federal Contract Tower,1,20,21,7,49,0,3,33,0,36,1,23,54,7,85,54,0,54,139
11/10/2006,ABY,GA,ASO,ES,Federal Contract Tower,0,25,17,4,46,0,2,26,1,29,0,27,43,5,75,14,36,50,125
11/11/2006,ABY,GA,ASO,ES,Federal Contract Tower,0,9,3,2,14,0,0,13,1,14,0,9,16,3,28,4,0,4,32
11/12/2006,ABY,GA,ASO,ES,Federal Contract Tower,0,5,11,7,23,0,0,34,0,34,0,5,45,7,57,20,0,20,77
11/13/2006,ABY,GA,ASO,ES,Federal Contract Tower,0,18,16,10,44,0,1,25,0,26,0,19,41,10,70,0,6,6,76
11/14/2006,ABY,GA,ASO,ES,Federal Contract Tower,1,17,20,6,44,0,0,29,11,40,1,17,49,17,84,2,58,60,144
11/15/2006,ABY,GA,ASO,ES,Federal Contract Tower,1,14,15,0,30,0,0,0,0,0,1,14,15,0,30,0,0,0,30
11/16/2006,ABY,GA,ASO,ES,Federal Contract Tower,1,22,25,20,68,0,0,8,6,14,1,22,33,26,82,0,30,30,112
11/17/2006,ABY,GA,ASO,ES,Federal Contract Tower,1,26,32,18,77,0,2,35,22,59,1,28,67,40,136,48,40,88,224
11/18/2006,ABY,GA,ASO,ES,Federal Contract Tower,0,8,13,6,27,0,0,40,0,40,0,8,53,6,67,16,12,28,95
11/19/2006,ABY,GA,ASO,ES,Federal Contract Tower,0,15,27,4,46,0,0,30,4,34,0,15,57,8,80,12,32,44,124
11/20/2006,ABY,GA,ASO,ES,Federal Contract Tower,0,22,18,29,69,0,1,23,2,26,0,23,41,31,95,0,40,40,135
11/21/2006,ABY,GA,ASO,ES,Federal Contract Tower,1,20,32,22,75,0,1,38,0,39,1,21,70,22,114,82,32,114,228
11/22/2006,ABY,GA,ASO,ES,Federal Contract Tower,1,21,27,6,55,0,1,39,0,40,1,22,66,6,95,72,16,88,183
11/23/2006,ABY,GA,ASO,ES,Federal Contract Tower,0,9,2,0,11,0,1,16,0,17,0,10,18,0,28,0,0,0,28
11/24/2006,ABY,GA,ASO,ES,Federal Contract Tower,1,19,13,0,33,0,2,31,0,33,1,21,44,0,66,6,0,6,72
11/25/2006,ABY,GA,ASO,ES,Federal Contract Tower,0,13,9,0,22,0,0,33,0,33,0,13,42,0,55,40,0,40,95
11/26/2006,ABY,GA,ASO,ES,Federal Contract Tower,0,10,24,0,34,0,0,41,0,41,0,10,65,0,75,32,0,32,107
11/27/2006,ABY,GA,ASO,ES,Federal Contract Tower,0,26,17,30,73,0,1,32,3,36,0,27,49,33,109,56,56,112,221
11/28/2006,ABY,GA,ASO,ES,Federal Contract Tower,1,24,34,21,80,0,2,26,3,31,1,26,60,24,111,18,58,76,187
11/29/2006,ABY,GA,ASO,ES,Federal Contract Tower,1,24,30,5,60,0,1,15,3,19,1,25,45,8,79,14,62,76,155
11/30/2006,ABY,GA,ASO,ES,Federal Contract Tower,1,26,18,24,69,0,0,21,10,31,1,26,39,34,100,2,76,78,178
12/01/2006,ABY,GA,ASO,ES,Federal Contract Tower,1,26,25,21,73,0,2,11,0,13,1,28,36,21,86,0,24,24,110
12/02/2006,ABY,GA,ASO,ES,Federal Contract Tower,0,21,13,0,34,0,3,34,0,37,0,24,47,0,71,4,0,4,75
12/03/2006,ABY,GA,ASO,ES,Federal Contract Tower,0,15,20,2,37,0,0,22,0,22,0,15,42,2,59,24,0,24,83
12/04/2006,ABY,GA,ASO,ES,Federal Contract Tower,0,24,13,0,37,0,2,31,0,33,0,26,44,0,70,32,0,32,102
12/05/2006,ABY,GA,ASO,ES,Federal Contract Tower,4,19,31,6,60,0,7,45,9,61,4,26,76,15,121,58,68,126,247
12/06/2006,ABY,GA,ASO,ES,Federal Contract Tower,1,27,15,4,47,0,2,19,4,25,1,29,34,8,72,6,38,44,116
12/07/2006,ABY,GA,ASO,ES,Federal Contract Tower,1,28,24,14,67,0,1,24,3,28,1,29,48,17,95,14,22,36,131
12/08/2006,ABY,GA,ASO,ES,Federal Contract Tower,1,23,17,8,49,0,2,13,1,16,1,25,30,9,65,0,12,12,77
12/09/2006,ABY,GA,ASO,ES,Federal Contract Tower,0,11,12,0,23,0,0,39,0,39,0,11,51,0,62,54,0,54,116
12/10/2006,ABY,GA,ASO,ES,Federal Contract Tower,0,12,20,0,32,0,0,36,2,38,0,12,56,2,70,68,0,68,138
12/11/2006,ABY,GA,ASO,ES,Federal Contract Tower,0,12,16,18,46,0,0,34,0,34,0,12,50,18,80,12,28,40,120
12/12/2006,ABY,GA,ASO,ES,Federal Contract Tower,1,25,20,11,57,0,0,0,0,0,1,25,20,11,57,0,0,0,57
12/13/2006,ABY,GA,ASO,ES,Federal Contract Tower,4,26,18,20,68,0,3,25,0,28,4,29,43,20,96,14,12,26,122
12/14/2006,ABY,GA,ASO,ES,Federal Contract Tower,2,29,29,4,64,0,1,8,0,9,2,30,37,4,73,26,2,28,101
12/15/2006,ABY,GA,ASO,ES,Federal Contract Tower,3,27,15,6,51,0,2,45,2,49,3,29,60,8,100,36,4,40,140
12/16/2006,ABY,GA,ASO,ES,Federal Contract Tower,1,4,17,0,22,0,1,29,0,30,1,5,46,0,52,0,0,0,52
12/17/2006,ABY,GA,ASO,ES,Federal Contract Tower,0,5,7,7,19,0,1,25,1,27,0,6,32,8,46,38,0,38,84
12/18/2006,ABY,GA,ASO,ES,Federal Contract Tower,0,19,10,6,35,0,2,26,4,32,0,21,36,10,67,8,14,22,89
12/19/2006,ABY,GA,ASO,ES,Federal Contract Tower,1,16,18,4,39,0,2,39,0,41,1,18,57,4,80,60,8,68,148
12/20/2006,ABY,GA,ASO,ES,Federal Contract Tower,2,25,22,12,61,0,0,32,0,32,2,25,54,12,93,0,18,18,111
12/21/2006,ABY,GA,ASO,ES,Federal Contract Tower,1,29,17,6,53,0,0,10,4,14,1,29,27,10,67,0,4,4,71
12/22/2006,ABY,GA,ASO,ES,Federal Contract Tower,3,26,15,0,44,0,0,3,4,7,3,26,18,4,51,0,0,0,51
12/23/2006,ABY,GA,ASO,ES,Federal Contract Tower,0,9,10,0,19,0,0,15,0,15,0,9,25,0,34,8,0,8,42
12/24/2006,ABY,GA,ASO,ES,Federal Contract Tower,0,5,6,0,11,0,0,3,0,3,0,5,9,0,14,0,0,0,14
12/25/2006,ABY,GA,ASO,ES,Federal Contract Tower,0,5,0,0,5,0,0,0,0,0,0,5,0,0,5,0,0,0,5
12/26/2006,ABY,GA,ASO,ES,Federal Contract Tower,1,25,17,0,43,0,0,2,0,2,1,25,19,0,45,0,0,0,45
12/27/2006,ABY,GA,ASO,ES,Federal Contract Tower,0,28,16,0,44,0,2,36,0,38,0,30,52,0,82,4,0,4,86
12/28/2006,ABY,GA,ASO,ES,Federal Contract Tower,0,26,24,0,50,0,0,30,0,30,0,26,54,0,80,62,0,62,142
12/29/2006,ABY,GA,ASO,ES,Federal Contract Tower,1,24,6,4,35,0,0,9,0,9,1,24,15,4,44,0,0,0,44
12/30/2006,ABY,GA,ASO,ES,Federal Contract Tower,0,13,7,0,20,0,0,4,0,4,0,13,11,0,24,0,0,0,24
12/31/2006,ABY,GA,ASO,ES,Federal Contract Tower,0,7,5,2,14,0,0,0,0,0,0,7,5,2,14,0,0,0,14
01/01/2007,ABY,GA,ASO,ES,Federal Contract Tower,0,8,12,0,20,0,0,1,0,1,0,8,13,0,21,0,0,0,21
01/02/2007,ABY,GA,ASO,ES,Federal Contract Tower,1,18,16,0,35,0,0,27,0,27,1,18,43,0,62,54,0,54,116
01/03/2007,ABY,GA,ASO,ES,Federal Contract Tower,0,20,24,0,44,0,0,15,0,15,0,20,39,0,59,50,0,50,109
01/04/2007,ABY,GA,ASO,ES,Federal Contract Tower,0,29,52,0,81,0,0,0,0,0,0,29,52,0,81,4,0,4,85
01/05/2007,ABY,GA,ASO,ES,Federal Contract Tower,1,22,15,0,38,0,0,0,0,0,1,22,15,0,38,0,0,0,38
01/06/2007,ABY,GA,ASO,ES,Federal Contract Tower,0,16,9,2,27,0,0,2,0,2,0,16,11,2,29,0,0,0,29
01/07/2007,ABY,GA,ASO,ES,Federal Contract Tower,0,16,15,2,33,0,0,10,0,10,0,16,25,2,43,0,12,12,55
01/08/2007,ABY,GA,ASO,ES,Federal Contract Tower,0,22,9,4,35,0,2,23,0,25,0,24,32,4,60,0,4,4,64
01/09/2007,ABY,GA,ASO,ES,Federal Contract Tower,0,20,21,2,43,0,3,27,10,40,0,23,48,12,83,10,46,56,139
01/10/2007,ABY,GA,ASO,ES,Federal Contract Tower,0,17,19,7,43,0,0,31,12,43,0,17,50,19,86,26,90,116,202
01/11/2007,ABY,GA,ASO,ES,Federal Contract Tower,0,25,24,7,56,0,2,34,11,47,0,27,58,18,103,0,40,40,143
01/12/2007,ABY,GA,ASO,ES,Federal Contract Tower,1,32,30,2,65,0,2,29,0,31,1,34,59,2,96,0,2,2,98
01/13/2007,ABY,GA,ASO,ES,Federal Contract Tower,0,13,13,6,32,0,2,36,0,38,0,15,49,6,70,48,0,48,118
01/14/2007,ABY,GA,ASO,ES,Federal Contract Tower,0,17,13,4,34,0,0,26,0,26,0,17,39,4,60,26,6,32,92
01/15/2007,ABY,GA,ASO,ES,Federal Contract Tower,0,15,15,2,32,0,2,15,0,17,0,17,30,2,49,2,2,4,53
01/16/2007,ABY,GA,ASO,ES,Federal Contract Tower,0,23,29,6,58,0,1,17,0,18,0,24,46,6,76,12,18,30,106
01/17/2007,ABY,GA,ASO,ES,Federal Contract Tower,0,20,30,8,58,0,0,30,2,32,0,20,60,10,90,6,102,108,198
01/18/2007,ABY,GA,ASO,ES,Federal Contract Tower,1,23,35,14,73,0,2,1,0,3,1,25,36,14,76,0,4,4,80
01/19/2007,ABY,GA,ASO,ES,Federal Contract Tower,1,25,41,17,84,0,3,22,2,27,1,28,63,19,111,20,82,102,213
01/20/2007,ABY,GA,ASO,ES,Federal Contract Tower,0,10,16,5,31,0,1,51,4,56,0,11,67,9,87,58,0,58,145
01/21/2007,ABY,GA,ASO,ES,Federal Contract Tower,0,14,12,5,31,0,1,18,0,19,0,15,30,5,50,20,0,20,70
01/22/2007,ABY,GA,ASO,ES,Federal Contract Tower,0,19,19,2,40,0,0,3,0,3,0,19,22,2,43,0,4,4,47
01/23/2007,ABY,GA,ASO,ES,Federal Contract Tower,1,19,22,18,60,0,3,28,6,37,1,22,50,24,97,6,26,32,129
01/24/2007,ABY,GA,ASO,ES,Federal Contract Tower,1,22,15,12,50,0,1,28,0,29,1,23,43,12,79,0,6,6,85
01/25/2007,ABY,GA,ASO,ES,Federal Contract Tower,1,19,23,12,55,0,2,23,4,29,1,21,46,16,84,2,8,10,94
01/26/2007,ABY,GA,ASO,ES,Federal Contract Tower,0,24,21,14,59,0,5,50,7,62,0,29,71,21,121,12,54,66,187
01/27/2007,ABY,GA,ASO,ES,Federal Contract Tower,0,12,20,0,32,0,0,25,0,25,0,12,45,0,57,26,0,26,83
01/28/2007,ABY,GA,ASO,ES,Federal Contract Tower,0,23,27,0,50,0,0,22,0,22,0,23,49,0,72,0,0,0,72
01/29/2007,ABY,GA,ASO,ES,Federal Contract Tower,0,19,11,20,50,0,2,43,0,45,0,21,54,20,95,14,32,46,141
01/30/2007,ABY,GA,ASO,ES,Federal Contract Tower,1,22,24,27,74,0,3,38,0,41,1,25,62,27,115,22,28,50,165
01/31/2007,ABY,GA,ASO,ES,Federal Contract Tower,0,22,23,2,47,0,1,26,0,27,0,23,49,2,74,10,0,10,84
02/01/2007,ABY,GA,ASO,ES,Federal Contract Tower,1,25,10,8,44,0,0,0,0,0,1,25,10,8,44,0,16,16,60
02/02/2007,ABY,GA,ASO,ES,Federal Contract Tower,0,19,32,6,57,0,0,2,0,2,0,19,34,6,59,0,4,4,63
02/03/2007,ABY,GA,ASO,ES,Federal Contract Tower,0,12,11,2,25,0,0,25,9,34,0,12,36,11,59,46,18,64,123
02/04/2007,ABY,GA,ASO,ES,Federal Contract Tower,0,9,21,0,30,0,0,18,0,18,0,9,39,0,48,0,0,0,48
02/05/2007,ABY,GA,ASO,ES,Federal Contract Tower,0,22,19,14,55,0,2,37,5,44,0,24,56,19,99,8,76,84,183
02/06/2007,ABY,GA,ASO,ES,Federal Contract Tower,1,17,22,16,56,0,1,44,14,59,1,18,66,30,115,24,108,132,247
02/07/2007,ABY,GA,ASO,ES,Federal Contract Tower,1,21,33,22,77,0,0,36,2,38,1,21,69,24,115,18,58,76,191
02/08/2007,ABY,GA,ASO,ES,Federal Contract Tower,0,26,34,19,79,0,0,37,18,55,0,26,71,37,134,30,122,152,286
02/09/2007,ABY,GA,ASO,ES,Federal Contract Tower,1,26,28,12,67,0,0,21,4,25,1,26,49,16,92,0,40,40,132
02/10/2007,ABY,GA,ASO,ES,Federal Contract Tower,0,12,17,0,29,0,0,36,0,36,0,12,53,0,65,0,0,0,65
02/11/2007,ABY,GA,ASO,ES,Federal Contract Tower,0,15,23,2,40,0,0,31,1,32,0,15,54,3,72,10,0,10,82
02/12/2007,ABY,GA,ASO,ES,Federal Contract Tower,0,22,21,17,60,0,0,39,9,48,0,22,60,26,108,36,50,86,194
02/13/2007,ABY,GA,ASO,ES,Federal Contract Tower,1,25,14,1,41,0,0,6,1,7,1,25,20,2,48,0,0,0,48
02/14/2007,ABY,GA,ASO,ES,Federal Contract Tower,2,22,32,12,68,0,0,19,3,22,2,22,51,15,90,48,34,82,172
02/15/2007,ABY,GA,ASO,ES,Federal Contract Tower,2,31,36,22,91,0,1,55,16,72,2,32,91,38,163,48,62,110,273
02/16/2007,ABY,GA,ASO,ES,Federal Contract Tower,3,23,37,10,73,0,1,16,0,17,3,24,53,10,90,0,9,9,99
02/17/2007,ABY,GA,ASO,ES,Federal Contract Tower,0,11,40,4,55,0,0,19,0,19,0,11,59,4,74,6,0,6,80
02/18/2007,ABY,GA,ASO,ES,Federal Contract Tower,0,16,28,0,44,0,0,24,0,24,0,16,52,0,68,0,0,0,68
02/19/2007,ABY,GA,ASO,ES,Federal Contract Tower,0,17,22,4,43,0,2,20,0,22,0,19,42,4,65,4,4,8,73
02/20/2007,ABY,GA,ASO,ES,Federal Contract Tower,0,25,28,6,59,0,0,29,0,29,0,25,57,6,88,0,4,4,92
02/21/2007,ABY,GA,ASO,ES,Federal Contract Tower,1,20,14,12,47,0,1,11,0,12,1,21,25,12,59,10,2,12,71
02/22/2007,ABY,GA,ASO,ES,Federal Contract Tower,2,20,36,4,62,0,3,34,8,45,2,23,70,12,107,80,6,86,193
02/23/2007,ABY,GA,ASO,ES,Federal Contract Tower,0,25,23,8,56,0,2,56,2,60,0,27,79,10,116,46,0,46,162
02/24/2007,ABY,GA,ASO,ES,Federal Contract Tower,0,9,24,6,39,0,0,44,1,45,0,9,68,7,84,0,2,2,86
02/25/2007,ABY,GA,ASO,ES,Federal Contract Tower,0,15,16,0,31,0,0,0,0,0,0,15,16,0,31,0,0,0,31
02/26/2007,ABY,GA,ASO,ES,Federal Contract Tower,0,23,14,17,54,0,2,34,5,41,0,25,48,22,95,24,20,44,139
02/27/2007,ABY,GA,ASO,ES,Federal Contract Tower,1,22,24,6,53,0,0,45,2,47,1,22,69,8,100,16,28,44,144
02/28/2007,ABY,GA,ASO,ES,Federal Contract Tower,1,27,33,13,74,0,0,48,10,58,1,27,81,23,132,18,82,100,232
03/01/2007,ABY,GA,ASO,ES,Federal Contract Tower,1,24,6,0,31,0,0,3,0,3,1,24,9,0,34,0,0,0,34
03/02/2007,ABY,GA,ASO,ES,Federal Contract Tower,1,27,25,2,55,0,1,46,2,49,1,28,71,4,104,26,28,54,158
03/03/2007,ABY,GA,ASO,ES,Federal Contract Tower,0,9,13,2,24,0,0,25,0,25,0,9,38,2,49,0,0,0,49
03/04/2007,ABY,GA,ASO,ES,Federal Contract Tower,0,7,12,0,19,0,0,46,0,46,0,7,58,0,65,6,0,6,71
03/05/2007,ABY,GA,ASO,ES,Federal Contract Tower,0,18,19,2,39,0,2,49,2,53,0,20,68,4,92,40,12,52,144
03/06/2007,ABY,GA,ASO,ES,Federal Contract Tower,1,23,23,10,57,0,2,46,16,64,1,25,69,26,121,28,76,104,225
03/07/2007,ABY,GA,ASO,ES,Federal Contract Tower,0,27,19,8,54,0,0,39,2,41,0,27,58,10,95,8,48,56,151
03/08/2007,ABY,GA,ASO,ES,Federal Contract Tower,3,24,17,10,54,0,2,42,2,46,3,26,59,12,100,24,4,28,128
03/09/2007,ABY,GA,ASO,ES,Federal Contract Tower,0,29,9,2,40,0,2,26,0,28,0,31,35,2,68,10,0,10,78
03/10/2007,ABY,GA,ASO,ES,Federal Contract Tower,1,8,5,4,18,0,0,26,5,31,1,8,31,9,49,6,4,10,59
03/11/2007,ABY,GA,ASO,ES,Federal Contract Tower,0,9,12,2,23,0,0,28,0,28,0,9,40,2,51,18,0,18,69
03/12/2007,ABY,GA,ASO,ES,Federal Contract Tower,0,15,15,6,36,0,3,21,0,24,0,18,36,6,60,0,12,12,72
03/13/2007,ABY,GA,ASO,ES,Federal Contract Tower,4,21,25,12,62,0,2,43,1,46,4,23,68,13,108,0,24,24,132
03/14/2007,ABY,GA,ASO,ES,Federal Contract Tower,1,19,6,6,32,0,2,35,0,37,1,21,41,6,69,6,0,6,75
03/15/2007,ABY,GA,ASO,ES,Federal Contract Tower,1,28,24,10,63,0,0,21,0,21,1,28,45,10,84,0,44,44,128
03/16/2007,ABY,GA,ASO,ES,Federal Contract Tower,1,25,12,6,44,0,2,27,0,29,1,27,39,6,73,72,0,72,145
03/17/2007,ABY,GA,ASO,ES,Federal Contract Tower,2,12,9,0,23,0,1,30,0,31,2,13,39,0,54,12,0,12,66
03/18/2007,ABY,GA,ASO,ES,Federal Contract Tower,0,13,2,0,15,0,0,48,0,48,0,13,50,0,63,6,0,6,69
03/19/2007,ABY,GA,ASO,ES,Federal Contract Tower,0,19,7,12,38,0,0,39,0,39,0,19,46,12,77,18,8,26,103
03/20/2007,ABY,GA,ASO,ES,Federal Contract Tower,1,26,22,5,54,0,1,43,9,53,1,27,65,14,107,44,0,44,151
03/21/2007,ABY,GA,ASO,ES,Federal Contract Tower,1,21,17,2,41,0,0,41,2,43,1,21,58,4,84,42,36,78,162
03/22/2007,ABY,GA,ASO,ES,Federal Contract Tower,0,21,30,0,51,0,1,50,2,53,0,22,80,2,104,44,0,44,148
03/23/2007,ABY,GA,ASO,ES,Federal Contract Tower,0,20,11,2,33,0,0,32,6,38,0,20,43,8,71,10,24,34,105
03/24/2007,ABY,GA,ASO,ES,Federal Contract Tower,0,9,13,0,22,0,0,32,0,32,0,9,45,0,54,0,0,0,54
03/25/2007,ABY,GA,ASO,ES,Federal Contract Tower,0,8,13,0,21,0,0,37,4,41,0,8,50,4,62,4,0,4,66
03/26/2007,ABY,GA,ASO,ES,Federal Contract Tower,0,15,11,0,26,0,0,38,4,42,0,15,49,4,68,24,58,82,150
03/27/2007,ABY,GA,ASO,ES,Federal Contract Tower,0,15,23,8,46,0,4,39,1,44,0,19,62,9,90,6,58,64,154
03/28/2007,ABY,GA,ASO,ES,Federal Contract Tower,1,20,14,4,39,0,0,30,0,30,1,20,44,4,69,32,2,34,103
03/29/2007,ABY,GA,ASO,ES,Federal Contract Tower,1,24,7,5,37,0,0,30,7,37,1,24,37,12,74,8,22,30,104
03/30/2007,ABY,GA,ASO,ES,Federal Contract Tower,1,25,26,5,57,0,0,26,0,26,1,25,52,5,83,8,0,8,91
03/31/2007,ABY,GA,ASO,ES,Federal Contract Tower,0,6,5,1,12,0,0,16,0,16,0,6,21,1,28,20,0,20,48
04/01/2007,ABY,GA,ASO,ES,Federal Contract Tower,0,7,6,2,15,0,0,9,0,9,0,7,15,2,24,0,0,0,24
04/02/2007,ABY,GA,ASO,ES,Federal Contract Tower,0,16,14,4,34,0,0,20,0,20,0,16,34,4,54,22,4,26,80
04/03/2007,ABY,GA,ASO,ES,Federal Contract Tower,0,21,21,4,46,0,1,20,6,27,0,22,41,10,73,0,48,48,121
04/04/2007,ABY,GA,ASO,ES,Federal Contract Tower,1,21,4,3,29,0,0,5,2,7,1,21,9,5,36,20,12,32,68
04/05/2007,ABY,GA,ASO,ES,Federal Contract Tower,1,16,19,3,39,0,0,17,2,19,1,16,36,5,58,12,12,24,82
04/06/2007,ABY,GA,ASO,ES,Federal Contract Tower,0,21,21,2,44,0,1,19,2,22,0,22,40,4,66,0,24,24,90
04/07/2007,ABY,GA,ASO,ES,Federal Contract Tower,0,5,11,0,16,0,2,11,0,13,0,7,22,0,29,0,0,0,29
04/08/2007,ABY,GA,ASO,ES,Federal Contract Tower,0,12,8,0,20,0,0,24,0,24,0,12,32,0,44,2,0,2,46
04/09/2007,ABY,GA,ASO,ES,Federal Contract Tower,0,13,14,2,29,0,4,45,0,49,0,17,59,2,78,34,0,34,112
04/10/2007,ABY,GA,ASO,ES,Federal Contract Tower,0,15,16,0,31,0,0,31,6,37,0,15,47,6,68,12,0,12,80
04/11/2007,ABY,GA,ASO,ES,Federal Contract Tower,0,23,6,6,35,0,0,25,0,25,0,23,31,6,60,10,8,18,78
04/12/2007,ABY,GA,ASO,ES,Federal Contract Tower,1,26,22,6,55,0,0,24,10,34,1,26,46,16,89,30,0,30,119
04/13/2007,ABY,GA,ASO,ES,Federal Contract Tower,0,21,18,1,40,0,0,40,1,41,0,21,58,2,81,16,0,16,97
04/14/2007,ABY,GA,ASO,ES,Federal Contract Tower,0,6,6,0,12,0,0,16,0,16,0,6,22,0,28,0,0,0,28
04/15/2007,ABY,GA,ASO,ES,Federal Contract Tower,0,6,7,0,13,0,0,19,0,19,0,6,26,0,32,0,0,0,32
04/16/2007,ABY,GA,ASO,ES,Federal Contract Tower,0,16,23,4,43,0,2,58,0,60,0,18,81,4,103,30,4,34,137
04/17/2007,ABY,GA,ASO,ES,Federal Contract Tower,0,16,15,0,31,0,2,50,4,56,0,18,65,4,87,10,40,50,137
04/18/2007,ABY,GA,ASO,ES,Federal Contract Tower,0,16,12,17,45,0,0,52,3,55,0,16,64,20,100,26,52,78,178
04/19/2007,ABY,GA,ASO,ES,Federal Contract Tower,0,21,17,0,38,0,5,47,0,52,0,26,64,0,90,18,0,18,108
04/20/2007,ABY,GA,ASO,ES,Federal Contract Tower,0,18,14,10,42,0,3,50,16,69,0,21,64,26,111,22,76,98,209
04/21/2007,ABY,GA,ASO,ES,Federal Contract Tower,0,6,8,0,14,0,5,28,0,33,0,11,36,0,47,72,0,72,119
04/22/2007,ABY,GA,ASO,ES,Federal Contract Tower,0,9,9,2,20,0,2,40,1,43,0,11,49,3,63,12,0,12,75
04/23/2007,ABY,GA,ASO,ES,Federal Contract Tower,0,18,7,2,27,0,2,42,2,46,0,20,49,4,73,18,50,68,141
04/24/2007,ABY,GA,ASO,ES,Federal Contract Tower,0,17,12,11,40,0,4,55,14,73,0,21,67,25,113,50,90,140,253
04/25/2007,ABY,GA,ASO,ES,Federal Contract Tower,0,18,26,8,52,0,0,32,17,49,0,18,58,25,101,34,82,116,217
04/26/2007,ABY,GA,ASO,ES,Federal Contract Tower,0,24,21,0,45,0,0,16,2,18,0,24,37,2,63,0,46,46,109
04/27/2007,ABY,GA,ASO,ES,Federal Contract Tower,0,26,9,2,37,0,3,33,6,42,0,29,42,8,79,16,0,16,95
04/28/2007,ABY,GA,ASO,ES,Federal Contract Tower,0,15,13,3,31,0,0,19,0,19,0,15,32,3,50,0,4,4,54
04/29/2007,ABY,GA,ASO,ES,Federal Contract Tower,0,13,10,0,23,0,0,32,0,32,0,13,42,0,55,0,0,0,55
04/30/2007,ABY,GA,ASO,ES,Federal Contract Tower,0,21,6,2,29,0,0,32,10,42,0,21,38,12,71,12,64,76,147
05/01/2007,ABY,GA,ASO,ES,Federal Contract Tower,0,17,14,0,31,0,1,42,0,43,0,18,56,0,74,40,0,40,114
05/02/2007,ABY,GA,ASO,ES,Federal Contract Tower,0,20,11,4,35,0,2,23,1,26,0,22,34,5,61,46,2,48,109
05/03/2007,ABY,GA,ASO,ES,Federal Contract Tower,0,15,11,10,36,0,4,32,6,42,0,19,43,16,78,32,70,102,180
05/04/2007,ABY,GA,ASO,ES,Federal Contract Tower,1,14,13,4,32,0,3,25,0,28,1,17,38,4,60,42,2,44,104
05/05/2007,ABY,GA,ASO,ES,Federal Contract Tower,0,8,4,0,12,0,0,22,0,22,0,8,26,0,34,0,0,0,34
05/06/2007,ABY,GA,ASO,ES,Federal Contract Tower,0,6,20,2,28,0,0,6,0,6,0,6,26,2,34,16,0,16,50
05/08/2007,ABY,GA,ASO,ES,Federal Contract Tower,0,22,5,4,31,0,1,35,0,36,0,23,40,4,67,34,0,34,101
05/09/2007,ABY,GA,ASO,ES,Federal Contract Tower,1,28,19,0,48,0,0,26,0,26,1,28,45,0,74,0,22,22,96
05/10/2007,ABY,GA,ASO,ES,Federal Contract Tower,0,19,7,2,28,0,2,36,4,42,0,21,43,6,70,34,46,80,150
05/11/2007,ABY,GA,ASO,ES,Federal Contract Tower,1,22,20,4,47,0,2,20,0,22,1,24,40,4,69,34,0,34,103
05/12/2007,ABY,GA,ASO,ES,Federal Contract Tower,0,6,12,0,18,0,0,0,0,0,0,6,12,0,18,0,0,0,18
05/13/2007,ABY,GA,ASO,ES,Federal Contract Tower,0,5,2,0,7,0,0,18,0,18,0,5,20,0,25,0,0,0,25
05/14/2007,ABY,GA,ASO,ES,Federal Contract Tower,0,16,12,0,28,0,0,29,0,29,0,16,41,0,57,34,0,34,91
05/15/2007,ABY,GA,ASO,ES,Federal Contract Tower,1,23,14,6,44,0,22,28,0,50,1,45,42,6,94,30,4,34,128
05/16/2007,ABY,GA,ASO,ES,Federal Contract Tower,0,25,34,3,62,0,0,29,5,34,0,25,63,8,96,4,68,72,168
05/17/2007,ABY,GA,ASO,ES,Federal Contract Tower,0,20,21,0,41,0,4,49,4,57,0,24,70,4,98,16,42,58,156
05/18/2007,ABY,GA,ASO,ES,Federal Contract Tower,0,23,19,2,44,0,1,38,7,46,0,24,57,9,90,28,50,78,168
05/19/2007,ABY,GA,ASO,ES,Federal Contract Tower,0,4,2,0,6,0,0,38,0,38,0,4,40,0,44,4,0,4,48
05/21/2007,ABY,GA,ASO,ES,Federal Contract Tower,0,16,2,2,20,0,4,41,6,51,0,20,43,8,71,0,66,66,137
05/23/2007,ABY,GA,ASO,ES,Federal Contract Tower,0,19,11,9,39,0,2,34,0,36,0,21,45,9,75,28,44,72,147
05/25/2007,ABY,GA,ASO,ES,Federal Contract Tower,0,20,14,14,48,0,2,24,8,34,0,22,38,22,82,4,82,86,168
05/26/2007,ABY,GA,ASO,ES,Federal Contract Tower,0,2,7,0,9,0,0,29,0,29,0,2,36,0,38,16,0,16,54
05/27/2007,ABY,GA,ASO,ES,Federal Contract Tower,0,3,4,0,7,0,0,12,0,12,0,3,16,0,19,0,0,0,19
05/28/2007,ABY,GA,ASO,ES,Federal Contract Tower,0,4,6,0,10,0,0,24,0,24,0,4,30,0,34,12,0,12,46
05/29/2007,ABY,GA,ASO,ES,Federal Contract Tower,0,22,21,3,46,0,0,20,1,21,0,22,41,4,67,0,20,20,87
05/30/2007,ABY,GA,ASO,ES,Federal Contract Tower,1,23,18,3,45,0,1,3,1,5,1,24,21,4,50,0,26,26,76
05/31/2007,ABY,GA,ASO,ES,Federal Contract Tower,0,21,16,2,39,0,3,0,0,3,0,24,16,2,42,0,0,0,42
06/01/2007,ABY,GA,ASO,ES,Federal Contract Tower,1,22,15,3,41,0,2,7,10,19,1,24,22,13,60,0,0,0,60
06/02/2007,ABY,GA,ASO,ES,Federal Contract Tower,0,6,3,0,9,0,0,0,0,0,0,6,3,0,9,0,0,0,9
06/03/2007,ABY,GA,ASO,ES,Federal Contract Tower,0,10,5,3,18,0,0,23,1,24,0,10,28,4,42,0,0,0,42
06/04/2007,ABY,GA,ASO,ES,Federal Contract Tower,0,19,18,2,39,0,1,27,4,32,0,20,45,6,71,28,22,50,121
06/05/2007,ABY,GA,ASO,ES,Federal Contract Tower,0,20,6,0,26,0,1,21,6,28,0,21,27,6,54,8,8,16,70
06/06/2007,ABY,GA,ASO,ES,Federal Contract Tower,1,19,10,2,32,0,0,34,2,36,1,19,44,4,68,16,34,50,118
06/07/2007,ABY,GA,ASO,ES,Federal Contract Tower,0,19,10,3,32,0,2,34,0,36,0,21,44,3,68,24,10,34,102
06/08/2007,ABY,GA,ASO,ES,Federal Contract Tower,1,20,11,4,36,0,3,25,6,34,1,23,36,10,70,22,30,52,122
06/09/2007,ABY,GA,ASO,ES,Federal Contract Tower,0,5,8,0,13,0,0,41,0,41,0,5,49,0,54,18,0,18,72
06/10/2007,ABY,GA,ASO,ES,Federal Contract Tower,0,8,13,2,23,0,0,26,0,26,0,8,39,2,49,8,0,8,57
06/11/2007,ABY,GA,ASO,ES,Federal Contract Tower,0,22,7,3,32,0,1,26,1,28,0,23,33,4,60,12,10,22,82
06/12/2007,ABY,GA,ASO,ES,Federal Contract Tower,1,24,13,2,40,0,2,13,0,15,1,26,26,2,55,0,0,0,55
06/13/2007,ABY,GA,ASO,ES,Federal Contract Tower,1,19,13,2,35,0,0,36,4,40,1,19,49,6,75,48,70,118,193
06/14/2007,ABY,GA,ASO,ES,Federal Contract Tower,1,24,16,4,45,0,1,29,1,31,1,25,45,5,76,32,30,62,138
06/15/2007,ABY,GA,ASO,ES,Federal Contract Tower,0,17,9,4,30,0,1,39,0,40,0,18,48,4,70,34,0,34,104
06/16/2007,ABY,GA,ASO,ES,Federal Contract Tower,0,5,8,0,13,0,0,38,2,40,0,5,46,2,53,2,0,2,55
06/17/2007,ABY,GA,ASO,ES,Federal Contract Tower,0,6,7,2,15,0,0,30,0,30,0,6,37,2,45,2,0,2,47
06/18/2007,ABY,GA,ASO,ES,Federal Contract Tower,0,20,17,4,41,0,2,34,3,39,0,22,51,7,80,36,38,74,154
06/19/2007,ABY,GA,ASO,ES,Federal Contract Tower,0,26,14,4,44,0,0,14,3,17,0,26,28,7,61,10,0,10,71
06/20/2007,ABY,GA,ASO,ES,Federal Contract Tower,0,19,9,0,28,0,0,29,0,29,0,19,38,0,57,6,0,6,63
06/21/2007,ABY,GA,ASO,ES,Federal Contract Tower,0,19,14,0,33,0,1,25,0,26,0,20,39,0,59,22,0,22,81
06/22/2007,ABY,GA,ASO,ES,Federal Contract Tower,0,21,15,2,38,0,2,36,0,38,0,23,51,2,76,30,0,30,106
06/23/2007,ABY,GA,ASO,ES,Federal Contract Tower,0,7,5,0,12,0,0,29,0,29,0,7,34,0,41,14,0,14,55
06/24/2007,ABY,GA,ASO,ES,Federal Contract Tower,0,8,9,0,17,0,0,26,0,26,0,8,35,0,43,0,0,0,43
06/25/2007,ABY,GA,ASO,ES,Federal Contract Tower,0,21,10,3,34,0,2,17,3,22,0,23,27,6,56,0,10,10,66
06/26/2007,ABY,GA,ASO,ES,Federal Contract Tower,0,22,11,0,33,0,1,56,0,57,0,23,67,0,90,48,0,48,138
06/27/2007,ABY,GA,ASO,ES,Federal Contract Tower,0,22,8,0,30,0,0,51,1,52,0,22,59,1,82,22,18,40,122
06/28/2007,ABY,GA,ASO,ES,Federal Contract Tower,1,26,4,4,35,0,0,16,0,16,1,26,20,4,51,10,0,10,61
06/29/2007,ABY,GA,ASO,ES,Federal Contract Tower,0,18,7,0,25,0,0,7,5,12,0,18,14,5,37,0,0,0,37
06/30/2007,ABY,GA,ASO,ES,Federal Contract Tower,0,8,3,0,11,0,0,2,0,2,0,8,5,0,13,0,0,0,13
07/01/2007,ABY,GA,ASO,ES,Federal Contract Tower,0,4,6,4,14,0,0,26,0,26,0,4,32,4,40,0,0,0,40
07/02/2007,ABY,GA,ASO,ES,Federal Contract Tower,0,19,14,0,33,0,0,21,0,21,0,19,35,0,54,0,0,0,54
07/03/2007,ABY,GA,ASO,ES,Federal Contract Tower,1,17,10,2,30,0,0,26,0,26,1,17,36,2,56,0,0,0,56
07/04/2007,ABY,GA,ASO,ES,Federal Contract Tower,0,5,0,0,5,0,0,7,0,7,0,5,7,0,12,0,0,0,12
07/05/2007,ABY,GA,ASO,ES,Federal Contract Tower,1,19,7,4,31,0,1,23,0,24,1,20,30,4,55,0,40,40,95
07/06/2007,ABY,GA,ASO,ES,Federal Contract Tower,1,23,19,3,46,0,0,24,5,29,1,23,43,8,75,10,36,46,121
07/07/2007,ABY,GA,ASO,ES,Federal Contract Tower,0,5,5,2,12,0,0,24,0,24,0,5,29,2,36,12,0,12,48
07/08/2007,ABY,GA,ASO,ES,Federal Contract Tower,0,4,7,0,11,0,0,18,0,18,0,4,25,0,29,0,0,0,29
07/09/2007,ABY,GA,ASO,ES,Federal Contract Tower,0,18,8,2,28,0,1,26,2,29,0,19,34,4,57,16,0,16,73
07/10/2007,ABY,GA,ASO,ES,Federal Contract Tower,0,19,8,10,37,0,2,26,5,33,0,21,34,15,70,0,52,52,122
07/11/2007,ABY,GA,ASO,ES,Federal Contract Tower,0,17,11,1,29,0,0,13,0,13,0,17,24,1,42,24,4,28,70
07/12/2007,ABY,GA,ASO,ES,Federal Contract Tower,2,23,14,0,39,0,3,24,6,33,2,26,38,6,72,32,12,44,116
07/13/2007,ABY,GA,ASO,ES,Federal Contract Tower,0,20,5,1,26,0,2,12,4,18,0,22,17,5,44,0,72,72,116
07/14/2007,ABY,GA,ASO,ES,Federal Contract Tower,0,5,8,0,13,0,0,19,0,19,0,5,27,0,32,20,0,20,52
07/15/2007,ABY,GA,ASO,ES,Federal Contract Tower,0,6,2,0,8,0,0,15,6,21,0,6,17,6,29,6,0,6,35
07/16/2007,ABY,GA,ASO,ES,Federal Contract Tower,0,21,10,2,33,0,1,22,6,29,0,22,32,8,62,4,78,82,144
07/17/2007,ABY,GA,ASO,ES,Federal Contract Tower,0,22,5,0,27,0,4,33,0,37,0,26,38,0,64,16,0,16,80
07/18/2007,ABY,GA,ASO,ES,Federal Contract Tower,0,22,15,4,41,0,0,30,3,33,0,22,45,7,74,42,26,68,142
07/19/2007,ABY,GA,ASO,ES,Federal Contract Tower,0,24,16,2,42,0,2,52,9,63,0,26,68,11,105,26,6,32,137
07/20/2007,ABY,GA,ASO,ES,Federal Contract Tower,0,22,12,5,39,0,1,22,3,26,0,23,34,8,65,22,4,26,91
07/21/2007,ABY,GA,ASO,ES,Federal Contract Tower,0,4,3,0,7,0,0,35,0,35,0,4,38,0,42,14,0,14,56
07/22/2007,ABY,GA,ASO,ES,Federal Contract Tower,0,6,14,2,22,0,0,37,0,37,0,6,51,2,59,18,0,18,77
07/23/2007,ABY,GA,ASO,ES,Federal Contract Tower,0,19,4,2,25,0,1,4,2,7,0,20,8,4,32,0,0,0,32
07/24/2007,ABY,GA,ASO,ES,Federal Contract Tower,1,21,11,0,33,0,2,5,0,7,1,23,16,0,40,0,0,0,40
07/25/2007,ABY,GA,ASO,ES,Federal Contract Tower,1,25,4,0,30,0,1,16,0,17,1,26,20,0,47,48,0,48,95
07/26/2007,ABY,GA,ASO,ES,Federal Contract Tower,0,22,13,0,35,0,1,24,0,25,0,23,37,0,60,24,0,24,84
07/27/2007,ABY,GA,ASO,ES,Federal Contract Tower,0,22,5,4,31,0,1,7,1,9,0,23,12,5,40,0,0,0,40
07/28/2007,ABY,GA,ASO,ES,Federal Contract Tower,0,4,7,0,11,0,0,34,0,34,0,4,41,0,45,20,0,20,65
07/29/2007,ABY,GA,ASO,ES,Federal Contract Tower,0,5,7,6,18,0,0,30,0,30,0,5,37,6,48,18,12,30,78
07/30/2007,ABY,GA,ASO,ES,Federal Contract Tower,0,19,8,6,33,0,2,34,3,39,0,21,42,9,72,28,2,30,102
07/31/2007,ABY,GA,ASO,ES,Federal Contract Tower,0,24,10,4,38,0,2,43,5,50,0,26,53,9,88,42,4,46,134
08/01/2007,ABY,GA,ASO,ES,Federal Contract Tower,0,21,16,2,39,0,1,25,2,28,0,22,41,4,67,26,10,36,103
08/02/2007,ABY,GA,ASO,ES,Federal Contract Tower,0,26,14,0,40,0,1,13,0,14,0,27,27,0,54,0,0,0,54
08/03/2007,ABY,GA,ASO,ES,Federal Contract Tower,0,37,10,8,55,0,0,7,6,13,0,37,17,14,68,0,6,6,74
08/04/2007,ABY,GA,ASO,ES,Federal Contract Tower,2,7,4,1,14,0,0,34,0,34,2,7,38,1,48,102,0,102,150
08/05/2007,ABY,GA,ASO,ES,Federal Contract Tower,0,7,7,0,14,0,0,26,0,26,0,7,33,0,40,44,0,44,84
08/06/2007,ABY,GA,ASO,ES,Federal Contract Tower,0,18,6,9,33,0,0,22,3,25,0,18,28,12,58,0,80,80,138
08/07/2007,ABY,GA,ASO,ES,Federal Contract Tower,0,24,6,3,33,0,0,17,0,17,0,24,23,3,50,0,0,0,50
08/08/2007,ABY,GA,ASO,ES,Federal Contract Tower,0,25,10,7,42,0,0,19,10,29,0,25,29,17,71,92,40,132,203
08/09/2007,ABY,GA,ASO,ES,Federal Contract Tower,0,30,8,3,41,0,2,4,6,12,0,32,12,9,53,0,0,0,53
08/10/2007,ABY,GA,ASO,ES,Federal Contract Tower,0,22,7,0,29,0,1,11,0,12,0,23,18,0,41,0,0,0,41
08/11/2007,ABY,GA,ASO,ES,Federal Contract Tower,0,5,7,0,12,0,0,11,0,11,0,5,18,0,23,0,0,0,23
08/12/2007,ABY,GA,ASO,ES,Federal Contract Tower,0,12,9,0,21,0,0,12,0,12,0,12,21,0,33,38,0,38,71
08/13/2007,ABY,GA,ASO,ES,Federal Contract Tower,0,15,5,6,26,0,2,33,0,35,0,17,38,6,61,62,0,62,123
08/14/2007,ABY,GA,ASO,ES,Federal Contract Tower,0,18,15,1,34,0,0,31,4,35,0,18,46,5,69,10,12,22,91
08/15/2007,ABY,GA,ASO,ES,Federal Contract Tower,0,22,13,2,37,0,2,23,0,25,0,24,36,2,62,0,0,0,62
08/16/2007,ABY,GA,ASO,ES,Federal Contract Tower,0,21,14,0,35,0,5,13,0,18,0,26,27,0,53,4,0,4,57
08/17/2007,ABY,GA,ASO,ES,Federal Contract Tower,1,19,11,2,33,0,1,32,6,39,1,20,43,8,72,32,0,32,104
08/18/2007,ABY,GA,ASO,ES,Federal Contract Tower,0,4,7,4,15,0,0,21,0,21,0,4,28,4,36,0,0,0,36
08/19/2007,ABY,GA,ASO,ES,Federal Contract Tower,0,7,6,0,13,0,0,32,2,34,0,7,38,2,47,18,0,18,65
08/20/2007,ABY,GA,ASO,ES,Federal Contract Tower,0,21,8,8,37,0,2,17,2,21,0,23,25,10,58,0,32,32,90
08/21/2007,ABY,GA,ASO,ES,Federal Contract Tower,0,19,12,0,31,0,3,28,0,31,0,22,40,0,62,0,0,0,62
08/22/2007,ABY,GA,ASO,ES,Federal Contract Tower,0,19,10,2,31,0,0,39,0,39,0,19,49,2,70,20,16,36,106
08/23/2007,ABY,GA,ASO,ES,Federal Contract Tower,0,20,15,2,37,0,1,26,0,27,0,21,41,2,64,34,0,34,98
08/24/2007,ABY,GA,ASO,ES,Federal Contract Tower,0,21,10,2,33,0,4,11,0,15,0,25,21,2,48,14,0,14,62
08/25/2007,ABY,GA,ASO,ES,Federal Contract Tower,0,5,2,0,7,0,0,30,0,30,0,5,32,0,37,0,0,0,37
08/26/2007,ABY,GA,ASO,ES,Federal Contract Tower,0,2,6,2,10,0,0,37,6,43,0,2,43,8,53,40,0,40,93
08/27/2007,ABY,GA,ASO,ES,Federal Contract Tower,0,18,3,3,24,0,3,15,0,18,0,21,18,3,42,40,0,40,82
08/28/2007,ABY,GA,ASO,ES,Federal Contract Tower,0,19,12,3,34,0,1,32,8,41,0,20,44,11,75,88,0,88,163
08/29/2007,ABY,GA,ASO,ES,Federal Contract Tower,0,16,12,9,37,0,2,28,0,30,0,18,40,9,67,46,0,46,113
08/30/2007,ABY,GA,ASO,ES,Federal Contract Tower,1,25,7,2,35,0,4,14,0,18,1,29,21,2,53,28,12,40,93
08/31/2007,ABY,GA,ASO,ES,Federal Contract Tower,0,21,20,4,45,0,0,6,0,6,0,21,26,4,51,32,0,32,83
09/01/2007,ABY,GA,ASO,ES,Federal Contract Tower,0,7,11,0,18,0,0,1,0,1,0,7,12,0,19,0,0,0,19
09/02/2007,ABY,GA,ASO,ES,Federal Contract Tower,0,2,7,0,9,0,0,13,0,13,0,2,20,0,22,0,0,0,22
09/03/2007,ABY,GA,ASO,ES,Federal Contract Tower,0,7,4,2,13,0,0,16,0,16,0,7,20,2,29,18,0,18,47
09/04/2007,ABY,GA,ASO,ES,Federal Contract Tower,0,19,6,3,28,0,2,49,2,53,0,21,55,5,81,22,4,26,107
09/05/2007,ABY,GA,ASO,ES,Federal Contract Tower,0,20,11,4,35,0,0,30,3,33,0,20,41,7,68,34,28,62,130
09/06/2007,ABY,GA,ASO,ES,Federal Contract Tower,0,21,12,7,40,0,3,28,2,33,0,24,40,9,73,74,46,120,193
09/07/2007,ABY,GA,ASO,ES,Federal Contract Tower,0,21,12,2,35,0,2,27,2,31,0,23,39,4,66,54,24,78,144
09/08/2007,ABY,GA,ASO,ES,Federal Contract Tower,0,10,4,2,16,0,1,45,0,46,0,11,49,2,62,56,24,80,142
09/09/2007,ABY,GA,ASO,ES,Federal Contract Tower,0,9,9,2,20,0,0,31,4,35,0,9,40,6,55,0,0,0,55
09/10/2007,ABY,GA,ASO,ES,Federal Contract Tower,0,16,8,9,33,0,4,42,2,48,0,20,50,11,81,18,8,26,107
09/11/2007,ABY,GA,ASO,ES,Federal Contract Tower,0,17,14,5,36,0,2,17,5,24,0,19,31,10,60,10,40,50,110
09/12/2007,ABY,GA,ASO,ES,Federal Contract Tower,0,22,20,4,46,0,1,14,0,15,0,23,34,4,61,10,18,28,89
09/13/2007,ABY,GA,ASO,ES,Federal Contract Tower,0,19,10,0,29,0,1,5,0,6,0,20,15,0,35,0,0,0,35
09/14/2007,ABY,GA,ASO,ES,Federal Contract Tower,1,20,15,0,36,0,2,21,1,24,1,22,36,1,60,12,0,12,72
09/15/2007,ABY,GA,ASO,ES,Federal Contract Tower,0,4,10,0,14,0,1,25,0,26,0,5,35,0,40,50,0,50,90
09/16/2007,ABY,GA,ASO,ES,Federal Contract Tower,0,4,10,1,15,0,1,22,4,27,0,5,32,5,42,22,0,22,64
09/17/2007,ABY,GA,ASO,ES,Federal Contract Tower,0,17,11,0,28,0,1,46,2,49,0,18,57,2,77,62,0,62,139
09/18/2007,ABY,GA,ASO,ES,Federal Contract Tower,0,19,10,1,30,0,0,7,0,7,0,19,17,1,37,48,12,60,97
09/19/2007,ABY,GA,ASO,ES,Federal Contract Tower,0,23,13,10,46,0,0,49,3,52,0,23,62,13,98,10,44,54,152
09/20/2007,ABY,GA,ASO,ES,Federal Contract Tower,0,20,14,0,34,0,0,10,16,26,0,20,24,16,60,0,0,0,60
09/21/2007,ABY,GA,ASO,ES,Federal Contract Tower,0,23,9,0,32,0,0,8,0,8,0,23,17,0,40,20,0,20,60
09/22/2007,ABY,GA,ASO,ES,Federal Contract Tower,0,8,8,0,16,0,0,4,0,4,0,8,12,0,20,24,0,24,44
09/23/2007,ABY,GA,ASO,ES,Federal Contract Tower,0,4,12,4,20,0,0,10,0,10,0,4,22,4,30,32,26,58,88
09/24/2007,ABY,GA,ASO,ES,Federal Contract Tower,0,20,12,0,32,0,5,24,4,33,0,25,36,4,65,34,26,60,125
09/25/2007,ABY,GA,ASO,ES,Federal Contract Tower,0,21,19,6,46,0,3,36,0,39,0,24,55,6,85,66,20,86,171
09/26/2007,ABY,GA,ASO,ES,Federal Contract Tower,0,23,13,10,46,0,0,20,7,27,0,23,33,17,73,6,88,94,167
09/27/2007,ABY,GA,ASO,ES,Federal Contract Tower,0,27,9,2,38,0,1,24,2,27,0,28,33,4,65,0,6,6,71
09/28/2007,ABY,GA,ASO,ES,Federal Contract Tower,0,13,11,6,30,0,2,38,0,40,0,15,49,6,70,30,4,34,104
09/29/2007,ABY,GA,ASO,ES,Federal Contract Tower,0,5,9,0,14,0,0,30,0,30,0,5,39,0,44,20,0,20,64
09/30/2007,ABY,GA,ASO,ES,Federal Contract Tower,0,6,11,0,17,0,0,29,0,29,0,6,40,0,46,34,0,34,80
10/01/2007,ABY,GA,ASO,ES,Federal Contract Tower,0,18,7,4,29,0,2,30,1,33,0,20,37,5,62,26,0,26,88
10/02/2007,ABY,GA,ASO,ES,Federal Contract Tower,0,19,0,5,24,0,0,33,19,52,0,19,33,24,76,80,98,178,254
10/03/2007,ABY,GA,ASO,ES,Federal Contract Tower,0,19,15,1,35,0,0,12,1,13,0,19,27,2,48,22,30,52,100
10/04/2007,ABY,GA,ASO,ES,Federal Contract Tower,0,24,5,3,32,0,0,21,0,21,0,24,26,3,53,16,0,16,69
10/05/2007,ABY,GA,ASO,ES,Federal Contract Tower,0,19,16,2,37,0,2,12,0,14,0,21,28,2,51,0,2,2,53
10/06/2007,ABY,GA,ASO,ES,Federal Contract Tower,0,5,10,2,17,0,0,30,0,30,0,5,40,2,47,80,0,80,127
10/07/2007,ABY,GA,ASO,ES,Federal Contract Tower,0,8,15,0,23,0,0,38,0,38,0,8,53,0,61,76,0,76,137
10/08/2007,ABY,GA,ASO,ES,Federal Contract Tower,0,17,12,1,30,0,1,41,1,43,0,18,53,2,73,36,0,36,109
10/09/2007,ABY,GA,ASO,ES,Federal Contract Tower,0,26,24,0,50,0,0,54,8,62,0,26,78,8,112,120,0,120,232
10/10/2007,ABY,GA,ASO,ES,Federal Contract Tower,0,19,21,2,42,0,0,35,1,36,0,19,56,3,78,78,0,78,156
10/11/2007,ABY,GA,ASO,ES,Federal Contract Tower,0,18,15,0,33,0,0,55,3,58,0,18,70,3,91,52,10,62,153
10/12/2007,ABY,GA,ASO,ES,Federal Contract Tower,0,21,21,0,42,0,0,38,0,38,0,21,59,0,80,22,0,22,102
10/13/2007,ABY,GA,ASO,ES,Federal Contract Tower,0,5,9,2,16,0,0,21,0,21,0,5,30,2,37,4,0,4,41
10/14/2007,ABY,GA,ASO,ES,Federal Contract Tower,0,8,2,0,10,0,0,30,0,30,0,8,32,0,40,32,0,32,72
10/15/2007,ABY,GA,ASO,ES,Federal Contract Tower,0,18,9,0,27,0,2,20,0,22,0,20,29,0,49,6,0,6,55
10/16/2007,ABY,GA,ASO,ES,Federal Contract Tower,0,25,9,2,36,0,3,16,2,21,0,28,25,4,57,0,6,6,63
10/17/2007,ABY,GA,ASO,ES,Federal Contract Tower,0,21,17,4,42,0,0,52,0,52,0,21,69,4,94,44,0,44,138
10/18/2007,ABY,GA,ASO,ES,Federal Contract Tower,0,23,27,6,56,0,0,23,5,28,0,23,50,11,84,20,44,64,148
10/19/2007,ABY,GA,ASO,ES,Federal Contract Tower,1,20,13,2,36,0,0,2,0,2,1,20,15,2,38,0,0,0,38
10/20/2007,ABY,GA,ASO,ES,Federal Contract Tower,0,5,14,0,19,0,1,65,0,66,0,6,79,0,85,62,0,62,147
10/21/2007,ABY,GA,ASO,ES,Federal Contract Tower,0,7,11,2,20,0,1,35,0,36,0,8,46,2,56,12,0,12,68
10/22/2007,ABY,GA,ASO,ES,Federal Contract Tower,0,16,6,15,37,0,0,31,9,40,0,16,37,24,77,0,70,70,147
10/23/2007,ABY,GA,ASO,ES,Federal Contract Tower,1,22,10,4,37,0,0,36,0,36,1,22,46,4,73,0,0,0,73
10/24/2007,ABY,GA,ASO,ES,Federal Contract Tower,1,18,13,6,38,0,1,22,0,23,1,19,35,6,61,24,0,24,85
10/25/2007,ABY,GA,ASO,ES,Federal Contract Tower,0,18,12,7,37,0,4,35,6,45,0,22,47,13,82,62,18,80,162
10/26/2007,ABY,GA,ASO,ES,Federal Contract Tower,1,21,16,10,48,0,2,37,4,43,1,23,53,14,91,62,8,70,161
10/27/2007,ABY,GA,ASO,ES,Federal Contract Tower,0,12,2,0,14,0,0,43,0,43,0,12,45,0,57,50,0,50,107
10/28/2007,ABY,GA,ASO,ES,Federal Contract Tower,0,6,8,6,20,0,0,31,0,31,0,6,39,6,51,36,0,36,87
10/29/2007,ABY,GA,ASO,ES,Federal Contract Tower,0,19,10,4,33,0,1,38,16,55,0,20,48,20,88,24,78,102,190
10/30/2007,ABY,GA,ASO,ES,Federal Contract Tower,0,14,10,2,26,0,2,44,8,54,0,16,54,10,80,52,70,122,202
10/31/2007,ABY,GA,ASO,ES,Federal Contract Tower,0,14,18,2,34,0,0,35,4,39,0,14,53,6,73,34,34,68,141
11/01/2007,ABY,GA,ASO,ES,Federal Contract Tower,0,25,8,1,34,0,2,38,2,42,0,27,46,3,76,18,8,26,102
11/02/2007,ABY,GA,ASO,ES,Federal Contract Tower,0,19,18,0,37,0,1,45,13,59,0,20,63,13,96,2,14,16,112
11/03/2007,ABY,GA,ASO,ES,Federal Contract Tower,0,7,8,1,16,0,0,23,0,23,0,7,31,1,39,14,0,14,53
11/04/2007,ABY,GA,ASO,ES,Federal Contract Tower,0,13,13,1,27,0,0,40,0,40,0,13,53,1,67,20,0,20,87
11/05/2007,ABY,GA,ASO,ES,Federal Contract Tower,0,13,6,1,20,0,2,43,2,47,0,15,49,3,67,32,0,32,99
11/06/2007,ABY,GA,ASO,ES,Federal Contract Tower,1,21,21,12,55,0,2,31,0,33,1,23,52,12,88,54,26,80,168
11/07/2007,ABY,GA,ASO,ES,Federal Contract Tower,0,22,20,6,48,0,7,26,1,34,0,29,46,7,82,20,0,20,102
11/08/2007,ABY,GA,ASO,ES,Federal Contract Tower,0,20,26,6,52,0,3,34,4,41,0,23,60,10,93,81,0,81,174
11/09/2007,ABY,GA,ASO,ES,Federal Contract Tower,0,19,17,7,43,0,2,16,2,20,0,21,33,9,63,18,10,28,91
11/10/2007,ABY,GA,ASO,ES,Federal Contract Tower,0,10,11,2,23,0,0,30,0,30,0,10,41,2,53,6,0,6,59
11/11/2007,ABY,GA,ASO,ES,Federal Contract Tower,0,8,13,2,23,0,2,26,0,28,0,10,39,2,51,6,0,6,57
11/12/2007,ABY,GA,ASO,ES,Federal Contract Tower,0,19,10,4,33,0,0,30,0,30,0,19,40,4,63,16,4,20,83
11/13/2007,ABY,GA,ASO,ES,Federal Contract Tower,1,26,24,2,53,0,0,28,0,28,1,26,52,2,81,30,0,30,111
11/14/2007,ABY,GA,ASO,ES,Federal Contract Tower,1,21,19,4,45,0,3,35,13,51,1,24,54,17,96,43,80,123,219
11/15/2007,ABY,GA,ASO,ES,Federal Contract Tower,1,29,19,0,49,0,1,33,2,36,1,30,52,2,85,28,24,52,137
11/16/2007,ABY,GA,ASO,ES,Federal Contract Tower,0,22,26,2,50,0,0,37,10,47,0,22,63,12,97,6,48,54,151
11/17/2007,ABY,GA,ASO,ES,Federal Contract Tower,0,9,10,0,19,0,0,45,0,45,0,9,55,0,64,82,0,82,146
11/18/2007,ABY,GA,ASO,ES,Federal Contract Tower,0,12,26,2,40,0,0,46,0,46,0,12,72,2,86,56,0,56,142
11/19/2007,ABY,GA,ASO,ES,Federal Contract Tower,0,16,15,0,31,0,2,42,0,44,0,18,57,0,75,54,0,54,129
11/20/2007,ABY,GA,ASO,ES,Federal Contract Tower,1,25,29,0,55,0,0,38,0,38,1,25,67,0,93,40,0,40,133
11/21/2007,ABY,GA,ASO,ES,Federal Contract Tower,1,27,27,0,55,0,3,26,0,29,1,30,53,0,84,34,0,34,118
11/22/2007,ABY,GA,ASO,ES,Federal Contract Tower,1,3,4,0,8,0,0,4,0,4,1,3,8,0,12,0,0,0,12
11/23/2007,ABY,GA,ASO,ES,Federal Contract Tower,1,14,8,2,25,0,1,18,0,19,1,15,26,2,44,0,0,0,44
11/24/2007,ABY,GA,ASO,ES,Federal Contract Tower,0,7,9,0,16,0,0,15,0,15,0,7,24,0,31,22,0,22,53
11/25/2007,ABY,GA,ASO,ES,Federal Contract Tower,0,11,32,2,45,0,0,7,0,7,0,11,39,2,52,0,0,0,52
11/26/2007,ABY,GA,ASO,ES,Federal Contract Tower,0,22,8,0,30,0,1,1,0,2,0,23,9,0,32,2,0,2,34
11/27/2007,ABY,GA,ASO,ES,Federal Contract Tower,1,30,32,14,77,0,2,42,4,48,1,32,74,18,125,30,88,118,243
11/28/2007,ABY,GA,ASO,ES,Federal Contract Tower,0,31,26,0,57,0,2,51,3,56,0,33,77,3,113,46,34,80,193
11/29/2007,ABY,GA,ASO,ES,Federal Contract Tower,0,27,21,0,48,0,1,39,0,40,0,28,60,0,88,50,0,50,138
11/30/2007,ABY,GA,ASO,ES,Federal Contract Tower,0,20,20,2,42,0,0,36,1,37,0,20,56,3,79,82,0,82,161
12/01/2007,ABY,GA,ASO,ES,Federal Contract Tower,0,12,5,0,17,0,0,51,0,51,0,12,56,0,68,42,0,42,110
12/02/2007,ABY,GA,ASO,ES,Federal Contract Tower,0,15,27,2,44,0,0,38,0,38,0,15,65,2,82,28,0,28,110
12/03/2007,ABY,GA,ASO,ES,Federal Contract Tower,0,19,12,0,31,0,1,22,0,23,0,20,34,0,54,20,0,20,74
12/04/2007,ABY,GA,ASO,ES,Federal Contract Tower,1,23,22,0,46,0,0,30,1,31,1,23,52,1,77,68,0,68,145
12/05/2007,ABY,GA,ASO,ES,Federal Contract Tower,1,26,19,0,46,0,1,26,8,35,1,27,45,8,81,18,28,46,127
12/06/2007,ABY,GA,ASO,ES,Federal Contract Tower,1,33,17,1,52,0,1,30,1,32,1,34,47,2,84,28,0,28,112
12/07/2007,ABY,GA,ASO,ES,Federal Contract Tower,3,32,31,0,66,0,1,23,10,34,3,33,54,10,100,8,0,8,108
12/08/2007,ABY,GA,ASO,ES,Federal Contract Tower,1,11,15,0,27,0,0,19,0,19,1,11,34,0,46,44,0,44,90
12/09/2007,ABY,GA,ASO,ES,Federal Contract Tower,0,22,10,0,32,0,0,39,0,39,0,22,49,0,71,50,0,50,121
12/10/2007,ABY,GA,ASO,ES,Federal Contract Tower,0,13,21,2,36,0,2,26,0,28,0,15,47,2,64,20,2,22,86
12/11/2007,ABY,GA,ASO,ES,Federal Contract Tower,1,26,19,3,49,0,1,36,3,40,1,27,55,6,89,22,54,76,165
12/12/2007,ABY,GA,ASO,ES,Federal Contract Tower,1,20,25,10,56,0,3,38,5,46,1,23,63,15,102,0,52,52,154
12/13/2007,ABY,GA,ASO,ES,Federal Contract Tower,7,19,17,0,43,0,0,27,4,31,7,19,44,4,74,10,24,34,108
12/14/2007,ABY,GA,ASO,ES,Federal Contract Tower,1,22,26,7,56,0,1,16,0,17,1,23,42,7,73,0,32,32,105
12/15/2007,ABY,GA,ASO,ES,Federal Contract Tower,1,7,11,8,27,0,0,5,0,5,1,7,16,8,32,16,16,32,64
12/16/2007,ABY,GA,ASO,ES,Federal Contract Tower,0,4,8,3,15,0,0,12,5,17,0,4,20,8,32,20,0,20,52
12/17/2007,ABY,GA,ASO,ES,Federal Contract Tower,0,17,14,4,35,0,1,35,7,43,0,18,49,11,78,10,44,54,132
12/18/2007,ABY,GA,ASO,ES,Federal Contract Tower,1,24,16,2,43,0,1,34,3,38,1,25,50,5,81,0,26,26,107
12/19/2007,ABY,GA,ASO,ES,Federal Contract Tower,1,26,11,2,40,0,2,31,0,33,1,28,42,2,73,12,2,14,87
12/20/2007,ABY,GA,ASO,ES,Federal Contract Tower,1,21,27,2,51,0,0,24,0,24,1,21,51,2,75,10,0,10,85
12/21/2007,ABY,GA,ASO,ES,Federal Contract Tower,2,23,21,2,48,0,2,15,1,18,2,25,36,3,66,10,0,10,76
12/22/2007,ABY,GA,ASO,ES,Federal Contract Tower,4,8,23,0,35,0,0,1,0,1,4,8,24,0,36,0,0,0,36
12/23/2007,ABY,GA,ASO,ES,Federal Contract Tower,0,2,13,0,15,0,0,4,0,4,0,2,17,0,19,16,0,16,35
12/24/2007,ABY,GA,ASO,ES,Federal Contract Tower,0,6,4,0,10,0,3,16,0,19,0,9,20,0,29,0,0,0,29
12/25/2007,ABY,GA,ASO,ES,Federal Contract Tower,0,3,1,0,4,0,0,4,0,4,0,3,5,0,8,2,0,2,10
12/26/2007,ABY,GA,ASO,ES,Federal Contract Tower,1,18,11,0,30,0,0,5,0,5,1,18,16,0,35,0,0,0,35
12/27/2007,ABY,GA,ASO,ES,Federal Contract Tower,0,18,10,0,28,0,1,15,0,16,0,19,25,0,44,0,0,0,44
12/28/2007,ABY,GA,ASO,ES,Federal Contract Tower,0,18,9,0,27,0,1,4,0,5,0,19,13,0,32,0,0,0,32
12/29/2007,ABY,GA,ASO,ES,Federal Contract Tower,0,8,1,0,9,0,0,0,0,0,0,8,1,0,9,0,0,0,9
12/30/2007,ABY,GA,ASO,ES,Federal Contract Tower,0,5,7,0,12,0,0,0,0,0,0,5,7,0,12,0,0,0,12
12/31/2007,ABY,GA,ASO,ES,Federal Contract Tower,1,11,5,0,17,0,1,16,0,17,1,12,21,0,34,0,0,0,34
01/01/2008,ABY,GA,ASO,ES,Federal Contract Tower,0,5,6,0,11,0,0,3,0,3,0,5,9,0,14,0,0,0,14
01/02/2008,ABY,GA,ASO,ES,Federal Contract Tower,1,23,20,0,44,0,0,12,0,12,1,23,32,0,56,2,0,2,58
01/03/2008,ABY,GA,ASO,ES,Federal Contract Tower,0,23,18,10,51,0,0,20,3,23,0,23,38,13,74,4,38,42,116
01/04/2008,ABY,GA,ASO,ES,Federal Contract Tower,0,21,15,0,36,0,2,16,0,18,0,23,31,0,54,2,0,2,56
01/05/2008,ABY,GA,ASO,ES,Federal Contract Tower,0,7,15,0,22,0,0,26,0,26,0,7,41,0,48,0,0,0,48
01/06/2008,ABY,GA,ASO,ES,Federal Contract Tower,0,15,19,6,40,0,0,30,0,30,0,15,49,6,70,10,12,22,92
01/07/2008,ABY,GA,ASO,ES,Federal Contract Tower,0,20,21,6,47,0,0,29,2,31,0,20,50,8,78,52,34,86,164
01/08/2008,ABY,GA,ASO,ES,Federal Contract Tower,0,26,23,0,49,0,0,34,0,34,0,26,57,0,83,0,0,0,83
01/09/2008,ABY,GA,ASO,ES,Federal Contract Tower,1,20,37,1,59,0,0,14,0,14,1,20,51,1,73,30,0,30,103
01/10/2008,ABY,GA,ASO,ES,Federal Contract Tower,1,23,30,5,59,0,3,19,0,22,1,26,49,5,81,10,0,10,91
01/11/2008,ABY,GA,ASO,ES,Federal Contract Tower,1,30,25,7,63,0,0,3,0,3,1,30,28,7,66,0,0,0,66
01/12/2008,ABY,GA,ASO,ES,Federal Contract Tower,0,15,23,0,38,0,0,30,0,30,0,15,53,0,68,32,0,32,100
01/13/2008,ABY,GA,ASO,ES,Federal Contract Tower,0,20,26,8,54,0,0,22,2,24,0,20,48,10,78,6,0,6,84
01/14/2008,ABY,GA,ASO,ES,Federal Contract Tower,0,18,19,4,41,0,0,28,0,28,0,18,47,4,69,44,2,46,115
01/15/2008,ABY,GA,ASO,ES,Federal Contract Tower,1,31,19,0,51,0,3,35,0,38,1,34,54,0,89,10,0,10,99
01/16/2008,ABY,GA,ASO,ES,Federal Contract Tower,0,17,18,1,36,0,5,0,3,8,0,22,18,4,44,0,32,32,76
01/17/2008,ABY,GA,ASO,ES,Federal Contract Tower,2,29,33,0,64,0,0,0,0,0,2,29,33,0,64,4,0,4,68
01/18/2008,ABY,GA,ASO,ES,Federal Contract Tower,0,23,39,0,62,0,3,21,0,24,0,26,60,0,86,16,0,16,102
01/19/2008,ABY,GA,ASO,ES,Federal Contract Tower,2,8,10,0,20,0,0,0,0,0,2,8,10,0,20,0,0,0,20
01/20/2008,ABY,GA,ASO,ES,Federal Contract Tower,0,17,23,0,40,0,2,23,0,25,0,19,46,0,65,10,0,10,75
01/21/2008,ABY,GA,ASO,ES,Federal Contract Tower,0,12,25,0,37,0,0,24,0,24,0,12,49,0,61,0,10,10,71
01/22/2008,ABY,GA,ASO,ES,Federal Contract Tower,1,21,26,11,59,0,3,28,1,32,1,24,54,12,91,48,70,118,209
01/23/2008,ABY,GA,ASO,ES,Federal Contract Tower,1,20,23,10,54,0,2,11,0,13,1,22,34,10,67,0,12,12,79
01/24/2008,ABY,GA,ASO,ES,Federal Contract Tower,0,26,39,4,69,0,3,21,0,24,0,29,60,4,93,0,0,0,93
01/25/2008,ABY,GA,ASO,ES,Federal Contract Tower,0,20,18,4,42,0,2,34,1,37,0,22,52,5,79,54,26,80,159
01/26/2008,ABY,GA,ASO,ES,Federal Contract Tower,0,10,26,0,36,0,0,0,0,0,0,10,26,0,36,0,0,0,36
01/27/2008,ABY,GA,ASO,ES,Federal Contract Tower,0,24,39,0,63,0,0,34,0,34,0,24,73,0,97,38,0,38,135
01/28/2008,ABY,GA,ASO,ES,Federal Contract Tower,0,19,14,20,53,0,2,36,0,38,0,21,50,20,91,52,16,68,159
01/29/2008,ABY,GA,ASO,ES,Federal Contract Tower,1,24,15,12,52,0,0,30,2,32,1,24,45,14,84,22,24,46,130
01/30/2008,ABY,GA,ASO,ES,Federal Contract Tower,1,22,14,6,43,0,2,25,7,34,1,24,39,13,77,4,52,56,133
01/31/2008,ABY,GA,ASO,ES,Federal Contract Tower,0,25,20,0,45,0,2,16,5,23,0,27,36,5,68,0,14,14,82
02/01/2008,ABY,GA,ASO,ES,Federal Contract Tower,3,31,18,7,59,0,3,15,7,25,3,34,33,14,84,0,14,14,98
02/02/2008,ABY,GA,ASO,ES,Federal Contract Tower,0,11,15,0,26,0,0,52,4,56,0,11,67,4,82,14,2,16,98
02/03/2008,ABY,GA,ASO,ES,Federal Contract Tower,0,14,29,0,43,0,0,34,2,36,0,14,63,2,79,12,0,12,91
02/04/2008,ABY,GA,ASO,ES,Federal Contract Tower,0,19,21,16,56,0,0,25,0,25,0,19,46,16,81,10,10,20,101
02/05/2008,ABY,GA,ASO,ES,Federal Contract Tower,1,17,33,6,57,0,1,18,0,19,1,18,51,6,76,30,4,34,110
02/06/2008,ABY,GA,ASO,ES,Federal Contract Tower,2,22,21,0,45,0,0,0,0,0,2,22,21,0,45,0,0,0,45
02/07/2008,ABY,GA,ASO,ES,Federal Contract Tower,1,23,34,6,64,0,3,43,11,57,1,26,77,17,121,26,62,88,209
02/08/2008,ABY,GA,ASO,ES,Federal Contract Tower,0,23,20,9,52,0,2,31,1,34,0,25,51,10,86,26,4,30,116
02/09/2008,ABY,GA,ASO,ES,Federal Contract Tower,2,12,15,3,32,0,0,21,3,24,2,12,36,6,56,0,0,0,56
02/10/2008,ABY,GA,ASO,ES,Federal Contract Tower,0,12,18,2,32,0,0,25,2,27,0,12,43,4,59,24,16,40,99
02/11/2008,ABY,GA,ASO,ES,Federal Contract Tower,0,13,20,2,35,0,2,43,0,45,0,15,63,2,80,40,0,40,120
02/12/2008,ABY,GA,ASO,ES,Federal Contract Tower,0,12,22,2,36,0,3,43,0,46,0,15,65,2,82,54,0,54,136
02/13/2008,ABY,GA,ASO,ES,Federal Contract Tower,3,17,25,6,51,0,0,10,2,12,3,17,35,8,63,0,48,48,111
02/14/2008,ABY,GA,ASO,ES,Federal Contract Tower,1,32,30,3,66,0,0,26,3,29,1,32,56,6,95,14,10,24,119
02/15/2008,ABY,GA,ASO,ES,Federal Contract Tower,0,16,24,2,42,0,1,46,2,49,0,17,70,4,91,68,0,68,159
02/16/2008,ABY,GA,ASO,ES,Federal Contract Tower,0,7,15,0,22,0,0,34,0,34,0,7,49,0,56,30,0,30,86
02/17/2008,ABY,GA,ASO,ES,Federal Contract Tower,0,13,18,0,31,0,0,13,0,13,0,13,31,0,44,0,0,0,44
02/18/2008,ABY,GA,ASO,ES,Federal Contract Tower,0,15,14,0,29,0,0,5,0,5,0,15,19,0,34,0,0,0,34
02/19/2008,ABY,GA,ASO,ES,Federal Contract Tower,1,24,22,0,47,0,1,41,3,45,1,25,63,3,92,16,10,26,118
02/20/2008,ABY,GA,ASO,ES,Federal Contract Tower,1,20,23,17,61,0,1,39,3,43,1,21,62,20,104,54,62,116,220
02/21/2008,ABY,GA,ASO,ES,Federal Contract Tower,0,24,46,8,78,0,0,7,0,7,0,24,53,8,85,32,14,46,131
02/22/2008,ABY,GA,ASO,ES,Federal Contract Tower,1,29,11,0,41,0,0,0,0,0,1,29,11,0,41,0,0,0,41
02/23/2008,ABY,GA,ASO,ES,Federal Contract Tower,0,12,16,2,30,0,0,27,2,29,0,12,43,4,59,10,0,10,69
02/24/2008,ABY,GA,ASO,ES,Federal Contract Tower,0,15,20,0,35,0,0,29,0,29,0,15,49,0,64,14,0,14,78
02/25/2008,ABY,GA,ASO,ES,Federal Contract Tower,1,22,18,7,48,0,1,35,3,39,1,23,53,10,87,46,12,58,145
02/26/2008,ABY,GA,ASO,ES,Federal Contract Tower,1,21,9,0,31,0,2,2,0,4,1,23,11,0,35,0,0,0,35
02/27/2008,ABY,GA,ASO,ES,Federal Contract Tower,1,20,23,3,47,0,0,37,3,40,1,20,60,6,87,16,30,46,133
02/28/2008,ABY,GA,ASO,ES,Federal Contract Tower,1,26,13,6,46,0,0,34,12,46,1,26,47,18,92,26,90,116,208
02/29/2008,ABY,GA,ASO,ES,Federal Contract Tower,0,24,12,1,37,0,1,35,1,37,0,25,47,2,74,38,0,38,112
03/01/2008,ABY,GA,ASO,ES,Federal Contract Tower,0,12,7,0,19,0,0,29,0,29,0,12,36,0,48,20,0,20,68
03/02/2008,ABY,GA,ASO,ES,Federal Contract Tower,0,12,11,0,23,0,0,29,0,29,0,12,40,0,52,2,0,2,54
03/03/2008,ABY,GA,ASO,ES,Federal Contract Tower,0,20,15,12,47,0,1,38,14,53,0,21,53,26,100,2,60,62,162
03/04/2008,ABY,GA,ASO,ES,Federal Contract Tower,1,27,12,0,40,0,0,1,0,1,1,27,13,0,41,0,0,0,41
03/05/2008,ABY,GA,ASO,ES,Federal Contract Tower,2,23,13,3,41,0,2,38,1,41,2,25,51,4,82,22,4,26,108
03/06/2008,ABY,GA,ASO,ES,Federal Contract Tower,0,31,23,6,60,0,0,41,6,47,0,31,64,12,107,42,70,112,219
03/07/2008,ABY,GA,ASO,ES,Federal Contract Tower,0,23,10,6,39,0,0,0,0,0,0,23,10,6,39,0,0,0,39
03/08/2008,ABY,GA,ASO,ES,Federal Contract Tower,2,9,15,0,26,0,0,4,0,4,2,9,19,0,30,0,0,0,30
03/09/2008,ABY,GA,ASO,ES,Federal Contract Tower,0,8,13,2,23,0,0,28,0,28,0,8,41,2,51,16,0,16,67
03/10/2008,ABY,GA,ASO,ES,Federal Contract Tower,0,12,11,2,25,0,1,38,1,40,0,13,49,3,65,16,56,72,137
03/11/2008,ABY,GA,ASO,ES,Federal Contract Tower,1,15,20,9,45,0,2,43,4,49,1,17,63,13,94,52,44,96,190
03/12/2008,ABY,GA,ASO,ES,Federal Contract Tower,0,15,27,0,42,0,1,34,0,35,0,16,61,0,77,70,0,70,147
03/13/2008,ABY,GA,ASO,ES,Federal Contract Tower,1,22,22,4,49,0,0,50,2,52,1,22,72,6,101,54,12,66,167
03/14/2008,ABY,GA,ASO,ES,Federal Contract Tower,0,17,12,7,36,0,2,19,9,30,0,19,31,16,66,0,26,26,92
03/15/2008,ABY,GA,ASO,ES,Federal Contract Tower,0,8,14,3,25,0,0,3,0,3,0,8,17,3,28,10,0,10,38
03/16/2008,ABY,GA,ASO,ES,Federal Contract Tower,0,9,14,0,23,0,0,29,0,29,0,9,43,0,52,20,0,20,72
03/17/2008,ABY,GA,ASO,ES,Federal Contract Tower,0,17,21,9,47,0,1,25,0,26,0,18,46,9,73,6,12,18,91
03/18/2008,ABY,GA,ASO,ES,Federal Contract Tower,0,20,18,6,44,0,2,24,0,26,0,22,42,6,70,28,14,42,112
03/19/2008,ABY,GA,ASO,ES,Federal Contract Tower,0,23,8,0,31,0,1,4,0,5,0,24,12,0,36,10,0,10,46
03/20/2008,ABY,GA,ASO,ES,Federal Contract Tower,0,37,18,2,57,0,5,26,4,35,0,42,44,6,92,28,70,98,190
03/21/2008,ABY,GA,ASO,ES,Federal Contract Tower,2,20,22,0,44,0,2,30,0,32,2,22,52,0,76,60,0,60,136
03/22/2008,ABY,GA,ASO,ES,Federal Contract Tower,0,4,8,0,12,0,0,19,0,19,0,4,27,0,31,8,0,8,39
03/23/2008,ABY,GA,ASO,ES,Federal Contract Tower,0,5,10,0,15,0,0,26,0,26,0,5,36,0,41,12,0,12,53
03/24/2008,ABY,GA,ASO,ES,Federal Contract Tower,0,15,11,0,26,0,0,10,0,10,0,15,21,0,36,0,6,6,42
03/25/2008,ABY,GA,ASO,ES,Federal Contract Tower,0,16,12,1,29,0,0,33,1,34,0,16,45,2,63,10,0,10,73
03/26/2008,ABY,GA,ASO,ES,Federal Contract Tower,0,16,13,0,29,0,1,35,2,38,0,17,48,2,67,14,6,20,87
03/27/2008,ABY,GA,ASO,ES,Federal Contract Tower,0,18,17,1,36,0,0,40,0,40,0,18,57,1,76,0,0,0,76
03/28/2008,ABY,GA,ASO,ES,Federal Contract Tower,0,24,11,10,45,0,2,30,1,33,0,26,41,11,78,46,28,74,152
03/29/2008,ABY,GA,ASO,ES,Federal Contract Tower,0,5,11,0,16,0,0,29,0,29,0,5,40,0,45,18,0,18,63
03/30/2008,ABY,GA,ASO,ES,Federal Contract Tower,0,8,14,2,24,0,0,0,0,0,0,8,14,2,24,0,0,0,24
03/31/2008,ABY,GA,ASO,ES,Federal Contract Tower,0,17,13,4,34,0,2,20,0,22,0,19,33,4,56,0,0,0,56
04/01/2008,ABY,GA,ASO,ES,Federal Contract Tower,1,14,13,3,31,0,3,10,1,14,1,17,23,4,45,40,32,72,117
04/02/2008,ABY,GA,ASO,ES,Federal Contract Tower,1,21,21,0,43,0,0,33,0,33,1,21,54,0,76,58,0,58,134
04/03/2008,ABY,GA,ASO,ES,Federal Contract Tower,0,19,17,5,41,0,0,23,5,28,0,19,40,10,69,52,0,52,121
04/04/2008,ABY,GA,ASO,ES,Federal Contract Tower,1,22,3,1,27,0,0,19,5,24,1,22,22,6,51,12,12,24,75
04/05/2008,ABY,GA,ASO,ES,Federal Contract Tower,0,9,1,0,10,0,0,3,0,3,0,9,4,0,13,0,0,0,13
04/06/2008,ABY,GA,ASO,ES,Federal Contract Tower,0,8,14,0,22,0,0,35,0,35,0,8,49,0,57,0,0,0,57
04/07/2008,ABY,GA,ASO,ES,Federal Contract Tower,0,21,27,2,50,0,0,35,2,37,0,21,62,4,87,12,22,34,121
04/08/2008,ABY,GA,ASO,ES,Federal Contract Tower,1,15,14,7,37,0,0,30,4,34,1,15,44,11,71,22,40,62,133
04/09/2008,ABY,GA,ASO,ES,Federal Contract Tower,1,20,14,18,53,0,0,43,0,43,1,20,57,18,96,80,22,102,198
04/10/2008,ABY,GA,ASO,ES,Federal Contract Tower,0,18,20,0,38,0,2,20,3,25,0,20,40,3,63,44,20,64,127
04/11/2008,ABY,GA,ASO,ES,Federal Contract Tower,0,24,10,11,45,0,2,39,2,43,0,26,49,13,88,84,18,102,190
04/12/2008,ABY,GA,ASO,ES,Federal Contract Tower,0,4,6,2,12,0,0,8,0,8,0,4,14,2,20,0,0,0,20
04/13/2008,ABY,GA,ASO,ES,Federal Contract Tower,0,6,11,0,17,0,0,33,0,33,0,6,44,0,50,0,0,0,50
04/14/2008,ABY,GA,ASO,ES,Federal Contract Tower,0,22,15,6,43,0,1,23,4,28,0,23,38,10,71,0,54,54,125
04/15/2008,ABY,GA,ASO,ES,Federal Contract Tower,0,17,14,2,33,0,3,30,0,33,0,20,44,2,66,6,22,28,94
04/16/2008,ABY,GA,ASO,ES,Federal Contract Tower,0,16,17,0,33,0,6,46,6,58,0,22,63,6,91,94,36,130,221
04/17/2008,ABY,GA,ASO,ES,Federal Contract Tower,0,15,10,0,25,0,0,43,8,51,0,15,53,8,76,36,0,36,112
04/18/2008,ABY,GA,ASO,ES,Federal Contract Tower,1,17,8,0,26,0,2,19,0,21,1,19,27,0,47,8,0,8,55
04/19/2008,ABY,GA,ASO,ES,Federal Contract Tower,0,7,6,0,13,0,2,9,0,11,0,9,15,0,24,0,0,0,24
04/20/2008,ABY,GA,ASO,ES,Federal Contract Tower,0,6,12,0,18,0,0,32,2,34,0,6,44,2,52,22,0,22,74
04/21/2008,ABY,GA,ASO,ES,Federal Contract Tower,0,14,20,2,36,0,1,37,0,38,0,15,57,2,74,50,2,52,126
04/22/2008,ABY,GA,ASO,ES,Federal Contract Tower,0,13,12,0,25,0,1,24,0,25,0,14,36,0,50,40,0,40,90
04/23/2008,ABY,GA,ASO,ES,Federal Contract Tower,0,13,15,5,33,0,3,30,3,36,0,16,45,8,69,10,18,28,97
04/24/2008,ABY,GA,ASO,ES,Federal Contract Tower,0,11,9,3,23,0,4,30,3,37,0,15,39,6,60,20,4,24,84
04/25/2008,ABY,GA,ASO,ES,Federal Contract Tower,0,15,12,3,30,0,4,16,0,20,0,19,28,3,50,10,2,12,62
04/26/2008,ABY,GA,ASO,ES,Federal Contract Tower,0,5,7,4,16,0,1,30,7,38,0,6,37,11,54,22,4,26,80
04/27/2008,ABY,GA,ASO,ES,Federal Contract Tower,0,7,9,10,26,0,1,26,0,27,0,8,35,10,53,4,2,6,59
04/28/2008,ABY,GA,ASO,ES,Federal Contract Tower,0,14,23,11,48,0,4,14,0,18,0,18,37,11,66,0,18,18,84
04/29/2008,ABY,GA,ASO,ES,Federal Contract Tower,0,15,12,0,27,0,3,31,1,35,0,18,43,1,62,4,30,34,96
04/30/2008,ABY,GA,ASO,ES,Federal Contract Tower,0,15,7,0,22,0,2,29,0,31,0,17,36,0,53,36,0,36,89
05/01/2008,ABY,GA,ASO,ES,Federal Contract Tower,0,18,16,2,36,0,1,51,10,62,0,19,67,12,98,24,78,102,200
05/02/2008,ABY,GA,ASO,ES,Federal Contract Tower,0,15,11,3,29,0,1,30,3,34,0,16,41,6,63,10,0,10,73
05/03/2008,ABY,GA,ASO,ES,Federal Contract Tower,0,4,3,0,7,0,0,20,0,20,0,4,23,0,27,20,0,20,47
05/04/2008,ABY,GA,ASO,ES,Federal Contract Tower,0,6,5,2,13,0,0,42,0,42,0,6,47,2,55,0,0,0,55
05/05/2008,ABY,GA,ASO,ES,Federal Contract Tower,0,10,7,2,19,0,2,29,0,31,0,12,36,2,50,26,10,36,86
05/06/2008,ABY,GA,ASO,ES,Federal Contract Tower,0,11,8,11,30,0,2,34,3,39,0,13,42,14,69,18,58,76,145
05/07/2008,ABY,GA,ASO,ES,Federal Contract Tower,0,12,11,4,27,0,2,20,9,31,0,14,31,13,58,80,60,140,198
05/08/2008,ABY,GA,ASO,ES,Federal Contract Tower,0,22,21,1,44,0,3,14,3,20,0,25,35,4,64,14,28,42,106
05/09/2008,ABY,GA,ASO,ES,Federal Contract Tower,1,16,7,8,32,0,2,25,2,29,1,18,32,10,61,16,20,36,97
05/10/2008,ABY,GA,ASO,ES,Federal Contract Tower,1,9,1,0,11,0,0,11,0,11,1,9,12,0,22,0,0,0,22
05/11/2008,ABY,GA,ASO,ES,Federal Contract Tower,0,6,6,0,12,0,0,19,0,19,0,6,25,0,31,0,0,0,31
05/12/2008,ABY,GA,ASO,ES,Federal Contract Tower,0,17,21,0,38,0,0,24,0,24,0,17,45,0,62,10,0,10,72
05/13/2008,ABY,GA,ASO,ES,Federal Contract Tower,0,11,7,1,19,0,0,42,5,47,0,11,49,6,66,12,0,12,78
05/14/2008,ABY,GA,ASO,ES,Federal Contract Tower,0,16,5,0,21,0,1,30,0,31,0,17,35,0,52,16,0,16,68
05/15/2008,ABY,GA,ASO,ES,Federal Contract Tower,0,16,11,4,31,0,2,31,7,40,0,18,42,11,71,40,30,70,141
05/16/2008,ABY,GA,ASO,ES,Federal Contract Tower,3,15,11,7,36,0,2,10,2,14,3,17,21,9,50,0,0,0,50
05/17/2008,ABY,GA,ASO,ES,Federal Contract Tower,0,11,5,0,16,0,0,17,0,17,0,11,22,0,33,10,0,10,43
05/18/2008,ABY,GA,ASO,ES,Federal Contract Tower,0,6,5,6,17,0,0,19,0,19,0,6,24,6,36,0,2,2,38
05/19/2008,ABY,GA,ASO,ES,Federal Contract Tower,0,14,8,1,23,0,2,26,0,28,0,16,34,1,51,32,0,32,83
05/20/2008,ABY,GA,ASO,ES,Federal Contract Tower,1,11,7,0,19,0,2,29,6,37,1,13,36,6,56,8,0,8,64
05/21/2008,ABY,GA,ASO,ES,Federal Contract Tower,0,19,15,0,34,0,2,31,0,33,0,21,46,0,67,22,0,22,89
05/22/2008,ABY,GA,ASO,ES,Federal Contract Tower,0,16,14,0,30,0,1,9,22,32,0,17,23,22,62,0,12,12,74
05/23/2008,ABY,GA,ASO,ES,Federal Contract Tower,0,17,5,2,24,0,1,5,1,7,0,18,10,3,31,0,0,0,31
05/24/2008,ABY,GA,ASO,ES,Federal Contract Tower,2,6,3,0,11,0,0,10,0,10,2,6,13,0,21,0,0,0,21
05/25/2008,ABY,GA,ASO,ES,Federal Contract Tower,0,3,6,0,9,0,0,21,0,21,0,3,27,0,30,0,0,0,30
05/26/2008,ABY,GA,ASO,ES,Federal Contract Tower,0,6,9,0,15,0,2,23,0,25,0,8,32,0,40,2,0,2,42
05/27/2008,ABY,GA,ASO,ES,Federal Contract Tower,0,14,4,0,18,0,1,29,0,30,0,15,33,0,48,8,0,8,56
05/28/2008,ABY,GA,ASO,ES,Federal Contract Tower,0,14,9,4,27,0,2,24,3,29,0,16,33,7,56,10,66,76,132
05/29/2008,ABY,GA,ASO,ES,Federal Contract Tower,0,16,19,3,38,0,2,23,3,28,0,18,42,6,66,8,72,80,146
05/30/2008,ABY,GA,ASO,ES,Federal Contract Tower,0,18,8,0,26,0,1,26,5,32,0,19,34,5,58,16,94,110,168
05/31/2008,ABY,GA,ASO,ES,Federal Contract Tower,0,4,14,2,20,0,0,18,0,18,0,4,32,2,38,22,0,22,60
06/01/2008,ABY,GA,ASO,ES,Federal Contract Tower,0,3,12,0,15,0,0,24,0,24,0,3,36,0,39,2,0,2,41
06/02/2008,ABY,GA,ASO,ES,Federal Contract Tower,0,11,4,2,17,0,0,31,2,33,0,11,35,4,50,26,20,46,96
06/03/2008,ABY,GA,ASO,ES,Federal Contract Tower,1,13,11,5,30,0,4,39,4,47,1,17,50,9,77,58,34,92,169
06/04/2008,ABY,GA,ASO,ES,Federal Contract Tower,1,15,10,0,26,0,1,25,3,29,1,16,35,3,55,34,30,64,119
06/05/2008,ABY,GA,ASO,ES,Federal Contract Tower,1,19,5,0,25,0,1,22,3,26,1,20,27,3,51,32,26,58,109
06/06/2008,ABY,GA,ASO,ES,Federal Contract Tower,0,19,15,2,36,0,0,29,0,29,0,19,44,2,65,26,0,26,91
06/07/2008,ABY,GA,ASO,ES,Federal Contract Tower,0,4,4,0,8,0,0,17,0,17,0,4,21,0,25,44,0,44,69
06/08/2008,ABY,GA,ASO,ES,Federal Contract Tower,0,7,3,4,14,0,0,18,2,20,0,7,21,6,34,18,0,18,52
06/09/2008,ABY,GA,ASO,ES,Federal Contract Tower,0,9,16,0,25,0,0,27,0,27,0,9,43,0,52,32,0,32,84
06/10/2008,ABY,GA,ASO,ES,Federal Contract Tower,1,16,9,5,31,0,3,27,4,34,1,19,36,9,65,36,32,68,133
06/11/2008,ABY,GA,ASO,ES,Federal Contract Tower,0,20,7,3,30,0,0,14,1,15,0,20,21,4,45,22,0,22,67
06/12/2008,ABY,GA,ASO,ES,Federal Contract Tower,0,16,9,6,31,0,0,17,0,17,0,16,26,6,48,2,38,40,88
06/13/2008,ABY,GA,ASO,ES,Federal Contract Tower,1,18,14,4,37,0,1,19,1,21,1,19,33,5,58,24,0,24,82
06/14/2008,ABY,GA,ASO,ES,Federal Contract Tower,0,4,7,0,11,0,0,13,1,14,0,4,20,1,25,28,0,28,53
06/15/2008,ABY,GA,ASO,ES,Federal Contract Tower,0,6,9,0,15,0,0,10,1,11,0,6,19,1,26,8,0,8,34
06/16/2008,ABY,GA,ASO,ES,Federal Contract Tower,0,14,14,7,35,0,2,19,0,21,0,16,33,7,56,30,0,30,86
06/17/2008,ABY,GA,ASO,ES,Federal Contract Tower,0,13,11,2,26,0,3,23,1,27,0,16,34,3,53,36,32,68,121
06/18/2008,ABY,GA,ASO,ES,Federal Contract Tower,0,10,11,0,21,0,3,25,0,28,0,13,36,0,49,72,0,72,121
06/19/2008,ABY,GA,ASO,ES,Federal Contract Tower,0,16,6,0,22,0,2,21,0,23,0,18,27,0,45,4,0,4,49
06/20/2008,ABY,GA,ASO,ES,Federal Contract Tower,1,16,5,6,28,0,3,33,3,39,1,19,38,9,67,10,2,12,79
06/21/2008,ABY,GA,ASO,ES,Federal Contract Tower,0,4,8,0,12,0,0,9,0,9,0,4,17,0,21,4,0,4,25
06/22/2008,ABY,GA,ASO,ES,Federal Contract Tower,0,6,3,2,11,0,0,9,0,9,0,6,12,2,20,0,0,0,20
06/23/2008,ABY,GA,ASO,ES,Federal Contract Tower,0,19,15,0,34,0,0,11,2,13,0,19,26,2,47,0,8,8,55
06/24/2008,ABY,GA,ASO,ES,Federal Contract Tower,0,15,8,3,26,0,1,17,7,25,0,16,25,10,51,16,86,102,153
06/25/2008,ABY,GA,ASO,ES,Federal Contract Tower,1,14,15,0,30,0,7,20,2,29,1,21,35,2,59,20,0,20,79
06/26/2008,ABY,GA,ASO,ES,Federal Contract Tower,0,18,15,3,36,0,0,18,7,25,0,18,33,10,61,26,40,66,127
06/27/2008,ABY,GA,ASO,ES,Federal Contract Tower,1,26,7,5,39,0,1,19,5,25,1,27,26,10,64,14,26,40,104
06/28/2008,ABY,GA,ASO,ES,Federal Contract Tower,0,4,7,0,11,0,0,19,0,19,0,4,26,0,30,8,0,8,38
06/29/2008,ABY,GA,ASO,ES,Federal Contract Tower,0,5,5,0,10,0,0,9,0,9,0,5,14,0,19,4,0,4,23
06/30/2008,ABY,GA,ASO,ES,Federal Contract Tower,0,21,5,1,27,0,1,7,2,10,0,22,12,3,37,0,0,0,37
07/01/2008,ABY,GA,ASO,ES,Federal Contract Tower,0,16,11,7,34,0,1,18,0,19,0,17,29,7,53,6,34,40,93
07/02/2008,ABY,GA,ASO,ES,Federal Contract Tower,0,24,13,0,37,0,3,29,0,32,0,27,42,0,69,20,0,20,89
07/03/2008,ABY,GA,ASO,ES,Federal Contract Tower,0,13,5,4,22,0,2,29,0,31,0,15,34,4,53,0,0,0,53
07/04/2008,ABY,GA,ASO,ES,Federal Contract Tower,0,4,2,0,6,0,2,13,0,15,0,6,15,0,21,14,0,14,35
07/05/2008,ABY,GA,ASO,ES,Federal Contract Tower,0,3,1,0,4,0,1,8,0,9,0,4,9,0,13,0,0,0,13
07/06/2008,ABY,GA,ASO,ES,Federal Contract Tower,0,3,5,2,10,0,0,15,0,15,0,3,20,2,25,0,0,0,25
07/07/2008,ABY,GA,ASO,ES,Federal Contract Tower,0,10,6,0,16,0,2,26,10,38,0,12,32,10,54,62,52,114,168
07/08/2008,ABY,GA,ASO,ES,Federal Contract Tower,1,11,6,0,18,0,1,16,2,19,1,12,22,2,37,40,0,40,77
07/09/2008,ABY,GA,ASO,ES,Federal Contract Tower,0,13,9,4,26,0,3,15,0,18,0,16,24,4,44,18,2,20,64
07/10/2008,ABY,GA,ASO,ES,Federal Contract Tower,0,17,6,13,36,0,10,32,14,56,0,27,38,27,92,6,62,68,160
07/11/2008,ABY,GA,ASO,ES,Federal Contract Tower,2,16,5,2,25,0,2,4,4,10,2,18,9,6,35,0,0,0,35
07/12/2008,ABY,GA,ASO,ES,Federal Contract Tower,0,3,5,0,8,0,0,9,0,9,0,3,14,0,17,56,0,56,73
07/13/2008,ABY,GA,ASO,ES,Federal Contract Tower,0,5,1,2,8,0,0,0,0,0,0,5,1,2,8,0,0,0,8
07/14/2008,ABY,GA,ASO,ES,Federal Contract Tower,0,16,12,3,31,0,1,9,0,10,0,17,21,3,41,0,0,0,41
07/15/2008,ABY,GA,ASO,ES,Federal Contract Tower,1,15,15,4,35,0,2,22,0,24,1,17,37,4,59,0,0,0,59
07/16/2008,ABY,GA,ASO,ES,Federal Contract Tower,0,16,16,2,34,0,2,15,2,19,0,18,31,4,53,0,8,8,61
07/17/2008,ABY,GA,ASO,ES,Federal Contract Tower,0,13,7,2,22,0,3,12,2,17,0,16,19,4,39,12,0,12,51
07/18/2008,ABY,GA,ASO,ES,Federal Contract Tower,0,15,14,5,34,0,2,19,1,22,0,17,33,6,56,0,0,0,56
07/19/2008,ABY,GA,ASO,ES,Federal Contract Tower,0,3,11,0,14,0,0,24,0,24,0,3,35,0,38,8,2,10,48
07/20/2008,ABY,GA,ASO,ES,Federal Contract Tower,0,5,6,8,19,0,0,17,0,17,0,5,23,8,36,26,0,26,62
07/21/2008,ABY,GA,ASO,ES,Federal Contract Tower,0,12,9,1,22,0,2,16,0,18,0,14,25,1,40,0,46,46,86
07/22/2008,ABY,GA,ASO,ES,Federal Contract Tower,1,18,14,1,34,0,1,13,2,16,1,19,27,3,50,0,6,6,56
07/23/2008,ABY,GA,ASO,ES,Federal Contract Tower,1,13,6,3,23,0,2,7,5,14,1,15,13,8,37,10,64,74,111
07/24/2008,ABY,GA,ASO,ES,Federal Contract Tower,1,17,18,5,41,0,1,17,0,18,1,18,35,5,59,20,0,20,79
07/25/2008,ABY,GA,ASO,ES,Federal Contract Tower,0,11,15,7,33,0,4,11,2,17,0,15,26,9,50,48,2,50,100
07/26/2008,ABY,GA,ASO,ES,Federal Contract Tower,0,3,4,0,7,0,27,0,0,27,0,30,4,0,34,12,0,12,46
07/27/2008,ABY,GA,ASO,ES,Federal Contract Tower,0,5,9,0,14,0,0,5,0,5,0,5,14,0,19,16,0,16,35
07/28/2008,ABY,GA,ASO,ES,Federal Contract Tower,0,15,10,0,25,0,0,9,0,9,0,15,19,0,34,12,0,12,46
07/29/2008,ABY,GA,ASO,ES,Federal Contract Tower,0,15,10,2,27,0,1,9,3,13,0,16,19,5,40,6,0,6,46
07/30/2008,ABY,GA,ASO,ES,Federal Contract Tower,1,14,12,2,29,0,3,9,0,12,1,17,21,2,41,0,0,0,41
07/31/2008,ABY,GA,ASO,ES,Federal Contract Tower,1,12,5,5,23,0,2,16,1,19,1,14,21,6,42,22,18,40,82
08/01/2008,ABY,GA,ASO,ES,Federal Contract Tower,0,13,4,14,31,0,2,4,12,18,0,15,8,26,49,0,0,0,49
08/02/2008,ABY,GA,ASO,ES,Federal Contract Tower,0,4,10,0,14,0,0,18,0,18,0,4,28,0,32,0,0,0,32
08/03/2008,ABY,GA,ASO,ES,Federal Contract Tower,0,7,3,3,13,0,0,25,4,29,0,7,28,7,42,0,0,0,42
08/04/2008,ABY,GA,ASO,ES,Federal Contract Tower,0,13,12,0,25,0,0,28,0,28,0,13,40,0,53,10,4,14,67
08/05/2008,ABY,GA,ASO,ES,Federal Contract Tower,0,15,11,0,26,0,1,13,4,18,0,16,24,4,44,10,58,68,112
08/06/2008,ABY,GA,ASO,ES,Federal Contract Tower,0,13,18,6,37,0,1,31,4,36,0,14,49,10,73,8,82,90,163
08/07/2008,ABY,GA,ASO,ES,Federal Contract Tower,0,11,11,0,22,0,1,18,1,20,0,12,29,1,42,18,8,26,68
08/08/2008,ABY,GA,ASO,ES,Federal Contract Tower,1,18,10,10,39,0,1,13,6,20,1,19,23,16,59,6,82,88,147
08/09/2008,ABY,GA,ASO,ES,Federal Contract Tower,0,3,5,0,8,0,0,16,0,16,0,3,21,0,24,20,0,20,44
08/10/2008,ABY,GA,ASO,ES,Federal Contract Tower,0,5,4,0,9,0,0,23,0,23,0,5,27,0,32,4,0,4,36
08/11/2008,ABY,GA,ASO,ES,Federal Contract Tower,0,14,7,0,21,0,1,17,2,20,0,15,24,2,41,20,16,36,77
08/12/2008,ABY,GA,ASO,ES,Federal Contract Tower,1,17,11,0,29,0,0,0,0,0,1,17,11,0,29,0,0,0,29
08/13/2008,ABY,GA,ASO,ES,Federal Contract Tower,0,17,9,3,29,0,2,10,2,14,0,19,19,5,43,20,10,30,73
08/14/2008,ABY,GA,ASO,ES,Federal Contract Tower,1,15,20,8,44,0,2,21,4,27,1,17,41,12,71,4,6,10,81
08/15/2008,ABY,GA,ASO,ES,Federal Contract Tower,1,14,11,2,28,0,1,25,1,27,1,15,36,3,55,10,0,10,65
08/16/2008,ABY,GA,ASO,ES,Federal Contract Tower,0,3,2,2,7,0,0,15,0,15,0,3,17,2,22,0,0,0,22
08/17/2008,ABY,GA,ASO,ES,Federal Contract Tower,0,5,6,0,11,0,0,15,0,15,0,5,21,0,26,22,0,22,48
08/18/2008,ABY,GA,ASO,ES,Federal Contract Tower,0,13,14,3,30,0,1,4,1,6,0,14,18,4,36,4,22,26,62
08/19/2008,ABY,GA,ASO,ES,Federal Contract Tower,0,14,8,6,28,0,0,26,1,27,0,14,34,7,55,34,8,42,97
08/20/2008,ABY,GA,ASO,ES,Federal Contract Tower,1,11,15,3,30,0,1,20,4,25,1,12,35,7,55,0,0,0,55
08/21/2008,ABY,GA,ASO,ES,Federal Contract Tower,0,11,10,2,23,0,2,8,0,10,0,13,18,2,33,4,0,4,37
08/22/2008,ABY,GA,ASO,ES,Federal Contract Tower,0,13,2,0,15,0,0,0,0,0,0,13,2,0,15,0,0,0,15
08/23/2008,ABY,GA,ASO,ES,Federal Contract Tower,0,1,1,0,2,0,0,0,0,0,0,1,1,0,2,0,0,0,2
08/24/2008,ABY,GA,ASO,ES,Federal Contract Tower,0,4,5,0,9,0,13,0,0,13,0,17,5,0,22,16,0,16,38
08/25/2008,ABY,GA,ASO,ES,Federal Contract Tower,0,13,7,0,20,0,0,8,0,8,0,13,15,0,28,20,0,20,48
08/26/2008,ABY,GA,ASO,ES,Federal Contract Tower,1,19,4,0,24,0,1,7,3,11,1,20,11,3,35,0,6,6,41
08/27/2008,ABY,GA,ASO,ES,Federal Contract Tower,1,16,4,8,29,0,2,24,0,26,1,18,28,8,55,40,6,46,101
08/28/2008,ABY,GA,ASO,ES,Federal Contract Tower,0,15,7,2,24,0,2,25,3,30,0,17,32,5,54,0,20,20,74
08/29/2008,ABY,GA,ASO,ES,Federal Contract Tower,1,12,11,4,28,0,1,43,0,44,1,13,54,4,72,40,8,48,120
08/30/2008,ABY,GA,ASO,ES,Federal Contract Tower,0,4,3,0,7,0,0,19,0,19,0,4,22,0,26,6,8,14,40
08/31/2008,ABY,GA,ASO,ES,Federal Contract Tower,0,3,0,0,3,0,0,5,0,5,0,3,5,0,8,0,0,0,8
09/01/2008,ABY,GA,ASO,ES,Federal Contract Tower,0,6,3,0,9,0,0,12,0,12,0,6,15,0,21,10,0,10,31
09/02/2008,ABY,GA,ASO,ES,Federal Contract Tower,0,13,4,2,19,0,2,8,0,10,0,15,12,2,29,30,0,30,59
09/03/2008,ABY,GA,ASO,ES,Federal Contract Tower,0,15,15,0,30,0,1,21,6,28,0,16,36,6,58,12,0,12,70
09/04/2008,ABY,GA,ASO,ES,Federal Contract Tower,0,16,15,2,33,0,1,47,2,50,0,17,62,4,83,12,0,12,95
09/05/2008,ABY,GA,ASO,ES,Federal Contract Tower,0,12,9,4,25,0,0,16,0,16,0,12,25,4,41,34,6,40,81
09/06/2008,ABY,GA,ASO,ES,Federal Contract Tower,0,3,15,0,18,0,0,30,0,30,0,3,45,0,48,2,0,2,50
09/07/2008,ABY,GA,ASO,ES,Federal Contract Tower,0,4,12,0,16,0,0,20,0,20,0,4,32,0,36,20,0,20,56
09/08/2008,ABY,GA,ASO,ES,Federal Contract Tower,0,10,11,1,22,0,0,24,10,34,0,10,35,11,56,25,0,25,81
09/09/2008,ABY,GA,ASO,ES,Federal Contract Tower,1,11,14,3,29,0,2,28,0,30,1,13,42,3,59,22,0,22,81
09/10/2008,ABY,GA,ASO,ES,Federal Contract Tower,0,10,20,0,30,0,2,22,0,24,0,12,42,0,54,16,0,16,70
09/11/2008,ABY,GA,ASO,ES,Federal Contract Tower,0,15,12,3,30,0,3,10,8,21,0,18,22,11,51,22,4,26,77
09/12/2008,ABY,GA,ASO,ES,Federal Contract Tower,0,20,18,9,47,0,0,26,3,29,0,20,44,12,76,14,0,14,90
09/13/2008,ABY,GA,ASO,ES,Federal Contract Tower,0,6,6,0,12,0,0,13,0,13,0,6,19,0,25,30,0,30,55
09/14/2008,ABY,GA,ASO,ES,Federal Contract Tower,0,8,7,8,23,0,0,25,0,25,0,8,32,8,48,0,8,8,56
09/15/2008,ABY,GA,ASO,ES,Federal Contract Tower,0,13,4,2,19,0,0,16,0,16,0,13,20,2,35,18,2,20,55
09/16/2008,ABY,GA,ASO,ES,Federal Contract Tower,1,18,10,0,29,0,0,27,0,27,1,18,37,0,56,0,0,0,56
09/17/2008,ABY,GA,ASO,ES,Federal Contract Tower,0,17,12,0,29,0,1,16,0,17,0,18,28,0,46,32,0,32,78
09/18/2008,ABY,GA,ASO,ES,Federal Contract Tower,0,13,18,6,37,0,2,27,6,35,0,15,45,12,72,2,14,16,88
09/19/2008,ABY,GA,ASO,ES,Federal Contract Tower,0,10,7,1,18,0,0,19,2,21,0,10,26,3,39,10,40,50,89
09/20/2008,ABY,GA,ASO,ES,Federal Contract Tower,0,0,0,0,0,0,0,15,0,15,0,0,15,0,15,4,0,4,19
09/21/2008,ABY,GA,ASO,ES,Federal Contract Tower,0,6,16,2,24,0,0,18,0,18,0,6,34,2,42,12,0,12,54
09/22/2008,ABY,GA,ASO,ES,Federal Contract Tower,0,11,10,8,29,0,0,19,7,26,0,11,29,15,55,22,20,42,97
09/23/2008,ABY,GA,ASO,ES,Federal Contract Tower,0,17,10,15,42,0,0,22,5,27,0,17,32,20,69,6,54,60,129
09/24/2008,ABY,GA,ASO,ES,Federal Contract Tower,0,16,18,6,40,0,0,38,0,38,0,16,56,6,78,32,10,42,120
09/25/2008,ABY,GA,ASO,ES,Federal Contract Tower,0,20,14,2,36,0,1,42,7,50,0,21,56,9,86,58,48,106,192
09/26/2008,ABY,GA,ASO,ES,Federal Contract Tower,1,17,10,5,33,0,1,28,2,31,1,18,38,7,64,16,6,22,86
09/27/2008,ABY,GA,ASO,ES,Federal Contract Tower,0,3,11,4,18,0,0,17,0,17,0,3,28,4,35,6,0,6,41
09/28/2008,ABY,GA,ASO,ES,Federal Contract Tower,0,4,3,0,7,0,0,28,1,29,0,4,31,1,36,2,0,2,38
09/29/2008,ABY,GA,ASO,ES,Federal Contract Tower,0,9,12,21,42,0,0,22,1,23,0,9,34,22,65,2,30,32,97
09/30/2008,ABY,GA,ASO,ES,Federal Contract Tower,1,15,9,2,27,0,2,33,0,35,1,17,42,2,62,6,2,8,70
10/01/2008,ABY,GA,ASO,ES,Federal Contract Tower,1,13,5,0,19,0,3,32,0,35,1,16,37,0,54,32,0,32,86
10/02/2008,ABY,GA,ASO,ES,Federal Contract Tower,1,13,9,0,23,0,2,16,2,20,1,15,25,2,43,38,20,58,101
10/03/2008,ABY,GA,ASO,ES,Federal Contract Tower,0,19,11,6,36,0,1,20,0,21,0,20,31,6,57,0,0,0,57
10/04/2008,ABY,GA,ASO,ES,Federal Contract Tower,0,5,5,0,10,0,0,22,0,22,0,5,27,0,32,14,0,14,46
10/05/2008,ABY,GA,ASO,ES,Federal Contract Tower,0,4,5,4,13,0,0,23,0,23,0,4,28,4,36,32,0,32,68
10/06/2008,ABY,GA,ASO,ES,Federal Contract Tower,0,9,9,10,28,0,2,22,1,25,0,11,31,11,53,42,18,60,113
10/07/2008,ABY,GA,ASO,ES,Federal Contract Tower,0,10,7,0,17,0,2,16,4,22,0,12,23,4,39,32,0,32,71
10/08/2008,ABY,GA,ASO,ES,Federal Contract Tower,1,19,11,6,37,0,2,6,3,11,1,21,17,9,48,4,30,34,82
10/09/2008,ABY,GA,ASO,ES,Federal Contract Tower,0,13,18,11,42,0,1,9,1,11,0,14,27,12,53,0,0,0,53
10/10/2008,ABY,GA,ASO,ES,Federal Contract Tower,0,14,15,2,31,0,0,21,0,21,0,14,36,2,52,24,0,24,76
10/11/2008,ABY,GA,ASO,ES,Federal Contract Tower,0,3,11,0,14,0,0,11,0,11,0,3,22,0,25,2,0,2,27
10/12/2008,ABY,GA,ASO,ES,Federal Contract Tower,0,5,25,0,30,0,0,7,0,7,0,5,32,0,37,6,0,6,43
10/13/2008,ABY,GA,ASO,ES,Federal Contract Tower,0,13,13,0,26,0,0,8,1,9,0,13,21,1,35,0,0,0,35
10/14/2008,ABY,GA,ASO,ES,Federal Contract Tower,0,11,9,0,20,0,0,36,3,39,0,11,45,3,59,36,16,52,111
10/15/2008,ABY,GA,ASO,ES,Federal Contract Tower,0,12,8,0,20,0,0,32,2,34,0,12,40,2,54,40,0,40,94
10/16/2008,ABY,GA,ASO,ES,Federal Contract Tower,1,10,21,14,46,0,0,44,1,45,1,10,65,15,91,62,10,72,163
10/17/2008,ABY,GA,ASO,ES,Federal Contract Tower,0,15,18,7,40,0,0,16,4,20,0,15,34,11,60,24,60,84,144
10/18/2008,ABY,GA,ASO,ES,Federal Contract Tower,0,5,9,0,14,0,0,9,0,9,0,5,18,0,23,16,0,16,39
10/19/2008,ABY,GA,ASO,ES,Federal Contract Tower,0,6,13,0,19,0,0,25,4,29,0,6,38,4,48,8,0,8,56
10/20/2008,ABY,GA,ASO,ES,Federal Contract Tower,0,9,5,2,16,0,0,26,1,27,0,9,31,3,43,16,18,34,77
10/21/2008,ABY,GA,ASO,ES,Federal Contract Tower,1,11,8,4,24,0,1,35,5,41,1,12,43,9,65,20,40,60,125
10/22/2008,ABY,GA,ASO,ES,Federal Contract Tower,0,12,10,2,24,0,2,43,2,47,0,14,53,4,71,54,24,78,149
10/23/2008,ABY,GA,ASO,ES,Federal Contract Tower,0,20,19,6,45,0,0,23,0,23,0,20,42,6,68,24,10,34,102
10/24/2008,ABY,GA,ASO,ES,Federal Contract Tower,1,12,15,7,35,0,0,0,0,0,1,12,15,7,35,0,0,0,35
10/25/2008,ABY,GA,ASO,ES,Federal Contract Tower,1,5,9,0,15,0,0,20,8,28,1,5,29,8,43,0,0,0,43
10/26/2008,ABY,GA,ASO,ES,Federal Contract Tower,0,5,15,0,20,0,0,36,0,36,0,5,51,0,56,30,0,30,86
10/27/2008,ABY,GA,ASO,ES,Federal Contract Tower,1,16,4,12,33,0,0,17,1,18,1,16,21,13,51,0,22,22,73
10/28/2008,ABY,GA,ASO,ES,Federal Contract Tower,1,18,5,2,26,0,1,23,8,32,1,19,28,10,58,22,12,34,92
10/29/2008,ABY,GA,ASO,ES,Federal Contract Tower,0,19,3,0,22,0,0,41,0,41,0,19,44,0,63,16,0,16,79
10/30/2008,ABY,GA,ASO,ES,Federal Contract Tower,1,12,13,6,32,0,1,42,2,45,1,13,55,8,77,56,52,108,185
10/31/2008,ABY,GA,ASO,ES,Federal Contract Tower,0,14,10,5,29,0,2,33,1,36,0,16,43,6,65,0,20,20,85
11/01/2008,ABY,GA,ASO,ES,Federal Contract Tower,0,3,4,0,7,0,0,42,0,42,0,3,46,0,49,34,0,34,83
11/02/2008,ABY,GA,ASO,ES,Federal Contract Tower,0,4,13,5,22,0,0,18,0,18,0,4,31,5,40,0,0,0,40
11/03/2008,ABY,GA,ASO,ES,Federal Contract Tower,0,8,8,2,18,0,0,16,1,17,0,8,24,3,35,10,0,10,45
11/04/2008,ABY,GA,ASO,ES,Federal Contract Tower,0,10,21,0,31,0,2,12,0,14,0,12,33,0,45,0,0,0,45
11/05/2008,ABY,GA,ASO,ES,Federal Contract Tower,0,13,16,0,29,0,0,47,18,65,0,13,63,18,94,66,0,66,160
11/06/2008,ABY,GA,ASO,ES,Federal Contract Tower,0,8,13,0,21,0,2,31,0,33,0,10,44,0,54,0,0,0,54
11/07/2008,ABY,GA,ASO,ES,Federal Contract Tower,0,15,26,1,42,0,0,51,0,51,0,15,77,1,93,14,0,14,107
11/08/2008,ABY,GA,ASO,ES,Federal Contract Tower,0,3,8,0,11,0,0,12,0,12,0,3,20,0,23,0,0,0,23
11/09/2008,ABY,GA,ASO,ES,Federal Contract Tower,0,4,14,0,18,0,0,37,0,37,0,4,51,0,55,54,0,54,109
11/10/2008,ABY,GA,ASO,ES,Federal Contract Tower,0,14,6,2,22,0,0,24,0,24,0,14,30,2,46,20,0,20,66
11/11/2008,ABY,GA,ASO,ES,Federal Contract Tower,0,11,20,0,31,0,0,26,0,26,0,11,46,0,57,32,0,32,89
11/12/2008,ABY,GA,ASO,ES,Federal Contract Tower,2,21,12,0,35,0,0,20,0,20,2,21,32,0,55,34,0,34,89
11/13/2008,ABY,GA,ASO,ES,Federal Contract Tower,0,18,35,4,57,0,2,13,1,16,0,20,48,5,73,26,22,48,121
11/14/2008,ABY,GA,ASO,ES,Federal Contract Tower,0,15,35,2,52,0,1,6,1,8,0,16,41,3,60,38,10,48,108
11/15/2008,ABY,GA,ASO,ES,Federal Contract Tower,0,4,14,0,18,0,0,10,0,10,0,4,24,0,28,0,0,0,28
11/16/2008,ABY,GA,ASO,ES,Federal Contract Tower,0,6,14,0,20,0,1,22,0,23,0,7,36,0,43,48,0,48,91
11/17/2008,ABY,GA,ASO,ES,Federal Contract Tower,0,10,15,6,31,0,2,33,4,39,0,12,48,10,70,52,12,64,134
11/18/2008,ABY,GA,ASO,ES,Federal Contract Tower,1,19,24,5,49,0,2,29,0,31,1,21,53,5,80,26,4,30,110
11/19/2008,ABY,GA,ASO,ES,Federal Contract Tower,0,16,9,10,35,0,0,44,7,51,0,16,53,17,86,6,26,32,118
11/20/2008,ABY,GA,ASO,ES,Federal Contract Tower,0,15,14,4,33,0,0,37,0,37,0,15,51,4,70,10,0,10,80
11/21/2008,ABY,GA,ASO,ES,Federal Contract Tower,0,20,20,3,43,0,0,30,2,32,0,20,50,5,75,10,34,44,119
11/22/2008,ABY,GA,ASO,ES,Federal Contract Tower,0,7,9,0,16,0,0,15,0,15,0,7,24,0,31,0,0,0,31
11/23/2008,ABY,GA,ASO,ES,Federal Contract Tower,0,8,11,0,19,0,0,23,0,23,0,8,34,0,42,0,0,0,42
11/24/2008,ABY,GA,ASO,ES,Federal Contract Tower,0,11,8,4,23,0,0,15,2,17,0,11,23,6,40,34,34,68,108
11/25/2008,ABY,GA,ASO,ES,Federal Contract Tower,1,17,8,4,30,0,0,24,0,24,1,17,32,4,54,14,8,22,76
11/26/2008,ABY,GA,ASO,ES,Federal Contract Tower,0,12,10,6,28,1,2,35,1,39,1,14,45,7,67,46,28,74,141
11/27/2008,ABY,GA,ASO,ES,Federal Contract Tower,0,5,3,0,8,0,0,10,0,10,0,5,13,0,18,0,0,0,18
11/28/2008,ABY,GA,ASO,ES,Federal Contract Tower,1,12,8,0,21,0,0,2,0,2,1,12,10,0,23,0,0,0,23
11/29/2008,ABY,GA,ASO,ES,Federal Contract Tower,0,8,4,0,12,0,0,6,0,6,0,8,10,0,18,22,0,22,40
11/30/2008,ABY,GA,ASO,ES,Federal Contract Tower,0,16,16,0,32,0,0,6,0,6,0,16,22,0,38,16,0,16,54
12/01/2008,ABY,GA,ASO,ES,Federal Contract Tower,0,13,16,10,39,0,0,13,4,17,0,13,29,14,56,12,2,14,70
12/02/2008,ABY,GA,ASO,ES,Federal Contract Tower,0,17,21,6,44,0,1,41,2,44,0,18,62,8,88,38,42,80,168
12/03/2008,ABY,GA,ASO,ES,Federal Contract Tower,1,11,10,2,24,0,0,38,2,40,1,11,48,4,64,10,36,46,110
12/04/2008,ABY,GA,ASO,ES,Federal Contract Tower,1,19,20,4,44,0,0,29,0,29,1,19,49,4,73,60,14,74,147
12/05/2008,ABY,GA,ASO,ES,Federal Contract Tower,1,26,9,10,46,0,0,22,0,22,1,26,31,10,68,26,8,34,102
12/06/2008,ABY,GA,ASO,ES,Federal Contract Tower,0,6,2,0,8,0,0,33,0,33,0,6,35,0,41,16,0,16,57
12/07/2008,ABY,GA,ASO,ES,Federal Contract Tower,0,10,19,2,31,0,0,34,0,34,0,10,53,2,65,8,0,8,73
12/08/2008,ABY,GA,ASO,ES,Federal Contract Tower,0,10,16,4,30,0,3,34,5,42,0,13,50,9,72,30,26,56,128
12/09/2008,ABY,GA,ASO,ES,Federal Contract Tower,0,15,25,10,50,0,6,25,2,33,0,21,50,12,83,28,34,62,145
12/10/2008,ABY,GA,ASO,ES,Federal Contract Tower,1,16,4,4,25,0,0,0,0,0,1,16,4,4,25,0,0,0,25
12/11/2008,ABY,GA,ASO,ES,Federal Contract Tower,1,22,10,2,35,0,0,2,0,2,1,22,12,2,37,0,0,0,37
12/12/2008,ABY,GA,ASO,ES,Federal Contract Tower,1,22,25,0,48,0,2,34,2,38,1,24,59,2,86,12,32,44,130
12/13/2008,ABY,GA,ASO,ES,Federal Contract Tower,0,4,13,0,17,0,0,36,1,37,0,4,49,1,54,36,12,48,102
12/14/2008,ABY,GA,ASO,ES,Federal Contract Tower,0,12,17,0,29,0,1,17,4,22,0,13,34,4,51,6,0,6,57
12/15/2008,ABY,GA,ASO,ES,Federal Contract Tower,0,19,9,9,37,0,0,12,1,13,0,19,21,10,50,18,10,28,78
12/16/2008,ABY,GA,ASO,ES,Federal Contract Tower,5,23,18,24,70,0,0,17,0,17,5,23,35,24,87,10,26,36,123
12/17/2008,ABY,GA,ASO,ES,Federal Contract Tower,3,20,15,1,39,0,0,19,0,19,3,20,34,1,58,48,18,66,124
12/18/2008,ABY,GA,ASO,ES,Federal Contract Tower,4,15,20,2,41,0,2,24,0,26,4,17,44,2,67,26,20,46,113
12/19/2008,ABY,GA,ASO,ES,Federal Contract Tower,2,23,14,8,47,0,0,39,1,40,2,23,53,9,87,0,18,18,105
12/20/2008,ABY,GA,ASO,ES,Federal Contract Tower,0,5,13,2,20,0,0,15,1,16,0,5,28,3,36,10,10,20,56
12/21/2008,ABY,GA,ASO,ES,Federal Contract Tower,0,6,9,0,15,0,0,10,0,10,0,6,19,0,25,0,0,0,25
12/22/2008,ABY,GA,ASO,ES,Federal Contract Tower,0,12,7,3,22,0,2,29,0,31,0,14,36,3,53,6,2,8,61
12/23/2008,ABY,GA,ASO,ES,Federal Contract Tower,4,14,18,2,38,0,2,31,0,33,4,16,49,2,71,30,18,48,119
12/24/2008,ABY,GA,ASO,ES,Federal Contract Tower,6,17,11,0,34,0,0,12,0,12,6,17,23,0,46,6,0,6,52
12/25/2008,ABY,GA,ASO,ES,Federal Contract Tower,0,2,6,0,8,0,0,1,0,1,0,2,7,0,9,0,0,0,9
12/26/2008,ABY,GA,ASO,ES,Federal Contract Tower,1,7,14,1,23,0,0,3,0,3,1,7,17,1,26,8,0,8,34
12/27/2008,ABY,GA,ASO,ES,Federal Contract Tower,0,6,9,0,15,0,0,29,0,29,0,6,38,0,44,14,0,14,58
12/28/2008,ABY,GA,ASO,ES,Federal Contract Tower,0,2,6,0,8,0,0,15,0,15,0,2,21,0,23,0,0,0,23
12/29/2008,ABY,GA,ASO,ES,Federal Contract Tower,0,11,7,4,22,0,0,6,0,6,0,11,13,4,28,14,12,26,54
12/30/2008,ABY,GA,ASO,ES,Federal Contract Tower,1,15,23,0,39,0,2,30,0,32,1,17,53,0,71,8,8,16,87
12/31/2008,ABY,GA,ASO,ES,Federal Contract Tower,1,7,9,2,19,0,2,32,0,34,1,9,41,2,53,0,0,0,53
01/01/2009,ABY,GA,ASO,ES,Federal Contract Tower,0,6,11,0,17,0,0,13,0,13,0,6,24,0,30,0,0,0,30
01/02/2009,ABY,GA,ASO,ES,Federal Contract Tower,0,16,10,0,26,0,0,9,0,9,0,16,19,0,35,0,0,0,35
01/03/2009,ABY,GA,ASO,ES,Federal Contract Tower,1,6,18,0,25,0,0,2,0,2,1,6,20,0,27,22,0,22,49
01/04/2009,ABY,GA,ASO,ES,Federal Contract Tower,0,10,8,0,18,0,0,29,0,29,0,10,37,0,47,18,0,18,65
01/05/2009,ABY,GA,ASO,ES,Federal Contract Tower,1,12,21,0,34,0,1,26,1,28,1,13,47,1,62,0,12,12,74
01/06/2009,ABY,GA,ASO,ES,Federal Contract Tower,1,19,21,16,57,0,0,9,2,11,1,19,30,18,68,0,102,102,170
01/07/2009,ABY,GA,ASO,ES,Federal Contract Tower,1,17,8,1,27,0,2,9,1,12,1,19,17,2,39,0,0,0,39
01/08/2009,ABY,GA,ASO,ES,Federal Contract Tower,1,18,20,3,42,0,2,31,12,45,1,20,51,15,87,0,98,98,185
01/09/2009,ABY,GA,ASO,ES,Federal Contract Tower,1,17,11,4,33,0,1,36,0,37,1,18,47,4,70,16,24,40,110
01/10/2009,ABY,GA,ASO,ES,Federal Contract Tower,0,13,13,8,34,0,0,16,0,16,0,13,29,8,50,4,14,18,68
01/11/2009,ABY,GA,ASO,ES,Federal Contract Tower,0,9,22,2,33,0,0,17,0,17,0,9,39,2,50,48,0,48,98
01/12/2009,ABY,GA,ASO,ES,Federal Contract Tower,0,18,14,8,40,0,0,31,1,32,0,18,45,9,72,70,10,80,152
01/13/2009,ABY,GA,ASO,ES,Federal Contract Tower,1,13,28,0,42,0,0,11,0,11,1,13,39,0,53,2,0,2,55
01/14/2009,ABY,GA,ASO,ES,Federal Contract Tower,0,13,11,0,24,0,0,36,4,40,0,13,47,4,64,12,12,24,88
01/15/2009,ABY,GA,ASO,ES,Federal Contract Tower,1,12,21,2,36,0,2,31,0,33,1,14,52,2,69,74,16,90,159
01/16/2009,ABY,GA,ASO,ES,Federal Contract Tower,1,20,14,7,42,0,2,24,13,39,1,22,38,20,81,18,0,18,99
01/17/2009,ABY,GA,ASO,ES,Federal Contract Tower,0,4,9,2,15,0,0,17,2,19,0,4,26,4,34,0,0,0,34
01/18/2009,ABY,GA,ASO,ES,Federal Contract Tower,0,12,6,3,21,0,0,6,13,19,0,12,12,16,40,0,0,0,40
01/19/2009,ABY,GA,ASO,ES,Federal Contract Tower,0,8,15,0,23,0,2,11,0,13,0,10,26,0,36,0,0,0,36
01/20/2009,ABY,GA,ASO,ES,Federal Contract Tower,1,16,20,4,41,0,2,13,0,15,1,18,33,4,56,0,8,8,64
01/21/2009,ABY,GA,ASO,ES,Federal Contract Tower,0,21,22,3,46,0,2,27,7,36,0,23,49,10,82,38,28,66,148
01/22/2009,ABY,GA,ASO,ES,Federal Contract Tower,0,17,23,4,44,0,2,30,7,39,0,19,53,11,83,20,96,116,199
01/23/2009,ABY,GA,ASO,ES,Federal Contract Tower,1,20,19,0,40,0,2,22,2,26,1,22,41,2,66,0,0,0,66
01/24/2009,ABY,GA,ASO,ES,Federal Contract Tower,0,11,21,0,32,0,0,14,12,26,0,11,35,12,58,16,0,16,74
01/25/2009,ABY,GA,ASO,ES,Federal Contract Tower,0,11,33,7,51,0,0,7,4,11,0,11,40,11,62,12,0,12,74
01/26/2009,ABY,GA,ASO,ES,Federal Contract Tower,0,17,17,2,36,0,0,14,1,15,0,17,31,3,51,8,38,46,97
01/27/2009,ABY,GA,ASO,ES,Federal Contract Tower,0,15,22,19,56,0,2,24,5,31,0,17,46,24,87,10,76,86,173
01/28/2009,ABY,GA,ASO,ES,Federal Contract Tower,2,20,30,22,74,0,0,18,4,22,2,20,48,26,96,34,28,62,158
01/29/2009,ABY,GA,ASO,ES,Federal Contract Tower,2,18,18,19,57,0,2,41,2,45,2,20,59,21,102,6,64,70,172
01/30/2009,ABY,GA,ASO,ES,Federal Contract Tower,1,12,24,15,52,0,2,24,7,33,1,14,48,22,85,0,0,0,85
01/31/2009,ABY,GA,ASO,ES,Federal Contract Tower,0,4,16,0,20,0,0,32,0,32,0,4,48,0,52,44,0,44,96
02/01/2009,ABY,GA,ASO,ES,Federal Contract Tower,0,12,11,0,23,0,0,20,0,20,0,12,31,0,43,0,0,0,43
02/02/2009,ABY,GA,ASO,ES,Federal Contract Tower,0,12,14,2,28,0,0,16,0,16,0,12,30,2,44,0,0,0,44
02/03/2009,ABY,GA,ASO,ES,Federal Contract Tower,1,13,13,6,33,0,0,16,5,21,1,13,29,11,54,0,60,60,114
02/04/2009,ABY,GA,ASO,ES,Federal Contract Tower,3,14,22,6,45,0,1,29,2,32,3,15,51,8,77,40,28,68,145
02/05/2009,ABY,GA,ASO,ES,Federal Contract Tower,2,16,16,8,42,0,2,36,1,39,2,18,52,9,81,22,26,48,129
02/06/2009,ABY,GA,ASO,ES,Federal Contract Tower,0,14,24,9,47,0,2,20,2,24,0,16,44,11,71,0,20,20,91
02/07/2009,ABY,GA,ASO,ES,Federal Contract Tower,0,8,16,2,26,0,0,32,0,32,0,8,48,2,58,42,24,66,124
02/08/2009,ABY,GA,ASO,ES,Federal Contract Tower,0,13,13,4,30,0,0,31,0,31,0,13,44,4,61,4,12,16,77
02/09/2009,ABY,GA,ASO,ES,Federal Contract Tower,0,10,13,7,30,0,1,19,10,30,0,11,32,17,60,12,4,16,76
02/10/2009,ABY,GA,ASO,ES,Federal Contract Tower,1,16,27,7,51,0,0,34,0,34,1,16,61,7,85,0,6,6,91
02/11/2009,ABY,GA,ASO,ES,Federal Contract Tower,1,10,11,3,25,0,0,16,0,16,1,10,27,3,41,22,0,22,63
02/12/2009,ABY,GA,ASO,ES,Federal Contract Tower,2,16,24,16,58,0,2,32,2,36,2,18,56,18,94,22,24,46,140
02/13/2009,ABY,GA,ASO,ES,Federal Contract Tower,2,12,25,5,44,0,0,21,1,22,2,12,46,6,66,22,0,22,88
02/14/2009,ABY,GA,ASO,ES,Federal Contract Tower,0,14,10,0,24,0,0,0,0,0,0,14,10,0,24,0,0,0,24
02/15/2009,ABY,GA,ASO,ES,Federal Contract Tower,0,9,3,0,12,0,0,13,2,15,0,9,16,2,27,0,0,0,27
02/16/2009,ABY,GA,ASO,ES,Federal Contract Tower,1,9,20,0,30,0,2,22,0,24,1,11,42,0,54,6,0,6,60
02/17/2009,ABY,GA,ASO,ES,Federal Contract Tower,1,24,11,0,36,0,2,32,3,37,1,26,43,3,73,52,40,92,165
02/18/2009,ABY,GA,ASO,ES,Federal Contract Tower,1,14,21,0,36,0,2,10,0,12,1,16,31,0,48,4,0,4,52
02/19/2009,ABY,GA,ASO,ES,Federal Contract Tower,1,19,10,6,36,0,0,23,0,23,1,19,33,6,59,0,38,38,97
02/20/2009,ABY,GA,ASO,ES,Federal Contract Tower,0,13,14,0,27,0,0,32,0,32,0,13,46,0,59,18,0,18,77
02/21/2009,ABY,GA,ASO,ES,Federal Contract Tower,0,2,16,2,20,0,0,34,0,34,0,2,50,2,54,2,0,2,56
02/22/2009,ABY,GA,ASO,ES,Federal Contract Tower,0,9,12,1,22,0,0,25,0,25,0,9,37,1,47,0,0,0,47
02/23/2009,ABY,GA,ASO,ES,Federal Contract Tower,0,12,16,0,28,0,2,20,11,33,0,14,36,11,61,0,20,20,81
02/24/2009,ABY,GA,ASO,ES,Federal Contract Tower,1,16,20,0,37,0,0,18,8,26,1,16,38,8,63,16,68,84,147
02/25/2009,ABY,GA,ASO,ES,Federal Contract Tower,0,7,29,4,40,0,0,24,0,24,0,7,53,4,64,62,4,66,130
02/26/2009,ABY,GA,ASO,ES,Federal Contract Tower,0,13,29,2,44,0,3,33,0,36,0,16,62,2,80,26,0,26,106
02/27/2009,ABY,GA,ASO,ES,Federal Contract Tower,1,16,9,2,28,0,1,13,0,14,1,17,22,2,42,0,0,0,42
02/28/2009,ABY,GA,ASO,ES,Federal Contract Tower,0,9,13,0,22,0,0,0,0,0,0,9,13,0,22,0,0,0,22
03/01/2009,ABY,GA,ASO,ES,Federal Contract Tower,0,4,15,2,21,0,0,12,0,12,0,4,27,2,33,0,0,0,33
03/02/2009,ABY,GA,ASO,ES,Federal Contract Tower,0,9,12,8,29,0,1,6,0,7,0,10,18,8,36,2,8,10,46
03/03/2009,ABY,GA,ASO,ES,Federal Contract Tower,0,18,21,0,39,0,0,22,0,22,0,18,43,0,61,26,0,26,87
03/04/2009,ABY,GA,ASO,ES,Federal Contract Tower,0,6,19,0,25,0,1,25,1,27,0,7,44,1,52,24,0,24,76
03/05/2009,ABY,GA,ASO,ES,Federal Contract Tower,0,15,21,8,44,0,2,27,2,31,0,17,48,10,75,0,30,30,105
03/06/2009,ABY,GA,ASO,ES,Federal Contract Tower,0,11,12,8,31,0,0,29,0,29,0,11,41,8,60,28,0,28,88
03/07/2009,ABY,GA,ASO,ES,Federal Contract Tower,2,4,9,0,15,0,0,30,0,30,2,4,39,0,45,26,0,26,71
03/08/2009,ABY,GA,ASO,ES,Federal Contract Tower,0,10,8,0,18,0,0,0,0,0,0,10,8,0,18,0,0,0,18
03/09/2009,ABY,GA,ASO,ES,Federal Contract Tower,0,12,15,6,33,0,0,14,0,14,0,12,29,6,47,8,0,8,55
03/10/2009,ABY,GA,ASO,ES,Federal Contract Tower,1,17,17,3,38,0,2,29,2,33,1,19,46,5,71,66,20,86,157
03/11/2009,ABY,GA,ASO,ES,Federal Contract Tower,0,15,14,1,30,0,2,32,2,36,0,17,46,3,66,0,44,44,110
03/12/2009,ABY,GA,ASO,ES,Federal Contract Tower,1,16,22,2,41,0,2,35,0,37,1,18,57,2,78,72,22,94,172
03/13/2009,ABY,GA,ASO,ES,Federal Contract Tower,0,14,15,4,33,0,2,5,1,8,0,16,20,5,41,0,0,0,41
03/14/2009,ABY,GA,ASO,ES,Federal Contract Tower,0,8,16,0,24,0,0,0,0,0,0,8,16,0,24,0,0,0,24
03/15/2009,ABY,GA,ASO,ES,Federal Contract Tower,0,9,10,0,19,0,0,5,0,5,0,9,15,0,24,0,0,0,24
03/16/2009,ABY,GA,ASO,ES,Federal Contract Tower,0,12,6,6,24,0,1,0,0,1,0,13,6,6,25,0,10,10,35
03/17/2009,ABY,GA,ASO,ES,Federal Contract Tower,0,13,11,9,33,0,2,28,1,31,0,15,39,10,64,30,24,54,118
03/18/2009,ABY,GA,ASO,ES,Federal Contract Tower,0,13,17,0,30,0,0,32,5,37,0,13,49,5,67,78,12,90,157
03/19/2009,ABY,GA,ASO,ES,Federal Contract Tower,0,10,5,8,23,0,2,28,0,30,0,12,33,8,53,14,6,20,73
03/20/2009,ABY,GA,ASO,ES,Federal Contract Tower,0,9,8,3,20,0,2,28,0,30,0,11,36,3,50,6,2,8,58
03/21/2009,ABY,GA,ASO,ES,Federal Contract Tower,0,2,3,4,9,0,2,23,0,25,0,4,26,4,34,8,0,8,42
03/22/2009,ABY,GA,ASO,ES,Federal Contract Tower,0,4,7,0,11,0,0,35,0,35,0,4,42,0,46,14,0,14,60
03/23/2009,ABY,GA,ASO,ES,Federal Contract Tower,0,13,13,7,33,0,1,31,8,40,0,14,44,15,73,0,20,20,93
03/24/2009,ABY,GA,ASO,ES,Federal Contract Tower,0,12,16,10,38,0,0,32,3,35,0,12,48,13,73,10,62,72,145
03/25/2009,ABY,GA,ASO,ES,Federal Contract Tower,0,13,9,0,22,0,2,34,1,37,0,15,43,1,59,14,20,34,93
03/26/2009,ABY,GA,ASO,ES,Federal Contract Tower,0,15,3,3,21,0,0,5,1,6,0,15,8,4,27,12,0,12,39
03/27/2009,ABY,GA,ASO,ES,Federal Contract Tower,0,13,8,0,21,0,2,0,1,3,0,15,8,1,24,0,0,0,24
03/28/2009,ABY,GA,ASO,ES,Federal Contract Tower,1,2,1,0,4,0,0,0,1,1,1,2,1,1,5,0,0,0,5
03/29/2009,ABY,GA,ASO,ES,Federal Contract Tower,0,10,5,0,15,0,0,16,0,16,0,10,21,0,31,0,0,0,31
03/30/2009,ABY,GA,ASO,ES,Federal Contract Tower,0,12,16,23,51,0,2,34,3,39,0,14,50,26,90,44,26,70,160
03/31/2009,ABY,GA,ASO,ES,Federal Contract Tower,1,20,24,4,49,0,0,23,0,23,1,20,47,4,72,14,28,42,114
04/01/2009,ABY,GA,ASO,ES,Federal Contract Tower,0,8,15,1,24,0,0,8,0,8,0,8,23,1,32,8,0,8,40
04/02/2009,ABY,GA,ASO,ES,Federal Contract Tower,0,16,2,0,18,0,0,2,0,2,0,16,4,0,20,0,0,0,20
04/03/2009,ABY,GA,ASO,ES,Federal Contract Tower,1,10,10,27,48,0,2,45,7,54,1,12,55,34,102,62,0,62,164
04/04/2009,ABY,GA,ASO,ES,Federal Contract Tower,0,4,7,4,15,0,0,25,0,25,0,4,32,4,40,56,0,56,96
04/05/2009,ABY,GA,ASO,ES,Federal Contract Tower,0,4,4,4,12,0,0,5,0,5,0,4,9,4,17,0,0,0,17
04/06/2009,ABY,GA,ASO,ES,Federal Contract Tower,0,10,6,4,20,0,2,6,10,18,0,12,12,14,38,6,0,6,44
04/07/2009,ABY,GA,ASO,ES,Federal Contract Tower,2,14,3,8,27,0,2,14,9,25,2,16,17,17,52,2,14,16,68
04/08/2009,ABY,GA,ASO,ES,Federal Contract Tower,0,7,20,5,32,0,2,25,4,31,0,9,45,9,63,13,42,55,118
04/09/2009,ABY,GA,ASO,ES,Federal Contract Tower,0,9,12,12,33,0,1,33,2,36,0,10,45,14,69,78,18,96,165
04/10/2009,ABY,GA,ASO,ES,Federal Contract Tower,0,10,15,2,27,0,2,6,0,8,0,12,21,2,35,28,8,36,71
04/11/2009,ABY,GA,ASO,ES,Federal Contract Tower,0,3,6,2,11,0,0,15,0,15,0,3,21,2,26,30,0,30,56
04/12/2009,ABY,GA,ASO,ES,Federal Contract Tower,0,4,2,4,10,0,0,18,3,21,0,4,20,7,31,0,0,0,31
04/13/2009,ABY,GA,ASO,ES,Federal Contract Tower,0,11,5,0,16,0,0,0,0,0,0,11,5,0,16,0,0,0,16
04/14/2009,ABY,GA,ASO,ES,Federal Contract Tower,0,13,21,0,34,0,0,29,0,29,0,13,50,0,63,58,0,58,121
04/15/2009,ABY,GA,ASO,ES,Federal Contract Tower,0,12,14,1,27,0,0,44,2,46,0,12,58,3,73,52,52,104,177
04/16/2009,ABY,GA,ASO,ES,Federal Contract Tower,0,15,9,1,25,0,0,43,0,43,0,15,52,1,68,16,22,38,106
04/17/2009,ABY,GA,ASO,ES,Federal Contract Tower,0,9,11,8,28,0,0,30,0,30,0,9,41,8,58,6,0,6,64
04/18/2009,ABY,GA,ASO,ES,Federal Contract Tower,0,5,6,0,11,0,0,38,0,38,0,5,44,0,49,44,0,44,93
04/19/2009,ABY,GA,ASO,ES,Federal Contract Tower,0,4,17,4,25,0,0,30,0,30,0,4,47,4,55,46,0,46,101
04/20/2009,ABY,GA,ASO,ES,Federal Contract Tower,0,14,9,6,29,0,2,11,4,17,0,16,20,10,46,0,52,52,98
04/21/2009,ABY,GA,ASO,ES,Federal Contract Tower,0,15,13,12,40,0,1,26,2,29,0,16,39,14,69,8,16,24,93
04/22/2009,ABY,GA,ASO,ES,Federal Contract Tower,0,10,15,2,27,0,2,35,0,37,0,12,50,2,64,20,28,48,112
04/23/2009,ABY,GA,ASO,ES,Federal Contract Tower,0,13,10,4,27,0,2,26,0,28,0,15,36,4,55,30,0,30,85
04/24/2009,ABY,GA,ASO,ES,Federal Contract Tower,1,13,19,2,35,0,2,44,0,46,1,15,63,2,81,58,4,62,143
04/25/2009,ABY,GA,ASO,ES,Federal Contract Tower,1,3,5,4,13,0,0,26,0,26,1,3,31,4,39,4,0,4,43
04/26/2009,ABY,GA,ASO,ES,Federal Contract Tower,0,4,5,0,9,0,0,36,0,36,0,4,41,0,45,2,0,2,47
04/27/2009,ABY,GA,ASO,ES,Federal Contract Tower,0,13,8,6,27,0,1,22,0,23,0,14,30,6,50,36,8,44,94
04/28/2009,ABY,GA,ASO,ES,Federal Contract Tower,0,10,19,21,50,0,0,34,10,44,0,10,53,31,94,48,38,86,180
04/29/2009,ABY,GA,ASO,ES,Federal Contract Tower,1,9,8,5,23,0,2,37,1,40,1,11,45,6,63,16,20,36,99
04/30/2009,ABY,GA,ASO,ES,Federal Contract Tower,0,9,15,5,29,0,2,42,8,52,0,11,57,13,81,34,68,102,183
05/01/2009,ABY,GA,ASO,ES,Federal Contract Tower,1,6,17,9,33,0,2,17,1,20,1,8,34,10,53,28,26,54,107
05/02/2009,ABY,GA,ASO,ES,Federal Contract Tower,0,3,9,4,16,0,0,15,0,15,0,3,24,4,31,0,0,0,31
05/03/2009,ABY,GA,ASO,ES,Federal Contract Tower,0,3,2,2,7,0,0,12,0,12,0,3,14,2,19,0,0,0,19
05/04/2009,ABY,GA,ASO,ES,Federal Contract Tower,0,7,9,0,16,0,2,11,3,16,0,9,20,3,32,0,16,16,48
05/05/2009,ABY,GA,ASO,ES,Federal Contract Tower,0,10,11,2,23,0,0,7,0,7,0,10,18,2,30,0,0,0,30
05/06/2009,ABY,GA,ASO,ES,Federal Contract Tower,0,13,7,4,24,0,14,0,0,14,0,27,7,4,38,12,4,16,54
05/07/2009,ABY,GA,ASO,ES,Federal Contract Tower,0,18,12,2,32,0,1,15,0,16,0,19,27,2,48,18,26,44,92
05/08/2009,ABY,GA,ASO,ES,Federal Contract Tower,1,10,6,8,25,0,2,26,5,33,1,12,32,13,58,26,18,44,102
05/09/2009,ABY,GA,ASO,ES,Federal Contract Tower,0,9,3,0,12,0,0,21,0,21,0,9,24,0,33,0,0,0,33
05/10/2009,ABY,GA,ASO,ES,Federal Contract Tower,0,4,8,0,12,0,0,16,0,16,0,4,24,0,28,0,0,0,28
05/11/2009,ABY,GA,ASO,ES,Federal Contract Tower,0,11,8,7,26,0,1,24,1,26,0,12,32,8,52,14,27,41,93
05/12/2009,ABY,GA,ASO,ES,Federal Contract Tower,0,13,3,6,22,0,0,28,0,28,0,13,31,6,50,52,44,96,146
05/13/2009,ABY,GA,ASO,ES,Federal Contract Tower,0,9,5,4,18,0,0,37,1,38,0,9,42,5,56,57,60,117,173
05/14/2009,ABY,GA,ASO,ES,Federal Contract Tower,0,11,21,30,62,0,2,32,3,37,0,13,53,33,99,14,78,92,191
05/15/2009,ABY,GA,ASO,ES,Federal Contract Tower,0,11,9,6,26,0,0,17,0,17,0,11,26,6,43,0,6,6,49
05/16/2009,ABY,GA,ASO,ES,Federal Contract Tower,0,3,8,0,11,0,0,17,0,17,0,3,25,0,28,0,0,0,28
05/17/2009,ABY,GA,ASO,ES,Federal Contract Tower,0,6,4,0,10,0,0,9,2,11,0,6,13,2,21,0,0,0,21
05/18/2009,ABY,GA,ASO,ES,Federal Contract Tower,0,10,9,8,27,0,1,12,2,15,0,11,21,10,42,0,7,7,49
05/19/2009,ABY,GA,ASO,ES,Federal Contract Tower,0,10,11,8,29,0,0,32,2,34,0,10,43,10,63,34,42,76,139
05/20/2009,ABY,GA,ASO,ES,Federal Contract Tower,0,13,15,12,40,0,0,16,2,18,0,13,31,14,58,0,38,38,96
05/21/2009,ABY,GA,ASO,ES,Federal Contract Tower,0,9,14,0,23,0,0,7,0,7,0,9,21,0,30,0,0,0,30
05/22/2009,ABY,GA,ASO,ES,Federal Contract Tower,1,10,9,6,26,0,2,5,1,8,1,12,14,7,34,0,22,22,56
05/23/2009,ABY,GA,ASO,ES,Federal Contract Tower,0,3,5,0,8,0,0,0,0,0,0,3,5,0,8,0,0,0,8
05/24/2009,ABY,GA,ASO,ES,Federal Contract Tower,0,2,1,0,3,0,0,3,0,3,0,2,4,0,6,0,0,0,6
05/25/2009,ABY,GA,ASO,ES,Federal Contract Tower,0,8,4,0,12,0,0,7,0,7,0,8,11,0,19,2,0,2,21
05/26/2009,ABY,GA,ASO,ES,Federal Contract Tower,0,6,9,0,15,0,0,13,0,13,0,6,22,0,28,4,0,4,32
05/27/2009,ABY,GA,ASO,ES,Federal Contract Tower,1,10,14,2,27,0,0,12,0,12,1,10,26,2,39,4,20,24,63
05/28/2009,ABY,GA,ASO,ES,Federal Contract Tower,1,14,4,4,23,0,2,14,0,16,1,16,18,4,39,0,16,16,55
05/29/2009,ABY,GA,ASO,ES,Federal Contract Tower,1,10,17,5,33,0,2,36,0,38,1,12,53,5,71,52,0,52,123
05/30/2009,ABY,GA,ASO,ES,Federal Contract Tower,0,2,19,2,23,0,0,44,0,44,0,2,63,2,67,20,0,20,87
05/31/2009,ABY,GA,ASO,ES,Federal Contract Tower,0,4,2,3,9,0,0,24,0,24,0,4,26,3,33,12,0,12,45
06/01/2009,ABY,GA,ASO,ES,Federal Contract Tower,0,7,5,3,15,0,2,23,0,25,0,9,28,3,40,36,29,65,105
06/02/2009,ABY,GA,ASO,ES,Federal Contract Tower,0,9,9,8,26,0,0,31,5,36,0,9,40,13,62,60,56,116,178
06/03/2009,ABY,GA,ASO,ES,Federal Contract Tower,0,13,5,13,31,0,1,24,9,34,0,14,29,22,65,44,62,106,171
06/04/2009,ABY,GA,ASO,ES,Federal Contract Tower,0,11,12,2,25,0,0,15,2,17,0,11,27,4,42,16,40,56,98
06/05/2009,ABY,GA,ASO,ES,Federal Contract Tower,1,11,6,6,24,0,1,4,0,5,1,12,10,6,29,0,24,24,53
06/06/2009,ABY,GA,ASO,ES,Federal Contract Tower,0,2,5,0,7,0,0,10,0,10,0,2,15,0,17,0,0,0,17
06/07/2009,ABY,GA,ASO,ES,Federal Contract Tower,0,6,9,2,17,0,0,0,0,0,0,6,9,2,17,12,0,12,29
06/08/2009,ABY,GA,ASO,ES,Federal Contract Tower,0,6,21,6,33,0,0,39,2,41,0,6,60,8,74,21,52,73,147
06/09/2009,ABY,GA,ASO,ES,Federal Contract Tower,0,9,4,0,13,0,0,33,1,34,0,9,37,1,47,0,42,42,89
06/10/2009,ABY,GA,ASO,ES,Federal Contract Tower,2,5,11,4,22,0,0,19,2,21,2,5,30,6,43,18,16,34,77
06/11/2009,ABY,GA,ASO,ES,Federal Contract Tower,2,10,20,4,36,0,2,25,1,28,2,12,45,5,64,6,18,24,88
06/12/2009,ABY,GA,ASO,ES,Federal Contract Tower,1,12,9,3,25,0,1,22,3,26,1,13,31,6,51,2,8,10,61
06/13/2009,ABY,GA,ASO,ES,Federal Contract Tower,0,6,9,0,15,0,21,0,0,21,0,27,9,0,36,20,0,20,56
06/14/2009,ABY,GA,ASO,ES,Federal Contract Tower,0,6,9,0,15,0,0,34,0,34,0,6,43,0,49,56,0,56,105
06/15/2009,ABY,GA,ASO,ES,Federal Contract Tower,0,9,13,2,24,0,2,35,4,41,0,11,48,6,65,7,42,49,114
06/16/2009,ABY,GA,ASO,ES,Federal Contract Tower,1,12,7,0,20,0,0,27,2,29,1,12,34,2,49,31,9,40,89
06/17/2009,ABY,GA,ASO,ES,Federal Contract Tower,3,6,15,2,26,0,0,25,0,25,3,6,40,2,51,34,4,38,89
06/18/2009,ABY,GA,ASO,ES,Federal Contract Tower,0,8,13,1,22,0,2,17,1,20,0,10,30,2,42,2,4,6,48
06/19/2009,ABY,GA,ASO,ES,Federal Contract Tower,0,11,8,6,25,0,2,31,0,33,0,13,39,6,58,6,0,6,64
06/20/2009,ABY,GA,ASO,ES,Federal Contract Tower,0,2,8,0,10,0,0,22,0,22,0,2,30,0,32,4,0,4,36
06/21/2009,ABY,GA,ASO,ES,Federal Contract Tower,0,7,5,0,12,0,0,22,0,22,0,7,27,0,34,0,0,0,34
06/22/2009,ABY,GA,ASO,ES,Federal Contract Tower,0,11,4,6,21,0,0,19,1,20,0,11,23,7,41,0,48,48,89
06/23/2009,ABY,GA,ASO,ES,Federal Contract Tower,0,11,16,12,39,0,1,26,2,29,0,12,42,14,68,50,36,86,154
06/24/2009,ABY,GA,ASO,ES,Federal Contract Tower,1,10,12,16,39,0,3,25,1,29,1,13,37,17,68,6,28,34,102
06/25/2009,ABY,GA,ASO,ES,Federal Contract Tower,0,10,11,11,32,0,1,25,2,28,0,11,36,13,60,12,20,32,92
06/26/2009,ABY,GA,ASO,ES,Federal Contract Tower,2,11,11,6,30,0,4,23,9,36,2,15,34,15,66,22,24,46,112
06/27/2009,ABY,GA,ASO,ES,Federal Contract Tower,0,2,3,0,5,0,0,24,0,24,0,2,27,0,29,20,0,20,49
06/28/2009,ABY,GA,ASO,ES,Federal Contract Tower,0,4,8,4,16,0,0,15,0,15,0,4,23,4,31,32,0,32,63
06/29/2009,ABY,GA,ASO,ES,Federal Contract Tower,0,10,10,6,26,0,2,17,2,21,0,12,27,8,47,38,16,54,101
06/30/2009,ABY,GA,ASO,ES,Federal Contract Tower,0,13,6,0,19,0,1,28,5,34,0,14,34,5,53,71,30,101,154
07/01/2009,ABY,GA,ASO,ES,Federal Contract Tower,2,8,9,11,30,0,1,20,12,33,2,9,29,23,63,14,16,30,93
07/02/2009,ABY,GA,ASO,ES,Federal Contract Tower,1,10,13,0,24,0,2,34,0,36,1,12,47,0,60,68,0,68,128
07/03/2009,ABY,GA,ASO,ES,Federal Contract Tower,0,6,5,2,13,0,1,29,0,30,0,7,34,2,43,66,0,66,109
07/04/2009,ABY,GA,ASO,ES,Federal Contract Tower,0,3,0,0,3,0,0,24,0,24,0,3,24,0,27,28,0,28,55
07/05/2009,ABY,GA,ASO,ES,Federal Contract Tower,0,3,5,2,10,0,0,13,0,13,0,3,18,2,23,0,0,0,23
07/06/2009,ABY,GA,ASO,ES,Federal Contract Tower,0,10,11,0,21,0,0,2,0,2,0,10,13,0,23,0,0,0,23
07/07/2009,ABY,GA,ASO,ES,Federal Contract Tower,0,11,10,5,26,0,0,8,0,8,0,11,18,5,34,4,6,10,44
07/08/2009,ABY,GA,ASO,ES,Federal Contract Tower,2,3,21,0,26,0,0,3,0,3,2,3,24,0,29,2,0,2,31
07/09/2009,ABY,GA,ASO,ES,Federal Contract Tower,0,11,11,0,22,0,1,9,0,10,0,12,20,0,32,66,0,66,98
07/10/2009,ABY,GA,ASO,ES,Federal Contract Tower,0,12,11,10,33,0,0,17,0,17,0,12,28,10,50,34,0,34,84
07/11/2009,ABY,GA,ASO,ES,Federal Contract Tower,0,2,3,0,5,0,0,21,0,21,0,2,24,0,26,28,0,28,54
07/12/2009,ABY,GA,ASO,ES,Federal Contract Tower,0,4,8,2,14,0,0,24,0,24,0,4,32,2,38,68,0,68,106
07/13/2009,ABY,GA,ASO,ES,Federal Contract Tower,0,8,9,8,25,0,2,21,4,27,0,10,30,12,52,57,44,101,153
07/14/2009,ABY,GA,ASO,ES,Federal Contract Tower,1,10,8,3,22,0,1,21,0,22,1,11,29,3,44,0,0,0,44
07/15/2009,ABY,GA,ASO,ES,Federal Contract Tower,2,5,16,1,24,0,0,11,0,11,2,5,27,1,35,30,15,45,80
07/16/2009,ABY,GA,ASO,ES,Federal Contract Tower,4,15,18,2,39,0,0,9,2,11,4,15,27,4,50,26,44,70,120
07/17/2009,ABY,GA,ASO,ES,Federal Contract Tower,1,13,7,9,30,0,0,17,3,20,1,13,24,12,50,20,56,76,126
07/18/2009,ABY,GA,ASO,ES,Federal Contract Tower,0,5,6,4,15,0,0,29,4,33,0,5,35,8,48,10,46,56,104
07/19/2009,ABY,GA,ASO,ES,Federal Contract Tower,0,4,8,4,16,0,0,18,0,18,0,4,26,4,34,24,20,44,78
07/20/2009,ABY,GA,ASO,ES,Federal Contract Tower,2,7,21,4,34,0,0,38,1,39,2,7,59,5,73,56,12,68,141
07/21/2009,ABY,GA,ASO,ES,Federal Contract Tower,0,12,5,13,30,0,2,25,0,27,0,14,30,13,57,4,30,34,91
07/22/2009,ABY,GA,ASO,ES,Federal Contract Tower,0,6,20,8,34,0,0,38,1,39,0,6,58,9,73,22,60,82,155
07/23/2009,ABY,GA,ASO,ES,Federal Contract Tower,0,5,25,1,31,0,0,14,4,18,0,5,39,5,49,14,24,38,87
07/24/2009,ABY,GA,ASO,ES,Federal Contract Tower,0,7,14,2,23,0,0,23,0,23,0,7,37,2,46,10,0,10,56
07/25/2009,ABY,GA,ASO,ES,Federal Contract Tower,0,2,3,2,7,0,0,30,0,30,0,2,33,2,37,27,24,51,88
07/26/2009,ABY,GA,ASO,ES,Federal Contract Tower,0,4,6,2,12,0,0,21,0,21,0,4,27,2,33,20,0,20,53
07/27/2009,ABY,GA,ASO,ES,Federal Contract Tower,0,9,4,4,17,0,1,17,0,18,0,10,21,4,35,22,12,34,69
07/28/2009,ABY,GA,ASO,ES,Federal Contract Tower,3,10,16,12,41,0,0,12,0,12,3,10,28,12,53,0,54,54,107
07/29/2009,ABY,GA,ASO,ES,Federal Contract Tower,2,6,7,4,19,0,0,5,2,7,2,6,12,6,26,8,20,28,54
07/30/2009,ABY,GA,ASO,ES,Federal Contract Tower,0,8,18,10,36,0,0,19,4,23,0,8,37,14,59,2,18,20,79
07/31/2009,ABY,GA,ASO,ES,Federal Contract Tower,0,6,9,0,15,0,1,11,0,12,0,7,20,0,27,0,11,11,38
08/01/2009,ABY,GA,ASO,ES,Federal Contract Tower,0,2,9,0,11,0,0,14,0,14,0,2,23,0,25,0,0,0,25
08/02/2009,ABY,GA,ASO,ES,Federal Contract Tower,0,2,8,0,10,0,0,12,0,12,0,2,20,0,22,4,0,4,26
08/03/2009,ABY,GA,ASO,ES,Federal Contract Tower,0,10,8,10,28,0,1,19,0,20,0,11,27,10,48,8,24,32,80
08/04/2009,ABY,GA,ASO,ES,Federal Contract Tower,5,6,23,3,37,0,0,24,1,25,5,6,47,4,62,16,15,31,93
08/05/2009,ABY,GA,ASO,ES,Federal Contract Tower,4,6,12,4,26,0,2,19,1,22,4,8,31,5,48,14,4,18,66
08/06/2009,ABY,GA,ASO,ES,Federal Contract Tower,4,12,8,0,24,0,1,31,0,32,4,13,39,0,56,26,0,26,82
08/07/2009,ABY,GA,ASO,ES,Federal Contract Tower,1,5,22,6,34,0,1,30,3,34,1,6,52,9,68,24,0,24,92
08/08/2009,ABY,GA,ASO,ES,Federal Contract Tower,0,2,1,0,3,0,0,28,0,28,0,2,29,0,31,26,0,26,57
08/09/2009,ABY,GA,ASO,ES,Federal Contract Tower,0,4,7,0,11,0,0,13,0,13,0,4,20,0,24,0,0,0,24
08/10/2009,ABY,GA,ASO,ES,Federal Contract Tower,0,14,3,6,23,0,1,21,4,26,0,15,24,10,49,46,66,112,161
08/11/2009,ABY,GA,ASO,ES,Federal Contract Tower,0,15,10,2,27,0,1,31,0,32,0,16,41,2,59,62,0,62,121
08/12/2009,ABY,GA,ASO,ES,Federal Contract Tower,0,9,9,0,18,0,6,6,0,12,0,15,15,0,30,10,0,10,40
08/13/2009,ABY,GA,ASO,ES,Federal Contract Tower,2,8,16,8,34,0,0,12,1,13,2,8,28,9,47,46,22,68,115
08/14/2009,ABY,GA,ASO,ES,Federal Contract Tower,1,5,8,1,15,0,1,22,0,23,1,6,30,1,38,35,0,35,73
08/15/2009,ABY,GA,ASO,ES,Federal Contract Tower,1,2,3,2,8,0,0,24,0,24,1,2,27,2,32,0,24,24,56
08/16/2009,ABY,GA,ASO,ES,Federal Contract Tower,0,4,2,0,6,0,0,16,0,16,0,4,18,0,22,20,0,20,42
08/17/2009,ABY,GA,ASO,ES,Federal Contract Tower,0,11,5,0,16,0,1,6,0,7,0,12,11,0,23,4,0,4,27
08/18/2009,ABY,GA,ASO,ES,Federal Contract Tower,0,13,7,7,27,0,2,17,4,23,0,15,24,11,50,4,22,26,76
08/19/2009,ABY,GA,ASO,ES,Federal Contract Tower,0,9,9,0,18,0,4,10,0,14,0,13,19,0,32,14,0,14,46
08/20/2009,ABY,GA,ASO,ES,Federal Contract Tower,0,13,11,8,32,0,0,24,5,29,0,13,35,13,61,10,28,38,99
08/21/2009,ABY,GA,ASO,ES,Federal Contract Tower,0,12,9,0,21,0,1,20,0,21,0,13,29,0,42,23,0,23,65
08/22/2009,ABY,GA,ASO,ES,Federal Contract Tower,0,0,7,1,8,0,0,11,0,11,0,0,18,1,19,0,4,4,23
08/23/2009,ABY,GA,ASO,ES,Federal Contract Tower,0,6,12,1,19,0,0,21,0,21,0,6,33,1,40,4,2,6,46
08/24/2009,ABY,GA,ASO,ES,Federal Contract Tower,0,8,14,4,26,0,2,30,0,32,0,10,44,4,58,74,10,84,142
08/25/2009,ABY,GA,ASO,ES,Federal Contract Tower,0,10,9,6,25,0,2,32,1,35,0,12,41,7,60,46,6,52,112
08/26/2009,ABY,GA,ASO,ES,Federal Contract Tower,0,14,22,4,40,0,1,10,0,11,0,15,32,4,51,2,2,4,55
08/27/2009,ABY,GA,ASO,ES,Federal Contract Tower,0,10,20,0,30,0,0,8,0,8,0,10,28,0,38,0,0,0,38
08/28/2009,ABY,GA,ASO,ES,Federal Contract Tower,1,11,4,0,16,0,1,4,0,5,1,12,8,0,21,20,0,20,41
08/29/2009,ABY,GA,ASO,ES,Federal Contract Tower,0,1,6,0,7,0,0,30,0,30,0,1,36,0,37,38,0,38,75
08/30/2009,ABY,GA,ASO,ES,Federal Contract Tower,0,5,7,2,14,0,0,20,0,20,0,5,27,2,34,18,0,18,52
08/31/2009,ABY,GA,ASO,ES,Federal Contract Tower,0,8,12,2,22,0,0,21,0,21,0,8,33,2,43,4,0,4,47
09/01/2009,ABY,GA,ASO,ES,Federal Contract Tower,0,9,14,3,26,0,1,20,1,22,0,10,34,4,48,0,0,0,48
09/02/2009,ABY,GA,ASO,ES,Federal Contract Tower,0,8,21,10,39,0,2,16,2,20,0,10,37,12,59,16,22,38,97
09/03/2009,ABY,GA,ASO,ES,Federal Contract Tower,1,13,7,5,26,0,0,29,4,33,1,13,36,9,59,2,28,30,89
09/04/2009,ABY,GA,ASO,ES,Federal Contract Tower,0,6,9,0,15,0,0,25,0,25,0,6,34,0,40,14,0,14,54
09/05/2009,ABY,GA,ASO,ES,Federal Contract Tower,0,2,2,0,4,0,0,16,0,16,0,2,18,0,20,8,0,8,28
09/06/2009,ABY,GA,ASO,ES,Federal Contract Tower,0,2,6,0,8,0,0,9,0,9,0,2,15,0,17,0,0,0,17
09/07/2009,ABY,GA,ASO,ES,Federal Contract Tower,0,5,8,0,13,0,0,12,0,12,0,5,20,0,25,20,0,20,45
09/08/2009,ABY,GA,ASO,ES,Federal Contract Tower,0,9,9,9,27,0,0,25,1,26,0,9,34,10,53,32,34,66,119
09/09/2009,ABY,GA,ASO,ES,Federal Contract Tower,0,8,9,5,22,0,2,30,2,34,0,10,39,7,56,44,8,52,108
09/10/2009,ABY,GA,ASO,ES,Federal Contract Tower,0,7,21,10,38,0,0,22,0,22,0,7,43,10,60,14,20,34,94
09/11/2009,ABY,GA,ASO,ES,Federal Contract Tower,0,9,13,8,30,0,0,13,0,13,0,9,26,8,43,4,14,18,61
09/12/2009,ABY,GA,ASO,ES,Federal Contract Tower,0,2,8,2,12,0,0,20,0,20,0,2,28,2,32,8,10,18,50
09/13/2009,ABY,GA,ASO,ES,Federal Contract Tower,0,7,1,2,10,0,0,15,0,15,0,7,16,2,25,0,0,0,25
09/14/2009,ABY,GA,ASO,ES,Federal Contract Tower,0,10,11,2,23,0,0,18,4,22,0,10,29,6,45,22,24,46,91
09/15/2009,ABY,GA,ASO,ES,Federal Contract Tower,0,10,9,3,22,0,1,9,0,10,0,11,18,3,32,2,40,42,74
09/16/2009,ABY,GA,ASO,ES,Federal Contract Tower,0,10,9,6,25,0,0,21,0,21,0,10,30,6,46,38,24,62,108
09/17/2009,ABY,GA,ASO,ES,Federal Contract Tower,0,8,19,2,29,0,0,10,0,10,0,8,29,2,39,2,0,2,41
09/18/2009,ABY,GA,ASO,ES,Federal Contract Tower,1,12,16,2,31,0,0,22,0,22,1,12,38,2,53,52,0,52,105
09/19/2009,ABY,GA,ASO,ES,Federal Contract Tower,0,3,6,0,9,0,0,18,0,18,0,3,24,0,27,20,0,20,47
09/20/2009,ABY,GA,ASO,ES,Federal Contract Tower,0,5,7,0,12,0,0,2,0,2,0,5,9,0,14,0,0,0,14
09/21/2009,ABY,GA,ASO,ES,Federal Contract Tower,0,6,14,8,28,0,2,13,0,15,0,8,27,8,43,30,8,38,81
09/22/2009,ABY,GA,ASO,ES,Federal Contract Tower,0,10,16,18,44,0,0,22,0,22,0,10,38,18,66,76,56,132,198
09/23/2009,ABY,GA,ASO,ES,Federal Contract Tower,0,12,16,6,34,0,0,11,0,11,0,12,27,6,45,16,10,26,71
09/24/2009,ABY,GA,ASO,ES,Federal Contract Tower,0,11,14,4,29,0,1,18,0,19,0,12,32,4,48,26,16,42,90
09/25/2009,ABY,GA,ASO,ES,Federal Contract Tower,1,11,18,5,35,0,1,23,4,28,1,12,41,9,63,24,34,58,121
09/26/2009,ABY,GA,ASO,ES,Federal Contract Tower,0,0,16,0,16,0,0,14,0,14,0,0,30,0,30,0,0,0,30
09/27/2009,ABY,GA,ASO,ES,Federal Contract Tower,0,5,2,0,7,0,0,4,0,4,0,5,6,0,11,0,0,0,11
09/28/2009,ABY,GA,ASO,ES,Federal Contract Tower,0,8,7,8,23,0,1,14,2,17,0,9,21,10,40,24,0,24,64
09/29/2009,ABY,GA,ASO,ES,Federal Contract Tower,0,7,3,10,20,0,0,25,2,27,0,7,28,12,47,26,26,52,99
09/30/2009,ABY,GA,ASO,ES,Federal Contract Tower,0,10,12,8,30,0,2,47,2,51,0,12,59,10,81,46,14,60,141
10/01/2009,ABY,GA,ASO,ES,Federal Contract Tower,0,9,5,5,19,0,0,30,1,31,0,9,35,6,50,60,68,128,178
10/02/2009,ABY,GA,ASO,ES,Federal Contract Tower,0,8,15,3,26,0,0,15,2,17,0,8,30,5,43,46,22,68,111
10/03/2009,ABY,GA,ASO,ES,Federal Contract Tower,0,0,4,0,4,0,0,16,0,16,0,0,20,0,20,28,0,28,48
10/04/2009,ABY,GA,ASO,ES,Federal Contract Tower,0,5,6,3,14,0,1,20,0,21,0,6,26,3,35,0,0,0,35
10/05/2009,ABY,GA,ASO,ES,Federal Contract Tower,0,10,7,2,19,0,0,7,0,7,0,10,14,2,26,0,6,6,32
10/06/2009,ABY,GA,ASO,ES,Federal Contract Tower,0,11,20,11,42,0,0,8,1,9,0,11,28,12,51,24,36,60,111
10/07/2009,ABY,GA,ASO,ES,Federal Contract Tower,0,7,7,2,16,0,2,24,0,26,0,9,31,2,42,0,20,20,62
10/08/2009,ABY,GA,ASO,ES,Federal Contract Tower,1,10,12,4,27,0,0,23,0,23,1,10,35,4,50,32,36,68,118
10/09/2009,ABY,GA,ASO,ES,Federal Contract Tower,1,10,13,12,36,0,0,19,0,19,1,10,32,12,55,6,14,20,75
10/10/2009,ABY,GA,ASO,ES,Federal Contract Tower,0,2,5,0,7,0,0,11,0,11,0,2,16,0,18,2,0,2,20
10/11/2009,ABY,GA,ASO,ES,Federal Contract Tower,0,4,8,0,12,0,0,12,0,12,0,4,20,0,24,0,0,0,24
10/12/2009,ABY,GA,ASO,ES,Federal Contract Tower,0,9,7,0,16,0,0,1,4,5,0,9,8,4,21,0,0,0,21
10/13/2009,ABY,GA,ASO,ES,Federal Contract Tower,0,9,17,2,28,0,0,1,0,1,0,9,18,2,29,24,0,24,53
10/14/2009,ABY,GA,ASO,ES,Federal Contract Tower,1,10,11,2,24,0,0,8,0,8,1,10,19,2,32,18,0,18,50
10/15/2009,ABY,GA,ASO,ES,Federal Contract Tower,1,7,15,4,27,0,0,6,0,6,1,7,21,4,33,22,2,24,57
10/16/2009,ABY,GA,ASO,ES,Federal Contract Tower,1,10,29,5,45,0,0,2,0,2,1,10,31,5,47,16,0,16,63
10/17/2009,ABY,GA,ASO,ES,Federal Contract Tower,0,2,14,0,16,0,0,20,0,20,0,2,34,0,36,6,0,6,42
10/18/2009,ABY,GA,ASO,ES,Federal Contract Tower,0,6,12,2,20,0,0,14,0,14,0,6,26,2,34,10,2,12,46
10/19/2009,ABY,GA,ASO,ES,Federal Contract Tower,0,11,9,9,29,0,0,20,0,20,0,11,29,9,49,46,46,92,141
10/20/2009,ABY,GA,ASO,ES,Federal Contract Tower,1,14,8,0,23,0,1,19,0,20,1,15,27,0,43,16,0,16,59
10/21/2009,ABY,GA,ASO,ES,Federal Contract Tower,1,9,8,16,34,0,0,37,2,39,1,9,45,18,73,42,42,84,157
10/22/2009,ABY,GA,ASO,ES,Federal Contract Tower,0,10,9,2,21,0,36,7,0,43,0,46,16,2,64,6,38,44,108
10/23/2009,ABY,GA,ASO,ES,Federal Contract Tower,1,8,11,0,20,0,2,12,0,14,1,10,23,0,34,8,0,8,42
10/24/2009,ABY,GA,ASO,ES,Federal Contract Tower,1,4,9,0,14,0,0,11,0,11,1,4,20,0,25,0,0,0,25
10/25/2009,ABY,GA,ASO,ES,Federal Contract Tower,0,8,13,0,21,0,0,23,0,23,0,8,36,0,44,16,0,16,60
10/26/2009,ABY,GA,ASO,ES,Federal Contract Tower,0,9,1,4,14,0,0,6,0,6,0,9,7,4,20,0,8,8,28
10/27/2009,ABY,GA,ASO,ES,Federal Contract Tower,0,15,11,7,33,0,0,0,0,0,0,15,11,7,33,0,6,6,39
10/28/2009,ABY,GA,ASO,ES,Federal Contract Tower,0,12,18,10,40,0,0,13,0,13,0,12,31,10,53,32,6,38,91
10/29/2009,ABY,GA,ASO,ES,Federal Contract Tower,0,9,15,0,24,0,0,25,4,29,0,9,40,4,53,40,40,80,133
10/30/2009,ABY,GA,ASO,ES,Federal Contract Tower,1,10,15,2,28,0,0,15,0,15,1,10,30,2,43,0,0,0,43
10/31/2009,ABY,GA,ASO,ES,Federal Contract Tower,0,2,9,0,11,0,0,5,0,5,0,2,14,0,16,4,0,4,20
11/01/2009,ABY,GA,ASO,ES,Federal Contract Tower,0,13,14,0,27,0,0,29,0,29,0,13,43,0,56,14,0,14,70
11/02/2009,ABY,GA,ASO,ES,Federal Contract Tower,0,8,2,6,16,0,2,14,1,17,0,10,16,7,33,0,46,46,79
11/03/2009,ABY,GA,ASO,ES,Federal Contract Tower,0,9,17,15,41,0,2,33,1,36,0,11,50,16,77,14,80,94,171
11/04/2009,ABY,GA,ASO,ES,Federal Contract Tower,0,14,11,17,42,0,1,26,9,36,0,15,37,26,78,36,76,112,190
11/05/2009,ABY,GA,ASO,ES,Federal Contract Tower,0,8,9,0,17,0,1,30,2,33,0,9,39,2,50,40,10,50,100
11/06/2009,ABY,GA,ASO,ES,Federal Contract Tower,0,10,13,12,35,0,0,26,0,26,0,10,39,12,61,18,38,56,117
11/07/2009,ABY,GA,ASO,ES,Federal Contract Tower,0,1,9,0,10,0,0,18,0,18,0,1,27,0,28,32,0,32,60
11/08/2009,ABY,GA,ASO,ES,Federal Contract Tower,0,7,13,2,22,0,0,21,0,21,0,7,34,2,43,34,0,34,77
11/09/2009,ABY,GA,ASO,ES,Federal Contract Tower,1,9,8,0,18,0,0,11,0,11,1,9,19,0,29,0,0,0,29
11/10/2009,ABY,GA,ASO,ES,Federal Contract Tower,1,15,4,0,20,0,0,0,0,0,1,15,4,0,20,0,0,0,20
11/11/2009,ABY,GA,ASO,ES,Federal Contract Tower,0,12,8,0,20,0,0,0,0,0,0,12,8,0,20,0,0,0,20
11/12/2009,ABY,GA,ASO,ES,Federal Contract Tower,0,9,14,4,27,0,0,23,2,25,0,9,37,6,52,12,20,32,84
11/13/2009,ABY,GA,ASO,ES,Federal Contract Tower,0,14,24,7,45,0,1,35,5,41,0,15,59,12,86,20,17,37,123
11/14/2009,ABY,GA,ASO,ES,Federal Contract Tower,0,3,7,0,10,0,0,13,0,13,0,3,20,0,23,24,0,24,47
11/15/2009,ABY,GA,ASO,ES,Federal Contract Tower,0,6,8,0,14,0,0,17,4,21,0,6,25,4,35,10,0,10,45
11/16/2009,ABY,GA,ASO,ES,Federal Contract Tower,0,9,16,5,30,0,0,30,1,31,0,9,46,6,61,26,4,30,91
11/17/2009,ABY,GA,ASO,ES,Federal Contract Tower,1,14,11,10,36,0,2,25,8,35,1,16,36,18,71,16,72,88,159
11/18/2009,ABY,GA,ASO,ES,Federal Contract Tower,0,12,11,0,23,0,1,20,0,21,0,13,31,0,44,14,0,14,58
11/19/2009,ABY,GA,ASO,ES,Federal Contract Tower,1,10,8,4,23,0,2,25,2,29,1,12,33,6,52,16,22,38,90
11/20/2009,ABY,GA,ASO,ES,Federal Contract Tower,0,12,12,9,33,0,0,21,0,21,0,12,33,9,54,44,2,46,100
11/21/2009,ABY,GA,ASO,ES,Federal Contract Tower,0,2,5,0,7,0,0,9,0,9,0,2,14,0,16,38,0,38,54
11/22/2009,ABY,GA,ASO,ES,Federal Contract Tower,0,4,9,4,17,0,0,0,0,0,0,4,9,4,17,0,0,0,17
11/23/2009,ABY,GA,ASO,ES,Federal Contract Tower,0,12,20,2,34,0,0,0,0,0,0,12,20,2,34,8,0,8,42
11/24/2009,ABY,GA,ASO,ES,Federal Contract Tower,1,15,27,6,49,0,2,26,0,28,1,17,53,6,77,42,52,94,171
11/25/2009,ABY,GA,ASO,ES,Federal Contract Tower,1,18,17,10,46,0,0,20,0,20,1,18,37,10,66,36,10,46,112
11/26/2009,ABY,GA,ASO,ES,Federal Contract Tower,0,3,3,0,6,0,0,20,0,20,0,3,23,0,26,8,0,8,34
11/27/2009,ABY,GA,ASO,ES,Federal Contract Tower,0,5,5,0,10,0,0,19,0,19,0,5,24,0,29,16,0,16,45
11/28/2009,ABY,GA,ASO,ES,Federal Contract Tower,0,4,9,0,13,0,0,33,0,33,0,4,42,0,46,24,0,24,70
11/29/2009,ABY,GA,ASO,ES,Federal Contract Tower,0,14,21,0,35,0,0,31,0,31,0,14,52,0,66,34,0,34,100
11/30/2009,ABY,GA,ASO,ES,Federal Contract Tower,0,8,11,28,47,0,0,24,7,31,0,8,35,35,78,10,96,106,184
12/01/2009,ABY,GA,ASO,ES,Federal Contract Tower,1,17,21,4,43,0,0,26,0,26,1,17,47,4,69,42,44,86,155
12/02/2009,ABY,GA,ASO,ES,Federal Contract Tower,1,12,6,2,21,0,0,0,0,0,1,12,6,2,21,0,0,0,21
12/03/2009,ABY,GA,ASO,ES,Federal Contract Tower,0,13,20,8,41,0,1,33,16,50,0,14,53,24,91,32,64,96,187
12/04/2009,ABY,GA,ASO,ES,Federal Contract Tower,1,13,14,6,34,0,1,21,0,22,1,14,35,6,56,36,26,62,118
12/05/2009,ABY,GA,ASO,ES,Federal Contract Tower,0,2,8,2,12,0,0,8,4,12,0,2,16,6,24,0,24,24,48
12/06/2009,ABY,GA,ASO,ES,Federal Contract Tower,0,14,13,5,32,0,0,25,0,25,0,14,38,5,57,2,0,2,59
12/07/2009,ABY,GA,ASO,ES,Federal Contract Tower,0,10,9,13,32,0,2,19,3,24,0,12,28,16,56,36,60,96,152
12/08/2009,ABY,GA,ASO,ES,Federal Contract Tower,1,14,13,10,38,0,0,4,6,10,1,14,17,16,48,0,34,34,82
12/09/2009,ABY,GA,ASO,ES,Federal Contract Tower,2,14,13,0,29,0,4,7,0,11,2,18,20,0,40,26,0,26,66
12/10/2009,ABY,GA,ASO,ES,Federal Contract Tower,0,13,15,13,41,0,0,37,1,38,0,13,52,14,79,44,20,64,143
12/11/2009,ABY,GA,ASO,ES,Federal Contract Tower,1,19,11,6,37,0,0,15,1,16,1,19,26,7,53,28,24,52,105
12/12/2009,ABY,GA,ASO,ES,Federal Contract Tower,0,5,2,0,7,0,0,2,0,2,0,5,4,0,9,2,0,2,11
12/13/2009,ABY,GA,ASO,ES,Federal Contract Tower,0,8,7,0,15,0,0,0,0,0,0,8,7,0,15,0,0,0,15
12/14/2009,ABY,GA,ASO,ES,Federal Contract Tower,0,15,10,0,25,0,0,1,0,1,0,15,11,0,26,0,0,0,26
12/15/2009,ABY,GA,ASO,ES,Federal Contract Tower,1,12,13,4,30,0,0,12,0,12,1,12,25,4,42,0,38,38,80
12/16/2009,ABY,GA,ASO,ES,Federal Contract Tower,0,13,18,9,40,0,0,43,0,43,0,13,61,9,83,48,60,108,191
12/17/2009,ABY,GA,ASO,ES,Federal Contract Tower,0,12,10,0,22,0,21,1,0,22,0,33,11,0,44,46,0,46,90
12/18/2009,ABY,GA,ASO,ES,Federal Contract Tower,1,14,7,2,24,0,0,0,0,0,1,14,7,2,24,0,0,0,24
12/19/2009,ABY,GA,ASO,ES,Federal Contract Tower,0,7,3,0,10,0,0,2,6,8,0,7,5,6,18,22,0,22,40
12/20/2009,ABY,GA,ASO,ES,Federal Contract Tower,0,4,5,0,9,0,0,21,36,57,0,4,26,36,66,17,0,17,83
12/21/2009,ABY,GA,ASO,ES,Federal Contract Tower,0,12,11,4,27,0,2,27,23,52,0,14,38,27,79,16,0,16,95
12/22/2009,ABY,GA,ASO,ES,Federal Contract Tower,1,15,10,0,26,0,0,28,0,28,1,15,38,0,54,24,0,24,78
12/23/2009,ABY,GA,ASO,ES,Federal Contract Tower,5,9,18,2,34,0,0,21,0,21,5,9,39,2,55,0,0,0,55
12/24/2009,ABY,GA,ASO,ES,Federal Contract Tower,3,7,3,0,13,0,0,0,0,0,3,7,3,0,13,0,0,0,13
12/25/2009,ABY,GA,ASO,ES,Federal Contract Tower,0,1,4,0,5,0,0,0,0,0,0,1,4,0,5,0,0,0,5
12/26/2009,ABY,GA,ASO,ES,Federal Contract Tower,2,6,8,0,16,0,0,20,0,20,2,6,28,0,36,22,0,22,58
12/27/2009,ABY,GA,ASO,ES,Federal Contract Tower,0,5,10,0,15,0,0,24,0,24,0,5,34,0,39,18,0,18,57
12/28/2009,ABY,GA,ASO,ES,Federal Contract Tower,3,6,20,0,29,0,0,19,0,19,3,6,39,0,48,44,0,44,92
12/29/2009,ABY,GA,ASO,ES,Federal Contract Tower,3,18,16,3,40,0,0,34,1,35,3,18,50,4,75,60,38,98,173
12/30/2009,ABY,GA,ASO,ES,Federal Contract Tower,1,13,16,0,30,0,0,22,0,22,1,13,38,0,52,2,0,2,54
12/31/2009,ABY,GA,ASO,ES,Federal Contract Tower,4,11,6,0,21,0,0,10,0,10,4,11,16,0,31,0,0,0,31
01/01/2010,ABY,GA,ASO,ES,Federal Contract Tower,0,4,6,0,10,0,0,8,0,8,0,4,14,0,18,0,0,0,18
01/02/2010,ABY,GA,ASO,ES,Federal Contract Tower,0,7,6,0,13,0,0,15,0,15,0,7,21,0,28,20,0,20,48
01/03/2010,ABY,GA,ASO,ES,Federal Contract Tower,0,14,11,0,25,0,0,25,0,25,0,14,36,0,50,20,0,20,70
01/04/2010,ABY,GA,ASO,ES,Federal Contract Tower,0,10,13,5,28,0,2,15,1,18,0,12,28,6,46,22,22,44,90
01/05/2010,ABY,GA,ASO,ES,Federal Contract Tower,1,15,10,0,26,0,0,12,4,16,1,15,22,4,42,8,36,44,86
01/06/2010,ABY,GA,ASO,ES,Federal Contract Tower,1,15,11,10,37,0,0,19,2,21,1,15,30,12,58,6,58,64,122
01/07/2010,ABY,GA,ASO,ES,Federal Contract Tower,1,13,6,21,41,0,0,23,7,30,1,13,29,28,71,68,74,142,213
01/08/2010,ABY,GA,ASO,ES,Federal Contract Tower,0,17,10,7,34,0,1,12,12,25,0,18,22,19,59,10,28,38,97
01/09/2010,ABY,GA,ASO,ES,Federal Contract Tower,0,5,7,0,12,0,0,18,2,20,0,5,25,2,32,32,0,32,64
01/10/2010,ABY,GA,ASO,ES,Federal Contract Tower,0,12,15,5,32,0,0,13,10,23,0,12,28,15,55,6,0,6,61
01/11/2010,ABY,GA,ASO,ES,Federal Contract Tower,0,14,14,3,31,0,0,19,3,22,0,14,33,6,53,26,112,138,191
01/12/2010,ABY,GA,ASO,ES,Federal Contract Tower,2,16,16,14,48,0,0,29,4,33,2,16,45,18,81,60,60,120,201
01/13/2010,ABY,GA,ASO,ES,Federal Contract Tower,0,14,13,3,30,0,0,24,2,26,0,14,37,5,56,8,14,22,78
01/14/2010,ABY,GA,ASO,ES,Federal Contract Tower,0,16,26,2,44,0,0,43,0,43,0,16,69,2,87,52,0,52,139
01/15/2010,ABY,GA,ASO,ES,Federal Contract Tower,2,9,16,4,31,0,1,26,0,27,2,10,42,4,58,12,40,52,110
01/16/2010,ABY,GA,ASO,ES,Federal Contract Tower,0,6,10,0,16,0,0,0,0,0,0,6,10,0,16,0,0,0,16
01/17/2010,ABY,GA,ASO,ES,Federal Contract Tower,0,6,16,0,22,0,0,1,0,1,0,6,17,0,23,0,0,0,23
01/18/2010,ABY,GA,ASO,ES,Federal Contract Tower,0,15,16,0,31,0,2,29,0,31,0,17,45,0,62,0,0,0,62
01/19/2010,ABY,GA,ASO,ES,Federal Contract Tower,0,18,6,3,27,0,0,33,0,33,0,18,39,3,60,54,4,58,118
01/20/2010,ABY,GA,ASO,ES,Federal Contract Tower,0,19,12,10,41,0,0,13,0,13,0,19,25,10,54,8,16,24,78
01/21/2010,ABY,GA,ASO,ES,Federal Contract Tower,1,18,19,0,38,0,0,6,0,6,1,18,25,0,44,26,0,26,70
01/22/2010,ABY,GA,ASO,ES,Federal Contract Tower,0,10,19,4,33,0,0,15,0,15,0,10,34,4,48,6,2,8,56
01/23/2010,ABY,GA,ASO,ES,Federal Contract Tower,0,7,25,12,44,0,0,0,0,0,0,7,25,12,44,0,10,10,54
01/24/2010,ABY,GA,ASO,ES,Federal Contract Tower,0,9,14,0,23,0,0,0,0,0,0,9,14,0,23,0,0,0,23
01/25/2010,ABY,GA,ASO,ES,Federal Contract Tower,0,13,14,2,29,0,0,25,4,29,0,13,39,6,58,12,68,80,138
01/26/2010,ABY,GA,ASO,ES,Federal Contract Tower,0,14,32,0,46,0,1,28,2,31,0,15,60,2,77,34,12,46,123
01/27/2010,ABY,GA,ASO,ES,Federal Contract Tower,0,15,30,6,51,0,0,35,4,39,0,15,65,10,90,18,30,48,138
01/28/2010,ABY,GA,ASO,ES,Federal Contract Tower,0,20,25,8,53,0,0,26,4,30,0,20,51,12,83,52,46,98,181
01/29/2010,ABY,GA,ASO,ES,Federal Contract Tower,0,9,17,38,64,0,2,17,0,19,0,11,34,38,83,48,64,112,195
01/30/2010,ABY,GA,ASO,ES,Federal Contract Tower,0,3,11,0,14,0,0,0,0,0,0,3,11,0,14,0,0,0,14
01/31/2010,ABY,GA,ASO,ES,Federal Contract Tower,0,14,15,0,29,0,0,6,0,6,0,14,21,0,35,0,0,0,35
02/01/2010,ABY,GA,ASO,ES,Federal Contract Tower,0,10,14,9,33,0,0,23,0,23,0,10,37,9,56,30,4,34,90
02/02/2010,ABY,GA,ASO,ES,Federal Contract Tower,1,17,20,13,51,0,0,2,0,2,1,17,22,13,53,0,8,8,61
02/03/2010,ABY,GA,ASO,ES,Federal Contract Tower,1,10,19,12,42,0,2,48,1,51,1,12,67,13,93,44,32,76,169
02/04/2010,ABY,GA,ASO,ES,Federal Contract Tower,0,20,39,8,67,0,0,18,0,18,0,20,57,8,85,24,44,68,153
02/05/2010,ABY,GA,ASO,ES,Federal Contract Tower,1,17,13,0,31,0,0,0,0,0,1,17,13,0,31,0,0,0,31
02/06/2010,ABY,GA,ASO,ES,Federal Contract Tower,1,8,13,0,22,0,0,0,0,0,1,8,13,0,22,0,0,0,22
02/07/2010,ABY,GA,ASO,ES,Federal Contract Tower,0,10,15,0,25,0,16,0,0,16,0,26,15,0,41,20,0,20,61
02/08/2010,ABY,GA,ASO,ES,Federal Contract Tower,0,11,18,8,37,0,2,18,0,20,0,13,36,8,57,46,4,50,107
02/09/2010,ABY,GA,ASO,ES,Federal Contract Tower,2,14,9,22,47,0,0,3,0,3,2,14,12,22,50,2,38,40,90
02/10/2010,ABY,GA,ASO,ES,Federal Contract Tower,1,17,15,14,47,0,1,17,0,18,1,18,32,14,65,6,30,36,101
02/11/2010,ABY,GA,ASO,ES,Federal Contract Tower,3,20,29,5,57,0,1,30,10,41,3,21,59,15,98,42,70,112,210
02/12/2010,ABY,GA,ASO,ES,Federal Contract Tower,1,10,13,0,24,0,0,0,0,0,1,10,13,0,24,0,0,0,24
02/13/2010,ABY,GA,ASO,ES,Federal Contract Tower,0,5,22,0,27,0,0,14,0,14,0,5,36,0,41,0,0,0,41
02/14/2010,ABY,GA,ASO,ES,Federal Contract Tower,0,3,12,0,15,0,0,19,0,19,0,3,31,0,34,0,0,0,34
02/15/2010,ABY,GA,ASO,ES,Federal Contract Tower,0,15,15,0,30,0,0,12,0,12,0,15,27,0,42,12,0,12,54
02/16/2010,ABY,GA,ASO,ES,Federal Contract Tower,2,13,17,3,35,0,1,32,6,39,2,14,49,9,74,0,70,70,144
02/17/2010,ABY,GA,ASO,ES,Federal Contract Tower,2,12,25,0,39,0,0,22,3,25,2,12,47,3,64,14,54,68,132
02/18/2010,ABY,GA,ASO,ES,Federal Contract Tower,0,16,30,2,48,0,0,27,1,28,0,16,57,3,76,48,20,68,144
02/19/2010,ABY,GA,ASO,ES,Federal Contract Tower,3,16,8,12,39,0,1,30,2,33,3,17,38,14,72,16,22,38,110
02/20/2010,ABY,GA,ASO,ES,Federal Contract Tower,0,12,19,6,37,0,0,41,0,41,0,12,60,6,78,46,4,50,128
02/21/2010,ABY,GA,ASO,ES,Federal Contract Tower,0,7,7,2,16,0,1,31,0,32,0,8,38,2,48,10,0,10,58
02/22/2010,ABY,GA,ASO,ES,Federal Contract Tower,0,14,9,2,25,0,0,3,0,3,0,14,12,2,28,0,0,0,28
02/23/2010,ABY,GA,ASO,ES,Federal Contract Tower,2,18,15,15,50,0,0,11,0,11,2,18,26,15,61,0,18,18,79
02/24/2010,ABY,GA,ASO,ES,Federal Contract Tower,2,11,9,9,31,0,1,19,0,20,2,12,28,9,51,12,48,60,111
02/25/2010,ABY,GA,ASO,ES,Federal Contract Tower,3,15,22,12,52,0,1,21,2,24,3,16,43,14,76,20,25,45,121
02/26/2010,ABY,GA,ASO,ES,Federal Contract Tower,3,11,15,3,32,0,0,32,0,32,3,11,47,3,64,30,0,30,94
02/27/2010,ABY,GA,ASO,ES,Federal Contract Tower,0,7,10,0,17,0,0,22,2,24,0,7,32,2,41,30,0,30,71
02/28/2010,ABY,GA,ASO,ES,Federal Contract Tower,0,14,10,6,30,0,0,14,0,14,0,14,24,6,44,0,10,10,54
03/01/2010,ABY,GA,ASO,ES,Federal Contract Tower,0,9,18,1,28,0,2,26,3,31,0,11,44,4,59,46,25,71,130
03/02/2010,ABY,GA,ASO,ES,Federal Contract Tower,3,10,10,4,27,0,0,0,0,0,3,10,10,4,27,0,4,4,31
03/03/2010,ABY,GA,ASO,ES,Federal Contract Tower,2,11,11,6,30,0,0,14,3,17,2,11,25,9,47,2,42,44,91
03/04/2010,ABY,GA,ASO,ES,Federal Contract Tower,1,14,13,1,29,0,0,14,4,18,1,14,27,5,47,4,71,75,122
03/05/2010,ABY,GA,ASO,ES,Federal Contract Tower,3,10,17,4,34,0,0,27,5,32,3,10,44,9,66,0,84,84,150
03/06/2010,ABY,GA,ASO,ES,Federal Contract Tower,0,8,6,0,14,0,0,39,0,39,0,8,45,0,53,2,0,2,55
03/07/2010,ABY,GA,ASO,ES,Federal Contract Tower,0,17,9,0,26,0,0,41,0,41,0,17,50,0,67,18,0,18,85
03/08/2010,ABY,GA,ASO,ES,Federal Contract Tower,0,12,7,13,32,0,0,20,6,26,0,12,27,19,58,6,4,10,68
03/09/2010,ABY,GA,ASO,ES,Federal Contract Tower,3,17,11,6,37,0,0,15,0,15,3,17,26,6,52,22,18,40,92
03/10/2010,ABY,GA,ASO,ES,Federal Contract Tower,4,9,11,5,29,0,1,12,0,13,4,10,23,5,42,40,0,40,82
03/11/2010,ABY,GA,ASO,ES,Federal Contract Tower,2,17,8,2,29,0,0,15,0,15,2,17,23,2,44,18,0,18,62
03/12/2010,ABY,GA,ASO,ES,Federal Contract Tower,2,13,5,4,24,0,0,4,0,4,2,13,9,4,28,32,0,32,60
03/13/2010,ABY,GA,ASO,ES,Federal Contract Tower,0,14,12,1,27,0,0,13,0,13,0,14,25,1,40,20,0,20,60
03/14/2010,ABY,GA,ASO,ES,Federal Contract Tower,0,6,7,0,13,0,0,9,0,9,0,6,16,0,22,0,0,0,22
03/15/2010,ABY,GA,ASO,ES,Federal Contract Tower,0,9,10,29,48,0,0,15,2,17,0,9,25,31,65,6,62,68,133
03/16/2010,ABY,GA,ASO,ES,Federal Contract Tower,1,12,15,17,45,0,1,34,3,38,1,13,49,20,83,8,52,60,143
03/17/2010,ABY,GA,ASO,ES,Federal Contract Tower,0,11,13,6,30,0,0,3,0,3,0,11,16,6,33,0,8,8,41
03/18/2010,ABY,GA,ASO,ES,Federal Contract Tower,1,12,8,2,23,0,0,21,0,21,1,12,29,2,44,32,0,32,76
03/19/2010,ABY,GA,ASO,ES,Federal Contract Tower,0,9,9,9,27,0,2,41,0,43,0,11,50,9,70,22,0,22,92
03/20/2010,ABY,GA,ASO,ES,Federal Contract Tower,0,3,7,0,10,0,0,24,0,24,0,3,31,0,34,36,0,36,70
03/21/2010,ABY,GA,ASO,ES,Federal Contract Tower,0,4,4,2,10,0,0,5,0,5,0,4,9,2,15,0,0,0,15
03/22/2010,ABY,GA,ASO,ES,Federal Contract Tower,0,11,3,14,28,0,1,20,4,25,0,12,23,18,53,0,46,46,99
03/23/2010,ABY,GA,ASO,ES,Federal Contract Tower,0,19,15,6,40,0,2,42,0,44,0,21,57,6,84,42,26,68,152
03/24/2010,ABY,GA,ASO,ES,Federal Contract Tower,1,12,16,33,62,0,0,13,2,15,1,12,29,35,77,20,72,92,169
03/25/2010,ABY,GA,ASO,ES,Federal Contract Tower,1,15,11,9,36,0,0,21,3,24,1,15,32,12,60,6,70,76,136
03/26/2010,ABY,GA,ASO,ES,Federal Contract Tower,1,12,20,8,41,0,1,31,1,33,1,13,51,9,74,4,62,66,140
03/27/2010,ABY,GA,ASO,ES,Federal Contract Tower,0,3,10,0,13,0,0,31,2,33,0,3,41,2,46,32,0,32,78
03/28/2010,ABY,GA,ASO,ES,Federal Contract Tower,0,6,12,4,22,0,0,4,1,5,0,6,16,5,27,0,0,0,27
03/29/2010,ABY,GA,ASO,ES,Federal Contract Tower,0,11,14,2,27,0,0,22,0,22,0,11,36,2,49,30,4,34,83
03/30/2010,ABY,GA,ASO,ES,Federal Contract Tower,0,13,16,3,32,0,0,28,5,33,0,13,44,8,65,30,42,72,137
03/31/2010,ABY,GA,ASO,ES,Federal Contract Tower,0,14,15,4,33,0,0,38,3,41,0,14,53,7,74,11,81,92,166
04/01/2010,ABY,GA,ASO,ES,Federal Contract Tower,0,11,5,7,23,0,0,48,0,48,0,11,53,7,71,30,26,56,127
04/02/2010,ABY,GA,ASO,ES,Federal Contract Tower,0,10,7,6,23,0,0,40,0,40,0,10,47,6,63,46,24,70,133
04/03/2010,ABY,GA,ASO,ES,Federal Contract Tower,0,3,6,0,9,0,0,19,0,19,0,3,25,0,28,54,0,54,82
04/04/2010,ABY,GA,ASO,ES,Federal Contract Tower,0,10,4,0,14,0,0,18,0,18,0,10,22,0,32,0,0,0,32
04/05/2010,ABY,GA,ASO,ES,Federal Contract Tower,0,10,17,11,38,0,0,20,3,23,0,10,37,14,61,0,34,34,95
04/06/2010,ABY,GA,ASO,ES,Federal Contract Tower,0,10,15,9,34,0,1,41,2,44,0,11,56,11,78,26,54,80,158
04/07/2010,ABY,GA,ASO,ES,Federal Contract Tower,0,13,9,2,24,0,1,8,0,9,0,14,17,2,33,38,4,42,75
04/08/2010,ABY,GA,ASO,ES,Federal Contract Tower,1,13,13,0,27,0,0,0,0,0,1,13,13,0,27,0,0,0,27
04/09/2010,ABY,GA,ASO,ES,Federal Contract Tower,0,8,13,0,21,0,0,29,8,37,0,8,42,8,58,0,0,0,58
04/10/2010,ABY,GA,ASO,ES,Federal Contract Tower,0,6,4,0,10,0,1,37,0,38,0,7,41,0,48,36,0,36,84
04/11/2010,ABY,GA,ASO,ES,Federal Contract Tower,0,6,12,0,18,0,0,28,0,28,0,6,40,0,46,6,0,6,52
04/12/2010,ABY,GA,ASO,ES,Federal Contract Tower,0,8,12,14,34,0,0,35,2,37,0,8,47,16,71,62,8,70,141
04/13/2010,ABY,GA,ASO,ES,Federal Contract Tower,0,9,12,0,21,0,1,26,0,27,0,10,38,0,48,12,0,12,60
04/14/2010,ABY,GA,ASO,ES,Federal Contract Tower,0,9,11,0,20,0,2,23,0,25,0,11,34,0,45,38,0,38,83
04/15/2010,ABY,GA,ASO,ES,Federal Contract Tower,0,7,17,9,33,0,3,48,2,53,0,10,65,11,86,40,16,56,142
04/16/2010,ABY,GA,ASO,ES,Federal Contract Tower,0,9,9,16,34,0,1,29,0,30,0,10,38,16,64,40,18,58,122
04/17/2010,ABY,GA,ASO,ES,Federal Contract Tower,0,4,12,0,16,0,0,43,0,43,0,4,55,0,59,32,0,32,91
04/18/2010,ABY,GA,ASO,ES,Federal Contract Tower,0,4,1,1,6,0,0,30,0,30,0,4,31,1,36,16,0,16,52
04/19/2010,ABY,GA,ASO,ES,Federal Contract Tower,0,11,11,15,37,0,0,27,2,29,0,11,38,17,66,56,34,90,156
04/20/2010,ABY,GA,ASO,ES,Federal Contract Tower,0,12,9,2,23,0,0,18,0,18,0,12,27,2,41,32,0,32,73
04/21/2010,ABY,GA,ASO,ES,Federal Contract Tower,0,9,11,16,36,0,0,35,3,38,0,9,46,19,74,28,64,92,166
04/22/2010,ABY,GA,ASO,ES,Federal Contract Tower,0,11,23,17,51,0,0,43,1,44,0,11,66,18,95,48,50,98,193
04/23/2010,ABY,GA,ASO,ES,Federal Contract Tower,0,9,12,8,29,0,0,32,0,32,0,9,44,8,61,36,10,46,107
04/24/2010,ABY,GA,ASO,ES,Federal Contract Tower,0,7,3,0,10,0,0,2,0,2,0,7,5,0,12,0,0,0,12
04/25/2010,ABY,GA,ASO,ES,Federal Contract Tower,0,4,4,5,13,0,0,8,1,9,0,4,12,6,22,0,0,0,22
04/26/2010,ABY,GA,ASO,ES,Federal Contract Tower,0,9,8,10,27,0,0,26,0,26,0,9,34,10,53,28,6,34,87
04/27/2010,ABY,GA,ASO,ES,Federal Contract Tower,0,14,22,5,41,0,0,20,2,22,0,14,42,7,63,2,36,38,101
04/28/2010,ABY,GA,ASO,ES,Federal Contract Tower,0,9,10,8,27,0,0,32,2,34,0,9,42,10,61,6,74,80,141
04/29/2010,ABY,GA,ASO,ES,Federal Contract Tower,0,11,18,5,34,0,0,39,3,42,0,11,57,8,76,32,58,90,166
04/30/2010,ABY,GA,ASO,ES,Federal Contract Tower,0,10,12,4,26,0,0,18,2,20,0,10,30,6,46,8,0,8,54
05/01/2010,ABY,GA,ASO,ES,Federal Contract Tower,0,5,15,0,20,0,0,7,0,7,0,5,22,0,27,0,0,0,27
05/02/2010,ABY,GA,ASO,ES,Federal Contract Tower,0,4,10,2,16,0,0,8,2,10,0,4,18,4,26,0,0,0,26
05/03/2010,ABY,GA,ASO,ES,Federal Contract Tower,0,11,7,0,18,0,0,0,0,0,0,11,7,0,18,0,10,10,28
05/04/2010,ABY,GA,ASO,ES,Federal Contract Tower,1,17,3,10,31,0,0,13,0,13,1,17,16,10,44,26,8,34,78
05/05/2010,ABY,GA,ASO,ES,Federal Contract Tower,1,11,12,17,41,0,0,23,1,24,1,11,35,18,65,10,48,58,123
05/06/2010,ABY,GA,ASO,ES,Federal Contract Tower,1,12,15,15,43,0,0,37,1,38,1,12,52,16,81,36,36,72,153
05/07/2010,ABY,GA,ASO,ES,Federal Contract Tower,3,16,5,5,29,0,0,37,0,37,3,16,42,5,66,8,38,46,112
05/08/2010,ABY,GA,ASO,ES,Federal Contract Tower,0,3,1,0,4,0,2,8,0,10,0,5,9,0,14,0,0,0,14
05/09/2010,ABY,GA,ASO,ES,Federal Contract Tower,0,4,13,2,19,0,0,30,0,30,0,4,43,2,49,26,0,26,75
05/10/2010,ABY,GA,ASO,ES,Federal Contract Tower,0,11,5,10,26,0,0,20,0,20,0,11,25,10,46,36,10,46,92
05/11/2010,ABY,GA,ASO,ES,Federal Contract Tower,0,11,20,19,50,0,0,37,3,40,0,11,57,22,90,74,38,112,202
05/12/2010,ABY,GA,ASO,ES,Federal Contract Tower,0,9,8,17,34,0,0,26,0,26,0,9,34,17,60,100,34,134,194
05/13/2010,ABY,GA,ASO,ES,Federal Contract Tower,0,12,4,6,22,0,0,23,4,27,0,12,27,10,49,4,38,42,91
05/14/2010,ABY,GA,ASO,ES,Federal Contract Tower,0,10,7,17,34,0,0,31,0,31,0,10,38,17,65,52,22,74,139
05/15/2010,ABY,GA,ASO,ES,Federal Contract Tower,0,3,3,0,6,0,0,33,0,33,0,3,36,0,39,28,0,28,67
05/16/2010,ABY,GA,ASO,ES,Federal Contract Tower,0,4,11,2,17,0,0,18,1,19,0,4,29,3,36,24,2,26,62
05/17/2010,ABY,GA,ASO,ES,Federal Contract Tower,0,8,9,9,26,0,0,7,0,7,0,8,16,9,33,0,56,56,89
05/18/2010,ABY,GA,ASO,ES,Federal Contract Tower,0,11,11,16,38,0,0,25,4,29,0,11,36,20,67,44,88,132,199
05/19/2010,ABY,GA,ASO,ES,Federal Contract Tower,0,12,13,2,27,0,0,23,4,27,0,12,36,6,54,28,40,68,122
05/20/2010,ABY,GA,ASO,ES,Federal Contract Tower,0,9,10,18,37,0,0,27,1,28,0,9,37,19,65,0,60,60,125
05/21/2010,ABY,GA,ASO,ES,Federal Contract Tower,0,8,13,4,25,0,1,26,0,27,0,9,39,4,52,20,28,48,100
05/22/2010,ABY,GA,ASO,ES,Federal Contract Tower,0,3,10,0,13,0,0,20,0,20,0,3,30,0,33,0,0,0,33
05/23/2010,ABY,GA,ASO,ES,Federal Contract Tower,0,3,7,2,12,0,0,13,0,13,0,3,20,2,25,8,0,8,33
05/24/2010,ABY,GA,ASO,ES,Federal Contract Tower,0,10,6,0,16,0,0,9,0,9,0,10,15,0,25,0,10,10,35
05/25/2010,ABY,GA,ASO,ES,Federal Contract Tower,1,11,9,6,27,0,0,9,0,9,1,11,18,6,36,18,18,36,72
05/26/2010,ABY,GA,ASO,ES,Federal Contract Tower,0,15,14,5,34,0,0,28,0,28,0,15,42,5,62,0,38,38,100
05/27/2010,ABY,GA,ASO,ES,Federal Contract Tower,1,13,17,8,39,0,0,32,1,33,1,13,49,9,72,24,2,26,98
05/28/2010,ABY,GA,ASO,ES,Federal Contract Tower,1,8,13,0,22,0,0,20,0,20,1,8,33,0,42,14,0,14,56
05/29/2010,ABY,GA,ASO,ES,Federal Contract Tower,0,3,5,0,8,0,0,5,0,5,0,3,10,0,13,0,0,0,13
05/30/2010,ABY,GA,ASO,ES,Federal Contract Tower,0,8,4,0,12,0,0,11,0,11,0,8,15,0,23,0,0,0,23
05/31/2010,ABY,GA,ASO,ES,Federal Contract Tower,0,5,4,0,9,0,0,11,0,11,0,5,15,0,20,18,0,18,38
06/01/2010,ABY,GA,ASO,ES,Federal Contract Tower,0,10,6,2,18,0,0,14,0,14,0,10,20,2,32,30,6,36,68
06/02/2010,ABY,GA,ASO,ES,Federal Contract Tower,0,11,4,0,15,0,0,10,0,10,0,11,14,0,25,36,0,36,61
06/03/2010,ABY,GA,ASO,ES,Federal Contract Tower,1,14,8,2,25,0,0,19,0,19,1,14,27,2,44,2,2,4,48
06/04/2010,ABY,GA,ASO,ES,Federal Contract Tower,0,9,10,6,25,0,0,28,0,28,0,9,38,6,53,14,0,14,67
06/05/2010,ABY,GA,ASO,ES,Federal Contract Tower,0,4,5,0,9,0,0,18,0,18,0,4,23,0,27,26,0,26,53
06/06/2010,ABY,GA,ASO,ES,Federal Contract Tower,0,4,11,2,17,0,0,9,0,9,0,4,20,2,26,0,0,0,26
06/07/2010,ABY,GA,ASO,ES,Federal Contract Tower,0,9,12,10,31,0,0,31,2,33,0,9,43,12,64,75,34,109,173
06/08/2010,ABY,GA,ASO,ES,Federal Contract Tower,1,11,10,5,27,0,0,42,4,46,1,11,52,9,73,64,62,126,199
06/09/2010,ABY,GA,ASO,ES,Federal Contract Tower,2,12,12,8,34,0,0,28,0,28,2,12,40,8,62,34,32,66,128
06/10/2010,ABY,GA,ASO,ES,Federal Contract Tower,0,13,10,11,34,0,0,43,3,46,0,13,53,14,80,42,62,104,184
06/11/2010,ABY,GA,ASO,ES,Federal Contract Tower,1,11,9,0,21,0,0,35,0,35,1,11,44,0,56,16,0,16,72
06/12/2010,ABY,GA,ASO,ES,Federal Contract Tower,0,3,0,0,3,0,0,21,2,23,0,3,21,2,26,30,0,30,56
06/13/2010,ABY,GA,ASO,ES,Federal Contract Tower,0,2,6,0,8,0,0,15,0,15,0,2,21,0,23,12,0,12,35
06/14/2010,ABY,GA,ASO,ES,Federal Contract Tower,0,8,7,11,26,0,0,31,0,31,0,8,38,11,57,46,38,84,141
06/15/2010,ABY,GA,ASO,ES,Federal Contract Tower,1,9,14,9,33,0,0,30,0,30,1,9,44,9,63,18,36,54,117
06/16/2010,ABY,GA,ASO,ES,Federal Contract Tower,0,11,15,17,43,0,0,15,0,15,0,11,30,17,58,2,60,62,120
06/17/2010,ABY,GA,ASO,ES,Federal Contract Tower,0,12,12,13,37,0,0,23,3,26,0,12,35,16,63,0,54,54,117
06/18/2010,ABY,GA,ASO,ES,Federal Contract Tower,0,9,11,8,28,0,0,17,1,18,0,9,28,9,46,2,40,42,88
06/19/2010,ABY,GA,ASO,ES,Federal Contract Tower,0,7,6,0,13,0,0,26,0,26,0,7,32,0,39,16,0,16,55
06/20/2010,ABY,GA,ASO,ES,Federal Contract Tower,0,4,6,2,12,0,0,17,0,17,0,4,23,2,29,4,0,4,33
06/21/2010,ABY,GA,ASO,ES,Federal Contract Tower,0,8,8,7,23,0,1,20,3,24,0,9,28,10,47,28,68,96,143
06/22/2010,ABY,GA,ASO,ES,Federal Contract Tower,0,12,8,5,25,0,0,8,0,8,0,12,16,5,33,0,34,34,67
06/23/2010,ABY,GA,ASO,ES,Federal Contract Tower,1,11,13,4,29,0,0,14,0,14,1,11,27,4,43,4,4,8,51
06/24/2010,ABY,GA,ASO,ES,Federal Contract Tower,1,11,7,2,21,0,0,26,0,26,1,11,33,2,47,16,2,18,65
06/25/2010,ABY,GA,ASO,ES,Federal Contract Tower,2,10,4,4,20,0,0,22,0,22,2,10,26,4,42,12,0,12,54
06/26/2010,ABY,GA,ASO,ES,Federal Contract Tower,0,3,4,0,7,0,0,17,0,17,0,3,21,0,24,4,0,4,28
06/27/2010,ABY,GA,ASO,ES,Federal Contract Tower,0,4,6,0,10,0,0,27,0,27,0,4,33,0,37,16,0,16,53
06/28/2010,ABY,GA,ASO,ES,Federal Contract Tower,0,10,16,4,30,0,0,17,3,20,0,10,33,7,50,32,8,40,90
06/29/2010,ABY,GA,ASO,ES,Federal Contract Tower,0,11,8,0,19,0,0,16,0,16,0,11,24,0,35,0,0,0,35
06/30/2010,ABY,GA,ASO,ES,Federal Contract Tower,0,11,7,6,24,0,0,18,0,18,0,11,25,6,42,22,2,24,66
07/01/2010,ABY,GA,ASO,ES,Federal Contract Tower,0,10,19,7,36,0,0,14,1,15,0,10,33,8,51,18,87,105,156
07/02/2010,ABY,GA,ASO,ES,Federal Contract Tower,0,9,14,7,30,0,0,16,0,16,0,9,30,7,46,10,34,44,90
07/03/2010,ABY,GA,ASO,ES,Federal Contract Tower,0,3,4,0,7,0,0,25,0,25,0,3,29,0,32,4,0,4,36
07/04/2010,ABY,GA,ASO,ES,Federal Contract Tower,0,4,2,0,6,0,0,13,0,13,0,4,15,0,19,0,0,0,19
07/05/2010,ABY,GA,ASO,ES,Federal Contract Tower,0,7,2,0,9,0,0,27,1,28,0,7,29,1,37,36,0,36,73
07/06/2010,ABY,GA,ASO,ES,Federal Contract Tower,0,9,11,7,27,0,0,24,0,24,0,9,35,7,51,16,16,32,83
07/07/2010,ABY,GA,ASO,ES,Federal Contract Tower,0,12,17,4,33,0,0,22,1,23,0,12,39,5,56,46,50,96,152
07/08/2010,ABY,GA,ASO,ES,Federal Contract Tower,0,11,10,7,28,0,0,24,3,27,0,11,34,10,55,36,20,56,111
07/09/2010,ABY,GA,ASO,ES,Federal Contract Tower,2,8,10,14,34,0,0,33,7,40,2,8,43,21,74,32,46,78,152
07/10/2010,ABY,GA,ASO,ES,Federal Contract Tower,0,3,3,6,12,0,0,22,0,22,0,3,25,6,34,32,0,32,66
07/11/2010,ABY,GA,ASO,ES,Federal Contract Tower,0,4,8,5,17,0,0,16,6,22,0,4,24,11,39,8,0,8,47
07/12/2010,ABY,GA,ASO,ES,Federal Contract Tower,0,6,11,0,17,0,0,15,0,15,0,6,26,0,32,18,0,18,50
07/13/2010,ABY,GA,ASO,ES,Federal Contract Tower,0,9,16,17,42,0,0,18,2,20,0,9,34,19,62,0,44,44,106
07/14/2010,ABY,GA,ASO,ES,Federal Contract Tower,0,14,13,10,37,0,0,14,1,15,0,14,27,11,52,31,6,37,89
07/15/2010,ABY,GA,ASO,ES,Federal Contract Tower,0,11,6,2,19,0,0,30,3,33,0,11,36,5,52,11,10,21,73
07/16/2010,ABY,GA,ASO,ES,Federal Contract Tower,0,12,13,1,26,0,0,24,0,24,0,12,37,1,50,0,0,0,50
07/17/2010,ABY,GA,ASO,ES,Federal Contract Tower,0,3,5,0,8,0,0,14,0,14,0,3,19,0,22,0,0,0,22
07/18/2010,ABY,GA,ASO,ES,Federal Contract Tower,0,4,11,0,15,0,0,9,0,9,0,4,20,0,24,0,0,0,24
07/19/2010,ABY,GA,ASO,ES,Federal Contract Tower,0,9,17,16,42,0,0,22,4,26,0,9,39,20,68,10,40,50,118
07/20/2010,ABY,GA,ASO,ES,Federal Contract Tower,0,13,7,3,23,0,0,16,2,18,0,13,23,5,41,20,26,46,87
07/21/2010,ABY,GA,ASO,ES,Federal Contract Tower,1,9,15,4,29,0,0,27,0,27,1,9,42,4,56,48,6,54,110
07/22/2010,ABY,GA,ASO,ES,Federal Contract Tower,1,11,6,8,26,0,0,14,0,14,1,11,20,8,40,24,14,38,78
07/23/2010,ABY,GA,ASO,ES,Federal Contract Tower,1,9,7,20,37,0,0,23,0,23,1,9,30,20,60,5,26,31,91
07/24/2010,ABY,GA,ASO,ES,Federal Contract Tower,0,3,9,0,12,0,0,27,0,27,0,3,36,0,39,6,0,6,45
07/25/2010,ABY,GA,ASO,ES,Federal Contract Tower,0,4,4,2,10,0,0,27,0,27,0,4,31,2,37,42,0,42,79
07/26/2010,ABY,GA,ASO,ES,Federal Contract Tower,0,8,13,17,38,0,0,23,6,29,0,8,36,23,67,16,36,52,119
07/27/2010,ABY,GA,ASO,ES,Federal Contract Tower,0,11,8,17,36,0,0,23,0,23,0,11,31,17,59,4,6,10,69
07/28/2010,ABY,GA,ASO,ES,Federal Contract Tower,0,7,13,12,32,0,0,23,1,24,0,7,36,13,56,60,40,100,156
07/29/2010,ABY,GA,ASO,ES,Federal Contract Tower,1,9,14,5,29,0,0,16,0,16,1,9,30,5,45,34,14,48,93
07/30/2010,ABY,GA,ASO,ES,Federal Contract Tower,1,12,7,1,21,0,0,24,2,26,1,12,31,3,47,28,0,28,75
07/31/2010,ABY,GA,ASO,ES,Federal Contract Tower,0,3,8,0,11,0,0,14,0,14,0,3,22,0,25,0,0,0,25
08/01/2010,ABY,GA,ASO,ES,Federal Contract Tower,0,4,3,0,7,0,0,14,0,14,0,4,17,0,21,0,0,0,21
08/02/2010,ABY,GA,ASO,ES,Federal Contract Tower,0,10,12,1,23,0,0,12,1,13,0,10,24,2,36,46,0,46,82
08/03/2010,ABY,GA,ASO,ES,Federal Contract Tower,0,13,6,4,23,0,0,26,2,28,0,13,32,6,51,28,22,50,101
08/04/2010,ABY,GA,ASO,ES,Federal Contract Tower,0,10,11,0,21,0,0,23,1,24,0,10,34,1,45,22,0,22,67
08/05/2010,ABY,GA,ASO,ES,Federal Contract Tower,2,10,4,8,24,0,0,17,1,18,2,10,21,9,42,26,42,68,110
08/06/2010,ABY,GA,ASO,ES,Federal Contract Tower,0,8,3,0,11,0,0,25,0,25,0,8,28,0,36,18,0,18,54
08/07/2010,ABY,GA,ASO,ES,Federal Contract Tower,0,4,1,6,11,0,0,21,4,25,0,4,22,10,36,10,10,20,56
08/08/2010,ABY,GA,ASO,ES,Federal Contract Tower,0,4,8,2,14,0,0,11,0,11,0,4,19,2,25,8,0,8,33
08/09/2010,ABY,GA,ASO,ES,Federal Contract Tower,0,10,14,6,30,0,0,26,0,26,0,10,40,6,56,46,32,78,134
08/10/2010,ABY,GA,ASO,ES,Federal Contract Tower,0,9,22,11,42,0,0,10,5,15,0,9,32,16,57,20,18,38,95
08/11/2010,ABY,GA,ASO,ES,Federal Contract Tower,0,10,18,14,42,0,0,20,0,20,0,10,38,14,62,36,36,72,134
08/12/2010,ABY,GA,ASO,ES,Federal Contract Tower,1,10,13,6,30,0,0,10,0,10,1,10,23,6,40,0,2,2,42
08/13/2010,ABY,GA,ASO,ES,Federal Contract Tower,1,12,4,9,26,0,0,18,0,18,1,12,22,9,44,14,0,14,58
08/14/2010,ABY,GA,ASO,ES,Federal Contract Tower,0,3,3,0,6,0,0,13,0,13,0,3,16,0,19,20,0,20,39
08/15/2010,ABY,GA,ASO,ES,Federal Contract Tower,0,4,6,0,10,0,0,0,0,0,0,4,6,0,10,0,0,0,10
08/16/2010,ABY,GA,ASO,ES,Federal Contract Tower,0,9,7,7,23,0,0,13,2,15,0,9,20,9,38,0,8,8,46
08/17/2010,ABY,GA,ASO,ES,Federal Contract Tower,0,13,15,2,30,0,0,23,2,25,0,13,38,4,55,22,0,22,77
08/18/2010,ABY,GA,ASO,ES,Federal Contract Tower,0,13,18,0,31,0,0,20,0,20,0,13,38,0,51,4,0,4,55
08/19/2010,ABY,GA,ASO,ES,Federal Contract Tower,0,10,3,4,17,0,0,32,2,34,0,10,35,6,51,32,46,78,129
08/20/2010,ABY,GA,ASO,ES,Federal Contract Tower,0,5,13,6,24,0,0,8,0,8,0,5,21,6,32,24,0,24,56
08/21/2010,ABY,GA,ASO,ES,Federal Contract Tower,0,4,3,0,7,0,0,13,0,13,0,4,16,0,20,0,0,0,20
08/22/2010,ABY,GA,ASO,ES,Federal Contract Tower,0,4,7,0,11,0,0,26,1,27,0,4,33,1,38,34,0,34,72
08/23/2010,ABY,GA,ASO,ES,Federal Contract Tower,0,10,8,0,18,0,0,4,0,4,0,10,12,0,22,8,0,8,30
08/24/2010,ABY,GA,ASO,ES,Federal Contract Tower,0,11,8,19,38,0,0,24,1,25,0,11,32,20,63,70,24,94,157
08/25/2010,ABY,GA,ASO,ES,Federal Contract Tower,0,13,15,0,28,0,0,14,0,14,0,13,29,0,42,40,0,40,82
08/26/2010,ABY,GA,ASO,ES,Federal Contract Tower,0,10,10,6,26,0,0,18,0,18,0,10,28,6,44,0,0,0,44
08/27/2010,ABY,GA,ASO,ES,Federal Contract Tower,0,9,11,4,24,0,0,24,0,24,0,9,35,4,48,16,36,52,100
08/28/2010,ABY,GA,ASO,ES,Federal Contract Tower,0,5,2,0,7,0,0,16,3,19,0,5,18,3,26,44,0,44,70
08/29/2010,ABY,GA,ASO,ES,Federal Contract Tower,0,4,5,0,9,0,0,17,0,17,0,4,22,0,26,6,48,54,80
08/30/2010,ABY,GA,ASO,ES,Federal Contract Tower,0,9,21,11,41,0,0,34,0,34,0,9,55,11,75,68,40,108,183
08/31/2010,ABY,GA,ASO,ES,Federal Contract Tower,1,12,14,7,34,0,0,21,1,22,1,12,35,8,56,20,20,40,96
09/01/2010,ABY,GA,ASO,ES,Federal Contract Tower,0,10,11,5,26,0,0,19,0,19,0,10,30,5,45,0,66,66,111
09/02/2010,ABY,GA,ASO,ES,Federal Contract Tower,0,11,10,7,28,0,0,38,2,40,0,11,48,9,68,16,52,68,136
09/03/2010,ABY,GA,ASO,ES,Federal Contract Tower,0,13,9,2,24,0,0,38,0,38,0,13,47,2,62,8,0,8,70
09/04/2010,ABY,GA,ASO,ES,Federal Contract Tower,0,3,8,0,11,0,0,18,0,18,0,3,26,0,29,2,0,2,31
09/05/2010,ABY,GA,ASO,ES,Federal Contract Tower,0,6,5,0,11,0,0,9,0,9,0,6,14,0,20,0,6,6,26
09/06/2010,ABY,GA,ASO,ES,Federal Contract Tower,0,10,4,0,14,0,0,30,0,30,0,10,34,0,44,0,0,0,44
09/07/2010,ABY,GA,ASO,ES,Federal Contract Tower,0,9,6,10,25,0,0,27,0,27,0,9,33,10,52,18,20,38,90
09/08/2010,ABY,GA,ASO,ES,Federal Contract Tower,0,16,19,28,63,0,0,34,1,35,0,16,53,29,98,40,62,102,200
09/09/2010,ABY,GA,ASO,ES,Federal Contract Tower,0,14,7,2,23,0,0,15,2,17,0,14,22,4,40,10,24,34,74
09/10/2010,ABY,GA,ASO,ES,Federal Contract Tower,0,13,10,14,37,0,0,26,4,30,0,13,36,18,67,36,0,36,103
09/11/2010,ABY,GA,ASO,ES,Federal Contract Tower,0,4,4,0,8,0,0,21,0,21,0,4,25,0,29,32,0,32,61
09/12/2010,ABY,GA,ASO,ES,Federal Contract Tower,0,4,9,4,17,0,0,11,0,11,0,4,20,4,28,16,0,16,44
09/13/2010,ABY,GA,ASO,ES,Federal Contract Tower,0,9,6,9,24,0,0,18,3,21,0,9,24,12,45,9,26,35,80
09/14/2010,ABY,GA,ASO,ES,Federal Contract Tower,0,10,5,12,27,0,0,24,1,25,0,10,29,13,52,6,18,24,76
09/15/2010,ABY,GA,ASO,ES,Federal Contract Tower,0,11,16,11,38,0,0,21,5,26,0,11,37,16,64,18,18,36,100
09/16/2010,ABY,GA,ASO,ES,Federal Contract Tower,0,9,21,2,32,0,0,36,0,36,0,9,57,2,68,6,2,8,76
09/17/2010,ABY,GA,ASO,ES,Federal Contract Tower,1,11,13,0,25,0,0,25,0,25,1,11,38,0,50,14,0,14,64
09/18/2010,ABY,GA,ASO,ES,Federal Contract Tower,0,3,4,0,7,0,0,28,0,28,0,3,32,0,35,0,0,0,35
09/19/2010,ABY,GA,ASO,ES,Federal Contract Tower,0,4,5,0,9,0,0,19,0,19,0,4,24,0,28,6,0,6,34
09/20/2010,ABY,GA,ASO,ES,Federal Contract Tower,0,8,9,20,37,0,0,27,4,31,0,8,36,24,68,78,68,146,214
09/21/2010,ABY,GA,ASO,ES,Federal Contract Tower,0,10,9,11,30,0,0,14,1,15,0,10,23,12,45,66,34,100,145
09/22/2010,ABY,GA,ASO,ES,Federal Contract Tower,0,11,17,4,32,0,3,16,0,19,0,14,33,4,51,38,4,42,93
09/23/2010,ABY,GA,ASO,ES,Federal Contract Tower,0,12,9,4,25,0,0,26,1,27,0,12,35,5,52,14,28,42,94
09/24/2010,ABY,GA,ASO,ES,Federal Contract Tower,0,11,13,9,33,0,0,24,0,24,0,11,37,9,57,14,22,36,93
09/25/2010,ABY,GA,ASO,ES,Federal Contract Tower,0,2,4,0,6,0,0,23,0,23,0,2,27,0,29,16,0,16,45
09/26/2010,ABY,GA,ASO,ES,Federal Contract Tower,0,6,7,1,14,0,0,14,1,15,0,6,21,2,29,2,0,2,31
09/27/2010,ABY,GA,ASO,ES,Federal Contract Tower,0,10,6,0,16,0,0,8,0,8,0,10,14,0,24,14,0,14,38
09/28/2010,ABY,GA,ASO,ES,Federal Contract Tower,0,13,6,3,22,0,0,22,0,22,0,13,28,3,44,16,32,48,92
09/29/2010,ABY,GA,ASO,ES,Federal Contract Tower,1,15,16,7,39,0,0,13,3,16,1,15,29,10,55,0,44,44,99
09/30/2010,ABY,GA,ASO,ES,Federal Contract Tower,1,11,14,2,28,0,0,19,0,19,1,11,33,2,47,40,24,64,111
10/01/2010,ABY,GA,ASO,ES,Federal Contract Tower,0,9,14,11,34,0,0,24,0,24,0,9,38,11,58,6,38,44,102
10/02/2010,ABY,GA,ASO,ES,Federal Contract Tower,0,2,13,0,15,0,0,22,0,22,0,2,35,0,37,20,0,20,57
10/03/2010,ABY,GA,ASO,ES,Federal Contract Tower,0,3,6,6,15,0,0,25,0,25,0,3,31,6,40,36,4,40,80
10/04/2010,ABY,GA,ASO,ES,Federal Contract Tower,2,10,15,15,42,0,0,18,0,18,2,10,33,15,60,10,38,48,108
10/05/2010,ABY,GA,ASO,ES,Federal Contract Tower,0,11,15,2,28,0,0,25,2,27,0,11,40,4,55,8,22,30,85
10/06/2010,ABY,GA,ASO,ES,Federal Contract Tower,0,10,12,11,33,0,0,15,2,17,0,10,27,13,50,0,10,10,60
10/07/2010,ABY,GA,ASO,ES,Federal Contract Tower,2,10,13,10,35,0,0,25,0,25,2,10,38,10,60,40,0,40,100
10/08/2010,ABY,GA,ASO,ES,Federal Contract Tower,0,9,14,8,31,0,0,34,0,34,0,9,48,8,65,46,6,52,117
10/09/2010,ABY,GA,ASO,ES,Federal Contract Tower,0,2,2,0,4,0,0,30,0,30,0,2,32,0,34,16,0,16,50
10/10/2010,ABY,GA,ASO,ES,Federal Contract Tower,0,4,7,0,11,0,0,32,0,32,0,4,39,0,43,0,0,0,43
10/11/2010,ABY,GA,ASO,ES,Federal Contract Tower,0,9,14,0,23,0,0,27,0,27,0,9,41,0,50,16,0,16,66
10/12/2010,ABY,GA,ASO,ES,Federal Contract Tower,0,11,8,10,29,0,0,33,0,33,0,11,41,10,62,20,2,22,84
10/13/2010,ABY,GA,ASO,ES,Federal Contract Tower,0,9,14,11,34,0,0,13,1,14,0,9,27,12,48,40,0,40,88
10/14/2010,ABY,GA,ASO,ES,Federal Contract Tower,1,11,14,5,31,0,0,16,6,22,1,11,30,11,53,4,46,50,103
10/15/2010,ABY,GA,ASO,ES,Federal Contract Tower,1,12,12,0,25,0,0,29,2,31,1,12,41,2,56,32,24,56,112
10/16/2010,ABY,GA,ASO,ES,Federal Contract Tower,0,4,4,0,8,0,0,20,0,20,0,4,24,0,28,28,0,28,56
10/17/2010,ABY,GA,ASO,ES,Federal Contract Tower,0,4,5,0,9,0,0,20,0,20,0,4,25,0,29,6,0,6,35
10/18/2010,ABY,GA,ASO,ES,Federal Contract Tower,0,9,8,3,20,0,0,28,1,29,0,9,36,4,49,34,2,36,85
10/19/2010,ABY,GA,ASO,ES,Federal Contract Tower,0,10,17,12,39,0,0,15,2,17,0,10,32,14,56,10,29,39,95
10/20/2010,ABY,GA,ASO,ES,Federal Contract Tower,0,11,12,12,35,0,0,24,0,24,0,11,36,12,59,14,46,60,119
10/21/2010,ABY,GA,ASO,ES,Federal Contract Tower,2,14,17,18,51,0,0,24,0,24,2,14,41,18,75,40,50,90,165
10/22/2010,ABY,GA,ASO,ES,Federal Contract Tower,1,13,17,10,41,0,0,30,5,35,1,13,47,15,76,16,10,26,102
10/23/2010,ABY,GA,ASO,ES,Federal Contract Tower,0,2,12,0,14,0,0,34,0,34,0,2,46,0,48,0,0,0,48
10/24/2010,ABY,GA,ASO,ES,Federal Contract Tower,0,4,9,0,13,0,0,27,0,27,0,4,36,0,40,0,0,0,40
10/25/2010,ABY,GA,ASO,ES,Federal Contract Tower,0,9,12,0,21,0,0,4,0,4,0,9,16,0,25,14,0,14,39
10/26/2010,ABY,GA,ASO,ES,Federal Contract Tower,1,11,12,13,37,0,0,12,8,20,1,11,24,21,57,0,4,4,61
10/27/2010,ABY,GA,ASO,ES,Federal Contract Tower,1,9,13,15,38,0,0,14,2,16,1,9,27,17,54,0,16,16,70
10/28/2010,ABY,GA,ASO,ES,Federal Contract Tower,1,9,15,13,38,0,0,8,0,8,1,9,23,13,46,10,12,22,68
10/29/2010,ABY,GA,ASO,ES,Federal Contract Tower,0,11,13,0,24,0,0,17,2,19,0,11,30,2,43,20,28,48,91
10/30/2010,ABY,GA,ASO,ES,Federal Contract Tower,0,2,3,0,5,0,0,31,0,31,0,2,34,0,36,10,0,10,46
10/31/2010,ABY,GA,ASO,ES,Federal Contract Tower,0,7,6,0,13,0,0,20,0,20,0,7,26,0,33,4,0,4,37
11/01/2010,ABY,GA,ASO,ES,Federal Contract Tower,0,12,8,2,22,0,0,18,0,18,0,12,26,2,40,24,4,28,68
11/02/2010,ABY,GA,ASO,ES,Federal Contract Tower,0,11,5,2,18,0,0,18,2,20,0,11,23,4,38,0,18,18,56
11/03/2010,ABY,GA,ASO,ES,Federal Contract Tower,0,20,18,0,38,4,0,13,0,17,4,20,31,0,55,16,0,16,71
11/04/2010,ABY,GA,ASO,ES,Federal Contract Tower,0,12,17,10,39,0,0,13,1,14,0,12,30,11,53,0,16,16,69
11/05/2010,ABY,GA,ASO,ES,Federal Contract Tower,0,10,9,8,27,0,0,23,2,25,0,10,32,10,52,16,2,18,70
11/06/2010,ABY,GA,ASO,ES,Federal Contract Tower,0,3,13,2,18,0,0,20,0,20,0,3,33,2,38,0,0,0,38
11/07/2010,ABY,GA,ASO,ES,Federal Contract Tower,0,7,16,4,27,0,0,30,1,31,0,7,46,5,58,26,0,26,84
11/08/2010,ABY,GA,ASO,ES,Federal Contract Tower,0,9,5,10,24,0,0,24,0,24,0,9,29,10,48,18,16,34,82
11/09/2010,ABY,GA,ASO,ES,Federal Contract Tower,0,8,24,17,49,0,1,24,3,28,0,9,48,20,77,24,48,72,149
11/10/2010,ABY,GA,ASO,ES,Federal Contract Tower,0,14,20,4,38,0,0,42,0,42,0,14,62,4,80,50,16,66,146
11/11/2010,ABY,GA,ASO,ES,Federal Contract Tower,0,10,11,0,21,0,0,22,0,22,0,10,33,0,43,12,0,12,55
11/12/2010,ABY,GA,ASO,ES,Federal Contract Tower,0,9,25,16,50,0,0,27,2,29,0,9,52,18,79,0,16,16,95
11/13/2010,ABY,GA,ASO,ES,Federal Contract Tower,0,6,6,0,12,0,0,14,4,18,0,6,20,4,30,0,0,0,30
11/14/2010,ABY,GA,ASO,ES,Federal Contract Tower,0,6,14,5,25,0,0,27,2,29,0,6,41,7,54,6,8,14,68
11/15/2010,ABY,GA,ASO,ES,Federal Contract Tower,0,8,17,6,31,0,0,14,2,16,0,8,31,8,47,20,12,32,79
11/16/2010,ABY,GA,ASO,ES,Federal Contract Tower,0,13,11,0,24,0,0,0,1,1,0,13,11,1,25,0,12,12,37
11/17/2010,ABY,GA,ASO,ES,Federal Contract Tower,0,9,5,12,26,0,0,31,4,35,0,9,36,16,61,10,26,36,97
11/18/2010,ABY,GA,ASO,ES,Federal Contract Tower,0,13,14,1,28,0,0,25,3,28,0,13,39,4,56,24,24,48,104
11/19/2010,ABY,GA,ASO,ES,Federal Contract Tower,0,14,11,0,25,0,0,19,1,20,0,14,30,1,45,16,0,16,61
11/20/2010,ABY,GA,ASO,ES,Federal Contract Tower,0,4,16,0,20,0,0,28,0,28,0,4,44,0,48,32,0,32,80
11/21/2010,ABY,GA,ASO,ES,Federal Contract Tower,0,7,13,0,20,0,0,27,0,27,0,7,40,0,47,16,0,16,63
11/22/2010,ABY,GA,ASO,ES,Federal Contract Tower,0,11,22,2,35,0,0,12,2,14,0,11,34,4,49,28,6,34,83
11/23/2010,ABY,GA,ASO,ES,Federal Contract Tower,0,9,16,12,37,0,0,19,0,19,0,9,35,12,56,6,0,6,62
11/24/2010,ABY,GA,ASO,ES,Federal Contract Tower,0,9,19,5,33,0,0,5,0,5,0,9,24,5,38,4,14,18,56
11/25/2010,ABY,GA,ASO,ES,Federal Contract Tower,0,4,2,0,6,0,0,14,0,14,0,4,16,0,20,0,0,0,20
11/26/2010,ABY,GA,ASO,ES,Federal Contract Tower,0,2,8,0,10,0,0,0,0,0,0,2,8,0,10,0,0,0,10
11/27/2010,ABY,GA,ASO,ES,Federal Contract Tower,0,6,4,0,10,0,0,24,2,26,0,6,28,2,36,18,0,18,54
11/28/2010,ABY,GA,ASO,ES,Federal Contract Tower,0,8,24,3,35,1,0,36,0,37,1,8,60,3,72,28,0,28,100
11/29/2010,ABY,GA,ASO,ES,Federal Contract Tower,0,9,12,4,25,0,0,12,0,12,0,9,24,4,37,2,28,30,67
11/30/2010,ABY,GA,ASO,ES,Federal Contract Tower,0,12,6,0,18,0,0,0,0,0,0,12,6,0,18,0,0,0,18
12/01/2010,ABY,GA,ASO,ES,Federal Contract Tower,0,7,6,2,15,0,0,25,3,28,0,7,31,5,43,18,22,40,83
12/02/2010,ABY,GA,ASO,ES,Federal Contract Tower,0,10,12,1,23,0,0,28,6,34,0,10,40,7,57,42,10,52,109
12/03/2010,ABY,GA,ASO,ES,Federal Contract Tower,0,11,15,4,30,0,0,27,2,29,0,11,42,6,59,0,40,40,99
12/04/2010,ABY,GA,ASO,ES,Federal Contract Tower,2,4,9,0,15,0,0,27,0,27,2,4,36,0,42,36,0,36,78
12/05/2010,ABY,GA,ASO,ES,Federal Contract Tower,0,9,9,2,20,0,0,15,1,16,0,9,24,3,36,0,0,0,36
12/06/2010,ABY,GA,ASO,ES,Federal Contract Tower,0,6,17,6,29,0,0,16,1,17,0,6,33,7,46,10,30,40,86
12/07/2010,ABY,GA,ASO,ES,Federal Contract Tower,0,8,11,12,31,0,0,25,4,29,0,8,36,16,60,0,34,34,94
12/08/2010,ABY,GA,ASO,ES,Federal Contract Tower,0,7,8,14,29,0,4,26,1,31,0,11,34,15,60,30,42,72,132
12/09/2010,ABY,GA,ASO,ES,Federal Contract Tower,0,9,12,14,35,0,0,22,6,28,0,9,34,20,63,28,80,108,171
12/10/2010,ABY,GA,ASO,ES,Federal Contract Tower,0,11,8,6,25,0,0,36,0,36,0,11,44,6,61,34,0,34,95
12/11/2010,ABY,GA,ASO,ES,Federal Contract Tower,0,2,12,0,14,0,0,31,0,31,0,2,43,0,45,26,0,26,71
12/12/2010,ABY,GA,ASO,ES,Federal Contract Tower,0,11,14,0,25,0,0,6,6,12,0,11,20,6,37,0,0,0,37
12/13/2010,ABY,GA,ASO,ES,Federal Contract Tower,0,8,7,2,17,0,0,10,2,12,0,8,17,4,29,0,12,12,41
12/14/2010,ABY,GA,ASO,ES,Federal Contract Tower,0,9,10,5,24,0,0,19,8,27,0,9,29,13,51,0,52,52,103
12/15/2010,ABY,GA,ASO,ES,Federal Contract Tower,0,14,18,10,42,0,0,25,3,28,0,14,43,13,70,34,77,111,181
12/16/2010,ABY,GA,ASO,ES,Federal Contract Tower,2,11,16,12,41,0,0,6,2,8,2,11,22,14,49,4,68,72,121
12/17/2010,ABY,GA,ASO,ES,Federal Contract Tower,0,10,14,7,31,0,0,10,0,10,0,10,24,7,41,0,0,0,41
12/18/2010,ABY,GA,ASO,ES,Federal Contract Tower,0,6,13,0,19,0,0,0,0,0,0,6,13,0,19,0,0,0,19
12/19/2010,ABY,GA,ASO,ES,Federal Contract Tower,0,4,3,0,7,0,0,17,0,17,0,4,20,0,24,0,0,0,24
12/20/2010,ABY,GA,ASO,ES,Federal Contract Tower,0,13,5,2,20,0,0,26,0,26,0,13,31,2,46,36,2,38,84
12/21/2010,ABY,GA,ASO,ES,Federal Contract Tower,0,6,10,8,24,0,0,31,2,33,0,6,41,10,57,8,0,8,65
12/22/2010,ABY,GA,ASO,ES,Federal Contract Tower,0,10,16,14,40,0,0,0,0,0,0,10,16,14,40,2,8,10,50
12/23/2010,ABY,GA,ASO,ES,Federal Contract Tower,0,9,13,0,22,0,15,0,0,15,0,24,13,0,37,28,0,28,65
12/24/2010,ABY,GA,ASO,ES,Federal Contract Tower,0,3,4,0,7,0,0,10,0,10,0,3,14,0,17,12,0,12,29
12/25/2010,ABY,GA,ASO,ES,Federal Contract Tower,0,0,1,0,1,0,0,4,0,4,0,0,5,0,5,0,0,0,5
12/26/2010,ABY,GA,ASO,ES,Federal Contract Tower,0,3,12,0,15,0,0,0,0,0,0,3,12,0,15,0,0,0,15
12/27/2010,ABY,GA,ASO,ES,Federal Contract Tower,0,5,16,1,22,0,0,4,0,4,0,5,20,1,26,0,0,0,26
12/28/2010,ABY,GA,ASO,ES,Federal Contract Tower,0,6,8,0,14,0,0,24,0,24,0,6,32,0,38,0,0,0,38
12/29/2010,ABY,GA,ASO,ES,Federal Contract Tower,0,8,15,0,23,0,0,21,0,21,0,8,36,0,44,0,0,0,44
12/30/2010,ABY,GA,ASO,ES,Federal Contract Tower,0,4,16,0,20,0,0,16,0,16,0,4,32,0,36,0,0,0,36
12/31/2010,ABY,GA,ASO,ES,Federal Contract Tower,0,3,2,0,5,0,0,19,0,19,0,3,21,0,24,4,0,4,28
01/01/2011,ABY,GA,ASO,ES,Federal Contract Tower,0,2,3,0,5,0,0,0,0,0,0,2,3,0,5,0,0,0,5
01/02/2011,ABY,GA,ASO,ES,Federal Contract Tower,0,8,26,2,36,0,0,11,0,11,0,8,37,2,47,0,0,0,47
01/03/2011,ABY,GA,ASO,ES,Federal Contract Tower,0,8,15,3,26,0,0,16,0,16,0,8,31,3,42,0,22,22,64
01/04/2011,ABY,GA,ASO,ES,Federal Contract Tower,0,8,21,10,39,0,0,25,0,25,0,8,46,10,64,24,8,32,96
01/05/2011,ABY,GA,ASO,ES,Federal Contract Tower,0,8,16,0,24,0,0,1,0,1,0,8,17,0,25,0,0,0,25
01/06/2011,ABY,GA,ASO,ES,Federal Contract Tower,0,9,12,0,21,0,0,15,20,35,0,9,27,20,56,0,0,0,56
01/07/2011,ABY,GA,ASO,ES,Federal Contract Tower,0,8,10,14,32,0,0,13,6,19,0,8,23,20,51,0,82,82,133
01/08/2011,ABY,GA,ASO,ES,Federal Contract Tower,0,10,4,0,14,0,0,17,18,35,0,10,21,18,49,0,0,0,49
01/09/2011,ABY,GA,ASO,ES,Federal Contract Tower,0,10,9,0,19,0,0,5,0,5,0,10,14,0,24,0,0,0,24
01/10/2011,ABY,GA,ASO,ES,Federal Contract Tower,0,2,3,0,5,0,0,0,0,0,0,2,3,0,5,0,0,0,5
01/11/2011,ABY,GA,ASO,ES,Federal Contract Tower,0,7,5,0,12,0,0,1,0,1,0,7,6,0,13,2,0,2,15
01/12/2011,ABY,GA,ASO,ES,Federal Contract Tower,2,9,12,9,32,0,0,13,4,17,2,9,25,13,49,0,50,50,99
01/13/2011,ABY,GA,ASO,ES,Federal Contract Tower,0,12,24,0,36,0,1,20,0,21,0,13,44,0,57,38,0,38,95
01/14/2011,ABY,GA,ASO,ES,Federal Contract Tower,0,10,22,4,36,0,0,26,1,27,0,10,48,5,63,6,30,36,99
01/15/2011,ABY,GA,ASO,ES,Federal Contract Tower,0,5,8,4,17,0,0,26,0,26,0,5,34,4,43,4,4,8,51
01/16/2011,ABY,GA,ASO,ES,Federal Contract Tower,0,10,11,0,21,0,0,23,0,23,0,10,34,0,44,28,0,28,72
01/17/2011,ABY,GA,ASO,ES,Federal Contract Tower,0,10,14,0,24,0,0,0,0,0,0,10,14,0,24,0,0,0,24
01/18/2011,ABY,GA,ASO,ES,Federal Contract Tower,0,8,20,0,28,0,0,3,0,3,0,8,23,0,31,8,0,8,39
01/19/2011,ABY,GA,ASO,ES,Federal Contract Tower,0,9,36,12,57,0,0,17,4,21,0,9,53,16,78,36,36,72,150
01/20/2011,ABY,GA,ASO,ES,Federal Contract Tower,2,13,34,4,53,0,0,22,1,23,2,13,56,5,76,28,70,98,174
01/21/2011,ABY,GA,ASO,ES,Federal Contract Tower,0,11,19,7,37,0,0,19,1,20,0,11,38,8,57,2,22,24,81
01/22/2011,ABY,GA,ASO,ES,Federal Contract Tower,0,1,16,0,17,0,0,23,1,24,0,1,39,1,41,0,0,0,41
01/23/2011,ABY,GA,ASO,ES,Federal Contract Tower,0,12,27,0,39,0,0,23,0,23,0,12,50,0,62,4,0,4,66
01/24/2011,ABY,GA,ASO,ES,Federal Contract Tower,0,6,8,3,17,0,0,14,5,19,0,6,22,8,36,2,38,40,76
01/25/2011,ABY,GA,ASO,ES,Federal Contract Tower,0,10,17,2,29,0,0,0,0,0,0,10,17,2,29,0,0,0,29
01/26/2011,ABY,GA,ASO,ES,Federal Contract Tower,0,8,11,2,21,0,0,17,1,18,0,8,28,3,39,18,0,18,57
01/27/2011,ABY,GA,ASO,ES,Federal Contract Tower,0,10,25,8,43,0,0,26,2,28,0,10,51,10,71,74,38,112,183
01/28/2011,ABY,GA,ASO,ES,Federal Contract Tower,0,11,14,3,28,0,0,30,0,30,0,11,44,3,58,10,28,38,96
01/29/2011,ABY,GA,ASO,ES,Federal Contract Tower,0,4,10,0,14,0,0,32,0,32,0,4,42,0,46,30,0,30,76
01/30/2011,ABY,GA,ASO,ES,Federal Contract Tower,0,10,24,0,34,0,0,27,0,27,0,10,51,0,61,10,0,10,71
01/31/2011,ABY,GA,ASO,ES,Federal Contract Tower,0,6,20,9,35,0,0,4,2,6,0,6,24,11,41,0,12,12,53
02/01/2011,ABY,GA,ASO,ES,Federal Contract Tower,1,5,17,2,25,0,0,3,2,5,1,5,20,4,30,0,14,14,44
02/02/2011,ABY,GA,ASO,ES,Federal Contract Tower,1,10,17,34,62,0,0,21,3,24,1,10,38,37,86,30,100,130,216
02/03/2011,ABY,GA,ASO,ES,Federal Contract Tower,0,8,11,36,55,0,0,17,0,17,0,8,28,36,72,0,42,42,114
02/04/2011,ABY,GA,ASO,ES,Federal Contract Tower,0,15,22,1,38,0,0,0,0,0,0,15,22,1,38,0,0,0,38
02/05/2011,ABY,GA,ASO,ES,Federal Contract Tower,0,12,15,2,29,0,0,0,0,0,0,12,15,2,29,0,0,0,29
02/06/2011,ABY,GA,ASO,ES,Federal Contract Tower,0,9,16,0,25,0,0,7,0,7,0,9,23,0,32,4,0,4,36
02/07/2011,ABY,GA,ASO,ES,Federal Contract Tower,0,9,5,0,14,0,0,0,0,0,0,9,5,0,14,0,2,2,16
02/08/2011,ABY,GA,ASO,ES,Federal Contract Tower,0,9,23,7,39,0,0,23,5,28,0,9,46,12,67,48,26,74,141
02/09/2011,ABY,GA,ASO,ES,Federal Contract Tower,0,9,15,11,35,0,0,16,4,20,0,9,31,15,55,20,42,62,117
02/10/2011,ABY,GA,ASO,ES,Federal Contract Tower,0,10,23,15,48,0,0,12,2,14,0,10,35,17,62,0,40,40,102
02/11/2011,ABY,GA,ASO,ES,Federal Contract Tower,0,9,31,0,40,0,0,24,0,24,0,9,55,0,64,4,0,4,68
02/12/2011,ABY,GA,ASO,ES,Federal Contract Tower,0,1,22,0,23,0,0,14,0,14,0,1,36,0,37,10,0,10,47
02/13/2011,ABY,GA,ASO,ES,Federal Contract Tower,0,9,18,0,27,0,0,27,2,29,0,9,45,2,56,0,0,0,56
02/14/2011,ABY,GA,ASO,ES,Federal Contract Tower,0,7,12,10,29,0,0,17,0,17,0,7,29,10,46,26,16,42,88
02/15/2011,ABY,GA,ASO,ES,Federal Contract Tower,0,12,18,39,69,0,0,18,12,30,0,12,36,51,99,20,110,130,229
02/16/2011,ABY,GA,ASO,ES,Federal Contract Tower,1,8,9,18,36,0,0,25,7,32,1,8,34,25,68,14,66,80,148
02/17/2011,ABY,GA,ASO,ES,Federal Contract Tower,2,17,23,13,55,0,0,30,0,30,2,17,53,13,85,38,20,58,143
02/18/2011,ABY,GA,ASO,ES,Federal Contract Tower,0,17,23,14,54,0,0,32,4,36,0,17,55,18,90,10,32,42,132
02/19/2011,ABY,GA,ASO,ES,Federal Contract Tower,2,4,15,2,23,0,0,23,0,23,2,4,38,2,46,4,0,4,50
02/20/2011,ABY,GA,ASO,ES,Federal Contract Tower,0,6,31,0,37,0,0,14,6,20,0,6,45,6,57,0,0,0,57
02/21/2011,ABY,GA,ASO,ES,Federal Contract Tower,0,9,22,0,31,0,0,9,0,9,0,9,31,0,40,0,0,0,40
02/22/2011,ABY,GA,ASO,ES,Federal Contract Tower,0,5,33,11,49,0,0,14,4,18,0,5,47,15,67,38,20,58,125
02/23/2011,ABY,GA,ASO,ES,Federal Contract Tower,0,13,10,10,33,0,0,25,4,29,0,13,35,14,62,8,38,46,108
02/24/2011,ABY,GA,ASO,ES,Federal Contract Tower,0,13,25,21,59,0,0,14,1,15,0,13,39,22,74,10,54,64,138
02/25/2011,ABY,GA,ASO,ES,Federal Contract Tower,0,21,24,0,45,0,0,22,2,24,0,21,46,2,69,0,10,10,79
02/26/2011,ABY,GA,ASO,ES,Federal Contract Tower,0,8,15,2,25,0,0,55,2,57,0,8,70,4,82,28,0,28,110
02/27/2011,ABY,GA,ASO,ES,Federal Contract Tower,0,12,23,0,35,0,0,21,0,21,0,12,44,0,56,20,0,20,76
02/28/2011,ABY,GA,ASO,ES,Federal Contract Tower,0,7,5,13,25,0,0,10,4,14,0,7,15,17,39,0,56,56,95
03/01/2011,ABY,GA,ASO,ES,Federal Contract Tower,0,12,11,4,27,0,0,2,3,5,0,12,13,7,32,10,0,10,42
03/02/2011,ABY,GA,ASO,ES,Federal Contract Tower,0,6,13,12,31,0,0,48,2,50,0,6,61,14,81,18,28,46,127
03/03/2011,ABY,GA,ASO,ES,Federal Contract Tower,0,9,19,8,36,0,0,43,2,45,0,9,62,10,81,20,0,20,101
03/04/2011,ABY,GA,ASO,ES,Federal Contract Tower,1,3,24,15,43,0,0,4,0,4,1,3,28,15,47,0,44,44,91
03/05/2011,ABY,GA,ASO,ES,Federal Contract Tower,0,3,9,2,14,0,0,13,0,13,0,3,22,2,27,0,0,0,27
03/06/2011,ABY,GA,ASO,ES,Federal Contract Tower,0,13,19,2,34,0,0,6,0,6,0,13,25,2,40,0,0,0,40
03/07/2011,ABY,GA,ASO,ES,Federal Contract Tower,0,9,17,8,34,0,0,26,4,30,0,9,43,12,64,18,32,50,114
03/08/2011,ABY,GA,ASO,ES,Federal Contract Tower,0,15,21,3,39,0,0,32,2,34,0,15,53,5,73,48,42,90,163
03/09/2011,ABY,GA,ASO,ES,Federal Contract Tower,0,10,7,0,17,0,0,3,0,3,0,10,10,0,20,0,0,0,20
03/10/2011,ABY,GA,ASO,ES,Federal Contract Tower,0,11,27,2,40,0,0,18,0,18,0,11,45,2,58,0,2,2,60
03/11/2011,ABY,GA,ASO,ES,Federal Contract Tower,0,7,12,4,23,0,0,43,0,43,0,7,55,4,66,0,10,10,76
03/12/2011,ABY,GA,ASO,ES,Federal Contract Tower,0,5,16,2,23,0,0,35,1,36,0,5,51,3,59,40,0,40,99
03/13/2011,ABY,GA,ASO,ES,Federal Contract Tower,0,3,5,1,9,0,0,31,0,31,0,3,36,1,40,0,0,0,40
03/14/2011,ABY,GA,ASO,ES,Federal Contract Tower,0,7,9,28,44,0,0,15,10,25,0,7,24,38,69,0,82,82,151
03/15/2011,ABY,GA,ASO,ES,Federal Contract Tower,0,8,11,4,23,0,0,24,0,24,0,8,35,4,47,20,22,42,89
03/16/2011,ABY,GA,ASO,ES,Federal Contract Tower,0,9,8,2,19,0,0,23,2,25,0,9,31,4,44,0,58,58,102
03/17/2011,ABY,GA,ASO,ES,Federal Contract Tower,0,6,16,18,40,0,0,39,2,41,0,6,55,20,81,22,32,54,135
03/18/2011,ABY,GA,ASO,ES,Federal Contract Tower,0,9,9,10,28,2,0,17,3,22,2,9,26,13,50,2,10,12,62
03/19/2011,ABY,GA,ASO,ES,Federal Contract Tower,0,2,10,0,12,0,0,44,0,44,0,2,54,0,56,0,0,0,56
03/20/2011,ABY,GA,ASO,ES,Federal Contract Tower,0,4,8,5,17,0,0,39,2,41,0,4,47,7,58,0,2,2,60
03/21/2011,ABY,GA,ASO,ES,Federal Contract Tower,0,4,20,1,25,0,0,32,0,32,0,4,52,1,57,10,0,10,67
03/22/2011,ABY,GA,ASO,ES,Federal Contract Tower,1,8,15,6,30,0,0,23,5,28,1,8,38,11,58,0,46,46,104
03/23/2011,ABY,GA,ASO,ES,Federal Contract Tower,0,9,13,9,31,0,0,27,0,27,0,9,40,9,58,0,76,76,134
03/24/2011,ABY,GA,ASO,ES,Federal Contract Tower,0,8,0,5,13,0,0,14,2,16,0,8,14,7,29,8,66,74,103
03/25/2011,ABY,GA,ASO,ES,Federal Contract Tower,0,10,9,22,41,0,0,31,2,33,0,10,40,24,74,22,84,106,180
03/26/2011,ABY,GA,ASO,ES,Federal Contract Tower,0,4,11,0,15,0,0,25,0,25,0,4,36,0,40,0,0,0,40
03/27/2011,ABY,GA,ASO,ES,Federal Contract Tower,0,6,6,0,12,0,0,7,0,7,0,6,13,0,19,0,0,0,19
03/28/2011,ABY,GA,ASO,ES,Federal Contract Tower,0,7,16,10,33,0,0,0,0,0,0,7,16,10,33,0,8,8,41
03/29/2011,ABY,GA,ASO,ES,Federal Contract Tower,0,7,6,0,13,0,0,2,0,2,0,7,8,0,15,0,0,0,15
03/30/2011,ABY,GA,ASO,ES,Federal Contract Tower,0,6,5,0,11,0,0,0,0,0,0,6,5,0,11,0,0,0,11
03/31/2011,ABY,GA,ASO,ES,Federal Contract Tower,1,6,15,2,24,0,0,9,0,9,1,6,24,2,33,2,0,2,35
04/01/2011,ABY,GA,ASO,ES,Federal Contract Tower,0,9,12,5,26,0,0,45,3,48,0,9,57,8,74,0,36,36,110
04/02/2011,ABY,GA,ASO,ES,Federal Contract Tower,0,2,9,3,14,0,0,35,5,40,0,2,44,8,54,8,6,14,68
04/03/2011,ABY,GA,ASO,ES,Federal Contract Tower,0,4,11,4,19,0,0,30,0,30,0,4,41,4,49,6,10,16,65
04/04/2011,ABY,GA,ASO,ES,Federal Contract Tower,0,4,7,13,24,0,0,30,7,37,0,4,37,20,61,4,22,26,87
04/05/2011,ABY,GA,ASO,ES,Federal Contract Tower,0,8,1,0,9,0,0,19,0,19,0,8,20,0,28,0,0,0,28
04/06/2011,ABY,GA,ASO,ES,Federal Contract Tower,0,6,21,0,27,0,0,22,1,23,0,6,43,1,50,10,8,18,68
04/07/2011,ABY,GA,ASO,ES,Federal Contract Tower,0,7,19,9,35,0,0,28,3,31,0,7,47,12,66,4,56,60,126
04/08/2011,ABY,GA,ASO,ES,Federal Contract Tower,0,9,14,4,27,0,0,17,0,17,0,9,31,4,44,16,0,16,60
04/09/2011,ABY,GA,ASO,ES,Federal Contract Tower,0,4,12,5,21,0,0,6,0,6,0,4,18,5,27,0,24,24,51
04/10/2011,ABY,GA,ASO,ES,Federal Contract Tower,0,5,14,0,19,0,0,16,0,16,0,5,30,0,35,4,0,4,39
04/11/2011,ABY,GA,ASO,ES,Federal Contract Tower,0,7,16,0,23,0,0,15,0,15,0,7,31,0,38,24,50,74,112
04/12/2011,ABY,GA,ASO,ES,Federal Contract Tower,0,7,13,2,22,0,0,21,2,23,0,7,34,4,45,22,6,28,73
04/13/2011,ABY,GA,ASO,ES,Federal Contract Tower,0,6,6,9,21,0,1,35,0,36,0,7,41,9,57,0,38,38,95
04/14/2011,ABY,GA,ASO,ES,Federal Contract Tower,0,6,20,18,44,0,0,22,3,25,0,6,42,21,69,14,8,22,91
04/15/2011,ABY,GA,ASO,ES,Federal Contract Tower,0,6,4,11,21,0,0,27,0,27,0,6,31,11,48,0,22,22,70
04/16/2011,ABY,GA,ASO,ES,Federal Contract Tower,0,4,5,4,13,0,0,24,0,24,0,4,29,4,37,0,24,24,61
04/17/2011,ABY,GA,ASO,ES,Federal Contract Tower,0,8,6,4,18,0,0,32,0,32,0,8,38,4,50,0,0,0,50
04/18/2011,ABY,GA,ASO,ES,Federal Contract Tower,0,9,8,19,36,0,0,40,0,40,0,9,48,19,76,26,6,32,108
04/19/2011,ABY,GA,ASO,ES,Federal Contract Tower,0,6,6,14,26,0,1,19,6,26,0,7,25,20,52,36,22,58,110
04/20/2011,ABY,GA,ASO,ES,Federal Contract Tower,0,10,9,8,27,0,0,17,11,28,0,10,26,19,55,6,32,38,93
04/21/2011,ABY,GA,ASO,ES,Federal Contract Tower,0,6,6,17,29,0,0,18,11,29,0,6,24,28,58,8,90,98,156
04/22/2011,ABY,GA,ASO,ES,Federal Contract Tower,0,7,6,9,22,0,0,30,0,30,0,7,36,9,52,6,12,18,70
04/23/2011,ABY,GA,ASO,ES,Federal Contract Tower,0,2,9,0,11,0,0,33,3,36,0,2,42,3,47,10,0,10,57
04/24/2011,ABY,GA,ASO,ES,Federal Contract Tower,0,3,1,0,4,0,0,20,0,20,0,3,21,0,24,0,0,0,24
04/25/2011,ABY,GA,ASO,ES,Federal Contract Tower,0,6,11,9,26,0,0,19,3,22,0,6,30,12,48,12,50,62,110
04/26/2011,ABY,GA,ASO,ES,Federal Contract Tower,0,6,8,0,14,0,0,19,0,19,0,6,27,0,33,0,36,36,69
04/27/2011,ABY,GA,ASO,ES,Federal Contract Tower,2,8,10,4,24,0,0,10,0,10,2,8,20,4,34,0,8,8,42
04/28/2011,ABY,GA,ASO,ES,Federal Contract Tower,0,9,2,6,17,0,0,17,0,17,0,9,19,6,34,8,0,8,42
04/29/2011,ABY,GA,ASO,ES,Federal Contract Tower,0,7,9,6,22,0,0,21,2,23,0,7,30,8,45,16,26,42,87
04/30/2011,ABY,GA,ASO,ES,Federal Contract Tower,0,3,6,0,9,0,0,29,0,29,0,3,35,0,38,12,0,12,50
05/01/2011,ABY,GA,ASO,ES,Federal Contract Tower,0,4,8,0,12,0,0,22,0,22,0,4,30,0,34,12,0,12,46
05/02/2011,ABY,GA,ASO,ES,Federal Contract Tower,0,6,2,4,12,0,0,15,0,15,0,6,17,4,27,20,2,22,49
05/03/2011,ABY,GA,ASO,ES,Federal Contract Tower,0,6,3,14,23,0,0,22,2,24,0,6,25,16,47,0,54,54,101
05/04/2011,ABY,GA,ASO,ES,Federal Contract Tower,0,8,9,8,25,0,0,21,0,21,0,8,30,8,46,0,16,16,62
05/05/2011,ABY,GA,ASO,ES,Federal Contract Tower,0,8,6,4,18,0,0,28,2,30,0,8,34,6,48,0,88,88,136
05/06/2011,ABY,GA,ASO,ES,Federal Contract Tower,0,7,3,0,10,0,0,29,0,29,0,7,32,0,39,4,0,4,43
05/07/2011,ABY,GA,ASO,ES,Federal Contract Tower,0,5,15,0,20,0,0,31,0,31,0,5,46,0,51,10,0,10,61
05/08/2011,ABY,GA,ASO,ES,Federal Contract Tower,0,4,5,2,11,0,0,37,0,37,0,4,42,2,48,6,2,8,56
05/09/2011,ABY,GA,ASO,ES,Federal Contract Tower,0,6,7,1,14,0,0,18,4,22,0,6,25,5,36,10,16,26,62
05/10/2011,ABY,GA,ASO,ES,Federal Contract Tower,0,7,4,3,14,0,1,32,1,34,0,8,36,4,48,16,24,40,88
05/11/2011,ABY,GA,ASO,ES,Federal Contract Tower,0,6,4,10,20,0,0,42,2,44,0,6,46,12,64,4,28,32,96
05/12/2011,ABY,GA,ASO,ES,Federal Contract Tower,0,8,12,16,36,0,0,35,0,35,0,8,47,16,71,14,22,36,107
05/13/2011,ABY,GA,ASO,ES,Federal Contract Tower,0,9,19,9,37,0,0,33,0,33,0,9,52,9,70,28,20,48,118
05/14/2011,ABY,GA,ASO,ES,Federal Contract Tower,0,5,1,0,6,0,0,6,0,6,0,5,7,0,12,0,0,0,12
05/15/2011,ABY,GA,ASO,ES,Federal Contract Tower,0,4,11,6,21,0,0,31,0,31,0,4,42,6,52,20,0,20,72
05/16/2011,ABY,GA,ASO,ES,Federal Contract Tower,0,5,8,11,24,0,0,10,0,10,0,5,18,11,34,0,12,12,46
05/17/2011,ABY,GA,ASO,ES,Federal Contract Tower,0,6,5,13,24,0,0,28,0,28,0,6,33,13,52,0,18,18,70
05/18/2011,ABY,GA,ASO,ES,Federal Contract Tower,0,6,4,4,14,0,0,23,2,25,0,6,27,6,39,2,34,36,75
05/19/2011,ABY,GA,ASO,ES,Federal Contract Tower,0,6,7,4,17,0,0,33,2,35,0,6,40,6,52,4,30,34,86
05/20/2011,ABY,GA,ASO,ES,Federal Contract Tower,0,6,7,7,20,0,0,29,1,30,0,6,36,8,50,40,46,86,136
05/21/2011,ABY,GA,ASO,ES,Federal Contract Tower,0,2,4,2,8,0,0,29,1,30,0,2,33,3,38,2,0,2,40
05/22/2011,ABY,GA,ASO,ES,Federal Contract Tower,0,4,10,0,14,0,0,30,0,30,0,4,40,0,44,28,0,28,72
05/23/2011,ABY,GA,ASO,ES,Federal Contract Tower,0,6,9,13,28,0,0,19,1,20,0,6,28,14,48,18,26,44,92
05/24/2011,ABY,GA,ASO,ES,Federal Contract Tower,0,6,2,6,14,0,0,21,1,22,0,6,23,7,36,0,88,88,124
05/25/2011,ABY,GA,ASO,ES,Federal Contract Tower,0,5,9,13,27,0,0,23,1,24,0,5,32,14,51,4,48,52,103
05/26/2011,ABY,GA,ASO,ES,Federal Contract Tower,0,5,8,4,17,0,0,17,0,17,0,5,25,4,34,10,26,36,70
05/27/2011,ABY,GA,ASO,ES,Federal Contract Tower,0,6,8,0,14,0,0,20,0,20,0,6,28,0,34,0,0,0,34
05/28/2011,ABY,GA,ASO,ES,Federal Contract Tower,0,3,8,0,11,0,0,28,0,28,0,3,36,0,39,18,0,18,57
05/29/2011,ABY,GA,ASO,ES,Federal Contract Tower,0,3,8,0,11,0,0,25,0,25,0,3,33,0,36,0,0,0,36
05/30/2011,ABY,GA,ASO,ES,Federal Contract Tower,0,4,6,0,10,0,0,22,0,22,0,4,28,0,32,8,0,8,40
05/31/2011,ABY,GA,ASO,ES,Federal Contract Tower,0,6,4,2,12,0,0,12,0,12,0,6,16,2,24,0,0,0,24
06/01/2011,ABY,GA,ASO,ES,Federal Contract Tower,0,6,4,6,16,0,0,19,0,19,0,6,23,6,35,10,26,36,71
06/02/2011,ABY,GA,ASO,ES,Federal Contract Tower,0,5,5,13,23,0,1,15,0,16,0,6,20,13,39,46,40,86,125
06/03/2011,ABY,GA,ASO,ES,Federal Contract Tower,0,5,10,9,24,0,1,33,4,38,0,6,43,13,62,28,44,72,134
06/04/2011,ABY,GA,ASO,ES,Federal Contract Tower,0,2,5,0,7,0,0,22,0,22,0,2,27,0,29,0,0,0,29
06/05/2011,ABY,GA,ASO,ES,Federal Contract Tower,0,5,5,2,12,0,0,36,0,36,0,5,41,2,48,8,0,8,56
06/06/2011,ABY,GA,ASO,ES,Federal Contract Tower,0,6,6,1,13,0,0,22,0,22,0,6,28,1,35,20,0,20,55
06/07/2011,ABY,GA,ASO,ES,Federal Contract Tower,0,6,6,4,16,0,0,16,0,16,0,6,22,4,32,0,34,34,66
06/08/2011,ABY,GA,ASO,ES,Federal Contract Tower,0,6,4,2,12,0,0,16,0,16,0,6,20,2,28,6,26,32,60
06/09/2011,ABY,GA,ASO,ES,Federal Contract Tower,0,9,10,2,21,0,0,11,0,11,0,9,21,2,32,0,8,8,40
06/10/2011,ABY,GA,ASO,ES,Federal Contract Tower,0,4,6,14,24,0,0,19,3,22,0,4,25,17,46,0,0,0,46
06/11/2011,ABY,GA,ASO,ES,Federal Contract Tower,0,3,4,0,7,0,0,14,0,14,0,3,18,0,21,8,0,8,29
06/12/2011,ABY,GA,ASO,ES,Federal Contract Tower,0,4,1,1,6,0,0,21,0,21,0,4,22,1,27,32,0,32,59
06/13/2011,ABY,GA,ASO,ES,Federal Contract Tower,0,6,9,16,31,0,0,25,0,25,0,6,34,16,56,18,0,18,74
06/14/2011,ABY,GA,ASO,ES,Federal Contract Tower,0,9,11,26,46,0,0,29,7,36,0,9,40,33,82,24,36,60,142
06/15/2011,ABY,GA,ASO,ES,Federal Contract Tower,0,7,4,8,19,0,0,20,2,22,0,7,24,10,41,10,36,46,87
06/16/2011,ABY,GA,ASO,ES,Federal Contract Tower,0,6,10,1,17,0,0,5,1,6,0,6,15,2,23,28,34,62,85
06/17/2011,ABY,GA,ASO,ES,Federal Contract Tower,0,5,5,2,12,0,0,17,0,17,0,5,22,2,29,18,4,22,51
06/18/2011,ABY,GA,ASO,ES,Federal Contract Tower,0,3,5,0,8,0,0,23,0,23,0,3,28,0,31,16,0,16,47
06/19/2011,ABY,GA,ASO,ES,Federal Contract Tower,0,4,10,3,17,0,0,21,0,21,0,4,31,3,38,2,0,2,40
06/20/2011,ABY,GA,ASO,ES,Federal Contract Tower,0,5,3,0,8,0,0,21,3,24,0,5,24,3,32,26,10,36,68
06/21/2011,ABY,GA,ASO,ES,Federal Contract Tower,0,7,5,7,19,0,1,30,6,37,0,8,35,13,56,12,10,22,78
06/22/2011,ABY,GA,ASO,ES,Federal Contract Tower,0,5,4,4,13,0,2,13,0,15,0,7,17,4,28,12,4,16,44
06/23/2011,ABY,GA,ASO,ES,Federal Contract Tower,0,5,20,0,25,0,0,22,0,22,0,5,42,0,47,8,0,8,55
06/24/2011,ABY,GA,ASO,ES,Federal Contract Tower,0,8,0,8,16,0,0,27,0,27,0,8,27,8,43,28,2,30,73
06/25/2011,ABY,GA,ASO,ES,Federal Contract Tower,0,3,3,0,6,0,0,14,1,15,0,3,17,1,21,2,0,2,23
06/26/2011,ABY,GA,ASO,ES,Federal Contract Tower,0,3,10,0,13,0,0,10,0,10,0,3,20,0,23,30,0,30,53
06/27/2011,ABY,GA,ASO,ES,Federal Contract Tower,0,9,11,2,22,0,0,17,0,17,0,9,28,2,39,22,0,22,61
06/28/2011,ABY,GA,ASO,ES,Federal Contract Tower,0,7,6,2,15,0,0,31,2,33,0,7,37,4,48,62,2,64,112
06/29/2011,ABY,GA,ASO,ES,Federal Contract Tower,0,6,17,11,34,0,0,18,0,18,0,6,35,11,52,114,40,154,206
06/30/2011,ABY,GA,ASO,ES,Federal Contract Tower,0,6,10,9,25,0,0,21,0,21,0,6,31,9,46,84,22,106,152
07/01/2011,ABY,GA,ASO,ES,Federal Contract Tower,0,6,14,0,20,0,0,24,0,24,0,6,38,0,44,0,0,0,44
07/02/2011,ABY,GA,ASO,ES,Federal Contract Tower,0,3,6,0,9,0,0,7,0,7,0,3,13,0,16,0,0,0,16
07/03/2011,ABY,GA,ASO,ES,Federal Contract Tower,0,2,2,0,4,0,0,12,0,12,0,2,14,0,16,0,0,0,16
07/04/2011,ABY,GA,ASO,ES,Federal Contract Tower,0,1,4,0,5,0,0,4,0,4,0,1,8,0,9,0,0,0,9
07/05/2011,ABY,GA,ASO,ES,Federal Contract Tower,0,8,2,2,12,0,0,13,0,13,0,8,15,2,25,0,28,28,53
07/06/2011,ABY,GA,ASO,ES,Federal Contract Tower,0,7,10,8,25,0,1,23,4,28,0,8,33,12,53,22,30,52,105
07/07/2011,ABY,GA,ASO,ES,Federal Contract Tower,7,6,6,3,22,0,0,10,0,10,7,6,16,3,32,0,46,46,78
07/08/2011,ABY,GA,ASO,ES,Federal Contract Tower,0,6,2,13,21,0,0,14,4,18,0,6,16,17,39,0,44,44,83
07/09/2011,ABY,GA,ASO,ES,Federal Contract Tower,0,4,5,0,9,0,0,8,0,8,0,4,13,0,17,0,0,0,17
07/10/2011,ABY,GA,ASO,ES,Federal Contract Tower,0,6,5,2,13,0,0,4,1,5,0,6,9,3,18,0,0,0,18
07/11/2011,ABY,GA,ASO,ES,Federal Contract Tower,0,6,13,5,24,0,0,28,0,28,0,6,41,5,52,4,4,8,60
07/12/2011,ABY,GA,ASO,ES,Federal Contract Tower,0,8,7,10,25,0,0,20,0,20,0,8,27,10,45,38,0,38,83
07/13/2011,ABY,GA,ASO,ES,Federal Contract Tower,0,10,1,8,19,0,0,13,2,15,0,10,14,10,34,32,28,60,94
07/14/2011,ABY,GA,ASO,ES,Federal Contract Tower,0,9,5,22,36,0,0,13,0,13,0,9,18,22,49,18,70,88,137
07/15/2011,ABY,GA,ASO,ES,Federal Contract Tower,0,12,10,5,27,0,0,19,0,19,0,12,29,5,46,34,0,34,80
07/16/2011,ABY,GA,ASO,ES,Federal Contract Tower,0,3,9,0,12,0,0,0,0,0,0,3,9,0,12,0,0,0,12
07/17/2011,ABY,GA,ASO,ES,Federal Contract Tower,0,5,1,0,6,0,0,3,0,3,0,5,4,0,9,0,0,0,9
07/18/2011,ABY,GA,ASO,ES,Federal Contract Tower,0,6,1,25,32,0,0,15,0,15,0,6,16,25,47,20,76,96,143
07/19/2011,ABY,GA,ASO,ES,Federal Contract Tower,0,8,6,15,29,0,0,26,3,29,0,8,32,18,58,28,16,44,102
07/20/2011,ABY,GA,ASO,ES,Federal Contract Tower,4,6,7,6,23,0,0,19,0,19,4,6,26,6,42,20,12,32,74
07/21/2011,ABY,GA,ASO,ES,Federal Contract Tower,2,6,9,8,25,0,0,9,0,9,2,6,18,8,34,0,6,6,40
07/22/2011,ABY,GA,ASO,ES,Federal Contract Tower,0,4,7,0,11,0,0,12,0,12,0,4,19,0,23,0,10,10,33
07/23/2011,ABY,GA,ASO,ES,Federal Contract Tower,0,5,5,2,12,0,0,17,0,17,0,5,22,2,29,0,2,2,31
07/24/2011,ABY,GA,ASO,ES,Federal Contract Tower,0,4,6,0,10,0,0,23,2,25,0,4,29,2,35,8,0,8,43
07/25/2011,ABY,GA,ASO,ES,Federal Contract Tower,0,9,3,12,24,0,0,26,0,26,0,9,29,12,50,72,8,80,130
07/26/2011,ABY,GA,ASO,ES,Federal Contract Tower,0,13,3,0,16,0,0,18,0,18,0,13,21,0,34,4,0,4,38
07/27/2011,ABY,GA,ASO,ES,Federal Contract Tower,0,9,5,0,14,0,0,7,0,7,0,9,12,0,21,16,0,16,37
07/28/2011,ABY,GA,ASO,ES,Federal Contract Tower,0,8,8,3,19,0,0,21,0,21,0,8,29,3,40,30,20,50,90
07/29/2011,ABY,GA,ASO,ES,Federal Contract Tower,0,5,10,1,16,0,0,25,0,25,0,5,35,1,41,22,6,28,69
07/30/2011,ABY,GA,ASO,ES,Federal Contract Tower,0,4,3,0,7,0,0,25,0,25,0,4,28,0,32,22,0,22,54
07/31/2011,ABY,GA,ASO,ES,Federal Contract Tower,0,4,3,0,7,0,0,21,0,21,0,4,24,0,28,10,0,10,38
08/01/2011,ABY,GA,ASO,ES,Federal Contract Tower,0,5,13,1,19,0,0,8,0,8,0,5,21,1,27,0,0,0,27
08/02/2011,ABY,GA,ASO,ES,Federal Contract Tower,1,8,7,1,17,0,0,24,1,25,1,8,31,2,42,28,26,54,96
08/03/2011,ABY,GA,ASO,ES,Federal Contract Tower,0,5,9,3,17,0,0,12,3,15,0,5,21,6,32,24,54,78,110
08/04/2011,ABY,GA,ASO,ES,Federal Contract Tower,0,4,3,4,11,0,0,17,0,17,0,4,20,4,28,0,0,0,28
08/05/2011,ABY,GA,ASO,ES,Federal Contract Tower,0,6,14,9,29,0,32,0,1,33,0,38,14,10,62,4,0,4,66
08/06/2011,ABY,GA,ASO,ES,Federal Contract Tower,0,4,3,2,9,0,0,24,0,24,0,4,27,2,33,0,36,36,69
08/07/2011,ABY,GA,ASO,ES,Federal Contract Tower,0,2,5,2,9,0,0,18,0,18,0,2,23,2,27,0,0,0,27
08/08/2011,ABY,GA,ASO,ES,Federal Contract Tower,0,7,6,10,23,0,2,25,0,27,0,9,31,10,50,34,20,54,104
08/09/2011,ABY,GA,ASO,ES,Federal Contract Tower,0,6,6,0,12,0,0,28,0,28,0,6,34,0,40,12,0,12,52
08/10/2011,ABY,GA,ASO,ES,Federal Contract Tower,0,9,11,0,20,0,0,16,4,20,0,9,27,4,40,16,0,16,56
08/11/2011,ABY,GA,ASO,ES,Federal Contract Tower,0,6,10,0,16,0,0,13,2,15,0,6,23,2,31,36,0,36,67
08/12/2011,ABY,GA,ASO,ES,Federal Contract Tower,0,6,4,0,10,0,0,23,0,23,0,6,27,0,33,24,0,24,57
08/13/2011,ABY,GA,ASO,ES,Federal Contract Tower,0,5,6,0,11,0,0,13,0,13,0,5,19,0,24,0,0,0,24
08/14/2011,ABY,GA,ASO,ES,Federal Contract Tower,0,5,2,0,7,0,19,0,0,19,0,24,2,0,26,0,0,0,26
08/15/2011,ABY,GA,ASO,ES,Federal Contract Tower,0,6,2,0,8,0,0,26,0,26,0,6,28,0,34,2,0,2,36
08/16/2011,ABY,GA,ASO,ES,Federal Contract Tower,0,6,4,6,16,0,0,31,1,32,0,6,35,7,48,38,10,48,96
08/17/2011,ABY,GA,ASO,ES,Federal Contract Tower,0,6,6,7,19,0,0,12,1,13,0,6,18,8,32,10,12,22,54
08/18/2011,ABY,GA,ASO,ES,Federal Contract Tower,0,7,10,4,21,0,0,38,0,38,0,7,48,4,59,68,2,70,129
08/19/2011,ABY,GA,ASO,ES,Federal Contract Tower,0,9,9,2,20,0,0,20,1,21,0,9,29,3,41,0,0,0,41
08/20/2011,ABY,GA,ASO,ES,Federal Contract Tower,0,2,3,0,5,0,0,28,0,28,0,2,31,0,33,20,0,20,53
08/21/2011,ABY,GA,ASO,ES,Federal Contract Tower,0,4,11,0,15,0,0,17,0,17,0,4,28,0,32,4,0,4,36
08/22/2011,ABY,GA,ASO,ES,Federal Contract Tower,0,10,2,1,13,0,0,24,2,26,0,10,26,3,39,0,24,24,63
08/23/2011,ABY,GA,ASO,ES,Federal Contract Tower,0,6,5,0,11,0,0,15,0,15,0,6,20,0,26,50,0,50,76
08/24/2011,ABY,GA,ASO,ES,Federal Contract Tower,0,8,7,0,15,0,0,29,1,30,0,8,36,1,45,84,62,146,191
08/25/2011,ABY,GA,ASO,ES,Federal Contract Tower,0,6,10,6,22,0,0,24,0,24,0,6,34,6,46,120,12,132,178
08/26/2011,ABY,GA,ASO,ES,Federal Contract Tower,0,4,9,11,24,0,0,12,3,15,0,4,21,14,39,10,40,50,89
08/27/2011,ABY,GA,ASO,ES,Federal Contract Tower,0,2,5,0,7,0,0,21,0,21,0,2,26,0,28,18,0,18,46
08/28/2011,ABY,GA,ASO,ES,Federal Contract Tower,0,4,6,0,10,0,0,18,0,18,0,4,24,0,28,12,0,12,40
08/29/2011,ABY,GA,ASO,ES,Federal Contract Tower,0,6,6,9,21,0,0,29,8,37,0,6,35,17,58,48,20,68,126
08/30/2011,ABY,GA,ASO,ES,Federal Contract Tower,0,6,9,2,17,0,0,28,3,31,0,6,37,5,48,22,6,28,76
08/31/2011,ABY,GA,ASO,ES,Federal Contract Tower,0,5,5,0,10,0,0,19,0,19,0,5,24,0,29,8,0,8,37
09/01/2011,ABY,GA,ASO,ES,Federal Contract Tower,0,11,19,0,30,0,3,19,0,22,0,14,38,0,52,22,0,22,74
09/02/2011,ABY,GA,ASO,ES,Federal Contract Tower,0,10,19,0,29,0,0,33,0,33,0,10,52,0,62,30,0,30,92
09/03/2011,ABY,GA,ASO,ES,Federal Contract Tower,0,6,6,0,12,0,0,22,0,22,0,6,28,0,34,0,0,0,34
09/04/2011,ABY,GA,ASO,ES,Federal Contract Tower,0,0,2,0,2,0,0,4,0,4,0,0,6,0,6,0,0,0,6
09/05/2011,ABY,GA,ASO,ES,Federal Contract Tower,0,2,7,0,9,0,0,0,0,0,0,2,7,0,9,0,0,0,9
09/06/2011,ABY,GA,ASO,ES,Federal Contract Tower,0,7,8,0,15,0,0,5,0,5,0,7,13,0,20,0,0,0,20
09/07/2011,ABY,GA,ASO,ES,Federal Contract Tower,0,10,17,2,29,0,0,21,0,21,0,10,38,2,50,20,0,20,70
09/08/2011,ABY,GA,ASO,ES,Federal Contract Tower,0,9,9,3,21,0,0,12,0,12,0,9,21,3,33,0,4,4,37
09/09/2011,ABY,GA,ASO,ES,Federal Contract Tower,3,8,8,6,25,0,0,20,0,20,3,8,28,6,45,16,10,26,71
09/10/2011,ABY,GA,ASO,ES,Federal Contract Tower,0,4,15,0,19,0,0,35,0,35,0,4,50,0,54,4,0,4,58
09/11/2011,ABY,GA,ASO,ES,Federal Contract Tower,0,7,5,2,14,0,0,25,4,29,0,7,30,6,43,0,0,0,43
09/12/2011,ABY,GA,ASO,ES,Federal Contract Tower,0,6,7,16,29,0,0,25,4,29,0,6,32,20,58,50,16,66,124
09/13/2011,ABY,GA,ASO,ES,Federal Contract Tower,0,6,10,10,26,0,0,30,0,30,0,6,40,10,56,24,0,24,80
09/14/2011,ABY,GA,ASO,ES,Federal Contract Tower,0,5,7,2,14,0,1,24,0,25,0,6,31,2,39,26,2,28,67
09/15/2011,ABY,GA,ASO,ES,Federal Contract Tower,0,6,4,2,12,0,0,22,0,22,0,6,26,2,34,18,0,18,52
09/16/2011,ABY,GA,ASO,ES,Federal Contract Tower,0,8,4,2,14,0,0,27,0,27,0,8,31,2,41,10,20,30,71
09/17/2011,ABY,GA,ASO,ES,Federal Contract Tower,0,2,12,0,14,0,0,12,0,12,0,2,24,0,26,6,0,6,32
09/18/2011,ABY,GA,ASO,ES,Federal Contract Tower,0,6,9,0,15,0,0,19,0,19,0,6,28,0,34,0,0,0,34
09/19/2011,ABY,GA,ASO,ES,Federal Contract Tower,0,6,5,0,11,0,0,28,0,28,0,6,33,0,39,30,0,30,69
09/20/2011,ABY,GA,ASO,ES,Federal Contract Tower,0,6,7,0,13,0,0,21,0,21,0,6,28,0,34,10,0,10,44
09/21/2011,ABY,GA,ASO,ES,Federal Contract Tower,0,6,11,0,17,0,0,24,0,24,0,6,35,0,41,0,0,0,41
09/22/2011,ABY,GA,ASO,ES,Federal Contract Tower,0,8,5,2,15,0,0,22,2,24,0,8,27,4,39,0,0,0,39
09/23/2011,ABY,GA,ASO,ES,Federal Contract Tower,0,6,27,6,39,0,0,8,0,8,0,6,35,6,47,2,0,2,49
09/24/2011,ABY,GA,ASO,ES,Federal Contract Tower,0,2,5,0,7,0,0,9,0,9,0,2,14,0,16,0,4,4,20
09/25/2011,ABY,GA,ASO,ES,Federal Contract Tower,0,4,13,0,17,0,0,12,0,12,0,4,25,0,29,6,0,6,35
09/26/2011,ABY,GA,ASO,ES,Federal Contract Tower,0,4,11,6,21,0,0,7,2,9,0,4,18,8,30,6,20,26,56
09/27/2011,ABY,GA,ASO,ES,Federal Contract Tower,0,6,19,2,27,0,0,40,2,42,0,6,59,4,69,38,20,58,127
09/28/2011,ABY,GA,ASO,ES,Federal Contract Tower,0,7,9,0,16,0,0,17,0,17,0,7,26,0,33,4,0,4,37
09/29/2011,ABY,GA,ASO,ES,Federal Contract Tower,0,6,16,6,28,0,0,16,3,19,0,6,32,9,47,0,4,4,51
09/30/2011,ABY,GA,ASO,ES,Federal Contract Tower,0,6,7,16,29,0,0,35,0,35,0,6,42,16,64,2,10,12,76
10/01/2011,ABY,GA,ASO,ES,Federal Contract Tower,0,2,6,7,15,0,0,15,1,16,0,2,21,8,31,4,16,20,51
10/02/2011,ABY,GA,ASO,ES,Federal Contract Tower,0,4,3,4,11,0,0,11,0,11,0,4,14,4,22,4,8,12,34
10/03/2011,ABY,GA,ASO,ES,Federal Contract Tower,0,6,13,8,27,0,0,19,5,24,0,6,32,13,51,16,6,22,73
10/04/2011,ABY,GA,ASO,ES,Federal Contract Tower,2,8,3,16,29,0,0,31,0,31,2,8,34,16,60,32,4,36,96
10/05/2011,ABY,GA,ASO,ES,Federal Contract Tower,0,6,16,6,28,0,0,24,2,26,0,6,40,8,54,12,4,16,70
10/06/2011,ABY,GA,ASO,ES,Federal Contract Tower,0,9,9,7,25,0,0,18,1,19,0,9,27,8,44,32,34,66,110
10/07/2011,ABY,GA,ASO,ES,Federal Contract Tower,0,12,10,0,22,0,0,34,0,34,0,12,44,0,56,0,0,0,56
10/08/2011,ABY,GA,ASO,ES,Federal Contract Tower,2,6,5,0,13,0,0,12,0,12,2,6,17,0,25,0,0,0,25
10/09/2011,ABY,GA,ASO,ES,Federal Contract Tower,0,8,8,0,16,0,0,1,0,1,0,8,9,0,17,0,0,0,17
10/10/2011,ABY,GA,ASO,ES,Federal Contract Tower,0,16,4,0,20,0,0,0,0,0,0,16,4,0,20,0,0,0,20
10/11/2011,ABY,GA,ASO,ES,Federal Contract Tower,1,8,8,3,20,0,0,0,0,0,1,8,8,3,20,0,0,0,20
10/12/2011,ABY,GA,ASO,ES,Federal Contract Tower,6,8,16,0,30,0,0,4,0,4,6,8,20,0,34,34,0,34,68
10/13/2011,ABY,GA,ASO,ES,Federal Contract Tower,6,13,14,0,33,0,0,21,0,21,6,13,35,0,54,6,0,6,60
10/14/2011,ABY,GA,ASO,ES,Federal Contract Tower,2,11,20,8,41,0,0,24,1,25,2,11,44,9,66,6,0,6,72
10/15/2011,ABY,GA,ASO,ES,Federal Contract Tower,0,2,11,0,13,0,0,22,4,26,0,2,33,4,39,16,0,16,55
10/16/2011,ABY,GA,ASO,ES,Federal Contract Tower,0,8,6,2,16,0,0,30,0,30,0,8,36,2,46,14,0,14,60
10/17/2011,ABY,GA,ASO,ES,Federal Contract Tower,0,9,9,2,20,0,0,18,2,20,0,9,27,4,40,0,16,16,56
10/18/2011,ABY,GA,ASO,ES,Federal Contract Tower,0,8,2,8,18,0,0,19,1,20,0,8,21,9,38,12,16,28,66
10/19/2011,ABY,GA,ASO,ES,Federal Contract Tower,0,6,9,0,15,0,0,8,4,12,0,6,17,4,27,4,0,4,31
10/20/2011,ABY,GA,ASO,ES,Federal Contract Tower,0,6,6,4,16,0,0,13,9,22,0,6,19,13,38,10,0,10,48
10/21/2011,ABY,GA,ASO,ES,Federal Contract Tower,0,11,6,7,24,0,0,35,1,36,0,11,41,8,60,26,10,36,96
10/22/2011,ABY,GA,ASO,ES,Federal Contract Tower,0,2,6,0,8,0,0,25,0,25,0,2,31,0,33,0,0,0,33
10/23/2011,ABY,GA,ASO,ES,Federal Contract Tower,0,2,2,1,5,0,0,28,0,28,0,2,30,1,33,12,0,12,45
10/24/2011,ABY,GA,ASO,ES,Federal Contract Tower,0,6,6,9,21,0,0,29,0,29,0,6,35,9,50,22,40,62,112
10/25/2011,ABY,GA,ASO,ES,Federal Contract Tower,0,8,9,23,40,0,0,26,2,28,0,8,35,25,68,52,36,88,156
10/26/2011,ABY,GA,ASO,ES,Federal Contract Tower,0,6,9,14,29,0,0,18,4,22,0,6,27,18,51,6,82,88,139
10/27/2011,ABY,GA,ASO,ES,Federal Contract Tower,0,7,17,2,26,0,0,24,0,24,0,7,41,2,50,0,52,52,102
10/28/2011,ABY,GA,ASO,ES,Federal Contract Tower,0,6,24,4,34,0,0,23,0,23,0,6,47,4,57,62,18,80,137
10/29/2011,ABY,GA,ASO,ES,Federal Contract Tower,0,2,4,0,6,0,0,8,0,8,0,2,12,0,14,0,0,0,14
10/30/2011,ABY,GA,ASO,ES,Federal Contract Tower,0,4,7,0,11,0,0,22,3,25,0,4,29,3,36,0,0,0,36
10/31/2011,ABY,GA,ASO,ES,Federal Contract Tower,0,8,7,2,17,0,0,23,2,25,0,8,30,4,42,40,18,58,100
11/01/2011,ABY,GA,ASO,ES,Federal Contract Tower,0,7,20,8,35,0,1,28,2,31,0,8,48,10,66,62,36,98,164
11/02/2011,ABY,GA,ASO,ES,Federal Contract Tower,0,8,12,4,24,0,0,17,1,18,0,8,29,5,42,0,24,24,66
11/03/2011,ABY,GA,ASO,ES,Federal Contract Tower,0,7,8,4,19,0,0,21,0,21,0,7,29,4,40,36,8,44,84
11/04/2011,ABY,GA,ASO,ES,Federal Contract Tower,0,7,12,10,29,0,0,26,0,26,0,7,38,10,55,40,24,64,119
11/05/2011,ABY,GA,ASO,ES,Federal Contract Tower,0,3,7,0,10,0,0,21,0,21,0,3,28,0,31,0,0,0,31
11/06/2011,ABY,GA,ASO,ES,Federal Contract Tower,0,7,5,2,14,0,0,23,0,23,0,7,28,2,37,0,0,0,37
11/07/2011,ABY,GA,ASO,ES,Federal Contract Tower,0,6,9,8,23,0,0,31,5,36,0,6,40,13,59,18,40,58,117
11/08/2011,ABY,GA,ASO,ES,Federal Contract Tower,0,8,14,0,22,0,0,29,0,29,0,8,43,0,51,20,0,20,71
11/09/2011,ABY,GA,ASO,ES,Federal Contract Tower,0,7,6,12,25,0,2,33,1,36,0,9,39,13,61,18,20,38,99
11/10/2011,ABY,GA,ASO,ES,Federal Contract Tower,0,7,12,0,19,0,0,12,0,12,0,7,24,0,31,0,0,0,31
11/11/2011,ABY,GA,ASO,ES,Federal Contract Tower,0,12,8,0,20,0,0,27,0,27,0,12,35,0,47,36,0,36,83
11/12/2011,ABY,GA,ASO,ES,Federal Contract Tower,0,4,9,0,13,0,0,21,0,21,0,4,30,0,34,12,0,12,46
11/13/2011,ABY,GA,ASO,ES,Federal Contract Tower,0,6,16,0,22,0,0,27,0,27,0,6,43,0,49,12,0,12,61
11/14/2011,ABY,GA,ASO,ES,Federal Contract Tower,0,9,16,16,41,0,0,33,0,33,0,9,49,16,74,56,32,88,162
11/15/2011,ABY,GA,ASO,ES,Federal Contract Tower,0,11,24,16,51,0,0,36,2,38,0,11,60,18,89,30,16,46,135
11/16/2011,ABY,GA,ASO,ES,Federal Contract Tower,0,19,17,0,36,0,0,6,0,6,0,19,23,0,42,10,0,10,52
11/17/2011,ABY,GA,ASO,ES,Federal Contract Tower,0,12,20,19,51,0,0,24,0,24,0,12,44,19,75,38,12,50,125
11/18/2011,ABY,GA,ASO,ES,Federal Contract Tower,0,8,21,4,33,0,0,26,2,28,0,8,47,6,61,4,0,4,65
11/19/2011,ABY,GA,ASO,ES,Federal Contract Tower,0,4,14,0,18,0,0,23,0,23,0,4,37,0,41,0,0,0,41
11/20/2011,ABY,GA,ASO,ES,Federal Contract Tower,0,5,11,0,16,0,0,4,0,4,0,5,15,0,20,0,0,0,20
11/21/2011,ABY,GA,ASO,ES,Federal Contract Tower,0,3,6,5,14,0,0,14,0,14,0,3,20,5,28,0,6,6,34
11/22/2011,ABY,GA,ASO,ES,Federal Contract Tower,0,12,11,0,23,0,0,20,0,20,0,12,31,0,43,48,0,48,91
11/23/2011,ABY,GA,ASO,ES,Federal Contract Tower,0,7,10,0,17,0,0,9,2,11,0,7,19,2,28,0,0,0,28
11/24/2011,ABY,GA,ASO,ES,Federal Contract Tower,0,2,3,0,5,0,0,7,0,7,0,2,10,0,12,6,0,6,18
11/25/2011,ABY,GA,ASO,ES,Federal Contract Tower,0,3,9,0,12,0,0,12,0,12,0,3,21,0,24,8,0,8,32
11/26/2011,ABY,GA,ASO,ES,Federal Contract Tower,0,5,8,0,13,0,0,10,0,10,0,5,18,0,23,0,0,0,23
11/27/2011,ABY,GA,ASO,ES,Federal Contract Tower,0,8,15,0,23,0,0,4,0,4,0,8,19,0,27,0,0,0,27
11/28/2011,ABY,GA,ASO,ES,Federal Contract Tower,0,3,16,2,21,0,0,12,0,12,0,3,28,2,33,0,30,30,63
11/29/2011,ABY,GA,ASO,ES,Federal Contract Tower,0,10,15,2,27,0,0,15,0,15,0,10,30,2,42,16,0,16,58
11/30/2011,ABY,GA,ASO,ES,Federal Contract Tower,0,6,13,6,25,0,0,11,2,13,0,6,24,8,38,6,8,14,52
12/01/2011,ABY,GA,ASO,ES,Federal Contract Tower,0,12,9,2,23,0,0,13,0,13,0,12,22,2,36,0,0,0,36
12/02/2011,ABY,GA,ASO,ES,Federal Contract Tower,0,8,14,4,26,0,0,35,0,35,0,8,49,4,61,8,0,8,69
12/03/2011,ABY,GA,ASO,ES,Federal Contract Tower,0,6,10,0,16,0,0,21,0,21,0,6,31,0,37,0,0,0,37
12/04/2011,ABY,GA,ASO,ES,Federal Contract Tower,0,15,12,0,27,0,0,25,0,25,0,15,37,0,52,0,0,0,52
12/05/2011,ABY,GA,ASO,ES,Federal Contract Tower,0,6,16,1,23,0,0,7,3,10,0,6,23,4,33,5,0,5,38
12/06/2011,ABY,GA,ASO,ES,Federal Contract Tower,0,11,18,6,35,0,11,0,0,11,0,22,18,6,46,0,0,0,46
12/07/2011,ABY,GA,ASO,ES,Federal Contract Tower,0,7,16,4,27,0,0,0,0,0,0,7,16,4,27,0,0,0,27
12/08/2011,ABY,GA,ASO,ES,Federal Contract Tower,0,9,20,5,34,0,0,20,3,23,0,9,40,8,57,24,42,66,123
12/09/2011,ABY,GA,ASO,ES,Federal Contract Tower,0,14,7,2,23,0,0,10,9,19,0,14,17,11,42,0,14,14,56
12/10/2011,ABY,GA,ASO,ES,Federal Contract Tower,0,5,7,0,12,0,0,18,0,18,0,5,25,0,30,10,0,10,40
12/11/2011,ABY,GA,ASO,ES,Federal Contract Tower,0,10,19,2,31,0,0,12,0,12,0,10,31,2,43,0,0,0,43
12/12/2011,ABY,GA,ASO,ES,Federal Contract Tower,0,13,20,0,33,0,0,3,0,3,0,13,23,0,36,18,0,18,54
12/13/2011,ABY,GA,ASO,ES,Federal Contract Tower,0,11,11,9,31,0,0,13,9,22,0,11,24,18,53,16,104,120,173
12/14/2011,ABY,GA,ASO,ES,Federal Contract Tower,0,11,11,0,22,0,0,14,0,14,0,11,25,0,36,24,4,28,64
12/15/2011,ABY,GA,ASO,ES,Federal Contract Tower,0,12,4,2,18,0,0,15,3,18,0,12,19,5,36,22,38,60,96
12/16/2011,ABY,GA,ASO,ES,Federal Contract Tower,1,10,8,10,29,0,0,19,2,21,1,10,27,12,50,2,8,10,60
12/17/2011,ABY,GA,ASO,ES,Federal Contract Tower,0,7,13,0,20,0,0,17,0,17,0,7,30,0,37,0,0,0,37
12/18/2011,ABY,GA,ASO,ES,Federal Contract Tower,0,3,11,0,14,0,0,23,0,23,0,3,34,0,37,6,0,6,43
12/19/2011,ABY,GA,ASO,ES,Federal Contract Tower,0,10,14,0,24,0,0,24,1,25,0,10,38,1,49,0,0,0,49
12/20/2011,ABY,GA,ASO,ES,Federal Contract Tower,0,9,18,30,57,0,0,3,4,7,0,9,21,34,64,0,40,40,104
12/21/2011,ABY,GA,ASO,ES,Federal Contract Tower,1,11,10,0,22,0,0,7,0,7,1,11,17,0,29,0,0,0,29
12/22/2011,ABY,GA,ASO,ES,Federal Contract Tower,1,7,6,2,16,0,0,14,0,14,1,7,20,2,30,18,2,20,50
12/23/2011,ABY,GA,ASO,ES,Federal Contract Tower,2,6,14,0,22,0,0,9,0,9,2,6,23,0,31,0,0,0,31
12/24/2011,ABY,GA,ASO,ES,Federal Contract Tower,0,3,7,0,10,0,0,8,0,8,0,3,15,0,18,0,0,0,18
12/25/2011,ABY,GA,ASO,ES,Federal Contract Tower,0,2,5,0,7,0,0,0,0,0,0,2,5,0,7,0,0,0,7
12/26/2011,ABY,GA,ASO,ES,Federal Contract Tower,0,7,15,0,22,0,0,10,0,10,0,7,25,0,32,0,0,0,32
12/27/2011,ABY,GA,ASO,ES,Federal Contract Tower,0,8,6,3,17,0,0,2,0,2,0,8,8,3,19,0,0,0,19
12/28/2011,ABY,GA,ASO,ES,Federal Contract Tower,0,7,8,3,18,0,0,23,2,25,0,7,31,5,43,22,6,28,71
12/29/2011,ABY,GA,ASO,ES,Federal Contract Tower,0,8,11,0,19,0,0,25,0,25,0,8,36,0,44,34,0,34,78
12/30/2011,ABY,GA,ASO,ES,Federal Contract Tower,0,8,7,0,15,0,0,6,0,6,0,8,13,0,21,0,0,0,21
12/31/2011,ABY,GA,ASO,ES,Federal Contract Tower,0,7,4,0,11,0,0,19,0,19,0,7,23,0,30,2,0,2,32
01/01/2012,ABY,GA,ASO,ES,Federal Contract Tower,0,3,2,0,5,0,0,19,0,19,0,3,21,0,24,0,0,0,24
01/02/2012,ABY,GA,ASO,ES,Federal Contract Tower,0,11,10,0,21,0,0,9,0,9,0,11,19,0,30,0,0,0,30
01/03/2012,ABY,GA,ASO,ES,Federal Contract Tower,0,6,4,0,10,0,0,7,0,7,0,6,11,0,17,0,0,0,17
01/04/2012,ABY,GA,ASO,ES,Federal Contract Tower,0,14,14,8,36,0,0,28,2,30,0,14,42,10,66,30,16,46,112
01/05/2012,ABY,GA,ASO,ES,Federal Contract Tower,0,14,9,12,35,0,0,24,2,26,0,14,33,14,61,20,50,70,131
01/06/2012,ABY,GA,ASO,ES,Federal Contract Tower,0,14,11,0,25,0,0,32,0,32,0,14,43,0,57,10,0,10,67
01/07/2012,ABY,GA,ASO,ES,Federal Contract Tower,0,4,10,0,14,0,0,14,0,14,0,4,24,0,28,36,0,36,64
01/08/2012,ABY,GA,ASO,ES,Federal Contract Tower,0,9,12,2,23,0,0,1,0,1,0,9,13,2,24,0,0,0,24
01/09/2012,ABY,GA,ASO,ES,Federal Contract Tower,0,6,10,1,17,0,0,7,1,8,0,6,17,2,25,32,14,46,71
01/10/2012,ABY,GA,ASO,ES,Federal Contract Tower,0,10,13,10,33,0,0,12,0,12,0,10,25,10,45,0,108,108,153
01/11/2012,ABY,GA,ASO,ES,Federal Contract Tower,0,11,6,4,21,0,0,10,0,10,0,11,16,4,31,0,20,20,51
01/12/2012,ABY,GA,ASO,ES,Federal Contract Tower,0,10,18,10,38,0,0,21,2,23,0,10,39,12,61,58,38,96,157
01/13/2012,ABY,GA,ASO,ES,Federal Contract Tower,0,11,14,4,29,0,0,27,0,27,0,11,41,4,56,30,4,34,90
01/14/2012,ABY,GA,ASO,ES,Federal Contract Tower,0,2,8,0,10,0,0,25,0,25,0,2,33,0,35,20,0,20,55
01/15/2012,ABY,GA,ASO,ES,Federal Contract Tower,0,11,17,0,28,0,0,24,0,24,0,11,41,0,52,12,0,12,64
01/16/2012,ABY,GA,ASO,ES,Federal Contract Tower,0,11,25,0,36,0,0,24,0,24,0,11,49,0,60,14,0,14,74
01/17/2012,ABY,GA,ASO,ES,Federal Contract Tower,0,9,22,12,43,0,0,12,0,12,0,9,34,12,55,0,30,30,85
01/18/2012,ABY,GA,ASO,ES,Federal Contract Tower,0,8,15,3,26,0,0,20,0,20,0,8,35,3,46,10,0,10,56
01/19/2012,ABY,GA,ASO,ES,Federal Contract Tower,0,10,19,4,33,0,2,19,0,21,0,12,38,4,54,6,24,30,84
01/20/2012,ABY,GA,ASO,ES,Federal Contract Tower,0,10,16,6,32,0,0,14,2,16,0,10,30,8,48,0,8,8,56
01/21/2012,ABY,GA,ASO,ES,Federal Contract Tower,0,6,12,4,22,0,0,7,0,7,0,6,19,4,29,0,0,0,29
01/22/2012,ABY,GA,ASO,ES,Federal Contract Tower,0,11,8,4,23,0,0,0,0,0,0,11,8,4,23,0,0,0,23
01/23/2012,ABY,GA,ASO,ES,Federal Contract Tower,0,9,11,3,23,0,0,16,2,18,0,9,27,5,41,0,20,20,61
01/24/2012,ABY,GA,ASO,ES,Federal Contract Tower,0,7,14,3,24,0,0,22,0,22,0,7,36,3,46,10,2,12,58
01/25/2012,ABY,GA,ASO,ES,Federal Contract Tower,0,16,15,1,32,0,0,25,0,25,0,16,40,1,57,36,38,74,131
01/26/2012,ABY,GA,ASO,ES,Federal Contract Tower,0,12,22,2,36,0,0,17,0,17,0,12,39,2,53,18,28,46,99
01/27/2012,ABY,GA,ASO,ES,Federal Contract Tower,0,8,12,0,20,0,0,20,1,21,0,8,32,1,41,0,0,0,41
01/28/2012,ABY,GA,ASO,ES,Federal Contract Tower,1,7,14,0,22,0,0,31,0,31,1,7,45,0,53,20,0,20,73
01/29/2012,ABY,GA,ASO,ES,Federal Contract Tower,0,8,7,0,15,0,0,30,0,30,0,8,37,0,45,20,0,20,65
01/30/2012,ABY,GA,ASO,ES,Federal Contract Tower,0,6,5,18,29,0,0,28,0,28,0,6,33,18,57,18,0,18,75
01/31/2012,ABY,GA,ASO,ES,Federal Contract Tower,0,6,17,19,42,0,0,40,0,40,0,6,57,19,82,36,12,48,130
02/01/2012,ABY,GA,ASO,ES,Federal Contract Tower,0,9,6,2,17,0,0,13,0,13,0,9,19,2,30,22,0,22,52
02/02/2012,ABY,GA,ASO,ES,Federal Contract Tower,0,11,18,18,47,0,0,10,0,10,0,11,28,18,57,42,26,68,125
02/03/2012,ABY,GA,ASO,ES,Federal Contract Tower,0,16,13,9,38,0,0,17,0,17,0,16,30,9,55,0,16,16,71
02/04/2012,ABY,GA,ASO,ES,Federal Contract Tower,0,5,9,2,16,0,0,28,0,28,0,5,37,2,44,12,10,22,66
02/05/2012,ABY,GA,ASO,ES,Federal Contract Tower,0,18,11,9,38,0,0,14,1,15,0,18,25,10,53,10,8,18,71
02/06/2012,ABY,GA,ASO,ES,Federal Contract Tower,0,6,12,9,27,0,0,10,3,13,0,6,22,12,40,0,12,12,52
02/07/2012,ABY,GA,ASO,ES,Federal Contract Tower,0,10,27,4,41,0,0,17,0,17,0,10,44,4,58,26,38,64,122
02/08/2012,ABY,GA,ASO,ES,Federal Contract Tower,0,11,20,0,31,0,0,11,0,11,0,11,31,0,42,6,0,6,48
02/09/2012,ABY,GA,ASO,ES,Federal Contract Tower,0,11,24,0,35,0,0,25,0,25,0,11,49,0,60,0,0,0,60
02/10/2012,ABY,GA,ASO,ES,Federal Contract Tower,0,14,9,11,34,0,0,21,0,21,0,14,30,11,55,0,32,32,87
02/11/2012,ABY,GA,ASO,ES,Federal Contract Tower,0,8,7,0,15,0,0,11,0,11,0,8,18,0,26,0,0,0,26
02/12/2012,ABY,GA,ASO,ES,Federal Contract Tower,0,12,13,0,25,0,0,23,2,25,0,12,36,2,50,24,0,24,74
02/13/2012,ABY,GA,ASO,ES,Federal Contract Tower,0,9,5,17,31,0,0,13,12,25,0,9,18,29,56,12,44,56,112
02/14/2012,ABY,GA,ASO,ES,Federal Contract Tower,2,11,18,5,36,0,0,10,0,10,2,11,28,5,46,8,2,10,56
02/15/2012,ABY,GA,ASO,ES,Federal Contract Tower,0,7,17,8,32,0,0,19,1,20,0,7,36,9,52,0,4,4,56
02/16/2012,ABY,GA,ASO,ES,Federal Contract Tower,0,13,9,0,22,0,0,0,0,0,0,13,9,0,22,2,0,2,24
02/17/2012,ABY,GA,ASO,ES,Federal Contract Tower,0,13,18,0,31,0,0,20,0,20,0,13,38,0,51,0,0,0,51
02/18/2012,ABY,GA,ASO,ES,Federal Contract Tower,0,6,5,2,13,0,0,1,0,1,0,6,6,2,14,0,0,0,14
02/19/2012,ABY,GA,ASO,ES,Federal Contract Tower,0,7,11,0,18,0,0,0,0,0,0,7,11,0,18,0,0,0,18
02/20/2012,ABY,GA,ASO,ES,Federal Contract Tower,0,12,16,0,28,0,0,17,0,17,0,12,33,0,45,32,0,32,77
02/21/2012,ABY,GA,ASO,ES,Federal Contract Tower,0,18,19,10,47,0,1,14,0,15,0,19,33,10,62,0,30,30,92
02/22/2012,ABY,GA,ASO,ES,Federal Contract Tower,0,10,17,2,29,0,0,16,0,16,0,10,33,2,45,8,20,28,73
02/23/2012,ABY,GA,ASO,ES,Federal Contract Tower,0,10,21,6,37,0,0,10,0,10,0,10,31,6,47,28,32,60,107
02/24/2012,ABY,GA,ASO,ES,Federal Contract Tower,0,16,4,2,22,0,0,0,0,0,0,16,4,2,22,0,24,24,46
02/25/2012,ABY,GA,ASO,ES,Federal Contract Tower,0,7,14,2,23,0,0,35,1,36,0,7,49,3,59,2,4,6,65
02/26/2012,ABY,GA,ASO,ES,Federal Contract Tower,0,15,14,0,29,0,0,17,0,17,0,15,31,0,46,22,0,22,68
02/27/2012,ABY,GA,ASO,ES,Federal Contract Tower,0,5,26,3,34,0,0,6,0,6,0,5,32,3,40,2,0,2,42
02/28/2012,ABY,GA,ASO,ES,Federal Contract Tower,1,18,13,4,36,0,0,7,0,7,1,18,20,4,43,14,30,44,87
02/29/2012,ABY,GA,ASO,ES,Federal Contract Tower,0,8,19,10,37,0,0,18,0,18,0,8,37,10,55,22,20,42,97
03/01/2012,ABY,GA,ASO,ES,Federal Contract Tower,0,21,20,3,44,0,0,15,0,15,0,21,35,3,59,0,42,42,101
03/02/2012,ABY,GA,ASO,ES,Federal Contract Tower,0,13,12,3,28,0,0,26,1,27,0,13,38,4,55,0,32,32,87
03/03/2012,ABY,GA,ASO,ES,Federal Contract Tower,0,3,6,0,9,0,0,0,0,0,0,3,6,0,9,0,0,0,9
03/04/2012,ABY,GA,ASO,ES,Federal Contract Tower,0,8,6,2,16,0,0,10,0,10,0,8,16,2,26,24,0,24,50
03/05/2012,ABY,GA,ASO,ES,Federal Contract Tower,0,6,11,2,19,0,0,32,1,33,0,6,43,3,52,4,12,16,68
03/06/2012,ABY,GA,ASO,ES,Federal Contract Tower,0,8,16,5,29,0,0,4,0,4,0,8,20,5,33,2,12,14,47
03/07/2012,ABY,GA,ASO,ES,Federal Contract Tower,0,9,10,2,21,0,1,11,1,13,0,10,21,3,34,0,10,10,44
03/08/2012,ABY,GA,ASO,ES,Federal Contract Tower,0,12,21,12,45,0,0,22,0,22,0,12,43,12,67,26,14,40,107
03/09/2012,ABY,GA,ASO,ES,Federal Contract Tower,0,6,15,9,30,0,0,5,4,9,0,6,20,13,39,8,28,36,75
03/10/2012,ABY,GA,ASO,ES,Federal Contract Tower,0,0,15,0,15,0,0,13,0,13,0,0,28,0,28,4,0,4,32
03/11/2012,ABY,GA,ASO,ES,Federal Contract Tower,0,6,7,4,17,0,0,9,0,9,0,6,16,4,26,0,28,28,54
03/12/2012,ABY,GA,ASO,ES,Federal Contract Tower,0,6,12,20,38,0,0,23,0,23,0,6,35,20,61,36,32,68,129
03/13/2012,ABY,GA,ASO,ES,Federal Contract Tower,0,6,10,13,29,0,0,14,2,16,0,6,24,15,45,10,42,52,97
03/14/2012,ABY,GA,ASO,ES,Federal Contract Tower,0,7,14,12,33,0,0,19,2,21,0,7,33,14,54,20,2,22,76
03/15/2012,ABY,GA,ASO,ES,Federal Contract Tower,0,6,16,10,32,0,0,20,2,22,0,6,36,12,54,0,0,0,54
03/16/2012,ABY,GA,ASO,ES,Federal Contract Tower,0,11,12,11,34,0,1,27,0,28,0,12,39,11,62,0,0,0,62
03/17/2012,ABY,GA,ASO,ES,Federal Contract Tower,0,2,13,0,15,0,0,17,0,17,0,2,30,0,32,4,0,4,36
03/18/2012,ABY,GA,ASO,ES,Federal Contract Tower,0,4,30,0,34,0,0,21,0,21,0,4,51,0,55,14,0,14,69
03/19/2012,ABY,GA,ASO,ES,Federal Contract Tower,0,8,4,4,16,0,0,28,0,28,0,8,32,4,44,0,8,8,52
03/20/2012,ABY,GA,ASO,ES,Federal Contract Tower,0,11,11,5,27,0,0,33,0,33,0,11,44,5,60,8,10,18,78
03/21/2012,ABY,GA,ASO,ES,Federal Contract Tower,0,8,14,0,22,0,0,19,0,19,0,8,33,0,41,0,0,0,41
03/22/2012,ABY,GA,ASO,ES,Federal Contract Tower,0,7,6,4,17,0,0,13,0,13,0,7,19,4,30,40,4,44,74
03/23/2012,ABY,GA,ASO,ES,Federal Contract Tower,0,10,18,0,28,0,0,14,0,14,0,10,32,0,42,10,0,10,52
03/24/2012,ABY,GA,ASO,ES,Federal Contract Tower,0,3,19,0,22,0,0,15,0,15,0,3,34,0,37,12,0,12,49
03/25/2012,ABY,GA,ASO,ES,Federal Contract Tower,0,5,10,4,19,0,0,14,0,14,0,5,24,4,33,6,4,10,43
03/26/2012,ABY,GA,ASO,ES,Federal Contract Tower,0,8,19,6,33,0,0,32,0,32,0,8,51,6,65,50,8,58,123
03/27/2012,ABY,GA,ASO,ES,Federal Contract Tower,0,8,13,6,27,0,0,37,0,37,0,8,50,6,64,82,6,88,152
03/28/2012,ABY,GA,ASO,ES,Federal Contract Tower,0,6,22,9,37,0,0,21,0,21,0,6,43,9,58,44,14,58,116
03/29/2012,ABY,GA,ASO,ES,Federal Contract Tower,0,7,15,4,26,0,0,27,0,27,0,7,42,4,53,42,12,54,107
03/30/2012,ABY,GA,ASO,ES,Federal Contract Tower,0,7,4,4,15,0,0,23,0,23,0,7,27,4,38,16,4,20,58
03/31/2012,ABY,GA,ASO,ES,Federal Contract Tower,0,3,7,0,10,0,0,9,0,9,0,3,16,0,19,0,0,0,19
04/01/2012,ABY,GA,ASO,ES,Federal Contract Tower,0,5,10,0,15,0,0,21,0,21,0,5,31,0,36,0,0,0,36
04/02/2012,ABY,GA,ASO,ES,Federal Contract Tower,0,9,10,12,31,0,0,27,2,29,0,9,37,14,60,6,22,28,88
04/03/2012,ABY,GA,ASO,ES,Federal Contract Tower,0,7,11,12,30,0,0,33,0,33,0,7,44,12,63,54,10,64,127
04/04/2012,ABY,GA,ASO,ES,Federal Contract Tower,0,5,11,11,27,0,0,15,2,17,0,5,26,13,44,42,0,42,86
04/05/2012,ABY,GA,ASO,ES,Federal Contract Tower,0,4,9,21,34,0,0,14,4,18,0,4,23,25,52,2,20,22,74
04/06/2012,ABY,GA,ASO,ES,Federal Contract Tower,0,6,11,9,26,0,0,6,0,6,0,6,17,9,32,2,6,8,40
04/07/2012,ABY,GA,ASO,ES,Federal Contract Tower,0,1,9,0,10,0,0,16,0,16,0,1,25,0,26,10,0,10,36
04/08/2012,ABY,GA,ASO,ES,Federal Contract Tower,0,2,1,0,3,0,0,26,0,26,0,2,27,0,29,0,0,0,29
04/09/2012,ABY,GA,ASO,ES,Federal Contract Tower,0,8,5,4,17,0,0,27,1,28,0,8,32,5,45,80,32,112,157
04/10/2012,ABY,GA,ASO,ES,Federal Contract Tower,0,8,7,7,22,0,0,34,2,36,0,8,41,9,58,64,52,116,174
04/11/2012,ABY,GA,ASO,ES,Federal Contract Tower,0,8,11,26,45,0,0,29,0,29,0,8,40,26,74,22,18,40,114
04/12/2012,ABY,GA,ASO,ES,Federal Contract Tower,0,12,7,20,39,0,1,36,7,44,0,13,43,27,83,24,14,38,121
04/13/2012,ABY,GA,ASO,ES,Federal Contract Tower,0,7,9,17,33,0,0,38,12,50,0,7,47,29,83,44,6,50,133
04/14/2012,ABY,GA,ASO,ES,Federal Contract Tower,0,1,3,7,11,0,0,20,0,20,0,1,23,7,31,14,6,20,51
04/15/2012,ABY,GA,ASO,ES,Federal Contract Tower,0,5,17,2,24,0,0,20,2,22,0,5,37,4,46,6,0,6,52
04/16/2012,ABY,GA,ASO,ES,Federal Contract Tower,0,9,10,0,19,0,0,27,2,29,0,9,37,2,48,14,0,14,62
04/17/2012,ABY,GA,ASO,ES,Federal Contract Tower,0,11,10,14,35,0,0,33,0,33,0,11,43,14,68,4,28,32,100
04/18/2012,ABY,GA,ASO,ES,Federal Contract Tower,0,6,6,0,12,0,0,0,0,0,0,6,6,0,12,0,0,0,12
04/19/2012,ABY,GA,ASO,ES,Federal Contract Tower,0,7,14,19,40,0,0,0,0,0,0,7,14,19,40,18,18,36,76
04/20/2012,ABY,GA,ASO,ES,Federal Contract Tower,0,8,10,0,18,0,0,18,0,18,0,8,28,0,36,50,0,50,86
04/21/2012,ABY,GA,ASO,ES,Federal Contract Tower,0,4,4,10,18,0,0,9,0,9,0,4,13,10,27,0,16,16,43
04/22/2012,ABY,GA,ASO,ES,Federal Contract Tower,0,4,2,2,8,0,1,7,0,8,0,5,9,2,16,0,0,0,16
04/23/2012,ABY,GA,ASO,ES,Federal Contract Tower,0,4,5,0,9,0,1,19,0,20,0,5,24,0,29,0,0,0,29
04/24/2012,ABY,GA,ASO,ES,Federal Contract Tower,0,7,5,8,20,0,0,27,0,27,0,7,32,8,47,15,22,37,84
04/25/2012,ABY,GA,ASO,ES,Federal Contract Tower,0,7,7,3,17,0,0,26,2,28,0,7,33,5,45,22,22,44,89
04/26/2012,ABY,GA,ASO,ES,Federal Contract Tower,0,5,8,1,14,0,1,10,1,12,0,6,18,2,26,8,10,18,44
04/27/2012,ABY,GA,ASO,ES,Federal Contract Tower,0,6,14,0,20,0,0,15,0,15,0,6,29,0,35,12,0,12,47
04/28/2012,ABY,GA,ASO,ES,Federal Contract Tower,0,1,13,2,16,0,0,22,1,23,0,1,35,3,39,0,0,0,39
04/29/2012,ABY,GA,ASO,ES,Federal Contract Tower,0,5,10,6,21,0,0,23,0,23,0,5,33,6,44,10,6,16,60
04/30/2012,ABY,GA,ASO,ES,Federal Contract Tower,0,8,6,2,16,0,0,35,0,35,0,8,41,2,51,16,0,16,67
05/01/2012,ABY,GA,ASO,ES,Federal Contract Tower,0,8,8,6,22,0,0,44,1,45,0,8,52,7,67,18,6,24,91
05/02/2012,ABY,GA,ASO,ES,Federal Contract Tower,0,6,9,9,24,0,0,29,0,29,0,6,38,9,53,0,0,0,53
05/03/2012,ABY,GA,ASO,ES,Federal Contract Tower,0,8,7,2,17,0,0,9,0,9,0,8,16,2,26,2,0,2,28
05/04/2012,ABY,GA,ASO,ES,Federal Contract Tower,0,7,9,0,16,0,0,10,0,10,0,7,19,0,26,10,0,10,36
05/05/2012,ABY,GA,ASO,ES,Federal Contract Tower,2,4,7,0,13,0,0,23,0,23,2,4,30,0,36,32,0,32,68
05/06/2012,ABY,GA,ASO,ES,Federal Contract Tower,0,6,10,2,18,0,0,11,0,11,0,6,21,2,29,24,0,24,53
05/07/2012,ABY,GA,ASO,ES,Federal Contract Tower,0,6,4,8,18,0,0,24,0,24,0,6,28,8,42,16,10,26,68
05/08/2012,ABY,GA,ASO,ES,Federal Contract Tower,0,11,8,8,27,0,0,2,0,2,0,11,10,8,29,0,0,0,29
05/09/2012,ABY,GA,ASO,ES,Federal Contract Tower,0,7,2,4,13,0,0,6,0,6,0,7,8,4,19,0,0,0,19
05/10/2012,ABY,GA,ASO,ES,Federal Contract Tower,0,8,25,8,41,0,0,34,1,35,0,8,59,9,76,18,50,68,144
05/11/2012,ABY,GA,ASO,ES,Federal Contract Tower,0,6,21,10,37,0,2,22,0,24,0,8,43,10,61,22,0,22,83
05/12/2012,ABY,GA,ASO,ES,Federal Contract Tower,0,3,4,0,7,0,0,11,0,11,0,3,15,0,18,4,0,4,22
05/13/2012,ABY,GA,ASO,ES,Federal Contract Tower,0,3,6,0,9,0,0,5,0,5,0,3,11,0,14,0,0,0,14
05/14/2012,ABY,GA,ASO,ES,Federal Contract Tower,0,7,13,0,20,0,23,12,0,35,0,30,25,0,55,50,0,50,105
05/15/2012,ABY,GA,ASO,ES,Federal Contract Tower,0,10,14,2,26,0,0,16,0,16,0,10,30,2,42,0,0,0,42
05/16/2012,ABY,GA,ASO,ES,Federal Contract Tower,0,7,8,0,15,0,0,14,0,14,0,7,22,0,29,12,0,12,41
05/17/2012,ABY,GA,ASO,ES,Federal Contract Tower,0,6,12,10,28,0,0,21,10,31,0,6,33,20,59,10,0,10,69
05/18/2012,ABY,GA,ASO,ES,Federal Contract Tower,0,7,15,4,26,0,0,15,1,16,0,7,30,5,42,18,0,18,60
05/19/2012,ABY,GA,ASO,ES,Federal Contract Tower,0,3,6,2,11,0,0,12,0,12,0,3,18,2,23,16,0,16,39
05/20/2012,ABY,GA,ASO,ES,Federal Contract Tower,0,3,18,0,21,0,0,24,0,24,0,3,42,0,45,0,0,0,45
05/21/2012,ABY,GA,ASO,ES,Federal Contract Tower,0,7,16,2,25,0,0,34,1,35,0,7,50,3,60,6,20,26,86
05/22/2012,ABY,GA,ASO,ES,Federal Contract Tower,0,7,9,0,16,0,0,24,0,24,0,7,33,0,40,0,0,0,40
05/23/2012,ABY,GA,ASO,ES,Federal Contract Tower,0,9,2,3,14,0,0,14,3,17,0,9,16,6,31,16,38,54,85
05/24/2012,ABY,GA,ASO,ES,Federal Contract Tower,0,6,13,0,19,0,0,14,0,14,0,6,27,0,33,14,16,30,63
05/25/2012,ABY,GA,ASO,ES,Federal Contract Tower,0,8,12,2,22,0,0,26,0,26,0,8,38,2,48,32,0,32,80
05/26/2012,ABY,GA,ASO,ES,Federal Contract Tower,0,4,3,0,7,0,0,25,0,25,0,4,28,0,32,14,0,14,46
05/27/2012,ABY,GA,ASO,ES,Federal Contract Tower,0,2,7,0,9,0,0,17,0,17,0,2,24,0,26,0,0,0,26
05/28/2012,ABY,GA,ASO,ES,Federal Contract Tower,0,2,0,0,2,0,0,2,0,2,0,2,2,0,4,0,0,0,4
05/29/2012,ABY,GA,ASO,ES,Federal Contract Tower,0,7,12,0,19,0,0,13,0,13,0,7,25,0,32,12,0,12,44
05/30/2012,ABY,GA,ASO,ES,Federal Contract Tower,0,8,12,2,22,0,0,19,0,19,0,8,31,2,41,0,8,8,49
05/31/2012,ABY,GA,ASO,ES,Federal Contract Tower,0,11,8,6,25,0,0,16,10,26,0,11,24,16,51,0,6,6,57
06/01/2012,ABY,GA,ASO,ES,Federal Contract Tower,0,6,7,1,14,0,0,13,0,13,0,6,20,1,27,0,0,0,27
06/02/2012,ABY,GA,ASO,ES,Federal Contract Tower,0,1,3,0,4,0,0,25,0,25,0,1,28,0,29,22,0,22,51
06/03/2012,ABY,GA,ASO,ES,Federal Contract Tower,0,4,6,2,12,0,0,25,0,25,0,4,31,2,37,14,0,14,51
06/04/2012,ABY,GA,ASO,ES,Federal Contract Tower,0,8,3,0,11,0,0,14,0,14,0,8,17,0,25,0,0,0,25
06/05/2012,ABY,GA,ASO,ES,Federal Contract Tower,0,7,9,1,17,0,0,17,0,17,0,7,26,1,34,24,26,50,84
06/06/2012,ABY,GA,ASO,ES,Federal Contract Tower,0,6,7,6,19,0,0,10,2,12,0,6,17,8,31,0,48,48,79
06/07/2012,ABY,GA,ASO,ES,Federal Contract Tower,0,10,6,10,26,0,0,8,0,8,0,10,14,10,34,0,16,16,50
06/08/2012,ABY,GA,ASO,ES,Federal Contract Tower,0,9,8,10,27,0,0,24,4,28,0,9,32,14,55,48,4,52,107
06/09/2012,ABY,GA,ASO,ES,Federal Contract Tower,0,4,2,0,6,0,0,9,0,9,0,4,11,0,15,4,0,4,19
06/10/2012,ABY,GA,ASO,ES,Federal Contract Tower,0,4,7,1,12,0,0,3,5,8,0,4,10,6,20,0,0,0,20
06/11/2012,ABY,GA,ASO,ES,Federal Contract Tower,0,8,4,2,14,0,0,5,0,5,0,8,9,2,19,0,0,0,19
06/12/2012,ABY,GA,ASO,ES,Federal Contract Tower,0,9,15,2,26,0,0,17,0,17,0,9,32,2,43,26,0,26,69
06/13/2012,ABY,GA,ASO,ES,Federal Contract Tower,0,6,9,2,17,0,0,24,4,28,0,6,33,6,45,0,0,0,45
06/14/2012,ABY,GA,ASO,ES,Federal Contract Tower,0,6,11,4,21,0,0,16,0,16,0,6,27,4,37,68,0,68,105
06/15/2012,ABY,GA,ASO,ES,Federal Contract Tower,0,7,8,10,25,0,0,12,1,13,0,7,20,11,38,22,26,48,86
06/16/2012,ABY,GA,ASO,ES,Federal Contract Tower,0,2,3,0,5,0,0,18,0,18,0,2,21,0,23,2,0,2,25
06/17/2012,ABY,GA,ASO,ES,Federal Contract Tower,0,4,7,0,11,0,0,5,0,5,0,4,12,0,16,0,0,0,16
06/18/2012,ABY,GA,ASO,ES,Federal Contract Tower,0,6,2,16,24,0,0,21,2,23,0,6,23,18,47,60,26,86,133
06/19/2012,ABY,GA,ASO,ES,Federal Contract Tower,0,6,10,17,33,0,0,14,0,14,0,6,24,17,47,64,42,106,153
06/20/2012,ABY,GA,ASO,ES,Federal Contract Tower,0,8,12,13,33,0,0,27,2,29,0,8,39,15,62,14,54,68,130
06/21/2012,ABY,GA,ASO,ES,Federal Contract Tower,0,11,8,2,21,0,0,17,0,17,0,11,25,2,38,14,0,14,52
06/22/2012,ABY,GA,ASO,ES,Federal Contract Tower,0,8,10,6,24,0,0,37,0,37,0,8,47,6,61,2,0,2,63
06/23/2012,ABY,GA,ASO,ES,Federal Contract Tower,0,2,4,3,9,0,0,12,0,12,0,2,16,3,21,6,6,12,33
06/24/2012,ABY,GA,ASO,ES,Federal Contract Tower,0,4,8,0,12,0,0,1,0,1,0,4,9,0,13,0,0,0,13
06/25/2012,ABY,GA,ASO,ES,Federal Contract Tower,0,6,3,0,9,0,0,4,0,4,0,6,7,0,13,6,0,6,19
06/26/2012,ABY,GA,ASO,ES,Federal Contract Tower,0,8,5,9,22,0,0,11,0,11,0,8,16,9,33,30,0,30,63
06/27/2012,ABY,GA,ASO,ES,Federal Contract Tower,0,7,6,13,26,0,0,22,2,24,0,7,28,15,50,0,24,24,74
06/28/2012,ABY,GA,ASO,ES,Federal Contract Tower,0,6,8,4,18,0,0,18,0,18,0,6,26,4,36,6,18,24,60
06/29/2012,ABY,GA,ASO,ES,Federal Contract Tower,0,7,8,4,19,0,2,20,1,23,0,9,28,5,42,8,8,16,58
06/30/2012,ABY,GA,ASO,ES,Federal Contract Tower,0,2,12,0,14,0,0,22,0,22,0,2,34,0,36,20,0,20,56
07/01/2012,ABY,GA,ASO,ES,Federal Contract Tower,0,6,5,0,11,0,0,17,0,17,0,6,22,0,28,0,0,0,28
07/02/2012,ABY,GA,ASO,ES,Federal Contract Tower,0,4,6,2,12,0,0,2,0,2,0,4,8,2,14,0,20,20,34
07/03/2012,ABY,GA,ASO,ES,Federal Contract Tower,0,3,6,0,9,0,1,11,0,12,0,4,17,0,21,4,0,4,25
07/04/2012,ABY,GA,ASO,ES,Federal Contract Tower,0,1,7,0,8,0,0,9,0,9,0,1,16,0,17,0,0,0,17
07/05/2012,ABY,GA,ASO,ES,Federal Contract Tower,0,7,2,2,11,0,0,17,0,17,0,7,19,2,28,16,10,26,54
07/06/2012,ABY,GA,ASO,ES,Federal Contract Tower,0,7,8,9,24,0,0,10,2,12,0,7,18,11,36,0,6,6,42
07/07/2012,ABY,GA,ASO,ES,Federal Contract Tower,0,2,2,0,4,0,0,20,0,20,0,2,22,0,24,0,0,0,24
07/08/2012,ABY,GA,ASO,ES,Federal Contract Tower,0,4,8,6,18,0,0,16,0,16,0,4,24,6,34,0,4,4,38
07/09/2012,ABY,GA,ASO,ES,Federal Contract Tower,0,6,8,4,18,0,0,15,0,15,0,6,23,4,33,22,16,38,71
07/10/2012,ABY,GA,ASO,ES,Federal Contract Tower,0,6,10,10,26,0,0,21,0,21,0,6,31,10,47,46,36,82,129
07/11/2012,ABY,GA,ASO,ES,Federal Contract Tower,0,8,9,2,19,0,0,10,0,10,0,8,19,2,29,0,6,6,35
07/12/2012,ABY,GA,ASO,ES,Federal Contract Tower,0,12,7,6,25,0,0,10,0,10,0,12,17,6,35,10,20,30,65
07/13/2012,ABY,GA,ASO,ES,Federal Contract Tower,0,7,17,4,28,0,0,15,0,15,0,7,32,4,43,6,0,6,49
07/14/2012,ABY,GA,ASO,ES,Federal Contract Tower,0,2,6,0,8,0,0,21,0,21,0,2,27,0,29,18,0,18,47
07/15/2012,ABY,GA,ASO,ES,Federal Contract Tower,0,4,6,2,12,0,0,14,0,14,0,4,20,2,26,16,0,16,42
07/16/2012,ABY,GA,ASO,ES,Federal Contract Tower,0,6,6,4,16,0,0,17,0,17,0,6,23,4,33,36,0,36,69
07/17/2012,ABY,GA,ASO,ES,Federal Contract Tower,0,6,9,2,17,0,0,17,12,29,0,6,26,14,46,6,24,30,76
07/18/2012,ABY,GA,ASO,ES,Federal Contract Tower,0,7,13,0,20,0,0,17,3,20,0,7,30,3,40,24,0,24,64
07/19/2012,ABY,GA,ASO,ES,Federal Contract Tower,0,6,6,8,20,0,0,25,0,25,0,6,31,8,45,20,2,22,67
07/20/2012,ABY,GA,ASO,ES,Federal Contract Tower,0,7,14,2,23,0,0,12,5,17,0,7,26,7,40,0,0,0,40
07/21/2012,ABY,GA,ASO,ES,Federal Contract Tower,0,3,8,0,11,0,0,15,0,15,0,3,23,0,26,0,0,0,26
07/22/2012,ABY,GA,ASO,ES,Federal Contract Tower,0,5,15,0,20,0,0,15,0,15,0,5,30,0,35,4,0,4,39
07/23/2012,ABY,GA,ASO,ES,Federal Contract Tower,0,6,8,1,15,0,0,25,0,25,0,6,33,1,40,24,4,28,68
07/24/2012,ABY,GA,ASO,ES,Federal Contract Tower,0,11,8,0,19,0,0,22,1,23,0,11,30,1,42,48,0,48,90
07/25/2012,ABY,GA,ASO,ES,Federal Contract Tower,0,6,4,0,10,0,0,18,0,18,0,6,22,0,28,40,0,40,68
07/26/2012,ABY,GA,ASO,ES,Federal Contract Tower,0,11,5,0,16,0,0,5,2,7,0,11,10,2,23,2,0,2,25
07/27/2012,ABY,GA,ASO,ES,Federal Contract Tower,0,7,4,0,11,0,0,1,0,1,0,7,5,0,12,0,0,0,12
07/28/2012,ABY,GA,ASO,ES,Federal Contract Tower,0,4,2,0,6,0,0,18,0,18,0,4,20,0,24,26,0,26,50
07/29/2012,ABY,GA,ASO,ES,Federal Contract Tower,0,4,2,0,6,0,0,16,0,16,0,4,18,0,22,26,0,26,48
07/30/2012,ABY,GA,ASO,ES,Federal Contract Tower,0,8,6,2,16,0,1,29,0,30,0,9,35,2,46,48,0,48,94
07/31/2012,ABY,GA,ASO,ES,Federal Contract Tower,0,9,7,2,18,0,0,10,1,11,0,9,17,3,29,40,20,60,89
08/01/2012,ABY,GA,ASO,ES,Federal Contract Tower,0,8,6,0,14,0,0,4,0,4,0,8,10,0,18,14,0,14,32
08/02/2012,ABY,GA,ASO,ES,Federal Contract Tower,0,7,5,0,12,0,0,6,0,6,0,7,11,0,18,40,0,40,58
08/03/2012,ABY,GA,ASO,ES,Federal Contract Tower,0,6,11,11,28,0,0,4,0,4,0,6,15,11,32,0,4,4,36
08/04/2012,ABY,GA,ASO,ES,Federal Contract Tower,0,4,5,0,9,0,0,14,0,14,0,4,19,0,23,10,0,10,33
08/05/2012,ABY,GA,ASO,ES,Federal Contract Tower,0,4,7,2,13,0,0,4,0,4,0,4,11,2,17,0,0,0,17
08/06/2012,ABY,GA,ASO,ES,Federal Contract Tower,0,6,8,3,17,0,0,13,1,14,0,6,21,4,31,0,74,74,105
08/07/2012,ABY,GA,ASO,ES,Federal Contract Tower,0,6,11,0,17,0,0,5,0,5,0,6,16,0,22,58,0,58,80
08/08/2012,ABY,GA,ASO,ES,Federal Contract Tower,0,6,6,2,14,0,0,11,0,11,0,6,17,2,25,0,0,0,25
08/09/2012,ABY,GA,ASO,ES,Federal Contract Tower,0,3,18,12,33,0,1,4,0,5,0,4,22,12,38,0,0,0,38
08/10/2012,ABY,GA,ASO,ES,Federal Contract Tower,0,6,6,4,16,0,0,10,2,12,0,6,16,6,28,0,6,6,34
08/11/2012,ABY,GA,ASO,ES,Federal Contract Tower,1,3,4,0,8,0,0,14,0,14,1,3,18,0,22,0,0,0,22
08/12/2012,ABY,GA,ASO,ES,Federal Contract Tower,0,5,8,0,13,0,0,10,2,12,0,5,18,2,25,0,0,0,25
08/13/2012,ABY,GA,ASO,ES,Federal Contract Tower,0,8,6,0,14,0,0,42,10,52,0,8,48,10,66,42,0,42,108
08/14/2012,ABY,GA,ASO,ES,Federal Contract Tower,0,10,11,3,24,0,0,17,0,17,0,10,28,3,41,32,6,38,79
08/15/2012,ABY,GA,ASO,ES,Federal Contract Tower,0,7,11,0,18,0,0,11,0,11,0,7,22,0,29,14,0,14,43
08/16/2012,ABY,GA,ASO,ES,Federal Contract Tower,0,9,18,0,27,0,0,23,0,23,0,9,41,0,50,4,0,4,54
08/17/2012,ABY,GA,ASO,ES,Federal Contract Tower,0,9,7,3,19,0,0,20,1,21,0,9,27,4,40,6,0,6,46
08/18/2012,ABY,GA,ASO,ES,Federal Contract Tower,0,1,1,0,2,0,0,12,0,12,0,1,13,0,14,18,0,18,32
08/19/2012,ABY,GA,ASO,ES,Federal Contract Tower,0,4,6,0,10,0,0,7,0,7,0,4,13,0,17,0,0,0,17
08/20/2012,ABY,GA,ASO,ES,Federal Contract Tower,0,6,4,4,14,0,0,16,0,16,0,6,20,4,30,12,0,12,42
08/21/2012,ABY,GA,ASO,ES,Federal Contract Tower,0,9,9,2,20,0,0,28,0,28,0,9,37,2,48,4,14,18,66
08/22/2012,ABY,GA,ASO,ES,Federal Contract Tower,0,6,6,0,12,0,0,5,0,5,0,6,11,0,17,4,0,4,21
08/23/2012,ABY,GA,ASO,ES,Federal Contract Tower,0,7,5,1,13,0,0,31,0,31,0,7,36,1,44,36,0,36,80
08/24/2012,ABY,GA,ASO,ES,Federal Contract Tower,0,7,23,4,34,0,0,27,0,27,0,7,50,4,61,30,10,40,101
08/25/2012,ABY,GA,ASO,ES,Federal Contract Tower,0,1,7,0,8,0,0,21,16,37,0,1,28,16,45,20,0,20,65
08/26/2012,ABY,GA,ASO,ES,Federal Contract Tower,0,4,2,0,6,0,0,16,0,16,0,4,18,0,22,4,0,4,26
08/27/2012,ABY,GA,ASO,ES,Federal Contract Tower,0,7,6,2,15,0,0,11,0,11,0,7,17,2,26,26,0,26,52
08/28/2012,ABY,GA,ASO,ES,Federal Contract Tower,0,6,1,0,7,0,0,9,0,9,0,6,10,0,16,0,0,0,16
08/29/2012,ABY,GA,ASO,ES,Federal Contract Tower,0,11,10,6,27,0,0,6,0,6,0,11,16,6,33,22,2,24,57
08/30/2012,ABY,GA,ASO,ES,Federal Contract Tower,0,7,10,0,17,0,0,25,0,25,0,7,35,0,42,96,0,96,138
08/31/2012,ABY,GA,ASO,ES,Federal Contract Tower,0,7,16,6,29,0,0,11,0,11,0,7,27,6,40,2,42,44,84
09/01/2012,ABY,GA,ASO,ES,Federal Contract Tower,0,7,15,6,28,0,0,11,0,11,0,7,26,6,39,2,42,44,83
09/02/2012,ABY,GA,ASO,ES,Federal Contract Tower,0,2,5,0,7,0,1,11,2,14,0,3,16,2,21,10,0,10,31
09/03/2012,ABY,GA,ASO,ES,Federal Contract Tower,0,4,10,0,14,0,0,18,0,18,0,4,28,0,32,42,0,42,74
09/04/2012,ABY,GA,ASO,ES,Federal Contract Tower,0,7,14,8,29,0,0,7,0,7,0,7,21,8,36,0,0,0,36
09/05/2012,ABY,GA,ASO,ES,Federal Contract Tower,0,6,16,1,23,0,0,17,1,18,0,6,33,2,41,68,40,108,149
09/06/2012,ABY,GA,ASO,ES,Federal Contract Tower,0,7,11,0,18,0,0,15,0,15,0,7,26,0,33,2,0,2,35
09/07/2012,ABY,GA,ASO,ES,Federal Contract Tower,0,7,8,6,21,0,0,20,2,22,0,7,28,8,43,14,0,14,57
09/08/2012,ABY,GA,ASO,ES,Federal Contract Tower,0,2,3,7,12,0,0,14,1,15,0,2,17,8,27,0,0,0,27
09/09/2012,ABY,GA,ASO,ES,Federal Contract Tower,0,4,3,0,7,0,0,9,0,9,0,4,12,0,16,10,0,10,26
09/10/2012,ABY,GA,ASO,ES,Federal Contract Tower,0,6,9,22,37,0,0,30,0,30,0,6,39,22,67,12,24,36,103
09/11/2012,ABY,GA,ASO,ES,Federal Contract Tower,0,7,10,2,19,0,0,26,0,26,0,7,36,2,45,14,0,14,59
09/12/2012,ABY,GA,ASO,ES,Federal Contract Tower,0,8,17,0,25,0,0,29,0,29,0,8,46,0,54,100,0,100,154
09/13/2012,ABY,GA,ASO,ES,Federal Contract Tower,0,8,3,0,11,0,0,19,0,19,0,8,22,0,30,78,0,78,108
09/14/2012,ABY,GA,ASO,ES,Federal Contract Tower,0,5,7,4,16,0,0,27,0,27,0,5,34,4,43,4,0,4,47
09/15/2012,ABY,GA,ASO,ES,Federal Contract Tower,0,2,5,0,7,0,0,22,0,22,0,2,27,0,29,4,0,4,33
09/16/2012,ABY,GA,ASO,ES,Federal Contract Tower,0,8,11,4,23,0,0,21,0,21,0,8,32,4,44,0,2,2,46
09/17/2012,ABY,GA,ASO,ES,Federal Contract Tower,0,7,12,15,34,0,0,27,5,32,0,7,39,20,66,32,38,70,136
09/18/2012,ABY,GA,ASO,ES,Federal Contract Tower,0,8,3,0,11,0,0,2,0,2,0,8,5,0,13,0,0,0,13
09/19/2012,ABY,GA,ASO,ES,Federal Contract Tower,0,6,8,8,22,0,0,28,0,28,0,6,36,8,50,38,8,46,96
09/20/2012,ABY,GA,ASO,ES,Federal Contract Tower,0,7,11,0,18,0,0,19,1,20,0,7,30,1,38,72,0,72,110
09/21/2012,ABY,GA,ASO,ES,Federal Contract Tower,0,10,9,4,23,0,0,18,3,21,0,10,27,7,44,24,0,24,68
09/22/2012,ABY,GA,ASO,ES,Federal Contract Tower,0,2,3,0,5,0,0,13,0,13,0,2,16,0,18,16,0,16,34
09/23/2012,ABY,GA,ASO,ES,Federal Contract Tower,0,4,3,0,7,0,0,13,4,17,0,4,16,4,24,78,0,78,102
09/24/2012,ABY,GA,ASO,ES,Federal Contract Tower,0,6,13,2,21,0,0,34,0,34,0,6,47,2,55,12,0,12,67
09/25/2012,ABY,GA,ASO,ES,Federal Contract Tower,0,6,6,10,22,0,0,20,0,20,0,6,26,10,42,18,12,30,72
09/26/2012,ABY,GA,ASO,ES,Federal Contract Tower,0,6,7,0,13,0,0,24,1,25,0,6,31,1,38,48,0,48,86
09/27/2012,ABY,GA,ASO,ES,Federal Contract Tower,0,7,8,0,15,0,0,27,0,27,0,7,35,0,42,2,0,2,44
09/28/2012,ABY,GA,ASO,ES,Federal Contract Tower,0,7,7,9,23,0,0,18,0,18,0,7,25,9,41,46,12,58,99
09/29/2012,ABY,GA,ASO,ES,Federal Contract Tower,0,2,3,0,5,0,0,12,0,12,0,2,15,0,17,38,0,38,55
09/30/2012,ABY,GA,ASO,ES,Federal Contract Tower,0,4,5,0,9,0,0,1,0,1,0,4,6,0,10,0,0,0,10
10/01/2012,ABY,GA,ASO,ES,Federal Contract Tower,0,8,7,4,19,0,0,12,0,12,0,8,19,4,31,36,0,36,67
10/02/2012,ABY,GA,ASO,ES,Federal Contract Tower,0,8,15,10,33,0,0,20,3,23,0,8,35,13,56,52,20,72,128
10/03/2012,ABY,GA,ASO,ES,Federal Contract Tower,0,10,16,2,28,0,1,27,0,28,0,11,43,2,56,22,0,22,78
10/04/2012,ABY,GA,ASO,ES,Federal Contract Tower,0,6,12,0,18,0,0,19,0,19,0,6,31,0,37,0,0,0,37
10/05/2012,ABY,GA,ASO,ES,Federal Contract Tower,0,5,11,0,16,0,2,12,2,16,0,7,23,2,32,16,0,16,48
10/06/2012,ABY,GA,ASO,ES,Federal Contract Tower,0,2,5,0,7,0,0,18,0,18,0,2,23,0,25,50,0,50,75
10/07/2012,ABY,GA,ASO,ES,Federal Contract Tower,0,4,3,0,7,0,0,30,2,32,0,4,33,2,39,32,0,32,71
10/08/2012,ABY,GA,ASO,ES,Federal Contract Tower,0,6,8,4,18,0,0,22,0,22,0,6,30,4,40,14,8,22,62
10/09/2012,ABY,GA,ASO,ES,Federal Contract Tower,0,7,13,1,21,0,0,13,0,13,0,7,26,1,34,32,0,32,66
10/10/2012,ABY,GA,ASO,ES,Federal Contract Tower,1,7,5,0,13,0,0,12,1,13,1,7,17,1,26,60,0,60,86
10/11/2012,ABY,GA,ASO,ES,Federal Contract Tower,0,8,8,0,16,0,0,20,0,20,0,8,28,0,36,44,0,44,80
10/12/2012,ABY,GA,ASO,ES,Federal Contract Tower,0,4,15,2,21,0,0,15,1,16,0,4,30,3,37,36,50,86,123
10/13/2012,ABY,GA,ASO,ES,Federal Contract Tower,0,2,7,0,9,0,0,18,0,18,0,2,25,0,27,26,0,26,53
10/14/2012,ABY,GA,ASO,ES,Federal Contract Tower,0,10,5,8,23,0,0,21,0,21,0,10,26,8,44,24,0,24,68
10/15/2012,ABY,GA,ASO,ES,Federal Contract Tower,0,7,9,0,16,0,0,19,0,19,0,7,28,0,35,30,0,30,65
10/16/2012,ABY,GA,ASO,ES,Federal Contract Tower,0,6,8,2,16,0,0,28,1,29,0,6,36,3,45,90,14,104,149
10/17/2012,ABY,GA,ASO,ES,Federal Contract Tower,0,6,5,4,15,0,0,21,0,21,0,6,26,4,36,38,26,64,100
10/18/2012,ABY,GA,ASO,ES,Federal Contract Tower,0,6,9,4,19,0,0,20,4,24,0,6,29,8,43,44,24,68,111
10/19/2012,ABY,GA,ASO,ES,Federal Contract Tower,0,8,8,15,31,0,0,30,11,41,0,8,38,26,72,50,22,72,144
10/20/2012,ABY,GA,ASO,ES,Federal Contract Tower,0,4,1,0,5,0,0,16,0,16,0,4,17,0,21,20,0,20,41
10/21/2012,ABY,GA,ASO,ES,Federal Contract Tower,0,4,4,6,14,0,0,12,4,16,0,4,16,10,30,0,0,0,30
10/22/2012,ABY,GA,ASO,ES,Federal Contract Tower,0,8,12,8,28,0,0,26,0,26,0,8,38,8,54,46,14,60,114
10/23/2012,ABY,GA,ASO,ES,Federal Contract Tower,0,6,10,0,16,0,0,34,2,36,0,6,44,2,52,60,0,60,112
10/24/2012,ABY,GA,ASO,ES,Federal Contract Tower,0,10,8,6,24,0,0,37,2,39,0,10,45,8,63,32,4,36,99
10/25/2012,ABY,GA,ASO,ES,Federal Contract Tower,0,8,13,0,21,0,2,29,0,31,0,10,42,0,52,50,0,50,102
10/26/2012,ABY,GA,ASO,ES,Federal Contract Tower,0,6,12,0,18,0,0,22,0,22,0,6,34,0,40,32,0,32,72
10/27/2012,ABY,GA,ASO,ES,Federal Contract Tower,0,4,9,0,13,0,0,23,0,23,0,4,32,0,36,0,0,0,36
10/28/2012,ABY,GA,ASO,ES,Federal Contract Tower,0,4,6,0,10,0,0,9,0,9,0,4,15,0,19,34,0,34,53
10/29/2012,ABY,GA,ASO,ES,Federal Contract Tower,0,6,7,2,15,0,0,15,0,15,0,6,22,2,30,0,0,0,30
10/30/2012,ABY,GA,ASO,ES,Federal Contract Tower,0,6,7,2,15,0,0,11,0,11,0,6,18,2,26,0,0,0,26
10/31/2012,ABY,GA,ASO,ES,Federal Contract Tower,0,6,10,2,18,0,0,18,0,18,0,6,28,2,36,0,2,2,38
11/01/2012,ABY,GA,ASO,ES,Federal Contract Tower,0,5,11,10,26,0,0,9,0,9,0,5,20,10,35,22,4,26,61
11/02/2012,ABY,GA,ASO,ES,Federal Contract Tower,0,11,11,1,23,0,0,20,0,20,0,11,31,1,43,4,0,4,47
11/03/2012,ABY,GA,ASO,ES,Federal Contract Tower,0,3,13,0,16,0,0,15,0,15,0,3,28,0,31,20,0,20,51
11/04/2012,ABY,GA,ASO,ES,Federal Contract Tower,0,5,12,13,30,0,0,10,1,11,0,5,22,14,41,12,0,12,53
11/05/2012,ABY,GA,ASO,ES,Federal Contract Tower,0,6,9,4,19,0,0,32,0,32,0,6,41,4,51,40,0,40,91
11/06/2012,ABY,GA,ASO,ES,Federal Contract Tower,0,8,6,5,19,0,0,12,1,13,0,8,18,6,32,0,0,0,32
11/07/2012,ABY,GA,ASO,ES,Federal Contract Tower,0,7,8,0,15,0,0,28,0,28,0,7,36,0,43,14,0,14,57
11/08/2012,ABY,GA,ASO,ES,Federal Contract Tower,0,8,9,6,23,0,0,39,0,39,0,8,48,6,62,30,8,38,100
11/09/2012,ABY,GA,ASO,ES,Federal Contract Tower,0,7,12,1,20,0,0,42,0,42,0,7,54,1,62,26,10,36,98
11/10/2012,ABY,GA,ASO,ES,Federal Contract Tower,0,5,1,0,6,0,0,32,0,32,0,5,33,0,38,20,0,20,58
11/11/2012,ABY,GA,ASO,ES,Federal Contract Tower,0,6,10,0,16,0,0,25,0,25,0,6,35,0,41,50,0,50,91
11/12/2012,ABY,GA,ASO,ES,Federal Contract Tower,0,12,7,0,19,0,0,19,0,19,0,12,26,0,38,28,0,28,66
11/13/2012,ABY,GA,ASO,ES,Federal Contract Tower,0,9,16,0,25,0,0,24,0,24,0,9,40,0,49,28,0,28,77
11/14/2012,ABY,GA,ASO,ES,Federal Contract Tower,0,5,13,0,18,0,0,0,0,0,0,5,13,0,18,2,0,2,20
11/15/2012,ABY,GA,ASO,ES,Federal Contract Tower,0,8,18,1,27,0,0,10,0,10,0,8,28,1,37,40,0,40,77
11/16/2012,ABY,GA,ASO,ES,Federal Contract Tower,0,10,29,0,39,0,0,21,0,21,0,10,50,0,60,34,0,34,94
11/17/2012,ABY,GA,ASO,ES,Federal Contract Tower,1,3,9,0,13,0,0,17,0,17,1,3,26,0,30,28,0,28,58
11/18/2012,ABY,GA,ASO,ES,Federal Contract Tower,0,5,15,2,22,0,0,17,2,19,0,5,32,4,41,6,0,6,47
11/19/2012,ABY,GA,ASO,ES,Federal Contract Tower,0,9,16,1,26,0,0,22,1,23,0,9,38,2,49,52,12,64,113
11/20/2012,ABY,GA,ASO,ES,Federal Contract Tower,0,10,14,2,26,0,0,33,2,35,0,10,47,4,61,34,74,108,169
11/21/2012,ABY,GA,ASO,ES,Federal Contract Tower,0,10,8,0,18,0,0,28,0,28,0,10,36,0,46,20,0,20,66
11/22/2012,ABY,GA,ASO,ES,Federal Contract Tower,0,1,2,0,3,0,0,9,0,9,0,1,11,0,12,0,0,0,12
11/23/2012,ABY,GA,ASO,ES,Federal Contract Tower,0,1,8,0,9,0,0,17,0,17,0,1,25,0,26,42,0,42,68
11/24/2012,ABY,GA,ASO,ES,Federal Contract Tower,0,4,9,0,13,0,0,21,0,21,0,4,30,0,34,48,0,48,82
11/25/2012,ABY,GA,ASO,ES,Federal Contract Tower,0,11,13,0,24,0,0,15,0,15,0,11,28,0,39,36,0,36,75
11/26/2012,ABY,GA,ASO,ES,Federal Contract Tower,0,10,4,6,20,0,0,17,1,18,0,10,21,7,38,68,24,92,130
11/27/2012,ABY,GA,ASO,ES,Federal Contract Tower,0,12,11,0,23,0,0,4,0,4,0,12,15,0,27,52,0,52,79
11/28/2012,ABY,GA,ASO,ES,Federal Contract Tower,0,11,10,0,21,0,0,22,1,23,0,11,32,1,44,52,30,82,126
11/29/2012,ABY,GA,ASO,ES,Federal Contract Tower,0,8,17,2,27,0,0,37,2,39,0,8,54,4,66,42,80,122,188
11/30/2012,ABY,GA,ASO,ES,Federal Contract Tower,0,7,10,5,22,0,0,29,0,29,0,7,39,5,51,44,0,44,95
12/01/2012,ABY,GA,ASO,ES,Federal Contract Tower,0,5,11,0,16,0,0,18,0,18,0,5,29,0,34,0,0,0,34
12/02/2012,ABY,GA,ASO,ES,Federal Contract Tower,0,7,10,0,17,0,0,16,0,16,0,7,26,0,33,22,0,22,55
12/03/2012,ABY,GA,ASO,ES,Federal Contract Tower,0,6,10,0,16,0,0,18,6,24,0,6,28,6,40,28,0,28,68
12/04/2012,ABY,GA,ASO,ES,Federal Contract Tower,0,11,15,3,29,0,0,29,0,29,0,11,44,3,58,38,2,40,98
12/05/2012,ABY,GA,ASO,ES,Federal Contract Tower,0,7,13,16,36,0,0,28,0,28,0,7,41,16,64,46,8,54,118
12/06/2012,ABY,GA,ASO,ES,Federal Contract Tower,0,13,12,6,31,0,0,29,0,29,0,13,41,6,60,10,12,22,82
12/07/2012,ABY,GA,ASO,ES,Federal Contract Tower,0,10,21,0,31,0,0,22,0,22,0,10,43,0,53,46,0,46,99
12/08/2012,ABY,GA,ASO,ES,Federal Contract Tower,0,5,10,0,15,0,0,4,0,4,0,5,14,0,19,0,0,0,19
12/09/2012,ABY,GA,ASO,ES,Federal Contract Tower,0,12,18,9,39,0,0,5,1,6,0,12,23,10,45,10,0,10,55
12/10/2012,ABY,GA,ASO,ES,Federal Contract Tower,0,6,11,0,17,0,0,13,0,13,0,6,24,0,30,32,0,32,62
12/11/2012,ABY,GA,ASO,ES,Federal Contract Tower,0,6,13,0,19,0,0,1,0,1,0,6,14,0,20,0,0,0,20
12/12/2012,ABY,GA,ASO,ES,Federal Contract Tower,0,11,17,0,28,0,0,0,0,0,0,11,17,0,28,0,0,0,28
12/13/2012,ABY,GA,ASO,ES,Federal Contract Tower,0,13,20,0,33,0,0,23,0,23,0,13,43,0,56,40,0,40,96
12/14/2012,ABY,GA,ASO,ES,Federal Contract Tower,0,9,21,2,32,0,0,16,0,16,0,9,37,2,48,30,0,30,78
12/15/2012,ABY,GA,ASO,ES,Federal Contract Tower,0,13,9,4,26,0,0,25,0,25,0,13,34,4,51,8,4,12,63
12/16/2012,ABY,GA,ASO,ES,Federal Contract Tower,0,11,10,0,21,0,0,15,0,15,0,11,25,0,36,0,0,0,36
12/17/2012,ABY,GA,ASO,ES,Federal Contract Tower,0,14,8,0,22,0,0,1,0,1,0,14,9,0,23,14,0,14,37
12/18/2012,ABY,GA,ASO,ES,Federal Contract Tower,0,11,15,4,30,0,0,29,0,29,0,11,44,4,59,0,8,8,67
12/19/2012,ABY,GA,ASO,ES,Federal Contract Tower,0,11,16,0,27,0,0,31,4,35,0,11,47,4,62,12,0,12,74
12/20/2012,ABY,GA,ASO,ES,Federal Contract Tower,0,11,6,0,17,0,0,13,0,13,0,11,19,0,30,4,0,4,34
12/21/2012,ABY,GA,ASO,ES,Federal Contract Tower,0,14,10,0,24,0,1,13,0,14,0,15,23,0,38,0,0,0,38
12/22/2012,ABY,GA,ASO,ES,Federal Contract Tower,2,12,16,0,30,0,0,23,0,23,2,12,39,0,53,0,0,0,53
12/23/2012,ABY,GA,ASO,ES,Federal Contract Tower,0,6,9,0,15,0,0,9,0,9,0,6,18,0,24,28,0,28,52
12/24/2012,ABY,GA,ASO,ES,Federal Contract Tower,0,7,1,0,8,0,0,0,0,0,0,7,1,0,8,12,0,12,20
12/25/2012,ABY,GA,ASO,ES,Federal Contract Tower,0,4,1,0,5,0,0,0,0,0,0,4,1,0,5,0,0,0,5
12/26/2012,ABY,GA,ASO,ES,Federal Contract Tower,0,7,9,0,16,0,0,1,0,1,0,7,10,0,17,0,0,0,17
12/27/2012,ABY,GA,ASO,ES,Federal Contract Tower,0,7,9,0,16,0,0,16,0,16,0,7,25,0,32,20,0,20,52
12/28/2012,ABY,GA,ASO,ES,Federal Contract Tower,0,13,19,0,32,0,0,23,0,23,0,13,42,0,55,28,0,28,83
12/29/2012,ABY,GA,ASO,ES,Federal Contract Tower,0,3,14,0,17,0,0,2,0,2,0,3,16,0,19,2,0,2,21
12/30/2012,ABY,GA,ASO,ES,Federal Contract Tower,0,4,12,0,16,0,0,15,0,15,0,4,27,0,31,0,0,0,31
12/31/2012,ABY,GA,ASO,ES,Federal Contract Tower,0,4,12,0,16,0,1,6,0,7,0,5,18,0,23,0,0,0,23
01/01/2013,ABY,GA,ASO,ES,Federal Contract Tower,0,5,11,0,16,0,0,18,0,18,0,5,29,0,34,0,0,0,34
01/02/2013,ABY,GA,ASO,ES,Federal Contract Tower,0,8,16,0,24,0,0,7,0,7,0,8,23,0,31,0,0,0,31
01/03/2013,ABY,GA,ASO,ES,Federal Contract Tower,0,8,8,0,16,0,0,6,0,6,0,8,14,0,22,2,0,2,24
01/04/2013,ABY,GA,ASO,ES,Federal Contract Tower,0,9,15,13,37,0,0,18,0,18,0,9,33,13,55,0,30,30,85
01/05/2013,ABY,GA,ASO,ES,Federal Contract Tower,2,8,6,0,16,0,0,15,0,15,2,8,21,0,31,2,0,2,33
01/06/2013,ABY,GA,ASO,ES,Federal Contract Tower,0,10,11,0,21,0,0,5,0,5,0,10,16,0,26,0,0,0,26
01/07/2013,ABY,GA,ASO,ES,Federal Contract Tower,0,8,11,5,24,0,0,17,0,17,0,8,28,5,41,26,18,44,85
01/08/2013,ABY,GA,ASO,ES,Federal Contract Tower,0,9,10,0,19,0,0,19,0,19,0,9,29,0,38,20,0,20,58
01/09/2013,ABY,GA,ASO,ES,Federal Contract Tower,0,14,23,4,41,0,0,9,0,9,0,14,32,4,50,0,0,0,50
01/10/2013,ABY,GA,ASO,ES,Federal Contract Tower,0,12,21,2,35,0,0,16,0,16,0,12,37,2,51,28,2,30,81
01/11/2013,ABY,GA,ASO,ES,Federal Contract Tower,0,12,14,3,29,0,10,24,0,34,0,22,38,3,63,38,0,38,101
01/12/2013,ABY,GA,ASO,ES,Federal Contract Tower,0,2,7,0,9,0,0,22,0,22,0,2,29,0,31,28,0,28,59
01/13/2013,ABY,GA,ASO,ES,Federal Contract Tower,0,19,13,2,34,0,0,7,0,7,0,19,20,2,41,0,0,0,41
01/14/2013,ABY,GA,ASO,ES,Federal Contract Tower,0,8,12,13,33,0,0,16,0,16,0,8,28,13,49,42,6,48,97
01/15/2013,ABY,GA,ASO,ES,Federal Contract Tower,0,9,23,2,34,0,0,16,2,18,0,9,39,4,52,50,6,56,108
01/16/2013,ABY,GA,ASO,ES,Federal Contract Tower,0,16,19,15,50,0,0,20,0,20,0,16,39,15,70,30,12,42,112
01/17/2013,ABY,GA,ASO,ES,Federal Contract Tower,0,4,21,2,27,0,0,8,0,8,0,4,29,2,35,16,18,34,69
01/18/2013,ABY,GA,ASO,ES,Federal Contract Tower,0,15,22,1,38,0,1,27,1,29,0,16,49,2,67,17,0,17,84
01/19/2013,ABY,GA,ASO,ES,Federal Contract Tower,0,5,17,0,22,0,0,28,0,28,0,5,45,0,50,10,0,10,60
01/20/2013,ABY,GA,ASO,ES,Federal Contract Tower,0,7,8,0,15,0,0,9,0,9,0,7,17,0,24,16,0,16,40
01/21/2013,ABY,GA,ASO,ES,Federal Contract Tower,0,19,8,0,27,0,0,20,0,20,0,19,28,0,47,34,0,34,81
01/22/2013,ABY,GA,ASO,ES,Federal Contract Tower,0,9,7,0,16,0,0,19,0,19,0,9,26,0,35,30,0,30,65
01/23/2013,ABY,GA,ASO,ES,Federal Contract Tower,0,10,22,0,32,0,0,29,0,29,0,10,51,0,61,66,2,68,129
01/24/2013,ABY,GA,ASO,ES,Federal Contract Tower,0,14,13,2,29,0,0,24,2,26,0,14,37,4,55,10,38,48,103
01/25/2013,ABY,GA,ASO,ES,Federal Contract Tower,0,11,7,2,20,0,0,25,0,25,0,11,32,2,45,26,0,26,71
01/26/2013,ABY,GA,ASO,ES,Federal Contract Tower,0,4,12,1,17,0,0,22,8,30,0,4,34,9,47,0,10,10,57
01/27/2013,ABY,GA,ASO,ES,Federal Contract Tower,0,12,14,0,26,0,0,8,0,8,0,12,22,0,34,0,0,0,34
01/28/2013,ABY,GA,ASO,ES,Federal Contract Tower,0,7,7,0,14,0,0,15,0,15,0,7,22,0,29,48,0,48,77
01/29/2013,ABY,GA,ASO,ES,Federal Contract Tower,0,9,25,0,34,0,0,22,0,22,0,9,47,0,56,48,0,48,104
01/30/2013,ABY,GA,ASO,ES,Federal Contract Tower,0,8,2,0,10,0,0,0,0,0,0,8,2,0,10,0,0,0,10
01/31/2013,ABY,GA,ASO,ES,Federal Contract Tower,0,10,9,2,21,0,0,35,0,35,0,10,44,2,56,50,0,50,106
02/01/2013,ABY,GA,ASO,ES,Federal Contract Tower,0,13,16,3,32,0,1,18,0,19,0,14,34,3,51,18,5,23,74
02/02/2013,ABY,GA,ASO,ES,Federal Contract Tower,1,2,12,0,15,0,0,19,0,19,1,2,31,0,34,4,0,4,38
02/03/2013,ABY,GA,ASO,ES,Federal Contract Tower,0,11,15,0,26,0,0,6,0,6,0,11,21,0,32,0,0,0,32
02/04/2013,ABY,GA,ASO,ES,Federal Contract Tower,0,7,21,12,40,0,0,18,0,18,0,7,39,12,58,12,38,50,108
02/05/2013,ABY,GA,ASO,ES,Federal Contract Tower,0,13,16,16,45,0,0,25,0,25,0,13,41,16,70,8,36,44,114
02/06/2013,ABY,GA,ASO,ES,Federal Contract Tower,1,12,19,2,34,0,1,26,0,27,1,13,45,2,61,46,0,46,107
02/07/2013,ABY,GA,ASO,ES,Federal Contract Tower,0,14,13,0,27,0,0,0,0,0,0,14,13,0,27,0,0,0,27
02/08/2013,ABY,GA,ASO,ES,Federal Contract Tower,0,15,24,3,42,0,0,10,0,10,0,15,34,3,52,26,12,38,90
02/09/2013,ABY,GA,ASO,ES,Federal Contract Tower,0,6,16,1,23,0,0,24,0,24,0,6,40,1,47,26,0,26,73
02/10/2013,ABY,GA,ASO,ES,Federal Contract Tower,0,13,12,0,25,0,0,10,0,10,0,13,22,0,35,12,0,12,47
02/11/2013,ABY,GA,ASO,ES,Federal Contract Tower,0,6,9,0,15,0,0,0,0,0,0,6,9,0,15,0,0,0,15
02/12/2013,ABY,GA,ASO,ES,Federal Contract Tower,2,13,8,0,23,0,0,0,0,0,2,13,8,0,23,14,0,14,37
02/13/2013,ABY,GA,ASO,ES,Federal Contract Tower,0,10,10,0,20,0,0,26,0,26,0,10,36,0,46,12,0,12,58
02/14/2013,ABY,GA,ASO,ES,Federal Contract Tower,0,13,13,7,33,0,0,23,0,23,0,13,36,7,56,44,8,52,108
02/15/2013,ABY,GA,ASO,ES,Federal Contract Tower,1,19,14,0,34,0,0,13,0,13,1,19,27,0,47,16,0,16,63
02/16/2013,ABY,GA,ASO,ES,Federal Contract Tower,0,3,2,0,5,0,0,0,0,0,0,3,2,0,5,0,0,0,5
02/17/2013,ABY,GA,ASO,ES,Federal Contract Tower,0,13,12,0,25,0,0,3,0,3,0,13,15,0,28,0,0,0,28
02/18/2013,ABY,GA,ASO,ES,Federal Contract Tower,0,12,12,2,26,0,0,20,0,20,0,12,32,2,46,70,0,70,116
02/19/2013,ABY,GA,ASO,ES,Federal Contract Tower,0,15,6,0,21,0,0,0,0,0,0,15,6,0,21,0,0,0,21
02/20/2013,ABY,GA,ASO,ES,Federal Contract Tower,0,14,26,8,48,0,0,28,4,32,0,14,54,12,80,10,6,16,96
02/21/2013,ABY,GA,ASO,ES,Federal Contract Tower,0,13,25,10,48,0,0,38,0,38,0,13,63,10,86,16,10,26,112
02/22/2013,ABY,GA,ASO,ES,Federal Contract Tower,0,11,9,0,20,0,0,0,0,0,0,11,9,0,20,0,0,0,20
02/23/2013,ABY,GA,ASO,ES,Federal Contract Tower,0,2,9,0,11,0,0,0,0,0,0,2,9,0,11,0,0,0,11
02/24/2013,ABY,GA,ASO,ES,Federal Contract Tower,0,17,24,0,41,0,0,11,0,11,0,17,35,0,52,0,0,0,52
02/25/2013,ABY,GA,ASO,ES,Federal Contract Tower,0,7,2,0,9,0,0,0,0,0,0,7,2,0,9,0,0,0,9
02/26/2013,ABY,GA,ASO,ES,Federal Contract Tower,0,14,16,4,34,0,1,18,2,21,0,15,34,6,55,54,18,72,127
02/27/2013,ABY,GA,ASO,ES,Federal Contract Tower,0,13,11,6,30,0,0,29,0,29,0,13,40,6,59,24,6,30,89
02/28/2013,ABY,GA,ASO,ES,Federal Contract Tower,0,16,19,4,39,0,0,27,2,29,0,16,46,6,68,50,46,96,164
03/01/2013,ABY,GA,ASO,ES,Federal Contract Tower,0,15,22,1,38,0,1,27,1,29,0,16,49,2,67,17,0,17,84
03/02/2013,ABY,GA,ASO,ES,Federal Contract Tower,0,8,6,0,14,0,0,10,0,10,0,8,16,0,24,0,0,0,24
03/03/2013,ABY,GA,ASO,ES,Federal Contract Tower,0,9,9,2,20,0,0,12,2,14,0,9,21,4,34,0,0,0,34
03/04/2013,ABY,GA,ASO,ES,Federal Contract Tower,0,7,2,2,11,0,0,24,1,25,0,7,26,3,36,68,0,68,104
03/05/2013,ABY,GA,ASO,ES,Federal Contract Tower,0,8,9,1,18,0,0,14,1,15,0,8,23,2,33,36,30,66,99
03/06/2013,ABY,GA,ASO,ES,Federal Contract Tower,0,8,16,0,24,0,1,17,0,18,0,9,33,0,42,0,0,0,42
03/07/2013,ABY,GA,ASO,ES,Federal Contract Tower,0,12,19,0,31,0,0,38,0,38,0,12,57,0,69,26,0,26,95
03/08/2013,ABY,GA,ASO,ES,Federal Contract Tower,0,7,14,6,27,0,0,34,2,36,0,7,48,8,63,60,6,66,129
03/09/2013,ABY,GA,ASO,ES,Federal Contract Tower,0,6,20,0,26,0,0,30,0,30,0,6,50,0,56,34,0,34,90
03/10/2013,ABY,GA,ASO,ES,Federal Contract Tower,0,6,11,1,18,0,0,18,0,18,0,6,29,1,36,10,0,10,46
03/11/2013,ABY,GA,ASO,ES,Federal Contract Tower,0,8,5,4,17,0,0,13,0,13,0,8,18,4,30,14,22,36,66
03/12/2013,ABY,GA,ASO,ES,Federal Contract Tower,0,14,16,7,37,0,0,25,0,25,0,14,41,7,62,52,4,56,118
03/13/2013,ABY,GA,ASO,ES,Federal Contract Tower,0,7,13,0,20,0,0,22,0,22,0,7,35,0,42,28,0,28,70
03/14/2013,ABY,GA,ASO,ES,Federal Contract Tower,0,8,9,1,18,0,0,27,5,32,0,8,36,6,50,44,0,44,94
03/15/2013,ABY,GA,ASO,ES,Federal Contract Tower,0,8,10,16,34,0,0,30,1,31,0,8,40,17,65,86,2,88,153
03/16/2013,ABY,GA,ASO,ES,Federal Contract Tower,0,4,10,0,14,0,0,15,0,15,0,4,25,0,29,30,0,30,59
03/17/2013,ABY,GA,ASO,ES,Federal Contract Tower,0,7,3,6,16,0,0,10,0,10,0,7,13,6,26,0,0,0,26
03/18/2013,ABY,GA,ASO,ES,Federal Contract Tower,0,5,9,2,16,0,0,3,0,3,0,5,12,2,19,0,0,0,19
03/19/2013,ABY,GA,ASO,ES,Federal Contract Tower,0,7,20,0,27,0,0,27,1,28,0,7,47,1,55,28,16,44,99
03/20/2013,ABY,GA,ASO,ES,Federal Contract Tower,0,7,9,2,18,0,0,27,0,27,0,7,36,2,45,32,2,34,79
03/21/2013,ABY,GA,ASO,ES,Federal Contract Tower,0,12,14,6,32,0,0,28,0,28,0,12,42,6,60,10,24,34,94
03/22/2013,ABY,GA,ASO,ES,Federal Contract Tower,0,11,13,3,27,0,0,19,0,19,0,11,32,3,46,29,3,32,78
03/23/2013,ABY,GA,ASO,ES,Federal Contract Tower,0,5,10,0,15,0,0,7,0,7,0,5,17,0,22,0,0,0,22
03/24/2013,ABY,GA,ASO,ES,Federal Contract Tower,0,9,12,1,22,0,0,2,0,2,0,9,14,1,24,0,0,0,24
03/25/2013,ABY,GA,ASO,ES,Federal Contract Tower,0,9,8,3,20,0,0,12,0,12,0,9,20,3,32,0,2,2,34
03/26/2013,ABY,GA,ASO,ES,Federal Contract Tower,0,8,11,0,19,0,0,21,0,21,0,8,32,0,40,54,0,54,94
03/27/2013,ABY,GA,ASO,ES,Federal Contract Tower,0,9,13,2,24,0,0,24,1,25,0,9,37,3,49,15,2,17,66
03/28/2013,ABY,GA,ASO,ES,Federal Contract Tower,0,9,25,4,38,0,1,31,0,32,0,10,56,4,70,38,4,42,112
03/29/2013,ABY,GA,ASO,ES,Federal Contract Tower,0,8,8,0,16,0,0,18,0,18,0,8,26,0,34,30,0,30,64
03/30/2013,ABY,GA,ASO,ES,Federal Contract Tower,0,6,5,0,11,0,0,14,0,14,0,6,19,0,25,6,0,6,31
03/31/2013,ABY,GA,ASO,ES,Federal Contract Tower,0,4,8,0,12,0,0,5,0,5,0,4,13,0,17,0,0,0,17
04/01/2013,ABY,GA,ASO,ES,Federal Contract Tower,0,6,13,0,19,0,0,13,0,13,0,6,26,0,32,6,0,6,38
04/02/2013,ABY,GA,ASO,ES,Federal Contract Tower,0,9,6,0,15,0,0,36,0,36,0,9,42,0,51,12,0,12,63
04/03/2013,ABY,GA,ASO,ES,Federal Contract Tower,0,5,7,0,12,0,0,21,0,21,0,5,28,0,33,10,0,10,43
04/04/2013,ABY,GA,ASO,ES,Federal Contract Tower,0,12,7,0,19,0,0,0,0,0,0,12,7,0,19,0,0,0,19
04/05/2013,ABY,GA,ASO,ES,Federal Contract Tower,0,8,6,0,14,0,0,20,0,20,0,8,26,0,34,0,0,0,34
04/06/2013,ABY,GA,ASO,ES,Federal Contract Tower,0,4,4,0,8,0,0,20,0,20,0,4,24,0,28,18,0,18,46
04/07/2013,ABY,GA,ASO,ES,Federal Contract Tower,0,9,9,0,18,0,0,20,0,20,0,9,29,0,38,0,0,0,38
04/08/2013,ABY,GA,ASO,ES,Federal Contract Tower,0,12,8,4,24,0,0,38,0,38,0,12,46,4,62,48,2,50,112
04/09/2013,ABY,GA,ASO,ES,Federal Contract Tower,0,7,3,0,10,0,0,16,10,26,0,7,19,10,36,18,14,32,68
04/10/2013,ABY,GA,ASO,ES,Federal Contract Tower,0,6,8,4,18,0,0,26,2,28,0,6,34,6,46,0,4,4,50
04/11/2013,ABY,GA,ASO,ES,Federal Contract Tower,1,7,12,0,20,0,0,23,0,23,1,7,35,0,43,38,0,38,81
04/12/2013,ABY,GA,ASO,ES,Federal Contract Tower,0,6,6,0,12,0,0,14,4,18,0,6,20,4,30,0,0,0,30
04/13/2013,ABY,GA,ASO,ES,Federal Contract Tower,0,6,6,0,12,0,0,21,0,21,0,6,27,0,33,6,0,6,39
04/14/2013,ABY,GA,ASO,ES,Federal Contract Tower,0,6,4,0,10,0,0,1,0,1,0,6,5,0,11,0,0,0,11
04/15/2013,ABY,GA,ASO,ES,Federal Contract Tower,0,11,9,5,25,0,0,20,4,24,0,11,29,9,49,48,10,58,107
04/16/2013,ABY,GA,ASO,ES,Federal Contract Tower,0,9,14,2,25,0,0,17,1,18,0,9,31,3,43,10,0,10,53
04/17/2013,ABY,GA,ASO,ES,Federal Contract Tower,0,8,9,6,23,0,0,29,0,29,0,8,38,6,52,56,0,56,108
04/18/2013,ABY,GA,ASO,ES,Federal Contract Tower,0,9,7,4,20,0,0,15,2,17,0,9,22,6,37,116,2,118,155
04/19/2013,ABY,GA,ASO,ES,Federal Contract Tower,0,6,5,0,11,0,0,8,0,8,0,6,13,0,19,0,0,0,19
04/20/2013,ABY,GA,ASO,ES,Federal Contract Tower,0,4,5,0,9,0,1,20,0,21,0,5,25,0,30,2,0,2,32
04/21/2013,ABY,GA,ASO,ES,Federal Contract Tower,0,7,3,0,10,0,0,17,0,17,0,7,20,0,27,0,0,0,27
04/22/2013,ABY,GA,ASO,ES,Federal Contract Tower,0,8,7,1,16,0,0,20,1,21,0,8,27,2,37,36,0,36,73
04/23/2013,ABY,GA,ASO,ES,Federal Contract Tower,0,8,4,2,14,0,0,37,2,39,0,8,41,4,53,44,0,44,97
04/24/2013,ABY,GA,ASO,ES,Federal Contract Tower,0,10,6,2,18,0,0,29,0,29,0,10,35,2,47,30,14,44,91
04/25/2013,ABY,GA,ASO,ES,Federal Contract Tower,0,9,6,0,15,0,0,30,0,30,0,9,36,0,45,44,0,44,89
04/26/2013,ABY,GA,ASO,ES,Federal Contract Tower,0,8,12,0,20,0,0,36,0,36,0,8,48,0,56,34,0,34,90
04/27/2013,ABY,GA,ASO,ES,Federal Contract Tower,0,4,4,2,10,0,0,17,0,17,0,4,21,2,27,0,0,0,27
04/28/2013,ABY,GA,ASO,ES,Federal Contract Tower,0,4,4,1,9,0,0,8,0,8,0,4,12,1,17,0,0,0,17
04/29/2013,ABY,GA,ASO,ES,Federal Contract Tower,0,7,6,0,13,0,0,18,0,18,0,7,24,0,31,0,0,0,31
04/30/2013,ABY,GA,ASO,ES,Federal Contract Tower,1,11,3,2,17,0,0,26,0,26,1,11,29,2,43,12,14,26,69
05/01/2013,ABY,GA,ASO,ES,Federal Contract Tower,0,9,3,2,14,0,0,18,0,18,0,9,21,2,32,0,26,26,58
05/02/2013,ABY,GA,ASO,ES,Federal Contract Tower,0,7,7,0,14,0,0,1,0,1,0,7,8,0,15,0,0,0,15
05/03/2013,ABY,GA,ASO,ES,Federal Contract Tower,0,8,7,3,18,0,0,2,0,2,0,8,9,3,20,0,0,0,20
05/04/2013,ABY,GA,ASO,ES,Federal Contract Tower,0,5,1,4,10,0,0,0,0,0,0,5,1,4,10,0,0,0,10
05/05/2013,ABY,GA,ASO,ES,Federal Contract Tower,0,6,7,4,17,0,0,21,0,21,0,6,28,4,38,0,0,0,38
05/06/2013,ABY,GA,ASO,ES,Federal Contract Tower,0,8,12,2,22,0,0,23,0,23,0,8,35,2,45,16,30,46,91
05/07/2013,ABY,GA,ASO,ES,Federal Contract Tower,0,5,15,0,20,0,0,22,0,22,0,5,37,0,42,6,0,6,48
05/08/2013,ABY,GA,ASO,ES,Federal Contract Tower,0,8,7,0,15,0,0,38,0,38,0,8,45,0,53,50,0,50,103
05/09/2013,ABY,GA,ASO,ES,Federal Contract Tower,0,8,0,2,10,0,0,34,0,34,0,8,34,2,44,10,0,10,54
05/10/2013,ABY,GA,ASO,ES,Federal Contract Tower,0,8,5,10,23,0,0,28,0,28,0,8,33,10,51,56,0,56,107
05/11/2013,ABY,GA,ASO,ES,Federal Contract Tower,0,5,1,0,6,0,0,13,0,13,0,5,14,0,19,30,0,30,49
05/12/2013,ABY,GA,ASO,ES,Federal Contract Tower,0,4,6,0,10,0,0,12,0,12,0,4,18,0,22,12,0,12,34
05/13/2013,ABY,GA,ASO,ES,Federal Contract Tower,0,6,14,0,20,0,0,24,2,26,0,6,38,2,46,38,16,54,100
05/14/2013,ABY,GA,ASO,ES,Federal Contract Tower,0,6,11,0,17,0,0,13,0,13,0,6,24,0,30,6,0,6,36
05/15/2013,ABY,GA,ASO,ES,Federal Contract Tower,0,7,15,0,22,0,0,28,2,30,0,7,43,2,52,28,0,28,80
05/16/2013,ABY,GA,ASO,ES,Federal Contract Tower,0,8,3,6,17,0,0,33,0,33,0,8,36,6,50,22,6,28,78
05/17/2013,ABY,GA,ASO,ES,Federal Contract Tower,0,10,7,0,17,0,0,32,2,34,0,10,39,2,51,36,20,56,107
05/18/2013,ABY,GA,ASO,ES,Federal Contract Tower,0,6,5,0,11,0,0,11,0,11,0,6,16,0,22,0,0,0,22
05/19/2013,ABY,GA,ASO,ES,Federal Contract Tower,0,6,4,0,10,0,0,27,0,27,0,6,31,0,37,0,0,0,37
05/20/2013,ABY,GA,ASO,ES,Federal Contract Tower,0,5,6,6,17,0,0,24,0,24,0,5,30,6,41,10,14,24,65
05/21/2013,ABY,GA,ASO,ES,Federal Contract Tower,0,9,5,0,14,0,0,33,0,33,0,9,38,0,47,28,0,28,75
05/22/2013,ABY,GA,ASO,ES,Federal Contract Tower,0,7,1,0,8,0,0,40,2,42,0,7,41,2,50,46,24,70,120
05/23/2013,ABY,GA,ASO,ES,Federal Contract Tower,0,7,11,0,18,0,0,28,2,30,0,7,39,2,48,6,16,22,70
05/24/2013,ABY,GA,ASO,ES,Federal Contract Tower,0,8,8,0,16,0,0,27,0,27,0,8,35,0,43,0,0,0,43
05/25/2013,ABY,GA,ASO,ES,Federal Contract Tower,0,5,4,1,10,0,0,12,0,12,0,5,16,1,22,6,0,6,28
05/26/2013,ABY,GA,ASO,ES,Federal Contract Tower,0,2,7,0,9,0,0,6,0,6,0,2,13,0,15,0,0,0,15
05/27/2013,ABY,GA,ASO,ES,Federal Contract Tower,0,3,2,0,5,0,0,10,0,10,0,3,12,0,15,0,0,0,15
05/28/2013,ABY,GA,ASO,ES,Federal Contract Tower,0,6,6,0,12,0,1,17,0,18,0,7,23,0,30,36,0,36,66
05/29/2013,ABY,GA,ASO,ES,Federal Contract Tower,0,16,8,0,24,0,0,24,0,24,0,16,32,0,48,10,0,10,58
05/30/2013,ABY,GA,ASO,ES,Federal Contract Tower,0,7,3,2,12,0,0,23,0,23,0,7,26,2,35,38,14,52,87
05/31/2013,ABY,GA,ASO,ES,Federal Contract Tower,0,7,5,0,12,0,0,24,0,24,0,7,29,0,36,44,0,44,80
06/01/2013,ABY,GA,ASO,ES,Federal Contract Tower,0,4,4,0,8,0,0,5,0,5,0,4,9,0,13,0,0,0,13
06/02/2013,ABY,GA,ASO,ES,Federal Contract Tower,0,2,5,5,12,0,0,12,0,12,0,2,17,5,24,0,2,2,26
06/03/2013,ABY,GA,ASO,ES,Federal Contract Tower,0,6,5,0,11,0,0,24,0,24,0,6,29,0,35,30,0,30,65
06/04/2013,ABY,GA,ASO,ES,Federal Contract Tower,0,9,5,8,22,0,0,28,0,28,0,9,33,8,50,16,26,42,92
06/05/2013,ABY,GA,ASO,ES,Federal Contract Tower,0,4,18,0,22,0,0,29,0,29,0,4,47,0,51,10,0,10,61
06/06/2013,ABY,GA,ASO,ES,Federal Contract Tower,0,8,4,4,16,0,0,2,0,2,0,8,6,4,18,0,6,6,24
06/07/2013,ABY,GA,ASO,ES,Federal Contract Tower,0,7,7,2,16,0,0,10,3,13,0,7,17,5,29,36,32,68,97
06/08/2013,ABY,GA,ASO,ES,Federal Contract Tower,0,4,5,1,10,0,0,6,0,6,0,4,11,1,16,14,0,14,30
06/09/2013,ABY,GA,ASO,ES,Federal Contract Tower,0,3,5,0,8,0,0,2,0,2,0,3,7,0,10,0,0,0,10
06/10/2013,ABY,GA,ASO,ES,Federal Contract Tower,0,6,8,4,18,0,0,15,0,15,0,6,23,4,33,34,0,34,67
06/11/2013,ABY,GA,ASO,ES,Federal Contract Tower,0,10,8,0,18,0,0,22,0,22,0,10,30,0,40,64,0,64,104
06/12/2013,ABY,GA,ASO,ES,Federal Contract Tower,0,12,8,5,25,0,0,23,0,23,0,12,31,5,48,16,42,58,106
06/13/2013,ABY,GA,ASO,ES,Federal Contract Tower,0,6,10,9,25,0,0,30,0,30,0,6,40,9,55,16,32,48,103
06/14/2013,ABY,GA,ASO,ES,Federal Contract Tower,0,8,13,6,27,0,0,35,0,35,0,8,48,6,62,34,0,34,96
06/15/2013,ABY,GA,ASO,ES,Federal Contract Tower,0,9,9,0,18,0,0,21,0,21,0,9,30,0,39,2,0,2,41
06/16/2013,ABY,GA,ASO,ES,Federal Contract Tower,0,7,2,0,9,0,0,13,0,13,0,7,15,0,22,0,0,0,22
06/17/2013,ABY,GA,ASO,ES,Federal Contract Tower,0,9,12,0,21,0,0,22,0,22,0,9,34,0,43,34,0,34,77
06/18/2013,ABY,GA,ASO,ES,Federal Contract Tower,0,8,10,0,18,0,0,20,0,20,0,8,30,0,38,36,0,36,74
06/19/2013,ABY,GA,ASO,ES,Federal Contract Tower,0,11,6,2,19,0,0,27,0,27,0,11,33,2,46,26,0,26,72
06/20/2013,ABY,GA,ASO,ES,Federal Contract Tower,0,9,11,0,20,0,0,18,0,18,0,9,29,0,38,54,0,54,92
06/21/2013,ABY,GA,ASO,ES,Federal Contract Tower,0,9,10,3,22,0,0,24,4,28,0,9,34,7,50,22,90,112,162
06/22/2013,ABY,GA,ASO,ES,Federal Contract Tower,0,4,3,1,8,0,0,7,0,7,0,4,10,1,15,14,0,14,29
06/23/2013,ABY,GA,ASO,ES,Federal Contract Tower,0,5,5,18,28,0,0,9,5,14,0,5,14,23,42,0,8,8,50
06/24/2013,ABY,GA,ASO,ES,Federal Contract Tower,2,8,2,0,12,0,0,11,0,11,2,8,13,0,23,0,0,0,23
06/25/2013,ABY,GA,ASO,ES,Federal Contract Tower,2,12,7,2,23,0,0,26,1,27,2,12,33,3,50,14,16,30,80
06/26/2013,ABY,GA,ASO,ES,Federal Contract Tower,0,12,5,2,19,0,0,33,0,33,0,12,38,2,52,18,0,18,70
06/27/2013,ABY,GA,ASO,ES,Federal Contract Tower,0,5,7,0,12,0,0,13,0,13,0,5,20,0,25,10,0,10,35
06/28/2013,ABY,GA,ASO,ES,Federal Contract Tower,0,5,7,0,12,0,0,3,2,5,0,5,10,2,17,32,0,32,49
06/29/2013,ABY,GA,ASO,ES,Federal Contract Tower,1,5,5,0,11,0,0,5,0,5,1,5,10,0,16,6,0,6,22
06/30/2013,ABY,GA,ASO,ES,Federal Contract Tower,0,3,3,0,6,0,0,3,0,3,0,3,6,0,9,0,0,0,9
07/01/2013,ABY,GA,ASO,ES,Federal Contract Tower,0,5,8,4,17,0,0,10,0,10,0,5,18,4,27,36,0,36,63
07/02/2013,ABY,GA,ASO,ES,Federal Contract Tower,0,5,8,2,15,0,1,13,0,14,0,6,21,2,29,0,0,0,29
07/03/2013,ABY,GA,ASO,ES,Federal Contract Tower,0,13,4,0,17,0,0,0,0,0,0,13,4,0,17,0,0,0,17
07/04/2013,ABY,GA,ASO,ES,Federal Contract Tower,0,4,0,0,4,0,0,0,0,0,0,4,0,0,4,0,0,0,4
07/05/2013,ABY,GA,ASO,ES,Federal Contract Tower,0,7,7,0,14,0,0,0,0,0,0,7,7,0,14,0,0,0,14
07/06/2013,ABY,GA,ASO,ES,Federal Contract Tower,0,7,3,1,11,0,0,5,0,5,0,7,8,1,16,4,0,4,20
07/07/2013,ABY,GA,ASO,ES,Federal Contract Tower,0,7,11,0,18,0,0,3,0,3,0,7,14,0,21,16,0,16,37
07/08/2013,ABY,GA,ASO,ES,Federal Contract Tower,0,10,3,1,14,0,0,28,0,28,0,10,31,1,42,60,0,60,102
07/09/2013,ABY,GA,ASO,ES,Federal Contract Tower,1,8,10,0,19,0,0,19,0,19,1,8,29,0,38,52,0,52,90
07/10/2013,ABY,GA,ASO,ES,Federal Contract Tower,0,8,3,1,12,0,0,20,8,28,0,8,23,9,40,4,10,14,54
07/11/2013,ABY,GA,ASO,ES,Federal Contract Tower,0,6,7,2,15,0,0,10,4,14,0,6,17,6,29,0,0,0,29
07/12/2013,ABY,GA,ASO,ES,Federal Contract Tower,0,9,6,10,25,0,0,13,0,13,0,9,19,10,38,32,22,54,92
07/13/2013,ABY,GA,ASO,ES,Federal Contract Tower,0,4,4,0,8,0,0,4,2,6,0,4,8,2,14,14,0,14,28
07/14/2013,ABY,GA,ASO,ES,Federal Contract Tower,0,4,1,2,7,0,0,6,0,6,0,4,7,2,13,8,0,8,21
07/15/2013,ABY,GA,ASO,ES,Federal Contract Tower,0,8,12,7,27,0,0,21,0,21,0,8,33,7,48,54,0,54,102
07/16/2013,ABY,GA,ASO,ES,Federal Contract Tower,0,9,8,0,17,0,0,25,0,25,0,9,33,0,42,62,0,62,104
07/17/2013,ABY,GA,ASO,ES,Federal Contract Tower,0,10,4,6,20,0,0,20,0,20,0,10,24,6,40,4,12,16,56
07/18/2013,ABY,GA,ASO,ES,Federal Contract Tower,0,9,9,0,18,0,0,30,0,30,0,9,39,0,48,58,20,78,126
07/19/2013,ABY,GA,ASO,ES,Federal Contract Tower,0,9,7,1,17,0,0,23,9,32,0,9,30,10,49,56,0,56,105
07/20/2013,ABY,GA,ASO,ES,Federal Contract Tower,0,5,7,0,12,0,0,0,0,0,0,5,7,0,12,0,0,0,12
07/21/2013,ABY,GA,ASO,ES,Federal Contract Tower,0,4,6,0,10,0,0,5,8,13,0,4,11,8,23,0,0,0,23
07/22/2013,ABY,GA,ASO,ES,Federal Contract Tower,0,4,7,0,11,0,0,1,0,1,0,4,8,0,12,0,0,0,12
07/23/2013,ABY,GA,ASO,ES,Federal Contract Tower,0,4,13,8,25,0,0,0,0,0,0,4,13,8,25,0,12,12,37
07/24/2013,ABY,GA,ASO,ES,Federal Contract Tower,0,10,16,0,26,0,0,1,0,1,0,10,17,0,27,32,0,32,59
07/25/2013,ABY,GA,ASO,ES,Federal Contract Tower,0,6,10,3,19,0,0,19,17,36,0,6,29,20,55,36,0,36,91
07/26/2013,ABY,GA,ASO,ES,Federal Contract Tower,0,6,10,2,18,0,0,27,2,29,0,6,37,4,47,26,4,30,77
07/27/2013,ABY,GA,ASO,ES,Federal Contract Tower,0,5,4,0,9,0,0,6,0,6,0,5,10,0,15,0,0,0,15
07/28/2013,ABY,GA,ASO,ES,Federal Contract Tower,0,5,5,0,10,0,0,7,0,7,0,5,12,0,17,0,0,0,17
07/29/2013,ABY,GA,ASO,ES,Federal Contract Tower,0,6,10,0,16,0,0,11,0,11,0,6,21,0,27,38,0,38,65
07/30/2013,ABY,GA,ASO,ES,Federal Contract Tower,0,10,4,6,20,0,0,12,0,12,0,10,16,6,32,34,4,38,70
07/31/2013,ABY,GA,ASO,ES,Federal Contract Tower,0,7,6,8,21,0,0,8,0,8,0,7,14,8,29,0,0,0,29
08/01/2013,ABY,GA,ASO,ES,Federal Contract Tower,0,6,6,0,12,0,0,14,2,16,0,6,20,2,28,10,0,10,38
08/02/2013,ABY,GA,ASO,ES,Federal Contract Tower,0,8,10,0,18,0,0,11,0,11,0,8,21,0,29,16,0,16,45
08/03/2013,ABY,GA,ASO,ES,Federal Contract Tower,0,5,2,4,11,0,0,5,0,5,0,5,7,4,16,0,0,0,16
08/04/2013,ABY,GA,ASO,ES,Federal Contract Tower,0,8,10,2,20,0,0,11,0,11,0,8,21,2,31,2,0,2,33
08/05/2013,ABY,GA,ASO,ES,Federal Contract Tower,0,6,12,2,20,0,0,28,0,28,0,6,40,2,48,58,0,58,106
08/06/2013,ABY,GA,ASO,ES,Federal Contract Tower,0,8,9,6,23,0,0,18,2,20,0,8,27,8,43,32,26,58,101
08/07/2013,ABY,GA,ASO,ES,Federal Contract Tower,0,6,13,0,19,0,0,14,0,14,0,6,27,0,33,38,0,38,71
08/08/2013,ABY,GA,ASO,ES,Federal Contract Tower,0,10,9,6,25,0,0,19,2,21,0,10,28,8,46,38,4,42,88
08/09/2013,ABY,GA,ASO,ES,Federal Contract Tower,0,6,14,0,20,0,0,19,0,19,0,6,33,0,39,6,0,6,45
08/10/2013,ABY,GA,ASO,ES,Federal Contract Tower,0,4,4,0,8,0,0,17,0,17,0,4,21,0,25,10,0,10,35
08/11/2013,ABY,GA,ASO,ES,Federal Contract Tower,0,4,2,0,6,0,0,8,0,8,0,4,10,0,14,2,0,2,16
08/12/2013,ABY,GA,ASO,ES,Federal Contract Tower,0,4,4,0,8,0,0,25,0,25,0,4,29,0,33,34,0,34,67
08/13/2013,ABY,GA,ASO,ES,Federal Contract Tower,0,8,5,0,13,0,0,21,0,21,0,8,26,0,34,30,0,30,64
08/14/2013,ABY,GA,ASO,ES,Federal Contract Tower,0,6,9,2,17,0,0,10,0,10,0,6,19,2,27,14,0,14,41
08/15/2013,ABY,GA,ASO,ES,Federal Contract Tower,0,8,11,0,19,0,0,10,0,10,0,8,21,0,29,0,0,0,29
08/16/2013,ABY,GA,ASO,ES,Federal Contract Tower,0,10,7,6,23,0,0,3,0,3,0,10,10,6,26,6,8,14,40
08/17/2013,ABY,GA,ASO,ES,Federal Contract Tower,0,6,1,4,11,0,0,0,0,0,0,6,1,4,11,0,0,0,11
08/18/2013,ABY,GA,ASO,ES,Federal Contract Tower,0,4,3,2,9,0,0,2,1,3,0,4,5,3,12,10,0,10,22
08/19/2013,ABY,GA,ASO,ES,Federal Contract Tower,0,9,14,4,27,0,0,17,0,17,0,9,31,4,44,18,38,56,100
08/20/2013,ABY,GA,ASO,ES,Federal Contract Tower,0,11,17,1,29,0,0,10,1,11,0,11,27,2,40,14,0,14,54
08/21/2013,ABY,GA,ASO,ES,Federal Contract Tower,0,8,9,0,17,0,0,16,0,16,0,8,25,0,33,2,0,2,35
08/22/2013,ABY,GA,ASO,ES,Federal Contract Tower,0,8,5,1,14,0,1,31,1,33,0,9,36,2,47,0,22,22,69
08/23/2013,ABY,GA,ASO,ES,Federal Contract Tower,0,7,15,11,33,0,0,27,0,27,0,7,42,11,60,22,36,58,118
08/24/2013,ABY,GA,ASO,ES,Federal Contract Tower,0,6,12,0,18,0,0,9,0,9,0,6,21,0,27,0,0,0,27
08/25/2013,ABY,GA,ASO,ES,Federal Contract Tower,0,6,1,0,7,0,0,12,0,12,0,6,13,0,19,0,0,0,19
08/26/2013,ABY,GA,ASO,ES,Federal Contract Tower,0,6,9,6,21,0,0,20,0,20,0,6,29,6,41,40,24,64,105
08/27/2013,ABY,GA,ASO,ES,Federal Contract Tower,0,7,8,10,25,0,0,22,0,22,0,7,30,10,47,32,0,32,79
08/28/2013,ABY,GA,ASO,ES,Federal Contract Tower,0,7,4,2,13,0,0,32,0,32,0,7,36,2,45,16,0,16,61
08/29/2013,ABY,GA,ASO,ES,Federal Contract Tower,0,8,8,2,18,0,0,23,3,26,0,8,31,5,44,19,3,22,66
08/30/2013,ABY,GA,ASO,ES,Federal Contract Tower,0,7,9,0,16,0,0,21,0,21,0,7,30,0,37,0,26,26,63
08/31/2013,ABY,GA,ASO,ES,Federal Contract Tower,0,1,2,0,3,0,0,3,0,3,0,1,5,0,6,0,0,0,6
09/01/2013,ABY,GA,ASO,ES,Federal Contract Tower,0,2,1,0,3,0,0,2,0,2,0,2,3,0,5,0,0,0,5
09/02/2013,ABY,GA,ASO,ES,Federal Contract Tower,0,3,10,0,13,0,0,14,0,14,0,3,24,0,27,12,0,12,39
09/03/2013,ABY,GA,ASO,ES,Federal Contract Tower,0,13,3,2,18,0,0,14,0,14,0,13,17,2,32,18,2,20,52
09/04/2013,ABY,GA,ASO,ES,Federal Contract Tower,0,9,6,4,19,0,0,38,0,38,0,9,44,4,57,104,6,110,167
09/05/2013,ABY,GA,ASO,ES,Federal Contract Tower,0,11,10,0,21,0,0,26,0,26,0,11,36,0,47,12,0,12,59
09/06/2013,ABY,GA,ASO,ES,Federal Contract Tower,0,9,4,3,16,0,0,29,1,30,0,9,33,4,46,6,0,6,52
09/07/2013,ABY,GA,ASO,ES,Federal Contract Tower,0,2,4,0,6,0,0,14,0,14,0,2,18,0,20,10,0,10,30
09/08/2013,ABY,GA,ASO,ES,Federal Contract Tower,0,4,3,0,7,0,0,27,2,29,0,4,30,2,36,10,0,10,46
09/09/2013,ABY,GA,ASO,ES,Federal Contract Tower,0,6,5,0,11,0,0,30,0,30,0,6,35,0,41,34,0,34,75
09/10/2013,ABY,GA,ASO,ES,Federal Contract Tower,0,5,14,4,23,0,0,34,0,34,0,5,48,4,57,26,4,30,87
09/11/2013,ABY,GA,ASO,ES,Federal Contract Tower,0,11,6,1,18,0,0,37,0,37,0,11,43,1,55,58,0,58,113
09/12/2013,ABY,GA,ASO,ES,Federal Contract Tower,0,9,9,4,22,0,0,39,0,39,0,9,48,4,61,32,0,32,93
09/13/2013,ABY,GA,ASO,ES,Federal Contract Tower,0,9,8,6,23,0,1,31,0,32,0,10,39,6,55,30,0,30,85
09/14/2013,ABY,GA,ASO,ES,Federal Contract Tower,0,7,3,1,11,0,0,19,0,19,0,7,22,1,30,2,0,2,32
09/15/2013,ABY,GA,ASO,ES,Federal Contract Tower,0,9,7,3,19,0,0,12,0,12,0,9,19,3,31,6,0,6,37
09/16/2013,ABY,GA,ASO,ES,Federal Contract Tower,0,8,6,0,14,0,0,13,0,13,0,8,19,0,27,76,40,116,143
09/17/2013,ABY,GA,ASO,ES,Federal Contract Tower,0,6,2,3,11,0,0,23,0,23,0,6,25,3,34,58,0,58,92
09/18/2013,ABY,GA,ASO,ES,Federal Contract Tower,0,6,1,0,7,0,0,24,0,24,0,6,25,0,31,28,0,28,59
09/19/2013,ABY,GA,ASO,ES,Federal Contract Tower,0,8,2,4,14,0,0,25,0,25,0,8,27,4,39,22,0,22,61
09/20/2013,ABY,GA,ASO,ES,Federal Contract Tower,0,7,5,0,12,0,0,26,0,26,0,7,31,0,38,14,0,14,52
09/21/2013,ABY,GA,ASO,ES,Federal Contract Tower,0,3,2,0,5,0,0,14,0,14,0,3,16,0,19,6,0,6,25
09/22/2013,ABY,GA,ASO,ES,Federal Contract Tower,0,6,4,4,14,0,0,0,0,0,0,6,4,4,14,0,2,2,16
09/23/2013,ABY,GA,ASO,ES,Federal Contract Tower,0,5,11,4,20,0,0,1,0,1,0,5,12,4,21,0,0,0,21
09/24/2013,ABY,GA,ASO,ES,Federal Contract Tower,0,9,16,6,31,0,0,10,0,10,0,9,26,6,41,36,78,114,155
09/25/2013,ABY,GA,ASO,ES,Federal Contract Tower,0,9,5,4,18,0,0,4,0,4,0,9,9,4,22,0,0,0,22
09/26/2013,ABY,GA,ASO,ES,Federal Contract Tower,0,8,6,2,16,0,0,28,1,29,0,8,34,3,45,19,3,22,67
09/27/2013,ABY,GA,ASO,ES,Federal Contract Tower,0,7,24,2,33,0,1,15,0,16,0,8,39,2,49,4,0,4,53
09/28/2013,ABY,GA,ASO,ES,Federal Contract Tower,0,2,8,4,14,0,0,16,0,16,0,2,24,4,30,8,18,26,56
09/29/2013,ABY,GA,ASO,ES,Federal Contract Tower,0,4,5,0,9,0,0,8,0,8,0,4,13,0,17,0,0,0,17
09/30/2013,ABY,GA,ASO,ES,Federal Contract Tower,0,4,8,0,12,0,0,12,0,12,0,4,20,0,24,4,0,4,28
10/01/2013,ABY,GA,ASO,ES,Federal Contract Tower,0,4,12,3,19,0,0,16,0,16,0,4,28,3,35,19,6,25,60
10/02/2013,ABY,GA,ASO,ES,Federal Contract Tower,0,7,9,2,18,0,0,28,0,28,0,7,37,2,46,12,0,12,58
10/03/2013,ABY,GA,ASO,ES,Federal Contract Tower,0,5,3,2,10,0,0,24,0,24,0,5,27,2,34,12,2,14,48
10/04/2013,ABY,GA,ASO,ES,Federal Contract Tower,0,8,9,0,17,0,0,19,0,19,0,8,28,0,36,14,0,14,50
10/05/2013,ABY,GA,ASO,ES,Federal Contract Tower,0,3,5,0,8,0,0,11,0,11,0,3,16,0,19,20,0,20,39
10/06/2013,ABY,GA,ASO,ES,Federal Contract Tower,0,4,1,0,5,0,0,7,0,7,0,4,8,0,12,6,0,6,18
10/07/2013,ABY,GA,ASO,ES,Federal Contract Tower,0,10,7,0,17,0,0,19,0,19,0,10,26,0,36,0,0,0,36
10/08/2013,ABY,GA,ASO,ES,Federal Contract Tower,0,11,9,4,24,0,0,20,0,20,0,11,29,4,44,22,0,22,66
10/09/2013,ABY,GA,ASO,ES,Federal Contract Tower,0,9,9,10,28,0,0,15,0,15,0,9,24,10,43,0,30,30,73
10/10/2013,ABY,GA,ASO,ES,Federal Contract Tower,0,9,7,0,16,0,0,37,0,37,0,9,44,0,53,24,0,24,77
10/11/2013,ABY,GA,ASO,ES,Federal Contract Tower,0,9,4,0,13,0,0,27,0,27,0,9,31,0,40,10,0,10,50
10/12/2013,ABY,GA,ASO,ES,Federal Contract Tower,0,3,10,0,13,0,0,22,0,22,0,3,32,0,35,24,0,24,59
10/13/2013,ABY,GA,ASO,ES,Federal Contract Tower,0,6,3,0,9,0,0,23,0,23,0,6,26,0,32,8,0,8,40
10/14/2013,ABY,GA,ASO,ES,Federal Contract Tower,0,9,8,2,19,0,0,18,0,18,0,9,26,2,37,34,0,34,71
10/15/2013,ABY,GA,ASO,ES,Federal Contract Tower,0,8,8,0,16,0,0,22,0,22,0,8,30,0,38,42,0,42,80
10/16/2013,ABY,GA,ASO,ES,Federal Contract Tower,0,7,5,10,22,0,0,27,0,27,0,7,32,10,49,28,18,46,95
10/17/2013,ABY,GA,ASO,ES,Federal Contract Tower,0,8,5,0,13,0,0,22,0,22,0,8,27,0,35,30,0,30,65
10/18/2013,ABY,GA,ASO,ES,Federal Contract Tower,0,9,13,0,22,0,0,13,0,13,0,9,26,0,35,0,0,0,35
10/19/2013,ABY,GA,ASO,ES,Federal Contract Tower,0,3,3,0,6,0,0,12,0,12,0,3,15,0,18,0,0,0,18
10/20/2013,ABY,GA,ASO,ES,Federal Contract Tower,0,5,3,3,11,0,0,21,0,21,0,5,24,3,32,6,4,10,42
10/21/2013,ABY,GA,ASO,ES,Federal Contract Tower,0,9,15,0,24,0,0,26,2,28,0,9,41,2,52,18,0,18,70
10/22/2013,ABY,GA,ASO,ES,Federal Contract Tower,0,6,5,0,11,0,0,5,0,5,0,6,10,0,16,0,0,0,16
10/23/2013,ABY,GA,ASO,ES,Federal Contract Tower,1,7,6,0,14,0,0,26,4,30,1,7,32,4,44,28,36,64,108
10/24/2013,ABY,GA,ASO,ES,Federal Contract Tower,0,7,10,7,24,0,0,47,0,47,0,7,57,7,71,32,12,44,115
10/25/2013,ABY,GA,ASO,ES,Federal Contract Tower,0,10,19,0,29,0,1,34,34,69,0,11,53,34,98,26,0,26,124
10/26/2013,ABY,GA,ASO,ES,Federal Contract Tower,0,4,6,0,10,0,0,15,4,19,0,4,21,4,29,0,0,0,29
10/27/2013,ABY,GA,ASO,ES,Federal Contract Tower,0,4,6,0,10,0,0,25,1,26,0,4,31,1,36,0,0,0,36
10/28/2013,ABY,GA,ASO,ES,Federal Contract Tower,0,6,3,0,9,0,0,26,5,31,0,6,29,5,40,12,4,16,56
10/29/2013,ABY,GA,ASO,ES,Federal Contract Tower,0,6,7,4,17,0,0,34,0,34,0,6,41,4,51,50,0,50,101
10/30/2013,ABY,GA,ASO,ES,Federal Contract Tower,0,11,20,8,39,0,0,25,0,25,0,11,45,8,64,10,12,22,86
10/31/2013,ABY,GA,ASO,ES,Federal Contract Tower,0,5,10,16,31,0,0,29,0,29,0,5,39,16,60,14,14,28,88
11/01/2013,ABY,GA,ASO,ES,Federal Contract Tower,0,7,7,2,16,0,0,17,0,17,0,7,24,2,33,10,0,10,43
11/02/2013,ABY,GA,ASO,ES,Federal Contract Tower,0,4,3,0,7,0,0,11,0,11,0,4,14,0,18,24,0,24,42
11/03/2013,ABY,GA,ASO,ES,Federal Contract Tower,0,5,12,4,21,0,0,29,4,33,0,5,41,8,54,28,0,28,82
11/04/2013,ABY,GA,ASO,ES,Federal Contract Tower,0,7,11,9,27,0,0,27,2,29,0,7,38,11,56,38,32,70,126
11/05/2013,ABY,GA,ASO,ES,Federal Contract Tower,0,10,9,6,25,0,0,20,0,20,0,10,29,6,45,8,30,38,83
11/06/2013,ABY,GA,ASO,ES,Federal Contract Tower,0,13,10,0,23,0,0,28,0,28,0,13,38,0,51,24,0,24,75
11/07/2013,ABY,GA,ASO,ES,Federal Contract Tower,0,12,12,2,26,0,0,35,0,35,0,12,47,2,61,46,0,46,107
11/08/2013,ABY,GA,ASO,ES,Federal Contract Tower,0,9,2,4,15,0,0,25,0,25,0,9,27,4,40,30,24,54,94
11/09/2013,ABY,GA,ASO,ES,Federal Contract Tower,0,6,6,0,12,0,0,22,0,22,0,6,28,0,34,28,0,28,62
11/10/2013,ABY,GA,ASO,ES,Federal Contract Tower,0,4,4,0,8,0,0,21,0,21,0,4,25,0,29,2,0,2,31
11/11/2013,ABY,GA,ASO,ES,Federal Contract Tower,0,10,12,0,22,0,0,38,0,38,0,10,50,0,60,40,0,40,100
11/12/2013,ABY,GA,ASO,ES,Federal Contract Tower,0,8,22,4,34,0,0,24,1,25,0,8,46,5,59,42,4,46,105
11/13/2013,ABY,GA,ASO,ES,Federal Contract Tower,0,7,6,3,16,0,0,22,37,59,0,7,28,40,75,36,42,78,153
11/14/2013,ABY,GA,ASO,ES,Federal Contract Tower,0,12,6,1,19,0,1,28,5,34,0,13,34,6,53,4,36,40,93
11/15/2013,ABY,GA,ASO,ES,Federal Contract Tower,0,15,16,6,37,0,0,20,0,20,0,15,36,6,57,42,0,42,99
11/16/2013,ABY,GA,ASO,ES,Federal Contract Tower,0,4,4,0,8,0,0,6,0,6,0,4,10,0,14,18,0,18,32
11/17/2013,ABY,GA,ASO,ES,Federal Contract Tower,0,11,13,0,24,0,0,0,0,0,0,11,13,0,24,6,0,6,30
11/18/2013,ABY,GA,ASO,ES,Federal Contract Tower,0,9,11,0,20,0,0,14,0,14,0,9,25,0,34,16,0,16,50
11/19/2013,ABY,GA,ASO,ES,Federal Contract Tower,0,6,14,14,34,0,0,16,0,16,0,6,30,14,50,0,16,16,66
11/20/2013,ABY,GA,ASO,ES,Federal Contract Tower,0,8,16,2,26,0,0,32,2,34,0,8,48,4,60,46,30,76,136
11/21/2013,ABY,GA,ASO,ES,Federal Contract Tower,0,7,17,4,28,0,0,27,0,27,0,7,44,4,55,34,0,34,89
11/22/2013,ABY,GA,ASO,ES,Federal Contract Tower,0,11,14,10,35,0,0,9,0,9,0,11,23,10,44,0,8,8,52
11/23/2013,ABY,GA,ASO,ES,Federal Contract Tower,0,14,8,4,26,0,0,0,0,0,0,14,8,4,26,0,0,0,26
11/24/2013,ABY,GA,ASO,ES,Federal Contract Tower,0,5,9,2,16,0,1,16,0,17,0,6,25,2,33,0,0,0,33
11/25/2013,ABY,GA,ASO,ES,Federal Contract Tower,0,5,18,11,34,0,0,13,0,13,0,5,31,11,47,16,48,64,111
11/26/2013,ABY,GA,ASO,ES,Federal Contract Tower,0,4,15,0,19,0,0,0,0,0,0,4,15,0,19,0,0,0,19
11/27/2013,ABY,GA,ASO,ES,Federal Contract Tower,0,11,8,0,19,0,0,6,0,6,0,11,14,0,25,0,0,0,25
11/28/2013,ABY,GA,ASO,ES,Federal Contract Tower,0,3,2,0,5,0,0,13,0,13,0,3,15,0,18,0,0,0,18
11/29/2013,ABY,GA,ASO,ES,Federal Contract Tower,0,4,6,0,10,0,0,13,0,13,0,4,19,0,23,0,0,0,23
11/30/2013,ABY,GA,ASO,ES,Federal Contract Tower,0,7,7,0,14,0,0,8,0,8,0,7,15,0,22,10,0,10,32
12/01/2013,ABY,GA,ASO,ES,Federal Contract Tower,0,12,12,0,24,0,0,11,0,11,0,12,23,0,35,0,0,0,35
12/02/2013,ABY,GA,ASO,ES,Federal Contract Tower,0,10,11,8,29,0,0,22,0,22,0,10,33,8,51,48,22,70,121
12/03/2013,ABY,GA,ASO,ES,Federal Contract Tower,0,14,21,10,45,0,0,14,0,14,0,14,35,10,59,26,14,40,99
12/04/2013,ABY,GA,ASO,ES,Federal Contract Tower,0,12,27,2,41,0,0,7,2,9,0,12,34,4,50,10,14,24,74
12/05/2013,ABY,GA,ASO,ES,Federal Contract Tower,0,13,23,2,38,0,0,9,2,11,0,13,32,4,49,10,0,10,59
12/06/2013,ABY,GA,ASO,ES,Federal Contract Tower,0,11,9,5,25,0,0,18,0,18,0,11,27,5,43,24,8,32,75
12/07/2013,ABY,GA,ASO,ES,Federal Contract Tower,0,2,11,0,13,0,0,0,0,0,0,2,11,0,13,0,0,0,13
12/08/2013,ABY,GA,ASO,ES,Federal Contract Tower,0,10,23,8,41,0,0,1,0,1,0,10,24,8,42,2,4,6,48
12/09/2013,ABY,GA,ASO,ES,Federal Contract Tower,0,10,11,0,21,0,0,5,0,5,0,10,16,0,26,0,0,0,26
12/10/2013,ABY,GA,ASO,ES,Federal Contract Tower,0,7,10,0,17,0,0,10,1,11,0,7,20,1,28,30,0,30,58
12/11/2013,ABY,GA,ASO,ES,Federal Contract Tower,0,8,13,0,21,0,0,26,5,31,0,8,39,5,52,10,28,38,90
12/12/2013,ABY,GA,ASO,ES,Federal Contract Tower,0,7,12,0,19,0,0,32,0,32,0,7,44,0,51,56,0,56,107
12/13/2013,ABY,GA,ASO,ES,Federal Contract Tower,0,13,19,2,34,0,0,30,1,31,0,13,49,3,65,16,50,66,131
12/14/2013,ABY,GA,ASO,ES,Federal Contract Tower,0,9,6,0,15,0,0,6,0,6,0,9,12,0,21,8,0,8,29
12/15/2013,ABY,GA,ASO,ES,Federal Contract Tower,0,14,10,0,24,0,0,12,0,12,0,14,22,0,36,22,0,22,58
12/16/2013,ABY,GA,ASO,ES,Federal Contract Tower,0,9,12,4,25,0,1,27,0,28,0,10,39,4,53,52,10,62,115
12/17/2013,ABY,GA,ASO,ES,Federal Contract Tower,0,14,24,2,40,0,1,38,0,39,0,15,62,2,79,12,0,12,91
12/18/2013,ABY,GA,ASO,ES,Federal Contract Tower,0,14,8,0,22,0,0,34,0,34,0,14,42,0,56,0,0,0,56
12/19/2013,ABY,GA,ASO,ES,Federal Contract Tower,0,11,14,2,27,0,0,37,2,39,0,11,51,4,66,20,6,26,92
12/20/2013,ABY,GA,ASO,ES,Federal Contract Tower,0,13,21,6,40,0,1,23,0,24,0,14,44,6,64,16,12,28,92
12/21/2013,ABY,GA,ASO,ES,Federal Contract Tower,0,10,9,0,19,0,1,16,0,17,0,11,25,0,36,0,0,0,36
12/22/2013,ABY,GA,ASO,ES,Federal Contract Tower,0,6,8,0,14,0,0,1,0,1,0,6,9,0,15,0,0,0,15
12/23/2013,ABY,GA,ASO,ES,Federal Contract Tower,0,6,3,0,9,0,0,0,0,0,0,6,3,0,9,0,0,0,9
12/24/2013,ABY,GA,ASO,ES,Federal Contract Tower,4,8,4,0,16,0,3,12,0,15,4,11,16,0,31,4,0,4,35
12/25/2013,ABY,GA,ASO,ES,Federal Contract Tower,0,4,3,0,7,0,0,0,0,0,0,4,3,0,7,0,0,0,7
12/26/2013,ABY,GA,ASO,ES,Federal Contract Tower,0,7,9,0,16,0,0,1,0,1,0,7,10,0,17,0,0,0,17
12/27/2013,ABY,GA,ASO,ES,Federal Contract Tower,0,10,8,0,18,0,2,20,0,22,0,12,28,0,40,0,0,0,40
12/28/2013,ABY,GA,ASO,ES,Federal Contract Tower,0,12,3,0,15,0,0,0,0,0,0,12,3,0,15,8,0,8,23
12/29/2013,ABY,GA,ASO,ES,Federal Contract Tower,0,5,12,0,17,0,0,0,0,0,0,5,12,0,17,0,0,0,17
12/30/2013,ABY,GA,ASO,ES,Federal Contract Tower,0,13,10,0,23,0,0,15,0,15,0,13,25,0,38,10,0,10,48
12/31/2013,ABY,GA,ASO,ES,Federal Contract Tower,0,12,10,0,22,0,0,7,0,7,0,12,17,0,29,12,0,12,41
01/01/2014,ABY,GA,ASO,ES,Federal Contract Tower,0,4,6,0,10,0,0,3,0,3,0,4,9,0,13,0,0,0,13
01/02/2014,ABY,GA,ASO,ES,Federal Contract Tower,0,14,11,0,25,0,0,0,0,0,0,14,11,0,25,0,0,0,25
01/03/2014,ABY,GA,ASO,ES,Federal Contract Tower,0,14,13,0,27,0,0,9,0,9,0,14,22,0,36,0,0,0,36
01/04/2014,ABY,GA,ASO,ES,Federal Contract Tower,0,5,14,0,19,0,0,23,0,23,0,5,37,0,42,38,0,38,80
01/05/2014,ABY,GA,ASO,ES,Federal Contract Tower,0,9,9,0,18,0,0,11,0,11,0,9,20,0,29,12,0,12,41
01/06/2014,ABY,GA,ASO,ES,Federal Contract Tower,0,8,7,0,15,0,0,9,0,9,0,8,16,0,24,0,0,0,24
01/07/2014,ABY,GA,ASO,ES,Federal Contract Tower,1,5,13,7,26,0,0,15,0,15,1,5,28,7,41,0,0,0,41
01/08/2014,ABY,GA,ASO,ES,Federal Contract Tower,0,10,8,3,21,0,1,15,1,17,0,11,23,4,38,24,16,40,78
01/09/2014,ABY,GA,ASO,ES,Federal Contract Tower,0,18,17,13,48,0,0,27,0,27,0,18,44,13,75,40,14,54,129
01/10/2014,ABY,GA,ASO,ES,Federal Contract Tower,1,21,11,0,33,0,0,0,0,0,1,21,11,0,33,0,0,0,33
01/11/2014,ABY,GA,ASO,ES,Federal Contract Tower,0,7,6,0,13,0,0,2,0,2,0,7,8,0,15,0,0,0,15
01/12/2014,ABY,GA,ASO,ES,Federal Contract Tower,0,14,21,1,36,0,0,7,0,7,0,14,28,1,43,0,0,0,43
01/13/2014,ABY,GA,ASO,ES,Federal Contract Tower,0,10,11,5,26,0,0,22,1,23,0,10,33,6,49,14,54,68,117
01/14/2014,ABY,GA,ASO,ES,Federal Contract Tower,0,17,9,4,30,0,0,18,2,20,0,17,27,6,50,4,52,56,106
01/15/2014,ABY,GA,ASO,ES,Federal Contract Tower,0,12,19,0,31,0,0,28,0,28,0,12,47,0,59,30,0,30,89
01/16/2014,ABY,GA,ASO,ES,Federal Contract Tower,0,10,17,0,27,0,0,24,0,24,0,10,41,0,51,8,0,8,59
01/17/2014,ABY,GA,ASO,ES,Federal Contract Tower,0,13,13,4,30,0,0,24,2,26,0,13,37,6,56,12,0,12,68
01/18/2014,ABY,GA,ASO,ES,Federal Contract Tower,0,6,6,0,12,0,0,29,0,29,0,6,35,0,41,10,0,10,51
01/19/2014,ABY,GA,ASO,ES,Federal Contract Tower,0,5,9,1,15,0,1,8,2,11,0,6,17,3,26,0,0,0,26
01/20/2014,ABY,GA,ASO,ES,Federal Contract Tower,0,11,16,0,27,0,0,29,0,29,0,11,45,0,56,32,0,32,88
01/21/2014,ABY,GA,ASO,ES,Federal Contract Tower,0,11,11,0,22,0,0,4,0,4,0,11,15,0,26,0,0,0,26
01/22/2014,ABY,GA,ASO,ES,Federal Contract Tower,0,10,23,0,33,0,0,28,0,28,0,10,51,0,61,4,0,4,65
01/23/2014,ABY,GA,ASO,ES,Federal Contract Tower,0,11,20,4,35,0,0,37,4,41,0,11,57,8,76,26,0,26,102
01/24/2014,ABY,GA,ASO,ES,Federal Contract Tower,0,7,19,2,28,0,1,32,2,35,0,8,51,4,63,44,0,44,107
01/25/2014,ABY,GA,ASO,ES,Federal Contract Tower,0,6,7,0,13,0,0,17,0,17,0,6,24,0,30,18,0,18,48
01/26/2014,ABY,GA,ASO,ES,Federal Contract Tower,0,6,34,0,40,0,0,18,0,18,0,6,52,0,58,2,0,2,60
01/27/2014,ABY,GA,ASO,ES,Federal Contract Tower,0,11,15,1,27,0,0,11,0,11,0,11,26,1,38,48,0,48,86
01/28/2014,ABY,GA,ASO,ES,Federal Contract Tower,0,11,4,0,15,0,0,4,0,4,0,11,8,0,19,0,0,0,19
01/29/2014,ABY,GA,ASO,ES,Federal Contract Tower,2,2,1,0,5,0,0,0,0,0,2,2,1,0,5,0,0,0,5
01/30/2014,ABY,GA,ASO,ES,Federal Contract Tower,0,11,12,1,24,0,1,18,6,25,0,12,30,7,49,14,48,62,111
01/31/2014,ABY,GA,ASO,ES,Federal Contract Tower,0,18,21,1,40,0,1,6,1,8,0,19,27,2,48,0,0,0,48
02/01/2014,ABY,GA,ASO,ES,Federal Contract Tower,0,12,7,0,19,0,0,0,0,0,0,12,7,0,19,0,0,0,19
02/02/2014,ABY,GA,ASO,ES,Federal Contract Tower,0,14,9,0,23,0,0,14,0,14,0,14,23,0,37,12,0,12,49
02/03/2014,ABY,GA,ASO,ES,Federal Contract Tower,0,4,10,0,14,0,0,0,0,0,0,4,10,0,14,0,0,0,14
02/04/2014,ABY,GA,ASO,ES,Federal Contract Tower,0,10,13,0,23,0,0,2,0,2,0,10,15,0,25,10,0,10,35
02/05/2014,ABY,GA,ASO,ES,Federal Contract Tower,1,12,27,1,41,0,0,15,4,19,1,12,42,5,60,14,2,16,76
02/06/2014,ABY,GA,ASO,ES,Federal Contract Tower,0,15,14,1,30,0,0,12,0,12,0,15,26,1,42,0,4,4,46
02/07/2014,ABY,GA,ASO,ES,Federal Contract Tower,0,13,8,0,21,0,0,28,5,33,0,13,36,5,54,16,18,34,88
02/08/2014,ABY,GA,ASO,ES,Federal Contract Tower,0,3,11,0,14,0,0,23,0,23,0,3,34,0,37,8,0,8,45
02/09/2014,ABY,GA,ASO,ES,Federal Contract Tower,0,8,12,3,23,0,0,33,1,34,0,8,45,4,57,20,2,22,79
02/10/2014,ABY,GA,ASO,ES,Federal Contract Tower,0,11,7,0,18,0,0,39,0,39,0,11,46,0,57,34,0,34,91
02/11/2014,ABY,GA,ASO,ES,Federal Contract Tower,0,6,21,0,27,0,0,2,0,2,0,6,23,0,29,12,0,12,41
02/12/2014,ABY,GA,ASO,ES,Federal Contract Tower,0,7,10,0,17,0,0,0,0,0,0,7,10,0,17,0,0,0,17
02/13/2014,ABY,GA,ASO,ES,Federal Contract Tower,0,6,12,0,18,0,0,11,2,13,0,6,23,2,31,10,4,14,45
02/14/2014,ABY,GA,ASO,ES,Federal Contract Tower,0,8,13,3,24,0,2,13,0,15,0,10,26,3,39,22,0,22,61
02/15/2014,ABY,GA,ASO,ES,Federal Contract Tower,0,2,10,0,12,0,0,18,0,18,0,2,28,0,30,10,0,10,40
02/16/2014,ABY,GA,ASO,ES,Federal Contract Tower,0,8,22,0,30,0,0,17,0,17,0,8,39,0,47,20,0,20,67
02/17/2014,ABY,GA,ASO,ES,Federal Contract Tower,0,26,12,0,38,0,1,24,0,25,0,27,36,0,63,18,0,18,81
02/18/2014,ABY,GA,ASO,ES,Federal Contract Tower,0,11,29,2,42,0,0,12,8,20,0,11,41,10,62,2,0,2,64
02/19/2014,ABY,GA,ASO,ES,Federal Contract Tower,0,16,13,2,31,0,0,17,9,26,0,16,30,11,57,66,10,76,133
02/20/2014,ABY,GA,ASO,ES,Federal Contract Tower,0,13,29,0,42,0,0,18,0,18,0,13,47,0,60,0,0,0,60
02/21/2014,ABY,GA,ASO,ES,Federal Contract Tower,1,16,10,2,29,0,1,22,0,23,1,17,32,2,52,28,0,28,80
02/22/2014,ABY,GA,ASO,ES,Federal Contract Tower,0,5,12,3,20,0,0,31,2,33,0,5,43,5,53,30,6,36,89
02/23/2014,ABY,GA,ASO,ES,Federal Contract Tower,0,11,22,0,33,0,1,3,0,4,0,12,25,0,37,0,0,0,37
02/24/2014,ABY,GA,ASO,ES,Federal Contract Tower,0,12,15,3,30,0,0,26,1,27,0,12,41,4,57,10,2,12,69
02/25/2014,ABY,GA,ASO,ES,Federal Contract Tower,0,16,16,0,32,0,0,23,0,23,0,16,39,0,55,18,0,18,73
02/26/2014,ABY,GA,ASO,ES,Federal Contract Tower,0,15,13,0,28,0,0,8,2,10,0,15,21,2,38,12,0,12,50
02/27/2014,ABY,GA,ASO,ES,Federal Contract Tower,0,20,19,1,40,0,0,32,1,33,0,20,51,2,73,23,0,23,96
02/28/2014,ABY,GA,ASO,ES,Federal Contract Tower,0,21,11,0,32,0,0,27,0,27,0,21,38,0,59,24,0,24,83
03/01/2014,ABY,GA,ASO,ES,Federal Contract Tower,0,12,11,0,23,0,0,21,0,21,0,12,32,0,44,18,0,18,62
03/02/2014,ABY,GA,ASO,ES,Federal Contract Tower,0,8,7,0,15,0,0,14,0,14,0,8,21,0,29,0,0,0,29
03/03/2014,ABY,GA,ASO,ES,Federal Contract Tower,0,6,3,0,9,0,0,4,0,4,0,6,7,0,13,0,0,0,13
03/04/2014,ABY,GA,ASO,ES,Federal Contract Tower,0,20,11,2,33,0,0,3,0,3,0,20,14,2,36,16,0,16,52
03/05/2014,ABY,GA,ASO,ES,Federal Contract Tower,0,10,12,0,22,0,0,13,0,13,0,10,25,0,35,20,0,20,55
03/06/2014,ABY,GA,ASO,ES,Federal Contract Tower,0,12,7,0,19,0,0,0,0,0,0,12,7,0,19,0,0,0,19
03/07/2014,ABY,GA,ASO,ES,Federal Contract Tower,0,15,6,12,33,0,0,19,2,21,0,15,25,14,54,22,12,34,88
03/08/2014,ABY,GA,ASO,ES,Federal Contract Tower,0,8,4,0,12,0,0,24,0,24,0,8,28,0,36,18,0,18,54
03/09/2014,ABY,GA,ASO,ES,Federal Contract Tower,0,4,6,6,16,0,0,19,3,22,0,4,25,9,38,4,4,8,46
03/10/2014,ABY,GA,ASO,ES,Federal Contract Tower,0,6,6,3,15,0,0,47,0,47,0,6,53,3,62,10,0,10,72
03/11/2014,ABY,GA,ASO,ES,Federal Contract Tower,0,9,13,0,22,0,0,48,0,48,0,9,61,0,70,80,0,80,150
03/12/2014,ABY,GA,ASO,ES,Federal Contract Tower,0,9,9,0,18,0,0,16,4,20,0,9,25,4,38,10,0,10,48
03/13/2014,ABY,GA,ASO,ES,Federal Contract Tower,0,14,3,0,17,0,0,29,0,29,0,14,32,0,46,4,0,4,50
03/14/2014,ABY,GA,ASO,ES,Federal Contract Tower,0,7,6,5,18,0,1,29,0,30,0,8,35,5,48,62,6,68,116
03/15/2014,ABY,GA,ASO,ES,Federal Contract Tower,0,3,14,0,17,0,0,42,8,50,0,3,56,8,67,0,0,0,67
03/16/2014,ABY,GA,ASO,ES,Federal Contract Tower,0,4,4,2,10,0,0,2,0,2,0,4,6,2,12,0,0,0,12
03/17/2014,ABY,GA,ASO,ES,Federal Contract Tower,0,8,11,1,20,0,0,1,0,1,0,8,12,1,21,0,0,0,21
03/18/2014,ABY,GA,ASO,ES,Federal Contract Tower,1,10,15,2,28,0,0,7,0,7,1,10,22,2,35,70,0,70,105
03/19/2014,ABY,GA,ASO,ES,Federal Contract Tower,0,10,13,0,23,0,0,24,0,24,0,10,37,0,47,26,0,26,73
03/20/2014,ABY,GA,ASO,ES,Federal Contract Tower,0,11,16,2,29,0,0,31,2,33,0,11,47,4,62,8,20,28,90
03/21/2014,ABY,GA,ASO,ES,Federal Contract Tower,0,8,15,2,25,0,0,32,0,32,0,8,47,2,57,48,0,48,105
03/22/2014,ABY,GA,ASO,ES,Federal Contract Tower,0,2,3,0,5,0,0,80,0,80,0,2,83,0,85,10,0,10,95
03/23/2014,ABY,GA,ASO,ES,Federal Contract Tower,0,4,5,3,12,0,0,4,6,10,0,4,9,9,22,0,0,0,22
03/24/2014,ABY,GA,ASO,ES,Federal Contract Tower,0,10,6,0,16,0,0,12,0,12,0,10,18,0,28,42,0,42,70
03/25/2014,ABY,GA,ASO,ES,Federal Contract Tower,0,12,3,0,15,0,0,7,0,7,0,12,10,0,22,0,0,0,22
03/26/2014,ABY,GA,ASO,ES,Federal Contract Tower,0,9,16,0,25,0,0,27,2,29,0,9,43,2,54,40,42,82,136
03/27/2014,ABY,GA,ASO,ES,Federal Contract Tower,0,9,17,0,26,0,0,48,2,50,0,9,65,2,76,16,0,16,92
03/28/2014,ABY,GA,ASO,ES,Federal Contract Tower,0,7,4,0,11,0,0,13,0,13,0,7,17,0,24,0,0,0,24
03/29/2014,ABY,GA,ASO,ES,Federal Contract Tower,2,3,4,0,9,0,0,3,0,3,2,3,7,0,12,0,0,0,12
03/30/2014,ABY,GA,ASO,ES,Federal Contract Tower,0,5,12,0,17,0,0,20,0,20,0,5,32,0,37,0,0,0,37
03/31/2014,ABY,GA,ASO,ES,Federal Contract Tower,0,8,13,0,21,0,0,47,0,47,0,8,60,0,68,4,0,4,72
04/01/2014,ABY,GA,ASO,ES,Federal Contract Tower,0,9,10,2,21,0,0,36,0,36,0,9,46,2,57,34,34,68,125
04/02/2014,ABY,GA,ASO,ES,Federal Contract Tower,0,13,7,6,26,0,0,45,0,45,0,13,52,6,71,30,28,58,129
04/03/2014,ABY,GA,ASO,ES,Federal Contract Tower,0,6,6,0,12,0,0,7,7,14,0,6,13,7,26,14,42,56,82
04/04/2014,ABY,GA,ASO,ES,Federal Contract Tower,0,9,13,1,23,0,0,28,0,28,0,9,41,1,51,4,0,4,55
04/05/2014,ABY,GA,ASO,ES,Federal Contract Tower,0,2,5,0,7,0,0,33,0,33,0,2,38,0,40,8,0,8,48
04/06/2014,ABY,GA,ASO,ES,Federal Contract Tower,0,6,9,2,17,0,0,0,0,0,0,6,9,2,17,0,0,0,17
04/07/2014,ABY,GA,ASO,ES,Federal Contract Tower,0,5,6,0,11,0,0,0,0,0,0,5,6,0,11,0,0,0,11
04/08/2014,ABY,GA,ASO,ES,Federal Contract Tower,0,10,15,8,33,0,0,21,0,21,0,10,36,8,54,0,4,4,58
04/09/2014,ABY,GA,ASO,ES,Federal Contract Tower,0,6,6,6,18,0,0,34,0,34,0,6,40,6,52,48,0,48,100
04/10/2014,ABY,GA,ASO,ES,Federal Contract Tower,0,6,18,4,28,0,0,37,0,37,0,6,55,4,65,122,0,122,187
04/11/2014,ABY,GA,ASO,ES,Federal Contract Tower,0,7,5,0,12,0,1,27,0,28,0,8,32,0,40,50,0,50,90
04/12/2014,ABY,GA,ASO,ES,Federal Contract Tower,2,3,0,0,5,0,0,32,0,32,2,3,32,0,37,0,0,0,37
04/13/2014,ABY,GA,ASO,ES,Federal Contract Tower,0,9,11,0,20,0,1,10,0,11,0,10,21,0,31,0,0,0,31
04/14/2014,ABY,GA,ASO,ES,Federal Contract Tower,0,7,16,2,25,0,0,10,0,10,0,7,26,2,35,6,0,6,41
04/15/2014,ABY,GA,ASO,ES,Federal Contract Tower,0,6,8,0,14,0,0,1,0,1,0,6,9,0,15,0,0,0,15
04/16/2014,ABY,GA,ASO,ES,Federal Contract Tower,0,6,12,0,18,0,0,20,1,21,0,6,32,1,39,30,0,30,69
04/17/2014,ABY,GA,ASO,ES,Federal Contract Tower,0,9,8,0,17,0,0,24,0,24,0,9,32,0,41,22,0,22,63
04/18/2014,ABY,GA,ASO,ES,Federal Contract Tower,0,7,5,0,12,0,0,0,0,0,0,7,5,0,12,0,0,0,12
04/19/2014,ABY,GA,ASO,ES,Federal Contract Tower,0,2,1,0,3,0,0,0,0,0,0,2,1,0,3,0,0,0,3
04/20/2014,ABY,GA,ASO,ES,Federal Contract Tower,0,4,7,0,11,0,0,8,0,8,0,4,15,0,19,2,0,2,21
04/21/2014,ABY,GA,ASO,ES,Federal Contract Tower,0,9,8,0,17,0,0,26,0,26,0,9,34,0,43,38,0,38,81
04/22/2014,ABY,GA,ASO,ES,Federal Contract Tower,0,10,4,4,18,0,0,22,0,22,0,10,26,4,40,16,0,16,56
04/23/2014,ABY,GA,ASO,ES,Federal Contract Tower,0,6,6,0,12,0,0,41,0,41,0,6,47,0,53,98,0,98,151
04/24/2014,ABY,GA,ASO,ES,Federal Contract Tower,0,11,11,0,22,0,0,44,0,44,0,11,55,0,66,86,0,86,152
04/25/2014,ABY,GA,ASO,ES,Federal Contract Tower,4,4,4,4,16,0,0,24,10,34,4,4,28,14,50,6,4,10,60
04/26/2014,ABY,GA,ASO,ES,Federal Contract Tower,0,2,9,0,11,0,0,13,0,13,0,2,22,0,24,12,0,12,36
04/27/2014,ABY,GA,ASO,ES,Federal Contract Tower,0,4,9,1,14,0,0,7,0,7,0,4,16,1,21,34,0,34,55
04/28/2014,ABY,GA,ASO,ES,Federal Contract Tower,0,6,15,3,24,0,0,19,0,19,0,6,34,3,43,0,32,32,75
04/29/2014,ABY,GA,ASO,ES,Federal Contract Tower,1,6,2,0,9,0,0,4,2,6,1,6,6,2,15,0,0,0,15
04/30/2014,ABY,GA,ASO,ES,Federal Contract Tower,0,9,1,0,10,0,0,13,0,13,0,9,14,0,23,24,0,24,47
05/01/2014,ABY,GA,ASO,ES,Federal Contract Tower,0,6,12,2,20,0,0,19,0,19,0,6,31,2,39,0,0,0,39
05/02/2014,ABY,GA,ASO,ES,Federal Contract Tower,0,7,8,25,40,0,0,27,5,32,0,7,35,30,72,18,50,68,140
05/03/2014,ABY,GA,ASO,ES,Federal Contract Tower,0,3,4,0,7,0,0,12,0,12,0,3,16,0,19,4,0,4,23
05/04/2014,ABY,GA,ASO,ES,Federal Contract Tower,0,6,5,20,31,0,0,17,3,20,0,6,22,23,51,18,20,38,89
05/05/2014,ABY,GA,ASO,ES,Federal Contract Tower,0,6,14,3,23,0,0,34,0,34,0,6,48,3,57,24,2,26,83
05/06/2014,ABY,GA,ASO,ES,Federal Contract Tower,0,10,17,7,34,0,0,36,0,36,0,10,53,7,70,60,8,68,138
05/07/2014,ABY,GA,ASO,ES,Federal Contract Tower,0,6,11,1,18,0,0,26,1,27,0,6,37,2,45,26,28,54,99
05/08/2014,ABY,GA,ASO,ES,Federal Contract Tower,0,11,9,0,20,0,0,37,0,37,0,11,46,0,57,26,0,26,83
05/09/2014,ABY,GA,ASO,ES,Federal Contract Tower,0,9,3,8,20,0,0,31,0,31,0,9,34,8,51,20,10,30,81
05/10/2014,ABY,GA,ASO,ES,Federal Contract Tower,0,2,3,0,5,0,0,13,0,13,0,2,16,0,18,0,0,0,18
05/11/2014,ABY,GA,ASO,ES,Federal Contract Tower,0,2,4,2,8,0,0,17,0,17,0,2,21,2,25,0,0,0,25
05/12/2014,ABY,GA,ASO,ES,Federal Contract Tower,0,6,5,0,11,0,0,22,0,22,0,6,27,0,33,20,0,20,53
05/13/2014,ABY,GA,ASO,ES,Federal Contract Tower,0,7,12,0,19,0,0,26,0,26,0,7,38,0,45,49,0,49,94
05/14/2014,ABY,GA,ASO,ES,Federal Contract Tower,0,0,12,0,12,0,0,4,0,4,0,0,16,0,16,0,0,0,16
05/15/2014,ABY,GA,ASO,ES,Federal Contract Tower,0,8,4,0,12,0,0,6,0,6,0,8,10,0,18,0,0,0,18
05/16/2014,ABY,GA,ASO,ES,Federal Contract Tower,0,8,12,0,20,0,0,23,0,23,0,8,35,0,43,28,0,28,71
05/17/2014,ABY,GA,ASO,ES,Federal Contract Tower,0,7,0,0,7,0,31,0,0,31,0,38,0,0,38,4,0,4,42
05/18/2014,ABY,GA,ASO,ES,Federal Contract Tower,0,7,1,4,12,0,0,32,0,32,0,7,33,4,44,12,0,12,56
05/19/2014,ABY,GA,ASO,ES,Federal Contract Tower,0,8,19,2,29,0,0,26,1,27,0,8,45,3,56,24,18,42,98
05/20/2014,ABY,GA,ASO,ES,Federal Contract Tower,0,10,8,0,18,0,0,30,4,34,0,10,38,4,52,32,0,32,84
05/21/2014,ABY,GA,ASO,ES,Federal Contract Tower,0,6,10,3,19,0,0,32,3,35,0,6,42,6,54,36,36,72,126
05/22/2014,ABY,GA,ASO,ES,Federal Contract Tower,0,9,12,2,23,0,0,27,0,27,0,9,39,2,50,8,0,8,58
05/23/2014,ABY,GA,ASO,ES,Federal Contract Tower,0,10,18,4,32,0,0,20,0,20,0,10,38,4,52,18,0,18,70
05/24/2014,ABY,GA,ASO,ES,Federal Contract Tower,0,2,4,0,6,0,0,26,0,26,0,2,30,0,32,6,0,6,38
05/25/2014,ABY,GA,ASO,ES,Federal Contract Tower,0,3,4,0,7,0,0,12,0,12,0,3,16,0,19,0,0,0,19
05/26/2014,ABY,GA,ASO,ES,Federal Contract Tower,0,6,9,0,15,0,0,27,0,27,0,6,36,0,42,0,0,0,42
05/27/2014,ABY,GA,ASO,ES,Federal Contract Tower,0,8,6,1,15,0,0,27,0,27,0,8,33,1,42,74,24,98,140
05/28/2014,ABY,GA,ASO,ES,Federal Contract Tower,0,11,8,1,20,0,0,31,0,31,0,11,39,1,51,62,10,72,123
05/29/2014,ABY,GA,ASO,ES,Federal Contract Tower,0,7,10,0,17,0,0,31,2,33,0,7,41,2,50,22,0,22,72
05/30/2014,ABY,GA,ASO,ES,Federal Contract Tower,0,10,5,0,15,0,0,21,0,21,0,10,26,0,36,0,0,0,36
05/31/2014,ABY,GA,ASO,ES,Federal Contract Tower,0,3,0,0,3,0,0,21,0,21,0,3,21,0,24,16,0,16,40
06/01/2014,ABY,GA,ASO,ES,Federal Contract Tower,0,4,1,0,5,0,0,3,0,3,0,4,4,0,8,0,8,8,16
06/02/2014,ABY,GA,ASO,ES,Federal Contract Tower,0,6,8,6,20,0,0,15,0,15,0,6,23,6,35,30,4,34,69
06/03/2014,ABY,GA,ASO,ES,Federal Contract Tower,0,8,13,0,21,0,8,21,0,29,0,16,34,0,50,22,0,22,72
06/04/2014,ABY,GA,ASO,ES,Federal Contract Tower,0,8,7,4,19,0,0,26,0,26,0,8,33,4,45,26,2,28,73
06/05/2014,ABY,GA,ASO,ES,Federal Contract Tower,0,9,10,2,21,0,0,38,0,38,0,9,48,2,59,72,2,74,133
06/06/2014,ABY,GA,ASO,ES,Federal Contract Tower,0,9,4,1,14,0,0,39,1,40,0,9,43,2,54,30,0,30,84
06/07/2014,ABY,GA,ASO,ES,Federal Contract Tower,0,4,2,0,6,0,0,5,0,5,0,4,7,0,11,0,0,0,11
06/08/2014,ABY,GA,ASO,ES,Federal Contract Tower,0,7,4,1,12,0,0,0,0,0,0,7,4,1,12,0,0,0,12
06/09/2014,ABY,GA,ASO,ES,Federal Contract Tower,0,9,10,0,19,0,0,22,1,23,0,9,32,1,42,38,12,50,92
06/10/2014,ABY,GA,ASO,ES,Federal Contract Tower,0,7,15,0,22,0,0,8,0,8,0,7,23,0,30,6,0,6,36
06/11/2014,ABY,GA,ASO,ES,Federal Contract Tower,0,6,2,0,8,0,0,27,0,27,0,6,29,0,35,36,0,36,71
06/12/2014,ABY,GA,ASO,ES,Federal Contract Tower,0,10,6,0,16,0,0,27,0,27,0,10,33,0,43,4,0,4,47
06/13/2014,ABY,GA,ASO,ES,Federal Contract Tower,0,6,2,2,10,0,0,25,2,27,0,6,27,4,37,0,12,12,49
06/14/2014,ABY,GA,ASO,ES,Federal Contract Tower,0,2,4,0,6,0,0,24,0,24,0,2,28,0,30,6,0,6,36
06/15/2014,ABY,GA,ASO,ES,Federal Contract Tower,0,4,3,2,9,0,0,13,0,13,0,4,16,2,22,0,0,0,22
06/16/2014,ABY,GA,ASO,ES,Federal Contract Tower,0,8,9,2,19,0,0,20,2,22,0,8,29,4,41,22,30,52,93
06/17/2014,ABY,GA,ASO,ES,Federal Contract Tower,0,12,15,6,33,0,0,22,0,22,0,12,37,6,55,0,26,26,81
06/18/2014,ABY,GA,ASO,ES,Federal Contract Tower,0,6,12,4,22,0,0,29,0,29,0,6,41,4,51,44,24,68,119
06/19/2014,ABY,GA,ASO,ES,Federal Contract Tower,0,4,15,4,23,0,0,35,1,36,0,4,50,5,59,12,12,24,83
06/20/2014,ABY,GA,ASO,ES,Federal Contract Tower,0,7,10,0,17,0,0,38,0,38,0,7,48,0,55,0,0,0,55
06/21/2014,ABY,GA,ASO,ES,Federal Contract Tower,0,5,2,0,7,0,0,21,0,21,0,5,23,0,28,68,0,68,96
06/22/2014,ABY,GA,ASO,ES,Federal Contract Tower,0,5,6,0,11,0,0,15,0,15,0,5,21,0,26,0,0,0,26
06/23/2014,ABY,GA,ASO,ES,Federal Contract Tower,0,8,4,0,12,0,0,26,0,26,0,8,30,0,38,24,0,24,62
06/24/2014,ABY,GA,ASO,ES,Federal Contract Tower,0,6,23,3,32,0,0,11,0,11,0,6,34,3,43,0,0,0,43
06/25/2014,ABY,GA,ASO,ES,Federal Contract Tower,0,7,13,4,24,0,0,28,0,28,0,7,41,4,52,42,6,48,100
06/26/2014,ABY,GA,ASO,ES,Federal Contract Tower,0,6,7,6,19,0,0,28,0,28,0,6,35,6,47,4,4,8,55
06/27/2014,ABY,GA,ASO,ES,Federal Contract Tower,0,6,8,2,16,0,0,37,0,37,0,6,45,2,53,24,20,44,97
06/28/2014,ABY,GA,ASO,ES,Federal Contract Tower,0,5,6,0,11,0,0,29,0,29,0,5,35,0,40,26,0,26,66
06/29/2014,ABY,GA,ASO,ES,Federal Contract Tower,0,4,3,1,8,0,0,9,2,11,0,4,12,3,19,0,4,4,23
06/30/2014,ABY,GA,ASO,ES,Federal Contract Tower,0,5,11,0,16,0,0,9,0,9,0,5,20,0,25,0,0,0,25
07/01/2014,ABY,GA,ASO,ES,Federal Contract Tower,0,10,6,0,16,0,0,23,1,24,0,10,29,1,40,0,20,20,60
07/02/2014,ABY,GA,ASO,ES,Federal Contract Tower,0,9,13,0,22,0,0,21,0,21,0,9,34,0,43,50,0,50,93
07/03/2014,ABY,GA,ASO,ES,Federal Contract Tower,0,8,8,0,16,0,0,28,0,28,0,8,36,0,44,20,0,20,64
07/04/2014,ABY,GA,ASO,ES,Federal Contract Tower,0,2,3,0,5,0,0,8,0,8,0,2,11,0,13,0,0,0,13
07/05/2014,ABY,GA,ASO,ES,Federal Contract Tower,0,2,4,0,6,0,0,22,0,22,0,2,26,0,28,38,0,38,66
07/06/2014,ABY,GA,ASO,ES,Federal Contract Tower,0,4,7,0,11,0,0,21,0,21,0,4,28,0,32,10,0,10,42
07/07/2014,ABY,GA,ASO,ES,Federal Contract Tower,0,6,5,0,11,0,0,21,0,21,0,6,26,0,32,0,0,0,32
07/08/2014,ABY,GA,ASO,ES,Federal Contract Tower,0,7,10,0,17,0,0,21,1,22,0,7,31,1,39,6,0,6,45
07/09/2014,ABY,GA,ASO,ES,Federal Contract Tower,0,6,14,0,20,0,0,25,0,25,0,6,39,0,45,52,0,52,97
07/10/2014,ABY,GA,ASO,ES,Federal Contract Tower,0,6,9,0,15,0,0,6,1,7,0,6,15,1,22,6,24,30,52
07/11/2014,ABY,GA,ASO,ES,Federal Contract Tower,0,8,6,0,14,0,0,6,0,6,0,8,12,0,20,48,0,48,68
07/12/2014,ABY,GA,ASO,ES,Federal Contract Tower,0,3,2,0,5,0,0,12,0,12,0,3,14,0,17,22,0,22,39
07/13/2014,ABY,GA,ASO,ES,Federal Contract Tower,2,2,4,2,10,0,0,15,0,15,2,2,19,2,25,0,0,0,25
07/14/2014,ABY,GA,ASO,ES,Federal Contract Tower,0,6,12,0,18,0,0,26,0,26,0,6,38,0,44,0,0,0,44
07/15/2014,ABY,GA,ASO,ES,Federal Contract Tower,0,13,4,0,17,0,0,7,0,7,0,13,11,0,24,0,0,0,24
07/16/2014,ABY,GA,ASO,ES,Federal Contract Tower,0,11,5,0,16,0,0,8,0,8,0,11,13,0,24,36,0,36,60
07/17/2014,ABY,GA,ASO,ES,Federal Contract Tower,0,6,14,3,23,0,0,17,3,20,0,6,31,6,43,10,2,12,55
07/18/2014,ABY,GA,ASO,ES,Federal Contract Tower,0,4,8,7,19,0,0,25,2,27,0,4,33,9,46,32,0,32,78
07/19/2014,ABY,GA,ASO,ES,Federal Contract Tower,0,2,1,1,4,0,0,10,1,11,0,2,11,2,15,0,0,0,15
07/20/2014,ABY,GA,ASO,ES,Federal Contract Tower,0,4,7,0,11,0,0,2,0,2,0,4,9,0,13,0,0,0,13
07/21/2014,ABY,GA,ASO,ES,Federal Contract Tower,0,6,13,0,19,0,0,7,0,7,0,6,20,0,26,0,0,0,26
07/22/2014,ABY,GA,ASO,ES,Federal Contract Tower,0,8,7,0,15,0,0,11,2,13,0,8,18,2,28,40,0,40,68
07/23/2014,ABY,GA,ASO,ES,Federal Contract Tower,0,6,10,4,20,0,0,21,0,21,0,6,31,4,41,6,6,12,53
07/24/2014,ABY,GA,ASO,ES,Federal Contract Tower,0,8,4,2,14,0,0,17,0,17,0,8,21,2,31,12,2,14,45
07/25/2014,ABY,GA,ASO,ES,Federal Contract Tower,0,10,7,8,25,0,0,21,0,21,0,10,28,8,46,10,0,10,56
07/26/2014,ABY,GA,ASO,ES,Federal Contract Tower,0,2,8,10,20,0,0,20,0,20,0,2,28,10,40,4,0,4,44
07/27/2014,ABY,GA,ASO,ES,Federal Contract Tower,0,4,10,16,30,0,0,27,2,29,0,4,37,18,59,6,2,8,67
07/28/2014,ABY,GA,ASO,ES,Federal Contract Tower,0,6,7,4,17,0,0,9,0,9,0,6,16,4,26,20,0,20,46
07/29/2014,ABY,GA,ASO,ES,Federal Contract Tower,0,7,6,4,17,0,0,23,0,23,0,7,29,4,40,0,0,0,40
07/30/2014,ABY,GA,ASO,ES,Federal Contract Tower,0,6,11,6,23,0,0,29,8,37,0,6,40,14,60,4,0,4,64
07/31/2014,ABY,GA,ASO,ES,Federal Contract Tower,0,6,10,0,16,0,1,24,0,25,0,7,34,0,41,30,0,30,71
08/01/2014,ABY,GA,ASO,ES,Federal Contract Tower,0,8,12,4,24,0,0,4,0,4,0,8,16,4,28,0,0,0,28
08/02/2014,ABY,GA,ASO,ES,Federal Contract Tower,0,3,1,0,4,0,0,4,0,4,0,3,5,0,8,0,0,0,8
08/03/2014,ABY,GA,ASO,ES,Federal Contract Tower,0,6,4,0,10,0,0,12,0,12,0,6,16,0,22,0,0,0,22
08/04/2014,ABY,GA,ASO,ES,Federal Contract Tower,0,7,16,0,23,0,0,19,0,19,0,7,35,0,42,32,0,32,74
08/05/2014,ABY,GA,ASO,ES,Federal Contract Tower,0,11,11,2,24,0,0,17,0,17,0,11,28,2,41,10,0,10,51
08/06/2014,ABY,GA,ASO,ES,Federal Contract Tower,0,10,14,0,24,0,0,17,0,17,0,10,31,0,41,30,30,60,101
08/07/2014,ABY,GA,ASO,ES,Federal Contract Tower,0,7,9,0,16,0,0,20,0,20,0,7,29,0,36,22,0,22,58
08/08/2014,ABY,GA,ASO,ES,Federal Contract Tower,0,6,5,6,17,0,0,30,0,30,0,6,35,6,47,36,6,42,89
08/09/2014,ABY,GA,ASO,ES,Federal Contract Tower,0,5,2,0,7,0,0,12,0,12,0,5,14,0,19,0,0,0,19
08/10/2014,ABY,GA,ASO,ES,Federal Contract Tower,0,5,3,3,11,0,0,6,8,14,0,5,9,11,25,0,0,0,25
08/11/2014,ABY,GA,ASO,ES,Federal Contract Tower,0,7,7,4,18,0,0,12,0,12,0,7,19,4,30,0,0,0,30
08/12/2014,ABY,GA,ASO,ES,Federal Contract Tower,0,8,10,2,20,0,0,17,0,17,0,8,27,2,37,4,0,4,41
08/13/2014,ABY,GA,ASO,ES,Federal Contract Tower,0,7,13,6,26,0,0,28,2,30,0,7,41,8,56,18,2,20,76
08/14/2014,ABY,GA,ASO,ES,Federal Contract Tower,0,8,7,0,15,0,1,25,4,30,0,9,32,4,45,18,8,26,71
08/15/2014,ABY,GA,ASO,ES,Federal Contract Tower,0,8,10,3,21,0,0,26,9,35,0,8,36,12,56,16,0,16,72
08/16/2014,ABY,GA,ASO,ES,Federal Contract Tower,0,5,8,0,13,0,0,22,0,22,0,5,30,0,35,22,0,22,57
08/17/2014,ABY,GA,ASO,ES,Federal Contract Tower,0,4,6,0,10,0,0,8,7,15,0,4,14,7,25,0,0,0,25
08/18/2014,ABY,GA,ASO,ES,Federal Contract Tower,0,6,2,6,14,0,0,12,1,13,0,6,14,7,27,0,30,30,57
08/19/2014,ABY,GA,ASO,ES,Federal Contract Tower,0,8,8,0,16,0,0,12,0,12,0,8,20,0,28,6,0,6,34
08/20/2014,ABY,GA,ASO,ES,Federal Contract Tower,2,4,5,0,11,0,0,32,1,33,2,4,37,1,44,2,0,2,46
08/21/2014,ABY,GA,ASO,ES,Federal Contract Tower,0,7,7,7,21,0,0,35,0,35,0,7,42,7,56,30,14,44,100
08/22/2014,ABY,GA,ASO,ES,Federal Contract Tower,0,8,8,4,20,0,0,39,0,39,0,8,47,4,59,0,10,10,69
08/23/2014,ABY,GA,ASO,ES,Federal Contract Tower,0,3,3,0,6,0,0,32,0,32,0,3,35,0,38,8,0,8,46
08/24/2014,ABY,GA,ASO,ES,Federal Contract Tower,0,4,5,6,15,0,0,20,0,20,0,4,25,6,35,0,0,0,35
08/25/2014,ABY,GA,ASO,ES,Federal Contract Tower,0,7,13,2,22,0,0,23,0,23,0,7,36,2,45,12,0,12,57
08/26/2014,ABY,GA,ASO,ES,Federal Contract Tower,0,11,1,4,16,0,0,19,0,19,0,11,20,4,35,12,14,26,61
08/27/2014,ABY,GA,ASO,ES,Federal Contract Tower,0,6,11,8,25,0,0,23,0,23,0,6,34,8,48,20,2,22,70
08/28/2014,ABY,GA,ASO,ES,Federal Contract Tower,0,11,6,4,21,0,0,27,0,27,0,11,33,4,48,2,8,10,58
08/29/2014,ABY,GA,ASO,ES,Federal Contract Tower,0,10,7,0,17,0,1,33,0,34,0,11,40,0,51,10,0,10,61
08/30/2014,ABY,GA,ASO,ES,Federal Contract Tower,0,2,5,0,7,0,0,5,3,8,0,2,10,3,15,12,0,12,27
08/31/2014,ABY,GA,ASO,ES,Federal Contract Tower,0,3,1,0,4,0,0,17,0,17,0,3,18,0,21,0,0,0,21
09/01/2014,ABY,GA,ASO,ES,Federal Contract Tower,0,2,4,0,6,0,0,25,0,25,0,2,29,0,31,32,0,32,63
09/02/2014,ABY,GA,ASO,ES,Federal Contract Tower,0,15,13,8,36,0,0,43,0,43,0,15,56,8,79,68,14,82,161
09/03/2014,ABY,GA,ASO,ES,Federal Contract Tower,0,7,7,0,14,0,0,20,0,20,0,7,27,0,34,8,0,8,42
09/04/2014,ABY,GA,ASO,ES,Federal Contract Tower,3,10,9,10,32,0,0,29,2,31,3,10,38,12,63,94,0,94,157
09/05/2014,ABY,GA,ASO,ES,Federal Contract Tower,0,12,7,10,29,0,2,32,0,34,0,14,39,10,63,0,36,36,99
09/06/2014,ABY,GA,ASO,ES,Federal Contract Tower,2,2,3,0,7,0,0,11,0,11,2,2,14,0,18,2,0,2,20
09/07/2014,ABY,GA,ASO,ES,Federal Contract Tower,0,3,5,0,8,0,0,7,6,13,0,3,12,6,21,0,0,0,21
09/08/2014,ABY,GA,ASO,ES,Federal Contract Tower,1,8,13,0,22,0,0,13,0,13,1,8,26,0,35,6,0,6,41
09/09/2014,ABY,GA,ASO,ES,Federal Contract Tower,0,9,12,0,21,0,0,20,0,20,0,9,32,0,41,22,0,22,63
09/10/2014,ABY,GA,ASO,ES,Federal Contract Tower,0,12,13,0,25,0,0,14,1,15,0,12,27,1,40,42,0,42,82
09/11/2014,ABY,GA,ASO,ES,Federal Contract Tower,0,13,13,4,30,0,0,33,2,35,0,13,46,6,65,56,0,56,121
09/12/2014,ABY,GA,ASO,ES,Federal Contract Tower,0,9,6,8,23,0,0,30,2,32,0,9,36,10,55,10,0,10,65
09/13/2014,ABY,GA,ASO,ES,Federal Contract Tower,0,2,8,2,12,0,0,9,0,9,0,2,17,2,21,0,0,0,21
09/14/2014,ABY,GA,ASO,ES,Federal Contract Tower,0,6,4,3,13,0,0,14,0,14,0,6,18,3,27,14,0,14,41
09/15/2014,ABY,GA,ASO,ES,Federal Contract Tower,0,6,4,10,20,0,0,13,0,13,0,6,17,10,33,20,0,20,53
09/16/2014,ABY,GA,ASO,ES,Federal Contract Tower,0,7,5,11,23,0,0,22,0,22,0,7,27,11,45,0,32,32,77
09/17/2014,ABY,GA,ASO,ES,Federal Contract Tower,0,8,11,4,23,0,0,27,0,27,0,8,38,4,50,0,4,4,54
09/18/2014,ABY,GA,ASO,ES,Federal Contract Tower,0,6,4,3,13,0,0,14,0,14,0,6,18,3,27,14,0,14,41
09/19/2014,ABY,GA,ASO,ES,Federal Contract Tower,0,16,7,0,23,0,1,23,1,25,0,17,30,1,48,2,0,2,50
09/20/2014,ABY,GA,ASO,ES,Federal Contract Tower,0,2,1,0,3,0,0,0,0,0,0,2,1,0,3,0,0,0,3
09/21/2014,ABY,GA,ASO,ES,Federal Contract Tower,0,8,6,0,14,0,0,19,2,21,0,8,25,2,35,10,0,10,45
09/22/2014,ABY,GA,ASO,ES,Federal Contract Tower,0,7,6,4,17,0,0,13,2,15,0,7,19,6,32,30,0,30,62
09/23/2014,ABY,GA,ASO,ES,Federal Contract Tower,0,7,15,2,24,0,4,15,0,19,0,11,30,2,43,6,0,6,49
09/24/2014,ABY,GA,ASO,ES,Federal Contract Tower,0,7,6,6,19,0,0,24,0,24,0,7,30,6,43,34,6,40,83
09/25/2014,ABY,GA,ASO,ES,Federal Contract Tower,0,6,11,5,22,0,0,13,0,13,0,6,24,5,35,0,0,0,35
09/26/2014,ABY,GA,ASO,ES,Federal Contract Tower,0,11,5,1,17,0,0,12,1,13,0,11,17,2,30,0,0,0,30
09/27/2014,ABY,GA,ASO,ES,Federal Contract Tower,0,2,1,0,3,0,0,1,0,1,0,2,2,0,4,0,0,0,4
09/28/2014,ABY,GA,ASO,ES,Federal Contract Tower,0,4,6,8,18,0,0,4,0,4,0,4,10,8,22,0,4,4,26
09/29/2014,ABY,GA,ASO,ES,Federal Contract Tower,2,14,11,0,27,0,0,0,0,0,2,14,11,0,27,0,0,0,27
09/30/2014,ABY,GA,ASO,ES,Federal Contract Tower,6,12,25,5,48,0,0,12,0,12,6,12,37,5,60,6,2,8,68
10/01/2014,ABY,GA,ASO,ES,Federal Contract Tower,2,8,13,1,24,0,0,23,3,26,2,8,36,4,50,38,0,38,88
10/02/2014,ABY,GA,ASO,ES,Federal Contract Tower,0,8,24,4,36,0,0,25,0,25,0,8,49,4,61,42,0,42,103
10/03/2014,ABY,GA,ASO,ES,Federal Contract Tower,0,7,10,0,17,0,0,0,0,0,0,7,10,0,17,0,0,0,17
10/04/2014,ABY,GA,ASO,ES,Federal Contract Tower,0,3,9,0,12,0,0,28,0,28,0,3,37,0,40,0,0,0,40
10/05/2014,ABY,GA,ASO,ES,Federal Contract Tower,0,4,12,2,18,0,0,29,0,29,0,4,41,2,47,40,0,40,87
10/06/2014,ABY,GA,ASO,ES,Federal Contract Tower,0,8,17,0,25,0,0,25,0,25,0,8,42,0,50,32,0,32,82
10/07/2014,ABY,GA,ASO,ES,Federal Contract Tower,0,7,17,0,24,0,0,28,0,28,0,7,45,0,52,0,0,0,52
10/08/2014,ABY,GA,ASO,ES,Federal Contract Tower,0,7,12,3,22,0,0,18,1,19,0,7,30,4,41,14,0,14,55
10/09/2014,ABY,GA,ASO,ES,Federal Contract Tower,0,7,12,7,26,0,0,45,0,45,0,7,57,7,71,12,0,12,83
10/10/2014,ABY,GA,ASO,ES,Federal Contract Tower,0,8,7,3,18,0,0,23,3,26,0,8,30,6,44,16,0,16,60
10/11/2014,ABY,GA,ASO,ES,Federal Contract Tower,0,3,5,0,8,0,0,22,0,22,0,3,27,0,30,6,0,6,36
10/12/2014,ABY,GA,ASO,ES,Federal Contract Tower,0,6,2,3,11,0,0,26,3,29,0,6,28,6,40,2,0,2,42
10/13/2014,ABY,GA,ASO,ES,Federal Contract Tower,1,7,15,0,23,0,0,14,0,14,1,7,29,0,37,0,0,0,37
10/14/2014,ABY,GA,ASO,ES,Federal Contract Tower,1,4,5,0,10,0,0,6,0,6,1,4,11,0,16,0,0,0,16
10/15/2014,ABY,GA,ASO,ES,Federal Contract Tower,0,8,13,0,21,0,0,24,0,24,0,8,37,0,45,14,0,14,59
10/16/2014,ABY,GA,ASO,ES,Federal Contract Tower,0,7,7,1,15,0,0,17,1,18,0,7,24,2,33,4,10,14,47
10/17/2014,ABY,GA,ASO,ES,Federal Contract Tower,0,7,11,0,18,0,0,32,2,34,0,7,43,2,52,16,0,16,68
10/18/2014,ABY,GA,ASO,ES,Federal Contract Tower,0,2,9,2,13,0,0,24,0,24,0,2,33,2,37,0,6,6,43
10/19/2014,ABY,GA,ASO,ES,Federal Contract Tower,0,4,4,5,13,0,0,17,2,19,0,4,21,7,32,0,0,0,32
10/20/2014,ABY,GA,ASO,ES,Federal Contract Tower,0,9,14,0,23,0,1,19,0,20,0,10,33,0,43,12,0,12,55
10/21/2014,ABY,GA,ASO,ES,Federal Contract Tower,0,9,6,4,19,0,2,14,0,16,0,11,20,4,35,20,8,28,63
10/22/2014,ABY,GA,ASO,ES,Federal Contract Tower,0,6,12,0,18,0,0,20,0,20,0,6,32,0,38,22,0,22,60
10/23/2014,ABY,GA,ASO,ES,Federal Contract Tower,2,12,13,0,27,0,0,26,0,26,2,12,39,0,53,56,0,56,109
10/24/2014,ABY,GA,ASO,ES,Federal Contract Tower,2,14,12,0,28,0,0,22,0,22,2,14,34,0,50,0,0,0,50
10/25/2014,ABY,GA,ASO,ES,Federal Contract Tower,0,9,3,8,20,0,0,23,9,32,0,9,26,17,52,0,2,2,54
10/26/2014,ABY,GA,ASO,ES,Federal Contract Tower,0,6,7,0,13,0,0,20,0,20,0,6,27,0,33,0,0,0,33
10/27/2014,ABY,GA,ASO,ES,Federal Contract Tower,0,10,16,3,29,0,0,29,1,30,0,10,45,4,59,0,8,8,67
10/28/2014,ABY,GA,ASO,ES,Federal Contract Tower,0,6,5,1,12,0,0,23,1,24,0,6,28,2,36,4,10,14,50
10/29/2014,ABY,GA,ASO,ES,Federal Contract Tower,0,7,6,5,18,0,0,13,0,13,0,7,19,5,31,20,22,42,73
10/30/2014,ABY,GA,ASO,ES,Federal Contract Tower,0,15,7,0,22,0,1,18,0,19,0,16,25,0,41,30,0,30,71
10/31/2014,ABY,GA,ASO,ES,Federal Contract Tower,0,13,15,5,33,0,0,20,0,20,0,13,35,5,53,16,0,16,69
11/01/2014,ABY,GA,ASO,ES,Federal Contract Tower,0,4,1,0,5,0,0,2,0,2,0,4,3,0,7,0,0,0,7
11/02/2014,ABY,GA,ASO,ES,Federal Contract Tower,0,6,14,1,21,0,0,28,0,28,0,6,42,1,49,4,0,4,53
11/03/2014,ABY,GA,ASO,ES,Federal Contract Tower,0,6,15,0,21,0,0,15,7,22,0,6,30,7,43,26,0,26,69
11/04/2014,ABY,GA,ASO,ES,Federal Contract Tower,0,4,5,5,14,0,0,11,0,11,0,4,16,5,25,30,12,42,67
11/05/2014,ABY,GA,ASO,ES,Federal Contract Tower,0,6,11,1,18,0,0,9,4,13,0,6,20,5,31,34,0,34,65
11/06/2014,ABY,GA,ASO,ES,Federal Contract Tower,0,12,15,3,30,0,0,7,0,7,0,12,22,3,37,0,4,4,41
11/07/2014,ABY,GA,ASO,ES,Federal Contract Tower,0,19,4,2,25,0,1,18,0,19,0,20,22,2,44,20,0,20,64
11/08/2014,ABY,GA,ASO,ES,Federal Contract Tower,0,8,2,0,10,0,0,19,0,19,0,8,21,0,29,0,0,0,29
11/09/2014,ABY,GA,ASO,ES,Federal Contract Tower,0,13,9,0,22,0,0,13,0,13,0,13,22,0,35,16,0,16,51
11/10/2014,ABY,GA,ASO,ES,Federal Contract Tower,0,6,20,0,26,0,0,10,0,10,0,6,30,0,36,16,0,16,52
11/11/2014,ABY,GA,ASO,ES,Federal Contract Tower,2,9,4,0,15,0,0,16,0,16,2,9,20,0,31,6,0,6,37
11/12/2014,ABY,GA,ASO,ES,Federal Contract Tower,0,10,12,5,27,0,2,29,0,31,0,12,41,5,58,58,0,58,116
11/13/2014,ABY,GA,ASO,ES,Federal Contract Tower,0,7,9,2,18,0,0,2,4,6,0,7,11,6,24,10,0,10,34
11/14/2014,ABY,GA,ASO,ES,Federal Contract Tower,0,5,17,3,25,0,0,11,0,11,0,5,28,3,36,6,6,12,48
11/15/2014,ABY,GA,ASO,ES,Federal Contract Tower,0,4,4,0,8,0,0,17,0,17,0,4,21,0,25,6,0,6,31
11/16/2014,ABY,GA,ASO,ES,Federal Contract Tower,0,8,17,2,27,0,0,10,0,10,0,8,27,2,37,6,2,8,45
11/17/2014,ABY,GA,ASO,ES,Federal Contract Tower,0,9,9,0,18,0,0,6,0,6,0,9,15,0,24,0,0,0,24
11/18/2014,ABY,GA,ASO,ES,Federal Contract Tower,3,11,9,0,23,0,1,22,0,23,3,12,31,0,46,0,0,0,46
11/19/2014,ABY,GA,ASO,ES,Federal Contract Tower,5,13,15,6,39,0,0,20,0,20,5,13,35,6,59,22,2,24,83
11/20/2014,ABY,GA,ASO,ES,Federal Contract Tower,6,15,13,6,40,0,0,29,0,29,6,15,42,6,69,58,0,58,127
11/21/2014,ABY,GA,ASO,ES,Federal Contract Tower,5,11,9,0,25,0,1,12,0,13,5,12,21,0,38,0,0,0,38
11/22/2014,ABY,GA,ASO,ES,Federal Contract Tower,2,6,9,0,17,0,0,26,1,27,2,6,35,1,44,12,0,12,56
11/23/2014,ABY,GA,ASO,ES,Federal Contract Tower,0,7,9,0,16,0,0,0,0,0,0,7,9,0,16,0,0,0,16
11/24/2014,ABY,GA,ASO,ES,Federal Contract Tower,2,9,12,2,25,0,0,1,0,1,2,9,13,2,26,0,2,2,28
11/25/2014,ABY,GA,ASO,ES,Federal Contract Tower,3,9,10,14,36,0,0,9,0,9,3,9,19,14,45,0,22,22,67
11/26/2014,ABY,GA,ASO,ES,Federal Contract Tower,6,14,30,2,52,0,0,22,0,22,6,14,52,2,74,0,16,16,90
11/27/2014,ABY,GA,ASO,ES,Federal Contract Tower,0,2,0,0,2,0,0,4,0,4,0,2,4,0,6,14,0,14,20
11/28/2014,ABY,GA,ASO,ES,Federal Contract Tower,4,4,10,0,18,0,0,24,0,24,4,4,34,0,42,6,0,6,48
11/29/2014,ABY,GA,ASO,ES,Federal Contract Tower,3,9,7,0,19,0,0,24,0,24,3,9,31,0,43,18,0,18,61
11/30/2014,ABY,GA,ASO,ES,Federal Contract Tower,0,16,9,0,25,0,0,17,0,17,0,16,26,0,42,6,0,6,48
12/01/2014,ABY,GA,ASO,ES,Federal Contract Tower,2,11,11,2,26,0,1,25,0,26,2,12,36,2,52,12,0,12,64
12/02/2014,ABY,GA,ASO,ES,Federal Contract Tower,6,13,17,0,36,0,1,29,0,30,6,14,46,0,66,38,0,38,104
12/03/2014,ABY,GA,ASO,ES,Federal Contract Tower,4,16,12,0,32,0,0,14,2,16,4,16,26,2,48,14,2,16,64
12/04/2014,ABY,GA,ASO,ES,Federal Contract Tower,0,7,9,0,16,0,1,37,0,38,0,8,46,0,54,20,0,20,74
12/05/2014,ABY,GA,ASO,ES,Federal Contract Tower,0,19,10,4,33,0,0,0,0,0,0,19,10,4,33,0,0,0,33
12/06/2014,ABY,GA,ASO,ES,Federal Contract Tower,0,5,7,0,12,0,0,0,0,0,0,5,7,0,12,0,0,0,12
12/07/2014,ABY,GA,ASO,ES,Federal Contract Tower,0,18,8,0,26,0,0,11,0,11,0,18,19,0,37,4,0,4,41
12/08/2014,ABY,GA,ASO,ES,Federal Contract Tower,0,9,10,2,21,0,0,9,26,35,0,9,19,28,56,0,0,0,56
12/09/2014,ABY,GA,ASO,ES,Federal Contract Tower,0,12,14,0,26,0,1,20,0,21,0,13,34,0,47,14,0,14,61
12/10/2014,ABY,GA,ASO,ES,Federal Contract Tower,4,13,27,4,48,0,0,25,4,29,4,13,52,8,77,6,0,6,83
12/11/2014,ABY,GA,ASO,ES,Federal Contract Tower,6,11,15,0,32,0,1,17,0,18,6,12,32,0,50,10,0,10,60
12/12/2014,ABY,GA,ASO,ES,Federal Contract Tower,6,11,17,0,34,0,0,23,0,23,6,11,40,0,57,0,0,0,57
12/13/2014,ABY,GA,ASO,ES,Federal Contract Tower,2,10,9,0,21,0,0,30,0,30,2,10,39,0,51,10,0,10,61
12/14/2014,ABY,GA,ASO,ES,Federal Contract Tower,0,11,12,0,23,0,0,21,0,21,0,11,33,0,44,48,0,48,92
12/15/2014,ABY,GA,ASO,ES,Federal Contract Tower,3,12,15,2,32,0,0,24,0,24,3,12,39,2,56,6,16,22,78
12/16/2014,ABY,GA,ASO,ES,Federal Contract Tower,5,14,11,0,30,0,0,25,0,25,5,14,36,0,55,0,0,0,55
12/17/2014,ABY,GA,ASO,ES,Federal Contract Tower,0,14,14,3,31,0,0,20,0,20,0,14,34,3,51,10,0,10,61
12/18/2014,ABY,GA,ASO,ES,Federal Contract Tower,0,13,15,4,32,0,0,22,0,22,0,13,37,4,54,2,0,2,56
12/19/2014,ABY,GA,ASO,ES,Federal Contract Tower,0,13,10,0,23,0,0,20,1,21,0,13,30,1,44,0,0,0,44
12/20/2014,ABY,GA,ASO,ES,Federal Contract Tower,0,11,3,0,14,0,0,7,0,7,0,11,10,0,21,0,0,0,21
12/21/2014,ABY,GA,ASO,ES,Federal Contract Tower,0,4,11,1,16,0,0,0,0,0,0,4,11,1,16,0,0,0,16
12/22/2014,ABY,GA,ASO,ES,Federal Contract Tower,0,5,7,0,12,0,0,0,0,0,0,5,7,0,12,0,0,0,12
12/23/2014,ABY,GA,ASO,ES,Federal Contract Tower,1,7,2,0,10,0,0,0,0,0,1,7,2,0,10,0,0,0,10
12/24/2014,ABY,GA,ASO,ES,Federal Contract Tower,5,9,1,0,15,0,0,0,0,0,5,9,1,0,15,0,0,0,15
12/25/2014,ABY,GA,ASO,ES,Federal Contract Tower,0,4,5,0,9,0,0,3,0,3,0,4,8,0,12,0,0,0,12
12/26/2014,ABY,GA,ASO,ES,Federal Contract Tower,0,10,14,0,24,0,1,27,0,28,0,11,41,0,52,12,0,12,64
12/27/2014,ABY,GA,ASO,ES,Federal Contract Tower,0,5,16,0,21,0,0,27,0,27,0,5,43,0,48,6,0,6,54
12/28/2014,ABY,GA,ASO,ES,Federal Contract Tower,0,9,11,0,20,0,0,9,0,9,0,9,20,0,29,0,0,0,29
12/29/2014,ABY,GA,ASO,ES,Federal Contract Tower,0,5,11,4,20,0,0,1,0,1,0,5,12,4,21,0,0,0,21
12/30/2014,ABY,GA,ASO,ES,Federal Contract Tower,0,16,10,3,29,0,0,23,0,23,0,16,33,3,52,16,0,16,68
12/31/2014,ABY,GA,ASO,ES,Federal Contract Tower,0,7,7,0,14,0,0,3,0,3,0,7,10,0,17,0,0,0,17
01/01/2015,ABY,GA,ASO,ES,Federal Contract Tower,0,2,4,0,6,0,0,26,0,26,0,2,30,0,32,0,0,0,32
01/02/2015,ABY,GA,ASO,ES,Federal Contract Tower,0,12,8,0,20,0,0,0,0,0,0,12,8,0,20,0,0,0,20
01/03/2015,ABY,GA,ASO,ES,Federal Contract Tower,0,3,4,0,7,0,0,0,0,0,0,3,4,0,7,0,0,0,7
01/04/2015,ABY,GA,ASO,ES,Federal Contract Tower,0,2,13,0,15,0,0,0,0,0,0,2,13,0,15,0,0,0,15
01/05/2015,ABY,GA,ASO,ES,Federal Contract Tower,0,12,5,2,19,0,0,14,0,14,0,12,19,2,33,0,0,0,33
01/06/2015,ABY,GA,ASO,ES,Federal Contract Tower,6,12,10,0,28,0,1,26,0,27,6,13,36,0,55,10,0,10,65
01/07/2015,ABY,GA,ASO,ES,Federal Contract Tower,5,9,10,0,24,0,0,26,0,26,5,9,36,0,50,46,0,46,96
01/08/2015,ABY,GA,ASO,ES,Federal Contract Tower,2,14,12,0,28,0,0,26,0,26,2,14,38,0,54,32,0,32,86
01/09/2015,ABY,GA,ASO,ES,Federal Contract Tower,4,13,19,7,43,0,0,23,0,23,4,13,42,7,66,26,16,42,108
01/10/2015,ABY,GA,ASO,ES,Federal Contract Tower,2,6,14,0,22,0,1,23,0,24,2,7,37,0,46,10,0,10,56
01/11/2015,ABY,GA,ASO,ES,Federal Contract Tower,0,6,10,4,20,0,0,12,0,12,0,6,22,4,32,0,12,12,44
01/12/2015,ABY,GA,ASO,ES,Federal Contract Tower,2,8,9,2,21,0,0,0,0,0,2,8,9,2,21,0,0,0,21
01/13/2015,ABY,GA,ASO,ES,Federal Contract Tower,2,11,13,0,26,0,0,0,0,0,2,11,13,0,26,0,0,0,26
01/14/2015,ABY,GA,ASO,ES,Federal Contract Tower,2,13,12,0,27,0,0,7,0,7,2,13,19,0,34,0,0,0,34
01/15/2015,ABY,GA,ASO,ES,Federal Contract Tower,0,13,21,0,34,0,0,0,0,0,0,13,21,0,34,0,0,0,34
01/16/2015,ABY,GA,ASO,ES,Federal Contract Tower,0,14,19,0,33,0,0,34,1,35,0,14,53,1,68,50,0,50,118
01/17/2015,ABY,GA,ASO,ES,Federal Contract Tower,0,4,16,0,20,0,0,36,0,36,0,4,52,0,56,14,0,14,70
01/18/2015,ABY,GA,ASO,ES,Federal Contract Tower,0,7,8,8,23,0,1,27,2,30,0,8,35,10,53,4,8,12,65
01/19/2015,ABY,GA,ASO,ES,Federal Contract Tower,0,13,25,0,38,0,2,35,0,37,0,15,60,0,75,28,0,28,103
01/20/2015,ABY,GA,ASO,ES,Federal Contract Tower,0,10,14,2,26,0,0,28,0,28,0,10,42,2,54,16,0,16,70
01/21/2015,ABY,GA,ASO,ES,Federal Contract Tower,0,8,19,0,27,0,0,28,0,28,0,8,47,0,55,10,0,10,65
01/22/2015,ABY,GA,ASO,ES,Federal Contract Tower,0,9,28,8,45,0,0,28,0,28,0,9,56,8,73,26,0,26,99
01/23/2015,ABY,GA,ASO,ES,Federal Contract Tower,0,17,5,0,22,0,0,0,0,0,0,17,5,0,22,0,0,0,22
01/24/2015,ABY,GA,ASO,ES,Federal Contract Tower,0,5,15,0,20,0,0,22,0,22,0,5,37,0,42,8,0,8,50
01/25/2015,ABY,GA,ASO,ES,Federal Contract Tower,0,7,10,5,22,0,0,28,7,35,0,7,38,12,57,18,0,18,75
01/26/2015,ABY,GA,ASO,ES,Federal Contract Tower,0,11,14,5,30,0,0,16,2,18,0,11,30,7,48,0,0,0,48
01/27/2015,ABY,GA,ASO,ES,Federal Contract Tower,0,9,15,0,24,0,0,26,0,26,0,9,41,0,50,0,0,0,50
01/28/2015,ABY,GA,ASO,ES,Federal Contract Tower,0,11,10,0,21,0,0,35,0,35,0,11,45,0,56,40,0,40,96
01/29/2015,ABY,GA,ASO,ES,Federal Contract Tower,0,15,15,4,34,0,0,35,3,38,0,15,50,7,72,50,16,66,138
01/30/2015,ABY,GA,ASO,ES,Federal Contract Tower,0,13,11,2,26,0,0,21,1,22,0,13,32,3,48,22,16,38,86
01/31/2015,ABY,GA,ASO,ES,Federal Contract Tower,0,9,9,0,18,0,0,25,0,25,0,9,34,0,43,16,0,16,59
02/01/2015,ABY,GA,ASO,ES,Federal Contract Tower,0,15,12,0,27,0,0,11,0,11,0,15,23,0,38,0,0,0,38
02/02/2015,ABY,GA,ASO,ES,Federal Contract Tower,0,8,15,0,23,0,0,11,0,11,0,8,26,0,34,0,0,0,34
02/03/2015,ABY,GA,ASO,ES,Federal Contract Tower,0,12,21,4,37,0,0,19,0,19,0,12,40,4,56,30,6,36,92
02/04/2015,ABY,GA,ASO,ES,Federal Contract Tower,0,7,13,0,20,0,0,11,0,11,0,7,24,0,31,0,0,0,31
02/05/2015,ABY,GA,ASO,ES,Federal Contract Tower,0,17,18,0,35,0,0,25,2,27,0,17,43,2,62,22,4,26,88
02/06/2015,ABY,GA,ASO,ES,Federal Contract Tower,0,8,10,3,21,0,1,24,5,30,0,9,34,8,51,2,0,2,53
02/07/2015,ABY,GA,ASO,ES,Federal Contract Tower,0,7,9,2,18,0,0,5,0,5,0,7,14,2,23,2,22,24,47
02/08/2015,ABY,GA,ASO,ES,Federal Contract Tower,0,12,13,6,31,0,0,15,2,17,0,12,28,8,48,10,0,10,58
02/09/2015,ABY,GA,ASO,ES,Federal Contract Tower,0,9,16,0,25,0,0,7,0,7,0,9,23,0,32,28,0,28,60
02/10/2015,ABY,GA,ASO,ES,Federal Contract Tower,0,13,15,0,28,0,0,11,0,11,0,13,26,0,39,18,0,18,57
02/11/2015,ABY,GA,ASO,ES,Federal Contract Tower,0,10,23,3,36,0,0,23,0,23,0,10,46,3,59,30,0,30,89
02/12/2015,ABY,GA,ASO,ES,Federal Contract Tower,0,15,7,2,24,0,0,21,0,21,0,15,28,2,45,18,0,18,63
02/13/2015,ABY,GA,ASO,ES,Federal Contract Tower,0,10,15,0,25,0,0,21,0,21,0,10,36,0,46,0,0,0,46
02/14/2015,ABY,GA,ASO,ES,Federal Contract Tower,0,3,4,0,7,0,0,25,0,25,0,3,29,0,32,24,0,24,56
02/15/2015,ABY,GA,ASO,ES,Federal Contract Tower,0,5,9,0,14,0,0,12,0,12,0,5,21,0,26,4,0,4,30
02/16/2015,ABY,GA,ASO,ES,Federal Contract Tower,0,11,8,6,25,0,0,5,0,5,0,11,13,6,30,0,0,0,30
02/17/2015,ABY,GA,ASO,ES,Federal Contract Tower,2,7,12,2,23,0,0,13,0,13,2,7,25,2,36,0,10,10,46
02/18/2015,ABY,GA,ASO,ES,Federal Contract Tower,0,12,16,2,30,0,0,23,0,23,0,12,39,2,53,0,10,10,63
02/19/2015,ABY,GA,ASO,ES,Federal Contract Tower,0,13,26,0,39,0,2,42,0,44,0,15,68,0,83,32,0,32,115
02/20/2015,ABY,GA,ASO,ES,Federal Contract Tower,0,15,8,0,23,0,0,35,2,37,0,15,43,2,60,6,0,6,66
02/21/2015,ABY,GA,ASO,ES,Federal Contract Tower,0,8,19,0,27,0,0,21,0,21,0,8,40,0,48,6,0,6,54
02/22/2015,ABY,GA,ASO,ES,Federal Contract Tower,0,20,11,0,31,0,0,22,0,22,0,20,33,0,53,0,0,0,53
02/23/2015,ABY,GA,ASO,ES,Federal Contract Tower,0,12,15,0,27,0,0,11,0,11,0,12,26,0,38,6,0,6,44
02/24/2015,ABY,GA,ASO,ES,Federal Contract Tower,0,18,17,3,38,0,0,9,1,10,0,18,26,4,48,0,0,0,48
02/25/2015,ABY,GA,ASO,ES,Federal Contract Tower,0,9,7,0,16,0,0,2,0,2,0,9,9,0,18,0,0,0,18
02/26/2015,ABY,GA,ASO,ES,Federal Contract Tower,0,19,19,4,42,0,0,12,0,12,0,19,31,4,54,46,0,46,100
02/27/2015,ABY,GA,ASO,ES,Federal Contract Tower,0,9,14,0,23,0,0,35,0,35,0,9,49,0,58,10,0,10,68
02/28/2015,ABY,GA,ASO,ES,Federal Contract Tower,0,18,11,0,29,0,0,13,0,13,0,18,24,0,42,2,0,2,44
03/01/2015,ABY,GA,ASO,ES,Federal Contract Tower,0,10,14,1,25,0,0,0,0,0,0,10,14,1,25,0,0,0,25
03/02/2015,ABY,GA,ASO,ES,Federal Contract Tower,0,10,13,0,23,0,0,29,0,29,0,10,42,0,52,48,0,48,100
03/03/2015,ABY,GA,ASO,ES,Federal Contract Tower,0,11,16,0,27,0,0,22,0,22,0,11,38,0,49,50,0,50,99
03/04/2015,ABY,GA,ASO,ES,Federal Contract Tower,0,12,14,0,26,0,0,15,0,15,0,12,29,0,41,32,0,32,73
03/05/2015,ABY,GA,ASO,ES,Federal Contract Tower,2,10,5,2,19,0,0,2,0,2,2,10,7,2,21,0,0,0,21
03/06/2015,ABY,GA,ASO,ES,Federal Contract Tower,1,13,25,3,42,0,0,3,0,3,1,13,28,3,45,0,0,0,45
03/07/2015,ABY,GA,ASO,ES,Federal Contract Tower,0,9,6,0,15,0,0,28,0,28,0,9,34,0,43,22,0,22,65
03/08/2015,ABY,GA,ASO,ES,Federal Contract Tower,0,4,6,2,12,0,0,29,5,34,0,4,35,7,46,0,16,16,62
03/09/2015,ABY,GA,ASO,ES,Federal Contract Tower,0,8,12,2,22,0,0,25,48,73,0,8,37,50,95,4,0,4,99
03/10/2015,ABY,GA,ASO,ES,Federal Contract Tower,0,7,7,5,19,0,0,26,0,26,0,7,33,5,45,0,4,4,49
03/11/2015,ABY,GA,ASO,ES,Federal Contract Tower,1,10,14,1,26,0,1,9,1,11,1,11,23,2,37,6,18,24,61
03/12/2015,ABY,GA,ASO,ES,Federal Contract Tower,0,6,13,0,19,0,0,18,0,18,0,6,31,0,37,14,0,14,51
03/13/2015,ABY,GA,ASO,ES,Federal Contract Tower,0,8,8,11,27,0,0,1,7,8,0,8,9,18,35,0,20,20,55
03/14/2015,ABY,GA,ASO,ES,Federal Contract Tower,0,3,2,1,6,0,0,8,0,8,0,3,10,1,14,16,0,16,30
03/15/2015,ABY,GA,ASO,ES,Federal Contract Tower,0,10,2,0,12,0,0,22,2,24,0,10,24,2,36,32,0,32,68
03/16/2015,ABY,GA,ASO,ES,Federal Contract Tower,0,10,8,0,18,0,0,22,0,22,0,10,30,0,40,34,0,34,74
03/17/2015,ABY,GA,ASO,ES,Federal Contract Tower,0,10,14,0,24,0,0,38,0,38,0,10,52,0,62,38,0,38,100
03/18/2015,ABY,GA,ASO,ES,Federal Contract Tower,0,7,13,0,20,0,0,28,0,28,0,7,41,0,48,4,20,24,72
03/19/2015,ABY,GA,ASO,ES,Federal Contract Tower,0,8,6,4,18,0,0,10,0,10,0,8,16,4,28,2,0,2,30
03/20/2015,ABY,GA,ASO,ES,Federal Contract Tower,0,9,12,2,23,0,0,7,4,11,0,9,19,6,34,0,0,0,34
03/21/2015,ABY,GA,ASO,ES,Federal Contract Tower,0,4,7,6,17,0,0,19,0,19,0,4,26,6,36,30,8,38,74
03/22/2015,ABY,GA,ASO,ES,Federal Contract Tower,0,6,4,6,16,0,0,8,6,14,0,6,12,12,30,0,0,0,30
03/23/2015,ABY,GA,ASO,ES,Federal Contract Tower,0,11,11,0,22,0,0,14,0,14,0,11,25,0,36,18,0,18,54
03/24/2015,ABY,GA,ASO,ES,Federal Contract Tower,0,7,14,4,25,0,0,28,0,28,0,7,42,4,53,38,0,38,91
03/25/2015,ABY,GA,ASO,ES,Federal Contract Tower,0,9,8,2,19,0,0,32,0,32,0,9,40,2,51,28,8,36,87
03/26/2015,ABY,GA,ASO,ES,Federal Contract Tower,0,6,12,12,30,0,0,4,0,4,0,6,16,12,34,0,18,18,52
03/27/2015,ABY,GA,ASO,ES,Federal Contract Tower,0,6,18,0,24,0,0,5,0,5,0,6,23,0,29,0,0,0,29
03/28/2015,ABY,GA,ASO,ES,Federal Contract Tower,0,2,5,0,7,0,0,25,6,31,0,2,30,6,38,0,0,0,38
03/29/2015,ABY,GA,ASO,ES,Federal Contract Tower,0,6,11,5,22,0,0,35,2,37,0,6,46,7,59,20,0,20,79
03/30/2015,ABY,GA,ASO,ES,Federal Contract Tower,0,9,6,0,15,0,0,11,1,12,0,9,17,1,27,2,0,2,29
03/31/2015,ABY,GA,ASO,ES,Federal Contract Tower,1,10,8,0,19,0,0,0,0,0,1,10,8,0,19,26,0,26,45
04/01/2015,ABY,GA,ASO,ES,Federal Contract Tower,0,7,3,0,10,0,0,17,2,19,0,7,20,2,29,18,0,18,47
04/02/2015,ABY,GA,ASO,ES,Federal Contract Tower,0,4,12,4,20,0,0,21,1,22,0,4,33,5,42,42,2,44,86
04/03/2015,ABY,GA,ASO,ES,Federal Contract Tower,0,7,9,9,25,0,0,19,1,20,0,7,28,10,45,10,4,14,59
04/04/2015,ABY,GA,ASO,ES,Federal Contract Tower,0,4,3,0,7,0,0,17,0,17,0,4,20,0,24,16,0,16,40
04/05/2015,ABY,GA,ASO,ES,Federal Contract Tower,0,6,6,0,12,0,0,22,1,23,0,6,28,1,35,0,0,0,35
04/06/2015,ABY,GA,ASO,ES,Federal Contract Tower,0,4,10,4,18,0,0,13,0,13,0,4,23,4,31,24,26,50,81
04/07/2015,ABY,GA,ASO,ES,Federal Contract Tower,0,9,9,4,22,0,0,44,0,44,0,9,53,4,66,18,56,74,140
04/08/2015,ABY,GA,ASO,ES,Federal Contract Tower,0,9,6,0,15,0,1,37,0,38,0,10,43,0,53,28,0,28,81
04/09/2015,ABY,GA,ASO,ES,Federal Contract Tower,0,11,5,0,16,0,0,27,4,31,0,11,32,4,47,48,20,68,115
04/10/2015,ABY,GA,ASO,ES,Federal Contract Tower,0,6,5,0,11,0,0,9,0,9,0,6,14,0,20,12,0,12,32
04/11/2015,ABY,GA,ASO,ES,Federal Contract Tower,0,7,8,0,15,0,0,2,0,2,0,7,10,0,17,0,0,0,17
04/12/2015,ABY,GA,ASO,ES,Federal Contract Tower,0,8,4,0,12,0,0,1,0,1,0,8,5,0,13,0,0,0,13
04/13/2015,ABY,GA,ASO,ES,Federal Contract Tower,0,8,10,0,18,0,0,0,0,0,0,8,10,0,18,16,0,16,34
04/14/2015,ABY,GA,ASO,ES,Federal Contract Tower,0,6,12,0,18,0,0,1,0,1,0,6,13,0,19,24,0,24,43
04/15/2015,ABY,GA,ASO,ES,Federal Contract Tower,0,7,12,0,19,0,0,3,0,3,0,7,15,0,22,10,0,10,32
04/16/2015,ABY,GA,ASO,ES,Federal Contract Tower,0,8,5,0,13,0,0,2,0,2,0,8,7,0,15,0,0,0,15
04/17/2015,ABY,GA,ASO,ES,Federal Contract Tower,0,9,9,1,19,0,0,11,1,12,0,9,20,2,31,40,0,40,71
04/18/2015,ABY,GA,ASO,ES,Federal Contract Tower,0,3,8,1,12,0,0,17,0,17,0,3,25,1,29,0,0,0,29
04/19/2015,ABY,GA,ASO,ES,Federal Contract Tower,0,7,3,5,15,0,0,3,0,3,0,7,6,5,18,0,0,0,18
04/20/2015,ABY,GA,ASO,ES,Federal Contract Tower,0,8,8,0,16,0,0,5,0,5,0,8,13,0,21,10,0,10,31
04/21/2015,ABY,GA,ASO,ES,Federal Contract Tower,0,10,7,0,17,0,0,31,0,31,0,10,38,0,48,6,0,6,54
04/22/2015,ABY,GA,ASO,ES,Federal Contract Tower,0,9,14,1,24,0,0,29,1,30,0,9,43,2,54,16,0,16,70
04/23/2015,ABY,GA,ASO,ES,Federal Contract Tower,0,6,12,4,22,0,0,26,2,28,0,6,38,6,50,14,0,14,64
04/24/2015,ABY,GA,ASO,ES,Federal Contract Tower,0,10,8,0,18,0,0,29,0,29,0,10,37,0,47,12,0,12,59
04/25/2015,ABY,GA,ASO,ES,Federal Contract Tower,0,2,2,0,4,0,0,4,0,4,0,2,6,0,8,0,0,0,8
04/26/2015,ABY,GA,ASO,ES,Federal Contract Tower,0,5,15,0,20,0,0,33,0,33,0,5,48,0,53,0,0,0,53
04/27/2015,ABY,GA,ASO,ES,Federal Contract Tower,0,8,4,0,12,0,0,38,0,38,0,8,42,0,50,26,0,26,76
04/28/2015,ABY,GA,ASO,ES,Federal Contract Tower,0,10,9,9,28,0,0,8,0,8,0,10,17,9,36,0,6,6,42
04/29/2015,ABY,GA,ASO,ES,Federal Contract Tower,0,10,7,2,19,0,0,0,0,0,0,10,7,2,19,0,2,2,21
04/30/2015,ABY,GA,ASO,ES,Federal Contract Tower,2,8,4,0,14,0,0,19,0,19,2,8,23,0,33,2,0,2,35
05/01/2015,ABY,GA,ASO,ES,Federal Contract Tower,0,9,17,2,28,0,0,41,0,41,0,9,58,2,69,20,0,20,89
05/02/2015,ABY,GA,ASO,ES,Federal Contract Tower,0,4,1,0,5,0,0,21,0,21,0,4,22,0,26,4,0,4,30
05/03/2015,ABY,GA,ASO,ES,Federal Contract Tower,0,4,6,2,12,0,0,28,0,28,0,4,34,2,40,24,0,24,64
05/04/2015,ABY,GA,ASO,ES,Federal Contract Tower,0,11,7,0,18,0,0,19,0,19,0,11,26,0,37,0,0,0,37
05/05/2015,ABY,GA,ASO,ES,Federal Contract Tower,0,9,11,5,25,0,0,21,0,21,0,9,32,5,46,24,6,30,76
05/06/2015,ABY,GA,ASO,ES,Federal Contract Tower,0,8,8,2,18,0,0,27,0,27,0,8,35,2,45,2,22,24,69
05/07/2015,ABY,GA,ASO,ES,Federal Contract Tower,0,8,10,4,22,0,0,31,0,31,0,8,41,4,53,30,0,30,83
05/08/2015,ABY,GA,ASO,ES,Federal Contract Tower,0,16,10,3,29,0,39,0,0,39,0,55,10,3,68,30,0,30,98
05/09/2015,ABY,GA,ASO,ES,Federal Contract Tower,0,2,9,0,11,0,0,24,0,24,0,2,33,0,35,10,0,10,45
05/10/2015,ABY,GA,ASO,ES,Federal Contract Tower,0,4,5,1,10,0,0,30,1,31,0,4,35,2,41,10,0,10,51
05/11/2015,ABY,GA,ASO,ES,Federal Contract Tower,0,6,16,8,30,0,0,24,0,24,0,6,40,8,54,86,0,86,140
05/12/2015,ABY,GA,ASO,ES,Federal Contract Tower,0,7,8,6,21,0,0,20,0,20,0,7,28,6,41,60,0,60,101
05/13/2015,ABY,GA,ASO,ES,Federal Contract Tower,0,7,6,5,18,0,2,27,0,29,0,9,33,5,47,18,12,30,77
05/14/2015,ABY,GA,ASO,ES,Federal Contract Tower,0,5,7,2,14,0,0,16,0,16,0,5,23,2,30,0,0,0,30
05/15/2015,ABY,GA,ASO,ES,Federal Contract Tower,1,7,13,13,34,0,0,33,1,34,1,7,46,14,68,12,20,32,100
05/16/2015,ABY,GA,ASO,ES,Federal Contract Tower,0,2,1,0,3,0,0,20,0,20,0,2,21,0,23,0,0,0,23
05/17/2015,ABY,GA,ASO,ES,Federal Contract Tower,0,4,2,0,6,0,0,10,0,10,0,4,12,0,16,0,0,0,16
05/18/2015,ABY,GA,ASO,ES,Federal Contract Tower,0,6,13,0,19,0,0,22,0,22,0,6,35,0,41,30,0,30,71
05/19/2015,ABY,GA,ASO,ES,Federal Contract Tower,0,8,10,10,28,0,0,40,4,44,0,8,50,14,72,0,16,16,88
05/20/2015,ABY,GA,ASO,ES,Federal Contract Tower,0,4,5,1,10,0,0,44,2,46,0,4,49,3,56,20,0,20,76
05/21/2015,ABY,GA,ASO,ES,Federal Contract Tower,0,8,3,4,15,0,0,48,0,48,0,8,51,4,63,18,28,46,109
05/22/2015,ABY,GA,ASO,ES,Federal Contract Tower,0,12,8,5,25,0,0,31,0,31,0,12,39,5,56,12,6,18,74
05/23/2015,ABY,GA,ASO,ES,Federal Contract Tower,0,2,1,0,3,0,0,17,0,17,0,2,18,0,20,0,0,0,20
05/24/2015,ABY,GA,ASO,ES,Federal Contract Tower,0,2,6,0,8,0,0,6,0,6,0,2,12,0,14,2,0,2,16
05/25/2015,ABY,GA,ASO,ES,Federal Contract Tower,0,5,6,0,11,0,0,14,0,14,0,5,20,0,25,20,0,20,45
05/26/2015,ABY,GA,ASO,ES,Federal Contract Tower,0,9,5,0,14,0,0,9,0,9,0,9,14,0,23,18,0,18,41
05/27/2015,ABY,GA,ASO,ES,Federal Contract Tower,0,4,7,6,17,0,0,8,0,8,0,4,15,6,25,6,0,6,31
05/28/2015,ABY,GA,ASO,ES,Federal Contract Tower,0,11,14,11,36,0,0,27,0,27,0,11,41,11,63,0,6,6,69
05/29/2015,ABY,GA,ASO,ES,Federal Contract Tower,0,10,17,2,29,0,0,30,6,36,0,10,47,8,65,2,0,2,67
05/30/2015,ABY,GA,ASO,ES,Federal Contract Tower,0,5,0,5,10,0,0,16,1,17,0,5,16,6,27,0,4,4,31
05/31/2015,ABY,GA,ASO,ES,Federal Contract Tower,0,4,11,8,23,0,0,9,1,10,0,4,20,9,33,0,0,0,33
06/01/2015,ABY,GA,ASO,ES,Federal Contract Tower,0,6,16,5,27,0,0,0,0,0,0,6,16,5,27,10,48,58,85
06/02/2015,ABY,GA,ASO,ES,Federal Contract Tower,0,5,12,3,20,0,0,13,0,13,0,5,25,3,33,16,0,16,49
06/03/2015,ABY,GA,ASO,ES,Federal Contract Tower,0,5,5,0,10,0,0,3,0,3,0,5,8,0,13,0,0,0,13
06/04/2015,ABY,GA,ASO,ES,Federal Contract Tower,0,7,12,0,19,0,0,16,0,16,0,7,28,0,35,20,0,20,55
06/05/2015,ABY,GA,ASO,ES,Federal Contract Tower,0,13,14,0,27,0,0,21,0,21,0,13,35,0,48,30,0,30,78
06/06/2015,ABY,GA,ASO,ES,Federal Contract Tower,0,3,3,8,14,0,0,27,12,39,0,3,30,20,53,0,0,0,53
06/07/2015,ABY,GA,ASO,ES,Federal Contract Tower,0,8,6,2,16,0,0,17,0,17,0,8,23,2,33,0,0,0,33
06/08/2015,ABY,GA,ASO,ES,Federal Contract Tower,0,4,8,4,16,0,0,18,0,18,0,4,26,4,34,16,0,16,50
06/09/2015,ABY,GA,ASO,ES,Federal Contract Tower,0,8,13,0,21,0,0,12,0,12,0,8,25,0,33,72,0,72,105
06/10/2015,ABY,GA,ASO,ES,Federal Contract Tower,0,6,6,2,14,0,0,12,0,12,0,6,18,2,26,6,0,6,32
06/11/2015,ABY,GA,ASO,ES,Federal Contract Tower,0,7,9,0,16,0,0,16,0,16,0,7,25,0,32,54,0,54,86
06/12/2015,ABY,GA,ASO,ES,Federal Contract Tower,0,7,1,3,11,0,0,14,0,14,0,7,15,3,25,0,10,10,35
06/13/2015,ABY,GA,ASO,ES,Federal Contract Tower,1,4,0,0,5,0,0,31,1,32,1,4,31,1,37,44,0,44,81
06/14/2015,ABY,GA,ASO,ES,Federal Contract Tower,0,4,0,1,5,0,0,43,3,46,0,4,43,4,51,42,16,58,109
06/15/2015,ABY,GA,ASO,ES,Federal Contract Tower,0,9,8,1,18,0,0,28,0,28,0,9,36,1,46,0,0,0,46
06/16/2015,ABY,GA,ASO,ES,Federal Contract Tower,0,9,14,0,23,0,0,32,0,32,0,9,46,0,55,14,20,34,89
06/17/2015,ABY,GA,ASO,ES,Federal Contract Tower,0,4,7,8,19,0,0,20,0,20,0,4,27,8,39,22,14,36,75
06/18/2015,ABY,GA,ASO,ES,Federal Contract Tower,0,7,8,2,17,0,0,17,0,17,0,7,25,2,34,2,0,2,36
06/19/2015,ABY,GA,ASO,ES,Federal Contract Tower,0,9,7,0,16,0,0,23,2,25,0,9,30,2,41,22,0,22,63
06/20/2015,ABY,GA,ASO,ES,Federal Contract Tower,0,3,5,0,8,0,0,32,0,32,0,3,37,0,40,0,0,0,40
06/21/2015,ABY,GA,ASO,ES,Federal Contract Tower,0,4,3,0,7,0,0,31,0,31,0,4,34,0,38,8,0,8,46
06/22/2015,ABY,GA,ASO,ES,Federal Contract Tower,0,6,8,4,18,0,0,27,1,28,0,6,35,5,46,18,18,36,82
06/23/2015,ABY,GA,ASO,ES,Federal Contract Tower,0,8,13,2,23,0,0,14,0,14,0,8,27,2,37,0,6,6,43
06/24/2015,ABY,GA,ASO,ES,Federal Contract Tower,0,8,8,4,20,0,1,16,3,20,0,9,24,7,40,20,10,30,70
06/25/2015,ABY,GA,ASO,ES,Federal Contract Tower,0,8,15,0,23,0,0,19,0,19,0,8,34,0,42,30,0,30,72
06/26/2015,ABY,GA,ASO,ES,Federal Contract Tower,2,7,4,1,14,0,0,22,2,24,2,7,26,3,38,4,0,4,42
06/27/2015,ABY,GA,ASO,ES,Federal Contract Tower,0,4,5,1,10,0,0,8,0,8,0,4,13,1,18,10,0,10,28
06/28/2015,ABY,GA,ASO,ES,Federal Contract Tower,0,5,2,0,7,0,0,7,0,7,0,5,9,0,14,0,0,0,14
06/29/2015,ABY,GA,ASO,ES,Federal Contract Tower,0,4,2,9,15,0,0,14,0,14,0,4,16,9,29,2,16,18,47
06/30/2015,ABY,GA,ASO,ES,Federal Contract Tower,0,5,5,2,12,0,0,14,0,14,0,5,19,2,26,10,6,16,42
07/01/2015,ABY,GA,ASO,ES,Federal Contract Tower,0,8,8,3,19,0,1,25,0,26,0,9,33,3,45,26,0,26,71
07/02/2015,ABY,GA,ASO,ES,Federal Contract Tower,0,6,6,1,13,0,0,12,1,13,0,6,18,2,26,10,2,12,38
07/03/2015,ABY,GA,ASO,ES,Federal Contract Tower,0,3,7,0,10,0,0,26,0,26,0,3,33,0,36,12,0,12,48
07/04/2015,ABY,GA,ASO,ES,Federal Contract Tower,0,2,0,0,2,0,0,13,0,13,0,2,13,0,15,22,0,22,37
07/05/2015,ABY,GA,ASO,ES,Federal Contract Tower,0,4,5,0,9,0,0,14,0,14,0,4,19,0,23,0,0,0,23
07/06/2015,ABY,GA,ASO,ES,Federal Contract Tower,0,6,17,0,23,0,0,23,0,23,0,6,40,0,46,4,0,4,50
07/07/2015,ABY,GA,ASO,ES,Federal Contract Tower,0,5,5,4,14,0,0,27,0,27,0,5,32,4,41,30,24,54,95
07/08/2015,ABY,GA,ASO,ES,Federal Contract Tower,0,8,6,0,14,0,1,20,0,21,0,9,26,0,35,40,0,40,75
07/09/2015,ABY,GA,ASO,ES,Federal Contract Tower,0,7,14,0,21,0,0,20,2,22,0,7,34,2,43,22,18,40,83
07/10/2015,ABY,GA,ASO,ES,Federal Contract Tower,0,6,7,6,19,0,0,9,0,9,0,6,16,6,28,4,28,32,60
07/11/2015,ABY,GA,ASO,ES,Federal Contract Tower,0,3,1,10,14,0,0,29,0,29,0,3,30,10,43,46,16,62,105
07/12/2015,ABY,GA,ASO,ES,Federal Contract Tower,0,6,4,2,12,0,0,19,0,19,0,6,23,2,31,16,0,16,47
07/13/2015,ABY,GA,ASO,ES,Federal Contract Tower,0,8,7,0,15,0,0,17,0,17,0,8,24,0,32,16,0,16,48
07/14/2015,ABY,GA,ASO,ES,Federal Contract Tower,0,7,10,2,19,0,0,11,0,11,0,7,21,2,30,16,0,16,46
07/15/2015,ABY,GA,ASO,ES,Federal Contract Tower,0,8,12,0,20,0,0,19,0,19,0,8,31,0,39,22,0,22,61
07/16/2015,ABY,GA,ASO,ES,Federal Contract Tower,0,8,16,6,30,0,0,14,0,14,0,8,30,6,44,28,0,28,72
07/17/2015,ABY,GA,ASO,ES,Federal Contract Tower,0,8,4,3,15,0,0,34,1,35,0,8,38,4,50,22,32,54,104
07/18/2015,ABY,GA,ASO,ES,Federal Contract Tower,0,3,9,1,13,0,0,17,0,17,0,3,26,1,30,10,0,10,40
07/19/2015,ABY,GA,ASO,ES,Federal Contract Tower,0,2,4,3,9,0,0,2,4,6,0,2,6,7,15,24,0,24,39
07/20/2015,ABY,GA,ASO,ES,Federal Contract Tower,0,8,5,0,13,0,0,16,0,16,0,8,21,0,29,12,0,12,41
07/21/2015,ABY,GA,ASO,ES,Federal Contract Tower,0,5,9,0,14,0,0,10,0,10,0,5,19,0,24,2,0,2,26
07/22/2015,ABY,GA,ASO,ES,Federal Contract Tower,0,5,7,0,12,0,0,8,0,8,0,5,15,0,20,10,0,10,30
07/23/2015,ABY,GA,ASO,ES,Federal Contract Tower,0,8,13,6,27,0,0,24,0,24,0,8,37,6,51,24,0,24,75
07/24/2015,ABY,GA,ASO,ES,Federal Contract Tower,0,7,8,1,16,0,0,0,0,0,0,7,8,1,16,4,4,8,24
07/25/2015,ABY,GA,ASO,ES,Federal Contract Tower,0,3,5,0,8,0,0,0,9,9,0,3,5,9,17,24,0,24,41
07/26/2015,ABY,GA,ASO,ES,Federal Contract Tower,0,4,4,0,8,0,0,21,0,21,0,4,25,0,29,6,0,6,35
07/27/2015,ABY,GA,ASO,ES,Federal Contract Tower,0,6,7,0,13,0,0,22,0,22,0,6,29,0,35,18,0,18,53
07/28/2015,ABY,GA,ASO,ES,Federal Contract Tower,0,6,17,9,32,0,0,18,0,18,0,6,35,9,50,44,10,54,104
07/29/2015,ABY,GA,ASO,ES,Federal Contract Tower,0,7,8,0,15,0,0,26,1,27,0,7,34,1,42,38,26,64,106
07/30/2015,ABY,GA,ASO,ES,Federal Contract Tower,0,8,13,1,22,0,0,18,0,18,0,8,31,1,40,18,0,18,58
07/31/2015,ABY,GA,ASO,ES,Federal Contract Tower,0,11,7,0,18,0,0,11,0,11,0,11,18,0,29,0,0,0,29
08/01/2015,ABY,GA,ASO,ES,Federal Contract Tower,0,3,1,0,4,0,0,6,0,6,0,3,7,0,10,12,0,12,22
08/02/2015,ABY,GA,ASO,ES,Federal Contract Tower,0,4,2,2,8,0,0,2,0,2,0,4,4,2,10,0,0,0,10
08/03/2015,ABY,GA,ASO,ES,Federal Contract Tower,0,9,5,2,16,0,0,10,0,10,0,9,15,2,26,10,0,10,36
08/04/2015,ABY,GA,ASO,ES,Federal Contract Tower,0,6,16,3,25,0,0,21,0,21,0,6,37,3,46,22,10,32,78
08/05/2015,ABY,GA,ASO,ES,Federal Contract Tower,2,9,9,0,20,0,0,19,0,19,2,9,28,0,39,14,0,14,53
08/06/2015,ABY,GA,ASO,ES,Federal Contract Tower,0,6,4,0,10,0,0,9,0,9,0,6,13,0,19,6,0,6,25
08/07/2015,ABY,GA,ASO,ES,Federal Contract Tower,0,10,11,0,21,0,0,19,2,21,0,10,30,2,42,0,6,6,48
08/08/2015,ABY,GA,ASO,ES,Federal Contract Tower,0,4,5,0,9,0,0,23,0,23,0,4,28,0,32,14,0,14,46
08/09/2015,ABY,GA,ASO,ES,Federal Contract Tower,0,6,3,0,9,0,1,9,0,10,0,7,12,0,19,14,0,14,33
08/10/2015,ABY,GA,ASO,ES,Federal Contract Tower,0,10,9,0,19,0,0,30,0,30,0,10,39,0,49,42,0,42,91
08/11/2015,ABY,GA,ASO,ES,Federal Contract Tower,0,9,5,2,16,0,0,16,0,16,0,9,21,2,32,36,10,46,78
08/12/2015,ABY,GA,ASO,ES,Federal Contract Tower,0,11,19,0,30,0,0,14,0,14,0,11,33,0,44,0,0,0,44
08/13/2015,ABY,GA,ASO,ES,Federal Contract Tower,0,7,1,3,11,0,0,24,5,29,0,7,25,8,40,26,12,38,78
08/14/2015,ABY,GA,ASO,ES,Federal Contract Tower,0,7,7,11,25,0,0,16,0,16,0,7,23,11,41,10,0,10,51
08/15/2015,ABY,GA,ASO,ES,Federal Contract Tower,0,3,5,0,8,0,0,26,0,26,0,3,31,0,34,0,0,0,34
08/16/2015,ABY,GA,ASO,ES,Federal Contract Tower,0,4,5,0,9,0,0,12,2,14,0,4,17,2,23,6,0,6,29
08/17/2015,ABY,GA,ASO,ES,Federal Contract Tower,0,6,13,0,19,0,0,24,6,30,0,6,37,6,49,6,0,6,55
08/18/2015,ABY,GA,ASO,ES,Federal Contract Tower,0,5,7,2,14,0,0,16,0,16,0,5,23,2,30,0,0,0,30
08/19/2015,ABY,GA,ASO,ES,Federal Contract Tower,0,7,12,1,20,0,1,7,0,8,0,8,19,1,28,12,0,12,40
08/20/2015,ABY,GA,ASO,ES,Federal Contract Tower,0,7,10,2,19,0,0,17,0,17,0,7,27,2,36,0,2,2,38
08/21/2015,ABY,GA,ASO,ES,Federal Contract Tower,0,7,6,0,13,0,0,12,0,12,0,7,18,0,25,0,0,0,25
08/22/2015,ABY,GA,ASO,ES,Federal Contract Tower,0,5,6,0,11,0,0,18,0,18,0,5,24,0,29,14,0,14,43
08/23/2015,ABY,GA,ASO,ES,Federal Contract Tower,0,4,8,0,12,0,0,8,0,8,0,4,16,0,20,0,0,0,20
08/24/2015,ABY,GA,ASO,ES,Federal Contract Tower,0,8,9,0,17,0,0,18,0,18,0,8,27,0,35,6,0,6,41
08/25/2015,ABY,GA,ASO,ES,Federal Contract Tower,0,7,8,4,19,0,0,26,0,26,0,7,34,4,45,72,0,72,117
08/26/2015,ABY,GA,ASO,ES,Federal Contract Tower,0,7,13,0,20,0,0,18,0,18,0,7,31,0,38,0,0,0,38
08/27/2015,ABY,GA,ASO,ES,Federal Contract Tower,0,7,12,2,21,0,0,21,0,21,0,7,33,2,42,8,0,8,50
08/28/2015,ABY,GA,ASO,ES,Federal Contract Tower,0,10,12,3,25,0,0,5,1,6,0,10,17,4,31,0,0,0,31
08/29/2015,ABY,GA,ASO,ES,Federal Contract Tower,0,3,5,0,8,0,0,6,0,6,0,3,11,0,14,16,0,16,30
08/30/2015,ABY,GA,ASO,ES,Federal Contract Tower,0,7,5,2,14,0,0,8,2,10,0,7,13,4,24,0,0,0,24
08/31/2015,ABY,GA,ASO,ES,Federal Contract Tower,0,6,8,0,14,0,0,11,0,11,0,6,19,0,25,0,0,0,25
09/01/2015,ABY,GA,ASO,ES,Federal Contract Tower,0,8,1,0,9,0,0,24,0,24,0,8,25,0,33,14,0,14,47
09/02/2015,ABY,GA,ASO,ES,Federal Contract Tower,0,6,4,0,10,0,0,20,0,20,0,6,24,0,30,24,0,24,54
09/03/2015,ABY,GA,ASO,ES,Federal Contract Tower,0,5,14,0,19,0,0,19,0,19,0,5,33,0,38,18,0,18,56
09/04/2015,ABY,GA,ASO,ES,Federal Contract Tower,0,8,8,0,16,0,0,15,0,15,0,8,23,0,31,12,0,12,43
09/05/2015,ABY,GA,ASO,ES,Federal Contract Tower,0,7,4,0,11,0,0,15,0,15,0,7,19,0,26,12,0,12,38
09/06/2015,ABY,GA,ASO,ES,Federal Contract Tower,0,4,8,0,12,0,0,8,0,8,0,4,16,0,20,14,0,14,34
09/07/2015,ABY,GA,ASO,ES,Federal Contract Tower,0,6,6,0,12,0,0,14,0,14,0,6,20,0,26,18,0,18,44
09/08/2015,ABY,GA,ASO,ES,Federal Contract Tower,0,6,11,0,17,0,0,2,0,2,0,6,13,0,19,0,0,0,19
09/09/2015,ABY,GA,ASO,ES,Federal Contract Tower,0,9,13,0,22,0,0,25,0,25,0,9,38,0,47,6,0,6,53
09/10/2015,ABY,GA,ASO,ES,Federal Contract Tower,0,5,13,6,24,0,0,13,0,13,0,5,26,6,37,10,6,16,53
09/11/2015,ABY,GA,ASO,ES,Federal Contract Tower,0,9,10,2,21,0,0,2,0,2,0,9,12,2,23,0,0,0,23
09/12/2015,ABY,GA,ASO,ES,Federal Contract Tower,0,0,11,0,11,0,0,5,0,5,0,0,16,0,16,10,0,10,26
09/13/2015,ABY,GA,ASO,ES,Federal Contract Tower,0,3,9,4,16,0,0,28,1,29,0,3,37,5,45,6,0,6,51
09/14/2015,ABY,GA,ASO,ES,Federal Contract Tower,0,7,12,0,19,0,0,31,3,34,0,7,43,3,53,20,0,20,73
09/15/2015,ABY,GA,ASO,ES,Federal Contract Tower,0,7,10,4,21,0,0,19,0,19,0,7,29,4,40,12,2,14,54
09/16/2015,ABY,GA,ASO,ES,Federal Contract Tower,0,7,10,0,17,0,0,9,0,9,0,7,19,0,26,0,0,0,26
09/17/2015,ABY,GA,ASO,ES,Federal Contract Tower,0,7,4,0,11,0,0,17,0,17,0,7,21,0,28,4,0,4,32
09/18/2015,ABY,GA,ASO,ES,Federal Contract Tower,0,8,16,5,29,0,0,20,3,23,0,8,36,8,52,20,0,20,72
09/19/2015,ABY,GA,ASO,ES,Federal Contract Tower,0,5,9,4,18,0,0,17,0,17,0,5,26,4,35,0,0,0,35
09/20/2015,ABY,GA,ASO,ES,Federal Contract Tower,0,4,7,0,11,0,0,26,0,26,0,4,33,0,37,4,0,4,41
09/21/2015,ABY,GA,ASO,ES,Federal Contract Tower,0,16,16,2,34,0,0,13,0,13,0,16,29,2,47,24,0,24,71
09/22/2015,ABY,GA,ASO,ES,Federal Contract Tower,0,7,7,0,14,0,0,16,0,16,0,7,23,0,30,32,0,32,62
09/23/2015,ABY,GA,ASO,ES,Federal Contract Tower,0,7,10,0,17,0,0,29,0,29,0,7,39,0,46,76,0,76,122
09/24/2015,ABY,GA,ASO,ES,Federal Contract Tower,0,17,2,0,19,0,0,15,0,15,0,17,17,0,34,28,0,28,62
09/25/2015,ABY,GA,ASO,ES,Federal Contract Tower,0,9,6,1,16,0,0,12,0,12,0,9,18,1,28,4,0,4,32
09/26/2015,ABY,GA,ASO,ES,Federal Contract Tower,0,3,13,1,17,0,0,21,0,21,0,3,34,1,38,2,0,2,40
09/27/2015,ABY,GA,ASO,ES,Federal Contract Tower,0,6,4,0,10,0,0,0,0,0,0,6,4,0,10,0,0,0,10
09/28/2015,ABY,GA,ASO,ES,Federal Contract Tower,0,6,2,0,8,0,0,0,0,0,0,6,2,0,8,16,0,16,24
09/29/2015,ABY,GA,ASO,ES,Federal Contract Tower,0,7,11,2,20,0,0,8,0,8,0,7,19,2,28,40,0,40,68
09/30/2015,ABY,GA,ASO,ES,Federal Contract Tower,0,9,7,0,16,0,0,11,0,11,0,9,18,0,27,26,0,26,53
10/01/2015,ABY,GA,ASO,ES,Federal Contract Tower,0,14,16,0,30,0,0,6,0,6,0,14,22,0,36,38,0,38,74
10/02/2015,ABY,GA,ASO,ES,Federal Contract Tower,0,7,14,0,21,0,0,6,2,8,0,7,20,2,29,4,0,4,33
10/03/2015,ABY,GA,ASO,ES,Federal Contract Tower,0,5,5,0,10,0,0,0,0,0,0,5,5,0,10,0,0,0,10
10/04/2015,ABY,GA,ASO,ES,Federal Contract Tower,0,3,3,2,8,0,0,0,0,0,0,3,3,2,8,0,0,0,8
10/05/2015,ABY,GA,ASO,ES,Federal Contract Tower,0,5,8,0,13,0,0,5,0,5,0,5,13,0,18,10,0,10,28
10/06/2015,ABY,GA,ASO,ES,Federal Contract Tower,0,11,13,2,26,0,0,13,0,13,0,11,26,2,39,44,0,44,83
10/07/2015,ABY,GA,ASO,ES,Federal Contract Tower,0,6,7,3,16,0,0,43,0,43,0,6,50,3,59,96,0,96,155
10/08/2015,ABY,GA,ASO,ES,Federal Contract Tower,1,10,5,10,26,0,0,37,0,37,1,10,42,10,63,42,18,60,123
10/09/2015,ABY,GA,ASO,ES,Federal Contract Tower,0,11,16,0,27,0,0,25,0,25,0,11,41,0,52,18,0,18,70
10/10/2015,ABY,GA,ASO,ES,Federal Contract Tower,0,2,1,19,22,0,0,23,0,23,0,2,24,19,45,4,30,34,79
10/11/2015,ABY,GA,ASO,ES,Federal Contract Tower,0,6,18,0,24,0,0,2,0,2,0,6,20,0,26,0,0,0,26
10/12/2015,ABY,GA,ASO,ES,Federal Contract Tower,0,6,17,0,23,0,0,23,0,23,0,6,40,0,46,24,0,24,70
10/13/2015,ABY,GA,ASO,ES,Federal Contract Tower,0,4,12,0,16,0,0,9,0,9,0,4,21,0,25,30,0,30,55
10/14/2015,ABY,GA,ASO,ES,Federal Contract Tower,0,11,8,6,25,0,0,21,0,21,0,11,29,6,46,20,2,22,68
10/15/2015,ABY,GA,ASO,ES,Federal Contract Tower,0,10,8,1,19,0,0,35,1,36,0,10,43,2,55,10,0,10,65
10/16/2015,ABY,GA,ASO,ES,Federal Contract Tower,0,10,12,2,24,0,0,22,0,22,0,10,34,2,46,4,0,4,50
10/17/2015,ABY,GA,ASO,ES,Federal Contract Tower,0,3,0,0,3,0,0,26,0,26,0,3,26,0,29,6,0,6,35
10/18/2015,ABY,GA,ASO,ES,Federal Contract Tower,0,5,6,2,13,0,0,30,0,30,0,5,36,2,43,0,2,2,45
10/19/2015,ABY,GA,ASO,ES,Federal Contract Tower,0,8,11,0,19,0,0,18,0,18,0,8,29,0,37,4,0,4,41
10/20/2015,ABY,GA,ASO,ES,Federal Contract Tower,0,10,15,8,33,0,2,30,1,33,0,12,45,9,66,2,40,42,108
10/21/2015,ABY,GA,ASO,ES,Federal Contract Tower,0,6,10,0,16,0,6,24,0,30,0,12,34,0,46,8,0,8,54
10/22/2015,ABY,GA,ASO,ES,Federal Contract Tower,0,7,15,4,26,0,0,23,0,23,0,7,38,4,49,16,18,34,83
10/23/2015,ABY,GA,ASO,ES,Federal Contract Tower,0,8,6,0,14,0,0,22,0,22,0,8,28,0,36,12,0,12,48
10/24/2015,ABY,GA,ASO,ES,Federal Contract Tower,0,3,1,4,8,0,0,22,0,22,0,3,23,4,30,14,4,18,48
10/25/2015,ABY,GA,ASO,ES,Federal Contract Tower,0,6,11,0,17,0,0,14,0,14,0,6,25,0,31,12,0,12,43
10/26/2015,ABY,GA,ASO,ES,Federal Contract Tower,0,6,5,0,11,0,0,3,0,3,0,6,8,0,14,0,0,0,14
10/27/2015,ABY,GA,ASO,ES,Federal Contract Tower,0,10,10,0,20,0,0,0,0,0,0,10,10,0,20,0,0,0,20
10/28/2015,ABY,GA,ASO,ES,Federal Contract Tower,0,10,5,0,15,0,0,14,0,14,0,10,19,0,29,6,0,6,35
10/29/2015,ABY,GA,ASO,ES,Federal Contract Tower,1,10,8,2,21,0,0,27,2,29,1,10,35,4,50,38,0,38,88
10/30/2015,ABY,GA,ASO,ES,Federal Contract Tower,0,7,16,8,31,0,0,28,0,28,0,7,44,8,59,20,0,20,79
10/31/2015,ABY,GA,ASO,ES,Federal Contract Tower,0,4,3,0,7,0,0,21,0,21,0,4,24,0,28,6,0,6,34
11/01/2015,ABY,GA,ASO,ES,Federal Contract Tower,0,7,5,0,12,0,0,0,0,0,0,7,5,0,12,0,0,0,12
11/02/2015,ABY,GA,ASO,ES,Federal Contract Tower,0,8,1,0,9,0,0,5,0,5,0,8,6,0,14,0,0,0,14
11/03/2015,ABY,GA,ASO,ES,Federal Contract Tower,0,8,17,4,29,0,0,7,2,9,0,8,24,6,38,0,0,0,38
11/04/2015,ABY,GA,ASO,ES,Federal Contract Tower,0,10,15,0,25,0,0,13,0,13,0,10,28,0,38,22,0,22,60
11/05/2015,ABY,GA,ASO,ES,Federal Contract Tower,0,12,7,2,21,0,0,13,0,13,0,12,20,2,34,28,0,28,62
11/06/2015,ABY,GA,ASO,ES,Federal Contract Tower,0,10,7,0,17,0,0,28,0,28,0,10,35,0,45,26,0,26,71
11/07/2015,ABY,GA,ASO,ES,Federal Contract Tower,0,8,0,0,8,0,0,15,0,15,0,8,15,0,23,4,0,4,27
11/08/2015,ABY,GA,ASO,ES,Federal Contract Tower,0,5,11,2,18,0,0,0,0,0,0,5,11,2,18,0,0,0,18
11/09/2015,ABY,GA,ASO,ES,Federal Contract Tower,0,6,7,4,17,0,0,0,0,0,0,6,7,4,17,0,0,0,17
11/10/2015,ABY,GA,ASO,ES,Federal Contract Tower,0,8,18,2,28,0,0,4,0,4,0,8,22,2,32,0,0,0,32
11/11/2015,ABY,GA,ASO,ES,Federal Contract Tower,0,6,18,0,24,0,2,33,0,35,0,8,51,0,59,6,0,6,65
11/12/2015,ABY,GA,ASO,ES,Federal Contract Tower,0,10,11,2,23,0,0,24,6,30,0,10,35,8,53,20,0,20,73
11/13/2015,ABY,GA,ASO,ES,Federal Contract Tower,0,11,8,4,23,0,1,37,0,38,0,12,45,4,61,20,0,20,81
11/14/2015,ABY,GA,ASO,ES,Federal Contract Tower,0,3,5,4,12,0,0,19,0,19,0,3,24,4,31,12,0,12,43
11/15/2015,ABY,GA,ASO,ES,Federal Contract Tower,0,7,16,0,23,0,1,26,0,27,0,8,42,0,50,0,0,0,50
11/16/2015,ABY,GA,ASO,ES,Federal Contract Tower,0,12,7,0,19,0,1,35,2,38,0,13,42,2,57,26,18,44,101
11/17/2015,ABY,GA,ASO,ES,Federal Contract Tower,0,13,3,7,23,0,1,21,0,22,0,14,24,7,45,0,2,2,47
11/18/2015,ABY,GA,ASO,ES,Federal Contract Tower,0,9,5,0,14,0,0,2,0,2,0,9,7,0,16,0,0,0,16
11/19/2015,ABY,GA,ASO,ES,Federal Contract Tower,0,6,27,3,36,0,0,11,0,11,0,6,38,3,47,0,0,0,47
11/20/2015,ABY,GA,ASO,ES,Federal Contract Tower,0,15,17,9,41,0,0,39,4,43,0,15,56,13,84,16,4,20,104
11/21/2015,ABY,GA,ASO,ES,Federal Contract Tower,0,9,17,0,26,0,0,23,0,23,0,9,40,0,49,20,0,20,69
11/22/2015,ABY,GA,ASO,ES,Federal Contract Tower,0,9,16,0,25,0,1,15,0,16,0,10,31,0,41,16,0,16,57
11/23/2015,ABY,GA,ASO,ES,Federal Contract Tower,0,6,13,11,30,0,0,19,0,19,0,6,32,11,49,2,0,2,51
11/24/2015,ABY,GA,ASO,ES,Federal Contract Tower,0,12,22,1,35,0,0,27,1,28,0,12,49,2,63,22,16,38,101
11/25/2015,ABY,GA,ASO,ES,Federal Contract Tower,0,15,17,0,32,0,0,23,0,23,0,15,40,0,55,12,0,12,67
11/26/2015,ABY,GA,ASO,ES,Federal Contract Tower,0,1,2,0,3,0,0,3,0,3,0,1,5,0,6,0,0,0,6
11/27/2015,ABY,GA,ASO,ES,Federal Contract Tower,0,4,4,0,8,0,0,16,0,16,0,4,20,0,24,0,0,0,24
11/28/2015,ABY,GA,ASO,ES,Federal Contract Tower,0,9,5,0,14,0,0,16,0,16,0,9,21,0,30,22,0,22,52
11/29/2015,ABY,GA,ASO,ES,Federal Contract Tower,0,15,10,0,25,0,0,7,0,7,0,15,17,0,32,6,0,6,38
11/30/2015,ABY,GA,ASO,ES,Federal Contract Tower,0,11,10,0,21,0,0,37,0,37,0,11,47,0,58,0,0,0,58
12/01/2015,ABY,GA,ASO,ES,Federal Contract Tower,0,11,10,4,25,0,0,18,0,18,0,11,28,4,43,20,20,40,83
12/02/2015,ABY,GA,ASO,ES,Federal Contract Tower,1,16,13,2,32,0,0,2,2,4,1,16,15,4,36,0,0,0,36
12/03/2015,ABY,GA,ASO,ES,Federal Contract Tower,0,12,13,0,25,0,0,35,0,35,0,12,48,0,60,24,0,24,84
12/04/2015,ABY,GA,ASO,ES,Federal Contract Tower,0,13,14,0,27,0,0,28,0,28,0,13,42,0,55,26,0,26,81
12/05/2015,ABY,GA,ASO,ES,Federal Contract Tower,0,10,7,6,23,0,0,26,0,26,0,10,33,6,49,36,12,48,97
12/06/2015,ABY,GA,ASO,ES,Federal Contract Tower,0,17,6,2,25,0,0,27,0,27,0,17,33,2,52,12,0,12,64
12/07/2015,ABY,GA,ASO,ES,Federal Contract Tower,0,13,7,0,20,0,0,26,0,26,0,13,33,0,46,6,0,6,52
12/08/2015,ABY,GA,ASO,ES,Federal Contract Tower,0,6,21,6,33,0,0,25,0,25,0,6,46,6,58,34,2,36,94
12/09/2015,ABY,GA,ASO,ES,Federal Contract Tower,0,9,15,2,26,0,0,30,0,30,0,9,45,2,56,44,0,44,100
12/10/2015,ABY,GA,ASO,ES,Federal Contract Tower,0,13,13,1,27,0,0,27,0,27,0,13,40,1,54,44,0,44,98
12/11/2015,ABY,GA,ASO,ES,Federal Contract Tower,0,10,15,2,27,0,0,23,7,30,0,10,38,9,57,28,0,28,85
12/12/2015,ABY,GA,ASO,ES,Federal Contract Tower,0,8,9,0,17,0,0,22,0,22,0,8,31,0,39,16,0,16,55
12/13/2015,ABY,GA,ASO,ES,Federal Contract Tower,0,10,16,1,27,0,0,1,2,3,0,10,17,3,30,0,0,0,30
12/14/2015,ABY,GA,ASO,ES,Federal Contract Tower,0,8,27,3,38,0,0,0,0,0,0,8,27,3,38,2,0,2,40
12/15/2015,ABY,GA,ASO,ES,Federal Contract Tower,0,17,19,0,36,0,0,23,0,23,0,17,42,0,59,12,0,12,71
12/16/2015,ABY,GA,ASO,ES,Federal Contract Tower,0,12,11,8,31,0,0,13,0,13,0,12,24,8,44,32,28,60,104
12/17/2015,ABY,GA,ASO,ES,Federal Contract Tower,0,11,8,0,19,0,0,0,0,0,0,11,8,0,19,0,0,0,19
12/18/2015,ABY,GA,ASO,ES,Federal Contract Tower,0,13,3,0,16,0,0,22,1,23,0,13,25,1,39,8,8,16,55
12/19/2015,ABY,GA,ASO,ES,Federal Contract Tower,0,8,5,0,13,0,0,31,0,31,0,8,36,0,44,38,0,38,82
12/20/2015,ABY,GA,ASO,ES,Federal Contract Tower,0,8,6,0,14,0,0,13,0,13,0,8,19,0,27,6,0,6,33
12/21/2015,ABY,GA,ASO,ES,Federal Contract Tower,0,8,11,8,27,0,0,12,0,12,0,8,23,8,39,6,0,6,45
12/22/2015,ABY,GA,ASO,ES,Federal Contract Tower,0,4,10,0,14,0,0,0,0,0,0,4,10,0,14,0,0,0,14
12/23/2015,ABY,GA,ASO,ES,Federal Contract Tower,0,6,0,0,6,0,0,0,0,0,0,6,0,0,6,0,0,0,6
12/24/2015,ABY,GA,ASO,ES,Federal Contract Tower,0,8,8,0,16,0,0,0,0,0,0,8,8,0,16,0,0,0,16
12/25/2015,ABY,GA,ASO,ES,Federal Contract Tower,0,1,3,0,4,0,0,0,0,0,0,1,3,0,4,0,0,0,4
12/26/2015,ABY,GA,ASO,ES,Federal Contract Tower,0,2,11,0,13,0,0,14,0,14,0,2,25,0,27,4,0,4,31
12/27/2015,ABY,GA,ASO,ES,Federal Contract Tower,0,8,8,0,16,0,0,20,0,20,0,8,28,0,36,0,0,0,36
12/28/2015,ABY,GA,ASO,ES,Federal Contract Tower,0,8,6,2,16,0,0,5,0,5,0,8,11,2,21,2,0,2,23
12/29/2015,ABY,GA,ASO,ES,Federal Contract Tower,0,7,12,0,19,0,0,6,0,6,0,7,18,0,25,0,0,0,25
12/30/2015,ABY,GA,ASO,ES,Federal Contract Tower,0,8,10,0,18,0,0,4,0,4,0,8,14,0,22,4,0,4,26
12/31/2015,ABY,GA,ASO,ES,Federal Contract Tower,0,7,2,0,9,0,0,0,0,0,0,7,2,0,9,0,0,0,9
01/01/2016,ABY,GA,ASO,ES,Federal Contract Tower,0,5,4,0,9,0,0,10,0,10,0,5,14,0,19,6,0,6,25
01/02/2016,ABY,GA,ASO,ES,Federal Contract Tower,0,4,16,0,20,0,0,27,0,27,0,4,43,0,47,4,0,4,51
01/03/2016,ABY,GA,ASO,ES,Federal Contract Tower,0,7,6,0,13,0,0,16,0,16,0,7,22,0,29,0,0,0,29
01/04/2016,ABY,GA,ASO,ES,Federal Contract Tower,0,9,7,4,20,0,0,28,0,28,0,9,35,4,48,6,16,22,70
01/05/2016,ABY,GA,ASO,ES,Federal Contract Tower,0,9,7,0,16,0,0,16,0,16,0,9,23,0,32,10,0,10,42
01/06/2016,ABY,GA,ASO,ES,Federal Contract Tower,0,9,10,1,20,0,0,21,1,22,0,9,31,2,42,16,0,16,58
01/07/2016,ABY,GA,ASO,ES,Federal Contract Tower,0,13,10,6,29,0,0,26,0,26,0,13,36,6,55,30,4,34,89
01/08/2016,ABY,GA,ASO,ES,Federal Contract Tower,1,14,14,0,29,0,0,0,0,0,1,14,14,0,29,0,0,0,29
01/09/2016,ABY,GA,ASO,ES,Federal Contract Tower,0,16,6,0,22,0,0,0,0,0,0,16,6,0,22,0,0,0,22
01/10/2016,ABY,GA,ASO,ES,Federal Contract Tower,0,13,15,0,28,0,0,7,2,9,0,13,22,2,37,0,0,0,37
01/11/2016,ABY,GA,ASO,ES,Federal Contract Tower,0,10,8,2,20,0,0,36,0,36,0,10,44,2,56,58,30,88,144
01/12/2016,ABY,GA,ASO,ES,Federal Contract Tower,0,10,5,0,15,0,0,26,0,26,0,10,31,0,41,12,0,12,53
01/13/2016,ABY,GA,ASO,ES,Federal Contract Tower,1,13,7,4,25,0,3,35,0,38,1,16,42,4,63,60,0,60,123
01/14/2016,ABY,GA,ASO,ES,Federal Contract Tower,0,12,16,0,28,0,0,36,0,36,0,12,52,0,64,36,0,36,100
01/15/2016,ABY,GA,ASO,ES,Federal Contract Tower,0,16,23,0,39,0,1,6,0,7,0,17,29,0,46,0,0,0,46
01/16/2016,ABY,GA,ASO,ES,Federal Contract Tower,2,10,21,0,33,0,0,29,0,29,2,10,50,0,62,0,0,0,62
01/17/2016,ABY,GA,ASO,ES,Federal Contract Tower,0,8,17,0,25,0,0,7,0,7,0,8,24,0,32,6,0,6,38
01/18/2016,ABY,GA,ASO,ES,Federal Contract Tower,0,18,17,0,35,0,0,15,3,18,0,18,32,3,53,0,0,0,53
01/20/2016,ABY,GA,ASO,ES,Federal Contract Tower,1,11,27,7,46,0,0,26,0,26,1,11,53,7,72,8,20,28,100
01/21/2016,ABY,GA,ASO,ES,Federal Contract Tower,0,17,15,2,34,0,0,10,0,10,0,17,25,2,44,0,6,6,50
01/22/2016,ABY,GA,ASO,ES,Federal Contract Tower,0,17,7,0,24,0,0,2,0,2,0,17,9,0,26,0,0,0,26
01/23/2016,ABY,GA,ASO,ES,Federal Contract Tower,0,2,11,0,13,0,0,2,2,4,0,2,13,2,17,0,0,0,17
01/24/2016,ABY,GA,ASO,ES,Federal Contract Tower,0,7,14,2,23,0,0,25,0,25,0,7,39,2,48,4,0,4,52
01/25/2016,ABY,GA,ASO,ES,Federal Contract Tower,0,8,14,0,22,0,1,21,0,22,0,9,35,0,44,62,0,62,106
01/26/2016,ABY,GA,ASO,ES,Federal Contract Tower,0,12,13,9,34,0,0,17,9,26,0,12,30,18,60,18,0,18,78
01/27/2016,ABY,GA,ASO,ES,Federal Contract Tower,0,12,25,0,37,0,0,11,0,11,0,12,36,0,48,42,0,42,90
01/28/2016,ABY,GA,ASO,ES,Federal Contract Tower,0,14,18,2,34,0,0,0,0,0,0,14,18,2,34,0,0,0,34
01/29/2016,ABY,GA,ASO,ES,Federal Contract Tower,1,18,16,6,41,0,0,34,1,35,1,18,50,7,76,8,18,26,102
01/30/2016,ABY,GA,ASO,ES,Federal Contract Tower,0,7,7,0,14,0,0,12,26,38,0,7,19,26,52,6,0,6,58
01/31/2016,ABY,GA,ASO,ES,Federal Contract Tower,0,12,23,0,35,0,1,17,0,18,0,13,40,0,53,0,0,0,53
02/01/2016,ABY,GA,ASO,ES,Federal Contract Tower,0,13,19,8,40,0,0,13,0,13,0,13,32,8,53,62,10,72,125
02/02/2016,ABY,GA,ASO,ES,Federal Contract Tower,0,18,13,0,31,0,0,0,0,0,0,18,13,0,31,0,0,0,31
02/03/2016,ABY,GA,ASO,ES,Federal Contract Tower,0,11,8,0,19,0,0,0,0,0,0,11,8,0,19,0,0,0,19
02/04/2016,ABY,GA,ASO,ES,Federal Contract Tower,0,10,21,5,36,0,0,34,2,36,0,10,55,7,72,20,0,20,92
02/05/2016,ABY,GA,ASO,ES,Federal Contract Tower,0,13,15,0,28,0,0,27,2,29,0,13,42,2,57,4,0,4,61
02/06/2016,ABY,GA,ASO,ES,Federal Contract Tower,0,4,18,0,22,0,0,10,0,10,0,4,28,0,32,8,0,8,40
02/07/2016,ABY,GA,ASO,ES,Federal Contract Tower,0,6,13,3,22,0,0,19,3,22,0,6,32,6,44,32,4,36,80
02/08/2016,ABY,GA,ASO,ES,Federal Contract Tower,0,9,17,7,33,0,0,23,0,23,0,9,40,7,56,16,8,24,80
02/09/2016,ABY,GA,ASO,ES,Federal Contract Tower,0,13,13,0,26,0,0,4,0,4,0,13,17,0,30,2,0,2,32
02/10/2016,ABY,GA,ASO,ES,Federal Contract Tower,0,16,16,2,34,0,0,14,3,17,0,16,30,5,51,2,4,6,57
02/11/2016,ABY,GA,ASO,ES,Federal Contract Tower,0,10,16,3,29,0,2,35,1,38,0,12,51,4,67,38,0,38,105
02/12/2016,ABY,GA,ASO,ES,Federal Contract Tower,0,17,24,0,41,0,0,5,0,5,0,17,29,0,46,8,0,8,54
02/13/2016,ABY,GA,ASO,ES,Federal Contract Tower,2,9,9,0,20,0,0,13,0,13,2,9,22,0,33,0,0,0,33
02/14/2016,ABY,GA,ASO,ES,Federal Contract Tower,0,7,8,0,15,0,0,17,0,17,0,7,25,0,32,8,0,8,40
02/15/2016,ABY,GA,ASO,ES,Federal Contract Tower,0,7,9,0,16,0,0,4,0,4,0,7,13,0,20,0,0,0,20
02/16/2016,ABY,GA,ASO,ES,Federal Contract Tower,0,9,14,1,24,0,0,17,1,18,0,9,31,2,42,10,10,20,62
02/17/2016,ABY,GA,ASO,ES,Federal Contract Tower,0,10,12,6,28,0,0,18,0,18,0,10,30,6,46,18,8,26,72
02/18/2016,ABY,GA,ASO,ES,Federal Contract Tower,0,10,16,1,27,0,1,24,0,25,0,11,40,1,52,18,0,18,70
02/19/2016,ABY,GA,ASO,ES,Federal Contract Tower,0,13,10,2,25,0,0,26,0,26,0,13,36,2,51,0,0,0,51
02/20/2016,ABY,GA,ASO,ES,Federal Contract Tower,0,2,8,2,12,0,0,19,7,26,0,2,27,9,38,12,16,28,66
02/21/2016,ABY,GA,ASO,ES,Federal Contract Tower,0,5,8,6,19,0,0,14,0,14,0,5,22,6,33,8,0,8,41
02/22/2016,ABY,GA,ASO,ES,Federal Contract Tower,0,9,4,0,13,0,0,2,0,2,0,9,6,0,15,4,0,4,19
02/23/2016,ABY,GA,ASO,ES,Federal Contract Tower,0,10,6,4,20,0,0,2,0,2,0,10,8,4,22,0,0,0,22
02/24/2016,ABY,GA,ASO,ES,Federal Contract Tower,0,9,7,0,16,0,0,4,0,4,0,9,11,0,20,0,0,0,20
02/25/2016,ABY,GA,ASO,ES,Federal Contract Tower,0,12,9,0,21,0,0,14,4,18,0,12,23,4,39,4,0,4,43
02/26/2016,ABY,GA,ASO,ES,Federal Contract Tower,0,20,15,3,38,0,0,18,0,18,0,20,33,3,56,2,2,4,60
02/27/2016,ABY,GA,ASO,ES,Federal Contract Tower,0,2,19,0,21,0,0,20,0,20,0,2,39,0,41,12,0,12,53
02/28/2016,ABY,GA,ASO,ES,Federal Contract Tower,0,14,15,0,29,0,0,47,0,47,0,14,62,0,76,16,0,16,92
02/29/2016,ABY,GA,ASO,ES,Federal Contract Tower,0,12,10,0,22,0,0,23,0,23,0,12,33,0,45,22,0,22,67
03/01/2016,ABY,GA,ASO,ES,Federal Contract Tower,0,9,16,0,25,0,0,27,0,27,0,9,43,0,52,18,0,18,70
03/02/2016,ABY,GA,ASO,ES,Federal Contract Tower,0,9,16,0,25,0,0,21,0,21,0,9,37,0,46,10,0,10,56
03/03/2016,ABY,GA,ASO,ES,Federal Contract Tower,0,13,16,6,35,1,0,13,0,14,1,13,29,6,49,40,0,40,89
03/04/2016,ABY,GA,ASO,ES,Federal Contract Tower,0,7,26,2,35,0,0,13,0,13,0,7,39,2,48,2,0,2,50
03/05/2016,ABY,GA,ASO,ES,Federal Contract Tower,0,7,6,0,13,0,0,27,0,27,0,7,33,0,40,42,0,42,82
03/06/2016,ABY,GA,ASO,ES,Federal Contract Tower,0,8,18,2,28,0,0,29,0,29,0,8,47,2,57,20,0,20,77
03/07/2016,ABY,GA,ASO,ES,Federal Contract Tower,0,8,7,4,19,0,0,18,0,18,0,8,25,4,37,2,0,2,39
03/08/2016,ABY,GA,ASO,ES,Federal Contract Tower,0,7,9,0,16,0,0,20,0,20,0,7,29,0,36,18,0,18,54
03/09/2016,ABY,GA,ASO,ES,Federal Contract Tower,0,6,13,4,23,0,0,20,0,20,0,6,33,4,43,22,2,24,67
03/10/2016,ABY,GA,ASO,ES,Federal Contract Tower,0,10,5,4,19,0,0,13,0,13,0,10,18,4,32,0,2,2,34
03/11/2016,ABY,GA,ASO,ES,Federal Contract Tower,0,6,16,2,24,0,0,17,0,17,0,6,33,2,41,0,0,0,41
03/12/2016,ABY,GA,ASO,ES,Federal Contract Tower,0,3,6,0,9,0,0,27,0,27,0,3,33,0,36,0,0,0,36
03/13/2016,ABY,GA,ASO,ES,Federal Contract Tower,0,4,3,3,10,0,0,9,6,15,0,4,12,9,25,2,6,8,33
03/14/2016,ABY,GA,ASO,ES,Federal Contract Tower,0,9,13,0,22,0,0,33,0,33,0,9,46,0,55,88,0,88,143
03/15/2016,ABY,GA,ASO,ES,Federal Contract Tower,0,5,11,0,16,0,0,21,0,21,0,5,32,0,37,40,0,40,77
03/16/2016,ABY,GA,ASO,ES,Federal Contract Tower,0,9,13,0,22,0,0,27,0,27,0,9,40,0,49,32,0,32,81
03/17/2016,ABY,GA,ASO,ES,Federal Contract Tower,0,5,12,2,19,0,0,14,0,14,0,5,26,2,33,40,0,40,73
03/18/2016,ABY,GA,ASO,ES,Federal Contract Tower,0,13,10,5,28,0,0,3,0,3,0,13,13,5,31,6,0,6,37
03/19/2016,ABY,GA,ASO,ES,Federal Contract Tower,0,2,7,2,11,0,0,10,0,10,0,2,17,2,21,4,0,4,25
03/20/2016,ABY,GA,ASO,ES,Federal Contract Tower,0,6,9,3,18,0,0,18,2,20,0,6,27,5,38,12,0,12,50
03/21/2016,ABY,GA,ASO,ES,Federal Contract Tower,0,6,10,2,18,0,0,19,2,21,0,6,29,4,39,0,0,0,39
03/22/2016,ABY,GA,ASO,ES,Federal Contract Tower,0,9,7,8,24,0,0,30,0,30,0,9,37,8,54,10,4,14,68
03/23/2016,ABY,GA,ASO,ES,Federal Contract Tower,0,7,10,0,17,0,0,36,1,37,0,7,46,1,54,38,0,38,92
03/24/2016,ABY,GA,ASO,ES,Federal Contract Tower,0,11,12,5,28,0,0,15,0,15,0,11,27,5,43,28,0,28,71
03/25/2016,ABY,GA,ASO,ES,Federal Contract Tower,0,8,6,0,14,0,0,0,0,0,0,8,6,0,14,0,0,0,14
03/26/2016,ABY,GA,ASO,ES,Federal Contract Tower,0,3,0,0,3,0,0,0,0,0,0,3,0,0,3,0,0,0,3
03/27/2016,ABY,GA,ASO,ES,Federal Contract Tower,0,4,4,0,8,0,0,0,0,0,0,4,4,0,8,0,0,0,8
03/28/2016,ABY,GA,ASO,ES,Federal Contract Tower,0,7,9,0,16,0,0,18,0,18,0,7,27,0,34,44,0,44,78
03/29/2016,ABY,GA,ASO,ES,Federal Contract Tower,0,8,4,2,14,0,0,39,6,45,0,8,43,8,59,50,0,50,109
03/30/2016,ABY,GA,ASO,ES,Federal Contract Tower,0,10,2,8,20,0,0,23,0,23,0,10,25,8,43,28,0,28,71
03/31/2016,ABY,GA,ASO,ES,Federal Contract Tower,0,7,2,0,9,0,0,23,0,23,0,7,25,0,32,6,0,6,38
04/01/2016,ABY,GA,ASO,ES,Federal Contract Tower,0,9,4,1,14,0,0,4,0,4,0,9,8,1,18,0,0,0,18
04/02/2016,ABY,GA,ASO,ES,Federal Contract Tower,0,5,8,1,14,0,0,14,0,14,0,5,22,1,28,6,0,6,34
04/03/2016,ABY,GA,ASO,ES,Federal Contract Tower,0,6,6,0,12,0,22,0,0,22,0,28,6,0,34,0,0,0,34
04/04/2016,ABY,GA,ASO,ES,Federal Contract Tower,0,6,5,6,17,0,15,6,0,21,0,21,11,6,38,0,0,0,38
04/05/2016,ABY,GA,ASO,ES,Federal Contract Tower,0,6,13,2,21,0,0,21,2,23,0,6,34,4,44,24,16,40,84
04/06/2016,ABY,GA,ASO,ES,Federal Contract Tower,0,8,14,0,22,0,0,21,2,23,0,8,35,2,45,0,0,0,45
04/07/2016,ABY,GA,ASO,ES,Federal Contract Tower,0,9,13,6,28,0,0,16,1,17,0,9,29,7,45,4,4,8,53
04/08/2016,ABY,GA,ASO,ES,Federal Contract Tower,0,5,9,0,14,0,0,16,0,16,0,5,25,0,30,12,0,12,42
04/09/2016,ABY,GA,ASO,ES,Federal Contract Tower,0,2,7,0,9,0,0,16,0,16,0,2,23,0,25,4,0,4,29
04/10/2016,ABY,GA,ASO,ES,Federal Contract Tower,0,5,4,4,13,0,0,39,0,39,0,5,43,4,52,8,0,8,60
04/11/2016,ABY,GA,ASO,ES,Federal Contract Tower,0,7,11,3,21,0,0,21,1,22,0,7,32,4,43,72,0,72,115
04/12/2016,ABY,GA,ASO,ES,Federal Contract Tower,0,7,14,0,21,0,0,0,0,0,0,7,14,0,21,0,0,0,21
04/13/2016,ABY,GA,ASO,ES,Federal Contract Tower,0,7,8,0,15,0,0,18,0,18,0,7,26,0,33,14,0,14,47
04/14/2016,ABY,GA,ASO,ES,Federal Contract Tower,0,9,5,0,14,0,0,0,0,0,0,9,5,0,14,22,0,22,36
04/15/2016,ABY,GA,ASO,ES,Federal Contract Tower,0,8,7,0,15,0,0,0,0,0,0,8,7,0,15,0,0,0,15
04/16/2016,ABY,GA,ASO,ES,Federal Contract Tower,0,2,5,0,7,0,0,8,0,8,0,2,13,0,15,0,0,0,15
04/17/2016,ABY,GA,ASO,ES,Federal Contract Tower,0,4,8,0,12,0,0,28,0,28,0,4,36,0,40,40,0,40,80
04/18/2016,ABY,GA,ASO,ES,Federal Contract Tower,0,7,9,5,21,0,0,19,0,19,0,7,28,5,40,30,10,40,80
04/19/2016,ABY,GA,ASO,ES,Federal Contract Tower,0,8,7,2,17,0,1,26,0,27,0,9,33,2,44,6,12,18,62
04/20/2016,ABY,GA,ASO,ES,Federal Contract Tower,0,14,12,5,31,0,0,22,4,26,0,14,34,9,57,10,0,10,67
04/21/2016,ABY,GA,ASO,ES,Federal Contract Tower,0,9,12,9,30,0,0,36,0,36,0,9,48,9,66,10,0,10,76
04/22/2016,ABY,GA,ASO,ES,Federal Contract Tower,0,10,5,2,17,0,0,2,0,2,0,10,7,2,19,0,0,0,19
04/23/2016,ABY,GA,ASO,ES,Federal Contract Tower,0,5,6,3,14,0,0,19,0,19,0,5,25,3,33,40,0,40,73
04/24/2016,ABY,GA,ASO,ES,Federal Contract Tower,0,5,1,0,6,0,0,19,0,19,0,5,20,0,25,8,0,8,33
04/25/2016,ABY,GA,ASO,ES,Federal Contract Tower,0,7,6,0,13,0,0,25,0,25,0,7,31,0,38,0,0,0,38
04/26/2016,ABY,GA,ASO,ES,Federal Contract Tower,0,9,3,4,16,0,0,24,0,24,0,9,27,4,40,38,0,38,78
04/27/2016,ABY,GA,ASO,ES,Federal Contract Tower,0,5,15,0,20,0,0,23,0,23,0,5,38,0,43,20,0,20,63
04/28/2016,ABY,GA,ASO,ES,Federal Contract Tower,0,5,6,4,15,0,0,1,0,1,0,5,7,4,16,0,0,0,16
04/29/2016,ABY,GA,ASO,ES,Federal Contract Tower,0,11,9,5,25,0,0,28,0,28,0,11,37,5,53,4,6,10,63
04/30/2016,ABY,GA,ASO,ES,Federal Contract Tower,0,3,19,0,22,0,0,23,0,23,0,3,42,0,45,36,0,36,81
05/01/2016,ABY,GA,ASO,ES,Federal Contract Tower,0,4,7,0,11,0,0,15,0,15,0,4,22,0,26,28,0,28,54
05/02/2016,ABY,GA,ASO,ES,Federal Contract Tower,0,6,4,0,10,0,0,22,0,22,0,6,26,0,32,70,0,70,102
05/03/2016,ABY,GA,ASO,ES,Federal Contract Tower,0,5,11,2,18,0,0,15,0,15,0,5,26,2,33,50,0,50,83
05/04/2016,ABY,GA,ASO,ES,Federal Contract Tower,0,10,7,0,17,0,0,26,0,26,0,10,33,0,43,22,0,22,65
05/05/2016,ABY,GA,ASO,ES,Federal Contract Tower,0,10,5,5,20,0,0,15,0,15,0,10,20,5,35,2,4,6,41
05/06/2016,ABY,GA,ASO,ES,Federal Contract Tower,0,7,10,2,19,0,0,23,3,26,0,7,33,5,45,4,0,4,49
05/07/2016,ABY,GA,ASO,ES,Federal Contract Tower,0,0,10,0,10,0,0,35,0,35,0,0,45,0,45,8,0,8,53
05/08/2016,ABY,GA,ASO,ES,Federal Contract Tower,0,2,7,0,9,0,0,21,0,21,0,2,28,0,30,2,0,2,32
05/09/2016,ABY,GA,ASO,ES,Federal Contract Tower,0,7,7,0,14,0,0,19,0,19,0,7,26,0,33,8,0,8,41
05/10/2016,ABY,GA,ASO,ES,Federal Contract Tower,0,7,18,2,27,0,0,28,0,28,0,7,46,2,55,38,0,38,93
05/11/2016,ABY,GA,ASO,ES,Federal Contract Tower,0,7,6,2,15,0,0,33,0,33,0,7,39,2,48,28,0,28,76
05/12/2016,ABY,GA,ASO,ES,Federal Contract Tower,0,9,17,1,27,0,0,27,0,27,0,9,44,1,54,54,0,54,108
05/13/2016,ABY,GA,ASO,ES,Federal Contract Tower,0,12,5,4,21,0,0,20,2,22,0,12,25,6,43,0,10,10,53
05/14/2016,ABY,GA,ASO,ES,Federal Contract Tower,0,5,2,2,9,0,0,22,0,22,0,5,24,2,31,26,8,34,65
05/15/2016,ABY,GA,ASO,ES,Federal Contract Tower,0,6,13,2,21,0,0,9,0,9,0,6,22,2,30,0,0,0,30
05/16/2016,ABY,GA,ASO,ES,Federal Contract Tower,0,6,7,0,13,0,0,32,0,32,0,6,39,0,45,46,0,46,91
05/17/2016,ABY,GA,ASO,ES,Federal Contract Tower,0,6,12,2,20,0,0,11,0,11,0,6,23,2,31,32,0,32,63
05/18/2016,ABY,GA,ASO,ES,Federal Contract Tower,0,9,16,0,25,0,0,9,0,9,0,9,25,0,34,2,0,2,36
05/19/2016,ABY,GA,ASO,ES,Federal Contract Tower,0,7,6,2,15,0,0,14,0,14,0,7,20,2,29,0,0,0,29
05/20/2016,ABY,GA,ASO,ES,Federal Contract Tower,0,8,8,0,16,0,0,0,0,0,0,8,8,0,16,12,0,12,28
05/21/2016,ABY,GA,ASO,ES,Federal Contract Tower,0,4,1,0,5,0,0,10,0,10,0,4,11,0,15,0,0,0,15
05/22/2016,ABY,GA,ASO,ES,Federal Contract Tower,0,5,12,2,19,0,0,25,0,25,0,5,37,2,44,48,16,64,108
05/23/2016,ABY,GA,ASO,ES,Federal Contract Tower,0,4,14,2,20,0,0,28,0,28,0,4,42,2,48,4,0,4,52
05/24/2016,ABY,GA,ASO,ES,Federal Contract Tower,0,9,8,0,17,0,0,23,2,25,0,9,31,2,42,34,0,34,76
05/25/2016,ABY,GA,ASO,ES,Federal Contract Tower,0,9,16,10,35,0,0,32,2,34,0,9,48,12,69,32,2,34,103
05/26/2016,ABY,GA,ASO,ES,Federal Contract Tower,0,15,16,2,33,0,0,25,0,25,0,15,41,2,58,2,28,30,88
05/27/2016,ABY,GA,ASO,ES,Federal Contract Tower,0,9,6,4,19,0,0,18,0,18,0,9,24,4,37,0,14,14,51
05/28/2016,ABY,GA,ASO,ES,Federal Contract Tower,1,8,4,0,13,0,0,30,0,30,1,8,34,0,43,10,0,10,53
05/29/2016,ABY,GA,ASO,ES,Federal Contract Tower,0,5,1,0,6,0,0,21,0,21,0,5,22,0,27,0,0,0,27
05/30/2016,ABY,GA,ASO,ES,Federal Contract Tower,0,4,9,0,13,0,0,16,0,16,0,4,25,0,29,0,0,0,29
05/31/2016,ABY,GA,ASO,ES,Federal Contract Tower,0,6,13,0,19,0,0,31,0,31,0,6,44,0,50,48,0,48,98
06/01/2016,ABY,GA,ASO,ES,Federal Contract Tower,0,12,5,0,17,0,0,25,0,25,0,12,30,0,42,70,0,70,112
06/02/2016,ABY,GA,ASO,ES,Federal Contract Tower,0,9,8,4,21,0,0,18,3,21,0,9,26,7,42,46,0,46,88
06/03/2016,ABY,GA,ASO,ES,Federal Contract Tower,0,10,9,2,21,0,0,26,6,32,0,10,35,8,53,0,0,0,53
06/04/2016,ABY,GA,ASO,ES,Federal Contract Tower,0,3,5,3,11,0,0,12,0,12,0,3,17,3,23,0,0,0,23
06/05/2016,ABY,GA,ASO,ES,Federal Contract Tower,0,5,5,0,10,0,0,8,2,10,0,5,13,2,20,0,0,0,20
06/06/2016,ABY,GA,ASO,ES,Federal Contract Tower,0,6,4,0,10,0,0,0,0,0,0,6,4,0,10,0,0,0,10
06/07/2016,ABY,GA,ASO,ES,Federal Contract Tower,0,7,13,3,23,0,0,14,0,14,0,7,27,3,37,14,14,28,65
06/08/2016,ABY,GA,ASO,ES,Federal Contract Tower,0,8,8,0,16,0,0,17,0,17,0,8,25,0,33,48,0,48,81
06/09/2016,ABY,GA,ASO,ES,Federal Contract Tower,0,7,11,0,18,0,0,11,0,11,0,7,22,0,29,0,0,0,29
06/10/2016,ABY,GA,ASO,ES,Federal Contract Tower,0,9,8,1,18,0,0,22,4,26,0,9,30,5,44,12,0,12,56
06/11/2016,ABY,GA,ASO,ES,Federal Contract Tower,0,2,3,2,7,0,0,23,0,23,0,2,26,2,30,18,6,24,54
06/12/2016,ABY,GA,ASO,ES,Federal Contract Tower,0,4,3,0,7,0,0,22,0,22,0,4,25,0,29,54,0,54,83
06/13/2016,ABY,GA,ASO,ES,Federal Contract Tower,0,6,9,0,15,0,0,26,0,26,0,6,35,0,41,0,0,0,41
06/14/2016,ABY,GA,ASO,ES,Federal Contract Tower,1,4,16,4,25,0,0,8,0,8,1,4,24,4,33,16,2,18,51
06/15/2016,ABY,GA,ASO,ES,Federal Contract Tower,0,11,11,0,22,0,0,8,0,8,0,11,19,0,30,44,0,44,74
06/16/2016,ABY,GA,ASO,ES,Federal Contract Tower,0,7,16,0,23,0,0,10,0,10,0,7,26,0,33,0,0,0,33
06/17/2016,ABY,GA,ASO,ES,Federal Contract Tower,0,11,6,0,17,0,0,8,0,8,0,11,14,0,25,0,0,0,25
06/18/2016,ABY,GA,ASO,ES,Federal Contract Tower,0,2,10,0,12,0,0,11,0,11,0,2,21,0,23,38,0,38,61
06/19/2016,ABY,GA,ASO,ES,Federal Contract Tower,0,4,8,0,12,0,0,11,0,11,0,4,19,0,23,66,0,66,89
06/20/2016,ABY,GA,ASO,ES,Federal Contract Tower,0,4,12,1,17,0,0,11,0,11,0,4,23,1,28,56,0,56,84
06/21/2016,ABY,GA,ASO,ES,Federal Contract Tower,0,5,11,4,20,0,0,27,0,27,0,5,38,4,47,8,0,8,55
06/22/2016,ABY,GA,ASO,ES,Federal Contract Tower,0,10,9,0,19,0,0,30,0,30,0,10,39,0,49,46,0,46,95
06/23/2016,ABY,GA,ASO,ES,Federal Contract Tower,0,13,6,2,21,0,0,29,0,29,0,13,35,2,50,32,0,32,82
06/24/2016,ABY,GA,ASO,ES,Federal Contract Tower,0,7,4,0,11,0,26,0,0,26,0,33,4,0,37,20,0,20,57
06/25/2016,ABY,GA,ASO,ES,Federal Contract Tower,0,2,4,0,6,0,0,18,3,21,0,2,22,3,27,40,0,40,67
06/26/2016,ABY,GA,ASO,ES,Federal Contract Tower,0,8,3,0,11,0,0,18,0,18,0,8,21,0,29,20,0,20,49
06/27/2016,ABY,GA,ASO,ES,Federal Contract Tower,0,11,11,5,27,0,0,17,1,18,0,11,28,6,45,6,0,6,51
06/28/2016,ABY,GA,ASO,ES,Federal Contract Tower,0,6,8,2,16,0,0,18,0,18,0,6,26,2,34,40,20,60,94
06/29/2016,ABY,GA,ASO,ES,Federal Contract Tower,0,11,7,2,20,0,0,8,0,8,0,11,15,2,28,4,0,4,32
06/30/2016,ABY,GA,ASO,ES,Federal Contract Tower,0,8,6,0,14,0,0,16,0,16,0,8,22,0,30,20,0,20,50
07/01/2016,ABY,GA,ASO,ES,Federal Contract Tower,0,6,13,0,19,0,1,13,0,14,0,7,26,0,33,40,0,40,73
07/02/2016,ABY,GA,ASO,ES,Federal Contract Tower,0,4,8,0,12,0,0,14,0,14,0,4,22,0,26,4,0,4,30
07/03/2016,ABY,GA,ASO,ES,Federal Contract Tower,0,2,3,0,5,0,0,16,0,16,0,2,19,0,21,0,0,0,21
07/04/2016,ABY,GA,ASO,ES,Federal Contract Tower,0,2,2,0,4,0,0,5,0,5,0,2,7,0,9,6,0,6,15
07/05/2016,ABY,GA,ASO,ES,Federal Contract Tower,0,7,5,1,13,0,0,9,0,9,0,7,14,1,22,6,0,6,28
07/06/2016,ABY,GA,ASO,ES,Federal Contract Tower,0,7,6,0,13,0,0,11,0,11,0,7,17,0,24,20,0,20,44
07/07/2016,ABY,GA,ASO,ES,Federal Contract Tower,0,8,7,0,15,0,0,13,0,13,0,8,20,0,28,28,0,28,56
07/08/2016,ABY,GA,ASO,ES,Federal Contract Tower,0,9,5,4,18,0,0,15,6,21,0,9,20,10,39,0,0,0,39
07/09/2016,ABY,GA,ASO,ES,Federal Contract Tower,0,3,5,0,8,0,0,16,0,16,0,3,21,0,24,18,0,18,42
07/10/2016,ABY,GA,ASO,ES,Federal Contract Tower,0,4,0,2,6,0,0,11,2,13,0,4,11,4,19,8,0,8,27
07/11/2016,ABY,GA,ASO,ES,Federal Contract Tower,0,8,10,0,18,0,0,15,0,15,0,8,25,0,33,22,0,22,55
07/12/2016,ABY,GA,ASO,ES,Federal Contract Tower,0,5,21,2,28,0,0,12,0,12,0,5,33,2,40,32,0,32,72
07/13/2016,ABY,GA,ASO,ES,Federal Contract Tower,0,11,10,4,25,0,0,22,0,22,0,11,32,4,47,72,0,72,119
07/14/2016,ABY,GA,ASO,ES,Federal Contract Tower,0,6,21,2,29,0,0,23,4,27,0,6,44,6,56,16,0,16,72
07/15/2016,ABY,GA,ASO,ES,Federal Contract Tower,0,6,21,2,29,0,0,11,0,11,0,6,32,2,40,6,0,6,46
07/16/2016,ABY,GA,ASO,ES,Federal Contract Tower,0,2,4,0,6,0,0,16,0,16,0,2,20,0,22,6,0,6,28
07/17/2016,ABY,GA,ASO,ES,Federal Contract Tower,0,8,0,0,8,0,0,12,1,13,0,8,12,1,21,22,0,22,43
07/18/2016,ABY,GA,ASO,ES,Federal Contract Tower,0,8,7,2,17,0,0,11,0,11,0,8,18,2,28,26,0,26,54
07/19/2016,ABY,GA,ASO,ES,Federal Contract Tower,0,10,6,0,16,0,0,20,2,22,0,10,26,2,38,42,0,42,80
07/20/2016,ABY,GA,ASO,ES,Federal Contract Tower,0,12,8,0,20,0,0,11,4,15,0,12,19,4,35,0,0,0,35
07/21/2016,ABY,GA,ASO,ES,Federal Contract Tower,0,8,8,2,18,0,0,15,0,15,0,8,23,2,33,10,0,10,43
07/22/2016,ABY,GA,ASO,ES,Federal Contract Tower,0,7,5,7,19,0,0,22,6,28,0,7,27,13,47,2,2,4,51
07/23/2016,ABY,GA,ASO,ES,Federal Contract Tower,0,2,3,1,6,0,0,32,0,32,0,2,35,1,38,8,0,8,46
07/24/2016,ABY,GA,ASO,ES,Federal Contract Tower,0,4,8,4,16,0,0,18,0,18,0,4,26,4,34,14,0,14,48
07/25/2016,ABY,GA,ASO,ES,Federal Contract Tower,0,7,8,1,16,0,0,14,0,14,0,7,22,1,30,0,0,0,30
07/26/2016,ABY,GA,ASO,ES,Federal Contract Tower,0,7,12,0,19,0,0,16,0,16,0,7,28,0,35,4,0,4,39
07/27/2016,ABY,GA,ASO,ES,Federal Contract Tower,0,7,6,0,13,0,0,18,2,20,0,7,24,2,33,14,0,14,47
07/28/2016,ABY,GA,ASO,ES,Federal Contract Tower,0,11,8,2,21,0,0,31,3,34,0,11,39,5,55,8,0,8,63
07/29/2016,ABY,GA,ASO,ES,Federal Contract Tower,0,13,7,5,25,0,2,20,1,23,0,15,27,6,48,18,6,24,72
07/30/2016,ABY,GA,ASO,ES,Federal Contract Tower,0,2,3,2,7,0,0,25,0,25,0,2,28,2,32,24,0,24,56
07/31/2016,ABY,GA,ASO,ES,Federal Contract Tower,0,4,5,0,9,0,0,14,0,14,0,4,19,0,23,0,0,0,23
08/01/2016,ABY,GA,ASO,ES,Federal Contract Tower,0,5,8,6,19,0,0,6,3,9,0,5,14,9,28,10,0,10,38
08/02/2016,ABY,GA,ASO,ES,Federal Contract Tower,0,5,12,6,23,0,0,12,0,12,0,5,24,6,35,0,0,0,35
08/03/2016,ABY,GA,ASO,ES,Federal Contract Tower,0,9,7,0,16,0,0,21,0,21,0,9,28,0,37,16,0,16,53
08/04/2016,ABY,GA,ASO,ES,Federal Contract Tower,0,9,7,2,18,0,0,10,0,10,0,9,17,2,28,2,0,2,30
08/05/2016,ABY,GA,ASO,ES,Federal Contract Tower,1,6,5,11,23,0,0,16,2,18,1,6,21,13,41,0,8,8,49
08/06/2016,ABY,GA,ASO,ES,Federal Contract Tower,0,4,1,0,5,0,0,12,0,12,0,4,13,0,17,0,0,0,17
08/07/2016,ABY,GA,ASO,ES,Federal Contract Tower,0,4,3,2,9,0,0,9,0,9,0,4,12,2,18,8,0,8,26
08/08/2016,ABY,GA,ASO,ES,Federal Contract Tower,0,3,7,0,10,0,0,4,0,4,0,3,11,0,14,0,0,0,14
08/09/2016,ABY,GA,ASO,ES,Federal Contract Tower,0,9,7,0,16,0,0,0,0,0,0,9,7,0,16,0,0,0,16
08/10/2016,ABY,GA,ASO,ES,Federal Contract Tower,0,7,3,0,10,0,0,0,0,0,0,7,3,0,10,0,0,0,10
08/11/2016,ABY,GA,ASO,ES,Federal Contract Tower,0,10,9,0,19,0,0,7,0,7,0,10,16,0,26,0,0,0,26
08/12/2016,ABY,GA,ASO,ES,Federal Contract Tower,0,7,2,0,9,0,0,5,0,5,0,7,7,0,14,0,0,0,14
08/13/2016,ABY,GA,ASO,ES,Federal Contract Tower,2,3,4,2,11,0,0,18,0,18,2,3,22,2,29,20,2,22,51
08/14/2016,ABY,GA,ASO,ES,Federal Contract Tower,0,6,1,2,9,0,0,25,0,25,0,6,26,2,34,46,12,58,92
08/15/2016,ABY,GA,ASO,ES,Federal Contract Tower,0,6,9,0,15,0,0,10,0,10,0,6,19,0,25,40,0,40,65
08/16/2016,ABY,GA,ASO,ES,Federal Contract Tower,0,7,14,2,23,0,0,17,0,17,0,7,31,2,40,20,8,28,68
08/17/2016,ABY,GA,ASO,ES,Federal Contract Tower,0,7,9,0,16,0,0,29,0,29,0,7,38,0,45,26,0,26,71
08/18/2016,ABY,GA,ASO,ES,Federal Contract Tower,0,8,12,4,24,0,0,14,0,14,0,8,26,4,38,2,14,16,54
08/19/2016,ABY,GA,ASO,ES,Federal Contract Tower,0,9,6,5,20,0,0,12,0,12,0,9,18,5,32,18,2,20,52
08/20/2016,ABY,GA,ASO,ES,Federal Contract Tower,0,2,5,4,11,0,0,27,0,27,0,2,32,4,38,30,0,30,68
08/21/2016,ABY,GA,ASO,ES,Federal Contract Tower,0,8,2,3,13,0,0,29,1,30,0,8,31,4,43,0,0,0,43
08/22/2016,ABY,GA,ASO,ES,Federal Contract Tower,0,6,5,2,13,0,0,14,0,14,0,6,19,2,27,22,0,22,49
08/23/2016,ABY,GA,ASO,ES,Federal Contract Tower,0,7,9,2,18,0,0,14,0,14,0,7,23,2,32,0,12,12,44
08/24/2016,ABY,GA,ASO,ES,Federal Contract Tower,0,8,12,1,21,0,0,26,0,26,0,8,38,1,47,0,0,0,47
08/25/2016,ABY,GA,ASO,ES,Federal Contract Tower,0,7,3,3,13,0,0,10,0,10,0,7,13,3,23,0,22,22,45
08/26/2016,ABY,GA,ASO,ES,Federal Contract Tower,0,7,5,8,20,0,0,18,5,23,0,7,23,13,43,8,8,16,59
08/27/2016,ABY,GA,ASO,ES,Federal Contract Tower,0,6,2,0,8,0,0,42,0,42,0,6,44,0,50,16,0,16,66
08/28/2016,ABY,GA,ASO,ES,Federal Contract Tower,0,4,3,15,22,0,0,33,7,40,0,4,36,22,62,18,0,18,80
08/29/2016,ABY,GA,ASO,ES,Federal Contract Tower,0,8,6,0,14,0,0,2,2,4,0,8,8,2,18,24,0,24,42
08/30/2016,ABY,GA,ASO,ES,Federal Contract Tower,2,5,10,0,17,0,0,17,0,17,2,5,27,0,34,0,0,0,34
08/31/2016,ABY,GA,ASO,ES,Federal Contract Tower,0,7,7,2,16,0,0,5,0,5,0,7,12,2,21,2,0,2,23
09/01/2016,ABY,GA,ASO,ES,Federal Contract Tower,0,5,3,0,8,0,0,12,0,12,0,5,15,0,20,38,0,38,58
09/02/2016,ABY,GA,ASO,ES,Federal Contract Tower,0,8,2,2,12,0,0,2,0,2,0,8,4,2,14,0,0,0,14
09/03/2016,ABY,GA,ASO,ES,Federal Contract Tower,0,2,6,0,8,0,0,16,0,16,0,2,22,0,24,20,0,20,44
09/04/2016,ABY,GA,ASO,ES,Federal Contract Tower,0,3,5,0,8,0,0,35,0,35,0,3,40,0,43,10,0,10,53
09/05/2016,ABY,GA,ASO,ES,Federal Contract Tower,0,4,3,0,7,0,0,13,0,13,0,4,16,0,20,0,0,0,20
09/06/2016,ABY,GA,ASO,ES,Federal Contract Tower,0,8,2,1,11,0,0,15,4,19,0,8,17,5,30,12,10,22,52
09/07/2016,ABY,GA,ASO,ES,Federal Contract Tower,0,7,12,0,19,0,0,20,0,20,0,7,32,0,39,6,0,6,45
09/08/2016,ABY,GA,ASO,ES,Federal Contract Tower,0,7,8,0,15,0,0,16,0,16,0,7,24,0,31,10,0,10,41
09/09/2016,ABY,GA,ASO,ES,Federal Contract Tower,0,7,7,4,18,0,0,11,1,12,0,7,18,5,30,0,0,0,30
09/10/2016,ABY,GA,ASO,ES,Federal Contract Tower,0,6,5,6,17,0,0,9,0,9,0,6,14,6,26,30,2,32,58
09/11/2016,ABY,GA,ASO,ES,Federal Contract Tower,0,8,4,5,17,0,0,19,0,19,0,8,23,5,36,0,0,0,36
09/12/2016,ABY,GA,ASO,ES,Federal Contract Tower,0,4,14,0,18,0,0,14,0,14,0,4,28,0,32,0,0,0,32
09/13/2016,ABY,GA,ASO,ES,Federal Contract Tower,2,5,23,2,32,0,0,6,0,6,2,5,29,2,38,0,0,0,38
09/14/2016,ABY,GA,ASO,ES,Federal Contract Tower,0,8,14,0,22,0,0,9,1,10,0,8,23,1,32,10,0,10,42
09/15/2016,ABY,GA,ASO,ES,Federal Contract Tower,0,13,4,0,17,0,0,22,2,24,0,13,26,2,41,40,0,40,81
09/16/2016,ABY,GA,ASO,ES,Federal Contract Tower,0,7,1,1,9,0,0,31,1,32,0,7,32,2,41,0,0,0,41
09/17/2016,ABY,GA,ASO,ES,Federal Contract Tower,0,6,11,1,18,0,0,43,0,43,0,6,54,1,61,22,0,22,83
09/18/2016,ABY,GA,ASO,ES,Federal Contract Tower,0,4,3,1,8,0,0,10,4,14,0,4,13,5,22,24,0,24,46
09/19/2016,ABY,GA,ASO,ES,Federal Contract Tower,0,8,4,5,17,0,0,2,8,10,0,8,6,13,27,2,20,22,49
09/20/2016,ABY,GA,ASO,ES,Federal Contract Tower,0,8,9,1,18,0,0,15,0,15,0,8,24,1,33,10,0,10,43
09/21/2016,ABY,GA,ASO,ES,Federal Contract Tower,0,7,11,2,20,0,0,25,0,25,0,7,36,2,45,16,0,16,61
09/22/2016,ABY,GA,ASO,ES,Federal Contract Tower,0,4,8,0,12,0,0,45,4,49,0,4,53,4,61,10,0,10,71
09/23/2016,ABY,GA,ASO,ES,Federal Contract Tower,0,7,11,2,20,0,0,36,0,36,0,7,47,2,56,0,0,0,56
09/24/2016,ABY,GA,ASO,ES,Federal Contract Tower,0,3,11,0,14,0,0,20,0,20,0,3,31,0,34,0,0,0,34
09/25/2016,ABY,GA,ASO,ES,Federal Contract Tower,0,4,4,1,9,0,0,10,1,11,0,4,14,2,20,16,0,16,36
09/26/2016,ABY,GA,ASO,ES,Federal Contract Tower,0,8,8,0,16,0,0,18,1,19,0,8,26,1,35,10,0,10,45
09/27/2016,ABY,GA,ASO,ES,Federal Contract Tower,0,9,5,8,22,0,0,12,0,12,0,9,17,8,34,28,22,50,84
09/28/2016,ABY,GA,ASO,ES,Federal Contract Tower,0,7,3,0,10,0,0,5,0,5,0,7,8,0,15,0,0,0,15
09/29/2016,ABY,GA,ASO,ES,Federal Contract Tower,0,7,2,4,13,0,0,13,0,13,0,7,15,4,26,0,0,0,26
09/30/2016,ABY,GA,ASO,ES,Federal Contract Tower,0,10,16,9,35,0,0,38,0,38,0,10,54,9,73,16,0,16,89
10/01/2016,ABY,GA,ASO,ES,Federal Contract Tower,0,3,4,0,7,0,0,16,0,16,0,3,20,0,23,0,0,0,23
10/02/2016,ABY,GA,ASO,ES,Federal Contract Tower,0,4,10,2,16,0,0,36,0,36,0,4,46,2,52,6,0,6,58
10/03/2016,ABY,GA,ASO,ES,Federal Contract Tower,0,8,10,0,18,0,0,17,0,17,0,8,27,0,35,16,0,16,51
10/04/2016,ABY,GA,ASO,ES,Federal Contract Tower,0,13,9,0,22,0,0,20,0,20,0,13,29,0,42,30,0,30,72
10/05/2016,ABY,GA,ASO,ES,Federal Contract Tower,0,8,7,2,17,0,0,40,28,68,0,8,47,30,85,10,12,22,107
10/06/2016,ABY,GA,ASO,ES,Federal Contract Tower,0,9,10,0,19,0,0,29,0,29,0,9,39,0,48,0,0,0,48
10/07/2016,ABY,GA,ASO,ES,Federal Contract Tower,0,10,8,0,18,0,0,9,0,9,0,10,17,0,27,14,0,14,41
10/08/2016,ABY,GA,ASO,ES,Federal Contract Tower,0,2,5,0,7,0,0,13,10,23,0,2,18,10,30,22,0,22,52
10/09/2016,ABY,GA,ASO,ES,Federal Contract Tower,0,6,8,0,14,0,0,11,0,11,0,6,19,0,25,18,0,18,43
10/10/2016,ABY,GA,ASO,ES,Federal Contract Tower,0,4,7,0,11,0,2,30,0,32,0,6,37,0,43,2,0,2,45
10/11/2016,ABY,GA,ASO,ES,Federal Contract Tower,0,8,11,0,19,0,1,17,7,25,0,9,28,7,44,4,0,4,48
10/12/2016,ABY,GA,ASO,ES,Federal Contract Tower,0,8,4,4,16,0,0,21,0,21,0,8,25,4,37,20,2,22,59
10/13/2016,ABY,GA,ASO,ES,Federal Contract Tower,0,9,6,13,28,0,0,24,2,26,0,9,30,15,54,28,18,46,100
10/14/2016,ABY,GA,ASO,ES,Federal Contract Tower,0,7,9,4,20,0,0,30,4,34,0,7,39,8,54,30,0,30,84
10/15/2016,ABY,GA,ASO,ES,Federal Contract Tower,0,7,2,0,9,0,0,14,1,15,0,7,16,1,24,28,0,28,52
10/16/2016,ABY,GA,ASO,ES,Federal Contract Tower,0,9,7,2,18,0,0,21,0,21,0,9,28,2,39,26,0,26,65
10/17/2016,ABY,GA,ASO,ES,Federal Contract Tower,0,6,14,0,20,0,0,24,0,24,0,6,38,0,44,32,0,32,76
10/18/2016,ABY,GA,ASO,ES,Federal Contract Tower,0,7,9,0,16,0,0,22,0,22,0,7,31,0,38,14,0,14,52
10/20/2016,ABY,GA,ASO,ES,Federal Contract Tower,0,7,8,3,18,0,0,30,7,37,0,7,38,10,55,0,6,6,61
10/21/2016,ABY,GA,ASO,ES,Federal Contract Tower,0,7,13,2,22,0,27,0,0,27,0,34,13,2,49,4,0,4,53
10/22/2016,ABY,GA,ASO,ES,Federal Contract Tower,0,7,6,2,15,0,0,28,0,28,0,7,34,2,43,4,12,16,59
10/23/2016,ABY,GA,ASO,ES,Federal Contract Tower,0,9,5,0,14,0,0,22,0,22,0,9,27,0,36,26,0,26,62
10/24/2016,ABY,GA,ASO,ES,Federal Contract Tower,0,6,7,4,17,0,0,19,0,19,0,6,26,4,36,8,0,8,44
10/25/2016,ABY,GA,ASO,ES,Federal Contract Tower,0,10,12,0,22,0,0,38,0,38,0,10,50,0,60,20,0,20,80
10/26/2016,ABY,GA,ASO,ES,Federal Contract Tower,0,7,12,4,23,0,0,19,0,19,0,7,31,4,42,28,6,34,76
10/27/2016,ABY,GA,ASO,ES,Federal Contract Tower,0,7,11,6,24,0,0,26,0,26,0,7,37,6,50,0,0,0,50
10/28/2016,ABY,GA,ASO,ES,Federal Contract Tower,0,8,16,0,24,0,0,8,1,9,0,8,24,1,33,8,0,8,41
10/29/2016,ABY,GA,ASO,ES,Federal Contract Tower,2,3,7,0,12,0,0,15,0,15,2,3,22,0,27,0,0,0,27
10/30/2016,ABY,GA,ASO,ES,Federal Contract Tower,0,7,7,0,14,0,0,21,0,21,0,7,28,0,35,14,0,14,49
10/31/2016,ABY,GA,ASO,ES,Federal Contract Tower,0,5,5,2,12,0,0,29,0,29,0,5,34,2,41,66,0,66,107
11/01/2016,ABY,GA,ASO,ES,Federal Contract Tower,0,11,11,6,28,0,0,37,0,37,0,11,48,6,65,12,12,24,89
11/02/2016,ABY,GA,ASO,ES,Federal Contract Tower,0,15,9,0,24,0,0,13,0,13,0,15,22,0,37,6,0,6,43
11/03/2016,ABY,GA,ASO,ES,Federal Contract Tower,0,8,6,4,18,0,2,24,0,26,0,10,30,4,44,10,6,16,60
11/04/2016,ABY,GA,ASO,ES,Federal Contract Tower,0,7,12,3,22,0,0,25,1,26,0,7,37,4,48,2,0,2,50
11/05/2016,ABY,GA,ASO,ES,Federal Contract Tower,0,7,5,1,13,0,0,23,1,24,0,7,28,2,37,0,18,18,55
11/06/2016,ABY,GA,ASO,ES,Federal Contract Tower,0,5,4,2,11,0,0,16,2,18,0,5,20,4,29,30,0,30,59
11/07/2016,ABY,GA,ASO,ES,Federal Contract Tower,0,6,16,6,28,0,0,21,0,21,0,6,37,6,49,46,8,54,103
11/08/2016,ABY,GA,ASO,ES,Federal Contract Tower,0,6,11,0,17,0,0,17,0,17,0,6,28,0,34,30,6,36,70
11/09/2016,ABY,GA,ASO,ES,Federal Contract Tower,0,8,8,0,16,0,0,16,0,16,0,8,24,0,32,0,0,0,32
11/10/2016,ABY,GA,ASO,ES,Federal Contract Tower,0,9,12,7,28,0,0,22,1,23,0,9,34,8,51,52,0,52,103
11/11/2016,ABY,GA,ASO,ES,Federal Contract Tower,0,17,18,0,35,0,0,14,0,14,0,17,32,0,49,12,0,12,61
11/12/2016,ABY,GA,ASO,ES,Federal Contract Tower,0,2,8,0,10,0,0,17,2,19,0,2,25,2,29,0,0,0,29
11/13/2016,ABY,GA,ASO,ES,Federal Contract Tower,0,12,15,0,27,0,0,18,0,18,0,12,33,0,45,44,0,44,89
11/14/2016,ABY,GA,ASO,ES,Federal Contract Tower,0,8,18,2,28,0,0,19,2,21,0,8,37,4,49,22,10,32,81
11/15/2016,ABY,GA,ASO,ES,Federal Contract Tower,0,20,19,3,42,0,0,14,0,14,0,20,33,3,56,36,0,36,92
11/16/2016,ABY,GA,ASO,ES,Federal Contract Tower,0,12,16,6,34,0,1,23,0,24,0,13,39,6,58,10,6,16,74
11/17/2016,ABY,GA,ASO,ES,Federal Contract Tower,0,11,17,0,28,0,0,9,2,11,0,11,26,2,39,0,12,12,51
11/18/2016,ABY,GA,ASO,ES,Federal Contract Tower,0,9,11,0,20,0,1,35,2,38,0,10,46,2,58,28,0,28,86
11/19/2016,ABY,GA,ASO,ES,Federal Contract Tower,1,13,7,0,21,0,0,19,0,19,1,13,26,0,40,2,0,2,42
11/20/2016,ABY,GA,ASO,ES,Federal Contract Tower,0,6,14,4,24,0,0,19,0,19,0,6,33,4,43,44,0,44,87
11/21/2016,ABY,GA,ASO,ES,Federal Contract Tower,1,12,8,0,21,0,0,17,1,18,1,12,25,1,39,14,8,22,61
11/22/2016,ABY,GA,ASO,ES,Federal Contract Tower,0,15,23,0,38,0,0,14,0,14,0,15,37,0,52,32,8,40,92
11/23/2016,ABY,GA,ASO,ES,Federal Contract Tower,0,14,8,0,22,0,1,24,0,25,0,15,32,0,47,18,0,18,65
11/24/2016,ABY,GA,ASO,ES,Federal Contract Tower,0,2,2,0,4,0,0,4,0,4,0,2,6,0,8,0,0,0,8
11/25/2016,ABY,GA,ASO,ES,Federal Contract Tower,0,7,3,0,10,0,0,12,0,12,0,7,15,0,22,4,0,4,26
11/26/2016,ABY,GA,ASO,ES,Federal Contract Tower,0,12,8,0,20,0,0,21,0,21,0,12,29,0,41,0,0,0,41
11/27/2016,ABY,GA,ASO,ES,Federal Contract Tower,0,12,11,0,23,0,0,18,0,18,0,12,29,0,41,34,0,34,75
11/28/2016,ABY,GA,ASO,ES,Federal Contract Tower,0,11,9,0,20,0,0,20,0,20,0,11,29,0,40,4,0,4,44
11/29/2016,ABY,GA,ASO,ES,Federal Contract Tower,0,14,14,3,31,0,0,4,1,5,0,14,18,4,36,0,4,4,40
11/30/2016,ABY,GA,ASO,ES,Federal Contract Tower,0,13,7,2,22,0,0,2,0,2,0,13,9,2,24,24,0,24,48
12/01/2016,ABY,GA,ASO,ES,Federal Contract Tower,0,10,10,0,20,0,0,13,0,13,0,10,23,0,33,16,0,16,49
12/02/2016,ABY,GA,ASO,ES,Federal Contract Tower,2,10,20,6,38,0,0,27,1,28,2,10,47,7,66,42,0,42,108
12/03/2016,ABY,GA,ASO,ES,Federal Contract Tower,0,6,6,0,12,0,0,11,0,11,0,6,17,0,23,0,0,0,23
12/04/2016,ABY,GA,ASO,ES,Federal Contract Tower,0,11,13,2,26,0,0,4,0,4,0,11,17,2,30,18,0,18,48
12/05/2016,ABY,GA,ASO,ES,Federal Contract Tower,0,4,9,0,13,0,0,0,0,0,0,4,9,0,13,0,0,0,13
12/06/2016,ABY,GA,ASO,ES,Federal Contract Tower,0,10,19,0,29,0,0,1,0,1,0,10,20,0,30,0,0,0,30
12/07/2016,ABY,GA,ASO,ES,Federal Contract Tower,0,6,29,0,35,0,0,9,0,9,0,6,38,0,44,24,0,24,68
12/08/2016,ABY,GA,ASO,ES,Federal Contract Tower,0,10,13,7,30,0,0,17,0,17,0,10,30,7,47,0,34,34,81
12/09/2016,ABY,GA,ASO,ES,Federal Contract Tower,0,16,11,0,27,0,0,18,0,18,0,16,29,0,45,6,0,6,51
12/10/2016,ABY,GA,ASO,ES,Federal Contract Tower,0,6,18,0,24,0,0,20,0,20,0,6,38,0,44,26,0,26,70
12/11/2016,ABY,GA,ASO,ES,Federal Contract Tower,0,12,20,3,35,0,1,21,3,25,0,13,41,6,60,2,0,2,62
12/12/2016,ABY,GA,ASO,ES,Federal Contract Tower,0,11,17,0,28,0,0,14,0,14,0,11,31,0,42,12,0,12,54
12/13/2016,ABY,GA,ASO,ES,Federal Contract Tower,0,10,21,0,31,0,0,6,0,6,0,10,27,0,37,0,0,0,37
12/14/2016,ABY,GA,ASO,ES,Federal Contract Tower,0,10,13,0,23,0,0,0,0,0,0,10,13,0,23,0,0,0,23
12/15/2016,ABY,GA,ASO,ES,Federal Contract Tower,0,15,18,8,41,0,0,36,0,36,0,15,54,8,77,22,0,22,99
12/16/2016,ABY,GA,ASO,ES,Federal Contract Tower,0,11,12,0,23,0,0,30,0,30,0,11,42,0,53,8,0,8,61
12/17/2016,ABY,GA,ASO,ES,Federal Contract Tower,1,12,5,0,18,0,0,10,0,10,1,12,15,0,28,6,0,6,34
12/18/2016,ABY,GA,ASO,ES,Federal Contract Tower,0,5,6,0,11,0,0,3,0,3,0,5,9,0,14,34,0,34,48
12/19/2016,ABY,GA,ASO,ES,Federal Contract Tower,0,8,8,0,16,0,0,0,0,0,0,8,8,0,16,0,0,0,16
12/20/2016,ABY,GA,ASO,ES,Federal Contract Tower,0,7,7,2,16,0,0,0,0,0,0,7,7,2,16,0,2,2,18
12/21/2016,ABY,GA,ASO,ES,Federal Contract Tower,0,11,16,0,27,0,0,13,0,13,0,11,29,0,40,12,0,12,52
12/22/2016,ABY,GA,ASO,ES,Federal Contract Tower,0,11,4,2,17,0,0,37,0,37,0,11,41,2,54,24,0,24,78
12/23/2016,ABY,GA,ASO,ES,Federal Contract Tower,0,11,9,0,20,0,0,19,0,19,0,11,28,0,39,4,0,4,43
12/24/2016,ABY,GA,ASO,ES,Federal Contract Tower,3,4,2,0,9,0,0,2,0,2,3,4,4,0,11,0,0,0,11
12/25/2016,ABY,GA,ASO,ES,Federal Contract Tower,0,2,0,0,2,0,0,0,0,0,0,2,0,0,2,0,0,0,2
12/26/2016,ABY,GA,ASO,ES,Federal Contract Tower,0,9,15,0,24,0,0,12,0,12,0,9,27,0,36,12,0,12,48
12/27/2016,ABY,GA,ASO,ES,Federal Contract Tower,0,5,28,7,40,0,0,1,0,1,0,5,29,7,41,0,14,14,55
12/28/2016,ABY,GA,ASO,ES,Federal Contract Tower,2,8,11,0,21,0,0,5,0,5,2,8,16,0,26,0,0,0,26
12/29/2016,ABY,GA,ASO,ES,Federal Contract Tower,0,8,12,0,20,0,0,10,0,10,0,8,22,0,30,0,0,0,30
12/30/2016,ABY,GA,ASO,ES,Federal Contract Tower,0,6,9,0,15,0,0,12,0,12,0,6,21,0,27,6,0,6,33
12/31/2016,ABY,GA,ASO,ES,Federal Contract Tower,0,7,3,0,10,0,0,12,0,12,0,7,15,0,22,0,0,0,22
01/01/2017,ABY,GA,ASO,ES,Federal Contract Tower,0,4,4,0,8,0,0,0,0,0,0,4,4,0,8,0,0,0,8
01/02/2017,ABY,GA,ASO,ES,Federal Contract Tower,0,1,9,0,10,0,0,2,0,2,0,1,11,0,12,10,0,10,22
01/03/2017,ABY,GA,ASO,ES,Federal Contract Tower,0,12,9,6,27,0,0,25,1,26,0,12,34,7,53,34,26,60,113
01/04/2017,ABY,GA,ASO,ES,Federal Contract Tower,0,5,7,2,14,0,0,33,2,35,0,5,40,4,49,38,22,60,109
01/05/2017,ABY,GA,ASO,ES,Federal Contract Tower,0,10,16,2,28,0,0,38,0,38,0,10,54,2,66,22,0,22,88
01/06/2017,ABY,GA,ASO,ES,Federal Contract Tower,0,11,9,0,20,0,0,4,0,4,0,11,13,0,24,8,0,8,32
01/07/2017,ABY,GA,ASO,ES,Federal Contract Tower,0,7,3,0,10,0,0,9,0,9,0,7,12,0,19,0,0,0,19
01/08/2017,ABY,GA,ASO,ES,Federal Contract Tower,0,7,15,0,22,0,0,12,0,12,0,7,27,0,34,0,0,0,34
01/09/2017,ABY,GA,ASO,ES,Federal Contract Tower,0,13,11,4,28,0,0,22,0,22,0,13,33,4,50,0,18,18,68
01/10/2017,ABY,GA,ASO,ES,Federal Contract Tower,0,8,15,0,23,0,0,14,0,14,0,8,29,0,37,0,0,0,37
01/11/2017,ABY,GA,ASO,ES,Federal Contract Tower,0,7,7,6,20,0,0,22,2,24,0,7,29,8,44,14,0,14,58
01/12/2017,ABY,GA,ASO,ES,Federal Contract Tower,0,7,13,2,22,0,0,9,0,9,0,7,22,2,31,0,0,0,31
01/13/2017,ABY,GA,ASO,ES,Federal Contract Tower,0,19,19,6,44,0,0,32,2,34,0,19,51,8,78,0,0,0,78
01/14/2017,ABY,GA,ASO,ES,Federal Contract Tower,0,8,7,0,15,0,0,6,0,6,0,8,13,0,21,12,0,12,33
01/15/2017,ABY,GA,ASO,ES,Federal Contract Tower,0,12,19,1,32,0,0,23,7,30,0,12,42,8,62,34,0,34,96
01/16/2017,ABY,GA,ASO,ES,Federal Contract Tower,0,10,23,0,33,0,0,36,0,36,0,10,59,0,69,18,0,18,87
01/17/2017,ABY,GA,ASO,ES,Federal Contract Tower,0,10,24,0,34,0,0,19,0,19,0,10,43,0,53,0,4,4,57
01/18/2017,ABY,GA,ASO,ES,Federal Contract Tower,0,8,20,4,32,0,0,20,0,20,0,8,40,4,52,18,16,34,86
01/19/2017,ABY,GA,ASO,ES,Federal Contract Tower,0,14,19,11,44,0,0,19,0,19,0,14,38,11,63,6,8,14,77
01/20/2017,ABY,GA,ASO,ES,Federal Contract Tower,0,13,15,8,36,0,0,0,0,0,0,13,15,8,36,2,0,2,38
01/21/2017,ABY,GA,ASO,ES,Federal Contract Tower,0,10,11,0,21,0,1,0,0,1,0,11,11,0,22,0,0,0,22
01/22/2017,ABY,GA,ASO,ES,Federal Contract Tower,0,12,11,0,23,0,1,2,0,3,0,13,13,0,26,0,0,0,26
01/23/2017,ABY,GA,ASO,ES,Federal Contract Tower,0,16,13,0,29,0,0,26,0,26,0,16,39,0,55,40,0,40,95
01/24/2017,ABY,GA,ASO,ES,Federal Contract Tower,0,7,15,3,25,0,0,47,0,47,0,7,62,3,72,64,0,64,136
01/25/2017,ABY,GA,ASO,ES,Federal Contract Tower,0,15,13,4,32,0,0,40,2,42,0,15,53,6,74,0,24,24,98
01/26/2017,ABY,GA,ASO,ES,Federal Contract Tower,0,7,22,4,33,0,0,31,0,31,0,7,53,4,64,16,24,40,104
01/27/2017,ABY,GA,ASO,ES,Federal Contract Tower,0,9,25,0,34,0,0,17,0,17,0,9,42,0,51,0,0,0,51
01/28/2017,ABY,GA,ASO,ES,Federal Contract Tower,0,5,6,0,11,0,0,18,0,18,0,5,24,0,29,10,6,16,45
01/29/2017,ABY,GA,ASO,ES,Federal Contract Tower,0,9,8,6,23,0,1,37,0,38,0,10,45,6,61,10,12,22,83
01/30/2017,ABY,GA,ASO,ES,Federal Contract Tower,0,8,17,0,25,0,0,23,0,23,0,8,40,0,48,16,0,16,64
01/31/2017,ABY,GA,ASO,ES,Federal Contract Tower,0,10,7,4,21,0,0,31,0,31,0,10,38,4,52,6,0,6,58
02/01/2017,ABY,GA,ASO,ES,Federal Contract Tower,0,18,6,1,25,0,1,29,7,37,0,19,35,8,62,0,0,0,62
02/02/2017,ABY,GA,ASO,ES,Federal Contract Tower,1,15,20,2,38,0,0,19,4,23,1,15,39,6,61,10,0,10,71
02/03/2017,ABY,GA,ASO,ES,Federal Contract Tower,0,16,21,5,42,0,0,5,0,5,0,16,26,5,47,0,6,6,53
02/04/2017,ABY,GA,ASO,ES,Federal Contract Tower,0,3,9,0,12,0,0,17,0,17,0,3,26,0,29,38,0,38,67
02/05/2017,ABY,GA,ASO,ES,Federal Contract Tower,0,5,11,0,16,0,0,19,0,19,0,5,30,0,35,0,0,0,35
02/06/2017,ABY,GA,ASO,ES,Federal Contract Tower,0,9,20,5,34,0,0,12,0,12,0,9,32,5,46,4,4,8,54
02/07/2017,ABY,GA,ASO,ES,Federal Contract Tower,0,5,14,5,24,0,1,11,0,12,0,6,25,5,36,42,14,56,92
02/08/2017,ABY,GA,ASO,ES,Federal Contract Tower,0,10,19,0,29,0,0,8,0,8,0,10,27,0,37,0,0,0,37
02/09/2017,ABY,GA,ASO,ES,Federal Contract Tower,0,13,21,0,34,0,0,12,2,14,0,13,33,2,48,22,0,22,70
02/10/2017,ABY,GA,ASO,ES,Federal Contract Tower,0,12,19,2,33,0,1,34,2,37,0,13,53,4,70,24,0,24,94
02/11/2017,ABY,GA,ASO,ES,Federal Contract Tower,0,2,11,0,13,0,0,25,0,25,0,2,36,0,38,2,0,2,40
02/12/2017,ABY,GA,ASO,ES,Federal Contract Tower,0,14,22,2,38,0,0,14,0,14,0,14,36,2,52,0,10,10,62
02/13/2017,ABY,GA,ASO,ES,Federal Contract Tower,0,10,16,2,28,0,0,23,0,23,0,10,39,2,51,0,16,16,67
02/14/2017,ABY,GA,ASO,ES,Federal Contract Tower,0,17,23,1,41,0,0,20,0,20,0,17,43,1,61,2,0,2,63
02/15/2017,ABY,GA,ASO,ES,Federal Contract Tower,0,16,9,0,25,0,0,13,0,13,0,16,22,0,38,0,0,0,38
02/16/2017,ABY,GA,ASO,ES,Federal Contract Tower,0,15,12,2,29,0,0,19,0,19,0,15,31,2,48,2,2,4,52
02/17/2017,ABY,GA,ASO,ES,Federal Contract Tower,0,12,8,0,20,0,0,19,0,19,0,12,27,0,39,12,0,12,51
02/18/2017,ABY,GA,ASO,ES,Federal Contract Tower,0,7,9,1,17,0,0,16,1,17,0,7,25,2,34,42,0,42,76
02/19/2017,ABY,GA,ASO,ES,Federal Contract Tower,0,8,5,0,13,0,0,18,0,18,0,8,23,0,31,16,0,16,47
02/20/2017,ABY,GA,ASO,ES,Federal Contract Tower,0,9,8,0,17,0,0,27,0,27,0,9,35,0,44,6,0,6,50
02/21/2017,ABY,GA,ASO,ES,Federal Contract Tower,0,9,12,0,21,0,0,19,0,19,0,9,31,0,40,0,0,0,40
02/22/2017,ABY,GA,ASO,ES,Federal Contract Tower,0,15,14,0,29,0,0,4,0,4,0,15,18,0,33,0,0,0,33
02/23/2017,ABY,GA,ASO,ES,Federal Contract Tower,0,12,24,0,36,0,0,10,0,10,0,12,34,0,46,6,0,6,52
02/24/2017,ABY,GA,ASO,ES,Federal Contract Tower,1,6,15,1,23,0,0,23,2,25,1,6,38,3,48,16,12,28,76
02/25/2017,ABY,GA,ASO,ES,Federal Contract Tower,0,3,10,0,13,0,0,9,0,9,0,3,19,0,22,0,0,0,22
02/26/2017,ABY,GA,ASO,ES,Federal Contract Tower,0,7,18,2,27,0,0,31,2,33,0,7,49,4,60,18,0,18,78
02/27/2017,ABY,GA,ASO,ES,Federal Contract Tower,0,6,14,0,20,0,1,5,0,6,0,7,19,0,26,10,0,10,36
02/28/2017,ABY,GA,ASO,ES,Federal Contract Tower,1,24,10,0,35,0,0,13,2,15,1,24,23,2,50,6,14,20,70
03/01/2017,ABY,GA,ASO,ES,Federal Contract Tower,0,15,8,0,23,0,0,10,0,10,0,15,18,0,33,0,0,0,33
03/02/2017,ABY,GA,ASO,ES,Federal Contract Tower,0,15,15,2,32,0,0,13,0,13,0,15,28,2,45,4,22,26,71
03/03/2017,ABY,GA,ASO,ES,Federal Contract Tower,0,7,0,1,8,0,0,19,0,19,0,7,19,1,27,12,0,12,39
03/04/2017,ABY,GA,ASO,ES,Federal Contract Tower,0,2,4,0,6,0,0,49,0,49,0,2,53,0,55,14,0,14,69
03/05/2017,ABY,GA,ASO,ES,Federal Contract Tower,0,4,12,6,22,0,0,26,1,27,0,4,38,7,49,2,4,6,55
03/06/2017,ABY,GA,ASO,ES,Federal Contract Tower,0,7,6,0,13,0,0,11,0,11,0,7,17,0,24,0,0,0,24
03/07/2017,ABY,GA,ASO,ES,Federal Contract Tower,0,10,23,4,37,0,0,15,0,15,0,10,38,4,52,32,12,44,96
03/08/2017,ABY,GA,ASO,ES,Federal Contract Tower,0,6,7,0,13,0,0,15,0,15,0,6,22,0,28,18,0,18,46
03/09/2017,ABY,GA,ASO,ES,Federal Contract Tower,0,8,15,0,23,0,1,28,20,49,0,9,43,20,72,12,0,12,84
03/10/2017,ABY,GA,ASO,ES,Federal Contract Tower,0,10,6,2,18,0,0,17,0,17,0,10,23,2,35,0,0,0,35
03/11/2017,ABY,GA,ASO,ES,Federal Contract Tower,0,3,5,10,18,0,0,37,1,38,0,3,42,11,56,54,12,66,122
03/12/2017,ABY,GA,ASO,ES,Federal Contract Tower,0,7,8,2,17,0,0,3,0,3,0,7,11,2,20,22,0,22,42
03/13/2017,ABY,GA,ASO,ES,Federal Contract Tower,0,7,7,0,14,0,0,0,0,0,0,7,7,0,14,0,0,0,14
03/14/2017,ABY,GA,ASO,ES,Federal Contract Tower,0,8,7,2,17,0,0,4,0,4,0,8,11,2,21,2,2,4,25
03/15/2017,ABY,GA,ASO,ES,Federal Contract Tower,0,11,7,3,21,0,1,19,5,25,0,12,26,8,46,14,0,14,60
03/16/2017,ABY,GA,ASO,ES,Federal Contract Tower,0,18,8,4,30,0,0,34,2,36,0,18,42,6,66,40,0,40,106
03/17/2017,ABY,GA,ASO,ES,Federal Contract Tower,0,6,22,6,34,0,0,33,0,33,0,6,55,6,67,2,0,2,69
03/18/2017,ABY,GA,ASO,ES,Federal Contract Tower,0,7,3,0,10,0,0,22,0,22,0,7,25,0,32,0,0,0,32
03/19/2017,ABY,GA,ASO,ES,Federal Contract Tower,0,8,12,10,30,0,0,29,0,29,0,8,41,10,59,8,8,16,75
03/20/2017,ABY,GA,ASO,ES,Federal Contract Tower,0,10,6,4,20,0,0,12,0,12,0,10,18,4,32,20,2,22,54
03/21/2017,ABY,GA,ASO,ES,Federal Contract Tower,0,8,11,6,25,0,0,25,1,26,0,8,36,7,51,22,6,28,79
03/22/2017,ABY,GA,ASO,ES,Federal Contract Tower,0,13,8,3,24,0,0,24,0,24,0,13,32,3,48,14,36,50,98
03/23/2017,ABY,GA,ASO,ES,Federal Contract Tower,0,11,11,3,25,0,0,36,7,43,0,11,47,10,68,22,36,58,126
03/24/2017,ABY,GA,ASO,ES,Federal Contract Tower,0,6,16,1,23,0,0,11,0,11,0,6,27,1,34,0,18,18,52
03/25/2017,ABY,GA,ASO,ES,Federal Contract Tower,0,6,3,0,9,0,0,16,0,16,0,6,19,0,25,16,0,16,41
03/26/2017,ABY,GA,ASO,ES,Federal Contract Tower,0,5,4,0,9,0,0,22,2,24,0,5,26,2,33,4,0,4,37
03/27/2017,ABY,GA,ASO,ES,Federal Contract Tower,0,4,10,4,18,0,0,10,0,10,0,4,20,4,28,14,0,14,42
03/28/2017,ABY,GA,ASO,ES,Federal Contract Tower,0,13,16,5,34,0,0,36,3,39,0,13,52,8,73,58,0,58,131
03/29/2017,ABY,GA,ASO,ES,Federal Contract Tower,0,8,18,2,28,0,0,23,14,37,0,8,41,16,65,22,4,26,91
03/30/2017,ABY,GA,ASO,ES,Federal Contract Tower,0,8,17,4,29,0,0,30,2,32,0,8,47,6,61,18,0,18,79
03/31/2017,ABY,GA,ASO,ES,Federal Contract Tower,0,9,20,5,34,0,0,17,3,20,0,9,37,8,54,0,0,0,54
04/01/2017,ABY,GA,ASO,ES,Federal Contract Tower,0,3,6,6,15,0,0,28,0,28,0,3,34,6,43,32,4,36,79
04/02/2017,ABY,GA,ASO,ES,Federal Contract Tower,0,8,17,2,27,0,0,38,0,38,0,8,55,2,65,20,0,20,85
04/03/2017,ABY,GA,ASO,ES,Federal Contract Tower,0,4,3,0,7,0,0,0,0,0,0,4,3,0,7,0,0,0,7
04/04/2017,ABY,GA,ASO,ES,Federal Contract Tower,0,9,8,4,21,0,0,34,0,34,0,9,42,4,55,4,0,4,59
04/05/2017,ABY,GA,ASO,ES,Federal Contract Tower,1,11,3,0,15,0,0,4,0,4,1,11,7,0,19,0,0,0,19
04/06/2017,ABY,GA,ASO,ES,Federal Contract Tower,0,5,8,6,19,0,0,20,0,20,0,5,28,6,39,0,0,0,39
04/07/2017,ABY,GA,ASO,ES,Federal Contract Tower,0,9,8,10,27,0,0,19,0,19,0,9,27,10,46,0,2,2,48
04/08/2017,ABY,GA,ASO,ES,Federal Contract Tower,0,5,9,0,14,0,0,29,0,29,0,5,38,0,43,26,0,26,69
04/09/2017,ABY,GA,ASO,ES,Federal Contract Tower,0,6,1,0,7,0,0,36,0,36,0,6,37,0,43,0,0,0,43
04/10/2017,ABY,GA,ASO,ES,Federal Contract Tower,0,6,14,2,22,0,0,31,8,39,0,6,45,10,61,2,26,28,89
04/11/2017,ABY,GA,ASO,ES,Federal Contract Tower,0,7,17,4,28,0,0,32,1,33,0,7,49,5,61,10,38,48,109
04/12/2017,ABY,GA,ASO,ES,Federal Contract Tower,0,7,9,0,16,0,0,29,0,29,0,7,38,0,45,36,0,36,81
04/13/2017,ABY,GA,ASO,ES,Federal Contract Tower,0,8,13,0,21,0,0,30,0,30,0,8,43,0,51,42,0,42,93
04/14/2017,ABY,GA,ASO,ES,Federal Contract Tower,0,11,10,6,27,0,0,18,0,18,0,11,28,6,45,0,2,2,47
04/15/2017,ABY,GA,ASO,ES,Federal Contract Tower,0,3,3,0,6,0,0,19,0,19,0,3,22,0,25,10,0,10,35
04/16/2017,ABY,GA,ASO,ES,Federal Contract Tower,0,3,1,0,4,0,0,8,0,8,0,3,9,0,12,6,0,6,18
04/17/2017,ABY,GA,ASO,ES,Federal Contract Tower,0,10,6,0,16,0,0,33,0,33,0,10,39,0,49,8,4,12,61
04/18/2017,ABY,GA,ASO,ES,Federal Contract Tower,0,8,9,8,25,0,0,30,0,30,0,8,39,8,55,16,8,24,79
04/19/2017,ABY,GA,ASO,ES,Federal Contract Tower,0,3,6,2,11,0,0,15,1,16,0,3,21,3,27,0,18,18,45
04/20/2017,ABY,GA,ASO,ES,Federal Contract Tower,1,12,12,2,27,0,17,39,0,56,1,29,51,2,83,68,32,100,183
04/21/2017,ABY,GA,ASO,ES,Federal Contract Tower,0,6,4,8,18,0,0,20,0,20,0,6,24,8,38,32,2,34,72
04/22/2017,ABY,GA,ASO,ES,Federal Contract Tower,0,0,1,0,1,0,0,25,0,25,0,0,26,0,26,32,0,32,58
04/23/2017,ABY,GA,ASO,ES,Federal Contract Tower,0,0,4,0,4,0,0,5,0,5,0,0,9,0,9,0,0,0,9
04/24/2017,ABY,GA,ASO,ES,Federal Contract Tower,0,2,16,4,22,0,0,1,0,1,0,2,17,4,23,2,0,2,25
04/25/2017,ABY,GA,ASO,ES,Federal Contract Tower,0,6,9,0,15,0,0,31,0,31,0,6,40,0,46,24,0,24,70
04/26/2017,ABY,GA,ASO,ES,Federal Contract Tower,0,7,12,8,27,0,0,20,0,20,0,7,32,8,47,6,18,24,71
04/27/2017,ABY,GA,ASO,ES,Federal Contract Tower,0,6,7,0,13,0,0,2,0,2,0,6,9,0,15,0,0,0,15
04/28/2017,ABY,GA,ASO,ES,Federal Contract Tower,0,5,15,0,20,0,20,20,0,40,0,25,35,0,60,40,0,40,100
04/29/2017,ABY,GA,ASO,ES,Federal Contract Tower,2,5,1,0,8,0,0,20,0,20,2,5,21,0,28,0,0,0,28
04/30/2017,ABY,GA,ASO,ES,Federal Contract Tower,0,4,14,0,18,0,0,18,8,26,0,4,32,8,44,0,0,0,44
05/01/2017,ABY,GA,ASO,ES,Federal Contract Tower,0,8,1,6,15,0,0,9,2,11,0,8,10,8,26,0,0,0,26
05/02/2017,ABY,GA,ASO,ES,Federal Contract Tower,0,8,11,2,21,0,0,36,1,37,0,8,47,3,58,2,0,2,60
05/03/2017,ABY,GA,ASO,ES,Federal Contract Tower,0,6,8,6,20,0,0,38,2,40,0,6,46,8,60,36,2,38,98
05/04/2017,ABY,GA,ASO,ES,Federal Contract Tower,0,11,5,0,16,0,0,0,0,0,0,11,5,0,16,0,0,0,16
05/05/2017,ABY,GA,ASO,ES,Federal Contract Tower,0,8,4,2,14,0,0,19,6,25,0,8,23,8,39,20,0,20,59
05/06/2017,ABY,GA,ASO,ES,Federal Contract Tower,0,7,3,4,14,0,0,19,0,19,0,7,22,4,33,0,8,8,41
05/07/2017,ABY,GA,ASO,ES,Federal Contract Tower,0,6,9,2,17,0,0,20,0,20,0,6,29,2,37,32,0,32,69
05/08/2017,ABY,GA,ASO,ES,Federal Contract Tower,0,8,8,2,18,0,0,21,2,23,0,8,29,4,41,42,36,78,119
05/09/2017,ABY,GA,ASO,ES,Federal Contract Tower,0,10,8,4,22,0,0,26,2,28,0,10,34,6,50,20,28,48,98
05/10/2017,ABY,GA,ASO,ES,Federal Contract Tower,0,9,12,3,24,0,0,31,1,32,0,9,43,4,56,42,0,42,98
05/11/2017,ABY,GA,ASO,ES,Federal Contract Tower,0,8,11,2,21,0,0,36,5,41,0,8,47,7,62,12,0,12,74
05/12/2017,ABY,GA,ASO,ES,Federal Contract Tower,0,7,11,2,20,0,0,18,16,34,0,7,29,18,54,28,14,42,96
05/13/2017,ABY,GA,ASO,ES,Federal Contract Tower,0,3,3,0,6,0,0,20,0,20,0,3,23,0,26,10,0,10,36
05/14/2017,ABY,GA,ASO,ES,Federal Contract Tower,0,2,4,2,8,0,0,24,10,34,0,2,28,12,42,20,0,20,62
05/15/2017,ABY,GA,ASO,ES,Federal Contract Tower,0,6,5,6,17,0,0,18,0,18,0,6,23,6,35,0,2,2,37
05/16/2017,ABY,GA,ASO,ES,Federal Contract Tower,0,8,11,0,19,0,0,22,2,24,0,8,33,2,43,42,26,68,111
05/17/2017,ABY,GA,ASO,ES,Federal Contract Tower,0,6,20,0,26,0,1,28,0,29,0,7,48,0,55,0,4,4,59
05/18/2017,ABY,GA,ASO,ES,Federal Contract Tower,0,6,4,2,12,0,0,20,0,20,0,6,24,2,32,10,2,12,44
05/19/2017,ABY,GA,ASO,ES,Federal Contract Tower,0,6,5,1,12,0,0,23,1,24,0,6,28,2,36,18,0,18,54
05/20/2017,ABY,GA,ASO,ES,Federal Contract Tower,0,3,3,0,6,0,0,17,0,17,0,3,20,0,23,12,0,12,35
05/21/2017,ABY,GA,ASO,ES,Federal Contract Tower,0,6,4,5,15,0,0,15,1,16,0,6,19,6,31,18,6,24,55
05/22/2017,ABY,GA,ASO,ES,Federal Contract Tower,0,7,13,8,28,0,0,11,3,14,0,7,24,11,42,4,50,54,96
05/23/2017,ABY,GA,ASO,ES,Federal Contract Tower,0,7,3,0,10,0,0,1,0,1,0,7,4,0,11,0,0,0,11
05/24/2017,ABY,GA,ASO,ES,Federal Contract Tower,0,8,6,2,16,0,0,0,4,4,0,8,6,6,20,0,0,0,20
05/25/2017,ABY,GA,ASO,ES,Federal Contract Tower,0,16,20,4,40,0,0,18,0,18,0,16,38,4,58,10,0,10,68
05/26/2017,ABY,GA,ASO,ES,Federal Contract Tower,0,9,6,0,15,0,0,30,0,30,0,9,36,0,45,58,0,58,103
05/27/2017,ABY,GA,ASO,ES,Federal Contract Tower,0,3,4,0,7,0,0,21,0,21,0,3,25,0,28,22,0,22,50
05/28/2017,ABY,GA,ASO,ES,Federal Contract Tower,0,0,3,0,3,0,0,12,0,12,0,0,15,0,15,0,0,0,15
05/29/2017,ABY,GA,ASO,ES,Federal Contract Tower,0,4,4,0,8,0,0,6,0,6,0,4,10,0,14,26,0,26,40
05/30/2017,ABY,GA,ASO,ES,Federal Contract Tower,0,5,13,3,21,0,0,15,6,21,0,5,28,9,42,30,10,40,82
05/31/2017,ABY,GA,ASO,ES,Federal Contract Tower,0,5,11,0,16,0,0,16,1,17,0,5,27,1,33,34,2,36,69
06/01/2017,ABY,GA,ASO,ES,Federal Contract Tower,0,6,25,3,34,0,0,16,0,16,0,6,41,3,50,66,6,72,122
06/02/2017,ABY,GA,ASO,ES,Federal Contract Tower,0,6,5,0,11,0,0,5,0,5,0,6,10,0,16,22,0,22,38
06/03/2017,ABY,GA,ASO,ES,Federal Contract Tower,0,6,4,0,10,0,0,13,0,13,0,6,17,0,23,0,0,0,23
06/04/2017,ABY,GA,ASO,ES,Federal Contract Tower,0,7,3,0,10,0,0,0,0,0,0,7,3,0,10,0,0,0,10
06/05/2017,ABY,GA,ASO,ES,Federal Contract Tower,0,8,3,0,11,0,0,9,0,9,0,8,12,0,20,8,0,8,28
06/06/2017,ABY,GA,ASO,ES,Federal Contract Tower,0,10,13,0,23,0,0,7,0,7,0,10,20,0,30,26,0,26,56
06/08/2017,ABY,GA,ASO,ES,Federal Contract Tower,0,5,11,0,16,0,0,24,1,25,0,5,35,1,41,44,0,44,85
06/09/2017,ABY,GA,ASO,ES,Federal Contract Tower,0,8,14,4,26,0,29,4,0,33,0,37,18,4,59,0,40,40,99
06/10/2017,ABY,GA,ASO,ES,Federal Contract Tower,0,3,5,0,8,0,0,22,0,22,0,3,27,0,30,14,0,14,44
06/11/2017,ABY,GA,ASO,ES,Federal Contract Tower,0,8,12,0,20,0,0,13,8,21,0,8,25,8,41,16,0,16,57
06/12/2017,ABY,GA,ASO,ES,Federal Contract Tower,0,8,12,1,21,0,0,12,0,12,0,8,24,1,33,0,24,24,57
06/13/2017,ABY,GA,ASO,ES,Federal Contract Tower,0,9,10,3,22,0,0,14,1,15,0,9,24,4,37,28,20,48,85
06/14/2017,ABY,GA,ASO,ES,Federal Contract Tower,0,6,12,0,18,0,0,19,0,19,0,6,31,0,37,54,0,54,91
06/15/2017,ABY,GA,ASO,ES,Federal Contract Tower,0,6,10,2,18,0,0,24,1,25,0,6,34,3,43,20,0,20,63
06/16/2017,ABY,GA,ASO,ES,Federal Contract Tower,0,6,15,1,22,0,0,22,3,25,0,6,37,4,47,26,16,42,89
06/17/2017,ABY,GA,ASO,ES,Federal Contract Tower,0,3,5,0,8,0,0,18,1,19,0,3,23,1,27,22,0,22,49
06/18/2017,ABY,GA,ASO,ES,Federal Contract Tower,0,3,0,0,3,0,0,12,0,12,0,3,12,0,15,18,0,18,33
06/19/2017,ABY,GA,ASO,ES,Federal Contract Tower,0,5,11,1,17,0,0,4,2,6,0,5,15,3,23,0,6,6,29
06/20/2017,ABY,GA,ASO,ES,Federal Contract Tower,0,4,5,0,9,0,0,0,0,0,0,4,5,0,9,0,0,0,9
06/21/2017,ABY,GA,ASO,ES,Federal Contract Tower,0,6,5,5,16,0,0,8,0,8,0,6,13,5,24,0,0,0,24
06/22/2017,ABY,GA,ASO,ES,Federal Contract Tower,0,6,13,0,19,0,0,15,0,15,0,6,28,0,34,20,0,20,54
06/23/2017,ABY,GA,ASO,ES,Federal Contract Tower,0,7,5,3,15,0,0,21,12,33,0,7,26,15,48,48,0,48,96
06/24/2017,ABY,GA,ASO,ES,Federal Contract Tower,0,4,0,0,4,0,0,17,0,17,0,4,17,0,21,6,0,6,27
06/25/2017,ABY,GA,ASO,ES,Federal Contract Tower,0,5,9,0,14,0,0,10,0,10,0,5,19,0,24,0,0,0,24
06/26/2017,ABY,GA,ASO,ES,Federal Contract Tower,0,6,6,3,15,0,0,35,1,36,0,6,41,4,51,34,0,34,85
06/27/2017,ABY,GA,ASO,ES,Federal Contract Tower,0,6,6,0,12,0,0,26,8,34,0,6,32,8,46,36,0,36,82
06/28/2017,ABY,GA,ASO,ES,Federal Contract Tower,0,7,14,4,25,0,0,13,0,13,0,7,27,4,38,38,14,52,90
06/29/2017,ABY,GA,ASO,ES,Federal Contract Tower,0,6,10,0,16,0,0,6,0,6,0,6,16,0,22,30,0,30,52
06/30/2017,ABY,GA,ASO,ES,Federal Contract Tower,0,10,7,0,17,0,0,11,0,11,0,10,18,0,28,12,0,12,40
07/01/2017,ABY,GA,ASO,ES,Federal Contract Tower,0,3,5,0,8,0,0,26,0,26,0,3,31,0,34,4,0,4,38
07/02/2017,ABY,GA,ASO,ES,Federal Contract Tower,0,2,4,0,6,0,0,13,0,13,0,2,17,0,19,10,0,10,29
07/03/2017,ABY,GA,ASO,ES,Federal Contract Tower,0,5,4,0,9,0,0,28,0,28,0,5,32,0,37,32,0,32,69
07/04/2017,ABY,GA,ASO,ES,Federal Contract Tower,0,2,0,0,2,0,0,16,0,16,0,2,16,0,18,26,0,26,44
07/05/2017,ABY,GA,ASO,ES,Federal Contract Tower,0,6,5,2,13,0,0,21,1,22,0,6,26,3,35,10,34,44,79
07/06/2017,ABY,GA,ASO,ES,Federal Contract Tower,0,15,14,8,37,0,0,35,0,35,0,15,49,8,72,24,52,76,148
07/07/2017,ABY,GA,ASO,ES,Federal Contract Tower,2,8,6,8,24,0,0,19,0,19,2,8,25,8,43,14,10,24,67
07/08/2017,ABY,GA,ASO,ES,Federal Contract Tower,0,4,3,0,7,0,0,14,0,14,0,4,17,0,21,0,0,0,21
07/09/2017,ABY,GA,ASO,ES,Federal Contract Tower,0,8,4,0,12,0,15,0,0,15,0,23,4,0,27,10,0,10,37
07/10/2017,ABY,GA,ASO,ES,Federal Contract Tower,0,6,1,6,13,0,0,15,0,15,0,6,16,6,28,18,8,26,54
07/11/2017,ABY,GA,ASO,ES,Federal Contract Tower,0,8,12,6,26,0,0,16,0,16,0,8,28,6,42,6,20,26,68
07/12/2017,ABY,GA,ASO,ES,Federal Contract Tower,0,11,4,8,23,0,2,27,1,30,0,13,31,9,53,8,4,12,65
07/13/2017,ABY,GA,ASO,ES,Federal Contract Tower,0,7,25,4,36,0,0,10,0,10,0,7,35,4,46,4,0,4,50
07/14/2017,ABY,GA,ASO,ES,Federal Contract Tower,0,6,11,3,20,0,0,13,2,15,0,6,24,5,35,22,22,44,79
07/15/2017,ABY,GA,ASO,ES,Federal Contract Tower,0,2,1,0,3,0,0,20,2,22,0,2,21,2,25,6,0,6,31
07/16/2017,ABY,GA,ASO,ES,Federal Contract Tower,0,6,2,0,8,0,0,9,0,9,0,6,11,0,17,50,0,50,67
07/17/2017,ABY,GA,ASO,ES,Federal Contract Tower,0,5,5,0,10,0,2,13,0,15,0,7,18,0,25,26,20,46,71
07/18/2017,ABY,GA,ASO,ES,Federal Contract Tower,0,7,15,0,22,0,0,24,0,24,0,7,39,0,46,42,28,70,116
07/19/2017,ABY,GA,ASO,ES,Federal Contract Tower,0,6,7,11,24,0,0,23,6,29,0,6,30,17,53,24,78,102,155
07/20/2017,ABY,GA,ASO,ES,Federal Contract Tower,0,6,16,1,23,0,0,29,0,29,0,6,45,1,52,36,8,44,96
07/21/2017,ABY,GA,ASO,ES,Federal Contract Tower,0,9,10,4,23,0,0,14,2,16,0,9,24,6,39,16,18,34,73
07/22/2017,ABY,GA,ASO,ES,Federal Contract Tower,0,3,5,0,8,0,0,19,0,19,0,3,24,0,27,10,0,10,37
07/23/2017,ABY,GA,ASO,ES,Federal Contract Tower,0,4,11,0,15,0,0,19,0,19,0,4,30,0,34,0,0,0,34
07/24/2017,ABY,GA,ASO,ES,Federal Contract Tower,0,9,5,0,14,0,0,8,0,8,0,9,13,0,22,0,0,0,22
07/25/2017,ABY,GA,ASO,ES,Federal Contract Tower,0,5,13,0,18,0,0,8,0,8,0,5,21,0,26,12,0,12,38
07/26/2017,ABY,GA,ASO,ES,Federal Contract Tower,0,6,6,0,12,0,0,12,3,15,0,6,18,3,27,0,0,0,27
07/27/2017,ABY,GA,ASO,ES,Federal Contract Tower,0,7,12,0,19,0,0,3,0,3,0,7,15,0,22,18,0,18,40
07/28/2017,ABY,GA,ASO,ES,Federal Contract Tower,0,8,8,0,16,0,0,18,0,18,0,8,26,0,34,10,22,32,66
07/29/2017,ABY,GA,ASO,ES,Federal Contract Tower,0,2,4,0,6,0,0,3,0,3,0,2,7,0,9,0,0,0,9
07/30/2017,ABY,GA,ASO,ES,Federal Contract Tower,0,4,11,0,15,0,0,28,2,30,0,4,39,2,45,0,0,0,45
07/31/2017,ABY,GA,ASO,ES,Federal Contract Tower,0,6,4,6,16,0,0,34,6,40,0,6,38,12,56,20,34,54,110
08/01/2017,ABY,GA,ASO,ES,Federal Contract Tower,0,6,8,6,20,0,0,30,7,37,0,6,38,13,57,20,22,42,99
08/02/2017,ABY,GA,ASO,ES,Federal Contract Tower,0,6,4,8,18,0,0,20,0,20,0,6,24,8,38,28,8,36,74
08/03/2017,ABY,GA,ASO,ES,Federal Contract Tower,0,8,8,0,16,0,0,4,0,4,0,8,12,0,20,2,0,2,22
08/04/2017,ABY,GA,ASO,ES,Federal Contract Tower,0,7,8,0,15,0,0,2,0,2,0,7,10,0,17,0,0,0,17
08/05/2017,ABY,GA,ASO,ES,Federal Contract Tower,0,3,6,1,10,0,0,27,1,28,0,3,33,2,38,38,0,38,76
08/06/2017,ABY,GA,ASO,ES,Federal Contract Tower,0,5,2,0,7,0,0,16,0,16,0,5,18,0,23,6,0,6,29
08/07/2017,ABY,GA,ASO,ES,Federal Contract Tower,0,11,11,2,24,0,0,28,0,28,0,11,39,2,52,8,28,36,88
08/08/2017,ABY,GA,ASO,ES,Federal Contract Tower,0,8,13,2,23,0,0,5,0,5,0,8,18,2,28,0,10,10,38
08/09/2017,ABY,GA,ASO,ES,Federal Contract Tower,0,7,6,0,13,0,0,29,0,29,0,7,35,0,42,50,0,50,92
08/10/2017,ABY,GA,ASO,ES,Federal Contract Tower,1,8,6,3,18,0,0,13,1,14,1,8,19,4,32,28,32,60,92
08/11/2017,ABY,GA,ASO,ES,Federal Contract Tower,0,8,11,9,28,0,0,23,2,25,0,8,34,11,53,10,78,88,141
08/13/2017,ABY,GA,ASO,ES,Federal Contract Tower,0,4,3,0,7,0,0,15,0,15,0,4,18,0,22,10,0,10,32
08/14/2017,ABY,GA,ASO,ES,Federal Contract Tower,0,6,5,0,11,0,0,0,0,0,0,6,5,0,11,0,0,0,11
08/15/2017,ABY,GA,ASO,ES,Federal Contract Tower,0,9,8,3,20,0,0,24,1,25,0,9,32,4,45,34,24,58,103
08/16/2017,ABY,GA,ASO,ES,Federal Contract Tower,0,10,8,7,25,0,0,23,1,24,0,10,31,8,49,30,26,56,105
08/17/2017,ABY,GA,ASO,ES,Federal Contract Tower,0,6,1,1,8,0,0,33,4,37,0,6,34,5,45,30,0,30,75
08/18/2017,ABY,GA,ASO,ES,Federal Contract Tower,0,6,8,11,25,0,0,34,0,34,0,6,42,11,59,8,8,16,75
08/19/2017,ABY,GA,ASO,ES,Federal Contract Tower,0,3,12,0,15,0,0,19,0,19,0,3,31,0,34,30,0,30,64
08/20/2017,ABY,GA,ASO,ES,Federal Contract Tower,0,4,1,1,6,0,0,13,3,16,0,4,14,4,22,14,0,14,36
08/21/2017,ABY,GA,ASO,ES,Federal Contract Tower,0,6,6,2,14,0,0,11,5,16,0,6,17,7,30,14,84,98,128
08/22/2017,ABY,GA,ASO,ES,Federal Contract Tower,0,6,11,6,23,0,0,20,7,27,0,6,31,13,50,22,40,62,112
08/23/2017,ABY,GA,ASO,ES,Federal Contract Tower,0,8,4,3,15,0,0,31,0,31,0,8,35,3,46,46,10,56,102
08/24/2017,ABY,GA,ASO,ES,Federal Contract Tower,0,6,1,3,10,0,0,27,3,30,0,6,28,6,40,18,4,22,62
08/25/2017,ABY,GA,ASO,ES,Federal Contract Tower,0,5,7,1,13,0,0,29,0,29,0,5,36,1,42,4,0,4,46
08/26/2017,ABY,GA,ASO,ES,Federal Contract Tower,0,5,3,0,8,0,0,13,16,29,0,5,16,16,37,0,0,0,37
08/27/2017,ABY,GA,ASO,ES,Federal Contract Tower,0,4,0,0,4,0,0,7,0,7,0,4,7,0,11,0,0,0,11
08/28/2017,ABY,GA,ASO,ES,Federal Contract Tower,0,8,4,0,12,0,0,14,0,14,0,8,18,0,26,4,0,4,30
08/29/2017,ABY,GA,ASO,ES,Federal Contract Tower,0,6,9,1,16,0,0,20,3,23,0,6,29,4,39,48,28,76,115
08/30/2017,ABY,GA,ASO,ES,Federal Contract Tower,0,9,7,4,20,0,0,7,0,7,0,9,14,4,27,30,0,30,57
08/31/2017,ABY,GA,ASO,ES,Federal Contract Tower,0,7,4,0,11,0,0,2,0,2,0,7,6,0,13,6,0,6,19
09/01/2017,ABY,GA,ASO,ES,Federal Contract Tower,0,5,10,0,15,0,0,19,0,19,0,5,29,0,34,10,0,10,44
09/02/2017,ABY,GA,ASO,ES,Federal Contract Tower,0,8,4,0,12,0,0,20,8,28,0,8,24,8,40,8,0,8,48
09/03/2017,ABY,GA,ASO,ES,Federal Contract Tower,0,3,0,0,3,0,0,12,0,12,0,3,12,0,15,14,0,14,29
09/04/2017,ABY,GA,ASO,ES,Federal Contract Tower,0,4,7,0,11,0,1,15,0,16,0,5,22,0,27,24,0,24,51
09/05/2017,ABY,GA,ASO,ES,Federal Contract Tower,0,9,10,0,19,0,0,17,0,17,0,9,27,0,36,14,0,14,50
09/06/2017,ABY,GA,ASO,ES,Federal Contract Tower,0,9,10,5,24,0,0,21,0,21,0,9,31,5,45,32,0,32,77
09/07/2017,ABY,GA,ASO,ES,Federal Contract Tower,0,8,13,2,23,0,0,36,0,36,0,8,49,2,59,4,2,6,65
09/08/2017,ABY,GA,ASO,ES,Federal Contract Tower,0,7,19,0,26,0,0,49,3,52,0,7,68,3,78,6,28,34,112
09/09/2017,ABY,GA,ASO,ES,Federal Contract Tower,0,3,4,0,7,0,0,35,0,35,0,3,39,0,42,16,0,16,58
09/10/2017,ABY,GA,ASO,ES,Federal Contract Tower,0,3,4,0,7,0,0,1,0,1,0,3,5,0,8,0,0,0,8
09/12/2017,ABY,GA,ASO,ES,Federal Contract Tower,0,11,11,0,22,0,0,26,0,26,0,11,37,0,48,10,0,10,58
09/13/2017,ABY,GA,ASO,ES,Federal Contract Tower,3,8,7,2,20,0,0,47,2,49,3,8,54,4,69,14,32,46,115
09/14/2017,ABY,GA,ASO,ES,Federal Contract Tower,1,10,11,0,22,0,0,22,1,23,1,10,33,1,45,10,42,52,97
09/15/2017,ABY,GA,ASO,ES,Federal Contract Tower,0,7,9,7,23,0,0,31,1,32,0,7,40,8,55,6,0,6,61
09/16/2017,ABY,GA,ASO,ES,Federal Contract Tower,0,3,9,4,16,0,0,23,0,23,0,3,32,4,39,4,2,6,45
09/17/2017,ABY,GA,ASO,ES,Federal Contract Tower,0,7,9,4,20,0,0,23,0,23,0,7,32,4,43,18,0,18,61
09/18/2017,ABY,GA,ASO,ES,Federal Contract Tower,0,6,11,0,17,0,0,21,2,23,0,6,32,2,40,4,38,42,82
09/19/2017,ABY,GA,ASO,ES,Federal Contract Tower,0,6,20,2,28,0,0,39,6,45,0,6,59,8,73,16,29,45,118
09/20/2017,ABY,GA,ASO,ES,Federal Contract Tower,0,7,3,0,10,0,0,17,2,19,0,7,20,2,29,14,0,14,43
09/21/2017,ABY,GA,ASO,ES,Federal Contract Tower,0,8,9,6,23,0,0,28,4,32,0,8,37,10,55,14,38,52,107
09/22/2017,ABY,GA,ASO,ES,Federal Contract Tower,0,8,13,2,23,0,0,28,3,31,0,8,41,5,54,26,28,54,108
09/23/2017,ABY,GA,ASO,ES,Federal Contract Tower,0,4,6,0,10,0,0,23,2,25,0,4,29,2,35,2,0,2,37
09/24/2017,ABY,GA,ASO,ES,Federal Contract Tower,0,4,4,2,10,0,0,19,6,25,0,4,23,8,35,18,0,18,53
09/25/2017,ABY,GA,ASO,ES,Federal Contract Tower,0,8,6,0,14,0,1,19,1,21,0,9,25,1,35,8,0,8,43
09/26/2017,ABY,GA,ASO,ES,Federal Contract Tower,0,6,18,0,24,0,2,44,0,46,0,8,62,0,70,36,0,36,106
09/27/2017,ABY,GA,ASO,ES,Federal Contract Tower,0,7,7,2,16,0,0,16,0,16,0,7,23,2,32,0,8,8,40
09/28/2017,ABY,GA,ASO,ES,Federal Contract Tower,0,7,7,4,18,0,0,45,3,48,0,7,52,7,66,16,14,30,96
09/29/2017,ABY,GA,ASO,ES,Federal Contract Tower,0,6,9,0,15,0,0,40,0,40,0,6,49,0,55,18,0,18,73
09/30/2017,ABY,GA,ASO,ES,Federal Contract Tower,0,3,3,0,6,0,2,18,0,20,0,5,21,0,26,0,0,0,26
10/01/2017,ABY,GA,ASO,ES,Federal Contract Tower,0,5,3,0,8,0,0,17,0,17,0,5,20,0,25,16,0,16,41
10/02/2017,ABY,GA,ASO,ES,Federal Contract Tower,0,6,17,2,25,0,0,33,0,33,0,6,50,2,58,18,12,30,88
10/03/2017,ABY,GA,ASO,ES,Federal Contract Tower,0,6,8,2,16,0,0,24,0,24,0,6,32,2,40,0,0,0,40
10/04/2017,ABY,GA,ASO,ES,Federal Contract Tower,0,6,5,1,12,0,0,15,4,19,0,6,20,5,31,10,30,40,71
10/05/2017,ABY,GA,ASO,ES,Federal Contract Tower,0,10,5,2,17,0,0,22,0,22,0,10,27,2,39,10,0,10,49
10/06/2017,ABY,GA,ASO,ES,Federal Contract Tower,0,6,7,2,15,0,0,15,0,15,0,6,22,2,30,20,0,20,50
10/07/2017,ABY,GA,ASO,ES,Federal Contract Tower,0,3,3,0,6,0,0,0,0,0,0,3,3,0,6,0,0,0,6
10/08/2017,ABY,GA,ASO,ES,Federal Contract Tower,0,6,2,0,8,0,0,2,0,2,0,6,4,0,10,6,0,6,16
10/09/2017,ABY,GA,ASO,ES,Federal Contract Tower,0,9,5,0,14,0,0,4,0,4,0,9,9,0,18,14,0,14,32
10/10/2017,ABY,GA,ASO,ES,Federal Contract Tower,0,6,10,6,22,0,1,27,0,28,0,7,37,6,50,14,2,16,66
10/11/2017,ABY,GA,ASO,ES,Federal Contract Tower,0,9,2,3,14,0,0,16,1,17,0,9,18,4,31,0,30,30,61
10/12/2017,ABY,GA,ASO,ES,Federal Contract Tower,0,7,6,0,13,0,0,24,0,24,0,7,30,0,37,10,0,10,47
10/13/2017,ABY,GA,ASO,ES,Federal Contract Tower,0,8,6,0,14,0,0,20,1,21,0,8,26,1,35,46,0,46,81
10/14/2017,ABY,GA,ASO,ES,Federal Contract Tower,0,3,4,0,7,0,0,21,0,21,0,3,25,0,28,16,0,16,44
10/15/2017,ABY,GA,ASO,ES,Federal Contract Tower,0,4,6,1,11,0,0,23,1,24,0,4,29,2,35,36,0,36,71
10/16/2017,ABY,GA,ASO,ES,Federal Contract Tower,0,9,11,0,20,0,0,19,4,23,0,9,30,4,43,0,34,34,77
10/17/2017,ABY,GA,ASO,ES,Federal Contract Tower,0,4,14,3,21,0,0,35,8,43,0,4,49,11,64,8,48,56,120
10/18/2017,ABY,GA,ASO,ES,Federal Contract Tower,0,6,15,1,22,0,0,34,0,34,0,6,49,1,56,0,0,0,56
10/19/2017,ABY,GA,ASO,ES,Federal Contract Tower,0,7,7,2,16,0,0,13,3,16,0,7,20,5,32,8,8,16,48
10/20/2017,ABY,GA,ASO,ES,Federal Contract Tower,0,8,13,0,21,0,0,27,2,29,0,8,40,2,50,36,0,36,86
10/21/2017,ABY,GA,ASO,ES,Federal Contract Tower,0,3,7,0,10,0,0,28,0,28,0,3,35,0,38,14,0,14,52
10/22/2017,ABY,GA,ASO,ES,Federal Contract Tower,0,9,11,3,23,0,0,40,2,42,0,9,51,5,65,36,0,36,101
10/23/2017,ABY,GA,ASO,ES,Federal Contract Tower,0,6,7,0,13,0,0,2,2,4,0,6,9,2,17,2,0,2,19
10/24/2017,ABY,GA,ASO,ES,Federal Contract Tower,0,9,15,4,28,0,0,24,0,24,0,9,39,4,52,8,12,20,72
10/25/2017,ABY,GA,ASO,ES,Federal Contract Tower,0,6,14,0,20,0,0,26,0,26,0,6,40,0,46,14,16,30,76
10/26/2017,ABY,GA,ASO,ES,Federal Contract Tower,0,9,12,2,23,0,0,17,0,17,0,9,29,2,40,8,26,34,74
10/27/2017,ABY,GA,ASO,ES,Federal Contract Tower,0,11,9,4,24,0,4,16,6,26,0,15,25,10,50,30,42,72,122
10/28/2017,ABY,GA,ASO,ES,Federal Contract Tower,0,4,3,0,7,0,0,9,0,9,0,4,12,0,16,30,0,30,46
10/29/2017,ABY,GA,ASO,ES,Federal Contract Tower,0,6,11,1,18,0,0,17,0,17,0,6,28,1,35,0,0,0,35
10/30/2017,ABY,GA,ASO,ES,Federal Contract Tower,0,6,13,5,24,0,0,32,2,34,0,6,45,7,58,10,34,44,102
10/31/2017,ABY,GA,ASO,ES,Federal Contract Tower,0,6,9,5,20,0,0,57,0,57,0,6,66,5,77,28,10,38,115
11/01/2017,ABY,GA,ASO,ES,Federal Contract Tower,0,7,10,2,19,0,0,29,0,29,0,7,39,2,48,22,0,22,70
11/02/2017,ABY,GA,ASO,ES,Federal Contract Tower,0,8,12,7,27,0,0,25,0,25,0,8,37,7,52,22,34,56,108
11/03/2017,ABY,GA,ASO,ES,Federal Contract Tower,0,7,6,0,13,0,0,27,2,29,0,7,33,2,42,2,0,2,44
11/04/2017,ABY,GA,ASO,ES,Federal Contract Tower,0,3,6,0,9,0,0,14,0,14,0,3,20,0,23,2,0,2,25
11/05/2017,ABY,GA,ASO,ES,Federal Contract Tower,0,10,8,0,18,0,0,32,0,32,0,10,40,0,50,4,0,4,54
11/06/2017,ABY,GA,ASO,ES,Federal Contract Tower,0,4,11,0,15,0,0,9,1,10,0,4,20,1,25,25,22,47,72
11/07/2017,ABY,GA,ASO,ES,Federal Contract Tower,1,11,13,3,28,0,0,25,0,25,1,11,38,3,53,36,20,56,109
11/08/2017,ABY,GA,ASO,ES,Federal Contract Tower,0,6,11,6,23,0,0,14,2,16,0,6,25,8,39,6,46,52,91
11/09/2017,ABY,GA,ASO,ES,Federal Contract Tower,0,6,11,2,19,0,0,0,0,0,0,6,11,2,19,0,0,0,19
11/10/2017,ABY,GA,ASO,ES,Federal Contract Tower,0,8,34,0,42,0,0,41,0,41,0,8,75,0,83,40,0,40,123
11/11/2017,ABY,GA,ASO,ES,Federal Contract Tower,0,4,17,0,21,0,0,14,0,14,0,4,31,0,35,44,0,44,79
11/12/2017,ABY,GA,ASO,ES,Federal Contract Tower,0,5,14,0,19,0,0,8,0,8,0,5,22,0,27,22,0,22,49
11/14/2017,ABY,GA,ASO,ES,Federal Contract Tower,0,11,15,0,26,0,0,22,0,22,0,11,37,0,48,32,0,32,80
11/15/2017,ABY,GA,ASO,ES,Federal Contract Tower,0,9,17,3,29,0,0,42,0,42,0,9,59,3,71,54,2,56,127
11/16/2017,ABY,GA,ASO,ES,Federal Contract Tower,0,10,15,2,27,0,0,24,0,24,0,10,39,2,51,8,0,8,59
11/17/2017,ABY,GA,ASO,ES,Federal Contract Tower,0,13,19,3,35,0,0,31,0,31,0,13,50,3,66,10,4,14,80
11/18/2017,ABY,GA,ASO,ES,Federal Contract Tower,0,6,12,0,18,0,0,19,0,19,0,6,31,0,37,4,0,4,41
11/19/2017,ABY,GA,ASO,ES,Federal Contract Tower,0,11,7,0,18,0,0,23,0,23,0,11,30,0,41,6,0,6,47
11/20/2017,ABY,GA,ASO,ES,Federal Contract Tower,0,7,6,0,13,0,0,19,0,19,0,7,25,0,32,50,26,76,108
11/21/2017,ABY,GA,ASO,ES,Federal Contract Tower,0,10,11,0,21,0,0,23,2,25,0,10,34,2,46,10,18,28,74
11/22/2017,ABY,GA,ASO,ES,Federal Contract Tower,0,4,18,0,22,0,0,8,0,8,0,4,26,0,30,20,0,20,50
11/23/2017,ABY,GA,ASO,ES,Federal Contract Tower,0,2,1,0,3,0,0,0,0,0,0,2,1,0,3,0,0,0,3
11/24/2017,ABY,GA,ASO,ES,Federal Contract Tower,2,5,7,0,14,0,0,9,0,9,2,5,16,0,23,0,0,0,23
11/25/2017,ABY,GA,ASO,ES,Federal Contract Tower,0,11,5,0,16,0,0,22,0,22,0,11,27,0,38,10,0,10,48
11/26/2017,ABY,GA,ASO,ES,Federal Contract Tower,0,7,18,0,25,0,0,30,0,30,0,7,48,0,55,6,0,6,61
11/27/2017,ABY,GA,ASO,ES,Federal Contract Tower,0,8,13,2,23,0,0,35,2,37,0,8,48,4,60,12,32,44,104
11/28/2017,ABY,GA,ASO,ES,Federal Contract Tower,0,8,13,9,30,0,0,35,9,44,0,8,48,18,74,10,78,88,162
11/29/2017,ABY,GA,ASO,ES,Federal Contract Tower,1,13,9,2,25,0,0,11,2,13,1,13,20,4,38,4,4,8,46
11/30/2017,ABY,GA,ASO,ES,Federal Contract Tower,1,11,17,1,30,0,0,30,5,35,1,11,47,6,65,6,62,68,133
12/01/2017,ABY,GA,ASO,ES,Federal Contract Tower,1,9,29,5,44,0,0,25,3,28,1,9,54,8,72,16,34,50,122
12/02/2017,ABY,GA,ASO,ES,Federal Contract Tower,2,4,6,0,12,0,0,15,0,15,2,4,21,0,27,30,0,30,57
12/03/2017,ABY,GA,ASO,ES,Federal Contract Tower,0,10,21,4,35,0,0,0,0,0,0,10,21,4,35,0,0,0,35
12/04/2017,ABY,GA,ASO,ES,Federal Contract Tower,0,11,14,10,35,0,0,38,2,40,0,11,52,12,75,42,10,52,127
12/05/2017,ABY,GA,ASO,ES,Federal Contract Tower,2,9,10,14,35,0,0,15,0,15,2,9,25,14,50,0,2,2,52
12/06/2017,ABY,GA,ASO,ES,Federal Contract Tower,0,11,7,3,21,0,0,0,0,0,0,11,7,3,21,0,0,0,21
12/07/2017,ABY,GA,ASO,ES,Federal Contract Tower,2,10,6,3,21,0,0,6,1,7,2,10,12,4,28,0,2,2,30
12/08/2017,ABY,GA,ASO,ES,Federal Contract Tower,0,7,6,0,13,0,0,0,0,0,0,7,6,0,13,0,0,0,13
12/09/2017,ABY,GA,ASO,ES,Federal Contract Tower,0,5,9,0,14,0,0,13,0,13,0,5,22,0,27,2,0,2,29
12/10/2017,ABY,GA,ASO,ES,Federal Contract Tower,0,13,15,0,28,0,0,17,0,17,0,13,32,0,45,4,0,4,49
12/11/2017,ABY,GA,ASO,ES,Federal Contract Tower,0,12,13,8,33,0,2,38,0,40,0,14,51,8,73,64,28,92,165
12/12/2017,ABY,GA,ASO,ES,Federal Contract Tower,1,11,11,2,25,0,0,34,1,35,1,11,45,3,60,26,20,46,106
12/13/2017,ABY,GA,ASO,ES,Federal Contract Tower,2,16,19,2,39,0,0,41,1,42,2,16,60,3,81,28,50,78,159
12/14/2017,ABY,GA,ASO,ES,Federal Contract Tower,0,14,25,3,42,0,0,39,0,39,0,14,64,3,81,48,0,48,129
12/15/2017,ABY,GA,ASO,ES,Federal Contract Tower,0,11,15,1,27,0,0,45,0,45,0,11,60,1,72,56,0,56,128
12/16/2017,ABY,GA,ASO,ES,Federal Contract Tower,0,12,11,0,23,0,0,17,2,19,0,12,28,2,42,8,6,14,56
12/17/2017,ABY,GA,ASO,ES,Federal Contract Tower,0,6,13,4,23,0,0,10,0,10,0,6,23,4,33,4,6,10,43
12/18/2017,ABY,GA,ASO,ES,Federal Contract Tower,0,11,12,0,23,0,0,0,0,0,0,11,12,0,23,2,0,2,25
12/19/2017,ABY,GA,ASO,ES,Federal Contract Tower,2,5,14,0,21,0,0,0,0,0,2,5,14,0,21,0,0,0,21
12/20/2017,ABY,GA,ASO,ES,Federal Contract Tower,2,15,3,2,22,0,0,0,0,0,2,15,3,2,22,4,0,4,26
12/21/2017,ABY,GA,ASO,ES,Federal Contract Tower,3,7,12,1,23,0,0,2,0,2,3,7,14,1,25,0,0,0,25
12/22/2017,ABY,GA,ASO,ES,Federal Contract Tower,2,7,7,0,16,0,0,9,0,9,2,7,16,0,25,4,0,4,29
12/23/2017,ABY,GA,ASO,ES,Federal Contract Tower,2,3,12,0,17,0,0,1,0,1,2,3,13,0,18,8,0,8,26
12/24/2017,ABY,GA,ASO,ES,Federal Contract Tower,0,2,4,0,6,0,0,1,0,1,0,2,5,0,7,0,0,0,7
12/25/2017,ABY,GA,ASO,ES,Federal Contract Tower,0,2,0,0,2,0,0,2,0,2,0,2,2,0,4,0,0,0,4
12/26/2017,ABY,GA,ASO,ES,Federal Contract Tower,0,16,8,3,27,0,0,29,0,29,0,16,37,3,56,10,30,40,96
12/27/2017,ABY,GA,ASO,ES,Federal Contract Tower,0,8,11,0,19,0,0,0,0,0,0,8,11,0,19,0,0,0,19
12/28/2017,ABY,GA,ASO,ES,Federal Contract Tower,0,7,7,0,14,0,0,0,0,0,0,7,7,0,14,0,0,0,14
12/29/2017,ABY,GA,ASO,ES,Federal Contract Tower,0,8,9,2,19,0,0,15,0,15,0,8,24,2,34,23,0,23,57
12/30/2017,ABY,GA,ASO,ES,Federal Contract Tower,1,3,9,0,13,0,0,17,0,17,1,3,26,0,30,4,0,4,34
12/31/2017,ABY,GA,ASO,ES,Federal Contract Tower,0,5,4,0,9,0,0,0,0,0,0,5,4,0,9,0,0,0,9
01/01/2018,ABY,GA,ASO,ES,Federal Contract Tower,0,4,4,0,8,0,0,7,0,7,0,4,11,0,15,0,0,0,15
01/02/2018,ABY,GA,ASO,ES,Federal Contract Tower,0,10,3,0,13,0,0,6,0,6,0,10,9,0,19,18,0,18,37
01/03/2018,ABY,GA,ASO,ES,Federal Contract Tower,0,7,7,1,15,0,0,22,0,22,0,7,29,1,37,10,0,10,47
01/04/2018,ABY,GA,ASO,ES,Federal Contract Tower,0,10,14,0,24,0,0,18,0,18,0,10,32,0,42,10,6,16,58
01/05/2018,ABY,GA,ASO,ES,Federal Contract Tower,0,10,12,4,26,0,0,19,0,19,0,10,31,4,45,18,0,18,63
01/06/2018,ABY,GA,ASO,ES,Federal Contract Tower,0,7,10,0,17,0,1,22,0,23,0,8,32,0,40,24,0,24,64
01/07/2018,ABY,GA,ASO,ES,Federal Contract Tower,0,15,20,3,38,0,0,33,0,33,0,15,53,3,71,30,0,30,101
01/08/2018,ABY,GA,ASO,ES,Federal Contract Tower,0,10,3,6,19,0,0,6,1,7,0,10,9,7,26,18,6,24,50
01/09/2018,ABY,GA,ASO,ES,Federal Contract Tower,1,9,5,0,15,0,0,0,0,0,1,9,5,0,15,0,0,0,15
01/10/2018,ABY,GA,ASO,ES,Federal Contract Tower,0,11,13,11,35,0,0,16,2,18,0,11,29,13,53,0,10,10,63
01/11/2018,ABY,GA,ASO,ES,Federal Contract Tower,0,14,13,0,27,0,0,0,0,0,0,14,13,0,27,0,0,0,27
01/12/2018,ABY,GA,ASO,ES,Federal Contract Tower,0,14,10,2,26,0,1,8,0,9,0,15,18,2,35,0,36,36,71
01/13/2018,ABY,GA,ASO,ES,Federal Contract Tower,1,11,11,0,23,0,0,20,0,20,1,11,31,0,43,12,0,12,55
01/14/2018,ABY,GA,ASO,ES,Federal Contract Tower,0,5,8,0,13,0,0,36,0,36,0,5,44,0,49,8,0,8,57
01/15/2018,ABY,GA,ASO,ES,Federal Contract Tower,0,8,25,0,33,0,0,52,3,55,0,8,77,3,88,12,0,12,100
01/16/2018,ABY,GA,ASO,ES,Federal Contract Tower,2,12,25,2,41,0,0,36,0,36,2,12,61,2,77,16,0,16,93
01/17/2018,ABY,GA,ASO,ES,Federal Contract Tower,2,7,14,0,23,0,0,21,0,21,2,7,35,0,44,4,0,4,48
01/18/2018,ABY,GA,ASO,ES,Federal Contract Tower,0,14,17,11,42,0,0,15,5,20,0,14,32,16,62,6,24,30,92
01/19/2018,ABY,GA,ASO,ES,Federal Contract Tower,0,13,8,0,21,0,0,26,4,30,0,13,34,4,51,4,18,22,73
01/20/2018,ABY,GA,ASO,ES,Federal Contract Tower,0,5,9,2,16,0,0,32,0,32,0,5,41,2,48,40,0,40,88
01/21/2018,ABY,GA,ASO,ES,Federal Contract Tower,0,18,14,0,32,0,0,31,0,31,0,18,45,0,63,34,0,34,97
01/22/2018,ABY,GA,ASO,ES,Federal Contract Tower,0,11,9,3,23,0,0,0,1,1,0,11,9,4,24,0,0,0,24
01/23/2018,ABY,GA,ASO,ES,Federal Contract Tower,0,13,6,0,19,0,0,12,0,12,0,13,18,0,31,0,0,0,31
01/24/2018,ABY,GA,ASO,ES,Federal Contract Tower,0,9,15,1,25,0,0,37,0,37,0,9,52,1,62,58,4,62,124
01/25/2018,ABY,GA,ASO,ES,Federal Contract Tower,0,12,10,4,26,0,0,42,1,43,0,12,52,5,69,24,52,76,145
01/26/2018,ABY,GA,ASO,ES,Federal Contract Tower,0,6,9,8,23,0,0,35,3,38,0,6,44,11,61,20,8,28,89
01/27/2018,ABY,GA,ASO,ES,Federal Contract Tower,0,5,3,0,8,0,0,15,0,15,0,5,18,0,23,68,0,68,91
01/28/2018,ABY,GA,ASO,ES,Federal Contract Tower,0,10,12,2,24,0,0,0,0,0,0,10,12,2,24,0,0,0,24
01/29/2018,ABY,GA,ASO,ES,Federal Contract Tower,0,8,13,13,34,0,0,5,5,10,0,8,18,18,44,16,6,22,66
01/30/2018,ABY,GA,ASO,ES,Federal Contract Tower,0,12,8,0,20,0,0,35,0,35,0,12,43,0,55,58,0,58,113
01/31/2018,ABY,GA,ASO,ES,Federal Contract Tower,0,15,19,3,37,0,2,51,2,55,0,17,70,5,92,50,24,74,166
02/01/2018,ABY,GA,ASO,ES,Federal Contract Tower,0,9,7,2,18,0,0,56,0,56,0,9,63,2,74,62,0,62,136
02/02/2018,ABY,GA,ASO,ES,Federal Contract Tower,0,6,22,2,30,0,0,28,3,31,0,6,50,5,61,50,16,66,127
02/03/2018,ABY,GA,ASO,ES,Federal Contract Tower,0,7,8,0,15,0,0,22,3,25,0,7,30,3,40,4,0,4,44
02/04/2018,ABY,GA,ASO,ES,Federal Contract Tower,0,6,14,0,20,0,0,0,0,0,0,6,14,0,20,0,0,0,20
02/05/2018,ABY,GA,ASO,ES,Federal Contract Tower,0,9,8,3,20,0,0,24,6,30,0,9,32,9,50,22,40,62,112
02/06/2018,ABY,GA,ASO,ES,Federal Contract Tower,0,11,16,1,28,0,0,40,4,44,0,11,56,5,72,56,12,68,140
02/07/2018,ABY,GA,ASO,ES,Federal Contract Tower,0,12,9,0,21,0,0,6,0,6,0,12,15,0,27,22,0,22,49
02/08/2018,ABY,GA,ASO,ES,Federal Contract Tower,0,12,15,4,31,0,0,47,0,47,0,12,62,4,78,74,4,78,156
02/09/2018,ABY,GA,ASO,ES,Federal Contract Tower,0,13,15,2,30,0,0,2,0,2,0,13,17,2,32,0,0,0,32
02/10/2018,ABY,GA,ASO,ES,Federal Contract Tower,3,10,1,0,14,0,0,0,0,0,3,10,1,0,14,0,0,0,14
02/11/2018,ABY,GA,ASO,ES,Federal Contract Tower,0,9,7,0,16,0,0,0,0,0,0,9,7,0,16,0,0,0,16
02/12/2018,ABY,GA,ASO,ES,Federal Contract Tower,0,13,7,6,26,0,0,5,14,19,0,13,12,20,45,12,0,12,57
02/13/2018,ABY,GA,ASO,ES,Federal Contract Tower,2,13,19,4,38,0,0,0,0,0,2,13,19,4,38,0,0,0,38
02/14/2018,ABY,GA,ASO,ES,Federal Contract Tower,0,13,10,4,27,0,0,12,4,16,0,13,22,8,43,40,8,48,91
02/15/2018,ABY,GA,ASO,ES,Federal Contract Tower,0,17,21,2,40,0,0,10,0,10,0,17,31,2,50,10,0,10,60
02/16/2018,ABY,GA,ASO,ES,Federal Contract Tower,0,18,18,1,37,0,1,10,4,15,0,19,28,5,52,6,0,6,58
02/17/2018,ABY,GA,ASO,ES,Federal Contract Tower,0,12,15,0,27,0,0,6,0,6,0,12,21,0,33,0,0,0,33
02/18/2018,ABY,GA,ASO,ES,Federal Contract Tower,0,2,17,3,22,0,0,13,5,18,0,2,30,8,40,0,0,0,40
02/19/2018,ABY,GA,ASO,ES,Federal Contract Tower,0,14,11,0,25,0,0,12,0,12,0,14,23,0,37,34,0,34,71
02/20/2018,ABY,GA,ASO,ES,Federal Contract Tower,0,14,13,2,29,0,0,36,0,36,0,14,49,2,65,34,0,34,99
02/21/2018,ABY,GA,ASO,ES,Federal Contract Tower,0,10,7,6,23,0,0,25,2,27,0,10,32,8,50,36,18,54,104
02/22/2018,ABY,GA,ASO,ES,Federal Contract Tower,0,13,17,4,34,0,0,40,0,40,0,13,57,4,74,18,0,18,92
02/23/2018,ABY,GA,ASO,ES,Federal Contract Tower,0,19,13,7,39,0,0,50,6,56,0,19,63,13,95,22,36,58,153
02/24/2018,ABY,GA,ASO,ES,Federal Contract Tower,0,8,16,2,26,0,0,20,1,21,0,8,36,3,47,6,4,10,57
02/25/2018,ABY,GA,ASO,ES,Federal Contract Tower,0,16,7,0,23,0,0,13,0,13,0,16,20,0,36,18,0,18,54
02/26/2018,ABY,GA,ASO,ES,Federal Contract Tower,0,10,11,7,28,0,0,1,2,3,0,10,12,9,31,2,4,6,37
02/27/2018,ABY,GA,ASO,ES,Federal Contract Tower,0,12,24,6,42,0,0,20,0,20,0,12,44,6,62,0,0,0,62
02/28/2018,ABY,GA,ASO,ES,Federal Contract Tower,0,8,16,5,29,0,0,20,2,22,0,8,36,7,51,34,42,76,127
03/01/2018,ABY,GA,ASO,ES,Federal Contract Tower,0,12,10,0,22,0,0,9,0,9,0,12,19,0,31,0,0,0,31
03/02/2018,ABY,GA,ASO,ES,Federal Contract Tower,0,13,13,0,26,0,0,47,0,47,0,13,60,0,73,40,0,40,113
03/03/2018,ABY,GA,ASO,ES,Federal Contract Tower,0,3,12,0,15,0,0,22,0,22,0,3,34,0,37,16,0,16,53
03/04/2018,ABY,GA,ASO,ES,Federal Contract Tower,0,7,14,0,21,0,0,22,0,22,0,7,36,0,43,32,0,32,75
03/05/2018,ABY,GA,ASO,ES,Federal Contract Tower,0,9,9,0,18,0,0,39,1,40,0,9,48,1,58,24,8,32,90
03/06/2018,ABY,GA,ASO,ES,Federal Contract Tower,0,8,10,2,20,0,0,4,0,4,0,8,14,2,24,12,0,12,36
03/07/2018,ABY,GA,ASO,ES,Federal Contract Tower,0,10,9,5,24,0,0,22,0,22,0,10,31,5,46,0,0,0,46
03/08/2018,ABY,GA,ASO,ES,Federal Contract Tower,0,8,10,10,28,0,0,39,0,39,0,8,49,10,67,2,14,16,83
03/09/2018,ABY,GA,ASO,ES,Federal Contract Tower,0,8,6,2,16,0,0,54,0,54,0,8,60,2,70,16,4,20,90
03/10/2018,ABY,GA,ASO,ES,Federal Contract Tower,0,4,5,0,9,0,0,30,0,30,0,4,35,0,39,36,0,36,75
03/11/2018,ABY,GA,ASO,ES,Federal Contract Tower,0,5,5,0,10,0,0,4,0,4,0,5,9,0,14,0,0,0,14
03/12/2018,ABY,GA,ASO,ES,Federal Contract Tower,0,12,2,0,14,0,0,13,0,13,0,12,15,0,27,0,0,0,27
03/13/2018,ABY,GA,ASO,ES,Federal Contract Tower,0,10,12,2,24,0,6,49,2,57,0,16,61,4,81,14,44,58,139
03/14/2018,ABY,GA,ASO,ES,Federal Contract Tower,0,5,12,5,22,0,0,48,2,50,0,5,60,7,72,52,8,60,132
03/15/2018,ABY,GA,ASO,ES,Federal Contract Tower,0,6,12,5,23,0,0,55,0,55,0,6,67,5,78,38,12,50,128
03/16/2018,ABY,GA,ASO,ES,Federal Contract Tower,0,6,8,11,25,0,0,35,0,35,0,6,43,11,60,46,10,56,116
03/17/2018,ABY,GA,ASO,ES,Federal Contract Tower,0,8,10,0,18,0,0,14,0,14,0,8,24,0,32,40,0,40,72
03/18/2018,ABY,GA,ASO,ES,Federal Contract Tower,0,4,7,2,13,0,0,4,0,4,0,4,11,2,17,16,0,16,33
03/19/2018,ABY,GA,ASO,ES,Federal Contract Tower,0,9,5,0,14,0,0,2,0,2,0,9,7,0,16,4,0,4,20
03/20/2018,ABY,GA,ASO,ES,Federal Contract Tower,0,7,5,0,12,0,0,0,0,0,0,7,5,0,12,0,0,0,12
03/21/2018,ABY,GA,ASO,ES,Federal Contract Tower,0,5,4,0,9,0,0,2,0,2,0,5,6,0,11,0,0,0,11
03/22/2018,ABY,GA,ASO,ES,Federal Contract Tower,0,7,9,0,16,0,0,32,0,32,0,7,41,0,48,32,0,32,80
03/23/2018,ABY,GA,ASO,ES,Federal Contract Tower,0,14,8,7,29,0,0,75,0,75,0,14,83,7,104,78,0,78,182
03/24/2018,ABY,GA,ASO,ES,Federal Contract Tower,0,6,3,0,9,0,0,37,0,37,0,6,40,0,46,18,0,18,64
03/25/2018,ABY,GA,ASO,ES,Federal Contract Tower,0,4,5,2,11,0,0,12,4,16,0,4,17,6,27,24,0,24,51
03/26/2018,ABY,GA,ASO,ES,Federal Contract Tower,0,8,13,0,21,0,0,5,0,5,0,8,18,0,26,0,0,0,26
03/27/2018,ABY,GA,ASO,ES,Federal Contract Tower,0,7,4,0,11,0,0,26,0,26,0,7,30,0,37,36,0,36,73
03/28/2018,ABY,GA,ASO,ES,Federal Contract Tower,0,10,3,4,17,0,0,40,4,44,0,10,43,8,61,52,0,52,113
03/29/2018,ABY,GA,ASO,ES,Federal Contract Tower,0,10,4,0,14,0,0,14,0,14,0,10,18,0,28,0,0,0,28
03/30/2018,ABY,GA,ASO,ES,Federal Contract Tower,0,5,13,0,18,0,0,14,0,14,0,5,27,0,32,8,0,8,40
03/31/2018,ABY,GA,ASO,ES,Federal Contract Tower,0,5,6,0,11,0,0,28,0,28,0,5,34,0,39,14,0,14,53
04/01/2018,ABY,GA,ASO,ES,Federal Contract Tower,0,4,7,0,11,0,0,10,0,10,0,4,17,0,21,2,0,2,23
04/02/2018,ABY,GA,ASO,ES,Federal Contract Tower,0,10,1,2,13,0,0,10,0,10,0,10,11,2,23,0,10,10,33
04/03/2018,ABY,GA,ASO,ES,Federal Contract Tower,0,7,11,6,24,0,0,23,3,26,0,7,34,9,50,34,6,40,90
04/04/2018,ABY,GA,ASO,ES,Federal Contract Tower,0,7,5,8,20,0,0,8,4,12,0,7,13,12,32,10,0,10,42
04/05/2018,ABY,GA,ASO,ES,Federal Contract Tower,0,8,17,6,31,0,0,36,0,36,0,8,53,6,67,22,0,22,89
04/06/2018,ABY,GA,ASO,ES,Federal Contract Tower,0,9,8,4,21,0,1,20,0,21,0,10,28,4,42,0,18,18,60
04/07/2018,ABY,GA,ASO,ES,Federal Contract Tower,0,4,4,0,8,0,0,0,0,0,0,4,4,0,8,0,0,0,8
04/08/2018,ABY,GA,ASO,ES,Federal Contract Tower,0,6,13,0,19,0,0,28,0,28,0,6,41,0,47,0,0,0,47
04/09/2018,ABY,GA,ASO,ES,Federal Contract Tower,0,8,12,0,20,0,0,3,0,3,0,8,15,0,23,0,0,0,23
04/10/2018,ABY,GA,ASO,ES,Federal Contract Tower,2,4,18,0,24,0,0,17,0,17,2,4,35,0,41,22,0,22,63
04/11/2018,ABY,GA,ASO,ES,Federal Contract Tower,0,8,13,2,23,0,0,39,2,41,0,8,52,4,64,48,0,48,112
04/12/2018,ABY,GA,ASO,ES,Federal Contract Tower,0,6,10,4,20,0,39,2,0,41,0,45,12,4,61,22,0,22,83
04/13/2018,ABY,GA,ASO,ES,Federal Contract Tower,0,6,12,7,25,0,0,39,0,39,0,6,51,7,64,26,22,48,112
04/14/2018,ABY,GA,ASO,ES,Federal Contract Tower,0,3,4,0,7,0,0,13,0,13,0,3,17,0,20,2,0,2,22
04/15/2018,ABY,GA,ASO,ES,Federal Contract Tower,0,4,5,0,9,0,0,0,0,0,0,4,5,0,9,0,0,0,9
04/16/2018,ABY,GA,ASO,ES,Federal Contract Tower,0,5,6,2,13,0,0,6,0,6,0,5,12,2,19,0,0,0,19
04/17/2018,ABY,GA,ASO,ES,Federal Contract Tower,0,6,4,6,16,0,0,40,2,42,0,6,44,8,58,20,22,42,100
04/18/2018,ABY,GA,ASO,ES,Federal Contract Tower,0,6,10,0,16,0,0,28,0,28,0,6,38,0,44,20,0,20,64
04/19/2018,ABY,GA,ASO,ES,Federal Contract Tower,0,9,17,7,33,0,0,22,0,22,0,9,39,7,55,10,8,18,73
04/20/2018,ABY,GA,ASO,ES,Federal Contract Tower,0,6,10,0,16,0,0,13,5,18,0,6,23,5,34,0,58,58,92
04/21/2018,ABY,GA,ASO,ES,Federal Contract Tower,0,5,5,0,10,0,0,28,0,28,0,5,33,0,38,10,0,10,48
04/22/2018,ABY,GA,ASO,ES,Federal Contract Tower,0,4,9,0,13,0,0,0,0,0,0,4,9,0,13,0,0,0,13
04/23/2018,ABY,GA,ASO,ES,Federal Contract Tower,0,7,8,3,18,0,0,0,0,0,0,7,8,3,18,0,6,6,24
04/24/2018,ABY,GA,ASO,ES,Federal Contract Tower,0,8,6,0,14,0,1,10,1,12,0,9,16,1,26,2,20,22,48
04/26/2018,ABY,GA,ASO,ES,Federal Contract Tower,0,12,10,3,25,0,0,33,0,33,0,12,43,3,58,60,24,84,142
04/27/2018,ABY,GA,ASO,ES,Federal Contract Tower,0,11,17,6,34,0,0,41,4,45,0,11,58,10,79,58,0,58,137
04/28/2018,ABY,GA,ASO,ES,Federal Contract Tower,1,5,7,0,13,0,0,32,0,32,1,5,39,0,45,12,0,12,57
04/29/2018,ABY,GA,ASO,ES,Federal Contract Tower,0,6,15,2,23,0,0,41,2,43,0,6,56,4,66,16,0,16,82
04/30/2018,ABY,GA,ASO,ES,Federal Contract Tower,0,8,9,2,19,0,0,23,0,23,0,8,32,2,42,20,10,30,72
05/01/2018,ABY,GA,ASO,ES,Federal Contract Tower,0,7,10,6,23,0,1,29,0,30,0,8,39,6,53,20,16,36,89
05/02/2018,ABY,GA,ASO,ES,Federal Contract Tower,0,8,9,2,19,0,0,38,0,38,0,8,47,2,57,4,24,28,85
05/03/2018,ABY,GA,ASO,ES,Federal Contract Tower,0,7,10,0,17,0,0,23,0,23,0,7,33,0,40,2,0,2,42
05/04/2018,ABY,GA,ASO,ES,Federal Contract Tower,0,9,6,6,21,0,0,35,0,35,0,9,41,6,56,74,0,74,130
05/05/2018,ABY,GA,ASO,ES,Federal Contract Tower,0,3,4,0,7,0,0,18,0,18,0,3,22,0,25,8,0,8,33
05/06/2018,ABY,GA,ASO,ES,Federal Contract Tower,0,5,2,0,7,0,0,21,1,22,0,5,23,1,29,0,0,0,29
05/07/2018,ABY,GA,ASO,ES,Federal Contract Tower,0,8,10,4,22,0,0,10,0,10,0,8,20,4,32,6,20,26,58
05/08/2018,ABY,GA,ASO,ES,Federal Contract Tower,0,7,9,2,18,0,0,35,3,38,0,7,44,5,56,6,14,20,76
05/09/2018,ABY,GA,ASO,ES,Federal Contract Tower,0,7,8,0,15,0,0,35,4,39,0,7,43,4,54,10,54,64,118
05/10/2018,ABY,GA,ASO,ES,Federal Contract Tower,0,6,10,0,16,0,0,32,0,32,0,6,42,0,48,16,0,16,64
05/11/2018,ABY,GA,ASO,ES,Federal Contract Tower,0,9,4,1,14,0,0,29,0,29,0,9,33,1,43,24,0,24,67
05/12/2018,ABY,GA,ASO,ES,Federal Contract Tower,0,6,3,2,11,0,0,24,0,24,0,6,27,2,35,6,8,14,49
05/13/2018,ABY,GA,ASO,ES,Federal Contract Tower,0,6,2,0,8,0,0,12,0,12,0,6,14,0,20,0,0,0,20
05/14/2018,ABY,GA,ASO,ES,Federal Contract Tower,0,8,9,4,21,0,0,29,18,47,0,8,38,22,68,30,22,52,120
05/15/2018,ABY,GA,ASO,ES,Federal Contract Tower,0,11,14,0,25,0,0,1,0,1,0,11,15,0,26,0,0,0,26
05/16/2018,ABY,GA,ASO,ES,Federal Contract Tower,0,7,7,2,16,0,0,10,0,10,0,7,17,2,26,24,12,36,62
05/17/2018,ABY,GA,ASO,ES,Federal Contract Tower,0,10,10,0,20,0,0,12,0,12,0,10,22,0,32,6,0,6,38
05/18/2018,ABY,GA,ASO,ES,Federal Contract Tower,0,9,6,4,19,0,0,8,0,8,0,9,14,4,27,0,0,0,27
05/19/2018,ABY,GA,ASO,ES,Federal Contract Tower,0,4,8,0,12,0,0,7,0,7,0,4,15,0,19,0,0,0,19
05/20/2018,ABY,GA,ASO,ES,Federal Contract Tower,0,3,3,0,6,0,0,1,0,1,0,3,4,0,7,0,0,0,7
05/21/2018,ABY,GA,ASO,ES,Federal Contract Tower,0,10,9,0,19,0,0,5,0,5,0,10,14,0,24,0,0,0,24
05/22/2018,ABY,GA,ASO,ES,Federal Contract Tower,0,16,8,0,24,0,0,10,2,12,0,16,18,2,36,10,14,24,60
05/23/2018,ABY,GA,ASO,ES,Federal Contract Tower,0,6,11,0,17,0,0,6,0,6,0,6,17,0,23,16,0,16,39
05/24/2018,ABY,GA,ASO,ES,Federal Contract Tower,0,12,14,2,28,0,0,14,8,22,0,12,28,10,50,16,0,16,66
05/25/2018,ABY,GA,ASO,ES,Federal Contract Tower,0,7,13,0,20,0,0,9,0,9,0,7,22,0,29,48,0,48,77
05/26/2018,ABY,GA,ASO,ES,Federal Contract Tower,0,3,4,0,7,0,0,11,0,11,0,3,15,0,18,4,0,4,22
05/27/2018,ABY,GA,ASO,ES,Federal Contract Tower,0,3,3,0,6,0,0,0,0,0,0,3,3,0,6,0,0,0,6
05/28/2018,ABY,GA,ASO,ES,Federal Contract Tower,0,3,2,0,5,0,0,0,0,0,0,3,2,0,5,0,0,0,5
05/29/2018,ABY,GA,ASO,ES,Federal Contract Tower,0,6,4,0,10,0,0,0,0,0,0,6,4,0,10,0,0,0,10
05/30/2018,ABY,GA,ASO,ES,Federal Contract Tower,0,10,12,4,26,0,0,29,0,29,0,10,41,4,55,32,26,58,113
05/31/2018,ABY,GA,ASO,ES,Federal Contract Tower,0,5,11,10,26,0,1,24,2,27,0,6,35,12,53,60,56,116,169
06/01/2018,ABY,GA,ASO,ES,Federal Contract Tower,0,5,10,0,15,0,0,16,2,18,0,5,26,2,33,2,38,40,73
06/02/2018,ABY,GA,ASO,ES,Federal Contract Tower,0,4,3,2,9,0,0,5,0,5,0,4,8,2,14,0,2,2,16
06/03/2018,ABY,GA,ASO,ES,Federal Contract Tower,0,5,4,2,11,0,0,19,5,24,0,5,23,7,35,30,0,30,65
06/04/2018,ABY,GA,ASO,ES,Federal Contract Tower,0,8,7,0,15,0,0,22,0,22,0,8,29,0,37,4,0,4,41
06/05/2018,ABY,GA,ASO,ES,Federal Contract Tower,0,6,10,0,16,0,0,39,0,39,0,6,49,0,55,12,0,12,67
06/06/2018,ABY,GA,ASO,ES,Federal Contract Tower,0,6,9,0,15,0,0,21,0,21,0,6,30,0,36,4,0,4,40
06/07/2018,ABY,GA,ASO,ES,Federal Contract Tower,0,8,11,2,21,0,0,22,0,22,0,8,33,2,43,10,0,10,53
06/08/2018,ABY,GA,ASO,ES,Federal Contract Tower,0,6,2,0,8,0,0,0,0,0,0,6,2,0,8,10,0,10,18
06/09/2018,ABY,GA,ASO,ES,Federal Contract Tower,0,5,6,0,11,0,0,49,0,49,0,5,55,0,60,10,0,10,70
06/10/2018,ABY,GA,ASO,ES,Federal Contract Tower,0,4,7,2,13,0,0,17,2,19,0,4,24,4,32,6,6,12,44
06/11/2018,ABY,GA,ASO,ES,Federal Contract Tower,0,6,5,4,15,0,0,20,0,20,0,6,25,4,35,4,4,8,43
06/12/2018,ABY,GA,ASO,ES,Federal Contract Tower,0,8,14,2,24,0,0,23,0,23,0,8,37,2,47,26,0,26,73
06/13/2018,ABY,GA,ASO,ES,Federal Contract Tower,0,6,13,8,27,0,0,27,2,29,0,6,40,10,56,36,0,36,92
06/14/2018,ABY,GA,ASO,ES,Federal Contract Tower,0,6,15,4,25,0,0,15,1,16,0,6,30,5,41,18,32,50,91
06/15/2018,ABY,GA,ASO,ES,Federal Contract Tower,0,8,7,8,23,0,0,13,0,13,0,8,20,8,36,0,10,10,46
06/17/2018,ABY,GA,ASO,ES,Federal Contract Tower,0,5,8,0,13,0,0,12,0,12,0,5,20,0,25,6,0,6,31
06/18/2018,ABY,GA,ASO,ES,Federal Contract Tower,0,11,5,0,16,0,0,9,2,11,0,11,14,2,27,0,36,36,63
06/19/2018,ABY,GA,ASO,ES,Federal Contract Tower,0,7,6,0,13,0,0,23,0,23,0,7,29,0,36,12,10,22,58
06/20/2018,ABY,GA,ASO,ES,Federal Contract Tower,0,8,9,2,19,0,0,30,0,30,0,8,39,2,49,32,0,32,81
06/21/2018,ABY,GA,ASO,ES,Federal Contract Tower,0,7,9,2,18,0,0,18,2,20,0,7,27,4,38,36,4,40,78
06/22/2018,ABY,GA,ASO,ES,Federal Contract Tower,0,6,8,8,22,0,0,30,4,34,0,6,38,12,56,58,2,60,116
06/23/2018,ABY,GA,ASO,ES,Federal Contract Tower,0,3,11,0,14,0,0,23,0,23,0,3,34,0,37,0,0,0,37
06/24/2018,ABY,GA,ASO,ES,Federal Contract Tower,0,4,8,0,12,0,0,28,0,28,0,4,36,0,40,2,0,2,42
06/25/2018,ABY,GA,ASO,ES,Federal Contract Tower,0,8,4,4,16,0,0,22,0,22,0,8,26,4,38,16,0,16,54
06/26/2018,ABY,GA,ASO,ES,Federal Contract Tower,0,7,8,0,15,0,0,19,0,19,0,7,27,0,34,8,0,8,42
06/27/2018,ABY,GA,ASO,ES,Federal Contract Tower,0,5,16,0,21,0,0,36,0,36,0,5,52,0,57,26,0,26,83
06/28/2018,ABY,GA,ASO,ES,Federal Contract Tower,0,5,10,0,15,0,0,15,0,15,0,5,25,0,30,24,0,24,54
06/29/2018,ABY,GA,ASO,ES,Federal Contract Tower,0,6,8,4,18,0,0,18,0,18,0,6,26,4,36,20,2,22,58
06/30/2018,ABY,GA,ASO,ES,Federal Contract Tower,0,4,4,0,8,0,0,19,0,19,0,4,23,0,27,0,0,0,27
07/01/2018,ABY,GA,ASO,ES,Federal Contract Tower,0,4,7,0,11,0,0,4,0,4,0,4,11,0,15,0,0,0,15
07/02/2018,ABY,GA,ASO,ES,Federal Contract Tower,0,6,3,2,11,0,0,5,20,25,0,6,8,22,36,0,0,0,36
07/03/2018,ABY,GA,ASO,ES,Federal Contract Tower,0,7,14,11,32,0,0,30,1,31,0,7,44,12,63,8,26,34,97
07/04/2018,ABY,GA,ASO,ES,Federal Contract Tower,0,4,4,0,8,0,0,21,0,21,0,4,25,0,29,12,0,12,41
07/05/2018,ABY,GA,ASO,ES,Federal Contract Tower,0,8,3,2,13,0,0,17,0,17,0,8,20,2,30,12,0,12,42
07/06/2018,ABY,GA,ASO,ES,Federal Contract Tower,0,6,11,3,20,0,1,12,0,13,0,7,23,3,33,6,12,18,51
07/07/2018,ABY,GA,ASO,ES,Federal Contract Tower,0,4,7,0,11,0,0,17,0,17,0,4,24,0,28,0,0,0,28
07/08/2018,ABY,GA,ASO,ES,Federal Contract Tower,0,8,6,0,14,0,0,19,0,19,0,8,25,0,33,10,0,10,43
07/09/2018,ABY,GA,ASO,ES,Federal Contract Tower,0,6,2,0,8,0,0,5,0,5,0,6,7,0,13,0,0,0,13
07/10/2018,ABY,GA,ASO,ES,Federal Contract Tower,0,10,4,0,14,0,0,25,2,27,0,10,29,2,41,2,24,26,67
07/11/2018,ABY,GA,ASO,ES,Federal Contract Tower,0,4,4,4,12,0,0,30,0,30,0,4,34,4,42,12,0,12,54
07/12/2018,ABY,GA,ASO,ES,Federal Contract Tower,0,8,5,0,13,0,0,25,0,25,0,8,30,0,38,16,0,16,54
07/13/2018,ABY,GA,ASO,ES,Federal Contract Tower,0,6,7,0,13,0,0,13,0,13,0,6,20,0,26,0,0,0,26
07/14/2018,ABY,GA,ASO,ES,Federal Contract Tower,0,2,6,0,8,0,0,12,0,12,0,2,18,0,20,18,0,18,38
07/15/2018,ABY,GA,ASO,ES,Federal Contract Tower,0,3,4,0,7,0,0,10,0,10,0,3,14,0,17,10,0,10,27
07/16/2018,ABY,GA,ASO,ES,Federal Contract Tower,0,6,9,0,15,0,0,16,0,16,0,6,25,0,31,4,0,4,35
07/17/2018,ABY,GA,ASO,ES,Federal Contract Tower,0,6,11,8,25,0,0,23,0,23,0,6,34,8,48,28,0,28,76
07/18/2018,ABY,GA,ASO,ES,Federal Contract Tower,0,6,12,0,18,0,0,19,0,19,0,6,31,0,37,0,0,0,37
07/19/2018,ABY,GA,ASO,ES,Federal Contract Tower,0,6,7,0,13,0,0,22,0,22,0,6,29,0,35,16,0,16,51
07/20/2018,ABY,GA,ASO,ES,Federal Contract Tower,0,6,10,10,26,0,0,23,0,23,0,6,33,10,49,50,18,68,117
07/21/2018,ABY,GA,ASO,ES,Federal Contract Tower,0,7,3,0,10,0,0,7,0,7,0,7,10,0,17,20,0,20,37
07/22/2018,ABY,GA,ASO,ES,Federal Contract Tower,0,3,5,0,8,0,0,14,0,14,0,3,19,0,22,0,0,0,22
07/23/2018,ABY,GA,ASO,ES,Federal Contract Tower,0,8,10,2,20,0,0,18,0,18,0,8,28,2,38,10,0,10,48
07/24/2018,ABY,GA,ASO,ES,Federal Contract Tower,0,8,4,0,12,0,0,20,0,20,0,8,24,0,32,20,0,20,52
07/25/2018,ABY,GA,ASO,ES,Federal Contract Tower,0,7,16,2,25,0,0,23,0,23,0,7,39,2,48,12,14,26,74
07/26/2018,ABY,GA,ASO,ES,Federal Contract Tower,0,7,4,2,13,0,0,14,0,14,0,7,18,2,27,0,0,0,27
07/27/2018,ABY,GA,ASO,ES,Federal Contract Tower,1,7,5,5,18,0,0,27,2,29,1,7,32,7,47,20,24,44,91
07/28/2018,ABY,GA,ASO,ES,Federal Contract Tower,1,4,5,0,10,0,0,14,0,14,1,4,19,0,24,0,6,6,30
07/29/2018,ABY,GA,ASO,ES,Federal Contract Tower,0,2,1,8,11,0,0,16,0,16,0,2,17,8,27,0,0,0,27
07/30/2018,ABY,GA,ASO,ES,Federal Contract Tower,0,6,12,4,22,0,0,15,1,16,0,6,27,5,38,10,22,32,70
07/31/2018,ABY,GA,ASO,ES,Federal Contract Tower,2,4,15,4,25,0,0,4,2,6,2,4,19,6,31,0,24,24,55
08/01/2018,ABY,GA,ASO,ES,Federal Contract Tower,0,10,7,2,19,0,0,0,0,0,0,10,7,2,19,0,0,0,19
08/02/2018,ABY,GA,ASO,ES,Federal Contract Tower,0,7,5,4,16,0,0,2,0,2,0,7,7,4,18,0,0,0,18
08/03/2018,ABY,GA,ASO,ES,Federal Contract Tower,0,11,5,0,16,0,0,14,0,14,0,11,19,0,30,0,0,0,30
08/04/2018,ABY,GA,ASO,ES,Federal Contract Tower,0,3,5,0,8,0,0,8,0,8,0,3,13,0,16,10,0,10,26
08/05/2018,ABY,GA,ASO,ES,Federal Contract Tower,0,4,5,0,9,0,0,18,0,18,0,4,23,0,27,0,0,0,27
08/06/2018,ABY,GA,ASO,ES,Federal Contract Tower,0,6,11,3,20,0,0,12,0,12,0,6,23,3,32,0,48,48,80
08/07/2018,ABY,GA,ASO,ES,Federal Contract Tower,0,4,17,0,21,0,0,21,0,21,0,4,38,0,42,12,0,12,54
08/08/2018,ABY,GA,ASO,ES,Federal Contract Tower,0,9,9,2,20,0,0,23,0,23,0,9,32,2,43,12,48,60,103
08/09/2018,ABY,GA,ASO,ES,Federal Contract Tower,0,8,10,6,24,0,0,23,4,27,0,8,33,10,51,0,46,46,97
08/10/2018,ABY,GA,ASO,ES,Federal Contract Tower,1,8,14,10,33,0,0,25,2,27,1,8,39,12,60,6,0,6,66
08/11/2018,ABY,GA,ASO,ES,Federal Contract Tower,0,5,14,2,21,0,0,18,0,18,0,5,32,2,39,8,0,8,47
08/12/2018,ABY,GA,ASO,ES,Federal Contract Tower,0,4,6,0,10,0,0,19,0,19,0,4,25,0,29,8,0,8,37
08/13/2018,ABY,GA,ASO,ES,Federal Contract Tower,0,8,23,4,35,0,0,26,0,26,0,8,49,4,61,6,0,6,67
08/14/2018,ABY,GA,ASO,ES,Federal Contract Tower,0,8,8,8,24,0,0,18,1,19,0,8,26,9,43,24,6,30,73
08/15/2018,ABY,GA,ASO,ES,Federal Contract Tower,0,7,7,0,14,0,0,44,0,44,0,7,51,0,58,64,0,64,122
08/16/2018,ABY,GA,ASO,ES,Federal Contract Tower,2,6,12,4,24,0,0,6,0,6,2,6,18,4,30,34,2,36,66
08/17/2018,ABY,GA,ASO,ES,Federal Contract Tower,0,6,6,2,14,0,0,18,0,18,0,6,24,2,32,0,0,0,32
08/18/2018,ABY,GA,ASO,ES,Federal Contract Tower,0,3,4,0,7,0,0,9,0,9,0,3,13,0,16,4,0,4,20
08/19/2018,ABY,GA,ASO,ES,Federal Contract Tower,0,5,5,2,12,0,0,12,4,16,0,5,17,6,28,0,4,4,32
08/20/2018,ABY,GA,ASO,ES,Federal Contract Tower,0,6,13,4,23,0,0,3,0,3,0,6,16,4,26,0,0,0,26
08/21/2018,ABY,GA,ASO,ES,Federal Contract Tower,0,6,9,0,15,0,14,0,0,14,0,20,9,0,29,8,0,8,37
08/22/2018,ABY,GA,ASO,ES,Federal Contract Tower,0,8,14,0,22,0,0,31,0,31,0,8,45,0,53,12,0,12,65
08/23/2018,ABY,GA,ASO,ES,Federal Contract Tower,0,6,11,4,21,0,0,43,0,43,0,6,54,4,64,78,0,78,142
08/24/2018,ABY,GA,ASO,ES,Federal Contract Tower,0,6,14,10,30,0,0,33,4,37,0,6,47,14,67,30,14,44,111
08/25/2018,ABY,GA,ASO,ES,Federal Contract Tower,0,4,7,0,11,0,0,22,0,22,0,4,29,0,33,2,0,2,35
08/26/2018,ABY,GA,ASO,ES,Federal Contract Tower,0,4,13,0,17,0,0,15,0,15,0,4,28,0,32,0,0,0,32
08/27/2018,ABY,GA,ASO,ES,Federal Contract Tower,0,8,7,5,20,0,0,33,0,33,0,8,40,5,53,6,12,18,71
08/28/2018,ABY,GA,ASO,ES,Federal Contract Tower,0,13,13,0,26,0,0,37,0,37,0,13,50,0,63,38,0,38,101
08/29/2018,ABY,GA,ASO,ES,Federal Contract Tower,0,7,11,6,24,0,0,30,1,31,0,7,41,7,55,76,18,94,149
08/30/2018,ABY,GA,ASO,ES,Federal Contract Tower,0,6,19,5,30,0,0,18,0,18,0,6,37,5,48,24,26,50,98
08/31/2018,ABY,GA,ASO,ES,Federal Contract Tower,0,6,8,0,14,0,0,18,0,18,0,6,26,0,32,10,0,10,42
09/01/2018,ABY,GA,ASO,ES,Federal Contract Tower,0,3,2,0,5,0,0,9,0,9,0,3,11,0,14,0,0,0,14
09/02/2018,ABY,GA,ASO,ES,Federal Contract Tower,0,4,5,0,9,0,0,14,0,14,0,4,19,0,23,0,0,0,23
09/03/2018,ABY,GA,ASO,ES,Federal Contract Tower,0,3,8,0,11,0,0,1,0,1,0,3,9,0,12,0,0,0,12
09/04/2018,ABY,GA,ASO,ES,Federal Contract Tower,0,5,10,0,15,0,0,7,0,7,0,5,17,0,22,52,0,52,74
09/05/2018,ABY,GA,ASO,ES,Federal Contract Tower,0,9,12,6,27,0,0,14,2,16,0,9,26,8,43,0,0,0,43
09/06/2018,ABY,GA,ASO,ES,Federal Contract Tower,0,8,8,4,20,0,0,25,0,25,0,8,33,4,45,46,4,50,95
09/07/2018,ABY,GA,ASO,ES,Federal Contract Tower,0,11,15,8,34,0,0,25,0,25,0,11,40,8,59,10,0,10,69
09/08/2018,ABY,GA,ASO,ES,Federal Contract Tower,0,5,5,6,16,0,1,24,0,25,0,6,29,6,41,10,4,14,55
09/09/2018,ABY,GA,ASO,ES,Federal Contract Tower,0,5,4,0,9,0,0,15,0,15,0,5,19,0,24,0,0,0,24
09/10/2018,ABY,GA,ASO,ES,Federal Contract Tower,0,7,13,4,24,0,0,25,0,25,0,7,38,4,49,18,0,18,67
09/11/2018,ABY,GA,ASO,ES,Federal Contract Tower,0,6,10,0,16,0,0,21,1,22,0,6,31,1,38,12,0,12,50
09/12/2018,ABY,GA,ASO,ES,Federal Contract Tower,0,8,7,2,17,0,0,32,8,40,0,8,39,10,57,26,0,26,83
09/13/2018,ABY,GA,ASO,ES,Federal Contract Tower,0,7,9,0,16,0,0,22,0,22,0,7,31,0,38,26,2,28,66
09/14/2018,ABY,GA,ASO,ES,Federal Contract Tower,0,8,5,0,13,0,0,20,0,20,0,8,25,0,33,30,0,30,63
09/15/2018,ABY,GA,ASO,ES,Federal Contract Tower,0,3,7,0,10,0,0,29,0,29,0,3,36,0,39,2,0,2,41
09/16/2018,ABY,GA,ASO,ES,Federal Contract Tower,0,7,11,0,18,0,0,19,0,19,0,7,30,0,37,10,0,10,47
09/17/2018,ABY,GA,ASO,ES,Federal Contract Tower,0,7,7,10,24,0,0,11,0,11,0,7,18,10,35,2,0,2,37
09/18/2018,ABY,GA,ASO,ES,Federal Contract Tower,0,11,12,3,26,0,0,19,7,26,0,11,31,10,52,0,0,0,52
09/19/2018,ABY,GA,ASO,ES,Federal Contract Tower,0,10,6,4,20,0,0,12,0,12,0,10,18,4,32,20,0,20,52
09/20/2018,ABY,GA,ASO,ES,Federal Contract Tower,0,8,20,0,28,0,0,30,0,30,0,8,50,0,58,10,0,10,68
09/21/2018,ABY,GA,ASO,ES,Federal Contract Tower,0,9,11,10,30,0,0,34,0,34,0,9,45,10,64,16,6,22,86
09/22/2018,ABY,GA,ASO,ES,Federal Contract Tower,0,3,4,0,7,0,0,31,0,31,0,3,35,0,38,0,0,0,38
09/23/2018,ABY,GA,ASO,ES,Federal Contract Tower,0,4,2,0,6,0,0,24,0,24,0,4,26,0,30,10,0,10,40
09/24/2018,ABY,GA,ASO,ES,Federal Contract Tower,0,8,13,0,21,0,0,17,0,17,0,8,30,0,38,6,0,6,44
09/25/2018,ABY,GA,ASO,ES,Federal Contract Tower,0,7,11,3,21,0,0,25,1,26,0,7,36,4,47,8,18,26,73
09/26/2018,ABY,GA,ASO,ES,Federal Contract Tower,0,4,6,5,15,0,0,19,2,21,0,4,25,7,36,24,28,52,88
09/27/2018,ABY,GA,ASO,ES,Federal Contract Tower,0,8,11,0,19,0,0,18,0,18,0,8,29,0,37,30,0,30,67
09/28/2018,ABY,GA,ASO,ES,Federal Contract Tower,0,6,16,2,24,0,0,25,0,25,0,6,41,2,49,10,2,12,61
09/29/2018,ABY,GA,ASO,ES,Federal Contract Tower,0,3,9,0,12,0,0,13,0,13,0,3,22,0,25,2,0,2,27
09/30/2018,ABY,GA,ASO,ES,Federal Contract Tower,0,4,10,0,14,0,0,12,0,12,0,4,22,0,26,6,0,6,32
10/01/2018,ABY,GA,ASO,ES,Federal Contract Tower,0,6,8,6,20,0,0,12,8,20,0,6,20,14,40,4,44,48,88
10/02/2018,ABY,GA,ASO,ES,Federal Contract Tower,0,9,8,4,21,0,0,22,5,27,0,9,30,9,48,0,10,10,58
10/03/2018,ABY,GA,ASO,ES,Federal Contract Tower,0,8,4,9,21,0,0,39,1,40,0,8,43,10,61,12,20,32,93
10/04/2018,ABY,GA,ASO,ES,Federal Contract Tower,0,10,11,9,30,0,0,32,0,32,0,10,43,9,62,38,42,80,142
10/05/2018,ABY,GA,ASO,ES,Federal Contract Tower,0,10,20,0,30,0,0,30,0,30,0,10,50,0,60,12,0,12,72
10/06/2018,ABY,GA,ASO,ES,Federal Contract Tower,0,3,6,0,9,0,0,29,0,29,0,3,35,0,38,10,0,10,48
10/07/2018,ABY,GA,ASO,ES,Federal Contract Tower,0,4,3,0,7,0,0,14,0,14,0,4,17,0,21,2,0,2,23
10/08/2018,ABY,GA,ASO,ES,Federal Contract Tower,0,6,10,0,16,0,0,9,0,9,0,6,19,0,25,2,0,2,27
10/09/2018,ABY,GA,ASO,ES,Federal Contract Tower,0,10,7,0,17,0,0,5,0,5,0,10,12,0,22,4,0,4,26
10/14/2018,ABY,GA,ASO,ES,Federal Contract Tower,0,11,6,0,17,0,0,28,6,34,0,11,34,6,51,0,0,0,51
10/15/2018,ABY,GA,ASO,ES,Federal Contract Tower,0,6,14,3,23,0,0,20,5,25,0,6,34,8,48,2,0,2,50
10/16/2018,ABY,GA,ASO,ES,Federal Contract Tower,5,10,7,0,22,0,0,23,7,30,5,10,30,7,52,0,0,0,52
10/17/2018,ABY,GA,ASO,ES,Federal Contract Tower,0,14,24,2,40,0,0,42,1,43,0,14,66,3,83,16,0,16,99
10/18/2018,ABY,GA,ASO,ES,Federal Contract Tower,0,10,11,9,30,0,0,43,3,46,0,10,54,12,76,6,30,36,112
10/19/2018,ABY,GA,ASO,ES,Federal Contract Tower,2,7,7,5,21,0,0,32,0,32,2,7,39,5,53,12,6,18,71
10/20/2018,ABY,GA,ASO,ES,Federal Contract Tower,0,4,5,4,13,0,0,5,0,5,0,4,10,4,18,0,2,2,20
10/21/2018,ABY,GA,ASO,ES,Federal Contract Tower,0,10,8,8,26,0,0,40,0,40,0,10,48,8,66,6,0,6,72
10/22/2018,ABY,GA,ASO,ES,Federal Contract Tower,0,7,1,0,8,0,0,23,0,23,0,7,24,0,31,30,0,30,61
10/23/2018,ABY,GA,ASO,ES,Federal Contract Tower,0,8,5,4,17,0,0,39,0,39,0,8,44,4,56,66,0,66,122
10/24/2018,ABY,GA,ASO,ES,Federal Contract Tower,0,11,9,0,20,0,0,38,0,38,0,11,47,0,58,52,0,52,110
10/25/2018,ABY,GA,ASO,ES,Federal Contract Tower,0,14,8,0,22,0,0,20,4,24,0,14,28,4,46,26,0,26,72
10/26/2018,ABY,GA,ASO,ES,Federal Contract Tower,0,6,10,3,19,0,0,12,1,13,0,6,22,4,32,4,0,4,36
10/27/2018,ABY,GA,ASO,ES,Federal Contract Tower,0,3,11,0,14,0,0,9,0,9,0,3,20,0,23,2,0,2,25
10/28/2018,ABY,GA,ASO,ES,Federal Contract Tower,0,5,8,0,13,0,0,32,0,32,0,5,40,0,45,18,0,18,63
10/29/2018,ABY,GA,ASO,ES,Federal Contract Tower,0,6,10,1,17,0,0,28,0,28,0,6,38,1,45,16,16,32,77
10/30/2018,ABY,GA,ASO,ES,Federal Contract Tower,0,8,7,5,20,0,0,23,5,28,0,8,30,10,48,0,0,0,48
10/31/2018,ABY,GA,ASO,ES,Federal Contract Tower,0,8,3,1,12,0,0,36,7,43,0,8,39,8,55,26,24,50,105
11/01/2018,ABY,GA,ASO,ES,Federal Contract Tower,0,8,9,0,17,0,0,18,0,18,0,8,27,0,35,0,0,0,35
11/02/2018,ABY,GA,ASO,ES,Federal Contract Tower,0,11,9,0,20,0,0,0,0,0,0,11,9,0,20,0,0,0,20
11/03/2018,ABY,GA,ASO,ES,Federal Contract Tower,0,4,3,0,7,0,0,27,0,27,0,4,30,0,34,14,0,14,48
11/04/2018,ABY,GA,ASO,ES,Federal Contract Tower,0,13,10,0,23,0,0,4,8,12,0,13,14,8,35,0,0,0,35
11/06/2018,ABY,GA,ASO,ES,Federal Contract Tower,0,7,14,3,24,0,0,9,0,9,0,7,23,3,33,20,8,28,61
11/07/2018,ABY,GA,ASO,ES,Federal Contract Tower,0,12,6,0,18,0,0,0,0,0,0,12,6,0,18,0,0,0,18
11/08/2018,ABY,GA,ASO,ES,Federal Contract Tower,0,14,6,8,28,0,0,2,0,2,0,14,8,8,30,10,2,12,42
11/09/2018,ABY,GA,ASO,ES,Federal Contract Tower,0,10,9,0,19,0,0,20,0,20,0,10,29,0,39,4,0,4,43
11/10/2018,ABY,GA,ASO,ES,Federal Contract Tower,0,3,6,0,9,0,0,22,0,22,0,3,28,0,31,2,0,2,33
11/11/2018,ABY,GA,ASO,ES,Federal Contract Tower,0,4,9,0,13,0,0,15,0,15,0,4,24,0,28,0,0,0,28
11/12/2018,ABY,GA,ASO,ES,Federal Contract Tower,0,6,9,0,15,0,0,0,0,0,0,6,9,0,15,0,0,0,15
11/13/2018,ABY,GA,ASO,ES,Federal Contract Tower,0,6,9,10,25,0,0,0,0,0,0,6,9,10,25,0,0,0,25
11/14/2018,ABY,GA,ASO,ES,Federal Contract Tower,0,8,11,2,21,0,0,0,0,0,0,8,11,2,21,2,0,2,23
11/15/2018,ABY,GA,ASO,ES,Federal Contract Tower,0,8,5,2,15,0,0,0,0,0,0,8,5,2,15,2,0,2,17
11/16/2018,ABY,GA,ASO,ES,Federal Contract Tower,0,13,17,0,30,0,0,48,0,48,0,13,65,0,78,30,0,30,108
11/17/2018,ABY,GA,ASO,ES,Federal Contract Tower,1,11,8,0,20,0,0,34,0,34,1,11,42,0,54,26,0,26,80
11/18/2018,ABY,GA,ASO,ES,Federal Contract Tower,0,3,12,0,15,0,0,17,0,17,0,3,29,0,32,0,0,0,32
11/19/2018,ABY,GA,ASO,ES,Federal Contract Tower,0,7,10,8,25,0,0,26,0,26,0,7,36,8,51,50,4,54,105
11/20/2018,ABY,GA,ASO,ES,Federal Contract Tower,0,15,11,2,28,0,0,24,0,24,0,15,35,2,52,8,0,8,60
11/21/2018,ABY,GA,ASO,ES,Federal Contract Tower,0,11,11,0,22,0,0,39,0,39,0,11,50,0,61,16,0,16,77
11/22/2018,ABY,GA,ASO,ES,Federal Contract Tower,0,5,5,0,10,0,0,5,0,5,0,5,10,0,15,0,0,0,15
11/23/2018,ABY,GA,ASO,ES,Federal Contract Tower,0,7,3,0,10,0,0,0,0,0,0,7,3,0,10,0,0,0,10
11/24/2018,ABY,GA,ASO,ES,Federal Contract Tower,0,7,14,0,21,0,0,0,0,0,0,7,14,0,21,0,0,0,21
11/25/2018,ABY,GA,ASO,ES,Federal Contract Tower,0,11,13,0,24,0,0,6,0,6,0,11,19,0,30,0,0,0,30
11/26/2018,ABY,GA,ASO,ES,Federal Contract Tower,0,11,13,2,26,0,0,16,1,17,0,11,29,3,43,18,0,18,61
11/27/2018,ABY,GA,ASO,ES,Federal Contract Tower,0,15,11,4,30,0,0,22,0,22,0,15,33,4,52,2,0,2,54
11/28/2018,ABY,GA,ASO,ES,Federal Contract Tower,0,10,16,2,28,0,0,15,0,15,0,10,31,2,43,0,12,12,55
11/29/2018,ABY,GA,ASO,ES,Federal Contract Tower,0,10,14,1,25,0,0,33,0,33,0,10,47,1,58,24,24,48,106
11/30/2018,ABY,GA,ASO,ES,Federal Contract Tower,0,12,20,2,34,0,0,40,0,40,0,12,60,2,74,18,0,18,92
12/01/2018,ABY,GA,ASO,ES,Federal Contract Tower,0,4,1,2,7,0,0,0,0,0,0,4,1,2,7,0,0,0,7
12/02/2018,ABY,GA,ASO,ES,Federal Contract Tower,0,8,9,0,17,0,0,2,3,5,0,8,11,3,22,0,0,0,22
12/03/2018,ABY,GA,ASO,ES,Federal Contract Tower,0,10,4,2,16,0,0,13,0,13,0,10,17,2,29,0,0,0,29
12/04/2018,ABY,GA,ASO,ES,Federal Contract Tower,0,8,7,6,21,0,1,17,0,18,0,9,24,6,39,10,14,24,63
12/05/2018,ABY,GA,ASO,ES,Federal Contract Tower,0,7,29,2,38,0,0,34,0,34,0,7,63,2,72,8,0,8,80
12/06/2018,ABY,GA,ASO,ES,Federal Contract Tower,0,8,22,3,33,0,0,21,0,21,0,8,43,3,54,24,14,38,92
12/07/2018,ABY,GA,ASO,ES,Federal Contract Tower,0,13,14,2,29,0,1,18,0,19,0,14,32,2,48,14,12,26,74
12/08/2018,ABY,GA,ASO,ES,Federal Contract Tower,0,4,15,0,19,0,0,0,0,0,0,4,15,0,19,0,0,0,19
12/09/2018,ABY,GA,ASO,ES,Federal Contract Tower,0,11,6,0,17,0,0,0,0,0,0,11,6,0,17,0,0,0,17
12/10/2018,ABY,GA,ASO,ES,Federal Contract Tower,0,10,10,2,22,0,0,6,0,6,0,10,16,2,28,2,0,2,30
12/11/2018,ABY,GA,ASO,ES,Federal Contract Tower,2,7,10,0,19,0,0,13,6,19,2,7,23,6,38,8,0,8,46
12/12/2018,ABY,GA,ASO,ES,Federal Contract Tower,0,7,12,8,27,0,0,22,0,22,0,7,34,8,49,2,26,28,77
12/13/2018,ABY,GA,ASO,ES,Federal Contract Tower,0,19,15,11,45,0,0,21,0,21,0,19,36,11,66,2,14,16,82
12/14/2018,ABY,GA,ASO,ES,Federal Contract Tower,0,13,7,2,22,0,0,0,0,0,0,13,7,2,22,0,0,0,22
12/15/2018,ABY,GA,ASO,ES,Federal Contract Tower,0,13,8,0,21,0,0,13,0,13,0,13,21,0,34,2,0,2,36
12/16/2018,ABY,GA,ASO,ES,Federal Contract Tower,0,10,9,0,19,0,0,6,0,6,0,10,15,0,25,0,0,0,25
12/17/2018,ABY,GA,ASO,ES,Federal Contract Tower,0,6,16,4,26,0,0,43,4,47,0,6,59,8,73,22,0,22,95
12/18/2018,ABY,GA,ASO,ES,Federal Contract Tower,0,7,14,0,21,0,0,36,2,38,0,7,50,2,59,0,0,0,59
12/19/2018,ABY,GA,ASO,ES,Federal Contract Tower,0,5,11,3,19,0,0,30,0,30,0,5,41,3,49,18,0,18,67
12/20/2018,ABY,GA,ASO,ES,Federal Contract Tower,1,13,9,0,23,0,0,0,0,0,1,13,9,0,23,0,0,0,23
12/21/2018,ABY,GA,ASO,ES,Federal Contract Tower,4,9,7,0,20,0,0,0,0,0,4,9,7,0,20,0,0,0,20
12/22/2018,ABY,GA,ASO,ES,Federal Contract Tower,0,13,5,0,18,0,0,30,0,30,0,13,35,0,48,0,0,0,48
12/23/2018,ABY,GA,ASO,ES,Federal Contract Tower,1,4,4,0,9,0,0,23,0,23,1,4,27,0,32,0,0,0,32
12/24/2018,ABY,GA,ASO,ES,Federal Contract Tower,0,6,4,0,10,0,0,16,0,16,0,6,20,0,26,2,0,2,28
12/25/2018,ABY,GA,ASO,ES,Federal Contract Tower,0,6,0,0,6,0,0,3,0,3,0,6,3,0,9,0,0,0,9
12/26/2018,ABY,GA,ASO,ES,Federal Contract Tower,0,11,22,0,33,0,0,37,0,37,0,11,59,0,70,10,0,10,80
12/27/2018,ABY,GA,ASO,ES,Federal Contract Tower,0,5,13,0,18,0,0,7,0,7,0,5,20,0,25,8,0,8,33
12/28/2018,ABY,GA,ASO,ES,Federal Contract Tower,0,7,2,0,9,0,0,0,0,0,0,7,2,0,9,0,0,0,9
12/29/2018,ABY,GA,ASO,ES,Federal Contract Tower,0,7,8,0,15,0,0,0,0,0,0,7,8,0,15,0,0,0,15
12/30/2018,ABY,GA,ASO,ES,Federal Contract Tower,0,2,4,0,6,0,0,2,0,2,0,2,6,0,8,6,0,6,14
12/31/2018,ABY,GA,ASO,ES,Federal Contract Tower,0,5,6,0,11,0,0,7,0,7,0,5,13,0,18,8,0,8,26
01/01/2019,ABY,GA,ASO,ES,Federal Contract Tower,0,8,11,0,19,0,0,5,0,5,0,8,16,0,24,0,0,0,24
01/02/2019,ABY,GA,ASO,ES,Federal Contract Tower,0,8,12,0,20,0,0,13,0,13,0,8,25,0,33,0,0,0,33
01/03/2019,ABY,GA,ASO,ES,Federal Contract Tower,0,9,3,0,12,0,0,1,0,1,0,9,4,0,13,0,0,0,13
01/04/2019,ABY,GA,ASO,ES,Federal Contract Tower,0,10,6,0,16,0,0,4,0,4,0,10,10,0,20,0,0,0,20
01/05/2019,ABY,GA,ASO,ES,Federal Contract Tower,0,4,13,2,19,0,0,20,0,20,0,4,33,2,39,2,0,2,41
01/06/2019,ABY,GA,ASO,ES,Federal Contract Tower,0,8,9,0,17,0,0,31,0,31,0,8,40,0,48,44,0,44,92
01/07/2019,ABY,GA,ASO,ES,Federal Contract Tower,0,8,3,0,11,0,0,21,0,21,0,8,24,0,32,8,0,8,40
01/08/2019,ABY,GA,ASO,ES,Federal Contract Tower,0,7,6,4,17,0,0,17,0,17,0,7,23,4,34,22,0,22,56
01/09/2019,ABY,GA,ASO,ES,Federal Contract Tower,0,9,22,0,31,0,0,23,0,23,0,9,45,0,54,8,0,8,62
01/10/2019,ABY,GA,ASO,ES,Federal Contract Tower,0,11,16,1,28,0,0,43,0,43,0,11,59,1,71,50,16,66,137
01/11/2019,ABY,GA,ASO,ES,Federal Contract Tower,0,11,15,4,30,0,0,34,0,34,0,11,49,4,64,4,36,40,104
01/12/2019,ABY,GA,ASO,ES,Federal Contract Tower,0,8,17,0,25,0,0,19,0,19,0,8,36,0,44,10,0,10,54
01/13/2019,ABY,GA,ASO,ES,Federal Contract Tower,0,8,13,0,21,0,0,7,6,13,0,8,20,6,34,8,0,8,42
01/14/2019,ABY,GA,ASO,ES,Federal Contract Tower,0,4,11,6,21,0,0,20,1,21,0,4,31,7,42,32,0,32,74
01/15/2019,ABY,GA,ASO,ES,Federal Contract Tower,0,8,18,2,28,0,0,14,2,16,0,8,32,4,44,0,0,0,44
01/16/2019,ABY,GA,ASO,ES,Federal Contract Tower,0,4,14,2,20,0,0,23,0,23,0,4,37,2,43,10,18,28,71
01/17/2019,ABY,GA,ASO,ES,Federal Contract Tower,0,9,22,3,34,0,0,12,0,12,0,9,34,3,46,6,0,6,52
01/18/2019,ABY,GA,ASO,ES,Federal Contract Tower,0,12,18,2,32,0,0,0,0,0,0,12,18,2,32,0,0,0,32
01/19/2019,ABY,GA,ASO,ES,Federal Contract Tower,1,10,4,0,15,0,1,3,0,4,1,11,7,0,19,0,0,0,19
01/20/2019,ABY,GA,ASO,ES,Federal Contract Tower,0,7,7,0,14,0,0,2,2,4,0,7,9,2,18,0,0,0,18
01/21/2019,ABY,GA,ASO,ES,Federal Contract Tower,0,13,10,0,23,0,0,24,0,24,0,13,34,0,47,10,0,10,57
01/22/2019,ABY,GA,ASO,ES,Federal Contract Tower,0,8,14,0,22,0,0,7,0,7,0,8,21,0,29,0,0,0,29
01/23/2019,ABY,GA,ASO,ES,Federal Contract Tower,0,9,19,4,32,0,0,0,0,0,0,9,19,4,32,0,2,2,34
01/24/2019,ABY,GA,ASO,ES,Federal Contract Tower,0,8,6,2,16,0,0,0,4,4,0,8,6,6,20,0,0,0,20
01/25/2019,ABY,GA,ASO,ES,Federal Contract Tower,0,9,15,9,33,0,0,21,9,30,0,9,36,18,63,26,0,26,89
01/26/2019,ABY,GA,ASO,ES,Federal Contract Tower,1,10,12,0,23,0,0,20,0,20,1,10,32,0,43,4,0,4,47
01/27/2019,ABY,GA,ASO,ES,Federal Contract Tower,0,13,16,7,36,0,0,9,5,14,0,13,25,12,50,0,0,0,50
01/28/2019,ABY,GA,ASO,ES,Federal Contract Tower,0,10,10,1,21,0,0,32,2,34,0,10,42,3,55,10,12,22,77
01/29/2019,ABY,GA,ASO,ES,Federal Contract Tower,0,5,7,4,16,0,0,3,0,3,0,5,10,4,19,0,14,14,33
01/30/2019,ABY,GA,ASO,ES,Federal Contract Tower,0,12,15,0,27,0,0,17,3,20,0,12,32,3,47,2,0,2,49
01/31/2019,ABY,GA,ASO,ES,Federal Contract Tower,0,10,17,2,29,0,0,19,0,19,0,10,36,2,48,0,0,0,48
02/01/2019,ABY,GA,ASO,ES,Federal Contract Tower,0,8,21,5,34,0,0,25,0,25,0,8,46,5,59,16,0,16,75
02/02/2019,ABY,GA,ASO,ES,Federal Contract Tower,0,10,11,6,27,0,0,1,0,1,0,10,12,6,28,0,2,2,30
02/03/2019,ABY,GA,ASO,ES,Federal Contract Tower,0,6,6,1,13,0,0,0,0,0,0,6,6,1,13,6,0,6,19
02/04/2019,ABY,GA,ASO,ES,Federal Contract Tower,0,5,6,4,15,0,0,9,5,14,0,5,15,9,29,0,0,0,29
02/05/2019,ABY,GA,ASO,ES,Federal Contract Tower,0,8,11,10,29,0,0,9,0,9,0,8,20,10,38,19,24,43,81
02/06/2019,ABY,GA,ASO,ES,Federal Contract Tower,0,10,16,2,28,0,0,11,0,11,0,10,27,2,39,4,0,4,43
02/07/2019,ABY,GA,ASO,ES,Federal Contract Tower,0,4,20,1,25,0,0,17,0,17,0,4,37,1,42,0,0,0,42
02/08/2019,ABY,GA,ASO,ES,Federal Contract Tower,0,14,15,8,37,0,0,15,2,17,0,14,30,10,54,12,4,16,70
02/09/2019,ABY,GA,ASO,ES,Federal Contract Tower,0,8,17,2,27,0,0,30,0,30,0,8,47,2,57,4,6,10,67
02/10/2019,ABY,GA,ASO,ES,Federal Contract Tower,0,12,15,0,27,0,0,0,0,0,0,12,15,0,27,10,0,10,37
02/11/2019,ABY,GA,ASO,ES,Federal Contract Tower,0,9,20,4,33,0,0,0,0,0,0,9,20,4,33,0,0,0,33
02/12/2019,ABY,GA,ASO,ES,Federal Contract Tower,0,8,14,2,24,0,0,0,0,0,0,8,14,2,24,2,0,2,26
02/13/2019,ABY,GA,ASO,ES,Federal Contract Tower,0,24,3,0,27,0,0,27,1,28,0,24,30,1,55,4,0,4,59
02/14/2019,ABY,GA,ASO,ES,Federal Contract Tower,0,13,34,0,47,0,0,31,0,31,0,13,65,0,78,8,0,8,86
02/15/2019,ABY,GA,ASO,ES,Federal Contract Tower,0,8,13,2,23,0,0,34,0,34,0,8,47,2,57,6,10,16,73
02/16/2019,ABY,GA,ASO,ES,Federal Contract Tower,0,12,22,0,34,0,0,2,0,2,0,12,24,0,36,14,0,14,50
02/17/2019,ABY,GA,ASO,ES,Federal Contract Tower,0,8,11,0,19,0,0,7,2,9,0,8,18,2,28,0,0,0,28
02/18/2019,ABY,GA,ASO,ES,Federal Contract Tower,0,8,19,0,27,0,0,10,0,10,0,8,29,0,37,31,0,31,68
02/19/2019,ABY,GA,ASO,ES,Federal Contract Tower,0,4,10,2,16,0,0,2,0,2,0,4,12,2,18,2,0,2,20
02/20/2019,ABY,GA,ASO,ES,Federal Contract Tower,0,5,14,0,19,0,0,0,0,0,0,5,14,0,19,0,0,0,19
02/21/2019,ABY,GA,ASO,ES,Federal Contract Tower,0,8,16,1,25,0,0,4,0,4,0,8,20,1,29,0,14,14,43
02/22/2019,ABY,GA,ASO,ES,Federal Contract Tower,0,16,18,17,51,0,0,17,13,30,0,16,35,30,81,4,18,22,103
02/23/2019,ABY,GA,ASO,ES,Federal Contract Tower,0,6,6,0,12,0,0,8,0,8,0,6,14,0,20,0,0,0,20
02/24/2019,ABY,GA,ASO,ES,Federal Contract Tower,0,18,7,3,28,0,0,18,23,41,0,18,25,26,69,6,0,6,75
02/25/2019,ABY,GA,ASO,ES,Federal Contract Tower,0,16,3,0,19,0,0,17,3,20,0,16,20,3,39,4,9,13,52
02/26/2019,ABY,GA,ASO,ES,Federal Contract Tower,0,7,18,0,25,0,0,24,0,24,0,7,42,0,49,2,0,2,51
02/27/2019,ABY,GA,ASO,ES,Federal Contract Tower,0,8,14,0,22,0,0,27,0,27,0,8,41,0,49,0,0,0,49
02/28/2019,ABY,GA,ASO,ES,Federal Contract Tower,1,11,9,0,21,0,0,0,0,0,1,11,9,0,21,0,0,0,21
03/01/2019,ABY,GA,ASO,ES,Federal Contract Tower,0,6,15,2,23,0,0,2,0,2,0,6,17,2,25,0,0,0,25
03/02/2019,ABY,GA,ASO,ES,Federal Contract Tower,0,3,14,0,17,0,0,9,0,9,0,3,23,0,26,0,0,0,26
03/03/2019,ABY,GA,ASO,ES,Federal Contract Tower,0,6,11,0,17,0,0,0,0,0,0,6,11,0,17,0,0,0,17
03/04/2019,ABY,GA,ASO,ES,Federal Contract Tower,1,4,7,2,14,0,0,11,0,11,1,4,18,2,25,0,2,2,27
03/05/2019,ABY,GA,ASO,ES,Federal Contract Tower,0,4,10,2,16,0,0,26,6,32,0,4,36,8,48,0,0,0,48
03/06/2019,ABY,GA,ASO,ES,Federal Contract Tower,0,6,16,1,23,0,0,34,4,38,0,6,50,5,61,2,8,10,71
03/07/2019,ABY,GA,ASO,ES,Federal Contract Tower,0,4,16,0,20,0,0,36,0,36,0,4,52,0,56,32,0,32,88
03/08/2019,ABY,GA,ASO,ES,Federal Contract Tower,0,6,7,4,17,0,0,24,0,24,0,6,31,4,41,22,0,22,63
03/09/2019,ABY,GA,ASO,ES,Federal Contract Tower,1,3,9,0,13,0,0,20,0,20,1,3,29,0,33,6,0,6,39
03/10/2019,ABY,GA,ASO,ES,Federal Contract Tower,0,6,9,6,21,0,0,0,0,0,0,6,9,6,21,0,0,0,21
03/11/2019,ABY,GA,ASO,ES,Federal Contract Tower,1,3,11,0,15,0,0,0,0,0,1,3,11,0,15,0,0,0,15
03/12/2019,ABY,GA,ASO,ES,Federal Contract Tower,0,4,5,3,12,0,0,41,0,41,0,4,46,3,53,14,0,14,67
03/13/2019,ABY,GA,ASO,ES,Federal Contract Tower,0,4,6,5,15,0,1,23,0,24,0,5,29,5,39,6,12,18,57
03/14/2019,ABY,GA,ASO,ES,Federal Contract Tower,0,9,8,2,19,0,0,13,2,15,0,9,21,4,34,8,0,8,42
03/15/2019,ABY,GA,ASO,ES,Federal Contract Tower,0,8,17,2,27,0,0,3,0,3,0,8,20,2,30,0,0,0,30
03/16/2019,ABY,GA,ASO,ES,Federal Contract Tower,0,5,7,0,12,0,0,3,0,3,0,5,10,0,15,0,0,0,15
03/17/2019,ABY,GA,ASO,ES,Federal Contract Tower,0,8,7,15,30,0,0,35,4,39,0,8,42,19,69,0,0,0,69
03/18/2019,ABY,GA,ASO,ES,Federal Contract Tower,0,4,12,1,17,0,0,20,1,21,0,4,32,2,38,0,0,0,38
03/19/2019,ABY,GA,ASO,ES,Federal Contract Tower,0,4,18,4,26,0,0,32,2,34,0,4,50,6,60,2,0,2,62
03/20/2019,ABY,GA,ASO,ES,Federal Contract Tower,0,8,12,4,24,0,0,30,0,30,0,8,42,4,54,6,0,6,60
03/21/2019,ABY,GA,ASO,ES,Federal Contract Tower,0,4,17,0,21,0,0,11,2,13,0,4,28,2,34,0,0,0,34
03/22/2019,ABY,GA,ASO,ES,Federal Contract Tower,0,4,6,0,10,0,0,30,0,30,0,4,36,0,40,0,0,0,40
03/23/2019,ABY,GA,ASO,ES,Federal Contract Tower,0,3,1,4,8,0,0,27,0,27,0,3,28,4,35,14,0,14,49
03/24/2019,ABY,GA,ASO,ES,Federal Contract Tower,0,4,6,0,10,0,0,25,0,25,0,4,31,0,35,0,0,0,35
03/25/2019,ABY,GA,ASO,ES,Federal Contract Tower,0,5,16,11,32,0,0,16,3,19,0,5,32,14,51,4,46,50,101
03/26/2019,ABY,GA,ASO,ES,Federal Contract Tower,0,4,13,5,22,0,0,13,2,15,0,4,26,7,37,0,0,0,37
03/27/2019,ABY,GA,ASO,ES,Federal Contract Tower,0,4,14,5,23,0,0,19,1,20,0,4,33,6,43,32,32,64,107
03/28/2019,ABY,GA,ASO,ES,Federal Contract Tower,0,4,11,5,20,0,0,35,2,37,0,4,46,7,57,30,0,30,87
03/29/2019,ABY,GA,ASO,ES,Federal Contract Tower,0,7,15,5,27,0,0,39,12,51,0,7,54,17,78,0,0,0,78
03/30/2019,ABY,GA,ASO,ES,Federal Contract Tower,1,6,4,3,14,0,0,20,0,20,1,6,24,3,34,0,0,0,34
03/31/2019,ABY,GA,ASO,ES,Federal Contract Tower,0,6,10,0,16,0,0,6,4,10,0,6,16,4,26,0,0,0,26
04/01/2019,ABY,GA,ASO,ES,Federal Contract Tower,0,6,12,4,22,0,0,15,0,15,0,6,27,4,37,0,6,6,43
04/02/2019,ABY,GA,ASO,ES,Federal Contract Tower,0,4,12,6,22,0,0,18,0,18,0,4,30,6,40,0,0,0,40
04/03/2019,ABY,GA,ASO,ES,Federal Contract Tower,0,4,14,4,22,0,0,23,12,35,0,4,37,16,57,0,24,24,81
04/04/2019,ABY,GA,ASO,ES,Federal Contract Tower,0,11,10,0,21,0,0,15,2,17,0,11,25,2,38,0,0,0,38
04/05/2019,ABY,GA,ASO,ES,Federal Contract Tower,0,11,16,6,33,0,0,10,0,10,0,11,26,6,43,0,0,0,43
04/06/2019,ABY,GA,ASO,ES,Federal Contract Tower,1,4,13,0,18,0,0,10,0,10,1,4,23,0,28,0,0,0,28
04/07/2019,ABY,GA,ASO,ES,Federal Contract Tower,0,9,9,0,18,0,0,15,0,15,0,9,24,0,33,0,0,0,33
04/08/2019,ABY,GA,ASO,ES,Federal Contract Tower,0,4,7,2,13,0,0,3,0,3,0,4,10,2,16,0,22,22,38
04/09/2019,ABY,GA,ASO,ES,Federal Contract Tower,0,7,10,2,19,0,0,11,0,11,0,7,21,2,30,6,8,14,44
04/10/2019,ABY,GA,ASO,ES,Federal Contract Tower,0,5,15,2,22,0,0,24,2,26,0,5,39,4,48,24,8,32,80
04/11/2019,ABY,GA,ASO,ES,Federal Contract Tower,0,5,11,7,23,0,0,39,4,43,0,5,50,11,66,6,22,28,94
04/12/2019,ABY,GA,ASO,ES,Federal Contract Tower,1,8,7,7,23,0,0,12,2,14,1,8,19,9,37,2,0,2,39
04/13/2019,ABY,GA,ASO,ES,Federal Contract Tower,0,3,13,0,16,0,0,29,9,38,0,3,42,9,54,2,0,2,56
04/14/2019,ABY,GA,ASO,ES,Federal Contract Tower,0,2,6,0,8,0,0,1,0,1,0,2,7,0,9,0,0,0,9
04/15/2019,ABY,GA,ASO,ES,Federal Contract Tower,0,4,18,0,22,0,0,12,0,12,0,4,30,0,34,2,0,2,36
04/16/2019,ABY,GA,ASO,ES,Federal Contract Tower,0,6,20,4,30,0,0,40,0,40,0,6,60,4,70,8,0,8,78
04/17/2019,ABY,GA,ASO,ES,Federal Contract Tower,0,4,8,4,16,0,0,10,0,10,0,4,18,4,26,0,0,0,26
04/18/2019,ABY,GA,ASO,ES,Federal Contract Tower,0,4,11,5,20,1,0,14,0,15,1,4,25,5,35,0,0,0,35
04/19/2019,ABY,GA,ASO,ES,Federal Contract Tower,0,6,2,0,8,0,0,2,0,2,0,6,4,0,10,0,0,0,10
04/20/2019,ABY,GA,ASO,ES,Federal Contract Tower,0,2,3,0,5,0,0,11,0,11,0,2,14,0,16,0,0,0,16
04/21/2019,ABY,GA,ASO,ES,Federal Contract Tower,0,4,6,0,10,0,0,17,0,17,0,4,23,0,27,0,0,0,27
04/22/2019,ABY,GA,ASO,ES,Federal Contract Tower,0,5,5,0,10,0,0,26,6,32,0,5,31,6,42,12,0,12,54
04/23/2019,ABY,GA,ASO,ES,Federal Contract Tower,1,4,12,0,17,0,0,24,2,26,1,4,36,2,43,6,0,6,49
04/24/2019,ABY,GA,ASO,ES,Federal Contract Tower,0,4,6,2,12,0,0,16,0,16,0,4,22,2,28,10,0,10,38
04/25/2019,ABY,GA,ASO,ES,Federal Contract Tower,0,4,15,0,19,0,0,11,0,11,0,4,26,0,30,2,0,2,32
04/26/2019,ABY,GA,ASO,ES,Federal Contract Tower,0,7,10,2,19,0,0,2,0,2,0,7,12,2,21,0,0,0,21
04/27/2019,ABY,GA,ASO,ES,Federal Contract Tower,0,3,3,0,6,0,15,0,0,15,0,18,3,0,21,6,0,6,27
04/28/2019,ABY,GA,ASO,ES,Federal Contract Tower,0,4,12,4,20,0,0,27,0,27,0,4,39,4,47,0,0,0,47
04/29/2019,ABY,GA,ASO,ES,Federal Contract Tower,0,4,10,4,18,0,0,24,0,24,0,4,34,4,42,14,14,28,70
04/30/2019,ABY,GA,ASO,ES,Federal Contract Tower,1,6,10,2,19,0,0,18,0,18,1,6,28,2,37,4,4,8,45
05/01/2019,ABY,GA,ASO,ES,Federal Contract Tower,0,8,8,2,18,0,0,15,1,16,0,8,23,3,34,0,4,4,38
05/02/2019,ABY,GA,ASO,ES,Federal Contract Tower,0,6,7,6,19,0,0,9,0,9,0,6,16,6,28,0,4,4,32
05/03/2019,ABY,GA,ASO,ES,Federal Contract Tower,0,7,9,6,22,0,0,4,2,6,0,7,13,8,28,6,0,6,34
05/04/2019,ABY,GA,ASO,ES,Federal Contract Tower,0,2,3,0,5,0,0,2,0,2,0,2,5,0,7,0,0,0,7
05/05/2019,ABY,GA,ASO,ES,Federal Contract Tower,0,6,9,0,15,0,0,8,2,10,0,6,17,2,25,10,0,10,35
05/06/2019,ABY,GA,ASO,ES,Federal Contract Tower,0,4,13,6,23,0,0,13,4,17,0,4,26,10,40,0,14,14,54
05/07/2019,ABY,GA,ASO,ES,Federal Contract Tower,0,4,9,4,17,0,0,28,2,30,0,4,37,6,47,18,12,30,77
05/08/2019,ABY,GA,ASO,ES,Federal Contract Tower,0,4,8,0,12,0,0,28,4,32,0,4,36,4,44,6,22,28,72
05/09/2019,ABY,GA,ASO,ES,Federal Contract Tower,0,5,15,4,24,0,0,12,2,14,0,5,27,6,38,2,12,14,52
05/10/2019,ABY,GA,ASO,ES,Federal Contract Tower,0,14,15,0,29,0,0,3,3,6,0,14,18,3,35,0,0,0,35
05/11/2019,ABY,GA,ASO,ES,Federal Contract Tower,0,3,4,4,11,0,0,0,0,0,0,3,4,4,11,0,0,0,11
05/12/2019,ABY,GA,ASO,ES,Federal Contract Tower,0,6,4,0,10,0,0,0,0,0,0,6,4,0,10,0,0,0,10
05/13/2019,ABY,GA,ASO,ES,Federal Contract Tower,0,4,15,15,34,0,0,9,3,12,0,4,24,18,46,10,6,16,62
05/14/2019,ABY,GA,ASO,ES,Federal Contract Tower,1,7,8,6,22,0,0,33,1,34,1,7,41,7,56,0,4,4,60
05/15/2019,ABY,GA,ASO,ES,Federal Contract Tower,0,4,10,2,16,0,0,31,0,31,0,4,41,2,47,6,20,26,73
05/16/2019,ABY,GA,ASO,ES,Federal Contract Tower,0,6,14,4,24,0,0,23,2,25,0,6,37,6,49,4,0,4,53
05/17/2019,ABY,GA,ASO,ES,Federal Contract Tower,0,6,12,2,20,0,0,17,0,17,0,6,29,2,37,20,10,30,67
05/18/2019,ABY,GA,ASO,ES,Federal Contract Tower,0,3,6,0,9,0,0,12,0,12,0,3,18,0,21,0,0,0,21
05/19/2019,ABY,GA,ASO,ES,Federal Contract Tower,0,4,4,0,8,0,0,14,0,14,0,4,18,0,22,12,0,12,34
05/20/2019,ABY,GA,ASO,ES,Federal Contract Tower,0,6,12,0,18,0,0,19,2,21,0,6,31,2,39,0,6,6,45
05/21/2019,ABY,GA,ASO,ES,Federal Contract Tower,0,2,12,1,15,0,0,13,2,15,0,2,25,3,30,26,36,62,92
05/22/2019,ABY,GA,ASO,ES,Federal Contract Tower,0,6,11,0,17,0,0,31,0,31,0,6,42,0,48,0,0,0,48
05/23/2019,ABY,GA,ASO,ES,Federal Contract Tower,0,4,20,2,26,0,0,46,0,46,0,4,66,2,72,14,34,48,120
05/24/2019,ABY,GA,ASO,ES,Federal Contract Tower,0,5,12,0,17,0,0,18,2,20,0,5,30,2,37,0,18,18,55
05/25/2019,ABY,GA,ASO,ES,Federal Contract Tower,0,3,6,0,9,0,0,36,1,37,0,3,42,1,46,2,0,2,48
05/26/2019,ABY,GA,ASO,ES,Federal Contract Tower,0,3,4,0,7,0,0,16,0,16,0,3,20,0,23,20,0,20,43
05/27/2019,ABY,GA,ASO,ES,Federal Contract Tower,0,4,5,0,9,0,0,11,0,11,0,4,16,0,20,2,0,2,22
05/28/2019,ABY,GA,ASO,ES,Federal Contract Tower,0,6,13,2,21,0,0,13,2,15,0,6,26,4,36,2,30,32,68
05/29/2019,ABY,GA,ASO,ES,Federal Contract Tower,0,3,8,0,11,0,0,22,0,22,0,3,30,0,33,0,0,0,33
05/30/2019,ABY,GA,ASO,ES,Federal Contract Tower,0,4,8,10,22,0,0,24,0,24,0,4,32,10,46,6,14,20,66
05/31/2019,ABY,GA,ASO,ES,Federal Contract Tower,0,4,11,2,17,0,0,19,2,21,0,4,30,4,38,12,0,12,50
06/01/2019,ABY,GA,ASO,ES,Federal Contract Tower,0,3,7,0,10,0,0,19,0,19,0,3,26,0,29,28,0,28,57
06/02/2019,ABY,GA,ASO,ES,Federal Contract Tower,0,4,2,0,6,0,0,17,0,17,0,4,19,0,23,10,0,10,33
06/03/2019,ABY,GA,ASO,ES,Federal Contract Tower,0,4,3,1,8,0,0,15,1,16,0,4,18,2,24,10,8,18,42
06/04/2019,ABY,GA,ASO,ES,Federal Contract Tower,0,5,8,0,13,0,0,24,2,26,0,5,32,2,39,24,14,38,77
06/05/2019,ABY,GA,ASO,ES,Federal Contract Tower,0,4,9,0,13,0,0,9,2,11,0,4,18,2,24,4,14,18,42
06/06/2019,ABY,GA,ASO,ES,Federal Contract Tower,0,4,4,0,8,0,0,12,0,12,0,4,16,0,20,28,0,28,48
06/07/2019,ABY,GA,ASO,ES,Federal Contract Tower,0,4,6,0,10,0,0,13,0,13,0,4,19,0,23,0,0,0,23
06/08/2019,ABY,GA,ASO,ES,Federal Contract Tower,0,4,3,0,7,0,0,9,0,9,0,4,12,0,16,0,0,0,16
06/09/2019,ABY,GA,ASO,ES,Federal Contract Tower,0,4,2,0,6,0,0,1,0,1,0,4,3,0,7,0,0,0,7
06/10/2019,ABY,GA,ASO,ES,Federal Contract Tower,0,7,5,0,12,0,0,2,0,2,0,7,7,0,14,6,0,6,20
06/11/2019,ABY,GA,ASO,ES,Federal Contract Tower,0,4,11,5,20,0,0,1,0,1,0,4,12,5,21,0,30,30,51
06/12/2019,ABY,GA,ASO,ES,Federal Contract Tower,0,7,5,2,14,0,0,12,2,14,0,7,17,4,28,16,0,16,44
06/13/2019,ABY,GA,ASO,ES,Federal Contract Tower,1,4,6,0,11,0,0,32,2,34,1,4,38,2,45,16,0,16,61
06/14/2019,ABY,GA,ASO,ES,Federal Contract Tower,0,4,9,3,16,0,0,27,4,31,0,4,36,7,47,6,0,6,53
06/15/2019,ABY,GA,ASO,ES,Federal Contract Tower,0,3,10,2,15,0,0,20,0,20,0,3,30,2,35,14,2,16,51
06/16/2019,ABY,GA,ASO,ES,Federal Contract Tower,0,5,3,3,11,0,0,11,3,14,0,5,14,6,25,12,0,12,37
06/17/2019,ABY,GA,ASO,ES,Federal Contract Tower,0,7,3,0,10,0,0,21,0,21,0,7,24,0,31,0,18,18,49
06/18/2019,ABY,GA,ASO,ES,Federal Contract Tower,0,5,11,3,19,0,0,8,0,8,0,5,19,3,27,2,2,4,31
06/19/2019,ABY,GA,ASO,ES,Federal Contract Tower,0,4,11,0,15,0,0,19,0,19,0,4,30,0,34,0,0,0,34
06/20/2019,ABY,GA,ASO,ES,Federal Contract Tower,0,6,4,3,13,0,0,4,1,5,0,6,8,4,18,2,12,14,32
06/21/2019,ABY,GA,ASO,ES,Federal Contract Tower,0,4,8,2,14,0,0,10,4,14,0,4,18,6,28,4,22,26,54
06/22/2019,ABY,GA,ASO,ES,Federal Contract Tower,0,3,6,1,10,0,0,12,5,17,0,3,18,6,27,10,0,10,37
06/23/2019,ABY,GA,ASO,ES,Federal Contract Tower,0,8,2,2,12,0,0,6,3,9,0,8,8,5,21,4,0,4,25
06/24/2019,ABY,GA,ASO,ES,Federal Contract Tower,0,4,7,0,11,0,0,8,0,8,0,4,15,0,19,2,0,2,21
06/25/2019,ABY,GA,ASO,ES,Federal Contract Tower,0,8,8,4,20,0,0,6,0,6,0,8,14,4,26,0,0,0,26
06/26/2019,ABY,GA,ASO,ES,Federal Contract Tower,0,4,5,4,13,0,0,5,2,7,0,4,10,6,20,2,12,14,34
06/27/2019,ABY,GA,ASO,ES,Federal Contract Tower,0,4,19,1,24,0,0,2,1,3,0,4,21,2,27,2,12,14,41
06/28/2019,ABY,GA,ASO,ES,Federal Contract Tower,0,4,8,5,17,0,0,17,1,18,0,4,25,6,35,8,26,34,69
06/29/2019,ABY,GA,ASO,ES,Federal Contract Tower,0,4,3,0,7,0,0,13,0,13,0,4,16,0,20,16,0,16,36
06/30/2019,ABY,GA,ASO,ES,Federal Contract Tower,0,7,4,0,11,0,0,4,0,4,0,7,8,0,15,0,0,0,15
07/01/2019,ABY,GA,ASO,ES,Federal Contract Tower,0,1,2,9,12,0,0,17,0,17,0,1,19,9,29,42,6,48,77
07/02/2019,ABY,GA,ASO,ES,Federal Contract Tower,1,2,8,7,18,0,0,13,4,17,1,2,21,11,35,60,20,80,115
07/03/2019,ABY,GA,ASO,ES,Federal Contract Tower,0,4,10,0,14,0,0,5,0,5,0,4,15,0,19,26,0,26,45
07/04/2019,ABY,GA,ASO,ES,Federal Contract Tower,0,2,6,0,8,0,0,16,0,16,0,2,22,0,24,0,0,0,24
07/05/2019,ABY,GA,ASO,ES,Federal Contract Tower,0,2,1,2,5,0,0,19,0,19,0,2,20,2,24,16,6,22,46
07/06/2019,ABY,GA,ASO,ES,Federal Contract Tower,0,3,2,0,5,0,0,6,0,6,0,3,8,0,11,0,0,0,11
07/07/2019,ABY,GA,ASO,ES,Federal Contract Tower,0,4,8,0,12,0,0,3,0,3,0,4,11,0,15,8,0,8,23
07/08/2019,ABY,GA,ASO,ES,Federal Contract Tower,0,4,7,4,15,0,0,0,0,0,0,4,7,4,15,0,0,0,15
07/09/2019,ABY,GA,ASO,ES,Federal Contract Tower,0,6,9,6,21,0,0,26,0,26,0,6,35,6,47,36,12,48,95
07/10/2019,ABY,GA,ASO,ES,Federal Contract Tower,0,4,6,2,12,0,0,30,0,30,0,4,36,2,42,0,0,0,42
07/11/2019,ABY,GA,ASO,ES,Federal Contract Tower,0,6,4,7,17,0,0,18,1,19,0,6,22,8,36,31,14,45,81
07/12/2019,ABY,GA,ASO,ES,Federal Contract Tower,0,4,3,4,11,0,0,11,3,14,0,4,14,7,25,48,0,48,73
07/13/2019,ABY,GA,ASO,ES,Federal Contract Tower,0,3,7,6,16,0,0,13,0,13,0,3,20,6,29,18,0,18,47
07/14/2019,ABY,GA,ASO,ES,Federal Contract Tower,0,4,1,0,5,0,0,15,0,15,0,4,16,0,20,6,0,6,26
07/15/2019,ABY,GA,ASO,ES,Federal Contract Tower,0,9,5,2,16,0,0,20,2,22,0,9,25,4,38,0,0,0,38
07/16/2019,ABY,GA,ASO,ES,Federal Contract Tower,0,5,3,0,8,0,0,28,0,28,0,5,31,0,36,4,0,4,40
07/17/2019,ABY,GA,ASO,ES,Federal Contract Tower,0,2,6,0,8,0,0,15,0,15,0,2,21,0,23,18,26,44,67
07/18/2019,ABY,GA,ASO,ES,Federal Contract Tower,0,6,10,2,18,0,0,21,1,22,0,6,31,3,40,4,0,4,44
07/19/2019,ABY,GA,ASO,ES,Federal Contract Tower,0,2,2,6,10,0,0,5,0,5,0,2,7,6,15,10,0,10,25
07/20/2019,ABY,GA,ASO,ES,Federal Contract Tower,1,3,5,4,13,0,0,16,0,16,1,3,21,4,29,28,2,30,59
07/21/2019,ABY,GA,ASO,ES,Federal Contract Tower,0,6,2,0,8,0,0,15,0,15,0,6,17,0,23,4,0,4,27
07/22/2019,ABY,GA,ASO,ES,Federal Contract Tower,0,4,4,0,8,0,0,9,0,9,0,4,13,0,17,0,0,0,17
07/23/2019,ABY,GA,ASO,ES,Federal Contract Tower,0,4,6,0,10,0,0,6,0,6,0,4,12,0,16,0,0,0,16
07/24/2019,ABY,GA,ASO,ES,Federal Contract Tower,0,6,9,6,21,0,0,8,0,8,0,6,17,6,29,0,16,16,45
07/25/2019,ABY,GA,ASO,ES,Federal Contract Tower,0,4,7,9,20,0,0,17,3,20,0,4,24,12,40,12,34,46,86
07/26/2019,ABY,GA,ASO,ES,Federal Contract Tower,0,4,14,0,18,0,0,24,2,26,0,4,38,2,44,4,0,4,48
07/27/2019,ABY,GA,ASO,ES,Federal Contract Tower,0,3,6,3,12,0,0,23,0,23,0,3,29,3,35,8,0,8,43
07/28/2019,ABY,GA,ASO,ES,Federal Contract Tower,0,4,10,0,14,0,0,23,0,23,0,4,33,0,37,0,0,0,37
07/29/2019,ABY,GA,ASO,ES,Federal Contract Tower,0,4,5,0,9,0,0,13,5,18,0,4,18,5,27,6,22,28,55
07/30/2019,ABY,GA,ASO,ES,Federal Contract Tower,0,4,2,0,6,0,0,11,0,11,0,4,13,0,17,10,0,10,27
07/31/2019,ABY,GA,ASO,ES,Federal Contract Tower,0,4,10,4,18,0,0,13,0,13,0,4,23,4,31,4,0,4,35
08/01/2019,ABY,GA,ASO,ES,Federal Contract Tower,0,4,8,3,15,0,0,8,1,9,0,4,16,4,24,0,0,0,24
08/02/2019,ABY,GA,ASO,ES,Federal Contract Tower,0,6,4,3,13,0,0,6,1,7,0,6,10,4,20,2,0,2,22
08/03/2019,ABY,GA,ASO,ES,Federal Contract Tower,0,0,0,0,0,0,0,2,0,2,0,0,2,0,2,0,0,0,2
08/04/2019,ABY,GA,ASO,ES,Federal Contract Tower,0,0,0,0,0,0,0,6,0,6,0,0,6,0,6,4,0,4,10
08/05/2019,ABY,GA,ASO,ES,Federal Contract Tower,0,4,12,4,20,0,0,14,0,14,0,4,26,4,34,12,0,12,46
08/06/2019,ABY,GA,ASO,ES,Federal Contract Tower,0,5,13,4,22,0,0,10,0,10,0,5,23,4,32,0,0,0,32
08/07/2019,ABY,GA,ASO,ES,Federal Contract Tower,0,4,9,6,19,0,0,18,0,18,0,4,27,6,37,6,0,6,43
08/08/2019,ABY,GA,ASO,ES,Federal Contract Tower,0,4,8,4,16,0,0,18,0,18,0,4,26,4,34,0,12,12,46
08/09/2019,ABY,GA,ASO,ES,Federal Contract Tower,0,4,8,0,12,0,0,7,0,7,0,4,15,0,19,10,0,10,29
08/10/2019,ABY,GA,ASO,ES,Federal Contract Tower,0,4,8,2,14,0,0,31,0,31,0,4,39,2,45,6,0,6,51
08/11/2019,ABY,GA,ASO,ES,Federal Contract Tower,1,4,4,0,9,0,0,7,0,7,1,4,11,0,16,10,0,10,26
08/12/2019,ABY,GA,ASO,ES,Federal Contract Tower,0,4,4,0,8,0,0,12,0,12,0,4,16,0,20,0,0,0,20
08/13/2019,ABY,GA,ASO,ES,Federal Contract Tower,2,5,8,0,15,0,0,10,0,10,2,5,18,0,25,6,0,6,31
08/14/2019,ABY,GA,ASO,ES,Federal Contract Tower,0,6,3,0,9,0,0,18,0,18,0,6,21,0,27,6,0,6,33
08/15/2019,ABY,GA,ASO,ES,Federal Contract Tower,0,3,4,6,13,0,0,16,0,16,0,3,20,6,29,0,0,0,29
08/16/2019,ABY,GA,ASO,ES,Federal Contract Tower,0,5,5,0,10,0,0,23,0,23,0,5,28,0,33,4,0,4,37
08/17/2019,ABY,GA,ASO,ES,Federal Contract Tower,0,3,5,1,9,0,0,15,0,15,0,3,20,1,24,6,0,6,30
08/18/2019,ABY,GA,ASO,ES,Federal Contract Tower,0,5,2,0,7,0,0,1,0,1,0,5,3,0,8,0,0,0,8
08/19/2019,ABY,GA,ASO,ES,Federal Contract Tower,0,4,3,0,7,0,0,5,0,5,0,4,8,0,12,0,0,0,12
08/20/2019,ABY,GA,ASO,ES,Federal Contract Tower,0,5,3,2,10,0,0,1,0,1,0,5,4,2,11,0,0,0,11
08/21/2019,ABY,GA,ASO,ES,Federal Contract Tower,0,2,5,6,13,0,0,10,0,10,0,2,15,6,23,2,2,4,27
08/22/2019,ABY,GA,ASO,ES,Federal Contract Tower,1,7,10,2,20,0,0,16,0,16,1,7,26,2,36,4,0,4,40
08/23/2019,ABY,GA,ASO,ES,Federal Contract Tower,0,6,15,9,30,0,0,32,0,32,0,6,47,9,62,0,4,4,66
08/24/2019,ABY,GA,ASO,ES,Federal Contract Tower,0,3,10,0,13,0,0,15,0,15,0,3,25,0,28,8,0,8,36
08/25/2019,ABY,GA,ASO,ES,Federal Contract Tower,0,4,5,0,9,0,0,1,0,1,0,4,6,0,10,0,0,0,10
08/26/2019,ABY,GA,ASO,ES,Federal Contract Tower,0,4,4,0,8,0,0,2,0,2,0,4,6,0,10,0,0,0,10
08/27/2019,ABY,GA,ASO,ES,Federal Contract Tower,0,4,13,4,21,0,0,2,0,2,0,4,15,4,23,2,6,8,31
08/28/2019,ABY,GA,ASO,ES,Federal Contract Tower,0,7,9,8,24,0,0,23,0,23,0,7,32,8,47,0,0,0,47
08/29/2019,ABY,GA,ASO,ES,Federal Contract Tower,0,4,10,5,19,0,0,35,2,37,0,4,45,7,56,10,16,26,82
08/30/2019,ABY,GA,ASO,ES,Federal Contract Tower,0,7,6,0,13,0,0,28,4,32,0,7,34,4,45,4,0,4,49
08/31/2019,ABY,GA,ASO,ES,Federal Contract Tower,0,2,30,0,32,0,0,16,0,16,0,2,46,0,48,0,0,0,48
09/01/2019,ABY,GA,ASO,ES,Federal Contract Tower,0,2,0,0,2,0,0,4,0,4,0,2,4,0,6,0,0,0,6
09/02/2019,ABY,GA,ASO,ES,Federal Contract Tower,0,2,2,0,4,0,0,3,0,3,0,2,5,0,7,0,0,0,7
09/03/2019,ABY,GA,ASO,ES,Federal Contract Tower,0,2,8,6,16,0,0,10,0,10,0,2,18,6,26,6,4,10,36
09/04/2019,ABY,GA,ASO,ES,Federal Contract Tower,0,5,1,6,12,0,0,11,2,13,0,5,12,8,25,0,2,2,27
09/05/2019,ABY,GA,ASO,ES,Federal Contract Tower,0,2,1,3,6,0,0,22,1,23,0,2,23,4,29,2,0,2,31
09/06/2019,ABY,GA,ASO,ES,Federal Contract Tower,0,2,14,6,22,0,0,34,4,38,0,2,48,10,60,2,2,4,64
09/07/2019,ABY,GA,ASO,ES,Federal Contract Tower,0,5,5,0,10,0,0,18,0,18,0,5,23,0,28,4,0,4,32
09/08/2019,ABY,GA,ASO,ES,Federal Contract Tower,0,5,8,0,13,0,0,11,0,11,0,5,19,0,24,2,0,2,26
09/09/2019,ABY,GA,ASO,ES,Federal Contract Tower,0,4,8,0,12,0,0,9,6,15,0,4,17,6,27,0,0,0,27
09/10/2019,ABY,GA,ASO,ES,Federal Contract Tower,0,4,15,2,21,0,0,15,0,15,0,4,30,2,36,4,0,4,40
09/11/2019,ABY,GA,ASO,ES,Federal Contract Tower,0,4,18,9,31,0,0,28,1,29,0,4,46,10,60,20,8,28,88
09/12/2019,ABY,GA,ASO,ES,Federal Contract Tower,0,4,6,0,10,0,0,21,3,24,0,4,27,3,34,10,2,12,46
09/13/2019,ABY,GA,ASO,ES,Federal Contract Tower,0,10,9,0,19,0,0,26,0,26,0,10,35,0,45,0,0,0,45
09/14/2019,ABY,GA,ASO,ES,Federal Contract Tower,0,3,5,0,8,0,0,10,0,10,0,3,15,0,18,8,0,8,26
09/15/2019,ABY,GA,ASO,ES,Federal Contract Tower,0,6,6,0,12,0,0,11,0,11,0,6,17,0,23,0,0,0,23
09/16/2019,ABY,GA,ASO,ES,Federal Contract Tower,0,6,17,2,25,0,0,13,2,15,0,6,30,4,40,4,2,6,46
09/17/2019,ABY,GA,ASO,ES,Federal Contract Tower,0,4,7,2,13,0,0,15,0,15,0,4,22,2,28,8,0,8,36
09/18/2019,ABY,GA,ASO,ES,Federal Contract Tower,0,4,10,4,18,0,0,14,0,14,0,4,24,4,32,6,12,18,50
09/19/2019,ABY,GA,ASO,ES,Federal Contract Tower,0,4,6,2,12,0,0,24,0,24,0,4,30,2,36,12,0,12,48
09/20/2019,ABY,GA,ASO,ES,Federal Contract Tower,0,7,5,2,14,0,0,29,0,29,0,7,34,2,43,0,0,0,43
09/21/2019,ABY,GA,ASO,ES,Federal Contract Tower,0,5,4,0,9,0,0,8,0,8,0,5,12,0,17,4,0,4,21
09/22/2019,ABY,GA,ASO,ES,Federal Contract Tower,0,6,10,0,16,0,0,14,0,14,0,6,24,0,30,0,0,0,30
09/23/2019,ABY,GA,ASO,ES,Federal Contract Tower,0,4,5,0,9,0,0,19,0,19,0,4,24,0,28,0,0,0,28
09/24/2019,ABY,GA,ASO,ES,Federal Contract Tower,0,6,7,2,15,0,0,12,0,12,0,6,19,2,27,4,0,4,31
09/25/2019,ABY,GA,ASO,ES,Federal Contract Tower,0,4,11,2,17,0,0,10,0,10,0,4,21,2,27,0,0,0,27
09/26/2019,ABY,GA,ASO,ES,Federal Contract Tower,0,4,5,2,11,0,0,12,0,12,0,4,17,2,23,0,0,0,23
09/27/2019,ABY,GA,ASO,ES,Federal Contract Tower,0,2,4,5,11,0,0,15,1,16,0,2,19,6,27,0,0,0,27
09/28/2019,ABY,GA,ASO,ES,Federal Contract Tower,0,2,4,6,12,0,0,10,0,10,0,2,14,6,22,0,0,0,22
09/29/2019,ABY,GA,ASO,ES,Federal Contract Tower,0,5,5,2,12,0,0,14,0,14,0,5,19,2,26,0,0,0,26
09/30/2019,ABY,GA,ASO,ES,Federal Contract Tower,0,6,4,1,11,0,0,6,2,8,0,6,10,3,19,0,12,12,31
10/01/2019,ABY,GA,ASO,ES,Federal Contract Tower,0,4,7,8,19,0,0,13,2,15,0,4,20,10,34,0,16,16,50
10/02/2019,ABY,GA,ASO,ES,Federal Contract Tower,0,4,5,3,12,0,0,13,0,13,0,4,18,3,25,12,0,12,37
10/03/2019,ABY,GA,ASO,ES,Federal Contract Tower,0,6,18,2,26,0,0,13,2,15,0,6,31,4,41,0,0,0,41
10/04/2019,ABY,GA,ASO,ES,Federal Contract Tower,5,4,11,6,26,0,0,8,2,10,5,4,19,8,36,0,8,8,44
10/05/2019,ABY,GA,ASO,ES,Federal Contract Tower,0,5,14,2,21,0,0,23,0,23,0,5,37,2,44,2,0,2,46
10/06/2019,ABY,GA,ASO,ES,Federal Contract Tower,0,4,7,0,11,0,0,9,0,9,0,4,16,0,20,0,0,0,20
10/07/2019,ABY,GA,ASO,ES,Federal Contract Tower,0,4,6,0,10,0,0,10,0,10,0,4,16,0,20,0,0,0,20
10/08/2019,ABY,GA,ASO,ES,Federal Contract Tower,0,4,9,0,13,0,0,21,0,21,0,4,30,0,34,0,0,0,34
10/09/2019,ABY,GA,ASO,ES,Federal Contract Tower,0,4,11,2,17,0,0,10,0,10,0,4,21,2,27,0,2,2,29
10/10/2019,ABY,GA,ASO,ES,Federal Contract Tower,0,6,12,0,18,0,0,14,0,14,0,6,26,0,32,0,0,0,32
10/11/2019,ABY,GA,ASO,ES,Federal Contract Tower,0,6,6,0,12,0,0,20,0,20,0,6,26,0,32,0,0,0,32
10/12/2019,ABY,GA,ASO,ES,Federal Contract Tower,0,2,10,0,12,0,0,25,0,25,0,2,35,0,37,2,0,2,39
10/13/2019,ABY,GA,ASO,ES,Federal Contract Tower,0,4,8,0,12,0,0,7,4,11,0,4,15,4,23,0,0,0,23
10/14/2019,ABY,GA,ASO,ES,Federal Contract Tower,0,4,9,0,13,0,0,19,0,19,0,4,28,0,32,12,0,12,44
10/15/2019,ABY,GA,ASO,ES,Federal Contract Tower,0,6,5,0,11,0,0,0,0,0,0,6,5,0,11,0,0,0,11
10/16/2019,ABY,GA,ASO,ES,Federal Contract Tower,1,5,5,6,17,0,0,1,0,1,1,5,6,6,18,0,4,4,22
10/17/2019,ABY,GA,ASO,ES,Federal Contract Tower,0,4,10,0,14,0,0,9,0,9,0,4,19,0,23,6,0,6,29
10/18/2019,ABY,GA,ASO,ES,Federal Contract Tower,0,4,12,16,32,0,0,18,0,18,0,4,30,16,50,4,0,4,54
10/19/2019,ABY,GA,ASO,ES,Federal Contract Tower,0,2,3,0,5,0,0,0,0,0,0,2,3,0,5,0,0,0,5
10/20/2019,ABY,GA,ASO,ES,Federal Contract Tower,0,7,8,0,15,0,0,2,0,2,0,7,10,0,17,10,0,10,27
10/21/2019,ABY,GA,ASO,ES,Federal Contract Tower,0,5,7,0,12,0,0,12,0,12,0,5,19,0,24,6,0,6,30
10/22/2019,ABY,GA,ASO,ES,Federal Contract Tower,0,5,14,2,21,0,0,12,0,12,0,5,26,2,33,8,0,8,41
10/23/2019,ABY,GA,ASO,ES,Federal Contract Tower,0,2,14,0,16,0,0,20,2,22,0,2,34,2,38,16,10,26,64
10/24/2019,ABY,GA,ASO,ES,Federal Contract Tower,0,4,10,2,16,0,0,13,0,13,0,4,23,2,29,0,0,0,29
10/25/2019,ABY,GA,ASO,ES,Federal Contract Tower,0,10,2,4,16,0,0,1,0,1,0,10,3,4,17,0,0,0,17
10/26/2019,ABY,GA,ASO,ES,Federal Contract Tower,1,4,4,0,9,0,0,5,0,5,1,4,9,0,14,2,0,2,16
10/27/2019,ABY,GA,ASO,ES,Federal Contract Tower,0,5,7,5,17,0,0,10,1,11,0,5,17,6,28,4,0,4,32
10/28/2019,ABY,GA,ASO,ES,Federal Contract Tower,0,6,11,4,21,0,0,19,0,19,0,6,30,4,40,10,8,18,58
10/29/2019,ABY,GA,ASO,ES,Federal Contract Tower,0,4,5,0,9,0,0,0,0,0,0,4,5,0,9,0,0,0,9
10/30/2019,ABY,GA,ASO,ES,Federal Contract Tower,0,6,9,2,17,0,0,0,0,0,0,6,9,2,17,0,0,0,17
10/31/2019,ABY,GA,ASO,ES,Federal Contract Tower,0,5,5,3,13,0,0,0,0,0,0,5,5,3,13,0,0,0,13
11/01/2019,ABY,GA,ASO,ES,Federal Contract Tower,0,6,18,0,24,0,0,3,0,3,0,6,21,0,27,4,0,4,31
11/02/2019,ABY,GA,ASO,ES,Federal Contract Tower,0,2,5,2,9,0,0,12,0,12,0,2,17,2,21,0,2,2,23
11/03/2019,ABY,GA,ASO,ES,Federal Contract Tower,0,5,9,0,14,0,0,21,0,21,0,5,30,0,35,12,0,12,47
11/04/2019,ABY,GA,ASO,ES,Federal Contract Tower,0,6,15,4,25,0,9,0,0,9,0,15,15,4,34,2,0,2,36
11/05/2019,ABY,GA,ASO,ES,Federal Contract Tower,0,5,10,4,19,0,0,13,0,13,0,5,23,4,32,0,0,0,32
11/06/2019,ABY,GA,ASO,ES,Federal Contract Tower,0,4,12,7,23,0,0,18,2,20,0,4,30,9,43,12,24,36,79
11/07/2019,ABY,GA,ASO,ES,Federal Contract Tower,0,8,20,4,32,0,0,9,0,9,0,8,29,4,41,18,0,18,59
11/08/2019,ABY,GA,ASO,ES,Federal Contract Tower,0,7,15,8,30,0,0,17,0,17,0,7,32,8,47,18,0,18,65
11/09/2019,ABY,GA,ASO,ES,Federal Contract Tower,0,6,13,0,19,0,0,22,0,22,0,6,35,0,41,0,0,0,41
11/10/2019,ABY,GA,ASO,ES,Federal Contract Tower,0,8,5,0,13,0,0,16,0,16,0,8,21,0,29,8,0,8,37
11/11/2019,ABY,GA,ASO,ES,Federal Contract Tower,0,4,17,0,21,0,0,14,0,14,0,4,31,0,35,12,0,12,47
11/12/2019,ABY,GA,ASO,ES,Federal Contract Tower,0,6,4,0,10,0,0,3,0,3,0,6,7,0,13,0,0,0,13
11/13/2019,ABY,GA,ASO,ES,Federal Contract Tower,0,5,10,1,16,0,0,25,4,29,0,5,35,5,45,20,29,49,94
11/14/2019,ABY,GA,ASO,ES,Federal Contract Tower,0,11,5,0,16,0,0,6,0,6,0,11,11,0,22,0,0,0,22
11/15/2019,ABY,GA,ASO,ES,Federal Contract Tower,0,14,18,2,34,0,0,0,0,0,0,14,18,2,34,0,0,0,34
11/16/2019,ABY,GA,ASO,ES,Federal Contract Tower,0,4,4,4,12,0,0,2,0,2,0,4,6,4,14,0,0,0,14
11/17/2019,ABY,GA,ASO,ES,Federal Contract Tower,0,7,17,0,24,0,0,21,4,25,0,7,38,4,49,2,0,2,51
11/18/2019,ABY,GA,ASO,ES,Federal Contract Tower,0,7,15,4,26,0,0,23,0,23,0,7,38,4,49,12,45,57,106
11/19/2019,ABY,GA,ASO,ES,Federal Contract Tower,0,4,13,8,25,0,0,12,1,13,0,4,25,9,38,0,0,0,38
11/20/2019,ABY,GA,ASO,ES,Federal Contract Tower,0,5,14,0,19,0,0,11,1,12,0,5,25,1,31,6,14,20,51
11/21/2019,ABY,GA,ASO,ES,Federal Contract Tower,0,6,18,4,28,0,0,21,2,23,0,6,39,6,51,20,0,20,71
11/22/2019,ABY,GA,ASO,ES,Federal Contract Tower,0,7,18,5,30,0,0,11,0,11,0,7,29,5,41,4,20,24,65
11/23/2019,ABY,GA,ASO,ES,Federal Contract Tower,0,5,4,0,9,0,0,6,0,6,0,5,10,0,15,0,0,0,15
11/24/2019,ABY,GA,ASO,ES,Federal Contract Tower,0,9,12,0,21,0,0,9,0,9,0,9,21,0,30,0,0,0,30
11/25/2019,ABY,GA,ASO,ES,Federal Contract Tower,0,7,14,6,27,0,0,25,0,25,0,7,39,6,52,16,8,24,76
11/26/2019,ABY,GA,ASO,ES,Federal Contract Tower,0,10,12,2,24,0,0,16,0,16,0,10,28,2,40,16,0,16,56
11/27/2019,ABY,GA,ASO,ES,Federal Contract Tower,0,12,7,4,23,0,0,2,0,2,0,12,9,4,25,2,0,2,27
11/28/2019,ABY,GA,ASO,ES,Federal Contract Tower,0,4,7,0,11,0,1,10,0,11,0,5,17,0,22,2,0,2,24
11/29/2019,ABY,GA,ASO,ES,Federal Contract Tower,0,3,13,0,16,0,0,13,0,13,0,3,26,0,29,2,0,2,31
11/30/2019,ABY,GA,ASO,ES,Federal Contract Tower,0,9,6,0,15,0,0,23,0,23,0,9,29,0,38,13,0,13,51
12/01/2019,ABY,GA,ASO,ES,Federal Contract Tower,0,10,8,0,18,0,0,4,0,4,0,10,12,0,22,0,0,0,22
12/02/2019,ABY,GA,ASO,ES,Federal Contract Tower,0,8,8,7,23,0,0,16,4,20,0,8,24,11,43,2,10,12,55
12/03/2019,ABY,GA,ASO,ES,Federal Contract Tower,0,9,8,12,29,0,1,15,0,16,0,10,23,12,45,20,14,34,79
12/04/2019,ABY,GA,ASO,ES,Federal Contract Tower,0,4,10,9,23,0,0,16,1,17,0,4,26,10,40,0,4,4,44
12/05/2019,ABY,GA,ASO,ES,Federal Contract Tower,0,10,13,2,25,0,1,10,0,11,0,11,23,2,36,2,0,2,38
12/06/2019,ABY,GA,ASO,ES,Federal Contract Tower,1,10,12,9,32,0,0,4,0,4,1,10,16,9,36,4,2,6,42
12/07/2019,ABY,GA,ASO,ES,Federal Contract Tower,1,6,6,2,15,0,0,11,0,11,1,6,17,2,26,0,0,0,26
12/08/2019,ABY,GA,ASO,ES,Federal Contract Tower,0,7,18,0,25,0,0,10,0,10,0,7,28,0,35,0,0,0,35
12/09/2019,ABY,GA,ASO,ES,Federal Contract Tower,0,4,6,4,14,0,0,6,0,6,0,4,12,4,20,0,0,0,20
12/10/2019,ABY,GA,ASO,ES,Federal Contract Tower,0,8,19,0,27,0,0,3,0,3,0,8,22,0,30,2,0,2,32
12/11/2019,ABY,GA,ASO,ES,Federal Contract Tower,2,12,14,4,32,0,0,14,0,14,2,12,28,4,46,14,0,14,60
12/12/2019,ABY,GA,ASO,ES,Federal Contract Tower,2,16,14,6,38,0,0,5,0,5,2,16,19,6,43,0,0,0,43
12/13/2019,ABY,GA,ASO,ES,Federal Contract Tower,6,11,7,2,26,0,0,0,0,0,6,11,7,2,26,0,0,0,26
12/14/2019,ABY,GA,ASO,ES,Federal Contract Tower,2,16,7,2,27,0,0,11,0,11,2,16,18,2,38,2,0,2,40
12/15/2019,ABY,GA,ASO,ES,Federal Contract Tower,0,10,25,0,35,0,0,23,0,23,0,10,48,0,58,14,0,14,72
12/16/2019,ABY,GA,ASO,ES,Federal Contract Tower,0,4,22,0,26,0,0,33,0,33,0,4,55,0,59,14,0,14,73
12/17/2019,ABY,GA,ASO,ES,Federal Contract Tower,0,6,10,2,18,0,0,0,0,0,0,6,10,2,18,0,0,0,18
12/18/2019,ABY,GA,ASO,ES,Federal Contract Tower,0,4,14,3,21,0,0,16,0,16,0,4,30,3,37,2,0,2,39
12/19/2019,ABY,GA,ASO,ES,Federal Contract Tower,0,7,16,0,23,0,0,27,0,27,0,7,43,0,50,0,0,0,50
12/20/2019,ABY,GA,ASO,ES,Federal Contract Tower,1,11,12,0,24,0,0,12,0,12,1,11,24,0,36,6,0,6,42
12/21/2019,ABY,GA,ASO,ES,Federal Contract Tower,1,7,9,0,17,0,0,11,0,11,1,7,20,0,28,12,0,12,40
12/22/2019,ABY,GA,ASO,ES,Federal Contract Tower,2,2,3,0,7,0,0,0,0,0,2,2,3,0,7,0,0,0,7
12/23/2019,ABY,GA,ASO,ES,Federal Contract Tower,0,8,3,0,11,0,0,0,0,0,0,8,3,0,11,0,0,0,11
12/24/2019,ABY,GA,ASO,ES,Federal Contract Tower,0,4,10,0,14,0,0,2,0,2,0,4,12,0,16,0,0,0,16
12/25/2019,ABY,GA,ASO,ES,Federal Contract Tower,0,3,2,0,5,0,0,4,0,4,0,3,6,0,9,4,0,4,13
12/26/2019,ABY,GA,ASO,ES,Federal Contract Tower,0,4,19,0,23,0,0,15,0,15,0,4,34,0,38,24,0,24,62
12/27/2019,ABY,GA,ASO,ES,Federal Contract Tower,0,11,7,4,22,0,0,10,0,10,0,11,17,4,32,0,0,0,32
12/28/2019,ABY,GA,ASO,ES,Federal Contract Tower,0,13,6,0,19,0,1,0,0,1,0,14,6,0,20,0,0,0,20
12/29/2019,ABY,GA,ASO,ES,Federal Contract Tower,0,5,5,0,10,0,0,8,0,8,0,5,13,0,18,0,0,0,18
12/30/2019,ABY,GA,ASO,ES,Federal Contract Tower,0,5,7,0,12,0,0,20,0,20,0,5,27,0,32,20,0,20,52
12/31/2019,ABY,GA,ASO,ES,Federal Contract Tower,0,3,6,0,9,0,0,12,0,12,0,3,18,0,21,12,0,12,33
01/01/2020,ABY,GA,ASO,ES,Federal Contract Tower,0,4,8,0,12,0,0,29,0,29,0,4,37,0,41,0,0,0,41
01/02/2020,ABY,GA,ASO,ES,Federal Contract Tower,0,10,2,4,16,0,0,6,0,6,0,10,8,4,22,0,10,10,32
01/03/2020,ABY,GA,ASO,ES,Federal Contract Tower,0,2,5,8,15,0,0,0,0,0,0,2,5,8,15,0,0,0,15
01/04/2020,ABY,GA,ASO,ES,Federal Contract Tower,0,7,5,0,12,0,0,3,0,3,0,7,8,0,15,0,0,0,15
01/05/2020,ABY,GA,ASO,ES,Federal Contract Tower,0,4,12,0,16,0,0,21,0,21,0,4,33,0,37,2,0,2,39
01/06/2020,ABY,GA,ASO,ES,Federal Contract Tower,0,5,20,8,33,0,0,21,0,21,0,5,41,8,54,0,0,0,54
01/07/2020,ABY,GA,ASO,ES,Federal Contract Tower,0,9,11,2,22,0,0,12,0,12,0,9,23,2,34,0,0,0,34
01/08/2020,ABY,GA,ASO,ES,Federal Contract Tower,1,7,13,0,21,0,3,22,2,27,1,10,35,2,48,12,12,24,72
01/09/2020,ABY,GA,ASO,ES,Federal Contract Tower,0,15,18,4,37,0,0,14,0,14,0,15,32,4,51,4,4,8,59
01/10/2020,ABY,GA,ASO,ES,Federal Contract Tower,0,10,9,24,43,0,0,13,0,13,0,10,22,24,56,0,18,18,74
01/11/2020,ABY,GA,ASO,ES,Federal Contract Tower,0,6,8,0,14,0,0,0,0,0,0,6,8,0,14,0,0,0,14
01/12/2020,ABY,GA,ASO,ES,Federal Contract Tower,0,15,11,0,26,0,0,0,0,0,0,15,11,0,26,0,0,0,26
01/13/2020,ABY,GA,ASO,ES,Federal Contract Tower,0,4,2,0,6,0,0,0,0,0,0,4,2,0,6,0,0,0,6
01/14/2020,ABY,GA,ASO,ES,Federal Contract Tower,0,11,7,4,22,0,0,4,2,6,0,11,11,6,28,6,18,24,52
01/15/2020,ABY,GA,ASO,ES,Federal Contract Tower,0,6,7,0,13,0,0,2,0,2,0,6,9,0,15,8,0,8,23
01/16/2020,ABY,GA,ASO,ES,Federal Contract Tower,0,8,17,0,25,0,0,3,0,3,0,8,20,0,28,0,0,0,28
01/17/2020,ABY,GA,ASO,ES,Federal Contract Tower,0,8,22,3,33,0,0,15,3,18,0,8,37,6,51,4,12,16,67
01/18/2020,ABY,GA,ASO,ES,Federal Contract Tower,0,8,11,0,19,0,0,17,0,17,0,8,28,0,36,6,0,6,42
01/19/2020,ABY,GA,ASO,ES,Federal Contract Tower,0,9,17,0,26,0,0,2,0,2,0,9,19,0,28,0,0,0,28
01/20/2020,ABY,GA,ASO,ES,Federal Contract Tower,0,14,13,0,27,0,0,12,0,12,0,14,25,0,39,0,0,0,39
01/21/2020,ABY,GA,ASO,ES,Federal Contract Tower,0,8,12,2,22,0,0,12,2,14,0,8,24,4,36,0,14,14,50
01/22/2020,ABY,GA,ASO,ES,Federal Contract Tower,0,9,16,2,27,0,0,5,0,5,0,9,21,2,32,0,0,0,32
01/23/2020,ABY,GA,ASO,ES,Federal Contract Tower,0,14,12,0,26,0,0,5,0,5,0,14,17,0,31,0,0,0,31
01/24/2020,ABY,GA,ASO,ES,Federal Contract Tower,0,7,13,2,22,0,1,0,0,1,0,8,13,2,23,0,6,6,29
01/25/2020,ABY,GA,ASO,ES,Federal Contract Tower,0,5,8,2,15,0,0,14,0,14,0,5,22,2,29,0,0,0,29
01/26/2020,ABY,GA,ASO,ES,Federal Contract Tower,0,17,10,0,27,0,0,17,0,17,0,17,27,0,44,0,0,0,44
01/27/2020,ABY,GA,ASO,ES,Federal Contract Tower,0,8,11,2,21,0,0,2,0,2,0,8,13,2,23,30,0,30,53
01/28/2020,ABY,GA,ASO,ES,Federal Contract Tower,0,11,10,4,25,0,0,18,2,20,0,11,28,6,45,8,8,16,61
01/29/2020,ABY,GA,ASO,ES,Federal Contract Tower,0,14,10,2,26,0,0,0,0,0,0,14,10,2,26,0,0,0,26
01/30/2020,ABY,GA,ASO,ES,Federal Contract Tower,0,17,8,2,27,0,0,11,0,11,0,17,19,2,38,0,0,0,38
01/31/2020,ABY,GA,ASO,ES,Federal Contract Tower,0,8,17,2,27,0,0,0,0,0,0,8,17,2,27,0,0,0,27
02/01/2020,ABY,GA,ASO,ES,Federal Contract Tower,0,5,12,0,17,0,0,1,0,1,0,5,13,0,18,0,0,0,18
02/02/2020,ABY,GA,ASO,ES,Federal Contract Tower,0,7,10,0,17,0,0,22,0,22,0,7,32,0,39,2,0,2,41
02/03/2020,ABY,GA,ASO,ES,Federal Contract Tower,0,6,6,2,14,0,0,32,0,32,0,6,38,2,46,6,6,12,58
02/04/2020,ABY,GA,ASO,ES,Federal Contract Tower,0,7,15,8,30,0,0,7,2,9,0,7,22,10,39,0,14,14,53
02/05/2020,ABY,GA,ASO,ES,Federal Contract Tower,0,8,15,0,23,0,0,2,0,2,0,8,17,0,25,0,0,0,25
02/06/2020,ABY,GA,ASO,ES,Federal Contract Tower,2,6,2,0,10,0,0,0,0,0,2,6,2,0,10,0,0,0,10
02/07/2020,ABY,GA,ASO,ES,Federal Contract Tower,0,11,19,8,38,0,0,12,13,25,0,11,31,21,63,0,12,12,75
02/08/2020,ABY,GA,ASO,ES,Federal Contract Tower,0,6,11,2,19,0,0,12,0,12,0,6,23,2,31,0,4,4,35
02/09/2020,ABY,GA,ASO,ES,Federal Contract Tower,0,9,18,0,27,0,1,22,12,35,0,10,40,12,62,6,0,6,68
02/10/2020,ABY,GA,ASO,ES,Federal Contract Tower,0,9,15,4,28,0,0,6,0,6,0,9,21,4,34,2,12,14,48
02/11/2020,ABY,GA,ASO,ES,Federal Contract Tower,0,12,13,6,31,0,0,1,0,1,0,12,14,6,32,0,2,2,34
02/12/2020,ABY,GA,ASO,ES,Federal Contract Tower,2,5,8,6,21,0,0,0,0,0,2,5,8,6,21,0,18,18,39
02/13/2020,ABY,GA,ASO,ES,Federal Contract Tower,0,5,12,2,19,0,0,0,0,0,0,5,12,2,19,0,0,0,19
02/14/2020,ABY,GA,ASO,ES,Federal Contract Tower,0,6,11,4,21,0,0,11,0,11,0,6,22,4,32,4,0,4,36
02/15/2020,ABY,GA,ASO,ES,Federal Contract Tower,0,4,10,0,14,0,1,27,0,28,0,5,37,0,42,6,0,6,48
02/16/2020,ABY,GA,ASO,ES,Federal Contract Tower,0,9,9,0,18,0,0,0,0,0,0,9,9,0,18,0,0,0,18
02/17/2020,ABY,GA,ASO,ES,Federal Contract Tower,0,6,17,0,23,0,0,4,0,4,0,6,21,0,27,0,0,0,27
02/18/2020,ABY,GA,ASO,ES,Federal Contract Tower,1,7,7,2,17,0,0,2,0,2,1,7,9,2,19,8,0,8,27
02/19/2020,ABY,GA,ASO,ES,Federal Contract Tower,0,8,9,4,21,0,0,0,0,0,0,8,9,4,21,0,0,0,21
02/20/2020,ABY,GA,ASO,ES,Federal Contract Tower,0,7,17,0,24,0,0,0,0,0,0,7,17,0,24,0,0,0,24
02/21/2020,ABY,GA,ASO,ES,Federal Contract Tower,0,6,12,2,20,0,0,10,2,12,0,6,22,4,32,2,16,18,50
02/22/2020,ABY,GA,ASO,ES,Federal Contract Tower,0,5,12,0,17,0,0,30,0,30,0,5,42,0,47,42,0,42,89
02/23/2020,ABY,GA,ASO,ES,Federal Contract Tower,0,5,9,0,14,0,0,27,0,27,0,5,36,0,41,0,0,0,41
02/24/2020,ABY,GA,ASO,ES,Federal Contract Tower,0,10,15,5,30,0,0,7,0,7,0,10,22,5,37,0,12,12,49
02/25/2020,ABY,GA,ASO,ES,Federal Contract Tower,0,9,13,2,24,0,0,0,0,0,0,9,13,2,24,10,0,10,34
02/26/2020,ABY,GA,ASO,ES,Federal Contract Tower,0,8,15,1,24,0,0,2,0,2,0,8,17,1,26,2,0,2,28
02/27/2020,ABY,GA,ASO,ES,Federal Contract Tower,0,12,28,0,40,0,0,33,0,33,0,12,61,0,73,26,0,26,99
02/28/2020,ABY,GA,ASO,ES,Federal Contract Tower,0,7,16,8,31,0,0,31,0,31,0,7,47,8,62,12,22,34,96
02/29/2020,ABY,GA,ASO,ES,Federal Contract Tower,0,6,9,0,15,0,1,24,0,25,0,7,33,0,40,6,0,6,46
03/01/2020,ABY,GA,ASO,ES,Federal Contract Tower,0,5,23,0,28,0,0,24,0,24,0,5,47,0,52,0,0,0,52
03/02/2020,ABY,GA,ASO,ES,Federal Contract Tower,0,4,17,0,21,0,0,11,0,11,0,4,28,0,32,6,0,6,38
03/03/2020,ABY,GA,ASO,ES,Federal Contract Tower,0,4,8,4,16,0,0,13,2,15,0,4,21,6,31,10,8,18,49
03/04/2020,ABY,GA,ASO,ES,Federal Contract Tower,0,5,6,0,11,0,0,0,0,0,0,5,6,0,11,0,0,0,11
03/05/2020,ABY,GA,ASO,ES,Federal Contract Tower,0,10,1,2,13,0,0,0,0,0,0,10,1,2,13,0,0,0,13
03/06/2020,ABY,GA,ASO,ES,Federal Contract Tower,0,8,21,2,31,0,1,12,2,15,0,9,33,4,46,4,0,4,50
03/07/2020,ABY,GA,ASO,ES,Federal Contract Tower,0,2,6,0,8,0,0,15,0,15,0,2,21,0,23,2,0,2,25
03/08/2020,ABY,GA,ASO,ES,Federal Contract Tower,0,6,10,0,16,0,0,11,0,11,0,6,21,0,27,0,0,0,27
03/09/2020,ABY,GA,ASO,ES,Federal Contract Tower,0,8,6,3,17,0,1,18,1,20,0,9,24,4,37,8,26,34,71
03/10/2020,ABY,GA,ASO,ES,Federal Contract Tower,0,10,11,0,21,0,0,8,3,11,0,10,19,3,32,14,0,14,46
03/11/2020,ABY,GA,ASO,ES,Federal Contract Tower,0,13,5,0,18,0,0,4,0,4,0,13,9,0,22,0,0,0,22
03/12/2020,ABY,GA,ASO,ES,Federal Contract Tower,0,9,8,4,21,0,0,7,0,7,0,9,15,4,28,2,2,4,32
03/13/2020,ABY,GA,ASO,ES,Federal Contract Tower,0,10,7,9,26,0,1,14,5,20,0,11,21,14,46,0,0,0,46
03/14/2020,ABY,GA,ASO,ES,Federal Contract Tower,0,8,4,0,12,0,0,10,2,12,0,8,14,2,24,12,0,12,36
03/15/2020,ABY,GA,ASO,ES,Federal Contract Tower,0,5,3,8,16,0,1,15,4,20,0,6,18,12,36,4,0,4,40
03/16/2020,ABY,GA,ASO,ES,Federal Contract Tower,0,11,2,4,17,0,0,1,1,2,0,11,3,5,19,0,0,0,19
03/17/2020,ABY,GA,ASO,ES,Federal Contract Tower,0,8,6,2,16,0,0,3,1,4,0,8,9,3,20,0,0,0,20
03/18/2020,ABY,GA,ASO,ES,Federal Contract Tower,0,5,1,1,7,0,0,7,1,8,0,5,8,2,15,8,2,10,25
03/19/2020,ABY,GA,ASO,ES,Federal Contract Tower,0,5,4,5,14,0,0,9,0,9,0,5,13,5,23,12,0,12,35
03/20/2020,ABY,GA,ASO,ES,Federal Contract Tower,0,1,5,0,6,0,0,22,0,22,0,1,27,0,28,20,0,20,48
03/21/2020,ABY,GA,ASO,ES,Federal Contract Tower,0,4,8,0,12,0,0,6,0,6,0,4,14,0,18,2,0,2,20
03/22/2020,ABY,GA,ASO,ES,Federal Contract Tower,0,3,1,0,4,0,0,6,0,6,0,3,7,0,10,0,0,0,10
03/23/2020,ABY,GA,ASO,ES,Federal Contract Tower,0,4,1,4,9,0,0,3,0,3,0,4,4,4,12,0,12,12,24
03/24/2020,ABY,GA,ASO,ES,Federal Contract Tower,0,2,5,5,12,0,0,9,3,12,0,2,14,8,24,0,38,38,62
03/25/2020,ABY,GA,ASO,ES,Federal Contract Tower,0,2,5,2,9,0,0,0,0,0,0,2,5,2,9,0,0,0,9
03/26/2020,ABY,GA,ASO,ES,Federal Contract Tower,1,3,6,4,14,0,0,11,2,13,1,3,17,6,27,2,0,2,29
03/27/2020,ABY,GA,ASO,ES,Federal Contract Tower,0,2,9,13,24,0,2,6,0,8,0,4,15,13,32,0,20,20,52
03/28/2020,ABY,GA,ASO,ES,Federal Contract Tower,1,3,3,1,8,0,1,6,0,7,1,4,9,1,15,0,0,0,15
03/29/2020,ABY,GA,ASO,ES,Federal Contract Tower,0,2,2,1,5,0,3,3,1,7,0,5,5,2,12,12,4,16,28
03/30/2020,ABY,GA,ASO,ES,Federal Contract Tower,1,4,3,4,12,0,0,10,2,12,1,4,13,6,24,4,8,12,36
03/31/2020,ABY,GA,ASO,ES,Federal Contract Tower,0,4,0,0,4,0,1,2,2,5,0,5,2,2,9,0,16,16,25
04/01/2020,ABY,GA,ASO,ES,Federal Contract Tower,0,2,6,4,12,0,0,10,0,10,0,2,16,4,22,4,0,4,26
04/02/2020,ABY,GA,ASO,ES,Federal Contract Tower,0,4,2,4,10,0,0,13,4,17,0,4,15,8,27,2,12,14,41
04/03/2020,ABY,GA,ASO,ES,Federal Contract Tower,0,3,0,1,4,0,0,4,2,6,0,3,4,3,10,2,16,18,28
04/04/2020,ABY,GA,ASO,ES,Federal Contract Tower,0,4,0,0,4,0,0,6,0,6,0,4,6,0,10,16,0,16,26
04/05/2020,ABY,GA,ASO,ES,Federal Contract Tower,0,4,0,0,4,0,0,2,0,2,0,4,2,0,6,0,0,0,6
04/06/2020,ABY,GA,ASO,ES,Federal Contract Tower,0,2,1,0,3,0,0,6,0,6,0,2,7,0,9,2,0,2,11
04/07/2020,ABY,GA,ASO,ES,Federal Contract Tower,0,3,0,0,3,0,0,5,0,5,0,3,5,0,8,0,0,0,8
04/08/2020,ABY,GA,ASO,ES,Federal Contract Tower,1,5,0,0,6,0,0,1,0,1,1,5,1,0,7,0,0,0,7
04/09/2020,ABY,GA,ASO,ES,Federal Contract Tower,0,3,0,6,9,0,0,2,3,5,0,3,2,9,14,0,24,24,38
04/10/2020,ABY,GA,ASO,ES,Federal Contract Tower,0,4,2,0,6,0,0,2,2,4,0,4,4,2,10,0,0,0,10
04/11/2020,ABY,GA,ASO,ES,Federal Contract Tower,0,3,0,0,3,0,0,25,0,25,0,3,25,0,28,18,0,18,46
04/12/2020,ABY,GA,ASO,ES,Federal Contract Tower,0,3,0,0,3,0,0,0,0,0,0,3,0,0,3,0,0,0,3
04/13/2020,ABY,GA,ASO,ES,Federal Contract Tower,0,4,0,4,8,0,4,8,2,14,0,8,8,6,22,0,18,18,40
04/14/2020,ABY,GA,ASO,ES,Federal Contract Tower,0,4,2,0,6,0,0,4,4,8,0,4,6,4,14,0,36,36,50
04/15/2020,ABY,GA,ASO,ES,Federal Contract Tower,0,2,6,0,8,0,0,13,2,15,0,2,19,2,23,0,0,0,23
04/16/2020,ABY,GA,ASO,ES,Federal Contract Tower,0,2,1,3,6,0,0,7,0,7,0,2,8,3,13,2,54,56,69
04/17/2020,ABY,GA,ASO,ES,Federal Contract Tower,0,2,4,1,7,0,0,21,2,23,0,2,25,3,30,10,0,10,40
04/18/2020,ABY,GA,ASO,ES,Federal Contract Tower,0,2,0,0,2,0,0,0,0,0,0,2,0,0,2,8,0,8,10
04/19/2020,ABY,GA,ASO,ES,Federal Contract Tower,0,3,0,0,3,0,0,0,0,0,0,3,0,0,3,0,0,0,3
04/20/2020,ABY,GA,ASO,ES,Federal Contract Tower,0,3,9,4,16,0,0,3,0,3,0,3,12,4,19,0,0,0,19
04/21/2020,ABY,GA,ASO,ES,Federal Contract Tower,0,2,1,10,13,0,0,18,2,20,0,2,19,12,33,0,2,2,35
04/22/2020,ABY,GA,ASO,ES,Federal Contract Tower,0,3,2,6,11,0,0,5,0,5,0,3,7,6,16,0,16,16,32
04/23/2020,ABY,GA,ASO,ES,Federal Contract Tower,0,1,2,0,3,0,0,0,0,0,0,1,2,0,3,0,0,0,3
04/24/2020,ABY,GA,ASO,ES,Federal Contract Tower,0,4,3,6,13,0,0,6,0,6,0,4,9,6,19,0,0,0,19
04/25/2020,ABY,GA,ASO,ES,Federal Contract Tower,0,3,0,0,3,0,0,5,2,7,0,3,5,2,10,14,0,14,24
04/26/2020,ABY,GA,ASO,ES,Federal Contract Tower,0,2,0,0,2,0,0,5,0,5,0,2,5,0,7,0,0,0,7
04/27/2020,ABY,GA,ASO,ES,Federal Contract Tower,0,2,3,13,18,0,0,12,2,14,0,2,15,15,32,0,10,10,42
04/28/2020,ABY,GA,ASO,ES,Federal Contract Tower,0,4,5,0,9,0,0,16,2,18,0,4,21,2,27,14,8,22,49
04/29/2020,ABY,GA,ASO,ES,Federal Contract Tower,0,3,4,0,7,0,0,0,0,0,0,3,4,0,7,0,0,0,7
04/30/2020,ABY,GA,ASO,ES,Federal Contract Tower,0,2,5,4,11,0,0,12,2,14,0,2,17,6,25,6,4,10,35
05/01/2020,ABY,GA,ASO,ES,Federal Contract Tower,0,2,3,0,5,0,0,15,0,15,0,2,18,0,20,0,0,0,20
05/02/2020,ABY,GA,ASO,ES,Federal Contract Tower,0,0,4,5,9,0,0,11,0,11,0,0,15,5,20,8,0,8,28
05/03/2020,ABY,GA,ASO,ES,Federal Contract Tower,0,0,5,0,5,0,0,13,0,13,0,0,18,0,18,16,0,16,34
05/05/2020,ABY,GA,ASO,ES,Federal Contract Tower,0,0,6,9,15,0,0,6,0,6,0,0,12,9,21,0,26,26,47
05/06/2020,ABY,GA,ASO,ES,Federal Contract Tower,0,1,12,8,21,0,0,8,2,10,0,1,20,10,31,0,10,10,41
05/07/2020,ABY,GA,ASO,ES,Federal Contract Tower,3,1,6,1,11,0,0,8,0,8,3,1,14,1,19,2,0,2,21
05/08/2020,ABY,GA,ASO,ES,Federal Contract Tower,0,2,8,0,10,0,0,1,1,2,0,2,9,1,12,2,34,36,48
05/09/2020,ABY,GA,ASO,ES,Federal Contract Tower,0,3,5,0,8,0,1,13,3,17,0,4,18,3,25,0,0,0,25
05/10/2020,ABY,GA,ASO,ES,Federal Contract Tower,0,2,0,0,2,0,1,23,0,24,0,3,23,0,26,4,0,4,30
05/11/2020,ABY,GA,ASO,ES,Federal Contract Tower,0,1,2,0,3,0,0,11,0,11,0,1,13,0,14,16,0,16,30
05/12/2020,ABY,GA,ASO,ES,Federal Contract Tower,0,1,2,0,3,0,0,19,0,19,0,1,21,0,22,28,0,28,50
05/13/2020,ABY,GA,ASO,ES,Federal Contract Tower,0,1,4,6,11,0,0,17,0,17,0,1,21,6,28,34,10,44,72
05/14/2020,ABY,GA,ASO,ES,Federal Contract Tower,0,1,12,2,15,0,0,11,0,11,0,1,23,2,26,30,0,30,56
05/15/2020,ABY,GA,ASO,ES,Federal Contract Tower,0,0,7,0,7,0,0,12,6,18,0,0,19,6,25,12,0,12,37
05/16/2020,ABY,GA,ASO,ES,Federal Contract Tower,0,1,2,0,3,0,0,14,0,14,0,1,16,0,17,4,0,4,21
05/17/2020,ABY,GA,ASO,ES,Federal Contract Tower,0,3,9,0,12,0,0,6,0,6,0,3,15,0,18,0,0,0,18
05/18/2020,ABY,GA,ASO,ES,Federal Contract Tower,0,1,1,3,5,0,0,3,1,4,0,1,4,4,9,0,0,0,9
05/19/2020,ABY,GA,ASO,ES,Federal Contract Tower,0,0,3,2,5,0,0,14,0,14,0,0,17,2,19,4,0,4,23
05/20/2020,ABY,GA,ASO,ES,Federal Contract Tower,0,3,6,4,13,0,0,3,0,3,0,3,9,4,16,0,0,0,16
05/21/2020,ABY,GA,ASO,ES,Federal Contract Tower,0,3,3,2,8,0,0,2,0,2,0,3,5,2,10,0,0,0,10
05/22/2020,ABY,GA,ASO,ES,Federal Contract Tower,0,3,2,4,9,0,0,11,0,11,0,3,13,4,20,2,0,2,22
05/23/2020,ABY,GA,ASO,ES,Federal Contract Tower,0,1,6,0,7,0,0,22,0,22,0,1,28,0,29,4,0,4,33
05/24/2020,ABY,GA,ASO,ES,Federal Contract Tower,0,2,0,0,2,0,0,9,0,9,0,2,9,0,11,8,0,8,19
05/25/2020,ABY,GA,ASO,ES,Federal Contract Tower,0,1,2,0,3,0,0,5,0,5,0,1,7,0,8,0,0,0,8
05/26/2020,ABY,GA,ASO,ES,Federal Contract Tower,0,1,9,2,12,0,0,1,0,1,0,1,10,2,13,2,10,12,25
05/27/2020,ABY,GA,ASO,ES,Federal Contract Tower,0,1,4,2,7,0,0,0,0,0,0,1,4,2,7,0,0,0,7
05/28/2020,ABY,GA,ASO,ES,Federal Contract Tower,0,2,3,8,13,0,0,4,6,10,0,2,7,14,23,6,4,10,33
05/29/2020,ABY,GA,ASO,ES,Federal Contract Tower,0,1,5,2,8,0,0,10,0,10,0,1,15,2,18,4,0,4,22
05/30/2020,ABY,GA,ASO,ES,Federal Contract Tower,0,1,5,8,14,0,0,16,0,16,0,1,21,8,30,4,0,4,34
05/31/2020,ABY,GA,ASO,ES,Federal Contract Tower,0,0,4,0,4,0,0,14,0,14,0,0,18,0,18,6,0,6,24
06/01/2020,ABY,GA,ASO,ES,Federal Contract Tower,0,1,3,2,6,0,0,1,0,1,0,1,4,2,7,0,0,0,7
06/02/2020,ABY,GA,ASO,ES,Federal Contract Tower,0,2,5,4,11,0,0,14,0,14,0,2,19,4,25,2,0,2,27
06/03/2020,ABY,GA,ASO,ES,Federal Contract Tower,0,5,8,4,17,0,0,12,2,14,0,5,20,6,31,2,16,18,49
06/04/2020,ABY,GA,ASO,ES,Federal Contract Tower,0,2,2,10,14,0,0,9,0,9,0,2,11,10,23,0,25,25,48
06/05/2020,ABY,GA,ASO,ES,Federal Contract Tower,0,2,5,10,17,0,1,9,0,10,0,3,14,10,27,0,6,6,33
06/06/2020,ABY,GA,ASO,ES,Federal Contract Tower,0,4,7,0,11,0,0,5,0,5,0,4,12,0,16,8,0,8,24
06/07/2020,ABY,GA,ASO,ES,Federal Contract Tower,0,8,15,0,23,0,0,0,0,0,0,8,15,0,23,0,0,0,23
06/08/2020,ABY,GA,ASO,ES,Federal Contract Tower,0,2,7,6,15,0,0,10,0,10,0,2,17,6,25,10,0,10,35
06/09/2020,ABY,GA,ASO,ES,Federal Contract Tower,0,4,4,2,10,0,0,0,0,0,0,4,4,2,10,0,0,0,10
06/10/2020,ABY,GA,ASO,ES,Federal Contract Tower,0,2,5,0,7,0,0,0,0,0,0,2,5,0,7,0,0,0,7
06/11/2020,ABY,GA,ASO,ES,Federal Contract Tower,0,2,2,6,10,0,0,15,0,15,0,2,17,6,25,0,0,0,25
06/12/2020,ABY,GA,ASO,ES,Federal Contract Tower,0,2,3,4,9,0,0,7,2,9,0,2,10,6,18,0,14,14,32
06/13/2020,ABY,GA,ASO,ES,Federal Contract Tower,0,4,14,0,18,0,0,12,0,12,0,4,26,0,30,0,0,0,30
06/14/2020,ABY,GA,ASO,ES,Federal Contract Tower,0,4,2,0,6,0,0,13,0,13,0,4,15,0,19,0,0,0,19
06/15/2020,ABY,GA,ASO,ES,Federal Contract Tower,0,2,8,4,14,0,0,12,0,12,0,2,20,4,26,0,0,0,26
06/16/2020,ABY,GA,ASO,ES,Federal Contract Tower,0,2,4,6,12,0,0,5,0,5,0,2,9,6,17,0,16,16,33
06/17/2020,ABY,GA,ASO,ES,Federal Contract Tower,0,3,8,0,11,0,1,19,6,26,0,4,27,6,37,2,18,20,57
06/18/2020,ABY,GA,ASO,ES,Federal Contract Tower,0,2,7,2,11,0,0,16,1,17,0,2,23,3,28,8,32,40,68
06/19/2020,ABY,GA,ASO,ES,Federal Contract Tower,0,4,7,1,12,0,0,29,3,32,0,4,36,4,44,2,4,6,50
06/20/2020,ABY,GA,ASO,ES,Federal Contract Tower,0,2,0,0,2,0,0,13,0,13,0,2,13,0,15,16,0,16,31
06/21/2020,ABY,GA,ASO,ES,Federal Contract Tower,0,3,3,0,6,0,1,6,0,7,0,4,9,0,13,0,0,0,13
06/22/2020,ABY,GA,ASO,ES,Federal Contract Tower,0,2,5,2,9,0,0,17,0,17,0,2,22,2,26,10,0,10,36
06/23/2020,ABY,GA,ASO,ES,Federal Contract Tower,0,2,4,0,6,0,0,6,0,6,0,2,10,0,12,2,0,2,14
06/24/2020,ABY,GA,ASO,ES,Federal Contract Tower,0,2,8,0,10,0,0,22,0,22,0,2,30,0,32,46,0,46,78
06/25/2020,ABY,GA,ASO,ES,Federal Contract Tower,0,2,9,2,13,0,0,10,0,10,0,2,19,2,23,16,14,30,53
06/26/2020,ABY,GA,ASO,ES,Federal Contract Tower,0,2,10,0,12,0,0,13,0,13,0,2,23,0,25,12,0,12,37
06/27/2020,ABY,GA,ASO,ES,Federal Contract Tower,0,2,8,0,10,0,0,18,0,18,0,2,26,0,28,14,0,14,42
06/28/2020,ABY,GA,ASO,ES,Federal Contract Tower,0,2,5,0,7,0,0,10,0,10,0,2,15,0,17,18,0,18,35
06/29/2020,ABY,GA,ASO,ES,Federal Contract Tower,0,3,7,4,14,0,0,16,0,16,0,3,23,4,30,10,14,24,54
06/30/2020,ABY,GA,ASO,ES,Federal Contract Tower,0,2,5,0,7,0,0,3,0,3,0,2,8,0,10,0,0,0,10
07/01/2020,ABY,GA,ASO,ES,Federal Contract Tower,0,2,8,8,18,0,0,6,0,6,0,2,14,8,24,2,0,2,26
07/02/2020,ABY,GA,ASO,ES,Federal Contract Tower,0,2,10,0,12,0,1,10,0,11,0,3,20,0,23,18,10,28,51
07/03/2020,ABY,GA,ASO,ES,Federal Contract Tower,0,2,5,0,7,0,0,17,0,17,0,2,22,0,24,0,0,0,24
07/04/2020,ABY,GA,ASO,ES,Federal Contract Tower,0,2,4,0,6,0,0,6,0,6,0,2,10,0,12,0,0,0,12
07/05/2020,ABY,GA,ASO,ES,Federal Contract Tower,0,2,1,0,3,0,0,1,0,1,0,2,2,0,4,0,0,0,4
07/06/2020,ABY,GA,ASO,ES,Federal Contract Tower,0,2,12,0,14,0,0,1,0,1,0,2,13,0,15,0,0,0,15
07/07/2020,ABY,GA,ASO,ES,Federal Contract Tower,0,2,3,4,9,0,0,3,0,3,0,2,6,4,12,0,0,0,12
07/08/2020,ABY,GA,ASO,ES,Federal Contract Tower,0,2,7,0,9,0,0,2,0,2,0,2,9,0,11,0,0,0,11
07/09/2020,ABY,GA,ASO,ES,Federal Contract Tower,0,4,13,0,17,0,0,22,0,22,0,4,35,0,39,20,0,20,59
07/10/2020,ABY,GA,ASO,ES,Federal Contract Tower,0,2,5,0,7,0,0,26,0,26,0,2,31,0,33,4,0,4,37
07/11/2020,ABY,GA,ASO,ES,Federal Contract Tower,0,2,9,0,11,0,1,25,2,28,0,3,34,2,39,18,0,18,57
07/12/2020,ABY,GA,ASO,ES,Federal Contract Tower,0,6,4,0,10,0,0,24,0,24,0,6,28,0,34,6,0,6,40
07/13/2020,ABY,GA,ASO,ES,Federal Contract Tower,0,2,8,9,19,0,0,19,0,19,0,2,27,9,38,12,10,22,60
07/14/2020,ABY,GA,ASO,ES,Federal Contract Tower,0,2,2,2,6,0,0,7,0,7,0,2,9,2,13,0,2,2,15
07/15/2020,ABY,GA,ASO,ES,Federal Contract Tower,0,3,0,0,3,0,0,3,0,3,0,3,3,0,6,0,0,0,6
07/16/2020,ABY,GA,ASO,ES,Federal Contract Tower,0,2,9,4,15,0,0,13,0,13,0,2,22,4,28,4,0,4,32
07/17/2020,ABY,GA,ASO,ES,Federal Contract Tower,0,4,11,4,19,0,0,15,0,15,0,4,26,4,34,0,18,18,52
07/18/2020,ABY,GA,ASO,ES,Federal Contract Tower,0,2,3,0,5,0,0,10,0,10,0,2,13,0,15,0,0,0,15
07/19/2020,ABY,GA,ASO,ES,Federal Contract Tower,0,4,3,0,7,0,2,15,0,17,0,6,18,0,24,4,0,4,28
07/20/2020,ABY,GA,ASO,ES,Federal Contract Tower,0,2,8,4,14,0,0,14,4,18,0,2,22,8,32,0,12,12,44
07/21/2020,ABY,GA,ASO,ES,Federal Contract Tower,0,2,4,2,8,0,0,9,0,9,0,2,13,2,17,2,0,2,19
07/22/2020,ABY,GA,ASO,ES,Federal Contract Tower,0,2,8,10,20,0,0,3,2,5,0,2,11,12,25,8,16,24,49
07/23/2020,ABY,GA,ASO,ES,Federal Contract Tower,0,2,5,10,17,0,0,6,1,7,0,2,11,11,24,0,14,14,38
07/24/2020,ABY,GA,ASO,ES,Federal Contract Tower,0,2,10,7,19,0,2,7,1,10,0,4,17,8,29,0,22,22,51
07/25/2020,ABY,GA,ASO,ES,Federal Contract Tower,0,3,3,6,12,0,0,10,0,10,0,3,13,6,22,0,0,0,22
07/26/2020,ABY,GA,ASO,ES,Federal Contract Tower,0,4,0,0,4,0,0,6,0,6,0,4,6,0,10,0,0,0,10
07/27/2020,ABY,GA,ASO,ES,Federal Contract Tower,0,3,3,0,6,0,0,13,0,13,0,3,16,0,19,0,0,0,19
07/28/2020,ABY,GA,ASO,ES,Federal Contract Tower,0,2,4,6,12,0,0,5,0,5,0,2,9,6,17,0,0,0,17
07/29/2020,ABY,GA,ASO,ES,Federal Contract Tower,0,2,13,8,23,0,0,2,2,4,0,2,15,10,27,0,20,20,47
07/30/2020,ABY,GA,ASO,ES,Federal Contract Tower,0,0,12,2,14,0,0,5,0,5,0,0,17,2,19,0,0,0,19
07/31/2020,ABY,GA,ASO,ES,Federal Contract Tower,0,4,4,8,16,0,0,11,0,11,0,4,15,8,27,6,0,6,33
08/01/2020,ABY,GA,ASO,ES,Federal Contract Tower,0,3,8,0,11,0,0,4,0,4,0,3,12,0,15,0,0,0,15
08/02/2020,ABY,GA,ASO,ES,Federal Contract Tower,0,3,6,0,9,0,0,3,0,3,0,3,9,0,12,8,0,8,20
08/03/2020,ABY,GA,ASO,ES,Federal Contract Tower,0,3,7,8,18,0,0,8,0,8,0,3,15,8,26,0,20,20,46
08/04/2020,ABY,GA,ASO,ES,Federal Contract Tower,5,4,10,2,21,0,0,1,1,2,5,4,11,3,23,0,8,8,31
08/05/2020,ABY,GA,ASO,ES,Federal Contract Tower,4,8,0,0,12,0,0,22,0,22,4,8,22,0,34,4,0,4,38
08/06/2020,ABY,GA,ASO,ES,Federal Contract Tower,0,5,5,5,15,0,0,7,2,9,0,5,12,7,24,0,16,16,40
08/07/2020,ABY,GA,ASO,ES,Federal Contract Tower,0,3,14,0,17,0,0,0,0,0,0,3,14,0,17,0,0,0,17
08/08/2020,ABY,GA,ASO,ES,Federal Contract Tower,0,4,5,0,9,0,0,18,0,18,0,4,23,0,27,4,0,4,31
08/09/2020,ABY,GA,ASO,ES,Federal Contract Tower,0,2,1,0,3,0,0,12,0,12,0,2,13,0,15,0,0,0,15
08/10/2020,ABY,GA,ASO,ES,Federal Contract Tower,0,3,10,8,21,0,0,8,0,8,0,3,18,8,29,6,24,30,59
08/11/2020,ABY,GA,ASO,ES,Federal Contract Tower,0,3,5,2,10,0,0,5,0,5,0,3,10,2,15,0,14,14,29
08/12/2020,ABY,GA,ASO,ES,Federal Contract Tower,0,6,5,3,14,0,1,6,0,7,0,7,11,3,21,2,16,18,39
08/13/2020,ABY,GA,ASO,ES,Federal Contract Tower,0,4,7,0,11,0,0,10,0,10,0,4,17,0,21,14,0,14,35
08/14/2020,ABY,GA,ASO,ES,Federal Contract Tower,0,3,10,6,19,0,0,4,0,4,0,3,14,6,23,0,2,2,25
08/15/2020,ABY,GA,ASO,ES,Federal Contract Tower,0,3,6,0,9,0,0,4,0,4,0,3,10,0,13,20,0,20,33
08/16/2020,ABY,GA,ASO,ES,Federal Contract Tower,0,3,7,0,10,0,0,15,2,17,0,3,22,2,27,2,0,2,29
08/17/2020,ABY,GA,ASO,ES,Federal Contract Tower,0,4,2,0,6,0,0,3,2,5,0,4,5,2,11,0,0,0,11
08/18/2020,ABY,GA,ASO,ES,Federal Contract Tower,0,3,5,2,10,0,0,2,0,2,0,3,7,2,12,2,0,2,14
08/19/2020,ABY,GA,ASO,ES,Federal Contract Tower,0,3,6,2,11,0,0,13,0,13,0,3,19,2,24,6,0,6,30
08/20/2020,ABY,GA,ASO,ES,Federal Contract Tower,0,3,3,0,6,0,0,9,0,9,0,3,12,0,15,0,0,0,15
08/21/2020,ABY,GA,ASO,ES,Federal Contract Tower,0,3,10,4,17,0,0,2,0,2,0,3,12,4,19,0,0,0,19
08/22/2020,ABY,GA,ASO,ES,Federal Contract Tower,0,3,3,0,6,0,0,4,0,4,0,3,7,0,10,2,0,2,12
08/23/2020,ABY,GA,ASO,ES,Federal Contract Tower,0,2,5,0,7,0,0,12,0,12,0,2,17,0,19,22,0,22,41
08/24/2020,ABY,GA,ASO,ES,Federal Contract Tower,0,3,8,10,21,0,0,3,0,3,0,3,11,10,24,0,6,6,30
08/25/2020,ABY,GA,ASO,ES,Federal Contract Tower,0,4,15,0,19,0,0,5,0,5,0,4,20,0,24,0,0,0,24
08/26/2020,ABY,GA,ASO,ES,Federal Contract Tower,0,5,6,2,13,0,0,16,0,16,0,5,22,2,29,40,0,40,69
08/27/2020,ABY,GA,ASO,ES,Federal Contract Tower,7,5,10,7,29,0,0,11,6,17,7,5,21,13,46,0,33,33,79
08/28/2020,ABY,GA,ASO,ES,Federal Contract Tower,7,7,6,14,34,0,0,9,0,9,7,7,15,14,43,0,0,0,43
08/29/2020,ABY,GA,ASO,ES,Federal Contract Tower,2,5,6,0,13,0,0,4,0,4,2,5,10,0,17,0,0,0,17
08/30/2020,ABY,GA,ASO,ES,Federal Contract Tower,0,2,9,0,11,0,0,1,0,1,0,2,10,0,12,0,0,0,12
08/31/2020,ABY,GA,ASO,ES,Federal Contract Tower,0,3,6,6,15,0,0,2,2,4,0,3,8,8,19,0,26,26,45
09/01/2020,ABY,GA,ASO,ES,Federal Contract Tower,0,4,3,2,9,0,0,4,0,4,0,4,7,2,13,2,0,2,15
09/02/2020,ABY,GA,ASO,ES,Federal Contract Tower,0,4,8,0,12,0,1,5,0,6,0,5,13,0,18,0,0,0,18
09/03/2020,ABY,GA,ASO,ES,Federal Contract Tower,0,3,6,0,9,0,0,16,4,20,0,3,22,4,29,8,10,18,47
09/04/2020,ABY,GA,ASO,ES,Federal Contract Tower,0,4,13,0,17,0,0,15,0,15,0,4,28,0,32,0,0,0,32
09/05/2020,ABY,GA,ASO,ES,Federal Contract Tower,0,5,2,0,7,0,0,16,0,16,0,5,18,0,23,6,0,6,29
09/06/2020,ABY,GA,ASO,ES,Federal Contract Tower,0,3,0,0,3,0,0,14,0,14,0,3,14,0,17,0,0,0,17
09/07/2020,ABY,GA,ASO,ES,Federal Contract Tower,0,3,8,0,11,0,1,18,0,19,0,4,26,0,30,16,0,16,46
09/08/2020,ABY,GA,ASO,ES,Federal Contract Tower,0,5,5,2,12,0,0,10,2,12,0,5,15,4,24,0,18,18,42
09/09/2020,ABY,GA,ASO,ES,Federal Contract Tower,0,3,2,0,5,0,0,12,0,12,0,3,14,0,17,0,14,14,31
09/10/2020,ABY,GA,ASO,ES,Federal Contract Tower,0,3,2,4,9,0,0,2,0,2,0,3,4,4,11,8,0,8,19
09/11/2020,ABY,GA,ASO,ES,Federal Contract Tower,0,7,12,0,19,0,0,0,0,0,0,7,12,0,19,14,0,14,33
09/12/2020,ABY,GA,ASO,ES,Federal Contract Tower,0,4,8,0,12,0,0,7,0,7,0,4,15,0,19,2,0,2,21
09/13/2020,ABY,GA,ASO,ES,Federal Contract Tower,0,7,10,0,17,0,0,3,0,3,0,7,13,0,20,2,0,2,22
09/14/2020,ABY,GA,ASO,ES,Federal Contract Tower,0,5,6,0,11,0,0,4,0,4,0,5,10,0,15,0,0,0,15
09/15/2020,ABY,GA,ASO,ES,Federal Contract Tower,0,3,5,0,8,0,0,1,0,1,0,3,6,0,9,0,0,0,9
09/16/2020,ABY,GA,ASO,ES,Federal Contract Tower,0,5,2,0,7,0,0,0,0,0,0,5,2,0,7,0,0,0,7
09/17/2020,ABY,GA,ASO,ES,Federal Contract Tower,0,3,2,0,5,0,0,0,0,0,0,3,2,0,5,0,0,0,5
09/18/2020,ABY,GA,ASO,ES,Federal Contract Tower,0,8,7,1,16,0,0,9,0,9,0,8,16,1,25,8,0,8,33
09/19/2020,ABY,GA,ASO,ES,Federal Contract Tower,0,3,5,0,8,0,0,11,0,11,0,3,16,0,19,0,0,0,19
09/20/2020,ABY,GA,ASO,ES,Federal Contract Tower,0,6,5,0,11,0,0,11,0,11,0,6,16,0,22,6,0,6,28
09/21/2020,ABY,GA,ASO,ES,Federal Contract Tower,0,4,4,4,12,0,2,16,0,18,0,6,20,4,30,6,38,44,74
09/22/2020,ABY,GA,ASO,ES,Federal Contract Tower,0,7,10,5,22,0,0,16,0,16,0,7,26,5,38,8,0,8,46
09/23/2020,ABY,GA,ASO,ES,Federal Contract Tower,0,11,9,3,23,0,0,11,4,15,0,11,20,7,38,6,52,58,96
09/24/2020,ABY,GA,ASO,ES,Federal Contract Tower,0,3,9,4,16,0,0,8,0,8,0,3,17,4,24,0,0,0,24
09/25/2020,ABY,GA,ASO,ES,Federal Contract Tower,0,3,6,2,11,0,0,4,0,4,0,3,10,2,15,2,0,2,17
09/26/2020,ABY,GA,ASO,ES,Federal Contract Tower,0,3,9,0,12,0,0,12,0,12,0,3,21,0,24,0,0,0,24
09/27/2020,ABY,GA,ASO,ES,Federal Contract Tower,0,2,8,0,10,0,0,0,0,0,0,2,8,0,10,34,0,34,44
09/28/2020,ABY,GA,ASO,ES,Federal Contract Tower,0,3,12,4,19,0,0,9,0,9,0,3,21,4,28,0,0,0,28
09/29/2020,ABY,GA,ASO,ES,Federal Contract Tower,0,3,7,2,12,0,0,2,0,2,0,3,9,2,14,0,0,0,14
09/30/2020,ABY,GA,ASO,ES,Federal Contract Tower,1,3,7,5,16,0,1,12,0,13,1,4,19,5,29,0,0,0,29
10/01/2020,ABY,GA,ASO,ES,Federal Contract Tower,1,4,13,6,24,0,0,15,1,16,1,4,28,7,40,20,12,32,72
10/02/2020,ABY,GA,ASO,ES,Federal Contract Tower,0,6,4,2,12,0,0,14,2,16,0,6,18,4,28,22,6,28,56
10/03/2020,ABY,GA,ASO,ES,Federal Contract Tower,0,6,4,0,10,0,0,12,0,12,0,6,16,0,22,18,0,18,40
10/04/2020,ABY,GA,ASO,ES,Federal Contract Tower,0,5,14,0,19,0,0,10,3,13,0,5,24,3,32,0,0,0,32
10/05/2020,ABY,GA,ASO,ES,Federal Contract Tower,0,6,5,0,11,0,0,12,2,14,0,6,17,2,25,16,46,62,87
10/06/2020,ABY,GA,ASO,ES,Federal Contract Tower,0,4,10,11,25,0,0,4,0,4,0,4,14,11,29,10,20,30,59
10/07/2020,ABY,GA,ASO,ES,Federal Contract Tower,0,7,6,3,16,0,0,9,0,9,0,7,15,3,25,12,0,12,37
10/08/2020,ABY,GA,ASO,ES,Federal Contract Tower,0,6,9,15,30,0,0,13,0,13,0,6,22,15,43,28,0,28,71
10/09/2020,ABY,GA,ASO,ES,Federal Contract Tower,0,5,8,2,15,0,0,2,0,2,0,5,10,2,17,0,8,8,25
10/10/2020,ABY,GA,ASO,ES,Federal Contract Tower,0,6,3,0,9,0,0,3,0,3,0,6,6,0,12,0,0,0,12
10/11/2020,ABY,GA,ASO,ES,Federal Contract Tower,0,4,7,0,11,0,0,3,0,3,0,4,10,0,14,4,0,4,18
10/12/2020,ABY,GA,ASO,ES,Federal Contract Tower,0,4,10,0,14,0,0,10,0,10,0,4,20,0,24,10,0,10,34
10/13/2020,ABY,GA,ASO,ES,Federal Contract Tower,0,4,12,2,18,0,0,14,1,15,0,4,26,3,33,0,2,2,35
10/14/2020,ABY,GA,ASO,ES,Federal Contract Tower,0,6,13,5,24,0,0,9,11,20,0,6,22,16,44,2,1,3,47
10/15/2020,ABY,GA,ASO,ES,Federal Contract Tower,0,12,9,2,23,0,0,10,0,10,0,12,19,2,33,12,2,14,47
10/16/2020,ABY,GA,ASO,ES,Federal Contract Tower,0,5,4,2,11,0,0,16,0,16,0,5,20,2,27,12,6,18,45
10/17/2020,ABY,GA,ASO,ES,Federal Contract Tower,0,5,6,0,11,0,0,16,0,16,0,5,22,0,27,8,0,8,35
10/18/2020,ABY,GA,ASO,ES,Federal Contract Tower,0,6,9,0,15,0,0,2,2,4,0,6,11,2,19,0,0,0,19
10/19/2020,ABY,GA,ASO,ES,Federal Contract Tower,0,4,5,0,9,0,0,14,2,16,0,4,19,2,25,4,0,4,29
10/20/2020,ABY,GA,ASO,ES,Federal Contract Tower,0,5,6,8,19,0,0,9,1,10,0,5,15,9,29,0,14,14,43
10/21/2020,ABY,GA,ASO,ES,Federal Contract Tower,0,4,14,6,24,0,0,6,0,6,0,4,20,6,30,0,2,2,32
10/22/2020,ABY,GA,ASO,ES,Federal Contract Tower,0,6,10,6,22,0,0,9,0,9,0,6,19,6,31,0,4,4,35
10/23/2020,ABY,GA,ASO,ES,Federal Contract Tower,0,6,8,3,17,0,1,7,0,8,0,7,15,3,25,0,8,8,33
10/24/2020,ABY,GA,ASO,ES,Federal Contract Tower,0,3,6,0,9,0,0,4,0,4,0,3,10,0,13,0,0,0,13
10/25/2020,ABY,GA,ASO,ES,Federal Contract Tower,0,9,11,0,20,0,0,8,0,8,0,9,19,0,28,12,0,12,40
10/26/2020,ABY,GA,ASO,ES,Federal Contract Tower,0,3,16,2,21,0,2,17,0,19,0,5,33,2,40,6,0,6,46
10/27/2020,ABY,GA,ASO,ES,Federal Contract Tower,0,6,10,2,18,0,0,5,0,5,0,6,15,2,23,2,0,2,25
10/28/2020,ABY,GA,ASO,ES,Federal Contract Tower,1,7,9,4,21,0,0,0,0,0,1,7,9,4,21,14,0,14,35
10/29/2020,ABY,GA,ASO,ES,Federal Contract Tower,0,3,2,0,5,0,0,2,3,5,0,3,4,3,10,14,6,20,30
10/30/2020,ABY,GA,ASO,ES,Federal Contract Tower,0,4,12,0,16,0,0,23,0,23,0,4,35,0,39,0,0,0,39
10/31/2020,ABY,GA,ASO,ES,Federal Contract Tower,0,4,6,0,10,0,0,7,0,7,0,4,13,0,17,0,0,0,17
11/01/2020,ABY,GA,ASO,ES,Federal Contract Tower,0,3,7,0,10,0,0,15,0,15,0,3,22,0,25,0,0,0,25
11/02/2020,ABY,GA,ASO,ES,Federal Contract Tower,0,5,14,0,19,0,0,18,0,18,0,5,32,0,37,2,8,10,47
11/03/2020,ABY,GA,ASO,ES,Federal Contract Tower,0,9,9,5,23,0,0,20,0,20,0,9,29,5,43,20,26,46,89
11/04/2020,ABY,GA,ASO,ES,Federal Contract Tower,0,3,18,4,25,0,0,22,4,26,0,3,40,8,51,2,60,62,113
11/05/2020,ABY,GA,ASO,ES,Federal Contract Tower,0,3,11,4,18,0,0,7,0,7,0,3,18,4,25,0,18,18,43
11/06/2020,ABY,GA,ASO,ES,Federal Contract Tower,0,4,11,3,18,0,0,16,2,18,0,4,27,5,36,18,14,32,68
11/07/2020,ABY,GA,ASO,ES,Federal Contract Tower,0,5,3,2,10,0,0,4,0,4,0,5,7,2,14,0,0,0,14
11/08/2020,ABY,GA,ASO,ES,Federal Contract Tower,0,5,11,0,16,0,0,1,0,1,0,5,12,0,17,14,0,14,31
11/09/2020,ABY,GA,ASO,ES,Federal Contract Tower,0,4,6,2,12,0,0,1,0,1,0,4,7,2,13,2,6,8,21
11/10/2020,ABY,GA,ASO,ES,Federal Contract Tower,0,7,6,2,15,0,1,0,0,1,0,8,6,2,16,0,2,2,18
11/11/2020,ABY,GA,ASO,ES,Federal Contract Tower,0,4,9,0,13,0,0,8,0,8,0,4,17,0,21,2,0,2,23
11/12/2020,ABY,GA,ASO,ES,Federal Contract Tower,0,6,5,0,11,0,0,1,0,1,0,6,6,0,12,0,0,0,12
11/13/2020,ABY,GA,ASO,ES,Federal Contract Tower,0,14,5,2,21,0,0,21,0,21,0,14,26,2,42,0,0,0,42
11/14/2020,ABY,GA,ASO,ES,Federal Contract Tower,0,6,8,4,18,0,0,9,0,9,0,6,17,4,27,6,2,8,35
11/15/2020,ABY,GA,ASO,ES,Federal Contract Tower,0,10,17,0,27,0,0,8,0,8,0,10,25,0,35,0,0,0,35
11/16/2020,ABY,GA,ASO,ES,Federal Contract Tower,0,10,13,0,23,0,0,3,0,3,0,10,16,0,26,0,0,0,26
11/17/2020,ABY,GA,ASO,ES,Federal Contract Tower,0,7,9,0,16,0,0,22,0,22,0,7,31,0,38,28,0,28,66
11/18/2020,ABY,GA,ASO,ES,Federal Contract Tower,0,4,19,2,25,0,0,36,0,36,0,4,55,2,61,14,0,14,75
11/19/2020,ABY,GA,ASO,ES,Federal Contract Tower,0,6,15,6,27,0,0,11,1,12,0,6,26,7,39,10,8,18,57
11/20/2020,ABY,GA,ASO,ES,Federal Contract Tower,0,6,23,4,33,0,0,12,3,15,0,6,35,7,48,0,0,0,48
11/21/2020,ABY,GA,ASO,ES,Federal Contract Tower,0,4,12,0,16,0,0,12,0,12,0,4,24,0,28,2,0,2,30
11/22/2020,ABY,GA,ASO,ES,Federal Contract Tower,0,4,8,0,12,0,0,33,0,33,0,4,41,0,45,0,0,0,45
11/23/2020,ABY,GA,ASO,ES,Federal Contract Tower,0,9,11,0,20,0,0,8,0,8,0,9,19,0,28,6,0,6,34
11/24/2020,ABY,GA,ASO,ES,Federal Contract Tower,0,11,4,0,15,0,0,37,1,38,0,11,41,1,53,40,0,40,93
11/25/2020,ABY,GA,ASO,ES,Federal Contract Tower,1,5,7,2,15,0,0,5,0,5,1,5,12,2,20,6,0,6,26
11/26/2020,ABY,GA,ASO,ES,Federal Contract Tower,0,5,6,0,11,0,0,0,0,0,0,5,6,0,11,0,0,0,11
11/27/2020,ABY,GA,ASO,ES,Federal Contract Tower,1,7,11,0,19,0,0,15,0,15,1,7,26,0,34,8,0,8,42
11/28/2020,ABY,GA,ASO,ES,Federal Contract Tower,0,6,7,0,13,0,0,2,0,2,0,6,9,0,15,16,0,16,31
11/29/2020,ABY,GA,ASO,ES,Federal Contract Tower,0,9,11,0,20,0,0,0,0,0,0,9,11,0,20,0,0,0,20
11/30/2020,ABY,GA,ASO,ES,Federal Contract Tower,0,4,5,2,11,0,0,3,0,3,0,4,8,2,14,0,0,0,14
12/01/2020,ABY,GA,ASO,ES,Federal Contract Tower,0,5,18,2,25,0,0,14,0,14,0,5,32,2,39,12,0,12,51
12/02/2020,ABY,GA,ASO,ES,Federal Contract Tower,0,5,10,4,19,0,0,26,2,28,0,5,36,6,47,0,0,0,47
12/03/2020,ABY,GA,ASO,ES,Federal Contract Tower,0,11,15,4,30,0,0,14,4,18,0,11,29,8,48,0,80,80,128
12/04/2020,ABY,GA,ASO,ES,Federal Contract Tower,0,11,9,2,22,0,0,2,0,2,0,11,11,2,24,0,0,0,24
12/05/2020,ABY,GA,ASO,ES,Federal Contract Tower,0,10,15,0,25,0,0,11,0,11,0,10,26,0,36,0,2,2,38
12/06/2020,ABY,GA,ASO,ES,Federal Contract Tower,0,6,10,0,16,0,0,14,0,14,0,6,24,0,30,0,0,0,30
12/07/2020,ABY,GA,ASO,ES,Federal Contract Tower,0,4,13,0,17,0,0,11,0,11,0,4,24,0,28,4,0,4,32
12/08/2020,ABY,GA,ASO,ES,Federal Contract Tower,0,8,22,0,30,0,0,23,2,25,0,8,45,2,55,2,14,16,71
12/09/2020,ABY,GA,ASO,ES,Federal Contract Tower,0,6,8,4,18,0,0,12,0,12,0,6,20,4,30,12,26,38,68
12/10/2020,ABY,GA,ASO,ES,Federal Contract Tower,2,11,26,2,41,0,0,19,0,19,2,11,45,2,60,14,42,56,116
12/11/2020,ABY,GA,ASO,ES,Federal Contract Tower,0,9,15,6,30,0,0,24,2,26,0,9,39,8,56,4,6,10,66
12/12/2020,ABY,GA,ASO,ES,Federal Contract Tower,0,7,17,0,24,0,0,21,0,21,0,7,38,0,45,4,0,4,49
12/13/2020,ABY,GA,ASO,ES,Federal Contract Tower,0,8,11,4,23,0,0,0,2,2,0,8,11,6,25,0,0,0,25
12/14/2020,ABY,GA,ASO,ES,Federal Contract Tower,0,10,7,0,17,0,0,7,0,7,0,10,14,0,24,0,0,0,24
12/15/2020,ABY,GA,ASO,ES,Federal Contract Tower,0,6,4,2,12,0,0,11,0,11,0,6,15,2,23,0,0,0,23
12/16/2020,ABY,GA,ASO,ES,Federal Contract Tower,0,6,10,4,20,0,0,0,0,0,0,6,10,4,20,0,2,2,22
12/17/2020,ABY,GA,ASO,ES,Federal Contract Tower,2,10,20,0,32,0,0,3,0,3,2,10,23,0,35,0,0,0,35
12/18/2020,ABY,GA,ASO,ES,Federal Contract Tower,0,7,9,4,20,0,0,21,0,21,0,7,30,4,41,6,0,6,47
12/19/2020,ABY,GA,ASO,ES,Federal Contract Tower,0,6,12,0,18,0,0,18,0,18,0,6,30,0,36,26,0,26,62
12/20/2020,ABY,GA,ASO,ES,Federal Contract Tower,2,6,10,0,18,0,0,0,0,0,2,6,10,0,18,0,0,0,18
12/21/2020,ABY,GA,ASO,ES,Federal Contract Tower,0,10,8,2,20,0,0,6,2,8,0,10,14,4,28,0,4,4,32
12/22/2020,ABY,GA,ASO,ES,Federal Contract Tower,0,7,10,0,17,0,0,21,0,21,0,7,31,0,38,16,0,16,54
12/23/2020,ABY,GA,ASO,ES,Federal Contract Tower,0,4,10,0,14,0,0,23,0,23,0,4,33,0,37,6,0,6,43
12/24/2020,ABY,GA,ASO,ES,Federal Contract Tower,1,3,2,0,6,0,0,0,0,0,1,3,2,0,6,0,0,0,6
12/25/2020,ABY,GA,ASO,ES,Federal Contract Tower,0,3,2,0,5,0,0,1,0,1,0,3,3,0,6,0,0,0,6
12/26/2020,ABY,GA,ASO,ES,Federal Contract Tower,0,4,8,0,12,0,0,12,0,12,0,4,20,0,24,0,0,0,24
12/27/2020,ABY,GA,ASO,ES,Federal Contract Tower,0,7,12,0,19,0,0,22,0,22,0,7,34,0,41,14,0,14,55
12/28/2020,ABY,GA,ASO,ES,Federal Contract Tower,0,6,8,2,16,0,0,16,0,16,0,6,24,2,32,10,12,22,54
12/29/2020,ABY,GA,ASO,ES,Federal Contract Tower,2,5,8,4,19,0,0,10,0,10,2,5,18,4,29,0,2,2,31
12/30/2020,ABY,GA,ASO,ES,Federal Contract Tower,0,8,15,0,23,0,1,13,0,14,0,9,28,0,37,20,0,20,57
12/31/2020,ABY,GA,ASO,ES,Federal Contract Tower,0,3,9,0,12,0,0,0,0,0,0,3,9,0,12,0,0,0,12
01/01/2021,ABY,GA,ASO,ES,Federal Contract Tower,0,3,0,0,3,0,0,0,0,0,0,3,0,0,3,0,0,0,3
01/02/2021,ABY,GA,ASO,ES,Federal Contract Tower,0,6,8,0,14,0,0,0,0,0,0,6,8,0,14,0,0,0,14
01/03/2021,ABY,GA,ASO,ES,Federal Contract Tower,0,7,10,0,17,0,0,3,0,3,0,7,13,0,20,0,0,0,20
01/04/2021,ABY,GA,ASO,ES,Federal Contract Tower,0,2,9,1,12,0,0,13,0,13,0,2,22,1,25,0,24,24,49
01/05/2021,ABY,GA,ASO,ES,Federal Contract Tower,0,4,10,4,18,0,0,20,0,20,0,4,30,4,38,32,0,32,70
01/06/2021,ABY,GA,ASO,ES,Federal Contract Tower,0,5,3,6,14,0,0,8,2,10,0,5,11,8,24,4,4,8,32
01/07/2021,ABY,GA,ASO,ES,Federal Contract Tower,0,9,23,0,32,0,0,3,0,3,0,9,26,0,35,4,0,4,39
01/08/2021,ABY,GA,ASO,ES,Federal Contract Tower,0,8,12,2,22,0,0,1,0,1,0,8,13,2,23,0,4,4,27
01/09/2021,ABY,GA,ASO,ES,Federal Contract Tower,0,5,20,0,25,0,0,12,0,12,0,5,32,0,37,12,0,12,49
01/10/2021,ABY,GA,ASO,ES,Federal Contract Tower,0,11,12,0,23,0,0,14,0,14,0,11,26,0,37,8,0,8,45
01/11/2021,ABY,GA,ASO,ES,Federal Contract Tower,0,5,4,0,9,0,0,5,0,5,0,5,9,0,14,16,0,16,30
01/12/2021,ABY,GA,ASO,ES,Federal Contract Tower,0,6,15,1,22,0,0,6,1,7,0,6,21,2,29,16,0,16,45
01/13/2021,ABY,GA,ASO,ES,Federal Contract Tower,0,8,13,3,24,0,0,20,0,20,0,8,33,3,44,2,8,10,54
01/14/2021,ABY,GA,ASO,ES,Federal Contract Tower,0,10,17,0,27,0,0,22,0,22,0,10,39,0,49,4,16,20,69
01/15/2021,ABY,GA,ASO,ES,Federal Contract Tower,0,9,14,4,27,0,0,13,0,13,0,9,27,4,40,0,6,6,46
01/16/2021,ABY,GA,ASO,ES,Federal Contract Tower,0,6,14,0,20,0,0,4,0,4,0,6,18,0,24,8,0,8,32
01/17/2021,ABY,GA,ASO,ES,Federal Contract Tower,0,6,8,0,14,0,0,27,0,27,0,6,35,0,41,14,0,14,55
01/18/2021,ABY,GA,ASO,ES,Federal Contract Tower,0,6,14,0,20,0,0,15,0,15,0,6,29,0,35,8,0,8,43
01/19/2021,ABY,GA,ASO,ES,Federal Contract Tower,0,7,6,2,15,0,0,14,4,18,0,7,20,6,33,0,18,18,51
01/20/2021,ABY,GA,ASO,ES,Federal Contract Tower,0,6,11,6,23,0,0,30,0,30,0,6,41,6,53,6,4,10,63
01/21/2021,ABY,GA,ASO,ES,Federal Contract Tower,0,11,15,6,32,0,0,6,0,6,0,11,21,6,38,4,2,6,44
01/22/2021,ABY,GA,ASO,ES,Federal Contract Tower,0,12,11,2,25,0,0,0,0,0,0,12,11,2,25,0,0,0,25
01/23/2021,ABY,GA,ASO,ES,Federal Contract Tower,0,3,12,2,17,0,1,18,0,19,0,4,30,2,36,6,0,6,42
01/24/2021,ABY,GA,ASO,ES,Federal Contract Tower,0,9,20,0,29,0,0,18,2,20,0,9,38,2,49,2,0,2,51
01/25/2021,ABY,GA,ASO,ES,Federal Contract Tower,0,8,16,1,25,0,0,3,2,5,0,8,19,3,30,0,12,12,42
01/26/2021,ABY,GA,ASO,ES,Federal Contract Tower,0,10,9,0,19,0,0,0,0,0,0,10,9,0,19,0,0,0,19
01/27/2021,ABY,GA,ASO,ES,Federal Contract Tower,0,11,9,0,20,0,2,1,0,3,0,13,10,0,23,0,0,0,23
01/28/2021,ABY,GA,ASO,ES,Federal Contract Tower,0,14,11,2,27,0,0,11,0,11,0,14,22,2,38,20,0,20,58
01/29/2021,ABY,GA,ASO,ES,Federal Contract Tower,0,8,19,0,27,0,2,20,0,22,0,10,39,0,49,8,0,8,57
01/30/2021,ABY,GA,ASO,ES,Federal Contract Tower,0,4,13,0,17,0,0,11,0,11,0,4,24,0,28,0,0,0,28
01/31/2021,ABY,GA,ASO,ES,Federal Contract Tower,0,4,16,0,20,0,0,0,0,0,0,4,16,0,20,0,0,0,20
02/01/2021,ABY,GA,ASO,ES,Federal Contract Tower,0,4,7,0,11,0,0,16,2,18,0,4,23,2,29,2,0,2,31
02/02/2021,ABY,GA,ASO,ES,Federal Contract Tower,0,8,11,0,19,0,0,4,0,4,0,8,15,0,23,4,0,4,27
02/03/2021,ABY,GA,ASO,ES,Federal Contract Tower,0,10,9,6,25,0,0,20,2,22,0,10,29,8,47,62,12,74,121
02/04/2021,ABY,GA,ASO,ES,Federal Contract Tower,0,4,12,3,19,0,0,23,4,27,0,4,35,7,46,68,14,82,128
02/05/2021,ABY,GA,ASO,ES,Federal Contract Tower,0,8,6,4,18,0,0,4,0,4,0,8,10,4,22,0,0,0,22
02/06/2021,ABY,GA,ASO,ES,Federal Contract Tower,0,11,4,0,15,0,0,0,0,0,0,11,4,0,15,0,0,0,15
02/07/2021,ABY,GA,ASO,ES,Federal Contract Tower,0,6,18,0,24,0,0,13,3,16,0,6,31,3,40,10,0,10,50
02/08/2021,ABY,GA,ASO,ES,Federal Contract Tower,0,9,6,3,18,0,0,26,1,27,0,9,32,4,45,2,20,22,67
02/09/2021,ABY,GA,ASO,ES,Federal Contract Tower,0,11,11,0,22,0,0,0,0,0,0,11,11,0,22,2,0,2,24
02/10/2021,ABY,GA,ASO,ES,Federal Contract Tower,0,16,15,0,31,0,0,3,0,3,0,16,18,0,34,0,0,0,34
02/11/2021,ABY,GA,ASO,ES,Federal Contract Tower,0,6,12,4,22,0,0,9,0,9,0,6,21,4,31,12,0,12,43
02/12/2021,ABY,GA,ASO,ES,Federal Contract Tower,3,8,16,2,29,0,0,0,0,0,3,8,16,2,29,0,0,0,29
02/13/2021,ABY,GA,ASO,ES,Federal Contract Tower,1,5,2,0,8,0,0,0,0,0,1,5,2,0,8,0,0,0,8
02/14/2021,ABY,GA,ASO,ES,Federal Contract Tower,0,4,11,0,15,0,0,0,0,0,0,4,11,0,15,0,0,0,15
02/15/2021,ABY,GA,ASO,ES,Federal Contract Tower,0,6,6,0,12,0,0,0,0,0,0,6,6,0,12,0,0,0,12
02/16/2021,ABY,GA,ASO,ES,Federal Contract Tower,2,9,20,0,31,0,0,13,0,13,2,9,33,0,44,2,0,2,46
02/17/2021,ABY,GA,ASO,ES,Federal Contract Tower,0,4,17,0,21,0,0,12,2,14,0,4,29,2,35,0,0,0,35
02/18/2021,ABY,GA,ASO,ES,Federal Contract Tower,0,11,8,0,19,0,0,0,0,0,0,11,8,0,19,0,0,0,19
02/19/2021,ABY,GA,ASO,ES,Federal Contract Tower,1,8,13,10,32,0,0,4,2,6,1,8,17,12,38,12,0,12,50
02/20/2021,ABY,GA,ASO,ES,Federal Contract Tower,1,6,14,2,23,0,0,18,1,19,1,6,32,3,42,6,0,6,48
02/21/2021,ABY,GA,ASO,ES,Federal Contract Tower,0,12,14,0,26,0,0,17,0,17,0,12,31,0,43,38,0,38,81
02/22/2021,ABY,GA,ASO,ES,Federal Contract Tower,0,5,7,2,14,0,0,5,0,5,0,5,12,2,19,0,0,0,19
02/23/2021,ABY,GA,ASO,ES,Federal Contract Tower,2,21,7,5,35,0,0,31,2,33,2,21,38,7,68,4,18,22,90
02/24/2021,ABY,GA,ASO,ES,Federal Contract Tower,6,9,6,0,21,0,3,15,0,18,6,12,21,0,39,40,44,84,123
02/25/2021,ABY,GA,ASO,ES,Federal Contract Tower,0,15,15,2,32,0,0,18,1,19,0,15,33,3,51,52,12,64,115
02/26/2021,ABY,GA,ASO,ES,Federal Contract Tower,3,21,14,2,40,0,1,15,2,18,3,22,29,4,58,20,0,20,78
02/27/2021,ABY,GA,ASO,ES,Federal Contract Tower,2,6,13,1,22,0,0,3,3,6,2,6,16,4,28,0,10,10,38
02/28/2021,ABY,GA,ASO,ES,Federal Contract Tower,0,9,13,2,24,0,0,8,2,10,0,9,21,4,34,0,0,0,34
03/01/2021,ABY,GA,ASO,ES,Federal Contract Tower,0,4,9,1,14,0,0,8,2,10,0,4,17,3,24,14,0,14,38
03/02/2021,ABY,GA,ASO,ES,Federal Contract Tower,0,5,8,10,23,0,0,0,0,0,0,5,8,10,23,0,0,0,23
03/03/2021,ABY,GA,ASO,ES,Federal Contract Tower,0,8,11,3,22,0,0,10,2,12,0,8,21,5,34,0,0,0,34
03/04/2021,ABY,GA,ASO,ES,Federal Contract Tower,0,8,19,4,31,0,1,14,0,15,0,9,33,4,46,4,0,4,50
03/05/2021,ABY,GA,ASO,ES,Federal Contract Tower,0,5,5,2,12,0,0,12,0,12,0,5,17,2,24,10,22,32,56
03/06/2021,ABY,GA,ASO,ES,Federal Contract Tower,0,2,17,0,19,0,0,9,0,9,0,2,26,0,28,6,0,6,34
03/07/2021,ABY,GA,ASO,ES,Federal Contract Tower,0,10,21,0,31,0,0,10,0,10,0,10,31,0,41,6,0,6,47
03/08/2021,ABY,GA,ASO,ES,Federal Contract Tower,0,6,9,0,15,0,0,11,0,11,0,6,20,0,26,4,18,22,48
03/09/2021,ABY,GA,ASO,ES,Federal Contract Tower,0,12,15,0,27,0,0,21,0,21,0,12,36,0,48,20,0,20,68
03/10/2021,ABY,GA,ASO,ES,Federal Contract Tower,0,5,9,2,16,0,0,17,4,21,0,5,26,6,37,20,24,44,81
03/11/2021,ABY,GA,ASO,ES,Federal Contract Tower,0,13,11,2,26,0,0,13,1,14,0,13,24,3,40,6,6,12,52
03/12/2021,ABY,GA,ASO,ES,Federal Contract Tower,1,8,8,5,22,0,0,20,0,20,1,8,28,5,42,10,0,10,52
03/13/2021,ABY,GA,ASO,ES,Federal Contract Tower,1,4,4,0,9,0,0,13,0,13,1,4,17,0,22,8,0,8,30
03/14/2021,ABY,GA,ASO,ES,Federal Contract Tower,0,8,11,0,19,0,2,20,0,22,0,10,31,0,41,6,0,6,47
03/15/2021,ABY,GA,ASO,ES,Federal Contract Tower,0,7,7,6,20,0,0,13,0,13,0,7,20,6,33,2,8,10,43
03/16/2021,ABY,GA,ASO,ES,Federal Contract Tower,0,6,6,4,16,0,0,4,0,4,0,6,10,4,20,0,20,20,40
03/17/2021,ABY,GA,ASO,ES,Federal Contract Tower,0,6,12,0,18,0,0,2,0,2,0,6,14,0,20,4,0,4,24
03/18/2021,ABY,GA,ASO,ES,Federal Contract Tower,0,5,2,2,9,0,0,6,0,6,0,5,8,2,15,0,6,6,21
03/19/2021,ABY,GA,ASO,ES,Federal Contract Tower,0,4,20,0,24,0,0,16,0,16,0,4,36,0,40,4,0,4,44
03/20/2021,ABY,GA,ASO,ES,Federal Contract Tower,0,2,2,0,4,0,0,17,0,17,0,2,19,0,21,4,0,4,25
03/21/2021,ABY,GA,ASO,ES,Federal Contract Tower,0,4,11,0,15,0,0,13,0,13,0,4,24,0,28,0,0,0,28
03/22/2021,ABY,GA,ASO,ES,Federal Contract Tower,0,6,12,3,21,0,0,41,8,49,0,6,53,11,70,4,10,14,84
03/23/2021,ABY,GA,ASO,ES,Federal Contract Tower,0,5,11,6,22,0,0,15,1,16,0,5,26,7,38,28,20,48,86
03/24/2021,ABY,GA,ASO,ES,Federal Contract Tower,0,4,8,7,19,0,2,8,1,11,0,6,16,8,30,0,20,20,50
03/25/2021,ABY,GA,ASO,ES,Federal Contract Tower,0,5,11,8,24,0,0,6,0,6,0,5,17,8,30,0,0,0,30
03/26/2021,ABY,GA,ASO,ES,Federal Contract Tower,0,6,5,0,11,0,0,5,0,5,0,6,10,0,16,0,0,0,16
03/27/2021,ABY,GA,ASO,ES,Federal Contract Tower,0,3,3,0,6,0,0,4,0,4,0,3,7,0,10,0,0,0,10
03/28/2021,ABY,GA,ASO,ES,Federal Contract Tower,0,6,8,0,14,0,0,8,0,8,0,6,16,0,22,0,0,0,22
03/29/2021,ABY,GA,ASO,ES,Federal Contract Tower,0,5,10,0,15,0,0,29,0,29,0,5,39,0,44,6,0,6,50
03/30/2021,ABY,GA,ASO,ES,Federal Contract Tower,0,5,9,4,18,0,0,8,1,9,0,5,17,5,27,0,16,16,43
03/31/2021,ABY,GA,ASO,ES,Federal Contract Tower,0,6,10,5,21,0,0,4,1,5,0,6,14,6,26,2,16,18,44
04/01/2021,ABY,GA,ASO,ES,Federal Contract Tower,0,5,4,0,9,0,1,7,0,8,0,6,11,0,17,0,0,0,17
04/02/2021,ABY,GA,ASO,ES,Federal Contract Tower,0,4,9,0,13,0,0,8,3,11,0,4,17,3,24,2,22,24,48
04/03/2021,ABY,GA,ASO,ES,Federal Contract Tower,0,2,7,0,9,0,0,9,0,9,0,2,16,0,18,10,0,10,28
04/04/2021,ABY,GA,ASO,ES,Federal Contract Tower,0,5,5,0,10,0,0,13,0,13,0,5,18,0,23,16,0,16,39
04/05/2021,ABY,GA,ASO,ES,Federal Contract Tower,0,5,4,8,17,0,0,14,0,14,0,5,18,8,31,4,4,8,39
04/06/2021,ABY,GA,ASO,ES,Federal Contract Tower,2,5,7,0,14,0,0,14,2,16,2,5,21,2,30,0,0,0,30
04/07/2021,ABY,GA,ASO,ES,Federal Contract Tower,0,5,3,4,12,0,0,15,0,15,0,5,18,4,27,0,0,0,27
04/08/2021,ABY,GA,ASO,ES,Federal Contract Tower,0,4,11,0,15,0,0,5,0,5,0,4,16,0,20,0,0,0,20
04/09/2021,ABY,GA,ASO,ES,Federal Contract Tower,0,5,4,0,9,0,0,0,0,0,0,5,4,0,9,0,0,0,9
04/10/2021,ABY,GA,ASO,ES,Federal Contract Tower,0,2,2,0,4,0,0,0,0,0,0,2,2,0,4,0,0,0,4
04/11/2021,ABY,GA,ASO,ES,Federal Contract Tower,0,5,8,0,13,0,0,5,0,5,0,5,13,0,18,0,0,0,18
04/12/2021,ABY,GA,ASO,ES,Federal Contract Tower,0,5,5,8,18,0,1,36,0,37,0,6,41,8,55,36,4,40,95
04/13/2021,ABY,GA,ASO,ES,Federal Contract Tower,0,4,6,0,10,0,0,21,4,25,0,4,27,4,35,0,34,34,69
04/14/2021,ABY,GA,ASO,ES,Federal Contract Tower,0,5,17,0,22,0,0,12,0,12,0,5,29,0,34,2,4,6,40
04/15/2021,ABY,GA,ASO,ES,Federal Contract Tower,0,6,8,0,14,0,0,6,0,6,0,6,14,0,20,0,0,0,20
04/16/2021,ABY,GA,ASO,ES,Federal Contract Tower,0,4,5,5,14,0,0,17,4,21,0,4,22,9,35,6,0,6,41
04/17/2021,ABY,GA,ASO,ES,Federal Contract Tower,0,3,6,0,9,0,0,5,0,5,0,3,11,0,14,0,0,0,14
04/18/2021,ABY,GA,ASO,ES,Federal Contract Tower,0,4,13,2,19,0,0,15,6,21,0,4,28,8,40,0,0,0,40
04/19/2021,ABY,GA,ASO,ES,Federal Contract Tower,0,4,6,0,10,0,0,16,0,16,0,4,22,0,26,10,10,20,46
04/20/2021,ABY,GA,ASO,ES,Federal Contract Tower,0,6,8,4,18,0,0,14,0,14,0,6,22,4,32,28,16,44,76
04/21/2021,ABY,GA,ASO,ES,Federal Contract Tower,0,5,8,2,15,0,1,14,0,15,0,6,22,2,30,0,0,0,30
04/22/2021,ABY,GA,ASO,ES,Federal Contract Tower,0,5,6,3,14,0,0,24,0,24,0,5,30,3,38,32,8,40,78
04/23/2021,ABY,GA,ASO,ES,Federal Contract Tower,0,4,13,9,26,0,0,22,3,25,0,4,35,12,51,8,0,8,59
04/24/2021,ABY,GA,ASO,ES,Federal Contract Tower,0,2,0,0,2,0,0,0,0,0,0,2,0,0,2,0,0,0,2
04/25/2021,ABY,GA,ASO,ES,Federal Contract Tower,0,6,7,0,13,0,2,10,6,18,0,8,17,6,31,0,0,0,31
04/26/2021,ABY,GA,ASO,ES,Federal Contract Tower,0,5,7,1,13,0,0,17,0,17,0,5,24,1,30,10,0,10,40
04/27/2021,ABY,GA,ASO,ES,Federal Contract Tower,0,4,6,2,12,0,0,22,3,25,0,4,28,5,37,0,0,0,37
04/28/2021,ABY,GA,ASO,ES,Federal Contract Tower,0,5,9,8,22,0,0,13,0,13,0,5,22,8,35,0,2,2,37
04/29/2021,ABY,GA,ASO,ES,Federal Contract Tower,0,10,13,0,23,0,1,14,0,15,0,11,27,0,38,0,0,0,38
04/30/2021,ABY,GA,ASO,ES,Federal Contract Tower,0,6,14,0,20,0,0,8,0,8,0,6,22,0,28,0,0,0,28
05/01/2021,ABY,GA,ASO,ES,Federal Contract Tower,0,3,4,0,7,0,0,10,0,10,0,3,14,0,17,6,0,6,23
05/02/2021,ABY,GA,ASO,ES,Federal Contract Tower,0,6,4,0,10,0,2,15,0,17,0,8,19,0,27,0,0,0,27
05/03/2021,ABY,GA,ASO,ES,Federal Contract Tower,0,7,7,2,16,0,0,7,0,7,0,7,14,2,23,12,0,12,35
05/04/2021,ABY,GA,ASO,ES,Federal Contract Tower,0,6,2,2,10,0,0,2,0,2,0,6,4,2,12,0,0,0,12
05/05/2021,ABY,GA,ASO,ES,Federal Contract Tower,0,5,8,1,14,0,0,6,1,7,0,5,14,2,21,0,12,12,33
05/06/2021,ABY,GA,ASO,ES,Federal Contract Tower,0,4,9,6,19,0,0,16,2,18,0,4,25,8,37,8,14,22,59
05/07/2021,ABY,GA,ASO,ES,Federal Contract Tower,0,4,7,2,13,0,0,18,0,18,0,4,25,2,31,6,0,6,37
05/08/2021,ABY,GA,ASO,ES,Federal Contract Tower,0,4,12,0,16,0,0,22,0,22,0,4,34,0,38,12,0,12,50
05/09/2021,ABY,GA,ASO,ES,Federal Contract Tower,0,4,8,4,16,0,0,6,4,10,0,4,14,8,26,0,2,2,28
05/10/2021,ABY,GA,ASO,ES,Federal Contract Tower,0,4,5,4,13,0,0,0,0,0,0,4,5,4,13,2,22,24,37
05/11/2021,ABY,GA,ASO,ES,Federal Contract Tower,0,4,6,6,16,0,0,8,0,8,0,4,14,6,24,0,18,18,42
05/12/2021,ABY,GA,ASO,ES,Federal Contract Tower,0,8,4,0,12,0,0,0,2,2,0,8,4,2,14,0,0,0,14
05/13/2021,ABY,GA,ASO,ES,Federal Contract Tower,0,12,16,5,33,0,0,7,0,7,0,12,23,5,40,6,6,12,52
05/14/2021,ABY,GA,ASO,ES,Federal Contract Tower,0,5,5,6,16,0,0,24,0,24,0,5,29,6,40,4,24,28,68
05/15/2021,ABY,GA,ASO,ES,Federal Contract Tower,0,6,6,0,12,0,2,30,0,32,0,8,36,0,44,10,0,10,54
05/16/2021,ABY,GA,ASO,ES,Federal Contract Tower,0,6,4,0,10,0,0,11,0,11,0,6,15,0,21,0,0,0,21
05/17/2021,ABY,GA,ASO,ES,Federal Contract Tower,0,6,8,6,20,0,2,11,0,13,0,8,19,6,33,0,0,0,33
05/18/2021,ABY,GA,ASO,ES,Federal Contract Tower,0,4,6,5,15,0,0,7,6,13,0,4,13,11,28,0,10,10,38
05/19/2021,ABY,GA,ASO,ES,Federal Contract Tower,0,4,8,0,12,0,0,12,0,12,0,4,20,0,24,0,0,0,24
05/20/2021,ABY,GA,ASO,ES,Federal Contract Tower,0,4,5,12,21,0,0,8,0,8,0,4,13,12,29,0,0,0,29
05/21/2021,ABY,GA,ASO,ES,Federal Contract Tower,0,4,12,2,18,0,0,8,5,13,0,4,20,7,31,0,14,14,45
05/22/2021,ABY,GA,ASO,ES,Federal Contract Tower,0,4,4,0,8,0,1,8,0,9,0,5,12,0,17,0,0,0,17
05/23/2021,ABY,GA,ASO,ES,Federal Contract Tower,0,4,4,4,12,0,0,13,3,16,0,4,17,7,28,0,0,0,28
05/24/2021,ABY,GA,ASO,ES,Federal Contract Tower,0,4,8,2,14,0,0,10,4,14,0,4,18,6,28,0,0,0,28
05/25/2021,ABY,GA,ASO,ES,Federal Contract Tower,0,5,1,2,8,0,0,8,0,8,0,5,9,2,16,8,12,20,36
05/26/2021,ABY,GA,ASO,ES,Federal Contract Tower,0,7,7,3,17,0,4,17,0,21,0,11,24,3,38,2,14,16,54
05/27/2021,ABY,GA,ASO,ES,Federal Contract Tower,0,7,11,0,18,0,0,21,0,21,0,7,32,0,39,6,0,6,45
05/28/2021,ABY,GA,ASO,ES,Federal Contract Tower,0,4,16,0,20,0,0,5,0,5,0,4,21,0,25,0,0,0,25
05/29/2021,ABY,GA,ASO,ES,Federal Contract Tower,0,6,4,0,10,0,0,3,0,3,0,6,7,0,13,0,0,0,13
05/30/2021,ABY,GA,ASO,ES,Federal Contract Tower,0,4,10,0,14,0,0,7,0,7,0,4,17,0,21,4,0,4,25
05/31/2021,ABY,GA,ASO,ES,Federal Contract Tower,0,4,8,0,12,0,0,14,0,14,0,4,22,0,26,12,0,12,38
06/01/2021,ABY,GA,ASO,ES,Federal Contract Tower,0,6,6,0,12,0,0,3,0,3,0,6,9,0,15,0,0,0,15
06/02/2021,ABY,GA,ASO,ES,Federal Contract Tower,0,8,5,4,17,0,3,12,2,17,0,11,17,6,34,10,0,10,44
06/03/2021,ABY,GA,ASO,ES,Federal Contract Tower,0,8,5,5,18,0,1,13,1,15,0,9,18,6,33,0,18,18,51
06/04/2021,ABY,GA,ASO,ES,Federal Contract Tower,0,4,8,9,21,0,0,5,1,6,0,4,13,10,27,10,8,18,45
06/05/2021,ABY,GA,ASO,ES,Federal Contract Tower,0,4,2,0,6,0,1,11,0,12,0,5,13,0,18,8,0,8,26
06/06/2021,ABY,GA,ASO,ES,Federal Contract Tower,0,4,12,0,16,0,0,4,0,4,0,4,16,0,20,0,0,0,20
06/07/2021,ABY,GA,ASO,ES,Federal Contract Tower,0,4,5,3,12,0,0,4,0,4,0,4,9,3,16,0,2,2,18
06/08/2021,ABY,GA,ASO,ES,Federal Contract Tower,0,4,2,4,10,0,0,7,0,7,0,4,9,4,17,24,12,36,53
06/09/2021,ABY,GA,ASO,ES,Federal Contract Tower,0,10,8,4,22,0,2,18,2,22,0,12,26,6,44,30,18,48,92
06/10/2021,ABY,GA,ASO,ES,Federal Contract Tower,0,4,18,3,25,0,0,16,1,17,0,4,34,4,42,0,22,22,64
06/11/2021,ABY,GA,ASO,ES,Federal Contract Tower,0,4,6,2,12,0,0,1,0,1,0,4,7,2,13,0,16,16,29
06/12/2021,ABY,GA,ASO,ES,Federal Contract Tower,0,4,7,0,11,0,0,7,0,7,0,4,14,0,18,0,0,0,18
06/13/2021,ABY,GA,ASO,ES,Federal Contract Tower,0,4,3,0,7,0,0,9,0,9,0,4,12,0,16,2,0,2,18
06/14/2021,ABY,GA,ASO,ES,Federal Contract Tower,0,4,5,0,9,0,0,6,0,6,0,4,11,0,15,0,0,0,15
06/15/2021,ABY,GA,ASO,ES,Federal Contract Tower,0,5,10,2,17,0,0,23,0,23,0,5,33,2,40,4,0,4,44
06/16/2021,ABY,GA,ASO,ES,Federal Contract Tower,0,7,8,5,20,0,0,14,1,15,0,7,22,6,35,10,38,48,83
06/17/2021,ABY,GA,ASO,ES,Federal Contract Tower,0,6,5,0,11,0,0,28,0,28,0,6,33,0,39,36,12,48,87
06/18/2021,ABY,GA,ASO,ES,Federal Contract Tower,0,6,4,0,10,0,0,28,0,28,0,6,32,0,38,20,0,20,58
06/19/2021,ABY,GA,ASO,ES,Federal Contract Tower,0,3,4,0,7,0,0,0,0,0,0,3,4,0,7,0,0,0,7
06/20/2021,ABY,GA,ASO,ES,Federal Contract Tower,0,4,2,0,6,0,1,3,0,4,0,5,5,0,10,0,0,0,10
06/21/2021,ABY,GA,ASO,ES,Federal Contract Tower,0,5,7,2,14,0,0,0,0,0,0,5,7,2,14,0,0,0,14
06/22/2021,ABY,GA,ASO,ES,Federal Contract Tower,0,3,5,0,8,0,0,0,0,0,0,3,5,0,8,0,0,0,8
06/23/2021,ABY,GA,ASO,ES,Federal Contract Tower,0,12,8,4,24,0,0,14,0,14,0,12,22,4,38,0,14,14,52
06/24/2021,ABY,GA,ASO,ES,Federal Contract Tower,0,6,7,4,17,0,0,3,2,5,0,6,10,6,22,0,0,0,22
06/25/2021,ABY,GA,ASO,ES,Federal Contract Tower,0,4,12,2,18,0,0,18,1,19,0,4,30,3,37,10,0,10,47
06/26/2021,ABY,GA,ASO,ES,Federal Contract Tower,0,4,6,0,10,0,0,15,0,15,0,4,21,0,25,0,0,0,25
06/27/2021,ABY,GA,ASO,ES,Federal Contract Tower,0,4,2,0,6,0,0,3,0,3,0,4,5,0,9,4,0,4,13
06/28/2021,ABY,GA,ASO,ES,Federal Contract Tower,0,4,8,2,14,0,0,6,0,6,0,4,14,2,20,6,0,6,26
06/29/2021,ABY,GA,ASO,ES,Federal Contract Tower,0,6,2,5,13,0,0,14,0,14,0,6,16,5,27,0,0,0,27
06/30/2021,ABY,GA,ASO,ES,Federal Contract Tower,1,5,15,4,25,0,0,4,0,4,1,5,19,4,29,12,0,12,41
07/01/2021,ABY,GA,ASO,ES,Federal Contract Tower,0,4,18,4,26,0,0,7,0,7,0,4,25,4,33,0,12,12,45
07/02/2021,ABY,GA,ASO,ES,Federal Contract Tower,0,4,2,0,6,0,0,0,0,0,0,4,2,0,6,0,0,0,6
07/03/2021,ABY,GA,ASO,ES,Federal Contract Tower,0,5,0,0,5,0,0,9,0,9,0,5,9,0,14,0,0,0,14
07/04/2021,ABY,GA,ASO,ES,Federal Contract Tower,0,4,6,0,10,0,0,8,0,8,0,4,14,0,18,0,0,0,18
07/05/2021,ABY,GA,ASO,ES,Federal Contract Tower,0,7,4,0,11,0,0,5,0,5,0,7,9,0,16,0,0,0,16
07/06/2021,ABY,GA,ASO,ES,Federal Contract Tower,0,4,0,1,5,0,0,6,4,10,0,4,6,5,15,4,6,10,25
07/07/2021,ABY,GA,ASO,ES,Federal Contract Tower,0,4,10,0,14,0,0,1,6,7,0,4,11,6,21,6,0,6,27
07/08/2021,ABY,GA,ASO,ES,Federal Contract Tower,0,4,8,6,18,0,0,9,0,9,0,4,17,6,27,2,0,2,29
07/09/2021,ABY,GA,ASO,ES,Federal Contract Tower,0,5,10,8,23,0,0,7,1,8,0,5,17,9,31,6,6,12,43
07/10/2021,ABY,GA,ASO,ES,Federal Contract Tower,1,4,4,0,9,0,0,14,0,14,1,4,18,0,23,12,0,12,35
07/11/2021,ABY,GA,ASO,ES,Federal Contract Tower,0,4,11,2,17,0,0,9,0,9,0,4,20,2,26,0,0,0,26
07/12/2021,ABY,GA,ASO,ES,Federal Contract Tower,0,5,8,2,15,0,0,15,0,15,0,5,23,2,30,6,14,20,50
07/13/2021,ABY,GA,ASO,ES,Federal Contract Tower,0,4,8,0,12,0,0,14,0,14,0,4,22,0,26,46,0,46,72
07/14/2021,ABY,GA,ASO,ES,Federal Contract Tower,0,8,9,10,27,0,0,22,0,22,0,8,31,10,49,14,4,18,67
07/15/2021,ABY,GA,ASO,ES,Federal Contract Tower,0,4,8,0,12,0,0,5,0,5,0,4,13,0,17,0,0,0,17
07/16/2021,ABY,GA,ASO,ES,Federal Contract Tower,0,3,13,6,22,0,0,10,8,18,0,3,23,14,40,0,26,26,66
07/17/2021,ABY,GA,ASO,ES,Federal Contract Tower,0,4,3,0,7,0,0,11,0,11,0,4,14,0,18,0,0,0,18
07/18/2021,ABY,GA,ASO,ES,Federal Contract Tower,0,3,8,6,17,0,0,19,4,23,0,3,27,10,40,10,0,10,50
07/19/2021,ABY,GA,ASO,ES,Federal Contract Tower,0,6,3,1,10,0,0,9,1,10,0,6,12,2,20,4,0,4,24
07/20/2021,ABY,GA,ASO,ES,Federal Contract Tower,0,5,4,1,10,0,0,2,0,2,0,5,6,1,12,0,0,0,12
07/21/2021,ABY,GA,ASO,ES,Federal Contract Tower,0,4,13,2,19,0,0,5,0,5,0,4,18,2,24,8,0,8,32
07/22/2021,ABY,GA,ASO,ES,Federal Contract Tower,0,6,9,12,27,0,0,6,0,6,0,6,15,12,33,0,0,0,33
07/23/2021,ABY,GA,ASO,ES,Federal Contract Tower,0,3,7,0,10,0,0,21,0,21,0,3,28,0,31,4,0,4,35
07/24/2021,ABY,GA,ASO,ES,Federal Contract Tower,3,6,12,0,21,0,0,14,0,14,3,6,26,0,35,0,0,0,35
07/25/2021,ABY,GA,ASO,ES,Federal Contract Tower,0,3,10,0,13,0,0,14,2,16,0,3,24,2,29,0,0,0,29
07/26/2021,ABY,GA,ASO,ES,Federal Contract Tower,0,4,5,0,9,0,0,15,0,15,0,4,20,0,24,8,0,8,32
07/27/2021,ABY,GA,ASO,ES,Federal Contract Tower,0,9,5,2,16,0,0,9,0,9,0,9,14,2,25,2,30,32,57
07/28/2021,ABY,GA,ASO,ES,Federal Contract Tower,0,5,13,2,20,0,0,5,0,5,0,5,18,2,25,0,0,0,25
07/29/2021,ABY,GA,ASO,ES,Federal Contract Tower,0,4,11,0,15,0,0,12,0,12,0,4,23,0,27,20,4,24,51
07/30/2021,ABY,GA,ASO,ES,Federal Contract Tower,0,6,7,0,13,0,0,21,0,21,0,6,28,0,34,6,16,22,56
07/31/2021,ABY,GA,ASO,ES,Federal Contract Tower,0,6,6,3,15,0,0,16,0,16,0,6,22,3,31,16,0,16,47
08/01/2021,ABY,GA,ASO,ES,Federal Contract Tower,0,4,13,0,17,0,0,8,0,8,0,4,21,0,25,2,0,2,27
08/02/2021,ABY,GA,ASO,ES,Federal Contract Tower,0,4,3,4,11,0,0,7,0,7,0,4,10,4,18,0,0,0,18
08/03/2021,ABY,GA,ASO,ES,Federal Contract Tower,1,4,8,0,13,0,0,3,0,3,1,4,11,0,16,0,0,0,16
08/04/2021,ABY,GA,ASO,ES,Federal Contract Tower,0,4,11,8,23,0,0,19,0,19,0,4,30,8,42,2,4,6,48
08/05/2021,ABY,GA,ASO,ES,Federal Contract Tower,0,4,9,2,15,0,0,20,2,22,0,4,29,4,37,0,10,10,47
08/06/2021,ABY,GA,ASO,ES,Federal Contract Tower,0,4,2,4,10,0,0,1,0,1,0,4,3,4,11,0,2,2,13
08/07/2021,ABY,GA,ASO,ES,Federal Contract Tower,0,4,1,0,5,0,0,6,0,6,0,4,7,0,11,4,0,4,15
08/08/2021,ABY,GA,ASO,ES,Federal Contract Tower,0,4,2,0,6,0,0,15,0,15,0,4,17,0,21,14,0,14,35
08/09/2021,ABY,GA,ASO,ES,Federal Contract Tower,0,5,9,4,18,0,0,8,0,8,0,5,17,4,26,20,4,24,50
08/10/2021,ABY,GA,ASO,ES,Federal Contract Tower,0,3,12,3,18,0,0,12,3,15,0,3,24,6,33,16,0,16,49
08/11/2021,ABY,GA,ASO,ES,Federal Contract Tower,0,7,9,6,22,0,0,15,0,15,0,7,24,6,37,0,0,0,37
08/12/2021,ABY,GA,ASO,ES,Federal Contract Tower,0,5,2,2,9,0,0,13,0,13,0,5,15,2,22,0,0,0,22
08/13/2021,ABY,GA,ASO,ES,Federal Contract Tower,0,4,2,6,12,0,0,21,1,22,0,4,23,7,34,2,40,42,76
08/14/2021,ABY,GA,ASO,ES,Federal Contract Tower,0,5,8,0,13,0,0,10,0,10,0,5,18,0,23,8,0,8,31
08/15/2021,ABY,GA,ASO,ES,Federal Contract Tower,0,4,3,0,7,0,0,0,0,0,0,4,3,0,7,0,0,0,7
08/16/2021,ABY,GA,ASO,ES,Federal Contract Tower,0,4,2,0,6,0,0,1,0,1,0,4,3,0,7,0,0,0,7
08/17/2021,ABY,GA,ASO,ES,Federal Contract Tower,7,8,2,0,17,0,0,1,0,1,7,8,3,0,18,0,0,0,18
08/18/2021,ABY,GA,ASO,ES,Federal Contract Tower,5,8,5,4,22,0,0,10,3,13,5,8,15,7,35,8,10,18,53
08/19/2021,ABY,GA,ASO,ES,Federal Contract Tower,0,6,14,6,26,0,0,15,0,15,0,6,29,6,41,4,30,34,75
08/20/2021,ABY,GA,ASO,ES,Federal Contract Tower,0,4,13,2,19,0,0,2,0,2,0,4,15,2,21,6,22,28,49
08/21/2021,ABY,GA,ASO,ES,Federal Contract Tower,0,4,2,0,6,0,0,7,0,7,0,4,9,0,13,0,0,0,13
08/22/2021,ABY,GA,ASO,ES,Federal Contract Tower,0,4,9,0,13,0,0,11,0,11,0,4,20,0,24,0,0,0,24
08/23/2021,ABY,GA,ASO,ES,Federal Contract Tower,0,4,13,1,18,0,0,0,1,1,0,4,13,2,19,2,8,10,29
08/24/2021,ABY,GA,ASO,ES,Federal Contract Tower,0,4,17,7,28,0,4,14,1,19,0,8,31,8,47,2,6,8,55
08/25/2021,ABY,GA,ASO,ES,Federal Contract Tower,0,5,4,0,9,0,0,1,0,1,0,5,5,0,10,0,0,0,10
08/26/2021,ABY,GA,ASO,ES,Federal Contract Tower,0,4,8,2,14,0,0,20,0,20,0,4,28,2,34,2,0,2,36
08/27/2021,ABY,GA,ASO,ES,Federal Contract Tower,0,4,4,0,8,0,0,10,0,10,0,4,14,0,18,0,0,0,18
08/28/2021,ABY,GA,ASO,ES,Federal Contract Tower,0,6,16,0,22,0,0,4,0,4,0,6,20,0,26,12,0,12,38
08/29/2021,ABY,GA,ASO,ES,Federal Contract Tower,0,6,4,0,10,0,0,0,0,0,0,6,4,0,10,0,0,0,10
08/30/2021,ABY,GA,ASO,ES,Federal Contract Tower,0,8,7,0,15,0,0,3,0,3,0,8,10,0,18,0,0,0,18
08/31/2021,ABY,GA,ASO,ES,Federal Contract Tower,0,4,0,0,4,0,0,4,0,4,0,4,4,0,8,0,0,0,8
09/01/2021,ABY,GA,ASO,ES,Federal Contract Tower,0,4,6,0,10,0,0,9,3,12,0,4,15,3,22,12,14,26,48
09/02/2021,ABY,GA,ASO,ES,Federal Contract Tower,0,4,9,2,15,0,0,10,5,15,0,4,19,7,30,4,4,8,38
09/03/2021,ABY,GA,ASO,ES,Federal Contract Tower,0,4,4,0,8,0,0,25,4,29,0,4,29,4,37,6,0,6,43
09/04/2021,ABY,GA,ASO,ES,Federal Contract Tower,0,5,5,0,10,0,0,21,0,21,0,5,26,0,31,4,0,4,35
09/05/2021,ABY,GA,ASO,ES,Federal Contract Tower,0,6,3,0,9,0,3,13,0,16,0,9,16,0,25,11,0,11,36
09/06/2021,ABY,GA,ASO,ES,Federal Contract Tower,0,5,4,0,9,0,0,11,0,11,0,5,15,0,20,16,0,16,36
09/07/2021,ABY,GA,ASO,ES,Federal Contract Tower,0,4,10,2,16,0,2,7,0,9,0,6,17,2,25,0,0,0,25
09/08/2021,ABY,GA,ASO,ES,Federal Contract Tower,0,6,5,4,15,0,0,2,0,2,0,6,7,4,17,0,0,0,17
09/09/2021,ABY,GA,ASO,ES,Federal Contract Tower,0,7,9,4,20,0,0,1,0,1,0,7,10,4,21,0,0,0,21
09/10/2021,ABY,GA,ASO,ES,Federal Contract Tower,0,5,8,2,15,0,0,49,2,51,0,5,57,4,66,6,28,34,100
09/11/2021,ABY,GA,ASO,ES,Federal Contract Tower,0,4,8,0,12,0,0,12,0,12,0,4,20,0,24,0,0,0,24
09/12/2021,ABY,GA,ASO,ES,Federal Contract Tower,0,7,8,0,15,0,0,9,0,9,0,7,17,0,24,0,0,0,24
09/13/2021,ABY,GA,ASO,ES,Federal Contract Tower,0,7,3,4,14,0,0,19,0,19,0,7,22,4,33,0,0,0,33
09/14/2021,ABY,GA,ASO,ES,Federal Contract Tower,0,4,10,3,17,0,0,16,0,16,0,4,26,3,33,0,0,0,33
09/15/2021,ABY,GA,ASO,ES,Federal Contract Tower,0,8,14,0,22,0,0,13,0,13,0,8,27,0,35,0,0,0,35
09/16/2021,ABY,GA,ASO,ES,Federal Contract Tower,0,13,12,0,25,0,0,4,0,4,0,13,16,0,29,0,0,0,29
09/17/2021,ABY,GA,ASO,ES,Federal Contract Tower,0,5,6,9,20,0,0,5,0,5,0,5,11,9,25,0,0,0,25
09/18/2021,ABY,GA,ASO,ES,Federal Contract Tower,0,6,9,0,15,0,1,3,0,4,0,7,12,0,19,0,0,0,19
09/19/2021,ABY,GA,ASO,ES,Federal Contract Tower,0,5,6,0,11,0,0,4,8,12,0,5,10,8,23,0,0,0,23
09/20/2021,ABY,GA,ASO,ES,Federal Contract Tower,0,5,6,2,13,0,0,7,0,7,0,5,13,2,20,12,0,12,32
09/21/2021,ABY,GA,ASO,ES,Federal Contract Tower,0,5,5,2,12,0,0,16,0,16,0,5,21,2,28,32,0,32,60
09/22/2021,ABY,GA,ASO,ES,Federal Contract Tower,0,7,13,0,20,0,0,3,0,3,0,7,16,0,23,4,0,4,27
09/23/2021,ABY,GA,ASO,ES,Federal Contract Tower,0,6,8,6,20,0,0,15,2,17,0,6,23,8,37,36,0,36,73
09/24/2021,ABY,GA,ASO,ES,Federal Contract Tower,0,8,10,8,26,0,0,14,2,16,0,8,24,10,42,4,38,42,84
09/25/2021,ABY,GA,ASO,ES,Federal Contract Tower,0,5,13,0,18,0,3,7,0,10,0,8,20,0,28,0,0,0,28
09/26/2021,ABY,GA,ASO,ES,Federal Contract Tower,0,12,14,0,26,0,0,19,0,19,0,12,33,0,45,4,0,4,49
09/27/2021,ABY,GA,ASO,ES,Federal Contract Tower,0,5,9,6,20,0,0,13,2,15,0,5,22,8,35,6,22,28,63
09/28/2021,ABY,GA,ASO,ES,Federal Contract Tower,0,7,5,5,17,0,0,16,3,19,0,7,21,8,36,0,16,16,52
09/29/2021,ABY,GA,ASO,ES,Federal Contract Tower,0,7,10,0,17,0,0,15,1,16,0,7,25,1,33,0,10,10,43
09/30/2021,ABY,GA,ASO,ES,Federal Contract Tower,0,7,17,0,24,0,0,11,4,15,0,7,28,4,39,0,18,18,57
10/01/2021,ABY,GA,ASO,ES,Federal Contract Tower,0,7,14,0,21,0,0,13,2,15,0,7,27,2,36,6,2,8,44
10/02/2021,ABY,GA,ASO,ES,Federal Contract Tower,0,5,9,0,14,0,0,2,0,2,0,5,11,0,16,6,0,6,22
10/03/2021,ABY,GA,ASO,ES,Federal Contract Tower,0,5,5,0,10,0,0,2,0,2,0,5,7,0,12,0,0,0,12
10/04/2021,ABY,GA,ASO,ES,Federal Contract Tower,0,6,1,2,9,0,0,3,0,3,0,6,4,2,12,4,2,6,18
10/05/2021,ABY,GA,ASO,ES,Federal Contract Tower,0,6,8,4,18,0,0,0,0,0,0,6,8,4,18,0,0,0,18
10/06/2021,ABY,GA,ASO,ES,Federal Contract Tower,0,6,4,5,15,0,0,4,0,4,0,6,8,5,19,0,6,6,25
10/07/2021,ABY,GA,ASO,ES,Federal Contract Tower,0,9,1,4,14,0,0,4,0,4,0,9,5,4,18,0,0,0,18
10/08/2021,ABY,GA,ASO,ES,Federal Contract Tower,1,8,11,0,20,0,0,16,0,16,1,8,27,0,36,0,0,0,36
10/09/2021,ABY,GA,ASO,ES,Federal Contract Tower,0,7,9,0,16,0,0,16,0,16,0,7,25,0,32,0,0,0,32
10/10/2021,ABY,GA,ASO,ES,Federal Contract Tower,0,6,8,2,16,0,0,19,0,19,0,6,27,2,35,20,10,30,65
10/11/2021,ABY,GA,ASO,ES,Federal Contract Tower,0,5,17,0,22,0,0,17,3,20,0,5,34,3,42,12,0,12,54
10/12/2021,ABY,GA,ASO,ES,Federal Contract Tower,0,5,10,3,18,0,0,18,1,19,0,5,28,4,37,18,0,18,55
10/13/2021,ABY,GA,ASO,ES,Federal Contract Tower,0,7,11,4,22,0,2,19,0,21,0,9,30,4,43,6,0,6,49
10/14/2021,ABY,GA,ASO,ES,Federal Contract Tower,0,6,12,0,18,0,1,19,0,20,0,7,31,0,38,2,24,26,64
10/15/2021,ABY,GA,ASO,ES,Federal Contract Tower,0,7,11,0,18,0,0,18,0,18,0,7,29,0,36,6,22,28,64
10/16/2021,ABY,GA,ASO,ES,Federal Contract Tower,0,8,10,0,18,0,0,11,0,11,0,8,21,0,29,0,0,0,29
10/17/2021,ABY,GA,ASO,ES,Federal Contract Tower,0,7,7,1,15,0,0,24,0,24,0,7,31,1,39,6,0,6,45
10/18/2021,ABY,GA,ASO,ES,Federal Contract Tower,0,7,11,2,20,0,0,8,2,10,0,7,19,4,30,14,12,26,56
10/19/2021,ABY,GA,ASO,ES,Federal Contract Tower,0,5,11,0,16,0,3,13,0,16,0,8,24,0,32,2,0,2,34
10/20/2021,ABY,GA,ASO,ES,Federal Contract Tower,0,5,16,0,21,0,0,23,0,23,0,5,39,0,44,0,0,0,44
10/21/2021,ABY,GA,ASO,ES,Federal Contract Tower,0,5,12,7,24,0,0,5,0,5,0,5,17,7,29,0,14,14,43
10/22/2021,ABY,GA,ASO,ES,Federal Contract Tower,0,5,8,2,15,0,0,19,0,19,0,5,27,2,34,6,8,14,48
10/23/2021,ABY,GA,ASO,ES,Federal Contract Tower,0,6,9,0,15,0,0,20,2,22,0,6,29,2,37,0,0,0,37
10/24/2021,ABY,GA,ASO,ES,Federal Contract Tower,0,8,13,1,22,0,2,9,1,12,0,10,22,2,34,0,0,0,34
10/25/2021,ABY,GA,ASO,ES,Federal Contract Tower,0,5,6,2,13,0,0,6,0,6,0,5,12,2,19,8,2,10,29
10/26/2021,ABY,GA,ASO,ES,Federal Contract Tower,0,7,7,0,14,0,0,19,3,22,0,7,26,3,36,6,18,24,60
10/27/2021,ABY,GA,ASO,ES,Federal Contract Tower,0,5,16,5,26,0,0,13,0,13,0,5,29,5,39,2,0,2,41
10/28/2021,ABY,GA,ASO,ES,Federal Contract Tower,0,6,3,10,19,0,0,2,3,5,0,6,5,13,24,0,22,22,46
10/29/2021,ABY,GA,ASO,ES,Federal Contract Tower,0,5,17,0,22,0,0,23,0,23,0,5,40,0,45,20,14,34,79
10/30/2021,ABY,GA,ASO,ES,Federal Contract Tower,0,5,9,0,14,0,0,2,0,2,0,5,11,0,16,0,0,0,16
10/31/2021,ABY,GA,ASO,ES,Federal Contract Tower,0,3,6,0,9,0,0,10,0,10,0,3,16,0,19,6,0,6,25
11/01/2021,ABY,GA,ASO,ES,Federal Contract Tower,0,8,4,0,12,0,0,10,4,14,0,8,14,4,26,12,32,44,70
11/02/2021,ABY,GA,ASO,ES,Federal Contract Tower,0,7,6,0,13,0,0,17,0,17,0,7,23,0,30,0,0,0,30
11/03/2021,ABY,GA,ASO,ES,Federal Contract Tower,0,9,8,4,21,0,0,15,2,17,0,9,23,6,38,2,52,54,92
11/04/2021,ABY,GA,ASO,ES,Federal Contract Tower,0,8,16,9,33,0,0,14,2,16,0,8,30,11,49,2,54,56,105
11/05/2021,ABY,GA,ASO,ES,Federal Contract Tower,0,4,13,2,19,0,0,5,3,8,0,4,18,5,27,0,20,20,47
11/06/2021,ABY,GA,ASO,ES,Federal Contract Tower,0,5,2,0,7,0,0,11,0,11,0,5,13,0,18,0,0,0,18
11/07/2021,ABY,GA,ASO,ES,Federal Contract Tower,0,4,16,0,20,0,0,15,0,15,0,4,31,0,35,12,0,12,47
11/08/2021,ABY,GA,ASO,ES,Federal Contract Tower,0,5,11,0,16,0,2,26,0,28,0,7,37,0,44,4,0,4,48
11/09/2021,ABY,GA,ASO,ES,Federal Contract Tower,0,6,3,3,12,0,0,19,2,21,0,6,22,5,33,0,14,14,47
11/10/2021,ABY,GA,ASO,ES,Federal Contract Tower,0,7,19,6,32,0,0,33,2,35,0,7,52,8,67,4,14,18,85
11/11/2021,ABY,GA,ASO,ES,Federal Contract Tower,0,5,13,0,18,0,0,6,9,15,0,5,19,9,33,2,0,2,35
11/12/2021,ABY,GA,ASO,ES,Federal Contract Tower,0,16,11,0,27,0,0,20,0,20,0,16,31,0,47,8,0,8,55
11/13/2021,ABY,GA,ASO,ES,Federal Contract Tower,0,5,5,2,12,0,0,15,0,15,0,5,20,2,27,0,0,0,27
11/14/2021,ABY,GA,ASO,ES,Federal Contract Tower,0,10,10,0,20,0,2,17,0,19,0,12,27,0,39,2,0,2,41
11/15/2021,ABY,GA,ASO,ES,Federal Contract Tower,0,12,4,4,20,0,0,20,3,23,0,12,24,7,43,6,16,22,65
11/16/2021,ABY,GA,ASO,ES,Federal Contract Tower,0,9,17,2,28,0,0,25,2,27,0,9,42,4,55,8,16,24,79
11/17/2021,ABY,GA,ASO,ES,Federal Contract Tower,0,7,16,2,25,0,1,17,0,18,0,8,33,2,43,18,0,18,61
11/18/2021,ABY,GA,ASO,ES,Federal Contract Tower,0,13,26,2,41,0,0,23,0,23,0,13,49,2,64,4,2,6,70
11/19/2021,ABY,GA,ASO,ES,Federal Contract Tower,0,6,24,2,32,0,0,21,0,21,0,6,45,2,53,2,0,2,55
11/20/2021,ABY,GA,ASO,ES,Federal Contract Tower,0,9,13,0,22,0,0,10,0,10,0,9,23,0,32,18,0,18,50
11/21/2021,ABY,GA,ASO,ES,Federal Contract Tower,0,7,10,1,18,0,0,11,0,11,0,7,21,1,29,14,0,14,43
11/22/2021,ABY,GA,ASO,ES,Federal Contract Tower,0,6,9,0,15,0,0,3,0,3,0,6,12,0,18,0,0,0,18
11/23/2021,ABY,GA,ASO,ES,Federal Contract Tower,0,12,8,0,20,0,0,17,2,19,0,12,25,2,39,36,14,50,89
11/24/2021,ABY,GA,ASO,ES,Federal Contract Tower,1,15,12,3,31,0,0,27,1,28,1,15,39,4,59,12,0,12,71
11/25/2021,ABY,GA,ASO,ES,Federal Contract Tower,0,6,6,0,12,0,0,1,0,1,0,6,7,0,13,0,0,0,13
11/26/2021,ABY,GA,ASO,ES,Federal Contract Tower,3,7,6,0,16,0,0,7,0,7,3,7,13,0,23,0,0,0,23
11/27/2021,ABY,GA,ASO,ES,Federal Contract Tower,0,10,17,0,27,0,0,13,0,13,0,10,30,0,40,4,0,4,44
11/28/2021,ABY,GA,ASO,ES,Federal Contract Tower,0,6,17,0,23,0,0,5,0,5,0,6,22,0,28,4,0,4,32
11/29/2021,ABY,GA,ASO,ES,Federal Contract Tower,0,11,13,4,28,0,0,17,0,17,0,11,30,4,45,8,0,8,53
11/30/2021,ABY,GA,ASO,ES,Federal Contract Tower,0,7,15,0,22,0,1,22,2,25,0,8,37,2,47,14,20,34,81
12/01/2021,ABY,GA,ASO,ES,Federal Contract Tower,8,8,24,4,44,0,0,8,0,8,8,8,32,4,52,2,2,4,56
12/02/2021,ABY,GA,ASO,ES,Federal Contract Tower,9,13,16,4,42,0,0,9,4,13,9,13,25,8,55,0,32,32,87
12/03/2021,ABY,GA,ASO,ES,Federal Contract Tower,4,11,2,2,19,0,0,17,2,19,4,11,19,4,38,8,10,18,56
12/04/2021,ABY,GA,ASO,ES,Federal Contract Tower,2,11,7,0,20,0,0,16,0,16,2,11,23,0,36,0,0,0,36
12/05/2021,ABY,GA,ASO,ES,Federal Contract Tower,0,17,17,2,36,0,1,6,3,10,0,18,23,5,46,0,0,0,46
12/06/2021,ABY,GA,ASO,ES,Federal Contract Tower,0,8,9,0,17,0,0,5,0,5,0,8,14,0,22,0,0,0,22
12/07/2021,ABY,GA,ASO,ES,Federal Contract Tower,8,10,16,4,38,0,0,0,0,0,8,10,16,4,38,0,0,0,38
12/08/2021,ABY,GA,ASO,ES,Federal Contract Tower,6,9,6,2,23,0,0,2,0,2,6,9,8,2,25,0,0,0,25
12/09/2021,ABY,GA,ASO,ES,Federal Contract Tower,8,15,14,2,39,0,0,0,0,0,8,15,14,2,39,0,0,0,39
12/10/2021,ABY,GA,ASO,ES,Federal Contract Tower,8,13,23,0,44,0,0,1,0,1,8,13,24,0,45,0,0,0,45
12/11/2021,ABY,GA,ASO,ES,Federal Contract Tower,2,5,8,0,15,0,0,0,0,0,2,5,8,0,15,0,0,0,15
12/12/2021,ABY,GA,ASO,ES,Federal Contract Tower,0,14,10,0,24,0,0,10,2,12,0,14,20,2,36,6,0,6,42
12/13/2021,ABY,GA,ASO,ES,Federal Contract Tower,0,7,16,0,23,0,0,12,0,12,0,7,28,0,35,12,0,12,47
12/14/2021,ABY,GA,ASO,ES,Federal Contract Tower,9,13,10,7,39,0,0,20,2,22,9,13,30,9,61,32,82,114,175
12/15/2021,ABY,GA,ASO,ES,Federal Contract Tower,9,9,16,3,37,0,1,13,0,14,9,10,29,3,51,34,38,72,123
12/16/2021,ABY,GA,ASO,ES,Federal Contract Tower,9,9,23,4,45,0,0,5,0,5,9,9,28,4,50,8,0,8,58
12/17/2021,ABY,GA,ASO,ES,Federal Contract Tower,2,15,9,0,26,0,0,9,3,12,2,15,18,3,38,22,0,22,60
12/18/2021,ABY,GA,ASO,ES,Federal Contract Tower,6,11,13,0,30,0,0,7,0,7,6,11,20,0,37,0,0,0,37
12/19/2021,ABY,GA,ASO,ES,Federal Contract Tower,0,9,6,0,15,0,0,1,0,1,0,9,7,0,16,0,0,0,16
12/21/2021,ABY,GA,ASO,ES,Federal Contract Tower,8,7,7,0,22,0,0,0,0,0,8,7,7,0,22,0,0,0,22
12/22/2021,ABY,GA,ASO,ES,Federal Contract Tower,8,7,16,0,31,0,0,11,0,11,8,7,27,0,42,0,0,0,42
12/23/2021,ABY,GA,ASO,ES,Federal Contract Tower,8,6,7,0,21,0,0,18,0,18,8,6,25,0,39,12,0,12,51
12/24/2021,ABY,GA,ASO,ES,Federal Contract Tower,7,5,8,0,20,0,0,15,0,15,7,5,23,0,35,0,0,0,35
12/25/2021,ABY,GA,ASO,ES,Federal Contract Tower,0,5,0,0,5,0,0,2,0,2,0,5,2,0,7,0,0,0,7
12/26/2021,ABY,GA,ASO,ES,Federal Contract Tower,0,3,15,0,18,0,0,4,0,4,0,3,19,0,22,0,0,0,22
12/27/2021,ABY,GA,ASO,ES,Federal Contract Tower,0,6,19,0,25,0,0,1,0,1,0,6,20,0,26,0,0,0,26
12/28/2021,ABY,GA,ASO,ES,Federal Contract Tower,7,7,17,2,33,0,0,6,0,6,7,7,23,2,39,0,0,0,39
12/29/2021,ABY,GA,ASO,ES,Federal Contract Tower,7,8,10,0,25,0,0,0,0,0,7,8,10,0,25,0,0,0,25
12/30/2021,ABY,GA,ASO,ES,Federal Contract Tower,6,11,12,0,29,0,0,2,0,2,6,11,14,0,31,0,0,0,31
12/31/2021,ABY,GA,ASO,ES,Federal Contract Tower,6,5,6,0,17,0,0,0,0,0,6,5,6,0,17,0,0,0,17
01/01/2022,ABY,GA,ASO,ES,Federal Contract Tower,0,7,9,0,16,0,0,0,0,0,0,7,9,0,16,0,0,0,16
01/02/2022,ABY,GA,ASO,ES,Federal Contract Tower,0,3,7,0,10,0,0,1,0,1,0,3,8,0,11,0,0,0,11
01/03/2022,ABY,GA,ASO,ES,Federal Contract Tower,0,5,26,0,31,0,0,9,0,9,0,5,35,0,40,8,0,8,48
01/04/2022,ABY,GA,ASO,ES,Federal Contract Tower,0,7,15,2,24,0,0,23,2,25,0,7,38,4,49,8,18,26,75
01/05/2022,ABY,GA,ASO,ES,Federal Contract Tower,0,6,17,2,25,0,0,11,2,13,0,6,28,4,38,24,17,41,79
01/06/2022,ABY,GA,ASO,ES,Federal Contract Tower,2,13,16,4,35,0,0,4,4,8,2,13,20,8,43,0,32,32,75
01/07/2022,ABY,GA,ASO,ES,Federal Contract Tower,0,6,14,4,24,0,0,16,9,25,0,6,30,13,49,38,44,82,131
01/08/2022,ABY,GA,ASO,ES,Federal Contract Tower,1,16,13,0,30,0,0,17,0,17,1,16,30,0,47,0,0,0,47
01/09/2022,ABY,GA,ASO,ES,Federal Contract Tower,0,14,14,0,28,0,2,7,0,9,0,16,21,0,37,0,0,0,37
01/10/2022,ABY,GA,ASO,ES,Federal Contract Tower,0,7,15,4,26,0,2,11,0,13,0,9,26,4,39,0,6,6,45
01/11/2022,ABY,GA,ASO,ES,Federal Contract Tower,0,6,25,6,37,0,0,25,3,28,0,6,50,9,65,46,26,72,137
01/12/2022,ABY,GA,ASO,ES,Federal Contract Tower,0,5,15,2,22,0,2,33,0,35,0,7,48,2,57,6,34,40,97
01/13/2022,ABY,GA,ASO,ES,Federal Contract Tower,0,7,11,2,20,0,0,21,0,21,0,7,32,2,41,8,0,8,49
01/14/2022,ABY,GA,ASO,ES,Federal Contract Tower,0,10,12,0,22,0,0,23,4,27,0,10,35,4,49,0,16,16,65
01/15/2022,ABY,GA,ASO,ES,Federal Contract Tower,0,6,5,0,11,0,0,18,0,18,0,6,23,0,29,10,0,10,39
01/16/2022,ABY,GA,ASO,ES,Federal Contract Tower,0,8,6,0,14,0,0,0,0,0,0,8,6,0,14,0,0,0,14
01/17/2022,ABY,GA,ASO,ES,Federal Contract Tower,0,5,10,0,15,0,0,11,0,11,0,5,21,0,26,0,0,0,26
01/18/2022,ABY,GA,ASO,ES,Federal Contract Tower,1,6,8,4,19,0,1,29,0,30,1,7,37,4,49,51,42,93,142
01/19/2022,ABY,GA,ASO,ES,Federal Contract Tower,0,3,15,0,18,0,0,30,0,30,0,3,45,0,48,14,38,52,100
01/20/2022,ABY,GA,ASO,ES,Federal Contract Tower,0,9,10,2,21,0,0,0,0,0,0,9,10,2,21,0,0,0,21
01/21/2022,ABY,GA,ASO,ES,Federal Contract Tower,0,7,8,4,19,0,0,0,0,0,0,7,8,4,19,0,4,4,23
01/22/2022,ABY,GA,ASO,ES,Federal Contract Tower,0,5,18,0,23,0,0,0,0,0,0,5,18,0,23,6,0,6,29
01/23/2022,ABY,GA,ASO,ES,Federal Contract Tower,0,11,12,0,23,0,0,14,0,14,0,11,26,0,37,0,0,0,37
01/24/2022,ABY,GA,ASO,ES,Federal Contract Tower,0,7,7,0,14,0,2,8,0,10,0,9,15,0,24,26,18,44,68
01/25/2022,ABY,GA,ASO,ES,Federal Contract Tower,0,12,19,7,38,0,0,2,0,2,0,12,21,7,40,14,28,42,82
01/26/2022,ABY,GA,ASO,ES,Federal Contract Tower,0,5,20,4,29,0,0,15,0,15,0,5,35,4,44,2,0,2,46
01/27/2022,ABY,GA,ASO,ES,Federal Contract Tower,0,12,12,2,26,0,0,8,2,10,0,12,20,4,36,0,6,6,42
01/28/2022,ABY,GA,ASO,ES,Federal Contract Tower,0,11,13,6,30,0,0,17,3,20,0,11,30,9,50,10,22,32,82
01/29/2022,ABY,GA,ASO,ES,Federal Contract Tower,1,6,9,0,16,0,0,9,2,11,1,6,18,2,27,0,0,0,27
01/30/2022,ABY,GA,ASO,ES,Federal Contract Tower,0,8,12,0,20,0,0,19,3,22,0,8,31,3,42,0,0,0,42
01/31/2022,ABY,GA,ASO,ES,Federal Contract Tower,0,8,13,2,23,0,0,9,0,9,0,8,22,2,32,2,0,2,34
02/01/2022,ABY,GA,ASO,ES,Federal Contract Tower,1,4,14,0,19,0,0,11,0,11,1,4,25,0,30,8,0,8,38
02/02/2022,ABY,GA,ASO,ES,Federal Contract Tower,0,8,17,11,36,0,0,10,13,23,0,8,27,24,59,14,28,42,101
02/03/2022,ABY,GA,ASO,ES,Federal Contract Tower,0,5,14,7,26,0,0,3,0,3,0,5,17,7,29,0,18,18,47
02/04/2022,ABY,GA,ASO,ES,Federal Contract Tower,0,9,3,0,12,0,0,0,0,0,0,9,3,0,12,0,0,0,12
02/05/2022,ABY,GA,ASO,ES,Federal Contract Tower,1,4,11,4,20,0,0,9,0,9,1,4,20,4,29,0,0,0,29
02/06/2022,ABY,GA,ASO,ES,Federal Contract Tower,0,15,15,1,31,0,0,4,0,4,0,15,19,1,35,0,0,0,35
02/07/2022,ABY,GA,ASO,ES,Federal Contract Tower,0,7,10,0,17,0,0,0,0,0,0,7,10,0,17,0,0,0,17
02/08/2022,ABY,GA,ASO,ES,Federal Contract Tower,0,9,16,5,30,0,0,11,0,11,0,9,27,5,41,48,30,78,119
02/09/2022,ABY,GA,ASO,ES,Federal Contract Tower,0,5,18,2,25,0,0,14,2,16,0,5,32,4,41,38,40,78,119
02/10/2022,ABY,GA,ASO,ES,Federal Contract Tower,0,8,13,6,27,0,0,15,4,19,0,8,28,10,46,30,44,74,120
02/11/2022,ABY,GA,ASO,ES,Federal Contract Tower,0,7,17,4,28,0,0,32,7,39,0,7,49,11,67,0,8,8,75
02/12/2022,ABY,GA,ASO,ES,Federal Contract Tower,1,6,8,0,15,0,0,17,0,17,1,6,25,0,32,14,0,14,46
02/13/2022,ABY,GA,ASO,ES,Federal Contract Tower,0,9,15,3,27,0,0,16,3,19,0,9,31,6,46,8,0,8,54
02/14/2022,ABY,GA,ASO,ES,Federal Contract Tower,0,10,10,2,22,0,0,25,0,25,0,10,35,2,47,0,10,10,57
02/15/2022,ABY,GA,ASO,ES,Federal Contract Tower,0,7,11,2,20,0,0,16,2,18,0,7,27,4,38,0,14,14,52
02/16/2022,ABY,GA,ASO,ES,Federal Contract Tower,0,4,14,2,20,0,0,11,3,14,0,4,25,5,34,6,20,26,60
02/17/2022,ABY,GA,ASO,ES,Federal Contract Tower,1,10,9,10,30,0,0,3,4,7,1,10,12,14,37,0,14,14,51
02/18/2022,ABY,GA,ASO,ES,Federal Contract Tower,0,11,22,7,40,0,0,20,3,23,0,11,42,10,63,2,0,2,65
02/19/2022,ABY,GA,ASO,ES,Federal Contract Tower,0,6,3,0,9,0,0,15,0,15,0,6,18,0,24,4,0,4,28
02/20/2022,ABY,GA,ASO,ES,Federal Contract Tower,0,7,13,1,21,0,0,21,1,22,0,7,34,2,43,2,0,2,45
02/21/2022,ABY,GA,ASO,ES,Federal Contract Tower,0,12,17,0,29,0,0,5,0,5,0,12,22,0,34,0,0,0,34
02/22/2022,ABY,GA,ASO,ES,Federal Contract Tower,2,7,12,0,21,0,0,7,2,9,2,7,19,2,30,2,20,22,52
02/23/2022,ABY,GA,ASO,ES,Federal Contract Tower,1,6,14,0,21,0,0,11,0,11,1,6,25,0,32,2,0,2,34
02/24/2022,ABY,GA,ASO,ES,Federal Contract Tower,2,13,16,0,31,0,0,5,1,6,2,13,21,1,37,0,0,0,37
02/25/2022,ABY,GA,ASO,ES,Federal Contract Tower,1,17,23,4,45,0,0,3,1,4,1,17,26,5,49,0,20,20,69
02/26/2022,ABY,GA,ASO,ES,Federal Contract Tower,0,3,2,0,5,0,0,21,0,21,0,3,23,0,26,0,0,0,26
02/27/2022,ABY,GA,ASO,ES,Federal Contract Tower,0,14,24,0,38,0,1,14,2,17,0,15,38,2,55,0,0,0,55
02/28/2022,ABY,GA,ASO,ES,Federal Contract Tower,0,8,10,4,22,0,1,5,1,7,0,9,15,5,29,0,0,0,29
03/01/2022,ABY,GA,ASO,ES,Federal Contract Tower,0,3,7,2,12,0,2,14,4,20,0,5,21,6,32,2,32,34,66
03/02/2022,ABY,GA,ASO,ES,Federal Contract Tower,0,6,14,5,25,0,0,8,3,11,0,6,22,8,36,12,50,62,98
03/03/2022,ABY,GA,ASO,ES,Federal Contract Tower,0,10,6,1,17,0,0,21,2,23,0,10,27,3,40,38,18,56,96
03/04/2022,ABY,GA,ASO,ES,Federal Contract Tower,0,9,4,8,21,0,0,25,1,26,0,9,29,9,47,12,10,22,69
03/05/2022,ABY,GA,ASO,ES,Federal Contract Tower,0,4,11,0,15,0,0,18,0,18,0,4,29,0,33,4,0,4,37
03/06/2022,ABY,GA,ASO,ES,Federal Contract Tower,0,11,15,8,34,0,0,10,4,14,0,11,25,12,48,2,2,4,52
03/07/2022,ABY,GA,ASO,ES,Federal Contract Tower,0,7,7,16,30,0,0,13,0,13,0,7,20,16,43,0,28,28,71
03/08/2022,ABY,GA,ASO,ES,Federal Contract Tower,0,8,12,8,28,0,0,2,2,4,0,8,14,10,32,2,30,32,64
03/09/2022,ABY,GA,ASO,ES,Federal Contract Tower,0,5,7,0,12,0,0,0,0,0,0,5,7,0,12,0,0,0,12
03/10/2022,ABY,GA,ASO,ES,Federal Contract Tower,0,9,9,0,18,0,0,0,0,0,0,9,9,0,18,0,0,0,18
03/11/2022,ABY,GA,ASO,ES,Federal Contract Tower,0,6,6,0,12,0,0,0,0,0,0,6,6,0,12,0,0,0,12
03/12/2022,ABY,GA,ASO,ES,Federal Contract Tower,0,8,12,0,20,0,0,0,0,0,0,8,12,0,20,0,0,0,20
03/13/2022,ABY,GA,ASO,ES,Federal Contract Tower,0,7,11,0,18,0,0,30,0,30,0,7,41,0,48,26,0,26,74
03/14/2022,ABY,GA,ASO,ES,Federal Contract Tower,0,10,11,4,25,0,0,21,0,21,0,10,32,4,46,2,32,34,80
03/15/2022,ABY,GA,ASO,ES,Federal Contract Tower,0,7,6,2,15,0,0,8,0,8,0,7,14,2,23,12,0,12,35
03/16/2022,ABY,GA,ASO,ES,Federal Contract Tower,0,9,8,0,17,0,0,4,0,4,0,9,12,0,21,0,0,0,21
03/17/2022,ABY,GA,ASO,ES,Federal Contract Tower,2,12,17,0,31,0,0,16,0,16,2,12,33,0,47,2,0,2,49
03/18/2022,ABY,GA,ASO,ES,Federal Contract Tower,2,6,11,0,19,0,0,3,0,3,2,6,14,0,22,0,0,0,22
03/19/2022,ABY,GA,ASO,ES,Federal Contract Tower,0,4,11,0,15,0,0,7,0,7,0,4,18,0,22,4,0,4,26
03/20/2022,ABY,GA,ASO,ES,Federal Contract Tower,0,7,9,0,16,0,0,25,0,25,0,7,34,0,41,14,0,14,55
03/21/2022,ABY,GA,ASO,ES,Federal Contract Tower,0,5,7,0,12,0,0,8,6,14,0,5,15,6,26,0,54,54,80
03/22/2022,ABY,GA,ASO,ES,Federal Contract Tower,0,5,7,1,13,0,0,10,5,15,0,5,17,6,28,16,12,28,56
03/23/2022,ABY,GA,ASO,ES,Federal Contract Tower,0,5,2,0,7,0,0,0,0,0,0,5,2,0,7,0,0,0,7
03/24/2022,ABY,GA,ASO,ES,Federal Contract Tower,0,6,15,0,21,0,0,11,0,11,0,6,26,0,32,6,0,6,38
03/25/2022,ABY,GA,ASO,ES,Federal Contract Tower,0,5,9,1,15,0,1,6,4,11,0,6,15,5,26,2,12,14,40
03/26/2022,ABY,GA,ASO,ES,Federal Contract Tower,0,3,8,0,11,0,0,6,0,6,0,3,14,0,17,2,0,2,19
03/27/2022,ABY,GA,ASO,ES,Federal Contract Tower,0,5,8,0,13,0,0,15,3,18,0,5,23,3,31,0,0,0,31
03/28/2022,ABY,GA,ASO,ES,Federal Contract Tower,0,5,12,6,23,0,0,9,2,11,0,5,21,8,34,0,22,22,56
03/29/2022,ABY,GA,ASO,ES,Federal Contract Tower,0,6,7,3,16,0,2,11,0,13,0,8,18,3,29,14,32,46,75
03/30/2022,ABY,GA,ASO,ES,Federal Contract Tower,0,3,10,0,13,0,2,9,0,11,0,5,19,0,24,0,0,0,24
03/31/2022,ABY,GA,ASO,ES,Federal Contract Tower,1,5,7,0,13,0,0,2,0,2,1,5,9,0,15,0,16,16,31
04/01/2022,ABY,GA,ASO,ES,Federal Contract Tower,0,6,14,1,21,0,0,9,5,14,0,6,23,6,35,12,46,58,93
04/02/2022,ABY,GA,ASO,ES,Federal Contract Tower,0,3,3,0,6,0,0,5,0,5,0,3,8,0,11,2,0,2,13
04/03/2022,ABY,GA,ASO,ES,Federal Contract Tower,0,7,16,0,23,0,0,16,0,16,0,7,32,0,39,4,0,4,43
04/04/2022,ABY,GA,ASO,ES,Federal Contract Tower,0,5,10,0,15,0,0,10,0,10,0,5,20,0,25,0,0,0,25
04/05/2022,ABY,GA,ASO,ES,Federal Contract Tower,0,4,2,8,14,0,0,0,0,0,0,4,2,8,14,0,0,0,14
04/06/2022,ABY,GA,ASO,ES,Federal Contract Tower,0,8,4,0,12,0,0,1,0,1,0,8,5,0,13,0,0,0,13
04/07/2022,ABY,GA,ASO,ES,Federal Contract Tower,0,5,18,0,23,0,0,11,0,11,0,5,29,0,34,4,0,4,38
04/08/2022,ABY,GA,ASO,ES,Federal Contract Tower,0,5,5,6,16,0,1,3,0,4,0,6,8,6,20,2,12,14,34
04/09/2022,ABY,GA,ASO,ES,Federal Contract Tower,0,3,6,0,9,0,0,7,0,7,0,3,13,0,16,7,0,7,23
04/10/2022,ABY,GA,ASO,ES,Federal Contract Tower,0,5,11,0,16,0,0,16,0,16,0,5,27,0,32,24,0,24,56
04/11/2022,ABY,GA,ASO,ES,Federal Contract Tower,0,5,14,2,21,0,0,9,2,11,0,5,23,4,32,8,0,8,40
04/12/2022,ABY,GA,ASO,ES,Federal Contract Tower,0,7,11,4,22,0,0,11,1,12,0,7,22,5,34,6,20,26,60
04/13/2022,ABY,GA,ASO,ES,Federal Contract Tower,0,5,11,0,16,0,0,11,0,11,0,5,22,0,27,4,0,4,31
04/14/2022,ABY,GA,ASO,ES,Federal Contract Tower,0,5,14,0,19,0,0,1,0,1,0,5,15,0,20,12,0,12,32
04/15/2022,ABY,GA,ASO,ES,Federal Contract Tower,0,6,9,0,15,0,1,21,2,24,0,7,30,2,39,14,12,26,65
04/16/2022,ABY,GA,ASO,ES,Federal Contract Tower,0,3,4,0,7,0,0,1,0,1,0,3,5,0,8,10,0,10,18
04/17/2022,ABY,GA,ASO,ES,Federal Contract Tower,0,6,6,1,13,0,0,2,1,3,0,6,8,2,16,0,0,0,16
04/18/2022,ABY,GA,ASO,ES,Federal Contract Tower,0,7,6,2,15,0,0,2,0,2,0,7,8,2,17,0,0,0,17
04/19/2022,ABY,GA,ASO,ES,Federal Contract Tower,0,12,1,4,17,0,0,17,0,17,0,12,18,4,34,22,0,22,56
04/20/2022,ABY,GA,ASO,ES,Federal Contract Tower,0,5,13,0,18,0,0,14,0,14,0,5,27,0,32,6,0,6,38
04/21/2022,ABY,GA,ASO,ES,Federal Contract Tower,0,5,5,4,14,0,0,20,0,20,0,5,25,4,34,14,8,22,56
04/22/2022,ABY,GA,ASO,ES,Federal Contract Tower,0,5,8,4,17,0,0,21,0,21,0,5,29,4,38,10,2,12,50
04/23/2022,ABY,GA,ASO,ES,Federal Contract Tower,3,3,9,0,15,0,0,17,0,17,3,3,26,0,32,28,0,28,60
04/24/2022,ABY,GA,ASO,ES,Federal Contract Tower,0,7,12,0,19,0,0,11,0,11,0,7,23,0,30,8,0,8,38
04/25/2022,ABY,GA,ASO,ES,Federal Contract Tower,0,7,0,4,11,0,0,14,2,16,0,7,14,6,27,2,14,16,43
04/26/2022,ABY,GA,ASO,ES,Federal Contract Tower,0,6,5,3,14,0,0,8,1,9,0,6,13,4,23,2,30,32,55
04/27/2022,ABY,GA,ASO,ES,Federal Contract Tower,0,8,9,0,17,0,0,25,2,27,0,8,34,2,44,0,30,30,74
04/28/2022,ABY,GA,ASO,ES,Federal Contract Tower,0,6,10,5,21,0,0,17,2,19,0,6,27,7,40,22,10,32,72
04/29/2022,ABY,GA,ASO,ES,Federal Contract Tower,0,5,4,1,10,0,0,12,9,21,0,5,16,10,31,10,20,30,61
04/30/2022,ABY,GA,ASO,ES,Federal Contract Tower,0,3,6,0,9,0,0,14,0,14,0,3,20,0,23,2,0,2,25
05/01/2022,ABY,GA,ASO,ES,Federal Contract Tower,0,5,9,0,14,0,0,2,0,2,0,5,11,0,16,3,0,3,19
05/02/2022,ABY,GA,ASO,ES,Federal Contract Tower,0,5,0,0,5,0,0,13,0,13,0,5,13,0,18,2,0,2,20
05/03/2022,ABY,GA,ASO,ES,Federal Contract Tower,0,5,9,0,14,0,1,17,0,18,0,6,26,0,32,6,0,6,38
05/04/2022,ABY,GA,ASO,ES,Federal Contract Tower,1,5,5,6,17,0,0,21,0,21,1,5,26,6,38,18,14,32,70
05/05/2022,ABY,GA,ASO,ES,Federal Contract Tower,1,5,9,10,25,0,0,16,0,16,1,5,25,10,41,6,14,20,61
05/06/2022,ABY,GA,ASO,ES,Federal Contract Tower,0,6,5,1,12,0,0,0,1,1,0,6,5,2,13,0,0,0,13
05/07/2022,ABY,GA,ASO,ES,Federal Contract Tower,0,4,8,0,12,0,0,6,2,8,0,4,14,2,20,19,0,19,39
05/08/2022,ABY,GA,ASO,ES,Federal Contract Tower,0,5,4,0,9,0,0,7,0,7,0,5,11,0,16,0,0,0,16
05/09/2022,ABY,GA,ASO,ES,Federal Contract Tower,0,5,6,4,15,0,0,12,2,14,0,5,18,6,29,0,14,14,43
05/10/2022,ABY,GA,ASO,ES,Federal Contract Tower,0,5,7,4,16,0,0,23,0,23,0,5,30,4,39,0,6,6,45
05/11/2022,ABY,GA,ASO,ES,Federal Contract Tower,0,9,9,0,18,0,0,14,0,14,0,9,23,0,32,2,0,2,34
05/12/2022,ABY,GA,ASO,ES,Federal Contract Tower,0,5,4,0,9,0,0,22,2,24,0,5,26,2,33,0,6,6,39
05/13/2022,ABY,GA,ASO,ES,Federal Contract Tower,0,5,7,12,24,0,0,9,2,11,0,5,16,14,35,0,0,0,35
05/14/2022,ABY,GA,ASO,ES,Federal Contract Tower,0,6,6,0,12,0,0,3,0,3,0,6,9,0,15,4,0,4,19
05/15/2022,ABY,GA,ASO,ES,Federal Contract Tower,0,6,4,4,14,0,0,18,8,26,0,6,22,12,40,8,0,8,48
05/16/2022,ABY,GA,ASO,ES,Federal Contract Tower,0,9,8,0,17,0,0,5,0,5,0,9,13,0,22,2,0,2,24
05/17/2022,ABY,GA,ASO,ES,Federal Contract Tower,0,6,14,2,22,0,0,2,2,4,0,6,16,4,26,4,34,38,64
05/18/2022,ABY,GA,ASO,ES,Federal Contract Tower,0,6,11,0,17,0,0,15,0,15,0,6,26,0,32,4,34,38,70
05/19/2022,ABY,GA,ASO,ES,Federal Contract Tower,0,7,17,0,24,0,0,21,0,21,0,7,38,0,45,28,0,28,73
05/20/2022,ABY,GA,ASO,ES,Federal Contract Tower,0,7,5,0,12,0,0,16,0,16,0,7,21,0,28,22,2,24,52
05/21/2022,ABY,GA,ASO,ES,Federal Contract Tower,0,5,5,0,10,0,0,4,0,4,0,5,9,0,14,0,0,0,14
05/22/2022,ABY,GA,ASO,ES,Federal Contract Tower,0,5,1,0,6,0,0,10,0,10,0,5,11,0,16,0,0,0,16
05/23/2022,ABY,GA,ASO,ES,Federal Contract Tower,0,7,4,0,11,0,0,3,0,3,0,7,7,0,14,2,0,2,16
05/24/2022,ABY,GA,ASO,ES,Federal Contract Tower,0,7,5,5,17,0,0,23,0,23,0,7,28,5,40,0,0,0,40
05/25/2022,ABY,GA,ASO,ES,Federal Contract Tower,0,5,18,2,25,0,0,6,1,7,0,5,24,3,32,2,0,2,34
05/26/2022,ABY,GA,ASO,ES,Federal Contract Tower,0,8,5,0,13,0,0,0,0,0,0,8,5,0,13,0,0,0,13
05/27/2022,ABY,GA,ASO,ES,Federal Contract Tower,0,5,10,3,18,0,0,15,4,19,0,5,25,7,37,0,18,18,55
05/28/2022,ABY,GA,ASO,ES,Federal Contract Tower,0,3,4,0,7,0,0,12,0,12,0,3,16,0,19,0,0,0,19
05/29/2022,ABY,GA,ASO,ES,Federal Contract Tower,0,3,6,0,9,0,0,16,0,16,0,3,22,0,25,6,0,6,31
05/30/2022,ABY,GA,ASO,ES,Federal Contract Tower,0,5,3,0,8,0,1,8,0,9,0,6,11,0,17,12,0,12,29
05/31/2022,ABY,GA,ASO,ES,Federal Contract Tower,0,5,10,2,17,0,0,8,4,12,0,5,18,6,29,4,50,54,83
06/01/2022,ABY,GA,ASO,ES,Federal Contract Tower,0,5,11,6,22,0,0,6,1,7,0,5,17,7,29,4,22,26,55
06/02/2022,ABY,GA,ASO,ES,Federal Contract Tower,1,8,7,3,19,0,0,13,4,17,1,8,20,7,36,18,44,62,98
06/03/2022,ABY,GA,ASO,ES,Federal Contract Tower,0,4,1,2,7,0,0,11,0,11,0,4,12,2,18,8,0,8,26
06/04/2022,ABY,GA,ASO,ES,Federal Contract Tower,0,5,0,0,5,0,0,8,2,10,0,5,8,2,15,0,0,0,15
06/05/2022,ABY,GA,ASO,ES,Federal Contract Tower,0,8,2,0,10,0,0,7,0,7,0,8,9,0,17,0,0,0,17
06/06/2022,ABY,GA,ASO,ES,Federal Contract Tower,0,5,16,0,21,0,0,6,0,6,0,5,22,0,27,0,0,0,27
06/07/2022,ABY,GA,ASO,ES,Federal Contract Tower,0,6,9,0,15,0,0,2,0,2,0,6,11,0,17,4,0,4,21
06/08/2022,ABY,GA,ASO,ES,Federal Contract Tower,0,5,4,2,11,0,0,9,2,11,0,5,13,4,22,12,22,34,56
06/09/2022,ABY,GA,ASO,ES,Federal Contract Tower,0,5,11,6,22,0,0,6,0,6,0,5,17,6,28,6,4,10,38
06/10/2022,ABY,GA,ASO,ES,Federal Contract Tower,0,5,9,2,16,0,0,22,2,24,0,5,31,4,40,14,0,14,54
06/11/2022,ABY,GA,ASO,ES,Federal Contract Tower,0,4,1,0,5,0,0,16,0,16,0,4,17,0,21,0,0,0,21
06/12/2022,ABY,GA,ASO,ES,Federal Contract Tower,0,4,4,0,8,0,0,15,2,17,0,4,19,2,25,0,0,0,25
06/13/2022,ABY,GA,ASO,ES,Federal Contract Tower,0,4,7,2,13,0,0,9,0,9,0,4,16,2,22,0,0,0,22
06/14/2022,ABY,GA,ASO,ES,Federal Contract Tower,0,2,8,2,12,0,1,6,0,7,0,3,14,2,19,0,0,0,19
06/15/2022,ABY,GA,ASO,ES,Federal Contract Tower,0,5,7,0,12,0,0,15,0,15,0,5,22,0,27,20,22,42,69
06/16/2022,ABY,GA,ASO,ES,Federal Contract Tower,0,5,18,2,25,0,1,14,0,15,0,6,32,2,40,0,26,26,66
06/17/2022,ABY,GA,ASO,ES,Federal Contract Tower,0,7,7,1,15,0,0,16,0,16,0,7,23,1,31,8,0,8,39
06/18/2022,ABY,GA,ASO,ES,Federal Contract Tower,0,5,3,0,8,0,0,10,0,10,0,5,13,0,18,4,0,4,22
06/19/2022,ABY,GA,ASO,ES,Federal Contract Tower,0,4,0,1,5,0,0,12,1,13,0,4,12,2,18,22,0,22,40
06/20/2022,ABY,GA,ASO,ES,Federal Contract Tower,0,4,7,0,11,0,0,27,0,27,0,4,34,0,38,30,0,30,68
06/21/2022,ABY,GA,ASO,ES,Federal Contract Tower,0,7,9,3,19,0,0,20,4,24,0,7,29,7,43,20,0,20,63
06/22/2022,ABY,GA,ASO,ES,Federal Contract Tower,0,6,12,2,20,0,0,17,2,19,0,6,29,4,39,4,4,8,47
06/23/2022,ABY,GA,ASO,ES,Federal Contract Tower,0,6,12,1,19,0,0,22,4,26,0,6,34,5,45,0,36,36,81
06/24/2022,ABY,GA,ASO,ES,Federal Contract Tower,0,6,4,2,12,0,0,16,0,16,0,6,20,2,28,18,0,18,46
06/25/2022,ABY,GA,ASO,ES,Federal Contract Tower,2,7,3,0,12,0,0,4,0,4,2,7,7,0,16,0,0,0,16
06/26/2022,ABY,GA,ASO,ES,Federal Contract Tower,0,5,5,0,10,0,0,14,0,14,0,5,19,0,24,8,0,8,32
06/27/2022,ABY,GA,ASO,ES,Federal Contract Tower,0,8,4,10,22,0,0,19,2,21,0,8,23,12,43,2,18,20,63
06/28/2022,ABY,GA,ASO,ES,Federal Contract Tower,0,6,13,0,19,0,0,6,0,6,0,6,19,0,25,18,0,18,43
06/29/2022,ABY,GA,ASO,ES,Federal Contract Tower,0,4,10,3,17,0,0,2,1,3,0,4,12,4,20,0,0,0,20
06/30/2022,ABY,GA,ASO,ES,Federal Contract Tower,0,7,6,0,13,0,0,2,0,2,0,7,8,0,15,0,0,0,15
07/01/2022,ABY,GA,ASO,ES,Federal Contract Tower,0,6,5,0,11,0,0,9,0,9,0,6,14,0,20,4,0,4,24
07/02/2022,ABY,GA,ASO,ES,Federal Contract Tower,0,4,5,0,9,0,0,6,0,6,0,4,11,0,15,6,0,6,21
07/03/2022,ABY,GA,ASO,ES,Federal Contract Tower,0,2,1,0,3,0,0,2,0,2,0,2,3,0,5,4,0,4,9
07/04/2022,ABY,GA,ASO,ES,Federal Contract Tower,0,3,2,0,5,0,0,2,0,2,0,3,4,0,7,4,0,4,11
07/05/2022,ABY,GA,ASO,ES,Federal Contract Tower,2,6,8,3,19,0,0,13,0,13,2,6,21,3,32,0,30,30,62
07/06/2022,ABY,GA,ASO,ES,Federal Contract Tower,0,5,3,1,9,0,0,16,2,18,0,5,19,3,27,10,22,32,59
07/07/2022,ABY,GA,ASO,ES,Federal Contract Tower,0,4,2,2,8,0,0,6,0,6,0,4,8,2,14,12,0,12,26
07/08/2022,ABY,GA,ASO,ES,Federal Contract Tower,0,3,11,1,15,0,0,5,1,6,0,3,16,2,21,0,6,6,27
07/09/2022,ABY,GA,ASO,ES,Federal Contract Tower,0,1,7,5,13,0,0,6,0,6,0,1,13,5,19,2,0,2,21
07/10/2022,ABY,GA,ASO,ES,Federal Contract Tower,0,4,7,0,11,0,0,6,4,10,0,4,13,4,21,4,0,4,25
07/11/2022,ABY,GA,ASO,ES,Federal Contract Tower,0,5,2,2,9,0,0,3,2,5,0,5,5,4,14,0,0,0,14
07/12/2022,ABY,GA,ASO,ES,Federal Contract Tower,0,4,7,6,17,0,0,5,0,5,0,4,12,6,22,0,14,14,36
07/13/2022,ABY,GA,ASO,ES,Federal Contract Tower,0,2,15,0,17,0,0,6,0,6,0,2,21,0,23,0,0,0,23
07/14/2022,ABY,GA,ASO,ES,Federal Contract Tower,2,4,9,3,18,0,0,4,1,5,2,4,13,4,23,0,2,2,25
07/15/2022,ABY,GA,ASO,ES,Federal Contract Tower,0,4,7,2,13,0,0,0,2,2,0,4,7,4,15,2,0,2,17
07/16/2022,ABY,GA,ASO,ES,Federal Contract Tower,0,5,1,0,6,0,0,10,0,10,0,5,11,0,16,6,0,6,22
07/17/2022,ABY,GA,ASO,ES,Federal Contract Tower,0,6,4,0,10,0,0,22,4,26,0,6,26,4,36,14,0,14,50
07/18/2022,ABY,GA,ASO,ES,Federal Contract Tower,0,5,12,0,17,0,0,17,0,17,0,5,29,0,34,0,0,0,34
07/19/2022,ABY,GA,ASO,ES,Federal Contract Tower,0,5,5,0,10,0,0,6,0,6,0,5,11,0,16,0,0,0,16
07/20/2022,ABY,GA,ASO,ES,Federal Contract Tower,0,4,9,0,13,0,0,5,2,7,0,4,14,2,20,10,0,10,30
07/21/2022,ABY,GA,ASO,ES,Federal Contract Tower,0,7,7,0,14,0,0,1,2,3,0,7,8,2,17,0,0,0,17
07/22/2022,ABY,GA,ASO,ES,Federal Contract Tower,0,6,11,2,19,0,0,7,0,7,0,6,18,2,26,0,0,0,26
07/23/2022,ABY,GA,ASO,ES,Federal Contract Tower,0,3,4,8,15,0,0,8,0,8,0,3,12,8,23,0,8,8,31
07/24/2022,ABY,GA,ASO,ES,Federal Contract Tower,0,6,5,2,13,0,0,8,0,8,0,6,13,2,21,0,0,0,21
07/25/2022,ABY,GA,ASO,ES,Federal Contract Tower,0,5,6,5,16,0,0,5,0,5,0,5,11,5,21,0,24,24,45
07/26/2022,ABY,GA,ASO,ES,Federal Contract Tower,0,3,6,0,9,0,0,15,0,15,0,3,21,0,24,12,0,12,36
07/27/2022,ABY,GA,ASO,ES,Federal Contract Tower,0,4,7,0,11,0,0,16,0,16,0,4,23,0,27,2,16,18,45
07/28/2022,ABY,GA,ASO,ES,Federal Contract Tower,0,5,12,0,17,0,0,14,1,15,0,5,26,1,32,2,0,2,34
07/29/2022,ABY,GA,ASO,ES,Federal Contract Tower,0,5,5,2,12,0,0,9,0,9,0,5,14,2,21,0,0,0,21
07/30/2022,ABY,GA,ASO,ES,Federal Contract Tower,0,2,4,0,6,0,0,15,0,15,0,2,19,0,21,0,0,0,21
07/31/2022,ABY,GA,ASO,ES,Federal Contract Tower,0,5,8,1,14,0,0,11,7,18,0,5,19,8,32,0,0,0,32
08/01/2022,ABY,GA,ASO,ES,Federal Contract Tower,0,5,7,2,14,0,0,12,5,17,0,5,19,7,31,0,46,46,77
08/02/2022,ABY,GA,ASO,ES,Federal Contract Tower,1,3,9,2,15,0,0,10,0,10,1,3,19,2,25,6,10,16,41
08/03/2022,ABY,GA,ASO,ES,Federal Contract Tower,0,2,10,5,17,0,0,19,0,19,0,2,29,5,36,2,2,4,40
08/04/2022,ABY,GA,ASO,ES,Federal Contract Tower,0,4,7,0,11,0,0,9,4,13,0,4,16,4,24,2,0,2,26
08/05/2022,ABY,GA,ASO,ES,Federal Contract Tower,0,5,4,2,11,0,0,13,4,17,0,5,17,6,28,2,0,2,30
08/06/2022,ABY,GA,ASO,ES,Federal Contract Tower,0,6,5,0,11,0,0,11,0,11,0,6,16,0,22,4,0,4,26
08/07/2022,ABY,GA,ASO,ES,Federal Contract Tower,0,4,7,0,11,0,0,9,4,13,0,4,16,4,24,14,0,14,38
08/08/2022,ABY,GA,ASO,ES,Federal Contract Tower,0,10,7,2,19,0,2,3,0,5,0,12,10,2,24,0,0,0,24
08/09/2022,ABY,GA,ASO,ES,Federal Contract Tower,0,7,15,1,23,0,0,7,0,7,0,7,22,1,30,4,24,28,58
08/10/2022,ABY,GA,ASO,ES,Federal Contract Tower,0,3,8,4,15,0,0,7,0,7,0,3,15,4,22,0,16,16,38
08/11/2022,ABY,GA,ASO,ES,Federal Contract Tower,0,5,1,2,8,0,0,3,0,3,0,5,4,2,11,0,0,0,11
08/12/2022,ABY,GA,ASO,ES,Federal Contract Tower,0,7,7,4,18,0,0,4,0,4,0,7,11,4,22,20,14,34,56
08/13/2022,ABY,GA,ASO,ES,Federal Contract Tower,0,2,6,0,8,0,0,4,0,4,0,2,10,0,12,0,0,0,12
08/14/2022,ABY,GA,ASO,ES,Federal Contract Tower,0,5,4,0,9,0,0,11,0,11,0,5,15,0,20,24,0,24,44
08/15/2022,ABY,GA,ASO,ES,Federal Contract Tower,0,4,3,0,7,0,1,19,0,20,0,5,22,0,27,10,0,10,37
08/16/2022,ABY,GA,ASO,ES,Federal Contract Tower,0,3,9,0,12,0,0,9,0,9,0,3,18,0,21,10,0,10,31
08/17/2022,ABY,GA,ASO,ES,Federal Contract Tower,0,4,5,0,9,0,0,5,0,5,0,4,10,0,14,0,10,10,24
08/18/2022,ABY,GA,ASO,ES,Federal Contract Tower,0,7,11,0,18,0,0,6,0,6,0,7,17,0,24,0,0,0,24
08/19/2022,ABY,GA,ASO,ES,Federal Contract Tower,0,6,5,3,14,0,0,2,2,4,0,6,7,5,18,0,0,0,18
08/20/2022,ABY,GA,ASO,ES,Federal Contract Tower,0,4,2,0,6,0,0,2,0,2,0,4,4,0,8,0,0,0,8
08/21/2022,ABY,GA,ASO,ES,Federal Contract Tower,0,5,8,0,13,0,0,3,0,3,0,5,11,0,16,2,1,3,19
08/22/2022,ABY,GA,ASO,ES,Federal Contract Tower,0,6,3,0,9,0,0,8,0,8,0,6,11,0,17,6,0,6,23
08/23/2022,ABY,GA,ASO,ES,Federal Contract Tower,0,3,15,0,18,0,0,13,0,13,0,3,28,0,31,16,0,16,47
08/24/2022,ABY,GA,ASO,ES,Federal Contract Tower,0,3,12,0,15,0,0,3,2,5,0,3,15,2,20,0,0,0,20
08/25/2022,ABY,GA,ASO,ES,Federal Contract Tower,0,6,6,2,14,0,0,3,0,3,0,6,9,2,17,0,20,20,37
08/26/2022,ABY,GA,ASO,ES,Federal Contract Tower,0,5,9,3,17,0,0,9,1,10,0,5,18,4,27,12,28,40,67
08/27/2022,ABY,GA,ASO,ES,Federal Contract Tower,0,3,3,0,6,0,0,3,0,3,0,3,6,0,9,0,0,0,9
08/28/2022,ABY,GA,ASO,ES,Federal Contract Tower,0,4,5,2,11,0,0,5,0,5,0,4,10,2,16,0,0,0,16
08/29/2022,ABY,GA,ASO,ES,Federal Contract Tower,0,4,8,0,12,0,0,7,0,7,0,4,15,0,19,2,0,2,21
08/30/2022,ABY,GA,ASO,ES,Federal Contract Tower,0,3,10,1,14,0,0,5,1,6,0,3,15,2,20,6,0,6,26
08/31/2022,ABY,GA,ASO,ES,Federal Contract Tower,0,6,14,5,25,0,0,4,1,5,0,6,18,6,30,10,36,46,76
09/01/2022,ABY,GA,ASO,ES,Federal Contract Tower,0,5,6,2,13,0,0,2,0,2,0,5,8,2,15,0,0,0,15
09/02/2022,ABY,GA,ASO,ES,Federal Contract Tower,0,6,11,0,17,0,0,1,0,1,0,6,12,0,18,0,0,0,18
09/03/2022,ABY,GA,ASO,ES,Federal Contract Tower,0,5,4,0,9,0,0,5,0,5,0,5,9,0,14,2,0,2,16
09/04/2022,ABY,GA,ASO,ES,Federal Contract Tower,0,3,2,0,5,0,0,0,0,0,0,3,2,0,5,0,0,0,5
09/05/2022,ABY,GA,ASO,ES,Federal Contract Tower,0,6,12,0,18,0,0,14,0,14,0,6,26,0,32,0,0,0,32
09/06/2022,ABY,GA,ASO,ES,Federal Contract Tower,0,4,4,0,8,0,0,16,0,16,0,4,20,0,24,18,0,18,42
09/07/2022,ABY,GA,ASO,ES,Federal Contract Tower,0,4,4,4,12,0,0,9,2,11,0,4,13,6,23,0,14,14,37
09/08/2022,ABY,GA,ASO,ES,Federal Contract Tower,0,6,11,0,17,0,0,20,0,20,0,6,31,0,37,16,0,16,53
09/09/2022,ABY,GA,ASO,ES,Federal Contract Tower,0,7,11,4,22,0,0,2,0,2,0,7,13,4,24,0,10,10,34
09/10/2022,ABY,GA,ASO,ES,Federal Contract Tower,0,4,10,0,14,0,0,2,0,2,0,4,12,0,16,0,0,0,16
09/11/2022,ABY,GA,ASO,ES,Federal Contract Tower,0,7,9,0,16,0,0,6,0,6,0,7,15,0,22,0,0,0,22
09/12/2022,ABY,GA,ASO,ES,Federal Contract Tower,0,5,6,4,15,0,0,12,0,12,0,5,18,4,27,0,0,0,27
09/13/2022,ABY,GA,ASO,ES,Federal Contract Tower,0,3,9,2,14,0,0,17,2,19,0,3,26,4,33,12,20,32,65
09/14/2022,ABY,GA,ASO,ES,Federal Contract Tower,0,4,9,1,14,0,0,26,2,28,0,4,35,3,42,2,10,12,54
09/15/2022,ABY,GA,ASO,ES,Federal Contract Tower,0,5,14,0,19,0,0,37,0,37,0,5,51,0,56,20,18,38,94
09/16/2022,ABY,GA,ASO,ES,Federal Contract Tower,0,4,10,4,18,0,0,24,0,24,0,4,34,4,42,4,0,4,46
09/17/2022,ABY,GA,ASO,ES,Federal Contract Tower,0,4,2,0,6,0,0,18,0,18,0,4,20,0,24,16,0,16,40
09/18/2022,ABY,GA,ASO,ES,Federal Contract Tower,0,8,9,0,17,0,0,15,0,15,0,8,24,0,32,10,0,10,42
09/19/2022,ABY,GA,ASO,ES,Federal Contract Tower,0,5,7,2,14,0,0,25,0,25,0,5,32,2,39,2,2,4,43
09/20/2022,ABY,GA,ASO,ES,Federal Contract Tower,0,3,10,1,14,0,0,34,0,34,0,3,44,1,48,38,14,52,100
09/21/2022,ABY,GA,ASO,ES,Federal Contract Tower,0,4,17,9,30,0,0,13,0,13,0,4,30,9,43,2,38,40,83
09/22/2022,ABY,GA,ASO,ES,Federal Contract Tower,0,6,13,4,23,0,0,23,0,23,0,6,36,4,46,2,2,4,50
09/23/2022,ABY,GA,ASO,ES,Federal Contract Tower,0,7,9,0,16,0,0,19,0,19,0,7,28,0,35,6,0,6,41
09/24/2022,ABY,GA,ASO,ES,Federal Contract Tower,0,4,3,0,7,0,0,8,0,8,0,4,11,0,15,6,0,6,21
09/25/2022,ABY,GA,ASO,ES,Federal Contract Tower,0,5,7,0,12,0,0,14,0,14,0,5,21,0,26,4,0,4,30
09/26/2022,ABY,GA,ASO,ES,Federal Contract Tower,0,7,7,0,14,0,0,10,0,10,0,7,17,0,24,0,0,0,24
09/27/2022,ABY,GA,ASO,ES,Federal Contract Tower,0,2,4,3,9,0,0,29,2,31,0,2,33,5,40,26,0,26,66
09/28/2022,ABY,GA,ASO,ES,Federal Contract Tower,0,3,2,0,5,0,0,4,2,6,0,3,6,2,11,2,52,54,65
09/29/2022,ABY,GA,ASO,ES,Federal Contract Tower,0,6,0,0,6,0,0,1,2,3,0,6,1,2,9,0,50,50,59
09/30/2022,ABY,GA,ASO,ES,Federal Contract Tower,0,5,8,2,15,0,0,6,0,6,0,5,14,2,21,4,0,4,25
10/01/2022,ABY,GA,ASO,ES,Federal Contract Tower,0,3,0,0,3,0,0,8,0,8,0,3,8,0,11,10,0,10,21
10/02/2022,ABY,GA,ASO,ES,Federal Contract Tower,0,6,5,0,11,0,0,6,4,10,0,6,11,4,21,0,0,0,21
10/03/2022,ABY,GA,ASO,ES,Federal Contract Tower,0,6,9,0,15,0,0,12,1,13,0,6,21,1,28,16,8,24,52
10/04/2022,ABY,GA,ASO,ES,Federal Contract Tower,0,2,8,0,10,0,0,26,4,30,0,2,34,4,40,22,36,58,98
10/05/2022,ABY,GA,ASO,ES,Federal Contract Tower,0,2,6,4,12,0,0,28,3,31,0,2,34,7,43,10,24,34,77
10/06/2022,ABY,GA,ASO,ES,Federal Contract Tower,0,5,19,0,24,0,0,29,2,31,0,5,48,2,55,10,8,18,73
10/07/2022,ABY,GA,ASO,ES,Federal Contract Tower,0,7,8,0,15,0,0,41,2,43,0,7,49,2,58,26,0,26,84
10/08/2022,ABY,GA,ASO,ES,Federal Contract Tower,0,7,8,0,15,0,0,20,0,20,0,7,28,0,35,2,0,2,37
10/09/2022,ABY,GA,ASO,ES,Federal Contract Tower,0,6,8,0,14,0,0,12,0,12,0,6,20,0,26,2,0,2,28
10/10/2022,ABY,GA,ASO,ES,Federal Contract Tower,0,7,8,0,15,0,0,17,0,17,0,7,25,0,32,14,0,14,46
10/11/2022,ABY,GA,ASO,ES,Federal Contract Tower,0,7,13,8,28,0,0,15,0,15,0,7,28,8,43,2,6,8,51
10/12/2022,ABY,GA,ASO,ES,Federal Contract Tower,0,6,8,0,14,0,0,4,0,4,0,6,12,0,18,0,0,0,18
10/13/2022,ABY,GA,ASO,ES,Federal Contract Tower,0,4,18,1,23,0,0,12,2,14,0,4,30,3,37,18,0,18,55
10/14/2022,ABY,GA,ASO,ES,Federal Contract Tower,0,5,8,2,15,0,0,17,6,23,0,5,25,8,38,2,40,42,80
10/15/2022,ABY,GA,ASO,ES,Federal Contract Tower,0,5,2,1,8,0,0,11,1,12,0,5,13,2,20,0,0,0,20
10/16/2022,ABY,GA,ASO,ES,Federal Contract Tower,0,5,4,9,18,0,0,21,3,24,0,5,25,12,42,6,0,6,48
10/17/2022,ABY,GA,ASO,ES,Federal Contract Tower,0,5,14,2,21,0,0,7,1,8,0,5,21,3,29,0,0,0,29
10/18/2022,ABY,GA,ASO,ES,Federal Contract Tower,0,5,9,4,18,0,0,12,1,13,0,5,21,5,31,0,8,8,39
10/19/2022,ABY,GA,ASO,ES,Federal Contract Tower,0,6,11,0,17,0,0,14,0,14,0,6,25,0,31,16,0,16,47
10/20/2022,ABY,GA,ASO,ES,Federal Contract Tower,0,6,11,2,19,0,0,18,0,18,0,6,29,2,37,6,20,26,63
10/21/2022,ABY,GA,ASO,ES,Federal Contract Tower,1,6,18,0,25,0,0,16,0,16,1,6,34,0,41,0,0,0,41
10/22/2022,ABY,GA,ASO,ES,Federal Contract Tower,0,6,4,0,10,0,0,11,0,11,0,6,15,0,21,2,0,2,23
10/23/2022,ABY,GA,ASO,ES,Federal Contract Tower,0,10,7,0,17,0,0,20,0,20,0,10,27,0,37,0,0,0,37
10/24/2022,ABY,GA,ASO,ES,Federal Contract Tower,0,8,4,2,14,0,0,12,3,15,0,8,16,5,29,0,18,18,47
10/25/2022,ABY,GA,ASO,ES,Federal Contract Tower,0,6,6,4,16,0,0,4,0,4,0,6,10,4,20,0,38,38,58
10/26/2022,ABY,GA,ASO,ES,Federal Contract Tower,0,4,11,9,24,0,0,18,8,26,0,4,29,17,50,2,62,64,114
10/27/2022,ABY,GA,ASO,ES,Federal Contract Tower,0,4,18,2,24,0,0,21,1,22,0,4,39,3,46,0,24,24,70
10/28/2022,ABY,GA,ASO,ES,Federal Contract Tower,0,4,15,8,27,0,0,8,7,15,0,4,23,15,42,2,0,2,44
10/29/2022,ABY,GA,ASO,ES,Federal Contract Tower,0,5,6,0,11,0,0,0,0,0,0,5,6,0,11,0,0,0,11
10/30/2022,ABY,GA,ASO,ES,Federal Contract Tower,0,5,11,4,20,0,0,2,0,2,0,5,13,4,22,0,0,0,22
10/31/2022,ABY,GA,ASO,ES,Federal Contract Tower,0,5,16,3,24,0,0,5,0,5,0,5,21,3,29,12,0,12,41
11/01/2022,ABY,GA,ASO,ES,Federal Contract Tower,0,6,14,0,20,0,0,13,0,13,0,6,27,0,33,2,0,2,35
11/02/2022,ABY,GA,ASO,ES,Federal Contract Tower,0,5,12,0,17,0,0,20,0,20,0,5,32,0,37,12,0,12,49
11/03/2022,ABY,GA,ASO,ES,Federal Contract Tower,0,5,8,0,13,0,0,15,1,16,0,5,23,1,29,0,0,0,29
11/04/2022,ABY,GA,ASO,ES,Federal Contract Tower,0,9,15,0,24,0,0,25,4,29,0,9,40,4,53,12,36,48,101
11/05/2022,ABY,GA,ASO,ES,Federal Contract Tower,0,11,3,0,14,0,0,14,0,14,0,11,17,0,28,2,0,2,30
11/06/2022,ABY,GA,ASO,ES,Federal Contract Tower,0,6,13,5,24,0,0,13,1,14,0,6,26,6,38,6,4,10,48
11/07/2022,ABY,GA,ASO,ES,Federal Contract Tower,0,10,8,4,22,0,0,13,0,13,0,10,21,4,35,12,6,18,53
11/08/2022,ABY,GA,ASO,ES,Federal Contract Tower,0,6,11,2,19,0,0,13,4,17,0,6,24,6,36,2,28,30,66
11/09/2022,ABY,GA,ASO,ES,Federal Contract Tower,0,6,7,4,17,0,0,6,7,13,0,6,13,11,30,0,48,48,78
11/10/2022,ABY,GA,ASO,ES,Federal Contract Tower,0,7,6,0,13,0,0,1,0,1,0,7,7,0,14,0,0,0,14
11/11/2022,ABY,GA,ASO,ES,Federal Contract Tower,0,5,12,0,17,0,0,0,0,0,0,5,12,0,17,0,0,0,17
11/12/2022,ABY,GA,ASO,ES,Federal Contract Tower,0,7,11,1,19,0,0,19,0,19,0,7,30,1,38,4,0,4,42
11/13/2022,ABY,GA,ASO,ES,Federal Contract Tower,0,13,18,0,31,0,0,19,0,19,0,13,37,0,50,9,0,9,59
11/14/2022,ABY,GA,ASO,ES,Federal Contract Tower,0,8,11,0,19,0,0,12,6,18,0,8,23,6,37,0,25,25,62
11/15/2022,ABY,GA,ASO,ES,Federal Contract Tower,0,11,12,4,27,0,0,1,0,1,0,11,13,4,28,0,0,0,28
11/16/2022,ABY,GA,ASO,ES,Federal Contract Tower,0,6,21,0,27,0,0,19,2,21,0,6,40,2,48,45,22,67,115
11/17/2022,ABY,GA,ASO,ES,Federal Contract Tower,0,8,21,0,29,0,0,20,0,20,0,8,41,0,49,8,0,8,57
11/18/2022,ABY,GA,ASO,ES,Federal Contract Tower,0,16,23,2,41,0,0,23,4,27,0,16,46,6,68,6,32,38,106
11/19/2022,ABY,GA,ASO,ES,Federal Contract Tower,0,7,10,2,19,0,0,6,0,6,0,7,16,2,25,0,0,0,25
11/20/2022,ABY,GA,ASO,ES,Federal Contract Tower,0,16,11,3,30,0,0,9,0,9,0,16,20,3,39,2,0,2,41
11/21/2022,ABY,GA,ASO,ES,Federal Contract Tower,0,9,9,2,20,0,0,8,2,10,0,9,17,4,30,0,14,14,44
11/22/2022,ABY,GA,ASO,ES,Federal Contract Tower,0,9,14,2,25,0,0,13,0,13,0,9,27,2,38,0,16,16,54
11/23/2022,ABY,GA,ASO,ES,Federal Contract Tower,0,8,9,13,30,0,0,22,0,22,0,8,31,13,52,12,34,46,98
11/24/2022,ABY,GA,ASO,ES,Federal Contract Tower,0,4,3,0,7,0,0,1,0,1,0,4,4,0,8,0,0,0,8
11/25/2022,ABY,GA,ASO,ES,Federal Contract Tower,0,7,16,0,23,0,0,0,0,0,0,7,16,0,23,0,0,0,23
11/26/2022,ABY,GA,ASO,ES,Federal Contract Tower,0,13,6,0,19,0,0,0,0,0,0,13,6,0,19,2,0,2,21
11/27/2022,ABY,GA,ASO,ES,Federal Contract Tower,0,7,30,0,37,0,0,11,0,11,0,7,41,0,48,18,0,18,66
11/28/2022,ABY,GA,ASO,ES,Federal Contract Tower,0,5,13,5,23,0,0,11,2,13,0,5,24,7,36,20,16,36,72
11/29/2022,ABY,GA,ASO,ES,Federal Contract Tower,0,8,17,4,29,0,0,28,1,29,0,8,45,5,58,0,0,0,58
11/30/2022,ABY,GA,ASO,ES,Federal Contract Tower,0,3,14,0,17,0,0,6,0,6,0,3,20,0,23,0,0,0,23
12/01/2022,ABY,GA,ASO,ES,Federal Contract Tower,0,16,18,0,34,0,0,33,2,35,0,16,51,2,69,8,24,32,101
12/02/2022,ABY,GA,ASO,ES,Federal Contract Tower,0,9,16,3,28,0,0,27,8,35,0,9,43,11,63,4,8,12,75
12/03/2022,ABY,GA,ASO,ES,Federal Contract Tower,0,7,6,0,13,0,0,16,0,16,0,7,22,0,29,4,0,4,33
12/04/2022,ABY,GA,ASO,ES,Federal Contract Tower,0,14,12,0,26,0,0,17,4,21,0,14,29,4,47,0,0,0,47
12/05/2022,ABY,GA,ASO,ES,Federal Contract Tower,0,5,13,0,18,0,0,7,2,9,0,5,20,2,27,4,0,4,31
12/06/2022,ABY,GA,ASO,ES,Federal Contract Tower,0,14,16,0,30,0,0,24,0,24,0,14,40,0,54,0,0,0,54
12/07/2022,ABY,GA,ASO,ES,Federal Contract Tower,0,3,11,4,18,0,0,11,0,11,0,3,22,4,29,4,8,12,41
12/08/2022,ABY,GA,ASO,ES,Federal Contract Tower,0,13,23,2,38,0,0,15,9,24,0,13,38,11,62,0,68,68,130
12/09/2022,ABY,GA,ASO,ES,Federal Contract Tower,4,16,9,4,33,0,0,11,2,13,4,16,20,6,46,2,0,2,48
12/10/2022,ABY,GA,ASO,ES,Federal Contract Tower,1,9,3,0,13,0,0,0,0,0,1,9,3,0,13,0,0,0,13
12/11/2022,ABY,GA,ASO,ES,Federal Contract Tower,0,10,14,2,26,0,0,0,2,2,0,10,14,4,28,0,0,0,28
12/12/2022,ABY,GA,ASO,ES,Federal Contract Tower,0,5,16,9,30,0,0,0,0,0,0,5,16,9,30,0,0,0,30
12/13/2022,ABY,GA,ASO,ES,Federal Contract Tower,0,6,25,4,35,0,0,8,2,10,0,6,33,6,45,8,12,20,65
12/14/2022,ABY,GA,ASO,ES,Federal Contract Tower,0,5,13,2,20,0,0,2,0,2,0,5,15,2,22,0,0,0,22
12/15/2022,ABY,GA,ASO,ES,Federal Contract Tower,0,11,15,0,26,0,0,6,0,6,0,11,21,0,32,2,0,2,34
12/16/2022,ABY,GA,ASO,ES,Federal Contract Tower,0,10,17,5,32,0,0,19,5,24,0,10,36,10,56,4,34,38,94
12/17/2022,ABY,GA,ASO,ES,Federal Contract Tower,0,8,13,0,21,0,1,14,0,15,0,9,27,0,36,12,0,12,48
12/18/2022,ABY,GA,ASO,ES,Federal Contract Tower,3,6,10,2,21,0,0,15,0,15,3,6,25,2,36,0,0,0,36
12/19/2022,ABY,GA,ASO,ES,Federal Contract Tower,0,8,7,2,17,0,0,23,1,24,0,8,30,3,41,14,6,20,61
12/20/2022,ABY,GA,ASO,ES,Federal Contract Tower,0,8,6,0,14,0,0,0,0,0,0,8,6,0,14,0,0,0,14
12/21/2022,ABY,GA,ASO,ES,Federal Contract Tower,0,7,10,0,17,0,0,0,0,0,0,7,10,0,17,0,0,0,17
12/22/2022,ABY,GA,ASO,ES,Federal Contract Tower,0,3,13,0,16,0,0,0,0,0,0,3,13,0,16,0,0,0,16
12/23/2022,ABY,GA,ASO,ES,Federal Contract Tower,2,4,1,0,7,0,0,1,0,1,2,4,2,0,8,0,0,0,8
12/24/2022,ABY,GA,ASO,ES,Federal Contract Tower,0,2,2,0,4,0,1,8,0,9,0,3,10,0,13,0,0,0,13
12/25/2022,ABY,GA,ASO,ES,Federal Contract Tower,0,4,0,0,4,0,0,2,0,2,0,4,2,0,6,0,0,0,6
12/26/2022,ABY,GA,ASO,ES,Federal Contract Tower,0,7,15,0,22,0,0,19,0,19,0,7,34,0,41,8,0,8,49
12/27/2022,ABY,GA,ASO,ES,Federal Contract Tower,0,4,18,0,22,0,0,27,0,27,0,4,45,0,49,12,0,12,61
12/28/2022,ABY,GA,ASO,ES,Federal Contract Tower,0,11,11,0,22,0,0,19,0,19,0,11,30,0,41,14,0,14,55
12/29/2022,ABY,GA,ASO,ES,Federal Contract Tower,0,5,12,0,17,0,2,10,0,12,0,7,22,0,29,0,0,0,29
12/30/2022,ABY,GA,ASO,ES,Federal Contract Tower,0,4,7,0,11,0,0,33,0,33,0,4,40,0,44,0,0,0,44
12/31/2022,ABY,GA,ASO,ES,Federal Contract Tower,3,5,0,0,8,0,0,0,0,0,3,5,0,0,8,0,0,0,8
01/01/2023,ABY,GA,ASO,ES,Federal Contract Tower,0,2,12,0,14,0,0,0,0,0,0,2,12,0,14,4,0,4,18
01/02/2023,ABY,GA,ASO,ES,Federal Contract Tower,0,3,13,0,16,0,0,5,0,5,0,3,18,0,21,0,0,0,21
01/03/2023,ABY,GA,ASO,ES,Federal Contract Tower,0,4,6,2,12,0,0,0,0,0,0,4,6,2,12,0,0,0,12
01/04/2023,ABY,GA,ASO,ES,Federal Contract Tower,0,10,3,0,13,0,0,4,0,4,0,10,7,0,17,0,0,0,17
01/05/2023,ABY,GA,ASO,ES,Federal Contract Tower,0,10,12,0,22,0,4,22,2,28,0,14,34,2,50,30,18,48,98
01/06/2023,ABY,GA,ASO,ES,Federal Contract Tower,0,7,8,9,24,0,0,21,7,28,0,7,29,16,52,2,14,16,68
01/07/2023,ABY,GA,ASO,ES,Federal Contract Tower,0,4,7,0,11,0,0,15,0,15,0,4,22,0,26,0,0,0,26
01/08/2023,ABY,GA,ASO,ES,Federal Contract Tower,0,12,13,1,26,0,1,12,1,14,0,13,25,2,40,8,0,8,48
01/09/2023,ABY,GA,ASO,ES,Federal Contract Tower,0,7,3,0,10,0,1,9,2,12,0,8,12,2,22,0,10,10,32
01/10/2023,ABY,GA,ASO,ES,Federal Contract Tower,0,6,21,6,33,0,0,23,0,23,0,6,44,6,56,0,0,0,56
01/11/2023,ABY,GA,ASO,ES,Federal Contract Tower,0,8,24,0,32,0,1,20,2,23,0,9,44,2,55,0,20,20,75
01/12/2023,ABY,GA,ASO,ES,Federal Contract Tower,0,5,13,0,18,0,0,4,0,4,0,5,17,0,22,0,0,0,22
01/13/2023,ABY,GA,ASO,ES,Federal Contract Tower,0,10,14,2,26,0,2,7,0,9,0,12,21,2,35,0,0,0,35
01/14/2023,ABY,GA,ASO,ES,Federal Contract Tower,0,5,10,0,15,0,0,7,0,7,0,5,17,0,22,0,0,0,22
01/15/2023,ABY,GA,ASO,ES,Federal Contract Tower,0,10,16,0,26,0,0,24,8,32,0,10,40,8,58,6,0,6,64
01/16/2023,ABY,GA,ASO,ES,Federal Contract Tower,0,10,17,0,27,0,0,30,0,30,0,10,47,0,57,0,0,0,57
01/17/2023,ABY,GA,ASO,ES,Federal Contract Tower,0,9,17,2,28,0,0,3,0,3,0,9,20,2,31,0,0,0,31
01/18/2023,ABY,GA,ASO,ES,Federal Contract Tower,0,12,14,0,26,0,0,1,0,1,0,12,15,0,27,0,0,0,27
01/19/2023,ABY,GA,ASO,ES,Federal Contract Tower,0,10,8,4,22,0,0,6,0,6,0,10,14,4,28,20,0,20,48
01/20/2023,ABY,GA,ASO,ES,Federal Contract Tower,0,9,11,0,20,0,0,23,10,33,0,9,34,10,53,2,56,58,111
01/21/2023,ABY,GA,ASO,ES,Federal Contract Tower,0,2,6,0,8,0,0,5,0,5,0,2,11,0,13,0,0,0,13
01/22/2023,ABY,GA,ASO,ES,Federal Contract Tower,0,16,4,2,22,0,0,1,0,1,0,16,5,2,23,0,0,0,23
01/23/2023,ABY,GA,ASO,ES,Federal Contract Tower,0,7,26,2,35,0,0,16,0,16,0,7,42,2,51,2,16,18,69
01/24/2023,ABY,GA,ASO,ES,Federal Contract Tower,0,9,19,2,30,0,0,44,0,44,0,9,63,2,74,24,0,24,98
01/25/2023,ABY,GA,ASO,ES,Federal Contract Tower,0,5,12,0,17,0,0,0,0,0,0,5,12,0,17,0,0,0,17
01/26/2023,ABY,GA,ASO,ES,Federal Contract Tower,0,10,19,2,31,0,0,13,0,13,0,10,32,2,44,0,0,0,44
01/27/2023,ABY,GA,ASO,ES,Federal Contract Tower,1,12,9,0,22,0,0,36,0,36,1,12,45,0,58,19,0,19,77
01/28/2023,ABY,GA,ASO,ES,Federal Contract Tower,0,9,13,2,24,0,0,16,1,17,0,9,29,3,41,12,8,20,61
01/29/2023,ABY,GA,ASO,ES,Federal Contract Tower,0,7,16,2,25,0,0,0,0,0,0,7,16,2,25,0,0,0,25
01/30/2023,ABY,GA,ASO,ES,Federal Contract Tower,0,7,6,2,15,0,0,2,2,4,0,7,8,4,19,0,0,0,19
01/31/2023,ABY,GA,ASO,ES,Federal Contract Tower,0,7,5,6,18,0,0,2,0,2,0,7,7,6,20,0,24,24,44
02/01/2023,ABY,GA,ASO,ES,Federal Contract Tower,0,11,8,6,25,0,0,10,0,10,0,11,18,6,35,10,42,52,87
02/02/2023,ABY,GA,ASO,ES,Federal Contract Tower,0,7,16,8,31,0,0,0,0,0,0,7,16,8,31,0,0,0,31
02/03/2023,ABY,GA,ASO,ES,Federal Contract Tower,0,8,15,1,24,0,0,18,5,23,0,8,33,6,47,0,0,0,47
02/04/2023,ABY,GA,ASO,ES,Federal Contract Tower,0,4,17,2,23,0,0,38,0,38,0,4,55,2,61,14,0,14,75
02/05/2023,ABY,GA,ASO,ES,Federal Contract Tower,0,14,13,0,27,0,0,24,0,24,0,14,37,0,51,2,0,2,53
02/06/2023,ABY,GA,ASO,ES,Federal Contract Tower,0,5,13,4,22,0,0,21,0,21,0,5,34,4,43,16,0,16,59
02/07/2023,ABY,GA,ASO,ES,Federal Contract Tower,0,7,8,1,16,0,0,15,3,18,0,7,23,4,34,6,38,44,78
02/08/2023,ABY,GA,ASO,ES,Federal Contract Tower,0,2,18,2,22,0,0,16,0,16,0,2,34,2,38,4,0,4,42
02/09/2023,ABY,GA,ASO,ES,Federal Contract Tower,0,7,14,0,21,0,0,8,0,8,0,7,22,0,29,0,0,0,29
02/10/2023,ABY,GA,ASO,ES,Federal Contract Tower,0,7,7,6,20,0,0,0,0,0,0,7,7,6,20,0,0,0,20
02/11/2023,ABY,GA,ASO,ES,Federal Contract Tower,0,5,5,0,10,0,0,0,0,0,0,5,5,0,10,0,0,0,10
02/12/2023,ABY,GA,ASO,ES,Federal Contract Tower,0,7,10,0,17,0,0,3,0,3,0,7,13,0,20,0,0,0,20
02/13/2023,ABY,GA,ASO,ES,Federal Contract Tower,0,4,14,1,19,0,0,27,0,27,0,4,41,1,46,14,0,14,60
02/14/2023,ABY,GA,ASO,ES,Federal Contract Tower,0,7,12,0,19,0,0,22,4,26,0,7,34,4,45,0,24,24,69
02/15/2023,ABY,GA,ASO,ES,Federal Contract Tower,0,5,12,4,21,0,0,14,4,18,0,5,26,8,39,0,28,28,67
02/16/2023,ABY,GA,ASO,ES,Federal Contract Tower,0,20,21,0,41,0,0,16,0,16,0,20,37,0,57,12,0,12,69
02/17/2023,ABY,GA,ASO,ES,Federal Contract Tower,0,12,12,0,24,0,0,5,0,5,0,12,17,0,29,0,0,0,29
02/18/2023,ABY,GA,ASO,ES,Federal Contract Tower,0,3,9,0,12,0,0,29,0,29,0,3,38,0,41,4,0,4,45
02/19/2023,ABY,GA,ASO,ES,Federal Contract Tower,0,8,25,1,34,0,0,19,0,19,0,8,44,1,53,2,0,2,55
02/20/2023,ABY,GA,ASO,ES,Federal Contract Tower,0,9,16,0,25,0,0,20,0,20,0,9,36,0,45,0,0,0,45
02/21/2023,ABY,GA,ASO,ES,Federal Contract Tower,0,11,17,4,32,0,0,7,0,7,0,11,24,4,39,12,8,20,59
02/22/2023,ABY,GA,ASO,ES,Federal Contract Tower,0,4,13,6,23,0,0,3,0,3,0,4,16,6,26,2,0,2,28
02/23/2023,ABY,GA,ASO,ES,Federal Contract Tower,0,12,18,0,30,0,0,6,0,6,0,12,24,0,36,0,0,0,36
02/24/2023,ABY,GA,ASO,ES,Federal Contract Tower,0,8,16,10,34,0,0,21,2,23,0,8,37,12,57,0,15,15,72
02/25/2023,ABY,GA,ASO,ES,Federal Contract Tower,0,3,4,4,11,0,0,4,5,9,0,3,8,9,20,0,48,48,68
02/26/2023,ABY,GA,ASO,ES,Federal Contract Tower,0,13,12,2,27,0,0,15,0,15,0,13,27,2,42,0,0,0,42
02/27/2023,ABY,GA,ASO,ES,Federal Contract Tower,0,7,9,4,20,0,0,1,5,6,0,7,10,9,26,0,26,26,52
02/28/2023,ABY,GA,ASO,ES,Federal Contract Tower,0,8,16,2,26,0,0,8,0,8,0,8,24,2,34,0,0,0,34
03/01/2023,ABY,GA,ASO,ES,Federal Contract Tower,0,12,24,11,47,0,0,21,4,25,0,12,45,15,72,0,38,38,110
03/02/2023,ABY,GA,ASO,ES,Federal Contract Tower,0,10,14,9,33,0,0,0,0,0,0,10,14,9,33,0,60,60,93
03/03/2023,ABY,GA,ASO,ES,Federal Contract Tower,0,4,4,4,12,0,0,4,1,5,0,4,8,5,17,0,16,16,33
03/04/2023,ABY,GA,ASO,ES,Federal Contract Tower,0,6,14,0,20,0,0,28,0,28,0,6,42,0,48,16,0,16,64
03/05/2023,ABY,GA,ASO,ES,Federal Contract Tower,1,8,15,2,26,0,0,17,0,17,1,8,32,2,43,4,0,4,47
03/06/2023,ABY,GA,ASO,ES,Federal Contract Tower,0,8,11,3,22,0,0,28,3,31,0,8,39,6,53,0,28,28,81
03/07/2023,ABY,GA,ASO,ES,Federal Contract Tower,0,9,10,4,23,0,0,3,0,3,0,9,13,4,26,4,0,4,30
03/08/2023,ABY,GA,ASO,ES,Federal Contract Tower,0,7,7,2,16,0,0,17,2,19,0,7,24,4,35,10,28,38,73
03/09/2023,ABY,GA,ASO,ES,Federal Contract Tower,0,9,10,0,19,0,0,26,2,28,0,9,36,2,47,4,0,4,51
03/10/2023,ABY,GA,ASO,ES,Federal Contract Tower,0,6,6,2,14,0,0,7,0,7,0,6,13,2,21,0,0,0,21
03/11/2023,ABY,GA,ASO,ES,Federal Contract Tower,0,5,18,0,23,0,0,41,2,43,0,5,59,2,66,4,0,4,70
03/12/2023,ABY,GA,ASO,ES,Federal Contract Tower,0,7,11,0,18,0,0,0,0,0,0,7,11,0,18,0,0,0,18
03/13/2023,ABY,GA,ASO,ES,Federal Contract Tower,0,8,11,5,24,0,0,13,3,16,0,8,24,8,40,0,8,8,48
03/14/2023,ABY,GA,ASO,ES,Federal Contract Tower,0,4,6,2,12,0,0,19,0,19,0,4,25,2,31,26,0,26,57
03/15/2023,ABY,GA,ASO,ES,Federal Contract Tower,0,7,18,4,29,0,0,24,0,24,0,7,42,4,53,0,0,0,53
03/16/2023,ABY,GA,ASO,ES,Federal Contract Tower,0,7,9,0,16,0,0,24,2,26,0,7,33,2,42,6,12,18,60
03/17/2023,ABY,GA,ASO,ES,Federal Contract Tower,0,7,15,6,28,0,0,0,5,5,0,7,15,11,33,0,18,18,51
03/18/2023,ABY,GA,ASO,ES,Federal Contract Tower,0,4,14,0,18,0,0,18,2,20,0,4,32,2,38,0,0,0,38
03/19/2023,ABY,GA,ASO,ES,Federal Contract Tower,0,7,17,2,26,0,0,18,0,18,0,7,35,2,44,0,0,0,44
03/20/2023,ABY,GA,ASO,ES,Federal Contract Tower,0,6,5,0,11,0,0,22,0,22,0,6,27,0,33,8,0,8,41
03/21/2023,ABY,GA,ASO,ES,Federal Contract Tower,0,5,12,3,20,0,0,18,2,20,0,5,30,5,40,0,12,12,52
03/22/2023,ABY,GA,ASO,ES,Federal Contract Tower,0,6,12,0,18,0,0,15,2,17,0,6,27,2,35,0,20,20,55
03/23/2023,ABY,GA,ASO,ES,Federal Contract Tower,0,7,7,0,14,0,0,8,2,10,0,7,15,2,24,0,0,0,24
03/24/2023,ABY,GA,ASO,ES,Federal Contract Tower,0,7,4,0,11,0,0,17,0,17,0,7,21,0,28,10,0,10,38
03/25/2023,ABY,GA,ASO,ES,Federal Contract Tower,0,6,4,0,10,0,0,1,0,1,0,6,5,0,11,0,0,0,11
03/26/2023,ABY,GA,ASO,ES,Federal Contract Tower,0,6,7,0,13,0,0,0,0,0,0,6,7,0,13,0,0,0,13
03/27/2023,ABY,GA,ASO,ES,Federal Contract Tower,0,5,12,0,17,0,0,1,0,1,0,5,13,0,18,0,0,0,18
03/28/2023,ABY,GA,ASO,ES,Federal Contract Tower,1,4,5,0,10,0,0,1,2,3,1,4,6,2,13,0,28,28,41
03/29/2023,ABY,GA,ASO,ES,Federal Contract Tower,0,6,11,0,17,0,0,31,0,31,0,6,42,0,48,0,0,0,48
03/30/2023,ABY,GA,ASO,ES,Federal Contract Tower,0,5,12,1,18,0,0,58,5,63,0,5,70,6,81,2,18,20,101
03/31/2023,ABY,GA,ASO,ES,Federal Contract Tower,0,4,19,0,23,0,0,43,6,49,0,4,62,6,72,4,50,54,126
04/01/2023,ABY,GA,ASO,ES,Federal Contract Tower,0,6,9,0,15,0,0,2,0,2,0,6,11,0,17,0,0,0,17
04/02/2023,ABY,GA,ASO,ES,Federal Contract Tower,0,8,18,0,26,0,0,46,0,46,0,8,64,0,72,16,0,16,88
04/03/2023,ABY,GA,ASO,ES,Federal Contract Tower,0,5,4,0,9,0,0,8,0,8,0,5,12,0,17,2,0,2,19
04/04/2023,ABY,GA,ASO,ES,Federal Contract Tower,0,9,2,0,11,0,0,4,0,4,0,9,6,0,15,16,0,16,31
04/05/2023,ABY,GA,ASO,ES,Federal Contract Tower,0,6,9,5,20,0,0,18,1,19,0,6,27,6,39,8,42,50,89
04/06/2023,ABY,GA,ASO,ES,Federal Contract Tower,0,9,17,6,32,0,0,29,4,33,0,9,46,10,65,6,16,22,87
04/07/2023,ABY,GA,ASO,ES,Federal Contract Tower,0,10,6,4,20,0,0,25,0,25,0,10,31,4,45,10,26,36,81
04/08/2023,ABY,GA,ASO,ES,Federal Contract Tower,0,4,2,0,6,0,0,0,0,0,0,4,2,0,6,0,0,0,6
04/09/2023,ABY,GA,ASO,ES,Federal Contract Tower,0,6,9,0,15,0,0,0,0,0,0,6,9,0,15,0,0,0,15
04/10/2023,ABY,GA,ASO,ES,Federal Contract Tower,0,6,6,0,12,0,0,12,6,18,0,6,18,6,30,36,16,52,82
04/11/2023,ABY,GA,ASO,ES,Federal Contract Tower,0,6,3,2,11,0,0,30,0,30,0,6,33,2,41,38,22,60,101
04/12/2023,ABY,GA,ASO,ES,Federal Contract Tower,0,4,7,4,15,0,0,18,8,26,0,4,25,12,41,32,54,86,127
04/13/2023,ABY,GA,ASO,ES,Federal Contract Tower,0,7,5,0,12,0,0,0,0,0,0,7,5,0,12,0,0,0,12
04/14/2023,ABY,GA,ASO,ES,Federal Contract Tower,0,6,6,2,14,0,0,4,0,4,0,6,10,2,18,2,0,2,20
04/15/2023,ABY,GA,ASO,ES,Federal Contract Tower,0,7,6,0,13,0,0,20,0,20,0,7,26,0,33,0,0,0,33
04/16/2023,ABY,GA,ASO,ES,Federal Contract Tower,0,5,9,5,19,0,0,4,1,5,0,5,13,6,24,0,0,0,24
04/17/2023,ABY,GA,ASO,ES,Federal Contract Tower,0,7,7,2,16,0,0,17,2,19,0,7,24,4,35,0,0,0,35
04/18/2023,ABY,GA,ASO,ES,Federal Contract Tower,0,8,5,2,15,0,0,30,0,30,0,8,35,2,45,0,0,0,45
04/19/2023,ABY,GA,ASO,ES,Federal Contract Tower,0,4,11,4,19,0,0,28,2,30,0,4,39,6,49,0,12,12,61
04/20/2023,ABY,GA,ASO,ES,Federal Contract Tower,0,5,7,0,12,0,0,19,0,19,0,5,26,0,31,4,14,18,49
04/21/2023,ABY,GA,ASO,ES,Federal Contract Tower,0,5,11,3,19,0,0,22,3,25,0,5,33,6,44,14,11,25,69
04/22/2023,ABY,GA,ASO,ES,Federal Contract Tower,0,4,10,0,14,0,0,8,2,10,0,4,18,2,24,30,0,30,54
04/23/2023,ABY,GA,ASO,ES,Federal Contract Tower,0,5,11,0,16,0,0,23,0,23,0,5,34,0,39,14,0,14,53
04/24/2023,ABY,GA,ASO,ES,Federal Contract Tower,0,13,10,4,27,0,0,18,2,20,0,13,28,6,47,0,29,29,76
04/25/2023,ABY,GA,ASO,ES,Federal Contract Tower,0,4,1,4,9,0,0,12,2,14,0,4,13,6,23,5,42,47,70
04/26/2023,ABY,GA,ASO,ES,Federal Contract Tower,0,6,8,4,18,0,0,3,0,3,0,6,11,4,21,0,0,0,21
04/27/2023,ABY,GA,ASO,ES,Federal Contract Tower,0,5,5,1,11,0,0,0,0,0,0,5,5,1,11,0,0,0,11
04/28/2023,ABY,GA,ASO,ES,Federal Contract Tower,0,8,9,5,22,0,0,4,0,4,0,8,13,5,26,2,16,18,44
04/29/2023,ABY,GA,ASO,ES,Federal Contract Tower,0,2,4,0,6,0,0,4,0,4,0,2,8,0,10,0,0,0,10
04/30/2023,ABY,GA,ASO,ES,Federal Contract Tower,3,2,10,0,15,0,0,1,0,1,3,2,11,0,16,0,0,0,16
05/01/2023,ABY,GA,ASO,ES,Federal Contract Tower,3,0,9,0,12,0,0,8,0,8,3,0,17,0,20,0,0,0,20
05/02/2023,ABY,GA,ASO,ES,Federal Contract Tower,3,0,0,0,3,0,0,12,4,16,3,0,12,4,19,0,16,16,35
05/03/2023,ABY,GA,ASO,ES,Federal Contract Tower,3,0,13,2,18,0,0,14,0,14,3,0,27,2,32,0,0,0,32
05/04/2023,ABY,GA,ASO,ES,Federal Contract Tower,3,3,10,4,20,0,0,32,0,32,3,3,42,4,52,27,0,27,79
05/05/2023,ABY,GA,ASO,ES,Federal Contract Tower,3,3,12,0,18,0,0,15,9,24,3,3,27,9,42,18,44,62,104
05/06/2023,ABY,GA,ASO,ES,Federal Contract Tower,3,0,7,0,10,0,0,18,2,20,3,0,25,2,30,14,0,14,44
05/07/2023,ABY,GA,ASO,ES,Federal Contract Tower,3,2,5,2,12,0,0,21,2,23,3,2,26,4,35,22,0,22,57
05/08/2023,ABY,GA,ASO,ES,Federal Contract Tower,2,0,6,7,15,0,0,20,4,24,2,0,26,11,39,18,64,82,121
05/09/2023,ABY,GA,ASO,ES,Federal Contract Tower,2,1,11,4,18,0,0,17,3,20,2,1,28,7,38,16,18,34,72
05/10/2023,ABY,GA,ASO,ES,Federal Contract Tower,0,6,5,2,13,0,0,11,6,17,0,6,16,8,30,0,2,2,32
05/11/2023,ABY,GA,ASO,ES,Federal Contract Tower,3,5,13,0,21,0,0,7,0,7,3,5,20,0,28,0,0,0,28
05/12/2023,ABY,GA,ASO,ES,Federal Contract Tower,3,0,3,0,6,0,0,8,0,8,3,0,11,0,14,22,0,22,36
05/13/2023,ABY,GA,ASO,ES,Federal Contract Tower,2,0,10,0,12,0,0,21,0,21,2,0,31,0,33,16,0,16,49
05/14/2023,ABY,GA,ASO,ES,Federal Contract Tower,2,1,2,0,5,0,0,15,0,15,2,1,17,0,20,22,0,22,42
05/15/2023,ABY,GA,ASO,ES,Federal Contract Tower,2,0,9,1,12,0,0,11,1,12,2,0,20,2,24,0,10,10,34
05/16/2023,ABY,GA,ASO,ES,Federal Contract Tower,2,0,6,2,10,0,0,4,0,4,2,0,10,2,14,20,0,20,34
05/17/2023,ABY,GA,ASO,ES,Federal Contract Tower,3,3,8,6,20,0,0,4,2,6,3,3,12,8,26,18,16,34,60
05/18/2023,ABY,GA,ASO,ES,Federal Contract Tower,2,0,3,6,11,0,0,4,0,4,2,0,7,6,15,6,18,24,39
05/19/2023,ABY,GA,ASO,ES,Federal Contract Tower,2,0,14,2,18,0,0,8,0,8,2,0,22,2,26,2,0,2,28
05/20/2023,ABY,GA,ASO,ES,Federal Contract Tower,2,0,4,2,8,0,0,11,0,11,2,0,15,2,19,20,0,20,39
05/21/2023,ABY,GA,ASO,ES,Federal Contract Tower,3,0,4,0,7,0,0,3,2,5,3,0,7,2,12,0,0,0,12
05/22/2023,ABY,GA,ASO,ES,Federal Contract Tower,3,3,11,4,21,0,0,0,0,0,3,3,11,4,21,0,14,14,35
05/23/2023,ABY,GA,ASO,ES,Federal Contract Tower,3,0,4,4,11,0,0,0,2,2,3,0,4,6,13,0,10,10,23
05/24/2023,ABY,GA,ASO,ES,Federal Contract Tower,3,0,8,2,13,0,0,1,0,1,3,0,9,2,14,6,0,6,20
05/25/2023,ABY,GA,ASO,ES,Federal Contract Tower,3,0,8,0,11,0,0,12,2,14,3,0,20,2,25,12,10,22,47
05/26/2023,ABY,GA,ASO,ES,Federal Contract Tower,2,0,7,3,12,0,0,11,1,12,2,0,18,4,24,14,24,38,62
05/27/2023,ABY,GA,ASO,ES,Federal Contract Tower,2,0,1,0,3,0,0,19,0,19,2,0,20,0,22,0,0,0,22
05/28/2023,ABY,GA,ASO,ES,Federal Contract Tower,2,2,8,0,12,0,0,22,0,22,2,2,30,0,34,12,0,12,46
05/29/2023,ABY,GA,ASO,ES,Federal Contract Tower,2,0,9,0,11,0,0,17,0,17,2,0,26,0,28,16,0,16,44
05/30/2023,ABY,GA,ASO,ES,Federal Contract Tower,3,0,9,8,20,0,0,32,2,34,3,0,41,10,54,12,10,22,76
05/31/2023,ABY,GA,ASO,ES,Federal Contract Tower,2,0,8,6,16,0,0,4,0,4,2,0,12,6,20,6,6,12,32
06/01/2023,ABY,GA,ASO,ES,Federal Contract Tower,2,1,8,10,21,0,0,15,5,20,2,1,23,15,41,16,14,30,71
06/02/2023,ABY,GA,ASO,ES,Federal Contract Tower,3,0,8,7,18,0,0,19,4,23,3,0,27,11,41,24,12,36,77
06/03/2023,ABY,GA,ASO,ES,Federal Contract Tower,2,1,9,0,12,0,0,13,2,15,2,1,22,2,27,18,6,24,51
06/04/2023,ABY,GA,ASO,ES,Federal Contract Tower,2,1,2,0,5,0,0,26,3,29,2,1,28,3,34,12,0,12,46
06/05/2023,ABY,GA,ASO,ES,Federal Contract Tower,2,2,6,2,12,0,0,12,5,17,2,2,18,7,29,8,28,36,65
06/06/2023,ABY,GA,ASO,ES,Federal Contract Tower,2,0,9,3,14,0,0,14,1,15,2,0,23,4,29,0,14,14,43
06/07/2023,ABY,GA,ASO,ES,Federal Contract Tower,3,3,9,4,19,0,0,26,0,26,3,3,35,4,45,50,18,68,113
06/08/2023,ABY,GA,ASO,ES,Federal Contract Tower,2,0,7,4,13,0,1,24,0,25,2,1,31,4,38,8,0,8,46
06/09/2023,ABY,GA,ASO,ES,Federal Contract Tower,2,1,12,0,15,0,0,37,2,39,2,1,49,2,54,28,10,38,92
06/10/2023,ABY,GA,ASO,ES,Federal Contract Tower,2,0,8,0,10,0,0,32,0,32,2,0,40,0,42,58,0,58,100
06/11/2023,ABY,GA,ASO,ES,Federal Contract Tower,3,0,7,0,10,0,0,10,0,10,3,0,17,0,20,10,0,10,30
06/12/2023,ABY,GA,ASO,ES,Federal Contract Tower,2,3,1,0,6,0,0,2,0,2,2,3,3,0,8,32,0,32,40
06/13/2023,ABY,GA,ASO,ES,Federal Contract Tower,2,0,1,2,5,0,0,6,2,8,2,0,7,4,13,16,8,24,37
06/14/2023,ABY,GA,ASO,ES,Federal Contract Tower,1,0,3,0,4,0,0,0,0,0,1,0,3,0,4,0,0,0,4
06/15/2023,ABY,GA,ASO,ES,Federal Contract Tower,3,0,5,0,8,0,0,0,0,0,3,0,5,0,8,0,0,0,8
06/16/2023,ABY,GA,ASO,ES,Federal Contract Tower,2,0,3,0,5,0,0,8,0,8,2,0,11,0,13,12,0,12,25
06/17/2023,ABY,GA,ASO,ES,Federal Contract Tower,2,0,4,0,6,0,0,15,0,15,2,0,19,0,21,6,0,6,27
06/18/2023,ABY,GA,ASO,ES,Federal Contract Tower,3,0,5,0,8,0,0,10,0,10,3,0,15,0,18,14,2,16,34
06/19/2023,ABY,GA,ASO,ES,Federal Contract Tower,2,0,6,0,8,0,0,3,0,3,2,0,9,0,11,8,0,8,19
06/20/2023,ABY,GA,ASO,ES,Federal Contract Tower,3,3,4,0,10,0,0,5,0,5,3,3,9,0,15,2,0,2,17
06/21/2023,ABY,GA,ASO,ES,Federal Contract Tower,2,0,2,0,4,0,0,0,0,0,2,0,2,0,4,0,0,0,4
06/22/2023,ABY,GA,ASO,ES,Federal Contract Tower,2,0,4,6,12,0,0,5,1,6,2,0,9,7,18,16,0,16,34
06/23/2023,ABY,GA,ASO,ES,Federal Contract Tower,2,0,7,2,11,0,0,25,2,27,2,0,32,4,38,16,12,28,66
06/24/2023,ABY,GA,ASO,ES,Federal Contract Tower,2,0,4,0,6,0,0,37,0,37,2,0,41,0,43,20,0,20,63
06/25/2023,ABY,GA,ASO,ES,Federal Contract Tower,3,0,5,0,8,0,0,21,0,21,3,0,26,0,29,0,0,0,29
06/26/2023,ABY,GA,ASO,ES,Federal Contract Tower,2,0,6,1,9,0,0,14,0,14,2,0,20,1,23,6,28,34,57
06/27/2023,ABY,GA,ASO,ES,Federal Contract Tower,2,0,8,2,12,0,0,18,2,20,2,0,26,4,32,16,6,22,54
06/28/2023,ABY,GA,ASO,ES,Federal Contract Tower,2,0,8,4,14,0,0,23,4,27,2,0,31,8,41,60,10,70,111
06/29/2023,ABY,GA,ASO,ES,Federal Contract Tower,0,4,6,4,14,0,0,38,0,38,0,4,44,4,52,22,8,30,82
06/30/2023,ABY,GA,ASO,ES,Federal Contract Tower,3,0,4,8,15,0,1,22,1,24,3,1,26,9,39,38,12,50,89
07/01/2023,ABY,GA,ASO,ES,Federal Contract Tower,2,2,3,0,7,0,0,16,0,16,2,2,19,0,23,20,0,20,43
07/02/2023,ABY,GA,ASO,ES,Federal Contract Tower,2,0,0,0,2,0,0,12,0,12,2,0,12,0,14,2,0,2,16
07/03/2023,ABY,GA,ASO,ES,Federal Contract Tower,2,0,2,0,4,0,0,9,0,9,2,0,11,0,13,6,0,6,19
07/04/2023,ABY,GA,ASO,ES,Federal Contract Tower,2,0,0,0,2,0,0,6,0,6,2,0,6,0,8,0,0,0,8
07/05/2023,ABY,GA,ASO,ES,Federal Contract Tower,2,0,2,2,6,0,0,6,0,6,2,0,8,2,12,6,12,18,30
07/06/2023,ABY,GA,ASO,ES,Federal Contract Tower,2,0,7,2,11,0,0,8,0,8,2,0,15,2,19,4,0,4,23
07/07/2023,ABY,GA,ASO,ES,Federal Contract Tower,2,0,1,0,3,0,0,6,6,12,2,0,7,6,15,4,0,4,19
07/08/2023,ABY,GA,ASO,ES,Federal Contract Tower,2,0,6,0,8,0,0,23,0,23,2,0,29,0,31,0,0,0,31
07/09/2023,ABY,GA,ASO,ES,Federal Contract Tower,2,0,5,6,13,0,0,5,14,19,2,0,10,20,32,0,0,0,32
07/10/2023,ABY,GA,ASO,ES,Federal Contract Tower,2,0,7,0,9,0,0,0,0,0,2,0,7,0,9,0,0,0,9
07/11/2023,ABY,GA,ASO,ES,Federal Contract Tower,2,0,4,2,8,0,0,10,5,15,2,0,14,7,23,8,46,54,77
07/12/2023,ABY,GA,ASO,ES,Federal Contract Tower,3,1,8,3,15,0,0,11,0,11,3,1,19,3,26,0,20,20,46
07/13/2023,ABY,GA,ASO,ES,Federal Contract Tower,2,0,2,0,4,0,0,0,0,0,2,0,2,0,4,0,0,0,4
07/14/2023,ABY,GA,ASO,ES,Federal Contract Tower,2,1,13,2,18,0,0,4,2,6,2,1,17,4,24,0,0,0,24
07/15/2023,ABY,GA,ASO,ES,Federal Contract Tower,2,0,2,0,4,0,0,6,0,6,2,0,8,0,10,4,0,4,14
07/16/2023,ABY,GA,ASO,ES,Federal Contract Tower,3,0,4,0,7,0,0,3,0,3,3,0,7,0,10,0,0,0,10
07/17/2023,ABY,GA,ASO,ES,Federal Contract Tower,3,0,3,0,6,0,0,24,0,24,3,0,27,0,30,6,0,6,36
07/18/2023,ABY,GA,ASO,ES,Federal Contract Tower,4,1,10,6,21,0,0,14,2,16,4,1,24,8,37,32,14,46,83
07/19/2023,ABY,GA,ASO,ES,Federal Contract Tower,2,0,2,4,8,0,0,11,0,11,2,0,13,4,19,0,0,0,19
07/20/2023,ABY,GA,ASO,ES,Federal Contract Tower,2,0,8,4,14,0,0,6,0,6,2,0,14,4,20,0,8,8,28
07/21/2023,ABY,GA,ASO,ES,Federal Contract Tower,2,0,10,0,12,0,0,8,2,10,2,0,18,2,22,2,2,4,26
07/22/2023,ABY,GA,ASO,ES,Federal Contract Tower,2,0,4,0,6,0,0,11,0,11,2,0,15,0,17,20,0,20,37
07/23/2023,ABY,GA,ASO,ES,Federal Contract Tower,2,0,7,0,9,0,0,5,1,6,2,0,12,1,15,0,0,0,15
07/24/2023,ABY,GA,ASO,ES,Federal Contract Tower,2,0,11,2,15,0,0,14,0,14,2,0,25,2,29,4,0,4,33
07/25/2023,ABY,GA,ASO,ES,Federal Contract Tower,3,0,3,6,12,0,0,16,0,16,3,0,19,6,28,0,0,0,28
07/26/2023,ABY,GA,ASO,ES,Federal Contract Tower,2,2,8,6,18,0,0,24,0,24,2,2,32,6,42,6,6,12,54
07/27/2023,ABY,GA,ASO,ES,Federal Contract Tower,2,0,7,6,15,0,0,21,0,21,2,0,28,6,36,0,4,4,40
07/28/2023,ABY,GA,ASO,ES,Federal Contract Tower,2,0,6,6,14,0,0,11,0,11,2,0,17,6,25,30,6,36,61
07/29/2023,ABY,GA,ASO,ES,Federal Contract Tower,2,0,0,0,2,0,0,12,0,12,2,0,12,0,14,4,0,4,18
07/30/2023,ABY,GA,ASO,ES,Federal Contract Tower,2,0,2,3,7,0,0,10,1,11,2,0,12,4,18,6,0,6,24
07/31/2023,ABY,GA,ASO,ES,Federal Contract Tower,2,2,5,2,11,0,0,5,0,5,2,2,10,2,16,4,0,4,20
08/01/2023,ABY,GA,ASO,ES,Federal Contract Tower,2,0,13,4,19,0,0,18,0,18,2,0,31,4,37,12,0,12,49
08/02/2023,ABY,GA,ASO,ES,Federal Contract Tower,2,10,5,5,22,0,0,14,1,15,2,10,19,6,37,8,15,23,60
08/03/2023,ABY,GA,ASO,ES,Federal Contract Tower,2,0,6,6,14,0,0,15,0,15,2,0,21,6,29,0,0,0,29
08/04/2023,ABY,GA,ASO,ES,Federal Contract Tower,2,0,7,0,9,0,0,4,1,5,2,0,11,1,14,0,0,0,14
08/05/2023,ABY,GA,ASO,ES,Federal Contract Tower,2,2,5,0,9,0,0,9,0,9,2,2,14,0,18,0,0,0,18
08/06/2023,ABY,GA,ASO,ES,Federal Contract Tower,2,2,5,0,9,0,0,15,0,15,2,2,20,0,24,20,0,20,44
08/07/2023,ABY,GA,ASO,ES,Federal Contract Tower,2,0,2,2,6,0,0,11,4,15,2,0,13,6,21,0,14,14,35
08/08/2023,ABY,GA,ASO,ES,Federal Contract Tower,2,0,7,4,13,0,0,4,2,6,2,0,11,6,19,0,0,0,19
08/09/2023,ABY,GA,ASO,ES,Federal Contract Tower,2,0,10,0,12,0,0,8,0,8,2,0,18,0,20,0,0,0,20
08/10/2023,ABY,GA,ASO,ES,Federal Contract Tower,2,2,2,3,9,0,0,12,4,16,2,2,14,7,25,2,44,46,71
08/11/2023,ABY,GA,ASO,ES,Federal Contract Tower,2,2,7,4,15,0,0,3,0,3,2,2,10,4,18,0,0,0,18
08/12/2023,ABY,GA,ASO,ES,Federal Contract Tower,2,0,5,0,7,0,0,28,0,28,2,0,33,0,35,18,0,18,53
08/13/2023,ABY,GA,ASO,ES,Federal Contract Tower,2,0,1,0,3,0,0,16,0,16,2,0,17,0,19,24,0,24,43
08/14/2023,ABY,GA,ASO,ES,Federal Contract Tower,2,0,3,0,5,0,0,10,4,14,2,0,13,4,19,0,24,24,43
08/15/2023,ABY,GA,ASO,ES,Federal Contract Tower,4,0,1,0,5,0,0,9,1,10,4,0,10,1,15,0,12,12,27
08/16/2023,ABY,GA,ASO,ES,Federal Contract Tower,2,0,7,0,9,0,0,5,0,5,2,0,12,0,14,0,0,0,14
08/17/2023,ABY,GA,ASO,ES,Federal Contract Tower,2,0,9,0,11,0,0,7,4,11,2,0,16,4,22,6,28,34,56
08/18/2023,ABY,GA,ASO,ES,Federal Contract Tower,2,0,3,4,9,0,0,17,3,20,2,0,20,7,29,0,26,26,55
08/19/2023,ABY,GA,ASO,ES,Federal Contract Tower,2,0,9,0,11,0,0,16,0,16,2,0,25,0,27,0,0,0,27
08/20/2023,ABY,GA,ASO,ES,Federal Contract Tower,2,0,4,0,6,0,0,23,0,23,2,0,27,0,29,2,0,2,31
08/21/2023,ABY,GA,ASO,ES,Federal Contract Tower,2,0,5,4,11,0,0,12,0,12,2,0,17,4,23,28,0,28,51
08/22/2023,ABY,GA,ASO,ES,Federal Contract Tower,2,1,5,4,12,0,0,15,0,15,2,1,20,4,27,16,0,16,43
08/23/2023,ABY,GA,ASO,ES,Federal Contract Tower,3,0,7,2,12,0,0,28,0,28,3,0,35,2,40,8,14,22,62
08/24/2023,ABY,GA,ASO,ES,Federal Contract Tower,1,0,11,0,12,0,0,23,0,23,1,0,34,0,35,10,0,10,45
08/25/2023,ABY,GA,ASO,ES,Federal Contract Tower,2,0,12,4,18,0,0,6,4,10,2,0,18,8,28,0,0,0,28
08/26/2023,ABY,GA,ASO,ES,Federal Contract Tower,2,0,0,0,2,0,0,35,0,35,2,0,35,0,37,0,0,0,37
08/27/2023,ABY,GA,ASO,ES,Federal Contract Tower,2,0,0,0,2,0,0,6,0,6,2,0,6,0,8,0,0,0,8
08/28/2023,ABY,GA,ASO,ES,Federal Contract Tower,2,0,16,4,22,0,0,19,6,25,2,0,35,10,47,10,58,68,115
08/29/2023,ABY,GA,ASO,ES,Federal Contract Tower,2,2,12,0,16,0,0,7,2,9,2,2,19,2,25,0,0,0,25
08/30/2023,ABY,GA,ASO,ES,Federal Contract Tower,2,0,1,0,3,0,0,0,0,0,2,0,1,0,3,0,0,0,3
08/31/2023,ABY,GA,ASO,ES,Federal Contract Tower,2,2,7,0,11,0,0,9,0,9,2,2,16,0,20,12,0,12,32
