01/01/2000,ACK,MA,ANE,EN,Towers with Display (VFR),0,52,11,0,63,0,136,61,0,197,0,188,72,0,260,8,0,8,268
01/02/2000,ACK,MA,ANE,EN,Towers with Display (VFR),0,243,48,2,293,0,172,88,0,260,0,415,136,2,553,0,0,0,553
01/03/2000,ACK,MA,ANE,EN,Towers with Display (VFR),0,48,10,0,58,0,215,35,2,252,0,263,45,2,310,0,2,2,312
01/04/2000,ACK,MA,ANE,EN,Towers with Display (VFR),0,191,14,0,205,0,25,0,0,25,0,216,14,0,230,0,0,0,230
01/05/2000,ACK,MA,ANE,EN,Towers with Display (VFR),0,26,6,0,32,0,232,47,9,288,0,258,53,9,320,0,12,12,332
01/06/2000,ACK,MA,ANE,EN,Towers with Display (VFR),0,30,7,0,37,0,252,75,4,331,0,282,82,4,368,18,4,22,390
01/07/2000,ACK,MA,ANE,EN,Towers with Display (VFR),0,36,8,0,44,0,258,48,2,308,0,294,56,2,352,0,0,0,352
01/08/2000,ACK,MA,ANE,EN,Towers with Display (VFR),0,22,4,0,26,0,167,136,0,303,0,189,140,0,329,78,0,78,407
01/09/2000,ACK,MA,ANE,EN,Towers with Display (VFR),0,28,5,1,34,0,138,119,7,264,0,166,124,8,298,58,4,62,360
01/10/2000,ACK,MA,ANE,EN,Towers with Display (VFR),0,81,16,0,97,0,141,32,0,173,0,222,48,0,270,34,0,34,304
01/11/2000,ACK,MA,ANE,EN,Towers with Display (VFR),0,29,5,1,35,0,192,43,1,236,0,221,48,2,271,0,0,0,271
01/12/2000,ACK,MA,ANE,EN,Towers with Display (VFR),0,17,3,0,20,0,234,40,0,274,0,251,43,0,294,2,0,2,296
01/13/2000,ACK,MA,ANE,EN,Towers with Display (VFR),0,83,16,0,99,0,85,4,0,89,0,168,20,0,188,12,0,12,200
01/14/2000,ACK,MA,ANE,EN,Towers with Display (VFR),0,19,4,0,23,0,232,38,0,270,0,251,42,0,293,0,0,0,293
01/15/2000,ACK,MA,ANE,EN,Towers with Display (VFR),0,60,12,0,72,0,123,31,0,154,0,183,43,0,226,2,0,2,228
01/16/2000,ACK,MA,ANE,EN,Towers with Display (VFR),0,51,10,0,61,0,126,7,0,133,0,177,17,0,194,0,0,0,194
01/17/2000,ACK,MA,ANE,EN,Towers with Display (VFR),0,98,20,0,118,0,113,4,0,117,0,211,24,0,235,0,0,0,235
01/18/2000,ACK,MA,ANE,EN,Towers with Display (VFR),0,130,25,2,157,0,136,1,2,139,0,266,26,4,296,0,0,0,296
01/19/2000,ACK,MA,ANE,EN,Towers with Display (VFR),0,103,20,0,123,0,181,23,6,210,0,284,43,6,333,48,0,48,381
01/20/2000,ACK,MA,ANE,EN,Towers with Display (VFR),0,40,7,0,47,0,149,40,0,189,0,189,47,0,236,18,0,18,254
01/21/2000,ACK,MA,ANE,EN,Towers with Display (VFR),0,13,2,0,15,0,101,11,0,112,0,114,13,0,127,0,0,0,127
01/22/2000,ACK,MA,ANE,EN,Towers with Display (VFR),0,16,3,0,19,0,154,34,4,192,0,170,37,4,211,0,0,0,211
01/23/2000,ACK,MA,ANE,EN,Towers with Display (VFR),0,55,11,0,66,0,118,19,0,137,0,173,30,0,203,0,0,0,203
01/24/2000,ACK,MA,ANE,EN,Towers with Display (VFR),0,35,6,0,41,0,175,34,0,209,0,210,40,0,250,24,4,28,278
01/25/2000,ACK,MA,ANE,EN,Towers with Display (VFR),0,123,9,0,132,0,35,0,0,35,0,158,9,0,167,0,0,0,167
01/26/2000,ACK,MA,ANE,EN,Towers with Display (VFR),0,50,9,0,59,0,145,23,4,172,0,195,32,4,231,22,0,22,253
01/27/2000,ACK,MA,ANE,EN,Towers with Display (VFR),0,30,5,0,35,0,213,43,0,256,0,243,48,0,291,35,0,35,326
01/28/2000,ACK,MA,ANE,EN,Towers with Display (VFR),0,36,7,0,43,0,230,59,2,291,0,266,66,2,334,6,0,6,340
01/29/2000,ACK,MA,ANE,EN,Towers with Display (VFR),0,30,6,0,36,0,148,84,0,232,0,178,90,0,268,22,0,22,290
01/30/2000,ACK,MA,ANE,EN,Towers with Display (VFR),0,30,6,0,36,0,142,84,0,226,0,172,90,0,262,38,0,38,300
01/31/2000,ACK,MA,ANE,EN,Towers with Display (VFR),0,122,20,0,142,0,94,0,0,94,0,216,20,0,236,6,0,6,242
02/01/2000,ACK,MA,ANE,EN,Towers with Display (VFR),0,28,0,1,29,0,216,54,1,271,0,244,54,2,300,12,8,20,320
02/02/2000,ACK,MA,ANE,EN,Towers with Display (VFR),0,25,0,0,25,0,218,34,2,254,0,243,34,2,279,0,0,0,279
02/03/2000,ACK,MA,ANE,EN,Towers with Display (VFR),0,38,3,1,42,0,245,60,9,314,0,283,63,10,356,12,0,12,368
02/04/2000,ACK,MA,ANE,EN,Towers with Display (VFR),0,85,12,0,97,0,132,18,0,150,0,217,30,0,247,4,0,4,251
02/05/2000,ACK,MA,ANE,EN,Towers with Display (VFR),0,37,2,1,40,0,137,67,1,205,0,174,69,2,245,0,0,0,245
02/06/2000,ACK,MA,ANE,EN,Towers with Display (VFR),0,17,0,0,17,0,183,39,4,226,0,200,39,4,243,8,0,8,251
02/07/2000,ACK,MA,ANE,EN,Towers with Display (VFR),0,21,0,0,21,0,228,31,1,260,0,249,31,1,281,0,0,0,281
02/08/2000,ACK,MA,ANE,EN,Towers with Display (VFR),0,15,0,0,15,0,206,77,0,283,0,221,77,0,298,32,0,32,330
02/09/2000,ACK,MA,ANE,EN,Towers with Display (VFR),0,28,0,0,28,0,215,49,0,264,0,243,49,0,292,22,0,22,314
02/10/2000,ACK,MA,ANE,EN,Towers with Display (VFR),0,77,11,0,88,0,205,63,0,268,0,282,74,0,356,10,0,10,366
02/11/2000,ACK,MA,ANE,EN,Towers with Display (VFR),0,106,14,0,120,0,13,0,0,13,0,119,14,0,133,0,0,0,133
02/12/2000,ACK,MA,ANE,EN,Towers with Display (VFR),0,29,1,0,30,0,141,94,0,235,0,170,95,0,265,8,0,8,273
02/13/2000,ACK,MA,ANE,EN,Towers with Display (VFR),0,30,2,0,32,0,142,66,0,208,0,172,68,0,240,0,0,0,240
02/14/2000,ACK,MA,ANE,EN,Towers with Display (VFR),0,173,15,0,188,0,25,0,0,25,0,198,15,0,213,0,0,0,213
02/15/2000,ACK,MA,ANE,EN,Towers with Display (VFR),0,81,13,0,94,0,186,39,0,225,0,267,52,0,319,8,0,8,327
02/16/2000,ACK,MA,ANE,EN,Towers with Display (VFR),0,34,3,0,37,0,236,42,6,284,0,270,45,6,321,32,0,32,353
02/17/2000,ACK,MA,ANE,EN,Towers with Display (VFR),0,28,1,0,29,0,265,70,0,335,0,293,71,0,364,16,0,16,380
02/18/2000,ACK,MA,ANE,EN,Towers with Display (VFR),0,64,22,0,86,0,132,15,6,153,0,196,37,6,239,28,0,28,267
02/19/2000,ACK,MA,ANE,EN,Towers with Display (VFR),0,93,17,0,110,0,18,0,0,18,0,111,17,0,128,0,0,0,128
02/20/2000,ACK,MA,ANE,EN,Towers with Display (VFR),0,50,18,0,68,0,111,30,0,141,0,161,48,0,209,8,2,10,219
02/21/2000,ACK,MA,ANE,EN,Towers with Display (VFR),0,13,10,0,23,0,249,73,2,324,0,262,83,2,347,12,0,12,359
02/22/2000,ACK,MA,ANE,EN,Towers with Display (VFR),0,14,10,0,24,0,210,51,0,261,0,224,61,0,285,64,0,64,349
02/23/2000,ACK,MA,ANE,EN,Towers with Display (VFR),0,11,9,0,20,0,214,51,0,265,0,225,60,0,285,14,0,14,299
02/24/2000,ACK,MA,ANE,EN,Towers with Display (VFR),0,27,14,0,41,0,217,55,0,272,0,244,69,0,313,32,12,44,357
02/25/2000,ACK,MA,ANE,EN,Towers with Display (VFR),0,169,33,0,202,0,74,0,0,74,0,243,33,0,276,0,0,0,276
02/26/2000,ACK,MA,ANE,EN,Towers with Display (VFR),0,86,26,0,112,0,89,13,0,102,0,175,39,0,214,0,0,0,214
02/27/2000,ACK,MA,ANE,EN,Towers with Display (VFR),0,40,9,0,49,0,9,0,0,9,0,49,9,0,58,0,0,0,58
02/28/2000,ACK,MA,ANE,EN,Towers with Display (VFR),0,97,29,2,128,0,112,1,0,113,0,209,30,2,241,18,0,18,259
02/29/2000,ACK,MA,ANE,EN,Towers with Display (VFR),0,30,14,0,44,0,204,66,0,270,0,234,80,0,314,28,0,28,342
03/01/2000,ACK,MA,ANE,EN,Towers with Display (VFR),0,66,16,2,84,0,180,71,2,253,0,246,87,4,337,40,0,40,377
03/02/2000,ACK,MA,ANE,EN,Towers with Display (VFR),0,28,7,0,35,0,217,55,0,272,0,245,62,0,307,38,0,38,345
03/03/2000,ACK,MA,ANE,EN,Towers with Display (VFR),0,21,5,0,26,0,252,53,0,305,0,273,58,0,331,0,0,0,331
03/04/2000,ACK,MA,ANE,EN,Towers with Display (VFR),0,22,6,0,28,0,178,114,0,292,0,200,120,0,320,24,0,24,344
03/05/2000,ACK,MA,ANE,EN,Towers with Display (VFR),0,28,7,1,36,0,203,92,0,295,0,231,99,1,331,18,0,18,349
03/06/2000,ACK,MA,ANE,EN,Towers with Display (VFR),0,18,5,1,24,0,242,60,3,305,0,260,65,4,329,0,0,0,329
03/07/2000,ACK,MA,ANE,EN,Towers with Display (VFR),0,25,7,1,33,0,197,67,1,265,0,222,74,2,298,22,0,22,320
03/08/2000,ACK,MA,ANE,EN,Towers with Display (VFR),0,25,7,1,33,0,231,83,13,327,0,256,90,14,360,42,0,42,402
03/09/2000,ACK,MA,ANE,EN,Towers with Display (VFR),0,122,31,3,156,0,112,10,1,123,0,234,41,4,279,4,0,4,283
03/10/2000,ACK,MA,ANE,EN,Towers with Display (VFR),0,44,12,1,57,0,211,45,3,259,0,255,57,4,316,10,4,14,330
03/11/2000,ACK,MA,ANE,EN,Towers with Display (VFR),0,81,20,0,101,0,77,23,0,100,0,158,43,0,201,20,0,20,221
03/12/2000,ACK,MA,ANE,EN,Towers with Display (VFR),0,99,10,0,109,0,27,0,0,27,0,126,10,0,136,0,0,0,136
03/13/2000,ACK,MA,ANE,EN,Towers with Display (VFR),0,25,6,0,31,0,195,63,0,258,0,220,69,0,289,8,0,8,297
03/14/2000,ACK,MA,ANE,EN,Towers with Display (VFR),0,19,5,0,24,0,210,66,0,276,0,229,71,0,300,26,0,26,326
03/15/2000,ACK,MA,ANE,EN,Towers with Display (VFR),0,24,5,1,30,0,230,79,17,326,0,254,84,18,356,38,12,50,406
03/16/2000,ACK,MA,ANE,EN,Towers with Display (VFR),0,125,31,0,156,0,127,18,0,145,0,252,49,0,301,0,4,4,305
03/17/2000,ACK,MA,ANE,EN,Towers with Display (VFR),0,106,27,0,133,0,1,0,0,1,0,107,27,0,134,0,0,0,134
03/18/2000,ACK,MA,ANE,EN,Towers with Display (VFR),0,34,9,0,43,0,192,59,0,251,0,226,68,0,294,0,0,0,294
03/19/2000,ACK,MA,ANE,EN,Towers with Display (VFR),0,37,10,0,47,0,157,108,0,265,0,194,118,0,312,0,0,0,312
03/20/2000,ACK,MA,ANE,EN,Towers with Display (VFR),0,148,38,0,186,0,79,3,0,82,0,227,41,0,268,0,0,0,268
03/21/2000,ACK,MA,ANE,EN,Towers with Display (VFR),0,178,20,0,198,0,27,0,0,27,0,205,20,0,225,0,0,0,225
03/22/2000,ACK,MA,ANE,EN,Towers with Display (VFR),0,112,28,2,142,0,176,24,2,202,0,288,52,4,344,0,0,0,344
03/23/2000,ACK,MA,ANE,EN,Towers with Display (VFR),0,33,8,0,41,0,254,93,0,347,0,287,101,0,388,16,0,16,404
03/24/2000,ACK,MA,ANE,EN,Towers with Display (VFR),0,25,6,0,31,0,261,91,0,352,0,286,97,0,383,42,0,42,425
03/25/2000,ACK,MA,ANE,EN,Towers with Display (VFR),0,23,5,0,28,0,146,119,0,265,0,169,124,0,293,22,0,22,315
03/26/2000,ACK,MA,ANE,EN,Towers with Display (VFR),0,23,5,0,28,0,168,63,0,231,0,191,68,0,259,6,0,6,265
03/27/2000,ACK,MA,ANE,EN,Towers with Display (VFR),0,24,6,0,30,0,222,84,1,307,0,246,90,1,337,20,4,24,361
03/28/2000,ACK,MA,ANE,EN,Towers with Display (VFR),0,68,17,0,85,0,72,5,0,77,0,140,22,0,162,0,0,0,162
03/29/2000,ACK,MA,ANE,EN,Towers with Display (VFR),0,26,6,0,32,0,247,41,6,294,0,273,47,6,326,0,8,8,334
03/30/2000,ACK,MA,ANE,EN,Towers with Display (VFR),0,28,7,0,35,0,263,73,10,346,0,291,80,10,381,0,0,0,381
03/31/2000,ACK,MA,ANE,EN,Towers with Display (VFR),0,41,11,0,52,0,271,106,0,377,0,312,117,0,429,6,2,8,437
04/01/2000,ACK,MA,ANE,EN,Towers with Display (VFR),0,34,10,0,44,0,164,132,0,296,0,198,142,0,340,4,2,6,346
04/02/2000,ACK,MA,ANE,EN,Towers with Display (VFR),0,22,7,0,29,0,210,100,0,310,0,232,107,0,339,2,2,4,343
04/03/2000,ACK,MA,ANE,EN,Towers with Display (VFR),0,138,38,0,176,0,116,10,0,126,0,254,48,0,302,8,0,8,310
04/04/2000,ACK,MA,ANE,EN,Towers with Display (VFR),0,207,22,0,229,0,36,0,0,36,0,243,22,0,265,0,0,0,265
04/05/2000,ACK,MA,ANE,EN,Towers with Display (VFR),0,32,9,0,41,0,266,38,2,306,0,298,47,2,347,2,0,2,349
04/06/2000,ACK,MA,ANE,EN,Towers with Display (VFR),0,23,6,1,30,0,277,65,3,345,0,300,71,4,375,0,10,10,385
04/07/2000,ACK,MA,ANE,EN,Towers with Display (VFR),0,33,9,1,43,0,274,102,1,377,0,307,111,2,420,28,0,28,448
04/08/2000,ACK,MA,ANE,EN,Towers with Display (VFR),0,32,8,0,40,0,172,64,0,236,0,204,72,0,276,0,2,2,278
04/09/2000,ACK,MA,ANE,EN,Towers with Display (VFR),0,107,23,0,130,0,155,0,0,155,0,262,23,0,285,0,0,0,285
04/10/2000,ACK,MA,ANE,EN,Towers with Display (VFR),0,24,6,0,30,0,255,59,0,314,0,279,65,0,344,0,0,0,344
04/11/2000,ACK,MA,ANE,EN,Towers with Display (VFR),0,41,11,0,52,0,220,48,0,268,0,261,59,0,320,12,0,12,332
04/12/2000,ACK,MA,ANE,EN,Towers with Display (VFR),0,130,34,2,166,0,160,25,10,195,0,290,59,12,361,2,0,2,363
04/13/2000,ACK,MA,ANE,EN,Towers with Display (VFR),0,36,9,1,46,0,255,85,3,343,0,291,94,4,389,32,0,32,421
04/14/2000,ACK,MA,ANE,EN,Towers with Display (VFR),0,34,9,0,43,0,284,90,0,374,0,318,99,0,417,48,0,48,465
04/15/2000,ACK,MA,ANE,EN,Towers with Display (VFR),0,101,26,2,129,0,89,29,0,118,0,190,55,2,247,0,0,0,247
04/16/2000,ACK,MA,ANE,EN,Towers with Display (VFR),0,168,38,2,208,0,23,0,0,23,0,191,38,2,231,0,0,0,231
04/17/2000,ACK,MA,ANE,EN,Towers with Display (VFR),0,58,16,0,74,0,247,61,0,308,0,305,77,0,382,20,2,22,404
04/18/2000,ACK,MA,ANE,EN,Towers with Display (VFR),0,114,30,1,145,0,145,3,1,149,0,259,33,2,294,0,4,4,298
04/19/2000,ACK,MA,ANE,EN,Towers with Display (VFR),0,209,38,0,247,0,19,0,0,19,0,228,38,0,266,0,0,0,266
04/20/2000,ACK,MA,ANE,EN,Towers with Display (VFR),0,199,53,2,254,0,103,30,2,135,0,302,83,4,389,10,0,10,399
04/21/2000,ACK,MA,ANE,EN,Towers with Display (VFR),0,222,59,2,283,0,108,8,8,124,0,330,67,10,407,30,0,30,437
04/22/2000,ACK,MA,ANE,EN,Towers with Display (VFR),0,156,28,1,185,0,15,0,1,16,0,171,28,2,201,0,0,0,201
04/23/2000,ACK,MA,ANE,EN,Towers with Display (VFR),0,214,51,0,265,0,7,0,0,7,0,221,51,0,272,0,0,0,272
04/24/2000,ACK,MA,ANE,EN,Towers with Display (VFR),0,48,13,0,61,0,271,70,0,341,0,319,83,0,402,60,0,60,462
04/25/2000,ACK,MA,ANE,EN,Towers with Display (VFR),0,58,16,0,74,0,311,83,6,400,0,369,99,6,474,0,0,0,474
04/26/2000,ACK,MA,ANE,EN,Towers with Display (VFR),0,207,33,0,240,0,66,0,0,66,0,273,33,0,306,0,0,0,306
04/27/2000,ACK,MA,ANE,EN,Towers with Display (VFR),0,167,44,1,212,0,154,34,5,193,0,321,78,6,405,4,0,4,409
04/28/2000,ACK,MA,ANE,EN,Towers with Display (VFR),0,55,14,0,69,0,376,157,4,537,0,431,171,4,606,0,0,0,606
04/29/2000,ACK,MA,ANE,EN,Towers with Display (VFR),0,133,35,0,168,0,94,60,0,154,0,227,95,0,322,4,0,4,326
04/30/2000,ACK,MA,ANE,EN,Towers with Display (VFR),0,80,22,0,102,0,359,161,0,520,0,439,183,0,622,14,0,14,636
05/01/2000,ACK,MA,ANE,EN,Towers with Display (VFR),0,37,14,0,51,0,306,89,0,395,0,343,103,0,446,0,0,0,446
05/02/2000,ACK,MA,ANE,EN,Towers with Display (VFR),0,141,55,1,197,0,131,10,0,141,0,272,65,1,338,12,0,12,350
05/03/2000,ACK,MA,ANE,EN,Towers with Display (VFR),0,30,12,1,43,0,303,113,3,419,0,333,125,4,462,24,0,24,486
05/04/2000,ACK,MA,ANE,EN,Towers with Display (VFR),0,32,12,0,44,0,295,95,0,390,0,327,107,0,434,2,0,2,436
05/05/2000,ACK,MA,ANE,EN,Towers with Display (VFR),0,44,18,0,62,0,300,109,0,409,0,344,127,0,471,0,0,0,471
05/06/2000,ACK,MA,ANE,EN,Towers with Display (VFR),0,39,15,1,55,0,195,127,1,323,0,234,142,2,378,14,0,14,392
05/07/2000,ACK,MA,ANE,EN,Towers with Display (VFR),0,85,34,1,120,0,231,92,3,326,0,316,126,4,446,22,16,38,484
05/08/2000,ACK,MA,ANE,EN,Towers with Display (VFR),0,34,14,1,49,0,293,80,1,374,0,327,94,2,423,0,0,0,423
05/09/2000,ACK,MA,ANE,EN,Towers with Display (VFR),0,51,20,1,72,0,258,88,3,349,0,309,108,4,421,0,0,0,421
05/10/2000,ACK,MA,ANE,EN,Towers with Display (VFR),0,190,44,0,234,0,33,0,0,33,0,223,44,0,267,0,0,0,267
05/11/2000,ACK,MA,ANE,EN,Towers with Display (VFR),0,141,55,2,198,0,182,47,0,229,0,323,102,2,427,4,0,4,431
05/12/2000,ACK,MA,ANE,EN,Towers with Display (VFR),0,64,26,0,90,0,343,141,0,484,0,407,167,0,574,2,0,2,576
05/13/2000,ACK,MA,ANE,EN,Towers with Display (VFR),0,170,62,0,232,0,32,0,0,32,0,202,62,0,264,0,0,0,264
05/14/2000,ACK,MA,ANE,EN,Towers with Display (VFR),0,84,33,0,117,0,222,163,0,385,0,306,196,0,502,0,0,0,502
05/15/2000,ACK,MA,ANE,EN,Towers with Display (VFR),0,30,12,1,43,0,322,117,1,440,0,352,129,2,483,2,0,2,485
05/16/2000,ACK,MA,ANE,EN,Towers with Display (VFR),0,40,16,0,56,0,324,156,8,488,0,364,172,8,544,2,0,2,546
05/17/2000,ACK,MA,ANE,EN,Towers with Display (VFR),0,40,16,0,56,0,296,113,16,425,0,336,129,16,481,0,20,20,501
05/18/2000,ACK,MA,ANE,EN,Towers with Display (VFR),0,60,23,0,83,0,299,51,2,352,0,359,74,2,435,0,0,0,435
05/19/2000,ACK,MA,ANE,EN,Towers with Display (VFR),0,292,105,2,399,0,119,0,0,119,0,411,105,2,518,0,0,0,518
05/20/2000,ACK,MA,ANE,EN,Towers with Display (VFR),0,101,39,0,140,0,169,52,0,221,0,270,91,0,361,0,0,0,361
05/21/2000,ACK,MA,ANE,EN,Towers with Display (VFR),0,255,99,0,354,0,137,20,0,157,0,392,119,0,511,0,0,0,511
05/22/2000,ACK,MA,ANE,EN,Towers with Display (VFR),0,294,50,2,346,0,67,0,0,67,0,361,50,2,413,0,0,0,413
05/23/2000,ACK,MA,ANE,EN,Towers with Display (VFR),0,191,74,2,267,0,189,13,2,204,0,380,87,4,471,10,0,10,481
05/24/2000,ACK,MA,ANE,EN,Towers with Display (VFR),0,232,55,0,287,0,43,0,0,43,0,275,55,0,330,0,0,0,330
05/25/2000,ACK,MA,ANE,EN,Towers with Display (VFR),0,116,45,1,162,0,364,111,3,478,0,480,156,4,640,6,12,18,658
05/26/2000,ACK,MA,ANE,EN,Towers with Display (VFR),0,118,45,0,163,0,556,316,0,872,0,674,361,0,1035,8,0,8,1043
05/27/2000,ACK,MA,ANE,EN,Towers with Display (VFR),0,60,23,0,83,0,345,223,1,569,0,405,246,1,652,2,0,2,654
05/28/2000,ACK,MA,ANE,EN,Towers with Display (VFR),0,50,20,0,70,0,245,176,0,421,0,295,196,0,491,10,0,10,501
05/29/2000,ACK,MA,ANE,EN,Towers with Display (VFR),0,225,88,1,314,0,493,328,0,821,0,718,416,1,1135,0,0,0,1135
05/30/2000,ACK,MA,ANE,EN,Towers with Display (VFR),0,115,44,0,159,0,345,92,0,437,0,460,136,0,596,0,0,0,596
05/31/2000,ACK,MA,ANE,EN,Towers with Display (VFR),0,95,37,0,132,0,286,100,0,386,0,381,137,0,518,12,0,12,530
06/01/2000,ACK,MA,ANE,EN,Towers with Display (VFR),0,59,78,1,138,0,354,59,9,422,0,413,137,10,560,0,6,6,566
06/02/2000,ACK,MA,ANE,EN,Towers with Display (VFR),0,35,65,1,101,0,385,111,3,499,0,420,176,4,600,10,0,10,610
06/03/2000,ACK,MA,ANE,EN,Towers with Display (VFR),0,21,57,0,78,0,293,131,0,424,0,314,188,0,502,8,0,8,510
06/04/2000,ACK,MA,ANE,EN,Towers with Display (VFR),0,45,69,0,114,0,364,216,0,580,0,409,285,0,694,14,0,14,708
06/05/2000,ACK,MA,ANE,EN,Towers with Display (VFR),0,29,61,0,90,0,329,49,4,382,0,358,110,4,472,10,2,12,484
06/06/2000,ACK,MA,ANE,EN,Towers with Display (VFR),0,154,35,0,189,0,116,0,0,116,0,270,35,0,305,0,0,0,305
06/07/2000,ACK,MA,ANE,EN,Towers with Display (VFR),0,106,81,1,188,0,273,0,3,276,0,379,81,4,464,10,0,10,474
06/08/2000,ACK,MA,ANE,EN,Towers with Display (VFR),0,26,59,0,85,0,429,152,8,589,0,455,211,8,674,26,0,26,700
06/09/2000,ACK,MA,ANE,EN,Towers with Display (VFR),0,60,77,0,137,0,450,139,2,591,0,510,216,2,728,10,8,18,746
06/10/2000,ACK,MA,ANE,EN,Towers with Display (VFR),0,56,30,0,86,0,251,150,0,401,0,307,180,0,487,12,0,12,499
06/11/2000,ACK,MA,ANE,EN,Towers with Display (VFR),0,145,53,0,198,0,276,128,0,404,0,421,181,0,602,0,0,0,602
06/12/2000,ACK,MA,ANE,EN,Towers with Display (VFR),0,326,147,0,473,0,68,0,0,68,0,394,147,0,541,0,0,0,541
06/13/2000,ACK,MA,ANE,EN,Towers with Display (VFR),0,108,34,0,142,0,346,107,10,463,0,454,141,10,605,8,4,12,617
06/14/2000,ACK,MA,ANE,EN,Towers with Display (VFR),0,131,45,1,177,0,313,130,5,448,0,444,175,6,625,12,0,12,637
06/15/2000,ACK,MA,ANE,EN,Towers with Display (VFR),0,205,86,1,292,0,243,35,1,279,0,448,121,2,571,4,0,4,575
06/16/2000,ACK,MA,ANE,EN,Towers with Display (VFR),0,245,106,0,351,0,212,82,0,294,0,457,188,0,645,2,0,2,647
06/17/2000,ACK,MA,ANE,EN,Towers with Display (VFR),0,158,59,0,217,0,148,96,0,244,0,306,155,0,461,30,0,30,491
06/18/2000,ACK,MA,ANE,EN,Towers with Display (VFR),0,242,104,0,346,0,212,117,0,329,0,454,221,0,675,8,0,8,683
06/19/2000,ACK,MA,ANE,EN,Towers with Display (VFR),0,207,86,2,295,0,248,89,4,341,0,455,175,6,636,18,0,18,654
06/20/2000,ACK,MA,ANE,EN,Towers with Display (VFR),0,56,29,0,85,0,428,177,0,605,0,484,206,0,690,24,0,24,714
06/21/2000,ACK,MA,ANE,EN,Towers with Display (VFR),0,51,29,0,80,0,389,127,0,516,0,440,156,0,596,28,0,28,624
06/22/2000,ACK,MA,ANE,EN,Towers with Display (VFR),0,334,152,0,486,0,131,0,0,131,0,465,152,0,617,0,0,0,617
06/23/2000,ACK,MA,ANE,EN,Towers with Display (VFR),0,92,29,1,122,0,449,289,1,739,0,541,318,2,861,2,0,2,863
06/24/2000,ACK,MA,ANE,EN,Towers with Display (VFR),0,112,36,0,148,0,224,246,0,470,0,336,282,0,618,12,0,12,630
06/25/2000,ACK,MA,ANE,EN,Towers with Display (VFR),0,238,104,0,342,0,207,248,0,455,0,445,352,0,797,0,0,0,797
06/26/2000,ACK,MA,ANE,EN,Towers with Display (VFR),0,381,163,2,546,0,17,0,0,17,0,398,163,2,563,0,0,0,563
06/27/2000,ACK,MA,ANE,EN,Towers with Display (VFR),0,336,116,0,452,0,42,0,0,42,0,378,116,0,494,0,0,0,494
06/28/2000,ACK,MA,ANE,EN,Towers with Display (VFR),0,113,37,1,151,0,360,221,9,590,0,473,258,10,741,24,0,24,765
06/29/2000,ACK,MA,ANE,EN,Towers with Display (VFR),0,225,97,0,322,0,303,136,0,439,0,528,233,0,761,14,0,14,775
06/30/2000,ACK,MA,ANE,EN,Towers with Display (VFR),0,561,275,2,838,0,27,125,0,152,0,588,400,2,990,0,0,0,990
07/01/2000,ACK,MA,ANE,EN,Towers with Display (VFR),0,60,117,0,177,0,500,272,0,772,0,560,389,0,949,4,0,4,953
07/02/2000,ACK,MA,ANE,EN,Towers with Display (VFR),0,46,108,0,154,0,349,208,0,557,0,395,316,0,711,0,0,0,711
07/03/2000,ACK,MA,ANE,EN,Towers with Display (VFR),0,34,102,0,136,0,351,113,0,464,0,385,215,0,600,10,0,10,610
07/04/2000,ACK,MA,ANE,EN,Towers with Display (VFR),0,289,190,2,481,0,108,0,0,108,0,397,190,2,589,0,0,0,589
07/05/2000,ACK,MA,ANE,EN,Towers with Display (VFR),0,65,121,1,187,0,547,244,3,794,0,612,365,4,981,12,0,12,993
07/06/2000,ACK,MA,ANE,EN,Towers with Display (VFR),0,29,99,1,129,0,455,168,3,626,0,484,267,4,755,8,8,16,771
07/07/2000,ACK,MA,ANE,EN,Towers with Display (VFR),0,158,57,1,216,0,382,267,3,652,0,540,324,4,868,6,0,6,874
07/08/2000,ACK,MA,ANE,EN,Towers with Display (VFR),0,93,53,0,146,0,321,247,0,568,0,414,300,0,714,26,0,26,740
07/09/2000,ACK,MA,ANE,EN,Towers with Display (VFR),0,172,66,0,238,0,334,295,0,629,0,506,361,0,867,0,0,0,867
07/10/2000,ACK,MA,ANE,EN,Towers with Display (VFR),0,337,159,2,498,0,73,4,2,79,0,410,163,4,577,0,0,0,577
07/11/2000,ACK,MA,ANE,EN,Towers with Display (VFR),0,29,53,1,83,0,414,130,7,551,0,443,183,8,634,22,0,22,656
07/12/2000,ACK,MA,ANE,EN,Towers with Display (VFR),0,71,53,0,124,0,389,219,0,608,0,460,272,0,732,18,4,22,754
07/13/2000,ACK,MA,ANE,EN,Towers with Display (VFR),0,90,53,1,144,0,446,249,8,703,0,536,302,9,847,42,0,42,889
07/14/2000,ACK,MA,ANE,EN,Towers with Display (VFR),0,135,53,1,189,0,462,333,3,798,0,597,386,4,987,4,0,4,991
07/15/2000,ACK,MA,ANE,EN,Towers with Display (VFR),0,126,53,0,179,0,251,116,0,367,0,377,169,0,546,14,0,14,560
07/16/2000,ACK,MA,ANE,EN,Towers with Display (VFR),0,422,206,0,628,0,54,36,0,90,0,476,242,0,718,0,0,0,718
07/17/2000,ACK,MA,ANE,EN,Towers with Display (VFR),0,382,184,1,567,0,52,0,1,53,0,434,184,2,620,2,0,2,622
07/18/2000,ACK,MA,ANE,EN,Towers with Display (VFR),0,304,110,1,415,2,99,0,1,102,2,403,110,2,517,6,0,6,523
07/19/2000,ACK,MA,ANE,EN,Towers with Display (VFR),0,81,53,0,134,0,408,176,8,592,0,489,229,8,726,4,18,22,748
07/20/2000,ACK,MA,ANE,EN,Towers with Display (VFR),0,99,53,0,152,0,417,232,6,655,0,516,285,6,807,18,10,28,835
07/21/2000,ACK,MA,ANE,EN,Towers with Display (VFR),0,151,53,0,204,0,499,322,0,821,0,650,375,0,1025,4,0,4,1029
07/22/2000,ACK,MA,ANE,EN,Towers with Display (VFR),0,203,82,0,285,0,174,92,2,268,0,377,174,2,553,6,0,6,559
07/23/2000,ACK,MA,ANE,EN,Towers with Display (VFR),0,131,53,0,184,0,442,383,4,829,0,573,436,4,1013,16,0,16,1029
07/24/2000,ACK,MA,ANE,EN,Towers with Display (VFR),0,105,53,0,158,0,373,211,2,586,0,478,264,2,744,44,0,44,788
07/25/2000,ACK,MA,ANE,EN,Towers with Display (VFR),0,296,131,0,427,0,107,0,0,107,0,403,131,0,534,0,0,0,534
07/26/2000,ACK,MA,ANE,EN,Towers with Display (VFR),0,320,92,0,412,0,59,0,0,59,0,379,92,0,471,0,0,0,471
07/27/2000,ACK,MA,ANE,EN,Towers with Display (VFR),0,352,151,0,503,0,33,0,0,33,0,385,151,0,536,0,0,0,536
07/28/2000,ACK,MA,ANE,EN,Towers with Display (VFR),0,494,262,0,756,0,0,25,0,25,0,494,287,0,781,0,0,0,781
07/29/2000,ACK,MA,ANE,EN,Towers with Display (VFR),0,185,72,0,257,0,194,136,0,330,0,379,208,0,587,18,2,20,607
07/30/2000,ACK,MA,ANE,EN,Towers with Display (VFR),0,267,119,0,386,0,231,178,0,409,0,498,297,0,795,0,0,0,795
07/31/2000,ACK,MA,ANE,EN,Towers with Display (VFR),0,401,196,0,597,0,47,1,0,48,0,448,197,0,645,0,0,0,645
08/01/2000,ACK,MA,ANE,EN,Towers with Display (VFR),0,15,6,0,21,0,261,89,2,352,0,276,95,2,373,0,0,0,373
08/02/2000,ACK,MA,ANE,EN,Towers with Display (VFR),0,303,126,0,429,0,30,0,0,30,0,333,126,0,459,0,0,0,459
08/03/2000,ACK,MA,ANE,EN,Towers with Display (VFR),0,395,178,0,573,0,17,0,6,23,0,412,178,6,596,0,0,0,596
08/04/2000,ACK,MA,ANE,EN,Towers with Display (VFR),0,412,220,0,632,0,0,25,8,33,0,412,245,8,665,0,0,0,665
08/05/2000,ACK,MA,ANE,EN,Towers with Display (VFR),0,116,58,0,174,0,323,285,5,613,0,439,343,5,787,20,0,20,807
08/06/2000,ACK,MA,ANE,EN,Towers with Display (VFR),0,138,69,0,207,0,394,288,4,686,0,532,357,4,893,8,2,10,903
08/07/2000,ACK,MA,ANE,EN,Towers with Display (VFR),0,363,165,0,528,0,62,0,0,62,0,425,165,0,590,0,0,0,590
08/08/2000,ACK,MA,ANE,EN,Towers with Display (VFR),0,202,104,0,306,0,241,62,0,303,0,443,166,0,609,34,4,38,647
08/09/2000,ACK,MA,ANE,EN,Towers with Display (VFR),0,204,106,0,310,0,215,92,2,309,0,419,198,2,619,2,0,2,621
08/10/2000,ACK,MA,ANE,EN,Towers with Display (VFR),0,189,98,0,287,0,275,150,0,425,0,464,248,0,712,16,0,16,728
08/11/2000,ACK,MA,ANE,EN,Towers with Display (VFR),0,161,83,0,244,0,389,252,1,642,0,550,335,1,886,4,0,4,890
08/12/2000,ACK,MA,ANE,EN,Towers with Display (VFR),0,197,102,0,299,0,246,103,0,349,0,443,205,0,648,6,0,6,654
08/13/2000,ACK,MA,ANE,EN,Towers with Display (VFR),0,446,222,0,668,0,22,0,0,22,0,468,222,0,690,0,0,0,690
08/14/2000,ACK,MA,ANE,EN,Towers with Display (VFR),0,350,166,0,516,0,48,0,0,48,0,398,166,0,564,2,0,2,566
08/15/2000,ACK,MA,ANE,EN,Towers with Display (VFR),0,324,103,0,427,0,68,0,0,68,0,392,103,0,495,24,0,24,519
08/16/2000,ACK,MA,ANE,EN,Towers with Display (VFR),0,261,134,0,395,0,166,22,2,190,0,427,156,2,585,8,0,8,593
08/17/2000,ACK,MA,ANE,EN,Towers with Display (VFR),0,92,47,0,139,0,506,280,2,788,0,598,327,2,927,0,0,0,927
08/18/2000,ACK,MA,ANE,EN,Towers with Display (VFR),0,180,93,0,273,0,383,196,0,579,0,563,289,0,852,4,0,4,856
08/19/2000,ACK,MA,ANE,EN,Towers with Display (VFR),0,187,97,0,284,0,235,177,0,412,0,422,274,0,696,10,0,10,706
08/20/2000,ACK,MA,ANE,EN,Towers with Display (VFR),0,108,56,0,164,0,448,322,0,770,0,556,378,0,934,0,0,0,934
08/21/2000,ACK,MA,ANE,EN,Towers with Display (VFR),0,79,41,0,120,0,386,262,0,648,0,465,303,0,768,6,0,6,774
08/22/2000,ACK,MA,ANE,EN,Towers with Display (VFR),0,60,30,0,90,0,404,220,2,626,0,464,250,2,716,12,0,12,728
08/23/2000,ACK,MA,ANE,EN,Towers with Display (VFR),0,98,50,0,148,0,341,147,11,499,0,439,197,11,647,16,4,20,667
08/24/2000,ACK,MA,ANE,EN,Towers with Display (VFR),0,342,181,2,525,0,111,29,0,140,0,453,210,2,665,0,6,6,671
08/25/2000,ACK,MA,ANE,EN,Towers with Display (VFR),0,164,85,0,249,0,405,254,2,661,0,569,339,2,910,4,0,4,914
08/26/2000,ACK,MA,ANE,EN,Towers with Display (VFR),0,80,41,0,121,0,314,291,0,605,0,394,332,0,726,12,0,12,738
08/27/2000,ACK,MA,ANE,EN,Towers with Display (VFR),0,149,77,0,226,0,400,292,0,692,0,549,369,0,918,10,4,14,932
08/28/2000,ACK,MA,ANE,EN,Towers with Display (VFR),0,173,89,0,262,0,281,130,4,415,0,454,219,4,677,6,4,10,687
08/29/2000,ACK,MA,ANE,EN,Towers with Display (VFR),0,64,33,0,97,2,377,182,12,573,2,441,215,12,670,2,2,4,674
08/30/2000,ACK,MA,ANE,EN,Towers with Display (VFR),0,283,150,0,433,0,161,3,0,164,0,444,153,0,597,36,0,36,633
08/31/2000,ACK,MA,ANE,EN,Towers with Display (VFR),0,200,108,0,308,0,225,125,0,350,0,425,233,0,658,4,4,8,666
09/01/2000,ACK,MA,ANE,EN,Towers with Display (VFR),0,289,130,0,419,0,211,156,0,367,0,500,286,0,786,0,0,0,786
09/02/2000,ACK,MA,ANE,EN,Towers with Display (VFR),0,285,101,0,386,0,31,0,0,31,0,316,101,0,417,0,0,0,417
09/03/2000,ACK,MA,ANE,EN,Towers with Display (VFR),0,280,78,4,362,0,47,0,2,49,0,327,78,6,411,0,0,0,411
09/04/2000,ACK,MA,ANE,EN,Towers with Display (VFR),0,446,202,2,650,0,97,36,0,133,0,543,238,2,783,0,0,0,783
09/05/2000,ACK,MA,ANE,EN,Towers with Display (VFR),0,88,40,1,129,1,396,190,1,588,1,484,230,2,717,20,4,24,741
09/06/2000,ACK,MA,ANE,EN,Towers with Display (VFR),0,50,23,1,74,0,340,168,1,509,0,390,191,2,583,28,6,34,617
09/07/2000,ACK,MA,ANE,EN,Towers with Display (VFR),0,54,24,1,79,0,387,160,5,552,0,441,184,6,631,8,0,8,639
09/08/2000,ACK,MA,ANE,EN,Towers with Display (VFR),0,75,34,0,109,0,395,228,0,623,0,470,262,0,732,0,0,0,732
09/09/2000,ACK,MA,ANE,EN,Towers with Display (VFR),0,82,38,0,120,0,239,138,0,377,0,321,176,0,497,28,4,32,529
09/10/2000,ACK,MA,ANE,EN,Towers with Display (VFR),0,124,56,0,180,0,307,202,0,509,0,431,258,0,689,10,0,10,699
09/11/2000,ACK,MA,ANE,EN,Towers with Display (VFR),0,141,64,2,207,0,233,78,1,312,0,374,142,3,519,0,0,0,519
09/12/2000,ACK,MA,ANE,EN,Towers with Display (VFR),0,119,54,2,175,0,265,87,2,354,0,384,141,4,529,6,0,6,535
09/13/2000,ACK,MA,ANE,EN,Towers with Display (VFR),0,170,78,2,250,0,175,10,12,197,0,345,88,14,447,0,4,4,451
09/14/2000,ACK,MA,ANE,EN,Towers with Display (VFR),0,66,30,1,97,0,364,178,5,547,0,430,208,6,644,18,6,24,668
09/15/2000,ACK,MA,ANE,EN,Towers with Display (VFR),0,267,122,0,389,0,170,42,0,212,0,437,164,0,601,4,0,4,605
09/16/2000,ACK,MA,ANE,EN,Towers with Display (VFR),0,51,23,0,74,0,276,190,0,466,0,327,213,0,540,20,0,20,560
09/17/2000,ACK,MA,ANE,EN,Towers with Display (VFR),0,73,32,1,106,0,402,232,1,635,0,475,264,2,741,20,2,22,763
09/18/2000,ACK,MA,ANE,EN,Towers with Display (VFR),0,45,19,0,64,0,342,136,0,478,0,387,155,0,542,14,2,16,558
09/19/2000,ACK,MA,ANE,EN,Towers with Display (VFR),0,93,41,1,135,0,269,48,11,328,0,362,89,12,463,12,2,14,477
09/20/2000,ACK,MA,ANE,EN,Towers with Display (VFR),0,184,83,0,267,0,127,6,0,133,0,311,89,0,400,0,0,0,400
09/21/2000,ACK,MA,ANE,EN,Towers with Display (VFR),0,83,37,0,120,0,277,96,4,377,0,360,133,4,497,18,2,20,517
09/22/2000,ACK,MA,ANE,EN,Towers with Display (VFR),0,77,35,0,112,0,441,204,2,647,0,518,239,2,759,8,0,8,767
09/23/2000,ACK,MA,ANE,EN,Towers with Display (VFR),0,100,45,0,145,0,207,168,0,375,0,307,213,0,520,0,0,0,520
09/24/2000,ACK,MA,ANE,EN,Towers with Display (VFR),0,364,164,2,530,0,50,0,0,50,0,414,164,2,580,0,0,0,580
09/25/2000,ACK,MA,ANE,EN,Towers with Display (VFR),0,72,32,0,104,0,308,86,0,394,0,380,118,0,498,4,2,6,504
09/26/2000,ACK,MA,ANE,EN,Towers with Display (VFR),0,139,56,0,195,0,137,0,0,137,0,276,56,0,332,0,0,0,332
09/27/2000,ACK,MA,ANE,EN,Towers with Display (VFR),0,37,17,0,54,0,307,115,0,422,0,344,132,0,476,22,6,28,504
09/28/2000,ACK,MA,ANE,EN,Towers with Display (VFR),0,81,37,0,118,0,319,99,6,424,0,400,136,6,542,18,0,18,560
09/29/2000,ACK,MA,ANE,EN,Towers with Display (VFR),0,78,35,0,113,0,359,144,2,505,0,437,179,2,618,26,4,30,648
09/30/2000,ACK,MA,ANE,EN,Towers with Display (VFR),0,51,23,0,74,0,272,154,0,426,0,323,177,0,500,20,0,20,520
10/01/2000,ACK,MA,ANE,EN,Towers with Display (VFR),0,70,28,0,98,0,375,247,0,622,0,445,275,0,720,14,0,14,734
10/02/2000,ACK,MA,ANE,EN,Towers with Display (VFR),0,122,47,0,169,0,246,69,0,315,0,368,116,0,484,18,0,18,502
10/03/2000,ACK,MA,ANE,EN,Towers with Display (VFR),0,28,12,0,40,0,297,89,4,390,0,325,101,4,430,34,2,36,466
10/04/2000,ACK,MA,ANE,EN,Towers with Display (VFR),0,35,14,0,49,0,356,135,0,491,0,391,149,0,540,6,18,24,564
10/05/2000,ACK,MA,ANE,EN,Towers with Display (VFR),0,116,45,0,161,0,225,85,0,310,0,341,130,0,471,6,0,6,477
10/06/2000,ACK,MA,ANE,EN,Towers with Display (VFR),0,406,135,1,542,0,42,0,0,42,0,448,135,1,584,10,2,12,596
10/07/2000,ACK,MA,ANE,EN,Towers with Display (VFR),0,73,28,0,101,0,276,146,2,424,0,349,174,2,525,40,0,40,565
10/08/2000,ACK,MA,ANE,EN,Towers with Display (VFR),0,60,23,1,84,0,291,155,1,447,0,351,178,2,531,8,0,8,539
10/09/2000,ACK,MA,ANE,EN,Towers with Display (VFR),0,240,90,0,330,0,230,44,0,274,0,470,134,0,604,0,0,0,604
10/10/2000,ACK,MA,ANE,EN,Towers with Display (VFR),0,45,17,0,62,0,303,64,0,367,0,348,81,0,429,0,0,0,429
10/11/2000,ACK,MA,ANE,EN,Towers with Display (VFR),0,28,10,0,38,0,304,77,0,381,0,332,87,0,419,14,0,14,433
10/12/2000,ACK,MA,ANE,EN,Towers with Display (VFR),0,39,14,0,53,0,295,148,0,443,0,334,162,0,496,12,0,12,508
10/13/2000,ACK,MA,ANE,EN,Towers with Display (VFR),0,31,11,0,42,0,353,158,0,511,0,384,169,0,553,8,0,8,561
10/14/2000,ACK,MA,ANE,EN,Towers with Display (VFR),0,26,9,0,35,0,229,176,0,405,0,255,185,0,440,38,6,44,484
10/15/2000,ACK,MA,ANE,EN,Towers with Display (VFR),0,44,17,0,61,0,372,174,0,546,0,416,191,0,607,4,0,4,611
10/16/2000,ACK,MA,ANE,EN,Towers with Display (VFR),0,62,24,0,86,0,258,49,0,307,0,320,73,0,393,24,2,26,419
10/17/2000,ACK,MA,ANE,EN,Towers with Display (VFR),0,81,30,0,111,0,236,38,0,274,0,317,68,0,385,10,4,14,399
10/18/2000,ACK,MA,ANE,EN,Towers with Display (VFR),0,66,24,0,90,0,225,20,6,251,0,291,44,6,341,12,0,12,353
10/19/2000,ACK,MA,ANE,EN,Towers with Display (VFR),0,72,27,0,99,0,243,31,2,276,0,315,58,2,375,26,2,28,403
10/20/2000,ACK,MA,ANE,EN,Towers with Display (VFR),0,37,14,0,51,0,324,168,0,492,0,361,182,0,543,26,25,51,594
10/21/2000,ACK,MA,ANE,EN,Towers with Display (VFR),0,36,13,0,49,0,199,112,0,311,0,235,125,0,360,0,0,0,360
10/22/2000,ACK,MA,ANE,EN,Towers with Display (VFR),0,29,10,0,39,0,385,133,0,518,0,414,143,0,557,6,0,6,563
10/23/2000,ACK,MA,ANE,EN,Towers with Display (VFR),0,31,11,0,42,0,280,76,0,356,0,311,87,0,398,8,0,8,406
10/24/2000,ACK,MA,ANE,EN,Towers with Display (VFR),0,22,8,0,30,0,244,79,8,331,0,266,87,8,361,10,0,10,371
10/25/2000,ACK,MA,ANE,EN,Towers with Display (VFR),0,31,11,0,42,0,283,99,0,382,0,314,110,0,424,10,4,14,438
10/26/2000,ACK,MA,ANE,EN,Towers with Display (VFR),0,105,43,0,148,0,0,8,0,8,0,105,51,0,156,0,0,0,156
10/27/2000,ACK,MA,ANE,EN,Towers with Display (VFR),0,157,59,0,216,0,142,50,0,192,0,299,109,0,408,0,0,0,408
10/28/2000,ACK,MA,ANE,EN,Towers with Display (VFR),0,34,12,0,46,0,196,48,0,244,0,230,60,0,290,0,2,2,292
10/29/2000,ACK,MA,ANE,EN,Towers with Display (VFR),0,71,26,0,97,0,200,32,3,235,0,271,58,3,332,2,0,2,334
10/30/2000,ACK,MA,ANE,EN,Towers with Display (VFR),0,100,38,0,138,0,199,34,11,244,0,299,72,11,382,0,0,0,382
10/31/2000,ACK,MA,ANE,EN,Towers with Display (VFR),0,135,32,0,167,0,106,0,2,108,0,241,32,2,275,4,0,4,279
11/01/2000,ACK,MA,ANE,EN,Towers with Display (VFR),0,104,32,0,136,0,201,14,8,223,0,305,46,8,359,2,8,10,369
11/02/2000,ACK,MA,ANE,EN,Towers with Display (VFR),0,39,12,0,51,0,284,55,0,339,0,323,67,0,390,8,0,8,398
11/03/2000,ACK,MA,ANE,EN,Towers with Display (VFR),0,33,11,0,44,0,294,115,0,409,0,327,126,0,453,18,2,20,473
11/04/2000,ACK,MA,ANE,EN,Towers with Display (VFR),0,35,10,0,45,0,204,116,0,320,0,239,126,0,365,24,0,24,389
11/05/2000,ACK,MA,ANE,EN,Towers with Display (VFR),0,123,36,0,159,0,128,21,0,149,0,251,57,0,308,4,0,4,312
11/06/2000,ACK,MA,ANE,EN,Towers with Display (VFR),0,55,16,0,71,0,198,40,0,238,0,253,56,0,309,0,0,0,309
11/07/2000,ACK,MA,ANE,EN,Towers with Display (VFR),0,40,12,0,52,0,234,51,0,285,0,274,63,0,337,0,0,0,337
11/08/2000,ACK,MA,ANE,EN,Towers with Display (VFR),0,199,42,2,243,0,34,0,2,36,0,233,42,4,279,0,0,0,279
11/09/2000,ACK,MA,ANE,EN,Towers with Display (VFR),0,90,27,1,118,0,183,37,1,221,0,273,64,2,339,0,6,6,345
11/10/2000,ACK,MA,ANE,EN,Towers with Display (VFR),0,241,35,0,276,0,38,0,0,38,0,279,35,0,314,0,0,0,314
11/11/2000,ACK,MA,ANE,EN,Towers with Display (VFR),0,134,28,0,162,0,13,0,0,13,0,147,28,0,175,0,0,0,175
11/12/2000,ACK,MA,ANE,EN,Towers with Display (VFR),0,74,22,1,97,0,203,56,11,270,0,277,78,12,367,4,0,4,371
11/13/2000,ACK,MA,ANE,EN,Towers with Display (VFR),0,53,16,1,70,0,205,48,2,255,0,258,64,3,325,20,0,20,345
11/14/2000,ACK,MA,ANE,EN,Towers with Display (VFR),0,112,33,0,145,0,125,10,0,135,0,237,43,0,280,20,0,20,300
11/15/2000,ACK,MA,ANE,EN,Towers with Display (VFR),0,30,9,0,39,0,233,47,18,298,0,263,56,18,337,8,10,18,355
11/16/2000,ACK,MA,ANE,EN,Towers with Display (VFR),0,20,5,0,25,0,243,81,0,324,0,263,86,0,349,2,0,2,351
11/17/2000,ACK,MA,ANE,EN,Towers with Display (VFR),0,24,7,0,31,0,269,67,0,336,0,293,74,0,367,4,0,4,371
11/18/2000,ACK,MA,ANE,EN,Towers with Display (VFR),0,26,7,0,33,0,285,124,2,411,0,311,131,2,444,0,2,2,446
11/19/2000,ACK,MA,ANE,EN,Towers with Display (VFR),0,24,6,0,30,0,267,98,0,365,0,291,104,0,395,6,0,6,401
11/20/2000,ACK,MA,ANE,EN,Towers with Display (VFR),0,41,12,0,53,0,206,57,2,265,0,247,69,2,318,18,6,24,342
11/21/2000,ACK,MA,ANE,EN,Towers with Display (VFR),0,57,17,0,74,0,262,81,4,347,0,319,98,4,421,4,6,10,431
11/22/2000,ACK,MA,ANE,EN,Towers with Display (VFR),0,72,21,0,93,0,375,109,2,486,0,447,130,2,579,0,0,0,579
11/23/2000,ACK,MA,ANE,EN,Towers with Display (VFR),0,17,4,0,21,0,201,46,0,247,0,218,50,0,268,0,0,0,268
11/24/2000,ACK,MA,ANE,EN,Towers with Display (VFR),0,31,9,0,40,0,282,132,0,414,0,313,141,0,454,0,0,0,454
11/25/2000,ACK,MA,ANE,EN,Towers with Display (VFR),0,34,9,0,43,0,291,140,0,431,0,325,149,0,474,8,0,8,482
11/26/2000,ACK,MA,ANE,EN,Towers with Display (VFR),0,242,70,0,312,0,148,26,0,174,0,390,96,0,486,0,0,0,486
11/27/2000,ACK,MA,ANE,EN,Towers with Display (VFR),0,119,34,0,153,0,179,29,0,208,0,298,63,0,361,0,2,2,363
11/28/2000,ACK,MA,ANE,EN,Towers with Display (VFR),0,25,7,0,32,0,247,50,8,305,0,272,57,8,337,4,0,4,341
11/29/2000,ACK,MA,ANE,EN,Towers with Display (VFR),0,23,6,0,29,0,249,84,0,333,0,272,90,0,362,6,0,6,368
11/30/2000,ACK,MA,ANE,EN,Towers with Display (VFR),0,132,38,0,170,0,192,19,0,211,0,324,57,0,381,4,0,4,385
12/01/2000,ACK,MA,ANE,EN,Towers with Display (VFR),0,80,22,1,103,0,506,169,5,680,0,586,191,6,783,0,0,0,783
12/02/2000,ACK,MA,ANE,EN,Towers with Display (VFR),0,42,11,0,53,0,320,253,0,573,0,362,264,0,626,0,0,0,626
12/03/2000,ACK,MA,ANE,EN,Towers with Display (VFR),0,86,22,2,110,0,506,326,0,832,0,592,348,2,942,0,0,0,942
12/04/2000,ACK,MA,ANE,EN,Towers with Display (VFR),0,34,9,1,44,0,301,61,3,365,0,335,70,4,409,6,6,12,421
12/05/2000,ACK,MA,ANE,EN,Towers with Display (VFR),0,23,6,1,30,0,253,56,3,312,0,276,62,4,342,18,4,22,364
12/06/2000,ACK,MA,ANE,EN,Towers with Display (VFR),0,16,4,0,20,0,281,60,0,341,0,297,64,0,361,8,0,8,369
12/07/2000,ACK,MA,ANE,EN,Towers with Display (VFR),0,25,7,1,33,0,241,66,3,310,0,266,73,4,343,0,0,0,343
12/08/2000,ACK,MA,ANE,EN,Towers with Display (VFR),0,165,44,0,209,0,112,2,0,114,0,277,46,0,323,0,0,0,323
12/09/2000,ACK,MA,ANE,EN,Towers with Display (VFR),0,10,3,1,14,0,233,91,7,331,0,243,94,8,345,0,0,0,345
12/10/2000,ACK,MA,ANE,EN,Towers with Display (VFR),0,21,5,0,26,0,211,83,0,294,0,232,88,0,320,0,0,0,320
12/11/2000,ACK,MA,ANE,EN,Towers with Display (VFR),0,158,42,2,202,0,103,28,0,131,0,261,70,2,333,0,0,0,333
12/12/2000,ACK,MA,ANE,EN,Towers with Display (VFR),0,55,15,0,70,0,123,13,0,136,0,178,28,0,206,0,0,0,206
12/13/2000,ACK,MA,ANE,EN,Towers with Display (VFR),0,21,6,0,27,0,238,71,0,309,0,259,77,0,336,4,6,10,346
12/14/2000,ACK,MA,ANE,EN,Towers with Display (VFR),0,141,19,0,160,0,71,0,0,71,0,212,19,0,231,0,0,0,231
12/15/2000,ACK,MA,ANE,EN,Towers with Display (VFR),0,50,13,0,63,0,248,66,0,314,0,298,79,0,377,0,0,0,377
12/16/2000,ACK,MA,ANE,EN,Towers with Display (VFR),0,29,8,1,38,0,173,62,15,250,0,202,70,16,288,0,0,0,288
12/17/2000,ACK,MA,ANE,EN,Towers with Display (VFR),0,58,15,0,73,0,100,2,0,102,0,158,17,0,175,0,0,0,175
12/18/2000,ACK,MA,ANE,EN,Towers with Display (VFR),0,23,6,0,29,0,314,34,1,349,0,337,40,1,378,0,0,0,378
12/19/2000,ACK,MA,ANE,EN,Towers with Display (VFR),0,43,11,0,54,0,261,58,0,319,0,304,69,0,373,12,0,12,385
12/20/2000,ACK,MA,ANE,EN,Towers with Display (VFR),0,68,17,0,85,0,187,12,0,199,0,255,29,0,284,4,0,4,288
12/21/2000,ACK,MA,ANE,EN,Towers with Display (VFR),0,23,6,0,29,0,278,81,0,359,0,301,87,0,388,6,0,6,394
12/22/2000,ACK,MA,ANE,EN,Towers with Display (VFR),0,183,24,0,207,0,62,0,0,62,0,245,24,0,269,0,0,0,269
12/23/2000,ACK,MA,ANE,EN,Towers with Display (VFR),0,18,5,0,23,0,246,79,0,325,0,264,84,0,348,2,0,2,350
12/24/2000,ACK,MA,ANE,EN,Towers with Display (VFR),0,6,1,0,7,0,160,46,0,206,0,166,47,0,213,0,0,0,213
12/25/2000,ACK,MA,ANE,EN,Towers with Display (VFR),0,12,3,0,15,0,136,4,0,140,0,148,7,0,155,0,0,0,155
12/26/2000,ACK,MA,ANE,EN,Towers with Display (VFR),0,20,5,0,25,0,286,41,0,327,0,306,46,0,352,6,0,6,358
12/27/2000,ACK,MA,ANE,EN,Towers with Display (VFR),0,26,6,0,32,0,253,60,0,313,0,279,66,0,345,0,0,0,345
12/28/2000,ACK,MA,ANE,EN,Towers with Display (VFR),0,26,6,0,32,0,263,55,0,318,0,289,61,0,350,6,0,6,356
12/29/2000,ACK,MA,ANE,EN,Towers with Display (VFR),0,44,11,0,55,0,261,40,8,309,0,305,51,8,364,2,8,10,374
12/30/2000,ACK,MA,ANE,EN,Towers with Display (VFR),0,38,9,0,47,0,75,0,0,75,0,113,9,0,122,0,0,0,122
12/31/2000,ACK,MA,ANE,EN,Towers with Display (VFR),0,15,3,0,18,0,143,11,0,154,0,158,14,0,172,0,0,0,172
01/01/2001,ACK,MA,ANE,EN,Towers with Display (VFR),0,11,2,1,14,0,208,53,1,262,0,219,55,2,276,0,0,0,276
01/02/2001,ACK,MA,ANE,EN,Towers with Display (VFR),0,24,5,0,29,0,295,70,0,365,0,319,75,0,394,0,0,0,394
01/03/2001,ACK,MA,ANE,EN,Towers with Display (VFR),0,20,4,0,24,0,203,56,0,259,0,223,60,0,283,0,0,0,283
01/04/2001,ACK,MA,ANE,EN,Towers with Display (VFR),0,25,5,1,31,0,230,43,7,280,0,255,48,8,311,0,0,0,311
01/05/2001,ACK,MA,ANE,EN,Towers with Display (VFR),0,28,6,0,34,0,253,65,0,318,0,281,71,0,352,4,0,4,356
01/06/2001,ACK,MA,ANE,EN,Towers with Display (VFR),0,141,23,0,164,0,20,0,0,20,0,161,23,0,184,0,0,0,184
01/07/2001,ACK,MA,ANE,EN,Towers with Display (VFR),0,19,3,0,22,0,190,91,0,281,0,209,94,0,303,4,0,4,307
01/08/2001,ACK,MA,ANE,EN,Towers with Display (VFR),0,83,14,0,97,0,195,20,0,215,0,278,34,0,312,0,0,0,312
01/09/2001,ACK,MA,ANE,EN,Towers with Display (VFR),0,141,11,0,152,0,71,0,0,71,0,212,11,0,223,0,0,0,223
01/10/2001,ACK,MA,ANE,EN,Towers with Display (VFR),0,16,3,0,19,0,215,74,0,289,0,231,77,0,308,4,0,4,312
01/11/2001,ACK,MA,ANE,EN,Towers with Display (VFR),0,25,4,1,30,0,278,51,3,332,0,303,55,4,362,0,4,4,366
01/12/2001,ACK,MA,ANE,EN,Towers with Display (VFR),0,27,4,0,31,0,303,94,0,397,0,330,98,0,428,0,0,0,428
01/13/2001,ACK,MA,ANE,EN,Towers with Display (VFR),0,16,1,1,18,0,184,119,1,304,0,200,120,2,322,16,0,16,338
01/14/2001,ACK,MA,ANE,EN,Towers with Display (VFR),0,15,1,0,16,0,186,102,0,288,0,201,103,0,304,6,0,6,310
01/15/2001,ACK,MA,ANE,EN,Towers with Display (VFR),0,139,23,2,164,0,63,3,2,68,0,202,26,4,232,0,0,0,232
01/16/2001,ACK,MA,ANE,EN,Towers with Display (VFR),0,121,20,2,143,0,109,5,6,120,0,230,25,8,263,0,0,0,263
01/17/2001,ACK,MA,ANE,EN,Towers with Display (VFR),0,17,2,0,19,0,190,47,0,237,0,207,49,0,256,0,8,8,264
01/18/2001,ACK,MA,ANE,EN,Towers with Display (VFR),0,46,8,0,54,0,197,58,2,257,0,243,66,2,311,4,4,8,319
01/19/2001,ACK,MA,ANE,EN,Towers with Display (VFR),0,212,18,4,234,0,15,0,1,16,0,227,18,5,250,0,0,0,250
01/20/2001,ACK,MA,ANE,EN,Towers with Display (VFR),0,100,8,0,108,0,14,0,0,14,0,114,8,0,122,0,0,0,122
01/21/2001,ACK,MA,ANE,EN,Towers with Display (VFR),0,7,1,0,8,0,15,1,0,16,0,22,2,0,24,0,0,0,24
01/22/2001,ACK,MA,ANE,EN,Towers with Display (VFR),0,20,3,0,23,0,199,39,0,238,0,219,42,0,261,0,0,0,261
01/23/2001,ACK,MA,ANE,EN,Towers with Display (VFR),0,23,4,0,27,0,208,45,0,253,0,231,49,0,280,0,0,0,280
01/24/2001,ACK,MA,ANE,EN,Towers with Display (VFR),0,20,3,0,23,0,217,73,8,298,0,237,76,8,321,12,8,20,341
01/25/2001,ACK,MA,ANE,EN,Towers with Display (VFR),0,24,4,0,28,0,205,49,0,254,0,229,53,0,282,8,6,14,296
01/26/2001,ACK,MA,ANE,EN,Towers with Display (VFR),0,26,4,0,30,0,273,81,6,360,0,299,85,6,390,0,0,0,390
01/27/2001,ACK,MA,ANE,EN,Towers with Display (VFR),0,50,8,0,58,0,150,17,0,167,0,200,25,0,225,0,0,0,225
01/28/2001,ACK,MA,ANE,EN,Towers with Display (VFR),0,16,2,0,18,0,190,62,4,256,0,206,64,4,274,0,2,2,276
01/29/2001,ACK,MA,ANE,EN,Towers with Display (VFR),0,28,5,0,33,0,226,70,8,304,0,254,75,8,337,0,8,8,345
01/30/2001,ACK,MA,ANE,EN,Towers with Display (VFR),0,76,12,0,88,0,124,19,0,143,0,200,31,0,231,0,0,0,231
01/31/2001,ACK,MA,ANE,EN,Towers with Display (VFR),0,33,5,0,38,0,173,44,0,217,0,206,49,0,255,2,2,4,259
02/01/2001,ACK,MA,ANE,EN,Towers with Display (VFR),0,19,4,1,24,0,223,60,7,290,0,242,64,8,314,4,2,6,320
02/02/2001,ACK,MA,ANE,EN,Towers with Display (VFR),0,25,5,0,30,0,257,45,0,302,0,282,50,0,332,6,0,6,338
02/03/2001,ACK,MA,ANE,EN,Towers with Display (VFR),0,15,3,1,19,0,157,57,5,219,0,172,60,6,238,2,0,2,240
02/04/2001,ACK,MA,ANE,EN,Towers with Display (VFR),0,18,4,1,23,0,175,68,7,250,0,193,72,8,273,0,0,0,273
02/05/2001,ACK,MA,ANE,EN,Towers with Display (VFR),0,72,14,2,88,0,135,5,0,140,0,207,19,2,228,0,4,4,232
02/06/2001,ACK,MA,ANE,EN,Towers with Display (VFR),0,16,4,1,21,0,216,40,5,261,0,232,44,6,282,0,0,0,282
02/07/2001,ACK,MA,ANE,EN,Towers with Display (VFR),0,12,3,0,15,0,262,71,0,333,0,274,74,0,348,10,0,10,358
02/08/2001,ACK,MA,ANE,EN,Towers with Display (VFR),0,56,12,0,68,0,229,52,0,281,0,285,64,0,349,10,50,60,409
02/09/2001,ACK,MA,ANE,EN,Towers with Display (VFR),0,120,25,2,147,0,193,26,0,219,0,313,51,2,366,2,4,6,372
02/10/2001,ACK,MA,ANE,EN,Towers with Display (VFR),0,34,7,0,41,0,138,10,0,148,0,172,17,0,189,4,0,4,193
02/11/2001,ACK,MA,ANE,EN,Towers with Display (VFR),0,14,3,0,17,0,167,27,0,194,0,181,30,0,211,0,0,0,211
02/12/2001,ACK,MA,ANE,EN,Towers with Display (VFR),0,19,4,1,24,0,267,59,1,327,0,286,63,2,351,2,8,10,361
02/13/2001,ACK,MA,ANE,EN,Towers with Display (VFR),0,85,18,0,103,0,143,51,0,194,0,228,69,0,297,0,0,0,297
02/14/2001,ACK,MA,ANE,EN,Towers with Display (VFR),0,30,7,1,38,0,228,44,7,279,0,258,51,8,317,4,4,8,325
02/15/2001,ACK,MA,ANE,EN,Towers with Display (VFR),0,68,14,0,82,0,198,29,0,227,0,266,43,0,309,4,0,4,313
02/16/2001,ACK,MA,ANE,EN,Towers with Display (VFR),0,49,10,2,61,0,263,38,0,301,0,312,48,2,362,0,0,0,362
02/17/2001,ACK,MA,ANE,EN,Towers with Display (VFR),0,44,9,0,53,0,156,17,0,173,0,200,26,0,226,0,0,0,226
02/18/2001,ACK,MA,ANE,EN,Towers with Display (VFR),0,23,5,1,29,0,201,71,1,273,0,224,76,2,302,2,0,2,304
02/19/2001,ACK,MA,ANE,EN,Towers with Display (VFR),0,17,3,0,20,0,298,78,0,376,0,315,81,0,396,0,0,0,396
02/20/2001,ACK,MA,ANE,EN,Towers with Display (VFR),0,16,2,1,19,0,275,52,4,331,0,291,54,5,350,0,0,0,350
02/21/2001,ACK,MA,ANE,EN,Towers with Display (VFR),0,19,4,0,23,0,282,50,2,334,0,301,54,2,357,6,4,10,367
02/22/2001,ACK,MA,ANE,EN,Towers with Display (VFR),0,23,5,0,28,0,265,45,4,314,0,288,50,4,342,0,0,0,342
02/23/2001,ACK,MA,ANE,EN,Towers with Display (VFR),0,101,20,0,121,0,114,16,0,130,0,215,36,0,251,2,0,2,253
02/24/2001,ACK,MA,ANE,EN,Towers with Display (VFR),0,21,5,0,26,0,176,69,0,245,0,197,74,0,271,6,0,6,277
02/25/2001,ACK,MA,ANE,EN,Towers with Display (VFR),0,42,8,0,50,0,38,2,0,40,0,80,10,0,90,0,0,0,90
02/26/2001,ACK,MA,ANE,EN,Towers with Display (VFR),0,61,13,0,74,0,210,56,0,266,0,271,69,0,340,0,2,2,342
02/27/2001,ACK,MA,ANE,EN,Towers with Display (VFR),0,17,3,0,20,0,251,56,12,319,0,268,59,12,339,8,0,8,347
02/28/2001,ACK,MA,ANE,EN,Towers with Display (VFR),0,27,6,0,33,0,205,44,4,253,0,232,50,4,286,0,0,0,286
03/01/2001,ACK,MA,ANE,EN,Towers with Display (VFR),0,26,7,0,33,0,231,30,0,261,0,257,37,0,294,2,0,2,296
03/02/2001,ACK,MA,ANE,EN,Towers with Display (VFR),0,158,31,0,189,0,109,0,0,109,0,267,31,0,298,0,0,0,298
03/03/2001,ACK,MA,ANE,EN,Towers with Display (VFR),0,71,19,0,90,0,125,15,0,140,0,196,34,0,230,0,0,0,230
03/04/2001,ACK,MA,ANE,EN,Towers with Display (VFR),0,28,7,0,35,0,176,14,0,190,0,204,21,0,225,0,0,0,225
03/05/2001,ACK,MA,ANE,EN,Towers with Display (VFR),0,27,7,0,34,0,1,1,0,2,0,28,8,0,36,0,0,0,36
03/06/2001,ACK,MA,ANE,EN,Towers with Display (VFR),0,3,2,0,5,0,0,8,0,8,0,3,10,0,13,0,0,0,13
03/07/2001,ACK,MA,ANE,EN,Towers with Display (VFR),0,17,5,0,22,0,161,16,0,177,0,178,21,0,199,0,0,0,199
03/08/2001,ACK,MA,ANE,EN,Towers with Display (VFR),0,17,5,0,22,0,250,57,0,307,0,267,62,0,329,8,2,10,339
03/09/2001,ACK,MA,ANE,EN,Towers with Display (VFR),0,121,32,0,153,0,139,8,0,147,0,260,40,0,300,0,0,0,300
03/10/2001,ACK,MA,ANE,EN,Towers with Display (VFR),0,40,11,0,51,0,130,15,0,145,0,170,26,0,196,0,0,0,196
03/11/2001,ACK,MA,ANE,EN,Towers with Display (VFR),0,24,7,0,31,0,167,59,0,226,0,191,66,0,257,0,0,0,257
03/12/2001,ACK,MA,ANE,EN,Towers with Display (VFR),0,21,6,0,27,0,264,81,0,345,0,285,87,0,372,14,0,14,386
03/13/2001,ACK,MA,ANE,EN,Towers with Display (VFR),0,77,16,0,93,0,6,0,0,6,0,83,16,0,99,0,0,0,99
03/14/2001,ACK,MA,ANE,EN,Towers with Display (VFR),0,59,15,2,76,0,205,41,0,246,0,264,56,2,322,0,0,0,322
03/15/2001,ACK,MA,ANE,EN,Towers with Display (VFR),0,33,9,1,43,0,284,58,3,345,0,317,67,4,388,12,8,20,408
03/16/2001,ACK,MA,ANE,EN,Towers with Display (VFR),0,25,6,1,32,0,309,73,9,391,0,334,79,10,423,0,0,0,423
03/17/2001,ACK,MA,ANE,EN,Towers with Display (VFR),0,22,4,0,26,0,193,82,0,275,0,215,86,0,301,0,0,0,301
03/18/2001,ACK,MA,ANE,EN,Towers with Display (VFR),0,57,14,2,73,0,152,31,4,187,0,209,45,6,260,0,0,0,260
03/19/2001,ACK,MA,ANE,EN,Towers with Display (VFR),0,20,5,0,25,0,246,50,4,300,0,266,55,4,325,2,2,4,329
03/20/2001,ACK,MA,ANE,EN,Towers with Display (VFR),0,22,5,0,27,0,245,75,16,336,0,267,80,16,363,4,0,4,367
03/21/2001,ACK,MA,ANE,EN,Towers with Display (VFR),0,60,15,1,76,0,249,43,5,297,0,309,58,6,373,0,0,0,373
03/22/2001,ACK,MA,ANE,EN,Towers with Display (VFR),0,27,8,0,35,0,0,3,0,3,0,27,11,0,38,0,0,0,38
03/23/2001,ACK,MA,ANE,EN,Towers with Display (VFR),0,46,11,1,58,0,260,34,0,294,0,306,45,1,352,0,0,0,352
03/24/2001,ACK,MA,ANE,EN,Towers with Display (VFR),0,25,6,0,31,0,158,63,0,221,0,183,69,0,252,2,0,2,254
03/25/2001,ACK,MA,ANE,EN,Towers with Display (VFR),0,19,5,0,24,0,187,83,2,272,0,206,88,2,296,0,0,0,296
03/26/2001,ACK,MA,ANE,EN,Towers with Display (VFR),0,40,11,0,51,0,229,32,0,261,0,269,43,0,312,12,0,12,324
03/27/2001,ACK,MA,ANE,EN,Towers with Display (VFR),0,20,5,0,25,0,221,58,6,285,0,241,63,6,310,0,12,12,322
03/28/2001,ACK,MA,ANE,EN,Towers with Display (VFR),0,20,5,0,25,0,235,73,2,310,0,255,78,2,335,0,0,0,335
03/29/2001,ACK,MA,ANE,EN,Towers with Display (VFR),0,26,7,0,33,0,310,45,0,355,0,336,52,0,388,0,0,0,388
03/30/2001,ACK,MA,ANE,EN,Towers with Display (VFR),0,61,16,0,77,0,0,4,0,4,0,61,20,0,81,0,0,0,81
03/31/2001,ACK,MA,ANE,EN,Towers with Display (VFR),0,50,12,1,63,0,170,44,5,219,0,220,56,6,282,0,0,0,282
04/01/2001,ACK,MA,ANE,EN,Towers with Display (VFR),0,114,19,1,134,0,82,0,7,89,0,196,19,8,223,2,0,2,225
04/02/2001,ACK,MA,ANE,EN,Towers with Display (VFR),0,54,10,0,64,0,227,33,10,270,0,281,43,10,334,0,4,4,338
04/03/2001,ACK,MA,ANE,EN,Towers with Display (VFR),0,30,5,0,35,0,277,77,1,355,0,307,82,1,390,0,12,12,402
04/04/2001,ACK,MA,ANE,EN,Towers with Display (VFR),0,27,4,0,31,0,288,96,0,384,0,315,100,0,415,12,0,12,427
04/05/2001,ACK,MA,ANE,EN,Towers with Display (VFR),0,42,7,0,49,0,289,114,0,403,0,331,121,0,452,12,0,12,464
04/06/2001,ACK,MA,ANE,EN,Towers with Display (VFR),0,97,21,0,118,0,262,51,0,313,0,359,72,0,431,22,0,22,453
04/07/2001,ACK,MA,ANE,EN,Towers with Display (VFR),0,62,13,0,75,0,151,78,2,231,0,213,91,2,306,6,10,16,322
04/08/2001,ACK,MA,ANE,EN,Towers with Display (VFR),0,134,13,0,147,0,43,0,0,43,0,177,13,0,190,0,2,2,192
04/09/2001,ACK,MA,ANE,EN,Towers with Display (VFR),0,132,29,0,161,0,179,44,0,223,0,311,73,0,384,48,0,48,432
04/10/2001,ACK,MA,ANE,EN,Towers with Display (VFR),0,41,7,0,48,0,257,79,2,338,0,298,86,2,386,12,8,20,406
04/11/2001,ACK,MA,ANE,EN,Towers with Display (VFR),0,32,5,0,37,0,280,98,0,378,0,312,103,0,415,24,8,32,447
04/12/2001,ACK,MA,ANE,EN,Towers with Display (VFR),0,140,30,1,171,0,38,0,1,39,0,178,30,2,210,0,0,0,210
04/13/2001,ACK,MA,ANE,EN,Towers with Display (VFR),0,244,57,0,301,0,34,3,0,37,0,278,60,0,338,0,0,0,338
04/14/2001,ACK,MA,ANE,EN,Towers with Display (VFR),0,21,4,1,26,0,199,111,1,311,0,220,115,2,337,20,0,20,357
04/15/2001,ACK,MA,ANE,EN,Towers with Display (VFR),0,21,4,0,25,0,226,96,0,322,0,247,100,0,347,2,0,2,349
04/16/2001,ACK,MA,ANE,EN,Towers with Display (VFR),0,38,8,1,47,0,320,104,1,425,0,358,112,2,472,0,0,0,472
04/17/2001,ACK,MA,ANE,EN,Towers with Display (VFR),0,156,27,0,183,0,134,0,0,134,0,290,27,0,317,0,4,4,321
04/18/2001,ACK,MA,ANE,EN,Towers with Display (VFR),0,146,17,2,165,0,106,22,3,131,0,252,39,5,296,0,4,4,300
04/19/2001,ACK,MA,ANE,EN,Towers with Display (VFR),0,41,9,1,51,0,299,93,5,397,0,340,102,6,448,12,0,12,460
04/20/2001,ACK,MA,ANE,EN,Towers with Display (VFR),0,41,9,0,50,0,386,135,0,521,0,427,144,0,571,0,10,10,581
04/21/2001,ACK,MA,ANE,EN,Towers with Display (VFR),0,118,28,2,148,0,104,30,0,134,0,222,58,2,282,0,0,0,282
04/22/2001,ACK,MA,ANE,EN,Towers with Display (VFR),0,63,19,0,82,0,200,59,0,259,0,263,78,0,341,0,0,0,341
04/23/2001,ACK,MA,ANE,EN,Towers with Display (VFR),0,31,0,0,31,0,306,77,0,383,0,337,77,0,414,16,0,16,430
04/24/2001,ACK,MA,ANE,EN,Towers with Display (VFR),0,165,38,0,203,0,144,7,0,151,0,309,45,0,354,16,0,16,370
04/25/2001,ACK,MA,ANE,EN,Towers with Display (VFR),0,32,7,1,40,0,292,80,5,377,0,324,87,6,417,0,0,0,417
04/26/2001,ACK,MA,ANE,EN,Towers with Display (VFR),0,58,13,1,72,0,306,92,1,399,0,364,105,2,471,22,0,22,493
04/27/2001,ACK,MA,ANE,EN,Towers with Display (VFR),0,64,42,1,107,0,481,178,1,660,0,545,220,2,767,2,0,2,769
04/28/2001,ACK,MA,ANE,EN,Towers with Display (VFR),0,28,29,0,57,0,283,174,0,457,0,311,203,0,514,6,0,6,520
04/29/2001,ACK,MA,ANE,EN,Towers with Display (VFR),0,52,27,0,79,0,459,266,0,725,0,511,293,0,804,22,0,22,826
04/30/2001,ACK,MA,ANE,EN,Towers with Display (VFR),0,33,10,0,43,0,360,107,0,467,0,393,117,0,510,14,2,16,526
05/01/2001,ACK,MA,ANE,EN,Towers with Display (VFR),0,34,9,0,43,0,295,104,2,401,0,329,113,2,444,30,8,38,482
05/02/2001,ACK,MA,ANE,EN,Towers with Display (VFR),0,34,11,0,45,0,286,123,0,409,0,320,134,0,454,26,0,26,480
05/03/2001,ACK,MA,ANE,EN,Towers with Display (VFR),1,37,5,0,43,0,313,97,0,410,1,350,102,0,453,46,0,46,499
05/04/2001,ACK,MA,ANE,EN,Towers with Display (VFR),1,52,19,0,72,0,385,85,0,470,1,437,104,0,542,8,4,12,554
05/05/2001,ACK,MA,ANE,EN,Towers with Display (VFR),0,44,19,0,63,0,205,69,2,276,0,249,88,2,339,10,0,10,349
05/06/2001,ACK,MA,ANE,EN,Towers with Display (VFR),0,32,28,2,62,0,259,138,0,397,0,291,166,2,459,0,0,0,459
05/07/2001,ACK,MA,ANE,EN,Towers with Display (VFR),0,33,11,0,44,0,320,110,0,430,0,353,121,0,474,10,4,14,488
05/08/2001,ACK,MA,ANE,EN,Towers with Display (VFR),0,33,17,1,51,0,292,99,9,400,0,325,116,10,451,26,14,40,491
05/09/2001,ACK,MA,ANE,EN,Towers with Display (VFR),0,41,8,0,49,0,271,100,8,379,0,312,108,8,428,16,4,20,448
05/10/2001,ACK,MA,ANE,EN,Towers with Display (VFR),0,35,13,2,50,0,325,101,11,437,0,360,114,13,487,10,23,33,520
05/11/2001,ACK,MA,ANE,EN,Towers with Display (VFR),0,34,19,0,53,0,369,141,2,512,0,403,160,2,565,4,0,4,569
05/12/2001,ACK,MA,ANE,EN,Towers with Display (VFR),0,37,15,0,52,0,226,69,0,295,0,263,84,0,347,8,0,8,355
05/13/2001,ACK,MA,ANE,EN,Towers with Display (VFR),0,47,40,0,87,0,279,84,0,363,0,326,124,0,450,0,0,0,450
05/14/2001,ACK,MA,ANE,EN,Towers with Display (VFR),0,28,12,0,40,0,316,92,0,408,0,344,104,0,448,0,2,2,450
05/15/2001,ACK,MA,ANE,EN,Towers with Display (VFR),0,135,28,4,167,0,211,34,0,245,0,346,62,4,412,10,0,10,422
05/16/2001,ACK,MA,ANE,EN,Towers with Display (VFR),0,221,41,6,268,0,103,20,0,123,0,324,61,6,391,0,0,0,391
05/17/2001,ACK,MA,ANE,EN,Towers with Display (VFR),0,62,28,0,90,0,317,90,0,407,0,379,118,0,497,8,0,8,505
05/18/2001,ACK,MA,ANE,EN,Towers with Display (VFR),0,66,66,0,132,0,454,97,0,551,0,520,163,0,683,6,0,6,689
05/19/2001,ACK,MA,ANE,EN,Towers with Display (VFR),0,129,46,3,178,0,195,57,3,255,0,324,103,6,433,12,0,12,445
05/20/2001,ACK,MA,ANE,EN,Towers with Display (VFR),0,149,69,0,218,0,306,134,0,440,0,455,203,0,658,10,0,10,668
05/21/2001,ACK,MA,ANE,EN,Towers with Display (VFR),0,189,34,0,223,0,196,55,0,251,0,385,89,0,474,2,4,6,480
05/22/2001,ACK,MA,ANE,EN,Towers with Display (VFR),0,271,42,0,313,0,2,2,0,4,0,273,44,0,317,0,0,0,317
05/23/2001,ACK,MA,ANE,EN,Towers with Display (VFR),0,51,26,0,77,0,281,29,2,312,0,332,55,2,389,0,0,0,389
05/24/2001,ACK,MA,ANE,EN,Towers with Display (VFR),0,258,73,2,333,0,195,37,0,232,0,453,110,2,565,0,0,0,565
05/25/2001,ACK,MA,ANE,EN,Towers with Display (VFR),0,83,144,0,227,0,615,155,6,776,0,698,299,6,1003,0,0,0,1003
05/26/2001,ACK,MA,ANE,EN,Towers with Display (VFR),0,39,51,0,90,0,297,94,0,391,0,336,145,0,481,0,0,0,481
05/27/2001,ACK,MA,ANE,EN,Towers with Display (VFR),0,155,32,0,187,0,28,5,0,33,0,183,37,0,220,0,0,0,220
05/28/2001,ACK,MA,ANE,EN,Towers with Display (VFR),0,249,172,1,422,0,358,69,0,427,0,607,241,1,849,0,0,0,849
05/29/2001,ACK,MA,ANE,EN,Towers with Display (VFR),0,58,38,0,96,0,419,108,4,531,0,477,146,4,627,12,6,18,645
05/30/2001,ACK,MA,ANE,EN,Towers with Display (VFR),0,52,18,8,78,0,322,95,8,425,0,374,113,16,503,10,4,14,517
05/31/2001,ACK,MA,ANE,EN,Towers with Display (VFR),0,56,21,0,77,0,336,111,4,451,0,392,132,4,528,20,4,24,552
06/01/2001,ACK,MA,ANE,EN,Towers with Display (VFR),0,39,68,0,107,4,454,143,6,607,4,493,211,6,714,10,10,20,734
06/02/2001,ACK,MA,ANE,EN,Towers with Display (VFR),0,89,49,2,140,0,104,0,0,104,0,193,49,2,244,4,0,4,248
06/03/2001,ACK,MA,ANE,EN,Towers with Display (VFR),0,223,64,6,293,0,44,8,0,52,0,267,72,6,345,0,0,0,345
06/04/2001,ACK,MA,ANE,EN,Towers with Display (VFR),0,51,26,0,77,0,361,111,2,474,0,412,137,2,551,6,0,6,557
06/05/2001,ACK,MA,ANE,EN,Towers with Display (VFR),0,15,26,14,55,0,349,86,6,441,0,364,112,20,496,40,14,54,550
06/06/2001,ACK,MA,ANE,EN,Towers with Display (VFR),0,48,26,2,76,0,316,83,0,399,0,364,109,2,475,20,0,20,495
06/07/2001,ACK,MA,ANE,EN,Towers with Display (VFR),0,61,26,15,102,0,330,135,4,469,0,391,161,19,571,19,6,25,596
06/08/2001,ACK,MA,ANE,EN,Towers with Display (VFR),0,62,26,0,88,0,479,208,6,693,0,541,234,6,781,20,4,24,805
06/09/2001,ACK,MA,ANE,EN,Towers with Display (VFR),0,39,34,1,74,0,255,203,0,458,0,294,237,1,532,0,6,6,538
06/10/2001,ACK,MA,ANE,EN,Towers with Display (VFR),0,54,36,0,90,0,399,278,0,677,0,453,314,0,767,0,0,0,767
06/11/2001,ACK,MA,ANE,EN,Towers with Display (VFR),0,94,51,0,145,0,363,103,0,466,0,457,154,0,611,4,0,4,615
06/12/2001,ACK,MA,ANE,EN,Towers with Display (VFR),0,317,89,6,412,0,64,23,0,87,0,381,112,6,499,0,0,0,499
06/13/2001,ACK,MA,ANE,EN,Towers with Display (VFR),2,140,63,0,205,0,282,108,0,390,2,422,171,0,595,16,0,16,611
06/14/2001,ACK,MA,ANE,EN,Towers with Display (VFR),0,156,73,0,229,0,0,5,0,5,0,156,78,0,234,0,0,0,234
06/15/2001,ACK,MA,ANE,EN,Towers with Display (VFR),0,200,108,0,308,0,0,5,0,5,0,200,113,0,313,0,0,0,313
06/16/2001,ACK,MA,ANE,EN,Towers with Display (VFR),0,193,86,0,279,0,0,6,0,6,0,193,92,0,285,0,0,0,285
06/17/2001,ACK,MA,ANE,EN,Towers with Display (VFR),2,221,76,0,299,0,0,2,0,2,2,221,78,0,301,0,0,0,301
06/18/2001,ACK,MA,ANE,EN,Towers with Display (VFR),0,65,39,0,104,0,429,156,0,585,0,494,195,0,689,0,0,0,689
06/19/2001,ACK,MA,ANE,EN,Towers with Display (VFR),0,36,25,0,61,0,410,150,8,568,0,446,175,8,629,2,8,10,639
06/20/2001,ACK,MA,ANE,EN,Towers with Display (VFR),0,50,25,0,75,2,360,127,3,492,2,410,152,3,567,32,0,32,599
06/21/2001,ACK,MA,ANE,EN,Towers with Display (VFR),0,325,86,3,414,0,102,45,1,148,0,427,131,4,562,6,0,6,568
06/22/2001,ACK,MA,ANE,EN,Towers with Display (VFR),0,159,151,0,310,0,294,132,0,426,0,453,283,0,736,0,0,0,736
06/23/2001,ACK,MA,ANE,EN,Towers with Display (VFR),0,255,100,0,355,0,78,43,0,121,0,333,143,0,476,4,0,4,480
06/24/2001,ACK,MA,ANE,EN,Towers with Display (VFR),0,422,161,0,583,0,5,8,0,13,0,427,169,0,596,0,0,0,596
06/25/2001,ACK,MA,ANE,EN,Towers with Display (VFR),0,228,124,0,352,0,232,97,0,329,0,460,221,0,681,10,0,10,691
06/26/2001,ACK,MA,ANE,EN,Towers with Display (VFR),0,69,56,0,125,0,399,189,0,588,0,468,245,0,713,10,0,10,723
06/27/2001,ACK,MA,ANE,EN,Towers with Display (VFR),0,60,51,2,113,0,395,163,0,558,0,455,214,2,671,0,10,10,681
06/28/2001,ACK,MA,ANE,EN,Towers with Display (VFR),0,86,66,0,152,0,367,183,4,554,0,453,249,4,706,0,0,0,706
06/29/2001,ACK,MA,ANE,EN,Towers with Display (VFR),2,83,117,0,202,0,562,283,0,845,2,645,400,0,1047,6,0,6,1053
06/30/2001,ACK,MA,ANE,EN,Towers with Display (VFR),0,298,163,2,463,0,42,20,0,62,0,340,183,2,525,0,0,0,525
07/01/2001,ACK,MA,ANE,EN,Towers with Display (VFR),0,263,126,0,389,0,104,53,0,157,0,367,179,0,546,10,0,10,556
07/02/2001,ACK,MA,ANE,EN,Towers with Display (VFR),0,68,58,0,126,0,447,225,0,672,0,515,283,0,798,8,4,12,810
07/03/2001,ACK,MA,ANE,EN,Towers with Display (VFR),0,78,51,0,129,0,495,296,0,791,0,573,347,0,920,26,0,26,946
07/04/2001,ACK,MA,ANE,EN,Towers with Display (VFR),0,172,64,0,236,0,133,47,0,180,0,305,111,0,416,0,0,0,416
07/05/2001,ACK,MA,ANE,EN,Towers with Display (VFR),0,273,187,0,460,0,82,41,0,123,0,355,228,0,583,0,0,0,583
07/06/2001,ACK,MA,ANE,EN,Towers with Display (VFR),0,105,67,0,172,0,446,261,0,707,0,551,328,0,879,4,0,4,883
07/07/2001,ACK,MA,ANE,EN,Towers with Display (VFR),0,63,33,0,96,0,358,259,0,617,0,421,292,0,713,6,0,6,719
07/08/2001,ACK,MA,ANE,EN,Towers with Display (VFR),0,143,250,0,393,0,492,133,0,625,0,635,383,0,1018,4,0,4,1022
07/09/2001,ACK,MA,ANE,EN,Towers with Display (VFR),0,354,140,0,494,0,138,41,4,183,0,492,181,4,677,0,0,0,677
07/10/2001,ACK,MA,ANE,EN,Towers with Display (VFR),0,331,65,0,396,0,87,19,0,106,0,418,84,0,502,0,0,0,502
07/11/2001,ACK,MA,ANE,EN,Towers with Display (VFR),0,202,71,0,273,6,217,70,0,293,6,419,141,0,566,0,0,0,566
07/12/2001,ACK,MA,ANE,EN,Towers with Display (VFR),0,88,63,0,151,0,406,179,6,591,0,494,242,6,742,4,0,4,746
07/13/2001,ACK,MA,ANE,EN,Towers with Display (VFR),0,111,75,0,186,0,496,284,0,780,0,607,359,0,966,12,0,12,978
07/14/2001,ACK,MA,ANE,EN,Towers with Display (VFR),0,84,64,0,148,0,327,246,0,573,0,411,310,0,721,11,0,11,732
07/15/2001,ACK,MA,ANE,EN,Towers with Display (VFR),0,119,96,0,215,2,481,337,0,820,2,600,433,0,1035,12,0,12,1047
07/16/2001,ACK,MA,ANE,EN,Towers with Display (VFR),0,74,53,0,127,0,439,249,0,688,0,513,302,0,815,0,0,0,815
07/17/2001,ACK,MA,ANE,EN,Towers with Display (VFR),0,326,89,0,415,0,114,18,2,134,0,440,107,2,549,0,0,0,549
07/18/2001,ACK,MA,ANE,EN,Towers with Display (VFR),0,252,115,0,367,0,161,53,0,214,0,413,168,0,581,0,0,0,581
07/19/2001,ACK,MA,ANE,EN,Towers with Display (VFR),0,161,126,0,287,0,328,81,0,409,0,489,207,0,696,0,0,0,696
07/20/2001,ACK,MA,ANE,EN,Towers with Display (VFR),0,82,80,0,162,0,527,286,1,814,0,609,366,1,976,0,0,0,976
07/21/2001,ACK,MA,ANE,EN,Towers with Display (VFR),0,66,51,0,117,0,324,295,1,620,0,390,346,1,737,0,0,0,737
07/22/2001,ACK,MA,ANE,EN,Towers with Display (VFR),0,76,91,0,167,0,453,273,0,726,0,529,364,0,893,0,0,0,893
07/23/2001,ACK,MA,ANE,EN,Towers with Display (VFR),0,299,162,0,461,0,134,74,2,210,0,433,236,2,671,0,0,0,671
07/24/2001,ACK,MA,ANE,EN,Towers with Display (VFR),0,328,108,0,436,0,0,2,0,2,0,328,110,0,438,0,0,0,438
07/25/2001,ACK,MA,ANE,EN,Towers with Display (VFR),2,260,102,0,364,0,158,31,2,191,2,418,133,2,555,10,0,10,565
07/26/2001,ACK,MA,ANE,EN,Towers with Display (VFR),0,326,180,2,508,0,69,0,0,69,0,395,180,2,577,0,0,0,577
07/27/2001,ACK,MA,ANE,EN,Towers with Display (VFR),0,88,91,0,179,0,574,342,0,916,0,662,433,0,1095,4,0,4,1099
07/28/2001,ACK,MA,ANE,EN,Towers with Display (VFR),0,61,48,0,109,0,327,264,16,607,0,388,312,16,716,0,0,0,716
07/29/2001,ACK,MA,ANE,EN,Towers with Display (VFR),0,107,108,0,215,0,497,271,1,769,0,604,379,1,984,0,0,0,984
07/30/2001,ACK,MA,ANE,EN,Towers with Display (VFR),0,71,33,0,104,0,455,206,6,667,0,526,239,6,771,2,0,2,773
07/31/2001,ACK,MA,ANE,EN,Towers with Display (VFR),0,122,15,0,137,0,344,204,2,550,0,466,219,2,687,12,6,18,705
08/01/2001,ACK,MA,ANE,EN,Towers with Display (VFR),0,87,37,2,126,0,349,206,2,557,0,436,243,4,683,28,0,28,711
08/02/2001,ACK,MA,ANE,EN,Towers with Display (VFR),0,85,58,2,145,0,407,193,0,600,0,492,251,2,745,8,4,12,757
08/03/2001,ACK,MA,ANE,EN,Towers with Display (VFR),0,98,85,0,183,0,474,190,0,664,0,572,275,0,847,0,6,6,853
08/04/2001,ACK,MA,ANE,EN,Towers with Display (VFR),0,224,94,0,318,0,156,50,0,206,0,380,144,0,524,0,0,0,524
08/05/2001,ACK,MA,ANE,EN,Towers with Display (VFR),0,437,221,4,662,0,0,0,0,0,0,437,221,4,662,0,0,0,662
08/06/2001,ACK,MA,ANE,EN,Towers with Display (VFR),0,292,167,14,473,0,0,0,0,0,0,292,167,14,473,0,0,0,473
08/07/2001,ACK,MA,ANE,EN,Towers with Display (VFR),0,356,107,4,467,0,62,18,0,80,0,418,125,4,547,0,0,0,547
08/08/2001,ACK,MA,ANE,EN,Towers with Display (VFR),2,136,97,0,235,0,286,88,0,374,2,422,185,0,609,26,0,26,635
08/09/2001,ACK,MA,ANE,EN,Towers with Display (VFR),0,262,145,1,408,0,192,111,1,304,0,454,256,2,712,0,0,0,712
08/10/2001,ACK,MA,ANE,EN,Towers with Display (VFR),0,413,196,0,609,0,0,0,0,0,0,413,196,0,609,0,0,0,609
08/11/2001,ACK,MA,ANE,EN,Towers with Display (VFR),0,272,175,0,447,0,110,24,0,134,0,382,199,0,581,0,0,0,581
08/12/2001,ACK,MA,ANE,EN,Towers with Display (VFR),0,390,169,0,559,0,11,8,0,19,0,401,177,0,578,0,0,0,578
08/13/2001,ACK,MA,ANE,EN,Towers with Display (VFR),0,435,168,10,613,0,0,0,0,0,0,435,168,10,613,0,0,0,613
08/14/2001,ACK,MA,ANE,EN,Towers with Display (VFR),0,369,130,0,499,0,0,0,0,0,0,369,130,0,499,0,0,0,499
08/15/2001,ACK,MA,ANE,EN,Towers with Display (VFR),0,114,61,0,175,0,366,215,7,588,0,480,276,7,763,2,4,6,769
08/16/2001,ACK,MA,ANE,EN,Towers with Display (VFR),0,100,72,0,172,0,445,210,4,659,0,545,282,4,831,0,0,0,831
08/17/2001,ACK,MA,ANE,EN,Towers with Display (VFR),0,273,189,0,462,0,168,69,0,237,0,441,258,0,699,0,2,2,701
08/18/2001,ACK,MA,ANE,EN,Towers with Display (VFR),0,83,53,0,136,0,324,211,0,535,0,407,264,0,671,6,0,6,677
08/19/2001,ACK,MA,ANE,EN,Towers with Display (VFR),0,251,199,0,450,0,235,106,0,341,0,486,305,0,791,0,0,0,791
08/20/2001,ACK,MA,ANE,EN,Towers with Display (VFR),0,301,133,0,434,0,91,27,0,118,0,392,160,0,552,0,0,0,552
08/21/2001,ACK,MA,ANE,EN,Towers with Display (VFR),0,360,111,1,472,0,45,25,0,70,0,405,136,1,542,0,0,0,542
08/22/2001,ACK,MA,ANE,EN,Towers with Display (VFR),0,76,49,2,127,0,378,185,8,571,0,454,234,10,698,6,2,8,706
08/23/2001,ACK,MA,ANE,EN,Towers with Display (VFR),0,76,86,1,163,0,355,145,1,501,0,431,231,2,664,12,0,12,676
08/24/2001,ACK,MA,ANE,EN,Towers with Display (VFR),0,126,96,0,222,0,407,215,0,622,0,533,311,0,844,14,0,14,858
08/25/2001,ACK,MA,ANE,EN,Towers with Display (VFR),0,73,42,0,115,0,323,239,0,562,0,396,281,0,677,24,0,24,701
08/26/2001,ACK,MA,ANE,EN,Towers with Display (VFR),0,87,89,0,176,0,415,280,0,695,0,502,369,0,871,8,0,8,879
08/27/2001,ACK,MA,ANE,EN,Towers with Display (VFR),0,128,75,0,203,0,349,115,0,464,0,477,190,0,667,0,0,0,667
08/28/2001,ACK,MA,ANE,EN,Towers with Display (VFR),0,359,132,4,495,0,2,2,0,4,0,361,134,4,499,0,0,0,499
08/29/2001,ACK,MA,ANE,EN,Towers with Display (VFR),0,67,52,0,119,0,349,204,0,553,0,416,256,0,672,14,0,14,686
08/30/2001,ACK,MA,ANE,EN,Towers with Display (VFR),0,114,69,1,184,0,347,181,7,535,0,461,250,8,719,16,0,16,735
08/31/2001,ACK,MA,ANE,EN,Towers with Display (VFR),0,250,162,0,412,0,263,85,0,348,0,513,247,0,760,4,0,4,764
09/01/2001,ACK,MA,ANE,EN,Towers with Display (VFR),0,180,89,0,269,0,203,81,0,284,0,383,170,0,553,8,0,8,561
09/02/2001,ACK,MA,ANE,EN,Towers with Display (VFR),0,59,41,0,100,0,292,219,0,511,0,351,260,0,611,0,0,0,611
09/03/2001,ACK,MA,ANE,EN,Towers with Display (VFR),0,90,88,0,178,0,458,291,0,749,0,548,379,0,927,4,0,4,931
09/04/2001,ACK,MA,ANE,EN,Towers with Display (VFR),0,118,75,0,193,0,349,96,3,448,0,467,171,3,641,0,2,2,643
09/05/2001,ACK,MA,ANE,EN,Towers with Display (VFR),0,61,23,0,84,0,298,102,2,402,0,359,125,2,486,0,0,0,486
09/06/2001,ACK,MA,ANE,EN,Towers with Display (VFR),0,62,25,2,89,0,340,127,6,473,0,402,152,8,562,6,0,6,568
09/07/2001,ACK,MA,ANE,EN,Towers with Display (VFR),0,58,49,0,107,0,396,191,5,592,0,454,240,5,699,4,0,4,703
09/08/2001,ACK,MA,ANE,EN,Towers with Display (VFR),0,55,33,3,91,0,256,190,7,453,0,311,223,10,544,4,0,4,548
09/09/2001,ACK,MA,ANE,EN,Towers with Display (VFR),0,58,48,0,106,0,355,190,0,545,0,413,238,0,651,2,8,10,661
09/10/2001,ACK,MA,ANE,EN,Towers with Display (VFR),0,84,34,6,124,0,309,84,12,405,0,393,118,18,529,0,0,0,529
09/11/2001,ACK,MA,ANE,EN,Towers with Display (VFR),0,25,1,0,26,0,77,28,0,105,0,102,29,0,131,0,0,0,131
09/12/2001,ACK,MA,ANE,EN,Towers with Display (VFR),0,0,0,0,0,0,0,0,0,0,0,0,0,0,0,0,0,0,0
09/13/2001,ACK,MA,ANE,EN,Towers with Display (VFR),0,50,0,0,50,0,0,0,0,0,0,50,0,0,50,0,0,0,50
09/14/2001,ACK,MA,ANE,EN,Towers with Display (VFR),0,335,4,0,339,0,0,1,0,1,0,335,5,0,340,0,0,0,340
09/15/2001,ACK,MA,ANE,EN,Towers with Display (VFR),0,241,74,0,315,0,1,1,0,2,0,242,75,0,317,0,0,0,317
09/16/2001,ACK,MA,ANE,EN,Towers with Display (VFR),0,279,78,0,357,0,0,1,0,1,0,279,79,0,358,0,0,0,358
09/17/2001,ACK,MA,ANE,EN,Towers with Display (VFR),0,306,58,14,378,0,0,1,0,1,0,306,59,14,379,0,0,0,379
09/18/2001,ACK,MA,ANE,EN,Towers with Display (VFR),0,267,66,8,341,0,0,1,0,1,0,267,67,8,342,0,0,0,342
09/19/2001,ACK,MA,ANE,EN,Towers with Display (VFR),0,283,48,0,331,0,1,1,0,2,0,284,49,0,333,0,0,0,333
09/20/2001,ACK,MA,ANE,EN,Towers with Display (VFR),0,108,21,1,130,0,240,41,5,286,0,348,62,6,416,0,0,0,416
09/21/2001,ACK,MA,ANE,EN,Towers with Display (VFR),0,225,54,1,280,0,178,53,2,233,0,403,107,3,513,0,0,0,513
09/22/2001,ACK,MA,ANE,EN,Towers with Display (VFR),0,215,107,0,322,0,80,45,0,125,0,295,152,0,447,0,0,0,447
09/23/2001,ACK,MA,ANE,EN,Towers with Display (VFR),0,358,127,2,487,0,0,1,0,1,0,358,128,2,488,0,0,0,488
09/24/2001,ACK,MA,ANE,EN,Towers with Display (VFR),0,328,51,0,379,0,0,1,0,1,0,328,52,0,380,0,0,0,380
09/25/2001,ACK,MA,ANE,EN,Towers with Display (VFR),0,201,18,4,223,0,25,6,0,31,0,226,24,4,254,0,0,0,254
09/26/2001,ACK,MA,ANE,EN,Towers with Display (VFR),0,125,37,0,162,0,159,82,0,241,0,284,119,0,403,4,0,4,407
09/27/2001,ACK,MA,ANE,EN,Towers with Display (VFR),0,92,42,6,140,0,255,81,4,340,0,347,123,10,480,0,0,0,480
09/28/2001,ACK,MA,ANE,EN,Towers with Display (VFR),0,172,41,0,213,0,264,59,0,323,0,436,100,0,536,2,0,2,538
09/29/2001,ACK,MA,ANE,EN,Towers with Display (VFR),0,172,40,4,216,0,67,44,2,113,0,239,84,6,329,0,0,0,329
09/30/2001,ACK,MA,ANE,EN,Towers with Display (VFR),0,333,98,0,431,0,142,12,0,154,0,475,110,0,585,0,0,0,585
10/01/2001,ACK,MA,ANE,EN,Towers with Display (VFR),0,268,29,0,297,0,85,29,0,114,0,353,58,0,411,0,0,0,411
10/02/2001,ACK,MA,ANE,EN,Towers with Display (VFR),0,194,22,0,216,0,151,90,2,243,0,345,112,2,459,0,2,2,461
10/03/2001,ACK,MA,ANE,EN,Towers with Display (VFR),0,180,35,0,215,0,160,90,6,256,0,340,125,6,471,0,0,0,471
10/04/2001,ACK,MA,ANE,EN,Towers with Display (VFR),0,209,42,0,251,0,190,88,0,278,0,399,130,0,529,6,0,6,535
10/05/2001,ACK,MA,ANE,EN,Towers with Display (VFR),0,331,113,2,446,0,185,97,3,285,0,516,210,5,731,0,0,0,731
10/06/2001,ACK,MA,ANE,EN,Towers with Display (VFR),0,165,30,2,197,0,126,27,0,153,0,291,57,2,350,0,0,0,350
10/07/2001,ACK,MA,ANE,EN,Towers with Display (VFR),0,151,59,4,214,0,191,96,4,291,0,342,155,8,505,0,0,0,505
10/08/2001,ACK,MA,ANE,EN,Towers with Display (VFR),0,270,75,0,345,0,204,92,0,296,0,474,167,0,641,0,0,0,641
10/09/2001,ACK,MA,ANE,EN,Towers with Display (VFR),0,147,34,0,181,0,210,79,0,289,0,357,113,0,470,0,0,0,470
10/10/2001,ACK,MA,ANE,EN,Towers with Display (VFR),0,139,29,0,168,0,150,68,0,218,0,289,97,0,386,10,0,10,396
10/11/2001,ACK,MA,ANE,EN,Towers with Display (VFR),0,174,54,0,228,0,152,48,2,202,0,326,102,2,430,8,0,8,438
10/12/2001,ACK,MA,ANE,EN,Towers with Display (VFR),0,175,46,0,221,0,166,107,0,273,0,341,153,0,494,0,0,0,494
10/13/2001,ACK,MA,ANE,EN,Towers with Display (VFR),0,146,44,2,192,0,24,12,0,36,0,170,56,2,228,0,0,0,228
10/14/2001,ACK,MA,ANE,EN,Towers with Display (VFR),0,302,65,0,367,0,0,0,0,0,0,302,65,0,367,0,0,0,367
10/15/2001,ACK,MA,ANE,EN,Towers with Display (VFR),0,207,42,0,249,0,103,47,0,150,0,310,89,0,399,2,0,2,401
10/16/2001,ACK,MA,ANE,EN,Towers with Display (VFR),0,153,22,0,175,0,130,58,0,188,0,283,80,0,363,0,0,0,363
10/17/2001,ACK,MA,ANE,EN,Towers with Display (VFR),0,142,7,0,149,0,122,36,0,158,0,264,43,0,307,0,0,0,307
10/18/2001,ACK,MA,ANE,EN,Towers with Display (VFR),0,126,30,0,156,0,155,54,0,209,0,281,84,0,365,0,0,0,365
10/19/2001,ACK,MA,ANE,EN,Towers with Display (VFR),0,193,59,0,252,0,199,94,0,293,0,392,153,0,545,0,0,0,545
10/20/2001,ACK,MA,ANE,EN,Towers with Display (VFR),0,113,55,0,168,0,118,91,0,209,0,231,146,0,377,0,0,0,377
10/21/2001,ACK,MA,ANE,EN,Towers with Display (VFR),0,153,79,0,232,0,163,100,0,263,0,316,179,0,495,0,0,0,495
10/22/2001,ACK,MA,ANE,EN,Towers with Display (VFR),0,138,16,2,156,0,150,61,0,211,0,288,77,2,367,0,0,0,367
10/23/2001,ACK,MA,ANE,EN,Towers with Display (VFR),0,137,19,6,162,0,139,42,0,181,0,276,61,6,343,0,0,0,343
10/24/2001,ACK,MA,ANE,EN,Towers with Display (VFR),0,148,31,0,179,0,0,0,0,0,0,148,31,0,179,0,0,0,179
10/25/2001,ACK,MA,ANE,EN,Towers with Display (VFR),0,154,27,1,182,0,29,2,3,34,0,183,29,4,216,0,0,0,216
10/26/2001,ACK,MA,ANE,EN,Towers with Display (VFR),0,149,27,0,176,0,205,67,0,272,0,354,94,0,448,0,0,0,448
10/27/2001,ACK,MA,ANE,EN,Towers with Display (VFR),0,85,29,0,114,0,121,78,0,199,0,206,107,0,313,0,0,0,313
10/28/2001,ACK,MA,ANE,EN,Towers with Display (VFR),0,102,36,0,138,0,131,73,0,204,0,233,109,0,342,0,0,0,342
10/29/2001,ACK,MA,ANE,EN,Towers with Display (VFR),0,129,15,0,144,0,164,62,2,228,0,293,77,2,372,22,0,22,394
10/30/2001,ACK,MA,ANE,EN,Towers with Display (VFR),0,117,6,0,123,0,135,73,0,208,0,252,79,0,331,0,0,0,331
10/31/2001,ACK,MA,ANE,EN,Towers with Display (VFR),0,143,19,0,162,0,118,51,0,169,0,261,70,0,331,0,0,0,331
11/01/2001,ACK,MA,ANE,EN,Towers with Display (VFR),0,149,21,4,174,0,142,70,0,212,0,291,91,4,386,0,0,0,386
11/02/2001,ACK,MA,ANE,EN,Towers with Display (VFR),0,131,27,2,160,0,146,50,0,196,0,277,77,2,356,0,0,0,356
11/03/2001,ACK,MA,ANE,EN,Towers with Display (VFR),0,120,28,2,150,0,54,24,0,78,0,174,52,2,228,0,0,0,228
11/04/2001,ACK,MA,ANE,EN,Towers with Display (VFR),0,98,34,2,134,0,141,130,0,271,0,239,164,2,405,0,0,0,405
11/05/2001,ACK,MA,ANE,EN,Towers with Display (VFR),0,123,8,0,131,0,123,37,4,164,0,246,45,4,295,0,0,0,295
11/06/2001,ACK,MA,ANE,EN,Towers with Display (VFR),0,114,10,0,124,0,145,46,1,192,0,259,56,1,316,0,2,2,318
11/07/2001,ACK,MA,ANE,EN,Towers with Display (VFR),0,112,9,0,121,0,131,51,0,182,0,243,60,0,303,0,0,0,303
11/08/2001,ACK,MA,ANE,EN,Towers with Display (VFR),0,121,30,0,151,0,143,81,6,230,0,264,111,6,381,0,0,0,381
11/09/2001,ACK,MA,ANE,EN,Towers with Display (VFR),0,154,25,2,181,0,140,60,2,202,0,294,85,4,383,0,0,0,383
11/10/2001,ACK,MA,ANE,EN,Towers with Display (VFR),0,105,28,0,133,0,118,76,0,194,0,223,104,0,327,0,0,0,327
11/11/2001,ACK,MA,ANE,EN,Towers with Display (VFR),0,103,24,0,127,0,147,57,0,204,0,250,81,0,331,0,0,0,331
11/12/2001,ACK,MA,ANE,EN,Towers with Display (VFR),0,131,26,0,157,0,155,60,1,216,0,286,86,1,373,0,0,0,373
11/13/2001,ACK,MA,ANE,EN,Towers with Display (VFR),0,113,19,0,132,0,154,57,0,211,0,267,76,0,343,2,0,2,345
11/14/2001,ACK,MA,ANE,EN,Towers with Display (VFR),0,115,15,0,130,0,144,72,0,216,0,259,87,0,346,0,0,0,346
11/15/2001,ACK,MA,ANE,EN,Towers with Display (VFR),0,113,16,0,129,0,142,80,0,222,0,255,96,0,351,2,0,2,353
11/16/2001,ACK,MA,ANE,EN,Towers with Display (VFR),0,125,28,0,153,0,161,75,3,239,0,286,103,3,392,0,0,0,392
11/17/2001,ACK,MA,ANE,EN,Towers with Display (VFR),0,94,46,5,145,0,139,71,3,213,0,233,117,8,358,0,0,0,358
11/18/2001,ACK,MA,ANE,EN,Towers with Display (VFR),0,83,40,0,123,0,125,86,0,211,0,208,126,0,334,0,0,0,334
11/19/2001,ACK,MA,ANE,EN,Towers with Display (VFR),0,121,22,0,143,0,163,62,0,225,0,284,84,0,368,0,0,0,368
11/20/2001,ACK,MA,ANE,EN,Towers with Display (VFR),0,166,20,0,186,0,149,43,0,192,0,315,63,0,378,0,0,0,378
11/21/2001,ACK,MA,ANE,EN,Towers with Display (VFR),0,199,43,0,242,0,246,103,0,349,0,445,146,0,591,0,4,4,595
11/22/2001,ACK,MA,ANE,EN,Towers with Display (VFR),0,64,14,0,78,0,113,51,4,168,0,177,65,4,246,6,0,6,252
11/23/2001,ACK,MA,ANE,EN,Towers with Display (VFR),0,105,32,0,137,0,149,106,0,255,0,254,138,0,392,0,0,0,392
11/24/2001,ACK,MA,ANE,EN,Towers with Display (VFR),0,141,43,0,184,0,135,48,0,183,0,276,91,0,367,0,0,0,367
11/25/2001,ACK,MA,ANE,EN,Towers with Display (VFR),0,209,63,0,272,0,260,71,0,331,0,469,134,0,603,0,0,0,603
11/26/2001,ACK,MA,ANE,EN,Towers with Display (VFR),0,215,40,0,255,0,4,0,0,4,0,219,40,0,259,0,0,0,259
11/27/2001,ACK,MA,ANE,EN,Towers with Display (VFR),0,238,36,2,276,0,0,0,0,0,0,238,36,2,276,0,0,0,276
11/28/2001,ACK,MA,ANE,EN,Towers with Display (VFR),0,173,29,4,206,0,54,33,0,87,0,227,62,4,293,0,0,0,293
11/29/2001,ACK,MA,ANE,EN,Towers with Display (VFR),0,204,30,0,234,0,96,28,2,126,0,300,58,2,360,6,0,6,366
11/30/2001,ACK,MA,ANE,EN,Towers with Display (VFR),0,350,73,0,423,0,26,5,0,31,0,376,78,0,454,0,0,0,454
12/01/2001,ACK,MA,ANE,EN,Towers with Display (VFR),0,213,124,2,339,0,36,18,0,54,0,249,142,2,393,0,0,0,393
12/02/2001,ACK,MA,ANE,EN,Towers with Display (VFR),0,234,62,0,296,0,338,220,0,558,0,572,282,0,854,0,0,0,854
12/03/2001,ACK,MA,ANE,EN,Towers with Display (VFR),0,122,35,0,157,0,201,73,4,278,0,323,108,4,435,0,0,0,435
12/04/2001,ACK,MA,ANE,EN,Towers with Display (VFR),0,104,19,0,123,0,140,81,0,221,0,244,100,0,344,6,0,6,350
12/05/2001,ACK,MA,ANE,EN,Towers with Display (VFR),0,102,7,0,109,0,144,69,0,213,0,246,76,0,322,0,14,14,336
12/06/2001,ACK,MA,ANE,EN,Towers with Display (VFR),0,115,11,6,132,0,131,63,3,197,0,246,74,9,329,4,8,12,341
12/07/2001,ACK,MA,ANE,EN,Towers with Display (VFR),0,138,13,0,151,0,142,57,2,201,0,280,70,2,352,0,4,4,356
12/08/2001,ACK,MA,ANE,EN,Towers with Display (VFR),0,70,14,0,84,0,110,66,0,176,0,180,80,0,260,0,0,0,260
12/09/2001,ACK,MA,ANE,EN,Towers with Display (VFR),0,137,13,0,150,0,65,8,0,73,0,202,21,0,223,0,0,0,223
12/10/2001,ACK,MA,ANE,EN,Towers with Display (VFR),0,109,7,0,116,0,133,64,2,199,0,242,71,2,315,6,0,6,321
12/11/2001,ACK,MA,ANE,EN,Towers with Display (VFR),0,187,43,2,232,0,12,6,0,18,0,199,49,2,250,0,4,4,254
12/12/2001,ACK,MA,ANE,EN,Towers with Display (VFR),0,137,21,2,160,0,129,45,2,176,0,266,66,4,336,2,4,6,342
12/13/2001,ACK,MA,ANE,EN,Towers with Display (VFR),0,223,18,0,241,0,0,0,0,0,0,223,18,0,241,0,0,0,241
12/14/2001,ACK,MA,ANE,EN,Towers with Display (VFR),0,175,22,0,197,0,48,16,0,64,0,223,38,0,261,0,0,0,261
12/15/2001,ACK,MA,ANE,EN,Towers with Display (VFR),0,132,23,0,155,0,42,15,0,57,0,174,38,0,212,0,0,0,212
12/16/2001,ACK,MA,ANE,EN,Towers with Display (VFR),0,75,12,0,87,0,112,109,0,221,0,187,121,0,308,10,0,10,318
12/17/2001,ACK,MA,ANE,EN,Towers with Display (VFR),0,135,6,4,145,0,130,37,0,167,0,265,43,4,312,0,0,0,312
12/18/2001,ACK,MA,ANE,EN,Towers with Display (VFR),0,164,27,0,191,0,28,14,2,44,0,192,41,2,235,0,0,0,235
12/19/2001,ACK,MA,ANE,EN,Towers with Display (VFR),0,115,22,0,137,0,167,78,0,245,0,282,100,0,382,0,0,0,382
12/20/2001,ACK,MA,ANE,EN,Towers with Display (VFR),0,126,10,2,138,0,136,43,0,179,0,262,53,2,317,6,0,6,323
12/21/2001,ACK,MA,ANE,EN,Towers with Display (VFR),0,148,11,0,159,0,148,56,0,204,0,296,67,0,363,0,0,0,363
12/22/2001,ACK,MA,ANE,EN,Towers with Display (VFR),0,81,16,0,97,0,159,107,0,266,0,240,123,0,363,4,0,4,367
12/23/2001,ACK,MA,ANE,EN,Towers with Display (VFR),0,81,17,0,98,0,111,86,0,197,0,192,103,0,295,0,0,0,295
12/24/2001,ACK,MA,ANE,EN,Towers with Display (VFR),0,99,7,0,106,0,34,14,0,48,0,133,21,0,154,0,0,0,154
12/25/2001,ACK,MA,ANE,EN,Towers with Display (VFR),0,56,5,0,61,0,66,18,0,84,0,122,23,0,145,6,0,6,151
12/26/2001,ACK,MA,ANE,EN,Towers with Display (VFR),0,193,12,0,205,0,10,6,0,16,0,203,18,0,221,0,0,0,221
12/27/2001,ACK,MA,ANE,EN,Towers with Display (VFR),0,104,10,0,114,0,134,53,0,187,0,238,63,0,301,0,0,0,301
12/28/2001,ACK,MA,ANE,EN,Towers with Display (VFR),0,120,7,0,127,0,133,54,2,189,0,253,61,2,316,0,0,0,316
12/29/2001,ACK,MA,ANE,EN,Towers with Display (VFR),0,76,11,0,87,0,105,45,0,150,0,181,56,0,237,0,0,0,237
12/30/2001,ACK,MA,ANE,EN,Towers with Display (VFR),0,66,14,0,80,0,104,59,0,163,0,170,73,0,243,0,0,0,243
12/31/2001,ACK,MA,ANE,EN,Towers with Display (VFR),0,65,6,0,71,0,71,41,0,112,0,136,47,0,183,0,0,0,183
01/01/2002,ACK,MA,ANE,EN,Towers with Display (VFR),0,71,11,0,82,0,94,73,0,167,0,165,84,0,249,0,0,0,249
01/02/2002,ACK,MA,ANE,EN,Towers with Display (VFR),0,105,5,0,110,0,136,50,0,186,0,241,55,0,296,0,0,0,296
01/03/2002,ACK,MA,ANE,EN,Towers with Display (VFR),0,88,7,4,99,0,137,52,0,189,0,225,59,4,288,2,0,2,290
01/04/2002,ACK,MA,ANE,EN,Towers with Display (VFR),0,90,3,0,93,0,142,57,4,203,0,232,60,4,296,0,6,6,302
01/05/2002,ACK,MA,ANE,EN,Towers with Display (VFR),0,63,9,6,78,0,115,92,0,207,0,178,101,6,285,0,0,0,285
01/06/2002,ACK,MA,ANE,EN,Towers with Display (VFR),0,65,12,0,77,0,93,40,0,133,0,158,52,0,210,0,0,0,210
01/07/2002,ACK,MA,ANE,EN,Towers with Display (VFR),0,167,20,0,187,0,0,0,0,0,0,167,20,0,187,0,0,0,187
01/08/2002,ACK,MA,ANE,EN,Towers with Display (VFR),0,98,9,0,107,0,111,41,0,152,0,209,50,0,259,12,2,14,273
01/09/2002,ACK,MA,ANE,EN,Towers with Display (VFR),0,105,7,0,112,0,99,39,0,138,0,204,46,0,250,0,0,0,250
01/10/2002,ACK,MA,ANE,EN,Towers with Display (VFR),0,109,3,0,112,0,138,52,2,192,0,247,55,2,304,0,0,0,304
01/11/2002,ACK,MA,ANE,EN,Towers with Display (VFR),0,177,16,0,193,0,67,23,0,90,0,244,39,0,283,0,0,0,283
01/12/2002,ACK,MA,ANE,EN,Towers with Display (VFR),0,70,15,0,85,0,132,79,0,211,0,202,94,0,296,0,0,0,296
01/13/2002,ACK,MA,ANE,EN,Towers with Display (VFR),0,30,5,0,35,0,5,0,0,5,0,35,5,0,40,0,0,0,40
01/14/2002,ACK,MA,ANE,EN,Towers with Display (VFR),0,111,2,0,113,0,190,81,4,275,0,301,83,4,388,0,4,4,392
01/15/2002,ACK,MA,ANE,EN,Towers with Display (VFR),0,184,20,0,204,0,2,1,0,3,0,186,21,0,207,0,0,0,207
01/16/2002,ACK,MA,ANE,EN,Towers with Display (VFR),0,98,10,2,110,0,158,61,2,221,0,256,71,4,331,0,0,0,331
01/17/2002,ACK,MA,ANE,EN,Towers with Display (VFR),0,114,4,7,125,0,127,29,3,159,0,241,33,10,284,0,10,10,294
01/18/2002,ACK,MA,ANE,EN,Towers with Display (VFR),0,123,5,1,129,0,133,74,1,208,0,256,79,2,337,0,0,0,337
01/19/2002,ACK,MA,ANE,EN,Towers with Display (VFR),0,74,6,0,80,0,63,35,2,100,0,137,41,2,180,4,0,4,184
01/20/2002,ACK,MA,ANE,EN,Towers with Display (VFR),0,60,16,0,76,0,81,38,0,119,0,141,54,0,195,0,0,0,195
01/21/2002,ACK,MA,ANE,EN,Towers with Display (VFR),0,147,20,0,167,0,83,21,0,104,0,230,41,0,271,0,0,0,271
01/22/2002,ACK,MA,ANE,EN,Towers with Display (VFR),0,92,11,0,103,0,155,72,0,227,0,247,83,0,330,6,2,8,338
01/23/2002,ACK,MA,ANE,EN,Towers with Display (VFR),0,148,11,0,159,0,73,42,0,115,0,221,53,0,274,0,12,12,286
01/24/2002,ACK,MA,ANE,EN,Towers with Display (VFR),0,42,4,0,46,0,0,0,0,0,0,42,4,0,46,0,0,0,46
01/25/2002,ACK,MA,ANE,EN,Towers with Display (VFR),0,125,13,0,138,0,177,66,2,245,0,302,79,2,383,0,0,0,383
01/26/2002,ACK,MA,ANE,EN,Towers with Display (VFR),0,53,22,0,75,0,101,67,0,168,0,154,89,0,243,0,0,0,243
01/27/2002,ACK,MA,ANE,EN,Towers with Display (VFR),0,56,16,0,72,0,115,136,0,251,0,171,152,0,323,0,0,0,323
01/28/2002,ACK,MA,ANE,EN,Towers with Display (VFR),0,152,31,0,183,0,99,23,0,122,0,251,54,0,305,0,4,4,309
01/29/2002,ACK,MA,ANE,EN,Towers with Display (VFR),0,100,13,11,124,0,150,83,0,233,0,250,96,11,357,8,16,24,381
01/30/2002,ACK,MA,ANE,EN,Towers with Display (VFR),0,159,21,0,180,0,37,13,0,50,0,196,34,0,230,0,0,0,230
01/31/2002,ACK,MA,ANE,EN,Towers with Display (VFR),0,119,5,0,124,0,90,26,0,116,0,209,31,0,240,0,0,0,240
02/01/2002,ACK,MA,ANE,EN,Towers with Display (VFR),0,93,13,0,106,0,4,0,0,4,0,97,13,0,110,0,0,0,110
02/02/2002,ACK,MA,ANE,EN,Towers with Display (VFR),0,75,6,0,81,0,137,37,0,174,0,212,43,0,255,0,0,0,255
02/03/2002,ACK,MA,ANE,EN,Towers with Display (VFR),0,57,11,2,70,0,98,69,2,169,0,155,80,4,239,0,0,0,239
02/04/2002,ACK,MA,ANE,EN,Towers with Display (VFR),0,111,7,0,118,0,134,58,0,192,0,245,65,0,310,0,0,0,310
02/05/2002,ACK,MA,ANE,EN,Towers with Display (VFR),0,98,5,0,103,0,124,54,0,178,0,222,59,0,281,4,0,4,285
02/06/2002,ACK,MA,ANE,EN,Towers with Display (VFR),0,86,6,0,92,0,135,64,4,203,0,221,70,4,295,10,8,18,313
02/07/2002,ACK,MA,ANE,EN,Towers with Display (VFR),0,153,8,0,161,0,84,25,0,109,0,237,33,0,270,0,0,0,270
02/08/2002,ACK,MA,ANE,EN,Towers with Display (VFR),0,107,12,0,119,0,149,83,10,242,0,256,95,10,361,0,0,0,361
02/09/2002,ACK,MA,ANE,EN,Towers with Display (VFR),0,71,13,0,84,0,104,105,2,211,0,175,118,2,295,0,0,0,295
02/10/2002,ACK,MA,ANE,EN,Towers with Display (VFR),0,81,7,0,88,0,74,35,0,109,0,155,42,0,197,12,0,12,209
02/11/2002,ACK,MA,ANE,EN,Towers with Display (VFR),0,139,17,2,158,0,82,13,2,97,0,221,30,4,255,0,0,0,255
02/12/2002,ACK,MA,ANE,EN,Towers with Display (VFR),0,104,5,0,109,0,124,55,0,179,0,228,60,0,288,0,0,0,288
02/13/2002,ACK,MA,ANE,EN,Towers with Display (VFR),0,93,6,0,99,0,156,56,0,212,0,249,62,0,311,0,0,0,311
02/14/2002,ACK,MA,ANE,EN,Towers with Display (VFR),0,99,8,0,107,0,124,61,4,189,0,223,69,4,296,0,0,0,296
02/15/2002,ACK,MA,ANE,EN,Towers with Display (VFR),0,116,12,0,128,0,164,55,0,219,0,280,67,0,347,0,0,0,347
02/16/2002,ACK,MA,ANE,EN,Towers with Display (VFR),0,91,32,0,123,0,84,36,0,120,0,175,68,0,243,0,0,0,243
02/17/2002,ACK,MA,ANE,EN,Towers with Display (VFR),0,151,7,0,158,0,16,4,0,20,0,167,11,0,178,0,0,0,178
02/18/2002,ACK,MA,ANE,EN,Towers with Display (VFR),0,113,19,0,132,0,104,46,0,150,0,217,65,0,282,0,0,0,282
02/19/2002,ACK,MA,ANE,EN,Towers with Display (VFR),0,96,7,2,105,0,145,113,0,258,0,241,120,2,363,0,6,6,369
02/20/2002,ACK,MA,ANE,EN,Towers with Display (VFR),0,91,0,0,91,0,125,64,0,189,0,216,64,0,280,6,0,6,286
02/21/2002,ACK,MA,ANE,EN,Towers with Display (VFR),0,76,16,0,92,0,0,0,0,0,0,76,16,0,92,0,0,0,92
02/22/2002,ACK,MA,ANE,EN,Towers with Display (VFR),0,114,13,0,127,0,164,64,0,228,0,278,77,0,355,0,0,0,355
02/23/2002,ACK,MA,ANE,EN,Towers with Display (VFR),0,70,14,2,86,0,102,116,0,218,0,172,130,2,304,0,0,0,304
02/24/2002,ACK,MA,ANE,EN,Towers with Display (VFR),0,72,16,0,88,0,123,91,0,214,0,195,107,0,302,0,0,0,302
02/25/2002,ACK,MA,ANE,EN,Towers with Display (VFR),0,93,12,0,105,0,139,76,0,215,0,232,88,0,320,0,0,0,320
02/26/2002,ACK,MA,ANE,EN,Towers with Display (VFR),0,121,20,2,143,0,86,34,2,122,0,207,54,4,265,0,0,0,265
02/27/2002,ACK,MA,ANE,EN,Towers with Display (VFR),0,147,19,2,168,0,0,0,0,0,0,147,19,2,168,0,0,0,168
02/28/2002,ACK,MA,ANE,EN,Towers with Display (VFR),0,115,6,6,127,0,128,42,2,172,0,243,48,8,299,0,0,0,299
03/01/2002,ACK,MA,ANE,EN,Towers with Display (VFR),0,110,16,0,126,0,161,84,0,245,0,271,100,0,371,0,0,0,371
03/02/2002,ACK,MA,ANE,EN,Towers with Display (VFR),0,78,9,0,87,0,112,94,0,206,0,190,103,0,293,0,0,0,293
03/03/2002,ACK,MA,ANE,EN,Towers with Display (VFR),0,18,2,0,20,0,0,0,0,0,0,18,2,0,20,0,0,0,20
03/04/2002,ACK,MA,ANE,EN,Towers with Display (VFR),0,118,2,0,120,0,140,50,0,190,0,258,52,0,310,0,0,0,310
03/05/2002,ACK,MA,ANE,EN,Towers with Display (VFR),0,88,7,0,95,0,118,54,0,172,0,206,61,0,267,6,0,6,273
03/06/2002,ACK,MA,ANE,EN,Towers with Display (VFR),0,88,12,0,100,0,135,69,0,204,0,223,81,0,304,12,0,12,316
03/07/2002,ACK,MA,ANE,EN,Towers with Display (VFR),0,107,3,3,113,0,137,76,2,215,0,244,79,5,328,6,18,24,352
03/08/2002,ACK,MA,ANE,EN,Towers with Display (VFR),0,215,36,0,251,0,0,0,0,0,0,215,36,0,251,0,0,0,251
03/09/2002,ACK,MA,ANE,EN,Towers with Display (VFR),0,84,37,0,121,0,77,52,0,129,0,161,89,0,250,0,0,0,250
03/10/2002,ACK,MA,ANE,EN,Towers with Display (VFR),0,67,4,0,71,0,82,15,0,97,0,149,19,0,168,0,0,0,168
03/11/2002,ACK,MA,ANE,EN,Towers with Display (VFR),0,96,3,0,99,0,137,45,0,182,0,233,48,0,281,4,0,4,285
03/12/2002,ACK,MA,ANE,EN,Towers with Display (VFR),0,138,25,2,165,0,92,30,2,124,0,230,55,4,289,0,0,0,289
03/13/2002,ACK,MA,ANE,EN,Towers with Display (VFR),0,193,26,0,219,0,0,0,0,0,0,193,26,0,219,0,0,0,219
03/14/2002,ACK,MA,ANE,EN,Towers with Display (VFR),0,117,11,2,130,0,115,64,4,183,0,232,75,6,313,0,20,20,333
03/15/2002,ACK,MA,ANE,EN,Towers with Display (VFR),0,180,29,0,209,0,115,24,0,139,0,295,53,0,348,0,0,0,348
03/16/2002,ACK,MA,ANE,EN,Towers with Display (VFR),0,113,39,0,152,0,7,1,0,8,0,120,40,0,160,0,0,0,160
03/17/2002,ACK,MA,ANE,EN,Towers with Display (VFR),0,78,16,0,94,0,109,101,0,210,0,187,117,0,304,16,0,16,320
03/18/2002,ACK,MA,ANE,EN,Towers with Display (VFR),0,172,20,2,194,0,0,0,0,0,0,172,20,2,194,0,0,0,194
03/19/2002,ACK,MA,ANE,EN,Towers with Display (VFR),0,106,17,2,125,0,110,36,0,146,0,216,53,2,271,0,0,0,271
03/20/2002,ACK,MA,ANE,EN,Towers with Display (VFR),0,85,16,1,102,0,89,18,1,108,0,174,34,2,210,2,0,2,212
03/21/2002,ACK,MA,ANE,EN,Towers with Display (VFR),0,29,13,0,42,0,206,65,2,273,0,235,78,2,315,2,0,2,317
03/22/2002,ACK,MA,ANE,EN,Towers with Display (VFR),0,29,15,1,45,0,248,45,1,294,0,277,60,2,339,0,6,6,345
03/23/2002,ACK,MA,ANE,EN,Towers with Display (VFR),0,30,11,0,41,0,163,43,0,206,0,193,54,0,247,0,0,0,247
03/24/2002,ACK,MA,ANE,EN,Towers with Display (VFR),0,15,8,0,23,0,179,73,0,252,0,194,81,0,275,0,0,0,275
03/25/2002,ACK,MA,ANE,EN,Towers with Display (VFR),0,48,16,0,64,0,194,42,2,238,0,242,58,2,302,4,0,4,306
03/26/2002,ACK,MA,ANE,EN,Towers with Display (VFR),0,100,18,2,120,0,125,20,0,145,0,225,38,2,265,0,0,0,265
03/27/2002,ACK,MA,ANE,EN,Towers with Display (VFR),0,133,27,4,164,0,60,16,0,76,0,193,43,4,240,0,0,0,240
03/28/2002,ACK,MA,ANE,EN,Towers with Display (VFR),0,29,16,4,49,0,243,96,2,341,0,272,112,6,390,2,0,2,392
03/29/2002,ACK,MA,ANE,EN,Towers with Display (VFR),0,27,15,0,42,0,265,82,2,349,0,292,97,2,391,14,0,14,405
03/30/2002,ACK,MA,ANE,EN,Towers with Display (VFR),0,78,27,0,105,0,38,12,0,50,0,116,39,0,155,0,0,0,155
03/31/2002,ACK,MA,ANE,EN,Towers with Display (VFR),0,81,20,0,101,0,137,22,0,159,0,218,42,0,260,0,0,0,260
04/01/2002,ACK,MA,ANE,EN,Towers with Display (VFR),0,140,29,0,169,0,90,12,0,102,0,230,41,0,271,0,0,0,271
04/02/2002,ACK,MA,ANE,EN,Towers with Display (VFR),0,23,12,0,35,0,219,84,2,305,0,242,96,2,340,0,16,16,356
04/03/2002,ACK,MA,ANE,EN,Towers with Display (VFR),0,87,9,0,96,0,144,26,0,170,0,231,35,0,266,16,0,16,282
04/04/2002,ACK,MA,ANE,EN,Towers with Display (VFR),0,19,6,0,25,0,268,70,2,340,0,287,76,2,365,0,0,0,365
04/05/2002,ACK,MA,ANE,EN,Towers with Display (VFR),0,27,16,2,45,0,270,67,5,342,0,297,83,7,387,8,4,12,399
04/06/2002,ACK,MA,ANE,EN,Towers with Display (VFR),0,61,20,0,81,0,119,40,0,159,0,180,60,0,240,0,0,0,240
04/07/2002,ACK,MA,ANE,EN,Towers with Display (VFR),0,14,14,0,28,0,161,100,2,263,0,175,114,2,291,0,0,0,291
04/08/2002,ACK,MA,ANE,EN,Towers with Display (VFR),0,24,3,2,29,0,230,53,2,285,0,254,56,4,314,0,0,0,314
04/09/2002,ACK,MA,ANE,EN,Towers with Display (VFR),0,38,20,0,58,0,219,39,0,258,0,257,59,0,316,0,0,0,316
04/10/2002,ACK,MA,ANE,EN,Towers with Display (VFR),0,74,18,9,101,0,176,60,11,247,0,250,78,20,348,6,2,8,356
04/11/2002,ACK,MA,ANE,EN,Towers with Display (VFR),0,28,13,0,41,0,298,65,0,363,0,326,78,0,404,6,2,8,412
04/12/2002,ACK,MA,ANE,EN,Towers with Display (VFR),0,33,20,0,53,0,283,65,0,348,0,316,85,0,401,0,0,0,401
04/13/2002,ACK,MA,ANE,EN,Towers with Display (VFR),0,140,32,0,172,0,38,3,0,41,0,178,35,0,213,0,0,0,213
04/14/2002,ACK,MA,ANE,EN,Towers with Display (VFR),0,81,33,0,114,0,134,41,0,175,0,215,74,0,289,0,0,0,289
04/15/2002,ACK,MA,ANE,EN,Towers with Display (VFR),0,187,25,2,214,0,0,0,0,0,0,187,25,2,214,0,0,0,214
04/16/2002,ACK,MA,ANE,EN,Towers with Display (VFR),0,53,24,0,77,0,139,51,0,190,0,192,75,0,267,0,0,0,267
04/17/2002,ACK,MA,ANE,EN,Towers with Display (VFR),0,21,12,1,34,0,220,103,1,324,0,241,115,2,358,6,8,14,372
04/18/2002,ACK,MA,ANE,EN,Towers with Display (VFR),0,115,22,0,137,0,159,66,3,228,0,274,88,3,365,4,0,4,369
04/19/2002,ACK,MA,ANE,EN,Towers with Display (VFR),0,204,44,0,248,0,5,1,0,6,0,209,45,0,254,0,0,0,254
04/20/2002,ACK,MA,ANE,EN,Towers with Display (VFR),0,29,21,0,50,0,161,105,0,266,0,190,126,0,316,0,0,0,316
04/21/2002,ACK,MA,ANE,EN,Towers with Display (VFR),0,32,21,0,53,0,228,110,0,338,0,260,131,0,391,0,0,0,391
04/22/2002,ACK,MA,ANE,EN,Towers with Display (VFR),0,117,11,0,128,0,122,18,0,140,0,239,29,0,268,0,0,0,268
04/23/2002,ACK,MA,ANE,EN,Towers with Display (VFR),0,52,17,4,73,0,190,52,2,244,0,242,69,6,317,0,2,2,319
04/24/2002,ACK,MA,ANE,EN,Towers with Display (VFR),0,26,11,7,44,0,221,90,5,316,0,247,101,12,360,4,2,6,366
04/25/2002,ACK,MA,ANE,EN,Towers with Display (VFR),0,57,31,0,88,0,261,72,4,337,0,318,103,4,425,22,0,22,447
04/26/2002,ACK,MA,ANE,EN,Towers with Display (VFR),0,67,39,0,106,0,399,177,0,576,0,466,216,0,682,0,0,0,682
04/27/2002,ACK,MA,ANE,EN,Towers with Display (VFR),0,23,18,2,43,0,222,265,4,491,0,245,283,6,534,6,2,8,542
04/28/2002,ACK,MA,ANE,EN,Towers with Display (VFR),0,230,71,0,301,0,55,4,0,59,0,285,75,0,360,0,0,0,360
04/29/2002,ACK,MA,ANE,EN,Towers with Display (VFR),0,0,0,0,0,0,273,89,0,362,0,273,89,0,362,0,0,0,362
04/30/2002,ACK,MA,ANE,EN,Towers with Display (VFR),0,0,0,0,0,0,295,64,0,359,0,295,64,0,359,0,0,0,359
05/01/2002,ACK,MA,ANE,EN,Towers with Display (VFR),0,29,10,0,39,0,262,101,0,363,0,291,111,0,402,0,0,0,402
05/02/2002,ACK,MA,ANE,EN,Towers with Display (VFR),0,100,20,1,121,0,108,21,3,132,0,208,41,4,253,0,0,0,253
05/03/2002,ACK,MA,ANE,EN,Towers with Display (VFR),0,48,14,4,66,0,315,70,0,385,0,363,84,4,451,0,4,4,455
05/04/2002,ACK,MA,ANE,EN,Towers with Display (VFR),0,22,16,0,38,0,184,187,0,371,0,206,203,0,409,10,0,10,419
05/05/2002,ACK,MA,ANE,EN,Towers with Display (VFR),0,38,29,0,67,0,243,205,0,448,0,281,234,0,515,6,0,6,521
05/06/2002,ACK,MA,ANE,EN,Towers with Display (VFR),0,27,11,0,38,0,246,87,6,339,0,273,98,6,377,0,10,10,387
05/07/2002,ACK,MA,ANE,EN,Towers with Display (VFR),0,149,36,0,185,0,82,25,0,107,0,231,61,0,292,0,0,0,292
05/08/2002,ACK,MA,ANE,EN,Towers with Display (VFR),0,28,16,0,44,0,219,95,2,316,0,247,111,2,360,2,0,2,362
05/09/2002,ACK,MA,ANE,EN,Towers with Display (VFR),0,90,14,0,104,0,196,55,0,251,0,286,69,0,355,8,0,8,363
05/10/2002,ACK,MA,ANE,EN,Towers with Display (VFR),0,94,23,0,117,0,269,112,0,381,0,363,135,0,498,0,0,0,498
05/11/2002,ACK,MA,ANE,EN,Towers with Display (VFR),0,28,20,0,48,0,217,137,0,354,0,245,157,0,402,0,0,0,402
05/12/2002,ACK,MA,ANE,EN,Towers with Display (VFR),0,91,40,0,131,0,168,47,0,215,0,259,87,0,346,0,0,0,346
05/13/2002,ACK,MA,ANE,EN,Towers with Display (VFR),0,248,38,0,286,0,0,0,0,0,0,248,38,0,286,0,0,0,286
05/14/2002,ACK,MA,ANE,EN,Towers with Display (VFR),0,118,29,10,157,0,162,32,2,196,0,280,61,12,353,0,0,0,353
05/15/2002,ACK,MA,ANE,EN,Towers with Display (VFR),0,37,8,0,45,0,254,66,0,320,0,291,74,0,365,2,0,2,367
05/16/2002,ACK,MA,ANE,EN,Towers with Display (VFR),0,40,21,0,61,0,321,133,4,458,0,361,154,4,519,6,0,6,525
05/17/2002,ACK,MA,ANE,EN,Towers with Display (VFR),0,82,33,0,115,0,336,87,0,423,0,418,120,0,538,0,0,0,538
05/18/2002,ACK,MA,ANE,EN,Towers with Display (VFR),0,162,24,0,186,0,10,2,0,12,0,172,26,0,198,0,0,0,198
05/19/2002,ACK,MA,ANE,EN,Towers with Display (VFR),0,50,33,0,83,0,327,167,0,494,0,377,200,0,577,0,0,0,577
05/20/2002,ACK,MA,ANE,EN,Towers with Display (VFR),0,33,25,0,58,0,272,83,0,355,0,305,108,0,413,16,0,16,429
05/21/2002,ACK,MA,ANE,EN,Towers with Display (VFR),0,31,14,2,47,0,261,92,0,353,0,292,106,2,400,12,0,12,412
05/22/2002,ACK,MA,ANE,EN,Towers with Display (VFR),0,28,10,0,38,0,295,129,2,426,0,323,139,2,464,16,4,20,484
05/23/2002,ACK,MA,ANE,EN,Towers with Display (VFR),0,39,16,0,55,0,405,159,2,566,0,444,175,2,621,10,0,10,631
05/24/2002,ACK,MA,ANE,EN,Towers with Display (VFR),0,84,98,0,182,0,643,247,2,892,0,727,345,2,1074,4,0,4,1078
05/25/2002,ACK,MA,ANE,EN,Towers with Display (VFR),0,45,33,0,78,0,321,187,0,508,0,366,220,0,586,0,0,0,586
05/26/2002,ACK,MA,ANE,EN,Towers with Display (VFR),0,69,35,0,104,0,198,50,4,252,0,267,85,4,356,0,0,0,356
05/27/2002,ACK,MA,ANE,EN,Towers with Display (VFR),0,422,195,0,617,0,137,35,0,172,0,559,230,0,789,0,0,0,789
05/28/2002,ACK,MA,ANE,EN,Towers with Display (VFR),0,209,67,0,276,0,126,20,0,146,0,335,87,0,422,0,0,0,422
05/29/2002,ACK,MA,ANE,EN,Towers with Display (VFR),0,223,60,0,283,0,9,4,0,13,0,232,64,0,296,0,0,0,296
05/30/2002,ACK,MA,ANE,EN,Towers with Display (VFR),0,135,52,0,187,0,9,5,0,14,0,144,57,0,201,0,0,0,201
05/31/2002,ACK,MA,ANE,EN,Towers with Display (VFR),0,239,84,0,323,0,61,33,0,94,0,300,117,0,417,0,0,0,417
06/01/2002,ACK,MA,ANE,EN,Towers with Display (VFR),0,35,43,0,78,0,223,90,0,313,0,258,133,0,391,28,0,28,419
06/02/2002,ACK,MA,ANE,EN,Towers with Display (VFR),0,50,76,0,126,0,318,106,0,424,0,368,182,0,550,0,0,0,550
06/03/2002,ACK,MA,ANE,EN,Towers with Display (VFR),0,10,48,0,58,0,336,80,2,418,0,346,128,2,476,22,10,32,508
06/04/2002,ACK,MA,ANE,EN,Towers with Display (VFR),0,9,46,3,58,0,296,85,1,382,0,305,131,4,440,4,0,4,444
06/05/2002,ACK,MA,ANE,EN,Towers with Display (VFR),0,71,25,0,96,0,231,49,9,289,0,302,74,9,385,0,2,2,387
06/06/2002,ACK,MA,ANE,EN,Towers with Display (VFR),0,270,51,4,325,0,25,8,0,33,0,295,59,4,358,0,0,0,358
06/07/2002,ACK,MA,ANE,EN,Towers with Display (VFR),0,362,114,0,476,0,41,9,0,50,0,403,123,0,526,0,0,0,526
06/08/2002,ACK,MA,ANE,EN,Towers with Display (VFR),0,66,22,0,88,0,245,184,6,435,0,311,206,6,523,0,0,0,523
06/09/2002,ACK,MA,ANE,EN,Towers with Display (VFR),0,60,66,2,128,0,340,166,2,508,0,400,232,4,636,0,0,0,636
06/10/2002,ACK,MA,ANE,EN,Towers with Display (VFR),0,73,41,0,114,0,338,168,0,506,0,411,209,0,620,0,0,0,620
06/11/2002,ACK,MA,ANE,EN,Towers with Display (VFR),0,73,45,0,118,0,261,85,0,346,0,334,130,0,464,16,0,16,480
06/12/2002,ACK,MA,ANE,EN,Towers with Display (VFR),0,292,92,0,384,0,5,9,0,14,0,297,101,0,398,2,2,4,402
06/13/2002,ACK,MA,ANE,EN,Towers with Display (VFR),0,303,63,2,368,0,65,23,1,89,0,368,86,3,457,0,0,0,457
06/14/2002,ACK,MA,ANE,EN,Towers with Display (VFR),0,314,97,0,411,0,134,41,0,175,0,448,138,0,586,0,0,0,586
06/15/2002,ACK,MA,ANE,EN,Towers with Display (VFR),0,273,58,0,331,0,0,4,0,4,0,273,62,0,335,0,0,0,335
06/16/2002,ACK,MA,ANE,EN,Towers with Display (VFR),0,229,112,0,341,0,160,50,0,210,0,389,162,0,551,0,0,0,551
06/17/2002,ACK,MA,ANE,EN,Towers with Display (VFR),0,75,22,2,99,0,297,118,6,421,0,372,140,8,520,4,10,14,534
06/18/2002,ACK,MA,ANE,EN,Towers with Display (VFR),0,42,22,3,67,0,300,110,6,416,0,342,132,9,483,20,16,36,519
06/19/2002,ACK,MA,ANE,EN,Towers with Display (VFR),0,57,22,0,79,0,298,103,6,407,0,355,125,6,486,12,0,12,498
06/20/2002,ACK,MA,ANE,EN,Towers with Display (VFR),0,82,35,0,117,0,380,170,8,558,0,462,205,8,675,26,0,26,701
06/21/2002,ACK,MA,ANE,EN,Towers with Display (VFR),0,83,46,0,129,0,432,245,2,679,0,515,291,2,808,0,0,0,808
06/22/2002,ACK,MA,ANE,EN,Towers with Display (VFR),0,79,34,0,113,0,274,150,0,424,0,353,184,0,537,0,0,0,537
06/23/2002,ACK,MA,ANE,EN,Towers with Display (VFR),0,203,90,0,293,0,250,118,0,368,0,453,208,0,661,0,0,0,661
06/24/2002,ACK,MA,ANE,EN,Towers with Display (VFR),0,87,50,0,137,0,340,144,0,484,0,427,194,0,621,22,0,22,643
06/25/2002,ACK,MA,ANE,EN,Towers with Display (VFR),0,90,37,2,129,0,313,167,4,484,0,403,204,6,613,8,0,8,621
06/26/2002,ACK,MA,ANE,EN,Towers with Display (VFR),0,263,78,0,341,0,95,20,0,115,0,358,98,0,456,0,0,0,456
06/27/2002,ACK,MA,ANE,EN,Towers with Display (VFR),0,373,132,3,508,0,0,4,0,4,0,373,136,3,512,0,0,0,512
06/28/2002,ACK,MA,ANE,EN,Towers with Display (VFR),0,411,227,0,638,0,85,38,0,123,0,496,265,0,761,0,0,0,761
06/29/2002,ACK,MA,ANE,EN,Towers with Display (VFR),0,141,79,0,220,0,266,226,0,492,0,407,305,0,712,8,0,8,720
06/30/2002,ACK,MA,ANE,EN,Towers with Display (VFR),0,340,171,0,511,0,25,13,0,38,0,365,184,0,549,0,0,0,549
07/01/2002,ACK,MA,ANE,EN,Towers with Display (VFR),0,189,152,2,343,0,201,16,0,217,0,390,168,2,560,0,0,0,560
07/02/2002,ACK,MA,ANE,EN,Towers with Display (VFR),2,155,81,0,238,0,268,128,0,396,2,423,209,0,634,2,0,2,636
07/03/2002,ACK,MA,ANE,EN,Towers with Display (VFR),0,179,116,0,295,0,427,188,0,615,0,606,304,0,910,0,2,2,912
07/04/2002,ACK,MA,ANE,EN,Towers with Display (VFR),0,99,46,0,145,0,234,97,4,335,0,333,143,4,480,0,0,0,480
07/05/2002,ACK,MA,ANE,EN,Towers with Display (VFR),0,92,46,0,138,0,335,201,0,536,0,427,247,0,674,0,0,0,674
07/06/2002,ACK,MA,ANE,EN,Towers with Display (VFR),2,90,77,0,169,0,335,185,0,520,2,425,262,0,689,0,0,0,689
07/07/2002,ACK,MA,ANE,EN,Towers with Display (VFR),0,257,281,0,538,0,445,110,0,555,0,702,391,0,1093,0,0,0,1093
07/08/2002,ACK,MA,ANE,EN,Towers with Display (VFR),0,159,114,0,273,0,325,123,6,454,0,484,237,6,727,0,0,0,727
07/09/2002,ACK,MA,ANE,EN,Towers with Display (VFR),0,233,73,0,306,0,121,29,0,150,0,354,102,0,456,0,0,0,456
07/10/2002,ACK,MA,ANE,EN,Towers with Display (VFR),0,123,59,0,182,0,291,143,2,436,0,414,202,2,618,0,2,2,620
07/11/2002,ACK,MA,ANE,EN,Towers with Display (VFR),0,98,46,0,144,0,358,187,0,545,0,456,233,0,689,0,0,0,689
07/12/2002,ACK,MA,ANE,EN,Towers with Display (VFR),0,110,68,3,181,0,417,224,3,644,0,527,292,6,825,2,0,2,827
07/13/2002,ACK,MA,ANE,EN,Towers with Display (VFR),0,84,66,0,150,0,312,153,0,465,0,396,219,0,615,0,0,0,615
07/14/2002,ACK,MA,ANE,EN,Towers with Display (VFR),0,147,116,4,267,0,375,240,0,615,0,522,356,4,882,0,0,0,882
07/15/2002,ACK,MA,ANE,EN,Towers with Display (VFR),0,178,58,4,240,0,273,150,4,427,0,451,208,8,667,0,10,10,677
07/16/2002,ACK,MA,ANE,EN,Towers with Display (VFR),0,84,55,0,139,0,333,166,0,499,0,417,221,0,638,22,0,22,660
07/17/2002,ACK,MA,ANE,EN,Towers with Display (VFR),0,70,45,2,117,0,309,169,0,478,0,379,214,2,595,0,8,8,603
07/18/2002,ACK,MA,ANE,EN,Towers with Display (VFR),0,101,57,0,158,0,342,142,1,485,0,443,199,1,643,10,0,10,653
07/19/2002,ACK,MA,ANE,EN,Towers with Display (VFR),0,467,143,1,611,0,0,5,0,5,0,467,148,1,616,0,0,0,616
07/20/2002,ACK,MA,ANE,EN,Towers with Display (VFR),0,333,126,0,459,0,54,15,0,69,0,387,141,0,528,0,0,0,528
07/21/2002,ACK,MA,ANE,EN,Towers with Display (VFR),0,132,124,0,256,0,374,212,0,586,0,506,336,0,842,2,0,2,844
07/22/2002,ACK,MA,ANE,EN,Towers with Display (VFR),0,255,120,0,375,0,210,89,0,299,0,465,209,0,674,0,0,0,674
07/23/2002,ACK,MA,ANE,EN,Towers with Display (VFR),1,243,68,0,312,0,130,38,0,168,1,373,106,0,480,0,0,0,480
07/24/2002,ACK,MA,ANE,EN,Towers with Display (VFR),0,242,68,0,310,0,136,65,0,201,0,378,133,0,511,10,0,10,521
07/25/2002,ACK,MA,ANE,EN,Towers with Display (VFR),0,99,45,5,149,0,337,203,1,541,0,436,248,6,690,8,0,8,698
07/26/2002,ACK,MA,ANE,EN,Towers with Display (VFR),0,132,89,0,221,0,391,200,0,591,0,523,289,0,812,0,10,10,822
07/27/2002,ACK,MA,ANE,EN,Towers with Display (VFR),0,191,111,0,302,0,225,78,0,303,0,416,189,0,605,20,0,20,625
07/28/2002,ACK,MA,ANE,EN,Towers with Display (VFR),0,360,163,0,523,0,127,55,0,182,0,487,218,0,705,14,0,14,719
07/29/2002,ACK,MA,ANE,EN,Towers with Display (VFR),0,159,80,0,239,0,286,140,0,426,0,445,220,0,665,8,0,8,673
07/30/2002,ACK,MA,ANE,EN,Towers with Display (VFR),0,97,45,5,147,0,276,101,7,384,0,373,146,12,531,8,0,8,539
07/31/2002,ACK,MA,ANE,EN,Towers with Display (VFR),0,66,45,0,111,0,342,153,6,501,0,408,198,6,612,4,0,4,616
08/01/2002,ACK,MA,ANE,EN,Towers with Display (VFR),0,95,64,0,159,0,387,202,1,590,0,482,266,1,749,0,0,0,749
08/02/2002,ACK,MA,ANE,EN,Towers with Display (VFR),0,132,84,0,216,0,410,204,0,614,0,542,288,0,830,0,0,0,830
08/03/2002,ACK,MA,ANE,EN,Towers with Display (VFR),0,129,72,0,201,0,332,178,0,510,0,461,250,0,711,0,0,0,711
08/04/2002,ACK,MA,ANE,EN,Towers with Display (VFR),0,303,204,0,507,0,28,31,0,59,0,331,235,0,566,0,0,0,566
08/05/2002,ACK,MA,ANE,EN,Towers with Display (VFR),0,366,183,3,552,0,38,14,1,53,0,404,197,4,605,0,0,0,605
08/06/2002,ACK,MA,ANE,EN,Towers with Display (VFR),0,102,41,3,146,0,282,135,5,422,0,384,176,8,568,6,0,6,574
08/07/2002,ACK,MA,ANE,EN,Towers with Display (VFR),0,97,77,0,174,0,339,180,0,519,0,436,257,0,693,0,0,0,693
08/08/2002,ACK,MA,ANE,EN,Towers with Display (VFR),0,109,46,1,156,0,380,231,13,624,0,489,277,14,780,0,0,0,780
08/09/2002,ACK,MA,ANE,EN,Towers with Display (VFR),0,102,85,0,187,0,470,269,2,741,0,572,354,2,928,16,0,16,944
08/10/2002,ACK,MA,ANE,EN,Towers with Display (VFR),0,86,39,0,125,0,323,216,0,539,0,409,255,0,664,42,0,42,706
08/11/2002,ACK,MA,ANE,EN,Towers with Display (VFR),0,134,89,0,223,0,441,307,0,748,0,575,396,0,971,2,0,2,973
08/12/2002,ACK,MA,ANE,EN,Towers with Display (VFR),0,152,75,0,227,0,309,182,0,491,0,461,257,0,718,0,0,0,718
08/13/2002,ACK,MA,ANE,EN,Towers with Display (VFR),0,173,97,4,274,0,166,67,0,233,0,339,164,4,507,4,4,8,515
08/14/2002,ACK,MA,ANE,EN,Towers with Display (VFR),0,175,55,0,230,0,208,93,0,301,0,383,148,0,531,2,6,8,539
08/15/2002,ACK,MA,ANE,EN,Towers with Display (VFR),0,252,92,0,344,0,216,118,0,334,0,468,210,0,678,0,2,2,680
08/16/2002,ACK,MA,ANE,EN,Towers with Display (VFR),0,502,237,0,739,0,57,35,2,94,0,559,272,2,833,0,0,0,833
08/17/2002,ACK,MA,ANE,EN,Towers with Display (VFR),0,139,83,0,222,0,274,153,0,427,0,413,236,0,649,10,0,10,659
08/18/2002,ACK,MA,ANE,EN,Towers with Display (VFR),0,409,212,2,623,0,54,31,0,85,0,463,243,2,708,0,0,0,708
08/19/2002,ACK,MA,ANE,EN,Towers with Display (VFR),0,408,174,0,582,0,0,0,0,0,0,408,174,0,582,0,0,0,582
08/20/2002,ACK,MA,ANE,EN,Towers with Display (VFR),0,242,113,0,355,0,118,43,0,161,0,360,156,0,516,0,0,0,516
08/21/2002,ACK,MA,ANE,EN,Towers with Display (VFR),0,82,45,2,129,0,349,232,0,581,0,431,277,2,710,0,2,2,712
08/22/2002,ACK,MA,ANE,EN,Towers with Display (VFR),0,95,42,0,137,0,354,190,0,544,0,449,232,0,681,0,0,0,681
08/23/2002,ACK,MA,ANE,EN,Towers with Display (VFR),0,439,198,0,637,0,43,6,0,49,0,482,204,0,686,0,0,0,686
08/24/2002,ACK,MA,ANE,EN,Towers with Display (VFR),0,334,119,0,453,0,32,13,0,45,0,366,132,0,498,0,0,0,498
08/25/2002,ACK,MA,ANE,EN,Towers with Display (VFR),0,235,110,0,345,0,274,136,0,410,0,509,246,0,755,0,0,0,755
08/26/2002,ACK,MA,ANE,EN,Towers with Display (VFR),0,175,71,2,248,0,236,120,2,358,0,411,191,4,606,4,0,4,610
08/27/2002,ACK,MA,ANE,EN,Towers with Display (VFR),0,87,39,0,126,0,307,149,0,456,0,394,188,0,582,6,4,10,592
08/28/2002,ACK,MA,ANE,EN,Towers with Display (VFR),0,82,34,0,116,0,302,154,0,456,0,384,188,0,572,10,2,12,584
08/29/2002,ACK,MA,ANE,EN,Towers with Display (VFR),0,251,115,2,368,0,201,56,5,262,0,452,171,7,630,6,2,8,638
08/30/2002,ACK,MA,ANE,EN,Towers with Display (VFR),0,371,159,0,530,0,130,61,0,191,0,501,220,0,721,0,0,0,721
08/31/2002,ACK,MA,ANE,EN,Towers with Display (VFR),0,203,123,0,326,0,178,77,0,255,0,381,200,0,581,0,0,0,581
09/01/2002,ACK,MA,ANE,EN,Towers with Display (VFR),0,99,75,0,174,0,303,100,0,403,0,402,175,0,577,14,0,14,591
09/02/2002,ACK,MA,ANE,EN,Towers with Display (VFR),0,342,153,0,495,0,211,25,0,236,0,553,178,0,731,0,0,0,731
09/03/2002,ACK,MA,ANE,EN,Towers with Display (VFR),0,372,115,0,487,0,16,16,0,32,0,388,131,0,519,0,0,0,519
09/04/2002,ACK,MA,ANE,EN,Towers with Display (VFR),0,233,67,0,300,0,79,16,0,95,0,312,83,0,395,0,0,0,395
09/05/2002,ACK,MA,ANE,EN,Towers with Display (VFR),0,59,36,4,99,0,317,162,0,479,0,376,198,4,578,16,2,18,596
09/06/2002,ACK,MA,ANE,EN,Towers with Display (VFR),0,52,43,0,95,0,376,189,2,567,0,428,232,2,662,40,2,42,704
09/07/2002,ACK,MA,ANE,EN,Towers with Display (VFR),0,48,45,0,93,0,263,355,0,618,0,311,400,0,711,44,0,44,755
09/08/2002,ACK,MA,ANE,EN,Towers with Display (VFR),0,67,65,0,132,0,336,371,0,707,0,403,436,0,839,0,0,0,839
09/09/2002,ACK,MA,ANE,EN,Towers with Display (VFR),0,61,14,0,75,0,277,128,1,406,0,338,142,1,481,16,0,16,497
09/10/2002,ACK,MA,ANE,EN,Towers with Display (VFR),0,178,66,2,246,0,18,7,0,25,0,196,73,2,271,0,0,0,271
09/11/2002,ACK,MA,ANE,EN,Towers with Display (VFR),0,119,24,0,143,0,142,22,1,165,0,261,46,1,308,0,0,0,308
09/12/2002,ACK,MA,ANE,EN,Towers with Display (VFR),0,49,20,0,69,0,304,104,2,410,0,353,124,2,479,6,2,8,487
09/13/2002,ACK,MA,ANE,EN,Towers with Display (VFR),0,58,35,0,93,0,361,160,2,523,0,419,195,2,616,0,0,0,616
09/14/2002,ACK,MA,ANE,EN,Towers with Display (VFR),0,46,42,0,88,0,257,120,0,377,0,303,162,0,465,20,0,20,485
09/15/2002,ACK,MA,ANE,EN,Towers with Display (VFR),0,215,75,0,290,0,163,25,0,188,0,378,100,0,478,0,0,0,478
09/16/2002,ACK,MA,ANE,EN,Towers with Display (VFR),0,315,84,0,399,0,60,17,0,77,0,375,101,0,476,0,0,0,476
09/17/2002,ACK,MA,ANE,EN,Towers with Display (VFR),0,198,58,0,256,0,126,34,0,160,0,324,92,0,416,0,0,0,416
09/18/2002,ACK,MA,ANE,EN,Towers with Display (VFR),0,45,10,0,55,0,260,108,0,368,0,305,118,0,423,8,10,18,441
09/19/2002,ACK,MA,ANE,EN,Towers with Display (VFR),0,46,33,4,83,0,304,128,0,432,0,350,161,4,515,0,2,2,517
09/20/2002,ACK,MA,ANE,EN,Towers with Display (VFR),0,49,40,0,89,0,362,186,0,548,0,411,226,0,637,10,0,10,647
09/21/2002,ACK,MA,ANE,EN,Towers with Display (VFR),0,62,39,0,101,0,228,111,0,339,0,290,150,0,440,0,0,0,440
09/22/2002,ACK,MA,ANE,EN,Towers with Display (VFR),0,241,102,2,345,0,151,80,0,231,0,392,182,2,576,2,0,2,578
09/23/2002,ACK,MA,ANE,EN,Towers with Display (VFR),0,255,64,0,319,0,2,1,0,3,0,257,65,0,322,0,0,0,322
09/24/2002,ACK,MA,ANE,EN,Towers with Display (VFR),0,259,44,2,305,0,0,0,0,0,0,259,44,2,305,0,0,0,305
09/25/2002,ACK,MA,ANE,EN,Towers with Display (VFR),0,100,14,0,114,0,197,81,0,278,0,297,95,0,392,2,2,4,396
09/26/2002,ACK,MA,ANE,EN,Towers with Display (VFR),0,171,60,0,231,0,169,59,0,228,0,340,119,0,459,0,4,4,463
09/27/2002,ACK,MA,ANE,EN,Towers with Display (VFR),0,216,76,0,292,0,37,3,0,40,0,253,79,0,332,0,0,0,332
09/28/2002,ACK,MA,ANE,EN,Towers with Display (VFR),0,90,31,0,121,0,166,77,0,243,0,256,108,0,364,0,0,0,364
09/29/2002,ACK,MA,ANE,EN,Towers with Display (VFR),0,51,40,0,91,0,376,195,0,571,0,427,235,0,662,0,0,0,662
09/30/2002,ACK,MA,ANE,EN,Towers with Display (VFR),0,45,22,0,67,0,306,112,0,418,0,351,134,0,485,0,0,0,485
10/01/2002,ACK,MA,ANE,EN,Towers with Display (VFR),0,47,17,1,65,0,246,100,1,347,0,293,117,2,412,2,0,2,414
10/02/2002,ACK,MA,ANE,EN,Towers with Display (VFR),0,113,32,4,149,0,155,63,4,222,0,268,95,8,371,0,2,2,373
10/03/2002,ACK,MA,ANE,EN,Towers with Display (VFR),0,195,42,1,238,0,155,50,0,205,0,350,92,1,443,0,16,16,459
10/04/2002,ACK,MA,ANE,EN,Towers with Display (VFR),0,95,58,0,153,0,287,87,0,374,0,382,145,0,527,0,0,0,527
10/05/2002,ACK,MA,ANE,EN,Towers with Display (VFR),0,145,32,0,177,0,111,37,0,148,0,256,69,0,325,0,0,0,325
10/06/2002,ACK,MA,ANE,EN,Towers with Display (VFR),0,40,29,0,69,0,406,214,0,620,0,446,243,0,689,0,0,0,689
10/07/2002,ACK,MA,ANE,EN,Towers with Display (VFR),0,85,16,0,101,0,205,51,2,258,0,290,67,2,359,0,0,0,359
10/08/2002,ACK,MA,ANE,EN,Towers with Display (VFR),0,35,10,2,47,0,265,82,0,347,0,300,92,2,394,4,0,4,398
10/09/2002,ACK,MA,ANE,EN,Towers with Display (VFR),0,38,6,0,44,0,224,88,2,314,0,262,94,2,358,2,0,2,360
10/10/2002,ACK,MA,ANE,EN,Towers with Display (VFR),0,46,26,2,74,0,263,101,0,364,0,309,127,2,438,0,4,4,442
10/11/2002,ACK,MA,ANE,EN,Towers with Display (VFR),0,262,111,0,373,0,159,21,0,180,0,421,132,0,553,0,0,0,553
10/12/2002,ACK,MA,ANE,EN,Towers with Display (VFR),0,291,21,0,312,0,0,0,0,0,0,291,21,0,312,0,0,0,312
10/13/2002,ACK,MA,ANE,EN,Towers with Display (VFR),0,243,57,0,300,0,10,2,0,12,0,253,59,0,312,0,0,0,312
10/14/2002,ACK,MA,ANE,EN,Towers with Display (VFR),0,60,25,0,85,0,501,122,0,623,0,561,147,0,708,0,0,0,708
10/15/2002,ACK,MA,ANE,EN,Towers with Display (VFR),0,28,13,0,41,0,276,118,2,396,0,304,131,2,437,4,0,4,441
10/16/2002,ACK,MA,ANE,EN,Towers with Display (VFR),0,90,15,2,107,0,24,5,0,29,0,114,20,2,136,0,0,0,136
10/17/2002,ACK,MA,ANE,EN,Towers with Display (VFR),0,23,14,0,37,0,293,107,0,400,0,316,121,0,437,4,6,10,447
10/18/2002,ACK,MA,ANE,EN,Towers with Display (VFR),0,44,18,2,64,0,309,120,0,429,0,353,138,2,493,0,10,10,503
10/19/2002,ACK,MA,ANE,EN,Towers with Display (VFR),0,34,9,0,43,0,160,54,0,214,0,194,63,0,257,0,0,0,257
10/20/2002,ACK,MA,ANE,EN,Towers with Display (VFR),0,36,26,0,62,0,318,153,0,471,0,354,179,0,533,0,0,0,533
10/21/2002,ACK,MA,ANE,EN,Towers with Display (VFR),0,29,12,0,41,0,250,82,0,332,0,279,94,0,373,32,0,32,405
10/22/2002,ACK,MA,ANE,EN,Towers with Display (VFR),0,21,7,0,28,0,260,117,0,377,0,281,124,0,405,0,0,0,405
10/23/2002,ACK,MA,ANE,EN,Towers with Display (VFR),0,92,18,0,110,0,151,38,0,189,0,243,56,0,299,0,2,2,301
10/24/2002,ACK,MA,ANE,EN,Towers with Display (VFR),0,19,10,2,31,0,279,105,2,386,0,298,115,4,417,10,4,14,431
10/25/2002,ACK,MA,ANE,EN,Towers with Display (VFR),0,38,19,0,57,0,278,65,0,343,0,316,84,0,400,0,0,0,400
10/26/2002,ACK,MA,ANE,EN,Towers with Display (VFR),0,133,29,0,162,0,59,23,0,82,0,192,52,0,244,0,0,0,244
10/27/2002,ACK,MA,ANE,EN,Towers with Display (VFR),0,39,29,0,68,0,237,91,6,334,0,276,120,6,402,0,0,0,402
10/28/2002,ACK,MA,ANE,EN,Towers with Display (VFR),0,27,12,0,39,0,239,68,0,307,0,266,80,0,346,0,0,0,346
10/29/2002,ACK,MA,ANE,EN,Towers with Display (VFR),0,17,13,12,42,0,243,67,2,312,0,260,80,14,354,0,8,8,362
10/30/2002,ACK,MA,ANE,EN,Towers with Display (VFR),0,31,6,0,37,0,203,58,0,261,0,234,64,0,298,0,0,0,298
10/31/2002,ACK,MA,ANE,EN,Towers with Display (VFR),0,26,7,0,33,0,218,61,0,279,0,244,68,0,312,4,2,6,318
11/01/2002,ACK,MA,ANE,EN,Towers with Display (VFR),0,38,13,6,57,0,214,65,0,279,0,252,78,6,336,0,6,6,342
11/02/2002,ACK,MA,ANE,EN,Towers with Display (VFR),0,26,15,0,41,0,185,78,0,263,0,211,93,0,304,4,0,4,308
11/03/2002,ACK,MA,ANE,EN,Towers with Display (VFR),0,15,20,0,35,0,216,136,2,354,0,231,156,2,389,0,2,2,391
11/04/2002,ACK,MA,ANE,EN,Towers with Display (VFR),0,20,9,0,29,0,211,54,0,265,0,231,63,0,294,0,0,0,294
11/05/2002,ACK,MA,ANE,EN,Towers with Display (VFR),0,17,7,0,24,0,250,74,0,324,0,267,81,0,348,0,4,4,352
11/06/2002,ACK,MA,ANE,EN,Towers with Display (VFR),0,106,16,2,124,0,22,5,0,27,0,128,21,2,151,0,0,0,151
11/07/2002,ACK,MA,ANE,EN,Towers with Display (VFR),0,20,5,0,25,0,246,50,2,298,0,266,55,2,323,10,2,12,335
11/08/2002,ACK,MA,ANE,EN,Towers with Display (VFR),0,22,21,0,43,0,290,79,0,369,0,312,100,0,412,0,0,0,412
11/09/2002,ACK,MA,ANE,EN,Towers with Display (VFR),0,11,13,0,24,0,182,131,0,313,0,193,144,0,337,0,0,0,337
11/10/2002,ACK,MA,ANE,EN,Towers with Display (VFR),0,86,26,0,112,0,124,45,4,173,0,210,71,4,285,0,4,4,289
11/11/2002,ACK,MA,ANE,EN,Towers with Display (VFR),0,198,25,0,223,0,31,4,0,35,0,229,29,0,258,0,0,0,258
11/12/2002,ACK,MA,ANE,EN,Towers with Display (VFR),0,81,13,2,96,0,131,44,0,175,0,212,57,2,271,0,0,0,271
11/13/2002,ACK,MA,ANE,EN,Towers with Display (VFR),0,185,29,0,214,0,4,0,0,4,0,189,29,0,218,0,0,0,218
11/14/2002,ACK,MA,ANE,EN,Towers with Display (VFR),0,20,8,0,28,0,223,61,2,286,0,243,69,2,314,1,18,19,333
11/15/2002,ACK,MA,ANE,EN,Towers with Display (VFR),0,28,8,3,39,0,245,86,1,332,0,273,94,4,371,0,8,8,379
11/16/2002,ACK,MA,ANE,EN,Towers with Display (VFR),0,118,9,0,127,0,27,10,0,37,0,145,19,0,164,0,0,0,164
11/17/2002,ACK,MA,ANE,EN,Towers with Display (VFR),0,130,13,0,143,0,0,0,0,0,0,130,13,0,143,0,0,0,143
11/18/2002,ACK,MA,ANE,EN,Towers with Display (VFR),0,58,6,0,64,0,164,44,2,210,0,222,50,2,274,0,4,4,278
11/19/2002,ACK,MA,ANE,EN,Towers with Display (VFR),0,24,9,0,33,0,211,68,0,279,0,235,77,0,312,0,0,0,312
11/20/2002,ACK,MA,ANE,EN,Towers with Display (VFR),0,19,9,0,28,0,229,110,0,339,0,248,119,0,367,2,2,4,371
11/21/2002,ACK,MA,ANE,EN,Towers with Display (VFR),0,80,21,0,101,0,149,22,0,171,0,229,43,0,272,32,0,32,304
11/22/2002,ACK,MA,ANE,EN,Towers with Display (VFR),0,134,27,0,161,0,0,0,0,0,0,134,27,0,161,0,0,0,161
11/23/2002,ACK,MA,ANE,EN,Towers with Display (VFR),0,40,8,0,48,0,209,22,0,231,0,249,30,0,279,0,0,0,279
11/24/2002,ACK,MA,ANE,EN,Towers with Display (VFR),0,22,11,0,33,0,196,60,0,256,0,218,71,0,289,2,0,2,291
11/25/2002,ACK,MA,ANE,EN,Towers with Display (VFR),0,13,10,0,23,0,220,70,2,292,0,233,80,2,315,2,0,2,317
11/26/2002,ACK,MA,ANE,EN,Towers with Display (VFR),0,57,22,0,79,0,259,74,4,337,0,316,96,4,416,0,0,0,416
11/27/2002,ACK,MA,ANE,EN,Towers with Display (VFR),0,232,52,0,284,0,116,10,0,126,0,348,62,0,410,0,0,0,410
11/28/2002,ACK,MA,ANE,EN,Towers with Display (VFR),0,16,2,0,18,0,184,41,0,225,0,200,43,0,243,12,0,12,255
11/29/2002,ACK,MA,ANE,EN,Towers with Display (VFR),0,49,17,0,66,0,212,62,0,274,0,261,79,0,340,0,0,0,340
11/30/2002,ACK,MA,ANE,EN,Towers with Display (VFR),0,28,25,0,53,0,251,58,0,309,0,279,83,0,362,0,0,0,362
12/01/2002,ACK,MA,ANE,EN,Towers with Display (VFR),0,49,30,0,79,0,373,51,0,424,0,422,81,0,503,0,0,0,503
12/02/2002,ACK,MA,ANE,EN,Towers with Display (VFR),0,20,14,0,34,0,234,53,0,287,0,254,67,0,321,16,0,16,337
12/03/2002,ACK,MA,ANE,EN,Towers with Display (VFR),0,18,9,4,31,0,202,41,0,243,0,220,50,4,274,0,0,0,274
12/04/2002,ACK,MA,ANE,EN,Towers with Display (VFR),0,18,8,7,33,0,233,66,2,301,0,251,74,9,334,44,0,44,378
12/05/2002,ACK,MA,ANE,EN,Towers with Display (VFR),0,41,11,2,54,0,83,20,2,105,0,124,31,4,159,22,0,22,181
12/06/2002,ACK,MA,ANE,EN,Towers with Display (VFR),0,336,113,0,449,0,124,46,0,170,0,460,159,0,619,0,0,0,619
12/07/2002,ACK,MA,ANE,EN,Towers with Display (VFR),0,17,36,0,53,0,285,198,0,483,0,302,234,0,536,0,0,0,536
12/08/2002,ACK,MA,ANE,EN,Towers with Display (VFR),0,49,70,0,119,0,437,162,0,599,0,486,232,0,718,0,0,0,718
12/09/2002,ACK,MA,ANE,EN,Towers with Display (VFR),0,26,13,0,39,0,262,65,0,327,0,288,78,0,366,8,0,8,374
12/10/2002,ACK,MA,ANE,EN,Towers with Display (VFR),0,31,17,0,48,0,195,45,0,240,0,226,62,0,288,0,0,0,288
12/11/2002,ACK,MA,ANE,EN,Towers with Display (VFR),0,20,2,0,22,0,205,46,0,251,0,225,48,0,273,0,0,0,273
12/12/2002,ACK,MA,ANE,EN,Towers with Display (VFR),0,198,21,0,219,0,0,0,0,0,0,198,21,0,219,0,0,0,219
12/13/2002,ACK,MA,ANE,EN,Towers with Display (VFR),0,24,10,0,34,0,221,85,4,310,0,245,95,4,344,0,0,0,344
12/14/2002,ACK,MA,ANE,EN,Towers with Display (VFR),0,126,16,0,142,0,23,17,0,40,0,149,33,0,182,0,0,0,182
12/15/2002,ACK,MA,ANE,EN,Towers with Display (VFR),0,14,6,0,20,0,206,51,0,257,0,220,57,0,277,0,0,0,277
12/16/2002,ACK,MA,ANE,EN,Towers with Display (VFR),0,142,15,0,157,0,76,14,0,90,0,218,29,0,247,0,0,0,247
12/17/2002,ACK,MA,ANE,EN,Towers with Display (VFR),0,36,4,0,40,0,203,56,2,261,0,239,60,2,301,0,0,0,301
12/18/2002,ACK,MA,ANE,EN,Towers with Display (VFR),0,19,8,2,29,0,232,56,1,289,0,251,64,3,318,0,0,0,318
12/19/2002,ACK,MA,ANE,EN,Towers with Display (VFR),0,29,5,0,34,0,244,68,0,312,0,273,73,0,346,0,0,0,346
12/20/2002,ACK,MA,ANE,EN,Towers with Display (VFR),0,150,17,0,167,0,78,16,0,94,0,228,33,0,261,0,0,0,261
12/21/2002,ACK,MA,ANE,EN,Towers with Display (VFR),0,16,2,0,18,0,191,67,0,258,0,207,69,0,276,0,0,0,276
12/22/2002,ACK,MA,ANE,EN,Towers with Display (VFR),0,18,9,0,27,0,200,46,0,246,0,218,55,0,273,0,0,0,273
12/23/2002,ACK,MA,ANE,EN,Towers with Display (VFR),0,22,12,3,37,0,254,61,1,316,0,276,73,4,353,34,0,34,387
12/24/2002,ACK,MA,ANE,EN,Towers with Display (VFR),0,16,5,0,21,0,194,47,0,241,0,210,52,0,262,0,0,0,262
12/25/2002,ACK,MA,ANE,EN,Towers with Display (VFR),0,42,1,0,43,0,28,1,0,29,0,70,2,0,72,0,0,0,72
12/26/2002,ACK,MA,ANE,EN,Towers with Display (VFR),0,19,4,0,23,0,218,24,2,244,0,237,28,2,267,4,0,4,271
12/27/2002,ACK,MA,ANE,EN,Towers with Display (VFR),0,15,11,2,28,0,240,69,0,309,0,255,80,2,337,0,0,0,337
12/28/2002,ACK,MA,ANE,EN,Towers with Display (VFR),0,14,8,0,22,0,178,77,0,255,0,192,85,0,277,6,0,6,283
12/29/2002,ACK,MA,ANE,EN,Towers with Display (VFR),0,13,16,0,29,0,162,73,0,235,0,175,89,0,264,0,0,0,264
12/30/2002,ACK,MA,ANE,EN,Towers with Display (VFR),0,19,5,0,24,0,216,94,0,310,0,235,99,0,334,44,0,44,378
12/31/2002,ACK,MA,ANE,EN,Towers with Display (VFR),0,93,9,0,102,0,31,9,0,40,0,124,18,0,142,0,0,0,142
01/01/2003,ACK,MA,ANE,EN,Towers with Display (VFR),0,27,12,0,39,0,107,15,0,122,0,134,27,0,161,10,0,10,171
01/02/2003,ACK,MA,ANE,EN,Towers with Display (VFR),0,106,16,0,122,0,66,5,0,71,0,172,21,0,193,0,0,0,193
01/03/2003,ACK,MA,ANE,EN,Towers with Display (VFR),0,77,5,0,82,0,152,29,0,181,0,229,34,0,263,0,0,0,263
01/04/2003,ACK,MA,ANE,EN,Towers with Display (VFR),0,112,25,0,137,0,6,4,0,10,0,118,29,0,147,0,0,0,147
01/05/2003,ACK,MA,ANE,EN,Towers with Display (VFR),0,20,7,0,27,0,155,66,0,221,0,175,73,0,248,0,0,0,248
01/06/2003,ACK,MA,ANE,EN,Towers with Display (VFR),0,161,20,0,181,0,30,12,0,42,0,191,32,0,223,0,0,0,223
01/07/2003,ACK,MA,ANE,EN,Towers with Display (VFR),0,101,10,6,117,0,106,31,0,137,0,207,41,6,254,0,0,0,254
01/08/2003,ACK,MA,ANE,EN,Towers with Display (VFR),0,67,10,2,79,0,101,25,0,126,0,168,35,2,205,3,0,3,208
01/09/2003,ACK,MA,ANE,EN,Towers with Display (VFR),0,25,2,0,27,0,182,39,0,221,0,207,41,0,248,0,2,2,250
01/10/2003,ACK,MA,ANE,EN,Towers with Display (VFR),0,26,11,0,37,0,200,40,0,240,0,226,51,0,277,0,2,2,279
01/11/2003,ACK,MA,ANE,EN,Towers with Display (VFR),0,12,5,0,17,0,150,47,0,197,0,162,52,0,214,0,0,0,214
01/12/2003,ACK,MA,ANE,EN,Towers with Display (VFR),0,14,11,0,25,0,139,52,0,191,0,153,63,0,216,0,0,0,216
01/13/2003,ACK,MA,ANE,EN,Towers with Display (VFR),0,9,4,0,13,0,204,44,1,249,0,213,48,1,262,0,0,0,262
01/14/2003,ACK,MA,ANE,EN,Towers with Display (VFR),0,11,6,0,17,0,208,43,0,251,0,219,49,0,268,0,0,0,268
01/15/2003,ACK,MA,ANE,EN,Towers with Display (VFR),0,18,1,6,25,0,188,66,0,254,0,206,67,6,279,26,10,36,315
01/16/2003,ACK,MA,ANE,EN,Towers with Display (VFR),0,15,10,6,31,0,234,45,0,279,0,249,55,6,310,4,2,6,316
01/17/2003,ACK,MA,ANE,EN,Towers with Display (VFR),0,123,18,0,141,0,78,19,0,97,0,201,37,0,238,0,0,0,238
01/18/2003,ACK,MA,ANE,EN,Towers with Display (VFR),0,44,9,0,53,0,81,22,0,103,0,125,31,0,156,0,0,0,156
01/19/2003,ACK,MA,ANE,EN,Towers with Display (VFR),0,41,6,0,47,0,125,31,0,156,0,166,37,0,203,32,0,32,235
01/20/2003,ACK,MA,ANE,EN,Towers with Display (VFR),0,40,9,0,49,0,147,20,0,167,0,187,29,0,216,0,0,0,216
01/21/2003,ACK,MA,ANE,EN,Towers with Display (VFR),0,12,3,0,15,0,192,46,0,238,0,204,49,0,253,0,0,0,253
01/22/2003,ACK,MA,ANE,EN,Towers with Display (VFR),0,14,4,0,18,0,192,32,0,224,0,206,36,0,242,4,0,4,246
01/23/2003,ACK,MA,ANE,EN,Towers with Display (VFR),0,22,7,0,29,0,212,30,8,250,0,234,37,8,279,58,0,58,337
01/24/2003,ACK,MA,ANE,EN,Towers with Display (VFR),0,35,12,0,47,0,239,35,0,274,0,274,47,0,321,36,2,38,359
01/25/2003,ACK,MA,ANE,EN,Towers with Display (VFR),0,8,14,0,22,0,184,69,0,253,0,192,83,0,275,12,0,12,287
01/26/2003,ACK,MA,ANE,EN,Towers with Display (VFR),0,15,14,0,29,0,198,33,0,231,0,213,47,0,260,0,0,0,260
01/27/2003,ACK,MA,ANE,EN,Towers with Display (VFR),0,23,3,0,26,0,174,42,2,218,0,197,45,2,244,0,0,0,244
01/28/2003,ACK,MA,ANE,EN,Towers with Display (VFR),0,16,2,0,18,0,205,46,0,251,0,221,48,0,269,4,0,4,273
01/29/2003,ACK,MA,ANE,EN,Towers with Display (VFR),0,128,16,0,144,0,61,13,0,74,0,189,29,0,218,0,0,0,218
01/30/2003,ACK,MA,ANE,EN,Towers with Display (VFR),0,23,2,4,29,0,224,44,3,271,0,247,46,7,300,10,38,48,348
01/31/2003,ACK,MA,ANE,EN,Towers with Display (VFR),0,221,27,2,250,0,0,0,0,0,0,221,27,2,250,0,0,0,250
02/01/2003,ACK,MA,ANE,EN,Towers with Display (VFR),0,102,17,0,119,0,0,0,0,0,0,102,17,0,119,0,0,0,119
02/02/2003,ACK,MA,ANE,EN,Towers with Display (VFR),0,121,2,0,123,0,5,0,0,5,0,126,2,0,128,0,0,0,128
02/03/2003,ACK,MA,ANE,EN,Towers with Display (VFR),0,24,8,0,32,0,217,54,0,271,0,241,62,0,303,0,0,0,303
02/04/2003,ACK,MA,ANE,EN,Towers with Display (VFR),0,82,10,0,92,0,84,15,0,99,0,166,25,0,191,0,0,0,191
02/05/2003,ACK,MA,ANE,EN,Towers with Display (VFR),0,12,0,0,12,0,193,46,0,239,0,205,46,0,251,10,0,10,261
02/06/2003,ACK,MA,ANE,EN,Towers with Display (VFR),0,15,9,0,24,0,230,54,0,284,0,245,63,0,308,26,0,26,334
02/07/2003,ACK,MA,ANE,EN,Towers with Display (VFR),0,27,4,0,31,0,0,0,0,0,0,27,4,0,31,0,0,0,31
02/08/2003,ACK,MA,ANE,EN,Towers with Display (VFR),0,10,13,0,23,0,129,74,2,205,0,139,87,2,228,0,0,0,228
02/09/2003,ACK,MA,ANE,EN,Towers with Display (VFR),0,10,13,0,23,0,172,69,0,241,0,182,82,0,264,0,0,0,264
02/10/2003,ACK,MA,ANE,EN,Towers with Display (VFR),0,33,7,0,40,0,104,22,0,126,0,137,29,0,166,0,0,0,166
02/11/2003,ACK,MA,ANE,EN,Towers with Display (VFR),0,10,4,0,14,0,144,45,0,189,0,154,49,0,203,0,0,0,203
02/12/2003,ACK,MA,ANE,EN,Towers with Display (VFR),0,36,5,0,41,0,168,31,0,199,0,204,36,0,240,0,0,0,240
02/13/2003,ACK,MA,ANE,EN,Towers with Display (VFR),0,26,3,0,29,0,181,43,0,224,0,207,46,0,253,24,12,36,289
02/14/2003,ACK,MA,ANE,EN,Towers with Display (VFR),0,15,6,0,21,0,295,75,0,370,0,310,81,0,391,0,6,6,397
02/15/2003,ACK,MA,ANE,EN,Towers with Display (VFR),0,7,0,0,7,0,185,40,2,227,0,192,40,2,234,0,0,0,234
02/16/2003,ACK,MA,ANE,EN,Towers with Display (VFR),0,34,11,0,45,0,190,24,0,214,0,224,35,0,259,0,0,0,259
02/17/2003,ACK,MA,ANE,EN,Towers with Display (VFR),0,36,8,0,44,0,0,0,0,0,0,36,8,0,44,0,0,0,44
02/18/2003,ACK,MA,ANE,EN,Towers with Display (VFR),0,0,2,0,2,0,0,0,0,0,0,0,2,0,2,0,0,0,2
02/19/2003,ACK,MA,ANE,EN,Towers with Display (VFR),0,16,5,2,23,0,206,38,0,244,0,222,43,2,267,4,0,4,271
02/20/2003,ACK,MA,ANE,EN,Towers with Display (VFR),0,14,3,0,17,0,219,74,0,293,0,233,77,0,310,10,2,12,322
02/21/2003,ACK,MA,ANE,EN,Towers with Display (VFR),0,11,9,0,20,0,266,90,0,356,0,277,99,0,376,2,0,2,378
02/22/2003,ACK,MA,ANE,EN,Towers with Display (VFR),0,89,12,0,101,0,48,4,0,52,0,137,16,0,153,0,0,0,153
02/23/2003,ACK,MA,ANE,EN,Towers with Display (VFR),0,27,0,0,27,0,0,0,0,0,0,27,0,0,27,0,0,0,27
02/24/2003,ACK,MA,ANE,EN,Towers with Display (VFR),0,15,3,8,26,0,183,36,6,225,0,198,39,14,251,6,0,6,257
02/25/2003,ACK,MA,ANE,EN,Towers with Display (VFR),0,14,2,2,18,0,216,55,0,271,0,230,57,2,289,0,0,0,289
02/26/2003,ACK,MA,ANE,EN,Towers with Display (VFR),0,22,8,0,30,0,191,37,4,232,0,213,45,4,262,0,0,0,262
02/27/2003,ACK,MA,ANE,EN,Towers with Display (VFR),0,26,6,0,32,0,200,53,2,255,0,226,59,2,287,4,0,4,291
02/28/2003,ACK,MA,ANE,EN,Towers with Display (VFR),0,24,14,0,38,0,216,55,1,272,0,240,69,1,310,0,8,8,318
03/01/2003,ACK,MA,ANE,EN,Towers with Display (VFR),0,12,7,0,19,0,170,100,0,270,0,182,107,0,289,22,0,22,311
03/02/2003,ACK,MA,ANE,EN,Towers with Display (VFR),0,128,5,0,133,0,29,2,0,31,0,157,7,0,164,0,0,0,164
03/03/2003,ACK,MA,ANE,EN,Towers with Display (VFR),0,14,10,3,27,0,219,29,7,255,0,233,39,10,282,0,0,0,282
03/04/2003,ACK,MA,ANE,EN,Towers with Display (VFR),0,16,4,0,20,0,192,58,0,250,0,208,62,0,270,0,0,0,270
03/05/2003,ACK,MA,ANE,EN,Towers with Display (VFR),0,115,13,0,128,0,62,11,0,73,0,177,24,0,201,0,0,0,201
03/06/2003,ACK,MA,ANE,EN,Towers with Display (VFR),0,31,7,0,38,0,39,7,0,46,0,70,14,0,84,0,0,0,84
03/07/2003,ACK,MA,ANE,EN,Towers with Display (VFR),0,27,12,0,39,0,179,60,0,239,0,206,72,0,278,26,0,26,304
03/08/2003,ACK,MA,ANE,EN,Towers with Display (VFR),0,19,10,0,29,0,171,116,0,287,0,190,126,0,316,20,0,20,336
03/09/2003,ACK,MA,ANE,EN,Towers with Display (VFR),0,9,3,0,12,0,167,48,0,215,0,176,51,0,227,0,0,0,227
03/10/2003,ACK,MA,ANE,EN,Towers with Display (VFR),0,13,5,0,18,0,188,71,8,267,0,201,76,8,285,0,0,0,285
03/11/2003,ACK,MA,ANE,EN,Towers with Display (VFR),0,19,5,0,24,0,200,77,6,283,0,219,82,6,307,30,0,30,337
03/12/2003,ACK,MA,ANE,EN,Towers with Display (VFR),0,115,17,0,132,0,73,18,0,91,0,188,35,0,223,0,0,0,223
03/13/2003,ACK,MA,ANE,EN,Towers with Display (VFR),0,109,11,0,120,0,83,19,0,102,0,192,30,0,222,0,0,0,222
03/14/2003,ACK,MA,ANE,EN,Towers with Display (VFR),0,12,7,0,19,0,261,75,0,336,0,273,82,0,355,0,0,0,355
03/15/2003,ACK,MA,ANE,EN,Towers with Display (VFR),0,4,12,0,16,0,206,101,0,307,0,210,113,0,323,9,0,9,332
03/16/2003,ACK,MA,ANE,EN,Towers with Display (VFR),0,31,17,0,48,0,150,89,0,239,0,181,106,0,287,0,0,0,287
03/17/2003,ACK,MA,ANE,EN,Towers with Display (VFR),0,118,29,0,147,0,0,0,0,0,0,118,29,0,147,0,0,0,147
03/18/2003,ACK,MA,ANE,EN,Towers with Display (VFR),0,123,24,0,147,0,33,12,0,45,0,156,36,0,192,0,0,0,192
03/19/2003,ACK,MA,ANE,EN,Towers with Display (VFR),0,31,13,0,44,0,166,71,0,237,0,197,84,0,281,30,0,30,311
03/20/2003,ACK,MA,ANE,EN,Towers with Display (VFR),0,30,3,4,37,0,199,42,0,241,0,229,45,4,278,4,4,8,286
03/21/2003,ACK,MA,ANE,EN,Towers with Display (VFR),0,30,15,0,45,0,6,0,0,6,0,36,15,0,51,0,0,0,51
03/22/2003,ACK,MA,ANE,EN,Towers with Display (VFR),0,90,20,0,110,0,0,0,0,0,0,90,20,0,110,0,0,0,110
03/23/2003,ACK,MA,ANE,EN,Towers with Display (VFR),0,9,21,0,30,0,162,100,0,262,0,171,121,0,292,0,0,0,292
03/24/2003,ACK,MA,ANE,EN,Towers with Display (VFR),0,97,17,0,114,0,145,46,0,191,0,242,63,0,305,0,0,0,305
03/25/2003,ACK,MA,ANE,EN,Towers with Display (VFR),0,189,29,0,218,0,0,0,0,0,0,189,29,0,218,0,0,0,218
03/26/2003,ACK,MA,ANE,EN,Towers with Display (VFR),0,50,12,0,62,0,150,32,2,184,0,200,44,2,246,2,0,2,248
03/27/2003,ACK,MA,ANE,EN,Towers with Display (VFR),0,26,14,0,40,0,234,78,0,312,0,260,92,0,352,12,0,12,364
03/28/2003,ACK,MA,ANE,EN,Towers with Display (VFR),0,14,12,0,26,0,230,106,0,336,0,244,118,0,362,8,0,8,370
03/29/2003,ACK,MA,ANE,EN,Towers with Display (VFR),0,69,16,0,85,0,96,23,0,119,0,165,39,0,204,0,0,0,204
03/30/2003,ACK,MA,ANE,EN,Towers with Display (VFR),0,123,9,0,132,0,0,0,0,0,0,123,9,0,132,0,0,0,132
03/31/2003,ACK,MA,ANE,EN,Towers with Display (VFR),0,100,12,2,114,0,86,18,14,118,0,186,30,16,232,0,0,0,232
04/01/2003,ACK,MA,ANE,EN,Towers with Display (VFR),0,57,16,0,73,0,163,59,0,222,0,220,75,0,295,0,2,2,297
04/02/2003,ACK,MA,ANE,EN,Towers with Display (VFR),0,54,12,1,67,0,147,48,0,195,0,201,60,1,262,2,0,2,264
04/03/2003,ACK,MA,ANE,EN,Towers with Display (VFR),0,179,35,0,214,0,40,16,0,56,0,219,51,0,270,0,0,0,270
04/04/2003,ACK,MA,ANE,EN,Towers with Display (VFR),0,193,23,0,216,0,40,0,0,40,0,233,23,0,256,0,0,0,256
04/05/2003,ACK,MA,ANE,EN,Towers with Display (VFR),0,122,10,0,132,0,1,0,0,1,0,123,10,0,133,0,0,0,133
04/06/2003,ACK,MA,ANE,EN,Towers with Display (VFR),0,6,23,1,30,0,174,53,1,228,0,180,76,2,258,0,0,0,258
04/07/2003,ACK,MA,ANE,EN,Towers with Display (VFR),0,64,11,5,80,0,139,28,1,168,0,203,39,6,248,0,0,0,248
04/08/2003,ACK,MA,ANE,EN,Towers with Display (VFR),0,122,22,2,146,0,12,5,0,17,0,134,27,2,163,0,0,0,163
04/09/2003,ACK,MA,ANE,EN,Towers with Display (VFR),0,189,18,2,209,0,1,0,0,1,0,190,18,2,210,0,0,0,210
04/10/2003,ACK,MA,ANE,EN,Towers with Display (VFR),0,67,25,6,98,0,184,55,5,244,0,251,80,11,342,24,0,24,366
04/11/2003,ACK,MA,ANE,EN,Towers with Display (VFR),0,145,22,0,167,0,89,27,0,116,0,234,49,0,283,0,0,0,283
04/12/2003,ACK,MA,ANE,EN,Towers with Display (VFR),0,104,21,0,125,0,27,16,0,43,0,131,37,0,168,0,0,0,168
04/13/2003,ACK,MA,ANE,EN,Towers with Display (VFR),0,10,23,0,33,0,162,169,0,331,0,172,192,0,364,4,0,4,368
04/14/2003,ACK,MA,ANE,EN,Towers with Display (VFR),0,27,8,0,35,0,223,93,0,316,0,250,101,0,351,0,0,0,351
04/15/2003,ACK,MA,ANE,EN,Towers with Display (VFR),0,26,5,2,33,0,241,76,0,317,0,267,81,2,350,16,10,26,376
04/16/2003,ACK,MA,ANE,EN,Towers with Display (VFR),0,25,11,0,36,0,212,72,0,284,0,237,83,0,320,6,0,6,326
04/17/2003,ACK,MA,ANE,EN,Towers with Display (VFR),0,22,18,3,43,0,271,72,1,344,0,293,90,4,387,13,0,13,400
04/18/2003,ACK,MA,ANE,EN,Towers with Display (VFR),0,27,20,1,48,0,280,79,0,359,0,307,99,1,407,0,8,8,415
04/19/2003,ACK,MA,ANE,EN,Towers with Display (VFR),0,73,39,0,112,0,121,55,0,176,0,194,94,0,288,16,0,16,304
04/20/2003,ACK,MA,ANE,EN,Towers with Display (VFR),0,22,17,0,39,0,195,114,0,309,0,217,131,0,348,0,0,0,348
04/21/2003,ACK,MA,ANE,EN,Towers with Display (VFR),0,24,28,4,56,0,254,97,0,351,0,278,125,4,407,0,0,0,407
04/22/2003,ACK,MA,ANE,EN,Towers with Display (VFR),0,218,32,0,250,0,1,0,0,1,0,219,32,0,251,0,0,0,251
04/23/2003,ACK,MA,ANE,EN,Towers with Display (VFR),0,149,22,0,171,0,94,37,0,131,0,243,59,0,302,10,0,10,312
04/24/2003,ACK,MA,ANE,EN,Towers with Display (VFR),0,44,23,1,68,0,326,88,0,414,0,370,111,1,482,0,0,0,482
04/25/2003,ACK,MA,ANE,EN,Towers with Display (VFR),0,44,39,0,83,0,334,170,0,504,0,378,209,0,587,14,0,14,601
04/26/2003,ACK,MA,ANE,EN,Towers with Display (VFR),0,79,18,0,97,0,91,29,0,120,0,170,47,0,217,0,0,0,217
04/27/2003,ACK,MA,ANE,EN,Towers with Display (VFR),0,165,76,0,241,0,183,79,0,262,0,348,155,0,503,0,0,0,503
04/28/2003,ACK,MA,ANE,EN,Towers with Display (VFR),0,29,19,0,48,0,241,126,0,367,0,270,145,0,415,0,0,0,415
04/29/2003,ACK,MA,ANE,EN,Towers with Display (VFR),0,22,11,1,34,0,242,78,7,327,0,264,89,8,361,0,4,4,365
04/30/2003,ACK,MA,ANE,EN,Towers with Display (VFR),0,26,8,0,34,0,210,98,0,308,0,236,106,0,342,2,0,2,344
05/01/2003,ACK,MA,ANE,EN,Towers with Display (VFR),0,66,20,1,87,0,184,54,0,238,0,250,74,1,325,6,0,6,331
05/02/2003,ACK,MA,ANE,EN,Towers with Display (VFR),0,83,29,1,113,0,216,54,0,270,0,299,83,1,383,6,0,6,389
05/03/2003,ACK,MA,ANE,EN,Towers with Display (VFR),0,56,19,14,89,0,149,61,0,210,0,205,80,14,299,0,0,0,299
05/04/2003,ACK,MA,ANE,EN,Towers with Display (VFR),0,14,17,1,32,0,227,194,1,422,0,241,211,2,454,0,0,0,454
05/05/2003,ACK,MA,ANE,EN,Towers with Display (VFR),0,25,17,2,44,0,258,93,0,351,0,283,110,2,395,0,0,0,395
05/06/2003,ACK,MA,ANE,EN,Towers with Display (VFR),0,135,33,1,169,0,95,12,1,108,0,230,45,2,277,0,0,0,277
05/07/2003,ACK,MA,ANE,EN,Towers with Display (VFR),0,240,60,2,302,0,4,0,0,4,0,244,60,2,306,0,0,0,306
05/08/2003,ACK,MA,ANE,EN,Towers with Display (VFR),0,194,41,0,235,0,64,14,0,78,0,258,55,0,313,0,0,0,313
05/09/2003,ACK,MA,ANE,EN,Towers with Display (VFR),0,139,48,0,187,0,152,57,2,211,0,291,105,2,398,0,0,0,398
05/10/2003,ACK,MA,ANE,EN,Towers with Display (VFR),0,72,77,0,149,0,121,77,0,198,0,193,154,0,347,0,0,0,347
05/11/2003,ACK,MA,ANE,EN,Towers with Display (VFR),0,22,29,0,51,1,224,119,0,344,1,246,148,0,395,0,0,0,395
05/12/2003,ACK,MA,ANE,EN,Towers with Display (VFR),0,180,46,0,226,0,73,17,0,90,0,253,63,0,316,0,0,0,316
05/13/2003,ACK,MA,ANE,EN,Towers with Display (VFR),0,37,17,0,54,0,245,59,0,304,0,282,76,0,358,0,0,0,358
05/14/2003,ACK,MA,ANE,EN,Towers with Display (VFR),0,37,28,0,65,0,271,65,0,336,0,308,93,0,401,4,8,12,413
05/15/2003,ACK,MA,ANE,EN,Towers with Display (VFR),0,37,30,4,71,0,298,99,4,401,0,335,129,8,472,30,0,30,502
05/16/2003,ACK,MA,ANE,EN,Towers with Display (VFR),0,186,83,0,269,0,220,46,0,266,0,406,129,0,535,0,0,0,535
05/17/2003,ACK,MA,ANE,EN,Towers with Display (VFR),1,93,24,0,118,1,163,61,2,227,2,256,85,2,345,0,0,0,345
05/18/2003,ACK,MA,ANE,EN,Towers with Display (VFR),0,30,49,2,81,0,365,184,0,549,0,395,233,2,630,4,0,4,634
05/19/2003,ACK,MA,ANE,EN,Towers with Display (VFR),0,23,18,0,41,0,290,139,0,429,0,313,157,0,470,22,0,22,492
05/20/2003,ACK,MA,ANE,EN,Towers with Display (VFR),0,28,8,1,37,0,262,123,1,386,0,290,131,2,423,6,10,16,439
05/21/2003,ACK,MA,ANE,EN,Towers with Display (VFR),0,158,51,0,209,0,75,31,0,106,0,233,82,0,315,16,0,16,331
05/22/2003,ACK,MA,ANE,EN,Towers with Display (VFR),0,311,100,2,413,0,49,7,0,56,0,360,107,2,469,0,0,0,469
05/23/2003,ACK,MA,ANE,EN,Towers with Display (VFR),0,511,192,0,703,0,3,0,0,3,0,514,192,0,706,0,0,0,706
05/24/2003,ACK,MA,ANE,EN,Towers with Display (VFR),0,278,38,0,316,0,3,0,0,3,0,281,38,0,319,0,0,0,319
05/25/2003,ACK,MA,ANE,EN,Towers with Display (VFR),0,209,54,0,263,0,3,0,0,3,0,212,54,0,266,0,0,0,266
05/26/2003,ACK,MA,ANE,EN,Towers with Display (VFR),0,543,151,0,694,0,3,0,0,3,0,546,151,0,697,0,0,0,697
05/27/2003,ACK,MA,ANE,EN,Towers with Display (VFR),0,256,74,0,330,0,89,28,0,117,0,345,102,0,447,0,0,0,447
05/28/2003,ACK,MA,ANE,EN,Towers with Display (VFR),0,51,20,0,71,0,229,73,0,302,0,280,93,0,373,14,16,30,403
05/29/2003,ACK,MA,ANE,EN,Towers with Display (VFR),0,120,45,0,165,0,162,25,0,187,0,282,70,0,352,0,0,0,352
05/30/2003,ACK,MA,ANE,EN,Towers with Display (VFR),0,45,23,6,74,0,312,127,0,439,0,357,150,6,513,4,2,6,519
05/31/2003,ACK,MA,ANE,EN,Towers with Display (VFR),0,45,30,0,75,0,195,70,0,265,0,240,100,0,340,12,0,12,352
06/01/2003,ACK,MA,ANE,EN,Towers with Display (VFR),0,116,30,0,146,0,73,0,0,73,0,189,30,0,219,0,0,0,219
06/02/2003,ACK,MA,ANE,EN,Towers with Display (VFR),0,31,31,0,62,0,322,100,0,422,0,353,131,0,484,0,0,0,484
06/03/2003,ACK,MA,ANE,EN,Towers with Display (VFR),0,26,12,3,41,0,281,93,7,381,0,307,105,10,422,0,2,2,424
06/04/2003,ACK,MA,ANE,EN,Towers with Display (VFR),0,228,44,5,277,0,33,7,0,40,0,261,51,5,317,0,0,0,317
06/05/2003,ACK,MA,ANE,EN,Towers with Display (VFR),0,278,43,0,321,0,5,0,0,5,0,283,43,0,326,0,0,0,326
06/06/2003,ACK,MA,ANE,EN,Towers with Display (VFR),0,51,44,4,99,0,364,160,2,526,0,415,204,6,625,8,0,8,633
06/07/2003,ACK,MA,ANE,EN,Towers with Display (VFR),0,109,55,0,164,0,121,34,0,155,0,230,89,0,319,0,0,0,319
06/08/2003,ACK,MA,ANE,EN,Towers with Display (VFR),0,283,99,0,382,0,20,5,0,25,0,303,104,0,407,0,0,0,407
06/09/2003,ACK,MA,ANE,EN,Towers with Display (VFR),0,247,75,0,322,0,109,36,0,145,0,356,111,0,467,2,0,2,469
06/10/2003,ACK,MA,ANE,EN,Towers with Display (VFR),0,77,50,0,127,0,323,126,0,449,0,400,176,0,576,14,0,14,590
06/11/2003,ACK,MA,ANE,EN,Towers with Display (VFR),0,131,63,0,194,0,204,40,0,244,0,335,103,0,438,0,0,0,438
06/12/2003,ACK,MA,ANE,EN,Towers with Display (VFR),0,258,69,0,327,0,79,25,0,104,0,337,94,0,431,0,0,0,431
06/13/2003,ACK,MA,ANE,EN,Towers with Display (VFR),0,260,81,4,345,0,89,14,0,103,0,349,95,4,448,0,0,0,448
06/14/2003,ACK,MA,ANE,EN,Towers with Display (VFR),0,229,89,0,318,0,21,4,0,25,0,250,93,0,343,0,0,0,343
06/15/2003,ACK,MA,ANE,EN,Towers with Display (VFR),0,210,108,0,318,0,130,54,0,184,0,340,162,0,502,0,0,0,502
06/16/2003,ACK,MA,ANE,EN,Towers with Display (VFR),0,75,54,2,131,0,288,112,0,400,0,363,166,2,531,0,0,0,531
06/17/2003,ACK,MA,ANE,EN,Towers with Display (VFR),0,39,33,4,76,0,294,108,6,408,0,333,141,10,484,0,0,0,484
06/18/2003,ACK,MA,ANE,EN,Towers with Display (VFR),0,284,45,0,329,0,48,9,0,57,0,332,54,0,386,0,0,0,386
06/19/2003,ACK,MA,ANE,EN,Towers with Display (VFR),0,273,88,0,361,0,134,26,0,160,0,407,114,0,521,0,0,0,521
06/20/2003,ACK,MA,ANE,EN,Towers with Display (VFR),0,191,103,0,294,0,320,119,0,439,0,511,222,0,733,0,0,0,733
06/21/2003,ACK,MA,ANE,EN,Towers with Display (VFR),0,282,63,0,345,0,4,0,0,4,0,286,63,0,349,0,0,0,349
06/22/2003,ACK,MA,ANE,EN,Towers with Display (VFR),0,351,122,0,473,0,4,0,0,4,0,355,122,0,477,0,0,0,477
06/23/2003,ACK,MA,ANE,EN,Towers with Display (VFR),0,315,102,0,417,0,93,29,0,122,0,408,131,0,539,0,0,0,539
06/24/2003,ACK,MA,ANE,EN,Towers with Display (VFR),0,61,72,2,135,0,333,113,0,446,0,394,185,2,581,0,6,6,587
06/25/2003,ACK,MA,ANE,EN,Towers with Display (VFR),0,114,89,0,203,0,276,134,0,410,0,390,223,0,613,0,0,0,613
06/26/2003,ACK,MA,ANE,EN,Towers with Display (VFR),0,110,53,2,165,0,321,135,0,456,0,431,188,2,621,2,0,2,623
06/27/2003,ACK,MA,ANE,EN,Towers with Display (VFR),0,448,203,0,651,0,4,0,0,4,0,452,203,0,655,0,0,0,655
06/28/2003,ACK,MA,ANE,EN,Towers with Display (VFR),0,78,48,0,126,0,319,161,0,480,0,397,209,0,606,0,0,0,606
06/29/2003,ACK,MA,ANE,EN,Towers with Display (VFR),0,279,177,0,456,0,160,50,0,210,0,439,227,0,666,0,0,0,666
06/30/2003,ACK,MA,ANE,EN,Towers with Display (VFR),0,244,102,0,346,0,4,0,0,4,0,248,102,0,350,0,0,0,350
07/01/2003,ACK,MA,ANE,EN,Towers with Display (VFR),0,71,47,8,126,0,374,193,0,567,0,445,240,8,693,0,8,8,701
07/02/2003,ACK,MA,ANE,EN,Towers with Display (VFR),0,125,79,6,210,0,378,227,0,605,0,503,306,6,815,2,0,2,817
07/03/2003,ACK,MA,ANE,EN,Towers with Display (VFR),0,353,231,2,586,0,247,91,0,338,0,600,322,2,924,2,0,2,926
07/04/2003,ACK,MA,ANE,EN,Towers with Display (VFR),0,289,88,0,377,0,5,0,0,5,0,294,88,0,382,0,0,0,382
07/05/2003,ACK,MA,ANE,EN,Towers with Display (VFR),0,131,86,0,217,0,236,143,0,379,0,367,229,0,596,0,0,0,596
07/06/2003,ACK,MA,ANE,EN,Towers with Display (VFR),0,127,137,0,264,0,551,315,0,866,0,678,452,0,1130,0,0,0,1130
07/07/2003,ACK,MA,ANE,EN,Towers with Display (VFR),0,153,89,2,244,0,367,159,0,526,0,520,248,2,770,2,0,2,772
07/08/2003,ACK,MA,ANE,EN,Towers with Display (VFR),0,237,88,0,325,0,152,70,0,222,0,389,158,0,547,2,0,2,549
07/09/2003,ACK,MA,ANE,EN,Towers with Display (VFR),0,149,77,0,226,0,292,121,0,413,0,441,198,0,639,10,0,10,649
07/10/2003,ACK,MA,ANE,EN,Towers with Display (VFR),0,98,64,0,162,0,350,170,0,520,0,448,234,0,682,6,0,6,688
07/11/2003,ACK,MA,ANE,EN,Towers with Display (VFR),0,467,192,0,659,0,5,0,0,5,0,472,192,0,664,0,0,0,664
07/12/2003,ACK,MA,ANE,EN,Towers with Display (VFR),0,139,105,2,246,0,270,168,0,438,0,409,273,2,684,0,0,0,684
07/13/2003,ACK,MA,ANE,EN,Towers with Display (VFR),0,295,179,0,474,0,218,97,0,315,0,513,276,0,789,0,0,0,789
07/14/2003,ACK,MA,ANE,EN,Towers with Display (VFR),0,285,117,0,402,0,138,55,0,193,0,423,172,0,595,0,0,0,595
07/15/2003,ACK,MA,ANE,EN,Towers with Display (VFR),0,273,85,0,358,0,106,51,0,157,0,379,136,0,515,0,0,0,515
07/16/2003,ACK,MA,ANE,EN,Towers with Display (VFR),0,214,89,0,303,0,160,69,0,229,0,374,158,0,532,0,0,0,532
07/17/2003,ACK,MA,ANE,EN,Towers with Display (VFR),0,159,86,0,245,0,299,210,0,509,0,458,296,0,754,0,0,0,754
07/18/2003,ACK,MA,ANE,EN,Towers with Display (VFR),0,137,108,0,245,0,440,202,0,642,0,577,310,0,887,0,0,0,887
07/19/2003,ACK,MA,ANE,EN,Towers with Display (VFR),0,144,84,0,228,0,270,167,0,437,0,414,251,0,665,0,0,0,665
07/20/2003,ACK,MA,ANE,EN,Towers with Display (VFR),0,99,99,0,198,0,448,313,0,761,0,547,412,0,959,0,0,0,959
07/21/2003,ACK,MA,ANE,EN,Towers with Display (VFR),0,146,94,2,242,0,305,131,0,436,0,451,225,2,678,0,0,0,678
07/22/2003,ACK,MA,ANE,EN,Towers with Display (VFR),0,353,93,2,448,0,10,2,0,12,0,363,95,2,460,4,0,4,464
07/23/2003,ACK,MA,ANE,EN,Towers with Display (VFR),2,350,104,0,456,0,18,9,0,27,2,368,113,0,483,0,0,0,483
07/24/2003,ACK,MA,ANE,EN,Towers with Display (VFR),0,399,118,1,518,0,106,66,0,172,0,505,184,1,690,8,0,8,698
07/25/2003,ACK,MA,ANE,EN,Towers with Display (VFR),0,213,107,2,322,0,391,238,0,629,0,604,345,2,951,48,0,48,999
07/26/2003,ACK,MA,ANE,EN,Towers with Display (VFR),0,88,75,0,163,0,394,252,0,646,0,482,327,0,809,0,0,0,809
07/27/2003,ACK,MA,ANE,EN,Towers with Display (VFR),2,122,101,0,225,0,415,202,0,617,2,537,303,0,842,0,0,0,842
07/28/2003,ACK,MA,ANE,EN,Towers with Display (VFR),0,118,67,0,185,0,383,173,0,556,0,501,240,0,741,0,0,0,741
07/29/2003,ACK,MA,ANE,EN,Towers with Display (VFR),0,90,49,0,139,0,302,143,0,445,0,392,192,0,584,20,0,20,604
07/30/2003,ACK,MA,ANE,EN,Towers with Display (VFR),0,86,51,6,143,0,340,184,0,524,0,426,235,6,667,6,0,6,673
07/31/2003,ACK,MA,ANE,EN,Towers with Display (VFR),0,174,120,2,296,0,320,168,0,488,0,494,288,2,784,0,0,0,784
08/01/2003,ACK,MA,ANE,EN,Towers with Display (VFR),0,495,154,0,649,0,0,0,0,0,0,495,154,0,649,0,0,0,649
08/02/2003,ACK,MA,ANE,EN,Towers with Display (VFR),0,375,110,0,485,0,0,0,0,0,0,375,110,0,485,0,0,0,485
08/03/2003,ACK,MA,ANE,EN,Towers with Display (VFR),0,440,182,0,622,0,0,0,0,0,0,440,182,0,622,0,0,0,622
08/04/2003,ACK,MA,ANE,EN,Towers with Display (VFR),0,325,139,2,466,0,89,47,0,136,0,414,186,2,602,0,0,0,602
08/05/2003,ACK,MA,ANE,EN,Towers with Display (VFR),0,353,106,0,459,0,21,16,0,37,0,374,122,0,496,0,2,2,498
08/06/2003,ACK,MA,ANE,EN,Towers with Display (VFR),0,311,107,0,418,0,75,39,0,114,0,386,146,0,532,0,0,0,532
08/07/2003,ACK,MA,ANE,EN,Towers with Display (VFR),0,359,149,0,508,0,144,87,0,231,0,503,236,0,739,0,0,0,739
08/08/2003,ACK,MA,ANE,EN,Towers with Display (VFR),0,509,207,0,716,0,73,49,0,122,0,582,256,0,838,0,0,0,838
08/09/2003,ACK,MA,ANE,EN,Towers with Display (VFR),0,307,121,0,428,0,33,28,0,61,0,340,149,0,489,0,0,0,489
08/10/2003,ACK,MA,ANE,EN,Towers with Display (VFR),0,392,174,0,566,0,137,67,0,204,0,529,241,0,770,0,0,0,770
08/11/2003,ACK,MA,ANE,EN,Towers with Display (VFR),0,346,143,0,489,0,159,80,0,239,0,505,223,0,728,0,0,0,728
08/12/2003,ACK,MA,ANE,EN,Towers with Display (VFR),0,345,126,5,476,0,63,35,0,98,0,408,161,5,574,0,0,0,574
08/13/2003,ACK,MA,ANE,EN,Towers with Display (VFR),0,406,140,0,546,0,0,0,0,0,0,406,140,0,546,0,0,0,546
08/14/2003,ACK,MA,ANE,EN,Towers with Display (VFR),0,90,64,0,154,0,386,187,4,577,0,476,251,4,731,6,0,6,737
08/15/2003,ACK,MA,ANE,EN,Towers with Display (VFR),0,114,94,0,208,0,507,303,0,810,0,621,397,0,1018,2,2,4,1022
08/16/2003,ACK,MA,ANE,EN,Towers with Display (VFR),0,146,86,0,232,0,368,229,0,597,0,514,315,0,829,0,0,0,829
08/17/2003,ACK,MA,ANE,EN,Towers with Display (VFR),0,343,173,0,516,0,192,56,0,248,0,535,229,0,764,0,0,0,764
08/18/2003,ACK,MA,ANE,EN,Towers with Display (VFR),0,128,96,4,228,0,417,190,0,607,0,545,286,4,835,0,6,6,841
08/19/2003,ACK,MA,ANE,EN,Towers with Display (VFR),0,72,40,0,112,0,353,197,2,552,0,425,237,2,664,0,0,0,664
08/20/2003,ACK,MA,ANE,EN,Towers with Display (VFR),0,94,59,6,159,0,342,192,2,536,0,436,251,8,695,0,0,0,695
08/21/2003,ACK,MA,ANE,EN,Towers with Display (VFR),0,150,94,0,244,0,331,221,0,552,0,481,315,0,796,0,0,0,796
08/22/2003,ACK,MA,ANE,EN,Towers with Display (VFR),0,449,211,0,660,0,16,4,0,20,0,465,215,0,680,0,0,0,680
08/23/2003,ACK,MA,ANE,EN,Towers with Display (VFR),0,94,58,0,152,0,340,180,2,522,0,434,238,2,674,0,0,0,674
08/24/2003,ACK,MA,ANE,EN,Towers with Display (VFR),0,103,73,0,176,0,438,290,4,732,0,541,363,4,908,0,0,0,908
08/25/2003,ACK,MA,ANE,EN,Towers with Display (VFR),0,90,56,0,146,0,383,204,2,589,0,473,260,2,735,0,0,0,735
08/26/2003,ACK,MA,ANE,EN,Towers with Display (VFR),0,69,45,2,116,0,315,158,6,479,0,384,203,8,595,6,4,10,605
08/27/2003,ACK,MA,ANE,EN,Towers with Display (VFR),0,136,51,0,187,0,276,195,0,471,0,412,246,0,658,0,0,0,658
08/28/2003,ACK,MA,ANE,EN,Towers with Display (VFR),2,108,54,0,164,0,399,237,2,638,2,507,291,2,802,4,0,4,806
08/29/2003,ACK,MA,ANE,EN,Towers with Display (VFR),0,105,101,1,207,0,400,209,4,613,0,505,310,5,820,2,0,2,822
08/30/2003,ACK,MA,ANE,EN,Towers with Display (VFR),0,189,77,0,266,0,199,89,0,288,0,388,166,0,554,0,0,0,554
08/31/2003,ACK,MA,ANE,EN,Towers with Display (VFR),0,74,54,0,128,0,330,185,0,515,0,404,239,0,643,0,0,0,643
09/01/2003,ACK,MA,ANE,EN,Towers with Display (VFR),0,162,170,0,332,0,385,88,0,473,0,547,258,0,805,0,0,0,805
09/02/2003,ACK,MA,ANE,EN,Towers with Display (VFR),2,345,96,0,443,0,45,15,0,60,2,390,111,0,503,0,0,0,503
09/03/2003,ACK,MA,ANE,EN,Towers with Display (VFR),0,111,32,0,143,0,236,94,0,330,0,347,126,0,473,0,6,6,479
09/04/2003,ACK,MA,ANE,EN,Towers with Display (VFR),0,334,29,0,363,0,18,11,0,29,0,352,40,0,392,0,0,0,392
09/05/2003,ACK,MA,ANE,EN,Towers with Display (VFR),0,414,155,0,569,0,0,0,0,0,0,414,155,0,569,0,0,0,569
09/06/2003,ACK,MA,ANE,EN,Towers with Display (VFR),0,59,34,0,93,0,287,200,0,487,0,346,234,0,580,2,0,2,582
09/07/2003,ACK,MA,ANE,EN,Towers with Display (VFR),0,58,66,0,124,0,422,269,0,691,0,480,335,0,815,0,0,0,815
09/08/2003,ACK,MA,ANE,EN,Towers with Display (VFR),0,56,27,0,83,0,310,142,0,452,0,366,169,0,535,16,0,16,551
09/09/2003,ACK,MA,ANE,EN,Towers with Display (VFR),0,55,20,2,77,0,274,122,0,396,0,329,142,2,473,4,4,8,481
09/10/2003,ACK,MA,ANE,EN,Towers with Display (VFR),0,59,21,2,82,0,267,164,9,440,0,326,185,11,522,12,2,14,536
09/11/2003,ACK,MA,ANE,EN,Towers with Display (VFR),0,66,27,0,93,0,341,159,2,502,0,407,186,2,595,0,0,0,595
09/12/2003,ACK,MA,ANE,EN,Towers with Display (VFR),0,81,49,0,130,0,396,214,0,610,0,477,263,0,740,0,0,0,740
09/13/2003,ACK,MA,ANE,EN,Towers with Display (VFR),0,81,126,0,207,0,269,114,0,383,0,350,240,0,590,2,0,2,592
09/14/2003,ACK,MA,ANE,EN,Towers with Display (VFR),0,146,116,0,262,0,317,103,0,420,0,463,219,0,682,0,0,0,682
09/15/2003,ACK,MA,ANE,EN,Towers with Display (VFR),0,190,38,0,228,0,143,56,4,203,0,333,94,4,431,0,0,0,431
09/16/2003,ACK,MA,ANE,EN,Towers with Display (VFR),0,243,62,0,305,0,6,0,0,6,0,249,62,0,311,0,0,0,311
09/17/2003,ACK,MA,ANE,EN,Towers with Display (VFR),0,40,24,0,64,0,309,150,12,471,0,349,174,12,535,0,2,2,537
09/18/2003,ACK,MA,ANE,EN,Towers with Display (VFR),0,45,33,0,78,0,314,74,0,388,0,359,107,0,466,0,4,4,470
09/19/2003,ACK,MA,ANE,EN,Towers with Display (VFR),0,278,53,2,333,0,0,0,0,0,0,278,53,2,333,0,0,0,333
09/20/2003,ACK,MA,ANE,EN,Towers with Display (VFR),0,105,63,0,168,0,121,42,0,163,0,226,105,0,331,0,0,0,331
09/21/2003,ACK,MA,ANE,EN,Towers with Display (VFR),0,100,43,0,143,0,267,143,0,410,0,367,186,0,553,2,0,2,555
09/22/2003,ACK,MA,ANE,EN,Towers with Display (VFR),0,51,23,0,74,0,300,105,2,407,0,351,128,2,481,0,0,0,481
09/23/2003,ACK,MA,ANE,EN,Towers with Display (VFR),0,137,34,0,171,0,88,33,0,121,0,225,67,0,292,0,0,0,292
09/24/2003,ACK,MA,ANE,EN,Towers with Display (VFR),0,52,23,0,75,0,277,141,0,418,0,329,164,0,493,2,0,2,495
09/25/2003,ACK,MA,ANE,EN,Towers with Display (VFR),0,75,37,2,114,0,305,99,0,404,0,380,136,2,518,32,2,34,552
09/26/2003,ACK,MA,ANE,EN,Towers with Display (VFR),0,159,102,0,261,0,284,120,0,404,0,443,222,0,665,20,4,24,689
09/27/2003,ACK,MA,ANE,EN,Towers with Display (VFR),0,115,56,0,171,0,126,82,0,208,0,241,138,0,379,0,0,0,379
09/28/2003,ACK,MA,ANE,EN,Towers with Display (VFR),0,211,80,0,291,0,0,0,0,0,0,211,80,0,291,0,0,0,291
09/29/2003,ACK,MA,ANE,EN,Towers with Display (VFR),0,146,46,2,194,0,188,77,0,265,0,334,123,2,459,0,8,8,467
09/30/2003,ACK,MA,ANE,EN,Towers with Display (VFR),0,25,20,0,45,0,245,106,0,351,0,270,126,0,396,22,4,26,422
10/01/2003,ACK,MA,ANE,EN,Towers with Display (VFR),0,44,19,0,63,0,248,76,0,324,0,292,95,0,387,0,0,0,387
10/02/2003,ACK,MA,ANE,EN,Towers with Display (VFR),0,70,30,2,102,0,232,57,2,291,0,302,87,4,393,2,0,2,395
10/03/2003,ACK,MA,ANE,EN,Towers with Display (VFR),0,60,24,0,84,0,318,131,0,449,0,378,155,0,533,0,2,2,535
10/04/2003,ACK,MA,ANE,EN,Towers with Display (VFR),0,60,24,0,84,0,160,60,0,220,0,220,84,0,304,0,0,0,304
10/05/2003,ACK,MA,ANE,EN,Towers with Display (VFR),0,60,24,0,84,0,295,164,0,459,0,355,188,0,543,0,0,0,543
10/06/2003,ACK,MA,ANE,EN,Towers with Display (VFR),0,46,19,2,67,0,259,82,0,341,0,305,101,2,408,0,4,4,412
10/07/2003,ACK,MA,ANE,EN,Towers with Display (VFR),0,31,13,2,46,0,234,112,6,352,0,265,125,8,398,0,2,2,400
10/08/2003,ACK,MA,ANE,EN,Towers with Display (VFR),0,40,17,0,57,0,242,132,0,374,0,282,149,0,431,20,0,20,451
10/09/2003,ACK,MA,ANE,EN,Towers with Display (VFR),0,95,40,0,135,0,231,122,0,353,0,326,162,0,488,28,0,28,516
10/10/2003,ACK,MA,ANE,EN,Towers with Display (VFR),0,338,111,1,450,0,40,0,0,40,0,378,111,1,490,0,0,0,490
10/11/2003,ACK,MA,ANE,EN,Towers with Display (VFR),0,146,61,0,207,0,128,24,0,152,0,274,85,0,359,4,0,4,363
10/12/2003,ACK,MA,ANE,EN,Towers with Display (VFR),0,49,27,0,76,0,0,18,0,18,0,49,45,0,94,0,0,0,94
10/13/2003,ACK,MA,ANE,EN,Towers with Display (VFR),0,92,38,0,130,0,353,159,0,512,0,445,197,0,642,0,0,0,642
10/14/2003,ACK,MA,ANE,EN,Towers with Display (VFR),0,26,11,0,37,0,268,103,0,371,0,294,114,0,408,32,0,32,440
10/15/2003,ACK,MA,ANE,EN,Towers with Display (VFR),0,60,25,0,85,0,152,18,0,170,0,212,43,0,255,0,2,2,257
10/16/2003,ACK,MA,ANE,EN,Towers with Display (VFR),0,41,17,0,58,0,259,111,0,370,0,300,128,0,428,0,0,0,428
10/17/2003,ACK,MA,ANE,EN,Towers with Display (VFR),0,42,17,0,59,0,320,119,0,439,0,362,136,0,498,0,0,0,498
10/18/2003,ACK,MA,ANE,EN,Towers with Display (VFR),0,53,22,0,75,0,170,89,0,259,0,223,111,0,334,4,0,4,338
10/19/2003,ACK,MA,ANE,EN,Towers with Display (VFR),0,87,35,0,122,0,142,59,0,201,0,229,94,0,323,0,0,0,323
10/20/2003,ACK,MA,ANE,EN,Towers with Display (VFR),0,32,13,0,45,0,243,98,0,341,0,275,111,0,386,50,0,50,436
10/21/2003,ACK,MA,ANE,EN,Towers with Display (VFR),0,37,15,1,53,0,174,36,1,211,0,211,51,2,264,0,0,0,264
10/22/2003,ACK,MA,ANE,EN,Towers with Display (VFR),0,121,45,3,169,0,145,0,0,145,0,266,45,3,314,0,22,22,336
10/23/2003,ACK,MA,ANE,EN,Towers with Display (VFR),0,49,20,1,70,0,240,77,5,322,0,289,97,6,392,32,0,32,424
10/24/2003,ACK,MA,ANE,EN,Towers with Display (VFR),0,43,18,0,61,0,298,146,0,444,0,341,164,0,505,18,0,18,523
10/25/2003,ACK,MA,ANE,EN,Towers with Display (VFR),0,27,11,0,38,0,237,165,0,402,0,264,176,0,440,8,0,8,448
10/26/2003,ACK,MA,ANE,EN,Towers with Display (VFR),0,66,27,2,95,0,195,87,0,282,0,261,114,2,377,0,4,4,381
10/27/2003,ACK,MA,ANE,EN,Towers with Display (VFR),0,111,45,4,160,0,116,14,4,134,0,227,59,8,294,0,0,0,294
10/28/2003,ACK,MA,ANE,EN,Towers with Display (VFR),0,25,10,0,35,0,228,81,0,309,0,253,91,0,344,0,0,0,344
10/29/2003,ACK,MA,ANE,EN,Towers with Display (VFR),0,124,22,0,146,0,71,0,0,71,0,195,22,0,217,0,0,0,217
10/30/2003,ACK,MA,ANE,EN,Towers with Display (VFR),0,27,11,0,38,0,232,137,0,369,0,259,148,0,407,0,0,0,407
10/31/2003,ACK,MA,ANE,EN,Towers with Display (VFR),0,27,11,0,38,0,231,125,0,356,0,258,136,0,394,26,2,28,422
11/01/2003,ACK,MA,ANE,EN,Towers with Display (VFR),0,36,12,0,48,0,169,141,4,314,0,205,153,4,362,0,32,32,394
11/02/2003,ACK,MA,ANE,EN,Towers with Display (VFR),0,48,16,0,64,0,166,99,6,271,0,214,115,6,335,10,0,10,345
11/03/2003,ACK,MA,ANE,EN,Towers with Display (VFR),0,79,27,0,106,0,184,44,0,228,0,263,71,0,334,8,0,8,342
11/04/2003,ACK,MA,ANE,EN,Towers with Display (VFR),0,151,30,0,181,0,45,0,0,45,0,196,30,0,226,0,0,0,226
11/05/2003,ACK,MA,ANE,EN,Towers with Display (VFR),0,78,14,0,92,0,12,0,0,12,0,90,14,0,104,0,0,0,104
11/06/2003,ACK,MA,ANE,EN,Towers with Display (VFR),0,60,20,0,80,0,136,86,0,222,0,196,106,0,302,0,0,0,302
11/07/2003,ACK,MA,ANE,EN,Towers with Display (VFR),0,87,30,0,117,0,188,116,0,304,0,275,146,0,421,0,0,0,421
11/08/2003,ACK,MA,ANE,EN,Towers with Display (VFR),0,22,8,0,30,0,178,91,0,269,0,200,99,0,299,0,0,0,299
11/09/2003,ACK,MA,ANE,EN,Towers with Display (VFR),0,41,13,1,55,0,144,140,3,287,0,185,153,4,342,6,0,6,348
11/10/2003,ACK,MA,ANE,EN,Towers with Display (VFR),0,17,5,0,22,0,224,90,0,314,0,241,95,0,336,12,0,12,348
11/11/2003,ACK,MA,ANE,EN,Towers with Display (VFR),0,20,6,0,26,0,202,65,0,267,0,222,71,0,293,0,0,0,293
11/12/2003,ACK,MA,ANE,EN,Towers with Display (VFR),0,158,26,2,186,0,34,0,3,37,0,192,26,5,223,0,0,0,223
11/13/2003,ACK,MA,ANE,EN,Towers with Display (VFR),0,43,14,0,57,0,107,8,0,115,0,150,22,0,172,0,0,0,172
11/14/2003,ACK,MA,ANE,EN,Towers with Display (VFR),0,15,5,1,21,0,180,33,5,218,0,195,38,6,239,0,0,0,239
11/15/2003,ACK,MA,ANE,EN,Towers with Display (VFR),0,17,5,1,23,0,162,72,3,237,0,179,77,4,260,0,0,0,260
11/16/2003,ACK,MA,ANE,EN,Towers with Display (VFR),0,30,9,0,39,0,160,142,0,302,0,190,151,0,341,0,0,0,341
11/17/2003,ACK,MA,ANE,EN,Towers with Display (VFR),0,26,8,1,35,0,186,55,7,248,0,212,63,8,283,0,4,4,287
11/18/2003,ACK,MA,ANE,EN,Towers with Display (VFR),0,20,6,1,27,0,220,71,7,298,0,240,77,8,325,0,0,0,325
11/19/2003,ACK,MA,ANE,EN,Towers with Display (VFR),0,78,25,0,103,0,144,29,0,173,0,222,54,0,276,0,0,0,276
11/20/2003,ACK,MA,ANE,EN,Towers with Display (VFR),0,150,26,0,176,0,28,0,0,28,0,178,26,0,204,0,0,0,204
11/21/2003,ACK,MA,ANE,EN,Towers with Display (VFR),0,196,42,0,238,0,33,0,0,33,0,229,42,0,271,0,0,0,271
11/22/2003,ACK,MA,ANE,EN,Towers with Display (VFR),0,24,7,0,31,0,218,118,0,336,0,242,125,0,367,0,0,0,367
11/23/2003,ACK,MA,ANE,EN,Towers with Display (VFR),0,37,11,0,48,0,146,112,0,258,0,183,123,0,306,0,0,0,306
11/24/2003,ACK,MA,ANE,EN,Towers with Display (VFR),0,179,37,1,217,0,20,0,1,21,0,199,37,2,238,0,0,0,238
11/25/2003,ACK,MA,ANE,EN,Towers with Display (VFR),0,63,20,0,83,0,210,75,2,287,0,273,95,2,370,0,0,0,370
11/26/2003,ACK,MA,ANE,EN,Towers with Display (VFR),0,63,20,0,83,0,314,150,0,464,0,377,170,0,547,0,0,0,547
11/27/2003,ACK,MA,ANE,EN,Towers with Display (VFR),0,19,6,0,25,0,127,26,0,153,0,146,32,0,178,0,0,0,178
11/28/2003,ACK,MA,ANE,EN,Towers with Display (VFR),0,99,34,0,133,0,0,5,0,5,0,99,39,0,138,0,0,0,138
11/29/2003,ACK,MA,ANE,EN,Towers with Display (VFR),0,31,10,0,41,0,268,57,0,325,0,299,67,0,366,0,0,0,366
11/30/2003,ACK,MA,ANE,EN,Towers with Display (VFR),0,85,27,0,112,0,286,146,0,432,0,371,173,0,544,0,0,0,544
12/01/2003,ACK,MA,ANE,EN,Towers with Display (VFR),0,27,9,0,36,0,200,44,0,244,0,227,53,0,280,0,0,0,280
12/02/2003,ACK,MA,ANE,EN,Towers with Display (VFR),0,23,8,0,31,0,239,38,0,277,0,262,46,0,308,0,0,0,308
12/03/2003,ACK,MA,ANE,EN,Towers with Display (VFR),0,25,9,0,34,0,179,41,0,220,0,204,50,0,254,36,0,36,290
12/04/2003,ACK,MA,ANE,EN,Towers with Display (VFR),0,59,18,0,77,0,232,108,0,340,0,291,126,0,417,0,0,0,417
12/05/2003,ACK,MA,ANE,EN,Towers with Display (VFR),0,100,31,1,132,0,190,75,1,266,0,290,106,2,398,0,0,0,398
12/06/2003,ACK,MA,ANE,EN,Towers with Display (VFR),0,69,10,0,79,0,12,0,0,12,0,81,10,0,91,0,0,0,91
12/07/2003,ACK,MA,ANE,EN,Towers with Display (VFR),0,8,6,0,14,0,0,14,0,14,0,8,20,0,28,0,0,0,28
12/08/2003,ACK,MA,ANE,EN,Towers with Display (VFR),0,83,25,1,109,0,363,126,3,492,0,446,151,4,601,6,0,6,607
12/09/2003,ACK,MA,ANE,EN,Towers with Display (VFR),0,32,10,0,42,0,209,82,0,291,0,241,92,0,333,16,4,20,353
12/10/2003,ACK,MA,ANE,EN,Towers with Display (VFR),0,27,8,0,35,0,235,87,0,322,0,262,95,0,357,0,0,0,357
12/11/2003,ACK,MA,ANE,EN,Towers with Display (VFR),0,80,25,0,105,0,115,27,0,142,0,195,52,0,247,0,0,0,247
12/12/2003,ACK,MA,ANE,EN,Towers with Display (VFR),0,22,7,1,30,0,233,59,0,292,0,255,66,1,322,0,0,0,322
12/13/2003,ACK,MA,ANE,EN,Towers with Display (VFR),0,22,6,0,28,0,190,128,0,318,0,212,134,0,346,0,0,0,346
12/14/2003,ACK,MA,ANE,EN,Towers with Display (VFR),0,25,8,0,33,0,113,36,0,149,0,138,44,0,182,8,0,8,190
12/15/2003,ACK,MA,ANE,EN,Towers with Display (VFR),0,80,20,0,100,0,97,0,2,99,0,177,20,2,199,0,2,2,201
12/16/2003,ACK,MA,ANE,EN,Towers with Display (VFR),0,20,6,0,26,0,199,71,0,270,0,219,77,0,296,0,0,0,296
12/17/2003,ACK,MA,ANE,EN,Towers with Display (VFR),0,29,8,0,37,0,180,32,0,212,0,209,40,0,249,0,0,0,249
12/18/2003,ACK,MA,ANE,EN,Towers with Display (VFR),0,27,8,0,35,0,212,32,0,244,0,239,40,0,279,0,0,0,279
12/19/2003,ACK,MA,ANE,EN,Towers with Display (VFR),0,30,9,0,39,0,239,91,4,334,0,269,100,4,373,0,0,0,373
12/20/2003,ACK,MA,ANE,EN,Towers with Display (VFR),0,20,6,0,26,0,177,90,2,269,0,197,96,2,295,0,0,0,295
12/21/2003,ACK,MA,ANE,EN,Towers with Display (VFR),0,19,5,0,24,0,165,52,0,217,0,184,57,0,241,0,0,0,241
12/22/2003,ACK,MA,ANE,EN,Towers with Display (VFR),0,21,6,0,27,0,225,50,0,275,0,246,56,0,302,20,0,20,322
12/23/2003,ACK,MA,ANE,EN,Towers with Display (VFR),0,32,10,0,42,0,253,55,1,309,0,285,65,1,351,2,12,14,365
12/24/2003,ACK,MA,ANE,EN,Towers with Display (VFR),0,90,28,0,118,0,93,13,0,106,0,183,41,0,224,0,0,0,224
12/25/2003,ACK,MA,ANE,EN,Towers with Display (VFR),0,42,13,0,55,0,45,0,0,45,0,87,13,0,100,0,0,0,100
12/26/2003,ACK,MA,ANE,EN,Towers with Display (VFR),0,39,12,0,51,0,172,37,0,209,0,211,49,0,260,44,0,44,304
12/27/2003,ACK,MA,ANE,EN,Towers with Display (VFR),0,22,6,0,28,0,153,106,0,259,0,175,112,0,287,0,0,0,287
12/28/2003,ACK,MA,ANE,EN,Towers with Display (VFR),0,26,7,0,33,0,159,114,2,275,0,185,121,2,308,0,0,0,308
12/29/2003,ACK,MA,ANE,EN,Towers with Display (VFR),0,23,6,0,29,0,190,95,2,287,0,213,101,2,316,0,0,0,316
12/30/2003,ACK,MA,ANE,EN,Towers with Display (VFR),0,52,16,0,68,0,176,41,0,217,0,228,57,0,285,0,0,0,285
12/31/2003,ACK,MA,ANE,EN,Towers with Display (VFR),0,23,6,0,29,0,187,75,0,262,0,210,81,0,291,0,0,0,291
01/01/2004,ACK,MA,ANE,EN,Towers with Display (VFR),0,16,3,0,19,0,106,47,0,153,0,122,50,0,172,8,0,8,180
01/02/2004,ACK,MA,ANE,EN,Towers with Display (VFR),0,86,14,0,100,0,110,25,0,135,0,196,39,0,235,0,0,0,235
01/03/2004,ACK,MA,ANE,EN,Towers with Display (VFR),0,122,21,0,143,0,58,6,0,64,0,180,27,0,207,0,0,0,207
01/04/2004,ACK,MA,ANE,EN,Towers with Display (VFR),0,40,7,0,47,0,105,45,0,150,0,145,52,0,197,0,0,0,197
01/05/2004,ACK,MA,ANE,EN,Towers with Display (VFR),0,159,22,4,185,0,6,0,0,6,0,165,22,4,191,0,0,0,191
01/06/2004,ACK,MA,ANE,EN,Towers with Display (VFR),0,27,5,1,33,0,199,65,1,265,0,226,70,2,298,4,0,4,302
01/07/2004,ACK,MA,ANE,EN,Towers with Display (VFR),0,22,4,1,27,0,193,47,7,247,0,215,51,8,274,8,0,8,282
01/08/2004,ACK,MA,ANE,EN,Towers with Display (VFR),0,10,2,0,12,0,275,53,0,328,0,285,55,0,340,6,0,6,346
01/09/2004,ACK,MA,ANE,EN,Towers with Display (VFR),0,32,5,0,37,0,216,54,0,270,0,248,59,0,307,0,0,0,307
01/10/2004,ACK,MA,ANE,EN,Towers with Display (VFR),0,66,11,2,79,0,97,30,0,127,0,163,41,2,206,0,0,0,206
01/11/2004,ACK,MA,ANE,EN,Towers with Display (VFR),0,20,3,0,23,0,121,46,0,167,0,141,49,0,190,8,0,8,198
01/12/2004,ACK,MA,ANE,EN,Towers with Display (VFR),0,61,11,0,72,0,86,10,0,96,0,147,21,0,168,0,0,0,168
01/13/2004,ACK,MA,ANE,EN,Towers with Display (VFR),0,33,5,1,39,0,170,62,0,232,0,203,67,1,271,2,9,11,282
01/14/2004,ACK,MA,ANE,EN,Towers with Display (VFR),0,22,4,1,27,0,170,36,6,212,0,192,40,7,239,6,0,6,245
01/15/2004,ACK,MA,ANE,EN,Towers with Display (VFR),0,25,4,0,29,0,76,5,0,81,0,101,9,0,110,0,0,0,110
01/16/2004,ACK,MA,ANE,EN,Towers with Display (VFR),0,24,4,0,28,0,197,28,0,225,0,221,32,0,253,0,0,0,253
01/17/2004,ACK,MA,ANE,EN,Towers with Display (VFR),0,10,0,0,10,0,172,69,0,241,0,182,69,0,251,2,0,2,253
01/18/2004,ACK,MA,ANE,EN,Towers with Display (VFR),0,105,4,0,109,0,16,0,0,16,0,121,4,0,125,0,0,0,125
01/19/2004,ACK,MA,ANE,EN,Towers with Display (VFR),0,21,3,0,24,0,239,57,0,296,0,260,60,0,320,0,0,0,320
01/20/2004,ACK,MA,ANE,EN,Towers with Display (VFR),0,32,6,0,38,0,205,46,8,259,0,237,52,8,297,0,0,0,297
01/21/2004,ACK,MA,ANE,EN,Towers with Display (VFR),0,25,4,0,29,0,221,55,7,283,0,246,59,7,312,6,4,10,322
01/22/2004,ACK,MA,ANE,EN,Towers with Display (VFR),0,56,10,1,67,0,187,52,7,246,0,243,62,8,313,0,8,8,321
01/23/2004,ACK,MA,ANE,EN,Towers with Display (VFR),0,27,5,0,32,0,218,44,2,264,0,245,49,2,296,6,0,6,302
01/24/2004,ACK,MA,ANE,EN,Towers with Display (VFR),0,21,3,0,24,0,210,37,4,251,0,231,40,4,275,0,0,0,275
01/25/2004,ACK,MA,ANE,EN,Towers with Display (VFR),0,17,3,0,20,0,231,25,0,256,0,248,28,0,276,0,0,0,276
01/26/2004,ACK,MA,ANE,EN,Towers with Display (VFR),0,20,3,0,23,0,250,46,0,296,0,270,49,0,319,0,2,2,321
01/27/2004,ACK,MA,ANE,EN,Towers with Display (VFR),0,22,4,0,26,0,212,40,0,252,0,234,44,0,278,0,12,12,290
01/28/2004,ACK,MA,ANE,EN,Towers with Display (VFR),0,31,0,0,31,0,5,0,0,5,0,36,0,0,36,0,0,0,36
01/29/2004,ACK,MA,ANE,EN,Towers with Display (VFR),0,21,4,0,25,0,205,38,2,245,0,226,42,2,270,0,2,2,272
01/30/2004,ACK,MA,ANE,EN,Towers with Display (VFR),0,21,4,0,25,0,257,45,0,302,0,278,49,0,327,0,6,6,333
01/31/2004,ACK,MA,ANE,EN,Towers with Display (VFR),0,21,3,0,24,0,161,40,0,201,0,182,43,0,225,0,0,0,225
02/01/2004,ACK,MA,ANE,EN,Towers with Display (VFR),0,18,5,0,23,0,168,72,0,240,0,186,77,0,263,0,0,0,263
02/02/2004,ACK,MA,ANE,EN,Towers with Display (VFR),0,23,6,0,29,0,220,81,0,301,0,243,87,0,330,0,2,2,332
02/03/2004,ACK,MA,ANE,EN,Towers with Display (VFR),0,33,10,2,45,0,216,33,0,249,0,249,43,2,294,14,2,16,310
02/04/2004,ACK,MA,ANE,EN,Towers with Display (VFR),0,15,5,0,20,0,246,62,0,308,0,261,67,0,328,0,0,0,328
02/05/2004,ACK,MA,ANE,EN,Towers with Display (VFR),0,15,3,0,18,0,239,65,0,304,0,254,68,0,322,0,0,0,322
02/06/2004,ACK,MA,ANE,EN,Towers with Display (VFR),0,88,23,2,113,0,57,2,0,59,0,145,25,2,172,0,0,0,172
02/07/2004,ACK,MA,ANE,EN,Towers with Display (VFR),0,138,14,0,152,0,22,0,0,22,0,160,14,0,174,0,0,0,174
02/08/2004,ACK,MA,ANE,EN,Towers with Display (VFR),0,15,4,1,20,0,165,27,0,192,0,180,31,1,212,0,0,0,212
02/09/2004,ACK,MA,ANE,EN,Towers with Display (VFR),0,16,4,0,20,0,234,59,0,293,0,250,63,0,313,4,0,4,317
02/10/2004,ACK,MA,ANE,EN,Towers with Display (VFR),0,23,5,2,30,0,201,70,0,271,0,224,75,2,301,0,0,0,301
02/11/2004,ACK,MA,ANE,EN,Towers with Display (VFR),0,19,5,2,26,0,202,72,0,274,0,221,77,2,300,0,0,0,300
02/12/2004,ACK,MA,ANE,EN,Towers with Display (VFR),0,18,5,3,26,0,214,64,5,283,0,232,69,8,309,0,10,10,319
02/13/2004,ACK,MA,ANE,EN,Towers with Display (VFR),0,20,5,3,28,0,257,73,1,331,0,277,78,4,359,12,0,12,371
02/14/2004,ACK,MA,ANE,EN,Towers with Display (VFR),0,16,4,2,22,0,166,86,0,252,0,182,90,2,274,0,0,0,274
02/15/2004,ACK,MA,ANE,EN,Towers with Display (VFR),0,19,5,0,24,0,140,15,0,155,0,159,20,0,179,0,0,0,179
02/16/2004,ACK,MA,ANE,EN,Towers with Display (VFR),0,24,6,2,32,0,199,77,0,276,0,223,83,2,308,0,0,0,308
02/17/2004,ACK,MA,ANE,EN,Towers with Display (VFR),0,18,4,2,24,0,197,60,3,260,0,215,64,5,284,4,0,4,288
02/18/2004,ACK,MA,ANE,EN,Towers with Display (VFR),0,1,0,0,1,0,0,0,0,0,0,1,0,0,1,0,0,0,1
02/19/2004,ACK,MA,ANE,EN,Towers with Display (VFR),0,16,4,0,20,0,232,55,0,287,0,248,59,0,307,2,0,2,309
02/20/2004,ACK,MA,ANE,EN,Towers with Display (VFR),0,24,5,0,29,0,282,77,0,359,0,306,82,0,388,0,0,0,388
02/21/2004,ACK,MA,ANE,EN,Towers with Display (VFR),0,81,21,0,102,0,81,6,0,87,0,162,27,0,189,6,0,6,195
02/22/2004,ACK,MA,ANE,EN,Towers with Display (VFR),0,30,8,0,38,0,126,25,0,151,0,156,33,0,189,0,0,0,189
02/23/2004,ACK,MA,ANE,EN,Towers with Display (VFR),0,16,3,0,19,0,210,47,0,257,0,226,50,0,276,0,4,4,280
02/24/2004,ACK,MA,ANE,EN,Towers with Display (VFR),0,58,14,4,76,0,177,42,0,219,0,235,56,4,295,0,0,0,295
02/25/2004,ACK,MA,ANE,EN,Towers with Display (VFR),0,16,3,0,19,0,231,55,0,286,0,247,58,0,305,22,0,22,327
02/26/2004,ACK,MA,ANE,EN,Towers with Display (VFR),0,19,4,0,23,0,240,81,0,321,0,259,85,0,344,28,0,28,372
02/27/2004,ACK,MA,ANE,EN,Towers with Display (VFR),0,30,8,2,40,0,239,79,0,318,0,269,87,2,358,0,0,0,358
02/28/2004,ACK,MA,ANE,EN,Towers with Display (VFR),0,21,5,0,26,0,207,115,0,322,0,228,120,0,348,12,0,12,360
02/29/2004,ACK,MA,ANE,EN,Towers with Display (VFR),0,26,6,0,32,0,184,95,0,279,0,210,101,0,311,6,0,6,317
03/01/2004,ACK,MA,ANE,EN,Towers with Display (VFR),0,22,6,0,28,0,199,60,0,259,0,221,66,0,287,0,0,0,287
03/02/2004,ACK,MA,ANE,EN,Towers with Display (VFR),0,104,25,0,129,0,102,9,0,111,0,206,34,0,240,0,0,0,240
03/03/2004,ACK,MA,ANE,EN,Towers with Display (VFR),0,28,7,0,35,0,245,101,0,346,0,273,108,0,381,0,0,0,381
03/04/2004,ACK,MA,ANE,EN,Towers with Display (VFR),0,76,19,0,95,0,157,30,0,187,0,233,49,0,282,0,0,0,282
03/05/2004,ACK,MA,ANE,EN,Towers with Display (VFR),0,110,27,0,137,0,123,2,0,125,0,233,29,0,262,0,0,0,262
03/06/2004,ACK,MA,ANE,EN,Towers with Display (VFR),0,63,9,0,72,0,6,0,0,6,0,69,9,0,78,0,0,0,78
03/07/2004,ACK,MA,ANE,EN,Towers with Display (VFR),0,21,4,0,25,0,185,90,0,275,0,206,94,0,300,0,0,0,300
03/08/2004,ACK,MA,ANE,EN,Towers with Display (VFR),0,85,19,0,104,0,111,3,0,114,0,196,22,0,218,0,0,0,218
03/09/2004,ACK,MA,ANE,EN,Towers with Display (VFR),0,33,7,0,40,0,172,39,0,211,0,205,46,0,251,6,0,6,257
03/10/2004,ACK,MA,ANE,EN,Towers with Display (VFR),0,24,5,0,29,0,238,46,0,284,0,262,51,0,313,0,2,2,315
03/11/2004,ACK,MA,ANE,EN,Towers with Display (VFR),0,38,8,0,46,0,75,22,0,97,0,113,30,0,143,0,0,0,143
03/12/2004,ACK,MA,ANE,EN,Towers with Display (VFR),0,43,10,0,53,0,250,62,0,312,0,293,72,0,365,0,0,0,365
03/13/2004,ACK,MA,ANE,EN,Towers with Display (VFR),0,9,2,0,11,0,192,58,0,250,0,201,60,0,261,0,0,0,261
03/14/2004,ACK,MA,ANE,EN,Towers with Display (VFR),0,25,6,0,31,0,175,112,0,287,0,200,118,0,318,8,0,8,326
03/15/2004,ACK,MA,ANE,EN,Towers with Display (VFR),0,24,5,0,29,0,238,41,0,279,0,262,46,0,308,10,0,10,318
03/16/2004,ACK,MA,ANE,EN,Towers with Display (VFR),0,29,6,0,35,0,101,27,0,128,0,130,33,0,163,0,0,0,163
03/17/2004,ACK,MA,ANE,EN,Towers with Display (VFR),0,53,12,1,66,0,116,6,3,125,0,169,18,4,191,0,0,0,191
03/18/2004,ACK,MA,ANE,EN,Towers with Display (VFR),0,42,9,0,51,0,168,28,0,196,0,210,37,0,247,0,0,0,247
03/19/2004,ACK,MA,ANE,EN,Towers with Display (VFR),0,16,3,0,19,0,7,4,0,11,0,23,7,0,30,0,0,0,30
03/20/2004,ACK,MA,ANE,EN,Towers with Display (VFR),0,25,5,0,30,0,175,56,0,231,0,200,61,0,261,0,0,0,261
03/21/2004,ACK,MA,ANE,EN,Towers with Display (VFR),0,56,12,0,68,0,101,32,0,133,0,157,44,0,201,6,0,6,207
03/22/2004,ACK,MA,ANE,EN,Towers with Display (VFR),0,17,3,0,20,0,229,50,0,279,0,246,53,0,299,0,0,0,299
03/23/2004,ACK,MA,ANE,EN,Towers with Display (VFR),0,18,3,0,21,0,221,60,2,283,0,239,63,2,304,0,2,2,306
03/24/2004,ACK,MA,ANE,EN,Towers with Display (VFR),0,17,3,0,20,0,218,90,0,308,0,235,93,0,328,44,0,44,372
03/25/2004,ACK,MA,ANE,EN,Towers with Display (VFR),0,36,8,0,44,0,255,60,0,315,0,291,68,0,359,0,0,0,359
03/26/2004,ACK,MA,ANE,EN,Towers with Display (VFR),0,207,47,1,255,0,78,38,9,125,0,285,85,10,380,0,0,0,380
03/27/2004,ACK,MA,ANE,EN,Towers with Display (VFR),0,24,5,0,29,0,5,11,0,16,0,29,16,0,45,0,0,0,45
03/28/2004,ACK,MA,ANE,EN,Towers with Display (VFR),0,110,11,0,121,0,26,0,0,26,0,136,11,0,147,0,0,0,147
03/29/2004,ACK,MA,ANE,EN,Towers with Display (VFR),0,44,10,0,54,0,203,49,2,254,0,247,59,2,308,0,0,0,308
03/30/2004,ACK,MA,ANE,EN,Towers with Display (VFR),0,81,18,0,99,0,158,38,0,196,0,239,56,0,295,28,0,28,323
03/31/2004,ACK,MA,ANE,EN,Towers with Display (VFR),0,107,25,0,132,0,20,0,0,20,0,127,25,0,152,0,0,0,152
04/01/2004,ACK,MA,ANE,EN,Towers with Display (VFR),0,37,12,0,49,0,43,1,0,44,0,80,13,0,93,0,0,0,93
04/02/2004,ACK,MA,ANE,EN,Towers with Display (VFR),0,89,18,0,107,0,13,0,0,13,0,102,18,0,120,0,0,0,120
04/03/2004,ACK,MA,ANE,EN,Towers with Display (VFR),0,1,3,0,4,0,0,6,0,6,0,1,9,0,10,0,0,0,10
04/04/2004,ACK,MA,ANE,EN,Towers with Display (VFR),0,92,23,0,115,0,50,0,0,50,0,142,23,0,165,2,0,2,167
04/05/2004,ACK,MA,ANE,EN,Towers with Display (VFR),0,66,22,0,88,0,159,23,0,182,0,225,45,0,270,0,0,0,270
04/06/2004,ACK,MA,ANE,EN,Towers with Display (VFR),0,19,7,0,26,0,236,71,2,309,0,255,78,2,335,6,0,6,341
04/07/2004,ACK,MA,ANE,EN,Towers with Display (VFR),0,21,8,0,29,0,261,65,2,328,0,282,73,2,357,0,2,2,359
04/08/2004,ACK,MA,ANE,EN,Towers with Display (VFR),0,31,9,0,40,0,257,105,0,362,0,288,114,0,402,0,0,0,402
04/09/2004,ACK,MA,ANE,EN,Towers with Display (VFR),0,36,11,0,47,0,297,76,0,373,0,333,87,0,420,0,0,0,420
04/10/2004,ACK,MA,ANE,EN,Towers with Display (VFR),0,35,11,1,47,0,156,153,3,312,0,191,164,4,359,0,0,0,359
04/11/2004,ACK,MA,ANE,EN,Towers with Display (VFR),0,51,16,0,67,0,137,36,0,173,0,188,52,0,240,0,0,0,240
04/12/2004,ACK,MA,ANE,EN,Towers with Display (VFR),0,216,48,0,264,0,32,0,0,32,0,248,48,0,296,0,0,0,296
04/13/2004,ACK,MA,ANE,EN,Towers with Display (VFR),0,25,7,0,32,0,2,0,0,2,0,27,7,0,34,0,0,0,34
04/14/2004,ACK,MA,ANE,EN,Towers with Display (VFR),0,38,12,0,50,0,13,5,0,18,0,51,17,0,68,0,0,0,68
04/15/2004,ACK,MA,ANE,EN,Towers with Display (VFR),0,83,27,0,110,0,163,19,0,182,0,246,46,0,292,0,0,0,292
04/16/2004,ACK,MA,ANE,EN,Towers with Display (VFR),0,21,6,0,27,0,315,79,0,394,0,336,85,0,421,0,0,0,421
04/17/2004,ACK,MA,ANE,EN,Towers with Display (VFR),0,23,7,0,30,0,182,92,0,274,0,205,99,0,304,0,0,0,304
04/18/2004,ACK,MA,ANE,EN,Towers with Display (VFR),0,18,5,0,23,0,157,84,0,241,0,175,89,0,264,0,10,10,274
04/19/2004,ACK,MA,ANE,EN,Towers with Display (VFR),0,46,14,0,60,0,139,31,2,172,0,185,45,2,232,0,0,0,232
04/20/2004,ACK,MA,ANE,EN,Towers with Display (VFR),0,19,5,0,24,0,246,76,0,322,0,265,81,0,346,0,0,0,346
04/21/2004,ACK,MA,ANE,EN,Towers with Display (VFR),0,18,5,0,23,0,253,76,0,329,0,271,81,0,352,0,0,0,352
04/22/2004,ACK,MA,ANE,EN,Towers with Display (VFR),0,169,53,1,223,0,69,1,3,73,0,238,54,4,296,0,0,0,296
04/23/2004,ACK,MA,ANE,EN,Towers with Display (VFR),0,159,50,0,209,0,206,73,4,283,0,365,123,4,492,0,0,0,492
04/24/2004,ACK,MA,ANE,EN,Towers with Display (VFR),0,76,24,0,100,0,123,93,0,216,0,199,117,0,316,8,0,8,324
04/25/2004,ACK,MA,ANE,EN,Towers with Display (VFR),0,52,16,0,68,0,284,202,0,486,0,336,218,0,554,0,0,0,554
04/26/2004,ACK,MA,ANE,EN,Towers with Display (VFR),0,132,42,0,174,0,102,10,0,112,0,234,52,0,286,0,0,0,286
04/27/2004,ACK,MA,ANE,EN,Towers with Display (VFR),0,36,11,0,47,0,38,3,0,41,0,74,14,0,88,0,0,0,88
04/28/2004,ACK,MA,ANE,EN,Towers with Display (VFR),0,77,24,0,101,0,180,57,0,237,0,257,81,0,338,0,0,0,338
04/29/2004,ACK,MA,ANE,EN,Towers with Display (VFR),0,28,9,0,37,0,289,97,0,386,0,317,106,0,423,8,0,8,431
04/30/2004,ACK,MA,ANE,EN,Towers with Display (VFR),0,47,15,0,62,0,262,108,0,370,0,309,123,0,432,14,0,14,446
05/01/2004,ACK,MA,ANE,EN,Towers with Display (VFR),0,17,7,0,24,0,183,117,0,300,0,200,124,0,324,10,0,10,334
05/02/2004,ACK,MA,ANE,EN,Towers with Display (VFR),0,98,37,0,135,0,66,15,0,81,0,164,52,0,216,8,0,8,224
05/03/2004,ACK,MA,ANE,EN,Towers with Display (VFR),0,0,1,0,1,0,0,5,0,5,0,0,6,0,6,0,0,0,6
05/04/2004,ACK,MA,ANE,EN,Towers with Display (VFR),0,48,17,1,66,0,241,51,3,295,0,289,68,4,361,6,0,6,367
05/05/2004,ACK,MA,ANE,EN,Towers with Display (VFR),0,24,9,1,34,0,231,68,3,302,0,255,77,4,336,0,0,0,336
05/06/2004,ACK,MA,ANE,EN,Towers with Display (VFR),0,27,10,0,37,0,270,97,0,367,0,297,107,0,404,36,0,36,440
05/07/2004,ACK,MA,ANE,EN,Towers with Display (VFR),0,32,11,0,43,0,319,86,0,405,0,351,97,0,448,0,0,0,448
05/08/2004,ACK,MA,ANE,EN,Towers with Display (VFR),0,22,8,0,30,0,186,110,0,296,0,208,118,0,326,0,0,0,326
05/09/2004,ACK,MA,ANE,EN,Towers with Display (VFR),0,82,30,0,112,0,94,23,0,117,0,176,53,0,229,0,0,0,229
05/10/2004,ACK,MA,ANE,EN,Towers with Display (VFR),0,92,34,1,127,0,115,27,0,142,0,207,61,1,269,0,0,0,269
05/11/2004,ACK,MA,ANE,EN,Towers with Display (VFR),0,44,16,0,60,0,216,72,0,288,0,260,88,0,348,0,0,0,348
05/12/2004,ACK,MA,ANE,EN,Towers with Display (VFR),0,31,11,0,42,0,241,101,0,342,0,272,112,0,384,0,2,2,386
05/13/2004,ACK,MA,ANE,EN,Towers with Display (VFR),0,178,39,0,217,0,77,0,0,77,0,255,39,0,294,0,0,0,294
05/14/2004,ACK,MA,ANE,EN,Towers with Display (VFR),0,91,33,0,124,0,61,0,0,61,0,152,33,0,185,0,0,0,185
05/15/2004,ACK,MA,ANE,EN,Towers with Display (VFR),0,91,34,0,125,0,97,37,0,134,0,188,71,0,259,0,0,0,259
05/16/2004,ACK,MA,ANE,EN,Towers with Display (VFR),0,173,64,0,237,0,79,12,0,91,0,252,76,0,328,0,0,0,328
05/17/2004,ACK,MA,ANE,EN,Towers with Display (VFR),0,244,42,0,286,0,50,0,0,50,0,294,42,0,336,0,0,0,336
05/18/2004,ACK,MA,ANE,EN,Towers with Display (VFR),0,203,55,0,258,0,76,0,0,76,0,279,55,0,334,0,0,0,334
05/19/2004,ACK,MA,ANE,EN,Towers with Display (VFR),0,114,41,0,155,0,215,32,0,247,0,329,73,0,402,0,0,0,402
05/20/2004,ACK,MA,ANE,EN,Towers with Display (VFR),0,75,27,0,102,0,306,111,0,417,0,381,138,0,519,0,0,0,519
05/21/2004,ACK,MA,ANE,EN,Towers with Display (VFR),0,217,80,0,297,0,162,38,0,200,0,379,118,0,497,0,0,0,497
05/22/2004,ACK,MA,ANE,EN,Towers with Display (VFR),0,105,23,0,128,2,14,0,0,16,2,119,23,0,144,0,0,0,144
05/23/2004,ACK,MA,ANE,EN,Towers with Display (VFR),0,203,74,0,277,0,96,17,0,113,0,299,91,0,390,0,0,0,390
05/24/2004,ACK,MA,ANE,EN,Towers with Display (VFR),0,177,42,1,220,0,67,0,3,70,0,244,42,4,290,0,0,0,290
05/25/2004,ACK,MA,ANE,EN,Towers with Display (VFR),0,254,71,0,325,0,48,0,0,48,0,302,71,0,373,0,0,0,373
05/26/2004,ACK,MA,ANE,EN,Towers with Display (VFR),0,202,61,0,263,0,110,0,0,110,0,312,61,0,373,0,0,0,373
05/27/2004,ACK,MA,ANE,EN,Towers with Display (VFR),0,248,90,0,338,0,164,55,0,219,0,412,145,0,557,0,0,0,557
05/28/2004,ACK,MA,ANE,EN,Towers with Display (VFR),0,382,147,0,529,0,0,24,0,24,0,382,171,0,553,0,0,0,553
05/29/2004,ACK,MA,ANE,EN,Towers with Display (VFR),0,63,23,0,86,0,311,254,0,565,0,374,277,0,651,8,0,8,659
05/30/2004,ACK,MA,ANE,EN,Towers with Display (VFR),0,43,15,0,58,0,232,215,0,447,0,275,230,0,505,0,0,0,505
05/31/2004,ACK,MA,ANE,EN,Towers with Display (VFR),0,169,61,0,230,0,383,235,0,618,0,552,296,0,848,0,0,0,848
06/01/2004,ACK,MA,ANE,EN,Towers with Display (VFR),0,259,74,0,333,0,69,0,0,69,0,328,74,0,402,0,0,0,402
06/02/2004,ACK,MA,ANE,EN,Towers with Display (VFR),0,161,67,2,230,0,81,0,0,81,0,242,67,2,311,6,0,6,317
06/03/2004,ACK,MA,ANE,EN,Towers with Display (VFR),0,124,62,4,190,0,212,52,0,264,0,336,114,4,454,8,0,8,462
06/04/2004,ACK,MA,ANE,EN,Towers with Display (VFR),0,49,25,0,74,0,342,140,0,482,0,391,165,0,556,0,0,0,556
06/05/2004,ACK,MA,ANE,EN,Towers with Display (VFR),0,26,13,0,39,0,215,122,0,337,0,241,135,0,376,0,0,0,376
06/06/2004,ACK,MA,ANE,EN,Towers with Display (VFR),0,238,72,0,310,2,53,0,0,55,2,291,72,0,365,0,0,0,365
06/07/2004,ACK,MA,ANE,EN,Towers with Display (VFR),0,151,74,0,225,0,164,0,0,164,0,315,74,0,389,8,0,8,397
06/08/2004,ACK,MA,ANE,EN,Towers with Display (VFR),0,71,35,2,108,0,254,96,0,350,0,325,131,2,458,4,0,4,462
06/09/2004,ACK,MA,ANE,EN,Towers with Display (VFR),0,63,31,0,94,0,321,76,0,397,0,384,107,0,491,10,0,10,501
06/10/2004,ACK,MA,ANE,EN,Towers with Display (VFR),0,74,37,0,111,0,271,89,0,360,0,345,126,0,471,0,4,4,475
06/11/2004,ACK,MA,ANE,EN,Towers with Display (VFR),0,73,36,1,110,0,332,189,0,521,0,405,225,1,631,0,0,0,631
06/12/2004,ACK,MA,ANE,EN,Towers with Display (VFR),0,32,16,1,49,0,250,188,1,439,0,282,204,2,488,0,0,0,488
06/13/2004,ACK,MA,ANE,EN,Towers with Display (VFR),0,48,24,0,72,2,308,204,0,514,2,356,228,0,586,0,0,0,586
06/14/2004,ACK,MA,ANE,EN,Towers with Display (VFR),0,101,49,2,152,0,212,39,0,251,0,313,88,2,403,0,0,0,403
06/15/2004,ACK,MA,ANE,EN,Towers with Display (VFR),0,189,81,0,270,0,107,0,0,107,0,296,81,0,377,0,0,0,377
06/16/2004,ACK,MA,ANE,EN,Towers with Display (VFR),0,81,38,0,119,0,271,171,0,442,0,352,209,0,561,8,0,8,569
06/17/2004,ACK,MA,ANE,EN,Towers with Display (VFR),0,226,83,0,309,0,34,0,0,34,0,260,83,0,343,0,0,0,343
06/18/2004,ACK,MA,ANE,EN,Towers with Display (VFR),0,300,146,0,446,0,6,4,0,10,0,306,150,0,456,0,0,0,456
06/19/2004,ACK,MA,ANE,EN,Towers with Display (VFR),0,213,104,0,317,1,47,5,0,53,1,260,109,0,370,0,0,0,370
06/20/2004,ACK,MA,ANE,EN,Towers with Display (VFR),0,95,46,0,141,0,342,223,0,565,0,437,269,0,706,0,0,0,706
06/21/2004,ACK,MA,ANE,EN,Towers with Display (VFR),0,80,39,0,119,1,385,173,0,559,1,465,212,0,678,0,0,0,678
06/22/2004,ACK,MA,ANE,EN,Towers with Display (VFR),0,175,86,0,261,0,180,52,0,232,0,355,138,0,493,8,0,8,501
06/23/2004,ACK,MA,ANE,EN,Towers with Display (VFR),0,118,58,1,177,0,324,177,0,501,0,442,235,1,678,16,0,16,694
06/24/2004,ACK,MA,ANE,EN,Towers with Display (VFR),0,119,58,0,177,0,315,143,0,458,0,434,201,0,635,0,0,0,635
06/25/2004,ACK,MA,ANE,EN,Towers with Display (VFR),0,242,119,0,361,0,221,51,0,272,0,463,170,0,633,0,0,0,633
06/26/2004,ACK,MA,ANE,EN,Towers with Display (VFR),0,192,93,0,285,0,72,0,0,72,0,264,93,0,357,0,0,0,357
06/27/2004,ACK,MA,ANE,EN,Towers with Display (VFR),0,108,52,0,160,0,350,260,0,610,0,458,312,0,770,0,0,0,770
06/28/2004,ACK,MA,ANE,EN,Towers with Display (VFR),0,101,49,0,150,0,314,146,0,460,0,415,195,0,610,2,0,2,612
06/29/2004,ACK,MA,ANE,EN,Towers with Display (VFR),0,152,74,3,229,0,227,69,0,296,0,379,143,3,525,30,0,30,555
06/30/2004,ACK,MA,ANE,EN,Towers with Display (VFR),0,92,45,0,137,0,310,139,0,449,0,402,184,0,586,0,0,0,586
07/01/2004,ACK,MA,ANE,EN,Towers with Display (VFR),0,137,66,0,203,0,357,202,3,562,0,494,268,3,765,0,0,0,765
07/02/2004,ACK,MA,ANE,EN,Towers with Display (VFR),0,295,160,0,455,0,0,68,0,68,0,295,228,0,523,0,0,0,523
07/03/2004,ACK,MA,ANE,EN,Towers with Display (VFR),0,108,52,0,160,0,327,222,0,549,0,435,274,0,709,0,0,0,709
07/04/2004,ACK,MA,ANE,EN,Towers with Display (VFR),0,58,27,0,85,0,161,143,0,304,0,219,170,0,389,18,0,18,407
07/05/2004,ACK,MA,ANE,EN,Towers with Display (VFR),0,319,151,0,470,0,322,140,0,462,0,641,291,0,932,0,0,0,932
07/06/2004,ACK,MA,ANE,EN,Towers with Display (VFR),0,286,136,0,422,0,157,88,0,245,0,443,224,0,667,0,0,0,667
07/07/2004,ACK,MA,ANE,EN,Towers with Display (VFR),0,104,49,0,153,0,334,140,0,474,0,438,189,0,627,12,0,12,639
07/08/2004,ACK,MA,ANE,EN,Towers with Display (VFR),0,279,127,0,406,0,44,0,0,44,0,323,127,0,450,0,0,0,450
07/09/2004,ACK,MA,ANE,EN,Towers with Display (VFR),0,160,75,0,235,0,387,180,0,567,0,547,255,0,802,4,0,4,806
07/10/2004,ACK,MA,ANE,EN,Towers with Display (VFR),0,100,47,1,148,0,255,220,1,476,0,355,267,2,624,0,0,0,624
07/11/2004,ACK,MA,ANE,EN,Towers with Display (VFR),0,153,72,0,225,0,364,269,0,633,0,517,341,0,858,0,0,0,858
07/12/2004,ACK,MA,ANE,EN,Towers with Display (VFR),0,92,44,0,136,0,320,112,0,432,0,412,156,0,568,6,0,6,574
07/13/2004,ACK,MA,ANE,EN,Towers with Display (VFR),0,219,103,0,322,0,123,18,0,141,0,342,121,0,463,0,0,0,463
07/14/2004,ACK,MA,ANE,EN,Towers with Display (VFR),0,244,59,0,303,0,58,0,0,58,0,302,59,0,361,0,0,0,361
07/15/2004,ACK,MA,ANE,EN,Towers with Display (VFR),0,269,127,1,397,0,160,60,6,226,0,429,187,7,623,8,0,8,631
07/16/2004,ACK,MA,ANE,EN,Towers with Display (VFR),0,185,87,0,272,0,336,176,0,512,0,521,263,0,784,0,0,0,784
07/17/2004,ACK,MA,ANE,EN,Towers with Display (VFR),0,105,50,0,155,0,250,180,0,430,0,355,230,0,585,0,0,0,585
07/18/2004,ACK,MA,ANE,EN,Towers with Display (VFR),0,383,181,0,564,0,50,67,0,117,0,433,248,0,681,0,0,0,681
07/19/2004,ACK,MA,ANE,EN,Towers with Display (VFR),0,247,106,0,353,0,10,0,0,10,0,257,106,0,363,0,0,0,363
07/20/2004,ACK,MA,ANE,EN,Towers with Display (VFR),0,182,86,0,268,0,132,16,0,148,0,314,102,0,416,0,0,0,416
07/21/2004,ACK,MA,ANE,EN,Towers with Display (VFR),0,158,74,0,232,0,176,62,0,238,0,334,136,0,470,2,0,2,472
07/22/2004,ACK,MA,ANE,EN,Towers with Display (VFR),0,315,159,0,474,0,0,21,2,23,0,315,180,2,497,0,0,0,497
07/23/2004,ACK,MA,ANE,EN,Towers with Display (VFR),0,294,139,0,433,0,100,83,0,183,0,394,222,0,616,0,0,0,616
07/24/2004,ACK,MA,ANE,EN,Towers with Display (VFR),0,304,129,0,433,0,56,0,0,56,0,360,129,0,489,0,0,0,489
07/25/2004,ACK,MA,ANE,EN,Towers with Display (VFR),0,358,169,0,527,0,94,55,0,149,0,452,224,0,676,0,0,0,676
07/26/2004,ACK,MA,ANE,EN,Towers with Display (VFR),0,140,66,0,206,0,341,143,0,484,0,481,209,0,690,0,0,0,690
07/27/2004,ACK,MA,ANE,EN,Towers with Display (VFR),0,300,137,0,437,0,32,0,2,34,0,332,137,2,471,0,0,0,471
07/28/2004,ACK,MA,ANE,EN,Towers with Display (VFR),0,259,64,0,323,0,54,0,4,58,0,313,64,4,381,0,0,0,381
07/29/2004,ACK,MA,ANE,EN,Towers with Display (VFR),0,338,153,0,491,0,6,0,0,6,0,344,153,0,497,0,0,0,497
07/30/2004,ACK,MA,ANE,EN,Towers with Display (VFR),0,392,152,0,544,0,33,0,0,33,0,425,152,0,577,0,0,0,577
07/31/2004,ACK,MA,ANE,EN,Towers with Display (VFR),0,245,116,0,361,0,104,46,0,150,0,349,162,0,511,0,0,0,511
08/01/2004,ACK,MA,ANE,EN,Towers with Display (VFR),0,410,210,0,620,0,12,8,0,20,0,422,218,0,640,0,0,0,640
08/02/2004,ACK,MA,ANE,EN,Towers with Display (VFR),0,257,131,0,388,0,143,48,0,191,0,400,179,0,579,0,0,0,579
08/03/2004,ACK,MA,ANE,EN,Towers with Display (VFR),0,359,103,0,462,0,0,0,0,0,0,359,103,0,462,0,0,0,462
08/04/2004,ACK,MA,ANE,EN,Towers with Display (VFR),0,211,108,1,320,0,162,90,1,253,0,373,198,2,573,0,0,0,573
08/05/2004,ACK,MA,ANE,EN,Towers with Display (VFR),0,227,116,0,343,0,218,92,0,310,0,445,208,0,653,0,2,2,655
08/06/2004,ACK,MA,ANE,EN,Towers with Display (VFR),0,186,95,1,282,0,370,190,1,561,0,556,285,2,843,0,0,0,843
08/07/2004,ACK,MA,ANE,EN,Towers with Display (VFR),0,107,55,0,162,0,348,233,0,581,0,455,288,0,743,0,0,0,743
08/08/2004,ACK,MA,ANE,EN,Towers with Display (VFR),0,174,89,0,263,0,335,243,0,578,0,509,332,0,841,4,0,4,845
08/09/2004,ACK,MA,ANE,EN,Towers with Display (VFR),0,126,64,1,191,0,320,208,7,535,0,446,272,8,726,0,0,0,726
08/10/2004,ACK,MA,ANE,EN,Towers with Display (VFR),0,186,95,1,282,0,217,71,5,293,0,403,166,6,575,0,0,0,575
08/11/2004,ACK,MA,ANE,EN,Towers with Display (VFR),0,155,80,1,236,0,289,113,1,403,0,444,193,2,639,0,0,0,639
08/12/2004,ACK,MA,ANE,EN,Towers with Display (VFR),0,167,86,1,254,0,267,144,2,413,0,434,230,3,667,0,17,17,684
08/13/2004,ACK,MA,ANE,EN,Towers with Display (VFR),0,350,179,0,529,0,135,6,0,141,0,485,185,0,670,0,0,0,670
08/14/2004,ACK,MA,ANE,EN,Towers with Display (VFR),0,174,88,0,262,0,236,130,0,366,0,410,218,0,628,0,0,0,628
08/15/2004,ACK,MA,ANE,EN,Towers with Display (VFR),0,324,142,0,466,0,104,0,0,104,0,428,142,0,570,0,0,0,570
08/16/2004,ACK,MA,ANE,EN,Towers with Display (VFR),0,369,162,0,531,0,37,0,0,37,0,406,162,0,568,0,0,0,568
08/17/2004,ACK,MA,ANE,EN,Towers with Display (VFR),0,207,104,1,312,0,184,65,1,250,0,391,169,2,562,0,0,0,562
08/18/2004,ACK,MA,ANE,EN,Towers with Display (VFR),0,161,81,0,242,0,298,148,0,446,0,459,229,0,688,0,0,0,688
08/19/2004,ACK,MA,ANE,EN,Towers with Display (VFR),0,347,175,2,524,0,105,15,0,120,0,452,190,2,644,0,0,0,644
08/20/2004,ACK,MA,ANE,EN,Towers with Display (VFR),0,304,156,0,460,0,0,53,0,53,0,304,209,0,513,0,0,0,513
08/21/2004,ACK,MA,ANE,EN,Towers with Display (VFR),0,262,91,1,354,0,47,0,0,47,0,309,91,1,401,0,0,0,401
08/22/2004,ACK,MA,ANE,EN,Towers with Display (VFR),0,135,69,0,204,0,369,300,2,671,0,504,369,2,875,0,0,0,875
08/23/2004,ACK,MA,ANE,EN,Towers with Display (VFR),0,102,51,0,153,0,350,200,6,556,0,452,251,6,709,20,0,20,729
08/24/2004,ACK,MA,ANE,EN,Towers with Display (VFR),0,92,47,0,139,0,319,170,9,498,0,411,217,9,637,0,0,0,637
08/25/2004,ACK,MA,ANE,EN,Towers with Display (VFR),0,119,61,0,180,0,309,182,6,497,0,428,243,6,677,0,0,0,677
08/26/2004,ACK,MA,ANE,EN,Towers with Display (VFR),0,100,50,0,150,0,334,204,0,538,0,434,254,0,688,2,0,2,690
08/27/2004,ACK,MA,ANE,EN,Towers with Display (VFR),0,172,88,0,260,0,309,190,6,505,0,481,278,6,765,0,0,0,765
08/28/2004,ACK,MA,ANE,EN,Towers with Display (VFR),0,206,105,0,311,0,193,70,0,263,0,399,175,0,574,0,0,0,574
08/29/2004,ACK,MA,ANE,EN,Towers with Display (VFR),0,373,190,0,563,0,36,15,0,51,0,409,205,0,614,0,0,0,614
08/30/2004,ACK,MA,ANE,EN,Towers with Display (VFR),0,302,154,0,456,0,87,0,0,87,0,389,154,0,543,0,0,0,543
08/31/2004,ACK,MA,ANE,EN,Towers with Display (VFR),0,166,78,0,244,1,87,0,0,88,1,253,78,0,332,0,0,0,332
09/01/2004,ACK,MA,ANE,EN,Towers with Display (VFR),1,92,46,2,141,0,313,212,2,527,1,405,258,4,668,0,0,0,668
09/02/2004,ACK,MA,ANE,EN,Towers with Display (VFR),0,104,51,2,157,0,322,203,0,525,0,426,254,2,682,0,0,0,682
09/03/2004,ACK,MA,ANE,EN,Towers with Display (VFR),0,114,57,3,174,0,440,283,2,725,0,554,340,5,899,0,0,0,899
09/04/2004,ACK,MA,ANE,EN,Towers with Display (VFR),0,91,45,0,136,0,239,162,0,401,0,330,207,0,537,0,0,0,537
09/05/2004,ACK,MA,ANE,EN,Towers with Display (VFR),0,82,42,0,124,0,251,183,0,434,0,333,225,0,558,0,0,0,558
09/06/2004,ACK,MA,ANE,EN,Towers with Display (VFR),0,130,64,0,194,0,434,303,0,737,0,564,367,0,931,0,0,0,931
09/07/2004,ACK,MA,ANE,EN,Towers with Display (VFR),0,164,82,4,250,0,266,104,4,374,0,430,186,8,624,0,20,20,644
09/08/2004,ACK,MA,ANE,EN,Towers with Display (VFR),0,101,50,1,152,0,216,70,0,286,0,317,120,1,438,0,0,0,438
09/09/2004,ACK,MA,ANE,EN,Towers with Display (VFR),0,202,95,3,300,0,138,0,0,138,0,340,95,3,438,0,6,6,444
09/10/2004,ACK,MA,ANE,EN,Towers with Display (VFR),0,79,40,0,119,0,313,92,0,405,0,392,132,0,524,0,0,0,524
09/11/2004,ACK,MA,ANE,EN,Towers with Display (VFR),0,57,28,0,85,0,210,126,0,336,0,267,154,0,421,0,0,0,421
09/12/2004,ACK,MA,ANE,EN,Towers with Display (VFR),0,80,40,1,121,0,334,184,0,518,0,414,224,1,639,0,0,0,639
09/13/2004,ACK,MA,ANE,EN,Towers with Display (VFR),0,65,32,0,97,0,277,126,0,403,0,342,158,0,500,0,0,0,500
09/14/2004,ACK,MA,ANE,EN,Towers with Display (VFR),0,38,20,1,59,0,292,121,6,419,0,330,141,7,478,0,0,0,478
09/15/2004,ACK,MA,ANE,EN,Towers with Display (VFR),0,50,24,2,76,0,285,145,3,433,0,335,169,5,509,0,0,0,509
09/16/2004,ACK,MA,ANE,EN,Towers with Display (VFR),0,252,81,0,333,0,57,0,0,57,0,309,81,0,390,4,0,4,394
09/17/2004,ACK,MA,ANE,EN,Towers with Display (VFR),0,264,119,7,390,0,69,0,12,81,0,333,119,19,471,0,8,8,479
09/18/2004,ACK,MA,ANE,EN,Towers with Display (VFR),0,97,30,3,130,0,11,0,5,16,0,108,30,8,146,0,0,0,146
09/19/2004,ACK,MA,ANE,EN,Towers with Display (VFR),0,81,40,2,123,0,275,147,6,428,0,356,187,8,551,0,8,8,559
09/20/2004,ACK,MA,ANE,EN,Towers with Display (VFR),0,58,27,2,87,0,326,120,18,464,0,384,147,20,551,0,9,9,560
09/21/2004,ACK,MA,ANE,EN,Towers with Display (VFR),0,36,18,0,54,0,279,97,3,379,0,315,115,3,433,0,4,4,437
09/22/2004,ACK,MA,ANE,EN,Towers with Display (VFR),0,40,20,0,60,0,294,126,0,420,0,334,146,0,480,2,0,2,482
09/23/2004,ACK,MA,ANE,EN,Towers with Display (VFR),0,40,20,0,60,0,346,143,4,493,0,386,163,4,553,0,0,0,553
09/24/2004,ACK,MA,ANE,EN,Towers with Display (VFR),0,79,39,1,119,0,357,149,3,509,0,436,188,4,628,0,0,0,628
09/25/2004,ACK,MA,ANE,EN,Towers with Display (VFR),0,33,17,0,50,0,245,170,0,415,0,278,187,0,465,0,0,0,465
09/26/2004,ACK,MA,ANE,EN,Towers with Display (VFR),0,83,42,0,125,0,304,193,0,497,0,387,235,0,622,2,0,2,624
09/27/2004,ACK,MA,ANE,EN,Towers with Display (VFR),0,72,35,1,108,0,261,65,5,331,0,333,100,6,439,6,4,10,449
09/28/2004,ACK,MA,ANE,EN,Towers with Display (VFR),0,181,25,0,206,0,68,0,0,68,0,249,25,0,274,0,0,0,274
09/29/2004,ACK,MA,ANE,EN,Towers with Display (VFR),0,169,60,0,229,0,42,0,0,42,0,211,60,0,271,0,0,0,271
09/30/2004,ACK,MA,ANE,EN,Towers with Display (VFR),0,56,28,1,85,0,280,108,11,399,0,336,136,12,484,6,4,10,494
10/01/2004,ACK,MA,ANE,EN,Towers with Display (VFR),0,62,41,0,103,0,308,121,0,429,0,370,162,0,532,6,0,6,538
10/02/2004,ACK,MA,ANE,EN,Towers with Display (VFR),0,111,77,0,188,0,63,42,0,105,0,174,119,0,293,0,0,0,293
10/03/2004,ACK,MA,ANE,EN,Towers with Display (VFR),0,115,82,0,197,0,174,57,0,231,0,289,139,0,428,2,0,2,430
10/04/2004,ACK,MA,ANE,EN,Towers with Display (VFR),0,65,25,0,90,0,220,63,0,283,0,285,88,0,373,0,2,2,375
10/05/2004,ACK,MA,ANE,EN,Towers with Display (VFR),0,46,11,0,57,0,239,81,0,320,0,285,92,0,377,0,0,0,377
10/06/2004,ACK,MA,ANE,EN,Towers with Display (VFR),0,39,20,0,59,0,227,87,0,314,0,266,107,0,373,52,0,52,425
10/07/2004,ACK,MA,ANE,EN,Towers with Display (VFR),0,52,23,0,75,0,304,142,1,447,0,356,165,1,522,8,2,10,532
10/08/2004,ACK,MA,ANE,EN,Towers with Display (VFR),0,79,49,0,128,0,377,174,0,551,0,456,223,0,679,0,0,0,679
10/09/2004,ACK,MA,ANE,EN,Towers with Display (VFR),0,49,31,0,80,0,260,126,3,389,0,309,157,3,469,12,0,12,481
10/10/2004,ACK,MA,ANE,EN,Towers with Display (VFR),0,82,62,0,144,0,183,68,0,251,0,265,130,0,395,0,0,0,395
10/11/2004,ACK,MA,ANE,EN,Towers with Display (VFR),0,123,96,0,219,0,352,88,0,440,0,475,184,0,659,0,0,0,659
10/12/2004,ACK,MA,ANE,EN,Towers with Display (VFR),0,56,10,0,66,0,231,36,0,267,0,287,46,0,333,0,0,0,333
10/13/2004,ACK,MA,ANE,EN,Towers with Display (VFR),0,23,11,0,34,0,264,101,0,365,0,287,112,0,399,0,0,0,399
10/14/2004,ACK,MA,ANE,EN,Towers with Display (VFR),0,106,22,4,132,0,185,58,0,243,0,291,80,4,375,0,0,0,375
10/15/2004,ACK,MA,ANE,EN,Towers with Display (VFR),0,277,49,0,326,0,0,0,0,0,0,277,49,0,326,0,0,0,326
10/16/2004,ACK,MA,ANE,EN,Towers with Display (VFR),0,56,14,0,70,0,186,60,0,246,0,242,74,0,316,0,0,0,316
10/17/2004,ACK,MA,ANE,EN,Towers with Display (VFR),0,47,37,0,84,0,245,83,0,328,0,292,120,0,412,0,0,0,412
10/18/2004,ACK,MA,ANE,EN,Towers with Display (VFR),0,37,11,2,50,0,248,86,0,334,0,285,97,2,384,0,0,0,384
10/19/2004,ACK,MA,ANE,EN,Towers with Display (VFR),0,181,24,0,205,0,18,12,0,30,0,199,36,0,235,0,0,0,235
10/20/2004,ACK,MA,ANE,EN,Towers with Display (VFR),0,39,15,0,54,0,218,43,2,263,0,257,58,2,317,0,0,0,317
10/21/2004,ACK,MA,ANE,EN,Towers with Display (VFR),0,51,18,0,69,0,222,55,0,277,0,273,73,0,346,0,0,0,346
10/22/2004,ACK,MA,ANE,EN,Towers with Display (VFR),0,123,57,0,180,0,185,43,0,228,0,308,100,0,408,0,4,4,412
10/23/2004,ACK,MA,ANE,EN,Towers with Display (VFR),0,36,19,0,55,0,180,45,0,225,0,216,64,0,280,0,0,0,280
10/24/2004,ACK,MA,ANE,EN,Towers with Display (VFR),0,271,51,0,322,0,16,4,0,20,0,287,55,0,342,0,0,0,342
10/25/2004,ACK,MA,ANE,EN,Towers with Display (VFR),0,76,24,2,102,0,175,43,0,218,0,251,67,2,320,0,2,2,322
10/26/2004,ACK,MA,ANE,EN,Towers with Display (VFR),0,44,8,0,52,0,233,49,0,282,0,277,57,0,334,6,0,6,340
10/27/2004,ACK,MA,ANE,EN,Towers with Display (VFR),0,31,7,0,38,0,231,67,5,303,0,262,74,5,341,0,0,0,341
10/28/2004,ACK,MA,ANE,EN,Towers with Display (VFR),0,30,16,2,48,0,213,57,10,280,0,243,73,12,328,4,0,4,332
10/29/2004,ACK,MA,ANE,EN,Towers with Display (VFR),0,31,31,0,62,0,273,65,0,338,0,304,96,0,400,0,0,0,400
10/30/2004,ACK,MA,ANE,EN,Towers with Display (VFR),0,102,24,0,126,0,98,26,0,124,0,200,50,0,250,0,0,0,250
10/31/2004,ACK,MA,ANE,EN,Towers with Display (VFR),0,48,21,0,69,0,106,31,0,137,0,154,52,0,206,2,0,2,208
11/01/2004,ACK,MA,ANE,EN,Towers with Display (VFR),0,23,7,0,30,0,238,73,0,311,0,261,80,0,341,30,0,30,371
11/02/2004,ACK,MA,ANE,EN,Towers with Display (VFR),0,30,4,0,34,0,215,50,0,265,0,245,54,0,299,6,0,6,305
11/03/2004,ACK,MA,ANE,EN,Towers with Display (VFR),0,27,6,0,33,0,196,39,0,235,0,223,45,0,268,0,0,0,268
11/04/2004,ACK,MA,ANE,EN,Towers with Display (VFR),0,31,9,6,46,0,247,51,0,298,0,278,60,6,344,0,0,0,344
11/05/2004,ACK,MA,ANE,EN,Towers with Display (VFR),0,23,7,0,30,0,265,41,0,306,0,288,48,0,336,0,0,0,336
11/06/2004,ACK,MA,ANE,EN,Towers with Display (VFR),0,14,6,0,20,0,218,74,0,292,0,232,80,0,312,2,0,2,314
11/07/2004,ACK,MA,ANE,EN,Towers with Display (VFR),0,16,16,0,32,0,221,78,0,299,0,237,94,0,331,4,0,4,335
11/08/2004,ACK,MA,ANE,EN,Towers with Display (VFR),0,15,6,0,21,0,242,45,0,287,0,257,51,0,308,0,0,0,308
11/09/2004,ACK,MA,ANE,EN,Towers with Display (VFR),0,19,3,0,22,0,250,62,0,312,0,269,65,0,334,0,0,0,334
11/10/2004,ACK,MA,ANE,EN,Towers with Display (VFR),0,19,16,2,37,0,273,78,1,352,0,292,94,3,389,0,0,0,389
11/11/2004,ACK,MA,ANE,EN,Towers with Display (VFR),0,31,9,0,40,0,230,50,0,280,0,261,59,0,320,2,0,2,322
11/12/2004,ACK,MA,ANE,EN,Towers with Display (VFR),0,156,25,0,181,0,128,15,0,143,0,284,40,0,324,0,0,0,324
11/13/2004,ACK,MA,ANE,EN,Towers with Display (VFR),0,106,12,0,118,0,69,21,0,90,0,175,33,0,208,0,0,0,208
11/14/2004,ACK,MA,ANE,EN,Towers with Display (VFR),0,16,12,0,28,0,265,65,0,330,0,281,77,0,358,0,0,0,358
11/15/2004,ACK,MA,ANE,EN,Towers with Display (VFR),0,19,6,0,25,0,248,56,0,304,0,267,62,0,329,0,0,0,329
11/16/2004,ACK,MA,ANE,EN,Towers with Display (VFR),0,19,7,0,26,0,230,58,0,288,0,249,65,0,314,4,0,4,318
11/17/2004,ACK,MA,ANE,EN,Towers with Display (VFR),0,20,4,0,24,0,213,65,0,278,0,233,69,0,302,4,0,4,306
11/18/2004,ACK,MA,ANE,EN,Towers with Display (VFR),0,20,9,2,31,0,259,78,0,337,0,279,87,2,368,0,4,4,372
11/19/2004,ACK,MA,ANE,EN,Towers with Display (VFR),0,21,7,0,28,0,282,60,0,342,0,303,67,0,370,0,0,0,370
11/20/2004,ACK,MA,ANE,EN,Towers with Display (VFR),0,13,11,1,25,0,252,83,0,335,0,265,94,1,360,10,6,16,376
11/21/2004,ACK,MA,ANE,EN,Towers with Display (VFR),0,34,31,0,65,0,184,19,0,203,0,218,50,0,268,0,0,0,268
11/22/2004,ACK,MA,ANE,EN,Towers with Display (VFR),0,82,16,0,98,0,182,49,0,231,0,264,65,0,329,8,0,8,337
11/23/2004,ACK,MA,ANE,EN,Towers with Display (VFR),0,32,26,0,58,0,279,97,0,376,0,311,123,0,434,6,0,6,440
11/24/2004,ACK,MA,ANE,EN,Towers with Display (VFR),0,264,95,0,359,0,102,35,0,137,0,366,130,0,496,12,0,12,508
11/25/2004,ACK,MA,ANE,EN,Towers with Display (VFR),0,117,23,0,140,0,16,0,0,16,0,133,23,0,156,0,0,0,156
11/26/2004,ACK,MA,ANE,EN,Towers with Display (VFR),0,25,19,0,44,0,244,106,0,350,0,269,125,0,394,0,0,0,394
11/27/2004,ACK,MA,ANE,EN,Towers with Display (VFR),0,22,19,0,41,0,223,114,0,337,0,245,133,0,378,0,0,0,378
11/28/2004,ACK,MA,ANE,EN,Towers with Display (VFR),0,264,94,0,358,0,88,54,0,142,0,352,148,0,500,0,0,0,500
11/29/2004,ACK,MA,ANE,EN,Towers with Display (VFR),0,26,15,1,42,0,272,66,1,339,0,298,81,2,381,0,6,6,387
11/30/2004,ACK,MA,ANE,EN,Towers with Display (VFR),0,18,8,0,26,0,213,68,0,281,0,231,76,0,307,0,2,2,309
12/01/2004,ACK,MA,ANE,EN,Towers with Display (VFR),0,55,13,0,68,0,154,17,0,171,0,209,30,0,239,0,0,0,239
12/02/2004,ACK,MA,ANE,EN,Towers with Display (VFR),0,37,28,0,65,0,300,84,1,385,0,337,112,1,450,0,0,0,450
12/03/2004,ACK,MA,ANE,EN,Towers with Display (VFR),0,109,64,3,176,0,372,113,2,487,0,481,177,5,663,0,4,4,667
12/04/2004,ACK,MA,ANE,EN,Towers with Display (VFR),0,27,40,0,67,0,263,250,0,513,0,290,290,0,580,0,0,0,580
12/05/2004,ACK,MA,ANE,EN,Towers with Display (VFR),0,52,71,0,123,0,391,188,0,579,0,443,259,0,702,0,0,0,702
12/06/2004,ACK,MA,ANE,EN,Towers with Display (VFR),0,22,19,0,41,0,257,54,0,311,0,279,73,0,352,0,0,0,352
12/07/2004,ACK,MA,ANE,EN,Towers with Display (VFR),0,179,24,0,203,0,0,0,0,0,0,179,24,0,203,0,0,0,203
12/08/2004,ACK,MA,ANE,EN,Towers with Display (VFR),0,79,12,3,94,0,185,33,4,222,0,264,45,7,316,44,0,44,360
12/09/2004,ACK,MA,ANE,EN,Towers with Display (VFR),0,20,7,8,35,0,235,60,0,295,0,255,67,8,330,14,0,14,344
12/10/2004,ACK,MA,ANE,EN,Towers with Display (VFR),0,216,26,0,242,0,0,0,0,0,0,216,26,0,242,0,0,0,242
12/11/2004,ACK,MA,ANE,EN,Towers with Display (VFR),0,160,16,0,176,0,33,9,0,42,0,193,25,0,218,0,0,0,218
12/12/2004,ACK,MA,ANE,EN,Towers with Display (VFR),0,20,22,0,42,0,205,78,0,283,0,225,100,0,325,0,0,0,325
12/13/2004,ACK,MA,ANE,EN,Towers with Display (VFR),0,52,10,0,62,0,219,36,0,255,0,271,46,0,317,0,8,8,325
12/14/2004,ACK,MA,ANE,EN,Towers with Display (VFR),0,29,4,0,33,0,205,61,0,266,0,234,65,0,299,0,0,0,299
12/15/2004,ACK,MA,ANE,EN,Towers with Display (VFR),0,26,4,0,30,0,231,51,0,282,0,257,55,0,312,0,0,0,312
12/16/2004,ACK,MA,ANE,EN,Towers with Display (VFR),0,19,6,0,25,0,267,56,0,323,0,286,62,0,348,0,0,0,348
12/17/2004,ACK,MA,ANE,EN,Towers with Display (VFR),0,23,3,1,27,0,220,54,1,275,0,243,57,2,302,0,0,0,302
12/18/2004,ACK,MA,ANE,EN,Towers with Display (VFR),0,15,11,0,26,0,171,102,2,275,0,186,113,2,301,9,0,9,310
12/19/2004,ACK,MA,ANE,EN,Towers with Display (VFR),0,97,24,0,121,0,69,4,0,73,0,166,28,0,194,0,0,0,194
12/20/2004,ACK,MA,ANE,EN,Towers with Display (VFR),0,149,13,0,162,0,33,3,3,39,0,182,16,3,201,0,0,0,201
12/21/2004,ACK,MA,ANE,EN,Towers with Display (VFR),0,28,7,0,35,0,224,59,2,285,0,252,66,2,320,0,0,0,320
12/22/2004,ACK,MA,ANE,EN,Towers with Display (VFR),0,21,10,0,31,0,281,80,4,365,0,302,90,4,396,0,0,0,396
12/23/2004,ACK,MA,ANE,EN,Towers with Display (VFR),0,138,19,0,157,0,152,29,0,181,0,290,48,0,338,0,8,8,346
12/24/2004,ACK,MA,ANE,EN,Towers with Display (VFR),0,26,6,0,32,0,154,42,0,196,0,180,48,0,228,0,0,0,228
12/25/2004,ACK,MA,ANE,EN,Towers with Display (VFR),0,7,3,0,10,0,111,5,0,116,0,118,8,0,126,0,0,0,126
12/26/2004,ACK,MA,ANE,EN,Towers with Display (VFR),0,44,11,0,55,0,93,10,0,103,0,137,21,0,158,0,0,0,158
12/27/2004,ACK,MA,ANE,EN,Towers with Display (VFR),0,0,0,0,0,0,0,0,0,0,0,0,0,0,0,0,0,0,0
12/28/2004,ACK,MA,ANE,EN,Towers with Display (VFR),0,17,8,0,25,0,240,35,0,275,0,257,43,0,300,0,0,0,300
12/29/2004,ACK,MA,ANE,EN,Towers with Display (VFR),0,17,7,0,24,0,195,56,0,251,0,212,63,0,275,4,0,4,279
12/30/2004,ACK,MA,ANE,EN,Towers with Display (VFR),0,20,5,2,27,0,196,60,0,256,0,216,65,2,283,16,0,16,299
12/31/2004,ACK,MA,ANE,EN,Towers with Display (VFR),0,33,11,0,44,0,150,55,0,205,0,183,66,0,249,0,0,0,249
01/01/2005,ACK,MA,ANE,EN,Towers with Display (VFR),0,9,3,0,12,0,146,73,0,219,0,155,76,0,231,0,0,0,231
01/02/2005,ACK,MA,ANE,EN,Towers with Display (VFR),0,24,14,0,38,0,204,46,0,250,0,228,60,0,288,0,0,0,288
01/03/2005,ACK,MA,ANE,EN,Towers with Display (VFR),0,61,6,0,67,0,135,18,0,153,0,196,24,0,220,0,0,0,220
01/04/2005,ACK,MA,ANE,EN,Towers with Display (VFR),0,167,33,0,200,0,36,10,0,46,0,203,43,0,246,2,0,2,248
01/05/2005,ACK,MA,ANE,EN,Towers with Display (VFR),0,98,7,0,105,0,95,40,0,135,0,193,47,0,240,2,0,2,242
01/06/2005,ACK,MA,ANE,EN,Towers with Display (VFR),0,76,11,0,87,0,0,0,0,0,0,76,11,0,87,0,0,0,87
01/07/2005,ACK,MA,ANE,EN,Towers with Display (VFR),0,22,3,5,30,0,230,69,5,304,0,252,72,10,334,0,6,6,340
01/08/2005,ACK,MA,ANE,EN,Towers with Display (VFR),0,52,4,2,58,0,67,31,2,100,0,119,35,4,158,0,0,0,158
01/09/2005,ACK,MA,ANE,EN,Towers with Display (VFR),0,30,13,0,43,0,151,46,0,197,0,181,59,0,240,0,0,0,240
01/10/2005,ACK,MA,ANE,EN,Towers with Display (VFR),0,90,9,0,99,0,139,25,0,164,0,229,34,0,263,0,0,0,263
01/11/2005,ACK,MA,ANE,EN,Towers with Display (VFR),0,13,3,0,16,0,202,62,0,264,0,215,65,0,280,0,0,0,280
01/12/2005,ACK,MA,ANE,EN,Towers with Display (VFR),0,130,14,0,144,0,0,0,0,0,0,130,14,0,144,0,0,0,144
01/13/2005,ACK,MA,ANE,EN,Towers with Display (VFR),0,29,12,0,41,0,0,0,0,0,0,29,12,0,41,0,0,0,41
01/14/2005,ACK,MA,ANE,EN,Towers with Display (VFR),0,148,19,0,167,0,10,2,0,12,0,158,21,0,179,0,0,0,179
01/15/2005,ACK,MA,ANE,EN,Towers with Display (VFR),0,12,5,0,17,0,137,74,0,211,0,149,79,0,228,10,0,10,238
01/16/2005,ACK,MA,ANE,EN,Towers with Display (VFR),0,33,6,0,39,0,94,16,0,110,0,127,22,0,149,0,0,0,149
01/17/2005,ACK,MA,ANE,EN,Towers with Display (VFR),0,15,2,0,17,0,83,18,0,101,0,98,20,0,118,0,0,0,118
01/18/2005,ACK,MA,ANE,EN,Towers with Display (VFR),0,19,2,0,21,0,176,37,0,213,0,195,39,0,234,0,0,0,234
01/19/2005,ACK,MA,ANE,EN,Towers with Display (VFR),0,56,15,0,71,0,116,24,0,140,0,172,39,0,211,0,0,0,211
01/20/2005,ACK,MA,ANE,EN,Towers with Display (VFR),0,20,0,0,20,0,168,28,0,196,0,188,28,0,216,10,0,10,226
01/21/2005,ACK,MA,ANE,EN,Towers with Display (VFR),0,81,2,0,83,0,146,26,2,174,0,227,28,2,257,0,0,0,257
01/22/2005,ACK,MA,ANE,EN,Towers with Display (VFR),0,21,4,0,25,0,91,29,0,120,0,112,33,0,145,16,0,16,161
01/23/2005,ACK,MA,ANE,EN,Towers with Display (VFR),0,0,0,0,0,0,0,0,0,0,0,0,0,0,0,0,0,0,0
01/24/2005,ACK,MA,ANE,EN,Towers with Display (VFR),0,0,0,0,0,0,0,1,0,1,0,0,1,0,1,0,0,0,1
01/25/2005,ACK,MA,ANE,EN,Towers with Display (VFR),0,12,2,0,14,0,102,7,0,109,0,114,9,0,123,2,0,2,125
01/26/2005,ACK,MA,ANE,EN,Towers with Display (VFR),0,49,6,0,55,0,15,4,0,19,0,64,10,0,74,0,0,0,74
01/27/2005,ACK,MA,ANE,EN,Towers with Display (VFR),0,61,4,0,65,0,32,9,0,41,0,93,13,0,106,0,0,0,106
01/28/2005,ACK,MA,ANE,EN,Towers with Display (VFR),0,119,16,0,135,0,76,16,2,94,0,195,32,2,229,0,0,0,229
01/29/2005,ACK,MA,ANE,EN,Towers with Display (VFR),0,9,3,0,12,0,142,58,0,200,0,151,61,0,212,2,0,2,214
01/30/2005,ACK,MA,ANE,EN,Towers with Display (VFR),0,46,9,0,55,0,120,20,0,140,0,166,29,0,195,0,0,0,195
01/31/2005,ACK,MA,ANE,EN,Towers with Display (VFR),0,25,3,0,28,0,198,31,0,229,0,223,34,0,257,0,0,0,257
02/01/2005,ACK,MA,ANE,EN,Towers with Display (VFR),0,20,4,0,24,0,198,66,0,264,0,218,70,0,288,10,2,12,300
02/02/2005,ACK,MA,ANE,EN,Towers with Display (VFR),0,21,3,0,24,0,207,74,0,281,0,228,77,0,305,28,0,28,333
02/03/2005,ACK,MA,ANE,EN,Towers with Display (VFR),0,176,18,4,198,0,7,1,0,8,0,183,19,4,206,0,0,0,206
02/04/2005,ACK,MA,ANE,EN,Towers with Display (VFR),0,173,25,0,198,0,36,7,0,43,0,209,32,0,241,0,0,0,241
02/05/2005,ACK,MA,ANE,EN,Towers with Display (VFR),0,11,5,0,16,0,166,61,2,229,0,177,66,2,245,0,0,0,245
02/06/2005,ACK,MA,ANE,EN,Towers with Display (VFR),0,16,8,0,24,0,148,53,0,201,0,164,61,0,225,0,0,0,225
02/07/2005,ACK,MA,ANE,EN,Towers with Display (VFR),0,81,10,0,91,0,144,41,0,185,0,225,51,0,276,0,0,0,276
02/08/2005,ACK,MA,ANE,EN,Towers with Display (VFR),0,27,6,0,33,0,215,68,4,287,0,242,74,4,320,2,0,2,322
02/09/2005,ACK,MA,ANE,EN,Towers with Display (VFR),0,25,3,0,28,0,192,63,6,261,0,217,66,6,289,16,0,16,305
02/10/2005,ACK,MA,ANE,EN,Towers with Display (VFR),0,110,18,0,128,0,6,2,0,8,0,116,20,0,136,0,0,0,136
02/11/2005,ACK,MA,ANE,EN,Towers with Display (VFR),0,27,3,0,30,0,218,46,1,265,0,245,49,1,295,0,0,0,295
02/12/2005,ACK,MA,ANE,EN,Towers with Display (VFR),0,10,13,0,23,0,157,52,0,209,0,167,65,0,232,0,0,0,232
02/13/2005,ACK,MA,ANE,EN,Towers with Display (VFR),0,52,7,0,59,0,128,34,0,162,0,180,41,0,221,0,0,0,221
02/14/2005,ACK,MA,ANE,EN,Towers with Display (VFR),0,22,7,0,29,0,228,47,0,275,0,250,54,0,304,0,0,0,304
02/15/2005,ACK,MA,ANE,EN,Towers with Display (VFR),0,89,12,2,103,0,110,36,6,152,0,199,48,8,255,4,0,4,259
02/16/2005,ACK,MA,ANE,EN,Towers with Display (VFR),0,85,16,0,101,0,169,41,2,212,0,254,57,2,313,0,0,0,313
02/17/2005,ACK,MA,ANE,EN,Towers with Display (VFR),0,21,11,0,32,0,237,63,4,304,0,258,74,4,336,10,28,38,374
02/18/2005,ACK,MA,ANE,EN,Towers with Display (VFR),0,61,15,2,78,0,220,39,0,259,0,281,54,2,337,0,0,0,337
02/19/2005,ACK,MA,ANE,EN,Towers with Display (VFR),0,11,8,0,19,0,168,57,0,225,0,179,65,0,244,4,0,4,248
02/20/2005,ACK,MA,ANE,EN,Towers with Display (VFR),0,11,9,0,20,0,175,87,0,262,0,186,96,0,282,6,0,6,288
02/21/2005,ACK,MA,ANE,EN,Towers with Display (VFR),0,51,4,0,55,0,0,0,0,0,0,51,4,0,55,0,0,0,55
02/22/2005,ACK,MA,ANE,EN,Towers with Display (VFR),0,211,25,4,240,0,3,7,0,10,0,214,32,4,250,0,0,0,250
02/23/2005,ACK,MA,ANE,EN,Towers with Display (VFR),0,77,18,0,95,0,159,31,0,190,0,236,49,0,285,30,0,30,315
02/24/2005,ACK,MA,ANE,EN,Towers with Display (VFR),0,39,4,0,43,0,233,53,0,286,0,272,57,0,329,7,0,7,336
02/25/2005,ACK,MA,ANE,EN,Towers with Display (VFR),0,23,2,0,25,0,89,11,0,100,0,112,13,0,125,0,0,0,125
02/26/2005,ACK,MA,ANE,EN,Towers with Display (VFR),0,12,6,0,18,0,176,74,0,250,0,188,80,0,268,0,0,0,268
02/27/2005,ACK,MA,ANE,EN,Towers with Display (VFR),0,15,6,0,21,0,179,62,2,243,0,194,68,2,264,0,0,0,264
02/28/2005,ACK,MA,ANE,EN,Towers with Display (VFR),0,27,4,2,33,0,153,34,8,195,0,180,38,10,228,0,0,0,228
03/01/2005,ACK,MA,ANE,EN,Towers with Display (VFR),0,34,7,0,41,0,59,14,0,73,0,93,21,0,114,0,0,0,114
03/02/2005,ACK,MA,ANE,EN,Towers with Display (VFR),0,31,6,0,37,0,249,54,0,303,0,280,60,0,340,14,0,14,354
03/03/2005,ACK,MA,ANE,EN,Towers with Display (VFR),0,22,2,4,28,0,230,87,2,319,0,252,89,6,347,40,0,40,387
03/04/2005,ACK,MA,ANE,EN,Towers with Display (VFR),0,30,9,0,39,0,247,77,0,324,0,277,86,0,363,0,0,0,363
03/05/2005,ACK,MA,ANE,EN,Towers with Display (VFR),0,15,8,0,23,0,188,98,4,290,0,203,106,4,313,14,6,20,333
03/06/2005,ACK,MA,ANE,EN,Towers with Display (VFR),0,46,8,0,54,0,186,26,0,212,0,232,34,0,266,8,0,8,274
03/07/2005,ACK,MA,ANE,EN,Towers with Display (VFR),0,26,4,6,36,0,211,56,0,267,0,237,60,6,303,18,14,32,335
03/08/2005,ACK,MA,ANE,EN,Towers with Display (VFR),0,51,14,0,65,0,60,12,0,72,0,111,26,0,137,0,0,0,137
03/09/2005,ACK,MA,ANE,EN,Towers with Display (VFR),0,19,2,0,21,0,160,26,0,186,0,179,28,0,207,0,0,0,207
03/10/2005,ACK,MA,ANE,EN,Towers with Display (VFR),0,26,11,0,37,0,272,49,4,325,0,298,60,4,362,2,0,2,364
03/11/2005,ACK,MA,ANE,EN,Towers with Display (VFR),0,116,14,4,134,0,145,25,0,170,0,261,39,4,304,8,2,10,314
03/12/2005,ACK,MA,ANE,EN,Towers with Display (VFR),0,93,11,0,104,0,0,0,0,0,0,93,11,0,104,0,0,0,104
03/13/2005,ACK,MA,ANE,EN,Towers with Display (VFR),0,40,19,0,59,0,122,30,0,152,0,162,49,0,211,0,4,4,215
03/14/2005,ACK,MA,ANE,EN,Towers with Display (VFR),0,23,1,0,24,0,222,60,0,282,0,245,61,0,306,6,0,6,312
03/15/2005,ACK,MA,ANE,EN,Towers with Display (VFR),0,25,6,0,31,0,253,62,0,315,0,278,68,0,346,6,0,6,352
03/16/2005,ACK,MA,ANE,EN,Towers with Display (VFR),0,21,8,3,32,0,286,82,1,369,0,307,90,4,401,18,0,18,419
03/17/2005,ACK,MA,ANE,EN,Towers with Display (VFR),0,24,6,0,30,0,236,60,4,300,0,260,66,4,330,5,4,9,339
03/18/2005,ACK,MA,ANE,EN,Towers with Display (VFR),0,20,8,3,31,0,291,57,0,348,0,311,65,3,379,10,2,12,391
03/19/2005,ACK,MA,ANE,EN,Towers with Display (VFR),0,8,6,0,14,0,174,83,0,257,0,182,89,0,271,18,0,18,289
03/20/2005,ACK,MA,ANE,EN,Towers with Display (VFR),0,15,6,0,21,0,193,44,0,237,0,208,50,0,258,2,0,2,260
03/21/2005,ACK,MA,ANE,EN,Towers with Display (VFR),0,214,21,0,235,0,23,5,0,28,0,237,26,0,263,0,0,0,263
03/22/2005,ACK,MA,ANE,EN,Towers with Display (VFR),0,18,10,0,28,0,227,73,0,300,0,245,83,0,328,0,2,2,330
03/23/2005,ACK,MA,ANE,EN,Towers with Display (VFR),0,30,6,0,36,0,200,35,2,237,0,230,41,2,273,0,0,0,273
03/24/2005,ACK,MA,ANE,EN,Towers with Display (VFR),0,106,15,1,122,0,70,14,0,84,0,176,29,1,206,0,0,0,206
03/25/2005,ACK,MA,ANE,EN,Towers with Display (VFR),0,27,13,2,42,0,270,71,0,341,0,297,84,2,383,0,0,0,383
03/26/2005,ACK,MA,ANE,EN,Towers with Display (VFR),0,9,14,0,23,0,187,78,0,265,0,196,92,0,288,8,0,8,296
03/27/2005,ACK,MA,ANE,EN,Towers with Display (VFR),0,13,9,0,22,0,187,73,0,260,0,200,82,0,282,0,0,0,282
03/28/2005,ACK,MA,ANE,EN,Towers with Display (VFR),0,150,28,0,178,0,25,1,0,26,0,175,29,0,204,0,0,0,204
03/29/2005,ACK,MA,ANE,EN,Towers with Display (VFR),0,56,35,0,91,0,0,0,0,0,0,56,35,0,91,0,0,0,91
03/30/2005,ACK,MA,ANE,EN,Towers with Display (VFR),0,20,9,1,30,0,280,76,1,357,0,300,85,2,387,0,0,0,387
03/31/2005,ACK,MA,ANE,EN,Towers with Display (VFR),0,17,6,8,31,0,263,89,2,354,0,280,95,10,385,14,2,16,401
04/01/2005,ACK,MA,ANE,EN,Towers with Display (VFR),0,21,9,0,30,0,244,63,0,307,0,265,72,0,337,10,0,10,347
04/02/2005,ACK,MA,ANE,EN,Towers with Display (VFR),0,89,8,0,97,0,0,0,0,0,0,89,8,0,97,0,0,0,97
04/03/2005,ACK,MA,ANE,EN,Towers with Display (VFR),0,42,10,0,52,0,163,17,0,180,0,205,27,0,232,20,0,20,252
04/04/2005,ACK,MA,ANE,EN,Towers with Display (VFR),0,96,12,0,108,0,201,43,0,244,0,297,55,0,352,0,0,0,352
04/05/2005,ACK,MA,ANE,EN,Towers with Display (VFR),0,22,2,0,24,0,241,67,12,320,0,263,69,12,344,0,0,0,344
04/06/2005,ACK,MA,ANE,EN,Towers with Display (VFR),0,27,11,0,38,0,262,93,0,355,0,289,104,0,393,0,0,0,393
04/07/2005,ACK,MA,ANE,EN,Towers with Display (VFR),0,28,11,0,39,0,252,66,1,319,0,280,77,1,358,6,0,6,364
04/08/2005,ACK,MA,ANE,EN,Towers with Display (VFR),0,126,31,0,157,0,147,28,0,175,0,273,59,0,332,4,0,4,336
04/09/2005,ACK,MA,ANE,EN,Towers with Display (VFR),0,9,11,0,20,0,183,78,0,261,0,192,89,0,281,14,0,14,295
04/10/2005,ACK,MA,ANE,EN,Towers with Display (VFR),0,14,17,0,31,0,168,144,0,312,0,182,161,0,343,6,0,6,349
04/11/2005,ACK,MA,ANE,EN,Towers with Display (VFR),0,21,8,0,29,0,268,49,2,319,0,289,57,2,348,12,0,12,360
04/12/2005,ACK,MA,ANE,EN,Towers with Display (VFR),0,41,5,2,48,0,266,60,0,326,0,307,65,2,374,0,0,0,374
04/13/2005,ACK,MA,ANE,EN,Towers with Display (VFR),0,35,10,0,45,0,286,57,0,343,0,321,67,0,388,4,0,4,392
04/14/2005,ACK,MA,ANE,EN,Towers with Display (VFR),0,34,12,0,46,0,259,100,2,361,0,293,112,2,407,44,0,44,451
04/15/2005,ACK,MA,ANE,EN,Towers with Display (VFR),0,32,6,0,38,0,299,76,0,375,0,331,82,0,413,0,0,0,413
04/16/2005,ACK,MA,ANE,EN,Towers with Display (VFR),0,23,16,0,39,0,186,104,0,290,0,209,120,0,329,0,0,0,329
04/17/2005,ACK,MA,ANE,EN,Towers with Display (VFR),0,19,8,0,27,0,185,117,0,302,0,204,125,0,329,0,0,0,329
04/18/2005,ACK,MA,ANE,EN,Towers with Display (VFR),0,32,11,0,43,0,235,70,0,305,0,267,81,0,348,0,0,0,348
04/19/2005,ACK,MA,ANE,EN,Towers with Display (VFR),0,22,7,2,31,0,240,57,0,297,0,262,64,2,328,0,0,0,328
04/20/2005,ACK,MA,ANE,EN,Towers with Display (VFR),0,19,15,0,34,0,272,99,0,371,0,291,114,0,405,8,0,8,413
04/21/2005,ACK,MA,ANE,EN,Towers with Display (VFR),0,75,13,0,88,0,243,77,2,322,0,318,90,2,410,0,0,0,410
04/22/2005,ACK,MA,ANE,EN,Towers with Display (VFR),0,50,29,1,80,0,354,109,3,466,0,404,138,4,546,0,0,0,546
04/23/2005,ACK,MA,ANE,EN,Towers with Display (VFR),0,81,20,0,101,0,55,7,0,62,0,136,27,0,163,0,0,0,163
04/24/2005,ACK,MA,ANE,EN,Towers with Display (VFR),0,169,36,0,205,0,176,33,0,209,0,345,69,0,414,0,0,0,414
04/25/2005,ACK,MA,ANE,EN,Towers with Display (VFR),0,40,13,0,53,0,236,47,0,283,0,276,60,0,336,0,0,0,336
04/26/2005,ACK,MA,ANE,EN,Towers with Display (VFR),0,27,4,0,31,0,261,78,0,339,0,288,82,0,370,0,0,0,370
04/27/2005,ACK,MA,ANE,EN,Towers with Display (VFR),0,226,13,0,239,0,0,0,0,0,0,226,13,0,239,0,0,0,239
04/28/2005,ACK,MA,ANE,EN,Towers with Display (VFR),0,124,26,2,152,0,182,52,0,234,0,306,78,2,386,8,0,8,394
04/29/2005,ACK,MA,ANE,EN,Towers with Display (VFR),0,30,20,0,50,0,315,78,2,395,0,345,98,2,445,6,0,6,451
04/30/2005,ACK,MA,ANE,EN,Towers with Display (VFR),0,89,19,0,108,0,0,0,0,0,0,89,19,0,108,0,0,0,108
05/01/2005,ACK,MA,ANE,EN,Towers with Display (VFR),0,136,51,2,189,0,39,6,0,45,0,175,57,2,234,0,0,0,234
05/02/2005,ACK,MA,ANE,EN,Towers with Display (VFR),0,30,10,4,44,0,245,60,0,305,0,275,70,4,349,0,0,0,349
05/03/2005,ACK,MA,ANE,EN,Towers with Display (VFR),0,32,25,0,57,0,239,61,0,300,0,271,86,0,357,0,2,2,359
05/04/2005,ACK,MA,ANE,EN,Towers with Display (VFR),0,27,13,2,42,0,261,92,2,355,0,288,105,4,397,0,0,0,397
05/05/2005,ACK,MA,ANE,EN,Towers with Display (VFR),0,30,14,0,44,0,281,113,0,394,0,311,127,0,438,5,0,5,443
05/06/2005,ACK,MA,ANE,EN,Towers with Display (VFR),0,43,17,0,60,0,277,73,2,352,0,320,90,2,412,8,0,8,420
05/07/2005,ACK,MA,ANE,EN,Towers with Display (VFR),0,26,7,0,33,0,0,0,0,0,0,26,7,0,33,0,0,0,33
05/08/2005,ACK,MA,ANE,EN,Towers with Display (VFR),0,39,29,0,68,0,0,0,0,0,0,39,29,0,68,0,0,0,68
05/09/2005,ACK,MA,ANE,EN,Towers with Display (VFR),0,299,44,1,344,0,0,0,1,1,0,299,44,2,345,0,0,0,345
05/10/2005,ACK,MA,ANE,EN,Towers with Display (VFR),0,38,18,0,56,0,274,84,4,362,0,312,102,4,418,0,0,0,418
05/11/2005,ACK,MA,ANE,EN,Towers with Display (VFR),0,209,45,0,254,0,0,0,0,0,0,209,45,0,254,0,0,0,254
05/12/2005,ACK,MA,ANE,EN,Towers with Display (VFR),0,42,12,0,54,0,262,85,0,347,0,304,97,0,401,22,0,22,423
05/13/2005,ACK,MA,ANE,EN,Towers with Display (VFR),0,26,17,0,43,0,332,116,1,449,0,358,133,1,492,24,0,24,516
05/14/2005,ACK,MA,ANE,EN,Towers with Display (VFR),0,23,27,0,50,0,211,56,0,267,0,234,83,0,317,0,0,0,317
05/15/2005,ACK,MA,ANE,EN,Towers with Display (VFR),0,213,31,0,244,0,0,0,0,0,0,213,31,0,244,0,0,0,244
05/16/2005,ACK,MA,ANE,EN,Towers with Display (VFR),0,200,29,0,229,0,110,24,0,134,0,310,53,0,363,0,0,0,363
05/17/2005,ACK,MA,ANE,EN,Towers with Display (VFR),0,242,58,0,300,0,8,8,0,16,0,250,66,0,316,0,0,0,316
05/18/2005,ACK,MA,ANE,EN,Towers with Display (VFR),0,309,41,0,350,0,26,15,0,41,0,335,56,0,391,0,0,0,391
05/19/2005,ACK,MA,ANE,EN,Towers with Display (VFR),0,96,25,2,123,0,287,128,0,415,0,383,153,2,538,32,0,32,570
05/20/2005,ACK,MA,ANE,EN,Towers with Display (VFR),0,41,28,0,69,0,358,93,2,453,0,399,121,2,522,8,0,8,530
05/21/2005,ACK,MA,ANE,EN,Towers with Display (VFR),0,189,32,0,221,0,28,6,0,34,0,217,38,0,255,0,0,0,255
05/22/2005,ACK,MA,ANE,EN,Towers with Display (VFR),0,88,79,0,167,0,282,71,0,353,0,370,150,0,520,2,0,2,522
05/23/2005,ACK,MA,ANE,EN,Towers with Display (VFR),0,303,68,0,371,0,26,12,0,38,0,329,80,0,409,0,0,0,409
05/24/2005,ACK,MA,ANE,EN,Towers with Display (VFR),0,246,29,0,275,0,10,0,0,10,0,256,29,0,285,0,0,0,285
05/25/2005,ACK,MA,ANE,EN,Towers with Display (VFR),0,101,27,0,128,0,0,0,0,0,0,101,27,0,128,0,0,0,128
05/26/2005,ACK,MA,ANE,EN,Towers with Display (VFR),0,313,70,0,383,0,0,0,0,0,0,313,70,0,383,0,0,0,383
05/27/2005,ACK,MA,ANE,EN,Towers with Display (VFR),0,332,118,0,450,0,233,95,0,328,0,565,213,0,778,0,0,0,778
05/28/2005,ACK,MA,ANE,EN,Towers with Display (VFR),0,47,33,0,80,0,289,131,0,420,0,336,164,0,500,2,0,2,502
05/29/2005,ACK,MA,ANE,EN,Towers with Display (VFR),0,89,30,0,119,0,140,62,0,202,0,229,92,0,321,0,0,0,321
05/30/2005,ACK,MA,ANE,EN,Towers with Display (VFR),0,142,103,0,245,0,420,206,0,626,0,562,309,0,871,6,0,6,877
05/31/2005,ACK,MA,ANE,EN,Towers with Display (VFR),0,283,63,0,346,0,110,73,0,183,0,393,136,0,529,8,0,8,537
06/01/2005,ACK,MA,ANE,EN,Towers with Display (VFR),0,198,50,0,248,0,129,48,0,177,0,327,98,0,425,0,0,0,425
06/02/2005,ACK,MA,ANE,EN,Towers with Display (VFR),0,347,96,2,445,0,0,0,0,0,0,347,96,2,445,0,0,0,445
06/03/2005,ACK,MA,ANE,EN,Towers with Display (VFR),0,206,96,0,302,0,178,38,0,216,0,384,134,0,518,12,0,12,530
06/04/2005,ACK,MA,ANE,EN,Towers with Display (VFR),0,142,51,0,193,0,80,30,0,110,0,222,81,0,303,0,0,0,303
06/05/2005,ACK,MA,ANE,EN,Towers with Display (VFR),2,57,45,0,104,0,294,176,0,470,2,351,221,0,574,0,0,0,574
06/06/2005,ACK,MA,ANE,EN,Towers with Display (VFR),0,299,77,2,378,0,0,0,0,0,0,299,77,2,378,0,0,0,378
06/07/2005,ACK,MA,ANE,EN,Towers with Display (VFR),0,203,51,3,257,0,10,0,0,10,0,213,51,3,267,0,0,0,267
06/08/2005,ACK,MA,ANE,EN,Towers with Display (VFR),0,44,9,0,53,0,342,96,4,442,0,386,105,4,495,0,0,0,495
06/09/2005,ACK,MA,ANE,EN,Towers with Display (VFR),0,304,99,0,403,0,53,28,0,81,0,357,127,0,484,0,0,0,484
06/10/2005,ACK,MA,ANE,EN,Towers with Display (VFR),0,283,110,0,393,0,112,29,0,141,0,395,139,0,534,0,0,0,534
06/11/2005,ACK,MA,ANE,EN,Towers with Display (VFR),0,74,44,0,118,0,211,75,4,290,0,285,119,4,408,0,0,0,408
06/12/2005,ACK,MA,ANE,EN,Towers with Display (VFR),0,334,126,0,460,0,26,3,0,29,0,360,129,0,489,0,0,0,489
06/13/2005,ACK,MA,ANE,EN,Towers with Display (VFR),0,130,52,0,182,0,231,56,0,287,0,361,108,0,469,0,0,0,469
06/14/2005,ACK,MA,ANE,EN,Towers with Display (VFR),0,190,46,0,236,0,166,44,0,210,0,356,90,0,446,0,0,0,446
06/15/2005,ACK,MA,ANE,EN,Towers with Display (VFR),0,300,76,0,376,0,37,14,0,51,0,337,90,0,427,0,0,0,427
06/16/2005,ACK,MA,ANE,EN,Towers with Display (VFR),0,310,118,0,428,0,56,26,0,82,0,366,144,0,510,0,0,0,510
06/17/2005,ACK,MA,ANE,EN,Towers with Display (VFR),0,224,99,2,325,0,280,103,2,385,0,504,202,4,710,0,0,0,710
06/18/2005,ACK,MA,ANE,EN,Towers with Display (VFR),0,206,83,0,289,0,93,54,0,147,0,299,137,0,436,16,0,16,452
06/19/2005,ACK,MA,ANE,EN,Towers with Display (VFR),0,180,124,0,304,0,237,90,0,327,0,417,214,0,631,0,0,0,631
06/20/2005,ACK,MA,ANE,EN,Towers with Display (VFR),0,64,49,0,113,0,334,150,0,484,0,398,199,0,597,6,0,6,603
06/21/2005,ACK,MA,ANE,EN,Towers with Display (VFR),0,56,16,0,72,0,304,113,0,417,0,360,129,0,489,24,4,28,517
06/22/2005,ACK,MA,ANE,EN,Towers with Display (VFR),0,145,63,1,209,0,250,125,0,375,0,395,188,1,584,6,0,6,590
06/23/2005,ACK,MA,ANE,EN,Towers with Display (VFR),0,78,34,6,118,0,346,136,0,482,0,424,170,6,600,10,12,22,622
06/24/2005,ACK,MA,ANE,EN,Towers with Display (VFR),0,96,50,2,148,0,380,191,0,571,0,476,241,2,719,0,0,0,719
06/25/2005,ACK,MA,ANE,EN,Towers with Display (VFR),0,80,50,0,130,0,259,143,0,402,0,339,193,0,532,0,0,0,532
06/26/2005,ACK,MA,ANE,EN,Towers with Display (VFR),0,129,114,0,243,0,331,130,0,461,0,460,244,0,704,2,0,2,706
06/27/2005,ACK,MA,ANE,EN,Towers with Display (VFR),0,282,138,0,420,0,0,0,0,0,0,282,138,0,420,0,0,0,420
06/28/2005,ACK,MA,ANE,EN,Towers with Display (VFR),0,206,116,4,326,0,0,0,0,0,0,206,116,4,326,0,0,0,326
06/29/2005,ACK,MA,ANE,EN,Towers with Display (VFR),0,222,111,1,334,0,103,35,2,140,0,325,146,3,474,6,6,12,486
06/30/2005,ACK,MA,ANE,EN,Towers with Display (VFR),0,407,187,0,594,0,70,7,0,77,0,477,194,0,671,0,0,0,671
07/01/2005,ACK,MA,ANE,EN,Towers with Display (VFR),0,444,267,0,711,0,7,0,0,7,0,451,267,0,718,0,0,0,718
07/02/2005,ACK,MA,ANE,EN,Towers with Display (VFR),0,231,157,0,388,0,239,92,0,331,0,470,249,0,719,0,0,0,719
07/03/2005,ACK,MA,ANE,EN,Towers with Display (VFR),0,54,39,0,93,0,238,199,0,437,0,292,238,0,530,2,0,2,532
07/04/2005,ACK,MA,ANE,EN,Towers with Display (VFR),0,135,81,0,216,0,218,134,0,352,0,353,215,0,568,4,0,4,572
07/05/2005,ACK,MA,ANE,EN,Towers with Display (VFR),0,377,231,0,608,0,0,0,0,0,0,377,231,0,608,0,0,0,608
07/06/2005,ACK,MA,ANE,EN,Towers with Display (VFR),0,394,122,0,516,0,0,0,0,0,0,394,122,0,516,0,0,0,516
07/07/2005,ACK,MA,ANE,EN,Towers with Display (VFR),0,402,118,0,520,0,0,0,0,0,0,402,118,0,520,0,0,0,520
07/08/2005,ACK,MA,ANE,EN,Towers with Display (VFR),0,391,143,0,534,0,0,0,0,0,0,391,143,0,534,0,0,0,534
07/09/2005,ACK,MA,ANE,EN,Towers with Display (VFR),0,228,121,0,349,0,99,57,0,156,0,327,178,0,505,0,0,0,505
07/10/2005,ACK,MA,ANE,EN,Towers with Display (VFR),0,103,100,0,203,0,391,191,0,582,0,494,291,0,785,0,0,0,785
07/11/2005,ACK,MA,ANE,EN,Towers with Display (VFR),0,94,69,0,163,0,401,179,0,580,0,495,248,0,743,2,0,2,745
07/12/2005,ACK,MA,ANE,EN,Towers with Display (VFR),0,85,32,0,117,0,344,120,0,464,0,429,152,0,581,0,0,0,581
07/13/2005,ACK,MA,ANE,EN,Towers with Display (VFR),0,388,110,0,498,0,26,15,0,41,0,414,125,0,539,0,0,0,539
07/14/2005,ACK,MA,ANE,EN,Towers with Display (VFR),0,342,104,0,446,0,140,92,0,232,0,482,196,0,678,16,0,16,694
07/15/2005,ACK,MA,ANE,EN,Towers with Display (VFR),0,351,160,0,511,0,173,67,0,240,0,524,227,0,751,0,0,0,751
07/16/2005,ACK,MA,ANE,EN,Towers with Display (VFR),0,125,106,0,231,0,218,74,0,292,0,343,180,0,523,0,0,0,523
07/17/2005,ACK,MA,ANE,EN,Towers with Display (VFR),2,292,136,1,431,0,190,77,1,268,2,482,213,2,699,0,0,0,699
07/18/2005,ACK,MA,ANE,EN,Towers with Display (VFR),0,219,125,0,344,0,0,0,0,0,0,219,125,0,344,0,0,0,344
07/19/2005,ACK,MA,ANE,EN,Towers with Display (VFR),0,246,96,0,342,0,0,0,0,0,0,246,96,0,342,0,0,0,342
07/20/2005,ACK,MA,ANE,EN,Towers with Display (VFR),0,100,55,0,155,0,386,182,0,568,0,486,237,0,723,0,0,0,723
07/21/2005,ACK,MA,ANE,EN,Towers with Display (VFR),2,100,46,0,148,0,387,217,2,606,2,487,263,2,754,2,0,2,756
07/22/2005,ACK,MA,ANE,EN,Towers with Display (VFR),0,224,113,0,337,0,249,125,8,382,0,473,238,8,719,0,0,0,719
07/23/2005,ACK,MA,ANE,EN,Towers with Display (VFR),0,99,76,0,175,0,283,192,0,475,0,382,268,0,650,10,0,10,660
07/24/2005,ACK,MA,ANE,EN,Towers with Display (VFR),0,114,93,0,207,0,410,324,0,734,0,524,417,0,941,0,0,0,941
07/25/2005,ACK,MA,ANE,EN,Towers with Display (VFR),0,135,87,0,222,0,309,120,0,429,0,444,207,0,651,0,0,0,651
07/26/2005,ACK,MA,ANE,EN,Towers with Display (VFR),0,333,88,0,421,0,16,11,0,27,0,349,99,0,448,0,0,0,448
07/27/2005,ACK,MA,ANE,EN,Towers with Display (VFR),0,374,75,0,449,0,0,0,0,0,0,374,75,0,449,0,0,0,449
07/28/2005,ACK,MA,ANE,EN,Towers with Display (VFR),0,207,121,0,328,0,279,119,0,398,0,486,240,0,726,0,0,0,726
07/29/2005,ACK,MA,ANE,EN,Towers with Display (VFR),0,129,65,0,194,0,470,210,0,680,0,599,275,0,874,0,0,0,874
07/30/2005,ACK,MA,ANE,EN,Towers with Display (VFR),0,310,117,0,427,0,60,39,0,99,0,370,156,0,526,0,0,0,526
07/31/2005,ACK,MA,ANE,EN,Towers with Display (VFR),0,396,237,0,633,0,6,6,0,12,0,402,243,0,645,0,0,0,645
08/01/2005,ACK,MA,ANE,EN,Towers with Display (VFR),0,149,103,0,252,0,343,107,0,450,0,492,210,0,702,0,0,0,702
08/02/2005,ACK,MA,ANE,EN,Towers with Display (VFR),0,125,48,0,173,0,278,111,0,389,0,403,159,0,562,2,0,2,564
08/03/2005,ACK,MA,ANE,EN,Towers with Display (VFR),0,106,57,0,163,0,331,157,0,488,0,437,214,0,651,0,0,0,651
08/04/2005,ACK,MA,ANE,EN,Towers with Display (VFR),0,97,67,0,164,0,375,194,7,576,0,472,261,7,740,6,0,6,746
08/05/2005,ACK,MA,ANE,EN,Towers with Display (VFR),0,389,159,2,550,0,95,51,0,146,0,484,210,2,696,0,10,10,706
08/06/2005,ACK,MA,ANE,EN,Towers with Display (VFR),0,93,61,0,154,0,331,209,0,540,0,424,270,0,694,0,0,0,694
08/07/2005,ACK,MA,ANE,EN,Towers with Display (VFR),0,121,94,0,215,0,368,221,0,589,0,489,315,0,804,0,0,0,804
08/08/2005,ACK,MA,ANE,EN,Towers with Display (VFR),0,150,90,0,240,0,310,74,0,384,0,460,164,0,624,0,8,8,632
08/09/2005,ACK,MA,ANE,EN,Towers with Display (VFR),0,327,107,0,434,0,113,27,0,140,0,440,134,0,574,0,0,0,574
08/10/2005,ACK,MA,ANE,EN,Towers with Display (VFR),0,280,136,0,416,0,139,53,2,194,0,419,189,2,610,0,0,0,610
08/11/2005,ACK,MA,ANE,EN,Towers with Display (VFR),0,315,171,2,488,0,129,60,0,189,0,444,231,2,677,0,0,0,677
08/12/2005,ACK,MA,ANE,EN,Towers with Display (VFR),0,255,186,0,441,0,227,83,2,312,0,482,269,2,753,0,0,0,753
08/13/2005,ACK,MA,ANE,EN,Towers with Display (VFR),0,409,139,0,548,0,33,16,0,49,0,442,155,0,597,0,0,0,597
08/14/2005,ACK,MA,ANE,EN,Towers with Display (VFR),0,438,176,0,614,0,16,4,0,20,0,454,180,0,634,0,0,0,634
08/15/2005,ACK,MA,ANE,EN,Towers with Display (VFR),0,420,198,0,618,0,21,4,0,25,0,441,202,0,643,0,0,0,643
08/16/2005,ACK,MA,ANE,EN,Towers with Display (VFR),0,196,91,0,287,0,215,76,0,291,0,411,167,0,578,26,0,26,604
08/17/2005,ACK,MA,ANE,EN,Towers with Display (VFR),0,92,52,0,144,0,386,200,0,586,0,478,252,0,730,0,0,0,730
08/18/2005,ACK,MA,ANE,EN,Towers with Display (VFR),0,97,57,0,154,0,470,264,29,763,0,567,321,29,917,8,0,8,925
08/19/2005,ACK,MA,ANE,EN,Towers with Display (VFR),0,144,102,0,246,0,462,225,0,687,0,606,327,0,933,0,0,0,933
08/20/2005,ACK,MA,ANE,EN,Towers with Display (VFR),0,359,126,0,485,0,54,46,0,100,0,413,172,0,585,0,0,0,585
08/21/2005,ACK,MA,ANE,EN,Towers with Display (VFR),0,422,159,0,581,0,103,90,0,193,0,525,249,0,774,0,0,0,774
08/22/2005,ACK,MA,ANE,EN,Towers with Display (VFR),0,118,52,0,170,0,365,152,0,517,0,483,204,0,687,0,0,0,687
08/23/2005,ACK,MA,ANE,EN,Towers with Display (VFR),0,91,51,0,142,0,358,167,0,525,0,449,218,0,667,0,0,0,667
08/24/2005,ACK,MA,ANE,EN,Towers with Display (VFR),0,104,55,0,159,0,366,172,0,538,0,470,227,0,697,4,0,4,701
08/25/2005,ACK,MA,ANE,EN,Towers with Display (VFR),2,108,52,0,162,0,365,188,2,555,2,473,240,2,717,14,0,14,731
08/26/2005,ACK,MA,ANE,EN,Towers with Display (VFR),0,90,54,0,144,0,407,194,0,601,0,497,248,0,745,0,0,0,745
08/27/2005,ACK,MA,ANE,EN,Towers with Display (VFR),0,84,61,0,145,0,317,221,0,538,0,401,282,0,683,0,0,0,683
08/28/2005,ACK,MA,ANE,EN,Towers with Display (VFR),0,116,128,0,244,0,390,127,0,517,0,506,255,0,761,0,0,0,761
08/29/2005,ACK,MA,ANE,EN,Towers with Display (VFR),0,186,100,0,286,0,275,81,2,358,0,461,181,2,644,6,0,6,650
08/30/2005,ACK,MA,ANE,EN,Towers with Display (VFR),0,285,67,0,352,0,76,23,0,99,0,361,90,0,451,0,0,0,451
08/31/2005,ACK,MA,ANE,EN,Towers with Display (VFR),0,207,63,0,270,0,168,39,0,207,0,375,102,0,477,0,0,0,477
09/01/2005,ACK,MA,ANE,EN,Towers with Display (VFR),0,115,41,0,156,0,349,157,0,506,0,464,198,0,662,4,0,4,666
09/02/2005,ACK,MA,ANE,EN,Towers with Display (VFR),0,105,95,0,200,0,462,167,0,629,0,567,262,0,829,0,0,0,829
09/03/2005,ACK,MA,ANE,EN,Towers with Display (VFR),0,61,49,0,110,0,313,209,2,524,0,374,258,2,634,0,0,0,634
09/04/2005,ACK,MA,ANE,EN,Towers with Display (VFR),0,69,39,0,108,0,274,156,0,430,0,343,195,0,538,2,2,4,542
09/05/2005,ACK,MA,ANE,EN,Towers with Display (VFR),0,109,102,0,211,0,551,282,0,833,0,660,384,0,1044,0,0,0,1044
09/06/2005,ACK,MA,ANE,EN,Towers with Display (VFR),0,69,31,0,100,0,415,147,0,562,0,484,178,0,662,2,0,2,664
09/07/2005,ACK,MA,ANE,EN,Towers with Display (VFR),0,47,21,0,68,0,325,102,0,427,0,372,123,0,495,6,0,6,501
09/08/2005,ACK,MA,ANE,EN,Towers with Display (VFR),0,57,22,0,79,0,348,156,0,504,0,405,178,0,583,8,0,8,591
09/09/2005,ACK,MA,ANE,EN,Towers with Display (VFR),0,139,39,2,180,0,356,132,0,488,0,495,171,2,668,8,0,8,676
09/10/2005,ACK,MA,ANE,EN,Towers with Display (VFR),0,35,25,0,60,0,259,154,0,413,0,294,179,0,473,0,0,0,473
09/11/2005,ACK,MA,ANE,EN,Towers with Display (VFR),0,51,35,0,86,0,379,229,0,608,0,430,264,0,694,10,0,10,704
09/12/2005,ACK,MA,ANE,EN,Towers with Display (VFR),0,52,27,2,81,0,413,135,2,550,0,465,162,4,631,0,2,2,633
09/13/2005,ACK,MA,ANE,EN,Towers with Display (VFR),0,46,22,1,69,0,314,105,0,419,0,360,127,1,488,0,0,0,488
09/14/2005,ACK,MA,ANE,EN,Towers with Display (VFR),0,123,46,0,169,0,158,20,0,178,0,281,66,0,347,0,0,0,347
09/15/2005,ACK,MA,ANE,EN,Towers with Display (VFR),0,185,62,0,247,0,78,26,0,104,0,263,88,0,351,0,0,0,351
09/16/2005,ACK,MA,ANE,EN,Towers with Display (VFR),0,315,85,0,400,0,0,0,0,0,0,315,85,0,400,0,0,0,400
09/17/2005,ACK,MA,ANE,EN,Towers with Display (VFR),0,128,33,0,161,0,7,4,0,11,0,135,37,0,172,0,0,0,172
09/18/2005,ACK,MA,ANE,EN,Towers with Display (VFR),0,142,73,0,215,0,248,92,0,340,0,390,165,0,555,0,0,0,555
09/19/2005,ACK,MA,ANE,EN,Towers with Display (VFR),0,37,19,0,56,0,326,122,0,448,0,363,141,0,504,2,0,2,506
09/20/2005,ACK,MA,ANE,EN,Towers with Display (VFR),0,207,43,2,252,0,111,24,0,135,0,318,67,2,387,0,0,0,387
09/21/2005,ACK,MA,ANE,EN,Towers with Display (VFR),0,39,14,0,53,0,324,85,0,409,0,363,99,0,462,0,0,0,462
09/22/2005,ACK,MA,ANE,EN,Towers with Display (VFR),0,50,22,1,73,0,368,145,7,520,0,418,167,8,593,16,0,16,609
09/23/2005,ACK,MA,ANE,EN,Towers with Display (VFR),0,72,36,4,112,0,404,144,2,550,0,476,180,6,662,2,0,2,664
09/24/2005,ACK,MA,ANE,EN,Towers with Display (VFR),0,28,26,0,54,0,241,125,0,366,0,269,151,0,420,8,0,8,428
09/25/2005,ACK,MA,ANE,EN,Towers with Display (VFR),0,47,42,0,89,0,393,134,0,527,0,440,176,0,616,0,0,0,616
09/26/2005,ACK,MA,ANE,EN,Towers with Display (VFR),0,62,24,0,86,0,298,54,0,352,0,360,78,0,438,10,0,10,448
09/27/2005,ACK,MA,ANE,EN,Towers with Display (VFR),0,31,7,0,38,0,304,61,2,367,0,335,68,2,405,2,4,6,411
09/28/2005,ACK,MA,ANE,EN,Towers with Display (VFR),0,30,16,0,46,0,353,128,0,481,0,383,144,0,527,4,0,4,531
09/29/2005,ACK,MA,ANE,EN,Towers with Display (VFR),0,76,30,0,106,0,272,48,0,320,0,348,78,0,426,10,0,10,436
09/30/2005,ACK,MA,ANE,EN,Towers with Display (VFR),0,32,33,0,65,0,377,123,0,500,0,409,156,0,565,18,0,18,583
10/01/2005,ACK,MA,ANE,EN,Towers with Display (VFR),0,23,28,0,51,0,212,113,0,325,0,235,141,0,376,8,0,8,384
10/02/2005,ACK,MA,ANE,EN,Towers with Display (VFR),0,30,37,0,67,0,333,130,0,463,0,363,167,0,530,4,0,4,534
10/03/2005,ACK,MA,ANE,EN,Towers with Display (VFR),0,101,25,0,126,0,218,96,0,314,0,319,121,0,440,4,0,4,444
10/04/2005,ACK,MA,ANE,EN,Towers with Display (VFR),0,196,30,0,226,0,77,41,0,118,0,273,71,0,344,4,0,4,348
10/05/2005,ACK,MA,ANE,EN,Towers with Display (VFR),0,138,32,3,173,0,25,9,0,34,0,163,41,3,207,0,0,0,207
10/06/2005,ACK,MA,ANE,EN,Towers with Display (VFR),0,237,59,2,298,0,0,0,0,0,0,237,59,2,298,0,0,0,298
10/07/2005,ACK,MA,ANE,EN,Towers with Display (VFR),0,204,87,7,298,0,213,42,5,260,0,417,129,12,558,16,8,24,582
10/08/2005,ACK,MA,ANE,EN,Towers with Display (VFR),0,131,32,0,163,0,91,14,0,105,0,222,46,0,268,0,0,0,268
10/09/2005,ACK,MA,ANE,EN,Towers with Display (VFR),0,185,36,0,221,0,1,0,0,1,0,186,36,0,222,0,0,0,222
10/10/2005,ACK,MA,ANE,EN,Towers with Display (VFR),0,382,80,0,462,0,0,0,0,0,0,382,80,0,462,0,0,0,462
10/11/2005,ACK,MA,ANE,EN,Towers with Display (VFR),0,251,39,0,290,0,0,0,0,0,0,251,39,0,290,0,0,0,290
10/12/2005,ACK,MA,ANE,EN,Towers with Display (VFR),0,121,17,0,138,0,187,33,0,220,0,308,50,0,358,0,0,0,358
10/13/2005,ACK,MA,ANE,EN,Towers with Display (VFR),0,96,14,0,110,0,198,47,0,245,0,294,61,0,355,0,0,0,355
10/14/2005,ACK,MA,ANE,EN,Towers with Display (VFR),0,132,39,0,171,0,200,26,0,226,0,332,65,0,397,0,0,0,397
10/15/2005,ACK,MA,ANE,EN,Towers with Display (VFR),0,168,38,0,206,0,14,0,0,14,0,182,38,0,220,0,0,0,220
10/16/2005,ACK,MA,ANE,EN,Towers with Display (VFR),0,39,22,0,61,0,316,47,0,363,0,355,69,0,424,0,0,0,424
10/17/2005,ACK,MA,ANE,EN,Towers with Display (VFR),0,36,7,0,43,0,307,69,0,376,0,343,76,0,419,0,0,0,419
10/18/2005,ACK,MA,ANE,EN,Towers with Display (VFR),0,29,6,0,35,0,255,43,0,298,0,284,49,0,333,6,0,6,339
10/19/2005,ACK,MA,ANE,EN,Towers with Display (VFR),0,21,10,0,31,0,274,92,0,366,0,295,102,0,397,4,0,4,401
10/20/2005,ACK,MA,ANE,EN,Towers with Display (VFR),0,39,14,0,53,0,314,102,0,416,0,353,116,0,469,0,0,0,469
10/21/2005,ACK,MA,ANE,EN,Towers with Display (VFR),0,34,15,6,55,0,310,120,0,430,0,344,135,6,485,0,2,2,487
10/22/2005,ACK,MA,ANE,EN,Towers with Display (VFR),0,53,16,0,69,0,143,46,0,189,0,196,62,0,258,0,0,0,258
10/23/2005,ACK,MA,ANE,EN,Towers with Display (VFR),0,170,29,0,199,0,104,17,0,121,0,274,46,0,320,0,0,0,320
10/24/2005,ACK,MA,ANE,EN,Towers with Display (VFR),0,58,18,0,76,0,246,50,0,296,0,304,68,0,372,4,0,4,376
10/25/2005,ACK,MA,ANE,EN,Towers with Display (VFR),0,34,12,2,48,0,0,0,0,0,0,34,12,2,48,0,0,0,48
10/26/2005,ACK,MA,ANE,EN,Towers with Display (VFR),0,76,13,0,89,0,213,26,0,239,0,289,39,0,328,0,0,0,328
10/27/2005,ACK,MA,ANE,EN,Towers with Display (VFR),0,43,14,1,58,0,271,91,2,364,0,314,105,3,422,0,0,0,422
10/28/2005,ACK,MA,ANE,EN,Towers with Display (VFR),0,31,12,0,43,0,288,52,2,342,0,319,64,2,385,16,0,16,401
10/29/2005,ACK,MA,ANE,EN,Towers with Display (VFR),0,77,20,2,99,0,99,8,0,107,0,176,28,2,206,0,0,0,206
10/30/2005,ACK,MA,ANE,EN,Towers with Display (VFR),0,23,23,0,46,0,235,97,0,332,0,258,120,0,378,6,0,6,384
10/31/2005,ACK,MA,ANE,EN,Towers with Display (VFR),0,22,5,2,29,0,229,74,4,307,0,251,79,6,336,8,0,8,344
11/01/2005,ACK,MA,ANE,EN,Towers with Display (VFR),0,27,6,1,34,0,257,87,0,344,0,284,93,1,378,0,2,2,380
11/02/2005,ACK,MA,ANE,EN,Towers with Display (VFR),0,26,9,4,39,0,247,98,1,346,0,273,107,5,385,0,0,0,385
11/03/2005,ACK,MA,ANE,EN,Towers with Display (VFR),0,24,7,0,31,0,272,49,0,321,0,296,56,0,352,6,0,6,358
11/04/2005,ACK,MA,ANE,EN,Towers with Display (VFR),0,22,15,2,39,0,283,100,0,383,0,305,115,2,422,24,0,24,446
11/05/2005,ACK,MA,ANE,EN,Towers with Display (VFR),0,46,19,0,65,0,117,67,0,184,0,163,86,0,249,0,0,0,249
11/06/2005,ACK,MA,ANE,EN,Towers with Display (VFR),0,95,30,0,125,0,140,41,0,181,0,235,71,0,306,0,0,0,306
11/07/2005,ACK,MA,ANE,EN,Towers with Display (VFR),0,23,5,0,28,0,264,52,0,316,0,287,57,0,344,0,0,0,344
11/08/2005,ACK,MA,ANE,EN,Towers with Display (VFR),0,21,7,0,28,0,226,74,0,300,0,247,81,0,328,6,0,6,334
11/09/2005,ACK,MA,ANE,EN,Towers with Display (VFR),0,21,10,0,31,0,241,58,0,299,0,262,68,0,330,2,0,2,332
11/10/2005,ACK,MA,ANE,EN,Towers with Display (VFR),0,93,16,0,109,0,171,31,0,202,0,264,47,0,311,2,0,2,313
11/11/2005,ACK,MA,ANE,EN,Towers with Display (VFR),0,13,9,0,22,0,271,78,0,349,0,284,87,0,371,4,0,4,375
11/12/2005,ACK,MA,ANE,EN,Towers with Display (VFR),0,16,5,0,21,0,194,128,0,322,0,210,133,0,343,4,0,4,347
11/13/2005,ACK,MA,ANE,EN,Towers with Display (VFR),0,11,13,0,24,0,226,119,0,345,0,237,132,0,369,0,0,0,369
11/14/2005,ACK,MA,ANE,EN,Towers with Display (VFR),0,26,10,0,36,0,267,65,0,332,0,293,75,0,368,2,2,4,372
11/15/2005,ACK,MA,ANE,EN,Towers with Display (VFR),0,79,16,0,95,0,150,23,0,173,0,229,39,0,268,0,0,0,268
11/16/2005,ACK,MA,ANE,EN,Towers with Display (VFR),0,32,7,3,42,0,274,57,2,333,0,306,64,5,375,6,0,6,381
11/17/2005,ACK,MA,ANE,EN,Towers with Display (VFR),0,85,19,0,104,0,218,46,0,264,0,303,65,0,368,0,0,0,368
11/18/2005,ACK,MA,ANE,EN,Towers with Display (VFR),0,19,7,0,26,0,303,98,0,401,0,322,105,0,427,34,0,34,461
11/19/2005,ACK,MA,ANE,EN,Towers with Display (VFR),0,14,5,0,19,0,208,108,0,316,0,222,113,0,335,2,0,2,337
11/20/2005,ACK,MA,ANE,EN,Towers with Display (VFR),0,17,6,0,23,0,194,87,0,281,0,211,93,0,304,0,0,0,304
11/21/2005,ACK,MA,ANE,EN,Towers with Display (VFR),0,15,9,0,24,0,270,67,0,337,0,285,76,0,361,0,0,0,361
11/22/2005,ACK,MA,ANE,EN,Towers with Display (VFR),0,197,41,0,238,0,52,11,0,63,0,249,52,0,301,0,0,0,301
11/23/2005,ACK,MA,ANE,EN,Towers with Display (VFR),0,43,57,0,100,0,394,98,0,492,0,437,155,0,592,10,0,10,602
11/24/2005,ACK,MA,ANE,EN,Towers with Display (VFR),0,30,3,0,33,0,120,3,0,123,0,150,6,0,156,0,0,0,156
11/25/2005,ACK,MA,ANE,EN,Towers with Display (VFR),0,24,10,0,34,0,268,105,0,373,0,292,115,0,407,13,0,13,420
11/26/2005,ACK,MA,ANE,EN,Towers with Display (VFR),0,21,25,0,46,0,289,81,0,370,0,310,106,0,416,0,0,0,416
11/27/2005,ACK,MA,ANE,EN,Towers with Display (VFR),0,68,36,0,104,0,305,87,0,392,0,373,123,0,496,0,0,0,496
11/28/2005,ACK,MA,ANE,EN,Towers with Display (VFR),0,45,12,0,57,0,242,52,0,294,0,287,64,0,351,0,0,0,351
11/29/2005,ACK,MA,ANE,EN,Towers with Display (VFR),0,34,9,0,43,0,247,33,0,280,0,281,42,0,323,0,0,0,323
11/30/2005,ACK,MA,ANE,EN,Towers with Display (VFR),0,128,13,0,141,0,106,31,0,137,0,234,44,0,278,0,0,0,278
12/01/2005,ACK,MA,ANE,EN,Towers with Display (VFR),0,138,48,0,186,0,128,37,0,165,0,266,85,0,351,0,0,0,351
12/02/2005,ACK,MA,ANE,EN,Towers with Display (VFR),0,94,56,0,150,0,391,70,0,461,0,485,126,0,611,0,47,47,658
12/03/2005,ACK,MA,ANE,EN,Towers with Display (VFR),0,22,25,0,47,0,226,109,0,335,0,248,134,0,382,0,0,0,382
12/04/2005,ACK,MA,ANE,EN,Towers with Display (VFR),0,299,91,0,390,0,2,0,0,2,0,301,91,0,392,0,0,0,392
12/05/2005,ACK,MA,ANE,EN,Towers with Display (VFR),0,23,14,0,37,0,300,80,0,380,0,323,94,0,417,0,0,0,417
12/06/2005,ACK,MA,ANE,EN,Towers with Display (VFR),0,85,5,0,90,0,47,16,0,63,0,132,21,0,153,0,0,0,153
12/07/2005,ACK,MA,ANE,EN,Towers with Display (VFR),0,23,7,0,30,0,238,64,0,302,0,261,71,0,332,0,0,0,332
12/08/2005,ACK,MA,ANE,EN,Towers with Display (VFR),0,21,5,6,32,0,279,51,2,332,0,300,56,8,364,40,2,42,406
12/09/2005,ACK,MA,ANE,EN,Towers with Display (VFR),0,46,18,0,64,0,57,2,0,59,0,103,20,0,123,0,0,0,123
12/10/2005,ACK,MA,ANE,EN,Towers with Display (VFR),0,13,7,0,20,0,230,83,0,313,0,243,90,0,333,6,0,6,339
12/11/2005,ACK,MA,ANE,EN,Towers with Display (VFR),0,11,8,0,19,0,183,53,0,236,0,194,61,0,255,12,0,12,267
12/12/2005,ACK,MA,ANE,EN,Towers with Display (VFR),0,14,3,0,17,0,249,68,0,317,0,263,71,0,334,0,0,0,334
12/13/2005,ACK,MA,ANE,EN,Towers with Display (VFR),0,75,11,0,86,0,163,37,0,200,0,238,48,0,286,0,0,0,286
12/14/2005,ACK,MA,ANE,EN,Towers with Display (VFR),0,83,5,0,88,0,169,49,0,218,0,252,54,0,306,0,0,0,306
12/15/2005,ACK,MA,ANE,EN,Towers with Display (VFR),0,19,7,0,26,0,274,45,0,319,0,293,52,0,345,0,0,0,345
12/16/2005,ACK,MA,ANE,EN,Towers with Display (VFR),0,132,12,0,144,0,78,28,0,106,0,210,40,0,250,0,0,0,250
12/17/2005,ACK,MA,ANE,EN,Towers with Display (VFR),0,10,4,0,14,0,210,61,0,271,0,220,65,0,285,0,0,0,285
12/18/2005,ACK,MA,ANE,EN,Towers with Display (VFR),0,7,9,0,16,0,211,94,0,305,0,218,103,0,321,4,0,4,325
12/19/2005,ACK,MA,ANE,EN,Towers with Display (VFR),0,36,3,0,39,0,227,28,0,255,0,263,31,0,294,0,0,0,294
12/20/2005,ACK,MA,ANE,EN,Towers with Display (VFR),0,18,3,0,21,0,227,51,0,278,0,245,54,0,299,10,0,10,309
12/21/2005,ACK,MA,ANE,EN,Towers with Display (VFR),0,24,3,0,27,0,288,45,0,333,0,312,48,0,360,30,0,30,390
12/22/2005,ACK,MA,ANE,EN,Towers with Display (VFR),0,23,3,2,28,0,304,84,2,390,0,327,87,4,418,0,4,4,422
12/23/2005,ACK,MA,ANE,EN,Towers with Display (VFR),0,20,8,0,28,0,248,48,0,296,0,268,56,0,324,0,2,2,326
12/24/2005,ACK,MA,ANE,EN,Towers with Display (VFR),0,8,3,0,11,0,131,44,0,175,0,139,47,0,186,4,0,4,190
12/25/2005,ACK,MA,ANE,EN,Towers with Display (VFR),0,29,1,0,30,0,80,0,0,80,0,109,1,0,110,0,0,0,110
12/26/2005,ACK,MA,ANE,EN,Towers with Display (VFR),0,141,6,0,147,0,10,0,0,10,0,151,6,0,157,0,0,0,157
12/27/2005,ACK,MA,ANE,EN,Towers with Display (VFR),0,14,0,0,14,0,241,48,0,289,0,255,48,0,303,0,0,0,303
12/28/2005,ACK,MA,ANE,EN,Towers with Display (VFR),0,14,8,3,25,0,233,93,1,327,0,247,101,4,352,0,0,0,352
12/29/2005,ACK,MA,ANE,EN,Towers with Display (VFR),0,148,23,0,171,0,12,3,0,15,0,160,26,0,186,0,0,0,186
12/30/2005,ACK,MA,ANE,EN,Towers with Display (VFR),0,83,12,0,95,0,165,39,0,204,0,248,51,0,299,0,0,0,299
12/31/2005,ACK,MA,ANE,EN,Towers with Display (VFR),0,31,13,0,44,0,144,38,0,182,0,175,51,0,226,2,0,2,228
01/01/2006,ACK,MA,ANE,EN,Towers with Display (VFR),0,68,2,0,70,0,84,4,0,88,0,152,6,0,158,0,0,0,158
01/02/2006,ACK,MA,ANE,EN,Towers with Display (VFR),0,14,7,0,21,0,186,26,0,212,0,200,33,0,233,0,0,0,233
01/03/2006,ACK,MA,ANE,EN,Towers with Display (VFR),0,132,13,0,145,0,4,0,0,4,0,136,13,0,149,0,0,0,149
01/04/2006,ACK,MA,ANE,EN,Towers with Display (VFR),0,25,8,0,33,0,205,38,0,243,0,230,46,0,276,0,0,0,276
01/05/2006,ACK,MA,ANE,EN,Towers with Display (VFR),0,169,21,0,190,0,28,4,0,32,0,197,25,0,222,0,0,0,222
01/06/2006,ACK,MA,ANE,EN,Towers with Display (VFR),0,178,19,0,197,0,38,8,0,46,0,216,27,0,243,0,0,0,243
01/07/2006,ACK,MA,ANE,EN,Towers with Display (VFR),0,10,1,0,11,0,168,76,0,244,0,178,77,0,255,14,2,16,271
01/08/2006,ACK,MA,ANE,EN,Towers with Display (VFR),0,41,2,1,44,0,116,13,0,129,0,157,15,1,173,0,0,0,173
01/09/2006,ACK,MA,ANE,EN,Towers with Display (VFR),0,23,4,0,27,0,224,19,0,243,0,247,23,0,270,0,0,0,270
01/10/2006,ACK,MA,ANE,EN,Towers with Display (VFR),0,20,1,4,25,0,225,78,0,303,0,245,79,4,328,0,4,4,332
01/11/2006,ACK,MA,ANE,EN,Towers with Display (VFR),0,88,27,0,115,0,122,28,2,152,0,210,55,2,267,0,0,0,267
01/12/2006,ACK,MA,ANE,EN,Towers with Display (VFR),0,32,3,4,39,0,264,65,0,329,0,296,68,4,368,0,9,9,377
01/13/2006,ACK,MA,ANE,EN,Towers with Display (VFR),0,95,23,2,120,0,79,20,0,99,0,174,43,2,219,0,0,0,219
01/14/2006,ACK,MA,ANE,EN,Towers with Display (VFR),0,115,17,0,132,0,0,0,0,0,0,115,17,0,132,0,0,0,132
01/15/2006,ACK,MA,ANE,EN,Towers with Display (VFR),0,37,6,0,43,0,31,9,0,40,0,68,15,0,83,0,0,0,83
01/16/2006,ACK,MA,ANE,EN,Towers with Display (VFR),0,14,2,0,16,0,238,39,0,277,0,252,41,0,293,0,0,0,293
01/17/2006,ACK,MA,ANE,EN,Towers with Display (VFR),0,11,0,0,11,0,251,36,0,287,0,262,36,0,298,0,0,0,298
01/18/2006,ACK,MA,ANE,EN,Towers with Display (VFR),0,49,16,2,67,0,86,20,2,108,0,135,36,4,175,0,0,0,175
01/19/2006,ACK,MA,ANE,EN,Towers with Display (VFR),0,20,4,0,24,0,274,51,0,325,0,294,55,0,349,4,0,4,353
01/20/2006,ACK,MA,ANE,EN,Towers with Display (VFR),0,23,7,8,38,0,267,85,4,356,0,290,92,12,394,23,0,23,417
01/21/2006,ACK,MA,ANE,EN,Towers with Display (VFR),0,18,11,0,29,0,159,62,0,221,0,177,73,0,250,2,0,2,252
01/22/2006,ACK,MA,ANE,EN,Towers with Display (VFR),0,14,12,0,26,0,187,106,0,293,0,201,118,0,319,0,0,0,319
01/23/2006,ACK,MA,ANE,EN,Towers with Display (VFR),0,150,18,2,170,0,5,0,0,5,0,155,18,2,175,0,0,0,175
01/24/2006,ACK,MA,ANE,EN,Towers with Display (VFR),0,23,7,2,32,0,249,48,2,299,0,272,55,4,331,0,0,0,331
01/25/2006,ACK,MA,ANE,EN,Towers with Display (VFR),0,104,15,0,119,0,109,29,0,138,0,213,44,0,257,0,0,0,257
01/26/2006,ACK,MA,ANE,EN,Towers with Display (VFR),0,58,15,0,73,0,174,26,0,200,0,232,41,0,273,0,0,0,273
01/27/2006,ACK,MA,ANE,EN,Towers with Display (VFR),0,21,7,2,30,0,263,47,1,311,0,284,54,3,341,0,3,3,344
01/28/2006,ACK,MA,ANE,EN,Towers with Display (VFR),0,12,5,0,17,0,160,88,0,248,0,172,93,0,265,0,0,0,265
01/29/2006,ACK,MA,ANE,EN,Towers with Display (VFR),0,42,8,0,50,0,145,36,0,181,0,187,44,0,231,0,0,0,231
01/30/2006,ACK,MA,ANE,EN,Towers with Display (VFR),0,185,24,0,209,0,20,7,0,27,0,205,31,0,236,4,4,8,244
01/31/2006,ACK,MA,ANE,EN,Towers with Display (VFR),0,149,14,0,163,0,0,0,0,0,0,149,14,0,163,0,0,0,163
02/01/2006,ACK,MA,ANE,EN,Towers with Display (VFR),0,35,15,0,50,0,240,31,0,271,0,275,46,0,321,0,0,0,321
02/02/2006,ACK,MA,ANE,EN,Towers with Display (VFR),0,23,3,3,29,0,262,74,7,343,0,285,77,10,372,0,4,4,376
02/03/2006,ACK,MA,ANE,EN,Towers with Display (VFR),0,114,28,0,142,0,44,0,0,44,0,158,28,0,186,0,0,0,186
02/04/2006,ACK,MA,ANE,EN,Towers with Display (VFR),0,41,19,1,61,0,102,30,3,135,0,143,49,4,196,10,0,10,206
02/05/2006,ACK,MA,ANE,EN,Towers with Display (VFR),0,61,21,0,82,0,83,9,0,92,0,144,30,0,174,0,0,0,174
02/06/2006,ACK,MA,ANE,EN,Towers with Display (VFR),0,17,0,0,17,0,242,47,0,289,0,259,47,0,306,0,0,0,306
02/07/2006,ACK,MA,ANE,EN,Towers with Display (VFR),0,21,1,0,22,0,220,48,0,268,0,241,49,0,290,0,0,0,290
02/08/2006,ACK,MA,ANE,EN,Towers with Display (VFR),0,27,11,0,38,0,236,65,0,301,0,263,76,0,339,2,0,2,341
02/09/2006,ACK,MA,ANE,EN,Towers with Display (VFR),0,23,4,0,27,0,254,56,0,310,0,277,60,0,337,0,0,0,337
02/10/2006,ACK,MA,ANE,EN,Towers with Display (VFR),0,14,8,0,22,0,279,61,0,340,0,293,69,0,362,7,8,15,377
02/11/2006,ACK,MA,ANE,EN,Towers with Display (VFR),0,10,6,0,16,0,193,43,0,236,0,203,49,0,252,8,0,8,260
02/12/2006,ACK,MA,ANE,EN,Towers with Display (VFR),0,0,0,0,0,0,0,0,0,0,0,0,0,0,0,0,0,0,0
02/13/2006,ACK,MA,ANE,EN,Towers with Display (VFR),0,9,6,0,15,0,170,19,0,189,0,179,25,0,204,12,0,12,216
02/14/2006,ACK,MA,ANE,EN,Towers with Display (VFR),0,20,0,0,20,0,242,48,0,290,0,262,48,0,310,0,0,0,310
02/15/2006,ACK,MA,ANE,EN,Towers with Display (VFR),0,11,1,0,12,0,271,59,0,330,0,282,60,0,342,0,0,0,342
02/16/2006,ACK,MA,ANE,EN,Towers with Display (VFR),0,29,17,7,53,0,214,69,7,290,0,243,86,14,343,2,0,2,345
02/17/2006,ACK,MA,ANE,EN,Towers with Display (VFR),0,24,2,0,26,0,250,27,0,277,0,274,29,0,303,0,0,0,303
02/18/2006,ACK,MA,ANE,EN,Towers with Display (VFR),0,20,2,0,22,0,180,55,0,235,0,200,57,0,257,0,0,0,257
02/19/2006,ACK,MA,ANE,EN,Towers with Display (VFR),0,13,4,0,17,0,182,65,0,247,0,195,69,0,264,0,0,0,264
02/20/2006,ACK,MA,ANE,EN,Towers with Display (VFR),0,15,4,0,19,0,231,81,0,312,0,246,85,0,331,0,0,0,331
02/21/2006,ACK,MA,ANE,EN,Towers with Display (VFR),0,17,2,0,19,0,294,60,0,354,0,311,62,0,373,0,0,0,373
02/22/2006,ACK,MA,ANE,EN,Towers with Display (VFR),0,16,10,0,26,0,282,71,6,359,0,298,81,6,385,0,0,0,385
02/23/2006,ACK,MA,ANE,EN,Towers with Display (VFR),0,39,14,0,53,0,259,63,0,322,0,298,77,0,375,0,0,0,375
02/24/2006,ACK,MA,ANE,EN,Towers with Display (VFR),0,29,13,1,43,0,279,49,3,331,0,308,62,4,374,6,4,10,384
02/25/2006,ACK,MA,ANE,EN,Towers with Display (VFR),0,40,11,0,51,0,113,31,0,144,0,153,42,0,195,12,0,12,207
02/26/2006,ACK,MA,ANE,EN,Towers with Display (VFR),0,28,5,0,33,0,129,19,2,150,0,157,24,2,183,0,4,4,187
02/27/2006,ACK,MA,ANE,EN,Towers with Display (VFR),0,15,2,1,18,0,235,51,0,286,0,250,53,1,304,0,0,0,304
02/28/2006,ACK,MA,ANE,EN,Towers with Display (VFR),0,18,7,0,25,0,236,58,2,296,0,254,65,2,321,0,0,0,321
03/01/2006,ACK,MA,ANE,EN,Towers with Display (VFR),0,12,6,0,18,0,266,76,4,346,0,278,82,4,364,0,0,0,364
03/02/2006,ACK,MA,ANE,EN,Towers with Display (VFR),0,22,8,0,30,0,103,26,0,129,0,125,34,0,159,0,0,0,159
03/03/2006,ACK,MA,ANE,EN,Towers with Display (VFR),0,35,3,0,38,0,287,57,0,344,0,322,60,0,382,8,0,8,390
03/04/2006,ACK,MA,ANE,EN,Towers with Display (VFR),0,15,5,0,20,0,189,45,0,234,0,204,50,0,254,0,0,0,254
03/05/2006,ACK,MA,ANE,EN,Towers with Display (VFR),0,13,8,0,21,0,205,59,0,264,0,218,67,0,285,0,0,0,285
03/06/2006,ACK,MA,ANE,EN,Towers with Display (VFR),0,18,1,0,19,0,268,62,0,330,0,286,63,0,349,16,0,16,365
03/07/2006,ACK,MA,ANE,EN,Towers with Display (VFR),0,25,7,0,32,0,264,74,0,338,0,289,81,0,370,0,6,6,376
03/08/2006,ACK,MA,ANE,EN,Towers with Display (VFR),0,14,3,2,19,0,284,83,0,367,0,298,86,2,386,40,0,40,426
03/09/2006,ACK,MA,ANE,EN,Towers with Display (VFR),0,30,17,0,47,0,268,67,0,335,0,298,84,0,382,2,0,2,384
03/10/2006,ACK,MA,ANE,EN,Towers with Display (VFR),0,190,36,0,226,0,75,6,0,81,0,265,42,0,307,0,0,0,307
03/11/2006,ACK,MA,ANE,EN,Towers with Display (VFR),0,14,10,0,24,0,179,135,0,314,0,193,145,0,338,4,0,4,342
03/12/2006,ACK,MA,ANE,EN,Towers with Display (VFR),0,77,21,0,98,0,153,50,0,203,0,230,71,0,301,0,0,0,301
03/13/2006,ACK,MA,ANE,EN,Towers with Display (VFR),0,196,28,0,224,0,39,12,0,51,0,235,40,0,275,2,0,2,277
03/14/2006,ACK,MA,ANE,EN,Towers with Display (VFR),0,129,28,0,157,0,122,24,0,146,0,251,52,0,303,0,0,0,303
03/15/2006,ACK,MA,ANE,EN,Towers with Display (VFR),0,26,1,0,27,0,231,56,6,293,0,257,57,6,320,0,0,0,320
03/16/2006,ACK,MA,ANE,EN,Towers with Display (VFR),0,20,12,0,32,0,281,68,0,349,0,301,80,0,381,0,0,0,381
03/17/2006,ACK,MA,ANE,EN,Towers with Display (VFR),0,30,6,0,36,0,263,108,0,371,0,293,114,0,407,0,0,0,407
03/18/2006,ACK,MA,ANE,EN,Towers with Display (VFR),0,14,5,2,21,0,197,75,0,272,0,211,80,2,293,4,0,4,297
03/19/2006,ACK,MA,ANE,EN,Towers with Display (VFR),0,13,16,0,29,0,217,58,0,275,0,230,74,0,304,6,0,6,310
03/20/2006,ACK,MA,ANE,EN,Towers with Display (VFR),0,14,6,2,22,0,283,53,0,336,0,297,59,2,358,0,0,0,358
03/21/2006,ACK,MA,ANE,EN,Towers with Display (VFR),0,20,1,0,21,0,272,50,0,322,0,292,51,0,343,0,0,0,343
03/22/2006,ACK,MA,ANE,EN,Towers with Display (VFR),0,21,2,0,23,0,267,63,0,330,0,288,65,0,353,0,2,2,355
03/23/2006,ACK,MA,ANE,EN,Towers with Display (VFR),0,28,4,0,32,0,261,71,0,332,0,289,75,0,364,0,0,0,364
03/24/2006,ACK,MA,ANE,EN,Towers with Display (VFR),0,27,6,2,35,0,328,64,7,399,0,355,70,9,434,0,0,0,434
03/25/2006,ACK,MA,ANE,EN,Towers with Display (VFR),0,29,5,0,34,0,143,27,0,170,0,172,32,0,204,0,0,0,204
03/26/2006,ACK,MA,ANE,EN,Towers with Display (VFR),0,13,3,0,16,0,246,46,0,292,0,259,49,0,308,0,0,0,308
03/27/2006,ACK,MA,ANE,EN,Towers with Display (VFR),0,16,2,3,21,0,278,75,0,353,0,294,77,3,374,0,0,0,374
03/28/2006,ACK,MA,ANE,EN,Towers with Display (VFR),0,17,3,0,20,0,281,61,2,344,0,298,64,2,364,0,0,0,364
03/29/2006,ACK,MA,ANE,EN,Towers with Display (VFR),0,35,3,0,38,0,312,61,0,373,0,347,64,0,411,0,0,0,411
03/30/2006,ACK,MA,ANE,EN,Towers with Display (VFR),0,30,10,0,40,0,310,90,2,402,0,340,100,2,442,16,4,20,462
03/31/2006,ACK,MA,ANE,EN,Towers with Display (VFR),0,25,16,0,41,0,270,53,0,323,0,295,69,0,364,0,0,0,364
04/01/2006,ACK,MA,ANE,EN,Towers with Display (VFR),0,84,15,0,99,0,57,15,0,72,0,141,30,0,171,8,0,8,179
04/02/2006,ACK,MA,ANE,EN,Towers with Display (VFR),0,9,9,0,18,0,244,101,2,347,0,253,110,2,365,0,0,0,365
04/03/2006,ACK,MA,ANE,EN,Towers with Display (VFR),0,28,8,0,36,0,276,75,0,351,0,304,83,0,387,0,0,0,387
04/04/2006,ACK,MA,ANE,EN,Towers with Display (VFR),0,82,16,1,99,0,103,18,1,122,0,185,34,2,221,0,0,0,221
04/05/2006,ACK,MA,ANE,EN,Towers with Display (VFR),0,154,17,2,173,0,173,37,0,210,0,327,54,2,383,0,0,0,383
04/06/2006,ACK,MA,ANE,EN,Towers with Display (VFR),0,47,7,2,56,0,304,94,0,398,0,351,101,2,454,0,0,0,454
04/07/2006,ACK,MA,ANE,EN,Towers with Display (VFR),0,63,11,0,74,0,275,49,0,324,0,338,60,0,398,0,0,0,398
04/08/2006,ACK,MA,ANE,EN,Towers with Display (VFR),0,141,21,0,162,0,47,35,0,82,0,188,56,0,244,0,0,0,244
04/09/2006,ACK,MA,ANE,EN,Towers with Display (VFR),0,23,8,0,31,0,221,55,2,278,0,244,63,2,309,0,0,0,309
04/10/2006,ACK,MA,ANE,EN,Towers with Display (VFR),0,23,3,0,26,0,321,105,0,426,0,344,108,0,452,6,0,6,458
04/11/2006,ACK,MA,ANE,EN,Towers with Display (VFR),0,26,2,0,28,0,304,80,0,384,0,330,82,0,412,0,14,14,426
04/12/2006,ACK,MA,ANE,EN,Towers with Display (VFR),0,34,9,0,43,0,273,82,0,355,0,307,91,0,398,0,0,0,398
04/13/2006,ACK,MA,ANE,EN,Towers with Display (VFR),0,31,24,0,55,0,316,57,0,373,0,347,81,0,428,6,12,18,446
04/14/2006,ACK,MA,ANE,EN,Towers with Display (VFR),0,32,17,8,57,0,302,83,8,393,0,334,100,16,450,0,0,0,450
04/15/2006,ACK,MA,ANE,EN,Towers with Display (VFR),0,71,23,0,94,0,97,31,0,128,0,168,54,0,222,0,0,0,222
04/16/2006,ACK,MA,ANE,EN,Towers with Display (VFR),0,17,7,0,24,0,228,70,0,298,0,245,77,0,322,0,0,0,322
04/17/2006,ACK,MA,ANE,EN,Towers with Display (VFR),0,45,17,0,62,0,315,66,0,381,0,360,83,0,443,4,0,4,447
04/18/2006,ACK,MA,ANE,EN,Towers with Display (VFR),0,40,11,0,51,0,290,40,0,330,0,330,51,0,381,0,0,0,381
04/19/2006,ACK,MA,ANE,EN,Towers with Display (VFR),0,36,4,0,40,0,336,73,0,409,0,372,77,0,449,26,0,26,475
04/20/2006,ACK,MA,ANE,EN,Towers with Display (VFR),0,32,3,2,37,0,332,101,0,433,0,364,104,2,470,0,0,0,470
04/21/2006,ACK,MA,ANE,EN,Towers with Display (VFR),0,26,7,0,33,0,344,81,0,425,0,370,88,0,458,0,0,0,458
04/22/2006,ACK,MA,ANE,EN,Towers with Display (VFR),0,20,11,0,31,0,204,68,0,272,0,224,79,0,303,0,0,0,303
04/23/2006,ACK,MA,ANE,EN,Towers with Display (VFR),0,23,15,0,38,0,214,22,0,236,0,237,37,0,274,0,0,0,274
04/24/2006,ACK,MA,ANE,EN,Towers with Display (VFR),0,281,33,0,314,0,0,0,0,0,0,281,33,0,314,0,0,0,314
04/25/2006,ACK,MA,ANE,EN,Towers with Display (VFR),0,136,20,4,160,0,199,47,0,246,0,335,67,4,406,0,0,0,406
04/26/2006,ACK,MA,ANE,EN,Towers with Display (VFR),0,20,16,6,42,0,355,114,0,469,0,375,130,6,511,2,0,2,513
04/27/2006,ACK,MA,ANE,EN,Towers with Display (VFR),0,41,8,1,50,0,355,140,3,498,0,396,148,4,548,0,0,0,548
04/28/2006,ACK,MA,ANE,EN,Towers with Display (VFR),0,49,22,0,71,0,371,127,0,498,0,420,149,0,569,0,0,0,569
04/29/2006,ACK,MA,ANE,EN,Towers with Display (VFR),0,31,11,0,42,0,221,194,0,415,0,252,205,0,457,0,0,0,457
04/30/2006,ACK,MA,ANE,EN,Towers with Display (VFR),0,41,27,0,68,0,354,151,0,505,0,395,178,0,573,0,0,0,573
05/01/2006,ACK,MA,ANE,EN,Towers with Display (VFR),0,33,9,0,42,0,341,52,0,393,0,374,61,0,435,0,0,0,435
05/02/2006,ACK,MA,ANE,EN,Towers with Display (VFR),0,200,23,0,223,0,0,0,0,0,0,200,23,0,223,0,0,0,223
05/03/2006,ACK,MA,ANE,EN,Towers with Display (VFR),0,252,27,0,279,0,0,0,0,0,0,252,27,0,279,0,0,0,279
05/04/2006,ACK,MA,ANE,EN,Towers with Display (VFR),0,71,21,2,94,0,330,86,0,416,0,401,107,2,510,0,0,0,510
05/05/2006,ACK,MA,ANE,EN,Towers with Display (VFR),0,32,19,0,51,0,379,107,0,486,0,411,126,0,537,6,2,8,545
05/06/2006,ACK,MA,ANE,EN,Towers with Display (VFR),0,14,15,0,29,0,205,90,0,295,0,219,105,0,324,0,0,0,324
05/07/2006,ACK,MA,ANE,EN,Towers with Display (VFR),0,27,8,1,36,0,241,117,0,358,0,268,125,1,394,4,2,6,400
05/08/2006,ACK,MA,ANE,EN,Towers with Display (VFR),0,22,10,0,32,0,334,80,0,414,0,356,90,0,446,0,0,0,446
05/09/2006,ACK,MA,ANE,EN,Towers with Display (VFR),0,229,34,0,263,0,0,0,0,0,0,229,34,0,263,0,0,0,263
05/10/2006,ACK,MA,ANE,EN,Towers with Display (VFR),0,156,32,2,190,0,0,4,0,4,0,156,36,2,194,0,0,0,194
05/11/2006,ACK,MA,ANE,EN,Towers with Display (VFR),0,281,47,0,328,0,16,10,0,26,0,297,57,0,354,0,0,0,354
05/12/2006,ACK,MA,ANE,EN,Towers with Display (VFR),0,221,37,0,258,0,103,17,0,120,0,324,54,0,378,0,0,0,378
05/13/2006,ACK,MA,ANE,EN,Towers with Display (VFR),0,39,13,0,52,0,0,0,0,0,0,39,13,0,52,0,0,0,52
05/14/2006,ACK,MA,ANE,EN,Towers with Display (VFR),0,180,22,0,202,0,0,0,0,0,0,180,22,0,202,0,0,0,202
05/15/2006,ACK,MA,ANE,EN,Towers with Display (VFR),0,227,30,0,257,0,6,0,0,6,0,233,30,0,263,0,0,0,263
05/16/2006,ACK,MA,ANE,EN,Towers with Display (VFR),0,231,32,0,263,0,72,5,0,77,0,303,37,0,340,0,0,0,340
05/17/2006,ACK,MA,ANE,EN,Towers with Display (VFR),0,36,0,0,36,0,368,100,0,468,0,404,100,0,504,0,0,0,504
05/18/2006,ACK,MA,ANE,EN,Towers with Display (VFR),0,96,33,0,129,0,298,100,0,398,0,394,133,0,527,0,2,2,529
05/19/2006,ACK,MA,ANE,EN,Towers with Display (VFR),0,133,40,0,173,0,321,108,2,431,0,454,148,2,604,0,0,0,604
05/20/2006,ACK,MA,ANE,EN,Towers with Display (VFR),0,32,26,0,58,0,240,88,0,328,0,272,114,0,386,0,0,0,386
05/21/2006,ACK,MA,ANE,EN,Towers with Display (VFR),0,58,31,0,89,0,364,95,0,459,0,422,126,0,548,0,0,0,548
05/22/2006,ACK,MA,ANE,EN,Towers with Display (VFR),0,37,23,7,67,0,421,96,5,522,0,458,119,12,589,0,24,24,613
05/23/2006,ACK,MA,ANE,EN,Towers with Display (VFR),0,35,17,0,52,0,363,102,0,465,0,398,119,0,517,0,0,0,517
05/24/2006,ACK,MA,ANE,EN,Towers with Display (VFR),0,40,12,2,54,0,399,135,0,534,0,439,147,2,588,0,0,0,588
05/25/2006,ACK,MA,ANE,EN,Towers with Display (VFR),0,56,32,0,88,0,458,133,0,591,0,514,165,0,679,6,0,6,685
05/26/2006,ACK,MA,ANE,EN,Towers with Display (VFR),0,213,120,0,333,0,21,6,0,27,0,234,126,0,360,0,0,0,360
05/27/2006,ACK,MA,ANE,EN,Towers with Display (VFR),0,183,112,0,295,0,180,48,2,230,0,363,160,2,525,0,0,0,525
05/28/2006,ACK,MA,ANE,EN,Towers with Display (VFR),0,37,19,0,56,0,214,127,0,341,0,251,146,0,397,2,0,2,399
05/29/2006,ACK,MA,ANE,EN,Towers with Display (VFR),0,132,81,0,213,0,512,147,0,659,0,644,228,0,872,4,0,4,876
05/30/2006,ACK,MA,ANE,EN,Towers with Display (VFR),0,76,43,0,119,0,391,111,0,502,0,467,154,0,621,0,0,0,621
05/31/2006,ACK,MA,ANE,EN,Towers with Display (VFR),0,253,48,0,301,0,116,28,0,144,0,369,76,0,445,0,0,0,445
06/01/2006,ACK,MA,ANE,EN,Towers with Display (VFR),0,195,55,0,250,0,0,0,0,0,0,195,55,0,250,0,0,0,250
06/02/2006,ACK,MA,ANE,EN,Towers with Display (VFR),0,355,68,0,423,0,0,0,0,0,0,355,68,0,423,0,0,0,423
06/03/2006,ACK,MA,ANE,EN,Towers with Display (VFR),0,181,41,0,222,0,0,0,0,0,0,181,41,0,222,0,0,0,222
06/04/2006,ACK,MA,ANE,EN,Towers with Display (VFR),0,293,33,0,326,0,8,4,0,12,0,301,37,0,338,0,0,0,338
06/05/2006,ACK,MA,ANE,EN,Towers with Display (VFR),0,169,46,0,215,0,255,49,0,304,0,424,95,0,519,0,0,0,519
06/06/2006,ACK,MA,ANE,EN,Towers with Display (VFR),0,73,31,0,104,0,330,79,4,413,0,403,110,4,517,0,0,0,517
06/07/2006,ACK,MA,ANE,EN,Towers with Display (VFR),0,286,40,0,326,0,0,0,0,0,0,286,40,0,326,0,0,0,326
06/08/2006,ACK,MA,ANE,EN,Towers with Display (VFR),0,325,51,0,376,0,66,22,0,88,0,391,73,0,464,0,0,0,464
06/09/2006,ACK,MA,ANE,EN,Towers with Display (VFR),0,316,91,2,409,0,106,32,0,138,0,422,123,2,547,0,0,0,547
06/10/2006,ACK,MA,ANE,EN,Towers with Display (VFR),0,203,42,0,245,0,57,27,0,84,0,260,69,0,329,0,0,0,329
06/11/2006,ACK,MA,ANE,EN,Towers with Display (VFR),0,53,43,0,96,0,359,96,0,455,0,412,139,0,551,0,2,2,553
06/12/2006,ACK,MA,ANE,EN,Towers with Display (VFR),0,38,23,0,61,0,411,129,8,548,0,449,152,8,609,0,0,0,609
06/13/2006,ACK,MA,ANE,EN,Towers with Display (VFR),0,38,20,0,58,0,390,114,5,509,0,428,134,5,567,0,0,0,567
06/14/2006,ACK,MA,ANE,EN,Towers with Display (VFR),0,88,27,0,115,0,347,89,0,436,0,435,116,0,551,0,0,0,551
06/15/2006,ACK,MA,ANE,EN,Towers with Display (VFR),0,218,84,0,302,0,202,59,0,261,0,420,143,0,563,4,0,4,567
06/16/2006,ACK,MA,ANE,EN,Towers with Display (VFR),0,71,44,0,115,0,455,145,0,600,0,526,189,0,715,4,0,4,719
06/17/2006,ACK,MA,ANE,EN,Towers with Display (VFR),0,53,44,0,97,0,288,149,0,437,0,341,193,0,534,0,0,0,534
06/18/2006,ACK,MA,ANE,EN,Towers with Display (VFR),0,75,61,0,136,0,390,134,0,524,0,465,195,0,660,0,0,0,660
06/19/2006,ACK,MA,ANE,EN,Towers with Display (VFR),0,66,49,2,117,0,389,78,2,469,0,455,127,4,586,10,0,10,596
06/20/2006,ACK,MA,ANE,EN,Towers with Display (VFR),0,294,89,0,383,0,0,0,0,0,0,294,89,0,383,0,0,0,383
06/21/2006,ACK,MA,ANE,EN,Towers with Display (VFR),0,87,53,0,140,0,398,181,0,579,0,485,234,0,719,0,0,0,719
06/22/2006,ACK,MA,ANE,EN,Towers with Display (VFR),0,335,90,0,425,0,99,35,0,134,0,434,125,0,559,12,0,12,571
06/23/2006,ACK,MA,ANE,EN,Towers with Display (VFR),0,221,85,0,306,0,180,44,0,224,0,401,129,0,530,2,0,2,532
06/24/2006,ACK,MA,ANE,EN,Towers with Display (VFR),0,296,54,0,350,0,3,1,0,4,0,299,55,0,354,0,0,0,354
06/25/2006,ACK,MA,ANE,EN,Towers with Display (VFR),0,402,105,0,507,0,0,0,0,0,0,402,105,0,507,0,0,0,507
06/26/2006,ACK,MA,ANE,EN,Towers with Display (VFR),0,140,69,0,209,0,284,51,0,335,0,424,120,0,544,0,2,2,546
06/27/2006,ACK,MA,ANE,EN,Towers with Display (VFR),0,99,34,0,133,0,275,99,0,374,0,374,133,0,507,0,0,0,507
06/28/2006,ACK,MA,ANE,EN,Towers with Display (VFR),0,161,62,0,223,0,261,80,4,345,0,422,142,4,568,0,0,0,568
06/29/2006,ACK,MA,ANE,EN,Towers with Display (VFR),0,317,144,0,461,0,6,0,0,6,0,323,144,0,467,0,0,0,467
06/30/2006,ACK,MA,ANE,EN,Towers with Display (VFR),0,254,156,0,410,0,427,185,0,612,0,681,341,0,1022,0,0,0,1022
07/01/2006,ACK,MA,ANE,EN,Towers with Display (VFR),0,105,67,0,172,0,473,183,0,656,0,578,250,0,828,0,0,0,828
07/02/2006,ACK,MA,ANE,EN,Towers with Display (VFR),0,75,31,0,106,0,327,98,0,425,0,402,129,0,531,6,0,6,537
07/03/2006,ACK,MA,ANE,EN,Towers with Display (VFR),0,68,42,0,110,0,309,142,0,451,0,377,184,0,561,0,0,0,561
07/04/2006,ACK,MA,ANE,EN,Towers with Display (VFR),0,314,109,1,424,0,20,5,0,25,0,334,114,1,449,0,0,0,449
07/05/2006,ACK,MA,ANE,EN,Towers with Display (VFR),0,268,123,0,391,0,298,35,0,333,0,566,158,0,724,0,0,0,724
07/06/2006,ACK,MA,ANE,EN,Towers with Display (VFR),0,133,98,0,231,0,314,112,4,430,0,447,210,4,661,8,0,8,669
07/07/2006,ACK,MA,ANE,EN,Towers with Display (VFR),0,113,56,2,171,0,487,268,2,757,0,600,324,4,928,2,0,2,930
07/08/2006,ACK,MA,ANE,EN,Towers with Display (VFR),0,81,49,0,130,0,325,179,2,506,0,406,228,2,636,0,0,0,636
07/09/2006,ACK,MA,ANE,EN,Towers with Display (VFR),0,147,59,0,206,0,416,159,0,575,0,563,218,0,781,0,0,0,781
07/10/2006,ACK,MA,ANE,EN,Towers with Display (VFR),0,103,49,0,152,0,376,120,0,496,0,479,169,0,648,0,0,0,648
07/11/2006,ACK,MA,ANE,EN,Towers with Display (VFR),0,302,90,0,392,0,0,0,0,0,0,302,90,0,392,0,0,0,392
07/12/2006,ACK,MA,ANE,EN,Towers with Display (VFR),0,396,91,0,487,0,27,18,0,45,0,423,109,0,532,0,0,0,532
07/13/2006,ACK,MA,ANE,EN,Towers with Display (VFR),0,436,128,0,564,0,29,12,0,41,0,465,140,0,605,0,0,0,605
07/14/2006,ACK,MA,ANE,EN,Towers with Display (VFR),0,96,64,0,160,0,531,242,2,775,0,627,306,2,935,0,0,0,935
07/15/2006,ACK,MA,ANE,EN,Towers with Display (VFR),0,211,86,0,297,0,175,84,0,259,0,386,170,0,556,0,0,0,556
07/16/2006,ACK,MA,ANE,EN,Towers with Display (VFR),0,252,106,0,358,0,281,139,0,420,0,533,245,0,778,0,0,0,778
07/17/2006,ACK,MA,ANE,EN,Towers with Display (VFR),0,200,102,0,302,0,312,108,0,420,0,512,210,0,722,0,0,0,722
07/18/2006,ACK,MA,ANE,EN,Towers with Display (VFR),0,306,81,0,387,0,119,45,2,166,0,425,126,2,553,0,0,0,553
07/19/2006,ACK,MA,ANE,EN,Towers with Display (VFR),0,111,57,0,168,0,373,103,0,476,0,484,160,0,644,0,0,0,644
07/20/2006,ACK,MA,ANE,EN,Towers with Display (VFR),0,374,136,0,510,0,196,69,0,265,0,570,205,0,775,0,0,0,775
07/21/2006,ACK,MA,ANE,EN,Towers with Display (VFR),0,319,116,0,435,0,21,7,0,28,0,340,123,0,463,0,0,0,463
07/22/2006,ACK,MA,ANE,EN,Towers with Display (VFR),0,346,128,0,474,0,0,0,0,0,0,346,128,0,474,0,0,0,474
07/23/2006,ACK,MA,ANE,EN,Towers with Display (VFR),0,441,167,0,608,0,19,0,0,19,0,460,167,0,627,0,0,0,627
07/24/2006,ACK,MA,ANE,EN,Towers with Display (VFR),0,84,26,1,111,0,467,254,0,721,0,551,280,1,832,12,0,12,844
07/25/2006,ACK,MA,ANE,EN,Towers with Display (VFR),0,185,45,0,230,0,267,143,2,412,0,452,188,2,642,0,0,0,642
07/26/2006,ACK,MA,ANE,EN,Towers with Display (VFR),0,103,39,0,142,0,379,154,0,533,0,482,193,0,675,16,0,16,691
07/27/2006,ACK,MA,ANE,EN,Towers with Display (VFR),0,290,85,4,379,0,293,113,0,406,0,583,198,4,785,0,0,0,785
07/28/2006,ACK,MA,ANE,EN,Towers with Display (VFR),0,509,153,3,665,0,0,0,0,0,0,509,153,3,665,0,0,0,665
07/29/2006,ACK,MA,ANE,EN,Towers with Display (VFR),0,88,73,0,161,0,376,211,0,587,0,464,284,0,748,0,0,0,748
07/30/2006,ACK,MA,ANE,EN,Towers with Display (VFR),0,142,68,0,210,0,373,202,0,575,0,515,270,0,785,14,0,14,799
07/31/2006,ACK,MA,ANE,EN,Towers with Display (VFR),0,263,88,2,353,0,305,108,0,413,0,568,196,2,766,0,0,0,766
08/01/2006,ACK,MA,ANE,EN,Towers with Display (VFR),0,75,35,0,110,0,335,110,0,445,0,410,145,0,555,0,0,0,555
08/02/2006,ACK,MA,ANE,EN,Towers with Display (VFR),0,80,42,8,130,0,387,125,0,512,0,467,167,8,642,0,0,0,642
08/03/2006,ACK,MA,ANE,EN,Towers with Display (VFR),0,132,70,0,202,0,426,149,0,575,0,558,219,0,777,0,0,0,777
08/04/2006,ACK,MA,ANE,EN,Towers with Display (VFR),0,436,223,0,659,0,147,45,0,192,0,583,268,0,851,0,0,0,851
08/05/2006,ACK,MA,ANE,EN,Towers with Display (VFR),0,76,48,4,128,0,348,178,0,526,0,424,226,4,654,2,0,2,656
08/06/2006,ACK,MA,ANE,EN,Towers with Display (VFR),0,137,76,0,213,0,425,257,0,682,0,562,333,0,895,0,0,0,895
08/07/2006,ACK,MA,ANE,EN,Towers with Display (VFR),0,146,64,0,210,0,358,97,0,455,0,504,161,0,665,0,0,0,665
08/08/2006,ACK,MA,ANE,EN,Towers with Display (VFR),0,147,47,0,194,0,334,132,0,466,0,481,179,0,660,0,0,0,660
08/09/2006,ACK,MA,ANE,EN,Towers with Display (VFR),0,100,44,0,144,0,387,189,0,576,0,487,233,0,720,2,0,2,722
08/10/2006,ACK,MA,ANE,EN,Towers with Display (VFR),0,104,57,0,161,0,450,141,0,591,0,554,198,0,752,0,0,0,752
08/11/2006,ACK,MA,ANE,EN,Towers with Display (VFR),0,148,77,4,229,0,547,167,2,716,0,695,244,6,945,0,0,0,945
08/12/2006,ACK,MA,ANE,EN,Towers with Display (VFR),0,84,57,0,141,0,401,184,0,585,0,485,241,0,726,4,0,4,730
08/13/2006,ACK,MA,ANE,EN,Towers with Display (VFR),0,120,93,0,213,0,528,266,0,794,0,648,359,0,1007,0,0,0,1007
08/14/2006,ACK,MA,ANE,EN,Towers with Display (VFR),0,88,74,3,165,0,479,160,3,642,0,567,234,6,807,2,0,2,809
08/15/2006,ACK,MA,ANE,EN,Towers with Display (VFR),0,273,61,0,334,0,164,53,0,217,0,437,114,0,551,6,0,6,557
08/16/2006,ACK,MA,ANE,EN,Towers with Display (VFR),0,113,56,0,169,0,400,155,5,560,0,513,211,5,729,12,0,12,741
08/17/2006,ACK,MA,ANE,EN,Towers with Display (VFR),0,123,71,0,194,0,442,189,0,631,0,565,260,0,825,0,0,0,825
08/18/2006,ACK,MA,ANE,EN,Towers with Display (VFR),0,136,69,2,207,0,500,224,4,728,0,636,293,6,935,0,0,0,935
08/19/2006,ACK,MA,ANE,EN,Towers with Display (VFR),0,82,71,0,153,0,367,175,0,542,0,449,246,0,695,0,0,0,695
08/20/2006,ACK,MA,ANE,EN,Towers with Display (VFR),0,371,171,0,542,0,72,25,0,97,0,443,196,0,639,0,0,0,639
08/21/2006,ACK,MA,ANE,EN,Towers with Display (VFR),0,311,122,0,433,0,268,77,0,345,0,579,199,0,778,0,0,0,778
08/22/2006,ACK,MA,ANE,EN,Towers with Display (VFR),0,93,48,0,141,0,345,116,0,461,0,438,164,0,602,0,0,0,602
08/23/2006,ACK,MA,ANE,EN,Towers with Display (VFR),0,81,49,0,130,0,390,174,0,564,0,471,223,0,694,2,8,10,704
08/24/2006,ACK,MA,ANE,EN,Towers with Display (VFR),0,93,61,0,154,0,429,170,0,599,0,522,231,0,753,0,0,0,753
08/25/2006,ACK,MA,ANE,EN,Towers with Display (VFR),0,283,147,0,430,0,147,7,0,154,0,430,154,0,584,0,0,0,584
08/26/2006,ACK,MA,ANE,EN,Towers with Display (VFR),0,98,93,0,191,0,302,108,0,410,0,400,201,0,601,0,0,0,601
08/27/2006,ACK,MA,ANE,EN,Towers with Display (VFR),0,187,166,0,353,0,342,33,0,375,0,529,199,0,728,0,2,2,730
08/28/2006,ACK,MA,ANE,EN,Towers with Display (VFR),0,426,112,2,540,0,0,0,0,0,0,426,112,2,540,0,0,0,540
08/29/2006,ACK,MA,ANE,EN,Towers with Display (VFR),0,384,74,0,458,0,0,0,0,0,0,384,74,0,458,0,0,0,458
08/30/2006,ACK,MA,ANE,EN,Towers with Display (VFR),0,179,74,0,253,0,269,97,0,366,0,448,171,0,619,0,8,8,627
08/31/2006,ACK,MA,ANE,EN,Towers with Display (VFR),0,73,40,0,113,0,424,177,2,603,0,497,217,2,716,0,0,0,716
09/01/2006,ACK,MA,ANE,EN,Towers with Display (VFR),0,91,63,0,154,0,530,196,0,726,0,621,259,0,880,0,0,0,880
09/02/2006,ACK,MA,ANE,EN,Towers with Display (VFR),0,100,60,0,160,0,247,41,0,288,0,347,101,0,448,6,0,6,454
09/03/2006,ACK,MA,ANE,EN,Towers with Display (VFR),0,292,48,0,340,0,0,0,0,0,0,292,48,0,340,0,0,0,340
09/04/2006,ACK,MA,ANE,EN,Towers with Display (VFR),0,134,64,0,198,0,495,199,0,694,0,629,263,0,892,0,0,0,892
09/05/2006,ACK,MA,ANE,EN,Towers with Display (VFR),0,65,34,0,99,0,342,100,0,442,0,407,134,0,541,0,0,0,541
09/06/2006,ACK,MA,ANE,EN,Towers with Display (VFR),0,199,45,0,244,0,185,46,0,231,0,384,91,0,475,0,0,0,475
09/07/2006,ACK,MA,ANE,EN,Towers with Display (VFR),0,149,42,0,191,0,262,102,4,368,0,411,144,4,559,4,0,4,563
09/08/2006,ACK,MA,ANE,EN,Towers with Display (VFR),0,290,93,0,383,0,140,29,0,169,0,430,122,0,552,0,0,0,552
09/09/2006,ACK,MA,ANE,EN,Towers with Display (VFR),0,66,47,0,113,0,241,94,0,335,0,307,141,0,448,0,0,0,448
09/10/2006,ACK,MA,ANE,EN,Towers with Display (VFR),0,156,98,0,254,0,312,119,0,431,0,468,217,0,685,0,0,0,685
09/11/2006,ACK,MA,ANE,EN,Towers with Display (VFR),0,63,22,2,87,0,346,84,0,430,0,409,106,2,517,0,0,0,517
09/12/2006,ACK,MA,ANE,EN,Towers with Display (VFR),0,42,18,0,60,0,388,100,0,488,0,430,118,0,548,0,0,0,548
09/13/2006,ACK,MA,ANE,EN,Towers with Display (VFR),0,58,22,3,83,0,355,93,3,451,0,413,115,6,534,4,0,4,538
09/14/2006,ACK,MA,ANE,EN,Towers with Display (VFR),0,93,40,0,133,0,320,54,4,378,0,413,94,4,511,0,0,0,511
09/15/2006,ACK,MA,ANE,EN,Towers with Display (VFR),0,344,68,0,412,0,110,22,0,132,0,454,90,0,544,0,0,0,544
09/16/2006,ACK,MA,ANE,EN,Towers with Display (VFR),0,23,20,0,43,0,261,95,0,356,0,284,115,0,399,0,0,0,399
09/17/2006,ACK,MA,ANE,EN,Towers with Display (VFR),0,61,36,0,97,0,343,130,4,477,0,404,166,4,574,2,0,2,576
09/18/2006,ACK,MA,ANE,EN,Towers with Display (VFR),0,64,28,2,94,0,348,81,2,431,0,412,109,4,525,2,0,2,527
09/19/2006,ACK,MA,ANE,EN,Towers with Display (VFR),0,197,33,3,233,0,138,30,3,171,0,335,63,6,404,2,0,2,406
09/20/2006,ACK,MA,ANE,EN,Towers with Display (VFR),0,52,22,4,78,0,307,64,2,373,0,359,86,6,451,0,0,0,451
09/21/2006,ACK,MA,ANE,EN,Towers with Display (VFR),0,53,24,3,80,0,395,100,5,500,0,448,124,8,580,2,0,2,582
09/22/2006,ACK,MA,ANE,EN,Towers with Display (VFR),0,64,26,0,90,0,436,94,0,530,0,500,120,0,620,0,0,0,620
09/23/2006,ACK,MA,ANE,EN,Towers with Display (VFR),0,151,24,0,175,0,89,20,0,109,0,240,44,0,284,0,0,0,284
09/24/2006,ACK,MA,ANE,EN,Towers with Display (VFR),0,324,65,0,389,0,124,48,0,172,0,448,113,0,561,0,0,0,561
09/25/2006,ACK,MA,ANE,EN,Towers with Display (VFR),0,48,19,1,68,0,356,75,0,431,0,404,94,1,499,0,0,0,499
09/26/2006,ACK,MA,ANE,EN,Towers with Display (VFR),0,43,15,4,62,0,371,93,8,472,0,414,108,12,534,0,0,0,534
09/27/2006,ACK,MA,ANE,EN,Towers with Display (VFR),0,38,11,5,54,0,332,108,19,459,0,370,119,24,513,0,0,0,513
09/28/2006,ACK,MA,ANE,EN,Towers with Display (VFR),0,193,46,1,240,0,191,24,5,220,0,384,70,6,460,0,0,0,460
09/29/2006,ACK,MA,ANE,EN,Towers with Display (VFR),0,201,54,9,264,0,254,58,12,324,0,455,112,21,588,0,15,15,603
09/30/2006,ACK,MA,ANE,EN,Towers with Display (VFR),0,45,43,1,89,0,352,381,17,750,0,397,424,18,839,0,0,0,839
10/01/2006,ACK,MA,ANE,EN,Towers with Radar,0,143,41,9,193,0,254,56,0,310,0,397,97,9,503,0,4,4,507
10/02/2006,ACK,MA,ANE,EN,Towers with Radar,0,56,23,3,82,0,385,100,5,490,0,441,123,8,572,0,0,0,572
10/03/2006,ACK,MA,ANE,EN,Towers with Radar,0,23,19,0,42,0,342,99,5,446,0,365,118,5,488,0,0,0,488
10/04/2006,ACK,MA,ANE,EN,Towers with Radar,0,95,10,0,105,0,238,58,0,296,0,333,68,0,401,0,0,0,401
10/05/2006,ACK,MA,ANE,EN,Towers with Radar,0,103,24,0,127,0,305,69,0,374,0,408,93,0,501,0,0,0,501
10/06/2006,ACK,MA,ANE,EN,Towers with Radar,0,102,55,0,157,0,411,118,2,531,0,513,173,2,688,2,0,2,690
10/07/2006,ACK,MA,ANE,EN,Towers with Radar,0,67,19,2,88,0,222,70,8,300,0,289,89,10,388,0,0,0,388
10/08/2006,ACK,MA,ANE,EN,Towers with Radar,0,35,24,0,59,0,284,103,0,387,0,319,127,0,446,0,0,0,446
10/09/2006,ACK,MA,ANE,EN,Towers with Radar,0,73,13,0,86,0,459,146,0,605,0,532,159,0,691,0,0,0,691
10/10/2006,ACK,MA,ANE,EN,Towers with Radar,0,34,12,0,46,0,291,101,0,392,0,325,113,0,438,0,0,0,438
10/11/2006,ACK,MA,ANE,EN,Towers with Radar,0,143,42,0,185,0,180,45,0,225,0,323,87,0,410,8,0,8,418
10/12/2006,ACK,MA,ANE,EN,Towers with Radar,0,217,30,0,247,0,131,37,0,168,0,348,67,0,415,0,0,0,415
10/13/2006,ACK,MA,ANE,EN,Towers with Radar,0,38,35,0,73,0,352,112,0,464,0,390,147,0,537,0,0,0,537
10/14/2006,ACK,MA,ANE,EN,Towers with Radar,0,9,21,0,30,0,264,244,0,508,0,273,265,0,538,0,0,0,538
10/15/2006,ACK,MA,ANE,EN,Towers with Radar,0,33,27,0,60,0,291,144,0,435,0,324,171,0,495,0,0,0,495
10/16/2006,ACK,MA,ANE,EN,Towers with Radar,0,25,6,0,31,0,334,90,0,424,0,359,96,0,455,2,0,2,457
10/17/2006,ACK,MA,ANE,EN,Towers with Radar,0,23,1,0,24,0,324,71,0,395,0,347,72,0,419,0,6,6,425
10/18/2006,ACK,MA,ANE,EN,Towers with Radar,0,255,39,0,294,0,2,3,0,5,0,257,42,0,299,0,0,0,299
10/19/2006,ACK,MA,ANE,EN,Towers with Radar,0,28,12,4,44,0,307,78,0,385,0,335,90,4,429,4,0,4,433
10/20/2006,ACK,MA,ANE,EN,Towers with Radar,0,228,30,0,258,0,86,16,0,102,0,314,46,0,360,0,0,0,360
10/21/2006,ACK,MA,ANE,EN,Towers with Radar,0,15,13,0,28,0,228,71,0,299,0,243,84,0,327,0,0,0,327
10/22/2006,ACK,MA,ANE,EN,Towers with Radar,0,13,24,0,37,0,163,70,0,233,0,176,94,0,270,0,0,0,270
10/23/2006,ACK,MA,ANE,EN,Towers with Radar,0,107,19,3,129,0,223,34,3,260,0,330,53,6,389,0,0,0,389
10/24/2006,ACK,MA,ANE,EN,Towers with Radar,0,30,6,0,36,0,278,64,0,342,0,308,70,0,378,0,0,0,378
10/25/2006,ACK,MA,ANE,EN,Towers with Radar,0,20,6,0,26,0,269,58,0,327,0,289,64,0,353,0,0,0,353
10/26/2006,ACK,MA,ANE,EN,Towers with Radar,0,24,8,2,34,0,283,73,0,356,0,307,81,2,390,0,0,0,390
10/27/2006,ACK,MA,ANE,EN,Towers with Radar,0,23,13,0,36,0,347,96,0,443,0,370,109,0,479,1,6,7,486
10/28/2006,ACK,MA,ANE,EN,Towers with Radar,0,20,11,0,31,0,41,9,0,50,0,61,20,0,81,0,0,0,81
10/29/2006,ACK,MA,ANE,EN,Towers with Radar,0,7,2,0,9,0,231,3,0,234,0,238,5,0,243,0,0,0,243
10/30/2006,ACK,MA,ANE,EN,Towers with Radar,0,23,4,0,27,0,338,47,0,385,0,361,51,0,412,0,0,0,412
10/31/2006,ACK,MA,ANE,EN,Towers with Radar,0,14,6,0,20,0,285,72,0,357,0,299,78,0,377,6,0,6,383
11/01/2006,ACK,MA,ANE,EN,Towers with Radar,0,25,12,0,37,0,254,75,0,329,0,279,87,0,366,0,0,0,366
11/02/2006,ACK,MA,ANE,EN,Towers with Radar,0,264,44,0,308,0,10,0,0,10,0,274,44,0,318,0,0,0,318
11/03/2006,ACK,MA,ANE,EN,Towers with Radar,0,18,11,0,29,0,337,93,0,430,0,355,104,0,459,0,0,0,459
11/04/2006,ACK,MA,ANE,EN,Towers with Radar,0,8,10,0,18,0,209,113,0,322,0,217,123,0,340,0,0,0,340
11/05/2006,ACK,MA,ANE,EN,Towers with Radar,0,23,8,0,31,0,220,82,0,302,0,243,90,0,333,0,0,0,333
11/06/2006,ACK,MA,ANE,EN,Towers with Radar,0,22,7,0,29,0,321,49,2,372,0,343,56,2,401,0,0,0,401
11/07/2006,ACK,MA,ANE,EN,Towers with Radar,0,49,4,1,54,0,285,76,0,361,0,334,80,1,415,0,0,0,415
11/08/2006,ACK,MA,ANE,EN,Towers with Radar,0,202,27,3,232,0,31,4,1,36,0,233,31,4,268,0,10,10,278
11/09/2006,ACK,MA,ANE,EN,Towers with Radar,0,179,35,0,214,0,99,21,0,120,0,278,56,0,334,0,0,0,334
11/10/2006,ACK,MA,ANE,EN,Towers with Radar,0,17,9,0,26,0,329,104,0,433,0,346,113,0,459,2,0,2,461
11/11/2006,ACK,MA,ANE,EN,Towers with Radar,0,8,12,0,20,0,241,103,0,344,0,249,115,0,364,0,0,0,364
11/12/2006,ACK,MA,ANE,EN,Towers with Radar,0,37,17,0,54,0,178,38,0,216,0,215,55,0,270,0,0,0,270
11/13/2006,ACK,MA,ANE,EN,Towers with Radar,0,86,7,0,93,0,146,14,0,160,0,232,21,0,253,0,0,0,253
11/14/2006,ACK,MA,ANE,EN,Towers with Radar,0,260,41,0,301,0,4,0,0,4,0,264,41,0,305,0,0,0,305
11/15/2006,ACK,MA,ANE,EN,Towers with Radar,0,196,21,4,221,0,125,31,0,156,0,321,52,4,377,0,0,0,377
11/16/2006,ACK,MA,ANE,EN,Towers with Radar,0,165,22,0,187,0,126,27,0,153,0,291,49,0,340,0,0,0,340
11/17/2006,ACK,MA,ANE,EN,Towers with Radar,0,113,20,0,133,0,160,19,0,179,0,273,39,0,312,0,0,0,312
11/18/2006,ACK,MA,ANE,EN,Towers with Radar,0,9,16,0,25,0,240,105,0,345,0,249,121,0,370,18,0,18,388
11/19/2006,ACK,MA,ANE,EN,Towers with Radar,0,24,28,0,52,0,197,62,0,259,0,221,90,0,311,6,0,6,317
11/20/2006,ACK,MA,ANE,EN,Towers with Radar,0,25,4,0,29,0,282,44,0,326,0,307,48,0,355,0,0,0,355
11/21/2006,ACK,MA,ANE,EN,Towers with Radar,0,35,10,0,45,0,329,88,0,417,0,364,98,0,462,9,0,9,471
11/22/2006,ACK,MA,ANE,EN,Towers with Radar,0,71,40,0,111,0,424,87,0,511,0,495,127,0,622,0,0,0,622
11/23/2006,ACK,MA,ANE,EN,Towers with Radar,0,146,6,0,152,0,0,0,0,0,0,146,6,0,152,0,0,0,152
11/24/2006,ACK,MA,ANE,EN,Towers with Radar,0,53,18,0,71,0,265,56,0,321,0,318,74,0,392,0,0,0,392
11/25/2006,ACK,MA,ANE,EN,Towers with Radar,0,45,33,0,78,0,284,110,0,394,0,329,143,0,472,0,0,0,472
11/26/2006,ACK,MA,ANE,EN,Towers with Radar,0,33,30,0,63,0,386,107,0,493,0,419,137,0,556,2,0,2,558
11/27/2006,ACK,MA,ANE,EN,Towers with Radar,0,98,15,0,113,0,251,63,0,314,0,349,78,0,427,0,0,0,427
11/28/2006,ACK,MA,ANE,EN,Towers with Radar,0,179,33,8,220,0,120,17,0,137,0,299,50,8,357,0,6,6,363
11/29/2006,ACK,MA,ANE,EN,Towers with Radar,0,129,33,0,162,0,160,36,0,196,0,289,69,0,358,0,0,0,358
11/30/2006,ACK,MA,ANE,EN,Towers with Radar,0,77,36,10,123,0,310,65,0,375,0,387,101,10,498,10,0,10,508
12/01/2006,ACK,MA,ANE,EN,Towers with Radar,0,337,69,0,406,0,6,1,0,7,0,343,70,0,413,0,0,0,413
12/02/2006,ACK,MA,ANE,EN,Towers with Radar,0,22,15,0,37,0,256,121,0,377,0,278,136,0,414,0,0,0,414
12/03/2006,ACK,MA,ANE,EN,Towers with Radar,0,51,46,0,97,0,398,203,0,601,0,449,249,0,698,0,0,0,698
12/04/2006,ACK,MA,ANE,EN,Towers with Radar,0,114,20,0,134,0,183,28,0,211,0,297,48,0,345,0,0,0,345
12/05/2006,ACK,MA,ANE,EN,Towers with Radar,0,20,8,0,28,0,264,53,0,317,0,284,61,0,345,0,0,0,345
12/06/2006,ACK,MA,ANE,EN,Towers with Radar,0,14,12,0,26,0,291,63,0,354,0,305,75,0,380,0,0,0,380
12/07/2006,ACK,MA,ANE,EN,Towers with Radar,0,23,3,0,26,0,293,71,0,364,0,316,74,0,390,0,0,0,390
12/08/2006,ACK,MA,ANE,EN,Towers with Radar,0,52,16,0,68,0,278,44,0,322,0,330,60,0,390,10,0,10,400
12/09/2006,ACK,MA,ANE,EN,Towers with Radar,0,14,9,0,23,0,188,76,0,264,0,202,85,0,287,0,0,0,287
12/10/2006,ACK,MA,ANE,EN,Towers with Radar,0,21,9,0,30,0,198,58,0,256,0,219,67,0,286,0,0,0,286
12/11/2006,ACK,MA,ANE,EN,Towers with Radar,0,18,5,0,23,0,293,69,2,364,0,311,74,2,387,12,0,12,399
12/12/2006,ACK,MA,ANE,EN,Towers with Radar,0,30,8,0,38,0,289,77,0,366,0,319,85,0,404,10,0,10,414
12/13/2006,ACK,MA,ANE,EN,Towers with Radar,0,145,18,0,163,0,121,12,0,133,0,266,30,0,296,0,0,0,296
12/14/2006,ACK,MA,ANE,EN,Towers with Radar,0,220,23,0,243,0,88,18,0,106,0,308,41,0,349,0,0,0,349
12/15/2006,ACK,MA,ANE,EN,Towers with Radar,0,147,21,0,168,0,8,0,0,8,0,155,21,0,176,0,0,0,176
12/16/2006,ACK,MA,ANE,EN,Towers with Radar,0,13,5,0,18,0,210,94,0,304,0,223,99,0,322,4,0,4,326
12/17/2006,ACK,MA,ANE,EN,Towers with Radar,0,14,9,0,23,0,246,104,0,350,0,260,113,0,373,0,0,0,373
12/18/2006,ACK,MA,ANE,EN,Towers with Radar,0,31,8,0,39,0,322,45,0,367,0,353,53,0,406,0,0,0,406
12/19/2006,ACK,MA,ANE,EN,Towers with Radar,0,20,5,0,25,0,288,63,0,351,0,308,68,0,376,4,0,4,380
12/20/2006,ACK,MA,ANE,EN,Towers with Radar,0,25,3,0,28,0,318,93,0,411,0,343,96,0,439,28,0,28,467
12/21/2006,ACK,MA,ANE,EN,Towers with Radar,0,25,1,0,26,0,309,62,0,371,0,334,63,0,397,0,0,0,397
12/22/2006,ACK,MA,ANE,EN,Towers with Radar,0,24,5,0,29,0,325,53,0,378,0,349,58,0,407,16,0,16,423
12/23/2006,ACK,MA,ANE,EN,Towers with Radar,0,133,16,0,149,0,16,0,0,16,0,149,16,0,165,0,0,0,165
12/24/2006,ACK,MA,ANE,EN,Towers with Radar,0,8,6,0,14,0,165,32,0,197,0,173,38,0,211,0,0,0,211
12/25/2006,ACK,MA,ANE,EN,Towers with Radar,0,2,2,0,4,0,110,14,0,124,0,112,16,0,128,0,0,0,128
12/26/2006,ACK,MA,ANE,EN,Towers with Radar,0,131,17,0,148,0,34,1,0,35,0,165,18,0,183,0,0,0,183
12/27/2006,ACK,MA,ANE,EN,Towers with Radar,0,60,16,0,76,0,261,48,0,309,0,321,64,0,385,0,0,0,385
12/28/2006,ACK,MA,ANE,EN,Towers with Radar,0,17,5,2,24,0,291,74,0,365,0,308,79,2,389,0,0,0,389
12/29/2006,ACK,MA,ANE,EN,Towers with Radar,0,18,5,0,23,0,254,74,0,328,0,272,79,0,351,0,0,0,351
12/30/2006,ACK,MA,ANE,EN,Towers with Radar,0,21,13,0,34,0,158,32,0,190,0,179,45,0,224,12,0,12,236
12/31/2006,ACK,MA,ANE,EN,Towers with Radar,0,3,0,0,3,0,153,91,0,244,0,156,91,0,247,0,0,0,247
01/01/2007,ACK,MA,ANE,EN,Towers with Radar,0,123,7,0,130,0,39,6,0,45,0,162,13,0,175,0,0,0,175
01/02/2007,ACK,MA,ANE,EN,Towers with Radar,0,30,5,0,35,0,266,53,0,319,0,296,58,0,354,0,0,0,354
01/03/2007,ACK,MA,ANE,EN,Towers with Radar,0,18,3,0,21,0,283,81,0,364,0,301,84,0,385,0,0,0,385
01/04/2007,ACK,MA,ANE,EN,Towers with Radar,0,23,5,0,28,0,269,94,0,363,0,292,99,0,391,10,0,10,401
01/05/2007,ACK,MA,ANE,EN,Towers with Radar,0,105,15,0,120,0,146,23,0,169,0,251,38,0,289,0,0,0,289
01/06/2007,ACK,MA,ANE,EN,Towers with Radar,0,86,31,0,117,0,1,0,0,1,0,87,31,0,118,0,0,0,118
01/07/2007,ACK,MA,ANE,EN,Towers with Radar,0,9,5,0,14,0,175,92,0,267,0,184,97,0,281,0,0,0,281
01/08/2007,ACK,MA,ANE,EN,Towers with Radar,0,117,12,0,129,0,87,11,0,98,0,204,23,0,227,0,0,0,227
01/09/2007,ACK,MA,ANE,EN,Towers with Radar,0,16,2,0,18,0,266,44,0,310,0,282,46,0,328,0,0,0,328
01/10/2007,ACK,MA,ANE,EN,Towers with Radar,0,15,0,0,15,0,253,45,0,298,0,268,45,0,313,0,0,0,313
01/11/2007,ACK,MA,ANE,EN,Towers with Radar,0,21,2,4,27,0,281,76,0,357,0,302,78,4,384,6,4,10,394
01/12/2007,ACK,MA,ANE,EN,Towers with Radar,0,18,6,0,24,0,284,43,0,327,0,302,49,0,351,0,0,0,351
01/13/2007,ACK,MA,ANE,EN,Towers with Radar,0,112,18,0,130,0,53,9,0,62,0,165,27,0,192,0,0,0,192
01/14/2007,ACK,MA,ANE,EN,Towers with Radar,0,79,2,0,81,0,0,0,0,0,0,79,2,0,81,0,0,0,81
01/15/2007,ACK,MA,ANE,EN,Towers with Radar,0,188,19,0,207,0,0,0,0,0,0,188,19,0,207,0,0,0,207
01/16/2007,ACK,MA,ANE,EN,Towers with Radar,0,81,13,0,94,0,183,15,4,202,0,264,28,4,296,0,0,0,296
01/17/2007,ACK,MA,ANE,EN,Towers with Radar,0,16,2,0,18,0,240,44,0,284,0,256,46,0,302,0,0,0,302
01/18/2007,ACK,MA,ANE,EN,Towers with Radar,0,20,7,0,27,0,277,59,2,338,0,297,66,2,365,0,0,0,365
01/19/2007,ACK,MA,ANE,EN,Towers with Radar,0,94,18,0,112,0,202,24,0,226,0,296,42,0,338,0,0,0,338
01/20/2007,ACK,MA,ANE,EN,Towers with Radar,0,6,0,0,6,0,144,28,0,172,0,150,28,0,178,0,0,0,178
01/21/2007,ACK,MA,ANE,EN,Towers with Radar,0,15,2,0,17,0,184,45,0,229,0,199,47,0,246,0,0,0,246
01/22/2007,ACK,MA,ANE,EN,Towers with Radar,0,29,2,0,31,0,229,31,0,260,0,258,33,0,291,0,0,0,291
01/23/2007,ACK,MA,ANE,EN,Towers with Radar,0,39,4,0,43,0,291,45,0,336,0,330,49,0,379,0,0,0,379
01/24/2007,ACK,MA,ANE,EN,Towers with Radar,0,18,4,0,22,0,255,33,0,288,0,273,37,0,310,0,0,0,310
01/25/2007,ACK,MA,ANE,EN,Towers with Radar,0,20,2,0,22,0,259,42,0,301,0,279,44,0,323,0,0,0,323
01/26/2007,ACK,MA,ANE,EN,Towers with Radar,0,18,2,0,20,0,281,27,0,308,0,299,29,0,328,0,0,0,328
01/27/2007,ACK,MA,ANE,EN,Towers with Radar,0,11,8,0,19,0,162,31,0,193,0,173,39,0,212,0,0,0,212
01/28/2007,ACK,MA,ANE,EN,Towers with Radar,0,24,3,0,27,0,148,51,0,199,0,172,54,0,226,12,0,12,238
01/29/2007,ACK,MA,ANE,EN,Towers with Radar,0,49,10,0,59,0,206,41,0,247,0,255,51,0,306,0,0,0,306
01/30/2007,ACK,MA,ANE,EN,Towers with Radar,0,17,2,0,19,0,265,50,0,315,0,282,52,0,334,0,0,0,334
01/31/2007,ACK,MA,ANE,EN,Towers with Radar,0,25,3,0,28,0,241,45,0,286,0,266,48,0,314,0,0,0,314
02/01/2007,ACK,MA,ANE,EN,Towers with Radar,0,124,19,2,145,0,158,22,0,180,0,282,41,2,325,0,0,0,325
02/02/2007,ACK,MA,ANE,EN,Towers with Radar,0,191,16,0,207,0,58,13,0,71,0,249,29,0,278,0,0,0,278
02/03/2007,ACK,MA,ANE,EN,Towers with Radar,0,9,3,0,12,0,166,30,0,196,0,175,33,0,208,2,0,2,210
02/04/2007,ACK,MA,ANE,EN,Towers with Radar,0,16,3,0,19,0,167,12,0,179,0,183,15,0,198,2,0,2,200
02/05/2007,ACK,MA,ANE,EN,Towers with Radar,0,16,2,0,18,0,284,25,0,309,0,300,27,0,327,0,0,0,327
02/06/2007,ACK,MA,ANE,EN,Towers with Radar,0,13,9,0,22,0,271,44,0,315,0,284,53,0,337,0,0,0,337
02/07/2007,ACK,MA,ANE,EN,Towers with Radar,0,15,6,0,21,0,257,39,0,296,0,272,45,0,317,0,0,0,317
02/08/2007,ACK,MA,ANE,EN,Towers with Radar,0,19,2,0,21,0,251,43,2,296,0,270,45,2,317,0,0,0,317
02/09/2007,ACK,MA,ANE,EN,Towers with Radar,0,17,4,0,21,0,299,44,2,345,0,316,48,2,366,0,0,0,366
02/10/2007,ACK,MA,ANE,EN,Towers with Radar,0,10,4,0,14,0,172,61,0,233,0,182,65,0,247,0,0,0,247
02/11/2007,ACK,MA,ANE,EN,Towers with Radar,0,10,7,0,17,0,199,41,0,240,0,209,48,0,257,0,0,0,257
02/12/2007,ACK,MA,ANE,EN,Towers with Radar,0,20,1,0,21,0,257,40,0,297,0,277,41,0,318,0,0,0,318
02/13/2007,ACK,MA,ANE,EN,Towers with Radar,0,14,0,0,14,0,324,32,0,356,0,338,32,0,370,0,0,0,370
02/14/2007,ACK,MA,ANE,EN,Towers with Radar,0,6,6,0,12,0,0,6,0,6,0,6,12,0,18,0,0,0,18
02/15/2007,ACK,MA,ANE,EN,Towers with Radar,0,21,0,0,21,0,269,25,0,294,0,290,25,0,315,0,0,0,315
02/16/2007,ACK,MA,ANE,EN,Towers with Radar,0,22,1,0,23,0,345,36,0,381,0,367,37,0,404,2,0,2,406
02/17/2007,ACK,MA,ANE,EN,Towers with Radar,0,5,0,0,5,0,161,35,0,196,0,166,35,0,201,2,0,2,203
02/18/2007,ACK,MA,ANE,EN,Towers with Radar,0,81,4,0,85,0,88,8,0,96,0,169,12,0,181,0,0,0,181
02/19/2007,ACK,MA,ANE,EN,Towers with Radar,0,22,4,0,26,0,286,29,0,315,0,308,33,0,341,0,0,0,341
02/20/2007,ACK,MA,ANE,EN,Towers with Radar,0,16,6,0,22,0,269,39,4,312,0,285,45,4,334,0,0,0,334
02/21/2007,ACK,MA,ANE,EN,Towers with Radar,0,35,7,2,44,0,276,47,2,325,0,311,54,4,369,0,0,0,369
02/22/2007,ACK,MA,ANE,EN,Towers with Radar,0,35,8,0,43,0,244,45,0,289,0,279,53,0,332,0,0,0,332
02/23/2007,ACK,MA,ANE,EN,Towers with Radar,0,103,12,0,115,0,203,21,0,224,0,306,33,0,339,0,0,0,339
02/24/2007,ACK,MA,ANE,EN,Towers with Radar,0,10,4,0,14,0,177,30,0,207,0,187,34,0,221,10,0,10,231
02/25/2007,ACK,MA,ANE,EN,Towers with Radar,0,11,1,0,12,0,193,90,0,283,0,204,91,0,295,11,0,11,306
02/26/2007,ACK,MA,ANE,EN,Towers with Radar,0,88,7,0,95,0,33,2,0,35,0,121,9,0,130,0,0,0,130
02/27/2007,ACK,MA,ANE,EN,Towers with Radar,0,14,8,0,22,0,284,35,2,321,0,298,43,2,343,0,0,0,343
02/28/2007,ACK,MA,ANE,EN,Towers with Radar,0,73,5,4,82,0,218,39,0,257,0,291,44,4,339,0,0,0,339
03/01/2007,ACK,MA,ANE,EN,Towers with Radar,0,24,3,2,29,0,278,59,0,337,0,302,62,2,366,0,0,0,366
03/02/2007,ACK,MA,ANE,EN,Towers with Radar,0,98,15,0,113,0,27,9,0,36,0,125,24,0,149,0,0,0,149
03/03/2007,ACK,MA,ANE,EN,Towers with Radar,0,19,6,0,25,0,208,68,0,276,0,227,74,0,301,0,0,0,301
03/04/2007,ACK,MA,ANE,EN,Towers with Radar,0,19,5,0,24,0,176,37,0,213,0,195,42,0,237,0,0,0,237
03/05/2007,ACK,MA,ANE,EN,Towers with Radar,0,22,2,0,24,0,317,32,0,349,0,339,34,0,373,0,0,0,373
03/06/2007,ACK,MA,ANE,EN,Towers with Radar,0,14,2,0,16,0,269,22,0,291,0,283,24,0,307,0,0,0,307
03/07/2007,ACK,MA,ANE,EN,Towers with Radar,0,16,6,0,22,0,299,46,0,345,0,315,52,0,367,0,0,0,367
03/08/2007,ACK,MA,ANE,EN,Towers with Radar,0,16,2,0,18,0,259,37,0,296,0,275,39,0,314,0,0,0,314
03/09/2007,ACK,MA,ANE,EN,Towers with Radar,0,19,7,0,26,0,264,58,0,322,0,283,65,0,348,0,0,0,348
03/10/2007,ACK,MA,ANE,EN,Towers with Radar,0,12,16,0,28,0,182,20,0,202,0,194,36,0,230,0,0,0,230
03/11/2007,ACK,MA,ANE,EN,Towers with Radar,0,34,15,0,49,0,177,35,0,212,0,211,50,0,261,0,0,0,261
03/12/2007,ACK,MA,ANE,EN,Towers with Radar,0,21,6,4,31,0,306,53,0,359,0,327,59,4,390,0,0,0,390
03/13/2007,ACK,MA,ANE,EN,Towers with Radar,0,17,4,0,21,0,249,35,0,284,0,266,39,0,305,0,0,0,305
03/14/2007,ACK,MA,ANE,EN,Towers with Radar,0,123,15,3,141,0,160,21,1,182,0,283,36,4,323,0,0,0,323
03/15/2007,ACK,MA,ANE,EN,Towers with Radar,0,57,8,0,65,0,91,14,0,105,0,148,22,0,170,0,0,0,170
03/16/2007,ACK,MA,ANE,EN,Towers with Radar,0,93,10,0,103,0,32,9,0,41,0,125,19,0,144,0,0,0,144
03/17/2007,ACK,MA,ANE,EN,Towers with Radar,0,118,17,0,135,0,6,1,0,7,0,124,18,0,142,0,0,0,142
03/18/2007,ACK,MA,ANE,EN,Towers with Radar,0,18,6,0,24,0,170,11,0,181,0,188,17,0,205,0,0,0,205
03/19/2007,ACK,MA,ANE,EN,Towers with Radar,0,24,3,0,27,0,284,31,0,315,0,308,34,0,342,0,0,0,342
03/20/2007,ACK,MA,ANE,EN,Towers with Radar,0,20,1,0,21,0,270,33,4,307,0,290,34,4,328,6,0,6,334
03/21/2007,ACK,MA,ANE,EN,Towers with Radar,0,18,2,0,20,0,277,57,0,334,0,295,59,0,354,0,0,0,354
03/22/2007,ACK,MA,ANE,EN,Towers with Radar,0,214,18,0,232,0,106,14,0,120,0,320,32,0,352,0,0,0,352
03/23/2007,ACK,MA,ANE,EN,Towers with Radar,0,150,17,0,167,0,164,25,0,189,0,314,42,0,356,0,0,0,356
03/24/2007,ACK,MA,ANE,EN,Towers with Radar,0,7,8,0,15,0,180,59,1,240,0,187,67,1,255,0,0,0,255
03/25/2007,ACK,MA,ANE,EN,Towers with Radar,0,12,2,0,14,0,213,32,1,246,0,225,34,1,260,10,0,10,270
03/26/2007,ACK,MA,ANE,EN,Towers with Radar,0,36,2,0,38,0,289,26,2,317,0,325,28,2,355,0,0,0,355
03/27/2007,ACK,MA,ANE,EN,Towers with Radar,0,130,18,0,148,0,171,25,0,196,0,301,43,0,344,0,0,0,344
03/28/2007,ACK,MA,ANE,EN,Towers with Radar,0,25,2,0,27,0,266,53,0,319,0,291,55,0,346,8,0,8,354
03/29/2007,ACK,MA,ANE,EN,Towers with Radar,0,19,3,0,22,0,314,42,0,356,0,333,45,0,378,0,0,0,378
03/30/2007,ACK,MA,ANE,EN,Towers with Radar,0,24,13,0,37,0,278,57,0,335,0,302,70,0,372,4,0,4,376
03/31/2007,ACK,MA,ANE,EN,Towers with Radar,0,12,7,0,19,0,180,91,0,271,0,192,98,0,290,8,1,9,299
04/01/2007,ACK,MA,ANE,EN,Towers with Radar,0,20,2,0,22,0,147,38,0,185,0,167,40,0,207,2,0,2,209
04/02/2007,ACK,MA,ANE,EN,Towers with Radar,0,252,20,0,272,0,22,10,0,32,0,274,30,0,304,0,0,0,304
04/03/2007,ACK,MA,ANE,EN,Towers with Radar,0,139,22,0,161,0,66,15,0,81,0,205,37,0,242,0,0,0,242
04/04/2007,ACK,MA,ANE,EN,Towers with Radar,0,47,6,0,53,0,223,25,2,250,0,270,31,2,303,0,0,0,303
04/05/2007,ACK,MA,ANE,EN,Towers with Radar,0,134,14,0,148,0,168,19,0,187,0,302,33,0,335,0,0,0,335
04/06/2007,ACK,MA,ANE,EN,Towers with Radar,0,28,15,0,43,0,370,40,0,410,0,398,55,0,453,4,3,7,460
04/07/2007,ACK,MA,ANE,EN,Towers with Radar,0,13,1,0,14,0,191,25,0,216,0,204,26,0,230,0,0,0,230
04/08/2007,ACK,MA,ANE,EN,Towers with Radar,0,18,12,0,30,0,194,11,0,205,0,212,23,0,235,0,0,0,235
04/09/2007,ACK,MA,ANE,EN,Towers with Radar,0,28,0,0,28,0,333,44,2,379,0,361,44,2,407,0,0,0,407
04/10/2007,ACK,MA,ANE,EN,Towers with Radar,0,25,4,0,29,0,307,49,2,358,0,332,53,2,387,0,0,0,387
04/11/2007,ACK,MA,ANE,EN,Towers with Radar,0,23,3,2,28,0,296,61,0,357,0,319,64,2,385,0,0,0,385
04/12/2007,ACK,MA,ANE,EN,Towers with Radar,0,99,10,0,109,0,156,12,0,168,0,255,22,0,277,0,0,0,277
04/13/2007,ACK,MA,ANE,EN,Towers with Radar,0,33,7,0,40,0,300,42,0,342,0,333,49,0,382,0,0,0,382
04/14/2007,ACK,MA,ANE,EN,Towers with Radar,0,16,5,0,21,0,214,89,0,303,0,230,94,0,324,0,0,0,324
04/15/2007,ACK,MA,ANE,EN,Towers with Radar,0,97,3,0,100,0,79,3,0,82,0,176,6,0,182,0,0,0,182
04/16/2007,ACK,MA,ANE,EN,Towers with Radar,0,47,4,0,51,0,111,2,4,117,0,158,6,4,168,0,0,0,168
04/17/2007,ACK,MA,ANE,EN,Towers with Radar,0,190,16,0,206,0,0,0,0,0,0,190,16,0,206,0,0,0,206
04/18/2007,ACK,MA,ANE,EN,Towers with Radar,0,293,18,1,312,0,5,0,0,5,0,298,18,1,317,0,0,0,317
04/19/2007,ACK,MA,ANE,EN,Towers with Radar,0,111,13,0,124,0,188,28,0,216,0,299,41,0,340,0,0,0,340
04/20/2007,ACK,MA,ANE,EN,Towers with Radar,0,26,19,0,45,0,371,73,0,444,0,397,92,0,489,0,0,0,489
04/21/2007,ACK,MA,ANE,EN,Towers with Radar,0,5,18,0,23,0,208,99,0,307,0,213,117,0,330,0,0,0,330
04/22/2007,ACK,MA,ANE,EN,Towers with Radar,0,14,13,0,27,0,219,82,0,301,0,233,95,0,328,0,0,0,328
04/23/2007,ACK,MA,ANE,EN,Towers with Radar,0,24,7,0,31,0,360,63,0,423,0,384,70,0,454,18,0,18,472
04/24/2007,ACK,MA,ANE,EN,Towers with Radar,0,26,10,0,36,0,330,69,0,399,0,356,79,0,435,0,0,0,435
04/25/2007,ACK,MA,ANE,EN,Towers with Radar,0,34,4,0,38,0,272,40,0,312,0,306,44,0,350,4,0,4,354
04/26/2007,ACK,MA,ANE,EN,Towers with Radar,0,63,14,0,77,0,319,79,0,398,0,382,93,0,475,22,0,22,497
04/27/2007,ACK,MA,ANE,EN,Towers with Radar,0,120,28,0,148,0,34,3,0,37,0,154,31,0,185,0,0,0,185
04/28/2007,ACK,MA,ANE,EN,Towers with Radar,0,150,61,0,211,0,5,0,0,5,0,155,61,0,216,0,0,0,216
04/29/2007,ACK,MA,ANE,EN,Towers with Radar,0,261,51,0,312,0,62,28,0,90,0,323,79,0,402,0,0,0,402
04/30/2007,ACK,MA,ANE,EN,Towers with Radar,0,56,15,0,71,0,278,26,0,304,0,334,41,0,375,0,0,0,375
05/01/2007,ACK,MA,ANE,EN,Towers with Radar,0,20,8,0,28,0,327,54,1,382,0,347,62,1,410,0,0,0,410
05/02/2007,ACK,MA,ANE,EN,Towers with Radar,0,144,26,0,170,0,157,27,0,184,0,301,53,0,354,0,0,0,354
05/03/2007,ACK,MA,ANE,EN,Towers with Radar,0,27,9,0,36,0,347,52,0,399,0,374,61,0,435,0,0,0,435
05/04/2007,ACK,MA,ANE,EN,Towers with Radar,0,35,13,0,48,0,332,100,1,433,0,367,113,1,481,0,0,0,481
05/05/2007,ACK,MA,ANE,EN,Towers with Radar,0,13,14,0,27,0,177,85,0,262,0,190,99,0,289,0,0,0,289
05/06/2007,ACK,MA,ANE,EN,Towers with Radar,0,52,19,0,71,0,212,41,4,257,0,264,60,4,328,0,0,0,328
05/07/2007,ACK,MA,ANE,EN,Towers with Radar,0,23,11,0,34,0,315,65,4,384,0,338,76,4,418,0,0,0,418
05/08/2007,ACK,MA,ANE,EN,Towers with Radar,0,20,4,0,24,0,311,57,0,368,0,331,61,0,392,0,0,0,392
05/09/2007,ACK,MA,ANE,EN,Towers with Radar,0,250,30,0,280,0,38,10,0,48,0,288,40,0,328,0,0,0,328
05/10/2007,ACK,MA,ANE,EN,Towers with Radar,0,148,36,0,184,0,0,0,0,0,0,148,36,0,184,0,0,0,184
05/11/2007,ACK,MA,ANE,EN,Towers with Radar,0,167,33,0,200,0,56,7,0,63,0,223,40,0,263,0,0,0,263
05/12/2007,ACK,MA,ANE,EN,Towers with Radar,0,38,29,0,67,0,214,57,0,271,0,252,86,0,338,0,0,0,338
05/13/2007,ACK,MA,ANE,EN,Towers with Radar,0,23,14,0,37,0,259,64,0,323,0,282,78,0,360,0,0,0,360
05/14/2007,ACK,MA,ANE,EN,Towers with Radar,0,25,6,0,31,0,361,78,0,439,0,386,84,0,470,0,0,0,470
05/15/2007,ACK,MA,ANE,EN,Towers with Radar,0,32,12,0,44,0,351,34,0,385,0,383,46,0,429,0,0,0,429
05/16/2007,ACK,MA,ANE,EN,Towers with Radar,0,49,15,0,64,0,298,43,0,341,0,347,58,0,405,0,0,0,405
05/17/2007,ACK,MA,ANE,EN,Towers with Radar,0,239,50,0,289,0,169,31,0,200,0,408,81,0,489,0,0,0,489
05/18/2007,ACK,MA,ANE,EN,Towers with Radar,0,331,44,0,375,0,0,0,0,0,0,331,44,0,375,0,0,0,375
05/19/2007,ACK,MA,ANE,EN,Towers with Radar,0,221,46,0,267,0,0,0,0,0,0,221,46,0,267,0,0,0,267
05/20/2007,ACK,MA,ANE,EN,Towers with Radar,0,222,54,0,276,0,139,22,0,161,0,361,76,0,437,12,0,12,449
05/21/2007,ACK,MA,ANE,EN,Towers with Radar,0,48,11,0,59,0,373,91,0,464,0,421,102,0,523,0,0,0,523
05/22/2007,ACK,MA,ANE,EN,Towers with Radar,0,43,13,0,56,0,375,79,4,458,0,418,92,4,514,0,0,0,514
05/23/2007,ACK,MA,ANE,EN,Towers with Radar,0,45,19,0,64,0,343,88,0,431,0,388,107,0,495,0,0,0,495
05/24/2007,ACK,MA,ANE,EN,Towers with Radar,0,74,38,0,112,0,451,116,0,567,0,525,154,0,679,0,0,0,679
05/25/2007,ACK,MA,ANE,EN,Towers with Radar,1,78,45,0,124,0,580,154,0,734,1,658,199,0,858,0,0,0,858
05/26/2007,ACK,MA,ANE,EN,Towers with Radar,0,37,37,0,74,0,309,129,0,438,0,346,166,0,512,0,0,0,512
05/27/2007,ACK,MA,ANE,EN,Towers with Radar,2,16,17,0,35,0,238,58,0,296,2,254,75,0,331,0,0,0,331
05/28/2007,ACK,MA,ANE,EN,Towers with Radar,2,110,40,0,152,0,505,116,0,621,2,615,156,0,773,0,0,0,773
05/29/2007,ACK,MA,ANE,EN,Towers with Radar,2,42,21,0,65,0,384,121,0,505,2,426,142,0,570,4,0,4,574
05/30/2007,ACK,MA,ANE,EN,Towers with Radar,2,34,19,0,55,0,355,83,0,438,2,389,102,0,493,0,0,0,493
05/31/2007,ACK,MA,ANE,EN,Towers with Radar,2,70,21,2,95,0,330,62,0,392,2,400,83,2,487,0,0,0,487
06/01/2007,ACK,MA,ANE,EN,Towers with Radar,0,72,26,0,98,0,360,55,0,415,0,432,81,0,513,0,0,0,513
06/02/2007,ACK,MA,ANE,EN,Towers with Radar,0,35,33,0,68,0,206,32,0,238,0,241,65,0,306,2,0,2,308
06/03/2007,ACK,MA,ANE,EN,Towers with Radar,2,138,47,0,187,0,130,23,0,153,2,268,70,0,340,0,0,0,340
06/04/2007,ACK,MA,ANE,EN,Towers with Radar,0,195,32,1,228,0,0,0,0,0,0,195,32,1,228,0,0,0,228
06/05/2007,ACK,MA,ANE,EN,Towers with Radar,2,223,33,0,258,0,55,3,0,58,2,278,36,0,316,0,0,0,316
06/06/2007,ACK,MA,ANE,EN,Towers with Radar,2,42,15,0,59,0,306,68,0,374,2,348,83,0,433,0,0,0,433
06/07/2007,ACK,MA,ANE,EN,Towers with Radar,2,49,17,0,68,0,367,109,0,476,2,416,126,0,544,0,4,4,548
06/08/2007,ACK,MA,ANE,EN,Towers with Radar,0,121,59,0,180,0,377,67,0,444,0,498,126,0,624,0,0,0,624
06/09/2007,ACK,MA,ANE,EN,Towers with Radar,2,85,40,0,127,0,162,38,0,200,2,247,78,0,327,4,0,4,331
06/10/2007,ACK,MA,ANE,EN,Towers with Radar,0,110,39,0,149,0,245,70,0,315,0,355,109,0,464,0,0,0,464
06/11/2007,ACK,MA,ANE,EN,Towers with Radar,1,276,56,0,333,0,160,29,0,189,1,436,85,0,522,0,0,0,522
06/12/2007,ACK,MA,ANE,EN,Towers with Radar,0,307,44,0,351,0,86,18,0,104,0,393,62,0,455,0,0,0,455
06/13/2007,ACK,MA,ANE,EN,Towers with Radar,2,123,47,0,172,0,233,40,0,273,2,356,87,0,445,0,0,0,445
06/14/2007,ACK,MA,ANE,EN,Towers with Radar,2,135,66,0,203,0,267,36,0,303,2,402,102,0,506,0,0,0,506
06/15/2007,ACK,MA,ANE,EN,Towers with Radar,2,103,67,0,172,0,405,128,0,533,2,508,195,0,705,0,0,0,705
06/16/2007,ACK,MA,ANE,EN,Towers with Radar,4,45,27,0,76,0,260,114,0,374,4,305,141,0,450,4,0,4,454
06/17/2007,ACK,MA,ANE,EN,Towers with Radar,2,121,54,0,177,0,309,97,0,406,2,430,151,0,583,0,0,0,583
06/18/2007,ACK,MA,ANE,EN,Towers with Radar,2,56,28,0,86,0,431,96,0,527,2,487,124,0,613,0,0,0,613
06/19/2007,ACK,MA,ANE,EN,Towers with Radar,0,44,12,0,56,0,397,72,0,469,0,441,84,0,525,0,0,0,525
06/20/2007,ACK,MA,ANE,EN,Towers with Radar,2,183,51,0,236,0,9,3,0,12,2,192,54,0,248,0,0,0,248
06/21/2007,ACK,MA,ANE,EN,Towers with Radar,1,61,29,1,92,0,422,115,0,537,1,483,144,1,629,0,2,2,631
06/22/2007,ACK,MA,ANE,EN,Towers with Radar,0,80,54,0,134,0,517,123,0,640,0,597,177,0,774,0,0,0,774
06/23/2007,ACK,MA,ANE,EN,Towers with Radar,2,67,39,0,108,0,288,130,0,418,2,355,169,0,526,0,14,14,540
06/24/2007,ACK,MA,ANE,EN,Towers with Radar,2,90,34,0,126,0,287,139,0,426,2,377,173,0,552,0,0,0,552
06/25/2007,ACK,MA,ANE,EN,Towers with Radar,2,87,44,0,133,0,381,128,0,509,2,468,172,0,642,0,0,0,642
06/26/2007,ACK,MA,ANE,EN,Towers with Radar,2,147,48,0,197,0,398,124,0,522,2,545,172,0,719,0,4,4,723
06/27/2007,ACK,MA,ANE,EN,Towers with Radar,0,329,98,6,433,0,0,0,0,0,0,329,98,6,433,0,0,0,433
06/28/2007,ACK,MA,ANE,EN,Towers with Radar,0,411,104,0,515,0,108,28,0,136,0,519,132,0,651,0,0,0,651
06/29/2007,ACK,MA,ANE,EN,Towers with Radar,0,121,69,0,190,0,460,146,0,606,0,581,215,0,796,0,0,0,796
06/30/2007,ACK,MA,ANE,EN,Towers with Radar,2,150,64,0,216,0,318,140,0,458,2,468,204,0,674,0,0,0,674
07/01/2007,ACK,MA,ANE,EN,Towers with Radar,2,74,60,0,136,0,329,158,0,487,2,403,218,0,623,0,0,0,623
07/02/2007,ACK,MA,ANE,EN,Towers with Radar,2,79,47,0,128,0,434,124,0,558,2,513,171,0,686,6,0,6,692
07/03/2007,ACK,MA,ANE,EN,Towers with Radar,2,91,58,0,151,0,525,223,2,750,2,616,281,2,901,0,0,0,901
07/04/2007,ACK,MA,ANE,EN,Towers with Radar,2,62,28,0,92,0,245,95,0,340,2,307,123,0,432,0,0,0,432
07/05/2007,ACK,MA,ANE,EN,Towers with Radar,2,412,137,0,551,0,45,7,0,52,2,457,144,0,603,0,0,0,603
07/06/2007,ACK,MA,ANE,EN,Towers with Radar,0,314,79,0,393,0,137,23,0,160,0,451,102,0,553,0,0,0,553
07/07/2007,ACK,MA,ANE,EN,Towers with Radar,4,95,60,0,159,0,339,178,0,517,4,434,238,0,676,20,0,20,696
07/08/2007,ACK,MA,ANE,EN,Towers with Radar,2,118,90,0,210,0,458,170,0,628,2,576,260,0,838,2,0,2,840
07/09/2007,ACK,MA,ANE,EN,Towers with Radar,2,420,92,0,514,0,0,0,0,0,2,420,92,0,514,0,0,0,514
07/10/2007,ACK,MA,ANE,EN,Towers with Radar,0,334,89,0,423,0,0,0,0,0,0,334,89,0,423,0,0,0,423
07/11/2007,ACK,MA,ANE,EN,Towers with Radar,0,243,74,0,317,0,65,20,0,85,0,308,94,0,402,0,0,0,402
07/12/2007,ACK,MA,ANE,EN,Towers with Radar,2,172,87,0,261,0,344,129,0,473,2,516,216,0,734,0,0,0,734
07/13/2007,ACK,MA,ANE,EN,Towers with Radar,0,124,79,0,203,0,563,204,0,767,0,687,283,0,970,0,0,0,970
07/14/2007,ACK,MA,ANE,EN,Towers with Radar,4,118,54,0,176,0,300,135,0,435,4,418,189,0,611,0,0,0,611
07/15/2007,ACK,MA,ANE,EN,Towers with Radar,2,249,120,0,371,0,250,102,0,352,2,499,222,0,723,0,0,0,723
07/16/2007,ACK,MA,ANE,EN,Towers with Radar,2,397,151,2,552,0,95,19,0,114,2,492,170,2,666,0,0,0,666
07/17/2007,ACK,MA,ANE,EN,Towers with Radar,0,285,79,0,364,0,72,20,0,92,0,357,99,0,456,0,0,0,456
07/18/2007,ACK,MA,ANE,EN,Towers with Radar,0,357,72,2,431,0,0,0,0,0,0,357,72,2,431,0,0,0,431
07/19/2007,ACK,MA,ANE,EN,Towers with Radar,0,361,147,0,508,0,0,0,0,0,0,361,147,0,508,0,0,0,508
07/20/2007,ACK,MA,ANE,EN,Towers with Radar,2,248,111,0,361,0,320,72,0,392,2,568,183,0,753,0,0,0,753
07/21/2007,ACK,MA,ANE,EN,Towers with Radar,1,108,47,0,156,2,337,155,0,494,3,445,202,0,650,0,0,0,650
07/22/2007,ACK,MA,ANE,EN,Towers with Radar,2,155,140,0,297,0,400,153,0,553,2,555,293,0,850,0,0,0,850
07/23/2007,ACK,MA,ANE,EN,Towers with Radar,1,351,114,0,466,0,33,0,0,33,1,384,114,0,499,0,0,0,499
07/24/2007,ACK,MA,ANE,EN,Towers with Radar,2,92,34,0,128,0,343,88,10,441,2,435,122,10,569,16,0,16,585
07/25/2007,ACK,MA,ANE,EN,Towers with Radar,2,95,42,2,141,0,376,128,2,506,2,471,170,4,647,0,0,0,647
07/26/2007,ACK,MA,ANE,EN,Towers with Radar,2,101,55,0,158,0,452,129,0,581,2,553,184,0,739,0,0,0,739
07/27/2007,ACK,MA,ANE,EN,Towers with Radar,0,453,180,0,633,0,0,0,0,0,0,453,180,0,633,0,0,0,633
07/28/2007,ACK,MA,ANE,EN,Towers with Radar,2,288,111,0,401,0,0,0,0,0,2,288,111,0,401,0,0,0,401
07/29/2007,ACK,MA,ANE,EN,Towers with Radar,0,299,152,0,451,0,0,0,0,0,0,299,152,0,451,0,0,0,451
07/30/2007,ACK,MA,ANE,EN,Towers with Radar,4,321,155,0,480,0,0,0,0,0,4,321,155,0,480,0,0,0,480
07/31/2007,ACK,MA,ANE,EN,Towers with Radar,2,263,83,0,348,0,104,48,0,152,2,367,131,0,500,0,0,0,500
08/01/2007,ACK,MA,ANE,EN,Towers with Radar,2,281,57,0,340,0,180,81,0,261,2,461,138,0,601,0,0,0,601
08/02/2007,ACK,MA,ANE,EN,Towers with Radar,2,98,70,0,170,0,411,168,0,579,2,509,238,0,749,0,0,0,749
08/03/2007,ACK,MA,ANE,EN,Towers with Radar,0,167,106,0,273,1,425,153,0,579,1,592,259,0,852,2,0,2,854
08/04/2007,ACK,MA,ANE,EN,Towers with Radar,4,352,139,0,495,0,65,21,0,86,4,417,160,0,581,0,0,0,581
08/05/2007,ACK,MA,ANE,EN,Towers with Radar,2,117,79,0,198,0,472,210,0,682,2,589,289,0,880,0,0,0,880
08/06/2007,ACK,MA,ANE,EN,Towers with Radar,3,171,56,0,230,0,283,53,0,336,3,454,109,0,566,0,2,2,568
08/07/2007,ACK,MA,ANE,EN,Towers with Radar,0,324,120,0,444,0,0,0,0,0,0,324,120,0,444,0,0,0,444
08/08/2007,ACK,MA,ANE,EN,Towers with Radar,2,160,82,0,244,0,108,11,0,119,2,268,93,0,363,0,0,0,363
08/09/2007,ACK,MA,ANE,EN,Towers with Radar,2,110,57,0,169,0,453,180,4,637,2,563,237,4,806,4,0,4,810
08/10/2007,ACK,MA,ANE,EN,Towers with Radar,0,178,145,0,323,0,418,52,2,472,0,596,197,2,795,0,0,0,795
08/11/2007,ACK,MA,ANE,EN,Towers with Radar,2,90,76,0,168,0,352,107,0,459,2,442,183,0,627,2,0,2,629
08/12/2007,ACK,MA,ANE,EN,Towers with Radar,2,110,81,0,193,0,406,191,0,597,2,516,272,0,790,5,0,5,795
08/13/2007,ACK,MA,ANE,EN,Towers with Radar,4,128,77,0,209,0,346,63,0,409,4,474,140,0,618,2,0,2,620
08/14/2007,ACK,MA,ANE,EN,Towers with Radar,2,104,35,0,141,0,436,155,0,591,2,540,190,0,732,0,0,0,732
08/15/2007,ACK,MA,ANE,EN,Towers with Radar,83,47,3,0,133,426,95,3,0,524,509,142,6,0,657,0,0,0,657
08/16/2007,ACK,MA,ANE,EN,Towers with Radar,1,293,120,2,416,0,221,61,10,292,1,514,181,12,708,0,0,0,708
08/17/2007,ACK,MA,ANE,EN,Towers with Radar,0,279,137,0,416,0,219,57,0,276,0,498,194,0,692,0,0,0,692
08/18/2007,ACK,MA,ANE,EN,Towers with Radar,4,105,52,0,161,0,320,134,0,454,4,425,186,0,615,0,0,0,615
08/19/2007,ACK,MA,ANE,EN,Towers with Radar,2,88,100,0,190,0,380,124,0,504,2,468,224,0,694,0,0,0,694
08/20/2007,ACK,MA,ANE,EN,Towers with Radar,4,96,61,0,161,0,372,98,0,470,4,468,159,0,631,2,0,2,633
08/21/2007,ACK,MA,ANE,EN,Towers with Radar,2,84,41,0,127,0,326,61,0,387,2,410,102,0,514,0,0,0,514
08/22/2007,ACK,MA,ANE,EN,Towers with Radar,2,96,50,1,149,0,335,93,1,429,2,431,143,2,578,0,0,0,578
08/23/2007,ACK,MA,ANE,EN,Towers with Radar,2,319,114,0,435,0,171,43,0,214,2,490,157,0,649,4,0,4,653
08/24/2007,ACK,MA,ANE,EN,Towers with Radar,0,362,168,0,530,0,0,0,0,0,0,362,168,0,530,0,0,0,530
08/25/2007,ACK,MA,ANE,EN,Towers with Radar,3,285,134,0,422,0,56,37,0,93,3,341,171,0,515,0,0,0,515
08/26/2007,ACK,MA,ANE,EN,Towers with Radar,2,194,98,0,294,0,244,95,0,339,2,438,193,0,633,0,0,0,633
08/27/2007,ACK,MA,ANE,EN,Towers with Radar,4,66,52,0,122,0,455,174,0,629,4,521,226,0,751,0,0,0,751
08/28/2007,ACK,MA,ANE,EN,Towers with Radar,2,87,32,0,121,0,341,117,0,458,2,428,149,0,579,0,0,0,579
08/29/2007,ACK,MA,ANE,EN,Towers with Radar,2,63,40,0,105,0,358,135,4,497,2,421,175,4,602,8,0,8,610
08/30/2007,ACK,MA,ANE,EN,Towers with Radar,2,203,92,0,297,0,246,76,0,322,2,449,168,0,619,0,0,0,619
08/31/2007,ACK,MA,ANE,EN,Towers with Radar,2,501,137,0,640,0,0,0,0,0,2,501,137,0,640,0,0,0,640
09/01/2007,ACK,MA,ANE,EN,Towers with Radar,4,65,38,0,107,0,326,125,0,451,4,391,163,0,558,0,0,0,558
09/02/2007,ACK,MA,ANE,EN,Towers with Radar,2,68,29,0,99,0,318,208,0,526,2,386,237,0,625,0,0,0,625
09/03/2007,ACK,MA,ANE,EN,Towers with Radar,5,113,63,0,181,0,460,182,0,642,5,573,245,0,823,2,0,2,825
09/04/2007,ACK,MA,ANE,EN,Towers with Radar,2,70,45,1,118,0,420,149,1,570,2,490,194,2,688,0,2,2,690
09/05/2007,ACK,MA,ANE,EN,Towers with Radar,0,37,24,3,64,0,331,118,13,462,0,368,142,16,526,0,0,0,526
09/06/2007,ACK,MA,ANE,EN,Towers with Radar,2,50,29,3,84,0,363,93,1,457,2,413,122,4,541,2,0,2,543
09/07/2007,ACK,MA,ANE,EN,Towers with Radar,2,78,30,0,110,0,402,98,0,500,2,480,128,0,610,0,0,0,610
09/08/2007,ACK,MA,ANE,EN,Towers with Radar,2,56,33,0,91,0,224,94,0,318,2,280,127,0,409,17,0,17,426
09/09/2007,ACK,MA,ANE,EN,Towers with Radar,2,221,69,0,292,0,150,55,0,205,2,371,124,0,497,6,0,6,503
09/10/2007,ACK,MA,ANE,EN,Towers with Radar,4,332,62,0,398,0,0,3,0,3,4,332,65,0,401,0,0,0,401
09/11/2007,ACK,MA,ANE,EN,Towers with Radar,1,321,32,0,354,0,0,0,0,0,1,321,32,0,354,0,0,0,354
09/12/2007,ACK,MA,ANE,EN,Towers with Radar,0,35,8,0,43,0,368,85,0,453,0,403,93,0,496,2,0,2,498
09/13/2007,ACK,MA,ANE,EN,Towers with Radar,2,46,30,0,78,0,356,112,4,472,2,402,142,4,550,0,0,0,550
09/14/2007,ACK,MA,ANE,EN,Towers with Radar,0,60,36,0,96,0,415,125,0,540,0,475,161,0,636,0,0,0,636
09/15/2007,ACK,MA,ANE,EN,Towers with Radar,0,190,46,0,236,2,78,26,0,106,2,268,72,0,342,0,0,0,342
09/16/2007,ACK,MA,ANE,EN,Towers with Radar,2,73,59,0,134,0,368,121,0,489,2,441,180,0,623,6,0,6,629
09/17/2007,ACK,MA,ANE,EN,Towers with Radar,2,34,18,2,56,0,362,80,0,442,2,396,98,2,498,0,0,0,498
09/18/2007,ACK,MA,ANE,EN,Towers with Radar,0,33,27,0,60,0,327,55,2,384,0,360,82,2,444,0,0,0,444
09/19/2007,ACK,MA,ANE,EN,Towers with Radar,0,356,64,0,420,0,0,0,0,0,0,356,64,0,420,0,0,0,420
09/20/2007,ACK,MA,ANE,EN,Towers with Radar,2,99,29,0,130,0,300,103,6,409,2,399,132,6,539,0,0,0,539
09/21/2007,ACK,MA,ANE,EN,Towers with Radar,1,318,98,0,417,0,11,2,0,13,1,329,100,0,430,0,0,0,430
09/22/2007,ACK,MA,ANE,EN,Towers with Radar,2,186,49,0,237,0,29,8,0,37,2,215,57,0,274,0,0,0,274
09/23/2007,ACK,MA,ANE,EN,Towers with Radar,2,53,31,0,86,0,335,157,0,492,2,388,188,0,578,0,0,0,578
09/24/2007,ACK,MA,ANE,EN,Towers with Radar,2,37,8,0,47,0,303,69,8,380,2,340,77,8,427,0,0,0,427
09/25/2007,ACK,MA,ANE,EN,Towers with Radar,0,34,16,0,50,0,325,95,0,420,0,359,111,0,470,14,0,14,484
09/26/2007,ACK,MA,ANE,EN,Towers with Radar,0,52,24,0,76,0,349,82,0,431,0,401,106,0,507,6,0,6,513
09/27/2007,ACK,MA,ANE,EN,Towers with Radar,0,251,43,0,294,0,53,36,0,89,0,304,79,0,383,2,8,10,393
09/28/2007,ACK,MA,ANE,EN,Towers with Radar,0,323,76,2,401,0,92,12,0,104,0,415,88,2,505,0,0,0,505
09/29/2007,ACK,MA,ANE,EN,Towers with Radar,0,44,44,0,88,1,233,108,0,342,1,277,152,0,430,0,0,0,430
09/30/2007,ACK,MA,ANE,EN,Towers with Radar,0,49,46,0,95,0,335,151,0,486,0,384,197,0,581,4,0,4,585
10/01/2007,ACK,MA,ANE,EN,Towers with Radar,0,44,23,2,69,0,314,55,5,374,0,358,78,7,443,0,0,0,443
10/02/2007,ACK,MA,ANE,EN,Towers with Radar,74,17,0,0,91,256,57,0,0,313,330,74,0,0,404,2,0,2,406
10/03/2007,ACK,MA,ANE,EN,Towers with Radar,0,199,39,0,238,0,0,0,0,0,0,199,39,0,238,0,0,0,238
10/04/2007,ACK,MA,ANE,EN,Towers with Radar,0,345,52,0,397,0,2,0,0,2,0,347,52,0,399,0,0,0,399
10/05/2007,ACK,MA,ANE,EN,Towers with Radar,0,306,99,0,405,0,110,33,0,143,0,416,132,0,548,2,0,2,550
10/06/2007,ACK,MA,ANE,EN,Towers with Radar,0,231,94,0,325,0,0,0,0,0,0,231,94,0,325,0,0,0,325
10/07/2007,ACK,MA,ANE,EN,Towers with Radar,0,109,0,0,109,307,0,0,0,307,307,109,0,0,416,0,0,0,416
10/08/2007,ACK,MA,ANE,EN,Towers with Radar,0,448,66,0,514,0,83,10,0,93,0,531,76,0,607,0,0,0,607
10/09/2007,ACK,MA,ANE,EN,Towers with Radar,0,52,29,0,81,0,306,67,1,374,0,358,96,1,455,0,0,0,455
10/10/2007,ACK,MA,ANE,EN,Towers with Radar,0,174,30,2,206,0,104,12,0,116,0,278,42,2,322,0,0,0,322
10/11/2007,ACK,MA,ANE,EN,Towers with Radar,0,288,50,0,338,0,0,0,0,0,0,288,50,0,338,0,0,0,338
10/12/2007,ACK,MA,ANE,EN,Towers with Radar,0,67,42,0,109,0,272,50,0,322,0,339,92,0,431,0,0,0,431
10/13/2007,ACK,MA,ANE,EN,Towers with Radar,0,22,8,0,30,0,172,87,0,259,0,194,95,0,289,2,0,2,291
10/14/2007,ACK,MA,ANE,EN,Towers with Radar,0,30,15,0,45,0,258,87,0,345,0,288,102,0,390,0,0,0,390
10/15/2007,ACK,MA,ANE,EN,Towers with Radar,0,18,16,0,34,0,350,86,0,436,0,368,102,0,470,0,0,0,470
10/16/2007,ACK,MA,ANE,EN,Towers with Radar,0,30,16,0,46,0,304,68,0,372,0,334,84,0,418,0,0,0,418
10/17/2007,ACK,MA,ANE,EN,Towers with Radar,0,25,14,0,39,0,352,65,0,417,0,377,79,0,456,0,0,0,456
10/18/2007,ACK,MA,ANE,EN,Towers with Radar,0,246,47,0,293,0,11,1,0,12,0,257,48,0,305,0,0,0,305
10/19/2007,ACK,MA,ANE,EN,Towers with Radar,0,175,30,0,205,0,194,24,0,218,0,369,54,0,423,6,0,6,429
10/20/2007,ACK,MA,ANE,EN,Towers with Radar,0,21,9,0,30,0,210,47,0,257,0,231,56,0,287,0,0,0,287
10/21/2007,ACK,MA,ANE,EN,Towers with Radar,0,18,15,0,33,0,276,98,0,374,0,294,113,0,407,2,0,2,409
10/22/2007,ACK,MA,ANE,EN,Towers with Radar,0,24,10,0,34,0,273,75,0,348,0,297,85,0,382,0,0,0,382
10/23/2007,ACK,MA,ANE,EN,Towers with Radar,0,36,16,4,56,0,271,49,0,320,0,307,65,4,376,0,19,19,395
10/24/2007,ACK,MA,ANE,EN,Towers with Radar,0,129,20,6,155,0,168,19,0,187,0,297,39,6,342,0,0,0,342
10/25/2007,ACK,MA,ANE,EN,Towers with Radar,0,107,19,0,126,0,192,28,0,220,0,299,47,0,346,0,0,0,346
10/26/2007,ACK,MA,ANE,EN,Towers with Radar,0,54,19,4,77,0,310,72,3,385,0,364,91,7,462,0,0,0,462
10/27/2007,ACK,MA,ANE,EN,Towers with Radar,0,138,32,0,170,0,19,0,0,19,0,157,32,0,189,0,0,0,189
10/28/2007,ACK,MA,ANE,EN,Towers with Radar,0,14,4,0,18,0,252,92,0,344,0,266,96,0,362,0,0,0,362
10/29/2007,ACK,MA,ANE,EN,Towers with Radar,0,20,5,0,25,0,286,79,0,365,0,306,84,0,390,0,0,0,390
10/30/2007,ACK,MA,ANE,EN,Towers with Radar,0,11,6,0,17,0,274,58,0,332,0,285,64,0,349,0,0,0,349
10/31/2007,ACK,MA,ANE,EN,Towers with Radar,0,25,14,2,41,0,322,66,0,388,0,347,80,2,429,0,0,0,429
11/01/2007,ACK,MA,ANE,EN,Towers with Radar,0,27,9,0,36,0,269,40,2,311,0,296,49,2,347,0,0,0,347
11/02/2007,ACK,MA,ANE,EN,Towers with Radar,0,22,6,0,28,0,308,77,0,385,0,330,83,0,413,0,0,0,413
11/03/2007,ACK,MA,ANE,EN,Towers with Radar,0,8,0,0,8,0,0,0,0,0,0,8,0,0,8,0,0,0,8
11/04/2007,ACK,MA,ANE,EN,Towers with Radar,0,17,8,0,25,0,390,101,0,491,0,407,109,0,516,2,0,2,518
11/05/2007,ACK,MA,ANE,EN,Towers with Radar,0,18,3,0,21,0,288,52,0,340,0,306,55,0,361,0,0,0,361
11/06/2007,ACK,MA,ANE,EN,Towers with Radar,0,68,8,0,76,0,218,42,0,260,0,286,50,0,336,0,0,0,336
11/07/2007,ACK,MA,ANE,EN,Towers with Radar,0,19,11,0,30,0,320,61,0,381,0,339,72,0,411,0,0,0,411
11/08/2007,ACK,MA,ANE,EN,Towers with Radar,0,16,12,0,28,0,300,69,0,369,0,316,81,0,397,0,0,0,397
11/09/2007,ACK,MA,ANE,EN,Towers with Radar,0,20,7,0,27,0,298,61,0,359,0,318,68,0,386,0,0,0,386
11/10/2007,ACK,MA,ANE,EN,Towers with Radar,0,26,4,0,30,0,176,36,0,212,0,202,40,0,242,0,0,0,242
11/11/2007,ACK,MA,ANE,EN,Towers with Radar,0,18,8,0,26,0,209,76,0,285,0,227,84,0,311,2,0,2,313
11/12/2007,ACK,MA,ANE,EN,Towers with Radar,0,14,8,0,22,0,275,54,0,329,0,289,62,0,351,0,0,0,351
11/13/2007,ACK,MA,ANE,EN,Towers with Radar,0,123,20,0,143,0,162,37,0,199,0,285,57,0,342,0,0,0,342
11/14/2007,ACK,MA,ANE,EN,Towers with Radar,0,39,31,2,72,0,230,38,0,268,0,269,69,2,340,0,14,14,354
11/15/2007,ACK,MA,ANE,EN,Towers with Radar,0,64,7,0,71,0,226,33,2,261,0,290,40,2,332,0,0,0,332
11/16/2007,ACK,MA,ANE,EN,Towers with Radar,0,43,8,0,51,0,240,36,0,276,0,283,44,0,327,0,0,0,327
11/17/2007,ACK,MA,ANE,EN,Towers with Radar,0,5,15,0,20,0,223,63,0,286,0,228,78,0,306,6,0,6,312
11/18/2007,ACK,MA,ANE,EN,Towers with Radar,0,15,4,0,19,0,211,54,0,265,0,226,58,0,284,0,0,0,284
11/19/2007,ACK,MA,ANE,EN,Towers with Radar,0,27,6,0,33,0,277,36,0,313,0,304,42,0,346,0,0,0,346
11/20/2007,ACK,MA,ANE,EN,Towers with Radar,0,74,22,0,96,0,257,31,0,288,0,331,53,0,384,0,0,0,384
11/21/2007,ACK,MA,ANE,EN,Towers with Radar,0,258,65,0,323,0,75,21,0,96,0,333,86,0,419,0,0,0,419
11/22/2007,ACK,MA,ANE,EN,Towers with Radar,0,28,5,0,33,0,141,18,0,159,0,169,23,0,192,0,0,0,192
11/23/2007,ACK,MA,ANE,EN,Towers with Radar,0,30,16,0,46,0,277,72,0,349,0,307,88,0,395,0,0,0,395
11/24/2007,ACK,MA,ANE,EN,Towers with Radar,0,21,21,0,42,0,214,85,0,299,0,235,106,0,341,0,0,0,341
11/25/2007,ACK,MA,ANE,EN,Towers with Radar,0,27,27,0,54,0,335,86,2,423,0,362,113,2,477,0,0,0,477
11/26/2007,ACK,MA,ANE,EN,Towers with Radar,0,158,22,0,180,0,0,0,0,0,0,158,22,0,180,0,0,0,180
11/27/2007,ACK,MA,ANE,EN,Towers with Radar,0,118,17,0,135,0,201,24,0,225,0,319,41,0,360,0,0,0,360
11/28/2007,ACK,MA,ANE,EN,Towers with Radar,0,17,4,0,21,0,287,68,0,355,0,304,72,0,376,0,0,0,376
11/29/2007,ACK,MA,ANE,EN,Towers with Radar,0,43,21,0,64,0,296,43,0,339,0,339,64,0,403,0,0,0,403
11/30/2007,ACK,MA,ANE,EN,Towers with Radar,0,36,30,0,66,0,387,89,0,476,0,423,119,0,542,0,0,0,542
12/01/2007,ACK,MA,ANE,EN,Towers with Radar,0,12,16,0,28,0,173,92,0,265,0,185,108,0,293,0,0,0,293
12/02/2007,ACK,MA,ANE,EN,Towers with Radar,0,65,45,0,110,0,336,60,0,396,0,401,105,0,506,0,0,0,506
12/03/2007,ACK,MA,ANE,EN,Towers with Radar,0,207,27,0,234,0,41,5,0,46,0,248,32,0,280,0,0,0,280
12/04/2007,ACK,MA,ANE,EN,Towers with Radar,0,21,7,0,28,0,273,38,0,311,0,294,45,0,339,0,0,0,339
12/05/2007,ACK,MA,ANE,EN,Towers with Radar,0,45,6,0,51,0,229,45,0,274,0,274,51,0,325,0,0,0,325
12/06/2007,ACK,MA,ANE,EN,Towers with Radar,0,23,4,0,27,0,267,35,0,302,0,290,39,0,329,0,0,0,329
12/07/2007,ACK,MA,ANE,EN,Towers with Radar,0,102,21,0,123,0,212,37,0,249,0,314,58,0,372,0,0,0,372
12/08/2007,ACK,MA,ANE,EN,Towers with Radar,0,18,15,0,33,0,152,44,0,196,0,170,59,0,229,4,0,4,233
12/09/2007,ACK,MA,ANE,EN,Towers with Radar,0,18,13,0,31,0,189,46,0,235,0,207,59,0,266,0,0,0,266
12/10/2007,ACK,MA,ANE,EN,Towers with Radar,0,224,18,0,242,0,27,10,0,37,0,251,28,0,279,0,0,0,279
12/11/2007,ACK,MA,ANE,EN,Towers with Radar,0,13,9,2,24,0,270,43,0,313,0,283,52,2,337,0,0,0,337
12/12/2007,ACK,MA,ANE,EN,Towers with Radar,0,108,8,0,116,0,168,14,0,182,0,276,22,0,298,0,0,0,298
12/13/2007,ACK,MA,ANE,EN,Towers with Radar,0,37,14,0,51,0,118,9,0,127,0,155,23,0,178,0,0,0,178
12/14/2007,ACK,MA,ANE,EN,Towers with Radar,0,63,16,0,79,0,180,19,1,200,0,243,35,1,279,2,0,2,281
12/15/2007,ACK,MA,ANE,EN,Towers with Radar,0,16,2,0,18,0,179,40,0,219,0,195,42,0,237,0,0,0,237
12/16/2007,ACK,MA,ANE,EN,Towers with Radar,0,2,0,0,2,0,0,0,0,0,0,2,0,0,2,0,0,0,2
12/17/2007,ACK,MA,ANE,EN,Towers with Radar,0,41,4,0,45,0,262,21,0,283,0,303,25,0,328,0,0,0,328
12/18/2007,ACK,MA,ANE,EN,Towers with Radar,0,18,6,0,24,0,262,42,2,306,0,280,48,2,330,0,0,0,330
12/19/2007,ACK,MA,ANE,EN,Towers with Radar,0,23,2,3,28,0,282,33,1,316,0,305,35,4,344,0,6,6,350
12/20/2007,ACK,MA,ANE,EN,Towers with Radar,0,201,18,0,219,0,17,4,0,21,0,218,22,0,240,0,0,0,240
12/21/2007,ACK,MA,ANE,EN,Towers with Radar,0,31,10,0,41,0,282,31,0,313,0,313,41,0,354,0,0,0,354
12/22/2007,ACK,MA,ANE,EN,Towers with Radar,0,18,14,0,32,0,195,34,0,229,0,213,48,0,261,0,0,0,261
12/23/2007,ACK,MA,ANE,EN,Towers with Radar,0,14,10,0,24,0,154,17,0,171,0,168,27,0,195,0,0,0,195
12/24/2007,ACK,MA,ANE,EN,Towers with Radar,0,15,1,0,16,0,161,20,0,181,0,176,21,0,197,0,0,0,197
12/25/2007,ACK,MA,ANE,EN,Towers with Radar,0,5,0,0,5,0,130,4,0,134,0,135,4,0,139,0,0,0,139
12/26/2007,ACK,MA,ANE,EN,Towers with Radar,0,19,8,0,27,0,280,45,0,325,0,299,53,0,352,0,0,0,352
12/27/2007,ACK,MA,ANE,EN,Towers with Radar,0,240,12,0,252,0,0,0,0,0,0,240,12,0,252,0,0,0,252
12/28/2007,ACK,MA,ANE,EN,Towers with Radar,0,16,5,0,21,0,254,70,0,324,0,270,75,0,345,0,4,4,349
12/29/2007,ACK,MA,ANE,EN,Towers with Radar,0,100,11,0,111,0,60,9,0,69,0,160,20,0,180,6,0,6,186
12/30/2007,ACK,MA,ANE,EN,Towers with Radar,0,24,5,2,31,0,184,46,0,230,0,208,51,2,261,6,2,8,269
12/31/2007,ACK,MA,ANE,EN,Towers with Radar,0,83,9,0,92,0,95,8,0,103,0,178,17,0,195,0,0,0,195
01/01/2008,ACK,MA,ANE,EN,Towers with Radar,0,49,2,0,51,0,96,13,0,109,0,145,15,0,160,0,0,0,160
01/02/2008,ACK,MA,ANE,EN,Towers with Radar,0,68,14,2,84,0,217,33,0,250,0,285,47,2,334,0,0,0,334
01/03/2008,ACK,MA,ANE,EN,Towers with Radar,0,105,8,0,113,0,127,18,0,145,0,232,26,0,258,0,0,0,258
01/04/2008,ACK,MA,ANE,EN,Towers with Radar,0,15,2,1,18,0,262,48,1,311,0,277,50,2,329,2,0,2,331
01/05/2008,ACK,MA,ANE,EN,Towers with Radar,0,12,8,0,20,0,145,62,0,207,0,157,70,0,227,0,0,0,227
01/06/2008,ACK,MA,ANE,EN,Towers with Radar,0,10,7,0,17,0,158,32,0,190,0,168,39,0,207,0,0,0,207
01/07/2008,ACK,MA,ANE,EN,Towers with Radar,0,48,5,0,53,0,225,22,0,247,0,273,27,0,300,0,0,0,300
01/08/2008,ACK,MA,ANE,EN,Towers with Radar,0,16,4,0,20,0,261,53,0,314,0,277,57,0,334,0,0,0,334
01/09/2008,ACK,MA,ANE,EN,Towers with Radar,0,138,13,0,151,0,37,3,0,40,0,175,16,0,191,0,0,0,191
01/10/2008,ACK,MA,ANE,EN,Towers with Radar,0,14,3,0,17,0,288,63,0,351,0,302,66,0,368,2,0,2,370
01/11/2008,ACK,MA,ANE,EN,Towers with Radar,0,134,7,2,143,0,102,12,4,118,0,236,19,6,261,0,0,0,261
01/12/2008,ACK,MA,ANE,EN,Towers with Radar,0,16,5,0,21,0,159,69,0,228,0,175,74,0,249,0,0,0,249
01/13/2008,ACK,MA,ANE,EN,Towers with Radar,0,18,6,0,24,0,162,42,0,204,0,180,48,0,228,0,0,0,228
01/14/2008,ACK,MA,ANE,EN,Towers with Radar,0,16,0,0,16,155,0,0,0,155,155,16,0,0,171,0,0,0,171
01/15/2008,ACK,MA,ANE,EN,Towers with Radar,0,14,4,0,18,0,272,33,1,306,0,286,37,1,324,0,0,0,324
01/16/2008,ACK,MA,ANE,EN,Towers with Radar,0,13,1,0,14,0,277,50,0,327,0,290,51,0,341,0,0,0,341
01/17/2008,ACK,MA,ANE,EN,Towers with Radar,0,17,6,0,23,0,297,50,0,347,0,314,56,0,370,0,2,2,372
01/18/2008,ACK,MA,ANE,EN,Towers with Radar,0,113,8,0,121,0,162,12,0,174,0,275,20,0,295,0,0,0,295
01/19/2008,ACK,MA,ANE,EN,Towers with Radar,0,17,2,0,19,0,161,36,0,197,0,178,38,0,216,10,0,10,226
01/20/2008,ACK,MA,ANE,EN,Towers with Radar,0,27,2,0,29,0,140,12,0,152,0,167,14,0,181,4,0,4,185
01/21/2008,ACK,MA,ANE,EN,Towers with Radar,0,15,8,0,23,0,236,40,0,276,0,251,48,0,299,0,0,0,299
01/22/2008,ACK,MA,ANE,EN,Towers with Radar,0,83,13,4,100,0,193,14,0,207,0,276,27,4,307,4,0,4,311
01/23/2008,ACK,MA,ANE,EN,Towers with Radar,0,22,3,0,25,0,278,56,2,336,0,300,59,2,361,0,0,0,361
01/24/2008,ACK,MA,ANE,EN,Towers with Radar,0,37,9,6,52,0,226,31,6,263,0,263,40,12,315,0,0,0,315
01/25/2008,ACK,MA,ANE,EN,Towers with Radar,0,14,3,0,17,0,263,44,0,307,0,277,47,0,324,0,0,0,324
01/26/2008,ACK,MA,ANE,EN,Towers with Radar,0,12,5,0,17,0,148,59,0,207,0,160,64,0,224,0,0,0,224
01/27/2008,ACK,MA,ANE,EN,Towers with Radar,0,20,6,0,26,0,27,0,0,27,0,47,6,0,53,0,0,0,53
01/28/2008,ACK,MA,ANE,EN,Towers with Radar,0,6,5,0,11,0,109,11,0,120,0,115,16,0,131,0,0,0,131
01/29/2008,ACK,MA,ANE,EN,Towers with Radar,0,25,3,0,28,0,282,51,0,333,0,307,54,0,361,2,0,2,363
01/30/2008,ACK,MA,ANE,EN,Towers with Radar,0,46,4,3,53,0,213,21,1,235,0,259,25,4,288,0,0,0,288
01/31/2008,ACK,MA,ANE,EN,Towers with Radar,0,14,3,6,23,0,295,60,0,355,0,309,63,6,378,0,0,0,378
02/01/2008,ACK,MA,ANE,EN,Towers with Radar,0,118,14,0,132,0,118,10,0,128,0,236,24,0,260,0,0,0,260
02/02/2008,ACK,MA,ANE,EN,Towers with Radar,0,6,3,0,9,0,182,33,0,215,0,188,36,0,224,0,0,0,224
02/03/2008,ACK,MA,ANE,EN,Towers with Radar,0,11,11,0,22,0,144,70,0,214,0,155,81,0,236,0,0,0,236
02/04/2008,ACK,MA,ANE,EN,Towers with Radar,0,11,3,0,14,0,251,46,0,297,0,262,49,0,311,0,0,0,311
02/05/2008,ACK,MA,ANE,EN,Towers with Radar,0,166,20,0,186,0,64,7,0,71,0,230,27,0,257,0,0,0,257
02/06/2008,ACK,MA,ANE,EN,Towers with Radar,0,177,20,0,197,0,0,0,0,0,0,177,20,0,197,0,0,0,197
02/07/2008,ACK,MA,ANE,EN,Towers with Radar,0,219,27,0,246,0,42,3,0,45,0,261,30,0,291,0,0,0,291
02/08/2008,ACK,MA,ANE,EN,Towers with Radar,0,93,8,2,103,0,185,18,0,203,0,278,26,2,306,0,10,10,316
02/09/2008,ACK,MA,ANE,EN,Towers with Radar,0,19,0,0,19,0,160,37,0,197,0,179,37,0,216,0,0,0,216
02/10/2008,ACK,MA,ANE,EN,Towers with Radar,0,28,4,0,32,0,126,4,0,130,0,154,8,0,162,0,0,0,162
02/11/2008,ACK,MA,ANE,EN,Towers with Radar,0,15,1,0,16,0,255,30,0,285,0,270,31,0,301,0,0,0,301
02/12/2008,ACK,MA,ANE,EN,Towers with Radar,0,15,10,0,25,0,245,44,0,289,0,260,54,0,314,4,0,4,318
02/13/2008,ACK,MA,ANE,EN,Towers with Radar,0,91,6,0,97,0,75,13,0,88,0,166,19,0,185,0,0,0,185
02/14/2008,ACK,MA,ANE,EN,Towers with Radar,0,19,7,0,26,0,249,44,0,293,0,268,51,0,319,0,0,0,319
02/15/2008,ACK,MA,ANE,EN,Towers with Radar,0,5,4,0,9,0,285,54,0,339,0,290,58,0,348,0,0,0,348
02/16/2008,ACK,MA,ANE,EN,Towers with Radar,0,7,0,0,7,0,183,75,0,258,0,190,75,0,265,10,0,10,275
02/17/2008,ACK,MA,ANE,EN,Towers with Radar,0,10,4,0,14,0,144,47,0,191,0,154,51,0,205,0,0,0,205
02/18/2008,ACK,MA,ANE,EN,Towers with Radar,0,63,6,0,69,0,19,3,0,22,0,82,9,0,91,0,0,0,91
02/19/2008,ACK,MA,ANE,EN,Towers with Radar,0,11,2,0,13,0,262,46,0,308,0,273,48,0,321,0,0,0,321
02/20/2008,ACK,MA,ANE,EN,Towers with Radar,0,15,4,8,27,0,286,48,0,334,0,301,52,8,361,0,0,0,361
02/21/2008,ACK,MA,ANE,EN,Towers with Radar,0,8,8,0,16,0,313,80,0,393,0,321,88,0,409,0,0,0,409
02/22/2008,ACK,MA,ANE,EN,Towers with Radar,0,81,9,0,90,0,7,0,0,7,0,88,9,0,97,0,0,0,97
02/23/2008,ACK,MA,ANE,EN,Towers with Radar,0,78,8,0,86,0,76,11,0,87,0,154,19,0,173,0,0,0,173
02/24/2008,ACK,MA,ANE,EN,Towers with Radar,0,9,10,0,19,0,164,46,0,210,0,173,56,0,229,0,0,0,229
02/25/2008,ACK,MA,ANE,EN,Towers with Radar,0,11,7,0,18,0,282,62,0,344,0,293,69,0,362,0,0,0,362
02/26/2008,ACK,MA,ANE,EN,Towers with Radar,0,53,8,0,61,0,225,29,0,254,0,278,37,0,315,0,22,22,337
02/27/2008,ACK,MA,ANE,EN,Towers with Radar,0,120,17,0,137,0,144,19,0,163,0,264,36,0,300,0,0,0,300
02/28/2008,ACK,MA,ANE,EN,Towers with Radar,0,20,2,0,22,0,251,41,4,296,0,271,43,4,318,0,12,12,330
02/29/2008,ACK,MA,ANE,EN,Towers with Radar,0,7,4,0,11,0,286,47,0,333,0,293,51,0,344,0,0,0,344
03/01/2008,ACK,MA,ANE,EN,Towers with Radar,0,60,11,0,71,0,95,18,0,113,0,155,29,0,184,0,0,0,184
03/02/2008,ACK,MA,ANE,EN,Towers with Radar,0,12,3,0,15,0,179,22,0,201,0,191,25,0,216,0,0,0,216
03/03/2008,ACK,MA,ANE,EN,Towers with Radar,0,19,3,0,22,0,283,69,0,352,0,302,72,0,374,4,0,4,378
03/04/2008,ACK,MA,ANE,EN,Towers with Radar,0,37,5,6,48,0,201,22,0,223,0,238,27,6,271,0,6,6,277
03/05/2008,ACK,MA,ANE,EN,Towers with Radar,0,64,10,0,74,0,152,29,2,183,0,216,39,2,257,0,0,0,257
03/06/2008,ACK,MA,ANE,EN,Towers with Radar,0,16,3,1,20,0,312,64,0,376,0,328,67,1,396,0,26,26,422
03/07/2008,ACK,MA,ANE,EN,Towers with Radar,0,59,9,2,70,0,243,41,0,284,0,302,50,2,354,0,0,0,354
03/08/2008,ACK,MA,ANE,EN,Towers with Radar,0,12,11,0,23,0,0,0,0,0,0,12,11,0,23,0,0,0,23
03/09/2008,ACK,MA,ANE,EN,Towers with Radar,0,19,2,0,21,0,181,12,0,193,0,200,14,0,214,0,0,0,214
03/10/2008,ACK,MA,ANE,EN,Towers with Radar,0,18,3,0,21,0,256,57,0,313,0,274,60,0,334,0,0,0,334
03/11/2008,ACK,MA,ANE,EN,Towers with Radar,0,11,1,0,12,0,268,49,0,317,0,279,50,0,329,0,0,0,329
03/12/2008,ACK,MA,ANE,EN,Towers with Radar,0,34,10,2,46,0,256,31,0,287,0,290,41,2,333,0,0,0,333
03/13/2008,ACK,MA,ANE,EN,Towers with Radar,0,13,4,0,17,0,287,61,0,348,0,300,65,0,365,0,0,0,365
03/14/2008,ACK,MA,ANE,EN,Towers with Radar,0,14,4,0,18,0,269,48,2,319,0,283,52,2,337,0,0,0,337
03/15/2008,ACK,MA,ANE,EN,Towers with Radar,0,107,10,0,117,0,42,7,0,49,0,149,17,0,166,0,0,0,166
03/16/2008,ACK,MA,ANE,EN,Towers with Radar,0,26,8,0,34,0,179,5,0,184,0,205,13,0,218,0,0,0,218
03/17/2008,ACK,MA,ANE,EN,Towers with Radar,0,16,5,0,21,0,316,34,0,350,0,332,39,0,371,0,0,0,371
03/18/2008,ACK,MA,ANE,EN,Towers with Radar,0,18,6,0,24,0,279,50,0,329,0,297,56,0,353,4,0,4,357
03/19/2008,ACK,MA,ANE,EN,Towers with Radar,0,133,21,0,154,0,97,14,0,111,0,230,35,0,265,0,0,0,265
03/20/2008,ACK,MA,ANE,EN,Towers with Radar,0,134,19,0,153,0,124,14,0,138,0,258,33,0,291,0,0,0,291
03/21/2008,ACK,MA,ANE,EN,Towers with Radar,0,7,4,0,11,0,299,37,1,337,0,306,41,1,348,0,0,0,348
03/22/2008,ACK,MA,ANE,EN,Towers with Radar,0,6,10,0,16,0,175,55,0,230,0,181,65,0,246,0,0,0,246
03/23/2008,ACK,MA,ANE,EN,Towers with Radar,0,4,6,0,10,0,208,58,2,268,0,212,64,2,278,2,0,2,280
03/24/2008,ACK,MA,ANE,EN,Towers with Radar,0,10,7,0,17,0,297,40,0,337,0,307,47,0,354,8,0,8,362
03/25/2008,ACK,MA,ANE,EN,Towers with Radar,0,36,12,2,50,0,256,44,1,301,0,292,56,3,351,10,10,20,371
03/26/2008,ACK,MA,ANE,EN,Towers with Radar,0,18,7,5,30,0,273,39,1,313,0,291,46,6,343,0,0,0,343
03/27/2008,ACK,MA,ANE,EN,Towers with Radar,0,17,7,1,25,0,294,48,15,357,0,311,55,16,382,0,6,6,388
03/28/2008,ACK,MA,ANE,EN,Towers with Radar,0,166,14,0,180,0,129,20,0,149,0,295,34,0,329,0,2,2,331
03/29/2008,ACK,MA,ANE,EN,Towers with Radar,0,10,4,0,14,0,158,50,0,208,0,168,54,0,222,0,0,0,222
03/30/2008,ACK,MA,ANE,EN,Towers with Radar,0,23,12,0,35,0,177,92,2,271,0,200,104,2,306,0,0,0,306
03/31/2008,ACK,MA,ANE,EN,Towers with Radar,0,15,4,2,21,0,299,40,1,340,0,314,44,3,361,0,0,0,361
04/01/2008,ACK,MA,ANE,EN,Towers with Radar,0,155,12,0,167,0,103,7,2,112,0,258,19,2,279,0,0,0,279
04/02/2008,ACK,MA,ANE,EN,Towers with Radar,0,13,1,1,15,0,294,37,1,332,0,307,38,2,347,0,10,10,357
04/03/2008,ACK,MA,ANE,EN,Towers with Radar,0,11,4,0,15,0,314,86,0,400,0,325,90,0,415,2,0,2,417
04/04/2008,ACK,MA,ANE,EN,Towers with Radar,0,141,31,0,172,0,12,1,0,13,0,153,32,0,185,0,0,0,185
04/05/2008,ACK,MA,ANE,EN,Towers with Radar,0,106,16,1,123,0,54,13,1,68,0,160,29,2,191,0,0,0,191
04/06/2008,ACK,MA,ANE,EN,Towers with Radar,0,113,16,0,129,0,91,2,0,93,0,204,18,0,222,0,0,0,222
04/07/2008,ACK,MA,ANE,EN,Towers with Radar,0,194,21,0,215,0,87,10,0,97,0,281,31,0,312,0,0,0,312
04/08/2008,ACK,MA,ANE,EN,Towers with Radar,0,22,4,0,26,0,299,56,2,357,0,321,60,2,383,4,0,4,387
04/09/2008,ACK,MA,ANE,EN,Towers with Radar,0,49,15,0,64,0,257,65,4,326,0,306,80,4,390,14,0,14,404
04/10/2008,ACK,MA,ANE,EN,Towers with Radar,0,123,23,0,146,0,142,29,0,171,0,265,52,0,317,0,0,0,317
04/11/2008,ACK,MA,ANE,EN,Towers with Radar,0,18,13,0,31,0,269,40,0,309,0,287,53,0,340,0,0,0,340
04/12/2008,ACK,MA,ANE,EN,Towers with Radar,0,103,21,0,124,0,23,1,0,24,0,126,22,0,148,0,0,0,148
04/13/2008,ACK,MA,ANE,EN,Towers with Radar,0,28,6,0,34,0,177,39,0,216,0,205,45,0,250,0,0,0,250
04/14/2008,ACK,MA,ANE,EN,Towers with Radar,0,16,2,0,18,0,262,45,0,307,0,278,47,0,325,0,0,0,325
04/15/2008,ACK,MA,ANE,EN,Towers with Radar,0,10,8,2,20,0,316,47,0,363,0,326,55,2,383,0,0,0,383
04/16/2008,ACK,MA,ANE,EN,Towers with Radar,0,13,5,1,19,0,323,76,0,399,0,336,81,1,418,4,10,14,432
04/17/2008,ACK,MA,ANE,EN,Towers with Radar,0,11,7,0,18,0,302,52,0,354,0,313,59,0,372,0,0,0,372
04/18/2008,ACK,MA,ANE,EN,Towers with Radar,0,32,8,2,42,0,304,78,0,382,0,336,86,2,424,0,0,0,424
04/19/2008,ACK,MA,ANE,EN,Towers with Radar,0,10,18,0,28,0,183,120,1,304,0,193,138,1,332,4,0,4,336
04/20/2008,ACK,MA,ANE,EN,Towers with Radar,0,15,7,0,22,0,180,51,0,231,0,195,58,0,253,2,0,2,255
04/21/2008,ACK,MA,ANE,EN,Towers with Radar,0,27,7,0,34,0,286,45,4,335,0,313,52,4,369,8,0,8,377
04/22/2008,ACK,MA,ANE,EN,Towers with Radar,0,95,20,0,115,0,187,42,0,229,0,282,62,0,344,0,0,0,344
04/23/2008,ACK,MA,ANE,EN,Towers with Radar,0,66,11,0,77,0,214,40,0,254,0,280,51,0,331,0,0,0,331
04/24/2008,ACK,MA,ANE,EN,Towers with Radar,0,33,17,2,52,0,330,86,2,418,0,363,103,4,470,0,0,0,470
04/25/2008,ACK,MA,ANE,EN,Towers with Radar,0,42,23,0,65,0,361,107,0,468,0,403,130,0,533,0,0,0,533
04/26/2008,ACK,MA,ANE,EN,Towers with Radar,0,18,20,0,38,0,176,117,0,293,0,194,137,0,331,0,0,0,331
04/27/2008,ACK,MA,ANE,EN,Towers with Radar,0,294,68,0,362,0,94,12,0,106,0,388,80,0,468,0,0,0,468
04/28/2008,ACK,MA,ANE,EN,Towers with Radar,0,67,10,0,77,0,247,22,0,269,0,314,32,0,346,0,0,0,346
04/29/2008,ACK,MA,ANE,EN,Towers with Radar,0,181,21,0,202,0,72,14,0,86,0,253,35,0,288,0,0,0,288
04/30/2008,ACK,MA,ANE,EN,Towers with Radar,0,29,6,0,35,0,325,77,0,402,0,354,83,0,437,0,0,0,437
05/01/2008,ACK,MA,ANE,EN,Towers with Radar,0,16,11,0,27,0,319,54,6,379,0,335,65,6,406,0,0,0,406
05/02/2008,ACK,MA,ANE,EN,Towers with Radar,0,124,17,0,141,0,160,10,0,170,0,284,27,0,311,2,0,2,313
05/03/2008,ACK,MA,ANE,EN,Towers with Radar,0,51,21,0,72,0,104,23,0,127,0,155,44,0,199,0,0,0,199
05/04/2008,ACK,MA,ANE,EN,Towers with Radar,0,149,18,0,167,0,0,10,0,10,0,149,28,0,177,0,0,0,177
05/05/2008,ACK,MA,ANE,EN,Towers with Radar,0,137,24,0,161,0,135,19,0,154,0,272,43,0,315,2,0,2,317
05/06/2008,ACK,MA,ANE,EN,Towers with Radar,0,24,5,0,29,0,288,54,4,346,0,312,59,4,375,0,0,0,375
05/07/2008,ACK,MA,ANE,EN,Towers with Radar,0,23,8,0,31,0,335,76,13,424,0,358,84,13,455,6,0,6,461
05/08/2008,ACK,MA,ANE,EN,Towers with Radar,0,174,38,1,213,0,138,19,0,157,0,312,57,1,370,0,0,0,370
05/09/2008,ACK,MA,ANE,EN,Towers with Radar,0,114,22,0,136,0,216,21,0,237,0,330,43,0,373,0,0,0,373
05/10/2008,ACK,MA,ANE,EN,Towers with Radar,0,86,29,0,115,0,75,15,0,90,0,161,44,0,205,0,0,0,205
05/11/2008,ACK,MA,ANE,EN,Towers with Radar,0,32,10,0,42,0,202,62,0,264,0,234,72,0,306,0,0,0,306
05/12/2008,ACK,MA,ANE,EN,Towers with Radar,0,41,16,0,57,0,269,33,0,302,0,310,49,0,359,0,0,0,359
05/13/2008,ACK,MA,ANE,EN,Towers with Radar,0,19,2,0,21,0,313,46,2,361,0,332,48,2,382,0,0,0,382
05/14/2008,ACK,MA,ANE,EN,Towers with Radar,0,24,16,0,40,0,323,99,0,422,0,347,115,0,462,0,0,0,462
05/15/2008,ACK,MA,ANE,EN,Towers with Radar,0,42,32,0,74,0,344,59,0,403,0,386,91,0,477,0,0,0,477
05/16/2008,ACK,MA,ANE,EN,Towers with Radar,0,60,33,4,97,0,332,38,0,370,0,392,71,4,467,0,0,0,467
05/17/2008,ACK,MA,ANE,EN,Towers with Radar,0,37,16,0,53,0,147,57,0,204,0,184,73,0,257,0,0,0,257
05/18/2008,ACK,MA,ANE,EN,Towers with Radar,0,79,28,0,107,0,269,52,0,321,0,348,80,0,428,0,0,0,428
05/19/2008,ACK,MA,ANE,EN,Towers with Radar,0,91,27,0,118,0,267,45,0,312,0,358,72,0,430,0,0,0,430
05/20/2008,ACK,MA,ANE,EN,Towers with Radar,0,91,8,0,99,0,266,56,0,322,0,357,64,0,421,6,2,8,429
05/21/2008,ACK,MA,ANE,EN,Towers with Radar,0,49,8,0,57,0,309,69,0,378,0,358,77,0,435,0,0,0,435
05/22/2008,ACK,MA,ANE,EN,Towers with Radar,2,79,35,0,116,0,385,81,2,468,2,464,116,2,584,0,0,0,584
05/23/2008,ACK,MA,ANE,EN,Towers with Radar,0,80,42,0,122,0,522,137,0,659,0,602,179,0,781,0,0,0,781
05/24/2008,ACK,MA,ANE,EN,Towers with Radar,2,24,40,0,66,0,264,120,0,384,2,288,160,0,450,0,0,0,450
05/25/2008,ACK,MA,ANE,EN,Towers with Radar,0,23,20,0,43,0,265,163,0,428,0,288,183,0,471,0,0,0,471
05/26/2008,ACK,MA,ANE,EN,Towers with Radar,2,90,63,0,155,0,531,148,0,679,2,621,211,0,834,0,0,0,834
05/27/2008,ACK,MA,ANE,EN,Towers with Radar,2,301,54,0,357,0,73,11,0,84,2,374,65,0,441,0,0,0,441
05/28/2008,ACK,MA,ANE,EN,Towers with Radar,2,29,13,10,54,0,312,77,0,389,2,341,90,10,443,9,0,9,452
05/29/2008,ACK,MA,ANE,EN,Towers with Radar,0,33,18,1,52,0,329,112,7,448,0,362,130,8,500,0,0,0,500
05/30/2008,ACK,MA,ANE,EN,Towers with Radar,2,36,24,0,62,0,378,112,0,490,2,414,136,0,552,14,0,14,566
05/31/2008,ACK,MA,ANE,EN,Towers with Radar,2,110,14,0,126,0,83,14,0,97,2,193,28,0,223,0,0,0,223
06/01/2008,ACK,MA,ANE,EN,Towers with Radar,2,96,24,0,122,0,208,77,0,285,2,304,101,0,407,0,0,0,407
06/02/2008,ACK,MA,ANE,EN,Towers with Radar,2,43,27,0,72,0,299,53,0,352,2,342,80,0,424,0,0,0,424
06/03/2008,ACK,MA,ANE,EN,Towers with Radar,0,28,14,2,44,0,310,78,4,392,0,338,92,6,436,0,0,0,436
06/04/2008,ACK,MA,ANE,EN,Towers with Radar,0,204,28,4,236,0,118,24,0,142,0,322,52,4,378,0,0,0,378
06/05/2008,ACK,MA,ANE,EN,Towers with Radar,2,295,53,2,352,0,0,0,0,0,2,295,53,2,352,0,0,0,352
06/06/2008,ACK,MA,ANE,EN,Towers with Radar,0,354,75,0,429,0,52,10,0,62,0,406,85,0,491,0,0,0,491
06/07/2008,ACK,MA,ANE,EN,Towers with Radar,0,238,62,0,300,0,0,0,0,0,0,238,62,0,300,0,0,0,300
06/08/2008,ACK,MA,ANE,EN,Towers with Radar,2,52,25,0,79,0,270,84,1,355,2,322,109,1,434,0,0,0,434
06/09/2008,ACK,MA,ANE,EN,Towers with Radar,0,47,14,0,61,0,327,97,0,424,0,374,111,0,485,0,0,0,485
06/10/2008,ACK,MA,ANE,EN,Towers with Radar,0,67,18,2,87,0,286,76,2,364,0,353,94,4,451,4,0,4,455
06/11/2008,ACK,MA,ANE,EN,Towers with Radar,0,67,14,0,81,0,303,76,0,379,0,370,90,0,460,0,0,0,460
06/12/2008,ACK,MA,ANE,EN,Towers with Radar,2,43,27,0,72,0,425,117,0,542,2,468,144,0,614,0,0,0,614
06/13/2008,ACK,MA,ANE,EN,Towers with Radar,2,60,31,0,93,0,407,147,2,556,2,467,178,2,649,2,0,2,651
06/14/2008,ACK,MA,ANE,EN,Towers with Radar,2,67,33,0,102,0,210,98,0,308,2,277,131,0,410,8,0,8,418
06/15/2008,ACK,MA,ANE,EN,Towers with Radar,2,316,73,0,391,0,70,14,0,84,2,386,87,0,475,0,0,0,475
06/16/2008,ACK,MA,ANE,EN,Towers with Radar,0,341,69,0,410,0,69,13,0,82,0,410,82,0,492,0,0,0,492
06/17/2008,ACK,MA,ANE,EN,Towers with Radar,0,281,54,0,335,0,118,13,0,131,0,399,67,0,466,0,0,0,466
06/18/2008,ACK,MA,ANE,EN,Towers with Radar,0,51,17,0,68,0,358,128,0,486,0,409,145,0,554,0,0,0,554
06/19/2008,ACK,MA,ANE,EN,Towers with Radar,2,78,21,3,104,0,381,114,0,495,2,459,135,3,599,10,0,10,609
06/20/2008,ACK,MA,ANE,EN,Towers with Radar,2,140,47,0,189,0,362,96,0,458,2,502,143,0,647,4,0,4,651
06/21/2008,ACK,MA,ANE,EN,Towers with Radar,2,55,24,1,82,0,232,150,0,382,2,287,174,1,464,8,0,8,472
06/22/2008,ACK,MA,ANE,EN,Towers with Radar,2,145,70,0,217,0,263,58,0,321,2,408,128,0,538,0,0,0,538
06/23/2008,ACK,MA,ANE,EN,Towers with Radar,2,358,80,2,442,0,17,5,0,22,2,375,85,2,464,0,0,0,464
06/24/2008,ACK,MA,ANE,EN,Towers with Radar,0,276,79,3,358,0,85,22,0,107,0,361,101,3,465,0,0,0,465
06/25/2008,ACK,MA,ANE,EN,Towers with Radar,0,68,46,0,114,0,385,154,1,540,0,453,200,1,654,0,0,0,654
06/26/2008,ACK,MA,ANE,EN,Towers with Radar,0,128,73,0,201,2,315,73,0,390,2,443,146,0,591,6,0,6,597
06/27/2008,ACK,MA,ANE,EN,Towers with Radar,2,164,96,1,263,0,343,87,1,431,2,507,183,2,694,0,0,0,694
06/28/2008,ACK,MA,ANE,EN,Towers with Radar,2,236,69,2,309,0,78,30,0,108,2,314,99,2,417,0,0,0,417
06/29/2008,ACK,MA,ANE,EN,Towers with Radar,4,240,92,2,338,0,195,59,0,254,4,435,151,2,592,0,0,0,592
06/30/2008,ACK,MA,ANE,EN,Towers with Radar,3,229,61,0,293,0,212,48,2,262,3,441,109,2,555,0,0,0,555
07/01/2008,ACK,MA,ANE,EN,Towers with Radar,0,182,56,0,238,0,139,49,0,188,0,321,105,0,426,0,0,0,426
07/02/2008,ACK,MA,ANE,EN,Towers with Radar,4,226,79,0,309,0,317,128,0,445,4,543,207,0,754,0,0,0,754
07/03/2008,ACK,MA,ANE,EN,Towers with Radar,2,114,69,0,185,0,492,199,0,691,2,606,268,0,876,0,0,0,876
07/04/2008,ACK,MA,ANE,EN,Towers with Radar,2,148,44,0,194,2,337,86,0,425,4,485,130,0,619,0,0,0,619
07/05/2008,ACK,MA,ANE,EN,Towers with Radar,2,297,75,0,374,2,293,74,0,369,4,590,149,0,743,0,0,0,743
07/06/2008,ACK,MA,ANE,EN,Towers with Radar,4,450,200,0,654,0,19,5,0,24,4,469,205,0,678,0,0,0,678
07/07/2008,ACK,MA,ANE,EN,Towers with Radar,0,389,115,0,504,0,85,29,0,114,0,474,144,0,618,0,0,0,618
07/08/2008,ACK,MA,ANE,EN,Towers with Radar,2,299,62,2,365,0,149,42,0,191,2,448,104,2,556,0,0,0,556
07/09/2008,ACK,MA,ANE,EN,Towers with Radar,2,184,39,0,225,0,231,80,0,311,2,415,119,0,536,0,0,0,536
07/10/2008,ACK,MA,ANE,EN,Towers with Radar,2,128,51,0,181,2,472,199,0,673,4,600,250,0,854,0,0,0,854
07/11/2008,ACK,MA,ANE,EN,Towers with Radar,2,91,56,0,149,2,466,265,0,733,4,557,321,0,882,0,0,0,882
07/12/2008,ACK,MA,ANE,EN,Towers with Radar,2,65,44,0,111,2,344,188,0,534,4,409,232,0,645,0,0,0,645
07/13/2008,ACK,MA,ANE,EN,Towers with Radar,2,113,72,2,189,0,341,206,0,547,2,454,278,2,736,0,0,0,736
07/14/2008,ACK,MA,ANE,EN,Towers with Radar,4,258,87,0,349,0,167,31,2,200,4,425,118,2,549,0,0,0,549
07/15/2008,ACK,MA,ANE,EN,Towers with Radar,2,60,34,0,96,0,367,133,2,502,2,427,167,2,598,0,0,0,598
07/16/2008,ACK,MA,ANE,EN,Towers with Radar,2,71,34,0,107,0,337,106,0,443,2,408,140,0,550,0,4,4,554
07/17/2008,ACK,MA,ANE,EN,Towers with Radar,2,224,86,0,312,2,479,188,0,669,4,703,274,0,981,0,0,0,981
07/18/2008,ACK,MA,ANE,EN,Towers with Radar,2,108,57,0,167,2,541,240,0,783,4,649,297,0,950,0,0,0,950
07/19/2008,ACK,MA,ANE,EN,Towers with Radar,2,110,70,0,182,2,331,173,0,506,4,441,243,0,688,0,0,0,688
07/20/2008,ACK,MA,ANE,EN,Towers with Radar,0,298,157,0,455,0,152,49,0,201,0,450,206,0,656,0,0,0,656
07/21/2008,ACK,MA,ANE,EN,Towers with Radar,2,311,98,0,411,0,138,36,0,174,2,449,134,0,585,0,0,0,585
07/22/2008,ACK,MA,ANE,EN,Towers with Radar,2,264,82,0,348,0,110,35,0,145,2,374,117,0,493,0,0,0,493
07/23/2008,ACK,MA,ANE,EN,Towers with Radar,2,271,72,0,345,0,4,0,0,4,2,275,72,0,349,0,0,0,349
07/24/2008,ACK,MA,ANE,EN,Towers with Radar,0,217,78,2,297,0,432,112,2,546,0,649,190,4,843,0,0,0,843
07/25/2008,ACK,MA,ANE,EN,Towers with Radar,2,265,134,0,401,2,540,260,0,802,4,805,394,0,1203,0,0,0,1203
07/26/2008,ACK,MA,ANE,EN,Towers with Radar,2,70,50,0,122,2,378,205,0,585,4,448,255,0,707,0,0,0,707
07/27/2008,ACK,MA,ANE,EN,Towers with Radar,4,142,92,0,238,0,250,72,0,322,4,392,164,0,560,0,0,0,560
07/28/2008,ACK,MA,ANE,EN,Towers with Radar,0,125,75,0,200,0,380,157,7,544,0,505,232,7,744,0,0,0,744
07/29/2008,ACK,MA,ANE,EN,Towers with Radar,0,76,36,0,112,0,417,199,14,630,0,493,235,14,742,10,0,10,752
07/30/2008,ACK,MA,ANE,EN,Towers with Radar,2,86,48,0,136,0,291,117,3,411,2,377,165,3,547,18,0,18,565
07/31/2008,ACK,MA,ANE,EN,Towers with Radar,2,144,63,0,209,2,387,132,0,521,4,531,195,0,730,0,0,0,730
08/01/2008,ACK,MA,ANE,EN,Towers with Radar,2,210,114,0,326,2,607,257,4,870,4,817,371,4,1196,0,0,0,1196
08/02/2008,ACK,MA,ANE,EN,Towers with Radar,2,134,75,0,211,2,344,124,0,470,4,478,199,0,681,0,0,0,681
08/03/2008,ACK,MA,ANE,EN,Towers with Radar,4,224,132,0,360,0,219,75,0,294,4,443,207,0,654,0,0,0,654
08/04/2008,ACK,MA,ANE,EN,Towers with Radar,4,93,46,0,143,0,391,131,2,524,4,484,177,2,667,0,0,0,667
08/05/2008,ACK,MA,ANE,EN,Towers with Radar,0,102,41,2,145,0,327,93,4,424,0,429,134,6,569,0,0,0,569
08/06/2008,ACK,MA,ANE,EN,Towers with Radar,2,170,114,0,286,2,551,230,0,783,4,721,344,0,1069,46,0,46,1115
08/07/2008,ACK,MA,ANE,EN,Towers with Radar,2,183,96,5,286,2,476,199,5,682,4,659,295,10,968,0,0,0,968
08/08/2008,ACK,MA,ANE,EN,Towers with Radar,2,170,114,0,286,2,551,230,0,783,4,721,344,0,1069,46,0,46,1115
08/09/2008,ACK,MA,ANE,EN,Towers with Radar,2,135,88,0,225,0,227,124,0,351,2,362,212,0,576,0,0,0,576
08/10/2008,ACK,MA,ANE,EN,Towers with Radar,2,117,83,0,202,0,380,127,0,507,2,497,210,0,709,0,0,0,709
08/11/2008,ACK,MA,ANE,EN,Towers with Radar,3,344,101,0,448,0,128,26,0,154,3,472,127,0,602,0,0,0,602
08/12/2008,ACK,MA,ANE,EN,Towers with Radar,2,200,86,0,288,2,427,159,4,592,4,627,245,4,880,0,0,0,880
08/13/2008,ACK,MA,ANE,EN,Towers with Radar,2,96,39,2,139,0,374,186,2,562,2,470,225,4,701,0,0,0,701
08/14/2008,ACK,MA,ANE,EN,Towers with Radar,2,267,112,0,381,2,429,160,0,591,4,696,272,0,972,0,2,2,974
08/15/2008,ACK,MA,ANE,EN,Towers with Radar,2,137,93,1,233,2,515,180,7,704,4,652,273,8,937,0,4,4,941
08/16/2008,ACK,MA,ANE,EN,Towers with Radar,2,206,101,0,309,2,429,174,0,605,4,635,275,0,914,0,0,0,914
08/17/2008,ACK,MA,ANE,EN,Towers with Radar,4,110,63,0,177,0,363,263,0,626,4,473,326,0,803,2,0,2,805
08/18/2008,ACK,MA,ANE,EN,Towers with Radar,4,69,47,0,120,0,384,140,0,524,4,453,187,0,644,0,0,0,644
08/19/2008,ACK,MA,ANE,EN,Towers with Radar,2,88,46,0,136,0,321,87,4,412,2,409,133,4,548,0,0,0,548
08/20/2008,ACK,MA,ANE,EN,Towers with Radar,2,66,45,0,113,0,346,113,15,474,2,412,158,15,587,0,0,0,587
08/21/2008,ACK,MA,ANE,EN,Towers with Radar,2,69,50,0,121,2,436,229,0,667,4,505,279,0,788,3,10,13,801
08/22/2008,ACK,MA,ANE,EN,Towers with Radar,2,83,52,0,137,2,494,241,0,737,4,577,293,0,874,0,0,0,874
08/23/2008,ACK,MA,ANE,EN,Towers with Radar,2,69,32,0,103,2,385,194,0,581,4,454,226,0,684,0,0,0,684
08/24/2008,ACK,MA,ANE,EN,Towers with Radar,2,108,59,0,169,0,321,139,0,460,2,429,198,0,629,0,0,0,629
08/25/2008,ACK,MA,ANE,EN,Towers with Radar,4,113,64,2,183,325,98,0,0,423,329,211,64,2,606,0,0,0,606
08/26/2008,ACK,MA,ANE,EN,Towers with Radar,2,71,17,1,91,0,363,112,9,484,2,434,129,10,575,0,18,18,593
08/27/2008,ACK,MA,ANE,EN,Towers with Radar,2,58,33,8,101,0,350,142,12,504,2,408,175,20,605,12,4,16,621
08/28/2008,ACK,MA,ANE,EN,Towers with Radar,2,77,56,0,135,2,495,168,0,665,4,572,224,0,800,0,0,0,800
08/29/2008,ACK,MA,ANE,EN,Towers with Radar,2,156,82,0,240,0,363,110,0,473,2,519,192,0,713,0,0,0,713
08/30/2008,ACK,MA,ANE,EN,Towers with Radar,2,144,61,0,207,0,189,20,0,209,2,333,81,0,416,0,0,0,416
08/31/2008,ACK,MA,ANE,EN,Towers with Radar,4,62,38,0,104,0,304,125,0,429,4,366,163,0,533,0,0,0,533
09/01/2008,ACK,MA,ANE,EN,Towers with Radar,4,99,72,0,175,0,428,200,0,628,4,527,272,0,803,0,0,0,803
09/02/2008,ACK,MA,ANE,EN,Towers with Radar,2,69,35,0,106,0,344,79,0,423,2,413,114,0,529,0,0,0,529
09/03/2008,ACK,MA,ANE,EN,Towers with Radar,0,46,17,8,71,0,311,78,0,389,0,357,95,8,460,0,0,0,460
09/04/2008,ACK,MA,ANE,EN,Towers with Radar,0,162,65,1,228,0,409,142,3,554,0,571,207,4,782,4,4,8,790
09/05/2008,ACK,MA,ANE,EN,Towers with Radar,0,235,81,0,316,0,107,58,0,165,0,342,139,0,481,0,0,0,481
09/06/2008,ACK,MA,ANE,EN,Towers with Radar,0,154,25,4,183,0,0,0,0,0,0,154,25,4,183,0,0,0,183
09/07/2008,ACK,MA,ANE,EN,Towers with Radar,0,64,35,0,99,0,271,116,0,387,0,335,151,0,486,0,0,0,486
09/08/2008,ACK,MA,ANE,EN,Towers with Radar,0,33,19,0,52,0,367,118,0,485,0,400,137,0,537,0,0,0,537
09/09/2008,ACK,MA,ANE,EN,Towers with Radar,0,263,56,0,319,0,98,34,0,132,0,361,90,0,451,0,0,0,451
09/10/2008,ACK,MA,ANE,EN,Towers with Radar,0,284,86,0,370,0,45,14,0,59,0,329,100,0,429,0,0,0,429
09/11/2008,ACK,MA,ANE,EN,Towers with Radar,0,63,38,0,101,0,439,151,0,590,0,502,189,0,691,0,0,0,691
09/12/2008,ACK,MA,ANE,EN,Towers with Radar,0,102,51,0,153,0,328,54,1,383,0,430,105,1,536,10,6,16,552
09/13/2008,ACK,MA,ANE,EN,Towers with Radar,0,211,48,0,259,0,7,3,0,10,0,218,51,0,269,0,0,0,269
09/14/2008,ACK,MA,ANE,EN,Towers with Radar,0,280,67,0,347,0,76,17,0,93,0,356,84,0,440,0,0,0,440
09/15/2008,ACK,MA,ANE,EN,Towers with Radar,0,49,16,1,66,0,275,68,1,344,0,324,84,2,410,0,16,16,426
09/16/2008,ACK,MA,ANE,EN,Towers with Radar,0,316,59,0,375,0,63,21,0,84,0,379,80,0,459,0,0,0,459
09/17/2008,ACK,MA,ANE,EN,Towers with Radar,0,45,16,0,61,0,326,87,4,417,0,371,103,4,478,2,0,2,480
09/18/2008,ACK,MA,ANE,EN,Towers with Radar,0,45,21,0,66,0,417,91,0,508,0,462,112,0,574,0,0,0,574
09/19/2008,ACK,MA,ANE,EN,Towers with Radar,0,47,45,0,92,0,440,152,7,599,0,487,197,7,691,0,0,0,691
09/20/2008,ACK,MA,ANE,EN,Towers with Radar,0,28,25,0,53,0,277,116,0,393,0,305,141,0,446,0,0,0,446
09/21/2008,ACK,MA,ANE,EN,Towers with Radar,0,45,24,0,69,0,360,157,0,517,0,405,181,0,586,0,0,0,586
09/22/2008,ACK,MA,ANE,EN,Towers with Radar,0,166,52,2,220,0,201,45,6,252,0,367,97,8,472,0,0,0,472
09/23/2008,ACK,MA,ANE,EN,Towers with Radar,0,29,20,0,49,0,315,80,0,395,0,344,100,0,444,0,0,0,444
09/24/2008,ACK,MA,ANE,EN,Towers with Radar,0,19,5,0,24,0,311,72,0,383,0,330,77,0,407,0,0,0,407
09/25/2008,ACK,MA,ANE,EN,Towers with Radar,0,39,19,0,58,0,348,89,4,441,0,387,108,4,499,0,0,0,499
09/26/2008,ACK,MA,ANE,EN,Towers with Radar,0,250,31,0,281,0,16,1,0,17,0,266,32,0,298,0,0,0,298
09/27/2008,ACK,MA,ANE,EN,Towers with Radar,0,106,31,0,137,0,25,0,0,25,0,131,31,0,162,0,0,0,162
09/28/2008,ACK,MA,ANE,EN,Towers with Radar,0,127,15,1,143,0,42,7,0,49,0,169,22,1,192,0,0,0,192
09/29/2008,ACK,MA,ANE,EN,Towers with Radar,0,208,31,0,239,0,131,23,0,154,0,339,54,0,393,0,0,0,393
09/30/2008,ACK,MA,ANE,EN,Towers with Radar,0,184,36,0,220,0,120,13,0,133,0,304,49,0,353,0,0,0,353
10/01/2008,ACK,MA,ANE,EN,Towers with Radar,0,155,20,0,175,0,130,31,0,161,0,285,51,0,336,0,0,0,336
10/02/2008,ACK,MA,ANE,EN,Towers with Radar,0,62,19,0,81,0,304,63,0,367,0,366,82,0,448,0,0,0,448
10/03/2008,ACK,MA,ANE,EN,Towers with Radar,0,33,26,0,59,0,335,89,0,424,0,368,115,0,483,0,0,0,483
10/04/2008,ACK,MA,ANE,EN,Towers with Radar,0,16,11,0,27,0,200,91,0,291,0,216,102,0,318,14,0,14,332
10/05/2008,ACK,MA,ANE,EN,Towers with Radar,0,93,40,0,133,0,197,40,0,237,0,290,80,0,370,0,0,0,370
10/06/2008,ACK,MA,ANE,EN,Towers with Radar,0,73,17,0,90,0,251,61,2,314,0,324,78,2,404,0,0,0,404
10/07/2008,ACK,MA,ANE,EN,Towers with Radar,0,20,8,8,36,0,311,64,2,377,0,331,72,10,413,0,14,14,427
10/08/2008,ACK,MA,ANE,EN,Towers with Radar,0,32,7,4,43,0,286,71,5,362,0,318,78,9,405,0,0,0,405
10/09/2008,ACK,MA,ANE,EN,Towers with Radar,0,257,58,0,315,0,296,70,0,366,0,553,128,0,681,0,0,0,681
10/10/2008,ACK,MA,ANE,EN,Towers with Radar,0,44,25,0,69,0,402,118,0,520,0,446,143,0,589,2,2,4,593
10/11/2008,ACK,MA,ANE,EN,Towers with Radar,0,13,23,0,36,0,269,121,0,390,0,282,144,0,426,0,0,0,426
10/12/2008,ACK,MA,ANE,EN,Towers with Radar,0,29,35,0,64,0,271,121,0,392,0,300,156,0,456,0,0,0,456
10/13/2008,ACK,MA,ANE,EN,Towers with Radar,0,56,31,0,87,0,371,105,0,476,0,427,136,0,563,6,0,6,569
10/14/2008,ACK,MA,ANE,EN,Towers with Radar,0,31,10,2,43,0,280,59,6,345,0,311,69,8,388,0,0,0,388
10/15/2008,ACK,MA,ANE,EN,Towers with Radar,0,176,32,0,208,0,99,28,0,127,0,275,60,0,335,0,0,0,335
10/16/2008,ACK,MA,ANE,EN,Towers with Radar,0,94,18,1,113,0,251,53,2,306,0,345,71,3,419,0,0,0,419
10/17/2008,ACK,MA,ANE,EN,Towers with Radar,0,34,18,0,52,0,301,104,0,405,0,335,122,0,457,2,0,2,459
10/18/2008,ACK,MA,ANE,EN,Towers with Radar,0,12,14,0,26,0,145,68,0,213,0,157,82,0,239,0,0,0,239
10/19/2008,ACK,MA,ANE,EN,Towers with Radar,0,31,20,0,51,0,330,56,0,386,0,361,76,0,437,0,0,0,437
10/20/2008,ACK,MA,ANE,EN,Towers with Radar,0,26,4,0,30,0,265,56,8,329,0,291,60,8,359,0,0,0,359
10/21/2008,ACK,MA,ANE,EN,Towers with Radar,0,18,6,0,24,0,264,61,0,325,0,282,67,0,349,2,0,2,351
10/22/2008,ACK,MA,ANE,EN,Towers with Radar,0,76,10,0,86,0,153,24,0,177,0,229,34,0,263,0,0,0,263
10/23/2008,ACK,MA,ANE,EN,Towers with Radar,0,34,14,0,48,0,307,76,0,383,0,341,90,0,431,0,0,0,431
10/24/2008,ACK,MA,ANE,EN,Towers with Radar,0,16,11,0,27,0,285,90,4,379,0,301,101,4,406,0,0,0,406
10/25/2008,ACK,MA,ANE,EN,Towers with Radar,0,9,12,0,21,0,139,36,0,175,0,148,48,0,196,0,0,0,196
10/26/2008,ACK,MA,ANE,EN,Towers with Radar,0,96,13,0,109,0,121,35,0,156,0,217,48,0,265,0,0,0,265
10/27/2008,ACK,MA,ANE,EN,Towers with Radar,0,79,6,0,85,0,225,64,0,289,0,304,70,0,374,0,0,0,374
10/28/2008,ACK,MA,ANE,EN,Towers with Radar,0,92,10,0,102,0,148,16,0,164,0,240,26,0,266,0,0,0,266
10/29/2008,ACK,MA,ANE,EN,Towers with Radar,0,17,4,0,21,0,277,35,0,312,0,294,39,0,333,0,0,0,333
10/30/2008,ACK,MA,ANE,EN,Towers with Radar,0,15,5,0,20,0,273,69,0,342,0,288,74,0,362,0,0,0,362
10/31/2008,ACK,MA,ANE,EN,Towers with Radar,0,14,10,0,24,0,254,72,1,327,0,268,82,1,351,0,0,0,351
11/01/2008,ACK,MA,ANE,EN,Towers with Radar,0,3,6,0,9,0,171,74,0,245,0,174,80,0,254,0,0,0,254
11/02/2008,ACK,MA,ANE,EN,Towers with Radar,0,10,11,0,21,0,165,77,0,242,0,175,88,0,263,10,0,10,273
11/03/2008,ACK,MA,ANE,EN,Towers with Radar,0,19,12,0,31,0,223,47,0,270,0,242,59,0,301,0,0,0,301
11/04/2008,ACK,MA,ANE,EN,Towers with Radar,0,64,7,0,71,0,189,40,0,229,0,253,47,0,300,0,0,0,300
11/05/2008,ACK,MA,ANE,EN,Towers with Radar,0,11,3,0,14,0,239,43,0,282,0,250,46,0,296,0,0,0,296
11/06/2008,ACK,MA,ANE,EN,Towers with Radar,0,210,13,0,223,0,30,10,0,40,0,240,23,0,263,0,0,0,263
11/07/2008,ACK,MA,ANE,EN,Towers with Radar,0,186,26,0,212,0,16,0,0,16,0,202,26,0,228,0,0,0,228
11/08/2008,ACK,MA,ANE,EN,Towers with Radar,0,98,30,2,130,0,3,0,0,3,0,101,30,2,133,0,0,0,133
11/09/2008,ACK,MA,ANE,EN,Towers with Radar,0,31,8,0,39,0,165,43,0,208,0,196,51,0,247,2,0,2,249
11/10/2008,ACK,MA,ANE,EN,Towers with Radar,0,11,1,0,12,0,263,45,0,308,0,274,46,0,320,0,0,0,320
11/11/2008,ACK,MA,ANE,EN,Towers with Radar,0,9,1,0,10,0,230,42,0,272,0,239,43,0,282,0,0,0,282
11/12/2008,ACK,MA,ANE,EN,Towers with Radar,0,11,6,2,19,0,256,69,0,325,0,267,75,2,344,3,0,3,347
11/13/2008,ACK,MA,ANE,EN,Towers with Radar,0,18,7,0,25,0,275,57,0,332,0,293,64,0,357,0,0,0,357
11/14/2008,ACK,MA,ANE,EN,Towers with Radar,0,140,24,2,166,0,98,11,0,109,0,238,35,2,275,0,0,0,275
11/15/2008,ACK,MA,ANE,EN,Towers with Radar,0,101,21,0,122,0,0,0,0,0,0,101,21,0,122,0,0,0,122
11/16/2008,ACK,MA,ANE,EN,Towers with Radar,0,17,6,0,23,0,199,25,0,224,0,216,31,0,247,0,0,0,247
11/17/2008,ACK,MA,ANE,EN,Towers with Radar,0,14,6,0,20,0,269,36,2,307,0,283,42,2,327,0,0,0,327
11/18/2008,ACK,MA,ANE,EN,Towers with Radar,0,9,6,0,15,0,279,31,0,310,0,288,37,0,325,0,0,0,325
11/19/2008,ACK,MA,ANE,EN,Towers with Radar,0,53,10,0,63,0,171,28,0,199,0,224,38,0,262,0,0,0,262
11/20/2008,ACK,MA,ANE,EN,Towers with Radar,0,11,12,0,23,0,225,55,0,280,0,236,67,0,303,0,0,0,303
11/21/2008,ACK,MA,ANE,EN,Towers with Radar,0,15,1,0,16,0,231,58,2,291,0,246,59,2,307,0,0,0,307
11/22/2008,ACK,MA,ANE,EN,Towers with Radar,0,9,3,0,12,0,159,21,0,180,0,168,24,0,192,0,0,0,192
11/23/2008,ACK,MA,ANE,EN,Towers with Radar,0,9,5,0,14,0,186,31,0,217,0,195,36,0,231,0,0,0,231
11/24/2008,ACK,MA,ANE,EN,Towers with Radar,0,15,8,0,23,0,241,51,0,292,0,256,59,0,315,0,0,0,315
11/25/2008,ACK,MA,ANE,EN,Towers with Radar,0,194,12,0,206,0,71,6,0,77,0,265,18,0,283,0,0,0,283
11/26/2008,ACK,MA,ANE,EN,Towers with Radar,0,42,24,0,66,0,355,59,0,414,0,397,83,0,480,0,0,0,480
11/27/2008,ACK,MA,ANE,EN,Towers with Radar,0,7,4,0,11,0,132,21,0,153,0,139,25,0,164,0,0,0,164
11/28/2008,ACK,MA,ANE,EN,Towers with Radar,0,20,17,0,37,0,231,35,0,266,0,251,52,0,303,0,0,0,303
11/29/2008,ACK,MA,ANE,EN,Towers with Radar,0,13,22,0,35,0,233,123,0,356,0,246,145,0,391,0,0,0,391
11/30/2008,ACK,MA,ANE,EN,Towers with Radar,0,110,26,0,136,0,141,17,0,158,0,251,43,0,294,0,0,0,294
12/01/2008,ACK,MA,ANE,EN,Towers with Radar,0,105,14,2,121,0,176,24,2,202,0,281,38,4,323,4,0,4,327
12/02/2008,ACK,MA,ANE,EN,Towers with Radar,0,10,5,0,15,0,224,39,0,263,0,234,44,0,278,0,0,0,278
12/03/2008,ACK,MA,ANE,EN,Towers with Radar,0,13,4,0,17,0,246,58,0,304,0,259,62,0,321,0,0,0,321
12/04/2008,ACK,MA,ANE,EN,Towers with Radar,0,36,13,0,49,0,350,70,0,420,0,386,83,0,469,0,2,2,471
12/05/2008,ACK,MA,ANE,EN,Towers with Radar,0,36,26,0,62,0,390,100,0,490,0,426,126,0,552,0,0,0,552
12/06/2008,ACK,MA,ANE,EN,Towers with Radar,0,13,37,0,50,0,169,194,0,363,0,182,231,0,413,0,0,0,413
12/07/2008,ACK,MA,ANE,EN,Towers with Radar,0,216,47,0,263,0,124,31,0,155,0,340,78,0,418,0,0,0,418
12/08/2008,ACK,MA,ANE,EN,Towers with Radar,0,22,6,0,28,0,369,54,0,423,0,391,60,0,451,0,0,0,451
12/09/2008,ACK,MA,ANE,EN,Towers with Radar,0,15,4,0,19,0,251,46,0,297,0,266,50,0,316,0,0,0,316
12/10/2008,ACK,MA,ANE,EN,Towers with Radar,0,92,8,2,102,0,164,28,0,192,0,256,36,2,294,0,0,0,294
12/11/2008,ACK,MA,ANE,EN,Towers with Radar,0,202,9,0,211,0,8,6,0,14,0,210,15,0,225,0,0,0,225
12/12/2008,ACK,MA,ANE,EN,Towers with Radar,0,115,9,0,124,0,64,1,0,65,0,179,10,0,189,0,0,0,189
12/13/2008,ACK,MA,ANE,EN,Towers with Radar,0,9,4,0,13,0,152,42,0,194,0,161,46,0,207,2,0,2,209
12/14/2008,ACK,MA,ANE,EN,Towers with Radar,0,10,2,0,12,0,181,62,0,243,0,191,64,0,255,0,0,0,255
12/15/2008,ACK,MA,ANE,EN,Towers with Radar,0,17,1,0,18,0,261,34,0,295,0,278,35,0,313,0,0,0,313
12/16/2008,ACK,MA,ANE,EN,Towers with Radar,0,26,7,0,33,0,211,18,0,229,0,237,25,0,262,0,0,0,262
12/17/2008,ACK,MA,ANE,EN,Towers with Radar,0,218,26,3,247,0,15,0,0,15,0,233,26,3,262,0,0,0,262
12/18/2008,ACK,MA,ANE,EN,Towers with Radar,0,8,3,0,11,0,294,66,2,362,0,302,69,2,373,0,0,0,373
12/19/2008,ACK,MA,ANE,EN,Towers with Radar,0,20,2,0,22,0,124,18,0,142,0,144,20,0,164,0,0,0,164
12/20/2008,ACK,MA,ANE,EN,Towers with Radar,0,70,7,0,77,0,36,5,0,41,0,106,12,0,118,0,0,0,118
12/21/2008,ACK,MA,ANE,EN,Towers with Radar,0,54,2,0,56,0,14,0,0,14,0,68,2,0,70,0,0,0,70
12/22/2008,ACK,MA,ANE,EN,Towers with Radar,0,16,0,0,16,0,301,19,0,320,0,317,19,0,336,0,0,0,336
12/23/2008,ACK,MA,ANE,EN,Towers with Radar,0,16,6,2,24,0,266,48,2,316,0,282,54,4,340,0,0,0,340
12/24/2008,ACK,MA,ANE,EN,Towers with Radar,0,102,11,0,113,0,109,10,0,119,0,211,21,0,232,0,0,0,232
12/25/2008,ACK,MA,ANE,EN,Towers with Radar,0,2,2,0,4,0,107,9,0,116,0,109,11,0,120,0,0,0,120
12/26/2008,ACK,MA,ANE,EN,Towers with Radar,0,11,5,0,16,0,168,48,0,216,0,179,53,0,232,0,0,0,232
12/27/2008,ACK,MA,ANE,EN,Towers with Radar,0,59,13,0,72,0,86,19,0,105,0,145,32,0,177,0,0,0,177
12/28/2008,ACK,MA,ANE,EN,Towers with Radar,0,17,5,0,22,0,1,0,0,1,0,18,5,0,23,0,0,0,23
12/29/2008,ACK,MA,ANE,EN,Towers with Radar,0,12,6,0,18,0,265,73,2,340,0,277,79,2,358,0,0,0,358
12/30/2008,ACK,MA,ANE,EN,Towers with Radar,0,10,4,2,16,0,284,38,1,323,0,294,42,3,339,0,0,0,339
12/31/2008,ACK,MA,ANE,EN,Towers with Radar,0,26,0,0,26,0,81,11,0,92,0,107,11,0,118,0,0,0,118
01/01/2009,ACK,MA,ANE,EN,Towers with Radar,0,2,5,0,7,0,113,8,0,121,0,115,13,0,128,0,0,0,128
01/02/2009,ACK,MA,ANE,EN,Towers with Radar,0,21,1,0,22,0,164,12,0,176,0,185,13,0,198,0,0,0,198
01/03/2009,ACK,MA,ANE,EN,Towers with Radar,0,7,1,0,8,0,138,18,0,156,0,145,19,0,164,2,0,2,166
01/04/2009,ACK,MA,ANE,EN,Towers with Radar,0,6,4,0,10,0,182,57,0,239,0,188,61,0,249,12,0,12,261
01/05/2009,ACK,MA,ANE,EN,Towers with Radar,0,15,2,0,17,0,261,20,0,281,0,276,22,0,298,0,0,0,298
01/06/2009,ACK,MA,ANE,EN,Towers with Radar,0,12,1,0,13,0,266,42,0,308,0,278,43,0,321,4,0,4,325
01/07/2009,ACK,MA,ANE,EN,Towers with Radar,0,103,10,0,113,0,2,0,0,2,0,105,10,0,115,0,0,0,115
01/08/2009,ACK,MA,ANE,EN,Towers with Radar,0,11,5,0,16,0,251,21,2,274,0,262,26,2,290,0,0,0,290
01/09/2009,ACK,MA,ANE,EN,Towers with Radar,0,7,0,0,7,0,266,32,0,298,0,273,32,0,305,0,0,0,305
01/10/2009,ACK,MA,ANE,EN,Towers with Radar,0,22,2,0,24,0,114,22,2,138,0,136,24,2,162,0,0,0,162
01/11/2009,ACK,MA,ANE,EN,Towers with Radar,0,89,1,0,90,0,30,7,0,37,0,119,8,0,127,0,0,0,127
01/12/2009,ACK,MA,ANE,EN,Towers with Radar,0,98,5,0,103,0,161,14,0,175,0,259,19,0,278,0,0,0,278
01/13/2009,ACK,MA,ANE,EN,Towers with Radar,0,6,1,0,7,0,229,40,2,271,0,235,41,2,278,0,2,2,280
01/14/2009,ACK,MA,ANE,EN,Towers with Radar,0,11,4,0,15,0,259,30,0,289,0,270,34,0,304,0,0,0,304
01/15/2009,ACK,MA,ANE,EN,Towers with Radar,0,66,11,0,77,0,61,12,0,73,0,127,23,0,150,0,0,0,150
01/16/2009,ACK,MA,ANE,EN,Towers with Radar,0,21,2,4,27,0,185,25,0,210,0,206,27,4,237,0,0,0,237
01/17/2009,ACK,MA,ANE,EN,Towers with Radar,0,5,0,0,5,0,132,27,0,159,0,137,27,0,164,0,0,0,164
01/18/2009,ACK,MA,ANE,EN,Towers with Radar,0,61,3,0,64,0,115,3,0,118,0,176,6,0,182,0,0,0,182
01/19/2009,ACK,MA,ANE,EN,Towers with Radar,0,103,7,0,110,0,148,15,0,163,0,251,22,0,273,0,0,0,273
01/20/2009,ACK,MA,ANE,EN,Towers with Radar,0,33,4,0,37,0,236,38,0,274,0,269,42,0,311,0,0,0,311
01/21/2009,ACK,MA,ANE,EN,Towers with Radar,0,21,2,0,23,0,255,31,5,291,0,276,33,5,314,6,0,6,320
01/22/2009,ACK,MA,ANE,EN,Towers with Radar,0,11,5,0,16,0,251,50,0,301,0,262,55,0,317,0,0,0,317
01/23/2009,ACK,MA,ANE,EN,Towers with Radar,0,15,11,10,36,0,226,40,0,266,0,241,51,10,302,0,0,0,302
01/24/2009,ACK,MA,ANE,EN,Towers with Radar,0,6,3,0,9,0,132,34,0,166,0,138,37,0,175,0,0,0,175
01/25/2009,ACK,MA,ANE,EN,Towers with Radar,0,2,3,0,5,0,134,49,0,183,0,136,52,0,188,0,0,0,188
01/26/2009,ACK,MA,ANE,EN,Towers with Radar,0,8,1,0,9,0,226,31,2,259,0,234,32,2,268,4,0,4,272
01/27/2009,ACK,MA,ANE,EN,Towers with Radar,0,12,3,0,15,0,270,29,0,299,0,282,32,0,314,4,0,4,318
01/28/2009,ACK,MA,ANE,EN,Towers with Radar,0,69,11,0,80,0,51,8,0,59,0,120,19,0,139,0,0,0,139
01/29/2009,ACK,MA,ANE,EN,Towers with Radar,0,238,45,0,283,0,11,2,0,13,0,249,47,0,296,2,0,2,298
01/30/2009,ACK,MA,ANE,EN,Towers with Radar,0,9,2,0,11,0,242,30,2,274,0,251,32,2,285,0,0,0,285
01/31/2009,ACK,MA,ANE,EN,Towers with Radar,0,5,2,0,7,0,134,22,0,156,0,139,24,0,163,0,0,0,163
02/01/2009,ACK,MA,ANE,EN,Towers with Radar,0,4,5,0,9,0,173,26,0,199,0,177,31,0,208,0,0,0,208
02/02/2009,ACK,MA,ANE,EN,Towers with Radar,0,50,7,0,57,0,216,32,0,248,0,266,39,0,305,0,0,0,305
02/03/2009,ACK,MA,ANE,EN,Towers with Radar,0,28,13,0,41,0,0,0,0,0,0,28,13,0,41,0,0,0,41
02/04/2009,ACK,MA,ANE,EN,Towers with Radar,0,21,1,0,22,0,179,37,6,222,0,200,38,6,244,0,0,0,244
02/05/2009,ACK,MA,ANE,EN,Towers with Radar,0,26,2,0,28,0,259,31,0,290,0,285,33,0,318,0,0,0,318
02/06/2009,ACK,MA,ANE,EN,Towers with Radar,0,8,1,0,9,0,225,45,4,274,0,233,46,4,283,0,0,0,283
02/07/2009,ACK,MA,ANE,EN,Towers with Radar,0,9,2,0,11,0,161,57,2,220,0,170,59,2,231,0,0,0,231
02/08/2009,ACK,MA,ANE,EN,Towers with Radar,0,13,1,0,14,0,225,37,0,262,0,238,38,0,276,0,0,0,276
02/09/2009,ACK,MA,ANE,EN,Towers with Radar,0,13,0,1,14,0,268,46,1,315,0,281,46,2,329,0,0,0,329
02/10/2009,ACK,MA,ANE,EN,Towers with Radar,0,17,3,0,20,0,216,33,2,251,0,233,36,2,271,0,0,0,271
02/11/2009,ACK,MA,ANE,EN,Towers with Radar,0,19,16,0,35,0,178,26,2,206,0,197,42,2,241,0,0,0,241
02/12/2009,ACK,MA,ANE,EN,Towers with Radar,0,33,6,0,39,0,213,29,0,242,0,246,35,0,281,0,0,0,281
02/13/2009,ACK,MA,ANE,EN,Towers with Radar,0,13,6,0,19,0,217,36,0,253,0,230,42,0,272,6,0,6,278
02/14/2009,ACK,MA,ANE,EN,Towers with Radar,0,4,5,0,9,0,144,51,4,199,0,148,56,4,208,0,0,0,208
02/15/2009,ACK,MA,ANE,EN,Towers with Radar,0,7,7,0,14,0,169,53,0,222,0,176,60,0,236,0,0,0,236
02/16/2009,ACK,MA,ANE,EN,Towers with Radar,0,16,5,0,21,0,216,66,0,282,0,232,71,0,303,0,0,0,303
02/17/2009,ACK,MA,ANE,EN,Towers with Radar,0,27,4,0,31,0,182,47,0,229,0,209,51,0,260,0,0,0,260
02/18/2009,ACK,MA,ANE,EN,Towers with Radar,0,16,2,0,18,0,229,28,0,257,0,245,30,0,275,0,0,0,275
02/19/2009,ACK,MA,ANE,EN,Towers with Radar,0,76,14,0,90,0,79,18,0,97,0,155,32,0,187,0,0,0,187
02/20/2009,ACK,MA,ANE,EN,Towers with Radar,0,12,6,2,20,0,245,35,8,288,0,257,41,10,308,0,0,0,308
02/21/2009,ACK,MA,ANE,EN,Towers with Radar,0,8,1,0,9,0,178,25,0,203,0,186,26,0,212,0,0,0,212
02/22/2009,ACK,MA,ANE,EN,Towers with Radar,0,57,1,0,58,0,124,8,2,134,0,181,9,2,192,0,0,0,192
02/23/2009,ACK,MA,ANE,EN,Towers with Radar,0,8,2,0,10,0,253,29,2,284,0,261,31,2,294,0,0,0,294
02/24/2009,ACK,MA,ANE,EN,Towers with Radar,0,11,2,0,13,0,216,32,6,254,0,227,34,6,267,0,0,0,267
02/25/2009,ACK,MA,ANE,EN,Towers with Radar,0,12,2,0,14,0,235,46,0,281,0,247,48,0,295,0,12,12,307
02/26/2009,ACK,MA,ANE,EN,Towers with Radar,0,9,2,0,11,0,264,52,0,316,0,273,54,0,327,0,0,0,327
02/27/2009,ACK,MA,ANE,EN,Towers with Radar,0,17,2,6,25,0,219,43,0,262,0,236,45,6,287,0,0,0,287
02/28/2009,ACK,MA,ANE,EN,Towers with Radar,0,25,8,0,33,0,140,35,0,175,0,165,43,0,208,0,0,0,208
03/01/2009,ACK,MA,ANE,EN,Towers with Radar,0,31,1,0,32,0,20,0,0,20,0,51,1,0,52,0,0,0,52
03/02/2009,ACK,MA,ANE,EN,Towers with Radar,0,16,0,0,16,0,0,0,0,0,0,16,0,0,16,0,0,0,16
03/03/2009,ACK,MA,ANE,EN,Towers with Radar,0,13,7,0,20,0,217,24,0,241,0,230,31,0,261,0,0,0,261
03/04/2009,ACK,MA,ANE,EN,Towers with Radar,0,13,8,0,21,0,206,45,0,251,0,219,53,0,272,0,0,0,272
03/05/2009,ACK,MA,ANE,EN,Towers with Radar,0,6,2,0,8,0,242,51,0,293,0,248,53,0,301,0,0,0,301
03/06/2009,ACK,MA,ANE,EN,Towers with Radar,0,16,3,2,21,0,226,37,0,263,0,242,40,2,284,0,2,2,286
03/07/2009,ACK,MA,ANE,EN,Towers with Radar,0,3,6,8,17,0,151,76,0,227,0,154,82,8,244,0,2,2,246
03/08/2009,ACK,MA,ANE,EN,Towers with Radar,0,6,2,0,8,0,200,28,0,228,0,206,30,0,236,0,0,0,236
03/09/2009,ACK,MA,ANE,EN,Towers with Radar,0,167,10,0,177,0,24,4,0,28,0,191,14,0,205,0,0,0,205
03/10/2009,ACK,MA,ANE,EN,Towers with Radar,0,12,3,0,15,0,227,38,0,265,0,239,41,0,280,0,0,0,280
03/11/2009,ACK,MA,ANE,EN,Towers with Radar,0,91,8,0,99,0,107,13,0,120,0,198,21,0,219,0,0,0,219
03/12/2009,ACK,MA,ANE,EN,Towers with Radar,0,8,5,5,18,0,295,60,13,368,0,303,65,18,386,0,0,0,386
03/13/2009,ACK,MA,ANE,EN,Towers with Radar,0,14,5,4,23,0,249,78,0,327,0,263,83,4,350,0,0,0,350
03/14/2009,ACK,MA,ANE,EN,Towers with Radar,0,4,2,0,6,0,169,113,0,282,0,173,115,0,288,2,0,2,290
03/15/2009,ACK,MA,ANE,EN,Towers with Radar,0,5,18,0,23,0,187,62,0,249,0,192,80,0,272,4,0,4,276
03/16/2009,ACK,MA,ANE,EN,Towers with Radar,0,20,4,2,26,0,231,42,2,275,0,251,46,4,301,0,0,0,301
03/17/2009,ACK,MA,ANE,EN,Towers with Radar,0,6,10,2,18,0,243,56,4,303,0,249,66,6,321,0,0,0,321
03/18/2009,ACK,MA,ANE,EN,Towers with Radar,0,6,7,2,15,0,264,27,0,291,0,270,34,2,306,2,8,10,316
03/19/2009,ACK,MA,ANE,EN,Towers with Radar,0,85,16,0,101,0,217,48,0,265,0,302,64,0,366,0,0,0,366
03/20/2009,ACK,MA,ANE,EN,Towers with Radar,0,13,5,0,18,0,226,37,0,263,0,239,42,0,281,0,0,0,281
03/21/2009,ACK,MA,ANE,EN,Towers with Radar,0,4,8,0,12,0,153,83,0,236,0,157,91,0,248,0,0,0,248
03/22/2009,ACK,MA,ANE,EN,Towers with Radar,0,10,4,0,14,0,144,34,0,178,0,154,38,0,192,0,0,0,192
03/23/2009,ACK,MA,ANE,EN,Towers with Radar,0,12,3,0,15,0,240,25,4,269,0,252,28,4,284,0,0,0,284
03/24/2009,ACK,MA,ANE,EN,Towers with Radar,0,21,6,2,29,0,223,26,0,249,0,244,32,2,278,0,0,0,278
03/25/2009,ACK,MA,ANE,EN,Towers with Radar,0,14,7,0,21,0,244,53,0,297,0,258,60,0,318,14,0,14,332
03/26/2009,ACK,MA,ANE,EN,Towers with Radar,0,15,7,0,22,0,261,66,2,329,0,276,73,2,351,0,2,2,353
03/27/2009,ACK,MA,ANE,EN,Towers with Radar,0,139,31,4,174,0,4,2,0,6,0,143,33,4,180,0,0,0,180
03/28/2009,ACK,MA,ANE,EN,Towers with Radar,0,113,22,0,135,0,0,0,0,0,0,113,22,0,135,0,0,0,135
03/29/2009,ACK,MA,ANE,EN,Towers with Radar,0,26,2,0,28,0,0,0,0,0,0,26,2,0,28,0,0,0,28
03/30/2009,ACK,MA,ANE,EN,Towers with Radar,0,129,12,0,141,0,116,10,0,126,0,245,22,0,267,0,0,0,267
03/31/2009,ACK,MA,ANE,EN,Towers with Radar,0,12,8,6,26,0,277,73,0,350,0,289,81,6,376,0,0,0,376
04/01/2009,ACK,MA,ANE,EN,Towers with Radar,0,89,13,0,102,0,159,25,0,184,0,248,38,0,286,0,0,0,286
04/02/2009,ACK,MA,ANE,EN,Towers with Radar,0,169,18,2,189,0,38,7,0,45,0,207,25,2,234,0,0,0,234
04/03/2009,ACK,MA,ANE,EN,Towers with Radar,0,82,17,0,99,0,0,0,0,0,0,82,17,0,99,0,0,0,99
04/04/2009,ACK,MA,ANE,EN,Towers with Radar,0,6,2,0,8,0,139,34,0,173,0,145,36,0,181,0,0,0,181
04/05/2009,ACK,MA,ANE,EN,Towers with Radar,0,7,17,0,24,0,168,57,0,225,0,175,74,0,249,12,0,12,261
04/06/2009,ACK,MA,ANE,EN,Towers with Radar,0,38,11,0,49,0,134,24,0,158,0,172,35,0,207,0,0,0,207
04/07/2009,ACK,MA,ANE,EN,Towers with Radar,0,83,13,1,97,0,174,24,3,201,0,257,37,4,298,0,0,0,298
04/08/2009,ACK,MA,ANE,EN,Towers with Radar,0,11,2,0,13,0,272,44,2,318,0,283,46,2,331,0,0,0,331
04/09/2009,ACK,MA,ANE,EN,Towers with Radar,0,17,6,0,23,0,330,84,4,418,0,347,90,4,441,0,0,0,441
04/10/2009,ACK,MA,ANE,EN,Towers with Radar,0,15,18,0,33,0,286,65,0,351,0,301,83,0,384,2,0,2,386
04/11/2009,ACK,MA,ANE,EN,Towers with Radar,0,124,16,0,140,0,0,0,0,0,0,124,16,0,140,0,0,0,140
04/12/2009,ACK,MA,ANE,EN,Towers with Radar,0,17,7,0,24,0,197,40,0,237,0,214,47,0,261,0,0,0,261
04/13/2009,ACK,MA,ANE,EN,Towers with Radar,0,13,4,0,17,0,307,38,2,347,0,320,42,2,364,0,0,0,364
04/14/2009,ACK,MA,ANE,EN,Towers with Radar,0,11,3,0,14,0,241,51,0,292,0,252,54,0,306,0,0,0,306
04/15/2009,ACK,MA,ANE,EN,Towers with Radar,0,14,3,0,17,0,260,46,0,306,0,274,49,0,323,0,0,0,323
04/16/2009,ACK,MA,ANE,EN,Towers with Radar,0,9,4,4,17,0,275,58,4,337,0,284,62,8,354,0,0,0,354
04/17/2009,ACK,MA,ANE,EN,Towers with Radar,0,15,13,0,28,0,257,114,4,375,0,272,127,4,403,6,0,6,409
04/18/2009,ACK,MA,ANE,EN,Towers with Radar,0,2,7,0,9,0,196,80,0,276,0,198,87,0,285,8,0,8,293
04/19/2009,ACK,MA,ANE,EN,Towers with Radar,0,57,25,0,82,0,104,27,0,131,0,161,52,0,213,0,0,0,213
04/20/2009,ACK,MA,ANE,EN,Towers with Radar,0,32,14,0,46,0,227,33,0,260,0,259,47,0,306,0,0,0,306
04/21/2009,ACK,MA,ANE,EN,Towers with Radar,0,166,18,0,184,0,0,0,0,0,0,166,18,0,184,0,0,0,184
04/22/2009,ACK,MA,ANE,EN,Towers with Radar,0,94,14,2,110,0,91,23,0,114,0,185,37,2,224,0,0,0,224
04/23/2009,ACK,MA,ANE,EN,Towers with Radar,0,22,0,12,34,0,289,62,0,351,0,311,62,12,385,0,0,0,385
04/24/2009,ACK,MA,ANE,EN,Towers with Radar,0,22,14,4,40,0,334,122,0,456,0,356,136,4,496,0,0,0,496
04/25/2009,ACK,MA,ANE,EN,Towers with Radar,0,96,61,0,157,0,90,33,0,123,0,186,94,0,280,0,0,0,280
04/26/2009,ACK,MA,ANE,EN,Towers with Radar,0,23,27,0,50,0,265,140,0,405,0,288,167,0,455,0,0,0,455
04/27/2009,ACK,MA,ANE,EN,Towers with Radar,0,73,24,2,99,0,202,37,2,241,0,275,61,4,340,0,0,0,340
04/28/2009,ACK,MA,ANE,EN,Towers with Radar,0,12,5,0,17,0,261,72,0,333,0,273,77,0,350,0,0,0,350
04/29/2009,ACK,MA,ANE,EN,Towers with Radar,0,17,7,0,24,0,270,61,0,331,0,287,68,0,355,6,0,6,361
04/30/2009,ACK,MA,ANE,EN,Towers with Radar,0,13,6,2,21,0,293,65,0,358,0,306,71,2,379,0,0,0,379
05/01/2009,ACK,MA,ANE,EN,Towers with Radar,0,187,25,2,214,0,0,0,0,0,0,187,25,2,214,0,0,0,214
05/02/2009,ACK,MA,ANE,EN,Towers with Radar,0,57,33,0,90,0,91,21,0,112,0,148,54,0,202,0,0,0,202
05/03/2009,ACK,MA,ANE,EN,Towers with Radar,0,23,11,0,34,0,194,27,0,221,0,217,38,0,255,0,0,0,255
05/04/2009,ACK,MA,ANE,EN,Towers with Radar,0,23,15,0,38,0,230,41,0,271,0,253,56,0,309,0,0,0,309
05/05/2009,ACK,MA,ANE,EN,Towers with Radar,0,166,18,0,184,0,0,0,0,0,0,166,18,0,184,0,0,0,184
05/06/2009,ACK,MA,ANE,EN,Towers with Radar,0,185,18,0,203,0,29,9,0,38,0,214,27,0,241,0,0,0,241
05/07/2009,ACK,MA,ANE,EN,Towers with Radar,0,125,15,2,142,0,0,0,0,0,0,125,15,2,142,0,0,0,142
05/08/2009,ACK,MA,ANE,EN,Towers with Radar,0,26,14,0,40,0,276,71,0,347,0,302,85,0,387,0,0,0,387
05/09/2009,ACK,MA,ANE,EN,Towers with Radar,0,63,28,0,91,0,0,0,0,0,0,63,28,0,91,0,0,0,91
05/10/2009,ACK,MA,ANE,EN,Towers with Radar,0,3,12,0,15,0,190,26,0,216,0,193,38,0,231,2,0,2,233
05/11/2009,ACK,MA,ANE,EN,Towers with Radar,0,16,10,0,26,0,280,55,0,335,0,296,65,0,361,2,0,2,363
05/12/2009,ACK,MA,ANE,EN,Towers with Radar,0,13,6,0,19,0,266,58,0,324,0,279,64,0,343,0,0,0,343
05/13/2009,ACK,MA,ANE,EN,Towers with Radar,0,18,11,0,29,0,271,124,0,395,0,289,135,0,424,18,0,18,442
05/14/2009,ACK,MA,ANE,EN,Towers with Radar,0,42,20,0,62,0,322,76,0,398,0,364,96,0,460,0,0,0,460
05/15/2009,ACK,MA,ANE,EN,Towers with Radar,0,270,60,0,330,0,13,6,0,19,0,283,66,0,349,0,0,0,349
05/16/2009,ACK,MA,ANE,EN,Towers with Radar,0,61,28,0,89,0,133,36,0,169,0,194,64,0,258,0,0,0,258
05/17/2009,ACK,MA,ANE,EN,Towers with Radar,0,154,50,0,204,0,142,36,0,178,0,296,86,0,382,0,0,0,382
05/18/2009,ACK,MA,ANE,EN,Towers with Radar,0,38,20,2,60,0,280,35,4,319,0,318,55,6,379,0,0,0,379
05/19/2009,ACK,MA,ANE,EN,Towers with Radar,0,15,12,0,27,0,295,69,2,366,0,310,81,2,393,0,0,0,393
05/20/2009,ACK,MA,ANE,EN,Towers with Radar,0,16,9,0,25,0,274,94,0,368,0,290,103,0,393,0,0,0,393
05/21/2009,ACK,MA,ANE,EN,Towers with Radar,2,25,30,0,57,0,419,150,0,569,2,444,180,0,626,2,0,2,628
05/22/2009,ACK,MA,ANE,EN,Towers with Radar,2,67,50,0,119,0,568,194,0,762,2,635,244,0,881,0,0,0,881
05/23/2009,ACK,MA,ANE,EN,Towers with Radar,2,24,29,0,55,0,264,95,2,361,2,288,124,2,416,4,0,4,420
05/24/2009,ACK,MA,ANE,EN,Towers with Radar,2,185,36,0,223,0,0,0,0,0,2,185,36,0,223,0,0,0,223
05/25/2009,ACK,MA,ANE,EN,Towers with Radar,2,79,53,0,134,0,616,223,0,839,2,695,276,0,973,0,0,0,973
05/26/2009,ACK,MA,ANE,EN,Towers with Radar,2,27,18,0,47,0,317,74,0,391,2,344,92,0,438,0,0,0,438
05/27/2009,ACK,MA,ANE,EN,Towers with Radar,0,130,27,0,157,0,117,15,0,132,0,247,42,0,289,0,0,0,289
05/28/2009,ACK,MA,ANE,EN,Towers with Radar,2,231,42,0,275,0,19,1,0,20,2,250,43,0,295,0,0,0,295
05/29/2009,ACK,MA,ANE,EN,Towers with Radar,2,181,32,0,215,0,0,0,0,0,2,181,32,0,215,0,0,0,215
05/30/2009,ACK,MA,ANE,EN,Towers with Radar,2,71,30,0,103,0,96,49,0,145,2,167,79,0,248,0,0,0,248
05/31/2009,ACK,MA,ANE,EN,Towers with Radar,2,56,22,0,80,0,199,55,0,254,2,255,77,0,334,0,0,0,334
06/01/2009,ACK,MA,ANE,EN,Towers with Radar,2,13,19,1,35,0,277,80,3,360,2,290,99,4,395,0,10,10,405
06/02/2009,ACK,MA,ANE,EN,Towers with Radar,0,116,20,0,136,0,157,41,0,198,0,273,61,0,334,0,0,0,334
06/03/2009,ACK,MA,ANE,EN,Towers with Radar,0,54,13,3,70,0,226,52,13,291,0,280,65,16,361,14,0,14,375
06/04/2009,ACK,MA,ANE,EN,Towers with Radar,2,209,42,0,253,0,82,16,0,98,2,291,58,0,351,0,0,0,351
06/05/2009,ACK,MA,ANE,EN,Towers with Radar,2,229,47,0,278,0,86,9,0,95,2,315,56,0,373,0,0,0,373
06/06/2009,ACK,MA,ANE,EN,Towers with Radar,2,181,55,0,238,0,13,10,0,23,2,194,65,0,261,0,0,0,261
06/07/2009,ACK,MA,ANE,EN,Towers with Radar,2,48,22,0,72,0,214,138,0,352,2,262,160,0,424,0,0,0,424
06/08/2009,ACK,MA,ANE,EN,Towers with Radar,2,27,13,0,42,0,285,82,0,367,2,312,95,0,409,0,0,0,409
06/09/2009,ACK,MA,ANE,EN,Towers with Radar,0,90,14,0,104,0,196,37,0,233,0,286,51,0,337,0,0,0,337
06/10/2009,ACK,MA,ANE,EN,Towers with Radar,0,152,27,2,181,0,100,22,0,122,0,252,49,2,303,0,0,0,303
06/11/2009,ACK,MA,ANE,EN,Towers with Radar,2,272,53,0,327,0,13,7,0,20,2,285,60,0,347,0,0,0,347
06/12/2009,ACK,MA,ANE,EN,Towers with Radar,4,276,67,0,347,0,0,0,0,0,4,276,67,0,347,0,0,0,347
06/13/2009,ACK,MA,ANE,EN,Towers with Radar,2,46,33,0,81,0,210,99,4,313,2,256,132,4,394,10,0,10,404
06/14/2009,ACK,MA,ANE,EN,Towers with Radar,2,92,35,0,129,0,241,58,0,299,2,333,93,0,428,0,0,0,428
06/15/2009,ACK,MA,ANE,EN,Towers with Radar,2,217,28,0,247,0,121,43,0,164,2,338,71,0,411,0,0,0,411
06/16/2009,ACK,MA,ANE,EN,Towers with Radar,0,80,27,0,107,0,254,53,0,307,0,334,80,0,414,0,0,0,414
06/17/2009,ACK,MA,ANE,EN,Towers with Radar,0,51,39,0,90,0,313,121,6,440,0,364,160,6,530,0,0,0,530
06/18/2009,ACK,MA,ANE,EN,Towers with Radar,2,60,37,0,99,0,368,92,2,462,2,428,129,2,561,6,0,6,567
06/19/2009,ACK,MA,ANE,EN,Towers with Radar,4,331,97,0,432,0,7,4,0,11,4,338,101,0,443,0,0,0,443
06/20/2009,ACK,MA,ANE,EN,Towers with Radar,4,98,42,0,144,0,204,52,0,256,4,302,94,0,400,0,0,0,400
06/21/2009,ACK,MA,ANE,EN,Towers with Radar,4,256,79,0,339,0,0,0,0,0,4,256,79,0,339,0,0,0,339
06/22/2009,ACK,MA,ANE,EN,Towers with Radar,4,207,60,0,271,0,0,0,0,0,4,207,60,0,271,0,0,0,271
06/23/2009,ACK,MA,ANE,EN,Towers with Radar,2,256,41,0,299,0,0,0,0,0,2,256,41,0,299,0,0,0,299
06/24/2009,ACK,MA,ANE,EN,Towers with Radar,2,262,52,0,316,0,43,15,0,58,2,305,67,0,374,0,0,0,374
06/25/2009,ACK,MA,ANE,EN,Towers with Radar,2,204,72,0,278,0,115,81,3,199,2,319,153,3,477,0,0,0,477
06/26/2009,ACK,MA,ANE,EN,Towers with Radar,4,215,101,2,322,0,175,59,0,234,4,390,160,2,556,0,0,0,556
06/27/2009,ACK,MA,ANE,EN,Towers with Radar,4,99,49,0,152,0,194,113,0,307,4,293,162,0,459,2,0,2,461
06/28/2009,ACK,MA,ANE,EN,Towers with Radar,4,347,94,0,445,0,6,15,0,21,4,353,109,0,466,0,0,0,466
06/29/2009,ACK,MA,ANE,EN,Towers with Radar,4,228,56,0,288,0,194,77,0,271,4,422,133,0,559,6,0,6,565
06/30/2009,ACK,MA,ANE,EN,Towers with Radar,2,166,51,0,219,0,164,56,0,220,2,330,107,0,439,0,0,0,439
07/01/2009,ACK,MA,ANE,EN,Towers with Radar,0,164,69,0,233,0,201,43,0,244,0,365,112,0,477,0,0,0,477
07/02/2009,ACK,MA,ANE,EN,Towers with Radar,4,388,146,0,538,0,23,9,0,32,4,411,155,0,570,0,0,0,570
07/03/2009,ACK,MA,ANE,EN,Towers with Radar,4,235,94,0,333,0,161,60,0,221,4,396,154,0,554,0,0,0,554
07/04/2009,ACK,MA,ANE,EN,Towers with Radar,4,48,23,0,75,0,197,133,0,330,4,245,156,0,405,0,0,0,405
07/05/2009,ACK,MA,ANE,EN,Towers with Radar,4,114,80,0,198,0,388,215,0,603,4,502,295,0,801,2,0,2,803
07/06/2009,ACK,MA,ANE,EN,Towers with Radar,4,62,49,0,115,0,407,177,2,586,4,469,226,2,701,2,0,2,703
07/07/2009,ACK,MA,ANE,EN,Towers with Radar,2,134,56,0,192,0,184,49,0,233,2,318,105,0,425,0,0,0,425
07/08/2009,ACK,MA,ANE,EN,Towers with Radar,2,155,46,0,203,0,181,65,0,246,2,336,111,0,449,0,0,0,449
07/09/2009,ACK,MA,ANE,EN,Towers with Radar,2,95,81,1,179,0,325,120,11,456,2,420,201,12,635,0,0,0,635
07/10/2009,ACK,MA,ANE,EN,Towers with Radar,4,77,50,0,131,0,380,193,1,574,4,457,243,1,705,0,0,0,705
07/11/2009,ACK,MA,ANE,EN,Towers with Radar,4,41,38,0,83,0,261,130,1,392,4,302,168,1,475,0,0,0,475
07/12/2009,ACK,MA,ANE,EN,Towers with Radar,4,271,106,0,381,0,182,79,0,261,4,453,185,0,642,0,0,0,642
07/13/2009,ACK,MA,ANE,EN,Towers with Radar,4,61,33,0,98,0,356,121,0,477,4,417,154,0,575,0,0,0,575
07/14/2009,ACK,MA,ANE,EN,Towers with Radar,2,50,44,2,98,0,331,108,0,439,2,381,152,2,537,0,0,0,537
07/15/2009,ACK,MA,ANE,EN,Towers with Radar,2,59,17,2,80,0,317,143,0,460,2,376,160,2,540,4,0,4,544
07/16/2009,ACK,MA,ANE,EN,Towers with Radar,2,98,67,0,167,0,336,107,1,444,2,434,174,1,611,6,0,6,617
07/17/2009,ACK,MA,ANE,EN,Towers with Radar,4,166,317,0,487,4,397,199,0,600,8,563,516,0,1087,0,0,0,1087
07/18/2009,ACK,MA,ANE,EN,Towers with Radar,4,245,71,0,320,0,48,8,0,56,4,293,79,0,376,0,0,0,376
07/19/2009,ACK,MA,ANE,EN,Towers with Radar,4,74,67,0,145,0,350,197,0,547,4,424,264,0,692,0,0,0,692
07/20/2009,ACK,MA,ANE,EN,Towers with Radar,4,89,45,0,138,0,296,109,0,405,4,385,154,0,543,4,0,4,547
07/21/2009,ACK,MA,ANE,EN,Towers with Radar,2,275,58,0,335,0,0,0,0,0,2,275,58,0,335,0,0,0,335
07/22/2009,ACK,MA,ANE,EN,Towers with Radar,2,152,46,0,200,0,208,92,2,302,2,360,138,2,502,0,0,0,502
07/23/2009,ACK,MA,ANE,EN,Towers with Radar,2,293,138,2,435,0,80,24,0,104,2,373,162,2,539,0,0,0,539
07/24/2009,ACK,MA,ANE,EN,Towers with Radar,4,254,130,0,388,0,156,52,0,208,4,410,182,0,596,0,0,0,596
07/25/2009,ACK,MA,ANE,EN,Towers with Radar,4,163,72,0,239,0,157,57,0,214,4,320,129,0,453,0,0,0,453
07/26/2009,ACK,MA,ANE,EN,Towers with Radar,4,328,156,0,488,0,0,0,0,0,4,328,156,0,488,0,0,0,488
07/27/2009,ACK,MA,ANE,EN,Towers with Radar,2,169,71,0,242,0,229,69,0,298,2,398,140,0,540,0,0,0,540
07/28/2009,ACK,MA,ANE,EN,Towers with Radar,2,280,66,4,352,0,55,25,4,84,2,335,91,8,436,0,0,0,436
07/29/2009,ACK,MA,ANE,EN,Towers with Radar,2,324,80,0,406,0,0,0,0,0,2,324,80,0,406,0,0,0,406
07/30/2009,ACK,MA,ANE,EN,Towers with Radar,2,344,117,2,465,0,65,21,2,88,2,409,138,4,553,0,0,0,553
07/31/2009,ACK,MA,ANE,EN,Towers with Radar,4,423,107,0,534,0,0,0,0,0,4,423,107,0,534,0,0,0,534
08/01/2009,ACK,MA,ANE,EN,Towers with Radar,4,187,90,0,281,0,185,77,0,262,4,372,167,0,543,0,0,0,543
08/02/2009,ACK,MA,ANE,EN,Towers with Radar,4,318,140,0,462,0,29,12,0,41,4,347,152,0,503,0,0,0,503
08/03/2009,ACK,MA,ANE,EN,Towers with Radar,4,214,77,0,295,0,194,72,0,266,4,408,149,0,561,0,0,0,561
08/04/2009,ACK,MA,ANE,EN,Towers with Radar,2,272,52,0,326,0,0,0,0,0,2,272,52,0,326,0,0,0,326
08/05/2009,ACK,MA,ANE,EN,Towers with Radar,2,313,77,2,394,0,0,0,0,0,2,313,77,2,394,0,0,0,394
08/06/2009,ACK,MA,ANE,EN,Towers with Radar,2,91,92,4,189,0,354,133,0,487,2,445,225,4,676,0,0,0,676
08/07/2009,ACK,MA,ANE,EN,Towers with Radar,4,79,79,0,162,0,444,197,0,641,4,523,276,0,803,0,0,0,803
08/08/2009,ACK,MA,ANE,EN,Towers with Radar,4,53,45,0,102,0,300,206,0,506,4,353,251,0,608,0,0,0,608
08/09/2009,ACK,MA,ANE,EN,Towers with Radar,4,124,127,0,255,0,366,107,2,475,4,490,234,2,730,0,0,0,730
08/10/2009,ACK,MA,ANE,EN,Towers with Radar,4,171,66,1,242,0,221,55,1,277,4,392,121,2,519,0,0,0,519
08/11/2009,ACK,MA,ANE,EN,Towers with Radar,2,134,42,0,178,0,225,46,2,273,2,359,88,2,451,0,0,0,451
08/12/2009,ACK,MA,ANE,EN,Towers with Radar,1,321,78,0,400,0,0,0,0,0,1,321,78,0,400,0,0,0,400
08/13/2009,ACK,MA,ANE,EN,Towers with Radar,2,356,131,0,489,0,0,0,0,0,2,356,131,0,489,0,0,0,489
08/14/2009,ACK,MA,ANE,EN,Towers with Radar,4,204,100,0,308,0,297,151,0,448,4,501,251,0,756,0,0,0,756
08/15/2009,ACK,MA,ANE,EN,Towers with Radar,4,95,53,0,152,0,262,141,0,403,4,357,194,0,555,2,0,2,557
08/16/2009,ACK,MA,ANE,EN,Towers with Radar,4,104,69,0,177,0,357,176,0,533,4,461,245,0,710,0,0,0,710
08/17/2009,ACK,MA,ANE,EN,Towers with Radar,4,135,47,0,186,0,269,141,0,410,4,404,188,0,596,4,0,4,600
08/18/2009,ACK,MA,ANE,EN,Towers with Radar,2,109,41,0,152,0,257,79,0,336,2,366,120,0,488,2,0,2,490
08/19/2009,ACK,MA,ANE,EN,Towers with Radar,2,98,24,1,125,0,297,116,0,413,2,395,140,1,538,18,0,18,556
08/20/2009,ACK,MA,ANE,EN,Towers with Radar,2,309,106,0,417,0,21,9,0,30,2,330,115,0,447,0,0,0,447
08/21/2009,ACK,MA,ANE,EN,Towers with Radar,4,390,111,0,505,0,36,21,0,57,4,426,132,0,562,0,0,0,562
08/22/2009,ACK,MA,ANE,EN,Towers with Radar,4,224,80,0,308,0,87,35,0,122,4,311,115,0,430,0,0,0,430
08/23/2009,ACK,MA,ANE,EN,Towers with Radar,0,288,75,0,363,0,54,32,0,86,0,342,107,0,449,0,0,0,449
08/24/2009,ACK,MA,ANE,EN,Towers with Radar,4,301,93,0,398,0,62,25,0,87,4,363,118,0,485,0,0,0,485
08/25/2009,ACK,MA,ANE,EN,Towers with Radar,2,314,83,0,399,0,0,0,0,0,2,314,83,0,399,0,0,0,399
08/26/2009,ACK,MA,ANE,EN,Towers with Radar,2,136,69,0,207,0,237,66,0,303,2,373,135,0,510,0,0,0,510
08/27/2009,ACK,MA,ANE,EN,Towers with Radar,2,117,99,0,218,0,263,57,0,320,2,380,156,0,538,0,0,0,538
08/28/2009,ACK,MA,ANE,EN,Towers with Radar,4,150,103,0,257,0,289,62,0,351,4,439,165,0,608,0,0,0,608
08/29/2009,ACK,MA,ANE,EN,Towers with Radar,0,84,29,0,113,0,0,0,0,0,0,84,29,0,113,0,0,0,113
08/30/2009,ACK,MA,ANE,EN,Towers with Radar,4,337,95,0,436,0,24,10,0,34,4,361,105,0,470,0,0,0,470
08/31/2009,ACK,MA,ANE,EN,Towers with Radar,4,88,57,4,153,0,262,77,0,339,4,350,134,4,492,0,0,0,492
09/01/2009,ACK,MA,ANE,EN,Towers with Radar,2,61,20,1,84,0,289,83,5,377,2,350,103,6,461,0,0,0,461
09/02/2009,ACK,MA,ANE,EN,Towers with Radar,2,46,32,2,82,0,328,128,0,456,2,374,160,2,538,22,2,24,562
09/03/2009,ACK,MA,ANE,EN,Towers with Radar,2,56,45,6,109,0,351,120,0,471,2,407,165,6,580,0,0,0,580
09/04/2009,ACK,MA,ANE,EN,Towers with Radar,4,222,107,0,333,0,242,71,0,313,4,464,178,0,646,0,0,0,646
09/05/2009,ACK,MA,ANE,EN,Towers with Radar,4,40,32,0,76,0,265,116,0,381,4,305,148,0,457,10,0,10,467
09/06/2009,ACK,MA,ANE,EN,Towers with Radar,4,52,28,0,84,0,247,135,0,382,4,299,163,0,466,0,0,0,466
09/07/2009,ACK,MA,ANE,EN,Towers with Radar,4,172,65,0,241,0,407,189,0,596,4,579,254,0,837,0,0,0,837
09/08/2009,ACK,MA,ANE,EN,Towers with Radar,2,71,22,0,95,0,287,52,0,339,2,358,74,0,434,0,0,0,434
09/09/2009,ACK,MA,ANE,EN,Towers with Radar,0,104,37,0,141,0,178,59,0,237,0,282,96,0,378,0,0,0,378
09/10/2009,ACK,MA,ANE,EN,Towers with Radar,0,56,22,0,78,0,290,46,0,336,0,346,68,0,414,0,0,0,414
09/11/2009,ACK,MA,ANE,EN,Towers with Radar,0,192,37,0,229,0,112,32,0,144,0,304,69,0,373,0,0,0,373
09/12/2009,ACK,MA,ANE,EN,Towers with Radar,0,204,35,0,239,0,15,6,0,21,0,219,41,0,260,0,0,0,260
09/13/2009,ACK,MA,ANE,EN,Towers with Radar,0,246,69,0,315,0,35,9,0,44,0,281,78,0,359,0,0,0,359
09/14/2009,ACK,MA,ANE,EN,Towers with Radar,0,25,15,0,40,0,293,76,0,369,0,318,91,0,409,0,0,0,409
09/15/2009,ACK,MA,ANE,EN,Towers with Radar,0,45,17,1,63,0,261,78,2,341,0,306,95,3,404,0,0,0,404
09/16/2009,ACK,MA,ANE,EN,Towers with Radar,0,62,13,5,80,0,253,65,7,325,0,315,78,12,405,0,0,0,405
09/17/2009,ACK,MA,ANE,EN,Towers with Radar,0,69,29,4,102,0,257,78,0,335,0,326,107,4,437,8,0,8,445
09/18/2009,ACK,MA,ANE,EN,Towers with Radar,0,40,26,2,68,0,286,87,0,373,0,326,113,2,441,0,0,0,441
09/19/2009,ACK,MA,ANE,EN,Towers with Radar,0,19,13,0,32,0,241,98,0,339,0,260,111,0,371,0,0,0,371
09/20/2009,ACK,MA,ANE,EN,Towers with Radar,0,35,38,0,73,0,326,121,0,447,0,361,159,0,520,0,0,0,520
09/21/2009,ACK,MA,ANE,EN,Towers with Radar,0,23,7,0,30,0,277,86,0,363,0,300,93,0,393,0,0,0,393
09/22/2009,ACK,MA,ANE,EN,Towers with Radar,0,42,17,0,59,0,255,63,6,324,0,297,80,6,383,0,0,0,383
09/23/2009,ACK,MA,ANE,EN,Towers with Radar,0,40,25,0,65,0,271,65,1,337,0,311,90,1,402,6,0,6,408
09/24/2009,ACK,MA,ANE,EN,Towers with Radar,0,137,44,4,185,0,151,22,0,173,0,288,66,4,358,0,0,0,358
09/25/2009,ACK,MA,ANE,EN,Towers with Radar,0,49,20,0,69,0,309,90,0,399,0,358,110,0,468,0,0,0,468
09/26/2009,ACK,MA,ANE,EN,Towers with Radar,0,28,24,2,54,0,238,132,2,372,0,266,156,4,426,6,0,6,432
09/27/2009,ACK,MA,ANE,EN,Towers with Radar,0,210,43,0,253,0,64,7,0,71,0,274,50,0,324,0,0,0,324
09/28/2009,ACK,MA,ANE,EN,Towers with Radar,0,42,9,0,51,0,263,58,2,323,0,305,67,2,374,0,0,0,374
09/29/2009,ACK,MA,ANE,EN,Towers with Radar,0,55,23,2,80,0,275,55,0,330,0,330,78,2,410,0,0,0,410
09/30/2009,ACK,MA,ANE,EN,Towers with Radar,0,44,23,2,69,0,246,53,4,303,0,290,76,6,372,0,0,0,372
10/01/2009,ACK,MA,ANE,EN,Towers with Radar,0,34,21,0,55,0,256,64,0,320,0,290,85,0,375,0,0,0,375
10/02/2009,ACK,MA,ANE,EN,Towers with Radar,0,35,29,0,64,0,286,98,0,384,0,321,127,0,448,0,0,0,448
10/03/2009,ACK,MA,ANE,EN,Towers with Radar,0,92,27,0,119,0,124,34,0,158,0,216,61,0,277,0,0,0,277
10/04/2009,ACK,MA,ANE,EN,Towers with Radar,0,159,48,1,208,0,88,19,0,107,0,247,67,1,315,0,0,0,315
10/05/2009,ACK,MA,ANE,EN,Towers with Radar,0,95,22,0,117,0,246,51,0,297,0,341,73,0,414,0,0,0,414
10/06/2009,ACK,MA,ANE,EN,Towers with Radar,0,43,17,3,63,0,263,76,7,346,0,306,93,10,409,0,0,0,409
10/07/2009,ACK,MA,ANE,EN,Towers with Radar,0,55,16,0,71,0,196,34,2,232,0,251,50,2,303,0,0,0,303
10/08/2009,ACK,MA,ANE,EN,Towers with Radar,0,37,17,4,58,0,308,80,8,396,0,345,97,12,454,0,0,0,454
10/09/2009,ACK,MA,ANE,EN,Towers with Radar,0,84,53,2,139,0,362,64,0,426,0,446,117,2,565,0,0,0,565
10/10/2009,ACK,MA,ANE,EN,Towers with Radar,0,94,26,0,120,0,143,75,0,218,0,237,101,0,338,0,0,0,338
10/11/2009,ACK,MA,ANE,EN,Towers with Radar,0,66,31,0,97,0,230,84,0,314,0,296,115,0,411,0,0,0,411
10/12/2009,ACK,MA,ANE,EN,Towers with Radar,0,81,31,0,112,0,353,103,0,456,0,434,134,0,568,0,0,0,568
10/13/2009,ACK,MA,ANE,EN,Towers with Radar,0,52,11,12,75,0,230,31,2,263,0,282,42,14,338,0,0,0,338
10/14/2009,ACK,MA,ANE,EN,Towers with Radar,0,28,12,0,40,0,247,81,0,328,0,275,93,0,368,0,0,0,368
10/15/2009,ACK,MA,ANE,EN,Towers with Radar,0,52,9,1,62,0,244,44,3,291,0,296,53,4,353,0,0,0,353
10/16/2009,ACK,MA,ANE,EN,Towers with Radar,0,86,18,2,106,0,142,45,0,187,0,228,63,2,293,0,0,0,293
10/17/2009,ACK,MA,ANE,EN,Towers with Radar,0,39,16,0,55,0,137,39,0,176,0,176,55,0,231,0,0,0,231
10/18/2009,ACK,MA,ANE,EN,Towers with Radar,0,119,6,0,125,0,0,0,0,0,0,119,6,0,125,0,0,0,125
10/19/2009,ACK,MA,ANE,EN,Towers with Radar,0,73,8,0,81,0,207,50,2,259,0,280,58,2,340,0,0,0,340
10/20/2009,ACK,MA,ANE,EN,Towers with Radar,0,25,10,1,36,0,238,69,1,308,0,263,79,2,344,0,0,0,344
10/21/2009,ACK,MA,ANE,EN,Towers with Radar,0,29,5,0,34,0,265,79,0,344,0,294,84,0,378,0,0,0,378
10/22/2009,ACK,MA,ANE,EN,Towers with Radar,0,19,8,0,27,0,286,65,0,351,0,305,73,0,378,0,0,0,378
10/23/2009,ACK,MA,ANE,EN,Towers with Radar,0,30,22,0,52,0,223,54,0,277,0,253,76,0,329,0,0,0,329
10/24/2009,ACK,MA,ANE,EN,Towers with Radar,0,63,16,0,79,0,79,22,0,101,0,142,38,0,180,0,0,0,180
10/25/2009,ACK,MA,ANE,EN,Towers with Radar,0,11,20,0,31,0,163,51,0,214,0,174,71,0,245,0,0,0,245
10/26/2009,ACK,MA,ANE,EN,Towers with Radar,0,9,8,4,21,0,219,56,2,277,0,228,64,6,298,0,0,0,298
10/27/2009,ACK,MA,ANE,EN,Towers with Radar,0,42,24,15,81,0,177,39,2,218,0,219,63,17,299,0,0,0,299
10/28/2009,ACK,MA,ANE,EN,Towers with Radar,0,140,27,0,167,0,0,0,0,0,0,140,27,0,167,0,0,0,167
10/29/2009,ACK,MA,ANE,EN,Towers with Radar,0,37,15,3,55,0,232,39,3,274,0,269,54,6,329,0,0,0,329
10/30/2009,ACK,MA,ANE,EN,Towers with Radar,0,16,11,0,27,0,226,66,0,292,0,242,77,0,319,8,0,8,327
10/31/2009,ACK,MA,ANE,EN,Towers with Radar,0,61,16,0,77,0,117,27,0,144,0,178,43,0,221,6,0,6,227
11/01/2009,ACK,MA,ANE,EN,Towers with Radar,0,20,4,0,24,0,190,43,0,233,0,210,47,0,257,0,0,0,257
11/02/2009,ACK,MA,ANE,EN,Towers with Radar,0,35,5,0,40,0,243,40,0,283,0,278,45,0,323,0,0,0,323
11/03/2009,ACK,MA,ANE,EN,Towers with Radar,0,27,13,0,40,0,235,41,4,280,0,262,54,4,320,0,0,0,320
11/04/2009,ACK,MA,ANE,EN,Towers with Radar,0,13,6,0,19,0,221,74,2,297,0,234,80,2,316,0,4,4,320
11/05/2009,ACK,MA,ANE,EN,Towers with Radar,0,13,11,0,24,0,212,54,0,266,0,225,65,0,290,0,0,0,290
11/06/2009,ACK,MA,ANE,EN,Towers with Radar,0,21,2,0,23,0,217,59,0,276,0,238,61,0,299,0,0,0,299
11/07/2009,ACK,MA,ANE,EN,Towers with Radar,0,4,11,0,15,0,165,92,0,257,0,169,103,0,272,0,0,0,272
11/08/2009,ACK,MA,ANE,EN,Towers with Radar,0,8,13,0,21,0,237,68,0,305,0,245,81,0,326,0,0,0,326
11/09/2009,ACK,MA,ANE,EN,Towers with Radar,0,37,5,0,42,0,206,47,0,253,0,243,52,0,295,0,0,0,295
11/10/2009,ACK,MA,ANE,EN,Towers with Radar,0,22,5,0,27,0,273,42,0,315,0,295,47,0,342,0,0,0,342
11/11/2009,ACK,MA,ANE,EN,Towers with Radar,0,27,3,0,30,0,188,39,0,227,0,215,42,0,257,0,0,0,257
11/12/2009,ACK,MA,ANE,EN,Towers with Radar,0,21,7,0,28,0,204,41,0,245,0,225,48,0,273,4,0,4,277
11/13/2009,ACK,MA,ANE,EN,Towers with Radar,0,58,6,0,64,0,188,44,0,232,0,246,50,0,296,0,0,0,296
11/14/2009,ACK,MA,ANE,EN,Towers with Radar,0,89,12,4,105,0,43,10,0,53,0,132,22,4,158,0,0,0,158
11/15/2009,ACK,MA,ANE,EN,Towers with Radar,0,139,17,0,156,0,0,0,0,0,0,139,17,0,156,0,0,0,156
11/16/2009,ACK,MA,ANE,EN,Towers with Radar,0,25,1,0,26,0,215,48,0,263,0,240,49,0,289,0,0,0,289
11/17/2009,ACK,MA,ANE,EN,Towers with Radar,0,17,6,0,23,0,220,49,2,271,0,237,55,2,294,0,0,0,294
11/18/2009,ACK,MA,ANE,EN,Towers with Radar,0,14,7,6,27,0,213,50,12,275,0,227,57,18,302,0,0,0,302
11/19/2009,ACK,MA,ANE,EN,Towers with Radar,0,26,8,0,34,0,213,43,0,256,0,239,51,0,290,0,0,0,290
11/20/2009,ACK,MA,ANE,EN,Towers with Radar,0,79,9,0,88,0,175,41,0,216,0,254,50,0,304,0,0,0,304
11/21/2009,ACK,MA,ANE,EN,Towers with Radar,0,7,12,0,19,0,158,70,0,228,0,165,82,0,247,0,0,0,247
11/22/2009,ACK,MA,ANE,EN,Towers with Radar,0,26,5,0,31,0,189,57,0,246,0,215,62,0,277,0,0,0,277
11/23/2009,ACK,MA,ANE,EN,Towers with Radar,0,68,12,0,80,0,205,47,6,258,0,273,59,6,338,0,0,0,338
11/24/2009,ACK,MA,ANE,EN,Towers with Radar,0,203,40,4,247,0,0,0,0,0,0,203,40,4,247,0,0,0,247
11/25/2009,ACK,MA,ANE,EN,Towers with Radar,0,276,74,2,352,0,0,0,0,0,0,276,74,2,352,0,0,0,352
11/26/2009,ACK,MA,ANE,EN,Towers with Radar,0,121,4,0,125,0,0,0,0,0,0,121,4,0,125,0,0,0,125
11/27/2009,ACK,MA,ANE,EN,Towers with Radar,0,154,24,0,178,0,52,1,0,53,0,206,25,0,231,0,0,0,231
11/28/2009,ACK,MA,ANE,EN,Towers with Radar,0,26,25,0,51,0,198,32,0,230,0,224,57,0,281,0,0,0,281
11/29/2009,ACK,MA,ANE,EN,Towers with Radar,0,37,26,4,67,0,248,48,2,298,0,285,74,6,365,0,0,0,365
11/30/2009,ACK,MA,ANE,EN,Towers with Radar,0,98,15,8,121,0,158,33,0,191,0,256,48,8,312,0,0,0,312
12/01/2009,ACK,MA,ANE,EN,Towers with Radar,0,9,5,6,20,0,241,52,4,297,0,250,57,10,317,0,0,0,317
12/02/2009,ACK,MA,ANE,EN,Towers with Radar,0,26,8,2,36,0,229,62,0,291,0,255,70,2,327,0,0,0,327
12/03/2009,ACK,MA,ANE,EN,Towers with Radar,0,39,35,0,74,0,154,29,0,183,0,193,64,0,257,0,0,0,257
12/04/2009,ACK,MA,ANE,EN,Towers with Radar,0,35,25,0,60,0,343,85,0,428,0,378,110,0,488,0,0,0,488
12/05/2009,ACK,MA,ANE,EN,Towers with Radar,0,68,15,2,85,0,110,24,0,134,0,178,39,2,219,0,0,0,219
12/06/2009,ACK,MA,ANE,EN,Towers with Radar,0,107,45,0,152,0,269,84,0,353,0,376,129,0,505,0,0,0,505
12/07/2009,ACK,MA,ANE,EN,Towers with Radar,0,22,15,2,39,0,227,36,2,265,0,249,51,4,304,0,0,0,304
12/08/2009,ACK,MA,ANE,EN,Towers with Radar,0,13,12,0,25,0,280,39,0,319,0,293,51,0,344,0,0,0,344
12/09/2009,ACK,MA,ANE,EN,Towers with Radar,0,58,8,0,66,0,14,5,0,19,0,72,13,0,85,0,0,0,85
12/10/2009,ACK,MA,ANE,EN,Towers with Radar,0,12,2,0,14,0,247,56,0,303,0,259,58,0,317,0,0,0,317
12/11/2009,ACK,MA,ANE,EN,Towers with Radar,0,10,1,0,11,0,252,48,0,300,0,262,49,0,311,0,0,0,311
12/12/2009,ACK,MA,ANE,EN,Towers with Radar,0,6,8,0,14,0,205,54,0,259,0,211,62,0,273,0,0,0,273
12/13/2009,ACK,MA,ANE,EN,Towers with Radar,0,17,2,0,19,0,191,38,0,229,0,208,40,0,248,0,0,0,248
12/14/2009,ACK,MA,ANE,EN,Towers with Radar,0,17,1,2,20,0,223,41,2,266,0,240,42,4,286,0,0,0,286
12/15/2009,ACK,MA,ANE,EN,Towers with Radar,0,54,10,2,66,0,176,23,0,199,0,230,33,2,265,0,0,0,265
12/16/2009,ACK,MA,ANE,EN,Towers with Radar,0,16,2,0,18,0,254,43,2,299,0,270,45,2,317,0,0,0,317
12/17/2009,ACK,MA,ANE,EN,Towers with Radar,0,10,3,2,15,0,251,34,8,293,0,261,37,10,308,0,0,0,308
12/18/2009,ACK,MA,ANE,EN,Towers with Radar,0,15,6,0,21,0,210,46,0,256,0,225,52,0,277,0,0,0,277
12/19/2009,ACK,MA,ANE,EN,Towers with Radar,0,4,7,0,11,0,169,31,0,200,0,173,38,0,211,0,0,0,211
12/20/2009,ACK,MA,ANE,EN,Towers with Radar,0,0,0,0,0,0,0,0,0,0,0,0,0,0,0,0,0,0,0
12/21/2009,ACK,MA,ANE,EN,Towers with Radar,0,8,1,0,9,0,98,9,0,107,0,106,10,0,116,0,0,0,116
12/22/2009,ACK,MA,ANE,EN,Towers with Radar,0,8,0,0,8,0,230,42,2,274,0,238,42,2,282,0,0,0,282
12/23/2009,ACK,MA,ANE,EN,Towers with Radar,0,14,7,1,22,0,276,47,1,324,0,290,54,2,346,0,0,0,346
12/24/2009,ACK,MA,ANE,EN,Towers with Radar,0,95,10,0,105,0,66,11,0,77,0,161,21,0,182,0,0,0,182
12/25/2009,ACK,MA,ANE,EN,Towers with Radar,0,22,0,0,22,0,109,4,0,113,0,131,4,0,135,0,0,0,135
12/26/2009,ACK,MA,ANE,EN,Towers with Radar,0,28,2,1,31,0,143,22,3,168,0,171,24,4,199,0,0,0,199
12/27/2009,ACK,MA,ANE,EN,Towers with Radar,0,80,6,0,86,0,54,8,0,62,0,134,14,0,148,0,0,0,148
12/28/2009,ACK,MA,ANE,EN,Towers with Radar,0,19,4,0,23,0,202,31,0,233,0,221,35,0,256,0,0,0,256
12/29/2009,ACK,MA,ANE,EN,Towers with Radar,0,13,4,0,17,0,187,36,2,225,0,200,40,2,242,0,0,0,242
12/30/2009,ACK,MA,ANE,EN,Towers with Radar,0,13,9,0,22,0,248,52,0,300,0,261,61,0,322,0,0,0,322
12/31/2009,ACK,MA,ANE,EN,Towers with Radar,0,69,5,0,74,0,142,25,0,167,0,211,30,0,241,0,0,0,241
01/01/2010,ACK,MA,ANE,EN,Towers with Radar,0,76,2,0,78,0,34,0,0,34,0,110,2,0,112,0,0,0,112
01/02/2010,ACK,MA,ANE,EN,Towers with Radar,0,76,13,0,89,0,1,0,0,1,0,77,13,0,90,0,0,0,90
01/03/2010,ACK,MA,ANE,EN,Towers with Radar,0,90,2,0,92,0,43,3,0,46,0,133,5,0,138,0,0,0,138
01/04/2010,ACK,MA,ANE,EN,Towers with Radar,0,22,4,0,26,0,199,26,0,225,0,221,30,0,251,0,0,0,251
01/05/2010,ACK,MA,ANE,EN,Towers with Radar,0,28,6,2,36,0,223,41,0,264,0,251,47,2,300,0,0,0,300
01/06/2010,ACK,MA,ANE,EN,Towers with Radar,0,13,4,9,26,0,251,28,5,284,0,264,32,14,310,0,0,0,310
01/07/2010,ACK,MA,ANE,EN,Towers with Radar,0,12,6,0,18,0,207,36,8,251,0,219,42,8,269,0,0,0,269
01/08/2010,ACK,MA,ANE,EN,Towers with Radar,0,75,3,3,81,0,132,19,1,152,0,207,22,4,233,0,0,0,233
01/09/2010,ACK,MA,ANE,EN,Towers with Radar,0,4,5,0,9,0,161,28,0,189,0,165,33,0,198,14,0,14,212
01/10/2010,ACK,MA,ANE,EN,Towers with Radar,0,4,5,0,9,0,179,38,0,217,0,183,43,0,226,0,0,0,226
01/11/2010,ACK,MA,ANE,EN,Towers with Radar,0,10,1,0,11,0,206,42,0,248,0,216,43,0,259,2,0,2,261
01/12/2010,ACK,MA,ANE,EN,Towers with Radar,0,18,6,0,24,0,215,35,2,252,0,233,41,2,276,0,0,0,276
01/13/2010,ACK,MA,ANE,EN,Towers with Radar,0,17,3,1,21,0,226,43,1,270,0,243,46,2,291,0,0,0,291
01/14/2010,ACK,MA,ANE,EN,Towers with Radar,0,8,4,0,12,0,197,55,2,254,0,205,59,2,266,0,0,0,266
01/15/2010,ACK,MA,ANE,EN,Towers with Radar,0,11,10,1,22,0,199,38,1,238,0,210,48,2,260,0,0,0,260
01/16/2010,ACK,MA,ANE,EN,Towers with Radar,0,5,5,0,10,0,174,46,0,220,0,179,51,0,230,0,0,0,230
01/17/2010,ACK,MA,ANE,EN,Towers with Radar,0,36,6,0,42,0,155,16,0,171,0,191,22,0,213,0,0,0,213
01/18/2010,ACK,MA,ANE,EN,Towers with Radar,0,144,9,0,153,0,17,0,0,17,0,161,9,0,170,0,0,0,170
01/19/2010,ACK,MA,ANE,EN,Towers with Radar,0,86,12,2,100,0,109,24,1,134,0,195,36,3,234,0,0,0,234
01/20/2010,ACK,MA,ANE,EN,Towers with Radar,0,91,11,3,105,0,129,15,3,147,0,220,26,6,252,0,0,0,252
01/21/2010,ACK,MA,ANE,EN,Towers with Radar,0,15,4,1,20,0,174,60,1,235,0,189,64,2,255,0,0,0,255
01/22/2010,ACK,MA,ANE,EN,Towers with Radar,0,25,5,0,30,0,206,32,4,242,0,231,37,4,272,0,2,2,274
01/23/2010,ACK,MA,ANE,EN,Towers with Radar,0,7,2,0,9,0,154,67,0,221,0,161,69,0,230,0,0,0,230
01/24/2010,ACK,MA,ANE,EN,Towers with Radar,0,18,5,0,23,0,191,30,0,221,0,209,35,0,244,0,0,0,244
01/25/2010,ACK,MA,ANE,EN,Towers with Radar,0,32,1,0,33,0,89,2,0,91,0,121,3,0,124,0,0,0,124
01/26/2010,ACK,MA,ANE,EN,Towers with Radar,0,21,13,0,34,0,226,31,0,257,0,247,44,0,291,0,0,0,291
01/27/2010,ACK,MA,ANE,EN,Towers with Radar,0,12,6,0,18,0,246,54,2,302,0,258,60,2,320,0,0,0,320
01/28/2010,ACK,MA,ANE,EN,Towers with Radar,0,28,6,3,37,0,204,47,6,257,0,232,53,9,294,0,0,0,294
01/29/2010,ACK,MA,ANE,EN,Towers with Radar,0,10,1,0,11,0,217,19,0,236,0,227,20,0,247,0,0,0,247
01/30/2010,ACK,MA,ANE,EN,Towers with Radar,0,12,7,0,19,0,145,25,0,170,0,157,32,0,189,0,0,0,189
01/31/2010,ACK,MA,ANE,EN,Towers with Radar,0,8,2,0,10,0,173,15,0,188,0,181,17,0,198,0,0,0,198
02/01/2010,ACK,MA,ANE,EN,Towers with Radar,0,11,7,0,18,0,203,43,8,254,0,214,50,8,272,0,0,0,272
02/02/2010,ACK,MA,ANE,EN,Towers with Radar,0,12,9,0,21,0,218,37,0,255,0,230,46,0,276,1,6,7,283
02/03/2010,ACK,MA,ANE,EN,Towers with Radar,0,120,15,0,135,0,75,16,0,91,0,195,31,0,226,0,0,0,226
02/04/2010,ACK,MA,ANE,EN,Towers with Radar,0,17,2,0,19,0,234,28,2,264,0,251,30,2,283,0,0,0,283
02/05/2010,ACK,MA,ANE,EN,Towers with Radar,0,14,3,0,17,0,217,57,6,280,0,231,60,6,297,6,0,6,303
02/06/2010,ACK,MA,ANE,EN,Towers with Radar,0,20,2,0,22,0,114,16,0,130,0,134,18,0,152,0,0,0,152
02/07/2010,ACK,MA,ANE,EN,Towers with Radar,0,5,4,0,9,0,130,17,0,147,0,135,21,0,156,0,0,0,156
02/08/2010,ACK,MA,ANE,EN,Towers with Radar,0,15,2,0,17,0,195,35,0,230,0,210,37,0,247,0,0,0,247
02/09/2010,ACK,MA,ANE,EN,Towers with Radar,0,9,1,0,10,0,219,53,0,272,0,228,54,0,282,0,0,0,282
02/10/2010,ACK,MA,ANE,EN,Towers with Radar,0,39,4,0,43,0,46,10,0,56,0,85,14,0,99,0,0,0,99
02/11/2010,ACK,MA,ANE,EN,Towers with Radar,0,12,3,0,15,0,114,21,0,135,0,126,24,0,150,0,0,0,150
02/12/2010,ACK,MA,ANE,EN,Towers with Radar,0,12,6,0,18,0,209,34,2,245,0,221,40,2,263,0,0,0,263
02/13/2010,ACK,MA,ANE,EN,Towers with Radar,0,6,3,0,9,0,169,40,0,209,0,175,43,0,218,0,0,0,218
02/14/2010,ACK,MA,ANE,EN,Towers with Radar,0,8,2,0,10,0,155,47,0,202,0,163,49,0,212,0,0,0,212
02/15/2010,ACK,MA,ANE,EN,Towers with Radar,0,10,2,0,12,0,211,43,0,254,0,221,45,0,266,0,0,0,266
02/16/2010,ACK,MA,ANE,EN,Towers with Radar,0,121,4,0,125,0,86,10,0,96,0,207,14,0,221,0,0,0,221
02/17/2010,ACK,MA,ANE,EN,Towers with Radar,0,19,1,0,20,0,197,37,0,234,0,216,38,0,254,0,0,0,254
02/18/2010,ACK,MA,ANE,EN,Towers with Radar,0,10,0,0,10,0,182,33,0,215,0,192,33,0,225,0,0,0,225
02/19/2010,ACK,MA,ANE,EN,Towers with Radar,0,25,7,0,32,0,218,52,0,270,0,243,59,0,302,0,0,0,302
02/20/2010,ACK,MA,ANE,EN,Towers with Radar,0,5,4,0,9,0,163,56,0,219,0,168,60,0,228,0,0,0,228
02/21/2010,ACK,MA,ANE,EN,Towers with Radar,0,12,1,0,13,0,198,36,0,234,0,210,37,0,247,0,0,0,247
02/22/2010,ACK,MA,ANE,EN,Towers with Radar,0,17,3,0,20,0,201,29,0,230,0,218,32,0,250,0,0,0,250
02/23/2010,ACK,MA,ANE,EN,Towers with Radar,0,22,2,2,26,0,178,23,4,205,0,200,25,6,231,0,0,0,231
02/24/2010,ACK,MA,ANE,EN,Towers with Radar,0,69,9,0,78,0,77,14,0,91,0,146,23,0,169,0,0,0,169
02/25/2010,ACK,MA,ANE,EN,Towers with Radar,0,105,9,0,114,0,3,0,0,3,0,108,9,0,117,0,0,0,117
02/26/2010,ACK,MA,ANE,EN,Towers with Radar,0,47,2,0,49,0,203,16,0,219,0,250,18,0,268,0,0,0,268
02/27/2010,ACK,MA,ANE,EN,Towers with Radar,0,69,6,0,75,0,93,11,0,104,0,162,17,0,179,0,0,0,179
02/28/2010,ACK,MA,ANE,EN,Towers with Radar,0,33,0,0,33,0,174,17,0,191,0,207,17,0,224,0,0,0,224
03/01/2010,ACK,MA,ANE,EN,Towers with Radar,0,35,3,0,38,0,118,24,0,142,0,153,27,0,180,0,0,0,180
03/02/2010,ACK,MA,ANE,EN,Towers with Radar,0,19,8,0,27,0,182,36,0,218,0,201,44,0,245,0,0,0,245
03/03/2010,ACK,MA,ANE,EN,Towers with Radar,0,84,7,0,91,0,39,10,0,49,0,123,17,0,140,0,0,0,140
03/04/2010,ACK,MA,ANE,EN,Towers with Radar,0,133,26,0,159,0,32,2,0,34,0,165,28,0,193,0,0,0,193
03/05/2010,ACK,MA,ANE,EN,Towers with Radar,0,31,7,0,38,0,121,22,0,143,0,152,29,0,181,0,0,0,181
03/06/2010,ACK,MA,ANE,EN,Towers with Radar,0,4,9,0,13,0,207,83,0,290,0,211,92,0,303,0,0,0,303
03/07/2010,ACK,MA,ANE,EN,Towers with Radar,0,9,7,0,16,0,180,76,0,256,0,189,83,0,272,0,0,0,272
03/08/2010,ACK,MA,ANE,EN,Towers with Radar,0,14,2,0,16,0,207,55,2,264,0,221,57,2,280,0,0,0,280
03/09/2010,ACK,MA,ANE,EN,Towers with Radar,0,12,5,0,17,0,204,48,0,252,0,216,53,0,269,0,0,0,269
03/10/2010,ACK,MA,ANE,EN,Towers with Radar,0,11,5,0,16,0,187,58,1,246,0,198,63,1,262,0,0,0,262
03/11/2010,ACK,MA,ANE,EN,Towers with Radar,0,15,3,4,22,0,198,36,4,238,0,213,39,8,260,0,0,0,260
03/12/2010,ACK,MA,ANE,EN,Towers with Radar,0,14,13,0,27,0,221,44,0,265,0,235,57,0,292,0,0,0,292
03/13/2010,ACK,MA,ANE,EN,Towers with Radar,0,71,6,0,77,0,54,10,0,64,0,125,16,0,141,0,0,0,141
03/14/2010,ACK,MA,ANE,EN,Towers with Radar,0,58,16,0,74,0,0,0,0,0,0,58,16,0,74,0,0,0,74
03/15/2010,ACK,MA,ANE,EN,Towers with Radar,0,171,18,0,189,0,0,0,0,0,0,171,18,0,189,0,0,0,189
03/16/2010,ACK,MA,ANE,EN,Towers with Radar,0,10,3,0,13,0,234,34,0,268,0,244,37,0,281,0,0,0,281
03/17/2010,ACK,MA,ANE,EN,Towers with Radar,0,10,2,0,12,0,232,62,0,294,0,242,64,0,306,0,0,0,306
03/18/2010,ACK,MA,ANE,EN,Towers with Radar,0,9,9,0,18,0,215,42,13,270,0,224,51,13,288,0,0,0,288
03/19/2010,ACK,MA,ANE,EN,Towers with Radar,0,10,8,0,18,0,211,62,8,281,0,221,70,8,299,8,0,8,307
03/20/2010,ACK,MA,ANE,EN,Towers with Radar,0,2,10,0,12,0,166,98,0,264,0,168,108,0,276,0,0,0,276
03/21/2010,ACK,MA,ANE,EN,Towers with Radar,0,22,9,0,31,0,172,63,0,235,0,194,72,0,266,0,0,0,266
03/22/2010,ACK,MA,ANE,EN,Towers with Radar,0,180,18,1,199,0,17,5,0,22,0,197,23,1,221,0,0,0,221
03/23/2010,ACK,MA,ANE,EN,Towers with Radar,0,140,19,0,159,0,0,0,0,0,0,140,19,0,159,0,0,0,159
03/24/2010,ACK,MA,ANE,EN,Towers with Radar,0,33,5,0,38,0,183,42,0,225,0,216,47,0,263,0,0,0,263
03/25/2010,ACK,MA,ANE,EN,Towers with Radar,0,12,4,0,16,0,215,49,0,264,0,227,53,0,280,0,0,0,280
03/26/2010,ACK,MA,ANE,EN,Towers with Radar,0,85,12,0,97,0,89,3,0,92,0,174,15,0,189,0,0,0,189
03/27/2010,ACK,MA,ANE,EN,Towers with Radar,0,6,13,0,19,0,172,63,4,239,0,178,76,4,258,0,0,0,258
03/28/2010,ACK,MA,ANE,EN,Towers with Radar,0,12,3,0,15,0,187,37,0,224,0,199,40,0,239,0,0,0,239
03/29/2010,ACK,MA,ANE,EN,Towers with Radar,0,43,7,0,50,0,147,19,0,166,0,190,26,0,216,0,0,0,216
03/30/2010,ACK,MA,ANE,EN,Towers with Radar,0,118,16,0,134,0,0,0,0,0,0,118,16,0,134,0,0,0,134
03/31/2010,ACK,MA,ANE,EN,Towers with Radar,0,94,16,0,110,0,140,18,0,158,0,234,34,0,268,0,0,0,268
04/01/2010,ACK,MA,ANE,EN,Towers with Radar,0,65,18,0,83,0,155,29,0,184,0,220,47,0,267,0,0,0,267
04/02/2010,ACK,MA,ANE,EN,Towers with Radar,0,36,12,0,48,0,193,52,0,245,0,229,64,0,293,0,0,0,293
04/03/2010,ACK,MA,ANE,EN,Towers with Radar,0,106,29,0,135,0,9,5,0,14,0,115,34,0,149,0,0,0,149
04/04/2010,ACK,MA,ANE,EN,Towers with Radar,0,99,8,0,107,0,97,12,0,109,0,196,20,0,216,0,0,0,216
04/05/2010,ACK,MA,ANE,EN,Towers with Radar,0,11,11,0,22,0,194,34,0,228,0,205,45,0,250,0,0,0,250
04/06/2010,ACK,MA,ANE,EN,Towers with Radar,0,54,7,1,62,0,177,43,1,221,0,231,50,2,283,0,0,0,283
04/07/2010,ACK,MA,ANE,EN,Towers with Radar,0,15,5,0,20,0,217,67,0,284,0,232,72,0,304,0,0,0,304
04/08/2010,ACK,MA,ANE,EN,Towers with Radar,0,71,6,0,77,0,174,35,0,209,0,245,41,0,286,0,0,0,286
04/09/2010,ACK,MA,ANE,EN,Towers with Radar,0,165,15,0,180,0,0,0,0,0,0,165,15,0,180,0,0,0,180
04/10/2010,ACK,MA,ANE,EN,Towers with Radar,0,6,6,0,12,0,207,49,0,256,0,213,55,0,268,2,0,2,270
04/11/2010,ACK,MA,ANE,EN,Towers with Radar,0,15,6,0,21,0,178,50,0,228,0,193,56,0,249,6,0,6,255
04/12/2010,ACK,MA,ANE,EN,Towers with Radar,0,21,1,0,22,0,197,58,2,257,0,218,59,2,279,4,0,4,283
04/13/2010,ACK,MA,ANE,EN,Towers with Radar,0,16,3,0,19,0,209,40,0,249,0,225,43,0,268,0,0,0,268
04/14/2010,ACK,MA,ANE,EN,Towers with Radar,0,11,6,0,17,0,203,62,0,265,0,214,68,0,282,0,12,12,294
04/15/2010,ACK,MA,ANE,EN,Towers with Radar,0,15,5,0,20,0,203,52,0,255,0,218,57,0,275,0,0,0,275
04/16/2010,ACK,MA,ANE,EN,Towers with Radar,0,40,7,0,47,0,181,30,0,211,0,221,37,0,258,0,0,0,258
04/17/2010,ACK,MA,ANE,EN,Towers with Radar,0,106,12,0,118,0,10,0,0,10,0,116,12,0,128,0,0,0,128
04/18/2010,ACK,MA,ANE,EN,Towers with Radar,0,27,7,0,34,0,122,10,0,132,0,149,17,0,166,0,0,0,166
04/19/2010,ACK,MA,ANE,EN,Towers with Radar,0,12,15,0,27,0,201,30,0,231,0,213,45,0,258,0,0,0,258
04/20/2010,ACK,MA,ANE,EN,Towers with Radar,0,19,3,0,22,0,242,84,2,328,0,261,87,2,350,0,0,0,350
04/21/2010,ACK,MA,ANE,EN,Towers with Radar,0,15,12,2,29,0,231,44,4,279,0,246,56,6,308,0,6,6,314
04/22/2010,ACK,MA,ANE,EN,Towers with Radar,0,32,13,2,47,0,232,57,0,289,0,264,70,2,336,0,0,0,336
04/23/2010,ACK,MA,ANE,EN,Towers with Radar,0,63,21,0,84,0,313,74,0,387,0,376,95,0,471,0,0,0,471
04/24/2010,ACK,MA,ANE,EN,Towers with Radar,0,6,11,0,17,0,175,193,1,369,0,181,204,1,386,4,0,4,390
04/25/2010,ACK,MA,ANE,EN,Towers with Radar,0,104,32,0,136,0,236,43,0,279,0,340,75,0,415,0,0,0,415
04/26/2010,ACK,MA,ANE,EN,Towers with Radar,0,133,23,0,156,0,108,16,0,124,0,241,39,0,280,0,0,0,280
04/27/2010,ACK,MA,ANE,EN,Towers with Radar,0,125,33,0,158,0,74,21,0,95,0,199,54,0,253,0,0,0,253
04/28/2010,ACK,MA,ANE,EN,Towers with Radar,0,25,2,0,27,0,240,39,4,283,0,265,41,4,310,0,6,6,316
04/29/2010,ACK,MA,ANE,EN,Towers with Radar,0,25,9,0,34,0,224,47,8,279,0,249,56,8,313,0,0,0,313
04/30/2010,ACK,MA,ANE,EN,Towers with Radar,0,14,13,0,27,0,245,54,0,299,0,259,67,0,326,0,0,0,326
05/01/2010,ACK,MA,ANE,EN,Towers with Radar,0,11,11,0,22,0,170,75,0,245,0,181,86,0,267,0,0,0,267
05/02/2010,ACK,MA,ANE,EN,Towers with Radar,0,121,27,0,148,0,56,12,0,68,0,177,39,0,216,0,0,0,216
05/03/2010,ACK,MA,ANE,EN,Towers with Radar,0,94,7,0,101,0,123,25,0,148,0,217,32,0,249,0,0,0,249
05/04/2010,ACK,MA,ANE,EN,Towers with Radar,0,22,9,0,31,0,238,52,0,290,0,260,61,0,321,0,0,0,321
05/05/2010,ACK,MA,ANE,EN,Towers with Radar,0,20,12,0,32,0,243,74,0,317,0,263,86,0,349,0,0,0,349
05/06/2010,ACK,MA,ANE,EN,Towers with Radar,0,179,24,0,203,0,2,5,0,7,0,181,29,0,210,0,0,0,210
05/07/2010,ACK,MA,ANE,EN,Towers with Radar,0,15,13,0,28,0,260,82,2,344,0,275,95,2,372,0,0,0,372
05/08/2010,ACK,MA,ANE,EN,Towers with Radar,0,114,16,0,130,0,28,4,0,32,0,142,20,0,162,0,0,0,162
05/09/2010,ACK,MA,ANE,EN,Towers with Radar,0,12,7,0,19,0,184,26,0,210,0,196,33,0,229,0,0,0,229
05/10/2010,ACK,MA,ANE,EN,Towers with Radar,0,21,5,1,27,0,248,43,3,294,0,269,48,4,321,0,0,0,321
05/11/2010,ACK,MA,ANE,EN,Towers with Radar,0,11,4,0,15,0,237,53,0,290,0,248,57,0,305,0,0,0,305
05/12/2010,ACK,MA,ANE,EN,Towers with Radar,0,31,8,0,39,0,207,28,2,237,0,238,36,2,276,0,0,0,276
05/13/2010,ACK,MA,ANE,EN,Towers with Radar,0,20,3,0,23,0,236,77,0,313,0,256,80,0,336,0,0,0,336
05/14/2010,ACK,MA,ANE,EN,Towers with Radar,0,185,26,0,211,0,78,12,0,90,0,263,38,0,301,0,0,0,301
05/15/2010,ACK,MA,ANE,EN,Towers with Radar,0,11,6,0,17,0,216,64,0,280,0,227,70,0,297,0,42,42,339
05/16/2010,ACK,MA,ANE,EN,Towers with Radar,0,10,16,0,26,0,236,111,0,347,0,246,127,0,373,2,0,2,375
05/17/2010,ACK,MA,ANE,EN,Towers with Radar,0,15,7,0,22,0,239,60,2,301,0,254,67,2,323,0,0,0,323
05/18/2010,ACK,MA,ANE,EN,Towers with Radar,0,27,9,0,36,0,226,28,6,260,0,253,37,6,296,0,0,0,296
05/19/2010,ACK,MA,ANE,EN,Towers with Radar,0,194,32,0,226,0,0,0,0,0,0,194,32,0,226,0,0,0,226
05/20/2010,ACK,MA,ANE,EN,Towers with Radar,0,31,21,0,52,0,305,89,2,396,0,336,110,2,448,0,0,0,448
05/21/2010,ACK,MA,ANE,EN,Towers with Radar,0,33,19,0,52,0,327,110,1,438,0,360,129,1,490,0,0,0,490
05/22/2010,ACK,MA,ANE,EN,Towers with Radar,0,16,15,0,31,0,208,79,0,287,0,224,94,0,318,0,0,0,318
05/23/2010,ACK,MA,ANE,EN,Towers with Radar,0,239,71,0,310,0,122,7,0,129,0,361,78,0,439,0,0,0,439
05/24/2010,ACK,MA,ANE,EN,Towers with Radar,0,58,27,0,85,0,221,51,0,272,0,279,78,0,357,4,0,4,361
05/25/2010,ACK,MA,ANE,EN,Towers with Radar,0,51,22,0,73,0,251,63,2,316,0,302,85,2,389,8,0,8,397
05/26/2010,ACK,MA,ANE,EN,Towers with Radar,0,18,11,0,29,0,299,96,0,395,0,317,107,0,424,0,0,0,424
05/27/2010,ACK,MA,ANE,EN,Towers with Radar,2,120,51,0,173,0,212,79,4,295,2,332,130,4,468,0,0,0,468
05/28/2010,ACK,MA,ANE,EN,Towers with Radar,2,63,77,0,142,0,534,161,0,695,2,597,238,0,837,0,0,0,837
05/29/2010,ACK,MA,ANE,EN,Towers with Radar,2,33,22,1,58,0,232,72,1,305,2,265,94,2,363,0,0,0,363
05/30/2010,ACK,MA,ANE,EN,Towers with Radar,2,51,14,2,69,0,183,87,0,270,2,234,101,2,339,0,0,0,339
05/31/2010,ACK,MA,ANE,EN,Towers with Radar,2,278,179,0,459,0,239,55,0,294,2,517,234,0,753,0,0,0,753
06/01/2010,ACK,MA,ANE,EN,Towers with Radar,2,205,33,0,240,0,98,27,0,125,2,303,60,0,365,0,0,0,365
06/02/2010,ACK,MA,ANE,EN,Towers with Radar,0,187,48,0,235,0,16,10,0,26,0,203,58,0,261,0,0,0,261
06/03/2010,ACK,MA,ANE,EN,Towers with Radar,2,120,31,0,153,0,0,0,0,0,2,120,31,0,153,0,0,0,153
06/04/2010,ACK,MA,ANE,EN,Towers with Radar,2,122,42,0,166,0,180,65,0,245,2,302,107,0,411,0,0,0,411
06/05/2010,ACK,MA,ANE,EN,Towers with Radar,0,103,23,0,126,0,0,0,0,0,0,103,23,0,126,0,0,0,126
06/06/2010,ACK,MA,ANE,EN,Towers with Radar,2,178,32,0,212,0,38,6,0,44,2,216,38,0,256,0,0,0,256
06/07/2010,ACK,MA,ANE,EN,Towers with Radar,2,22,18,0,42,0,257,93,0,350,2,279,111,0,392,0,0,0,392
06/08/2010,ACK,MA,ANE,EN,Towers with Radar,0,23,9,0,32,0,275,66,8,349,0,298,75,8,381,0,0,0,381
06/09/2010,ACK,MA,ANE,EN,Towers with Radar,0,30,14,2,46,0,261,56,2,319,0,291,70,4,365,0,0,0,365
06/10/2010,ACK,MA,ANE,EN,Towers with Radar,2,270,37,0,309,0,0,0,0,0,2,270,37,0,309,0,0,0,309
06/11/2010,ACK,MA,ANE,EN,Towers with Radar,2,69,50,0,121,0,312,110,0,422,2,381,160,0,543,0,0,0,543
06/12/2010,ACK,MA,ANE,EN,Towers with Radar,2,110,30,0,142,0,123,52,0,175,2,233,82,0,317,0,0,0,317
06/13/2010,ACK,MA,ANE,EN,Towers with Radar,2,279,66,4,351,0,0,0,0,0,2,279,66,4,351,0,0,0,351
06/14/2010,ACK,MA,ANE,EN,Towers with Radar,4,226,48,0,278,0,87,12,0,99,4,313,60,0,377,0,0,0,377
06/15/2010,ACK,MA,ANE,EN,Towers with Radar,0,43,16,0,59,0,266,98,16,380,0,309,114,16,439,0,0,0,439
06/16/2010,ACK,MA,ANE,EN,Towers with Radar,0,54,33,0,87,0,291,80,0,371,0,345,113,0,458,4,0,4,462
06/17/2010,ACK,MA,ANE,EN,Towers with Radar,2,228,62,2,294,0,102,27,0,129,2,330,89,2,423,0,0,0,423
06/18/2010,ACK,MA,ANE,EN,Towers with Radar,4,59,49,0,112,0,304,98,0,402,4,363,147,0,514,0,2,2,516
06/19/2010,ACK,MA,ANE,EN,Towers with Radar,4,56,24,0,84,0,251,155,0,406,4,307,179,0,490,0,0,0,490
06/20/2010,ACK,MA,ANE,EN,Towers with Radar,4,243,105,0,352,0,92,32,0,124,4,335,137,0,476,0,0,0,476
06/21/2010,ACK,MA,ANE,EN,Towers with Radar,4,92,36,0,132,0,300,104,2,406,4,392,140,2,538,0,0,0,538
06/22/2010,ACK,MA,ANE,EN,Towers with Radar,2,59,24,2,87,0,326,83,2,411,2,385,107,4,498,6,0,6,504
06/23/2010,ACK,MA,ANE,EN,Towers with Radar,2,234,58,0,294,0,91,19,0,110,2,325,77,0,404,0,0,0,404
06/24/2010,ACK,MA,ANE,EN,Towers with Radar,2,76,65,0,143,0,295,58,0,353,2,371,123,0,496,0,0,0,496
06/25/2010,ACK,MA,ANE,EN,Towers with Radar,4,83,38,4,129,0,401,153,1,555,4,484,191,5,684,0,0,0,684
06/26/2010,ACK,MA,ANE,EN,Towers with Radar,4,91,35,0,130,0,178,94,0,272,4,269,129,0,402,6,0,6,408
06/27/2010,ACK,MA,ANE,EN,Towers with Radar,6,147,84,0,237,0,39,8,0,47,6,186,92,0,284,0,0,0,284
06/28/2010,ACK,MA,ANE,EN,Towers with Radar,4,262,82,0,348,0,89,37,0,126,4,351,119,0,474,0,0,0,474
06/29/2010,ACK,MA,ANE,EN,Towers with Radar,2,113,40,0,155,0,238,92,0,330,2,351,132,0,485,0,0,0,485
06/30/2010,ACK,MA,ANE,EN,Towers with Radar,2,56,47,0,105,0,325,139,6,470,2,381,186,6,575,0,0,0,575
07/01/2010,ACK,MA,ANE,EN,Towers with Radar,5,137,82,6,230,0,417,158,2,577,5,554,240,8,807,0,0,0,807
07/02/2010,ACK,MA,ANE,EN,Towers with Radar,4,128,65,0,197,0,472,216,0,688,4,600,281,0,885,0,0,0,885
07/03/2010,ACK,MA,ANE,EN,Towers with Radar,4,70,35,0,109,0,285,147,0,432,4,355,182,0,541,0,0,0,541
07/04/2010,ACK,MA,ANE,EN,Towers with Radar,4,38,19,0,61,0,191,106,0,297,4,229,125,0,358,2,0,2,360
07/05/2010,ACK,MA,ANE,EN,Towers with Radar,4,109,65,0,178,0,457,212,0,669,4,566,277,0,847,0,0,0,847
07/06/2010,ACK,MA,ANE,EN,Towers with Radar,4,69,51,0,124,0,397,125,0,522,4,466,176,0,646,14,0,14,660
07/07/2010,ACK,MA,ANE,EN,Towers with Radar,4,77,30,0,111,0,312,116,0,428,4,389,146,0,539,8,0,8,547
07/08/2010,ACK,MA,ANE,EN,Towers with Radar,5,147,31,2,185,0,247,99,2,348,5,394,130,4,533,10,0,10,543
07/09/2010,ACK,MA,ANE,EN,Towers with Radar,8,376,124,0,508,0,62,10,0,72,8,438,134,0,580,0,0,0,580
07/10/2010,ACK,MA,ANE,EN,Towers with Radar,4,206,43,0,253,0,121,37,0,158,4,327,80,0,411,0,0,0,411
07/11/2010,ACK,MA,ANE,EN,Towers with Radar,4,229,92,0,325,0,154,74,0,228,4,383,166,0,553,0,0,0,553
07/12/2010,ACK,MA,ANE,EN,Towers with Radar,4,164,66,0,234,0,256,82,0,338,4,420,148,0,572,0,10,10,582
07/13/2010,ACK,MA,ANE,EN,Towers with Radar,4,216,64,0,284,0,146,64,0,210,4,362,128,0,494,0,0,0,494
07/14/2010,ACK,MA,ANE,EN,Towers with Radar,4,316,54,0,374,0,6,0,0,6,4,322,54,0,380,0,0,0,380
07/15/2010,ACK,MA,ANE,EN,Towers with Radar,4,401,97,0,502,0,0,0,0,0,4,401,97,0,502,0,0,0,502
07/16/2010,ACK,MA,ANE,EN,Towers with Radar,4,291,130,4,429,0,198,73,0,271,4,489,203,4,700,0,0,0,700
07/17/2010,ACK,MA,ANE,EN,Towers with Radar,4,98,46,0,148,0,255,86,0,341,4,353,132,0,489,0,0,0,489
07/18/2010,ACK,MA,ANE,EN,Towers with Radar,4,175,67,0,246,0,320,146,0,466,4,495,213,0,712,0,0,0,712
07/19/2010,ACK,MA,ANE,EN,Towers with Radar,4,206,70,0,280,0,120,48,0,168,4,326,118,0,448,0,0,0,448
07/20/2010,ACK,MA,ANE,EN,Towers with Radar,4,141,46,0,191,0,287,98,0,385,4,428,144,0,576,0,0,0,576
07/21/2010,ACK,MA,ANE,EN,Towers with Radar,6,213,68,0,287,0,103,30,0,133,6,316,98,0,420,0,0,0,420
07/22/2010,ACK,MA,ANE,EN,Towers with Radar,4,105,51,5,165,0,355,115,4,474,4,460,166,9,639,0,0,0,639
07/23/2010,ACK,MA,ANE,EN,Towers with Radar,6,165,116,4,291,0,279,67,0,346,6,444,183,4,637,0,0,0,637
07/24/2010,ACK,MA,ANE,EN,Towers with Radar,4,213,80,0,297,0,109,38,0,147,4,322,118,0,444,0,0,0,444
07/25/2010,ACK,MA,ANE,EN,Towers with Radar,4,116,77,0,197,0,349,102,0,451,4,465,179,0,648,0,0,0,648
07/26/2010,ACK,MA,ANE,EN,Towers with Radar,4,89,26,0,119,0,309,114,6,429,4,398,140,6,548,0,0,0,548
07/27/2010,ACK,MA,ANE,EN,Towers with Radar,4,65,39,0,108,0,313,130,0,443,4,378,169,0,551,12,0,12,563
07/28/2010,ACK,MA,ANE,EN,Towers with Radar,4,53,51,0,108,0,369,85,3,457,4,422,136,3,565,0,0,0,565
07/29/2010,ACK,MA,ANE,EN,Towers with Radar,4,302,87,0,393,0,157,55,2,214,4,459,142,2,607,0,0,0,607
07/30/2010,ACK,MA,ANE,EN,Towers with Radar,4,93,47,0,144,0,425,159,9,593,4,518,206,9,737,0,0,0,737
07/31/2010,ACK,MA,ANE,EN,Towers with Radar,4,90,43,0,137,0,249,101,0,350,4,339,144,0,487,0,0,0,487
08/01/2010,ACK,MA,ANE,EN,Towers with Radar,4,95,87,0,186,0,358,98,2,458,4,453,185,2,644,0,0,0,644
08/02/2010,ACK,MA,ANE,EN,Towers with Radar,4,81,38,0,123,0,400,118,1,519,4,481,156,1,642,0,0,0,642
08/03/2010,ACK,MA,ANE,EN,Towers with Radar,4,81,32,0,117,0,332,111,0,443,4,413,143,0,560,6,0,6,566
08/04/2010,ACK,MA,ANE,EN,Towers with Radar,5,128,51,0,184,0,289,84,1,374,5,417,135,1,558,0,0,0,558
08/05/2010,ACK,MA,ANE,EN,Towers with Radar,4,299,85,0,388,0,42,11,0,53,4,341,96,0,441,0,0,0,441
08/06/2010,ACK,MA,ANE,EN,Towers with Radar,4,93,99,2,198,0,394,122,0,516,4,487,221,2,714,0,0,0,714
08/07/2010,ACK,MA,ANE,EN,Towers with Radar,4,67,45,0,116,0,318,155,0,473,4,385,200,0,589,0,0,0,589
08/08/2010,ACK,MA,ANE,EN,Towers with Radar,4,90,85,0,179,0,284,153,0,437,4,374,238,0,616,0,0,0,616
08/09/2010,ACK,MA,ANE,EN,Towers with Radar,6,212,77,0,295,0,186,56,0,242,6,398,133,0,537,0,0,0,537
08/10/2010,ACK,MA,ANE,EN,Towers with Radar,4,152,48,0,204,0,257,82,0,339,4,409,130,0,543,0,0,0,543
08/11/2010,ACK,MA,ANE,EN,Towers with Radar,2,198,48,0,248,0,227,100,8,335,2,425,148,8,583,0,0,0,583
08/12/2010,ACK,MA,ANE,EN,Towers with Radar,4,93,51,0,148,0,341,108,2,451,4,434,159,2,599,0,0,0,599
08/13/2010,ACK,MA,ANE,EN,Towers with Radar,5,146,62,0,213,0,385,171,0,556,5,531,233,0,769,0,0,0,769
08/14/2010,ACK,MA,ANE,EN,Towers with Radar,4,92,52,0,148,0,348,159,0,507,4,440,211,0,655,0,0,0,655
08/15/2010,ACK,MA,ANE,EN,Towers with Radar,4,135,87,0,226,0,378,182,0,560,4,513,269,0,786,0,0,0,786
08/16/2010,ACK,MA,ANE,EN,Towers with Radar,4,212,94,0,310,0,258,77,0,335,4,470,171,0,645,0,0,0,645
08/17/2010,ACK,MA,ANE,EN,Towers with Radar,4,341,81,0,426,0,47,19,0,66,4,388,100,0,492,0,0,0,492
08/18/2010,ACK,MA,ANE,EN,Towers with Radar,4,77,46,0,127,0,302,108,12,422,4,379,154,12,549,3,0,3,552
08/19/2010,ACK,MA,ANE,EN,Towers with Radar,6,179,80,0,265,0,278,94,0,372,6,457,174,0,637,0,0,0,637
08/20/2010,ACK,MA,ANE,EN,Towers with Radar,4,160,98,0,262,0,331,75,0,406,4,491,173,0,668,0,0,0,668
08/21/2010,ACK,MA,ANE,EN,Towers with Radar,4,130,103,0,237,0,231,64,1,296,4,361,167,1,533,0,0,0,533
08/22/2010,ACK,MA,ANE,EN,Towers with Radar,4,190,128,0,322,0,229,55,0,284,4,419,183,0,606,0,0,0,606
08/23/2010,ACK,MA,ANE,EN,Towers with Radar,4,254,75,0,333,0,0,0,0,0,4,254,75,0,333,0,0,0,333
08/24/2010,ACK,MA,ANE,EN,Towers with Radar,4,317,72,0,393,0,0,0,0,0,4,317,72,0,393,0,0,0,393
08/25/2010,ACK,MA,ANE,EN,Towers with Radar,4,218,56,0,278,0,71,16,0,87,4,289,72,0,365,0,0,0,365
08/26/2010,ACK,MA,ANE,EN,Towers with Radar,2,130,78,0,210,0,306,65,0,371,2,436,143,0,581,0,0,0,581
08/27/2010,ACK,MA,ANE,EN,Towers with Radar,4,108,94,0,206,0,379,90,0,469,4,487,184,0,675,0,0,0,675
08/28/2010,ACK,MA,ANE,EN,Towers with Radar,4,63,102,0,169,0,295,70,0,365,4,358,172,0,534,0,0,0,534
08/29/2010,ACK,MA,ANE,EN,Towers with Radar,4,87,89,0,180,0,300,110,0,410,4,387,199,0,590,0,0,0,590
08/30/2010,ACK,MA,ANE,EN,Towers with Radar,4,46,33,0,83,0,339,120,2,461,4,385,153,2,544,0,0,0,544
08/31/2010,ACK,MA,ANE,EN,Towers with Radar,4,51,41,0,96,0,347,104,0,451,4,398,145,0,547,0,0,0,547
09/01/2010,ACK,MA,ANE,EN,Towers with Radar,4,59,25,0,88,0,359,132,4,495,4,418,157,4,583,12,0,12,595
09/02/2010,ACK,MA,ANE,EN,Towers with Radar,2,128,46,0,176,0,341,157,0,498,2,469,203,0,674,12,0,12,686
09/03/2010,ACK,MA,ANE,EN,Towers with Radar,2,167,38,0,207,0,40,6,0,46,2,207,44,0,253,0,0,0,253
09/04/2010,ACK,MA,ANE,EN,Towers with Radar,4,54,35,0,93,0,256,79,4,339,4,310,114,4,432,0,0,0,432
09/05/2010,ACK,MA,ANE,EN,Towers with Radar,5,56,22,0,83,0,233,95,0,328,5,289,117,0,411,0,0,0,411
09/06/2010,ACK,MA,ANE,EN,Towers with Radar,2,101,69,0,172,0,388,140,0,528,2,489,209,0,700,0,0,0,700
09/07/2010,ACK,MA,ANE,EN,Towers with Radar,4,41,40,0,85,0,376,110,4,490,4,417,150,4,575,0,0,0,575
09/08/2010,ACK,MA,ANE,EN,Towers with Radar,2,73,15,2,92,0,206,47,0,253,2,279,62,2,345,0,0,0,345
09/09/2010,ACK,MA,ANE,EN,Towers with Radar,2,32,17,0,51,0,287,72,0,359,2,319,89,0,410,0,0,0,410
09/10/2010,ACK,MA,ANE,EN,Towers with Radar,2,39,33,0,74,0,330,101,2,433,2,369,134,2,507,0,0,0,507
09/11/2010,ACK,MA,ANE,EN,Towers with Radar,2,28,20,0,50,0,226,86,0,312,2,254,106,0,362,0,0,0,362
09/12/2010,ACK,MA,ANE,EN,Towers with Radar,2,100,60,0,162,0,265,74,0,339,2,365,134,0,501,0,0,0,501
09/13/2010,ACK,MA,ANE,EN,Towers with Radar,2,75,29,0,106,0,243,50,0,293,2,318,79,0,399,0,0,0,399
09/14/2010,ACK,MA,ANE,EN,Towers with Radar,0,62,20,2,84,0,228,65,0,293,0,290,85,2,377,11,0,11,388
09/15/2010,ACK,MA,ANE,EN,Towers with Radar,0,33,14,0,47,0,270,85,8,363,0,303,99,8,410,0,0,0,410
09/16/2010,ACK,MA,ANE,EN,Towers with Radar,2,34,23,0,59,0,277,73,2,352,2,311,96,2,411,0,0,0,411
09/17/2010,ACK,MA,ANE,EN,Towers with Radar,2,278,82,2,364,0,41,0,2,43,2,319,82,4,407,0,0,0,407
09/18/2010,ACK,MA,ANE,EN,Towers with Radar,2,18,23,0,43,0,225,103,0,328,2,243,126,0,371,0,0,0,371
09/19/2010,ACK,MA,ANE,EN,Towers with Radar,2,49,33,0,84,0,308,122,0,430,2,357,155,0,514,0,0,0,514
09/20/2010,ACK,MA,ANE,EN,Towers with Radar,2,92,23,0,117,0,247,45,0,292,2,339,68,0,409,0,0,0,409
09/21/2010,ACK,MA,ANE,EN,Towers with Radar,0,18,6,1,25,0,291,58,5,354,0,309,64,6,379,0,0,0,379
09/22/2010,ACK,MA,ANE,EN,Towers with Radar,0,67,22,0,89,0,240,49,0,289,0,307,71,0,378,0,0,0,378
09/23/2010,ACK,MA,ANE,EN,Towers with Radar,2,20,24,0,46,0,288,66,0,354,2,308,90,0,400,2,0,2,402
09/24/2010,ACK,MA,ANE,EN,Towers with Radar,2,166,68,6,242,0,68,16,0,84,2,234,84,6,326,0,0,0,326
09/25/2010,ACK,MA,ANE,EN,Towers with Radar,2,38,21,0,61,0,209,76,0,285,2,247,97,0,346,0,0,0,346
09/26/2010,ACK,MA,ANE,EN,Towers with Radar,2,187,52,0,241,0,127,63,0,190,2,314,115,0,431,0,0,0,431
09/27/2010,ACK,MA,ANE,EN,Towers with Radar,0,223,30,0,253,0,41,11,0,52,0,264,41,0,305,2,0,2,307
09/28/2010,ACK,MA,ANE,EN,Towers with Radar,0,72,9,10,91,0,230,35,0,265,0,302,44,10,356,0,0,0,356
09/29/2010,ACK,MA,ANE,EN,Towers with Radar,0,218,48,0,266,0,11,1,0,12,0,229,49,0,278,0,0,0,278
09/30/2010,ACK,MA,ANE,EN,Towers with Radar,0,64,13,2,79,0,198,26,0,224,0,262,39,2,303,0,0,0,303
10/01/2010,ACK,MA,ANE,EN,Towers with Radar,0,122,12,2,136,0,133,18,0,151,0,255,30,2,287,0,0,0,287
10/02/2010,ACK,MA,ANE,EN,Towers with Radar,0,26,31,7,64,0,171,156,13,340,0,197,187,20,404,2,6,8,412
10/03/2010,ACK,MA,ANE,EN,Towers with Radar,0,70,31,1,102,0,192,50,0,242,0,262,81,1,344,0,0,0,344
10/04/2010,ACK,MA,ANE,EN,Towers with Radar,0,266,28,0,294,0,14,3,0,17,0,280,31,0,311,0,0,0,311
10/05/2010,ACK,MA,ANE,EN,Towers with Radar,0,200,26,0,226,0,0,0,0,0,0,200,26,0,226,0,0,0,226
10/06/2010,ACK,MA,ANE,EN,Towers with Radar,0,189,25,0,214,0,2,0,0,2,0,191,25,0,216,0,0,0,216
10/07/2010,ACK,MA,ANE,EN,Towers with Radar,0,70,18,0,88,0,242,56,2,300,0,312,74,2,388,0,0,0,388
10/08/2010,ACK,MA,ANE,EN,Towers with Radar,0,49,19,0,68,0,360,90,2,452,0,409,109,2,520,0,0,0,520
10/09/2010,ACK,MA,ANE,EN,Towers with Radar,0,31,24,0,55,0,231,90,0,321,0,262,114,0,376,0,0,0,376
10/10/2010,ACK,MA,ANE,EN,Towers with Radar,0,29,14,0,43,0,225,118,0,343,0,254,132,0,386,0,0,0,386
10/11/2010,ACK,MA,ANE,EN,Towers with Radar,0,47,31,0,78,0,457,142,0,599,0,504,173,0,677,0,0,0,677
10/12/2010,ACK,MA,ANE,EN,Towers with Radar,0,132,24,2,158,0,163,31,0,194,0,295,55,2,352,0,0,0,352
10/13/2010,ACK,MA,ANE,EN,Towers with Radar,0,25,4,0,29,0,263,55,0,318,0,288,59,0,347,0,0,0,347
10/14/2010,ACK,MA,ANE,EN,Towers with Radar,0,33,14,0,47,0,220,54,0,274,0,253,68,0,321,0,0,0,321
10/15/2010,ACK,MA,ANE,EN,Towers with Radar,0,93,15,0,108,0,199,32,0,231,0,292,47,0,339,0,0,0,339
10/16/2010,ACK,MA,ANE,EN,Towers with Radar,0,29,5,0,34,0,233,40,0,273,0,262,45,0,307,0,0,0,307
10/17/2010,ACK,MA,ANE,EN,Towers with Radar,0,27,9,0,36,0,252,82,0,334,0,279,91,0,370,0,0,0,370
10/18/2010,ACK,MA,ANE,EN,Towers with Radar,0,39,3,0,42,0,273,39,0,312,0,312,42,0,354,0,0,0,354
10/19/2010,ACK,MA,ANE,EN,Towers with Radar,0,20,10,0,30,0,262,65,0,327,0,282,75,0,357,0,0,0,357
10/20/2010,ACK,MA,ANE,EN,Towers with Radar,0,18,6,0,24,0,271,58,0,329,0,289,64,0,353,0,0,0,353
10/21/2010,ACK,MA,ANE,EN,Towers with Radar,0,28,9,0,37,0,231,47,2,280,0,259,56,2,317,8,0,8,325
10/22/2010,ACK,MA,ANE,EN,Towers with Radar,0,28,12,0,40,0,270,44,0,314,0,298,56,0,354,0,0,0,354
10/23/2010,ACK,MA,ANE,EN,Towers with Radar,0,7,12,0,19,0,198,43,0,241,0,205,55,0,260,0,0,0,260
10/24/2010,ACK,MA,ANE,EN,Towers with Radar,0,25,18,0,43,0,209,66,0,275,0,234,84,0,318,0,0,0,318
10/25/2010,ACK,MA,ANE,EN,Towers with Radar,0,147,15,0,162,0,143,26,2,171,0,290,41,2,333,0,0,0,333
10/26/2010,ACK,MA,ANE,EN,Towers with Radar,0,162,19,4,185,0,65,12,0,77,0,227,31,4,262,0,0,0,262
10/27/2010,ACK,MA,ANE,EN,Towers with Radar,0,170,14,0,184,0,28,3,0,31,0,198,17,0,215,0,0,0,215
10/28/2010,ACK,MA,ANE,EN,Towers with Radar,0,56,20,4,80,0,2,4,0,6,0,58,24,4,86,0,0,0,86
10/29/2010,ACK,MA,ANE,EN,Towers with Radar,0,19,12,0,31,0,273,73,2,348,0,292,85,2,379,0,0,0,379
10/30/2010,ACK,MA,ANE,EN,Towers with Radar,0,21,8,0,29,0,167,47,0,214,0,188,55,0,243,0,0,0,243
10/31/2010,ACK,MA,ANE,EN,Towers with Radar,0,10,11,0,21,0,148,41,3,192,0,158,52,3,213,0,0,0,213
11/01/2010,ACK,MA,ANE,EN,Towers with Radar,0,14,6,0,20,0,254,43,0,297,0,268,49,0,317,0,0,0,317
11/02/2010,ACK,MA,ANE,EN,Towers with Radar,0,17,6,0,23,0,215,53,8,276,0,232,59,8,299,0,0,0,299
11/03/2010,ACK,MA,ANE,EN,Towers with Radar,0,9,11,0,20,0,221,70,0,291,0,230,81,0,311,0,0,0,311
11/04/2010,ACK,MA,ANE,EN,Towers with Radar,0,91,11,0,102,0,103,6,0,109,0,194,17,0,211,0,0,0,211
11/05/2010,ACK,MA,ANE,EN,Towers with Radar,0,115,17,2,134,0,83,13,0,96,0,198,30,2,230,0,0,0,230
11/06/2010,ACK,MA,ANE,EN,Towers with Radar,0,18,6,0,24,0,162,30,0,192,0,180,36,0,216,0,0,0,216
11/07/2010,ACK,MA,ANE,EN,Towers with Radar,0,55,20,0,75,0,136,26,0,162,0,191,46,0,237,0,0,0,237
11/08/2010,ACK,MA,ANE,EN,Towers with Radar,0,88,8,0,96,0,127,28,0,155,0,215,36,0,251,0,0,0,251
11/09/2010,ACK,MA,ANE,EN,Towers with Radar,0,164,14,0,178,0,34,8,0,42,0,198,22,0,220,0,0,0,220
11/10/2010,ACK,MA,ANE,EN,Towers with Radar,0,116,3,0,119,0,113,8,0,121,0,229,11,0,240,0,0,0,240
11/11/2010,ACK,MA,ANE,EN,Towers with Radar,0,42,4,0,46,0,202,44,0,246,0,244,48,0,292,0,0,0,292
11/12/2010,ACK,MA,ANE,EN,Towers with Radar,0,15,5,0,20,0,228,52,2,282,0,243,57,2,302,2,0,2,304
11/13/2010,ACK,MA,ANE,EN,Towers with Radar,0,4,11,0,15,0,165,75,1,241,0,169,86,1,256,0,0,0,256
11/14/2010,ACK,MA,ANE,EN,Towers with Radar,0,45,7,0,52,0,162,75,2,239,0,207,82,2,291,4,0,4,295
11/15/2010,ACK,MA,ANE,EN,Towers with Radar,0,72,12,0,84,0,200,52,4,256,0,272,64,4,340,4,0,4,344
11/16/2010,ACK,MA,ANE,EN,Towers with Radar,0,195,11,0,206,0,28,0,0,28,0,223,11,0,234,0,0,0,234
11/17/2010,ACK,MA,ANE,EN,Towers with Radar,0,81,6,0,87,0,141,7,0,148,0,222,13,0,235,0,0,0,235
11/18/2010,ACK,MA,ANE,EN,Towers with Radar,0,8,5,0,13,0,218,44,0,262,0,226,49,0,275,0,6,6,281
11/19/2010,ACK,MA,ANE,EN,Towers with Radar,0,8,5,0,13,0,217,60,0,277,0,225,65,0,290,0,0,0,290
11/20/2010,ACK,MA,ANE,EN,Towers with Radar,0,11,10,0,21,0,153,25,0,178,0,164,35,0,199,0,0,0,199
11/21/2010,ACK,MA,ANE,EN,Towers with Radar,0,19,8,0,27,0,148,81,0,229,0,167,89,0,256,0,0,0,256
11/22/2010,ACK,MA,ANE,EN,Towers with Radar,0,25,5,1,31,0,218,31,4,253,0,243,36,5,284,0,28,28,312
11/23/2010,ACK,MA,ANE,EN,Towers with Radar,0,109,26,2,137,0,187,45,0,232,0,296,71,2,369,0,0,0,369
11/24/2010,ACK,MA,ANE,EN,Towers with Radar,0,136,49,0,185,0,218,40,0,258,0,354,89,0,443,0,0,0,443
11/25/2010,ACK,MA,ANE,EN,Towers with Radar,0,44,4,4,52,0,99,16,0,115,0,143,20,4,167,0,0,0,167
11/26/2010,ACK,MA,ANE,EN,Towers with Radar,0,129,24,0,153,0,58,7,0,65,0,187,31,0,218,0,0,0,218
11/27/2010,ACK,MA,ANE,EN,Towers with Radar,0,72,15,0,87,0,134,25,0,159,0,206,40,0,246,0,0,0,246
11/28/2010,ACK,MA,ANE,EN,Towers with Radar,0,99,42,0,141,0,210,81,0,291,0,309,123,0,432,0,0,0,432
11/29/2010,ACK,MA,ANE,EN,Towers with Radar,0,63,16,3,82,0,187,31,1,219,0,250,47,4,301,0,8,8,309
11/30/2010,ACK,MA,ANE,EN,Towers with Radar,0,23,4,4,31,0,211,50,16,277,0,234,54,20,308,0,0,0,308
12/01/2010,ACK,MA,ANE,EN,Towers with Radar,0,27,7,2,36,0,207,26,2,235,0,234,33,4,271,0,0,0,271
12/02/2010,ACK,MA,ANE,EN,Towers with Radar,0,31,23,2,56,0,242,71,8,321,0,273,94,10,377,0,0,0,377
12/03/2010,ACK,MA,ANE,EN,Towers with Radar,0,57,43,0,100,0,314,102,0,416,0,371,145,0,516,0,0,0,516
12/04/2010,ACK,MA,ANE,EN,Towers with Radar,0,20,24,0,44,0,198,149,0,347,0,218,173,0,391,0,0,0,391
12/05/2010,ACK,MA,ANE,EN,Towers with Radar,0,77,60,0,137,0,306,75,0,381,0,383,135,0,518,0,0,0,518
12/06/2010,ACK,MA,ANE,EN,Towers with Radar,0,35,11,4,50,0,261,55,0,316,0,296,66,4,366,0,2,2,368
12/07/2010,ACK,MA,ANE,EN,Towers with Radar,0,20,7,0,27,0,231,48,0,279,0,251,55,0,306,0,0,0,306
12/08/2010,ACK,MA,ANE,EN,Towers with Radar,0,9,2,0,11,0,225,44,0,269,0,234,46,0,280,0,0,0,280
12/09/2010,ACK,MA,ANE,EN,Towers with Radar,0,9,6,0,15,0,202,27,0,229,0,211,33,0,244,0,0,0,244
12/10/2010,ACK,MA,ANE,EN,Towers with Radar,0,18,3,0,21,0,175,34,0,209,0,193,37,0,230,0,0,0,230
12/11/2010,ACK,MA,ANE,EN,Towers with Radar,0,11,9,0,20,0,138,79,0,217,0,149,88,0,237,0,0,0,237
12/12/2010,ACK,MA,ANE,EN,Towers with Radar,0,48,2,0,50,0,153,23,0,176,0,201,25,0,226,0,0,0,226
12/13/2010,ACK,MA,ANE,EN,Towers with Radar,0,110,7,0,117,0,126,11,0,137,0,236,18,0,254,0,0,0,254
12/14/2010,ACK,MA,ANE,EN,Towers with Radar,0,22,8,4,34,0,195,22,28,245,0,217,30,32,279,0,0,0,279
12/15/2010,ACK,MA,ANE,EN,Towers with Radar,0,9,3,0,12,0,208,36,0,244,0,217,39,0,256,2,0,2,258
12/16/2010,ACK,MA,ANE,EN,Towers with Radar,0,17,3,0,20,0,197,40,0,237,0,214,43,0,257,20,6,26,283
12/17/2010,ACK,MA,ANE,EN,Towers with Radar,0,12,5,1,18,0,189,39,1,229,0,201,44,2,247,0,0,0,247
12/18/2010,ACK,MA,ANE,EN,Towers with Radar,0,5,13,0,18,0,158,41,0,199,0,163,54,0,217,0,0,0,217
12/19/2010,ACK,MA,ANE,EN,Towers with Radar,0,35,3,0,38,0,140,36,1,177,0,175,39,1,215,0,0,0,215
12/20/2010,ACK,MA,ANE,EN,Towers with Radar,0,11,0,0,11,0,0,0,0,0,0,11,0,0,11,0,0,0,11
12/21/2010,ACK,MA,ANE,EN,Towers with Radar,0,67,5,0,72,0,80,13,0,93,0,147,18,0,165,0,0,0,165
12/22/2010,ACK,MA,ANE,EN,Towers with Radar,0,49,9,2,60,0,177,23,0,200,0,226,32,2,260,0,0,0,260
12/23/2010,ACK,MA,ANE,EN,Towers with Radar,0,111,8,0,119,0,60,8,0,68,0,171,16,0,187,0,0,0,187
12/24/2010,ACK,MA,ANE,EN,Towers with Radar,0,12,2,1,15,0,179,37,1,217,0,191,39,2,232,0,0,0,232
12/25/2010,ACK,MA,ANE,EN,Towers with Radar,0,5,0,0,5,0,109,3,0,112,0,114,3,0,117,0,0,0,117
12/26/2010,ACK,MA,ANE,EN,Towers with Radar,0,43,4,0,47,0,34,3,0,37,0,77,7,0,84,0,0,0,84
12/27/2010,ACK,MA,ANE,EN,Towers with Radar,0,6,2,0,8,0,73,3,0,76,0,79,5,0,84,0,0,0,84
12/28/2010,ACK,MA,ANE,EN,Towers with Radar,0,6,7,2,15,0,252,17,2,271,0,258,24,4,286,0,0,0,286
12/29/2010,ACK,MA,ANE,EN,Towers with Radar,0,14,5,0,19,0,209,60,2,271,0,223,65,2,290,0,0,0,290
12/30/2010,ACK,MA,ANE,EN,Towers with Radar,0,10,8,2,20,0,220,68,2,290,0,230,76,4,310,0,0,0,310
12/31/2010,ACK,MA,ANE,EN,Towers with Radar,0,11,2,0,13,0,193,39,0,232,0,204,41,0,245,0,0,0,245
01/01/2011,ACK,MA,ANE,EN,Towers with Radar,0,9,9,0,18,0,142,46,0,188,0,151,55,0,206,0,0,0,206
01/02/2011,ACK,MA,ANE,EN,Towers with Radar,0,144,13,0,157,0,58,9,0,67,0,202,22,0,224,0,0,0,224
01/03/2011,ACK,MA,ANE,EN,Towers with Radar,0,22,3,0,25,0,225,38,2,265,0,247,41,2,290,0,0,0,290
01/04/2011,ACK,MA,ANE,EN,Towers with Radar,0,27,3,0,30,0,249,45,4,298,0,276,48,4,328,0,0,0,328
01/05/2011,ACK,MA,ANE,EN,Towers with Radar,0,6,0,10,16,0,237,41,0,278,0,243,41,10,294,0,0,0,294
01/06/2011,ACK,MA,ANE,EN,Towers with Radar,0,9,1,0,10,0,202,39,0,241,0,211,40,0,251,0,0,0,251
01/07/2011,ACK,MA,ANE,EN,Towers with Radar,0,0,0,0,0,0,0,0,0,0,0,0,0,0,0,0,0,0,0
01/08/2011,ACK,MA,ANE,EN,Towers with Radar,0,0,0,0,0,0,0,0,0,0,0,0,0,0,0,0,0,0,0
01/09/2011,ACK,MA,ANE,EN,Towers with Radar,0,10,0,0,10,0,168,10,0,178,0,178,10,0,188,0,0,0,188
01/10/2011,ACK,MA,ANE,EN,Towers with Radar,0,14,0,11,25,0,243,38,2,283,0,257,38,13,308,0,0,0,308
01/11/2011,ACK,MA,ANE,EN,Towers with Radar,0,21,6,2,29,0,222,43,2,267,0,243,49,4,296,0,0,0,296
01/12/2011,ACK,MA,ANE,EN,Towers with Radar,0,0,1,0,1,0,0,0,0,0,0,0,1,0,1,0,0,0,1
01/13/2011,ACK,MA,ANE,EN,Towers with Radar,0,10,5,0,15,0,202,30,0,232,0,212,35,0,247,0,4,4,251
01/14/2011,ACK,MA,ANE,EN,Towers with Radar,0,28,3,0,31,0,228,23,0,251,0,256,26,0,282,0,0,0,282
01/15/2011,ACK,MA,ANE,EN,Towers with Radar,0,9,4,0,13,0,143,27,0,170,0,152,31,0,183,0,0,0,183
01/16/2011,ACK,MA,ANE,EN,Towers with Radar,0,5,2,0,7,0,176,20,0,196,0,181,22,0,203,0,0,0,203
01/17/2011,ACK,MA,ANE,EN,Towers with Radar,0,16,8,0,24,0,257,59,6,322,0,273,67,6,346,0,0,0,346
01/18/2011,ACK,MA,ANE,EN,Towers with Radar,0,42,1,1,44,0,157,18,5,180,0,199,19,6,224,0,0,0,224
01/19/2011,ACK,MA,ANE,EN,Towers with Radar,0,152,7,0,159,0,43,8,0,51,0,195,15,0,210,0,0,0,210
01/20/2011,ACK,MA,ANE,EN,Towers with Radar,0,23,1,0,24,0,203,50,1,254,0,226,51,1,278,0,0,0,278
01/21/2011,ACK,MA,ANE,EN,Towers with Radar,0,41,5,0,46,0,92,14,0,106,0,133,19,0,152,0,0,0,152
01/22/2011,ACK,MA,ANE,EN,Towers with Radar,0,8,2,0,10,0,142,33,0,175,0,150,35,0,185,0,0,0,185
01/23/2011,ACK,MA,ANE,EN,Towers with Radar,0,8,1,0,9,0,191,15,0,206,0,199,16,0,215,0,0,0,215
01/24/2011,ACK,MA,ANE,EN,Towers with Radar,0,24,2,0,26,0,203,19,4,226,0,227,21,4,252,0,0,0,252
01/25/2011,ACK,MA,ANE,EN,Towers with Radar,0,132,6,0,138,0,79,11,0,90,0,211,17,0,228,0,0,0,228
01/26/2011,ACK,MA,ANE,EN,Towers with Radar,0,42,5,0,47,0,90,21,0,111,0,132,26,0,158,0,0,0,158
01/27/2011,ACK,MA,ANE,EN,Towers with Radar,0,8,0,0,8,0,82,19,0,101,0,90,19,0,109,0,0,0,109
01/28/2011,ACK,MA,ANE,EN,Towers with Radar,0,21,12,0,33,0,216,55,0,271,0,237,67,0,304,12,0,12,316
01/29/2011,ACK,MA,ANE,EN,Towers with Radar,0,26,3,0,29,0,108,17,0,125,0,134,20,0,154,0,0,0,154
01/30/2011,ACK,MA,ANE,EN,Towers with Radar,0,14,11,0,25,0,193,40,7,240,0,207,51,7,265,0,0,0,265
01/31/2011,ACK,MA,ANE,EN,Towers with Radar,0,12,3,0,15,0,224,31,0,255,0,236,34,0,270,0,0,0,270
02/01/2011,ACK,MA,ANE,EN,Towers with Radar,0,56,8,0,64,0,15,2,0,17,0,71,10,0,81,0,0,0,81
02/02/2011,ACK,MA,ANE,EN,Towers with Radar,0,68,9,0,77,0,0,0,0,0,0,68,9,0,77,0,0,0,77
02/03/2011,ACK,MA,ANE,EN,Towers with Radar,0,37,0,2,39,0,169,34,0,203,0,206,34,2,242,0,0,0,242
02/04/2011,ACK,MA,ANE,EN,Towers with Radar,0,10,0,4,14,0,234,47,4,285,0,244,47,8,299,4,4,8,307
02/05/2011,ACK,MA,ANE,EN,Towers with Radar,0,29,2,0,31,0,121,10,0,131,0,150,12,0,162,0,0,0,162
02/06/2011,ACK,MA,ANE,EN,Towers with Radar,0,8,4,0,12,0,135,18,0,153,0,143,22,0,165,0,0,0,165
02/07/2011,ACK,MA,ANE,EN,Towers with Radar,0,13,4,2,19,0,197,40,0,237,0,210,44,2,256,0,0,0,256
02/08/2011,ACK,MA,ANE,EN,Towers with Radar,0,85,4,0,89,0,143,8,4,155,0,228,12,4,244,0,0,0,244
02/09/2011,ACK,MA,ANE,EN,Towers with Radar,0,5,5,0,10,0,220,21,0,241,0,225,26,0,251,0,0,0,251
02/10/2011,ACK,MA,ANE,EN,Towers with Radar,0,18,0,1,19,0,154,36,1,191,0,172,36,2,210,0,0,0,210
02/11/2011,ACK,MA,ANE,EN,Towers with Radar,0,9,0,0,9,0,204,36,5,245,0,213,36,5,254,0,0,0,254
02/12/2011,ACK,MA,ANE,EN,Towers with Radar,0,10,2,0,12,0,142,21,0,163,0,152,23,0,175,0,0,0,175
02/13/2011,ACK,MA,ANE,EN,Towers with Radar,0,14,5,0,19,0,170,27,0,197,0,184,32,0,216,0,0,0,216
02/14/2011,ACK,MA,ANE,EN,Towers with Radar,0,12,1,1,14,0,221,34,1,256,0,233,35,2,270,0,0,0,270
02/15/2011,ACK,MA,ANE,EN,Towers with Radar,0,7,4,0,11,0,204,25,2,231,0,211,29,2,242,0,0,0,242
02/16/2011,ACK,MA,ANE,EN,Towers with Radar,0,6,6,2,14,0,232,37,4,273,0,238,43,6,287,0,0,0,287
02/17/2011,ACK,MA,ANE,EN,Towers with Radar,0,17,2,0,19,0,234,45,2,281,0,251,47,2,300,0,0,0,300
02/18/2011,ACK,MA,ANE,EN,Towers with Radar,0,131,8,1,140,0,88,15,1,104,0,219,23,2,244,0,0,0,244
02/19/2011,ACK,MA,ANE,EN,Towers with Radar,0,8,0,0,8,0,170,4,0,174,0,178,4,0,182,0,0,0,182
02/20/2011,ACK,MA,ANE,EN,Towers with Radar,0,7,1,0,8,0,163,27,3,193,0,170,28,3,201,0,0,0,201
02/21/2011,ACK,MA,ANE,EN,Towers with Radar,0,75,4,0,79,0,130,13,0,143,0,205,17,0,222,0,0,0,222
02/22/2011,ACK,MA,ANE,EN,Towers with Radar,0,28,3,0,31,0,199,30,0,229,0,227,33,0,260,0,0,0,260
02/23/2011,ACK,MA,ANE,EN,Towers with Radar,0,4,4,2,10,0,199,52,0,251,0,203,56,2,261,0,0,0,261
02/24/2011,ACK,MA,ANE,EN,Towers with Radar,0,10,0,0,10,0,193,28,4,225,0,203,28,4,235,0,0,0,235
02/25/2011,ACK,MA,ANE,EN,Towers with Radar,0,78,9,0,87,0,0,0,0,0,0,78,9,0,87,0,0,0,87
02/26/2011,ACK,MA,ANE,EN,Towers with Radar,0,7,5,0,12,0,166,40,0,206,0,173,45,0,218,0,0,0,218
02/27/2011,ACK,MA,ANE,EN,Towers with Radar,0,107,4,0,111,0,2,0,0,2,0,109,4,0,113,0,0,0,113
02/28/2011,ACK,MA,ANE,EN,Towers with Radar,0,92,8,0,100,0,120,9,0,129,0,212,17,0,229,0,0,0,229
03/01/2011,ACK,MA,ANE,EN,Towers with Radar,0,8,1,0,9,0,236,28,0,264,0,244,29,0,273,0,0,0,273
03/02/2011,ACK,MA,ANE,EN,Towers with Radar,0,7,1,0,8,0,201,15,4,220,0,208,16,4,228,0,0,0,228
03/03/2011,ACK,MA,ANE,EN,Towers with Radar,0,10,0,0,10,0,243,34,0,277,0,253,34,0,287,0,0,0,287
03/04/2011,ACK,MA,ANE,EN,Towers with Radar,0,11,5,0,16,0,209,31,4,244,0,220,36,4,260,0,0,0,260
03/05/2011,ACK,MA,ANE,EN,Towers with Radar,0,13,4,2,19,0,148,27,0,175,0,161,31,2,194,0,0,0,194
03/06/2011,ACK,MA,ANE,EN,Towers with Radar,0,82,8,1,91,0,109,15,2,126,0,191,23,3,217,0,0,0,217
03/07/2011,ACK,MA,ANE,EN,Towers with Radar,0,96,13,0,109,0,129,9,0,138,0,225,22,0,247,0,0,0,247
03/08/2011,ACK,MA,ANE,EN,Towers with Radar,0,11,1,0,12,0,216,56,2,274,0,227,57,2,286,0,0,0,286
03/09/2011,ACK,MA,ANE,EN,Towers with Radar,0,22,4,0,26,0,208,26,0,234,0,230,30,0,260,0,0,0,260
03/10/2011,ACK,MA,ANE,EN,Towers with Radar,0,42,0,2,44,0,183,22,0,205,0,225,22,2,249,0,0,0,249
03/11/2011,ACK,MA,ANE,EN,Towers with Radar,0,88,8,0,96,0,0,0,0,0,0,88,8,0,96,0,0,0,96
03/12/2011,ACK,MA,ANE,EN,Towers with Radar,0,7,7,0,14,0,150,29,0,179,0,157,36,0,193,0,0,0,193
03/13/2011,ACK,MA,ANE,EN,Towers with Radar,0,13,2,0,15,0,173,47,2,222,0,186,49,2,237,0,0,0,237
03/14/2011,ACK,MA,ANE,EN,Towers with Radar,0,17,7,0,24,0,211,44,0,255,0,228,51,0,279,0,0,0,279
03/15/2011,ACK,MA,ANE,EN,Towers with Radar,0,8,6,1,15,0,221,57,15,293,0,229,63,16,308,0,0,0,308
03/16/2011,ACK,MA,ANE,EN,Towers with Radar,0,79,6,0,85,0,79,9,0,88,0,158,15,0,173,0,0,0,173
03/17/2011,ACK,MA,ANE,EN,Towers with Radar,0,56,11,4,71,0,143,37,1,181,0,199,48,5,252,0,8,8,260
03/18/2011,ACK,MA,ANE,EN,Towers with Radar,0,9,2,0,11,0,200,39,0,239,0,209,41,0,250,0,0,0,250
03/19/2011,ACK,MA,ANE,EN,Towers with Radar,0,23,3,0,26,0,128,33,0,161,0,151,36,0,187,0,0,0,187
03/20/2011,ACK,MA,ANE,EN,Towers with Radar,0,10,3,0,13,0,213,74,0,287,0,223,77,0,300,0,0,0,300
03/21/2011,ACK,MA,ANE,EN,Towers with Radar,0,107,10,0,117,0,102,21,0,123,0,209,31,0,240,0,0,0,240
03/22/2011,ACK,MA,ANE,EN,Towers with Radar,0,56,9,2,67,0,185,26,2,213,0,241,35,4,280,0,0,0,280
03/23/2011,ACK,MA,ANE,EN,Towers with Radar,0,42,8,0,50,0,189,40,0,229,0,231,48,0,279,0,0,0,279
03/24/2011,ACK,MA,ANE,EN,Towers with Radar,0,79,9,0,88,0,58,10,0,68,0,137,19,0,156,0,0,0,156
03/25/2011,ACK,MA,ANE,EN,Towers with Radar,0,12,7,0,19,0,204,71,0,275,0,216,78,0,294,0,0,0,294
03/26/2011,ACK,MA,ANE,EN,Towers with Radar,0,5,1,4,10,0,126,23,0,149,0,131,24,4,159,0,0,0,159
03/27/2011,ACK,MA,ANE,EN,Towers with Radar,0,15,9,4,28,0,209,43,0,252,0,224,52,4,280,0,0,0,280
03/28/2011,ACK,MA,ANE,EN,Towers with Radar,0,14,2,0,16,0,218,27,0,245,0,232,29,0,261,10,0,10,271
03/29/2011,ACK,MA,ANE,EN,Towers with Radar,0,14,4,0,18,0,218,48,3,269,0,232,52,3,287,0,0,0,287
03/30/2011,ACK,MA,ANE,EN,Towers with Radar,0,211,47,0,258,0,16,2,2,20,0,227,49,2,278,0,12,12,290
03/31/2011,ACK,MA,ANE,EN,Towers with Radar,0,31,15,0,46,0,176,35,0,211,0,207,50,0,257,4,0,4,261
04/01/2011,ACK,MA,ANE,EN,Towers with Radar,0,92,14,0,106,0,65,11,0,76,0,157,25,0,182,0,0,0,182
04/02/2011,ACK,MA,ANE,EN,Towers with Radar,0,4,2,0,6,0,143,18,0,161,0,147,20,0,167,0,0,0,167
04/03/2011,ACK,MA,ANE,EN,Towers with Radar,0,10,19,0,29,0,185,42,0,227,0,195,61,0,256,0,0,0,256
04/04/2011,ACK,MA,ANE,EN,Towers with Radar,0,37,1,0,38,0,230,32,4,266,0,267,33,4,304,0,0,0,304
04/05/2011,ACK,MA,ANE,EN,Towers with Radar,0,94,26,0,120,0,22,0,0,22,0,116,26,0,142,0,0,0,142
04/06/2011,ACK,MA,ANE,EN,Towers with Radar,0,19,9,2,30,0,237,45,4,286,0,256,54,6,316,0,0,0,316
04/07/2011,ACK,MA,ANE,EN,Towers with Radar,0,11,9,0,20,0,244,35,0,279,0,255,44,0,299,6,0,6,305
04/08/2011,ACK,MA,ANE,EN,Towers with Radar,0,13,8,6,27,0,230,35,2,267,0,243,43,8,294,2,8,10,304
04/09/2011,ACK,MA,ANE,EN,Towers with Radar,0,10,6,0,16,0,153,64,0,217,0,163,70,0,233,0,0,0,233
04/10/2011,ACK,MA,ANE,EN,Towers with Radar,0,15,8,0,23,0,138,45,4,187,0,153,53,4,210,0,0,0,210
04/11/2011,ACK,MA,ANE,EN,Towers with Radar,0,74,13,0,87,0,0,0,0,0,0,74,13,0,87,0,0,0,87
04/12/2011,ACK,MA,ANE,EN,Towers with Radar,0,37,9,0,46,0,218,23,2,243,0,255,32,2,289,0,0,0,289
04/13/2011,ACK,MA,ANE,EN,Towers with Radar,0,58,11,0,69,0,8,2,0,10,0,66,13,0,79,0,0,0,79
04/14/2011,ACK,MA,ANE,EN,Towers with Radar,0,80,18,0,98,0,141,33,0,174,0,221,51,0,272,0,0,0,272
04/15/2011,ACK,MA,ANE,EN,Towers with Radar,0,8,7,0,15,0,271,55,2,328,0,279,62,2,343,0,0,0,343
04/16/2011,ACK,MA,ANE,EN,Towers with Radar,0,12,9,0,21,0,151,36,12,199,0,163,45,12,220,0,0,0,220
04/17/2011,ACK,MA,ANE,EN,Towers with Radar,0,21,10,0,31,0,168,23,0,191,0,189,33,0,222,0,0,0,222
04/18/2011,ACK,MA,ANE,EN,Towers with Radar,0,9,11,0,20,0,211,66,0,277,0,220,77,0,297,0,0,0,297
04/19/2011,ACK,MA,ANE,EN,Towers with Radar,0,10,11,4,25,0,264,35,10,309,0,274,46,14,334,0,0,0,334
04/20/2011,ACK,MA,ANE,EN,Towers with Radar,0,86,14,0,100,0,0,0,0,0,0,86,14,0,100,0,0,0,100
04/21/2011,ACK,MA,ANE,EN,Towers with Radar,0,32,9,0,41,0,233,66,6,305,0,265,75,6,346,0,0,0,346
04/22/2011,ACK,MA,ANE,EN,Towers with Radar,0,19,12,2,33,0,253,91,16,360,0,272,103,18,393,0,0,0,393
04/23/2011,ACK,MA,ANE,EN,Towers with Radar,0,65,18,0,83,0,54,6,0,60,0,119,24,0,143,0,0,0,143
04/24/2011,ACK,MA,ANE,EN,Towers with Radar,0,141,37,0,178,0,0,0,0,0,0,141,37,0,178,0,0,0,178
04/25/2011,ACK,MA,ANE,EN,Towers with Radar,0,145,13,0,158,0,37,16,0,53,0,182,29,0,211,0,0,0,211
04/26/2011,ACK,MA,ANE,EN,Towers with Radar,0,45,5,0,50,0,0,0,0,0,0,45,5,0,50,0,0,0,50
04/27/2011,ACK,MA,ANE,EN,Towers with Radar,0,150,19,3,172,0,51,11,1,63,0,201,30,4,235,0,0,0,235
04/28/2011,ACK,MA,ANE,EN,Towers with Radar,0,105,10,0,115,0,0,0,0,0,0,105,10,0,115,0,0,0,115
04/29/2011,ACK,MA,ANE,EN,Towers with Radar,0,59,44,2,105,0,246,69,0,315,0,305,113,2,420,0,0,0,420
04/30/2011,ACK,MA,ANE,EN,Towers with Radar,0,8,19,0,27,0,177,133,0,310,0,185,152,0,337,0,0,0,337
05/01/2011,ACK,MA,ANE,EN,Towers with Radar,0,28,24,0,52,0,266,117,0,383,0,294,141,0,435,18,0,18,453
05/02/2011,ACK,MA,ANE,EN,Towers with Radar,0,33,12,0,45,0,246,61,4,311,0,279,73,4,356,0,0,0,356
05/03/2011,ACK,MA,ANE,EN,Towers with Radar,0,19,5,0,24,0,228,45,0,273,0,247,50,0,297,2,0,2,299
05/04/2011,ACK,MA,ANE,EN,Towers with Radar,0,168,10,0,178,0,80,9,0,89,0,248,19,0,267,0,0,0,267
05/05/2011,ACK,MA,ANE,EN,Towers with Radar,0,29,7,1,37,0,231,31,1,263,0,260,38,2,300,0,8,8,308
05/06/2011,ACK,MA,ANE,EN,Towers with Radar,0,11,17,0,28,0,268,71,2,341,0,279,88,2,369,0,0,0,369
05/07/2011,ACK,MA,ANE,EN,Towers with Radar,0,6,8,0,14,0,163,49,0,212,0,169,57,0,226,0,0,0,226
05/08/2011,ACK,MA,ANE,EN,Towers with Radar,0,120,40,0,160,0,0,0,0,0,0,120,40,0,160,0,0,0,160
05/09/2011,ACK,MA,ANE,EN,Towers with Radar,0,50,21,0,71,0,212,39,0,251,0,262,60,0,322,0,0,0,322
05/10/2011,ACK,MA,ANE,EN,Towers with Radar,0,129,15,0,144,0,0,0,0,0,0,129,15,0,144,0,0,0,144
05/11/2011,ACK,MA,ANE,EN,Towers with Radar,0,126,16,2,144,0,86,7,0,93,0,212,23,2,237,0,0,0,237
05/12/2011,ACK,MA,ANE,EN,Towers with Radar,0,95,10,0,105,0,164,37,0,201,0,259,47,0,306,0,4,4,310
05/13/2011,ACK,MA,ANE,EN,Towers with Radar,0,60,24,0,84,0,232,65,0,297,0,292,89,0,381,0,0,0,381
05/14/2011,ACK,MA,ANE,EN,Towers with Radar,0,148,27,0,175,0,0,0,0,0,0,148,27,0,175,0,0,0,175
05/15/2011,ACK,MA,ANE,EN,Towers with Radar,0,126,23,0,149,0,82,24,0,106,0,208,47,0,255,0,0,0,255
05/16/2011,ACK,MA,ANE,EN,Towers with Radar,0,230,18,0,248,0,0,0,0,0,0,230,18,0,248,0,0,0,248
05/17/2011,ACK,MA,ANE,EN,Towers with Radar,1,172,18,0,191,0,0,0,0,0,1,172,18,0,191,0,0,0,191
05/18/2011,ACK,MA,ANE,EN,Towers with Radar,1,216,21,0,238,0,0,0,0,0,1,216,21,0,238,0,0,0,238
05/19/2011,ACK,MA,ANE,EN,Towers with Radar,2,199,40,0,241,0,44,19,0,63,2,243,59,0,304,0,0,0,304
05/20/2011,ACK,MA,ANE,EN,Towers with Radar,2,107,45,1,155,0,159,47,4,210,2,266,92,5,365,0,0,0,365
05/21/2011,ACK,MA,ANE,EN,Towers with Radar,2,102,25,0,129,0,51,18,0,69,2,153,43,0,198,0,0,0,198
05/22/2011,ACK,MA,ANE,EN,Towers with Radar,2,252,82,0,336,0,60,20,0,80,2,312,102,0,416,0,0,0,416
05/23/2011,ACK,MA,ANE,EN,Towers with Radar,2,151,28,0,181,0,86,17,0,103,2,237,45,0,284,0,0,0,284
05/24/2011,ACK,MA,ANE,EN,Towers with Radar,0,145,23,0,168,0,0,0,0,0,0,145,23,0,168,0,0,0,168
05/25/2011,ACK,MA,ANE,EN,Towers with Radar,0,55,19,0,74,0,252,73,2,327,0,307,92,2,401,2,0,2,403
05/26/2011,ACK,MA,ANE,EN,Towers with Radar,2,207,64,0,273,0,12,1,0,13,2,219,65,0,286,0,0,0,286
05/27/2011,ACK,MA,ANE,EN,Towers with Radar,2,264,184,0,450,0,8,12,0,20,2,272,196,0,470,0,0,0,470
05/28/2011,ACK,MA,ANE,EN,Towers with Radar,2,101,44,0,147,0,129,57,0,186,2,230,101,0,333,0,0,0,333
05/29/2011,ACK,MA,ANE,EN,Towers with Radar,2,117,34,0,153,0,0,0,0,0,2,117,34,0,153,0,0,0,153
05/30/2011,ACK,MA,ANE,EN,Towers with Radar,4,270,120,0,394,0,214,91,0,305,4,484,211,0,699,0,0,0,699
05/31/2011,ACK,MA,ANE,EN,Towers with Radar,2,53,30,2,87,0,301,87,2,390,2,354,117,4,477,0,0,0,477
06/01/2011,ACK,MA,ANE,EN,Towers with Radar,0,142,26,0,168,0,167,36,0,203,0,309,62,0,371,4,0,4,375
06/02/2011,ACK,MA,ANE,EN,Towers with Radar,3,25,14,0,42,0,276,71,0,347,3,301,85,0,389,22,0,22,411
06/03/2011,ACK,MA,ANE,EN,Towers with Radar,2,30,15,0,47,0,294,88,3,385,2,324,103,3,432,18,0,18,450
06/04/2011,ACK,MA,ANE,EN,Towers with Radar,4,14,12,0,30,0,196,73,0,269,4,210,85,0,299,0,0,0,299
06/05/2011,ACK,MA,ANE,EN,Towers with Radar,2,21,30,0,53,0,242,88,0,330,2,263,118,0,383,4,0,4,387
06/06/2011,ACK,MA,ANE,EN,Towers with Radar,2,27,6,0,35,0,305,113,0,418,2,332,119,0,453,0,0,0,453
06/07/2011,ACK,MA,ANE,EN,Towers with Radar,0,9,17,0,26,0,268,74,16,358,0,277,91,16,384,0,0,0,384
06/08/2011,ACK,MA,ANE,EN,Towers with Radar,0,29,3,4,36,0,249,82,0,331,0,278,85,4,367,0,0,0,367
06/09/2011,ACK,MA,ANE,EN,Towers with Radar,2,43,12,2,59,0,239,60,1,300,2,282,72,3,359,0,0,0,359
06/10/2011,ACK,MA,ANE,EN,Towers with Radar,2,143,40,0,185,0,212,68,0,280,2,355,108,0,465,0,0,0,465
06/11/2011,ACK,MA,ANE,EN,Towers with Radar,2,95,36,0,133,0,119,30,0,149,2,214,66,0,282,0,0,0,282
06/12/2011,ACK,MA,ANE,EN,Towers with Radar,2,278,63,0,343,0,0,0,0,0,2,278,63,0,343,0,0,0,343
06/13/2011,ACK,MA,ANE,EN,Towers with Radar,2,212,37,2,253,0,144,34,2,180,2,356,71,4,433,0,0,0,433
06/14/2011,ACK,MA,ANE,EN,Towers with Radar,0,97,46,2,145,0,182,36,0,218,0,279,82,2,363,0,0,0,363
06/15/2011,ACK,MA,ANE,EN,Towers with Radar,1,64,20,0,85,0,233,76,16,325,1,297,96,16,410,6,0,6,416
06/16/2011,ACK,MA,ANE,EN,Towers with Radar,2,52,30,0,84,0,281,86,8,375,2,333,116,8,459,0,0,0,459
06/17/2011,ACK,MA,ANE,EN,Towers with Radar,6,89,36,0,131,0,263,61,0,324,6,352,97,0,455,0,0,0,455
06/18/2011,ACK,MA,ANE,EN,Towers with Radar,4,153,78,0,235,0,64,30,0,94,4,217,108,0,329,0,0,0,329
06/19/2011,ACK,MA,ANE,EN,Towers with Radar,4,46,45,0,95,0,227,126,0,353,4,273,171,0,448,0,0,0,448
06/20/2011,ACK,MA,ANE,EN,Towers with Radar,4,56,20,0,80,0,281,72,2,355,4,337,92,2,435,0,0,0,435
06/21/2011,ACK,MA,ANE,EN,Towers with Radar,2,59,38,0,99,0,300,111,0,411,2,359,149,0,510,0,0,0,510
06/22/2011,ACK,MA,ANE,EN,Towers with Radar,2,144,59,0,205,0,192,46,0,238,2,336,105,0,443,0,0,0,443
06/23/2011,ACK,MA,ANE,EN,Towers with Radar,2,231,79,4,316,0,0,0,0,0,2,231,79,4,316,0,0,0,316
06/24/2011,ACK,MA,ANE,EN,Towers with Radar,4,290,118,0,412,0,0,0,0,0,4,290,118,0,412,0,0,0,412
06/25/2011,ACK,MA,ANE,EN,Towers with Radar,4,134,42,0,180,0,46,15,0,61,4,180,57,0,241,0,0,0,241
06/26/2011,ACK,MA,ANE,EN,Towers with Radar,4,254,108,0,366,0,37,2,0,39,4,291,110,0,405,0,0,0,405
06/27/2011,ACK,MA,ANE,EN,Towers with Radar,4,99,25,0,128,0,229,132,0,361,4,328,157,0,489,0,0,0,489
06/28/2011,ACK,MA,ANE,EN,Towers with Radar,2,222,58,1,283,0,39,6,1,46,2,261,64,2,329,0,0,0,329
06/29/2011,ACK,MA,ANE,EN,Towers with Radar,4,163,44,0,211,0,151,49,0,200,4,314,93,0,411,0,0,0,411
06/30/2011,ACK,MA,ANE,EN,Towers with Radar,5,103,69,0,177,0,330,246,0,576,5,433,315,0,753,0,0,0,753
07/01/2011,ACK,MA,ANE,EN,Towers with Radar,6,135,102,0,243,0,453,260,0,713,6,588,362,0,956,0,0,0,956
07/02/2011,ACK,MA,ANE,EN,Towers with Radar,6,94,48,0,148,0,248,140,0,388,6,342,188,0,536,0,0,0,536
07/03/2011,ACK,MA,ANE,EN,Towers with Radar,4,106,49,0,159,0,156,94,0,250,4,262,143,0,409,0,0,0,409
07/04/2011,ACK,MA,ANE,EN,Towers with Radar,4,267,60,0,331,0,126,38,0,164,4,393,98,0,495,0,0,0,495
07/05/2011,ACK,MA,ANE,EN,Towers with Radar,4,182,108,0,294,0,401,184,4,589,4,583,292,4,883,0,0,0,883
07/06/2011,ACK,MA,ANE,EN,Towers with Radar,4,201,98,0,303,0,0,0,0,0,4,201,98,0,303,0,0,0,303
07/07/2011,ACK,MA,ANE,EN,Towers with Radar,6,130,64,0,200,0,205,71,0,276,6,335,135,0,476,0,0,0,476
07/08/2011,ACK,MA,ANE,EN,Towers with Radar,4,195,88,0,287,0,0,0,0,0,4,195,88,0,287,0,0,0,287
07/09/2011,ACK,MA,ANE,EN,Towers with Radar,6,148,86,0,240,0,174,86,0,260,6,322,172,0,500,0,0,0,500
07/10/2011,ACK,MA,ANE,EN,Towers with Radar,6,97,66,0,169,0,296,170,0,466,6,393,236,0,635,0,0,0,635
07/11/2011,ACK,MA,ANE,EN,Towers with Radar,6,282,126,0,414,0,102,44,0,146,6,384,170,0,560,0,0,0,560
07/12/2011,ACK,MA,ANE,EN,Towers with Radar,4,158,54,0,216,0,197,35,4,236,4,355,89,4,452,0,0,0,452
07/13/2011,ACK,MA,ANE,EN,Towers with Radar,4,69,29,0,102,0,275,109,0,384,4,344,138,0,486,2,0,2,488
07/14/2011,ACK,MA,ANE,EN,Towers with Radar,4,151,65,6,226,0,245,102,2,349,4,396,167,8,575,0,2,2,577
07/15/2011,ACK,MA,ANE,EN,Towers with Radar,6,93,66,0,165,0,375,155,0,530,6,468,221,0,695,0,0,0,695
07/16/2011,ACK,MA,ANE,EN,Towers with Radar,6,75,22,1,104,0,269,149,0,418,6,344,171,1,522,0,0,0,522
07/17/2011,ACK,MA,ANE,EN,Towers with Radar,6,124,73,0,203,0,304,194,0,498,6,428,267,0,701,0,0,0,701
07/18/2011,ACK,MA,ANE,EN,Towers with Radar,6,79,37,0,122,0,279,97,0,376,6,358,134,0,498,0,0,0,498
07/19/2011,ACK,MA,ANE,EN,Towers with Radar,4,120,64,0,188,0,210,68,2,280,4,330,132,2,468,0,0,0,468
07/20/2011,ACK,MA,ANE,EN,Towers with Radar,4,72,43,0,119,0,282,89,0,371,4,354,132,0,490,0,0,0,490
07/21/2011,ACK,MA,ANE,EN,Towers with Radar,4,308,108,0,420,0,0,0,0,0,4,308,108,0,420,0,0,0,420
07/22/2011,ACK,MA,ANE,EN,Towers with Radar,6,220,108,0,334,0,241,118,0,359,6,461,226,0,693,0,0,0,693
07/23/2011,ACK,MA,ANE,EN,Towers with Radar,8,97,56,0,161,0,159,65,0,224,8,256,121,0,385,0,0,0,385
07/24/2011,ACK,MA,ANE,EN,Towers with Radar,6,125,84,0,215,0,361,186,0,547,6,486,270,0,762,0,0,0,762
07/25/2011,ACK,MA,ANE,EN,Towers with Radar,6,104,82,2,194,0,231,73,0,304,6,335,155,2,498,0,0,0,498
07/26/2011,ACK,MA,ANE,EN,Towers with Radar,4,278,95,0,377,0,19,5,0,24,4,297,100,0,401,0,0,0,401
07/27/2011,ACK,MA,ANE,EN,Towers with Radar,4,57,38,0,99,0,265,129,0,394,4,322,167,0,493,6,0,6,499
07/28/2011,ACK,MA,ANE,EN,Towers with Radar,4,116,31,0,151,0,296,140,0,436,4,412,171,0,587,0,0,0,587
07/29/2011,ACK,MA,ANE,EN,Towers with Radar,6,278,165,0,449,0,203,69,0,272,6,481,234,0,721,0,0,0,721
07/30/2011,ACK,MA,ANE,EN,Towers with Radar,4,85,41,0,130,0,260,135,0,395,4,345,176,0,525,0,0,0,525
07/31/2011,ACK,MA,ANE,EN,Towers with Radar,6,103,65,0,174,0,301,178,2,481,6,404,243,2,655,0,0,0,655
08/01/2011,ACK,MA,ANE,EN,Towers with Radar,8,137,66,0,211,0,260,95,0,355,8,397,161,0,566,0,0,0,566
08/02/2011,ACK,MA,ANE,EN,Towers with Radar,4,53,42,0,99,0,285,116,0,401,4,338,158,0,500,2,0,2,502
08/03/2011,ACK,MA,ANE,EN,Towers with Radar,4,77,35,6,122,0,216,79,1,296,4,293,114,7,418,4,0,4,422
08/04/2011,ACK,MA,ANE,EN,Towers with Radar,4,123,67,2,196,0,272,109,0,381,4,395,176,2,577,0,0,0,577
08/05/2011,ACK,MA,ANE,EN,Towers with Radar,6,131,94,0,231,0,325,129,2,456,6,456,223,2,687,0,0,0,687
08/06/2011,ACK,MA,ANE,EN,Towers with Radar,7,124,102,0,233,0,191,73,0,264,7,315,175,0,497,0,0,0,497
08/07/2011,ACK,MA,ANE,EN,Towers with Radar,6,305,162,0,473,0,82,24,0,106,6,387,186,0,579,0,0,0,579
08/08/2011,ACK,MA,ANE,EN,Towers with Radar,4,174,93,0,271,0,90,15,0,105,4,264,108,0,376,0,0,0,376
08/09/2011,ACK,MA,ANE,EN,Towers with Radar,4,79,42,2,127,0,245,99,1,345,4,324,141,3,472,0,0,0,472
08/10/2011,ACK,MA,ANE,EN,Towers with Radar,4,144,84,2,234,0,127,49,0,176,4,271,133,2,410,0,0,0,410
08/11/2011,ACK,MA,ANE,EN,Towers with Radar,4,180,82,4,270,0,215,110,2,327,4,395,192,6,597,2,0,2,599
08/12/2011,ACK,MA,ANE,EN,Towers with Radar,6,96,73,1,176,0,406,227,0,633,6,502,300,1,809,8,0,8,817
08/13/2011,ACK,MA,ANE,EN,Towers with Radar,6,76,83,0,165,0,262,156,1,419,6,338,239,1,584,0,0,0,584
08/14/2011,ACK,MA,ANE,EN,Towers with Radar,4,173,145,0,322,326,121,2,0,449,330,294,147,0,771,0,0,0,771
08/15/2011,ACK,MA,ANE,EN,Towers with Radar,6,268,120,0,394,0,89,25,0,114,6,357,145,0,508,0,0,0,508
08/16/2011,ACK,MA,ANE,EN,Towers with Radar,4,162,85,1,252,0,221,44,0,265,4,383,129,1,517,0,0,0,517
08/17/2011,ACK,MA,ANE,EN,Towers with Radar,6,69,55,0,130,0,242,111,2,355,6,311,166,2,485,0,0,0,485
08/18/2011,ACK,MA,ANE,EN,Towers with Radar,4,174,84,0,262,0,215,130,0,345,4,389,214,0,607,0,0,0,607
08/19/2011,ACK,MA,ANE,EN,Towers with Radar,6,141,122,2,271,0,271,107,0,378,6,412,229,2,649,0,0,0,649
08/20/2011,ACK,MA,ANE,EN,Towers with Radar,8,121,93,0,222,0,198,97,0,295,8,319,190,0,517,0,0,0,517
08/21/2011,ACK,MA,ANE,EN,Towers with Radar,6,180,150,0,336,0,297,178,0,475,6,477,328,0,811,0,0,0,811
08/22/2011,ACK,MA,ANE,EN,Towers with Radar,8,153,106,0,267,0,212,85,0,297,8,365,191,0,564,0,0,0,564
08/23/2011,ACK,MA,ANE,EN,Towers with Radar,4,80,75,0,159,0,305,136,0,441,4,385,211,0,600,0,0,0,600
08/24/2011,ACK,MA,ANE,EN,Towers with Radar,4,99,88,0,191,0,240,80,0,320,4,339,168,0,511,0,0,0,511
08/25/2011,ACK,MA,ANE,EN,Towers with Radar,4,170,77,1,252,0,191,55,2,248,4,361,132,3,500,0,0,0,500
08/26/2011,ACK,MA,ANE,EN,Towers with Radar,6,163,110,0,279,0,230,107,0,337,6,393,217,0,616,0,0,0,616
08/27/2011,ACK,MA,ANE,EN,Towers with Radar,2,261,94,0,357,0,22,10,0,32,2,283,104,0,389,0,0,0,389
08/28/2011,ACK,MA,ANE,EN,Towers with Radar,0,4,0,0,4,0,0,0,0,0,0,4,0,0,4,0,0,0,4
08/29/2011,ACK,MA,ANE,EN,Towers with Radar,0,56,38,0,94,0,248,138,0,386,0,304,176,0,480,0,0,0,480
08/30/2011,ACK,MA,ANE,EN,Towers with Radar,4,39,37,0,80,0,265,118,0,383,4,304,155,0,463,0,0,0,463
08/31/2011,ACK,MA,ANE,EN,Towers with Radar,4,51,29,0,84,0,294,111,3,408,4,345,140,3,492,6,0,6,498
09/01/2011,ACK,MA,ANE,EN,Towers with Radar,4,66,69,0,139,0,290,142,3,435,4,356,211,3,574,0,0,0,574
09/02/2011,ACK,MA,ANE,EN,Towers with Radar,6,125,76,0,207,0,337,174,0,511,6,462,250,0,718,2,0,2,720
09/03/2011,ACK,MA,ANE,EN,Towers with Radar,6,65,50,0,121,0,224,145,0,369,6,289,195,0,490,0,0,0,490
09/04/2011,ACK,MA,ANE,EN,Towers with Radar,4,86,52,0,142,0,192,110,0,302,4,278,162,0,444,0,0,0,444
09/05/2011,ACK,MA,ANE,EN,Towers with Radar,8,322,180,1,511,0,201,106,0,307,8,523,286,1,818,0,0,0,818
09/06/2011,ACK,MA,ANE,EN,Towers with Radar,4,242,83,0,329,0,55,16,0,71,4,297,99,0,400,0,0,0,400
09/07/2011,ACK,MA,ANE,EN,Towers with Radar,2,202,39,0,243,0,2,0,0,2,2,204,39,0,245,0,0,0,245
09/08/2011,ACK,MA,ANE,EN,Towers with Radar,6,158,48,0,212,0,39,13,0,52,6,197,61,0,264,0,0,0,264
09/09/2011,ACK,MA,ANE,EN,Towers with Radar,4,123,58,4,189,0,189,60,0,249,4,312,118,4,438,0,0,0,438
09/10/2011,ACK,MA,ANE,EN,Towers with Radar,4,15,27,0,46,0,185,94,0,279,4,200,121,0,325,0,0,0,325
09/11/2011,ACK,MA,ANE,EN,Towers with Radar,4,28,50,0,82,0,288,151,0,439,4,316,201,0,521,0,0,0,521
09/12/2011,ACK,MA,ANE,EN,Towers with Radar,2,210,53,0,265,0,2,0,0,2,2,212,53,0,267,0,0,0,267
09/13/2011,ACK,MA,ANE,EN,Towers with Radar,2,39,27,0,68,0,221,88,1,310,2,260,115,1,378,0,0,0,378
09/14/2011,ACK,MA,ANE,EN,Towers with Radar,2,36,17,2,57,0,221,57,10,288,2,257,74,12,345,0,0,0,345
09/15/2011,ACK,MA,ANE,EN,Towers with Radar,4,191,66,0,261,0,11,1,0,12,4,202,67,0,273,0,0,0,273
09/16/2011,ACK,MA,ANE,EN,Towers with Radar,4,30,27,2,63,0,285,155,3,443,4,315,182,5,506,0,0,0,506
09/17/2011,ACK,MA,ANE,EN,Towers with Radar,2,23,30,3,58,0,200,120,2,322,2,223,150,5,380,4,0,4,384
09/18/2011,ACK,MA,ANE,EN,Towers with Radar,8,112,88,0,208,0,276,111,0,387,8,388,199,0,595,0,0,0,595
09/19/2011,ACK,MA,ANE,EN,Towers with Radar,2,33,29,2,66,0,229,62,0,291,2,262,91,2,357,0,0,0,357
09/20/2011,ACK,MA,ANE,EN,Towers with Radar,2,41,29,0,72,0,261,65,0,326,2,302,94,0,398,0,0,0,398
09/21/2011,ACK,MA,ANE,EN,Towers with Radar,2,45,33,4,84,0,226,58,0,284,2,271,91,4,368,0,0,0,368
09/22/2011,ACK,MA,ANE,EN,Towers with Radar,4,179,46,5,234,0,60,8,0,68,4,239,54,5,302,0,0,0,302
09/23/2011,ACK,MA,ANE,EN,Towers with Radar,4,168,60,6,238,0,4,0,0,4,4,172,60,6,242,0,0,0,242
09/24/2011,ACK,MA,ANE,EN,Towers with Radar,2,137,47,0,186,0,0,0,0,0,2,137,47,0,186,0,0,0,186
09/25/2011,ACK,MA,ANE,EN,Towers with Radar,4,64,39,0,107,0,193,74,0,267,4,257,113,0,374,0,0,0,374
09/26/2011,ACK,MA,ANE,EN,Towers with Radar,2,95,19,1,117,0,186,52,1,239,2,281,71,2,356,0,0,0,356
09/27/2011,ACK,MA,ANE,EN,Towers with Radar,0,62,28,0,90,0,142,44,0,186,0,204,72,0,276,0,0,0,276
09/28/2011,ACK,MA,ANE,EN,Towers with Radar,0,35,9,2,46,0,217,39,2,258,0,252,48,4,304,0,0,0,304
09/29/2011,ACK,MA,ANE,EN,Towers with Radar,2,151,33,0,186,0,45,12,0,57,2,196,45,0,243,0,0,0,243
09/30/2011,ACK,MA,ANE,EN,Towers with Radar,2,46,39,0,87,0,266,100,0,366,2,312,139,0,453,0,0,0,453
10/01/2011,ACK,MA,ANE,EN,Towers with Radar,2,83,28,0,113,0,89,21,0,110,2,172,49,0,223,0,0,0,223
10/02/2011,ACK,MA,ANE,EN,Towers with Radar,2,164,68,2,236,0,118,37,0,155,2,282,105,2,391,0,0,0,391
10/03/2011,ACK,MA,ANE,EN,Towers with Radar,2,40,13,0,55,0,209,35,0,244,2,249,48,0,299,0,0,0,299
10/04/2011,ACK,MA,ANE,EN,Towers with Radar,0,64,24,0,88,0,248,42,0,290,0,312,66,0,378,0,0,0,378
10/05/2011,ACK,MA,ANE,EN,Towers with Radar,0,29,17,0,46,0,185,68,0,253,0,214,85,0,299,0,0,0,299
10/06/2011,ACK,MA,ANE,EN,Towers with Radar,2,27,20,0,49,0,233,75,0,308,2,260,95,0,357,0,0,0,357
10/07/2011,ACK,MA,ANE,EN,Towers with Radar,2,59,42,0,103,0,366,167,0,533,2,425,209,0,636,0,0,0,636
10/08/2011,ACK,MA,ANE,EN,Towers with Radar,2,13,14,0,29,0,193,109,0,302,2,206,123,0,331,0,0,0,331
10/09/2011,ACK,MA,ANE,EN,Towers with Radar,2,35,30,0,67,0,214,116,0,330,2,249,146,0,397,0,0,0,397
10/10/2011,ACK,MA,ANE,EN,Towers with Radar,2,52,35,2,91,0,349,189,0,538,2,401,224,2,629,0,0,0,629
10/11/2011,ACK,MA,ANE,EN,Towers with Radar,0,27,15,2,44,0,298,97,1,396,0,325,112,3,440,0,0,0,440
10/12/2011,ACK,MA,ANE,EN,Towers with Radar,0,50,12,0,62,0,184,46,2,232,0,234,58,2,294,0,0,0,294
10/13/2011,ACK,MA,ANE,EN,Towers with Radar,0,164,37,1,202,0,0,0,0,0,0,164,37,1,202,0,0,0,202
10/14/2011,ACK,MA,ANE,EN,Towers with Radar,0,160,20,0,180,0,0,0,0,0,0,160,20,0,180,0,0,0,180
10/15/2011,ACK,MA,ANE,EN,Towers with Radar,0,9,8,0,17,0,145,34,1,180,0,154,42,1,197,0,0,0,197
10/16/2011,ACK,MA,ANE,EN,Towers with Radar,0,18,14,0,32,0,220,63,0,283,0,238,77,0,315,0,0,0,315
10/17/2011,ACK,MA,ANE,EN,Towers with Radar,0,19,11,6,36,0,261,50,3,314,0,280,61,9,350,0,0,0,350
10/18/2011,ACK,MA,ANE,EN,Towers with Radar,0,17,4,1,22,0,248,60,1,309,0,265,64,2,331,0,0,0,331
10/19/2011,ACK,MA,ANE,EN,Towers with Radar,0,100,11,0,111,0,0,0,0,0,0,100,11,0,111,0,0,0,111
10/20/2011,ACK,MA,ANE,EN,Towers with Radar,0,81,9,1,91,0,149,39,0,188,0,230,48,1,279,0,0,0,279
10/21/2011,ACK,MA,ANE,EN,Towers with Radar,0,22,22,0,44,0,236,66,0,302,0,258,88,0,346,0,0,0,346
10/22/2011,ACK,MA,ANE,EN,Towers with Radar,0,6,9,0,15,0,139,67,2,208,0,145,76,2,223,0,0,0,223
10/23/2011,ACK,MA,ANE,EN,Towers with Radar,0,18,25,0,43,0,199,119,2,320,0,217,144,2,363,0,0,0,363
10/24/2011,ACK,MA,ANE,EN,Towers with Radar,0,8,5,0,13,0,210,51,0,261,0,218,56,0,274,0,0,0,274
10/25/2011,ACK,MA,ANE,EN,Towers with Radar,0,13,15,0,28,0,177,42,2,221,0,190,57,2,249,0,0,0,249
10/26/2011,ACK,MA,ANE,EN,Towers with Radar,0,17,7,0,24,0,244,50,0,294,0,261,57,0,318,0,0,0,318
10/27/2011,ACK,MA,ANE,EN,Towers with Radar,0,124,16,0,140,0,36,9,0,45,0,160,25,0,185,0,0,0,185
10/28/2011,ACK,MA,ANE,EN,Towers with Radar,0,23,7,0,30,0,235,51,0,286,0,258,58,0,316,0,0,0,316
10/29/2011,ACK,MA,ANE,EN,Towers with Radar,0,25,3,0,28,0,113,12,0,125,0,138,15,0,153,0,0,0,153
10/30/2011,ACK,MA,ANE,EN,Towers with Radar,0,14,4,0,18,0,142,15,0,157,0,156,19,0,175,0,0,0,175
10/31/2011,ACK,MA,ANE,EN,Towers with Radar,0,12,10,1,23,0,217,48,1,266,0,229,58,2,289,0,0,0,289
11/01/2011,ACK,MA,ANE,EN,Towers with Radar,0,15,5,0,20,0,187,28,0,215,0,202,33,0,235,0,0,0,235
11/02/2011,ACK,MA,ANE,EN,Towers with Radar,0,16,2,0,18,0,188,48,0,236,0,204,50,0,254,0,0,0,254
11/03/2011,ACK,MA,ANE,EN,Towers with Radar,0,18,9,0,27,0,197,73,0,270,0,215,82,0,297,0,0,0,297
11/04/2011,ACK,MA,ANE,EN,Towers with Radar,0,19,8,5,32,0,210,42,1,253,0,229,50,6,285,0,0,0,285
11/05/2011,ACK,MA,ANE,EN,Towers with Radar,0,13,9,0,22,0,135,36,0,171,0,148,45,0,193,0,0,0,193
11/06/2011,ACK,MA,ANE,EN,Towers with Radar,0,9,12,0,21,0,145,91,0,236,0,154,103,0,257,0,0,0,257
11/07/2011,ACK,MA,ANE,EN,Towers with Radar,0,12,10,0,22,0,200,38,0,238,0,212,48,0,260,0,0,0,260
11/08/2011,ACK,MA,ANE,EN,Towers with Radar,0,20,2,2,24,0,195,66,0,261,0,215,68,2,285,0,0,0,285
11/09/2011,ACK,MA,ANE,EN,Towers with Radar,0,35,9,0,44,0,216,106,0,322,0,251,115,0,366,0,0,0,366
11/10/2011,ACK,MA,ANE,EN,Towers with Radar,0,97,25,0,122,0,108,36,0,144,0,205,61,0,266,0,0,0,266
11/11/2011,ACK,MA,ANE,EN,Towers with Radar,0,32,15,5,52,0,180,27,0,207,0,212,42,5,259,0,0,0,259
11/12/2011,ACK,MA,ANE,EN,Towers with Radar,0,17,18,0,35,0,126,44,0,170,0,143,62,0,205,0,0,0,205
11/13/2011,ACK,MA,ANE,EN,Towers with Radar,0,15,14,0,29,0,176,79,0,255,0,191,93,0,284,0,0,0,284
11/14/2011,ACK,MA,ANE,EN,Towers with Radar,0,17,15,0,32,0,174,26,0,200,0,191,41,0,232,0,0,0,232
11/15/2011,ACK,MA,ANE,EN,Towers with Radar,0,19,7,0,26,0,204,35,0,239,0,223,42,0,265,0,0,0,265
11/16/2011,ACK,MA,ANE,EN,Towers with Radar,0,83,6,4,93,0,62,6,0,68,0,145,12,4,161,0,0,0,161
11/17/2011,ACK,MA,ANE,EN,Towers with Radar,0,22,7,0,29,0,183,42,0,225,0,205,49,0,254,0,0,0,254
11/18/2011,ACK,MA,ANE,EN,Towers with Radar,0,9,9,0,18,0,223,77,0,300,0,232,86,0,318,6,0,6,324
11/19/2011,ACK,MA,ANE,EN,Towers with Radar,0,7,12,0,19,0,161,60,0,221,0,168,72,0,240,0,0,0,240
11/20/2011,ACK,MA,ANE,EN,Towers with Radar,0,7,9,0,16,0,171,59,0,230,0,178,68,0,246,0,0,0,246
11/21/2011,ACK,MA,ANE,EN,Towers with Radar,0,35,14,3,52,0,189,40,0,229,0,224,54,3,281,0,0,0,281
11/22/2011,ACK,MA,ANE,EN,Towers with Radar,0,57,18,3,78,0,235,41,0,276,0,292,59,3,354,0,0,0,354
11/23/2011,ACK,MA,ANE,EN,Towers with Radar,0,176,51,1,228,0,3,2,0,5,0,179,53,1,233,0,0,0,233
11/24/2011,ACK,MA,ANE,EN,Towers with Radar,0,59,11,0,70,0,134,43,0,177,0,193,54,0,247,0,0,0,247
11/25/2011,ACK,MA,ANE,EN,Towers with Radar,0,31,20,0,51,0,198,66,0,264,0,229,86,0,315,0,0,0,315
11/26/2011,ACK,MA,ANE,EN,Towers with Radar,0,35,29,0,64,0,197,77,0,274,0,232,106,0,338,0,0,0,338
11/27/2011,ACK,MA,ANE,EN,Towers with Radar,0,61,32,4,97,0,198,66,0,264,0,259,98,4,361,0,0,0,361
11/28/2011,ACK,MA,ANE,EN,Towers with Radar,0,17,8,2,27,0,209,31,0,240,0,226,39,2,267,0,0,0,267
11/29/2011,ACK,MA,ANE,EN,Towers with Radar,0,17,7,1,25,0,171,35,10,216,0,188,42,11,241,0,0,0,241
11/30/2011,ACK,MA,ANE,EN,Towers with Radar,0,31,5,0,36,0,202,42,0,244,0,233,47,0,280,0,0,0,280
12/01/2011,ACK,MA,ANE,EN,Towers with Radar,0,42,14,0,56,0,224,67,0,291,0,266,81,0,347,0,0,0,347
12/02/2011,ACK,MA,ANE,EN,Towers with Radar,0,50,24,0,74,0,337,127,0,464,0,387,151,0,538,0,0,0,538
12/03/2011,ACK,MA,ANE,EN,Towers with Radar,0,16,43,2,61,0,202,316,0,518,0,218,359,2,579,0,0,0,579
12/04/2011,ACK,MA,ANE,EN,Towers with Radar,0,101,54,0,155,0,339,182,0,521,0,440,236,0,676,0,0,0,676
12/05/2011,ACK,MA,ANE,EN,Towers with Radar,0,137,23,2,162,0,133,49,0,182,0,270,72,2,344,0,0,0,344
12/06/2011,ACK,MA,ANE,EN,Towers with Radar,0,72,17,6,95,0,142,32,4,178,0,214,49,10,273,0,0,0,273
12/07/2011,ACK,MA,ANE,EN,Towers with Radar,0,111,17,0,128,0,37,6,0,43,0,148,23,0,171,0,0,0,171
12/08/2011,ACK,MA,ANE,EN,Towers with Radar,0,28,5,3,36,0,175,28,4,207,0,203,33,7,243,0,0,0,243
12/09/2011,ACK,MA,ANE,EN,Towers with Radar,0,12,5,2,19,0,187,33,1,221,0,199,38,3,240,0,0,0,240
12/10/2011,ACK,MA,ANE,EN,Towers with Radar,0,10,8,0,18,0,109,41,2,152,0,119,49,2,170,0,0,0,170
12/11/2011,ACK,MA,ANE,EN,Towers with Radar,0,4,4,0,8,0,140,61,0,201,0,144,65,0,209,0,0,0,209
12/12/2011,ACK,MA,ANE,EN,Towers with Radar,0,10,5,0,15,0,201,51,0,252,0,211,56,0,267,0,0,0,267
12/13/2011,ACK,MA,ANE,EN,Towers with Radar,0,12,5,0,17,0,202,29,2,233,0,214,34,2,250,0,0,0,250
12/14/2011,ACK,MA,ANE,EN,Towers with Radar,0,15,8,0,23,0,209,18,0,227,0,224,26,0,250,0,0,0,250
12/15/2011,ACK,MA,ANE,EN,Towers with Radar,0,18,3,0,21,0,189,34,0,223,0,207,37,0,244,0,0,0,244
12/16/2011,ACK,MA,ANE,EN,Towers with Radar,0,13,8,1,22,0,246,47,1,294,0,259,55,2,316,0,0,0,316
12/17/2011,ACK,MA,ANE,EN,Towers with Radar,0,14,7,0,21,0,153,51,0,204,0,167,58,0,225,0,0,0,225
12/18/2011,ACK,MA,ANE,EN,Towers with Radar,0,37,7,0,44,0,120,20,0,140,0,157,27,0,184,0,0,0,184
12/19/2011,ACK,MA,ANE,EN,Towers with Radar,0,11,1,4,16,0,197,41,2,240,0,208,42,6,256,0,0,0,256
12/20/2011,ACK,MA,ANE,EN,Towers with Radar,0,10,1,3,14,0,206,23,3,232,0,216,24,6,246,0,0,0,246
12/21/2011,ACK,MA,ANE,EN,Towers with Radar,0,52,6,0,58,0,130,19,0,149,0,182,25,0,207,0,0,0,207
12/22/2011,ACK,MA,ANE,EN,Towers with Radar,0,9,5,2,16,0,222,40,6,268,0,231,45,8,284,0,0,0,284
12/23/2011,ACK,MA,ANE,EN,Towers with Radar,0,77,9,0,86,0,76,4,0,80,0,153,13,0,166,0,0,0,166
12/24/2011,ACK,MA,ANE,EN,Towers with Radar,0,9,2,0,11,0,110,44,0,154,0,119,46,0,165,0,0,0,165
12/25/2011,ACK,MA,ANE,EN,Towers with Radar,0,10,0,0,10,0,84,8,0,92,0,94,8,0,102,0,0,0,102
12/26/2011,ACK,MA,ANE,EN,Towers with Radar,0,6,0,0,6,0,169,17,2,188,0,175,17,2,194,0,0,0,194
12/27/2011,ACK,MA,ANE,EN,Towers with Radar,0,15,3,0,18,0,206,15,0,221,0,221,18,0,239,0,2,2,241
12/28/2011,ACK,MA,ANE,EN,Towers with Radar,0,14,5,0,19,0,184,33,2,219,0,198,38,2,238,0,0,0,238
12/29/2011,ACK,MA,ANE,EN,Towers with Radar,0,9,0,0,9,0,162,38,2,202,0,171,38,2,211,0,0,0,211
12/30/2011,ACK,MA,ANE,EN,Towers with Radar,0,13,2,2,17,0,211,33,2,246,0,224,35,4,263,0,0,0,263
12/31/2011,ACK,MA,ANE,EN,Towers with Radar,0,71,10,2,83,0,66,12,0,78,0,137,22,2,161,0,0,0,161
01/01/2012,ACK,MA,ANE,EN,Towers with Radar,0,13,15,0,28,0,113,70,0,183,0,126,85,0,211,0,0,0,211
01/02/2012,ACK,MA,ANE,EN,Towers with Radar,0,10,5,0,15,0,207,33,0,240,0,217,38,0,255,0,0,0,255
01/03/2012,ACK,MA,ANE,EN,Towers with Radar,0,11,5,0,16,0,196,39,1,236,0,207,44,1,252,0,0,0,252
01/04/2012,ACK,MA,ANE,EN,Towers with Radar,0,15,2,7,24,0,205,41,0,246,0,220,43,7,270,0,0,0,270
01/05/2012,ACK,MA,ANE,EN,Towers with Radar,0,16,6,2,24,0,243,46,0,289,0,259,52,2,313,0,0,0,313
01/06/2012,ACK,MA,ANE,EN,Towers with Radar,0,11,7,5,23,0,212,50,2,264,0,223,57,7,287,0,0,0,287
01/07/2012,ACK,MA,ANE,EN,Towers with Radar,0,7,5,0,12,0,144,69,0,213,0,151,74,0,225,0,0,0,225
01/08/2012,ACK,MA,ANE,EN,Towers with Radar,0,7,13,0,20,0,113,59,0,172,0,120,72,0,192,0,0,0,192
01/09/2012,ACK,MA,ANE,EN,Towers with Radar,0,19,6,2,27,0,213,41,2,256,0,232,47,4,283,0,0,0,283
01/10/2012,ACK,MA,ANE,EN,Towers with Radar,0,24,2,4,30,0,215,36,6,257,0,239,38,10,287,0,0,0,287
01/11/2012,ACK,MA,ANE,EN,Towers with Radar,0,17,4,0,21,0,205,49,0,254,0,222,53,0,275,0,0,0,275
01/12/2012,ACK,MA,ANE,EN,Towers with Radar,0,87,13,0,100,0,4,0,0,4,0,91,13,0,104,0,0,0,104
01/13/2012,ACK,MA,ANE,EN,Towers with Radar,0,36,10,0,46,0,114,25,0,139,0,150,35,0,185,0,0,0,185
01/14/2012,ACK,MA,ANE,EN,Towers with Radar,0,6,5,0,11,0,125,32,0,157,0,131,37,0,168,0,0,0,168
01/15/2012,ACK,MA,ANE,EN,Towers with Radar,0,25,8,0,33,0,103,17,0,120,0,128,25,0,153,0,0,0,153
01/16/2012,ACK,MA,ANE,EN,Towers with Radar,0,23,5,0,28,0,202,38,0,240,0,225,43,0,268,0,0,0,268
01/17/2012,ACK,MA,ANE,EN,Towers with Radar,0,45,5,0,50,0,161,25,0,186,0,206,30,0,236,0,0,0,236
01/18/2012,ACK,MA,ANE,EN,Towers with Radar,0,19,3,1,23,0,223,31,12,266,0,242,34,13,289,0,0,0,289
01/19/2012,ACK,MA,ANE,EN,Towers with Radar,0,22,1,0,23,0,209,33,0,242,0,231,34,0,265,0,0,0,265
01/20/2012,ACK,MA,ANE,EN,Towers with Radar,0,22,6,0,28,0,184,28,0,212,0,206,34,0,240,0,0,0,240
01/21/2012,ACK,MA,ANE,EN,Towers with Radar,0,12,3,0,15,0,6,0,0,6,0,18,3,0,21,0,0,0,21
01/22/2012,ACK,MA,ANE,EN,Towers with Radar,0,22,7,0,29,0,98,10,0,108,0,120,17,0,137,0,0,0,137
01/23/2012,ACK,MA,ANE,EN,Towers with Radar,0,51,8,0,59,0,164,13,0,177,0,215,21,0,236,0,0,0,236
01/24/2012,ACK,MA,ANE,EN,Towers with Radar,0,69,9,0,78,0,129,15,0,144,0,198,24,0,222,0,0,0,222
01/25/2012,ACK,MA,ANE,EN,Towers with Radar,0,10,6,8,24,0,204,42,2,248,0,214,48,10,272,0,0,0,272
01/26/2012,ACK,MA,ANE,EN,Towers with Radar,0,27,14,2,43,0,188,42,0,230,0,215,56,2,273,0,0,0,273
01/27/2012,ACK,MA,ANE,EN,Towers with Radar,0,81,13,0,94,0,12,6,0,18,0,93,19,0,112,0,0,0,112
01/28/2012,ACK,MA,ANE,EN,Towers with Radar,0,4,2,0,6,0,146,82,0,228,0,150,84,0,234,0,0,0,234
01/29/2012,ACK,MA,ANE,EN,Towers with Radar,0,5,4,0,9,0,118,33,0,151,0,123,37,0,160,0,0,0,160
01/30/2012,ACK,MA,ANE,EN,Towers with Radar,0,14,4,3,21,0,236,20,1,257,0,250,24,4,278,0,0,0,278
01/31/2012,ACK,MA,ANE,EN,Towers with Radar,0,15,5,0,20,0,228,27,0,255,0,243,32,0,275,0,0,0,275
02/01/2012,ACK,MA,ANE,EN,Towers with Radar,0,15,1,0,16,0,220,29,0,249,0,235,30,0,265,0,0,0,265
02/02/2012,ACK,MA,ANE,EN,Towers with Radar,0,37,6,4,47,0,222,38,0,260,0,259,44,4,307,0,0,0,307
02/03/2012,ACK,MA,ANE,EN,Towers with Radar,0,12,6,2,20,0,241,44,2,287,0,253,50,4,307,0,0,0,307
02/04/2012,ACK,MA,ANE,EN,Towers with Radar,0,9,7,0,16,0,149,56,0,205,0,158,63,0,221,0,0,0,221
02/05/2012,ACK,MA,ANE,EN,Towers with Radar,0,6,3,0,9,0,117,47,0,164,0,123,50,0,173,0,0,0,173
02/06/2012,ACK,MA,ANE,EN,Towers with Radar,0,7,8,0,15,0,214,53,0,267,0,221,61,0,282,0,0,0,282
02/07/2012,ACK,MA,ANE,EN,Towers with Radar,0,12,2,0,14,0,227,52,0,279,0,239,54,0,293,0,0,0,293
02/08/2012,ACK,MA,ANE,EN,Towers with Radar,0,5,9,7,21,0,237,51,0,288,0,242,60,7,309,4,0,4,313
02/09/2012,ACK,MA,ANE,EN,Towers with Radar,0,11,1,0,12,0,222,42,0,264,0,233,43,0,276,0,0,0,276
02/10/2012,ACK,MA,ANE,EN,Towers with Radar,0,11,3,0,14,0,229,64,4,297,0,240,67,4,311,0,0,0,311
02/11/2012,ACK,MA,ANE,EN,Towers with Radar,0,69,6,0,75,0,1,0,0,1,0,70,6,0,76,0,0,0,76
02/12/2012,ACK,MA,ANE,EN,Towers with Radar,0,6,6,0,12,0,133,12,0,145,0,139,18,0,157,0,0,0,157
02/13/2012,ACK,MA,ANE,EN,Towers with Radar,0,7,5,2,14,0,257,39,0,296,0,264,44,2,310,0,0,0,310
02/14/2012,ACK,MA,ANE,EN,Towers with Radar,0,11,6,3,20,0,210,53,3,266,0,221,59,6,286,0,0,0,286
02/15/2012,ACK,MA,ANE,EN,Towers with Radar,0,109,23,3,135,0,148,31,0,179,0,257,54,3,314,0,0,0,314
02/16/2012,ACK,MA,ANE,EN,Towers with Radar,0,30,7,0,37,0,172,30,0,202,0,202,37,0,239,0,0,0,239
02/17/2012,ACK,MA,ANE,EN,Towers with Radar,0,86,21,0,107,0,107,30,0,137,0,193,51,0,244,0,0,0,244
02/18/2012,ACK,MA,ANE,EN,Towers with Radar,0,6,7,0,13,0,149,51,0,200,0,155,58,0,213,0,0,0,213
02/19/2012,ACK,MA,ANE,EN,Towers with Radar,0,3,6,0,9,0,164,61,0,225,0,167,67,0,234,0,0,0,234
02/20/2012,ACK,MA,ANE,EN,Towers with Radar,0,10,7,0,17,0,227,56,0,283,0,237,63,0,300,0,0,0,300
02/21/2012,ACK,MA,ANE,EN,Towers with Radar,0,5,0,0,5,0,227,48,0,275,0,232,48,0,280,0,0,0,280
02/22/2012,ACK,MA,ANE,EN,Towers with Radar,0,12,1,3,16,0,246,68,1,315,0,258,69,4,331,0,34,34,365
02/23/2012,ACK,MA,ANE,EN,Towers with Radar,0,47,7,1,55,0,143,23,1,167,0,190,30,2,222,0,0,0,222
02/24/2012,ACK,MA,ANE,EN,Towers with Radar,0,124,10,0,134,0,30,3,0,33,0,154,13,0,167,0,0,0,167
02/25/2012,ACK,MA,ANE,EN,Towers with Radar,0,1,1,0,2,0,128,19,0,147,0,129,20,0,149,0,0,0,149
02/26/2012,ACK,MA,ANE,EN,Towers with Radar,0,7,6,0,13,0,144,31,0,175,0,151,37,0,188,0,0,0,188
02/27/2012,ACK,MA,ANE,EN,Towers with Radar,0,21,5,0,26,0,172,38,0,210,0,193,43,0,236,0,0,0,236
02/28/2012,ACK,MA,ANE,EN,Towers with Radar,0,6,3,0,9,0,220,43,0,263,0,226,46,0,272,0,0,0,272
02/29/2012,ACK,MA,ANE,EN,Towers with Radar,0,39,6,0,45,0,119,24,0,143,0,158,30,0,188,0,0,0,188
03/01/2012,ACK,MA,ANE,EN,Towers with Radar,0,110,14,4,128,0,0,0,0,0,0,110,14,4,128,0,0,0,128
03/02/2012,ACK,MA,ANE,EN,Towers with Radar,0,29,6,0,35,0,212,51,1,264,0,241,57,1,299,0,0,0,299
03/03/2012,ACK,MA,ANE,EN,Towers with Radar,0,58,8,0,66,0,70,17,0,87,0,128,25,0,153,0,0,0,153
03/04/2012,ACK,MA,ANE,EN,Towers with Radar,0,21,12,0,33,0,111,40,1,152,0,132,52,1,185,0,0,0,185
03/05/2012,ACK,MA,ANE,EN,Towers with Radar,0,24,0,1,25,0,210,44,3,257,0,234,44,4,282,0,0,0,282
03/06/2012,ACK,MA,ANE,EN,Towers with Radar,0,11,0,1,12,0,210,40,1,251,0,221,40,2,263,0,0,0,263
03/07/2012,ACK,MA,ANE,EN,Towers with Radar,0,16,5,7,28,0,211,53,41,305,0,227,58,48,333,4,0,4,337
03/08/2012,ACK,MA,ANE,EN,Towers with Radar,0,9,6,0,15,0,232,58,0,290,0,241,64,0,305,0,0,0,305
03/09/2012,ACK,MA,ANE,EN,Towers with Radar,0,11,8,0,19,0,222,54,0,276,0,233,62,0,295,4,0,4,299
03/10/2012,ACK,MA,ANE,EN,Towers with Radar,0,25,7,0,32,0,154,30,0,184,0,179,37,0,216,0,0,0,216
03/11/2012,ACK,MA,ANE,EN,Towers with Radar,0,6,7,0,13,0,130,61,0,191,0,136,68,0,204,0,0,0,204
03/12/2012,ACK,MA,ANE,EN,Towers with Radar,0,16,2,0,18,0,202,54,0,256,0,218,56,0,274,0,0,0,274
03/13/2012,ACK,MA,ANE,EN,Towers with Radar,0,61,12,2,75,0,107,19,2,128,0,168,31,4,203,0,0,0,203
03/14/2012,ACK,MA,ANE,EN,Towers with Radar,0,87,7,0,94,0,32,10,0,42,0,119,17,0,136,0,0,0,136
03/15/2012,ACK,MA,ANE,EN,Towers with Radar,0,45,11,0,56,0,182,49,0,231,0,227,60,0,287,0,0,0,287
03/16/2012,ACK,MA,ANE,EN,Towers with Radar,0,76,15,0,91,0,139,40,0,179,0,215,55,0,270,0,0,0,270
03/17/2012,ACK,MA,ANE,EN,Towers with Radar,0,32,9,0,41,0,116,36,0,152,0,148,45,0,193,0,0,0,193
03/18/2012,ACK,MA,ANE,EN,Towers with Radar,0,14,19,1,34,0,124,84,1,209,0,138,103,2,243,0,0,0,243
03/19/2012,ACK,MA,ANE,EN,Towers with Radar,0,15,8,0,23,0,252,47,0,299,0,267,55,0,322,0,0,0,322
03/20/2012,ACK,MA,ANE,EN,Towers with Radar,0,34,10,2,46,0,147,35,0,182,0,181,45,2,228,0,0,0,228
03/21/2012,ACK,MA,ANE,EN,Towers with Radar,0,34,10,0,44,0,96,36,0,132,0,130,46,0,176,0,0,0,176
03/22/2012,ACK,MA,ANE,EN,Towers with Radar,0,110,20,0,130,0,0,0,0,0,0,110,20,0,130,0,0,0,130
03/23/2012,ACK,MA,ANE,EN,Towers with Radar,0,19,11,2,32,0,232,74,6,312,0,251,85,8,344,0,2,2,346
03/24/2012,ACK,MA,ANE,EN,Towers with Radar,0,7,8,0,15,0,158,73,0,231,0,165,81,0,246,0,0,0,246
03/25/2012,ACK,MA,ANE,EN,Towers with Radar,0,63,8,0,71,0,74,17,0,91,0,137,25,0,162,0,0,0,162
03/26/2012,ACK,MA,ANE,EN,Towers with Radar,0,46,7,0,53,0,166,33,0,199,0,212,40,0,252,0,0,0,252
03/27/2012,ACK,MA,ANE,EN,Towers with Radar,0,9,3,0,12,0,219,39,0,258,0,228,42,0,270,0,0,0,270
03/28/2012,ACK,MA,ANE,EN,Towers with Radar,0,21,8,2,31,10,199,52,2,263,10,220,60,4,294,0,10,10,304
03/29/2012,ACK,MA,ANE,EN,Towers with Radar,0,84,12,2,98,0,101,29,0,130,0,185,41,2,228,0,0,0,228
03/30/2012,ACK,MA,ANE,EN,Towers with Radar,0,15,10,1,26,15,213,68,1,297,15,228,78,2,323,0,0,0,323
03/31/2012,ACK,MA,ANE,EN,Towers with Radar,0,82,14,0,96,0,54,8,0,62,0,136,22,0,158,0,0,0,158
04/01/2012,ACK,MA,ANE,EN,Towers with Radar,0,9,18,0,27,0,143,68,0,211,0,152,86,0,238,0,0,0,238
04/02/2012,ACK,MA,ANE,EN,Towers with Radar,0,142,18,0,160,0,122,21,0,143,0,264,39,0,303,0,0,0,303
04/03/2012,ACK,MA,ANE,EN,Towers with Radar,0,48,8,1,57,0,181,44,1,226,0,229,52,2,283,12,0,12,295
04/04/2012,ACK,MA,ANE,EN,Towers with Radar,0,8,3,0,11,0,234,43,0,277,0,242,46,0,288,24,0,24,312
04/05/2012,ACK,MA,ANE,EN,Towers with Radar,0,16,4,2,22,0,249,63,0,312,0,265,67,2,334,0,0,0,334
04/06/2012,ACK,MA,ANE,EN,Towers with Radar,0,19,15,1,35,0,261,73,9,343,0,280,88,10,378,0,0,0,378
04/07/2012,ACK,MA,ANE,EN,Towers with Radar,0,8,8,0,16,0,186,70,0,256,0,194,78,0,272,0,0,0,272
04/08/2012,ACK,MA,ANE,EN,Towers with Radar,0,22,13,1,36,0,169,50,1,220,0,191,63,2,256,0,0,0,256
04/09/2012,ACK,MA,ANE,EN,Towers with Radar,0,15,1,0,16,0,261,33,0,294,0,276,34,0,310,0,0,0,310
04/10/2012,ACK,MA,ANE,EN,Towers with Radar,0,8,4,2,14,0,223,39,1,263,0,231,43,3,277,2,0,2,279
04/11/2012,ACK,MA,ANE,EN,Towers with Radar,0,10,3,0,13,0,249,43,0,292,0,259,46,0,305,0,0,0,305
04/12/2012,ACK,MA,ANE,EN,Towers with Radar,0,19,5,0,24,0,251,64,2,317,0,270,69,2,341,0,0,0,341
04/13/2012,ACK,MA,ANE,EN,Towers with Radar,0,17,12,4,33,0,258,83,0,341,0,275,95,4,374,0,0,0,374
04/14/2012,ACK,MA,ANE,EN,Towers with Radar,0,15,7,3,25,0,171,65,1,237,0,186,72,4,262,0,0,0,262
04/15/2012,ACK,MA,ANE,EN,Towers with Radar,0,8,5,1,14,0,137,67,0,204,0,145,72,1,218,0,0,0,218
04/16/2012,ACK,MA,ANE,EN,Towers with Radar,0,13,3,0,16,0,235,62,0,297,0,248,65,0,313,0,0,0,313
04/17/2012,ACK,MA,ANE,EN,Towers with Radar,0,4,3,0,7,0,224,42,0,266,0,228,45,0,273,0,0,0,273
04/18/2012,ACK,MA,ANE,EN,Towers with Radar,0,4,1,0,5,0,253,49,0,302,0,257,50,0,307,0,0,0,307
04/19/2012,ACK,MA,ANE,EN,Towers with Radar,0,5,0,0,5,0,206,61,0,267,0,211,61,0,272,0,0,0,272
04/20/2012,ACK,MA,ANE,EN,Towers with Radar,0,9,2,0,11,0,237,79,0,316,0,246,81,0,327,0,0,0,327
04/21/2012,ACK,MA,ANE,EN,Towers with Radar,0,0,16,0,16,0,0,0,0,0,0,0,16,0,16,0,0,0,16
04/22/2012,ACK,MA,ANE,EN,Towers with Radar,0,54,6,0,60,0,6,0,0,6,0,60,6,0,66,0,0,0,66
04/23/2012,ACK,MA,ANE,EN,Towers with Radar,0,113,17,0,130,0,30,0,0,30,0,143,17,0,160,0,0,0,160
04/24/2012,ACK,MA,ANE,EN,Towers with Radar,0,13,4,0,17,0,239,53,0,292,0,252,57,0,309,0,0,0,309
04/25/2012,ACK,MA,ANE,EN,Towers with Radar,0,9,4,0,13,0,240,71,2,313,0,249,75,2,326,14,0,14,340
04/26/2012,ACK,MA,ANE,EN,Towers with Radar,0,25,7,2,34,0,272,56,0,328,0,297,63,2,362,8,0,8,370
04/27/2012,ACK,MA,ANE,EN,Towers with Radar,0,62,29,0,91,0,317,115,0,432,0,379,144,0,523,0,0,0,523
04/28/2012,ACK,MA,ANE,EN,Towers with Radar,0,30,12,0,42,0,178,130,0,308,0,208,142,0,350,0,0,0,350
04/29/2012,ACK,MA,ANE,EN,Towers with Radar,0,58,33,0,91,0,339,138,2,479,0,397,171,2,570,0,0,0,570
04/30/2012,ACK,MA,ANE,EN,Towers with Radar,0,17,11,1,29,0,274,71,8,353,0,291,82,9,382,0,0,0,382
05/01/2012,ACK,MA,ANE,EN,Towers with Radar,0,85,14,0,99,0,117,21,0,138,0,202,35,0,237,0,0,0,237
05/02/2012,ACK,MA,ANE,EN,Towers with Radar,0,158,29,0,187,0,0,0,0,0,0,158,29,0,187,0,0,0,187
05/03/2012,ACK,MA,ANE,EN,Towers with Radar,0,72,21,0,93,0,110,37,0,147,0,182,58,0,240,16,0,16,256
05/04/2012,ACK,MA,ANE,EN,Towers with Radar,0,136,32,4,172,0,46,5,0,51,0,182,37,4,223,0,0,0,223
05/05/2012,ACK,MA,ANE,EN,Towers with Radar,0,89,20,0,109,0,28,8,0,36,0,117,28,0,145,0,0,0,145
05/06/2012,ACK,MA,ANE,EN,Towers with Radar,0,36,31,0,67,0,148,76,0,224,0,184,107,0,291,20,0,20,311
05/07/2012,ACK,MA,ANE,EN,Towers with Radar,0,14,10,0,24,0,284,94,0,378,0,298,104,0,402,0,0,0,402
05/08/2012,ACK,MA,ANE,EN,Towers with Radar,0,10,9,0,19,0,230,46,6,282,0,240,55,6,301,0,0,0,301
05/09/2012,ACK,MA,ANE,EN,Towers with Radar,0,128,29,0,157,0,15,7,0,22,0,143,36,0,179,0,0,0,179
05/10/2012,ACK,MA,ANE,EN,Towers with Radar,0,73,12,6,91,0,119,25,3,147,0,192,37,9,238,0,0,0,238
05/11/2012,ACK,MA,ANE,EN,Towers with Radar,0,16,12,2,30,0,276,81,2,359,0,292,93,4,389,0,0,0,389
05/12/2012,ACK,MA,ANE,EN,Towers with Radar,0,5,12,0,17,0,180,82,0,262,0,185,94,0,279,0,0,0,279
05/13/2012,ACK,MA,ANE,EN,Towers with Radar,0,16,11,0,27,0,214,101,0,315,0,230,112,0,342,0,0,0,342
05/14/2012,ACK,MA,ANE,EN,Towers with Radar,0,34,9,0,43,0,268,57,0,325,0,302,66,0,368,0,0,0,368
05/15/2012,ACK,MA,ANE,EN,Towers with Radar,0,33,9,9,51,0,223,41,2,266,0,256,50,11,317,0,2,2,319
05/16/2012,ACK,MA,ANE,EN,Towers with Radar,0,168,21,0,189,0,0,0,0,0,0,168,21,0,189,0,0,0,189
05/17/2012,ACK,MA,ANE,EN,Towers with Radar,4,65,19,0,88,0,248,91,0,339,4,313,110,0,427,0,0,0,427
05/18/2012,ACK,MA,ANE,EN,Towers with Radar,4,36,23,4,67,0,364,143,2,509,4,400,166,6,576,0,12,12,588
05/19/2012,ACK,MA,ANE,EN,Towers with Radar,4,15,7,0,26,0,210,137,0,347,4,225,144,0,373,12,0,12,385
05/20/2012,ACK,MA,ANE,EN,Towers with Radar,4,38,24,0,66,0,316,173,0,489,4,354,197,0,555,0,0,0,555
05/21/2012,ACK,MA,ANE,EN,Towers with Radar,4,176,28,0,208,0,0,0,0,0,4,176,28,0,208,0,0,0,208
05/22/2012,ACK,MA,ANE,EN,Towers with Radar,4,153,24,0,181,0,0,0,0,0,4,153,24,0,181,0,0,0,181
05/23/2012,ACK,MA,ANE,EN,Towers with Radar,4,123,19,0,146,0,82,24,0,106,4,205,43,0,252,0,0,0,252
05/24/2012,ACK,MA,ANE,EN,Towers with Radar,4,199,63,0,266,0,106,35,0,141,4,305,98,0,407,0,0,0,407
05/25/2012,ACK,MA,ANE,EN,Towers with Radar,10,337,148,0,495,0,0,0,0,0,10,337,148,0,495,0,0,0,495
05/26/2012,ACK,MA,ANE,EN,Towers with Radar,4,174,75,0,253,0,34,14,0,48,4,208,89,0,301,0,0,0,301
05/27/2012,ACK,MA,ANE,EN,Towers with Radar,4,48,19,2,73,0,188,87,0,275,4,236,106,2,348,20,0,20,368
05/28/2012,ACK,MA,ANE,EN,Towers with Radar,6,256,118,2,382,0,245,149,0,394,6,501,267,2,776,0,0,0,776
05/29/2012,ACK,MA,ANE,EN,Towers with Radar,4,128,30,0,162,0,137,38,0,175,4,265,68,0,337,0,0,0,337
05/30/2012,ACK,MA,ANE,EN,Towers with Radar,12,106,27,0,145,0,106,27,10,143,12,212,54,10,288,0,0,0,288
05/31/2012,ACK,MA,ANE,EN,Towers with Radar,4,62,26,2,94,0,203,78,0,281,4,265,104,2,375,0,0,0,375
06/01/2012,ACK,MA,ANE,EN,Towers with Radar,4,82,54,2,142,0,235,111,0,346,4,317,165,2,488,0,0,0,488
06/02/2012,ACK,MA,ANE,EN,Towers with Radar,4,95,8,0,107,0,1,0,0,1,4,96,8,0,108,0,0,0,108
06/03/2012,ACK,MA,ANE,EN,Towers with Radar,4,82,46,1,133,0,141,55,0,196,4,223,101,1,329,0,0,0,329
06/04/2012,ACK,MA,ANE,EN,Towers with Radar,4,177,29,0,210,0,11,0,0,11,4,188,29,0,221,0,0,0,221
06/05/2012,ACK,MA,ANE,EN,Towers with Radar,3,92,13,0,108,0,177,40,0,217,3,269,53,0,325,0,0,0,325
06/06/2012,ACK,MA,ANE,EN,Towers with Radar,4,36,11,1,52,0,268,71,12,351,4,304,82,13,403,0,0,0,403
06/07/2012,ACK,MA,ANE,EN,Towers with Radar,4,119,24,1,148,0,184,59,0,243,4,303,83,1,391,0,0,0,391
06/08/2012,ACK,MA,ANE,EN,Towers with Radar,4,194,109,0,307,0,54,23,0,77,4,248,132,0,384,0,0,0,384
06/09/2012,ACK,MA,ANE,EN,Towers with Radar,4,27,26,0,57,0,243,112,2,357,4,270,138,2,414,12,0,12,426
06/10/2012,ACK,MA,ANE,EN,Towers with Radar,4,55,38,0,97,0,282,160,1,443,4,337,198,1,540,0,0,0,540
06/11/2012,ACK,MA,ANE,EN,Towers with Radar,4,58,21,0,83,0,251,90,0,341,4,309,111,0,424,0,0,0,424
06/12/2012,ACK,MA,ANE,EN,Towers with Radar,4,102,42,3,151,0,175,75,7,257,4,277,117,10,408,36,0,36,444
06/13/2012,ACK,MA,ANE,EN,Towers with Radar,4,163,46,0,213,0,97,16,0,113,4,260,62,0,326,34,0,34,360
06/14/2012,ACK,MA,ANE,EN,Towers with Radar,4,156,37,0,197,0,168,49,0,217,4,324,86,0,414,0,0,0,414
06/15/2012,ACK,MA,ANE,EN,Towers with Radar,4,86,44,5,139,0,347,133,2,482,4,433,177,7,621,1,2,3,624
06/16/2012,ACK,MA,ANE,EN,Towers with Radar,4,88,59,0,151,0,232,113,0,345,4,320,172,0,496,0,0,0,496
06/17/2012,ACK,MA,ANE,EN,Towers with Radar,4,82,55,0,141,0,262,138,0,400,4,344,193,0,541,0,0,0,541
06/18/2012,ACK,MA,ANE,EN,Towers with Radar,4,149,47,0,200,0,207,69,0,276,4,356,116,0,476,0,0,0,476
06/19/2012,ACK,MA,ANE,EN,Towers with Radar,4,183,56,0,243,0,51,15,0,66,4,234,71,0,309,0,0,0,309
06/20/2012,ACK,MA,ANE,EN,Towers with Radar,4,63,26,7,100,0,277,114,2,393,4,340,140,9,493,0,0,0,493
06/21/2012,ACK,MA,ANE,EN,Towers with Radar,6,48,25,1,80,0,291,128,2,421,6,339,153,3,501,11,2,13,514
06/22/2012,ACK,MA,ANE,EN,Towers with Radar,6,75,60,0,141,0,364,138,2,504,6,439,198,2,645,0,0,0,645
06/23/2012,ACK,MA,ANE,EN,Towers with Radar,9,134,69,0,212,0,236,108,0,344,9,370,177,0,556,0,0,0,556
06/24/2012,ACK,MA,ANE,EN,Towers with Radar,6,76,50,2,134,0,351,249,0,600,6,427,299,2,734,0,0,0,734
06/25/2012,ACK,MA,ANE,EN,Towers with Radar,6,104,44,0,154,0,236,59,0,295,6,340,103,0,449,0,0,0,449
06/26/2012,ACK,MA,ANE,EN,Towers with Radar,6,122,41,1,170,0,171,62,8,241,6,293,103,9,411,0,24,24,435
06/27/2012,ACK,MA,ANE,EN,Towers with Radar,6,57,24,4,91,0,266,96,7,369,6,323,120,11,460,0,4,4,464
06/28/2012,ACK,MA,ANE,EN,Towers with Radar,6,88,33,2,129,0,356,167,4,527,6,444,200,6,656,0,4,4,660
06/29/2012,ACK,MA,ANE,EN,Towers with Radar,6,128,50,2,186,0,447,205,0,652,6,575,255,2,838,0,0,0,838
06/30/2012,ACK,MA,ANE,EN,Towers with Radar,6,97,73,0,176,0,406,223,0,629,6,503,296,0,805,0,0,0,805
07/01/2012,ACK,MA,ANE,EN,Towers with Radar,6,74,63,0,143,0,341,201,0,542,6,415,264,0,685,0,0,0,685
07/02/2012,ACK,MA,ANE,EN,Towers with Radar,6,66,50,0,122,0,344,151,0,495,6,410,201,0,617,10,0,10,627
07/03/2012,ACK,MA,ANE,EN,Towers with Radar,6,60,48,5,119,0,369,194,6,569,6,429,242,11,688,0,4,4,692
07/04/2012,ACK,MA,ANE,EN,Towers with Radar,6,66,34,0,106,0,234,99,0,333,6,300,133,0,439,0,0,0,439
07/05/2012,ACK,MA,ANE,EN,Towers with Radar,6,55,38,0,99,0,337,163,0,500,6,392,201,0,599,0,0,0,599
07/06/2012,ACK,MA,ANE,EN,Towers with Radar,6,56,35,0,97,0,361,180,2,543,6,417,215,2,640,0,0,0,640
07/07/2012,ACK,MA,ANE,EN,Towers with Radar,6,83,61,0,150,0,297,127,4,428,6,380,188,4,578,0,0,0,578
07/08/2012,ACK,MA,ANE,EN,Towers with Radar,6,120,113,1,240,0,501,332,0,833,6,621,445,1,1073,0,0,0,1073
07/09/2012,ACK,MA,ANE,EN,Towers with Radar,6,68,38,0,112,0,360,138,0,498,6,428,176,0,610,0,0,0,610
07/10/2012,ACK,MA,ANE,EN,Towers with Radar,5,48,39,3,95,0,290,151,1,442,5,338,190,4,537,0,0,0,537
07/11/2012,ACK,MA,ANE,EN,Towers with Radar,6,57,34,1,98,0,295,115,2,412,6,352,149,3,510,0,0,0,510
07/12/2012,ACK,MA,ANE,EN,Towers with Radar,6,68,37,0,111,0,348,182,0,530,6,416,219,0,641,8,0,8,649
07/13/2012,ACK,MA,ANE,EN,Towers with Radar,5,106,61,0,172,0,415,222,0,637,5,521,283,0,809,0,0,0,809
07/14/2012,ACK,MA,ANE,EN,Towers with Radar,6,65,51,0,122,0,314,195,1,510,6,379,246,1,632,0,0,0,632
07/15/2012,ACK,MA,ANE,EN,Towers with Radar,6,197,108,2,313,0,179,96,0,275,6,376,204,2,588,0,0,0,588
07/16/2012,ACK,MA,ANE,EN,Towers with Radar,6,132,57,2,197,0,244,113,2,359,6,376,170,4,556,0,0,0,556
07/17/2012,ACK,MA,ANE,EN,Towers with Radar,6,55,42,0,103,0,282,137,0,419,6,337,179,0,522,0,0,0,522
07/18/2012,ACK,MA,ANE,EN,Towers with Radar,4,50,27,0,81,0,256,108,0,364,4,306,135,0,445,0,0,0,445
07/19/2012,ACK,MA,ANE,EN,Towers with Radar,6,111,73,4,194,0,351,169,0,520,6,462,242,4,714,0,0,0,714
07/20/2012,ACK,MA,ANE,EN,Towers with Radar,6,131,85,1,223,0,436,179,0,615,6,567,264,1,838,0,0,0,838
07/21/2012,ACK,MA,ANE,EN,Towers with Radar,6,51,34,1,92,0,303,217,0,520,6,354,251,1,612,0,0,0,612
07/22/2012,ACK,MA,ANE,EN,Towers with Radar,6,94,76,0,176,0,389,279,1,669,6,483,355,1,845,0,0,0,845
07/23/2012,ACK,MA,ANE,EN,Towers with Radar,6,102,66,0,174,0,345,134,0,479,6,447,200,0,653,0,0,0,653
07/24/2012,ACK,MA,ANE,EN,Towers with Radar,6,116,56,1,179,0,240,81,1,322,6,356,137,2,501,0,0,0,501
07/25/2012,ACK,MA,ANE,EN,Towers with Radar,6,62,31,3,102,0,317,142,5,464,6,379,173,8,566,0,0,0,566
07/26/2012,ACK,MA,ANE,EN,Towers with Radar,6,162,75,0,243,0,272,98,0,370,6,434,173,0,613,0,0,0,613
07/27/2012,ACK,MA,ANE,EN,Towers with Radar,6,188,77,1,272,0,281,126,0,407,6,469,203,1,679,0,0,0,679
07/28/2012,ACK,MA,ANE,EN,Towers with Radar,6,223,65,0,294,0,0,0,0,0,6,223,65,0,294,0,0,0,294
07/29/2012,ACK,MA,ANE,EN,Towers with Radar,6,322,144,0,472,0,6,3,0,9,6,328,147,0,481,0,0,0,481
07/30/2012,ACK,MA,ANE,EN,Towers with Radar,6,85,51,0,142,0,301,142,0,443,6,386,193,0,585,0,0,0,585
07/31/2012,ACK,MA,ANE,EN,Towers with Radar,6,173,56,0,235,0,156,57,6,219,6,329,113,6,454,0,0,0,454
08/01/2012,ACK,MA,ANE,EN,Towers with Radar,6,152,60,5,223,0,233,105,20,358,6,385,165,25,581,0,0,0,581
08/02/2012,ACK,MA,ANE,EN,Towers with Radar,6,191,67,4,268,0,251,123,0,374,6,442,190,4,642,0,0,0,642
08/03/2012,ACK,MA,ANE,EN,Towers with Radar,6,358,188,1,553,0,23,14,0,37,6,381,202,1,590,0,0,0,590
08/04/2012,ACK,MA,ANE,EN,Towers with Radar,6,211,90,2,309,0,60,25,0,85,6,271,115,2,394,0,0,0,394
08/05/2012,ACK,MA,ANE,EN,Towers with Radar,6,271,145,0,422,0,103,60,0,163,6,374,205,0,585,0,0,0,585
08/06/2012,ACK,MA,ANE,EN,Towers with Radar,7,195,89,0,291,0,199,83,0,282,7,394,172,0,573,0,0,0,573
08/07/2012,ACK,MA,ANE,EN,Towers with Radar,6,52,26,3,87,0,316,181,6,503,6,368,207,9,590,0,0,0,590
08/08/2012,ACK,MA,ANE,EN,Towers with Radar,6,72,51,8,137,0,284,151,10,445,6,356,202,18,582,12,0,12,594
08/09/2012,ACK,MA,ANE,EN,Towers with Radar,6,146,68,0,220,0,361,178,0,539,6,507,246,0,759,9,0,9,768
08/10/2012,ACK,MA,ANE,EN,Towers with Radar,5,247,148,0,400,0,137,71,0,208,5,384,219,0,608,0,0,0,608
08/11/2012,ACK,MA,ANE,EN,Towers with Radar,6,188,76,0,270,0,157,61,0,218,6,345,137,0,488,0,0,0,488
08/12/2012,ACK,MA,ANE,EN,Towers with Radar,9,244,124,0,377,0,247,140,0,387,9,491,264,0,764,0,0,0,764
08/13/2012,ACK,MA,ANE,EN,Towers with Radar,6,91,76,1,174,0,307,166,1,474,6,398,242,2,648,0,0,0,648
08/14/2012,ACK,MA,ANE,EN,Towers with Radar,6,63,41,2,112,0,305,160,0,465,6,368,201,2,577,0,0,0,577
08/15/2012,ACK,MA,ANE,EN,Towers with Radar,6,123,40,3,172,0,232,99,0,331,6,355,139,3,503,0,0,0,503
08/16/2012,ACK,MA,ANE,EN,Towers with Radar,6,97,52,2,157,0,351,129,3,483,6,448,181,5,640,0,0,0,640
08/17/2012,ACK,MA,ANE,EN,Towers with Radar,6,91,74,1,172,0,414,238,0,652,6,505,312,1,824,0,0,0,824
08/18/2012,ACK,MA,ANE,EN,Towers with Radar,6,158,67,0,231,0,218,103,0,321,6,376,170,0,552,0,0,0,552
08/19/2012,ACK,MA,ANE,EN,Towers with Radar,6,135,80,0,221,0,359,208,0,567,6,494,288,0,788,0,0,0,788
08/20/2012,ACK,MA,ANE,EN,Towers with Radar,6,86,43,0,135,0,351,127,0,478,6,437,170,0,613,0,0,0,613
08/21/2012,ACK,MA,ANE,EN,Towers with Radar,6,68,23,0,97,0,310,149,2,461,6,378,172,2,558,12,0,12,570
08/22/2012,ACK,MA,ANE,EN,Towers with Radar,6,63,18,1,88,0,267,126,2,395,6,330,144,3,483,14,4,18,501
08/23/2012,ACK,MA,ANE,EN,Towers with Radar,6,78,50,1,135,0,344,174,0,518,6,422,224,1,653,0,0,0,653
08/24/2012,ACK,MA,ANE,EN,Towers with Radar,6,91,57,1,155,0,341,184,3,528,6,432,241,4,683,0,0,0,683
08/25/2012,ACK,MA,ANE,EN,Towers with Radar,6,79,43,0,128,0,276,180,0,456,6,355,223,0,584,0,0,0,584
08/26/2012,ACK,MA,ANE,EN,Towers with Radar,7,113,59,1,180,0,329,197,2,528,7,442,256,3,708,0,0,0,708
08/27/2012,ACK,MA,ANE,EN,Towers with Radar,6,83,48,0,137,0,316,156,0,472,6,399,204,0,609,2,0,2,611
08/28/2012,ACK,MA,ANE,EN,Towers with Radar,6,151,43,2,202,0,149,67,0,216,6,300,110,2,418,0,0,0,418
08/29/2012,ACK,MA,ANE,EN,Towers with Radar,6,32,30,1,69,0,285,147,0,432,6,317,177,1,501,6,0,6,507
08/30/2012,ACK,MA,ANE,EN,Towers with Radar,6,56,33,4,99,0,328,180,2,510,6,384,213,6,609,0,0,0,609
08/31/2012,ACK,MA,ANE,EN,Towers with Radar,6,97,59,0,162,1,371,193,0,565,7,468,252,0,727,0,0,0,727
09/01/2012,ACK,MA,ANE,EN,Towers with Radar,6,45,43,0,94,0,245,133,0,378,6,290,176,0,472,0,0,0,472
09/02/2012,ACK,MA,ANE,EN,Towers with Radar,9,40,30,0,79,0,271,161,0,432,9,311,191,0,511,0,0,0,511
09/03/2012,ACK,MA,ANE,EN,Towers with Radar,6,190,112,0,308,0,416,248,0,664,6,606,360,0,972,0,0,0,972
09/04/2012,ACK,MA,ANE,EN,Towers with Radar,6,157,59,3,225,0,253,79,2,334,6,410,138,5,559,0,0,0,559
09/05/2012,ACK,MA,ANE,EN,Towers with Radar,4,207,52,0,263,0,60,20,0,80,4,267,72,0,343,0,0,0,343
09/06/2012,ACK,MA,ANE,EN,Towers with Radar,5,37,29,2,73,0,299,128,2,429,5,336,157,4,502,0,0,0,502
09/07/2012,ACK,MA,ANE,EN,Towers with Radar,4,104,45,1,154,0,258,102,0,360,4,362,147,1,514,0,0,0,514
09/08/2012,ACK,MA,ANE,EN,Towers with Radar,4,66,19,0,89,0,174,59,0,233,4,240,78,0,322,0,0,0,322
09/09/2012,ACK,MA,ANE,EN,Towers with Radar,4,61,49,0,114,0,260,96,0,356,4,321,145,0,470,0,0,0,470
09/10/2012,ACK,MA,ANE,EN,Towers with Radar,4,24,21,1,50,0,267,80,8,355,4,291,101,9,405,0,0,0,405
09/11/2012,ACK,MA,ANE,EN,Towers with Radar,2,16,17,8,43,0,265,78,27,370,2,281,95,35,413,8,0,8,421
09/12/2012,ACK,MA,ANE,EN,Towers with Radar,2,20,21,0,43,0,267,124,14,405,2,287,145,14,448,0,0,0,448
09/13/2012,ACK,MA,ANE,EN,Towers with Radar,2,34,29,0,65,0,296,129,0,425,2,330,158,0,490,10,0,10,500
09/14/2012,ACK,MA,ANE,EN,Towers with Radar,2,43,34,2,81,0,366,162,1,529,2,409,196,3,610,4,0,4,614
09/15/2012,ACK,MA,ANE,EN,Towers with Radar,4,41,21,0,66,0,214,99,0,313,4,255,120,0,379,0,0,0,379
09/16/2012,ACK,MA,ANE,EN,Towers with Radar,3,52,35,0,90,0,318,189,0,507,3,370,224,0,597,0,0,0,597
09/17/2012,ACK,MA,ANE,EN,Towers with Radar,4,48,26,11,89,0,289,87,1,377,4,337,113,12,466,0,0,0,466
09/18/2012,ACK,MA,ANE,EN,Towers with Radar,2,51,17,0,70,0,255,82,0,337,2,306,99,0,407,0,0,0,407
09/19/2012,ACK,MA,ANE,EN,Towers with Radar,2,69,22,5,98,0,181,54,0,235,2,250,76,5,333,0,0,0,333
09/20/2012,ACK,MA,ANE,EN,Towers with Radar,2,35,17,8,62,0,323,110,6,439,2,358,127,14,501,0,0,0,501
09/21/2012,ACK,MA,ANE,EN,Towers with Radar,2,96,45,2,145,0,284,93,1,378,2,380,138,3,523,0,0,0,523
09/22/2012,ACK,MA,ANE,EN,Towers with Radar,2,120,34,0,156,0,80,26,0,106,2,200,60,0,262,0,0,0,262
09/23/2012,ACK,MA,ANE,EN,Towers with Radar,2,51,36,0,89,0,251,117,0,368,2,302,153,0,457,0,0,0,457
09/24/2012,ACK,MA,ANE,EN,Towers with Radar,2,21,26,3,52,0,288,93,7,388,2,309,119,10,440,0,0,0,440
09/25/2012,ACK,MA,ANE,EN,Towers with Radar,0,12,13,0,25,0,256,96,2,354,0,268,109,2,379,0,4,4,383
09/26/2012,ACK,MA,ANE,EN,Towers with Radar,0,34,9,4,47,0,232,73,16,321,0,266,82,20,368,0,0,0,368
09/27/2012,ACK,MA,ANE,EN,Towers with Radar,2,26,18,7,53,0,255,101,2,358,2,281,119,9,411,0,0,0,411
09/28/2012,ACK,MA,ANE,EN,Towers with Radar,2,71,37,2,112,0,260,88,4,352,2,331,125,6,464,0,0,0,464
09/29/2012,ACK,MA,ANE,EN,Towers with Radar,2,145,32,0,179,0,20,1,0,21,2,165,33,0,200,0,0,0,200
09/30/2012,ACK,MA,ANE,EN,Towers with Radar,2,154,32,2,190,0,106,26,0,132,2,260,58,2,322,0,0,0,322
10/01/2012,ACK,MA,ANE,EN,Towers with Radar,2,22,9,4,37,0,246,75,0,321,2,268,84,4,358,0,0,0,358
10/02/2012,ACK,MA,ANE,EN,Towers with Radar,0,15,24,11,50,0,231,78,3,312,0,246,102,14,362,0,0,0,362
10/03/2012,ACK,MA,ANE,EN,Towers with Radar,0,97,24,0,121,0,0,0,0,0,0,97,24,0,121,0,0,0,121
10/04/2012,ACK,MA,ANE,EN,Towers with Radar,2,202,36,0,240,0,0,0,0,0,2,202,36,0,240,0,0,0,240
10/05/2012,ACK,MA,ANE,EN,Towers with Radar,2,201,66,9,278,0,223,100,3,326,2,424,166,12,604,0,0,0,604
10/06/2012,ACK,MA,ANE,EN,Towers with Radar,2,35,21,0,58,0,222,110,0,332,2,257,131,0,390,0,0,0,390
10/07/2012,ACK,MA,ANE,EN,Towers with Radar,2,35,32,0,69,0,242,77,0,319,2,277,109,0,388,0,0,0,388
10/08/2012,ACK,MA,ANE,EN,Towers with Radar,2,97,45,1,145,0,367,121,0,488,2,464,166,1,633,0,0,0,633
10/09/2012,ACK,MA,ANE,EN,Towers with Radar,0,173,14,0,187,0,48,19,0,67,0,221,33,0,254,0,0,0,254
10/10/2012,ACK,MA,ANE,EN,Towers with Radar,0,158,36,12,206,0,6,0,0,6,0,164,36,12,212,0,0,0,212
10/11/2012,ACK,MA,ANE,EN,Towers with Radar,2,12,10,3,27,0,251,78,2,331,2,263,88,5,358,0,6,6,364
10/12/2012,ACK,MA,ANE,EN,Towers with Radar,4,61,27,0,92,0,277,80,0,357,4,338,107,0,449,0,0,0,449
10/13/2012,ACK,MA,ANE,EN,Towers with Radar,1,16,26,0,43,0,133,87,0,220,1,149,113,0,263,0,0,0,263
10/14/2012,ACK,MA,ANE,EN,Towers with Radar,4,49,39,0,92,0,206,46,0,252,4,255,85,0,344,0,0,0,344
10/15/2012,ACK,MA,ANE,EN,Towers with Radar,4,31,17,7,59,0,231,52,1,284,4,262,69,8,343,4,2,6,349
10/16/2012,ACK,MA,ANE,EN,Towers with Radar,0,57,16,1,74,0,213,61,7,281,0,270,77,8,355,0,0,0,355
10/17/2012,ACK,MA,ANE,EN,Towers with Radar,0,18,18,0,36,0,216,73,6,295,0,234,91,6,331,0,0,0,331
10/18/2012,ACK,MA,ANE,EN,Towers with Radar,4,26,17,3,50,0,228,74,6,308,4,254,91,9,358,0,0,0,358
10/19/2012,ACK,MA,ANE,EN,Towers with Radar,4,133,43,1,181,0,201,49,5,255,4,334,92,6,436,0,0,0,436
10/20/2012,ACK,MA,ANE,EN,Towers with Radar,4,86,35,0,125,0,53,19,0,72,4,139,54,0,197,0,0,0,197
10/21/2012,ACK,MA,ANE,EN,Towers with Radar,2,12,21,0,35,0,157,74,0,231,2,169,95,0,266,0,0,0,266
10/22/2012,ACK,MA,ANE,EN,Towers with Radar,2,10,10,0,22,0,220,63,0,283,2,230,73,0,305,0,0,0,305
10/23/2012,ACK,MA,ANE,EN,Towers with Radar,0,22,11,3,36,0,218,69,9,296,0,240,80,12,332,2,0,2,334
10/24/2012,ACK,MA,ANE,EN,Towers with Radar,0,17,14,2,33,0,193,66,14,273,0,210,80,16,306,0,30,30,336
10/25/2012,ACK,MA,ANE,EN,Towers with Radar,0,14,7,0,21,0,268,55,0,323,0,282,62,0,344,0,0,0,344
10/26/2012,ACK,MA,ANE,EN,Towers with Radar,0,22,13,0,35,0,248,100,2,350,0,270,113,2,385,0,0,0,385
10/27/2012,ACK,MA,ANE,EN,Towers with Radar,0,18,18,2,38,0,140,74,0,214,0,158,92,2,252,0,0,0,252
10/28/2012,ACK,MA,ANE,EN,Towers with Radar,0,92,14,0,106,0,160,21,0,181,0,252,35,0,287,0,0,0,287
10/29/2012,ACK,MA,ANE,EN,Towers with Radar,0,0,0,0,0,0,0,0,0,0,0,0,0,0,0,0,0,0,0
10/30/2012,ACK,MA,ANE,EN,Towers with Radar,0,5,4,0,9,0,112,38,6,156,0,117,42,6,165,0,0,0,165
10/31/2012,ACK,MA,ANE,EN,Towers with Radar,0,44,3,2,49,0,189,38,12,239,0,233,41,14,288,0,0,0,288
11/01/2012,ACK,MA,ANE,EN,Towers with Radar,0,25,14,0,39,0,198,56,0,254,0,223,70,0,293,0,0,0,293
11/02/2012,ACK,MA,ANE,EN,Towers with Radar,0,18,14,2,34,0,195,50,0,245,0,213,64,2,279,0,0,0,279
11/03/2012,ACK,MA,ANE,EN,Towers with Radar,0,7,8,0,15,0,142,54,0,196,0,149,62,0,211,0,0,0,211
11/04/2012,ACK,MA,ANE,EN,Towers with Radar,0,4,20,5,29,0,164,95,0,259,0,168,115,5,288,0,2,2,290
11/05/2012,ACK,MA,ANE,EN,Towers with Radar,0,44,6,2,52,0,178,35,0,213,0,222,41,2,265,0,0,0,265
11/06/2012,ACK,MA,ANE,EN,Towers with Radar,0,12,2,0,14,0,232,63,0,295,0,244,65,0,309,0,0,0,309
11/07/2012,ACK,MA,ANE,EN,Towers with Radar,0,4,0,0,4,0,25,9,0,34,0,29,9,0,38,0,0,0,38
11/08/2012,ACK,MA,ANE,EN,Towers with Radar,0,31,3,0,34,0,0,0,0,0,0,31,3,0,34,0,0,0,34
11/09/2012,ACK,MA,ANE,EN,Towers with Radar,0,15,6,0,21,0,237,83,0,320,0,252,89,0,341,0,0,0,341
11/10/2012,ACK,MA,ANE,EN,Towers with Radar,0,0,7,0,7,0,144,78,0,222,0,144,85,0,229,0,0,0,229
11/11/2012,ACK,MA,ANE,EN,Towers with Radar,0,9,4,0,13,0,156,84,0,240,0,165,88,0,253,0,0,0,253
11/12/2012,ACK,MA,ANE,EN,Towers with Radar,0,20,12,0,32,0,210,56,2,268,0,230,68,2,300,0,0,0,300
11/13/2012,ACK,MA,ANE,EN,Towers with Radar,0,90,9,11,110,0,65,14,0,79,0,155,23,11,189,0,0,0,189
11/14/2012,ACK,MA,ANE,EN,Towers with Radar,0,25,14,4,43,0,238,51,2,291,0,263,65,6,334,0,0,0,334
11/15/2012,ACK,MA,ANE,EN,Towers with Radar,0,38,6,2,46,0,208,34,0,242,0,246,40,2,288,0,0,0,288
11/16/2012,ACK,MA,ANE,EN,Towers with Radar,0,16,11,0,27,0,192,49,0,241,0,208,60,0,268,0,0,0,268
11/17/2012,ACK,MA,ANE,EN,Towers with Radar,0,15,21,2,38,0,137,57,2,196,0,152,78,4,234,0,0,0,234
11/18/2012,ACK,MA,ANE,EN,Towers with Radar,0,5,13,0,18,0,185,72,0,257,0,190,85,0,275,0,0,0,275
11/19/2012,ACK,MA,ANE,EN,Towers with Radar,0,23,7,15,45,0,208,49,12,269,0,231,56,27,314,0,0,0,314
11/20/2012,ACK,MA,ANE,EN,Towers with Radar,0,70,25,5,100,0,224,66,5,295,0,294,91,10,395,0,0,0,395
11/21/2012,ACK,MA,ANE,EN,Towers with Radar,0,97,38,18,153,0,260,92,0,352,0,357,130,18,505,0,0,0,505
11/22/2012,ACK,MA,ANE,EN,Towers with Radar,0,20,3,0,23,0,138,19,0,157,0,158,22,0,180,0,0,0,180
11/23/2012,ACK,MA,ANE,EN,Towers with Radar,0,82,34,0,116,0,146,75,0,221,0,228,109,0,337,0,0,0,337
11/24/2012,ACK,MA,ANE,EN,Towers with Radar,0,44,19,0,63,0,147,57,0,204,0,191,76,0,267,0,0,0,267
11/25/2012,ACK,MA,ANE,EN,Towers with Radar,0,72,45,6,123,0,238,80,0,318,0,310,125,6,441,0,0,0,441
11/26/2012,ACK,MA,ANE,EN,Towers with Radar,0,15,9,0,24,0,227,52,0,279,0,242,61,0,303,0,0,0,303
11/27/2012,ACK,MA,ANE,EN,Towers with Radar,0,56,8,19,83,0,130,30,6,166,0,186,38,25,249,0,0,0,249
11/28/2012,ACK,MA,ANE,EN,Towers with Radar,0,54,13,0,67,0,166,36,1,203,0,220,49,1,270,0,0,0,270
11/29/2012,ACK,MA,ANE,EN,Towers with Radar,0,40,13,0,53,0,232,74,3,309,0,272,87,3,362,2,0,2,364
11/30/2012,ACK,MA,ANE,EN,Towers with Radar,0,97,43,6,146,0,310,114,1,425,0,407,157,7,571,0,0,0,571
12/01/2012,ACK,MA,ANE,EN,Towers with Radar,0,142,47,7,196,0,119,21,2,142,0,261,68,9,338,0,0,0,338
12/02/2012,ACK,MA,ANE,EN,Towers with Radar,0,102,59,0,161,0,310,96,0,406,0,412,155,0,567,0,0,0,567
12/03/2012,ACK,MA,ANE,EN,Towers with Radar,0,42,11,0,53,0,227,55,0,282,0,269,66,0,335,0,0,0,335
12/04/2012,ACK,MA,ANE,EN,Towers with Radar,0,41,14,2,57,0,209,42,2,253,0,250,56,4,310,0,0,0,310
12/05/2012,ACK,MA,ANE,EN,Towers with Radar,0,19,5,0,24,0,204,51,0,255,0,223,56,0,279,0,0,0,279
12/06/2012,ACK,MA,ANE,EN,Towers with Radar,0,25,5,2,32,0,220,67,0,287,0,245,72,2,319,0,0,0,319
12/07/2012,ACK,MA,ANE,EN,Towers with Radar,0,28,12,0,40,0,233,49,0,282,0,261,61,0,322,0,0,0,322
12/08/2012,ACK,MA,ANE,EN,Towers with Radar,0,83,21,0,104,0,0,0,0,0,0,83,21,0,104,0,0,0,104
12/09/2012,ACK,MA,ANE,EN,Towers with Radar,0,9,13,0,22,0,120,51,0,171,0,129,64,0,193,0,0,0,193
12/10/2012,ACK,MA,ANE,EN,Towers with Radar,0,117,15,0,132,0,64,2,0,66,0,181,17,0,198,0,0,0,198
12/11/2012,ACK,MA,ANE,EN,Towers with Radar,0,24,1,2,27,0,190,45,9,244,0,214,46,11,271,0,0,0,271
12/12/2012,ACK,MA,ANE,EN,Towers with Radar,0,11,6,4,21,0,207,87,2,296,0,218,93,6,317,0,0,0,317
12/13/2012,ACK,MA,ANE,EN,Towers with Radar,0,15,2,0,17,0,202,36,0,238,0,217,38,0,255,0,0,0,255
12/14/2012,ACK,MA,ANE,EN,Towers with Radar,0,17,12,2,31,0,239,74,0,313,0,256,86,2,344,0,0,0,344
12/15/2012,ACK,MA,ANE,EN,Towers with Radar,0,4,10,0,14,0,128,64,1,193,0,132,74,1,207,2,0,2,209
12/16/2012,ACK,MA,ANE,EN,Towers with Radar,0,19,3,0,22,0,136,11,0,147,0,155,14,0,169,0,0,0,169
12/17/2012,ACK,MA,ANE,EN,Towers with Radar,0,131,11,0,142,0,0,0,0,0,0,131,11,0,142,0,0,0,142
12/18/2012,ACK,MA,ANE,EN,Towers with Radar,0,139,12,0,151,0,21,0,0,21,0,160,12,0,172,0,0,0,172
12/19/2012,ACK,MA,ANE,EN,Towers with Radar,0,18,0,5,23,0,188,35,0,223,0,206,35,5,246,0,0,0,246
12/20/2012,ACK,MA,ANE,EN,Towers with Radar,0,29,6,1,36,0,205,58,0,263,0,234,64,1,299,0,0,0,299
12/21/2012,ACK,MA,ANE,EN,Towers with Radar,0,19,2,0,21,0,80,14,0,94,0,99,16,0,115,0,0,0,115
12/22/2012,ACK,MA,ANE,EN,Towers with Radar,0,24,5,2,31,0,131,19,0,150,0,155,24,2,181,0,0,0,181
12/23/2012,ACK,MA,ANE,EN,Towers with Radar,0,12,2,0,14,0,146,27,0,173,0,158,29,0,187,0,0,0,187
12/24/2012,ACK,MA,ANE,EN,Towers with Radar,0,8,4,0,12,0,193,44,6,243,0,201,48,6,255,0,0,0,255
12/25/2012,ACK,MA,ANE,EN,Towers with Radar,0,57,0,0,57,0,17,0,0,17,0,74,0,0,74,0,0,0,74
12/26/2012,ACK,MA,ANE,EN,Towers with Radar,0,18,7,2,27,0,215,45,0,260,0,233,52,2,287,0,0,0,287
12/27/2012,ACK,MA,ANE,EN,Towers with Radar,0,61,10,0,71,0,18,0,0,18,0,79,10,0,89,0,0,0,89
12/28/2012,ACK,MA,ANE,EN,Towers with Radar,0,12,2,0,14,0,183,46,0,229,0,195,48,0,243,0,0,0,243
12/29/2012,ACK,MA,ANE,EN,Towers with Radar,0,22,4,0,26,0,102,23,0,125,0,124,27,0,151,0,0,0,151
12/30/2012,ACK,MA,ANE,EN,Towers with Radar,0,12,0,0,12,0,173,24,0,197,0,185,24,0,209,0,0,0,209
12/31/2012,ACK,MA,ANE,EN,Towers with Radar,0,12,0,0,12,0,174,27,0,201,0,186,27,0,213,0,0,0,213
01/01/2013,ACK,MA,ANE,EN,Towers with Radar,0,8,5,2,15,0,161,26,6,193,0,169,31,8,208,0,0,0,208
01/02/2013,ACK,MA,ANE,EN,Towers with Radar,0,9,4,2,15,0,234,42,0,276,0,243,46,2,291,0,0,0,291
01/03/2013,ACK,MA,ANE,EN,Towers with Radar,0,16,2,4,22,0,211,51,4,266,0,227,53,8,288,0,0,0,288
01/04/2013,ACK,MA,ANE,EN,Towers with Radar,0,9,4,0,13,0,220,47,2,269,0,229,51,2,282,0,0,0,282
01/05/2013,ACK,MA,ANE,EN,Towers with Radar,0,8,5,0,13,0,142,56,0,198,0,150,61,0,211,0,0,0,211
01/06/2013,ACK,MA,ANE,EN,Towers with Radar,0,19,8,0,27,0,113,32,0,145,0,132,40,0,172,0,0,0,172
01/07/2013,ACK,MA,ANE,EN,Towers with Radar,0,12,0,0,12,0,199,49,0,248,0,211,49,0,260,0,0,0,260
01/08/2013,ACK,MA,ANE,EN,Towers with Radar,0,18,6,0,24,0,232,46,0,278,0,250,52,0,302,0,0,0,302
01/09/2013,ACK,MA,ANE,EN,Towers with Radar,0,27,9,2,38,0,194,52,1,247,0,221,61,3,285,0,0,0,285
01/10/2013,ACK,MA,ANE,EN,Towers with Radar,0,8,1,4,13,0,229,61,2,292,0,237,62,6,305,0,0,0,305
01/11/2013,ACK,MA,ANE,EN,Towers with Radar,0,10,0,8,18,0,207,38,2,247,0,217,38,10,265,0,0,0,265
01/12/2013,ACK,MA,ANE,EN,Towers with Radar,0,77,10,2,89,0,18,7,0,25,0,95,17,2,114,0,0,0,114
01/13/2013,ACK,MA,ANE,EN,Towers with Radar,0,71,2,0,73,0,0,0,0,0,0,71,2,0,73,0,0,0,73
01/14/2013,ACK,MA,ANE,EN,Towers with Radar,0,71,13,3,87,0,17,0,0,17,0,88,13,3,104,0,0,0,104
01/15/2013,ACK,MA,ANE,EN,Towers with Radar,0,34,5,0,39,0,184,40,2,226,0,218,45,2,265,0,0,0,265
01/16/2013,ACK,MA,ANE,EN,Towers with Radar,0,106,16,0,122,0,9,2,0,11,0,115,18,0,133,0,0,0,133
01/17/2013,ACK,MA,ANE,EN,Towers with Radar,0,17,4,1,22,0,207,53,5,265,0,224,57,6,287,0,0,0,287
01/18/2013,ACK,MA,ANE,EN,Towers with Radar,0,10,5,0,15,0,116,32,0,148,0,126,37,0,163,0,0,0,163
01/19/2013,ACK,MA,ANE,EN,Towers with Radar,0,8,5,0,13,0,165,30,0,195,0,173,35,0,208,0,0,0,208
01/20/2013,ACK,MA,ANE,EN,Towers with Radar,0,6,4,0,10,0,144,21,0,165,0,150,25,0,175,0,0,0,175
01/21/2013,ACK,MA,ANE,EN,Towers with Radar,0,31,6,0,37,0,168,35,0,203,0,199,41,0,240,0,0,0,240
01/22/2013,ACK,MA,ANE,EN,Towers with Radar,0,7,0,2,9,0,127,15,0,142,0,134,15,2,151,0,0,0,151
01/23/2013,ACK,MA,ANE,EN,Towers with Radar,0,8,3,0,11,0,174,40,2,216,0,182,43,2,227,0,6,6,233
01/24/2013,ACK,MA,ANE,EN,Towers with Radar,0,15,4,5,24,0,216,43,8,267,0,231,47,13,291,0,0,0,291
01/25/2013,ACK,MA,ANE,EN,Towers with Radar,0,6,3,0,9,0,185,35,0,220,0,191,38,0,229,0,0,0,229
01/26/2013,ACK,MA,ANE,EN,Towers with Radar,0,13,6,1,20,0,97,20,1,118,0,110,26,2,138,0,0,0,138
01/27/2013,ACK,MA,ANE,EN,Towers with Radar,0,1,8,0,9,0,165,40,0,205,0,166,48,0,214,0,4,4,218
01/28/2013,ACK,MA,ANE,EN,Towers with Radar,0,29,4,2,35,0,150,44,1,195,0,179,48,3,230,0,0,0,230
01/29/2013,ACK,MA,ANE,EN,Towers with Radar,0,110,13,9,132,0,2,0,1,3,0,112,13,10,135,0,0,0,135
01/30/2013,ACK,MA,ANE,EN,Towers with Radar,0,24,10,4,38,0,86,18,0,104,0,110,28,4,142,0,0,0,142
01/31/2013,ACK,MA,ANE,EN,Towers with Radar,0,6,5,0,11,0,121,24,0,145,0,127,29,0,156,0,0,0,156
02/01/2013,ACK,MA,ANE,EN,Towers with Radar,0,9,5,2,16,0,196,33,1,230,0,205,38,3,246,0,0,0,246
02/02/2013,ACK,MA,ANE,EN,Towers with Radar,0,3,7,0,10,0,152,42,0,194,0,155,49,0,204,0,0,0,204
02/03/2013,ACK,MA,ANE,EN,Towers with Radar,0,22,6,0,28,0,127,18,0,145,0,149,24,0,173,0,0,0,173
02/04/2013,ACK,MA,ANE,EN,Towers with Radar,0,13,0,0,13,0,186,50,1,237,0,199,50,1,250,0,0,0,250
02/05/2013,ACK,MA,ANE,EN,Towers with Radar,0,40,3,4,47,0,151,35,0,186,0,191,38,4,233,0,0,0,233
02/06/2013,ACK,MA,ANE,EN,Towers with Radar,0,33,0,1,34,0,175,34,2,211,0,208,34,3,245,0,0,0,245
02/07/2013,ACK,MA,ANE,EN,Towers with Radar,0,8,2,7,17,0,223,43,7,273,0,231,45,14,290,0,0,0,290
02/08/2013,ACK,MA,ANE,EN,Towers with Radar,0,5,2,0,7,0,25,8,0,33,0,30,10,0,40,0,0,0,40
02/09/2013,ACK,MA,ANE,EN,Towers with Radar,0,0,0,0,0,0,0,0,0,0,0,0,0,0,0,0,0,0,0
02/10/2013,ACK,MA,ANE,EN,Towers with Radar,0,5,1,0,6,0,23,10,0,33,0,28,11,0,39,0,0,0,39
02/11/2013,ACK,MA,ANE,EN,Towers with Radar,0,28,4,0,32,0,31,6,0,37,0,59,10,0,69,0,0,0,69
02/12/2013,ACK,MA,ANE,EN,Towers with Radar,0,6,4,1,11,0,185,34,9,228,0,191,38,10,239,0,0,0,239
02/13/2013,ACK,MA,ANE,EN,Towers with Radar,0,10,4,0,14,0,186,45,0,231,0,196,49,0,245,0,0,0,245
02/14/2013,ACK,MA,ANE,EN,Towers with Radar,0,21,3,5,29,0,162,40,1,203,0,183,43,6,232,0,0,0,232
02/15/2013,ACK,MA,ANE,EN,Towers with Radar,0,15,4,2,21,0,217,67,2,286,0,232,71,4,307,0,0,0,307
02/16/2013,ACK,MA,ANE,EN,Towers with Radar,0,80,8,2,90,0,64,20,0,84,0,144,28,2,174,0,0,0,174
02/17/2013,ACK,MA,ANE,EN,Towers with Radar,0,0,0,0,0,0,0,0,0,0,0,0,0,0,0,0,0,0,0
02/18/2013,ACK,MA,ANE,EN,Towers with Radar,0,14,3,0,17,0,230,46,2,278,0,244,49,2,295,0,0,0,295
02/19/2013,ACK,MA,ANE,EN,Towers with Radar,0,13,4,0,17,0,203,51,0,254,0,216,55,0,271,0,0,0,271
02/20/2013,ACK,MA,ANE,EN,Towers with Radar,0,18,3,1,22,0,209,55,1,265,0,227,58,2,287,12,8,20,307
02/21/2013,ACK,MA,ANE,EN,Towers with Radar,0,10,3,2,15,0,240,56,0,296,0,250,59,2,311,0,0,0,311
02/22/2013,ACK,MA,ANE,EN,Towers with Radar,0,13,1,0,14,0,221,57,0,278,0,234,58,0,292,0,0,0,292
02/23/2013,ACK,MA,ANE,EN,Towers with Radar,0,10,4,0,14,0,115,25,0,140,0,125,29,0,154,0,0,0,154
02/24/2013,ACK,MA,ANE,EN,Towers with Radar,0,60,3,0,63,0,3,0,0,3,0,63,3,0,66,0,0,0,66
02/25/2013,ACK,MA,ANE,EN,Towers with Radar,0,13,3,0,16,0,186,45,0,231,0,199,48,0,247,0,0,0,247
02/26/2013,ACK,MA,ANE,EN,Towers with Radar,0,13,8,3,24,0,184,55,7,246,0,197,63,10,270,0,0,0,270
02/27/2013,ACK,MA,ANE,EN,Towers with Radar,0,42,10,0,52,0,0,0,0,0,0,42,10,0,52,0,0,0,52
02/28/2013,ACK,MA,ANE,EN,Towers with Radar,0,90,18,0,108,0,129,24,0,153,0,219,42,0,261,4,0,4,265
03/01/2013,ACK,MA,ANE,EN,Towers with Radar,0,17,4,1,22,0,188,40,2,230,0,205,44,3,252,0,0,0,252
03/02/2013,ACK,MA,ANE,EN,Towers with Radar,0,5,8,0,13,0,132,55,0,187,0,137,63,0,200,4,0,4,204
03/03/2013,ACK,MA,ANE,EN,Towers with Radar,0,12,12,0,24,0,151,59,0,210,0,163,71,0,234,0,0,0,234
03/04/2013,ACK,MA,ANE,EN,Towers with Radar,0,27,4,0,31,0,207,38,0,245,0,234,42,0,276,0,0,0,276
03/05/2013,ACK,MA,ANE,EN,Towers with Radar,0,27,4,0,31,0,212,39,0,251,0,239,43,0,282,0,0,0,282
03/06/2013,ACK,MA,ANE,EN,Towers with Radar,0,31,1,2,34,0,177,23,0,200,0,208,24,2,234,0,0,0,234
03/07/2013,ACK,MA,ANE,EN,Towers with Radar,0,0,0,0,0,0,0,0,0,0,0,0,0,0,0,0,0,0,0
03/08/2013,ACK,MA,ANE,EN,Towers with Radar,0,0,0,0,0,0,0,0,0,0,0,0,0,0,0,0,0,0,0
03/09/2013,ACK,MA,ANE,EN,Towers with Radar,0,40,4,0,44,0,165,32,0,197,0,205,36,0,241,0,0,0,241
03/10/2013,ACK,MA,ANE,EN,Towers with Radar,0,17,13,0,30,0,151,43,0,194,0,168,56,0,224,0,0,0,224
03/11/2013,ACK,MA,ANE,EN,Towers with Radar,0,60,6,1,67,0,198,50,1,249,0,258,56,2,316,0,0,0,316
03/12/2013,ACK,MA,ANE,EN,Towers with Radar,0,28,6,3,37,0,187,32,0,219,0,215,38,3,256,0,0,0,256
03/13/2013,ACK,MA,ANE,EN,Towers with Radar,0,37,6,0,43,0,162,45,0,207,0,199,51,0,250,0,0,0,250
03/14/2013,ACK,MA,ANE,EN,Towers with Radar,0,24,3,3,30,0,190,43,4,237,0,214,46,7,267,0,0,0,267
03/15/2013,ACK,MA,ANE,EN,Towers with Radar,0,12,6,2,20,0,199,34,0,233,0,211,40,2,253,0,0,0,253
03/16/2013,ACK,MA,ANE,EN,Towers with Radar,0,6,4,0,10,0,148,53,0,201,0,154,57,0,211,0,0,0,211
03/17/2013,ACK,MA,ANE,EN,Towers with Radar,0,6,9,2,17,0,182,71,0,253,0,188,80,2,270,0,0,0,270
03/18/2013,ACK,MA,ANE,EN,Towers with Radar,0,14,6,0,20,0,215,48,2,265,0,229,54,2,285,6,0,6,291
03/19/2013,ACK,MA,ANE,EN,Towers with Radar,0,53,10,0,63,0,0,0,0,0,0,53,10,0,63,0,0,0,63
03/20/2013,ACK,MA,ANE,EN,Towers with Radar,0,5,4,3,12,0,207,48,0,255,0,212,52,3,267,0,0,0,267
03/21/2013,ACK,MA,ANE,EN,Towers with Radar,0,25,8,2,35,0,215,42,0,257,0,240,50,2,292,0,0,0,292
03/22/2013,ACK,MA,ANE,EN,Towers with Radar,0,14,0,8,22,0,146,40,4,190,0,160,40,12,212,0,0,0,212
03/23/2013,ACK,MA,ANE,EN,Towers with Radar,0,7,5,0,12,9,119,38,0,166,9,126,43,0,178,0,0,0,178
03/24/2013,ACK,MA,ANE,EN,Towers with Radar,0,9,8,6,23,0,168,62,0,230,0,177,70,6,253,0,0,0,253
03/25/2013,ACK,MA,ANE,EN,Towers with Radar,0,19,3,2,24,0,211,56,12,279,0,230,59,14,303,0,0,0,303
03/26/2013,ACK,MA,ANE,EN,Towers with Radar,0,13,5,0,18,0,213,52,0,265,0,226,57,0,283,0,0,0,283
03/27/2013,ACK,MA,ANE,EN,Towers with Radar,0,11,3,0,14,0,198,58,0,256,0,209,61,0,270,0,0,0,270
03/28/2013,ACK,MA,ANE,EN,Towers with Radar,0,48,8,2,58,0,151,55,0,206,0,199,63,2,264,0,0,0,264
03/29/2013,ACK,MA,ANE,EN,Towers with Radar,0,22,7,0,29,0,209,73,0,282,0,231,80,0,311,0,0,0,311
03/30/2013,ACK,MA,ANE,EN,Towers with Radar,0,4,9,0,13,0,149,104,0,253,0,153,113,0,266,0,0,0,266
03/31/2013,ACK,MA,ANE,EN,Towers with Radar,0,13,8,0,21,0,149,54,0,203,0,162,62,0,224,0,0,0,224
04/01/2013,ACK,MA,ANE,EN,Towers with Radar,0,41,8,3,52,0,170,39,3,212,0,211,47,6,264,0,0,0,264
04/02/2013,ACK,MA,ANE,EN,Towers with Radar,0,13,3,0,16,0,210,54,0,264,0,223,57,0,280,0,0,0,280
04/03/2013,ACK,MA,ANE,EN,Towers with Radar,0,8,3,0,11,0,202,56,0,258,0,210,59,0,269,0,0,0,269
04/04/2013,ACK,MA,ANE,EN,Towers with Radar,0,15,4,0,19,0,220,52,0,272,0,235,56,0,291,0,0,0,291
04/05/2013,ACK,MA,ANE,EN,Towers with Radar,0,68,7,0,75,0,146,35,0,181,0,214,42,0,256,0,0,0,256
04/06/2013,ACK,MA,ANE,EN,Towers with Radar,0,2,4,0,6,0,161,63,2,226,0,163,67,2,232,0,0,0,232
04/07/2013,ACK,MA,ANE,EN,Towers with Radar,0,7,4,12,23,0,178,54,27,259,0,185,58,39,282,0,0,0,282
04/08/2013,ACK,MA,ANE,EN,Towers with Radar,0,11,5,0,16,0,240,56,0,296,0,251,61,0,312,0,0,0,312
04/09/2013,ACK,MA,ANE,EN,Towers with Radar,0,39,9,1,49,0,165,34,2,201,0,204,43,3,250,0,0,0,250
04/10/2013,ACK,MA,ANE,EN,Towers with Radar,0,81,2,0,83,0,113,20,0,133,0,194,22,0,216,0,0,0,216
04/11/2013,ACK,MA,ANE,EN,Towers with Radar,0,79,12,0,91,0,95,11,0,106,0,174,23,0,197,0,0,0,197
04/12/2013,ACK,MA,ANE,EN,Towers with Radar,0,90,11,0,101,0,83,19,0,102,0,173,30,0,203,0,0,0,203
04/13/2013,ACK,MA,ANE,EN,Towers with Radar,0,62,17,0,79,0,90,32,0,122,0,152,49,0,201,0,0,0,201
04/14/2013,ACK,MA,ANE,EN,Towers with Radar,0,13,14,0,27,0,193,70,0,263,0,206,84,0,290,0,0,0,290
04/15/2013,ACK,MA,ANE,EN,Towers with Radar,0,16,3,0,19,0,217,66,0,283,0,233,69,0,302,0,0,0,302
04/16/2013,ACK,MA,ANE,EN,Towers with Radar,0,20,6,6,32,0,207,57,2,266,0,227,63,8,298,0,0,0,298
04/17/2013,ACK,MA,ANE,EN,Towers with Radar,0,43,17,0,60,0,178,50,0,228,0,221,67,0,288,0,0,0,288
04/18/2013,ACK,MA,ANE,EN,Towers with Radar,0,23,6,0,29,0,228,49,0,277,0,251,55,0,306,0,0,0,306
04/19/2013,ACK,MA,ANE,EN,Towers with Radar,0,114,33,4,151,0,0,0,0,0,0,114,33,4,151,0,0,0,151
04/20/2013,ACK,MA,ANE,EN,Towers with Radar,0,39,6,0,45,0,57,14,0,71,0,96,20,0,116,0,0,0,116
04/21/2013,ACK,MA,ANE,EN,Towers with Radar,0,16,3,0,19,0,173,71,0,244,0,189,74,0,263,0,0,0,263
04/22/2013,ACK,MA,ANE,EN,Towers with Radar,0,34,5,0,39,0,217,72,0,289,0,251,77,0,328,0,0,0,328
04/23/2013,ACK,MA,ANE,EN,Towers with Radar,0,134,20,0,154,0,0,0,0,0,0,134,20,0,154,0,0,0,154
04/24/2013,ACK,MA,ANE,EN,Towers with Radar,0,68,17,2,87,0,117,25,0,142,0,185,42,2,229,0,0,0,229
04/25/2013,ACK,MA,ANE,EN,Towers with Radar,0,64,15,0,79,0,182,43,0,225,0,246,58,0,304,0,0,0,304
04/26/2013,ACK,MA,ANE,EN,Towers with Radar,0,35,15,0,50,0,280,108,0,388,0,315,123,0,438,0,0,0,438
04/27/2013,ACK,MA,ANE,EN,Towers with Radar,0,21,20,0,41,0,169,130,0,299,0,190,150,0,340,0,0,0,340
04/28/2013,ACK,MA,ANE,EN,Towers with Radar,0,53,31,0,84,0,323,136,0,459,0,376,167,0,543,0,0,0,543
04/29/2013,ACK,MA,ANE,EN,Towers with Radar,0,27,7,0,34,0,246,55,0,301,0,273,62,0,335,0,0,0,335
04/30/2013,ACK,MA,ANE,EN,Towers with Radar,0,15,3,8,26,0,252,65,3,320,0,267,68,11,346,0,0,0,346
05/01/2013,ACK,MA,ANE,EN,Towers with Radar,0,45,12,0,57,0,160,44,0,204,0,205,56,0,261,0,0,0,261
05/02/2013,ACK,MA,ANE,EN,Towers with Radar,0,10,8,0,18,0,218,66,1,285,0,228,74,1,303,0,0,0,303
05/03/2013,ACK,MA,ANE,EN,Towers with Radar,0,67,28,0,95,0,175,57,0,232,0,242,85,0,327,0,0,0,327
05/04/2013,ACK,MA,ANE,EN,Towers with Radar,0,8,14,0,22,0,133,65,0,198,0,141,79,0,220,0,0,0,220
05/05/2013,ACK,MA,ANE,EN,Towers with Radar,0,83,22,0,105,0,132,57,0,189,0,215,79,0,294,0,0,0,294
05/06/2013,ACK,MA,ANE,EN,Towers with Radar,0,78,24,2,104,0,103,29,0,132,0,181,53,2,236,0,0,0,236
05/07/2013,ACK,MA,ANE,EN,Towers with Radar,0,75,18,0,93,0,140,40,0,180,0,215,58,0,273,0,0,0,273
05/08/2013,ACK,MA,ANE,EN,Towers with Radar,0,84,12,0,96,0,153,22,0,175,0,237,34,0,271,0,0,0,271
05/09/2013,ACK,MA,ANE,EN,Towers with Radar,0,93,11,4,108,0,53,12,0,65,0,146,23,4,173,0,0,0,173
05/10/2013,ACK,MA,ANE,EN,Towers with Radar,0,48,25,2,75,0,176,74,0,250,0,224,99,2,325,0,0,0,325
05/11/2013,ACK,MA,ANE,EN,Towers with Radar,0,52,15,3,70,0,116,30,3,149,0,168,45,6,219,0,0,0,219
05/12/2013,ACK,MA,ANE,EN,Towers with Radar,0,60,27,6,93,0,112,28,0,140,0,172,55,6,233,0,0,0,233
05/13/2013,ACK,MA,ANE,EN,Towers with Radar,0,13,5,2,20,0,233,69,0,302,0,246,74,2,322,0,0,0,322
05/14/2013,ACK,MA,ANE,EN,Towers with Radar,0,27,10,2,39,0,215,67,0,282,0,242,77,2,321,0,0,0,321
05/15/2013,ACK,MA,ANE,EN,Towers with Radar,0,37,14,2,53,0,226,62,0,288,0,263,76,2,341,0,0,0,341
05/16/2013,ACK,MA,ANE,EN,Towers with Radar,4,30,17,0,51,0,271,68,0,339,4,301,85,0,390,0,0,0,390
05/17/2013,ACK,MA,ANE,EN,Towers with Radar,4,31,23,0,58,0,295,99,9,403,4,326,122,9,461,0,0,0,461
05/18/2013,ACK,MA,ANE,EN,Towers with Radar,4,15,11,0,30,0,209,87,0,296,4,224,98,0,326,0,0,0,326
05/19/2013,ACK,MA,ANE,EN,Towers with Radar,4,69,49,0,122,0,303,112,6,421,4,372,161,6,543,0,0,0,543
05/20/2013,ACK,MA,ANE,EN,Towers with Radar,4,163,63,8,238,0,0,0,0,0,4,163,63,8,238,0,0,0,238
05/21/2013,ACK,MA,ANE,EN,Towers with Radar,3,97,17,0,117,0,0,0,0,0,3,97,17,0,117,0,0,0,117
05/22/2013,ACK,MA,ANE,EN,Towers with Radar,2,149,34,7,192,0,0,0,0,0,2,149,34,7,192,0,0,0,192
05/23/2013,ACK,MA,ANE,EN,Towers with Radar,6,218,61,4,289,0,41,20,0,61,6,259,81,4,350,0,0,0,350
05/24/2013,ACK,MA,ANE,EN,Towers with Radar,6,323,149,1,479,0,0,0,0,0,6,323,149,1,479,0,0,0,479
05/25/2013,ACK,MA,ANE,EN,Towers with Radar,6,195,48,0,249,0,1,0,0,1,6,196,48,0,250,0,0,0,250
05/26/2013,ACK,MA,ANE,EN,Towers with Radar,4,46,21,0,71,0,165,49,0,214,4,211,70,0,285,0,0,0,285
05/27/2013,ACK,MA,ANE,EN,Towers with Radar,7,101,81,0,189,0,510,251,0,761,7,611,332,0,950,0,0,0,950
05/28/2013,ACK,MA,ANE,EN,Towers with Radar,6,36,10,4,56,0,292,103,0,395,6,328,113,4,451,0,0,0,451
05/29/2013,ACK,MA,ANE,EN,Towers with Radar,2,165,36,0,203,0,0,0,0,0,2,165,36,0,203,0,0,0,203
05/30/2013,ACK,MA,ANE,EN,Towers with Radar,4,26,18,0,48,0,208,56,0,264,4,234,74,0,312,0,0,0,312
05/31/2013,ACK,MA,ANE,EN,Towers with Radar,4,41,17,0,62,0,292,103,0,395,4,333,120,0,457,0,0,0,457
06/01/2013,ACK,MA,ANE,EN,Towers with Radar,4,22,25,0,51,0,147,64,0,211,4,169,89,0,262,0,0,0,262
06/02/2013,ACK,MA,ANE,EN,Towers with Radar,4,174,70,6,254,0,35,8,0,43,4,209,78,6,297,0,0,0,297
06/03/2013,ACK,MA,ANE,EN,Towers with Radar,4,130,35,0,169,0,0,0,0,0,4,130,35,0,169,0,0,0,169
06/04/2013,ACK,MA,ANE,EN,Towers with Radar,2,31,10,1,44,0,247,94,0,341,2,278,104,1,385,0,0,0,385
06/05/2013,ACK,MA,ANE,EN,Towers with Radar,2,17,13,1,33,0,238,88,0,326,2,255,101,1,359,0,0,0,359
06/06/2013,ACK,MA,ANE,EN,Towers with Radar,5,36,29,1,71,0,226,84,4,314,5,262,113,5,385,0,0,0,385
06/07/2013,ACK,MA,ANE,EN,Towers with Radar,5,200,32,0,237,0,1,0,0,1,5,201,32,0,238,0,0,0,238
06/08/2013,ACK,MA,ANE,EN,Towers with Radar,4,95,23,0,122,0,101,38,0,139,4,196,61,0,261,0,0,0,261
06/09/2013,ACK,MA,ANE,EN,Towers with Radar,4,29,23,0,56,0,246,137,0,383,4,275,160,0,439,0,0,0,439
06/10/2013,ACK,MA,ANE,EN,Towers with Radar,6,43,15,0,64,0,225,68,0,293,6,268,83,0,357,0,0,0,357
06/11/2013,ACK,MA,ANE,EN,Towers with Radar,6,123,36,10,175,0,0,0,0,0,6,123,36,10,175,0,0,0,175
06/12/2013,ACK,MA,ANE,EN,Towers with Radar,2,72,16,2,92,0,232,71,6,309,2,304,87,8,401,0,0,0,401
06/13/2013,ACK,MA,ANE,EN,Towers with Radar,4,82,16,2,104,0,241,76,2,319,4,323,92,4,423,0,0,0,423
06/14/2013,ACK,MA,ANE,EN,Towers with Radar,4,178,66,2,250,0,187,61,0,248,4,365,127,2,498,0,0,0,498
06/15/2013,ACK,MA,ANE,EN,Towers with Radar,4,45,29,0,78,0,207,125,0,332,4,252,154,0,410,0,0,0,410
06/16/2013,ACK,MA,ANE,EN,Towers with Radar,4,54,35,0,93,0,269,124,0,393,4,323,159,0,486,0,0,0,486
06/17/2013,ACK,MA,ANE,EN,Towers with Radar,4,50,32,2,88,0,284,88,0,372,4,334,120,2,460,2,6,8,468
06/18/2013,ACK,MA,ANE,EN,Towers with Radar,4,140,44,4,192,0,74,6,0,80,4,214,50,4,272,0,0,0,272
06/19/2013,ACK,MA,ANE,EN,Towers with Radar,4,84,42,9,139,0,279,124,26,429,4,363,166,35,568,0,0,0,568
06/20/2013,ACK,MA,ANE,EN,Towers with Radar,6,44,34,0,84,0,284,112,0,396,6,328,146,0,480,0,0,0,480
06/21/2013,ACK,MA,ANE,EN,Towers with Radar,6,71,30,0,107,0,347,148,4,499,6,418,178,4,606,0,0,0,606
06/22/2013,ACK,MA,ANE,EN,Towers with Radar,8,93,30,0,131,0,255,133,0,388,8,348,163,0,519,0,0,0,519
06/23/2013,ACK,MA,ANE,EN,Towers with Radar,6,111,55,0,172,0,277,166,0,443,6,388,221,0,615,2,0,2,617
06/24/2013,ACK,MA,ANE,EN,Towers with Radar,6,145,55,0,206,0,108,33,0,141,6,253,88,0,347,0,0,0,347
06/25/2013,ACK,MA,ANE,EN,Towers with Radar,7,59,23,0,89,0,247,109,2,358,7,306,132,2,447,0,0,0,447
06/26/2013,ACK,MA,ANE,EN,Towers with Radar,6,70,33,7,116,0,251,108,3,362,6,321,141,10,478,4,0,4,482
06/27/2013,ACK,MA,ANE,EN,Towers with Radar,6,164,70,0,240,0,0,0,0,0,6,164,70,0,240,0,0,0,240
06/28/2013,ACK,MA,ANE,EN,Towers with Radar,6,321,108,0,435,0,0,0,0,0,6,321,108,0,435,0,0,0,435
06/29/2013,ACK,MA,ANE,EN,Towers with Radar,11,233,77,0,321,0,0,0,0,0,11,233,77,0,321,0,0,0,321
06/30/2013,ACK,MA,ANE,EN,Towers with Radar,6,274,100,0,380,0,2,0,0,2,6,276,100,0,382,0,0,0,382
07/01/2013,ACK,MA,ANE,EN,Towers with Radar,6,266,91,0,363,0,18,2,0,20,6,284,93,0,383,0,0,0,383
07/02/2013,ACK,MA,ANE,EN,Towers with Radar,6,285,74,2,367,0,6,3,12,21,6,291,77,14,388,0,0,0,388
07/03/2013,ACK,MA,ANE,EN,Towers with Radar,6,358,212,2,578,0,22,9,0,31,6,380,221,2,609,0,0,0,609
07/04/2013,ACK,MA,ANE,EN,Towers with Radar,6,198,69,1,274,0,0,0,0,0,6,198,69,1,274,0,0,0,274
07/05/2013,ACK,MA,ANE,EN,Towers with Radar,6,109,50,0,165,0,226,111,0,337,6,335,161,0,502,0,0,0,502
07/06/2013,ACK,MA,ANE,EN,Towers with Radar,8,62,43,0,113,0,303,173,0,476,8,365,216,0,589,0,0,0,589
07/07/2013,ACK,MA,ANE,EN,Towers with Radar,6,197,99,0,302,0,469,260,0,729,6,666,359,0,1031,0,0,0,1031
07/08/2013,ACK,MA,ANE,EN,Towers with Radar,6,79,45,0,130,0,333,126,0,459,6,412,171,0,589,0,0,0,589
07/09/2013,ACK,MA,ANE,EN,Towers with Radar,6,215,48,0,269,0,61,18,0,79,6,276,66,0,348,0,0,0,348
07/10/2013,ACK,MA,ANE,EN,Towers with Radar,6,194,81,0,281,0,18,9,0,27,6,212,90,0,308,0,0,0,308
07/11/2013,ACK,MA,ANE,EN,Towers with Radar,6,278,93,0,377,0,22,2,0,24,6,300,95,0,401,0,0,0,401
07/12/2013,ACK,MA,ANE,EN,Towers with Radar,6,371,161,7,545,0,0,0,0,0,6,371,161,7,545,0,0,0,545
07/13/2013,ACK,MA,ANE,EN,Towers with Radar,8,215,83,2,308,0,61,25,0,86,8,276,108,2,394,0,0,0,394
07/14/2013,ACK,MA,ANE,EN,Towers with Radar,6,232,87,1,326,0,210,101,0,311,6,442,188,1,637,0,0,0,637
07/15/2013,ACK,MA,ANE,EN,Towers with Radar,6,54,45,0,105,0,322,149,0,471,6,376,194,0,576,0,0,0,576
07/16/2013,ACK,MA,ANE,EN,Towers with Radar,7,60,44,2,113,0,277,133,0,410,7,337,177,2,523,0,0,0,523
07/17/2013,ACK,MA,ANE,EN,Towers with Radar,6,57,31,0,94,0,293,122,2,417,6,350,153,2,511,0,0,0,511
07/18/2013,ACK,MA,ANE,EN,Towers with Radar,6,110,40,0,156,0,335,114,0,449,6,445,154,0,605,0,0,0,605
07/19/2013,ACK,MA,ANE,EN,Towers with Radar,6,210,94,2,312,0,263,142,0,405,6,473,236,2,717,0,0,0,717
07/20/2013,ACK,MA,ANE,EN,Towers with Radar,8,205,68,1,282,0,144,64,0,208,8,349,132,1,490,0,0,0,490
07/21/2013,ACK,MA,ANE,EN,Towers with Radar,6,129,89,0,224,0,341,189,0,530,6,470,278,0,754,0,0,0,754
07/22/2013,ACK,MA,ANE,EN,Towers with Radar,8,268,101,0,377,0,69,27,0,96,8,337,128,0,473,0,0,0,473
07/23/2013,ACK,MA,ANE,EN,Towers with Radar,6,187,73,8,274,0,68,27,0,95,6,255,100,8,369,0,0,0,369
07/24/2013,ACK,MA,ANE,EN,Towers with Radar,6,127,49,6,188,0,230,119,44,393,6,357,168,50,581,18,0,18,599
07/25/2013,ACK,MA,ANE,EN,Towers with Radar,6,292,163,0,461,0,81,19,0,100,6,373,182,0,561,0,0,0,561
07/26/2013,ACK,MA,ANE,EN,Towers with Radar,6,343,169,1,519,0,39,18,0,57,6,382,187,1,576,0,0,0,576
07/27/2013,ACK,MA,ANE,EN,Towers with Radar,8,69,42,0,119,0,269,179,0,448,8,338,221,0,567,0,0,0,567
07/28/2013,ACK,MA,ANE,EN,Towers with Radar,6,314,152,1,473,0,46,8,0,54,6,360,160,1,527,0,0,0,527
07/29/2013,ACK,MA,ANE,EN,Towers with Radar,6,248,94,0,348,0,153,47,0,200,6,401,141,0,548,0,0,0,548
07/30/2013,ACK,MA,ANE,EN,Towers with Radar,8,76,23,3,110,0,273,105,3,381,8,349,128,6,491,0,0,0,491
07/31/2013,ACK,MA,ANE,EN,Towers with Radar,6,74,33,0,113,0,275,104,0,379,6,349,137,0,492,4,0,4,496
08/01/2013,ACK,MA,ANE,EN,Towers with Radar,6,103,64,0,173,0,305,146,0,451,6,408,210,0,624,0,0,0,624
08/02/2013,ACK,MA,ANE,EN,Towers with Radar,6,199,90,0,295,0,260,115,0,375,6,459,205,0,670,0,0,0,670
08/03/2013,ACK,MA,ANE,EN,Towers with Radar,9,92,68,0,169,0,255,99,0,354,9,347,167,0,523,0,0,0,523
08/04/2013,ACK,MA,ANE,EN,Towers with Radar,6,80,73,0,159,0,376,182,0,558,6,456,255,0,717,6,0,6,723
08/05/2013,ACK,MA,ANE,EN,Towers with Radar,6,57,34,1,98,0,272,163,0,435,6,329,197,1,533,0,0,0,533
08/06/2013,ACK,MA,ANE,EN,Towers with Radar,6,73,24,0,103,0,299,167,0,466,6,372,191,0,569,0,0,0,569
08/07/2013,ACK,MA,ANE,EN,Towers with Radar,6,54,32,2,94,0,266,132,2,400,6,320,164,4,494,2,0,2,496
08/08/2013,ACK,MA,ANE,EN,Towers with Radar,6,137,75,2,220,0,301,119,0,420,6,438,194,2,640,0,0,0,640
08/09/2013,ACK,MA,ANE,EN,Towers with Radar,6,268,116,0,390,0,217,75,4,296,6,485,191,4,686,0,0,0,686
08/10/2013,ACK,MA,ANE,EN,Towers with Radar,8,130,75,0,213,0,280,149,0,429,8,410,224,0,642,0,0,0,642
08/11/2013,ACK,MA,ANE,EN,Towers with Radar,6,164,127,0,297,0,333,180,0,513,6,497,307,0,810,0,0,0,810
08/12/2013,ACK,MA,ANE,EN,Towers with Radar,6,218,89,1,314,0,203,71,0,274,6,421,160,1,588,0,0,0,588
08/13/2013,ACK,MA,ANE,EN,Towers with Radar,6,250,54,0,310,0,10,2,0,12,6,260,56,0,322,0,0,0,322
08/14/2013,ACK,MA,ANE,EN,Towers with Radar,6,136,85,0,227,0,221,93,0,314,6,357,178,0,541,0,0,0,541
08/15/2013,ACK,MA,ANE,EN,Towers with Radar,7,135,78,2,222,0,275,126,0,401,7,410,204,2,623,0,0,0,623
08/16/2013,ACK,MA,ANE,EN,Towers with Radar,6,137,107,0,250,0,325,141,0,466,6,462,248,0,716,0,0,0,716
08/17/2013,ACK,MA,ANE,EN,Towers with Radar,8,90,83,0,181,0,353,156,0,509,8,443,239,0,690,0,0,0,690
08/18/2013,ACK,MA,ANE,EN,Towers with Radar,6,150,124,0,280,0,300,139,0,439,6,450,263,0,719,0,0,0,719
08/19/2013,ACK,MA,ANE,EN,Towers with Radar,7,73,60,0,140,0,343,125,0,468,7,416,185,0,608,0,0,0,608
08/20/2013,ACK,MA,ANE,EN,Towers with Radar,8,53,42,0,103,0,297,143,0,440,8,350,185,0,543,2,0,2,545
08/21/2013,ACK,MA,ANE,EN,Towers with Radar,6,85,53,5,149,0,242,139,0,381,6,327,192,5,530,2,0,2,532
08/22/2013,ACK,MA,ANE,EN,Towers with Radar,6,259,104,0,369,0,81,40,0,121,6,340,144,0,490,0,0,0,490
08/23/2013,ACK,MA,ANE,EN,Towers with Radar,6,102,51,6,165,0,311,165,1,477,6,413,216,7,642,0,6,6,648
08/24/2013,ACK,MA,ANE,EN,Towers with Radar,8,64,50,0,122,0,253,146,0,399,8,317,196,0,521,0,0,0,521
08/25/2013,ACK,MA,ANE,EN,Towers with Radar,6,78,55,0,139,0,355,203,0,558,6,433,258,0,697,6,0,6,703
08/26/2013,ACK,MA,ANE,EN,Towers with Radar,6,71,37,0,114,0,268,123,0,391,6,339,160,0,505,0,0,0,505
08/27/2013,ACK,MA,ANE,EN,Towers with Radar,6,215,64,0,285,0,10,4,0,14,6,225,68,0,299,0,0,0,299
08/28/2013,ACK,MA,ANE,EN,Towers with Radar,6,229,76,1,312,0,1,2,0,3,6,230,78,1,315,0,0,0,315
08/29/2013,ACK,MA,ANE,EN,Towers with Radar,6,300,102,0,408,0,21,6,0,27,6,321,108,0,435,0,0,0,435
08/30/2013,ACK,MA,ANE,EN,Towers with Radar,6,204,108,0,318,0,206,121,2,329,6,410,229,2,647,0,0,0,647
08/31/2013,ACK,MA,ANE,EN,Towers with Radar,8,183,78,0,269,0,64,24,0,88,8,247,102,0,357,0,0,0,357
09/01/2013,ACK,MA,ANE,EN,Towers with Radar,6,152,54,0,212,0,177,63,0,240,6,329,117,0,452,0,0,0,452
09/02/2013,ACK,MA,ANE,EN,Towers with Radar,6,329,179,0,514,0,37,16,0,53,6,366,195,0,567,0,0,0,567
09/03/2013,ACK,MA,ANE,EN,Towers with Radar,6,201,86,1,294,0,0,0,0,0,6,201,86,1,294,0,0,0,294
09/04/2013,ACK,MA,ANE,EN,Towers with Radar,2,37,22,4,65,0,280,138,2,420,2,317,160,6,485,0,0,0,485
09/05/2013,ACK,MA,ANE,EN,Towers with Radar,2,96,31,0,129,0,226,76,4,306,2,322,107,4,435,0,0,0,435
09/06/2013,ACK,MA,ANE,EN,Towers with Radar,6,32,28,4,70,0,299,135,2,436,6,331,163,6,506,0,0,0,506
09/07/2013,ACK,MA,ANE,EN,Towers with Radar,4,22,19,0,45,0,189,140,0,329,4,211,159,0,374,0,0,0,374
09/08/2013,ACK,MA,ANE,EN,Towers with Radar,6,59,36,0,101,0,300,116,0,416,6,359,152,0,517,0,0,0,517
09/09/2013,ACK,MA,ANE,EN,Towers with Radar,5,26,20,0,51,0,276,87,0,363,5,302,107,0,414,0,0,0,414
09/10/2013,ACK,MA,ANE,EN,Towers with Radar,2,55,24,1,82,0,229,59,3,291,2,284,83,4,373,6,0,6,379
09/11/2013,ACK,MA,ANE,EN,Towers with Radar,2,72,26,0,100,0,219,95,0,314,2,291,121,0,414,0,0,0,414
09/12/2013,ACK,MA,ANE,EN,Towers with Radar,2,138,33,18,191,0,188,57,9,254,2,326,90,27,445,0,6,6,451
09/13/2013,ACK,MA,ANE,EN,Towers with Radar,6,192,93,1,292,0,117,65,0,182,6,309,158,1,474,0,0,0,474
09/14/2013,ACK,MA,ANE,EN,Towers with Radar,4,43,15,0,62,0,230,111,0,341,4,273,126,0,403,0,0,0,403
09/15/2013,ACK,MA,ANE,EN,Towers with Radar,6,42,43,0,91,0,312,177,0,489,6,354,220,0,580,2,0,2,582
09/16/2013,ACK,MA,ANE,EN,Towers with Radar,4,52,18,0,74,0,236,79,0,315,4,288,97,0,389,0,0,0,389
09/17/2013,ACK,MA,ANE,EN,Towers with Radar,2,22,9,0,33,0,243,73,2,318,2,265,82,2,351,0,0,0,351
09/18/2013,ACK,MA,ANE,EN,Towers with Radar,2,23,22,4,51,0,258,96,0,354,2,281,118,4,405,0,6,6,411
09/19/2013,ACK,MA,ANE,EN,Towers with Radar,2,25,16,0,43,0,241,107,0,348,2,266,123,0,391,0,0,0,391
09/20/2013,ACK,MA,ANE,EN,Towers with Radar,6,44,32,4,86,0,288,154,2,444,6,332,186,6,530,0,2,2,532
09/21/2013,ACK,MA,ANE,EN,Towers with Radar,4,33,26,2,65,0,214,117,0,331,4,247,143,2,396,0,6,6,402
09/22/2013,ACK,MA,ANE,EN,Towers with Radar,6,187,54,0,247,0,93,38,0,131,6,280,92,0,378,0,0,0,378
09/23/2013,ACK,MA,ANE,EN,Towers with Radar,4,30,22,0,56,0,247,97,1,345,4,277,119,1,401,0,0,0,401
09/24/2013,ACK,MA,ANE,EN,Towers with Radar,2,14,8,0,24,0,227,53,2,282,2,241,61,2,306,0,0,0,306
09/25/2013,ACK,MA,ANE,EN,Towers with Radar,2,58,21,1,82,0,251,75,7,333,2,309,96,8,415,2,0,2,417
09/26/2013,ACK,MA,ANE,EN,Towers with Radar,2,91,18,0,111,0,262,87,0,349,2,353,105,0,460,6,0,6,466
09/27/2013,ACK,MA,ANE,EN,Towers with Radar,4,120,37,4,165,0,293,94,3,390,4,413,131,7,555,0,2,2,557
09/28/2013,ACK,MA,ANE,EN,Towers with Radar,2,33,25,0,60,0,184,108,0,292,2,217,133,0,352,0,0,0,352
09/29/2013,ACK,MA,ANE,EN,Towers with Radar,4,146,49,2,201,0,245,133,0,378,4,391,182,2,579,0,0,0,579
09/30/2013,ACK,MA,ANE,EN,Towers with Radar,4,74,14,2,94,0,273,67,2,342,4,347,81,4,436,0,0,0,436
10/01/2013,ACK,MA,ANE,EN,Towers with Radar,3,13,16,1,33,0,247,63,3,313,3,260,79,4,346,2,0,2,348
10/02/2013,ACK,MA,ANE,EN,Towers with Radar,2,18,6,4,30,0,219,70,15,304,2,237,76,19,334,0,0,0,334
10/03/2013,ACK,MA,ANE,EN,Towers with Radar,2,18,17,3,40,0,253,84,7,344,2,271,101,10,384,0,0,0,384
10/04/2013,ACK,MA,ANE,EN,Towers with Radar,5,60,27,0,92,0,277,105,0,382,5,337,132,0,474,0,0,0,474
10/05/2013,ACK,MA,ANE,EN,Towers with Radar,3,75,24,0,102,0,145,53,0,198,3,220,77,0,300,0,0,0,300
10/06/2013,ACK,MA,ANE,EN,Towers with Radar,4,104,49,0,157,0,164,41,0,205,4,268,90,0,362,6,0,6,368
10/07/2013,ACK,MA,ANE,EN,Towers with Radar,4,131,16,2,153,0,164,44,0,208,4,295,60,2,361,0,0,0,361
10/08/2013,ACK,MA,ANE,EN,Towers with Radar,2,16,11,0,29,0,210,74,0,284,2,226,85,0,313,0,0,0,313
10/09/2013,ACK,MA,ANE,EN,Towers with Radar,2,9,12,0,23,0,239,72,0,311,2,248,84,0,334,0,0,0,334
10/10/2013,ACK,MA,ANE,EN,Towers with Radar,2,44,21,0,67,0,215,84,0,299,2,259,105,0,366,4,0,4,370
10/11/2013,ACK,MA,ANE,EN,Towers with Radar,4,108,34,0,146,0,323,101,0,424,4,431,135,0,570,0,0,0,570
10/12/2013,ACK,MA,ANE,EN,Towers with Radar,2,73,38,0,113,0,135,48,0,183,2,208,86,0,296,0,0,0,296
10/13/2013,ACK,MA,ANE,EN,Towers with Radar,4,43,21,0,68,0,194,84,0,278,4,237,105,0,346,0,0,0,346
10/14/2013,ACK,MA,ANE,EN,Towers with Radar,4,62,24,0,90,0,381,150,0,531,4,443,174,0,621,4,0,4,625
10/15/2013,ACK,MA,ANE,EN,Towers with Radar,0,14,6,0,20,0,248,57,0,305,0,262,63,0,325,0,0,0,325
10/16/2013,ACK,MA,ANE,EN,Towers with Radar,0,149,22,0,171,0,0,0,0,0,0,149,22,0,171,0,0,0,171
10/17/2013,ACK,MA,ANE,EN,Towers with Radar,0,164,40,0,204,0,0,0,0,0,0,164,40,0,204,0,0,0,204
10/18/2013,ACK,MA,ANE,EN,Towers with Radar,2,44,12,0,58,0,220,68,0,288,2,264,80,0,346,0,0,0,346
10/19/2013,ACK,MA,ANE,EN,Towers with Radar,0,12,13,2,27,0,153,74,0,227,0,165,87,2,254,10,4,14,268
10/20/2013,ACK,MA,ANE,EN,Towers with Radar,2,20,22,0,44,0,204,92,0,296,2,224,114,0,340,0,0,0,340
10/21/2013,ACK,MA,ANE,EN,Towers with Radar,0,14,9,12,35,0,225,84,32,341,0,239,93,44,376,0,0,0,376
10/22/2013,ACK,MA,ANE,EN,Towers with Radar,0,11,7,0,18,0,211,46,0,257,0,222,53,0,275,0,0,0,275
10/23/2013,ACK,MA,ANE,EN,Towers with Radar,0,18,14,0,32,0,185,45,4,234,0,203,59,4,266,0,0,0,266
10/24/2013,ACK,MA,ANE,EN,Towers with Radar,0,16,2,4,22,0,216,58,0,274,0,232,60,4,296,0,0,0,296
10/25/2013,ACK,MA,ANE,EN,Towers with Radar,2,27,9,6,44,0,209,72,14,295,2,236,81,20,339,0,0,0,339
10/26/2013,ACK,MA,ANE,EN,Towers with Radar,0,9,12,0,21,0,113,53,0,166,0,122,65,0,187,6,0,6,193
10/27/2013,ACK,MA,ANE,EN,Towers with Radar,0,6,5,0,11,0,145,57,0,202,0,151,62,0,213,0,0,0,213
10/28/2013,ACK,MA,ANE,EN,Towers with Radar,0,12,3,2,17,0,219,57,0,276,0,231,60,2,293,0,0,0,293
10/29/2013,ACK,MA,ANE,EN,Towers with Radar,0,13,3,0,16,0,226,45,0,271,0,239,48,0,287,0,0,0,287
10/30/2013,ACK,MA,ANE,EN,Towers with Radar,0,15,5,0,20,0,186,33,0,219,0,201,38,0,239,2,0,2,241
10/31/2013,ACK,MA,ANE,EN,Towers with Radar,0,31,7,4,42,0,207,52,0,259,0,238,59,4,301,0,0,0,301
11/01/2013,ACK,MA,ANE,EN,Towers with Radar,0,62,4,0,66,0,118,15,0,133,0,180,19,0,199,0,0,0,199
11/02/2013,ACK,MA,ANE,EN,Towers with Radar,0,28,19,0,47,0,118,63,0,181,0,146,82,0,228,0,0,0,228
11/03/2013,ACK,MA,ANE,EN,Towers with Radar,0,69,13,0,82,0,75,17,0,92,0,144,30,0,174,2,0,2,176
11/04/2013,ACK,MA,ANE,EN,Towers with Radar,0,20,7,6,33,0,213,71,5,289,0,233,78,11,322,0,0,0,322
11/05/2013,ACK,MA,ANE,EN,Towers with Radar,0,11,5,1,17,0,204,57,14,275,0,215,62,15,292,0,0,0,292
11/06/2013,ACK,MA,ANE,EN,Towers with Radar,0,14,5,1,20,0,174,62,0,236,0,188,67,1,256,0,0,0,256
11/07/2013,ACK,MA,ANE,EN,Towers with Radar,0,110,13,1,124,0,54,6,0,60,0,164,19,1,184,0,0,0,184
11/08/2013,ACK,MA,ANE,EN,Towers with Radar,0,13,6,0,19,0,227,70,0,297,0,240,76,0,316,0,0,0,316
11/09/2013,ACK,MA,ANE,EN,Towers with Radar,0,4,21,0,25,0,141,69,0,210,0,145,90,0,235,0,0,0,235
11/10/2013,ACK,MA,ANE,EN,Towers with Radar,0,29,11,0,40,0,138,65,0,203,0,167,76,0,243,0,0,0,243
11/11/2013,ACK,MA,ANE,EN,Towers with Radar,0,9,7,2,18,0,218,75,0,293,0,227,82,2,311,0,0,0,311
11/12/2013,ACK,MA,ANE,EN,Towers with Radar,0,50,8,0,58,0,95,16,0,111,0,145,24,0,169,0,0,0,169
11/13/2013,ACK,MA,ANE,EN,Towers with Radar,0,14,5,6,25,0,196,43,0,239,0,210,48,6,264,0,0,0,264
11/14/2013,ACK,MA,ANE,EN,Towers with Radar,0,12,6,0,18,0,207,67,0,274,0,219,73,0,292,0,0,0,292
11/15/2013,ACK,MA,ANE,EN,Towers with Radar,0,15,3,2,20,0,219,70,1,290,0,234,73,3,310,6,0,6,316
11/16/2013,ACK,MA,ANE,EN,Towers with Radar,0,4,10,0,14,0,145,65,0,210,0,149,75,0,224,0,0,0,224
11/17/2013,ACK,MA,ANE,EN,Towers with Radar,0,56,8,0,64,0,81,21,0,102,0,137,29,0,166,0,0,0,166
11/18/2013,ACK,MA,ANE,EN,Towers with Radar,0,48,12,1,61,0,145,29,0,174,0,193,41,1,235,0,0,0,235
11/19/2013,ACK,MA,ANE,EN,Towers with Radar,0,11,2,0,13,0,190,55,0,245,0,201,57,0,258,0,0,0,258
11/20/2013,ACK,MA,ANE,EN,Towers with Radar,0,5,3,0,8,0,200,55,0,255,0,205,58,0,263,0,0,0,263
11/21/2013,ACK,MA,ANE,EN,Towers with Radar,0,13,5,1,19,0,236,57,0,293,0,249,62,1,312,6,0,6,318
11/22/2013,ACK,MA,ANE,EN,Towers with Radar,0,104,21,10,135,0,84,19,6,109,0,188,40,16,244,0,0,0,244
11/23/2013,ACK,MA,ANE,EN,Towers with Radar,0,5,11,0,16,0,145,57,0,202,0,150,68,0,218,0,0,0,218
11/24/2013,ACK,MA,ANE,EN,Towers with Radar,0,6,3,0,9,0,169,28,0,197,0,175,31,0,206,0,0,0,206
11/25/2013,ACK,MA,ANE,EN,Towers with Radar,0,13,3,2,18,0,217,60,0,277,0,230,63,2,295,0,0,0,295
11/26/2013,ACK,MA,ANE,EN,Towers with Radar,0,62,29,4,95,0,208,57,0,265,0,270,86,4,360,8,0,8,368
11/27/2013,ACK,MA,ANE,EN,Towers with Radar,0,43,22,0,65,0,0,0,0,0,0,43,22,0,65,0,0,0,65
11/28/2013,ACK,MA,ANE,EN,Towers with Radar,0,65,8,0,73,0,147,24,0,171,0,212,32,0,244,0,0,0,244
11/29/2013,ACK,MA,ANE,EN,Towers with Radar,0,72,12,0,84,0,136,57,0,193,0,208,69,0,277,6,0,6,283
11/30/2013,ACK,MA,ANE,EN,Towers with Radar,0,75,33,0,108,0,128,74,0,202,0,203,107,0,310,0,0,0,310
12/01/2013,ACK,MA,ANE,EN,Towers with Radar,0,108,50,4,162,0,146,47,0,193,0,254,97,4,355,16,0,16,371
12/02/2013,ACK,MA,ANE,EN,Towers with Radar,0,141,24,2,167,0,1,0,0,1,0,142,24,2,168,0,0,0,168
12/03/2013,ACK,MA,ANE,EN,Towers with Radar,0,105,17,0,122,0,17,0,0,17,0,122,17,0,139,0,0,0,139
12/04/2013,ACK,MA,ANE,EN,Towers with Radar,0,10,6,0,16,0,169,60,0,229,0,179,66,0,245,0,0,0,245
12/05/2013,ACK,MA,ANE,EN,Towers with Radar,0,102,32,0,134,0,102,23,0,125,0,204,55,0,259,0,0,0,259
12/06/2013,ACK,MA,ANE,EN,Towers with Radar,0,226,79,0,305,0,75,24,0,99,0,301,103,0,404,0,0,0,404
12/07/2013,ACK,MA,ANE,EN,Towers with Radar,0,60,39,0,99,0,108,103,0,211,0,168,142,0,310,0,0,0,310
12/08/2013,ACK,MA,ANE,EN,Towers with Radar,0,58,41,0,99,0,315,152,0,467,0,373,193,0,566,0,0,0,566
12/09/2013,ACK,MA,ANE,EN,Towers with Radar,0,136,29,0,165,0,0,1,0,1,0,136,30,0,166,0,0,0,166
12/10/2013,ACK,MA,ANE,EN,Towers with Radar,0,57,8,0,65,0,78,18,0,96,0,135,26,0,161,0,0,0,161
12/11/2013,ACK,MA,ANE,EN,Towers with Radar,0,9,2,0,11,0,175,46,0,221,0,184,48,0,232,0,0,0,232
12/12/2013,ACK,MA,ANE,EN,Towers with Radar,0,17,8,0,25,0,172,36,0,208,0,189,44,0,233,0,0,0,233
12/13/2013,ACK,MA,ANE,EN,Towers with Radar,0,13,8,0,21,0,135,41,0,176,0,148,49,0,197,0,0,0,197
12/14/2013,ACK,MA,ANE,EN,Towers with Radar,0,24,14,0,38,0,56,28,0,84,0,80,42,0,122,0,0,0,122
12/15/2013,ACK,MA,ANE,EN,Towers with Radar,0,43,18,0,61,0,36,7,0,43,0,79,25,0,104,0,0,0,104
12/16/2013,ACK,MA,ANE,EN,Towers with Radar,0,8,2,0,10,0,167,50,0,217,0,175,52,0,227,0,0,0,227
12/17/2013,ACK,MA,ANE,EN,Towers with Radar,0,36,4,0,40,0,142,25,0,167,0,178,29,0,207,0,0,0,207
12/18/2013,ACK,MA,ANE,EN,Towers with Radar,0,32,4,0,36,0,105,37,0,142,0,137,41,0,178,0,0,0,178
12/19/2013,ACK,MA,ANE,EN,Towers with Radar,0,9,4,2,15,0,163,53,0,216,0,172,57,2,231,0,0,0,231
12/20/2013,ACK,MA,ANE,EN,Towers with Radar,0,15,4,0,19,0,181,59,0,240,0,196,63,0,259,0,0,0,259
12/21/2013,ACK,MA,ANE,EN,Towers with Radar,0,11,11,0,22,0,146,41,0,187,0,157,52,0,209,0,0,0,209
12/22/2013,ACK,MA,ANE,EN,Towers with Radar,0,17,3,0,20,0,0,0,0,0,0,17,3,0,20,0,0,0,20
12/23/2013,ACK,MA,ANE,EN,Towers with Radar,0,68,16,0,84,0,0,0,0,0,0,68,16,0,84,0,0,0,84
12/24/2013,ACK,MA,ANE,EN,Towers with Radar,0,17,0,0,17,0,146,23,0,169,0,163,23,0,186,0,0,0,186
12/25/2013,ACK,MA,ANE,EN,Towers with Radar,0,4,0,0,4,0,87,8,0,95,0,91,8,0,99,0,0,0,99
12/26/2013,ACK,MA,ANE,EN,Towers with Radar,0,40,2,0,42,0,121,23,0,144,0,161,25,0,186,0,0,0,186
12/27/2013,ACK,MA,ANE,EN,Towers with Radar,0,11,7,2,20,0,174,77,0,251,0,185,84,2,271,0,0,0,271
12/28/2013,ACK,MA,ANE,EN,Towers with Radar,0,2,3,0,5,0,132,56,0,188,0,134,59,0,193,2,0,2,195
12/29/2013,ACK,MA,ANE,EN,Towers with Radar,0,16,3,0,19,0,58,4,0,62,0,74,7,0,81,0,0,0,81
12/30/2013,ACK,MA,ANE,EN,Towers with Radar,0,15,5,3,23,0,193,59,1,253,0,208,64,4,276,0,0,0,276
12/31/2013,ACK,MA,ANE,EN,Towers with Radar,0,20,4,2,26,0,162,39,8,209,0,182,43,10,235,0,0,0,235
01/01/2014,ACK,MA,ANE,EN,Towers with Radar,0,4,6,0,10,0,136,46,0,182,0,140,52,0,192,0,0,0,192
01/02/2014,ACK,MA,ANE,EN,Towers with Radar,0,26,10,0,36,0,8,4,0,12,0,34,14,0,48,0,0,0,48
01/03/2014,ACK,MA,ANE,EN,Towers with Radar,0,0,0,0,0,0,0,0,0,0,0,0,0,0,0,0,0,0,0
01/04/2014,ACK,MA,ANE,EN,Towers with Radar,0,3,2,0,5,0,67,25,0,92,0,70,27,0,97,0,0,0,97
01/05/2014,ACK,MA,ANE,EN,Towers with Radar,0,8,1,0,9,0,126,37,0,163,0,134,38,0,172,0,0,0,172
01/06/2014,ACK,MA,ANE,EN,Towers with Radar,0,22,4,0,26,0,15,4,0,19,0,37,8,0,45,0,0,0,45
01/07/2014,ACK,MA,ANE,EN,Towers with Radar,0,8,4,0,12,0,174,29,0,203,0,182,33,0,215,0,0,0,215
01/08/2014,ACK,MA,ANE,EN,Towers with Radar,0,7,5,0,12,0,153,39,0,192,0,160,44,0,204,0,0,0,204
01/09/2014,ACK,MA,ANE,EN,Towers with Radar,0,14,7,0,21,0,192,56,0,248,0,206,63,0,269,0,0,0,269
01/10/2014,ACK,MA,ANE,EN,Towers with Radar,0,52,12,15,79,0,184,40,3,227,0,236,52,18,306,0,0,0,306
01/11/2014,ACK,MA,ANE,EN,Towers with Radar,0,33,5,0,38,0,33,10,0,43,0,66,15,0,81,0,0,0,81
01/12/2014,ACK,MA,ANE,EN,Towers with Radar,0,12,4,0,16,0,136,26,0,162,0,148,30,0,178,0,0,0,178
01/13/2014,ACK,MA,ANE,EN,Towers with Radar,0,8,8,1,17,1,175,51,4,231,1,183,59,5,248,0,0,0,248
01/14/2014,ACK,MA,ANE,EN,Towers with Radar,0,58,6,0,64,0,47,15,0,62,0,105,21,0,126,0,0,0,126
01/15/2014,ACK,MA,ANE,EN,Towers with Radar,0,13,8,0,21,0,158,47,0,205,0,171,55,0,226,0,0,0,226
01/16/2014,ACK,MA,ANE,EN,Towers with Radar,0,84,16,0,100,0,6,1,0,7,0,90,17,0,107,0,0,0,107
01/17/2014,ACK,MA,ANE,EN,Towers with Radar,0,46,13,5,64,0,140,49,1,190,0,186,62,6,254,0,0,0,254
01/18/2014,ACK,MA,ANE,EN,Towers with Radar,0,35,7,0,42,0,127,35,0,162,0,162,42,0,204,0,0,0,204
01/19/2014,ACK,MA,ANE,EN,Towers with Radar,0,22,1,0,23,0,116,19,0,135,0,138,20,0,158,0,0,0,158
01/20/2014,ACK,MA,ANE,EN,Towers with Radar,0,9,2,0,11,0,166,53,0,219,0,175,55,0,230,0,0,0,230
01/21/2014,ACK,MA,ANE,EN,Towers with Radar,0,16,6,0,22,0,103,24,0,127,0,119,30,0,149,0,0,0,149
01/22/2014,ACK,MA,ANE,EN,Towers with Radar,0,0,0,0,0,0,0,0,0,0,0,0,0,0,0,0,0,0,0
01/23/2014,ACK,MA,ANE,EN,Towers with Radar,0,11,3,2,16,0,139,38,0,177,0,150,41,2,193,0,0,0,193
01/24/2014,ACK,MA,ANE,EN,Towers with Radar,0,13,0,1,14,0,179,52,3,234,0,192,52,4,248,0,0,0,248
01/25/2014,ACK,MA,ANE,EN,Towers with Radar,0,15,4,0,19,0,150,40,0,190,0,165,44,0,209,0,0,0,209
01/26/2014,ACK,MA,ANE,EN,Towers with Radar,0,7,2,0,9,0,112,25,0,137,0,119,27,0,146,0,0,0,146
01/27/2014,ACK,MA,ANE,EN,Towers with Radar,0,10,5,3,18,0,190,39,5,234,0,200,44,8,252,0,0,0,252
01/28/2014,ACK,MA,ANE,EN,Towers with Radar,0,11,7,0,18,0,171,33,0,204,0,182,40,0,222,0,0,0,222
01/29/2014,ACK,MA,ANE,EN,Towers with Radar,0,6,2,0,8,0,56,9,0,65,0,62,11,0,73,0,0,0,73
01/30/2014,ACK,MA,ANE,EN,Towers with Radar,0,9,13,0,22,0,164,46,0,210,0,173,59,0,232,0,0,0,232
01/31/2014,ACK,MA,ANE,EN,Towers with Radar,0,32,9,0,41,0,151,37,0,188,0,183,46,0,229,0,0,0,229
02/01/2014,ACK,MA,ANE,EN,Towers with Radar,0,4,5,2,11,0,136,43,0,179,0,140,48,2,190,0,0,0,190
02/02/2014,ACK,MA,ANE,EN,Towers with Radar,0,32,9,0,41,0,48,2,0,50,0,80,11,0,91,0,0,0,91
02/03/2014,ACK,MA,ANE,EN,Towers with Radar,0,28,6,0,34,0,26,10,0,36,0,54,16,0,70,0,0,0,70
02/04/2014,ACK,MA,ANE,EN,Towers with Radar,0,13,2,4,19,0,178,36,8,222,0,191,38,12,241,0,0,0,241
02/05/2014,ACK,MA,ANE,EN,Towers with Radar,0,0,4,0,4,0,0,0,0,0,0,0,4,0,4,0,0,0,4
02/06/2014,ACK,MA,ANE,EN,Towers with Radar,0,21,0,0,21,0,169,42,0,211,0,190,42,0,232,0,0,0,232
02/07/2014,ACK,MA,ANE,EN,Towers with Radar,0,12,9,6,27,0,184,58,0,242,0,196,67,6,269,0,0,0,269
02/08/2014,ACK,MA,ANE,EN,Towers with Radar,0,8,6,0,14,0,125,43,0,168,0,133,49,0,182,0,0,0,182
02/09/2014,ACK,MA,ANE,EN,Towers with Radar,0,23,2,0,25,0,108,28,0,136,0,131,30,0,161,0,0,0,161
02/10/2014,ACK,MA,ANE,EN,Towers with Radar,0,11,4,9,24,0,167,33,5,205,0,178,37,14,229,0,0,0,229
02/11/2014,ACK,MA,ANE,EN,Towers with Radar,0,13,6,13,32,0,192,47,2,241,0,205,53,15,273,0,0,0,273
02/12/2014,ACK,MA,ANE,EN,Towers with Radar,0,15,0,6,21,0,156,36,0,192,0,171,36,6,213,0,0,0,213
02/13/2014,ACK,MA,ANE,EN,Towers with Radar,0,22,9,0,31,0,42,11,0,53,0,64,20,0,84,0,0,0,84
02/14/2014,ACK,MA,ANE,EN,Towers with Radar,0,44,15,4,63,0,49,21,0,70,0,93,36,4,133,0,0,0,133
02/15/2014,ACK,MA,ANE,EN,Towers with Radar,0,18,6,0,24,0,76,23,0,99,0,94,29,0,123,0,0,0,123
02/16/2014,ACK,MA,ANE,EN,Towers with Radar,0,3,3,0,6,0,48,11,0,59,0,51,14,0,65,0,0,0,65
02/17/2014,ACK,MA,ANE,EN,Towers with Radar,0,8,3,0,11,0,166,40,0,206,0,174,43,0,217,0,0,0,217
02/18/2014,ACK,MA,ANE,EN,Towers with Radar,0,35,8,0,43,0,63,13,0,76,0,98,21,0,119,0,0,0,119
02/19/2014,ACK,MA,ANE,EN,Towers with Radar,0,37,7,0,44,0,111,25,0,136,0,148,32,0,180,0,0,0,180
02/20/2014,ACK,MA,ANE,EN,Towers with Radar,0,10,4,1,15,0,184,72,1,257,0,194,76,2,272,0,0,0,272
02/21/2014,ACK,MA,ANE,EN,Towers with Radar,0,22,15,0,37,0,0,0,0,0,0,22,15,0,37,0,0,0,37
02/22/2014,ACK,MA,ANE,EN,Towers with Radar,0,7,9,4,20,0,145,71,0,216,0,152,80,4,236,2,0,2,238
02/23/2014,ACK,MA,ANE,EN,Towers with Radar,0,5,6,0,11,0,97,49,0,146,0,102,55,0,157,0,0,0,157
02/24/2014,ACK,MA,ANE,EN,Towers with Radar,0,7,2,2,11,0,146,37,0,183,0,153,39,2,194,0,0,0,194
02/25/2014,ACK,MA,ANE,EN,Towers with Radar,0,11,5,0,16,0,162,43,0,205,0,173,48,0,221,7,0,7,228
02/26/2014,ACK,MA,ANE,EN,Towers with Radar,0,19,1,0,20,0,119,27,0,146,0,138,28,0,166,0,0,0,166
02/27/2014,ACK,MA,ANE,EN,Towers with Radar,0,27,7,8,42,0,127,27,0,154,0,154,34,8,196,0,0,0,196
02/28/2014,ACK,MA,ANE,EN,Towers with Radar,0,16,4,2,22,0,153,54,10,217,0,169,58,12,239,0,0,0,239
03/01/2014,ACK,MA,ANE,EN,Towers with Radar,0,6,5,0,11,0,109,45,1,155,0,115,50,1,166,0,0,0,166
03/02/2014,ACK,MA,ANE,EN,Towers with Radar,0,35,4,0,39,0,59,5,0,64,0,94,9,0,103,0,0,0,103
03/03/2014,ACK,MA,ANE,EN,Towers with Radar,0,19,8,0,27,0,81,17,0,98,0,100,25,0,125,0,0,0,125
03/04/2014,ACK,MA,ANE,EN,Towers with Radar,0,11,3,0,14,0,171,40,0,211,0,182,43,0,225,0,0,0,225
03/05/2014,ACK,MA,ANE,EN,Towers with Radar,0,33,8,8,49,0,162,47,0,209,0,195,55,8,258,0,0,0,258
03/06/2014,ACK,MA,ANE,EN,Towers with Radar,0,16,1,0,17,0,138,37,0,175,0,154,38,0,192,0,4,4,196
03/07/2014,ACK,MA,ANE,EN,Towers with Radar,0,10,7,0,17,0,202,55,0,257,0,212,62,0,274,0,0,0,274
03/08/2014,ACK,MA,ANE,EN,Towers with Radar,0,25,10,0,35,0,135,64,0,199,0,160,74,0,234,0,0,0,234
03/09/2014,ACK,MA,ANE,EN,Towers with Radar,0,6,5,0,11,0,138,32,0,170,0,144,37,0,181,0,0,0,181
03/10/2014,ACK,MA,ANE,EN,Towers with Radar,0,59,11,0,70,0,83,24,0,107,0,142,35,0,177,0,0,0,177
03/11/2014,ACK,MA,ANE,EN,Towers with Radar,0,7,1,0,8,0,180,38,0,218,0,187,39,0,226,0,0,0,226
03/12/2014,ACK,MA,ANE,EN,Towers with Radar,0,25,4,0,29,0,108,29,0,137,0,133,33,0,166,0,0,0,166
03/13/2014,ACK,MA,ANE,EN,Towers with Radar,0,43,12,0,55,0,12,3,0,15,0,55,15,0,70,0,0,0,70
03/14/2014,ACK,MA,ANE,EN,Towers with Radar,0,13,2,0,15,0,224,61,0,285,0,237,63,0,300,4,0,4,304
03/15/2014,ACK,MA,ANE,EN,Towers with Radar,0,4,5,0,9,0,150,46,0,196,0,154,51,0,205,0,0,0,205
03/16/2014,ACK,MA,ANE,EN,Towers with Radar,0,3,5,2,10,0,124,53,0,177,0,127,58,2,187,0,0,0,187
03/17/2014,ACK,MA,ANE,EN,Towers with Radar,0,17,1,0,18,0,169,38,2,209,0,186,39,2,227,0,0,0,227
03/18/2014,ACK,MA,ANE,EN,Towers with Radar,0,7,0,0,7,0,184,42,0,226,0,191,42,0,233,0,0,0,233
03/19/2014,ACK,MA,ANE,EN,Towers with Radar,0,8,4,0,12,0,145,44,0,189,0,153,48,0,201,0,0,0,201
03/20/2014,ACK,MA,ANE,EN,Towers with Radar,0,70,9,0,79,0,63,17,0,80,0,133,26,0,159,0,0,0,159
03/21/2014,ACK,MA,ANE,EN,Towers with Radar,0,5,2,0,7,0,203,56,0,259,0,208,58,0,266,0,0,0,266
03/22/2014,ACK,MA,ANE,EN,Towers with Radar,0,8,3,0,11,0,165,41,0,206,0,173,44,0,217,0,0,0,217
03/23/2014,ACK,MA,ANE,EN,Towers with Radar,0,5,10,0,15,0,153,61,0,214,0,158,71,0,229,0,0,0,229
03/24/2014,ACK,MA,ANE,EN,Towers with Radar,0,14,4,0,18,0,208,49,0,257,0,222,53,0,275,0,0,0,275
03/25/2014,ACK,MA,ANE,EN,Towers with Radar,0,10,3,0,13,0,171,49,0,220,0,181,52,0,233,0,0,0,233
03/26/2014,ACK,MA,ANE,EN,Towers with Radar,0,0,0,0,0,0,0,0,0,0,0,0,0,0,0,0,0,0,0
03/27/2014,ACK,MA,ANE,EN,Towers with Radar,0,14,1,0,15,0,188,65,4,257,0,202,66,4,272,0,0,0,272
03/28/2014,ACK,MA,ANE,EN,Towers with Radar,0,25,11,0,36,0,220,55,0,275,0,245,66,0,311,4,0,4,315
03/29/2014,ACK,MA,ANE,EN,Towers with Radar,0,34,10,0,44,0,87,24,1,112,0,121,34,1,156,0,0,0,156
03/30/2014,ACK,MA,ANE,EN,Towers with Radar,0,30,4,0,34,0,0,0,0,0,0,30,4,0,34,0,0,0,34
03/31/2014,ACK,MA,ANE,EN,Towers with Radar,0,87,12,0,99,0,5,4,0,9,0,92,16,0,108,0,0,0,108
04/01/2014,ACK,MA,ANE,EN,Towers with Radar,0,51,6,0,57,0,148,33,0,181,0,199,39,0,238,0,0,0,238
04/02/2014,ACK,MA,ANE,EN,Towers with Radar,0,7,2,3,12,0,178,45,4,227,0,185,47,7,239,0,0,0,239
04/03/2014,ACK,MA,ANE,EN,Towers with Radar,0,7,7,10,24,0,176,73,0,249,0,183,80,10,273,0,0,0,273
04/04/2014,ACK,MA,ANE,EN,Towers with Radar,0,11,7,0,18,0,205,57,0,262,0,216,64,0,280,0,0,0,280
04/05/2014,ACK,MA,ANE,EN,Towers with Radar,0,55,13,0,68,0,74,20,0,94,0,129,33,0,162,0,0,0,162
04/06/2014,ACK,MA,ANE,EN,Towers with Radar,0,4,12,0,16,0,123,72,0,195,0,127,84,0,211,0,0,0,211
04/07/2014,ACK,MA,ANE,EN,Towers with Radar,0,11,6,7,24,0,187,58,4,249,0,198,64,11,273,0,0,0,273
04/08/2014,ACK,MA,ANE,EN,Towers with Radar,0,21,14,0,35,0,0,0,0,0,0,21,14,0,35,0,0,0,35
04/09/2014,ACK,MA,ANE,EN,Towers with Radar,0,9,5,0,14,0,205,59,0,264,0,214,64,0,278,0,0,0,278
04/10/2014,ACK,MA,ANE,EN,Towers with Radar,0,16,5,4,25,0,197,69,0,266,0,213,74,4,291,0,0,0,291
04/11/2014,ACK,MA,ANE,EN,Towers with Radar,0,24,15,4,43,0,222,56,4,282,0,246,71,8,325,0,0,0,325
04/12/2014,ACK,MA,ANE,EN,Towers with Radar,0,0,6,0,6,0,163,89,0,252,0,163,95,0,258,0,0,0,258
04/13/2014,ACK,MA,ANE,EN,Towers with Radar,0,15,8,0,23,0,154,60,0,214,0,169,68,0,237,0,0,0,237
04/14/2014,ACK,MA,ANE,EN,Towers with Radar,0,41,4,0,45,0,178,52,0,230,0,219,56,0,275,0,0,0,275
04/15/2014,ACK,MA,ANE,EN,Towers with Radar,0,46,7,10,63,0,152,22,0,174,0,198,29,10,237,0,0,0,237
04/16/2014,ACK,MA,ANE,EN,Towers with Radar,0,32,8,0,40,0,146,37,0,183,0,178,45,0,223,0,0,0,223
04/17/2014,ACK,MA,ANE,EN,Towers with Radar,0,24,10,0,34,0,188,47,2,237,0,212,57,2,271,0,0,0,271
04/18/2014,ACK,MA,ANE,EN,Towers with Radar,0,81,33,0,114,0,157,43,0,200,0,238,76,0,314,0,0,0,314
04/19/2014,ACK,MA,ANE,EN,Towers with Radar,0,2,13,0,15,0,155,81,0,236,0,157,94,0,251,0,0,0,251
04/20/2014,ACK,MA,ANE,EN,Towers with Radar,0,14,4,0,18,0,145,74,0,219,0,159,78,0,237,0,0,0,237
04/21/2014,ACK,MA,ANE,EN,Towers with Radar,0,14,4,0,18,0,192,80,0,272,0,206,84,0,290,6,0,6,296
04/22/2014,ACK,MA,ANE,EN,Towers with Radar,0,11,4,0,15,0,205,53,0,258,0,216,57,0,273,0,0,0,273
04/23/2014,ACK,MA,ANE,EN,Towers with Radar,0,78,11,0,89,0,77,24,0,101,0,155,35,0,190,0,0,0,190
04/24/2014,ACK,MA,ANE,EN,Towers with Radar,0,22,4,2,28,0,210,70,0,280,0,232,74,2,308,0,0,0,308
04/25/2014,ACK,MA,ANE,EN,Towers with Radar,0,35,21,0,56,0,294,143,0,437,0,329,164,0,493,0,0,0,493
04/26/2014,ACK,MA,ANE,EN,Towers with Radar,0,24,8,4,36,0,124,23,0,147,0,148,31,4,183,0,0,0,183
04/27/2014,ACK,MA,ANE,EN,Towers with Radar,0,120,46,0,166,0,170,45,0,215,0,290,91,0,381,0,0,0,381
04/28/2014,ACK,MA,ANE,EN,Towers with Radar,0,14,9,2,25,0,202,52,2,256,0,216,61,4,281,0,0,0,281
04/29/2014,ACK,MA,ANE,EN,Towers with Radar,0,54,12,0,66,0,171,31,3,205,0,225,43,3,271,0,0,0,271
04/30/2014,ACK,MA,ANE,EN,Towers with Radar,0,46,7,0,53,0,171,35,0,206,0,217,42,0,259,0,0,0,259
05/01/2014,ACK,MA,ANE,EN,Towers with Radar,0,55,22,2,79,0,0,0,0,0,0,55,22,2,79,0,0,0,79
05/02/2014,ACK,MA,ANE,EN,Towers with Radar,0,24,13,2,39,0,214,76,0,290,0,238,89,2,329,8,2,10,339
05/03/2014,ACK,MA,ANE,EN,Towers with Radar,0,19,15,0,34,0,182,130,0,312,0,201,145,0,346,0,0,0,346
05/04/2014,ACK,MA,ANE,EN,Towers with Radar,0,14,8,0,22,0,164,57,0,221,0,178,65,0,243,0,0,0,243
05/05/2014,ACK,MA,ANE,EN,Towers with Radar,0,18,8,0,26,0,221,71,0,292,0,239,79,0,318,0,0,0,318
05/06/2014,ACK,MA,ANE,EN,Towers with Radar,0,8,9,2,19,0,196,59,1,256,0,204,68,3,275,0,0,0,275
05/07/2014,ACK,MA,ANE,EN,Towers with Radar,0,11,15,1,27,0,182,65,10,257,0,193,80,11,284,0,0,0,284
05/08/2014,ACK,MA,ANE,EN,Towers with Radar,0,35,10,2,47,0,194,55,0,249,0,229,65,2,296,4,0,4,300
05/09/2014,ACK,MA,ANE,EN,Towers with Radar,0,72,15,0,87,0,180,58,0,238,0,252,73,0,325,0,0,0,325
05/10/2014,ACK,MA,ANE,EN,Towers with Radar,0,66,13,1,80,0,38,8,0,46,0,104,21,1,126,0,0,0,126
05/11/2014,ACK,MA,ANE,EN,Towers with Radar,0,9,20,0,29,0,149,83,0,232,0,158,103,0,261,0,0,0,261
05/12/2014,ACK,MA,ANE,EN,Towers with Radar,0,8,2,0,10,0,216,67,2,285,0,224,69,2,295,0,0,0,295
05/13/2014,ACK,MA,ANE,EN,Towers with Radar,0,34,7,0,41,0,172,40,0,212,0,206,47,0,253,0,0,0,253
05/14/2014,ACK,MA,ANE,EN,Towers with Radar,0,37,22,0,59,0,203,54,0,257,0,240,76,0,316,0,0,0,316
05/15/2014,ACK,MA,ANE,EN,Towers with Radar,2,59,29,0,90,0,245,76,0,321,2,304,105,0,411,0,0,0,411
05/16/2014,ACK,MA,ANE,EN,Towers with Radar,2,76,45,0,123,0,256,73,3,332,2,332,118,3,455,0,0,0,455
05/17/2014,ACK,MA,ANE,EN,Towers with Radar,2,61,16,0,79,0,98,41,0,139,2,159,57,0,218,6,0,6,224
05/18/2014,ACK,MA,ANE,EN,Towers with Radar,2,52,29,0,83,0,248,125,0,373,2,300,154,0,456,0,0,0,456
05/19/2014,ACK,MA,ANE,EN,Towers with Radar,2,17,22,0,41,0,247,89,8,344,2,264,111,8,385,0,0,0,385
05/20/2014,ACK,MA,ANE,EN,Towers with Radar,2,10,12,0,24,0,218,71,0,289,2,228,83,0,313,6,0,6,319
05/21/2014,ACK,MA,ANE,EN,Towers with Radar,3,17,15,1,36,0,228,69,1,298,3,245,84,2,334,0,0,0,334
05/22/2014,ACK,MA,ANE,EN,Towers with Radar,4,130,44,4,182,0,166,56,4,226,4,296,100,8,408,0,0,0,408
05/23/2014,ACK,MA,ANE,EN,Towers with Radar,9,122,120,0,251,0,380,188,0,568,9,502,308,0,819,0,0,0,819
05/24/2014,ACK,MA,ANE,EN,Towers with Radar,6,34,25,0,65,0,235,108,0,343,6,269,133,0,408,0,0,0,408
05/25/2014,ACK,MA,ANE,EN,Towers with Radar,4,24,27,0,55,0,196,94,0,290,4,220,121,0,345,0,0,0,345
05/26/2014,ACK,MA,ANE,EN,Towers with Radar,8,77,81,0,166,0,347,189,0,536,8,424,270,0,702,0,0,0,702
05/27/2014,ACK,MA,ANE,EN,Towers with Radar,4,68,25,4,101,0,200,64,0,264,4,268,89,4,365,0,0,0,365
05/28/2014,ACK,MA,ANE,EN,Towers with Radar,2,156,40,0,198,0,1,0,0,1,2,157,40,0,199,0,0,0,199
05/29/2014,ACK,MA,ANE,EN,Towers with Radar,4,25,18,0,47,0,234,82,0,316,4,259,100,0,363,0,0,0,363
05/30/2014,ACK,MA,ANE,EN,Towers with Radar,4,33,20,0,57,0,243,103,0,346,4,276,123,0,403,0,0,0,403
05/31/2014,ACK,MA,ANE,EN,Towers with Radar,4,16,10,0,30,0,163,57,1,221,4,179,67,1,251,0,0,0,251
06/01/2014,ACK,MA,ANE,EN,Towers with Radar,4,30,21,0,55,0,211,117,0,328,4,241,138,0,383,0,0,0,383
06/02/2014,ACK,MA,ANE,EN,Towers with Radar,4,17,19,0,40,0,243,78,0,321,4,260,97,0,361,0,0,0,361
06/03/2014,ACK,MA,ANE,EN,Towers with Radar,2,20,12,0,34,0,246,83,22,351,2,266,95,22,385,0,0,0,385
06/04/2014,ACK,MA,ANE,EN,Towers with Radar,2,135,23,2,162,0,47,17,0,64,2,182,40,2,226,0,0,0,226
06/05/2014,ACK,MA,ANE,EN,Towers with Radar,4,164,28,0,196,0,5,0,0,5,4,169,28,0,201,0,0,0,201
06/06/2014,ACK,MA,ANE,EN,Towers with Radar,6,41,42,0,89,0,303,131,0,434,6,344,173,0,523,8,0,8,531
06/07/2014,ACK,MA,ANE,EN,Towers with Radar,4,23,23,0,50,0,192,103,1,296,4,215,126,1,346,0,0,0,346
06/08/2014,ACK,MA,ANE,EN,Towers with Radar,6,32,29,0,67,0,266,154,0,420,6,298,183,0,487,0,0,0,487
06/09/2014,ACK,MA,ANE,EN,Towers with Radar,4,42,19,6,71,0,237,68,0,305,4,279,87,6,376,0,0,0,376
06/10/2014,ACK,MA,ANE,EN,Towers with Radar,2,129,15,0,146,0,134,24,0,158,2,263,39,0,304,0,0,0,304
06/11/2014,ACK,MA,ANE,EN,Towers with Radar,2,63,20,11,96,0,193,52,3,248,2,256,72,14,344,0,0,0,344
06/12/2014,ACK,MA,ANE,EN,Towers with Radar,4,93,30,0,127,0,217,66,2,285,4,310,96,2,412,0,0,0,412
06/13/2014,ACK,MA,ANE,EN,Towers with Radar,6,199,61,0,266,0,0,0,0,0,6,199,61,0,266,0,0,0,266
06/14/2014,ACK,MA,ANE,EN,Towers with Radar,4,95,63,0,162,0,69,9,0,78,4,164,72,0,240,0,0,0,240
06/15/2014,ACK,MA,ANE,EN,Towers with Radar,6,53,25,0,84,0,216,123,0,339,6,269,148,0,423,0,0,0,423
06/16/2014,ACK,MA,ANE,EN,Towers with Radar,4,35,27,0,66,0,252,86,2,340,4,287,113,2,406,0,0,0,406
06/17/2014,ACK,MA,ANE,EN,Towers with Radar,2,85,36,8,131,0,182,46,4,232,2,267,82,12,363,0,0,0,363
06/18/2014,ACK,MA,ANE,EN,Towers with Radar,2,85,54,0,141,0,222,67,0,289,2,307,121,0,430,0,0,0,430
06/19/2014,ACK,MA,ANE,EN,Towers with Radar,6,69,43,0,118,0,259,99,0,358,6,328,142,0,476,0,0,0,476
06/20/2014,ACK,MA,ANE,EN,Towers with Radar,8,64,58,2,132,0,287,125,0,412,8,351,183,2,544,0,0,0,544
06/21/2014,ACK,MA,ANE,EN,Towers with Radar,8,44,44,1,97,0,212,146,1,359,8,256,190,2,456,0,0,0,456
06/22/2014,ACK,MA,ANE,EN,Towers with Radar,8,63,38,0,109,0,249,183,0,432,8,312,221,0,541,0,0,0,541
06/23/2014,ACK,MA,ANE,EN,Towers with Radar,6,34,20,0,60,0,279,106,0,385,6,313,126,0,445,0,0,0,445
06/24/2014,ACK,MA,ANE,EN,Towers with Radar,6,48,28,2,84,0,234,95,1,330,6,282,123,3,414,0,0,0,414
06/25/2014,ACK,MA,ANE,EN,Towers with Radar,6,95,59,0,160,0,187,74,0,261,6,282,133,0,421,6,0,6,427
06/26/2014,ACK,MA,ANE,EN,Towers with Radar,9,254,82,0,345,0,4,0,0,4,9,258,82,0,349,0,0,0,349
06/27/2014,ACK,MA,ANE,EN,Towers with Radar,8,118,71,0,197,0,372,214,1,587,8,490,285,1,784,0,0,0,784
06/28/2014,ACK,MA,ANE,EN,Towers with Radar,8,67,48,0,123,0,258,165,3,426,8,325,213,3,549,2,0,2,551
06/29/2014,ACK,MA,ANE,EN,Towers with Radar,9,94,72,0,175,0,342,225,0,567,9,436,297,0,742,0,0,0,742
06/30/2014,ACK,MA,ANE,EN,Towers with Radar,6,73,20,1,100,0,290,133,0,423,6,363,153,1,523,0,0,0,523
07/01/2014,ACK,MA,ANE,EN,Towers with Radar,6,105,43,2,156,0,249,94,4,347,6,354,137,6,503,0,0,0,503
07/02/2014,ACK,MA,ANE,EN,Towers with Radar,6,211,98,1,316,0,143,51,1,195,6,354,149,2,511,0,0,0,511
07/03/2014,ACK,MA,ANE,EN,Towers with Radar,6,348,162,0,516,0,60,21,0,81,6,408,183,0,597,0,0,0,597
07/04/2014,ACK,MA,ANE,EN,Towers with Radar,8,108,34,0,150,0,3,1,0,4,8,111,35,0,154,0,0,0,154
07/05/2014,ACK,MA,ANE,EN,Towers with Radar,8,71,35,0,114,0,262,100,0,362,8,333,135,0,476,0,0,0,476
07/06/2014,ACK,MA,ANE,EN,Towers with Radar,9,127,108,2,246,0,444,281,0,725,9,571,389,2,971,0,0,0,971
07/07/2014,ACK,MA,ANE,EN,Towers with Radar,6,82,55,0,143,0,338,148,0,486,6,420,203,0,629,0,0,0,629
07/08/2014,ACK,MA,ANE,EN,Towers with Radar,6,93,39,0,138,0,209,73,0,282,6,302,112,0,420,0,0,0,420
07/09/2014,ACK,MA,ANE,EN,Towers with Radar,8,81,53,0,142,0,206,66,0,272,8,287,119,0,414,0,0,0,414
07/10/2014,ACK,MA,ANE,EN,Towers with Radar,6,122,48,0,176,0,231,101,0,332,6,353,149,0,508,4,0,4,512
07/11/2014,ACK,MA,ANE,EN,Towers with Radar,8,104,57,0,169,0,345,153,0,498,8,449,210,0,667,0,0,0,667
07/12/2014,ACK,MA,ANE,EN,Towers with Radar,8,71,32,0,111,0,298,167,0,465,8,369,199,0,576,0,0,0,576
07/13/2014,ACK,MA,ANE,EN,Towers with Radar,8,111,89,0,208,0,299,184,0,483,8,410,273,0,691,0,0,0,691
07/14/2014,ACK,MA,ANE,EN,Towers with Radar,6,256,98,1,361,0,8,1,0,9,6,264,99,1,370,0,0,0,370
07/15/2014,ACK,MA,ANE,EN,Towers with Radar,8,221,42,0,271,0,14,3,0,17,8,235,45,0,288,0,0,0,288
07/16/2014,ACK,MA,ANE,EN,Towers with Radar,4,214,63,0,281,0,16,10,0,26,4,230,73,0,307,0,0,0,307
07/17/2014,ACK,MA,ANE,EN,Towers with Radar,6,118,55,0,179,0,288,123,1,412,6,406,178,1,591,0,0,0,591
07/18/2014,ACK,MA,ANE,EN,Towers with Radar,8,88,47,2,145,0,416,211,3,630,8,504,258,5,775,0,0,0,775
07/19/2014,ACK,MA,ANE,EN,Towers with Radar,8,67,33,0,108,0,293,157,1,451,8,360,190,1,559,0,0,0,559
07/20/2014,ACK,MA,ANE,EN,Towers with Radar,8,209,150,4,371,0,210,104,0,314,8,419,254,4,685,0,0,0,685
07/21/2014,ACK,MA,ANE,EN,Towers with Radar,6,239,93,2,340,0,94,24,0,118,6,333,117,2,458,0,0,0,458
07/22/2014,ACK,MA,ANE,EN,Towers with Radar,7,87,45,1,140,0,225,144,5,374,7,312,189,6,514,0,0,0,514
07/23/2014,ACK,MA,ANE,EN,Towers with Radar,6,67,31,4,108,0,225,94,1,320,6,292,125,5,428,0,0,0,428
07/24/2014,ACK,MA,ANE,EN,Towers with Radar,6,276,106,2,390,0,48,35,0,83,6,324,141,2,473,0,0,0,473
07/25/2014,ACK,MA,ANE,EN,Towers with Radar,8,104,72,2,186,0,384,237,0,621,8,488,309,2,807,0,0,0,807
07/26/2014,ACK,MA,ANE,EN,Towers with Radar,8,77,53,0,138,0,259,150,0,409,8,336,203,0,547,0,0,0,547
07/27/2014,ACK,MA,ANE,EN,Towers with Radar,8,209,136,0,353,0,280,157,10,447,8,489,293,10,800,0,0,0,800
07/28/2014,ACK,MA,ANE,EN,Towers with Radar,6,217,85,1,309,0,89,32,1,122,6,306,117,2,431,0,0,0,431
07/29/2014,ACK,MA,ANE,EN,Towers with Radar,6,64,34,2,106,0,282,160,0,442,6,346,194,2,548,0,0,0,548
07/30/2014,ACK,MA,ANE,EN,Towers with Radar,6,75,52,0,133,0,217,118,2,337,6,292,170,2,470,0,0,0,470
07/31/2014,ACK,MA,ANE,EN,Towers with Radar,6,93,53,0,152,0,267,162,0,429,6,360,215,0,581,0,0,0,581
08/01/2014,ACK,MA,ANE,EN,Towers with Radar,8,120,91,2,221,0,376,184,0,560,8,496,275,2,781,0,0,0,781
08/02/2014,ACK,MA,ANE,EN,Towers with Radar,8,197,86,0,291,0,103,53,0,156,8,300,139,0,447,0,0,0,447
08/03/2014,ACK,MA,ANE,EN,Towers with Radar,8,314,136,1,459,0,0,0,0,0,8,314,136,1,459,0,0,0,459
08/04/2014,ACK,MA,ANE,EN,Towers with Radar,6,190,61,0,257,0,158,71,0,229,6,348,132,0,486,0,0,0,486
08/05/2014,ACK,MA,ANE,EN,Towers with Radar,6,187,80,0,273,0,39,14,0,53,6,226,94,0,326,0,0,0,326
08/06/2014,ACK,MA,ANE,EN,Towers with Radar,6,117,46,2,171,0,170,77,16,263,6,287,123,18,434,0,0,0,434
08/07/2014,ACK,MA,ANE,EN,Towers with Radar,6,104,41,2,153,0,279,160,0,439,6,383,201,2,592,0,0,0,592
08/08/2014,ACK,MA,ANE,EN,Towers with Radar,8,125,65,0,198,0,407,240,0,647,8,532,305,0,845,12,0,12,857
08/09/2014,ACK,MA,ANE,EN,Towers with Radar,8,188,76,1,273,0,238,108,0,346,8,426,184,1,619,0,0,0,619
08/10/2014,ACK,MA,ANE,EN,Towers with Radar,8,163,126,1,298,0,280,119,0,399,8,443,245,1,697,0,0,0,697
08/11/2014,ACK,MA,ANE,EN,Towers with Radar,6,126,68,0,200,0,245,113,0,358,6,371,181,0,558,0,0,0,558
08/12/2014,ACK,MA,ANE,EN,Towers with Radar,6,119,75,0,200,0,250,108,0,358,6,369,183,0,558,0,0,0,558
08/13/2014,ACK,MA,ANE,EN,Towers with Radar,6,154,44,0,204,0,81,17,0,98,6,235,61,0,302,0,0,0,302
08/14/2014,ACK,MA,ANE,EN,Towers with Radar,6,122,88,0,216,0,274,108,0,382,6,396,196,0,598,0,0,0,598
08/15/2014,ACK,MA,ANE,EN,Towers with Radar,8,122,73,0,203,0,331,132,2,465,8,453,205,2,668,0,0,0,668
08/16/2014,ACK,MA,ANE,EN,Towers with Radar,8,122,81,0,211,0,236,118,0,354,8,358,199,0,565,0,0,0,565
08/17/2014,ACK,MA,ANE,EN,Towers with Radar,8,187,113,0,308,0,216,104,0,320,8,403,217,0,628,0,0,0,628
08/18/2014,ACK,MA,ANE,EN,Towers with Radar,6,92,53,0,151,0,301,110,0,411,6,393,163,0,562,0,0,0,562
08/19/2014,ACK,MA,ANE,EN,Towers with Radar,6,96,43,0,145,0,236,76,8,320,6,332,119,8,465,0,0,0,465
08/20/2014,ACK,MA,ANE,EN,Towers with Radar,6,105,62,0,173,0,230,99,0,329,6,335,161,0,502,0,0,0,502
08/21/2014,ACK,MA,ANE,EN,Towers with Radar,6,157,86,0,249,0,263,116,0,379,6,420,202,0,628,0,0,0,628
08/22/2014,ACK,MA,ANE,EN,Towers with Radar,11,189,103,2,305,0,295,119,0,414,11,484,222,2,719,0,0,0,719
08/23/2014,ACK,MA,ANE,EN,Towers with Radar,8,143,48,0,199,0,196,71,0,267,8,339,119,0,466,0,0,0,466
08/24/2014,ACK,MA,ANE,EN,Towers with Radar,9,121,77,0,207,0,288,145,0,433,9,409,222,0,640,0,0,0,640
08/25/2014,ACK,MA,ANE,EN,Towers with Radar,7,65,70,0,142,0,306,153,0,459,7,371,223,0,601,0,0,0,601
08/26/2014,ACK,MA,ANE,EN,Towers with Radar,6,61,29,0,96,0,247,118,0,365,6,308,147,0,461,0,0,0,461
08/27/2014,ACK,MA,ANE,EN,Towers with Radar,6,120,51,0,177,0,171,99,0,270,6,291,150,0,447,0,0,0,447
08/28/2014,ACK,MA,ANE,EN,Towers with Radar,6,83,65,0,154,0,285,194,0,479,6,368,259,0,633,6,0,6,639
08/29/2014,ACK,MA,ANE,EN,Towers with Radar,8,107,72,0,187,0,316,207,0,523,8,423,279,0,710,0,0,0,710
08/30/2014,ACK,MA,ANE,EN,Towers with Radar,8,60,42,0,110,0,228,134,0,362,8,288,176,0,472,0,0,0,472
08/31/2014,ACK,MA,ANE,EN,Towers with Radar,9,143,65,0,217,0,183,101,0,284,9,326,166,0,501,6,0,6,507
09/01/2014,ACK,MA,ANE,EN,Towers with Radar,6,282,146,1,435,0,173,101,0,274,6,455,247,1,709,0,0,0,709
09/02/2014,ACK,MA,ANE,EN,Towers with Radar,6,197,72,0,275,0,21,12,0,33,6,218,84,0,308,0,0,0,308
09/03/2014,ACK,MA,ANE,EN,Towers with Radar,2,33,15,0,50,0,245,79,0,324,2,278,94,0,374,0,0,0,374
09/04/2014,ACK,MA,ANE,EN,Towers with Radar,2,36,25,0,63,0,245,108,0,353,2,281,133,0,416,0,0,0,416
09/05/2014,ACK,MA,ANE,EN,Towers with Radar,6,55,36,0,97,0,275,150,0,425,6,330,186,0,522,0,0,0,522
09/06/2014,ACK,MA,ANE,EN,Towers with Radar,4,152,32,1,189,0,0,0,0,0,4,152,32,1,189,0,0,0,189
09/07/2014,ACK,MA,ANE,EN,Towers with Radar,6,50,36,0,92,0,257,149,0,406,6,307,185,0,498,0,0,0,498
09/08/2014,ACK,MA,ANE,EN,Towers with Radar,4,42,21,1,68,0,247,101,0,348,4,289,122,1,416,0,0,0,416
09/09/2014,ACK,MA,ANE,EN,Towers with Radar,2,32,18,4,56,0,210,62,2,274,2,242,80,6,330,0,0,0,330
09/10/2014,ACK,MA,ANE,EN,Towers with Radar,2,131,19,0,152,0,117,42,0,159,2,248,61,0,311,0,0,0,311
09/11/2014,ACK,MA,ANE,EN,Towers with Radar,2,62,35,0,99,0,218,82,8,308,2,280,117,8,407,0,4,4,411
09/12/2014,ACK,MA,ANE,EN,Towers with Radar,6,44,35,0,85,0,263,118,0,381,6,307,153,0,466,0,0,0,466
09/13/2014,ACK,MA,ANE,EN,Towers with Radar,4,33,26,2,65,0,133,46,0,179,4,166,72,2,244,0,0,0,244
09/14/2014,ACK,MA,ANE,EN,Towers with Radar,6,43,42,0,91,0,211,139,0,350,6,254,181,0,441,0,0,0,441
09/15/2014,ACK,MA,ANE,EN,Towers with Radar,2,26,17,1,46,0,239,99,0,338,2,265,116,1,384,0,0,0,384
09/16/2014,ACK,MA,ANE,EN,Towers with Radar,2,27,19,0,48,0,227,56,3,286,2,254,75,3,334,0,0,0,334
09/17/2014,ACK,MA,ANE,EN,Towers with Radar,4,30,27,0,61,0,191,94,0,285,4,221,121,0,346,0,0,0,346
09/18/2014,ACK,MA,ANE,EN,Towers with Radar,2,19,29,0,50,0,243,91,4,338,2,262,120,4,388,0,0,0,388
09/19/2014,ACK,MA,ANE,EN,Towers with Radar,8,45,31,0,84,0,285,123,0,408,8,330,154,0,492,0,0,0,492
09/20/2014,ACK,MA,ANE,EN,Towers with Radar,4,26,20,0,50,0,174,105,0,279,4,200,125,0,329,0,0,0,329
09/21/2014,ACK,MA,ANE,EN,Towers with Radar,6,148,65,2,221,0,88,33,0,121,6,236,98,2,342,0,0,0,342
09/22/2014,ACK,MA,ANE,EN,Towers with Radar,3,57,15,0,75,0,202,80,0,282,3,259,95,0,357,0,0,0,357
09/23/2014,ACK,MA,ANE,EN,Towers with Radar,2,13,20,4,39,0,203,86,0,289,2,216,106,4,328,0,0,0,328
09/24/2014,ACK,MA,ANE,EN,Towers with Radar,2,29,14,0,45,0,191,79,7,277,2,220,93,7,322,0,0,0,322
09/25/2014,ACK,MA,ANE,EN,Towers with Radar,4,124,38,0,166,0,119,32,0,151,4,243,70,0,317,0,0,0,317
09/26/2014,ACK,MA,ANE,EN,Towers with Radar,6,110,48,0,164,0,136,74,0,210,6,246,122,0,374,0,0,0,374
09/27/2014,ACK,MA,ANE,EN,Towers with Radar,4,20,20,2,46,0,169,102,0,271,4,189,122,2,317,0,0,0,317
09/28/2014,ACK,MA,ANE,EN,Towers with Radar,6,65,72,0,143,0,220,159,0,379,6,285,231,0,522,0,0,0,522
09/29/2014,ACK,MA,ANE,EN,Towers with Radar,2,40,11,0,53,0,197,58,0,255,2,237,69,0,308,0,0,0,308
09/30/2014,ACK,MA,ANE,EN,Towers with Radar,2,156,29,0,187,0,0,0,0,0,2,156,29,0,187,0,0,0,187
10/01/2014,ACK,MA,ANE,EN,Towers with Radar,2,153,26,1,182,0,0,0,0,0,2,153,26,1,182,0,0,0,182
10/02/2014,ACK,MA,ANE,EN,Towers with Radar,2,157,28,12,199,0,25,18,0,43,2,182,46,12,242,0,0,0,242
10/03/2014,ACK,MA,ANE,EN,Towers with Radar,6,146,72,0,224,0,52,10,0,62,6,198,82,0,286,0,0,0,286
10/04/2014,ACK,MA,ANE,EN,Towers with Radar,4,89,10,0,103,0,1,0,0,1,4,90,10,0,104,0,0,0,104
10/05/2014,ACK,MA,ANE,EN,Towers with Radar,6,25,30,0,61,0,148,96,0,244,6,173,126,0,305,0,0,0,305
10/06/2014,ACK,MA,ANE,EN,Towers with Radar,2,14,17,0,33,0,200,73,0,273,2,214,90,0,306,4,0,4,310
10/07/2014,ACK,MA,ANE,EN,Towers with Radar,2,8,13,3,26,0,207,60,3,270,2,215,73,6,296,0,0,0,296
10/08/2014,ACK,MA,ANE,EN,Towers with Radar,2,48,13,6,69,0,165,43,10,218,2,213,56,16,287,0,0,0,287
10/09/2014,ACK,MA,ANE,EN,Towers with Radar,2,29,27,0,58,0,221,87,0,308,2,250,114,0,366,0,0,0,366
10/10/2014,ACK,MA,ANE,EN,Towers with Radar,4,52,38,0,94,0,310,151,0,461,4,362,189,0,555,0,0,0,555
10/11/2014,ACK,MA,ANE,EN,Towers with Radar,4,93,24,5,126,0,72,16,0,88,4,165,40,5,214,0,0,0,214
10/12/2014,ACK,MA,ANE,EN,Towers with Radar,4,23,28,0,55,0,168,127,0,295,4,191,155,0,350,0,0,0,350
10/13/2014,ACK,MA,ANE,EN,Towers with Radar,4,83,40,0,127,0,265,130,0,395,4,348,170,0,522,0,0,0,522
10/14/2014,ACK,MA,ANE,EN,Towers with Radar,0,55,15,0,70,0,232,57,0,289,0,287,72,0,359,0,0,0,359
10/15/2014,ACK,MA,ANE,EN,Towers with Radar,0,27,8,0,35,0,189,67,0,256,0,216,75,0,291,0,0,0,291
10/16/2014,ACK,MA,ANE,EN,Towers with Radar,0,127,12,0,139,0,50,13,0,63,0,177,25,0,202,0,0,0,202
10/17/2014,ACK,MA,ANE,EN,Towers with Radar,2,36,25,2,65,0,183,71,0,254,2,219,96,2,319,0,0,0,319
10/18/2014,ACK,MA,ANE,EN,Towers with Radar,0,11,11,0,22,0,136,52,1,189,0,147,63,1,211,0,0,0,211
10/19/2014,ACK,MA,ANE,EN,Towers with Radar,2,27,22,0,51,0,154,60,0,214,2,181,82,0,265,0,0,0,265
10/20/2014,ACK,MA,ANE,EN,Towers with Radar,0,18,6,0,24,0,179,66,0,245,0,197,72,0,269,0,0,0,269
10/21/2014,ACK,MA,ANE,EN,Towers with Radar,0,40,8,5,53,0,176,51,0,227,0,216,59,5,280,0,0,0,280
10/22/2014,ACK,MA,ANE,EN,Towers with Radar,0,102,18,0,120,0,0,0,0,0,0,102,18,0,120,0,0,0,120
10/23/2014,ACK,MA,ANE,EN,Towers with Radar,0,70,21,4,95,0,73,15,0,88,0,143,36,4,183,0,0,0,183
10/24/2014,ACK,MA,ANE,EN,Towers with Radar,0,122,27,0,149,0,33,11,0,44,0,155,38,0,193,0,0,0,193
10/25/2014,ACK,MA,ANE,EN,Towers with Radar,0,6,6,0,12,0,132,84,0,216,0,138,90,0,228,0,0,0,228
10/26/2014,ACK,MA,ANE,EN,Towers with Radar,0,19,14,0,33,0,107,51,0,158,0,126,65,0,191,0,0,0,191
10/27/2014,ACK,MA,ANE,EN,Towers with Radar,0,17,10,3,30,0,197,58,0,255,0,214,68,3,285,0,0,0,285
10/28/2014,ACK,MA,ANE,EN,Towers with Radar,0,11,4,0,15,0,179,60,0,239,0,190,64,0,254,0,0,0,254
10/29/2014,ACK,MA,ANE,EN,Towers with Radar,0,28,7,0,35,0,141,55,0,196,0,169,62,0,231,0,0,0,231
10/30/2014,ACK,MA,ANE,EN,Towers with Radar,0,13,12,5,30,0,165,66,1,232,0,178,78,6,262,15,0,15,277
10/31/2014,ACK,MA,ANE,EN,Towers with Radar,0,26,12,2,40,0,159,48,0,207,0,185,60,2,247,0,0,0,247
11/01/2014,ACK,MA,ANE,EN,Towers with Radar,0,65,8,0,73,0,7,0,0,7,0,72,8,0,80,0,0,0,80
11/02/2014,ACK,MA,ANE,EN,Towers with Radar,0,11,0,0,11,0,0,2,0,2,0,11,2,0,13,0,0,0,13
11/03/2014,ACK,MA,ANE,EN,Towers with Radar,0,42,9,4,55,0,201,41,2,244,0,243,50,6,299,0,2,2,301
11/04/2014,ACK,MA,ANE,EN,Towers with Radar,0,9,5,0,14,0,169,55,0,224,0,178,60,0,238,0,0,0,238
11/05/2014,ACK,MA,ANE,EN,Towers with Radar,0,10,1,0,11,0,161,42,2,205,0,171,43,2,216,0,8,8,224
11/06/2014,ACK,MA,ANE,EN,Towers with Radar,0,27,4,2,33,0,108,20,0,128,0,135,24,2,161,0,0,0,161
11/07/2014,ACK,MA,ANE,EN,Towers with Radar,0,76,14,1,91,0,95,28,1,124,0,171,42,2,215,2,2,4,219
11/08/2014,ACK,MA,ANE,EN,Towers with Radar,0,2,8,0,10,0,147,78,0,225,0,149,86,0,235,0,0,0,235
11/09/2014,ACK,MA,ANE,EN,Towers with Radar,0,10,10,0,20,0,126,56,0,182,0,136,66,0,202,4,0,4,206
11/10/2014,ACK,MA,ANE,EN,Towers with Radar,0,15,6,0,21,0,184,71,0,255,0,199,77,0,276,0,0,0,276
11/11/2014,ACK,MA,ANE,EN,Towers with Radar,0,13,8,0,21,0,182,53,0,235,0,195,61,0,256,0,0,0,256
11/12/2014,ACK,MA,ANE,EN,Towers with Radar,0,69,17,0,86,0,39,19,0,58,0,108,36,0,144,0,0,0,144
11/13/2014,ACK,MA,ANE,EN,Towers with Radar,0,13,5,2,20,0,138,57,0,195,0,151,62,2,215,10,0,10,225
11/14/2014,ACK,MA,ANE,EN,Towers with Radar,0,54,7,0,61,0,128,44,0,172,0,182,51,0,233,0,0,0,233
11/15/2014,ACK,MA,ANE,EN,Towers with Radar,0,4,6,0,10,0,118,93,0,211,0,122,99,0,221,2,0,2,223
11/16/2014,ACK,MA,ANE,EN,Towers with Radar,0,17,17,0,34,0,114,36,0,150,0,131,53,0,184,0,0,0,184
11/17/2014,ACK,MA,ANE,EN,Towers with Radar,0,80,12,0,92,0,1,0,0,1,0,81,12,0,93,0,0,0,93
11/18/2014,ACK,MA,ANE,EN,Towers with Radar,0,17,7,2,26,0,181,41,4,226,0,198,48,6,252,0,0,0,252
11/19/2014,ACK,MA,ANE,EN,Towers with Radar,0,16,7,0,23,0,170,49,0,219,0,186,56,0,242,0,0,0,242
11/20/2014,ACK,MA,ANE,EN,Towers with Radar,0,12,6,1,19,0,180,65,10,255,0,192,71,11,274,0,0,0,274
11/21/2014,ACK,MA,ANE,EN,Towers with Radar,0,13,6,0,19,0,173,59,0,232,0,186,65,0,251,8,0,8,259
11/22/2014,ACK,MA,ANE,EN,Towers with Radar,0,6,4,0,10,0,119,51,2,172,0,125,55,2,182,0,0,0,182
11/23/2014,ACK,MA,ANE,EN,Towers with Radar,0,6,10,4,20,0,116,47,0,163,0,122,57,4,183,0,0,0,183
11/24/2014,ACK,MA,ANE,EN,Towers with Radar,0,86,9,2,97,0,21,7,0,28,0,107,16,2,125,0,0,0,125
11/25/2014,ACK,MA,ANE,EN,Towers with Radar,1,96,42,1,140,0,143,41,0,184,1,239,83,1,324,0,0,0,324
11/26/2014,ACK,MA,ANE,EN,Towers with Radar,0,90,16,0,106,0,56,16,0,72,0,146,32,0,178,0,0,0,178
11/27/2014,ACK,MA,ANE,EN,Towers with Radar,0,41,10,0,51,0,57,13,0,70,0,98,23,0,121,0,0,0,121
11/28/2014,ACK,MA,ANE,EN,Towers with Radar,0,62,32,0,94,0,74,33,0,107,0,136,65,0,201,0,0,0,201
11/29/2014,ACK,MA,ANE,EN,Towers with Radar,0,25,26,0,51,0,156,62,0,218,0,181,88,0,269,0,0,0,269
11/30/2014,ACK,MA,ANE,EN,Towers with Radar,1,29,35,3,68,0,186,76,0,262,1,215,111,3,330,0,0,0,330
12/01/2014,ACK,MA,ANE,EN,Towers with Radar,0,27,9,1,37,0,172,56,1,229,0,199,65,2,266,0,0,0,266
12/02/2014,ACK,MA,ANE,EN,Towers with Radar,0,17,5,0,22,0,158,38,0,196,0,175,43,0,218,0,0,0,218
12/03/2014,ACK,MA,ANE,EN,Towers with Radar,0,126,15,2,143,0,14,5,0,19,0,140,20,2,162,0,0,0,162
12/04/2014,ACK,MA,ANE,EN,Towers with Radar,0,26,13,0,39,0,241,78,1,320,0,267,91,1,359,6,0,6,365
12/05/2014,ACK,MA,ANE,EN,Towers with Radar,0,69,36,1,106,0,292,107,4,403,0,361,143,5,509,0,0,0,509
12/06/2014,ACK,MA,ANE,EN,Towers with Radar,0,82,20,0,102,0,13,7,0,20,0,95,27,0,122,0,0,0,122
12/07/2014,ACK,MA,ANE,EN,Towers with Radar,0,72,33,0,105,0,247,86,0,333,0,319,119,0,438,0,0,0,438
12/08/2014,ACK,MA,ANE,EN,Towers with Radar,0,127,25,7,159,0,191,98,2,291,0,318,123,9,450,0,0,0,450
12/09/2014,ACK,MA,ANE,EN,Towers with Radar,0,46,9,0,55,0,0,0,0,0,0,46,9,0,55,0,0,0,55
12/10/2014,ACK,MA,ANE,EN,Towers with Radar,0,91,16,1,108,0,16,4,1,21,0,107,20,2,129,0,22,22,151
12/11/2014,ACK,MA,ANE,EN,Towers with Radar,0,50,3,2,55,0,129,45,0,174,0,179,48,2,229,0,0,0,229
12/12/2014,ACK,MA,ANE,EN,Towers with Radar,0,18,11,0,29,0,188,69,0,257,0,206,80,0,286,0,0,0,286
12/13/2014,ACK,MA,ANE,EN,Towers with Radar,0,13,8,0,21,0,121,53,0,174,0,134,61,0,195,0,0,0,195
12/14/2014,ACK,MA,ANE,EN,Towers with Radar,0,13,10,0,23,0,116,53,0,169,0,129,63,0,192,0,0,0,192
12/15/2014,ACK,MA,ANE,EN,Towers with Radar,0,39,8,6,53,0,175,51,1,227,0,214,59,7,280,0,0,0,280
12/16/2014,ACK,MA,ANE,EN,Towers with Radar,0,51,14,2,67,0,145,39,0,184,0,196,53,2,251,0,0,0,251
12/17/2014,ACK,MA,ANE,EN,Towers with Radar,0,97,13,2,112,0,38,13,0,51,0,135,26,2,163,0,0,0,163
12/18/2014,ACK,MA,ANE,EN,Towers with Radar,0,30,1,2,33,0,154,50,0,204,0,184,51,2,237,0,0,0,237
12/19/2014,ACK,MA,ANE,EN,Towers with Radar,0,15,6,4,25,0,180,67,0,247,0,195,73,4,272,0,0,0,272
12/20/2014,ACK,MA,ANE,EN,Towers with Radar,0,42,8,0,50,0,109,33,0,142,0,151,41,0,192,0,0,0,192
12/21/2014,ACK,MA,ANE,EN,Towers with Radar,0,16,4,0,20,0,78,15,0,93,0,94,19,0,113,0,0,0,113
12/22/2014,ACK,MA,ANE,EN,Towers with Radar,0,51,5,8,64,0,117,52,2,171,0,168,57,10,235,0,0,0,235
12/23/2014,ACK,MA,ANE,EN,Towers with Radar,0,110,14,0,124,0,0,0,0,0,0,110,14,0,124,0,0,0,124
12/24/2014,ACK,MA,ANE,EN,Towers with Radar,0,56,6,0,62,0,0,0,0,0,0,56,6,0,62,0,0,0,62
12/25/2014,ACK,MA,ANE,EN,Towers with Radar,0,18,0,0,18,0,41,0,0,41,0,59,0,0,59,0,0,0,59
12/26/2014,ACK,MA,ANE,EN,Towers with Radar,0,8,2,0,10,0,117,50,0,167,0,125,52,0,177,0,0,0,177
12/27/2014,ACK,MA,ANE,EN,Towers with Radar,0,3,20,0,23,0,105,110,0,215,0,108,130,0,238,0,0,0,238
12/28/2014,ACK,MA,ANE,EN,Towers with Radar,0,10,5,1,16,0,95,24,1,120,0,105,29,2,136,0,0,0,136
12/29/2014,ACK,MA,ANE,EN,Towers with Radar,0,9,3,0,12,0,159,47,0,206,0,168,50,0,218,6,0,6,224
12/30/2014,ACK,MA,ANE,EN,Towers with Radar,0,10,2,6,18,0,152,46,2,200,0,162,48,8,218,2,0,2,220
12/31/2014,ACK,MA,ANE,EN,Towers with Radar,0,10,4,0,14,0,145,50,0,195,0,155,54,0,209,0,0,0,209
01/01/2015,ACK,MA,ANE,EN,Towers with Radar,0,6,0,0,6,0,63,13,0,76,0,69,13,0,82,0,0,0,82
01/02/2015,ACK,MA,ANE,EN,Towers with Radar,0,10,5,0,15,0,107,27,0,134,0,117,32,0,149,0,0,0,149
01/03/2015,ACK,MA,ANE,EN,Towers with Radar,0,19,4,0,23,0,88,29,0,117,0,107,33,0,140,0,0,0,140
01/04/2015,ACK,MA,ANE,EN,Towers with Radar,0,16,6,0,22,0,0,0,0,0,0,16,6,0,22,0,0,0,22
01/05/2015,ACK,MA,ANE,EN,Towers with Radar,0,11,1,0,12,0,156,42,0,198,0,167,43,0,210,0,0,0,210
01/06/2015,ACK,MA,ANE,EN,Towers with Radar,0,33,4,0,37,0,136,33,0,169,0,169,37,0,206,0,0,0,206
01/07/2015,ACK,MA,ANE,EN,Towers with Radar,0,17,1,2,20,0,127,32,3,162,0,144,33,5,182,0,0,0,182
01/08/2015,ACK,MA,ANE,EN,Towers with Radar,0,9,0,2,11,0,154,34,0,188,0,163,34,2,199,0,0,0,199
01/09/2015,ACK,MA,ANE,EN,Towers with Radar,0,9,0,0,9,0,138,35,0,173,0,147,35,0,182,0,0,0,182
01/10/2015,ACK,MA,ANE,EN,Towers with Radar,0,5,4,0,9,0,91,40,0,131,0,96,44,0,140,0,0,0,140
01/11/2015,ACK,MA,ANE,EN,Towers with Radar,0,6,10,3,19,0,97,32,2,131,0,103,42,5,150,0,0,0,150
01/12/2015,ACK,MA,ANE,EN,Towers with Radar,0,52,5,0,57,0,90,24,0,114,0,142,29,0,171,0,0,0,171
01/13/2015,ACK,MA,ANE,EN,Towers with Radar,0,48,0,0,48,0,146,31,0,177,0,194,31,0,225,0,0,0,225
01/14/2015,ACK,MA,ANE,EN,Towers with Radar,0,41,7,0,48,0,85,21,0,106,0,126,28,0,154,0,0,0,154
01/15/2015,ACK,MA,ANE,EN,Towers with Radar,0,50,11,0,61,0,0,0,0,0,0,50,11,0,61,0,0,0,61
01/16/2015,ACK,MA,ANE,EN,Towers with Radar,0,9,5,0,14,0,151,45,0,196,0,160,50,0,210,0,0,0,210
01/17/2015,ACK,MA,ANE,EN,Towers with Radar,0,5,6,0,11,0,87,34,0,121,0,92,40,0,132,0,0,0,132
01/18/2015,ACK,MA,ANE,EN,Towers with Radar,0,19,4,0,23,0,78,11,0,89,0,97,15,0,112,0,0,0,112
01/19/2015,ACK,MA,ANE,EN,Towers with Radar,0,18,13,0,31,0,158,53,0,211,0,176,66,0,242,0,0,0,242
01/20/2015,ACK,MA,ANE,EN,Towers with Radar,0,12,0,4,16,0,166,33,3,202,0,178,33,7,218,0,0,0,218
01/21/2015,ACK,MA,ANE,EN,Towers with Radar,0,10,4,0,14,0,141,46,0,187,0,151,50,0,201,4,0,4,205
01/22/2015,ACK,MA,ANE,EN,Towers with Radar,0,28,0,0,28,0,132,32,0,164,0,160,32,0,192,0,0,0,192
01/23/2015,ACK,MA,ANE,EN,Towers with Radar,0,11,2,2,15,0,165,66,0,231,0,176,68,2,246,0,0,0,246
01/24/2015,ACK,MA,ANE,EN,Towers with Radar,0,26,2,0,28,0,0,0,0,0,0,26,2,0,28,0,0,0,28
01/25/2015,ACK,MA,ANE,EN,Towers with Radar,0,15,2,4,21,0,75,23,2,100,0,90,25,6,121,0,0,0,121
01/26/2015,ACK,MA,ANE,EN,Towers with Radar,0,33,11,0,44,0,45,14,0,59,0,78,25,0,103,0,0,0,103
01/27/2015,ACK,MA,ANE,EN,Towers with Radar,0,0,0,0,0,0,0,0,0,0,0,0,0,0,0,0,0,0,0
01/28/2015,ACK,MA,ANE,EN,Towers with Radar,0,0,0,0,0,0,3,11,10,24,0,3,11,10,24,0,0,0,24
01/29/2015,ACK,MA,ANE,EN,Towers with Radar,0,2,4,0,6,0,31,31,6,68,0,33,35,6,74,0,0,0,74
01/30/2015,ACK,MA,ANE,EN,Towers with Radar,0,54,10,0,64,0,5,1,0,6,0,59,11,0,70,0,0,0,70
01/31/2015,ACK,MA,ANE,EN,Towers with Radar,0,17,2,1,20,0,53,4,1,58,0,70,6,2,78,0,0,0,78
02/01/2015,ACK,MA,ANE,EN,Towers with Radar,0,5,3,0,8,0,83,21,0,104,0,88,24,0,112,0,0,0,112
02/02/2015,ACK,MA,ANE,EN,Towers with Radar,0,0,12,0,12,0,0,0,0,0,0,0,12,0,12,0,0,0,12
02/03/2015,ACK,MA,ANE,EN,Towers with Radar,0,13,0,0,13,0,160,44,1,205,0,173,44,1,218,0,0,0,218
02/04/2015,ACK,MA,ANE,EN,Towers with Radar,0,7,0,6,13,0,141,40,2,183,0,148,40,8,196,0,0,0,196
02/05/2015,ACK,MA,ANE,EN,Towers with Radar,0,25,4,0,29,0,105,12,1,118,0,130,16,1,147,0,0,0,147
02/06/2015,ACK,MA,ANE,EN,Towers with Radar,0,28,8,0,36,0,145,51,0,196,0,173,59,0,232,0,0,0,232
02/07/2015,ACK,MA,ANE,EN,Towers with Radar,0,10,4,0,14,0,77,23,2,102,0,87,27,2,116,0,6,6,122
02/08/2015,ACK,MA,ANE,EN,Towers with Radar,0,45,2,0,47,0,0,0,0,0,0,45,2,0,47,0,0,0,47
02/09/2015,ACK,MA,ANE,EN,Towers with Radar,0,13,12,0,25,0,0,0,0,0,0,13,12,0,25,0,0,0,25
02/10/2015,ACK,MA,ANE,EN,Towers with Radar,0,50,3,0,53,0,11,11,0,22,0,61,14,0,75,0,0,0,75
02/11/2015,ACK,MA,ANE,EN,Towers with Radar,0,50,0,0,50,0,112,19,0,131,0,162,19,0,181,0,0,0,181
02/12/2015,ACK,MA,ANE,EN,Towers with Radar,0,42,3,0,45,0,114,32,2,148,0,156,35,2,193,0,0,0,193
02/13/2015,ACK,MA,ANE,EN,Towers with Radar,0,6,2,1,9,0,133,37,1,171,0,139,39,2,180,0,0,0,180
02/14/2015,ACK,MA,ANE,EN,Towers with Radar,0,13,4,0,17,0,45,11,0,56,0,58,15,0,73,0,0,0,73
02/15/2015,ACK,MA,ANE,EN,Towers with Radar,0,0,0,0,0,0,0,0,0,0,0,0,0,0,0,0,0,0,0
02/16/2015,ACK,MA,ANE,EN,Towers with Radar,0,1,3,0,4,0,46,6,2,54,0,47,9,2,58,0,0,0,58
02/17/2015,ACK,MA,ANE,EN,Towers with Radar,0,35,7,0,42,0,14,4,0,18,0,49,11,0,60,0,0,0,60
02/18/2015,ACK,MA,ANE,EN,Towers with Radar,0,28,6,4,38,0,153,29,0,182,0,181,35,4,220,0,0,0,220
02/19/2015,ACK,MA,ANE,EN,Towers with Radar,0,31,3,2,36,0,95,27,0,122,0,126,30,2,158,0,0,0,158
02/20/2015,ACK,MA,ANE,EN,Towers with Radar,0,9,0,0,9,0,164,51,0,215,0,173,51,0,224,4,0,4,228
02/21/2015,ACK,MA,ANE,EN,Towers with Radar,0,19,3,0,22,0,99,32,2,133,0,118,35,2,155,0,2,2,157
02/22/2015,ACK,MA,ANE,EN,Towers with Radar,0,63,1,0,64,0,0,0,0,0,0,63,1,0,64,0,0,0,64
02/23/2015,ACK,MA,ANE,EN,Towers with Radar,0,10,7,2,19,0,124,35,3,162,0,134,42,5,181,0,0,0,181
02/24/2015,ACK,MA,ANE,EN,Towers with Radar,0,12,0,0,12,0,154,33,2,189,0,166,33,2,201,2,0,2,203
02/25/2015,ACK,MA,ANE,EN,Towers with Radar,0,14,7,0,21,0,137,19,0,156,0,151,26,0,177,0,0,0,177
02/26/2015,ACK,MA,ANE,EN,Towers with Radar,0,19,2,2,23,0,67,16,0,83,0,86,18,2,106,0,0,0,106
02/27/2015,ACK,MA,ANE,EN,Towers with Radar,0,10,0,0,10,0,160,54,0,214,0,170,54,0,224,0,0,0,224
02/28/2015,ACK,MA,ANE,EN,Towers with Radar,0,10,10,0,20,0,143,55,0,198,0,153,65,0,218,2,0,2,220
03/01/2015,ACK,MA,ANE,EN,Towers with Radar,0,27,5,1,33,0,83,28,0,111,0,110,33,1,144,0,0,0,144
03/02/2015,ACK,MA,ANE,EN,Towers with Radar,0,8,1,0,9,0,136,24,0,160,0,144,25,0,169,0,0,0,169
03/03/2015,ACK,MA,ANE,EN,Towers with Radar,0,8,0,0,8,0,150,25,2,177,0,158,25,2,185,0,0,0,185
03/04/2015,ACK,MA,ANE,EN,Towers with Radar,0,92,10,4,106,0,0,0,0,0,0,92,10,4,106,0,0,0,106
03/05/2015,ACK,MA,ANE,EN,Towers with Radar,0,6,2,0,8,0,0,0,0,0,0,6,2,0,8,0,0,0,8
03/06/2015,ACK,MA,ANE,EN,Towers with Radar,0,9,5,0,14,0,126,49,2,177,0,135,54,2,191,0,0,0,191
03/07/2015,ACK,MA,ANE,EN,Towers with Radar,0,7,4,2,13,0,127,43,0,170,0,134,47,2,183,0,2,2,185
03/08/2015,ACK,MA,ANE,EN,Towers with Radar,0,13,11,0,24,0,108,37,0,145,0,121,48,0,169,0,0,0,169
03/09/2015,ACK,MA,ANE,EN,Towers with Radar,0,7,2,0,9,0,151,36,0,187,0,158,38,0,196,0,0,0,196
03/10/2015,ACK,MA,ANE,EN,Towers with Radar,0,14,0,8,22,0,128,29,0,157,0,142,29,8,179,0,0,0,179
03/11/2015,ACK,MA,ANE,EN,Towers with Radar,0,31,7,10,48,0,99,35,6,140,0,130,42,16,188,0,0,0,188
03/12/2015,ACK,MA,ANE,EN,Towers with Radar,0,9,4,0,13,0,158,52,0,210,0,167,56,0,223,0,0,0,223
03/13/2015,ACK,MA,ANE,EN,Towers with Radar,0,7,2,6,15,0,188,65,2,255,0,195,67,8,270,0,0,0,270
03/14/2015,ACK,MA,ANE,EN,Towers with Radar,0,39,4,5,48,0,34,4,0,38,0,73,8,5,86,0,0,0,86
03/15/2015,ACK,MA,ANE,EN,Towers with Radar,0,23,4,0,27,0,63,14,0,77,0,86,18,0,104,0,0,0,104
03/16/2015,ACK,MA,ANE,EN,Towers with Radar,0,11,4,0,15,0,170,41,0,211,0,181,45,0,226,0,0,0,226
03/17/2015,ACK,MA,ANE,EN,Towers with Radar,0,68,6,0,74,0,70,15,0,85,0,138,21,0,159,0,0,0,159
03/18/2015,ACK,MA,ANE,EN,Towers with Radar,0,5,2,0,7,0,188,52,0,240,0,193,54,0,247,0,0,0,247
03/19/2015,ACK,MA,ANE,EN,Towers with Radar,0,9,0,0,9,0,211,69,0,280,0,220,69,0,289,0,0,0,289
03/20/2015,ACK,MA,ANE,EN,Towers with Radar,0,15,8,0,23,0,166,52,0,218,0,181,60,0,241,0,0,0,241
03/21/2015,ACK,MA,ANE,EN,Towers with Radar,0,61,4,0,65,0,7,4,0,11,0,68,8,0,76,0,0,0,76
03/22/2015,ACK,MA,ANE,EN,Towers with Radar,0,4,7,0,11,0,101,25,0,126,0,105,32,0,137,0,0,0,137
03/23/2015,ACK,MA,ANE,EN,Towers with Radar,0,15,0,3,18,0,186,33,6,225,0,201,33,9,243,0,3,3,246
03/24/2015,ACK,MA,ANE,EN,Towers with Radar,0,5,3,5,13,0,185,57,12,254,0,190,60,17,267,0,0,0,267
03/25/2015,ACK,MA,ANE,EN,Towers with Radar,0,7,0,0,7,0,181,51,0,232,0,188,51,0,239,0,0,0,239
03/26/2015,ACK,MA,ANE,EN,Towers with Radar,0,18,26,0,44,0,0,0,0,0,0,18,26,0,44,0,0,0,44
03/27/2015,ACK,MA,ANE,EN,Towers with Radar,0,104,15,4,123,0,31,10,0,41,0,135,25,4,164,0,0,0,164
03/28/2015,ACK,MA,ANE,EN,Towers with Radar,0,51,11,0,62,0,0,0,0,0,0,51,11,0,62,0,0,0,62
03/29/2015,ACK,MA,ANE,EN,Towers with Radar,0,3,15,0,18,0,85,36,0,121,0,88,51,0,139,0,0,0,139
03/30/2015,ACK,MA,ANE,EN,Towers with Radar,0,39,5,0,44,0,160,40,0,200,0,199,45,0,244,0,0,0,244
03/31/2015,ACK,MA,ANE,EN,Towers with Radar,0,7,5,0,12,0,128,32,8,168,0,135,37,8,180,0,0,0,180
04/01/2015,ACK,MA,ANE,EN,Towers with Radar,0,25,18,0,43,0,170,44,9,223,0,195,62,9,266,0,0,0,266
04/02/2015,ACK,MA,ANE,EN,Towers with Radar,0,8,5,0,13,0,162,73,0,235,0,170,78,0,248,0,0,0,248
04/03/2015,ACK,MA,ANE,EN,Towers with Radar,0,87,18,0,105,0,84,22,0,106,0,171,40,0,211,0,0,0,211
04/04/2015,ACK,MA,ANE,EN,Towers with Radar,0,24,7,2,33,0,74,16,0,90,0,98,23,2,123,0,0,0,123
04/05/2015,ACK,MA,ANE,EN,Towers with Radar,0,12,11,0,23,0,113,31,0,144,0,125,42,0,167,0,0,0,167
04/06/2015,ACK,MA,ANE,EN,Towers with Radar,0,14,4,2,20,0,184,46,2,232,0,198,50,4,252,0,0,0,252
04/07/2015,ACK,MA,ANE,EN,Towers with Radar,0,115,21,0,136,0,6,3,0,9,0,121,24,0,145,0,0,0,145
04/08/2015,ACK,MA,ANE,EN,Towers with Radar,0,23,3,0,26,0,178,43,0,221,0,201,46,0,247,0,0,0,247
04/09/2015,ACK,MA,ANE,EN,Towers with Radar,0,117,16,0,133,0,0,0,0,0,0,117,16,0,133,0,0,0,133
04/10/2015,ACK,MA,ANE,EN,Towers with Radar,0,76,19,0,95,0,1,0,0,1,0,77,19,0,96,0,0,0,96
04/11/2015,ACK,MA,ANE,EN,Towers with Radar,0,27,11,0,38,0,105,57,0,162,0,132,68,0,200,0,0,0,200
04/12/2015,ACK,MA,ANE,EN,Towers with Radar,0,16,12,0,28,0,136,130,0,266,0,152,142,0,294,0,0,0,294
04/13/2015,ACK,MA,ANE,EN,Towers with Radar,0,11,7,0,18,0,183,67,8,258,0,194,74,8,276,0,0,0,276
04/14/2015,ACK,MA,ANE,EN,Towers with Radar,0,38,5,0,43,0,156,42,0,198,0,194,47,0,241,0,0,0,241
04/15/2015,ACK,MA,ANE,EN,Towers with Radar,0,27,3,0,30,0,178,49,0,227,0,205,52,0,257,0,0,0,257
04/16/2015,ACK,MA,ANE,EN,Towers with Radar,0,10,6,0,16,0,202,70,0,272,0,212,76,0,288,0,0,0,288
04/17/2015,ACK,MA,ANE,EN,Towers with Radar,0,88,22,4,114,0,54,18,0,72,0,142,40,4,186,0,0,0,186
04/18/2015,ACK,MA,ANE,EN,Towers with Radar,0,9,20,0,29,0,139,87,0,226,0,148,107,0,255,0,0,0,255
04/19/2015,ACK,MA,ANE,EN,Towers with Radar,0,4,8,0,12,0,114,64,0,178,0,118,72,0,190,0,0,0,190
04/20/2015,ACK,MA,ANE,EN,Towers with Radar,0,38,9,0,47,0,109,31,0,140,0,147,40,0,187,1,0,1,188
04/21/2015,ACK,MA,ANE,EN,Towers with Radar,0,56,16,0,72,0,54,18,0,72,0,110,34,0,144,0,0,0,144
04/22/2015,ACK,MA,ANE,EN,Towers with Radar,0,14,5,0,19,0,209,67,0,276,0,223,72,0,295,2,0,2,297
04/23/2015,ACK,MA,ANE,EN,Towers with Radar,0,26,12,0,38,0,209,88,0,297,0,235,100,0,335,0,0,0,335
04/24/2015,ACK,MA,ANE,EN,Towers with Radar,0,35,29,0,64,0,217,103,0,320,0,252,132,0,384,0,0,0,384
04/25/2015,ACK,MA,ANE,EN,Towers with Radar,0,5,16,0,21,0,167,108,0,275,0,172,124,0,296,0,0,0,296
04/26/2015,ACK,MA,ANE,EN,Towers with Radar,0,40,34,0,74,0,192,111,0,303,0,232,145,0,377,2,0,2,379
04/27/2015,ACK,MA,ANE,EN,Towers with Radar,0,17,10,2,29,0,184,58,3,245,0,201,68,5,274,0,4,4,278
04/28/2015,ACK,MA,ANE,EN,Towers with Radar,0,39,8,0,47,0,132,37,6,175,0,171,45,6,222,12,0,12,234
04/29/2015,ACK,MA,ANE,EN,Towers with Radar,0,19,8,0,27,0,197,69,0,266,0,216,77,0,293,8,0,8,301
04/30/2015,ACK,MA,ANE,EN,Towers with Radar,0,7,4,2,13,0,182,80,0,262,0,189,84,2,275,0,0,0,275
05/01/2015,ACK,MA,ANE,EN,Towers with Radar,0,69,21,4,94,0,121,37,0,158,0,190,58,4,252,0,0,0,252
05/02/2015,ACK,MA,ANE,EN,Towers with Radar,0,31,17,0,48,0,86,56,0,142,0,117,73,0,190,0,0,0,190
05/03/2015,ACK,MA,ANE,EN,Towers with Radar,0,10,13,0,23,0,138,70,0,208,0,148,83,0,231,0,0,0,231
05/04/2015,ACK,MA,ANE,EN,Towers with Radar,0,12,13,0,25,0,168,67,4,239,0,180,80,4,264,0,0,0,264
05/05/2015,ACK,MA,ANE,EN,Towers with Radar,0,16,7,1,24,0,173,48,1,222,0,189,55,2,246,0,0,0,246
05/06/2015,ACK,MA,ANE,EN,Towers with Radar,0,9,13,2,24,0,207,63,2,272,0,216,76,4,296,0,10,10,306
05/07/2015,ACK,MA,ANE,EN,Towers with Radar,2,34,2,0,38,0,172,57,0,229,2,206,59,0,267,6,0,6,273
05/08/2015,ACK,MA,ANE,EN,Towers with Radar,2,36,21,5,64,0,137,56,3,196,2,173,77,8,260,0,0,0,260
05/09/2015,ACK,MA,ANE,EN,Towers with Radar,2,66,26,0,94,0,45,11,0,56,2,111,37,0,150,0,0,0,150
05/10/2015,ACK,MA,ANE,EN,Towers with Radar,6,75,28,0,109,0,0,0,0,0,6,75,28,0,109,0,0,0,109
05/11/2015,ACK,MA,ANE,EN,Towers with Radar,2,57,29,0,88,0,0,0,0,0,2,57,29,0,88,0,0,0,88
05/12/2015,ACK,MA,ANE,EN,Towers with Radar,2,78,21,0,101,0,0,0,0,0,2,78,21,0,101,0,0,0,101
05/13/2015,ACK,MA,ANE,EN,Towers with Radar,2,19,9,0,30,0,192,80,11,283,2,211,89,11,313,0,0,0,313
05/14/2015,ACK,MA,ANE,EN,Towers with Radar,4,26,31,0,61,0,246,108,1,355,4,272,139,1,416,8,0,8,424
05/15/2015,ACK,MA,ANE,EN,Towers with Radar,4,36,25,0,65,0,248,145,4,397,4,284,170,4,462,0,0,0,462
05/16/2015,ACK,MA,ANE,EN,Towers with Radar,4,23,14,0,41,0,130,64,1,195,4,153,78,1,236,0,0,0,236
05/17/2015,ACK,MA,ANE,EN,Towers with Radar,6,63,61,0,130,0,227,110,4,341,6,290,171,4,471,0,0,0,471
05/18/2015,ACK,MA,ANE,EN,Towers with Radar,3,107,31,4,145,0,104,41,0,145,3,211,72,4,290,0,8,8,298
05/19/2015,ACK,MA,ANE,EN,Towers with Radar,2,121,35,0,158,0,2,0,0,2,2,123,35,0,160,0,0,0,160
05/20/2015,ACK,MA,ANE,EN,Towers with Radar,2,30,18,6,56,0,170,81,4,255,2,200,99,10,311,0,18,18,329
05/21/2015,ACK,MA,ANE,EN,Towers with Radar,4,29,40,4,77,0,260,127,2,389,4,289,167,6,466,0,0,0,466
05/22/2015,ACK,MA,ANE,EN,Towers with Radar,6,163,91,0,260,0,236,168,0,404,6,399,259,0,664,1,0,1,665
05/23/2015,ACK,MA,ANE,EN,Towers with Radar,6,17,18,0,41,0,145,123,0,268,6,162,141,0,309,0,0,0,309
05/24/2015,ACK,MA,ANE,EN,Towers with Radar,6,16,26,0,48,0,126,137,0,263,6,142,163,0,311,0,0,0,311
05/25/2015,ACK,MA,ANE,EN,Towers with Radar,6,87,75,0,168,0,339,212,0,551,6,426,287,0,719,0,0,0,719
05/26/2015,ACK,MA,ANE,EN,Towers with Radar,6,28,15,0,49,0,227,76,0,303,6,255,91,0,352,0,0,0,352
05/27/2015,ACK,MA,ANE,EN,Towers with Radar,2,73,15,2,92,0,144,51,0,195,2,217,66,2,287,0,0,0,287
05/28/2015,ACK,MA,ANE,EN,Towers with Radar,4,92,15,1,112,0,119,52,1,172,4,211,67,2,284,0,28,28,312
05/29/2015,ACK,MA,ANE,EN,Towers with Radar,4,46,24,2,76,0,181,98,0,279,4,227,122,2,355,0,0,0,355
05/30/2015,ACK,MA,ANE,EN,Towers with Radar,4,68,24,0,96,0,72,27,0,99,4,140,51,0,195,0,0,0,195
05/31/2015,ACK,MA,ANE,EN,Towers with Radar,6,73,33,0,112,0,106,37,0,143,6,179,70,0,255,0,0,0,255
06/01/2015,ACK,MA,ANE,EN,Towers with Radar,4,127,37,0,168,0,0,0,0,0,4,127,37,0,168,0,0,0,168
06/02/2015,ACK,MA,ANE,EN,Towers with Radar,2,118,27,4,151,0,0,0,0,0,2,118,27,4,151,0,0,0,151
06/03/2015,ACK,MA,ANE,EN,Towers with Radar,2,70,20,7,99,0,137,61,0,198,2,207,81,7,297,0,0,0,297
06/04/2015,ACK,MA,ANE,EN,Towers with Radar,4,40,13,0,57,0,183,81,0,264,4,223,94,0,321,2,0,2,323
06/05/2015,ACK,MA,ANE,EN,Towers with Radar,6,124,32,0,162,0,147,68,0,215,6,271,100,0,377,0,0,0,377
06/06/2015,ACK,MA,ANE,EN,Towers with Radar,4,78,23,0,105,0,94,43,0,137,4,172,66,0,242,0,0,0,242
06/07/2015,ACK,MA,ANE,EN,Towers with Radar,8,41,33,0,82,0,206,147,0,353,8,247,180,0,435,0,0,0,435
06/08/2015,ACK,MA,ANE,EN,Towers with Radar,6,44,10,0,60,0,222,91,0,313,6,266,101,0,373,0,0,0,373
06/09/2015,ACK,MA,ANE,EN,Towers with Radar,2,104,25,1,132,0,110,52,0,162,2,214,77,1,294,14,0,14,308
06/10/2015,ACK,MA,ANE,EN,Towers with Radar,2,33,13,0,48,0,234,109,0,343,2,267,122,0,391,0,0,0,391
06/11/2015,ACK,MA,ANE,EN,Towers with Radar,4,59,37,1,101,0,185,101,1,287,4,244,138,2,388,0,0,0,388
06/12/2015,ACK,MA,ANE,EN,Towers with Radar,8,116,72,2,198,0,154,99,0,253,8,270,171,2,451,0,0,0,451
06/13/2015,ACK,MA,ANE,EN,Towers with Radar,7,79,66,0,152,0,129,74,0,203,7,208,140,0,355,0,0,0,355
06/14/2015,ACK,MA,ANE,EN,Towers with Radar,12,78,70,0,160,0,222,179,0,401,12,300,249,0,561,0,0,0,561
06/15/2015,ACK,MA,ANE,EN,Towers with Radar,4,157,61,0,222,0,106,60,0,166,4,263,121,0,388,8,0,8,396
06/16/2015,ACK,MA,ANE,EN,Towers with Radar,2,146,62,0,210,0,0,0,0,0,2,146,62,0,210,0,0,0,210
06/17/2015,ACK,MA,ANE,EN,Towers with Radar,2,61,30,2,95,0,231,106,6,343,2,292,136,8,438,0,0,0,438
06/18/2015,ACK,MA,ANE,EN,Towers with Radar,8,62,44,0,114,0,211,114,0,325,8,273,158,0,439,0,0,0,439
06/19/2015,ACK,MA,ANE,EN,Towers with Radar,10,116,64,0,190,0,235,121,0,356,10,351,185,0,546,0,0,0,546
06/20/2015,ACK,MA,ANE,EN,Towers with Radar,10,43,62,0,115,0,168,137,0,305,10,211,199,0,420,0,0,0,420
06/21/2015,ACK,MA,ANE,EN,Towers with Radar,15,188,69,0,272,0,4,0,0,4,15,192,69,0,276,0,0,0,276
06/22/2015,ACK,MA,ANE,EN,Towers with Radar,8,143,64,0,215,0,218,125,0,343,8,361,189,0,558,0,0,0,558
06/23/2015,ACK,MA,ANE,EN,Towers with Radar,6,51,26,0,83,0,176,51,0,227,6,227,77,0,310,0,0,0,310
06/24/2015,ACK,MA,ANE,EN,Towers with Radar,7,52,39,1,99,0,216,130,16,362,7,268,169,17,461,0,0,0,461
06/25/2015,ACK,MA,ANE,EN,Towers with Radar,8,81,40,2,131,0,235,153,2,390,8,316,193,4,521,0,0,0,521
06/26/2015,ACK,MA,ANE,EN,Towers with Radar,10,148,71,0,229,0,238,136,0,374,10,386,207,0,603,0,0,0,603
06/27/2015,ACK,MA,ANE,EN,Towers with Radar,9,71,37,0,117,0,213,104,0,317,9,284,141,0,434,0,0,0,434
06/28/2015,ACK,MA,ANE,EN,Towers with Radar,10,179,106,0,295,0,0,0,0,0,10,179,106,0,295,0,0,0,295
06/29/2015,ACK,MA,ANE,EN,Towers with Radar,8,183,79,6,276,0,165,76,0,241,8,348,155,6,517,0,0,0,517
06/30/2015,ACK,MA,ANE,EN,Towers with Radar,8,50,48,0,106,0,218,126,0,344,8,268,174,0,450,8,0,8,458
07/01/2015,ACK,MA,ANE,EN,Towers with Radar,10,194,113,2,319,0,114,57,1,172,10,308,170,3,491,0,0,0,491
07/02/2015,ACK,MA,ANE,EN,Towers with Radar,10,134,124,2,270,0,333,212,0,545,10,467,336,2,815,0,0,0,815
07/03/2015,ACK,MA,ANE,EN,Towers with Radar,10,72,51,1,134,0,294,183,0,477,10,366,234,1,611,0,0,0,611
07/04/2015,ACK,MA,ANE,EN,Towers with Radar,10,32,20,0,62,0,183,67,0,250,10,215,87,0,312,0,0,0,312
07/05/2015,ACK,MA,ANE,EN,Towers with Radar,10,138,120,1,269,0,343,209,0,552,10,481,329,1,821,0,0,0,821
07/06/2015,ACK,MA,ANE,EN,Towers with Radar,10,106,67,0,183,0,304,179,0,483,10,410,246,0,666,2,0,2,668
07/07/2015,ACK,MA,ANE,EN,Towers with Radar,9,176,76,2,263,0,97,60,4,161,9,273,136,6,424,0,0,0,424
07/08/2015,ACK,MA,ANE,EN,Towers with Radar,8,156,55,0,219,0,137,56,0,193,8,293,111,0,412,0,0,0,412
07/09/2015,ACK,MA,ANE,EN,Towers with Radar,8,138,72,0,218,0,221,103,0,324,8,359,175,0,542,0,0,0,542
07/10/2015,ACK,MA,ANE,EN,Towers with Radar,10,237,99,0,346,0,165,80,0,245,10,402,179,0,591,0,0,0,591
07/11/2015,ACK,MA,ANE,EN,Towers with Radar,10,76,40,0,126,0,237,208,0,445,10,313,248,0,571,0,0,0,571
07/12/2015,ACK,MA,ANE,EN,Towers with Radar,10,105,77,0,192,0,280,175,0,455,10,385,252,0,647,0,0,0,647
07/13/2015,ACK,MA,ANE,EN,Towers with Radar,8,69,34,0,111,0,285,116,0,401,8,354,150,0,512,2,0,2,514
07/14/2015,ACK,MA,ANE,EN,Towers with Radar,6,109,43,0,158,0,141,68,0,209,6,250,111,0,367,0,2,2,369
07/15/2015,ACK,MA,ANE,EN,Towers with Radar,8,171,78,2,259,0,109,55,0,164,8,280,133,2,423,0,0,0,423
07/16/2015,ACK,MA,ANE,EN,Towers with Radar,8,92,68,0,168,0,292,150,0,442,8,384,218,0,610,0,0,0,610
07/17/2015,ACK,MA,ANE,EN,Towers with Radar,10,121,62,4,197,0,332,197,15,544,10,453,259,19,741,0,13,13,754
07/18/2015,ACK,MA,ANE,EN,Towers with Radar,11,113,55,1,180,0,258,114,0,372,11,371,169,1,552,0,0,0,552
07/19/2015,ACK,MA,ANE,EN,Towers with Radar,10,339,208,0,557,0,7,0,0,7,10,346,208,0,564,0,0,0,564
07/20/2015,ACK,MA,ANE,EN,Towers with Radar,8,169,81,0,258,0,207,106,0,313,8,376,187,0,571,0,0,0,571
07/21/2015,ACK,MA,ANE,EN,Towers with Radar,7,136,69,0,212,0,131,57,2,190,7,267,126,2,402,0,0,0,402
07/22/2015,ACK,MA,ANE,EN,Towers with Radar,9,68,34,2,113,0,268,146,0,414,9,336,180,2,527,0,0,0,527
07/23/2015,ACK,MA,ANE,EN,Towers with Radar,8,91,51,0,150,0,285,165,4,454,8,376,216,4,604,0,0,0,604
07/24/2015,ACK,MA,ANE,EN,Towers with Radar,10,113,61,0,184,0,308,169,6,483,10,421,230,6,667,0,0,0,667
07/25/2015,ACK,MA,ANE,EN,Towers with Radar,10,153,54,0,217,0,272,162,0,434,10,425,216,0,651,0,0,0,651
07/26/2015,ACK,MA,ANE,EN,Towers with Radar,10,201,82,2,295,0,271,143,0,414,10,472,225,2,709,0,0,0,709
07/27/2015,ACK,MA,ANE,EN,Towers with Radar,8,169,89,3,269,0,235,122,1,358,8,404,211,4,627,0,0,0,627
07/28/2015,ACK,MA,ANE,EN,Towers with Radar,8,141,80,0,229,0,123,68,1,192,8,264,148,1,421,0,23,23,444
07/29/2015,ACK,MA,ANE,EN,Towers with Radar,8,80,47,0,135,0,211,140,12,363,8,291,187,12,498,10,0,10,508
07/30/2015,ACK,MA,ANE,EN,Towers with Radar,8,203,89,1,301,0,170,75,0,245,8,373,164,1,546,2,0,2,548
07/31/2015,ACK,MA,ANE,EN,Towers with Radar,10,121,86,2,219,0,309,216,1,526,10,430,302,3,745,6,0,6,751
08/01/2015,ACK,MA,ANE,EN,Towers with Radar,10,82,54,0,146,0,243,153,0,396,10,325,207,0,542,4,0,4,546
08/02/2015,ACK,MA,ANE,EN,Towers with Radar,10,100,65,0,175,0,310,237,0,547,10,410,302,0,722,0,0,0,722
08/03/2015,ACK,MA,ANE,EN,Towers with Radar,8,101,51,0,160,0,247,128,0,375,8,348,179,0,535,0,0,0,535
08/04/2015,ACK,MA,ANE,EN,Towers with Radar,8,187,54,0,249,0,38,9,0,47,8,225,63,0,296,0,0,0,296
08/05/2015,ACK,MA,ANE,EN,Towers with Radar,8,73,39,0,120,0,248,152,0,400,8,321,191,0,520,0,0,0,520
08/06/2015,ACK,MA,ANE,EN,Towers with Radar,8,98,80,2,188,0,291,168,4,463,8,389,248,6,651,0,0,0,651
08/07/2015,ACK,MA,ANE,EN,Towers with Radar,10,170,96,0,276,0,330,193,0,523,10,500,289,0,799,0,0,0,799
08/08/2015,ACK,MA,ANE,EN,Towers with Radar,14,134,96,2,246,0,211,115,0,326,14,345,211,2,572,0,0,0,572
08/09/2015,ACK,MA,ANE,EN,Towers with Radar,14,322,187,0,523,0,12,30,0,42,14,334,217,0,565,0,0,0,565
08/10/2015,ACK,MA,ANE,EN,Towers with Radar,8,139,85,0,232,0,241,134,0,375,8,380,219,0,607,0,0,0,607
08/11/2015,ACK,MA,ANE,EN,Towers with Radar,8,165,42,0,215,0,58,31,0,89,8,223,73,0,304,0,0,0,304
08/12/2015,ACK,MA,ANE,EN,Towers with Radar,9,152,82,0,243,0,140,64,0,204,9,292,146,0,447,0,0,0,447
08/13/2015,ACK,MA,ANE,EN,Towers with Radar,8,153,109,0,270,0,286,142,0,428,8,439,251,0,698,0,0,0,698
08/14/2015,ACK,MA,ANE,EN,Towers with Radar,10,113,109,0,232,0,302,168,0,470,10,415,277,0,702,0,0,0,702
08/15/2015,ACK,MA,ANE,EN,Towers with Radar,11,105,104,0,220,0,210,110,0,320,11,315,214,0,540,0,0,0,540
08/16/2015,ACK,MA,ANE,EN,Towers with Radar,14,118,144,0,276,0,251,131,0,382,14,369,275,0,658,0,0,0,658
08/17/2015,ACK,MA,ANE,EN,Towers with Radar,8,126,70,0,204,0,240,111,0,351,8,366,181,0,555,0,2,2,557
08/18/2015,ACK,MA,ANE,EN,Towers with Radar,8,70,57,0,135,0,202,97,0,299,8,272,154,0,434,0,0,0,434
08/19/2015,ACK,MA,ANE,EN,Towers with Radar,8,120,72,0,200,0,151,97,0,248,8,271,169,0,448,0,0,0,448
08/20/2015,ACK,MA,ANE,EN,Towers with Radar,9,170,97,0,276,0,155,84,0,239,9,325,181,0,515,0,0,0,515
08/21/2015,ACK,MA,ANE,EN,Towers with Radar,10,182,105,0,297,0,197,119,0,316,10,379,224,0,613,0,0,0,613
08/22/2015,ACK,MA,ANE,EN,Towers with Radar,14,227,103,0,344,0,1,3,0,4,14,228,106,0,348,0,0,0,348
08/23/2015,ACK,MA,ANE,EN,Towers with Radar,14,249,153,0,416,0,33,17,0,50,14,282,170,0,466,0,0,0,466
08/24/2015,ACK,MA,ANE,EN,Towers with Radar,8,257,113,5,383,0,6,6,0,12,8,263,119,5,395,0,0,0,395
08/25/2015,ACK,MA,ANE,EN,Towers with Radar,8,126,48,2,184,0,134,60,0,194,8,260,108,2,378,0,0,0,378
08/26/2015,ACK,MA,ANE,EN,Towers with Radar,8,69,46,2,125,0,203,84,0,287,8,272,130,2,412,0,0,0,412
08/27/2015,ACK,MA,ANE,EN,Towers with Radar,10,74,62,0,146,0,258,149,0,407,10,332,211,0,553,0,0,0,553
08/28/2015,ACK,MA,ANE,EN,Towers with Radar,10,79,57,0,146,0,296,199,0,495,10,375,256,0,641,0,0,0,641
08/29/2015,ACK,MA,ANE,EN,Towers with Radar,14,38,44,2,98,0,227,128,0,355,14,265,172,2,453,0,0,0,453
08/30/2015,ACK,MA,ANE,EN,Towers with Radar,14,88,64,2,168,0,250,212,0,462,14,338,276,2,630,1,0,1,631
08/31/2015,ACK,MA,ANE,EN,Towers with Radar,8,62,47,1,118,0,220,127,1,348,8,282,174,2,466,0,0,0,466
09/01/2015,ACK,MA,ANE,EN,Towers with Radar,9,57,42,1,109,0,174,110,0,284,9,231,152,1,393,0,0,0,393
09/02/2015,ACK,MA,ANE,EN,Towers with Radar,8,49,36,2,95,0,179,106,0,285,8,228,142,2,380,4,0,4,384
09/03/2015,ACK,MA,ANE,EN,Towers with Radar,8,105,63,0,176,0,268,155,0,423,8,373,218,0,599,0,0,0,599
09/04/2015,ACK,MA,ANE,EN,Towers with Radar,8,247,115,2,372,0,187,110,0,297,8,434,225,2,669,0,0,0,669
09/05/2015,ACK,MA,ANE,EN,Towers with Radar,13,44,25,0,82,0,167,128,0,295,13,211,153,0,377,0,0,0,377
09/06/2015,ACK,MA,ANE,EN,Towers with Radar,14,38,32,0,84,0,192,137,0,329,14,230,169,0,413,0,0,0,413
09/07/2015,ACK,MA,ANE,EN,Towers with Radar,10,151,95,1,257,0,381,233,0,614,10,532,328,1,871,0,0,0,871
09/08/2015,ACK,MA,ANE,EN,Towers with Radar,4,64,29,0,97,0,244,115,0,359,4,308,144,0,456,0,0,0,456
09/09/2015,ACK,MA,ANE,EN,Towers with Radar,2,88,34,0,124,0,161,73,0,234,2,249,107,0,358,0,0,0,358
09/10/2015,ACK,MA,ANE,EN,Towers with Radar,2,153,48,0,203,0,15,3,2,20,2,168,51,2,223,0,0,0,223
09/11/2015,ACK,MA,ANE,EN,Towers with Radar,6,257,91,0,354,0,22,11,0,33,6,279,102,0,387,0,0,0,387
09/12/2015,ACK,MA,ANE,EN,Towers with Radar,4,67,33,0,104,0,197,128,0,325,4,264,161,0,429,0,0,0,429
09/13/2015,ACK,MA,ANE,EN,Towers with Radar,6,217,68,2,293,0,61,29,0,90,6,278,97,2,383,0,0,0,383
09/14/2015,ACK,MA,ANE,EN,Towers with Radar,4,60,41,0,105,0,197,93,0,290,4,257,134,0,395,0,0,0,395
09/15/2015,ACK,MA,ANE,EN,Towers with Radar,2,37,20,1,60,0,203,78,1,282,2,240,98,2,342,0,0,0,342
09/16/2015,ACK,MA,ANE,EN,Towers with Radar,2,31,18,4,55,0,166,92,0,258,2,197,110,4,313,0,0,0,313
09/17/2015,ACK,MA,ANE,EN,Towers with Radar,4,39,31,0,74,0,208,98,0,306,4,247,129,0,380,4,0,4,384
09/18/2015,ACK,MA,ANE,EN,Towers with Radar,6,61,24,0,91,0,229,128,0,357,6,290,152,0,448,0,0,0,448
09/19/2015,ACK,MA,ANE,EN,Towers with Radar,4,34,14,0,52,0,170,65,6,241,4,204,79,6,293,0,0,0,293
09/20/2015,ACK,MA,ANE,EN,Towers with Radar,6,115,53,2,176,0,162,84,0,246,6,277,137,2,422,0,0,0,422
09/21/2015,ACK,MA,ANE,EN,Towers with Radar,4,35,15,0,54,0,206,71,0,277,4,241,86,0,331,0,0,0,331
09/22/2015,ACK,MA,ANE,EN,Towers with Radar,2,32,5,0,39,0,194,65,0,259,2,226,70,0,298,0,0,0,298
09/23/2015,ACK,MA,ANE,EN,Towers with Radar,2,29,23,0,54,0,174,99,0,273,2,203,122,0,327,0,0,0,327
09/24/2015,ACK,MA,ANE,EN,Towers with Radar,4,49,27,6,86,0,215,105,4,324,4,264,132,10,410,22,0,22,432
09/25/2015,ACK,MA,ANE,EN,Towers with Radar,8,82,27,5,122,0,269,142,0,411,8,351,169,5,533,0,0,0,533
09/26/2015,ACK,MA,ANE,EN,Towers with Radar,4,23,23,0,50,0,195,93,0,288,4,218,116,0,338,0,0,0,338
09/27/2015,ACK,MA,ANE,EN,Towers with Radar,8,89,41,0,138,0,248,126,0,374,8,337,167,0,512,0,0,0,512
09/28/2015,ACK,MA,ANE,EN,Towers with Radar,4,51,23,6,84,0,215,93,19,327,4,266,116,25,411,0,0,0,411
09/29/2015,ACK,MA,ANE,EN,Towers with Radar,2,65,24,2,93,0,146,44,0,190,2,211,68,2,283,0,0,0,283
09/30/2015,ACK,MA,ANE,EN,Towers with Radar,2,61,21,0,84,0,2,6,0,8,2,63,27,0,92,0,0,0,92
10/01/2015,ACK,MA,ANE,EN,Towers with Radar,2,168,11,0,181,0,41,20,0,61,2,209,31,0,242,0,0,0,242
10/02/2015,ACK,MA,ANE,EN,Towers with Radar,6,186,16,2,210,0,0,0,0,0,6,186,16,2,210,0,0,0,210
10/03/2015,ACK,MA,ANE,EN,Towers with Radar,4,82,9,0,95,0,20,10,0,30,4,102,19,0,125,0,0,0,125
10/04/2015,ACK,MA,ANE,EN,Towers with Radar,6,93,6,2,107,0,133,24,1,158,6,226,30,3,265,0,14,14,279
10/05/2015,ACK,MA,ANE,EN,Towers with Radar,2,105,3,0,110,0,136,61,0,197,2,241,64,0,307,0,0,0,307
10/06/2015,ACK,MA,ANE,EN,Towers with Radar,2,40,3,0,45,0,148,81,0,229,2,188,84,0,274,0,0,0,274
10/07/2015,ACK,MA,ANE,EN,Towers with Radar,2,25,16,5,48,0,149,79,2,230,2,174,95,7,278,0,12,12,290
10/08/2015,ACK,MA,ANE,EN,Towers with Radar,2,43,21,2,68,0,252,102,0,354,2,295,123,2,422,0,0,0,422
10/09/2015,ACK,MA,ANE,EN,Towers with Radar,4,101,38,0,143,0,269,121,0,390,4,370,159,0,533,0,0,0,533
10/10/2015,ACK,MA,ANE,EN,Towers with Radar,6,41,10,0,57,0,177,101,0,278,6,218,111,0,335,0,0,0,335
10/11/2015,ACK,MA,ANE,EN,Towers with Radar,6,46,19,0,71,0,171,117,0,288,6,217,136,0,359,0,0,0,359
10/12/2015,ACK,MA,ANE,EN,Towers with Radar,6,107,44,0,157,0,227,121,0,348,6,334,165,0,505,0,0,0,505
10/13/2015,ACK,MA,ANE,EN,Towers with Radar,2,83,22,0,107,0,125,38,0,163,2,208,60,0,270,0,0,0,270
10/14/2015,ACK,MA,ANE,EN,Towers with Radar,0,21,15,0,36,0,160,87,0,247,0,181,102,0,283,12,0,12,295
10/15/2015,ACK,MA,ANE,EN,Towers with Radar,0,17,10,0,27,0,201,96,0,297,0,218,106,0,324,0,0,0,324
10/16/2015,ACK,MA,ANE,EN,Towers with Radar,2,34,17,0,53,0,252,116,0,368,2,286,133,0,421,0,0,0,421
10/17/2015,ACK,MA,ANE,EN,Towers with Radar,0,15,8,0,23,0,136,96,0,232,0,151,104,0,255,0,0,0,255
10/18/2015,ACK,MA,ANE,EN,Towers with Radar,2,28,20,0,50,0,220,101,0,321,2,248,121,0,371,0,0,0,371
10/19/2015,ACK,MA,ANE,EN,Towers with Radar,0,15,9,0,24,0,162,80,0,242,0,177,89,0,266,0,0,0,266
10/20/2015,ACK,MA,ANE,EN,Towers with Radar,0,21,2,0,23,0,154,57,0,211,0,175,59,0,234,0,0,0,234
10/21/2015,ACK,MA,ANE,EN,Towers with Radar,0,15,5,2,22,0,160,74,0,234,0,175,79,2,256,10,0,10,266
10/22/2015,ACK,MA,ANE,EN,Towers with Radar,0,27,7,2,36,0,190,96,2,288,0,217,103,4,324,0,0,0,324
10/23/2015,ACK,MA,ANE,EN,Towers with Radar,0,24,9,0,33,0,210,83,2,295,0,234,92,2,328,6,0,6,334
10/24/2015,ACK,MA,ANE,EN,Towers with Radar,0,20,26,0,46,0,138,75,0,213,0,158,101,0,259,4,0,4,263
10/25/2015,ACK,MA,ANE,EN,Towers with Radar,0,39,28,1,68,0,100,39,0,139,0,139,67,1,207,0,0,0,207
10/26/2015,ACK,MA,ANE,EN,Towers with Radar,0,13,5,0,18,0,170,77,0,247,0,183,82,0,265,0,0,0,265
10/27/2015,ACK,MA,ANE,EN,Towers with Radar,0,9,7,2,18,0,157,75,0,232,0,166,82,2,250,0,0,0,250
10/28/2015,ACK,MA,ANE,EN,Towers with Radar,0,37,12,2,51,0,143,47,2,192,0,180,59,4,243,0,0,0,243
10/29/2015,ACK,MA,ANE,EN,Towers with Radar,0,60,13,0,73,0,42,17,0,59,0,102,30,0,132,0,0,0,132
10/30/2015,ACK,MA,ANE,EN,Towers with Radar,0,15,9,0,24,0,166,89,0,255,0,181,98,0,279,0,0,0,279
10/31/2015,ACK,MA,ANE,EN,Towers with Radar,0,4,1,0,5,0,118,79,0,197,0,122,80,0,202,0,0,0,202
11/01/2015,ACK,MA,ANE,EN,Towers with Radar,0,31,12,0,43,0,98,42,0,140,0,129,54,0,183,0,0,0,183
11/02/2015,ACK,MA,ANE,EN,Towers with Radar,0,18,7,0,25,0,144,67,0,211,0,162,74,0,236,0,0,0,236
11/03/2015,ACK,MA,ANE,EN,Towers with Radar,0,14,9,2,25,0,146,56,7,209,0,160,65,9,234,0,0,0,234
11/04/2015,ACK,MA,ANE,EN,Towers with Radar,0,12,3,0,15,0,142,65,0,207,0,154,68,0,222,0,0,0,222
11/05/2015,ACK,MA,ANE,EN,Towers with Radar,0,27,3,2,32,0,165,85,0,250,0,192,88,2,282,0,0,0,282
11/06/2015,ACK,MA,ANE,EN,Towers with Radar,0,69,28,4,101,0,0,0,0,0,0,69,28,4,101,0,0,0,101
11/07/2015,ACK,MA,ANE,EN,Towers with Radar,0,7,8,0,15,0,126,62,2,190,0,133,70,2,205,0,0,0,205
11/08/2015,ACK,MA,ANE,EN,Towers with Radar,0,5,10,2,17,0,127,64,0,191,0,132,74,2,208,0,0,0,208
11/09/2015,ACK,MA,ANE,EN,Towers with Radar,0,9,1,2,12,0,137,60,0,197,0,146,61,2,209,0,0,0,209
11/10/2015,ACK,MA,ANE,EN,Towers with Radar,0,35,7,2,44,0,104,28,2,134,0,139,35,4,178,0,0,0,178
11/11/2015,ACK,MA,ANE,EN,Towers with Radar,0,81,15,0,96,0,0,0,0,0,0,81,15,0,96,0,0,0,96
11/12/2015,ACK,MA,ANE,EN,Towers with Radar,0,88,19,0,107,0,21,14,0,35,0,109,33,0,142,0,0,0,142
11/13/2015,ACK,MA,ANE,EN,Towers with Radar,0,15,5,2,22,0,177,78,0,255,0,192,83,2,277,0,0,0,277
11/14/2015,ACK,MA,ANE,EN,Towers with Radar,0,3,1,0,4,0,126,68,0,194,0,129,69,0,198,0,0,0,198
11/15/2015,ACK,MA,ANE,EN,Towers with Radar,0,3,5,0,8,0,117,77,0,194,0,120,82,0,202,0,0,0,202
11/16/2015,ACK,MA,ANE,EN,Towers with Radar,0,9,6,0,15,0,148,71,0,219,0,157,77,0,234,5,0,5,239
11/17/2015,ACK,MA,ANE,EN,Towers with Radar,0,9,0,0,9,0,140,59,0,199,0,149,59,0,208,0,0,0,208
11/18/2015,ACK,MA,ANE,EN,Towers with Radar,0,13,3,6,22,0,146,59,5,210,0,159,62,11,232,0,0,0,232
11/19/2015,ACK,MA,ANE,EN,Towers with Radar,0,15,7,0,22,0,147,64,0,211,0,162,71,0,233,0,0,0,233
11/20/2015,ACK,MA,ANE,EN,Towers with Radar,0,65,15,0,80,0,60,32,0,92,0,125,47,0,172,0,0,0,172
11/21/2015,ACK,MA,ANE,EN,Towers with Radar,0,3,5,0,8,0,107,73,0,180,0,110,78,0,188,0,0,0,188
11/22/2015,ACK,MA,ANE,EN,Towers with Radar,0,59,16,0,75,0,13,6,0,19,0,72,22,0,94,0,0,0,94
11/23/2015,ACK,MA,ANE,EN,Towers with Radar,0,32,4,1,37,0,115,56,2,173,0,147,60,3,210,0,0,0,210
11/24/2015,ACK,MA,ANE,EN,Towers with Radar,0,22,10,5,37,0,138,46,9,193,0,160,56,14,230,0,0,0,230
11/25/2015,ACK,MA,ANE,EN,Towers with Radar,0,23,22,0,45,0,220,123,0,343,0,243,145,0,388,0,0,0,388
11/26/2015,ACK,MA,ANE,EN,Towers with Radar,0,9,7,0,16,0,79,28,0,107,0,88,35,0,123,0,0,0,123
11/27/2015,ACK,MA,ANE,EN,Towers with Radar,0,23,20,0,43,0,182,101,0,283,0,205,121,0,326,0,0,0,326
11/28/2015,ACK,MA,ANE,EN,Towers with Radar,0,61,41,5,107,0,92,56,4,152,0,153,97,9,259,0,0,0,259
11/29/2015,ACK,MA,ANE,EN,Towers with Radar,0,37,36,0,73,0,157,102,0,259,0,194,138,0,332,0,0,0,332
11/30/2015,ACK,MA,ANE,EN,Towers with Radar,0,27,7,0,34,0,158,60,0,218,0,185,67,0,252,0,0,0,252
12/01/2015,ACK,MA,ANE,EN,Towers with Radar,0,41,3,8,52,0,111,41,7,159,0,152,44,15,211,2,0,2,213
12/02/2015,ACK,MA,ANE,EN,Towers with Radar,0,52,25,0,77,0,0,0,0,0,0,52,25,0,77,0,0,0,77
12/03/2015,ACK,MA,ANE,EN,Towers with Radar,0,58,8,0,66,0,187,66,0,253,0,245,74,0,319,0,0,0,319
12/04/2015,ACK,MA,ANE,EN,Towers with Radar,0,55,29,0,84,0,253,152,0,405,0,308,181,0,489,0,0,0,489
12/05/2015,ACK,MA,ANE,EN,Towers with Radar,0,23,16,0,39,0,139,190,0,329,0,162,206,0,368,0,0,0,368
12/06/2015,ACK,MA,ANE,EN,Towers with Radar,0,62,35,0,97,0,229,183,0,412,0,291,218,0,509,0,0,0,509
12/07/2015,ACK,MA,ANE,EN,Towers with Radar,0,18,10,0,28,0,168,74,6,248,0,186,84,6,276,0,0,0,276
12/08/2015,ACK,MA,ANE,EN,Towers with Radar,0,64,9,0,73,0,80,29,4,113,0,144,38,4,186,0,0,0,186
12/09/2015,ACK,MA,ANE,EN,Towers with Radar,0,13,5,0,18,0,175,67,0,242,0,188,72,0,260,0,0,0,260
12/10/2015,ACK,MA,ANE,EN,Towers with Radar,0,41,6,2,49,0,131,63,0,194,0,172,69,2,243,0,0,0,243
12/11/2015,ACK,MA,ANE,EN,Towers with Radar,0,31,13,0,44,0,48,17,0,65,0,79,30,0,109,0,0,0,109
12/12/2015,ACK,MA,ANE,EN,Towers with Radar,0,4,2,0,6,0,99,90,0,189,0,103,92,0,195,8,0,8,203
12/13/2015,ACK,MA,ANE,EN,Towers with Radar,0,17,12,0,29,0,58,76,0,134,0,75,88,0,163,0,0,0,163
12/14/2015,ACK,MA,ANE,EN,Towers with Radar,0,23,10,0,33,0,24,16,0,40,0,47,26,0,73,0,0,0,73
12/15/2015,ACK,MA,ANE,EN,Towers with Radar,0,19,4,0,23,0,79,30,0,109,0,98,34,0,132,0,0,0,132
12/16/2015,ACK,MA,ANE,EN,Towers with Radar,0,26,6,6,38,0,85,77,2,164,0,111,83,8,202,0,0,0,202
12/17/2015,ACK,MA,ANE,EN,Towers with Radar,0,55,15,0,70,0,9,8,0,17,0,64,23,0,87,0,0,0,87
12/18/2015,ACK,MA,ANE,EN,Towers with Radar,0,61,24,0,85,0,0,0,0,0,0,61,24,0,85,0,0,0,85
12/19/2015,ACK,MA,ANE,EN,Towers with Radar,0,10,4,0,14,0,81,38,0,119,0,91,42,0,133,0,0,0,133
12/20/2015,ACK,MA,ANE,EN,Towers with Radar,0,1,2,0,3,0,60,45,0,105,0,61,47,0,108,0,0,0,108
12/21/2015,ACK,MA,ANE,EN,Towers with Radar,0,18,2,0,20,0,73,47,0,120,0,91,49,0,140,0,0,0,140
12/22/2015,ACK,MA,ANE,EN,Towers with Radar,0,44,13,0,57,0,40,22,0,62,0,84,35,0,119,0,0,0,119
12/23/2015,ACK,MA,ANE,EN,Towers with Radar,0,34,18,2,54,0,32,18,0,50,0,66,36,2,104,0,0,0,104
12/24/2015,ACK,MA,ANE,EN,Towers with Radar,0,33,9,0,42,0,10,2,0,12,0,43,11,0,54,0,0,0,54
12/25/2015,ACK,MA,ANE,EN,Towers with Radar,0,4,4,0,8,0,59,31,0,90,0,63,35,0,98,6,0,6,104
12/26/2015,ACK,MA,ANE,EN,Towers with Radar,0,3,3,0,6,0,83,85,0,168,0,86,88,0,174,0,0,0,174
12/27/2015,ACK,MA,ANE,EN,Towers with Radar,0,36,7,0,43,0,0,0,0,0,0,36,7,0,43,0,0,0,43
12/28/2015,ACK,MA,ANE,EN,Towers with Radar,0,17,4,2,23,0,54,47,0,101,0,71,51,2,124,0,2,2,126
12/29/2015,ACK,MA,ANE,EN,Towers with Radar,0,34,6,0,40,0,0,5,0,5,0,34,11,0,45,0,0,0,45
12/30/2015,ACK,MA,ANE,EN,Towers with Radar,0,62,11,0,73,0,42,36,0,78,0,104,47,0,151,0,0,0,151
12/31/2015,ACK,MA,ANE,EN,Towers with Radar,0,51,12,0,63,0,38,27,0,65,0,89,39,0,128,0,0,0,128
01/01/2016,ACK,MA,ANE,EN,Towers with Radar,0,5,6,0,11,0,82,40,0,122,0,87,46,0,133,0,0,0,133
01/02/2016,ACK,MA,ANE,EN,Towers with Radar,0,5,4,0,9,0,79,50,0,129,0,84,54,0,138,0,0,0,138
01/03/2016,ACK,MA,ANE,EN,Towers with Radar,0,2,1,0,3,0,73,43,0,116,0,75,44,0,119,0,0,0,119
01/04/2016,ACK,MA,ANE,EN,Towers with Radar,0,37,2,0,39,0,74,43,0,117,0,111,45,0,156,0,0,0,156
01/05/2016,ACK,MA,ANE,EN,Towers with Radar,0,28,7,0,35,0,88,36,2,126,0,116,43,2,161,0,0,0,161
01/06/2016,ACK,MA,ANE,EN,Towers with Radar,0,8,1,0,9,0,95,53,0,148,0,103,54,0,157,0,0,0,157
01/07/2016,ACK,MA,ANE,EN,Towers with Radar,0,10,4,0,14,0,116,63,6,185,0,126,67,6,199,0,0,0,199
01/08/2016,ACK,MA,ANE,EN,Towers with Radar,0,21,4,0,25,0,125,64,0,189,0,146,68,0,214,0,0,0,214
01/09/2016,ACK,MA,ANE,EN,Towers with Radar,0,32,5,0,37,0,59,43,0,102,0,91,48,0,139,0,0,0,139
01/10/2016,ACK,MA,ANE,EN,Towers with Radar,0,8,4,0,12,0,0,0,0,0,0,8,4,0,12,0,0,0,12
01/11/2016,ACK,MA,ANE,EN,Towers with Radar,0,9,2,1,12,0,100,39,0,139,0,109,41,1,151,0,0,0,151
01/12/2016,ACK,MA,ANE,EN,Towers with Radar,0,17,6,0,23,0,75,40,0,115,0,92,46,0,138,0,0,0,138
01/13/2016,ACK,MA,ANE,EN,Towers with Radar,0,11,1,6,18,0,93,32,8,133,0,104,33,14,151,0,0,0,151
01/14/2016,ACK,MA,ANE,EN,Towers with Radar,0,24,2,0,26,0,88,46,0,134,0,112,48,0,160,0,0,0,160
01/15/2016,ACK,MA,ANE,EN,Towers with Radar,0,16,7,0,23,0,110,77,0,187,0,126,84,0,210,0,0,0,210
01/16/2016,ACK,MA,ANE,EN,Towers with Radar,0,35,5,0,40,0,1,0,0,1,0,36,5,0,41,0,0,0,41
01/17/2016,ACK,MA,ANE,EN,Towers with Radar,0,9,6,0,15,0,58,27,0,85,0,67,33,0,100,0,0,0,100
01/18/2016,ACK,MA,ANE,EN,Towers with Radar,0,17,4,0,21,0,75,37,0,112,0,92,41,0,133,0,0,0,133
01/19/2016,ACK,MA,ANE,EN,Towers with Radar,0,7,0,0,7,0,82,40,0,122,0,89,40,0,129,0,0,0,129
01/20/2016,ACK,MA,ANE,EN,Towers with Radar,0,7,1,1,9,0,102,52,1,155,0,109,53,2,164,0,0,0,164
01/21/2016,ACK,MA,ANE,EN,Towers with Radar,0,8,0,0,8,0,133,88,0,221,0,141,88,0,229,0,0,0,229
01/22/2016,ACK,MA,ANE,EN,Towers with Radar,0,15,4,0,19,0,117,73,2,192,0,132,77,2,211,0,0,0,211
01/23/2016,ACK,MA,ANE,EN,Towers with Radar,0,2,2,0,4,0,15,6,0,21,0,17,8,0,25,0,0,0,25
01/24/2016,ACK,MA,ANE,EN,Towers with Radar,0,0,2,0,2,0,44,6,2,52,0,44,8,2,54,0,0,0,54
01/25/2016,ACK,MA,ANE,EN,Towers with Radar,0,7,5,0,12,0,112,67,0,179,0,119,72,0,191,0,0,0,191
01/26/2016,ACK,MA,ANE,EN,Towers with Radar,0,10,4,0,14,0,98,56,0,154,0,108,60,0,168,0,0,0,168
01/27/2016,ACK,MA,ANE,EN,Towers with Radar,0,9,6,3,18,0,101,54,10,165,0,110,60,13,183,0,0,0,183
01/28/2016,ACK,MA,ANE,EN,Towers with Radar,0,6,0,0,6,0,105,72,0,177,0,111,72,0,183,2,0,2,185
01/29/2016,ACK,MA,ANE,EN,Towers with Radar,0,32,7,0,39,0,118,51,0,169,0,150,58,0,208,0,0,0,208
01/30/2016,ACK,MA,ANE,EN,Towers with Radar,0,4,3,0,7,0,98,78,0,176,0,102,81,0,183,0,0,0,183
01/31/2016,ACK,MA,ANE,EN,Towers with Radar,0,6,5,0,11,0,96,68,0,164,0,102,73,0,175,4,0,4,179
02/01/2016,ACK,MA,ANE,EN,Towers with Radar,0,6,5,3,14,0,97,61,10,168,0,103,66,13,182,0,0,0,182
02/02/2016,ACK,MA,ANE,EN,Towers with Radar,0,11,2,4,17,0,75,63,10,148,0,86,65,14,165,0,0,0,165
02/03/2016,ACK,MA,ANE,EN,Towers with Radar,0,18,3,2,23,0,91,44,0,135,0,109,47,2,158,0,0,0,158
02/04/2016,ACK,MA,ANE,EN,Towers with Radar,0,52,14,0,66,0,26,15,0,41,0,78,29,0,107,0,0,0,107
02/05/2016,ACK,MA,ANE,EN,Towers with Radar,0,14,8,0,22,0,0,0,0,0,0,14,8,0,22,0,0,0,22
02/06/2016,ACK,MA,ANE,EN,Towers with Radar,0,3,5,0,8,0,70,63,0,133,0,73,68,0,141,0,0,0,141
02/07/2016,ACK,MA,ANE,EN,Towers with Radar,0,2,9,0,11,0,68,84,0,152,0,70,93,0,163,0,0,0,163
02/08/2016,ACK,MA,ANE,EN,Towers with Radar,0,0,0,0,0,0,0,0,0,0,0,0,0,0,0,0,0,0,0
02/09/2016,ACK,MA,ANE,EN,Towers with Radar,0,26,1,0,27,0,62,25,0,87,0,88,26,0,114,0,0,0,114
02/10/2016,ACK,MA,ANE,EN,Towers with Radar,0,30,9,0,39,0,71,36,0,107,0,101,45,0,146,0,0,0,146
02/11/2016,ACK,MA,ANE,EN,Towers with Radar,0,27,6,0,33,0,87,51,0,138,0,114,57,0,171,0,0,0,171
02/12/2016,ACK,MA,ANE,EN,Towers with Radar,0,12,2,2,16,0,86,55,0,141,0,98,57,2,157,0,0,0,157
02/13/2016,ACK,MA,ANE,EN,Towers with Radar,0,12,3,0,15,0,66,53,0,119,0,78,56,0,134,0,0,0,134
02/14/2016,ACK,MA,ANE,EN,Towers with Radar,0,6,1,0,7,0,55,31,0,86,0,61,32,0,93,2,0,2,95
02/15/2016,ACK,MA,ANE,EN,Towers with Radar,0,16,1,0,17,0,64,41,0,105,0,80,42,0,122,0,0,0,122
02/16/2016,ACK,MA,ANE,EN,Towers with Radar,0,19,6,0,25,0,8,10,0,18,0,27,16,0,43,0,0,0,43
02/17/2016,ACK,MA,ANE,EN,Towers with Radar,0,13,3,5,21,0,91,43,0,134,0,104,46,5,155,0,18,18,173
02/18/2016,ACK,MA,ANE,EN,Towers with Radar,0,9,0,0,9,0,111,66,0,177,0,120,66,0,186,0,0,0,186
02/19/2016,ACK,MA,ANE,EN,Towers with Radar,0,10,9,0,19,0,108,68,0,176,0,118,77,0,195,4,0,4,199
02/20/2016,ACK,MA,ANE,EN,Towers with Radar,0,4,4,0,8,0,78,66,0,144,0,82,70,0,152,0,0,0,152
02/21/2016,ACK,MA,ANE,EN,Towers with Radar,0,5,9,0,14,0,81,97,2,180,0,86,106,2,194,2,0,2,196
02/22/2016,ACK,MA,ANE,EN,Towers with Radar,0,8,4,0,12,0,85,60,0,145,0,93,64,0,157,0,0,0,157
02/23/2016,ACK,MA,ANE,EN,Towers with Radar,0,18,3,3,24,0,83,47,11,141,0,101,50,14,165,0,0,0,165
02/24/2016,ACK,MA,ANE,EN,Towers with Radar,0,55,14,0,69,0,0,0,0,0,0,55,14,0,69,0,0,0,69
02/25/2016,ACK,MA,ANE,EN,Towers with Radar,0,39,10,1,50,0,54,29,3,86,0,93,39,4,136,0,0,0,136
02/26/2016,ACK,MA,ANE,EN,Towers with Radar,0,10,3,3,16,0,117,79,1,197,0,127,82,4,213,0,0,0,213
02/27/2016,ACK,MA,ANE,EN,Towers with Radar,0,4,3,0,7,0,98,79,0,177,0,102,82,0,184,0,0,0,184
02/28/2016,ACK,MA,ANE,EN,Towers with Radar,0,3,8,0,11,0,67,57,0,124,0,70,65,0,135,0,0,0,135
02/29/2016,ACK,MA,ANE,EN,Towers with Radar,0,9,2,1,12,0,99,54,1,154,0,108,56,2,166,0,0,0,166
03/01/2016,ACK,MA,ANE,EN,Towers with Radar,0,11,3,1,15,0,99,51,6,156,0,110,54,7,171,0,0,0,171
03/02/2016,ACK,MA,ANE,EN,Towers with Radar,0,23,5,8,36,0,82,34,1,117,0,105,39,9,153,0,0,0,153
03/03/2016,ACK,MA,ANE,EN,Towers with Radar,0,12,6,0,18,0,107,71,0,178,0,119,77,0,196,0,0,0,196
03/04/2016,ACK,MA,ANE,EN,Towers with Radar,0,46,6,1,53,0,16,8,0,24,0,62,14,1,77,0,0,0,77
03/05/2016,ACK,MA,ANE,EN,Towers with Radar,0,1,1,0,2,0,89,67,0,156,0,90,68,0,158,0,0,0,158
03/06/2016,ACK,MA,ANE,EN,Towers with Radar,0,7,4,0,11,0,67,46,0,113,0,74,50,0,124,0,0,0,124
03/07/2016,ACK,MA,ANE,EN,Towers with Radar,0,10,1,0,11,0,92,55,0,147,0,102,56,0,158,0,0,0,158
03/08/2016,ACK,MA,ANE,EN,Towers with Radar,0,9,5,7,21,0,92,49,11,152,0,101,54,18,173,0,0,0,173
03/09/2016,ACK,MA,ANE,EN,Towers with Radar,0,15,9,1,25,0,99,91,1,191,0,114,100,2,216,0,0,0,216
03/10/2016,ACK,MA,ANE,EN,Towers with Radar,0,15,5,4,24,0,126,52,12,190,0,141,57,16,214,0,0,0,214
03/11/2016,ACK,MA,ANE,EN,Towers with Radar,0,33,14,0,47,0,40,42,0,82,0,73,56,0,129,0,0,0,129
03/12/2016,ACK,MA,ANE,EN,Towers with Radar,0,2,3,0,5,0,99,57,0,156,0,101,60,0,161,0,0,0,161
03/13/2016,ACK,MA,ANE,EN,Towers with Radar,0,2,6,0,8,0,73,71,0,144,0,75,77,0,152,0,0,0,152
03/14/2016,ACK,MA,ANE,EN,Towers with Radar,0,23,5,0,28,0,74,50,0,124,0,97,55,0,152,0,0,0,152
03/15/2016,ACK,MA,ANE,EN,Towers with Radar,0,52,20,3,75,0,0,0,0,0,0,52,20,3,75,0,0,0,75
03/16/2016,ACK,MA,ANE,EN,Towers with Radar,0,57,18,5,80,0,1,1,2,4,0,58,19,7,84,0,0,0,84
03/17/2016,ACK,MA,ANE,EN,Towers with Radar,0,46,15,4,65,0,18,14,5,37,0,64,29,9,102,0,0,0,102
03/18/2016,ACK,MA,ANE,EN,Towers with Radar,0,17,5,0,22,0,113,76,0,189,0,130,81,0,211,0,0,0,211
03/19/2016,ACK,MA,ANE,EN,Towers with Radar,0,0,7,0,7,0,92,83,0,175,0,92,90,0,182,0,0,0,182
03/20/2016,ACK,MA,ANE,EN,Towers with Radar,0,4,7,3,14,0,79,46,1,126,0,83,53,4,140,0,0,0,140
03/21/2016,ACK,MA,ANE,EN,Towers with Radar,0,23,1,2,26,0,37,17,2,56,0,60,18,4,82,0,0,0,82
03/22/2016,ACK,MA,ANE,EN,Towers with Radar,0,11,3,0,14,0,75,46,2,123,0,86,49,2,137,0,0,0,137
03/23/2016,ACK,MA,ANE,EN,Towers with Radar,0,12,2,4,18,0,94,60,0,154,0,106,62,4,172,0,0,0,172
03/24/2016,ACK,MA,ANE,EN,Towers with Radar,0,42,9,6,57,0,65,46,21,132,0,107,55,27,189,0,0,0,189
03/25/2016,ACK,MA,ANE,EN,Towers with Radar,0,42,22,0,64,0,42,21,0,63,0,84,43,0,127,0,0,0,127
03/26/2016,ACK,MA,ANE,EN,Towers with Radar,0,21,9,0,30,0,92,70,0,162,0,113,79,0,192,0,0,0,192
03/27/2016,ACK,MA,ANE,EN,Towers with Radar,0,29,12,0,41,0,85,52,0,137,0,114,64,0,178,0,0,0,178
03/28/2016,ACK,MA,ANE,EN,Towers with Radar,0,50,17,0,67,0,6,4,0,10,0,56,21,0,77,0,0,0,77
03/29/2016,ACK,MA,ANE,EN,Towers with Radar,0,13,3,0,16,0,93,47,0,140,0,106,50,0,156,0,0,0,156
03/30/2016,ACK,MA,ANE,EN,Towers with Radar,0,8,4,0,12,0,88,93,0,181,0,96,97,0,193,0,0,0,193
03/31/2016,ACK,MA,ANE,EN,Towers with Radar,0,15,3,0,18,0,101,72,0,173,0,116,75,0,191,0,0,0,191
04/01/2016,ACK,MA,ANE,EN,Towers with Radar,0,33,20,0,53,0,0,0,0,0,0,33,20,0,53,0,0,0,53
04/02/2016,ACK,MA,ANE,EN,Towers with Radar,0,24,11,0,35,0,29,6,0,35,0,53,17,0,70,0,0,0,70
04/03/2016,ACK,MA,ANE,EN,Towers with Radar,0,6,1,0,7,0,16,10,0,26,0,22,11,0,33,0,0,0,33
04/04/2016,ACK,MA,ANE,EN,Towers with Radar,0,29,15,0,44,0,34,17,0,51,0,63,32,0,95,0,0,0,95
04/05/2016,ACK,MA,ANE,EN,Towers with Radar,0,14,1,0,15,0,79,40,0,119,0,93,41,0,134,0,0,0,134
04/06/2016,ACK,MA,ANE,EN,Towers with Radar,0,8,4,0,12,0,99,70,2,171,0,107,74,2,183,0,0,0,183
04/07/2016,ACK,MA,ANE,EN,Towers with Radar,0,19,9,0,28,0,42,24,4,70,0,61,33,4,98,0,0,0,98
04/08/2016,ACK,MA,ANE,EN,Towers with Radar,0,29,7,3,39,0,122,72,2,196,0,151,79,5,235,0,0,0,235
04/09/2016,ACK,MA,ANE,EN,Towers with Radar,0,7,3,0,10,0,92,61,4,157,0,99,64,4,167,0,0,0,167
04/10/2016,ACK,MA,ANE,EN,Towers with Radar,0,3,3,0,6,0,96,69,0,165,0,99,72,0,171,0,0,0,171
04/11/2016,ACK,MA,ANE,EN,Towers with Radar,0,18,4,0,22,0,108,71,0,179,0,126,75,0,201,0,0,0,201
04/12/2016,ACK,MA,ANE,EN,Towers with Radar,0,37,22,0,59,0,48,27,4,79,0,85,49,4,138,0,0,0,138
04/13/2016,ACK,MA,ANE,EN,Towers with Radar,0,6,5,0,11,0,111,77,4,192,0,117,82,4,203,0,0,0,203
04/14/2016,ACK,MA,ANE,EN,Towers with Radar,0,8,4,0,12,0,115,79,0,194,0,123,83,0,206,0,0,0,206
04/15/2016,ACK,MA,ANE,EN,Towers with Radar,0,12,1,0,13,0,123,84,0,207,0,135,85,0,220,0,0,0,220
04/16/2016,ACK,MA,ANE,EN,Towers with Radar,0,26,23,0,49,0,83,66,0,149,0,109,89,0,198,0,0,0,198
04/17/2016,ACK,MA,ANE,EN,Towers with Radar,0,8,9,0,17,0,91,97,0,188,0,99,106,0,205,0,0,0,205
04/18/2016,ACK,MA,ANE,EN,Towers with Radar,0,8,5,0,13,0,82,75,2,159,0,90,80,2,172,2,0,2,174
04/19/2016,ACK,MA,ANE,EN,Towers with Radar,0,16,6,0,22,0,86,54,0,140,0,102,60,0,162,0,0,0,162
04/20/2016,ACK,MA,ANE,EN,Towers with Radar,0,14,3,0,17,0,112,78,0,190,0,126,81,0,207,0,0,0,207
04/21/2016,ACK,MA,ANE,EN,Towers with Radar,0,17,8,0,25,0,127,95,0,222,0,144,103,0,247,0,0,0,247
04/22/2016,ACK,MA,ANE,EN,Towers with Radar,0,16,2,0,18,0,128,70,4,202,0,144,72,4,220,0,0,0,220
04/23/2016,ACK,MA,ANE,EN,Towers with Radar,0,38,48,0,86,0,20,17,0,37,0,58,65,0,123,0,0,0,123
04/24/2016,ACK,MA,ANE,EN,Towers with Radar,0,6,8,0,14,0,91,84,0,175,0,97,92,0,189,0,0,0,189
04/25/2016,ACK,MA,ANE,EN,Towers with Radar,0,16,7,0,23,0,114,62,0,176,0,130,69,0,199,0,0,0,199
04/26/2016,ACK,MA,ANE,EN,Towers with Radar,0,50,20,4,74,0,17,16,0,33,0,67,36,4,107,0,0,0,107
04/27/2016,ACK,MA,ANE,EN,Towers with Radar,0,18,4,2,24,0,133,78,0,211,0,151,82,2,235,0,0,0,235
04/28/2016,ACK,MA,ANE,EN,Towers with Radar,0,33,10,0,43,0,173,109,0,282,0,206,119,0,325,0,0,0,325
04/29/2016,ACK,MA,ANE,EN,Towers with Radar,0,46,22,0,68,0,220,142,0,362,0,266,164,0,430,0,0,0,430
04/30/2016,ACK,MA,ANE,EN,Towers with Radar,0,13,14,0,27,0,148,164,0,312,0,161,178,0,339,0,0,0,339
05/01/2016,ACK,MA,ANE,EN,Towers with Radar,0,82,40,0,122,0,100,91,0,191,0,182,131,0,313,0,0,0,313
05/02/2016,ACK,MA,ANE,EN,Towers with Radar,0,74,29,0,103,0,1,0,0,1,0,75,29,0,104,0,0,0,104
05/03/2016,ACK,MA,ANE,EN,Towers with Radar,0,60,23,1,84,0,34,23,1,58,0,94,46,2,142,0,0,0,142
05/04/2016,ACK,MA,ANE,EN,Towers with Radar,2,43,27,0,72,0,30,35,0,65,2,73,62,0,137,0,0,0,137
05/05/2016,ACK,MA,ANE,EN,Towers with Radar,2,65,40,1,108,0,0,0,0,0,2,65,40,1,108,0,0,0,108
05/06/2016,ACK,MA,ANE,EN,Towers with Radar,4,71,30,0,105,0,34,46,0,80,4,105,76,0,185,0,0,0,185
05/07/2016,ACK,MA,ANE,EN,Towers with Radar,2,39,15,0,56,0,45,44,0,89,2,84,59,0,145,0,0,0,145
05/08/2016,ACK,MA,ANE,EN,Towers with Radar,4,38,10,0,52,0,14,7,0,21,4,52,17,0,73,0,0,0,73
05/09/2016,ACK,MA,ANE,EN,Towers with Radar,4,12,7,0,23,0,142,87,0,229,4,154,94,0,252,0,0,0,252
05/10/2016,ACK,MA,ANE,EN,Towers with Radar,3,11,2,0,16,0,125,71,2,198,3,136,73,2,214,0,0,0,214
05/11/2016,ACK,MA,ANE,EN,Towers with Radar,2,11,11,0,24,0,158,120,0,278,2,169,131,0,302,0,0,0,302
05/12/2016,ACK,MA,ANE,EN,Towers with Radar,6,15,15,5,41,0,189,114,13,316,6,204,129,18,357,0,0,0,357
05/13/2016,ACK,MA,ANE,EN,Towers with Radar,6,78,27,2,113,0,13,9,0,22,6,91,36,2,135,0,0,0,135
05/14/2016,ACK,MA,ANE,EN,Towers with Radar,4,6,13,3,26,0,125,109,1,235,4,131,122,4,261,0,0,0,261
05/15/2016,ACK,MA,ANE,EN,Towers with Radar,6,18,7,0,31,0,136,69,0,205,6,154,76,0,236,0,0,0,236
05/16/2016,ACK,MA,ANE,EN,Towers with Radar,6,16,4,0,26,0,149,90,0,239,6,165,94,0,265,0,0,0,265
05/17/2016,ACK,MA,ANE,EN,Towers with Radar,2,29,10,0,41,0,129,84,0,213,2,158,94,0,254,0,0,0,254
05/18/2016,ACK,MA,ANE,EN,Towers with Radar,2,24,4,2,32,0,149,99,4,252,2,173,103,6,284,4,0,4,288
05/19/2016,ACK,MA,ANE,EN,Towers with Radar,6,49,13,1,69,0,244,181,1,426,6,293,194,2,495,0,0,0,495
05/20/2016,ACK,MA,ANE,EN,Towers with Radar,7,42,24,0,73,0,203,158,0,361,7,245,182,0,434,0,0,0,434
05/21/2016,ACK,MA,ANE,EN,Towers with Radar,7,21,13,0,41,0,164,118,0,282,7,185,131,0,323,0,0,0,323
05/22/2016,ACK,MA,ANE,EN,Towers with Radar,8,179,59,2,248,0,28,30,0,58,8,207,89,2,306,0,0,0,306
05/23/2016,ACK,MA,ANE,EN,Towers with Radar,6,26,13,0,45,0,162,94,0,256,6,188,107,0,301,0,0,0,301
05/24/2016,ACK,MA,ANE,EN,Towers with Radar,2,61,35,0,98,0,0,0,0,0,2,61,35,0,98,0,0,0,98
05/25/2016,ACK,MA,ANE,EN,Towers with Radar,2,50,32,5,89,0,107,80,8,195,2,157,112,13,284,0,0,0,284
05/26/2016,ACK,MA,ANE,EN,Towers with Radar,6,53,33,0,92,0,236,163,0,399,6,289,196,0,491,4,0,4,495
05/27/2016,ACK,MA,ANE,EN,Towers with Radar,10,112,68,0,190,0,215,182,4,401,10,327,250,4,591,0,0,0,591
05/28/2016,ACK,MA,ANE,EN,Towers with Radar,6,25,18,0,49,0,171,127,0,298,6,196,145,0,347,6,0,6,353
05/29/2016,ACK,MA,ANE,EN,Towers with Radar,4,53,32,0,89,0,138,98,0,236,4,191,130,0,325,0,0,0,325
05/30/2016,ACK,MA,ANE,EN,Towers with Radar,20,248,158,0,426,0,0,0,0,0,20,248,158,0,426,0,0,0,426
05/31/2016,ACK,MA,ANE,EN,Towers with Radar,6,114,38,2,160,0,77,46,2,125,6,191,84,4,285,0,0,0,285
06/01/2016,ACK,MA,ANE,EN,Towers with Radar,2,31,12,2,47,0,153,109,2,264,2,184,121,4,311,0,0,0,311
06/02/2016,ACK,MA,ANE,EN,Towers with Radar,8,93,53,0,154,0,0,0,0,0,8,93,53,0,154,0,0,0,154
06/03/2016,ACK,MA,ANE,EN,Towers with Radar,14,122,56,0,192,0,5,4,0,9,14,127,60,0,201,0,0,0,201
06/04/2016,ACK,MA,ANE,EN,Towers with Radar,14,59,35,0,108,0,33,31,0,64,14,92,66,0,172,0,0,0,172
06/05/2016,ACK,MA,ANE,EN,Towers with Radar,14,93,40,0,147,0,0,0,0,0,14,93,40,0,147,0,0,0,147
06/06/2016,ACK,MA,ANE,EN,Towers with Radar,8,67,34,0,109,0,67,49,0,116,8,134,83,0,225,0,0,0,225
06/07/2016,ACK,MA,ANE,EN,Towers with Radar,5,58,29,0,92,0,25,19,0,44,5,83,48,0,136,0,0,0,136
06/08/2016,ACK,MA,ANE,EN,Towers with Radar,4,39,22,0,65,0,158,106,0,264,4,197,128,0,329,0,0,0,329
06/09/2016,ACK,MA,ANE,EN,Towers with Radar,8,44,16,2,70,0,181,132,0,313,8,225,148,2,383,6,0,6,389
06/10/2016,ACK,MA,ANE,EN,Towers with Radar,14,65,23,0,102,0,226,198,0,424,14,291,221,0,526,0,0,0,526
06/11/2016,ACK,MA,ANE,EN,Towers with Radar,13,39,19,0,71,0,113,88,0,201,13,152,107,0,272,0,0,0,272
06/12/2016,ACK,MA,ANE,EN,Towers with Radar,14,57,35,1,107,0,184,133,0,317,14,241,168,1,424,0,0,0,424
06/13/2016,ACK,MA,ANE,EN,Towers with Radar,8,48,31,0,87,0,160,139,0,299,8,208,170,0,386,2,0,2,388
06/14/2016,ACK,MA,ANE,EN,Towers with Radar,4,23,13,0,40,0,153,99,0,252,4,176,112,0,292,0,0,0,292
06/15/2016,ACK,MA,ANE,EN,Towers with Radar,4,57,24,2,87,0,199,131,0,330,4,256,155,2,417,0,0,0,417
06/16/2016,ACK,MA,ANE,EN,Towers with Radar,10,41,27,0,78,0,243,134,0,377,10,284,161,0,455,0,0,0,455
06/17/2016,ACK,MA,ANE,EN,Towers with Radar,18,52,29,0,99,0,255,168,0,423,18,307,197,0,522,0,0,0,522
06/18/2016,ACK,MA,ANE,EN,Towers with Radar,21,33,24,0,78,0,195,143,0,338,21,228,167,0,416,0,0,0,416
06/19/2016,ACK,MA,ANE,EN,Towers with Radar,18,57,36,0,111,0,237,234,0,471,18,294,270,0,582,0,0,0,582
06/20/2016,ACK,MA,ANE,EN,Towers with Radar,12,54,36,0,102,0,228,182,2,412,12,282,218,2,514,2,0,2,516
06/21/2016,ACK,MA,ANE,EN,Towers with Radar,13,83,45,0,141,0,93,56,0,149,13,176,101,0,290,0,0,0,290
06/22/2016,ACK,MA,ANE,EN,Towers with Radar,10,69,55,0,134,0,182,119,6,307,10,251,174,6,441,6,2,8,449
06/23/2016,ACK,MA,ANE,EN,Towers with Radar,10,98,51,0,159,0,200,132,0,332,10,298,183,0,491,0,0,0,491
06/24/2016,ACK,MA,ANE,EN,Towers with Radar,16,81,47,0,144,0,265,194,0,459,16,346,241,0,603,0,0,0,603
06/25/2016,ACK,MA,ANE,EN,Towers with Radar,19,56,37,0,112,0,226,162,0,388,19,282,199,0,500,2,0,2,502
06/26/2016,ACK,MA,ANE,EN,Towers with Radar,18,82,47,0,147,0,258,208,0,466,18,340,255,0,613,0,0,0,613
06/27/2016,ACK,MA,ANE,EN,Towers with Radar,12,61,38,2,113,0,190,147,0,337,12,251,185,2,450,0,0,0,450
06/28/2016,ACK,MA,ANE,EN,Towers with Radar,10,145,45,0,200,0,50,24,0,74,10,195,69,0,274,0,0,0,274
06/29/2016,ACK,MA,ANE,EN,Towers with Radar,9,144,72,0,225,0,34,24,0,58,9,178,96,0,283,0,0,0,283
06/30/2016,ACK,MA,ANE,EN,Towers with Radar,10,116,71,1,198,0,323,206,2,531,10,439,277,3,729,0,0,0,729
07/01/2016,ACK,MA,ANE,EN,Towers with Radar,19,234,125,0,378,0,306,222,0,528,19,540,347,0,906,0,0,0,906
07/02/2016,ACK,MA,ANE,EN,Towers with Radar,25,137,58,0,220,0,266,199,0,465,25,403,257,0,685,0,0,0,685
07/03/2016,ACK,MA,ANE,EN,Towers with Radar,18,53,45,1,117,0,190,172,0,362,18,243,217,1,479,0,0,0,479
07/04/2016,ACK,MA,ANE,EN,Towers with Radar,12,108,53,1,174,0,279,280,0,559,12,387,333,1,733,0,0,0,733
07/05/2016,ACK,MA,ANE,EN,Towers with Radar,16,305,138,0,459,0,52,28,0,80,16,357,166,0,539,0,0,0,539
07/06/2016,ACK,MA,ANE,EN,Towers with Radar,10,74,35,3,122,0,251,159,0,410,10,325,194,3,532,0,0,0,532
07/07/2016,ACK,MA,ANE,EN,Towers with Radar,10,203,105,0,318,0,42,29,0,71,10,245,134,0,389,0,0,0,389
07/08/2016,ACK,MA,ANE,EN,Towers with Radar,19,250,132,0,401,0,8,5,0,13,19,258,137,0,414,0,0,0,414
07/09/2016,ACK,MA,ANE,EN,Towers with Radar,23,209,91,0,323,0,14,16,0,30,23,223,107,0,353,0,0,0,353
07/10/2016,ACK,MA,ANE,EN,Towers with Radar,23,294,133,0,450,0,46,37,0,83,23,340,170,0,533,0,0,0,533
07/11/2016,ACK,MA,ANE,EN,Towers with Radar,12,139,60,0,211,0,172,128,0,300,12,311,188,0,511,0,0,0,511
07/12/2016,ACK,MA,ANE,EN,Towers with Radar,10,58,37,3,108,0,196,152,2,350,10,254,189,5,458,2,0,2,460
07/13/2016,ACK,MA,ANE,EN,Towers with Radar,11,67,32,0,110,0,188,147,0,335,11,255,179,0,445,0,0,0,445
07/14/2016,ACK,MA,ANE,EN,Towers with Radar,11,177,95,4,287,0,150,100,0,250,11,327,195,4,537,0,0,0,537
07/15/2016,ACK,MA,ANE,EN,Towers with Radar,18,156,76,0,250,0,207,156,0,363,18,363,232,0,613,0,0,0,613
07/16/2016,ACK,MA,ANE,EN,Towers with Radar,22,81,52,0,155,0,220,131,0,351,22,301,183,0,506,0,0,0,506
07/17/2016,ACK,MA,ANE,EN,Towers with Radar,22,259,157,0,438,0,14,9,0,23,22,273,166,0,461,0,0,0,461
07/18/2016,ACK,MA,ANE,EN,Towers with Radar,12,187,82,0,281,0,146,92,0,238,12,333,174,0,519,0,0,0,519
07/19/2016,ACK,MA,ANE,EN,Towers with Radar,10,62,36,2,110,0,187,145,2,334,10,249,181,4,444,1,2,3,447
07/20/2016,ACK,MA,ANE,EN,Towers with Radar,10,63,36,4,113,0,196,158,0,354,10,259,194,4,467,0,0,0,467
07/21/2016,ACK,MA,ANE,EN,Towers with Radar,10,87,35,0,132,0,251,200,0,451,10,338,235,0,583,0,0,0,583
07/22/2016,ACK,MA,ANE,EN,Towers with Radar,20,135,71,0,226,0,200,166,2,368,20,335,237,2,594,0,0,0,594
07/23/2016,ACK,MA,ANE,EN,Towers with Radar,21,86,40,4,151,0,203,145,1,349,21,289,185,5,500,0,6,6,506
07/24/2016,ACK,MA,ANE,EN,Towers with Radar,20,110,59,0,189,0,257,187,0,444,20,367,246,0,633,0,0,0,633
07/25/2016,ACK,MA,ANE,EN,Towers with Radar,12,102,36,0,150,0,192,143,0,335,12,294,179,0,485,0,0,0,485
07/26/2016,ACK,MA,ANE,EN,Towers with Radar,12,63,44,0,119,0,212,173,2,387,12,275,217,2,506,0,0,0,506
07/27/2016,ACK,MA,ANE,EN,Towers with Radar,10,83,40,0,133,0,204,147,0,351,10,287,187,0,484,0,0,0,484
07/28/2016,ACK,MA,ANE,EN,Towers with Radar,10,92,71,2,175,0,254,171,0,425,10,346,242,2,600,0,0,0,600
07/29/2016,ACK,MA,ANE,EN,Towers with Radar,18,263,71,0,352,0,121,93,0,214,18,384,164,0,566,0,0,0,566
07/30/2016,ACK,MA,ANE,EN,Towers with Radar,26,159,74,0,259,0,71,48,0,119,26,230,122,0,378,0,0,0,378
07/31/2016,ACK,MA,ANE,EN,Towers with Radar,19,234,112,4,369,0,155,110,0,265,19,389,222,4,634,0,0,0,634
08/01/2016,ACK,MA,ANE,EN,Towers with Radar,13,137,45,0,195,0,228,150,2,380,13,365,195,2,575,0,0,0,575
08/02/2016,ACK,MA,ANE,EN,Towers with Radar,10,105,50,0,165,0,190,123,0,313,10,295,173,0,478,0,0,0,478
08/03/2016,ACK,MA,ANE,EN,Towers with Radar,11,73,56,0,140,0,192,177,0,369,11,265,233,0,509,0,0,0,509
08/04/2016,ACK,MA,ANE,EN,Towers with Radar,10,103,37,0,150,0,231,175,0,406,10,334,212,0,556,0,0,0,556
08/05/2016,ACK,MA,ANE,EN,Towers with Radar,19,118,62,1,200,0,247,191,1,439,19,365,253,2,639,0,0,0,639
08/06/2016,ACK,MA,ANE,EN,Towers with Radar,22,182,76,1,281,0,122,83,0,205,22,304,159,1,486,0,0,0,486
08/07/2016,ACK,MA,ANE,EN,Towers with Radar,20,165,100,0,285,0,176,125,1,302,20,341,225,1,587,0,0,0,587
08/08/2016,ACK,MA,ANE,EN,Towers with Radar,12,117,75,2,206,0,201,116,0,317,12,318,191,2,523,0,0,0,523
08/09/2016,ACK,MA,ANE,EN,Towers with Radar,10,122,63,0,195,0,180,144,0,324,10,302,207,0,519,0,0,0,519
08/10/2016,ACK,MA,ANE,EN,Towers with Radar,10,147,79,0,236,0,100,58,0,158,10,247,137,0,394,0,0,0,394
08/11/2016,ACK,MA,ANE,EN,Towers with Radar,12,263,135,3,413,0,7,2,0,9,12,270,137,3,422,0,0,0,422
08/12/2016,ACK,MA,ANE,EN,Towers with Radar,17,294,162,0,473,0,35,13,0,48,17,329,175,0,521,0,0,0,521
08/13/2016,ACK,MA,ANE,EN,Towers with Radar,23,215,98,0,336,0,13,4,0,17,23,228,102,0,353,0,0,0,353
08/14/2016,ACK,MA,ANE,EN,Towers with Radar,20,212,110,0,342,0,138,93,0,231,20,350,203,0,573,0,0,0,573
08/15/2016,ACK,MA,ANE,EN,Towers with Radar,13,130,56,0,199,0,219,146,0,365,13,349,202,0,564,0,0,0,564
08/16/2016,ACK,MA,ANE,EN,Towers with Radar,10,96,39,0,145,0,144,90,0,234,10,240,129,0,379,0,0,0,379
08/17/2016,ACK,MA,ANE,EN,Towers with Radar,10,106,61,0,177,0,146,133,0,279,10,252,194,0,456,0,0,0,456
08/18/2016,ACK,MA,ANE,EN,Towers with Radar,11,138,60,0,209,0,222,142,0,364,11,360,202,0,573,0,0,0,573
08/19/2016,ACK,MA,ANE,EN,Towers with Radar,12,132,83,0,227,0,268,188,0,456,12,400,271,0,683,0,0,0,683
08/20/2016,ACK,MA,ANE,EN,Towers with Radar,12,92,74,0,178,0,180,113,0,293,12,272,187,0,471,0,0,0,471
08/21/2016,ACK,MA,ANE,EN,Towers with Radar,12,211,129,0,352,0,101,55,0,156,12,312,184,0,508,0,0,0,508
08/22/2016,ACK,MA,ANE,EN,Towers with Radar,11,130,69,4,214,0,186,129,2,317,11,316,198,6,531,0,0,0,531
08/23/2016,ACK,MA,ANE,EN,Towers with Radar,9,62,30,0,101,0,190,148,0,338,9,252,178,0,439,0,0,0,439
08/24/2016,ACK,MA,ANE,EN,Towers with Radar,8,56,30,0,94,0,200,134,2,336,8,256,164,2,430,4,6,10,440
08/25/2016,ACK,MA,ANE,EN,Towers with Radar,8,85,50,2,145,0,254,181,0,435,8,339,231,2,580,0,0,0,580
08/26/2016,ACK,MA,ANE,EN,Towers with Radar,10,183,83,0,276,0,171,128,3,302,10,354,211,3,578,0,0,0,578
08/27/2016,ACK,MA,ANE,EN,Towers with Radar,18,52,32,0,102,0,185,130,0,315,18,237,162,0,417,0,0,0,417
08/28/2016,ACK,MA,ANE,EN,Towers with Radar,18,93,55,0,166,0,225,163,0,388,18,318,218,0,554,0,0,0,554
08/29/2016,ACK,MA,ANE,EN,Towers with Radar,8,61,40,0,109,0,200,150,0,350,8,261,190,0,459,0,0,0,459
08/30/2016,ACK,MA,ANE,EN,Towers with Radar,8,36,26,0,70,0,171,160,2,333,8,207,186,2,403,8,0,8,411
08/31/2016,ACK,MA,ANE,EN,Towers with Radar,8,62,56,0,126,0,173,130,0,303,8,235,186,0,429,0,0,0,429
09/01/2016,ACK,MA,ANE,EN,Towers with Radar,10,176,67,0,253,0,175,108,0,283,10,351,175,0,536,0,0,0,536
09/02/2016,ACK,MA,ANE,EN,Towers with Radar,13,88,59,0,160,0,277,221,0,498,13,365,280,0,658,0,0,0,658
09/03/2016,ACK,MA,ANE,EN,Towers with Radar,18,64,38,0,120,0,197,134,0,331,18,261,172,0,451,0,0,0,451
09/04/2016,ACK,MA,ANE,EN,Towers with Radar,16,106,59,0,181,0,194,151,0,345,16,300,210,0,526,0,0,0,526
09/05/2016,ACK,MA,ANE,EN,Towers with Radar,22,132,52,0,206,1,67,24,0,92,23,199,76,0,298,0,0,0,298
09/06/2016,ACK,MA,ANE,EN,Towers with Radar,10,137,48,0,195,0,179,98,0,277,10,316,146,0,472,0,0,0,472
09/07/2016,ACK,MA,ANE,EN,Towers with Radar,6,89,24,3,122,0,160,80,0,240,6,249,104,3,362,0,0,0,362
09/08/2016,ACK,MA,ANE,EN,Towers with Radar,8,180,71,0,259,0,44,27,0,71,8,224,98,0,330,0,0,0,330
09/09/2016,ACK,MA,ANE,EN,Towers with Radar,8,78,52,0,138,0,227,140,1,368,8,305,192,1,506,0,0,0,506
09/10/2016,ACK,MA,ANE,EN,Towers with Radar,9,56,42,2,109,0,94,47,0,141,9,150,89,2,250,0,0,0,250
09/11/2016,ACK,MA,ANE,EN,Towers with Radar,9,157,62,2,230,0,83,63,0,146,9,240,125,2,376,0,0,0,376
09/12/2016,ACK,MA,ANE,EN,Towers with Radar,4,63,21,4,92,0,168,133,2,303,4,231,154,6,395,4,0,4,399
09/13/2016,ACK,MA,ANE,EN,Towers with Radar,4,40,20,0,64,0,162,101,0,263,4,202,121,0,327,4,0,4,331
09/14/2016,ACK,MA,ANE,EN,Towers with Radar,4,52,21,0,77,0,172,125,1,298,4,224,146,1,375,0,0,0,375
09/15/2016,ACK,MA,ANE,EN,Towers with Radar,4,73,27,2,106,0,181,110,10,301,4,254,137,12,407,0,6,6,413
09/16/2016,ACK,MA,ANE,EN,Towers with Radar,8,38,37,0,83,0,214,161,10,385,8,252,198,10,468,0,0,0,468
09/17/2016,ACK,MA,ANE,EN,Towers with Radar,6,31,30,0,67,0,163,114,0,277,6,194,144,0,344,2,0,2,346
09/18/2016,ACK,MA,ANE,EN,Towers with Radar,9,159,59,0,227,0,160,85,0,245,9,319,144,0,472,0,0,0,472
09/19/2016,ACK,MA,ANE,EN,Towers with Radar,4,123,49,0,176,0,77,54,0,131,4,200,103,0,307,0,0,0,307
09/20/2016,ACK,MA,ANE,EN,Towers with Radar,2,114,28,2,146,0,66,51,4,121,2,180,79,6,267,0,0,0,267
09/21/2016,ACK,MA,ANE,EN,Towers with Radar,2,73,39,0,114,0,124,91,2,217,2,197,130,2,331,0,0,0,331
09/22/2016,ACK,MA,ANE,EN,Towers with Radar,4,75,31,2,112,0,178,145,4,327,4,253,176,6,439,0,0,0,439
09/23/2016,ACK,MA,ANE,EN,Towers with Radar,8,106,41,0,155,0,222,138,0,360,8,328,179,0,515,3,0,3,518
09/24/2016,ACK,MA,ANE,EN,Towers with Radar,2,48,16,0,66,0,166,101,0,267,2,214,117,0,333,0,0,0,333
09/25/2016,ACK,MA,ANE,EN,Towers with Radar,8,102,51,0,161,0,189,133,0,322,8,291,184,0,483,0,0,0,483
09/26/2016,ACK,MA,ANE,EN,Towers with Radar,4,31,17,18,70,0,169,135,0,304,4,200,152,18,374,6,0,6,380
09/27/2016,ACK,MA,ANE,EN,Towers with Radar,2,79,35,2,118,0,24,22,0,46,2,103,57,2,164,0,0,0,164
09/28/2016,ACK,MA,ANE,EN,Towers with Radar,2,103,46,0,151,0,0,0,0,0,2,103,46,0,151,0,0,0,151
09/29/2016,ACK,MA,ANE,EN,Towers with Radar,4,129,41,14,188,0,73,61,0,134,4,202,102,14,322,0,0,0,322
09/30/2016,ACK,MA,ANE,EN,Towers with Radar,8,137,44,0,189,0,65,33,0,98,8,202,77,0,287,0,0,0,287
10/01/2016,ACK,MA,ANE,EN,Towers with Radar,2,76,22,0,100,0,0,0,0,0,2,76,22,0,100,0,0,0,100
10/02/2016,ACK,MA,ANE,EN,Towers with Radar,8,145,37,0,190,0,0,0,0,0,8,145,37,0,190,0,0,0,190
10/03/2016,ACK,MA,ANE,EN,Towers with Radar,4,100,45,4,153,0,90,77,0,167,4,190,122,4,320,0,0,0,320
10/04/2016,ACK,MA,ANE,EN,Towers with Radar,2,64,27,0,93,0,126,73,0,199,2,190,100,0,292,0,0,0,292
10/05/2016,ACK,MA,ANE,EN,Towers with Radar,2,63,31,0,96,0,87,73,0,160,2,150,104,0,256,0,0,0,256
10/06/2016,ACK,MA,ANE,EN,Towers with Radar,6,68,16,2,92,0,185,118,0,303,6,253,134,2,395,0,0,0,395
10/07/2016,ACK,MA,ANE,EN,Towers with Radar,9,100,29,2,140,0,205,126,0,331,9,305,155,2,471,0,0,0,471
10/08/2016,ACK,MA,ANE,EN,Towers with Radar,2,39,32,0,73,0,136,82,0,218,2,175,114,0,291,0,0,0,291
10/09/2016,ACK,MA,ANE,EN,Towers with Radar,6,96,44,1,147,0,20,3,0,23,6,116,47,1,170,0,0,0,170
10/10/2016,ACK,MA,ANE,EN,Towers with Radar,8,87,22,0,117,0,175,120,0,295,8,262,142,0,412,0,0,0,412
10/11/2016,ACK,MA,ANE,EN,Towers with Radar,2,38,12,6,58,0,136,130,20,286,2,174,142,26,344,0,0,0,344
10/12/2016,ACK,MA,ANE,EN,Towers with Radar,0,38,24,1,63,0,139,118,1,258,0,177,142,2,321,0,0,0,321
10/13/2016,ACK,MA,ANE,EN,Towers with Radar,0,57,21,0,78,0,153,105,0,258,0,210,126,0,336,8,0,8,344
10/14/2016,ACK,MA,ANE,EN,Towers with Radar,6,29,15,2,52,0,149,113,0,262,6,178,128,2,314,0,0,0,314
10/15/2016,ACK,MA,ANE,EN,Towers with Radar,0,18,13,0,31,0,121,84,0,205,0,139,97,0,236,0,0,0,236
10/16/2016,ACK,MA,ANE,EN,Towers with Radar,6,45,10,0,61,0,127,104,0,231,6,172,114,0,292,0,0,0,292
10/17/2016,ACK,MA,ANE,EN,Towers with Radar,0,19,11,2,32,0,133,106,0,239,0,152,117,2,271,0,0,0,271
10/18/2016,ACK,MA,ANE,EN,Towers with Radar,0,39,18,2,59,0,93,74,0,167,0,132,92,2,226,0,0,0,226
10/19/2016,ACK,MA,ANE,EN,Towers with Radar,0,21,9,2,32,0,132,77,2,211,0,153,86,4,243,0,0,0,243
10/20/2016,ACK,MA,ANE,EN,Towers with Radar,0,35,12,0,47,0,159,98,2,259,0,194,110,2,306,0,0,0,306
10/21/2016,ACK,MA,ANE,EN,Towers with Radar,2,54,29,2,87,0,59,35,0,94,2,113,64,2,181,0,0,0,181
10/22/2016,ACK,MA,ANE,EN,Towers with Radar,0,47,19,0,66,0,16,16,0,32,0,63,35,0,98,0,0,0,98
10/23/2016,ACK,MA,ANE,EN,Towers with Radar,4,19,17,0,40,0,123,83,0,206,4,142,100,0,246,0,0,0,246
10/24/2016,ACK,MA,ANE,EN,Towers with Radar,0,21,4,4,29,0,97,69,2,168,0,118,73,6,197,0,0,0,197
10/25/2016,ACK,MA,ANE,EN,Towers with Radar,0,14,6,0,20,0,122,105,0,227,0,136,111,0,247,0,0,0,247
10/26/2016,ACK,MA,ANE,EN,Towers with Radar,0,19,9,2,30,0,143,82,3,228,0,162,91,5,258,0,0,0,258
10/27/2016,ACK,MA,ANE,EN,Towers with Radar,0,22,10,0,32,0,142,87,0,229,0,164,97,0,261,0,0,0,261
10/28/2016,ACK,MA,ANE,EN,Towers with Radar,2,58,22,2,84,0,64,32,0,96,2,122,54,2,180,0,0,0,180
10/29/2016,ACK,MA,ANE,EN,Towers with Radar,0,21,8,4,33,0,118,78,2,198,0,139,86,6,231,0,0,0,231
10/30/2016,ACK,MA,ANE,EN,Towers with Radar,0,20,10,0,30,0,120,93,0,213,0,140,103,0,243,0,0,0,243
10/31/2016,ACK,MA,ANE,EN,Towers with Radar,0,40,8,5,53,0,98,84,1,183,0,138,92,6,236,0,0,0,236
11/01/2016,ACK,MA,ANE,EN,Towers with Radar,0,6,6,4,16,0,132,98,2,232,0,138,104,6,248,0,0,0,248
11/02/2016,ACK,MA,ANE,EN,Towers with Radar,0,24,6,0,30,0,155,82,0,237,0,179,88,0,267,0,0,0,267
11/03/2016,ACK,MA,ANE,EN,Towers with Radar,0,37,21,0,58,0,28,24,0,52,0,65,45,0,110,0,0,0,110
11/04/2016,ACK,MA,ANE,EN,Towers with Radar,0,29,17,0,46,0,127,87,0,214,0,156,104,0,260,0,0,0,260
11/05/2016,ACK,MA,ANE,EN,Towers with Radar,0,8,16,0,24,0,136,109,0,245,0,144,125,0,269,0,0,0,269
11/06/2016,ACK,MA,ANE,EN,Towers with Radar,0,24,13,0,37,0,85,52,0,137,0,109,65,0,174,0,0,0,174
11/07/2016,ACK,MA,ANE,EN,Towers with Radar,0,20,11,2,33,0,106,80,0,186,0,126,91,2,219,0,0,0,219
11/08/2016,ACK,MA,ANE,EN,Towers with Radar,0,7,5,0,12,0,119,90,2,211,0,126,95,2,223,0,0,0,223
11/09/2016,ACK,MA,ANE,EN,Towers with Radar,0,12,7,0,19,0,137,88,0,225,0,149,95,0,244,0,0,0,244
11/10/2016,ACK,MA,ANE,EN,Towers with Radar,0,24,6,2,32,0,133,80,4,217,0,157,86,6,249,0,0,0,249
11/11/2016,ACK,MA,ANE,EN,Towers with Radar,0,23,6,0,29,0,101,80,0,181,0,124,86,0,210,0,0,0,210
11/12/2016,ACK,MA,ANE,EN,Towers with Radar,0,8,5,0,13,0,105,91,0,196,0,113,96,0,209,0,0,0,209
11/13/2016,ACK,MA,ANE,EN,Towers with Radar,0,17,6,0,23,0,89,75,0,164,0,106,81,0,187,0,0,0,187
11/14/2016,ACK,MA,ANE,EN,Towers with Radar,0,11,4,11,26,0,135,110,0,245,0,146,114,11,271,0,0,0,271
11/15/2016,ACK,MA,ANE,EN,Towers with Radar,0,28,11,4,43,0,80,64,2,146,0,108,75,6,189,0,0,0,189
11/16/2016,ACK,MA,ANE,EN,Towers with Radar,0,27,6,0,33,0,118,86,0,204,0,145,92,0,237,0,0,0,237
11/17/2016,ACK,MA,ANE,EN,Towers with Radar,0,37,15,0,52,0,138,68,0,206,0,175,83,0,258,0,0,0,258
11/18/2016,ACK,MA,ANE,EN,Towers with Radar,0,35,14,0,49,0,130,84,2,216,0,165,98,2,265,0,0,0,265
11/19/2016,ACK,MA,ANE,EN,Towers with Radar,0,42,30,0,72,0,0,0,0,0,0,42,30,0,72,0,0,0,72
11/20/2016,ACK,MA,ANE,EN,Towers with Radar,0,26,7,0,33,0,94,58,0,152,0,120,65,0,185,0,0,0,185
11/21/2016,ACK,MA,ANE,EN,Towers with Radar,0,19,12,4,35,0,173,103,0,276,0,192,115,4,311,0,0,0,311
11/22/2016,ACK,MA,ANE,EN,Towers with Radar,0,49,19,2,70,0,167,110,0,277,0,216,129,2,347,0,0,0,347
11/23/2016,ACK,MA,ANE,EN,Towers with Radar,0,49,27,0,76,0,198,136,0,334,0,247,163,0,410,0,0,0,410
11/24/2016,ACK,MA,ANE,EN,Towers with Radar,0,18,5,0,23,0,75,33,0,108,0,93,38,0,131,0,0,0,131
11/25/2016,ACK,MA,ANE,EN,Towers with Radar,0,44,12,0,56,0,90,71,0,161,0,134,83,0,217,0,0,0,217
11/26/2016,ACK,MA,ANE,EN,Towers with Radar,0,76,47,4,127,0,15,23,1,39,0,91,70,5,166,0,0,0,166
11/27/2016,ACK,MA,ANE,EN,Towers with Radar,0,38,38,0,76,0,139,122,0,261,0,177,160,0,337,0,0,0,337
11/28/2016,ACK,MA,ANE,EN,Towers with Radar,0,11,5,5,21,0,146,106,7,259,0,157,111,12,280,0,0,0,280
11/29/2016,ACK,MA,ANE,EN,Towers with Radar,0,30,13,0,43,0,89,64,0,153,0,119,77,0,196,0,0,0,196
11/30/2016,ACK,MA,ANE,EN,Towers with Radar,0,62,40,0,102,0,7,4,0,11,0,69,44,0,113,0,0,0,113
12/01/2016,ACK,MA,ANE,EN,Towers with Radar,0,77,32,0,109,0,156,100,0,256,0,233,132,0,365,0,0,0,365
12/02/2016,ACK,MA,ANE,EN,Towers with Radar,0,77,40,0,117,0,208,152,0,360,0,285,192,0,477,0,0,0,477
12/03/2016,ACK,MA,ANE,EN,Towers with Radar,0,22,20,0,42,0,151,152,0,303,0,173,172,0,345,0,0,0,345
12/04/2016,ACK,MA,ANE,EN,Towers with Radar,0,106,54,0,160,0,193,232,0,425,0,299,286,0,585,0,0,0,585
12/05/2016,ACK,MA,ANE,EN,Towers with Radar,0,49,19,4,72,0,104,92,0,196,0,153,111,4,268,0,0,0,268
12/06/2016,ACK,MA,ANE,EN,Towers with Radar,0,17,3,1,21,0,128,83,0,211,0,145,86,1,232,0,0,0,232
12/07/2016,ACK,MA,ANE,EN,Towers with Radar,0,40,5,0,45,0,97,58,0,155,0,137,63,0,200,0,0,0,200
12/08/2016,ACK,MA,ANE,EN,Towers with Radar,0,21,3,0,24,0,106,70,0,176,0,127,73,0,200,0,0,0,200
12/09/2016,ACK,MA,ANE,EN,Towers with Radar,0,12,3,0,15,0,131,89,0,220,0,143,92,0,235,0,0,0,235
12/10/2016,ACK,MA,ANE,EN,Towers with Radar,0,7,3,0,10,0,106,68,0,174,0,113,71,0,184,0,0,0,184
12/11/2016,ACK,MA,ANE,EN,Towers with Radar,0,15,5,0,20,0,86,58,0,144,0,101,63,0,164,0,0,0,164
12/12/2016,ACK,MA,ANE,EN,Towers with Radar,0,50,22,2,74,0,34,30,2,66,0,84,52,4,140,0,0,0,140
12/13/2016,ACK,MA,ANE,EN,Towers with Radar,0,14,2,2,18,0,112,88,4,204,0,126,90,6,222,0,0,0,222
12/14/2016,ACK,MA,ANE,EN,Towers with Radar,0,11,0,0,11,0,119,77,0,196,0,130,77,0,207,0,0,0,207
12/15/2016,ACK,MA,ANE,EN,Towers with Radar,0,12,8,0,20,0,96,53,0,149,0,108,61,0,169,0,0,0,169
12/16/2016,ACK,MA,ANE,EN,Towers with Radar,0,13,3,0,16,0,114,69,0,183,0,127,72,0,199,0,0,0,199
12/17/2016,ACK,MA,ANE,EN,Towers with Radar,0,23,5,1,29,0,19,18,0,37,0,42,23,1,66,0,0,0,66
12/18/2016,ACK,MA,ANE,EN,Towers with Radar,0,8,4,0,12,0,14,10,0,24,0,22,14,0,36,0,0,0,36
12/19/2016,ACK,MA,ANE,EN,Towers with Radar,0,21,4,0,25,0,82,71,0,153,0,103,75,0,178,0,0,0,178
12/20/2016,ACK,MA,ANE,EN,Towers with Radar,0,12,2,0,14,0,128,81,0,209,0,140,83,0,223,0,0,0,223
12/21/2016,ACK,MA,ANE,EN,Towers with Radar,0,17,4,0,21,0,119,88,2,209,0,136,92,2,230,4,6,10,240
12/22/2016,ACK,MA,ANE,EN,Towers with Radar,0,22,4,0,26,0,95,73,0,168,0,117,77,0,194,0,0,0,194
12/23/2016,ACK,MA,ANE,EN,Towers with Radar,0,19,5,0,24,0,144,94,0,238,0,163,99,0,262,0,0,0,262
12/24/2016,ACK,MA,ANE,EN,Towers with Radar,0,15,3,0,18,0,97,64,0,161,0,112,67,0,179,0,0,0,179
12/25/2016,ACK,MA,ANE,EN,Towers with Radar,0,0,0,0,0,0,55,41,0,96,0,55,41,0,96,0,0,0,96
12/26/2016,ACK,MA,ANE,EN,Towers with Radar,0,8,3,0,11,0,105,59,2,166,0,113,62,2,177,0,0,0,177
12/27/2016,ACK,MA,ANE,EN,Towers with Radar,0,50,19,0,69,0,13,7,0,20,0,63,26,0,89,0,0,0,89
12/28/2016,ACK,MA,ANE,EN,Towers with Radar,0,11,5,4,20,0,126,81,2,209,0,137,86,6,229,0,10,10,239
12/29/2016,ACK,MA,ANE,EN,Towers with Radar,0,27,10,0,37,0,95,42,0,137,0,122,52,0,174,0,0,0,174
12/30/2016,ACK,MA,ANE,EN,Towers with Radar,0,18,1,0,19,0,119,78,0,197,0,137,79,0,216,0,0,0,216
12/31/2016,ACK,MA,ANE,EN,Towers with Radar,0,11,11,0,22,0,103,57,0,160,0,114,68,0,182,0,0,0,182
01/01/2017,ACK,MA,ANE,EN,Towers with Radar,0,6,4,0,10,0,88,45,0,133,0,94,49,0,143,0,0,0,143
01/02/2017,ACK,MA,ANE,EN,Towers with Radar,0,6,10,0,16,0,97,70,0,167,0,103,80,0,183,0,0,0,183
01/03/2017,ACK,MA,ANE,EN,Towers with Radar,0,48,32,0,80,0,15,8,0,23,0,63,40,0,103,0,0,0,103
01/04/2017,ACK,MA,ANE,EN,Towers with Radar,0,47,21,3,71,0,80,37,1,118,0,127,58,4,189,0,0,0,189
01/05/2017,ACK,MA,ANE,EN,Towers with Radar,0,10,0,0,10,0,110,69,0,179,0,120,69,0,189,0,0,0,189
01/06/2017,ACK,MA,ANE,EN,Towers with Radar,0,21,2,0,23,0,47,42,0,89,0,68,44,0,112,0,0,0,112
01/07/2017,ACK,MA,ANE,EN,Towers with Radar,0,2,0,0,2,0,12,0,0,12,0,14,0,0,14,0,0,0,14
01/08/2017,ACK,MA,ANE,EN,Towers with Radar,0,0,0,0,0,0,2,0,0,2,0,2,0,0,2,0,0,0,2
01/09/2017,ACK,MA,ANE,EN,Towers with Radar,0,6,1,11,18,0,64,53,6,123,0,70,54,17,141,0,0,0,141
01/10/2017,ACK,MA,ANE,EN,Towers with Radar,0,19,1,8,28,0,122,83,1,206,0,141,84,9,234,0,0,0,234
01/11/2017,ACK,MA,ANE,EN,Towers with Radar,0,27,9,12,48,0,98,52,4,154,0,125,61,16,202,8,0,8,210
01/12/2017,ACK,MA,ANE,EN,Towers with Radar,0,33,8,0,41,0,90,61,0,151,0,123,69,0,192,0,0,0,192
01/13/2017,ACK,MA,ANE,EN,Towers with Radar,0,6,2,0,8,0,137,95,0,232,0,143,97,0,240,0,0,0,240
01/14/2017,ACK,MA,ANE,EN,Towers with Radar,0,4,3,0,7,0,102,67,0,169,0,106,70,0,176,0,0,0,176
01/15/2017,ACK,MA,ANE,EN,Towers with Radar,0,3,5,0,8,0,98,91,0,189,0,101,96,0,197,0,0,0,197
01/16/2017,ACK,MA,ANE,EN,Towers with Radar,0,13,2,0,15,0,125,100,0,225,0,138,102,0,240,0,0,0,240
01/17/2017,ACK,MA,ANE,EN,Towers with Radar,0,12,0,0,12,0,118,77,0,195,0,130,77,0,207,0,0,0,207
01/18/2017,ACK,MA,ANE,EN,Towers with Radar,0,58,33,0,91,0,0,0,0,0,0,58,33,0,91,0,0,0,91
01/19/2017,ACK,MA,ANE,EN,Towers with Radar,0,39,18,8,65,0,103,66,0,169,0,142,84,8,234,0,0,0,234
01/20/2017,ACK,MA,ANE,EN,Towers with Radar,0,28,6,0,34,0,126,95,0,221,0,154,101,0,255,0,0,0,255
01/21/2017,ACK,MA,ANE,EN,Towers with Radar,0,29,18,0,47,0,0,0,0,0,0,29,18,0,47,0,0,0,47
01/22/2017,ACK,MA,ANE,EN,Towers with Radar,0,23,5,0,28,0,39,47,0,86,0,62,52,0,114,0,0,0,114
01/23/2017,ACK,MA,ANE,EN,Towers with Radar,0,42,2,0,44,0,53,47,0,100,0,95,49,0,144,0,0,0,144
01/24/2017,ACK,MA,ANE,EN,Towers with Radar,0,36,20,0,56,0,1,1,0,2,0,37,21,0,58,0,0,0,58
01/25/2017,ACK,MA,ANE,EN,Towers with Radar,0,22,3,4,29,0,104,71,3,178,0,126,74,7,207,0,0,0,207
01/26/2017,ACK,MA,ANE,EN,Towers with Radar,0,13,6,22,41,0,105,59,0,164,0,118,65,22,205,0,0,0,205
01/27/2017,ACK,MA,ANE,EN,Towers with Radar,0,7,5,0,12,0,113,91,0,204,0,120,96,0,216,0,0,0,216
01/28/2017,ACK,MA,ANE,EN,Towers with Radar,0,1,2,0,3,0,113,84,0,197,0,114,86,0,200,0,0,0,200
01/29/2017,ACK,MA,ANE,EN,Towers with Radar,0,13,1,0,14,0,77,54,0,131,0,90,55,0,145,0,0,0,145
01/30/2017,ACK,MA,ANE,EN,Towers with Radar,0,15,0,0,15,0,117,81,0,198,0,132,81,0,213,0,0,0,213
01/31/2017,ACK,MA,ANE,EN,Towers with Radar,0,23,12,4,39,0,58,48,2,108,0,81,60,6,147,0,0,0,147
02/01/2017,ACK,MA,ANE,EN,Towers with Radar,0,24,4,7,35,0,123,73,13,209,0,147,77,20,244,0,0,0,244
02/02/2017,ACK,MA,ANE,EN,Towers with Radar,0,17,6,12,35,0,126,74,13,213,0,143,80,25,248,0,0,0,248
02/03/2017,ACK,MA,ANE,EN,Towers with Radar,0,10,4,0,14,0,132,89,0,221,0,142,93,0,235,0,0,0,235
02/04/2017,ACK,MA,ANE,EN,Towers with Radar,0,3,5,0,8,0,93,80,0,173,0,96,85,0,181,0,0,0,181
02/05/2017,ACK,MA,ANE,EN,Towers with Radar,0,1,4,0,5,0,79,51,0,130,0,80,55,0,135,0,0,0,135
02/06/2017,ACK,MA,ANE,EN,Towers with Radar,0,8,7,0,15,0,124,77,0,201,0,132,84,0,216,0,0,0,216
02/07/2017,ACK,MA,ANE,EN,Towers with Radar,0,40,8,0,48,0,62,40,0,102,0,102,48,0,150,0,0,0,150
02/08/2017,ACK,MA,ANE,EN,Towers with Radar,0,55,13,2,70,0,38,20,0,58,0,93,33,2,128,0,0,0,128
02/09/2017,ACK,MA,ANE,EN,Towers with Radar,0,0,1,0,1,0,0,1,0,1,0,0,2,0,2,0,0,0,2
02/10/2017,ACK,MA,ANE,EN,Towers with Radar,0,3,0,0,3,0,38,34,0,72,0,41,34,0,75,0,0,0,75
02/11/2017,ACK,MA,ANE,EN,Towers with Radar,0,22,7,0,29,0,36,25,0,61,0,58,32,0,90,0,0,0,90
02/12/2017,ACK,MA,ANE,EN,Towers with Radar,0,14,1,0,15,0,25,16,0,41,0,39,17,0,56,0,0,0,56
02/13/2017,ACK,MA,ANE,EN,Towers with Radar,0,0,0,0,0,0,0,0,0,0,0,0,0,0,0,0,0,0,0
02/14/2017,ACK,MA,ANE,EN,Towers with Radar,0,19,0,0,19,0,105,116,0,221,0,124,116,0,240,0,0,0,240
02/15/2017,ACK,MA,ANE,EN,Towers with Radar,0,35,11,0,46,0,77,47,0,124,0,112,58,0,170,0,0,0,170
02/16/2017,ACK,MA,ANE,EN,Towers with Radar,0,11,3,0,14,0,70,50,0,120,0,81,53,0,134,0,0,0,134
02/17/2017,ACK,MA,ANE,EN,Towers with Radar,0,16,2,0,18,0,122,78,1,201,0,138,80,1,219,0,0,0,219
02/18/2017,ACK,MA,ANE,EN,Towers with Radar,0,4,2,0,6,0,116,79,0,195,0,120,81,0,201,0,0,0,201
02/19/2017,ACK,MA,ANE,EN,Towers with Radar,0,12,3,0,15,0,107,90,0,197,0,119,93,0,212,0,0,0,212
02/20/2017,ACK,MA,ANE,EN,Towers with Radar,0,13,4,0,17,0,119,95,0,214,0,132,99,0,231,0,0,0,231
02/21/2017,ACK,MA,ANE,EN,Towers with Radar,0,9,5,3,17,0,105,73,0,178,0,114,78,3,195,0,2,2,197
02/22/2017,ACK,MA,ANE,EN,Towers with Radar,0,11,3,2,16,0,109,75,0,184,0,120,78,2,200,0,2,2,202
02/23/2017,ACK,MA,ANE,EN,Towers with Radar,0,50,17,0,67,0,36,14,0,50,0,86,31,0,117,0,0,0,117
02/24/2017,ACK,MA,ANE,EN,Towers with Radar,0,21,7,2,30,0,114,84,2,200,0,135,91,4,230,0,0,0,230
02/25/2017,ACK,MA,ANE,EN,Towers with Radar,0,29,8,0,37,0,60,39,0,99,0,89,47,0,136,0,0,0,136
02/26/2017,ACK,MA,ANE,EN,Towers with Radar,0,2,5,0,7,0,80,56,0,136,0,82,61,0,143,0,0,0,143
02/27/2017,ACK,MA,ANE,EN,Towers with Radar,0,14,0,3,17,0,107,78,1,186,0,121,78,4,203,0,0,0,203
02/28/2017,ACK,MA,ANE,EN,Towers with Radar,0,39,0,18,57,0,87,62,7,156,0,126,62,25,213,0,0,0,213
03/01/2017,ACK,MA,ANE,EN,Towers with Radar,0,14,11,0,25,0,0,0,0,0,0,14,11,0,25,0,0,0,25
03/02/2017,ACK,MA,ANE,EN,Towers with Radar,0,6,0,0,6,0,118,65,0,183,0,124,65,0,189,0,0,0,189
03/03/2017,ACK,MA,ANE,EN,Towers with Radar,0,9,3,0,12,0,145,92,0,237,0,154,95,0,249,0,0,0,249
03/04/2017,ACK,MA,ANE,EN,Towers with Radar,0,5,0,0,5,0,67,54,0,121,0,72,54,0,126,0,0,0,126
03/05/2017,ACK,MA,ANE,EN,Towers with Radar,0,8,3,0,11,0,94,77,0,171,0,102,80,0,182,0,0,0,182
03/06/2017,ACK,MA,ANE,EN,Towers with Radar,0,28,13,1,42,0,93,76,2,171,0,121,89,3,213,0,0,0,213
03/07/2017,ACK,MA,ANE,EN,Towers with Radar,0,21,7,4,32,0,88,66,4,158,0,109,73,8,190,0,0,0,190
03/08/2017,ACK,MA,ANE,EN,Towers with Radar,0,38,16,0,54,0,53,39,0,92,0,91,55,0,146,8,0,8,154
03/09/2017,ACK,MA,ANE,EN,Towers with Radar,0,18,10,0,28,0,114,68,0,182,0,132,78,0,210,0,0,0,210
03/10/2017,ACK,MA,ANE,EN,Towers with Radar,0,0,8,0,8,0,0,0,0,0,0,0,8,0,8,0,0,0,8
03/11/2017,ACK,MA,ANE,EN,Towers with Radar,0,10,2,0,12,0,73,58,0,131,0,83,60,0,143,0,0,0,143
03/12/2017,ACK,MA,ANE,EN,Towers with Radar,0,5,5,0,10,0,93,68,0,161,0,98,73,0,171,0,0,0,171
03/13/2017,ACK,MA,ANE,EN,Towers with Radar,0,11,5,0,16,0,105,97,2,204,0,116,102,2,220,0,0,0,220
03/14/2017,ACK,MA,ANE,EN,Towers with Radar,0,0,0,0,0,0,5,6,0,11,0,5,6,0,11,0,0,0,11
03/15/2017,ACK,MA,ANE,EN,Towers with Radar,0,28,3,0,31,0,106,72,0,178,0,134,75,0,209,0,0,0,209
03/16/2017,ACK,MA,ANE,EN,Towers with Radar,0,6,1,0,7,0,103,68,0,171,0,109,69,0,178,0,0,0,178
03/17/2017,ACK,MA,ANE,EN,Towers with Radar,0,7,9,0,16,0,177,100,0,277,0,184,109,0,293,8,0,8,301
03/18/2017,ACK,MA,ANE,EN,Towers with Radar,0,2,5,0,7,0,101,80,0,181,0,103,85,0,188,0,0,0,188
03/19/2017,ACK,MA,ANE,EN,Towers with Radar,0,20,2,0,22,0,0,0,0,0,0,20,2,0,22,0,0,0,22
03/20/2017,ACK,MA,ANE,EN,Towers with Radar,0,18,3,0,21,0,115,102,0,217,0,133,105,0,238,0,0,0,238
03/21/2017,ACK,MA,ANE,EN,Towers with Radar,0,13,3,2,18,0,80,120,4,204,0,93,123,6,222,0,0,0,222
03/22/2017,ACK,MA,ANE,EN,Towers with Radar,0,9,1,0,10,0,48,85,0,133,0,57,86,0,143,0,0,0,143
03/23/2017,ACK,MA,ANE,EN,Towers with Radar,0,5,6,0,11,0,78,120,0,198,0,83,126,0,209,0,0,0,209
03/24/2017,ACK,MA,ANE,EN,Towers with Radar,0,14,1,0,15,0,58,95,0,153,0,72,96,0,168,0,0,0,168
03/25/2017,ACK,MA,ANE,EN,Towers with Radar,0,16,13,0,29,0,48,57,0,105,0,64,70,0,134,0,0,0,134
03/26/2017,ACK,MA,ANE,EN,Towers with Radar,0,7,7,8,22,0,53,76,8,137,0,60,83,16,159,0,0,0,159
03/27/2017,ACK,MA,ANE,EN,Towers with Radar,0,44,13,0,57,0,0,0,0,0,0,44,13,0,57,0,0,0,57
03/28/2017,ACK,MA,ANE,EN,Towers with Radar,0,63,12,1,76,0,3,14,0,17,0,66,26,1,93,0,0,0,93
03/29/2017,ACK,MA,ANE,EN,Towers with Radar,0,44,16,3,63,0,40,39,6,85,0,84,55,9,148,0,0,0,148
03/30/2017,ACK,MA,ANE,EN,Towers with Radar,0,20,9,5,34,0,84,101,3,188,0,104,110,8,222,4,6,10,232
03/31/2017,ACK,MA,ANE,EN,Towers with Radar,0,40,14,0,54,0,60,78,0,138,0,100,92,0,192,0,0,0,192
04/01/2017,ACK,MA,ANE,EN,Towers with Radar,0,19,0,0,19,0,0,0,0,0,0,19,0,0,19,0,0,0,19
04/02/2017,ACK,MA,ANE,EN,Towers with Radar,0,17,2,0,19,0,48,84,0,132,0,65,86,0,151,0,0,0,151
04/03/2017,ACK,MA,ANE,EN,Towers with Radar,0,11,2,4,17,0,79,101,2,182,0,90,103,6,199,0,6,6,205
04/04/2017,ACK,MA,ANE,EN,Towers with Radar,0,28,7,0,35,0,13,17,0,30,0,41,24,0,65,0,0,0,65
04/05/2017,ACK,MA,ANE,EN,Towers with Radar,0,63,19,0,82,0,29,36,0,65,0,92,55,0,147,0,0,0,147
04/06/2017,ACK,MA,ANE,EN,Towers with Radar,0,42,16,0,58,0,0,0,0,0,0,42,16,0,58,0,0,0,58
04/07/2017,ACK,MA,ANE,EN,Towers with Radar,0,19,3,2,24,0,65,93,0,158,0,84,96,2,182,0,0,0,182
04/08/2017,ACK,MA,ANE,EN,Towers with Radar,0,9,4,0,13,0,53,73,0,126,0,62,77,0,139,0,0,0,139
04/09/2017,ACK,MA,ANE,EN,Towers with Radar,0,2,8,3,13,0,68,110,3,181,0,70,118,6,194,0,0,0,194
04/10/2017,ACK,MA,ANE,EN,Towers with Radar,0,9,4,4,17,0,87,97,10,194,0,96,101,14,211,0,0,0,211
04/11/2017,ACK,MA,ANE,EN,Towers with Radar,0,8,10,4,22,0,74,82,5,161,0,82,92,9,183,0,0,0,183
04/12/2017,ACK,MA,ANE,EN,Towers with Radar,0,25,5,0,30,0,76,78,0,154,0,101,83,0,184,0,0,0,184
04/13/2017,ACK,MA,ANE,EN,Towers with Radar,0,26,8,0,34,0,117,101,1,219,0,143,109,1,253,0,0,0,253
04/14/2017,ACK,MA,ANE,EN,Towers with Radar,0,15,13,0,28,0,106,135,0,241,0,121,148,0,269,0,0,0,269
04/15/2017,ACK,MA,ANE,EN,Towers with Radar,0,7,5,0,12,0,73,93,0,166,0,80,98,0,178,0,0,0,178
04/16/2017,ACK,MA,ANE,EN,Towers with Radar,0,30,12,0,42,0,34,40,0,74,0,64,52,0,116,6,0,6,122
04/17/2017,ACK,MA,ANE,EN,Towers with Radar,0,12,8,0,20,0,102,141,0,243,0,114,149,0,263,0,0,0,263
04/18/2017,ACK,MA,ANE,EN,Towers with Radar,0,20,2,2,24,0,87,109,3,199,0,107,111,5,223,0,0,0,223
04/19/2017,ACK,MA,ANE,EN,Towers with Radar,0,42,3,11,56,0,77,115,4,196,0,119,118,15,252,0,0,0,252
04/20/2017,ACK,MA,ANE,EN,Towers with Radar,0,77,30,2,109,0,1,4,0,5,0,78,34,2,114,0,0,0,114
04/21/2017,ACK,MA,ANE,EN,Towers with Radar,0,65,36,0,101,0,35,76,0,111,0,100,112,0,212,0,0,0,212
04/22/2017,ACK,MA,ANE,EN,Towers with Radar,0,52,19,0,71,0,0,0,0,0,0,52,19,0,71,0,0,0,71
04/23/2017,ACK,MA,ANE,EN,Towers with Radar,0,8,7,0,15,0,73,130,0,203,0,81,137,0,218,0,0,0,218
04/24/2017,ACK,MA,ANE,EN,Towers with Radar,0,18,6,0,24,0,93,113,0,206,0,111,119,0,230,0,0,0,230
04/25/2017,ACK,MA,ANE,EN,Towers with Radar,0,53,9,0,62,0,9,21,0,30,0,62,30,0,92,0,0,0,92
04/26/2017,ACK,MA,ANE,EN,Towers with Radar,0,33,23,0,56,0,0,0,0,0,0,33,23,0,56,0,0,0,56
04/27/2017,ACK,MA,ANE,EN,Towers with Radar,0,105,48,0,153,0,3,10,0,13,0,108,58,0,166,0,0,0,166
04/28/2017,ACK,MA,ANE,EN,Towers with Radar,0,104,43,0,147,0,46,60,0,106,0,150,103,0,253,0,0,0,253
04/29/2017,ACK,MA,ANE,EN,Towers with Radar,0,47,32,0,79,0,17,25,0,42,0,64,57,0,121,10,0,10,131
04/30/2017,ACK,MA,ANE,EN,Towers with Radar,0,67,36,0,103,0,154,184,0,338,0,221,220,0,441,0,0,0,441
05/01/2017,ACK,MA,ANE,EN,Towers with Radar,0,76,32,0,108,0,0,0,0,0,0,76,32,0,108,0,0,0,108
05/02/2017,ACK,MA,ANE,EN,Towers with Radar,0,51,17,0,68,0,18,27,0,45,0,69,44,0,113,0,0,0,113
05/03/2017,ACK,MA,ANE,EN,Towers with Radar,0,11,3,0,14,0,107,120,0,227,0,118,123,0,241,0,0,0,241
05/04/2017,ACK,MA,ANE,EN,Towers with Radar,0,14,9,3,26,0,126,117,1,244,0,140,126,4,270,0,0,0,270
05/05/2017,ACK,MA,ANE,EN,Towers with Radar,0,40,17,0,57,0,46,49,0,95,0,86,66,0,152,0,0,0,152
05/06/2017,ACK,MA,ANE,EN,Towers with Radar,0,54,12,0,66,0,12,19,0,31,0,66,31,0,97,0,0,0,97
05/07/2017,ACK,MA,ANE,EN,Towers with Radar,0,29,5,0,34,0,90,98,0,188,0,119,103,0,222,0,0,0,222
05/08/2017,ACK,MA,ANE,EN,Towers with Radar,0,24,3,0,27,0,129,135,0,264,0,153,138,0,291,2,0,2,293
05/09/2017,ACK,MA,ANE,EN,Towers with Radar,0,16,3,0,19,0,102,125,8,235,0,118,128,8,254,2,0,2,256
05/10/2017,ACK,MA,ANE,EN,Towers with Radar,0,27,9,0,36,0,131,98,0,229,0,158,107,0,265,0,0,0,265
05/11/2017,ACK,MA,ANE,EN,Towers with Radar,0,35,9,0,44,0,115,130,0,245,0,150,139,0,289,0,0,0,289
05/12/2017,ACK,MA,ANE,EN,Towers with Radar,0,123,46,0,169,0,62,78,0,140,0,185,124,0,309,0,0,0,309
05/13/2017,ACK,MA,ANE,EN,Towers with Radar,0,44,12,0,56,0,45,62,0,107,0,89,74,0,163,0,0,0,163
05/14/2017,ACK,MA,ANE,EN,Towers with Radar,0,64,13,2,79,0,1,0,0,1,0,65,13,2,80,0,0,0,80
05/15/2017,ACK,MA,ANE,EN,Towers with Radar,0,48,14,0,62,0,114,103,0,217,0,162,117,0,279,0,0,0,279
05/16/2017,ACK,MA,ANE,EN,Towers with Radar,0,13,8,0,21,0,103,124,2,229,0,116,132,2,250,0,0,0,250
05/17/2017,ACK,MA,ANE,EN,Towers with Radar,0,45,9,0,54,0,138,134,0,272,0,183,143,0,326,0,0,0,326
05/18/2017,ACK,MA,ANE,EN,Towers with Radar,4,64,16,0,84,0,173,155,0,328,4,237,171,0,412,0,0,0,412
05/19/2017,ACK,MA,ANE,EN,Towers with Radar,8,68,19,0,95,0,198,188,0,386,8,266,207,0,481,0,0,0,481
05/20/2017,ACK,MA,ANE,EN,Towers with Radar,2,23,18,0,43,0,100,118,0,218,2,123,136,0,261,0,0,0,261
05/21/2017,ACK,MA,ANE,EN,Towers with Radar,8,95,26,0,129,0,177,173,0,350,8,272,199,0,479,0,0,0,479
05/22/2017,ACK,MA,ANE,EN,Towers with Radar,4,86,16,3,109,0,110,109,3,222,4,196,125,6,331,0,0,0,331
05/23/2017,ACK,MA,ANE,EN,Towers with Radar,2,63,28,0,93,0,39,50,0,89,2,102,78,0,182,0,0,0,182
05/24/2017,ACK,MA,ANE,EN,Towers with Radar,2,54,17,0,73,0,78,84,0,162,2,132,101,0,235,0,0,0,235
05/25/2017,ACK,MA,ANE,EN,Towers with Radar,8,140,64,0,212,0,0,0,0,0,8,140,64,0,212,0,0,0,212
05/26/2017,ACK,MA,ANE,EN,Towers with Radar,8,292,126,0,426,0,97,93,0,190,8,389,219,0,616,0,0,0,616
05/27/2017,ACK,MA,ANE,EN,Towers with Radar,6,71,44,4,125,0,108,119,4,231,6,179,163,8,356,0,0,0,356
05/28/2017,ACK,MA,ANE,EN,Towers with Radar,6,52,16,0,74,0,100,116,0,216,6,152,132,0,290,0,0,0,290
05/29/2017,ACK,MA,ANE,EN,Towers with Radar,8,280,151,0,439,0,0,0,0,0,8,280,151,0,439,0,0,0,439
05/30/2017,ACK,MA,ANE,EN,Towers with Radar,3,148,69,0,220,0,13,27,0,40,3,161,96,0,260,0,0,0,260
05/31/2017,ACK,MA,ANE,EN,Towers with Radar,3,94,52,0,149,0,5,6,0,11,3,99,58,0,160,0,0,0,160
06/01/2017,ACK,MA,ANE,EN,Towers with Radar,8,139,49,1,197,0,13,20,0,33,8,152,69,1,230,0,0,0,230
06/02/2017,ACK,MA,ANE,EN,Towers with Radar,8,73,23,0,104,0,118,146,0,264,8,191,169,0,368,4,0,4,372
06/03/2017,ACK,MA,ANE,EN,Towers with Radar,4,36,14,0,54,0,92,120,0,212,4,128,134,0,266,0,0,0,266
06/04/2017,ACK,MA,ANE,EN,Towers with Radar,10,75,16,0,101,0,102,134,0,236,10,177,150,0,337,0,0,0,337
06/05/2017,ACK,MA,ANE,EN,Towers with Radar,6,93,28,0,127,0,9,7,0,16,6,102,35,0,143,0,0,0,143
06/06/2017,ACK,MA,ANE,EN,Towers with Radar,2,88,30,0,120,0,0,0,0,0,2,88,30,0,120,0,0,0,120
06/07/2017,ACK,MA,ANE,EN,Towers with Radar,2,72,23,2,99,0,108,94,1,203,2,180,117,3,302,0,0,0,302
06/08/2017,ACK,MA,ANE,EN,Towers with Radar,6,43,19,0,68,0,153,154,0,307,6,196,173,0,375,0,0,0,375
06/09/2017,ACK,MA,ANE,EN,Towers with Radar,8,126,38,2,174,0,122,117,0,239,8,248,155,2,413,0,0,0,413
06/10/2017,ACK,MA,ANE,EN,Towers with Radar,4,41,9,0,54,0,102,117,0,219,4,143,126,0,273,0,0,0,273
06/11/2017,ACK,MA,ANE,EN,Towers with Radar,8,91,36,0,135,0,169,177,0,346,8,260,213,0,481,0,0,0,481
06/12/2017,ACK,MA,ANE,EN,Towers with Radar,6,55,24,0,85,0,120,142,0,262,6,175,166,0,347,0,0,0,347
06/13/2017,ACK,MA,ANE,EN,Towers with Radar,2,51,12,1,66,0,130,144,0,274,2,181,156,1,340,4,0,4,344
06/14/2017,ACK,MA,ANE,EN,Towers with Radar,2,67,26,0,95,0,150,155,0,305,2,217,181,0,400,0,0,0,400
06/15/2017,ACK,MA,ANE,EN,Towers with Radar,9,83,45,4,141,0,161,200,0,361,9,244,245,4,502,0,0,0,502
06/16/2017,ACK,MA,ANE,EN,Towers with Radar,12,127,67,0,206,0,158,171,0,329,12,285,238,0,535,0,0,0,535
06/17/2017,ACK,MA,ANE,EN,Towers with Radar,17,116,64,1,198,0,0,0,0,0,17,116,64,1,198,0,0,0,198
06/18/2017,ACK,MA,ANE,EN,Towers with Radar,16,187,82,2,287,0,0,0,0,0,16,187,82,2,287,0,0,0,287
06/19/2017,ACK,MA,ANE,EN,Towers with Radar,7,108,67,0,182,0,0,0,0,0,7,108,67,0,182,0,0,0,182
06/20/2017,ACK,MA,ANE,EN,Towers with Radar,9,118,77,0,204,0,9,6,0,15,9,127,83,0,219,0,0,0,219
06/21/2017,ACK,MA,ANE,EN,Towers with Radar,4,146,66,0,216,0,38,50,0,88,4,184,116,0,304,0,0,0,304
06/22/2017,ACK,MA,ANE,EN,Towers with Radar,10,78,35,2,125,0,160,163,0,323,10,238,198,2,448,0,0,0,448
06/23/2017,ACK,MA,ANE,EN,Towers with Radar,15,204,85,0,304,0,83,92,0,175,15,287,177,0,479,0,0,0,479
06/24/2017,ACK,MA,ANE,EN,Towers with Radar,25,126,35,0,186,0,47,64,0,111,25,173,99,0,297,0,0,0,297
06/25/2017,ACK,MA,ANE,EN,Towers with Radar,19,108,43,0,170,0,164,195,0,359,19,272,238,0,529,0,0,0,529
06/26/2017,ACK,MA,ANE,EN,Towers with Radar,12,91,28,1,132,0,81,92,5,178,12,172,120,6,310,0,12,12,322
06/27/2017,ACK,MA,ANE,EN,Towers with Radar,6,71,31,6,114,0,111,131,8,250,6,182,162,14,364,0,0,0,364
06/28/2017,ACK,MA,ANE,EN,Towers with Radar,8,82,34,2,126,0,138,151,0,289,8,220,185,2,415,0,6,6,421
06/29/2017,ACK,MA,ANE,EN,Towers with Radar,10,123,55,0,188,0,202,151,0,353,10,325,206,0,541,0,0,0,541
06/30/2017,ACK,MA,ANE,EN,Towers with Radar,20,188,81,0,289,0,257,234,1,492,20,445,315,1,781,0,0,0,781
07/01/2017,ACK,MA,ANE,EN,Towers with Radar,24,237,111,1,373,0,66,63,0,129,24,303,174,1,502,0,0,0,502
07/02/2017,ACK,MA,ANE,EN,Towers with Radar,22,104,45,0,171,0,80,86,0,166,22,184,131,0,337,0,0,0,337
07/03/2017,ACK,MA,ANE,EN,Towers with Radar,14,36,36,1,87,0,89,118,0,207,14,125,154,1,294,0,0,0,294
07/04/2017,ACK,MA,ANE,EN,Towers with Radar,10,90,33,0,133,0,176,213,0,389,10,266,246,0,522,0,0,0,522
07/05/2017,ACK,MA,ANE,EN,Towers with Radar,10,105,58,0,173,0,217,233,0,450,10,322,291,0,623,14,0,14,637
07/06/2017,ACK,MA,ANE,EN,Towers with Radar,12,90,38,0,140,0,194,160,0,354,12,284,198,0,494,14,0,14,508
07/07/2017,ACK,MA,ANE,EN,Towers with Radar,15,240,108,2,365,0,4,4,0,8,15,244,112,2,373,0,0,0,373
07/08/2017,ACK,MA,ANE,EN,Towers with Radar,25,167,94,1,287,0,40,42,1,83,25,207,136,2,370,0,0,0,370
07/09/2017,ACK,MA,ANE,EN,Towers with Radar,22,126,53,0,201,0,244,226,0,470,22,370,279,0,671,2,0,2,673
07/10/2017,ACK,MA,ANE,EN,Towers with Radar,16,82,39,0,137,0,212,184,1,397,16,294,223,1,534,0,0,0,534
07/11/2017,ACK,MA,ANE,EN,Towers with Radar,8,152,85,3,248,0,6,7,0,13,8,158,92,3,261,0,0,0,261
07/12/2017,ACK,MA,ANE,EN,Towers with Radar,10,127,56,0,193,0,70,52,0,122,10,197,108,0,315,0,0,0,315
07/13/2017,ACK,MA,ANE,EN,Towers with Radar,9,192,83,0,284,0,39,41,0,80,9,231,124,0,364,0,0,0,364
07/14/2017,ACK,MA,ANE,EN,Towers with Radar,18,234,102,1,355,0,129,139,0,268,18,363,241,1,623,0,0,0,623
07/15/2017,ACK,MA,ANE,EN,Towers with Radar,24,145,92,0,261,0,87,77,0,164,24,232,169,0,425,0,0,0,425
07/16/2017,ACK,MA,ANE,EN,Towers with Radar,22,161,87,2,272,0,179,196,1,376,22,340,283,3,648,0,0,0,648
07/17/2017,ACK,MA,ANE,EN,Towers with Radar,16,203,103,4,326,0,26,39,0,65,16,229,142,4,391,0,0,0,391
07/18/2017,ACK,MA,ANE,EN,Towers with Radar,9,120,58,0,187,0,83,64,0,147,9,203,122,0,334,0,0,0,334
07/19/2017,ACK,MA,ANE,EN,Towers with Radar,11,166,67,1,245,0,39,45,1,85,11,205,112,2,330,0,0,0,330
07/20/2017,ACK,MA,ANE,EN,Towers with Radar,12,128,72,0,212,0,162,144,0,306,12,290,216,0,518,0,0,0,518
07/21/2017,ACK,MA,ANE,EN,Towers with Radar,20,118,71,2,211,0,202,212,0,414,20,320,283,2,625,0,0,0,625
07/22/2017,ACK,MA,ANE,EN,Towers with Radar,24,78,54,5,161,0,150,158,0,308,24,228,212,5,469,3,0,3,472
07/23/2017,ACK,MA,ANE,EN,Towers with Radar,22,180,103,0,305,0,188,192,0,380,22,368,295,0,685,0,0,0,685
07/24/2017,ACK,MA,ANE,EN,Towers with Radar,16,208,85,0,309,0,41,61,0,102,16,249,146,0,411,0,0,0,411
07/25/2017,ACK,MA,ANE,EN,Towers with Radar,10,137,43,0,190,0,72,113,0,185,10,209,156,0,375,0,0,0,375
07/26/2017,ACK,MA,ANE,EN,Towers with Radar,10,82,48,0,140,0,134,132,6,272,10,216,180,6,412,0,0,0,412
07/27/2017,ACK,MA,ANE,EN,Towers with Radar,12,127,67,4,210,0,164,152,10,326,12,291,219,14,536,0,0,0,536
07/28/2017,ACK,MA,ANE,EN,Towers with Radar,19,218,77,2,316,0,110,162,1,273,19,328,239,3,589,0,0,0,589
07/29/2017,ACK,MA,ANE,EN,Towers with Radar,25,178,57,0,260,0,1,2,0,3,25,179,59,0,263,0,0,0,263
07/30/2017,ACK,MA,ANE,EN,Towers with Radar,22,139,54,0,215,0,165,230,0,395,22,304,284,0,610,0,0,0,610
07/31/2017,ACK,MA,ANE,EN,Towers with Radar,16,86,63,2,167,0,177,179,0,356,16,263,242,2,523,8,0,8,531
08/01/2017,ACK,MA,ANE,EN,Towers with Radar,10,64,34,0,108,0,139,145,2,286,10,203,179,2,394,0,0,0,394
08/02/2017,ACK,MA,ANE,EN,Towers with Radar,10,84,43,0,137,0,156,145,6,307,10,240,188,6,444,0,0,0,444
08/03/2017,ACK,MA,ANE,EN,Towers with Radar,12,141,66,1,220,0,181,155,2,338,12,322,221,3,558,0,0,0,558
08/04/2017,ACK,MA,ANE,EN,Towers with Radar,18,242,164,0,424,0,78,73,0,151,18,320,237,0,575,0,0,0,575
08/05/2017,ACK,MA,ANE,EN,Towers with Radar,22,188,116,1,327,0,11,6,0,17,22,199,122,1,344,0,0,0,344
08/06/2017,ACK,MA,ANE,EN,Towers with Radar,22,103,76,0,201,0,194,207,0,401,22,297,283,0,602,0,0,0,602
08/07/2017,ACK,MA,ANE,EN,Towers with Radar,14,145,59,4,222,0,187,169,0,356,14,332,228,4,578,0,0,0,578
08/08/2017,ACK,MA,ANE,EN,Towers with Radar,12,169,74,0,255,0,29,66,0,95,12,198,140,0,350,0,0,0,350
08/09/2017,ACK,MA,ANE,EN,Towers with Radar,10,92,51,0,153,0,150,192,0,342,10,242,243,0,495,0,0,0,495
08/10/2017,ACK,MA,ANE,EN,Towers with Radar,14,107,67,0,188,0,190,197,5,392,14,297,264,5,580,0,0,0,580
08/11/2017,ACK,MA,ANE,EN,Towers with Radar,22,277,174,5,478,0,36,40,0,76,22,313,214,5,554,0,0,0,554
08/12/2017,ACK,MA,ANE,EN,Towers with Radar,23,210,118,0,351,0,4,12,0,16,23,214,130,0,367,0,0,0,367
08/13/2017,ACK,MA,ANE,EN,Towers with Radar,23,176,112,0,311,0,118,142,0,260,23,294,254,0,571,0,0,0,571
08/14/2017,ACK,MA,ANE,EN,Towers with Radar,16,138,81,3,238,0,114,102,0,216,16,252,183,3,454,0,0,0,454
08/15/2017,ACK,MA,ANE,EN,Towers with Radar,10,132,72,0,214,0,71,95,0,166,10,203,167,0,380,0,0,0,380
08/16/2017,ACK,MA,ANE,EN,Towers with Radar,12,114,70,2,198,0,118,141,3,262,12,232,211,5,460,0,0,0,460
08/17/2017,ACK,MA,ANE,EN,Towers with Radar,14,82,31,2,129,0,183,186,0,369,14,265,217,2,498,0,0,0,498
08/18/2017,ACK,MA,ANE,EN,Towers with Radar,21,198,88,0,307,0,151,147,0,298,21,349,235,0,605,0,0,0,605
08/19/2017,ACK,MA,ANE,EN,Towers with Radar,23,166,76,0,265,0,49,50,0,99,23,215,126,0,364,0,0,0,364
08/20/2017,ACK,MA,ANE,EN,Towers with Radar,22,116,71,0,209,0,161,222,0,383,22,277,293,0,592,0,0,0,592
08/21/2017,ACK,MA,ANE,EN,Towers with Radar,17,79,48,3,147,0,122,192,0,314,17,201,240,3,461,0,0,0,461
08/22/2017,ACK,MA,ANE,EN,Towers with Radar,10,158,102,0,270,0,40,71,0,111,10,198,173,0,381,0,0,0,381
08/23/2017,ACK,MA,ANE,EN,Towers with Radar,10,121,51,1,183,0,98,68,0,166,10,219,119,1,349,10,0,10,359
08/24/2017,ACK,MA,ANE,EN,Towers with Radar,12,60,27,0,99,0,200,194,0,394,12,260,221,0,493,0,0,0,493
08/25/2017,ACK,MA,ANE,EN,Towers with Radar,20,99,49,0,168,0,212,245,0,457,20,311,294,0,625,0,0,0,625
08/26/2017,ACK,MA,ANE,EN,Towers with Radar,21,67,29,0,117,0,148,137,0,285,21,215,166,0,402,0,0,0,402
08/27/2017,ACK,MA,ANE,EN,Towers with Radar,22,89,51,0,162,0,222,238,0,460,22,311,289,0,622,0,0,0,622
08/28/2017,ACK,MA,ANE,EN,Towers with Radar,14,70,35,0,119,0,167,152,0,319,14,237,187,0,438,0,0,0,438
08/29/2017,ACK,MA,ANE,EN,Towers with Radar,9,80,40,0,129,0,117,124,0,241,9,197,164,0,370,0,0,0,370
08/30/2017,ACK,MA,ANE,EN,Towers with Radar,10,94,35,2,141,0,102,102,0,204,10,196,137,2,345,0,0,0,345
08/31/2017,ACK,MA,ANE,EN,Towers with Radar,12,90,50,0,152,0,193,176,0,369,12,283,226,0,521,6,0,6,527
09/01/2017,ACK,MA,ANE,EN,Towers with Radar,20,109,44,0,173,0,188,220,0,408,20,297,264,0,581,0,0,0,581
09/02/2017,ACK,MA,ANE,EN,Towers with Radar,20,38,27,0,85,0,130,137,0,267,20,168,164,0,352,0,0,0,352
09/03/2017,ACK,MA,ANE,EN,Towers with Radar,34,125,47,0,206,0,2,0,0,2,34,127,47,0,208,0,0,0,208
09/04/2017,ACK,MA,ANE,EN,Towers with Radar,16,163,65,0,244,0,262,282,0,544,16,425,347,0,788,0,0,0,788
09/05/2017,ACK,MA,ANE,EN,Towers with Radar,16,101,38,0,155,0,177,160,0,337,16,278,198,0,492,0,0,0,492
09/06/2017,ACK,MA,ANE,EN,Towers with Radar,6,80,49,0,135,0,46,53,0,99,6,126,102,0,234,0,4,4,238
09/07/2017,ACK,MA,ANE,EN,Towers with Radar,6,108,50,1,165,0,95,72,2,169,6,203,122,3,334,0,12,12,346
09/08/2017,ACK,MA,ANE,EN,Towers with Radar,13,66,34,0,113,0,129,154,0,283,13,195,188,0,396,6,0,6,402
09/09/2017,ACK,MA,ANE,EN,Towers with Radar,8,23,30,0,61,0,109,114,0,223,8,132,144,0,284,0,0,0,284
09/10/2017,ACK,MA,ANE,EN,Towers with Radar,12,81,50,0,143,0,149,128,0,277,12,230,178,0,420,0,0,0,420
09/11/2017,ACK,MA,ANE,EN,Towers with Radar,6,38,20,4,68,0,138,98,0,236,6,176,118,4,304,0,0,0,304
09/12/2017,ACK,MA,ANE,EN,Towers with Radar,6,35,22,2,65,0,114,106,4,224,6,149,128,6,289,4,2,6,295
09/13/2017,ACK,MA,ANE,EN,Towers with Radar,6,39,23,2,70,0,120,102,6,228,6,159,125,8,298,0,0,0,298
09/14/2017,ACK,MA,ANE,EN,Towers with Radar,6,175,76,0,257,0,38,40,0,78,6,213,116,0,335,0,0,0,335
09/15/2017,ACK,MA,ANE,EN,Towers with Radar,12,171,97,1,281,0,13,11,0,24,12,184,108,1,305,0,0,0,305
09/16/2017,ACK,MA,ANE,EN,Towers with Radar,6,122,65,0,193,0,46,64,0,110,6,168,129,0,303,1,0,1,304
09/17/2017,ACK,MA,ANE,EN,Towers with Radar,12,193,110,2,317,0,0,0,0,0,12,193,110,2,317,0,0,0,317
09/18/2017,ACK,MA,ANE,EN,Towers with Radar,8,128,59,2,197,0,0,0,0,0,8,128,59,2,197,0,0,0,197
09/19/2017,ACK,MA,ANE,EN,Towers with Radar,4,61,33,0,98,0,2,2,0,4,4,63,35,0,102,0,0,0,102
09/20/2017,ACK,MA,ANE,EN,Towers with Radar,2,4,2,2,10,0,0,0,0,0,2,4,2,2,10,0,0,0,10
09/21/2017,ACK,MA,ANE,EN,Towers with Radar,0,6,8,0,14,0,0,0,0,0,0,6,8,0,14,0,0,0,14
09/22/2017,ACK,MA,ANE,EN,Towers with Radar,8,38,23,0,69,0,0,0,0,0,8,38,23,0,69,0,0,0,69
09/23/2017,ACK,MA,ANE,EN,Towers with Radar,8,45,39,0,92,0,0,0,0,0,8,45,39,0,92,0,0,0,92
09/24/2017,ACK,MA,ANE,EN,Towers with Radar,8,78,38,0,124,0,61,47,0,108,8,139,85,0,232,0,0,0,232
09/25/2017,ACK,MA,ANE,EN,Towers with Radar,4,117,61,2,184,0,0,0,0,0,4,117,61,2,184,0,0,0,184
09/26/2017,ACK,MA,ANE,EN,Towers with Radar,2,80,30,0,112,0,16,40,0,56,2,96,70,0,168,0,0,0,168
09/27/2017,ACK,MA,ANE,EN,Towers with Radar,2,92,33,0,127,0,5,3,0,8,2,97,36,0,135,0,0,0,135
09/28/2017,ACK,MA,ANE,EN,Towers with Radar,4,97,31,0,132,0,87,61,0,148,4,184,92,0,280,0,0,0,280
09/29/2017,ACK,MA,ANE,EN,Towers with Radar,8,46,23,0,77,0,138,165,0,303,8,184,188,0,380,0,0,0,380
09/30/2017,ACK,MA,ANE,EN,Towers with Radar,4,46,8,0,58,0,102,95,0,197,4,148,103,0,255,0,0,0,255
10/01/2017,ACK,MA,ANE,EN,Towers with Radar,8,41,30,0,79,0,114,132,0,246,8,155,162,0,325,0,0,0,325
10/02/2017,ACK,MA,ANE,EN,Towers with Radar,4,25,24,0,53,0,130,131,0,261,4,155,155,0,314,0,0,0,314
10/03/2017,ACK,MA,ANE,EN,Towers with Radar,2,29,17,4,52,0,102,120,8,230,2,131,137,12,282,0,0,0,282
10/04/2017,ACK,MA,ANE,EN,Towers with Radar,2,35,11,0,48,0,108,130,0,238,2,143,141,0,286,0,0,0,286
10/05/2017,ACK,MA,ANE,EN,Towers with Radar,6,81,38,2,127,0,102,79,0,181,6,183,117,2,308,0,0,0,308
10/06/2017,ACK,MA,ANE,EN,Towers with Radar,8,127,66,4,205,0,101,113,2,216,8,228,179,6,421,0,0,0,421
10/07/2017,ACK,MA,ANE,EN,Towers with Radar,4,67,42,0,113,0,63,67,0,130,4,130,109,0,243,0,0,0,243
10/08/2017,ACK,MA,ANE,EN,Towers with Radar,8,82,38,0,128,0,55,52,0,107,8,137,90,0,235,0,0,0,235
10/09/2017,ACK,MA,ANE,EN,Towers with Radar,6,172,84,0,262,0,12,11,0,23,6,184,95,0,285,0,0,0,285
10/10/2017,ACK,MA,ANE,EN,Towers with Radar,6,47,25,4,82,0,92,86,2,180,6,139,111,6,262,0,0,0,262
10/11/2017,ACK,MA,ANE,EN,Towers with Radar,0,20,4,5,29,0,112,108,2,222,0,132,112,7,251,6,8,14,265
10/12/2017,ACK,MA,ANE,EN,Towers with Radar,0,34,15,1,50,0,113,119,0,232,0,147,134,1,282,0,0,0,282
10/13/2017,ACK,MA,ANE,EN,Towers with Radar,6,27,12,0,45,0,124,98,0,222,6,151,110,0,267,0,0,0,267
10/14/2017,ACK,MA,ANE,EN,Towers with Radar,2,62,11,0,75,0,27,17,0,44,2,89,28,0,119,0,0,0,119
10/15/2017,ACK,MA,ANE,EN,Towers with Radar,6,91,42,0,139,0,0,0,0,0,6,91,42,0,139,0,0,0,139
10/16/2017,ACK,MA,ANE,EN,Towers with Radar,4,66,25,3,98,0,78,88,0,166,4,144,113,3,264,0,0,0,264
10/17/2017,ACK,MA,ANE,EN,Towers with Radar,0,60,10,6,76,0,94,105,2,201,0,154,115,8,277,0,0,0,277
10/18/2017,ACK,MA,ANE,EN,Towers with Radar,0,28,10,0,38,0,136,128,0,264,0,164,138,0,302,0,0,0,302
10/19/2017,ACK,MA,ANE,EN,Towers with Radar,0,27,7,0,34,0,124,100,0,224,0,151,107,0,258,0,0,0,258
10/20/2017,ACK,MA,ANE,EN,Towers with Radar,2,23,12,0,37,0,122,95,0,217,2,145,107,0,254,0,0,0,254
10/21/2017,ACK,MA,ANE,EN,Towers with Radar,2,15,6,0,23,0,89,110,0,199,2,104,116,0,222,0,0,0,222
10/22/2017,ACK,MA,ANE,EN,Towers with Radar,3,17,29,0,49,0,87,116,0,203,3,104,145,0,252,0,0,0,252
10/23/2017,ACK,MA,ANE,EN,Towers with Radar,2,39,15,4,60,0,87,120,4,211,2,126,135,8,271,0,0,0,271
10/24/2017,ACK,MA,ANE,EN,Towers with Radar,0,24,7,0,31,0,85,94,0,179,0,109,101,0,210,0,0,0,210
10/25/2017,ACK,MA,ANE,EN,Towers with Radar,0,64,26,0,90,0,8,12,0,20,0,72,38,0,110,0,0,0,110
10/26/2017,ACK,MA,ANE,EN,Towers with Radar,0,72,28,2,102,0,30,48,0,78,0,102,76,2,180,0,0,0,180
10/27/2017,ACK,MA,ANE,EN,Towers with Radar,0,32,11,4,47,0,117,128,7,252,0,149,139,11,299,0,0,0,299
10/28/2017,ACK,MA,ANE,EN,Towers with Radar,0,5,4,0,9,0,78,88,0,166,0,83,92,0,175,2,0,2,177
10/29/2017,ACK,MA,ANE,EN,Towers with Radar,0,23,13,0,36,0,66,66,0,132,0,89,79,0,168,0,0,0,168
10/30/2017,ACK,MA,ANE,EN,Towers with Radar,0,6,2,0,8,0,59,71,0,130,0,65,73,0,138,0,0,0,138
10/31/2017,ACK,MA,ANE,EN,Towers with Radar,0,26,12,0,38,0,119,143,0,262,0,145,155,0,300,0,0,0,300
11/01/2017,ACK,MA,ANE,EN,Towers with Radar,0,11,8,0,19,0,113,121,0,234,0,124,129,0,253,0,0,0,253
11/02/2017,ACK,MA,ANE,EN,Towers with Radar,0,23,10,5,38,0,128,144,3,275,0,151,154,8,313,2,6,8,321
11/03/2017,ACK,MA,ANE,EN,Towers with Radar,0,53,35,0,88,0,7,8,0,15,0,60,43,0,103,0,0,0,103
11/04/2017,ACK,MA,ANE,EN,Towers with Radar,0,2,10,5,17,0,78,82,0,160,0,80,92,5,177,0,8,8,185
11/05/2017,ACK,MA,ANE,EN,Towers with Radar,0,21,15,0,36,0,63,56,0,119,0,84,71,0,155,0,0,0,155
11/06/2017,ACK,MA,ANE,EN,Towers with Radar,0,63,49,2,114,0,12,10,0,22,0,75,59,2,136,0,0,0,136
11/07/2017,ACK,MA,ANE,EN,Towers with Radar,0,13,4,0,17,0,96,91,0,187,0,109,95,0,204,0,0,0,204
11/08/2017,ACK,MA,ANE,EN,Towers with Radar,0,48,8,0,56,0,70,91,0,161,0,118,99,0,217,0,0,0,217
11/09/2017,ACK,MA,ANE,EN,Towers with Radar,0,18,6,0,24,0,91,113,0,204,0,109,119,0,228,0,0,0,228
11/10/2017,ACK,MA,ANE,EN,Towers with Radar,0,21,2,0,23,0,109,80,0,189,0,130,82,0,212,0,0,0,212
11/11/2017,ACK,MA,ANE,EN,Towers with Radar,0,5,3,0,8,0,75,80,0,155,0,80,83,0,163,0,0,0,163
11/12/2017,ACK,MA,ANE,EN,Towers with Radar,0,25,9,8,42,0,71,69,0,140,0,96,78,8,182,0,16,16,198
11/13/2017,ACK,MA,ANE,EN,Towers with Radar,0,30,9,2,41,0,77,89,0,166,0,107,98,2,207,0,0,0,207
11/14/2017,ACK,MA,ANE,EN,Towers with Radar,0,14,3,0,17,0,86,93,0,179,0,100,96,0,196,0,0,0,196
11/15/2017,ACK,MA,ANE,EN,Towers with Radar,0,19,4,0,23,0,92,113,0,205,0,111,117,0,228,0,0,0,228
11/16/2017,ACK,MA,ANE,EN,Towers with Radar,0,37,13,2,52,0,84,108,0,192,0,121,121,2,244,0,0,0,244
11/17/2017,ACK,MA,ANE,EN,Towers with Radar,0,33,0,0,33,0,85,97,0,182,0,118,97,0,215,0,0,0,215
11/18/2017,ACK,MA,ANE,EN,Towers with Radar,0,14,7,0,21,0,76,75,0,151,0,90,82,0,172,0,0,0,172
11/19/2017,ACK,MA,ANE,EN,Towers with Radar,0,25,2,0,27,0,29,31,0,60,0,54,33,0,87,0,0,0,87
11/20/2017,ACK,MA,ANE,EN,Towers with Radar,0,20,2,2,24,0,107,117,0,224,0,127,119,2,248,0,2,2,250
11/21/2017,ACK,MA,ANE,EN,Towers with Radar,0,35,16,6,57,0,145,146,0,291,0,180,162,6,348,0,0,0,348
11/22/2017,ACK,MA,ANE,EN,Towers with Radar,0,125,61,1,187,0,53,62,0,115,0,178,123,1,302,0,0,0,302
11/23/2017,ACK,MA,ANE,EN,Towers with Radar,0,7,1,0,8,0,66,57,0,123,0,73,58,0,131,0,0,0,131
11/24/2017,ACK,MA,ANE,EN,Towers with Radar,0,21,8,2,31,0,100,113,0,213,0,121,121,2,244,0,0,0,244
11/25/2017,ACK,MA,ANE,EN,Towers with Radar,0,28,7,0,35,0,95,84,0,179,0,123,91,0,214,0,0,0,214
11/26/2017,ACK,MA,ANE,EN,Towers with Radar,0,41,31,0,72,0,144,146,2,292,0,185,177,2,364,0,0,0,364
11/27/2017,ACK,MA,ANE,EN,Towers with Radar,0,26,8,0,34,0,116,118,0,234,0,142,126,0,268,0,0,0,268
11/28/2017,ACK,MA,ANE,EN,Towers with Radar,0,23,5,0,28,0,107,108,0,215,0,130,113,0,243,10,0,10,253
11/29/2017,ACK,MA,ANE,EN,Towers with Radar,0,17,3,2,22,0,106,115,7,228,0,123,118,9,250,0,0,0,250
11/30/2017,ACK,MA,ANE,EN,Towers with Radar,0,72,27,7,106,0,139,148,3,290,0,211,175,10,396,0,0,0,396
12/01/2017,ACK,MA,ANE,EN,Towers with Radar,0,88,46,1,135,0,146,148,0,294,0,234,194,1,429,0,0,0,429
12/02/2017,ACK,MA,ANE,EN,Towers with Radar,0,38,21,0,59,0,120,177,0,297,0,158,198,0,356,0,0,0,356
12/03/2017,ACK,MA,ANE,EN,Towers with Radar,0,128,54,0,182,0,185,221,0,406,0,313,275,0,588,0,0,0,588
12/04/2017,ACK,MA,ANE,EN,Towers with Radar,0,42,7,2,51,0,112,114,0,226,0,154,121,2,277,14,0,14,291
12/05/2017,ACK,MA,ANE,EN,Towers with Radar,0,27,1,0,28,0,93,97,0,190,0,120,98,0,218,0,0,0,218
12/06/2017,ACK,MA,ANE,EN,Towers with Radar,0,31,19,0,50,0,58,59,0,117,0,89,78,0,167,0,0,0,167
12/07/2017,ACK,MA,ANE,EN,Towers with Radar,0,13,0,13,26,0,93,93,1,187,0,106,93,14,213,0,0,0,213
12/08/2017,ACK,MA,ANE,EN,Towers with Radar,0,23,2,0,25,0,85,97,2,184,0,108,99,2,209,11,0,11,220
12/09/2017,ACK,MA,ANE,EN,Towers with Radar,0,11,16,0,27,0,10,15,0,25,0,21,31,0,52,0,0,0,52
12/10/2017,ACK,MA,ANE,EN,Towers with Radar,0,18,3,0,21,0,55,63,0,118,0,73,66,0,139,0,0,0,139
12/11/2017,ACK,MA,ANE,EN,Towers with Radar,0,23,1,1,25,0,89,110,1,200,0,112,111,2,225,16,0,16,241
12/12/2017,ACK,MA,ANE,EN,Towers with Radar,0,34,1,0,35,0,84,114,0,198,0,118,115,0,233,0,0,0,233
12/13/2017,ACK,MA,ANE,EN,Towers with Radar,0,21,0,2,23,0,85,89,0,174,0,106,89,2,197,0,0,0,197
12/14/2017,ACK,MA,ANE,EN,Towers with Radar,0,33,6,0,39,0,48,61,0,109,0,81,67,0,148,0,0,0,148
12/15/2017,ACK,MA,ANE,EN,Towers with Radar,0,17,3,0,20,0,68,80,0,148,0,85,83,0,168,4,0,4,172
12/16/2017,ACK,MA,ANE,EN,Towers with Radar,0,4,3,0,7,0,68,65,0,133,0,72,68,0,140,0,0,0,140
12/17/2017,ACK,MA,ANE,EN,Towers with Radar,0,6,1,0,7,0,75,74,0,149,0,81,75,0,156,3,0,3,159
12/18/2017,ACK,MA,ANE,EN,Towers with Radar,0,43,11,3,57,0,66,79,5,150,0,109,90,8,207,0,0,0,207
12/19/2017,ACK,MA,ANE,EN,Towers with Radar,0,15,4,0,19,0,84,113,0,197,0,99,117,0,216,0,0,0,216
12/20/2017,ACK,MA,ANE,EN,Towers with Radar,0,14,4,6,24,0,94,116,3,213,0,108,120,9,237,0,0,0,237
12/21/2017,ACK,MA,ANE,EN,Towers with Radar,0,8,6,6,20,0,92,103,6,201,0,100,109,12,221,0,0,0,221
12/22/2017,ACK,MA,ANE,EN,Towers with Radar,0,25,1,2,28,0,91,108,2,201,0,116,109,4,229,2,0,2,231
12/23/2017,ACK,MA,ANE,EN,Towers with Radar,0,15,14,0,29,0,0,1,0,1,0,15,15,0,30,0,0,0,30
12/24/2017,ACK,MA,ANE,EN,Towers with Radar,0,6,1,0,7,0,61,65,0,126,0,67,66,0,133,0,0,0,133
12/25/2017,ACK,MA,ANE,EN,Towers with Radar,0,0,0,0,0,0,24,60,0,84,0,24,60,0,84,0,0,0,84
12/26/2017,ACK,MA,ANE,EN,Towers with Radar,0,11,3,0,14,0,81,94,0,175,0,92,97,0,189,0,0,0,189
12/27/2017,ACK,MA,ANE,EN,Towers with Radar,0,6,2,0,8,0,88,114,0,202,0,94,116,0,210,0,0,0,210
12/28/2017,ACK,MA,ANE,EN,Towers with Radar,0,6,1,2,9,0,85,91,2,178,0,91,92,4,187,0,0,0,187
12/29/2017,ACK,MA,ANE,EN,Towers with Radar,0,31,4,0,35,0,79,96,0,175,0,110,100,0,210,0,0,0,210
12/30/2017,ACK,MA,ANE,EN,Towers with Radar,0,18,9,0,27,0,36,42,0,78,0,54,51,0,105,0,0,0,105
12/31/2017,ACK,MA,ANE,EN,Towers with Radar,0,5,0,0,5,0,38,40,0,78,0,43,40,0,83,0,0,0,83
01/01/2018,ACK,MA,ANE,EN,Towers with Radar,0,14,2,0,16,0,54,61,0,115,0,68,63,0,131,0,0,0,131
01/02/2018,ACK,MA,ANE,EN,Towers with Radar,0,17,0,0,17,0,100,96,0,196,0,117,96,0,213,0,0,0,213
01/03/2018,ACK,MA,ANE,EN,Towers with Radar,0,17,0,0,17,0,93,92,2,187,0,110,92,2,204,0,0,0,204
01/04/2018,ACK,MA,ANE,EN,Towers with Radar,0,0,0,0,0,0,0,0,0,0,0,0,0,0,0,0,0,0,0
01/05/2018,ACK,MA,ANE,EN,Towers with Radar,0,0,2,0,2,0,0,17,2,19,0,0,19,2,21,0,0,0,21
01/06/2018,ACK,MA,ANE,EN,Towers with Radar,0,1,0,0,1,0,62,56,0,118,0,63,56,0,119,0,0,0,119
01/07/2018,ACK,MA,ANE,EN,Towers with Radar,0,14,0,0,14,0,60,67,0,127,0,74,67,0,141,0,0,0,141
01/08/2018,ACK,MA,ANE,EN,Towers with Radar,0,19,1,0,20,0,87,89,0,176,0,106,90,0,196,0,0,0,196
01/09/2018,ACK,MA,ANE,EN,Towers with Radar,0,17,1,5,23,0,76,77,3,156,0,93,78,8,179,0,0,0,179
01/10/2018,ACK,MA,ANE,EN,Towers with Radar,0,22,3,6,31,0,74,80,6,160,0,96,83,12,191,0,0,0,191
01/11/2018,ACK,MA,ANE,EN,Towers with Radar,0,12,4,0,16,0,76,48,3,127,0,88,52,3,143,0,0,0,143
01/12/2018,ACK,MA,ANE,EN,Towers with Radar,0,38,20,0,58,0,0,0,0,0,0,38,20,0,58,0,0,0,58
01/13/2018,ACK,MA,ANE,EN,Towers with Radar,0,12,8,0,20,0,43,21,0,64,0,55,29,0,84,0,0,0,84
01/14/2018,ACK,MA,ANE,EN,Towers with Radar,0,17,7,0,24,0,46,34,0,80,0,63,41,0,104,0,0,0,104
01/15/2018,ACK,MA,ANE,EN,Towers with Radar,0,38,17,0,55,0,29,38,0,67,0,67,55,0,122,0,0,0,122
01/16/2018,ACK,MA,ANE,EN,Towers with Radar,0,18,7,4,29,0,72,94,4,170,0,90,101,8,199,0,0,0,199
01/17/2018,ACK,MA,ANE,EN,Towers with Radar,0,53,14,3,70,0,0,0,0,0,0,53,14,3,70,0,0,0,70
01/18/2018,ACK,MA,ANE,EN,Towers with Radar,0,33,3,0,36,0,63,58,0,121,0,96,61,0,157,0,0,0,157
01/19/2018,ACK,MA,ANE,EN,Towers with Radar,0,14,2,0,16,0,77,79,0,156,0,91,81,0,172,0,0,0,172
01/20/2018,ACK,MA,ANE,EN,Towers with Radar,0,9,2,0,11,0,47,43,0,90,0,56,45,0,101,4,0,4,105
01/21/2018,ACK,MA,ANE,EN,Towers with Radar,0,8,4,2,14,0,54,73,2,129,0,62,77,4,143,0,0,0,143
01/22/2018,ACK,MA,ANE,EN,Towers with Radar,0,46,15,0,61,0,55,76,0,131,0,101,91,0,192,0,0,0,192
01/23/2018,ACK,MA,ANE,EN,Towers with Radar,0,22,11,0,33,0,8,12,0,20,0,30,23,0,53,0,0,0,53
01/24/2018,ACK,MA,ANE,EN,Towers with Radar,0,16,1,0,17,4,87,83,0,174,4,103,84,0,191,0,0,0,191
01/25/2018,ACK,MA,ANE,EN,Towers with Radar,0,14,1,2,17,0,91,74,2,167,0,105,75,4,184,0,0,0,184
01/26/2018,ACK,MA,ANE,EN,Towers with Radar,0,18,5,2,25,0,75,68,0,143,0,93,73,2,168,0,0,0,168
01/27/2018,ACK,MA,ANE,EN,Towers with Radar,0,7,0,0,7,0,36,19,0,55,0,43,19,0,62,0,0,0,62
01/28/2018,ACK,MA,ANE,EN,Towers with Radar,0,26,5,0,31,0,0,0,0,0,0,26,5,0,31,0,0,0,31
01/29/2018,ACK,MA,ANE,EN,Towers with Radar,0,33,0,2,35,0,50,45,2,97,0,83,45,4,132,0,0,0,132
01/30/2018,ACK,MA,ANE,EN,Towers with Radar,0,0,1,0,1,0,0,1,0,1,0,0,2,0,2,0,0,0,2
01/31/2018,ACK,MA,ANE,EN,Towers with Radar,0,11,7,0,18,0,60,56,0,116,0,71,63,0,134,0,0,0,134
02/01/2018,ACK,MA,ANE,EN,Towers with Radar,0,17,4,4,25,0,55,49,2,106,0,72,53,6,131,0,0,0,131
02/02/2018,ACK,MA,ANE,EN,Towers with Radar,0,37,14,0,51,0,25,22,0,47,0,62,36,0,98,0,0,0,98
02/03/2018,ACK,MA,ANE,EN,Towers with Radar,0,10,7,0,17,0,39,31,0,70,0,49,38,0,87,0,0,0,87
02/04/2018,ACK,MA,ANE,EN,Towers with Radar,0,19,2,0,21,0,9,5,0,14,0,28,7,0,35,0,0,0,35
02/05/2018,ACK,MA,ANE,EN,Towers with Radar,0,24,13,0,37,0,41,41,0,82,0,65,54,0,119,0,0,0,119
02/06/2018,ACK,MA,ANE,EN,Towers with Radar,0,23,1,2,26,0,58,69,0,127,0,81,70,2,153,0,0,0,153
02/07/2018,ACK,MA,ANE,EN,Towers with Radar,0,32,7,0,39,0,25,29,0,54,0,57,36,0,93,0,0,0,93
02/08/2018,ACK,MA,ANE,EN,Towers with Radar,0,19,6,7,32,0,51,42,12,105,0,70,48,19,137,0,0,0,137
02/09/2018,ACK,MA,ANE,EN,Towers with Radar,0,8,3,1,12,0,59,59,1,119,0,67,62,2,131,0,0,0,131
02/10/2018,ACK,MA,ANE,EN,Towers with Radar,0,18,4,0,22,0,28,8,0,36,0,46,12,0,58,0,0,0,58
02/11/2018,ACK,MA,ANE,EN,Towers with Radar,0,18,3,0,21,0,0,0,0,0,0,18,3,0,21,0,0,0,21
02/12/2018,ACK,MA,ANE,EN,Towers with Radar,0,42,11,0,53,0,44,45,0,89,0,86,56,0,142,0,0,0,142
02/13/2018,ACK,MA,ANE,EN,Towers with Radar,0,15,4,0,19,0,78,71,0,149,0,93,75,0,168,0,0,0,168
02/14/2018,ACK,MA,ANE,EN,Towers with Radar,0,41,6,3,50,0,42,21,0,63,0,83,27,3,113,0,0,0,113
02/15/2018,ACK,MA,ANE,EN,Towers with Radar,0,70,23,0,93,0,0,0,0,0,0,70,23,0,93,0,0,0,93
02/16/2018,ACK,MA,ANE,EN,Towers with Radar,0,55,18,0,73,0,17,11,0,28,0,72,29,0,101,0,0,0,101
02/17/2018,ACK,MA,ANE,EN,Towers with Radar,0,16,6,0,22,0,29,37,0,66,0,45,43,0,88,0,0,0,88
02/18/2018,ACK,MA,ANE,EN,Towers with Radar,0,13,3,0,16,0,36,23,0,59,0,49,26,0,75,0,0,0,75
02/19/2018,ACK,MA,ANE,EN,Towers with Radar,0,12,6,0,18,0,52,51,0,103,0,64,57,0,121,0,0,0,121
02/20/2018,ACK,MA,ANE,EN,Towers with Radar,0,22,11,2,35,0,0,0,0,0,0,22,11,2,35,0,0,0,35
02/21/2018,ACK,MA,ANE,EN,Towers with Radar,0,0,8,0,8,0,0,0,0,0,0,0,8,0,8,0,0,0,8
02/22/2018,ACK,MA,ANE,EN,Towers with Radar,0,20,4,0,24,0,48,25,4,77,0,68,29,4,101,0,0,0,101
02/23/2018,ACK,MA,ANE,EN,Towers with Radar,0,22,9,0,31,0,33,36,0,69,0,55,45,0,100,0,0,0,100
02/24/2018,ACK,MA,ANE,EN,Towers with Radar,0,18,13,0,31,0,22,7,0,29,0,40,20,0,60,0,0,0,60
02/25/2018,ACK,MA,ANE,EN,Towers with Radar,0,10,4,0,14,0,0,0,0,0,0,10,4,0,14,0,0,0,14
02/26/2018,ACK,MA,ANE,EN,Towers with Radar,0,31,20,0,51,0,39,27,0,66,0,70,47,0,117,0,0,0,117
02/27/2018,ACK,MA,ANE,EN,Towers with Radar,0,9,4,0,13,0,53,60,0,113,0,62,64,0,126,8,0,8,134
02/28/2018,ACK,MA,ANE,EN,Towers with Radar,0,14,5,0,19,0,71,54,0,125,0,85,59,0,144,2,0,2,146
03/01/2018,ACK,MA,ANE,EN,Towers with Radar,0,17,2,0,19,0,62,46,2,110,0,79,48,2,129,0,0,0,129
03/02/2018,ACK,MA,ANE,EN,Towers with Radar,0,0,0,0,0,0,0,0,0,0,0,0,0,0,0,0,0,0,0
03/03/2018,ACK,MA,ANE,EN,Towers with Radar,0,0,0,0,0,0,0,0,0,0,0,0,0,0,0,0,0,0,0
03/04/2018,ACK,MA,ANE,EN,Towers with Radar,0,13,4,0,17,0,34,9,0,43,0,47,13,0,60,0,2,2,62
03/05/2018,ACK,MA,ANE,EN,Towers with Radar,0,30,7,6,43,0,23,17,0,40,0,53,24,6,83,0,0,0,83
03/06/2018,ACK,MA,ANE,EN,Towers with Radar,0,32,5,1,38,0,45,43,1,89,0,77,48,2,127,0,0,0,127
03/07/2018,ACK,MA,ANE,EN,Towers with Radar,0,27,1,0,28,0,28,24,2,54,0,55,25,2,82,0,0,0,82
03/08/2018,ACK,MA,ANE,EN,Towers with Radar,0,30,8,4,42,0,33,10,0,43,0,63,18,4,85,0,0,0,85
03/09/2018,ACK,MA,ANE,EN,Towers with Radar,0,30,5,0,35,0,44,24,0,68,0,74,29,0,103,0,0,0,103
03/10/2018,ACK,MA,ANE,EN,Towers with Radar,0,1,0,1,2,0,38,8,1,47,0,39,8,2,49,0,0,0,49
03/11/2018,ACK,MA,ANE,EN,Towers with Radar,0,5,3,0,8,0,26,38,0,64,0,31,41,0,72,0,0,0,72
03/12/2018,ACK,MA,ANE,EN,Towers with Radar,0,19,1,7,27,0,46,24,1,71,0,65,25,8,98,0,0,0,98
03/13/2018,ACK,MA,ANE,EN,Towers with Radar,0,0,0,0,0,0,0,0,0,0,0,0,0,0,0,0,0,0,0
03/14/2018,ACK,MA,ANE,EN,Towers with Radar,0,2,0,0,2,0,9,3,0,12,0,11,3,0,14,0,0,0,14
03/15/2018,ACK,MA,ANE,EN,Towers with Radar,0,23,2,1,26,0,55,36,1,92,0,78,38,2,118,0,0,0,118
03/16/2018,ACK,MA,ANE,EN,Towers with Radar,0,17,1,3,21,0,52,38,0,90,0,69,39,3,111,0,0,0,111
03/17/2018,ACK,MA,ANE,EN,Towers with Radar,0,5,4,0,9,0,36,19,0,55,0,41,23,0,64,0,0,0,64
03/18/2018,ACK,MA,ANE,EN,Towers with Radar,0,3,6,0,9,0,26,18,0,44,0,29,24,0,53,0,0,0,53
03/19/2018,ACK,MA,ANE,EN,Towers with Radar,0,13,2,0,15,0,49,49,0,98,0,62,51,0,113,0,0,0,113
03/20/2018,ACK,MA,ANE,EN,Towers with Radar,0,19,3,1,23,0,57,50,1,108,0,76,53,2,131,0,0,0,131
03/21/2018,ACK,MA,ANE,EN,Towers with Radar,0,8,0,0,8,0,12,2,0,14,0,20,2,0,22,0,0,0,22
03/22/2018,ACK,MA,ANE,EN,Towers with Radar,0,27,0,0,27,0,1,0,0,1,0,28,0,0,28,0,0,0,28
03/23/2018,ACK,MA,ANE,EN,Towers with Radar,0,16,5,2,23,0,58,42,0,100,0,74,47,2,123,0,0,0,123
03/24/2018,ACK,MA,ANE,EN,Towers with Radar,0,5,5,0,10,0,38,31,0,69,0,43,36,0,79,2,0,2,81
03/25/2018,ACK,MA,ANE,EN,Towers with Radar,0,27,4,0,31,0,11,5,0,16,0,38,9,0,47,0,0,0,47
03/26/2018,ACK,MA,ANE,EN,Towers with Radar,0,25,1,2,28,0,55,41,0,96,0,80,42,2,124,0,0,0,124
03/27/2018,ACK,MA,ANE,EN,Towers with Radar,0,13,2,0,15,0,57,45,0,102,0,70,47,0,117,0,0,0,117
03/28/2018,ACK,MA,ANE,EN,Towers with Radar,0,21,2,0,23,0,59,36,0,95,0,80,38,0,118,0,0,0,118
03/29/2018,ACK,MA,ANE,EN,Towers with Radar,0,29,11,1,41,0,50,42,3,95,0,79,53,4,136,0,0,0,136
03/30/2018,ACK,MA,ANE,EN,Towers with Radar,0,32,25,0,57,0,0,0,0,0,0,32,25,0,57,0,0,0,57
03/31/2018,ACK,MA,ANE,EN,Towers with Radar,0,7,5,0,12,0,42,42,0,84,0,49,47,0,96,0,0,0,96
04/01/2018,ACK,MA,ANE,EN,Towers with Radar,0,14,5,0,19,0,35,9,0,44,0,49,14,0,63,8,0,8,71
04/02/2018,ACK,MA,ANE,EN,Towers with Radar,0,57,10,0,67,0,6,26,2,34,0,63,36,2,101,0,0,0,101
04/03/2018,ACK,MA,ANE,EN,Towers with Radar,0,27,9,0,36,0,33,32,0,65,0,60,41,0,101,0,0,0,101
04/04/2018,ACK,MA,ANE,EN,Towers with Radar,0,30,26,0,56,0,5,3,0,8,0,35,29,0,64,0,0,0,64
04/05/2018,ACK,MA,ANE,EN,Towers with Radar,0,17,2,0,19,0,52,34,0,86,0,69,36,0,105,0,0,0,105
04/06/2018,ACK,MA,ANE,EN,Towers with Radar,0,30,1,0,31,0,33,28,0,61,0,63,29,0,92,0,0,0,92
04/07/2018,ACK,MA,ANE,EN,Towers with Radar,0,8,12,0,20,0,29,10,0,39,0,37,22,0,59,0,0,0,59
04/08/2018,ACK,MA,ANE,EN,Towers with Radar,0,17,10,0,27,0,23,5,0,28,0,40,15,0,55,0,0,0,55
04/09/2018,ACK,MA,ANE,EN,Towers with Radar,0,18,2,0,20,0,61,42,0,103,0,79,44,0,123,0,0,0,123
04/10/2018,ACK,MA,ANE,EN,Towers with Radar,0,39,20,2,61,0,28,14,1,43,0,67,34,3,104,0,0,0,104
04/11/2018,ACK,MA,ANE,EN,Towers with Radar,0,34,7,0,41,0,54,30,0,84,0,88,37,0,125,0,0,0,125
04/12/2018,ACK,MA,ANE,EN,Towers with Radar,0,18,11,2,31,0,62,38,0,100,0,80,49,2,131,0,0,0,131
04/13/2018,ACK,MA,ANE,EN,Towers with Radar,0,15,6,0,21,0,53,45,0,98,0,68,51,0,119,0,0,0,119
04/14/2018,ACK,MA,ANE,EN,Towers with Radar,0,32,13,0,45,0,11,12,0,23,0,43,25,0,68,0,0,0,68
04/15/2018,ACK,MA,ANE,EN,Towers with Radar,0,12,6,0,18,0,9,2,0,11,0,21,8,0,29,0,0,0,29
04/16/2018,ACK,MA,ANE,EN,Towers with Radar,0,16,14,0,30,0,0,0,0,0,0,16,14,0,30,0,0,0,30
04/17/2018,ACK,MA,ANE,EN,Towers with Radar,0,22,2,5,29,0,57,32,2,91,0,79,34,7,120,0,0,0,120
04/18/2018,ACK,MA,ANE,EN,Towers with Radar,0,20,7,5,32,0,63,46,3,112,0,83,53,8,144,0,0,0,144
04/19/2018,ACK,MA,ANE,EN,Towers with Radar,0,54,28,2,84,0,31,18,1,50,0,85,46,3,134,0,0,0,134
04/20/2018,ACK,MA,ANE,EN,Towers with Radar,0,17,8,3,28,0,58,51,1,110,0,75,59,4,138,0,0,0,138
04/21/2018,ACK,MA,ANE,EN,Towers with Radar,0,2,3,0,5,0,34,25,0,59,0,36,28,0,64,0,0,0,64
04/22/2018,ACK,MA,ANE,EN,Towers with Radar,0,4,17,0,21,0,38,51,0,89,0,42,68,0,110,0,0,0,110
04/23/2018,ACK,MA,ANE,EN,Towers with Radar,0,11,0,0,11,0,52,49,0,101,0,63,49,0,112,0,0,0,112
04/24/2018,ACK,MA,ANE,EN,Towers with Radar,0,19,3,2,24,0,71,37,1,109,0,90,40,3,133,0,0,0,133
04/25/2018,ACK,MA,ANE,EN,Towers with Radar,0,66,20,2,88,0,21,9,0,30,0,87,29,2,118,0,0,0,118
04/26/2018,ACK,MA,ANE,EN,Towers with Radar,0,65,48,0,113,0,53,25,0,78,0,118,73,0,191,0,0,0,191
04/27/2018,ACK,MA,ANE,EN,Towers with Radar,0,127,40,0,167,0,64,39,0,103,0,191,79,0,270,0,0,0,270
04/28/2018,ACK,MA,ANE,EN,Towers with Radar,0,32,30,0,62,0,18,40,0,58,0,50,70,0,120,0,0,0,120
04/29/2018,ACK,MA,ANE,EN,Towers with Radar,0,79,50,0,129,0,94,35,0,129,0,173,85,0,258,0,0,0,258
04/30/2018,ACK,MA,ANE,EN,Towers with Radar,0,50,15,0,65,0,75,38,0,113,0,125,53,0,178,2,0,2,180
05/01/2018,ACK,MA,ANE,EN,Towers with Radar,0,36,7,0,43,0,59,39,0,98,0,95,46,0,141,0,0,0,141
05/02/2018,ACK,MA,ANE,EN,Towers with Radar,0,12,2,1,15,0,78,58,2,138,0,90,60,3,153,0,0,0,153
05/03/2018,ACK,MA,ANE,EN,Towers with Radar,0,15,2,0,17,0,77,57,1,135,0,92,59,1,152,0,0,0,152
05/04/2018,ACK,MA,ANE,EN,Towers with Radar,2,28,12,0,42,0,66,37,0,103,2,94,49,0,145,0,0,0,145
05/05/2018,ACK,MA,ANE,EN,Towers with Radar,0,9,7,0,16,0,40,36,0,76,0,49,43,0,92,0,0,0,92
05/06/2018,ACK,MA,ANE,EN,Towers with Radar,2,31,12,0,45,0,13,4,0,17,2,44,16,0,62,0,0,0,62
05/07/2018,ACK,MA,ANE,EN,Towers with Radar,0,34,7,0,41,0,64,37,0,101,0,98,44,0,142,0,0,0,142
05/08/2018,ACK,MA,ANE,EN,Towers with Radar,0,49,11,4,64,0,39,27,0,66,0,88,38,4,130,0,0,0,130
05/09/2018,ACK,MA,ANE,EN,Towers with Radar,0,71,35,0,106,0,6,6,0,12,0,77,41,0,118,0,0,0,118
05/10/2018,ACK,MA,ANE,EN,Towers with Radar,0,105,45,0,150,0,1,1,0,2,0,106,46,0,152,0,0,0,152
05/11/2018,ACK,MA,ANE,EN,Towers with Radar,2,21,8,0,31,0,87,62,0,149,2,108,70,0,180,14,0,14,194
05/12/2018,ACK,MA,ANE,EN,Towers with Radar,0,40,15,0,55,0,19,13,0,32,0,59,28,0,87,0,0,0,87
05/13/2018,ACK,MA,ANE,EN,Towers with Radar,2,62,31,0,95,0,4,2,0,6,2,66,33,0,101,0,0,0,101
05/14/2018,ACK,MA,ANE,EN,Towers with Radar,0,79,34,5,118,0,40,29,3,72,0,119,63,8,190,0,0,0,190
05/15/2018,ACK,MA,ANE,EN,Towers with Radar,0,59,23,2,84,0,28,13,0,41,0,87,36,2,125,0,0,0,125
05/16/2018,ACK,MA,ANE,EN,Towers with Radar,0,71,14,0,85,0,52,49,0,101,0,123,63,0,186,0,0,0,186
05/17/2018,ACK,MA,ANE,EN,Towers with Radar,4,161,72,1,238,0,0,0,1,1,4,161,72,2,239,0,0,0,239
05/18/2018,ACK,MA,ANE,EN,Towers with Radar,5,94,40,0,139,0,54,44,0,98,5,148,84,0,237,0,0,0,237
05/19/2018,ACK,MA,ANE,EN,Towers with Radar,2,80,30,0,112,0,0,0,0,0,2,80,30,0,112,0,0,0,112
05/20/2018,ACK,MA,ANE,EN,Towers with Radar,5,135,56,0,196,0,0,0,0,0,5,135,56,0,196,0,0,0,196
05/21/2018,ACK,MA,ANE,EN,Towers with Radar,4,39,11,0,54,0,115,76,5,196,4,154,87,5,250,0,0,0,250
05/22/2018,ACK,MA,ANE,EN,Towers with Radar,2,23,12,8,45,0,71,29,0,100,2,94,41,8,145,0,0,0,145
05/23/2018,ACK,MA,ANE,EN,Towers with Radar,2,67,20,0,89,0,46,39,0,85,2,113,59,0,174,0,0,0,174
05/24/2018,ACK,MA,ANE,EN,Towers with Radar,6,86,25,19,136,0,129,108,2,239,6,215,133,21,375,0,2,2,377
05/25/2018,ACK,MA,ANE,EN,Towers with Radar,8,109,53,0,170,0,191,144,3,338,8,300,197,3,508,0,0,0,508
05/26/2018,ACK,MA,ANE,EN,Towers with Radar,6,68,39,0,113,0,35,26,0,61,6,103,65,0,174,0,0,0,174
05/27/2018,ACK,MA,ANE,EN,Towers with Radar,2,109,23,0,134,0,0,0,0,0,2,109,23,0,134,0,0,0,134
05/28/2018,ACK,MA,ANE,EN,Towers with Radar,8,270,161,0,439,0,0,0,0,0,8,270,161,0,439,0,0,0,439
05/29/2018,ACK,MA,ANE,EN,Towers with Radar,4,93,50,2,149,0,68,39,0,107,4,161,89,2,256,11,0,11,267
05/30/2018,ACK,MA,ANE,EN,Towers with Radar,2,28,4,0,34,0,97,53,0,150,2,125,57,0,184,0,0,0,184
05/31/2018,ACK,MA,ANE,EN,Towers with Radar,6,62,40,2,110,0,57,33,0,90,6,119,73,2,200,0,0,0,200
06/01/2018,ACK,MA,ANE,EN,Towers with Radar,8,87,53,0,148,0,0,0,0,0,8,87,53,0,148,0,0,0,148
06/02/2018,ACK,MA,ANE,EN,Towers with Radar,2,59,30,0,91,0,22,28,0,50,2,81,58,0,141,0,0,0,141
06/03/2018,ACK,MA,ANE,EN,Towers with Radar,8,79,42,0,129,0,40,25,0,65,8,119,67,0,194,0,0,0,194
06/04/2018,ACK,MA,ANE,EN,Towers with Radar,6,96,30,0,132,0,5,13,0,18,6,101,43,0,150,0,0,0,150
06/05/2018,ACK,MA,ANE,EN,Towers with Radar,2,74,27,0,103,0,48,25,0,73,2,122,52,0,176,0,0,0,176
06/06/2018,ACK,MA,ANE,EN,Towers with Radar,2,83,31,1,117,0,50,32,1,83,2,133,63,2,200,0,0,0,200
06/07/2018,ACK,MA,ANE,EN,Towers with Radar,6,53,27,4,90,0,112,64,3,179,6,165,91,7,269,0,0,0,269
06/08/2018,ACK,MA,ANE,EN,Towers with Radar,8,50,21,3,82,0,125,84,11,220,8,175,105,14,302,0,2,2,304
06/09/2018,ACK,MA,ANE,EN,Towers with Radar,4,40,24,0,68,0,67,70,0,137,4,107,94,0,205,0,0,0,205
06/10/2018,ACK,MA,ANE,EN,Towers with Radar,8,67,25,0,100,0,117,75,0,192,8,184,100,0,292,0,0,0,292
06/11/2018,ACK,MA,ANE,EN,Towers with Radar,6,29,15,0,50,0,110,78,0,188,6,139,93,0,238,0,0,0,238
06/12/2018,ACK,MA,ANE,EN,Towers with Radar,2,55,14,0,71,0,123,85,1,209,2,178,99,1,280,0,0,0,280
06/13/2018,ACK,MA,ANE,EN,Towers with Radar,2,107,42,3,154,0,65,33,0,98,2,172,75,3,252,0,0,0,252
06/14/2018,ACK,MA,ANE,EN,Towers with Radar,6,85,29,0,120,0,100,61,0,161,6,185,90,0,281,0,0,0,281
06/15/2018,ACK,MA,ANE,EN,Towers with Radar,14,163,57,0,234,0,70,66,0,136,14,233,123,0,370,0,0,0,370
06/16/2018,ACK,MA,ANE,EN,Towers with Radar,8,73,22,0,103,0,89,106,0,195,8,162,128,0,298,0,0,0,298
06/17/2018,ACK,MA,ANE,EN,Towers with Radar,14,87,46,0,147,0,120,113,0,233,14,207,159,0,380,0,0,0,380
06/18/2018,ACK,MA,ANE,EN,Towers with Radar,12,91,43,1,147,0,97,81,3,181,12,188,124,4,328,0,0,0,328
06/19/2018,ACK,MA,ANE,EN,Towers with Radar,8,57,20,0,85,0,123,78,0,201,8,180,98,0,286,0,0,0,286
06/20/2018,ACK,MA,ANE,EN,Towers with Radar,7,70,30,1,108,0,120,109,1,230,7,190,139,2,338,0,0,0,338
06/21/2018,ACK,MA,ANE,EN,Towers with Radar,12,140,50,0,202,0,65,66,0,131,12,205,116,0,333,0,0,0,333
06/22/2018,ACK,MA,ANE,EN,Towers with Radar,20,174,66,0,260,0,56,56,0,112,20,230,122,0,372,0,0,0,372
06/23/2018,ACK,MA,ANE,EN,Towers with Radar,20,114,67,0,201,0,2,1,0,3,20,116,68,0,204,0,0,0,204
06/24/2018,ACK,MA,ANE,EN,Towers with Radar,20,189,96,0,305,0,0,0,0,0,20,189,96,0,305,0,0,0,305
06/25/2018,ACK,MA,ANE,EN,Towers with Radar,14,171,86,0,271,0,38,55,2,95,14,209,141,2,366,0,0,0,366
06/26/2018,ACK,MA,ANE,EN,Towers with Radar,10,46,23,4,83,0,119,121,1,241,10,165,144,5,324,0,0,0,324
06/27/2018,ACK,MA,ANE,EN,Towers with Radar,9,67,24,0,100,0,120,81,0,201,9,187,105,0,301,0,0,0,301
06/28/2018,ACK,MA,ANE,EN,Towers with Radar,13,183,70,0,266,0,6,8,0,14,13,189,78,0,280,0,0,0,280
06/29/2018,ACK,MA,ANE,EN,Towers with Radar,24,183,84,0,291,0,176,159,0,335,24,359,243,0,626,0,0,0,626
06/30/2018,ACK,MA,ANE,EN,Towers with Radar,26,100,44,0,170,0,118,123,0,241,26,218,167,0,411,0,0,0,411
07/01/2018,ACK,MA,ANE,EN,Towers with Radar,22,97,50,0,169,0,110,109,0,219,22,207,159,0,388,0,0,0,388
07/02/2018,ACK,MA,ANE,EN,Towers with Radar,14,74,20,0,108,0,116,108,0,224,14,190,128,0,332,0,0,0,332
07/03/2018,ACK,MA,ANE,EN,Towers with Radar,14,222,123,0,359,0,2,1,0,3,14,224,124,0,362,0,0,0,362
07/04/2018,ACK,MA,ANE,EN,Towers with Radar,16,89,42,0,147,0,48,51,0,99,16,137,93,0,246,0,0,0,246
07/05/2018,ACK,MA,ANE,EN,Towers with Radar,16,211,119,0,346,0,0,0,0,0,16,211,119,0,346,0,0,0,346
07/06/2018,ACK,MA,ANE,EN,Towers with Radar,21,197,65,0,283,0,45,28,0,73,21,242,93,0,356,0,0,0,356
07/07/2018,ACK,MA,ANE,EN,Towers with Radar,24,82,60,0,166,0,133,142,0,275,24,215,202,0,441,0,0,0,441
07/08/2018,ACK,MA,ANE,EN,Towers with Radar,22,134,70,0,226,0,183,168,0,351,22,317,238,0,577,0,0,0,577
07/09/2018,ACK,MA,ANE,EN,Towers with Radar,14,66,45,0,125,0,145,143,0,288,14,211,188,0,413,0,0,0,413
07/10/2018,ACK,MA,ANE,EN,Towers with Radar,10,56,22,6,94,0,144,94,0,238,10,200,116,6,332,0,0,0,332
07/11/2018,ACK,MA,ANE,EN,Towers with Radar,10,108,30,2,150,0,92,87,2,181,10,200,117,4,331,0,0,0,331
07/12/2018,ACK,MA,ANE,EN,Towers with Radar,15,73,51,3,142,0,140,120,2,262,15,213,171,5,404,0,0,0,404
07/13/2018,ACK,MA,ANE,EN,Towers with Radar,20,103,43,0,166,0,178,156,2,336,20,281,199,2,502,0,0,0,502
07/14/2018,ACK,MA,ANE,EN,Towers with Radar,24,77,29,2,132,0,114,123,0,237,24,191,152,2,369,0,0,0,369
07/15/2018,ACK,MA,ANE,EN,Towers with Radar,18,160,113,0,291,0,74,73,0,147,18,234,186,0,438,2,0,2,440
07/16/2018,ACK,MA,ANE,EN,Towers with Radar,14,171,123,0,308,0,20,21,0,41,14,191,144,0,349,0,0,0,349
07/17/2018,ACK,MA,ANE,EN,Towers with Radar,12,162,59,0,233,0,4,7,0,11,12,166,66,0,244,0,0,0,244
07/18/2018,ACK,MA,ANE,EN,Towers with Radar,11,117,43,0,171,0,76,86,0,162,11,193,129,0,333,0,0,0,333
07/19/2018,ACK,MA,ANE,EN,Towers with Radar,14,110,43,0,167,0,139,133,0,272,14,249,176,0,439,0,0,0,439
07/20/2018,ACK,MA,ANE,EN,Towers with Radar,20,120,46,0,186,0,187,160,1,348,20,307,206,1,534,0,0,0,534
07/21/2018,ACK,MA,ANE,EN,Towers with Radar,27,202,130,1,360,0,1,1,0,2,27,203,131,1,362,0,0,0,362
07/22/2018,ACK,MA,ANE,EN,Towers with Radar,22,229,110,0,361,0,15,9,0,24,22,244,119,0,385,0,0,0,385
07/23/2018,ACK,MA,ANE,EN,Towers with Radar,12,155,67,0,234,0,113,75,0,188,12,268,142,0,422,0,0,0,422
07/24/2018,ACK,MA,ANE,EN,Towers with Radar,10,157,61,0,228,0,64,43,0,107,10,221,104,0,335,0,0,0,335
07/25/2018,ACK,MA,ANE,EN,Towers with Radar,16,153,50,8,227,0,50,30,2,82,16,203,80,10,309,0,0,0,309
07/26/2018,ACK,MA,ANE,EN,Towers with Radar,14,253,98,0,365,0,2,2,0,4,14,255,100,0,369,0,0,0,369
07/27/2018,ACK,MA,ANE,EN,Towers with Radar,10,205,143,2,360,0,12,6,0,18,10,217,149,2,378,0,0,0,378
07/28/2018,ACK,MA,ANE,EN,Towers with Radar,30,185,107,0,322,0,2,3,0,5,30,187,110,0,327,0,0,0,327
07/29/2018,ACK,MA,ANE,EN,Towers with Radar,23,163,73,0,259,0,148,114,0,262,23,311,187,0,521,0,0,0,521
07/30/2018,ACK,MA,ANE,EN,Towers with Radar,14,93,42,0,149,0,140,107,0,247,14,233,149,0,396,0,0,0,396
07/31/2018,ACK,MA,ANE,EN,Towers with Radar,12,87,47,0,146,0,136,111,0,247,12,223,158,0,393,0,0,0,393
08/01/2018,ACK,MA,ANE,EN,Towers with Radar,16,170,92,2,280,0,40,33,0,73,16,210,125,2,353,0,0,0,353
08/02/2018,ACK,MA,ANE,EN,Towers with Radar,16,248,145,0,409,0,0,2,0,2,16,248,147,0,411,0,0,0,411
08/03/2018,ACK,MA,ANE,EN,Towers with Radar,20,271,184,0,475,0,4,3,0,7,20,275,187,0,482,0,0,0,482
08/04/2018,ACK,MA,ANE,EN,Towers with Radar,22,185,110,2,319,0,29,28,0,57,22,214,138,2,376,0,0,0,376
08/05/2018,ACK,MA,ANE,EN,Towers with Radar,24,143,67,0,234,0,137,199,0,336,24,280,266,0,570,0,0,0,570
08/06/2018,ACK,MA,ANE,EN,Towers with Radar,14,150,90,14,268,0,101,91,4,196,14,251,181,18,464,0,0,0,464
08/07/2018,ACK,MA,ANE,EN,Towers with Radar,12,90,51,2,155,0,123,105,4,232,12,213,156,6,387,0,0,0,387
08/08/2018,ACK,MA,ANE,EN,Towers with Radar,12,221,98,0,331,0,8,7,0,15,12,229,105,0,346,0,0,0,346
08/09/2018,ACK,MA,ANE,EN,Towers with Radar,26,185,125,0,336,0,90,79,0,169,26,275,204,0,505,0,0,0,505
08/10/2018,ACK,MA,ANE,EN,Towers with Radar,22,125,79,1,227,0,207,158,0,365,22,332,237,1,592,0,0,0,592
08/11/2018,ACK,MA,ANE,EN,Towers with Radar,26,159,87,0,272,0,53,53,0,106,26,212,140,0,378,0,0,0,378
08/12/2018,ACK,MA,ANE,EN,Towers with Radar,22,191,122,0,335,0,85,58,0,143,22,276,180,0,478,0,0,0,478
08/13/2018,ACK,MA,ANE,EN,Towers with Radar,13,246,130,0,389,0,3,11,0,14,13,249,141,0,403,0,0,0,403
08/14/2018,ACK,MA,ANE,EN,Towers with Radar,12,107,65,0,184,0,96,61,0,157,12,203,126,0,341,0,0,0,341
08/15/2018,ACK,MA,ANE,EN,Towers with Radar,12,94,42,2,150,0,117,92,2,211,12,211,134,4,361,16,0,16,377
08/16/2018,ACK,MA,ANE,EN,Towers with Radar,14,89,55,4,162,0,159,153,0,312,14,248,208,4,474,0,0,0,474
08/17/2018,ACK,MA,ANE,EN,Towers with Radar,23,178,108,4,313,0,104,94,0,198,23,282,202,4,511,0,0,0,511
08/18/2018,ACK,MA,ANE,EN,Towers with Radar,24,138,49,0,211,0,58,66,0,124,24,196,115,0,335,0,0,0,335
08/19/2018,ACK,MA,ANE,EN,Towers with Radar,24,223,144,0,391,0,30,22,0,52,24,253,166,0,443,0,0,0,443
08/20/2018,ACK,MA,ANE,EN,Towers with Radar,16,235,139,0,390,0,9,1,0,10,16,244,140,0,400,0,0,0,400
08/21/2018,ACK,MA,ANE,EN,Towers with Radar,10,184,82,0,276,0,1,6,0,7,10,185,88,0,283,0,0,0,283
08/22/2018,ACK,MA,ANE,EN,Towers with Radar,10,145,68,3,226,0,28,13,3,44,10,173,81,6,270,0,0,0,270
08/23/2018,ACK,MA,ANE,EN,Towers with Radar,10,95,32,4,141,0,165,118,2,285,10,260,150,6,426,0,8,8,434
08/24/2018,ACK,MA,ANE,EN,Towers with Radar,22,87,71,0,180,0,167,164,0,331,22,254,235,0,511,0,0,0,511
08/25/2018,ACK,MA,ANE,EN,Towers with Radar,26,77,33,0,136,0,78,98,0,176,26,155,131,0,312,0,0,0,312
08/26/2018,ACK,MA,ANE,EN,Towers with Radar,24,116,55,5,200,0,120,111,12,243,24,236,166,17,443,0,0,0,443
08/27/2018,ACK,MA,ANE,EN,Towers with Radar,10,91,37,2,140,0,136,112,0,248,10,227,149,2,388,0,0,0,388
08/28/2018,ACK,MA,ANE,EN,Towers with Radar,10,95,52,0,157,0,80,75,0,155,10,175,127,0,312,0,0,0,312
08/29/2018,ACK,MA,ANE,EN,Towers with Radar,10,75,41,0,126,0,118,89,0,207,10,193,130,0,333,0,0,0,333
08/30/2018,ACK,MA,ANE,EN,Towers with Radar,10,108,56,2,176,0,124,76,4,204,10,232,132,6,380,0,0,0,380
08/31/2018,ACK,MA,ANE,EN,Towers with Radar,20,146,88,3,257,0,152,126,0,278,20,298,214,3,535,0,0,0,535
09/01/2018,ACK,MA,ANE,EN,Towers with Radar,26,73,38,0,137,0,72,84,0,156,26,145,122,0,293,0,0,0,293
09/02/2018,ACK,MA,ANE,EN,Towers with Radar,24,78,41,0,143,0,70,60,0,130,24,148,101,0,273,0,0,0,273
09/03/2018,ACK,MA,ANE,EN,Towers with Radar,14,331,175,0,520,0,6,21,0,27,14,337,196,0,547,0,0,0,547
09/04/2018,ACK,MA,ANE,EN,Towers with Radar,12,118,51,0,181,0,108,62,0,170,12,226,113,0,351,0,0,0,351
09/05/2018,ACK,MA,ANE,EN,Towers with Radar,6,56,31,1,94,0,104,79,0,183,6,160,110,1,277,0,0,0,277
09/06/2018,ACK,MA,ANE,EN,Towers with Radar,8,129,65,0,202,0,19,14,0,33,8,148,79,0,235,0,0,0,235
09/07/2018,ACK,MA,ANE,EN,Towers with Radar,12,109,43,1,165,0,99,80,0,179,12,208,123,1,344,0,0,0,344
09/08/2018,ACK,MA,ANE,EN,Towers with Radar,8,59,23,0,90,0,69,61,0,130,8,128,84,0,220,0,0,0,220
09/09/2018,ACK,MA,ANE,EN,Towers with Radar,12,101,52,0,165,0,101,52,0,153,12,202,104,0,318,0,0,0,318
09/10/2018,ACK,MA,ANE,EN,Towers with Radar,8,79,21,0,108,0,77,40,0,117,8,156,61,0,225,0,0,0,225
09/11/2018,ACK,MA,ANE,EN,Towers with Radar,6,144,38,0,188,0,15,17,0,32,6,159,55,0,220,0,0,0,220
09/12/2018,ACK,MA,ANE,EN,Towers with Radar,6,124,34,0,164,0,0,0,0,0,6,124,34,0,164,0,0,0,164
09/13/2018,ACK,MA,ANE,EN,Towers with Radar,8,179,77,6,270,0,17,16,0,33,8,196,93,6,303,0,0,0,303
09/14/2018,ACK,MA,ANE,EN,Towers with Radar,12,103,71,0,186,0,101,70,0,171,12,204,141,0,357,0,0,0,357
09/15/2018,ACK,MA,ANE,EN,Towers with Radar,6,67,25,0,98,0,65,72,0,137,6,132,97,0,235,0,0,0,235
09/16/2018,ACK,MA,ANE,EN,Towers with Radar,12,96,57,0,165,0,143,109,0,252,12,239,166,0,417,0,0,0,417
09/17/2018,ACK,MA,ANE,EN,Towers with Radar,8,59,24,1,92,0,103,50,0,153,8,162,74,1,245,0,0,0,245
09/18/2018,ACK,MA,ANE,EN,Towers with Radar,4,69,24,2,99,0,36,11,0,47,4,105,35,2,146,0,0,0,146
09/19/2018,ACK,MA,ANE,EN,Towers with Radar,4,114,41,2,161,0,8,17,0,25,4,122,58,2,186,0,0,0,186
09/20/2018,ACK,MA,ANE,EN,Towers with Radar,6,141,64,0,211,0,41,35,0,76,6,182,99,0,287,0,0,0,287
09/21/2018,ACK,MA,ANE,EN,Towers with Radar,10,70,19,2,101,0,101,86,4,191,10,171,105,6,292,0,0,0,292
09/22/2018,ACK,MA,ANE,EN,Towers with Radar,4,42,21,0,67,0,52,48,0,100,4,94,69,0,167,12,0,12,179
09/23/2018,ACK,MA,ANE,EN,Towers with Radar,10,79,42,0,131,0,84,60,0,144,10,163,102,0,275,0,0,0,275
09/24/2018,ACK,MA,ANE,EN,Towers with Radar,4,62,29,0,95,0,78,52,0,130,4,140,81,0,225,8,0,8,233
09/25/2018,ACK,MA,ANE,EN,Towers with Radar,2,73,13,0,88,0,50,15,0,65,2,123,28,0,153,0,0,0,153
09/26/2018,ACK,MA,ANE,EN,Towers with Radar,2,100,31,2,135,0,23,5,0,28,2,123,36,2,163,0,0,0,163
09/27/2018,ACK,MA,ANE,EN,Towers with Radar,4,96,42,0,142,0,84,62,0,146,4,180,104,0,288,0,0,0,288
09/28/2018,ACK,MA,ANE,EN,Towers with Radar,7,156,50,0,213,1,0,0,0,1,8,156,50,0,214,0,0,0,214
09/29/2018,ACK,MA,ANE,EN,Towers with Radar,4,51,17,0,72,0,75,76,0,151,4,126,93,0,223,10,0,10,233
09/30/2018,ACK,MA,ANE,EN,Towers with Radar,8,53,32,0,93,0,105,121,0,226,8,158,153,0,319,0,0,0,319
10/01/2018,ACK,MA,ANE,EN,Towers with Radar,4,51,21,8,84,0,93,48,9,150,4,144,69,17,234,0,0,0,234
10/02/2018,ACK,MA,ANE,EN,Towers with Radar,2,92,16,4,114,0,36,27,3,66,2,128,43,7,180,12,0,12,192
10/03/2018,ACK,MA,ANE,EN,Towers with Radar,2,122,50,0,174,0,3,4,0,7,2,125,54,0,181,0,0,0,181
10/04/2018,ACK,MA,ANE,EN,Towers with Radar,6,141,44,3,194,0,34,35,2,71,6,175,79,5,265,0,4,4,269
10/05/2018,ACK,MA,ANE,EN,Towers with Radar,8,187,72,0,267,0,80,78,0,158,8,267,150,0,425,0,0,0,425
10/06/2018,ACK,MA,ANE,EN,Towers with Radar,6,55,26,0,87,0,71,86,0,157,6,126,112,0,244,0,0,0,244
10/07/2018,ACK,MA,ANE,EN,Towers with Radar,8,130,63,0,201,0,9,5,0,14,8,139,68,0,215,0,0,0,215
10/08/2018,ACK,MA,ANE,EN,Towers with Radar,8,170,81,0,259,0,36,55,0,91,8,206,136,0,350,0,0,0,350
10/09/2018,ACK,MA,ANE,EN,Towers with Radar,4,89,35,1,129,0,39,39,0,78,4,128,74,1,207,0,0,0,207
10/10/2018,ACK,MA,ANE,EN,Towers with Radar,0,101,40,3,144,0,0,2,0,2,0,101,42,3,146,0,0,0,146
10/11/2018,ACK,MA,ANE,EN,Towers with Radar,2,90,26,0,118,0,17,6,0,23,2,107,32,0,141,0,0,0,141
10/12/2018,ACK,MA,ANE,EN,Towers with Radar,2,44,17,0,63,0,27,25,0,52,2,71,42,0,115,0,0,0,115
10/13/2018,ACK,MA,ANE,EN,Towers with Radar,0,44,11,0,55,0,37,23,0,60,0,81,34,0,115,8,0,8,123
10/14/2018,ACK,MA,ANE,EN,Towers with Radar,4,25,16,0,45,0,72,88,0,160,4,97,104,0,205,0,0,0,205
10/15/2018,ACK,MA,ANE,EN,Towers with Radar,2,65,18,0,85,0,54,21,0,75,2,119,39,0,160,0,0,0,160
10/16/2018,ACK,MA,ANE,EN,Towers with Radar,0,15,5,0,20,0,85,51,2,138,0,100,56,2,158,2,0,2,160
10/17/2018,ACK,MA,ANE,EN,Towers with Radar,0,14,7,0,21,0,67,40,0,107,0,81,47,0,128,0,0,0,128
10/18/2018,ACK,MA,ANE,EN,Towers with Radar,2,12,3,4,21,0,62,62,3,127,2,74,65,7,148,0,0,0,148
10/19/2018,ACK,MA,ANE,EN,Towers with Radar,2,25,12,0,39,0,74,68,0,142,2,99,80,0,181,0,0,0,181
10/20/2018,ACK,MA,ANE,EN,Towers with Radar,0,17,14,0,31,0,25,34,0,59,0,42,48,0,90,0,0,0,90
10/21/2018,ACK,MA,ANE,EN,Towers with Radar,2,39,14,0,55,0,27,26,2,55,2,66,40,2,110,0,0,0,110
10/22/2018,ACK,MA,ANE,EN,Towers with Radar,2,18,5,0,25,0,59,64,0,123,2,77,69,0,148,4,0,4,152
10/23/2018,ACK,MA,ANE,EN,Towers with Radar,0,19,9,0,28,0,59,38,0,97,0,78,47,0,125,0,0,0,125
10/24/2018,ACK,MA,ANE,EN,Towers with Radar,0,48,17,0,65,0,39,35,2,76,0,87,52,2,141,0,0,0,141
10/25/2018,ACK,MA,ANE,EN,Towers with Radar,0,19,11,0,30,0,57,42,0,99,0,76,53,0,129,0,0,0,129
10/26/2018,ACK,MA,ANE,EN,Towers with Radar,0,10,9,0,19,0,65,56,0,121,0,75,65,0,140,0,0,0,140
10/27/2018,ACK,MA,ANE,EN,Towers with Radar,0,2,5,0,7,0,1,0,0,1,0,3,5,0,8,0,0,0,8
10/28/2018,ACK,MA,ANE,EN,Towers with Radar,0,30,13,0,43,0,23,8,0,31,0,53,21,0,74,0,0,0,74
10/29/2018,ACK,MA,ANE,EN,Towers with Radar,0,24,6,0,30,0,61,41,0,102,0,85,47,0,132,0,0,0,132
10/30/2018,ACK,MA,ANE,EN,Towers with Radar,0,15,6,5,26,0,62,54,1,117,0,77,60,6,143,0,0,0,143
10/31/2018,ACK,MA,ANE,EN,Towers with Radar,0,9,7,0,16,0,48,73,0,121,0,57,80,0,137,0,0,0,137
11/01/2018,ACK,MA,ANE,EN,Towers with Radar,0,19,5,4,28,0,53,39,0,92,0,72,44,4,120,0,0,0,120
11/02/2018,ACK,MA,ANE,EN,Towers with Radar,0,37,15,0,52,0,20,21,0,41,0,57,36,0,93,0,0,0,93
11/03/2018,ACK,MA,ANE,EN,Towers with Radar,0,18,7,0,25,0,2,1,0,3,0,20,8,0,28,0,0,0,28
11/04/2018,ACK,MA,ANE,EN,Towers with Radar,0,14,16,0,30,0,36,56,0,92,0,50,72,0,122,0,0,0,122
11/05/2018,ACK,MA,ANE,EN,Towers with Radar,0,27,7,0,34,0,41,34,0,75,0,68,41,0,109,0,0,0,109
11/06/2018,ACK,MA,ANE,EN,Towers with Radar,0,41,21,2,64,0,0,0,0,0,0,41,21,2,64,0,0,0,64
11/07/2018,ACK,MA,ANE,EN,Towers with Radar,0,17,2,0,19,0,68,45,0,113,0,85,47,0,132,0,0,0,132
11/08/2018,ACK,MA,ANE,EN,Towers with Radar,0,10,4,5,19,0,70,42,0,112,0,80,46,5,131,0,0,0,131
11/09/2018,ACK,MA,ANE,EN,Towers with Radar,0,25,9,0,34,0,64,43,0,107,0,89,52,0,141,0,0,0,141
11/10/2018,ACK,MA,ANE,EN,Towers with Radar,0,19,16,0,35,0,16,7,0,23,0,35,23,0,58,0,0,0,58
11/11/2018,ACK,MA,ANE,EN,Towers with Radar,0,11,2,0,13,5,35,19,0,59,5,46,21,0,72,0,0,0,72
11/12/2018,ACK,MA,ANE,EN,Towers with Radar,0,6,4,0,10,0,53,64,0,117,0,59,68,0,127,0,0,0,127
11/13/2018,ACK,MA,ANE,EN,Towers with Radar,0,48,21,0,69,0,5,11,0,16,0,53,32,0,85,0,0,0,85
11/14/2018,ACK,MA,ANE,EN,Towers with Radar,0,11,1,0,12,0,68,44,0,112,0,79,45,0,124,0,0,0,124
11/15/2018,ACK,MA,ANE,EN,Towers with Radar,0,14,4,0,18,0,54,35,1,90,0,68,39,1,108,0,0,0,108
11/16/2018,ACK,MA,ANE,EN,Towers with Radar,0,43,19,0,62,0,11,6,0,17,0,54,25,0,79,0,0,0,79
11/17/2018,ACK,MA,ANE,EN,Towers with Radar,0,14,5,0,19,0,25,34,0,59,0,39,39,0,78,0,0,0,78
11/18/2018,ACK,MA,ANE,EN,Towers with Radar,0,17,7,0,24,0,32,14,0,46,0,49,21,0,70,0,0,0,70
11/19/2018,ACK,MA,ANE,EN,Towers with Radar,0,29,18,1,48,0,52,37,4,93,0,81,55,5,141,16,0,16,157
11/20/2018,ACK,MA,ANE,EN,Towers with Radar,0,127,49,6,182,0,9,12,1,22,0,136,61,7,204,0,0,0,204
11/21/2018,ACK,MA,ANE,EN,Towers with Radar,0,79,18,0,97,0,97,59,0,156,0,176,77,0,253,0,0,0,253
11/22/2018,ACK,MA,ANE,EN,Towers with Radar,0,8,3,0,11,0,31,5,0,36,0,39,8,0,47,0,0,0,47
11/23/2018,ACK,MA,ANE,EN,Towers with Radar,0,31,9,0,40,0,51,53,0,104,0,82,62,0,144,0,0,0,144
11/24/2018,ACK,MA,ANE,EN,Towers with Radar,0,58,17,0,75,0,39,30,0,69,0,97,47,0,144,0,0,0,144
11/25/2018,ACK,MA,ANE,EN,Towers with Radar,0,136,59,2,197,0,3,3,0,6,0,139,62,2,203,0,0,0,203
11/26/2018,ACK,MA,ANE,EN,Towers with Radar,0,44,8,12,64,0,39,32,0,71,0,83,40,12,135,0,0,0,135
11/27/2018,ACK,MA,ANE,EN,Towers with Radar,0,31,2,0,33,0,39,36,0,75,0,70,38,0,108,0,0,0,108
11/28/2018,ACK,MA,ANE,EN,Towers with Radar,0,33,5,0,38,0,59,33,0,92,0,92,38,0,130,0,0,0,130
11/29/2018,ACK,MA,ANE,EN,Towers with Radar,0,42,8,0,50,0,118,48,0,166,0,160,56,0,216,0,0,0,216
11/30/2018,ACK,MA,ANE,EN,Towers with Radar,0,110,57,0,167,0,100,64,1,165,0,210,121,1,332,0,0,0,332
12/01/2018,ACK,MA,ANE,EN,Towers with Radar,0,27,40,0,67,0,21,84,0,105,0,48,124,0,172,2,0,2,174
12/02/2018,ACK,MA,ANE,EN,Towers with Radar,0,205,64,0,269,0,0,0,0,0,0,205,64,0,269,0,0,0,269
12/03/2018,ACK,MA,ANE,EN,Towers with Radar,0,44,33,0,77,0,35,26,0,61,0,79,59,0,138,0,2,2,140
12/04/2018,ACK,MA,ANE,EN,Towers with Radar,0,21,1,0,22,0,61,40,0,101,0,82,41,0,123,0,0,0,123
12/05/2018,ACK,MA,ANE,EN,Towers with Radar,0,13,5,0,18,0,46,38,0,84,0,59,43,0,102,0,0,0,102
12/06/2018,ACK,MA,ANE,EN,Towers with Radar,0,9,2,0,11,0,68,39,0,107,0,77,41,0,118,0,0,0,118
12/07/2018,ACK,MA,ANE,EN,Towers with Radar,0,9,3,0,12,0,64,42,0,106,0,73,45,0,118,0,0,0,118
12/08/2018,ACK,MA,ANE,EN,Towers with Radar,0,8,2,0,10,0,23,26,0,49,0,31,28,0,59,0,0,0,59
12/09/2018,ACK,MA,ANE,EN,Towers with Radar,0,11,2,0,13,0,27,31,0,58,0,38,33,0,71,0,0,0,71
12/10/2018,ACK,MA,ANE,EN,Towers with Radar,0,12,0,0,12,0,64,34,0,98,0,76,34,0,110,0,0,0,110
12/11/2018,ACK,MA,ANE,EN,Towers with Radar,0,16,3,0,19,0,63,45,2,110,0,79,48,2,129,0,0,0,129
12/12/2018,ACK,MA,ANE,EN,Towers with Radar,0,12,2,0,14,0,56,37,0,93,0,68,39,0,107,0,0,0,107
12/13/2018,ACK,MA,ANE,EN,Towers with Radar,0,11,4,0,15,0,55,41,0,96,0,66,45,0,111,0,0,0,111
12/14/2018,ACK,MA,ANE,EN,Towers with Radar,0,15,5,0,20,0,50,46,0,96,0,65,51,0,116,0,0,0,116
12/15/2018,ACK,MA,ANE,EN,Towers with Radar,0,25,10,0,35,0,4,5,0,9,0,29,15,0,44,0,0,0,44
12/16/2018,ACK,MA,ANE,EN,Towers with Radar,0,19,9,0,28,0,14,3,0,17,0,33,12,0,45,0,0,0,45
12/17/2018,ACK,MA,ANE,EN,Towers with Radar,0,50,18,0,68,0,16,14,0,30,0,66,32,0,98,0,0,0,98
12/18/2018,ACK,MA,ANE,EN,Towers with Radar,0,11,1,0,12,0,59,36,0,95,0,70,37,0,107,0,0,0,107
12/19/2018,ACK,MA,ANE,EN,Towers with Radar,0,8,0,2,10,0,61,50,0,111,0,69,50,2,121,12,0,12,133
12/20/2018,ACK,MA,ANE,EN,Towers with Radar,0,9,9,5,23,0,63,48,6,117,0,72,57,11,140,0,0,0,140
12/21/2018,ACK,MA,ANE,EN,Towers with Radar,0,11,4,0,15,0,8,1,0,9,0,19,5,0,24,0,0,0,24
12/22/2018,ACK,MA,ANE,EN,Towers with Radar,0,21,9,1,31,0,8,6,2,16,0,29,15,3,47,0,0,0,47
12/23/2018,ACK,MA,ANE,EN,Towers with Radar,0,3,4,0,7,0,33,38,0,71,0,36,42,0,78,0,0,0,78
12/24/2018,ACK,MA,ANE,EN,Towers with Radar,0,17,1,0,18,0,19,11,0,30,0,36,12,0,48,0,0,0,48
12/25/2018,ACK,MA,ANE,EN,Towers with Radar,0,8,0,0,8,0,12,3,0,15,0,20,3,0,23,0,0,0,23
12/26/2018,ACK,MA,ANE,EN,Towers with Radar,0,8,6,0,14,0,62,39,0,101,0,70,45,0,115,0,0,0,115
12/27/2018,ACK,MA,ANE,EN,Towers with Radar,0,10,1,0,11,0,53,45,0,98,0,63,46,0,109,0,0,0,109
12/28/2018,ACK,MA,ANE,EN,Towers with Radar,0,36,11,0,47,0,11,12,0,23,0,47,23,0,70,0,0,0,70
12/29/2018,ACK,MA,ANE,EN,Towers with Radar,0,12,5,0,17,0,17,7,0,24,0,29,12,0,41,0,0,0,41
12/30/2018,ACK,MA,ANE,EN,Towers with Radar,0,8,8,0,16,0,24,18,0,42,0,32,26,0,58,0,0,0,58
12/31/2018,ACK,MA,ANE,EN,Towers with Radar,0,15,5,0,20,0,57,40,0,97,0,72,45,0,117,0,0,0,117
01/01/2019,ACK,MA,ANE,EN,Towers with Radar,0,20,2,0,22,0,29,4,0,33,0,49,6,0,55,0,0,0,55
01/02/2019,ACK,MA,ANE,EN,Towers with Radar,0,15,5,0,20,0,53,42,0,95,0,68,47,0,115,2,0,2,117
01/03/2019,ACK,MA,ANE,EN,Towers with Radar,0,42,9,0,51,0,29,23,0,52,0,71,32,0,103,0,0,0,103
01/04/2019,ACK,MA,ANE,EN,Towers with Radar,0,7,7,11,25,0,56,43,4,103,0,63,50,15,128,0,0,0,128
01/05/2019,ACK,MA,ANE,EN,Towers with Radar,0,35,12,0,47,0,0,0,0,0,0,35,12,0,47,0,0,0,47
01/06/2019,ACK,MA,ANE,EN,Towers with Radar,0,6,0,0,6,0,20,12,0,32,0,26,12,0,38,0,0,0,38
01/07/2019,ACK,MA,ANE,EN,Towers with Radar,0,12,2,6,20,0,56,52,0,108,0,68,54,6,128,0,0,0,128
01/08/2019,ACK,MA,ANE,EN,Towers with Radar,0,35,13,0,48,0,14,15,0,29,0,49,28,0,77,0,0,0,77
01/09/2019,ACK,MA,ANE,EN,Towers with Radar,0,23,8,0,31,0,42,21,0,63,0,65,29,0,94,0,0,0,94
01/10/2019,ACK,MA,ANE,EN,Towers with Radar,0,11,3,0,14,0,48,27,0,75,0,59,30,0,89,0,0,0,89
01/11/2019,ACK,MA,ANE,EN,Towers with Radar,0,15,5,1,21,0,46,40,1,87,0,61,45,2,108,0,0,0,108
01/12/2019,ACK,MA,ANE,EN,Towers with Radar,0,3,1,1,5,0,22,26,2,50,0,25,27,3,55,0,0,0,55
01/13/2019,ACK,MA,ANE,EN,Towers with Radar,0,8,3,0,11,0,22,21,0,43,0,30,24,0,54,0,0,0,54
01/14/2019,ACK,MA,ANE,EN,Towers with Radar,0,23,7,0,30,0,38,33,0,71,0,61,40,0,101,0,0,0,101
01/15/2019,ACK,MA,ANE,EN,Towers with Radar,0,10,3,0,13,0,55,50,0,105,0,65,53,0,118,0,0,0,118
01/16/2019,ACK,MA,ANE,EN,Towers with Radar,0,19,1,0,20,0,43,46,0,89,0,62,47,0,109,0,0,0,109
01/17/2019,ACK,MA,ANE,EN,Towers with Radar,0,12,2,0,14,0,50,27,0,77,0,62,29,0,91,0,0,0,91
01/18/2019,ACK,MA,ANE,EN,Towers with Radar,0,56,11,0,67,0,6,23,0,29,0,62,34,0,96,0,0,0,96
01/19/2019,ACK,MA,ANE,EN,Towers with Radar,0,17,7,0,24,0,8,9,0,17,0,25,16,0,41,0,0,0,41
01/20/2019,ACK,MA,ANE,EN,Towers with Radar,0,0,0,0,0,0,0,0,0,0,0,0,0,0,0,0,0,0,0
01/21/2019,ACK,MA,ANE,EN,Towers with Radar,0,23,9,0,32,0,15,18,0,33,0,38,27,0,65,0,0,0,65
01/22/2019,ACK,MA,ANE,EN,Towers with Radar,0,11,3,2,16,0,51,30,3,84,0,62,33,5,100,6,0,6,106
01/23/2019,ACK,MA,ANE,EN,Towers with Radar,0,8,4,8,20,0,57,27,13,97,0,65,31,21,117,0,0,0,117
01/24/2019,ACK,MA,ANE,EN,Towers with Radar,0,8,8,0,16,0,13,10,0,23,0,21,18,0,39,0,0,0,39
01/25/2019,ACK,MA,ANE,EN,Towers with Radar,0,14,3,0,17,0,53,43,0,96,0,67,46,0,113,0,0,0,113
01/26/2019,ACK,MA,ANE,EN,Towers with Radar,0,5,3,2,10,0,21,23,2,46,0,26,26,4,56,0,0,0,56
01/27/2019,ACK,MA,ANE,EN,Towers with Radar,0,3,0,0,3,0,27,13,0,40,0,30,13,0,43,0,0,0,43
01/28/2019,ACK,MA,ANE,EN,Towers with Radar,0,11,4,0,15,0,49,48,0,97,0,60,52,0,112,0,0,0,112
01/29/2019,ACK,MA,ANE,EN,Towers with Radar,0,11,1,3,15,0,47,32,0,79,0,58,33,3,94,0,0,0,94
01/30/2019,ACK,MA,ANE,EN,Towers with Radar,0,19,17,0,36,0,44,25,0,69,0,63,42,0,105,0,0,0,105
01/31/2019,ACK,MA,ANE,EN,Towers with Radar,0,10,0,2,12,0,51,17,0,68,0,61,17,2,80,0,0,0,80
02/01/2019,ACK,MA,ANE,EN,Towers with Radar,0,12,1,0,13,0,46,40,0,86,0,58,41,0,99,0,0,0,99
02/02/2019,ACK,MA,ANE,EN,Towers with Radar,0,7,1,0,8,0,27,27,0,54,0,34,28,0,62,0,0,0,62
02/03/2019,ACK,MA,ANE,EN,Towers with Radar,0,6,2,0,8,0,22,18,0,40,0,28,20,0,48,0,0,0,48
02/04/2019,ACK,MA,ANE,EN,Towers with Radar,0,28,8,0,36,0,46,34,0,80,0,74,42,0,116,0,0,0,116
02/05/2019,ACK,MA,ANE,EN,Towers with Radar,0,31,18,2,51,0,25,16,2,43,0,56,34,4,94,0,0,0,94
02/06/2019,ACK,MA,ANE,EN,Towers with Radar,0,14,2,5,21,0,60,36,5,101,0,74,38,10,122,0,0,0,122
02/07/2019,ACK,MA,ANE,EN,Towers with Radar,0,56,11,0,67,0,0,0,0,0,0,56,11,0,67,0,0,0,67
02/08/2019,ACK,MA,ANE,EN,Towers with Radar,0,44,15,0,59,0,13,11,0,24,0,57,26,0,83,0,0,0,83
02/09/2019,ACK,MA,ANE,EN,Towers with Radar,0,4,0,0,4,0,26,9,0,35,0,30,9,0,39,0,0,0,39
02/10/2019,ACK,MA,ANE,EN,Towers with Radar,0,6,10,9,25,0,19,28,9,56,0,25,38,18,81,0,0,0,81
02/11/2019,ACK,MA,ANE,EN,Towers with Radar,0,11,4,0,15,0,60,42,0,102,0,71,46,0,117,0,0,0,117
02/12/2019,ACK,MA,ANE,EN,Towers with Radar,0,12,3,0,15,0,24,17,2,43,0,36,20,2,58,0,0,0,58
02/13/2019,ACK,MA,ANE,EN,Towers with Radar,0,33,12,1,46,0,28,12,1,41,0,61,24,2,87,0,0,0,87
02/14/2019,ACK,MA,ANE,EN,Towers with Radar,0,10,2,0,12,0,54,35,0,89,0,64,37,0,101,0,0,0,101
02/15/2019,ACK,MA,ANE,EN,Towers with Radar,0,20,2,0,22,0,41,21,0,62,0,61,23,0,84,0,0,0,84
02/16/2019,ACK,MA,ANE,EN,Towers with Radar,0,9,11,2,22,0,25,30,2,57,0,34,41,4,79,0,0,0,79
02/17/2019,ACK,MA,ANE,EN,Towers with Radar,0,11,7,2,20,0,24,30,0,54,0,35,37,2,74,0,0,0,74
02/18/2019,ACK,MA,ANE,EN,Towers with Radar,0,20,8,0,28,0,0,0,0,0,0,20,8,0,28,0,0,0,28
02/19/2019,ACK,MA,ANE,EN,Towers with Radar,0,12,4,6,22,0,48,45,0,93,0,60,49,6,115,0,0,0,115
02/20/2019,ACK,MA,ANE,EN,Towers with Radar,0,12,5,0,17,0,46,31,0,77,0,58,36,0,94,0,0,0,94
02/21/2019,ACK,MA,ANE,EN,Towers with Radar,0,33,12,0,45,0,23,11,0,34,0,56,23,0,79,0,0,0,79
02/22/2019,ACK,MA,ANE,EN,Towers with Radar,0,11,2,0,13,0,54,41,0,95,0,65,43,0,108,0,0,0,108
02/23/2019,ACK,MA,ANE,EN,Towers with Radar,0,9,4,0,13,0,19,28,0,47,0,28,32,0,60,0,0,0,60
02/24/2019,ACK,MA,ANE,EN,Towers with Radar,0,6,0,0,6,0,0,0,0,0,0,6,0,0,6,0,0,0,6
02/25/2019,ACK,MA,ANE,EN,Towers with Radar,0,0,1,0,1,0,10,9,0,19,0,10,10,0,20,0,0,0,20
02/26/2019,ACK,MA,ANE,EN,Towers with Radar,0,10,1,0,11,0,46,22,0,68,0,56,23,0,79,0,0,0,79
02/27/2019,ACK,MA,ANE,EN,Towers with Radar,0,10,1,1,12,0,48,33,2,83,0,58,34,3,95,0,2,2,97
02/28/2019,ACK,MA,ANE,EN,Towers with Radar,0,29,2,0,31,0,14,14,0,28,0,43,16,0,59,0,0,0,59
03/01/2019,ACK,MA,ANE,EN,Towers with Radar,0,11,5,1,17,0,51,39,1,91,0,62,44,2,108,0,0,0,108
03/02/2019,ACK,MA,ANE,EN,Towers with Radar,0,10,0,0,10,0,0,0,0,0,0,10,0,0,10,0,0,0,10
03/03/2019,ACK,MA,ANE,EN,Towers with Radar,0,6,4,2,12,0,20,14,0,34,0,26,18,2,46,0,0,0,46
03/04/2019,ACK,MA,ANE,EN,Towers with Radar,0,37,5,0,42,0,18,7,0,25,0,55,12,0,67,0,0,0,67
03/05/2019,ACK,MA,ANE,EN,Towers with Radar,0,9,3,0,12,0,57,32,0,89,0,66,35,0,101,0,0,0,101
03/06/2019,ACK,MA,ANE,EN,Towers with Radar,0,14,3,2,19,0,56,25,0,81,0,70,28,2,100,0,0,0,100
03/07/2019,ACK,MA,ANE,EN,Towers with Radar,0,12,1,1,14,0,53,34,1,88,0,65,35,2,102,0,0,0,102
03/08/2019,ACK,MA,ANE,EN,Towers with Radar,0,19,2,0,21,0,47,46,0,93,0,66,48,0,114,0,0,0,114
03/09/2019,ACK,MA,ANE,EN,Towers with Radar,0,6,6,0,12,0,29,35,0,64,0,35,41,0,76,0,0,0,76
03/10/2019,ACK,MA,ANE,EN,Towers with Radar,0,15,0,0,15,0,8,1,0,9,0,23,1,0,24,0,0,0,24
03/11/2019,ACK,MA,ANE,EN,Towers with Radar,0,16,0,0,16,0,44,31,0,75,0,60,31,0,91,0,0,0,91
03/12/2019,ACK,MA,ANE,EN,Towers with Radar,0,16,1,0,17,0,53,42,0,95,0,69,43,0,112,0,0,0,112
03/13/2019,ACK,MA,ANE,EN,Towers with Radar,0,13,8,0,21,0,46,42,0,88,0,59,50,0,109,0,0,0,109
03/14/2019,ACK,MA,ANE,EN,Towers with Radar,0,8,7,0,15,0,55,29,0,84,0,63,36,0,99,0,0,0,99
03/15/2019,ACK,MA,ANE,EN,Towers with Radar,0,35,6,0,41,0,29,17,0,46,0,64,23,0,87,0,0,0,87
03/16/2019,ACK,MA,ANE,EN,Towers with Radar,0,3,3,0,6,0,31,34,0,65,0,34,37,0,71,0,0,0,71
03/17/2019,ACK,MA,ANE,EN,Towers with Radar,0,2,3,0,5,0,23,27,0,50,0,25,30,0,55,0,0,0,55
03/18/2019,ACK,MA,ANE,EN,Towers with Radar,0,8,5,1,14,0,59,42,3,104,0,67,47,4,118,0,0,0,118
03/19/2019,ACK,MA,ANE,EN,Towers with Radar,0,12,4,0,16,0,53,51,0,104,0,65,55,0,120,4,0,4,124
03/20/2019,ACK,MA,ANE,EN,Towers with Radar,0,11,3,1,15,0,52,77,2,131,0,63,80,3,146,2,0,2,148
03/21/2019,ACK,MA,ANE,EN,Towers with Radar,0,8,4,0,12,0,57,38,0,95,0,65,42,0,107,0,0,0,107
03/22/2019,ACK,MA,ANE,EN,Towers with Radar,0,53,10,0,63,0,2,7,0,9,0,55,17,0,72,0,0,0,72
03/23/2019,ACK,MA,ANE,EN,Towers with Radar,0,3,2,0,5,0,26,7,0,33,0,29,9,0,38,0,0,0,38
03/24/2019,ACK,MA,ANE,EN,Towers with Radar,0,3,4,0,7,0,25,25,0,50,0,28,29,0,57,0,0,0,57
03/25/2019,ACK,MA,ANE,EN,Towers with Radar,0,10,3,0,13,0,50,31,0,81,0,60,34,0,94,0,0,0,94
03/26/2019,ACK,MA,ANE,EN,Towers with Radar,0,9,8,0,17,0,48,27,0,75,0,57,35,0,92,0,0,0,92
03/27/2019,ACK,MA,ANE,EN,Towers with Radar,0,10,5,0,15,0,53,36,4,93,0,63,41,4,108,0,0,0,108
03/28/2019,ACK,MA,ANE,EN,Towers with Radar,0,12,6,0,18,0,61,43,0,104,0,73,49,0,122,0,0,0,122
03/29/2019,ACK,MA,ANE,EN,Towers with Radar,0,13,14,0,27,0,62,22,0,84,0,75,36,0,111,0,0,0,111
03/30/2019,ACK,MA,ANE,EN,Towers with Radar,0,2,2,0,4,0,26,19,0,45,0,28,21,0,49,0,0,0,49
03/31/2019,ACK,MA,ANE,EN,Towers with Radar,0,11,3,0,14,0,15,5,0,20,0,26,8,0,34,0,0,0,34
04/01/2019,ACK,MA,ANE,EN,Towers with Radar,0,11,5,0,16,0,57,40,0,97,0,68,45,0,113,0,0,0,113
04/02/2019,ACK,MA,ANE,EN,Towers with Radar,0,13,2,0,15,0,52,47,2,101,0,65,49,2,116,0,0,0,116
04/03/2019,ACK,MA,ANE,EN,Towers with Radar,0,10,6,0,16,0,32,8,0,40,0,42,14,0,56,0,0,0,56
04/04/2019,ACK,MA,ANE,EN,Towers with Radar,0,11,8,0,19,0,59,32,2,93,0,70,40,2,112,0,0,0,112
04/05/2019,ACK,MA,ANE,EN,Towers with Radar,0,19,14,0,33,0,61,65,2,128,0,80,79,2,161,0,0,0,161
04/06/2019,ACK,MA,ANE,EN,Towers with Radar,0,24,23,0,47,0,19,29,0,48,0,43,52,0,95,0,0,0,95
04/07/2019,ACK,MA,ANE,EN,Towers with Radar,0,12,2,0,14,0,31,55,4,90,0,43,57,4,104,6,0,6,110
04/08/2019,ACK,MA,ANE,EN,Towers with Radar,0,59,15,0,74,0,0,1,0,1,0,59,16,0,75,0,0,0,75
04/09/2019,ACK,MA,ANE,EN,Towers with Radar,0,62,28,2,92,0,1,0,0,1,0,63,28,2,93,0,0,0,93
04/10/2019,ACK,MA,ANE,EN,Towers with Radar,0,37,13,11,61,0,44,41,15,100,0,81,54,26,161,0,0,0,161
04/11/2019,ACK,MA,ANE,EN,Towers with Radar,0,15,8,0,23,0,67,76,8,151,0,82,84,8,174,20,2,22,196
04/12/2019,ACK,MA,ANE,EN,Towers with Radar,0,30,16,3,49,0,43,37,3,83,0,73,53,6,132,4,0,4,136
04/13/2019,ACK,MA,ANE,EN,Towers with Radar,0,29,6,0,35,0,4,2,0,6,0,33,8,0,41,0,0,0,41
04/14/2019,ACK,MA,ANE,EN,Towers with Radar,0,25,3,0,28,0,8,4,0,12,0,33,7,0,40,0,0,0,40
04/15/2019,ACK,MA,ANE,EN,Towers with Radar,0,25,16,0,41,0,2,0,0,2,0,27,16,0,43,0,0,0,43
04/16/2019,ACK,MA,ANE,EN,Towers with Radar,0,17,12,0,29,0,78,38,0,116,0,95,50,0,145,2,0,2,147
04/17/2019,ACK,MA,ANE,EN,Towers with Radar,0,19,15,3,37,0,58,73,2,133,0,77,88,5,170,12,0,12,182
04/18/2019,ACK,MA,ANE,EN,Towers with Radar,0,38,14,0,52,0,48,35,0,83,0,86,49,0,135,32,0,32,167
04/19/2019,ACK,MA,ANE,EN,Towers with Radar,0,74,17,0,91,0,13,13,0,26,0,87,30,0,117,0,0,0,117
04/20/2019,ACK,MA,ANE,EN,Towers with Radar,0,28,4,0,32,0,0,0,0,0,0,28,4,0,32,0,0,0,32
04/21/2019,ACK,MA,ANE,EN,Towers with Radar,0,48,11,0,59,0,2,0,0,2,0,50,11,0,61,0,0,0,61
04/22/2019,ACK,MA,ANE,EN,Towers with Radar,0,44,31,0,75,0,0,0,0,0,0,44,31,0,75,0,0,0,75
04/23/2019,ACK,MA,ANE,EN,Towers with Radar,0,63,11,0,74,0,4,7,0,11,0,67,18,0,85,0,0,0,85
04/24/2019,ACK,MA,ANE,EN,Towers with Radar,0,44,13,0,57,0,45,33,0,78,0,89,46,0,135,0,0,0,135
04/25/2019,ACK,MA,ANE,EN,Towers with Radar,0,35,8,2,45,0,90,81,3,174,0,125,89,5,219,0,0,0,219
04/26/2019,ACK,MA,ANE,EN,Towers with Radar,0,97,44,0,141,0,8,7,0,15,0,105,51,0,156,0,0,0,156
04/27/2019,ACK,MA,ANE,EN,Towers with Radar,0,32,24,0,56,0,30,26,0,56,0,62,50,0,112,0,0,0,112
04/28/2019,ACK,MA,ANE,EN,Towers with Radar,0,69,41,0,110,0,46,30,0,76,0,115,71,0,186,0,0,0,186
04/29/2019,ACK,MA,ANE,EN,Towers with Radar,0,20,10,0,30,0,77,33,0,110,0,97,43,0,140,0,0,0,140
04/30/2019,ACK,MA,ANE,EN,Towers with Radar,0,64,7,2,73,0,13,8,0,21,0,77,15,2,94,0,0,0,94
05/01/2019,ACK,MA,ANE,EN,Towers with Radar,0,18,10,0,28,0,66,44,3,113,0,84,54,3,141,0,0,0,141
05/02/2019,ACK,MA,ANE,EN,Towers with Radar,0,71,27,0,98,0,0,0,0,0,0,71,27,0,98,0,0,0,98
05/03/2019,ACK,MA,ANE,EN,Towers with Radar,2,72,38,2,114,0,2,5,0,7,2,74,43,2,121,0,0,0,121
05/04/2019,ACK,MA,ANE,EN,Towers with Radar,0,55,28,0,83,0,0,0,0,0,0,55,28,0,83,0,0,0,83
05/05/2019,ACK,MA,ANE,EN,Towers with Radar,2,49,12,0,63,0,1,0,0,1,2,50,12,0,64,0,0,0,64
05/06/2019,ACK,MA,ANE,EN,Towers with Radar,0,57,20,0,77,0,20,17,0,37,0,77,37,0,114,0,0,0,114
05/07/2019,ACK,MA,ANE,EN,Towers with Radar,0,25,5,3,33,0,52,36,1,89,0,77,41,4,122,0,0,0,122
05/08/2019,ACK,MA,ANE,EN,Towers with Radar,0,23,9,0,32,0,54,50,0,104,0,77,59,0,136,0,0,0,136
05/09/2019,ACK,MA,ANE,EN,Towers with Radar,0,22,4,1,27,0,79,52,2,133,0,101,56,3,160,0,0,0,160
05/10/2019,ACK,MA,ANE,EN,Towers with Radar,2,70,24,0,96,0,38,26,2,66,2,108,50,2,162,0,0,0,162
05/11/2019,ACK,MA,ANE,EN,Towers with Radar,0,20,13,0,33,0,44,41,0,85,0,64,54,0,118,0,0,0,118
05/12/2019,ACK,MA,ANE,EN,Towers with Radar,2,52,14,2,70,0,7,3,0,10,2,59,17,2,80,0,0,0,80
05/13/2019,ACK,MA,ANE,EN,Towers with Radar,0,37,12,0,49,0,42,29,0,71,0,79,41,0,120,0,0,0,120
05/14/2019,ACK,MA,ANE,EN,Towers with Radar,0,89,27,0,116,0,0,2,0,2,0,89,29,0,118,0,0,0,118
05/15/2019,ACK,MA,ANE,EN,Towers with Radar,2,51,17,0,70,0,64,59,0,123,2,115,76,0,193,0,0,0,193
05/16/2019,ACK,MA,ANE,EN,Towers with Radar,6,54,25,2,87,0,108,70,2,180,6,162,95,4,267,8,0,8,275
05/17/2019,ACK,MA,ANE,EN,Towers with Radar,10,69,30,0,109,0,85,54,2,141,10,154,84,2,250,0,0,0,250
05/18/2019,ACK,MA,ANE,EN,Towers with Radar,2,16,15,0,33,0,43,52,0,95,2,59,67,0,128,0,0,0,128
05/19/2019,ACK,MA,ANE,EN,Towers with Radar,8,85,41,0,134,0,80,55,0,135,8,165,96,0,269,0,0,0,269
05/20/2019,ACK,MA,ANE,EN,Towers with Radar,6,78,19,0,103,0,23,13,0,36,6,101,32,0,139,0,0,0,139
05/21/2019,ACK,MA,ANE,EN,Towers with Radar,2,21,8,0,31,0,68,40,0,108,2,89,48,0,139,0,0,0,139
05/22/2019,ACK,MA,ANE,EN,Towers with Radar,2,17,12,1,32,0,72,80,2,154,2,89,92,3,186,9,0,9,195
05/23/2019,ACK,MA,ANE,EN,Towers with Radar,6,95,45,0,146,0,84,47,2,133,6,179,92,2,279,0,0,0,279
05/24/2019,ACK,MA,ANE,EN,Towers with Radar,10,152,70,0,232,0,160,106,0,266,10,312,176,0,498,0,0,0,498
05/25/2019,ACK,MA,ANE,EN,Towers with Radar,4,52,56,0,112,0,74,105,0,179,4,126,161,0,291,0,0,0,291
05/26/2019,ACK,MA,ANE,EN,Towers with Radar,8,44,35,0,87,0,32,31,0,63,8,76,66,0,150,0,0,0,150
05/27/2019,ACK,MA,ANE,EN,Towers with Radar,10,171,94,1,276,0,165,159,0,324,10,336,253,1,600,0,0,0,600
05/28/2019,ACK,MA,ANE,EN,Towers with Radar,6,111,42,0,159,0,68,32,0,100,6,179,74,0,259,0,0,0,259
05/29/2019,ACK,MA,ANE,EN,Towers with Radar,1,111,49,0,161,0,9,10,0,19,1,120,59,0,180,0,0,0,180
05/30/2019,ACK,MA,ANE,EN,Towers with Radar,6,117,50,0,173,0,2,3,0,5,6,119,53,0,178,0,0,0,178
05/31/2019,ACK,MA,ANE,EN,Towers with Radar,10,126,54,5,195,0,46,34,0,80,10,172,88,5,275,0,0,0,275
06/01/2019,ACK,MA,ANE,EN,Towers with Radar,2,74,34,0,110,0,6,11,0,17,2,80,45,0,127,0,0,0,127
06/02/2019,ACK,MA,ANE,EN,Towers with Radar,10,92,42,0,144,0,12,17,0,29,10,104,59,0,173,0,0,0,173
06/03/2019,ACK,MA,ANE,EN,Towers with Radar,6,47,23,0,76,0,101,42,0,143,6,148,65,0,219,0,0,0,219
06/04/2019,ACK,MA,ANE,EN,Towers with Radar,2,46,22,2,72,0,85,56,3,144,2,131,78,5,216,0,0,0,216
06/05/2019,ACK,MA,ANE,EN,Towers with Radar,2,77,21,0,100,0,79,37,2,118,2,156,58,2,218,0,0,0,218
06/06/2019,ACK,MA,ANE,EN,Towers with Radar,8,130,26,2,166,0,36,21,0,57,8,166,47,2,223,0,0,0,223
06/07/2019,ACK,MA,ANE,EN,Towers with Radar,10,93,61,0,164,0,111,94,0,205,10,204,155,0,369,0,0,0,369
06/08/2019,ACK,MA,ANE,EN,Towers with Radar,4,64,35,0,103,0,72,84,0,156,4,136,119,0,259,0,0,0,259
06/09/2019,ACK,MA,ANE,EN,Towers with Radar,10,96,45,0,151,0,97,81,0,178,10,193,126,0,329,0,0,0,329
06/10/2019,ACK,MA,ANE,EN,Towers with Radar,8,72,39,3,122,0,72,58,7,137,8,144,97,10,259,0,0,0,259
06/11/2019,ACK,MA,ANE,EN,Towers with Radar,2,87,37,0,126,0,22,17,0,39,2,109,54,0,165,0,0,0,165
06/12/2019,ACK,MA,ANE,EN,Towers with Radar,4,108,37,0,149,0,136,81,5,222,4,244,118,5,371,2,0,2,373
06/13/2019,ACK,MA,ANE,EN,Towers with Radar,18,85,41,0,144,0,16,9,0,25,18,101,50,0,169,0,0,0,169
06/14/2019,ACK,MA,ANE,EN,Towers with Radar,19,163,81,0,263,0,107,73,0,180,19,270,154,0,443,0,0,0,443
06/15/2019,ACK,MA,ANE,EN,Towers with Radar,19,78,57,0,154,0,71,83,0,154,19,149,140,0,308,0,0,0,308
06/16/2019,ACK,MA,ANE,EN,Towers with Radar,19,134,57,0,210,0,97,36,0,133,19,231,93,0,343,0,0,0,343
06/17/2019,ACK,MA,ANE,EN,Towers with Radar,15,119,70,2,206,0,47,39,1,87,15,166,109,3,293,0,9,9,302
06/18/2019,ACK,MA,ANE,EN,Towers with Radar,7,137,65,0,209,0,17,0,0,17,7,154,65,0,226,0,0,0,226
06/19/2019,ACK,MA,ANE,EN,Towers with Radar,9,147,93,0,249,0,1,0,0,1,9,148,93,0,250,0,0,0,250
06/20/2019,ACK,MA,ANE,EN,Towers with Radar,18,180,67,0,265,0,0,0,0,0,18,180,67,0,265,0,0,0,265
06/21/2019,ACK,MA,ANE,EN,Towers with Radar,25,197,93,2,317,0,9,14,0,23,25,206,107,2,340,0,0,0,340
06/22/2019,ACK,MA,ANE,EN,Towers with Radar,30,96,52,1,179,0,97,101,2,200,30,193,153,3,379,0,0,0,379
06/23/2019,ACK,MA,ANE,EN,Towers with Radar,26,153,83,0,262,0,143,126,1,270,26,296,209,1,532,0,0,0,532
06/24/2019,ACK,MA,ANE,EN,Towers with Radar,19,127,46,0,192,0,135,91,4,230,19,262,137,4,422,0,0,0,422
06/25/2019,ACK,MA,ANE,EN,Towers with Radar,13,128,37,0,178,0,8,7,0,15,13,136,44,0,193,0,0,0,193
06/26/2019,ACK,MA,ANE,EN,Towers with Radar,13,142,61,0,216,0,35,22,2,59,13,177,83,2,275,0,0,0,275
06/27/2019,ACK,MA,ANE,EN,Towers with Radar,22,226,93,0,341,0,16,5,0,21,22,242,98,0,362,0,0,0,362
06/28/2019,ACK,MA,ANE,EN,Towers with Radar,25,182,106,0,313,0,167,101,0,268,25,349,207,0,581,0,0,0,581
06/29/2019,ACK,MA,ANE,EN,Towers with Radar,25,166,70,1,262,0,70,33,0,103,25,236,103,1,365,0,0,0,365
06/30/2019,ACK,MA,ANE,EN,Towers with Radar,27,134,70,0,231,0,105,49,0,154,27,239,119,0,385,0,0,0,385
07/01/2019,ACK,MA,ANE,EN,Towers with Radar,21,119,61,0,201,0,139,125,0,264,21,258,186,0,465,2,0,2,467
07/02/2019,ACK,MA,ANE,EN,Towers with Radar,21,131,64,6,222,0,138,103,0,241,21,269,167,6,463,0,0,0,463
07/03/2019,ACK,MA,ANE,EN,Towers with Radar,21,187,98,0,306,0,203,127,0,330,21,390,225,0,636,12,0,12,648
07/04/2019,ACK,MA,ANE,EN,Towers with Radar,23,72,51,0,146,0,88,68,0,156,23,160,119,0,302,0,0,0,302
07/05/2019,ACK,MA,ANE,EN,Towers with Radar,20,148,73,0,241,0,34,31,0,65,20,182,104,0,306,0,0,0,306
07/06/2019,ACK,MA,ANE,EN,Towers with Radar,31,197,91,0,319,0,0,0,0,0,31,197,91,0,319,0,0,0,319
07/07/2019,ACK,MA,ANE,EN,Towers with Radar,27,257,141,0,425,0,209,170,0,379,27,466,311,0,804,0,0,0,804
07/08/2019,ACK,MA,ANE,EN,Towers with Radar,21,164,79,0,264,0,154,124,0,278,21,318,203,0,542,0,0,0,542
07/09/2019,ACK,MA,ANE,EN,Towers with Radar,16,97,35,4,152,0,129,119,0,248,16,226,154,4,400,0,0,0,400
07/10/2019,ACK,MA,ANE,EN,Towers with Radar,14,114,49,4,181,0,110,86,0,196,14,224,135,4,377,0,0,0,377
07/11/2019,ACK,MA,ANE,EN,Towers with Radar,14,191,81,0,286,0,39,22,0,61,14,230,103,0,347,0,0,0,347
07/12/2019,ACK,MA,ANE,EN,Towers with Radar,26,227,93,0,346,0,76,47,2,125,26,303,140,2,471,0,0,0,471
07/13/2019,ACK,MA,ANE,EN,Towers with Radar,29,117,80,1,227,0,105,119,0,224,29,222,199,1,451,0,0,0,451
07/14/2019,ACK,MA,ANE,EN,Towers with Radar,27,178,103,2,310,0,174,151,2,327,27,352,254,4,637,0,0,0,637
07/15/2019,ACK,MA,ANE,EN,Towers with Radar,18,123,60,0,201,0,142,91,0,233,18,265,151,0,434,0,0,0,434
07/16/2019,ACK,MA,ANE,EN,Towers with Radar,13,101,41,0,155,0,89,76,0,165,13,190,117,0,320,0,0,0,320
07/17/2019,ACK,MA,ANE,EN,Towers with Radar,14,126,73,0,213,0,30,44,0,74,14,156,117,0,287,0,0,0,287
07/18/2019,ACK,MA,ANE,EN,Towers with Radar,18,264,105,0,387,0,3,3,0,6,18,267,108,0,393,0,0,0,393
07/19/2019,ACK,MA,ANE,EN,Towers with Radar,25,302,160,0,487,0,14,17,0,31,25,316,177,0,518,0,0,0,518
07/20/2019,ACK,MA,ANE,EN,Towers with Radar,30,127,84,0,241,0,113,83,0,196,30,240,167,0,437,0,0,0,437
07/21/2019,ACK,MA,ANE,EN,Towers with Radar,26,198,119,0,343,0,165,124,0,289,26,363,243,0,632,0,0,0,632
07/22/2019,ACK,MA,ANE,EN,Towers with Radar,19,156,59,0,234,0,143,84,0,227,19,299,143,0,461,0,0,0,461
07/23/2019,ACK,MA,ANE,EN,Towers with Radar,15,164,56,0,235,0,38,20,0,58,15,202,76,0,293,0,0,0,293
07/24/2019,ACK,MA,ANE,EN,Towers with Radar,15,145,60,0,220,0,76,55,0,131,15,221,115,0,351,0,0,0,351
07/25/2019,ACK,MA,ANE,EN,Towers with Radar,19,162,95,5,281,0,179,164,3,346,19,341,259,8,627,0,0,0,627
07/26/2019,ACK,MA,ANE,EN,Towers with Radar,25,195,98,3,321,0,223,157,0,380,25,418,255,3,701,0,0,0,701
07/27/2019,ACK,MA,ANE,EN,Towers with Radar,29,134,80,0,243,0,124,117,0,241,29,258,197,0,484,0,0,0,484
07/28/2019,ACK,MA,ANE,EN,Towers with Radar,26,164,101,0,291,0,170,160,0,330,26,334,261,0,621,0,0,0,621
07/29/2019,ACK,MA,ANE,EN,Towers with Radar,19,131,51,0,201,0,148,106,0,254,19,279,157,0,455,0,0,0,455
07/30/2019,ACK,MA,ANE,EN,Towers with Radar,12,128,59,1,200,0,94,69,8,171,12,222,128,9,371,0,0,0,371
07/31/2019,ACK,MA,ANE,EN,Towers with Radar,17,157,53,0,227,0,93,70,2,165,17,250,123,2,392,0,0,0,392
08/01/2019,ACK,MA,ANE,EN,Towers with Radar,18,166,83,2,269,0,111,87,0,198,18,277,170,2,467,0,0,0,467
08/02/2019,ACK,MA,ANE,EN,Towers with Radar,24,182,91,1,298,0,188,131,1,320,24,370,222,2,618,0,0,0,618
08/03/2019,ACK,MA,ANE,EN,Towers with Radar,30,154,97,0,281,0,105,80,0,185,30,259,177,0,466,0,0,0,466
08/04/2019,ACK,MA,ANE,EN,Towers with Radar,27,182,117,0,326,0,136,125,0,261,27,318,242,0,587,0,0,0,587
08/05/2019,ACK,MA,ANE,EN,Towers with Radar,19,139,77,0,235,0,171,124,2,297,19,310,201,2,532,0,0,0,532
08/06/2019,ACK,MA,ANE,EN,Towers with Radar,14,179,59,0,252,0,44,38,0,82,14,223,97,0,334,26,0,26,360
08/07/2019,ACK,MA,ANE,EN,Towers with Radar,9,120,47,0,176,0,86,39,0,125,9,206,86,0,301,0,0,0,301
08/08/2019,ACK,MA,ANE,EN,Towers with Radar,18,178,85,1,282,0,145,90,2,237,18,323,175,3,519,0,0,0,519
08/09/2019,ACK,MA,ANE,EN,Towers with Radar,23,206,116,3,348,0,176,171,0,347,23,382,287,3,695,0,0,0,695
08/10/2019,ACK,MA,ANE,EN,Towers with Radar,29,166,91,6,292,0,112,114,0,226,29,278,205,6,518,0,0,0,518
08/11/2019,ACK,MA,ANE,EN,Towers with Radar,27,200,129,0,356,0,146,132,0,278,27,346,261,0,634,0,0,0,634
08/12/2019,ACK,MA,ANE,EN,Towers with Radar,19,155,70,5,249,0,157,118,0,275,19,312,188,5,524,0,0,0,524
08/13/2019,ACK,MA,ANE,EN,Towers with Radar,15,140,57,0,212,0,59,22,0,81,15,199,79,0,293,0,0,0,293
08/14/2019,ACK,MA,ANE,EN,Towers with Radar,15,196,95,1,307,0,0,11,0,11,15,196,106,1,318,0,0,0,318
08/15/2019,ACK,MA,ANE,EN,Towers with Radar,18,208,92,0,318,0,81,97,0,178,18,289,189,0,496,6,0,6,502
08/16/2019,ACK,MA,ANE,EN,Towers with Radar,25,270,137,2,434,0,16,7,0,23,25,286,144,2,457,0,0,0,457
08/17/2019,ACK,MA,ANE,EN,Towers with Radar,34,182,88,0,304,0,32,23,0,55,34,214,111,0,359,0,0,0,359
08/18/2019,ACK,MA,ANE,EN,Towers with Radar,24,248,137,0,409,0,14,14,0,28,24,262,151,0,437,0,0,0,437
08/19/2019,ACK,MA,ANE,EN,Towers with Radar,20,258,88,1,367,0,60,51,0,111,20,318,139,1,478,0,0,0,478
08/20/2019,ACK,MA,ANE,EN,Towers with Radar,15,106,69,0,190,0,140,131,1,272,15,246,200,1,462,2,0,2,464
08/21/2019,ACK,MA,ANE,EN,Towers with Radar,14,138,41,1,194,0,95,46,1,142,14,233,87,2,336,0,0,0,336
08/22/2019,ACK,MA,ANE,EN,Towers with Radar,18,170,86,2,276,0,97,83,1,181,18,267,169,3,457,0,0,0,457
08/23/2019,ACK,MA,ANE,EN,Towers with Radar,25,142,88,0,255,0,146,91,0,237,25,288,179,0,492,0,0,0,492
08/24/2019,ACK,MA,ANE,EN,Towers with Radar,29,116,62,2,209,0,95,96,0,191,29,211,158,2,400,0,0,0,400
08/25/2019,ACK,MA,ANE,EN,Towers with Radar,29,195,102,0,326,0,93,64,1,158,29,288,166,1,484,0,0,0,484
08/26/2019,ACK,MA,ANE,EN,Towers with Radar,19,148,63,0,230,0,98,73,0,171,19,246,136,0,401,0,0,0,401
08/27/2019,ACK,MA,ANE,EN,Towers with Radar,15,105,65,2,187,0,115,98,1,214,15,220,163,3,401,0,0,0,401
08/28/2019,ACK,MA,ANE,EN,Towers with Radar,13,165,64,0,242,0,49,22,0,71,13,214,86,0,313,0,0,0,313
08/29/2019,ACK,MA,ANE,EN,Towers with Radar,20,170,104,0,294,0,78,61,0,139,20,248,165,0,433,0,0,0,433
08/30/2019,ACK,MA,ANE,EN,Towers with Radar,24,190,124,3,341,0,205,144,6,355,24,395,268,9,696,2,0,2,698
08/31/2019,ACK,MA,ANE,EN,Towers with Radar,25,101,58,0,184,0,71,121,0,192,25,172,179,0,376,0,0,0,376
09/01/2019,ACK,MA,ANE,EN,Towers with Radar,25,102,42,0,169,0,103,72,0,175,25,205,114,0,344,0,0,0,344
09/02/2019,ACK,MA,ANE,EN,Towers with Radar,23,274,130,0,427,0,180,147,0,327,23,454,277,0,754,0,0,0,754
09/03/2019,ACK,MA,ANE,EN,Towers with Radar,14,146,52,0,212,0,126,73,4,203,14,272,125,4,415,0,0,0,415
09/04/2019,ACK,MA,ANE,EN,Towers with Radar,8,133,41,0,182,0,36,25,0,61,8,169,66,0,243,0,0,0,243
09/05/2019,ACK,MA,ANE,EN,Towers with Radar,10,107,46,0,163,0,118,90,0,208,10,225,136,0,371,0,0,0,371
09/06/2019,ACK,MA,ANE,EN,Towers with Radar,12,137,36,1,186,0,50,20,1,71,12,187,56,2,257,0,0,0,257
09/07/2019,ACK,MA,ANE,EN,Towers with Radar,0,44,14,0,58,0,43,14,0,57,0,87,28,0,115,0,0,0,115
09/08/2019,ACK,MA,ANE,EN,Towers with Radar,12,128,73,0,213,0,137,107,0,244,12,265,180,0,457,4,0,4,461
09/09/2019,ACK,MA,ANE,EN,Towers with Radar,10,79,23,0,112,0,115,69,0,184,10,194,92,0,296,0,0,0,296
09/10/2019,ACK,MA,ANE,EN,Towers with Radar,4,64,32,4,104,0,96,64,2,162,4,160,96,6,266,0,0,0,266
09/11/2019,ACK,MA,ANE,EN,Towers with Radar,4,74,34,3,115,0,101,57,7,165,4,175,91,10,280,10,4,14,294
09/12/2019,ACK,MA,ANE,EN,Towers with Radar,16,166,41,0,223,0,7,9,0,16,16,173,50,0,239,0,0,0,239
09/13/2019,ACK,MA,ANE,EN,Towers with Radar,12,124,49,0,185,0,148,74,0,222,12,272,123,0,407,0,0,0,407
09/14/2019,ACK,MA,ANE,EN,Towers with Radar,8,64,35,0,107,0,79,45,0,124,8,143,80,0,231,0,0,0,231
09/15/2019,ACK,MA,ANE,EN,Towers with Radar,12,130,49,0,191,0,105,41,0,146,12,235,90,0,337,0,0,0,337
09/16/2019,ACK,MA,ANE,EN,Towers with Radar,10,94,36,4,144,0,91,84,0,175,10,185,120,4,319,8,0,8,327
09/17/2019,ACK,MA,ANE,EN,Towers with Radar,4,79,26,2,111,0,86,68,0,154,4,165,94,2,265,2,0,2,267
09/18/2019,ACK,MA,ANE,EN,Towers with Radar,4,96,26,1,127,0,88,58,2,148,4,184,84,3,275,0,0,0,275
09/19/2019,ACK,MA,ANE,EN,Towers with Radar,8,107,39,0,154,0,135,86,0,221,8,242,125,0,375,4,0,4,379
09/20/2019,ACK,MA,ANE,EN,Towers with Radar,10,108,48,0,166,0,127,82,0,209,10,235,130,0,375,0,0,0,375
09/21/2019,ACK,MA,ANE,EN,Towers with Radar,6,49,41,0,96,0,80,90,0,170,6,129,131,0,266,0,0,0,266
09/22/2019,ACK,MA,ANE,EN,Towers with Radar,10,163,52,0,225,0,168,102,0,270,10,331,154,0,495,0,0,0,495
09/23/2019,ACK,MA,ANE,EN,Towers with Radar,8,91,21,4,124,0,123,40,0,163,8,214,61,4,287,0,0,0,287
09/24/2019,ACK,MA,ANE,EN,Towers with Radar,2,82,15,4,103,0,97,50,0,147,2,179,65,4,250,0,0,0,250
09/25/2019,ACK,MA,ANE,EN,Towers with Radar,2,70,14,2,88,0,111,63,2,176,2,181,77,4,264,0,0,0,264
09/26/2019,ACK,MA,ANE,EN,Towers with Radar,8,105,44,4,161,0,101,47,0,148,8,206,91,4,309,0,0,0,309
09/27/2019,ACK,MA,ANE,EN,Towers with Radar,10,111,45,0,166,0,126,116,0,242,10,237,161,0,408,0,0,0,408
09/28/2019,ACK,MA,ANE,EN,Towers with Radar,6,58,33,1,98,0,69,50,1,120,6,127,83,2,218,0,0,0,218
09/29/2019,ACK,MA,ANE,EN,Towers with Radar,10,123,51,0,184,0,101,75,0,176,10,224,126,0,360,0,0,0,360
09/30/2019,ACK,MA,ANE,EN,Towers with Radar,8,82,24,0,114,0,97,92,0,189,8,179,116,0,303,0,0,0,303
10/01/2019,ACK,MA,ANE,EN,Towers with Radar,2,81,32,1,116,0,74,37,1,112,2,155,69,2,228,0,0,0,228
10/02/2019,ACK,MA,ANE,EN,Towers with Radar,2,58,21,0,81,0,66,29,0,95,2,124,50,0,176,0,0,0,176
10/03/2019,ACK,MA,ANE,EN,Towers with Radar,6,96,22,1,125,0,67,40,1,108,6,163,62,2,233,0,0,0,233
10/04/2019,ACK,MA,ANE,EN,Towers with Radar,8,108,33,0,149,0,61,34,0,95,8,169,67,0,244,0,0,0,244
10/05/2019,ACK,MA,ANE,EN,Towers with Radar,2,53,33,4,92,0,78,70,0,148,2,131,103,4,240,0,0,0,240
10/06/2019,ACK,MA,ANE,EN,Towers with Radar,8,92,40,0,140,0,95,52,0,147,8,187,92,0,287,0,0,0,287
10/07/2019,ACK,MA,ANE,EN,Towers with Radar,4,72,16,0,92,0,80,33,0,113,4,152,49,0,205,0,0,0,205
10/08/2019,ACK,MA,ANE,EN,Towers with Radar,2,97,31,2,132,0,33,30,0,63,2,130,61,2,195,0,0,0,195
10/09/2019,ACK,MA,ANE,EN,Towers with Radar,0,92,30,2,124,0,6,6,0,12,0,98,36,2,136,0,0,0,136
10/10/2019,ACK,MA,ANE,EN,Towers with Radar,0,20,2,0,22,0,1,0,0,1,0,21,2,0,23,0,0,0,23
10/11/2019,ACK,MA,ANE,EN,Towers with Radar,4,60,21,0,85,0,0,0,0,0,4,60,21,0,85,0,0,0,85
10/12/2019,ACK,MA,ANE,EN,Towers with Radar,2,137,73,0,212,0,0,0,0,0,2,137,73,0,212,0,0,0,212
10/13/2019,ACK,MA,ANE,EN,Towers with Radar,7,82,28,1,118,0,85,28,1,114,7,167,56,2,232,0,0,0,232
10/14/2019,ACK,MA,ANE,EN,Towers with Radar,8,142,70,0,220,0,19,14,0,33,8,161,84,0,253,0,0,0,253
10/15/2019,ACK,MA,ANE,EN,Towers with Radar,4,71,14,0,89,0,112,54,0,166,4,183,68,0,255,0,0,0,255
10/16/2019,ACK,MA,ANE,EN,Towers with Radar,0,54,11,2,67,0,72,72,2,146,0,126,83,4,213,0,0,0,213
10/17/2019,ACK,MA,ANE,EN,Towers with Radar,1,7,6,0,14,0,1,0,0,1,1,8,6,0,15,0,0,0,15
10/18/2019,ACK,MA,ANE,EN,Towers with Radar,3,64,15,0,82,0,92,43,0,135,3,156,58,0,217,0,0,0,217
10/19/2019,ACK,MA,ANE,EN,Towers with Radar,0,21,16,0,37,0,44,77,0,121,0,65,93,0,158,0,0,0,158
10/20/2019,ACK,MA,ANE,EN,Towers with Radar,2,38,29,0,69,0,47,49,0,96,2,85,78,0,165,6,0,6,171
10/21/2019,ACK,MA,ANE,EN,Towers with Radar,2,67,15,0,84,0,48,19,0,67,2,115,34,0,151,0,0,0,151
10/22/2019,ACK,MA,ANE,EN,Towers with Radar,0,63,16,8,87,0,30,16,0,46,0,93,32,8,133,0,0,0,133
10/23/2019,ACK,MA,ANE,EN,Towers with Radar,0,62,21,1,84,0,41,25,5,71,0,103,46,6,155,0,0,0,155
10/24/2019,ACK,MA,ANE,EN,Towers with Radar,0,33,8,0,41,0,74,73,2,149,0,107,81,2,190,10,0,10,200
10/25/2019,ACK,MA,ANE,EN,Towers with Radar,0,42,23,1,66,0,75,66,0,141,0,117,89,1,207,6,0,6,213
10/26/2019,ACK,MA,ANE,EN,Towers with Radar,0,18,13,0,31,0,34,42,0,76,0,52,55,0,107,0,0,0,107
10/27/2019,ACK,MA,ANE,EN,Towers with Radar,0,40,4,0,44,0,20,1,0,21,0,60,5,0,65,0,0,0,65
10/28/2019,ACK,MA,ANE,EN,Towers with Radar,0,63,18,0,81,0,10,26,0,36,0,73,44,0,117,0,0,0,117
10/29/2019,ACK,MA,ANE,EN,Towers with Radar,0,52,16,8,76,0,35,21,6,62,0,87,37,14,138,0,0,0,138
10/30/2019,ACK,MA,ANE,EN,Towers with Radar,0,55,15,2,72,0,24,14,0,38,0,79,29,2,110,0,0,0,110
10/31/2019,ACK,MA,ANE,EN,Towers with Radar,0,52,19,0,71,0,13,10,0,23,0,65,29,0,94,0,0,0,94
11/01/2019,ACK,MA,ANE,EN,Towers with Radar,0,29,12,0,41,0,59,31,0,90,0,88,43,0,131,0,0,0,131
11/02/2019,ACK,MA,ANE,EN,Towers with Radar,0,19,26,0,45,0,44,99,0,143,0,63,125,0,188,0,0,0,188
11/03/2019,ACK,MA,ANE,EN,Towers with Radar,0,33,16,0,49,0,49,44,0,93,0,82,60,0,142,0,0,0,142
11/04/2019,ACK,MA,ANE,EN,Towers with Radar,0,32,11,0,43,0,67,54,0,121,0,99,65,0,164,14,0,14,178
11/05/2019,ACK,MA,ANE,EN,Towers with Radar,0,52,13,0,65,0,35,26,0,61,0,87,39,0,126,0,0,0,126
11/06/2019,ACK,MA,ANE,EN,Towers with Radar,0,37,14,2,53,0,58,31,0,89,0,95,45,2,142,8,0,8,150
11/07/2019,ACK,MA,ANE,EN,Towers with Radar,0,39,7,0,46,0,57,53,0,110,0,96,60,0,156,0,0,0,156
11/08/2019,ACK,MA,ANE,EN,Towers with Radar,0,40,12,0,52,0,54,36,0,90,0,94,48,0,142,0,0,0,142
11/09/2019,ACK,MA,ANE,EN,Towers with Radar,0,17,10,0,27,0,32,31,0,63,0,49,41,0,90,0,0,0,90
11/10/2019,ACK,MA,ANE,EN,Towers with Radar,0,26,16,0,42,0,44,34,0,78,0,70,50,0,120,0,0,0,120
11/11/2019,ACK,MA,ANE,EN,Towers with Radar,0,38,12,0,50,0,44,57,0,101,0,82,69,0,151,18,0,18,169
11/12/2019,ACK,MA,ANE,EN,Towers with Radar,0,43,11,0,54,0,26,20,0,46,0,69,31,0,100,0,0,0,100
11/13/2019,ACK,MA,ANE,EN,Towers with Radar,0,30,5,0,35,0,60,29,0,89,0,90,34,0,124,0,0,0,124
11/14/2019,ACK,MA,ANE,EN,Towers with Radar,0,30,8,2,40,0,59,57,6,122,0,89,65,8,162,9,0,9,171
11/15/2019,ACK,MA,ANE,EN,Towers with Radar,0,39,15,0,54,0,65,45,0,110,0,104,60,0,164,0,0,0,164
11/16/2019,ACK,MA,ANE,EN,Towers with Radar,0,17,2,0,19,0,35,20,0,55,0,52,22,0,74,0,0,0,74
11/17/2019,ACK,MA,ANE,EN,Towers with Radar,0,25,6,0,31,0,22,6,0,28,0,47,12,0,59,0,0,0,59
11/18/2019,ACK,MA,ANE,EN,Towers with Radar,0,51,24,0,75,0,0,0,0,0,0,51,24,0,75,0,0,0,75
11/19/2019,ACK,MA,ANE,EN,Towers with Radar,0,60,8,2,70,0,16,13,0,29,0,76,21,2,99,0,2,2,101
11/20/2019,ACK,MA,ANE,EN,Towers with Radar,0,67,20,0,87,0,1,8,0,9,0,68,28,0,96,2,0,2,98
11/21/2019,ACK,MA,ANE,EN,Towers with Radar,0,38,15,1,54,0,50,85,4,139,0,88,100,5,193,18,0,18,211
11/22/2019,ACK,MA,ANE,EN,Towers with Radar,0,62,19,0,81,0,40,26,0,66,0,102,45,0,147,0,0,0,147
11/23/2019,ACK,MA,ANE,EN,Towers with Radar,0,28,16,0,44,0,36,28,0,64,0,64,44,0,108,0,0,0,108
11/24/2019,ACK,MA,ANE,EN,Towers with Radar,0,27,0,0,27,0,1,0,0,1,0,28,0,0,28,0,0,0,28
11/25/2019,ACK,MA,ANE,EN,Towers with Radar,0,45,13,0,58,0,70,63,0,133,0,115,76,0,191,31,0,31,222
11/26/2019,ACK,MA,ANE,EN,Towers with Radar,0,74,42,2,118,0,114,88,0,202,0,188,130,2,320,22,0,22,342
11/27/2019,ACK,MA,ANE,EN,Towers with Radar,0,133,48,0,181,0,31,7,0,38,0,164,55,0,219,0,0,0,219
11/28/2019,ACK,MA,ANE,EN,Towers with Radar,0,15,3,0,18,0,17,4,0,21,0,32,7,0,39,0,0,0,39
11/29/2019,ACK,MA,ANE,EN,Towers with Radar,0,52,14,0,66,0,57,28,0,85,0,109,42,0,151,0,0,0,151
11/30/2019,ACK,MA,ANE,EN,Towers with Radar,0,66,28,0,94,0,117,70,0,187,0,183,98,0,281,0,0,0,281
12/01/2019,ACK,MA,ANE,EN,Towers with Radar,0,90,30,0,120,0,26,13,0,39,0,116,43,0,159,0,0,0,159
12/02/2019,ACK,MA,ANE,EN,Towers with Radar,0,56,9,0,65,0,0,6,0,6,0,56,15,0,71,0,0,0,71
12/03/2019,ACK,MA,ANE,EN,Towers with Radar,0,25,8,0,33,0,7,6,2,15,0,32,14,2,48,0,0,0,48
12/04/2019,ACK,MA,ANE,EN,Towers with Radar,0,42,8,0,50,0,55,53,0,108,0,97,61,0,158,22,0,22,180
12/05/2019,ACK,MA,ANE,EN,Towers with Radar,0,89,30,1,120,0,112,66,0,178,0,201,96,1,298,0,0,0,298
12/06/2019,ACK,MA,ANE,EN,Towers with Radar,0,138,44,1,183,0,84,75,3,162,0,222,119,4,345,20,0,20,365
12/07/2019,ACK,MA,ANE,EN,Towers with Radar,0,29,68,0,97,0,46,149,0,195,0,75,217,0,292,0,0,0,292
12/08/2019,ACK,MA,ANE,EN,Towers with Radar,0,145,60,4,209,0,165,128,3,296,0,310,188,7,505,0,0,0,505
12/09/2019,ACK,MA,ANE,EN,Towers with Radar,0,83,20,2,105,0,27,21,0,48,0,110,41,2,153,0,0,0,153
12/10/2019,ACK,MA,ANE,EN,Towers with Radar,0,68,16,0,84,0,0,2,0,2,0,68,18,0,86,0,0,0,86
12/11/2019,ACK,MA,ANE,EN,Towers with Radar,0,29,14,0,43,0,18,12,0,30,0,47,26,0,73,0,0,0,73
12/12/2019,ACK,MA,ANE,EN,Towers with Radar,0,32,8,1,41,0,49,48,1,98,0,81,56,2,139,0,2,2,141
12/13/2019,ACK,MA,ANE,EN,Towers with Radar,0,44,14,4,62,0,45,23,5,73,0,89,37,9,135,0,2,2,137
12/14/2019,ACK,MA,ANE,EN,Towers with Radar,0,10,9,2,21,0,0,0,0,0,0,10,9,2,21,0,0,0,21
12/15/2019,ACK,MA,ANE,EN,Towers with Radar,0,14,5,0,19,0,17,13,0,30,0,31,18,0,49,0,0,0,49
12/16/2019,ACK,MA,ANE,EN,Towers with Radar,0,38,6,0,44,0,60,53,0,113,0,98,59,0,157,58,0,58,215
12/17/2019,ACK,MA,ANE,EN,Towers with Radar,0,4,12,0,16,0,0,0,0,0,0,4,12,0,16,0,0,0,16
12/18/2019,ACK,MA,ANE,EN,Towers with Radar,0,31,13,3,47,0,33,24,0,57,0,64,37,3,104,0,0,0,104
12/19/2019,ACK,MA,ANE,EN,Towers with Radar,0,19,8,0,27,0,45,33,0,78,0,64,41,0,105,0,0,0,105
12/20/2019,ACK,MA,ANE,EN,Towers with Radar,0,29,7,2,38,0,51,43,0,94,0,80,50,2,132,0,0,0,132
12/21/2019,ACK,MA,ANE,EN,Towers with Radar,0,15,5,0,20,0,31,16,0,47,0,46,21,0,67,0,0,0,67
12/22/2019,ACK,MA,ANE,EN,Towers with Radar,0,18,4,0,22,0,31,8,0,39,0,49,12,0,61,0,0,0,61
12/23/2019,ACK,MA,ANE,EN,Towers with Radar,0,29,6,0,35,0,49,58,0,107,0,78,64,0,142,18,0,18,160
12/24/2019,ACK,MA,ANE,EN,Towers with Radar,0,23,4,0,27,0,43,33,0,76,0,66,37,0,103,0,0,0,103
12/25/2019,ACK,MA,ANE,EN,Towers with Radar,0,8,0,0,8,0,16,3,0,19,0,24,3,0,27,34,0,34,61
12/26/2019,ACK,MA,ANE,EN,Towers with Radar,0,31,13,2,46,0,48,24,6,78,0,79,37,8,124,0,0,0,124
12/27/2019,ACK,MA,ANE,EN,Towers with Radar,0,32,8,0,40,0,39,24,0,63,0,71,32,0,103,0,5,5,108
12/28/2019,ACK,MA,ANE,EN,Towers with Radar,0,13,14,0,27,0,33,51,0,84,0,46,65,0,111,0,0,0,111
12/29/2019,ACK,MA,ANE,EN,Towers with Radar,0,12,6,0,18,0,29,14,0,43,0,41,20,0,61,0,0,0,61
12/30/2019,ACK,MA,ANE,EN,Towers with Radar,0,14,12,0,26,0,1,7,0,8,0,15,19,0,34,0,0,0,34
12/31/2019,ACK,MA,ANE,EN,Towers with Radar,0,46,19,2,67,0,0,0,0,0,0,46,19,2,67,0,0,0,67
01/01/2020,ACK,MA,ANE,EN,Towers with Radar,0,14,5,0,19,0,26,10,0,36,0,40,15,0,55,0,0,0,55
01/02/2020,ACK,MA,ANE,EN,Towers with Radar,0,25,9,0,34,0,42,58,0,100,0,67,67,0,134,0,0,0,134
01/03/2020,ACK,MA,ANE,EN,Towers with Radar,0,48,17,0,65,0,15,7,0,22,0,63,24,0,87,0,0,0,87
01/04/2020,ACK,MA,ANE,EN,Towers with Radar,0,25,9,0,34,0,0,0,0,0,0,25,9,0,34,0,0,0,34
01/05/2020,ACK,MA,ANE,EN,Towers with Radar,0,13,2,0,15,0,29,2,0,31,0,42,4,0,46,0,0,0,46
01/06/2020,ACK,MA,ANE,EN,Towers with Radar,0,28,8,0,36,0,39,45,0,84,0,67,53,0,120,22,0,22,142
01/07/2020,ACK,MA,ANE,EN,Towers with Radar,0,15,8,2,25,0,37,83,1,121,0,52,91,3,146,14,0,14,160
01/08/2020,ACK,MA,ANE,EN,Towers with Radar,0,20,1,2,23,0,31,22,5,58,0,51,23,7,81,0,0,0,81
01/09/2020,ACK,MA,ANE,EN,Towers with Radar,0,19,9,2,30,0,52,52,2,106,0,71,61,4,136,0,0,0,136
01/10/2020,ACK,MA,ANE,EN,Towers with Radar,0,26,7,0,33,0,41,32,0,73,0,67,39,0,106,0,0,0,106
01/11/2020,ACK,MA,ANE,EN,Towers with Radar,0,19,3,0,22,0,19,9,0,28,0,38,12,0,50,0,0,0,50
01/12/2020,ACK,MA,ANE,EN,Towers with Radar,0,12,7,0,19,0,12,5,0,17,0,24,12,0,36,0,0,0,36
01/13/2020,ACK,MA,ANE,EN,Towers with Radar,0,43,9,0,52,0,21,12,0,33,0,64,21,0,85,0,0,0,85
01/14/2020,ACK,MA,ANE,EN,Towers with Radar,0,37,15,0,52,0,20,10,0,30,0,57,25,0,82,0,0,0,82
01/15/2020,ACK,MA,ANE,EN,Towers with Radar,0,29,21,0,50,0,32,44,0,76,0,61,65,0,126,50,0,50,176
01/16/2020,ACK,MA,ANE,EN,Towers with Radar,0,19,5,0,24,0,22,14,0,36,0,41,19,0,60,0,0,0,60
01/17/2020,ACK,MA,ANE,EN,Towers with Radar,0,18,6,0,24,0,36,27,0,63,0,54,33,0,87,0,0,0,87
01/18/2020,ACK,MA,ANE,EN,Towers with Radar,0,13,3,0,16,0,30,10,0,40,0,43,13,0,56,0,0,0,56
01/19/2020,ACK,MA,ANE,EN,Towers with Radar,0,14,4,0,18,0,15,9,0,24,0,29,13,0,42,12,0,12,54
01/20/2020,ACK,MA,ANE,EN,Towers with Radar,0,27,6,0,33,0,26,52,0,78,0,53,58,0,111,0,0,0,111
01/21/2020,ACK,MA,ANE,EN,Towers with Radar,0,21,5,0,26,0,43,45,0,88,0,64,50,0,114,0,0,0,114
01/22/2020,ACK,MA,ANE,EN,Towers with Radar,0,16,10,5,31,0,41,45,0,86,0,57,55,5,117,8,0,8,125
01/23/2020,ACK,MA,ANE,EN,Towers with Radar,0,27,5,0,32,0,43,48,0,91,0,70,53,0,123,0,0,0,123
01/24/2020,ACK,MA,ANE,EN,Towers with Radar,0,22,6,1,29,0,38,41,18,97,0,60,47,19,126,12,0,12,138
01/25/2020,ACK,MA,ANE,EN,Towers with Radar,0,24,6,0,30,0,3,0,0,3,0,27,6,0,33,0,0,0,33
01/26/2020,ACK,MA,ANE,EN,Towers with Radar,0,13,7,0,20,0,24,14,0,38,0,37,21,0,58,0,0,0,58
01/27/2020,ACK,MA,ANE,EN,Towers with Radar,0,20,11,0,31,0,51,37,0,88,0,71,48,0,119,0,0,0,119
01/28/2020,ACK,MA,ANE,EN,Towers with Radar,0,18,7,2,27,0,51,34,0,85,0,69,41,2,112,0,0,0,112
01/29/2020,ACK,MA,ANE,EN,Towers with Radar,0,29,7,2,38,0,48,32,0,80,0,77,39,2,118,0,0,0,118
01/30/2020,ACK,MA,ANE,EN,Towers with Radar,0,20,7,1,28,0,49,38,3,90,0,69,45,4,118,0,0,0,118
01/31/2020,ACK,MA,ANE,EN,Towers with Radar,0,18,11,2,31,0,44,44,0,88,0,62,55,2,119,0,0,0,119
02/01/2020,ACK,MA,ANE,EN,Towers with Radar,0,25,8,0,33,0,7,6,0,13,0,32,14,0,46,0,0,0,46
02/02/2020,ACK,MA,ANE,EN,Towers with Radar,0,14,4,0,18,0,23,12,0,35,0,37,16,0,53,0,0,0,53
02/03/2020,ACK,MA,ANE,EN,Towers with Radar,0,20,12,0,32,0,50,52,0,102,0,70,64,0,134,27,0,27,161
02/04/2020,ACK,MA,ANE,EN,Towers with Radar,0,26,5,6,37,0,38,29,4,71,0,64,34,10,108,0,0,0,108
02/05/2020,ACK,MA,ANE,EN,Towers with Radar,0,21,12,4,37,0,36,29,4,69,0,57,41,8,106,0,0,0,106
02/06/2020,ACK,MA,ANE,EN,Towers with Radar,0,36,17,0,53,0,0,2,0,2,0,36,19,0,55,0,0,0,55
02/07/2020,ACK,MA,ANE,EN,Towers with Radar,0,12,10,0,22,0,0,2,0,2,0,12,12,0,24,0,0,0,24
02/08/2020,ACK,MA,ANE,EN,Towers with Radar,0,17,9,2,28,0,37,24,0,61,0,54,33,2,89,0,0,0,89
02/09/2020,ACK,MA,ANE,EN,Towers with Radar,0,7,5,0,12,0,27,34,0,61,0,34,39,0,73,0,0,0,73
02/10/2020,ACK,MA,ANE,EN,Towers with Radar,0,31,12,0,43,0,35,22,0,57,0,66,34,0,100,0,0,0,100
02/11/2020,ACK,MA,ANE,EN,Towers with Radar,0,50,16,2,68,0,0,0,0,0,0,50,16,2,68,0,0,0,68
02/12/2020,ACK,MA,ANE,EN,Towers with Radar,0,22,6,2,30,0,50,44,2,96,0,72,50,4,126,10,0,10,136
02/13/2020,ACK,MA,ANE,EN,Towers with Radar,0,46,18,0,64,0,0,0,0,0,0,46,18,0,64,0,0,0,64
02/14/2020,ACK,MA,ANE,EN,Towers with Radar,0,21,10,0,31,0,42,36,0,78,0,63,46,0,109,0,0,0,109
02/15/2020,ACK,MA,ANE,EN,Towers with Radar,0,19,11,2,32,0,34,41,0,75,0,53,52,2,107,0,0,0,107
02/16/2020,ACK,MA,ANE,EN,Towers with Radar,0,17,8,0,25,0,28,30,0,58,0,45,38,0,83,0,0,0,83
02/17/2020,ACK,MA,ANE,EN,Towers with Radar,0,28,9,0,37,0,49,56,0,105,0,77,65,0,142,0,0,0,142
02/18/2020,ACK,MA,ANE,EN,Towers with Radar,0,33,3,1,37,0,21,14,2,37,0,54,17,3,74,0,0,0,74
02/19/2020,ACK,MA,ANE,EN,Towers with Radar,0,22,9,0,31,0,47,46,0,93,0,69,55,0,124,8,0,8,132
02/20/2020,ACK,MA,ANE,EN,Towers with Radar,0,20,6,0,26,0,54,53,0,107,0,74,59,0,133,0,2,2,135
02/21/2020,ACK,MA,ANE,EN,Towers with Radar,0,25,10,5,40,0,48,34,11,93,0,73,44,16,133,0,8,8,141
02/22/2020,ACK,MA,ANE,EN,Towers with Radar,0,20,14,2,36,0,28,40,0,68,0,48,54,2,104,0,0,0,104
02/23/2020,ACK,MA,ANE,EN,Towers with Radar,0,13,26,0,39,0,20,61,0,81,0,33,87,0,120,6,0,6,126
02/24/2020,ACK,MA,ANE,EN,Towers with Radar,0,29,7,2,38,0,40,44,3,87,0,69,51,5,125,6,0,6,131
02/25/2020,ACK,MA,ANE,EN,Towers with Radar,0,49,20,0,69,0,0,0,0,0,0,49,20,0,69,0,0,0,69
02/26/2020,ACK,MA,ANE,EN,Towers with Radar,0,44,22,2,68,0,0,0,0,0,0,44,22,2,68,0,0,0,68
02/27/2020,ACK,MA,ANE,EN,Towers with Radar,0,24,10,4,38,0,22,9,0,31,0,46,19,4,69,0,0,0,69
02/28/2020,ACK,MA,ANE,EN,Towers with Radar,0,21,2,0,23,0,40,19,0,59,0,61,21,0,82,0,0,0,82
02/29/2020,ACK,MA,ANE,EN,Towers with Radar,0,13,6,0,19,0,36,26,0,62,0,49,32,0,81,0,0,0,81
03/01/2020,ACK,MA,ANE,EN,Towers with Radar,0,16,11,0,27,0,30,44,0,74,0,46,55,0,101,0,0,0,101
03/02/2020,ACK,MA,ANE,EN,Towers with Radar,0,19,4,6,29,0,41,29,2,72,0,60,33,8,101,0,4,4,105
03/03/2020,ACK,MA,ANE,EN,Towers with Radar,0,26,7,0,33,0,36,27,0,63,0,62,34,0,96,0,0,0,96
03/04/2020,ACK,MA,ANE,EN,Towers with Radar,0,19,3,0,22,0,41,30,2,73,0,60,33,2,95,0,0,0,95
03/05/2020,ACK,MA,ANE,EN,Towers with Radar,0,30,8,4,42,0,47,51,2,100,0,77,59,6,142,10,0,10,152
03/06/2020,ACK,MA,ANE,EN,Towers with Radar,0,28,9,0,37,0,49,30,0,79,0,77,39,0,116,0,0,0,116
03/07/2020,ACK,MA,ANE,EN,Towers with Radar,0,7,0,0,7,0,15,0,0,15,0,22,0,0,22,0,0,0,22
03/08/2020,ACK,MA,ANE,EN,Towers with Radar,0,13,12,0,25,0,39,31,0,70,0,52,43,0,95,22,0,22,117
03/09/2020,ACK,MA,ANE,EN,Towers with Radar,0,23,9,0,32,0,38,48,6,92,0,61,57,6,124,0,0,0,124
03/10/2020,ACK,MA,ANE,EN,Towers with Radar,0,18,5,0,23,0,41,34,0,75,0,59,39,0,98,2,0,2,100
03/11/2020,ACK,MA,ANE,EN,Towers with Radar,0,21,7,0,28,0,54,33,0,87,0,75,40,0,115,0,0,0,115
03/12/2020,ACK,MA,ANE,EN,Towers with Radar,0,16,9,3,28,0,52,37,25,114,0,68,46,28,142,24,0,24,166
03/13/2020,ACK,MA,ANE,EN,Towers with Radar,0,22,14,0,36,0,6,9,0,15,0,28,23,0,51,0,0,0,51
03/14/2020,ACK,MA,ANE,EN,Towers with Radar,0,23,6,0,29,0,37,13,0,50,0,60,19,0,79,2,0,2,81
03/15/2020,ACK,MA,ANE,EN,Towers with Radar,0,19,13,0,32,0,26,33,0,59,0,45,46,0,91,0,0,0,91
03/16/2020,ACK,MA,ANE,EN,Towers with Radar,0,29,14,0,43,0,46,31,0,77,0,75,45,0,120,6,0,6,126
03/17/2020,ACK,MA,ANE,EN,Towers with Radar,0,50,3,0,53,0,1,1,0,2,0,51,4,0,55,0,0,0,55
03/18/2020,ACK,MA,ANE,EN,Towers with Radar,0,27,11,2,40,0,51,31,6,88,0,78,42,8,128,0,0,0,128
03/19/2020,ACK,MA,ANE,EN,Towers with Radar,0,31,4,0,35,0,7,1,0,8,0,38,5,0,43,0,0,0,43
03/20/2020,ACK,MA,ANE,EN,Towers with Radar,0,34,5,0,39,0,0,0,0,0,0,34,5,0,39,0,0,0,39
03/21/2020,ACK,MA,ANE,EN,Towers with Radar,0,16,11,0,27,0,18,14,0,32,0,34,25,0,59,0,0,0,59
03/22/2020,ACK,MA,ANE,EN,Towers with Radar,0,10,9,0,19,0,19,20,0,39,0,29,29,0,58,0,0,0,58
03/23/2020,ACK,MA,ANE,EN,Towers with Radar,0,31,1,0,32,0,12,1,0,13,0,43,2,0,45,0,0,0,45
03/24/2020,ACK,MA,ANE,EN,Towers with Radar,0,19,2,0,21,0,5,2,0,7,0,24,4,0,28,0,0,0,28
03/25/2020,ACK,MA,ANE,EN,Towers with Radar,0,13,1,0,14,0,20,9,1,30,0,33,10,1,44,0,0,0,44
03/26/2020,ACK,MA,ANE,EN,Towers with Radar,0,13,2,0,15,0,22,11,0,33,0,35,13,0,48,0,0,0,48
03/27/2020,ACK,MA,ANE,EN,Towers with Radar,0,10,1,0,11,0,16,13,0,29,0,26,14,0,40,2,0,2,42
03/28/2020,ACK,MA,ANE,EN,Towers with Radar,0,4,3,0,7,0,17,11,0,28,0,21,14,0,35,28,0,28,63
03/29/2020,ACK,MA,ANE,EN,Towers with Radar,0,8,0,0,8,0,1,0,0,1,0,9,0,0,9,0,0,0,9
03/30/2020,ACK,MA,ANE,EN,Towers with Radar,0,18,6,0,24,0,0,0,0,0,0,18,6,0,24,0,0,0,24
03/31/2020,ACK,MA,ANE,EN,Towers with Radar,0,11,4,0,15,0,18,13,2,33,0,29,17,2,48,0,0,0,48
04/01/2020,ACK,MA,ANE,EN,Towers with Radar,0,15,5,0,20,0,11,4,0,15,0,26,9,0,35,0,0,0,35
04/02/2020,ACK,MA,ANE,EN,Towers with Radar,0,21,0,0,21,0,1,2,0,3,0,22,2,0,24,0,0,0,24
04/03/2020,ACK,MA,ANE,EN,Towers with Radar,0,0,0,0,0,0,0,0,0,0,0,0,0,0,0,0,0,0,0
04/04/2020,ACK,MA,ANE,EN,Towers with Radar,0,11,8,1,20,0,1,1,1,3,0,12,9,2,23,0,0,0,23
04/05/2020,ACK,MA,ANE,EN,Towers with Radar,0,8,1,0,9,0,12,11,0,23,0,20,12,0,32,8,0,8,40
04/06/2020,ACK,MA,ANE,EN,Towers with Radar,0,12,3,4,19,0,24,13,0,37,0,36,16,4,56,8,0,8,64
04/07/2020,ACK,MA,ANE,EN,Towers with Radar,0,14,9,2,25,0,21,26,2,49,0,35,35,4,74,4,4,8,82
04/08/2020,ACK,MA,ANE,EN,Towers with Radar,0,21,3,5,29,0,19,3,9,31,0,40,6,14,60,0,0,0,60
04/09/2020,ACK,MA,ANE,EN,Towers with Radar,0,20,2,0,22,0,0,2,0,2,0,20,4,0,24,0,0,0,24
04/10/2020,ACK,MA,ANE,EN,Towers with Radar,0,12,3,1,16,0,16,1,1,18,0,28,4,2,34,0,0,0,34
04/11/2020,ACK,MA,ANE,EN,Towers with Radar,0,6,3,0,9,0,9,0,0,9,0,15,3,0,18,0,0,0,18
04/12/2020,ACK,MA,ANE,EN,Towers with Radar,0,4,5,0,9,0,13,13,0,26,0,17,18,0,35,4,0,4,39
04/13/2020,ACK,MA,ANE,EN,Towers with Radar,0,7,0,0,7,0,7,0,0,7,0,14,0,0,14,0,0,0,14
04/14/2020,ACK,MA,ANE,EN,Towers with Radar,0,17,6,0,23,0,37,26,0,63,0,54,32,0,86,7,0,7,93
04/15/2020,ACK,MA,ANE,EN,Towers with Radar,0,12,0,0,12,0,26,8,0,34,0,38,8,0,46,0,0,0,46
04/16/2020,ACK,MA,ANE,EN,Towers with Radar,0,13,4,0,17,0,26,5,0,31,0,39,9,0,48,0,0,0,48
04/17/2020,ACK,MA,ANE,EN,Towers with Radar,0,14,6,0,20,0,21,17,0,38,0,35,23,0,58,2,0,2,60
04/18/2020,ACK,MA,ANE,EN,Towers with Radar,0,14,2,0,16,0,0,0,2,2,0,14,2,2,18,0,0,0,18
04/19/2020,ACK,MA,ANE,EN,Towers with Radar,0,7,8,2,17,0,8,22,0,30,0,15,30,2,47,2,0,2,49
04/20/2020,ACK,MA,ANE,EN,Towers with Radar,0,11,5,0,16,0,9,8,0,17,0,20,13,0,33,0,0,0,33
04/21/2020,ACK,MA,ANE,EN,Towers with Radar,0,12,2,1,15,0,14,2,1,17,0,26,4,2,32,0,0,0,32
04/22/2020,ACK,MA,ANE,EN,Towers with Radar,0,21,1,2,24,0,18,6,0,24,0,39,7,2,48,0,0,0,48
04/23/2020,ACK,MA,ANE,EN,Towers with Radar,0,14,9,4,27,0,27,28,2,57,0,41,37,6,84,0,2,2,86
04/24/2020,ACK,MA,ANE,EN,Towers with Radar,0,32,2,0,34,0,0,0,0,0,0,32,2,0,34,0,0,0,34
04/25/2020,ACK,MA,ANE,EN,Towers with Radar,0,10,15,0,25,0,20,47,0,67,0,30,62,0,92,2,0,2,94
04/26/2020,ACK,MA,ANE,EN,Towers with Radar,0,13,3,0,16,0,10,5,0,15,0,23,8,0,31,0,0,0,31
04/27/2020,ACK,MA,ANE,EN,Towers with Radar,0,30,3,0,33,0,0,0,2,2,0,30,3,2,35,0,0,0,35
04/28/2020,ACK,MA,ANE,EN,Towers with Radar,0,24,7,2,33,0,13,11,0,24,0,37,18,2,57,0,0,0,57
04/29/2020,ACK,MA,ANE,EN,Towers with Radar,0,17,5,0,22,0,22,30,2,54,0,39,35,2,76,0,0,0,76
04/30/2020,ACK,MA,ANE,EN,Towers with Radar,0,28,2,0,30,0,18,6,0,24,0,46,8,0,54,0,0,0,54
05/01/2020,ACK,MA,ANE,EN,Towers with Radar,0,20,6,0,26,0,7,4,0,11,0,27,10,0,37,0,0,0,37
05/02/2020,ACK,MA,ANE,EN,Towers with Radar,0,11,13,0,24,0,24,27,0,51,0,35,40,0,75,4,0,4,79
05/03/2020,ACK,MA,ANE,EN,Towers with Radar,0,6,4,0,10,0,8,0,0,8,0,14,4,0,18,0,0,0,18
05/04/2020,ACK,MA,ANE,EN,Towers with Radar,0,17,4,2,23,0,14,16,6,36,0,31,20,8,59,0,0,0,59
05/05/2020,ACK,MA,ANE,EN,Towers with Radar,0,14,7,0,21,0,15,14,0,29,0,29,21,0,50,0,0,0,50
05/06/2020,ACK,MA,ANE,EN,Towers with Radar,0,15,5,0,20,0,14,16,0,30,0,29,21,0,50,0,0,0,50
05/07/2020,ACK,MA,ANE,EN,Towers with Radar,0,14,10,0,24,0,20,13,0,33,0,34,23,0,57,0,0,0,57
05/08/2020,ACK,MA,ANE,EN,Towers with Radar,0,21,9,1,31,0,9,11,0,20,0,30,20,1,51,0,0,0,51
05/09/2020,ACK,MA,ANE,EN,Towers with Radar,0,5,2,0,7,0,7,0,0,7,0,12,2,0,14,0,0,0,14
05/10/2020,ACK,MA,ANE,EN,Towers with Radar,0,8,12,2,22,0,7,6,0,13,0,15,18,2,35,0,0,0,35
05/11/2020,ACK,MA,ANE,EN,Towers with Radar,0,22,1,0,23,0,13,7,0,20,0,35,8,0,43,0,0,0,43
05/12/2020,ACK,MA,ANE,EN,Towers with Radar,0,12,10,0,22,0,12,13,0,25,0,24,23,0,47,0,0,0,47
05/13/2020,ACK,MA,ANE,EN,Towers with Radar,0,15,7,2,24,0,10,16,0,26,0,25,23,2,50,0,0,0,50
05/14/2020,ACK,MA,ANE,EN,Towers with Radar,0,16,14,0,30,0,17,23,4,44,0,33,37,4,74,0,4,4,78
05/15/2020,ACK,MA,ANE,EN,Towers with Radar,0,23,14,1,38,0,8,7,2,17,0,31,21,3,55,0,0,0,55
05/16/2020,ACK,MA,ANE,EN,Towers with Radar,0,25,25,0,50,0,10,29,0,39,0,35,54,0,89,0,0,0,89
05/17/2020,ACK,MA,ANE,EN,Towers with Radar,0,18,15,0,33,0,16,14,0,30,0,34,29,0,63,0,0,0,63
05/18/2020,ACK,MA,ANE,EN,Towers with Radar,0,15,6,2,23,0,18,17,0,35,0,33,23,2,58,0,0,0,58
05/19/2020,ACK,MA,ANE,EN,Towers with Radar,0,15,3,2,20,0,17,9,0,26,0,32,12,2,46,0,0,0,46
05/20/2020,ACK,MA,ANE,EN,Towers with Radar,0,26,16,2,44,0,23,29,2,54,0,49,45,4,98,0,0,0,98
05/21/2020,ACK,MA,ANE,EN,Towers with Radar,0,37,15,1,53,0,38,26,0,64,0,75,41,1,117,0,0,0,117
05/22/2020,ACK,MA,ANE,EN,Towers with Radar,0,40,26,0,66,0,55,58,0,113,0,95,84,0,179,0,0,0,179
05/23/2020,ACK,MA,ANE,EN,Towers with Radar,0,38,20,0,58,0,0,0,0,0,0,38,20,0,58,0,0,0,58
05/24/2020,ACK,MA,ANE,EN,Towers with Radar,0,38,12,0,50,0,5,2,0,7,0,43,14,0,57,0,0,0,57
05/25/2020,ACK,MA,ANE,EN,Towers with Radar,0,53,36,0,89,0,0,0,0,0,0,53,36,0,89,0,0,0,89
05/26/2020,ACK,MA,ANE,EN,Towers with Radar,0,59,23,2,84,0,1,1,0,2,0,60,24,2,86,0,0,0,86
05/27/2020,ACK,MA,ANE,EN,Towers with Radar,0,55,45,0,100,0,0,0,0,0,0,55,45,0,100,0,0,0,100
05/28/2020,ACK,MA,ANE,EN,Towers with Radar,0,38,19,2,59,0,22,11,0,33,0,60,30,2,92,0,0,0,92
05/29/2020,ACK,MA,ANE,EN,Towers with Radar,0,77,40,0,117,0,0,0,0,0,0,77,40,0,117,0,0,0,117
05/30/2020,ACK,MA,ANE,EN,Towers with Radar,0,34,24,4,62,0,0,0,0,0,0,34,24,4,62,0,0,0,62
05/31/2020,ACK,MA,ANE,EN,Towers with Radar,0,32,15,0,47,0,23,29,0,52,0,55,44,0,99,0,0,0,99
06/01/2020,ACK,MA,ANE,EN,Towers with Radar,0,31,16,0,47,0,30,16,0,46,0,61,32,0,93,0,0,0,93
06/02/2020,ACK,MA,ANE,EN,Towers with Radar,0,36,15,6,57,0,26,27,2,55,0,62,42,8,112,0,0,0,112
06/03/2020,ACK,MA,ANE,EN,Towers with Radar,0,33,13,0,46,0,20,16,4,40,0,53,29,4,86,0,0,0,86
06/04/2020,ACK,MA,ANE,EN,Towers with Radar,0,30,18,0,48,0,22,30,0,52,0,52,48,0,100,0,0,0,100
06/05/2020,ACK,MA,ANE,EN,Towers with Radar,0,76,51,0,127,0,8,5,0,13,0,84,56,0,140,0,0,0,140
06/06/2020,ACK,MA,ANE,EN,Towers with Radar,0,51,40,0,91,0,0,1,0,1,0,51,41,0,92,0,0,0,92
06/07/2020,ACK,MA,ANE,EN,Towers with Radar,0,58,21,0,79,0,10,9,0,19,0,68,30,0,98,0,0,0,98
06/08/2020,ACK,MA,ANE,EN,Towers with Radar,0,43,17,0,60,0,26,23,0,49,0,69,40,0,109,4,0,4,113
06/09/2020,ACK,MA,ANE,EN,Towers with Radar,0,51,23,2,76,0,22,28,0,50,0,73,51,2,126,8,0,8,134
06/10/2020,ACK,MA,ANE,EN,Towers with Radar,0,71,39,0,110,0,8,6,0,14,0,79,45,0,124,0,0,0,124
06/11/2020,ACK,MA,ANE,EN,Towers with Radar,0,55,23,2,80,0,21,15,0,36,0,76,38,2,116,0,0,0,116
06/12/2020,ACK,MA,ANE,EN,Towers with Radar,0,100,66,2,168,0,0,2,0,2,0,100,68,2,170,0,0,0,170
06/13/2020,ACK,MA,ANE,EN,Towers with Radar,0,42,38,0,80,0,29,51,0,80,0,71,89,0,160,2,0,2,162
06/14/2020,ACK,MA,ANE,EN,Towers with Radar,0,35,46,0,81,0,29,48,0,77,0,64,94,0,158,0,0,0,158
06/15/2020,ACK,MA,ANE,EN,Towers with Radar,0,81,43,0,124,0,7,8,0,15,0,88,51,0,139,0,0,0,139
06/16/2020,ACK,MA,ANE,EN,Towers with Radar,0,39,29,0,68,0,28,27,0,55,0,67,56,0,123,2,0,2,125
06/17/2020,ACK,MA,ANE,EN,Towers with Radar,0,45,34,4,83,0,22,31,2,55,0,67,65,6,138,8,0,8,146
06/18/2020,ACK,MA,ANE,EN,Towers with Radar,0,124,83,0,207,0,2,4,0,6,0,126,87,0,213,0,0,0,213
06/19/2020,ACK,MA,ANE,EN,Towers with Radar,2,121,90,0,213,0,17,25,0,42,2,138,115,0,255,0,0,0,255
06/20/2020,ACK,MA,ANE,EN,Towers with Radar,4,71,48,0,123,0,43,46,0,89,4,114,94,0,212,6,0,6,218
06/21/2020,ACK,MA,ANE,EN,Towers with Radar,2,113,51,0,166,0,9,23,2,34,2,122,74,2,200,0,0,0,200
06/22/2020,ACK,MA,ANE,EN,Towers with Radar,2,87,47,0,136,0,2,5,0,7,2,89,52,0,143,0,0,0,143
06/23/2020,ACK,MA,ANE,EN,Towers with Radar,2,105,66,0,173,0,3,1,1,5,2,108,67,1,178,0,0,0,178
06/24/2020,ACK,MA,ANE,EN,Towers with Radar,4,118,74,0,196,0,0,0,0,0,4,118,74,0,196,0,0,0,196
06/25/2020,ACK,MA,ANE,EN,Towers with Radar,2,77,44,0,123,0,13,7,0,20,2,90,51,0,143,0,0,0,143
06/26/2020,ACK,MA,ANE,EN,Towers with Radar,4,98,60,2,164,0,17,6,0,23,4,115,66,2,187,0,0,0,187
06/27/2020,ACK,MA,ANE,EN,Towers with Radar,6,81,45,0,132,0,49,43,0,92,6,130,88,0,224,12,0,12,236
06/28/2020,ACK,MA,ANE,EN,Towers with Radar,4,102,72,0,178,0,30,55,0,85,4,132,127,0,263,6,0,6,269
06/29/2020,ACK,MA,ANE,EN,Towers with Radar,2,136,59,0,197,0,2,2,0,4,2,138,61,0,201,0,0,0,201
06/30/2020,ACK,MA,ANE,EN,Towers with Radar,2,125,66,0,193,0,6,15,0,21,2,131,81,0,214,0,0,0,214
07/01/2020,ACK,MA,ANE,EN,Towers with Radar,6,116,73,0,195,0,38,22,0,60,6,154,95,0,255,0,0,0,255
07/02/2020,ACK,MA,ANE,EN,Towers with Radar,8,125,80,0,213,0,83,80,0,163,8,208,160,0,376,0,0,0,376
07/03/2020,ACK,MA,ANE,EN,Towers with Radar,10,153,78,0,241,0,7,5,0,12,10,160,83,0,253,0,0,0,253
07/04/2020,ACK,MA,ANE,EN,Towers with Radar,12,77,26,0,115,0,0,0,0,0,12,77,26,0,115,0,0,0,115
07/05/2020,ACK,MA,ANE,EN,Towers with Radar,10,191,138,0,339,0,0,0,0,0,10,191,138,0,339,0,0,0,339
07/06/2020,ACK,MA,ANE,EN,Towers with Radar,8,141,105,0,254,0,6,9,0,15,8,147,114,0,269,0,0,0,269
07/07/2020,ACK,MA,ANE,EN,Towers with Radar,6,98,70,0,174,0,35,42,0,77,6,133,112,0,251,2,0,2,253
07/08/2020,ACK,MA,ANE,EN,Towers with Radar,6,69,34,1,110,0,40,45,1,86,6,109,79,2,196,0,0,0,196
07/09/2020,ACK,MA,ANE,EN,Towers with Radar,8,108,74,1,191,0,59,74,0,133,8,167,148,1,324,8,0,8,332
07/10/2020,ACK,MA,ANE,EN,Towers with Radar,12,169,58,2,241,0,0,5,0,5,12,169,63,2,246,0,0,0,246
07/11/2020,ACK,MA,ANE,EN,Towers with Radar,20,128,54,0,202,0,0,0,0,0,20,128,54,0,202,0,0,0,202
07/12/2020,ACK,MA,ANE,EN,Towers with Radar,14,115,89,0,218,0,79,70,0,149,14,194,159,0,367,0,0,0,367
07/13/2020,ACK,MA,ANE,EN,Towers with Radar,8,149,103,0,260,0,1,6,0,7,8,150,109,0,267,0,0,0,267
07/14/2020,ACK,MA,ANE,EN,Towers with Radar,6,113,60,0,179,0,8,13,2,23,6,121,73,2,202,0,0,0,202
07/15/2020,ACK,MA,ANE,EN,Towers with Radar,6,121,47,0,174,0,20,16,0,36,6,141,63,0,210,0,0,0,210
07/16/2020,ACK,MA,ANE,EN,Towers with Radar,8,98,68,2,176,0,68,88,1,157,8,166,156,3,333,18,0,18,351
07/17/2020,ACK,MA,ANE,EN,Towers with Radar,12,156,88,0,256,0,21,15,0,36,12,177,103,0,292,0,0,0,292
07/18/2020,ACK,MA,ANE,EN,Towers with Radar,20,141,95,0,256,0,16,29,0,45,20,157,124,0,301,0,0,0,301
07/19/2020,ACK,MA,ANE,EN,Towers with Radar,26,142,116,1,285,0,0,0,0,0,26,142,116,1,285,0,0,0,285
07/20/2020,ACK,MA,ANE,EN,Towers with Radar,8,170,101,2,281,0,0,0,0,0,8,170,101,2,281,0,0,0,281
07/21/2020,ACK,MA,ANE,EN,Towers with Radar,6,73,41,1,121,0,50,62,2,114,6,123,103,3,235,0,2,2,237
07/22/2020,ACK,MA,ANE,EN,Towers with Radar,6,97,55,2,160,0,45,38,0,83,6,142,93,2,243,0,0,0,243
07/23/2020,ACK,MA,ANE,EN,Towers with Radar,8,123,92,0,223,0,66,49,0,115,8,189,141,0,338,0,0,0,338
07/24/2020,ACK,MA,ANE,EN,Towers with Radar,12,124,96,5,237,0,40,36,2,78,12,164,132,7,315,0,0,0,315
07/25/2020,ACK,MA,ANE,EN,Towers with Radar,18,136,83,4,241,0,53,49,1,103,18,189,132,5,344,0,0,0,344
07/26/2020,ACK,MA,ANE,EN,Towers with Radar,14,152,104,4,274,0,42,62,0,104,14,194,166,4,378,0,0,0,378
07/27/2020,ACK,MA,ANE,EN,Towers with Radar,8,91,58,0,157,0,76,71,0,147,8,167,129,0,304,0,0,0,304
07/28/2020,ACK,MA,ANE,EN,Towers with Radar,6,103,52,0,161,0,76,68,0,144,6,179,120,0,305,0,0,0,305
07/29/2020,ACK,MA,ANE,EN,Towers with Radar,6,85,49,0,140,0,63,63,0,126,6,148,112,0,266,8,0,8,274
07/30/2020,ACK,MA,ANE,EN,Towers with Radar,8,160,108,0,276,0,17,7,0,24,8,177,115,0,300,0,0,0,300
07/31/2020,ACK,MA,ANE,EN,Towers with Radar,14,167,103,0,284,0,61,53,0,114,14,228,156,0,398,0,0,0,398
08/01/2020,ACK,MA,ANE,EN,Towers with Radar,20,157,96,0,273,0,79,94,0,173,20,236,190,0,446,0,0,0,446
08/02/2020,ACK,MA,ANE,EN,Towers with Radar,16,130,99,0,245,0,61,69,0,130,16,191,168,0,375,0,0,0,375
08/03/2020,ACK,MA,ANE,EN,Towers with Radar,8,127,95,0,230,0,32,29,0,61,8,159,124,0,291,0,0,0,291
08/04/2020,ACK,MA,ANE,EN,Towers with Radar,2,58,39,0,99,0,6,4,0,10,2,64,43,0,109,0,0,0,109
08/05/2020,ACK,MA,ANE,EN,Towers with Radar,6,98,65,0,169,0,30,21,0,51,6,128,86,0,220,0,0,0,220
08/06/2020,ACK,MA,ANE,EN,Towers with Radar,6,90,66,1,163,0,53,75,0,128,6,143,141,1,291,0,0,0,291
08/07/2020,ACK,MA,ANE,EN,Towers with Radar,18,160,105,0,283,0,11,12,0,23,18,171,117,0,306,0,0,0,306
08/08/2020,ACK,MA,ANE,EN,Towers with Radar,20,185,91,0,296,0,1,1,0,2,20,186,92,0,298,0,0,0,298
08/09/2020,ACK,MA,ANE,EN,Towers with Radar,16,113,93,4,226,0,78,94,0,172,16,191,187,4,398,0,0,0,398
08/10/2020,ACK,MA,ANE,EN,Towers with Radar,6,106,109,0,221,0,30,41,0,71,6,136,150,0,292,0,0,0,292
08/11/2020,ACK,MA,ANE,EN,Towers with Radar,4,99,68,0,171,0,32,28,0,60,4,131,96,0,231,0,0,0,231
08/12/2020,ACK,MA,ANE,EN,Towers with Radar,4,172,97,0,273,0,0,0,0,0,4,172,97,0,273,0,0,0,273
08/13/2020,ACK,MA,ANE,EN,Towers with Radar,6,121,64,0,191,0,34,38,0,72,6,155,102,0,263,0,0,0,263
08/14/2020,ACK,MA,ANE,EN,Towers with Radar,12,121,73,0,206,0,99,79,0,178,12,220,152,0,384,0,0,0,384
08/15/2020,ACK,MA,ANE,EN,Towers with Radar,20,206,112,0,338,0,8,4,0,12,20,214,116,0,350,0,0,0,350
08/16/2020,ACK,MA,ANE,EN,Towers with Radar,16,205,98,0,319,0,1,0,0,1,16,206,98,0,320,0,0,0,320
08/17/2020,ACK,MA,ANE,EN,Towers with Radar,6,149,77,0,232,0,17,9,0,26,6,166,86,0,258,0,0,0,258
08/18/2020,ACK,MA,ANE,EN,Towers with Radar,4,87,61,0,152,0,62,72,0,134,4,149,133,0,286,0,0,0,286
08/19/2020,ACK,MA,ANE,EN,Towers with Radar,4,101,58,0,163,0,55,60,0,115,4,156,118,0,278,0,0,0,278
08/20/2020,ACK,MA,ANE,EN,Towers with Radar,4,110,51,1,166,0,81,95,2,178,4,191,146,3,344,8,0,8,352
08/21/2020,ACK,MA,ANE,EN,Towers with Radar,10,111,70,0,191,0,91,107,0,198,10,202,177,0,389,0,0,0,389
08/22/2020,ACK,MA,ANE,EN,Towers with Radar,18,132,82,0,232,0,73,70,0,143,18,205,152,0,375,10,0,10,385
08/23/2020,ACK,MA,ANE,EN,Towers with Radar,12,129,128,0,269,0,53,80,0,133,12,182,208,0,402,0,0,0,402
08/24/2020,ACK,MA,ANE,EN,Towers with Radar,4,173,103,3,283,0,0,0,0,0,4,173,103,3,283,0,0,0,283
08/25/2020,ACK,MA,ANE,EN,Towers with Radar,4,81,56,0,141,0,79,74,0,153,4,160,130,0,294,8,0,8,302
08/26/2020,ACK,MA,ANE,EN,Towers with Radar,4,76,52,2,134,0,75,68,2,145,4,151,120,4,279,0,0,0,279
08/27/2020,ACK,MA,ANE,EN,Towers with Radar,4,130,62,0,196,0,48,51,0,99,4,178,113,0,295,0,0,0,295
08/28/2020,ACK,MA,ANE,EN,Towers with Radar,12,144,121,0,277,0,60,84,0,144,12,204,205,0,421,0,0,0,421
08/29/2020,ACK,MA,ANE,EN,Towers with Radar,18,156,41,0,215,0,1,2,0,3,18,157,43,0,218,0,0,0,218
08/30/2020,ACK,MA,ANE,EN,Towers with Radar,12,120,80,0,212,0,84,83,0,167,12,204,163,0,379,0,0,0,379
08/31/2020,ACK,MA,ANE,EN,Towers with Radar,4,96,63,0,163,0,77,97,0,174,4,173,160,0,337,2,2,4,341
09/01/2020,ACK,MA,ANE,EN,Towers with Radar,4,91,37,0,132,0,56,55,0,111,4,147,92,0,243,0,0,0,243
09/02/2020,ACK,MA,ANE,EN,Towers with Radar,4,138,77,2,221,0,7,7,0,14,4,145,84,2,235,0,0,0,235
09/03/2020,ACK,MA,ANE,EN,Towers with Radar,6,221,134,2,363,0,0,0,0,0,6,221,134,2,363,0,0,0,363
09/04/2020,ACK,MA,ANE,EN,Towers with Radar,14,123,111,0,248,0,80,105,0,185,14,203,216,0,433,8,0,8,441
09/05/2020,ACK,MA,ANE,EN,Towers with Radar,18,71,52,0,141,0,70,93,0,163,18,141,145,0,304,0,0,0,304
09/06/2020,ACK,MA,ANE,EN,Towers with Radar,16,79,59,0,154,0,54,74,0,128,16,133,133,0,282,0,0,0,282
09/07/2020,ACK,MA,ANE,EN,Towers with Radar,18,145,122,0,285,0,106,146,0,252,18,251,268,0,537,0,0,0,537
09/08/2020,ACK,MA,ANE,EN,Towers with Radar,6,151,87,0,244,0,4,4,0,8,6,155,91,0,252,0,0,0,252
09/09/2020,ACK,MA,ANE,EN,Towers with Radar,2,129,85,0,216,0,0,1,0,1,2,129,86,0,217,0,0,0,217
09/10/2020,ACK,MA,ANE,EN,Towers with Radar,2,129,53,0,184,0,0,0,0,0,2,129,53,0,184,0,0,0,184
09/11/2020,ACK,MA,ANE,EN,Towers with Radar,4,125,85,0,214,0,42,48,0,90,4,167,133,0,304,0,0,0,304
09/12/2020,ACK,MA,ANE,EN,Towers with Radar,2,67,66,0,135,0,56,82,0,138,2,123,148,0,273,0,0,0,273
09/13/2020,ACK,MA,ANE,EN,Towers with Radar,4,131,80,0,215,0,80,70,0,150,4,211,150,0,365,0,0,0,365
09/14/2020,ACK,MA,ANE,EN,Towers with Radar,2,93,33,0,128,0,65,51,0,116,2,158,84,0,244,0,0,0,244
09/15/2020,ACK,MA,ANE,EN,Towers with Radar,2,83,51,0,136,0,55,55,0,110,2,138,106,0,246,0,0,0,246
09/16/2020,ACK,MA,ANE,EN,Towers with Radar,2,83,55,4,144,0,61,54,0,115,2,144,109,4,259,0,0,0,259
09/17/2020,ACK,MA,ANE,EN,Towers with Radar,2,90,52,0,144,0,64,65,0,129,2,154,117,0,273,0,0,0,273
09/18/2020,ACK,MA,ANE,EN,Towers with Radar,4,143,72,0,219,0,9,23,0,32,4,152,95,0,251,0,0,0,251
09/19/2020,ACK,MA,ANE,EN,Towers with Radar,2,67,32,0,101,0,43,36,0,79,2,110,68,0,180,0,0,0,180
09/20/2020,ACK,MA,ANE,EN,Towers with Radar,4,135,60,0,199,0,98,61,0,159,4,233,121,0,358,0,0,0,358
09/21/2020,ACK,MA,ANE,EN,Towers with Radar,2,98,39,1,140,0,80,55,2,137,2,178,94,3,277,0,0,0,277
09/22/2020,ACK,MA,ANE,EN,Towers with Radar,2,56,18,0,76,0,61,15,0,76,2,117,33,0,152,0,0,0,152
09/23/2020,ACK,MA,ANE,EN,Towers with Radar,2,98,35,0,135,0,56,58,0,114,2,154,93,0,249,0,0,0,249
09/24/2020,ACK,MA,ANE,EN,Towers with Radar,2,128,50,3,183,0,118,72,7,197,2,246,122,10,380,0,0,0,380
09/25/2020,ACK,MA,ANE,EN,Towers with Radar,4,144,99,0,247,0,37,43,0,80,4,181,142,0,327,0,0,0,327
09/26/2020,ACK,MA,ANE,EN,Towers with Radar,2,74,62,0,138,0,22,35,0,57,2,96,97,0,195,0,0,0,195
09/27/2020,ACK,MA,ANE,EN,Towers with Radar,4,124,71,1,200,0,54,36,0,90,4,178,107,1,290,0,0,0,290
09/28/2020,ACK,MA,ANE,EN,Towers with Radar,2,163,54,0,219,0,4,6,0,10,2,167,60,0,229,0,0,0,229
09/29/2020,ACK,MA,ANE,EN,Towers with Radar,0,106,54,7,167,0,6,11,1,18,0,112,65,8,185,0,0,0,185
09/30/2020,ACK,MA,ANE,EN,Towers with Radar,0,71,28,0,99,0,27,31,0,58,0,98,59,0,157,0,0,0,157
10/01/2020,ACK,MA,ANE,EN,Towers with Radar,2,85,47,0,134,0,88,77,0,165,2,173,124,0,299,0,0,0,299
10/02/2020,ACK,MA,ANE,EN,Towers with Radar,4,93,51,1,149,0,53,45,1,99,4,146,96,2,248,0,2,2,250
10/03/2020,ACK,MA,ANE,EN,Towers with Radar,0,55,44,0,99,0,53,80,0,133,0,108,124,0,232,2,0,2,234
10/04/2020,ACK,MA,ANE,EN,Towers with Radar,4,85,61,0,150,0,69,75,0,144,4,154,136,0,294,10,0,10,304
10/05/2020,ACK,MA,ANE,EN,Towers with Radar,2,85,28,0,115,0,37,41,0,78,2,122,69,0,193,0,0,0,193
10/06/2020,ACK,MA,ANE,EN,Towers with Radar,0,65,19,0,84,0,43,29,0,72,0,108,48,0,156,0,0,0,156
10/07/2020,ACK,MA,ANE,EN,Towers with Radar,0,48,18,0,66,0,28,30,0,58,0,76,48,0,124,0,0,0,124
10/08/2020,ACK,MA,ANE,EN,Towers with Radar,2,102,45,0,149,0,79,69,0,148,2,181,114,0,297,0,0,0,297
10/09/2020,ACK,MA,ANE,EN,Towers with Radar,2,136,71,1,210,0,109,88,0,197,2,245,159,1,407,0,0,0,407
10/10/2020,ACK,MA,ANE,EN,Towers with Radar,0,76,17,0,93,0,57,29,0,86,0,133,46,0,179,0,0,0,179
10/11/2020,ACK,MA,ANE,EN,Towers with Radar,2,93,44,0,139,0,49,65,0,114,2,142,109,0,253,0,0,0,253
10/12/2020,ACK,MA,ANE,EN,Towers with Radar,2,178,57,0,237,0,28,23,0,51,2,206,80,0,288,0,0,0,288
10/13/2020,ACK,MA,ANE,EN,Towers with Radar,0,125,46,0,171,0,0,0,0,0,0,125,46,0,171,0,0,0,171
10/14/2020,ACK,MA,ANE,EN,Towers with Radar,0,58,19,3,80,0,53,49,0,102,0,111,68,3,182,0,0,0,182
10/15/2020,ACK,MA,ANE,EN,Towers with Radar,2,60,27,4,93,0,51,59,0,110,2,111,86,4,203,0,0,0,203
10/16/2020,ACK,MA,ANE,EN,Towers with Radar,2,81,27,2,112,0,44,28,3,75,2,125,55,5,187,0,2,2,189
10/17/2020,ACK,MA,ANE,EN,Towers with Radar,0,40,11,0,51,0,25,6,0,31,0,65,17,0,82,0,0,0,82
10/18/2020,ACK,MA,ANE,EN,Towers with Radar,2,61,60,0,123,0,56,91,0,147,2,117,151,0,270,0,0,0,270
10/19/2020,ACK,MA,ANE,EN,Towers with Radar,2,44,29,0,75,0,49,56,0,105,2,93,85,0,180,0,0,0,180
10/20/2020,ACK,MA,ANE,EN,Towers with Radar,0,68,33,0,101,0,0,0,0,0,0,68,33,0,101,0,0,0,101
10/21/2020,ACK,MA,ANE,EN,Towers with Radar,0,66,34,7,107,0,11,9,0,20,0,77,43,7,127,0,0,0,127
10/22/2020,ACK,MA,ANE,EN,Towers with Radar,2,71,41,0,114,0,19,18,0,37,2,90,59,0,151,2,0,2,153
10/23/2020,ACK,MA,ANE,EN,Towers with Radar,0,65,42,0,107,0,22,27,0,49,0,87,69,0,156,0,0,0,156
10/24/2020,ACK,MA,ANE,EN,Towers with Radar,0,46,28,0,74,0,18,14,0,32,0,64,42,0,106,0,0,0,106
10/25/2020,ACK,MA,ANE,EN,Towers with Radar,2,60,33,0,95,0,25,21,2,48,2,85,54,2,143,0,2,2,145
10/26/2020,ACK,MA,ANE,EN,Towers with Radar,0,62,25,4,91,0,12,9,0,21,0,74,34,4,112,0,0,0,112
10/27/2020,ACK,MA,ANE,EN,Towers with Radar,0,47,31,0,78,0,22,21,0,43,0,69,52,0,121,0,0,0,121
10/28/2020,ACK,MA,ANE,EN,Towers with Radar,0,61,23,0,84,0,9,9,0,18,0,70,32,0,102,0,0,0,102
10/29/2020,ACK,MA,ANE,EN,Towers with Radar,2,51,31,0,84,0,12,12,0,24,2,63,43,0,108,0,0,0,108
10/30/2020,ACK,MA,ANE,EN,Towers with Radar,0,53,15,0,68,0,0,1,0,1,0,53,16,0,69,0,0,0,69
10/31/2020,ACK,MA,ANE,EN,Towers with Radar,0,32,34,0,66,0,31,38,0,69,0,63,72,0,135,0,0,0,135
11/01/2020,ACK,MA,ANE,EN,Towers with Radar,2,57,23,0,82,0,12,5,0,17,2,69,28,0,99,0,0,0,99
11/02/2020,ACK,MA,ANE,EN,Towers with Radar,0,27,7,0,34,0,35,28,0,63,0,62,35,0,97,0,0,0,97
11/03/2020,ACK,MA,ANE,EN,Towers with Radar,0,31,4,0,35,0,32,21,0,53,0,63,25,0,88,0,0,0,88
11/04/2020,ACK,MA,ANE,EN,Towers with Radar,0,32,9,0,41,0,36,41,0,77,0,68,50,0,118,0,0,0,118
11/05/2020,ACK,MA,ANE,EN,Towers with Radar,2,32,14,0,48,0,38,52,0,90,2,70,66,0,138,2,0,2,140
11/06/2020,ACK,MA,ANE,EN,Towers with Radar,0,59,47,0,106,0,16,15,0,31,0,75,62,0,137,0,0,0,137
11/07/2020,ACK,MA,ANE,EN,Towers with Radar,0,13,12,0,25,0,26,53,4,83,0,39,65,4,108,0,0,0,108
11/08/2020,ACK,MA,ANE,EN,Towers with Radar,2,22,9,0,33,0,29,67,0,96,2,51,76,0,129,4,0,4,133
11/09/2020,ACK,MA,ANE,EN,Towers with Radar,0,17,6,0,23,0,40,51,0,91,0,57,57,0,114,2,0,2,116
11/10/2020,ACK,MA,ANE,EN,Towers with Radar,0,21,21,0,42,0,26,36,0,62,0,47,57,0,104,0,0,0,104
11/11/2020,ACK,MA,ANE,EN,Towers with Radar,0,30,12,0,42,0,10,13,0,23,0,40,25,0,65,0,0,0,65
11/12/2020,ACK,MA,ANE,EN,Towers with Radar,2,63,19,0,84,0,1,5,0,6,2,64,24,0,90,0,0,0,90
11/13/2020,ACK,MA,ANE,EN,Towers with Radar,0,66,22,0,88,0,2,7,0,9,0,68,29,0,97,0,0,0,97
11/14/2020,ACK,MA,ANE,EN,Towers with Radar,0,12,10,0,22,0,29,48,0,77,0,41,58,0,99,0,0,0,99
11/15/2020,ACK,MA,ANE,EN,Towers with Radar,2,18,6,0,26,0,26,28,0,54,2,44,34,0,80,0,0,0,80
11/16/2020,ACK,MA,ANE,EN,Towers with Radar,0,18,4,1,23,0,38,25,1,64,0,56,29,2,87,0,2,2,89
11/17/2020,ACK,MA,ANE,EN,Towers with Radar,0,9,11,4,24,0,37,24,2,63,0,46,35,6,87,0,0,0,87
11/18/2020,ACK,MA,ANE,EN,Towers with Radar,0,15,3,4,22,0,35,23,0,58,0,50,26,4,80,0,0,0,80
11/19/2020,ACK,MA,ANE,EN,Towers with Radar,2,26,9,0,37,0,47,28,0,75,2,73,37,0,112,0,0,0,112
11/20/2020,ACK,MA,ANE,EN,Towers with Radar,0,26,10,0,36,0,48,33,0,81,0,74,43,0,117,0,0,0,117
11/21/2020,ACK,MA,ANE,EN,Towers with Radar,2,25,20,0,47,0,35,41,2,78,2,60,61,2,125,0,0,0,125
11/22/2020,ACK,MA,ANE,EN,Towers with Radar,2,41,15,0,58,0,24,12,0,36,2,65,27,0,94,0,0,0,94
11/23/2020,ACK,MA,ANE,EN,Towers with Radar,0,54,30,0,84,0,9,3,0,12,0,63,33,0,96,0,0,0,96
11/24/2020,ACK,MA,ANE,EN,Towers with Radar,0,39,22,1,62,0,72,40,6,118,0,111,62,7,180,0,0,0,180
11/25/2020,ACK,MA,ANE,EN,Towers with Radar,2,43,25,0,70,0,49,38,0,87,2,92,63,0,157,0,0,0,157
11/26/2020,ACK,MA,ANE,EN,Towers with Radar,0,11,2,0,13,0,9,4,0,13,0,20,6,0,26,0,0,0,26
11/27/2020,ACK,MA,ANE,EN,Towers with Radar,0,39,25,0,64,0,28,39,0,67,0,67,64,0,131,8,0,8,139
11/28/2020,ACK,MA,ANE,EN,Towers with Radar,2,24,13,0,39,0,39,53,0,92,2,63,66,0,131,0,0,0,131
11/29/2020,ACK,MA,ANE,EN,Towers with Radar,2,45,40,0,87,0,89,56,0,145,2,134,96,0,232,0,0,0,232
11/30/2020,ACK,MA,ANE,EN,Towers with Radar,0,38,15,0,53,0,27,20,0,47,0,65,35,0,100,0,0,0,100
12/01/2020,ACK,MA,ANE,EN,Towers with Radar,0,53,18,4,75,0,10,11,0,21,0,63,29,4,96,0,0,0,96
12/02/2020,ACK,MA,ANE,EN,Towers with Radar,0,22,7,4,33,0,30,27,0,57,0,52,34,4,90,2,0,2,92
12/03/2020,ACK,MA,ANE,EN,Towers with Radar,2,24,19,2,47,0,42,28,0,70,2,66,47,2,117,0,0,0,117
12/04/2020,ACK,MA,ANE,EN,Towers with Radar,0,39,10,6,55,0,35,44,2,81,0,74,54,8,136,0,0,0,136
12/05/2020,ACK,MA,ANE,EN,Towers with Radar,0,18,5,0,23,0,1,0,0,1,0,19,5,0,24,0,0,0,24
12/06/2020,ACK,MA,ANE,EN,Towers with Radar,2,23,13,0,38,0,41,21,0,62,2,64,34,0,100,0,0,0,100
12/07/2020,ACK,MA,ANE,EN,Towers with Radar,0,20,9,4,33,0,46,31,0,77,0,66,40,4,110,2,0,2,112
12/08/2020,ACK,MA,ANE,EN,Towers with Radar,0,30,10,0,40,0,15,13,0,28,0,45,23,0,68,0,0,0,68
12/09/2020,ACK,MA,ANE,EN,Towers with Radar,0,23,22,0,45,0,38,23,0,61,0,61,45,0,106,0,0,0,106
12/10/2020,ACK,MA,ANE,EN,Towers with Radar,2,10,10,1,23,0,45,30,0,75,2,55,40,1,98,0,0,0,98
12/11/2020,ACK,MA,ANE,EN,Towers with Radar,0,14,1,0,15,0,38,46,0,84,0,52,47,0,99,2,0,2,101
12/12/2020,ACK,MA,ANE,EN,Towers with Radar,0,30,13,0,43,0,5,4,0,9,0,35,17,0,52,10,0,10,62
12/13/2020,ACK,MA,ANE,EN,Towers with Radar,2,15,9,0,26,0,23,27,0,50,2,38,36,0,76,2,2,4,80
12/14/2020,ACK,MA,ANE,EN,Towers with Radar,0,30,14,0,44,0,16,20,0,36,0,46,34,0,80,0,0,0,80
12/15/2020,ACK,MA,ANE,EN,Towers with Radar,0,7,10,7,24,0,43,39,2,84,0,50,49,9,108,0,0,0,108
12/16/2020,ACK,MA,ANE,EN,Towers with Radar,0,11,4,0,15,0,33,36,2,71,0,44,40,2,86,6,0,6,92
12/17/2020,ACK,MA,ANE,EN,Towers with Radar,0,0,4,0,4,0,0,0,0,0,0,0,4,0,4,0,0,0,4
12/18/2020,ACK,MA,ANE,EN,Towers with Radar,0,31,11,0,42,0,19,18,0,37,0,50,29,0,79,0,0,0,79
12/19/2020,ACK,MA,ANE,EN,Towers with Radar,2,24,12,0,38,0,8,3,0,11,2,32,15,0,49,0,0,0,49
12/20/2020,ACK,MA,ANE,EN,Towers with Radar,2,7,5,0,14,0,9,8,0,17,2,16,13,0,31,10,0,10,41
12/21/2020,ACK,MA,ANE,EN,Towers with Radar,0,49,11,2,62,0,0,5,0,5,0,49,16,2,67,0,0,0,67
12/22/2020,ACK,MA,ANE,EN,Towers with Radar,0,16,2,0,18,0,32,31,0,63,0,48,33,0,81,4,0,4,85
12/23/2020,ACK,MA,ANE,EN,Towers with Radar,2,15,7,1,25,0,39,21,1,61,2,54,28,2,86,0,0,0,86
12/24/2020,ACK,MA,ANE,EN,Towers with Radar,2,10,4,0,16,0,31,8,0,39,2,41,12,0,55,0,0,0,55
12/25/2020,ACK,MA,ANE,EN,Towers with Radar,0,0,1,0,1,0,0,0,0,0,0,0,1,0,1,0,0,0,1
12/26/2020,ACK,MA,ANE,EN,Towers with Radar,2,17,7,2,28,0,29,3,0,32,2,46,10,2,60,0,0,0,60
12/27/2020,ACK,MA,ANE,EN,Towers with Radar,2,7,11,0,20,0,17,20,0,37,2,24,31,0,57,0,0,0,57
12/28/2020,ACK,MA,ANE,EN,Towers with Radar,0,15,4,0,19,0,36,17,0,53,0,51,21,0,72,0,0,0,72
12/29/2020,ACK,MA,ANE,EN,Towers with Radar,0,13,3,2,18,0,33,19,0,52,0,46,22,2,70,0,0,0,70
12/30/2020,ACK,MA,ANE,EN,Towers with Radar,2,7,5,0,14,0,37,27,0,64,2,44,32,0,78,0,0,0,78
12/31/2020,ACK,MA,ANE,EN,Towers with Radar,0,36,9,0,45,0,15,7,0,22,0,51,16,0,67,0,0,0,67
01/01/2021,ACK,MA,ANE,EN,Towers with Radar,0,6,7,0,13,0,17,12,2,31,0,23,19,2,44,0,0,0,44
01/02/2021,ACK,MA,ANE,EN,Towers with Radar,2,22,12,0,36,0,14,7,0,21,2,36,19,0,57,0,0,0,57
01/03/2021,ACK,MA,ANE,EN,Towers with Radar,2,16,11,0,29,0,7,2,0,9,2,23,13,0,38,0,0,0,38
01/04/2021,ACK,MA,ANE,EN,Towers with Radar,0,34,14,0,48,0,8,10,0,18,0,42,24,0,66,0,0,0,66
01/05/2021,ACK,MA,ANE,EN,Towers with Radar,0,34,7,0,41,0,0,5,0,5,0,34,12,0,46,0,0,0,46
01/06/2021,ACK,MA,ANE,EN,Towers with Radar,0,14,4,5,23,0,28,18,9,55,0,42,22,14,78,0,0,0,78
01/07/2021,ACK,MA,ANE,EN,Towers with Radar,0,10,10,0,20,0,22,18,0,40,0,32,28,0,60,0,0,0,60
01/08/2021,ACK,MA,ANE,EN,Towers with Radar,0,8,5,6,19,0,29,37,0,66,0,37,42,6,85,0,0,0,85
01/09/2021,ACK,MA,ANE,EN,Towers with Radar,0,14,7,0,21,0,18,2,0,20,0,32,9,0,41,0,0,0,41
01/10/2021,ACK,MA,ANE,EN,Towers with Radar,0,3,4,0,7,0,14,18,0,32,0,17,22,0,39,0,0,0,39
01/11/2021,ACK,MA,ANE,EN,Towers with Radar,0,5,3,0,8,0,29,28,0,57,0,34,31,0,65,4,0,4,69
01/12/2021,ACK,MA,ANE,EN,Towers with Radar,0,4,5,0,9,0,41,26,2,69,0,45,31,2,78,8,0,8,86
01/13/2021,ACK,MA,ANE,EN,Towers with Radar,0,6,6,2,14,0,26,25,3,54,0,32,31,5,68,0,0,0,68
01/14/2021,ACK,MA,ANE,EN,Towers with Radar,0,11,17,0,28,0,25,22,0,47,0,36,39,0,75,0,0,0,75
01/15/2021,ACK,MA,ANE,EN,Towers with Radar,0,18,12,1,31,0,30,27,1,58,0,48,39,2,89,0,0,0,89
01/16/2021,ACK,MA,ANE,EN,Towers with Radar,0,21,3,0,24,0,6,1,0,7,0,27,4,0,31,0,0,0,31
01/17/2021,ACK,MA,ANE,EN,Towers with Radar,0,8,1,0,9,0,19,4,0,23,0,27,5,0,32,0,0,0,32
01/18/2021,ACK,MA,ANE,EN,Towers with Radar,0,11,9,0,20,0,36,33,0,69,0,47,42,0,89,6,0,6,95
01/19/2021,ACK,MA,ANE,EN,Towers with Radar,0,10,4,0,14,0,32,29,0,61,0,42,33,0,75,0,0,0,75
01/20/2021,ACK,MA,ANE,EN,Towers with Radar,0,11,1,9,21,0,26,25,1,52,0,37,26,10,73,10,0,10,83
01/21/2021,ACK,MA,ANE,EN,Towers with Radar,0,15,5,0,20,0,20,21,0,41,0,35,26,0,61,0,0,0,61
01/22/2021,ACK,MA,ANE,EN,Towers with Radar,0,14,6,6,26,0,29,36,0,65,0,43,42,6,91,0,0,0,91
01/23/2021,ACK,MA,ANE,EN,Towers with Radar,0,5,1,0,6,0,28,12,0,40,0,33,13,0,46,0,0,0,46
01/24/2021,ACK,MA,ANE,EN,Towers with Radar,0,8,2,0,10,0,19,6,0,25,0,27,8,0,35,0,0,0,35
01/25/2021,ACK,MA,ANE,EN,Towers with Radar,0,4,0,0,4,0,27,36,0,63,0,31,36,0,67,0,0,0,67
01/26/2021,ACK,MA,ANE,EN,Towers with Radar,0,11,11,0,22,0,19,24,0,43,0,30,35,0,65,12,0,12,77
01/27/2021,ACK,MA,ANE,EN,Towers with Radar,0,32,14,0,46,0,3,6,0,9,0,35,20,0,55,0,0,0,55
01/28/2021,ACK,MA,ANE,EN,Towers with Radar,0,42,22,0,64,0,0,0,0,0,0,42,22,0,64,0,0,0,64
01/29/2021,ACK,MA,ANE,EN,Towers with Radar,0,19,10,0,29,0,12,6,0,18,0,31,16,0,47,0,0,0,47
01/30/2021,ACK,MA,ANE,EN,Towers with Radar,0,6,8,1,15,0,25,17,2,44,0,31,25,3,59,0,0,0,59
01/31/2021,ACK,MA,ANE,EN,Towers with Radar,0,8,7,0,15,0,15,13,0,28,0,23,20,0,43,0,0,0,43
02/01/2021,ACK,MA,ANE,EN,Towers with Radar,0,15,3,0,18,0,5,3,0,8,0,20,6,0,26,0,0,0,26
02/02/2021,ACK,MA,ANE,EN,Towers with Radar,0,35,13,0,48,0,0,0,0,0,0,35,13,0,48,0,0,0,48
02/03/2021,ACK,MA,ANE,EN,Towers with Radar,0,27,13,8,48,0,20,9,0,29,0,47,22,8,77,0,0,0,77
02/04/2021,ACK,MA,ANE,EN,Towers with Radar,0,26,13,0,39,0,22,23,0,45,0,48,36,0,84,0,0,0,84
02/05/2021,ACK,MA,ANE,EN,Towers with Radar,0,12,10,6,28,0,24,13,0,37,0,36,23,6,65,0,0,0,65
02/06/2021,ACK,MA,ANE,EN,Towers with Radar,0,12,7,0,19,0,21,15,0,36,0,33,22,0,55,0,0,0,55
02/07/2021,ACK,MA,ANE,EN,Towers with Radar,0,2,0,2,4,0,3,0,0,3,0,5,0,2,7,0,0,0,7
02/08/2021,ACK,MA,ANE,EN,Towers with Radar,0,9,1,0,10,0,30,26,0,56,0,39,27,0,66,0,0,0,66
02/09/2021,ACK,MA,ANE,EN,Towers with Radar,0,15,9,0,24,0,8,11,0,19,0,23,20,0,43,0,0,0,43
02/10/2021,ACK,MA,ANE,EN,Towers with Radar,0,11,2,0,13,0,36,23,4,63,0,47,25,4,76,0,0,0,76
02/11/2021,ACK,MA,ANE,EN,Towers with Radar,0,14,5,0,19,0,30,21,0,51,0,44,26,0,70,1,4,5,75
02/12/2021,ACK,MA,ANE,EN,Towers with Radar,0,16,11,0,27,0,35,40,2,77,0,51,51,2,104,0,0,0,104
02/13/2021,ACK,MA,ANE,EN,Towers with Radar,0,5,5,0,10,0,18,22,0,40,0,23,27,0,50,0,0,0,50
02/14/2021,ACK,MA,ANE,EN,Towers with Radar,0,20,1,0,21,0,2,0,0,2,0,22,1,0,23,0,0,0,23
02/15/2021,ACK,MA,ANE,EN,Towers with Radar,0,32,20,0,52,0,3,5,0,8,0,35,25,0,60,0,0,0,60
02/16/2021,ACK,MA,ANE,EN,Towers with Radar,0,18,14,0,32,0,0,0,0,0,0,18,14,0,32,0,0,0,32
02/17/2021,ACK,MA,ANE,EN,Towers with Radar,0,7,8,7,22,0,32,29,0,61,0,39,37,7,83,0,0,0,83
02/18/2021,ACK,MA,ANE,EN,Towers with Radar,0,9,7,0,16,0,18,12,0,30,0,27,19,0,46,0,0,0,46
02/19/2021,ACK,MA,ANE,EN,Towers with Radar,0,35,5,0,40,0,0,0,0,0,0,35,5,0,40,0,0,0,40
02/20/2021,ACK,MA,ANE,EN,Towers with Radar,0,14,9,0,23,0,20,9,0,29,0,34,18,0,52,0,0,0,52
02/21/2021,ACK,MA,ANE,EN,Towers with Radar,0,4,10,0,14,0,25,23,0,48,0,29,33,0,62,0,0,0,62
02/22/2021,ACK,MA,ANE,EN,Towers with Radar,0,20,6,4,30,0,26,18,0,44,0,46,24,4,74,0,0,0,74
02/23/2021,ACK,MA,ANE,EN,Towers with Radar,0,12,12,0,24,0,31,30,0,61,0,43,42,0,85,2,4,6,91
02/24/2021,ACK,MA,ANE,EN,Towers with Radar,0,13,2,0,15,0,28,35,0,63,0,41,37,0,78,0,0,0,78
02/25/2021,ACK,MA,ANE,EN,Towers with Radar,0,7,5,0,12,0,37,18,0,55,0,44,23,0,67,0,0,0,67
02/26/2021,ACK,MA,ANE,EN,Towers with Radar,0,11,7,2,20,0,39,44,0,83,0,50,51,2,103,0,6,6,109
02/27/2021,ACK,MA,ANE,EN,Towers with Radar,0,19,5,0,24,0,5,1,0,6,0,24,6,0,30,0,0,0,30
02/28/2021,ACK,MA,ANE,EN,Towers with Radar,0,0,6,0,6,0,15,28,2,45,0,15,34,2,51,2,2,4,55
03/01/2021,ACK,MA,ANE,EN,Towers with Radar,0,45,26,4,75,0,0,1,0,1,0,45,27,4,76,0,0,0,76
03/02/2021,ACK,MA,ANE,EN,Towers with Radar,0,4,0,2,6,0,0,23,2,25,0,4,23,4,31,0,4,4,35
03/03/2021,ACK,MA,ANE,EN,Towers with Radar,0,7,1,0,8,0,34,34,0,68,0,41,35,0,76,0,0,0,76
03/04/2021,ACK,MA,ANE,EN,Towers with Radar,0,15,15,3,33,0,33,34,0,67,0,48,49,3,100,0,0,0,100
03/05/2021,ACK,MA,ANE,EN,Towers with Radar,0,8,3,6,17,0,31,37,3,71,0,39,40,9,88,0,0,0,88
03/06/2021,ACK,MA,ANE,EN,Towers with Radar,0,3,5,1,9,0,25,28,4,57,0,28,33,5,66,0,0,0,66
03/07/2021,ACK,MA,ANE,EN,Towers with Radar,0,5,8,0,13,0,24,28,0,52,0,29,36,0,65,2,0,2,67
03/08/2021,ACK,MA,ANE,EN,Towers with Radar,0,7,4,2,13,0,40,22,0,62,0,47,26,2,75,0,0,0,75
03/09/2021,ACK,MA,ANE,EN,Towers with Radar,0,11,5,2,18,0,33,29,6,68,0,44,34,8,86,0,0,0,86
03/10/2021,ACK,MA,ANE,EN,Towers with Radar,0,12,2,0,14,0,38,47,0,85,0,50,49,0,99,0,0,0,99
03/11/2021,ACK,MA,ANE,EN,Towers with Radar,0,9,13,2,24,0,38,35,1,74,0,47,48,3,98,0,6,6,104
03/12/2021,ACK,MA,ANE,EN,Towers with Radar,0,11,2,0,13,0,38,26,0,64,0,49,28,0,77,0,0,0,77
03/13/2021,ACK,MA,ANE,EN,Towers with Radar,0,3,6,0,9,0,25,22,0,47,0,28,28,0,56,0,0,0,56
03/14/2021,ACK,MA,ANE,EN,Towers with Radar,0,9,4,0,13,0,16,15,0,31,0,25,19,0,44,0,0,0,44
03/15/2021,ACK,MA,ANE,EN,Towers with Radar,0,17,1,0,18,0,34,18,1,53,0,51,19,1,71,0,0,0,71
03/16/2021,ACK,MA,ANE,EN,Towers with Radar,0,9,2,0,11,0,43,38,0,81,0,52,40,0,92,0,0,0,92
03/17/2021,ACK,MA,ANE,EN,Towers with Radar,0,11,7,2,20,0,39,24,2,65,0,50,31,4,85,10,20,30,115
03/18/2021,ACK,MA,ANE,EN,Towers with Radar,0,42,17,2,61,0,24,10,0,34,0,66,27,2,95,0,0,0,95
03/19/2021,ACK,MA,ANE,EN,Towers with Radar,0,8,2,3,13,0,22,5,0,27,0,30,7,3,40,0,0,0,40
03/20/2021,ACK,MA,ANE,EN,Towers with Radar,0,6,13,0,19,0,28,55,0,83,0,34,68,0,102,4,0,4,106
03/21/2021,ACK,MA,ANE,EN,Towers with Radar,0,6,16,0,22,0,22,64,0,86,0,28,80,0,108,4,0,4,112
03/22/2021,ACK,MA,ANE,EN,Towers with Radar,0,6,5,0,11,0,35,50,0,85,0,41,55,0,96,12,0,12,108
03/23/2021,ACK,MA,ANE,EN,Towers with Radar,0,12,4,5,21,0,32,42,1,75,0,44,46,6,96,8,4,12,108
03/24/2021,ACK,MA,ANE,EN,Towers with Radar,0,40,18,4,62,0,15,6,0,21,0,55,24,4,83,0,0,0,83
03/25/2021,ACK,MA,ANE,EN,Towers with Radar,0,52,13,4,69,0,3,14,0,17,0,55,27,4,86,0,0,0,86
03/26/2021,ACK,MA,ANE,EN,Towers with Radar,0,15,6,0,21,0,0,0,0,0,0,15,6,0,21,0,0,0,21
03/27/2021,ACK,MA,ANE,EN,Towers with Radar,0,15,4,0,19,0,34,42,2,78,0,49,46,2,97,0,0,0,97
03/28/2021,ACK,MA,ANE,EN,Towers with Radar,0,14,2,0,16,0,6,0,0,6,0,20,2,0,22,0,0,0,22
03/29/2021,ACK,MA,ANE,EN,Towers with Radar,0,8,11,0,19,0,38,17,0,55,0,46,28,0,74,0,0,0,74
03/30/2021,ACK,MA,ANE,EN,Towers with Radar,0,12,5,0,17,0,39,46,2,87,0,51,51,2,104,0,2,2,106
03/31/2021,ACK,MA,ANE,EN,Towers with Radar,0,15,10,0,25,0,36,25,0,61,0,51,35,0,86,0,0,0,86
04/01/2021,ACK,MA,ANE,EN,Towers with Radar,0,41,17,3,61,0,8,7,0,15,0,49,24,3,76,0,0,0,76
04/02/2021,ACK,MA,ANE,EN,Towers with Radar,0,17,13,1,31,0,39,41,1,81,0,56,54,2,112,0,2,2,114
04/03/2021,ACK,MA,ANE,EN,Towers with Radar,0,11,0,0,11,0,25,40,0,65,0,36,40,0,76,0,0,0,76
04/04/2021,ACK,MA,ANE,EN,Towers with Radar,0,6,5,0,11,0,32,23,0,55,0,38,28,0,66,0,0,0,66
04/05/2021,ACK,MA,ANE,EN,Towers with Radar,0,29,6,0,35,0,35,26,0,61,0,64,32,0,96,0,0,0,96
04/06/2021,ACK,MA,ANE,EN,Towers with Radar,0,15,4,0,19,0,38,26,2,66,0,53,30,2,85,0,0,0,85
04/07/2021,ACK,MA,ANE,EN,Towers with Radar,0,24,9,4,37,0,24,29,2,55,0,48,38,6,92,20,0,20,112
04/08/2021,ACK,MA,ANE,EN,Towers with Radar,0,31,24,8,63,0,25,13,0,38,0,56,37,8,101,0,0,0,101
04/09/2021,ACK,MA,ANE,EN,Towers with Radar,0,26,15,0,41,0,30,31,0,61,0,56,46,0,102,0,0,0,102
04/10/2021,ACK,MA,ANE,EN,Towers with Radar,0,24,29,0,53,0,12,6,0,18,0,36,35,0,71,0,0,0,71
04/11/2021,ACK,MA,ANE,EN,Towers with Radar,0,30,13,0,43,0,0,0,0,0,0,30,13,0,43,0,0,0,43
04/12/2021,ACK,MA,ANE,EN,Towers with Radar,0,36,12,2,50,0,16,10,0,26,0,52,22,2,76,0,0,0,76
04/13/2021,ACK,MA,ANE,EN,Towers with Radar,0,18,5,3,26,0,23,16,5,44,0,41,21,8,70,0,0,0,70
04/14/2021,ACK,MA,ANE,EN,Towers with Radar,0,18,7,5,30,0,44,38,2,84,0,62,45,7,114,0,0,0,114
04/15/2021,ACK,MA,ANE,EN,Towers with Radar,0,12,13,4,29,0,34,24,0,58,0,46,37,4,87,0,0,0,87
04/16/2021,ACK,MA,ANE,EN,Towers with Radar,0,49,22,0,71,0,0,6,0,6,0,49,28,0,77,0,0,0,77
04/17/2021,ACK,MA,ANE,EN,Towers with Radar,0,35,9,0,44,0,11,8,0,19,0,46,17,0,63,0,0,0,63
04/18/2021,ACK,MA,ANE,EN,Towers with Radar,0,21,14,0,35,0,27,43,0,70,0,48,57,0,105,2,0,2,107
04/19/2021,ACK,MA,ANE,EN,Towers with Radar,0,13,12,0,25,0,49,44,0,93,0,62,56,0,118,4,0,4,122
04/20/2021,ACK,MA,ANE,EN,Towers with Radar,0,12,6,1,19,0,47,36,7,90,0,59,42,8,109,4,0,4,113
04/21/2021,ACK,MA,ANE,EN,Towers with Radar,0,23,8,0,31,0,34,20,0,54,0,57,28,0,85,2,0,2,87
04/22/2021,ACK,MA,ANE,EN,Towers with Radar,0,11,3,0,14,0,32,23,2,57,0,43,26,2,71,0,0,0,71
04/23/2021,ACK,MA,ANE,EN,Towers with Radar,0,28,6,0,34,0,51,38,0,89,0,79,44,0,123,0,0,0,123
04/24/2021,ACK,MA,ANE,EN,Towers with Radar,0,14,19,3,36,0,32,51,0,83,0,46,70,3,119,0,0,0,119
04/25/2021,ACK,MA,ANE,EN,Towers with Radar,0,53,20,0,73,0,4,0,0,4,0,57,20,0,77,0,0,0,77
04/26/2021,ACK,MA,ANE,EN,Towers with Radar,0,15,7,1,23,0,51,39,0,90,0,66,46,1,113,0,0,0,113
04/27/2021,ACK,MA,ANE,EN,Towers with Radar,0,18,1,0,19,0,48,46,0,94,0,66,47,0,113,0,0,0,113
04/28/2021,ACK,MA,ANE,EN,Towers with Radar,0,34,31,0,65,0,23,16,0,39,0,57,47,0,104,0,0,0,104
04/29/2021,ACK,MA,ANE,EN,Towers with Radar,0,59,40,4,103,0,1,0,0,1,0,60,40,4,104,0,0,0,104
04/30/2021,ACK,MA,ANE,EN,Towers with Radar,0,37,17,0,54,0,32,19,0,51,0,69,36,0,105,0,0,0,105
05/01/2021,ACK,MA,ANE,EN,Towers with Radar,0,17,12,0,29,0,30,46,0,76,0,47,58,0,105,0,0,0,105
05/02/2021,ACK,MA,ANE,EN,Towers with Radar,0,12,19,0,31,0,30,23,0,53,0,42,42,0,84,0,0,0,84
05/03/2021,ACK,MA,ANE,EN,Towers with Radar,0,14,9,0,23,0,38,47,0,85,0,52,56,0,108,12,0,12,120
05/04/2021,ACK,MA,ANE,EN,Towers with Radar,0,61,32,0,93,0,0,0,0,0,0,61,32,0,93,0,0,0,93
05/05/2021,ACK,MA,ANE,EN,Towers with Radar,0,49,23,0,72,0,0,0,0,0,0,49,23,0,72,0,0,0,72
05/06/2021,ACK,MA,ANE,EN,Towers with Radar,6,22,16,6,50,0,50,51,10,111,6,72,67,16,161,0,0,0,161
05/07/2021,ACK,MA,ANE,EN,Towers with Radar,10,20,6,0,36,0,42,53,4,99,10,62,59,4,135,0,0,0,135
05/08/2021,ACK,MA,ANE,EN,Towers with Radar,4,16,3,0,23,0,33,25,0,58,4,49,28,0,81,2,0,2,83
05/09/2021,ACK,MA,ANE,EN,Towers with Radar,10,16,21,0,47,0,30,42,0,72,10,46,63,0,119,0,0,0,119
05/10/2021,ACK,MA,ANE,EN,Towers with Radar,6,46,31,0,83,0,20,12,0,32,6,66,43,0,115,0,0,0,115
05/11/2021,ACK,MA,ANE,EN,Towers with Radar,0,19,6,0,25,0,48,44,0,92,0,67,50,0,117,0,0,0,117
05/12/2021,ACK,MA,ANE,EN,Towers with Radar,0,21,8,0,29,0,47,43,0,90,0,68,51,0,119,0,0,0,119
05/13/2021,ACK,MA,ANE,EN,Towers with Radar,10,33,7,0,50,0,51,65,2,118,10,84,72,2,168,0,0,0,168
05/14/2021,ACK,MA,ANE,EN,Towers with Radar,12,23,29,0,64,0,54,70,0,124,12,77,99,0,188,2,0,2,190
05/15/2021,ACK,MA,ANE,EN,Towers with Radar,6,21,22,0,49,0,27,61,0,88,6,48,83,0,137,0,0,0,137
05/16/2021,ACK,MA,ANE,EN,Towers with Radar,14,24,28,0,66,0,37,62,0,99,14,61,90,0,165,0,0,0,165
05/17/2021,ACK,MA,ANE,EN,Towers with Radar,6,32,11,8,57,0,50,47,7,104,6,82,58,15,161,0,16,16,177
05/18/2021,ACK,MA,ANE,EN,Towers with Radar,0,28,12,0,40,0,55,39,0,94,0,83,51,0,134,10,0,10,144
05/19/2021,ACK,MA,ANE,EN,Towers with Radar,0,29,17,0,46,0,76,46,0,122,0,105,63,0,168,0,0,0,168
05/20/2021,ACK,MA,ANE,EN,Towers with Radar,10,32,19,0,61,0,63,65,0,128,10,95,84,0,189,4,0,4,193
05/21/2021,ACK,MA,ANE,EN,Towers with Radar,12,88,67,0,167,0,9,3,0,12,12,97,70,0,179,0,0,0,179
05/22/2021,ACK,MA,ANE,EN,Towers with Radar,4,35,17,0,56,0,35,17,0,52,4,70,34,0,108,0,0,0,108
05/23/2021,ACK,MA,ANE,EN,Towers with Radar,16,36,24,0,76,0,52,57,0,109,16,88,81,0,185,0,2,2,187
05/24/2021,ACK,MA,ANE,EN,Towers with Radar,6,25,7,0,38,0,59,56,0,115,6,84,63,0,153,0,0,0,153
05/25/2021,ACK,MA,ANE,EN,Towers with Radar,0,33,21,0,54,0,58,55,0,113,0,91,76,0,167,2,4,6,173
05/26/2021,ACK,MA,ANE,EN,Towers with Radar,0,121,46,0,167,0,0,0,0,0,0,121,46,0,167,0,0,0,167
05/27/2021,ACK,MA,ANE,EN,Towers with Radar,14,87,42,0,143,0,115,115,0,230,14,202,157,0,373,0,0,0,373
05/28/2021,ACK,MA,ANE,EN,Towers with Radar,26,124,53,0,203,0,89,78,1,168,26,213,131,1,371,0,0,0,371
05/29/2021,ACK,MA,ANE,EN,Towers with Radar,18,69,21,0,108,0,0,3,0,3,18,69,24,0,111,0,0,0,111
05/30/2021,ACK,MA,ANE,EN,Towers with Radar,26,74,13,0,113,0,0,0,0,0,26,74,13,0,113,0,0,0,113
05/31/2021,ACK,MA,ANE,EN,Towers with Radar,30,270,125,0,425,0,3,3,0,6,30,273,128,0,431,0,0,0,431
06/01/2021,ACK,MA,ANE,EN,Towers with Radar,10,61,30,0,101,0,87,72,0,159,10,148,102,0,260,0,0,0,260
06/02/2021,ACK,MA,ANE,EN,Towers with Radar,8,54,23,0,85,0,76,65,3,144,8,130,88,3,229,0,0,0,229
06/03/2021,ACK,MA,ANE,EN,Towers with Radar,27,122,73,0,222,0,0,0,0,0,27,122,73,0,222,0,0,0,222
06/04/2021,ACK,MA,ANE,EN,Towers with Radar,31,102,47,0,180,0,0,0,0,0,31,102,47,0,180,0,0,0,180
06/05/2021,ACK,MA,ANE,EN,Towers with Radar,28,98,51,0,177,0,14,18,0,32,28,112,69,0,209,0,0,0,209
06/06/2021,ACK,MA,ANE,EN,Towers with Radar,38,47,26,1,112,0,82,96,2,180,38,129,122,3,292,0,0,0,292
06/07/2021,ACK,MA,ANE,EN,Towers with Radar,24,68,28,2,122,0,32,26,2,60,24,100,54,4,182,0,0,0,182
06/08/2021,ACK,MA,ANE,EN,Towers with Radar,18,132,55,0,205,0,0,0,0,0,18,132,55,0,205,0,0,0,205
06/09/2021,ACK,MA,ANE,EN,Towers with Radar,16,88,37,6,147,0,44,25,2,71,16,132,62,8,218,0,0,0,218
06/10/2021,ACK,MA,ANE,EN,Towers with Radar,30,65,29,0,124,0,97,88,9,194,30,162,117,9,318,0,8,8,326
06/11/2021,ACK,MA,ANE,EN,Towers with Radar,31,71,33,1,136,0,96,90,4,190,31,167,123,5,326,0,0,0,326
06/12/2021,ACK,MA,ANE,EN,Towers with Radar,34,121,72,0,227,0,17,25,0,42,34,138,97,0,269,0,0,0,269
06/13/2021,ACK,MA,ANE,EN,Towers with Radar,38,79,47,0,164,0,81,87,0,168,38,160,134,0,332,0,0,0,332
06/14/2021,ACK,MA,ANE,EN,Towers with Radar,26,90,35,2,153,0,56,46,0,102,26,146,81,2,255,0,0,0,255
06/15/2021,ACK,MA,ANE,EN,Towers with Radar,24,127,63,2,216,0,13,13,0,26,24,140,76,2,242,0,0,0,242
06/16/2021,ACK,MA,ANE,EN,Towers with Radar,26,79,33,2,140,0,101,102,0,203,26,180,135,2,343,4,0,4,347
06/17/2021,ACK,MA,ANE,EN,Towers with Radar,32,75,33,2,142,0,113,83,0,196,32,188,116,2,338,0,4,4,342
06/18/2021,ACK,MA,ANE,EN,Towers with Radar,36,65,64,0,165,0,125,133,0,258,36,190,197,0,423,10,0,10,433
06/19/2021,ACK,MA,ANE,EN,Towers with Radar,36,85,59,0,180,0,70,74,0,144,36,155,133,0,324,0,0,0,324
06/20/2021,ACK,MA,ANE,EN,Towers with Radar,37,103,39,0,179,0,77,93,0,170,37,180,132,0,349,2,0,2,351
06/21/2021,ACK,MA,ANE,EN,Towers with Radar,30,161,90,0,281,0,2,2,0,4,30,163,92,0,285,0,0,0,285
06/22/2021,ACK,MA,ANE,EN,Towers with Radar,27,106,61,0,194,0,33,17,0,50,27,139,78,0,244,2,0,2,246
06/23/2021,ACK,MA,ANE,EN,Towers with Radar,27,77,48,4,156,0,83,84,2,169,27,160,132,6,325,2,0,2,327
06/24/2021,ACK,MA,ANE,EN,Towers with Radar,32,118,53,6,209,0,90,100,0,190,32,208,153,6,399,8,0,8,407
06/25/2021,ACK,MA,ANE,EN,Towers with Radar,38,235,121,0,394,0,0,0,0,0,38,235,121,0,394,0,0,0,394
06/26/2021,ACK,MA,ANE,EN,Towers with Radar,42,190,99,0,331,0,0,0,0,0,42,190,99,0,331,0,0,0,331
06/27/2021,ACK,MA,ANE,EN,Towers with Radar,42,219,123,0,384,0,0,0,0,0,42,219,123,0,384,0,0,0,384
06/28/2021,ACK,MA,ANE,EN,Towers with Radar,28,114,84,0,226,0,66,67,0,133,28,180,151,0,359,0,0,0,359
06/29/2021,ACK,MA,ANE,EN,Towers with Radar,26,116,58,0,200,0,76,74,0,150,26,192,132,0,350,0,0,0,350
06/30/2021,ACK,MA,ANE,EN,Towers with Radar,25,139,76,5,245,0,73,61,0,134,25,212,137,5,379,0,0,0,379
07/01/2021,ACK,MA,ANE,EN,Towers with Radar,34,196,93,0,323,0,74,68,2,144,34,270,161,2,467,0,6,6,473
07/02/2021,ACK,MA,ANE,EN,Towers with Radar,38,249,99,2,388,0,6,7,0,13,38,255,106,2,401,0,0,0,401
07/03/2021,ACK,MA,ANE,EN,Towers with Radar,46,158,85,0,289,0,0,0,0,0,46,158,85,0,289,0,0,0,289
07/04/2021,ACK,MA,ANE,EN,Towers with Radar,46,73,33,0,152,0,15,16,0,31,46,88,49,0,183,0,0,0,183
07/05/2021,ACK,MA,ANE,EN,Towers with Radar,34,130,103,0,267,0,82,95,0,177,34,212,198,0,444,1,0,1,445
07/06/2021,ACK,MA,ANE,EN,Towers with Radar,28,104,62,1,195,0,95,83,2,180,28,199,145,3,375,0,0,0,375
07/07/2021,ACK,MA,ANE,EN,Towers with Radar,28,90,43,0,161,0,89,109,2,200,28,179,152,2,361,0,0,0,361
07/08/2021,ACK,MA,ANE,EN,Towers with Radar,28,213,122,0,363,0,2,2,0,4,28,215,124,0,367,0,0,0,367
07/09/2021,ACK,MA,ANE,EN,Towers with Radar,12,60,46,0,118,0,18,7,0,25,12,78,53,0,143,0,0,0,143
07/10/2021,ACK,MA,ANE,EN,Towers with Radar,52,230,147,0,429,0,0,1,0,1,52,230,148,0,430,0,0,0,430
07/11/2021,ACK,MA,ANE,EN,Towers with Radar,47,147,106,0,300,0,93,77,0,170,47,240,183,0,470,0,0,0,470
07/12/2021,ACK,MA,ANE,EN,Towers with Radar,16,224,86,2,328,0,0,0,0,0,16,224,86,2,328,0,0,0,328
07/13/2021,ACK,MA,ANE,EN,Towers with Radar,24,156,107,0,287,0,0,0,0,0,24,156,107,0,287,0,0,0,287
07/14/2021,ACK,MA,ANE,EN,Towers with Radar,32,178,86,0,296,0,0,0,0,0,32,178,86,0,296,0,0,0,296
07/15/2021,ACK,MA,ANE,EN,Towers with Radar,36,247,136,1,420,0,0,0,0,0,36,247,136,1,420,0,0,0,420
07/16/2021,ACK,MA,ANE,EN,Towers with Radar,46,248,148,0,442,0,0,0,0,0,46,248,148,0,442,0,0,0,442
07/17/2021,ACK,MA,ANE,EN,Towers with Radar,47,226,132,0,405,0,0,0,0,0,47,226,132,0,405,0,0,0,405
07/18/2021,ACK,MA,ANE,EN,Towers with Radar,47,201,125,1,374,0,42,32,0,74,47,243,157,1,448,0,0,0,448
07/19/2021,ACK,MA,ANE,EN,Towers with Radar,30,173,85,0,288,0,64,61,0,125,30,237,146,0,413,0,0,0,413
07/20/2021,ACK,MA,ANE,EN,Towers with Radar,30,122,55,0,207,0,63,74,0,137,30,185,129,0,344,0,0,0,344
07/21/2021,ACK,MA,ANE,EN,Towers with Radar,28,171,93,0,292,0,14,34,0,48,28,185,127,0,340,0,0,0,340
07/22/2021,ACK,MA,ANE,EN,Towers with Radar,37,135,59,4,235,0,129,96,0,225,37,264,155,4,460,0,0,0,460
07/23/2021,ACK,MA,ANE,EN,Towers with Radar,44,123,77,0,244,0,113,125,1,239,44,236,202,1,483,0,0,0,483
07/24/2021,ACK,MA,ANE,EN,Towers with Radar,47,106,80,0,233,1,78,105,0,184,48,184,185,0,417,2,0,2,419
07/25/2021,ACK,MA,ANE,EN,Towers with Radar,46,195,104,0,345,0,51,41,0,92,46,246,145,0,437,0,0,0,437
07/26/2021,ACK,MA,ANE,EN,Towers with Radar,27,169,100,9,305,0,33,32,6,71,27,202,132,15,376,0,14,14,390
07/27/2021,ACK,MA,ANE,EN,Towers with Radar,29,89,48,0,166,0,97,75,0,172,29,186,123,0,338,0,0,0,338
07/28/2021,ACK,MA,ANE,EN,Towers with Radar,28,144,83,6,261,0,62,49,3,114,28,206,132,9,375,0,0,0,375
07/29/2021,ACK,MA,ANE,EN,Towers with Radar,30,159,51,2,242,0,86,53,0,139,30,245,104,2,381,0,0,0,381
07/30/2021,ACK,MA,ANE,EN,Towers with Radar,42,139,104,0,285,0,103,84,1,188,42,242,188,1,473,0,0,0,473
07/31/2021,ACK,MA,ANE,EN,Towers with Radar,47,119,96,0,262,0,97,123,0,220,47,216,219,0,482,0,0,0,482
08/01/2021,ACK,MA,ANE,EN,Towers with Radar,47,140,61,0,248,0,120,112,0,232,47,260,173,0,480,0,0,0,480
08/02/2021,ACK,MA,ANE,EN,Towers with Radar,32,107,72,2,213,0,105,93,2,200,32,212,165,4,413,0,0,0,413
08/03/2021,ACK,MA,ANE,EN,Towers with Radar,26,101,44,0,171,0,84,63,0,147,26,185,107,0,318,0,0,0,318
08/04/2021,ACK,MA,ANE,EN,Towers with Radar,23,128,88,0,239,0,58,51,0,109,23,186,139,0,348,0,0,0,348
08/05/2021,ACK,MA,ANE,EN,Towers with Radar,35,220,110,4,369,0,19,5,0,24,35,239,115,4,393,0,0,0,393
08/06/2021,ACK,MA,ANE,EN,Towers with Radar,42,123,77,0,242,0,123,98,3,224,42,246,175,3,466,0,6,6,472
08/07/2021,ACK,MA,ANE,EN,Towers with Radar,44,86,76,0,206,0,87,100,0,187,44,173,176,0,393,0,9,9,402
08/08/2021,ACK,MA,ANE,EN,Towers with Radar,46,124,99,0,269,0,103,81,0,184,46,227,180,0,453,0,0,0,453
08/09/2021,ACK,MA,ANE,EN,Towers with Radar,22,198,114,4,338,0,11,7,0,18,22,209,121,4,356,0,0,0,356
08/10/2021,ACK,MA,ANE,EN,Towers with Radar,26,176,94,0,296,0,16,19,0,35,26,192,113,0,331,0,0,0,331
08/11/2021,ACK,MA,ANE,EN,Towers with Radar,26,167,112,0,305,0,0,0,0,0,26,167,112,0,305,0,0,0,305
08/12/2021,ACK,MA,ANE,EN,Towers with Radar,32,166,88,0,286,0,89,80,1,170,32,255,168,1,456,0,0,0,456
08/13/2021,ACK,MA,ANE,EN,Towers with Radar,40,116,71,0,227,0,138,100,0,238,40,254,171,0,465,0,0,0,465
08/14/2021,ACK,MA,ANE,EN,Towers with Radar,46,156,101,0,303,0,65,39,0,104,46,221,140,0,407,0,2,2,409
08/15/2021,ACK,MA,ANE,EN,Towers with Radar,46,98,70,0,214,0,101,111,0,212,46,199,181,0,426,0,0,0,426
08/16/2021,ACK,MA,ANE,EN,Towers with Radar,28,109,56,0,193,0,126,125,0,251,28,235,181,0,444,0,0,0,444
08/17/2021,ACK,MA,ANE,EN,Towers with Radar,28,86,55,1,170,0,105,84,2,191,28,191,139,3,361,0,0,0,361
08/18/2021,ACK,MA,ANE,EN,Towers with Radar,27,104,62,1,194,0,86,83,1,170,27,190,145,2,364,0,0,0,364
08/19/2021,ACK,MA,ANE,EN,Towers with Radar,35,169,99,0,303,0,17,14,0,31,35,186,113,0,334,0,0,0,334
08/20/2021,ACK,MA,ANE,EN,Towers with Radar,40,110,80,0,230,0,90,81,0,171,40,200,161,0,401,0,0,0,401
08/21/2021,ACK,MA,ANE,EN,Towers with Radar,44,222,141,0,407,0,36,41,0,77,44,258,182,0,484,0,0,0,484
08/22/2021,ACK,MA,ANE,EN,Towers with Radar,0,6,7,0,13,0,3,2,0,5,0,9,9,0,18,0,0,0,18
08/23/2021,ACK,MA,ANE,EN,Towers with Radar,31,144,89,0,264,0,35,15,1,51,31,179,104,1,315,0,0,0,315
08/24/2021,ACK,MA,ANE,EN,Towers with Radar,30,171,80,3,284,0,53,32,2,87,30,224,112,5,371,4,0,4,375
08/25/2021,ACK,MA,ANE,EN,Towers with Radar,28,79,35,0,142,0,101,90,0,191,28,180,125,0,333,0,0,0,333
08/26/2021,ACK,MA,ANE,EN,Towers with Radar,36,110,58,2,206,0,96,84,2,182,36,206,142,4,388,0,20,20,408
08/27/2021,ACK,MA,ANE,EN,Towers with Radar,43,119,83,0,245,0,99,100,0,199,43,218,183,0,444,0,0,0,444
08/28/2021,ACK,MA,ANE,EN,Towers with Radar,46,115,77,0,238,0,62,65,0,127,46,177,142,0,365,0,0,0,365
08/29/2021,ACK,MA,ANE,EN,Towers with Radar,47,220,134,2,403,0,63,61,0,124,47,283,195,2,527,0,0,0,527
08/30/2021,ACK,MA,ANE,EN,Towers with Radar,29,125,87,0,241,0,42,27,0,69,29,167,114,0,310,0,0,0,310
08/31/2021,ACK,MA,ANE,EN,Towers with Radar,29,89,33,1,152,0,80,91,4,175,29,169,124,5,327,0,0,0,327
09/01/2021,ACK,MA,ANE,EN,Towers with Radar,22,108,42,0,172,0,65,38,0,103,22,173,80,0,275,0,0,0,275
09/02/2021,ACK,MA,ANE,EN,Towers with Radar,24,120,59,0,203,0,46,23,0,69,24,166,82,0,272,0,0,0,272
09/03/2021,ACK,MA,ANE,EN,Towers with Radar,38,84,66,0,188,0,132,137,0,269,38,216,203,0,457,4,0,4,461
09/04/2021,ACK,MA,ANE,EN,Towers with Radar,44,65,45,0,154,0,81,77,0,158,44,146,122,0,312,0,0,0,312
09/05/2021,ACK,MA,ANE,EN,Towers with Radar,40,79,49,0,168,0,86,44,0,130,40,165,93,0,298,0,0,0,298
09/06/2021,ACK,MA,ANE,EN,Towers with Radar,34,254,128,0,416,0,38,21,0,59,34,292,149,0,475,0,0,0,475
09/07/2021,ACK,MA,ANE,EN,Towers with Radar,26,92,56,2,176,0,123,93,3,219,26,215,149,5,395,4,0,4,399
09/08/2021,ACK,MA,ANE,EN,Towers with Radar,14,56,38,3,111,0,86,60,1,147,14,142,98,4,258,0,0,0,258
09/09/2021,ACK,MA,ANE,EN,Towers with Radar,15,152,70,0,237,0,16,6,0,22,15,168,76,0,259,0,0,0,259
09/10/2021,ACK,MA,ANE,EN,Towers with Radar,18,101,51,2,172,0,108,82,2,192,18,209,133,4,364,0,0,0,364
09/11/2021,ACK,MA,ANE,EN,Towers with Radar,19,53,41,0,113,0,53,79,0,132,19,106,120,0,245,0,0,0,245
09/12/2021,ACK,MA,ANE,EN,Towers with Radar,18,102,57,0,177,0,115,70,0,185,18,217,127,0,362,0,0,0,362
09/13/2021,ACK,MA,ANE,EN,Towers with Radar,16,73,58,1,148,0,79,63,2,144,16,152,121,3,292,0,0,0,292
09/14/2021,ACK,MA,ANE,EN,Towers with Radar,14,44,30,0,88,0,83,69,0,152,14,127,99,0,240,0,0,0,240
09/15/2021,ACK,MA,ANE,EN,Towers with Radar,14,139,64,1,218,0,49,27,1,77,14,188,91,2,295,0,0,0,295
09/16/2021,ACK,MA,ANE,EN,Towers with Radar,16,154,63,0,233,0,23,7,0,30,16,177,70,0,263,0,0,0,263
09/17/2021,ACK,MA,ANE,EN,Towers with Radar,18,158,85,1,262,0,38,10,1,49,18,196,95,2,311,0,19,19,330
09/18/2021,ACK,MA,ANE,EN,Towers with Radar,17,93,59,1,170,0,6,4,0,10,17,99,63,1,180,0,0,0,180
09/19/2021,ACK,MA,ANE,EN,Towers with Radar,18,92,82,0,192,0,105,65,0,170,18,197,147,0,362,0,0,0,362
09/20/2021,ACK,MA,ANE,EN,Towers with Radar,16,41,39,2,98,0,86,77,0,163,16,127,116,2,261,2,0,2,263
09/21/2021,ACK,MA,ANE,EN,Towers with Radar,13,82,35,0,130,0,64,60,1,125,13,146,95,1,255,0,0,0,255
09/22/2021,ACK,MA,ANE,EN,Towers with Radar,15,81,48,2,146,0,62,61,0,123,15,143,109,2,269,0,0,0,269
09/23/2021,ACK,MA,ANE,EN,Towers with Radar,16,98,34,0,148,0,63,40,2,105,16,161,74,2,253,0,0,0,253
09/24/2021,ACK,MA,ANE,EN,Towers with Radar,18,103,65,0,186,0,74,33,0,107,18,177,98,0,293,0,0,0,293
09/25/2021,ACK,MA,ANE,EN,Towers with Radar,12,83,46,0,141,0,4,4,0,8,12,87,50,0,149,0,0,0,149
09/26/2021,ACK,MA,ANE,EN,Towers with Radar,18,81,72,0,171,0,70,40,0,110,18,151,112,0,281,0,0,0,281
09/27/2021,ACK,MA,ANE,EN,Towers with Radar,14,57,39,2,112,0,75,69,4,148,14,132,108,6,260,0,0,0,260
09/28/2021,ACK,MA,ANE,EN,Towers with Radar,14,49,17,0,80,0,56,30,1,87,14,105,47,1,167,0,2,2,169
09/29/2021,ACK,MA,ANE,EN,Towers with Radar,14,66,34,2,116,0,58,43,0,101,14,124,77,2,217,0,0,0,217
09/30/2021,ACK,MA,ANE,EN,Towers with Radar,16,89,23,0,128,0,67,61,0,128,16,156,84,0,256,0,0,0,256
10/01/2021,ACK,MA,ANE,EN,Towers with Radar,18,53,51,0,122,0,79,48,1,128,18,132,99,1,250,0,0,0,250
10/02/2021,ACK,MA,ANE,EN,Towers with Radar,15,38,17,0,70,0,50,60,0,110,15,88,77,0,180,0,0,0,180
10/03/2021,ACK,MA,ANE,EN,Towers with Radar,18,92,47,0,157,0,36,38,0,74,18,128,85,0,231,0,0,0,231
10/04/2021,ACK,MA,ANE,EN,Towers with Radar,16,131,60,4,211,0,0,0,0,0,16,131,60,4,211,0,0,0,211
10/05/2021,ACK,MA,ANE,EN,Towers with Radar,10,108,44,3,165,0,0,0,1,1,10,108,44,4,166,0,0,0,166
10/06/2021,ACK,MA,ANE,EN,Towers with Radar,10,92,36,0,138,0,37,24,2,63,10,129,60,2,201,0,0,0,201
10/07/2021,ACK,MA,ANE,EN,Towers with Radar,12,55,40,2,109,0,83,80,5,168,12,138,120,7,277,0,0,0,277
10/08/2021,ACK,MA,ANE,EN,Towers with Radar,16,106,65,0,187,0,80,83,1,164,16,186,148,1,351,0,0,0,351
10/09/2021,ACK,MA,ANE,EN,Towers with Radar,14,70,29,0,113,0,36,28,0,64,14,106,57,0,177,0,0,0,177
10/10/2021,ACK,MA,ANE,EN,Towers with Radar,16,81,37,0,134,0,29,11,0,40,16,110,48,0,174,0,0,0,174
10/11/2021,ACK,MA,ANE,EN,Towers with Radar,14,114,65,0,193,0,69,68,0,137,14,183,133,0,330,0,0,0,330
10/12/2021,ACK,MA,ANE,EN,Towers with Radar,10,63,24,0,97,0,56,36,0,92,10,119,60,0,189,0,0,0,189
10/13/2021,ACK,MA,ANE,EN,Towers with Radar,6,37,19,6,68,0,53,44,3,100,6,90,63,9,168,0,0,0,168
10/14/2021,ACK,MA,ANE,EN,Towers with Radar,8,86,67,0,161,0,15,13,0,28,8,101,80,0,189,0,0,0,189
10/15/2021,ACK,MA,ANE,EN,Towers with Radar,8,99,65,0,172,0,1,2,0,3,8,100,67,0,175,0,0,0,175
10/16/2021,ACK,MA,ANE,EN,Towers with Radar,6,30,18,0,54,0,33,29,0,62,6,63,47,0,116,0,0,0,116
10/17/2021,ACK,MA,ANE,EN,Towers with Radar,8,44,39,0,91,0,46,42,0,88,8,90,81,0,179,0,0,0,179
10/18/2021,ACK,MA,ANE,EN,Towers with Radar,8,32,10,0,50,0,53,36,0,89,8,85,46,0,139,0,0,0,139
10/19/2021,ACK,MA,ANE,EN,Towers with Radar,2,32,7,3,44,0,46,28,2,76,2,78,35,5,120,0,2,2,122
10/20/2021,ACK,MA,ANE,EN,Towers with Radar,2,33,20,0,55,0,46,46,0,92,2,79,66,0,147,0,0,0,147
10/21/2021,ACK,MA,ANE,EN,Towers with Radar,2,23,17,5,47,0,57,59,1,117,2,80,76,6,164,0,0,0,164
10/22/2021,ACK,MA,ANE,EN,Towers with Radar,2,33,19,2,56,0,63,54,4,121,2,96,73,6,177,0,0,0,177
10/23/2021,ACK,MA,ANE,EN,Towers with Radar,2,29,10,0,41,0,31,49,0,80,2,60,59,0,121,2,0,2,123
10/24/2021,ACK,MA,ANE,EN,Towers with Radar,2,28,24,0,54,0,36,71,0,107,2,64,95,0,161,0,0,0,161
10/25/2021,ACK,MA,ANE,EN,Towers with Radar,2,66,27,2,97,0,24,10,0,34,2,90,37,2,131,0,0,0,131
10/26/2021,ACK,MA,ANE,EN,Towers with Radar,2,23,5,2,32,0,6,14,3,23,2,29,19,5,55,0,0,0,55
10/27/2021,ACK,MA,ANE,EN,Towers with Radar,4,10,0,0,14,0,0,0,0,0,4,10,0,0,14,0,0,0,14
10/28/2021,ACK,MA,ANE,EN,Towers with Radar,2,58,23,0,83,0,24,22,0,46,2,82,45,0,129,0,0,0,129
10/29/2021,ACK,MA,ANE,EN,Towers with Radar,2,50,25,2,79,0,35,37,0,72,2,85,62,2,151,0,0,0,151
10/30/2021,ACK,MA,ANE,EN,Towers with Radar,2,40,11,0,53,0,0,0,0,0,2,40,11,0,53,0,0,0,53
10/31/2021,ACK,MA,ANE,EN,Towers with Radar,0,39,13,0,52,0,38,10,0,48,0,77,23,0,100,0,0,0,100
11/01/2021,ACK,MA,ANE,EN,Towers with Radar,0,23,7,0,30,0,55,37,0,92,0,78,44,0,122,0,0,0,122
11/02/2021,ACK,MA,ANE,EN,Towers with Radar,0,15,8,2,25,0,43,38,0,81,0,58,46,2,106,0,0,0,106
11/03/2021,ACK,MA,ANE,EN,Towers with Radar,0,18,5,4,27,0,54,30,0,84,0,72,35,4,111,0,0,0,111
11/04/2021,ACK,MA,ANE,EN,Towers with Radar,0,26,7,2,35,0,44,34,0,78,0,70,41,2,113,0,0,0,113
11/05/2021,ACK,MA,ANE,EN,Towers with Radar,0,19,8,0,27,0,54,36,0,90,0,73,44,0,117,0,0,0,117
11/06/2021,ACK,MA,ANE,EN,Towers with Radar,0,13,5,0,18,0,33,55,0,88,0,46,60,0,106,0,0,0,106
11/07/2021,ACK,MA,ANE,EN,Towers with Radar,0,14,12,0,26,0,37,43,0,80,0,51,55,0,106,0,0,0,106
11/08/2021,ACK,MA,ANE,EN,Towers with Radar,0,17,5,0,22,0,43,32,2,77,0,60,37,2,99,0,0,0,99
11/09/2021,ACK,MA,ANE,EN,Towers with Radar,0,17,7,2,26,0,33,51,3,87,0,50,58,5,113,0,0,0,113
11/10/2021,ACK,MA,ANE,EN,Towers with Radar,0,16,7,0,23,0,46,45,0,91,0,62,52,0,114,0,0,0,114
11/11/2021,ACK,MA,ANE,EN,Towers with Radar,0,16,13,0,29,0,44,42,0,86,0,60,55,0,115,0,0,0,115
11/12/2021,ACK,MA,ANE,EN,Towers with Radar,0,30,7,4,41,0,29,10,0,39,0,59,17,4,80,0,0,0,80
11/13/2021,ACK,MA,ANE,EN,Towers with Radar,0,9,12,0,21,0,28,24,0,52,0,37,36,0,73,0,0,0,73
11/14/2021,ACK,MA,ANE,EN,Towers with Radar,0,13,10,0,23,0,37,33,0,70,0,50,43,0,93,0,0,0,93
11/15/2021,ACK,MA,ANE,EN,Towers with Radar,0,15,3,2,20,0,40,30,1,71,0,55,33,3,91,0,0,0,91
11/16/2021,ACK,MA,ANE,EN,Towers with Radar,0,13,3,0,16,0,45,21,0,66,0,58,24,0,82,0,0,0,82
11/17/2021,ACK,MA,ANE,EN,Towers with Radar,0,17,3,2,22,0,46,33,0,79,0,63,36,2,101,0,0,0,101
11/18/2021,ACK,MA,ANE,EN,Towers with Radar,0,19,3,0,22,0,49,41,0,90,0,68,44,0,112,0,0,0,112
11/19/2021,ACK,MA,ANE,EN,Towers with Radar,0,27,10,0,37,0,52,24,4,80,0,79,34,4,117,0,0,0,117
11/20/2021,ACK,MA,ANE,EN,Towers with Radar,0,29,13,2,44,0,45,37,1,83,0,74,50,3,127,0,0,0,127
11/21/2021,ACK,MA,ANE,EN,Towers with Radar,0,46,15,0,61,0,35,20,1,56,0,81,35,1,117,0,0,0,117
11/22/2021,ACK,MA,ANE,EN,Towers with Radar,0,56,11,8,75,0,30,24,6,60,0,86,35,14,135,0,0,0,135
11/23/2021,ACK,MA,ANE,EN,Towers with Radar,0,50,20,6,76,0,58,28,1,87,0,108,48,7,163,0,0,0,163
11/24/2021,ACK,MA,ANE,EN,Towers with Radar,0,93,17,0,110,0,22,5,2,29,0,115,22,2,139,0,0,0,139
11/25/2021,ACK,MA,ANE,EN,Towers with Radar,0,38,9,0,47,0,4,0,0,4,0,42,9,0,51,0,0,0,51
11/26/2021,ACK,MA,ANE,EN,Towers with Radar,0,79,10,1,90,0,0,0,0,0,0,79,10,1,90,0,0,0,90
11/27/2021,ACK,MA,ANE,EN,Towers with Radar,0,102,10,1,113,0,9,1,1,11,0,111,11,2,124,0,0,0,124
11/28/2021,ACK,MA,ANE,EN,Towers with Radar,0,131,38,10,179,0,12,13,3,28,0,143,51,13,207,4,0,4,211
11/29/2021,ACK,MA,ANE,EN,Towers with Radar,0,31,14,2,47,0,54,28,0,82,0,85,42,2,129,0,0,0,129
11/30/2021,ACK,MA,ANE,EN,Towers with Radar,0,31,9,9,49,0,35,24,2,61,0,66,33,11,110,0,4,4,114
12/01/2021,ACK,MA,ANE,EN,Towers with Radar,0,27,17,0,44,0,54,34,0,88,0,81,51,0,132,0,4,4,136
12/02/2021,ACK,MA,ANE,EN,Towers with Radar,0,70,19,0,89,0,64,29,0,93,0,134,48,0,182,0,0,0,182
12/03/2021,ACK,MA,ANE,EN,Towers with Radar,0,49,23,0,72,0,89,56,0,145,0,138,79,0,217,0,0,0,217
12/04/2021,ACK,MA,ANE,EN,Towers with Radar,0,31,18,0,49,0,44,92,0,136,0,75,110,0,185,0,0,0,185
12/05/2021,ACK,MA,ANE,EN,Towers with Radar,0,76,60,0,136,0,87,90,0,177,0,163,150,0,313,0,0,0,313
12/06/2021,ACK,MA,ANE,EN,Towers with Radar,0,75,22,0,97,0,9,13,0,22,0,84,35,0,119,0,0,0,119
12/07/2021,ACK,MA,ANE,EN,Towers with Radar,0,29,20,0,49,0,48,25,12,85,0,77,45,12,134,0,0,0,134
12/08/2021,ACK,MA,ANE,EN,Towers with Radar,0,32,13,2,47,0,22,16,0,38,0,54,29,2,85,0,0,0,85
12/09/2021,ACK,MA,ANE,EN,Towers with Radar,0,21,4,2,27,0,39,34,0,73,0,60,38,2,100,0,0,0,100
12/10/2021,ACK,MA,ANE,EN,Towers with Radar,0,12,7,0,19,0,46,23,0,69,0,58,30,0,88,2,0,2,90
12/11/2021,ACK,MA,ANE,EN,Towers with Radar,0,18,3,0,21,0,0,0,0,0,0,18,3,0,21,0,0,0,21
12/12/2021,ACK,MA,ANE,EN,Towers with Radar,0,11,11,0,22,0,33,21,0,54,0,44,32,0,76,0,0,0,76
12/13/2021,ACK,MA,ANE,EN,Towers with Radar,0,23,4,0,27,0,46,38,0,84,0,69,42,0,111,0,0,0,111
12/14/2021,ACK,MA,ANE,EN,Towers with Radar,0,13,1,0,14,0,43,39,4,86,0,56,40,4,100,0,0,0,100
12/15/2021,ACK,MA,ANE,EN,Towers with Radar,0,12,0,0,12,0,44,46,3,93,0,56,46,3,105,0,0,0,105
12/16/2021,ACK,MA,ANE,EN,Towers with Radar,0,19,3,0,22,0,33,30,0,63,0,52,33,0,85,0,0,0,85
12/17/2021,ACK,MA,ANE,EN,Towers with Radar,0,15,9,0,24,0,45,39,0,84,0,60,48,0,108,0,0,0,108
12/18/2021,ACK,MA,ANE,EN,Towers with Radar,0,23,3,0,26,0,17,5,0,22,0,40,8,0,48,0,0,0,48
12/19/2021,ACK,MA,ANE,EN,Towers with Radar,0,31,3,0,34,0,5,3,0,8,0,36,6,0,42,0,0,0,42
12/20/2021,ACK,MA,ANE,EN,Towers with Radar,0,18,5,0,23,0,44,26,0,70,0,62,31,0,93,10,0,10,103
12/21/2021,ACK,MA,ANE,EN,Towers with Radar,0,12,7,2,21,0,39,42,4,85,0,51,49,6,106,2,2,4,110
12/22/2021,ACK,MA,ANE,EN,Towers with Radar,0,58,7,0,65,0,14,10,0,24,0,72,17,0,89,0,0,0,89
12/23/2021,ACK,MA,ANE,EN,Towers with Radar,0,18,3,1,22,0,55,36,3,94,0,73,39,4,116,0,0,0,116
12/24/2021,ACK,MA,ANE,EN,Towers with Radar,0,36,0,0,36,0,9,12,0,21,0,45,12,0,57,0,0,0,57
12/25/2021,ACK,MA,ANE,EN,Towers with Radar,0,12,0,0,12,0,1,0,0,1,0,13,0,0,13,0,0,0,13
12/26/2021,ACK,MA,ANE,EN,Towers with Radar,0,36,9,0,45,0,12,6,0,18,0,48,15,0,63,0,2,2,65
12/27/2021,ACK,MA,ANE,EN,Towers with Radar,0,31,2,0,33,0,29,20,0,49,0,60,22,0,82,4,0,4,86
12/28/2021,ACK,MA,ANE,EN,Towers with Radar,0,46,8,0,54,0,10,7,0,17,0,56,15,0,71,0,0,0,71
12/29/2021,ACK,MA,ANE,EN,Towers with Radar,0,15,11,0,26,0,33,18,0,51,0,48,29,0,77,0,0,0,77
12/30/2021,ACK,MA,ANE,EN,Towers with Radar,0,37,12,3,52,0,25,20,1,46,0,62,32,4,98,0,0,0,98
12/31/2021,ACK,MA,ANE,EN,Towers with Radar,0,50,18,0,68,0,0,0,0,0,0,50,18,0,68,0,0,0,68
01/01/2022,ACK,MA,ANE,EN,Towers with Radar,0,33,2,0,35,0,0,0,0,0,0,33,2,0,35,0,0,0,35
01/02/2022,ACK,MA,ANE,EN,Towers with Radar,0,30,9,0,39,0,0,0,0,0,0,30,9,0,39,0,0,0,39
01/03/2022,ACK,MA,ANE,EN,Towers with Radar,0,20,5,1,26,0,15,12,0,27,0,35,17,1,53,0,22,22,75
01/04/2022,ACK,MA,ANE,EN,Towers with Radar,0,20,3,0,23,0,35,38,0,73,0,55,41,0,96,0,0,0,96
01/05/2022,ACK,MA,ANE,EN,Towers with Radar,0,19,6,0,25,0,20,15,0,35,0,39,21,0,60,0,0,0,60
01/06/2022,ACK,MA,ANE,EN,Towers with Radar,0,9,1,0,10,0,40,31,2,73,0,49,32,2,83,0,0,0,83
01/07/2022,ACK,MA,ANE,EN,Towers with Radar,0,5,5,0,10,0,8,3,0,11,0,13,8,0,21,0,0,0,21
01/08/2022,ACK,MA,ANE,EN,Towers with Radar,0,12,5,0,17,0,19,12,0,31,0,31,17,0,48,0,0,0,48
01/09/2022,ACK,MA,ANE,EN,Towers with Radar,0,16,0,0,16,0,16,1,0,17,0,32,1,0,33,0,0,0,33
01/10/2022,ACK,MA,ANE,EN,Towers with Radar,0,8,1,3,12,0,29,27,1,57,0,37,28,4,69,0,0,0,69
01/11/2022,ACK,MA,ANE,EN,Towers with Radar,0,16,0,0,16,0,30,17,0,47,0,46,17,0,63,0,0,0,63
01/12/2022,ACK,MA,ANE,EN,Towers with Radar,0,12,10,1,23,0,29,21,0,50,0,41,31,1,73,0,0,0,73
01/13/2022,ACK,MA,ANE,EN,Towers with Radar,0,11,7,0,18,0,32,33,0,65,0,43,40,0,83,0,0,0,83
01/14/2022,ACK,MA,ANE,EN,Towers with Radar,0,16,14,0,30,0,0,0,0,0,0,16,14,0,30,0,0,0,30
01/15/2022,ACK,MA,ANE,EN,Towers with Radar,0,30,4,0,34,0,16,2,0,18,0,46,6,0,52,0,0,0,52
01/16/2022,ACK,MA,ANE,EN,Towers with Radar,0,6,6,0,12,0,19,16,0,35,0,25,22,0,47,0,0,0,47
01/17/2022,ACK,MA,ANE,EN,Towers with Radar,0,18,5,0,23,0,5,6,0,11,0,23,11,0,34,0,0,0,34
01/18/2022,ACK,MA,ANE,EN,Towers with Radar,0,12,0,0,12,0,45,30,0,75,0,57,30,0,87,0,0,0,87
01/19/2022,ACK,MA,ANE,EN,Towers with Radar,0,18,6,0,24,0,35,23,2,60,0,53,29,2,84,0,0,0,84
01/20/2022,ACK,MA,ANE,EN,Towers with Radar,0,27,19,0,46,0,13,6,2,21,0,40,25,2,67,0,14,14,81
01/21/2022,ACK,MA,ANE,EN,Towers with Radar,0,31,5,0,36,0,10,12,0,22,0,41,17,0,58,0,0,0,58
01/22/2022,ACK,MA,ANE,EN,Towers with Radar,0,20,7,2,29,0,4,4,0,8,0,24,11,2,37,0,0,0,37
01/23/2022,ACK,MA,ANE,EN,Towers with Radar,0,9,3,0,12,0,28,25,0,53,0,37,28,0,65,0,0,0,65
01/24/2022,ACK,MA,ANE,EN,Towers with Radar,0,16,2,1,19,0,42,34,1,77,0,58,36,2,96,0,2,2,98
01/25/2022,ACK,MA,ANE,EN,Towers with Radar,0,13,9,2,24,0,35,16,8,59,0,48,25,10,83,2,0,2,85
01/26/2022,ACK,MA,ANE,EN,Towers with Radar,0,7,3,0,10,0,35,21,0,56,0,42,24,0,66,0,0,0,66
01/27/2022,ACK,MA,ANE,EN,Towers with Radar,0,11,10,0,21,0,41,22,0,63,0,52,32,0,84,0,0,0,84
01/28/2022,ACK,MA,ANE,EN,Towers with Radar,0,29,3,0,32,0,12,15,0,27,0,41,18,0,59,0,0,0,59
01/29/2022,ACK,MA,ANE,EN,Towers with Radar,0,0,0,0,0,0,0,0,0,0,0,0,0,0,0,0,0,0,0
01/30/2022,ACK,MA,ANE,EN,Towers with Radar,0,2,3,0,5,0,0,4,0,4,0,2,7,0,9,0,0,0,9
01/31/2022,ACK,MA,ANE,EN,Towers with Radar,0,4,0,0,4,0,5,13,0,18,0,9,13,0,22,0,0,0,22
02/01/2022,ACK,MA,ANE,EN,Towers with Radar,0,13,5,0,18,0,27,20,0,47,0,40,25,0,65,0,0,0,65
02/02/2022,ACK,MA,ANE,EN,Towers with Radar,0,41,10,0,51,0,0,4,0,4,0,41,14,0,55,0,0,0,55
02/03/2022,ACK,MA,ANE,EN,Towers with Radar,0,19,19,0,38,0,0,0,0,0,0,19,19,0,38,0,0,0,38
02/04/2022,ACK,MA,ANE,EN,Towers with Radar,0,4,12,0,16,0,0,0,0,0,0,4,12,0,16,0,0,0,16
02/05/2022,ACK,MA,ANE,EN,Towers with Radar,0,6,2,0,8,0,18,3,0,21,0,24,5,0,29,0,0,0,29
02/06/2022,ACK,MA,ANE,EN,Towers with Radar,0,7,2,4,13,0,25,20,0,45,0,32,22,4,58,0,0,0,58
02/07/2022,ACK,MA,ANE,EN,Towers with Radar,0,19,5,0,24,0,38,14,0,52,0,57,19,0,76,0,0,0,76
02/08/2022,ACK,MA,ANE,EN,Towers with Radar,0,43,18,0,61,0,2,2,0,4,0,45,20,0,65,0,0,0,65
02/09/2022,ACK,MA,ANE,EN,Towers with Radar,0,11,6,0,17,0,40,32,0,72,0,51,38,0,89,0,0,0,89
02/10/2022,ACK,MA,ANE,EN,Towers with Radar,0,15,4,0,19,0,33,15,0,48,0,48,19,0,67,0,0,0,67
02/11/2022,ACK,MA,ANE,EN,Towers with Radar,0,14,7,1,22,0,38,39,3,80,0,52,46,4,102,0,0,0,102
02/12/2022,ACK,MA,ANE,EN,Towers with Radar,0,9,3,0,12,0,21,20,0,41,0,30,23,0,53,0,0,0,53
02/13/2022,ACK,MA,ANE,EN,Towers with Radar,0,22,5,2,29,0,5,0,0,5,0,27,5,2,34,0,0,0,34
02/14/2022,ACK,MA,ANE,EN,Towers with Radar,0,18,8,0,26,0,26,8,2,36,0,44,16,2,62,0,0,0,62
02/15/2022,ACK,MA,ANE,EN,Towers with Radar,0,13,3,0,16,0,41,33,0,74,0,54,36,0,90,0,0,0,90
02/16/2022,ACK,MA,ANE,EN,Towers with Radar,0,14,1,0,15,0,37,36,0,73,0,51,37,0,88,0,0,0,88
02/17/2022,ACK,MA,ANE,EN,Towers with Radar,0,20,9,0,29,0,25,15,2,42,0,45,24,2,71,0,0,0,71
02/18/2022,ACK,MA,ANE,EN,Towers with Radar,0,18,2,0,20,0,30,8,0,38,0,48,10,0,58,0,0,0,58
02/19/2022,ACK,MA,ANE,EN,Towers with Radar,0,15,4,0,19,0,16,10,0,26,0,31,14,0,45,0,0,0,45
02/20/2022,ACK,MA,ANE,EN,Towers with Radar,0,11,13,2,26,0,27,24,0,51,0,38,37,2,77,0,0,0,77
02/21/2022,ACK,MA,ANE,EN,Towers with Radar,0,14,9,1,24,0,43,52,3,98,0,57,61,4,122,0,4,4,126
02/22/2022,ACK,MA,ANE,EN,Towers with Radar,0,42,9,2,53,0,10,10,0,20,0,52,19,2,73,0,0,0,73
02/23/2022,ACK,MA,ANE,EN,Towers with Radar,0,30,21,0,51,0,11,11,2,24,0,41,32,2,75,0,0,0,75
02/24/2022,ACK,MA,ANE,EN,Towers with Radar,0,10,2,2,14,0,35,20,4,59,0,45,22,6,73,0,0,0,73
02/25/2022,ACK,MA,ANE,EN,Towers with Radar,0,9,3,0,12,0,0,0,0,0,0,9,3,0,12,0,0,0,12
02/26/2022,ACK,MA,ANE,EN,Towers with Radar,0,19,7,0,26,0,24,17,2,43,0,43,24,2,69,0,0,0,69
02/27/2022,ACK,MA,ANE,EN,Towers with Radar,0,10,0,0,10,0,16,2,0,18,0,26,2,0,28,0,0,0,28
02/28/2022,ACK,MA,ANE,EN,Towers with Radar,0,12,4,0,16,0,32,30,0,62,0,44,34,0,78,0,2,2,80
03/01/2022,ACK,MA,ANE,EN,Towers with Radar,0,16,1,0,17,0,34,32,0,66,0,50,33,0,83,1,0,1,84
03/02/2022,ACK,MA,ANE,EN,Towers with Radar,0,15,4,4,23,0,43,33,12,88,0,58,37,16,111,6,0,6,117
03/03/2022,ACK,MA,ANE,EN,Towers with Radar,0,21,5,1,27,0,25,14,1,40,0,46,19,2,67,0,0,0,67
03/04/2022,ACK,MA,ANE,EN,Towers with Radar,0,17,3,2,22,0,29,35,4,68,0,46,38,6,90,0,0,0,90
03/05/2022,ACK,MA,ANE,EN,Towers with Radar,0,11,4,0,15,0,19,37,0,56,0,30,41,0,71,0,0,0,71
03/06/2022,ACK,MA,ANE,EN,Towers with Radar,0,12,4,0,16,0,0,0,0,0,0,12,4,0,16,0,0,0,16
03/07/2022,ACK,MA,ANE,EN,Towers with Radar,0,19,12,0,31,0,12,10,0,22,0,31,22,0,53,0,0,0,53
03/08/2022,ACK,MA,ANE,EN,Towers with Radar,0,10,2,4,16,0,38,23,8,69,0,48,25,12,85,0,0,0,85
03/09/2022,ACK,MA,ANE,EN,Towers with Radar,0,27,16,0,43,0,17,11,0,28,0,44,27,0,71,36,0,36,107
03/10/2022,ACK,MA,ANE,EN,Towers with Radar,0,31,13,0,44,0,21,34,2,57,0,52,47,2,101,0,0,0,101
03/11/2022,ACK,MA,ANE,EN,Towers with Radar,0,17,18,2,37,0,31,47,1,79,0,48,65,3,116,0,0,0,116
03/12/2022,ACK,MA,ANE,EN,Towers with Radar,0,13,2,0,15,0,0,0,0,0,0,13,2,0,15,0,0,0,15
03/13/2022,ACK,MA,ANE,EN,Towers with Radar,0,8,5,0,13,0,28,4,0,32,0,36,9,0,45,0,0,0,45
03/14/2022,ACK,MA,ANE,EN,Towers with Radar,0,11,3,0,14,0,37,48,0,85,0,48,51,0,99,4,0,4,103
03/15/2022,ACK,MA,ANE,EN,Towers with Radar,0,15,4,0,19,0,34,28,0,62,0,49,32,0,81,0,0,0,81
03/16/2022,ACK,MA,ANE,EN,Towers with Radar,0,29,10,2,41,0,23,12,4,39,0,52,22,6,80,0,5,5,85
03/17/2022,ACK,MA,ANE,EN,Towers with Radar,0,33,15,1,49,0,9,12,0,21,0,42,27,1,70,0,0,0,70
03/18/2022,ACK,MA,ANE,EN,Towers with Radar,0,40,27,1,68,0,0,0,0,0,0,40,27,1,68,0,0,0,68
03/19/2022,ACK,MA,ANE,EN,Towers with Radar,0,15,4,0,19,0,0,0,0,0,0,15,4,0,19,0,0,0,19
03/20/2022,ACK,MA,ANE,EN,Towers with Radar,0,14,6,0,20,0,13,15,0,28,0,27,21,0,48,0,0,0,48
03/21/2022,ACK,MA,ANE,EN,Towers with Radar,0,11,1,1,13,0,33,34,2,69,0,44,35,3,82,0,0,0,82
03/22/2022,ACK,MA,ANE,EN,Towers with Radar,0,14,4,0,18,0,29,30,0,59,0,43,34,0,77,0,0,0,77
03/23/2022,ACK,MA,ANE,EN,Towers with Radar,0,17,6,0,23,0,32,36,0,68,0,49,42,0,91,0,0,0,91
03/24/2022,ACK,MA,ANE,EN,Towers with Radar,0,59,10,0,69,0,0,4,0,4,0,59,14,0,73,0,0,0,73
03/25/2022,ACK,MA,ANE,EN,Towers with Radar,0,37,22,0,59,0,9,14,0,23,0,46,36,0,82,0,0,0,82
03/26/2022,ACK,MA,ANE,EN,Towers with Radar,0,9,8,0,17,0,18,25,0,43,0,27,33,0,60,2,0,2,62
03/27/2022,ACK,MA,ANE,EN,Towers with Radar,0,12,7,0,19,0,26,12,0,38,0,38,19,0,57,0,0,0,57
03/28/2022,ACK,MA,ANE,EN,Towers with Radar,0,17,8,3,28,0,31,15,2,48,0,48,23,5,76,0,0,0,76
03/29/2022,ACK,MA,ANE,EN,Towers with Radar,0,19,0,0,19,0,27,27,0,54,0,46,27,0,73,0,0,0,73
03/30/2022,ACK,MA,ANE,EN,Towers with Radar,0,12,7,6,25,0,33,38,0,71,0,45,45,6,96,0,0,0,96
03/31/2022,ACK,MA,ANE,EN,Towers with Radar,0,44,12,0,56,0,6,8,0,14,0,50,20,0,70,0,0,0,70
04/01/2022,ACK,MA,ANE,EN,Towers with Radar,0,25,10,0,35,0,16,16,0,32,0,41,26,0,67,0,0,0,67
04/02/2022,ACK,MA,ANE,EN,Towers with Radar,0,13,4,0,17,0,28,22,0,50,0,41,26,0,67,0,0,0,67
04/03/2022,ACK,MA,ANE,EN,Towers with Radar,0,16,7,0,23,0,16,21,0,37,0,32,28,0,60,0,0,0,60
04/04/2022,ACK,MA,ANE,EN,Towers with Radar,0,23,9,0,32,0,37,41,2,80,0,60,50,2,112,0,0,0,112
04/05/2022,ACK,MA,ANE,EN,Towers with Radar,0,11,6,0,17,0,45,40,1,86,0,56,46,1,103,0,0,0,103
04/06/2022,ACK,MA,ANE,EN,Towers with Radar,0,53,27,0,80,0,3,0,0,3,0,56,27,0,83,0,0,0,83
04/07/2022,ACK,MA,ANE,EN,Towers with Radar,0,23,8,0,31,0,40,13,0,53,0,63,21,0,84,0,0,0,84
04/08/2022,ACK,MA,ANE,EN,Towers with Radar,0,51,13,6,70,0,19,19,0,38,0,70,32,6,108,0,0,0,108
04/09/2022,ACK,MA,ANE,EN,Towers with Radar,0,16,14,3,33,0,26,18,0,44,0,42,32,3,77,0,0,0,77
04/10/2022,ACK,MA,ANE,EN,Towers with Radar,0,18,5,4,27,0,22,18,0,40,0,40,23,4,67,0,0,0,67
04/11/2022,ACK,MA,ANE,EN,Towers with Radar,0,14,6,2,22,0,32,48,0,80,0,46,54,2,102,23,0,23,125
04/12/2022,ACK,MA,ANE,EN,Towers with Radar,0,18,8,1,27,0,34,39,3,76,0,52,47,4,103,0,0,0,103
04/13/2022,ACK,MA,ANE,EN,Towers with Radar,0,17,13,3,33,0,49,50,4,103,0,66,63,7,136,0,0,0,136
04/14/2022,ACK,MA,ANE,EN,Towers with Radar,0,80,28,1,109,0,2,1,1,4,0,82,29,2,113,0,0,0,113
04/15/2022,ACK,MA,ANE,EN,Towers with Radar,0,31,11,0,42,0,39,57,0,96,0,70,68,0,138,0,0,0,138
04/16/2022,ACK,MA,ANE,EN,Towers with Radar,0,17,9,0,26,0,33,10,0,43,0,50,19,0,69,0,6,6,75
04/17/2022,ACK,MA,ANE,EN,Towers with Radar,0,24,7,0,31,0,16,6,0,22,0,40,13,0,53,0,0,0,53
04/18/2022,ACK,MA,ANE,EN,Towers with Radar,0,27,11,0,38,0,37,44,0,81,0,64,55,0,119,0,0,0,119
04/19/2022,ACK,MA,ANE,EN,Towers with Radar,0,35,10,3,48,0,16,10,1,27,0,51,20,4,75,0,0,0,75
04/20/2022,ACK,MA,ANE,EN,Towers with Radar,0,36,15,3,54,0,48,45,0,93,0,84,60,3,147,0,0,0,147
04/21/2022,ACK,MA,ANE,EN,Towers with Radar,0,44,21,2,67,0,59,52,4,115,0,103,73,6,182,0,0,0,182
04/22/2022,ACK,MA,ANE,EN,Towers with Radar,0,29,33,3,65,0,69,60,3,132,0,98,93,6,197,0,4,4,201
04/23/2022,ACK,MA,ANE,EN,Towers with Radar,0,18,13,0,31,0,23,75,0,98,0,41,88,0,129,0,0,0,129
04/24/2022,ACK,MA,ANE,EN,Towers with Radar,0,55,43,0,98,0,59,59,0,118,0,114,102,0,216,0,0,0,216
04/25/2022,ACK,MA,ANE,EN,Towers with Radar,0,28,11,1,40,0,68,40,5,113,0,96,51,6,153,4,4,8,161
04/26/2022,ACK,MA,ANE,EN,Towers with Radar,0,48,13,0,61,0,22,20,1,43,0,70,33,1,104,0,17,17,121
04/27/2022,ACK,MA,ANE,EN,Towers with Radar,0,29,23,0,52,0,30,14,0,44,0,59,37,0,96,0,0,0,96
04/28/2022,ACK,MA,ANE,EN,Towers with Radar,0,21,9,0,30,0,47,31,0,78,0,68,40,0,108,0,0,0,108
04/29/2022,ACK,MA,ANE,EN,Towers with Radar,0,20,8,2,30,0,39,40,0,79,0,59,48,2,109,0,0,0,109
04/30/2022,ACK,MA,ANE,EN,Towers with Radar,0,16,7,0,23,0,25,36,0,61,0,41,43,0,84,0,0,0,84
05/01/2022,ACK,MA,ANE,EN,Towers with Radar,0,13,16,0,29,0,38,64,0,102,0,51,80,0,131,0,0,0,131
05/02/2022,ACK,MA,ANE,EN,Towers with Radar,0,23,11,2,36,0,44,26,0,70,0,67,37,2,106,0,0,0,106
05/03/2022,ACK,MA,ANE,EN,Towers with Radar,0,40,17,1,58,0,14,9,1,24,0,54,26,2,82,0,0,0,82
05/04/2022,ACK,MA,ANE,EN,Towers with Radar,2,49,16,0,67,0,6,7,0,13,2,55,23,0,80,0,0,0,80
05/05/2022,ACK,MA,ANE,EN,Towers with Radar,2,36,8,0,46,0,52,43,0,95,2,88,51,0,141,0,0,0,141
05/06/2022,ACK,MA,ANE,EN,Towers with Radar,4,47,13,1,65,0,30,37,1,68,4,77,50,2,133,0,0,0,133
05/07/2022,ACK,MA,ANE,EN,Towers with Radar,4,42,13,0,59,0,5,1,0,6,4,47,14,0,65,0,0,0,65
05/08/2022,ACK,MA,ANE,EN,Towers with Radar,4,27,15,0,46,0,40,21,1,62,4,67,36,1,108,0,0,0,108
05/09/2022,ACK,MA,ANE,EN,Towers with Radar,4,17,5,0,26,0,47,31,0,78,4,64,36,0,104,0,0,0,104
05/10/2022,ACK,MA,ANE,EN,Towers with Radar,4,20,7,0,31,0,41,17,0,58,4,61,24,0,89,0,0,0,89
05/11/2022,ACK,MA,ANE,EN,Towers with Radar,4,63,26,0,93,0,0,0,0,0,4,63,26,0,93,0,0,0,93
05/12/2022,ACK,MA,ANE,EN,Towers with Radar,4,95,38,0,137,0,0,0,0,0,4,95,38,0,137,0,0,0,137
05/13/2022,ACK,MA,ANE,EN,Towers with Radar,4,54,39,0,97,0,0,0,0,0,4,54,39,0,97,0,0,0,97
05/14/2022,ACK,MA,ANE,EN,Towers with Radar,4,59,28,0,91,0,0,0,0,0,4,59,28,0,91,0,0,0,91
05/15/2022,ACK,MA,ANE,EN,Towers with Radar,4,51,32,0,87,0,0,1,0,1,4,51,33,0,88,0,0,0,88
05/16/2022,ACK,MA,ANE,EN,Towers with Radar,2,70,38,0,110,0,0,0,0,0,2,70,38,0,110,0,0,0,110
05/17/2022,ACK,MA,ANE,EN,Towers with Radar,4,32,14,1,51,0,60,51,5,116,4,92,65,6,167,0,0,0,167
05/18/2022,ACK,MA,ANE,EN,Towers with Radar,4,34,14,0,52,0,52,54,2,108,4,86,68,2,160,0,0,0,160
05/19/2022,ACK,MA,ANE,EN,Towers with Radar,4,101,52,0,157,0,17,17,0,34,4,118,69,0,191,0,0,0,191
05/20/2022,ACK,MA,ANE,EN,Towers with Radar,4,89,37,0,130,0,19,16,0,35,4,108,53,0,165,0,0,0,165
05/21/2022,ACK,MA,ANE,EN,Towers with Radar,2,58,34,0,94,0,13,7,0,20,2,71,41,0,114,0,0,0,114
05/22/2022,ACK,MA,ANE,EN,Towers with Radar,4,50,29,0,83,0,51,52,0,103,4,101,81,0,186,0,0,0,186
05/23/2022,ACK,MA,ANE,EN,Towers with Radar,4,55,11,2,72,0,43,30,0,73,4,98,41,2,145,0,0,0,145
05/24/2022,ACK,MA,ANE,EN,Towers with Radar,4,36,11,0,51,0,54,49,0,103,4,90,60,0,154,0,0,0,154
05/25/2022,ACK,MA,ANE,EN,Towers with Radar,4,37,19,2,62,0,62,58,3,123,4,99,77,5,185,0,1,1,186
05/26/2022,ACK,MA,ANE,EN,Towers with Radar,10,61,46,0,117,0,87,97,0,184,10,148,143,0,301,0,0,0,301
05/27/2022,ACK,MA,ANE,EN,Towers with Radar,28,183,97,0,308,0,0,1,0,1,28,183,98,0,309,0,0,0,309
05/28/2022,ACK,MA,ANE,EN,Towers with Radar,14,89,30,0,133,0,0,0,0,0,14,89,30,0,133,0,0,0,133
05/29/2022,ACK,MA,ANE,EN,Towers with Radar,15,26,30,0,71,0,47,68,0,115,15,73,98,0,186,0,0,0,186
05/30/2022,ACK,MA,ANE,EN,Towers with Radar,20,99,56,0,175,0,85,92,2,179,20,184,148,2,354,0,0,0,354
05/31/2022,ACK,MA,ANE,EN,Towers with Radar,15,72,35,1,123,0,58,64,0,122,15,130,99,1,245,0,0,0,245
06/01/2022,ACK,MA,ANE,EN,Towers with Radar,12,53,31,5,101,0,41,37,9,87,12,94,68,14,188,0,0,0,188
06/02/2022,ACK,MA,ANE,EN,Towers with Radar,16,122,51,0,189,0,2,4,0,6,16,124,55,0,195,0,0,0,195
06/03/2022,ACK,MA,ANE,EN,Towers with Radar,19,96,81,0,196,0,7,5,0,12,19,103,86,0,208,0,0,0,208
06/04/2022,ACK,MA,ANE,EN,Towers with Radar,23,75,38,3,139,0,5,12,0,17,23,80,50,3,156,0,0,0,156
06/05/2022,ACK,MA,ANE,EN,Towers with Radar,24,55,26,1,106,0,67,85,1,153,24,122,111,2,259,2,0,2,261
06/06/2022,ACK,MA,ANE,EN,Towers with Radar,20,57,30,2,109,0,69,83,1,153,20,126,113,3,262,1,0,1,263
06/07/2022,ACK,MA,ANE,EN,Towers with Radar,16,44,19,0,79,0,62,59,2,123,16,106,78,2,202,0,0,0,202
06/08/2022,ACK,MA,ANE,EN,Towers with Radar,14,87,43,0,144,0,11,11,0,22,14,98,54,0,166,0,0,0,166
06/09/2022,ACK,MA,ANE,EN,Towers with Radar,34,86,65,0,185,0,9,2,2,13,34,95,67,2,198,0,0,0,198
06/10/2022,ACK,MA,ANE,EN,Towers with Radar,34,68,47,0,149,0,76,103,0,179,34,144,150,0,328,0,0,0,328
06/11/2022,ACK,MA,ANE,EN,Towers with Radar,36,48,35,0,119,0,45,59,0,104,36,93,94,0,223,2,0,2,225
06/12/2022,ACK,MA,ANE,EN,Towers with Radar,32,101,68,0,201,0,33,25,1,59,32,134,93,1,260,0,0,0,260
06/13/2022,ACK,MA,ANE,EN,Towers with Radar,34,111,51,0,196,0,18,20,0,38,34,129,71,0,234,1,0,1,235
06/14/2022,ACK,MA,ANE,EN,Towers with Radar,28,51,22,4,105,0,61,81,6,148,28,112,103,10,253,2,0,2,255
06/15/2022,ACK,MA,ANE,EN,Towers with Radar,28,88,42,0,158,0,57,65,0,122,28,145,107,0,280,0,0,0,280
06/16/2022,ACK,MA,ANE,EN,Towers with Radar,23,105,48,0,176,0,57,64,0,121,23,162,112,0,297,0,0,0,297
06/17/2022,ACK,MA,ANE,EN,Towers with Radar,28,119,81,0,228,0,2,3,0,5,28,121,84,0,233,0,0,0,233
06/18/2022,ACK,MA,ANE,EN,Towers with Radar,37,115,59,0,211,0,52,68,0,120,37,167,127,0,331,0,0,0,331
06/19/2022,ACK,MA,ANE,EN,Towers with Radar,32,122,67,0,221,0,23,22,0,45,32,145,89,0,266,0,0,0,266
06/20/2022,ACK,MA,ANE,EN,Towers with Radar,30,90,47,0,167,0,52,108,0,160,30,142,155,0,327,0,0,0,327
06/21/2022,ACK,MA,ANE,EN,Towers with Radar,27,74,38,0,139,0,46,73,1,120,27,120,111,1,259,0,0,0,259
06/22/2022,ACK,MA,ANE,EN,Towers with Radar,26,88,58,0,172,0,29,53,0,82,26,117,111,0,254,0,0,0,254
06/23/2022,ACK,MA,ANE,EN,Towers with Radar,29,108,73,1,211,0,61,57,0,118,29,169,130,1,329,0,0,0,329
06/24/2022,ACK,MA,ANE,EN,Towers with Radar,30,90,40,0,160,0,64,102,1,167,30,154,142,1,327,0,0,0,327
06/25/2022,ACK,MA,ANE,EN,Towers with Radar,38,93,62,0,193,0,39,69,1,109,38,132,131,1,302,0,0,0,302
06/26/2022,ACK,MA,ANE,EN,Towers with Radar,35,128,61,0,224,0,43,75,0,118,35,171,136,0,342,0,0,0,342
06/27/2022,ACK,MA,ANE,EN,Towers with Radar,30,110,34,4,178,0,25,47,1,73,30,135,81,5,251,0,0,0,251
06/28/2022,ACK,MA,ANE,EN,Towers with Radar,28,72,48,1,149,0,54,84,11,149,28,126,132,12,298,0,2,2,300
06/29/2022,ACK,MA,ANE,EN,Towers with Radar,28,90,45,0,163,0,57,123,2,182,28,147,168,2,345,0,0,0,345
06/30/2022,ACK,MA,ANE,EN,Towers with Radar,30,133,52,2,217,0,102,100,0,202,30,235,152,2,419,0,0,0,419
07/01/2022,ACK,MA,ANE,EN,Towers with Radar,33,195,133,1,362,0,40,44,0,84,33,235,177,1,446,0,0,0,446
07/02/2022,ACK,MA,ANE,EN,Towers with Radar,43,148,76,0,267,0,1,1,0,2,43,149,77,0,269,0,0,0,269
07/03/2022,ACK,MA,ANE,EN,Towers with Radar,38,65,36,0,139,0,44,58,0,102,38,109,94,0,241,0,0,0,241
07/04/2022,ACK,MA,ANE,EN,Towers with Radar,32,73,30,0,135,0,51,80,0,131,32,124,110,0,266,0,0,0,266
07/05/2022,ACK,MA,ANE,EN,Towers with Radar,30,117,62,0,209,0,74,109,0,183,30,191,171,0,392,0,0,0,392
07/06/2022,ACK,MA,ANE,EN,Towers with Radar,30,121,73,4,228,0,21,41,4,66,30,142,114,8,294,0,0,0,294
07/07/2022,ACK,MA,ANE,EN,Towers with Radar,32,89,53,0,174,0,79,91,0,170,32,168,144,0,344,0,0,0,344
07/08/2022,ACK,MA,ANE,EN,Towers with Radar,33,112,46,0,191,0,68,91,0,159,33,180,137,0,350,0,0,0,350
07/09/2022,ACK,MA,ANE,EN,Towers with Radar,42,83,52,0,177,0,63,65,2,130,42,146,117,2,307,0,0,0,307
07/10/2022,ACK,MA,ANE,EN,Towers with Radar,39,121,51,0,211,0,85,115,0,200,39,206,166,0,411,0,0,0,411
07/11/2022,ACK,MA,ANE,EN,Towers with Radar,34,88,35,4,161,0,68,93,0,161,34,156,128,4,322,0,0,0,322
07/12/2022,ACK,MA,ANE,EN,Towers with Radar,31,76,31,2,140,0,57,90,2,149,31,133,121,4,289,0,0,0,289
07/13/2022,ACK,MA,ANE,EN,Towers with Radar,31,85,52,1,169,0,43,75,3,121,31,128,127,4,290,0,0,0,290
07/14/2022,ACK,MA,ANE,EN,Towers with Radar,35,197,88,2,322,0,21,38,0,59,35,218,126,2,381,0,0,0,381
07/15/2022,ACK,MA,ANE,EN,Towers with Radar,36,128,71,3,238,0,72,128,0,200,36,200,199,3,438,0,0,0,438
07/16/2022,ACK,MA,ANE,EN,Towers with Radar,42,136,62,7,247,0,42,64,0,106,42,178,126,7,353,0,0,0,353
07/17/2022,ACK,MA,ANE,EN,Towers with Radar,36,181,114,4,335,0,27,57,0,84,36,208,171,4,419,0,0,0,419
07/18/2022,ACK,MA,ANE,EN,Towers with Radar,25,153,86,0,264,0,0,0,0,0,25,153,86,0,264,0,0,0,264
07/19/2022,ACK,MA,ANE,EN,Towers with Radar,33,88,44,0,165,0,65,84,0,149,33,153,128,0,314,0,0,0,314
07/20/2022,ACK,MA,ANE,EN,Towers with Radar,30,85,39,3,157,0,51,110,6,167,30,136,149,9,324,6,0,6,330
07/21/2022,ACK,MA,ANE,EN,Towers with Radar,23,206,135,0,364,0,0,0,0,0,23,206,135,0,364,0,0,0,364
07/22/2022,ACK,MA,ANE,EN,Towers with Radar,36,128,71,0,235,0,69,124,1,194,36,197,195,1,429,0,0,0,429
07/23/2022,ACK,MA,ANE,EN,Towers with Radar,42,121,96,0,259,0,59,82,0,141,42,180,178,0,400,0,0,0,400
07/24/2022,ACK,MA,ANE,EN,Towers with Radar,46,224,146,0,416,0,0,0,0,0,46,224,146,0,416,0,0,0,416
07/25/2022,ACK,MA,ANE,EN,Towers with Radar,29,164,109,0,302,0,0,0,0,0,29,164,109,0,302,0,0,0,302
07/26/2022,ACK,MA,ANE,EN,Towers with Radar,31,92,34,0,157,0,54,106,2,162,31,146,140,2,319,0,0,0,319
07/27/2022,ACK,MA,ANE,EN,Towers with Radar,32,81,44,1,158,0,63,106,2,171,32,144,150,3,329,0,0,0,329
07/28/2022,ACK,MA,ANE,EN,Towers with Radar,33,157,94,1,285,0,69,59,4,132,33,226,153,5,417,0,0,0,417
07/29/2022,ACK,MA,ANE,EN,Towers with Radar,36,126,73,0,235,0,80,73,0,153,36,206,146,0,388,0,0,0,388
07/30/2022,ACK,MA,ANE,EN,Towers with Radar,42,135,97,3,277,0,50,73,0,123,42,185,170,3,400,6,0,6,406
07/31/2022,ACK,MA,ANE,EN,Towers with Radar,38,140,97,1,276,0,92,105,0,197,38,232,202,1,473,16,0,16,489
08/01/2022,ACK,MA,ANE,EN,Towers with Radar,34,173,98,0,305,0,28,39,4,71,34,201,137,4,376,0,2,2,378
08/02/2022,ACK,MA,ANE,EN,Towers with Radar,32,120,59,2,213,0,32,73,2,107,32,152,132,4,320,0,0,0,320
08/03/2022,ACK,MA,ANE,EN,Towers with Radar,31,92,57,3,183,0,55,94,3,152,31,147,151,6,335,0,0,0,335
08/04/2022,ACK,MA,ANE,EN,Towers with Radar,32,171,147,0,350,0,10,17,0,27,32,181,164,0,377,0,0,0,377
08/05/2022,ACK,MA,ANE,EN,Towers with Radar,32,150,85,1,268,0,43,44,4,91,32,193,129,5,359,0,0,0,359
08/06/2022,ACK,MA,ANE,EN,Towers with Radar,44,162,123,0,329,0,13,14,0,27,44,175,137,0,356,0,0,0,356
08/07/2022,ACK,MA,ANE,EN,Towers with Radar,36,109,71,0,216,0,74,87,0,161,36,183,158,0,377,18,0,18,395
08/08/2022,ACK,MA,ANE,EN,Towers with Radar,32,103,50,3,188,0,78,72,8,158,32,181,122,11,346,0,0,0,346
08/09/2022,ACK,MA,ANE,EN,Towers with Radar,31,107,43,0,181,0,46,69,0,115,31,153,112,0,296,8,0,8,304
08/10/2022,ACK,MA,ANE,EN,Towers with Radar,31,164,117,0,312,0,10,12,0,22,31,174,129,0,334,0,0,0,334
08/11/2022,ACK,MA,ANE,EN,Towers with Radar,34,192,96,0,322,0,13,8,0,21,34,205,104,0,343,0,0,0,343
08/12/2022,ACK,MA,ANE,EN,Towers with Radar,36,188,97,0,321,0,38,42,0,80,36,226,139,0,401,2,0,2,403
08/13/2022,ACK,MA,ANE,EN,Towers with Radar,42,109,54,0,205,0,63,104,0,167,42,172,158,0,372,0,0,0,372
08/14/2022,ACK,MA,ANE,EN,Towers with Radar,40,98,76,0,214,1,69,85,0,155,41,167,161,0,369,0,0,0,369
08/15/2022,ACK,MA,ANE,EN,Towers with Radar,34,106,41,0,181,0,89,78,0,167,34,195,119,0,348,0,0,0,348
08/16/2022,ACK,MA,ANE,EN,Towers with Radar,32,90,47,2,171,0,54,79,0,133,32,144,126,2,304,0,0,0,304
08/17/2022,ACK,MA,ANE,EN,Towers with Radar,31,108,53,0,192,0,27,59,0,86,31,135,112,0,278,0,0,0,278
08/18/2022,ACK,MA,ANE,EN,Towers with Radar,32,111,55,0,198,0,80,92,0,172,32,191,147,0,370,0,0,0,370
08/19/2022,ACK,MA,ANE,EN,Towers with Radar,33,104,48,0,185,0,76,99,0,175,33,180,147,0,360,0,0,0,360
08/20/2022,ACK,MA,ANE,EN,Towers with Radar,42,116,55,0,213,0,59,69,0,128,42,175,124,0,341,12,0,12,353
08/21/2022,ACK,MA,ANE,EN,Towers with Radar,34,148,69,0,251,0,71,75,0,146,34,219,144,0,397,0,0,0,397
08/22/2022,ACK,MA,ANE,EN,Towers with Radar,36,172,93,0,301,0,8,16,0,24,36,180,109,0,325,0,0,0,325
08/23/2022,ACK,MA,ANE,EN,Towers with Radar,32,115,79,0,226,0,13,20,0,33,32,128,99,0,259,0,0,0,259
08/24/2022,ACK,MA,ANE,EN,Towers with Radar,32,87,52,0,171,0,37,70,0,107,32,124,122,0,278,0,0,0,278
08/25/2022,ACK,MA,ANE,EN,Towers with Radar,30,117,55,0,202,0,77,85,0,162,30,194,140,0,364,0,0,0,364
08/26/2022,ACK,MA,ANE,EN,Towers with Radar,30,92,41,0,163,0,69,83,2,154,30,161,124,2,317,4,0,4,321
08/27/2022,ACK,MA,ANE,EN,Towers with Radar,38,167,92,0,297,0,7,16,0,23,38,174,108,0,320,0,0,0,320
08/28/2022,ACK,MA,ANE,EN,Towers with Radar,38,117,68,0,223,0,70,104,0,174,38,187,172,0,397,15,0,15,412
08/29/2022,ACK,MA,ANE,EN,Towers with Radar,32,95,44,0,171,0,48,79,0,127,32,143,123,0,298,1,0,1,299
08/30/2022,ACK,MA,ANE,EN,Towers with Radar,30,85,61,0,176,0,33,40,2,75,30,118,101,2,251,0,0,0,251
08/31/2022,ACK,MA,ANE,EN,Towers with Radar,34,93,56,0,183,0,33,60,0,93,34,126,116,0,276,0,0,0,276
09/01/2022,ACK,MA,ANE,EN,Towers with Radar,34,104,60,1,199,0,76,81,1,158,34,180,141,2,357,0,0,0,357
09/02/2022,ACK,MA,ANE,EN,Towers with Radar,36,84,50,0,170,0,86,116,0,202,36,170,166,0,372,0,0,0,372
09/03/2022,ACK,MA,ANE,EN,Towers with Radar,40,66,31,0,137,0,49,71,0,120,40,115,102,0,257,0,0,0,257
09/04/2022,ACK,MA,ANE,EN,Towers with Radar,38,68,30,0,136,0,51,47,0,98,38,119,77,0,234,1,0,1,235
09/05/2022,ACK,MA,ANE,EN,Towers with Radar,34,201,93,0,328,0,64,35,0,99,34,265,128,0,427,0,0,0,427
09/06/2022,ACK,MA,ANE,EN,Towers with Radar,22,163,76,0,261,0,12,22,0,34,22,175,98,0,295,0,0,0,295
09/07/2022,ACK,MA,ANE,EN,Towers with Radar,18,111,52,0,181,0,16,34,0,50,18,127,86,0,231,0,0,0,231
09/08/2022,ACK,MA,ANE,EN,Towers with Radar,20,99,48,0,167,0,46,34,0,80,20,145,82,0,247,0,0,0,247
09/09/2022,ACK,MA,ANE,EN,Towers with Radar,20,79,46,0,145,0,70,84,0,154,20,149,130,0,299,10,0,10,309
09/10/2022,ACK,MA,ANE,EN,Towers with Radar,18,87,21,0,126,0,32,74,0,106,18,119,95,0,232,4,0,4,236
09/11/2022,ACK,MA,ANE,EN,Towers with Radar,21,113,51,0,185,0,63,72,0,135,21,176,123,0,320,10,0,10,330
09/12/2022,ACK,MA,ANE,EN,Towers with Radar,19,110,67,0,196,0,2,10,0,12,19,112,77,0,208,0,0,0,208
09/13/2022,ACK,MA,ANE,EN,Towers with Radar,16,89,49,2,156,0,0,1,1,2,16,89,50,3,158,0,0,0,158
09/14/2022,ACK,MA,ANE,EN,Towers with Radar,16,59,18,2,95,0,50,65,0,115,16,109,83,2,210,0,0,0,210
09/15/2022,ACK,MA,ANE,EN,Towers with Radar,18,75,33,0,126,0,66,77,0,143,18,141,110,0,269,0,0,0,269
09/16/2022,ACK,MA,ANE,EN,Towers with Radar,18,64,52,0,134,0,72,93,0,165,18,136,145,0,299,0,0,0,299
09/17/2022,ACK,MA,ANE,EN,Towers with Radar,16,46,21,0,83,0,35,74,0,109,16,81,95,0,192,1,0,1,193
09/18/2022,ACK,MA,ANE,EN,Towers with Radar,20,102,54,2,178,0,77,62,0,139,20,179,116,2,317,0,0,0,317
09/19/2022,ACK,MA,ANE,EN,Towers with Radar,18,110,55,0,183,0,12,3,0,15,18,122,58,0,198,0,0,0,198
09/20/2022,ACK,MA,ANE,EN,Towers with Radar,16,81,57,0,154,0,4,23,0,27,16,85,80,0,181,0,0,0,181
09/21/2022,ACK,MA,ANE,EN,Towers with Radar,16,82,53,2,153,0,8,34,0,42,16,90,87,2,195,0,0,0,195
09/22/2022,ACK,MA,ANE,EN,Towers with Radar,15,103,35,0,153,0,5,14,2,21,15,108,49,2,174,0,0,0,174
09/23/2022,ACK,MA,ANE,EN,Towers with Radar,16,112,31,0,159,0,31,46,0,77,16,143,77,0,236,0,0,0,236
09/24/2022,ACK,MA,ANE,EN,Towers with Radar,16,41,14,1,72,0,51,38,0,89,16,92,52,1,161,0,0,0,161
09/25/2022,ACK,MA,ANE,EN,Towers with Radar,18,87,39,0,144,0,59,60,0,119,18,146,99,0,263,0,0,0,263
09/26/2022,ACK,MA,ANE,EN,Towers with Radar,17,70,20,1,108,0,50,53,5,108,17,120,73,6,216,0,0,0,216
09/27/2022,ACK,MA,ANE,EN,Towers with Radar,15,54,16,1,86,0,22,41,4,67,15,76,57,5,153,0,0,0,153
09/28/2022,ACK,MA,ANE,EN,Towers with Radar,16,64,9,6,95,1,30,65,0,96,17,94,74,6,191,0,0,0,191
09/29/2022,ACK,MA,ANE,EN,Towers with Radar,18,73,20,2,113,0,62,48,3,113,18,135,68,5,226,0,0,0,226
09/30/2022,ACK,MA,ANE,EN,Towers with Radar,16,69,30,0,115,0,35,68,0,103,16,104,98,0,218,0,0,0,218
10/01/2022,ACK,MA,ANE,EN,Towers with Radar,12,61,27,0,100,0,3,0,0,3,12,64,27,0,103,0,0,0,103
10/02/2022,ACK,MA,ANE,EN,Towers with Radar,13,125,20,0,158,0,5,1,0,6,13,130,21,0,164,0,0,0,164
10/03/2022,ACK,MA,ANE,EN,Towers with Radar,14,70,23,1,108,0,40,52,0,92,14,110,75,1,200,0,0,0,200
10/04/2022,ACK,MA,ANE,EN,Towers with Radar,12,65,27,2,106,0,0,9,0,9,12,65,36,2,115,0,0,0,115
10/05/2022,ACK,MA,ANE,EN,Towers with Radar,13,33,52,1,99,0,0,0,0,0,13,33,52,1,99,0,0,0,99
10/06/2022,ACK,MA,ANE,EN,Towers with Radar,14,113,53,0,180,0,13,15,0,28,14,126,68,0,208,0,0,0,208
10/07/2022,ACK,MA,ANE,EN,Towers with Radar,15,102,44,2,163,0,44,49,0,93,15,146,93,2,256,0,0,0,256
10/08/2022,ACK,MA,ANE,EN,Towers with Radar,12,62,30,0,104,0,24,31,0,55,12,86,61,0,159,0,0,0,159
10/09/2022,ACK,MA,ANE,EN,Towers with Radar,14,44,16,0,74,0,63,43,0,106,14,107,59,0,180,0,0,0,180
10/10/2022,ACK,MA,ANE,EN,Towers with Radar,14,79,34,0,127,0,70,66,0,136,14,149,100,0,263,0,0,0,263
10/11/2022,ACK,MA,ANE,EN,Towers with Radar,9,40,8,2,59,0,40,64,10,114,9,80,72,12,173,32,0,32,205
10/12/2022,ACK,MA,ANE,EN,Towers with Radar,8,28,14,0,50,0,38,58,2,98,8,66,72,2,148,0,0,0,148
10/13/2022,ACK,MA,ANE,EN,Towers with Radar,9,44,19,0,72,0,47,48,0,95,9,91,67,0,167,2,0,2,169
10/14/2022,ACK,MA,ANE,EN,Towers with Radar,8,76,43,0,127,0,4,7,0,11,8,80,50,0,138,0,0,0,138
10/15/2022,ACK,MA,ANE,EN,Towers with Radar,8,35,14,0,57,0,14,22,0,36,8,49,36,0,93,2,0,2,95
10/16/2022,ACK,MA,ANE,EN,Towers with Radar,9,42,30,0,81,0,30,50,0,80,9,72,80,0,161,0,0,0,161
10/17/2022,ACK,MA,ANE,EN,Towers with Radar,8,43,15,0,66,0,30,31,0,61,8,73,46,0,127,0,0,0,127
10/18/2022,ACK,MA,ANE,EN,Towers with Radar,8,42,18,2,70,0,5,17,0,22,8,47,35,2,92,0,0,0,92
10/19/2022,ACK,MA,ANE,EN,Towers with Radar,9,22,13,3,47,0,29,49,3,81,9,51,62,6,128,0,0,0,128
10/20/2022,ACK,MA,ANE,EN,Towers with Radar,9,26,9,2,46,0,34,35,3,72,9,60,44,5,118,0,0,0,118
10/21/2022,ACK,MA,ANE,EN,Towers with Radar,9,17,8,0,34,0,41,74,3,118,9,58,82,3,152,0,3,3,155
10/22/2022,ACK,MA,ANE,EN,Towers with Radar,8,12,12,0,32,0,26,45,0,71,8,38,57,0,103,6,0,6,109
10/23/2022,ACK,MA,ANE,EN,Towers with Radar,7,41,20,0,68,0,3,4,0,7,7,44,24,0,75,0,0,0,75
10/24/2022,ACK,MA,ANE,EN,Towers with Radar,9,55,28,0,92,0,0,0,0,0,9,55,28,0,92,0,0,0,92
10/25/2022,ACK,MA,ANE,EN,Towers with Radar,4,33,15,0,52,0,1,7,0,8,4,34,22,0,60,0,0,0,60
10/26/2022,ACK,MA,ANE,EN,Towers with Radar,10,29,27,0,66,0,0,1,0,1,10,29,28,0,67,0,0,0,67
10/27/2022,ACK,MA,ANE,EN,Towers with Radar,9,18,6,0,33,0,34,57,2,93,9,52,63,2,126,0,0,0,126
10/28/2022,ACK,MA,ANE,EN,Towers with Radar,9,23,9,0,41,0,26,43,0,69,9,49,52,0,110,0,0,0,110
10/29/2022,ACK,MA,ANE,EN,Towers with Radar,8,14,6,0,28,0,21,30,0,51,8,35,36,0,79,0,0,0,79
10/30/2022,ACK,MA,ANE,EN,Towers with Radar,0,18,14,0,32,0,24,56,0,80,0,42,70,0,112,0,0,0,112
10/31/2022,ACK,MA,ANE,EN,Towers with Radar,0,35,17,4,56,0,21,22,2,45,0,56,39,6,101,0,0,0,101
11/01/2022,ACK,MA,ANE,EN,Towers with Radar,0,42,29,4,75,0,0,3,0,3,0,42,32,4,78,0,0,0,78
11/02/2022,ACK,MA,ANE,EN,Towers with Radar,0,15,2,0,17,0,28,70,8,106,0,43,72,8,123,0,0,0,123
11/03/2022,ACK,MA,ANE,EN,Towers with Radar,0,21,4,1,26,0,39,58,1,98,0,60,62,2,124,0,0,0,124
11/04/2022,ACK,MA,ANE,EN,Towers with Radar,0,18,9,1,28,0,26,47,3,76,0,44,56,4,104,0,0,0,104
11/05/2022,ACK,MA,ANE,EN,Towers with Radar,0,15,13,2,30,0,22,57,0,79,0,37,70,2,109,3,0,3,112
11/06/2022,ACK,MA,ANE,EN,Towers with Radar,0,13,16,0,29,0,24,12,0,36,0,37,28,0,65,0,0,0,65
11/07/2022,ACK,MA,ANE,EN,Towers with Radar,0,16,5,1,22,0,28,47,1,76,0,44,52,2,98,34,0,34,132
11/08/2022,ACK,MA,ANE,EN,Towers with Radar,0,9,3,2,14,0,31,33,0,64,0,40,36,2,78,0,0,0,78
11/09/2022,ACK,MA,ANE,EN,Towers with Radar,0,9,14,2,25,0,28,49,4,81,0,37,63,6,106,0,0,0,106
11/10/2022,ACK,MA,ANE,EN,Towers with Radar,0,19,3,0,22,0,42,60,0,102,0,61,63,0,124,4,0,4,128
11/11/2022,ACK,MA,ANE,EN,Towers with Radar,0,20,14,0,34,0,14,32,0,46,0,34,46,0,80,0,0,0,80
11/12/2022,ACK,MA,ANE,EN,Towers with Radar,0,13,4,1,18,0,6,1,3,10,0,19,5,4,28,0,0,0,28
11/13/2022,ACK,MA,ANE,EN,Towers with Radar,0,28,7,0,35,0,0,2,0,2,0,28,9,0,37,0,0,0,37
11/14/2022,ACK,MA,ANE,EN,Towers with Radar,0,14,5,0,19,0,30,34,0,64,0,44,39,0,83,0,0,0,83
11/15/2022,ACK,MA,ANE,EN,Towers with Radar,0,12,1,2,15,0,28,44,2,74,0,40,45,4,89,8,0,8,97
11/16/2022,ACK,MA,ANE,EN,Towers with Radar,0,36,14,2,52,0,0,4,0,4,0,36,18,2,56,0,0,0,56
11/17/2022,ACK,MA,ANE,EN,Towers with Radar,0,23,13,1,37,0,35,44,1,80,0,58,57,2,117,0,0,0,117
11/18/2022,ACK,MA,ANE,EN,Towers with Radar,0,33,4,0,37,0,29,42,0,71,0,62,46,0,108,0,10,10,118
11/19/2022,ACK,MA,ANE,EN,Towers with Radar,0,16,5,5,26,0,21,33,1,55,0,37,38,6,81,8,0,8,89
11/20/2022,ACK,MA,ANE,EN,Towers with Radar,0,17,12,4,33,0,30,16,0,46,0,47,28,4,79,0,0,0,79
11/21/2022,ACK,MA,ANE,EN,Towers with Radar,0,44,17,8,69,0,29,36,7,72,0,73,53,15,141,8,0,8,149
11/22/2022,ACK,MA,ANE,EN,Towers with Radar,0,40,14,2,56,0,56,46,5,107,0,96,60,7,163,10,0,10,173
11/23/2022,ACK,MA,ANE,EN,Towers with Radar,0,85,6,0,91,0,14,19,3,36,0,99,25,3,127,0,1,1,128
11/24/2022,ACK,MA,ANE,EN,Towers with Radar,0,24,3,0,27,0,2,0,0,2,0,26,3,0,29,0,0,0,29
11/25/2022,ACK,MA,ANE,EN,Towers with Radar,0,51,12,0,63,0,0,2,0,2,0,51,14,0,65,0,0,0,65
11/26/2022,ACK,MA,ANE,EN,Towers with Radar,0,74,13,0,87,0,11,6,2,19,0,85,19,2,106,0,0,0,106
11/27/2022,ACK,MA,ANE,EN,Towers with Radar,0,83,45,7,135,0,21,12,8,41,0,104,57,15,176,0,0,0,176
11/28/2022,ACK,MA,ANE,EN,Towers with Radar,0,26,11,3,40,0,43,41,1,85,0,69,52,4,125,0,0,0,125
11/29/2022,ACK,MA,ANE,EN,Towers with Radar,0,22,8,4,34,0,21,40,0,61,0,43,48,4,95,6,0,6,101
11/30/2022,ACK,MA,ANE,EN,Towers with Radar,0,38,1,2,41,0,25,22,0,47,0,63,23,2,88,0,0,0,88
12/01/2022,ACK,MA,ANE,EN,Towers with Radar,0,58,22,0,80,0,96,60,0,156,0,154,82,0,236,0,0,0,236
12/02/2022,ACK,MA,ANE,EN,Towers with Radar,0,102,47,0,149,0,64,114,0,178,0,166,161,0,327,4,0,4,331
12/03/2022,ACK,MA,ANE,EN,Towers with Radar,0,34,15,2,51,0,7,11,0,18,0,41,26,2,69,0,0,0,69
12/04/2022,ACK,MA,ANE,EN,Towers with Radar,1,119,50,0,170,0,109,156,0,265,1,228,206,0,435,0,0,0,435
12/05/2022,ACK,MA,ANE,EN,Towers with Radar,0,32,17,1,50,0,63,48,2,113,0,95,65,3,163,0,0,0,163
12/06/2022,ACK,MA,ANE,EN,Towers with Radar,0,20,4,0,24,0,34,32,1,67,0,54,36,1,91,0,0,0,91
12/07/2022,ACK,MA,ANE,EN,Towers with Radar,0,44,32,1,77,0,0,0,0,0,0,44,32,1,77,0,0,0,77
12/08/2022,ACK,MA,ANE,EN,Towers with Radar,0,9,4,0,13,0,45,40,0,85,0,54,44,0,98,0,12,12,110
12/09/2022,ACK,MA,ANE,EN,Towers with Radar,0,10,2,0,12,0,35,25,0,60,0,45,27,0,72,0,0,0,72
12/10/2022,ACK,MA,ANE,EN,Towers with Radar,0,31,19,0,50,0,3,5,0,8,0,34,24,0,58,0,0,0,58
12/11/2022,ACK,MA,ANE,EN,Towers with Radar,0,10,2,0,12,0,5,1,0,6,0,15,3,0,18,0,0,0,18
12/12/2022,ACK,MA,ANE,EN,Towers with Radar,0,19,10,0,29,0,17,22,0,39,0,36,32,0,68,0,0,0,68
12/13/2022,ACK,MA,ANE,EN,Towers with Radar,0,11,3,2,16,0,27,35,0,62,0,38,38,2,78,0,0,0,78
12/14/2022,ACK,MA,ANE,EN,Towers with Radar,0,6,4,2,12,0,32,29,0,61,0,38,33,2,73,0,0,0,73
12/15/2022,ACK,MA,ANE,EN,Towers with Radar,0,23,9,4,36,0,20,22,0,42,0,43,31,4,78,0,0,0,78
12/16/2022,ACK,MA,ANE,EN,Towers with Radar,0,28,7,0,35,0,0,2,0,2,0,28,9,0,37,0,0,0,37
12/17/2022,ACK,MA,ANE,EN,Towers with Radar,0,21,5,0,26,0,3,12,0,15,0,24,17,0,41,0,0,0,41
12/18/2022,ACK,MA,ANE,EN,Towers with Radar,0,7,10,0,17,0,17,15,0,32,0,24,25,0,49,0,0,0,49
12/19/2022,ACK,MA,ANE,EN,Towers with Radar,0,6,5,2,13,0,29,24,0,53,0,35,29,2,66,0,0,0,66
12/20/2022,ACK,MA,ANE,EN,Towers with Radar,0,10,3,0,13,0,32,36,0,68,0,42,39,0,81,0,0,0,81
12/21/2022,ACK,MA,ANE,EN,Towers with Radar,0,13,5,0,18,0,30,50,0,80,0,43,55,0,98,0,0,0,98
12/22/2022,ACK,MA,ANE,EN,Towers with Radar,0,20,2,0,22,0,32,37,0,69,0,52,39,0,91,0,0,0,91
12/23/2022,ACK,MA,ANE,EN,Towers with Radar,0,0,2,0,2,0,0,0,0,0,0,0,2,0,2,0,0,0,2
12/24/2022,ACK,MA,ANE,EN,Towers with Radar,0,27,5,0,32,0,0,2,0,2,0,27,7,0,34,0,0,0,34
12/25/2022,ACK,MA,ANE,EN,Towers with Radar,0,17,2,0,19,0,4,0,0,4,0,21,2,0,23,0,0,0,23
12/26/2022,ACK,MA,ANE,EN,Towers with Radar,0,3,5,0,8,0,22,29,0,51,0,25,34,0,59,0,0,0,59
12/27/2022,ACK,MA,ANE,EN,Towers with Radar,0,9,8,0,17,0,27,42,0,69,0,36,50,0,86,0,0,0,86
12/28/2022,ACK,MA,ANE,EN,Towers with Radar,0,18,5,0,23,0,24,32,0,56,0,42,37,0,79,0,0,0,79
12/29/2022,ACK,MA,ANE,EN,Towers with Radar,0,10,12,2,24,0,38,53,0,91,0,48,65,2,115,6,0,6,121
12/30/2022,ACK,MA,ANE,EN,Towers with Radar,0,13,8,0,21,0,28,42,0,70,0,41,50,0,91,8,0,8,99
12/31/2022,ACK,MA,ANE,EN,Towers with Radar,0,5,6,0,11,0,2,2,0,4,0,7,8,0,15,0,0,0,15
01/01/2023,ACK,MA,ANE,EN,Towers with Radar,0,4,6,0,10,0,15,9,0,24,0,19,15,0,34,0,0,0,34
01/02/2023,ACK,MA,ANE,EN,Towers with Radar,0,5,13,0,18,0,25,35,0,60,0,30,48,0,78,0,0,0,78
01/03/2023,ACK,MA,ANE,EN,Towers with Radar,0,22,15,5,42,0,13,13,4,30,0,35,28,9,72,0,0,0,72
01/04/2023,ACK,MA,ANE,EN,Towers with Radar,0,24,17,0,41,0,0,0,0,0,0,24,17,0,41,0,0,0,41
01/05/2023,ACK,MA,ANE,EN,Towers with Radar,0,7,15,0,22,0,0,0,0,0,0,7,15,0,22,0,0,0,22
01/06/2023,ACK,MA,ANE,EN,Towers with Radar,0,37,29,0,66,0,0,0,0,0,0,37,29,0,66,0,0,0,66
01/07/2023,ACK,MA,ANE,EN,Towers with Radar,0,14,14,0,28,0,6,13,0,19,0,20,27,0,47,0,0,0,47
01/08/2023,ACK,MA,ANE,EN,Towers with Radar,0,9,7,0,16,0,11,39,0,50,0,20,46,0,66,0,0,0,66
01/09/2023,ACK,MA,ANE,EN,Towers with Radar,0,15,0,0,15,0,18,16,0,34,0,33,16,0,49,0,0,0,49
01/10/2023,ACK,MA,ANE,EN,Towers with Radar,0,9,13,3,25,0,42,40,7,89,0,51,53,10,114,0,0,0,114
01/11/2023,ACK,MA,ANE,EN,Towers with Radar,0,11,2,4,17,0,17,23,2,42,0,28,25,6,59,0,2,2,61
01/12/2023,ACK,MA,ANE,EN,Towers with Radar,0,17,11,4,32,0,21,22,5,48,0,38,33,9,80,0,2,2,82
01/13/2023,ACK,MA,ANE,EN,Towers with Radar,0,28,16,0,44,0,1,8,0,9,0,29,24,0,53,0,0,0,53
01/14/2023,ACK,MA,ANE,EN,Towers with Radar,0,26,10,0,36,0,0,0,0,0,0,26,10,0,36,0,0,0,36
01/15/2023,ACK,MA,ANE,EN,Towers with Radar,0,3,5,0,8,0,0,0,0,0,0,3,5,0,8,0,0,0,8
01/16/2023,ACK,MA,ANE,EN,Towers with Radar,0,31,12,0,43,0,0,23,0,23,0,31,35,0,66,0,0,0,66
01/17/2023,ACK,MA,ANE,EN,Towers with Radar,0,9,6,3,18,0,31,37,7,75,0,40,43,10,93,13,0,13,106
01/18/2023,ACK,MA,ANE,EN,Towers with Radar,0,10,3,2,15,0,24,37,4,65,0,34,40,6,80,0,0,0,80
01/19/2023,ACK,MA,ANE,EN,Towers with Radar,0,18,4,0,22,0,22,31,2,55,0,40,35,2,77,13,0,13,90
01/20/2023,ACK,MA,ANE,EN,Towers with Radar,0,28,30,0,58,0,0,0,0,0,0,28,30,0,58,0,0,0,58
01/21/2023,ACK,MA,ANE,EN,Towers with Radar,0,10,9,0,19,0,7,10,0,17,0,17,19,0,36,0,0,0,36
01/22/2023,ACK,MA,ANE,EN,Towers with Radar,0,17,7,0,24,0,10,14,0,24,0,27,21,0,48,0,0,0,48
01/23/2023,ACK,MA,ANE,EN,Towers with Radar,0,31,24,0,55,0,0,0,0,0,0,31,24,0,55,0,0,0,55
01/24/2023,ACK,MA,ANE,EN,Towers with Radar,0,14,1,6,21,0,22,32,0,54,0,36,33,6,75,0,0,0,75
01/25/2023,ACK,MA,ANE,EN,Towers with Radar,0,13,4,0,17,0,17,23,0,40,0,30,27,0,57,0,0,0,57
01/26/2023,ACK,MA,ANE,EN,Towers with Radar,0,26,10,0,36,0,13,22,0,35,0,39,32,0,71,0,0,0,71
01/27/2023,ACK,MA,ANE,EN,Towers with Radar,0,11,4,1,16,0,24,61,2,87,0,35,65,3,103,12,0,12,115
01/28/2023,ACK,MA,ANE,EN,Towers with Radar,0,2,1,0,3,0,22,20,0,42,0,24,21,0,45,0,0,0,45
01/29/2023,ACK,MA,ANE,EN,Towers with Radar,0,16,8,0,24,0,14,20,0,34,0,30,28,0,58,0,0,0,58
01/30/2023,ACK,MA,ANE,EN,Towers with Radar,0,21,6,10,37,0,26,35,3,64,0,47,41,13,101,13,0,13,114
01/31/2023,ACK,MA,ANE,EN,Towers with Radar,0,29,16,1,46,0,14,5,1,20,0,43,21,2,66,0,0,0,66
02/01/2023,ACK,MA,ANE,EN,Towers with Radar,0,17,11,2,30,0,16,12,2,30,0,33,23,4,60,0,0,0,60
02/02/2023,ACK,MA,ANE,EN,Towers with Radar,0,9,1,0,10,0,36,46,0,82,0,45,47,0,92,0,0,0,92
02/03/2023,ACK,MA,ANE,EN,Towers with Radar,0,7,0,0,7,0,14,30,0,44,0,21,30,0,51,0,0,0,51
02/04/2023,ACK,MA,ANE,EN,Towers with Radar,0,4,0,0,4,0,12,3,0,15,0,16,3,0,19,0,0,0,19
02/05/2023,ACK,MA,ANE,EN,Towers with Radar,0,4,4,6,14,0,26,11,0,37,0,30,15,6,51,0,0,0,51
02/06/2023,ACK,MA,ANE,EN,Towers with Radar,0,12,9,0,21,0,25,15,0,40,0,37,24,0,61,6,0,6,67
02/07/2023,ACK,MA,ANE,EN,Towers with Radar,0,15,6,4,25,0,22,28,0,50,0,37,34,4,75,0,0,0,75
02/08/2023,ACK,MA,ANE,EN,Towers with Radar,0,9,4,0,13,0,20,41,0,61,0,29,45,0,74,0,0,0,74
02/09/2023,ACK,MA,ANE,EN,Towers with Radar,0,13,5,0,18,0,30,33,2,65,0,43,38,2,83,0,4,4,87
02/10/2023,ACK,MA,ANE,EN,Towers with Radar,0,13,10,0,23,0,18,14,0,32,0,31,24,0,55,0,0,0,55
02/11/2023,ACK,MA,ANE,EN,Towers with Radar,0,8,0,0,8,0,16,24,0,40,0,24,24,0,48,2,8,10,58
02/12/2023,ACK,MA,ANE,EN,Towers with Radar,0,4,8,0,12,0,14,28,0,42,0,18,36,0,54,0,0,0,54
02/13/2023,ACK,MA,ANE,EN,Towers with Radar,0,36,14,0,50,0,1,10,0,11,0,37,24,0,61,0,0,0,61
02/14/2023,ACK,MA,ANE,EN,Towers with Radar,0,11,5,0,16,0,21,33,0,54,0,32,38,0,70,0,0,0,70
02/15/2023,ACK,MA,ANE,EN,Towers with Radar,0,8,4,0,12,0,19,31,0,50,0,27,35,0,62,0,0,0,62
02/16/2023,ACK,MA,ANE,EN,Towers with Radar,0,10,2,6,18,0,29,30,2,61,0,39,32,8,79,0,2,2,81
02/17/2023,ACK,MA,ANE,EN,Towers with Radar,0,21,15,0,36,0,0,0,0,0,0,21,15,0,36,0,0,0,36
02/18/2023,ACK,MA,ANE,EN,Towers with Radar,0,9,18,0,27,0,23,30,0,53,0,32,48,0,80,0,0,0,80
02/19/2023,ACK,MA,ANE,EN,Towers with Radar,0,11,4,0,15,0,15,34,0,49,0,26,38,0,64,0,0,0,64
02/20/2023,ACK,MA,ANE,EN,Towers with Radar,0,25,22,0,47,0,0,1,0,1,0,25,23,0,48,0,0,0,48
02/21/2023,ACK,MA,ANE,EN,Towers with Radar,0,28,2,0,30,0,5,18,2,25,0,33,20,2,55,0,0,0,55
02/22/2023,ACK,MA,ANE,EN,Towers with Radar,0,11,6,2,19,0,23,17,0,40,0,34,23,2,59,0,0,0,59
02/23/2023,ACK,MA,ANE,EN,Towers with Radar,0,28,29,0,57,0,0,2,0,2,0,28,31,0,59,0,0,0,59
02/24/2023,ACK,MA,ANE,EN,Towers with Radar,0,11,2,0,13,0,18,22,0,40,0,29,24,0,53,0,0,0,53
02/25/2023,ACK,MA,ANE,EN,Towers with Radar,0,18,9,0,27,0,6,7,0,13,0,24,16,0,40,0,0,0,40
02/26/2023,ACK,MA,ANE,EN,Towers with Radar,0,15,3,0,18,0,5,2,2,9,0,20,5,2,27,0,0,0,27
02/27/2023,ACK,MA,ANE,EN,Towers with Radar,0,7,1,3,11,0,30,18,0,48,0,37,19,3,59,0,0,0,59
02/28/2023,ACK,MA,ANE,EN,Towers with Radar,0,30,7,0,37,0,0,1,0,1,0,30,8,0,38,0,0,0,38
03/01/2023,ACK,MA,ANE,EN,Towers with Radar,0,11,4,0,15,0,21,33,0,54,0,32,37,0,69,0,0,0,69
03/02/2023,ACK,MA,ANE,EN,Towers with Radar,0,35,8,0,43,0,4,12,0,16,0,39,20,0,59,0,0,0,59
03/03/2023,ACK,MA,ANE,EN,Towers with Radar,0,11,4,0,15,0,22,31,0,53,0,33,35,0,68,0,0,0,68
03/04/2023,ACK,MA,ANE,EN,Towers with Radar,0,0,3,0,3,0,0,0,0,0,0,0,3,0,3,0,0,0,3
03/05/2023,ACK,MA,ANE,EN,Towers with Radar,0,10,8,0,18,0,13,20,0,33,0,23,28,0,51,6,0,6,57
03/06/2023,ACK,MA,ANE,EN,Towers with Radar,0,8,0,0,8,0,24,21,0,45,0,32,21,0,53,0,0,0,53
03/07/2023,ACK,MA,ANE,EN,Towers with Radar,0,14,0,0,14,0,20,22,0,42,0,34,22,0,56,0,0,0,56
03/08/2023,ACK,MA,ANE,EN,Towers with Radar,0,18,9,0,27,0,14,17,0,31,0,32,26,0,58,0,0,0,58
03/09/2023,ACK,MA,ANE,EN,Towers with Radar,0,12,0,2,14,0,30,32,4,66,0,42,32,6,80,0,0,0,80
03/10/2023,ACK,MA,ANE,EN,Towers with Radar,0,10,4,0,14,0,28,45,0,73,0,38,49,0,87,8,0,8,95
03/11/2023,ACK,MA,ANE,EN,Towers with Radar,0,22,7,0,29,0,0,0,0,0,0,22,7,0,29,0,0,0,29
03/12/2023,ACK,MA,ANE,EN,Towers with Radar,0,12,4,0,16,0,4,5,0,9,0,16,9,0,25,0,0,0,25
03/13/2023,ACK,MA,ANE,EN,Towers with Radar,0,13,4,2,19,0,22,26,0,48,0,35,30,2,67,0,0,0,67
03/14/2023,ACK,MA,ANE,EN,Towers with Radar,0,3,2,0,5,0,0,4,0,4,0,3,6,0,9,0,0,0,9
03/15/2023,ACK,MA,ANE,EN,Towers with Radar,0,13,2,0,15,0,21,14,4,39,0,34,16,4,54,0,0,0,54
03/16/2023,ACK,MA,ANE,EN,Towers with Radar,0,9,2,0,11,0,31,36,0,67,0,40,38,0,78,0,0,0,78
03/17/2023,ACK,MA,ANE,EN,Towers with Radar,0,17,4,0,21,0,29,29,0,58,0,46,33,0,79,0,0,0,79
03/18/2023,ACK,MA,ANE,EN,Towers with Radar,0,18,9,0,27,0,6,7,0,13,0,24,16,0,40,2,0,2,42
03/19/2023,ACK,MA,ANE,EN,Towers with Radar,0,12,6,0,18,0,19,15,0,34,0,31,21,0,52,4,0,4,56
03/20/2023,ACK,MA,ANE,EN,Towers with Radar,0,6,3,0,9,0,28,26,0,54,0,34,29,0,63,0,0,0,63
03/21/2023,ACK,MA,ANE,EN,Towers with Radar,0,12,5,15,32,0,32,40,5,77,0,44,45,20,109,0,0,0,109
03/22/2023,ACK,MA,ANE,EN,Towers with Radar,0,14,7,0,21,0,25,37,4,66,0,39,44,4,87,0,12,12,99
03/23/2023,ACK,MA,ANE,EN,Towers with Radar,0,36,17,0,53,0,6,7,0,13,0,42,24,0,66,0,0,0,66
03/24/2023,ACK,MA,ANE,EN,Towers with Radar,0,11,11,0,22,0,30,35,0,65,0,41,46,0,87,24,0,24,111
03/25/2023,ACK,MA,ANE,EN,Towers with Radar,0,14,9,0,23,0,15,6,0,21,0,29,15,0,44,0,0,0,44
03/26/2023,ACK,MA,ANE,EN,Towers with Radar,0,10,5,0,15,0,3,0,0,3,0,13,5,0,18,0,0,0,18
03/27/2023,ACK,MA,ANE,EN,Towers with Radar,0,8,4,1,13,0,35,52,2,89,0,43,56,3,102,6,0,6,108
03/28/2023,ACK,MA,ANE,EN,Towers with Radar,0,26,10,2,38,0,12,19,0,31,0,38,29,2,69,6,0,6,75
03/29/2023,ACK,MA,ANE,EN,Towers with Radar,0,9,2,2,13,0,24,45,4,73,0,33,47,6,86,0,0,0,86
03/30/2023,ACK,MA,ANE,EN,Towers with Radar,0,17,4,0,21,0,35,28,0,63,0,52,32,0,84,0,0,0,84
03/31/2023,ACK,MA,ANE,EN,Towers with Radar,0,17,6,2,25,0,28,37,2,67,0,45,43,4,92,0,0,0,92
04/01/2023,ACK,MA,ANE,EN,Towers with Radar,0,28,5,0,33,0,0,0,0,0,0,28,5,0,33,0,0,0,33
04/02/2023,ACK,MA,ANE,EN,Towers with Radar,0,12,9,1,22,0,15,24,5,44,0,27,33,6,66,6,0,6,72
04/03/2023,ACK,MA,ANE,EN,Towers with Radar,0,4,8,2,14,0,34,45,2,81,0,38,53,4,95,0,0,0,95
04/04/2023,ACK,MA,ANE,EN,Towers with Radar,0,27,23,0,50,0,19,12,0,31,0,46,35,0,81,0,0,0,81
04/05/2023,ACK,MA,ANE,EN,Towers with Radar,0,34,20,4,58,0,2,6,0,8,0,36,26,4,66,0,0,0,66
04/06/2023,ACK,MA,ANE,EN,Towers with Radar,0,55,32,5,92,0,0,0,0,0,0,55,32,5,92,0,0,0,92
04/07/2023,ACK,MA,ANE,EN,Towers with Radar,0,16,18,0,34,0,40,40,0,80,0,56,58,0,114,0,0,0,114
04/08/2023,ACK,MA,ANE,EN,Towers with Radar,0,6,5,0,11,0,22,68,0,90,0,28,73,0,101,6,0,6,107
04/09/2023,ACK,MA,ANE,EN,Towers with Radar,0,15,4,0,19,0,21,36,0,57,0,36,40,0,76,19,0,19,95
04/10/2023,ACK,MA,ANE,EN,Towers with Radar,0,26,11,7,44,0,21,72,12,105,0,47,83,19,149,0,0,0,149
04/11/2023,ACK,MA,ANE,EN,Towers with Radar,0,11,8,4,23,0,27,38,0,65,0,38,46,4,88,8,0,8,96
04/12/2023,ACK,MA,ANE,EN,Towers with Radar,0,7,5,1,13,0,27,56,1,84,0,34,61,2,97,0,0,0,97
04/13/2023,ACK,MA,ANE,EN,Towers with Radar,0,8,9,2,19,0,33,53,2,88,0,41,62,4,107,0,6,6,113
04/14/2023,ACK,MA,ANE,EN,Towers with Radar,0,12,13,0,25,0,32,49,0,81,0,44,62,0,106,0,0,0,106
04/15/2023,ACK,MA,ANE,EN,Towers with Radar,0,39,17,2,58,0,0,1,0,1,0,39,18,2,59,0,0,0,59
04/16/2023,ACK,MA,ANE,EN,Towers with Radar,0,22,12,0,34,0,0,0,0,0,0,22,12,0,34,0,0,0,34
04/17/2023,ACK,MA,ANE,EN,Towers with Radar,0,31,26,0,57,0,0,0,0,0,0,31,26,0,57,0,0,0,57
04/18/2023,ACK,MA,ANE,EN,Towers with Radar,0,15,13,0,28,0,35,47,2,84,0,50,60,2,112,6,0,6,118
04/19/2023,ACK,MA,ANE,EN,Towers with Radar,0,12,10,2,24,0,28,31,2,61,0,40,41,4,85,0,0,0,85
04/20/2023,ACK,MA,ANE,EN,Towers with Radar,0,6,12,0,18,0,51,53,0,104,0,57,65,0,122,26,0,26,148
04/21/2023,ACK,MA,ANE,EN,Towers with Radar,0,20,12,0,32,0,28,51,0,79,0,48,63,0,111,2,0,2,113
04/22/2023,ACK,MA,ANE,EN,Towers with Radar,0,23,15,0,38,0,11,10,0,21,0,34,25,0,59,0,0,0,59
04/23/2023,ACK,MA,ANE,EN,Towers with Radar,0,16,7,0,23,0,2,0,0,2,0,18,7,0,25,0,0,0,25
04/24/2023,ACK,MA,ANE,EN,Towers with Radar,0,36,26,0,62,0,8,13,0,21,0,44,39,0,83,0,0,0,83
04/25/2023,ACK,MA,ANE,EN,Towers with Radar,0,29,17,0,46,0,18,21,4,43,0,47,38,4,89,14,4,18,107
04/26/2023,ACK,MA,ANE,EN,Towers with Radar,0,45,14,8,67,0,16,18,0,34,0,61,32,8,101,0,0,0,101
04/27/2023,ACK,MA,ANE,EN,Towers with Radar,0,71,28,0,99,0,43,41,3,87,0,114,69,3,186,12,0,12,198
04/28/2023,ACK,MA,ANE,EN,Towers with Radar,0,67,59,0,126,0,29,25,0,54,0,96,84,0,180,0,0,0,180
04/29/2023,ACK,MA,ANE,EN,Towers with Radar,0,10,2,0,12,0,25,16,0,41,0,35,18,0,53,0,0,0,53
04/30/2023,ACK,MA,ANE,EN,Towers with Radar,0,78,37,0,115,0,0,0,0,0,0,78,37,0,115,0,0,0,115
05/01/2023,ACK,MA,ANE,EN,Towers with Radar,0,35,34,0,69,0,35,33,0,68,0,70,67,0,137,0,0,0,137
05/02/2023,ACK,MA,ANE,EN,Towers with Radar,0,27,9,6,42,0,36,29,1,66,0,63,38,7,108,0,3,3,111
05/03/2023,ACK,MA,ANE,EN,Towers with Radar,0,17,14,0,31,0,29,42,0,71,0,46,56,0,102,12,0,12,114
05/04/2023,ACK,MA,ANE,EN,Towers with Radar,0,50,37,0,87,0,15,13,0,28,0,65,50,0,115,0,0,0,115
05/05/2023,ACK,MA,ANE,EN,Towers with Radar,0,45,35,4,84,0,15,23,1,39,0,60,58,5,123,0,0,0,123
05/06/2023,ACK,MA,ANE,EN,Towers with Radar,0,11,7,0,18,0,25,53,0,78,0,36,60,0,96,14,0,14,110
05/07/2023,ACK,MA,ANE,EN,Towers with Radar,0,20,13,0,33,0,33,61,0,94,0,53,74,0,127,14,0,14,141
05/08/2023,ACK,MA,ANE,EN,Towers with Radar,0,25,14,0,39,0,22,49,0,71,0,47,63,0,110,0,0,0,110
05/09/2023,ACK,MA,ANE,EN,Towers with Radar,0,16,5,0,21,0,28,56,0,84,0,44,61,0,105,0,0,0,105
05/10/2023,ACK,MA,ANE,EN,Towers with Radar,0,26,14,3,43,0,35,55,1,91,0,61,69,4,134,4,0,4,138
05/11/2023,ACK,MA,ANE,EN,Towers with Radar,2,33,6,0,41,0,50,50,6,106,2,83,56,6,147,0,0,0,147
05/12/2023,ACK,MA,ANE,EN,Towers with Radar,2,24,9,1,36,0,35,64,7,106,2,59,73,8,142,8,0,8,150
05/13/2023,ACK,MA,ANE,EN,Towers with Radar,2,12,13,0,27,0,29,45,1,75,2,41,58,1,102,0,0,0,102
05/14/2023,ACK,MA,ANE,EN,Towers with Radar,2,21,14,0,37,0,30,30,0,60,2,51,44,0,97,0,0,0,97
05/15/2023,ACK,MA,ANE,EN,Towers with Radar,2,15,11,4,32,0,48,64,0,112,2,63,75,4,144,0,0,0,144
05/16/2023,ACK,MA,ANE,EN,Towers with Radar,2,21,11,0,34,0,35,36,0,71,2,56,47,0,105,0,0,0,105
05/17/2023,ACK,MA,ANE,EN,Towers with Radar,2,48,12,0,62,0,46,43,0,89,2,94,55,0,151,4,0,4,155
05/18/2023,ACK,MA,ANE,EN,Towers with Radar,4,52,25,2,83,0,76,83,0,159,4,128,108,2,242,61,0,61,303
05/19/2023,ACK,MA,ANE,EN,Towers with Radar,4,32,13,3,52,0,60,90,1,151,4,92,103,4,203,22,0,22,225
05/20/2023,ACK,MA,ANE,EN,Towers with Radar,4,37,20,0,61,0,9,9,0,18,4,46,29,0,79,0,0,0,79
05/21/2023,ACK,MA,ANE,EN,Towers with Radar,4,62,40,0,106,0,54,36,0,90,4,116,76,0,196,0,0,0,196
05/22/2023,ACK,MA,ANE,EN,Towers with Radar,4,27,14,0,45,0,79,62,2,143,4,106,76,2,188,0,0,0,188
05/23/2023,ACK,MA,ANE,EN,Towers with Radar,4,27,15,0,46,0,52,49,2,103,4,79,64,2,149,16,14,30,179
05/24/2023,ACK,MA,ANE,EN,Towers with Radar,6,56,42,0,104,0,12,11,0,23,6,68,53,0,127,0,0,0,127
05/25/2023,ACK,MA,ANE,EN,Towers with Radar,18,72,46,0,136,0,65,62,0,127,18,137,108,0,263,0,0,0,263
05/26/2023,ACK,MA,ANE,EN,Towers with Radar,24,84,40,0,148,0,85,90,0,175,24,169,130,0,323,0,2,2,325
05/27/2023,ACK,MA,ANE,EN,Towers with Radar,24,31,13,0,68,0,44,86,0,130,24,75,99,0,198,0,0,0,198
05/28/2023,ACK,MA,ANE,EN,Towers with Radar,24,25,20,0,69,0,29,63,0,92,24,54,83,0,161,10,0,10,171
05/29/2023,ACK,MA,ANE,EN,Towers with Radar,22,112,34,0,168,0,77,70,0,147,22,189,104,0,315,0,0,0,315
05/30/2023,ACK,MA,ANE,EN,Towers with Radar,22,52,21,2,97,0,68,73,2,143,22,120,94,4,240,8,4,12,252
05/31/2023,ACK,MA,ANE,EN,Towers with Radar,22,46,33,0,101,0,37,58,0,95,22,83,91,0,196,30,0,30,226
06/01/2023,ACK,MA,ANE,EN,Towers with Radar,22,45,19,2,88,0,44,54,2,100,22,89,73,4,188,0,0,0,188
06/02/2023,ACK,MA,ANE,EN,Towers with Radar,28,70,36,4,138,0,16,27,0,43,28,86,63,4,181,0,0,0,181
06/03/2023,ACK,MA,ANE,EN,Towers with Radar,28,54,26,0,108,0,0,0,0,0,28,54,26,0,108,0,0,0,108
06/04/2023,ACK,MA,ANE,EN,Towers with Radar,28,64,35,1,128,0,4,4,0,8,28,68,39,1,136,0,0,0,136
06/05/2023,ACK,MA,ANE,EN,Towers with Radar,24,70,35,0,129,0,9,20,0,29,24,79,55,0,158,0,0,0,158
06/06/2023,ACK,MA,ANE,EN,Towers with Radar,24,48,21,0,93,0,21,44,0,65,24,69,65,0,158,0,0,0,158
06/07/2023,ACK,MA,ANE,EN,Towers with Radar,24,46,26,0,96,0,23,38,2,63,24,69,64,2,159,2,0,2,161
06/08/2023,ACK,MA,ANE,EN,Towers with Radar,24,72,35,0,131,0,41,58,3,102,24,113,93,3,233,18,0,18,251
06/09/2023,ACK,MA,ANE,EN,Towers with Radar,26,97,43,0,166,0,12,41,0,53,26,109,84,0,219,0,0,0,219
06/10/2023,ACK,MA,ANE,EN,Towers with Radar,28,58,45,0,131,0,14,25,0,39,28,72,70,0,170,0,0,0,170
06/11/2023,ACK,MA,ANE,EN,Towers with Radar,26,42,35,0,103,0,45,83,0,128,26,87,118,0,231,26,0,26,257
06/12/2023,ACK,MA,ANE,EN,Towers with Radar,24,78,27,0,129,0,33,40,0,73,24,111,67,0,202,0,0,0,202
06/13/2023,ACK,MA,ANE,EN,Towers with Radar,24,71,24,0,119,0,10,11,3,24,24,81,35,3,143,0,2,2,145
06/14/2023,ACK,MA,ANE,EN,Towers with Radar,20,67,31,3,121,0,35,46,12,93,20,102,77,15,214,6,0,6,220
06/15/2023,ACK,MA,ANE,EN,Towers with Radar,23,91,28,2,144,0,66,67,0,133,23,157,95,2,277,8,0,8,285
06/16/2023,ACK,MA,ANE,EN,Towers with Radar,27,96,49,0,172,0,61,77,0,138,27,157,126,0,310,14,0,14,324
06/17/2023,ACK,MA,ANE,EN,Towers with Radar,26,124,61,0,211,0,4,1,0,5,26,128,62,0,216,0,0,0,216
06/18/2023,ACK,MA,ANE,EN,Towers with Radar,26,97,50,0,173,0,25,26,0,51,26,122,76,0,224,0,0,0,224
06/19/2023,ACK,MA,ANE,EN,Towers with Radar,24,110,47,0,181,0,65,92,0,157,24,175,139,0,338,12,0,12,350
06/20/2023,ACK,MA,ANE,EN,Towers with Radar,22,89,32,0,143,0,46,76,1,123,22,135,108,1,266,0,0,0,266
06/21/2023,ACK,MA,ANE,EN,Towers with Radar,22,80,34,0,136,0,38,64,0,102,22,118,98,0,238,0,1,1,239
06/22/2023,ACK,MA,ANE,EN,Towers with Radar,22,139,87,0,248,0,14,29,0,43,22,153,116,0,291,0,0,0,291
06/23/2023,ACK,MA,ANE,EN,Towers with Radar,33,164,77,0,274,0,13,22,0,35,33,177,99,0,309,0,0,0,309
06/24/2023,ACK,MA,ANE,EN,Towers with Radar,44,102,59,0,205,0,2,6,0,8,44,104,65,0,213,0,0,0,213
06/25/2023,ACK,MA,ANE,EN,Towers with Radar,31,128,78,0,237,0,0,0,0,0,31,128,78,0,237,0,0,0,237
06/26/2023,ACK,MA,ANE,EN,Towers with Radar,17,98,51,0,166,0,4,2,0,6,17,102,53,0,172,0,0,0,172
06/27/2023,ACK,MA,ANE,EN,Towers with Radar,29,97,51,0,177,0,14,12,0,26,29,111,63,0,203,0,0,0,203
06/28/2023,ACK,MA,ANE,EN,Towers with Radar,30,103,58,6,197,0,11,15,3,29,30,114,73,9,226,0,0,0,226
06/29/2023,ACK,MA,ANE,EN,Towers with Radar,32,157,76,0,265,0,48,63,0,111,32,205,139,0,376,0,0,0,376
06/30/2023,ACK,MA,ANE,EN,Towers with Radar,34,193,97,2,326,0,70,91,2,163,34,263,188,4,489,0,0,0,489
07/01/2023,ACK,MA,ANE,EN,Towers with Radar,42,183,111,2,338,0,2,7,0,9,42,185,118,2,347,0,0,0,347
07/02/2023,ACK,MA,ANE,EN,Towers with Radar,34,127,50,0,211,0,12,9,0,21,34,139,59,0,232,0,0,0,232
07/03/2023,ACK,MA,ANE,EN,Towers with Radar,34,105,52,4,195,0,13,11,0,24,34,118,63,4,219,0,0,0,219
07/04/2023,ACK,MA,ANE,EN,Towers with Radar,29,92,31,0,152,0,3,0,0,3,29,95,31,0,155,0,0,0,155
07/05/2023,ACK,MA,ANE,EN,Towers with Radar,34,201,119,0,354,0,0,0,0,0,34,201,119,0,354,0,0,0,354
07/06/2023,ACK,MA,ANE,EN,Towers with Radar,34,153,91,2,280,0,5,16,0,21,34,158,107,2,301,0,0,0,301
07/07/2023,ACK,MA,ANE,EN,Towers with Radar,34,132,94,0,260,0,5,4,0,9,34,137,98,0,269,0,0,0,269
07/08/2023,ACK,MA,ANE,EN,Towers with Radar,44,149,72,0,265,0,6,29,0,35,44,155,101,0,300,0,0,0,300
07/09/2023,ACK,MA,ANE,EN,Towers with Radar,22,211,115,0,348,0,0,0,0,0,22,211,115,0,348,0,0,0,348
07/10/2023,ACK,MA,ANE,EN,Towers with Radar,30,173,84,0,287,0,0,0,0,0,30,173,84,0,287,0,0,0,287
07/11/2023,ACK,MA,ANE,EN,Towers with Radar,30,86,38,2,156,0,52,81,4,137,30,138,119,6,293,0,0,0,293
07/12/2023,ACK,MA,ANE,EN,Towers with Radar,32,71,34,2,139,0,63,85,8,156,32,134,119,10,295,0,0,0,295
07/13/2023,ACK,MA,ANE,EN,Towers with Radar,32,88,51,3,174,0,69,101,3,173,32,157,152,6,347,6,0,6,353
07/14/2023,ACK,MA,ANE,EN,Towers with Radar,28,146,57,0,231,0,31,44,0,75,28,177,101,0,306,0,0,0,306
07/15/2023,ACK,MA,ANE,EN,Towers with Radar,41,138,93,0,272,0,19,39,0,58,41,157,132,0,330,0,0,0,330
07/16/2023,ACK,MA,ANE,EN,Towers with Radar,14,157,70,0,241,0,15,18,0,33,14,172,88,0,274,0,0,0,274
07/17/2023,ACK,MA,ANE,EN,Towers with Radar,33,176,80,4,293,0,47,40,0,87,33,223,120,4,380,1,0,1,381
07/18/2023,ACK,MA,ANE,EN,Towers with Radar,22,98,62,6,188,0,21,27,0,48,22,119,89,6,236,0,0,0,236
07/19/2023,ACK,MA,ANE,EN,Towers with Radar,30,101,60,0,191,0,22,37,0,59,30,123,97,0,250,0,0,0,250
07/20/2023,ACK,MA,ANE,EN,Towers with Radar,32,118,53,2,205,0,83,95,0,178,32,201,148,2,383,0,0,0,383
07/21/2023,ACK,MA,ANE,EN,Towers with Radar,34,184,89,1,308,0,6,10,0,16,34,190,99,1,324,0,0,0,324
07/22/2023,ACK,MA,ANE,EN,Towers with Radar,42,121,78,3,244,0,25,34,0,59,42,146,112,3,303,0,0,0,303
07/23/2023,ACK,MA,ANE,EN,Towers with Radar,36,116,49,0,201,0,81,131,0,212,36,197,180,0,413,0,0,0,413
07/24/2023,ACK,MA,ANE,EN,Towers with Radar,32,109,43,1,185,0,60,70,1,131,32,169,113,2,316,0,0,0,316
07/25/2023,ACK,MA,ANE,EN,Towers with Radar,25,67,32,2,126,0,57,71,0,128,25,124,103,2,254,4,0,4,258
07/26/2023,ACK,MA,ANE,EN,Towers with Radar,29,104,40,0,173,0,71,98,0,169,29,175,138,0,342,2,0,2,344
07/27/2023,ACK,MA,ANE,EN,Towers with Radar,22,149,68,0,239,0,49,55,3,107,22,198,123,3,346,2,0,2,348
07/28/2023,ACK,MA,ANE,EN,Towers with Radar,34,126,57,1,218,0,102,102,1,205,34,228,159,2,423,0,0,0,423
07/29/2023,ACK,MA,ANE,EN,Towers with Radar,37,114,54,0,205,0,37,27,0,64,37,151,81,0,269,0,0,0,269
07/30/2023,ACK,MA,ANE,EN,Towers with Radar,34,124,57,0,215,0,72,96,0,168,34,196,153,0,383,0,0,0,383
07/31/2023,ACK,MA,ANE,EN,Towers with Radar,32,98,56,2,188,0,66,82,1,149,32,164,138,3,337,0,4,4,341
08/01/2023,ACK,MA,ANE,EN,Towers with Radar,30,71,26,6,133,0,57,87,0,144,30,128,113,6,277,0,0,0,277
08/02/2023,ACK,MA,ANE,EN,Towers with Radar,30,82,40,1,153,0,72,104,1,177,30,154,144,2,330,0,0,0,330
08/03/2023,ACK,MA,ANE,EN,Towers with Radar,32,106,55,0,193,0,78,124,0,202,32,184,179,0,395,4,0,4,399
08/04/2023,ACK,MA,ANE,EN,Towers with Radar,34,153,36,0,223,0,61,80,0,141,34,214,116,0,364,0,0,0,364
08/05/2023,ACK,MA,ANE,EN,Towers with Radar,42,139,73,0,254,0,26,49,0,75,42,165,122,0,329,0,0,0,329
08/06/2023,ACK,MA,ANE,EN,Towers with Radar,34,124,54,0,212,0,95,103,0,198,34,219,157,0,410,0,0,0,410
08/07/2023,ACK,MA,ANE,EN,Towers with Radar,32,152,69,0,253,0,29,52,0,81,32,181,121,0,334,0,0,0,334
08/08/2023,ACK,MA,ANE,EN,Towers with Radar,30,115,57,0,202,0,13,16,0,29,30,128,73,0,231,0,0,0,231
08/09/2023,ACK,MA,ANE,EN,Towers with Radar,30,99,32,0,161,0,61,76,0,137,30,160,108,0,298,0,0,0,298
08/10/2023,ACK,MA,ANE,EN,Towers with Radar,30,149,63,0,242,0,56,82,0,138,30,205,145,0,380,0,0,0,380
08/11/2023,ACK,MA,ANE,EN,Towers with Radar,36,125,40,0,201,0,84,117,3,204,36,209,157,3,405,0,0,0,405
08/12/2023,ACK,MA,ANE,EN,Towers with Radar,42,145,76,0,263,0,24,49,2,75,42,169,125,2,338,8,0,8,346
08/13/2023,ACK,MA,ANE,EN,Towers with Radar,34,158,100,0,292,0,12,17,0,29,34,170,117,0,321,0,0,0,321
08/14/2023,ACK,MA,ANE,EN,Towers with Radar,31,102,55,11,199,0,73,111,1,185,31,175,166,12,384,8,4,12,396
08/15/2023,ACK,MA,ANE,EN,Towers with Radar,27,133,63,2,225,0,1,1,0,2,27,134,64,2,227,0,0,0,227
08/16/2023,ACK,MA,ANE,EN,Towers with Radar,29,147,91,5,272,0,0,1,2,3,29,147,92,7,275,0,0,0,275
08/17/2023,ACK,MA,ANE,EN,Towers with Radar,30,191,101,0,322,0,6,4,0,10,30,197,105,0,332,0,0,0,332
08/18/2023,ACK,MA,ANE,EN,Towers with Radar,32,141,70,0,243,0,13,9,0,22,32,154,79,0,265,0,0,0,265
08/19/2023,ACK,MA,ANE,EN,Towers with Radar,40,77,54,0,171,0,73,84,0,157,40,150,138,0,328,0,0,0,328
08/20/2023,ACK,MA,ANE,EN,Towers with Radar,33,102,65,0,200,0,81,117,0,198,33,183,182,0,398,0,0,0,398
08/21/2023,ACK,MA,ANE,EN,Towers with Radar,30,77,34,5,146,0,86,78,0,164,30,163,112,5,310,8,0,8,318
08/22/2023,ACK,MA,ANE,EN,Towers with Radar,28,89,37,2,156,0,45,48,0,93,28,134,85,2,249,0,0,0,249
08/23/2023,ACK,MA,ANE,EN,Towers with Radar,28,69,33,0,130,0,63,89,0,152,28,132,122,0,282,0,0,0,282
08/24/2023,ACK,MA,ANE,EN,Towers with Radar,28,110,53,0,191,0,63,67,0,130,28,173,120,0,321,0,0,0,321
08/25/2023,ACK,MA,ANE,EN,Towers with Radar,32,145,58,0,235,0,18,13,0,31,32,163,71,0,266,0,0,0,266
08/26/2023,ACK,MA,ANE,EN,Towers with Radar,40,128,84,0,252,0,1,1,0,2,40,129,85,0,254,0,0,0,254
08/27/2023,ACK,MA,ANE,EN,Towers with Radar,38,178,103,1,320,0,18,21,0,39,38,196,124,1,359,0,0,0,359
08/28/2023,ACK,MA,ANE,EN,Towers with Radar,30,138,75,0,243,0,24,48,0,72,30,162,123,0,315,0,0,0,315
08/29/2023,ACK,MA,ANE,EN,Towers with Radar,30,127,66,0,223,0,0,0,0,0,30,127,66,0,223,0,0,0,223
08/30/2023,ACK,MA,ANE,EN,Towers with Radar,32,120,58,4,214,0,8,7,0,15,32,128,65,4,229,0,0,0,229
08/31/2023,ACK,MA,ANE,EN,Towers with Radar,30,75,41,0,146,0,85,85,0,170,30,160,126,0,316,0,0,0,316
