01/01/2000,ACT,TX,ASW,CE,Towers with Radar,0,0,2,0,2,0,14,15,0,29,0,14,17,0,31,14,0,14,45
01/02/2000,ACT,TX,ASW,CE,Towers with Radar,0,0,29,0,29,2,23,19,0,44,2,23,48,0,73,54,0,54,127
01/03/2000,ACT,TX,ASW,CE,Towers with Radar,0,0,9,0,9,0,33,31,0,64,0,33,40,0,73,34,0,34,107
01/04/2000,ACT,TX,ASW,CE,Towers with Radar,0,0,26,7,33,0,53,42,0,95,0,53,68,7,128,64,0,64,192
01/05/2000,ACT,TX,ASW,CE,Towers with Radar,0,0,46,7,53,0,30,60,2,92,0,30,106,9,145,40,10,50,195
01/06/2000,ACT,TX,ASW,CE,Towers with Radar,0,0,35,12,47,0,57,48,0,105,0,57,83,12,152,56,12,68,220
01/07/2000,ACT,TX,ASW,CE,Towers with Radar,0,0,54,0,54,0,31,19,0,50,0,31,73,0,104,2,0,2,106
01/08/2000,ACT,TX,ASW,CE,Towers with Radar,0,0,49,2,51,0,19,3,0,22,0,19,52,2,73,24,0,24,97
01/09/2000,ACT,TX,ASW,CE,Towers with Radar,0,0,16,0,16,2,20,29,0,51,2,20,45,0,67,14,0,14,81
01/10/2000,ACT,TX,ASW,CE,Towers with Radar,0,0,50,13,63,0,27,47,0,74,0,27,97,13,137,60,0,60,197
01/11/2000,ACT,TX,ASW,CE,Towers with Radar,0,0,31,3,34,0,37,72,0,109,0,37,103,3,143,36,2,38,181
01/12/2000,ACT,TX,ASW,CE,Towers with Radar,0,0,48,9,57,2,35,34,4,75,2,35,82,13,132,54,4,58,190
01/13/2000,ACT,TX,ASW,CE,Towers with Radar,0,0,47,16,63,0,33,35,2,70,0,33,82,18,133,22,16,38,171
01/14/2000,ACT,TX,ASW,CE,Towers with Radar,0,0,31,21,52,0,27,98,5,130,0,27,129,26,182,34,12,46,228
01/15/2000,ACT,TX,ASW,CE,Towers with Radar,0,0,39,0,39,0,22,62,2,86,0,22,101,2,125,10,0,10,135
01/16/2000,ACT,TX,ASW,CE,Towers with Radar,0,0,40,0,40,0,27,48,2,77,0,27,88,2,117,16,6,22,139
01/17/2000,ACT,TX,ASW,CE,Towers with Radar,0,0,34,6,40,0,45,42,2,89,0,45,76,8,129,42,0,42,171
01/18/2000,ACT,TX,ASW,CE,Towers with Radar,0,0,41,11,52,1,38,47,0,86,1,38,88,11,138,48,18,66,204
01/19/2000,ACT,TX,ASW,CE,Towers with Radar,0,0,38,5,43,1,53,37,2,93,1,53,75,7,136,20,0,20,156
01/20/2000,ACT,TX,ASW,CE,Towers with Radar,0,0,40,10,50,0,38,36,14,88,0,38,76,24,138,62,28,90,228
01/21/2000,ACT,TX,ASW,CE,Towers with Radar,0,42,41,2,85,0,0,75,5,80,0,42,116,7,165,58,8,66,231
01/22/2000,ACT,TX,ASW,CE,Towers with Radar,0,21,40,12,73,0,0,54,0,54,0,21,94,12,127,52,8,60,187
01/23/2000,ACT,TX,ASW,CE,Towers with Radar,0,16,21,3,40,0,0,61,1,62,0,16,82,4,102,16,0,16,118
01/24/2000,ACT,TX,ASW,CE,Towers with Radar,0,32,39,9,80,0,0,48,0,48,0,32,87,9,128,60,6,66,194
01/25/2000,ACT,TX,ASW,CE,Towers with Radar,0,33,54,22,109,0,0,40,0,40,0,33,94,22,149,73,40,113,262
01/26/2000,ACT,TX,ASW,CE,Towers with Radar,0,32,56,17,105,0,0,23,0,23,0,32,79,17,128,58,8,66,194
01/27/2000,ACT,TX,ASW,CE,Towers with Radar,1,0,8,0,9,0,21,0,0,21,1,21,8,0,30,0,0,0,30
01/28/2000,ACT,TX,ASW,CE,Towers with Radar,0,26,14,5,45,0,0,4,1,5,0,26,18,6,50,2,0,2,52
01/29/2000,ACT,TX,ASW,CE,Towers with Radar,0,22,14,0,36,0,0,11,0,11,0,22,25,0,47,24,0,24,71
01/30/2000,ACT,TX,ASW,CE,Towers with Radar,0,21,21,0,42,0,0,36,0,36,0,21,57,0,78,29,0,29,107
01/31/2000,ACT,TX,ASW,CE,Towers with Radar,0,42,74,10,126,0,0,38,0,38,0,42,112,10,164,66,5,71,235
02/01/2000,ACT,TX,ASW,CE,Towers with Radar,0,31,26,0,57,0,9,8,0,17,0,40,34,0,74,42,0,42,116
02/02/2000,ACT,TX,ASW,CE,Towers with Radar,2,32,48,12,94,0,23,51,0,74,2,55,99,12,168,50,12,62,230
02/03/2000,ACT,TX,ASW,CE,Towers with Radar,0,27,36,3,66,0,31,61,1,93,0,58,97,4,159,81,0,81,240
02/04/2000,ACT,TX,ASW,CE,Towers with Radar,0,29,59,2,90,0,27,66,0,93,0,56,125,2,183,34,0,34,217
02/05/2000,ACT,TX,ASW,CE,Towers with Radar,2,20,77,18,117,0,0,110,0,110,2,20,187,18,227,88,0,88,315
02/06/2000,ACT,TX,ASW,CE,Towers with Radar,0,21,39,11,71,0,0,47,3,50,0,21,86,14,121,32,2,34,155
02/07/2000,ACT,TX,ASW,CE,Towers with Radar,0,24,48,0,72,0,15,30,0,45,0,39,78,0,117,60,0,60,177
02/08/2000,ACT,TX,ASW,CE,Towers with Radar,0,22,58,2,82,0,22,76,0,98,0,44,134,2,180,48,2,50,230
02/09/2000,ACT,TX,ASW,CE,Towers with Radar,0,27,27,2,56,0,7,66,0,73,0,34,93,2,129,53,0,53,182
02/10/2000,ACT,TX,ASW,CE,Towers with Radar,0,23,37,19,79,0,18,83,0,101,0,41,120,19,180,66,6,72,252
02/11/2000,ACT,TX,ASW,CE,Towers with Radar,0,24,19,2,45,0,5,74,5,84,0,29,93,7,129,42,0,42,171
02/12/2000,ACT,TX,ASW,CE,Towers with Radar,0,22,31,6,59,0,2,31,4,37,0,24,62,10,96,44,0,44,140
02/13/2000,ACT,TX,ASW,CE,Towers with Radar,0,20,25,5,50,0,0,55,1,56,0,20,80,6,106,26,0,26,132
02/14/2000,ACT,TX,ASW,CE,Towers with Radar,0,24,34,0,58,2,16,49,0,67,2,40,83,0,125,64,0,64,189
02/15/2000,ACT,TX,ASW,CE,Towers with Radar,0,25,63,10,98,0,8,50,2,60,0,33,113,12,158,95,0,95,253
02/16/2000,ACT,TX,ASW,CE,Towers with Radar,0,24,70,4,98,0,10,31,0,41,0,34,101,4,139,98,0,98,237
02/17/2000,ACT,TX,ASW,CE,Towers with Radar,0,25,18,6,49,0,4,17,0,21,0,29,35,6,70,8,0,8,78
02/18/2000,ACT,TX,ASW,CE,Towers with Radar,0,23,25,0,48,0,11,52,0,63,0,34,77,0,111,10,0,10,121
02/19/2000,ACT,TX,ASW,CE,Towers with Radar,0,15,21,0,36,0,8,66,0,74,0,23,87,0,110,22,0,22,132
02/20/2000,ACT,TX,ASW,CE,Towers with Radar,0,22,29,0,51,0,4,56,0,60,0,26,85,0,111,38,0,38,149
02/21/2000,ACT,TX,ASW,CE,Towers with Radar,0,34,54,0,88,0,19,13,1,33,0,53,67,1,121,34,0,34,155
02/22/2000,ACT,TX,ASW,CE,Towers with Radar,0,35,46,4,85,0,7,6,0,13,0,42,52,4,98,44,0,44,142
02/23/2000,ACT,TX,ASW,CE,Towers with Radar,0,24,51,0,75,0,18,85,2,105,0,42,136,2,180,57,0,57,237
02/24/2000,ACT,TX,ASW,CE,Towers with Radar,0,32,55,8,95,0,10,14,4,28,0,42,69,12,123,26,0,26,149
02/25/2000,ACT,TX,ASW,CE,Towers with Radar,0,39,27,3,69,0,5,20,1,26,0,44,47,4,95,4,0,4,99
02/26/2000,ACT,TX,ASW,CE,Towers with Radar,0,30,21,5,56,0,0,54,1,55,0,30,75,6,111,44,4,48,159
02/27/2000,ACT,TX,ASW,CE,Towers with Radar,0,25,25,0,50,0,0,81,0,81,0,25,106,0,131,100,0,100,231
02/28/2000,ACT,TX,ASW,CE,Towers with Radar,0,23,37,0,60,0,21,71,0,92,0,44,108,0,152,32,2,34,186
02/29/2000,ACT,TX,ASW,CE,Towers with Radar,0,26,26,4,56,0,2,58,1,61,0,28,84,5,117,56,0,56,173
03/01/2000,ACT,TX,ASW,CE,Towers with Radar,0,0,0,11,11,2,35,138,0,175,2,35,138,11,186,64,12,76,262
03/02/2000,ACT,TX,ASW,CE,Towers with Radar,0,0,0,9,9,4,29,25,0,58,4,29,25,9,67,4,2,6,73
03/03/2000,ACT,TX,ASW,CE,Towers with Radar,0,31,32,2,65,4,14,45,0,63,4,45,77,2,128,54,0,54,182
03/04/2000,ACT,TX,ASW,CE,Towers with Radar,0,20,0,0,20,2,7,115,0,124,2,27,115,0,144,46,0,46,190
03/05/2000,ACT,TX,ASW,CE,Towers with Radar,0,19,0,0,19,0,0,88,0,88,0,19,88,0,107,50,0,50,157
03/06/2000,ACT,TX,ASW,CE,Towers with Radar,0,29,35,5,69,2,13,12,0,27,2,42,47,5,96,36,2,38,134
03/07/2000,ACT,TX,ASW,CE,Towers with Radar,0,40,70,2,112,0,0,0,0,0,0,40,70,2,112,15,0,15,127
03/08/2000,ACT,TX,ASW,CE,Towers with Radar,0,29,73,5,107,0,9,8,3,20,0,38,81,8,127,12,2,14,141
03/09/2000,ACT,TX,ASW,CE,Towers with Radar,0,30,92,8,130,0,5,46,13,64,0,35,138,21,194,20,6,26,220
03/10/2000,ACT,TX,ASW,CE,Towers with Radar,0,26,22,0,48,5,0,25,0,30,5,26,47,0,78,8,0,8,86
03/11/2000,ACT,TX,ASW,CE,Towers with Radar,0,21,0,0,21,1,0,82,0,83,1,21,82,0,104,22,0,22,126
03/12/2000,ACT,TX,ASW,CE,Towers with Radar,0,28,0,4,32,0,4,108,0,112,0,32,108,4,144,28,0,28,172
03/13/2000,ACT,TX,ASW,CE,Towers with Radar,0,24,11,2,37,0,14,88,0,102,0,38,99,2,139,44,2,46,185
03/14/2000,ACT,TX,ASW,CE,Towers with Radar,0,37,58,4,99,0,0,9,0,9,0,37,67,4,108,51,0,51,159
03/15/2000,ACT,TX,ASW,CE,Towers with Radar,0,26,91,7,124,0,7,0,5,12,0,33,91,12,136,63,16,79,215
03/16/2000,ACT,TX,ASW,CE,Towers with Radar,0,30,24,0,54,0,9,25,0,34,0,39,49,0,88,20,0,20,108
03/17/2000,ACT,TX,ASW,CE,Towers with Radar,0,30,26,5,61,0,0,28,6,34,0,30,54,11,95,18,0,18,113
03/18/2000,ACT,TX,ASW,CE,Towers with Radar,0,17,0,5,22,0,0,38,1,39,0,17,38,6,61,4,0,4,65
03/19/2000,ACT,TX,ASW,CE,Towers with Radar,0,21,0,5,26,0,0,72,1,73,0,21,72,6,99,18,0,18,117
03/20/2000,ACT,TX,ASW,CE,Towers with Radar,0,41,53,5,99,0,18,61,1,80,0,59,114,6,179,18,2,20,199
03/21/2000,ACT,TX,ASW,CE,Towers with Radar,0,28,35,0,63,2,0,3,0,5,2,28,38,0,68,4,0,4,72
03/22/2000,ACT,TX,ASW,CE,Towers with Radar,0,45,34,4,83,0,1,0,0,1,0,46,34,4,84,8,0,8,92
03/23/2000,ACT,TX,ASW,CE,Towers with Radar,0,32,31,0,63,0,2,17,0,19,0,34,48,0,82,20,0,20,102
03/24/2000,ACT,TX,ASW,CE,Towers with Radar,1,26,33,3,63,1,19,81,0,101,2,45,114,3,164,24,0,24,188
03/25/2000,ACT,TX,ASW,CE,Towers with Radar,0,16,10,7,33,2,2,67,18,89,2,18,77,25,122,78,4,82,204
03/26/2000,ACT,TX,ASW,CE,Towers with Radar,0,22,0,1,23,0,0,55,0,55,0,22,55,1,78,0,2,2,80
03/27/2000,ACT,TX,ASW,CE,Towers with Radar,0,29,8,5,42,0,10,72,3,85,0,39,80,8,127,32,0,32,159
03/28/2000,ACT,TX,ASW,CE,Towers with Radar,0,31,69,5,105,0,12,0,12,24,0,43,69,17,129,14,2,16,145
03/29/2000,ACT,TX,ASW,CE,Towers with Radar,0,28,69,17,114,0,12,28,1,41,0,40,97,18,155,18,18,36,191
03/30/2000,ACT,TX,ASW,CE,Towers with Radar,1,26,48,7,82,0,11,65,26,102,1,37,113,33,184,17,1,18,202
03/31/2000,ACT,TX,ASW,CE,Towers with Radar,0,24,89,7,120,0,12,0,15,27,0,36,89,22,147,14,12,26,173
04/01/2000,ACT,TX,ASW,CE,Towers with Radar,3,15,15,3,36,1,5,4,1,11,4,20,19,4,47,24,0,24,71
04/02/2000,ACT,TX,ASW,CE,Towers with Radar,0,19,24,0,43,2,2,0,0,4,2,21,24,0,47,8,0,8,55
04/03/2000,ACT,TX,ASW,CE,Towers with Radar,2,32,24,2,60,0,2,19,0,21,2,34,43,2,81,6,0,6,87
04/04/2000,ACT,TX,ASW,CE,Towers with Radar,0,35,49,4,88,0,7,95,2,104,0,42,144,6,192,71,0,71,263
04/05/2000,ACT,TX,ASW,CE,Towers with Radar,0,31,36,10,77,0,17,50,4,71,0,48,86,14,148,50,8,58,206
04/06/2000,ACT,TX,ASW,CE,Towers with Radar,2,42,27,0,71,0,32,64,0,96,2,74,91,0,167,20,0,20,187
04/07/2000,ACT,TX,ASW,CE,Towers with Radar,0,30,25,7,62,0,25,77,3,105,0,55,102,10,167,30,0,30,197
04/08/2000,ACT,TX,ASW,CE,Towers with Radar,0,20,25,0,45,0,1,67,0,68,0,21,92,0,113,57,0,57,170
04/09/2000,ACT,TX,ASW,CE,Towers with Radar,0,29,23,5,57,0,3,62,3,68,0,32,85,8,125,42,0,42,167
04/10/2000,ACT,TX,ASW,CE,Towers with Radar,0,30,32,9,71,0,7,14,2,23,0,37,46,11,94,42,0,42,136
04/11/2000,ACT,TX,ASW,CE,Towers with Radar,3,29,20,4,56,0,2,5,0,7,3,31,25,4,63,12,0,12,75
04/12/2000,ACT,TX,ASW,CE,Towers with Radar,3,32,57,4,96,0,0,12,0,12,3,32,69,4,108,0,0,0,108
04/13/2000,ACT,TX,ASW,CE,Towers with Radar,0,27,81,6,114,0,6,22,0,28,0,33,103,6,142,50,0,50,192
04/14/2000,ACT,TX,ASW,CE,Towers with Radar,0,35,40,8,83,0,4,28,2,34,0,39,68,10,117,58,8,66,183
04/15/2000,ACT,TX,ASW,CE,Towers with Radar,0,17,12,0,29,0,4,18,0,22,0,21,30,0,51,38,0,38,89
04/16/2000,ACT,TX,ASW,CE,Towers with Radar,0,30,25,0,55,0,6,37,2,45,0,36,62,2,100,54,0,54,154
04/17/2000,ACT,TX,ASW,CE,Towers with Radar,0,32,36,11,79,0,15,84,4,103,0,47,120,15,182,48,2,50,232
04/18/2000,ACT,TX,ASW,CE,Towers with Radar,0,26,70,6,102,0,24,45,2,71,0,50,115,8,173,44,6,50,223
04/19/2000,ACT,TX,ASW,CE,Towers with Radar,0,29,28,7,64,0,21,20,11,52,0,50,48,18,116,28,0,28,144
04/20/2000,ACT,TX,ASW,CE,Towers with Radar,0,25,38,3,66,0,26,84,0,110,0,51,122,3,176,56,0,56,232
04/21/2000,ACT,TX,ASW,CE,Towers with Radar,0,26,36,5,67,0,2,87,3,92,0,28,123,8,159,38,8,46,205
04/22/2000,ACT,TX,ASW,CE,Towers with Radar,0,27,19,0,46,0,17,53,0,70,0,44,72,0,116,38,0,38,154
04/23/2000,ACT,TX,ASW,CE,Towers with Radar,0,18,21,0,39,2,11,10,0,23,2,29,31,0,62,12,0,12,74
04/24/2000,ACT,TX,ASW,CE,Towers with Radar,0,23,41,5,69,0,3,58,1,62,0,26,99,6,131,44,0,44,175
04/25/2000,ACT,TX,ASW,CE,Towers with Radar,0,18,35,11,64,0,6,58,1,65,0,24,93,12,129,30,2,32,161
04/26/2000,ACT,TX,ASW,CE,Towers with Radar,2,27,27,4,60,0,7,86,0,93,2,34,113,4,153,74,0,74,227
04/27/2000,ACT,TX,ASW,CE,Towers with Radar,0,25,35,8,68,0,4,39,0,43,0,29,74,8,111,32,0,32,143
04/28/2000,ACT,TX,ASW,CE,Towers with Radar,0,24,26,1,51,0,10,79,1,90,0,34,105,2,141,24,0,24,165
04/29/2000,ACT,TX,ASW,CE,Towers with Radar,4,25,35,5,69,0,0,29,5,34,4,25,64,10,103,20,0,20,123
04/30/2000,ACT,TX,ASW,CE,Towers with Radar,0,30,25,5,60,0,0,18,0,18,0,30,43,5,78,4,0,4,82
05/01/2000,ACT,TX,ASW,CE,Towers with Radar,0,29,28,5,62,0,3,16,3,22,0,32,44,8,84,10,0,10,94
05/02/2000,ACT,TX,ASW,CE,Towers with Radar,0,19,55,10,84,0,4,34,1,39,0,23,89,11,123,54,0,54,177
05/03/2000,ACT,TX,ASW,CE,Towers with Radar,3,34,46,6,89,1,2,30,3,36,4,36,76,9,125,46,8,54,179
05/04/2000,ACT,TX,ASW,CE,Towers with Radar,1,43,24,6,74,0,8,6,0,14,1,51,30,6,88,42,4,46,134
05/05/2000,ACT,TX,ASW,CE,Towers with Radar,2,26,28,0,56,0,4,12,0,16,2,30,40,0,72,14,0,14,86
05/06/2000,ACT,TX,ASW,CE,Towers with Radar,0,19,29,4,52,0,0,17,3,20,0,19,46,7,72,22,2,24,96
05/07/2000,ACT,TX,ASW,CE,Towers with Radar,0,17,16,2,35,0,2,31,1,34,0,19,47,3,69,0,0,0,69
05/08/2000,ACT,TX,ASW,CE,Towers with Radar,0,24,31,9,64,0,10,46,3,59,0,34,77,12,123,51,0,51,174
05/09/2000,ACT,TX,ASW,CE,Towers with Radar,0,35,41,4,80,0,0,42,0,42,0,35,83,4,122,40,0,40,162
05/10/2000,ACT,TX,ASW,CE,Towers with Radar,0,30,42,17,89,0,14,36,3,53,0,44,78,20,142,40,4,44,186
05/11/2000,ACT,TX,ASW,CE,Towers with Radar,0,29,30,2,61,0,8,28,0,36,0,37,58,2,97,18,0,18,115
05/12/2000,ACT,TX,ASW,CE,Towers with Radar,4,27,48,2,81,1,3,34,0,38,5,30,82,2,119,10,0,10,129
05/13/2000,ACT,TX,ASW,CE,Towers with Radar,0,21,22,0,43,0,7,53,0,60,0,28,75,0,103,10,0,10,113
05/14/2000,ACT,TX,ASW,CE,Towers with Radar,0,30,16,0,46,0,1,64,0,65,0,31,80,0,111,32,0,32,143
05/15/2000,ACT,TX,ASW,CE,Towers with Radar,0,27,24,2,53,0,1,59,2,62,0,28,83,4,115,34,0,34,149
05/16/2000,ACT,TX,ASW,CE,Towers with Radar,5,25,36,10,76,0,7,52,0,59,5,32,88,10,135,22,0,22,157
05/17/2000,ACT,TX,ASW,CE,Towers with Radar,2,29,23,8,62,0,8,24,0,32,2,37,47,8,94,34,0,34,128
05/18/2000,ACT,TX,ASW,CE,Towers with Radar,0,30,28,11,69,0,17,62,2,81,0,47,90,13,150,62,0,62,212
05/19/2000,ACT,TX,ASW,CE,Towers with Radar,5,21,26,0,52,0,5,5,2,12,5,26,31,2,64,30,0,30,94
05/20/2000,ACT,TX,ASW,CE,Towers with Radar,2,26,30,2,60,0,17,48,0,65,2,43,78,2,125,52,0,52,177
05/21/2000,ACT,TX,ASW,CE,Towers with Radar,0,20,22,6,48,0,0,77,6,83,0,20,99,12,131,38,0,38,169
05/22/2000,ACT,TX,ASW,CE,Towers with Radar,0,22,28,2,52,0,12,56,0,68,0,34,84,2,120,34,0,34,154
05/23/2000,ACT,TX,ASW,CE,Towers with Radar,0,28,36,2,66,0,9,52,0,61,0,37,88,2,127,28,0,28,155
05/24/2000,ACT,TX,ASW,CE,Towers with Radar,0,25,27,2,54,0,10,71,0,81,0,35,98,2,135,28,0,28,163
05/25/2000,ACT,TX,ASW,CE,Towers with Radar,0,25,43,7,75,0,4,44,0,48,0,29,87,7,123,24,0,24,147
05/26/2000,ACT,TX,ASW,CE,Towers with Radar,0,25,46,9,80,0,8,24,2,34,0,33,70,11,114,16,0,16,130
05/27/2000,ACT,TX,ASW,CE,Towers with Radar,0,22,5,0,27,0,4,21,0,25,0,26,26,0,52,0,0,0,52
05/28/2000,ACT,TX,ASW,CE,Towers with Radar,2,19,23,0,44,0,3,57,1,61,2,22,80,1,105,18,0,18,123
05/29/2000,ACT,TX,ASW,CE,Towers with Radar,0,19,35,0,54,0,0,72,0,72,0,19,107,0,126,22,0,22,148
05/30/2000,ACT,TX,ASW,CE,Towers with Radar,2,28,24,7,61,0,8,60,4,72,2,36,84,11,133,6,5,11,144
05/31/2000,ACT,TX,ASW,CE,Towers with Radar,1,26,37,6,70,0,27,52,6,85,1,53,89,12,155,28,6,34,189
06/01/2000,ACT,TX,ASW,CE,Towers with Radar,0,10,44,8,62,1,59,54,0,114,1,69,98,8,176,50,6,56,232
06/02/2000,ACT,TX,ASW,CE,Towers with Radar,0,10,31,3,44,2,37,54,4,97,2,47,85,7,141,32,0,32,173
06/03/2000,ACT,TX,ASW,CE,Towers with Radar,0,0,17,0,17,3,19,43,1,66,3,19,60,1,83,16,0,16,99
06/04/2000,ACT,TX,ASW,CE,Towers with Radar,0,0,7,0,7,0,18,13,0,31,0,18,20,0,38,16,0,16,54
06/05/2000,ACT,TX,ASW,CE,Towers with Radar,0,2,38,5,45,0,32,48,3,83,0,34,86,8,128,40,0,40,168
06/06/2000,ACT,TX,ASW,CE,Towers with Radar,0,0,24,12,36,0,29,59,0,88,0,29,83,12,124,16,1,17,141
06/07/2000,ACT,TX,ASW,CE,Towers with Radar,0,2,38,4,44,2,34,70,1,107,2,36,108,5,151,55,0,55,206
06/08/2000,ACT,TX,ASW,CE,Towers with Radar,0,2,40,10,52,0,31,50,0,81,0,33,90,10,133,34,20,54,187
06/09/2000,ACT,TX,ASW,CE,Towers with Radar,0,0,21,0,21,0,28,1,0,29,0,28,22,0,50,14,0,14,64
06/10/2000,ACT,TX,ASW,CE,Towers with Radar,0,7,27,0,34,2,19,7,0,28,2,26,34,0,62,4,0,4,66
06/11/2000,ACT,TX,ASW,CE,Towers with Radar,0,0,14,2,16,0,20,10,0,30,0,20,24,2,46,0,0,0,46
06/12/2000,ACT,TX,ASW,CE,Towers with Radar,0,0,34,0,34,0,41,21,2,64,0,41,55,2,98,38,0,38,136
06/13/2000,ACT,TX,ASW,CE,Towers with Radar,0,13,46,0,59,0,38,61,0,99,0,51,107,0,158,34,0,34,192
06/14/2000,ACT,TX,ASW,CE,Towers with Radar,0,1,42,6,49,0,43,50,2,95,0,44,92,8,144,66,6,72,216
06/15/2000,ACT,TX,ASW,CE,Towers with Radar,0,13,50,6,69,3,32,38,0,73,3,45,88,6,142,28,0,28,170
06/16/2000,ACT,TX,ASW,CE,Towers with Radar,0,0,44,5,49,0,48,63,0,111,0,48,107,5,160,20,6,26,186
06/17/2000,ACT,TX,ASW,CE,Towers with Radar,0,0,9,0,9,2,39,8,6,55,2,39,17,6,64,34,0,34,98
06/18/2000,ACT,TX,ASW,CE,Towers with Radar,0,0,10,0,10,0,16,2,0,18,0,16,12,0,28,2,0,2,30
06/19/2000,ACT,TX,ASW,CE,Towers with Radar,0,9,19,4,32,0,34,31,2,67,0,43,50,6,99,2,0,2,101
06/20/2000,ACT,TX,ASW,CE,Towers with Radar,0,0,43,2,45,4,27,45,0,76,4,27,88,2,121,26,0,26,147
06/21/2000,ACT,TX,ASW,CE,Towers with Radar,0,19,23,5,47,13,37,37,1,88,13,56,60,6,135,59,0,59,194
06/22/2000,ACT,TX,ASW,CE,Towers with Radar,0,0,24,4,28,0,36,75,4,115,0,36,99,8,143,46,4,50,193
06/23/2000,ACT,TX,ASW,CE,Towers with Radar,0,3,28,0,31,2,24,62,0,88,2,27,90,0,119,26,0,26,145
06/24/2000,ACT,TX,ASW,CE,Towers with Radar,0,0,33,8,41,0,22,60,0,82,0,22,93,8,123,30,4,34,157
06/25/2000,ACT,TX,ASW,CE,Towers with Radar,0,4,30,7,41,0,30,39,2,71,0,34,69,9,112,50,4,54,166
06/26/2000,ACT,TX,ASW,CE,Towers with Radar,0,36,26,8,70,0,0,108,6,114,0,36,134,14,184,74,2,76,260
06/27/2000,ACT,TX,ASW,CE,Towers with Radar,2,38,35,4,79,0,1,51,0,52,2,39,86,4,131,42,10,52,183
06/28/2000,ACT,TX,ASW,CE,Towers with Radar,0,53,27,7,87,0,0,85,3,88,0,53,112,10,175,32,14,46,221
06/29/2000,ACT,TX,ASW,CE,Towers with Radar,0,53,43,0,96,0,0,63,0,63,0,53,106,0,159,82,0,82,241
06/30/2000,ACT,TX,ASW,CE,Towers with Radar,3,33,28,11,75,0,27,74,1,102,3,60,102,12,177,41,20,61,238
07/01/2000,ACT,TX,ASW,CE,Towers with Radar,0,0,31,3,34,11,46,45,2,104,11,46,76,5,138,44,0,44,182
07/02/2000,ACT,TX,ASW,CE,Towers with Radar,0,0,19,0,19,22,27,49,0,98,22,27,68,0,117,32,0,32,149
07/03/2000,ACT,TX,ASW,CE,Towers with Radar,0,0,22,0,22,2,36,40,0,78,2,36,62,0,100,36,0,36,136
07/04/2000,ACT,TX,ASW,CE,Towers with Radar,0,0,18,0,18,0,19,24,0,43,0,19,42,0,61,26,0,26,87
07/05/2000,ACT,TX,ASW,CE,Towers with Radar,0,0,14,6,20,7,40,35,0,82,7,40,49,6,102,34,0,34,136
07/06/2000,ACT,TX,ASW,CE,Towers with Radar,0,0,26,6,32,0,50,55,0,105,0,50,81,6,137,69,0,69,206
07/07/2000,ACT,TX,ASW,CE,Towers with Radar,0,0,22,5,27,0,30,57,3,90,0,30,79,8,117,40,8,48,165
07/08/2000,ACT,TX,ASW,CE,Towers with Radar,0,0,20,4,24,2,17,93,0,112,2,17,113,4,136,52,8,60,196
07/09/2000,ACT,TX,ASW,CE,Towers with Radar,0,0,20,0,20,0,21,41,0,62,0,21,61,0,82,28,0,28,110
07/10/2000,ACT,TX,ASW,CE,Towers with Radar,0,0,20,8,28,2,34,35,0,71,2,34,55,8,99,54,0,54,153
07/11/2000,ACT,TX,ASW,CE,Towers with Radar,0,0,17,6,23,0,37,41,2,80,0,37,58,8,103,34,4,38,141
07/12/2000,ACT,TX,ASW,CE,Towers with Radar,0,0,31,16,47,0,45,56,0,101,0,45,87,16,148,32,30,62,210
07/13/2000,ACT,TX,ASW,CE,Towers with Radar,0,0,53,4,57,2,67,80,1,150,2,67,133,5,207,84,0,84,291
07/14/2000,ACT,TX,ASW,CE,Towers with Radar,0,0,30,26,56,0,66,62,11,139,0,66,92,37,195,30,22,52,247
07/15/2000,ACT,TX,ASW,CE,Towers with Radar,0,0,22,5,27,0,63,65,8,136,0,63,87,13,163,56,10,66,229
07/16/2000,ACT,TX,ASW,CE,Towers with Radar,0,0,16,4,20,0,19,67,4,90,0,19,83,8,110,66,6,72,182
07/17/2000,ACT,TX,ASW,CE,Towers with Radar,0,0,28,0,28,2,32,62,0,96,2,32,90,0,124,58,0,58,182
07/18/2000,ACT,TX,ASW,CE,Towers with Radar,0,0,27,15,42,10,36,35,3,84,10,36,62,18,126,42,38,80,206
07/19/2000,ACT,TX,ASW,CE,Towers with Radar,0,0,38,8,46,0,44,71,0,115,0,44,109,8,161,90,10,100,261
07/20/2000,ACT,TX,ASW,CE,Towers with Radar,0,0,28,4,32,2,38,72,0,112,2,38,100,4,144,82,0,82,226
07/21/2000,ACT,TX,ASW,CE,Towers with Radar,0,0,28,4,32,5,29,72,3,109,5,29,100,7,141,38,0,38,179
07/22/2000,ACT,TX,ASW,CE,Towers with Radar,0,0,26,28,54,0,25,56,11,92,0,25,82,39,146,22,18,40,186
07/23/2000,ACT,TX,ASW,CE,Towers with Radar,0,17,27,3,47,12,3,62,0,77,12,20,89,3,124,42,10,52,176
07/24/2000,ACT,TX,ASW,CE,Towers with Radar,0,34,28,5,67,0,0,58,1,59,0,34,86,6,126,39,2,41,167
07/25/2000,ACT,TX,ASW,CE,Towers with Radar,0,41,25,2,68,0,0,64,2,66,0,41,89,4,134,65,0,65,199
07/26/2000,ACT,TX,ASW,CE,Towers with Radar,0,51,21,9,81,0,0,67,5,72,0,51,88,14,153,100,2,102,255
07/27/2000,ACT,TX,ASW,CE,Towers with Radar,2,29,40,4,75,0,12,72,0,84,2,41,112,4,159,88,2,90,249
07/28/2000,ACT,TX,ASW,CE,Towers with Radar,0,34,25,6,65,0,0,81,6,87,0,34,106,12,152,68,0,68,220
07/29/2000,ACT,TX,ASW,CE,Towers with Radar,0,19,31,0,50,2,4,65,1,72,2,23,96,1,122,41,0,41,163
07/30/2000,ACT,TX,ASW,CE,Towers with Radar,0,22,27,2,51,0,0,58,0,58,0,22,85,2,109,42,0,42,151
07/31/2000,ACT,TX,ASW,CE,Towers with Radar,0,28,28,5,61,0,0,46,3,49,0,28,74,8,110,44,0,44,154
08/01/2000,ACT,TX,ASW,CE,Towers with Radar,0,21,24,10,55,2,8,56,0,66,2,29,80,10,121,66,6,72,193
08/02/2000,ACT,TX,ASW,CE,Towers with Radar,0,23,26,7,56,0,2,67,3,72,0,25,93,10,128,56,0,56,184
08/03/2000,ACT,TX,ASW,CE,Towers with Radar,0,29,66,7,102,0,6,90,1,97,0,35,156,8,199,106,0,106,305
08/04/2000,ACT,TX,ASW,CE,Towers with Radar,0,24,26,4,54,0,8,50,2,60,0,32,76,6,114,24,0,24,138
08/05/2000,ACT,TX,ASW,CE,Towers with Radar,0,17,19,3,39,0,0,41,6,47,0,17,60,9,86,40,8,48,134
08/06/2000,ACT,TX,ASW,CE,Towers with Radar,0,17,12,3,32,0,1,55,2,58,0,18,67,5,90,10,6,16,106
08/07/2000,ACT,TX,ASW,CE,Towers with Radar,0,27,32,8,67,0,0,58,7,65,0,27,90,15,132,28,12,40,172
08/08/2000,ACT,TX,ASW,CE,Towers with Radar,1,25,28,15,69,1,11,36,8,56,2,36,64,23,125,2,8,10,135
08/09/2000,ACT,TX,ASW,CE,Towers with Radar,0,25,33,0,58,0,14,48,1,63,0,39,81,1,121,38,0,38,159
08/10/2000,ACT,TX,ASW,CE,Towers with Radar,0,29,39,11,79,0,9,78,3,90,0,38,117,14,169,30,0,30,199
08/11/2000,ACT,TX,ASW,CE,Towers with Radar,2,29,32,13,76,0,4,56,20,80,2,33,88,33,156,12,20,32,188
08/12/2000,ACT,TX,ASW,CE,Towers with Radar,2,18,30,10,60,0,0,71,0,71,2,18,101,10,131,26,4,30,161
08/13/2000,ACT,TX,ASW,CE,Towers with Radar,0,19,20,11,50,0,2,48,6,56,0,21,68,17,106,26,4,30,136
08/14/2000,ACT,TX,ASW,CE,Towers with Radar,0,25,21,10,56,0,8,60,4,72,0,33,81,14,128,22,6,28,156
08/15/2000,ACT,TX,ASW,CE,Towers with Radar,2,21,18,21,62,0,7,62,0,69,2,28,80,21,131,52,8,60,191
08/16/2000,ACT,TX,ASW,CE,Towers with Radar,0,20,41,4,65,0,7,87,0,94,0,27,128,4,159,38,0,38,197
08/17/2000,ACT,TX,ASW,CE,Towers with Radar,0,24,31,5,60,0,4,72,2,78,0,28,103,7,138,52,4,56,194
08/18/2000,ACT,TX,ASW,CE,Towers with Radar,0,20,49,3,72,0,2,69,1,72,0,22,118,4,144,58,0,58,202
08/19/2000,ACT,TX,ASW,CE,Towers with Radar,0,17,15,20,52,0,0,155,5,160,0,17,170,25,212,40,2,42,254
08/20/2000,ACT,TX,ASW,CE,Towers with Radar,0,17,12,1,30,0,0,73,6,79,0,17,85,7,109,34,0,34,143
08/21/2000,ACT,TX,ASW,CE,Towers with Radar,0,29,41,4,74,0,12,52,6,70,0,41,93,10,144,8,0,8,152
08/22/2000,ACT,TX,ASW,CE,Towers with Radar,0,30,37,10,77,0,12,35,7,54,0,42,72,17,131,20,14,34,165
08/23/2000,ACT,TX,ASW,CE,Towers with Radar,0,28,57,9,94,0,12,62,3,77,0,40,119,12,171,42,0,42,213
08/24/2000,ACT,TX,ASW,CE,Towers with Radar,1,28,49,6,84,0,27,48,0,75,1,55,97,6,159,46,30,76,235
08/25/2000,ACT,TX,ASW,CE,Towers with Radar,0,20,36,4,60,0,2,42,1,45,0,22,78,5,105,18,0,18,123
08/26/2000,ACT,TX,ASW,CE,Towers with Radar,0,19,27,6,52,0,3,77,2,82,0,22,104,8,134,58,8,66,200
08/27/2000,ACT,TX,ASW,CE,Towers with Radar,0,19,38,8,65,0,0,52,4,56,0,19,90,12,121,58,2,60,181
08/28/2000,ACT,TX,ASW,CE,Towers with Radar,0,24,33,6,63,0,1,43,0,44,0,25,76,6,107,40,0,40,147
08/29/2000,ACT,TX,ASW,CE,Towers with Radar,0,17,24,22,63,2,9,47,0,58,2,26,71,22,121,66,30,96,217
08/30/2000,ACT,TX,ASW,CE,Towers with Radar,2,21,32,10,65,0,8,49,0,57,2,29,81,10,122,46,4,50,172
08/31/2000,ACT,TX,ASW,CE,Towers with Radar,0,21,29,7,57,0,5,37,4,46,0,26,66,11,103,30,6,36,139
09/01/2000,ACT,TX,ASW,CE,Towers with Radar,2,17,52,0,71,0,12,63,0,75,2,29,115,0,146,50,0,50,196
09/02/2000,ACT,TX,ASW,CE,Towers with Radar,2,18,28,3,51,0,3,63,2,68,2,21,91,5,119,30,0,30,149
09/03/2000,ACT,TX,ASW,CE,Towers with Radar,0,18,13,0,31,0,12,47,0,59,0,30,60,0,90,28,0,28,118
09/04/2000,ACT,TX,ASW,CE,Towers with Radar,0,31,30,0,61,0,11,55,0,66,0,42,85,0,127,34,0,34,161
09/05/2000,ACT,TX,ASW,CE,Towers with Radar,0,27,25,5,57,0,5,31,3,39,0,32,56,8,96,38,0,38,134
09/06/2000,ACT,TX,ASW,CE,Towers with Radar,0,27,38,6,71,0,13,63,2,78,0,40,101,8,149,30,0,30,179
09/07/2000,ACT,TX,ASW,CE,Towers with Radar,0,40,39,3,82,0,15,55,3,73,0,55,94,6,155,30,3,33,188
09/08/2000,ACT,TX,ASW,CE,Towers with Radar,2,42,49,8,101,0,11,44,1,56,2,53,93,9,157,70,0,70,227
09/09/2000,ACT,TX,ASW,CE,Towers with Radar,0,22,38,17,77,0,10,39,5,54,0,32,77,22,131,26,0,26,157
09/10/2000,ACT,TX,ASW,CE,Towers with Radar,0,18,39,9,66,0,0,57,4,61,0,18,96,13,127,64,6,70,197
09/11/2000,ACT,TX,ASW,CE,Towers with Radar,2,25,30,4,61,0,7,40,2,49,2,32,70,6,110,10,2,12,122
09/12/2000,ACT,TX,ASW,CE,Towers with Radar,3,20,42,3,68,0,2,26,1,29,3,22,68,4,97,4,10,14,111
09/13/2000,ACT,TX,ASW,CE,Towers with Radar,1,32,19,7,59,0,9,27,5,41,1,41,46,12,100,42,0,42,142
09/14/2000,ACT,TX,ASW,CE,Towers with Radar,2,20,27,9,58,0,21,75,3,99,2,41,102,12,157,40,2,42,199
09/15/2000,ACT,TX,ASW,CE,Towers with Radar,2,22,42,5,71,0,12,58,0,70,2,34,100,5,141,48,2,50,191
09/16/2000,ACT,TX,ASW,CE,Towers with Radar,2,18,26,12,58,0,2,80,0,82,2,20,106,12,140,60,26,86,226
09/17/2000,ACT,TX,ASW,CE,Towers with Radar,0,20,20,4,44,0,1,75,0,76,0,21,95,4,120,28,0,28,148
09/18/2000,ACT,TX,ASW,CE,Towers with Radar,0,23,28,9,60,0,5,87,0,92,0,28,115,9,152,64,0,64,216
09/19/2000,ACT,TX,ASW,CE,Towers with Radar,0,33,18,13,64,0,6,57,1,64,0,39,75,14,128,32,0,32,160
09/20/2000,ACT,TX,ASW,CE,Towers with Radar,0,29,40,22,91,0,16,55,0,71,0,45,95,22,162,59,28,87,249
09/21/2000,ACT,TX,ASW,CE,Towers with Radar,0,41,35,11,87,0,22,69,6,97,0,63,104,17,184,47,2,49,233
09/22/2000,ACT,TX,ASW,CE,Towers with Radar,2,39,42,16,99,0,8,49,7,64,2,47,91,23,163,20,2,22,185
09/23/2000,ACT,TX,ASW,CE,Towers with Radar,0,24,24,16,64,0,0,24,3,27,0,24,48,19,91,16,6,22,113
09/24/2000,ACT,TX,ASW,CE,Towers with Radar,1,18,9,12,40,0,1,8,4,13,1,19,17,16,53,20,6,26,79
09/25/2000,ACT,TX,ASW,CE,Towers with Radar,0,24,30,9,63,0,15,26,0,41,0,39,56,9,104,40,0,40,144
09/26/2000,ACT,TX,ASW,CE,Towers with Radar,0,34,44,30,108,0,2,62,0,64,0,36,106,30,172,111,16,127,299
09/27/2000,ACT,TX,ASW,CE,Towers with Radar,0,27,57,2,86,0,13,73,0,86,0,40,130,2,172,50,8,58,230
09/28/2000,ACT,TX,ASW,CE,Towers with Radar,0,27,68,0,95,0,8,86,1,95,0,35,154,1,190,67,0,67,257
09/29/2000,ACT,TX,ASW,CE,Towers with Radar,4,29,43,1,77,0,6,67,1,74,4,35,110,2,151,54,0,54,205
09/30/2000,ACT,TX,ASW,CE,Towers with Radar,1,19,20,0,40,0,0,81,0,81,1,19,101,0,121,48,0,48,169
10/01/2000,ACT,TX,ASW,CE,Towers with Radar,3,19,32,0,54,1,0,70,3,74,4,19,102,3,128,6,0,6,134
10/02/2000,ACT,TX,ASW,CE,Towers with Radar,0,22,26,0,48,0,9,73,0,82,0,31,99,0,130,54,0,54,184
10/03/2000,ACT,TX,ASW,CE,Towers with Radar,0,36,24,9,69,0,17,66,0,83,0,53,90,9,152,104,12,116,268
10/04/2000,ACT,TX,ASW,CE,Towers with Radar,0,27,28,7,62,0,29,51,4,84,0,56,79,11,146,34,2,36,182
10/05/2000,ACT,TX,ASW,CE,Towers with Radar,0,33,36,8,77,0,9,33,1,43,0,42,69,9,120,20,0,20,140
10/06/2000,ACT,TX,ASW,CE,Towers with Radar,2,31,31,2,66,0,2,19,1,22,2,33,50,3,88,14,0,14,102
10/07/2000,ACT,TX,ASW,CE,Towers with Radar,2,18,23,0,43,0,1,31,0,32,2,19,54,0,75,22,0,22,97
10/08/2000,ACT,TX,ASW,CE,Towers with Radar,3,20,17,4,44,0,0,27,6,33,3,20,44,10,77,4,6,10,87
10/09/2000,ACT,TX,ASW,CE,Towers with Radar,0,25,47,0,72,0,7,64,0,71,0,32,111,0,143,48,0,48,191
10/10/2000,ACT,TX,ASW,CE,Towers with Radar,0,25,47,0,72,0,1,66,0,67,0,26,113,0,139,60,0,60,199
10/11/2000,ACT,TX,ASW,CE,Towers with Radar,1,23,42,12,78,0,9,49,11,69,1,32,91,23,147,55,20,75,222
10/12/2000,ACT,TX,ASW,CE,Towers with Radar,0,27,31,9,67,0,13,46,4,63,0,40,77,13,130,60,0,60,190
10/13/2000,ACT,TX,ASW,CE,Towers with Radar,2,34,29,17,82,0,8,32,0,40,2,42,61,17,122,20,18,38,160
10/14/2000,ACT,TX,ASW,CE,Towers with Radar,2,19,40,0,61,0,10,49,0,59,2,29,89,0,120,10,0,10,130
10/15/2000,ACT,TX,ASW,CE,Towers with Radar,5,16,29,0,50,1,2,23,0,26,6,18,52,0,76,0,0,0,76
10/16/2000,ACT,TX,ASW,CE,Towers with Radar,0,22,32,0,54,0,9,12,0,21,0,31,44,0,75,0,0,0,75
10/17/2000,ACT,TX,ASW,CE,Towers with Radar,2,33,39,0,74,0,2,0,0,2,2,35,39,0,76,20,0,20,96
10/18/2000,ACT,TX,ASW,CE,Towers with Radar,0,27,27,10,64,0,14,45,0,59,0,41,72,10,123,60,0,60,183
10/19/2000,ACT,TX,ASW,CE,Towers with Radar,1,25,31,5,62,7,7,45,0,59,8,32,76,5,121,12,0,12,133
10/20/2000,ACT,TX,ASW,CE,Towers with Radar,4,25,21,16,66,0,6,25,3,34,4,31,46,19,100,14,2,16,116
10/21/2000,ACT,TX,ASW,CE,Towers with Radar,2,17,33,2,54,0,0,11,0,11,2,17,44,2,65,0,0,0,65
10/22/2000,ACT,TX,ASW,CE,Towers with Radar,0,15,22,0,37,0,2,6,0,8,0,17,28,0,45,0,0,0,45
10/23/2000,ACT,TX,ASW,CE,Towers with Radar,0,30,29,0,59,0,0,14,0,14,0,30,43,0,73,0,0,0,73
10/24/2000,ACT,TX,ASW,CE,Towers with Radar,0,24,46,5,75,0,0,23,0,23,0,24,69,5,98,34,2,36,134
10/25/2000,ACT,TX,ASW,CE,Towers with Radar,0,27,53,4,84,0,0,22,0,22,0,27,75,4,106,24,7,31,137
10/26/2000,ACT,TX,ASW,CE,Towers with Radar,2,24,50,4,80,0,0,23,0,23,2,24,73,4,103,14,0,14,117
10/27/2000,ACT,TX,ASW,CE,Towers with Radar,2,24,46,7,79,0,5,41,0,46,2,29,87,7,125,16,0,16,141
10/28/2000,ACT,TX,ASW,CE,Towers with Radar,3,15,37,0,55,3,4,10,0,17,6,19,47,0,72,0,0,0,72
10/29/2000,ACT,TX,ASW,CE,Towers with Radar,0,20,33,0,53,0,0,27,0,27,0,20,60,0,80,2,0,2,82
10/30/2000,ACT,TX,ASW,CE,Towers with Radar,0,24,29,3,56,0,12,39,4,55,0,36,68,7,111,18,0,18,129
10/31/2000,ACT,TX,ASW,CE,Towers with Radar,0,33,47,10,90,0,12,19,8,39,0,45,66,18,129,52,0,52,181
11/01/2000,ACT,TX,ASW,CE,Towers with Radar,2,22,20,0,44,0,3,49,0,52,2,25,69,0,96,18,0,18,114
11/02/2000,ACT,TX,ASW,CE,Towers with Radar,0,22,56,0,78,0,12,50,0,62,0,34,106,0,140,26,0,26,166
11/03/2000,ACT,TX,ASW,CE,Towers with Radar,2,28,29,0,59,0,0,2,0,2,2,28,31,0,61,0,0,0,61
11/04/2000,ACT,TX,ASW,CE,Towers with Radar,2,18,30,4,54,0,0,2,0,2,2,18,32,4,56,0,0,0,56
11/05/2000,ACT,TX,ASW,CE,Towers with Radar,2,14,20,0,36,0,3,5,0,8,2,17,25,0,44,0,0,0,44
11/06/2000,ACT,TX,ASW,CE,Towers with Radar,0,23,26,9,58,0,16,87,5,108,0,39,113,14,166,70,20,90,256
11/07/2000,ACT,TX,ASW,CE,Towers with Radar,0,34,22,11,67,0,4,29,0,33,0,38,51,11,100,6,2,8,108
11/08/2000,ACT,TX,ASW,CE,Towers with Radar,0,24,12,0,36,0,2,0,0,2,0,26,12,0,38,0,0,0,38
11/09/2000,ACT,TX,ASW,CE,Towers with Radar,0,35,42,7,84,0,0,60,1,61,0,35,102,8,145,30,6,36,181
11/10/2000,ACT,TX,ASW,CE,Towers with Radar,0,32,39,0,71,2,4,86,0,92,2,36,125,0,163,60,0,60,223
11/11/2000,ACT,TX,ASW,CE,Towers with Radar,2,18,57,0,77,0,6,26,0,32,2,24,83,0,109,20,0,20,129
11/12/2000,ACT,TX,ASW,CE,Towers with Radar,0,19,13,4,36,0,0,4,2,6,0,19,17,6,42,0,0,0,42
11/13/2000,ACT,TX,ASW,CE,Towers with Radar,0,23,31,7,61,0,18,39,2,59,0,41,70,9,120,86,2,88,208
11/14/2000,ACT,TX,ASW,CE,Towers with Radar,0,27,34,22,83,0,14,49,0,63,0,41,83,22,146,24,8,32,178
11/15/2000,ACT,TX,ASW,CE,Towers with Radar,0,30,59,18,107,0,13,18,0,31,0,43,77,18,138,22,0,22,160
11/16/2000,ACT,TX,ASW,CE,Towers with Radar,1,39,50,11,101,0,1,15,0,16,1,40,65,11,117,12,0,12,129
11/17/2000,ACT,TX,ASW,CE,Towers with Radar,1,43,36,4,84,1,25,54,5,85,2,68,90,9,169,64,0,64,233
11/18/2000,ACT,TX,ASW,CE,Towers with Radar,2,20,23,7,52,0,8,9,1,18,2,28,32,8,70,0,0,0,70
11/19/2000,ACT,TX,ASW,CE,Towers with Radar,2,29,21,2,54,0,19,47,0,66,2,48,68,2,120,18,0,18,138
11/20/2000,ACT,TX,ASW,CE,Towers with Radar,0,19,33,4,56,0,23,79,10,112,0,42,112,14,168,14,0,14,182
11/21/2000,ACT,TX,ASW,CE,Towers with Radar,0,20,42,18,80,0,8,100,4,112,0,28,142,22,192,20,2,22,214
11/22/2000,ACT,TX,ASW,CE,Towers with Radar,2,25,41,14,82,0,0,59,0,59,2,25,100,14,141,22,2,24,165
11/23/2000,ACT,TX,ASW,CE,Towers with Radar,0,18,5,0,23,0,0,0,0,0,0,18,5,0,23,0,0,0,23
11/24/2000,ACT,TX,ASW,CE,Towers with Radar,0,12,14,0,26,0,0,1,0,1,0,12,15,0,27,0,0,0,27
11/25/2000,ACT,TX,ASW,CE,Towers with Radar,0,23,21,0,44,0,3,57,0,60,0,26,78,0,104,12,6,18,122
11/26/2000,ACT,TX,ASW,CE,Towers with Radar,0,29,32,0,61,0,3,52,2,57,0,32,84,2,118,62,4,66,184
11/27/2000,ACT,TX,ASW,CE,Towers with Radar,0,27,44,7,78,0,8,52,8,68,0,35,96,15,146,22,4,26,172
11/28/2000,ACT,TX,ASW,CE,Towers with Radar,0,42,51,12,105,0,9,38,2,49,0,51,89,14,154,14,16,30,184
11/29/2000,ACT,TX,ASW,CE,Towers with Radar,0,39,33,4,76,0,21,50,6,77,0,60,83,10,153,24,2,26,179
11/30/2000,ACT,TX,ASW,CE,Towers with Radar,0,40,28,8,76,0,26,86,3,115,0,66,114,11,191,8,4,12,203
12/01/2000,ACT,TX,ASW,CE,Towers with Radar,0,0,36,18,54,0,50,35,0,85,0,50,71,18,139,44,0,44,183
12/02/2000,ACT,TX,ASW,CE,Towers with Radar,0,0,20,15,35,0,26,39,4,69,0,26,59,19,104,8,16,24,128
12/03/2000,ACT,TX,ASW,CE,Towers with Radar,0,0,19,4,23,0,20,39,0,59,0,20,58,4,82,10,14,24,106
12/04/2000,ACT,TX,ASW,CE,Towers with Radar,2,0,37,9,48,0,27,47,4,78,2,27,84,13,126,14,0,14,140
12/05/2000,ACT,TX,ASW,CE,Towers with Radar,0,0,29,14,43,0,31,37,9,77,0,31,66,23,120,14,10,24,144
12/06/2000,ACT,TX,ASW,CE,Towers with Radar,0,0,28,10,38,0,27,56,2,85,0,27,84,12,123,56,10,66,189
12/07/2000,ACT,TX,ASW,CE,Towers with Radar,2,0,34,14,50,0,23,52,1,76,2,23,86,15,126,8,14,22,148
12/08/2000,ACT,TX,ASW,CE,Towers with Radar,0,0,30,33,63,0,28,53,7,88,0,28,83,40,151,26,23,49,200
12/09/2000,ACT,TX,ASW,CE,Towers with Radar,0,0,38,12,50,0,35,69,3,107,0,35,107,15,157,24,12,36,193
12/10/2000,ACT,TX,ASW,CE,Towers with Radar,0,0,28,8,36,0,22,31,0,53,0,22,59,8,89,22,0,22,111
12/11/2000,ACT,TX,ASW,CE,Towers with Radar,0,0,22,0,22,0,41,4,0,45,0,41,26,0,67,6,0,6,73
12/12/2000,ACT,TX,ASW,CE,Towers with Radar,0,0,13,0,13,0,43,7,0,50,0,43,20,0,63,8,0,8,71
12/13/2000,ACT,TX,ASW,CE,Towers with Radar,0,0,16,0,16,0,12,26,0,38,0,12,42,0,54,2,0,2,56
12/14/2000,ACT,TX,ASW,CE,Towers with Radar,0,0,51,8,59,0,38,48,0,86,0,38,99,8,145,76,0,76,221
12/15/2000,ACT,TX,ASW,CE,Towers with Radar,0,33,37,12,82,1,0,30,33,64,1,33,67,45,146,20,0,20,166
12/16/2000,ACT,TX,ASW,CE,Towers with Radar,0,23,15,3,41,1,0,21,6,28,1,23,36,9,69,4,10,14,83
12/17/2000,ACT,TX,ASW,CE,Towers with Radar,0,22,20,1,43,0,1,52,2,55,0,23,72,3,98,40,6,46,144
12/18/2000,ACT,TX,ASW,CE,Towers with Radar,0,28,27,4,59,0,0,41,0,41,0,28,68,4,100,2,0,2,102
12/19/2000,ACT,TX,ASW,CE,Towers with Radar,0,30,24,14,68,0,0,96,23,119,0,30,120,37,187,24,36,60,247
12/20/2000,ACT,TX,ASW,CE,Towers with Radar,0,26,13,8,47,0,0,37,4,41,0,26,50,12,88,18,6,24,112
12/21/2000,ACT,TX,ASW,CE,Towers with Radar,0,25,24,8,57,0,0,36,1,37,0,25,60,9,94,36,8,44,138
12/22/2000,ACT,TX,ASW,CE,Towers with Radar,0,32,36,1,69,0,0,79,0,79,0,32,115,1,148,22,0,22,170
12/23/2000,ACT,TX,ASW,CE,Towers with Radar,0,12,29,0,41,0,0,13,0,13,0,12,42,0,54,0,0,0,54
12/24/2000,ACT,TX,ASW,CE,Towers with Radar,0,1,6,0,7,0,17,2,0,19,0,18,8,0,26,0,0,0,26
12/25/2000,ACT,TX,ASW,CE,Towers with Radar,0,0,1,0,1,0,16,0,0,16,0,16,1,0,17,0,0,0,17
12/26/2000,ACT,TX,ASW,CE,Towers with Radar,0,0,2,0,2,0,22,1,0,23,0,22,3,0,25,0,0,0,25
12/27/2000,ACT,TX,ASW,CE,Towers with Radar,0,0,4,0,4,0,18,2,0,20,0,18,6,0,24,0,0,0,24
12/28/2000,ACT,TX,ASW,CE,Towers with Radar,0,30,13,0,43,0,0,23,0,23,0,30,36,0,66,6,0,6,72
12/29/2000,ACT,TX,ASW,CE,Towers with Radar,0,57,19,6,82,0,0,37,1,38,0,57,56,7,120,0,0,0,120
12/30/2000,ACT,TX,ASW,CE,Towers with Radar,0,21,32,0,53,0,14,50,0,64,0,35,82,0,117,6,0,6,123
12/31/2000,ACT,TX,ASW,CE,Towers with Radar,0,0,4,0,4,0,17,3,0,20,0,17,7,0,24,0,0,0,24
01/01/2001,ACT,TX,ASW,CE,Towers with Radar,0,0,15,0,15,0,12,2,0,14,0,12,17,0,29,0,0,0,29
01/02/2001,ACT,TX,ASW,CE,Towers with Radar,0,0,12,0,12,0,30,22,0,52,0,30,34,0,64,6,0,6,70
01/03/2001,ACT,TX,ASW,CE,Towers with Radar,0,0,23,4,27,0,36,53,5,94,0,36,76,9,121,38,10,48,169
01/04/2001,ACT,TX,ASW,CE,Towers with Radar,0,0,26,4,30,0,55,117,0,172,0,55,143,4,202,46,0,46,248
01/05/2001,ACT,TX,ASW,CE,Towers with Radar,0,0,44,4,48,0,33,77,0,110,0,33,121,4,158,47,1,48,206
01/06/2001,ACT,TX,ASW,CE,Towers with Radar,0,0,61,7,68,0,18,78,3,99,0,18,139,10,167,56,0,56,223
01/07/2001,ACT,TX,ASW,CE,Towers with Radar,0,0,15,0,15,0,28,41,0,69,0,28,56,0,84,2,0,2,86
01/08/2001,ACT,TX,ASW,CE,Towers with Radar,0,0,30,0,30,3,33,57,2,95,3,33,87,2,125,32,6,38,163
01/09/2001,ACT,TX,ASW,CE,Towers with Radar,0,0,23,9,32,3,44,65,2,114,3,44,88,11,146,36,0,36,182
01/10/2001,ACT,TX,ASW,CE,Towers with Radar,0,0,9,4,13,1,34,1,0,36,1,34,10,4,49,0,2,2,51
01/11/2001,ACT,TX,ASW,CE,Towers with Radar,2,29,38,15,84,0,0,0,0,0,2,29,38,15,84,0,4,4,88
01/12/2001,ACT,TX,ASW,CE,Towers with Radar,0,46,43,2,91,0,0,0,8,8,0,46,43,10,99,0,0,0,99
01/13/2001,ACT,TX,ASW,CE,Towers with Radar,0,0,22,12,34,2,36,8,0,46,2,36,30,12,80,0,0,0,80
01/14/2001,ACT,TX,ASW,CE,Towers with Radar,0,0,17,16,33,0,22,80,0,102,0,22,97,16,135,66,4,70,205
01/15/2001,ACT,TX,ASW,CE,Towers with Radar,0,0,28,3,31,4,40,51,0,95,4,40,79,3,126,36,2,38,164
01/16/2001,ACT,TX,ASW,CE,Towers with Radar,0,26,32,4,62,4,0,6,0,10,4,26,38,4,72,2,0,2,74
01/17/2001,ACT,TX,ASW,CE,Towers with Radar,0,29,10,6,45,0,0,1,0,1,0,29,11,6,46,0,2,2,48
01/18/2001,ACT,TX,ASW,CE,Towers with Radar,0,15,17,0,32,0,9,2,0,11,0,24,19,0,43,0,0,0,43
01/19/2001,ACT,TX,ASW,CE,Towers with Radar,0,49,39,7,95,0,0,28,0,28,0,49,67,7,123,12,14,26,149
01/20/2001,ACT,TX,ASW,CE,Towers with Radar,0,0,24,10,34,0,27,77,3,107,0,27,101,13,141,20,0,20,161
01/21/2001,ACT,TX,ASW,CE,Towers with Radar,0,10,40,5,55,0,18,36,1,55,0,28,76,6,110,34,0,34,144
01/22/2001,ACT,TX,ASW,CE,Towers with Radar,0,24,21,3,48,0,17,45,2,64,0,41,66,5,112,60,0,60,172
01/23/2001,ACT,TX,ASW,CE,Towers with Radar,0,35,48,3,86,0,0,49,6,55,0,35,97,9,141,36,32,68,209
01/24/2001,ACT,TX,ASW,CE,Towers with Radar,0,38,32,5,75,0,0,90,1,91,0,38,122,6,166,49,0,49,215
01/25/2001,ACT,TX,ASW,CE,Towers with Radar,0,31,30,8,69,0,0,49,2,51,0,31,79,10,120,57,0,57,177
01/26/2001,ACT,TX,ASW,CE,Towers with Radar,0,38,43,14,95,0,0,52,20,72,0,38,95,34,167,16,20,36,203
01/27/2001,ACT,TX,ASW,CE,Towers with Radar,0,0,23,4,27,0,18,3,2,23,0,18,26,6,50,0,0,0,50
01/28/2001,ACT,TX,ASW,CE,Towers with Radar,0,0,13,0,13,0,19,2,0,21,0,19,15,0,34,0,0,0,34
01/29/2001,ACT,TX,ASW,CE,Towers with Radar,0,9,26,12,47,0,31,60,7,98,0,40,86,19,145,37,6,43,188
01/30/2001,ACT,TX,ASW,CE,Towers with Radar,0,59,40,6,105,0,6,71,4,81,0,65,111,10,186,48,0,48,234
01/31/2001,ACT,TX,ASW,CE,Towers with Radar,0,25,48,6,79,2,14,85,7,108,2,39,133,13,187,58,14,72,259
02/01/2001,ACT,TX,ASW,CE,Towers with Radar,0,26,37,5,68,2,15,93,8,118,2,41,130,13,186,66,0,66,252
02/02/2001,ACT,TX,ASW,CE,Towers with Radar,0,27,32,17,76,0,22,85,5,112,0,49,117,22,188,58,8,66,254
02/03/2001,ACT,TX,ASW,CE,Towers with Radar,0,18,27,9,54,2,0,98,6,106,2,18,125,15,160,48,14,62,222
02/04/2001,ACT,TX,ASW,CE,Towers with Radar,0,18,25,3,46,0,1,73,6,80,0,19,98,9,126,40,6,46,172
02/05/2001,ACT,TX,ASW,CE,Towers with Radar,0,23,59,0,82,0,14,63,0,77,0,37,122,0,159,60,0,60,219
02/06/2001,ACT,TX,ASW,CE,Towers with Radar,0,23,33,0,56,0,7,83,7,97,0,30,116,7,153,30,0,30,183
02/07/2001,ACT,TX,ASW,CE,Towers with Radar,0,26,55,3,84,0,1,10,7,18,0,27,65,10,102,0,0,0,102
02/08/2001,ACT,TX,ASW,CE,Towers with Radar,0,32,18,0,50,0,0,11,0,11,0,32,29,0,61,16,0,16,77
02/09/2001,ACT,TX,ASW,CE,Towers with Radar,0,26,38,12,76,0,9,32,8,49,0,35,70,20,125,22,10,32,157
02/10/2001,ACT,TX,ASW,CE,Towers with Radar,0,20,31,10,61,0,0,58,17,75,0,20,89,27,136,40,22,62,198
02/11/2001,ACT,TX,ASW,CE,Towers with Radar,0,21,35,0,56,0,0,16,0,16,0,21,51,0,72,2,0,2,74
02/12/2001,ACT,TX,ASW,CE,Towers with Radar,0,21,26,2,49,0,1,0,0,1,0,22,26,2,50,0,0,0,50
02/13/2001,ACT,TX,ASW,CE,Towers with Radar,0,24,29,0,53,0,2,11,4,17,0,26,40,4,70,16,0,16,86
02/14/2001,ACT,TX,ASW,CE,Towers with Radar,0,30,49,0,79,0,11,25,0,36,0,41,74,0,115,12,0,12,127
02/15/2001,ACT,TX,ASW,CE,Towers with Radar,0,28,15,0,43,0,0,0,10,10,0,28,15,10,53,0,0,0,53
02/16/2001,ACT,TX,ASW,CE,Towers with Radar,0,43,54,7,104,0,0,13,11,24,0,43,67,18,128,4,4,8,136
02/17/2001,ACT,TX,ASW,CE,Towers with Radar,0,16,42,0,58,1,0,106,1,108,1,16,148,1,166,59,0,59,225
02/18/2001,ACT,TX,ASW,CE,Towers with Radar,0,19,30,0,49,0,0,67,0,67,0,19,97,0,116,64,0,64,180
02/19/2001,ACT,TX,ASW,CE,Towers with Radar,0,23,31,0,54,1,13,44,12,70,1,36,75,12,124,50,24,74,198
02/20/2001,ACT,TX,ASW,CE,Towers with Radar,0,38,48,2,88,0,22,70,10,102,0,60,118,12,190,62,0,62,252
02/21/2001,ACT,TX,ASW,CE,Towers with Radar,0,28,57,2,87,0,0,25,0,25,0,28,82,2,112,6,0,6,118
02/22/2001,ACT,TX,ASW,CE,Towers with Radar,0,26,40,34,100,0,0,39,0,39,0,26,79,34,139,52,20,72,211
02/23/2001,ACT,TX,ASW,CE,Towers with Radar,0,27,23,6,56,0,5,6,0,11,0,32,29,6,67,2,0,2,69
02/24/2001,ACT,TX,ASW,CE,Towers with Radar,0,33,19,0,52,5,1,13,1,20,5,34,32,1,72,26,0,26,98
02/25/2001,ACT,TX,ASW,CE,Towers with Radar,0,26,29,7,62,0,5,110,0,115,0,31,139,7,177,114,2,116,293
02/26/2001,ACT,TX,ASW,CE,Towers with Radar,2,26,18,21,67,0,12,54,10,76,2,38,72,31,143,28,22,50,193
02/27/2001,ACT,TX,ASW,CE,Towers with Radar,0,15,27,0,42,0,0,4,2,6,0,15,31,2,48,0,0,0,48
02/28/2001,ACT,TX,ASW,CE,Towers with Radar,0,26,3,9,38,0,0,5,0,5,0,26,8,9,43,0,0,0,43
03/01/2001,ACT,TX,ASW,CE,Towers with Radar,1,33,15,6,55,1,0,14,0,15,2,33,29,6,70,14,0,14,84
03/02/2001,ACT,TX,ASW,CE,Towers with Radar,0,23,49,21,93,0,18,40,2,60,0,41,89,23,153,46,6,52,205
03/03/2001,ACT,TX,ASW,CE,Towers with Radar,0,18,47,9,74,0,5,8,2,15,0,23,55,11,89,30,6,36,125
03/04/2001,ACT,TX,ASW,CE,Towers with Radar,0,19,45,8,72,0,4,82,4,90,0,23,127,12,162,70,6,76,238
03/05/2001,ACT,TX,ASW,CE,Towers with Radar,0,21,30,7,58,0,15,135,5,155,0,36,165,12,213,74,0,74,287
03/06/2001,ACT,TX,ASW,CE,Towers with Radar,0,23,29,8,60,0,17,87,5,109,0,40,116,13,169,54,8,62,231
03/07/2001,ACT,TX,ASW,CE,Towers with Radar,0,30,33,11,74,0,33,111,0,144,0,63,144,11,218,66,12,78,296
03/08/2001,ACT,TX,ASW,CE,Towers with Radar,0,32,32,0,64,0,0,0,0,0,0,32,32,0,64,2,0,2,66
03/09/2001,ACT,TX,ASW,CE,Towers with Radar,2,34,29,11,76,0,26,84,4,114,2,60,113,15,190,60,8,68,258
03/10/2001,ACT,TX,ASW,CE,Towers with Radar,0,15,31,4,50,0,0,85,3,88,0,15,116,7,138,44,0,44,182
03/11/2001,ACT,TX,ASW,CE,Towers with Radar,1,19,19,0,39,0,1,0,0,1,1,20,19,0,40,0,0,0,40
03/12/2001,ACT,TX,ASW,CE,Towers with Radar,1,22,24,1,48,0,10,79,1,90,1,32,103,2,138,50,0,50,188
03/13/2001,ACT,TX,ASW,CE,Towers with Radar,2,21,47,8,78,0,11,98,2,111,2,32,145,10,189,66,10,76,265
03/14/2001,ACT,TX,ASW,CE,Towers with Radar,0,17,26,0,43,0,10,24,0,34,0,27,50,0,77,16,0,16,93
03/15/2001,ACT,TX,ASW,CE,Towers with Radar,2,21,16,1,40,0,8,36,1,45,2,29,52,2,85,34,0,34,119
03/16/2001,ACT,TX,ASW,CE,Towers with Radar,0,23,46,19,88,0,1,116,6,123,0,24,162,25,211,56,12,68,279
03/17/2001,ACT,TX,ASW,CE,Towers with Radar,0,14,23,5,42,2,0,67,11,80,2,14,90,16,122,90,8,98,220
03/18/2001,ACT,TX,ASW,CE,Towers with Radar,0,17,24,0,41,2,0,7,0,9,2,17,31,0,50,28,0,28,78
03/19/2001,ACT,TX,ASW,CE,Towers with Radar,2,22,36,10,70,0,3,64,3,70,2,25,100,13,140,46,0,46,186
03/20/2001,ACT,TX,ASW,CE,Towers with Radar,0,22,34,6,62,0,21,59,0,80,0,43,93,6,142,84,8,92,234
03/21/2001,ACT,TX,ASW,CE,Towers with Radar,0,32,31,10,73,0,8,78,4,90,0,40,109,14,163,62,14,76,239
03/22/2001,ACT,TX,ASW,CE,Towers with Radar,0,22,29,14,65,0,17,62,5,84,0,39,91,19,149,40,32,72,221
03/23/2001,ACT,TX,ASW,CE,Towers with Radar,0,26,45,9,80,0,29,62,3,94,0,55,107,12,174,66,0,66,240
03/24/2001,ACT,TX,ASW,CE,Towers with Radar,0,15,27,0,42,0,0,12,0,12,0,15,39,0,54,40,0,40,94
03/25/2001,ACT,TX,ASW,CE,Towers with Radar,0,18,24,0,42,0,1,61,0,62,0,19,85,0,104,34,0,34,138
03/26/2001,ACT,TX,ASW,CE,Towers with Radar,0,27,22,4,53,0,0,53,0,53,0,27,75,4,106,50,28,78,184
03/27/2001,ACT,TX,ASW,CE,Towers with Radar,0,19,28,4,51,0,5,5,0,10,0,24,33,4,61,22,0,22,83
03/28/2001,ACT,TX,ASW,CE,Towers with Radar,0,23,26,2,51,0,2,5,0,7,0,25,31,2,58,0,0,0,58
03/29/2001,ACT,TX,ASW,CE,Towers with Radar,0,29,27,7,63,0,10,39,8,57,0,39,66,15,120,44,0,44,164
03/30/2001,ACT,TX,ASW,CE,Towers with Radar,0,30,53,5,88,0,11,52,1,64,0,41,105,6,152,14,0,14,166
03/31/2001,ACT,TX,ASW,CE,Towers with Radar,0,18,45,0,63,0,7,74,0,81,0,25,119,0,144,66,0,66,210
04/01/2001,ACT,TX,ASW,CE,Towers with Radar,0,27,27,4,58,0,0,40,4,44,0,27,67,8,102,20,4,24,126
04/02/2001,ACT,TX,ASW,CE,Towers with Radar,0,29,36,8,73,0,9,14,18,41,0,38,50,26,114,24,2,26,140
04/03/2001,ACT,TX,ASW,CE,Towers with Radar,0,42,48,16,106,0,14,23,6,43,0,56,71,22,149,34,36,70,219
04/04/2001,ACT,TX,ASW,CE,Towers with Radar,0,30,57,7,94,0,18,31,0,49,0,48,88,7,143,42,0,42,185
04/05/2001,ACT,TX,ASW,CE,Towers with Radar,0,37,47,5,89,0,18,34,3,55,0,55,81,8,144,40,10,50,194
04/06/2001,ACT,TX,ASW,CE,Towers with Radar,0,25,41,14,80,0,15,20,0,35,0,40,61,14,115,8,12,20,135
04/07/2001,ACT,TX,ASW,CE,Towers with Radar,0,15,31,8,54,0,5,55,9,69,0,20,86,17,123,80,4,84,207
04/08/2001,ACT,TX,ASW,CE,Towers with Radar,0,16,20,0,36,0,0,37,2,39,0,16,57,2,75,50,0,50,125
04/09/2001,ACT,TX,ASW,CE,Towers with Radar,0,27,33,0,60,0,7,46,0,53,0,34,79,0,113,22,0,22,135
04/10/2001,ACT,TX,ASW,CE,Towers with Radar,0,28,37,0,65,0,2,28,4,34,0,30,65,4,99,30,0,30,129
04/11/2001,ACT,TX,ASW,CE,Towers with Radar,0,26,37,9,72,0,17,38,0,55,0,43,75,9,127,64,0,64,191
04/12/2001,ACT,TX,ASW,CE,Towers with Radar,4,32,49,5,90,0,14,39,1,54,4,46,88,6,144,6,4,10,154
04/13/2001,ACT,TX,ASW,CE,Towers with Radar,0,34,28,5,67,0,8,15,1,24,0,42,43,6,91,38,0,38,129
04/14/2001,ACT,TX,ASW,CE,Towers with Radar,0,21,21,0,42,0,5,36,0,41,0,26,57,0,83,36,0,36,119
04/15/2001,ACT,TX,ASW,CE,Towers with Radar,5,18,5,2,30,0,1,36,5,42,5,19,41,7,72,26,40,66,138
04/16/2001,ACT,TX,ASW,CE,Towers with Radar,0,26,33,0,59,0,6,87,0,93,0,32,120,0,152,88,0,88,240
04/17/2001,ACT,TX,ASW,CE,Towers with Radar,0,29,26,2,57,0,36,21,2,59,0,65,47,4,116,12,0,12,128
04/18/2001,ACT,TX,ASW,CE,Towers with Radar,0,26,36,7,69,0,23,101,12,136,0,49,137,19,205,40,16,56,261
04/19/2001,ACT,TX,ASW,CE,Towers with Radar,2,28,55,11,96,0,0,33,8,41,2,28,88,19,137,32,6,38,175
04/20/2001,ACT,TX,ASW,CE,Towers with Radar,0,30,45,7,82,0,6,24,4,34,0,36,69,11,116,16,4,20,136
04/21/2001,ACT,TX,ASW,CE,Towers with Radar,0,22,28,6,56,0,5,45,0,50,0,27,73,6,106,22,6,28,134
04/22/2001,ACT,TX,ASW,CE,Towers with Radar,0,19,13,0,32,0,2,10,0,12,0,21,23,0,44,0,0,0,44
04/23/2001,ACT,TX,ASW,CE,Towers with Radar,0,27,31,4,62,0,4,16,3,23,0,31,47,7,85,20,0,20,105
04/24/2001,ACT,TX,ASW,CE,Towers with Radar,0,24,35,14,73,0,1,75,8,84,0,25,110,22,157,34,0,34,191
04/25/2001,ACT,TX,ASW,CE,Towers with Radar,1,23,37,10,71,0,0,90,0,90,1,23,127,10,161,78,6,84,245
04/26/2001,ACT,TX,ASW,CE,Towers with Radar,1,29,31,6,67,0,5,62,13,80,1,34,93,19,147,54,2,56,203
04/27/2001,ACT,TX,ASW,CE,Towers with Radar,1,25,23,3,52,0,0,92,13,105,1,25,115,16,157,48,8,56,213
04/28/2001,ACT,TX,ASW,CE,Towers with Radar,2,15,12,23,52,0,1,108,16,125,2,16,120,39,177,42,4,46,223
04/29/2001,ACT,TX,ASW,CE,Towers with Radar,0,20,14,4,38,0,1,59,4,64,0,21,73,8,102,64,6,70,172
04/30/2001,ACT,TX,ASW,CE,Towers with Radar,0,21,58,2,81,0,8,62,2,72,0,29,120,4,153,100,0,100,253
05/01/2001,ACT,TX,ASW,CE,Towers with Radar,0,30,42,7,79,0,6,60,1,67,0,36,102,8,146,64,0,64,210
05/02/2001,ACT,TX,ASW,CE,Towers with Radar,0,29,35,0,64,0,18,80,0,98,0,47,115,0,162,48,0,48,210
05/03/2001,ACT,TX,ASW,CE,Towers with Radar,0,25,46,0,71,0,11,75,0,86,0,36,121,0,157,26,0,26,183
05/04/2001,ACT,TX,ASW,CE,Towers with Radar,0,29,38,10,77,0,6,17,0,23,0,35,55,10,100,0,10,10,110
05/05/2001,ACT,TX,ASW,CE,Towers with Radar,0,15,15,4,34,0,0,13,4,17,0,15,28,8,51,4,1,5,56
05/06/2001,ACT,TX,ASW,CE,Towers with Radar,0,21,36,5,62,0,1,11,0,12,0,22,47,5,74,6,0,6,80
05/07/2001,ACT,TX,ASW,CE,Towers with Radar,0,18,28,0,46,0,19,46,0,65,0,37,74,0,111,42,0,42,153
05/08/2001,ACT,TX,ASW,CE,Towers with Radar,0,22,43,9,74,0,0,59,9,68,0,22,102,18,142,12,12,24,166
05/09/2001,ACT,TX,ASW,CE,Towers with Radar,0,30,58,10,98,0,10,79,7,96,0,40,137,17,194,54,8,62,256
05/10/2001,ACT,TX,ASW,CE,Towers with Radar,0,24,42,5,71,0,5,72,3,80,0,29,114,8,151,72,24,96,247
05/11/2001,ACT,TX,ASW,CE,Towers with Radar,0,24,46,8,78,0,12,45,0,57,0,36,91,8,135,12,0,12,147
05/12/2001,ACT,TX,ASW,CE,Towers with Radar,0,26,14,2,42,0,0,41,0,41,0,26,55,2,83,30,6,36,119
05/13/2001,ACT,TX,ASW,CE,Towers with Radar,0,21,9,3,33,0,4,55,1,60,0,25,64,4,93,16,0,16,109
05/14/2001,ACT,TX,ASW,CE,Towers with Radar,0,29,28,7,64,0,25,48,1,74,0,54,76,8,138,18,8,26,164
05/15/2001,ACT,TX,ASW,CE,Towers with Radar,2,45,11,10,68,0,12,62,9,83,2,57,73,19,151,38,0,38,189
05/16/2001,ACT,TX,ASW,CE,Towers with Radar,0,34,47,5,86,0,31,41,0,72,0,65,88,5,158,28,8,36,194
05/17/2001,ACT,TX,ASW,CE,Towers with Radar,0,31,27,7,65,0,20,57,11,88,0,51,84,18,153,38,6,44,197
05/18/2001,ACT,TX,ASW,CE,Towers with Radar,0,32,38,7,77,2,8,55,8,73,2,40,93,15,150,14,8,22,172
05/19/2001,ACT,TX,ASW,CE,Towers with Radar,0,15,41,5,61,0,7,23,0,30,0,22,64,5,91,38,4,42,133
05/20/2001,ACT,TX,ASW,CE,Towers with Radar,0,18,22,2,42,0,0,27,0,27,0,18,49,2,69,12,0,12,81
05/21/2001,ACT,TX,ASW,CE,Towers with Radar,0,24,34,4,62,0,12,19,3,34,0,36,53,7,96,10,0,10,106
05/22/2001,ACT,TX,ASW,CE,Towers with Radar,0,23,28,17,68,0,15,104,6,125,0,38,132,23,193,50,10,60,253
05/23/2001,ACT,TX,ASW,CE,Towers with Radar,0,29,35,3,67,0,16,105,0,121,0,45,140,3,188,60,0,60,248
05/24/2001,ACT,TX,ASW,CE,Towers with Radar,0,23,30,16,69,0,15,119,3,137,0,38,149,19,206,58,4,62,268
05/25/2001,ACT,TX,ASW,CE,Towers with Radar,0,23,17,0,40,0,5,66,3,74,0,28,83,3,114,56,0,56,170
05/26/2001,ACT,TX,ASW,CE,Towers with Radar,0,11,11,0,22,0,0,38,0,38,0,11,49,0,60,32,0,32,92
05/27/2001,ACT,TX,ASW,CE,Towers with Radar,0,12,14,0,26,0,2,65,0,67,0,14,79,0,93,30,0,30,123
05/28/2001,ACT,TX,ASW,CE,Towers with Radar,0,19,17,0,36,0,3,40,0,43,0,22,57,0,79,26,0,26,105
05/29/2001,ACT,TX,ASW,CE,Towers with Radar,0,27,29,3,59,0,3,20,3,26,0,30,49,6,85,27,0,27,112
05/30/2001,ACT,TX,ASW,CE,Towers with Radar,0,41,30,8,79,0,29,81,2,112,0,70,111,10,191,28,2,30,221
05/31/2001,ACT,TX,ASW,CE,Towers with Radar,0,36,39,20,95,0,21,98,11,130,0,57,137,31,225,74,0,74,299
06/01/2001,ACT,TX,ASW,CE,Towers with Radar,0,0,14,13,27,0,50,66,7,123,0,50,80,20,150,36,4,40,190
06/02/2001,ACT,TX,ASW,CE,Towers with Radar,0,0,34,37,71,0,21,116,29,166,0,21,150,66,237,48,16,64,301
06/03/2001,ACT,TX,ASW,CE,Towers with Radar,0,0,17,17,34,0,28,41,23,92,0,28,58,40,126,20,0,20,146
06/04/2001,ACT,TX,ASW,CE,Towers with Radar,0,0,36,14,50,0,42,27,0,69,0,42,63,14,119,14,4,18,137
06/05/2001,ACT,TX,ASW,CE,Towers with Radar,0,0,31,9,40,0,30,45,3,78,0,30,76,12,118,30,0,30,148
06/06/2001,ACT,TX,ASW,CE,Towers with Radar,0,24,46,11,81,1,8,78,0,87,1,32,124,11,168,28,0,28,196
06/07/2001,ACT,TX,ASW,CE,Towers with Radar,0,33,36,8,77,0,11,42,2,55,0,44,78,10,132,58,0,58,190
06/08/2001,ACT,TX,ASW,CE,Towers with Radar,0,27,26,6,59,1,6,33,5,45,1,33,59,11,104,16,0,16,120
06/09/2001,ACT,TX,ASW,CE,Towers with Radar,0,0,21,18,39,0,17,49,8,74,0,17,70,26,113,28,2,30,143
06/10/2001,ACT,TX,ASW,CE,Towers with Radar,0,11,24,6,41,1,8,56,4,69,1,19,80,10,110,16,0,16,126
06/11/2001,ACT,TX,ASW,CE,Towers with Radar,0,0,19,2,21,0,25,52,2,79,0,25,71,4,100,16,0,16,116
06/12/2001,ACT,TX,ASW,CE,Towers with Radar,0,32,31,7,70,0,0,75,3,78,0,32,106,10,148,58,14,72,220
06/13/2001,ACT,TX,ASW,CE,Towers with Radar,0,47,17,13,77,0,0,74,1,75,0,47,91,14,152,16,16,32,184
06/14/2001,ACT,TX,ASW,CE,Towers with Radar,0,31,35,6,72,1,2,29,0,32,1,33,64,6,104,24,6,30,134
06/15/2001,ACT,TX,ASW,CE,Towers with Radar,0,26,47,35,108,3,5,59,38,105,3,31,106,73,213,36,36,72,285
06/16/2001,ACT,TX,ASW,CE,Towers with Radar,0,0,28,16,44,0,20,93,6,119,0,20,121,22,163,64,2,66,229
06/17/2001,ACT,TX,ASW,CE,Towers with Radar,0,0,17,5,22,0,19,67,1,87,0,19,84,6,109,28,0,28,137
06/18/2001,ACT,TX,ASW,CE,Towers with Radar,0,7,26,6,39,0,22,48,2,72,0,29,74,8,111,18,2,20,131
06/19/2001,ACT,TX,ASW,CE,Towers with Radar,0,28,24,6,58,0,0,44,0,44,0,28,68,6,102,26,0,26,128
06/20/2001,ACT,TX,ASW,CE,Towers with Radar,0,35,34,8,77,0,0,70,4,74,0,35,104,12,151,51,0,51,202
06/21/2001,ACT,TX,ASW,CE,Towers with Radar,0,29,21,5,55,3,0,59,1,63,3,29,80,6,118,16,0,16,134
06/22/2001,ACT,TX,ASW,CE,Towers with Radar,0,31,34,19,84,1,7,56,16,80,1,38,90,35,164,62,10,72,236
06/23/2001,ACT,TX,ASW,CE,Towers with Radar,0,0,18,4,22,0,28,65,2,95,0,28,83,6,117,70,0,70,187
06/24/2001,ACT,TX,ASW,CE,Towers with Radar,0,0,16,0,16,0,30,74,0,104,0,30,90,0,120,18,0,18,138
06/25/2001,ACT,TX,ASW,CE,Towers with Radar,0,11,14,14,39,2,17,43,6,68,2,28,57,20,107,42,0,42,149
06/26/2001,ACT,TX,ASW,CE,Towers with Radar,2,27,29,24,82,0,3,43,19,65,2,30,72,43,147,72,38,110,257
06/27/2001,ACT,TX,ASW,CE,Towers with Radar,0,67,23,11,101,0,0,75,2,77,0,67,98,13,178,36,38,74,252
06/28/2001,ACT,TX,ASW,CE,Towers with Radar,0,35,30,9,74,0,0,75,8,83,0,35,105,17,157,54,8,62,219
06/29/2001,ACT,TX,ASW,CE,Towers with Radar,0,39,43,3,85,2,5,53,9,69,2,44,96,12,154,12,0,12,166
06/30/2001,ACT,TX,ASW,CE,Towers with Radar,0,0,17,6,23,2,23,37,0,62,2,23,54,6,85,28,16,44,129
07/01/2001,ACT,TX,ASW,CE,Towers with Radar,0,16,12,0,28,0,2,22,0,24,0,18,34,0,52,36,0,36,88
07/02/2001,ACT,TX,ASW,CE,Towers with Radar,0,34,41,4,79,0,16,54,6,76,0,50,95,10,155,48,0,48,203
07/03/2001,ACT,TX,ASW,CE,Towers with Radar,0,12,11,4,27,0,18,82,12,112,0,30,93,16,139,56,14,70,209
07/04/2001,ACT,TX,ASW,CE,Towers with Radar,0,15,23,0,38,0,0,79,0,79,0,15,102,0,117,30,0,30,147
07/05/2001,ACT,TX,ASW,CE,Towers with Radar,0,21,39,1,61,0,16,80,1,97,0,37,119,2,158,60,4,64,222
07/06/2001,ACT,TX,ASW,CE,Towers with Radar,0,19,17,0,36,0,13,105,3,121,0,32,122,3,157,34,0,34,191
07/07/2001,ACT,TX,ASW,CE,Towers with Radar,0,16,13,0,29,0,0,83,0,83,0,16,96,0,112,26,0,26,138
07/08/2001,ACT,TX,ASW,CE,Towers with Radar,0,17,11,7,35,0,0,65,3,68,0,17,76,10,103,24,8,32,135
07/09/2001,ACT,TX,ASW,CE,Towers with Radar,0,20,18,6,44,0,4,95,0,99,0,24,113,6,143,34,2,36,179
07/10/2001,ACT,TX,ASW,CE,Towers with Radar,0,28,41,3,72,0,12,88,3,103,0,40,129,6,175,54,0,54,229
07/11/2001,ACT,TX,ASW,CE,Towers with Radar,0,32,26,5,63,0,14,114,3,131,0,46,140,8,194,76,8,84,278
07/12/2001,ACT,TX,ASW,CE,Towers with Radar,0,30,27,9,66,0,17,65,7,89,0,47,92,16,155,12,6,18,173
07/13/2001,ACT,TX,ASW,CE,Towers with Radar,0,28,29,15,72,0,8,96,16,120,0,36,125,31,192,18,30,48,240
07/14/2001,ACT,TX,ASW,CE,Towers with Radar,0,18,13,17,48,0,2,56,3,61,0,20,69,20,109,38,4,42,151
07/15/2001,ACT,TX,ASW,CE,Towers with Radar,0,15,20,6,41,0,3,50,7,60,0,18,70,13,101,0,0,0,101
07/16/2001,ACT,TX,ASW,CE,Towers with Radar,0,23,31,11,65,0,8,84,8,100,0,31,115,19,165,60,8,68,233
07/17/2001,ACT,TX,ASW,CE,Towers with Radar,0,25,15,2,42,0,2,82,3,87,0,27,97,5,129,50,2,52,181
07/18/2001,ACT,TX,ASW,CE,Towers with Radar,0,22,44,6,72,0,1,88,0,89,0,23,132,6,161,66,2,68,229
07/19/2001,ACT,TX,ASW,CE,Towers with Radar,0,20,31,13,64,0,17,79,4,100,0,37,110,17,164,32,0,32,196
07/20/2001,ACT,TX,ASW,CE,Towers with Radar,2,17,30,31,80,0,4,78,6,88,2,21,108,37,168,32,26,58,226
07/21/2001,ACT,TX,ASW,CE,Towers with Radar,0,16,5,18,39,0,0,88,0,88,0,16,93,18,127,32,2,34,161
07/22/2001,ACT,TX,ASW,CE,Towers with Radar,0,16,8,6,30,0,0,56,3,59,0,16,64,9,89,30,2,32,121
07/23/2001,ACT,TX,ASW,CE,Towers with Radar,0,23,18,5,46,0,12,55,4,71,0,35,73,9,117,12,0,12,129
07/24/2001,ACT,TX,ASW,CE,Towers with Radar,0,38,17,9,64,0,32,62,4,98,0,70,79,13,162,20,4,24,186
07/25/2001,ACT,TX,ASW,CE,Towers with Radar,0,30,33,12,75,0,14,79,7,100,0,44,112,19,175,42,20,62,237
07/26/2001,ACT,TX,ASW,CE,Towers with Radar,0,51,23,20,94,0,7,58,27,92,0,58,81,47,186,32,8,40,226
07/27/2001,ACT,TX,ASW,CE,Towers with Radar,0,29,32,17,78,0,19,80,4,103,0,48,112,21,181,36,14,50,231
07/28/2001,ACT,TX,ASW,CE,Towers with Radar,0,34,12,40,86,0,3,52,0,55,0,37,64,40,141,74,18,92,233
07/29/2001,ACT,TX,ASW,CE,Towers with Radar,0,25,9,3,37,0,19,80,0,99,0,44,89,3,136,40,0,40,176
07/30/2001,ACT,TX,ASW,CE,Towers with Radar,0,23,32,16,71,0,12,84,0,96,0,35,116,16,167,40,38,78,245
07/31/2001,ACT,TX,ASW,CE,Towers with Radar,0,22,53,27,102,0,3,99,9,111,0,25,152,36,213,72,6,78,291
08/01/2001,ACT,TX,ASW,CE,Towers with Radar,0,30,20,18,68,0,0,101,0,101,0,30,121,18,169,86,0,86,255
08/02/2001,ACT,TX,ASW,CE,Towers with Radar,0,33,0,2,35,0,0,94,2,96,0,33,94,4,131,50,0,50,181
08/03/2001,ACT,TX,ASW,CE,Towers with Radar,0,25,16,15,56,0,0,95,3,98,0,25,111,18,154,36,0,36,190
08/04/2001,ACT,TX,ASW,CE,Towers with Radar,2,22,3,14,41,0,0,85,16,101,2,22,88,30,142,38,0,38,180
08/05/2001,ACT,TX,ASW,CE,Towers with Radar,0,17,1,0,18,0,0,58,0,58,0,17,59,0,76,16,0,16,92
08/06/2001,ACT,TX,ASW,CE,Towers with Radar,0,24,0,3,27,0,0,78,3,81,0,24,78,6,108,28,2,30,138
08/07/2001,ACT,TX,ASW,CE,Towers with Radar,0,39,2,4,45,0,0,93,5,98,0,39,95,9,143,54,14,68,211
08/08/2001,ACT,TX,ASW,CE,Towers with Radar,0,48,6,15,69,0,6,113,0,119,0,54,119,15,188,116,4,120,308
08/09/2001,ACT,TX,ASW,CE,Towers with Radar,0,38,10,13,61,0,0,114,5,119,0,38,124,18,180,76,15,91,271
08/10/2001,ACT,TX,ASW,CE,Towers with Radar,4,31,8,27,70,0,0,84,20,104,4,31,92,47,174,48,52,100,274
08/11/2001,ACT,TX,ASW,CE,Towers with Radar,4,24,14,17,59,0,0,75,0,75,4,24,89,17,134,60,0,60,194
08/12/2001,ACT,TX,ASW,CE,Towers with Radar,0,14,19,1,34,0,8,51,2,61,0,22,70,3,95,24,8,32,127
08/13/2001,ACT,TX,ASW,CE,Towers with Radar,0,14,28,22,64,0,13,60,18,91,0,27,88,40,155,18,22,40,195
08/14/2001,ACT,TX,ASW,CE,Towers with Radar,1,14,42,1,58,1,13,77,6,97,2,27,119,7,155,58,0,58,213
08/15/2001,ACT,TX,ASW,CE,Towers with Radar,1,16,42,39,98,4,20,70,10,104,5,36,112,49,202,42,18,60,262
08/16/2001,ACT,TX,ASW,CE,Towers with Radar,1,17,30,10,58,3,25,66,7,101,4,42,96,17,159,42,10,52,211
08/17/2001,ACT,TX,ASW,CE,Towers with Radar,0,14,40,32,86,0,17,41,2,60,0,31,81,34,146,44,44,88,234
08/18/2001,ACT,TX,ASW,CE,Towers with Radar,0,14,20,1,35,0,4,32,4,40,0,18,52,5,75,16,0,16,91
08/19/2001,ACT,TX,ASW,CE,Towers with Radar,1,14,15,1,31,1,5,53,3,62,2,19,68,4,93,24,0,24,117
08/20/2001,ACT,TX,ASW,CE,Towers with Radar,1,14,39,8,62,0,16,57,5,78,1,30,96,13,140,42,4,46,186
08/21/2001,ACT,TX,ASW,CE,Towers with Radar,1,20,47,14,82,1,18,55,9,83,2,38,102,23,165,60,0,60,225
08/22/2001,ACT,TX,ASW,CE,Towers with Radar,1,23,37,15,76,1,37,34,6,78,2,60,71,21,154,58,22,80,234
08/23/2001,ACT,TX,ASW,CE,Towers with Radar,0,25,26,16,67,0,39,71,0,110,0,64,97,16,177,38,0,38,215
08/24/2001,ACT,TX,ASW,CE,Towers with Radar,0,24,45,21,90,0,28,60,7,95,0,52,105,28,185,74,26,100,285
08/25/2001,ACT,TX,ASW,CE,Towers with Radar,0,14,32,0,46,0,9,48,2,59,0,23,80,2,105,38,18,56,161
08/26/2001,ACT,TX,ASW,CE,Towers with Radar,1,14,25,0,40,1,12,8,6,27,2,26,33,6,67,8,0,8,75
08/27/2001,ACT,TX,ASW,CE,Towers with Radar,1,24,50,9,84,0,14,21,1,36,1,38,71,10,120,6,0,6,126
08/28/2001,ACT,TX,ASW,CE,Towers with Radar,1,14,16,0,31,1,10,0,0,11,2,24,16,0,42,0,0,0,42
08/29/2001,ACT,TX,ASW,CE,Towers with Radar,0,14,62,4,80,0,12,3,9,24,0,26,65,13,104,2,0,2,106
08/30/2001,ACT,TX,ASW,CE,Towers with Radar,1,14,41,3,59,2,10,0,0,12,3,24,41,3,71,2,0,2,73
08/31/2001,ACT,TX,ASW,CE,Towers with Radar,1,18,80,0,99,3,9,7,0,19,4,27,87,0,118,4,0,4,122
09/01/2001,ACT,TX,ASW,CE,Towers with Radar,0,15,35,0,50,0,0,13,0,13,0,15,48,0,63,2,0,2,65
09/02/2001,ACT,TX,ASW,CE,Towers with Radar,1,27,27,0,55,0,7,39,0,46,1,34,66,0,101,49,0,49,150
09/03/2001,ACT,TX,ASW,CE,Towers with Radar,0,15,13,4,32,0,5,26,5,36,0,20,39,9,68,2,10,12,80
09/04/2001,ACT,TX,ASW,CE,Towers with Radar,0,26,39,0,65,0,1,16,0,17,0,27,55,0,82,8,0,8,90
09/05/2001,ACT,TX,ASW,CE,Towers with Radar,2,31,22,3,58,0,5,25,4,34,2,36,47,7,92,26,6,32,124
09/06/2001,ACT,TX,ASW,CE,Towers with Radar,0,41,42,15,98,0,12,37,2,51,0,53,79,17,149,56,4,60,209
09/07/2001,ACT,TX,ASW,CE,Towers with Radar,1,27,42,15,85,0,12,36,7,55,1,39,78,22,140,67,2,69,209
09/08/2001,ACT,TX,ASW,CE,Towers with Radar,0,16,35,15,66,0,1,38,0,39,0,17,73,15,105,36,17,53,158
09/09/2001,ACT,TX,ASW,CE,Towers with Radar,1,21,36,0,58,0,1,12,0,13,1,22,48,0,71,0,0,0,71
09/10/2001,ACT,TX,ASW,CE,Towers with Radar,0,22,29,18,69,0,4,74,1,79,0,26,103,19,148,38,12,50,198
09/11/2001,ACT,TX,ASW,CE,Towers with Radar,0,9,4,0,13,6,3,0,0,9,6,12,4,0,22,12,0,12,34
09/12/2001,ACT,TX,ASW,CE,Towers with Radar,0,0,1,0,1,0,0,0,0,0,0,0,1,0,1,0,0,0,1
09/13/2001,ACT,TX,ASW,CE,Towers with Radar,0,5,0,0,5,0,0,0,0,0,0,5,0,0,5,0,0,0,5
09/14/2001,ACT,TX,ASW,CE,Towers with Radar,0,29,7,5,41,0,4,1,5,10,0,33,8,10,51,0,14,14,65
09/15/2001,ACT,TX,ASW,CE,Towers with Radar,0,18,22,11,51,0,0,0,2,2,0,18,22,13,53,0,4,4,57
09/16/2001,ACT,TX,ASW,CE,Towers with Radar,0,20,19,12,51,0,0,0,0,0,0,20,19,12,51,12,0,12,63
09/17/2001,ACT,TX,ASW,CE,Towers with Radar,0,32,48,0,80,0,0,0,0,0,0,32,48,0,80,0,0,0,80
09/18/2001,ACT,TX,ASW,CE,Towers with Radar,6,40,77,0,123,0,1,4,0,5,6,41,81,0,128,0,0,0,128
09/19/2001,ACT,TX,ASW,CE,Towers with Radar,0,37,65,3,105,0,1,9,3,13,0,38,74,6,118,0,0,0,118
09/20/2001,ACT,TX,ASW,CE,Towers with Radar,0,37,72,7,116,0,1,44,3,48,0,38,116,10,164,8,0,8,172
09/21/2001,ACT,TX,ASW,CE,Towers with Radar,4,31,74,4,113,2,0,33,1,36,6,31,107,5,149,2,26,28,177
09/22/2001,ACT,TX,ASW,CE,Towers with Radar,1,14,49,6,70,1,0,27,1,29,2,14,76,7,99,2,0,2,101
09/23/2001,ACT,TX,ASW,CE,Towers with Radar,3,23,40,3,69,0,5,36,13,54,3,28,76,16,123,28,20,48,171
09/24/2001,ACT,TX,ASW,CE,Towers with Radar,0,22,87,0,109,0,12,54,0,66,0,34,141,0,175,18,0,18,193
09/25/2001,ACT,TX,ASW,CE,Towers with Radar,0,18,59,19,96,6,16,63,2,87,6,34,122,21,183,42,4,46,229
09/26/2001,ACT,TX,ASW,CE,Towers with Radar,0,25,70,6,101,0,6,36,6,48,0,31,106,12,149,34,0,34,183
09/27/2001,ACT,TX,ASW,CE,Towers with Radar,0,24,66,16,106,0,0,41,13,54,0,24,107,29,160,24,24,48,208
09/28/2001,ACT,TX,ASW,CE,Towers with Radar,1,19,60,4,84,0,12,93,1,106,1,31,153,5,190,76,0,76,266
09/29/2001,ACT,TX,ASW,CE,Towers with Radar,2,15,32,0,49,0,1,59,0,60,2,16,91,0,109,32,0,32,141
09/30/2001,ACT,TX,ASW,CE,Towers with Radar,0,15,41,0,56,0,0,48,0,48,0,15,89,0,104,28,0,28,132
10/01/2001,ACT,TX,ASW,CE,Towers with Radar,0,28,33,2,63,0,16,39,0,55,0,44,72,2,118,36,4,40,158
10/02/2001,ACT,TX,ASW,CE,Towers with Radar,1,18,50,11,80,0,11,73,8,92,1,29,123,19,172,54,16,70,242
10/03/2001,ACT,TX,ASW,CE,Towers with Radar,0,14,41,24,79,0,12,48,5,65,0,26,89,29,144,14,10,24,168
10/04/2001,ACT,TX,ASW,CE,Towers with Radar,0,15,37,4,56,0,16,37,1,54,0,31,74,5,110,18,12,30,140
10/05/2001,ACT,TX,ASW,CE,Towers with Radar,0,15,20,7,42,0,8,6,0,14,0,23,26,7,56,6,4,10,66
10/06/2001,ACT,TX,ASW,CE,Towers with Radar,0,15,21,1,37,0,0,30,2,32,0,15,51,3,69,12,0,12,81
10/07/2001,ACT,TX,ASW,CE,Towers with Radar,0,9,27,0,36,0,0,44,0,44,0,9,71,0,80,20,0,20,100
10/08/2001,ACT,TX,ASW,CE,Towers with Radar,0,15,35,0,50,0,0,74,0,74,0,15,109,0,124,38,0,38,162
10/09/2001,ACT,TX,ASW,CE,Towers with Radar,0,14,28,0,42,0,1,10,0,11,0,15,38,0,53,2,0,2,55
10/10/2001,ACT,TX,ASW,CE,Towers with Radar,1,11,39,11,62,0,4,36,0,40,1,15,75,11,102,8,0,8,110
10/11/2001,ACT,TX,ASW,CE,Towers with Radar,1,21,34,4,60,0,8,12,5,25,1,29,46,9,85,10,0,10,95
10/12/2001,ACT,TX,ASW,CE,Towers with Radar,0,23,28,9,60,1,2,0,5,8,1,25,28,14,68,0,0,0,68
10/13/2001,ACT,TX,ASW,CE,Towers with Radar,1,11,53,0,65,0,4,44,0,48,1,15,97,0,113,28,0,28,141
10/14/2001,ACT,TX,ASW,CE,Towers with Radar,0,13,45,4,62,0,3,87,3,93,0,16,132,7,155,44,4,48,203
10/15/2001,ACT,TX,ASW,CE,Towers with Radar,0,12,39,17,68,0,12,41,7,60,0,24,80,24,128,14,0,14,142
10/16/2001,ACT,TX,ASW,CE,Towers with Radar,1,14,45,5,65,4,15,77,1,97,5,29,122,6,162,26,4,30,192
10/17/2001,ACT,TX,ASW,CE,Towers with Radar,0,16,31,8,55,0,0,91,4,95,0,16,122,12,150,44,0,44,194
10/18/2001,ACT,TX,ASW,CE,Towers with Radar,0,18,60,13,91,0,3,70,12,85,0,21,130,25,176,14,8,22,198
10/19/2001,ACT,TX,ASW,CE,Towers with Radar,0,16,47,11,74,0,3,93,8,104,0,19,140,19,178,28,20,48,226
10/20/2001,ACT,TX,ASW,CE,Towers with Radar,0,12,28,0,40,0,1,97,0,98,0,13,125,0,138,0,0,0,138
10/21/2001,ACT,TX,ASW,CE,Towers with Radar,0,14,52,7,73,0,1,35,1,37,0,15,87,8,110,14,0,14,124
10/22/2001,ACT,TX,ASW,CE,Towers with Radar,1,18,33,0,52,0,2,33,1,36,1,20,66,1,88,12,0,12,100
10/23/2001,ACT,TX,ASW,CE,Towers with Radar,0,15,38,5,58,0,5,36,0,41,0,20,74,5,99,22,8,30,129
10/24/2001,ACT,TX,ASW,CE,Towers with Radar,0,14,26,14,54,0,16,37,3,56,0,30,63,17,110,14,0,14,124
10/25/2001,ACT,TX,ASW,CE,Towers with Radar,0,16,38,11,65,0,16,67,3,86,0,32,105,14,151,32,0,32,183
10/26/2001,ACT,TX,ASW,CE,Towers with Radar,2,16,52,9,79,0,7,87,1,95,2,23,139,10,174,22,0,22,196
10/27/2001,ACT,TX,ASW,CE,Towers with Radar,4,13,23,3,43,0,2,80,1,83,4,15,103,4,126,2,0,2,128
10/28/2001,ACT,TX,ASW,CE,Towers with Radar,0,14,23,5,42,0,5,89,4,98,0,19,112,9,140,38,0,38,178
10/29/2001,ACT,TX,ASW,CE,Towers with Radar,0,14,23,4,41,0,7,44,2,53,0,21,67,6,94,26,0,26,120
10/30/2001,ACT,TX,ASW,CE,Towers with Radar,2,15,38,13,68,0,7,48,3,58,2,22,86,16,126,38,0,38,164
10/31/2001,ACT,TX,ASW,CE,Towers with Radar,0,18,33,3,54,0,8,57,1,66,0,26,90,4,120,30,0,30,150
11/01/2001,ACT,TX,ASW,CE,Towers with Radar,0,0,29,18,47,0,23,42,6,71,0,23,71,24,118,6,0,6,124
11/02/2001,ACT,TX,ASW,CE,Towers with Radar,0,0,30,21,51,2,28,50,3,83,2,28,80,24,134,26,14,40,174
11/03/2001,ACT,TX,ASW,CE,Towers with Radar,0,0,37,8,45,0,15,68,4,87,0,15,105,12,132,32,0,32,164
11/04/2001,ACT,TX,ASW,CE,Towers with Radar,0,0,28,0,28,0,15,83,0,98,0,15,111,0,126,46,0,46,172
11/05/2001,ACT,TX,ASW,CE,Towers with Radar,0,0,54,2,56,0,29,47,0,76,0,29,101,2,132,34,0,34,166
11/06/2001,ACT,TX,ASW,CE,Towers with Radar,0,0,26,4,30,0,43,51,0,94,0,43,77,4,124,28,0,28,152
11/07/2001,ACT,TX,ASW,CE,Towers with Radar,0,0,30,7,37,0,35,47,2,84,0,35,77,9,121,38,0,38,159
11/08/2001,ACT,TX,ASW,CE,Towers with Radar,0,0,43,5,48,1,21,60,6,88,1,21,103,11,136,20,0,20,156
11/09/2001,ACT,TX,ASW,CE,Towers with Radar,0,0,41,1,42,1,19,3,0,23,1,19,44,1,65,16,0,16,81
11/10/2001,ACT,TX,ASW,CE,Towers with Radar,0,0,24,0,24,2,14,86,0,102,2,14,110,0,126,44,0,44,170
11/11/2001,ACT,TX,ASW,CE,Towers with Radar,0,0,19,0,19,0,17,11,0,28,0,17,30,0,47,0,0,0,47
11/12/2001,ACT,TX,ASW,CE,Towers with Radar,0,0,18,4,22,0,20,7,6,33,0,20,25,10,55,0,0,0,55
11/13/2001,ACT,TX,ASW,CE,Towers with Radar,0,0,36,7,43,0,37,22,5,64,0,37,58,12,107,8,0,8,115
11/14/2001,ACT,TX,ASW,CE,Towers with Radar,0,0,41,5,46,4,26,2,0,32,4,26,43,5,78,0,0,0,78
11/15/2001,ACT,TX,ASW,CE,Towers with Radar,0,0,22,3,25,0,15,0,4,19,0,15,22,7,44,0,0,0,44
11/16/2001,ACT,TX,ASW,CE,Towers with Radar,0,0,31,4,35,1,22,10,0,33,1,22,41,4,68,16,0,16,84
11/17/2001,ACT,TX,ASW,CE,Towers with Radar,0,0,40,1,41,1,14,48,1,64,1,14,88,2,105,0,2,2,107
11/18/2001,ACT,TX,ASW,CE,Towers with Radar,0,0,25,9,34,2,18,20,2,42,2,18,45,11,76,12,24,36,112
11/19/2001,ACT,TX,ASW,CE,Towers with Radar,0,0,25,3,28,0,16,13,1,30,0,16,38,4,58,0,0,0,58
11/20/2001,ACT,TX,ASW,CE,Towers with Radar,0,0,49,6,55,0,20,69,2,91,0,20,118,8,146,24,10,34,180
11/21/2001,ACT,TX,ASW,CE,Towers with Radar,0,0,16,0,16,0,21,45,0,66,0,21,61,0,82,20,0,20,102
11/22/2001,ACT,TX,ASW,CE,Towers with Radar,0,0,0,0,0,0,13,24,0,37,0,13,24,0,37,0,0,0,37
11/23/2001,ACT,TX,ASW,CE,Towers with Radar,0,0,13,0,13,2,12,29,0,43,2,12,42,0,56,4,0,4,60
11/24/2001,ACT,TX,ASW,CE,Towers with Radar,0,0,23,0,23,2,12,32,0,46,2,12,55,0,69,0,0,0,69
11/25/2001,ACT,TX,ASW,CE,Towers with Radar,0,0,43,0,43,0,14,82,0,96,0,14,125,0,139,10,0,10,149
11/26/2001,ACT,TX,ASW,CE,Towers with Radar,0,33,49,8,90,0,0,22,0,22,0,33,71,8,112,16,0,16,128
11/27/2001,ACT,TX,ASW,CE,Towers with Radar,0,23,22,8,53,0,0,12,0,12,0,23,34,8,65,2,0,2,67
11/28/2001,ACT,TX,ASW,CE,Towers with Radar,0,14,7,0,21,0,0,0,0,0,0,14,7,0,21,0,0,0,21
11/29/2001,ACT,TX,ASW,CE,Towers with Radar,3,16,43,13,75,0,10,42,1,53,3,26,85,14,128,14,0,14,142
11/30/2001,ACT,TX,ASW,CE,Towers with Radar,0,35,55,16,106,0,0,95,6,101,0,35,150,22,207,30,30,60,267
12/01/2001,ACT,TX,ASW,CE,Towers with Radar,0,0,43,4,47,0,18,72,2,92,0,18,115,6,139,30,0,30,169
12/02/2001,ACT,TX,ASW,CE,Towers with Radar,0,0,44,13,57,2,20,40,6,68,2,20,84,19,125,20,54,74,199
12/03/2001,ACT,TX,ASW,CE,Towers with Radar,0,0,55,1,56,0,26,7,0,33,0,26,62,1,89,0,0,0,89
12/04/2001,ACT,TX,ASW,CE,Towers with Radar,0,0,39,3,42,0,16,14,0,30,0,16,53,3,72,0,0,0,72
12/05/2001,ACT,TX,ASW,CE,Towers with Radar,0,0,41,9,50,0,21,54,11,86,0,21,95,20,136,38,34,72,208
12/06/2001,ACT,TX,ASW,CE,Towers with Radar,0,0,45,27,72,0,17,39,0,56,0,17,84,27,128,10,16,26,154
12/07/2001,ACT,TX,ASW,CE,Towers with Radar,0,0,40,15,55,0,31,36,3,70,0,31,76,18,125,30,14,44,169
12/08/2001,ACT,TX,ASW,CE,Towers with Radar,0,0,28,1,29,0,11,36,0,47,0,11,64,1,76,0,0,0,76
12/09/2001,ACT,TX,ASW,CE,Towers with Radar,0,0,26,3,29,0,12,82,3,97,0,12,108,6,126,68,0,68,194
12/10/2001,ACT,TX,ASW,CE,Towers with Radar,0,0,40,5,45,0,31,61,1,93,0,31,101,6,138,24,2,26,164
12/11/2001,ACT,TX,ASW,CE,Towers with Radar,0,0,22,7,29,0,24,3,0,27,0,24,25,7,56,4,0,4,60
12/12/2001,ACT,TX,ASW,CE,Towers with Radar,0,0,38,6,44,0,31,28,3,62,0,31,66,9,106,32,0,32,138
12/13/2001,ACT,TX,ASW,CE,Towers with Radar,0,0,34,8,42,0,22,0,1,23,0,22,34,9,65,4,2,6,71
12/14/2001,ACT,TX,ASW,CE,Towers with Radar,0,0,28,7,35,2,29,111,5,147,2,29,139,12,182,76,0,76,258
12/15/2001,ACT,TX,ASW,CE,Towers with Radar,0,0,19,0,19,0,10,22,0,32,0,10,41,0,51,0,0,0,51
12/16/2001,ACT,TX,ASW,CE,Towers with Radar,0,0,12,0,12,0,17,1,0,18,0,17,13,0,30,0,0,0,30
12/17/2001,ACT,TX,ASW,CE,Towers with Radar,0,0,33,7,40,2,27,29,14,72,2,27,62,21,112,16,0,16,128
12/18/2001,ACT,TX,ASW,CE,Towers with Radar,0,0,33,31,64,0,20,81,20,121,0,20,114,51,185,48,74,122,307
12/19/2001,ACT,TX,ASW,CE,Towers with Radar,0,0,13,3,16,0,25,91,0,116,0,25,104,3,132,50,0,50,182
12/20/2001,ACT,TX,ASW,CE,Towers with Radar,0,0,22,8,30,0,25,121,7,153,0,25,143,15,183,30,70,100,283
12/21/2001,ACT,TX,ASW,CE,Towers with Radar,0,0,16,4,20,0,17,60,0,77,0,17,76,4,97,8,0,8,105
12/22/2001,ACT,TX,ASW,CE,Towers with Radar,0,0,16,0,16,0,11,54,0,65,0,11,70,0,81,16,0,16,97
12/23/2001,ACT,TX,ASW,CE,Towers with Radar,0,14,15,0,29,0,0,81,0,81,0,14,96,0,110,54,0,54,164
12/24/2001,ACT,TX,ASW,CE,Towers with Radar,0,8,7,0,15,0,0,57,0,57,0,8,64,0,72,4,0,4,76
12/25/2001,ACT,TX,ASW,CE,Towers with Radar,0,0,2,0,2,0,11,67,0,78,0,11,69,0,80,18,0,18,98
12/26/2001,ACT,TX,ASW,CE,Towers with Radar,2,17,15,10,44,0,7,71,3,81,2,24,86,13,125,32,22,54,179
12/27/2001,ACT,TX,ASW,CE,Towers with Radar,0,32,27,8,67,0,0,81,18,99,0,32,108,26,166,12,46,58,224
12/28/2001,ACT,TX,ASW,CE,Towers with Radar,0,44,11,4,59,0,0,60,9,69,0,44,71,13,128,43,46,89,217
12/29/2001,ACT,TX,ASW,CE,Towers with Radar,0,16,9,0,25,0,0,46,0,46,0,16,55,0,71,22,0,22,93
12/30/2001,ACT,TX,ASW,CE,Towers with Radar,0,13,34,0,47,0,0,43,0,43,0,13,77,0,90,38,0,38,128
12/31/2001,ACT,TX,ASW,CE,Towers with Radar,0,13,13,0,26,0,0,33,1,34,0,13,46,1,60,27,0,27,87
01/01/2002,ACT,TX,ASW,CE,Towers with Radar,0,8,11,0,19,0,0,22,1,23,0,8,33,1,42,4,0,4,46
01/02/2002,ACT,TX,ASW,CE,Towers with Radar,0,15,18,4,37,0,2,65,0,67,0,17,83,4,104,16,0,16,120
01/03/2002,ACT,TX,ASW,CE,Towers with Radar,0,11,50,7,68,0,18,68,5,91,0,29,118,12,159,24,12,36,195
01/04/2002,ACT,TX,ASW,CE,Towers with Radar,0,16,26,11,53,1,9,66,26,102,1,25,92,37,155,20,0,20,175
01/05/2002,ACT,TX,ASW,CE,Towers with Radar,0,13,25,0,38,1,4,13,0,18,1,17,38,0,56,4,0,4,60
01/06/2002,ACT,TX,ASW,CE,Towers with Radar,0,12,10,0,22,1,2,67,2,72,1,14,77,2,94,56,0,56,150
01/07/2002,ACT,TX,ASW,CE,Towers with Radar,0,14,23,1,38,1,15,74,17,107,1,29,97,18,145,90,16,106,251
01/08/2002,ACT,TX,ASW,CE,Towers with Radar,0,15,26,7,48,0,8,66,8,82,0,23,92,15,130,26,4,30,160
01/09/2002,ACT,TX,ASW,CE,Towers with Radar,0,13,22,14,49,0,5,80,3,88,0,18,102,17,137,22,0,22,159
01/10/2002,ACT,TX,ASW,CE,Towers with Radar,0,11,41,26,78,0,13,58,6,77,0,24,99,32,155,55,18,73,228
01/11/2002,ACT,TX,ASW,CE,Towers with Radar,0,12,30,43,85,0,17,72,6,95,0,29,102,49,180,62,34,96,276
01/12/2002,ACT,TX,ASW,CE,Towers with Radar,0,11,21,6,38,0,3,102,8,113,0,14,123,14,151,14,12,26,177
01/13/2002,ACT,TX,ASW,CE,Towers with Radar,0,10,6,0,16,0,0,60,21,81,0,10,66,21,97,22,14,36,133
01/14/2002,ACT,TX,ASW,CE,Towers with Radar,0,16,20,17,53,0,17,53,0,70,0,33,73,17,123,14,40,54,177
01/15/2002,ACT,TX,ASW,CE,Towers with Radar,2,25,23,2,52,0,14,55,7,76,2,39,78,9,128,44,14,58,186
01/16/2002,ACT,TX,ASW,CE,Towers with Radar,0,13,44,5,62,1,8,86,5,100,1,21,130,10,162,58,12,70,232
01/17/2002,ACT,TX,ASW,CE,Towers with Radar,0,23,38,22,83,1,10,75,0,86,1,33,113,22,169,38,0,38,207
01/18/2002,ACT,TX,ASW,CE,Towers with Radar,0,13,29,4,46,0,1,2,0,3,0,14,31,4,49,6,0,6,55
01/19/2002,ACT,TX,ASW,CE,Towers with Radar,0,12,34,0,46,0,1,77,2,80,0,13,111,2,126,96,2,98,224
01/20/2002,ACT,TX,ASW,CE,Towers with Radar,0,11,29,0,40,0,0,57,3,60,0,11,86,3,100,22,0,22,122
01/21/2002,ACT,TX,ASW,CE,Towers with Radar,0,14,45,1,60,0,9,102,5,116,0,23,147,6,176,72,0,72,248
01/22/2002,ACT,TX,ASW,CE,Towers with Radar,0,23,52,9,84,0,3,11,0,14,0,26,63,9,98,0,0,0,98
01/23/2002,ACT,TX,ASW,CE,Towers with Radar,0,20,68,2,90,0,0,37,0,37,0,20,105,2,127,26,0,26,153
01/24/2002,ACT,TX,ASW,CE,Towers with Radar,0,12,13,6,31,0,0,27,0,27,0,12,40,6,58,24,0,24,82
01/25/2002,ACT,TX,ASW,CE,Towers with Radar,1,12,43,13,69,1,13,119,3,136,2,25,162,16,205,46,0,46,251
01/26/2002,ACT,TX,ASW,CE,Towers with Radar,0,11,44,0,55,0,2,110,2,114,0,13,154,2,169,42,0,42,211
01/27/2002,ACT,TX,ASW,CE,Towers with Radar,0,23,21,4,48,0,0,89,2,91,0,23,110,6,139,68,0,68,207
01/28/2002,ACT,TX,ASW,CE,Towers with Radar,0,29,44,0,73,2,6,58,0,66,2,35,102,0,139,14,0,14,153
01/29/2002,ACT,TX,ASW,CE,Towers with Radar,1,13,36,8,58,0,2,36,0,38,1,15,72,8,96,44,0,44,140
01/30/2002,ACT,TX,ASW,CE,Towers with Radar,0,17,31,9,57,0,0,12,8,20,0,17,43,17,77,0,10,10,87
01/31/2002,ACT,TX,ASW,CE,Towers with Radar,0,11,10,9,30,0,3,37,4,44,0,14,47,13,74,50,10,60,134
02/01/2002,ACT,TX,ASW,CE,Towers with Radar,0,0,0,4,4,0,17,117,1,135,0,17,117,5,139,28,0,28,167
02/02/2002,ACT,TX,ASW,CE,Towers with Radar,0,0,0,7,7,0,14,121,0,135,0,14,121,7,142,32,10,42,184
02/03/2002,ACT,TX,ASW,CE,Towers with Radar,0,14,19,4,37,0,0,43,1,44,0,14,62,5,81,30,0,30,111
02/04/2002,ACT,TX,ASW,CE,Towers with Radar,0,14,25,6,45,0,0,22,0,22,0,14,47,6,67,0,0,0,67
02/05/2002,ACT,TX,ASW,CE,Towers with Radar,0,6,0,0,6,0,0,20,0,20,0,6,20,0,26,2,0,2,28
02/06/2002,ACT,TX,ASW,CE,Towers with Radar,0,14,27,2,43,0,0,15,4,19,0,14,42,6,62,60,6,66,128
02/07/2002,ACT,TX,ASW,CE,Towers with Radar,0,16,33,2,51,0,2,129,6,137,0,18,162,8,188,86,16,102,290
02/08/2002,ACT,TX,ASW,CE,Towers with Radar,1,13,50,17,81,0,5,141,22,168,1,18,191,39,249,84,40,124,373
02/09/2002,ACT,TX,ASW,CE,Towers with Radar,1,11,20,9,41,0,0,76,5,81,1,11,96,14,122,50,20,70,192
02/10/2002,ACT,TX,ASW,CE,Towers with Radar,0,13,26,2,41,0,0,30,0,30,0,13,56,2,71,0,0,0,71
02/11/2002,ACT,TX,ASW,CE,Towers with Radar,2,20,31,8,61,0,0,72,0,72,2,20,103,8,133,28,26,54,187
02/12/2002,ACT,TX,ASW,CE,Towers with Radar,0,14,46,8,68,0,3,110,5,118,0,17,156,13,186,98,16,114,300
02/13/2002,ACT,TX,ASW,CE,Towers with Radar,0,18,47,2,67,0,19,112,0,131,0,37,159,2,198,56,0,56,254
02/14/2002,ACT,TX,ASW,CE,Towers with Radar,0,15,40,15,70,0,7,89,6,102,0,22,129,21,172,56,4,60,232
02/15/2002,ACT,TX,ASW,CE,Towers with Radar,0,14,31,11,56,0,6,44,5,55,0,20,75,16,111,30,22,52,163
02/16/2002,ACT,TX,ASW,CE,Towers with Radar,0,11,38,0,49,0,0,156,0,156,0,11,194,0,205,202,0,202,407
02/17/2002,ACT,TX,ASW,CE,Towers with Radar,0,14,6,1,21,0,1,125,3,129,0,15,131,4,150,72,0,72,222
02/18/2002,ACT,TX,ASW,CE,Towers with Radar,0,25,39,0,64,0,8,69,0,77,0,33,108,0,141,52,0,52,193
02/19/2002,ACT,TX,ASW,CE,Towers with Radar,2,21,30,0,53,0,15,59,1,75,2,36,89,1,128,52,2,54,182
02/20/2002,ACT,TX,ASW,CE,Towers with Radar,0,13,32,17,62,0,14,104,11,129,0,27,136,28,191,104,60,164,355
02/21/2002,ACT,TX,ASW,CE,Towers with Radar,2,17,38,11,68,0,11,82,0,93,2,28,120,11,161,90,0,90,251
02/22/2002,ACT,TX,ASW,CE,Towers with Radar,0,15,34,6,55,0,17,99,3,119,0,32,133,9,174,46,0,46,220
02/23/2002,ACT,TX,ASW,CE,Towers with Radar,0,11,48,6,65,0,1,96,6,103,0,12,144,12,168,36,14,50,218
02/24/2002,ACT,TX,ASW,CE,Towers with Radar,2,12,24,0,38,0,1,53,0,54,2,13,77,0,92,34,0,34,126
02/25/2002,ACT,TX,ASW,CE,Towers with Radar,0,16,31,11,58,0,5,60,3,68,0,21,91,14,126,18,2,20,146
02/26/2002,ACT,TX,ASW,CE,Towers with Radar,2,13,23,14,52,0,8,22,6,36,2,21,45,20,88,0,2,2,90
02/27/2002,ACT,TX,ASW,CE,Towers with Radar,0,14,45,11,70,0,22,89,4,115,0,36,134,15,185,54,18,72,257
02/28/2002,ACT,TX,ASW,CE,Towers with Radar,2,12,42,15,71,0,15,79,16,110,2,27,121,31,181,42,14,56,237
03/01/2002,ACT,TX,ASW,CE,Towers with Radar,0,15,45,9,69,0,1,8,0,9,0,16,53,9,78,0,0,0,78
03/02/2002,ACT,TX,ASW,CE,Towers with Radar,0,11,10,0,21,0,2,7,0,9,0,13,17,0,30,0,0,0,30
03/03/2002,ACT,TX,ASW,CE,Towers with Radar,0,13,17,8,38,0,1,49,3,53,0,14,66,11,91,36,0,36,127
03/04/2002,ACT,TX,ASW,CE,Towers with Radar,0,16,34,7,57,0,19,31,10,60,0,35,65,17,117,58,14,72,189
03/05/2002,ACT,TX,ASW,CE,Towers with Radar,0,31,28,17,76,0,11,96,5,112,0,42,124,22,188,78,18,96,284
03/06/2002,ACT,TX,ASW,CE,Towers with Radar,0,15,32,0,47,0,1,61,0,62,0,16,93,0,109,12,14,26,135
03/07/2002,ACT,TX,ASW,CE,Towers with Radar,0,15,25,0,40,0,3,89,0,92,0,18,114,0,132,70,0,70,202
03/08/2002,ACT,TX,ASW,CE,Towers with Radar,0,16,33,3,52,0,0,21,4,25,0,16,54,7,77,2,0,2,79
03/09/2002,ACT,TX,ASW,CE,Towers with Radar,0,9,11,2,22,0,0,37,0,37,0,9,48,2,59,10,0,10,69
03/10/2002,ACT,TX,ASW,CE,Towers with Radar,0,15,16,0,31,0,0,116,4,120,0,15,132,4,151,84,0,84,235
03/11/2002,ACT,TX,ASW,CE,Towers with Radar,0,11,28,4,43,0,6,34,0,40,0,17,62,4,83,0,0,0,83
03/12/2002,ACT,TX,ASW,CE,Towers with Radar,0,15,30,16,61,0,2,54,8,64,0,17,84,24,125,30,10,40,165
03/13/2002,ACT,TX,ASW,CE,Towers with Radar,4,18,32,9,63,0,8,103,5,116,4,26,135,14,179,62,2,64,243
03/14/2002,ACT,TX,ASW,CE,Towers with Radar,0,19,34,15,68,0,6,72,12,90,0,25,106,27,158,38,16,54,212
03/15/2002,ACT,TX,ASW,CE,Towers with Radar,0,16,39,4,59,0,2,83,4,89,0,18,122,8,148,36,0,36,184
03/16/2002,ACT,TX,ASW,CE,Towers with Radar,2,10,35,13,60,0,1,67,4,72,2,11,102,17,132,46,14,60,192
03/17/2002,ACT,TX,ASW,CE,Towers with Radar,0,16,40,5,61,0,0,20,0,20,0,16,60,5,81,16,0,16,97
03/18/2002,ACT,TX,ASW,CE,Towers with Radar,2,13,15,5,35,0,2,5,2,9,2,15,20,7,44,0,0,0,44
03/19/2002,ACT,TX,ASW,CE,Towers with Radar,0,14,16,2,32,0,3,9,0,12,0,17,25,2,44,0,0,0,44
03/20/2002,ACT,TX,ASW,CE,Towers with Radar,0,14,44,12,70,0,0,23,6,29,0,14,67,18,99,26,0,26,125
03/21/2002,ACT,TX,ASW,CE,Towers with Radar,0,17,47,9,73,0,5,98,3,106,0,22,145,12,179,46,0,46,225
03/22/2002,ACT,TX,ASW,CE,Towers with Radar,0,12,55,13,80,0,5,119,11,135,0,17,174,24,215,48,0,48,263
03/23/2002,ACT,TX,ASW,CE,Towers with Radar,0,10,38,0,48,0,7,94,0,101,0,17,132,0,149,30,0,30,179
03/24/2002,ACT,TX,ASW,CE,Towers with Radar,0,17,18,0,35,0,0,50,0,50,0,17,68,0,85,6,0,6,91
03/25/2002,ACT,TX,ASW,CE,Towers with Radar,0,15,29,13,57,0,3,27,8,38,0,18,56,21,95,18,4,22,117
03/26/2002,ACT,TX,ASW,CE,Towers with Radar,0,14,48,14,76,0,18,96,13,127,0,32,144,27,203,38,4,42,245
03/27/2002,ACT,TX,ASW,CE,Towers with Radar,0,13,43,8,64,2,8,103,0,113,2,21,146,8,177,70,16,86,263
03/28/2002,ACT,TX,ASW,CE,Towers with Radar,1,19,39,8,67,0,5,91,19,115,1,24,130,27,182,70,6,76,258
03/29/2002,ACT,TX,ASW,CE,Towers with Radar,0,11,29,1,41,0,0,127,5,132,0,11,156,6,173,36,0,36,209
03/30/2002,ACT,TX,ASW,CE,Towers with Radar,0,12,4,0,16,0,0,9,0,9,0,12,13,0,25,0,0,0,25
03/31/2002,ACT,TX,ASW,CE,Towers with Radar,2,12,16,4,34,0,0,34,0,34,2,12,50,4,68,16,0,16,84
04/01/2002,ACT,TX,ASW,CE,Towers with Radar,0,12,46,0,58,0,3,84,0,87,0,15,130,0,145,26,0,26,171
04/02/2002,ACT,TX,ASW,CE,Towers with Radar,0,16,30,9,55,0,13,70,9,92,0,29,100,18,147,42,0,42,189
04/03/2002,ACT,TX,ASW,CE,Towers with Radar,0,16,41,10,67,0,14,69,0,83,0,30,110,10,150,64,10,74,224
04/04/2002,ACT,TX,ASW,CE,Towers with Radar,0,27,40,24,91,0,14,102,8,124,0,41,142,32,215,40,14,54,269
04/05/2002,ACT,TX,ASW,CE,Towers with Radar,2,15,50,36,103,3,26,109,2,140,5,41,159,38,243,46,52,98,341
04/06/2002,ACT,TX,ASW,CE,Towers with Radar,0,13,42,0,55,0,0,47,4,51,0,13,89,4,106,28,0,28,134
04/07/2002,ACT,TX,ASW,CE,Towers with Radar,5,12,11,1,29,0,5,14,0,19,5,17,25,1,48,2,0,2,50
04/08/2002,ACT,TX,ASW,CE,Towers with Radar,0,26,30,1,57,0,3,118,5,126,0,29,148,6,183,82,0,82,265
04/09/2002,ACT,TX,ASW,CE,Towers with Radar,0,13,39,0,52,0,5,68,2,75,0,18,107,2,127,38,0,38,165
04/10/2002,ACT,TX,ASW,CE,Towers with Radar,0,15,67,13,95,0,5,55,8,68,0,20,122,21,163,16,0,16,179
04/11/2002,ACT,TX,ASW,CE,Towers with Radar,0,13,38,10,61,0,6,76,4,86,0,19,114,14,147,78,28,106,253
04/12/2002,ACT,TX,ASW,CE,Towers with Radar,0,13,44,8,65,0,4,97,0,101,0,17,141,8,166,34,0,34,200
04/13/2002,ACT,TX,ASW,CE,Towers with Radar,0,21,26,7,54,0,15,116,15,146,0,36,142,22,200,56,10,66,266
04/14/2002,ACT,TX,ASW,CE,Towers with Radar,0,14,11,0,25,0,9,119,4,132,0,23,130,4,157,100,18,118,275
04/15/2002,ACT,TX,ASW,CE,Towers with Radar,0,25,50,9,84,0,0,84,5,89,0,25,134,14,173,54,20,74,247
04/16/2002,ACT,TX,ASW,CE,Towers with Radar,0,22,43,6,71,2,28,78,0,108,2,50,121,6,179,28,36,64,243
04/17/2002,ACT,TX,ASW,CE,Towers with Radar,0,16,40,8,64,0,2,77,8,87,0,18,117,16,151,46,0,46,197
04/18/2002,ACT,TX,ASW,CE,Towers with Radar,0,32,29,18,79,0,12,72,14,98,0,44,101,32,177,46,8,54,231
04/19/2002,ACT,TX,ASW,CE,Towers with Radar,1,16,26,6,49,0,2,83,2,87,1,18,109,8,136,80,0,80,216
04/20/2002,ACT,TX,ASW,CE,Towers with Radar,0,19,31,0,50,0,8,109,4,121,0,27,140,4,171,54,12,66,237
04/21/2002,ACT,TX,ASW,CE,Towers with Radar,0,14,33,5,52,0,5,107,2,114,0,19,140,7,166,86,22,108,274
04/22/2002,ACT,TX,ASW,CE,Towers with Radar,0,20,60,9,89,0,5,56,1,62,0,25,116,10,151,22,0,22,173
04/23/2002,ACT,TX,ASW,CE,Towers with Radar,0,17,50,21,88,0,10,83,5,98,0,27,133,26,186,46,20,66,252
04/24/2002,ACT,TX,ASW,CE,Towers with Radar,0,21,41,8,70,1,4,71,1,77,1,25,112,9,147,58,6,64,211
04/25/2002,ACT,TX,ASW,CE,Towers with Radar,1,38,38,3,80,0,6,58,8,72,1,44,96,11,152,8,4,12,164
04/26/2002,ACT,TX,ASW,CE,Towers with Radar,0,48,141,0,189,0,33,100,0,133,0,81,241,0,322,0,0,0,322
04/27/2002,ACT,TX,ASW,CE,Towers with Radar,0,12,17,0,29,0,2,41,0,43,0,14,58,0,72,8,0,8,80
04/28/2002,ACT,TX,ASW,CE,Towers with Radar,2,18,16,1,37,1,1,64,0,66,3,19,80,1,103,26,0,26,129
04/29/2002,ACT,TX,ASW,CE,Towers with Radar,0,18,38,8,64,2,8,61,5,76,2,26,99,13,140,50,25,75,215
04/30/2002,ACT,TX,ASW,CE,Towers with Radar,0,14,25,14,53,0,18,75,0,93,0,32,100,14,146,54,18,72,218
05/01/2002,ACT,TX,ASW,CE,Towers with Radar,0,0,24,12,36,2,14,55,17,88,2,14,79,29,124,54,30,84,208
05/02/2002,ACT,TX,ASW,CE,Towers with Radar,0,0,32,8,40,0,16,65,13,94,0,16,97,21,134,56,4,60,194
05/03/2002,ACT,TX,ASW,CE,Towers with Radar,0,0,27,0,27,0,26,64,2,92,0,26,91,2,119,40,0,40,159
05/04/2002,ACT,TX,ASW,CE,Towers with Radar,0,0,13,5,18,0,22,47,6,75,0,22,60,11,93,4,0,4,97
05/05/2002,ACT,TX,ASW,CE,Towers with Radar,0,0,28,0,28,0,13,52,0,65,0,13,80,0,93,32,0,32,125
05/06/2002,ACT,TX,ASW,CE,Towers with Radar,0,0,42,19,61,0,19,77,7,103,0,19,119,26,164,30,20,50,214
05/07/2002,ACT,TX,ASW,CE,Towers with Radar,0,0,60,21,81,0,22,75,0,97,0,22,135,21,178,74,16,90,268
05/08/2002,ACT,TX,ASW,CE,Towers with Radar,0,0,32,7,39,0,18,68,0,86,0,18,100,7,125,24,0,24,149
05/09/2002,ACT,TX,ASW,CE,Towers with Radar,0,21,39,15,75,0,0,68,1,69,0,21,107,16,144,72,28,100,244
05/10/2002,ACT,TX,ASW,CE,Towers with Radar,0,21,39,32,92,0,0,51,16,67,0,21,90,48,159,22,4,26,185
05/11/2002,ACT,TX,ASW,CE,Towers with Radar,0,0,25,0,25,0,13,97,2,112,0,13,122,2,137,28,0,28,165
05/12/2002,ACT,TX,ASW,CE,Towers with Radar,0,0,17,10,27,0,13,29,13,55,0,13,46,23,82,20,12,32,114
05/13/2002,ACT,TX,ASW,CE,Towers with Radar,0,0,31,2,33,3,21,81,0,105,3,21,112,2,138,56,0,56,194
05/14/2002,ACT,TX,ASW,CE,Towers with Radar,0,0,43,16,59,0,25,117,5,147,0,25,160,21,206,104,16,120,326
05/15/2002,ACT,TX,ASW,CE,Towers with Radar,0,0,43,0,43,0,24,101,1,126,0,24,144,1,169,50,0,50,219
05/16/2002,ACT,TX,ASW,CE,Towers with Radar,0,31,35,8,74,6,0,62,0,68,6,31,97,8,142,37,14,51,193
05/17/2002,ACT,TX,ASW,CE,Towers with Radar,2,20,22,3,47,0,10,84,29,123,2,30,106,32,170,44,6,50,220
05/18/2002,ACT,TX,ASW,CE,Towers with Radar,0,0,20,43,63,0,17,77,24,118,0,17,97,67,181,32,26,58,239
05/19/2002,ACT,TX,ASW,CE,Towers with Radar,0,0,25,25,50,0,16,76,1,93,0,16,101,26,143,26,8,34,177
05/20/2002,ACT,TX,ASW,CE,Towers with Radar,0,1,30,9,40,0,28,127,5,160,0,29,157,14,200,20,24,44,244
05/21/2002,ACT,TX,ASW,CE,Towers with Radar,0,22,45,2,69,0,0,93,7,100,0,22,138,9,169,24,0,24,193
05/22/2002,ACT,TX,ASW,CE,Towers with Radar,0,18,17,8,43,0,8,85,5,98,0,26,102,13,141,40,20,60,201
05/23/2002,ACT,TX,ASW,CE,Towers with Radar,0,8,42,2,52,0,26,43,14,83,0,34,85,16,135,46,16,62,197
05/24/2002,ACT,TX,ASW,CE,Towers with Radar,0,17,46,10,73,0,0,57,10,67,0,17,103,20,140,34,2,36,176
05/25/2002,ACT,TX,ASW,CE,Towers with Radar,0,0,16,2,18,2,15,96,2,115,2,15,112,4,133,12,0,12,145
05/26/2002,ACT,TX,ASW,CE,Towers with Radar,0,0,18,6,24,0,17,108,4,129,0,17,126,10,153,40,6,46,199
05/27/2002,ACT,TX,ASW,CE,Towers with Radar,0,0,29,0,29,0,13,64,0,77,0,13,93,0,106,40,0,40,146
05/28/2002,ACT,TX,ASW,CE,Towers with Radar,2,16,18,0,36,0,10,38,0,48,2,26,56,0,84,42,0,42,126
05/29/2002,ACT,TX,ASW,CE,Towers with Radar,0,25,29,10,64,0,2,68,4,74,0,27,97,14,138,60,0,60,198
05/30/2002,ACT,TX,ASW,CE,Towers with Radar,0,34,35,18,87,0,0,115,9,124,0,34,150,27,211,72,22,94,305
05/31/2002,ACT,TX,ASW,CE,Towers with Radar,0,26,42,4,72,0,0,126,0,126,0,26,168,4,198,38,10,48,246
06/01/2002,ACT,TX,ASW,CE,Towers with Radar,0,0,44,11,55,2,25,145,10,182,2,25,189,21,237,62,6,68,305
06/02/2002,ACT,TX,ASW,CE,Towers with Radar,0,0,34,0,34,0,17,91,2,110,0,17,125,2,144,80,0,80,224
06/03/2002,ACT,TX,ASW,CE,Towers with Radar,0,0,35,0,35,0,31,117,6,154,0,31,152,6,189,54,12,66,255
06/04/2002,ACT,TX,ASW,CE,Towers with Radar,0,0,37,2,39,0,26,65,4,95,0,26,102,6,134,58,6,64,198
06/05/2002,ACT,TX,ASW,CE,Towers with Radar,0,39,30,1,70,0,0,88,2,90,0,39,118,3,160,20,0,20,180
06/06/2002,ACT,TX,ASW,CE,Towers with Radar,0,0,36,2,38,0,26,85,0,111,0,26,121,2,149,24,6,30,179
06/07/2002,ACT,TX,ASW,CE,Towers with Radar,0,18,28,3,49,0,15,137,14,166,0,33,165,17,215,48,32,80,295
06/08/2002,ACT,TX,ASW,CE,Towers with Radar,0,0,39,18,57,0,22,115,12,149,0,22,154,30,206,38,18,56,262
06/09/2002,ACT,TX,ASW,CE,Towers with Radar,0,7,35,4,46,0,13,76,0,89,0,20,111,4,135,64,10,74,209
06/10/2002,ACT,TX,ASW,CE,Towers with Radar,0,21,38,5,64,0,14,87,21,122,0,35,125,26,186,76,52,128,314
06/11/2002,ACT,TX,ASW,CE,Towers with Radar,0,31,46,22,99,0,0,76,6,82,0,31,122,28,181,46,18,64,245
06/12/2002,ACT,TX,ASW,CE,Towers with Radar,0,15,38,11,64,0,25,100,15,140,0,40,138,26,204,94,14,108,312
06/13/2002,ACT,TX,ASW,CE,Towers with Radar,0,33,32,16,81,0,0,78,7,85,0,33,110,23,166,66,36,102,268
06/14/2002,ACT,TX,ASW,CE,Towers with Radar,0,6,37,7,50,1,23,85,0,109,1,29,122,7,159,78,4,82,241
06/15/2002,ACT,TX,ASW,CE,Towers with Radar,1,10,22,0,33,0,11,102,2,115,1,21,124,2,148,40,0,40,188
06/16/2002,ACT,TX,ASW,CE,Towers with Radar,0,0,31,5,36,1,21,34,1,57,1,21,65,6,93,30,0,30,123
06/17/2002,ACT,TX,ASW,CE,Towers with Radar,0,27,43,7,77,2,0,72,8,82,2,27,115,15,159,68,8,76,235
06/18/2002,ACT,TX,ASW,CE,Towers with Radar,0,0,33,2,35,0,32,119,0,151,0,32,152,2,186,68,4,72,258
06/19/2002,ACT,TX,ASW,CE,Towers with Radar,0,0,33,5,38,0,23,120,6,149,0,23,153,11,187,76,24,100,287
06/20/2002,ACT,TX,ASW,CE,Towers with Radar,0,15,35,5,55,2,12,76,8,98,2,27,111,13,153,10,4,14,167
06/21/2002,ACT,TX,ASW,CE,Towers with Radar,0,0,21,3,24,0,26,83,7,116,0,26,104,10,140,30,2,32,172
06/22/2002,ACT,TX,ASW,CE,Towers with Radar,0,0,26,4,30,2,11,67,14,94,2,11,93,18,124,26,0,26,150
06/23/2002,ACT,TX,ASW,CE,Towers with Radar,0,0,27,0,27,0,16,59,0,75,0,16,86,0,102,26,0,26,128
06/24/2002,ACT,TX,ASW,CE,Towers with Radar,0,0,27,4,31,0,18,70,0,88,0,18,97,4,119,40,6,46,165
06/25/2002,ACT,TX,ASW,CE,Towers with Radar,0,0,22,0,22,0,21,56,0,77,0,21,78,0,99,54,0,54,153
06/26/2002,ACT,TX,ASW,CE,Towers with Radar,0,0,32,1,33,1,19,73,0,93,1,19,105,1,126,40,4,44,170
06/27/2002,ACT,TX,ASW,CE,Towers with Radar,2,15,34,0,51,0,9,46,0,55,2,24,80,0,106,28,0,28,134
06/28/2002,ACT,TX,ASW,CE,Towers with Radar,0,37,23,7,67,0,0,87,5,92,0,37,110,12,159,40,2,42,201
06/29/2002,ACT,TX,ASW,CE,Towers with Radar,0,0,28,4,32,0,17,101,2,120,0,17,129,6,152,42,0,42,194
06/30/2002,ACT,TX,ASW,CE,Towers with Radar,0,0,24,0,24,2,14,10,0,26,2,14,34,0,50,6,0,6,56
07/01/2002,ACT,TX,ASW,CE,Towers with Radar,0,22,0,0,22,0,0,34,0,34,0,22,34,0,56,0,0,0,56
07/02/2002,ACT,TX,ASW,CE,Towers with Radar,0,22,0,0,22,0,0,20,0,20,0,22,20,0,42,0,0,0,42
07/03/2002,ACT,TX,ASW,CE,Towers with Radar,0,25,19,3,47,0,0,52,5,57,0,25,71,8,104,22,10,32,136
07/04/2002,ACT,TX,ASW,CE,Towers with Radar,0,14,0,0,14,0,0,41,0,41,0,14,41,0,55,8,0,8,63
07/05/2002,ACT,TX,ASW,CE,Towers with Radar,0,15,2,0,17,0,0,33,0,33,0,15,35,0,50,10,0,10,60
07/06/2002,ACT,TX,ASW,CE,Towers with Radar,0,13,4,0,17,0,0,60,0,60,0,13,64,0,77,12,0,12,89
07/07/2002,ACT,TX,ASW,CE,Towers with Radar,0,13,0,0,13,0,0,45,0,45,0,13,45,0,58,14,0,14,72
07/08/2002,ACT,TX,ASW,CE,Towers with Radar,0,23,9,9,41,0,1,83,1,85,0,24,92,10,126,34,0,34,160
07/09/2002,ACT,TX,ASW,CE,Towers with Radar,0,17,23,11,51,0,0,69,0,69,0,17,92,11,120,20,14,34,154
07/10/2002,ACT,TX,ASW,CE,Towers with Radar,0,20,29,1,50,0,0,91,0,91,0,20,120,1,141,44,2,46,187
07/11/2002,ACT,TX,ASW,CE,Towers with Radar,1,21,6,9,37,0,3,125,16,144,1,24,131,25,181,78,12,90,271
07/12/2002,ACT,TX,ASW,CE,Towers with Radar,9,22,17,4,52,0,2,108,4,114,9,24,125,8,166,12,0,12,178
07/13/2002,ACT,TX,ASW,CE,Towers with Radar,0,22,2,10,34,0,9,95,0,104,0,31,97,10,138,42,4,46,184
07/14/2002,ACT,TX,ASW,CE,Towers with Radar,0,16,2,2,20,0,0,77,2,79,0,16,79,4,99,28,0,28,127
07/15/2002,ACT,TX,ASW,CE,Towers with Radar,0,21,18,3,42,0,15,93,0,108,0,36,111,3,150,38,26,64,214
07/16/2002,ACT,TX,ASW,CE,Towers with Radar,0,7,38,0,45,0,10,19,0,29,0,17,57,0,74,10,0,10,84
07/17/2002,ACT,TX,ASW,CE,Towers with Radar,0,20,43,2,65,2,21,40,0,63,2,41,83,2,128,28,12,40,168
07/18/2002,ACT,TX,ASW,CE,Towers with Radar,0,16,57,3,76,0,24,58,4,86,0,40,115,7,162,30,14,44,206
07/19/2002,ACT,TX,ASW,CE,Towers with Radar,0,9,36,4,49,0,25,109,12,146,0,34,145,16,195,86,0,86,281
07/20/2002,ACT,TX,ASW,CE,Towers with Radar,0,6,39,4,49,0,15,66,14,95,0,21,105,18,144,72,6,78,222
07/21/2002,ACT,TX,ASW,CE,Towers with Radar,0,9,40,13,62,0,17,84,23,124,0,26,124,36,186,60,36,96,282
07/22/2002,ACT,TX,ASW,CE,Towers with Radar,0,17,39,8,64,0,14,72,2,88,0,31,111,10,152,86,2,88,240
07/23/2002,ACT,TX,ASW,CE,Towers with Radar,0,21,60,3,84,0,0,67,11,78,0,21,127,14,162,18,6,24,186
07/24/2002,ACT,TX,ASW,CE,Towers with Radar,0,9,64,3,76,0,37,57,2,96,0,46,121,5,172,82,0,82,254
07/25/2002,ACT,TX,ASW,CE,Towers with Radar,0,10,46,5,61,0,21,56,21,98,0,31,102,26,159,58,10,68,227
07/26/2002,ACT,TX,ASW,CE,Towers with Radar,0,11,46,7,64,0,18,108,13,139,0,29,154,20,203,62,16,78,281
07/27/2002,ACT,TX,ASW,CE,Towers with Radar,0,13,40,3,56,2,9,69,1,81,2,22,109,4,137,30,16,46,183
07/28/2002,ACT,TX,ASW,CE,Towers with Radar,0,7,23,3,33,0,11,62,4,77,0,18,85,7,110,14,0,14,124
07/29/2002,ACT,TX,ASW,CE,Towers with Radar,0,9,38,2,49,0,28,51,0,79,0,37,89,2,128,64,0,64,192
07/30/2002,ACT,TX,ASW,CE,Towers with Radar,0,12,37,0,49,2,31,44,0,77,2,43,81,0,126,24,0,24,150
07/31/2002,ACT,TX,ASW,CE,Towers with Radar,0,8,50,10,68,0,12,73,22,107,0,20,123,32,175,74,28,102,277
08/01/2002,ACT,TX,ASW,CE,Towers with Radar,0,15,13,4,32,0,21,83,0,104,0,36,96,4,136,28,0,28,164
08/02/2002,ACT,TX,ASW,CE,Towers with Radar,0,17,22,47,86,0,6,93,27,126,0,23,115,74,212,44,14,58,270
08/03/2002,ACT,TX,ASW,CE,Towers with Radar,2,12,19,2,35,0,2,85,0,87,2,14,104,2,122,62,0,62,184
08/04/2002,ACT,TX,ASW,CE,Towers with Radar,0,14,23,27,64,0,1,76,5,82,0,15,99,32,146,82,14,96,242
08/05/2002,ACT,TX,ASW,CE,Towers with Radar,0,13,14,3,30,0,16,83,1,100,0,29,97,4,130,34,12,46,176
08/06/2002,ACT,TX,ASW,CE,Towers with Radar,1,13,37,13,64,0,15,81,8,104,1,28,118,21,168,42,16,58,226
08/07/2002,ACT,TX,ASW,CE,Towers with Radar,1,16,35,8,60,1,5,70,5,81,2,21,105,13,141,58,4,62,203
08/08/2002,ACT,TX,ASW,CE,Towers with Radar,2,15,46,17,80,0,12,85,13,110,2,27,131,30,190,68,24,92,282
08/09/2002,ACT,TX,ASW,CE,Towers with Radar,0,15,25,8,48,0,14,86,0,100,0,29,111,8,148,50,0,50,198
08/10/2002,ACT,TX,ASW,CE,Towers with Radar,2,15,13,1,31,0,0,28,1,29,2,15,41,2,60,12,0,12,72
08/11/2002,ACT,TX,ASW,CE,Towers with Radar,0,14,24,10,48,0,3,82,1,86,0,17,106,11,134,62,12,74,208
08/12/2002,ACT,TX,ASW,CE,Towers with Radar,0,19,51,20,90,0,15,97,0,112,0,34,148,20,202,66,24,90,292
08/13/2002,ACT,TX,ASW,CE,Towers with Radar,0,23,60,0,83,0,23,83,4,110,0,46,143,4,193,10,0,10,203
08/14/2002,ACT,TX,ASW,CE,Towers with Radar,2,19,34,0,55,0,7,59,13,79,2,26,93,13,134,34,0,34,168
08/15/2002,ACT,TX,ASW,CE,Towers with Radar,2,20,46,10,78,0,13,92,18,123,2,33,138,28,201,40,0,40,241
08/16/2002,ACT,TX,ASW,CE,Towers with Radar,0,34,62,14,110,0,11,53,25,89,0,45,115,39,199,28,0,28,227
08/17/2002,ACT,TX,ASW,CE,Towers with Radar,0,18,27,17,62,0,0,51,4,55,0,18,78,21,117,30,6,36,153
08/18/2002,ACT,TX,ASW,CE,Towers with Radar,0,19,28,0,47,0,0,68,0,68,0,19,96,0,115,38,0,38,153
08/19/2002,ACT,TX,ASW,CE,Towers with Radar,0,15,20,7,42,0,10,79,3,92,0,25,99,10,134,34,0,34,168
08/20/2002,ACT,TX,ASW,CE,Towers with Radar,0,13,69,22,104,0,0,68,5,73,0,13,137,27,177,32,16,48,225
08/21/2002,ACT,TX,ASW,CE,Towers with Radar,1,18,51,7,77,0,1,86,5,92,1,19,137,12,169,54,0,54,223
08/22/2002,ACT,TX,ASW,CE,Towers with Radar,1,13,63,11,88,0,27,99,6,132,1,40,162,17,220,102,4,106,326
08/23/2002,ACT,TX,ASW,CE,Towers with Radar,0,18,38,14,70,0,0,61,15,76,0,18,99,29,146,52,0,52,198
08/24/2002,ACT,TX,ASW,CE,Towers with Radar,1,15,20,2,38,0,3,83,11,97,1,18,103,13,135,62,10,72,207
08/25/2002,ACT,TX,ASW,CE,Towers with Radar,1,15,21,26,63,0,0,64,18,82,1,15,85,44,145,44,12,56,201
08/26/2002,ACT,TX,ASW,CE,Towers with Radar,0,18,26,7,51,0,14,40,5,59,0,32,66,12,110,14,0,14,124
08/27/2002,ACT,TX,ASW,CE,Towers with Radar,0,19,44,5,68,0,16,76,10,102,0,35,120,15,170,72,2,74,244
08/28/2002,ACT,TX,ASW,CE,Towers with Radar,0,19,43,4,66,0,13,74,0,87,0,32,117,4,153,22,0,22,175
08/29/2002,ACT,TX,ASW,CE,Towers with Radar,4,14,30,2,50,0,17,46,2,65,4,31,76,4,115,38,0,38,153
08/30/2002,ACT,TX,ASW,CE,Towers with Radar,0,13,19,4,36,0,15,77,0,92,0,28,96,4,128,40,0,40,168
08/31/2002,ACT,TX,ASW,CE,Towers with Radar,0,10,10,0,20,0,4,65,4,73,0,14,75,4,93,14,0,14,107
09/01/2002,ACT,TX,ASW,CE,Towers with Radar,4,10,8,1,23,1,2,40,3,46,5,12,48,4,69,16,0,16,85
09/02/2002,ACT,TX,ASW,CE,Towers with Radar,0,12,26,0,38,0,1,72,0,73,0,13,98,0,111,64,0,64,175
09/03/2002,ACT,TX,ASW,CE,Towers with Radar,0,13,35,4,52,0,9,60,0,69,0,22,95,4,121,8,0,8,129
09/04/2002,ACT,TX,ASW,CE,Towers with Radar,0,16,33,5,54,0,14,81,0,95,0,30,114,5,149,30,8,38,187
09/05/2002,ACT,TX,ASW,CE,Towers with Radar,0,17,28,10,55,0,14,77,0,91,0,31,105,10,146,22,0,22,168
09/06/2002,ACT,TX,ASW,CE,Towers with Radar,2,16,32,36,86,0,20,41,15,76,2,36,73,51,162,8,18,26,188
09/07/2002,ACT,TX,ASW,CE,Towers with Radar,0,14,22,0,36,1,1,32,0,34,1,15,54,0,70,2,0,2,72
09/08/2002,ACT,TX,ASW,CE,Towers with Radar,0,14,17,0,31,1,0,21,0,22,1,14,38,0,53,0,0,0,53
09/09/2002,ACT,TX,ASW,CE,Towers with Radar,0,13,36,4,53,0,1,12,2,15,0,14,48,6,68,4,0,4,72
09/10/2002,ACT,TX,ASW,CE,Towers with Radar,0,22,37,18,77,0,8,54,34,96,0,30,91,52,173,32,38,70,243
09/11/2002,ACT,TX,ASW,CE,Towers with Radar,0,9,23,4,36,0,12,64,0,76,0,21,87,4,112,20,0,20,132
09/12/2002,ACT,TX,ASW,CE,Towers with Radar,0,18,57,0,75,0,15,40,3,58,0,33,97,3,133,28,0,28,161
09/13/2002,ACT,TX,ASW,CE,Towers with Radar,2,15,51,14,82,0,21,47,0,68,2,36,98,14,150,46,14,60,210
09/14/2002,ACT,TX,ASW,CE,Towers with Radar,0,12,6,4,22,0,6,64,15,85,0,18,70,19,107,66,4,70,177
09/15/2002,ACT,TX,ASW,CE,Towers with Radar,0,16,35,31,82,0,8,33,16,57,0,24,68,47,139,36,14,50,189
09/16/2002,ACT,TX,ASW,CE,Towers with Radar,0,16,16,5,37,0,0,27,4,31,0,16,43,9,68,8,2,10,78
09/17/2002,ACT,TX,ASW,CE,Towers with Radar,0,18,41,5,64,0,11,41,1,53,0,29,82,6,117,8,8,16,133
09/18/2002,ACT,TX,ASW,CE,Towers with Radar,0,12,47,13,72,0,7,73,2,82,0,19,120,15,154,16,0,16,170
09/19/2002,ACT,TX,ASW,CE,Towers with Radar,2,21,18,12,53,0,2,31,11,44,2,23,49,23,97,4,4,8,105
09/20/2002,ACT,TX,ASW,CE,Towers with Radar,1,19,44,37,101,0,17,116,36,169,1,36,160,73,270,48,14,62,332
09/21/2002,ACT,TX,ASW,CE,Towers with Radar,0,15,34,29,78,0,0,103,7,110,0,15,137,36,188,30,8,38,226
09/22/2002,ACT,TX,ASW,CE,Towers with Radar,1,13,35,15,64,0,3,86,10,99,1,16,121,25,163,44,26,70,233
09/23/2002,ACT,TX,ASW,CE,Towers with Radar,0,14,28,13,55,0,6,52,0,58,0,20,80,13,113,6,0,6,119
09/24/2002,ACT,TX,ASW,CE,Towers with Radar,0,17,53,11,81,0,5,92,8,105,0,22,145,19,186,14,0,14,200
09/25/2002,ACT,TX,ASW,CE,Towers with Radar,0,14,38,19,71,0,13,65,4,82,0,27,103,23,153,40,18,58,211
09/26/2002,ACT,TX,ASW,CE,Towers with Radar,1,14,35,21,71,0,10,56,10,76,1,24,91,31,147,20,0,20,167
09/27/2002,ACT,TX,ASW,CE,Towers with Radar,2,19,23,1,45,0,10,24,3,37,2,29,47,4,82,0,6,6,88
09/28/2002,ACT,TX,ASW,CE,Towers with Radar,0,11,27,5,43,2,0,21,0,23,2,11,48,5,66,0,0,0,66
09/29/2002,ACT,TX,ASW,CE,Towers with Radar,0,13,24,2,39,0,4,20,1,25,0,17,44,3,64,0,0,0,64
09/30/2002,ACT,TX,ASW,CE,Towers with Radar,1,17,28,4,50,0,7,35,2,44,1,24,63,6,94,6,12,18,112
10/01/2002,ACT,TX,ASW,CE,Towers with Radar,0,21,32,4,57,0,0,47,2,49,0,21,79,6,106,16,2,18,124
10/02/2002,ACT,TX,ASW,CE,Towers with Radar,0,13,51,10,74,0,2,48,0,50,0,15,99,10,124,12,0,12,136
10/03/2002,ACT,TX,ASW,CE,Towers with Radar,0,16,30,6,52,0,4,31,4,39,0,20,61,10,91,6,14,20,111
10/04/2002,ACT,TX,ASW,CE,Towers with Radar,2,15,17,35,69,0,2,74,20,96,2,17,91,55,165,52,4,56,221
10/05/2002,ACT,TX,ASW,CE,Towers with Radar,2,13,28,10,53,0,0,87,0,87,2,13,115,10,140,32,0,32,172
10/06/2002,ACT,TX,ASW,CE,Towers with Radar,0,15,10,0,25,0,3,40,0,43,0,18,50,0,68,34,4,38,106
10/07/2002,ACT,TX,ASW,CE,Towers with Radar,0,18,35,11,64,0,1,25,1,27,0,19,60,12,91,6,2,8,99
10/08/2002,ACT,TX,ASW,CE,Towers with Radar,0,16,18,0,34,0,4,10,0,14,0,20,28,0,48,0,0,0,48
10/09/2002,ACT,TX,ASW,CE,Towers with Radar,0,21,74,2,97,0,4,33,0,37,0,25,107,2,134,0,0,0,134
10/10/2002,ACT,TX,ASW,CE,Towers with Radar,4,27,66,3,100,0,3,31,12,46,4,30,97,15,146,14,0,14,160
10/11/2002,ACT,TX,ASW,CE,Towers with Radar,0,21,40,9,70,0,15,106,0,121,0,36,146,9,191,60,16,76,267
10/12/2002,ACT,TX,ASW,CE,Towers with Radar,0,14,29,12,55,0,10,41,0,51,0,24,70,12,106,28,10,38,144
10/13/2002,ACT,TX,ASW,CE,Towers with Radar,2,14,23,0,39,0,3,25,0,28,2,17,48,0,67,0,0,0,67
10/14/2002,ACT,TX,ASW,CE,Towers with Radar,0,19,30,0,49,0,17,40,0,57,0,36,70,0,106,6,0,6,112
10/15/2002,ACT,TX,ASW,CE,Towers with Radar,0,18,21,0,39,0,1,68,0,69,0,19,89,0,108,14,0,14,122
10/16/2002,ACT,TX,ASW,CE,Towers with Radar,0,15,45,2,62,0,13,70,5,88,0,28,115,7,150,24,0,24,174
10/17/2002,ACT,TX,ASW,CE,Towers with Radar,2,24,36,8,70,0,0,102,9,111,2,24,138,17,181,40,6,46,227
10/18/2002,ACT,TX,ASW,CE,Towers with Radar,2,23,20,22,67,0,4,39,14,57,2,27,59,36,124,6,24,30,154
10/19/2002,ACT,TX,ASW,CE,Towers with Radar,1,14,31,0,46,0,3,30,0,33,1,17,61,0,79,0,0,0,79
10/20/2002,ACT,TX,ASW,CE,Towers with Radar,1,15,33,16,65,0,3,12,8,23,1,18,45,24,88,0,0,0,88
10/21/2002,ACT,TX,ASW,CE,Towers with Radar,0,22,32,0,54,0,1,21,0,22,0,23,53,0,76,0,0,0,76
10/22/2002,ACT,TX,ASW,CE,Towers with Radar,0,22,46,8,76,0,0,16,0,16,0,22,62,8,92,0,0,0,92
10/23/2002,ACT,TX,ASW,CE,Towers with Radar,0,16,54,17,87,0,0,14,8,22,0,16,68,25,109,0,0,0,109
10/24/2002,ACT,TX,ASW,CE,Towers with Radar,2,11,14,0,27,0,0,17,0,17,2,11,31,0,44,0,0,0,44
10/25/2002,ACT,TX,ASW,CE,Towers with Radar,4,15,27,8,54,1,0,14,4,19,5,15,41,12,73,0,0,0,73
10/26/2002,ACT,TX,ASW,CE,Towers with Radar,2,19,26,2,49,0,3,6,4,13,2,22,32,6,62,0,0,0,62
10/27/2002,ACT,TX,ASW,CE,Towers with Radar,0,16,37,5,58,0,0,1,1,2,0,16,38,6,60,0,0,0,60
10/28/2002,ACT,TX,ASW,CE,Towers with Radar,0,13,24,1,38,0,2,13,1,16,0,15,37,2,54,0,0,0,54
10/29/2002,ACT,TX,ASW,CE,Towers with Radar,0,14,41,17,72,0,5,42,0,47,0,19,83,17,119,16,12,28,147
10/30/2002,ACT,TX,ASW,CE,Towers with Radar,0,20,51,12,83,0,0,27,4,31,0,20,78,16,114,4,0,4,118
10/31/2002,ACT,TX,ASW,CE,Towers with Radar,0,16,56,11,83,0,7,55,0,62,0,23,111,11,145,12,0,12,157
11/01/2002,ACT,TX,ASW,CE,Towers with Radar,0,0,32,5,37,2,20,8,1,31,2,20,40,6,68,0,0,0,68
11/02/2002,ACT,TX,ASW,CE,Towers with Radar,0,0,26,20,46,2,14,32,0,48,2,14,58,20,94,64,2,66,160
11/03/2002,ACT,TX,ASW,CE,Towers with Radar,0,0,25,2,27,0,11,8,0,19,0,11,33,2,46,0,0,0,46
11/04/2002,ACT,TX,ASW,CE,Towers with Radar,0,0,33,0,33,0,16,9,0,25,0,16,42,0,58,0,0,0,58
11/05/2002,ACT,TX,ASW,CE,Towers with Radar,0,0,35,4,39,1,23,63,0,87,1,23,98,4,126,18,0,18,144
11/06/2002,ACT,TX,ASW,CE,Towers with Radar,0,0,27,0,27,0,20,74,1,95,0,20,101,1,122,16,0,16,138
11/07/2002,ACT,TX,ASW,CE,Towers with Radar,0,32,40,3,75,0,0,85,8,93,0,32,125,11,168,22,2,24,192
11/08/2002,ACT,TX,ASW,CE,Towers with Radar,0,25,34,9,68,0,0,100,0,100,0,25,134,9,168,8,64,72,240
11/09/2002,ACT,TX,ASW,CE,Towers with Radar,0,18,20,2,40,0,0,125,3,128,0,18,145,5,168,100,0,100,268
11/10/2002,ACT,TX,ASW,CE,Towers with Radar,0,0,32,10,42,0,16,64,12,92,0,16,96,22,134,32,14,46,180
11/11/2002,ACT,TX,ASW,CE,Towers with Radar,0,20,38,6,64,0,0,51,2,53,0,20,89,8,117,26,10,36,153
11/12/2002,ACT,TX,ASW,CE,Towers with Radar,0,17,19,4,40,0,6,46,8,60,0,23,65,12,100,45,0,45,145
11/13/2002,ACT,TX,ASW,CE,Towers with Radar,0,0,18,15,33,0,14,49,9,72,0,14,67,24,105,18,4,22,127
11/14/2002,ACT,TX,ASW,CE,Towers with Radar,0,18,29,7,54,0,0,32,8,40,0,18,61,15,94,16,0,16,110
11/15/2002,ACT,TX,ASW,CE,Towers with Radar,4,14,51,19,88,0,6,40,13,59,4,20,91,32,147,16,58,74,221
11/16/2002,ACT,TX,ASW,CE,Towers with Radar,0,0,22,0,22,2,17,84,9,112,2,17,106,9,134,26,0,26,160
11/17/2002,ACT,TX,ASW,CE,Towers with Radar,0,0,12,15,27,0,15,78,14,107,0,15,90,29,134,8,18,26,160
11/18/2002,ACT,TX,ASW,CE,Towers with Radar,0,0,47,0,47,0,21,59,9,89,0,21,106,9,136,4,0,4,140
11/19/2002,ACT,TX,ASW,CE,Towers with Radar,0,14,47,2,63,0,26,106,1,133,0,40,153,3,196,46,0,46,242
11/20/2002,ACT,TX,ASW,CE,Towers with Radar,0,26,27,2,55,0,9,84,6,99,0,35,111,8,154,8,4,12,166
11/21/2002,ACT,TX,ASW,CE,Towers with Radar,0,29,55,7,91,0,0,97,14,111,0,29,152,21,202,14,6,20,222
11/22/2002,ACT,TX,ASW,CE,Towers with Radar,0,0,23,20,43,2,31,67,4,104,2,31,90,24,147,34,6,40,187
11/23/2002,ACT,TX,ASW,CE,Towers with Radar,0,0,14,4,18,2,13,78,2,95,2,13,92,6,113,8,0,8,121
11/24/2002,ACT,TX,ASW,CE,Towers with Radar,0,0,15,27,42,2,17,55,8,82,2,17,70,35,124,12,26,38,162
11/25/2002,ACT,TX,ASW,CE,Towers with Radar,0,43,37,9,89,0,7,35,5,47,0,50,72,14,136,34,8,42,178
11/26/2002,ACT,TX,ASW,CE,Towers with Radar,0,49,33,6,88,0,0,36,0,36,0,49,69,6,124,24,6,30,154
11/27/2002,ACT,TX,ASW,CE,Towers with Radar,0,18,38,8,64,5,7,47,0,59,5,25,85,8,123,22,10,32,155
11/28/2002,ACT,TX,ASW,CE,Towers with Radar,0,0,5,0,5,0,11,16,0,27,0,11,21,0,32,0,0,0,32
11/29/2002,ACT,TX,ASW,CE,Towers with Radar,0,7,15,0,22,0,0,22,4,26,0,7,37,4,48,0,2,2,50
11/30/2002,ACT,TX,ASW,CE,Towers with Radar,0,0,19,0,19,0,17,24,3,44,0,17,43,3,63,0,0,0,63
12/01/2002,ACT,TX,ASW,CE,Towers with Radar,0,0,39,0,39,1,12,34,0,47,1,12,73,0,86,18,0,18,104
12/02/2002,ACT,TX,ASW,CE,Towers with Radar,0,0,25,0,25,2,18,60,0,80,2,18,85,0,105,18,0,18,123
12/03/2002,ACT,TX,ASW,CE,Towers with Radar,0,4,17,0,21,0,20,9,0,29,0,24,26,0,50,0,0,0,50
12/04/2002,ACT,TX,ASW,CE,Towers with Radar,0,14,36,4,54,0,4,17,1,22,0,18,53,5,76,0,0,0,76
12/05/2002,ACT,TX,ASW,CE,Towers with Radar,2,20,34,12,68,0,0,52,4,56,2,20,86,16,124,40,0,40,164
12/06/2002,ACT,TX,ASW,CE,Towers with Radar,0,10,29,6,45,0,26,94,5,125,0,36,123,11,170,52,0,52,222
12/07/2002,ACT,TX,ASW,CE,Towers with Radar,0,0,36,3,39,0,17,48,2,67,0,17,84,5,106,10,2,12,118
12/08/2002,ACT,TX,ASW,CE,Towers with Radar,0,7,46,4,57,0,6,5,0,11,0,13,51,4,68,0,0,0,68
12/09/2002,ACT,TX,ASW,CE,Towers with Radar,0,14,9,2,25,0,0,7,0,7,0,14,16,2,32,4,0,4,36
12/10/2002,ACT,TX,ASW,CE,Towers with Radar,0,27,49,10,86,0,0,13,3,16,0,27,62,13,102,0,0,0,102
12/11/2002,ACT,TX,ASW,CE,Towers with Radar,0,19,33,2,54,0,0,26,1,27,0,19,59,3,81,14,0,14,95
12/12/2002,ACT,TX,ASW,CE,Towers with Radar,0,23,18,0,41,0,0,7,0,7,0,23,25,0,48,0,0,0,48
12/13/2002,ACT,TX,ASW,CE,Towers with Radar,0,26,22,22,70,0,0,63,28,91,0,26,85,50,161,38,6,44,205
12/14/2002,ACT,TX,ASW,CE,Towers with Radar,0,0,24,9,33,0,16,65,21,102,0,16,89,30,135,70,26,96,231
12/15/2002,ACT,TX,ASW,CE,Towers with Radar,0,0,19,13,32,0,18,68,8,94,0,18,87,21,126,36,12,48,174
12/16/2002,ACT,TX,ASW,CE,Towers with Radar,0,26,31,2,59,0,0,58,0,58,0,26,89,2,117,40,0,40,157
12/17/2002,ACT,TX,ASW,CE,Towers with Radar,0,22,33,0,55,0,0,34,0,34,0,22,67,0,89,8,0,8,97
12/18/2002,ACT,TX,ASW,CE,Towers with Radar,0,27,18,0,45,0,0,36,0,36,0,27,54,0,81,18,0,18,99
12/19/2002,ACT,TX,ASW,CE,Towers with Radar,0,18,14,2,34,0,5,32,0,37,0,23,46,2,71,10,0,10,81
12/20/2002,ACT,TX,ASW,CE,Towers with Radar,0,8,26,2,36,0,23,76,1,100,0,31,102,3,136,50,0,50,186
12/21/2002,ACT,TX,ASW,CE,Towers with Radar,0,0,39,0,39,0,24,86,1,111,0,24,125,1,150,34,0,34,184
12/22/2002,ACT,TX,ASW,CE,Towers with Radar,0,0,16,2,18,0,20,65,0,85,0,20,81,2,103,58,0,58,161
12/23/2002,ACT,TX,ASW,CE,Towers with Radar,0,0,12,0,12,0,17,6,0,23,0,17,18,0,35,0,0,0,35
12/24/2002,ACT,TX,ASW,CE,Towers with Radar,0,0,2,1,3,0,13,10,0,23,0,13,12,1,26,0,0,0,26
12/25/2002,ACT,TX,ASW,CE,Towers with Radar,0,0,2,0,2,0,12,21,0,33,0,12,23,0,35,12,0,12,47
12/26/2002,ACT,TX,ASW,CE,Towers with Radar,0,0,8,3,11,0,31,23,3,57,0,31,31,6,68,4,0,4,72
12/27/2002,ACT,TX,ASW,CE,Towers with Radar,0,16,10,2,28,0,0,21,1,22,0,16,31,3,50,0,0,0,50
12/28/2002,ACT,TX,ASW,CE,Towers with Radar,0,3,22,3,28,0,10,12,0,22,0,13,34,3,50,0,0,0,50
12/29/2002,ACT,TX,ASW,CE,Towers with Radar,0,0,7,2,9,0,16,9,0,25,0,16,16,2,34,0,0,0,34
12/30/2002,ACT,TX,ASW,CE,Towers with Radar,0,12,5,0,17,2,4,1,0,7,2,16,6,0,24,0,0,0,24
12/31/2002,ACT,TX,ASW,CE,Towers with Radar,0,0,11,2,13,0,14,24,0,38,0,14,35,2,51,0,0,0,51
01/01/2003,ACT,TX,ASW,CE,Towers with Radar,0,0,3,0,3,4,14,18,0,36,4,14,21,0,39,0,0,0,39
01/02/2003,ACT,TX,ASW,CE,Towers with Radar,0,0,0,0,0,0,15,25,0,40,0,15,25,0,40,0,0,0,40
01/03/2003,ACT,TX,ASW,CE,Towers with Radar,0,0,1,2,3,0,20,19,0,39,0,20,20,2,42,0,0,0,42
01/04/2003,ACT,TX,ASW,CE,Towers with Radar,0,0,0,0,0,0,13,30,0,43,0,13,30,0,43,0,0,0,43
01/05/2003,ACT,TX,ASW,CE,Towers with Radar,0,0,0,2,2,1,16,57,0,74,1,16,57,2,76,6,4,10,86
01/06/2003,ACT,TX,ASW,CE,Towers with Radar,0,0,10,0,10,0,14,36,0,50,0,14,46,0,60,14,0,14,74
01/07/2003,ACT,TX,ASW,CE,Towers with Radar,0,0,21,0,21,1,22,57,0,80,1,22,78,0,101,30,0,30,131
01/08/2003,ACT,TX,ASW,CE,Towers with Radar,0,0,14,0,14,0,20,71,0,91,0,20,85,0,105,4,0,4,109
01/09/2003,ACT,TX,ASW,CE,Towers with Radar,0,0,3,0,3,1,19,46,0,66,1,19,49,0,69,2,0,2,71
01/10/2003,ACT,TX,ASW,CE,Towers with Radar,0,0,16,55,71,0,24,89,9,122,0,24,105,64,193,46,22,68,261
01/11/2003,ACT,TX,ASW,CE,Towers with Radar,0,0,2,19,21,0,14,48,7,69,0,14,50,26,90,24,4,28,118
01/12/2003,ACT,TX,ASW,CE,Towers with Radar,0,0,0,0,0,0,14,8,0,22,0,14,8,0,22,0,0,0,22
01/13/2003,ACT,TX,ASW,CE,Towers with Radar,0,19,52,2,73,0,0,3,0,3,0,19,55,2,76,0,0,0,76
01/14/2003,ACT,TX,ASW,CE,Towers with Radar,1,22,31,0,54,0,1,6,0,7,1,23,37,0,61,0,0,0,61
01/15/2003,ACT,TX,ASW,CE,Towers with Radar,0,24,43,0,67,0,0,11,0,11,0,24,54,0,78,0,0,0,78
01/16/2003,ACT,TX,ASW,CE,Towers with Radar,0,12,21,0,33,2,22,45,0,69,2,34,66,0,102,24,0,24,126
01/17/2003,ACT,TX,ASW,CE,Towers with Radar,2,16,30,2,50,0,13,69,0,82,2,29,99,2,132,6,10,16,148
01/18/2003,ACT,TX,ASW,CE,Towers with Radar,0,0,20,3,23,0,14,60,8,82,0,14,80,11,105,56,8,64,169
01/19/2003,ACT,TX,ASW,CE,Towers with Radar,0,0,6,3,9,2,13,67,7,89,2,13,73,10,98,28,0,28,126
01/20/2003,ACT,TX,ASW,CE,Towers with Radar,0,16,25,12,53,2,9,54,5,70,2,25,79,17,123,36,12,48,171
01/21/2003,ACT,TX,ASW,CE,Towers with Radar,0,21,22,1,44,0,0,56,1,57,0,21,78,2,101,14,0,14,115
01/22/2003,ACT,TX,ASW,CE,Towers with Radar,0,20,34,0,54,0,0,0,0,0,0,20,34,0,54,0,0,0,54
01/23/2003,ACT,TX,ASW,CE,Towers with Radar,0,32,29,16,77,0,0,47,10,57,0,32,76,26,134,34,12,46,180
01/24/2003,ACT,TX,ASW,CE,Towers with Radar,0,20,32,1,53,0,0,44,1,45,0,20,76,2,98,62,0,62,160
01/25/2003,ACT,TX,ASW,CE,Towers with Radar,0,0,15,19,34,0,14,30,8,52,0,14,45,27,86,4,0,4,90
01/26/2003,ACT,TX,ASW,CE,Towers with Radar,0,0,20,4,24,0,18,7,10,35,0,18,27,14,59,2,0,2,61
01/27/2003,ACT,TX,ASW,CE,Towers with Radar,0,13,34,1,48,0,6,22,0,28,0,19,56,1,76,0,0,0,76
01/28/2003,ACT,TX,ASW,CE,Towers with Radar,0,31,32,4,67,4,0,42,6,52,4,31,74,10,119,6,0,6,125
01/29/2003,ACT,TX,ASW,CE,Towers with Radar,0,21,51,5,77,0,0,13,14,27,0,21,64,19,104,18,8,26,130
01/30/2003,ACT,TX,ASW,CE,Towers with Radar,0,21,58,11,90,0,0,13,1,14,0,21,71,12,104,8,0,8,112
01/31/2003,ACT,TX,ASW,CE,Towers with Radar,0,20,54,1,75,0,0,68,5,73,0,20,122,6,148,14,0,14,162
02/01/2003,ACT,TX,ASW,CE,Towers with Radar,0,14,19,0,33,0,3,64,2,69,0,17,83,2,102,22,0,22,124
02/02/2003,ACT,TX,ASW,CE,Towers with Radar,0,15,25,15,55,0,0,29,1,30,0,15,54,16,85,28,24,52,137
02/03/2003,ACT,TX,ASW,CE,Towers with Radar,0,15,24,1,40,0,19,53,2,74,0,34,77,3,114,28,0,28,142
02/04/2003,ACT,TX,ASW,CE,Towers with Radar,1,16,34,0,51,1,19,64,4,88,2,35,98,4,139,50,8,58,197
02/05/2003,ACT,TX,ASW,CE,Towers with Radar,0,18,38,0,56,0,16,56,1,73,0,34,94,1,129,12,0,12,141
02/06/2003,ACT,TX,ASW,CE,Towers with Radar,0,19,32,1,52,0,5,10,0,15,0,24,42,1,67,0,0,0,67
02/07/2003,ACT,TX,ASW,CE,Towers with Radar,0,16,15,11,42,0,7,22,2,31,0,23,37,13,73,2,2,4,77
02/08/2003,ACT,TX,ASW,CE,Towers with Radar,0,14,28,16,58,0,1,7,2,10,0,15,35,18,68,12,0,12,80
02/09/2003,ACT,TX,ASW,CE,Towers with Radar,0,14,24,0,38,0,0,31,3,34,0,14,55,3,72,30,0,30,102
02/10/2003,ACT,TX,ASW,CE,Towers with Radar,0,18,21,1,40,0,8,88,1,97,0,26,109,2,137,58,0,58,195
02/11/2003,ACT,TX,ASW,CE,Towers with Radar,0,14,24,0,38,0,5,47,1,53,0,19,71,1,91,16,0,16,107
02/12/2003,ACT,TX,ASW,CE,Towers with Radar,2,15,26,0,43,0,2,29,3,34,2,17,55,3,77,8,0,8,85
02/13/2003,ACT,TX,ASW,CE,Towers with Radar,0,14,34,1,49,0,3,10,0,13,0,17,44,1,62,0,0,0,62
02/14/2003,ACT,TX,ASW,CE,Towers with Radar,0,14,11,0,25,0,4,9,0,13,0,18,20,0,38,0,0,0,38
02/15/2003,ACT,TX,ASW,CE,Towers with Radar,0,16,23,4,43,0,2,13,0,15,0,18,36,4,58,2,0,2,60
02/16/2003,ACT,TX,ASW,CE,Towers with Radar,0,16,13,3,32,0,3,18,1,22,0,19,31,4,54,14,4,18,72
02/17/2003,ACT,TX,ASW,CE,Towers with Radar,0,12,28,0,40,0,7,97,0,104,0,19,125,0,144,22,0,22,166
02/18/2003,ACT,TX,ASW,CE,Towers with Radar,1,19,26,15,61,0,0,22,10,32,1,19,48,25,93,0,10,10,103
02/19/2003,ACT,TX,ASW,CE,Towers with Radar,0,18,32,3,53,0,3,13,10,26,0,21,45,13,79,2,0,2,81
02/20/2003,ACT,TX,ASW,CE,Towers with Radar,4,14,13,2,33,0,6,8,1,15,4,20,21,3,48,0,0,0,48
02/21/2003,ACT,TX,ASW,CE,Towers with Radar,0,11,10,0,21,0,3,1,0,4,0,14,11,0,25,0,0,0,25
02/22/2003,ACT,TX,ASW,CE,Towers with Radar,0,19,24,0,43,0,7,10,6,23,0,26,34,6,66,0,0,0,66
02/23/2003,ACT,TX,ASW,CE,Towers with Radar,2,14,7,8,31,0,6,44,2,52,2,20,51,10,83,8,20,28,111
02/24/2003,ACT,TX,ASW,CE,Towers with Radar,0,10,3,0,13,0,0,21,0,21,0,10,24,0,34,6,0,6,40
02/25/2003,ACT,TX,ASW,CE,Towers with Radar,0,3,1,0,4,0,0,0,0,0,0,3,1,0,4,0,0,0,4
02/26/2003,ACT,TX,ASW,CE,Towers with Radar,0,5,4,0,9,0,2,2,0,4,0,7,6,0,13,0,0,0,13
02/27/2003,ACT,TX,ASW,CE,Towers with Radar,0,28,36,1,65,0,11,28,1,40,0,39,64,2,105,34,0,34,139
02/28/2003,ACT,TX,ASW,CE,Towers with Radar,0,24,50,0,74,0,2,22,4,28,0,26,72,4,102,56,0,56,158
03/01/2003,ACT,TX,ASW,CE,Towers with Radar,0,13,24,7,44,2,11,15,1,29,2,24,39,8,73,0,0,0,73
03/02/2003,ACT,TX,ASW,CE,Towers with Radar,0,15,21,21,57,0,3,28,22,53,0,18,49,43,110,14,14,28,138
03/03/2003,ACT,TX,ASW,CE,Towers with Radar,1,13,20,0,34,0,6,7,0,13,1,19,27,0,47,0,0,0,47
03/04/2003,ACT,TX,ASW,CE,Towers with Radar,0,17,51,7,75,0,2,33,2,37,0,19,84,9,112,8,5,13,125
03/05/2003,ACT,TX,ASW,CE,Towers with Radar,0,19,46,15,80,0,3,38,1,42,0,22,84,16,122,0,0,0,122
03/06/2003,ACT,TX,ASW,CE,Towers with Radar,2,18,49,4,73,0,1,67,2,70,2,19,116,6,143,34,0,34,177
03/07/2003,ACT,TX,ASW,CE,Towers with Radar,0,14,31,0,45,0,3,94,0,97,0,17,125,0,142,21,0,21,163
03/08/2003,ACT,TX,ASW,CE,Towers with Radar,0,11,23,22,56,0,0,32,31,63,0,11,55,53,119,4,26,30,149
03/09/2003,ACT,TX,ASW,CE,Towers with Radar,0,13,18,6,37,0,0,36,1,37,0,13,54,7,74,12,34,46,120
03/10/2003,ACT,TX,ASW,CE,Towers with Radar,0,17,30,2,49,0,2,29,21,52,0,19,59,23,101,10,18,28,129
03/11/2003,ACT,TX,ASW,CE,Towers with Radar,0,14,25,0,39,0,2,16,0,18,0,16,41,0,57,0,0,0,57
03/12/2003,ACT,TX,ASW,CE,Towers with Radar,0,16,32,12,60,0,4,13,7,24,0,20,45,19,84,4,0,4,88
03/13/2003,ACT,TX,ASW,CE,Towers with Radar,0,15,34,2,51,0,2,46,0,48,0,17,80,2,99,76,0,76,175
03/14/2003,ACT,TX,ASW,CE,Towers with Radar,0,14,24,1,39,0,17,85,6,108,0,31,109,7,147,56,8,64,211
03/15/2003,ACT,TX,ASW,CE,Towers with Radar,0,12,36,23,71,0,0,36,18,54,0,12,72,41,125,62,16,78,203
03/16/2003,ACT,TX,ASW,CE,Towers with Radar,0,12,25,9,46,0,2,36,6,44,0,14,61,15,90,10,14,24,114
03/17/2003,ACT,TX,ASW,CE,Towers with Radar,0,13,20,0,33,0,0,17,0,17,0,13,37,0,50,10,0,10,60
03/18/2003,ACT,TX,ASW,CE,Towers with Radar,0,10,11,1,22,0,2,29,3,34,0,12,40,4,56,36,0,36,92
03/19/2003,ACT,TX,ASW,CE,Towers with Radar,0,15,20,2,37,0,7,70,1,78,0,22,90,3,115,28,0,28,143
03/20/2003,ACT,TX,ASW,CE,Towers with Radar,0,14,21,1,36,0,4,38,2,44,0,18,59,3,80,22,0,22,102
03/21/2003,ACT,TX,ASW,CE,Towers with Radar,0,12,22,28,62,0,7,82,7,96,0,19,104,35,158,56,20,76,234
03/22/2003,ACT,TX,ASW,CE,Towers with Radar,0,10,19,23,52,0,1,18,12,31,0,11,37,35,83,14,18,32,115
03/23/2003,ACT,TX,ASW,CE,Towers with Radar,0,12,13,30,55,0,1,68,4,73,0,13,81,34,128,52,28,80,208
03/24/2003,ACT,TX,ASW,CE,Towers with Radar,0,13,23,4,40,0,2,84,0,86,0,15,107,4,126,50,4,54,180
03/25/2003,ACT,TX,ASW,CE,Towers with Radar,0,12,29,4,45,0,3,24,0,27,0,15,53,4,72,32,0,32,104
03/26/2003,ACT,TX,ASW,CE,Towers with Radar,0,10,39,15,64,0,12,98,2,112,0,22,137,17,176,56,4,60,236
03/27/2003,ACT,TX,ASW,CE,Towers with Radar,0,12,22,6,40,0,8,35,2,45,0,20,57,8,85,6,6,12,97
03/28/2003,ACT,TX,ASW,CE,Towers with Radar,0,12,15,22,49,0,1,31,17,49,0,13,46,39,98,8,28,36,134
03/29/2003,ACT,TX,ASW,CE,Towers with Radar,0,10,17,17,44,0,3,40,11,54,0,13,57,28,98,56,14,70,168
03/30/2003,ACT,TX,ASW,CE,Towers with Radar,0,11,15,2,28,0,2,44,0,46,0,13,59,2,74,14,0,14,88
03/31/2003,ACT,TX,ASW,CE,Towers with Radar,0,14,25,8,47,0,7,95,9,111,0,21,120,17,158,38,0,38,196
04/01/2003,ACT,TX,ASW,CE,Towers with Radar,0,10,30,5,45,0,10,61,0,71,0,20,91,5,116,36,0,36,152
04/02/2003,ACT,TX,ASW,CE,Towers with Radar,0,12,37,2,51,0,10,34,2,46,0,22,71,4,97,34,0,34,131
04/03/2003,ACT,TX,ASW,CE,Towers with Radar,0,13,36,2,51,0,2,30,9,41,0,15,66,11,92,64,0,64,156
04/04/2003,ACT,TX,ASW,CE,Towers with Radar,0,12,37,0,49,0,3,50,0,53,0,15,87,0,102,70,0,70,172
04/05/2003,ACT,TX,ASW,CE,Towers with Radar,0,11,13,5,29,0,6,43,6,55,0,17,56,11,84,48,16,64,148
04/06/2003,ACT,TX,ASW,CE,Towers with Radar,0,6,18,1,25,0,1,18,0,19,0,7,36,1,44,12,0,12,56
04/07/2003,ACT,TX,ASW,CE,Towers with Radar,0,7,15,6,28,0,12,49,14,75,0,19,64,20,103,24,14,38,141
04/08/2003,ACT,TX,ASW,CE,Towers with Radar,0,7,16,1,24,0,0,28,0,28,0,7,44,1,52,4,0,4,56
04/09/2003,ACT,TX,ASW,CE,Towers with Radar,0,9,38,2,49,0,3,84,0,87,0,12,122,2,136,51,0,51,187
04/10/2003,ACT,TX,ASW,CE,Towers with Radar,0,15,16,9,40,0,6,50,4,60,0,21,66,13,100,34,24,58,158
04/11/2003,ACT,TX,ASW,CE,Towers with Radar,0,10,31,1,42,0,1,73,5,79,0,11,104,6,121,16,8,24,145
04/12/2003,ACT,TX,ASW,CE,Towers with Radar,0,9,32,10,51,0,4,98,13,115,0,13,130,23,166,58,20,78,244
04/13/2003,ACT,TX,ASW,CE,Towers with Radar,0,10,20,2,32,0,0,49,2,51,0,10,69,4,83,26,6,32,115
04/14/2003,ACT,TX,ASW,CE,Towers with Radar,0,13,31,0,44,0,15,43,2,60,0,28,74,2,104,34,0,34,138
04/15/2003,ACT,TX,ASW,CE,Towers with Radar,0,15,27,3,45,0,10,54,1,65,0,25,81,4,110,34,6,40,150
04/16/2003,ACT,TX,ASW,CE,Towers with Radar,2,16,24,0,42,0,7,28,0,35,2,23,52,0,77,0,0,0,77
04/17/2003,ACT,TX,ASW,CE,Towers with Radar,2,13,30,0,45,0,2,17,0,19,2,15,47,0,64,0,0,0,64
04/18/2003,ACT,TX,ASW,CE,Towers with Radar,0,11,9,0,20,0,0,15,2,17,0,11,24,2,37,0,0,0,37
04/19/2003,ACT,TX,ASW,CE,Towers with Radar,0,7,11,0,18,0,0,11,0,11,0,7,22,0,29,0,0,0,29
04/20/2003,ACT,TX,ASW,CE,Towers with Radar,1,8,6,0,15,0,1,15,17,33,1,9,21,17,48,0,0,0,48
04/21/2003,ACT,TX,ASW,CE,Towers with Radar,2,13,27,1,43,0,0,52,1,53,2,13,79,2,96,24,2,26,122
04/22/2003,ACT,TX,ASW,CE,Towers with Radar,0,11,25,0,36,0,0,21,2,23,0,11,46,2,59,2,0,2,61
04/23/2003,ACT,TX,ASW,CE,Towers with Radar,0,12,22,2,36,0,1,9,2,12,0,13,31,4,48,0,0,0,48
04/24/2003,ACT,TX,ASW,CE,Towers with Radar,0,15,36,9,60,0,8,47,6,61,0,23,83,15,121,26,6,32,153
04/25/2003,ACT,TX,ASW,CE,Towers with Radar,0,13,25,18,56,0,7,90,5,102,0,20,115,23,158,34,6,40,198
04/26/2003,ACT,TX,ASW,CE,Towers with Radar,0,10,22,3,35,0,2,59,1,62,0,12,81,4,97,24,0,24,121
04/27/2003,ACT,TX,ASW,CE,Towers with Radar,0,13,19,6,38,0,1,55,4,60,0,14,74,10,98,16,0,16,114
04/28/2003,ACT,TX,ASW,CE,Towers with Radar,0,12,33,3,48,0,1,33,0,34,0,13,66,3,82,16,0,16,98
04/29/2003,ACT,TX,ASW,CE,Towers with Radar,0,24,39,14,77,0,0,52,0,52,0,24,91,14,129,8,2,10,139
04/30/2003,ACT,TX,ASW,CE,Towers with Radar,0,11,41,2,54,0,7,20,0,27,0,18,61,2,81,6,0,6,87
05/01/2003,ACT,TX,ASW,CE,Towers with Radar,0,0,23,2,25,4,25,34,0,63,4,25,57,2,88,0,0,0,88
05/02/2003,ACT,TX,ASW,CE,Towers with Radar,0,0,15,0,15,2,25,34,0,61,2,25,49,0,76,2,0,2,78
05/03/2003,ACT,TX,ASW,CE,Towers with Radar,0,0,21,3,24,0,13,4,1,18,0,13,25,4,42,0,0,0,42
05/04/2003,ACT,TX,ASW,CE,Towers with Radar,0,0,14,2,16,0,14,3,4,21,0,14,17,6,37,0,0,0,37
05/05/2003,ACT,TX,ASW,CE,Towers with Radar,0,0,40,0,40,2,23,32,5,62,2,23,72,5,102,30,0,30,132
05/06/2003,ACT,TX,ASW,CE,Towers with Radar,0,0,28,3,31,0,13,25,0,38,0,13,53,3,69,6,0,6,75
05/07/2003,ACT,TX,ASW,CE,Towers with Radar,0,0,54,2,56,0,21,32,0,53,0,21,86,2,109,28,0,28,137
05/08/2003,ACT,TX,ASW,CE,Towers with Radar,0,0,24,2,26,0,22,45,0,67,0,22,69,2,93,50,0,50,143
05/09/2003,ACT,TX,ASW,CE,Towers with Radar,0,0,49,27,76,0,16,41,17,74,0,16,90,44,150,2,4,6,156
05/10/2003,ACT,TX,ASW,CE,Towers with Radar,0,0,38,8,46,0,10,71,0,81,0,10,109,8,127,16,0,16,143
05/11/2003,ACT,TX,ASW,CE,Towers with Radar,0,0,10,26,36,0,11,40,9,60,0,11,50,35,96,34,32,66,162
05/12/2003,ACT,TX,ASW,CE,Towers with Radar,0,8,32,4,44,0,12,60,4,76,0,20,92,8,120,36,0,36,156
05/13/2003,ACT,TX,ASW,CE,Towers with Radar,0,20,63,2,85,0,0,42,2,44,0,20,105,4,129,24,0,24,153
05/14/2003,ACT,TX,ASW,CE,Towers with Radar,0,18,39,3,60,0,0,58,3,61,0,18,97,6,121,24,0,24,145
05/15/2003,ACT,TX,ASW,CE,Towers with Radar,0,29,63,6,98,0,0,50,3,53,0,29,113,9,151,36,0,36,187
05/16/2003,ACT,TX,ASW,CE,Towers with Radar,0,19,57,18,94,0,0,43,4,47,0,19,100,22,141,14,6,20,161
05/17/2003,ACT,TX,ASW,CE,Towers with Radar,0,0,30,11,41,0,14,49,6,69,0,14,79,17,110,78,12,90,200
05/18/2003,ACT,TX,ASW,CE,Towers with Radar,0,0,23,5,28,0,15,69,3,87,0,15,92,8,115,60,10,70,185
05/19/2003,ACT,TX,ASW,CE,Towers with Radar,0,21,45,9,75,0,0,76,3,79,0,21,121,12,154,54,0,54,208
05/20/2003,ACT,TX,ASW,CE,Towers with Radar,0,2,31,0,33,0,11,16,0,27,0,13,47,0,60,4,0,4,64
05/21/2003,ACT,TX,ASW,CE,Towers with Radar,0,21,35,15,71,2,4,24,2,32,2,25,59,17,103,10,0,10,113
05/22/2003,ACT,TX,ASW,CE,Towers with Radar,2,20,26,3,51,0,3,38,4,45,2,23,64,7,96,0,2,2,98
05/23/2003,ACT,TX,ASW,CE,Towers with Radar,0,17,23,2,42,0,0,25,2,27,0,17,48,4,69,0,0,0,69
05/24/2003,ACT,TX,ASW,CE,Towers with Radar,0,0,7,1,8,2,11,15,3,31,2,11,22,4,39,0,0,0,39
05/25/2003,ACT,TX,ASW,CE,Towers with Radar,0,0,7,0,7,2,14,18,0,34,2,14,25,0,41,8,0,8,49
05/26/2003,ACT,TX,ASW,CE,Towers with Radar,0,0,13,0,13,2,13,13,0,28,2,13,26,0,41,0,0,0,41
05/27/2003,ACT,TX,ASW,CE,Towers with Radar,0,0,26,13,39,0,21,46,16,83,0,21,72,29,122,34,12,46,168
05/28/2003,ACT,TX,ASW,CE,Towers with Radar,0,0,33,9,42,0,15,84,6,105,0,15,117,15,147,76,0,76,223
05/29/2003,ACT,TX,ASW,CE,Towers with Radar,0,12,20,3,35,2,12,67,3,84,2,24,87,6,119,72,0,72,191
05/30/2003,ACT,TX,ASW,CE,Towers with Radar,0,0,27,0,27,0,21,77,0,98,0,21,104,0,125,68,0,68,193
05/31/2003,ACT,TX,ASW,CE,Towers with Radar,0,0,18,0,18,0,11,36,0,47,0,11,54,0,65,14,0,14,79
06/01/2003,ACT,TX,ASW,CE,Towers with Radar,0,0,12,0,12,0,16,46,0,62,0,16,58,0,74,62,0,62,136
06/02/2003,ACT,TX,ASW,CE,Towers with Radar,0,0,19,0,19,0,31,39,0,70,0,31,58,0,89,34,0,34,123
06/03/2003,ACT,TX,ASW,CE,Towers with Radar,0,0,22,0,22,3,21,47,0,71,3,21,69,0,93,50,0,50,143
06/04/2003,ACT,TX,ASW,CE,Towers with Radar,0,0,42,1,43,0,16,38,3,57,0,16,80,4,100,18,4,22,122
06/05/2003,ACT,TX,ASW,CE,Towers with Radar,0,0,36,5,41,0,24,28,0,52,0,24,64,5,93,20,0,20,113
06/06/2003,ACT,TX,ASW,CE,Towers with Radar,0,0,22,11,33,0,20,81,0,101,0,20,103,11,134,64,0,64,198
06/07/2003,ACT,TX,ASW,CE,Towers with Radar,0,0,21,24,45,0,10,75,4,89,0,10,96,28,134,44,10,54,188
06/08/2003,ACT,TX,ASW,CE,Towers with Radar,0,0,16,0,16,0,16,29,0,45,0,16,45,0,61,14,0,14,75
06/09/2003,ACT,TX,ASW,CE,Towers with Radar,0,0,22,0,22,0,29,65,3,97,0,29,87,3,119,34,0,34,153
06/10/2003,ACT,TX,ASW,CE,Towers with Radar,0,22,32,0,54,0,0,66,0,66,0,22,98,0,120,68,0,68,188
06/11/2003,ACT,TX,ASW,CE,Towers with Radar,0,15,32,3,50,0,0,72,6,78,0,15,104,9,128,62,0,62,190
06/12/2003,ACT,TX,ASW,CE,Towers with Radar,4,27,33,11,75,0,4,37,9,50,4,31,70,20,125,42,4,46,171
06/13/2003,ACT,TX,ASW,CE,Towers with Radar,0,0,17,0,17,0,28,33,0,61,0,28,50,0,78,0,0,0,78
06/14/2003,ACT,TX,ASW,CE,Towers with Radar,0,0,23,6,29,0,17,81,2,100,0,17,104,8,129,44,18,62,191
06/15/2003,ACT,TX,ASW,CE,Towers with Radar,0,0,22,3,25,0,20,46,3,69,0,20,68,6,94,54,0,54,148
06/16/2003,ACT,TX,ASW,CE,Towers with Radar,0,5,33,2,40,0,19,65,0,84,0,24,98,2,124,44,0,44,168
06/17/2003,ACT,TX,ASW,CE,Towers with Radar,0,22,18,32,72,0,4,55,0,59,0,26,73,32,131,26,22,48,179
06/18/2003,ACT,TX,ASW,CE,Towers with Radar,0,21,50,3,74,0,0,82,2,84,0,21,132,5,158,42,2,44,202
06/19/2003,ACT,TX,ASW,CE,Towers with Radar,0,25,26,6,57,0,0,77,2,79,0,25,103,8,136,68,2,70,206
06/20/2003,ACT,TX,ASW,CE,Towers with Radar,0,13,26,28,67,0,6,119,21,146,0,19,145,49,213,74,34,108,321
06/21/2003,ACT,TX,ASW,CE,Towers with Radar,0,0,48,29,77,0,21,63,32,116,0,21,111,61,193,52,36,88,281
06/22/2003,ACT,TX,ASW,CE,Towers with Radar,0,0,6,33,39,0,17,56,26,99,0,17,62,59,138,14,62,76,214
06/23/2003,ACT,TX,ASW,CE,Towers with Radar,0,0,17,2,19,0,21,64,3,88,0,21,81,5,107,12,0,12,119
06/24/2003,ACT,TX,ASW,CE,Towers with Radar,0,18,37,16,71,0,0,55,5,60,0,18,92,21,131,28,26,54,185
06/25/2003,ACT,TX,ASW,CE,Towers with Radar,0,5,22,0,27,2,12,82,0,96,2,17,104,0,123,32,0,32,155
06/26/2003,ACT,TX,ASW,CE,Towers with Radar,0,17,29,1,47,0,0,63,6,69,0,17,92,7,116,10,10,20,136
06/27/2003,ACT,TX,ASW,CE,Towers with Radar,0,23,47,3,73,0,0,89,5,94,0,23,136,8,167,48,2,50,217
06/28/2003,ACT,TX,ASW,CE,Towers with Radar,0,0,5,6,11,2,8,15,0,25,2,8,20,6,36,0,0,0,36
06/29/2003,ACT,TX,ASW,CE,Towers with Radar,0,0,10,6,16,1,13,7,4,25,1,13,17,10,41,0,0,0,41
06/30/2003,ACT,TX,ASW,CE,Towers with Radar,0,0,29,0,29,0,18,67,0,85,0,18,96,0,114,10,0,10,124
07/01/2003,ACT,TX,ASW,CE,Towers with Radar,0,0,11,0,11,2,29,74,0,105,2,29,85,0,116,64,0,64,180
07/02/2003,ACT,TX,ASW,CE,Towers with Radar,0,0,28,0,28,0,42,61,0,103,0,42,89,0,131,8,0,8,139
07/03/2003,ACT,TX,ASW,CE,Towers with Radar,0,0,13,0,13,0,28,75,0,103,0,28,88,0,116,80,0,80,196
07/04/2003,ACT,TX,ASW,CE,Towers with Radar,0,0,6,0,6,0,10,76,0,86,0,10,82,0,92,16,0,16,108
07/05/2003,ACT,TX,ASW,CE,Towers with Radar,0,0,0,0,0,0,6,15,0,21,0,6,15,0,21,24,0,24,45
07/06/2003,ACT,TX,ASW,CE,Towers with Radar,0,0,0,0,0,0,14,40,0,54,0,14,40,0,54,20,0,20,74
07/07/2003,ACT,TX,ASW,CE,Towers with Radar,0,0,17,16,33,0,19,31,0,50,0,19,48,16,83,10,16,26,109
07/08/2003,ACT,TX,ASW,CE,Towers with Radar,0,0,31,3,34,0,21,35,4,60,0,21,66,7,94,42,0,42,136
07/09/2003,ACT,TX,ASW,CE,Towers with Radar,0,0,26,0,26,0,19,61,0,80,0,19,87,0,106,16,4,20,126
07/10/2003,ACT,TX,ASW,CE,Towers with Radar,0,0,43,21,64,6,29,75,17,127,6,29,118,38,191,102,22,124,315
07/11/2003,ACT,TX,ASW,CE,Towers with Radar,0,0,2,6,8,0,18,95,0,113,0,18,97,6,121,44,0,44,165
07/12/2003,ACT,TX,ASW,CE,Towers with Radar,0,0,33,6,39,0,9,47,0,56,0,9,80,6,95,10,6,16,111
07/13/2003,ACT,TX,ASW,CE,Towers with Radar,0,0,7,31,38,0,17,70,4,91,0,17,77,35,129,14,14,28,157
07/14/2003,ACT,TX,ASW,CE,Towers with Radar,0,0,14,3,17,0,16,92,0,108,0,16,106,3,125,38,2,40,165
07/15/2003,ACT,TX,ASW,CE,Towers with Radar,0,0,13,3,16,0,18,57,0,75,0,18,70,3,91,20,4,24,115
07/16/2003,ACT,TX,ASW,CE,Towers with Radar,0,0,42,4,46,0,17,49,11,77,0,17,91,15,123,30,0,30,153
07/17/2003,ACT,TX,ASW,CE,Towers with Radar,0,0,29,6,35,0,22,77,5,104,0,22,106,11,139,96,8,104,243
07/18/2003,ACT,TX,ASW,CE,Towers with Radar,1,17,19,2,39,0,1,24,4,29,1,18,43,6,68,6,0,6,74
07/19/2003,ACT,TX,ASW,CE,Towers with Radar,0,17,39,2,58,0,0,2,4,6,0,17,41,6,64,0,0,0,64
07/20/2003,ACT,TX,ASW,CE,Towers with Radar,0,14,15,2,31,0,0,16,2,18,0,14,31,4,49,0,0,0,49
07/21/2003,ACT,TX,ASW,CE,Towers with Radar,0,13,26,2,41,2,5,37,7,51,2,18,63,9,92,12,0,12,104
07/22/2003,ACT,TX,ASW,CE,Towers with Radar,0,17,58,2,77,0,0,42,6,48,0,17,100,8,125,22,12,34,159
07/23/2003,ACT,TX,ASW,CE,Towers with Radar,0,19,46,0,65,0,0,6,0,6,0,19,52,0,71,10,0,10,81
07/24/2003,ACT,TX,ASW,CE,Towers with Radar,0,18,63,2,83,0,0,40,4,44,0,18,103,6,127,18,6,24,151
07/25/2003,ACT,TX,ASW,CE,Towers with Radar,0,14,54,2,70,0,0,23,2,25,0,14,77,4,95,36,14,50,145
07/26/2003,ACT,TX,ASW,CE,Towers with Radar,0,11,10,5,26,0,0,59,27,86,0,11,69,32,112,28,16,44,156
07/27/2003,ACT,TX,ASW,CE,Towers with Radar,0,13,17,2,32,0,0,28,6,34,0,13,45,8,66,26,0,26,92
07/28/2003,ACT,TX,ASW,CE,Towers with Radar,0,15,13,2,30,0,0,55,17,72,0,15,68,19,102,12,12,24,126
07/29/2003,ACT,TX,ASW,CE,Towers with Radar,0,10,38,2,50,0,3,50,9,62,0,13,88,11,112,60,10,70,182
07/30/2003,ACT,TX,ASW,CE,Towers with Radar,0,17,62,2,81,0,0,14,3,17,0,17,76,5,98,40,0,40,138
07/31/2003,ACT,TX,ASW,CE,Towers with Radar,0,16,55,0,71,0,0,19,0,19,0,16,74,0,90,22,0,22,112
08/01/2003,ACT,TX,ASW,CE,Towers with Radar,0,22,46,4,72,0,8,89,14,111,0,30,135,18,183,48,6,54,237
08/02/2003,ACT,TX,ASW,CE,Towers with Radar,2,13,10,1,26,0,1,39,1,41,2,14,49,2,67,26,0,26,93
08/03/2003,ACT,TX,ASW,CE,Towers with Radar,0,18,13,10,41,0,3,11,2,16,0,21,24,12,57,0,0,0,57
08/04/2003,ACT,TX,ASW,CE,Towers with Radar,0,25,23,0,48,0,9,7,4,20,0,34,30,4,68,0,0,0,68
08/05/2003,ACT,TX,ASW,CE,Towers with Radar,0,22,20,3,45,0,6,30,0,36,0,28,50,3,81,0,0,0,81
08/06/2003,ACT,TX,ASW,CE,Towers with Radar,2,33,15,2,52,0,7,13,0,20,2,40,28,2,72,0,0,0,72
08/07/2003,ACT,TX,ASW,CE,Towers with Radar,0,31,39,0,70,0,5,17,1,23,0,36,56,1,93,0,0,0,93
08/08/2003,ACT,TX,ASW,CE,Towers with Radar,0,32,23,2,57,0,0,29,2,31,0,32,52,4,88,0,0,0,88
08/09/2003,ACT,TX,ASW,CE,Towers with Radar,2,64,79,1,146,0,0,11,0,11,2,64,90,1,157,0,0,0,157
08/10/2003,ACT,TX,ASW,CE,Towers with Radar,1,22,12,3,38,0,1,8,0,9,1,23,20,3,47,0,0,0,47
08/11/2003,ACT,TX,ASW,CE,Towers with Radar,4,18,26,0,48,0,4,21,0,25,4,22,47,0,73,0,0,0,73
08/12/2003,ACT,TX,ASW,CE,Towers with Radar,0,19,36,2,57,1,1,14,0,16,1,20,50,2,73,0,0,0,73
08/13/2003,ACT,TX,ASW,CE,Towers with Radar,0,22,12,1,35,0,0,14,3,17,0,22,26,4,52,0,0,0,52
08/14/2003,ACT,TX,ASW,CE,Towers with Radar,1,19,28,0,48,0,6,27,0,33,1,25,55,0,81,22,0,22,103
08/15/2003,ACT,TX,ASW,CE,Towers with Radar,0,22,25,6,53,0,0,47,3,50,0,22,72,9,103,38,2,40,143
08/16/2003,ACT,TX,ASW,CE,Towers with Radar,1,14,14,0,29,0,0,22,2,24,1,14,36,2,53,0,0,0,53
08/17/2003,ACT,TX,ASW,CE,Towers with Radar,0,16,11,1,28,0,0,18,1,19,0,16,29,2,47,0,0,0,47
08/18/2003,ACT,TX,ASW,CE,Towers with Radar,0,26,12,2,40,0,3,31,2,36,0,29,43,4,76,0,0,0,76
08/19/2003,ACT,TX,ASW,CE,Towers with Radar,0,21,14,1,36,0,3,13,3,19,0,24,27,4,55,0,0,0,55
08/20/2003,ACT,TX,ASW,CE,Towers with Radar,0,22,19,3,44,0,0,19,0,19,0,22,38,3,63,0,0,0,63
08/21/2003,ACT,TX,ASW,CE,Towers with Radar,1,30,27,2,60,0,4,20,0,24,1,34,47,2,84,0,0,0,84
08/22/2003,ACT,TX,ASW,CE,Towers with Radar,2,25,19,0,46,0,0,27,0,27,2,25,46,0,73,0,0,0,73
08/23/2003,ACT,TX,ASW,CE,Towers with Radar,1,14,22,0,37,0,0,11,2,13,1,14,33,2,50,0,0,0,50
08/24/2003,ACT,TX,ASW,CE,Towers with Radar,0,16,14,0,30,0,0,19,0,19,0,16,33,0,49,0,0,0,49
08/25/2003,ACT,TX,ASW,CE,Towers with Radar,0,23,21,0,44,0,4,15,4,23,0,27,36,4,67,0,0,0,67
08/26/2003,ACT,TX,ASW,CE,Towers with Radar,3,15,19,0,37,1,2,28,5,36,4,17,47,5,73,0,0,0,73
08/27/2003,ACT,TX,ASW,CE,Towers with Radar,2,20,26,0,48,0,4,20,2,26,2,24,46,2,74,0,0,0,74
08/28/2003,ACT,TX,ASW,CE,Towers with Radar,0,29,26,0,55,0,4,17,1,22,0,33,43,1,77,0,0,0,77
08/29/2003,ACT,TX,ASW,CE,Towers with Radar,2,23,20,3,48,0,1,32,0,33,2,24,52,3,81,0,0,0,81
08/30/2003,ACT,TX,ASW,CE,Towers with Radar,2,12,17,10,41,0,2,9,3,14,2,14,26,13,55,4,22,26,81
08/31/2003,ACT,TX,ASW,CE,Towers with Radar,1,18,8,0,27,0,0,4,0,4,1,18,12,0,31,0,0,0,31
09/01/2003,ACT,TX,ASW,CE,Towers with Radar,0,19,19,0,38,0,2,20,0,22,0,21,39,0,60,0,0,0,60
09/02/2003,ACT,TX,ASW,CE,Towers with Radar,0,17,32,0,49,0,3,20,2,25,0,20,52,2,74,34,14,48,122
09/03/2003,ACT,TX,ASW,CE,Towers with Radar,0,19,37,4,60,0,7,35,2,44,0,26,72,6,104,74,0,74,178
09/04/2003,ACT,TX,ASW,CE,Towers with Radar,0,20,30,0,50,0,7,56,0,63,0,27,86,0,113,32,0,32,145
09/05/2003,ACT,TX,ASW,CE,Towers with Radar,0,27,34,37,98,0,4,57,12,73,0,31,91,49,171,18,26,44,215
09/06/2003,ACT,TX,ASW,CE,Towers with Radar,0,15,22,23,60,0,2,40,16,58,0,17,62,39,118,10,26,36,154
09/07/2003,ACT,TX,ASW,CE,Towers with Radar,0,18,14,22,54,0,0,55,11,66,0,18,69,33,120,32,4,36,156
09/08/2003,ACT,TX,ASW,CE,Towers with Radar,0,20,24,21,65,0,2,47,1,50,0,22,71,22,115,36,10,46,161
09/09/2003,ACT,TX,ASW,CE,Towers with Radar,1,17,24,0,42,0,7,21,0,28,1,24,45,0,70,50,0,50,120
09/10/2003,ACT,TX,ASW,CE,Towers with Radar,0,29,26,4,59,0,15,15,2,32,0,44,41,6,91,10,0,10,101
09/11/2003,ACT,TX,ASW,CE,Towers with Radar,8,33,50,11,102,1,0,25,10,36,9,33,75,21,138,4,4,8,146
09/12/2003,ACT,TX,ASW,CE,Towers with Radar,2,22,42,29,95,0,11,14,9,34,2,33,56,38,129,0,0,0,129
09/13/2003,ACT,TX,ASW,CE,Towers with Radar,0,20,35,8,63,0,9,72,3,84,0,29,107,11,147,26,6,32,179
09/14/2003,ACT,TX,ASW,CE,Towers with Radar,0,17,25,6,48,0,0,11,0,11,0,17,36,6,59,0,4,4,63
09/15/2003,ACT,TX,ASW,CE,Towers with Radar,0,20,17,10,47,0,8,42,3,53,0,28,59,13,100,34,4,38,138
09/16/2003,ACT,TX,ASW,CE,Towers with Radar,0,19,16,0,35,0,1,63,0,64,0,20,79,0,99,24,0,24,123
09/17/2003,ACT,TX,ASW,CE,Towers with Radar,0,21,28,20,69,0,10,50,1,61,0,31,78,21,130,14,0,14,144
09/18/2003,ACT,TX,ASW,CE,Towers with Radar,2,23,38,12,75,0,3,20,4,27,2,26,58,16,102,4,4,8,110
09/19/2003,ACT,TX,ASW,CE,Towers with Radar,0,22,40,10,72,0,0,29,5,34,0,22,69,15,106,14,4,18,124
09/20/2003,ACT,TX,ASW,CE,Towers with Radar,0,16,16,0,32,0,0,57,0,57,0,16,73,0,89,80,0,80,169
09/21/2003,ACT,TX,ASW,CE,Towers with Radar,0,18,18,17,53,0,0,13,6,19,0,18,31,23,72,6,8,14,86
09/22/2003,ACT,TX,ASW,CE,Towers with Radar,0,24,32,3,59,0,1,61,0,62,0,25,93,3,121,74,26,100,221
09/23/2003,ACT,TX,ASW,CE,Towers with Radar,0,19,18,0,37,0,1,41,0,42,0,20,59,0,79,46,0,46,125
09/24/2003,ACT,TX,ASW,CE,Towers with Radar,0,19,13,0,32,0,8,55,0,63,0,27,68,0,95,2,0,2,97
09/25/2003,ACT,TX,ASW,CE,Towers with Radar,0,22,24,2,48,0,1,51,1,53,0,23,75,3,101,46,0,46,147
09/26/2003,ACT,TX,ASW,CE,Towers with Radar,0,21,30,0,51,0,6,35,0,41,0,27,65,0,92,34,0,34,126
09/27/2003,ACT,TX,ASW,CE,Towers with Radar,0,14,3,0,17,0,0,55,0,55,0,14,58,0,72,4,0,4,76
09/28/2003,ACT,TX,ASW,CE,Towers with Radar,0,18,15,0,33,0,1,56,0,57,0,19,71,0,90,26,0,26,116
09/29/2003,ACT,TX,ASW,CE,Towers with Radar,0,24,38,0,62,0,8,62,0,70,0,32,100,0,132,22,0,22,154
09/30/2003,ACT,TX,ASW,CE,Towers with Radar,0,22,41,2,65,0,7,49,2,58,0,29,90,4,123,46,0,46,169
10/01/2003,ACT,TX,ASW,CE,Towers with Radar,0,21,22,0,43,0,17,58,0,75,0,38,80,0,118,38,0,38,156
10/02/2003,ACT,TX,ASW,CE,Towers with Radar,0,24,26,9,59,0,13,73,0,86,0,37,99,9,145,40,4,44,189
10/03/2003,ACT,TX,ASW,CE,Towers with Radar,0,24,40,5,69,2,7,76,0,85,2,31,116,5,154,20,0,20,174
10/04/2003,ACT,TX,ASW,CE,Towers with Radar,0,13,30,6,49,2,2,74,0,78,2,15,104,6,127,10,2,12,139
10/05/2003,ACT,TX,ASW,CE,Towers with Radar,0,22,26,0,48,0,2,19,0,21,0,24,45,0,69,16,0,16,85
10/06/2003,ACT,TX,ASW,CE,Towers with Radar,0,28,42,6,76,2,8,41,9,60,2,36,83,15,136,30,8,38,174
10/07/2003,ACT,TX,ASW,CE,Towers with Radar,0,20,39,0,59,0,0,46,2,48,0,20,85,2,107,16,0,16,123
10/08/2003,ACT,TX,ASW,CE,Towers with Radar,0,20,26,2,48,0,6,25,0,31,0,26,51,2,79,0,0,0,79
10/09/2003,ACT,TX,ASW,CE,Towers with Radar,0,27,21,2,50,0,1,14,0,15,0,28,35,2,65,0,0,0,65
10/10/2003,ACT,TX,ASW,CE,Towers with Radar,0,26,47,1,74,0,1,13,0,14,0,27,60,1,88,14,0,14,102
10/11/2003,ACT,TX,ASW,CE,Towers with Radar,0,14,18,0,32,1,3,30,0,34,1,17,48,0,66,28,0,28,94
10/12/2003,ACT,TX,ASW,CE,Towers with Radar,0,20,15,8,43,0,2,11,7,20,0,22,26,15,63,0,0,0,63
10/13/2003,ACT,TX,ASW,CE,Towers with Radar,0,24,32,0,56,0,8,45,0,53,0,32,77,0,109,16,0,16,125
10/14/2003,ACT,TX,ASW,CE,Towers with Radar,0,22,31,0,53,0,4,43,1,48,0,26,74,1,101,16,0,16,117
10/15/2003,ACT,TX,ASW,CE,Towers with Radar,0,23,33,4,60,0,13,82,4,99,0,36,115,8,159,14,8,22,181
10/16/2003,ACT,TX,ASW,CE,Towers with Radar,0,24,39,2,65,0,9,33,2,44,0,33,72,4,109,22,0,22,131
10/17/2003,ACT,TX,ASW,CE,Towers with Radar,0,25,33,6,64,2,12,55,0,69,2,37,88,6,133,0,0,0,133
10/18/2003,ACT,TX,ASW,CE,Towers with Radar,0,19,21,3,43,1,0,64,2,67,1,19,85,5,110,66,0,66,176
10/19/2003,ACT,TX,ASW,CE,Towers with Radar,0,21,20,2,43,0,0,57,0,57,0,21,77,2,100,17,0,17,117
10/20/2003,ACT,TX,ASW,CE,Towers with Radar,0,25,35,8,68,0,11,59,0,70,0,36,94,8,138,12,2,14,152
10/21/2003,ACT,TX,ASW,CE,Towers with Radar,0,22,27,5,54,0,9,59,0,68,0,31,86,5,122,6,0,6,128
10/22/2003,ACT,TX,ASW,CE,Towers with Radar,0,25,10,6,41,0,1,65,1,67,0,26,75,7,108,44,8,52,160
10/23/2003,ACT,TX,ASW,CE,Towers with Radar,0,27,29,2,58,1,0,71,12,84,1,27,100,14,142,27,16,43,185
10/24/2003,ACT,TX,ASW,CE,Towers with Radar,0,22,41,8,71,0,4,62,6,72,0,26,103,14,143,54,8,62,205
10/25/2003,ACT,TX,ASW,CE,Towers with Radar,0,21,12,15,48,0,3,48,21,72,0,24,60,36,120,14,20,34,154
10/26/2003,ACT,TX,ASW,CE,Towers with Radar,0,17,31,16,64,2,3,19,0,24,2,20,50,16,88,2,18,20,108
10/27/2003,ACT,TX,ASW,CE,Towers with Radar,0,28,33,0,61,0,3,41,0,44,0,31,74,0,105,12,0,12,117
10/28/2003,ACT,TX,ASW,CE,Towers with Radar,0,20,31,0,51,0,5,76,4,85,0,25,107,4,136,12,0,12,148
10/29/2003,ACT,TX,ASW,CE,Towers with Radar,0,26,41,4,71,1,3,40,3,47,1,29,81,7,118,22,0,22,140
10/30/2003,ACT,TX,ASW,CE,Towers with Radar,0,22,23,8,53,3,13,24,15,55,3,35,47,23,108,50,26,76,184
10/31/2003,ACT,TX,ASW,CE,Towers with Radar,3,35,18,4,60,0,0,14,8,22,3,35,32,12,82,0,0,0,82
11/01/2003,ACT,TX,ASW,CE,Towers with Radar,0,7,11,33,51,5,11,25,5,46,5,18,36,38,97,2,22,24,121
11/02/2003,ACT,TX,ASW,CE,Towers with Radar,0,6,7,0,13,0,14,9,2,25,0,20,16,2,38,0,0,0,38
11/03/2003,ACT,TX,ASW,CE,Towers with Radar,0,16,24,1,41,4,11,9,1,25,4,27,33,2,66,0,0,0,66
11/04/2003,ACT,TX,ASW,CE,Towers with Radar,0,21,32,7,60,1,11,29,3,44,1,32,61,10,104,34,0,34,138
11/05/2003,ACT,TX,ASW,CE,Towers with Radar,0,20,20,5,45,0,19,23,0,42,0,39,43,5,87,12,0,12,99
11/06/2003,ACT,TX,ASW,CE,Towers with Radar,0,15,33,9,57,0,17,21,0,38,0,32,54,9,95,0,0,0,95
11/07/2003,ACT,TX,ASW,CE,Towers with Radar,0,12,70,0,82,2,21,11,0,34,2,33,81,0,116,0,0,0,116
11/08/2003,ACT,TX,ASW,CE,Towers with Radar,0,9,24,2,35,2,12,0,0,14,2,21,24,2,49,0,0,0,49
11/09/2003,ACT,TX,ASW,CE,Towers with Radar,0,7,30,0,37,0,16,6,0,22,0,23,36,0,59,0,0,0,59
11/10/2003,ACT,TX,ASW,CE,Towers with Radar,0,17,45,7,69,0,27,55,0,82,0,44,100,7,151,49,16,65,216
11/11/2003,ACT,TX,ASW,CE,Towers with Radar,0,6,29,0,35,0,27,55,0,82,0,33,84,0,117,52,0,52,169
11/12/2003,ACT,TX,ASW,CE,Towers with Radar,0,20,32,3,55,0,15,32,5,52,0,35,64,8,107,42,8,50,157
11/13/2003,ACT,TX,ASW,CE,Towers with Radar,0,8,35,6,49,0,22,53,0,75,0,30,88,6,124,6,2,8,132
11/14/2003,ACT,TX,ASW,CE,Towers with Radar,0,8,35,9,52,0,14,46,4,64,0,22,81,13,116,20,12,32,148
11/15/2003,ACT,TX,ASW,CE,Towers with Radar,0,4,22,0,26,0,14,21,0,35,0,18,43,0,61,4,0,4,65
11/16/2003,ACT,TX,ASW,CE,Towers with Radar,0,8,16,5,29,0,13,5,1,19,0,21,21,6,48,0,2,2,50
11/17/2003,ACT,TX,ASW,CE,Towers with Radar,0,17,12,0,29,2,19,7,0,28,2,36,19,0,57,0,0,0,57
11/18/2003,ACT,TX,ASW,CE,Towers with Radar,0,10,15,1,26,0,20,47,1,68,0,30,62,2,94,14,0,14,108
11/19/2003,ACT,TX,ASW,CE,Towers with Radar,0,11,32,3,46,0,8,81,9,98,0,19,113,12,144,12,8,20,164
11/20/2003,ACT,TX,ASW,CE,Towers with Radar,0,14,19,14,47,0,22,73,0,95,0,36,92,14,142,22,4,26,168
11/21/2003,ACT,TX,ASW,CE,Towers with Radar,0,12,29,2,43,1,15,50,0,66,1,27,79,2,109,4,6,10,119
11/22/2003,ACT,TX,ASW,CE,Towers with Radar,0,3,14,17,34,1,18,31,0,50,1,21,45,17,84,1,26,27,111
11/23/2003,ACT,TX,ASW,CE,Towers with Radar,0,5,5,6,16,0,14,17,16,47,0,19,22,22,63,0,10,10,73
11/24/2003,ACT,TX,ASW,CE,Towers with Radar,0,7,33,6,46,1,20,57,1,79,1,27,90,7,125,30,34,64,189
11/25/2003,ACT,TX,ASW,CE,Towers with Radar,1,22,30,4,57,0,12,48,1,61,1,34,78,5,118,12,0,12,130
11/26/2003,ACT,TX,ASW,CE,Towers with Radar,2,40,24,2,68,0,8,12,2,22,2,48,36,4,90,0,0,0,90
11/27/2003,ACT,TX,ASW,CE,Towers with Radar,0,21,8,0,29,0,0,8,0,8,0,21,16,0,37,0,0,0,37
11/28/2003,ACT,TX,ASW,CE,Towers with Radar,0,26,7,0,33,0,0,20,0,20,0,26,27,0,53,0,0,0,53
11/29/2003,ACT,TX,ASW,CE,Towers with Radar,0,18,18,0,36,0,0,17,2,19,0,18,35,2,55,0,0,0,55
11/30/2003,ACT,TX,ASW,CE,Towers with Radar,0,19,30,0,49,2,0,35,0,37,2,19,65,0,86,20,0,20,106
12/01/2003,ACT,TX,ASW,CE,Towers with Radar,0,23,40,0,63,0,9,56,0,65,0,32,96,0,128,12,0,12,140
12/02/2003,ACT,TX,ASW,CE,Towers with Radar,0,22,46,2,70,0,9,54,4,67,0,31,100,6,137,46,0,46,183
12/03/2003,ACT,TX,ASW,CE,Towers with Radar,0,30,33,1,64,0,12,51,3,66,0,42,84,4,130,20,8,28,158
12/04/2003,ACT,TX,ASW,CE,Towers with Radar,2,21,28,0,51,0,10,63,0,73,2,31,91,0,124,12,0,12,136
12/05/2003,ACT,TX,ASW,CE,Towers with Radar,0,24,37,11,72,0,5,27,0,32,0,29,64,11,104,14,6,20,124
12/06/2003,ACT,TX,ASW,CE,Towers with Radar,0,16,29,3,48,0,0,88,1,89,0,16,117,4,137,10,0,10,147
12/07/2003,ACT,TX,ASW,CE,Towers with Radar,2,18,25,6,51,0,0,25,0,25,2,18,50,6,76,14,21,35,111
12/08/2003,ACT,TX,ASW,CE,Towers with Radar,0,22,21,3,46,0,3,49,4,56,0,25,70,7,102,21,0,21,123
12/09/2003,ACT,TX,ASW,CE,Towers with Radar,0,20,17,6,43,0,0,52,1,53,0,20,69,7,96,22,2,24,120
12/10/2003,ACT,TX,ASW,CE,Towers with Radar,0,28,37,7,72,0,15,50,0,65,0,43,87,7,137,34,0,34,171
12/11/2003,ACT,TX,ASW,CE,Towers with Radar,0,22,35,2,59,0,3,61,7,71,0,25,96,9,130,58,6,64,194
12/12/2003,ACT,TX,ASW,CE,Towers with Radar,0,27,23,0,50,0,0,28,0,28,0,27,51,0,78,10,0,10,88
12/13/2003,ACT,TX,ASW,CE,Towers with Radar,0,17,16,24,57,0,3,48,2,53,0,20,64,26,110,4,24,28,138
12/14/2003,ACT,TX,ASW,CE,Towers with Radar,0,17,9,19,45,0,1,35,2,38,0,18,44,21,83,0,16,16,99
12/15/2003,ACT,TX,ASW,CE,Towers with Radar,0,24,11,22,57,0,14,29,15,58,0,38,40,37,115,0,6,6,121
12/16/2003,ACT,TX,ASW,CE,Towers with Radar,0,22,42,6,70,0,9,32,4,45,0,31,74,10,115,0,0,0,115
12/17/2003,ACT,TX,ASW,CE,Towers with Radar,0,21,36,0,57,0,20,127,0,147,0,41,163,0,204,18,0,18,222
12/18/2003,ACT,TX,ASW,CE,Towers with Radar,0,22,28,12,62,0,8,56,2,66,0,30,84,14,128,14,2,16,144
12/19/2003,ACT,TX,ASW,CE,Towers with Radar,0,17,26,1,44,0,11,42,5,58,0,28,68,6,102,4,2,6,108
12/20/2003,ACT,TX,ASW,CE,Towers with Radar,0,13,26,0,39,0,2,60,0,62,0,15,86,0,101,10,0,10,111
12/21/2003,ACT,TX,ASW,CE,Towers with Radar,0,19,19,0,38,0,1,17,0,18,0,20,36,0,56,3,0,3,59
12/22/2003,ACT,TX,ASW,CE,Towers with Radar,0,23,21,1,45,0,3,24,1,28,0,26,45,2,73,6,0,6,79
12/23/2003,ACT,TX,ASW,CE,Towers with Radar,0,24,22,0,46,0,5,104,0,109,0,29,126,0,155,0,0,0,155
12/24/2003,ACT,TX,ASW,CE,Towers with Radar,0,18,20,0,38,0,3,42,1,46,0,21,62,1,84,16,6,22,106
12/25/2003,ACT,TX,ASW,CE,Towers with Radar,0,15,4,0,19,0,0,11,0,11,0,15,15,0,30,0,0,0,30
12/26/2003,ACT,TX,ASW,CE,Towers with Radar,2,26,13,0,41,0,0,3,0,3,2,26,16,0,44,0,0,0,44
12/27/2003,ACT,TX,ASW,CE,Towers with Radar,0,16,5,0,21,0,0,2,0,2,0,16,7,0,23,0,0,0,23
12/28/2003,ACT,TX,ASW,CE,Towers with Radar,0,19,5,3,27,0,0,7,0,7,0,19,12,3,34,0,0,0,34
12/29/2003,ACT,TX,ASW,CE,Towers with Radar,0,24,9,13,46,0,6,9,0,15,0,30,18,13,61,0,0,0,61
12/30/2003,ACT,TX,ASW,CE,Towers with Radar,0,24,16,2,42,0,7,22,0,29,0,31,38,2,71,0,0,0,71
12/31/2003,ACT,TX,ASW,CE,Towers with Radar,0,18,17,0,35,0,1,10,0,11,0,19,27,0,46,0,0,0,46
01/01/2004,ACT,TX,ASW,CE,Towers with Radar,0,18,0,0,18,0,0,9,0,9,0,18,9,0,27,0,0,0,27
01/02/2004,ACT,TX,ASW,CE,Towers with Radar,0,25,0,1,26,0,0,21,0,21,0,25,21,1,47,0,0,0,47
01/03/2004,ACT,TX,ASW,CE,Towers with Radar,0,21,0,0,21,2,0,33,0,35,2,21,33,0,56,0,0,0,56
01/04/2004,ACT,TX,ASW,CE,Towers with Radar,0,21,0,0,21,0,0,30,0,30,0,21,30,0,51,0,0,0,51
01/05/2004,ACT,TX,ASW,CE,Towers with Radar,0,26,0,6,32,0,0,44,0,44,0,26,44,6,76,0,6,6,82
01/06/2004,ACT,TX,ASW,CE,Towers with Radar,0,21,46,10,77,0,5,36,0,41,0,26,82,10,118,22,4,26,144
01/07/2004,ACT,TX,ASW,CE,Towers with Radar,0,22,42,3,67,0,0,23,5,28,0,22,65,8,95,8,6,14,109
01/08/2004,ACT,TX,ASW,CE,Towers with Radar,0,21,36,2,59,0,5,28,10,43,0,26,64,12,102,0,0,0,102
01/09/2004,ACT,TX,ASW,CE,Towers with Radar,2,23,30,1,56,0,14,49,3,66,2,37,79,4,122,2,0,2,124
01/10/2004,ACT,TX,ASW,CE,Towers with Radar,0,13,25,1,39,0,1,22,1,24,0,14,47,2,63,0,0,0,63
01/11/2004,ACT,TX,ASW,CE,Towers with Radar,0,19,16,1,36,0,1,14,1,16,0,20,30,2,52,0,0,0,52
01/12/2004,ACT,TX,ASW,CE,Towers with Radar,2,24,30,1,57,0,4,6,5,15,2,28,36,6,72,6,0,6,78
01/13/2004,ACT,TX,ASW,CE,Towers with Radar,0,26,61,1,88,0,6,46,1,53,0,32,107,2,141,28,12,40,181
01/14/2004,ACT,TX,ASW,CE,Towers with Radar,0,18,26,0,44,0,5,24,0,29,0,23,50,0,73,27,0,27,100
01/15/2004,ACT,TX,ASW,CE,Towers with Radar,0,26,41,0,67,0,4,2,0,6,0,30,43,0,73,0,0,0,73
01/16/2004,ACT,TX,ASW,CE,Towers with Radar,0,23,18,0,41,0,11,10,0,21,0,34,28,0,62,0,0,0,62
01/17/2004,ACT,TX,ASW,CE,Towers with Radar,0,15,25,3,43,0,7,38,2,47,0,22,63,5,90,2,0,2,92
01/18/2004,ACT,TX,ASW,CE,Towers with Radar,2,20,25,0,47,0,3,3,0,6,2,23,28,0,53,0,0,0,53
01/19/2004,ACT,TX,ASW,CE,Towers with Radar,0,22,25,0,47,0,13,66,0,79,0,35,91,0,126,0,0,0,126
01/20/2004,ACT,TX,ASW,CE,Towers with Radar,0,20,25,1,46,0,7,52,3,62,0,27,77,4,108,54,0,54,162
01/21/2004,ACT,TX,ASW,CE,Towers with Radar,1,23,28,30,82,0,12,43,14,69,1,35,71,44,151,14,18,32,183
01/22/2004,ACT,TX,ASW,CE,Towers with Radar,0,22,28,6,56,0,11,32,1,44,0,33,60,7,100,26,0,26,126
01/23/2004,ACT,TX,ASW,CE,Towers with Radar,0,29,40,6,75,0,5,34,4,43,0,34,74,10,118,26,0,26,144
01/24/2004,ACT,TX,ASW,CE,Towers with Radar,0,15,26,0,41,0,5,0,0,5,0,20,26,0,46,0,0,0,46
01/25/2004,ACT,TX,ASW,CE,Towers with Radar,0,19,22,1,42,0,5,37,13,55,0,24,59,14,97,8,6,14,111
01/26/2004,ACT,TX,ASW,CE,Towers with Radar,0,23,25,1,49,0,9,28,1,38,0,32,53,2,87,12,0,12,99
01/27/2004,ACT,TX,ASW,CE,Towers with Radar,0,20,53,3,76,0,8,39,3,50,0,28,92,6,126,18,2,20,146
01/28/2004,ACT,TX,ASW,CE,Towers with Radar,0,19,52,3,74,0,14,59,0,73,0,33,111,3,147,32,0,32,179
01/29/2004,ACT,TX,ASW,CE,Towers with Radar,0,30,52,4,86,0,18,42,9,69,0,48,94,13,155,18,4,22,177
01/30/2004,ACT,TX,ASW,CE,Towers with Radar,0,28,33,67,128,0,16,43,1,60,0,44,76,68,188,10,69,79,267
01/31/2004,ACT,TX,ASW,CE,Towers with Radar,0,18,26,29,73,0,1,0,5,6,0,19,26,34,79,0,0,0,79
02/01/2004,ACT,TX,ASW,CE,Towers with Radar,0,22,15,5,42,0,0,22,5,27,0,22,37,10,69,0,0,0,69
02/02/2004,ACT,TX,ASW,CE,Towers with Radar,0,22,32,4,58,0,3,71,0,74,0,25,103,4,132,56,10,66,198
02/03/2004,ACT,TX,ASW,CE,Towers with Radar,0,20,33,2,55,0,15,58,5,78,0,35,91,7,133,0,0,0,133
02/04/2004,ACT,TX,ASW,CE,Towers with Radar,0,30,32,2,64,0,0,11,2,13,0,30,43,4,77,0,0,0,77
02/05/2004,ACT,TX,ASW,CE,Towers with Radar,0,27,41,1,69,0,0,13,1,14,0,27,54,2,83,0,0,0,83
02/06/2004,ACT,TX,ASW,CE,Towers with Radar,0,23,34,17,74,0,12,37,14,63,0,35,71,31,137,0,10,10,147
02/07/2004,ACT,TX,ASW,CE,Towers with Radar,0,17,19,9,45,0,2,61,3,66,0,19,80,12,111,22,6,28,139
02/08/2004,ACT,TX,ASW,CE,Towers with Radar,1,20,23,16,60,0,0,26,6,32,1,20,49,22,92,0,6,6,98
02/09/2004,ACT,TX,ASW,CE,Towers with Radar,0,27,44,2,73,0,1,7,0,8,0,28,51,2,81,0,0,0,81
02/10/2004,ACT,TX,ASW,CE,Towers with Radar,0,22,11,2,35,0,4,10,0,14,0,26,21,2,49,0,0,0,49
02/11/2004,ACT,TX,ASW,CE,Towers with Radar,0,19,18,0,37,0,3,3,0,6,0,22,21,0,43,0,0,0,43
02/12/2004,ACT,TX,ASW,CE,Towers with Radar,0,23,24,0,47,0,2,11,0,13,0,25,35,0,60,0,0,0,60
02/13/2004,ACT,TX,ASW,CE,Towers with Radar,0,24,11,6,41,0,2,11,0,13,0,26,22,6,54,2,48,50,104
02/14/2004,ACT,TX,ASW,CE,Towers with Radar,0,15,5,2,22,0,0,1,0,1,0,15,6,2,23,0,0,0,23
02/15/2004,ACT,TX,ASW,CE,Towers with Radar,0,19,23,2,44,0,0,39,0,39,0,19,62,2,83,20,0,20,103
02/16/2004,ACT,TX,ASW,CE,Towers with Radar,0,25,18,1,44,0,1,62,5,68,0,26,80,6,112,4,0,4,116
02/17/2004,ACT,TX,ASW,CE,Towers with Radar,0,24,23,5,52,0,8,72,2,82,0,32,95,7,134,0,0,0,134
02/18/2004,ACT,TX,ASW,CE,Towers with Radar,0,27,23,1,51,0,7,56,2,65,0,34,79,3,116,10,0,10,126
02/19/2004,ACT,TX,ASW,CE,Towers with Radar,0,22,34,9,65,0,4,25,12,41,0,26,59,21,106,6,22,28,134
02/20/2004,ACT,TX,ASW,CE,Towers with Radar,0,22,26,31,79,0,7,88,21,116,0,29,114,52,195,10,16,26,221
02/21/2004,ACT,TX,ASW,CE,Towers with Radar,0,18,20,12,50,0,2,61,5,68,0,20,81,17,118,2,6,8,126
02/22/2004,ACT,TX,ASW,CE,Towers with Radar,0,20,14,58,92,0,0,17,26,43,0,20,31,84,135,0,20,20,155
02/23/2004,ACT,TX,ASW,CE,Towers with Radar,4,31,19,0,54,1,3,13,2,19,5,34,32,2,73,2,0,2,75
02/24/2004,ACT,TX,ASW,CE,Towers with Radar,0,26,10,0,36,0,6,3,0,9,0,32,13,0,45,0,0,0,45
02/25/2004,ACT,TX,ASW,CE,Towers with Radar,0,27,8,0,35,0,10,4,0,14,0,37,12,0,49,0,0,0,49
02/26/2004,ACT,TX,ASW,CE,Towers with Radar,2,21,24,4,51,0,6,69,6,81,2,27,93,10,132,26,0,26,158
02/27/2004,ACT,TX,ASW,CE,Towers with Radar,0,23,47,22,92,0,5,56,2,63,0,28,103,24,155,30,0,30,185
02/28/2004,ACT,TX,ASW,CE,Towers with Radar,0,16,36,14,66,0,4,38,14,56,0,20,74,28,122,8,2,10,132
02/29/2004,ACT,TX,ASW,CE,Towers with Radar,2,20,10,0,32,0,0,24,0,24,2,20,34,0,56,42,0,42,98
03/01/2004,ACT,TX,ASW,CE,Towers with Radar,0,9,35,2,46,0,17,44,0,61,0,26,79,2,107,76,12,88,195
03/02/2004,ACT,TX,ASW,CE,Towers with Radar,0,21,47,0,68,0,17,11,4,32,0,38,58,4,100,0,0,0,100
03/03/2004,ACT,TX,ASW,CE,Towers with Radar,0,15,37,0,52,0,12,14,0,26,0,27,51,0,78,0,8,8,86
03/04/2004,ACT,TX,ASW,CE,Towers with Radar,0,12,22,2,36,1,15,7,0,23,1,27,29,2,59,2,0,2,61
03/05/2004,ACT,TX,ASW,CE,Towers with Radar,0,13,26,4,43,1,21,50,6,78,1,34,76,10,121,0,0,0,121
03/06/2004,ACT,TX,ASW,CE,Towers with Radar,0,2,16,1,19,0,17,24,4,45,0,19,40,5,64,0,0,0,64
03/07/2004,ACT,TX,ASW,CE,Towers with Radar,0,12,18,3,33,1,15,12,0,28,1,27,30,3,61,0,0,0,61
03/08/2004,ACT,TX,ASW,CE,Towers with Radar,0,13,24,2,39,1,30,38,2,71,1,43,62,4,110,76,20,96,206
03/09/2004,ACT,TX,ASW,CE,Towers with Radar,0,9,46,5,60,0,20,64,0,84,0,29,110,5,144,16,2,18,162
03/10/2004,ACT,TX,ASW,CE,Towers with Radar,0,10,32,0,42,0,21,70,1,92,0,31,102,1,134,10,0,10,144
03/11/2004,ACT,TX,ASW,CE,Towers with Radar,0,18,34,2,54,0,10,47,1,58,0,28,81,3,112,36,0,36,148
03/12/2004,ACT,TX,ASW,CE,Towers with Radar,0,7,53,1,61,0,17,24,3,44,0,24,77,4,105,16,0,16,121
03/13/2004,ACT,TX,ASW,CE,Towers with Radar,0,8,35,2,45,0,15,19,2,36,0,23,54,4,81,2,2,4,85
03/14/2004,ACT,TX,ASW,CE,Towers with Radar,0,11,13,13,37,0,11,11,0,22,0,22,24,13,59,2,2,4,63
03/15/2004,ACT,TX,ASW,CE,Towers with Radar,0,8,38,7,53,0,26,22,4,52,0,34,60,11,105,0,6,6,111
03/16/2004,ACT,TX,ASW,CE,Towers with Radar,0,15,38,0,53,0,15,40,1,56,0,30,78,1,109,14,0,14,123
03/17/2004,ACT,TX,ASW,CE,Towers with Radar,0,18,26,7,51,0,19,33,3,55,0,37,59,10,106,30,6,36,142
03/18/2004,ACT,TX,ASW,CE,Towers with Radar,0,16,41,7,64,4,17,53,1,75,4,33,94,8,139,18,0,18,157
03/19/2004,ACT,TX,ASW,CE,Towers with Radar,0,16,42,3,61,0,14,36,3,53,0,30,78,6,114,12,0,12,126
03/20/2004,ACT,TX,ASW,CE,Towers with Radar,0,1,28,0,29,0,12,41,2,55,0,13,69,2,84,36,2,38,122
03/21/2004,ACT,TX,ASW,CE,Towers with Radar,0,12,29,14,55,2,12,33,6,53,2,24,62,20,108,40,10,50,158
03/22/2004,ACT,TX,ASW,CE,Towers with Radar,0,12,22,0,34,0,19,22,2,43,0,31,44,2,77,10,0,10,87
03/23/2004,ACT,TX,ASW,CE,Towers with Radar,0,8,61,2,71,0,15,27,1,43,0,23,88,3,114,34,0,34,148
03/24/2004,ACT,TX,ASW,CE,Towers with Radar,0,15,31,0,46,0,11,20,0,31,0,26,51,0,77,0,0,0,77
03/25/2004,ACT,TX,ASW,CE,Towers with Radar,0,9,27,5,41,0,13,36,0,49,0,22,63,5,90,30,2,32,122
03/26/2004,ACT,TX,ASW,CE,Towers with Radar,0,16,36,5,57,2,7,27,5,41,2,23,63,10,98,10,0,10,108
03/27/2004,ACT,TX,ASW,CE,Towers with Radar,0,5,20,0,25,0,15,4,0,19,0,20,24,0,44,0,0,0,44
03/28/2004,ACT,TX,ASW,CE,Towers with Radar,0,13,16,2,31,1,16,2,0,19,1,29,18,2,50,0,0,0,50
03/29/2004,ACT,TX,ASW,CE,Towers with Radar,1,23,34,2,60,0,2,49,0,51,1,25,83,2,111,36,0,36,147
03/30/2004,ACT,TX,ASW,CE,Towers with Radar,0,23,47,3,73,0,0,54,0,54,0,23,101,3,127,64,0,64,191
03/31/2004,ACT,TX,ASW,CE,Towers with Radar,0,26,32,2,60,0,0,58,16,74,0,26,90,18,134,44,2,46,180
04/01/2004,ACT,TX,ASW,CE,Towers with Radar,0,0,36,4,40,0,37,63,2,102,0,37,99,6,142,37,2,39,181
04/02/2004,ACT,TX,ASW,CE,Towers with Radar,2,0,30,1,33,0,31,17,5,53,2,31,47,6,86,18,2,20,106
04/03/2004,ACT,TX,ASW,CE,Towers with Radar,0,0,23,0,23,0,23,45,2,70,0,23,68,2,93,8,0,8,101
04/04/2004,ACT,TX,ASW,CE,Towers with Radar,0,0,20,3,23,0,21,34,3,58,0,21,54,6,81,14,6,20,101
04/05/2004,ACT,TX,ASW,CE,Towers with Radar,2,0,24,1,27,0,35,29,0,64,2,35,53,1,91,36,0,36,127
04/06/2004,ACT,TX,ASW,CE,Towers with Radar,1,0,14,3,18,4,21,14,3,42,5,21,28,6,60,0,0,0,60
04/07/2004,ACT,TX,ASW,CE,Towers with Radar,0,0,31,0,31,0,29,17,1,47,0,29,48,1,78,0,0,0,78
04/08/2004,ACT,TX,ASW,CE,Towers with Radar,0,0,40,5,45,0,31,39,7,77,0,31,79,12,122,0,16,16,138
04/09/2004,ACT,TX,ASW,CE,Towers with Radar,0,0,18,3,21,0,25,25,1,51,0,25,43,4,72,0,2,2,74
04/10/2004,ACT,TX,ASW,CE,Towers with Radar,0,0,2,0,2,0,17,0,0,17,0,17,2,0,19,0,0,0,19
04/11/2004,ACT,TX,ASW,CE,Towers with Radar,0,0,11,3,14,0,20,2,5,27,0,20,13,8,41,0,0,0,41
04/12/2004,ACT,TX,ASW,CE,Towers with Radar,2,0,27,3,32,0,17,18,1,36,2,17,45,4,68,2,0,2,70
04/13/2004,ACT,TX,ASW,CE,Towers with Radar,0,0,30,0,30,0,33,56,0,89,0,33,86,0,119,36,0,36,155
04/14/2004,ACT,TX,ASW,CE,Towers with Radar,0,0,14,2,16,0,45,56,0,101,0,45,70,2,117,44,0,44,161
04/15/2004,ACT,TX,ASW,CE,Towers with Radar,0,0,36,11,47,0,31,49,11,91,0,31,85,22,138,50,10,60,198
04/16/2004,ACT,TX,ASW,CE,Towers with Radar,0,0,50,11,61,0,36,60,0,96,0,36,110,11,157,30,4,34,191
04/17/2004,ACT,TX,ASW,CE,Towers with Radar,0,0,25,13,38,0,16,25,16,57,0,16,50,29,95,4,6,10,105
04/18/2004,ACT,TX,ASW,CE,Towers with Radar,0,0,14,6,20,0,20,14,0,34,0,20,28,6,54,22,0,22,76
04/19/2004,ACT,TX,ASW,CE,Towers with Radar,0,0,43,0,43,0,27,29,2,58,0,27,72,2,101,26,0,26,127
04/20/2004,ACT,TX,ASW,CE,Towers with Radar,0,0,44,6,50,0,25,15,0,40,0,25,59,6,90,8,2,10,100
04/21/2004,ACT,TX,ASW,CE,Towers with Radar,0,0,49,1,50,0,28,53,0,81,0,28,102,1,131,34,0,34,165
04/22/2004,ACT,TX,ASW,CE,Towers with Radar,0,0,31,13,44,0,32,32,1,65,0,32,63,14,109,10,4,14,123
04/23/2004,ACT,TX,ASW,CE,Towers with Radar,3,0,60,8,71,0,34,22,7,63,3,34,82,15,134,2,2,4,138
04/24/2004,ACT,TX,ASW,CE,Towers with Radar,0,0,9,0,9,0,20,0,0,20,0,20,9,0,29,0,0,0,29
04/25/2004,ACT,TX,ASW,CE,Towers with Radar,0,21,32,1,54,0,0,18,0,18,0,21,50,1,72,0,0,0,72
04/26/2004,ACT,TX,ASW,CE,Towers with Radar,0,33,41,1,75,0,0,54,0,54,0,33,95,1,129,26,0,26,155
04/27/2004,ACT,TX,ASW,CE,Towers with Radar,0,26,33,10,69,0,0,47,0,47,0,26,80,10,116,8,0,8,124
04/28/2004,ACT,TX,ASW,CE,Towers with Radar,0,23,43,7,73,0,0,41,0,41,0,23,84,7,114,14,2,16,130
04/29/2004,ACT,TX,ASW,CE,Towers with Radar,0,37,36,5,78,0,0,27,1,28,0,37,63,6,106,14,2,16,122
04/30/2004,ACT,TX,ASW,CE,Towers with Radar,0,27,49,34,110,0,0,46,11,57,0,27,95,45,167,32,14,46,213
05/01/2004,ACT,TX,ASW,CE,Towers with Radar,0,22,14,6,42,0,4,3,0,7,0,26,17,6,49,6,0,6,55
05/02/2004,ACT,TX,ASW,CE,Towers with Radar,0,18,17,22,57,1,0,54,2,57,1,18,71,24,114,10,10,20,134
05/03/2004,ACT,TX,ASW,CE,Towers with Radar,0,23,27,2,52,0,1,63,0,64,0,24,90,2,116,62,0,62,178
05/04/2004,ACT,TX,ASW,CE,Towers with Radar,0,22,33,6,61,0,9,58,2,69,0,31,91,8,130,50,0,50,180
05/05/2004,ACT,TX,ASW,CE,Towers with Radar,0,30,61,5,96,0,1,71,3,75,0,31,132,8,171,50,6,56,227
05/06/2004,ACT,TX,ASW,CE,Towers with Radar,0,27,40,13,80,0,1,57,3,61,0,28,97,16,141,24,0,24,165
05/07/2004,ACT,TX,ASW,CE,Towers with Radar,0,26,90,9,125,0,1,81,2,84,0,27,171,11,209,40,0,40,249
05/08/2004,ACT,TX,ASW,CE,Towers with Radar,4,12,39,12,67,0,9,27,9,45,4,21,66,21,112,20,12,32,144
05/09/2004,ACT,TX,ASW,CE,Towers with Radar,0,18,18,22,58,0,2,22,15,39,0,20,40,37,97,2,16,18,115
05/10/2004,ACT,TX,ASW,CE,Towers with Radar,0,28,40,4,72,0,2,40,0,42,0,30,80,4,114,104,18,122,236
05/11/2004,ACT,TX,ASW,CE,Towers with Radar,2,42,39,0,83,0,0,61,0,61,2,42,100,0,144,34,0,34,178
05/12/2004,ACT,TX,ASW,CE,Towers with Radar,0,28,73,5,106,0,9,56,1,66,0,37,129,6,172,48,0,48,220
05/13/2004,ACT,TX,ASW,CE,Towers with Radar,2,15,36,1,54,0,1,18,1,20,2,16,54,2,74,10,0,10,84
05/14/2004,ACT,TX,ASW,CE,Towers with Radar,0,25,47,25,97,0,1,50,8,59,0,26,97,33,156,22,22,44,200
05/15/2004,ACT,TX,ASW,CE,Towers with Radar,0,12,33,25,70,0,1,52,10,63,0,13,85,35,133,16,22,38,171
05/16/2004,ACT,TX,ASW,CE,Towers with Radar,0,18,22,7,47,0,2,41,3,46,0,20,63,10,93,20,12,32,125
05/17/2004,ACT,TX,ASW,CE,Towers with Radar,0,22,60,6,88,0,1,38,0,39,0,23,98,6,127,30,0,30,157
05/18/2004,ACT,TX,ASW,CE,Towers with Radar,2,26,41,3,72,0,4,35,5,44,2,30,76,8,116,10,4,14,130
05/19/2004,ACT,TX,ASW,CE,Towers with Radar,0,29,49,2,80,0,0,40,0,40,0,29,89,2,120,36,0,36,156
05/20/2004,ACT,TX,ASW,CE,Towers with Radar,0,25,60,2,87,0,4,54,3,61,0,29,114,5,148,18,0,18,166
05/21/2004,ACT,TX,ASW,CE,Towers with Radar,1,27,36,4,68,2,1,18,1,22,3,28,54,5,90,0,0,0,90
05/22/2004,ACT,TX,ASW,CE,Towers with Radar,1,13,10,8,32,0,0,14,3,17,1,13,24,11,49,0,8,8,57
05/23/2004,ACT,TX,ASW,CE,Towers with Radar,2,18,17,0,37,0,3,13,0,16,2,21,30,0,53,6,14,20,73
05/24/2004,ACT,TX,ASW,CE,Towers with Radar,0,26,36,0,62,0,3,29,0,32,0,29,65,0,94,0,0,0,94
05/25/2004,ACT,TX,ASW,CE,Towers with Radar,0,23,35,6,64,0,0,44,0,44,0,23,79,6,108,10,0,10,118
05/26/2004,ACT,TX,ASW,CE,Towers with Radar,0,20,34,6,60,0,0,42,3,45,0,20,76,9,105,26,0,26,131
05/27/2004,ACT,TX,ASW,CE,Towers with Radar,2,30,53,3,88,1,3,38,3,45,3,33,91,6,133,52,10,62,195
05/28/2004,ACT,TX,ASW,CE,Towers with Radar,1,27,29,6,63,0,5,50,0,55,1,32,79,6,118,20,0,20,138
05/29/2004,ACT,TX,ASW,CE,Towers with Radar,0,11,15,0,26,0,2,9,0,11,0,13,24,0,37,0,0,0,37
05/30/2004,ACT,TX,ASW,CE,Towers with Radar,0,14,11,0,25,0,0,21,0,21,0,14,32,0,46,0,0,0,46
05/31/2004,ACT,TX,ASW,CE,Towers with Radar,1,13,7,0,21,0,0,26,0,26,1,13,33,0,47,4,0,4,51
06/01/2004,ACT,TX,ASW,CE,Towers with Radar,0,0,21,2,23,0,24,29,0,53,0,24,50,2,76,0,0,0,76
06/02/2004,ACT,TX,ASW,CE,Towers with Radar,0,0,31,11,42,2,22,40,3,67,2,22,71,14,109,2,18,20,129
06/03/2004,ACT,TX,ASW,CE,Towers with Radar,0,0,32,12,44,0,28,70,6,104,0,28,102,18,148,38,18,56,204
06/04/2004,ACT,TX,ASW,CE,Towers with Radar,0,0,37,4,41,0,31,74,0,105,0,31,111,4,146,24,0,24,170
06/05/2004,ACT,TX,ASW,CE,Towers with Radar,0,0,13,9,22,1,13,36,17,67,1,13,49,26,89,36,20,56,145
06/06/2004,ACT,TX,ASW,CE,Towers with Radar,0,0,25,5,30,1,17,45,4,67,1,17,70,9,97,38,20,58,155
06/07/2004,ACT,TX,ASW,CE,Towers with Radar,0,8,28,2,38,0,24,44,0,68,0,32,72,2,106,21,1,22,128
06/08/2004,ACT,TX,ASW,CE,Towers with Radar,0,0,18,0,18,0,29,0,0,29,0,29,18,0,47,4,0,4,51
06/09/2004,ACT,TX,ASW,CE,Towers with Radar,0,8,28,1,37,0,19,22,0,41,0,27,50,1,78,0,0,0,78
06/10/2004,ACT,TX,ASW,CE,Towers with Radar,0,26,36,5,67,2,0,79,35,116,2,26,115,40,183,62,22,84,267
06/11/2004,ACT,TX,ASW,CE,Towers with Radar,0,29,37,0,66,1,0,43,0,44,1,29,80,0,110,4,0,4,114
06/12/2004,ACT,TX,ASW,CE,Towers with Radar,0,11,29,5,45,0,8,2,20,30,0,19,31,25,75,0,4,4,79
06/13/2004,ACT,TX,ASW,CE,Towers with Radar,0,3,28,5,36,1,14,32,14,61,1,17,60,19,97,18,10,28,125
06/14/2004,ACT,TX,ASW,CE,Towers with Radar,0,25,47,5,77,0,0,48,0,48,0,25,95,5,125,18,0,18,143
06/15/2004,ACT,TX,ASW,CE,Towers with Radar,0,12,29,5,46,0,9,46,6,61,0,21,75,11,107,26,2,28,135
06/16/2004,ACT,TX,ASW,CE,Towers with Radar,0,32,43,0,75,0,0,30,0,30,0,32,73,0,105,6,0,6,111
06/17/2004,ACT,TX,ASW,CE,Towers with Radar,0,24,38,0,62,0,0,56,0,56,0,24,94,0,118,54,0,54,172
06/18/2004,ACT,TX,ASW,CE,Towers with Radar,0,29,32,5,66,0,9,52,1,62,0,38,84,6,128,20,0,20,148
06/19/2004,ACT,TX,ASW,CE,Towers with Radar,0,0,25,5,30,8,16,63,3,90,8,16,88,8,120,38,14,52,172
06/20/2004,ACT,TX,ASW,CE,Towers with Radar,0,0,26,4,30,0,16,40,0,56,0,16,66,4,86,3,4,7,93
06/21/2004,ACT,TX,ASW,CE,Towers with Radar,0,3,28,2,33,0,26,40,0,66,0,29,68,2,99,10,0,10,109
06/22/2004,ACT,TX,ASW,CE,Towers with Radar,0,0,26,4,30,0,27,7,0,34,0,27,33,4,64,2,0,2,66
06/23/2004,ACT,TX,ASW,CE,Towers with Radar,0,26,34,6,66,0,0,40,6,46,0,26,74,12,112,0,0,0,112
06/24/2004,ACT,TX,ASW,CE,Towers with Radar,0,27,35,6,68,0,0,18,0,18,0,27,53,6,86,18,0,18,104
06/25/2004,ACT,TX,ASW,CE,Towers with Radar,0,21,36,6,63,2,0,26,36,64,2,21,62,42,127,20,2,22,149
06/26/2004,ACT,TX,ASW,CE,Towers with Radar,0,0,7,0,7,0,19,0,0,19,0,19,7,0,26,0,0,0,26
06/27/2004,ACT,TX,ASW,CE,Towers with Radar,0,0,23,5,28,0,19,9,14,42,0,19,32,19,70,6,2,8,78
06/28/2004,ACT,TX,ASW,CE,Towers with Radar,0,0,25,5,30,2,19,7,9,37,2,19,32,14,67,6,8,14,81
06/29/2004,ACT,TX,ASW,CE,Towers with Radar,0,24,31,3,58,0,0,18,0,18,0,24,49,3,76,16,0,16,92
06/30/2004,ACT,TX,ASW,CE,Towers with Radar,0,22,30,5,57,0,5,42,1,48,0,27,72,6,105,38,0,38,143
07/01/2004,ACT,TX,ASW,CE,Towers with Radar,2,30,41,2,75,0,4,42,0,46,2,34,83,2,121,34,0,34,155
07/02/2004,ACT,TX,ASW,CE,Towers with Radar,0,21,32,0,53,0,0,64,0,64,0,21,96,0,117,30,0,30,147
07/03/2004,ACT,TX,ASW,CE,Towers with Radar,0,14,19,0,33,0,6,26,0,32,0,20,45,0,65,24,0,24,89
07/04/2004,ACT,TX,ASW,CE,Towers with Radar,0,8,12,0,20,0,7,8,0,15,0,15,20,0,35,0,0,0,35
07/05/2004,ACT,TX,ASW,CE,Towers with Radar,0,17,25,0,42,0,6,41,0,47,0,23,66,0,89,16,0,16,105
07/06/2004,ACT,TX,ASW,CE,Towers with Radar,0,21,30,6,57,0,2,21,0,23,0,23,51,6,80,12,0,12,92
07/07/2004,ACT,TX,ASW,CE,Towers with Radar,0,23,33,8,64,0,2,37,0,39,0,25,70,8,103,10,0,10,113
07/08/2004,ACT,TX,ASW,CE,Towers with Radar,0,23,32,10,65,0,16,70,5,91,0,39,102,15,156,46,4,50,206
07/09/2004,ACT,TX,ASW,CE,Towers with Radar,0,30,45,15,90,0,0,54,56,110,0,30,99,71,200,24,60,84,284
07/10/2004,ACT,TX,ASW,CE,Towers with Radar,0,17,34,11,62,0,0,38,42,80,0,17,72,53,142,24,34,58,200
07/11/2004,ACT,TX,ASW,CE,Towers with Radar,0,21,30,9,60,0,1,21,62,84,0,22,51,71,144,42,28,70,214
07/12/2004,ACT,TX,ASW,CE,Towers with Radar,0,19,27,4,50,0,8,59,0,67,0,27,86,4,117,14,0,14,131
07/13/2004,ACT,TX,ASW,CE,Towers with Radar,0,20,29,0,49,0,16,41,0,57,0,36,70,0,106,22,0,22,128
07/14/2004,ACT,TX,ASW,CE,Towers with Radar,0,21,30,2,53,0,3,72,0,75,0,24,102,2,128,0,0,0,128
07/15/2004,ACT,TX,ASW,CE,Towers with Radar,0,25,35,4,64,0,1,99,0,100,0,26,134,4,164,52,0,52,216
07/16/2004,ACT,TX,ASW,CE,Towers with Radar,0,21,30,11,62,0,11,78,6,95,0,32,108,17,157,32,14,46,203
07/17/2004,ACT,TX,ASW,CE,Towers with Radar,0,14,20,6,40,0,1,32,31,64,0,15,52,37,104,8,12,20,124
07/18/2004,ACT,TX,ASW,CE,Towers with Radar,0,14,19,3,36,0,5,28,0,33,0,19,47,3,69,0,0,0,69
07/19/2004,ACT,TX,ASW,CE,Towers with Radar,0,21,28,5,54,0,6,46,0,52,0,27,74,5,106,10,6,16,122
07/20/2004,ACT,TX,ASW,CE,Towers with Radar,0,23,31,11,65,0,7,18,1,26,0,30,49,12,91,8,34,42,133
07/21/2004,ACT,TX,ASW,CE,Towers with Radar,0,28,40,14,82,0,0,66,8,74,0,28,106,22,156,76,2,78,234
07/22/2004,ACT,TX,ASW,CE,Towers with Radar,0,30,40,14,84,0,6,73,8,87,0,36,113,22,171,34,20,54,225
07/23/2004,ACT,TX,ASW,CE,Towers with Radar,0,29,39,0,68,4,10,82,0,96,4,39,121,0,164,26,0,26,190
07/24/2004,ACT,TX,ASW,CE,Towers with Radar,0,17,22,6,45,0,1,10,0,11,0,18,32,6,56,0,0,0,56
07/25/2004,ACT,TX,ASW,CE,Towers with Radar,0,17,21,8,46,0,0,17,10,27,0,17,38,18,73,6,8,14,87
07/26/2004,ACT,TX,ASW,CE,Towers with Radar,0,16,20,0,36,0,6,13,0,19,0,22,33,0,55,0,0,0,55
07/27/2004,ACT,TX,ASW,CE,Towers with Radar,0,22,29,2,53,0,4,2,0,6,0,26,31,2,59,0,0,0,59
07/28/2004,ACT,TX,ASW,CE,Towers with Radar,0,23,30,3,56,12,9,1,0,22,12,32,31,3,78,0,0,0,78
07/29/2004,ACT,TX,ASW,CE,Towers with Radar,0,20,27,5,52,13,16,3,0,32,13,36,30,5,84,8,0,8,92
07/30/2004,ACT,TX,ASW,CE,Towers with Radar,0,29,38,14,81,0,11,24,26,61,0,40,62,40,142,10,16,26,168
07/31/2004,ACT,TX,ASW,CE,Towers with Radar,0,15,20,4,39,0,3,23,0,26,0,18,43,4,65,10,0,10,75
08/01/2004,ACT,TX,ASW,CE,Towers with Radar,0,16,21,4,41,0,2,25,24,51,0,18,46,28,92,21,24,45,137
08/02/2004,ACT,TX,ASW,CE,Towers with Radar,0,23,29,7,59,0,24,92,7,123,0,47,121,14,182,50,26,76,258
08/03/2004,ACT,TX,ASW,CE,Towers with Radar,1,21,4,0,26,29,57,0,0,86,30,78,4,0,112,16,6,22,134
08/04/2004,ACT,TX,ASW,CE,Towers with Radar,1,25,33,4,63,0,0,11,0,11,1,25,44,4,74,4,0,4,78
08/05/2004,ACT,TX,ASW,CE,Towers with Radar,0,25,32,4,61,0,17,46,0,63,0,42,78,4,124,12,4,16,140
08/06/2004,ACT,TX,ASW,CE,Towers with Radar,0,27,35,8,70,0,11,56,12,79,0,38,91,20,149,22,4,26,175
08/07/2004,ACT,TX,ASW,CE,Towers with Radar,0,18,24,5,47,0,0,33,47,80,0,18,57,52,127,20,22,42,169
08/08/2004,ACT,TX,ASW,CE,Towers with Radar,0,18,23,5,46,0,1,41,33,75,0,19,64,38,121,38,78,116,237
08/09/2004,ACT,TX,ASW,CE,Towers with Radar,0,22,28,1,51,0,10,27,0,37,0,32,55,1,88,0,0,0,88
08/10/2004,ACT,TX,ASW,CE,Towers with Radar,0,25,31,5,61,0,2,58,0,60,0,27,89,5,121,10,0,10,131
08/11/2004,ACT,TX,ASW,CE,Towers with Radar,1,22,28,0,51,0,12,33,0,45,1,34,61,0,96,10,0,10,106
08/12/2004,ACT,TX,ASW,CE,Towers with Radar,0,26,33,0,59,0,3,54,0,57,0,29,87,0,116,36,0,36,152
08/13/2004,ACT,TX,ASW,CE,Towers with Radar,0,25,31,8,64,0,5,79,4,88,0,30,110,12,152,54,8,62,214
08/14/2004,ACT,TX,ASW,CE,Towers with Radar,0,12,16,4,32,0,4,66,2,72,0,16,82,6,104,12,0,12,116
08/15/2004,ACT,TX,ASW,CE,Towers with Radar,0,18,21,6,45,4,4,42,21,71,4,22,63,27,116,10,2,12,128
08/16/2004,ACT,TX,ASW,CE,Towers with Radar,0,18,21,2,41,0,9,41,0,50,0,27,62,2,91,2,0,2,93
08/17/2004,ACT,TX,ASW,CE,Towers with Radar,0,22,25,7,54,0,3,68,1,72,0,25,93,8,126,18,0,18,144
08/18/2004,ACT,TX,ASW,CE,Towers with Radar,0,25,32,2,59,4,0,45,0,49,4,25,77,2,108,16,0,16,124
08/19/2004,ACT,TX,ASW,CE,Towers with Radar,0,18,21,1,40,2,3,12,0,17,2,21,33,1,57,0,0,0,57
08/20/2004,ACT,TX,ASW,CE,Towers with Radar,0,19,22,0,41,0,1,2,0,3,0,20,24,0,44,0,0,0,44
08/21/2004,ACT,TX,ASW,CE,Towers with Radar,0,16,20,4,40,0,0,14,0,14,0,16,34,4,54,0,0,0,54
08/22/2004,ACT,TX,ASW,CE,Towers with Radar,0,16,21,0,37,0,0,4,0,4,0,16,25,0,41,0,0,0,41
08/23/2004,ACT,TX,ASW,CE,Towers with Radar,0,21,22,0,43,0,1,0,0,1,0,22,22,0,44,0,0,0,44
08/24/2004,ACT,TX,ASW,CE,Towers with Radar,0,24,29,3,56,0,1,10,0,11,0,25,39,3,67,0,0,0,67
08/25/2004,ACT,TX,ASW,CE,Towers with Radar,0,22,26,2,50,0,2,17,0,19,0,24,43,2,69,0,0,0,69
08/26/2004,ACT,TX,ASW,CE,Towers with Radar,0,25,30,7,62,4,2,43,1,50,4,27,73,8,112,48,24,72,184
08/27/2004,ACT,TX,ASW,CE,Towers with Radar,0,23,31,7,61,0,0,871,10,881,0,23,902,17,942,4,12,16,958
08/28/2004,ACT,TX,ASW,CE,Towers with Radar,0,16,18,4,38,0,3,34,5,42,0,19,52,9,80,24,14,38,118
08/29/2004,ACT,TX,ASW,CE,Towers with Radar,0,19,23,5,47,0,1,41,1,43,0,20,64,6,90,10,0,10,100
08/30/2004,ACT,TX,ASW,CE,Towers with Radar,0,20,23,0,43,0,2,42,0,44,0,22,65,0,87,8,0,8,95
08/31/2004,ACT,TX,ASW,CE,Towers with Radar,0,22,27,0,49,0,3,80,0,83,0,25,107,0,132,28,0,28,160
09/01/2004,ACT,TX,ASW,CE,Towers with Radar,0,22,28,3,53,0,4,68,3,75,0,26,96,6,128,24,0,24,152
09/02/2004,ACT,TX,ASW,CE,Towers with Radar,0,29,40,3,72,0,7,47,3,57,0,36,87,6,129,30,10,40,169
09/03/2004,ACT,TX,ASW,CE,Towers with Radar,0,27,36,0,63,2,11,50,0,63,2,38,86,0,126,32,0,32,158
09/04/2004,ACT,TX,ASW,CE,Towers with Radar,0,21,28,2,51,0,1,46,0,47,0,22,74,2,98,16,2,18,116
09/05/2004,ACT,TX,ASW,CE,Towers with Radar,0,14,17,2,33,0,3,10,0,13,0,17,27,2,46,0,0,0,46
09/06/2004,ACT,TX,ASW,CE,Towers with Radar,0,15,19,0,34,0,12,5,0,17,0,27,24,0,51,4,0,4,55
09/07/2004,ACT,TX,ASW,CE,Towers with Radar,0,23,29,3,55,0,8,32,7,47,0,31,61,10,102,12,0,12,114
09/08/2004,ACT,TX,ASW,CE,Towers with Radar,0,0,0,0,0,0,34,89,3,126,0,34,89,3,126,14,0,14,140
09/09/2004,ACT,TX,ASW,CE,Towers with Radar,0,0,0,0,0,0,33,76,3,112,0,33,76,3,112,18,58,76,188
09/10/2004,ACT,TX,ASW,CE,Towers with Radar,0,0,0,0,0,0,32,95,24,151,0,32,95,24,151,30,14,44,195
09/11/2004,ACT,TX,ASW,CE,Towers with Radar,0,0,0,0,0,0,15,81,18,114,0,15,81,18,114,28,18,46,160
09/12/2004,ACT,TX,ASW,CE,Towers with Radar,0,0,0,0,0,0,19,78,12,109,0,19,78,12,109,6,2,8,117
09/13/2004,ACT,TX,ASW,CE,Towers with Radar,0,0,0,0,0,0,24,83,0,107,0,24,83,0,107,62,0,62,169
09/14/2004,ACT,TX,ASW,CE,Towers with Radar,0,0,0,0,0,1,26,38,4,69,1,26,38,4,69,4,0,4,73
09/15/2004,ACT,TX,ASW,CE,Towers with Radar,0,0,0,0,0,1,30,68,7,106,1,30,68,7,106,0,16,16,122
09/16/2004,ACT,TX,ASW,CE,Towers with Radar,0,0,0,0,0,0,33,77,4,114,0,33,77,4,114,0,4,4,118
09/17/2004,ACT,TX,ASW,CE,Towers with Radar,0,0,0,0,0,0,35,63,58,156,0,35,63,58,156,30,24,54,210
09/18/2004,ACT,TX,ASW,CE,Towers with Radar,0,0,0,0,0,0,14,60,25,99,0,14,60,25,99,12,2,14,113
09/19/2004,ACT,TX,ASW,CE,Towers with Radar,0,0,0,0,0,0,19,40,24,83,0,19,40,24,83,4,26,30,113
09/20/2004,ACT,TX,ASW,CE,Towers with Radar,0,0,0,0,0,0,42,106,6,154,0,42,106,6,154,62,30,92,246
09/21/2004,ACT,TX,ASW,CE,Towers with Radar,0,0,0,0,0,0,31,62,4,97,0,31,62,4,97,22,0,22,119
09/22/2004,ACT,TX,ASW,CE,Towers with Radar,0,0,0,0,0,2,20,77,6,105,2,20,77,6,105,4,0,4,109
09/23/2004,ACT,TX,ASW,CE,Towers with Radar,0,0,0,0,0,2,25,47,2,76,2,25,47,2,76,4,0,4,80
09/24/2004,ACT,TX,ASW,CE,Towers with Radar,0,0,0,0,0,2,22,44,9,77,2,22,44,9,77,6,0,6,83
09/25/2004,ACT,TX,ASW,CE,Towers with Radar,0,0,0,0,0,2,14,21,2,39,2,14,21,2,39,0,0,0,39
09/26/2004,ACT,TX,ASW,CE,Towers with Radar,0,0,0,0,0,2,20,52,0,74,2,20,52,0,74,0,0,0,74
09/27/2004,ACT,TX,ASW,CE,Towers with Radar,0,0,0,0,0,1,24,51,0,76,1,24,51,0,76,8,0,8,84
09/28/2004,ACT,TX,ASW,CE,Towers with Radar,0,0,0,0,0,1,31,82,0,114,1,31,82,0,114,12,0,12,126
09/29/2004,ACT,TX,ASW,CE,Towers with Radar,0,0,0,0,0,0,29,67,2,98,0,29,67,2,98,0,0,0,98
09/30/2004,ACT,TX,ASW,CE,Towers with Radar,0,0,0,0,0,0,0,0,0,0,0,0,0,0,0,8,0,8,8
10/01/2004,ACT,TX,ASW,CE,Combined TRACON& Tower with Radar,0,23,26,1,50,0,6,38,8,52,0,29,64,9,102,26,0,26,128
10/02/2004,ACT,TX,ASW,CE,Combined TRACON& Tower with Radar,0,14,17,2,33,0,0,27,1,28,0,14,44,3,61,12,0,12,73
10/03/2004,ACT,TX,ASW,CE,Combined TRACON& Tower with Radar,0,19,35,11,65,0,8,30,15,53,0,27,65,26,118,8,20,28,146
10/04/2004,ACT,TX,ASW,CE,Combined TRACON& Tower with Radar,0,21,22,0,43,0,5,9,0,14,0,26,31,0,57,2,0,2,59
10/05/2004,ACT,TX,ASW,CE,Combined TRACON& Tower with Radar,0,35,13,0,48,0,5,17,0,22,0,40,30,0,70,14,0,14,84
10/06/2004,ACT,TX,ASW,CE,Combined TRACON& Tower with Radar,0,20,21,9,50,0,5,17,7,29,0,25,38,16,79,8,16,24,103
10/07/2004,ACT,TX,ASW,CE,Combined TRACON& Tower with Radar,2,25,29,1,57,0,2,24,0,26,2,27,53,1,83,16,0,16,99
10/08/2004,ACT,TX,ASW,CE,Combined TRACON& Tower with Radar,1,24,51,2,78,0,1,42,2,45,1,25,93,4,123,22,0,22,145
10/09/2004,ACT,TX,ASW,CE,Combined TRACON& Tower with Radar,1,16,22,1,40,0,0,18,1,19,1,16,40,2,59,18,0,18,77
10/10/2004,ACT,TX,ASW,CE,Combined TRACON& Tower with Radar,0,16,24,0,40,0,4,9,0,13,0,20,33,0,53,3,9,12,65
10/11/2004,ACT,TX,ASW,CE,Combined TRACON& Tower with Radar,1,30,34,0,65,0,0,26,0,26,1,30,60,0,91,36,0,36,127
10/12/2004,ACT,TX,ASW,CE,Combined TRACON& Tower with Radar,0,23,38,3,64,1,3,61,5,70,1,26,99,8,134,72,4,76,210
10/13/2004,ACT,TX,ASW,CE,Combined TRACON& Tower with Radar,0,25,57,12,94,0,6,51,6,63,0,31,108,18,157,6,22,28,185
10/14/2004,ACT,TX,ASW,CE,Combined TRACON& Tower with Radar,0,31,51,0,82,0,16,59,3,78,0,47,110,3,160,72,0,72,232
10/15/2004,ACT,TX,ASW,CE,Combined TRACON& Tower with Radar,5,26,28,7,66,0,19,70,2,91,5,45,98,9,157,26,12,38,195
10/16/2004,ACT,TX,ASW,CE,Combined TRACON& Tower with Radar,3,18,28,13,62,0,0,58,16,74,3,18,86,29,136,24,4,28,164
10/17/2004,ACT,TX,ASW,CE,Combined TRACON& Tower with Radar,0,19,33,15,67,0,3,51,2,56,0,22,84,17,123,58,58,116,239
10/18/2004,ACT,TX,ASW,CE,Combined TRACON& Tower with Radar,0,22,22,20,64,0,2,24,0,26,0,24,46,20,90,28,4,32,122
10/19/2004,ACT,TX,ASW,CE,Combined TRACON& Tower with Radar,0,20,44,5,69,0,4,32,1,37,0,24,76,6,106,8,0,8,114
10/20/2004,ACT,TX,ASW,CE,Combined TRACON& Tower with Radar,0,20,53,0,73,0,9,56,0,65,0,29,109,0,138,14,0,14,152
10/21/2004,ACT,TX,ASW,CE,Combined TRACON& Tower with Radar,0,21,51,5,77,0,12,37,0,49,0,33,88,5,126,14,2,16,142
10/22/2004,ACT,TX,ASW,CE,Combined TRACON& Tower with Radar,0,17,41,8,66,0,7,30,3,40,0,24,71,11,106,2,0,2,108
10/23/2004,ACT,TX,ASW,CE,Combined TRACON& Tower with Radar,2,16,30,11,59,3,10,30,0,43,5,26,60,11,102,10,22,32,134
10/24/2004,ACT,TX,ASW,CE,Combined TRACON& Tower with Radar,2,16,30,1,49,0,1,9,0,10,2,17,39,1,59,0,0,0,59
10/25/2004,ACT,TX,ASW,CE,Combined TRACON& Tower with Radar,1,20,33,6,60,0,4,14,0,18,1,24,47,6,78,100,28,128,206
10/26/2004,ACT,TX,ASW,CE,Combined TRACON& Tower with Radar,0,20,50,1,71,0,1,19,5,25,0,21,69,6,96,22,0,22,118
10/27/2004,ACT,TX,ASW,CE,Combined TRACON& Tower with Radar,0,17,53,7,77,0,2,23,6,31,0,19,76,13,108,2,8,10,118
10/28/2004,ACT,TX,ASW,CE,Combined TRACON& Tower with Radar,0,36,31,2,69,0,14,25,8,47,0,50,56,10,116,0,0,0,116
10/29/2004,ACT,TX,ASW,CE,Combined TRACON& Tower with Radar,0,30,32,0,62,0,7,20,2,29,0,37,52,2,91,4,0,4,95
10/30/2004,ACT,TX,ASW,CE,Combined TRACON& Tower with Radar,1,17,35,8,61,0,5,31,2,38,1,22,66,10,99,14,2,16,115
10/31/2004,ACT,TX,ASW,CE,Combined TRACON& Tower with Radar,0,16,17,3,36,0,8,8,4,20,0,24,25,7,56,0,0,0,56
11/01/2004,ACT,TX,ASW,CE,Combined TRACON& Tower with Radar,2,16,14,0,32,0,6,14,2,22,2,22,28,2,54,0,0,0,54
11/02/2004,ACT,TX,ASW,CE,Combined TRACON& Tower with Radar,1,20,33,0,54,0,0,17,0,17,1,20,50,0,71,0,0,0,71
11/03/2004,ACT,TX,ASW,CE,Combined TRACON& Tower with Radar,0,24,21,2,47,0,0,25,1,26,0,24,46,3,73,8,0,8,81
11/04/2004,ACT,TX,ASW,CE,Combined TRACON& Tower with Radar,0,20,41,5,66,0,7,68,7,82,0,27,109,12,148,24,6,30,178
11/05/2004,ACT,TX,ASW,CE,Combined TRACON& Tower with Radar,2,21,22,6,51,0,9,83,4,96,2,30,105,10,147,8,18,26,173
11/06/2004,ACT,TX,ASW,CE,Combined TRACON& Tower with Radar,2,15,21,1,39,0,3,133,0,136,2,18,154,1,175,20,0,20,195
11/07/2004,ACT,TX,ASW,CE,Combined TRACON& Tower with Radar,0,20,16,7,43,0,0,56,1,57,0,20,72,8,100,4,0,4,104
11/08/2004,ACT,TX,ASW,CE,Combined TRACON& Tower with Radar,0,24,33,2,59,0,11,52,2,65,0,35,85,4,124,110,20,130,254
11/09/2004,ACT,TX,ASW,CE,Combined TRACON& Tower with Radar,0,30,28,2,60,0,17,43,0,60,0,47,71,2,120,94,0,94,214
11/10/2004,ACT,TX,ASW,CE,Combined TRACON& Tower with Radar,0,30,30,5,65,0,15,47,9,71,0,45,77,14,136,12,0,12,148
11/11/2004,ACT,TX,ASW,CE,Combined TRACON& Tower with Radar,0,32,33,4,69,0,7,38,0,45,0,39,71,4,114,20,4,24,138
11/12/2004,ACT,TX,ASW,CE,Combined TRACON& Tower with Radar,1,41,45,13,100,0,1,38,0,39,1,42,83,13,139,4,4,8,147
11/13/2004,ACT,TX,ASW,CE,Combined TRACON& Tower with Radar,2,26,20,4,52,0,2,11,0,13,2,28,31,4,65,4,0,4,69
11/14/2004,ACT,TX,ASW,CE,Combined TRACON& Tower with Radar,0,23,8,0,31,0,3,2,0,5,0,26,10,0,36,0,0,0,36
11/15/2004,ACT,TX,ASW,CE,Combined TRACON& Tower with Radar,0,21,12,3,36,0,0,1,0,1,0,21,13,3,37,0,0,0,37
11/16/2004,ACT,TX,ASW,CE,Combined TRACON& Tower with Radar,0,30,26,1,57,0,2,0,0,2,0,32,26,1,59,0,0,0,59
11/17/2004,ACT,TX,ASW,CE,Combined TRACON& Tower with Radar,0,25,12,0,37,0,1,4,0,5,0,26,16,0,42,0,0,0,42
11/18/2004,ACT,TX,ASW,CE,Combined TRACON& Tower with Radar,2,31,30,7,70,0,6,15,1,22,2,37,45,8,92,8,0,8,100
11/19/2004,ACT,TX,ASW,CE,Combined TRACON& Tower with Radar,0,37,26,0,63,0,9,25,0,34,0,46,51,0,97,18,0,18,115
11/20/2004,ACT,TX,ASW,CE,Combined TRACON& Tower with Radar,0,24,46,0,70,0,2,12,0,14,0,26,58,0,84,2,0,2,86
11/21/2004,ACT,TX,ASW,CE,Combined TRACON& Tower with Radar,0,19,25,0,44,0,1,1,0,2,0,20,26,0,46,2,0,2,48
11/22/2004,ACT,TX,ASW,CE,Combined TRACON& Tower with Radar,2,13,9,0,24,1,1,4,0,6,3,14,13,0,30,0,0,0,30
11/23/2004,ACT,TX,ASW,CE,Combined TRACON& Tower with Radar,0,18,26,0,44,0,8,0,0,8,0,26,26,0,52,0,0,0,52
11/24/2004,ACT,TX,ASW,CE,Combined TRACON& Tower with Radar,0,24,28,6,58,0,0,16,6,22,0,24,44,12,80,2,0,2,82
11/25/2004,ACT,TX,ASW,CE,Combined TRACON& Tower with Radar,0,17,17,0,34,0,3,18,2,23,0,20,35,2,57,0,0,0,57
11/26/2004,ACT,TX,ASW,CE,Combined TRACON& Tower with Radar,0,19,14,0,33,0,0,12,4,16,0,19,26,4,49,0,2,2,51
11/27/2004,ACT,TX,ASW,CE,Combined TRACON& Tower with Radar,1,21,21,2,45,0,4,22,0,26,1,25,43,2,71,0,10,10,81
11/28/2004,ACT,TX,ASW,CE,Combined TRACON& Tower with Radar,1,18,37,0,56,0,1,23,0,24,1,19,60,0,80,0,0,0,80
11/29/2004,ACT,TX,ASW,CE,Combined TRACON& Tower with Radar,0,21,30,0,51,0,4,5,0,9,0,25,35,0,60,4,0,4,64
11/30/2004,ACT,TX,ASW,CE,Combined TRACON& Tower with Radar,0,25,27,2,54,0,4,35,2,41,0,29,62,4,95,0,0,0,95
12/01/2004,ACT,TX,ASW,CE,Combined TRACON& Tower with Radar,0,20,32,6,58,0,2,62,3,67,0,22,94,9,125,46,4,50,175
12/02/2004,ACT,TX,ASW,CE,Combined TRACON& Tower with Radar,0,21,57,2,80,0,7,77,0,84,0,28,134,2,164,44,0,44,208
12/03/2004,ACT,TX,ASW,CE,Combined TRACON& Tower with Radar,2,21,38,20,81,0,14,83,0,97,2,35,121,20,178,20,2,22,200
12/04/2004,ACT,TX,ASW,CE,Combined TRACON& Tower with Radar,4,16,34,17,71,0,5,35,4,44,4,21,69,21,115,0,8,8,123
12/05/2004,ACT,TX,ASW,CE,Combined TRACON& Tower with Radar,0,18,16,10,44,0,2,5,5,12,0,20,21,15,56,0,0,0,56
12/06/2004,ACT,TX,ASW,CE,Combined TRACON& Tower with Radar,1,17,15,0,33,0,8,10,0,18,1,25,25,0,51,0,0,0,51
12/07/2004,ACT,TX,ASW,CE,Combined TRACON& Tower with Radar,2,37,48,3,90,0,0,63,1,64,2,37,111,4,154,42,0,42,196
12/08/2004,ACT,TX,ASW,CE,Combined TRACON& Tower with Radar,0,31,46,5,82,0,17,43,2,62,0,48,89,7,144,34,0,34,178
12/09/2004,ACT,TX,ASW,CE,Combined TRACON& Tower with Radar,0,21,42,0,63,0,11,31,0,42,0,32,73,0,105,24,0,24,129
12/10/2004,ACT,TX,ASW,CE,Combined TRACON& Tower with Radar,1,27,37,1,66,0,6,84,6,96,1,33,121,7,162,29,12,41,203
12/11/2004,ACT,TX,ASW,CE,Combined TRACON& Tower with Radar,3,19,46,16,84,0,4,98,0,102,3,23,144,16,186,38,18,56,242
12/12/2004,ACT,TX,ASW,CE,Combined TRACON& Tower with Radar,0,18,21,6,45,0,4,43,5,52,0,22,64,11,97,58,36,94,191
12/13/2004,ACT,TX,ASW,CE,Combined TRACON& Tower with Radar,0,21,15,1,37,0,21,68,6,95,0,42,83,7,132,74,24,98,230
12/14/2004,ACT,TX,ASW,CE,Combined TRACON& Tower with Radar,0,20,40,2,62,0,6,48,4,58,0,26,88,6,120,32,0,32,152
12/15/2004,ACT,TX,ASW,CE,Combined TRACON& Tower with Radar,2,20,53,1,76,0,6,62,0,68,2,26,115,1,144,44,12,56,200
12/16/2004,ACT,TX,ASW,CE,Combined TRACON& Tower with Radar,0,19,33,2,54,0,0,34,0,34,0,19,67,2,88,4,0,4,92
12/17/2004,ACT,TX,ASW,CE,Combined TRACON& Tower with Radar,0,22,19,0,41,0,2,56,2,60,0,24,75,2,101,34,0,34,135
12/18/2004,ACT,TX,ASW,CE,Combined TRACON& Tower with Radar,2,17,25,23,67,2,12,58,10,82,4,29,83,33,149,22,18,40,189
12/19/2004,ACT,TX,ASW,CE,Combined TRACON& Tower with Radar,0,20,12,9,41,0,12,64,2,78,0,32,76,11,119,76,34,110,229
12/20/2004,ACT,TX,ASW,CE,Combined TRACON& Tower with Radar,0,21,6,0,27,0,8,23,2,33,0,29,29,2,60,90,14,104,164
12/21/2004,ACT,TX,ASW,CE,Combined TRACON& Tower with Radar,0,21,20,14,55,0,15,27,0,42,0,36,47,14,97,6,0,6,103
12/22/2004,ACT,TX,ASW,CE,Combined TRACON& Tower with Radar,0,13,15,0,28,0,1,1,2,4,0,14,16,2,32,0,0,0,32
12/23/2004,ACT,TX,ASW,CE,Combined TRACON& Tower with Radar,0,21,24,0,45,0,0,48,0,48,0,21,72,0,93,18,0,18,111
12/24/2004,ACT,TX,ASW,CE,Combined TRACON& Tower with Radar,0,21,24,0,45,0,0,48,0,48,0,21,72,0,93,18,0,18,111
12/25/2004,ACT,TX,ASW,CE,Combined TRACON& Tower with Radar,0,14,0,0,14,0,1,13,0,14,0,15,13,0,28,0,0,0,28
12/26/2004,ACT,TX,ASW,CE,Combined TRACON& Tower with Radar,2,18,7,0,27,0,1,18,5,24,2,19,25,5,51,0,0,0,51
12/27/2004,ACT,TX,ASW,CE,Combined TRACON& Tower with Radar,0,23,21,0,44,0,1,23,2,26,0,24,44,2,70,0,0,0,70
12/28/2004,ACT,TX,ASW,CE,Combined TRACON& Tower with Radar,0,22,26,6,54,0,3,12,2,17,0,25,38,8,71,0,0,0,71
12/29/2004,ACT,TX,ASW,CE,Combined TRACON& Tower with Radar,0,23,11,3,37,0,0,7,1,8,0,23,18,4,45,0,0,0,45
12/30/2004,ACT,TX,ASW,CE,Combined TRACON& Tower with Radar,0,18,22,0,40,0,3,5,2,10,0,21,27,2,50,0,0,0,50
12/31/2004,ACT,TX,ASW,CE,Combined TRACON& Tower with Radar,0,13,19,0,32,0,0,10,3,13,0,13,29,3,45,0,0,0,45
01/01/2005,ACT,TX,ASW,CE,Combined TRACON& Tower with Radar,1,14,10,4,29,0,1,7,2,10,1,15,17,6,39,0,0,0,39
01/02/2005,ACT,TX,ASW,CE,Combined TRACON& Tower with Radar,3,19,11,0,33,0,4,3,0,7,3,23,14,0,40,0,0,0,40
01/03/2005,ACT,TX,ASW,CE,Combined TRACON& Tower with Radar,1,23,16,0,40,0,0,5,0,5,1,23,21,0,45,0,0,0,45
01/04/2005,ACT,TX,ASW,CE,Combined TRACON& Tower with Radar,0,18,27,4,49,0,2,6,2,10,0,20,33,6,59,0,0,0,59
01/05/2005,ACT,TX,ASW,CE,Combined TRACON& Tower with Radar,0,19,11,0,30,0,3,0,0,3,0,22,11,0,33,0,0,0,33
01/06/2005,ACT,TX,ASW,CE,Combined TRACON& Tower with Radar,1,21,15,4,41,1,3,32,0,36,2,24,47,4,77,4,4,8,85
01/07/2005,ACT,TX,ASW,CE,Combined TRACON& Tower with Radar,0,20,24,5,49,0,3,20,18,41,0,23,44,23,90,18,16,34,124
01/08/2005,ACT,TX,ASW,CE,Combined TRACON& Tower with Radar,0,17,15,1,33,0,5,18,3,26,0,22,33,4,59,10,0,10,69
01/09/2005,ACT,TX,ASW,CE,Combined TRACON& Tower with Radar,2,17,16,13,48,0,0,43,4,47,2,17,59,17,95,16,12,28,123
01/10/2005,ACT,TX,ASW,CE,Combined TRACON& Tower with Radar,0,21,18,10,49,0,2,42,0,44,0,23,60,10,93,14,12,26,119
01/11/2005,ACT,TX,ASW,CE,Combined TRACON& Tower with Radar,0,18,23,0,41,0,11,31,0,42,0,29,54,0,83,22,0,22,105
01/12/2005,ACT,TX,ASW,CE,Combined TRACON& Tower with Radar,4,23,4,0,31,0,6,5,2,13,4,29,9,2,44,0,0,0,44
01/13/2005,ACT,TX,ASW,CE,Combined TRACON& Tower with Radar,0,24,25,6,55,0,4,36,0,40,0,28,61,6,95,2,6,8,103
01/14/2005,ACT,TX,ASW,CE,Combined TRACON& Tower with Radar,0,22,29,40,91,0,3,81,21,105,0,25,110,61,196,18,6,24,220
01/15/2005,ACT,TX,ASW,CE,Combined TRACON& Tower with Radar,0,10,23,26,59,0,0,72,4,76,0,10,95,30,135,28,34,62,197
01/16/2005,ACT,TX,ASW,CE,Combined TRACON& Tower with Radar,0,16,19,21,56,0,3,22,0,25,0,19,41,21,81,0,14,14,95
01/17/2005,ACT,TX,ASW,CE,Combined TRACON& Tower with Radar,0,18,19,4,41,0,15,111,0,126,0,33,130,4,167,98,32,130,297
01/18/2005,ACT,TX,ASW,CE,Combined TRACON& Tower with Radar,0,21,27,2,50,0,0,31,0,31,0,21,58,2,81,40,0,40,121
01/19/2005,ACT,TX,ASW,CE,Combined TRACON& Tower with Radar,0,24,30,1,55,0,10,37,0,47,0,34,67,1,102,16,0,16,118
01/20/2005,ACT,TX,ASW,CE,Combined TRACON& Tower with Radar,0,25,26,6,57,0,20,71,8,99,0,45,97,14,156,36,0,36,192
01/21/2005,ACT,TX,ASW,CE,Combined TRACON& Tower with Radar,0,23,30,24,77,0,5,59,9,73,0,28,89,33,150,46,14,60,210
01/22/2005,ACT,TX,ASW,CE,Combined TRACON& Tower with Radar,0,25,12,0,37,0,15,20,0,35,0,40,32,0,72,12,0,12,84
01/23/2005,ACT,TX,ASW,CE,Combined TRACON& Tower with Radar,0,18,24,0,42,0,0,51,0,51,0,18,75,0,93,2,9,11,104
01/24/2005,ACT,TX,ASW,CE,Combined TRACON& Tower with Radar,1,19,23,0,43,0,7,76,0,83,1,26,99,0,126,2,26,28,154
01/25/2005,ACT,TX,ASW,CE,Combined TRACON& Tower with Radar,0,18,32,3,53,0,4,59,3,66,0,22,91,6,119,12,4,16,135
01/26/2005,ACT,TX,ASW,CE,Combined TRACON& Tower with Radar,0,20,33,4,57,0,0,47,2,49,0,20,80,6,106,32,16,48,154
01/27/2005,ACT,TX,ASW,CE,Combined TRACON& Tower with Radar,0,20,23,0,43,0,0,20,0,20,0,20,43,0,63,0,0,0,63
01/28/2005,ACT,TX,ASW,CE,Combined TRACON& Tower with Radar,0,22,42,6,70,0,3,5,0,8,0,25,47,6,78,0,0,0,78
01/29/2005,ACT,TX,ASW,CE,Combined TRACON& Tower with Radar,0,20,15,0,35,0,0,13,0,13,0,20,28,0,48,16,0,16,64
01/30/2005,ACT,TX,ASW,CE,Combined TRACON& Tower with Radar,0,15,10,0,25,0,2,8,0,10,0,17,18,0,35,0,0,0,35
01/31/2005,ACT,TX,ASW,CE,Combined TRACON& Tower with Radar,0,24,15,2,41,0,3,6,0,9,0,27,21,2,50,2,0,2,52
02/01/2005,ACT,TX,ASW,CE,Combined TRACON& Tower with Radar,0,20,26,0,46,0,4,4,0,8,0,24,30,0,54,0,0,0,54
02/02/2005,ACT,TX,ASW,CE,Combined TRACON& Tower with Radar,0,35,34,4,73,0,0,9,2,11,0,35,43,6,84,0,0,0,84
02/03/2005,ACT,TX,ASW,CE,Combined TRACON& Tower with Radar,0,24,16,6,46,0,15,41,0,56,0,39,57,6,102,36,2,38,140
02/04/2005,ACT,TX,ASW,CE,Combined TRACON& Tower with Radar,0,28,35,24,87,0,10,57,3,70,0,38,92,27,157,30,2,32,189
02/05/2005,ACT,TX,ASW,CE,Combined TRACON& Tower with Radar,0,18,11,0,29,0,1,27,4,32,0,19,38,4,61,68,0,68,129
02/06/2005,ACT,TX,ASW,CE,Combined TRACON& Tower with Radar,0,18,7,2,27,0,1,2,0,3,0,19,9,2,30,0,0,0,30
02/07/2005,ACT,TX,ASW,CE,Combined TRACON& Tower with Radar,0,21,27,0,48,0,0,29,2,31,0,21,56,2,79,0,0,0,79
02/08/2005,ACT,TX,ASW,CE,Combined TRACON& Tower with Radar,0,22,35,0,57,0,1,12,2,15,0,23,47,2,72,2,0,2,74
02/09/2005,ACT,TX,ASW,CE,Combined TRACON& Tower with Radar,0,22,45,0,67,0,9,26,0,35,0,31,71,0,102,33,1,34,136
02/10/2005,ACT,TX,ASW,CE,Combined TRACON& Tower with Radar,0,24,41,2,67,0,0,41,12,53,0,24,82,14,120,15,4,19,139
02/11/2005,ACT,TX,ASW,CE,Combined TRACON& Tower with Radar,2,24,23,3,52,0,0,44,1,45,2,24,67,4,97,16,0,16,113
02/12/2005,ACT,TX,ASW,CE,Combined TRACON& Tower with Radar,0,23,19,4,46,0,4,10,0,14,0,27,29,4,60,12,2,14,74
02/13/2005,ACT,TX,ASW,CE,Combined TRACON& Tower with Radar,1,19,13,2,35,0,0,30,3,33,1,19,43,5,68,28,0,28,96
02/14/2005,ACT,TX,ASW,CE,Combined TRACON& Tower with Radar,2,20,29,3,54,0,7,48,1,56,2,27,77,4,110,12,0,12,122
02/15/2005,ACT,TX,ASW,CE,Combined TRACON& Tower with Radar,0,18,14,12,44,1,18,32,7,58,1,36,46,19,102,18,8,26,128
02/16/2005,ACT,TX,ASW,CE,Combined TRACON& Tower with Radar,0,23,40,0,63,0,0,42,2,44,0,23,82,2,107,30,0,30,137
02/17/2005,ACT,TX,ASW,CE,Combined TRACON& Tower with Radar,2,22,39,19,82,0,4,30,12,46,2,26,69,31,128,8,10,18,146
02/18/2005,ACT,TX,ASW,CE,Combined TRACON& Tower with Radar,0,24,47,8,79,0,1,19,11,31,0,25,66,19,110,6,0,6,116
02/19/2005,ACT,TX,ASW,CE,Combined TRACON& Tower with Radar,0,14,39,0,53,0,0,6,0,6,0,14,45,0,59,4,0,4,63
02/20/2005,ACT,TX,ASW,CE,Combined TRACON& Tower with Radar,0,18,24,0,42,0,0,24,0,24,0,18,48,0,66,4,0,4,70
02/21/2005,ACT,TX,ASW,CE,Combined TRACON& Tower with Radar,1,24,33,8,66,0,26,84,11,121,1,50,117,19,187,54,46,100,287
02/22/2005,ACT,TX,ASW,CE,Combined TRACON& Tower with Radar,0,19,36,2,57,0,1,11,0,12,0,20,47,2,69,0,0,0,69
02/23/2005,ACT,TX,ASW,CE,Combined TRACON& Tower with Radar,0,22,21,1,44,0,4,19,3,26,0,26,40,4,70,6,0,6,76
02/24/2005,ACT,TX,ASW,CE,Combined TRACON& Tower with Radar,0,21,27,3,51,0,1,7,0,8,0,22,34,3,59,2,0,2,61
02/25/2005,ACT,TX,ASW,CE,Combined TRACON& Tower with Radar,0,21,25,15,61,0,3,60,3,66,0,24,85,18,127,24,6,30,157
02/26/2005,ACT,TX,ASW,CE,Combined TRACON& Tower with Radar,0,11,30,4,45,0,7,13,0,20,0,18,43,4,65,2,0,2,67
02/27/2005,ACT,TX,ASW,CE,Combined TRACON& Tower with Radar,0,19,38,4,61,0,1,46,10,57,0,20,84,14,118,8,0,8,126
02/28/2005,ACT,TX,ASW,CE,Combined TRACON& Tower with Radar,0,21,28,6,55,0,7,43,8,58,0,28,71,14,113,12,6,18,131
03/01/2005,ACT,TX,ASW,CE,Combined TRACON& Tower with Radar,0,20,50,0,70,0,14,37,0,51,0,34,87,0,121,6,0,6,127
03/02/2005,ACT,TX,ASW,CE,Combined TRACON& Tower with Radar,0,26,54,2,82,0,0,20,0,20,0,26,74,2,102,0,0,0,102
03/03/2005,ACT,TX,ASW,CE,Combined TRACON& Tower with Radar,0,26,26,5,57,0,0,6,0,6,0,26,32,5,63,0,2,2,65
03/04/2005,ACT,TX,ASW,CE,Combined TRACON& Tower with Radar,0,21,42,2,65,0,0,31,11,42,0,21,73,13,107,14,2,16,123
03/05/2005,ACT,TX,ASW,CE,Combined TRACON& Tower with Radar,0,19,44,16,79,0,1,26,5,32,0,20,70,21,111,10,18,28,139
03/06/2005,ACT,TX,ASW,CE,Combined TRACON& Tower with Radar,0,18,23,23,64,0,6,10,20,36,0,24,33,43,100,0,12,12,112
03/07/2005,ACT,TX,ASW,CE,Combined TRACON& Tower with Radar,2,20,19,1,42,0,3,19,1,23,2,23,38,2,65,4,0,4,69
03/08/2005,ACT,TX,ASW,CE,Combined TRACON& Tower with Radar,0,19,34,1,54,0,3,47,1,51,0,22,81,2,105,6,2,8,113
03/09/2005,ACT,TX,ASW,CE,Combined TRACON& Tower with Radar,0,20,29,2,51,0,8,41,1,50,0,28,70,3,101,2,0,2,103
03/10/2005,ACT,TX,ASW,CE,Combined TRACON& Tower with Radar,0,21,23,2,46,0,6,59,0,65,0,27,82,2,111,52,0,52,163
03/11/2005,ACT,TX,ASW,CE,Combined TRACON& Tower with Radar,2,24,42,8,76,0,6,89,8,103,2,30,131,16,179,32,20,52,231
03/12/2005,ACT,TX,ASW,CE,Combined TRACON& Tower with Radar,2,14,21,6,43,0,3,25,2,30,2,17,46,8,73,8,4,12,85
03/13/2005,ACT,TX,ASW,CE,Combined TRACON& Tower with Radar,1,19,25,16,61,0,2,33,12,47,1,21,58,28,108,22,40,62,170
03/14/2005,ACT,TX,ASW,CE,Combined TRACON& Tower with Radar,0,22,24,10,56,0,19,40,7,66,0,41,64,17,122,30,12,42,164
03/15/2005,ACT,TX,ASW,CE,Combined TRACON& Tower with Radar,1,29,23,4,57,1,7,20,2,30,2,36,43,6,87,18,4,22,109
03/16/2005,ACT,TX,ASW,CE,Combined TRACON& Tower with Radar,7,43,24,3,77,0,6,15,3,24,7,49,39,6,101,16,0,16,117
03/17/2005,ACT,TX,ASW,CE,Combined TRACON& Tower with Radar,2,22,23,3,50,2,8,33,6,49,4,30,56,9,99,6,0,6,105
03/18/2005,ACT,TX,ASW,CE,Combined TRACON& Tower with Radar,2,21,18,6,47,0,10,30,2,42,2,31,48,8,89,10,0,10,99
03/19/2005,ACT,TX,ASW,CE,Combined TRACON& Tower with Radar,2,14,16,0,32,0,0,11,5,16,2,14,27,5,48,0,0,0,48
03/20/2005,ACT,TX,ASW,CE,Combined TRACON& Tower with Radar,1,18,19,4,42,0,3,16,2,21,1,21,35,6,63,24,8,32,95
03/21/2005,ACT,TX,ASW,CE,Combined TRACON& Tower with Radar,3,24,21,1,49,0,6,17,1,24,3,30,38,2,73,10,0,10,83
03/22/2005,ACT,TX,ASW,CE,Combined TRACON& Tower with Radar,5,23,10,0,38,0,1,24,4,29,5,24,34,4,67,0,0,0,67
03/23/2005,ACT,TX,ASW,CE,Combined TRACON& Tower with Radar,0,19,16,3,38,0,3,7,5,15,0,22,23,8,53,0,0,0,53
03/24/2005,ACT,TX,ASW,CE,Combined TRACON& Tower with Radar,2,35,22,0,59,0,0,27,0,27,2,35,49,0,86,0,0,0,86
03/25/2005,ACT,TX,ASW,CE,Combined TRACON& Tower with Radar,0,18,17,3,38,0,3,17,8,28,0,21,34,11,66,0,0,0,66
03/26/2005,ACT,TX,ASW,CE,Combined TRACON& Tower with Radar,0,12,2,0,14,0,0,1,0,1,0,12,3,0,15,0,0,0,15
03/27/2005,ACT,TX,ASW,CE,Combined TRACON& Tower with Radar,0,15,13,2,30,0,3,4,0,7,0,18,17,2,37,0,0,0,37
03/28/2005,ACT,TX,ASW,CE,Combined TRACON& Tower with Radar,2,17,27,2,48,0,0,24,0,24,2,17,51,2,72,10,2,12,84
03/29/2005,ACT,TX,ASW,CE,Combined TRACON& Tower with Radar,1,30,59,5,95,0,9,41,1,51,1,39,100,6,146,16,0,16,162
03/30/2005,ACT,TX,ASW,CE,Combined TRACON& Tower with Radar,0,29,36,0,65,0,0,60,0,60,0,29,96,0,125,2,0,2,127
03/31/2005,ACT,TX,ASW,CE,Combined TRACON& Tower with Radar,2,19,36,22,79,0,8,36,12,56,2,27,72,34,135,8,34,42,177
04/01/2005,ACT,TX,ASW,CE,Combined TRACON& Tower with Radar,1,19,16,9,45,0,0,22,4,26,1,19,38,13,71,0,4,4,75
04/02/2005,ACT,TX,ASW,CE,Combined TRACON& Tower with Radar,2,14,11,4,31,3,0,56,0,59,5,14,67,4,90,12,0,12,102
04/03/2005,ACT,TX,ASW,CE,Combined TRACON& Tower with Radar,0,21,25,12,58,0,5,48,3,56,0,26,73,15,114,31,0,31,145
04/04/2005,ACT,TX,ASW,CE,Combined TRACON& Tower with Radar,0,24,23,6,53,0,9,17,4,30,0,33,40,10,83,8,10,18,101
04/05/2005,ACT,TX,ASW,CE,Combined TRACON& Tower with Radar,2,29,19,5,55,0,4,17,1,22,2,33,36,6,77,0,0,0,77
04/06/2005,ACT,TX,ASW,CE,Combined TRACON& Tower with Radar,6,24,26,13,69,2,7,35,0,44,8,31,61,13,113,6,2,8,121
04/07/2005,ACT,TX,ASW,CE,Combined TRACON& Tower with Radar,2,25,46,2,75,0,5,53,8,66,2,30,99,10,141,46,0,46,187
04/08/2005,ACT,TX,ASW,CE,Combined TRACON& Tower with Radar,2,20,38,2,62,0,8,52,2,62,2,28,90,4,124,6,4,10,134
04/09/2005,ACT,TX,ASW,CE,Combined TRACON& Tower with Radar,0,18,17,0,35,0,0,12,1,13,0,18,29,1,48,2,0,2,50
04/10/2005,ACT,TX,ASW,CE,Combined TRACON& Tower with Radar,3,21,12,4,40,0,0,8,0,8,3,21,20,4,48,0,0,0,48
04/11/2005,ACT,TX,ASW,CE,Combined TRACON& Tower with Radar,0,24,22,4,50,0,1,11,6,18,0,25,33,10,68,4,13,17,85
04/12/2005,ACT,TX,ASW,CE,Combined TRACON& Tower with Radar,0,16,30,1,47,0,9,27,7,43,0,25,57,8,90,22,0,22,112
04/13/2005,ACT,TX,ASW,CE,Combined TRACON& Tower with Radar,0,22,39,2,63,0,7,52,3,62,0,29,91,5,125,8,0,8,133
04/14/2005,ACT,TX,ASW,CE,Combined TRACON& Tower with Radar,0,24,30,0,54,0,0,67,0,67,0,24,97,0,121,20,0,20,141
04/15/2005,ACT,TX,ASW,CE,Combined TRACON& Tower with Radar,0,31,27,0,58,0,1,70,0,71,0,32,97,0,129,26,0,26,155
04/16/2005,ACT,TX,ASW,CE,Combined TRACON& Tower with Radar,0,17,21,0,38,0,2,53,0,55,0,19,74,0,93,28,0,28,121
04/17/2005,ACT,TX,ASW,CE,Combined TRACON& Tower with Radar,0,18,11,4,33,0,2,35,6,43,0,20,46,10,76,4,8,12,88
04/18/2005,ACT,TX,ASW,CE,Combined TRACON& Tower with Radar,0,28,24,0,52,0,0,17,0,17,0,28,41,0,69,0,0,0,69
04/19/2005,ACT,TX,ASW,CE,Combined TRACON& Tower with Radar,0,25,35,0,60,0,0,35,0,35,0,25,70,0,95,8,0,8,103
04/20/2005,ACT,TX,ASW,CE,Combined TRACON& Tower with Radar,0,22,55,0,77,0,3,30,0,33,0,25,85,0,110,4,0,4,114
04/21/2005,ACT,TX,ASW,CE,Combined TRACON& Tower with Radar,0,24,38,8,70,0,1,22,12,35,0,25,60,20,105,4,2,6,111
04/22/2005,ACT,TX,ASW,CE,Combined TRACON& Tower with Radar,2,25,28,0,55,0,6,33,0,39,2,31,61,0,94,4,0,4,98
04/23/2005,ACT,TX,ASW,CE,Combined TRACON& Tower with Radar,0,20,11,0,31,0,0,16,0,16,0,20,27,0,47,0,0,0,47
04/24/2005,ACT,TX,ASW,CE,Combined TRACON& Tower with Radar,0,22,21,0,43,0,4,6,2,12,0,26,27,2,55,0,0,0,55
04/25/2005,ACT,TX,ASW,CE,Combined TRACON& Tower with Radar,2,32,19,4,57,0,4,20,10,34,2,36,39,14,91,0,24,24,115
04/26/2005,ACT,TX,ASW,CE,Combined TRACON& Tower with Radar,1,24,27,4,56,0,0,51,8,59,1,24,78,12,115,12,6,18,133
04/27/2005,ACT,TX,ASW,CE,Combined TRACON& Tower with Radar,0,23,32,5,60,0,5,44,0,49,0,28,76,5,109,18,6,24,133
04/28/2005,ACT,TX,ASW,CE,Combined TRACON& Tower with Radar,0,24,25,1,50,0,3,33,1,37,0,27,58,2,87,4,0,4,91
04/29/2005,ACT,TX,ASW,CE,Combined TRACON& Tower with Radar,0,22,52,13,87,0,0,48,2,50,0,22,100,15,137,22,6,28,165
04/30/2005,ACT,TX,ASW,CE,Combined TRACON& Tower with Radar,2,18,20,22,62,0,3,27,13,43,2,21,47,35,105,4,26,30,135
05/01/2005,ACT,TX,ASW,CE,Combined TRACON& Tower with Radar,0,20,14,35,69,0,0,35,1,36,0,20,49,36,105,12,46,58,163
05/02/2005,ACT,TX,ASW,CE,Combined TRACON& Tower with Radar,0,21,28,8,57,0,2,42,0,44,0,23,70,8,101,38,0,38,139
05/03/2005,ACT,TX,ASW,CE,Combined TRACON& Tower with Radar,2,19,30,14,65,0,14,30,0,44,2,33,60,14,109,6,14,20,129
05/04/2005,ACT,TX,ASW,CE,Combined TRACON& Tower with Radar,0,22,16,2,40,0,1,37,2,40,0,23,53,4,80,22,0,22,102
05/05/2005,ACT,TX,ASW,CE,Combined TRACON& Tower with Radar,0,24,22,0,46,0,9,76,0,85,0,33,98,0,131,2,0,2,133
05/06/2005,ACT,TX,ASW,CE,Combined TRACON& Tower with Radar,0,19,27,19,65,0,0,51,11,62,0,19,78,30,127,4,6,10,137
05/07/2005,ACT,TX,ASW,CE,Combined TRACON& Tower with Radar,0,20,34,7,61,0,4,34,0,38,0,24,68,7,99,10,22,32,131
05/08/2005,ACT,TX,ASW,CE,Combined TRACON& Tower with Radar,2,18,13,3,36,0,1,8,0,9,2,19,21,3,45,0,0,0,45
05/09/2005,ACT,TX,ASW,CE,Combined TRACON& Tower with Radar,1,27,37,1,66,0,5,25,1,31,1,32,62,2,97,20,0,20,117
05/10/2005,ACT,TX,ASW,CE,Combined TRACON& Tower with Radar,2,25,58,4,89,0,3,24,0,27,2,28,82,4,116,36,0,36,152
05/11/2005,ACT,TX,ASW,CE,Combined TRACON& Tower with Radar,0,41,64,6,111,0,0,52,5,57,0,41,116,11,168,28,0,28,196
05/12/2005,ACT,TX,ASW,CE,Combined TRACON& Tower with Radar,0,27,39,2,68,0,0,47,0,47,0,27,86,2,115,20,0,20,135
05/13/2005,ACT,TX,ASW,CE,Combined TRACON& Tower with Radar,2,25,24,22,73,0,1,43,3,47,2,26,67,25,120,22,12,34,154
05/14/2005,ACT,TX,ASW,CE,Combined TRACON& Tower with Radar,0,26,37,56,119,0,0,33,8,41,0,26,70,64,160,8,26,34,194
05/15/2005,ACT,TX,ASW,CE,Combined TRACON& Tower with Radar,0,22,27,0,49,0,0,21,0,21,0,22,48,0,70,8,0,8,78
05/16/2005,ACT,TX,ASW,CE,Combined TRACON& Tower with Radar,0,22,17,3,42,0,6,31,3,40,0,28,48,6,82,22,0,22,104
05/17/2005,ACT,TX,ASW,CE,Combined TRACON& Tower with Radar,0,18,37,6,61,0,3,57,1,61,0,21,94,7,122,36,0,36,158
05/18/2005,ACT,TX,ASW,CE,Combined TRACON& Tower with Radar,0,22,36,10,68,0,7,81,0,88,0,29,117,10,156,24,4,28,184
05/19/2005,ACT,TX,ASW,CE,Combined TRACON& Tower with Radar,0,21,32,0,53,0,3,39,0,42,0,24,71,0,95,14,0,14,109
05/20/2005,ACT,TX,ASW,CE,Combined TRACON& Tower with Radar,0,22,33,5,60,0,0,40,5,45,0,22,73,10,105,14,4,18,123
05/21/2005,ACT,TX,ASW,CE,Combined TRACON& Tower with Radar,0,16,12,8,36,0,2,79,0,81,0,18,91,8,117,12,6,18,135
05/22/2005,ACT,TX,ASW,CE,Combined TRACON& Tower with Radar,0,23,14,8,45,0,1,64,2,67,0,24,78,10,112,18,6,24,136
05/23/2005,ACT,TX,ASW,CE,Combined TRACON& Tower with Radar,0,36,30,5,71,0,5,48,1,54,0,41,78,6,125,20,0,20,145
05/24/2005,ACT,TX,ASW,CE,Combined TRACON& Tower with Radar,0,20,24,4,48,0,0,51,2,53,0,20,75,6,101,16,0,16,117
05/25/2005,ACT,TX,ASW,CE,Combined TRACON& Tower with Radar,0,20,15,0,35,0,8,43,0,51,0,28,58,0,86,0,0,0,86
05/26/2005,ACT,TX,ASW,CE,Combined TRACON& Tower with Radar,2,34,23,2,61,0,3,20,6,29,2,37,43,8,90,12,0,12,102
05/27/2005,ACT,TX,ASW,CE,Combined TRACON& Tower with Radar,0,30,29,0,59,0,9,33,4,46,0,39,62,4,105,12,0,12,117
05/28/2005,ACT,TX,ASW,CE,Combined TRACON& Tower with Radar,2,16,12,0,30,0,5,4,0,9,2,21,16,0,39,2,0,2,41
05/29/2005,ACT,TX,ASW,CE,Combined TRACON& Tower with Radar,1,13,4,0,18,0,0,8,0,8,1,13,12,0,26,6,0,6,32
05/30/2005,ACT,TX,ASW,CE,Combined TRACON& Tower with Radar,0,20,26,1,47,0,0,17,0,17,0,20,43,1,64,24,0,24,88
05/31/2005,ACT,TX,ASW,CE,Combined TRACON& Tower with Radar,0,25,35,0,60,0,2,30,0,32,0,27,65,0,92,6,0,6,98
06/01/2005,ACT,TX,ASW,CE,Combined TRACON& Tower with Radar,0,22,26,3,51,0,20,38,9,67,0,42,64,12,118,8,16,24,142
06/02/2005,ACT,TX,ASW,CE,Combined TRACON& Tower with Radar,3,25,31,0,59,2,1,40,0,43,5,26,71,0,102,30,0,30,132
06/03/2005,ACT,TX,ASW,CE,Combined TRACON& Tower with Radar,0,25,10,1,36,0,0,12,0,12,0,25,22,1,48,0,0,0,48
06/04/2005,ACT,TX,ASW,CE,Combined TRACON& Tower with Radar,0,20,12,3,35,0,2,16,3,21,0,22,28,6,56,0,0,0,56
06/05/2005,ACT,TX,ASW,CE,Combined TRACON& Tower with Radar,0,19,12,11,42,0,0,11,6,17,0,19,23,17,59,0,0,0,59
06/06/2005,ACT,TX,ASW,CE,Combined TRACON& Tower with Radar,2,23,28,3,56,0,5,16,0,21,2,28,44,3,77,2,0,2,79
06/07/2005,ACT,TX,ASW,CE,Combined TRACON& Tower with Radar,0,19,22,11,52,0,0,30,0,30,0,19,52,11,82,51,0,51,133
06/08/2005,ACT,TX,ASW,CE,Combined TRACON& Tower with Radar,0,18,33,7,58,0,2,19,5,26,0,20,52,12,84,8,0,8,92
06/09/2005,ACT,TX,ASW,CE,Combined TRACON& Tower with Radar,0,23,29,1,53,0,4,39,3,46,0,27,68,4,99,33,0,33,132
06/10/2005,ACT,TX,ASW,CE,Combined TRACON& Tower with Radar,0,24,30,0,54,0,6,60,0,66,0,30,90,0,120,0,0,0,120
06/11/2005,ACT,TX,ASW,CE,Combined TRACON& Tower with Radar,0,21,31,15,67,0,2,12,0,14,0,23,43,15,81,18,4,22,103
06/12/2005,ACT,TX,ASW,CE,Combined TRACON& Tower with Radar,0,20,24,1,45,0,1,31,0,32,0,21,55,1,77,4,2,6,83
06/13/2005,ACT,TX,ASW,CE,Combined TRACON& Tower with Radar,0,22,23,0,45,0,5,30,0,35,0,27,53,0,80,6,0,6,86
06/14/2005,ACT,TX,ASW,CE,Combined TRACON& Tower with Radar,0,24,30,7,61,0,0,39,1,40,0,24,69,8,101,4,2,6,107
06/15/2005,ACT,TX,ASW,CE,Combined TRACON& Tower with Radar,2,24,41,0,67,0,0,42,2,44,2,24,83,2,111,36,15,51,162
06/16/2005,ACT,TX,ASW,CE,Combined TRACON& Tower with Radar,0,20,46,2,68,0,8,57,1,66,0,28,103,3,134,36,2,38,172
06/17/2005,ACT,TX,ASW,CE,Combined TRACON& Tower with Radar,0,21,20,0,41,0,9,59,2,70,0,30,79,2,111,36,0,36,147
06/18/2005,ACT,TX,ASW,CE,Combined TRACON& Tower with Radar,0,21,21,38,80,0,7,56,0,63,0,28,77,38,143,6,34,40,183
06/19/2005,ACT,TX,ASW,CE,Combined TRACON& Tower with Radar,0,20,14,4,38,0,2,25,1,28,0,22,39,5,66,10,0,10,76
06/20/2005,ACT,TX,ASW,CE,Combined TRACON& Tower with Radar,0,26,30,6,62,0,10,36,0,46,0,36,66,6,108,0,0,0,108
06/21/2005,ACT,TX,ASW,CE,Combined TRACON& Tower with Radar,0,29,19,4,52,0,8,35,0,43,0,37,54,4,95,36,0,36,131
06/22/2005,ACT,TX,ASW,CE,Combined TRACON& Tower with Radar,0,26,19,0,45,0,3,54,2,59,0,29,73,2,104,2,34,36,140
06/23/2005,ACT,TX,ASW,CE,Combined TRACON& Tower with Radar,0,21,34,8,63,0,4,37,0,41,0,25,71,8,104,10,4,14,118
06/24/2005,ACT,TX,ASW,CE,Combined TRACON& Tower with Radar,2,25,14,1,42,0,0,40,3,43,2,25,54,4,85,8,0,8,93
06/25/2005,ACT,TX,ASW,CE,Combined TRACON& Tower with Radar,0,23,18,4,45,0,8,22,0,30,0,31,40,4,75,4,0,4,79
06/26/2005,ACT,TX,ASW,CE,Combined TRACON& Tower with Radar,0,27,9,7,43,0,0,41,0,41,0,27,50,7,84,34,30,64,148
06/27/2005,ACT,TX,ASW,CE,Combined TRACON& Tower with Radar,0,22,27,2,51,0,4,40,0,44,0,26,67,2,95,8,0,8,103
06/28/2005,ACT,TX,ASW,CE,Combined TRACON& Tower with Radar,0,27,23,14,64,0,2,45,4,51,0,29,68,18,115,30,18,48,163
06/29/2005,ACT,TX,ASW,CE,Combined TRACON& Tower with Radar,1,20,30,6,57,0,7,46,6,59,1,27,76,12,116,2,2,4,120
06/30/2005,ACT,TX,ASW,CE,Combined TRACON& Tower with Radar,0,22,20,12,54,0,8,58,7,73,0,30,78,19,127,6,6,12,139
07/01/2005,ACT,TX,ASW,CE,Combined TRACON& Tower with Radar,6,37,17,0,60,0,9,60,0,69,6,46,77,0,129,16,0,16,145
07/02/2005,ACT,TX,ASW,CE,Combined TRACON& Tower with Radar,6,20,5,0,31,0,0,13,0,13,6,20,18,0,44,2,0,2,46
07/03/2005,ACT,TX,ASW,CE,Combined TRACON& Tower with Radar,0,17,10,0,27,0,1,30,0,31,0,18,40,0,58,1,15,16,74
07/04/2005,ACT,TX,ASW,CE,Combined TRACON& Tower with Radar,0,16,9,3,28,0,0,9,1,10,0,16,18,4,38,4,0,4,42
07/05/2005,ACT,TX,ASW,CE,Combined TRACON& Tower with Radar,6,30,52,0,88,4,4,38,0,46,10,34,90,0,134,2,0,2,136
07/06/2005,ACT,TX,ASW,CE,Combined TRACON& Tower with Radar,0,22,32,8,62,0,5,31,3,39,0,27,63,11,101,4,8,12,113
07/07/2005,ACT,TX,ASW,CE,Combined TRACON& Tower with Radar,15,29,47,1,92,0,18,58,1,77,15,47,105,2,169,10,0,10,179
07/08/2005,ACT,TX,ASW,CE,Combined TRACON& Tower with Radar,0,19,28,17,64,1,1,34,16,52,1,20,62,33,116,8,10,18,134
07/09/2005,ACT,TX,ASW,CE,Combined TRACON& Tower with Radar,0,23,16,62,101,0,1,91,13,105,0,24,107,75,206,85,30,115,321
07/10/2005,ACT,TX,ASW,CE,Combined TRACON& Tower with Radar,0,28,12,10,50,0,0,21,2,23,0,28,33,12,73,12,10,22,95
07/11/2005,ACT,TX,ASW,CE,Combined TRACON& Tower with Radar,0,24,18,15,57,0,8,35,0,43,0,32,53,15,100,18,4,22,122
07/12/2005,ACT,TX,ASW,CE,Combined TRACON& Tower with Radar,0,22,20,8,50,0,2,20,1,23,0,24,40,9,73,36,0,36,109
07/13/2005,ACT,TX,ASW,CE,Combined TRACON& Tower with Radar,0,29,26,15,70,0,0,12,6,18,0,29,38,21,88,22,0,22,110
07/14/2005,ACT,TX,ASW,CE,Combined TRACON& Tower with Radar,4,24,23,3,54,0,6,20,3,29,4,30,43,6,83,8,0,8,91
07/15/2005,ACT,TX,ASW,CE,Combined TRACON& Tower with Radar,3,36,22,8,69,1,2,21,1,25,4,38,43,9,94,8,0,8,102
07/16/2005,ACT,TX,ASW,CE,Combined TRACON& Tower with Radar,0,17,9,34,60,0,0,20,0,20,0,17,29,34,80,6,54,60,140
07/17/2005,ACT,TX,ASW,CE,Combined TRACON& Tower with Radar,0,19,29,2,50,0,1,10,0,11,0,20,39,2,61,14,0,14,75
07/18/2005,ACT,TX,ASW,CE,Combined TRACON& Tower with Radar,0,29,35,14,78,0,3,17,0,20,0,32,52,14,98,14,2,16,114
07/19/2005,ACT,TX,ASW,CE,Combined TRACON& Tower with Radar,0,31,27,10,68,0,7,52,0,59,0,38,79,10,127,30,0,30,157
07/20/2005,ACT,TX,ASW,CE,Combined TRACON& Tower with Radar,0,44,36,1,81,0,18,28,0,46,0,62,64,1,127,30,0,30,157
07/21/2005,ACT,TX,ASW,CE,Combined TRACON& Tower with Radar,0,25,46,14,85,0,0,60,0,60,0,25,106,14,145,28,0,28,173
07/22/2005,ACT,TX,ASW,CE,Combined TRACON& Tower with Radar,0,26,49,14,89,0,2,42,3,47,0,28,91,17,136,34,30,64,200
07/23/2005,ACT,TX,ASW,CE,Combined TRACON& Tower with Radar,0,16,12,1,29,0,4,42,2,48,0,20,54,3,77,6,2,8,85
07/24/2005,ACT,TX,ASW,CE,Combined TRACON& Tower with Radar,0,20,16,34,70,0,4,18,1,23,0,24,34,35,93,30,8,38,131
07/25/2005,ACT,TX,ASW,CE,Combined TRACON& Tower with Radar,0,28,14,6,48,0,9,28,0,37,0,37,42,6,85,56,0,56,141
07/26/2005,ACT,TX,ASW,CE,Combined TRACON& Tower with Radar,0,26,14,5,45,0,5,37,3,45,0,31,51,8,90,14,20,34,124
07/27/2005,ACT,TX,ASW,CE,Combined TRACON& Tower with Radar,0,26,26,2,54,0,6,32,2,40,0,32,58,4,94,0,0,0,94
07/28/2005,ACT,TX,ASW,CE,Combined TRACON& Tower with Radar,0,24,28,3,55,0,0,60,1,61,0,24,88,4,116,10,0,10,126
07/29/2005,ACT,TX,ASW,CE,Combined TRACON& Tower with Radar,0,29,53,10,92,0,0,26,0,26,0,29,79,10,118,14,4,18,136
07/30/2005,ACT,TX,ASW,CE,Combined TRACON& Tower with Radar,0,22,20,9,51,0,7,44,7,58,0,29,64,16,109,38,0,38,147
07/31/2005,ACT,TX,ASW,CE,Combined TRACON& Tower with Radar,0,19,15,7,41,0,2,28,1,31,0,21,43,8,72,12,0,12,84
08/01/2005,ACT,TX,ASW,CE,Combined TRACON& Tower with Radar,0,21,21,0,42,0,5,46,4,55,0,26,67,4,97,10,0,10,107
08/02/2005,ACT,TX,ASW,CE,Combined TRACON& Tower with Radar,1,22,21,0,44,0,4,49,0,53,1,26,70,0,97,4,0,4,101
08/03/2005,ACT,TX,ASW,CE,Combined TRACON& Tower with Radar,1,27,15,1,44,0,1,12,3,16,1,28,27,4,60,0,0,0,60
08/04/2005,ACT,TX,ASW,CE,Combined TRACON& Tower with Radar,0,27,22,0,49,0,5,13,3,21,0,32,35,3,70,0,0,0,70
08/05/2005,ACT,TX,ASW,CE,Combined TRACON& Tower with Radar,0,30,32,0,62,0,0,4,4,8,0,30,36,4,70,0,0,0,70
08/06/2005,ACT,TX,ASW,CE,Combined TRACON& Tower with Radar,2,17,17,3,39,0,1,1,0,2,2,18,18,3,41,0,2,2,43
08/07/2005,ACT,TX,ASW,CE,Combined TRACON& Tower with Radar,0,19,9,4,32,0,0,9,0,9,0,19,18,4,41,0,0,0,41
08/08/2005,ACT,TX,ASW,CE,Combined TRACON& Tower with Radar,2,22,18,4,46,0,0,8,7,15,2,22,26,11,61,0,0,0,61
08/09/2005,ACT,TX,ASW,CE,Combined TRACON& Tower with Radar,0,27,21,5,53,0,0,3,0,3,0,27,24,5,56,0,2,2,58
08/10/2005,ACT,TX,ASW,CE,Combined TRACON& Tower with Radar,4,21,22,2,49,0,3,7,1,11,4,24,29,3,60,0,0,0,60
08/11/2005,ACT,TX,ASW,CE,Combined TRACON& Tower with Radar,2,35,37,2,76,0,0,14,7,21,2,35,51,9,97,0,0,0,97
08/12/2005,ACT,TX,ASW,CE,Combined TRACON& Tower with Radar,0,69,100,12,181,0,5,36,2,43,0,74,136,14,224,0,0,0,224
08/13/2005,ACT,TX,ASW,CE,Combined TRACON& Tower with Radar,0,16,15,9,40,0,2,23,0,25,0,18,38,9,65,0,6,6,71
08/14/2005,ACT,TX,ASW,CE,Combined TRACON& Tower with Radar,2,19,19,3,43,0,0,6,2,8,2,19,25,5,51,0,0,0,51
08/15/2005,ACT,TX,ASW,CE,Combined TRACON& Tower with Radar,6,21,10,2,39,1,3,3,0,7,7,24,13,2,46,0,2,2,48
08/16/2005,ACT,TX,ASW,CE,Combined TRACON& Tower with Radar,14,22,22,6,64,0,2,5,0,7,14,24,27,6,71,0,4,4,75
08/17/2005,ACT,TX,ASW,CE,Combined TRACON& Tower with Radar,0,24,21,0,45,0,0,11,2,13,0,24,32,2,58,4,0,4,62
08/18/2005,ACT,TX,ASW,CE,Combined TRACON& Tower with Radar,0,27,22,13,62,0,0,17,3,20,0,27,39,16,82,0,14,14,96
08/19/2005,ACT,TX,ASW,CE,Combined TRACON& Tower with Radar,0,22,10,26,58,0,0,32,6,38,0,22,42,32,96,0,18,18,114
08/20/2005,ACT,TX,ASW,CE,Combined TRACON& Tower with Radar,0,17,15,15,47,0,0,12,0,12,0,17,27,15,59,0,2,2,61
08/21/2005,ACT,TX,ASW,CE,Combined TRACON& Tower with Radar,0,19,7,8,34,0,0,6,7,13,0,19,13,15,47,0,0,0,47
08/22/2005,ACT,TX,ASW,CE,Combined TRACON& Tower with Radar,3,23,18,1,45,0,3,8,3,14,3,26,26,4,59,0,0,0,59
08/23/2005,ACT,TX,ASW,CE,Combined TRACON& Tower with Radar,3,20,17,1,41,0,5,11,0,16,3,25,28,1,57,0,0,0,57
08/24/2005,ACT,TX,ASW,CE,Combined TRACON& Tower with Radar,5,21,22,6,54,0,0,20,0,20,5,21,42,6,74,0,4,4,78
08/25/2005,ACT,TX,ASW,CE,Combined TRACON& Tower with Radar,2,21,22,0,45,0,0,12,2,14,2,21,34,2,59,0,0,0,59
08/26/2005,ACT,TX,ASW,CE,Combined TRACON& Tower with Radar,0,23,11,2,36,0,0,15,1,16,0,23,26,3,52,0,0,0,52
08/27/2005,ACT,TX,ASW,CE,Combined TRACON& Tower with Radar,0,16,11,0,27,0,0,15,0,15,0,16,26,0,42,0,0,0,42
08/28/2005,ACT,TX,ASW,CE,Combined TRACON& Tower with Radar,0,22,7,4,33,0,3,12,2,17,0,25,19,6,50,0,0,0,50
08/29/2005,ACT,TX,ASW,CE,Combined TRACON& Tower with Radar,1,27,20,8,56,0,1,19,6,26,1,28,39,14,82,32,0,32,114
08/30/2005,ACT,TX,ASW,CE,Combined TRACON& Tower with Radar,2,35,19,0,56,0,4,17,2,23,2,39,36,2,79,10,0,10,89
08/31/2005,ACT,TX,ASW,CE,Combined TRACON& Tower with Radar,1,24,11,1,37,0,1,30,2,33,1,25,41,3,70,0,0,0,70
09/01/2005,ACT,TX,ASW,CE,Combined TRACON& Tower with Radar,0,20,29,0,49,0,9,44,0,53,0,29,73,0,102,0,0,0,102
09/02/2005,ACT,TX,ASW,CE,Combined TRACON& Tower with Radar,0,23,26,39,88,0,1,40,13,54,0,24,66,52,142,4,0,4,146
09/03/2005,ACT,TX,ASW,CE,Combined TRACON& Tower with Radar,0,15,13,0,28,0,0,33,2,35,0,15,46,2,63,12,0,12,75
09/04/2005,ACT,TX,ASW,CE,Combined TRACON& Tower with Radar,0,17,23,0,40,0,1,18,2,21,0,18,41,2,61,4,4,8,69
09/05/2005,ACT,TX,ASW,CE,Combined TRACON& Tower with Radar,0,19,22,10,51,0,2,30,1,33,0,21,52,11,84,16,0,16,100
09/06/2005,ACT,TX,ASW,CE,Combined TRACON& Tower with Radar,0,20,20,2,42,0,3,34,1,38,0,23,54,3,80,32,0,32,112
09/07/2005,ACT,TX,ASW,CE,Combined TRACON& Tower with Radar,0,14,40,0,54,0,7,39,0,46,0,21,79,0,100,18,0,18,118
09/08/2005,ACT,TX,ASW,CE,Combined TRACON& Tower with Radar,0,25,36,8,69,0,5,35,0,40,0,30,71,8,109,25,0,25,134
09/09/2005,ACT,TX,ASW,CE,Combined TRACON& Tower with Radar,1,23,30,3,57,0,10,53,2,65,1,33,83,5,122,10,0,10,132
09/10/2005,ACT,TX,ASW,CE,Combined TRACON& Tower with Radar,0,19,28,4,51,0,5,30,0,35,0,24,58,4,86,6,8,14,100
09/11/2005,ACT,TX,ASW,CE,Combined TRACON& Tower with Radar,0,21,18,1,40,0,0,20,4,24,0,21,38,5,64,2,0,2,66
09/12/2005,ACT,TX,ASW,CE,Combined TRACON& Tower with Radar,0,28,21,6,55,0,9,27,0,36,0,37,48,6,91,8,6,14,105
09/13/2005,ACT,TX,ASW,CE,Combined TRACON& Tower with Radar,0,24,27,2,53,0,3,37,0,40,0,27,64,2,93,2,0,2,95
09/14/2005,ACT,TX,ASW,CE,Combined TRACON& Tower with Radar,0,33,11,2,46,0,17,42,2,61,0,50,53,4,107,24,2,26,133
09/15/2005,ACT,TX,ASW,CE,Combined TRACON& Tower with Radar,2,32,20,2,56,0,9,23,0,32,2,41,43,2,88,0,0,0,88
09/16/2005,ACT,TX,ASW,CE,Combined TRACON& Tower with Radar,2,24,31,4,61,0,1,22,1,24,2,25,53,5,85,10,2,12,97
09/17/2005,ACT,TX,ASW,CE,Combined TRACON& Tower with Radar,0,21,16,5,42,0,0,36,7,43,0,21,52,12,85,16,0,16,101
09/18/2005,ACT,TX,ASW,CE,Combined TRACON& Tower with Radar,1,20,18,6,45,0,1,28,0,29,1,21,46,6,74,18,0,18,92
09/19/2005,ACT,TX,ASW,CE,Combined TRACON& Tower with Radar,0,21,43,0,64,0,4,37,4,45,0,25,80,4,109,24,0,24,133
09/20/2005,ACT,TX,ASW,CE,Combined TRACON& Tower with Radar,0,22,25,0,47,0,1,31,0,32,0,23,56,0,79,10,0,10,89
09/21/2005,ACT,TX,ASW,CE,Combined TRACON& Tower with Radar,2,21,18,3,44,0,0,56,2,58,2,21,74,5,102,16,0,16,118
09/22/2005,ACT,TX,ASW,CE,Combined TRACON& Tower with Radar,0,21,34,4,59,0,8,63,2,73,0,29,97,6,132,34,0,34,166
09/23/2005,ACT,TX,ASW,CE,Combined TRACON& Tower with Radar,0,17,25,10,52,0,7,38,0,45,0,24,63,10,97,12,2,14,111
09/24/2005,ACT,TX,ASW,CE,Combined TRACON& Tower with Radar,2,13,4,0,19,0,1,7,0,8,2,14,11,0,27,0,0,0,27
09/25/2005,ACT,TX,ASW,CE,Combined TRACON& Tower with Radar,0,14,5,0,19,0,2,39,0,41,0,16,44,0,60,2,0,2,62
09/26/2005,ACT,TX,ASW,CE,Combined TRACON& Tower with Radar,0,20,20,3,43,0,5,32,1,38,0,25,52,4,81,6,0,6,87
09/27/2005,ACT,TX,ASW,CE,Combined TRACON& Tower with Radar,0,32,28,0,60,0,7,42,0,49,0,39,70,0,109,24,0,24,133
09/28/2005,ACT,TX,ASW,CE,Combined TRACON& Tower with Radar,8,26,32,4,70,0,6,40,2,48,8,32,72,6,118,32,0,32,150
09/29/2005,ACT,TX,ASW,CE,Combined TRACON& Tower with Radar,1,36,60,1,98,0,14,6,0,20,1,50,66,1,118,2,0,2,120
09/30/2005,ACT,TX,ASW,CE,Combined TRACON& Tower with Radar,0,21,51,0,72,0,13,28,2,43,0,34,79,2,115,2,0,2,117
10/01/2005,ACT,TX,ASW,CE,Combined TRACON& Tower with Radar,0,22,14,0,36,0,1,30,0,31,0,23,44,0,67,0,0,0,67
10/02/2005,ACT,TX,ASW,CE,Combined TRACON& Tower with Radar,0,20,13,0,33,0,0,24,0,24,0,20,37,0,57,0,0,0,57
10/03/2005,ACT,TX,ASW,CE,Combined TRACON& Tower with Radar,0,24,29,0,53,0,1,21,0,22,0,25,50,0,75,6,0,6,81
10/04/2005,ACT,TX,ASW,CE,Combined TRACON& Tower with Radar,0,20,31,6,57,0,0,30,0,30,0,20,61,6,87,4,0,4,91
10/05/2005,ACT,TX,ASW,CE,Combined TRACON& Tower with Radar,0,21,36,3,60,0,0,41,1,42,0,21,77,4,102,32,0,32,134
10/06/2005,ACT,TX,ASW,CE,Combined TRACON& Tower with Radar,0,24,32,7,63,0,8,46,0,54,0,32,78,7,117,20,4,24,141
10/07/2005,ACT,TX,ASW,CE,Combined TRACON& Tower with Radar,2,30,44,5,81,0,2,36,3,41,2,32,80,8,122,28,0,28,150
10/08/2005,ACT,TX,ASW,CE,Combined TRACON& Tower with Radar,4,20,23,10,57,0,3,40,2,45,4,23,63,12,102,26,12,38,140
10/09/2005,ACT,TX,ASW,CE,Combined TRACON& Tower with Radar,0,19,15,2,36,0,3,35,0,38,0,22,50,2,74,8,0,8,82
10/10/2005,ACT,TX,ASW,CE,Combined TRACON& Tower with Radar,0,26,42,17,85,0,2,20,22,44,0,28,62,39,129,4,0,4,133
10/11/2005,ACT,TX,ASW,CE,Combined TRACON& Tower with Radar,0,31,20,8,59,0,6,26,0,32,0,37,46,8,91,26,4,30,121
10/12/2005,ACT,TX,ASW,CE,Combined TRACON& Tower with Radar,2,31,28,3,64,0,19,28,3,50,2,50,56,6,114,14,0,14,128
10/13/2005,ACT,TX,ASW,CE,Combined TRACON& Tower with Radar,0,31,28,6,65,0,26,57,0,83,0,57,85,6,148,20,4,24,172
10/14/2005,ACT,TX,ASW,CE,Combined TRACON& Tower with Radar,2,29,37,6,74,0,18,64,0,82,2,47,101,6,156,24,0,24,180
10/15/2005,ACT,TX,ASW,CE,Combined TRACON& Tower with Radar,1,20,42,8,71,0,0,62,2,64,1,20,104,10,135,12,0,12,147
10/16/2005,ACT,TX,ASW,CE,Combined TRACON& Tower with Radar,1,21,27,0,49,0,2,36,0,38,1,23,63,0,87,0,0,0,87
10/17/2005,ACT,TX,ASW,CE,Combined TRACON& Tower with Radar,0,22,26,0,48,0,10,35,0,45,0,32,61,0,93,8,0,8,101
10/18/2005,ACT,TX,ASW,CE,Combined TRACON& Tower with Radar,0,20,38,1,59,0,3,28,4,35,0,23,66,5,94,0,0,0,94
10/19/2005,ACT,TX,ASW,CE,Combined TRACON& Tower with Radar,0,22,46,2,70,0,8,45,2,55,0,30,91,4,125,4,0,4,129
10/20/2005,ACT,TX,ASW,CE,Combined TRACON& Tower with Radar,0,23,22,0,45,0,3,47,3,53,0,26,69,3,98,22,4,26,124
10/21/2005,ACT,TX,ASW,CE,Combined TRACON& Tower with Radar,0,25,21,4,50,0,1,40,2,43,0,26,61,6,93,38,12,50,143
10/22/2005,ACT,TX,ASW,CE,Combined TRACON& Tower with Radar,0,22,23,0,45,0,0,40,1,41,0,22,63,1,86,4,0,4,90
10/23/2005,ACT,TX,ASW,CE,Combined TRACON& Tower with Radar,0,23,24,2,49,0,2,56,0,58,0,25,80,2,107,14,0,14,121
10/24/2005,ACT,TX,ASW,CE,Combined TRACON& Tower with Radar,0,26,20,0,46,0,3,30,2,35,0,29,50,2,81,20,0,20,101
10/25/2005,ACT,TX,ASW,CE,Combined TRACON& Tower with Radar,0,35,21,0,56,0,1,60,0,61,0,36,81,0,117,10,0,10,127
10/26/2005,ACT,TX,ASW,CE,Combined TRACON& Tower with Radar,0,25,26,7,58,0,0,40,7,47,0,25,66,14,105,0,4,4,109
10/27/2005,ACT,TX,ASW,CE,Combined TRACON& Tower with Radar,0,30,31,4,65,0,7,46,0,53,0,37,77,4,118,26,0,26,144
10/28/2005,ACT,TX,ASW,CE,Combined TRACON& Tower with Radar,2,18,28,39,87,0,15,57,0,72,2,33,85,39,159,10,28,38,197
10/29/2005,ACT,TX,ASW,CE,Combined TRACON& Tower with Radar,2,21,24,17,64,0,2,55,0,57,2,23,79,17,121,14,6,20,141
10/30/2005,ACT,TX,ASW,CE,Combined TRACON& Tower with Radar,0,21,24,31,76,0,2,21,1,24,0,23,45,32,100,10,50,60,160
10/31/2005,ACT,TX,ASW,CE,Combined TRACON& Tower with Radar,0,25,20,0,45,0,7,9,0,16,0,32,29,0,61,0,0,0,61
11/01/2005,ACT,TX,ASW,CE,Combined TRACON& Tower with Radar,0,22,20,2,44,0,8,56,2,66,0,30,76,4,110,6,0,6,116
11/02/2005,ACT,TX,ASW,CE,Combined TRACON& Tower with Radar,0,21,24,8,53,0,15,43,0,58,0,36,67,8,111,6,2,8,119
11/03/2005,ACT,TX,ASW,CE,Combined TRACON& Tower with Radar,0,24,46,2,72,0,14,53,0,67,0,38,99,2,139,4,6,10,149
11/04/2005,ACT,TX,ASW,CE,Combined TRACON& Tower with Radar,0,20,46,4,70,0,10,64,3,77,0,30,110,7,147,14,0,14,161
11/05/2005,ACT,TX,ASW,CE,Combined TRACON& Tower with Radar,0,20,28,24,72,0,4,39,1,44,0,24,67,25,116,6,28,34,150
11/06/2005,ACT,TX,ASW,CE,Combined TRACON& Tower with Radar,0,23,15,26,64,0,1,42,5,48,0,24,57,31,112,8,0,8,120
11/07/2005,ACT,TX,ASW,CE,Combined TRACON& Tower with Radar,0,26,33,4,63,0,15,33,1,49,0,41,66,5,112,12,0,12,124
11/08/2005,ACT,TX,ASW,CE,Combined TRACON& Tower with Radar,0,27,31,3,61,0,4,31,0,35,0,31,62,3,96,34,2,36,132
11/09/2005,ACT,TX,ASW,CE,Combined TRACON& Tower with Radar,0,23,31,8,62,0,10,34,3,47,0,33,65,11,109,16,0,16,125
11/10/2005,ACT,TX,ASW,CE,Combined TRACON& Tower with Radar,0,31,44,7,82,0,11,45,0,56,0,42,89,7,138,12,8,20,158
11/11/2005,ACT,TX,ASW,CE,Combined TRACON& Tower with Radar,2,26,25,16,69,0,2,36,5,43,2,28,61,21,112,18,6,24,136
11/12/2005,ACT,TX,ASW,CE,Combined TRACON& Tower with Radar,2,18,27,4,51,0,5,20,3,28,2,23,47,7,79,16,12,28,107
11/13/2005,ACT,TX,ASW,CE,Combined TRACON& Tower with Radar,0,19,27,0,46,0,5,20,0,25,0,24,47,0,71,16,0,16,87
11/14/2005,ACT,TX,ASW,CE,Combined TRACON& Tower with Radar,0,27,34,0,61,0,0,24,0,24,0,27,58,0,85,55,0,55,140
11/15/2005,ACT,TX,ASW,CE,Combined TRACON& Tower with Radar,0,18,16,6,40,0,0,30,7,37,0,18,46,13,77,6,4,10,87
11/16/2005,ACT,TX,ASW,CE,Combined TRACON& Tower with Radar,1,23,33,1,58,0,2,43,1,46,1,25,76,2,104,8,0,8,112
11/17/2005,ACT,TX,ASW,CE,Combined TRACON& Tower with Radar,0,22,32,3,57,0,1,30,1,32,0,23,62,4,89,12,0,12,101
11/18/2005,ACT,TX,ASW,CE,Combined TRACON& Tower with Radar,2,25,29,7,63,0,12,52,0,64,2,37,81,7,127,28,6,34,161
11/19/2005,ACT,TX,ASW,CE,Combined TRACON& Tower with Radar,4,16,29,19,68,0,3,51,0,54,4,19,80,19,122,6,8,14,136
11/20/2005,ACT,TX,ASW,CE,Combined TRACON& Tower with Radar,0,23,10,5,38,0,1,29,7,37,0,24,39,12,75,12,6,18,93
11/21/2005,ACT,TX,ASW,CE,Combined TRACON& Tower with Radar,0,20,29,6,55,0,5,61,2,68,0,25,90,8,123,28,2,30,153
11/22/2005,ACT,TX,ASW,CE,Combined TRACON& Tower with Radar,2,21,26,2,51,0,0,42,2,44,2,21,68,4,95,4,0,4,99
11/23/2005,ACT,TX,ASW,CE,Combined TRACON& Tower with Radar,0,26,28,0,54,0,0,27,0,27,0,26,55,0,81,0,0,0,81
11/24/2005,ACT,TX,ASW,CE,Combined TRACON& Tower with Radar,1,13,6,0,20,0,0,18,0,18,1,13,24,0,38,0,0,0,38
11/25/2005,ACT,TX,ASW,CE,Combined TRACON& Tower with Radar,1,17,19,3,40,0,4,6,2,12,1,21,25,5,52,0,0,0,52
11/26/2005,ACT,TX,ASW,CE,Combined TRACON& Tower with Radar,2,15,20,1,38,0,5,0,0,5,2,20,20,1,43,0,0,0,43
11/27/2005,ACT,TX,ASW,CE,Combined TRACON& Tower with Radar,2,29,21,0,52,0,3,2,1,6,2,32,23,1,58,0,0,0,58
11/28/2005,ACT,TX,ASW,CE,Combined TRACON& Tower with Radar,1,27,33,4,65,0,6,23,2,31,1,33,56,6,96,28,0,28,124
11/29/2005,ACT,TX,ASW,CE,Combined TRACON& Tower with Radar,0,21,24,0,45,0,8,34,0,42,0,29,58,0,87,10,0,10,97
11/30/2005,ACT,TX,ASW,CE,Combined TRACON& Tower with Radar,0,20,41,2,63,0,0,30,0,30,0,20,71,2,93,4,0,4,97
12/01/2005,ACT,TX,ASW,CE,Combined TRACON& Tower with Radar,0,21,27,4,52,0,0,40,0,40,0,21,67,4,92,12,0,12,104
12/02/2005,ACT,TX,ASW,CE,Combined TRACON& Tower with Radar,0,25,47,16,88,0,4,29,0,33,0,29,76,16,121,2,0,2,123
12/03/2005,ACT,TX,ASW,CE,Combined TRACON& Tower with Radar,0,17,7,29,53,0,3,34,7,44,0,20,41,36,97,0,0,0,97
12/04/2005,ACT,TX,ASW,CE,Combined TRACON& Tower with Radar,0,19,8,18,45,0,2,20,2,24,0,21,28,20,69,2,6,8,77
12/05/2005,ACT,TX,ASW,CE,Combined TRACON& Tower with Radar,0,29,20,0,49,0,2,24,0,26,0,31,44,0,75,4,0,4,79
12/06/2005,ACT,TX,ASW,CE,Combined TRACON& Tower with Radar,0,33,30,0,63,0,4,46,0,50,0,37,76,0,113,20,0,20,133
12/07/2005,ACT,TX,ASW,CE,Combined TRACON& Tower with Radar,0,23,16,0,39,0,2,8,0,10,0,25,24,0,49,0,0,0,49
12/08/2005,ACT,TX,ASW,CE,Combined TRACON& Tower with Radar,0,35,35,5,75,0,2,14,1,17,0,37,49,6,92,0,0,0,92
12/09/2005,ACT,TX,ASW,CE,Combined TRACON& Tower with Radar,0,30,53,3,86,0,4,22,8,34,0,34,75,11,120,18,0,18,138
12/10/2005,ACT,TX,ASW,CE,Combined TRACON& Tower with Radar,0,19,30,25,74,0,1,21,7,29,0,20,51,32,103,0,12,12,115
12/11/2005,ACT,TX,ASW,CE,Combined TRACON& Tower with Radar,0,19,25,3,47,0,2,24,1,27,0,21,49,4,74,36,8,44,118
12/12/2005,ACT,TX,ASW,CE,Combined TRACON& Tower with Radar,0,23,65,0,88,0,7,19,0,26,0,30,84,0,114,17,0,17,131
12/13/2005,ACT,TX,ASW,CE,Combined TRACON& Tower with Radar,0,21,58,6,85,0,3,26,0,29,0,24,84,6,114,0,0,0,114
12/14/2005,ACT,TX,ASW,CE,Combined TRACON& Tower with Radar,0,22,25,4,51,0,1,16,6,23,0,23,41,10,74,8,0,8,82
12/15/2005,ACT,TX,ASW,CE,Combined TRACON& Tower with Radar,0,22,14,4,40,0,3,38,0,41,0,25,52,4,81,10,0,10,91
12/16/2005,ACT,TX,ASW,CE,Combined TRACON& Tower with Radar,0,22,28,2,52,0,4,16,0,20,0,26,44,2,72,4,0,4,76
12/17/2005,ACT,TX,ASW,CE,Combined TRACON& Tower with Radar,0,18,14,0,32,0,3,7,2,12,0,21,21,2,44,2,0,2,46
12/18/2005,ACT,TX,ASW,CE,Combined TRACON& Tower with Radar,0,20,8,6,34,0,2,13,1,16,0,22,21,7,50,2,0,2,52
12/19/2005,ACT,TX,ASW,CE,Combined TRACON& Tower with Radar,0,28,35,2,65,0,8,33,0,41,0,36,68,2,106,14,2,16,122
12/20/2005,ACT,TX,ASW,CE,Combined TRACON& Tower with Radar,0,26,35,3,64,0,3,28,1,32,0,29,63,4,96,4,0,4,100
12/21/2005,ACT,TX,ASW,CE,Combined TRACON& Tower with Radar,0,29,25,4,58,0,0,43,0,43,0,29,68,4,101,22,2,24,125
12/22/2005,ACT,TX,ASW,CE,Combined TRACON& Tower with Radar,0,28,11,0,39,0,7,28,4,39,0,35,39,4,78,4,0,4,82
12/23/2005,ACT,TX,ASW,CE,Combined TRACON& Tower with Radar,0,24,17,0,41,0,3,28,0,31,0,27,45,0,72,0,0,0,72
12/24/2005,ACT,TX,ASW,CE,Combined TRACON& Tower with Radar,0,18,2,0,20,0,1,15,0,16,0,19,17,0,36,0,0,0,36
12/25/2005,ACT,TX,ASW,CE,Combined TRACON& Tower with Radar,0,18,3,0,21,0,0,12,0,12,0,18,15,0,33,0,0,0,33
12/26/2005,ACT,TX,ASW,CE,Combined TRACON& Tower with Radar,2,21,9,0,32,0,1,15,2,18,2,22,24,2,50,0,0,0,50
12/27/2005,ACT,TX,ASW,CE,Combined TRACON& Tower with Radar,2,19,8,2,31,0,7,21,6,34,2,26,29,8,65,0,0,0,65
12/28/2005,ACT,TX,ASW,CE,Combined TRACON& Tower with Radar,0,28,14,3,45,0,4,18,1,23,0,32,32,4,68,0,0,0,68
12/29/2005,ACT,TX,ASW,CE,Combined TRACON& Tower with Radar,0,25,12,0,37,0,2,7,1,10,0,27,19,1,47,0,0,0,47
12/30/2005,ACT,TX,ASW,CE,Combined TRACON& Tower with Radar,0,24,15,1,40,0,0,7,3,10,0,24,22,4,50,0,0,0,50
12/31/2005,ACT,TX,ASW,CE,Combined TRACON& Tower with Radar,0,17,10,0,27,0,1,10,1,12,0,18,20,1,39,0,0,0,39
01/01/2006,ACT,TX,ASW,CE,Combined TRACON& Tower with Radar,1,18,10,0,29,0,3,10,1,14,1,21,20,1,43,0,0,0,43
01/02/2006,ACT,TX,ASW,CE,Combined TRACON& Tower with Radar,0,22,9,0,31,0,3,30,0,33,0,25,39,0,64,20,0,20,84
01/03/2006,ACT,TX,ASW,CE,Combined TRACON& Tower with Radar,0,20,30,0,50,0,3,17,0,20,0,23,47,0,70,6,0,6,76
01/04/2006,ACT,TX,ASW,CE,Combined TRACON& Tower with Radar,0,21,33,6,60,0,5,26,10,41,0,26,59,16,101,14,6,20,121
01/05/2006,ACT,TX,ASW,CE,Combined TRACON& Tower with Radar,0,22,23,6,51,0,0,42,7,49,0,22,65,13,100,4,10,14,114
01/06/2006,ACT,TX,ASW,CE,Combined TRACON& Tower with Radar,0,21,41,5,67,0,10,45,5,60,0,31,86,10,127,20,0,20,147
01/07/2006,ACT,TX,ASW,CE,Combined TRACON& Tower with Radar,0,30,16,24,70,0,6,73,0,79,0,36,89,24,149,14,0,14,163
01/08/2006,ACT,TX,ASW,CE,Combined TRACON& Tower with Radar,0,33,11,9,53,0,7,23,11,41,0,40,34,20,94,4,10,14,108
01/09/2006,ACT,TX,ASW,CE,Combined TRACON& Tower with Radar,0,22,24,5,51,0,6,24,2,32,0,28,48,7,83,0,8,8,91
01/10/2006,ACT,TX,ASW,CE,Combined TRACON& Tower with Radar,0,21,45,2,68,0,11,53,2,66,0,32,98,4,134,24,0,24,158
01/11/2006,ACT,TX,ASW,CE,Combined TRACON& Tower with Radar,0,20,27,6,53,0,10,60,3,73,0,30,87,9,126,28,0,28,154
01/12/2006,ACT,TX,ASW,CE,Combined TRACON& Tower with Radar,0,26,46,2,74,0,7,16,3,26,0,33,62,5,100,4,0,4,104
01/13/2006,ACT,TX,ASW,CE,Combined TRACON& Tower with Radar,0,26,24,5,55,0,10,30,1,41,0,36,54,6,96,4,0,4,100
01/14/2006,ACT,TX,ASW,CE,Combined TRACON& Tower with Radar,0,21,29,3,53,0,5,57,2,64,0,26,86,5,117,38,0,38,155
01/15/2006,ACT,TX,ASW,CE,Combined TRACON& Tower with Radar,0,21,15,8,44,0,4,19,0,23,0,25,34,8,67,0,4,4,71
01/16/2006,ACT,TX,ASW,CE,Combined TRACON& Tower with Radar,0,27,33,0,60,0,4,11,0,15,0,31,44,0,75,2,0,2,77
01/17/2006,ACT,TX,ASW,CE,Combined TRACON& Tower with Radar,0,28,33,4,65,0,5,26,5,36,0,33,59,9,101,2,0,2,103
01/18/2006,ACT,TX,ASW,CE,Combined TRACON& Tower with Radar,0,19,32,11,62,0,12,42,5,59,0,31,74,16,121,0,0,0,121
01/19/2006,ACT,TX,ASW,CE,Combined TRACON& Tower with Radar,0,22,30,4,56,0,10,23,4,37,0,32,53,8,93,0,4,4,97
01/20/2006,ACT,TX,ASW,CE,Combined TRACON& Tower with Radar,0,25,47,7,79,0,7,48,4,59,0,32,95,11,138,12,4,16,154
01/21/2006,ACT,TX,ASW,CE,Combined TRACON& Tower with Radar,0,17,21,6,44,0,6,37,0,43,0,23,58,6,87,24,0,24,111
01/22/2006,ACT,TX,ASW,CE,Combined TRACON& Tower with Radar,0,17,14,4,35,0,1,2,0,3,0,18,16,4,38,0,0,0,38
01/23/2006,ACT,TX,ASW,CE,Combined TRACON& Tower with Radar,0,22,20,4,46,0,2,33,2,37,0,24,53,6,83,16,0,16,99
01/24/2006,ACT,TX,ASW,CE,Combined TRACON& Tower with Radar,0,20,34,7,61,0,0,45,1,46,0,20,79,8,107,2,0,2,109
01/25/2006,ACT,TX,ASW,CE,Combined TRACON& Tower with Radar,0,23,41,2,66,0,7,32,1,40,0,30,73,3,106,6,0,6,112
01/26/2006,ACT,TX,ASW,CE,Combined TRACON& Tower with Radar,0,27,28,2,57,0,0,35,1,36,0,27,63,3,93,8,0,8,101
01/27/2006,ACT,TX,ASW,CE,Combined TRACON& Tower with Radar,0,23,32,18,73,0,6,14,1,21,0,29,46,19,94,0,4,4,98
01/28/2006,ACT,TX,ASW,CE,Combined TRACON& Tower with Radar,0,15,11,12,38,0,4,6,12,22,0,19,17,24,60,0,20,20,80
01/29/2006,ACT,TX,ASW,CE,Combined TRACON& Tower with Radar,2,27,14,6,49,0,0,21,3,24,2,27,35,9,73,8,6,14,87
01/30/2006,ACT,TX,ASW,CE,Combined TRACON& Tower with Radar,0,27,27,2,56,0,2,38,0,40,0,29,65,2,96,4,0,4,100
01/31/2006,ACT,TX,ASW,CE,Combined TRACON& Tower with Radar,2,26,21,3,52,0,11,24,3,38,2,37,45,6,90,16,0,16,106
02/01/2006,ACT,TX,ASW,CE,Combined TRACON& Tower with Radar,0,35,19,0,54,0,16,13,1,30,0,51,32,1,84,2,0,2,86
02/02/2006,ACT,TX,ASW,CE,Combined TRACON& Tower with Radar,2,34,28,1,65,0,10,46,2,58,2,44,74,3,123,12,0,12,135
02/03/2006,ACT,TX,ASW,CE,Combined TRACON& Tower with Radar,3,33,32,2,70,1,8,24,0,33,4,41,56,2,103,0,2,2,105
02/04/2006,ACT,TX,ASW,CE,Combined TRACON& Tower with Radar,0,18,9,0,27,0,2,12,3,17,0,20,21,3,44,0,0,0,44
02/05/2006,ACT,TX,ASW,CE,Combined TRACON& Tower with Radar,1,19,12,7,39,0,0,15,2,17,1,19,27,9,56,2,2,4,60
02/06/2006,ACT,TX,ASW,CE,Combined TRACON& Tower with Radar,0,24,45,2,71,0,7,20,0,27,0,31,65,2,98,6,0,6,104
02/07/2006,ACT,TX,ASW,CE,Combined TRACON& Tower with Radar,2,22,22,0,46,0,7,25,1,33,2,29,47,1,79,2,0,2,81
02/08/2006,ACT,TX,ASW,CE,Combined TRACON& Tower with Radar,0,28,44,9,81,3,8,26,6,43,3,36,70,15,124,0,8,8,132
02/09/2006,ACT,TX,ASW,CE,Combined TRACON& Tower with Radar,0,25,35,0,60,0,8,48,2,58,0,33,83,2,118,64,0,64,182
02/10/2006,ACT,TX,ASW,CE,Combined TRACON& Tower with Radar,0,25,25,6,56,0,1,11,0,12,0,26,36,6,68,0,2,2,70
02/11/2006,ACT,TX,ASW,CE,Combined TRACON& Tower with Radar,0,16,43,0,59,0,5,51,0,56,0,21,94,0,115,28,0,28,143
02/12/2006,ACT,TX,ASW,CE,Combined TRACON& Tower with Radar,1,21,12,14,48,0,4,27,0,31,1,25,39,14,79,8,18,26,105
02/13/2006,ACT,TX,ASW,CE,Combined TRACON& Tower with Radar,0,24,35,0,59,0,13,32,0,45,0,37,67,0,104,28,0,28,132
02/14/2006,ACT,TX,ASW,CE,Combined TRACON& Tower with Radar,0,25,26,2,53,0,2,24,0,26,0,27,50,2,79,0,0,0,79
02/15/2006,ACT,TX,ASW,CE,Combined TRACON& Tower with Radar,0,23,41,2,66,0,4,19,4,27,0,27,60,6,93,0,0,0,93
02/16/2006,ACT,TX,ASW,CE,Combined TRACON& Tower with Radar,0,25,29,4,58,0,4,22,0,26,0,29,51,4,84,10,0,10,94
02/17/2006,ACT,TX,ASW,CE,Combined TRACON& Tower with Radar,0,22,25,15,62,0,0,16,4,20,0,22,41,19,82,10,2,12,94
02/18/2006,ACT,TX,ASW,CE,Combined TRACON& Tower with Radar,1,14,4,0,19,0,0,0,0,0,1,14,4,0,19,0,0,0,19
02/19/2006,ACT,TX,ASW,CE,Combined TRACON& Tower with Radar,0,15,10,0,25,0,0,4,0,4,0,15,14,0,29,0,0,0,29
02/20/2006,ACT,TX,ASW,CE,Combined TRACON& Tower with Radar,4,30,23,0,57,0,3,3,0,6,4,33,26,0,63,0,0,0,63
02/21/2006,ACT,TX,ASW,CE,Combined TRACON& Tower with Radar,0,30,12,0,42,0,2,7,0,9,0,32,19,0,51,0,0,0,51
02/22/2006,ACT,TX,ASW,CE,Combined TRACON& Tower with Radar,0,26,11,0,37,0,0,1,0,1,0,26,12,0,38,0,0,0,38
02/23/2006,ACT,TX,ASW,CE,Combined TRACON& Tower with Radar,2,36,50,1,89,0,2,34,1,37,2,38,84,2,126,41,0,41,167
02/24/2006,ACT,TX,ASW,CE,Combined TRACON& Tower with Radar,0,24,53,1,78,0,7,18,0,25,0,31,71,1,103,2,0,2,105
02/25/2006,ACT,TX,ASW,CE,Combined TRACON& Tower with Radar,0,20,26,3,49,0,0,6,1,7,0,20,32,4,56,0,0,0,56
02/26/2006,ACT,TX,ASW,CE,Combined TRACON& Tower with Radar,0,20,34,3,57,0,2,39,1,42,0,22,73,4,99,23,12,35,134
02/27/2006,ACT,TX,ASW,CE,Combined TRACON& Tower with Radar,0,24,29,0,53,0,6,36,0,42,0,30,65,0,95,6,0,6,101
02/28/2006,ACT,TX,ASW,CE,Combined TRACON& Tower with Radar,0,23,4,0,27,0,6,49,6,61,0,29,53,6,88,16,0,16,104
03/01/2006,ACT,TX,ASW,CE,Combined TRACON& Tower with Radar,0,27,35,3,65,0,1,48,3,52,0,28,83,6,117,0,0,0,117
03/02/2006,ACT,TX,ASW,CE,Combined TRACON& Tower with Radar,0,27,21,2,50,0,4,45,0,49,0,31,66,2,99,12,0,12,111
03/03/2006,ACT,TX,ASW,CE,Combined TRACON& Tower with Radar,0,25,30,10,65,0,0,33,0,33,0,25,63,10,98,54,0,54,152
03/04/2006,ACT,TX,ASW,CE,Combined TRACON& Tower with Radar,0,26,19,8,53,0,1,46,6,53,0,27,65,14,106,18,0,18,124
03/05/2006,ACT,TX,ASW,CE,Combined TRACON& Tower with Radar,0,21,19,0,40,0,7,14,0,21,0,28,33,0,61,12,0,12,73
03/06/2006,ACT,TX,ASW,CE,Combined TRACON& Tower with Radar,0,26,38,0,64,0,0,0,0,0,0,26,38,0,64,0,0,0,64
03/07/2006,ACT,TX,ASW,CE,Combined TRACON& Tower with Radar,1,25,35,0,61,0,0,9,0,9,1,25,44,0,70,14,0,14,84
03/08/2006,ACT,TX,ASW,CE,Combined TRACON& Tower with Radar,1,24,23,2,50,0,6,20,0,26,1,30,43,2,76,8,0,8,84
03/09/2006,ACT,TX,ASW,CE,Combined TRACON& Tower with Radar,0,22,18,0,40,0,0,24,0,24,0,22,42,0,64,0,0,0,64
03/10/2006,ACT,TX,ASW,CE,Combined TRACON& Tower with Radar,0,23,32,8,63,0,6,50,2,58,0,29,82,10,121,4,0,4,125
03/11/2006,ACT,TX,ASW,CE,Combined TRACON& Tower with Radar,0,17,38,2,57,0,9,35,0,44,0,26,73,2,101,0,0,0,101
03/12/2006,ACT,TX,ASW,CE,Combined TRACON& Tower with Radar,0,19,18,1,38,0,7,14,1,22,0,26,32,2,60,12,0,12,72
03/13/2006,ACT,TX,ASW,CE,Combined TRACON& Tower with Radar,0,24,24,6,54,0,9,26,0,35,0,33,50,6,89,8,0,8,97
03/14/2006,ACT,TX,ASW,CE,Combined TRACON& Tower with Radar,0,23,15,0,38,0,3,58,0,61,0,26,73,0,99,10,0,10,109
03/15/2006,ACT,TX,ASW,CE,Combined TRACON& Tower with Radar,0,25,23,5,53,0,6,22,0,28,0,31,45,5,81,6,0,6,87
03/16/2006,ACT,TX,ASW,CE,Combined TRACON& Tower with Radar,2,26,19,0,47,0,5,26,0,31,2,31,45,0,78,4,0,4,82
03/17/2006,ACT,TX,ASW,CE,Combined TRACON& Tower with Radar,0,27,20,15,62,0,1,16,0,17,0,28,36,15,79,16,6,22,101
03/18/2006,ACT,TX,ASW,CE,Combined TRACON& Tower with Radar,6,22,13,8,49,0,3,6,0,9,6,25,19,8,58,2,0,2,60
03/19/2006,ACT,TX,ASW,CE,Combined TRACON& Tower with Radar,0,18,13,0,31,0,0,3,0,3,0,18,16,0,34,0,0,0,34
03/20/2006,ACT,TX,ASW,CE,Combined TRACON& Tower with Radar,0,28,20,0,48,0,1,20,0,21,0,29,40,0,69,6,0,6,75
03/21/2006,ACT,TX,ASW,CE,Combined TRACON& Tower with Radar,0,29,33,0,62,0,18,18,0,36,0,47,51,0,98,22,0,22,120
03/22/2006,ACT,TX,ASW,CE,Combined TRACON& Tower with Radar,2,21,45,0,68,0,4,45,0,49,2,25,90,0,117,0,0,0,117
03/23/2006,ACT,TX,ASW,CE,Combined TRACON& Tower with Radar,2,31,41,1,75,0,8,25,2,35,2,39,66,3,110,18,0,18,128
03/24/2006,ACT,TX,ASW,CE,Combined TRACON& Tower with Radar,0,24,41,25,90,0,6,63,1,70,0,30,104,26,160,22,18,40,200
03/25/2006,ACT,TX,ASW,CE,Combined TRACON& Tower with Radar,0,17,36,4,57,0,4,92,2,98,0,21,128,6,155,40,0,40,195
03/26/2006,ACT,TX,ASW,CE,Combined TRACON& Tower with Radar,0,20,18,4,42,0,1,11,0,12,0,21,29,4,54,10,0,10,64
03/27/2006,ACT,TX,ASW,CE,Combined TRACON& Tower with Radar,0,20,46,0,66,0,0,16,1,17,0,20,62,1,83,0,0,0,83
03/28/2006,ACT,TX,ASW,CE,Combined TRACON& Tower with Radar,0,23,33,0,56,0,1,9,1,11,0,24,42,1,67,4,0,4,71
03/29/2006,ACT,TX,ASW,CE,Combined TRACON& Tower with Radar,0,19,43,6,68,0,5,22,4,31,0,24,65,10,99,0,0,0,99
03/30/2006,ACT,TX,ASW,CE,Combined TRACON& Tower with Radar,0,27,31,4,62,0,14,17,0,31,0,41,48,4,93,10,0,10,103
03/31/2006,ACT,TX,ASW,CE,Combined TRACON& Tower with Radar,2,29,35,2,68,0,0,43,2,45,2,29,78,4,113,0,0,0,113
04/01/2006,ACT,TX,ASW,CE,Combined TRACON& Tower with Radar,0,17,8,0,25,0,2,5,1,8,0,19,13,1,33,0,0,0,33
04/02/2006,ACT,TX,ASW,CE,Combined TRACON& Tower with Radar,1,19,10,0,30,0,1,5,2,8,1,20,15,2,38,0,0,0,38
04/03/2006,ACT,TX,ASW,CE,Combined TRACON& Tower with Radar,1,21,26,2,50,1,18,23,0,42,2,39,49,2,92,8,0,8,100
04/04/2006,ACT,TX,ASW,CE,Combined TRACON& Tower with Radar,0,35,26,0,61,0,10,28,1,39,0,45,54,1,100,2,0,2,102
04/05/2006,ACT,TX,ASW,CE,Combined TRACON& Tower with Radar,0,24,34,0,58,0,8,24,0,32,0,32,58,0,90,2,0,2,92
04/06/2006,ACT,TX,ASW,CE,Combined TRACON& Tower with Radar,2,23,28,4,57,0,14,15,2,31,2,37,43,6,88,2,0,2,90
04/07/2006,ACT,TX,ASW,CE,Combined TRACON& Tower with Radar,0,26,38,4,68,0,8,45,0,53,0,34,83,4,121,0,0,0,121
04/08/2006,ACT,TX,ASW,CE,Combined TRACON& Tower with Radar,0,17,10,16,43,0,2,28,3,33,0,19,38,19,76,8,4,12,88
04/09/2006,ACT,TX,ASW,CE,Combined TRACON& Tower with Radar,0,20,25,10,55,0,0,42,2,44,0,20,67,12,99,16,8,24,123
04/10/2006,ACT,TX,ASW,CE,Combined TRACON& Tower with Radar,0,22,25,0,47,0,6,40,1,47,0,28,65,1,94,8,0,8,102
04/11/2006,ACT,TX,ASW,CE,Combined TRACON& Tower with Radar,0,19,41,8,68,0,1,38,2,41,0,20,79,10,109,0,0,0,109
04/12/2006,ACT,TX,ASW,CE,Combined TRACON& Tower with Radar,0,22,29,9,60,0,2,32,3,37,0,24,61,12,97,22,12,34,131
04/13/2006,ACT,TX,ASW,CE,Combined TRACON& Tower with Radar,0,27,39,5,71,0,5,49,2,56,0,32,88,7,127,34,0,34,161
04/14/2006,ACT,TX,ASW,CE,Combined TRACON& Tower with Radar,0,20,20,0,40,0,0,32,0,32,0,20,52,0,72,2,0,2,74
04/15/2006,ACT,TX,ASW,CE,Combined TRACON& Tower with Radar,0,24,23,6,53,0,1,19,1,21,0,25,42,7,74,4,8,12,86
04/16/2006,ACT,TX,ASW,CE,Combined TRACON& Tower with Radar,0,19,4,0,23,0,1,27,0,28,0,20,31,0,51,14,0,14,65
04/17/2006,ACT,TX,ASW,CE,Combined TRACON& Tower with Radar,0,22,46,7,75,0,1,34,1,36,0,23,80,8,111,8,2,10,121
04/18/2006,ACT,TX,ASW,CE,Combined TRACON& Tower with Radar,0,28,24,3,55,0,4,32,1,37,0,32,56,4,92,6,0,6,98
04/19/2006,ACT,TX,ASW,CE,Combined TRACON& Tower with Radar,0,21,24,0,45,0,10,48,0,58,0,31,72,0,103,16,0,16,119
04/20/2006,ACT,TX,ASW,CE,Combined TRACON& Tower with Radar,0,23,25,0,48,0,2,26,0,28,0,25,51,0,76,0,0,0,76
04/21/2006,ACT,TX,ASW,CE,Combined TRACON& Tower with Radar,0,23,35,31,89,0,3,36,10,49,0,26,71,41,138,12,16,28,166
04/22/2006,ACT,TX,ASW,CE,Combined TRACON& Tower with Radar,0,19,15,7,41,0,0,41,0,41,0,19,56,7,82,16,20,36,118
04/23/2006,ACT,TX,ASW,CE,Combined TRACON& Tower with Radar,0,19,25,5,49,0,6,20,4,30,0,25,45,9,79,8,0,8,87
04/24/2006,ACT,TX,ASW,CE,Combined TRACON& Tower with Radar,0,22,40,7,69,0,0,30,4,34,0,22,70,11,103,14,0,14,117
04/25/2006,ACT,TX,ASW,CE,Combined TRACON& Tower with Radar,0,22,30,4,56,0,0,18,0,18,0,22,48,4,74,14,0,14,88
04/26/2006,ACT,TX,ASW,CE,Combined TRACON& Tower with Radar,0,28,36,0,64,0,1,45,0,46,0,29,81,0,110,16,0,16,126
04/27/2006,ACT,TX,ASW,CE,Combined TRACON& Tower with Radar,0,23,35,0,58,0,1,25,0,26,0,24,60,0,84,2,0,2,86
04/28/2006,ACT,TX,ASW,CE,Combined TRACON& Tower with Radar,0,14,26,0,40,0,0,20,0,20,0,14,46,0,60,0,0,0,60
04/29/2006,ACT,TX,ASW,CE,Combined TRACON& Tower with Radar,0,25,9,15,49,0,1,14,4,19,0,26,23,19,68,8,0,8,76
04/30/2006,ACT,TX,ASW,CE,Combined TRACON& Tower with Radar,0,21,18,0,39,0,0,23,0,23,0,21,41,0,62,16,0,16,78
05/01/2006,ACT,TX,ASW,CE,Combined TRACON& Tower with Radar,0,24,35,4,63,0,4,30,2,36,0,28,65,6,99,16,54,70,169
05/02/2006,ACT,TX,ASW,CE,Combined TRACON& Tower with Radar,0,29,18,5,52,0,3,32,1,36,0,32,50,6,88,6,0,6,94
05/03/2006,ACT,TX,ASW,CE,Combined TRACON& Tower with Radar,0,37,37,4,78,0,2,57,2,61,0,39,94,6,139,48,0,48,187
05/04/2006,ACT,TX,ASW,CE,Combined TRACON& Tower with Radar,0,22,23,2,47,0,3,46,2,51,0,25,69,4,98,0,0,0,98
05/05/2006,ACT,TX,ASW,CE,Combined TRACON& Tower with Radar,0,21,32,10,63,0,7,39,0,46,0,28,71,10,109,16,0,16,125
05/06/2006,ACT,TX,ASW,CE,Combined TRACON& Tower with Radar,0,13,29,1,43,0,0,9,1,10,0,13,38,2,53,8,0,8,61
05/07/2006,ACT,TX,ASW,CE,Combined TRACON& Tower with Radar,1,18,19,2,40,0,0,7,1,8,1,18,26,3,48,0,0,0,48
05/08/2006,ACT,TX,ASW,CE,Combined TRACON& Tower with Radar,0,29,15,12,56,0,7,20,2,29,0,36,35,14,85,30,0,30,115
05/09/2006,ACT,TX,ASW,CE,Combined TRACON& Tower with Radar,0,22,22,0,44,0,3,12,0,15,0,25,34,0,59,2,0,2,61
05/10/2006,ACT,TX,ASW,CE,Combined TRACON& Tower with Radar,0,32,34,4,70,0,0,21,1,22,0,32,55,5,92,0,0,0,92
05/11/2006,ACT,TX,ASW,CE,Combined TRACON& Tower with Radar,0,21,32,0,53,0,0,59,0,59,0,21,91,0,112,18,0,18,130
05/12/2006,ACT,TX,ASW,CE,Combined TRACON& Tower with Radar,0,22,31,14,67,0,5,37,10,52,0,27,68,24,119,0,2,2,121
05/13/2006,ACT,TX,ASW,CE,Combined TRACON& Tower with Radar,0,19,29,17,65,0,7,45,1,53,0,26,74,18,118,28,26,54,172
05/14/2006,ACT,TX,ASW,CE,Combined TRACON& Tower with Radar,0,20,8,0,28,0,2,10,0,12,0,22,18,0,40,0,0,0,40
05/15/2006,ACT,TX,ASW,CE,Combined TRACON& Tower with Radar,0,24,20,6,50,0,1,36,0,37,0,25,56,6,87,16,2,18,105
05/16/2006,ACT,TX,ASW,CE,Combined TRACON& Tower with Radar,0,22,28,0,50,0,2,25,0,27,0,24,53,0,77,0,0,0,77
05/17/2006,ACT,TX,ASW,CE,Combined TRACON& Tower with Radar,0,23,25,0,48,0,6,22,2,30,0,29,47,2,78,0,14,14,92
05/18/2006,ACT,TX,ASW,CE,Combined TRACON& Tower with Radar,0,27,25,6,58,0,15,51,1,67,0,42,76,7,125,12,0,12,137
05/19/2006,ACT,TX,ASW,CE,Combined TRACON& Tower with Radar,0,22,26,13,61,0,1,49,5,55,0,23,75,18,116,30,14,44,160
05/20/2006,ACT,TX,ASW,CE,Combined TRACON& Tower with Radar,0,22,16,6,44,0,0,22,7,29,0,22,38,13,73,2,18,20,93
05/21/2006,ACT,TX,ASW,CE,Combined TRACON& Tower with Radar,0,20,18,21,59,0,4,46,0,50,0,24,64,21,109,6,4,10,119
05/22/2006,ACT,TX,ASW,CE,Combined TRACON& Tower with Radar,0,27,17,0,44,0,6,26,2,34,0,33,43,2,78,14,0,14,92
05/23/2006,ACT,TX,ASW,CE,Combined TRACON& Tower with Radar,0,21,22,0,43,0,5,32,0,37,0,26,54,0,80,0,0,0,80
05/24/2006,ACT,TX,ASW,CE,Combined TRACON& Tower with Radar,0,25,40,6,71,0,7,19,1,27,0,32,59,7,98,4,0,4,102
05/25/2006,ACT,TX,ASW,CE,Combined TRACON& Tower with Radar,0,19,34,0,53,0,10,45,5,60,0,29,79,5,113,4,0,4,117
05/26/2006,ACT,TX,ASW,CE,Combined TRACON& Tower with Radar,0,22,27,0,49,0,0,32,0,32,0,22,59,0,81,18,0,18,99
05/27/2006,ACT,TX,ASW,CE,Combined TRACON& Tower with Radar,0,16,15,0,31,0,4,7,0,11,0,20,22,0,42,5,0,5,47
05/28/2006,ACT,TX,ASW,CE,Combined TRACON& Tower with Radar,0,14,14,0,28,0,0,9,0,9,0,14,23,0,37,0,0,0,37
05/29/2006,ACT,TX,ASW,CE,Combined TRACON& Tower with Radar,0,17,20,0,37,0,0,12,0,12,0,17,32,0,49,0,0,0,49
05/30/2006,ACT,TX,ASW,CE,Combined TRACON& Tower with Radar,0,27,38,2,67,0,3,48,2,53,0,30,86,4,120,10,2,12,132
05/31/2006,ACT,TX,ASW,CE,Combined TRACON& Tower with Radar,0,30,26,0,56,0,6,23,0,29,0,36,49,0,85,8,0,8,93
06/01/2006,ACT,TX,ASW,CE,Combined TRACON& Tower with Radar,0,27,25,0,52,0,0,20,0,20,0,27,45,0,72,0,0,0,72
06/02/2006,ACT,TX,ASW,CE,Combined TRACON& Tower with Radar,0,21,26,0,47,0,6,61,0,67,0,27,87,0,114,2,0,2,116
06/03/2006,ACT,TX,ASW,CE,Combined TRACON& Tower with Radar,0,15,10,20,45,0,0,32,14,46,0,15,42,34,91,18,34,52,143
06/04/2006,ACT,TX,ASW,CE,Combined TRACON& Tower with Radar,0,18,7,0,25,0,0,23,2,25,0,18,30,2,50,24,0,24,74
06/05/2006,ACT,TX,ASW,CE,Combined TRACON& Tower with Radar,0,21,14,10,45,0,0,26,0,26,0,21,40,10,71,2,0,2,73
06/06/2006,ACT,TX,ASW,CE,Combined TRACON& Tower with Radar,0,20,32,2,54,0,3,42,2,47,0,23,74,4,101,18,0,18,119
06/07/2006,ACT,TX,ASW,CE,Combined TRACON& Tower with Radar,0,20,35,0,55,0,6,44,2,52,0,26,79,2,107,32,0,32,139
06/08/2006,ACT,TX,ASW,CE,Combined TRACON& Tower with Radar,0,20,30,2,52,0,13,36,3,52,0,33,66,5,104,32,12,44,148
06/09/2006,ACT,TX,ASW,CE,Combined TRACON& Tower with Radar,0,20,22,17,59,0,4,46,9,59,0,24,68,26,118,4,6,10,128
06/10/2006,ACT,TX,ASW,CE,Combined TRACON& Tower with Radar,0,20,19,8,47,0,0,26,3,29,0,20,45,11,76,2,10,12,88
06/11/2006,ACT,TX,ASW,CE,Combined TRACON& Tower with Radar,0,22,27,8,57,0,0,32,0,32,0,22,59,8,89,8,0,8,97
06/12/2006,ACT,TX,ASW,CE,Combined TRACON& Tower with Radar,0,24,48,0,72,0,4,38,0,42,0,28,86,0,114,8,0,8,122
06/13/2006,ACT,TX,ASW,CE,Combined TRACON& Tower with Radar,0,29,15,6,50,0,0,27,2,29,0,29,42,8,79,8,0,8,87
06/14/2006,ACT,TX,ASW,CE,Combined TRACON& Tower with Radar,0,27,27,4,58,0,3,36,0,39,0,30,63,4,97,4,0,4,101
06/15/2006,ACT,TX,ASW,CE,Combined TRACON& Tower with Radar,0,21,17,3,41,0,3,28,1,32,0,24,45,4,73,0,0,0,73
06/16/2006,ACT,TX,ASW,CE,Combined TRACON& Tower with Radar,1,25,33,29,88,0,2,26,1,29,1,27,59,30,117,4,0,4,121
06/17/2006,ACT,TX,ASW,CE,Combined TRACON& Tower with Radar,0,21,8,2,31,0,4,6,6,16,0,25,14,8,47,0,16,16,63
06/18/2006,ACT,TX,ASW,CE,Combined TRACON& Tower with Radar,2,21,13,0,36,0,2,24,2,28,2,23,37,2,64,4,0,4,68
06/19/2006,ACT,TX,ASW,CE,Combined TRACON& Tower with Radar,0,26,16,4,46,0,4,29,0,33,0,30,45,4,79,2,0,2,81
06/20/2006,ACT,TX,ASW,CE,Combined TRACON& Tower with Radar,0,26,50,6,82,0,0,28,8,36,0,26,78,14,118,18,0,18,136
06/21/2006,ACT,TX,ASW,CE,Combined TRACON& Tower with Radar,0,22,32,9,63,0,2,23,1,26,0,24,55,10,89,10,2,12,101
06/22/2006,ACT,TX,ASW,CE,Combined TRACON& Tower with Radar,2,29,34,0,65,0,11,21,0,32,2,40,55,0,97,2,0,2,99
06/23/2006,ACT,TX,ASW,CE,Combined TRACON& Tower with Radar,0,29,16,8,53,0,0,39,4,43,0,29,55,12,96,4,4,8,104
06/24/2006,ACT,TX,ASW,CE,Combined TRACON& Tower with Radar,0,19,4,7,30,0,3,2,0,5,0,22,6,7,35,6,0,6,41
06/25/2006,ACT,TX,ASW,CE,Combined TRACON& Tower with Radar,0,23,30,3,56,0,1,24,2,27,0,24,54,5,83,0,0,0,83
06/26/2006,ACT,TX,ASW,CE,Combined TRACON& Tower with Radar,0,21,25,1,47,0,7,20,1,28,0,28,45,2,75,10,0,10,85
06/27/2006,ACT,TX,ASW,CE,Combined TRACON& Tower with Radar,0,25,41,4,70,0,6,33,0,39,0,31,74,4,109,10,0,10,119
06/28/2006,ACT,TX,ASW,CE,Combined TRACON& Tower with Radar,0,23,21,8,52,0,8,42,0,50,0,31,63,8,102,10,2,12,114
06/29/2006,ACT,TX,ASW,CE,Combined TRACON& Tower with Radar,0,23,25,16,64,0,4,52,1,57,0,27,77,17,121,6,6,12,133
06/30/2006,ACT,TX,ASW,CE,Combined TRACON& Tower with Radar,0,23,19,4,46,0,4,52,4,60,0,27,71,8,106,14,2,16,122
07/01/2006,ACT,TX,ASW,CE,Combined TRACON& Tower with Radar,0,19,17,0,36,0,2,40,0,42,0,21,57,0,78,24,0,24,102
07/02/2006,ACT,TX,ASW,CE,Combined TRACON& Tower with Radar,0,20,3,0,23,0,0,8,0,8,0,20,11,0,31,0,0,0,31
07/03/2006,ACT,TX,ASW,CE,Combined TRACON& Tower with Radar,0,3,2,0,5,0,35,29,0,64,0,38,31,0,69,0,0,0,69
07/04/2006,ACT,TX,ASW,CE,Combined TRACON& Tower with Radar,0,16,7,1,24,0,0,11,2,13,0,16,18,3,37,0,0,0,37
07/05/2006,ACT,TX,ASW,CE,Combined TRACON& Tower with Radar,1,22,15,4,42,0,0,20,0,20,1,22,35,4,62,12,0,12,74
07/06/2006,ACT,TX,ASW,CE,Combined TRACON& Tower with Radar,0,32,22,6,60,0,2,46,1,49,0,34,68,7,109,16,2,18,127
07/07/2006,ACT,TX,ASW,CE,Combined TRACON& Tower with Radar,0,26,38,2,66,0,8,52,2,62,0,34,90,4,128,20,0,20,148
07/08/2006,ACT,TX,ASW,CE,Combined TRACON& Tower with Radar,0,20,27,0,47,0,7,66,1,74,0,27,93,1,121,64,0,64,185
07/09/2006,ACT,TX,ASW,CE,Combined TRACON& Tower with Radar,0,19,12,7,38,0,3,10,0,13,0,22,22,7,51,0,10,10,61
07/10/2006,ACT,TX,ASW,CE,Combined TRACON& Tower with Radar,0,26,28,0,54,0,6,30,0,36,0,32,58,0,90,16,0,16,106
07/11/2006,ACT,TX,ASW,CE,Combined TRACON& Tower with Radar,0,23,24,2,49,0,3,24,0,27,0,26,48,2,76,10,0,10,86
07/12/2006,ACT,TX,ASW,CE,Combined TRACON& Tower with Radar,0,20,30,0,50,0,0,17,0,17,0,20,47,0,67,4,0,4,71
07/13/2006,ACT,TX,ASW,CE,Combined TRACON& Tower with Radar,0,32,28,4,64,0,5,40,2,47,0,37,68,6,111,28,0,28,139
07/14/2006,ACT,TX,ASW,CE,Combined TRACON& Tower with Radar,2,20,21,7,50,0,9,47,4,60,2,29,68,11,110,14,0,14,124
07/15/2006,ACT,TX,ASW,CE,Combined TRACON& Tower with Radar,0,17,22,6,45,0,0,70,2,72,0,17,92,8,117,90,0,90,207
07/16/2006,ACT,TX,ASW,CE,Combined TRACON& Tower with Radar,0,25,16,2,43,0,1,26,0,27,0,26,42,2,70,0,2,2,72
07/17/2006,ACT,TX,ASW,CE,Combined TRACON& Tower with Radar,0,26,20,0,46,0,2,35,0,37,0,28,55,0,83,18,0,18,101
07/18/2006,ACT,TX,ASW,CE,Combined TRACON& Tower with Radar,0,30,25,1,56,0,0,22,1,23,0,30,47,2,79,2,0,2,81
07/19/2006,ACT,TX,ASW,CE,Combined TRACON& Tower with Radar,0,29,30,0,59,0,0,42,11,53,0,29,72,11,112,24,16,40,152
07/20/2006,ACT,TX,ASW,CE,Combined TRACON& Tower with Radar,0,25,37,1,63,0,4,54,5,63,0,29,91,6,126,46,2,48,174
07/21/2006,ACT,TX,ASW,CE,Combined TRACON& Tower with Radar,1,23,18,4,46,0,1,40,2,43,1,24,58,6,89,16,2,18,107
07/22/2006,ACT,TX,ASW,CE,Combined TRACON& Tower with Radar,0,19,13,0,32,0,6,7,0,13,0,25,20,0,45,0,0,0,45
07/23/2006,ACT,TX,ASW,CE,Combined TRACON& Tower with Radar,1,21,10,10,42,0,2,14,8,24,1,23,24,18,66,2,18,20,86
07/24/2006,ACT,TX,ASW,CE,Combined TRACON& Tower with Radar,2,24,42,2,70,0,3,25,0,28,2,27,67,2,98,2,0,2,100
07/25/2006,ACT,TX,ASW,CE,Combined TRACON& Tower with Radar,0,21,23,0,44,0,0,25,0,25,0,21,48,0,69,6,0,6,75
07/26/2006,ACT,TX,ASW,CE,Combined TRACON& Tower with Radar,0,23,33,2,58,0,2,27,0,29,0,25,60,2,87,14,0,14,101
07/27/2006,ACT,TX,ASW,CE,Combined TRACON& Tower with Radar,0,22,25,1,48,0,5,34,0,39,0,27,59,1,87,20,0,20,107
07/28/2006,ACT,TX,ASW,CE,Combined TRACON& Tower with Radar,2,27,45,24,98,0,3,37,11,51,2,30,82,35,149,2,4,6,155
07/29/2006,ACT,TX,ASW,CE,Combined TRACON& Tower with Radar,0,25,13,12,50,0,2,23,5,30,0,27,36,17,80,0,0,0,80
07/30/2006,ACT,TX,ASW,CE,Combined TRACON& Tower with Radar,0,21,9,0,30,0,2,31,0,33,0,23,40,0,63,0,0,0,63
07/31/2006,ACT,TX,ASW,CE,Combined TRACON& Tower with Radar,0,23,21,0,44,0,2,33,6,41,0,25,54,6,85,0,2,2,87
08/01/2006,ACT,TX,ASW,CE,Combined TRACON& Tower with Radar,0,22,20,6,48,0,2,26,2,30,0,24,46,8,78,6,10,16,94
08/02/2006,ACT,TX,ASW,CE,Combined TRACON& Tower with Radar,0,27,30,2,59,0,2,30,2,34,0,29,60,4,93,6,8,14,107
08/03/2006,ACT,TX,ASW,CE,Combined TRACON& Tower with Radar,1,26,15,0,42,0,3,29,0,32,1,29,44,0,74,0,0,0,74
08/04/2006,ACT,TX,ASW,CE,Combined TRACON& Tower with Radar,0,29,16,11,56,0,3,11,1,15,0,32,27,12,71,0,8,8,79
08/05/2006,ACT,TX,ASW,CE,Combined TRACON& Tower with Radar,0,20,5,13,38,0,5,6,0,11,0,25,11,13,49,0,4,4,53
08/06/2006,ACT,TX,ASW,CE,Combined TRACON& Tower with Radar,5,21,6,21,53,0,0,6,3,9,5,21,12,24,62,0,12,12,74
08/07/2006,ACT,TX,ASW,CE,Combined TRACON& Tower with Radar,2,26,8,3,39,0,2,3,1,6,2,28,11,4,45,0,0,0,45
08/08/2006,ACT,TX,ASW,CE,Combined TRACON& Tower with Radar,0,27,28,0,55,0,4,16,1,21,0,31,44,1,76,0,0,0,76
08/09/2006,ACT,TX,ASW,CE,Combined TRACON& Tower with Radar,0,23,22,2,47,0,0,15,1,16,0,23,37,3,63,0,0,0,63
08/10/2006,ACT,TX,ASW,CE,Combined TRACON& Tower with Radar,0,23,24,0,47,0,4,27,2,33,0,27,51,2,80,0,12,12,92
08/11/2006,ACT,TX,ASW,CE,Combined TRACON& Tower with Radar,1,37,59,32,129,0,0,28,38,66,1,37,87,70,195,0,20,20,215
08/12/2006,ACT,TX,ASW,CE,Combined TRACON& Tower with Radar,9,20,22,1,52,0,4,16,2,22,9,24,38,3,74,0,6,6,80
08/13/2006,ACT,TX,ASW,CE,Combined TRACON& Tower with Radar,2,21,15,9,47,0,6,22,0,28,2,27,37,9,75,4,0,4,79
08/14/2006,ACT,TX,ASW,CE,Combined TRACON& Tower with Radar,0,31,11,7,49,0,5,20,0,25,0,36,31,7,74,6,0,6,80
08/15/2006,ACT,TX,ASW,CE,Combined TRACON& Tower with Radar,2,25,22,2,51,0,9,30,0,39,2,34,52,2,90,4,0,4,94
08/16/2006,ACT,TX,ASW,CE,Combined TRACON& Tower with Radar,0,28,21,4,53,0,11,31,0,42,0,39,52,4,95,4,4,8,103
08/17/2006,ACT,TX,ASW,CE,Combined TRACON& Tower with Radar,2,28,31,4,65,0,9,42,0,51,2,37,73,4,116,48,0,48,164
08/18/2006,ACT,TX,ASW,CE,Combined TRACON& Tower with Radar,0,24,28,1,53,0,6,34,2,42,0,30,62,3,95,0,0,0,95
08/19/2006,ACT,TX,ASW,CE,Combined TRACON& Tower with Radar,0,22,9,15,46,0,5,36,4,45,0,27,45,19,91,2,0,2,93
08/20/2006,ACT,TX,ASW,CE,Combined TRACON& Tower with Radar,0,17,7,0,24,0,1,24,0,25,0,18,31,0,49,10,0,10,59
08/21/2006,ACT,TX,ASW,CE,Combined TRACON& Tower with Radar,0,23,32,0,55,0,3,34,0,37,0,26,66,0,92,12,0,12,104
08/22/2006,ACT,TX,ASW,CE,Combined TRACON& Tower with Radar,2,24,35,10,71,0,5,36,2,43,2,29,71,12,114,2,12,14,128
08/23/2006,ACT,TX,ASW,CE,Combined TRACON& Tower with Radar,0,29,22,11,62,0,4,22,2,28,0,33,44,13,90,0,4,4,94
08/24/2006,ACT,TX,ASW,CE,Combined TRACON& Tower with Radar,0,24,9,0,33,0,5,34,1,40,0,29,43,1,73,6,0,6,79
08/25/2006,ACT,TX,ASW,CE,Combined TRACON& Tower with Radar,0,27,25,9,61,0,5,29,0,34,0,32,54,9,95,38,0,38,133
08/26/2006,ACT,TX,ASW,CE,Combined TRACON& Tower with Radar,0,18,16,4,38,0,3,18,0,21,0,21,34,4,59,2,0,2,61
08/27/2006,ACT,TX,ASW,CE,Combined TRACON& Tower with Radar,2,25,12,1,40,0,0,35,2,37,2,25,47,3,77,0,0,0,77
08/28/2006,ACT,TX,ASW,CE,Combined TRACON& Tower with Radar,0,21,38,0,59,0,4,11,6,21,0,25,49,6,80,6,0,6,86
08/29/2006,ACT,TX,ASW,CE,Combined TRACON& Tower with Radar,1,23,10,3,37,0,4,13,0,17,1,27,23,3,54,0,0,0,54
08/30/2006,ACT,TX,ASW,CE,Combined TRACON& Tower with Radar,1,25,33,2,61,0,4,23,0,27,1,29,56,2,88,10,0,10,98
08/31/2006,ACT,TX,ASW,CE,Combined TRACON& Tower with Radar,0,26,43,0,69,0,0,35,0,35,0,26,78,0,104,32,0,32,136
09/01/2006,ACT,TX,ASW,CE,Combined TRACON& Tower with Radar,0,26,42,6,74,0,0,61,8,69,0,26,103,14,143,16,2,18,161
09/02/2006,ACT,TX,ASW,CE,Combined TRACON& Tower with Radar,0,16,29,3,48,0,2,14,0,16,0,18,43,3,64,8,0,8,72
09/03/2006,ACT,TX,ASW,CE,Combined TRACON& Tower with Radar,0,16,16,0,32,0,0,27,0,27,0,16,43,0,59,0,0,0,59
09/04/2006,ACT,TX,ASW,CE,Combined TRACON& Tower with Radar,0,16,34,0,50,0,0,7,0,7,0,16,41,0,57,0,0,0,57
09/05/2006,ACT,TX,ASW,CE,Combined TRACON& Tower with Radar,0,30,29,6,65,0,4,12,6,22,0,34,41,12,87,4,0,4,91
09/06/2006,ACT,TX,ASW,CE,Combined TRACON& Tower with Radar,0,23,34,10,67,0,5,56,0,61,0,28,90,10,128,30,0,30,158
09/07/2006,ACT,TX,ASW,CE,Combined TRACON& Tower with Radar,0,23,41,0,64,0,0,33,1,34,0,23,74,1,98,14,0,14,112
09/08/2006,ACT,TX,ASW,CE,Combined TRACON& Tower with Radar,0,27,31,23,81,0,0,27,0,27,0,27,58,23,108,2,2,4,112
09/09/2006,ACT,TX,ASW,CE,Combined TRACON& Tower with Radar,0,17,17,11,45,0,0,32,4,36,0,17,49,15,81,16,0,16,97
09/10/2006,ACT,TX,ASW,CE,Combined TRACON& Tower with Radar,0,18,17,4,39,0,1,9,2,12,0,19,26,6,51,2,4,6,57
09/11/2006,ACT,TX,ASW,CE,Combined TRACON& Tower with Radar,8,24,11,0,43,4,0,10,0,14,12,24,21,0,57,4,0,4,61
09/12/2006,ACT,TX,ASW,CE,Combined TRACON& Tower with Radar,0,21,41,3,65,0,6,22,0,28,0,27,63,3,93,4,0,4,97
09/13/2006,ACT,TX,ASW,CE,Combined TRACON& Tower with Radar,0,18,33,14,65,0,5,35,0,40,0,23,68,14,105,8,0,8,113
09/14/2006,ACT,TX,ASW,CE,Combined TRACON& Tower with Radar,3,19,25,0,47,0,7,52,0,59,3,26,77,0,106,4,0,4,110
09/15/2006,ACT,TX,ASW,CE,Combined TRACON& Tower with Radar,1,19,21,7,48,1,4,53,2,60,2,23,74,9,108,12,18,30,138
09/16/2006,ACT,TX,ASW,CE,Combined TRACON& Tower with Radar,0,22,27,15,64,0,0,11,3,14,0,22,38,18,78,6,6,12,90
09/17/2006,ACT,TX,ASW,CE,Combined TRACON& Tower with Radar,0,20,7,0,27,0,0,0,0,0,0,20,7,0,27,0,0,0,27
09/18/2006,ACT,TX,ASW,CE,Combined TRACON& Tower with Radar,0,28,30,4,62,0,5,29,0,34,0,33,59,4,96,5,15,20,116
09/19/2006,ACT,TX,ASW,CE,Combined TRACON& Tower with Radar,0,25,32,2,59,0,0,31,0,31,0,25,63,2,90,4,2,6,96
09/20/2006,ACT,TX,ASW,CE,Combined TRACON& Tower with Radar,0,27,22,0,49,0,0,45,0,45,0,27,67,0,94,46,0,46,140
09/21/2006,ACT,TX,ASW,CE,Combined TRACON& Tower with Radar,0,28,28,0,56,0,10,43,0,53,0,38,71,0,109,18,0,18,127
09/22/2006,ACT,TX,ASW,CE,Combined TRACON& Tower with Radar,0,20,22,0,42,0,7,27,0,34,0,27,49,0,76,19,8,27,103
09/23/2006,ACT,TX,ASW,CE,Combined TRACON& Tower with Radar,13,28,18,0,59,2,5,10,0,17,15,33,28,0,76,0,0,0,76
09/24/2006,ACT,TX,ASW,CE,Combined TRACON& Tower with Radar,0,17,21,0,38,0,1,29,0,30,0,18,50,0,68,10,0,10,78
09/25/2006,ACT,TX,ASW,CE,Combined TRACON& Tower with Radar,0,21,44,9,74,0,1,32,3,36,0,22,76,12,110,32,4,36,146
09/26/2006,ACT,TX,ASW,CE,Combined TRACON& Tower with Radar,0,22,29,0,51,0,6,27,2,35,0,28,56,2,86,26,0,26,112
09/27/2006,ACT,TX,ASW,CE,Combined TRACON& Tower with Radar,2,17,45,0,64,0,5,35,0,40,2,22,80,0,104,10,0,10,114
09/28/2006,ACT,TX,ASW,CE,Combined TRACON& Tower with Radar,0,20,48,0,68,0,5,30,0,35,0,25,78,0,103,18,0,18,121
09/29/2006,ACT,TX,ASW,CE,Combined TRACON& Tower with Radar,1,24,37,0,62,0,4,72,2,78,1,28,109,2,140,6,0,6,146
09/30/2006,ACT,TX,ASW,CE,Combined TRACON& Tower with Radar,0,20,23,0,43,0,2,36,0,38,0,22,59,0,81,10,0,10,91
10/01/2006,ACT,TX,ASW,CE,Combined TRACON& Tower with Radar,3,20,24,0,47,0,4,25,0,29,3,24,49,0,76,4,0,4,80
10/02/2006,ACT,TX,ASW,CE,Combined TRACON& Tower with Radar,0,22,22,0,44,0,5,29,2,36,0,27,51,2,80,10,0,10,90
10/03/2006,ACT,TX,ASW,CE,Combined TRACON& Tower with Radar,0,21,22,8,51,0,0,32,0,32,0,21,54,8,83,4,0,4,87
10/04/2006,ACT,TX,ASW,CE,Combined TRACON& Tower with Radar,2,20,31,0,53,0,1,34,0,35,2,21,65,0,88,36,0,36,124
10/05/2006,ACT,TX,ASW,CE,Combined TRACON& Tower with Radar,0,22,36,0,58,0,5,58,0,63,0,27,94,0,121,2,0,2,123
10/06/2006,ACT,TX,ASW,CE,Combined TRACON& Tower with Radar,2,27,17,7,53,0,5,56,1,62,2,32,73,8,115,18,0,18,133
10/07/2006,ACT,TX,ASW,CE,Combined TRACON& Tower with Radar,0,20,26,0,46,0,0,32,0,32,0,20,58,0,78,26,0,26,104
10/08/2006,ACT,TX,ASW,CE,Combined TRACON& Tower with Radar,4,19,20,11,54,0,7,35,3,45,4,26,55,14,99,4,0,4,103
10/09/2006,ACT,TX,ASW,CE,Combined TRACON& Tower with Radar,0,24,28,7,59,0,4,34,2,40,0,28,62,9,99,20,0,20,119
10/10/2006,ACT,TX,ASW,CE,Combined TRACON& Tower with Radar,0,20,30,0,50,0,1,6,0,7,0,21,36,0,57,2,0,2,59
10/11/2006,ACT,TX,ASW,CE,Combined TRACON& Tower with Radar,0,26,28,0,54,1,13,61,0,75,1,39,89,0,129,18,0,18,147
10/12/2006,ACT,TX,ASW,CE,Combined TRACON& Tower with Radar,0,20,35,3,58,0,1,30,2,33,0,21,65,5,91,12,0,12,103
10/13/2006,ACT,TX,ASW,CE,Combined TRACON& Tower with Radar,0,24,22,18,64,0,6,37,3,46,0,30,59,21,110,18,12,30,140
10/14/2006,ACT,TX,ASW,CE,Combined TRACON& Tower with Radar,0,24,19,0,43,0,0,19,0,19,0,24,38,0,62,16,0,16,78
10/15/2006,ACT,TX,ASW,CE,Combined TRACON& Tower with Radar,0,16,28,0,44,0,2,2,0,4,0,18,30,0,48,0,0,0,48
10/16/2006,ACT,TX,ASW,CE,Combined TRACON& Tower with Radar,0,17,8,2,27,0,6,20,0,26,0,23,28,2,53,2,0,2,55
10/17/2006,ACT,TX,ASW,CE,Combined TRACON& Tower with Radar,0,21,28,0,49,0,3,46,0,49,0,24,74,0,98,12,0,12,110
10/18/2006,ACT,TX,ASW,CE,Combined TRACON& Tower with Radar,0,35,22,4,61,1,17,22,0,40,1,52,44,4,101,12,0,12,113
10/19/2006,ACT,TX,ASW,CE,Combined TRACON& Tower with Radar,0,38,36,0,74,0,12,22,0,34,0,50,58,0,108,36,0,36,144
10/20/2006,ACT,TX,ASW,CE,Combined TRACON& Tower with Radar,2,27,43,17,89,0,12,64,14,90,2,39,107,31,179,20,0,20,199
10/21/2006,ACT,TX,ASW,CE,Combined TRACON& Tower with Radar,1,23,34,2,60,0,0,48,0,48,1,23,82,2,108,2,0,2,110
10/22/2006,ACT,TX,ASW,CE,Combined TRACON& Tower with Radar,0,19,24,4,47,0,1,44,2,47,0,20,68,6,94,20,10,30,124
10/23/2006,ACT,TX,ASW,CE,Combined TRACON& Tower with Radar,0,19,9,6,34,0,7,42,0,49,0,26,51,6,83,20,0,20,103
10/24/2006,ACT,TX,ASW,CE,Combined TRACON& Tower with Radar,0,22,49,0,71,0,7,19,0,26,0,29,68,0,97,12,0,12,109
10/25/2006,ACT,TX,ASW,CE,Combined TRACON& Tower with Radar,0,22,35,0,57,0,0,11,0,11,0,22,46,0,68,0,0,0,68
10/26/2006,ACT,TX,ASW,CE,Combined TRACON& Tower with Radar,0,21,16,7,44,0,8,32,5,45,0,29,48,12,89,12,14,26,115
10/27/2006,ACT,TX,ASW,CE,Combined TRACON& Tower with Radar,0,20,15,5,40,0,5,25,0,30,0,25,40,5,70,2,24,26,96
10/28/2006,ACT,TX,ASW,CE,Combined TRACON& Tower with Radar,0,15,32,3,50,0,0,50,1,51,0,15,82,4,101,14,0,14,115
10/29/2006,ACT,TX,ASW,CE,Combined TRACON& Tower with Radar,0,22,30,6,58,0,1,29,0,30,0,23,59,6,88,2,4,6,94
10/30/2006,ACT,TX,ASW,CE,Combined TRACON& Tower with Radar,0,20,25,2,47,0,15,31,0,46,0,35,56,2,93,12,0,12,105
10/31/2006,ACT,TX,ASW,CE,Combined TRACON& Tower with Radar,0,18,22,4,44,0,3,33,3,39,0,21,55,7,83,4,0,4,87
11/01/2006,ACT,TX,ASW,CE,Combined TRACON& Tower with Radar,0,26,21,7,54,0,10,18,0,28,0,36,39,7,82,8,0,8,90
11/02/2006,ACT,TX,ASW,CE,Combined TRACON& Tower with Radar,0,40,23,3,66,0,15,34,1,50,0,55,57,4,116,18,0,18,134
11/03/2006,ACT,TX,ASW,CE,Combined TRACON& Tower with Radar,2,26,40,4,72,1,18,42,3,64,3,44,82,7,136,12,14,26,162
11/04/2006,ACT,TX,ASW,CE,Combined TRACON& Tower with Radar,4,16,11,5,36,0,6,16,7,29,4,22,27,12,65,2,0,2,67
11/05/2006,ACT,TX,ASW,CE,Combined TRACON& Tower with Radar,2,19,15,3,39,0,1,4,2,7,2,20,19,5,46,0,1,1,47
11/06/2006,ACT,TX,ASW,CE,Combined TRACON& Tower with Radar,5,27,17,6,55,0,1,12,3,16,5,28,29,9,71,4,0,4,75
11/07/2006,ACT,TX,ASW,CE,Combined TRACON& Tower with Radar,2,22,38,6,68,0,13,26,6,45,2,35,64,12,113,22,0,22,135
11/08/2006,ACT,TX,ASW,CE,Combined TRACON& Tower with Radar,0,25,48,2,75,0,3,45,0,48,0,28,93,2,123,10,0,10,133
11/09/2006,ACT,TX,ASW,CE,Combined TRACON& Tower with Radar,0,25,62,0,87,0,7,40,0,47,0,32,102,0,134,4,0,4,138
11/10/2006,ACT,TX,ASW,CE,Combined TRACON& Tower with Radar,2,20,31,0,53,0,13,36,2,51,2,33,67,2,104,8,0,8,112
11/11/2006,ACT,TX,ASW,CE,Combined TRACON& Tower with Radar,2,16,7,0,25,1,0,445,0,446,3,16,452,0,471,0,0,0,471
11/12/2006,ACT,TX,ASW,CE,Combined TRACON& Tower with Radar,0,17,9,0,26,0,1,33,1,35,0,18,42,1,61,10,0,10,71
11/13/2006,ACT,TX,ASW,CE,Combined TRACON& Tower with Radar,0,19,26,2,47,0,2,33,0,35,0,21,59,2,82,13,0,13,95
11/14/2006,ACT,TX,ASW,CE,Combined TRACON& Tower with Radar,0,23,34,0,57,0,5,34,0,39,0,28,68,0,96,12,0,12,108
11/15/2006,ACT,TX,ASW,CE,Combined TRACON& Tower with Radar,1,22,12,2,37,0,6,13,2,21,1,28,25,4,58,2,2,4,62
11/16/2006,ACT,TX,ASW,CE,Combined TRACON& Tower with Radar,1,26,44,0,71,0,11,44,0,55,1,37,88,0,126,30,0,30,156
11/17/2006,ACT,TX,ASW,CE,Combined TRACON& Tower with Radar,2,17,28,0,47,0,0,32,7,39,2,17,60,7,86,32,0,32,118
11/18/2006,ACT,TX,ASW,CE,Combined TRACON& Tower with Radar,4,14,32,0,50,0,0,50,0,50,4,14,82,0,100,4,0,4,104
11/19/2006,ACT,TX,ASW,CE,Combined TRACON& Tower with Radar,0,16,3,9,28,0,4,43,3,50,0,20,46,12,78,12,2,14,92
11/20/2006,ACT,TX,ASW,CE,Combined TRACON& Tower with Radar,3,20,38,4,65,0,8,48,0,56,3,28,86,4,121,14,2,16,137
11/21/2006,ACT,TX,ASW,CE,Combined TRACON& Tower with Radar,1,19,44,0,64,0,12,44,0,56,1,31,88,0,120,6,0,6,126
11/22/2006,ACT,TX,ASW,CE,Combined TRACON& Tower with Radar,0,23,25,0,48,0,13,49,0,62,0,36,74,0,110,12,0,12,122
11/23/2006,ACT,TX,ASW,CE,Combined TRACON& Tower with Radar,0,14,8,0,22,0,2,16,0,18,0,16,24,0,40,2,0,2,42
11/24/2006,ACT,TX,ASW,CE,Combined TRACON& Tower with Radar,2,12,17,0,31,0,3,23,0,26,2,15,40,0,57,6,0,6,63
11/25/2006,ACT,TX,ASW,CE,Combined TRACON& Tower with Radar,2,18,14,0,34,0,3,24,0,27,2,21,38,0,61,10,0,10,71
11/26/2006,ACT,TX,ASW,CE,Combined TRACON& Tower with Radar,0,19,37,0,56,0,2,21,0,23,0,21,58,0,79,20,0,20,99
11/27/2006,ACT,TX,ASW,CE,Combined TRACON& Tower with Radar,0,29,34,0,63,0,5,14,0,19,0,34,48,0,82,8,0,8,90
11/28/2006,ACT,TX,ASW,CE,Combined TRACON& Tower with Radar,0,33,42,0,75,0,4,37,0,41,0,37,79,0,116,20,0,20,136
11/29/2006,ACT,TX,ASW,CE,Combined TRACON& Tower with Radar,0,21,29,5,55,0,2,6,0,8,0,23,35,5,63,8,0,8,71
11/30/2006,ACT,TX,ASW,CE,Combined TRACON& Tower with Radar,0,4,0,0,4,22,0,0,0,22,22,4,0,0,26,0,0,0,26
12/01/2006,ACT,TX,ASW,CE,Combined TRACON& Tower with Radar,0,19,45,1,65,0,4,37,0,41,0,23,82,1,106,8,0,8,114
12/02/2006,ACT,TX,ASW,CE,Combined TRACON& Tower with Radar,0,17,20,2,39,0,8,54,2,64,0,25,74,4,103,4,0,4,107
12/03/2006,ACT,TX,ASW,CE,Combined TRACON& Tower with Radar,0,15,8,3,26,0,0,20,0,20,0,15,28,3,46,0,2,2,48
12/04/2006,ACT,TX,ASW,CE,Combined TRACON& Tower with Radar,0,20,28,0,48,0,6,34,0,40,0,26,62,0,88,24,0,24,112
12/05/2006,ACT,TX,ASW,CE,Combined TRACON& Tower with Radar,2,19,67,2,90,0,2,25,2,29,2,21,92,4,119,0,0,0,119
12/06/2006,ACT,TX,ASW,CE,Combined TRACON& Tower with Radar,0,18,32,0,50,0,8,50,1,59,0,26,82,1,109,4,0,4,113
12/07/2006,ACT,TX,ASW,CE,Combined TRACON& Tower with Radar,0,20,40,3,63,0,9,37,0,46,0,29,77,3,109,8,0,8,117
12/08/2006,ACT,TX,ASW,CE,Combined TRACON& Tower with Radar,0,26,19,9,54,0,15,32,2,49,0,41,51,11,103,2,10,12,115
12/09/2006,ACT,TX,ASW,CE,Combined TRACON& Tower with Radar,2,17,5,7,31,0,7,33,0,40,2,24,38,7,71,18,4,22,93
12/10/2006,ACT,TX,ASW,CE,Combined TRACON& Tower with Radar,0,18,16,0,34,0,0,0,0,0,0,18,16,0,34,0,0,0,34
12/11/2006,ACT,TX,ASW,CE,Combined TRACON& Tower with Radar,0,24,33,0,57,0,15,15,0,30,0,39,48,0,87,6,0,6,93
12/12/2006,ACT,TX,ASW,CE,Combined TRACON& Tower with Radar,0,36,62,5,103,0,14,41,1,56,0,50,103,6,159,14,0,14,173
12/13/2006,ACT,TX,ASW,CE,Combined TRACON& Tower with Radar,0,25,55,2,82,0,16,31,0,47,0,41,86,2,129,12,0,12,141
12/14/2006,ACT,TX,ASW,CE,Combined TRACON& Tower with Radar,2,28,35,6,71,0,4,66,1,71,2,32,101,7,142,8,6,14,156
12/15/2006,ACT,TX,ASW,CE,Combined TRACON& Tower with Radar,0,17,38,18,73,0,5,22,5,32,0,22,60,23,105,10,4,14,119
12/16/2006,ACT,TX,ASW,CE,Combined TRACON& Tower with Radar,0,19,16,0,35,0,4,21,0,25,0,23,37,0,60,10,0,10,70
12/17/2006,ACT,TX,ASW,CE,Combined TRACON& Tower with Radar,0,14,19,19,52,0,1,32,4,37,0,15,51,23,89,6,14,20,109
12/18/2006,ACT,TX,ASW,CE,Combined TRACON& Tower with Radar,0,19,37,0,56,0,0,17,0,17,0,19,54,0,73,8,0,8,81
12/19/2006,ACT,TX,ASW,CE,Combined TRACON& Tower with Radar,0,8,17,0,25,0,2,0,0,2,0,10,17,0,27,0,0,0,27
12/20/2006,ACT,TX,ASW,CE,Combined TRACON& Tower with Radar,0,23,16,0,39,0,7,16,0,23,0,30,32,0,62,2,0,2,64
12/21/2006,ACT,TX,ASW,CE,Combined TRACON& Tower with Radar,0,20,23,2,45,0,6,25,2,33,0,26,48,4,78,12,0,12,90
12/22/2006,ACT,TX,ASW,CE,Combined TRACON& Tower with Radar,0,19,18,0,37,0,9,47,2,58,0,28,65,2,95,12,2,14,109
12/23/2006,ACT,TX,ASW,CE,Combined TRACON& Tower with Radar,0,18,12,0,30,0,1,18,0,19,0,19,30,0,49,0,0,0,49
12/24/2006,ACT,TX,ASW,CE,Combined TRACON& Tower with Radar,0,12,5,0,17,0,0,5,0,5,0,12,10,0,22,0,0,0,22
12/25/2006,ACT,TX,ASW,CE,Combined TRACON& Tower with Radar,0,17,0,0,17,0,0,4,0,4,0,17,4,0,21,0,0,0,21
12/26/2006,ACT,TX,ASW,CE,Combined TRACON& Tower with Radar,2,20,7,0,29,0,1,19,2,22,2,21,26,2,51,0,0,0,51
12/27/2006,ACT,TX,ASW,CE,Combined TRACON& Tower with Radar,0,21,17,0,38,0,5,11,2,18,0,26,28,2,56,0,0,0,56
12/28/2006,ACT,TX,ASW,CE,Combined TRACON& Tower with Radar,0,25,16,0,41,0,0,9,0,9,0,25,25,0,50,0,0,0,50
12/29/2006,ACT,TX,ASW,CE,Combined TRACON& Tower with Radar,5,17,5,0,27,0,6,2,0,8,5,23,7,0,35,0,0,0,35
12/30/2006,ACT,TX,ASW,CE,Combined TRACON& Tower with Radar,1,17,6,0,24,0,2,8,2,12,1,19,14,2,36,0,0,0,36
12/31/2006,ACT,TX,ASW,CE,Combined TRACON& Tower with Radar,0,13,2,0,15,0,0,5,0,5,0,13,7,0,20,0,0,0,20
01/01/2007,ACT,TX,ASW,CE,Combined TRACON& Tower with Radar,2,17,16,0,35,0,0,19,2,21,2,17,35,2,56,0,0,0,56
01/02/2007,ACT,TX,ASW,CE,Combined TRACON& Tower with Radar,0,23,30,0,53,0,4,35,0,39,0,27,65,0,92,8,0,8,100
01/03/2007,ACT,TX,ASW,CE,Combined TRACON& Tower with Radar,2,24,14,0,40,0,0,28,0,28,2,24,42,0,68,14,0,14,82
01/04/2007,ACT,TX,ASW,CE,Combined TRACON& Tower with Radar,0,20,29,7,56,0,4,26,0,30,0,24,55,7,86,36,2,38,124
01/05/2007,ACT,TX,ASW,CE,Combined TRACON& Tower with Radar,1,21,39,8,69,0,3,55,0,58,1,24,94,8,127,22,0,22,149
01/06/2007,ACT,TX,ASW,CE,Combined TRACON& Tower with Radar,0,17,23,4,44,0,1,9,0,10,0,18,32,4,54,4,0,4,58
01/07/2007,ACT,TX,ASW,CE,Combined TRACON& Tower with Radar,0,16,24,0,40,0,0,20,0,20,0,16,44,0,60,4,0,4,64
01/08/2007,ACT,TX,ASW,CE,Combined TRACON& Tower with Radar,0,18,18,3,39,0,6,48,2,56,0,24,66,5,95,8,0,8,103
01/09/2007,ACT,TX,ASW,CE,Combined TRACON& Tower with Radar,2,22,20,0,44,0,6,35,0,41,2,28,55,0,85,4,0,4,89
01/10/2007,ACT,TX,ASW,CE,Combined TRACON& Tower with Radar,0,18,18,0,36,0,7,49,0,56,0,25,67,0,92,44,0,44,136
01/11/2007,ACT,TX,ASW,CE,Combined TRACON& Tower with Radar,0,27,39,0,66,0,0,25,0,25,0,27,64,0,91,4,0,4,95
01/12/2007,ACT,TX,ASW,CE,Combined TRACON& Tower with Radar,2,27,28,5,62,0,3,9,1,13,2,30,37,6,75,0,0,0,75
01/13/2007,ACT,TX,ASW,CE,Combined TRACON& Tower with Radar,0,15,2,0,17,0,4,0,0,4,0,19,2,0,21,0,0,0,21
01/14/2007,ACT,TX,ASW,CE,Combined TRACON& Tower with Radar,0,15,5,0,20,0,1,2,0,3,0,16,7,0,23,0,0,0,23
01/15/2007,ACT,TX,ASW,CE,Combined TRACON& Tower with Radar,0,11,12,4,27,0,1,3,1,5,0,12,15,5,32,2,0,2,34
01/16/2007,ACT,TX,ASW,CE,Combined TRACON& Tower with Radar,1,10,12,0,23,0,2,3,0,5,1,12,15,0,28,0,0,0,28
01/17/2007,ACT,TX,ASW,CE,Combined TRACON& Tower with Radar,0,4,2,0,6,0,0,0,0,0,0,4,2,0,6,0,0,0,6
01/18/2007,ACT,TX,ASW,CE,Combined TRACON& Tower with Radar,0,19,12,0,31,0,3,13,0,16,0,22,25,0,47,6,0,6,53
01/19/2007,ACT,TX,ASW,CE,Combined TRACON& Tower with Radar,0,21,18,8,47,0,9,13,9,31,0,30,31,17,78,4,44,48,126
01/20/2007,ACT,TX,ASW,CE,Combined TRACON& Tower with Radar,0,24,7,0,31,0,2,0,0,2,0,26,7,0,33,0,0,0,33
01/21/2007,ACT,TX,ASW,CE,Combined TRACON& Tower with Radar,0,16,24,4,44,0,0,22,0,22,0,16,46,4,66,22,0,22,88
01/22/2007,ACT,TX,ASW,CE,Combined TRACON& Tower with Radar,0,21,12,0,33,0,2,21,0,23,0,23,33,0,56,6,0,6,62
01/23/2007,ACT,TX,ASW,CE,Combined TRACON& Tower with Radar,1,18,21,1,41,0,9,12,1,22,1,27,33,2,63,6,12,18,81
01/24/2007,ACT,TX,ASW,CE,Combined TRACON& Tower with Radar,0,23,39,2,64,0,1,31,0,32,0,24,70,2,96,0,0,0,96
01/25/2007,ACT,TX,ASW,CE,Combined TRACON& Tower with Radar,1,18,43,8,70,0,9,23,9,41,1,27,66,17,111,26,0,26,137
01/26/2007,ACT,TX,ASW,CE,Combined TRACON& Tower with Radar,1,24,28,26,79,0,4,44,10,58,1,28,72,36,137,8,14,22,159
01/27/2007,ACT,TX,ASW,CE,Combined TRACON& Tower with Radar,2,16,14,13,45,0,2,11,0,13,2,18,25,13,58,4,0,4,62
01/28/2007,ACT,TX,ASW,CE,Combined TRACON& Tower with Radar,0,30,17,13,60,0,9,41,6,56,0,39,58,19,116,32,4,36,152
01/29/2007,ACT,TX,ASW,CE,Combined TRACON& Tower with Radar,0,30,22,0,52,0,1,34,0,35,0,31,56,0,87,14,0,14,101
01/30/2007,ACT,TX,ASW,CE,Combined TRACON& Tower with Radar,0,15,29,5,49,0,6,25,5,36,0,21,54,10,85,22,0,22,107
01/31/2007,ACT,TX,ASW,CE,Combined TRACON& Tower with Radar,0,20,34,0,54,0,2,10,0,12,0,22,44,0,66,0,0,0,66
02/01/2007,ACT,TX,ASW,CE,Combined TRACON& Tower with Radar,0,20,22,0,42,0,2,8,0,10,0,22,30,0,52,4,0,4,56
02/02/2007,ACT,TX,ASW,CE,Combined TRACON& Tower with Radar,0,19,20,2,41,1,9,11,0,21,1,28,31,2,62,4,0,4,66
02/03/2007,ACT,TX,ASW,CE,Combined TRACON& Tower with Radar,0,26,26,2,54,0,5,21,0,26,0,31,47,2,80,20,0,20,100
02/04/2007,ACT,TX,ASW,CE,Combined TRACON& Tower with Radar,0,17,10,0,27,0,0,34,0,34,0,17,44,0,61,0,0,0,61
02/05/2007,ACT,TX,ASW,CE,Combined TRACON& Tower with Radar,0,19,46,5,70,0,8,47,0,55,0,27,93,5,125,36,0,36,161
02/06/2007,ACT,TX,ASW,CE,Combined TRACON& Tower with Radar,0,21,27,2,50,0,2,32,0,34,0,23,59,2,84,6,0,6,90
02/07/2007,ACT,TX,ASW,CE,Combined TRACON& Tower with Radar,0,26,31,0,57,0,1,30,1,32,0,27,61,1,89,10,0,10,99
02/08/2007,ACT,TX,ASW,CE,Combined TRACON& Tower with Radar,2,23,40,1,66,0,0,15,0,15,2,23,55,1,81,8,0,8,89
02/09/2007,ACT,TX,ASW,CE,Combined TRACON& Tower with Radar,0,22,25,2,49,0,1,2,0,3,0,23,27,2,52,2,0,2,54
02/10/2007,ACT,TX,ASW,CE,Combined TRACON& Tower with Radar,0,17,39,0,56,0,1,38,0,39,0,18,77,0,95,0,0,0,95
02/11/2007,ACT,TX,ASW,CE,Combined TRACON& Tower with Radar,0,19,26,6,51,0,2,9,0,11,0,21,35,6,62,4,0,4,66
02/12/2007,ACT,TX,ASW,CE,Combined TRACON& Tower with Radar,0,24,11,0,35,0,0,1,0,1,0,24,12,0,36,0,0,0,36
02/13/2007,ACT,TX,ASW,CE,Combined TRACON& Tower with Radar,1,33,47,2,83,1,14,17,2,34,2,47,64,4,117,2,0,2,119
02/14/2007,ACT,TX,ASW,CE,Combined TRACON& Tower with Radar,0,22,18,6,46,0,5,7,4,16,0,27,25,10,62,18,0,18,80
02/15/2007,ACT,TX,ASW,CE,Combined TRACON& Tower with Radar,2,24,22,0,48,0,18,30,0,48,2,42,52,0,96,28,0,28,124
02/16/2007,ACT,TX,ASW,CE,Combined TRACON& Tower with Radar,0,19,36,14,69,0,17,55,10,82,0,36,91,24,151,26,6,32,183
02/17/2007,ACT,TX,ASW,CE,Combined TRACON& Tower with Radar,0,16,25,5,46,0,9,36,1,46,0,25,61,6,92,28,0,28,120
02/18/2007,ACT,TX,ASW,CE,Combined TRACON& Tower with Radar,0,16,31,2,49,0,4,48,0,52,0,20,79,2,101,24,0,24,125
02/19/2007,ACT,TX,ASW,CE,Combined TRACON& Tower with Radar,0,23,21,10,54,0,3,33,2,38,0,26,54,12,92,30,0,30,122
02/20/2007,ACT,TX,ASW,CE,Combined TRACON& Tower with Radar,0,26,39,6,71,0,14,21,0,35,0,40,60,6,106,24,4,28,134
02/21/2007,ACT,TX,ASW,CE,Combined TRACON& Tower with Radar,0,25,37,13,75,0,6,52,0,58,0,31,89,13,133,16,0,16,149
02/22/2007,ACT,TX,ASW,CE,Combined TRACON& Tower with Radar,0,29,32,7,68,0,15,50,7,72,0,44,82,14,140,12,0,12,152
02/23/2007,ACT,TX,ASW,CE,Combined TRACON& Tower with Radar,0,35,37,23,95,0,3,26,17,46,0,38,63,40,141,8,16,24,165
02/24/2007,ACT,TX,ASW,CE,Combined TRACON& Tower with Radar,0,17,6,25,48,0,0,11,3,14,0,17,17,28,62,0,0,0,62
02/25/2007,ACT,TX,ASW,CE,Combined TRACON& Tower with Radar,0,17,34,0,51,0,3,49,0,52,0,20,83,0,103,12,0,12,115
02/26/2007,ACT,TX,ASW,CE,Combined TRACON& Tower with Radar,0,28,15,0,43,0,1,41,0,42,0,29,56,0,85,8,0,8,93
02/27/2007,ACT,TX,ASW,CE,Combined TRACON& Tower with Radar,0,22,29,7,58,0,7,46,4,57,0,29,75,11,115,6,0,6,121
02/28/2007,ACT,TX,ASW,CE,Combined TRACON& Tower with Radar,0,30,25,9,64,0,1,22,4,27,0,31,47,13,91,4,4,8,99
03/01/2007,ACT,TX,ASW,CE,Combined TRACON& Tower with Radar,1,20,14,0,35,0,9,33,2,44,1,29,47,2,79,4,0,4,83
03/02/2007,ACT,TX,ASW,CE,Combined TRACON& Tower with Radar,0,22,16,10,48,0,14,44,0,58,0,36,60,10,106,3,0,3,109
03/03/2007,ACT,TX,ASW,CE,Combined TRACON& Tower with Radar,0,16,11,1,28,0,11,29,0,40,0,27,40,1,68,0,2,2,70
03/04/2007,ACT,TX,ASW,CE,Combined TRACON& Tower with Radar,0,16,20,29,65,0,0,19,1,20,0,16,39,30,85,4,6,10,95
03/05/2007,ACT,TX,ASW,CE,Combined TRACON& Tower with Radar,0,19,22,0,41,0,17,37,0,54,0,36,59,0,95,12,0,12,107
03/06/2007,ACT,TX,ASW,CE,Combined TRACON& Tower with Radar,0,23,21,4,48,0,3,22,1,26,0,26,43,5,74,0,0,0,74
03/07/2007,ACT,TX,ASW,CE,Combined TRACON& Tower with Radar,0,19,25,7,51,0,8,30,12,50,0,27,55,19,101,26,6,32,133
03/08/2007,ACT,TX,ASW,CE,Combined TRACON& Tower with Radar,0,19,26,7,52,0,4,38,0,42,0,23,64,7,94,30,0,30,124
03/09/2007,ACT,TX,ASW,CE,Combined TRACON& Tower with Radar,0,21,23,13,57,0,4,29,1,34,0,25,52,14,91,22,8,30,121
03/10/2007,ACT,TX,ASW,CE,Combined TRACON& Tower with Radar,0,15,17,0,32,0,4,42,0,46,0,19,59,0,78,0,0,0,78
03/11/2007,ACT,TX,ASW,CE,Combined TRACON& Tower with Radar,0,25,15,0,40,0,0,7,0,7,0,25,22,0,47,2,0,2,49
03/12/2007,ACT,TX,ASW,CE,Combined TRACON& Tower with Radar,0,25,19,1,45,0,3,16,1,20,0,28,35,2,65,6,0,6,71
03/13/2007,ACT,TX,ASW,CE,Combined TRACON& Tower with Radar,1,15,10,4,30,0,0,9,0,9,1,15,19,4,39,0,0,0,39
03/14/2007,ACT,TX,ASW,CE,Combined TRACON& Tower with Radar,0,22,27,3,52,0,0,58,0,58,0,22,85,3,110,26,0,26,136
03/15/2007,ACT,TX,ASW,CE,Combined TRACON& Tower with Radar,0,20,24,0,44,0,0,27,0,27,0,20,51,0,71,8,0,8,79
03/16/2007,ACT,TX,ASW,CE,Combined TRACON& Tower with Radar,2,17,24,11,54,0,4,38,8,50,2,21,62,19,104,48,8,56,160
03/17/2007,ACT,TX,ASW,CE,Combined TRACON& Tower with Radar,0,25,19,3,47,0,3,35,0,38,0,28,54,3,85,26,2,28,113
03/18/2007,ACT,TX,ASW,CE,Combined TRACON& Tower with Radar,0,17,34,0,51,0,2,18,0,20,0,19,52,0,71,4,0,4,75
03/19/2007,ACT,TX,ASW,CE,Combined TRACON& Tower with Radar,0,23,32,0,55,0,0,28,0,28,0,23,60,0,83,2,0,2,85
03/20/2007,ACT,TX,ASW,CE,Combined TRACON& Tower with Radar,0,19,51,0,70,0,4,24,0,28,0,23,75,0,98,14,0,14,112
03/21/2007,ACT,TX,ASW,CE,Combined TRACON& Tower with Radar,2,19,46,0,67,0,0,41,0,41,2,19,87,0,108,0,0,0,108
03/22/2007,ACT,TX,ASW,CE,Combined TRACON& Tower with Radar,1,20,43,3,67,0,1,24,1,26,1,21,67,4,93,2,0,2,95
03/23/2007,ACT,TX,ASW,CE,Combined TRACON& Tower with Radar,0,21,35,4,60,0,0,7,2,9,0,21,42,6,69,14,4,18,87
03/24/2007,ACT,TX,ASW,CE,Combined TRACON& Tower with Radar,2,28,17,0,47,0,9,14,1,24,2,37,31,1,71,22,0,22,93
03/25/2007,ACT,TX,ASW,CE,Combined TRACON& Tower with Radar,0,19,21,0,40,0,2,9,0,11,0,21,30,0,51,22,0,22,73
03/26/2007,ACT,TX,ASW,CE,Combined TRACON& Tower with Radar,0,20,18,0,38,0,0,4,0,4,0,20,22,0,42,0,0,0,42
03/27/2007,ACT,TX,ASW,CE,Combined TRACON& Tower with Radar,0,22,49,0,71,0,5,23,2,30,0,27,72,2,101,24,0,24,125
03/28/2007,ACT,TX,ASW,CE,Combined TRACON& Tower with Radar,0,30,60,2,92,0,1,39,2,42,0,31,99,4,134,0,0,0,134
03/29/2007,ACT,TX,ASW,CE,Combined TRACON& Tower with Radar,0,21,19,0,40,0,2,5,0,7,0,23,24,0,47,0,0,0,47
03/30/2007,ACT,TX,ASW,CE,Combined TRACON& Tower with Radar,0,24,10,0,34,0,4,2,0,6,0,28,12,0,40,0,0,0,40
03/31/2007,ACT,TX,ASW,CE,Combined TRACON& Tower with Radar,0,17,8,6,31,0,7,37,0,44,0,24,45,6,75,12,6,18,93
04/01/2007,ACT,TX,ASW,CE,Combined TRACON& Tower with Radar,0,18,34,0,52,0,3,40,0,43,0,21,74,0,95,24,0,24,119
04/02/2007,ACT,TX,ASW,CE,Combined TRACON& Tower with Radar,0,22,45,1,68,0,5,17,0,22,0,27,62,1,90,18,0,18,108
04/03/2007,ACT,TX,ASW,CE,Combined TRACON& Tower with Radar,2,22,21,2,47,0,9,18,9,36,2,31,39,11,83,4,0,4,87
04/04/2007,ACT,TX,ASW,CE,Combined TRACON& Tower with Radar,0,25,24,2,51,0,4,37,0,41,0,29,61,2,92,8,0,8,100
04/05/2007,ACT,TX,ASW,CE,Combined TRACON& Tower with Radar,2,27,29,3,61,0,9,24,1,34,2,36,53,4,95,0,0,0,95
04/06/2007,ACT,TX,ASW,CE,Combined TRACON& Tower with Radar,0,21,15,0,36,0,0,9,2,11,0,21,24,2,47,0,0,0,47
04/07/2007,ACT,TX,ASW,CE,Combined TRACON& Tower with Radar,0,16,10,0,26,0,0,0,0,0,0,16,10,0,26,0,0,0,26
04/08/2007,ACT,TX,ASW,CE,Combined TRACON& Tower with Radar,2,17,5,1,25,0,3,3,3,9,2,20,8,4,34,0,0,0,34
04/09/2007,ACT,TX,ASW,CE,Combined TRACON& Tower with Radar,1,20,29,5,55,0,2,17,0,19,1,22,46,5,74,6,0,6,80
04/10/2007,ACT,TX,ASW,CE,Combined TRACON& Tower with Radar,0,22,30,0,52,0,2,29,6,37,0,24,59,6,89,0,10,10,99
04/11/2007,ACT,TX,ASW,CE,Combined TRACON& Tower with Radar,0,19,23,3,45,0,3,55,1,59,0,22,78,4,104,6,0,6,110
04/12/2007,ACT,TX,ASW,CE,Combined TRACON& Tower with Radar,0,22,26,2,50,0,2,32,2,36,0,24,58,4,86,0,0,0,86
04/13/2007,ACT,TX,ASW,CE,Combined TRACON& Tower with Radar,7,27,21,0,55,0,10,7,0,17,7,37,28,0,72,18,0,18,90
04/14/2007,ACT,TX,ASW,CE,Combined TRACON& Tower with Radar,0,17,5,3,25,0,3,4,3,10,0,20,9,6,35,0,2,2,37
04/15/2007,ACT,TX,ASW,CE,Combined TRACON& Tower with Radar,0,17,20,0,37,0,0,46,0,46,0,17,66,0,83,14,0,14,97
04/16/2007,ACT,TX,ASW,CE,Combined TRACON& Tower with Radar,0,19,22,3,44,0,9,21,0,30,0,28,43,3,74,12,0,12,86
04/17/2007,ACT,TX,ASW,CE,Combined TRACON& Tower with Radar,0,18,27,0,45,0,0,12,1,13,0,18,39,1,58,4,0,4,62
04/18/2007,ACT,TX,ASW,CE,Combined TRACON& Tower with Radar,0,25,28,6,59,0,8,31,0,39,0,33,59,6,98,18,0,18,116
04/19/2007,ACT,TX,ASW,CE,Combined TRACON& Tower with Radar,0,21,34,0,55,0,12,51,0,63,0,33,85,0,118,46,0,46,164
04/20/2007,ACT,TX,ASW,CE,Combined TRACON& Tower with Radar,0,29,19,6,54,0,0,38,1,39,0,29,57,7,93,2,0,2,95
04/21/2007,ACT,TX,ASW,CE,Combined TRACON& Tower with Radar,0,28,22,18,68,0,1,15,0,16,0,29,37,18,84,0,8,8,92
04/22/2007,ACT,TX,ASW,CE,Combined TRACON& Tower with Radar,0,17,24,11,52,0,0,15,0,15,0,17,39,11,67,4,10,14,81
04/23/2007,ACT,TX,ASW,CE,Combined TRACON& Tower with Radar,0,20,26,2,48,0,0,18,0,18,0,20,44,2,66,12,2,14,80
04/24/2007,ACT,TX,ASW,CE,Combined TRACON& Tower with Radar,4,23,23,0,50,0,4,8,0,12,4,27,31,0,62,0,0,0,62
04/25/2007,ACT,TX,ASW,CE,Combined TRACON& Tower with Radar,2,23,29,7,61,0,3,34,2,39,2,26,63,9,100,0,0,0,100
04/26/2007,ACT,TX,ASW,CE,Combined TRACON& Tower with Radar,0,20,35,3,58,0,2,54,1,57,0,22,89,4,115,22,2,24,139
04/27/2007,ACT,TX,ASW,CE,Combined TRACON& Tower with Radar,0,31,39,8,78,0,14,52,6,72,0,45,91,14,150,28,16,44,194
04/28/2007,ACT,TX,ASW,CE,Combined TRACON& Tower with Radar,0,23,32,16,71,0,31,48,10,89,0,54,80,26,160,14,0,14,174
04/29/2007,ACT,TX,ASW,CE,Combined TRACON& Tower with Radar,0,25,11,26,62,0,27,35,11,73,0,52,46,37,135,12,46,58,193
04/30/2007,ACT,TX,ASW,CE,Combined TRACON& Tower with Radar,0,24,10,0,34,0,4,21,0,25,0,28,31,0,59,0,0,0,59
05/01/2007,ACT,TX,ASW,CE,Combined TRACON& Tower with Radar,0,23,17,0,40,0,3,10,1,14,0,26,27,1,54,0,0,0,54
05/02/2007,ACT,TX,ASW,CE,Combined TRACON& Tower with Radar,0,30,17,6,53,0,2,3,9,14,0,32,20,15,67,0,18,18,85
05/03/2007,ACT,TX,ASW,CE,Combined TRACON& Tower with Radar,0,24,18,11,53,0,8,22,2,32,0,32,40,13,85,2,2,4,89
05/04/2007,ACT,TX,ASW,CE,Combined TRACON& Tower with Radar,0,33,36,0,69,0,1,26,1,28,0,34,62,1,97,12,0,12,109
05/05/2007,ACT,TX,ASW,CE,Combined TRACON& Tower with Radar,0,18,24,7,49,0,0,6,0,6,0,18,30,7,55,0,4,4,59
05/06/2007,ACT,TX,ASW,CE,Combined TRACON& Tower with Radar,0,25,19,6,50,0,1,8,2,11,0,26,27,8,61,2,0,2,63
05/07/2007,ACT,TX,ASW,CE,Combined TRACON& Tower with Radar,0,28,48,8,84,0,2,24,0,26,0,30,72,8,110,26,0,26,136
05/08/2007,ACT,TX,ASW,CE,Combined TRACON& Tower with Radar,0,20,38,15,73,0,7,27,3,37,0,27,65,18,110,22,0,22,132
05/09/2007,ACT,TX,ASW,CE,Combined TRACON& Tower with Radar,0,24,39,14,77,0,3,46,3,52,0,27,85,17,129,4,0,4,133
05/10/2007,ACT,TX,ASW,CE,Combined TRACON& Tower with Radar,0,22,48,3,73,0,3,39,0,42,0,25,87,3,115,14,0,14,129
05/11/2007,ACT,TX,ASW,CE,Combined TRACON& Tower with Radar,0,21,47,10,78,0,0,46,0,46,0,21,93,10,124,2,2,4,128
05/12/2007,ACT,TX,ASW,CE,Combined TRACON& Tower with Radar,0,16,33,2,51,0,0,66,6,72,0,16,99,8,123,10,4,14,137
05/13/2007,ACT,TX,ASW,CE,Combined TRACON& Tower with Radar,0,14,11,0,25,0,0,36,0,36,0,14,47,0,61,2,0,2,63
05/14/2007,ACT,TX,ASW,CE,Combined TRACON& Tower with Radar,0,20,30,3,53,0,2,27,0,29,0,22,57,3,82,14,2,16,98
05/15/2007,ACT,TX,ASW,CE,Combined TRACON& Tower with Radar,0,19,36,2,57,0,2,43,2,47,0,21,79,4,104,18,0,18,122
05/16/2007,ACT,TX,ASW,CE,Combined TRACON& Tower with Radar,0,24,20,0,44,0,2,23,3,28,0,26,43,3,72,4,0,4,76
05/17/2007,ACT,TX,ASW,CE,Combined TRACON& Tower with Radar,0,28,28,0,56,0,12,32,11,55,0,40,60,11,111,0,0,0,111
05/18/2007,ACT,TX,ASW,CE,Combined TRACON& Tower with Radar,2,28,10,0,40,2,26,48,2,78,4,54,58,2,118,31,0,31,149
05/19/2007,ACT,TX,ASW,CE,Combined TRACON& Tower with Radar,0,17,12,0,29,2,8,25,4,39,2,25,37,4,68,0,0,0,68
05/20/2007,ACT,TX,ASW,CE,Combined TRACON& Tower with Radar,0,19,15,6,40,0,0,29,6,35,0,19,44,12,75,0,0,0,75
05/21/2007,ACT,TX,ASW,CE,Combined TRACON& Tower with Radar,2,24,22,10,58,0,0,16,1,17,2,24,38,11,75,0,0,0,75
05/22/2007,ACT,TX,ASW,CE,Combined TRACON& Tower with Radar,0,26,38,11,75,0,2,30,2,34,0,28,68,13,109,10,28,38,147
05/23/2007,ACT,TX,ASW,CE,Combined TRACON& Tower with Radar,0,24,28,3,55,0,8,41,0,49,0,32,69,3,104,16,0,16,120
05/24/2007,ACT,TX,ASW,CE,Combined TRACON& Tower with Radar,2,23,22,7,54,0,4,11,6,21,2,27,33,13,75,0,4,4,79
05/25/2007,ACT,TX,ASW,CE,Combined TRACON& Tower with Radar,0,20,16,2,38,0,0,14,0,14,0,20,30,2,52,2,0,2,54
05/26/2007,ACT,TX,ASW,CE,Combined TRACON& Tower with Radar,0,14,14,0,28,0,1,4,0,5,0,15,18,0,33,4,0,4,37
05/27/2007,ACT,TX,ASW,CE,Combined TRACON& Tower with Radar,0,15,4,0,19,0,0,12,1,13,0,15,16,1,32,0,0,0,32
05/28/2007,ACT,TX,ASW,CE,Combined TRACON& Tower with Radar,0,19,7,0,26,0,0,8,1,9,0,19,15,1,35,0,1,1,36
05/29/2007,ACT,TX,ASW,CE,Combined TRACON& Tower with Radar,0,22,24,0,46,0,4,14,2,20,0,26,38,2,66,0,0,0,66
05/30/2007,ACT,TX,ASW,CE,Combined TRACON& Tower with Radar,2,35,33,2,72,0,12,34,0,46,2,47,67,2,118,16,0,16,134
05/31/2007,ACT,TX,ASW,CE,Combined TRACON& Tower with Radar,0,23,40,8,71,0,7,47,0,54,0,30,87,8,125,52,2,54,179
06/01/2007,ACT,TX,ASW,CE,Combined TRACON& Tower with Radar,0,29,34,0,63,0,13,79,0,92,0,42,113,0,155,42,0,42,197
06/02/2007,ACT,TX,ASW,CE,Combined TRACON& Tower with Radar,0,35,6,6,47,0,5,24,0,29,0,40,30,6,76,24,6,30,106
06/03/2007,ACT,TX,ASW,CE,Combined TRACON& Tower with Radar,0,24,13,2,39,0,0,39,0,39,0,24,52,2,78,18,4,22,100
06/04/2007,ACT,TX,ASW,CE,Combined TRACON& Tower with Radar,8,36,34,10,88,0,3,38,0,41,8,39,72,10,129,16,0,16,145
06/05/2007,ACT,TX,ASW,CE,Combined TRACON& Tower with Radar,0,17,47,0,64,0,6,35,7,48,0,23,82,7,112,10,0,10,122
06/06/2007,ACT,TX,ASW,CE,Combined TRACON& Tower with Radar,0,22,31,5,58,0,8,59,0,67,0,30,90,5,125,30,0,30,155
06/07/2007,ACT,TX,ASW,CE,Combined TRACON& Tower with Radar,2,21,31,5,59,0,1,9,0,10,2,22,40,5,69,6,2,8,77
06/08/2007,ACT,TX,ASW,CE,Combined TRACON& Tower with Radar,0,19,40,9,68,0,7,52,0,59,0,26,92,9,127,24,8,32,159
06/09/2007,ACT,TX,ASW,CE,Combined TRACON& Tower with Radar,0,16,30,30,76,0,9,25,5,39,0,25,55,35,115,8,22,30,145
06/10/2007,ACT,TX,ASW,CE,Combined TRACON& Tower with Radar,1,18,26,2,47,1,4,19,2,26,2,22,45,4,73,10,0,10,83
06/11/2007,ACT,TX,ASW,CE,Combined TRACON& Tower with Radar,0,20,42,15,77,0,3,61,10,74,0,23,103,25,151,30,20,50,201
06/12/2007,ACT,TX,ASW,CE,Combined TRACON& Tower with Radar,0,24,48,21,93,0,4,42,0,46,0,28,90,21,139,28,0,28,167
06/13/2007,ACT,TX,ASW,CE,Combined TRACON& Tower with Radar,2,24,57,10,93,0,0,49,2,51,2,24,106,12,144,46,0,46,190
06/14/2007,ACT,TX,ASW,CE,Combined TRACON& Tower with Radar,0,24,26,4,54,0,0,32,3,35,0,24,58,7,89,2,4,6,95
06/15/2007,ACT,TX,ASW,CE,Combined TRACON& Tower with Radar,1,25,24,1,51,0,1,12,4,17,1,26,36,5,68,0,0,0,68
06/16/2007,ACT,TX,ASW,CE,Combined TRACON& Tower with Radar,0,19,15,2,36,0,0,2,2,4,0,19,17,4,40,0,0,0,40
06/17/2007,ACT,TX,ASW,CE,Combined TRACON& Tower with Radar,1,21,6,0,28,0,0,10,2,12,1,21,16,2,40,0,0,0,40
06/18/2007,ACT,TX,ASW,CE,Combined TRACON& Tower with Radar,0,24,59,0,83,0,6,12,0,18,0,30,71,0,101,2,0,2,103
06/19/2007,ACT,TX,ASW,CE,Combined TRACON& Tower with Radar,0,24,21,4,49,0,13,30,0,43,0,37,51,4,92,20,0,20,112
06/20/2007,ACT,TX,ASW,CE,Combined TRACON& Tower with Radar,0,28,31,20,79,0,7,35,20,62,0,35,66,40,141,0,24,24,165
06/21/2007,ACT,TX,ASW,CE,Combined TRACON& Tower with Radar,0,24,44,8,76,0,9,22,0,31,0,33,66,8,107,10,0,10,117
06/22/2007,ACT,TX,ASW,CE,Combined TRACON& Tower with Radar,2,27,50,21,100,0,13,42,10,65,2,40,92,31,165,22,10,32,197
06/23/2007,ACT,TX,ASW,CE,Combined TRACON& Tower with Radar,0,20,29,70,119,0,2,31,30,63,0,22,60,100,182,13,46,59,241
06/24/2007,ACT,TX,ASW,CE,Combined TRACON& Tower with Radar,0,22,22,0,44,0,0,29,2,31,0,22,51,2,75,14,2,16,91
06/25/2007,ACT,TX,ASW,CE,Combined TRACON& Tower with Radar,10,25,21,0,56,1,1,19,0,21,11,26,40,0,77,14,0,14,91
06/26/2007,ACT,TX,ASW,CE,Combined TRACON& Tower with Radar,0,19,29,1,49,0,3,9,0,12,0,22,38,1,61,2,0,2,63
06/27/2007,ACT,TX,ASW,CE,Combined TRACON& Tower with Radar,9,26,33,1,69,0,0,13,1,14,9,26,46,2,83,0,2,2,85
06/28/2007,ACT,TX,ASW,CE,Combined TRACON& Tower with Radar,0,30,28,0,58,0,4,11,0,15,0,34,39,0,73,2,0,2,75
06/29/2007,ACT,TX,ASW,CE,Combined TRACON& Tower with Radar,4,28,48,32,112,0,7,45,8,60,4,35,93,40,172,18,18,36,208
06/30/2007,ACT,TX,ASW,CE,Combined TRACON& Tower with Radar,0,17,20,0,37,0,9,27,0,36,0,26,47,0,73,14,0,14,87
07/01/2007,ACT,TX,ASW,CE,Combined TRACON& Tower with Radar,1,21,8,17,47,1,1,22,1,25,2,22,30,18,72,24,26,50,122
07/02/2007,ACT,TX,ASW,CE,Combined TRACON& Tower with Radar,4,24,41,0,69,0,10,19,0,29,4,34,60,0,98,10,0,10,108
07/03/2007,ACT,TX,ASW,CE,Combined TRACON& Tower with Radar,0,19,29,0,48,0,4,26,0,30,0,23,55,0,78,34,0,34,112
07/04/2007,ACT,TX,ASW,CE,Combined TRACON& Tower with Radar,0,15,20,0,35,0,1,9,0,10,0,16,29,0,45,6,0,6,51
07/05/2007,ACT,TX,ASW,CE,Combined TRACON& Tower with Radar,0,19,14,0,33,0,0,2,2,4,0,19,16,2,37,0,0,0,37
07/06/2007,ACT,TX,ASW,CE,Combined TRACON& Tower with Radar,0,25,35,0,60,0,2,24,0,26,0,27,59,0,86,4,0,4,90
07/07/2007,ACT,TX,ASW,CE,Combined TRACON& Tower with Radar,0,17,19,0,36,0,0,42,0,42,0,17,61,0,78,24,0,24,102
07/08/2007,ACT,TX,ASW,CE,Combined TRACON& Tower with Radar,9,20,14,2,45,0,0,13,0,13,9,20,27,2,58,10,0,10,68
07/09/2007,ACT,TX,ASW,CE,Combined TRACON& Tower with Radar,0,23,20,0,43,0,0,33,0,33,0,23,53,0,76,16,0,16,92
07/10/2007,ACT,TX,ASW,CE,Combined TRACON& Tower with Radar,2,21,48,8,79,0,2,41,3,46,2,23,89,11,125,36,0,36,161
07/11/2007,ACT,TX,ASW,CE,Combined TRACON& Tower with Radar,4,21,56,6,87,0,6,53,2,61,4,27,109,8,148,12,6,18,166
07/12/2007,ACT,TX,ASW,CE,Combined TRACON& Tower with Radar,0,21,23,5,49,0,7,47,1,55,0,28,70,6,104,42,0,42,146
07/13/2007,ACT,TX,ASW,CE,Combined TRACON& Tower with Radar,0,21,32,12,65,0,5,50,0,55,0,26,82,12,120,36,2,38,158
07/14/2007,ACT,TX,ASW,CE,Combined TRACON& Tower with Radar,0,16,22,18,56,0,1,13,0,14,0,17,35,18,70,6,9,15,85
07/15/2007,ACT,TX,ASW,CE,Combined TRACON& Tower with Radar,0,17,14,2,33,0,0,29,0,29,0,17,43,2,62,10,0,10,72
07/16/2007,ACT,TX,ASW,CE,Combined TRACON& Tower with Radar,0,23,21,2,46,0,4,34,0,38,0,27,55,2,84,6,0,6,90
07/17/2007,ACT,TX,ASW,CE,Combined TRACON& Tower with Radar,0,25,59,11,95,0,1,48,6,55,0,26,107,17,150,16,0,16,166
07/18/2007,ACT,TX,ASW,CE,Combined TRACON& Tower with Radar,0,24,46,8,78,0,2,54,2,58,0,26,100,10,136,10,6,16,152
07/19/2007,ACT,TX,ASW,CE,Combined TRACON& Tower with Radar,0,25,32,0,57,0,0,27,4,31,0,25,59,4,88,18,0,18,106
07/20/2007,ACT,TX,ASW,CE,Combined TRACON& Tower with Radar,0,19,30,8,57,0,0,15,0,15,0,19,45,8,72,8,0,8,80
07/21/2007,ACT,TX,ASW,CE,Combined TRACON& Tower with Radar,0,14,14,13,41,0,0,7,0,7,0,14,21,13,48,0,10,10,58
07/22/2007,ACT,TX,ASW,CE,Combined TRACON& Tower with Radar,0,20,53,8,81,0,0,0,1,1,0,20,53,9,82,4,0,4,86
07/23/2007,ACT,TX,ASW,CE,Combined TRACON& Tower with Radar,0,20,21,0,41,0,1,27,0,28,0,21,48,0,69,8,0,8,77
07/24/2007,ACT,TX,ASW,CE,Combined TRACON& Tower with Radar,0,20,20,0,40,0,17,14,0,31,0,37,34,0,71,0,0,0,71
07/25/2007,ACT,TX,ASW,CE,Combined TRACON& Tower with Radar,0,22,69,2,93,0,9,20,2,31,0,31,89,4,124,18,0,18,142
07/26/2007,ACT,TX,ASW,CE,Combined TRACON& Tower with Radar,0,22,23,2,47,0,2,13,0,15,0,24,36,2,62,0,2,2,64
07/27/2007,ACT,TX,ASW,CE,Combined TRACON& Tower with Radar,0,22,22,0,44,0,5,25,0,30,0,27,47,0,74,4,0,4,78
07/28/2007,ACT,TX,ASW,CE,Combined TRACON& Tower with Radar,0,34,21,0,55,0,5,9,0,14,0,39,30,0,69,34,0,34,103
07/29/2007,ACT,TX,ASW,CE,Combined TRACON& Tower with Radar,0,22,18,0,40,0,5,10,0,15,0,27,28,0,55,6,0,6,61
07/30/2007,ACT,TX,ASW,CE,Combined TRACON& Tower with Radar,0,26,27,1,54,0,5,7,1,13,0,31,34,2,67,32,0,32,99
07/31/2007,ACT,TX,ASW,CE,Combined TRACON& Tower with Radar,2,29,43,3,77,0,2,31,4,37,2,31,74,7,114,8,0,8,122
08/01/2007,ACT,TX,ASW,CE,Combined TRACON& Tower with Radar,0,30,22,8,60,0,0,20,0,20,0,30,42,8,80,8,6,14,94
08/02/2007,ACT,TX,ASW,CE,Combined TRACON& Tower with Radar,0,22,18,2,42,0,9,17,0,26,0,31,35,2,68,22,0,22,90
08/03/2007,ACT,TX,ASW,CE,Combined TRACON& Tower with Radar,0,27,58,2,87,0,8,43,15,66,0,35,101,17,153,68,10,78,231
08/04/2007,ACT,TX,ASW,CE,Combined TRACON& Tower with Radar,0,22,20,3,45,0,0,24,0,24,0,22,44,3,69,4,0,4,73
08/05/2007,ACT,TX,ASW,CE,Combined TRACON& Tower with Radar,0,19,9,5,33,0,0,16,1,17,0,19,25,6,50,6,2,8,58
08/06/2007,ACT,TX,ASW,CE,Combined TRACON& Tower with Radar,0,26,26,4,56,0,11,53,0,64,0,37,79,4,120,4,28,32,152
08/07/2007,ACT,TX,ASW,CE,Combined TRACON& Tower with Radar,0,31,32,2,65,0,13,41,0,54,0,44,73,2,119,32,0,32,151
08/08/2007,ACT,TX,ASW,CE,Combined TRACON& Tower with Radar,0,26,28,1,55,0,7,32,1,40,0,33,60,2,95,18,0,18,113
08/09/2007,ACT,TX,ASW,CE,Combined TRACON& Tower with Radar,0,32,34,10,76,0,11,34,4,49,0,43,68,14,125,20,16,36,161
08/10/2007,ACT,TX,ASW,CE,Combined TRACON& Tower with Radar,0,33,30,16,79,0,3,39,9,51,0,36,69,25,130,38,10,48,178
08/11/2007,ACT,TX,ASW,CE,Combined TRACON& Tower with Radar,0,21,17,0,38,0,15,35,0,50,0,36,52,0,88,16,0,16,104
08/12/2007,ACT,TX,ASW,CE,Combined TRACON& Tower with Radar,0,21,9,7,37,0,2,40,3,45,0,23,49,10,82,12,16,28,110
08/13/2007,ACT,TX,ASW,CE,Combined TRACON& Tower with Radar,2,23,12,0,37,0,6,12,2,20,2,29,24,2,57,4,0,4,61
08/14/2007,ACT,TX,ASW,CE,Combined TRACON& Tower with Radar,0,29,15,0,44,0,3,16,2,21,0,32,31,2,65,0,0,0,65
08/15/2007,ACT,TX,ASW,CE,Combined TRACON& Tower with Radar,0,33,30,2,65,0,0,15,2,17,0,33,45,4,82,0,0,0,82
08/16/2007,ACT,TX,ASW,CE,Combined TRACON& Tower with Radar,0,27,15,0,42,0,1,3,0,4,0,28,18,0,46,0,0,0,46
08/17/2007,ACT,TX,ASW,CE,Combined TRACON& Tower with Radar,0,31,46,6,83,0,2,11,8,21,0,33,57,14,104,0,14,14,118
08/18/2007,ACT,TX,ASW,CE,Combined TRACON& Tower with Radar,0,18,10,0,28,0,0,6,0,6,0,18,16,0,34,0,0,0,34
08/19/2007,ACT,TX,ASW,CE,Combined TRACON& Tower with Radar,0,23,9,0,32,0,1,4,0,5,0,24,13,0,37,0,0,0,37
08/20/2007,ACT,TX,ASW,CE,Combined TRACON& Tower with Radar,1,27,33,0,61,0,5,16,4,25,1,32,49,4,86,2,6,8,94
08/21/2007,ACT,TX,ASW,CE,Combined TRACON& Tower with Radar,0,28,32,2,62,0,0,33,0,33,0,28,65,2,95,16,0,16,111
08/22/2007,ACT,TX,ASW,CE,Combined TRACON& Tower with Radar,1,35,39,4,79,1,7,17,11,36,2,42,56,15,115,0,8,8,123
08/23/2007,ACT,TX,ASW,CE,Combined TRACON& Tower with Radar,0,32,17,1,50,0,0,0,0,0,0,32,17,1,50,0,2,2,52
08/24/2007,ACT,TX,ASW,CE,Combined TRACON& Tower with Radar,0,29,32,5,66,0,0,18,0,18,0,29,50,5,84,0,0,0,84
08/25/2007,ACT,TX,ASW,CE,Combined TRACON& Tower with Radar,0,18,9,0,27,0,3,16,4,23,0,21,25,4,50,0,0,0,50
08/26/2007,ACT,TX,ASW,CE,Combined TRACON& Tower with Radar,1,22,24,1,48,0,0,4,0,4,1,22,28,1,52,0,0,0,52
08/27/2007,ACT,TX,ASW,CE,Combined TRACON& Tower with Radar,1,24,13,5,43,0,4,9,0,13,1,28,22,5,56,0,0,0,56
08/28/2007,ACT,TX,ASW,CE,Combined TRACON& Tower with Radar,0,33,6,0,39,0,0,61,7,68,0,33,67,7,107,32,16,48,155
08/29/2007,ACT,TX,ASW,CE,Combined TRACON& Tower with Radar,0,29,28,9,66,0,13,33,0,46,0,42,61,9,112,14,0,14,126
08/30/2007,ACT,TX,ASW,CE,Combined TRACON& Tower with Radar,0,23,28,0,51,0,4,23,1,28,0,27,51,1,79,6,0,6,85
08/31/2007,ACT,TX,ASW,CE,Combined TRACON& Tower with Radar,0,23,19,0,42,0,1,20,1,22,0,24,39,1,64,2,0,2,66
09/01/2007,ACT,TX,ASW,CE,Combined TRACON& Tower with Radar,0,18,23,0,41,0,6,30,0,36,0,24,53,0,77,12,0,12,89
09/02/2007,ACT,TX,ASW,CE,Combined TRACON& Tower with Radar,0,16,14,0,30,0,2,31,0,33,0,18,45,0,63,6,0,6,69
09/03/2007,ACT,TX,ASW,CE,Combined TRACON& Tower with Radar,0,38,22,0,60,0,0,8,0,8,0,38,30,0,68,6,0,6,74
09/04/2007,ACT,TX,ASW,CE,Combined TRACON& Tower with Radar,0,22,33,4,59,0,14,3,2,19,0,36,36,6,78,0,2,2,80
09/05/2007,ACT,TX,ASW,CE,Combined TRACON& Tower with Radar,0,16,29,2,47,0,3,16,0,19,0,19,45,2,66,14,0,14,80
09/06/2007,ACT,TX,ASW,CE,Combined TRACON& Tower with Radar,0,4,35,0,39,0,0,19,0,19,0,4,54,0,58,22,0,22,80
09/07/2007,ACT,TX,ASW,CE,Combined TRACON& Tower with Radar,0,27,32,23,82,0,4,20,15,39,0,31,52,38,121,4,24,28,149
09/08/2007,ACT,TX,ASW,CE,Combined TRACON& Tower with Radar,0,30,24,6,60,0,17,38,0,55,0,47,62,6,115,16,10,26,141
09/09/2007,ACT,TX,ASW,CE,Combined TRACON& Tower with Radar,0,26,17,2,45,0,4,24,1,29,0,30,41,3,74,0,8,8,82
09/10/2007,ACT,TX,ASW,CE,Combined TRACON& Tower with Radar,4,35,23,1,63,2,7,6,0,15,6,42,29,1,78,6,0,6,84
09/11/2007,ACT,TX,ASW,CE,Combined TRACON& Tower with Radar,0,23,34,2,59,0,3,5,0,8,0,26,39,2,67,6,0,6,73
09/12/2007,ACT,TX,ASW,CE,Combined TRACON& Tower with Radar,0,27,58,6,91,0,3,50,2,55,0,30,108,8,146,20,0,20,166
09/13/2007,ACT,TX,ASW,CE,Combined TRACON& Tower with Radar,0,23,37,2,62,0,0,11,0,11,0,23,48,2,73,0,0,0,73
09/14/2007,ACT,TX,ASW,CE,Combined TRACON& Tower with Radar,0,23,39,16,78,0,12,44,1,57,0,35,83,17,135,10,2,12,147
09/15/2007,ACT,TX,ASW,CE,Combined TRACON& Tower with Radar,0,18,19,11,48,0,0,26,0,26,0,18,45,11,74,0,0,0,74
09/16/2007,ACT,TX,ASW,CE,Combined TRACON& Tower with Radar,0,21,13,39,73,0,0,37,8,45,0,21,50,47,118,6,34,40,158
09/17/2007,ACT,TX,ASW,CE,Combined TRACON& Tower with Radar,0,22,15,2,39,0,1,40,0,41,0,23,55,2,80,4,0,4,84
09/18/2007,ACT,TX,ASW,CE,Combined TRACON& Tower with Radar,0,22,42,4,68,0,2,19,0,21,0,24,61,4,89,4,4,8,97
09/19/2007,ACT,TX,ASW,CE,Combined TRACON& Tower with Radar,0,20,42,9,71,0,2,42,2,46,0,22,84,11,117,12,0,12,129
09/20/2007,ACT,TX,ASW,CE,Combined TRACON& Tower with Radar,0,22,39,3,64,0,1,22,4,27,0,23,61,7,91,12,6,18,109
09/21/2007,ACT,TX,ASW,CE,Combined TRACON& Tower with Radar,1,19,46,37,103,0,9,52,4,65,1,28,98,41,168,16,26,42,210
09/22/2007,ACT,TX,ASW,CE,Combined TRACON& Tower with Radar,0,30,18,37,85,0,10,30,2,42,0,40,48,39,127,36,16,52,179
09/23/2007,ACT,TX,ASW,CE,Combined TRACON& Tower with Radar,0,30,15,32,77,0,4,37,0,41,0,34,52,32,118,6,4,10,128
09/24/2007,ACT,TX,ASW,CE,Combined TRACON& Tower with Radar,0,32,32,2,66,0,7,34,0,41,0,39,66,2,107,14,0,14,121
09/25/2007,ACT,TX,ASW,CE,Combined TRACON& Tower with Radar,0,25,34,2,61,0,6,29,0,35,0,31,63,2,96,16,0,16,112
09/26/2007,ACT,TX,ASW,CE,Combined TRACON& Tower with Radar,0,22,46,2,70,0,6,43,1,50,0,28,89,3,120,26,0,26,146
09/27/2007,ACT,TX,ASW,CE,Combined TRACON& Tower with Radar,0,31,31,0,62,0,9,45,0,54,0,40,76,0,116,46,0,46,162
09/28/2007,ACT,TX,ASW,CE,Combined TRACON& Tower with Radar,0,25,31,1,57,0,2,22,3,27,0,27,53,4,84,4,8,12,96
09/29/2007,ACT,TX,ASW,CE,Combined TRACON& Tower with Radar,0,22,14,0,36,0,0,20,0,20,0,22,34,0,56,0,0,0,56
09/30/2007,ACT,TX,ASW,CE,Combined TRACON& Tower with Radar,0,20,18,0,38,0,0,14,0,14,0,20,32,0,52,0,0,0,52
10/01/2007,ACT,TX,ASW,CE,Combined TRACON& Tower with Radar,0,20,33,2,55,0,0,22,0,22,0,20,55,2,77,0,0,0,77
10/02/2007,ACT,TX,ASW,CE,Combined TRACON& Tower with Radar,0,20,43,3,66,0,0,30,2,32,0,20,73,5,98,10,0,10,108
10/03/2007,ACT,TX,ASW,CE,Combined TRACON& Tower with Radar,0,28,34,6,68,0,1,57,0,58,0,29,91,6,126,6,0,6,132
10/04/2007,ACT,TX,ASW,CE,Combined TRACON& Tower with Radar,0,21,35,4,60,0,1,50,4,55,0,22,85,8,115,20,0,20,135
10/05/2007,ACT,TX,ASW,CE,Combined TRACON& Tower with Radar,2,31,36,3,72,0,0,69,3,72,2,31,105,6,144,46,0,46,190
10/06/2007,ACT,TX,ASW,CE,Combined TRACON& Tower with Radar,1,34,42,0,77,0,7,21,0,28,1,41,63,0,105,2,0,2,107
10/07/2007,ACT,TX,ASW,CE,Combined TRACON& Tower with Radar,2,19,36,0,57,0,0,10,0,10,2,19,46,0,67,0,0,0,67
10/08/2007,ACT,TX,ASW,CE,Combined TRACON& Tower with Radar,0,26,44,1,71,0,4,19,2,25,0,30,63,3,96,2,0,2,98
10/09/2007,ACT,TX,ASW,CE,Combined TRACON& Tower with Radar,0,28,56,0,84,0,6,10,2,18,0,34,66,2,102,12,0,12,114
10/10/2007,ACT,TX,ASW,CE,Combined TRACON& Tower with Radar,0,23,37,12,72,0,2,33,1,36,0,25,70,13,108,12,0,12,120
10/11/2007,ACT,TX,ASW,CE,Combined TRACON& Tower with Radar,0,24,52,11,87,0,12,32,5,49,0,36,84,16,136,4,4,8,144
10/12/2007,ACT,TX,ASW,CE,Combined TRACON& Tower with Radar,3,27,30,4,64,0,11,46,0,57,3,38,76,4,121,0,0,0,121
10/13/2007,ACT,TX,ASW,CE,Combined TRACON& Tower with Radar,2,15,15,0,32,0,2,11,0,13,2,17,26,0,45,0,0,0,45
10/14/2007,ACT,TX,ASW,CE,Combined TRACON& Tower with Radar,0,20,17,2,39,0,1,1,5,7,0,21,18,7,46,0,0,0,46
10/15/2007,ACT,TX,ASW,CE,Combined TRACON& Tower with Radar,1,21,28,0,50,0,8,15,0,23,1,29,43,0,73,8,0,8,81
10/16/2007,ACT,TX,ASW,CE,Combined TRACON& Tower with Radar,0,22,71,0,93,0,3,11,0,14,0,25,82,0,107,16,0,16,123
10/17/2007,ACT,TX,ASW,CE,Combined TRACON& Tower with Radar,0,23,52,2,77,0,3,26,0,29,0,26,78,2,106,3,0,3,109
10/18/2007,ACT,TX,ASW,CE,Combined TRACON& Tower with Radar,0,26,38,2,66,0,13,49,0,62,0,39,87,2,128,32,0,32,160
10/19/2007,ACT,TX,ASW,CE,Combined TRACON& Tower with Radar,0,4,46,6,56,0,0,74,0,74,0,4,120,6,130,34,4,38,168
10/20/2007,ACT,TX,ASW,CE,Combined TRACON& Tower with Radar,0,15,25,3,43,0,0,50,0,50,0,15,75,3,93,20,0,20,113
10/21/2007,ACT,TX,ASW,CE,Combined TRACON& Tower with Radar,0,24,12,1,37,0,1,24,0,25,0,25,36,1,62,0,0,0,62
10/22/2007,ACT,TX,ASW,CE,Combined TRACON& Tower with Radar,0,20,4,0,24,0,3,4,0,7,0,23,8,0,31,0,0,0,31
10/23/2007,ACT,TX,ASW,CE,Combined TRACON& Tower with Radar,0,20,24,0,44,0,6,28,0,34,0,26,52,0,78,12,0,12,90
10/24/2007,ACT,TX,ASW,CE,Combined TRACON& Tower with Radar,0,22,40,0,62,0,3,28,0,31,0,25,68,0,93,12,0,12,105
10/25/2007,ACT,TX,ASW,CE,Combined TRACON& Tower with Radar,0,23,38,3,64,0,13,36,1,50,0,36,74,4,114,12,8,20,134
10/26/2007,ACT,TX,ASW,CE,Combined TRACON& Tower with Radar,1,22,34,4,61,0,4,32,0,36,1,26,66,4,97,10,2,12,109
10/27/2007,ACT,TX,ASW,CE,Combined TRACON& Tower with Radar,1,14,13,10,38,0,0,43,2,45,1,14,56,12,83,15,6,21,104
10/28/2007,ACT,TX,ASW,CE,Combined TRACON& Tower with Radar,1,21,17,0,39,0,2,23,0,25,1,23,40,0,64,0,0,0,64
10/29/2007,ACT,TX,ASW,CE,Combined TRACON& Tower with Radar,0,20,20,4,44,0,4,37,1,42,0,24,57,5,86,14,0,14,100
10/30/2007,ACT,TX,ASW,CE,Combined TRACON& Tower with Radar,0,22,27,0,49,0,0,34,0,34,0,22,61,0,83,20,0,20,103
10/31/2007,ACT,TX,ASW,CE,Combined TRACON& Tower with Radar,0,23,11,3,37,0,9,22,1,32,0,32,33,4,69,8,0,8,77
11/01/2007,ACT,TX,ASW,CE,Combined TRACON& Tower with Radar,0,21,30,0,51,0,2,31,0,33,0,23,61,0,84,18,0,18,102
11/02/2007,ACT,TX,ASW,CE,Combined TRACON& Tower with Radar,2,36,61,0,99,0,4,44,0,48,2,40,105,0,147,32,0,32,179
11/03/2007,ACT,TX,ASW,CE,Combined TRACON& Tower with Radar,2,25,26,0,53,0,5,41,0,46,2,30,67,0,99,6,0,6,105
11/04/2007,ACT,TX,ASW,CE,Combined TRACON& Tower with Radar,0,22,17,0,39,0,1,25,0,26,0,23,42,0,65,22,0,22,87
11/05/2007,ACT,TX,ASW,CE,Combined TRACON& Tower with Radar,0,30,27,0,57,0,10,34,0,44,0,40,61,0,101,4,0,4,105
11/06/2007,ACT,TX,ASW,CE,Combined TRACON& Tower with Radar,0,23,16,2,41,0,2,24,0,26,0,25,40,2,67,2,2,4,71
11/07/2007,ACT,TX,ASW,CE,Combined TRACON& Tower with Radar,0,23,41,2,66,0,0,29,6,35,0,23,70,8,101,34,6,40,141
11/08/2007,ACT,TX,ASW,CE,Combined TRACON& Tower with Radar,2,25,34,2,63,0,0,28,0,28,2,25,62,2,91,0,0,0,91
11/09/2007,ACT,TX,ASW,CE,Combined TRACON& Tower with Radar,0,25,28,0,53,0,5,18,1,24,0,30,46,1,77,0,0,0,77
11/10/2007,ACT,TX,ASW,CE,Combined TRACON& Tower with Radar,0,23,12,0,35,0,3,4,0,7,0,26,16,0,42,0,0,0,42
11/11/2007,ACT,TX,ASW,CE,Combined TRACON& Tower with Radar,1,20,20,0,41,0,3,4,0,7,1,23,24,0,48,0,0,0,48
11/12/2007,ACT,TX,ASW,CE,Combined TRACON& Tower with Radar,1,21,20,0,42,0,1,15,1,17,1,22,35,1,59,8,0,8,67
11/13/2007,ACT,TX,ASW,CE,Combined TRACON& Tower with Radar,0,21,33,0,54,0,3,33,0,36,0,24,66,0,90,4,0,4,94
11/14/2007,ACT,TX,ASW,CE,Combined TRACON& Tower with Radar,0,20,21,0,41,0,1,31,0,32,0,21,52,0,73,2,0,2,75
11/15/2007,ACT,TX,ASW,CE,Combined TRACON& Tower with Radar,0,21,25,2,48,0,8,55,2,65,0,29,80,4,113,34,0,34,147
11/16/2007,ACT,TX,ASW,CE,Combined TRACON& Tower with Radar,2,21,37,2,62,0,2,54,0,56,2,23,91,2,118,12,0,12,130
11/17/2007,ACT,TX,ASW,CE,Combined TRACON& Tower with Radar,1,17,32,7,57,0,1,41,3,45,1,18,73,10,102,8,2,10,112
11/18/2007,ACT,TX,ASW,CE,Combined TRACON& Tower with Radar,1,16,31,2,50,0,0,16,0,16,1,16,47,2,66,8,0,8,74
11/19/2007,ACT,TX,ASW,CE,Combined TRACON& Tower with Radar,0,27,40,0,67,0,4,30,0,34,0,31,70,0,101,36,0,36,137
11/20/2007,ACT,TX,ASW,CE,Combined TRACON& Tower with Radar,0,35,48,5,88,0,2,25,0,27,0,37,73,5,115,0,0,0,115
11/21/2007,ACT,TX,ASW,CE,Combined TRACON& Tower with Radar,0,36,22,2,60,0,17,16,0,33,0,53,38,2,93,4,0,4,97
11/22/2007,ACT,TX,ASW,CE,Combined TRACON& Tower with Radar,0,19,0,0,19,0,3,10,0,13,0,22,10,0,32,2,0,2,34
11/23/2007,ACT,TX,ASW,CE,Combined TRACON& Tower with Radar,0,18,9,0,27,0,2,19,0,21,0,20,28,0,48,10,0,10,58
11/24/2007,ACT,TX,ASW,CE,Combined TRACON& Tower with Radar,0,17,8,0,25,0,2,4,0,6,0,19,12,0,31,0,0,0,31
11/25/2007,ACT,TX,ASW,CE,Combined TRACON& Tower with Radar,0,20,26,0,46,0,2,3,0,5,0,22,29,0,51,0,0,0,51
11/26/2007,ACT,TX,ASW,CE,Combined TRACON& Tower with Radar,0,20,25,5,50,0,8,46,2,56,0,28,71,7,106,22,0,22,128
11/27/2007,ACT,TX,ASW,CE,Combined TRACON& Tower with Radar,0,28,35,3,66,0,3,18,1,22,0,31,53,4,88,6,2,8,96
11/28/2007,ACT,TX,ASW,CE,Combined TRACON& Tower with Radar,0,20,32,5,57,0,14,60,0,74,0,34,92,5,131,36,4,40,171
11/29/2007,ACT,TX,ASW,CE,Combined TRACON& Tower with Radar,0,24,48,0,72,0,1,35,0,36,0,25,83,0,108,0,0,0,108
11/30/2007,ACT,TX,ASW,CE,Combined TRACON& Tower with Radar,0,26,51,2,79,1,5,30,1,37,1,31,81,3,116,24,0,24,140
12/01/2007,ACT,TX,ASW,CE,Combined TRACON& Tower with Radar,0,18,15,18,51,0,2,2,0,4,0,20,17,18,55,0,0,0,55
12/02/2007,ACT,TX,ASW,CE,Combined TRACON& Tower with Radar,0,20,19,0,39,0,3,14,0,17,0,23,33,0,56,0,0,0,56
12/03/2007,ACT,TX,ASW,CE,Combined TRACON& Tower with Radar,0,21,17,0,38,0,12,43,0,55,0,33,60,0,93,16,0,16,109
12/04/2007,ACT,TX,ASW,CE,Combined TRACON& Tower with Radar,0,22,26,3,51,0,6,49,1,56,0,28,75,4,107,38,0,38,145
12/05/2007,ACT,TX,ASW,CE,Combined TRACON& Tower with Radar,0,20,37,2,59,0,3,83,0,86,0,23,120,2,145,36,4,40,185
12/06/2007,ACT,TX,ASW,CE,Combined TRACON& Tower with Radar,0,19,32,8,59,0,4,41,3,48,0,23,73,11,107,30,2,32,139
12/07/2007,ACT,TX,ASW,CE,Combined TRACON& Tower with Radar,0,21,39,16,76,0,0,29,9,38,0,21,68,25,114,8,20,28,142
12/08/2007,ACT,TX,ASW,CE,Combined TRACON& Tower with Radar,0,15,38,38,91,0,1,9,1,11,0,16,47,39,102,2,0,2,104
12/09/2007,ACT,TX,ASW,CE,Combined TRACON& Tower with Radar,0,19,34,0,53,0,5,3,0,8,0,24,37,0,61,0,0,0,61
12/10/2007,ACT,TX,ASW,CE,Combined TRACON& Tower with Radar,0,18,13,0,31,0,0,3,0,3,0,18,16,0,34,0,0,0,34
12/11/2007,ACT,TX,ASW,CE,Combined TRACON& Tower with Radar,0,23,17,0,40,0,0,9,0,9,0,23,26,0,49,2,0,2,51
12/12/2007,ACT,TX,ASW,CE,Combined TRACON& Tower with Radar,0,18,16,0,34,0,2,2,0,4,0,20,18,0,38,0,0,0,38
12/13/2007,ACT,TX,ASW,CE,Combined TRACON& Tower with Radar,0,26,32,2,60,0,9,33,0,42,0,35,65,2,102,16,0,16,118
12/14/2007,ACT,TX,ASW,CE,Combined TRACON& Tower with Radar,0,26,17,4,47,0,3,2,0,5,0,29,19,4,52,0,0,0,52
12/15/2007,ACT,TX,ASW,CE,Combined TRACON& Tower with Radar,0,11,9,0,20,0,2,9,0,11,0,13,18,0,31,0,0,0,31
12/16/2007,ACT,TX,ASW,CE,Combined TRACON& Tower with Radar,0,19,36,3,58,0,1,28,1,30,0,20,64,4,88,0,0,0,88
12/17/2007,ACT,TX,ASW,CE,Combined TRACON& Tower with Radar,0,19,38,0,57,0,10,41,0,51,0,29,79,0,108,4,0,4,112
12/18/2007,ACT,TX,ASW,CE,Combined TRACON& Tower with Radar,0,19,22,0,41,0,7,39,0,46,0,26,61,0,87,2,0,2,89
12/19/2007,ACT,TX,ASW,CE,Combined TRACON& Tower with Radar,0,26,34,8,68,0,5,23,0,28,0,31,57,8,96,34,0,34,130
12/20/2007,ACT,TX,ASW,CE,Combined TRACON& Tower with Radar,0,19,27,3,49,0,2,42,1,45,0,21,69,4,94,10,0,10,104
12/21/2007,ACT,TX,ASW,CE,Combined TRACON& Tower with Radar,0,20,20,0,40,0,0,18,0,18,0,20,38,0,58,4,0,4,62
12/22/2007,ACT,TX,ASW,CE,Combined TRACON& Tower with Radar,0,18,19,0,37,0,2,10,0,12,0,20,29,0,49,2,0,2,51
12/23/2007,ACT,TX,ASW,CE,Combined TRACON& Tower with Radar,0,18,9,0,27,0,2,27,0,29,0,20,36,0,56,0,0,0,56
12/24/2007,ACT,TX,ASW,CE,Combined TRACON& Tower with Radar,0,16,6,0,22,0,3,13,0,16,0,19,19,0,38,0,0,0,38
12/25/2007,ACT,TX,ASW,CE,Combined TRACON& Tower with Radar,0,16,0,0,16,0,0,7,0,7,0,16,7,0,23,0,0,0,23
12/26/2007,ACT,TX,ASW,CE,Combined TRACON& Tower with Radar,1,14,5,0,20,0,1,8,4,13,1,15,13,4,33,0,0,0,33
12/27/2007,ACT,TX,ASW,CE,Combined TRACON& Tower with Radar,1,23,21,1,46,0,3,3,3,9,1,26,24,4,55,0,0,0,55
12/28/2007,ACT,TX,ASW,CE,Combined TRACON& Tower with Radar,1,29,9,0,39,0,1,5,0,6,1,30,14,0,45,0,0,0,45
12/29/2007,ACT,TX,ASW,CE,Combined TRACON& Tower with Radar,1,17,7,0,25,0,0,5,0,5,1,17,12,0,30,0,0,0,30
12/30/2007,ACT,TX,ASW,CE,Combined TRACON& Tower with Radar,0,20,13,0,33,0,1,9,0,10,0,21,22,0,43,0,0,0,43
12/31/2007,ACT,TX,ASW,CE,Combined TRACON& Tower with Radar,2,25,4,0,31,0,6,5,2,13,2,31,9,2,44,0,0,0,44
01/01/2008,ACT,TX,ASW,CE,Combined TRACON& Tower with Radar,2,18,9,0,29,0,8,6,0,14,2,26,15,0,43,0,0,0,43
01/02/2008,ACT,TX,ASW,CE,Combined TRACON& Tower with Radar,0,23,26,0,49,0,4,33,0,37,0,27,59,0,86,6,0,6,92
01/03/2008,ACT,TX,ASW,CE,Combined TRACON& Tower with Radar,0,23,29,0,52,0,9,35,0,44,0,32,64,0,96,6,0,6,102
01/04/2008,ACT,TX,ASW,CE,Combined TRACON& Tower with Radar,0,23,36,2,61,0,6,29,0,35,0,29,65,2,96,28,0,28,124
01/05/2008,ACT,TX,ASW,CE,Combined TRACON& Tower with Radar,0,16,46,2,64,0,1,21,0,22,0,17,67,2,86,13,0,13,99
01/06/2008,ACT,TX,ASW,CE,Combined TRACON& Tower with Radar,0,21,27,0,48,0,1,9,0,10,0,22,36,0,58,4,0,4,62
01/07/2008,ACT,TX,ASW,CE,Combined TRACON& Tower with Radar,0,23,18,4,45,0,2,10,4,16,0,25,28,8,61,4,4,8,69
01/08/2008,ACT,TX,ASW,CE,Combined TRACON& Tower with Radar,0,19,28,5,52,0,0,48,12,60,0,19,76,17,112,12,22,34,146
01/09/2008,ACT,TX,ASW,CE,Combined TRACON& Tower with Radar,0,21,42,4,67,0,0,50,2,52,0,21,92,6,119,4,0,4,123
01/10/2008,ACT,TX,ASW,CE,Combined TRACON& Tower with Radar,0,24,38,0,62,0,15,27,0,42,0,39,65,0,104,10,0,10,114
01/11/2008,ACT,TX,ASW,CE,Combined TRACON& Tower with Radar,0,25,36,0,61,0,10,41,2,53,0,35,77,2,114,4,0,4,118
01/12/2008,ACT,TX,ASW,CE,Combined TRACON& Tower with Radar,0,17,22,13,52,0,0,35,4,39,0,17,57,17,91,8,18,26,117
01/13/2008,ACT,TX,ASW,CE,Combined TRACON& Tower with Radar,0,20,17,0,37,0,1,29,0,30,0,21,46,0,67,44,0,44,111
01/14/2008,ACT,TX,ASW,CE,Combined TRACON& Tower with Radar,0,21,19,0,40,0,2,37,0,39,0,23,56,0,79,4,0,4,83
01/15/2008,ACT,TX,ASW,CE,Combined TRACON& Tower with Radar,0,21,27,3,51,0,0,30,1,31,0,21,57,4,82,20,0,20,102
01/16/2008,ACT,TX,ASW,CE,Combined TRACON& Tower with Radar,0,25,43,0,68,0,1,21,2,24,0,26,64,2,92,6,2,8,100
01/17/2008,ACT,TX,ASW,CE,Combined TRACON& Tower with Radar,0,23,29,2,54,0,2,35,0,37,0,25,64,2,91,16,0,16,107
01/18/2008,ACT,TX,ASW,CE,Combined TRACON& Tower with Radar,0,22,30,0,52,0,1,11,0,12,0,23,41,0,64,6,0,6,70
01/19/2008,ACT,TX,ASW,CE,Combined TRACON& Tower with Radar,0,14,17,5,36,0,0,48,1,49,0,14,65,6,85,24,0,24,109
01/20/2008,ACT,TX,ASW,CE,Combined TRACON& Tower with Radar,0,19,23,1,43,0,2,36,2,40,0,21,59,3,83,24,0,24,107
01/21/2008,ACT,TX,ASW,CE,Combined TRACON& Tower with Radar,0,29,24,0,53,0,6,3,0,9,0,35,27,0,62,8,0,8,70
01/22/2008,ACT,TX,ASW,CE,Combined TRACON& Tower with Radar,0,21,27,0,48,0,6,0,0,6,0,27,27,0,54,0,0,0,54
01/23/2008,ACT,TX,ASW,CE,Combined TRACON& Tower with Radar,0,24,38,2,64,0,6,9,0,15,0,30,47,2,79,2,0,2,81
01/24/2008,ACT,TX,ASW,CE,Combined TRACON& Tower with Radar,0,28,31,0,59,0,3,20,2,25,0,31,51,2,84,0,0,0,84
01/25/2008,ACT,TX,ASW,CE,Combined TRACON& Tower with Radar,0,25,18,0,43,0,3,5,0,8,0,28,23,0,51,0,0,0,51
01/26/2008,ACT,TX,ASW,CE,Combined TRACON& Tower with Radar,0,36,33,0,69,0,2,23,0,25,0,38,56,0,94,24,0,24,118
01/27/2008,ACT,TX,ASW,CE,Combined TRACON& Tower with Radar,0,11,37,0,48,0,2,46,0,48,0,13,83,0,96,22,0,22,118
01/28/2008,ACT,TX,ASW,CE,Combined TRACON& Tower with Radar,0,29,45,0,74,0,4,6,0,10,0,33,51,0,84,0,0,0,84
01/29/2008,ACT,TX,ASW,CE,Combined TRACON& Tower with Radar,0,19,27,0,46,0,1,11,0,12,0,20,38,0,58,6,0,6,64
01/30/2008,ACT,TX,ASW,CE,Combined TRACON& Tower with Radar,0,22,42,2,66,0,2,41,0,43,0,24,83,2,109,6,0,6,115
01/31/2008,ACT,TX,ASW,CE,Combined TRACON& Tower with Radar,0,14,19,6,39,0,1,16,0,17,0,15,35,6,56,22,0,22,78
02/01/2008,ACT,TX,ASW,CE,Combined TRACON& Tower with Radar,0,25,20,0,45,0,8,39,1,48,0,33,59,1,93,10,0,10,103
02/02/2008,ACT,TX,ASW,CE,Combined TRACON& Tower with Radar,0,17,31,8,56,0,0,39,4,43,0,17,70,12,99,20,2,22,121
02/03/2008,ACT,TX,ASW,CE,Combined TRACON& Tower with Radar,0,21,17,0,38,0,1,16,0,17,0,22,33,0,55,14,0,14,69
02/04/2008,ACT,TX,ASW,CE,Combined TRACON& Tower with Radar,0,26,26,19,71,0,3,17,3,23,0,29,43,22,94,8,10,18,112
02/05/2008,ACT,TX,ASW,CE,Combined TRACON& Tower with Radar,0,22,14,4,40,0,1,10,0,11,0,23,24,4,51,2,2,4,55
02/06/2008,ACT,TX,ASW,CE,Combined TRACON& Tower with Radar,0,22,39,3,64,0,7,52,2,61,0,29,91,5,125,18,10,28,153
02/07/2008,ACT,TX,ASW,CE,Combined TRACON& Tower with Radar,0,23,41,7,71,0,5,56,8,69,0,28,97,15,140,24,18,42,182
02/08/2008,ACT,TX,ASW,CE,Combined TRACON& Tower with Radar,0,20,38,10,68,0,4,43,0,47,0,24,81,10,115,2,16,18,133
02/09/2008,ACT,TX,ASW,CE,Combined TRACON& Tower with Radar,0,17,26,2,45,0,3,39,13,55,0,20,65,15,100,2,8,10,110
02/10/2008,ACT,TX,ASW,CE,Combined TRACON& Tower with Radar,0,22,9,0,31,0,4,28,0,32,0,26,37,0,63,4,0,4,67
02/11/2008,ACT,TX,ASW,CE,Combined TRACON& Tower with Radar,0,21,37,5,63,0,0,8,1,9,0,21,45,6,72,2,0,2,74
02/12/2008,ACT,TX,ASW,CE,Combined TRACON& Tower with Radar,0,22,34,2,58,0,5,45,0,50,0,27,79,2,108,2,0,2,110
02/13/2008,ACT,TX,ASW,CE,Combined TRACON& Tower with Radar,0,20,41,8,69,0,5,81,2,88,0,25,122,10,157,14,10,24,181
02/14/2008,ACT,TX,ASW,CE,Combined TRACON& Tower with Radar,0,24,41,11,76,0,2,32,1,35,0,26,73,12,111,0,6,6,117
02/15/2008,ACT,TX,ASW,CE,Combined TRACON& Tower with Radar,0,27,29,0,56,0,0,7,0,7,0,27,36,0,63,0,0,0,63
02/16/2008,ACT,TX,ASW,CE,Combined TRACON& Tower with Radar,0,18,6,0,24,0,3,5,0,8,0,21,11,0,32,0,0,0,32
02/17/2008,ACT,TX,ASW,CE,Combined TRACON& Tower with Radar,0,19,30,2,51,0,2,23,0,25,0,21,53,2,76,2,0,2,78
02/18/2008,ACT,TX,ASW,CE,Combined TRACON& Tower with Radar,0,22,23,0,45,0,0,39,0,39,0,22,62,0,84,16,0,16,100
02/19/2008,ACT,TX,ASW,CE,Combined TRACON& Tower with Radar,0,22,31,4,57,0,2,38,0,40,0,24,69,4,97,4,0,4,101
02/20/2008,ACT,TX,ASW,CE,Combined TRACON& Tower with Radar,0,21,27,0,48,0,0,9,0,9,0,21,36,0,57,4,0,4,61
02/21/2008,ACT,TX,ASW,CE,Combined TRACON& Tower with Radar,0,26,47,4,77,0,0,2,0,2,0,26,49,4,79,6,0,6,85
02/22/2008,ACT,TX,ASW,CE,Combined TRACON& Tower with Radar,0,32,37,10,79,0,3,31,0,34,0,35,68,10,113,4,2,6,119
02/23/2008,ACT,TX,ASW,CE,Combined TRACON& Tower with Radar,0,19,24,30,73,0,5,44,10,59,0,24,68,40,132,0,0,0,132
02/24/2008,ACT,TX,ASW,CE,Combined TRACON& Tower with Radar,0,20,32,25,77,0,2,42,2,46,0,22,74,27,123,0,6,6,129
02/25/2008,ACT,TX,ASW,CE,Combined TRACON& Tower with Radar,0,24,21,5,50,0,4,29,2,35,0,28,50,7,85,0,0,0,85
02/26/2008,ACT,TX,ASW,CE,Combined TRACON& Tower with Radar,0,25,23,2,50,0,0,22,1,23,0,25,45,3,73,0,0,0,73
02/27/2008,ACT,TX,ASW,CE,Combined TRACON& Tower with Radar,0,22,26,6,54,0,15,53,0,68,0,37,79,6,122,18,0,18,140
02/28/2008,ACT,TX,ASW,CE,Combined TRACON& Tower with Radar,0,26,31,32,89,0,5,33,3,41,0,31,64,35,130,4,4,8,138
02/29/2008,ACT,TX,ASW,CE,Combined TRACON& Tower with Radar,2,26,34,27,89,0,1,14,8,23,2,27,48,35,112,2,0,2,114
03/01/2008,ACT,TX,ASW,CE,Combined TRACON& Tower with Radar,0,18,18,1,37,0,0,4,2,6,0,18,22,3,43,0,0,0,43
03/02/2008,ACT,TX,ASW,CE,Combined TRACON& Tower with Radar,1,16,13,1,31,0,0,0,0,0,1,16,13,1,31,0,0,0,31
03/03/2008,ACT,TX,ASW,CE,Combined TRACON& Tower with Radar,3,18,12,0,33,0,3,1,2,6,3,21,13,2,39,0,0,0,39
03/04/2008,ACT,TX,ASW,CE,Combined TRACON& Tower with Radar,0,19,37,7,63,0,7,39,1,47,0,26,76,8,110,4,8,12,122
03/05/2008,ACT,TX,ASW,CE,Combined TRACON& Tower with Radar,0,27,37,14,78,0,11,35,0,46,0,38,72,14,124,8,0,8,132
03/06/2008,ACT,TX,ASW,CE,Combined TRACON& Tower with Radar,0,13,13,4,30,0,3,4,0,7,0,16,17,4,37,0,0,0,37
03/07/2008,ACT,TX,ASW,CE,Combined TRACON& Tower with Radar,0,19,23,11,53,0,3,28,2,33,0,22,51,13,86,4,2,6,92
03/08/2008,ACT,TX,ASW,CE,Combined TRACON& Tower with Radar,0,16,21,11,48,0,3,43,5,51,0,19,64,16,99,10,18,28,127
03/09/2008,ACT,TX,ASW,CE,Combined TRACON& Tower with Radar,0,21,11,5,37,0,4,18,1,23,0,25,29,6,60,12,6,18,78
03/10/2008,ACT,TX,ASW,CE,Combined TRACON& Tower with Radar,0,23,20,0,43,0,0,4,0,4,0,23,24,0,47,0,0,0,47
03/11/2008,ACT,TX,ASW,CE,Combined TRACON& Tower with Radar,2,15,22,3,42,0,0,42,1,43,2,15,64,4,85,6,0,6,91
03/12/2008,ACT,TX,ASW,CE,Combined TRACON& Tower with Radar,0,25,40,4,69,0,3,41,4,48,0,28,81,8,117,2,0,2,119
03/13/2008,ACT,TX,ASW,CE,Combined TRACON& Tower with Radar,1,20,38,3,62,0,0,30,3,33,1,20,68,6,95,16,0,16,111
03/14/2008,ACT,TX,ASW,CE,Combined TRACON& Tower with Radar,1,21,22,2,46,0,0,36,0,36,1,21,58,2,82,52,0,52,134
03/15/2008,ACT,TX,ASW,CE,Combined TRACON& Tower with Radar,0,14,14,0,28,0,2,38,1,41,0,16,52,1,69,10,0,10,79
03/16/2008,ACT,TX,ASW,CE,Combined TRACON& Tower with Radar,1,17,26,9,53,0,0,11,3,14,1,17,37,12,67,2,2,4,71
03/17/2008,ACT,TX,ASW,CE,Combined TRACON& Tower with Radar,0,24,12,0,36,0,2,6,0,8,0,26,18,0,44,0,0,0,44
03/18/2008,ACT,TX,ASW,CE,Combined TRACON& Tower with Radar,2,8,8,2,20,0,0,5,0,5,2,8,13,2,25,0,0,0,25
03/19/2008,ACT,TX,ASW,CE,Combined TRACON& Tower with Radar,0,21,53,2,76,0,6,41,3,50,0,27,94,5,126,22,0,22,148
03/20/2008,ACT,TX,ASW,CE,Combined TRACON& Tower with Radar,2,28,41,4,75,0,11,47,5,63,2,39,88,9,138,18,4,22,160
03/21/2008,ACT,TX,ASW,CE,Combined TRACON& Tower with Radar,1,19,21,14,55,0,0,26,4,30,1,19,47,18,85,0,2,2,87
03/22/2008,ACT,TX,ASW,CE,Combined TRACON& Tower with Radar,0,13,16,0,29,0,2,23,0,25,0,15,39,0,54,0,0,0,54
03/23/2008,ACT,TX,ASW,CE,Combined TRACON& Tower with Radar,0,17,9,0,26,0,1,10,0,11,0,18,19,0,37,0,0,0,37
03/24/2008,ACT,TX,ASW,CE,Combined TRACON& Tower with Radar,0,20,37,0,57,0,2,34,4,40,0,22,71,4,97,16,0,16,113
03/25/2008,ACT,TX,ASW,CE,Combined TRACON& Tower with Radar,0,21,29,1,51,0,0,31,6,37,0,21,60,7,88,6,0,6,94
03/26/2008,ACT,TX,ASW,CE,Combined TRACON& Tower with Radar,0,19,28,1,48,0,0,22,0,22,0,19,50,1,70,10,0,10,80
03/27/2008,ACT,TX,ASW,CE,Combined TRACON& Tower with Radar,0,17,54,6,77,0,0,16,0,16,0,17,70,6,93,8,0,8,101
03/28/2008,ACT,TX,ASW,CE,Combined TRACON& Tower with Radar,0,21,55,0,76,0,2,2,0,4,0,23,57,0,80,0,0,0,80
03/29/2008,ACT,TX,ASW,CE,Combined TRACON& Tower with Radar,0,19,20,0,39,0,2,1,0,3,0,21,21,0,42,0,0,0,42
03/30/2008,ACT,TX,ASW,CE,Combined TRACON& Tower with Radar,0,16,14,0,30,0,1,12,0,13,0,17,26,0,43,0,0,0,43
03/31/2008,ACT,TX,ASW,CE,Combined TRACON& Tower with Radar,2,20,14,0,36,0,2,13,0,15,2,22,27,0,51,18,0,18,69
04/01/2008,ACT,TX,ASW,CE,Combined TRACON& Tower with Radar,0,23,27,0,50,0,4,10,0,14,0,27,37,0,64,22,0,22,86
04/02/2008,ACT,TX,ASW,CE,Combined TRACON& Tower with Radar,0,30,38,2,70,0,8,22,2,32,0,38,60,4,102,12,0,12,114
04/03/2008,ACT,TX,ASW,CE,Combined TRACON& Tower with Radar,0,25,31,12,68,0,3,10,0,13,0,28,41,12,81,26,0,26,107
04/04/2008,ACT,TX,ASW,CE,Combined TRACON& Tower with Radar,0,19,20,10,49,0,1,8,0,9,0,20,28,10,58,2,0,2,60
04/05/2008,ACT,TX,ASW,CE,Combined TRACON& Tower with Radar,0,24,19,1,44,0,10,40,1,51,0,34,59,2,95,14,0,14,109
04/06/2008,ACT,TX,ASW,CE,Combined TRACON& Tower with Radar,0,18,21,5,44,0,2,20,5,27,0,20,41,10,71,2,0,2,73
04/07/2008,ACT,TX,ASW,CE,Combined TRACON& Tower with Radar,0,40,49,0,89,0,0,30,0,30,0,40,79,0,119,45,0,45,164
04/08/2008,ACT,TX,ASW,CE,Combined TRACON& Tower with Radar,0,28,22,0,50,0,9,35,0,44,0,37,57,0,94,0,0,0,94
04/09/2008,ACT,TX,ASW,CE,Combined TRACON& Tower with Radar,0,17,27,2,46,0,0,3,0,3,0,17,30,2,49,0,0,0,49
04/10/2008,ACT,TX,ASW,CE,Combined TRACON& Tower with Radar,2,30,19,0,51,0,4,9,4,17,2,34,28,4,68,0,0,0,68
04/11/2008,ACT,TX,ASW,CE,Combined TRACON& Tower with Radar,0,30,55,7,92,0,2,21,1,24,0,32,76,8,116,0,0,0,116
04/12/2008,ACT,TX,ASW,CE,Combined TRACON& Tower with Radar,0,16,31,0,47,0,0,14,1,15,0,16,45,1,62,0,0,0,62
04/13/2008,ACT,TX,ASW,CE,Combined TRACON& Tower with Radar,2,18,15,0,35,0,0,10,0,10,2,18,25,0,45,0,0,0,45
04/14/2008,ACT,TX,ASW,CE,Combined TRACON& Tower with Radar,0,20,28,0,48,0,3,40,0,43,0,23,68,0,91,22,0,22,113
04/15/2008,ACT,TX,ASW,CE,Combined TRACON& Tower with Radar,0,20,30,4,54,0,10,38,5,53,0,30,68,9,107,12,0,12,119
04/16/2008,ACT,TX,ASW,CE,Combined TRACON& Tower with Radar,0,22,27,2,51,0,0,23,0,23,0,22,50,2,74,0,0,0,74
04/17/2008,ACT,TX,ASW,CE,Combined TRACON& Tower with Radar,0,21,38,0,59,0,1,17,0,18,0,22,55,0,77,0,0,0,77
04/18/2008,ACT,TX,ASW,CE,Combined TRACON& Tower with Radar,0,17,26,8,51,0,3,50,3,56,0,20,76,11,107,8,0,8,115
04/19/2008,ACT,TX,ASW,CE,Combined TRACON& Tower with Radar,0,13,14,0,27,0,0,34,1,35,0,13,48,1,62,10,0,10,72
04/20/2008,ACT,TX,ASW,CE,Combined TRACON& Tower with Radar,0,16,28,8,52,0,0,19,2,21,0,16,47,10,73,4,0,4,77
04/21/2008,ACT,TX,ASW,CE,Combined TRACON& Tower with Radar,1,21,20,0,42,0,0,9,3,12,1,21,29,3,54,6,0,6,60
04/22/2008,ACT,TX,ASW,CE,Combined TRACON& Tower with Radar,1,18,31,0,50,0,5,21,2,28,1,23,52,2,78,0,0,0,78
04/23/2008,ACT,TX,ASW,CE,Combined TRACON& Tower with Radar,0,24,22,5,51,0,6,5,6,17,0,30,27,11,68,0,8,8,76
04/24/2008,ACT,TX,ASW,CE,Combined TRACON& Tower with Radar,0,20,51,0,71,0,7,11,0,18,0,27,62,0,89,4,0,4,93
04/25/2008,ACT,TX,ASW,CE,Combined TRACON& Tower with Radar,0,29,25,0,54,0,5,18,0,23,0,34,43,0,77,6,0,6,83
04/26/2008,ACT,TX,ASW,CE,Combined TRACON& Tower with Radar,0,13,22,0,35,0,1,25,0,26,0,14,47,0,61,0,0,0,61
04/27/2008,ACT,TX,ASW,CE,Combined TRACON& Tower with Radar,0,19,23,4,46,0,0,11,2,13,0,19,34,6,59,2,0,2,61
04/28/2008,ACT,TX,ASW,CE,Combined TRACON& Tower with Radar,0,21,27,4,52,0,1,45,4,50,0,22,72,8,102,6,0,6,108
04/29/2008,ACT,TX,ASW,CE,Combined TRACON& Tower with Radar,0,19,50,6,75,0,1,43,5,49,0,20,93,11,124,18,0,18,142
04/30/2008,ACT,TX,ASW,CE,Combined TRACON& Tower with Radar,0,19,27,1,47,0,4,23,1,28,0,23,50,2,75,0,0,0,75
05/01/2008,ACT,TX,ASW,CE,Combined TRACON& Tower with Radar,0,19,35,4,58,0,2,26,0,28,0,21,61,4,86,2,0,2,88
05/02/2008,ACT,TX,ASW,CE,Combined TRACON& Tower with Radar,1,23,19,0,43,0,0,25,4,29,1,23,44,4,72,0,0,0,72
05/03/2008,ACT,TX,ASW,CE,Combined TRACON& Tower with Radar,0,14,18,0,32,0,1,7,0,8,0,15,25,0,40,0,0,0,40
05/04/2008,ACT,TX,ASW,CE,Combined TRACON& Tower with Radar,1,18,24,1,44,0,1,22,1,24,1,19,46,2,68,2,0,2,70
05/05/2008,ACT,TX,ASW,CE,Combined TRACON& Tower with Radar,0,21,17,0,38,0,0,6,0,6,0,21,23,0,44,0,0,0,44
05/06/2008,ACT,TX,ASW,CE,Combined TRACON& Tower with Radar,0,25,17,2,44,0,4,4,0,8,0,29,21,2,52,0,0,0,52
05/07/2008,ACT,TX,ASW,CE,Combined TRACON& Tower with Radar,0,20,17,2,39,0,4,16,0,20,0,24,33,2,59,6,0,6,65
05/08/2008,ACT,TX,ASW,CE,Combined TRACON& Tower with Radar,1,16,15,0,32,0,2,19,7,28,1,18,34,7,60,12,0,12,72
05/09/2008,ACT,TX,ASW,CE,Combined TRACON& Tower with Radar,0,22,25,4,51,0,0,11,0,11,0,22,36,4,62,0,0,0,62
05/10/2008,ACT,TX,ASW,CE,Combined TRACON& Tower with Radar,0,18,16,0,34,0,2,5,1,8,0,20,21,1,42,0,0,0,42
05/11/2008,ACT,TX,ASW,CE,Combined TRACON& Tower with Radar,1,17,12,0,30,0,1,13,2,16,1,18,25,2,46,6,0,6,52
05/12/2008,ACT,TX,ASW,CE,Combined TRACON& Tower with Radar,2,21,27,4,54,0,1,24,0,25,2,22,51,4,79,18,0,18,97
05/13/2008,ACT,TX,ASW,CE,Combined TRACON& Tower with Radar,0,23,30,3,56,0,2,17,0,19,0,25,47,3,75,18,0,18,93
05/14/2008,ACT,TX,ASW,CE,Combined TRACON& Tower with Radar,0,17,17,9,43,0,2,15,0,17,0,19,32,9,60,28,2,30,90
05/15/2008,ACT,TX,ASW,CE,Combined TRACON& Tower with Radar,0,18,38,1,57,0,0,22,1,23,0,18,60,2,80,18,2,20,100
05/16/2008,ACT,TX,ASW,CE,Combined TRACON& Tower with Radar,2,17,38,1,58,0,7,40,1,48,2,24,78,2,106,2,0,2,108
05/17/2008,ACT,TX,ASW,CE,Combined TRACON& Tower with Radar,0,15,29,4,48,0,1,36,2,39,0,16,65,6,87,2,0,2,89
05/18/2008,ACT,TX,ASW,CE,Combined TRACON& Tower with Radar,0,17,12,0,29,0,2,19,0,21,0,19,31,0,50,8,0,8,58
05/19/2008,ACT,TX,ASW,CE,Combined TRACON& Tower with Radar,0,19,37,2,58,0,8,24,2,34,0,27,61,4,92,8,0,8,100
05/20/2008,ACT,TX,ASW,CE,Combined TRACON& Tower with Radar,0,21,41,4,66,0,5,29,5,39,0,26,70,9,105,6,2,8,113
05/21/2008,ACT,TX,ASW,CE,Combined TRACON& Tower with Radar,0,21,41,4,66,0,6,18,0,24,0,27,59,4,90,14,0,14,104
05/22/2008,ACT,TX,ASW,CE,Combined TRACON& Tower with Radar,0,22,29,0,51,0,12,26,0,38,0,34,55,0,89,8,0,8,97
05/23/2008,ACT,TX,ASW,CE,Combined TRACON& Tower with Radar,0,19,34,1,54,0,3,20,0,23,0,22,54,1,77,6,2,8,85
05/24/2008,ACT,TX,ASW,CE,Combined TRACON& Tower with Radar,0,14,17,13,44,0,3,10,1,14,0,17,27,14,58,8,0,8,66
05/25/2008,ACT,TX,ASW,CE,Combined TRACON& Tower with Radar,0,17,11,0,28,0,1,15,0,16,0,18,26,0,44,4,0,4,48
05/26/2008,ACT,TX,ASW,CE,Combined TRACON& Tower with Radar,0,18,19,1,38,0,0,9,0,9,0,18,28,1,47,0,0,0,47
05/27/2008,ACT,TX,ASW,CE,Combined TRACON& Tower with Radar,0,19,23,6,48,0,4,5,1,10,0,23,28,7,58,8,0,8,66
05/28/2008,ACT,TX,ASW,CE,Combined TRACON& Tower with Radar,0,20,28,0,48,0,8,31,0,39,0,28,59,0,87,10,0,10,97
05/29/2008,ACT,TX,ASW,CE,Combined TRACON& Tower with Radar,0,21,45,3,69,0,0,37,3,40,0,21,82,6,109,4,0,4,113
05/30/2008,ACT,TX,ASW,CE,Combined TRACON& Tower with Radar,2,23,28,0,53,0,4,63,2,69,2,27,91,2,122,6,0,6,128
05/31/2008,ACT,TX,ASW,CE,Combined TRACON& Tower with Radar,0,15,12,7,34,0,1,23,1,25,0,16,35,8,59,20,0,20,79
06/01/2008,ACT,TX,ASW,CE,Combined TRACON& Tower with Radar,0,19,11,17,47,0,4,18,3,25,0,23,29,20,72,4,0,4,76
06/02/2008,ACT,TX,ASW,CE,Combined TRACON& Tower with Radar,2,21,25,0,48,0,7,22,0,29,2,28,47,0,77,23,0,23,100
06/03/2008,ACT,TX,ASW,CE,Combined TRACON& Tower with Radar,0,25,19,4,48,0,7,24,0,31,0,32,43,4,79,10,0,10,89
06/04/2008,ACT,TX,ASW,CE,Combined TRACON& Tower with Radar,0,20,23,10,53,0,1,28,1,30,0,21,51,11,83,20,0,20,103
06/05/2008,ACT,TX,ASW,CE,Combined TRACON& Tower with Radar,0,29,10,6,45,0,0,7,0,7,0,29,17,6,52,6,0,6,58
06/06/2008,ACT,TX,ASW,CE,Combined TRACON& Tower with Radar,0,28,32,17,77,0,1,18,1,20,0,29,50,18,97,0,0,0,97
06/07/2008,ACT,TX,ASW,CE,Combined TRACON& Tower with Radar,0,15,15,0,30,0,0,11,0,11,0,15,26,0,41,4,0,4,45
06/08/2008,ACT,TX,ASW,CE,Combined TRACON& Tower with Radar,0,18,28,3,49,0,6,12,2,20,0,24,40,5,69,0,2,2,71
06/09/2008,ACT,TX,ASW,CE,Combined TRACON& Tower with Radar,2,21,28,3,54,0,2,11,1,14,2,23,39,4,68,0,0,0,68
06/10/2008,ACT,TX,ASW,CE,Combined TRACON& Tower with Radar,0,23,20,2,45,0,3,22,2,27,0,26,42,4,72,0,2,2,74
06/11/2008,ACT,TX,ASW,CE,Combined TRACON& Tower with Radar,0,28,36,10,74,0,6,35,0,41,0,34,71,10,115,8,2,10,125
06/12/2008,ACT,TX,ASW,CE,Combined TRACON& Tower with Radar,0,27,30,21,78,0,2,36,3,41,0,29,66,24,119,12,0,12,131
06/13/2008,ACT,TX,ASW,CE,Combined TRACON& Tower with Radar,0,32,32,4,68,0,10,27,0,37,0,42,59,4,105,14,0,14,119
06/14/2008,ACT,TX,ASW,CE,Combined TRACON& Tower with Radar,0,21,17,12,50,0,2,21,2,25,0,23,38,14,75,0,8,8,83
06/15/2008,ACT,TX,ASW,CE,Combined TRACON& Tower with Radar,0,21,15,0,36,0,3,19,0,22,0,24,34,0,58,8,0,8,66
06/16/2008,ACT,TX,ASW,CE,Combined TRACON& Tower with Radar,0,27,39,4,70,0,9,24,0,33,0,36,63,4,103,14,0,14,117
06/17/2008,ACT,TX,ASW,CE,Combined TRACON& Tower with Radar,3,29,25,0,57,2,6,24,0,32,5,35,49,0,89,6,0,6,95
06/18/2008,ACT,TX,ASW,CE,Combined TRACON& Tower with Radar,0,32,37,0,69,0,12,25,0,37,0,44,62,0,106,6,0,6,112
06/19/2008,ACT,TX,ASW,CE,Combined TRACON& Tower with Radar,0,17,23,0,40,0,7,25,0,32,0,24,48,0,72,18,0,18,90
06/20/2008,ACT,TX,ASW,CE,Combined TRACON& Tower with Radar,0,22,21,6,49,0,1,24,6,31,0,23,45,12,80,8,8,16,96
06/21/2008,ACT,TX,ASW,CE,Combined TRACON& Tower with Radar,0,17,37,3,57,0,1,36,1,38,0,18,73,4,95,32,0,32,127
06/22/2008,ACT,TX,ASW,CE,Combined TRACON& Tower with Radar,0,21,17,15,53,0,1,39,2,42,0,22,56,17,95,8,2,10,105
06/23/2008,ACT,TX,ASW,CE,Combined TRACON& Tower with Radar,0,21,33,9,63,0,1,31,4,36,0,22,64,13,99,12,2,14,113
06/24/2008,ACT,TX,ASW,CE,Combined TRACON& Tower with Radar,0,19,28,2,49,0,0,34,0,34,0,19,62,2,83,4,0,4,87
06/25/2008,ACT,TX,ASW,CE,Combined TRACON& Tower with Radar,1,27,26,24,78,0,0,26,5,31,1,27,52,29,109,8,4,12,121
06/26/2008,ACT,TX,ASW,CE,Combined TRACON& Tower with Radar,1,27,30,13,71,0,0,20,0,20,1,27,50,13,91,4,2,6,97
06/27/2008,ACT,TX,ASW,CE,Combined TRACON& Tower with Radar,0,23,22,17,62,0,2,24,1,27,0,25,46,18,89,2,2,4,93
06/28/2008,ACT,TX,ASW,CE,Combined TRACON& Tower with Radar,4,17,12,34,67,0,1,23,8,32,4,18,35,42,99,4,10,14,113
06/29/2008,ACT,TX,ASW,CE,Combined TRACON& Tower with Radar,0,21,17,0,38,0,4,18,0,22,0,25,35,0,60,0,0,0,60
06/30/2008,ACT,TX,ASW,CE,Combined TRACON& Tower with Radar,0,23,25,0,48,0,3,13,0,16,0,26,38,0,64,18,0,18,82
07/01/2008,ACT,TX,ASW,CE,Combined TRACON& Tower with Radar,0,22,31,7,60,0,0,28,0,28,0,22,59,7,88,6,0,6,94
07/02/2008,ACT,TX,ASW,CE,Combined TRACON& Tower with Radar,4,19,29,0,52,0,0,27,0,27,4,19,56,0,79,10,0,10,89
07/03/2008,ACT,TX,ASW,CE,Combined TRACON& Tower with Radar,0,22,44,13,79,0,0,38,1,39,0,22,82,14,118,16,2,18,136
07/04/2008,ACT,TX,ASW,CE,Combined TRACON& Tower with Radar,0,17,18,0,35,0,1,15,0,16,0,18,33,0,51,16,0,16,67
07/05/2008,ACT,TX,ASW,CE,Combined TRACON& Tower with Radar,0,12,14,0,26,0,0,13,0,13,0,12,27,0,39,0,0,0,39
07/06/2008,ACT,TX,ASW,CE,Combined TRACON& Tower with Radar,0,19,6,2,27,0,0,9,1,10,0,19,15,3,37,10,4,14,51
07/07/2008,ACT,TX,ASW,CE,Combined TRACON& Tower with Radar,0,20,26,11,57,0,4,28,4,36,0,24,54,15,93,6,0,6,99
07/08/2008,ACT,TX,ASW,CE,Combined TRACON& Tower with Radar,0,24,28,15,67,0,6,7,2,15,0,30,35,17,82,0,2,2,84
07/09/2008,ACT,TX,ASW,CE,Combined TRACON& Tower with Radar,0,23,36,10,69,0,12,33,1,46,0,35,69,11,115,18,8,26,141
07/10/2008,ACT,TX,ASW,CE,Combined TRACON& Tower with Radar,0,19,44,0,63,0,5,74,0,79,0,24,118,0,142,4,0,4,146
07/11/2008,ACT,TX,ASW,CE,Combined TRACON& Tower with Radar,0,20,20,12,52,0,4,39,4,47,0,24,59,16,99,16,8,24,123
07/12/2008,ACT,TX,ASW,CE,Combined TRACON& Tower with Radar,0,14,14,3,31,0,0,30,1,31,0,14,44,4,62,0,0,0,62
07/13/2008,ACT,TX,ASW,CE,Combined TRACON& Tower with Radar,0,19,8,6,33,0,1,7,2,10,0,20,15,8,43,0,2,2,45
07/14/2008,ACT,TX,ASW,CE,Combined TRACON& Tower with Radar,0,20,11,3,34,0,6,20,3,29,0,26,31,6,63,2,0,2,65
07/15/2008,ACT,TX,ASW,CE,Combined TRACON& Tower with Radar,0,26,27,0,53,0,5,20,0,25,0,31,47,0,78,20,0,20,98
07/16/2008,ACT,TX,ASW,CE,Combined TRACON& Tower with Radar,0,19,39,0,58,0,3,32,0,35,0,22,71,0,93,4,0,4,97
07/17/2008,ACT,TX,ASW,CE,Combined TRACON& Tower with Radar,0,20,62,4,86,0,3,36,2,41,0,23,98,6,127,38,2,40,167
07/18/2008,ACT,TX,ASW,CE,Combined TRACON& Tower with Radar,2,27,18,13,60,0,5,25,5,35,2,32,43,18,95,0,0,0,95
07/19/2008,ACT,TX,ASW,CE,Combined TRACON& Tower with Radar,0,18,14,0,32,0,1,3,2,6,0,19,17,2,38,0,0,0,38
07/20/2008,ACT,TX,ASW,CE,Combined TRACON& Tower with Radar,2,15,6,6,29,0,1,1,2,4,2,16,7,8,33,0,2,2,35
07/21/2008,ACT,TX,ASW,CE,Combined TRACON& Tower with Radar,0,18,15,7,40,0,4,19,2,25,0,22,34,9,65,0,0,0,65
07/22/2008,ACT,TX,ASW,CE,Combined TRACON& Tower with Radar,0,22,31,0,53,0,6,34,1,41,0,28,65,1,94,4,0,4,98
07/23/2008,ACT,TX,ASW,CE,Combined TRACON& Tower with Radar,2,21,13,7,43,0,0,22,2,24,2,21,35,9,67,0,8,8,75
07/24/2008,ACT,TX,ASW,CE,Combined TRACON& Tower with Radar,0,17,19,1,37,0,0,14,0,14,0,17,33,1,51,4,0,4,55
07/25/2008,ACT,TX,ASW,CE,Combined TRACON& Tower with Radar,0,20,25,0,45,0,3,22,5,30,0,23,47,5,75,8,0,8,83
07/26/2008,ACT,TX,ASW,CE,Combined TRACON& Tower with Radar,2,15,7,0,24,0,0,10,4,14,2,15,17,4,38,14,0,14,52
07/27/2008,ACT,TX,ASW,CE,Combined TRACON& Tower with Radar,0,17,8,0,25,0,0,21,0,21,0,17,29,0,46,12,0,12,58
07/28/2008,ACT,TX,ASW,CE,Combined TRACON& Tower with Radar,0,20,16,0,36,0,4,20,0,24,0,24,36,0,60,24,0,24,84
07/29/2008,ACT,TX,ASW,CE,Combined TRACON& Tower with Radar,0,20,28,12,60,0,3,30,6,39,0,23,58,18,99,2,14,16,115
07/30/2008,ACT,TX,ASW,CE,Combined TRACON& Tower with Radar,0,23,22,4,49,0,4,25,2,31,0,27,47,6,80,20,0,20,100
07/31/2008,ACT,TX,ASW,CE,Combined TRACON& Tower with Radar,0,30,16,2,48,0,0,47,0,47,0,30,63,2,95,12,6,18,113
08/01/2008,ACT,TX,ASW,CE,Combined TRACON& Tower with Radar,0,19,26,0,45,0,5,21,0,26,0,24,47,0,71,0,0,0,71
08/02/2008,ACT,TX,ASW,CE,Combined TRACON& Tower with Radar,0,18,15,0,33,0,0,24,0,24,0,18,39,0,57,8,0,8,65
08/03/2008,ACT,TX,ASW,CE,Combined TRACON& Tower with Radar,0,18,11,0,29,0,2,14,0,16,0,20,25,0,45,0,0,0,45
08/04/2008,ACT,TX,ASW,CE,Combined TRACON& Tower with Radar,0,21,13,2,36,0,4,26,0,30,0,25,39,2,66,8,2,10,76
08/05/2008,ACT,TX,ASW,CE,Combined TRACON& Tower with Radar,0,17,15,0,32,0,8,22,0,30,0,25,37,0,62,4,0,4,66
08/06/2008,ACT,TX,ASW,CE,Combined TRACON& Tower with Radar,0,17,19,13,49,0,4,18,0,22,0,21,37,13,71,10,1,11,82
08/07/2008,ACT,TX,ASW,CE,Combined TRACON& Tower with Radar,0,21,17,10,48,0,8,28,6,42,0,29,45,16,90,26,0,26,116
08/08/2008,ACT,TX,ASW,CE,Combined TRACON& Tower with Radar,0,19,20,9,48,0,2,39,3,44,0,21,59,12,92,8,0,8,100
08/09/2008,ACT,TX,ASW,CE,Combined TRACON& Tower with Radar,0,15,6,0,21,0,1,21,0,22,0,16,27,0,43,20,0,20,63
08/10/2008,ACT,TX,ASW,CE,Combined TRACON& Tower with Radar,0,15,17,0,32,0,0,15,0,15,0,15,32,0,47,6,0,6,53
08/11/2008,ACT,TX,ASW,CE,Combined TRACON& Tower with Radar,0,21,20,5,46,0,0,16,2,18,0,21,36,7,64,14,0,14,78
08/12/2008,ACT,TX,ASW,CE,Combined TRACON& Tower with Radar,0,23,31,3,57,0,0,23,0,23,0,23,54,3,80,6,0,6,86
08/13/2008,ACT,TX,ASW,CE,Combined TRACON& Tower with Radar,0,21,16,0,37,0,5,23,0,28,0,26,39,0,65,8,0,8,73
08/14/2008,ACT,TX,ASW,CE,Combined TRACON& Tower with Radar,0,20,38,4,62,0,2,35,0,37,0,22,73,4,99,2,0,2,101
08/15/2008,ACT,TX,ASW,CE,Combined TRACON& Tower with Radar,0,24,28,6,58,0,0,10,5,15,0,24,38,11,73,8,0,8,81
08/16/2008,ACT,TX,ASW,CE,Combined TRACON& Tower with Radar,0,15,14,0,29,0,0,3,0,3,0,15,17,0,32,0,0,0,32
08/17/2008,ACT,TX,ASW,CE,Combined TRACON& Tower with Radar,0,17,11,4,32,0,1,6,2,9,0,18,17,6,41,0,0,0,41
08/18/2008,ACT,TX,ASW,CE,Combined TRACON& Tower with Radar,2,26,17,3,48,0,0,3,0,3,2,26,20,3,51,0,0,0,51
08/19/2008,ACT,TX,ASW,CE,Combined TRACON& Tower with Radar,1,27,12,1,41,0,0,0,2,2,1,27,12,3,43,0,0,0,43
08/20/2008,ACT,TX,ASW,CE,Combined TRACON& Tower with Radar,2,25,26,0,53,0,3,5,4,12,2,28,31,4,65,8,0,8,73
08/21/2008,ACT,TX,ASW,CE,Combined TRACON& Tower with Radar,0,22,28,0,50,0,0,4,0,4,0,22,32,0,54,0,0,0,54
08/22/2008,ACT,TX,ASW,CE,Combined TRACON& Tower with Radar,0,21,10,1,32,0,5,13,0,18,0,26,23,1,50,0,0,0,50
08/23/2008,ACT,TX,ASW,CE,Combined TRACON& Tower with Radar,0,17,10,0,27,0,1,10,1,12,0,18,20,1,39,0,0,0,39
08/24/2008,ACT,TX,ASW,CE,Combined TRACON& Tower with Radar,0,20,6,0,26,0,4,11,1,16,0,24,17,1,42,0,0,0,42
08/25/2008,ACT,TX,ASW,CE,Combined TRACON& Tower with Radar,0,27,16,0,43,0,0,14,0,14,0,27,30,0,57,0,0,0,57
08/26/2008,ACT,TX,ASW,CE,Combined TRACON& Tower with Radar,0,21,25,2,48,0,0,12,0,12,0,21,37,2,60,0,0,0,60
08/27/2008,ACT,TX,ASW,CE,Combined TRACON& Tower with Radar,2,23,36,2,63,0,2,22,4,28,2,25,58,6,91,30,12,42,133
08/28/2008,ACT,TX,ASW,CE,Combined TRACON& Tower with Radar,0,21,42,0,63,0,2,38,0,40,0,23,80,0,103,18,0,18,121
08/29/2008,ACT,TX,ASW,CE,Combined TRACON& Tower with Radar,3,25,42,0,70,0,3,52,0,55,3,28,94,0,125,12,0,12,137
08/30/2008,ACT,TX,ASW,CE,Combined TRACON& Tower with Radar,0,16,18,0,34,0,1,18,0,19,0,17,36,0,53,20,0,20,73
08/31/2008,ACT,TX,ASW,CE,Combined TRACON& Tower with Radar,0,14,7,2,23,0,4,28,0,32,0,18,35,2,55,20,0,20,75
09/01/2008,ACT,TX,ASW,CE,Combined TRACON& Tower with Radar,0,20,28,0,48,0,1,25,0,26,0,21,53,0,74,8,0,8,82
09/02/2008,ACT,TX,ASW,CE,Combined TRACON& Tower with Radar,0,21,11,0,32,0,0,13,0,13,0,21,24,0,45,10,0,10,55
09/03/2008,ACT,TX,ASW,CE,Combined TRACON& Tower with Radar,0,18,18,6,42,0,4,12,2,18,0,22,30,8,60,0,0,0,60
09/04/2008,ACT,TX,ASW,CE,Combined TRACON& Tower with Radar,0,17,25,9,51,0,2,33,7,42,0,19,58,16,93,24,0,24,117
09/05/2008,ACT,TX,ASW,CE,Combined TRACON& Tower with Radar,0,17,20,12,49,0,0,40,1,41,0,17,60,13,90,8,10,18,108
09/06/2008,ACT,TX,ASW,CE,Combined TRACON& Tower with Radar,0,12,21,2,35,0,2,27,1,30,0,14,48,3,65,40,0,40,105
09/07/2008,ACT,TX,ASW,CE,Combined TRACON& Tower with Radar,0,16,14,10,40,0,0,22,1,23,0,16,36,11,63,12,8,20,83
09/08/2008,ACT,TX,ASW,CE,Combined TRACON& Tower with Radar,0,20,27,16,63,0,1,26,4,31,0,21,53,20,94,10,0,10,104
09/09/2008,ACT,TX,ASW,CE,Combined TRACON& Tower with Radar,0,20,31,20,71,0,0,8,0,8,0,20,39,20,79,8,2,10,89
09/10/2008,ACT,TX,ASW,CE,Combined TRACON& Tower with Radar,0,23,46,21,90,0,2,17,0,19,0,25,63,21,109,24,0,24,133
09/11/2008,ACT,TX,ASW,CE,Combined TRACON& Tower with Radar,0,23,38,16,77,0,4,33,4,41,0,27,71,20,118,36,2,38,156
09/12/2008,ACT,TX,ASW,CE,Combined TRACON& Tower with Radar,1,13,28,22,64,0,10,19,0,29,1,23,47,22,93,6,10,16,109
09/13/2008,ACT,TX,ASW,CE,Combined TRACON& Tower with Radar,0,1,2,0,3,0,0,0,0,0,0,1,2,0,3,0,0,0,3
09/14/2008,ACT,TX,ASW,CE,Combined TRACON& Tower with Radar,1,7,7,0,15,0,1,13,0,14,1,8,20,0,29,24,0,24,53
09/15/2008,ACT,TX,ASW,CE,Combined TRACON& Tower with Radar,0,18,21,0,39,0,7,30,0,37,0,25,51,0,76,16,0,16,92
09/16/2008,ACT,TX,ASW,CE,Combined TRACON& Tower with Radar,0,15,34,0,49,0,5,37,0,42,0,20,71,0,91,4,0,4,95
09/17/2008,ACT,TX,ASW,CE,Combined TRACON& Tower with Radar,1,15,32,8,56,0,10,29,0,39,1,25,61,8,95,24,6,30,125
09/18/2008,ACT,TX,ASW,CE,Combined TRACON& Tower with Radar,1,19,34,0,54,0,5,38,0,43,1,24,72,0,97,26,0,26,123
09/19/2008,ACT,TX,ASW,CE,Combined TRACON& Tower with Radar,0,22,13,2,37,0,2,51,3,56,0,24,64,5,93,32,0,32,125
09/20/2008,ACT,TX,ASW,CE,Combined TRACON& Tower with Radar,1,13,30,2,46,0,0,32,0,32,1,13,62,2,78,6,0,6,84
09/21/2008,ACT,TX,ASW,CE,Combined TRACON& Tower with Radar,0,13,26,4,43,0,0,33,0,33,0,13,59,4,76,8,0,8,84
09/22/2008,ACT,TX,ASW,CE,Combined TRACON& Tower with Radar,0,17,42,1,60,0,2,30,1,33,0,19,72,2,93,0,0,0,93
09/23/2008,ACT,TX,ASW,CE,Combined TRACON& Tower with Radar,2,25,13,14,54,0,0,20,1,21,2,25,33,15,75,8,2,10,85
09/24/2008,ACT,TX,ASW,CE,Combined TRACON& Tower with Radar,0,22,27,9,58,0,0,37,2,39,0,22,64,11,97,7,0,7,104
09/25/2008,ACT,TX,ASW,CE,Combined TRACON& Tower with Radar,0,19,32,2,53,0,6,35,2,43,0,25,67,4,96,38,0,38,134
09/26/2008,ACT,TX,ASW,CE,Combined TRACON& Tower with Radar,2,21,43,2,68,0,6,46,0,52,2,27,89,2,120,30,0,30,150
09/27/2008,ACT,TX,ASW,CE,Combined TRACON& Tower with Radar,0,13,5,4,22,0,0,19,0,19,0,13,24,4,41,0,0,0,41
09/28/2008,ACT,TX,ASW,CE,Combined TRACON& Tower with Radar,0,16,10,10,36,0,0,23,3,26,0,16,33,13,62,9,0,9,71
09/29/2008,ACT,TX,ASW,CE,Combined TRACON& Tower with Radar,0,19,16,11,46,0,11,20,0,31,0,30,36,11,77,4,0,4,81
09/30/2008,ACT,TX,ASW,CE,Combined TRACON& Tower with Radar,0,17,31,4,52,0,3,52,0,55,0,20,83,4,107,12,0,12,119
10/01/2008,ACT,TX,ASW,CE,Combined TRACON& Tower with Radar,0,14,16,0,30,0,2,35,0,37,0,16,51,0,67,40,0,40,107
10/02/2008,ACT,TX,ASW,CE,Combined TRACON& Tower with Radar,0,17,40,17,74,0,2,39,0,41,0,19,79,17,115,26,0,26,141
10/03/2008,ACT,TX,ASW,CE,Combined TRACON& Tower with Radar,2,20,23,13,58,0,5,25,6,36,2,25,48,19,94,0,0,0,94
10/04/2008,ACT,TX,ASW,CE,Combined TRACON& Tower with Radar,2,18,37,0,57,0,0,12,2,14,2,18,49,2,71,0,0,0,71
10/05/2008,ACT,TX,ASW,CE,Combined TRACON& Tower with Radar,0,18,15,0,33,0,1,4,2,7,0,19,19,2,40,0,0,0,40
10/06/2008,ACT,TX,ASW,CE,Combined TRACON& Tower with Radar,2,16,8,2,28,0,0,3,0,3,2,16,11,2,31,4,0,4,35
10/07/2008,ACT,TX,ASW,CE,Combined TRACON& Tower with Radar,0,15,15,4,34,0,3,41,0,44,0,18,56,4,78,24,0,24,102
10/08/2008,ACT,TX,ASW,CE,Combined TRACON& Tower with Radar,0,15,25,6,46,0,5,47,0,52,0,20,72,6,98,8,0,8,106
10/09/2008,ACT,TX,ASW,CE,Combined TRACON& Tower with Radar,0,20,27,1,48,0,4,39,1,44,0,24,66,2,92,20,10,30,122
10/10/2008,ACT,TX,ASW,CE,Combined TRACON& Tower with Radar,1,21,33,3,58,0,0,60,1,61,1,21,93,4,119,14,0,14,133
10/11/2008,ACT,TX,ASW,CE,Combined TRACON& Tower with Radar,0,16,20,0,36,0,0,14,0,14,0,16,34,0,50,6,0,6,56
10/12/2008,ACT,TX,ASW,CE,Combined TRACON& Tower with Radar,1,17,17,0,35,0,0,19,0,19,1,17,36,0,54,0,0,0,54
10/13/2008,ACT,TX,ASW,CE,Combined TRACON& Tower with Radar,0,16,44,0,60,0,0,16,0,16,0,16,60,0,76,12,0,12,88
10/14/2008,ACT,TX,ASW,CE,Combined TRACON& Tower with Radar,0,15,42,1,58,1,0,21,1,23,1,15,63,2,81,14,0,14,95
10/15/2008,ACT,TX,ASW,CE,Combined TRACON& Tower with Radar,0,20,20,2,42,0,0,1,0,1,0,20,21,2,43,0,0,0,43
10/16/2008,ACT,TX,ASW,CE,Combined TRACON& Tower with Radar,0,17,36,14,67,0,1,7,1,9,0,18,43,15,76,22,0,22,98
10/17/2008,ACT,TX,ASW,CE,Combined TRACON& Tower with Radar,1,15,20,6,42,0,2,27,0,29,1,17,47,6,71,16,0,16,87
10/18/2008,ACT,TX,ASW,CE,Combined TRACON& Tower with Radar,2,13,19,5,39,0,1,57,2,60,2,14,76,7,99,36,6,42,141
10/19/2008,ACT,TX,ASW,CE,Combined TRACON& Tower with Radar,0,17,13,6,36,0,1,38,0,39,0,18,51,6,75,6,4,10,85
10/20/2008,ACT,TX,ASW,CE,Combined TRACON& Tower with Radar,0,15,31,3,49,0,18,34,0,52,0,33,65,3,101,16,0,16,117
10/21/2008,ACT,TX,ASW,CE,Combined TRACON& Tower with Radar,0,13,18,2,33,0,2,36,0,38,0,15,54,2,71,2,0,2,73
10/22/2008,ACT,TX,ASW,CE,Combined TRACON& Tower with Radar,0,14,29,5,48,0,1,9,2,12,0,15,38,7,60,0,0,0,60
10/23/2008,ACT,TX,ASW,CE,Combined TRACON& Tower with Radar,0,18,20,6,44,0,2,36,2,40,0,20,56,8,84,32,0,32,116
10/24/2008,ACT,TX,ASW,CE,Combined TRACON& Tower with Radar,1,18,16,0,35,0,4,57,1,62,1,22,73,1,97,6,0,6,103
10/25/2008,ACT,TX,ASW,CE,Combined TRACON& Tower with Radar,2,16,12,4,34,0,0,27,0,27,2,16,39,4,61,16,0,16,77
10/26/2008,ACT,TX,ASW,CE,Combined TRACON& Tower with Radar,0,14,15,0,29,0,2,18,0,20,0,16,33,0,49,0,0,0,49
10/27/2008,ACT,TX,ASW,CE,Combined TRACON& Tower with Radar,0,16,28,2,46,0,0,34,0,34,0,16,62,2,80,16,0,16,96
10/28/2008,ACT,TX,ASW,CE,Combined TRACON& Tower with Radar,0,15,50,2,67,0,1,44,0,45,0,16,94,2,112,18,0,18,130
10/29/2008,ACT,TX,ASW,CE,Combined TRACON& Tower with Radar,0,17,41,0,58,0,6,55,0,61,0,23,96,0,119,42,0,42,161
10/30/2008,ACT,TX,ASW,CE,Combined TRACON& Tower with Radar,0,16,38,4,58,0,3,28,0,31,0,19,66,4,89,0,0,0,89
10/31/2008,ACT,TX,ASW,CE,Combined TRACON& Tower with Radar,2,17,40,0,59,1,0,38,0,39,3,17,78,0,98,0,0,0,98
11/01/2008,ACT,TX,ASW,CE,Combined TRACON& Tower with Radar,2,14,17,0,33,0,0,35,0,35,2,14,52,0,68,2,0,2,70
11/02/2008,ACT,TX,ASW,CE,Combined TRACON& Tower with Radar,0,15,29,0,44,0,0,25,0,25,0,15,54,0,69,2,0,2,71
11/03/2008,ACT,TX,ASW,CE,Combined TRACON& Tower with Radar,0,15,25,29,69,0,4,26,2,32,0,19,51,31,101,14,8,22,123
11/04/2008,ACT,TX,ASW,CE,Combined TRACON& Tower with Radar,0,12,35,0,47,0,5,23,0,28,0,17,58,0,75,12,0,12,87
11/05/2008,ACT,TX,ASW,CE,Combined TRACON& Tower with Radar,0,17,41,1,59,0,0,25,0,25,0,17,66,1,84,14,0,14,98
11/06/2008,ACT,TX,ASW,CE,Combined TRACON& Tower with Radar,0,16,48,5,69,0,0,62,2,64,0,16,110,7,133,24,0,24,157
11/07/2008,ACT,TX,ASW,CE,Combined TRACON& Tower with Radar,0,19,16,17,52,0,6,63,6,75,0,25,79,23,127,22,8,30,157
11/08/2008,ACT,TX,ASW,CE,Combined TRACON& Tower with Radar,0,13,20,0,33,0,1,32,0,33,0,14,52,0,66,18,0,18,84
11/09/2008,ACT,TX,ASW,CE,Combined TRACON& Tower with Radar,0,13,18,0,31,0,0,38,0,38,0,13,56,0,69,8,0,8,77
11/10/2008,ACT,TX,ASW,CE,Combined TRACON& Tower with Radar,0,19,34,4,57,0,2,4,0,6,0,21,38,4,63,4,0,4,67
11/11/2008,ACT,TX,ASW,CE,Combined TRACON& Tower with Radar,2,12,24,0,38,0,3,10,0,13,2,15,34,0,51,10,0,10,61
11/12/2008,ACT,TX,ASW,CE,Combined TRACON& Tower with Radar,0,15,32,2,49,0,1,12,0,13,0,16,44,2,62,26,10,36,98
11/13/2008,ACT,TX,ASW,CE,Combined TRACON& Tower with Radar,0,17,29,10,56,0,1,26,0,27,0,18,55,10,83,18,0,18,101
11/14/2008,ACT,TX,ASW,CE,Combined TRACON& Tower with Radar,2,16,37,12,67,0,0,21,0,21,2,16,58,12,88,4,0,4,92
11/15/2008,ACT,TX,ASW,CE,Combined TRACON& Tower with Radar,0,16,24,7,47,0,0,32,0,32,0,16,56,7,79,10,0,10,89
11/16/2008,ACT,TX,ASW,CE,Combined TRACON& Tower with Radar,0,13,24,0,37,0,0,54,0,54,0,13,78,0,91,21,1,22,113
11/17/2008,ACT,TX,ASW,CE,Combined TRACON& Tower with Radar,0,17,54,0,71,0,9,37,0,46,0,26,91,0,117,6,0,6,123
11/18/2008,ACT,TX,ASW,CE,Combined TRACON& Tower with Radar,0,13,29,3,45,0,7,44,1,52,0,20,73,4,97,34,14,48,145
11/19/2008,ACT,TX,ASW,CE,Combined TRACON& Tower with Radar,0,14,47,7,68,0,4,33,1,38,0,18,80,8,106,6,0,6,112
11/20/2008,ACT,TX,ASW,CE,Combined TRACON& Tower with Radar,0,21,27,19,67,0,2,23,0,25,0,23,50,19,92,6,2,8,100
11/21/2008,ACT,TX,ASW,CE,Combined TRACON& Tower with Radar,0,19,27,28,74,0,1,35,0,36,0,20,62,28,110,36,14,50,160
11/22/2008,ACT,TX,ASW,CE,Combined TRACON& Tower with Radar,0,12,34,20,66,0,1,18,5,24,0,13,52,25,90,18,0,18,108
11/23/2008,ACT,TX,ASW,CE,Combined TRACON& Tower with Radar,0,13,13,0,26,0,0,5,0,5,0,13,18,0,31,0,0,0,31
11/24/2008,ACT,TX,ASW,CE,Combined TRACON& Tower with Radar,0,13,16,6,35,0,0,22,0,22,0,13,38,6,57,22,0,22,79
11/25/2008,ACT,TX,ASW,CE,Combined TRACON& Tower with Radar,2,19,36,9,66,0,0,42,11,53,2,19,78,20,119,16,22,38,157
11/26/2008,ACT,TX,ASW,CE,Combined TRACON& Tower with Radar,1,17,29,0,47,0,0,25,1,26,1,17,54,1,73,0,0,0,73
11/27/2008,ACT,TX,ASW,CE,Combined TRACON& Tower with Radar,2,13,0,0,15,0,0,4,0,4,2,13,4,0,19,0,0,0,19
11/28/2008,ACT,TX,ASW,CE,Combined TRACON& Tower with Radar,1,13,8,0,22,0,1,7,0,8,1,14,15,0,30,0,0,0,30
11/29/2008,ACT,TX,ASW,CE,Combined TRACON& Tower with Radar,3,14,14,0,31,0,0,13,0,13,3,14,27,0,44,0,0,0,44
11/30/2008,ACT,TX,ASW,CE,Combined TRACON& Tower with Radar,1,22,20,0,43,0,0,11,0,11,1,22,31,0,54,0,0,0,54
12/01/2008,ACT,TX,ASW,CE,Combined TRACON& Tower with Radar,0,14,18,0,32,0,2,24,0,26,0,16,42,0,58,24,0,24,82
12/02/2008,ACT,TX,ASW,CE,Combined TRACON& Tower with Radar,0,12,20,0,32,0,4,25,0,29,0,16,45,0,61,0,0,0,61
12/03/2008,ACT,TX,ASW,CE,Combined TRACON& Tower with Radar,0,11,21,7,39,0,5,15,0,20,0,16,36,7,59,0,0,0,59
12/04/2008,ACT,TX,ASW,CE,Combined TRACON& Tower with Radar,0,16,15,2,33,0,4,26,0,30,0,20,41,2,63,8,0,8,71
12/05/2008,ACT,TX,ASW,CE,Combined TRACON& Tower with Radar,0,15,20,2,37,0,4,42,0,46,0,19,62,2,83,18,0,18,101
12/06/2008,ACT,TX,ASW,CE,Combined TRACON& Tower with Radar,0,13,9,0,22,0,0,46,0,46,0,13,55,0,68,6,0,6,74
12/07/2008,ACT,TX,ASW,CE,Combined TRACON& Tower with Radar,0,14,17,2,33,0,1,28,1,30,0,15,45,3,63,8,0,8,71
12/08/2008,ACT,TX,ASW,CE,Combined TRACON& Tower with Radar,0,21,38,20,79,0,0,6,0,6,0,21,44,20,85,0,0,0,85
12/09/2008,ACT,TX,ASW,CE,Combined TRACON& Tower with Radar,0,13,14,3,30,0,1,16,1,18,0,14,30,4,48,12,0,12,60
12/10/2008,ACT,TX,ASW,CE,Combined TRACON& Tower with Radar,0,12,17,7,36,0,7,33,0,40,0,19,50,7,76,2,2,4,80
12/11/2008,ACT,TX,ASW,CE,Combined TRACON& Tower with Radar,0,14,39,10,63,0,11,49,1,61,0,25,88,11,124,10,0,10,134
12/12/2008,ACT,TX,ASW,CE,Combined TRACON& Tower with Radar,0,15,25,24,64,0,0,32,2,34,0,15,57,26,98,28,0,28,126
12/13/2008,ACT,TX,ASW,CE,Combined TRACON& Tower with Radar,2,13,13,0,28,0,1,23,0,24,2,14,36,0,52,12,0,12,64
12/14/2008,ACT,TX,ASW,CE,Combined TRACON& Tower with Radar,0,13,17,9,39,0,2,9,4,15,0,15,26,13,54,0,0,0,54
12/15/2008,ACT,TX,ASW,CE,Combined TRACON& Tower with Radar,0,17,29,2,48,0,2,13,0,15,0,19,42,2,63,8,0,8,71
12/16/2008,ACT,TX,ASW,CE,Combined TRACON& Tower with Radar,0,14,17,5,36,0,0,0,0,0,0,14,17,5,36,0,0,0,36
12/17/2008,ACT,TX,ASW,CE,Combined TRACON& Tower with Radar,0,18,28,5,51,0,0,0,0,0,0,18,28,5,51,0,0,0,51
12/18/2008,ACT,TX,ASW,CE,Combined TRACON& Tower with Radar,2,7,16,0,25,0,0,0,0,0,2,7,16,0,25,0,0,0,25
12/19/2008,ACT,TX,ASW,CE,Combined TRACON& Tower with Radar,0,17,31,2,50,0,11,43,0,54,0,28,74,2,104,8,0,8,112
12/20/2008,ACT,TX,ASW,CE,Combined TRACON& Tower with Radar,0,13,26,2,41,0,0,17,0,17,0,13,43,2,58,10,0,10,68
12/21/2008,ACT,TX,ASW,CE,Combined TRACON& Tower with Radar,0,13,5,0,18,0,1,11,0,12,0,14,16,0,30,0,0,0,30
12/22/2008,ACT,TX,ASW,CE,Combined TRACON& Tower with Radar,0,19,16,0,35,0,0,19,0,19,0,19,35,0,54,6,0,6,60
12/23/2008,ACT,TX,ASW,CE,Combined TRACON& Tower with Radar,0,19,10,2,31,0,0,0,0,0,0,19,10,2,31,0,0,0,31
12/24/2008,ACT,TX,ASW,CE,Combined TRACON& Tower with Radar,0,14,4,2,20,0,7,16,0,23,0,21,20,2,43,4,0,4,47
12/25/2008,ACT,TX,ASW,CE,Combined TRACON& Tower with Radar,0,14,1,0,15,0,1,2,0,3,0,15,3,0,18,0,0,0,18
12/26/2008,ACT,TX,ASW,CE,Combined TRACON& Tower with Radar,0,16,5,0,21,0,0,1,2,3,0,16,6,2,24,0,0,0,24
12/27/2008,ACT,TX,ASW,CE,Combined TRACON& Tower with Radar,3,19,2,0,24,0,0,3,4,7,3,19,5,4,31,0,0,0,31
12/28/2008,ACT,TX,ASW,CE,Combined TRACON& Tower with Radar,0,13,7,0,20,0,1,12,5,18,0,14,19,5,38,0,2,2,40
12/29/2008,ACT,TX,ASW,CE,Combined TRACON& Tower with Radar,0,17,14,0,31,0,0,9,0,9,0,17,23,0,40,0,0,0,40
12/30/2008,ACT,TX,ASW,CE,Combined TRACON& Tower with Radar,0,18,19,0,37,0,1,4,0,5,0,19,23,0,42,0,0,0,42
12/31/2008,ACT,TX,ASW,CE,Combined TRACON& Tower with Radar,0,15,16,0,31,0,2,12,3,17,0,17,28,3,48,0,0,0,48
01/01/2009,ACT,TX,ASW,CE,Combined TRACON& Tower with Radar,0,15,7,1,23,0,1,12,4,17,0,16,19,5,40,0,0,0,40
01/02/2009,ACT,TX,ASW,CE,Combined TRACON& Tower with Radar,0,17,14,0,31,0,2,17,0,19,0,19,31,0,50,14,0,14,64
01/03/2009,ACT,TX,ASW,CE,Combined TRACON& Tower with Radar,0,12,15,0,27,0,9,14,3,26,0,21,29,3,53,2,0,2,55
01/04/2009,ACT,TX,ASW,CE,Combined TRACON& Tower with Radar,0,14,13,0,27,0,0,5,0,5,0,14,18,0,32,0,0,0,32
01/05/2009,ACT,TX,ASW,CE,Combined TRACON& Tower with Radar,0,12,3,0,15,0,0,0,0,0,0,12,3,0,15,0,0,0,15
01/06/2009,ACT,TX,ASW,CE,Combined TRACON& Tower with Radar,0,16,14,4,34,0,10,8,4,22,0,26,22,8,56,4,8,12,68
01/07/2009,ACT,TX,ASW,CE,Combined TRACON& Tower with Radar,0,14,11,29,54,0,4,28,3,35,0,18,39,32,89,4,8,12,101
01/08/2009,ACT,TX,ASW,CE,Combined TRACON& Tower with Radar,0,15,18,4,37,0,6,24,0,30,0,21,42,4,67,16,0,16,83
01/09/2009,ACT,TX,ASW,CE,Combined TRACON& Tower with Radar,0,16,10,9,35,0,4,7,1,12,0,20,17,10,47,0,0,0,47
01/10/2009,ACT,TX,ASW,CE,Combined TRACON& Tower with Radar,0,10,7,5,22,0,2,6,2,10,0,12,13,7,32,2,0,2,34
01/11/2009,ACT,TX,ASW,CE,Combined TRACON& Tower with Radar,0,13,13,3,29,0,3,42,6,51,0,16,55,9,80,24,0,24,104
01/12/2009,ACT,TX,ASW,CE,Combined TRACON& Tower with Radar,0,15,22,7,44,0,2,37,0,39,0,17,59,7,83,24,0,24,107
01/13/2009,ACT,TX,ASW,CE,Combined TRACON& Tower with Radar,0,12,20,0,32,0,2,24,8,34,0,14,44,8,66,18,0,18,84
01/14/2009,ACT,TX,ASW,CE,Combined TRACON& Tower with Radar,0,13,15,4,32,0,5,30,4,39,0,18,45,8,71,18,0,18,89
01/15/2009,ACT,TX,ASW,CE,Combined TRACON& Tower with Radar,0,14,11,3,28,0,3,18,0,21,0,17,29,3,49,0,0,0,49
01/16/2009,ACT,TX,ASW,CE,Combined TRACON& Tower with Radar,0,20,24,2,46,0,7,26,0,33,0,27,50,2,79,0,0,0,79
01/17/2009,ACT,TX,ASW,CE,Combined TRACON& Tower with Radar,0,12,23,1,36,0,4,13,4,21,0,16,36,5,57,30,0,30,87
01/18/2009,ACT,TX,ASW,CE,Combined TRACON& Tower with Radar,0,14,16,0,30,0,1,21,0,22,0,15,37,0,52,14,0,14,66
01/19/2009,ACT,TX,ASW,CE,Combined TRACON& Tower with Radar,0,14,11,0,25,0,4,18,1,23,0,18,29,1,48,6,0,6,54
01/20/2009,ACT,TX,ASW,CE,Combined TRACON& Tower with Radar,0,15,12,1,28,0,0,28,3,31,0,15,40,4,59,14,8,22,81
01/21/2009,ACT,TX,ASW,CE,Combined TRACON& Tower with Radar,0,16,20,6,42,0,2,49,0,51,0,18,69,6,93,64,0,64,157
01/22/2009,ACT,TX,ASW,CE,Combined TRACON& Tower with Radar,0,15,25,4,44,0,4,34,0,38,0,19,59,4,82,2,2,4,86
01/23/2009,ACT,TX,ASW,CE,Combined TRACON& Tower with Radar,0,16,18,10,44,0,4,37,0,41,0,20,55,10,85,30,0,30,115
01/24/2009,ACT,TX,ASW,CE,Combined TRACON& Tower with Radar,0,12,10,5,27,0,2,7,0,9,0,14,17,5,36,0,4,4,40
01/25/2009,ACT,TX,ASW,CE,Combined TRACON& Tower with Radar,0,18,27,0,45,0,0,11,0,11,0,18,38,0,56,2,0,2,58
01/26/2009,ACT,TX,ASW,CE,Combined TRACON& Tower with Radar,0,11,3,0,14,0,0,0,0,0,0,11,3,0,14,0,0,0,14
01/27/2009,ACT,TX,ASW,CE,Combined TRACON& Tower with Radar,0,12,5,0,17,0,0,0,0,0,0,12,5,0,17,0,0,0,17
01/28/2009,ACT,TX,ASW,CE,Combined TRACON& Tower with Radar,0,21,17,3,41,0,9,30,0,39,0,30,47,3,80,12,0,12,92
01/29/2009,ACT,TX,ASW,CE,Combined TRACON& Tower with Radar,1,19,40,3,63,0,2,30,2,34,1,21,70,5,97,12,0,12,109
01/30/2009,ACT,TX,ASW,CE,Combined TRACON& Tower with Radar,0,17,16,4,37,0,2,46,0,48,0,19,62,4,85,52,0,52,137
01/31/2009,ACT,TX,ASW,CE,Combined TRACON& Tower with Radar,0,13,15,8,36,0,3,49,0,52,0,16,64,8,88,16,0,16,104
02/01/2009,ACT,TX,ASW,CE,Combined TRACON& Tower with Radar,1,15,7,9,32,0,0,19,4,23,1,15,26,13,55,0,4,4,59
02/02/2009,ACT,TX,ASW,CE,Combined TRACON& Tower with Radar,0,21,28,1,50,0,7,26,3,36,0,28,54,4,86,8,0,8,94
02/03/2009,ACT,TX,ASW,CE,Combined TRACON& Tower with Radar,0,15,30,5,50,0,4,34,0,38,0,19,64,5,88,28,0,28,116
02/04/2009,ACT,TX,ASW,CE,Combined TRACON& Tower with Radar,0,16,11,9,36,0,10,53,1,64,0,26,64,10,100,64,0,64,164
02/05/2009,ACT,TX,ASW,CE,Combined TRACON& Tower with Radar,0,17,26,7,50,0,7,26,1,34,0,24,52,8,84,16,8,24,108
02/06/2009,ACT,TX,ASW,CE,Combined TRACON& Tower with Radar,0,18,16,4,38,0,6,6,0,12,0,24,22,4,50,0,0,0,50
02/07/2009,ACT,TX,ASW,CE,Combined TRACON& Tower with Radar,0,13,18,13,44,0,2,11,0,13,0,15,29,13,57,0,0,0,57
02/08/2009,ACT,TX,ASW,CE,Combined TRACON& Tower with Radar,0,16,11,4,31,0,0,2,0,2,0,16,13,4,33,2,0,2,35
02/09/2009,ACT,TX,ASW,CE,Combined TRACON& Tower with Radar,0,17,27,5,49,0,4,15,0,19,0,21,42,5,68,0,0,0,68
02/10/2009,ACT,TX,ASW,CE,Combined TRACON& Tower with Radar,1,19,23,0,43,0,0,1,0,1,1,19,24,0,44,0,0,0,44
02/11/2009,ACT,TX,ASW,CE,Combined TRACON& Tower with Radar,0,17,21,7,45,0,8,44,1,53,0,25,65,8,98,30,2,32,130
02/12/2009,ACT,TX,ASW,CE,Combined TRACON& Tower with Radar,0,17,14,0,31,0,4,17,0,21,0,21,31,0,52,10,0,10,62
02/13/2009,ACT,TX,ASW,CE,Combined TRACON& Tower with Radar,0,15,29,0,44,0,0,14,0,14,0,15,43,0,58,2,0,2,60
02/14/2009,ACT,TX,ASW,CE,Combined TRACON& Tower with Radar,2,11,20,11,44,0,1,8,1,10,2,12,28,12,54,36,0,36,90
02/15/2009,ACT,TX,ASW,CE,Combined TRACON& Tower with Radar,0,15,7,0,22,0,2,28,0,30,0,17,35,0,52,4,0,4,56
02/16/2009,ACT,TX,ASW,CE,Combined TRACON& Tower with Radar,0,14,22,0,36,0,2,22,3,27,0,16,44,3,63,44,0,44,107
02/17/2009,ACT,TX,ASW,CE,Combined TRACON& Tower with Radar,0,15,40,0,55,0,0,4,0,4,0,15,44,0,59,8,0,8,67
02/18/2009,ACT,TX,ASW,CE,Combined TRACON& Tower with Radar,0,14,33,22,69,0,8,37,0,45,0,22,70,22,114,18,6,24,138
02/19/2009,ACT,TX,ASW,CE,Combined TRACON& Tower with Radar,0,16,20,5,41,0,1,32,0,33,0,17,52,5,74,22,0,22,96
02/20/2009,ACT,TX,ASW,CE,Combined TRACON& Tower with Radar,0,15,14,1,30,0,4,41,0,45,0,19,55,1,75,12,0,12,87
02/21/2009,ACT,TX,ASW,CE,Combined TRACON& Tower with Radar,0,11,10,8,29,0,2,13,1,16,0,13,23,9,45,14,0,14,59
02/22/2009,ACT,TX,ASW,CE,Combined TRACON& Tower with Radar,0,14,20,2,36,0,0,49,1,50,0,14,69,3,86,18,0,18,104
02/23/2009,ACT,TX,ASW,CE,Combined TRACON& Tower with Radar,0,17,22,2,41,0,8,22,2,32,0,25,44,4,73,48,0,48,121
02/24/2009,ACT,TX,ASW,CE,Combined TRACON& Tower with Radar,0,14,11,9,34,0,4,20,0,24,0,18,31,9,58,14,0,14,72
02/25/2009,ACT,TX,ASW,CE,Combined TRACON& Tower with Radar,0,14,29,8,51,0,1,18,2,21,0,15,47,10,72,0,0,0,72
02/26/2009,ACT,TX,ASW,CE,Combined TRACON& Tower with Radar,0,15,29,6,50,0,6,20,0,26,0,21,49,6,76,32,4,36,112
02/27/2009,ACT,TX,ASW,CE,Combined TRACON& Tower with Radar,0,15,32,3,50,0,0,31,1,32,0,15,63,4,82,42,0,42,124
02/28/2009,ACT,TX,ASW,CE,Combined TRACON& Tower with Radar,0,10,5,1,16,0,0,5,1,6,0,10,10,2,22,0,0,0,22
03/01/2009,ACT,TX,ASW,CE,Combined TRACON& Tower with Radar,0,14,8,5,27,0,2,47,0,49,0,16,55,5,76,8,0,8,84
03/02/2009,ACT,TX,ASW,CE,Combined TRACON& Tower with Radar,0,18,14,2,34,0,3,44,0,47,0,21,58,2,81,50,0,50,131
03/03/2009,ACT,TX,ASW,CE,Combined TRACON& Tower with Radar,0,14,34,0,48,0,13,30,0,43,0,27,64,0,91,42,0,42,133
03/04/2009,ACT,TX,ASW,CE,Combined TRACON& Tower with Radar,0,13,48,3,64,0,2,30,2,34,0,15,78,5,98,84,0,84,182
03/05/2009,ACT,TX,ASW,CE,Combined TRACON& Tower with Radar,0,17,20,0,37,0,5,23,5,33,0,22,43,5,70,20,6,26,96
03/06/2009,ACT,TX,ASW,CE,Combined TRACON& Tower with Radar,0,21,13,3,37,0,4,24,0,28,0,25,37,3,65,0,0,0,65
03/07/2009,ACT,TX,ASW,CE,Combined TRACON& Tower with Radar,0,12,10,9,31,0,2,6,2,10,0,14,16,11,41,32,0,32,73
03/08/2009,ACT,TX,ASW,CE,Combined TRACON& Tower with Radar,0,14,11,9,34,0,0,13,0,13,0,14,24,9,47,6,0,6,53
03/09/2009,ACT,TX,ASW,CE,Combined TRACON& Tower with Radar,0,16,24,4,44,0,0,11,0,11,0,16,35,4,55,2,0,2,57
03/10/2009,ACT,TX,ASW,CE,Combined TRACON& Tower with Radar,0,14,28,0,42,0,6,20,2,28,0,20,48,2,70,30,0,30,100
03/11/2009,ACT,TX,ASW,CE,Combined TRACON& Tower with Radar,0,14,16,0,30,0,0,0,0,0,0,14,16,0,30,0,0,0,30
03/12/2009,ACT,TX,ASW,CE,Combined TRACON& Tower with Radar,0,14,18,0,32,0,3,0,0,3,0,17,18,0,35,0,0,0,35
03/13/2009,ACT,TX,ASW,CE,Combined TRACON& Tower with Radar,0,14,4,0,18,0,0,0,0,0,0,14,4,0,18,0,0,0,18
03/14/2009,ACT,TX,ASW,CE,Combined TRACON& Tower with Radar,0,13,19,0,32,0,3,13,0,16,0,16,32,0,48,10,0,10,58
03/15/2009,ACT,TX,ASW,CE,Combined TRACON& Tower with Radar,0,16,13,0,29,0,2,16,0,18,0,18,29,0,47,10,0,10,57
03/16/2009,ACT,TX,ASW,CE,Combined TRACON& Tower with Radar,0,16,23,0,39,0,9,48,0,57,0,25,71,0,96,34,0,34,130
03/17/2009,ACT,TX,ASW,CE,Combined TRACON& Tower with Radar,0,16,17,10,43,0,4,29,2,35,0,20,46,12,78,24,8,32,110
03/18/2009,ACT,TX,ASW,CE,Combined TRACON& Tower with Radar,0,16,32,6,54,0,6,34,0,40,0,22,66,6,94,44,0,44,138
03/19/2009,ACT,TX,ASW,CE,Combined TRACON& Tower with Radar,2,16,18,0,36,0,6,40,0,46,2,22,58,0,82,18,0,18,100
03/20/2009,ACT,TX,ASW,CE,Combined TRACON& Tower with Radar,0,18,18,15,51,0,6,63,3,72,0,24,81,18,123,54,4,58,181
03/21/2009,ACT,TX,ASW,CE,Combined TRACON& Tower with Radar,2,10,11,0,23,0,0,51,0,51,2,10,62,0,74,12,0,12,86
03/22/2009,ACT,TX,ASW,CE,Combined TRACON& Tower with Radar,0,19,22,1,42,0,1,9,0,10,0,20,31,1,52,0,0,0,52
03/23/2009,ACT,TX,ASW,CE,Combined TRACON& Tower with Radar,0,19,12,0,31,0,0,7,0,7,0,19,19,0,38,4,0,4,42
03/24/2009,ACT,TX,ASW,CE,Combined TRACON& Tower with Radar,0,15,20,0,35,1,0,26,0,27,1,15,46,0,62,50,0,50,112
03/25/2009,ACT,TX,ASW,CE,Combined TRACON& Tower with Radar,2,16,20,1,39,0,9,4,1,14,2,25,24,2,53,2,0,2,55
03/26/2009,ACT,TX,ASW,CE,Combined TRACON& Tower with Radar,4,17,22,0,43,0,1,14,0,15,4,18,36,0,58,14,0,14,72
03/27/2009,ACT,TX,ASW,CE,Combined TRACON& Tower with Radar,0,17,12,0,29,0,2,5,0,7,0,19,17,0,36,0,0,0,36
03/28/2009,ACT,TX,ASW,CE,Combined TRACON& Tower with Radar,2,15,14,2,33,0,2,7,0,9,2,17,21,2,42,0,0,0,42
03/29/2009,ACT,TX,ASW,CE,Combined TRACON& Tower with Radar,2,16,11,0,29,0,0,40,0,40,2,16,51,0,69,6,0,6,75
03/30/2009,ACT,TX,ASW,CE,Combined TRACON& Tower with Radar,0,19,17,1,37,0,7,18,5,30,0,26,35,6,67,30,8,38,105
03/31/2009,ACT,TX,ASW,CE,Combined TRACON& Tower with Radar,0,24,28,0,52,0,6,37,3,46,0,30,65,3,98,0,0,0,98
04/01/2009,ACT,TX,ASW,CE,Combined TRACON& Tower with Radar,0,16,22,10,48,0,6,32,8,46,0,22,54,18,94,18,0,18,112
04/02/2009,ACT,TX,ASW,CE,Combined TRACON& Tower with Radar,0,14,13,6,33,0,4,9,0,13,0,18,22,6,46,0,0,0,46
04/03/2009,ACT,TX,ASW,CE,Combined TRACON& Tower with Radar,0,26,26,0,52,0,3,34,4,41,0,29,60,4,93,54,10,64,157
04/04/2009,ACT,TX,ASW,CE,Combined TRACON& Tower with Radar,0,12,8,0,20,0,0,13,0,13,0,12,21,0,33,0,0,0,33
04/05/2009,ACT,TX,ASW,CE,Combined TRACON& Tower with Radar,0,18,3,15,36,0,0,6,2,8,0,18,9,17,44,16,2,18,62
04/06/2009,ACT,TX,ASW,CE,Combined TRACON& Tower with Radar,0,15,17,0,32,0,4,34,0,38,0,19,51,0,70,12,0,12,82
04/07/2009,ACT,TX,ASW,CE,Combined TRACON& Tower with Radar,0,14,29,2,45,0,2,53,0,55,0,16,82,2,100,28,0,28,128
04/08/2009,ACT,TX,ASW,CE,Combined TRACON& Tower with Radar,0,16,36,0,52,0,7,43,0,50,0,23,79,0,102,16,0,16,118
04/09/2009,ACT,TX,ASW,CE,Combined TRACON& Tower with Radar,0,19,18,0,37,0,3,22,0,25,0,22,40,0,62,6,0,6,68
04/10/2009,ACT,TX,ASW,CE,Combined TRACON& Tower with Radar,0,14,13,2,29,0,0,27,0,27,0,14,40,2,56,6,0,6,62
04/11/2009,ACT,TX,ASW,CE,Combined TRACON& Tower with Radar,0,11,14,0,25,0,0,13,0,13,0,11,27,0,38,17,0,17,55
04/12/2009,ACT,TX,ASW,CE,Combined TRACON& Tower with Radar,0,14,10,2,26,0,0,3,0,3,0,14,13,2,29,0,2,2,31
04/13/2009,ACT,TX,ASW,CE,Combined TRACON& Tower with Radar,0,24,18,4,46,0,1,34,0,35,0,25,52,4,81,20,0,20,101
04/14/2009,ACT,TX,ASW,CE,Combined TRACON& Tower with Radar,0,18,28,1,47,0,0,70,0,70,0,18,98,1,117,60,0,60,177
04/15/2009,ACT,TX,ASW,CE,Combined TRACON& Tower with Radar,2,17,26,21,66,0,7,33,0,40,2,24,59,21,106,6,6,12,118
04/16/2009,ACT,TX,ASW,CE,Combined TRACON& Tower with Radar,0,16,20,0,36,0,0,12,0,12,0,16,32,0,48,0,0,0,48
04/17/2009,ACT,TX,ASW,CE,Combined TRACON& Tower with Radar,0,10,7,0,17,0,0,0,0,0,0,10,7,0,17,0,0,0,17
04/18/2009,ACT,TX,ASW,CE,Combined TRACON& Tower with Radar,0,10,17,0,27,0,0,10,0,10,0,10,27,0,37,22,0,22,59
04/19/2009,ACT,TX,ASW,CE,Combined TRACON& Tower with Radar,2,14,19,17,52,0,0,21,2,23,2,14,40,19,75,6,6,12,87
04/20/2009,ACT,TX,ASW,CE,Combined TRACON& Tower with Radar,0,16,24,18,58,0,0,37,1,38,0,16,61,19,96,6,40,46,142
04/21/2009,ACT,TX,ASW,CE,Combined TRACON& Tower with Radar,0,12,40,0,52,0,0,29,3,32,0,12,69,3,84,54,0,54,138
04/22/2009,ACT,TX,ASW,CE,Combined TRACON& Tower with Radar,0,18,45,9,72,0,0,47,0,47,0,18,92,9,119,58,0,58,177
04/23/2009,ACT,TX,ASW,CE,Combined TRACON& Tower with Radar,0,16,45,0,61,0,5,20,0,25,0,21,65,0,86,2,0,2,88
04/24/2009,ACT,TX,ASW,CE,Combined TRACON& Tower with Radar,0,19,23,1,43,0,1,17,0,18,0,20,40,1,61,10,0,10,71
04/25/2009,ACT,TX,ASW,CE,Combined TRACON& Tower with Radar,0,12,22,5,39,0,0,11,0,11,0,12,33,5,50,0,4,4,54
04/26/2009,ACT,TX,ASW,CE,Combined TRACON& Tower with Radar,0,15,15,0,30,0,0,3,0,3,0,15,18,0,33,0,0,0,33
04/27/2009,ACT,TX,ASW,CE,Combined TRACON& Tower with Radar,0,12,7,0,19,0,0,2,0,2,0,12,9,0,21,0,0,0,21
04/28/2009,ACT,TX,ASW,CE,Combined TRACON& Tower with Radar,0,20,17,0,37,0,0,2,0,2,0,20,19,0,39,6,0,6,45
04/29/2009,ACT,TX,ASW,CE,Combined TRACON& Tower with Radar,0,18,32,2,52,0,0,3,0,3,0,18,35,2,55,0,0,0,55
04/30/2009,ACT,TX,ASW,CE,Combined TRACON& Tower with Radar,0,17,40,4,61,0,12,20,0,32,0,29,60,4,93,48,0,48,141
05/01/2009,ACT,TX,ASW,CE,Combined TRACON& Tower with Radar,0,20,43,30,93,0,5,20,1,26,0,25,63,31,119,2,0,2,121
05/02/2009,ACT,TX,ASW,CE,Combined TRACON& Tower with Radar,2,18,19,2,41,0,0,4,3,7,2,18,23,5,48,0,0,0,48
05/03/2009,ACT,TX,ASW,CE,Combined TRACON& Tower with Radar,0,15,13,4,32,0,0,12,0,12,0,15,25,4,44,12,0,12,56
05/04/2009,ACT,TX,ASW,CE,Combined TRACON& Tower with Radar,0,18,20,8,46,0,0,38,0,38,0,18,58,8,84,8,0,8,92
05/05/2009,ACT,TX,ASW,CE,Combined TRACON& Tower with Radar,0,18,46,5,69,0,0,10,0,10,0,18,56,5,79,0,0,0,79
05/06/2009,ACT,TX,ASW,CE,Combined TRACON& Tower with Radar,0,17,29,1,47,0,3,20,1,24,0,20,49,2,71,38,0,38,109
05/07/2009,ACT,TX,ASW,CE,Combined TRACON& Tower with Radar,0,21,28,0,49,0,0,13,0,13,0,21,41,0,62,12,0,12,74
05/08/2009,ACT,TX,ASW,CE,Combined TRACON& Tower with Radar,0,16,17,3,36,0,0,15,1,16,0,16,32,4,52,2,6,8,60
05/09/2009,ACT,TX,ASW,CE,Combined TRACON& Tower with Radar,0,17,16,0,33,0,1,12,2,15,0,18,28,2,48,10,0,10,58
05/10/2009,ACT,TX,ASW,CE,Combined TRACON& Tower with Radar,2,17,11,0,30,0,0,13,0,13,2,17,24,0,43,0,0,0,43
05/11/2009,ACT,TX,ASW,CE,Combined TRACON& Tower with Radar,0,16,27,4,47,0,1,28,0,29,0,17,55,4,76,84,0,84,160
05/12/2009,ACT,TX,ASW,CE,Combined TRACON& Tower with Radar,0,16,23,12,51,0,3,31,1,35,0,19,54,13,86,28,0,28,114
05/13/2009,ACT,TX,ASW,CE,Combined TRACON& Tower with Radar,0,18,36,11,65,0,2,13,0,15,0,20,49,11,80,4,0,4,84
05/14/2009,ACT,TX,ASW,CE,Combined TRACON& Tower with Radar,2,12,10,4,28,0,3,26,0,29,2,15,36,4,57,22,0,22,79
05/15/2009,ACT,TX,ASW,CE,Combined TRACON& Tower with Radar,0,17,34,0,51,0,0,25,0,25,0,17,59,0,76,2,0,2,78
05/16/2009,ACT,TX,ASW,CE,Combined TRACON& Tower with Radar,0,12,8,0,20,0,2,0,0,2,0,14,8,0,22,0,0,0,22
05/17/2009,ACT,TX,ASW,CE,Combined TRACON& Tower with Radar,0,14,13,0,27,0,0,30,0,30,0,14,43,0,57,2,0,2,59
05/18/2009,ACT,TX,ASW,CE,Combined TRACON& Tower with Radar,0,18,11,3,32,0,0,40,0,40,0,18,51,3,72,62,0,62,134
05/19/2009,ACT,TX,ASW,CE,Combined TRACON& Tower with Radar,0,17,14,2,33,0,1,43,1,45,0,18,57,3,78,30,0,30,108
05/20/2009,ACT,TX,ASW,CE,Combined TRACON& Tower with Radar,0,16,33,4,53,0,4,48,0,52,0,20,81,4,105,22,0,22,127
05/21/2009,ACT,TX,ASW,CE,Combined TRACON& Tower with Radar,0,18,18,4,40,0,2,31,0,33,0,20,49,4,73,0,0,0,73
05/22/2009,ACT,TX,ASW,CE,Combined TRACON& Tower with Radar,0,17,25,35,77,0,1,41,5,47,0,18,66,40,124,22,22,44,168
05/23/2009,ACT,TX,ASW,CE,Combined TRACON& Tower with Radar,0,16,9,0,25,0,0,16,0,16,0,16,25,0,41,4,0,4,45
05/24/2009,ACT,TX,ASW,CE,Combined TRACON& Tower with Radar,0,11,3,0,14,0,0,10,0,10,0,11,13,0,24,16,0,16,40
05/25/2009,ACT,TX,ASW,CE,Combined TRACON& Tower with Radar,0,15,10,6,31,0,0,41,0,41,0,15,51,6,72,34,0,34,106
05/26/2009,ACT,TX,ASW,CE,Combined TRACON& Tower with Radar,2,21,6,6,35,0,5,16,1,22,2,26,22,7,57,4,2,6,63
05/27/2009,ACT,TX,ASW,CE,Combined TRACON& Tower with Radar,0,17,27,5,49,0,0,37,2,39,0,17,64,7,88,42,0,42,130
05/28/2009,ACT,TX,ASW,CE,Combined TRACON& Tower with Radar,0,18,19,2,39,0,2,42,0,44,0,20,61,2,83,34,0,34,117
05/29/2009,ACT,TX,ASW,CE,Combined TRACON& Tower with Radar,0,17,24,1,42,0,0,57,0,57,0,17,81,1,99,20,0,20,119
05/30/2009,ACT,TX,ASW,CE,Combined TRACON& Tower with Radar,0,17,14,0,31,0,0,11,0,11,0,17,25,0,42,0,0,0,42
05/31/2009,ACT,TX,ASW,CE,Combined TRACON& Tower with Radar,0,16,23,4,43,0,0,30,1,31,0,16,53,5,74,10,0,10,84
06/01/2009,ACT,TX,ASW,CE,Combined TRACON& Tower with Radar,0,18,27,2,47,0,0,28,0,28,0,18,55,2,75,16,0,16,91
06/02/2009,ACT,TX,ASW,CE,Combined TRACON& Tower with Radar,4,19,27,16,66,0,0,18,0,18,4,19,45,16,84,0,0,0,84
06/03/2009,ACT,TX,ASW,CE,Combined TRACON& Tower with Radar,8,16,38,2,64,0,0,35,0,35,8,16,73,2,99,40,0,40,139
06/04/2009,ACT,TX,ASW,CE,Combined TRACON& Tower with Radar,0,17,34,3,54,0,4,38,3,45,0,21,72,6,99,42,0,42,141
06/05/2009,ACT,TX,ASW,CE,Combined TRACON& Tower with Radar,0,23,17,7,47,0,4,39,3,46,0,27,56,10,93,22,2,24,117
06/06/2009,ACT,TX,ASW,CE,Combined TRACON& Tower with Radar,0,15,8,0,23,0,2,48,0,50,0,17,56,0,73,0,0,0,73
06/07/2009,ACT,TX,ASW,CE,Combined TRACON& Tower with Radar,0,19,8,1,28,0,1,22,0,23,0,20,30,1,51,0,0,0,51
06/08/2009,ACT,TX,ASW,CE,Combined TRACON& Tower with Radar,0,19,15,4,38,0,3,30,0,33,0,22,45,4,71,12,0,12,83
06/09/2009,ACT,TX,ASW,CE,Combined TRACON& Tower with Radar,0,17,41,1,59,0,6,34,1,41,0,23,75,2,100,42,0,42,142
06/10/2009,ACT,TX,ASW,CE,Combined TRACON& Tower with Radar,0,26,61,4,91,0,2,25,1,28,0,28,86,5,119,20,0,20,139
06/11/2009,ACT,TX,ASW,CE,Combined TRACON& Tower with Radar,2,18,27,5,52,0,1,7,0,8,2,19,34,5,60,10,4,14,74
06/12/2009,ACT,TX,ASW,CE,Combined TRACON& Tower with Radar,0,18,15,15,48,0,0,30,2,32,0,18,45,17,80,18,0,18,98
06/13/2009,ACT,TX,ASW,CE,Combined TRACON& Tower with Radar,0,16,13,0,29,0,1,11,1,13,0,17,24,1,42,8,0,8,50
06/14/2009,ACT,TX,ASW,CE,Combined TRACON& Tower with Radar,0,18,9,0,27,0,0,19,1,20,0,18,28,1,47,2,0,2,49
06/15/2009,ACT,TX,ASW,CE,Combined TRACON& Tower with Radar,0,21,17,0,38,0,0,27,0,27,0,21,44,0,65,4,0,4,69
06/16/2009,ACT,TX,ASW,CE,Combined TRACON& Tower with Radar,0,21,18,3,42,0,2,37,0,39,0,23,55,3,81,8,0,8,89
06/17/2009,ACT,TX,ASW,CE,Combined TRACON& Tower with Radar,0,18,39,1,58,0,2,47,1,50,0,20,86,2,108,50,0,50,158
06/18/2009,ACT,TX,ASW,CE,Combined TRACON& Tower with Radar,0,20,31,2,53,0,5,39,1,45,0,25,70,3,98,10,0,10,108
06/19/2009,ACT,TX,ASW,CE,Combined TRACON& Tower with Radar,0,18,21,6,45,0,0,47,2,49,0,18,68,8,94,26,0,26,120
06/20/2009,ACT,TX,ASW,CE,Combined TRACON& Tower with Radar,2,18,14,0,34,0,1,28,0,29,2,19,42,0,63,0,0,0,63
06/21/2009,ACT,TX,ASW,CE,Combined TRACON& Tower with Radar,0,16,11,2,29,0,0,17,0,17,0,16,28,2,46,0,0,0,46
06/22/2009,ACT,TX,ASW,CE,Combined TRACON& Tower with Radar,0,16,26,0,42,0,0,36,0,36,0,16,62,0,78,14,1,15,93
06/23/2009,ACT,TX,ASW,CE,Combined TRACON& Tower with Radar,0,18,15,0,33,0,0,40,0,40,0,18,55,0,73,12,0,12,85
06/24/2009,ACT,TX,ASW,CE,Combined TRACON& Tower with Radar,4,26,9,2,41,0,1,31,0,32,4,27,40,2,73,28,0,28,101
06/25/2009,ACT,TX,ASW,CE,Combined TRACON& Tower with Radar,0,18,26,1,45,0,0,40,2,42,0,18,66,3,87,28,4,32,119
06/26/2009,ACT,TX,ASW,CE,Combined TRACON& Tower with Radar,0,18,25,9,52,0,0,35,0,35,0,18,60,9,87,10,0,10,97
06/27/2009,ACT,TX,ASW,CE,Combined TRACON& Tower with Radar,0,16,6,2,24,0,0,29,0,29,0,16,35,2,53,10,0,10,63
06/28/2009,ACT,TX,ASW,CE,Combined TRACON& Tower with Radar,0,16,9,6,31,0,0,31,0,31,0,16,40,6,62,24,0,24,86
06/29/2009,ACT,TX,ASW,CE,Combined TRACON& Tower with Radar,0,16,7,0,23,0,2,24,3,29,0,18,31,3,52,26,0,26,78
06/30/2009,ACT,TX,ASW,CE,Combined TRACON& Tower with Radar,0,18,11,0,29,0,0,11,0,11,0,18,22,0,40,30,0,30,70
07/01/2009,ACT,TX,ASW,CE,Combined TRACON& Tower with Radar,0,20,33,10,63,0,2,41,11,54,0,22,74,21,117,46,0,46,163
07/02/2009,ACT,TX,ASW,CE,Combined TRACON& Tower with Radar,0,19,19,1,39,0,5,41,0,46,0,24,60,1,85,12,0,12,97
07/03/2009,ACT,TX,ASW,CE,Combined TRACON& Tower with Radar,0,18,15,0,33,0,0,30,0,30,0,18,45,0,63,4,0,4,67
07/04/2009,ACT,TX,ASW,CE,Combined TRACON& Tower with Radar,0,13,0,0,13,0,0,17,1,18,0,13,17,1,31,0,0,0,31
07/05/2009,ACT,TX,ASW,CE,Combined TRACON& Tower with Radar,0,16,7,0,23,0,0,9,0,9,0,16,16,0,32,8,0,8,40
07/06/2009,ACT,TX,ASW,CE,Combined TRACON& Tower with Radar,0,20,9,0,29,0,0,13,0,13,0,20,22,0,42,24,0,24,66
07/07/2009,ACT,TX,ASW,CE,Combined TRACON& Tower with Radar,0,17,13,2,32,0,6,32,0,38,0,23,45,2,70,22,0,22,92
07/08/2009,ACT,TX,ASW,CE,Combined TRACON& Tower with Radar,2,20,24,4,50,0,2,18,0,20,2,22,42,4,70,0,0,0,70
07/09/2009,ACT,TX,ASW,CE,Combined TRACON& Tower with Radar,0,16,27,2,45,0,3,28,0,31,0,19,55,2,76,2,0,2,78
07/10/2009,ACT,TX,ASW,CE,Combined TRACON& Tower with Radar,0,19,9,2,30,0,0,37,0,37,0,19,46,2,67,0,0,0,67
07/11/2009,ACT,TX,ASW,CE,Combined TRACON& Tower with Radar,0,18,6,0,24,0,0,30,4,34,0,18,36,4,58,8,0,8,66
07/12/2009,ACT,TX,ASW,CE,Combined TRACON& Tower with Radar,0,14,16,0,30,0,1,25,0,26,0,15,41,0,56,8,0,8,64
07/13/2009,ACT,TX,ASW,CE,Combined TRACON& Tower with Radar,0,19,20,6,45,0,3,34,0,37,0,22,54,6,82,8,0,8,90
07/14/2009,ACT,TX,ASW,CE,Combined TRACON& Tower with Radar,0,17,21,2,40,0,0,23,2,25,0,17,44,4,65,0,0,0,65
07/15/2009,ACT,TX,ASW,CE,Combined TRACON& Tower with Radar,2,18,32,3,55,0,0,34,0,34,2,18,66,3,89,34,0,34,123
07/16/2009,ACT,TX,ASW,CE,Combined TRACON& Tower with Radar,0,20,31,0,51,0,1,49,0,50,0,21,80,0,101,16,0,16,117
07/17/2009,ACT,TX,ASW,CE,Combined TRACON& Tower with Radar,0,17,9,7,33,0,1,46,1,48,0,18,55,8,81,6,4,10,91
07/18/2009,ACT,TX,ASW,CE,Combined TRACON& Tower with Radar,2,16,12,8,38,0,0,31,2,33,2,16,43,10,71,6,0,6,77
07/19/2009,ACT,TX,ASW,CE,Combined TRACON& Tower with Radar,0,20,7,19,46,0,0,34,4,38,0,20,41,23,84,24,36,60,144
07/20/2009,ACT,TX,ASW,CE,Combined TRACON& Tower with Radar,0,18,10,0,28,0,0,19,0,19,0,18,29,0,47,10,0,10,57
07/21/2009,ACT,TX,ASW,CE,Combined TRACON& Tower with Radar,0,20,14,0,34,0,0,21,0,21,0,20,35,0,55,26,0,26,81
07/22/2009,ACT,TX,ASW,CE,Combined TRACON& Tower with Radar,0,17,46,1,64,0,3,44,0,47,0,20,90,1,111,58,0,58,169
07/23/2009,ACT,TX,ASW,CE,Combined TRACON& Tower with Radar,0,21,40,9,70,0,0,11,1,12,0,21,51,10,82,0,0,0,82
07/24/2009,ACT,TX,ASW,CE,Combined TRACON& Tower with Radar,0,18,20,0,38,0,0,50,0,50,0,18,70,0,88,58,0,58,146
07/25/2009,ACT,TX,ASW,CE,Combined TRACON& Tower with Radar,0,16,19,17,52,0,0,22,4,26,0,16,41,21,78,12,14,26,104
07/26/2009,ACT,TX,ASW,CE,Combined TRACON& Tower with Radar,2,18,9,5,34,0,0,38,5,43,2,18,47,10,77,0,6,6,83
07/27/2009,ACT,TX,ASW,CE,Combined TRACON& Tower with Radar,4,19,14,8,45,0,1,24,0,25,4,20,38,8,70,18,0,18,88
07/28/2009,ACT,TX,ASW,CE,Combined TRACON& Tower with Radar,0,22,62,7,91,0,7,27,0,34,0,29,89,7,125,32,0,32,157
07/29/2009,ACT,TX,ASW,CE,Combined TRACON& Tower with Radar,0,20,36,8,64,0,6,12,1,19,0,26,48,9,83,8,0,8,91
07/30/2009,ACT,TX,ASW,CE,Combined TRACON& Tower with Radar,0,17,32,4,53,0,11,33,0,44,0,28,65,4,97,60,6,66,163
07/31/2009,ACT,TX,ASW,CE,Combined TRACON& Tower with Radar,0,24,17,7,48,0,10,21,2,33,0,34,38,9,81,16,10,26,107
08/01/2009,ACT,TX,ASW,CE,Combined TRACON& Tower with Radar,6,20,5,4,35,0,2,6,0,8,6,22,11,4,43,0,0,0,43
08/02/2009,ACT,TX,ASW,CE,Combined TRACON& Tower with Radar,0,17,4,15,36,0,1,28,0,29,0,18,32,15,65,4,6,10,75
08/03/2009,ACT,TX,ASW,CE,Combined TRACON& Tower with Radar,0,18,15,0,33,0,6,32,0,38,0,24,47,0,71,14,0,14,85
08/04/2009,ACT,TX,ASW,CE,Combined TRACON& Tower with Radar,0,17,28,10,55,0,1,38,2,41,0,18,66,12,96,26,2,28,124
08/05/2009,ACT,TX,ASW,CE,Combined TRACON& Tower with Radar,0,24,23,6,53,0,0,32,3,35,0,24,55,9,88,2,30,32,120
08/06/2009,ACT,TX,ASW,CE,Combined TRACON& Tower with Radar,0,19,9,3,31,0,2,27,0,29,0,21,36,3,60,0,0,0,60
08/07/2009,ACT,TX,ASW,CE,Combined TRACON& Tower with Radar,0,21,14,14,49,0,0,38,1,39,0,21,52,15,88,22,2,24,112
08/08/2009,ACT,TX,ASW,CE,Combined TRACON& Tower with Radar,0,14,23,0,37,0,0,21,1,22,0,14,44,1,59,6,0,6,65
08/09/2009,ACT,TX,ASW,CE,Combined TRACON& Tower with Radar,0,18,5,18,41,0,2,18,4,24,0,20,23,22,65,16,2,18,83
08/10/2009,ACT,TX,ASW,CE,Combined TRACON& Tower with Radar,0,18,22,9,49,0,2,29,0,31,0,20,51,9,80,30,0,30,110
08/11/2009,ACT,TX,ASW,CE,Combined TRACON& Tower with Radar,0,18,24,5,47,0,3,26,2,31,0,21,50,7,78,2,0,2,80
08/12/2009,ACT,TX,ASW,CE,Combined TRACON& Tower with Radar,2,19,32,1,54,0,8,35,1,44,2,27,67,2,98,6,0,6,104
08/13/2009,ACT,TX,ASW,CE,Combined TRACON& Tower with Radar,0,18,42,12,72,0,2,34,0,36,0,20,76,12,108,0,0,0,108
08/14/2009,ACT,TX,ASW,CE,Combined TRACON& Tower with Radar,0,18,26,8,52,0,0,57,0,57,0,18,83,8,109,44,0,44,153
08/15/2009,ACT,TX,ASW,CE,Combined TRACON& Tower with Radar,2,14,15,1,32,0,0,33,2,35,2,14,48,3,67,30,0,30,97
08/16/2009,ACT,TX,ASW,CE,Combined TRACON& Tower with Radar,0,19,24,5,48,0,0,14,0,14,0,19,38,5,62,10,0,10,72
08/17/2009,ACT,TX,ASW,CE,Combined TRACON& Tower with Radar,0,18,21,0,39,0,4,27,0,31,0,22,48,0,70,8,0,8,78
08/18/2009,ACT,TX,ASW,CE,Combined TRACON& Tower with Radar,0,20,47,2,69,0,8,33,6,47,0,28,80,8,116,14,0,14,130
08/19/2009,ACT,TX,ASW,CE,Combined TRACON& Tower with Radar,0,21,45,2,68,0,2,30,2,34,0,23,75,4,102,16,0,16,118
08/20/2009,ACT,TX,ASW,CE,Combined TRACON& Tower with Radar,0,19,28,2,49,0,2,28,0,30,0,21,56,2,79,42,0,42,121
08/21/2009,ACT,TX,ASW,CE,Combined TRACON& Tower with Radar,0,18,15,2,35,0,7,34,3,44,0,25,49,5,79,14,0,14,93
08/22/2009,ACT,TX,ASW,CE,Combined TRACON& Tower with Radar,2,13,24,0,39,0,2,36,1,39,2,15,60,1,78,16,0,16,94
08/23/2009,ACT,TX,ASW,CE,Combined TRACON& Tower with Radar,0,16,26,0,42,0,0,12,0,12,0,16,38,0,54,6,0,6,60
08/24/2009,ACT,TX,ASW,CE,Combined TRACON& Tower with Radar,0,18,23,6,47,0,0,36,0,36,0,18,59,6,83,12,2,14,97
08/25/2009,ACT,TX,ASW,CE,Combined TRACON& Tower with Radar,7,10,50,4,71,0,2,36,0,38,7,12,86,4,109,26,0,26,135
08/26/2009,ACT,TX,ASW,CE,Combined TRACON& Tower with Radar,8,8,40,0,56,0,3,28,0,31,8,11,68,0,87,19,0,19,106
08/27/2009,ACT,TX,ASW,CE,Combined TRACON& Tower with Radar,10,10,33,4,57,0,6,20,0,26,10,16,53,4,83,0,0,0,83
08/28/2009,ACT,TX,ASW,CE,Combined TRACON& Tower with Radar,8,11,17,16,52,0,2,54,0,56,8,13,71,16,108,40,0,40,148
08/29/2009,ACT,TX,ASW,CE,Combined TRACON& Tower with Radar,8,4,17,9,38,0,0,31,7,38,8,4,48,16,76,12,2,14,90
08/30/2009,ACT,TX,ASW,CE,Combined TRACON& Tower with Radar,8,7,8,0,23,0,0,17,2,19,8,7,25,2,42,2,0,2,44
08/31/2009,ACT,TX,ASW,CE,Combined TRACON& Tower with Radar,8,13,34,4,59,0,0,34,0,34,8,13,68,4,93,0,0,0,93
09/01/2009,ACT,TX,ASW,CE,Combined TRACON& Tower with Radar,8,7,32,1,48,0,3,30,1,34,8,10,62,2,82,10,0,10,92
09/02/2009,ACT,TX,ASW,CE,Combined TRACON& Tower with Radar,8,8,21,0,37,0,0,29,0,29,8,8,50,0,66,20,0,20,86
09/03/2009,ACT,TX,ASW,CE,Combined TRACON& Tower with Radar,10,10,45,3,68,0,3,21,1,25,10,13,66,4,93,6,0,6,99
09/04/2009,ACT,TX,ASW,CE,Combined TRACON& Tower with Radar,10,15,17,0,42,0,4,19,0,23,10,19,36,0,65,4,0,4,69
09/05/2009,ACT,TX,ASW,CE,Combined TRACON& Tower with Radar,10,4,12,0,26,0,0,19,1,20,10,4,31,1,46,0,0,0,46
09/06/2009,ACT,TX,ASW,CE,Combined TRACON& Tower with Radar,8,2,10,0,20,0,0,16,0,16,8,2,26,0,36,0,0,0,36
09/07/2009,ACT,TX,ASW,CE,Combined TRACON& Tower with Radar,6,8,13,0,27,0,3,20,0,23,6,11,33,0,50,0,0,0,50
09/08/2009,ACT,TX,ASW,CE,Combined TRACON& Tower with Radar,8,13,23,13,57,0,3,25,4,32,8,16,48,17,89,8,0,8,97
09/09/2009,ACT,TX,ASW,CE,Combined TRACON& Tower with Radar,7,5,41,5,58,0,5,34,2,41,7,10,75,7,99,8,24,32,131
09/10/2009,ACT,TX,ASW,CE,Combined TRACON& Tower with Radar,11,14,26,5,56,0,5,15,1,21,11,19,41,6,77,2,0,2,79
09/11/2009,ACT,TX,ASW,CE,Combined TRACON& Tower with Radar,8,13,23,1,45,0,1,1,0,2,8,14,24,1,47,0,0,0,47
09/12/2009,ACT,TX,ASW,CE,Combined TRACON& Tower with Radar,8,4,20,1,33,0,0,0,0,0,8,4,20,1,33,0,0,0,33
09/13/2009,ACT,TX,ASW,CE,Combined TRACON& Tower with Radar,8,6,16,0,30,0,0,5,0,5,8,6,21,0,35,14,0,14,49
09/14/2009,ACT,TX,ASW,CE,Combined TRACON& Tower with Radar,8,11,32,0,51,0,0,0,0,0,8,11,32,0,51,0,0,0,51
09/15/2009,ACT,TX,ASW,CE,Combined TRACON& Tower with Radar,8,7,36,2,53,0,0,5,0,5,8,7,41,2,58,1,0,1,59
09/16/2009,ACT,TX,ASW,CE,Combined TRACON& Tower with Radar,8,7,59,10,84,0,0,13,1,14,8,7,72,11,98,36,0,36,134
09/17/2009,ACT,TX,ASW,CE,Combined TRACON& Tower with Radar,8,11,36,4,59,0,0,1,0,1,8,11,37,4,60,0,0,0,60
09/18/2009,ACT,TX,ASW,CE,Combined TRACON& Tower with Radar,10,10,42,5,67,0,0,7,1,8,10,10,49,6,75,8,0,8,83
09/19/2009,ACT,TX,ASW,CE,Combined TRACON& Tower with Radar,12,5,25,0,42,0,0,41,0,41,12,5,66,0,83,32,0,32,115
09/20/2009,ACT,TX,ASW,CE,Combined TRACON& Tower with Radar,8,7,22,2,39,0,1,15,0,16,8,8,37,2,55,0,0,0,55
09/21/2009,ACT,TX,ASW,CE,Combined TRACON& Tower with Radar,7,11,21,3,42,0,0,24,1,25,7,11,45,4,67,14,0,14,81
09/22/2009,ACT,TX,ASW,CE,Combined TRACON& Tower with Radar,9,9,25,0,43,0,0,14,0,14,9,9,39,0,57,32,0,32,89
09/23/2009,ACT,TX,ASW,CE,Combined TRACON& Tower with Radar,7,7,31,4,49,0,0,9,0,9,7,7,40,4,58,0,0,0,58
09/24/2009,ACT,TX,ASW,CE,Combined TRACON& Tower with Radar,7,13,20,11,51,0,0,18,2,20,7,13,38,13,71,10,8,18,89
09/25/2009,ACT,TX,ASW,CE,Combined TRACON& Tower with Radar,8,11,30,5,54,0,0,35,0,35,8,11,65,5,89,46,0,46,135
09/26/2009,ACT,TX,ASW,CE,Combined TRACON& Tower with Radar,8,6,26,0,40,0,0,13,0,13,8,6,39,0,53,0,0,0,53
09/27/2009,ACT,TX,ASW,CE,Combined TRACON& Tower with Radar,6,11,10,13,40,0,0,35,0,35,6,11,45,13,75,24,0,24,99
09/28/2009,ACT,TX,ASW,CE,Combined TRACON& Tower with Radar,8,9,16,8,41,0,1,5,0,6,8,10,21,8,47,0,0,0,47
09/29/2009,ACT,TX,ASW,CE,Combined TRACON& Tower with Radar,6,10,28,0,44,0,0,29,0,29,6,10,57,0,73,16,0,16,89
09/30/2009,ACT,TX,ASW,CE,Combined TRACON& Tower with Radar,6,9,43,2,60,0,5,27,1,33,6,14,70,3,93,34,0,34,127
10/01/2009,ACT,TX,ASW,CE,Combined TRACON& Tower with Radar,9,12,19,0,40,0,2,6,0,8,9,14,25,0,48,0,0,0,48
10/02/2009,ACT,TX,ASW,CE,Combined TRACON& Tower with Radar,8,9,40,4,61,0,4,34,0,38,8,13,74,4,99,0,0,0,99
10/03/2009,ACT,TX,ASW,CE,Combined TRACON& Tower with Radar,8,4,25,0,37,0,0,3,1,4,8,4,28,1,41,0,0,0,41
10/04/2009,ACT,TX,ASW,CE,Combined TRACON& Tower with Radar,8,7,17,0,32,0,0,0,0,0,8,7,17,0,32,0,0,0,32
10/05/2009,ACT,TX,ASW,CE,Combined TRACON& Tower with Radar,7,8,23,0,38,0,0,1,0,1,7,8,24,0,39,2,0,2,41
10/06/2009,ACT,TX,ASW,CE,Combined TRACON& Tower with Radar,5,10,23,8,46,0,0,5,1,6,5,10,28,9,52,8,24,32,84
10/07/2009,ACT,TX,ASW,CE,Combined TRACON& Tower with Radar,8,9,31,2,50,0,0,1,0,1,8,9,32,2,51,0,0,0,51
10/08/2009,ACT,TX,ASW,CE,Combined TRACON& Tower with Radar,8,10,31,7,56,0,1,9,1,11,8,11,40,8,67,28,0,28,95
10/09/2009,ACT,TX,ASW,CE,Combined TRACON& Tower with Radar,6,3,23,0,32,0,0,5,0,5,6,3,28,0,37,0,0,0,37
10/10/2009,ACT,TX,ASW,CE,Combined TRACON& Tower with Radar,8,7,31,0,46,0,0,18,0,18,8,7,49,0,64,4,0,4,68
10/11/2009,ACT,TX,ASW,CE,Combined TRACON& Tower with Radar,8,6,5,0,19,0,0,1,0,1,8,6,6,0,20,0,0,0,20
10/12/2009,ACT,TX,ASW,CE,Combined TRACON& Tower with Radar,8,11,20,0,39,0,0,0,0,0,8,11,20,0,39,0,0,0,39
10/13/2009,ACT,TX,ASW,CE,Combined TRACON& Tower with Radar,7,8,14,0,29,0,0,0,0,0,7,8,14,0,29,0,0,0,29
10/14/2009,ACT,TX,ASW,CE,Combined TRACON& Tower with Radar,6,11,23,2,42,0,3,17,0,20,6,14,40,2,62,6,0,6,68
10/15/2009,ACT,TX,ASW,CE,Combined TRACON& Tower with Radar,9,10,40,2,61,0,8,13,0,21,9,18,53,2,82,40,0,40,122
10/16/2009,ACT,TX,ASW,CE,Combined TRACON& Tower with Radar,10,11,19,8,48,0,3,21,1,25,10,14,40,9,73,10,2,12,85
10/17/2009,ACT,TX,ASW,CE,Combined TRACON& Tower with Radar,6,4,16,0,26,0,0,38,1,39,6,4,54,1,65,6,0,6,71
10/18/2009,ACT,TX,ASW,CE,Combined TRACON& Tower with Radar,8,6,8,5,27,0,0,31,0,31,8,6,39,5,58,0,0,0,58
10/19/2009,ACT,TX,ASW,CE,Combined TRACON& Tower with Radar,8,9,35,6,58,0,2,23,1,26,8,11,58,7,84,4,0,4,88
10/20/2009,ACT,TX,ASW,CE,Combined TRACON& Tower with Radar,8,7,23,0,38,0,0,22,0,22,8,7,45,0,60,38,0,38,98
10/21/2009,ACT,TX,ASW,CE,Combined TRACON& Tower with Radar,6,8,24,0,38,0,0,1,0,1,6,8,25,0,39,0,0,0,39
10/22/2009,ACT,TX,ASW,CE,Combined TRACON& Tower with Radar,7,8,21,0,36,0,0,11,0,11,7,8,32,0,47,6,0,6,53
10/23/2009,ACT,TX,ASW,CE,Combined TRACON& Tower with Radar,11,10,31,1,53,0,2,55,1,58,11,12,86,2,111,2,4,6,117
10/24/2009,ACT,TX,ASW,CE,Combined TRACON& Tower with Radar,12,6,26,0,44,0,0,37,2,39,12,6,63,2,83,0,0,0,83
10/25/2009,ACT,TX,ASW,CE,Combined TRACON& Tower with Radar,6,11,16,13,46,0,0,23,0,23,6,11,39,13,69,10,0,10,79
10/26/2009,ACT,TX,ASW,CE,Combined TRACON& Tower with Radar,6,6,21,7,40,0,0,0,3,3,6,6,21,10,43,0,10,10,53
10/27/2009,ACT,TX,ASW,CE,Combined TRACON& Tower with Radar,8,11,21,1,41,0,4,38,3,45,8,15,59,4,86,18,0,18,104
10/28/2009,ACT,TX,ASW,CE,Combined TRACON& Tower with Radar,8,9,33,2,52,0,2,10,0,12,8,11,43,2,64,8,0,8,72
10/29/2009,ACT,TX,ASW,CE,Combined TRACON& Tower with Radar,6,13,9,0,28,0,0,1,0,1,6,13,10,0,29,0,0,0,29
10/30/2009,ACT,TX,ASW,CE,Combined TRACON& Tower with Radar,9,10,24,16,59,0,4,23,5,32,9,14,47,21,91,2,4,6,97
10/31/2009,ACT,TX,ASW,CE,Combined TRACON& Tower with Radar,7,8,14,34,63,0,0,29,7,36,7,8,43,41,99,12,18,30,129
11/01/2009,ACT,TX,ASW,CE,Combined TRACON& Tower with Radar,6,6,12,25,49,0,0,32,0,32,6,6,44,25,81,12,0,12,93
11/02/2009,ACT,TX,ASW,CE,Combined TRACON& Tower with Radar,8,10,15,5,38,0,3,22,4,29,8,13,37,9,67,8,16,24,91
11/03/2009,ACT,TX,ASW,CE,Combined TRACON& Tower with Radar,8,6,18,0,32,0,3,46,4,53,8,9,64,4,85,36,0,36,121
11/04/2009,ACT,TX,ASW,CE,Combined TRACON& Tower with Radar,8,10,33,8,59,0,1,37,1,39,8,11,70,9,98,22,0,22,120
11/05/2009,ACT,TX,ASW,CE,Combined TRACON& Tower with Radar,8,8,24,4,44,0,1,36,0,37,8,9,60,4,81,28,0,28,109
11/06/2009,ACT,TX,ASW,CE,Combined TRACON& Tower with Radar,10,11,46,7,74,0,6,31,1,38,10,17,77,8,112,10,0,10,122
11/07/2009,ACT,TX,ASW,CE,Combined TRACON& Tower with Radar,10,4,15,5,34,0,6,21,1,28,10,10,36,6,62,20,0,20,82
11/08/2009,ACT,TX,ASW,CE,Combined TRACON& Tower with Radar,8,6,24,2,40,0,0,4,0,4,8,6,28,2,44,0,0,0,44
11/09/2009,ACT,TX,ASW,CE,Combined TRACON& Tower with Radar,8,8,20,0,36,0,1,8,0,9,8,9,28,0,45,0,0,0,45
11/10/2009,ACT,TX,ASW,CE,Combined TRACON& Tower with Radar,8,8,33,1,50,0,3,25,1,29,8,11,58,2,79,48,0,48,127
11/11/2009,ACT,TX,ASW,CE,Combined TRACON& Tower with Radar,8,7,20,0,35,0,1,26,0,27,8,8,46,0,62,8,0,8,70
11/12/2009,ACT,TX,ASW,CE,Combined TRACON& Tower with Radar,8,8,18,3,37,0,2,30,2,34,8,10,48,5,71,24,14,38,109
11/13/2009,ACT,TX,ASW,CE,Combined TRACON& Tower with Radar,8,20,26,17,71,0,9,34,0,43,8,29,60,17,114,8,0,8,122
11/14/2009,ACT,TX,ASW,CE,Combined TRACON& Tower with Radar,8,7,20,6,41,0,2,17,0,19,8,9,37,6,60,2,0,2,62
11/15/2009,ACT,TX,ASW,CE,Combined TRACON& Tower with Radar,13,11,8,0,32,0,0,3,0,3,13,11,11,0,35,0,0,0,35
11/16/2009,ACT,TX,ASW,CE,Combined TRACON& Tower with Radar,8,9,23,1,41,0,1,16,4,21,8,10,39,5,62,30,12,42,104
11/17/2009,ACT,TX,ASW,CE,Combined TRACON& Tower with Radar,8,9,22,6,45,0,1,33,0,34,8,10,55,6,79,32,0,32,111
11/18/2009,ACT,TX,ASW,CE,Combined TRACON& Tower with Radar,8,6,52,0,66,0,0,30,0,30,8,6,82,0,96,0,0,0,96
11/19/2009,ACT,TX,ASW,CE,Combined TRACON& Tower with Radar,7,15,52,7,81,0,0,11,0,11,7,15,63,7,92,0,0,0,92
11/20/2009,ACT,TX,ASW,CE,Combined TRACON& Tower with Radar,4,9,18,0,31,0,0,0,0,0,4,9,18,0,31,0,0,0,31
11/21/2009,ACT,TX,ASW,CE,Combined TRACON& Tower with Radar,9,4,16,2,31,0,0,6,0,6,9,4,22,2,37,2,0,2,39
11/22/2009,ACT,TX,ASW,CE,Combined TRACON& Tower with Radar,8,6,17,0,31,0,0,20,0,20,8,6,37,0,51,2,0,2,53
11/23/2009,ACT,TX,ASW,CE,Combined TRACON& Tower with Radar,8,6,27,4,45,0,2,21,2,25,8,8,48,6,70,0,0,0,70
11/24/2009,ACT,TX,ASW,CE,Combined TRACON& Tower with Radar,10,6,28,7,51,0,2,34,0,36,10,8,62,7,87,0,0,0,87
11/25/2009,ACT,TX,ASW,CE,Combined TRACON& Tower with Radar,8,8,14,4,34,0,0,38,3,41,8,8,52,7,75,0,2,2,77
11/26/2009,ACT,TX,ASW,CE,Combined TRACON& Tower with Radar,6,4,7,0,17,0,0,25,0,25,6,4,32,0,42,0,0,0,42
11/27/2009,ACT,TX,ASW,CE,Combined TRACON& Tower with Radar,8,6,7,0,21,0,0,29,0,29,8,6,36,0,50,10,0,10,60
11/28/2009,ACT,TX,ASW,CE,Combined TRACON& Tower with Radar,8,6,24,0,38,0,0,11,0,11,8,6,35,0,49,0,0,0,49
11/29/2009,ACT,TX,ASW,CE,Combined TRACON& Tower with Radar,7,12,25,0,44,0,0,2,0,2,7,12,27,0,46,0,0,0,46
11/30/2009,ACT,TX,ASW,CE,Combined TRACON& Tower with Radar,9,10,20,3,42,0,4,18,0,22,9,14,38,3,64,6,0,6,70
12/01/2009,ACT,TX,ASW,CE,Combined TRACON& Tower with Radar,8,7,11,5,31,0,0,4,0,4,8,7,15,5,35,0,0,0,35
12/02/2009,ACT,TX,ASW,CE,Combined TRACON& Tower with Radar,8,7,16,0,31,0,0,4,2,6,8,7,20,2,37,0,0,0,37
12/03/2009,ACT,TX,ASW,CE,Combined TRACON& Tower with Radar,8,9,27,5,49,0,2,29,1,32,8,11,56,6,81,0,0,0,81
12/04/2009,ACT,TX,ASW,CE,Combined TRACON& Tower with Radar,6,7,16,0,29,0,1,9,0,10,6,8,25,0,39,0,0,0,39
12/05/2009,ACT,TX,ASW,CE,Combined TRACON& Tower with Radar,9,4,27,2,42,0,0,33,0,33,9,4,60,2,75,16,0,16,91
12/06/2009,ACT,TX,ASW,CE,Combined TRACON& Tower with Radar,9,6,13,0,28,0,0,1,0,1,9,6,14,0,29,0,0,0,29
12/07/2009,ACT,TX,ASW,CE,Combined TRACON& Tower with Radar,8,8,21,0,37,0,0,0,0,0,8,8,21,0,37,0,0,0,37
12/08/2009,ACT,TX,ASW,CE,Combined TRACON& Tower with Radar,6,10,20,1,37,0,2,1,1,4,6,12,21,2,41,0,0,0,41
12/09/2009,ACT,TX,ASW,CE,Combined TRACON& Tower with Radar,8,7,22,8,45,0,4,14,2,20,8,11,36,10,65,0,0,0,65
12/10/2009,ACT,TX,ASW,CE,Combined TRACON& Tower with Radar,8,11,36,6,61,0,1,27,1,29,8,12,63,7,90,4,2,6,96
12/11/2009,ACT,TX,ASW,CE,Combined TRACON& Tower with Radar,8,11,29,0,48,0,5,16,0,21,8,16,45,0,69,26,0,26,95
12/12/2009,ACT,TX,ASW,CE,Combined TRACON& Tower with Radar,8,6,14,0,28,0,0,0,0,0,8,6,14,0,28,0,0,0,28
12/13/2009,ACT,TX,ASW,CE,Combined TRACON& Tower with Radar,8,7,21,0,36,0,1,23,1,25,8,8,44,1,61,4,0,4,65
12/14/2009,ACT,TX,ASW,CE,Combined TRACON& Tower with Radar,8,7,25,0,40,0,5,21,0,26,8,12,46,0,66,30,0,30,96
12/15/2009,ACT,TX,ASW,CE,Combined TRACON& Tower with Radar,8,9,28,2,47,0,5,16,1,22,8,14,44,3,69,26,2,28,97
12/16/2009,ACT,TX,ASW,CE,Combined TRACON& Tower with Radar,6,9,32,4,51,0,4,34,0,38,6,13,66,4,89,24,0,24,113
12/17/2009,ACT,TX,ASW,CE,Combined TRACON& Tower with Radar,8,11,33,9,61,0,4,20,0,24,8,15,53,9,85,0,0,0,85
12/18/2009,ACT,TX,ASW,CE,Combined TRACON& Tower with Radar,8,10,27,1,46,0,10,32,0,42,8,20,59,1,88,22,0,22,110
12/19/2009,ACT,TX,ASW,CE,Combined TRACON& Tower with Radar,8,4,12,0,24,0,0,36,0,36,8,4,48,0,60,2,0,2,62
12/20/2009,ACT,TX,ASW,CE,Combined TRACON& Tower with Radar,6,6,11,0,23,0,0,22,0,22,6,6,33,0,45,6,0,6,51
12/21/2009,ACT,TX,ASW,CE,Combined TRACON& Tower with Radar,8,8,20,4,40,0,3,21,0,24,8,11,41,4,64,8,0,8,72
12/22/2009,ACT,TX,ASW,CE,Combined TRACON& Tower with Radar,8,13,21,0,42,0,1,3,0,4,8,14,24,0,46,18,0,18,64
12/23/2009,ACT,TX,ASW,CE,Combined TRACON& Tower with Radar,8,7,22,2,39,0,0,9,0,9,8,7,31,2,48,0,0,0,48
12/24/2009,ACT,TX,ASW,CE,Combined TRACON& Tower with Radar,5,8,1,0,14,0,0,0,0,0,5,8,1,0,14,0,0,0,14
12/25/2009,ACT,TX,ASW,CE,Combined TRACON& Tower with Radar,7,4,0,0,11,0,0,4,0,4,7,4,4,0,15,0,0,0,15
12/26/2009,ACT,TX,ASW,CE,Combined TRACON& Tower with Radar,8,4,10,0,22,0,0,10,0,10,8,4,20,0,32,0,0,0,32
12/27/2009,ACT,TX,ASW,CE,Combined TRACON& Tower with Radar,8,6,3,0,17,0,0,10,0,10,8,6,13,0,27,0,0,0,27
12/28/2009,ACT,TX,ASW,CE,Combined TRACON& Tower with Radar,8,9,9,1,27,0,0,31,0,31,8,9,40,1,58,4,0,4,62
12/29/2009,ACT,TX,ASW,CE,Combined TRACON& Tower with Radar,3,10,7,0,20,0,0,2,0,2,3,10,9,0,22,1,2,3,25
12/30/2009,ACT,TX,ASW,CE,Combined TRACON& Tower with Radar,7,8,30,0,45,0,0,11,0,11,7,8,41,0,56,0,0,0,56
12/31/2009,ACT,TX,ASW,CE,Combined TRACON& Tower with Radar,8,4,11,0,23,0,0,5,0,5,8,4,16,0,28,0,14,14,42
01/01/2010,ACT,TX,ASW,CE,Combined TRACON& Tower with Radar,9,9,8,0,26,0,0,26,0,26,9,9,34,0,52,0,0,0,52
01/02/2010,ACT,TX,ASW,CE,Combined TRACON& Tower with Radar,5,6,8,0,19,0,0,27,0,27,5,6,35,0,46,4,0,4,50
01/03/2010,ACT,TX,ASW,CE,Combined TRACON& Tower with Radar,4,7,3,0,14,0,0,6,0,6,4,7,9,0,20,0,0,0,20
01/04/2010,ACT,TX,ASW,CE,Combined TRACON& Tower with Radar,8,8,13,4,33,0,0,15,0,15,8,8,28,4,48,12,0,12,60
01/05/2010,ACT,TX,ASW,CE,Combined TRACON& Tower with Radar,8,6,19,2,35,0,3,33,3,39,8,9,52,5,74,6,0,6,80
01/06/2010,ACT,TX,ASW,CE,Combined TRACON& Tower with Radar,8,6,17,2,33,0,2,7,0,9,8,8,24,2,42,0,0,0,42
01/07/2010,ACT,TX,ASW,CE,Combined TRACON& Tower with Radar,7,5,13,2,27,0,2,4,1,7,7,7,17,3,34,0,0,0,34
01/08/2010,ACT,TX,ASW,CE,Combined TRACON& Tower with Radar,5,12,11,5,33,0,0,18,0,18,5,12,29,5,51,0,0,0,51
01/09/2010,ACT,TX,ASW,CE,Combined TRACON& Tower with Radar,7,5,27,11,50,0,0,13,0,13,7,5,40,11,63,2,0,2,65
01/10/2010,ACT,TX,ASW,CE,Combined TRACON& Tower with Radar,8,7,10,3,28,0,0,16,0,16,8,7,26,3,44,10,0,10,54
01/11/2010,ACT,TX,ASW,CE,Combined TRACON& Tower with Radar,8,8,18,5,39,0,6,21,1,28,8,14,39,6,67,22,0,22,89
01/12/2010,ACT,TX,ASW,CE,Combined TRACON& Tower with Radar,8,4,14,2,28,0,0,26,1,27,8,4,40,3,55,26,0,26,81
01/13/2010,ACT,TX,ASW,CE,Combined TRACON& Tower with Radar,7,5,24,1,37,0,2,30,1,33,7,7,54,2,70,72,6,78,148
01/14/2010,ACT,TX,ASW,CE,Combined TRACON& Tower with Radar,6,4,17,2,29,0,0,0,0,0,6,4,17,2,29,0,0,0,29
01/15/2010,ACT,TX,ASW,CE,Combined TRACON& Tower with Radar,8,8,18,0,34,0,0,6,0,6,8,8,24,0,40,0,0,0,40
01/16/2010,ACT,TX,ASW,CE,Combined TRACON& Tower with Radar,8,4,15,0,27,0,1,21,0,22,8,5,36,0,49,26,0,26,75
01/17/2010,ACT,TX,ASW,CE,Combined TRACON& Tower with Radar,12,13,9,0,34,0,0,30,0,30,12,13,39,0,64,26,0,26,90
01/18/2010,ACT,TX,ASW,CE,Combined TRACON& Tower with Radar,8,10,22,3,43,0,0,15,2,17,8,10,37,5,60,2,0,2,62
01/19/2010,ACT,TX,ASW,CE,Combined TRACON& Tower with Radar,8,9,27,5,49,0,2,6,0,8,8,11,33,5,57,0,0,0,57
01/20/2010,ACT,TX,ASW,CE,Combined TRACON& Tower with Radar,8,9,18,1,36,0,1,5,0,6,8,10,23,1,42,0,0,0,42
01/21/2010,ACT,TX,ASW,CE,Combined TRACON& Tower with Radar,6,11,23,3,43,0,9,32,2,43,6,20,55,5,86,28,0,28,114
01/22/2010,ACT,TX,ASW,CE,Combined TRACON& Tower with Radar,8,11,18,10,47,0,4,45,6,55,8,15,63,16,102,2,14,16,118
01/23/2010,ACT,TX,ASW,CE,Combined TRACON& Tower with Radar,8,5,8,0,21,0,1,8,0,9,8,6,16,0,30,4,0,4,34
01/24/2010,ACT,TX,ASW,CE,Combined TRACON& Tower with Radar,8,6,9,2,25,0,0,18,0,18,8,6,27,2,43,20,0,20,63
01/25/2010,ACT,TX,ASW,CE,Combined TRACON& Tower with Radar,6,13,16,4,39,0,4,26,1,31,6,17,42,5,70,0,5,5,75
01/26/2010,ACT,TX,ASW,CE,Combined TRACON& Tower with Radar,8,6,29,6,49,0,2,38,0,40,8,8,67,6,89,16,0,16,105
01/27/2010,ACT,TX,ASW,CE,Combined TRACON& Tower with Radar,6,6,18,5,35,0,0,0,0,0,6,6,18,5,35,0,0,0,35
01/28/2010,ACT,TX,ASW,CE,Combined TRACON& Tower with Radar,7,7,7,0,21,0,3,0,0,3,7,10,7,0,24,0,0,0,24
01/29/2010,ACT,TX,ASW,CE,Combined TRACON& Tower with Radar,7,6,5,0,18,0,0,4,2,6,7,6,9,2,24,0,0,0,24
01/30/2010,ACT,TX,ASW,CE,Combined TRACON& Tower with Radar,8,2,4,0,14,0,0,7,0,7,8,2,11,0,21,0,0,0,21
01/31/2010,ACT,TX,ASW,CE,Combined TRACON& Tower with Radar,6,6,11,2,25,0,0,0,0,0,6,6,11,2,25,0,0,0,25
02/01/2010,ACT,TX,ASW,CE,Combined TRACON& Tower with Radar,8,13,11,0,32,0,0,3,0,3,8,13,14,0,35,0,0,0,35
02/02/2010,ACT,TX,ASW,CE,Combined TRACON& Tower with Radar,8,8,33,0,49,0,1,22,0,23,8,9,55,0,72,12,0,12,84
02/03/2010,ACT,TX,ASW,CE,Combined TRACON& Tower with Radar,8,8,16,11,43,0,0,4,0,4,8,8,20,11,47,8,0,8,55
02/04/2010,ACT,TX,ASW,CE,Combined TRACON& Tower with Radar,8,7,18,2,35,0,0,0,0,0,8,7,18,2,35,0,0,0,35
02/05/2010,ACT,TX,ASW,CE,Combined TRACON& Tower with Radar,8,10,40,6,64,0,1,14,6,21,8,11,54,12,85,12,4,16,101
02/06/2010,ACT,TX,ASW,CE,Combined TRACON& Tower with Radar,8,3,7,4,22,0,0,32,5,37,8,3,39,9,59,16,34,50,109
02/07/2010,ACT,TX,ASW,CE,Combined TRACON& Tower with Radar,8,6,10,3,27,0,0,1,0,1,8,6,11,3,28,2,0,2,30
02/08/2010,ACT,TX,ASW,CE,Combined TRACON& Tower with Radar,8,6,3,2,19,0,0,0,0,0,8,6,3,2,19,0,0,0,19
02/09/2010,ACT,TX,ASW,CE,Combined TRACON& Tower with Radar,8,9,21,3,41,0,3,29,0,32,8,12,50,3,73,6,0,6,79
02/10/2010,ACT,TX,ASW,CE,Combined TRACON& Tower with Radar,9,5,16,0,30,0,3,14,0,17,9,8,30,0,47,8,2,10,57
02/11/2010,ACT,TX,ASW,CE,Combined TRACON& Tower with Radar,0,7,3,0,10,0,0,0,0,0,0,7,3,0,10,0,0,0,10
02/12/2010,ACT,TX,ASW,CE,Combined TRACON& Tower with Radar,4,12,10,3,29,0,1,1,0,2,4,13,11,3,31,0,0,0,31
02/13/2010,ACT,TX,ASW,CE,Combined TRACON& Tower with Radar,8,5,16,0,29,0,0,7,0,7,8,5,23,0,36,16,0,16,52
02/14/2010,ACT,TX,ASW,CE,Combined TRACON& Tower with Radar,12,5,10,0,27,0,0,6,0,6,12,5,16,0,33,0,0,0,33
02/15/2010,ACT,TX,ASW,CE,Combined TRACON& Tower with Radar,8,14,19,0,41,0,0,20,0,20,8,14,39,0,61,10,0,10,71
02/16/2010,ACT,TX,ASW,CE,Combined TRACON& Tower with Radar,8,10,18,3,39,0,5,35,1,41,8,15,53,4,80,8,0,8,88
02/17/2010,ACT,TX,ASW,CE,Combined TRACON& Tower with Radar,8,8,21,4,41,0,3,64,0,67,8,11,85,4,108,26,0,26,134
02/18/2010,ACT,TX,ASW,CE,Combined TRACON& Tower with Radar,8,8,13,12,41,0,5,31,1,37,8,13,44,13,78,0,0,0,78
02/19/2010,ACT,TX,ASW,CE,Combined TRACON& Tower with Radar,8,10,29,0,47,0,0,12,0,12,8,10,41,0,59,32,0,32,91
02/20/2010,ACT,TX,ASW,CE,Combined TRACON& Tower with Radar,6,8,29,1,44,0,0,9,0,9,6,8,38,1,53,20,0,20,73
02/21/2010,ACT,TX,ASW,CE,Combined TRACON& Tower with Radar,10,12,14,0,36,0,0,6,0,6,10,12,20,0,42,32,0,32,74
02/22/2010,ACT,TX,ASW,CE,Combined TRACON& Tower with Radar,8,10,21,9,48,0,0,1,1,2,8,10,22,10,50,0,0,0,50
02/23/2010,ACT,TX,ASW,CE,Combined TRACON& Tower with Radar,6,0,4,0,10,0,0,0,0,0,6,0,4,0,10,0,0,0,10
02/24/2010,ACT,TX,ASW,CE,Combined TRACON& Tower with Radar,8,6,30,5,49,0,0,27,2,29,8,6,57,7,78,26,0,26,104
02/25/2010,ACT,TX,ASW,CE,Combined TRACON& Tower with Radar,8,12,14,1,35,0,0,33,0,33,8,12,47,1,68,4,0,4,72
02/26/2010,ACT,TX,ASW,CE,Combined TRACON& Tower with Radar,8,8,16,3,35,0,0,8,2,10,8,8,24,5,45,0,0,0,45
02/27/2010,ACT,TX,ASW,CE,Combined TRACON& Tower with Radar,7,4,12,0,23,0,0,49,0,49,7,4,61,0,72,4,0,4,76
02/28/2010,ACT,TX,ASW,CE,Combined TRACON& Tower with Radar,6,10,11,2,29,0,0,18,0,18,6,10,29,2,47,0,0,0,47
03/01/2010,ACT,TX,ASW,CE,Combined TRACON& Tower with Radar,7,11,5,0,23,0,0,0,0,0,7,11,5,0,23,0,0,0,23
03/02/2010,ACT,TX,ASW,CE,Combined TRACON& Tower with Radar,6,8,23,1,38,0,0,23,0,23,6,8,46,1,61,0,0,0,61
03/03/2010,ACT,TX,ASW,CE,Combined TRACON& Tower with Radar,6,10,23,5,44,0,1,38,1,40,6,11,61,6,84,28,0,28,112
03/04/2010,ACT,TX,ASW,CE,Combined TRACON& Tower with Radar,6,8,31,6,51,0,0,37,2,39,6,8,68,8,90,4,0,4,94
03/05/2010,ACT,TX,ASW,CE,Combined TRACON& Tower with Radar,8,11,23,0,42,0,1,28,0,29,8,12,51,0,71,14,0,14,85
03/06/2010,ACT,TX,ASW,CE,Combined TRACON& Tower with Radar,8,2,17,0,27,0,0,16,3,19,8,2,33,3,46,4,0,4,50
03/07/2010,ACT,TX,ASW,CE,Combined TRACON& Tower with Radar,6,8,5,0,19,0,0,1,0,1,6,8,6,0,20,0,0,0,20
03/08/2010,ACT,TX,ASW,CE,Combined TRACON& Tower with Radar,4,12,2,0,18,0,0,0,0,0,4,12,2,0,18,0,0,0,18
03/09/2010,ACT,TX,ASW,CE,Combined TRACON& Tower with Radar,8,6,19,0,33,0,4,23,2,29,8,10,42,2,62,14,0,14,76
03/10/2010,ACT,TX,ASW,CE,Combined TRACON& Tower with Radar,9,8,19,0,36,0,3,29,0,32,9,11,48,0,68,38,0,38,106
03/11/2010,ACT,TX,ASW,CE,Combined TRACON& Tower with Radar,8,7,28,5,48,0,0,15,0,15,8,7,43,5,63,0,0,0,63
03/12/2010,ACT,TX,ASW,CE,Combined TRACON& Tower with Radar,8,8,18,0,34,0,0,23,0,23,8,8,41,0,57,0,0,0,57
03/13/2010,ACT,TX,ASW,CE,Combined TRACON& Tower with Radar,8,5,11,1,25,0,0,22,2,24,8,5,33,3,49,0,0,0,49
03/14/2010,ACT,TX,ASW,CE,Combined TRACON& Tower with Radar,8,8,11,0,27,0,0,20,1,21,8,8,31,1,48,22,0,22,70
03/15/2010,ACT,TX,ASW,CE,Combined TRACON& Tower with Radar,5,14,12,0,31,0,1,24,0,25,5,15,36,0,56,6,0,6,62
03/16/2010,ACT,TX,ASW,CE,Combined TRACON& Tower with Radar,8,10,23,0,41,0,0,3,0,3,8,10,26,0,44,8,0,8,52
03/17/2010,ACT,TX,ASW,CE,Combined TRACON& Tower with Radar,8,5,19,1,33,0,2,43,0,45,8,7,62,1,78,32,0,32,110
03/18/2010,ACT,TX,ASW,CE,Combined TRACON& Tower with Radar,10,7,20,0,37,0,3,37,0,40,10,10,57,0,77,4,0,4,81
03/19/2010,ACT,TX,ASW,CE,Combined TRACON& Tower with Radar,8,8,29,0,45,0,3,14,0,17,8,11,43,0,62,8,0,8,70
03/20/2010,ACT,TX,ASW,CE,Combined TRACON& Tower with Radar,2,2,5,0,9,0,0,0,0,0,2,2,5,0,9,0,0,0,9
03/21/2010,ACT,TX,ASW,CE,Combined TRACON& Tower with Radar,8,6,11,0,25,0,1,9,0,10,8,7,20,0,35,0,0,0,35
03/22/2010,ACT,TX,ASW,CE,Combined TRACON& Tower with Radar,8,10,15,0,33,0,3,42,1,46,8,13,57,1,79,18,0,18,97
03/23/2010,ACT,TX,ASW,CE,Combined TRACON& Tower with Radar,9,9,26,2,46,0,6,40,0,46,9,15,66,2,92,18,0,18,110
03/24/2010,ACT,TX,ASW,CE,Combined TRACON& Tower with Radar,7,11,27,0,45,0,0,2,0,2,7,11,29,0,47,14,0,14,61
03/25/2010,ACT,TX,ASW,CE,Combined TRACON& Tower with Radar,9,8,27,4,48,0,0,12,0,12,9,8,39,4,60,12,0,12,72
03/26/2010,ACT,TX,ASW,CE,Combined TRACON& Tower with Radar,8,9,28,0,45,0,2,38,1,41,8,11,66,1,86,27,0,27,113
03/27/2010,ACT,TX,ASW,CE,Combined TRACON& Tower with Radar,8,3,17,1,29,0,1,24,9,34,8,4,41,10,63,23,0,23,86
03/28/2010,ACT,TX,ASW,CE,Combined TRACON& Tower with Radar,8,6,16,0,30,0,0,27,1,28,8,6,43,1,58,20,0,20,78
03/29/2010,ACT,TX,ASW,CE,Combined TRACON& Tower with Radar,8,10,33,3,54,0,1,36,0,37,8,11,69,3,91,18,0,18,109
03/30/2010,ACT,TX,ASW,CE,Combined TRACON& Tower with Radar,6,9,35,2,52,0,0,20,1,21,6,9,55,3,73,0,0,0,73
03/31/2010,ACT,TX,ASW,CE,Combined TRACON& Tower with Radar,8,6,21,1,36,0,1,38,8,47,8,7,59,9,83,4,0,4,87
04/01/2010,ACT,TX,ASW,CE,Combined TRACON& Tower with Radar,8,10,40,0,58,0,3,21,0,24,8,13,61,0,82,2,0,2,84
04/02/2010,ACT,TX,ASW,CE,Combined TRACON& Tower with Radar,8,8,21,0,37,0,0,13,0,13,8,8,34,0,50,2,0,2,52
04/03/2010,ACT,TX,ASW,CE,Combined TRACON& Tower with Radar,8,2,9,0,19,0,0,19,0,19,8,2,28,0,38,6,0,6,44
04/04/2010,ACT,TX,ASW,CE,Combined TRACON& Tower with Radar,8,11,15,3,37,0,0,2,0,2,8,11,17,3,39,0,0,0,39
04/05/2010,ACT,TX,ASW,CE,Combined TRACON& Tower with Radar,8,10,32,0,50,0,0,15,0,15,8,10,47,0,65,0,0,0,65
04/06/2010,ACT,TX,ASW,CE,Combined TRACON& Tower with Radar,8,6,43,0,57,0,3,11,0,14,8,9,54,0,71,0,0,0,71
04/07/2010,ACT,TX,ASW,CE,Combined TRACON& Tower with Radar,8,6,9,2,25,0,1,18,0,19,8,7,27,2,44,36,0,36,80
04/08/2010,ACT,TX,ASW,CE,Combined TRACON& Tower with Radar,8,9,22,0,39,0,2,24,0,26,8,11,46,0,65,0,0,0,65
04/09/2010,ACT,TX,ASW,CE,Combined TRACON& Tower with Radar,8,10,49,11,78,0,4,47,1,52,8,14,96,12,130,36,12,48,178
04/10/2010,ACT,TX,ASW,CE,Combined TRACON& Tower with Radar,8,4,14,4,30,0,1,25,0,26,8,5,39,4,56,0,0,0,56
04/11/2010,ACT,TX,ASW,CE,Combined TRACON& Tower with Radar,8,6,16,10,40,0,1,15,0,16,8,7,31,10,56,20,0,20,76
04/12/2010,ACT,TX,ASW,CE,Combined TRACON& Tower with Radar,8,11,19,0,38,0,1,18,2,21,8,12,37,2,59,6,0,6,65
04/13/2010,ACT,TX,ASW,CE,Combined TRACON& Tower with Radar,8,6,23,2,39,0,9,28,0,37,8,15,51,2,76,10,0,10,86
04/14/2010,ACT,TX,ASW,CE,Combined TRACON& Tower with Radar,8,6,32,0,46,0,2,15,0,17,8,8,47,0,63,0,0,0,63
04/15/2010,ACT,TX,ASW,CE,Combined TRACON& Tower with Radar,8,14,31,0,53,2,0,8,0,10,10,14,39,0,63,0,0,0,63
04/16/2010,ACT,TX,ASW,CE,Combined TRACON& Tower with Radar,8,15,30,24,77,0,0,10,2,12,8,15,40,26,89,20,0,20,109
04/17/2010,ACT,TX,ASW,CE,Combined TRACON& Tower with Radar,8,6,4,0,18,0,0,0,0,0,8,6,4,0,18,0,8,8,26
04/18/2010,ACT,TX,ASW,CE,Combined TRACON& Tower with Radar,6,7,21,1,35,0,0,6,0,6,6,7,27,1,41,0,0,0,41
04/19/2010,ACT,TX,ASW,CE,Combined TRACON& Tower with Radar,8,11,36,0,55,0,0,14,0,14,8,11,50,0,69,18,0,18,87
04/20/2010,ACT,TX,ASW,CE,Combined TRACON& Tower with Radar,4,13,27,0,44,0,0,20,0,20,4,13,47,0,64,34,0,34,98
04/21/2010,ACT,TX,ASW,CE,Combined TRACON& Tower with Radar,6,8,33,2,49,0,1,35,0,36,6,9,68,2,85,24,0,24,109
04/22/2010,ACT,TX,ASW,CE,Combined TRACON& Tower with Radar,8,10,38,1,57,0,0,10,0,10,8,10,48,1,67,0,0,0,67
04/23/2010,ACT,TX,ASW,CE,Combined TRACON& Tower with Radar,8,11,17,2,38,0,3,21,1,25,8,14,38,3,63,28,0,28,91
04/24/2010,ACT,TX,ASW,CE,Combined TRACON& Tower with Radar,8,4,2,2,16,0,0,19,3,22,8,4,21,5,38,23,0,23,61
04/25/2010,ACT,TX,ASW,CE,Combined TRACON& Tower with Radar,8,6,4,2,20,0,1,31,0,32,8,7,35,2,52,12,0,12,64
04/26/2010,ACT,TX,ASW,CE,Combined TRACON& Tower with Radar,7,12,29,3,51,0,1,27,1,29,7,13,56,4,80,38,0,38,118
04/27/2010,ACT,TX,ASW,CE,Combined TRACON& Tower with Radar,7,9,36,3,55,0,3,51,1,55,7,12,87,4,110,24,0,24,134
04/28/2010,ACT,TX,ASW,CE,Combined TRACON& Tower with Radar,8,6,27,2,43,0,2,28,0,30,8,8,55,2,73,0,0,0,73
04/29/2010,ACT,TX,ASW,CE,Combined TRACON& Tower with Radar,8,8,28,2,46,0,1,11,0,12,8,9,39,2,58,2,0,2,60
04/30/2010,ACT,TX,ASW,CE,Combined TRACON& Tower with Radar,8,10,13,0,31,0,0,17,0,17,8,10,30,0,48,32,0,32,80
05/01/2010,ACT,TX,ASW,CE,Combined TRACON& Tower with Radar,8,4,7,15,34,0,2,7,6,15,8,6,14,21,49,4,8,12,61
05/02/2010,ACT,TX,ASW,CE,Combined TRACON& Tower with Radar,8,6,9,2,25,0,1,28,3,32,8,7,37,5,57,18,8,26,83
05/03/2010,ACT,TX,ASW,CE,Combined TRACON& Tower with Radar,8,8,24,0,40,0,2,30,0,32,8,10,54,0,72,16,0,16,88
05/04/2010,ACT,TX,ASW,CE,Combined TRACON& Tower with Radar,8,6,27,1,42,0,2,41,0,43,8,8,68,1,85,32,0,32,117
05/05/2010,ACT,TX,ASW,CE,Combined TRACON& Tower with Radar,6,7,26,4,43,0,2,27,0,29,6,9,53,4,72,12,0,12,84
05/06/2010,ACT,TX,ASW,CE,Combined TRACON& Tower with Radar,8,8,33,9,58,0,0,30,0,30,8,8,63,9,88,24,0,24,112
05/07/2010,ACT,TX,ASW,CE,Combined TRACON& Tower with Radar,8,8,24,0,40,0,0,19,0,19,8,8,43,0,59,46,0,46,105
05/08/2010,ACT,TX,ASW,CE,Combined TRACON& Tower with Radar,8,4,15,0,27,0,0,9,0,9,8,4,24,0,36,0,0,0,36
05/09/2010,ACT,TX,ASW,CE,Combined TRACON& Tower with Radar,6,8,6,6,26,0,0,3,0,3,6,8,9,6,29,0,0,0,29
05/10/2010,ACT,TX,ASW,CE,Combined TRACON& Tower with Radar,8,8,19,0,35,0,1,7,0,8,8,9,26,0,43,0,0,0,43
05/11/2010,ACT,TX,ASW,CE,Combined TRACON& Tower with Radar,8,6,23,0,37,0,6,13,3,22,8,12,36,3,59,2,0,2,61
05/12/2010,ACT,TX,ASW,CE,Combined TRACON& Tower with Radar,8,6,34,2,50,0,4,10,5,19,8,10,44,7,69,2,6,8,77
05/13/2010,ACT,TX,ASW,CE,Combined TRACON& Tower with Radar,8,9,39,0,56,0,3,15,0,18,8,12,54,0,74,14,0,14,88
05/14/2010,ACT,TX,ASW,CE,Combined TRACON& Tower with Radar,6,4,11,0,21,0,0,6,0,6,6,4,17,0,27,8,0,8,35
05/15/2010,ACT,TX,ASW,CE,Combined TRACON& Tower with Radar,8,5,13,0,26,0,0,4,0,4,8,5,17,0,30,0,0,0,30
05/16/2010,ACT,TX,ASW,CE,Combined TRACON& Tower with Radar,8,7,9,0,24,0,0,8,0,8,8,7,17,0,32,0,0,0,32
05/17/2010,ACT,TX,ASW,CE,Combined TRACON& Tower with Radar,4,5,18,2,29,0,4,24,3,31,4,9,42,5,60,20,6,26,86
05/18/2010,ACT,TX,ASW,CE,Combined TRACON& Tower with Radar,8,9,34,4,55,0,6,37,1,44,8,15,71,5,99,22,0,22,121
05/19/2010,ACT,TX,ASW,CE,Combined TRACON& Tower with Radar,8,7,24,4,43,0,0,22,0,22,8,7,46,4,65,0,0,0,65
05/20/2010,ACT,TX,ASW,CE,Combined TRACON& Tower with Radar,8,13,22,0,43,0,3,13,0,16,8,16,35,0,59,36,0,36,95
05/21/2010,ACT,TX,ASW,CE,Combined TRACON& Tower with Radar,6,9,18,20,53,0,1,18,0,19,6,10,36,20,72,6,0,6,78
05/22/2010,ACT,TX,ASW,CE,Combined TRACON& Tower with Radar,8,4,13,5,30,0,0,7,1,8,8,4,20,6,38,0,0,0,38
05/23/2010,ACT,TX,ASW,CE,Combined TRACON& Tower with Radar,6,6,8,2,22,0,0,12,0,12,6,6,20,2,34,0,0,0,34
05/24/2010,ACT,TX,ASW,CE,Combined TRACON& Tower with Radar,8,16,21,0,45,0,2,24,0,26,8,18,45,0,71,16,0,16,87
05/25/2010,ACT,TX,ASW,CE,Combined TRACON& Tower with Radar,8,9,20,0,37,0,2,25,0,27,8,11,45,0,64,2,0,2,66
05/26/2010,ACT,TX,ASW,CE,Combined TRACON& Tower with Radar,8,7,25,3,43,0,6,39,0,45,8,13,64,3,88,28,0,28,116
05/27/2010,ACT,TX,ASW,CE,Combined TRACON& Tower with Radar,8,10,30,2,50,0,8,45,2,55,8,18,75,4,105,6,0,6,111
05/28/2010,ACT,TX,ASW,CE,Combined TRACON& Tower with Radar,8,8,22,0,38,0,5,24,0,29,8,13,46,0,67,10,0,10,77
05/29/2010,ACT,TX,ASW,CE,Combined TRACON& Tower with Radar,8,4,5,1,18,0,0,19,0,19,8,4,24,1,37,16,2,18,55
05/30/2010,ACT,TX,ASW,CE,Combined TRACON& Tower with Radar,8,8,2,2,20,0,0,11,0,11,8,8,13,2,31,0,0,0,31
05/31/2010,ACT,TX,ASW,CE,Combined TRACON& Tower with Radar,8,4,11,0,23,0,0,12,0,12,8,4,23,0,35,14,0,14,49
06/01/2010,ACT,TX,ASW,CE,Combined TRACON& Tower with Radar,8,10,11,4,33,0,0,28,1,29,8,10,39,5,62,24,0,24,86
06/02/2010,ACT,TX,ASW,CE,Combined TRACON& Tower with Radar,8,6,16,4,34,0,2,27,0,29,8,8,43,4,63,1,0,1,64
06/03/2010,ACT,TX,ASW,CE,Combined TRACON& Tower with Radar,8,9,6,0,23,0,16,6,0,22,8,25,12,0,45,4,0,4,49
06/04/2010,ACT,TX,ASW,CE,Combined TRACON& Tower with Radar,8,7,26,2,43,0,4,22,0,26,8,11,48,2,69,2,0,2,71
06/05/2010,ACT,TX,ASW,CE,Combined TRACON& Tower with Radar,7,5,11,0,23,0,4,16,0,20,7,9,27,0,43,0,0,0,43
06/06/2010,ACT,TX,ASW,CE,Combined TRACON& Tower with Radar,8,6,20,4,38,0,2,6,0,8,8,8,26,4,46,0,0,0,46
06/07/2010,ACT,TX,ASW,CE,Combined TRACON& Tower with Radar,10,8,10,5,33,0,3,26,0,29,10,11,36,5,62,14,0,14,76
06/08/2010,ACT,TX,ASW,CE,Combined TRACON& Tower with Radar,8,5,18,0,31,0,3,14,0,17,8,8,32,0,48,2,0,2,50
06/09/2010,ACT,TX,ASW,CE,Combined TRACON& Tower with Radar,7,8,3,0,18,0,0,0,0,0,7,8,3,0,18,12,0,12,30
06/10/2010,ACT,TX,ASW,CE,Combined TRACON& Tower with Radar,9,8,23,0,40,0,2,8,0,10,9,10,31,0,50,0,0,0,50
06/11/2010,ACT,TX,ASW,CE,Combined TRACON& Tower with Radar,8,8,30,10,56,0,5,12,1,18,8,13,42,11,74,0,0,0,74
06/12/2010,ACT,TX,ASW,CE,Combined TRACON& Tower with Radar,10,6,15,10,41,0,0,11,1,12,10,6,26,11,53,0,0,0,53
06/13/2010,ACT,TX,ASW,CE,Combined TRACON& Tower with Radar,8,6,19,7,40,0,0,22,0,22,8,6,41,7,62,2,2,4,66
06/14/2010,ACT,TX,ASW,CE,Combined TRACON& Tower with Radar,8,8,18,6,40,0,6,13,0,19,8,14,31,6,59,0,0,0,59
06/15/2010,ACT,TX,ASW,CE,Combined TRACON& Tower with Radar,8,7,13,6,34,0,15,30,2,47,8,22,43,8,81,10,0,10,91
06/16/2010,ACT,TX,ASW,CE,Combined TRACON& Tower with Radar,8,10,17,0,35,0,5,54,0,59,8,15,71,0,94,40,0,40,134
06/17/2010,ACT,TX,ASW,CE,Combined TRACON& Tower with Radar,8,8,21,4,41,0,4,34,0,38,8,12,55,4,79,18,0,18,97
06/18/2010,ACT,TX,ASW,CE,Combined TRACON& Tower with Radar,8,12,15,1,36,0,6,25,1,32,8,18,40,2,68,28,0,28,96
06/19/2010,ACT,TX,ASW,CE,Combined TRACON& Tower with Radar,8,5,12,0,25,0,0,21,0,21,8,5,33,0,46,20,0,20,66
06/20/2010,ACT,TX,ASW,CE,Combined TRACON& Tower with Radar,8,10,9,1,28,0,0,9,0,9,8,10,18,1,37,0,0,0,37
06/21/2010,ACT,TX,ASW,CE,Combined TRACON& Tower with Radar,8,11,9,2,30,0,7,27,0,34,8,18,36,2,64,10,0,10,74
06/22/2010,ACT,TX,ASW,CE,Combined TRACON& Tower with Radar,8,7,24,0,39,0,5,29,0,34,8,12,53,0,73,26,0,26,99
06/23/2010,ACT,TX,ASW,CE,Combined TRACON& Tower with Radar,8,9,23,0,40,0,4,28,1,33,8,13,51,1,73,4,0,4,77
06/24/2010,ACT,TX,ASW,CE,Combined TRACON& Tower with Radar,8,12,16,6,42,0,11,21,0,32,8,23,37,6,74,22,0,22,96
06/25/2010,ACT,TX,ASW,CE,Combined TRACON& Tower with Radar,8,8,14,0,30,0,16,28,0,44,8,24,42,0,74,6,0,6,80
06/26/2010,ACT,TX,ASW,CE,Combined TRACON& Tower with Radar,6,6,7,3,22,0,1,23,0,24,6,7,30,3,46,4,0,4,50
06/27/2010,ACT,TX,ASW,CE,Combined TRACON& Tower with Radar,8,7,7,0,22,0,0,6,0,6,8,7,13,0,28,0,0,0,28
06/28/2010,ACT,TX,ASW,CE,Combined TRACON& Tower with Radar,6,8,9,0,23,0,9,14,0,23,6,17,23,0,46,14,0,14,60
06/29/2010,ACT,TX,ASW,CE,Combined TRACON& Tower with Radar,8,10,19,1,38,0,1,10,0,11,8,11,29,1,49,10,0,10,59
06/30/2010,ACT,TX,ASW,CE,Combined TRACON& Tower with Radar,8,11,16,2,37,0,0,11,0,11,8,11,27,2,48,26,0,26,74
07/01/2010,ACT,TX,ASW,CE,Combined TRACON& Tower with Radar,8,7,19,1,35,0,2,10,0,12,8,9,29,1,47,30,0,30,77
07/02/2010,ACT,TX,ASW,CE,Combined TRACON& Tower with Radar,8,9,13,0,30,0,1,3,0,4,8,10,16,0,34,0,0,0,34
07/03/2010,ACT,TX,ASW,CE,Combined TRACON& Tower with Radar,8,7,9,0,24,0,0,4,0,4,8,7,13,0,28,8,0,8,36
07/04/2010,ACT,TX,ASW,CE,Combined TRACON& Tower with Radar,8,7,8,0,23,0,6,5,0,11,8,13,13,0,34,22,0,22,56
07/05/2010,ACT,TX,ASW,CE,Combined TRACON& Tower with Radar,8,6,12,0,26,0,0,19,0,19,8,6,31,0,45,6,0,6,51
07/06/2010,ACT,TX,ASW,CE,Combined TRACON& Tower with Radar,8,10,17,4,39,0,1,35,0,36,8,11,52,4,75,38,0,38,113
07/07/2010,ACT,TX,ASW,CE,Combined TRACON& Tower with Radar,8,8,13,0,29,0,4,19,0,23,8,12,32,0,52,40,0,40,92
07/08/2010,ACT,TX,ASW,CE,Combined TRACON& Tower with Radar,8,10,13,0,31,0,1,10,0,11,8,11,23,0,42,0,0,0,42
07/09/2010,ACT,TX,ASW,CE,Combined TRACON& Tower with Radar,8,12,26,4,50,0,5,14,0,19,8,17,40,4,69,6,14,20,89
07/10/2010,ACT,TX,ASW,CE,Combined TRACON& Tower with Radar,8,6,19,0,33,0,0,11,0,11,8,6,30,0,44,6,0,6,50
07/11/2010,ACT,TX,ASW,CE,Combined TRACON& Tower with Radar,8,6,6,2,22,0,0,22,0,22,8,6,28,2,44,2,0,2,46
07/12/2010,ACT,TX,ASW,CE,Combined TRACON& Tower with Radar,8,8,28,2,46,0,5,14,0,19,8,13,42,2,65,4,0,4,69
07/13/2010,ACT,TX,ASW,CE,Combined TRACON& Tower with Radar,8,13,25,0,46,0,2,28,0,30,8,15,53,0,76,44,0,44,120
07/14/2010,ACT,TX,ASW,CE,Combined TRACON& Tower with Radar,8,10,36,4,58,0,4,31,0,35,8,14,67,4,93,38,0,38,131
07/15/2010,ACT,TX,ASW,CE,Combined TRACON& Tower with Radar,9,8,39,2,58,0,9,23,0,32,9,17,62,2,90,22,0,22,112
07/16/2010,ACT,TX,ASW,CE,Combined TRACON& Tower with Radar,7,12,19,11,49,0,7,23,2,32,7,19,42,13,81,20,0,20,101
07/17/2010,ACT,TX,ASW,CE,Combined TRACON& Tower with Radar,8,6,9,9,32,0,0,19,0,19,8,6,28,9,51,4,4,8,59
07/18/2010,ACT,TX,ASW,CE,Combined TRACON& Tower with Radar,8,5,6,3,22,0,2,12,1,15,8,7,18,4,37,0,0,0,37
07/19/2010,ACT,TX,ASW,CE,Combined TRACON& Tower with Radar,8,8,27,2,45,0,5,9,1,15,8,13,36,3,60,30,0,30,90
07/20/2010,ACT,TX,ASW,CE,Combined TRACON& Tower with Radar,8,8,43,2,61,0,0,10,0,10,8,8,53,2,71,2,0,2,73
07/21/2010,ACT,TX,ASW,CE,Combined TRACON& Tower with Radar,8,8,31,0,47,0,4,27,0,31,8,12,58,0,78,26,0,26,104
07/22/2010,ACT,TX,ASW,CE,Combined TRACON& Tower with Radar,8,8,22,0,38,0,2,11,0,13,8,10,33,0,51,0,0,0,51
07/23/2010,ACT,TX,ASW,CE,Combined TRACON& Tower with Radar,8,10,27,2,47,0,5,21,1,27,8,15,48,3,74,44,0,44,118
07/24/2010,ACT,TX,ASW,CE,Combined TRACON& Tower with Radar,8,7,14,4,33,0,1,8,0,9,8,8,22,4,42,0,0,0,42
07/25/2010,ACT,TX,ASW,CE,Combined TRACON& Tower with Radar,8,6,10,7,31,0,0,9,0,9,8,6,19,7,40,0,0,0,40
07/26/2010,ACT,TX,ASW,CE,Combined TRACON& Tower with Radar,8,9,28,4,49,0,0,8,1,9,8,9,36,5,58,0,0,0,58
07/27/2010,ACT,TX,ASW,CE,Combined TRACON& Tower with Radar,8,8,43,2,61,0,0,9,0,9,8,8,52,2,70,2,0,2,72
07/28/2010,ACT,TX,ASW,CE,Combined TRACON& Tower with Radar,8,26,56,3,93,0,4,18,0,22,8,30,74,3,115,0,0,0,115
07/29/2010,ACT,TX,ASW,CE,Combined TRACON& Tower with Radar,8,26,57,5,96,0,0,14,0,14,8,26,71,5,110,14,0,14,124
07/30/2010,ACT,TX,ASW,CE,Combined TRACON& Tower with Radar,8,7,18,17,50,0,2,36,6,44,8,9,54,23,94,42,0,42,136
07/31/2010,ACT,TX,ASW,CE,Combined TRACON& Tower with Radar,8,5,1,5,19,0,0,19,0,19,8,5,20,5,38,6,0,6,44
08/01/2010,ACT,TX,ASW,CE,Combined TRACON& Tower with Radar,8,6,8,15,37,0,0,12,0,12,8,6,20,15,49,0,2,2,51
08/02/2010,ACT,TX,ASW,CE,Combined TRACON& Tower with Radar,8,8,14,0,30,0,0,22,1,23,8,8,36,1,53,13,0,13,66
08/03/2010,ACT,TX,ASW,CE,Combined TRACON& Tower with Radar,8,8,20,0,36,0,0,26,6,32,8,8,46,6,68,28,0,28,96
08/04/2010,ACT,TX,ASW,CE,Combined TRACON& Tower with Radar,8,9,23,10,50,0,4,39,0,43,8,13,62,10,93,66,0,66,159
08/05/2010,ACT,TX,ASW,CE,Combined TRACON& Tower with Radar,8,10,28,2,48,0,0,29,2,31,8,10,57,4,79,4,0,4,83
08/06/2010,ACT,TX,ASW,CE,Combined TRACON& Tower with Radar,8,8,16,3,35,0,0,36,0,36,8,8,52,3,71,0,0,0,71
08/07/2010,ACT,TX,ASW,CE,Combined TRACON& Tower with Radar,8,7,5,0,20,0,1,14,0,15,8,8,19,0,35,0,0,0,35
08/08/2010,ACT,TX,ASW,CE,Combined TRACON& Tower with Radar,8,7,7,1,23,0,0,10,0,10,8,7,17,1,33,0,0,0,33
08/09/2010,ACT,TX,ASW,CE,Combined TRACON& Tower with Radar,8,10,17,1,36,0,0,24,3,27,8,10,41,4,63,9,0,9,72
08/10/2010,ACT,TX,ASW,CE,Combined TRACON& Tower with Radar,8,9,25,4,46,0,1,43,0,44,8,10,68,4,90,16,0,16,106
08/11/2010,ACT,TX,ASW,CE,Combined TRACON& Tower with Radar,8,26,50,11,95,0,0,14,0,14,8,26,64,11,109,0,0,0,109
08/12/2010,ACT,TX,ASW,CE,Combined TRACON& Tower with Radar,8,9,19,0,36,0,2,65,0,67,8,11,84,0,103,74,0,74,177
08/13/2010,ACT,TX,ASW,CE,Combined TRACON& Tower with Radar,8,8,17,4,37,0,4,36,2,42,8,12,53,6,79,22,6,28,107
08/14/2010,ACT,TX,ASW,CE,Combined TRACON& Tower with Radar,8,6,6,2,22,0,0,12,0,12,8,6,18,2,34,0,0,0,34
08/15/2010,ACT,TX,ASW,CE,Combined TRACON& Tower with Radar,11,6,4,10,31,0,0,20,0,20,11,6,24,10,51,2,6,8,59
08/16/2010,ACT,TX,ASW,CE,Combined TRACON& Tower with Radar,9,6,17,4,36,0,2,9,0,11,9,8,26,4,47,2,0,2,49
08/17/2010,ACT,TX,ASW,CE,Combined TRACON& Tower with Radar,8,7,30,6,51,0,2,24,1,27,8,9,54,7,78,10,0,10,88
08/18/2010,ACT,TX,ASW,CE,Combined TRACON& Tower with Radar,8,6,27,2,43,0,0,17,3,20,8,6,44,5,63,18,10,28,91
08/19/2010,ACT,TX,ASW,CE,Combined TRACON& Tower with Radar,8,10,22,3,43,0,2,38,3,43,8,12,60,6,86,8,2,10,96
08/20/2010,ACT,TX,ASW,CE,Combined TRACON& Tower with Radar,8,8,26,4,46,0,2,33,0,35,8,10,59,4,81,6,0,6,87
08/21/2010,ACT,TX,ASW,CE,Combined TRACON& Tower with Radar,8,6,5,2,21,0,0,15,0,15,8,6,20,2,36,14,0,14,50
08/22/2010,ACT,TX,ASW,CE,Combined TRACON& Tower with Radar,8,6,18,0,32,0,0,12,0,12,8,6,30,0,44,0,0,0,44
08/23/2010,ACT,TX,ASW,CE,Combined TRACON& Tower with Radar,8,8,26,3,45,0,6,19,1,26,8,14,45,4,71,24,0,24,95
08/24/2010,ACT,TX,ASW,CE,Combined TRACON& Tower with Radar,10,6,16,1,33,0,3,20,3,26,10,9,36,4,59,10,0,10,69
08/25/2010,ACT,TX,ASW,CE,Combined TRACON& Tower with Radar,8,6,24,0,38,0,1,12,0,13,8,7,36,0,51,0,0,0,51
08/26/2010,ACT,TX,ASW,CE,Combined TRACON& Tower with Radar,10,7,22,13,52,0,0,24,0,24,10,7,46,13,76,4,0,4,80
08/27/2010,ACT,TX,ASW,CE,Combined TRACON& Tower with Radar,8,8,14,4,34,0,2,23,3,28,8,10,37,7,62,14,0,14,76
08/28/2010,ACT,TX,ASW,CE,Combined TRACON& Tower with Radar,8,7,9,8,32,0,4,27,0,31,8,11,36,8,63,12,0,12,75
08/29/2010,ACT,TX,ASW,CE,Combined TRACON& Tower with Radar,8,8,5,2,23,0,0,24,0,24,8,8,29,2,47,4,0,4,51
08/30/2010,ACT,TX,ASW,CE,Combined TRACON& Tower with Radar,8,11,29,4,52,0,4,21,0,25,8,15,50,4,77,28,0,28,105
08/31/2010,ACT,TX,ASW,CE,Combined TRACON& Tower with Radar,8,7,18,2,35,0,4,24,0,28,8,11,42,2,63,16,0,16,79
09/01/2010,ACT,TX,ASW,CE,Combined TRACON& Tower with Radar,9,9,30,1,49,0,4,19,0,23,9,13,49,1,72,20,0,20,92
09/02/2010,ACT,TX,ASW,CE,Combined TRACON& Tower with Radar,6,8,19,3,36,0,0,6,1,7,6,8,25,4,43,4,0,4,47
09/03/2010,ACT,TX,ASW,CE,Combined TRACON& Tower with Radar,8,10,15,1,34,0,2,36,1,39,8,12,51,2,73,20,0,20,93
09/04/2010,ACT,TX,ASW,CE,Combined TRACON& Tower with Radar,8,6,9,0,23,0,1,39,0,40,8,7,48,0,63,14,0,14,77
09/05/2010,ACT,TX,ASW,CE,Combined TRACON& Tower with Radar,8,2,8,0,18,0,0,23,2,25,8,2,31,2,43,4,0,4,47
09/06/2010,ACT,TX,ASW,CE,Combined TRACON& Tower with Radar,8,8,18,0,34,0,2,28,2,32,8,10,46,2,66,4,0,4,70
09/07/2010,ACT,TX,ASW,CE,Combined TRACON& Tower with Radar,8,6,1,0,15,0,0,0,0,0,8,6,1,0,15,0,0,0,15
09/08/2010,ACT,TX,ASW,CE,Combined TRACON& Tower with Radar,4,10,3,0,17,0,1,2,0,3,4,11,5,0,20,0,0,0,20
09/09/2010,ACT,TX,ASW,CE,Combined TRACON& Tower with Radar,8,9,14,0,31,0,8,15,1,24,8,17,29,1,55,4,0,4,59
09/10/2010,ACT,TX,ASW,CE,Combined TRACON& Tower with Radar,8,14,21,2,45,0,4,29,2,35,8,18,50,4,80,18,0,18,98
09/11/2010,ACT,TX,ASW,CE,Combined TRACON& Tower with Radar,8,5,11,0,24,0,0,23,1,24,8,5,34,1,48,4,0,4,52
09/12/2010,ACT,TX,ASW,CE,Combined TRACON& Tower with Radar,8,12,8,2,30,0,0,19,3,22,8,12,27,5,52,0,0,0,52
09/13/2010,ACT,TX,ASW,CE,Combined TRACON& Tower with Radar,8,20,15,6,49,0,3,41,1,45,8,23,56,7,94,24,0,24,118
09/14/2010,ACT,TX,ASW,CE,Combined TRACON& Tower with Radar,8,6,33,0,47,0,2,38,2,42,8,8,71,2,89,15,0,15,104
09/15/2010,ACT,TX,ASW,CE,Combined TRACON& Tower with Radar,8,7,38,6,59,0,4,42,7,53,8,11,80,13,112,30,28,58,170
09/16/2010,ACT,TX,ASW,CE,Combined TRACON& Tower with Radar,8,8,25,8,49,0,4,37,3,44,8,12,62,11,93,22,1,23,116
09/17/2010,ACT,TX,ASW,CE,Combined TRACON& Tower with Radar,8,14,21,16,59,0,3,30,3,36,8,17,51,19,95,8,4,12,107
09/18/2010,ACT,TX,ASW,CE,Combined TRACON& Tower with Radar,8,4,5,4,21,0,1,12,4,17,8,5,17,8,38,6,0,6,44
09/19/2010,ACT,TX,ASW,CE,Combined TRACON& Tower with Radar,8,7,7,13,35,0,0,11,4,15,8,7,18,17,50,0,0,0,50
09/20/2010,ACT,TX,ASW,CE,Combined TRACON& Tower with Radar,8,10,4,2,24,0,1,31,2,34,8,11,35,4,58,18,0,18,76
09/21/2010,ACT,TX,ASW,CE,Combined TRACON& Tower with Radar,8,7,16,7,38,0,0,17,6,23,8,7,33,13,61,4,0,4,65
09/22/2010,ACT,TX,ASW,CE,Combined TRACON& Tower with Radar,8,7,18,2,35,0,0,21,1,22,8,7,39,3,57,10,0,10,67
09/23/2010,ACT,TX,ASW,CE,Combined TRACON& Tower with Radar,6,12,25,5,48,0,0,17,0,17,6,12,42,5,65,30,0,30,95
09/24/2010,ACT,TX,ASW,CE,Combined TRACON& Tower with Radar,8,21,30,6,65,0,3,18,2,23,8,24,48,8,88,30,0,30,118
09/25/2010,ACT,TX,ASW,CE,Combined TRACON& Tower with Radar,6,5,8,2,21,0,0,5,0,5,6,5,13,2,26,18,0,18,44
09/26/2010,ACT,TX,ASW,CE,Combined TRACON& Tower with Radar,8,6,8,4,26,0,0,6,0,6,8,6,14,4,32,0,0,0,32
09/27/2010,ACT,TX,ASW,CE,Combined TRACON& Tower with Radar,8,7,14,8,37,0,0,45,0,45,8,7,59,8,82,8,0,8,90
09/28/2010,ACT,TX,ASW,CE,Combined TRACON& Tower with Radar,8,6,35,4,53,0,0,51,1,52,8,6,86,5,105,48,0,48,153
09/29/2010,ACT,TX,ASW,CE,Combined TRACON& Tower with Radar,8,12,22,2,44,0,1,35,0,36,8,13,57,2,80,20,0,20,100
09/30/2010,ACT,TX,ASW,CE,Combined TRACON& Tower with Radar,8,12,17,9,46,0,1,36,0,37,8,13,53,9,83,10,0,10,93
10/01/2010,ACT,TX,ASW,CE,Combined TRACON& Tower with Radar,10,8,11,20,49,0,0,51,4,55,10,8,62,24,104,54,0,54,158
10/02/2010,ACT,TX,ASW,CE,Combined TRACON& Tower with Radar,12,6,15,2,35,0,0,28,0,28,12,6,43,2,63,0,0,0,63
10/03/2010,ACT,TX,ASW,CE,Combined TRACON& Tower with Radar,8,4,11,5,28,0,1,24,0,25,8,5,35,5,53,4,0,4,57
10/04/2010,ACT,TX,ASW,CE,Combined TRACON& Tower with Radar,6,12,18,3,39,0,0,30,1,31,6,12,48,4,70,4,0,4,74
10/05/2010,ACT,TX,ASW,CE,Combined TRACON& Tower with Radar,8,6,29,17,60,0,0,25,2,27,8,6,54,19,87,0,0,0,87
10/06/2010,ACT,TX,ASW,CE,Combined TRACON& Tower with Radar,8,6,26,2,42,0,0,37,0,37,8,6,63,2,79,0,0,0,79
10/07/2010,ACT,TX,ASW,CE,Combined TRACON& Tower with Radar,8,9,20,5,42,0,0,23,1,24,8,9,43,6,66,0,0,0,66
10/08/2010,ACT,TX,ASW,CE,Combined TRACON& Tower with Radar,6,11,16,12,45,0,0,33,0,33,6,11,49,12,78,32,0,32,110
10/09/2010,ACT,TX,ASW,CE,Combined TRACON& Tower with Radar,8,4,9,2,23,0,0,33,0,33,8,4,42,2,56,28,0,28,84
10/10/2010,ACT,TX,ASW,CE,Combined TRACON& Tower with Radar,8,8,13,0,29,0,0,25,0,25,8,8,38,0,54,0,0,0,54
10/11/2010,ACT,TX,ASW,CE,Combined TRACON& Tower with Radar,8,8,7,4,27,0,0,7,2,9,8,8,14,6,36,12,4,16,52
10/12/2010,ACT,TX,ASW,CE,Combined TRACON& Tower with Radar,8,7,24,5,44,0,0,28,0,28,8,7,52,5,72,10,2,12,84
10/13/2010,ACT,TX,ASW,CE,Combined TRACON& Tower with Radar,8,16,22,5,51,0,0,25,1,26,8,16,47,6,77,46,0,46,123
10/14/2010,ACT,TX,ASW,CE,Combined TRACON& Tower with Radar,8,8,30,5,51,0,0,35,0,35,8,8,65,5,86,8,0,8,94
10/15/2010,ACT,TX,ASW,CE,Combined TRACON& Tower with Radar,10,10,33,7,60,0,0,45,0,45,10,10,78,7,105,34,0,34,139
10/16/2010,ACT,TX,ASW,CE,Combined TRACON& Tower with Radar,8,4,23,5,40,0,0,22,1,23,8,4,45,6,63,0,0,0,63
10/17/2010,ACT,TX,ASW,CE,Combined TRACON& Tower with Radar,8,6,10,0,24,0,0,22,0,22,8,6,32,0,46,0,0,0,46
10/18/2010,ACT,TX,ASW,CE,Combined TRACON& Tower with Radar,8,8,29,6,51,0,3,26,3,32,8,11,55,9,83,14,4,18,101
10/19/2010,ACT,TX,ASW,CE,Combined TRACON& Tower with Radar,8,5,37,2,52,0,2,30,0,32,8,7,67,2,84,12,0,12,96
10/20/2010,ACT,TX,ASW,CE,Combined TRACON& Tower with Radar,8,6,31,5,50,0,2,31,0,33,8,8,62,5,83,4,0,4,87
10/21/2010,ACT,TX,ASW,CE,Combined TRACON& Tower with Radar,8,9,43,8,68,0,4,33,0,37,8,13,76,8,105,16,0,16,121
10/22/2010,ACT,TX,ASW,CE,Combined TRACON& Tower with Radar,12,17,35,24,88,0,3,12,0,15,12,20,47,24,103,6,4,10,113
10/23/2010,ACT,TX,ASW,CE,Combined TRACON& Tower with Radar,6,4,20,0,30,0,0,4,0,4,6,4,24,0,34,0,0,0,34
10/24/2010,ACT,TX,ASW,CE,Combined TRACON& Tower with Radar,8,9,25,10,52,0,0,22,6,28,8,9,47,16,80,6,0,6,86
10/25/2010,ACT,TX,ASW,CE,Combined TRACON& Tower with Radar,10,10,14,3,37,0,7,9,6,22,10,17,23,9,59,6,0,6,65
10/26/2010,ACT,TX,ASW,CE,Combined TRACON& Tower with Radar,8,8,37,7,60,0,0,40,4,44,8,8,77,11,104,34,0,34,138
10/27/2010,ACT,TX,ASW,CE,Combined TRACON& Tower with Radar,8,9,42,6,65,1,6,39,3,49,9,15,81,9,114,16,6,22,136
10/28/2010,ACT,TX,ASW,CE,Combined TRACON& Tower with Radar,9,10,18,8,45,0,4,37,2,43,9,14,55,10,88,22,8,30,118
10/29/2010,ACT,TX,ASW,CE,Combined TRACON& Tower with Radar,8,9,16,1,34,0,3,20,0,23,8,12,36,1,57,0,0,0,57
10/30/2010,ACT,TX,ASW,CE,Combined TRACON& Tower with Radar,8,4,6,8,26,0,0,20,1,21,8,4,26,9,47,24,10,34,81
10/31/2010,ACT,TX,ASW,CE,Combined TRACON& Tower with Radar,8,6,8,0,22,0,0,13,0,13,8,6,21,0,35,0,0,0,35
11/01/2010,ACT,TX,ASW,CE,Combined TRACON& Tower with Radar,8,8,21,20,57,0,3,11,0,14,8,11,32,20,71,18,0,18,89
11/02/2010,ACT,TX,ASW,CE,Combined TRACON& Tower with Radar,6,10,42,0,58,0,0,5,0,5,6,10,47,0,63,12,0,12,75
11/03/2010,ACT,TX,ASW,CE,Combined TRACON& Tower with Radar,8,11,17,0,36,0,0,4,0,4,8,11,21,0,40,0,0,0,40
11/04/2010,ACT,TX,ASW,CE,Combined TRACON& Tower with Radar,8,9,24,0,41,0,2,59,1,62,8,11,83,1,103,2,0,2,105
11/05/2010,ACT,TX,ASW,CE,Combined TRACON& Tower with Radar,10,10,14,4,38,0,10,34,2,46,10,20,48,6,84,4,0,4,88
11/06/2010,ACT,TX,ASW,CE,Combined TRACON& Tower with Radar,10,4,4,1,19,0,0,24,0,24,10,4,28,1,43,14,0,14,57
11/07/2010,ACT,TX,ASW,CE,Combined TRACON& Tower with Radar,8,6,6,0,20,0,0,8,1,9,8,6,14,1,29,0,0,0,29
11/08/2010,ACT,TX,ASW,CE,Combined TRACON& Tower with Radar,8,8,18,0,34,0,9,26,0,35,8,17,44,0,69,2,0,2,71
11/09/2010,ACT,TX,ASW,CE,Combined TRACON& Tower with Radar,8,8,48,0,64,0,6,30,4,40,8,14,78,4,104,20,14,34,138
11/10/2010,ACT,TX,ASW,CE,Combined TRACON& Tower with Radar,8,7,35,12,62,0,2,33,4,39,8,9,68,16,101,8,42,50,151
11/11/2010,ACT,TX,ASW,CE,Combined TRACON& Tower with Radar,8,11,23,2,44,0,4,10,0,14,8,15,33,2,58,18,0,18,76
11/12/2010,ACT,TX,ASW,CE,Combined TRACON& Tower with Radar,8,15,14,6,43,0,0,6,0,6,8,15,20,6,49,0,0,0,49
11/13/2010,ACT,TX,ASW,CE,Combined TRACON& Tower with Radar,10,5,10,1,26,0,0,32,4,36,10,5,42,5,62,12,0,12,74
11/14/2010,ACT,TX,ASW,CE,Combined TRACON& Tower with Radar,8,8,23,8,47,0,1,15,0,16,8,9,38,8,63,0,0,0,63
11/15/2010,ACT,TX,ASW,CE,Combined TRACON& Tower with Radar,8,16,23,15,62,0,2,26,14,42,8,18,49,29,104,48,38,86,190
11/16/2010,ACT,TX,ASW,CE,Combined TRACON& Tower with Radar,8,7,35,0,50,0,8,30,1,39,8,15,65,1,89,26,0,26,115
11/17/2010,ACT,TX,ASW,CE,Combined TRACON& Tower with Radar,10,8,37,0,55,0,2,24,15,41,10,10,61,15,96,26,0,26,122
11/18/2010,ACT,TX,ASW,CE,Combined TRACON& Tower with Radar,4,15,26,0,45,0,3,27,0,30,4,18,53,0,75,16,0,16,91
11/19/2010,ACT,TX,ASW,CE,Combined TRACON& Tower with Radar,6,14,33,6,59,0,9,23,0,32,6,23,56,6,91,16,0,16,107
11/20/2010,ACT,TX,ASW,CE,Combined TRACON& Tower with Radar,3,13,21,4,41,0,0,18,0,18,3,13,39,4,59,14,0,14,73
11/21/2010,ACT,TX,ASW,CE,Combined TRACON& Tower with Radar,4,14,11,5,34,0,0,19,0,19,4,14,30,5,53,2,0,2,55
11/22/2010,ACT,TX,ASW,CE,Combined TRACON& Tower with Radar,4,18,30,0,52,0,3,30,0,33,4,21,60,0,85,2,0,2,87
11/23/2010,ACT,TX,ASW,CE,Combined TRACON& Tower with Radar,4,17,33,1,55,0,4,23,1,28,4,21,56,2,83,8,0,8,91
11/24/2010,ACT,TX,ASW,CE,Combined TRACON& Tower with Radar,4,17,18,4,43,0,1,17,0,18,4,18,35,4,61,14,0,14,75
11/25/2010,ACT,TX,ASW,CE,Combined TRACON& Tower with Radar,2,8,4,0,14,0,0,1,0,1,2,8,5,0,15,0,0,0,15
11/26/2010,ACT,TX,ASW,CE,Combined TRACON& Tower with Radar,4,6,7,0,17,0,0,11,0,11,4,6,18,0,28,8,0,8,36
11/27/2010,ACT,TX,ASW,CE,Combined TRACON& Tower with Radar,2,15,7,0,24,0,0,11,0,11,2,15,18,0,35,0,0,0,35
11/28/2010,ACT,TX,ASW,CE,Combined TRACON& Tower with Radar,4,15,15,0,34,0,1,18,0,19,4,16,33,0,53,6,0,6,59
11/29/2010,ACT,TX,ASW,CE,Combined TRACON& Tower with Radar,4,17,27,0,48,0,2,12,0,14,4,19,39,0,62,32,0,32,94
11/30/2010,ACT,TX,ASW,CE,Combined TRACON& Tower with Radar,4,10,35,0,49,0,0,10,0,10,4,10,45,0,59,0,0,0,59
12/01/2010,ACT,TX,ASW,CE,Combined TRACON& Tower with Radar,4,11,46,5,66,0,5,31,5,41,4,16,77,10,107,16,0,16,123
12/02/2010,ACT,TX,ASW,CE,Combined TRACON& Tower with Radar,4,11,36,3,54,0,1,43,5,49,4,12,79,8,103,4,10,14,117
12/03/2010,ACT,TX,ASW,CE,Combined TRACON& Tower with Radar,4,12,50,5,71,0,4,40,0,44,4,16,90,5,115,16,0,16,131
12/04/2010,ACT,TX,ASW,CE,Combined TRACON& Tower with Radar,4,10,7,4,25,0,1,15,0,16,4,11,22,4,41,6,6,12,53
12/05/2010,ACT,TX,ASW,CE,Combined TRACON& Tower with Radar,6,10,16,2,34,0,1,16,0,17,6,11,32,2,51,0,0,0,51
12/06/2010,ACT,TX,ASW,CE,Combined TRACON& Tower with Radar,4,12,19,5,40,0,6,23,0,29,4,18,42,5,69,12,0,12,81
12/07/2010,ACT,TX,ASW,CE,Combined TRACON& Tower with Radar,2,10,30,0,42,0,3,23,3,29,2,13,53,3,71,20,12,32,103
12/08/2010,ACT,TX,ASW,CE,Combined TRACON& Tower with Radar,4,11,44,0,59,0,3,20,0,23,4,14,64,0,82,0,0,0,82
12/09/2010,ACT,TX,ASW,CE,Combined TRACON& Tower with Radar,0,1,0,0,1,0,0,0,0,0,0,1,0,0,1,0,0,0,1
12/10/2010,ACT,TX,ASW,CE,Combined TRACON& Tower with Radar,4,16,13,9,42,0,2,26,2,30,4,18,39,11,72,12,14,26,98
12/11/2010,ACT,TX,ASW,CE,Combined TRACON& Tower with Radar,2,8,18,10,38,0,1,25,0,26,2,9,43,10,64,14,8,22,86
12/12/2010,ACT,TX,ASW,CE,Combined TRACON& Tower with Radar,4,9,2,4,19,0,0,25,0,25,4,9,27,4,44,12,0,12,56
12/13/2010,ACT,TX,ASW,CE,Combined TRACON& Tower with Radar,4,12,39,4,59,0,3,31,0,34,4,15,70,4,93,0,0,0,93
12/14/2010,ACT,TX,ASW,CE,Combined TRACON& Tower with Radar,4,13,15,2,34,0,4,36,3,43,4,17,51,5,77,4,10,14,91
12/15/2010,ACT,TX,ASW,CE,Combined TRACON& Tower with Radar,4,12,18,12,46,0,3,16,1,20,4,15,34,13,66,10,0,10,76
12/16/2010,ACT,TX,ASW,CE,Combined TRACON& Tower with Radar,4,11,15,9,39,0,5,24,0,29,4,16,39,9,68,6,0,6,74
12/17/2010,ACT,TX,ASW,CE,Combined TRACON& Tower with Radar,4,11,22,8,45,0,14,29,2,45,4,25,51,10,90,14,4,18,108
12/18/2010,ACT,TX,ASW,CE,Combined TRACON& Tower with Radar,2,9,3,5,19,0,0,37,0,37,2,9,40,5,56,8,0,8,64
12/19/2010,ACT,TX,ASW,CE,Combined TRACON& Tower with Radar,4,12,12,1,29,0,0,28,8,36,4,12,40,9,65,18,8,26,91
12/20/2010,ACT,TX,ASW,CE,Combined TRACON& Tower with Radar,4,16,18,2,40,0,0,15,3,18,4,16,33,5,58,0,0,0,58
12/21/2010,ACT,TX,ASW,CE,Combined TRACON& Tower with Radar,4,21,13,4,42,0,0,15,4,19,4,21,28,8,61,6,0,6,67
12/22/2010,ACT,TX,ASW,CE,Combined TRACON& Tower with Radar,4,16,22,2,44,0,2,15,1,18,4,18,37,3,62,4,0,4,66
12/23/2010,ACT,TX,ASW,CE,Combined TRACON& Tower with Radar,4,11,16,2,33,0,0,14,1,15,4,11,30,3,48,12,0,12,60
12/24/2010,ACT,TX,ASW,CE,Combined TRACON& Tower with Radar,2,10,1,0,13,0,0,0,0,0,2,10,1,0,13,0,0,0,13
12/25/2010,ACT,TX,ASW,CE,Combined TRACON& Tower with Radar,4,6,2,0,12,0,0,1,0,1,4,6,3,0,13,0,0,0,13
12/26/2010,ACT,TX,ASW,CE,Combined TRACON& Tower with Radar,4,10,5,0,19,0,0,16,0,16,4,10,21,0,35,0,0,0,35
12/27/2010,ACT,TX,ASW,CE,Combined TRACON& Tower with Radar,4,11,11,0,26,0,4,17,0,21,4,15,28,0,47,4,0,4,51
12/28/2010,ACT,TX,ASW,CE,Combined TRACON& Tower with Radar,6,15,13,0,34,0,0,0,0,0,6,15,13,0,34,0,0,0,34
12/29/2010,ACT,TX,ASW,CE,Combined TRACON& Tower with Radar,4,9,11,0,24,0,0,0,0,0,4,9,11,0,24,0,0,0,24
12/30/2010,ACT,TX,ASW,CE,Combined TRACON& Tower with Radar,4,15,21,2,42,0,0,10,0,10,4,15,31,2,52,2,2,4,56
12/31/2010,ACT,TX,ASW,CE,Combined TRACON& Tower with Radar,2,10,11,0,23,0,0,9,0,9,2,10,20,0,32,0,0,0,32
01/01/2011,ACT,TX,ASW,CE,Combined TRACON& Tower with Radar,4,7,1,1,13,0,0,18,0,18,4,7,19,1,31,0,0,0,31
01/02/2011,ACT,TX,ASW,CE,Combined TRACON& Tower with Radar,4,10,8,0,22,0,0,23,0,23,4,10,31,0,45,0,0,0,45
01/03/2011,ACT,TX,ASW,CE,Combined TRACON& Tower with Radar,4,15,15,5,39,0,0,17,4,21,4,15,32,9,60,24,0,24,84
01/04/2011,ACT,TX,ASW,CE,Combined TRACON& Tower with Radar,6,13,48,0,67,0,1,20,4,25,6,14,68,4,92,24,8,32,124
01/05/2011,ACT,TX,ASW,CE,Combined TRACON& Tower with Radar,3,13,19,3,38,0,4,21,3,28,3,17,40,6,66,6,0,6,72
01/06/2011,ACT,TX,ASW,CE,Combined TRACON& Tower with Radar,5,11,13,7,36,0,3,40,5,48,5,14,53,12,84,18,6,24,108
01/07/2011,ACT,TX,ASW,CE,Combined TRACON& Tower with Radar,6,16,20,14,56,0,1,44,12,57,6,17,64,26,113,92,2,94,207
01/08/2011,ACT,TX,ASW,CE,Combined TRACON& Tower with Radar,6,6,8,2,22,0,0,26,12,38,6,6,34,14,60,24,6,30,90
01/09/2011,ACT,TX,ASW,CE,Combined TRACON& Tower with Radar,0,8,7,0,15,0,0,0,0,0,0,8,7,0,15,0,0,0,15
01/10/2011,ACT,TX,ASW,CE,Combined TRACON& Tower with Radar,2,10,11,0,23,0,0,2,0,2,2,10,13,0,25,2,0,2,27
01/11/2011,ACT,TX,ASW,CE,Combined TRACON& Tower with Radar,4,13,27,2,46,0,1,27,1,29,4,14,54,3,75,10,0,10,85
01/12/2011,ACT,TX,ASW,CE,Combined TRACON& Tower with Radar,4,9,28,6,47,0,2,20,3,25,4,11,48,9,72,0,0,0,72
01/13/2011,ACT,TX,ASW,CE,Combined TRACON& Tower with Radar,4,17,20,3,44,0,1,32,3,36,4,18,52,6,80,18,12,30,110
01/14/2011,ACT,TX,ASW,CE,Combined TRACON& Tower with Radar,4,22,24,4,54,0,0,13,0,13,4,22,37,4,67,24,0,24,91
01/15/2011,ACT,TX,ASW,CE,Combined TRACON& Tower with Radar,4,6,10,0,20,0,0,0,0,0,4,6,10,0,20,0,0,0,20
01/16/2011,ACT,TX,ASW,CE,Combined TRACON& Tower with Radar,4,10,15,0,29,0,0,0,0,0,4,10,15,0,29,0,0,0,29
01/17/2011,ACT,TX,ASW,CE,Combined TRACON& Tower with Radar,4,13,26,0,43,0,3,14,2,19,4,16,40,2,62,36,2,38,100
01/18/2011,ACT,TX,ASW,CE,Combined TRACON& Tower with Radar,4,10,26,2,42,0,6,14,5,25,4,16,40,7,67,11,6,17,84
01/19/2011,ACT,TX,ASW,CE,Combined TRACON& Tower with Radar,4,12,35,2,53,0,5,40,4,49,4,17,75,6,102,12,0,12,114
01/20/2011,ACT,TX,ASW,CE,Combined TRACON& Tower with Radar,4,10,14,0,28,0,1,2,1,4,4,11,16,1,32,2,0,2,34
01/21/2011,ACT,TX,ASW,CE,Combined TRACON& Tower with Radar,4,17,31,1,53,0,4,41,1,46,4,21,72,2,99,14,0,14,113
01/22/2011,ACT,TX,ASW,CE,Combined TRACON& Tower with Radar,4,7,28,0,39,0,2,63,0,65,4,9,91,0,104,26,0,26,130
01/23/2011,ACT,TX,ASW,CE,Combined TRACON& Tower with Radar,8,14,16,0,38,0,1,21,0,22,8,15,37,0,60,8,0,8,68
01/24/2011,ACT,TX,ASW,CE,Combined TRACON& Tower with Radar,4,12,21,10,47,0,5,23,0,28,4,17,44,10,75,12,0,12,87
01/25/2011,ACT,TX,ASW,CE,Combined TRACON& Tower with Radar,2,11,27,14,54,0,0,29,3,32,2,11,56,17,86,22,26,48,134
01/26/2011,ACT,TX,ASW,CE,Combined TRACON& Tower with Radar,6,9,25,2,42,0,9,44,0,53,6,18,69,2,95,14,0,14,109
01/27/2011,ACT,TX,ASW,CE,Combined TRACON& Tower with Radar,4,12,21,6,43,0,1,38,1,40,4,13,59,7,83,20,0,20,103
01/28/2011,ACT,TX,ASW,CE,Combined TRACON& Tower with Radar,4,13,13,22,52,0,11,43,3,57,4,24,56,25,109,44,8,52,161
01/29/2011,ACT,TX,ASW,CE,Combined TRACON& Tower with Radar,4,5,12,4,25,0,0,25,0,25,4,5,37,4,50,8,0,8,58
01/30/2011,ACT,TX,ASW,CE,Combined TRACON& Tower with Radar,4,10,13,3,30,0,0,8,1,9,4,10,21,4,39,0,0,0,39
01/31/2011,ACT,TX,ASW,CE,Combined TRACON& Tower with Radar,4,14,40,10,68,0,1,5,0,6,4,15,45,10,74,0,4,4,78
02/01/2011,ACT,TX,ASW,CE,Combined TRACON& Tower with Radar,0,3,1,0,4,0,2,0,0,2,0,5,1,0,6,0,0,0,6
02/02/2011,ACT,TX,ASW,CE,Combined TRACON& Tower with Radar,0,10,4,4,18,0,1,4,5,10,0,11,8,9,28,0,0,0,28
02/03/2011,ACT,TX,ASW,CE,Combined TRACON& Tower with Radar,0,8,7,2,17,0,2,7,3,12,0,10,14,5,29,0,0,0,29
02/04/2011,ACT,TX,ASW,CE,Combined TRACON& Tower with Radar,0,0,5,0,5,0,0,3,0,3,0,0,8,0,8,0,0,0,8
02/05/2011,ACT,TX,ASW,CE,Combined TRACON& Tower with Radar,4,8,9,1,22,0,0,31,0,31,4,8,40,1,53,16,0,16,69
02/06/2011,ACT,TX,ASW,CE,Combined TRACON& Tower with Radar,4,12,10,0,26,0,0,14,0,14,4,12,24,0,40,22,0,22,62
02/07/2011,ACT,TX,ASW,CE,Combined TRACON& Tower with Radar,4,13,29,9,55,0,3,26,2,31,4,16,55,11,86,34,10,44,130
02/08/2011,ACT,TX,ASW,CE,Combined TRACON& Tower with Radar,4,15,23,6,48,0,3,21,1,25,4,18,44,7,73,10,0,10,83
02/09/2011,ACT,TX,ASW,CE,Combined TRACON& Tower with Radar,2,11,1,10,24,0,0,4,2,6,2,11,5,12,30,0,0,0,30
02/10/2011,ACT,TX,ASW,CE,Combined TRACON& Tower with Radar,4,11,26,7,48,0,5,14,0,19,4,16,40,7,67,10,0,10,77
02/11/2011,ACT,TX,ASW,CE,Combined TRACON& Tower with Radar,2,17,36,15,70,0,0,45,4,49,2,17,81,19,119,62,10,72,191
02/12/2011,ACT,TX,ASW,CE,Combined TRACON& Tower with Radar,4,4,15,1,24,0,0,42,4,46,4,4,57,5,70,46,0,46,116
02/13/2011,ACT,TX,ASW,CE,Combined TRACON& Tower with Radar,4,15,10,15,44,0,0,21,0,21,4,15,31,15,65,6,0,6,71
02/14/2011,ACT,TX,ASW,CE,Combined TRACON& Tower with Radar,4,12,33,8,57,0,1,22,1,24,4,13,55,9,81,8,0,8,89
02/15/2011,ACT,TX,ASW,CE,Combined TRACON& Tower with Radar,4,11,43,11,69,0,9,28,5,42,4,20,71,16,111,22,6,28,139
02/16/2011,ACT,TX,ASW,CE,Combined TRACON& Tower with Radar,4,16,56,6,82,0,0,14,0,14,4,16,70,6,96,30,10,40,136
02/17/2011,ACT,TX,ASW,CE,Combined TRACON& Tower with Radar,4,12,34,2,52,0,2,13,0,15,4,14,47,2,67,10,0,10,77
02/18/2011,ACT,TX,ASW,CE,Combined TRACON& Tower with Radar,4,16,36,3,59,0,3,21,6,30,4,19,57,9,89,10,10,20,109
02/19/2011,ACT,TX,ASW,CE,Combined TRACON& Tower with Radar,4,6,12,0,22,0,0,27,0,27,4,6,39,0,49,20,0,20,69
02/20/2011,ACT,TX,ASW,CE,Combined TRACON& Tower with Radar,4,9,21,1,35,0,0,15,1,16,4,9,36,2,51,2,6,8,59
02/21/2011,ACT,TX,ASW,CE,Combined TRACON& Tower with Radar,4,10,7,0,21,0,2,25,0,27,4,12,32,0,48,18,0,18,66
02/22/2011,ACT,TX,ASW,CE,Combined TRACON& Tower with Radar,6,11,16,3,36,0,1,31,1,33,6,12,47,4,69,26,0,26,95
02/23/2011,ACT,TX,ASW,CE,Combined TRACON& Tower with Radar,4,13,39,0,56,0,0,10,0,10,4,13,49,0,66,16,0,16,82
02/24/2011,ACT,TX,ASW,CE,Combined TRACON& Tower with Radar,4,14,27,0,45,0,0,4,0,4,4,14,31,0,49,8,0,8,57
02/25/2011,ACT,TX,ASW,CE,Combined TRACON& Tower with Radar,4,12,34,1,51,0,4,36,1,41,4,16,70,2,92,8,0,8,100
02/26/2011,ACT,TX,ASW,CE,Combined TRACON& Tower with Radar,4,5,25,4,38,0,0,0,1,1,4,5,25,5,39,0,6,6,45
02/27/2011,ACT,TX,ASW,CE,Combined TRACON& Tower with Radar,2,16,14,0,32,0,0,15,0,15,2,16,29,0,47,20,0,20,67
02/28/2011,ACT,TX,ASW,CE,Combined TRACON& Tower with Radar,6,11,22,7,46,0,0,5,0,5,6,11,27,7,51,0,0,0,51
03/01/2011,ACT,TX,ASW,CE,Combined TRACON& Tower with Radar,4,12,32,8,56,0,3,65,1,69,4,15,97,9,125,48,0,48,173
03/02/2011,ACT,TX,ASW,CE,Combined TRACON& Tower with Radar,4,10,27,6,47,0,1,44,6,51,4,11,71,12,98,14,0,14,112
03/03/2011,ACT,TX,ASW,CE,Combined TRACON& Tower with Radar,4,10,29,4,47,0,4,46,0,50,4,14,75,4,97,4,0,4,101
03/04/2011,ACT,TX,ASW,CE,Combined TRACON& Tower with Radar,4,17,36,6,63,0,7,17,0,24,4,24,53,6,87,16,32,48,135
03/05/2011,ACT,TX,ASW,CE,Combined TRACON& Tower with Radar,4,6,11,0,21,0,0,16,0,16,4,6,27,0,37,0,0,0,37
03/06/2011,ACT,TX,ASW,CE,Combined TRACON& Tower with Radar,4,10,18,0,32,0,0,25,5,30,4,10,43,5,62,16,18,34,96
03/07/2011,ACT,TX,ASW,CE,Combined TRACON& Tower with Radar,8,12,29,9,58,0,5,6,2,13,8,17,35,11,71,2,0,2,73
03/08/2011,ACT,TX,ASW,CE,Combined TRACON& Tower with Radar,4,11,25,0,40,0,2,33,0,35,4,13,58,0,75,38,0,38,113
03/09/2011,ACT,TX,ASW,CE,Combined TRACON& Tower with Radar,4,9,19,12,44,0,1,24,1,26,4,10,43,13,70,0,0,0,70
03/10/2011,ACT,TX,ASW,CE,Combined TRACON& Tower with Radar,6,12,17,8,43,0,2,33,3,38,6,14,50,11,81,50,0,50,131
03/11/2011,ACT,TX,ASW,CE,Combined TRACON& Tower with Radar,0,12,16,2,30,0,2,38,8,48,0,14,54,10,78,10,52,62,140
03/12/2011,ACT,TX,ASW,CE,Combined TRACON& Tower with Radar,4,6,11,2,23,0,0,14,6,20,4,6,25,8,43,0,36,36,79
03/13/2011,ACT,TX,ASW,CE,Combined TRACON& Tower with Radar,4,10,11,6,31,0,0,12,4,16,4,10,23,10,47,4,18,22,69
03/14/2011,ACT,TX,ASW,CE,Combined TRACON& Tower with Radar,4,9,30,2,45,0,2,18,0,20,4,11,48,2,65,6,0,6,71
03/15/2011,ACT,TX,ASW,CE,Combined TRACON& Tower with Radar,4,19,21,0,44,0,1,37,2,40,4,20,58,2,84,6,0,6,90
03/16/2011,ACT,TX,ASW,CE,Combined TRACON& Tower with Radar,4,13,34,4,55,0,1,15,1,17,4,14,49,5,72,34,0,34,106
03/17/2011,ACT,TX,ASW,CE,Combined TRACON& Tower with Radar,4,12,24,0,40,0,5,13,6,24,4,17,37,6,64,6,4,10,74
03/18/2011,ACT,TX,ASW,CE,Combined TRACON& Tower with Radar,6,12,25,4,47,0,0,31,0,31,6,12,56,4,78,10,0,10,88
03/19/2011,ACT,TX,ASW,CE,Combined TRACON& Tower with Radar,6,6,13,6,31,0,0,11,3,14,6,6,24,9,45,0,0,0,45
03/20/2011,ACT,TX,ASW,CE,Combined TRACON& Tower with Radar,4,10,11,7,32,0,0,12,3,15,4,10,23,10,47,14,2,16,63
03/21/2011,ACT,TX,ASW,CE,Combined TRACON& Tower with Radar,2,17,18,2,39,0,2,22,16,40,2,19,40,18,79,0,56,56,135
03/22/2011,ACT,TX,ASW,CE,Combined TRACON& Tower with Radar,6,14,35,1,56,0,0,18,3,21,6,14,53,4,77,16,34,50,127
03/23/2011,ACT,TX,ASW,CE,Combined TRACON& Tower with Radar,6,9,38,3,56,0,1,34,0,35,6,10,72,3,91,0,0,0,91
03/24/2011,ACT,TX,ASW,CE,Combined TRACON& Tower with Radar,4,18,47,6,75,0,4,38,5,47,4,22,85,11,122,20,12,32,154
03/25/2011,ACT,TX,ASW,CE,Combined TRACON& Tower with Radar,4,17,30,2,53,0,7,31,2,40,4,24,61,4,93,14,0,14,107
03/26/2011,ACT,TX,ASW,CE,Combined TRACON& Tower with Radar,4,5,8,8,25,0,0,35,0,35,4,5,43,8,60,44,0,44,104
03/27/2011,ACT,TX,ASW,CE,Combined TRACON& Tower with Radar,4,12,20,0,36,0,0,2,0,2,4,12,22,0,38,4,2,6,44
03/28/2011,ACT,TX,ASW,CE,Combined TRACON& Tower with Radar,4,16,30,4,54,0,1,14,2,17,4,17,44,6,71,14,26,40,111
03/29/2011,ACT,TX,ASW,CE,Combined TRACON& Tower with Radar,4,12,24,2,42,0,0,4,1,5,4,12,28,3,47,0,0,0,47
03/30/2011,ACT,TX,ASW,CE,Combined TRACON& Tower with Radar,4,12,45,7,68,0,3,9,4,16,4,15,54,11,84,4,0,4,88
03/31/2011,ACT,TX,ASW,CE,Combined TRACON& Tower with Radar,4,14,27,3,48,0,4,44,3,51,4,18,71,6,99,42,8,50,149
04/01/2011,ACT,TX,ASW,CE,Combined TRACON& Tower with Radar,4,14,19,2,39,0,7,27,0,34,4,21,46,2,73,10,0,10,83
04/02/2011,ACT,TX,ASW,CE,Combined TRACON& Tower with Radar,4,4,13,4,25,0,4,16,0,20,4,8,29,4,45,2,0,2,47
04/03/2011,ACT,TX,ASW,CE,Combined TRACON& Tower with Radar,4,12,15,2,33,0,0,4,0,4,4,12,19,2,37,0,0,0,37
04/04/2011,ACT,TX,ASW,CE,Combined TRACON& Tower with Radar,4,10,7,0,21,0,2,2,2,6,4,12,9,2,27,4,8,12,39
04/05/2011,ACT,TX,ASW,CE,Combined TRACON& Tower with Radar,6,23,11,12,52,0,6,57,12,75,6,29,68,24,127,44,18,62,189
04/06/2011,ACT,TX,ASW,CE,Combined TRACON& Tower with Radar,6,15,31,2,54,0,2,19,3,24,6,17,50,5,78,0,0,0,78
04/07/2011,ACT,TX,ASW,CE,Combined TRACON& Tower with Radar,6,11,37,14,68,0,0,16,2,18,6,11,53,16,86,20,0,20,106
04/08/2011,ACT,TX,ASW,CE,Combined TRACON& Tower with Radar,4,17,18,4,43,0,2,20,0,22,4,19,38,4,65,2,0,2,67
04/09/2011,ACT,TX,ASW,CE,Combined TRACON& Tower with Radar,4,6,8,0,18,0,0,10,0,10,4,6,18,0,28,4,2,6,34
04/10/2011,ACT,TX,ASW,CE,Combined TRACON& Tower with Radar,6,10,8,0,24,0,0,4,0,4,6,10,12,0,28,0,0,0,28
04/11/2011,ACT,TX,ASW,CE,Combined TRACON& Tower with Radar,6,10,18,8,42,0,3,22,0,25,6,13,40,8,67,34,4,38,105
04/12/2011,ACT,TX,ASW,CE,Combined TRACON& Tower with Radar,4,8,18,11,41,0,0,59,0,59,4,8,77,11,100,16,0,16,116
04/13/2011,ACT,TX,ASW,CE,Combined TRACON& Tower with Radar,4,11,37,0,52,0,0,25,0,25,4,11,62,0,77,10,0,10,87
04/14/2011,ACT,TX,ASW,CE,Combined TRACON& Tower with Radar,6,12,32,0,50,0,0,26,4,30,6,12,58,4,80,12,0,12,92
04/15/2011,ACT,TX,ASW,CE,Combined TRACON& Tower with Radar,6,11,26,2,45,0,1,18,1,20,6,12,44,3,65,6,0,6,71
04/16/2011,ACT,TX,ASW,CE,Combined TRACON& Tower with Radar,4,10,20,0,34,0,0,40,0,40,4,10,60,0,74,20,0,20,94
04/17/2011,ACT,TX,ASW,CE,Combined TRACON& Tower with Radar,6,11,10,6,33,0,0,25,0,25,6,11,35,6,58,14,0,14,72
04/18/2011,ACT,TX,ASW,CE,Combined TRACON& Tower with Radar,6,10,32,0,48,0,0,20,4,24,6,10,52,4,72,58,10,68,140
04/19/2011,ACT,TX,ASW,CE,Combined TRACON& Tower with Radar,6,20,51,2,79,0,0,16,0,16,6,20,67,2,95,32,0,32,127
04/20/2011,ACT,TX,ASW,CE,Combined TRACON& Tower with Radar,6,10,37,2,55,0,1,13,0,14,6,11,50,2,69,0,0,0,69
04/21/2011,ACT,TX,ASW,CE,Combined TRACON& Tower with Radar,4,12,36,2,54,0,0,18,0,18,4,12,54,2,72,38,0,38,110
04/22/2011,ACT,TX,ASW,CE,Combined TRACON& Tower with Radar,6,10,25,0,41,0,1,17,0,18,6,11,42,0,59,0,0,0,59
04/23/2011,ACT,TX,ASW,CE,Combined TRACON& Tower with Radar,4,7,5,0,16,0,0,2,0,2,4,7,7,0,18,0,0,0,18
04/24/2011,ACT,TX,ASW,CE,Combined TRACON& Tower with Radar,6,10,9,0,25,0,0,4,0,4,6,10,13,0,29,0,0,0,29
04/25/2011,ACT,TX,ASW,CE,Combined TRACON& Tower with Radar,6,19,25,2,52,0,1,9,0,10,6,20,34,2,62,12,10,22,84
04/26/2011,ACT,TX,ASW,CE,Combined TRACON& Tower with Radar,6,18,33,5,62,0,2,20,3,25,6,20,53,8,87,56,0,56,143
04/27/2011,ACT,TX,ASW,CE,Combined TRACON& Tower with Radar,6,9,16,4,35,0,0,32,1,33,6,9,48,5,68,38,0,38,106
04/28/2011,ACT,TX,ASW,CE,Combined TRACON& Tower with Radar,6,14,44,2,66,0,2,60,1,63,6,16,104,3,129,102,6,108,237
04/29/2011,ACT,TX,ASW,CE,Combined TRACON& Tower with Radar,6,16,24,13,59,0,4,30,0,34,6,20,54,13,93,12,0,12,105
04/30/2011,ACT,TX,ASW,CE,Combined TRACON& Tower with Radar,4,8,18,1,31,0,3,16,0,19,4,11,34,1,50,12,0,12,62
05/01/2011,ACT,TX,ASW,CE,Combined TRACON& Tower with Radar,8,11,6,11,36,0,0,3,0,3,8,11,9,11,39,0,2,2,41
05/02/2011,ACT,TX,ASW,CE,Combined TRACON& Tower with Radar,2,9,10,1,22,0,0,1,1,2,2,9,11,2,24,0,0,0,24
05/03/2011,ACT,TX,ASW,CE,Combined TRACON& Tower with Radar,6,9,26,2,43,0,6,39,0,45,6,15,65,2,88,64,0,64,152
05/04/2011,ACT,TX,ASW,CE,Combined TRACON& Tower with Radar,6,9,23,20,58,0,2,33,2,37,6,11,56,22,95,0,0,0,95
05/05/2011,ACT,TX,ASW,CE,Combined TRACON& Tower with Radar,6,10,33,2,51,0,3,47,0,50,6,13,80,2,101,38,0,38,139
05/06/2011,ACT,TX,ASW,CE,Combined TRACON& Tower with Radar,6,10,18,2,36,0,2,50,6,58,6,12,68,8,94,20,36,56,150
05/07/2011,ACT,TX,ASW,CE,Combined TRACON& Tower with Radar,4,8,7,0,19,0,2,24,0,26,4,10,31,0,45,0,6,6,51
05/08/2011,ACT,TX,ASW,CE,Combined TRACON& Tower with Radar,6,7,7,3,23,0,0,22,1,23,6,7,29,4,46,8,0,8,54
05/09/2011,ACT,TX,ASW,CE,Combined TRACON& Tower with Radar,6,9,35,1,51,0,0,30,0,30,6,9,65,1,81,2,0,2,83
05/10/2011,ACT,TX,ASW,CE,Combined TRACON& Tower with Radar,8,7,49,2,66,0,2,18,1,21,8,9,67,3,87,10,0,10,97
05/11/2011,ACT,TX,ASW,CE,Combined TRACON& Tower with Radar,2,8,18,4,32,0,0,6,0,6,2,8,24,4,38,2,0,2,40
05/12/2011,ACT,TX,ASW,CE,Combined TRACON& Tower with Radar,6,5,28,0,39,0,0,6,0,6,6,5,34,0,45,0,0,0,45
05/13/2011,ACT,TX,ASW,CE,Combined TRACON& Tower with Radar,6,11,24,1,42,0,14,32,1,47,6,25,56,2,89,2,6,8,97
05/14/2011,ACT,TX,ASW,CE,Combined TRACON& Tower with Radar,4,8,14,0,26,0,1,29,0,30,4,9,43,0,56,32,0,32,88
05/15/2011,ACT,TX,ASW,CE,Combined TRACON& Tower with Radar,6,7,11,0,24,0,0,30,0,30,6,7,41,0,54,12,0,12,66
05/16/2011,ACT,TX,ASW,CE,Combined TRACON& Tower with Radar,4,11,21,0,36,0,4,31,0,35,4,15,52,0,71,14,2,16,87
05/17/2011,ACT,TX,ASW,CE,Combined TRACON& Tower with Radar,6,16,33,5,60,0,7,31,2,40,6,23,64,7,100,18,6,24,124
05/18/2011,ACT,TX,ASW,CE,Combined TRACON& Tower with Radar,6,17,52,0,75,0,2,9,0,11,6,19,61,0,86,0,0,0,86
05/19/2011,ACT,TX,ASW,CE,Combined TRACON& Tower with Radar,6,12,39,22,79,0,0,10,3,13,6,12,49,25,92,20,22,42,134
05/20/2011,ACT,TX,ASW,CE,Combined TRACON& Tower with Radar,4,10,31,4,49,0,2,5,1,8,4,12,36,5,57,10,0,10,67
05/21/2011,ACT,TX,ASW,CE,Combined TRACON& Tower with Radar,4,8,8,0,20,0,4,1,0,5,4,12,9,0,25,0,0,0,25
05/22/2011,ACT,TX,ASW,CE,Combined TRACON& Tower with Radar,6,21,18,2,47,0,0,4,0,4,6,21,22,2,51,0,0,0,51
05/23/2011,ACT,TX,ASW,CE,Combined TRACON& Tower with Radar,8,26,26,10,70,0,1,13,2,16,8,27,39,12,86,26,0,26,112
05/24/2011,ACT,TX,ASW,CE,Combined TRACON& Tower with Radar,10,19,38,3,70,0,2,19,0,21,10,21,57,3,91,44,0,44,135
05/25/2011,ACT,TX,ASW,CE,Combined TRACON& Tower with Radar,4,12,14,1,31,0,1,25,0,26,4,13,39,1,57,14,0,14,71
05/26/2011,ACT,TX,ASW,CE,Combined TRACON& Tower with Radar,8,12,27,5,52,0,7,42,0,49,8,19,69,5,101,60,0,60,161
05/27/2011,ACT,TX,ASW,CE,Combined TRACON& Tower with Radar,6,15,21,2,44,0,6,27,2,35,6,21,48,4,79,18,0,18,97
05/28/2011,ACT,TX,ASW,CE,Combined TRACON& Tower with Radar,4,7,7,0,18,0,0,15,0,15,4,7,22,0,33,0,0,0,33
05/29/2011,ACT,TX,ASW,CE,Combined TRACON& Tower with Radar,4,6,8,0,18,0,0,4,0,4,4,6,12,0,22,0,0,0,22
05/30/2011,ACT,TX,ASW,CE,Combined TRACON& Tower with Radar,6,8,10,0,24,0,3,16,0,19,6,11,26,0,43,6,0,6,49
05/31/2011,ACT,TX,ASW,CE,Combined TRACON& Tower with Radar,6,14,17,3,40,0,0,35,5,40,6,14,52,8,80,28,0,28,108
06/01/2011,ACT,TX,ASW,CE,Combined TRACON& Tower with Radar,6,9,21,6,42,0,3,33,0,36,6,12,54,6,78,20,0,20,98
06/02/2011,ACT,TX,ASW,CE,Combined TRACON& Tower with Radar,6,10,27,4,47,0,4,42,3,49,6,14,69,7,96,52,0,52,148
06/03/2011,ACT,TX,ASW,CE,Combined TRACON& Tower with Radar,5,13,23,4,45,0,0,48,4,52,5,13,71,8,97,46,0,46,143
06/04/2011,ACT,TX,ASW,CE,Combined TRACON& Tower with Radar,5,6,10,0,21,0,0,16,2,18,5,6,26,2,39,22,12,34,73
06/05/2011,ACT,TX,ASW,CE,Combined TRACON& Tower with Radar,6,10,10,4,30,0,0,21,3,24,6,10,31,7,54,16,2,18,72
06/06/2011,ACT,TX,ASW,CE,Combined TRACON& Tower with Radar,8,11,14,5,38,0,2,24,0,26,8,13,38,5,64,52,2,54,118
06/07/2011,ACT,TX,ASW,CE,Combined TRACON& Tower with Radar,6,11,30,0,47,0,0,27,1,28,6,11,57,1,75,0,0,0,75
06/08/2011,ACT,TX,ASW,CE,Combined TRACON& Tower with Radar,6,8,49,4,67,0,0,35,0,35,6,8,84,4,102,24,2,26,128
06/09/2011,ACT,TX,ASW,CE,Combined TRACON& Tower with Radar,6,12,46,4,68,0,0,52,1,53,6,12,98,5,121,38,0,38,159
06/10/2011,ACT,TX,ASW,CE,Combined TRACON& Tower with Radar,8,11,30,8,57,0,3,46,4,53,8,14,76,12,110,24,28,52,162
06/11/2011,ACT,TX,ASW,CE,Combined TRACON& Tower with Radar,4,14,6,1,25,0,0,39,1,40,4,14,45,2,65,14,0,14,79
06/12/2011,ACT,TX,ASW,CE,Combined TRACON& Tower with Radar,6,16,16,4,42,0,0,28,4,32,6,16,44,8,74,0,0,0,74
06/13/2011,ACT,TX,ASW,CE,Combined TRACON& Tower with Radar,7,12,27,9,55,0,6,27,0,33,7,18,54,9,88,22,28,50,138
06/14/2011,ACT,TX,ASW,CE,Combined TRACON& Tower with Radar,7,9,29,4,49,0,7,34,3,44,7,16,63,7,93,14,0,14,107
06/15/2011,ACT,TX,ASW,CE,Combined TRACON& Tower with Radar,6,9,22,9,46,0,0,23,0,23,6,9,45,9,69,28,0,28,97
06/16/2011,ACT,TX,ASW,CE,Combined TRACON& Tower with Radar,8,8,38,0,54,0,6,34,1,41,8,14,72,1,95,28,0,28,123
06/17/2011,ACT,TX,ASW,CE,Combined TRACON& Tower with Radar,6,10,16,0,32,0,2,21,0,23,6,12,37,0,55,4,0,4,59
06/18/2011,ACT,TX,ASW,CE,Combined TRACON& Tower with Radar,4,8,6,5,23,0,0,22,1,23,4,8,28,6,46,0,0,0,46
06/19/2011,ACT,TX,ASW,CE,Combined TRACON& Tower with Radar,6,8,14,0,28,0,0,18,2,20,6,8,32,2,48,18,0,18,66
06/20/2011,ACT,TX,ASW,CE,Combined TRACON& Tower with Radar,6,9,27,4,46,0,8,13,1,22,6,17,40,5,68,4,0,4,72
06/21/2011,ACT,TX,ASW,CE,Combined TRACON& Tower with Radar,6,14,17,3,40,0,1,24,1,26,6,15,41,4,66,34,0,34,100
06/22/2011,ACT,TX,ASW,CE,Combined TRACON& Tower with Radar,6,4,23,2,35,0,3,25,1,29,6,7,48,3,64,4,0,4,68
06/23/2011,ACT,TX,ASW,CE,Combined TRACON& Tower with Radar,8,17,18,4,47,0,2,35,1,38,8,19,53,5,85,10,0,10,95
06/24/2011,ACT,TX,ASW,CE,Combined TRACON& Tower with Radar,6,11,22,4,43,0,0,31,2,33,6,11,53,6,76,2,0,2,78
06/25/2011,ACT,TX,ASW,CE,Combined TRACON& Tower with Radar,4,10,13,4,31,0,0,13,0,13,4,10,26,4,44,0,2,2,46
06/26/2011,ACT,TX,ASW,CE,Combined TRACON& Tower with Radar,8,9,8,0,25,0,0,18,0,18,8,9,26,0,43,2,2,4,47
06/27/2011,ACT,TX,ASW,CE,Combined TRACON& Tower with Radar,8,10,3,5,26,0,1,35,0,36,8,11,38,5,62,30,0,30,92
06/28/2011,ACT,TX,ASW,CE,Combined TRACON& Tower with Radar,8,15,19,6,48,0,4,52,1,57,8,19,71,7,105,64,2,66,171
06/29/2011,ACT,TX,ASW,CE,Combined TRACON& Tower with Radar,4,13,18,3,38,0,2,43,0,45,4,15,61,3,83,36,0,36,119
06/30/2011,ACT,TX,ASW,CE,Combined TRACON& Tower with Radar,6,15,16,0,37,0,0,27,0,27,6,15,43,0,64,30,0,30,94
07/01/2011,ACT,TX,ASW,CE,Combined TRACON& Tower with Radar,6,10,13,4,33,0,3,31,0,34,6,13,44,4,67,32,0,32,99
07/02/2011,ACT,TX,ASW,CE,Combined TRACON& Tower with Radar,4,8,6,0,18,0,1,34,0,35,4,9,40,0,53,32,0,32,85
07/03/2011,ACT,TX,ASW,CE,Combined TRACON& Tower with Radar,4,5,6,2,17,0,0,13,0,13,4,5,19,2,30,6,0,6,36
07/04/2011,ACT,TX,ASW,CE,Combined TRACON& Tower with Radar,6,7,8,0,21,0,0,18,0,18,6,7,26,0,39,0,0,0,39
07/05/2011,ACT,TX,ASW,CE,Combined TRACON& Tower with Radar,6,10,21,5,42,0,6,57,1,64,6,16,78,6,106,38,0,38,144
07/06/2011,ACT,TX,ASW,CE,Combined TRACON& Tower with Radar,4,11,17,6,38,0,3,32,0,35,4,14,49,6,73,20,0,20,93
07/07/2011,ACT,TX,ASW,CE,Combined TRACON& Tower with Radar,6,12,30,2,50,0,2,63,0,65,6,14,93,2,115,12,0,12,127
07/08/2011,ACT,TX,ASW,CE,Combined TRACON& Tower with Radar,6,11,30,15,62,0,7,38,7,52,6,18,68,22,114,20,28,48,162
07/09/2011,ACT,TX,ASW,CE,Combined TRACON& Tower with Radar,4,12,11,3,30,0,0,38,0,38,4,12,49,3,68,16,10,26,94
07/10/2011,ACT,TX,ASW,CE,Combined TRACON& Tower with Radar,6,13,8,6,33,0,0,41,2,43,6,13,49,8,76,40,0,40,116
07/11/2011,ACT,TX,ASW,CE,Combined TRACON& Tower with Radar,6,10,10,5,31,0,1,32,0,33,6,11,42,5,64,24,0,24,88
07/12/2011,ACT,TX,ASW,CE,Combined TRACON& Tower with Radar,6,13,26,9,54,0,0,46,0,46,6,13,72,9,100,8,4,12,112
07/13/2011,ACT,TX,ASW,CE,Combined TRACON& Tower with Radar,6,10,36,2,54,0,2,30,0,32,6,12,66,2,86,10,2,12,98
07/14/2011,ACT,TX,ASW,CE,Combined TRACON& Tower with Radar,6,12,33,0,51,0,2,50,0,52,6,14,83,0,103,36,0,36,139
07/15/2011,ACT,TX,ASW,CE,Combined TRACON& Tower with Radar,6,11,31,26,74,0,0,47,4,51,6,11,78,30,125,41,8,49,174
07/16/2011,ACT,TX,ASW,CE,Combined TRACON& Tower with Radar,4,9,15,0,28,0,0,54,1,55,4,9,69,1,83,8,0,8,91
07/17/2011,ACT,TX,ASW,CE,Combined TRACON& Tower with Radar,4,9,15,0,28,0,0,16,4,20,4,9,31,4,48,0,0,0,48
07/18/2011,ACT,TX,ASW,CE,Combined TRACON& Tower with Radar,6,10,13,17,46,0,0,25,1,26,6,10,38,18,72,16,0,16,88
07/19/2011,ACT,TX,ASW,CE,Combined TRACON& Tower with Radar,6,13,26,5,50,0,0,25,1,26,6,13,51,6,76,34,0,34,110
07/20/2011,ACT,TX,ASW,CE,Combined TRACON& Tower with Radar,6,12,55,4,77,0,0,29,1,30,6,12,84,5,107,26,0,26,133
07/21/2011,ACT,TX,ASW,CE,Combined TRACON& Tower with Radar,6,10,27,2,45,0,2,38,0,40,6,12,65,2,85,8,0,8,93
07/22/2011,ACT,TX,ASW,CE,Combined TRACON& Tower with Radar,6,10,26,30,72,0,5,38,4,47,6,15,64,34,119,16,0,16,135
07/23/2011,ACT,TX,ASW,CE,Combined TRACON& Tower with Radar,4,8,6,0,18,0,0,29,3,32,4,8,35,3,50,22,0,22,72
07/24/2011,ACT,TX,ASW,CE,Combined TRACON& Tower with Radar,6,12,13,9,40,0,0,17,0,17,6,12,30,9,57,14,0,14,71
07/25/2011,ACT,TX,ASW,CE,Combined TRACON& Tower with Radar,4,12,16,8,40,0,2,32,0,34,4,14,48,8,74,10,0,10,84
07/26/2011,ACT,TX,ASW,CE,Combined TRACON& Tower with Radar,6,11,27,0,44,0,2,31,0,33,6,13,58,0,77,20,0,20,97
07/27/2011,ACT,TX,ASW,CE,Combined TRACON& Tower with Radar,6,12,22,12,52,0,4,28,0,32,6,16,50,12,84,4,6,10,94
07/28/2011,ACT,TX,ASW,CE,Combined TRACON& Tower with Radar,6,10,20,1,37,0,3,32,0,35,6,13,52,1,72,34,0,34,106
07/29/2011,ACT,TX,ASW,CE,Combined TRACON& Tower with Radar,6,12,23,23,64,0,0,33,5,38,6,12,56,28,102,20,12,32,134
07/30/2011,ACT,TX,ASW,CE,Combined TRACON& Tower with Radar,4,8,18,0,30,0,1,14,0,15,4,9,32,0,45,0,0,0,45
07/31/2011,ACT,TX,ASW,CE,Combined TRACON& Tower with Radar,6,11,4,7,28,0,0,29,4,33,6,11,33,11,61,12,0,12,73
08/01/2011,ACT,TX,ASW,CE,Combined TRACON& Tower with Radar,6,8,13,5,32,0,1,33,0,34,6,9,46,5,66,14,0,14,80
08/02/2011,ACT,TX,ASW,CE,Combined TRACON& Tower with Radar,6,12,39,4,61,0,0,34,0,34,6,12,73,4,95,12,0,12,107
08/03/2011,ACT,TX,ASW,CE,Combined TRACON& Tower with Radar,6,7,33,3,49,0,4,28,2,34,6,11,61,5,83,36,0,36,119
08/04/2011,ACT,TX,ASW,CE,Combined TRACON& Tower with Radar,6,9,38,14,67,0,2,43,0,45,6,11,81,14,112,22,6,28,140
08/05/2011,ACT,TX,ASW,CE,Combined TRACON& Tower with Radar,6,10,23,16,55,0,0,44,0,44,6,10,67,16,99,26,0,26,125
08/06/2011,ACT,TX,ASW,CE,Combined TRACON& Tower with Radar,4,9,5,6,24,0,0,22,1,23,4,9,27,7,47,2,0,2,49
08/07/2011,ACT,TX,ASW,CE,Combined TRACON& Tower with Radar,6,8,8,4,26,0,0,22,1,23,6,8,30,5,49,6,0,6,55
08/08/2011,ACT,TX,ASW,CE,Combined TRACON& Tower with Radar,8,10,9,3,30,0,2,26,0,28,8,12,35,3,58,8,0,8,66
08/09/2011,ACT,TX,ASW,CE,Combined TRACON& Tower with Radar,6,8,29,7,50,0,2,32,1,35,6,10,61,8,85,14,0,14,99
08/10/2011,ACT,TX,ASW,CE,Combined TRACON& Tower with Radar,6,11,38,10,65,0,2,39,6,47,6,13,77,16,112,14,8,22,134
08/11/2011,ACT,TX,ASW,CE,Combined TRACON& Tower with Radar,6,8,29,12,55,0,1,20,0,21,6,9,49,12,76,18,4,22,98
08/12/2011,ACT,TX,ASW,CE,Combined TRACON& Tower with Radar,8,8,27,1,44,0,0,21,0,21,8,8,48,1,65,0,0,0,65
08/13/2011,ACT,TX,ASW,CE,Combined TRACON& Tower with Radar,4,6,9,2,21,0,0,7,2,9,4,6,16,4,30,4,0,4,34
08/14/2011,ACT,TX,ASW,CE,Combined TRACON& Tower with Radar,6,8,10,8,32,0,0,12,0,12,6,8,22,8,44,6,0,6,50
08/15/2011,ACT,TX,ASW,CE,Combined TRACON& Tower with Radar,6,8,16,9,39,0,2,27,0,29,6,10,43,9,68,0,4,4,72
08/16/2011,ACT,TX,ASW,CE,Combined TRACON& Tower with Radar,6,8,38,4,56,0,2,23,0,25,6,10,61,4,81,18,0,18,99
08/17/2011,ACT,TX,ASW,CE,Combined TRACON& Tower with Radar,6,9,46,1,62,0,0,39,1,40,6,9,85,2,102,2,0,2,104
08/18/2011,ACT,TX,ASW,CE,Combined TRACON& Tower with Radar,6,8,60,17,91,0,0,40,1,41,6,8,100,18,132,16,8,24,156
08/19/2011,ACT,TX,ASW,CE,Combined TRACON& Tower with Radar,6,8,31,6,51,0,2,39,2,43,6,10,70,8,94,12,0,12,106
08/20/2011,ACT,TX,ASW,CE,Combined TRACON& Tower with Radar,4,6,20,6,36,0,0,34,0,34,4,6,54,6,70,14,0,14,84
08/21/2011,ACT,TX,ASW,CE,Combined TRACON& Tower with Radar,6,9,11,10,36,0,0,22,0,22,6,9,33,10,58,0,4,4,62
08/22/2011,ACT,TX,ASW,CE,Combined TRACON& Tower with Radar,6,8,25,0,39,0,0,27,1,28,6,8,52,1,67,8,0,8,75
08/23/2011,ACT,TX,ASW,CE,Combined TRACON& Tower with Radar,4,8,39,2,53,0,2,42,0,44,4,10,81,2,97,31,0,31,128
08/24/2011,ACT,TX,ASW,CE,Combined TRACON& Tower with Radar,6,8,24,3,41,0,1,36,0,37,6,9,60,3,78,13,0,13,91
08/25/2011,ACT,TX,ASW,CE,Combined TRACON& Tower with Radar,6,8,16,2,32,0,2,27,2,31,6,10,43,4,63,12,0,12,75
08/26/2011,ACT,TX,ASW,CE,Combined TRACON& Tower with Radar,6,8,28,12,54,0,0,26,2,28,6,8,54,14,82,22,6,28,110
08/27/2011,ACT,TX,ASW,CE,Combined TRACON& Tower with Radar,2,6,5,0,13,0,0,21,0,21,2,6,26,0,34,0,8,8,42
08/28/2011,ACT,TX,ASW,CE,Combined TRACON& Tower with Radar,6,10,9,0,25,0,0,18,0,18,6,10,27,0,43,0,0,0,43
08/29/2011,ACT,TX,ASW,CE,Combined TRACON& Tower with Radar,8,9,23,0,40,0,4,39,0,43,8,13,62,0,83,10,0,10,93
08/30/2011,ACT,TX,ASW,CE,Combined TRACON& Tower with Radar,4,8,28,7,47,0,0,29,3,32,4,8,57,10,79,10,0,10,89
08/31/2011,ACT,TX,ASW,CE,Combined TRACON& Tower with Radar,6,10,27,4,47,0,4,20,0,24,6,14,47,4,71,40,2,42,113
09/01/2011,ACT,TX,ASW,CE,Combined TRACON& Tower with Radar,6,10,21,5,42,0,2,38,4,44,6,12,59,9,86,40,0,40,126
09/02/2011,ACT,TX,ASW,CE,Combined TRACON& Tower with Radar,6,11,31,2,50,0,7,40,1,48,6,18,71,3,98,18,2,20,118
09/03/2011,ACT,TX,ASW,CE,Combined TRACON& Tower with Radar,2,7,15,0,24,0,2,41,0,43,2,9,56,0,67,4,0,4,71
09/04/2011,ACT,TX,ASW,CE,Combined TRACON& Tower with Radar,4,4,7,0,15,0,0,8,0,8,4,4,15,0,23,0,0,0,23
09/05/2011,ACT,TX,ASW,CE,Combined TRACON& Tower with Radar,4,8,19,0,31,0,0,29,0,29,4,8,48,0,60,16,0,16,76
09/06/2011,ACT,TX,ASW,CE,Combined TRACON& Tower with Radar,4,13,27,1,45,0,2,32,1,35,4,15,59,2,80,18,0,18,98
09/07/2011,ACT,TX,ASW,CE,Combined TRACON& Tower with Radar,6,8,19,3,36,0,5,34,0,39,6,13,53,3,75,10,0,10,85
09/08/2011,ACT,TX,ASW,CE,Combined TRACON& Tower with Radar,6,10,43,3,62,0,4,34,1,39,6,14,77,4,101,28,16,44,145
09/09/2011,ACT,TX,ASW,CE,Combined TRACON& Tower with Radar,6,10,27,3,46,0,3,51,2,56,6,13,78,5,102,8,0,8,110
09/10/2011,ACT,TX,ASW,CE,Combined TRACON& Tower with Radar,2,8,12,9,31,0,0,26,3,29,2,8,38,12,60,0,0,0,60
09/11/2011,ACT,TX,ASW,CE,Combined TRACON& Tower with Radar,6,10,1,1,18,0,1,27,1,29,6,11,28,2,47,0,0,0,47
09/12/2011,ACT,TX,ASW,CE,Combined TRACON& Tower with Radar,6,12,9,10,37,0,4,16,0,20,6,16,25,10,57,4,0,4,61
09/13/2011,ACT,TX,ASW,CE,Combined TRACON& Tower with Radar,4,8,31,9,52,0,4,34,11,49,4,12,65,20,101,8,2,10,111
09/14/2011,ACT,TX,ASW,CE,Combined TRACON& Tower with Radar,6,9,17,10,42,0,2,29,1,32,6,11,46,11,74,4,0,4,78
09/15/2011,ACT,TX,ASW,CE,Combined TRACON& Tower with Radar,5,6,18,0,29,0,1,13,2,16,5,7,31,2,45,0,0,0,45
09/16/2011,ACT,TX,ASW,CE,Combined TRACON& Tower with Radar,14,11,25,3,53,0,5,29,0,34,14,16,54,3,87,2,0,2,89
09/17/2011,ACT,TX,ASW,CE,Combined TRACON& Tower with Radar,2,9,32,0,43,0,0,9,0,9,2,9,41,0,52,0,0,0,52
09/18/2011,ACT,TX,ASW,CE,Combined TRACON& Tower with Radar,6,12,12,0,30,0,0,7,0,7,6,12,19,0,37,6,0,6,43
09/19/2011,ACT,TX,ASW,CE,Combined TRACON& Tower with Radar,4,20,17,7,48,0,10,24,0,34,4,30,41,7,82,16,2,18,100
09/20/2011,ACT,TX,ASW,CE,Combined TRACON& Tower with Radar,4,12,25,2,43,0,12,22,0,34,4,24,47,2,77,2,0,2,79
09/21/2011,ACT,TX,ASW,CE,Combined TRACON& Tower with Radar,6,9,35,0,50,0,5,39,0,44,6,14,74,0,94,32,0,32,126
09/22/2011,ACT,TX,ASW,CE,Combined TRACON& Tower with Radar,6,11,27,2,46,0,1,29,0,30,6,12,56,2,76,10,0,10,86
09/23/2011,ACT,TX,ASW,CE,Combined TRACON& Tower with Radar,6,15,27,25,73,0,4,50,8,62,6,19,77,33,135,6,28,34,169
09/24/2011,ACT,TX,ASW,CE,Combined TRACON& Tower with Radar,2,6,13,0,21,0,2,41,0,43,2,8,54,0,64,18,0,18,82
09/25/2011,ACT,TX,ASW,CE,Combined TRACON& Tower with Radar,6,13,12,0,31,0,0,22,2,24,6,13,34,2,55,6,0,6,61
09/26/2011,ACT,TX,ASW,CE,Combined TRACON& Tower with Radar,6,13,12,7,38,0,1,28,3,32,6,14,40,10,70,6,0,6,76
09/27/2011,ACT,TX,ASW,CE,Combined TRACON& Tower with Radar,4,11,17,0,32,0,3,29,0,32,4,14,46,0,64,6,0,6,70
09/28/2011,ACT,TX,ASW,CE,Combined TRACON& Tower with Radar,6,9,26,0,41,0,0,37,0,37,6,9,63,0,78,14,0,14,92
09/29/2011,ACT,TX,ASW,CE,Combined TRACON& Tower with Radar,12,9,18,0,39,0,4,30,1,35,12,13,48,1,74,0,0,0,74
09/30/2011,ACT,TX,ASW,CE,Combined TRACON& Tower with Radar,8,13,13,9,43,0,6,26,2,34,8,19,39,11,77,12,0,12,89
10/01/2011,ACT,TX,ASW,CE,Combined TRACON& Tower with Radar,4,6,11,14,35,0,0,27,2,29,4,6,38,16,64,14,14,28,92
10/02/2011,ACT,TX,ASW,CE,Combined TRACON& Tower with Radar,8,8,15,11,42,0,0,31,7,38,8,8,46,18,80,10,0,10,90
10/03/2011,ACT,TX,ASW,CE,Combined TRACON& Tower with Radar,6,12,13,8,39,0,6,30,1,37,6,18,43,9,76,14,6,20,96
10/04/2011,ACT,TX,ASW,CE,Combined TRACON& Tower with Radar,4,7,29,5,45,0,4,42,12,58,4,11,71,17,103,42,4,46,149
10/05/2011,ACT,TX,ASW,CE,Combined TRACON& Tower with Radar,6,9,18,21,54,0,4,43,5,52,6,13,61,26,106,12,14,26,132
10/06/2011,ACT,TX,ASW,CE,Combined TRACON& Tower with Radar,6,12,38,0,56,0,1,32,3,36,6,13,70,3,92,10,6,16,108
10/07/2011,ACT,TX,ASW,CE,Combined TRACON& Tower with Radar,7,19,43,1,70,0,3,15,0,18,7,22,58,1,88,0,0,0,88
10/08/2011,ACT,TX,ASW,CE,Combined TRACON& Tower with Radar,2,9,23,0,34,0,2,15,0,17,2,11,38,0,51,4,0,4,55
10/09/2011,ACT,TX,ASW,CE,Combined TRACON& Tower with Radar,6,9,15,0,30,0,1,2,0,3,6,10,17,0,33,0,0,0,33
10/10/2011,ACT,TX,ASW,CE,Combined TRACON& Tower with Radar,6,14,15,0,35,0,0,23,1,24,6,14,38,1,59,12,6,18,77
10/11/2011,ACT,TX,ASW,CE,Combined TRACON& Tower with Radar,4,8,29,0,41,0,1,36,2,39,4,9,65,2,80,2,0,2,82
10/12/2011,ACT,TX,ASW,CE,Combined TRACON& Tower with Radar,6,11,31,1,49,0,0,22,3,25,6,11,53,4,74,2,0,2,76
10/13/2011,ACT,TX,ASW,CE,Combined TRACON& Tower with Radar,6,13,41,4,64,0,0,42,0,42,6,13,83,4,106,22,0,22,128
10/14/2011,ACT,TX,ASW,CE,Combined TRACON& Tower with Radar,6,10,44,2,62,0,0,54,2,56,6,10,98,4,118,24,2,26,144
10/15/2011,ACT,TX,ASW,CE,Combined TRACON& Tower with Radar,4,8,16,0,28,0,0,24,1,25,4,8,40,1,53,6,0,6,59
10/16/2011,ACT,TX,ASW,CE,Combined TRACON& Tower with Radar,6,8,29,13,56,0,0,51,5,56,6,8,80,18,112,36,0,36,148
10/17/2011,ACT,TX,ASW,CE,Combined TRACON& Tower with Radar,14,20,26,2,62,0,0,26,0,26,14,20,52,2,88,2,0,2,90
10/18/2011,ACT,TX,ASW,CE,Combined TRACON& Tower with Radar,6,15,15,2,38,0,0,8,3,11,6,15,23,5,49,4,0,4,53
10/19/2011,ACT,TX,ASW,CE,Combined TRACON& Tower with Radar,6,9,31,0,46,0,7,25,0,32,6,16,56,0,78,14,0,14,92
10/20/2011,ACT,TX,ASW,CE,Combined TRACON& Tower with Radar,6,11,13,3,33,0,6,28,0,34,6,17,41,3,67,6,0,6,73
10/21/2011,ACT,TX,ASW,CE,Combined TRACON& Tower with Radar,6,11,17,30,64,0,4,25,5,34,6,15,42,35,98,6,4,10,108
10/22/2011,ACT,TX,ASW,CE,Combined TRACON& Tower with Radar,2,7,20,2,31,0,1,36,2,39,2,8,56,4,70,20,0,20,90
10/23/2011,ACT,TX,ASW,CE,Combined TRACON& Tower with Radar,6,8,8,0,22,0,2,10,2,14,6,10,18,2,36,0,0,0,36
10/24/2011,ACT,TX,ASW,CE,Combined TRACON& Tower with Radar,2,11,16,21,50,0,1,12,1,14,2,12,28,22,64,8,0,8,72
10/25/2011,ACT,TX,ASW,CE,Combined TRACON& Tower with Radar,4,11,19,2,36,0,3,25,0,28,4,14,44,2,64,22,0,22,86
10/26/2011,ACT,TX,ASW,CE,Combined TRACON& Tower with Radar,6,13,36,1,56,0,1,21,4,26,6,14,57,5,82,10,22,32,114
10/27/2011,ACT,TX,ASW,CE,Combined TRACON& Tower with Radar,6,12,29,7,54,0,1,10,6,17,6,13,39,13,71,6,0,6,77
10/28/2011,ACT,TX,ASW,CE,Combined TRACON& Tower with Radar,8,12,18,14,52,0,2,18,7,27,8,14,36,21,79,22,8,30,109
10/29/2011,ACT,TX,ASW,CE,Combined TRACON& Tower with Radar,4,8,10,0,22,0,0,27,0,27,4,8,37,0,49,18,0,18,67
10/30/2011,ACT,TX,ASW,CE,Combined TRACON& Tower with Radar,6,10,8,4,28,0,0,25,4,29,6,10,33,8,57,2,0,2,59
10/31/2011,ACT,TX,ASW,CE,Combined TRACON& Tower with Radar,6,10,8,44,68,0,4,36,0,40,6,14,44,44,108,6,30,36,144
11/01/2011,ACT,TX,ASW,CE,Combined TRACON& Tower with Radar,4,8,25,33,70,0,4,45,0,49,4,12,70,33,119,20,0,20,139
11/02/2011,ACT,TX,ASW,CE,Combined TRACON& Tower with Radar,8,9,31,3,51,0,2,25,0,27,8,11,56,3,78,8,0,8,86
11/03/2011,ACT,TX,ASW,CE,Combined TRACON& Tower with Radar,6,11,20,2,39,0,0,19,0,19,6,11,39,2,58,8,0,8,66
11/04/2011,ACT,TX,ASW,CE,Combined TRACON& Tower with Radar,7,16,39,2,64,0,0,60,2,62,7,16,99,4,126,46,0,46,172
11/05/2011,ACT,TX,ASW,CE,Combined TRACON& Tower with Radar,3,10,10,7,30,0,0,17,0,17,3,10,27,7,47,6,0,6,53
11/06/2011,ACT,TX,ASW,CE,Combined TRACON& Tower with Radar,6,10,22,6,44,0,0,17,0,17,6,10,39,6,61,0,2,2,63
11/07/2011,ACT,TX,ASW,CE,Combined TRACON& Tower with Radar,6,14,28,10,58,0,0,4,0,4,6,14,32,10,62,0,0,0,62
11/08/2011,ACT,TX,ASW,CE,Combined TRACON& Tower with Radar,4,13,26,3,46,0,3,11,0,14,4,16,37,3,60,4,0,4,64
11/09/2011,ACT,TX,ASW,CE,Combined TRACON& Tower with Radar,6,11,32,19,68,0,1,22,0,23,6,12,54,19,91,8,0,8,99
11/10/2011,ACT,TX,ASW,CE,Combined TRACON& Tower with Radar,6,9,26,12,53,0,2,60,3,65,6,11,86,15,118,32,26,58,176
11/11/2011,ACT,TX,ASW,CE,Combined TRACON& Tower with Radar,8,10,13,0,31,0,0,45,0,45,8,10,58,0,76,10,0,10,86
11/12/2011,ACT,TX,ASW,CE,Combined TRACON& Tower with Radar,4,7,8,11,30,0,1,21,0,22,4,8,29,11,52,0,0,0,52
11/13/2011,ACT,TX,ASW,CE,Combined TRACON& Tower with Radar,6,9,4,6,25,0,0,16,0,16,6,9,20,6,41,0,0,0,41
11/14/2011,ACT,TX,ASW,CE,Combined TRACON& Tower with Radar,4,12,30,0,46,0,0,14,0,14,4,12,44,0,60,14,0,14,74
11/15/2011,ACT,TX,ASW,CE,Combined TRACON& Tower with Radar,4,10,19,0,33,0,2,3,0,5,4,12,22,0,38,14,0,14,52
11/16/2011,ACT,TX,ASW,CE,Combined TRACON& Tower with Radar,7,6,31,6,50,0,0,28,0,28,7,6,59,6,78,24,0,24,102
11/17/2011,ACT,TX,ASW,CE,Combined TRACON& Tower with Radar,8,9,29,2,48,0,3,36,1,40,8,12,65,3,88,24,18,42,130
11/18/2011,ACT,TX,ASW,CE,Combined TRACON& Tower with Radar,10,13,18,8,49,0,0,29,7,36,10,13,47,15,85,12,4,16,101
11/19/2011,ACT,TX,ASW,CE,Combined TRACON& Tower with Radar,5,11,26,4,46,0,0,11,0,11,5,11,37,4,57,8,0,8,65
11/20/2011,ACT,TX,ASW,CE,Combined TRACON& Tower with Radar,8,5,19,1,33,0,0,7,0,7,8,5,26,1,40,0,0,0,40
11/21/2011,ACT,TX,ASW,CE,Combined TRACON& Tower with Radar,10,6,25,4,45,0,0,0,0,0,10,6,25,4,45,0,0,0,45
11/22/2011,ACT,TX,ASW,CE,Combined TRACON& Tower with Radar,6,9,34,2,51,0,0,7,0,7,6,9,41,2,58,4,0,4,62
11/23/2011,ACT,TX,ASW,CE,Combined TRACON& Tower with Radar,6,8,10,5,29,0,3,17,7,27,6,11,27,12,56,0,0,0,56
11/24/2011,ACT,TX,ASW,CE,Combined TRACON& Tower with Radar,6,4,10,0,20,0,0,8,0,8,6,4,18,0,28,0,0,0,28
11/25/2011,ACT,TX,ASW,CE,Combined TRACON& Tower with Radar,6,5,6,0,17,0,0,8,0,8,6,5,14,0,25,0,0,0,25
11/26/2011,ACT,TX,ASW,CE,Combined TRACON& Tower with Radar,4,10,5,0,19,0,0,1,0,1,4,10,6,0,20,0,0,0,20
11/27/2011,ACT,TX,ASW,CE,Combined TRACON& Tower with Radar,8,11,2,0,21,0,0,12,0,12,8,11,14,0,33,0,0,0,33
11/28/2011,ACT,TX,ASW,CE,Combined TRACON& Tower with Radar,10,11,20,0,41,0,1,35,0,36,10,12,55,0,77,42,0,42,119
11/29/2011,ACT,TX,ASW,CE,Combined TRACON& Tower with Radar,6,6,27,4,43,0,3,32,4,39,6,9,59,8,82,0,0,0,82
11/30/2011,ACT,TX,ASW,CE,Combined TRACON& Tower with Radar,6,6,30,2,44,0,2,61,0,63,6,8,91,2,107,16,0,16,123
12/01/2011,ACT,TX,ASW,CE,Combined TRACON& Tower with Radar,10,8,30,5,53,0,0,9,0,9,10,8,39,5,62,0,0,0,62
12/02/2011,ACT,TX,ASW,CE,Combined TRACON& Tower with Radar,3,6,9,8,26,0,0,0,0,0,3,6,9,8,26,0,0,0,26
12/03/2011,ACT,TX,ASW,CE,Combined TRACON& Tower with Radar,6,8,35,13,62,0,0,1,0,1,6,8,36,13,63,0,0,0,63
12/04/2011,ACT,TX,ASW,CE,Combined TRACON& Tower with Radar,9,7,6,0,22,0,0,0,0,0,9,7,6,0,22,0,0,0,22
12/05/2011,ACT,TX,ASW,CE,Combined TRACON& Tower with Radar,6,9,13,6,34,0,0,0,0,0,6,9,13,6,34,0,0,0,34
12/06/2011,ACT,TX,ASW,CE,Combined TRACON& Tower with Radar,5,8,14,0,27,0,0,16,0,16,5,8,30,0,43,18,0,18,61
12/07/2011,ACT,TX,ASW,CE,Combined TRACON& Tower with Radar,5,6,36,1,48,0,2,36,5,43,5,8,72,6,91,19,4,23,114
12/08/2011,ACT,TX,ASW,CE,Combined TRACON& Tower with Radar,7,11,19,3,40,0,3,38,2,43,7,14,57,5,83,26,0,26,109
12/09/2011,ACT,TX,ASW,CE,Combined TRACON& Tower with Radar,8,8,19,3,38,0,2,13,0,15,8,10,32,3,53,4,0,4,57
12/10/2011,ACT,TX,ASW,CE,Combined TRACON& Tower with Radar,4,7,14,0,25,0,0,30,0,30,4,7,44,0,55,24,0,24,79
12/11/2011,ACT,TX,ASW,CE,Combined TRACON& Tower with Radar,6,8,17,0,31,0,0,31,0,31,6,8,48,0,62,26,0,26,88
12/12/2011,ACT,TX,ASW,CE,Combined TRACON& Tower with Radar,8,12,16,1,37,0,1,23,2,26,8,13,39,3,63,20,0,20,83
12/13/2011,ACT,TX,ASW,CE,Combined TRACON& Tower with Radar,8,9,15,0,32,0,0,0,0,0,8,9,15,0,32,0,0,0,32
12/14/2011,ACT,TX,ASW,CE,Combined TRACON& Tower with Radar,6,7,6,0,19,0,0,1,0,1,6,7,7,0,20,0,0,0,20
12/15/2011,ACT,TX,ASW,CE,Combined TRACON& Tower with Radar,10,8,23,2,43,0,0,5,0,5,10,8,28,2,48,0,0,0,48
12/16/2011,ACT,TX,ASW,CE,Combined TRACON& Tower with Radar,6,9,16,14,45,0,3,31,2,36,6,12,47,16,81,18,0,18,99
12/17/2011,ACT,TX,ASW,CE,Combined TRACON& Tower with Radar,4,6,11,10,31,0,1,36,0,37,4,7,47,10,68,38,0,38,106
12/18/2011,ACT,TX,ASW,CE,Combined TRACON& Tower with Radar,8,10,10,3,31,0,0,6,0,6,8,10,16,3,37,12,0,12,49
12/19/2011,ACT,TX,ASW,CE,Combined TRACON& Tower with Radar,6,12,15,0,33,0,0,0,0,0,6,12,15,0,33,0,0,0,33
12/20/2011,ACT,TX,ASW,CE,Combined TRACON& Tower with Radar,5,11,25,7,48,0,1,27,0,28,5,12,52,7,76,22,0,22,98
12/21/2011,ACT,TX,ASW,CE,Combined TRACON& Tower with Radar,5,8,21,0,34,0,0,44,1,45,5,8,65,1,79,10,0,10,89
12/22/2011,ACT,TX,ASW,CE,Combined TRACON& Tower with Radar,8,8,11,0,27,0,2,34,0,36,8,10,45,0,63,14,0,14,77
12/23/2011,ACT,TX,ASW,CE,Combined TRACON& Tower with Radar,8,9,9,0,26,0,0,3,0,3,8,9,12,0,29,10,0,10,39
12/24/2011,ACT,TX,ASW,CE,Combined TRACON& Tower with Radar,4,4,0,0,8,0,0,0,0,0,4,4,0,0,8,0,0,0,8
12/25/2011,ACT,TX,ASW,CE,Combined TRACON& Tower with Radar,6,6,0,0,12,0,0,0,0,0,6,6,0,0,12,0,0,0,12
12/26/2011,ACT,TX,ASW,CE,Combined TRACON& Tower with Radar,8,11,2,0,21,0,0,4,0,4,8,11,6,0,25,10,0,10,35
12/27/2011,ACT,TX,ASW,CE,Combined TRACON& Tower with Radar,6,9,10,0,25,0,0,28,0,28,6,9,38,0,53,8,0,8,61
12/28/2011,ACT,TX,ASW,CE,Combined TRACON& Tower with Radar,6,7,9,0,22,0,7,37,0,44,6,14,46,0,66,4,0,4,70
12/29/2011,ACT,TX,ASW,CE,Combined TRACON& Tower with Radar,8,12,14,2,36,0,2,28,0,30,8,14,42,2,66,18,0,18,84
12/30/2011,ACT,TX,ASW,CE,Combined TRACON& Tower with Radar,6,13,6,0,25,0,3,36,0,39,6,16,42,0,64,6,0,6,70
12/31/2011,ACT,TX,ASW,CE,Combined TRACON& Tower with Radar,4,1,7,0,12,0,0,9,0,9,4,1,16,0,21,0,0,0,21
01/01/2012,ACT,TX,ASW,CE,Combined TRACON& Tower with Radar,6,8,8,0,22,0,0,12,1,13,6,8,20,1,35,8,0,8,43
01/02/2012,ACT,TX,ASW,CE,Combined TRACON& Tower with Radar,8,8,15,0,31,0,0,26,0,26,8,8,41,0,57,8,0,8,65
01/03/2012,ACT,TX,ASW,CE,Combined TRACON& Tower with Radar,6,7,14,3,30,0,0,18,0,18,6,7,32,3,48,6,0,6,54
01/04/2012,ACT,TX,ASW,CE,Combined TRACON& Tower with Radar,4,9,9,0,22,0,0,33,1,34,4,9,42,1,56,24,0,24,80
01/05/2012,ACT,TX,ASW,CE,Combined TRACON& Tower with Radar,8,10,19,0,37,0,0,30,1,31,8,10,49,1,68,10,0,10,78
01/06/2012,ACT,TX,ASW,CE,Combined TRACON& Tower with Radar,10,10,19,6,45,0,0,37,3,40,10,10,56,9,85,20,8,28,113
01/07/2012,ACT,TX,ASW,CE,Combined TRACON& Tower with Radar,7,4,15,2,28,0,0,23,0,23,7,4,38,2,51,6,0,6,57
01/08/2012,ACT,TX,ASW,CE,Combined TRACON& Tower with Radar,7,8,2,15,32,0,0,6,2,8,7,8,8,17,40,8,2,10,50
01/09/2012,ACT,TX,ASW,CE,Combined TRACON& Tower with Radar,8,4,6,0,18,0,0,0,0,0,8,4,6,0,18,0,0,0,18
01/10/2012,ACT,TX,ASW,CE,Combined TRACON& Tower with Radar,6,14,42,0,62,0,0,19,0,19,6,14,61,0,81,18,0,18,99
01/11/2012,ACT,TX,ASW,CE,Combined TRACON& Tower with Radar,6,9,24,5,44,0,4,20,0,24,6,13,44,5,68,21,0,21,89
01/12/2012,ACT,TX,ASW,CE,Combined TRACON& Tower with Radar,8,9,24,2,43,0,4,15,0,19,8,13,39,2,62,10,0,10,72
01/13/2012,ACT,TX,ASW,CE,Combined TRACON& Tower with Radar,9,11,28,9,57,0,4,46,1,51,9,15,74,10,108,42,0,42,150
01/14/2012,ACT,TX,ASW,CE,Combined TRACON& Tower with Radar,5,8,15,9,37,0,0,36,13,49,5,8,51,22,86,8,22,30,116
01/15/2012,ACT,TX,ASW,CE,Combined TRACON& Tower with Radar,9,7,5,0,21,0,0,17,0,17,9,7,22,0,38,0,0,0,38
01/16/2012,ACT,TX,ASW,CE,Combined TRACON& Tower with Radar,6,12,7,0,25,0,0,9,0,9,6,12,16,0,34,0,0,0,34
01/17/2012,ACT,TX,ASW,CE,Combined TRACON& Tower with Radar,4,11,10,4,29,0,1,6,0,7,4,12,16,4,36,0,0,0,36
01/18/2012,ACT,TX,ASW,CE,Combined TRACON& Tower with Radar,5,12,36,2,55,0,5,54,8,67,5,17,90,10,122,30,0,30,152
01/19/2012,ACT,TX,ASW,CE,Combined TRACON& Tower with Radar,8,14,36,2,60,0,0,69,9,78,8,14,105,11,138,14,2,16,154
01/20/2012,ACT,TX,ASW,CE,Combined TRACON& Tower with Radar,8,13,29,15,65,0,1,38,4,43,8,14,67,19,108,6,0,6,114
01/21/2012,ACT,TX,ASW,CE,Combined TRACON& Tower with Radar,4,9,11,18,42,0,0,28,10,38,4,9,39,28,80,0,26,26,106
01/22/2012,ACT,TX,ASW,CE,Combined TRACON& Tower with Radar,8,10,15,6,39,0,0,4,0,4,8,10,19,6,43,0,0,0,43
01/23/2012,ACT,TX,ASW,CE,Combined TRACON& Tower with Radar,8,14,17,2,41,0,1,57,3,61,8,15,74,5,102,22,0,22,124
01/24/2012,ACT,TX,ASW,CE,Combined TRACON& Tower with Radar,3,8,24,0,35,0,0,5,0,5,3,8,29,0,40,0,0,0,40
01/25/2012,ACT,TX,ASW,CE,Combined TRACON& Tower with Radar,2,2,23,2,29,0,0,0,0,0,2,2,23,2,29,0,2,2,31
01/26/2012,ACT,TX,ASW,CE,Combined TRACON& Tower with Radar,5,10,33,0,48,0,2,17,0,19,5,12,50,0,67,22,0,22,89
01/27/2012,ACT,TX,ASW,CE,Combined TRACON& Tower with Radar,9,9,31,24,73,0,0,46,4,50,9,9,77,28,123,6,4,10,133
01/28/2012,ACT,TX,ASW,CE,Combined TRACON& Tower with Radar,5,4,20,1,30,0,1,36,1,38,5,5,56,2,68,20,0,20,88
01/29/2012,ACT,TX,ASW,CE,Combined TRACON& Tower with Radar,8,7,6,4,25,0,0,32,0,32,8,7,38,4,57,0,0,0,57
01/30/2012,ACT,TX,ASW,CE,Combined TRACON& Tower with Radar,7,12,35,6,60,0,4,16,0,20,7,16,51,6,80,6,0,6,86
01/31/2012,ACT,TX,ASW,CE,Combined TRACON& Tower with Radar,2,13,44,2,61,0,2,7,4,13,2,15,51,6,74,4,10,14,88
02/01/2012,ACT,TX,ASW,CE,Combined TRACON& Tower with Radar,0,15,42,25,82,0,7,19,1,27,0,22,61,26,109,14,0,14,123
02/02/2012,ACT,TX,ASW,CE,Combined TRACON& Tower with Radar,0,18,36,7,61,0,1,2,0,3,0,19,38,7,64,2,0,2,66
02/03/2012,ACT,TX,ASW,CE,Combined TRACON& Tower with Radar,1,24,40,0,65,0,2,8,0,10,1,26,48,0,75,14,0,14,89
02/04/2012,ACT,TX,ASW,CE,Combined TRACON& Tower with Radar,4,10,9,0,23,0,0,19,2,21,4,10,28,2,44,6,0,6,50
02/05/2012,ACT,TX,ASW,CE,Combined TRACON& Tower with Radar,0,19,12,6,37,0,0,10,0,10,0,19,22,6,47,31,0,31,78
02/06/2012,ACT,TX,ASW,CE,Combined TRACON& Tower with Radar,0,18,34,2,54,0,4,26,0,30,0,22,60,2,84,6,0,6,90
02/07/2012,ACT,TX,ASW,CE,Combined TRACON& Tower with Radar,1,13,60,2,76,0,0,23,0,23,1,13,83,2,99,24,0,24,123
02/08/2012,ACT,TX,ASW,CE,Combined TRACON& Tower with Radar,0,16,75,0,91,0,0,26,1,27,0,16,101,1,118,38,0,38,156
02/09/2012,ACT,TX,ASW,CE,Combined TRACON& Tower with Radar,0,18,46,2,66,0,0,39,0,39,0,18,85,2,105,4,0,4,109
02/10/2012,ACT,TX,ASW,CE,Combined TRACON& Tower with Radar,1,16,39,40,96,0,4,31,6,41,1,20,70,46,137,8,12,20,157
02/11/2012,ACT,TX,ASW,CE,Combined TRACON& Tower with Radar,2,8,11,12,33,0,0,50,3,53,2,8,61,15,86,8,12,20,106
02/12/2012,ACT,TX,ASW,CE,Combined TRACON& Tower with Radar,1,12,19,29,61,0,0,15,2,17,1,12,34,31,78,0,4,4,82
02/13/2012,ACT,TX,ASW,CE,Combined TRACON& Tower with Radar,1,14,12,5,32,0,0,5,0,5,1,14,17,5,37,12,0,12,49
02/14/2012,ACT,TX,ASW,CE,Combined TRACON& Tower with Radar,0,14,30,5,49,0,2,26,0,28,0,16,56,5,77,30,0,30,107
02/15/2012,ACT,TX,ASW,CE,Combined TRACON& Tower with Radar,0,15,44,22,81,0,0,14,2,16,0,15,58,24,97,4,0,4,101
02/16/2012,ACT,TX,ASW,CE,Combined TRACON& Tower with Radar,0,16,47,0,63,0,0,28,0,28,0,16,75,0,91,12,0,12,103
02/17/2012,ACT,TX,ASW,CE,Combined TRACON& Tower with Radar,1,20,31,0,52,0,0,6,0,6,1,20,37,0,58,4,0,4,62
02/18/2012,ACT,TX,ASW,CE,Combined TRACON& Tower with Radar,1,6,5,0,12,0,0,1,0,1,1,6,6,0,13,0,0,0,13
02/19/2012,ACT,TX,ASW,CE,Combined TRACON& Tower with Radar,0,21,20,0,41,0,0,25,0,25,0,21,45,0,66,0,0,0,66
02/20/2012,ACT,TX,ASW,CE,Combined TRACON& Tower with Radar,0,23,22,0,45,0,0,6,0,6,0,23,28,0,51,2,0,2,53
02/21/2012,ACT,TX,ASW,CE,Combined TRACON& Tower with Radar,0,15,27,0,42,0,3,55,0,58,0,18,82,0,100,26,0,26,126
02/22/2012,ACT,TX,ASW,CE,Combined TRACON& Tower with Radar,0,13,35,6,54,0,1,38,1,40,0,14,73,7,94,24,0,24,118
02/23/2012,ACT,TX,ASW,CE,Combined TRACON& Tower with Radar,0,18,37,4,59,0,1,22,0,23,0,19,59,4,82,10,0,10,92
02/24/2012,ACT,TX,ASW,CE,Combined TRACON& Tower with Radar,0,18,25,6,49,0,2,39,0,41,0,20,64,6,90,4,0,4,94
02/25/2012,ACT,TX,ASW,CE,Combined TRACON& Tower with Radar,0,10,16,8,34,0,0,52,0,52,0,10,68,8,86,4,0,4,90
02/26/2012,ACT,TX,ASW,CE,Combined TRACON& Tower with Radar,0,18,22,6,46,0,0,31,2,33,0,18,53,8,79,4,0,4,83
02/27/2012,ACT,TX,ASW,CE,Combined TRACON& Tower with Radar,0,20,34,0,54,0,4,6,1,11,0,24,40,1,65,2,0,2,67
02/28/2012,ACT,TX,ASW,CE,Combined TRACON& Tower with Radar,0,12,25,2,39,0,0,4,0,4,0,12,29,2,43,0,0,0,43
02/29/2012,ACT,TX,ASW,CE,Combined TRACON& Tower with Radar,0,14,33,4,51,0,7,45,1,53,0,21,78,5,104,44,0,44,148
03/01/2012,ACT,TX,ASW,CE,Combined TRACON& Tower with Radar,2,17,42,14,75,0,4,27,1,32,2,21,69,15,107,40,0,40,147
03/02/2012,ACT,TX,ASW,CE,Combined TRACON& Tower with Radar,0,21,50,38,109,0,2,47,3,52,0,23,97,41,161,24,16,40,201
03/03/2012,ACT,TX,ASW,CE,Combined TRACON& Tower with Radar,0,9,23,10,42,0,0,50,2,52,0,9,73,12,94,14,0,14,108
03/04/2012,ACT,TX,ASW,CE,Combined TRACON& Tower with Radar,2,14,13,19,48,0,1,16,0,17,2,15,29,19,65,4,6,10,75
03/05/2012,ACT,TX,ASW,CE,Combined TRACON& Tower with Radar,0,18,19,1,38,0,4,24,2,30,0,22,43,3,68,6,0,6,74
03/06/2012,ACT,TX,ASW,CE,Combined TRACON& Tower with Radar,2,15,39,0,56,0,5,30,0,35,2,20,69,0,91,12,0,12,103
03/07/2012,ACT,TX,ASW,CE,Combined TRACON& Tower with Radar,0,21,32,0,53,0,0,32,0,32,0,21,64,0,85,10,0,10,95
03/08/2012,ACT,TX,ASW,CE,Combined TRACON& Tower with Radar,0,18,25,6,49,0,0,2,0,2,0,18,27,6,51,0,0,0,51
03/09/2012,ACT,TX,ASW,CE,Combined TRACON& Tower with Radar,0,18,1,0,19,0,0,2,2,4,0,18,3,2,23,2,0,2,25
03/10/2012,ACT,TX,ASW,CE,Combined TRACON& Tower with Radar,1,14,14,0,29,0,0,1,0,1,1,14,15,0,30,0,0,0,30
03/11/2012,ACT,TX,ASW,CE,Combined TRACON& Tower with Radar,0,14,5,4,23,0,0,6,0,6,0,14,11,4,29,0,0,0,29
03/12/2012,ACT,TX,ASW,CE,Combined TRACON& Tower with Radar,1,14,34,10,59,0,4,30,2,36,1,18,64,12,95,18,0,18,113
03/13/2012,ACT,TX,ASW,CE,Combined TRACON& Tower with Radar,2,13,47,16,78,0,4,7,4,15,2,17,54,20,93,0,0,0,93
03/14/2012,ACT,TX,ASW,CE,Combined TRACON& Tower with Radar,0,15,38,0,53,0,4,25,0,29,0,19,63,0,82,24,0,24,106
03/15/2012,ACT,TX,ASW,CE,Combined TRACON& Tower with Radar,0,17,48,12,77,0,2,14,0,16,0,19,62,12,93,2,0,2,95
03/16/2012,ACT,TX,ASW,CE,Combined TRACON& Tower with Radar,2,17,38,0,57,0,0,9,0,9,2,17,47,0,66,0,0,0,66
03/17/2012,ACT,TX,ASW,CE,Combined TRACON& Tower with Radar,0,11,15,8,34,0,0,6,4,10,0,11,21,12,44,6,8,14,58
03/18/2012,ACT,TX,ASW,CE,Combined TRACON& Tower with Radar,0,19,9,1,29,0,0,4,1,5,0,19,13,2,34,0,0,0,34
03/19/2012,ACT,TX,ASW,CE,Combined TRACON& Tower with Radar,0,16,22,0,38,0,2,9,0,11,0,18,31,0,49,4,0,4,53
03/20/2012,ACT,TX,ASW,CE,Combined TRACON& Tower with Radar,0,8,20,0,28,0,0,15,2,17,0,8,35,2,45,2,0,2,47
03/21/2012,ACT,TX,ASW,CE,Combined TRACON& Tower with Radar,2,17,40,4,63,0,8,33,1,42,2,25,73,5,105,24,6,30,135
03/22/2012,ACT,TX,ASW,CE,Combined TRACON& Tower with Radar,2,18,26,11,57,0,7,38,3,48,2,25,64,14,105,17,0,17,122
03/23/2012,ACT,TX,ASW,CE,Combined TRACON& Tower with Radar,0,19,15,3,37,0,5,71,3,79,0,24,86,6,116,40,8,48,164
03/24/2012,ACT,TX,ASW,CE,Combined TRACON& Tower with Radar,0,8,22,15,45,0,0,57,0,57,0,8,79,15,102,0,0,0,102
03/25/2012,ACT,TX,ASW,CE,Combined TRACON& Tower with Radar,2,19,30,38,89,0,1,37,0,38,2,20,67,38,127,16,6,22,149
03/26/2012,ACT,TX,ASW,CE,Combined TRACON& Tower with Radar,0,15,27,2,44,0,0,52,0,52,0,15,79,2,96,32,2,34,130
03/27/2012,ACT,TX,ASW,CE,Combined TRACON& Tower with Radar,0,15,34,8,57,0,1,45,2,48,0,16,79,10,105,11,0,11,116
03/28/2012,ACT,TX,ASW,CE,Combined TRACON& Tower with Radar,0,14,60,0,74,0,0,8,0,8,0,14,68,0,82,15,0,15,97
03/29/2012,ACT,TX,ASW,CE,Combined TRACON& Tower with Radar,2,18,45,15,80,0,2,9,0,11,2,20,54,15,91,4,0,4,95
03/30/2012,ACT,TX,ASW,CE,Combined TRACON& Tower with Radar,2,21,49,22,94,0,2,16,1,19,2,23,65,23,113,6,14,20,133
03/31/2012,ACT,TX,ASW,CE,Combined TRACON& Tower with Radar,0,10,26,6,42,0,0,19,0,19,0,10,45,6,61,24,8,32,93
04/01/2012,ACT,TX,ASW,CE,Combined TRACON& Tower with Radar,0,16,17,0,33,0,0,23,0,23,0,16,40,0,56,10,0,10,66
04/02/2012,ACT,TX,ASW,CE,Combined TRACON& Tower with Radar,2,21,44,2,69,0,7,21,2,30,2,28,65,4,99,24,0,24,123
04/03/2012,ACT,TX,ASW,CE,Combined TRACON& Tower with Radar,0,15,38,0,53,0,0,9,0,9,0,15,47,0,62,2,0,2,64
04/04/2012,ACT,TX,ASW,CE,Combined TRACON& Tower with Radar,2,12,48,4,66,0,0,28,10,38,2,12,76,14,104,34,0,34,138
04/05/2012,ACT,TX,ASW,CE,Combined TRACON& Tower with Radar,0,20,50,8,78,0,1,55,7,63,0,21,105,15,141,36,4,40,181
04/06/2012,ACT,TX,ASW,CE,Combined TRACON& Tower with Radar,0,20,24,4,48,0,0,61,0,61,0,20,85,4,109,66,0,66,175
04/07/2012,ACT,TX,ASW,CE,Combined TRACON& Tower with Radar,0,14,14,0,28,0,0,23,0,23,0,14,37,0,51,0,0,0,51
04/08/2012,ACT,TX,ASW,CE,Combined TRACON& Tower with Radar,6,14,18,2,40,0,0,11,0,11,6,14,29,2,51,0,0,0,51
04/09/2012,ACT,TX,ASW,CE,Combined TRACON& Tower with Radar,0,15,48,0,63,0,0,24,1,25,0,15,72,1,88,8,0,8,96
04/10/2012,ACT,TX,ASW,CE,Combined TRACON& Tower with Radar,0,15,37,0,52,0,9,55,0,64,0,24,92,0,116,36,0,36,152
04/11/2012,ACT,TX,ASW,CE,Combined TRACON& Tower with Radar,0,23,47,7,77,0,2,42,7,51,0,25,89,14,128,2,0,2,130
04/12/2012,ACT,TX,ASW,CE,Combined TRACON& Tower with Radar,0,20,30,28,78,0,4,45,3,52,0,24,75,31,130,12,0,12,142
04/13/2012,ACT,TX,ASW,CE,Combined TRACON& Tower with Radar,0,16,34,0,50,0,0,18,0,18,0,16,52,0,68,35,0,35,103
04/14/2012,ACT,TX,ASW,CE,Combined TRACON& Tower with Radar,0,13,15,0,28,0,0,1,0,1,0,13,16,0,29,0,0,0,29
04/15/2012,ACT,TX,ASW,CE,Combined TRACON& Tower with Radar,0,16,3,0,19,0,0,9,0,9,0,16,12,0,28,2,0,2,30
04/16/2012,ACT,TX,ASW,CE,Combined TRACON& Tower with Radar,0,18,19,10,47,0,0,45,0,45,0,18,64,10,92,50,10,60,152
04/17/2012,ACT,TX,ASW,CE,Combined TRACON& Tower with Radar,0,18,45,4,67,0,0,53,5,58,0,18,98,9,125,38,0,38,163
04/18/2012,ACT,TX,ASW,CE,Combined TRACON& Tower with Radar,0,17,38,10,65,0,2,30,1,33,0,19,68,11,98,0,0,0,98
04/19/2012,ACT,TX,ASW,CE,Combined TRACON& Tower with Radar,0,17,51,0,68,0,0,55,0,55,0,17,106,0,123,18,1,19,142
04/20/2012,ACT,TX,ASW,CE,Combined TRACON& Tower with Radar,0,18,35,2,55,0,0,12,1,13,0,18,47,3,68,12,0,12,80
04/21/2012,ACT,TX,ASW,CE,Combined TRACON& Tower with Radar,0,14,12,0,26,0,0,45,3,48,0,14,57,3,74,0,0,0,74
04/22/2012,ACT,TX,ASW,CE,Combined TRACON& Tower with Radar,2,15,24,1,42,0,0,42,4,46,2,15,66,5,88,0,14,14,102
04/23/2012,ACT,TX,ASW,CE,Combined TRACON& Tower with Radar,0,19,47,7,73,0,4,54,0,58,0,23,101,7,131,46,8,54,185
04/24/2012,ACT,TX,ASW,CE,Combined TRACON& Tower with Radar,0,20,52,5,77,0,9,49,0,58,0,29,101,5,135,6,2,8,143
04/25/2012,ACT,TX,ASW,CE,Combined TRACON& Tower with Radar,0,15,28,1,44,0,6,40,1,47,0,21,68,2,91,6,0,6,97
04/26/2012,ACT,TX,ASW,CE,Combined TRACON& Tower with Radar,2,15,33,2,52,0,5,37,0,42,2,20,70,2,94,22,0,22,116
04/27/2012,ACT,TX,ASW,CE,Combined TRACON& Tower with Radar,0,15,39,17,71,0,2,39,1,42,0,17,78,18,113,10,0,10,123
04/28/2012,ACT,TX,ASW,CE,Combined TRACON& Tower with Radar,0,13,8,0,21,0,0,13,0,13,0,13,21,0,34,26,0,26,60
04/29/2012,ACT,TX,ASW,CE,Combined TRACON& Tower with Radar,0,19,13,2,34,0,1,12,0,13,0,20,25,2,47,4,0,4,51
04/30/2012,ACT,TX,ASW,CE,Combined TRACON& Tower with Radar,0,17,44,26,87,0,3,21,1,25,0,20,65,27,112,10,0,10,122
05/01/2012,ACT,TX,ASW,CE,Combined TRACON& Tower with Radar,0,14,50,5,69,0,4,24,0,28,0,18,74,5,97,0,0,0,97
05/02/2012,ACT,TX,ASW,CE,Combined TRACON& Tower with Radar,0,21,48,0,69,0,2,13,0,15,0,23,61,0,84,12,4,16,100
05/03/2012,ACT,TX,ASW,CE,Combined TRACON& Tower with Radar,0,15,58,2,75,0,0,37,2,39,0,15,95,4,114,40,0,40,154
05/04/2012,ACT,TX,ASW,CE,Combined TRACON& Tower with Radar,0,19,33,6,58,0,1,47,4,52,0,20,80,10,110,24,12,36,146
05/05/2012,ACT,TX,ASW,CE,Combined TRACON& Tower with Radar,0,13,17,3,33,0,2,41,0,43,0,15,58,3,76,28,0,28,104
05/06/2012,ACT,TX,ASW,CE,Combined TRACON& Tower with Radar,0,14,8,0,22,0,0,13,0,13,0,14,21,0,35,8,0,8,43
05/07/2012,ACT,TX,ASW,CE,Combined TRACON& Tower with Radar,0,17,21,50,88,0,2,20,0,22,0,19,41,50,110,36,20,56,166
05/08/2012,ACT,TX,ASW,CE,Combined TRACON& Tower with Radar,0,16,34,0,50,0,0,5,2,7,0,16,39,2,57,1,0,1,58
05/09/2012,ACT,TX,ASW,CE,Combined TRACON& Tower with Radar,0,14,41,6,61,0,2,37,2,41,0,16,78,8,102,18,0,18,120
05/10/2012,ACT,TX,ASW,CE,Combined TRACON& Tower with Radar,0,15,21,6,42,0,1,30,0,31,0,16,51,6,73,6,0,6,79
05/11/2012,ACT,TX,ASW,CE,Combined TRACON& Tower with Radar,4,25,40,11,80,0,4,12,0,16,4,29,52,11,96,2,0,2,98
05/12/2012,ACT,TX,ASW,CE,Combined TRACON& Tower with Radar,0,11,21,5,37,0,0,10,0,10,0,11,31,5,47,2,0,2,49
05/13/2012,ACT,TX,ASW,CE,Combined TRACON& Tower with Radar,0,13,7,11,31,0,0,17,2,19,0,13,24,13,50,2,0,2,52
05/14/2012,ACT,TX,ASW,CE,Combined TRACON& Tower with Radar,2,18,22,3,45,0,2,39,0,41,2,20,61,3,86,54,0,54,140
05/15/2012,ACT,TX,ASW,CE,Combined TRACON& Tower with Radar,0,22,22,4,48,0,3,10,2,15,0,25,32,6,63,10,0,10,73
05/16/2012,ACT,TX,ASW,CE,Combined TRACON& Tower with Radar,0,26,31,0,57,0,2,59,0,61,0,28,90,0,118,8,0,8,126
05/17/2012,ACT,TX,ASW,CE,Combined TRACON& Tower with Radar,0,18,41,15,74,0,2,26,0,28,0,20,67,15,102,20,0,20,122
05/18/2012,ACT,TX,ASW,CE,Combined TRACON& Tower with Radar,0,15,25,10,50,0,4,19,2,25,0,19,44,12,75,0,0,0,75
05/19/2012,ACT,TX,ASW,CE,Combined TRACON& Tower with Radar,0,10,19,0,29,0,0,21,0,21,0,10,40,0,50,0,0,0,50
05/20/2012,ACT,TX,ASW,CE,Combined TRACON& Tower with Radar,2,15,8,5,30,0,0,15,1,16,2,15,23,6,46,6,4,10,56
05/21/2012,ACT,TX,ASW,CE,Combined TRACON& Tower with Radar,0,15,38,8,61,0,6,49,1,56,0,21,87,9,117,20,2,22,139
05/22/2012,ACT,TX,ASW,CE,Combined TRACON& Tower with Radar,0,16,49,14,79,0,10,53,3,66,0,26,102,17,145,14,0,14,159
05/23/2012,ACT,TX,ASW,CE,Combined TRACON& Tower with Radar,0,18,41,16,75,0,1,40,7,48,0,19,81,23,123,0,2,2,125
05/24/2012,ACT,TX,ASW,CE,Combined TRACON& Tower with Radar,2,14,37,0,53,0,0,24,0,24,2,14,61,0,77,10,0,10,87
05/25/2012,ACT,TX,ASW,CE,Combined TRACON& Tower with Radar,0,15,33,0,48,0,0,37,1,38,0,15,70,1,86,16,0,16,102
05/26/2012,ACT,TX,ASW,CE,Combined TRACON& Tower with Radar,0,11,15,0,26,0,0,20,0,20,0,11,35,0,46,6,0,6,52
05/27/2012,ACT,TX,ASW,CE,Combined TRACON& Tower with Radar,0,10,15,0,25,0,1,12,0,13,0,11,27,0,38,0,0,0,38
05/28/2012,ACT,TX,ASW,CE,Combined TRACON& Tower with Radar,0,12,20,0,32,0,0,30,0,30,0,12,50,0,62,16,0,16,78
05/29/2012,ACT,TX,ASW,CE,Combined TRACON& Tower with Radar,0,12,30,2,44,0,12,39,0,51,0,24,69,2,95,10,0,10,105
05/30/2012,ACT,TX,ASW,CE,Combined TRACON& Tower with Radar,2,27,42,4,75,0,2,5,1,8,2,29,47,5,83,0,0,0,83
05/31/2012,ACT,TX,ASW,CE,Combined TRACON& Tower with Radar,0,12,17,0,29,0,2,13,0,15,0,14,30,0,44,22,0,22,66
06/01/2012,ACT,TX,ASW,CE,Combined TRACON& Tower with Radar,0,17,21,30,68,0,2,22,1,25,0,19,43,31,93,0,0,0,93
06/02/2012,ACT,TX,ASW,CE,Combined TRACON& Tower with Radar,0,14,9,14,37,0,0,57,10,67,0,14,66,24,104,18,8,26,130
06/03/2012,ACT,TX,ASW,CE,Combined TRACON& Tower with Radar,0,20,13,2,35,0,0,13,0,13,0,20,26,2,48,0,0,0,48
06/04/2012,ACT,TX,ASW,CE,Combined TRACON& Tower with Radar,0,17,30,2,49,0,2,20,7,29,0,19,50,9,78,20,4,24,102
06/05/2012,ACT,TX,ASW,CE,Combined TRACON& Tower with Radar,0,19,35,2,56,0,5,43,0,48,0,24,78,2,104,22,0,22,126
06/06/2012,ACT,TX,ASW,CE,Combined TRACON& Tower with Radar,4,24,62,18,108,0,3,25,1,29,4,27,87,19,137,42,0,42,179
06/07/2012,ACT,TX,ASW,CE,Combined TRACON& Tower with Radar,0,18,20,0,38,0,0,9,0,9,0,18,29,0,47,0,0,0,47
06/08/2012,ACT,TX,ASW,CE,Combined TRACON& Tower with Radar,0,16,19,24,59,0,0,6,2,8,0,16,25,26,67,0,0,0,67
06/09/2012,ACT,TX,ASW,CE,Combined TRACON& Tower with Radar,0,14,24,23,61,0,1,34,4,39,0,15,58,27,100,8,0,8,108
06/10/2012,ACT,TX,ASW,CE,Combined TRACON& Tower with Radar,0,16,37,3,56,0,0,35,0,35,0,16,72,3,91,12,0,12,103
06/11/2012,ACT,TX,ASW,CE,Combined TRACON& Tower with Radar,0,15,31,3,49,0,4,31,1,36,0,19,62,4,85,22,0,22,107
06/12/2012,ACT,TX,ASW,CE,Combined TRACON& Tower with Radar,0,14,31,1,46,0,4,38,4,46,0,18,69,5,92,24,0,24,116
06/13/2012,ACT,TX,ASW,CE,Combined TRACON& Tower with Radar,4,28,47,0,79,0,6,33,1,40,4,34,80,1,119,20,0,20,139
06/14/2012,ACT,TX,ASW,CE,Combined TRACON& Tower with Radar,0,23,49,8,80,0,11,64,1,76,0,34,113,9,156,17,0,17,173
06/15/2012,ACT,TX,ASW,CE,Combined TRACON& Tower with Radar,0,19,16,12,47,0,0,37,2,39,0,19,53,14,86,26,4,30,116
06/16/2012,ACT,TX,ASW,CE,Combined TRACON& Tower with Radar,0,14,18,0,32,0,0,35,0,35,0,14,53,0,67,12,0,12,79
06/17/2012,ACT,TX,ASW,CE,Combined TRACON& Tower with Radar,0,19,18,0,37,0,0,24,0,24,0,19,42,0,61,2,0,2,63
06/18/2012,ACT,TX,ASW,CE,Combined TRACON& Tower with Radar,0,18,25,8,51,0,2,43,0,45,0,20,68,8,96,28,0,28,124
06/19/2012,ACT,TX,ASW,CE,Combined TRACON& Tower with Radar,0,21,39,3,63,0,4,24,4,32,0,25,63,7,95,4,0,4,99
06/20/2012,ACT,TX,ASW,CE,Combined TRACON& Tower with Radar,0,11,21,0,32,0,3,22,0,25,0,14,43,0,57,28,0,28,85
06/21/2012,ACT,TX,ASW,CE,Combined TRACON& Tower with Radar,0,19,32,2,53,0,0,45,2,47,0,19,77,4,100,20,0,20,120
06/22/2012,ACT,TX,ASW,CE,Combined TRACON& Tower with Radar,0,20,11,22,53,0,11,21,4,36,0,31,32,26,89,24,4,28,117
06/23/2012,ACT,TX,ASW,CE,Combined TRACON& Tower with Radar,0,14,19,0,33,0,0,30,8,38,0,14,49,8,71,2,0,2,73
06/24/2012,ACT,TX,ASW,CE,Combined TRACON& Tower with Radar,0,16,6,2,24,0,1,13,0,14,0,17,19,2,38,0,0,0,38
06/25/2012,ACT,TX,ASW,CE,Combined TRACON& Tower with Radar,0,16,14,0,30,0,4,29,4,37,0,20,43,4,67,30,0,30,97
06/26/2012,ACT,TX,ASW,CE,Combined TRACON& Tower with Radar,0,18,23,2,43,0,6,26,4,36,0,24,49,6,79,10,2,12,91
06/27/2012,ACT,TX,ASW,CE,Combined TRACON& Tower with Radar,0,16,27,1,44,0,6,31,3,40,0,22,58,4,84,24,0,24,108
06/28/2012,ACT,TX,ASW,CE,Combined TRACON& Tower with Radar,0,15,20,2,37,0,0,33,15,48,0,15,53,17,85,42,0,42,127
06/29/2012,ACT,TX,ASW,CE,Combined TRACON& Tower with Radar,0,17,17,6,40,0,1,35,2,38,0,18,52,8,78,12,0,12,90
06/30/2012,ACT,TX,ASW,CE,Combined TRACON& Tower with Radar,0,13,9,0,22,0,1,28,0,29,0,14,37,0,51,4,0,4,55
07/01/2012,ACT,TX,ASW,CE,Combined TRACON& Tower with Radar,0,17,12,0,29,0,0,5,0,5,0,17,17,0,34,0,0,0,34
07/02/2012,ACT,TX,ASW,CE,Combined TRACON& Tower with Radar,0,18,18,0,36,0,1,21,0,22,0,19,39,0,58,18,0,18,76
07/03/2012,ACT,TX,ASW,CE,Combined TRACON& Tower with Radar,0,14,17,11,42,0,0,28,2,30,0,14,45,13,72,24,28,52,124
07/04/2012,ACT,TX,ASW,CE,Combined TRACON& Tower with Radar,0,10,5,0,15,0,0,12,0,12,0,10,17,0,27,12,0,12,39
07/05/2012,ACT,TX,ASW,CE,Combined TRACON& Tower with Radar,0,14,7,2,23,0,2,34,2,38,0,16,41,4,61,6,0,6,67
07/06/2012,ACT,TX,ASW,CE,Combined TRACON& Tower with Radar,0,14,18,10,42,0,0,30,0,30,0,14,48,10,72,14,0,14,86
07/07/2012,ACT,TX,ASW,CE,Combined TRACON& Tower with Radar,4,18,7,0,29,0,0,13,0,13,4,18,20,0,42,0,0,0,42
07/08/2012,ACT,TX,ASW,CE,Combined TRACON& Tower with Radar,0,16,2,4,22,0,1,15,0,16,0,17,17,4,38,0,0,0,38
07/09/2012,ACT,TX,ASW,CE,Combined TRACON& Tower with Radar,0,20,25,12,57,0,0,7,0,7,0,20,32,12,64,4,0,4,68
07/10/2012,ACT,TX,ASW,CE,Combined TRACON& Tower with Radar,0,20,48,3,71,0,2,12,0,14,0,22,60,3,85,8,0,8,93
07/11/2012,ACT,TX,ASW,CE,Combined TRACON& Tower with Radar,0,14,34,0,48,0,0,10,0,10,0,14,44,0,58,6,0,6,64
07/12/2012,ACT,TX,ASW,CE,Combined TRACON& Tower with Radar,0,18,43,15,76,0,1,40,4,45,0,19,83,19,121,46,0,46,167
07/13/2012,ACT,TX,ASW,CE,Combined TRACON& Tower with Radar,0,15,23,24,62,0,7,35,1,43,0,22,58,25,105,14,0,14,119
07/14/2012,ACT,TX,ASW,CE,Combined TRACON& Tower with Radar,8,14,24,17,63,0,0,31,2,33,8,14,55,19,96,8,20,28,124
07/15/2012,ACT,TX,ASW,CE,Combined TRACON& Tower with Radar,0,11,8,2,21,0,0,56,0,56,0,11,64,2,77,22,0,22,99
07/16/2012,ACT,TX,ASW,CE,Combined TRACON& Tower with Radar,0,20,49,11,80,0,0,25,0,25,0,20,74,11,105,16,0,16,121
07/17/2012,ACT,TX,ASW,CE,Combined TRACON& Tower with Radar,0,15,31,2,48,0,2,36,0,38,0,17,67,2,86,14,0,14,100
07/18/2012,ACT,TX,ASW,CE,Combined TRACON& Tower with Radar,5,18,44,4,71,0,8,34,6,48,5,26,78,10,119,28,0,28,147
07/19/2012,ACT,TX,ASW,CE,Combined TRACON& Tower with Radar,0,17,31,2,50,0,4,40,0,44,0,21,71,2,94,10,0,10,104
07/20/2012,ACT,TX,ASW,CE,Combined TRACON& Tower with Radar,2,21,23,34,80,0,4,46,9,59,2,25,69,43,139,24,10,34,173
07/21/2012,ACT,TX,ASW,CE,Combined TRACON& Tower with Radar,0,14,12,48,74,0,0,22,0,22,0,14,34,48,96,0,10,10,106
07/22/2012,ACT,TX,ASW,CE,Combined TRACON& Tower with Radar,0,16,12,4,32,0,0,9,3,12,0,16,21,7,44,6,0,6,50
07/23/2012,ACT,TX,ASW,CE,Combined TRACON& Tower with Radar,0,16,21,8,45,0,2,22,0,24,0,18,43,8,69,14,0,14,83
07/24/2012,ACT,TX,ASW,CE,Combined TRACON& Tower with Radar,2,19,30,10,61,0,4,41,1,46,2,23,71,11,107,32,2,34,141
07/25/2012,ACT,TX,ASW,CE,Combined TRACON& Tower with Radar,0,15,43,3,61,0,2,49,1,52,0,17,92,4,113,46,0,46,159
07/26/2012,ACT,TX,ASW,CE,Combined TRACON& Tower with Radar,0,14,58,18,90,0,6,24,4,34,0,20,82,22,124,14,0,14,138
07/27/2012,ACT,TX,ASW,CE,Combined TRACON& Tower with Radar,2,16,30,32,80,0,6,40,1,47,2,22,70,33,127,4,8,12,139
07/28/2012,ACT,TX,ASW,CE,Combined TRACON& Tower with Radar,0,12,14,15,41,0,2,28,0,30,0,14,42,15,71,8,10,18,89
07/29/2012,ACT,TX,ASW,CE,Combined TRACON& Tower with Radar,2,16,18,9,45,0,2,28,1,31,2,18,46,10,76,0,26,26,102
07/30/2012,ACT,TX,ASW,CE,Combined TRACON& Tower with Radar,0,17,42,11,70,0,0,51,1,52,0,17,93,12,122,20,0,20,142
07/31/2012,ACT,TX,ASW,CE,Combined TRACON& Tower with Radar,0,16,21,8,45,0,0,32,0,32,0,16,53,8,77,28,0,28,105
08/01/2012,ACT,TX,ASW,CE,Combined TRACON& Tower with Radar,0,17,43,23,83,0,1,48,2,51,0,18,91,25,134,10,0,10,144
08/02/2012,ACT,TX,ASW,CE,Combined TRACON& Tower with Radar,2,20,39,4,65,0,1,40,0,41,2,21,79,4,106,17,0,17,123
08/03/2012,ACT,TX,ASW,CE,Combined TRACON& Tower with Radar,0,25,20,2,47,0,0,56,2,58,0,25,76,4,105,38,0,38,143
08/04/2012,ACT,TX,ASW,CE,Combined TRACON& Tower with Radar,0,12,17,4,33,0,0,31,0,31,0,12,48,4,64,10,0,10,74
08/05/2012,ACT,TX,ASW,CE,Combined TRACON& Tower with Radar,0,18,11,26,55,0,0,39,3,42,0,18,50,29,97,2,6,8,105
08/06/2012,ACT,TX,ASW,CE,Combined TRACON& Tower with Radar,0,16,35,4,55,0,0,34,2,36,0,16,69,6,91,30,0,30,121
08/07/2012,ACT,TX,ASW,CE,Combined TRACON& Tower with Radar,0,17,52,21,90,0,0,36,0,36,0,17,88,21,126,24,8,32,158
08/08/2012,ACT,TX,ASW,CE,Combined TRACON& Tower with Radar,0,16,19,8,43,0,2,24,2,28,0,18,43,10,71,12,0,12,83
08/09/2012,ACT,TX,ASW,CE,Combined TRACON& Tower with Radar,0,16,44,5,65,0,4,48,0,52,0,20,92,5,117,25,0,25,142
08/10/2012,ACT,TX,ASW,CE,Combined TRACON& Tower with Radar,4,19,32,7,62,0,2,34,1,37,4,21,66,8,99,8,0,8,107
08/11/2012,ACT,TX,ASW,CE,Combined TRACON& Tower with Radar,0,12,10,3,25,0,0,30,1,31,0,12,40,4,56,22,0,22,78
08/12/2012,ACT,TX,ASW,CE,Combined TRACON& Tower with Radar,4,21,9,2,36,0,0,16,0,16,4,21,25,2,52,2,0,2,54
08/13/2012,ACT,TX,ASW,CE,Combined TRACON& Tower with Radar,0,19,16,4,39,0,0,20,0,20,0,19,36,4,59,4,0,4,63
08/14/2012,ACT,TX,ASW,CE,Combined TRACON& Tower with Radar,2,12,33,4,51,0,0,29,0,29,2,12,62,4,80,10,0,10,90
08/15/2012,ACT,TX,ASW,CE,Combined TRACON& Tower with Radar,0,13,27,7,47,0,2,61,3,66,0,15,88,10,113,4,0,4,117
08/16/2012,ACT,TX,ASW,CE,Combined TRACON& Tower with Radar,0,14,56,0,70,0,6,42,0,48,0,20,98,0,118,18,0,18,136
08/17/2012,ACT,TX,ASW,CE,Combined TRACON& Tower with Radar,0,18,20,14,52,0,0,29,0,29,0,18,49,14,81,38,0,38,119
08/18/2012,ACT,TX,ASW,CE,Combined TRACON& Tower with Radar,0,10,14,11,35,0,0,9,0,9,0,10,23,11,44,0,0,0,44
08/19/2012,ACT,TX,ASW,CE,Combined TRACON& Tower with Radar,0,16,14,0,30,0,0,8,0,8,0,16,22,0,38,4,0,4,42
08/20/2012,ACT,TX,ASW,CE,Combined TRACON& Tower with Radar,0,16,19,6,41,0,4,40,0,44,0,20,59,6,85,30,0,30,115
08/21/2012,ACT,TX,ASW,CE,Combined TRACON& Tower with Radar,0,10,22,5,37,0,1,20,0,21,0,11,42,5,58,21,0,21,79
08/22/2012,ACT,TX,ASW,CE,Combined TRACON& Tower with Radar,0,12,28,10,50,0,6,29,0,35,0,18,57,10,85,44,0,44,129
08/23/2012,ACT,TX,ASW,CE,Combined TRACON& Tower with Radar,0,12,44,24,80,0,8,26,0,34,0,20,70,24,114,36,16,52,166
08/24/2012,ACT,TX,ASW,CE,Combined TRACON& Tower with Radar,0,12,47,43,102,0,1,30,6,37,0,13,77,49,139,18,4,22,161
08/25/2012,ACT,TX,ASW,CE,Combined TRACON& Tower with Radar,0,8,17,6,31,0,0,15,0,15,0,8,32,6,46,2,0,2,48
08/26/2012,ACT,TX,ASW,CE,Combined TRACON& Tower with Radar,0,12,14,0,26,0,2,2,0,4,0,14,16,0,30,0,0,0,30
08/27/2012,ACT,TX,ASW,CE,Combined TRACON& Tower with Radar,2,18,26,1,47,0,1,25,0,26,2,19,51,1,73,26,0,26,99
08/28/2012,ACT,TX,ASW,CE,Combined TRACON& Tower with Radar,0,12,26,3,41,0,1,30,0,31,0,13,56,3,72,20,6,26,98
08/29/2012,ACT,TX,ASW,CE,Combined TRACON& Tower with Radar,0,15,14,6,35,0,6,43,8,57,0,21,57,14,92,12,20,32,124
08/30/2012,ACT,TX,ASW,CE,Combined TRACON& Tower with Radar,0,20,33,8,61,0,14,53,2,69,0,34,86,10,130,76,0,76,206
08/31/2012,ACT,TX,ASW,CE,Combined TRACON& Tower with Radar,0,21,34,7,62,0,6,35,1,42,0,27,69,8,104,24,0,24,128
09/01/2012,ACT,TX,ASW,CE,Combined TRACON& Tower with Radar,0,11,13,0,24,0,0,33,0,33,0,11,46,0,57,4,0,4,61
09/02/2012,ACT,TX,ASW,CE,Combined TRACON& Tower with Radar,0,9,24,0,33,0,0,23,0,23,0,9,47,0,56,6,0,6,62
09/03/2012,ACT,TX,ASW,CE,Combined TRACON& Tower with Radar,0,17,26,0,43,0,2,38,0,40,0,19,64,0,83,6,0,6,89
09/04/2012,ACT,TX,ASW,CE,Combined TRACON& Tower with Radar,0,18,27,0,45,0,4,52,0,56,0,22,79,0,101,52,0,52,153
09/05/2012,ACT,TX,ASW,CE,Combined TRACON& Tower with Radar,0,14,35,7,56,0,2,37,0,39,0,16,72,7,95,64,0,64,159
09/06/2012,ACT,TX,ASW,CE,Combined TRACON& Tower with Radar,0,13,35,8,56,0,7,33,0,40,0,20,68,8,96,10,0,10,106
09/07/2012,ACT,TX,ASW,CE,Combined TRACON& Tower with Radar,0,14,34,33,81,0,5,42,6,53,0,19,76,39,134,38,12,50,184
09/08/2012,ACT,TX,ASW,CE,Combined TRACON& Tower with Radar,0,9,15,21,45,0,0,14,2,16,0,9,29,23,61,0,0,0,61
09/09/2012,ACT,TX,ASW,CE,Combined TRACON& Tower with Radar,0,10,13,0,23,0,0,23,0,23,0,10,36,0,46,10,0,10,56
09/10/2012,ACT,TX,ASW,CE,Combined TRACON& Tower with Radar,0,19,26,14,59,0,8,40,0,48,0,27,66,14,107,40,0,40,147
09/11/2012,ACT,TX,ASW,CE,Combined TRACON& Tower with Radar,0,12,38,9,59,0,10,39,0,49,0,22,77,9,108,10,0,10,118
09/12/2012,ACT,TX,ASW,CE,Combined TRACON& Tower with Radar,0,13,38,16,67,0,6,19,0,25,0,19,57,16,92,6,2,8,100
09/13/2012,ACT,TX,ASW,CE,Combined TRACON& Tower with Radar,0,11,26,2,39,0,0,9,2,11,0,11,35,4,50,2,0,2,52
09/14/2012,ACT,TX,ASW,CE,Combined TRACON& Tower with Radar,0,10,36,16,62,0,0,2,0,2,0,10,38,16,64,6,0,6,70
09/15/2012,ACT,TX,ASW,CE,Combined TRACON& Tower with Radar,0,6,25,2,33,0,0,8,0,8,0,6,33,2,41,30,0,30,71
09/16/2012,ACT,TX,ASW,CE,Combined TRACON& Tower with Radar,2,12,10,0,24,0,0,1,0,1,2,12,11,0,25,0,0,0,25
09/17/2012,ACT,TX,ASW,CE,Combined TRACON& Tower with Radar,0,12,17,14,43,0,0,23,0,23,0,12,40,14,66,10,0,10,76
09/18/2012,ACT,TX,ASW,CE,Combined TRACON& Tower with Radar,2,11,16,7,36,0,8,27,0,35,2,19,43,7,71,22,0,22,93
09/19/2012,ACT,TX,ASW,CE,Combined TRACON& Tower with Radar,0,10,22,4,36,0,1,47,0,48,0,11,69,4,84,14,4,18,102
09/20/2012,ACT,TX,ASW,CE,Combined TRACON& Tower with Radar,0,13,19,6,38,0,4,39,1,44,0,17,58,7,82,6,12,18,100
09/21/2012,ACT,TX,ASW,CE,Combined TRACON& Tower with Radar,2,11,35,22,70,0,0,37,2,39,2,11,72,24,109,12,0,12,121
09/22/2012,ACT,TX,ASW,CE,Combined TRACON& Tower with Radar,0,8,12,24,44,0,0,23,0,23,0,8,35,24,67,0,28,28,95
09/23/2012,ACT,TX,ASW,CE,Combined TRACON& Tower with Radar,0,12,19,0,31,0,0,33,0,33,0,12,52,0,64,2,0,2,66
09/24/2012,ACT,TX,ASW,CE,Combined TRACON& Tower with Radar,0,10,39,5,54,0,2,19,2,23,0,12,58,7,77,16,16,32,109
09/25/2012,ACT,TX,ASW,CE,Combined TRACON& Tower with Radar,0,15,37,5,57,0,4,38,0,42,0,19,75,5,99,6,17,23,122
09/26/2012,ACT,TX,ASW,CE,Combined TRACON& Tower with Radar,0,12,48,7,67,0,2,30,2,34,0,14,78,9,101,18,0,18,119
09/27/2012,ACT,TX,ASW,CE,Combined TRACON& Tower with Radar,0,14,26,1,41,0,2,40,4,46,0,16,66,5,87,4,0,4,91
09/28/2012,ACT,TX,ASW,CE,Combined TRACON& Tower with Radar,2,12,26,6,46,0,2,27,2,31,2,14,53,8,77,2,2,4,81
09/29/2012,ACT,TX,ASW,CE,Combined TRACON& Tower with Radar,2,11,9,0,22,0,0,0,0,0,2,11,9,0,22,0,0,0,22
09/30/2012,ACT,TX,ASW,CE,Combined TRACON& Tower with Radar,0,14,20,10,44,0,0,2,0,2,0,14,22,10,46,0,2,2,48
10/01/2012,ACT,TX,ASW,CE,Combined TRACON& Tower with Radar,0,10,27,5,42,0,4,15,5,24,0,14,42,10,66,2,4,6,72
10/02/2012,ACT,TX,ASW,CE,Combined TRACON& Tower with Radar,0,10,16,5,31,0,6,50,0,56,0,16,66,5,87,44,0,44,131
10/03/2012,ACT,TX,ASW,CE,Combined TRACON& Tower with Radar,0,9,31,2,42,0,6,49,0,55,0,15,80,2,97,14,0,14,111
10/04/2012,ACT,TX,ASW,CE,Combined TRACON& Tower with Radar,0,12,34,25,71,0,1,33,0,34,0,13,67,25,105,30,0,30,135
10/05/2012,ACT,TX,ASW,CE,Combined TRACON& Tower with Radar,0,13,14,8,35,0,4,47,3,54,0,17,61,11,89,46,0,46,135
10/06/2012,ACT,TX,ASW,CE,Combined TRACON& Tower with Radar,0,6,28,0,34,0,0,4,0,4,0,6,32,0,38,0,0,0,38
10/07/2012,ACT,TX,ASW,CE,Combined TRACON& Tower with Radar,0,10,6,0,16,0,0,14,0,14,0,10,20,0,30,2,0,2,32
10/08/2012,ACT,TX,ASW,CE,Combined TRACON& Tower with Radar,0,10,14,0,24,0,6,29,0,35,0,16,43,0,59,8,0,8,67
10/09/2012,ACT,TX,ASW,CE,Combined TRACON& Tower with Radar,0,12,11,13,36,0,0,7,0,7,0,12,18,13,43,26,0,26,69
10/10/2012,ACT,TX,ASW,CE,Combined TRACON& Tower with Radar,0,28,43,8,79,0,4,28,1,33,0,32,71,9,112,22,0,22,134
10/11/2012,ACT,TX,ASW,CE,Combined TRACON& Tower with Radar,0,10,30,19,59,0,0,21,0,21,0,10,51,19,80,18,0,18,98
10/12/2012,ACT,TX,ASW,CE,Combined TRACON& Tower with Radar,0,13,36,38,87,0,0,32,2,34,0,13,68,40,121,12,4,16,137
10/13/2012,ACT,TX,ASW,CE,Combined TRACON& Tower with Radar,0,10,34,1,45,0,0,5,0,5,0,10,39,1,50,0,0,0,50
10/14/2012,ACT,TX,ASW,CE,Combined TRACON& Tower with Radar,2,13,30,6,51,0,0,27,0,27,2,13,57,6,78,14,0,14,92
10/15/2012,ACT,TX,ASW,CE,Combined TRACON& Tower with Radar,2,10,31,2,45,0,2,41,4,47,2,12,72,6,92,28,0,28,120
10/16/2012,ACT,TX,ASW,CE,Combined TRACON& Tower with Radar,0,10,36,17,63,0,0,26,0,26,0,10,62,17,89,30,0,30,119
10/17/2012,ACT,TX,ASW,CE,Combined TRACON& Tower with Radar,2,14,48,4,68,0,0,26,3,29,2,14,74,7,97,20,2,22,119
10/18/2012,ACT,TX,ASW,CE,Combined TRACON& Tower with Radar,0,14,36,13,63,0,1,43,2,46,0,15,79,15,109,6,8,14,123
10/19/2012,ACT,TX,ASW,CE,Combined TRACON& Tower with Radar,2,11,34,29,76,0,2,50,4,56,2,13,84,33,132,10,10,20,152
10/20/2012,ACT,TX,ASW,CE,Combined TRACON& Tower with Radar,0,8,19,4,31,0,0,30,0,30,0,8,49,4,61,18,0,18,79
10/21/2012,ACT,TX,ASW,CE,Combined TRACON& Tower with Radar,0,10,13,4,27,0,0,15,0,15,0,10,28,4,42,12,0,12,54
10/22/2012,ACT,TX,ASW,CE,Combined TRACON& Tower with Radar,0,16,43,3,62,0,0,18,0,18,0,16,61,3,80,12,0,12,92
10/23/2012,ACT,TX,ASW,CE,Combined TRACON& Tower with Radar,0,16,45,8,69,0,0,33,0,33,0,16,78,8,102,110,0,110,212
10/24/2012,ACT,TX,ASW,CE,Combined TRACON& Tower with Radar,0,10,39,2,51,0,2,45,3,50,0,12,84,5,101,70,0,70,171
10/25/2012,ACT,TX,ASW,CE,Combined TRACON& Tower with Radar,0,10,10,19,39,0,2,18,0,20,0,12,28,19,59,18,0,18,77
10/26/2012,ACT,TX,ASW,CE,Combined TRACON& Tower with Radar,2,14,29,11,56,0,0,28,3,31,2,14,57,14,87,28,24,52,139
10/27/2012,ACT,TX,ASW,CE,Combined TRACON& Tower with Radar,0,6,14,0,20,0,1,15,0,16,0,7,29,0,36,4,0,4,40
10/28/2012,ACT,TX,ASW,CE,Combined TRACON& Tower with Radar,0,10,12,21,43,0,0,18,0,18,0,10,30,21,61,2,0,2,63
10/29/2012,ACT,TX,ASW,CE,Combined TRACON& Tower with Radar,0,13,15,40,68,0,0,47,0,47,0,13,62,40,115,38,0,38,153
10/30/2012,ACT,TX,ASW,CE,Combined TRACON& Tower with Radar,0,12,21,2,35,0,0,55,0,55,0,12,76,2,90,52,0,52,142
10/31/2012,ACT,TX,ASW,CE,Combined TRACON& Tower with Radar,0,13,26,7,46,0,0,50,3,53,0,13,76,10,99,48,0,48,147
11/01/2012,ACT,TX,ASW,CE,Combined TRACON& Tower with Radar,0,10,48,4,62,0,0,53,2,55,0,10,101,6,117,38,0,38,155
11/02/2012,ACT,TX,ASW,CE,Combined TRACON& Tower with Radar,2,20,21,12,55,0,0,52,2,54,2,20,73,14,109,36,4,40,149
11/03/2012,ACT,TX,ASW,CE,Combined TRACON& Tower with Radar,2,17,21,8,48,0,0,14,1,15,2,17,35,9,63,4,8,12,75
11/04/2012,ACT,TX,ASW,CE,Combined TRACON& Tower with Radar,0,11,24,0,35,0,4,27,0,31,0,15,51,0,66,0,0,0,66
11/05/2012,ACT,TX,ASW,CE,Combined TRACON& Tower with Radar,0,16,33,10,59,0,10,26,3,39,0,26,59,13,98,26,0,26,124
11/06/2012,ACT,TX,ASW,CE,Combined TRACON& Tower with Radar,0,16,35,13,64,0,6,41,2,49,0,22,76,15,113,14,0,14,127
11/07/2012,ACT,TX,ASW,CE,Combined TRACON& Tower with Radar,0,14,47,1,62,0,0,42,0,42,0,14,89,1,104,30,0,30,134
11/08/2012,ACT,TX,ASW,CE,Combined TRACON& Tower with Radar,0,10,37,3,50,0,4,22,0,26,0,14,59,3,76,28,0,28,104
11/09/2012,ACT,TX,ASW,CE,Combined TRACON& Tower with Radar,2,22,38,10,72,0,0,20,0,20,2,22,58,10,92,2,0,2,94
11/10/2012,ACT,TX,ASW,CE,Combined TRACON& Tower with Radar,2,8,17,0,27,0,0,10,0,10,2,8,27,0,37,2,0,2,39
11/11/2012,ACT,TX,ASW,CE,Combined TRACON& Tower with Radar,0,12,14,0,26,0,0,1,0,1,0,12,15,0,27,0,0,0,27
11/12/2012,ACT,TX,ASW,CE,Combined TRACON& Tower with Radar,1,10,19,2,32,0,0,35,0,35,1,10,54,2,67,14,0,14,81
11/13/2012,ACT,TX,ASW,CE,Combined TRACON& Tower with Radar,1,14,11,3,29,0,2,32,0,34,1,16,43,3,63,16,0,16,79
11/14/2012,ACT,TX,ASW,CE,Combined TRACON& Tower with Radar,0,11,29,31,71,0,0,42,1,43,0,11,71,32,114,18,12,30,144
11/15/2012,ACT,TX,ASW,CE,Combined TRACON& Tower with Radar,0,8,17,34,59,0,2,42,2,46,0,10,59,36,105,32,0,32,137
11/16/2012,ACT,TX,ASW,CE,Combined TRACON& Tower with Radar,2,9,22,9,42,0,0,52,0,52,2,9,74,9,94,22,0,22,116
11/17/2012,ACT,TX,ASW,CE,Combined TRACON& Tower with Radar,1,12,33,31,77,0,1,49,0,50,1,13,82,31,127,14,4,18,145
11/18/2012,ACT,TX,ASW,CE,Combined TRACON& Tower with Radar,0,8,9,0,17,0,0,22,2,24,0,8,31,2,41,0,0,0,41
11/19/2012,ACT,TX,ASW,CE,Combined TRACON& Tower with Radar,0,15,29,4,48,0,1,22,3,26,0,16,51,7,74,0,30,30,104
11/20/2012,ACT,TX,ASW,CE,Combined TRACON& Tower with Radar,0,13,33,10,56,0,1,45,0,46,0,14,78,10,102,12,0,12,114
11/21/2012,ACT,TX,ASW,CE,Combined TRACON& Tower with Radar,0,15,12,8,35,0,4,18,0,22,0,19,30,8,57,6,0,6,63
11/22/2012,ACT,TX,ASW,CE,Combined TRACON& Tower with Radar,0,4,0,0,4,0,0,7,0,7,0,4,7,0,11,0,0,0,11
11/23/2012,ACT,TX,ASW,CE,Combined TRACON& Tower with Radar,0,6,5,0,11,0,0,11,0,11,0,6,16,0,22,0,0,0,22
11/24/2012,ACT,TX,ASW,CE,Combined TRACON& Tower with Radar,0,6,13,0,19,0,0,19,0,19,0,6,32,0,38,0,0,0,38
11/25/2012,ACT,TX,ASW,CE,Combined TRACON& Tower with Radar,0,14,17,0,31,0,0,17,0,17,0,14,34,0,48,0,0,0,48
11/26/2012,ACT,TX,ASW,CE,Combined TRACON& Tower with Radar,0,12,28,9,49,0,1,16,0,17,0,13,44,9,66,8,0,8,74
11/27/2012,ACT,TX,ASW,CE,Combined TRACON& Tower with Radar,0,11,49,11,71,0,0,20,0,20,0,11,69,11,91,4,0,4,95
11/28/2012,ACT,TX,ASW,CE,Combined TRACON& Tower with Radar,0,8,43,14,65,0,4,32,2,38,0,12,75,16,103,4,0,4,107
11/29/2012,ACT,TX,ASW,CE,Combined TRACON& Tower with Radar,0,10,58,10,78,0,4,33,0,37,0,14,91,10,115,4,0,4,119
11/30/2012,ACT,TX,ASW,CE,Combined TRACON& Tower with Radar,4,11,59,31,105,0,0,35,1,36,4,11,94,32,141,16,0,16,157
12/01/2012,ACT,TX,ASW,CE,Combined TRACON& Tower with Radar,3,8,37,0,48,0,6,16,0,22,3,14,53,0,70,8,0,8,78
12/02/2012,ACT,TX,ASW,CE,Combined TRACON& Tower with Radar,0,8,11,6,25,0,0,14,0,14,0,8,25,6,39,24,6,30,69
12/03/2012,ACT,TX,ASW,CE,Combined TRACON& Tower with Radar,0,9,37,0,46,0,5,25,3,33,0,14,62,3,79,4,0,4,83
12/04/2012,ACT,TX,ASW,CE,Combined TRACON& Tower with Radar,0,18,53,2,73,0,4,28,0,32,0,22,81,2,105,26,0,26,131
12/05/2012,ACT,TX,ASW,CE,Combined TRACON& Tower with Radar,0,13,40,8,61,0,9,33,2,44,0,22,73,10,105,10,0,10,115
12/06/2012,ACT,TX,ASW,CE,Combined TRACON& Tower with Radar,2,9,45,0,56,0,0,30,0,30,2,9,75,0,86,12,0,12,98
12/07/2012,ACT,TX,ASW,CE,Combined TRACON& Tower with Radar,0,11,45,26,82,0,3,14,1,18,0,14,59,27,100,4,0,4,104
12/08/2012,ACT,TX,ASW,CE,Combined TRACON& Tower with Radar,0,8,27,4,39,0,0,6,0,6,0,8,33,4,45,0,0,0,45
12/09/2012,ACT,TX,ASW,CE,Combined TRACON& Tower with Radar,2,9,24,14,49,0,0,5,2,7,2,9,29,16,56,2,2,4,60
12/10/2012,ACT,TX,ASW,CE,Combined TRACON& Tower with Radar,0,9,21,5,35,0,4,23,0,27,0,13,44,5,62,0,0,0,62
12/11/2012,ACT,TX,ASW,CE,Combined TRACON& Tower with Radar,0,11,38,4,53,0,3,48,10,61,0,14,86,14,114,46,0,46,160
12/12/2012,ACT,TX,ASW,CE,Combined TRACON& Tower with Radar,0,11,42,2,55,0,2,50,0,52,0,13,92,2,107,10,0,10,117
12/13/2012,ACT,TX,ASW,CE,Combined TRACON& Tower with Radar,0,8,57,17,82,0,8,53,0,61,0,16,110,17,143,16,0,16,159
12/14/2012,ACT,TX,ASW,CE,Combined TRACON& Tower with Radar,1,12,32,73,118,0,1,4,0,5,1,13,36,73,123,6,0,6,129
12/15/2012,ACT,TX,ASW,CE,Combined TRACON& Tower with Radar,0,6,16,63,85,0,0,18,3,21,0,6,34,66,106,14,6,20,126
12/16/2012,ACT,TX,ASW,CE,Combined TRACON& Tower with Radar,0,9,5,13,27,0,0,30,2,32,0,9,35,15,59,16,4,20,79
12/17/2012,ACT,TX,ASW,CE,Combined TRACON& Tower with Radar,0,8,28,16,52,0,9,39,5,53,0,17,67,21,105,20,2,22,127
12/18/2012,ACT,TX,ASW,CE,Combined TRACON& Tower with Radar,0,13,26,22,61,0,8,31,0,39,0,21,57,22,100,12,2,14,114
12/19/2012,ACT,TX,ASW,CE,Combined TRACON& Tower with Radar,0,12,24,33,69,0,0,13,6,19,0,12,37,39,88,12,4,16,104
12/20/2012,ACT,TX,ASW,CE,Combined TRACON& Tower with Radar,0,12,23,5,40,0,0,14,0,14,0,12,37,5,54,0,0,0,54
12/21/2012,ACT,TX,ASW,CE,Combined TRACON& Tower with Radar,0,10,7,4,21,0,1,53,2,56,0,11,60,6,77,20,0,20,97
12/22/2012,ACT,TX,ASW,CE,Combined TRACON& Tower with Radar,4,6,12,0,22,0,0,18,0,18,4,6,30,0,40,4,0,4,44
12/23/2012,ACT,TX,ASW,CE,Combined TRACON& Tower with Radar,0,11,12,0,23,0,0,16,0,16,0,11,28,0,39,0,0,0,39
12/24/2012,ACT,TX,ASW,CE,Combined TRACON& Tower with Radar,0,7,2,0,9,0,0,13,0,13,0,7,15,0,22,16,0,16,38
12/25/2012,ACT,TX,ASW,CE,Combined TRACON& Tower with Radar,0,2,1,0,3,0,0,0,0,0,0,2,1,0,3,0,0,0,3
12/26/2012,ACT,TX,ASW,CE,Combined TRACON& Tower with Radar,0,4,13,2,19,0,0,14,0,14,0,4,27,2,33,6,0,6,39
12/27/2012,ACT,TX,ASW,CE,Combined TRACON& Tower with Radar,0,8,20,0,28,0,0,11,0,11,0,8,31,0,39,0,0,0,39
12/28/2012,ACT,TX,ASW,CE,Combined TRACON& Tower with Radar,4,10,20,0,34,0,0,0,0,0,4,10,20,0,34,2,0,2,36
12/29/2012,ACT,TX,ASW,CE,Combined TRACON& Tower with Radar,0,9,18,0,27,0,0,36,0,36,0,9,54,0,63,18,0,18,81
12/30/2012,ACT,TX,ASW,CE,Combined TRACON& Tower with Radar,0,9,8,0,17,0,0,22,0,22,0,9,30,0,39,6,0,6,45
12/31/2012,ACT,TX,ASW,CE,Combined TRACON& Tower with Radar,0,6,4,0,10,0,0,0,0,0,0,6,4,0,10,0,0,0,10
01/01/2013,ACT,TX,ASW,CE,Combined TRACON& Tower with Radar,0,9,7,0,16,0,0,1,0,1,0,9,8,0,17,0,0,0,17
01/02/2013,ACT,TX,ASW,CE,Combined TRACON& Tower with Radar,0,11,21,0,32,0,0,8,0,8,0,11,29,0,40,18,0,18,58
01/03/2013,ACT,TX,ASW,CE,Combined TRACON& Tower with Radar,0,10,19,2,31,0,1,41,0,42,0,11,60,2,73,24,0,24,97
01/04/2013,ACT,TX,ASW,CE,Combined TRACON& Tower with Radar,0,10,6,2,18,0,0,10,0,10,0,10,16,2,28,10,0,10,38
01/05/2013,ACT,TX,ASW,CE,Combined TRACON& Tower with Radar,0,10,25,11,46,0,0,11,0,11,0,10,36,11,57,0,0,0,57
01/06/2013,ACT,TX,ASW,CE,Combined TRACON& Tower with Radar,0,11,23,12,46,0,4,19,2,25,0,15,42,14,71,8,6,14,85
01/07/2013,ACT,TX,ASW,CE,Combined TRACON& Tower with Radar,2,7,13,2,24,0,5,29,0,34,2,12,42,2,58,2,0,2,60
01/08/2013,ACT,TX,ASW,CE,Combined TRACON& Tower with Radar,2,8,8,0,18,0,0,0,0,0,2,8,8,0,18,0,0,0,18
01/09/2013,ACT,TX,ASW,CE,Combined TRACON& Tower with Radar,0,8,3,2,13,0,0,0,0,0,0,8,3,2,13,0,0,0,13
01/10/2013,ACT,TX,ASW,CE,Combined TRACON& Tower with Radar,0,10,56,6,72,0,4,20,0,24,0,14,76,6,96,22,0,22,118
01/11/2013,ACT,TX,ASW,CE,Combined TRACON& Tower with Radar,0,12,21,25,58,0,3,24,3,30,0,15,45,28,88,4,6,10,98
01/12/2013,ACT,TX,ASW,CE,Combined TRACON& Tower with Radar,1,13,11,1,26,0,0,2,0,2,1,13,13,1,28,0,0,0,28
01/13/2013,ACT,TX,ASW,CE,Combined TRACON& Tower with Radar,3,12,5,7,27,0,0,19,5,24,3,12,24,12,51,4,0,4,55
01/14/2013,ACT,TX,ASW,CE,Combined TRACON& Tower with Radar,0,14,37,3,54,0,0,13,3,16,0,14,50,6,70,18,14,32,102
01/15/2013,ACT,TX,ASW,CE,Combined TRACON& Tower with Radar,0,10,14,0,24,0,1,1,0,2,0,11,15,0,26,0,0,0,26
01/16/2013,ACT,TX,ASW,CE,Combined TRACON& Tower with Radar,1,9,27,10,47,0,3,26,2,31,1,12,53,12,78,6,0,6,84
01/17/2013,ACT,TX,ASW,CE,Combined TRACON& Tower with Radar,0,7,47,7,61,0,2,55,0,57,0,9,102,7,118,24,2,26,144
01/18/2013,ACT,TX,ASW,CE,Combined TRACON& Tower with Radar,2,8,41,0,51,0,5,49,0,54,2,13,90,0,105,2,0,2,107
01/19/2013,ACT,TX,ASW,CE,Combined TRACON& Tower with Radar,2,6,8,0,16,0,1,51,0,52,2,7,59,0,68,22,0,22,90
01/20/2013,ACT,TX,ASW,CE,Combined TRACON& Tower with Radar,0,10,3,0,13,0,0,26,0,26,0,10,29,0,39,0,0,0,39
01/21/2013,ACT,TX,ASW,CE,Combined TRACON& Tower with Radar,1,11,18,2,32,0,6,26,0,32,1,17,44,2,64,8,0,8,72
01/22/2013,ACT,TX,ASW,CE,Combined TRACON& Tower with Radar,1,12,20,3,36,0,8,21,2,31,1,20,41,5,67,4,6,10,77
01/23/2013,ACT,TX,ASW,CE,Combined TRACON& Tower with Radar,0,8,30,13,51,0,3,28,2,33,0,11,58,15,84,10,0,10,94
01/24/2013,ACT,TX,ASW,CE,Combined TRACON& Tower with Radar,0,8,46,14,68,0,3,35,1,39,0,11,81,15,107,8,4,12,119
01/25/2013,ACT,TX,ASW,CE,Combined TRACON& Tower with Radar,2,9,30,11,52,0,0,32,0,32,2,9,62,11,84,16,2,18,102
01/26/2013,ACT,TX,ASW,CE,Combined TRACON& Tower with Radar,0,6,14,16,36,0,0,0,0,0,0,6,14,16,36,0,0,0,36
01/27/2013,ACT,TX,ASW,CE,Combined TRACON& Tower with Radar,0,9,22,0,31,0,0,12,2,14,0,9,34,2,45,16,0,16,61
01/28/2013,ACT,TX,ASW,CE,Combined TRACON& Tower with Radar,0,16,37,13,66,0,1,7,0,8,0,17,44,13,74,6,0,6,80
01/29/2013,ACT,TX,ASW,CE,Combined TRACON& Tower with Radar,0,10,36,0,46,0,2,7,0,9,0,12,43,0,55,0,0,0,55
01/30/2013,ACT,TX,ASW,CE,Combined TRACON& Tower with Radar,0,18,22,0,40,0,4,15,2,21,0,22,37,2,61,12,0,12,73
01/31/2013,ACT,TX,ASW,CE,Combined TRACON& Tower with Radar,0,14,62,10,86,0,10,58,1,69,0,24,120,11,155,20,12,32,187
02/01/2013,ACT,TX,ASW,CE,Combined TRACON& Tower with Radar,0,15,43,14,72,0,4,75,0,79,0,19,118,14,151,22,0,22,173
02/02/2013,ACT,TX,ASW,CE,Combined TRACON& Tower with Radar,0,8,21,0,29,0,0,39,0,39,0,8,60,0,68,9,0,9,77
02/03/2013,ACT,TX,ASW,CE,Combined TRACON& Tower with Radar,0,9,18,0,27,0,0,33,0,33,0,9,51,0,60,8,0,8,68
02/04/2013,ACT,TX,ASW,CE,Combined TRACON& Tower with Radar,0,12,31,12,55,0,2,20,0,22,0,14,51,12,77,10,0,10,87
02/05/2013,ACT,TX,ASW,CE,Combined TRACON& Tower with Radar,4,10,31,2,47,0,0,15,0,15,4,10,46,2,62,6,0,6,68
02/06/2013,ACT,TX,ASW,CE,Combined TRACON& Tower with Radar,3,9,41,2,55,0,0,17,0,17,3,9,58,2,72,14,0,14,86
02/07/2013,ACT,TX,ASW,CE,Combined TRACON& Tower with Radar,0,13,39,14,66,0,0,29,0,29,0,13,68,14,95,30,0,30,125
02/08/2013,ACT,TX,ASW,CE,Combined TRACON& Tower with Radar,1,13,60,22,96,0,6,53,6,65,1,19,113,28,161,24,0,24,185
02/09/2013,ACT,TX,ASW,CE,Combined TRACON& Tower with Radar,0,9,15,12,36,0,0,0,0,0,0,9,15,12,36,0,0,0,36
02/10/2013,ACT,TX,ASW,CE,Combined TRACON& Tower with Radar,0,9,9,0,18,0,0,18,0,18,0,9,27,0,36,4,0,4,40
02/11/2013,ACT,TX,ASW,CE,Combined TRACON& Tower with Radar,0,10,20,4,34,0,0,8,0,8,0,10,28,4,42,0,0,0,42
02/12/2013,ACT,TX,ASW,CE,Combined TRACON& Tower with Radar,1,10,29,3,43,0,4,3,0,7,1,14,32,3,50,10,0,10,60
02/13/2013,ACT,TX,ASW,CE,Combined TRACON& Tower with Radar,0,9,47,8,64,0,4,55,0,59,0,13,102,8,123,38,0,38,161
02/14/2013,ACT,TX,ASW,CE,Combined TRACON& Tower with Radar,0,12,40,8,60,0,4,64,1,69,0,16,104,9,129,32,1,33,162
02/15/2013,ACT,TX,ASW,CE,Combined TRACON& Tower with Radar,0,16,31,0,47,0,0,51,0,51,0,16,82,0,98,20,0,20,118
02/16/2013,ACT,TX,ASW,CE,Combined TRACON& Tower with Radar,0,10,22,6,38,0,2,62,2,66,0,12,84,8,104,32,10,42,146
02/17/2013,ACT,TX,ASW,CE,Combined TRACON& Tower with Radar,2,12,11,6,31,0,0,39,0,39,2,12,50,6,70,4,0,4,74
02/18/2013,ACT,TX,ASW,CE,Combined TRACON& Tower with Radar,0,18,20,0,38,0,0,20,0,20,0,18,40,0,58,4,0,4,62
02/19/2013,ACT,TX,ASW,CE,Combined TRACON& Tower with Radar,0,18,38,26,82,0,2,71,3,76,0,20,109,29,158,34,0,34,192
02/20/2013,ACT,TX,ASW,CE,Combined TRACON& Tower with Radar,0,17,60,0,77,0,0,6,0,6,0,17,66,0,83,18,0,18,101
02/21/2013,ACT,TX,ASW,CE,Combined TRACON& Tower with Radar,0,9,29,11,49,0,2,18,0,20,0,11,47,11,69,8,14,22,91
02/22/2013,ACT,TX,ASW,CE,Combined TRACON& Tower with Radar,0,14,41,24,79,0,2,74,6,82,0,16,115,30,161,38,0,38,199
02/23/2013,ACT,TX,ASW,CE,Combined TRACON& Tower with Radar,0,8,19,20,47,0,0,59,0,59,0,8,78,20,106,28,0,28,134
02/24/2013,ACT,TX,ASW,CE,Combined TRACON& Tower with Radar,2,18,18,19,57,0,0,37,1,38,2,18,55,20,95,36,0,36,131
02/25/2013,ACT,TX,ASW,CE,Combined TRACON& Tower with Radar,0,7,13,0,20,0,0,4,0,4,0,7,17,0,24,0,0,0,24
02/26/2013,ACT,TX,ASW,CE,Combined TRACON& Tower with Radar,0,12,40,16,68,0,4,54,0,58,0,16,94,16,126,50,0,50,176
02/27/2013,ACT,TX,ASW,CE,Combined TRACON& Tower with Radar,0,18,37,15,70,0,6,40,4,50,0,24,77,19,120,29,6,35,155
02/28/2013,ACT,TX,ASW,CE,Combined TRACON& Tower with Radar,0,13,47,0,60,0,0,57,0,57,0,13,104,0,117,8,0,8,125
03/01/2013,ACT,TX,ASW,CE,Combined TRACON& Tower with Radar,0,12,41,2,55,0,6,40,0,46,0,18,81,2,101,18,0,18,119
03/02/2013,ACT,TX,ASW,CE,Combined TRACON& Tower with Radar,2,10,19,22,53,0,0,22,1,23,2,10,41,23,76,12,6,18,94
03/03/2013,ACT,TX,ASW,CE,Combined TRACON& Tower with Radar,4,15,14,5,38,0,0,30,1,31,4,15,44,6,69,32,0,32,101
03/04/2013,ACT,TX,ASW,CE,Combined TRACON& Tower with Radar,0,10,28,5,43,0,10,30,4,44,0,20,58,9,87,34,16,50,137
03/05/2013,ACT,TX,ASW,CE,Combined TRACON& Tower with Radar,0,10,23,0,33,0,4,14,0,18,0,14,37,0,51,16,0,16,67
03/06/2013,ACT,TX,ASW,CE,Combined TRACON& Tower with Radar,0,16,51,3,70,0,7,53,1,61,0,23,104,4,131,24,0,24,155
03/07/2013,ACT,TX,ASW,CE,Combined TRACON& Tower with Radar,2,10,47,20,79,0,2,57,0,59,2,12,104,20,138,10,2,12,150
03/08/2013,ACT,TX,ASW,CE,Combined TRACON& Tower with Radar,2,14,39,2,57,0,0,3,0,3,2,14,42,2,60,0,0,0,60
03/09/2013,ACT,TX,ASW,CE,Combined TRACON& Tower with Radar,2,11,28,0,41,1,1,3,0,5,3,12,31,0,46,0,0,0,46
03/10/2013,ACT,TX,ASW,CE,Combined TRACON& Tower with Radar,0,13,6,1,20,0,0,3,0,3,0,13,9,1,23,4,0,4,27
03/11/2013,ACT,TX,ASW,CE,Combined TRACON& Tower with Radar,0,9,25,11,45,0,3,33,7,43,0,12,58,18,88,26,18,44,132
03/12/2013,ACT,TX,ASW,CE,Combined TRACON& Tower with Radar,2,12,31,8,53,0,2,64,0,66,2,14,95,8,119,12,0,12,131
03/13/2013,ACT,TX,ASW,CE,Combined TRACON& Tower with Radar,0,10,41,9,60,0,4,66,4,74,0,14,107,13,134,34,6,40,174
03/14/2013,ACT,TX,ASW,CE,Combined TRACON& Tower with Radar,0,15,41,12,68,0,4,43,6,53,0,19,84,18,121,8,0,8,129
03/15/2013,ACT,TX,ASW,CE,Combined TRACON& Tower with Radar,1,13,22,12,48,0,4,40,4,48,1,17,62,16,96,16,4,20,116
03/16/2013,ACT,TX,ASW,CE,Combined TRACON& Tower with Radar,0,9,14,1,24,0,0,15,1,16,0,9,29,2,40,0,2,2,42
03/17/2013,ACT,TX,ASW,CE,Combined TRACON& Tower with Radar,0,12,31,4,47,0,0,12,0,12,0,12,43,4,59,0,0,0,59
03/18/2013,ACT,TX,ASW,CE,Combined TRACON& Tower with Radar,0,14,33,19,66,0,0,27,1,28,0,14,60,20,94,40,30,70,164
03/19/2013,ACT,TX,ASW,CE,Combined TRACON& Tower with Radar,0,11,48,11,70,0,2,35,0,37,0,13,83,11,107,20,0,20,127
03/20/2013,ACT,TX,ASW,CE,Combined TRACON& Tower with Radar,0,10,38,11,59,0,10,40,1,51,0,20,78,12,110,24,0,24,134
03/21/2013,ACT,TX,ASW,CE,Combined TRACON& Tower with Radar,0,14,38,13,65,0,0,13,1,14,0,14,51,14,79,10,0,10,89
03/22/2013,ACT,TX,ASW,CE,Combined TRACON& Tower with Radar,3,15,73,24,115,0,5,18,0,23,3,20,91,24,138,14,12,26,164
03/23/2013,ACT,TX,ASW,CE,Combined TRACON& Tower with Radar,0,14,17,29,60,0,0,2,0,2,0,14,19,29,62,0,36,36,98
03/24/2013,ACT,TX,ASW,CE,Combined TRACON& Tower with Radar,1,10,13,0,24,0,0,14,0,14,1,10,27,0,38,0,0,0,38
03/25/2013,ACT,TX,ASW,CE,Combined TRACON& Tower with Radar,0,10,24,8,42,0,6,36,0,42,0,16,60,8,84,6,0,6,90
03/26/2013,ACT,TX,ASW,CE,Combined TRACON& Tower with Radar,1,15,55,15,86,0,4,63,1,68,1,19,118,16,154,56,2,58,212
03/27/2013,ACT,TX,ASW,CE,Combined TRACON& Tower with Radar,0,17,48,8,73,0,3,41,3,47,0,20,89,11,120,6,2,8,128
03/28/2013,ACT,TX,ASW,CE,Combined TRACON& Tower with Radar,0,13,67,2,82,0,0,33,0,33,0,13,100,2,115,34,0,34,149
03/29/2013,ACT,TX,ASW,CE,Combined TRACON& Tower with Radar,0,15,40,8,63,0,0,21,0,21,0,15,61,8,84,2,0,2,86
03/30/2013,ACT,TX,ASW,CE,Combined TRACON& Tower with Radar,0,10,22,0,32,0,0,4,0,4,0,10,26,0,36,0,0,0,36
03/31/2013,ACT,TX,ASW,CE,Combined TRACON& Tower with Radar,2,12,12,0,26,0,0,9,0,9,2,12,21,0,35,0,2,2,37
04/01/2013,ACT,TX,ASW,CE,Combined TRACON& Tower with Radar,2,19,26,12,59,0,4,38,2,44,2,23,64,14,103,24,0,24,127
04/02/2013,ACT,TX,ASW,CE,Combined TRACON& Tower with Radar,0,14,23,0,37,0,0,3,2,5,0,14,26,2,42,2,0,2,44
04/03/2013,ACT,TX,ASW,CE,Combined TRACON& Tower with Radar,0,14,43,0,57,0,0,1,0,1,0,14,44,0,58,2,0,2,60
04/04/2013,ACT,TX,ASW,CE,Combined TRACON& Tower with Radar,0,12,44,1,57,0,0,16,12,28,0,12,60,13,85,10,0,10,95
04/05/2013,ACT,TX,ASW,CE,Combined TRACON& Tower with Radar,1,10,33,18,62,0,0,78,7,85,1,10,111,25,147,18,10,28,175
04/06/2013,ACT,TX,ASW,CE,Combined TRACON& Tower with Radar,0,8,18,4,30,0,0,13,1,14,0,8,31,5,44,16,0,16,60
04/07/2013,ACT,TX,ASW,CE,Combined TRACON& Tower with Radar,1,12,23,2,38,0,0,5,1,6,1,12,28,3,44,0,0,0,44
04/08/2013,ACT,TX,ASW,CE,Combined TRACON& Tower with Radar,0,13,35,6,54,0,0,5,2,7,0,13,40,8,61,0,0,0,61
04/09/2013,ACT,TX,ASW,CE,Combined TRACON& Tower with Radar,0,16,40,2,58,0,1,6,1,8,0,17,46,3,66,0,0,0,66
04/10/2013,ACT,TX,ASW,CE,Combined TRACON& Tower with Radar,0,12,27,4,43,0,0,1,8,9,0,12,28,12,52,0,22,22,74
04/11/2013,ACT,TX,ASW,CE,Combined TRACON& Tower with Radar,0,10,27,4,41,0,4,41,2,47,0,14,68,6,88,8,0,8,96
04/12/2013,ACT,TX,ASW,CE,Combined TRACON& Tower with Radar,2,12,20,39,73,0,9,43,0,52,2,21,63,39,125,50,2,52,177
04/13/2013,ACT,TX,ASW,CE,Combined TRACON& Tower with Radar,0,9,21,24,54,0,0,38,2,40,0,9,59,26,94,20,0,20,114
04/14/2013,ACT,TX,ASW,CE,Combined TRACON& Tower with Radar,0,11,17,2,30,0,0,23,1,24,0,11,40,3,54,4,0,4,58
04/15/2013,ACT,TX,ASW,CE,Combined TRACON& Tower with Radar,3,10,42,3,58,0,0,33,0,33,3,10,75,3,91,8,0,8,99
04/16/2013,ACT,TX,ASW,CE,Combined TRACON& Tower with Radar,1,10,34,6,51,0,0,27,4,31,1,10,61,10,82,12,6,18,100
04/17/2013,ACT,TX,ASW,CE,Combined TRACON& Tower with Radar,0,15,48,9,72,0,3,10,1,14,0,18,58,10,86,0,0,0,86
04/18/2013,ACT,TX,ASW,CE,Combined TRACON& Tower with Radar,0,12,14,0,26,0,10,19,0,29,0,22,33,0,55,0,0,0,55
04/19/2013,ACT,TX,ASW,CE,Combined TRACON& Tower with Radar,2,14,31,0,47,0,0,43,0,43,2,14,74,0,90,16,0,16,106
04/20/2013,ACT,TX,ASW,CE,Combined TRACON& Tower with Radar,0,12,30,11,53,0,0,50,1,51,0,12,80,12,104,20,0,20,124
04/21/2013,ACT,TX,ASW,CE,Combined TRACON& Tower with Radar,0,12,29,0,41,0,0,32,2,34,0,12,61,2,75,14,0,14,89
04/22/2013,ACT,TX,ASW,CE,Combined TRACON& Tower with Radar,0,13,36,3,52,0,2,29,1,32,0,15,65,4,84,34,4,38,122
04/23/2013,ACT,TX,ASW,CE,Combined TRACON& Tower with Radar,0,12,49,0,61,0,1,1,1,3,0,13,50,1,64,14,0,14,78
04/24/2013,ACT,TX,ASW,CE,Combined TRACON& Tower with Radar,0,15,42,4,61,0,0,48,0,48,0,15,90,4,109,32,0,32,141
04/25/2013,ACT,TX,ASW,CE,Combined TRACON& Tower with Radar,0,10,22,2,34,0,1,17,5,23,0,11,39,7,57,8,14,22,79
04/26/2013,ACT,TX,ASW,CE,Combined TRACON& Tower with Radar,0,13,50,21,84,0,0,6,1,7,0,13,56,22,91,40,6,46,137
04/27/2013,ACT,TX,ASW,CE,Combined TRACON& Tower with Radar,0,12,15,0,27,0,0,20,0,20,0,12,35,0,47,22,0,22,69
04/28/2013,ACT,TX,ASW,CE,Combined TRACON& Tower with Radar,0,12,24,0,36,0,0,28,0,28,0,12,52,0,64,6,0,6,70
04/29/2013,ACT,TX,ASW,CE,Combined TRACON& Tower with Radar,0,12,19,0,31,0,0,22,0,22,0,12,41,0,53,16,0,16,69
04/30/2013,ACT,TX,ASW,CE,Combined TRACON& Tower with Radar,0,10,48,9,67,0,6,27,0,33,0,16,75,9,100,20,0,20,120
05/01/2013,ACT,TX,ASW,CE,Combined TRACON& Tower with Radar,0,12,47,4,63,0,0,13,0,13,0,12,60,4,76,18,0,18,94
05/02/2013,ACT,TX,ASW,CE,Combined TRACON& Tower with Radar,0,12,33,2,47,0,0,2,0,2,0,12,35,2,49,0,0,0,49
05/03/2013,ACT,TX,ASW,CE,Combined TRACON& Tower with Radar,0,12,35,0,47,0,2,29,8,39,0,14,64,8,86,0,0,0,86
05/04/2013,ACT,TX,ASW,CE,Combined TRACON& Tower with Radar,0,10,16,18,44,0,4,45,2,51,0,14,61,20,95,18,4,22,117
05/05/2013,ACT,TX,ASW,CE,Combined TRACON& Tower with Radar,0,12,25,10,47,0,0,30,2,32,0,12,55,12,79,6,0,6,85
05/06/2013,ACT,TX,ASW,CE,Combined TRACON& Tower with Radar,0,10,23,30,63,0,2,37,7,46,0,12,60,37,109,30,4,34,143
05/07/2013,ACT,TX,ASW,CE,Combined TRACON& Tower with Radar,0,10,45,3,58,0,7,62,1,70,0,17,107,4,128,36,0,36,164
05/08/2013,ACT,TX,ASW,CE,Combined TRACON& Tower with Radar,0,17,37,2,56,0,3,24,3,30,0,20,61,5,86,0,0,0,86
05/09/2013,ACT,TX,ASW,CE,Combined TRACON& Tower with Radar,0,12,19,0,31,0,2,7,0,9,0,14,26,0,40,14,0,14,54
05/10/2013,ACT,TX,ASW,CE,Combined TRACON& Tower with Radar,0,8,36,0,44,0,5,12,0,17,0,13,48,0,61,4,0,4,65
05/11/2013,ACT,TX,ASW,CE,Combined TRACON& Tower with Radar,0,11,35,4,50,0,0,28,1,29,0,11,63,5,79,20,0,20,99
05/12/2013,ACT,TX,ASW,CE,Combined TRACON& Tower with Radar,0,13,12,0,25,0,0,38,1,39,0,13,50,1,64,6,2,8,72
05/13/2013,ACT,TX,ASW,CE,Combined TRACON& Tower with Radar,0,10,34,20,64,0,8,23,1,32,0,18,57,21,96,18,0,18,114
05/14/2013,ACT,TX,ASW,CE,Combined TRACON& Tower with Radar,0,12,40,10,62,0,6,53,1,60,0,18,93,11,122,26,2,28,150
05/15/2013,ACT,TX,ASW,CE,Combined TRACON& Tower with Radar,0,19,30,0,49,0,1,0,0,1,0,20,30,0,50,2,0,2,52
05/16/2013,ACT,TX,ASW,CE,Combined TRACON& Tower with Radar,0,14,53,29,96,0,4,16,0,20,0,18,69,29,116,24,8,32,148
05/17/2013,ACT,TX,ASW,CE,Combined TRACON& Tower with Radar,0,18,38,19,75,0,2,16,1,19,0,20,54,20,94,24,0,24,118
05/18/2013,ACT,TX,ASW,CE,Combined TRACON& Tower with Radar,0,8,21,2,31,0,0,22,1,23,0,8,43,3,54,10,0,10,64
05/19/2013,ACT,TX,ASW,CE,Combined TRACON& Tower with Radar,0,12,12,0,24,0,1,13,0,14,0,13,25,0,38,0,0,0,38
05/20/2013,ACT,TX,ASW,CE,Combined TRACON& Tower with Radar,0,12,35,2,49,0,3,29,0,32,0,15,64,2,81,10,0,10,91
05/21/2013,ACT,TX,ASW,CE,Combined TRACON& Tower with Radar,0,18,26,0,44,0,8,9,0,17,0,26,35,0,61,10,0,10,71
05/22/2013,ACT,TX,ASW,CE,Combined TRACON& Tower with Radar,0,17,40,10,67,0,6,35,2,43,0,23,75,12,110,22,0,22,132
05/23/2013,ACT,TX,ASW,CE,Combined TRACON& Tower with Radar,0,12,59,2,73,0,0,4,0,4,0,12,63,2,77,8,0,8,85
05/24/2013,ACT,TX,ASW,CE,Combined TRACON& Tower with Radar,2,16,46,0,64,0,0,6,0,6,2,16,52,0,70,22,0,22,92
05/25/2013,ACT,TX,ASW,CE,Combined TRACON& Tower with Radar,2,11,2,0,15,0,2,5,0,7,2,13,7,0,22,2,0,2,24
05/26/2013,ACT,TX,ASW,CE,Combined TRACON& Tower with Radar,0,9,5,0,14,0,0,18,0,18,0,9,23,0,32,0,0,0,32
05/27/2013,ACT,TX,ASW,CE,Combined TRACON& Tower with Radar,0,15,26,12,53,0,0,23,1,24,0,15,49,13,77,16,0,16,93
05/28/2013,ACT,TX,ASW,CE,Combined TRACON& Tower with Radar,0,11,33,8,52,0,4,31,5,40,0,15,64,13,92,14,26,40,132
05/29/2013,ACT,TX,ASW,CE,Combined TRACON& Tower with Radar,0,12,34,0,46,0,0,21,0,21,0,12,55,0,67,16,0,16,83
05/30/2013,ACT,TX,ASW,CE,Combined TRACON& Tower with Radar,0,14,67,9,90,0,5,44,3,52,0,19,111,12,142,22,18,40,182
05/31/2013,ACT,TX,ASW,CE,Combined TRACON& Tower with Radar,0,14,50,4,68,0,2,14,0,16,0,16,64,4,84,4,0,4,88
06/01/2013,ACT,TX,ASW,CE,Combined TRACON& Tower with Radar,0,8,31,0,39,0,0,25,0,25,0,8,56,0,64,6,0,6,70
06/02/2013,ACT,TX,ASW,CE,Combined TRACON& Tower with Radar,2,10,17,0,29,0,0,24,0,24,2,10,41,0,53,2,0,2,55
06/03/2013,ACT,TX,ASW,CE,Combined TRACON& Tower with Radar,0,11,28,12,51,0,5,51,4,60,0,16,79,16,111,10,2,12,123
06/04/2013,ACT,TX,ASW,CE,Combined TRACON& Tower with Radar,0,14,36,8,58,0,1,48,2,51,0,15,84,10,109,12,8,20,129
06/05/2013,ACT,TX,ASW,CE,Combined TRACON& Tower with Radar,0,8,53,2,63,0,2,34,0,36,0,10,87,2,99,4,0,4,103
06/06/2013,ACT,TX,ASW,CE,Combined TRACON& Tower with Radar,2,8,36,0,46,0,2,29,0,31,2,10,65,0,77,8,0,8,85
06/07/2013,ACT,TX,ASW,CE,Combined TRACON& Tower with Radar,0,12,35,19,66,0,2,60,5,67,0,14,95,24,133,20,4,24,157
06/08/2013,ACT,TX,ASW,CE,Combined TRACON& Tower with Radar,0,10,26,14,50,0,0,35,1,36,0,10,61,15,86,10,8,18,104
06/09/2013,ACT,TX,ASW,CE,Combined TRACON& Tower with Radar,0,15,9,0,24,0,0,27,3,30,0,15,36,3,54,4,0,4,58
06/10/2013,ACT,TX,ASW,CE,Combined TRACON& Tower with Radar,0,12,28,10,50,0,3,29,4,36,0,15,57,14,86,18,0,18,104
06/11/2013,ACT,TX,ASW,CE,Combined TRACON& Tower with Radar,0,14,29,13,56,0,2,50,1,53,0,16,79,14,109,42,24,66,175
06/12/2013,ACT,TX,ASW,CE,Combined TRACON& Tower with Radar,0,11,40,15,66,0,2,35,3,40,0,13,75,18,106,12,54,66,172
06/13/2013,ACT,TX,ASW,CE,Combined TRACON& Tower with Radar,0,12,46,13,71,0,4,36,0,40,0,16,82,13,111,40,0,40,151
06/14/2013,ACT,TX,ASW,CE,Combined TRACON& Tower with Radar,0,11,36,17,64,0,0,30,1,31,0,11,66,18,95,0,0,0,95
06/15/2013,ACT,TX,ASW,CE,Combined TRACON& Tower with Radar,0,9,42,28,79,0,2,35,0,37,0,11,77,28,116,22,0,22,138
06/16/2013,ACT,TX,ASW,CE,Combined TRACON& Tower with Radar,0,11,12,0,23,0,5,31,0,36,0,16,43,0,59,0,0,0,59
06/17/2013,ACT,TX,ASW,CE,Combined TRACON& Tower with Radar,0,14,24,2,40,0,6,26,0,32,0,20,50,2,72,18,0,18,90
06/18/2013,ACT,TX,ASW,CE,Combined TRACON& Tower with Radar,0,12,34,11,57,0,6,41,0,47,0,18,75,11,104,42,0,42,146
06/19/2013,ACT,TX,ASW,CE,Combined TRACON& Tower with Radar,0,13,34,6,53,0,10,21,3,34,0,23,55,9,87,12,0,12,99
06/20/2013,ACT,TX,ASW,CE,Combined TRACON& Tower with Radar,0,12,39,11,62,0,0,49,2,51,0,12,88,13,113,2,14,16,129
06/21/2013,ACT,TX,ASW,CE,Combined TRACON& Tower with Radar,0,13,40,31,84,0,9,52,3,64,0,22,92,34,148,36,6,42,190
06/22/2013,ACT,TX,ASW,CE,Combined TRACON& Tower with Radar,0,8,23,0,31,0,0,30,0,30,0,8,53,0,61,20,0,20,81
06/23/2013,ACT,TX,ASW,CE,Combined TRACON& Tower with Radar,0,12,7,10,29,0,0,12,0,12,0,12,19,10,41,2,0,2,43
06/24/2013,ACT,TX,ASW,CE,Combined TRACON& Tower with Radar,0,10,12,7,29,0,2,25,0,27,0,12,37,7,56,22,1,23,79
06/25/2013,ACT,TX,ASW,CE,Combined TRACON& Tower with Radar,0,12,19,5,36,0,7,33,1,41,0,19,52,6,77,10,0,10,87
06/26/2013,ACT,TX,ASW,CE,Combined TRACON& Tower with Radar,0,13,30,2,45,0,2,31,2,35,0,15,61,4,80,6,12,18,98
06/27/2013,ACT,TX,ASW,CE,Combined TRACON& Tower with Radar,0,11,58,0,69,0,3,34,0,37,0,14,92,0,106,16,0,16,122
06/28/2013,ACT,TX,ASW,CE,Combined TRACON& Tower with Radar,0,13,32,2,47,0,4,32,0,36,0,17,64,2,83,18,0,18,101
06/29/2013,ACT,TX,ASW,CE,Combined TRACON& Tower with Radar,0,8,17,3,28,0,7,37,0,44,0,15,54,3,72,6,0,6,78
06/30/2013,ACT,TX,ASW,CE,Combined TRACON& Tower with Radar,0,12,12,4,28,0,2,20,0,22,0,14,32,4,50,6,0,6,56
07/01/2013,ACT,TX,ASW,CE,Combined TRACON& Tower with Radar,0,12,27,2,41,0,2,29,0,31,0,14,56,2,72,4,0,4,76
07/02/2013,ACT,TX,ASW,CE,Combined TRACON& Tower with Radar,0,13,21,19,53,0,4,33,0,37,0,17,54,19,90,12,2,14,104
07/03/2013,ACT,TX,ASW,CE,Combined TRACON& Tower with Radar,0,15,34,20,69,0,4,49,1,54,0,19,83,21,123,18,0,18,141
07/04/2013,ACT,TX,ASW,CE,Combined TRACON& Tower with Radar,0,6,10,0,16,0,2,19,2,23,0,8,29,2,39,0,0,0,39
07/05/2013,ACT,TX,ASW,CE,Combined TRACON& Tower with Radar,0,12,17,0,29,0,8,43,0,51,0,20,60,0,80,40,0,40,120
07/06/2013,ACT,TX,ASW,CE,Combined TRACON& Tower with Radar,0,8,10,0,18,0,2,18,0,20,0,10,28,0,38,6,0,6,44
07/07/2013,ACT,TX,ASW,CE,Combined TRACON& Tower with Radar,0,10,10,0,20,0,4,21,0,25,0,14,31,0,45,2,0,2,47
07/08/2013,ACT,TX,ASW,CE,Combined TRACON& Tower with Radar,0,10,25,23,58,0,3,26,0,29,0,13,51,23,87,4,0,4,91
07/09/2013,ACT,TX,ASW,CE,Combined TRACON& Tower with Radar,0,9,35,8,52,0,5,17,0,22,0,14,52,8,74,10,0,10,84
07/10/2013,ACT,TX,ASW,CE,Combined TRACON& Tower with Radar,0,9,46,17,72,0,4,21,3,28,0,13,67,20,100,18,0,18,118
07/11/2013,ACT,TX,ASW,CE,Combined TRACON& Tower with Radar,6,15,36,26,83,0,6,27,0,33,6,21,63,26,116,12,4,16,132
07/12/2013,ACT,TX,ASW,CE,Combined TRACON& Tower with Radar,0,9,29,10,48,0,6,33,1,40,0,15,62,11,88,20,2,22,110
07/13/2013,ACT,TX,ASW,CE,Combined TRACON& Tower with Radar,0,8,15,16,39,0,4,30,0,34,0,12,45,16,73,4,0,4,77
07/14/2013,ACT,TX,ASW,CE,Combined TRACON& Tower with Radar,0,10,17,1,28,0,1,3,1,5,0,11,20,2,33,0,0,0,33
07/15/2013,ACT,TX,ASW,CE,Combined TRACON& Tower with Radar,0,14,18,0,32,0,0,0,0,0,0,14,18,0,32,0,0,0,32
07/16/2013,ACT,TX,ASW,CE,Combined TRACON& Tower with Radar,0,11,38,36,85,0,10,12,1,23,0,21,50,37,108,10,0,10,118
07/17/2013,ACT,TX,ASW,CE,Combined TRACON& Tower with Radar,0,10,44,34,88,0,4,6,0,10,0,14,50,34,98,12,16,28,126
07/18/2013,ACT,TX,ASW,CE,Combined TRACON& Tower with Radar,0,11,51,11,73,0,4,34,0,38,0,15,85,11,111,18,0,18,129
07/19/2013,ACT,TX,ASW,CE,Combined TRACON& Tower with Radar,0,11,40,15,66,0,5,24,3,32,0,16,64,18,98,36,4,40,138
07/20/2013,ACT,TX,ASW,CE,Combined TRACON& Tower with Radar,0,8,24,38,70,0,4,16,1,21,0,12,40,39,91,2,6,8,99
07/21/2013,ACT,TX,ASW,CE,Combined TRACON& Tower with Radar,0,10,30,8,48,0,2,27,4,33,0,12,57,12,81,0,28,28,109
07/22/2013,ACT,TX,ASW,CE,Combined TRACON& Tower with Radar,0,13,32,26,71,0,4,46,1,51,0,17,78,27,122,18,20,38,160
07/23/2013,ACT,TX,ASW,CE,Combined TRACON& Tower with Radar,0,10,60,30,100,0,4,37,0,41,0,14,97,30,141,46,0,46,187
07/24/2013,ACT,TX,ASW,CE,Combined TRACON& Tower with Radar,0,11,45,18,74,0,4,29,2,35,0,15,74,20,109,18,0,18,127
07/25/2013,ACT,TX,ASW,CE,Combined TRACON& Tower with Radar,0,10,27,22,59,0,4,35,0,39,0,14,62,22,98,20,0,20,118
07/26/2013,ACT,TX,ASW,CE,Combined TRACON& Tower with Radar,0,10,25,4,39,0,2,21,2,25,0,12,46,6,64,10,6,16,80
07/27/2013,ACT,TX,ASW,CE,Combined TRACON& Tower with Radar,0,8,28,9,45,0,2,11,1,14,0,10,39,10,59,4,4,8,67
07/28/2013,ACT,TX,ASW,CE,Combined TRACON& Tower with Radar,2,10,26,13,51,0,0,13,1,14,2,10,39,14,65,0,0,0,65
07/29/2013,ACT,TX,ASW,CE,Combined TRACON& Tower with Radar,0,10,24,10,44,0,12,8,0,20,0,22,32,10,64,0,0,0,64
07/30/2013,ACT,TX,ASW,CE,Combined TRACON& Tower with Radar,0,10,46,4,60,0,2,29,0,31,0,12,75,4,91,8,0,8,99
07/31/2013,ACT,TX,ASW,CE,Combined TRACON& Tower with Radar,0,10,37,11,58,0,1,30,10,41,0,11,67,21,99,18,26,44,143
08/01/2013,ACT,TX,ASW,CE,Combined TRACON& Tower with Radar,2,11,54,20,87,0,10,33,2,45,2,21,87,22,132,4,0,4,136
08/02/2013,ACT,TX,ASW,CE,Combined TRACON& Tower with Radar,0,10,42,31,83,0,16,29,3,48,0,26,71,34,131,8,26,34,165
08/03/2013,ACT,TX,ASW,CE,Combined TRACON& Tower with Radar,0,8,23,20,51,0,5,27,4,36,0,13,50,24,87,8,2,10,97
08/04/2013,ACT,TX,ASW,CE,Combined TRACON& Tower with Radar,0,10,8,8,26,0,5,14,0,19,0,15,22,8,45,26,0,26,71
08/05/2013,ACT,TX,ASW,CE,Combined TRACON& Tower with Radar,0,10,31,27,68,0,6,22,0,28,0,16,53,27,96,4,0,4,100
08/06/2013,ACT,TX,ASW,CE,Combined TRACON& Tower with Radar,0,12,33,7,52,0,6,39,4,49,0,18,72,11,101,10,18,28,129
08/07/2013,ACT,TX,ASW,CE,Combined TRACON& Tower with Radar,0,12,43,19,74,0,6,45,5,56,0,18,88,24,130,68,2,70,200
08/08/2013,ACT,TX,ASW,CE,Combined TRACON& Tower with Radar,0,10,54,25,89,0,5,33,0,38,0,15,87,25,127,16,0,16,143
08/09/2013,ACT,TX,ASW,CE,Combined TRACON& Tower with Radar,6,14,51,5,76,0,12,19,0,31,6,26,70,5,107,16,6,22,129
08/10/2013,ACT,TX,ASW,CE,Combined TRACON& Tower with Radar,0,8,11,29,48,0,3,21,0,24,0,11,32,29,72,28,6,34,106
08/11/2013,ACT,TX,ASW,CE,Combined TRACON& Tower with Radar,0,10,10,2,22,0,0,29,0,29,0,10,39,2,51,2,0,2,53
08/12/2013,ACT,TX,ASW,CE,Combined TRACON& Tower with Radar,0,8,22,7,37,0,4,17,0,21,0,12,39,7,58,0,0,0,58
08/13/2013,ACT,TX,ASW,CE,Combined TRACON& Tower with Radar,5,11,43,18,77,0,9,29,0,38,5,20,72,18,115,8,0,8,123
08/14/2013,ACT,TX,ASW,CE,Combined TRACON& Tower with Radar,3,12,22,13,50,0,4,25,2,31,3,16,47,15,81,20,0,20,101
08/15/2013,ACT,TX,ASW,CE,Combined TRACON& Tower with Radar,0,15,31,29,75,0,5,9,3,17,0,20,40,32,92,0,0,0,92
08/16/2013,ACT,TX,ASW,CE,Combined TRACON& Tower with Radar,4,15,10,16,45,0,6,16,4,26,4,21,26,20,71,10,0,10,81
08/17/2013,ACT,TX,ASW,CE,Combined TRACON& Tower with Radar,0,10,18,17,45,0,0,12,1,13,0,10,30,18,58,4,4,8,66
08/18/2013,ACT,TX,ASW,CE,Combined TRACON& Tower with Radar,0,10,5,5,20,0,2,22,0,24,0,12,27,5,44,6,2,8,52
08/19/2013,ACT,TX,ASW,CE,Combined TRACON& Tower with Radar,2,12,30,6,50,0,3,50,4,57,2,15,80,10,107,26,22,48,155
08/20/2013,ACT,TX,ASW,CE,Combined TRACON& Tower with Radar,0,16,35,22,73,0,6,25,0,31,0,22,60,22,104,22,0,22,126
08/21/2013,ACT,TX,ASW,CE,Combined TRACON& Tower with Radar,0,13,20,19,52,0,8,26,2,36,0,21,46,21,88,12,0,12,100
08/22/2013,ACT,TX,ASW,CE,Combined TRACON& Tower with Radar,0,15,34,36,85,0,13,49,5,67,0,28,83,41,152,10,10,20,172
08/23/2013,ACT,TX,ASW,CE,Combined TRACON& Tower with Radar,0,14,41,58,113,0,12,49,0,61,0,26,90,58,174,20,0,20,194
08/24/2013,ACT,TX,ASW,CE,Combined TRACON& Tower with Radar,0,8,13,12,33,0,12,15,10,37,0,20,28,22,70,0,4,4,74
08/25/2013,ACT,TX,ASW,CE,Combined TRACON& Tower with Radar,0,10,24,2,36,0,0,19,0,19,0,10,43,2,55,0,0,0,55
08/26/2013,ACT,TX,ASW,CE,Combined TRACON& Tower with Radar,0,14,16,15,45,0,6,16,1,23,0,20,32,16,68,14,0,14,82
08/27/2013,ACT,TX,ASW,CE,Combined TRACON& Tower with Radar,0,14,30,16,60,0,7,12,2,21,0,21,42,18,81,10,20,30,111
08/28/2013,ACT,TX,ASW,CE,Combined TRACON& Tower with Radar,0,12,13,55,80,0,2,26,5,33,0,14,39,60,113,0,0,0,113
08/29/2013,ACT,TX,ASW,CE,Combined TRACON& Tower with Radar,0,12,16,21,49,0,4,32,0,36,0,16,48,21,85,0,0,0,85
08/30/2013,ACT,TX,ASW,CE,Combined TRACON& Tower with Radar,1,10,21,25,57,0,2,45,0,47,1,12,66,25,104,28,4,32,136
08/31/2013,ACT,TX,ASW,CE,Combined TRACON& Tower with Radar,0,4,19,0,23,0,5,35,0,40,0,9,54,0,63,0,0,0,63
09/01/2013,ACT,TX,ASW,CE,Combined TRACON& Tower with Radar,0,6,13,0,19,0,2,19,0,21,0,8,32,0,40,0,0,0,40
09/02/2013,ACT,TX,ASW,CE,Combined TRACON& Tower with Radar,0,8,14,0,22,0,6,26,0,32,0,14,40,0,54,8,0,8,62
09/03/2013,ACT,TX,ASW,CE,Combined TRACON& Tower with Radar,0,10,19,12,41,0,9,34,2,45,0,19,53,14,86,8,4,12,98
09/04/2013,ACT,TX,ASW,CE,Combined TRACON& Tower with Radar,0,12,20,22,54,0,8,24,1,33,0,20,44,23,87,8,0,8,95
09/05/2013,ACT,TX,ASW,CE,Combined TRACON& Tower with Radar,0,12,29,28,69,0,2,22,4,28,0,14,51,32,97,18,0,18,115
09/06/2013,ACT,TX,ASW,CE,Combined TRACON& Tower with Radar,1,10,29,25,65,0,4,33,4,41,1,14,62,29,106,30,2,32,138
09/07/2013,ACT,TX,ASW,CE,Combined TRACON& Tower with Radar,1,6,17,14,38,0,0,31,2,33,1,6,48,16,71,12,4,16,87
09/08/2013,ACT,TX,ASW,CE,Combined TRACON& Tower with Radar,2,10,18,14,44,0,0,16,4,20,2,10,34,18,64,6,16,22,86
09/09/2013,ACT,TX,ASW,CE,Combined TRACON& Tower with Radar,0,14,21,22,57,0,6,18,3,27,0,20,39,25,84,8,0,8,92
09/10/2013,ACT,TX,ASW,CE,Combined TRACON& Tower with Radar,0,12,21,38,71,0,2,28,0,30,0,14,49,38,101,22,0,22,123
09/11/2013,ACT,TX,ASW,CE,Combined TRACON& Tower with Radar,2,8,27,24,61,0,4,36,1,41,2,12,63,25,102,20,0,20,122
09/12/2013,ACT,TX,ASW,CE,Combined TRACON& Tower with Radar,2,10,28,51,91,0,2,32,4,38,2,12,60,55,129,26,30,56,185
09/13/2013,ACT,TX,ASW,CE,Combined TRACON& Tower with Radar,0,10,34,83,127,0,2,35,7,44,0,12,69,90,171,0,16,16,187
09/14/2013,ACT,TX,ASW,CE,Combined TRACON& Tower with Radar,0,7,20,2,29,0,4,17,0,21,0,11,37,2,50,16,0,16,66
09/15/2013,ACT,TX,ASW,CE,Combined TRACON& Tower with Radar,0,10,21,12,43,0,2,27,4,33,0,12,48,16,76,20,18,38,114
09/16/2013,ACT,TX,ASW,CE,Combined TRACON& Tower with Radar,0,10,22,2,34,0,4,30,0,34,0,14,52,2,68,14,0,14,82
09/17/2013,ACT,TX,ASW,CE,Combined TRACON& Tower with Radar,0,10,29,24,63,0,2,27,0,29,0,12,56,24,92,18,0,18,110
09/18/2013,ACT,TX,ASW,CE,Combined TRACON& Tower with Radar,0,10,16,41,67,0,8,24,5,37,0,18,40,46,104,28,4,32,136
09/19/2013,ACT,TX,ASW,CE,Combined TRACON& Tower with Radar,0,12,28,47,87,0,0,13,0,13,0,12,41,47,100,32,0,32,132
09/20/2013,ACT,TX,ASW,CE,Combined TRACON& Tower with Radar,0,10,15,4,29,0,0,0,0,0,0,10,15,4,29,0,0,0,29
09/21/2013,ACT,TX,ASW,CE,Combined TRACON& Tower with Radar,0,6,31,0,37,0,7,50,0,57,0,13,81,0,94,18,0,18,112
09/22/2013,ACT,TX,ASW,CE,Combined TRACON& Tower with Radar,0,10,25,15,50,0,4,29,1,34,0,14,54,16,84,10,4,14,98
09/23/2013,ACT,TX,ASW,CE,Combined TRACON& Tower with Radar,0,12,22,11,45,0,4,51,2,57,0,16,73,13,102,14,0,14,116
09/24/2013,ACT,TX,ASW,CE,Combined TRACON& Tower with Radar,0,14,24,31,69,0,9,44,0,53,0,23,68,31,122,62,0,62,184
09/25/2013,ACT,TX,ASW,CE,Combined TRACON& Tower with Radar,0,13,36,27,76,0,6,28,0,34,0,19,64,27,110,0,2,2,112
09/26/2013,ACT,TX,ASW,CE,Combined TRACON& Tower with Radar,0,11,28,16,55,0,4,37,3,44,0,15,65,19,99,18,20,38,137
09/27/2013,ACT,TX,ASW,CE,Combined TRACON& Tower with Radar,0,10,34,22,66,0,8,29,0,37,0,18,63,22,103,22,0,22,125
09/28/2013,ACT,TX,ASW,CE,Combined TRACON& Tower with Radar,0,3,11,0,14,0,2,2,0,4,0,5,13,0,18,0,0,0,18
09/29/2013,ACT,TX,ASW,CE,Combined TRACON& Tower with Radar,0,11,8,2,21,0,6,24,0,30,0,17,32,2,51,20,0,20,71
09/30/2013,ACT,TX,ASW,CE,Combined TRACON& Tower with Radar,0,10,20,14,44,0,8,37,0,45,0,18,57,14,89,16,0,16,105
10/01/2013,ACT,TX,ASW,CE,Combined TRACON& Tower with Radar,0,19,28,18,65,0,8,14,0,22,0,27,42,18,87,10,0,10,97
10/02/2013,ACT,TX,ASW,CE,Combined TRACON& Tower with Radar,0,19,29,6,54,0,6,22,0,28,0,25,51,6,82,8,0,8,90
10/03/2013,ACT,TX,ASW,CE,Combined TRACON& Tower with Radar,0,12,24,7,43,0,1,23,1,25,0,13,47,8,68,16,0,16,84
10/04/2013,ACT,TX,ASW,CE,Combined TRACON& Tower with Radar,4,16,45,14,79,0,2,29,0,31,4,18,74,14,110,6,12,18,128
10/05/2013,ACT,TX,ASW,CE,Combined TRACON& Tower with Radar,1,8,42,0,51,0,1,15,0,16,1,9,57,0,67,4,0,4,71
10/06/2013,ACT,TX,ASW,CE,Combined TRACON& Tower with Radar,0,13,26,1,40,0,0,54,0,54,0,13,80,1,94,38,0,38,132
10/07/2013,ACT,TX,ASW,CE,Combined TRACON& Tower with Radar,1,12,17,0,30,0,6,30,3,39,1,18,47,3,69,16,0,16,85
10/08/2013,ACT,TX,ASW,CE,Combined TRACON& Tower with Radar,1,10,27,13,51,0,17,47,0,64,1,27,74,13,115,34,0,34,149
10/09/2013,ACT,TX,ASW,CE,Combined TRACON& Tower with Radar,0,11,23,22,56,0,2,33,0,35,0,13,56,22,91,12,0,12,103
10/10/2013,ACT,TX,ASW,CE,Combined TRACON& Tower with Radar,0,12,27,7,46,0,3,32,0,35,0,15,59,7,81,8,0,8,89
10/11/2013,ACT,TX,ASW,CE,Combined TRACON& Tower with Radar,2,14,40,13,69,0,1,12,0,13,2,15,52,13,82,14,16,30,112
10/12/2013,ACT,TX,ASW,CE,Combined TRACON& Tower with Radar,2,8,31,0,41,0,0,1,0,1,2,8,32,0,42,2,0,2,44
10/13/2013,ACT,TX,ASW,CE,Combined TRACON& Tower with Radar,0,10,48,0,58,0,0,2,0,2,0,10,50,0,60,4,0,4,64
10/14/2013,ACT,TX,ASW,CE,Combined TRACON& Tower with Radar,0,14,24,0,38,0,0,0,0,0,0,14,24,0,38,22,0,22,60
10/15/2013,ACT,TX,ASW,CE,Combined TRACON& Tower with Radar,2,10,15,0,27,0,0,2,0,2,2,10,17,0,29,0,0,0,29
10/16/2013,ACT,TX,ASW,CE,Combined TRACON& Tower with Radar,0,12,28,9,49,0,0,7,0,7,0,12,35,9,56,0,0,0,56
10/17/2013,ACT,TX,ASW,CE,Combined TRACON& Tower with Radar,0,10,43,4,57,0,6,45,0,51,0,16,88,4,108,14,0,14,122
10/18/2013,ACT,TX,ASW,CE,Combined TRACON& Tower with Radar,3,12,42,13,70,0,4,47,3,54,3,16,89,16,124,8,6,14,138
10/19/2013,ACT,TX,ASW,CE,Combined TRACON& Tower with Radar,1,7,27,27,62,0,5,31,6,42,1,12,58,33,104,20,50,70,174
10/20/2013,ACT,TX,ASW,CE,Combined TRACON& Tower with Radar,0,10,23,4,37,0,2,31,0,33,0,12,54,4,70,0,6,6,76
10/21/2013,ACT,TX,ASW,CE,Combined TRACON& Tower with Radar,0,12,33,4,49,0,5,21,0,26,0,17,54,4,75,14,0,14,89
10/22/2013,ACT,TX,ASW,CE,Combined TRACON& Tower with Radar,0,11,38,4,53,0,2,24,1,27,0,13,62,5,80,8,0,8,88
10/23/2013,ACT,TX,ASW,CE,Combined TRACON& Tower with Radar,0,11,28,7,46,0,4,37,0,41,0,15,65,7,87,14,0,14,101
10/24/2013,ACT,TX,ASW,CE,Combined TRACON& Tower with Radar,0,10,27,12,49,0,10,36,0,46,0,20,63,12,95,10,0,10,105
10/25/2013,ACT,TX,ASW,CE,Combined TRACON& Tower with Radar,2,12,35,42,91,0,0,34,1,35,2,12,69,43,126,30,6,36,162
10/26/2013,ACT,TX,ASW,CE,Combined TRACON& Tower with Radar,0,6,36,0,42,0,0,24,0,24,0,6,60,0,66,0,0,0,66
10/27/2013,ACT,TX,ASW,CE,Combined TRACON& Tower with Radar,0,10,28,4,42,0,2,2,1,5,0,12,30,5,47,0,0,0,47
10/28/2013,ACT,TX,ASW,CE,Combined TRACON& Tower with Radar,0,13,32,0,45,0,0,6,0,6,0,13,38,0,51,0,0,0,51
10/29/2013,ACT,TX,ASW,CE,Combined TRACON& Tower with Radar,0,11,43,42,96,0,0,6,0,6,0,11,49,42,102,0,0,0,102
10/30/2013,ACT,TX,ASW,CE,Combined TRACON& Tower with Radar,0,12,17,8,37,0,0,1,0,1,0,12,18,8,38,0,0,0,38
10/31/2013,ACT,TX,ASW,CE,Combined TRACON& Tower with Radar,0,11,29,3,43,0,2,25,1,28,0,13,54,4,71,12,0,12,83
11/01/2013,ACT,TX,ASW,CE,Combined TRACON& Tower with Radar,0,14,43,44,101,0,2,35,1,38,0,16,78,45,139,26,4,30,169
11/02/2013,ACT,TX,ASW,CE,Combined TRACON& Tower with Radar,0,7,14,0,21,0,1,49,0,50,0,8,63,0,71,16,0,16,87
11/03/2013,ACT,TX,ASW,CE,Combined TRACON& Tower with Radar,0,12,26,0,38,0,4,41,0,45,0,16,67,0,83,4,0,4,87
11/04/2013,ACT,TX,ASW,CE,Combined TRACON& Tower with Radar,0,10,32,21,63,0,0,1,0,1,0,10,33,21,64,0,0,0,64
11/05/2013,ACT,TX,ASW,CE,Combined TRACON& Tower with Radar,2,18,16,14,50,0,0,0,0,0,2,18,16,14,50,2,0,2,52
11/06/2013,ACT,TX,ASW,CE,Combined TRACON& Tower with Radar,2,19,22,23,66,0,2,5,0,7,2,21,27,23,73,0,0,0,73
11/07/2013,ACT,TX,ASW,CE,Combined TRACON& Tower with Radar,1,20,100,25,146,0,1,72,1,74,1,21,172,26,220,10,6,16,236
11/08/2013,ACT,TX,ASW,CE,Combined TRACON& Tower with Radar,0,11,35,23,69,0,5,50,2,57,0,16,85,25,126,28,2,30,156
11/09/2013,ACT,TX,ASW,CE,Combined TRACON& Tower with Radar,2,8,20,8,38,0,4,25,4,33,2,12,45,12,71,12,0,12,83
11/10/2013,ACT,TX,ASW,CE,Combined TRACON& Tower with Radar,0,11,25,16,52,0,4,18,0,22,0,15,43,16,74,6,22,28,102
11/11/2013,ACT,TX,ASW,CE,Combined TRACON& Tower with Radar,0,12,29,0,41,0,8,41,1,50,0,20,70,1,91,14,8,22,113
11/12/2013,ACT,TX,ASW,CE,Combined TRACON& Tower with Radar,0,15,27,1,43,0,6,11,2,19,0,21,38,3,62,16,0,16,78
11/13/2013,ACT,TX,ASW,CE,Combined TRACON& Tower with Radar,0,12,34,21,67,0,2,56,0,58,0,14,90,21,125,44,0,44,169
11/14/2013,ACT,TX,ASW,CE,Combined TRACON& Tower with Radar,0,17,38,24,79,0,10,35,2,47,0,27,73,26,126,16,0,16,142
11/15/2013,ACT,TX,ASW,CE,Combined TRACON& Tower with Radar,0,14,34,16,64,0,8,35,0,43,0,22,69,16,107,10,0,10,117
11/16/2013,ACT,TX,ASW,CE,Combined TRACON& Tower with Radar,0,7,25,36,68,0,4,15,1,20,0,11,40,37,88,24,14,38,126
11/17/2013,ACT,TX,ASW,CE,Combined TRACON& Tower with Radar,0,10,23,0,33,0,4,23,1,28,0,14,46,1,61,4,0,4,65
11/18/2013,ACT,TX,ASW,CE,Combined TRACON& Tower with Radar,0,10,23,0,33,0,4,26,0,30,0,14,49,0,63,4,0,4,67
11/19/2013,ACT,TX,ASW,CE,Combined TRACON& Tower with Radar,0,14,33,36,83,0,6,40,2,48,0,20,73,38,131,22,6,28,159
11/20/2013,ACT,TX,ASW,CE,Combined TRACON& Tower with Radar,0,10,47,36,93,0,0,10,5,15,0,10,57,41,108,6,0,6,114
11/21/2013,ACT,TX,ASW,CE,Combined TRACON& Tower with Radar,2,16,32,38,88,0,2,1,0,3,2,18,33,38,91,0,0,0,91
11/22/2013,ACT,TX,ASW,CE,Combined TRACON& Tower with Radar,2,12,8,14,36,0,0,1,0,1,2,12,9,14,37,0,0,0,37
11/23/2013,ACT,TX,ASW,CE,Combined TRACON& Tower with Radar,0,10,7,0,17,0,0,2,0,2,0,10,9,0,19,0,0,0,19
11/24/2013,ACT,TX,ASW,CE,Combined TRACON& Tower with Radar,0,8,4,0,12,0,0,1,0,1,0,8,5,0,13,0,0,0,13
11/25/2013,ACT,TX,ASW,CE,Combined TRACON& Tower with Radar,0,11,5,0,16,0,0,0,0,0,0,11,5,0,16,0,0,0,16
11/26/2013,ACT,TX,ASW,CE,Combined TRACON& Tower with Radar,0,12,26,9,47,0,1,6,5,12,0,13,32,14,59,0,0,0,59
11/27/2013,ACT,TX,ASW,CE,Combined TRACON& Tower with Radar,0,13,19,4,36,0,2,41,1,44,0,15,60,5,80,7,0,7,87
11/28/2013,ACT,TX,ASW,CE,Combined TRACON& Tower with Radar,0,6,0,0,6,0,4,10,0,14,0,10,10,0,20,6,0,6,26
11/29/2013,ACT,TX,ASW,CE,Combined TRACON& Tower with Radar,0,8,9,0,17,0,7,23,0,30,0,15,32,0,47,42,0,42,89
11/30/2013,ACT,TX,ASW,CE,Combined TRACON& Tower with Radar,0,8,15,0,23,0,4,17,0,21,0,12,32,0,44,0,0,0,44
12/01/2013,ACT,TX,ASW,CE,Combined TRACON& Tower with Radar,0,12,34,0,46,0,0,22,1,23,0,12,56,1,69,6,0,6,75
12/02/2013,ACT,TX,ASW,CE,Combined TRACON& Tower with Radar,0,9,26,2,37,0,4,31,0,35,0,13,57,2,72,22,0,22,94
12/03/2013,ACT,TX,ASW,CE,Combined TRACON& Tower with Radar,0,12,37,37,86,0,3,49,0,52,0,15,86,37,138,20,0,20,158
12/04/2013,ACT,TX,ASW,CE,Combined TRACON& Tower with Radar,0,13,41,16,70,0,4,38,0,42,0,17,79,16,112,16,0,16,128
12/05/2013,ACT,TX,ASW,CE,Combined TRACON& Tower with Radar,0,9,24,6,39,0,1,1,0,2,0,10,25,6,41,0,0,0,41
12/06/2013,ACT,TX,ASW,CE,Combined TRACON& Tower with Radar,0,2,7,0,9,0,1,0,0,1,0,3,7,0,10,0,0,0,10
12/07/2013,ACT,TX,ASW,CE,Combined TRACON& Tower with Radar,0,8,16,0,24,0,0,2,0,2,0,8,18,0,26,0,0,0,26
12/08/2013,ACT,TX,ASW,CE,Combined TRACON& Tower with Radar,0,8,13,0,21,0,0,0,0,0,0,8,13,0,21,0,0,0,21
12/09/2013,ACT,TX,ASW,CE,Combined TRACON& Tower with Radar,0,7,11,2,20,0,0,0,0,0,0,7,11,2,20,0,0,0,20
12/10/2013,ACT,TX,ASW,CE,Combined TRACON& Tower with Radar,0,10,12,32,54,0,3,38,1,42,0,13,50,33,96,0,0,0,96
12/11/2013,ACT,TX,ASW,CE,Combined TRACON& Tower with Radar,0,20,24,32,76,0,0,20,0,20,0,20,44,32,96,4,0,4,100
12/12/2013,ACT,TX,ASW,CE,Combined TRACON& Tower with Radar,0,13,32,25,70,0,4,29,3,36,0,17,61,28,106,8,0,8,114
12/13/2013,ACT,TX,ASW,CE,Combined TRACON& Tower with Radar,2,13,35,33,83,0,0,1,0,1,2,13,36,33,84,2,0,2,86
12/14/2013,ACT,TX,ASW,CE,Combined TRACON& Tower with Radar,0,13,16,13,42,0,0,3,0,3,0,13,19,13,45,6,0,6,51
12/15/2013,ACT,TX,ASW,CE,Combined TRACON& Tower with Radar,0,12,22,5,39,0,7,27,1,35,0,19,49,6,74,18,0,18,92
12/16/2013,ACT,TX,ASW,CE,Combined TRACON& Tower with Radar,0,11,17,3,31,0,2,32,0,34,0,13,49,3,65,14,0,14,79
12/17/2013,ACT,TX,ASW,CE,Combined TRACON& Tower with Radar,0,10,30,36,76,0,4,39,1,44,0,14,69,37,120,30,0,30,150
12/18/2013,ACT,TX,ASW,CE,Combined TRACON& Tower with Radar,0,11,30,27,68,0,6,53,0,59,0,17,83,27,127,6,0,6,133
12/19/2013,ACT,TX,ASW,CE,Combined TRACON& Tower with Radar,0,13,29,39,81,0,0,16,0,16,0,13,45,39,97,14,0,14,111
12/20/2013,ACT,TX,ASW,CE,Combined TRACON& Tower with Radar,0,10,28,33,71,0,1,9,3,13,0,11,37,36,84,4,26,30,114
12/21/2013,ACT,TX,ASW,CE,Combined TRACON& Tower with Radar,0,13,3,0,16,0,4,4,0,8,0,17,7,0,24,10,0,10,34
12/22/2013,ACT,TX,ASW,CE,Combined TRACON& Tower with Radar,0,8,14,0,22,0,0,18,0,18,0,8,32,0,40,0,0,0,40
12/23/2013,ACT,TX,ASW,CE,Combined TRACON& Tower with Radar,0,11,22,0,33,0,4,19,0,23,0,15,41,0,56,8,0,8,64
12/24/2013,ACT,TX,ASW,CE,Combined TRACON& Tower with Radar,0,11,7,0,18,0,5,5,0,10,0,16,12,0,28,0,0,0,28
12/25/2013,ACT,TX,ASW,CE,Combined TRACON& Tower with Radar,0,8,1,0,9,0,2,5,0,7,0,10,6,0,16,2,0,2,18
12/26/2013,ACT,TX,ASW,CE,Combined TRACON& Tower with Radar,4,11,14,0,29,0,8,24,0,32,4,19,38,0,61,14,0,14,75
12/27/2013,ACT,TX,ASW,CE,Combined TRACON& Tower with Radar,0,10,9,0,19,0,11,43,0,54,0,21,52,0,73,10,0,10,83
12/28/2013,ACT,TX,ASW,CE,Combined TRACON& Tower with Radar,0,11,12,0,23,0,0,37,0,37,0,11,49,0,60,6,0,6,66
12/29/2013,ACT,TX,ASW,CE,Combined TRACON& Tower with Radar,0,9,16,0,25,0,2,5,0,7,0,11,21,0,32,0,0,0,32
12/30/2013,ACT,TX,ASW,CE,Combined TRACON& Tower with Radar,2,11,12,4,29,0,4,24,0,28,2,15,36,4,57,0,0,0,57
12/31/2013,ACT,TX,ASW,CE,Combined TRACON& Tower with Radar,0,9,12,0,21,0,3,21,1,25,0,12,33,1,46,4,0,4,50
01/01/2014,ACT,TX,ASW,CE,Combined TRACON& Tower with Radar,0,15,8,0,23,0,3,9,0,12,0,18,17,0,35,0,0,0,35
01/02/2014,ACT,TX,ASW,CE,Combined TRACON& Tower with Radar,6,11,10,12,39,0,1,6,4,11,6,12,16,16,50,6,0,6,56
01/03/2014,ACT,TX,ASW,CE,Combined TRACON& Tower with Radar,0,14,18,0,32,0,2,24,1,27,0,16,42,1,59,4,0,4,63
01/04/2014,ACT,TX,ASW,CE,Combined TRACON& Tower with Radar,0,10,14,1,25,0,0,21,1,22,0,10,35,2,47,0,0,0,47
01/05/2014,ACT,TX,ASW,CE,Combined TRACON& Tower with Radar,0,14,4,0,18,0,5,4,0,9,0,19,8,0,27,0,0,0,27
01/06/2014,ACT,TX,ASW,CE,Combined TRACON& Tower with Radar,0,11,21,4,36,0,0,14,0,14,0,11,35,4,50,0,0,0,50
01/07/2014,ACT,TX,ASW,CE,Combined TRACON& Tower with Radar,2,14,15,42,73,0,3,18,4,25,2,17,33,46,98,10,0,10,108
01/08/2014,ACT,TX,ASW,CE,Combined TRACON& Tower with Radar,0,10,13,18,41,0,0,0,0,0,0,10,13,18,41,0,0,0,41
01/09/2014,ACT,TX,ASW,CE,Combined TRACON& Tower with Radar,0,9,12,0,21,0,0,0,0,0,0,9,12,0,21,0,0,0,21
01/10/2014,ACT,TX,ASW,CE,Combined TRACON& Tower with Radar,0,14,42,74,130,0,4,9,0,13,0,18,51,74,143,4,22,26,169
01/11/2014,ACT,TX,ASW,CE,Combined TRACON& Tower with Radar,2,10,26,29,67,0,2,31,2,35,2,12,57,31,102,48,4,52,154
01/12/2014,ACT,TX,ASW,CE,Combined TRACON& Tower with Radar,0,15,20,15,50,0,1,18,1,20,0,16,38,16,70,12,0,12,82
01/13/2014,ACT,TX,ASW,CE,Combined TRACON& Tower with Radar,0,14,18,2,34,0,4,26,0,30,0,18,44,2,64,22,0,22,86
01/14/2014,ACT,TX,ASW,CE,Combined TRACON& Tower with Radar,0,12,26,21,59,0,9,25,1,35,0,21,51,22,94,8,0,8,102
01/15/2014,ACT,TX,ASW,CE,Combined TRACON& Tower with Radar,0,10,25,24,59,0,9,26,0,35,0,19,51,24,94,20,0,20,114
01/16/2014,ACT,TX,ASW,CE,Combined TRACON& Tower with Radar,0,13,32,32,77,0,4,38,1,43,0,17,70,33,120,38,0,38,158
01/17/2014,ACT,TX,ASW,CE,Combined TRACON& Tower with Radar,0,17,29,73,119,0,3,19,6,28,0,20,48,79,147,4,8,12,159
01/18/2014,ACT,TX,ASW,CE,Combined TRACON& Tower with Radar,0,14,22,10,46,0,3,38,0,41,0,17,60,10,87,2,0,2,89
01/19/2014,ACT,TX,ASW,CE,Combined TRACON& Tower with Radar,1,14,26,11,52,2,0,53,2,57,3,14,79,13,109,16,4,20,129
01/20/2014,ACT,TX,ASW,CE,Combined TRACON& Tower with Radar,1,10,32,4,47,0,4,44,2,50,1,14,76,6,97,38,0,38,135
01/21/2014,ACT,TX,ASW,CE,Combined TRACON& Tower with Radar,2,16,22,17,57,0,14,20,0,34,2,30,42,17,91,20,8,28,119
01/22/2014,ACT,TX,ASW,CE,Combined TRACON& Tower with Radar,0,22,35,43,100,0,12,38,2,52,0,34,73,45,152,12,4,16,168
01/23/2014,ACT,TX,ASW,CE,Combined TRACON& Tower with Radar,0,9,9,18,36,0,2,1,0,3,0,11,10,18,39,2,0,2,41
01/24/2014,ACT,TX,ASW,CE,Combined TRACON& Tower with Radar,2,14,53,20,89,0,2,14,0,16,2,16,67,20,105,2,0,2,107
01/25/2014,ACT,TX,ASW,CE,Combined TRACON& Tower with Radar,1,12,11,0,24,0,5,36,2,43,1,17,47,2,67,32,8,40,107
01/26/2014,ACT,TX,ASW,CE,Combined TRACON& Tower with Radar,0,14,21,0,35,0,4,36,0,40,0,18,57,0,75,10,0,10,85
01/27/2014,ACT,TX,ASW,CE,Combined TRACON& Tower with Radar,0,10,17,6,33,0,4,4,0,8,0,14,21,6,41,0,0,0,41
01/28/2014,ACT,TX,ASW,CE,Combined TRACON& Tower with Radar,1,14,15,22,52,0,2,18,0,20,1,16,33,22,72,36,0,36,108
01/29/2014,ACT,TX,ASW,CE,Combined TRACON& Tower with Radar,0,11,32,47,90,0,4,42,1,47,0,15,74,48,137,24,0,24,161
01/30/2014,ACT,TX,ASW,CE,Combined TRACON& Tower with Radar,0,17,33,40,90,0,0,12,0,12,0,17,45,40,102,8,0,8,110
01/31/2014,ACT,TX,ASW,CE,Combined TRACON& Tower with Radar,0,17,34,34,85,0,4,24,0,28,0,21,58,34,113,32,0,32,145
02/01/2014,ACT,TX,ASW,CE,Combined TRACON& Tower with Radar,0,11,28,2,41,0,0,9,0,9,0,11,37,2,50,14,0,14,64
02/02/2014,ACT,TX,ASW,CE,Combined TRACON& Tower with Radar,0,10,11,0,21,0,0,0,0,0,0,10,11,0,21,0,0,0,21
02/03/2014,ACT,TX,ASW,CE,Combined TRACON& Tower with Radar,1,15,20,36,72,0,0,1,0,1,1,15,21,36,73,0,12,12,85
02/04/2014,ACT,TX,ASW,CE,Combined TRACON& Tower with Radar,0,14,38,19,71,0,0,7,0,7,0,14,45,19,78,20,0,20,98
02/05/2014,ACT,TX,ASW,CE,Combined TRACON& Tower with Radar,1,23,25,28,77,0,0,18,0,18,1,23,43,28,95,24,0,24,119
02/06/2014,ACT,TX,ASW,CE,Combined TRACON& Tower with Radar,0,5,15,4,24,0,0,12,1,13,0,5,27,5,37,22,0,22,59
02/07/2014,ACT,TX,ASW,CE,Combined TRACON& Tower with Radar,0,18,33,12,63,0,0,5,0,5,0,18,38,12,68,2,0,2,70
02/08/2014,ACT,TX,ASW,CE,Combined TRACON& Tower with Radar,0,10,23,7,40,0,6,20,1,27,0,16,43,8,67,10,0,10,77
02/09/2014,ACT,TX,ASW,CE,Combined TRACON& Tower with Radar,0,13,30,4,47,0,7,22,0,29,0,20,52,4,76,36,0,36,112
02/10/2014,ACT,TX,ASW,CE,Combined TRACON& Tower with Radar,2,13,6,9,30,0,0,0,0,0,2,13,6,9,30,0,0,0,30
02/11/2014,ACT,TX,ASW,CE,Combined TRACON& Tower with Radar,0,10,8,0,18,0,0,0,0,0,0,10,8,0,18,0,0,0,18
02/12/2014,ACT,TX,ASW,CE,Combined TRACON& Tower with Radar,0,12,47,34,93,0,3,24,0,27,0,15,71,34,120,30,0,30,150
02/13/2014,ACT,TX,ASW,CE,Combined TRACON& Tower with Radar,2,12,35,48,97,0,1,52,0,53,2,13,87,48,150,32,0,32,182
02/14/2014,ACT,TX,ASW,CE,Combined TRACON& Tower with Radar,2,12,38,56,108,0,0,36,0,36,2,12,74,56,144,8,0,8,152
02/15/2014,ACT,TX,ASW,CE,Combined TRACON& Tower with Radar,0,14,18,4,36,0,1,43,0,44,0,15,61,4,80,26,0,26,106
02/16/2014,ACT,TX,ASW,CE,Combined TRACON& Tower with Radar,0,13,26,0,39,0,0,16,0,16,0,13,42,0,55,4,0,4,59
02/17/2014,ACT,TX,ASW,CE,Combined TRACON& Tower with Radar,0,21,35,0,56,0,4,23,0,27,0,25,58,0,83,10,0,10,93
02/18/2014,ACT,TX,ASW,CE,Combined TRACON& Tower with Radar,0,20,36,16,72,0,2,29,0,31,0,22,65,16,103,20,20,40,143
02/19/2014,ACT,TX,ASW,CE,Combined TRACON& Tower with Radar,0,16,28,24,68,0,2,25,0,27,0,18,53,24,95,12,0,12,107
02/20/2014,ACT,TX,ASW,CE,Combined TRACON& Tower with Radar,0,11,33,32,76,0,1,14,2,17,0,12,47,34,93,2,0,2,95
02/21/2014,ACT,TX,ASW,CE,Combined TRACON& Tower with Radar,2,14,37,31,84,0,3,86,1,90,2,17,123,32,174,26,0,26,200
02/22/2014,ACT,TX,ASW,CE,Combined TRACON& Tower with Radar,2,9,30,20,61,0,0,41,0,41,2,9,71,20,102,12,0,12,114
02/23/2014,ACT,TX,ASW,CE,Combined TRACON& Tower with Radar,0,16,25,0,41,0,1,24,0,25,0,17,49,0,66,14,0,14,80
02/24/2014,ACT,TX,ASW,CE,Combined TRACON& Tower with Radar,0,13,41,14,68,0,1,9,0,10,0,14,50,14,78,0,0,0,78
02/25/2014,ACT,TX,ASW,CE,Combined TRACON& Tower with Radar,0,13,9,6,28,0,1,3,0,4,0,14,12,6,32,0,0,0,32
02/26/2014,ACT,TX,ASW,CE,Combined TRACON& Tower with Radar,0,14,17,33,64,0,0,16,1,17,0,14,33,34,81,10,14,24,105
02/27/2014,ACT,TX,ASW,CE,Combined TRACON& Tower with Radar,0,17,40,18,75,0,4,57,0,61,0,21,97,18,136,46,6,52,188
02/28/2014,ACT,TX,ASW,CE,Combined TRACON& Tower with Radar,0,11,48,33,92,0,6,44,2,52,0,17,92,35,144,0,0,0,144
03/01/2014,ACT,TX,ASW,CE,Combined TRACON& Tower with Radar,2,11,25,21,59,0,0,13,1,14,2,11,38,22,73,22,2,24,97
03/02/2014,ACT,TX,ASW,CE,Combined TRACON& Tower with Radar,0,5,9,0,14,0,0,2,0,2,0,5,11,0,16,4,0,4,20
03/03/2014,ACT,TX,ASW,CE,Combined TRACON& Tower with Radar,0,16,19,14,49,0,2,27,0,29,0,18,46,14,78,0,0,0,78
03/04/2014,ACT,TX,ASW,CE,Combined TRACON& Tower with Radar,0,11,38,23,72,0,2,34,1,37,0,13,72,24,109,12,0,12,121
03/05/2014,ACT,TX,ASW,CE,Combined TRACON& Tower with Radar,0,10,36,27,73,0,0,14,0,14,0,10,50,27,87,8,0,8,95
03/06/2014,ACT,TX,ASW,CE,Combined TRACON& Tower with Radar,0,14,41,23,78,0,2,35,0,37,0,16,76,23,115,8,4,12,127
03/07/2014,ACT,TX,ASW,CE,Combined TRACON& Tower with Radar,1,16,48,46,111,0,4,42,10,56,1,20,90,56,167,16,20,36,203
03/08/2014,ACT,TX,ASW,CE,Combined TRACON& Tower with Radar,1,8,15,1,25,0,0,0,0,0,1,8,15,1,25,0,0,0,25
03/09/2014,ACT,TX,ASW,CE,Combined TRACON& Tower with Radar,0,10,10,0,20,0,0,9,0,9,0,10,19,0,29,6,0,6,35
03/10/2014,ACT,TX,ASW,CE,Combined TRACON& Tower with Radar,0,14,28,2,44,0,0,22,0,22,0,14,50,2,66,12,0,12,78
03/11/2014,ACT,TX,ASW,CE,Combined TRACON& Tower with Radar,1,18,36,35,90,0,0,30,0,30,1,18,66,35,120,6,0,6,126
03/12/2014,ACT,TX,ASW,CE,Combined TRACON& Tower with Radar,0,10,15,25,50,0,6,11,1,18,0,16,26,26,68,6,0,6,74
03/13/2014,ACT,TX,ASW,CE,Combined TRACON& Tower with Radar,0,12,23,31,66,0,0,37,1,38,0,12,60,32,104,0,0,0,104
03/14/2014,ACT,TX,ASW,CE,Combined TRACON& Tower with Radar,0,14,38,14,66,0,0,24,0,24,0,14,62,14,90,4,0,4,94
03/15/2014,ACT,TX,ASW,CE,Combined TRACON& Tower with Radar,0,9,12,1,22,0,2,1,0,3,0,11,13,1,25,0,0,0,25
03/16/2014,ACT,TX,ASW,CE,Combined TRACON& Tower with Radar,0,10,23,2,35,0,0,2,0,2,0,10,25,2,37,0,0,0,37
03/17/2014,ACT,TX,ASW,CE,Combined TRACON& Tower with Radar,0,12,26,6,44,0,0,38,0,38,0,12,64,6,82,28,0,28,110
03/18/2014,ACT,TX,ASW,CE,Combined TRACON& Tower with Radar,0,13,19,33,65,0,2,41,0,43,0,15,60,33,108,0,0,0,108
03/19/2014,ACT,TX,ASW,CE,Combined TRACON& Tower with Radar,0,12,24,17,53,0,4,43,0,47,0,16,67,17,100,20,0,20,120
03/20/2014,ACT,TX,ASW,CE,Combined TRACON& Tower with Radar,5,14,43,40,102,0,6,57,3,66,5,20,100,43,168,6,0,6,174
03/21/2014,ACT,TX,ASW,CE,Combined TRACON& Tower with Radar,3,14,44,66,127,0,4,39,2,45,3,18,83,68,172,8,0,8,180
03/22/2014,ACT,TX,ASW,CE,Combined TRACON& Tower with Radar,3,13,16,0,32,0,0,0,0,0,3,13,16,0,32,0,0,0,32
03/23/2014,ACT,TX,ASW,CE,Combined TRACON& Tower with Radar,1,10,19,3,33,0,0,0,0,0,1,10,19,3,33,0,0,0,33
03/24/2014,ACT,TX,ASW,CE,Combined TRACON& Tower with Radar,2,11,52,7,72,0,3,36,1,40,2,14,88,8,112,18,0,18,130
03/25/2014,ACT,TX,ASW,CE,Combined TRACON& Tower with Radar,2,11,29,20,62,0,0,31,0,31,2,11,60,20,93,0,0,0,93
03/26/2014,ACT,TX,ASW,CE,Combined TRACON& Tower with Radar,0,16,15,37,68,0,1,10,3,14,0,17,25,40,82,34,0,34,116
03/27/2014,ACT,TX,ASW,CE,Combined TRACON& Tower with Radar,2,14,33,15,64,0,0,16,0,16,2,14,49,15,80,0,0,0,80
03/28/2014,ACT,TX,ASW,CE,Combined TRACON& Tower with Radar,4,10,23,29,66,0,0,12,4,16,4,10,35,33,82,18,6,24,106
03/29/2014,ACT,TX,ASW,CE,Combined TRACON& Tower with Radar,0,10,21,16,47,0,2,40,0,42,0,12,61,16,89,4,2,6,95
03/30/2014,ACT,TX,ASW,CE,Combined TRACON& Tower with Radar,0,12,22,26,60,0,2,20,2,24,0,14,42,28,84,18,0,18,102
03/31/2014,ACT,TX,ASW,CE,Combined TRACON& Tower with Radar,0,12,34,5,51,0,0,20,0,20,0,12,54,5,71,26,0,26,97
04/01/2014,ACT,TX,ASW,CE,Combined TRACON& Tower with Radar,0,11,28,35,74,0,4,24,0,28,0,15,52,35,102,14,4,18,120
04/02/2014,ACT,TX,ASW,CE,Combined TRACON& Tower with Radar,0,17,48,20,85,0,2,18,0,20,0,19,66,20,105,12,0,12,117
04/03/2014,ACT,TX,ASW,CE,Combined TRACON& Tower with Radar,0,14,20,41,75,0,0,9,0,9,0,14,29,41,84,16,4,20,104
04/04/2014,ACT,TX,ASW,CE,Combined TRACON& Tower with Radar,0,11,37,27,75,0,3,44,3,50,0,14,81,30,125,64,10,74,199
04/05/2014,ACT,TX,ASW,CE,Combined TRACON& Tower with Radar,0,7,23,29,59,0,0,27,2,29,0,7,50,31,88,24,10,34,122
04/06/2014,ACT,TX,ASW,CE,Combined TRACON& Tower with Radar,0,5,7,0,12,0,0,1,0,1,0,5,8,0,13,0,0,0,13
04/07/2014,ACT,TX,ASW,CE,Combined TRACON& Tower with Radar,0,12,33,2,47,0,0,18,0,18,0,12,51,2,65,8,0,8,73
04/08/2014,ACT,TX,ASW,CE,Combined TRACON& Tower with Radar,0,10,15,20,45,0,2,18,1,21,0,12,33,21,66,8,0,8,74
04/09/2014,ACT,TX,ASW,CE,Combined TRACON& Tower with Radar,0,13,34,31,78,0,2,44,0,46,0,15,78,31,124,10,6,16,140
04/10/2014,ACT,TX,ASW,CE,Combined TRACON& Tower with Radar,0,12,19,47,78,0,4,27,1,32,0,16,46,48,110,12,26,38,148
04/11/2014,ACT,TX,ASW,CE,Combined TRACON& Tower with Radar,0,15,43,23,81,0,2,34,0,36,0,17,77,23,117,16,0,16,133
04/12/2014,ACT,TX,ASW,CE,Combined TRACON& Tower with Radar,0,8,26,19,53,0,1,8,3,12,0,9,34,22,65,18,12,30,95
04/13/2014,ACT,TX,ASW,CE,Combined TRACON& Tower with Radar,0,12,10,2,24,0,1,0,0,1,0,13,10,2,25,0,0,0,25
04/14/2014,ACT,TX,ASW,CE,Combined TRACON& Tower with Radar,0,10,17,11,38,0,0,10,0,10,0,10,27,11,48,0,0,0,48
04/15/2014,ACT,TX,ASW,CE,Combined TRACON& Tower with Radar,0,10,39,22,71,0,7,53,0,60,0,17,92,22,131,11,0,11,142
04/16/2014,ACT,TX,ASW,CE,Combined TRACON& Tower with Radar,0,11,14,34,59,0,0,31,3,34,0,11,45,37,93,10,8,18,111
04/17/2014,ACT,TX,ASW,CE,Combined TRACON& Tower with Radar,0,14,68,37,119,0,0,4,0,4,0,14,72,37,123,0,0,0,123
04/18/2014,ACT,TX,ASW,CE,Combined TRACON& Tower with Radar,0,10,34,39,83,0,4,46,0,50,0,14,80,39,133,12,26,38,171
04/19/2014,ACT,TX,ASW,CE,Combined TRACON& Tower with Radar,0,11,19,1,31,0,2,44,0,46,0,13,63,1,77,6,0,6,83
04/20/2014,ACT,TX,ASW,CE,Combined TRACON& Tower with Radar,0,13,10,0,23,0,0,4,0,4,0,13,14,0,27,0,0,0,27
04/21/2014,ACT,TX,ASW,CE,Combined TRACON& Tower with Radar,0,13,26,4,43,0,2,8,0,10,0,15,34,4,53,8,0,8,61
04/22/2014,ACT,TX,ASW,CE,Combined TRACON& Tower with Radar,0,24,45,31,100,0,2,45,0,47,0,26,90,31,147,18,0,18,165
04/23/2014,ACT,TX,ASW,CE,Combined TRACON& Tower with Radar,0,12,46,28,86,0,5,47,0,52,0,17,93,28,138,20,12,32,170
04/24/2014,ACT,TX,ASW,CE,Combined TRACON& Tower with Radar,0,17,43,38,98,0,0,27,4,31,0,17,70,42,129,30,6,36,165
04/25/2014,ACT,TX,ASW,CE,Combined TRACON& Tower with Radar,0,13,39,20,72,0,3,44,0,47,0,16,83,20,119,0,0,0,119
04/26/2014,ACT,TX,ASW,CE,Combined TRACON& Tower with Radar,0,9,29,11,49,0,0,0,0,0,0,9,29,11,49,6,0,6,55
04/27/2014,ACT,TX,ASW,CE,Combined TRACON& Tower with Radar,0,16,12,20,48,0,0,9,2,11,0,16,21,22,59,0,20,20,79
04/28/2014,ACT,TX,ASW,CE,Combined TRACON& Tower with Radar,0,11,31,4,46,0,0,38,0,38,0,11,69,4,84,20,0,20,104
04/29/2014,ACT,TX,ASW,CE,Combined TRACON& Tower with Radar,0,12,29,18,59,0,3,22,1,26,0,15,51,19,85,24,0,24,109
04/30/2014,ACT,TX,ASW,CE,Combined TRACON& Tower with Radar,0,10,46,22,78,0,6,24,0,30,0,16,70,22,108,16,0,16,124
05/01/2014,ACT,TX,ASW,CE,Combined TRACON& Tower with Radar,0,14,33,28,75,0,6,37,0,43,0,20,70,28,118,12,0,12,130
05/02/2014,ACT,TX,ASW,CE,Combined TRACON& Tower with Radar,0,17,34,65,116,0,0,29,4,33,0,17,63,69,149,4,22,26,175
05/03/2014,ACT,TX,ASW,CE,Combined TRACON& Tower with Radar,0,12,43,4,59,0,2,46,1,49,0,14,89,5,108,48,0,48,156
05/04/2014,ACT,TX,ASW,CE,Combined TRACON& Tower with Radar,0,14,24,0,38,0,2,33,0,35,0,16,57,0,73,12,0,12,85
05/05/2014,ACT,TX,ASW,CE,Combined TRACON& Tower with Radar,0,13,39,31,83,0,0,43,0,43,0,13,82,31,126,36,0,36,162
05/06/2014,ACT,TX,ASW,CE,Combined TRACON& Tower with Radar,0,12,29,20,61,0,4,24,0,28,0,16,53,20,89,12,0,12,101
05/07/2014,ACT,TX,ASW,CE,Combined TRACON& Tower with Radar,0,14,30,26,70,0,7,12,0,19,0,21,42,26,89,0,0,0,89
05/08/2014,ACT,TX,ASW,CE,Combined TRACON& Tower with Radar,2,6,18,6,32,0,0,1,0,1,2,6,19,6,33,2,0,2,35
05/09/2014,ACT,TX,ASW,CE,Combined TRACON& Tower with Radar,0,16,23,11,50,0,4,22,0,26,0,20,45,11,76,4,0,4,80
05/10/2014,ACT,TX,ASW,CE,Combined TRACON& Tower with Radar,0,11,29,10,50,0,0,34,1,35,0,11,63,11,85,6,0,6,91
05/11/2014,ACT,TX,ASW,CE,Combined TRACON& Tower with Radar,0,11,28,6,45,0,0,11,0,11,0,11,39,6,56,0,0,0,56
05/12/2014,ACT,TX,ASW,CE,Combined TRACON& Tower with Radar,0,4,9,0,13,0,2,3,0,5,0,6,12,0,18,0,0,0,18
05/13/2014,ACT,TX,ASW,CE,Combined TRACON& Tower with Radar,0,13,47,24,84,0,0,18,0,18,0,13,65,24,102,18,0,18,120
05/14/2014,ACT,TX,ASW,CE,Combined TRACON& Tower with Radar,0,16,40,29,85,0,9,32,0,41,0,25,72,29,126,6,0,6,132
05/15/2014,ACT,TX,ASW,CE,Combined TRACON& Tower with Radar,0,11,56,26,93,0,4,46,0,50,0,15,102,26,143,30,0,30,173
05/16/2014,ACT,TX,ASW,CE,Combined TRACON& Tower with Radar,0,11,31,53,95,0,8,36,4,48,0,19,67,57,143,28,0,28,171
05/17/2014,ACT,TX,ASW,CE,Combined TRACON& Tower with Radar,0,8,25,17,50,0,2,23,0,25,0,10,48,17,75,8,0,8,83
05/18/2014,ACT,TX,ASW,CE,Combined TRACON& Tower with Radar,0,10,28,2,40,0,0,30,3,33,0,10,58,5,73,4,0,4,77
05/19/2014,ACT,TX,ASW,CE,Combined TRACON& Tower with Radar,0,11,45,29,85,0,2,6,3,11,0,13,51,32,96,7,0,7,103
05/20/2014,ACT,TX,ASW,CE,Combined TRACON& Tower with Radar,0,12,48,23,83,0,1,27,0,28,0,13,75,23,111,37,0,37,148
05/21/2014,ACT,TX,ASW,CE,Combined TRACON& Tower with Radar,0,12,66,60,138,0,0,38,10,48,0,12,104,70,186,14,4,18,204
05/22/2014,ACT,TX,ASW,CE,Combined TRACON& Tower with Radar,0,11,37,13,61,0,2,29,1,32,0,13,66,14,93,6,0,6,99
05/23/2014,ACT,TX,ASW,CE,Combined TRACON& Tower with Radar,0,11,57,1,69,0,2,37,2,41,0,13,94,3,110,14,0,14,124
05/24/2014,ACT,TX,ASW,CE,Combined TRACON& Tower with Radar,0,8,23,7,38,0,0,24,1,25,0,8,47,8,63,22,0,22,85
05/25/2014,ACT,TX,ASW,CE,Combined TRACON& Tower with Radar,0,7,4,0,11,0,0,8,0,8,0,7,12,0,19,0,0,0,19
05/26/2014,ACT,TX,ASW,CE,Combined TRACON& Tower with Radar,0,10,25,10,45,0,1,16,0,17,0,11,41,10,62,0,0,0,62
05/27/2014,ACT,TX,ASW,CE,Combined TRACON& Tower with Radar,0,15,20,0,35,0,2,4,0,6,0,17,24,0,41,26,0,26,67
05/28/2014,ACT,TX,ASW,CE,Combined TRACON& Tower with Radar,0,12,54,10,76,0,3,19,0,22,0,15,73,10,98,22,0,22,120
05/29/2014,ACT,TX,ASW,CE,Combined TRACON& Tower with Radar,0,10,41,22,73,0,2,42,0,44,0,12,83,22,117,14,0,14,131
05/30/2014,ACT,TX,ASW,CE,Combined TRACON& Tower with Radar,0,10,31,33,74,0,4,43,2,49,0,14,74,35,123,30,0,30,153
05/31/2014,ACT,TX,ASW,CE,Combined TRACON& Tower with Radar,0,8,22,0,30,0,4,11,0,15,0,12,33,0,45,8,0,8,53
06/01/2014,ACT,TX,ASW,CE,Combined TRACON& Tower with Radar,0,13,17,5,35,0,0,14,0,14,0,13,31,5,49,2,0,2,51
06/02/2014,ACT,TX,ASW,CE,Combined TRACON& Tower with Radar,0,14,34,4,52,0,2,25,0,27,0,16,59,4,79,2,2,4,83
06/03/2014,ACT,TX,ASW,CE,Combined TRACON& Tower with Radar,0,11,35,7,53,0,0,36,0,36,0,11,71,7,89,5,0,5,94
06/04/2014,ACT,TX,ASW,CE,Combined TRACON& Tower with Radar,0,16,27,1,44,0,1,30,0,31,0,17,57,1,75,8,0,8,83
06/05/2014,ACT,TX,ASW,CE,Combined TRACON& Tower with Radar,0,10,23,30,63,0,0,29,0,29,0,10,52,30,92,12,0,12,104
06/06/2014,ACT,TX,ASW,CE,Combined TRACON& Tower with Radar,0,10,33,32,75,0,2,38,0,40,0,12,71,32,115,8,0,8,123
06/07/2014,ACT,TX,ASW,CE,Combined TRACON& Tower with Radar,0,8,17,10,35,0,2,31,2,35,0,10,48,12,70,12,2,14,84
06/08/2014,ACT,TX,ASW,CE,Combined TRACON& Tower with Radar,0,12,14,4,30,0,0,5,0,5,0,12,19,4,35,18,0,18,53
06/09/2014,ACT,TX,ASW,CE,Combined TRACON& Tower with Radar,0,8,22,0,30,0,0,11,0,11,0,8,33,0,41,0,0,0,41
06/10/2014,ACT,TX,ASW,CE,Combined TRACON& Tower with Radar,0,13,39,20,72,0,2,60,0,62,0,15,99,20,134,12,2,14,148
06/11/2014,ACT,TX,ASW,CE,Combined TRACON& Tower with Radar,0,12,33,40,85,0,2,46,0,48,0,14,79,40,133,2,0,2,135
06/12/2014,ACT,TX,ASW,CE,Combined TRACON& Tower with Radar,0,11,18,4,33,0,0,16,0,16,0,11,34,4,49,12,0,12,61
06/13/2014,ACT,TX,ASW,CE,Combined TRACON& Tower with Radar,0,9,35,49,93,0,3,35,0,38,0,12,70,49,131,10,0,10,141
06/14/2014,ACT,TX,ASW,CE,Combined TRACON& Tower with Radar,0,9,16,18,43,0,0,20,3,23,0,9,36,21,66,8,4,12,78
06/15/2014,ACT,TX,ASW,CE,Combined TRACON& Tower with Radar,0,15,22,0,37,0,2,23,0,25,0,17,45,0,62,4,0,4,66
06/16/2014,ACT,TX,ASW,CE,Combined TRACON& Tower with Radar,0,12,19,2,33,0,0,7,0,7,0,12,26,2,40,2,0,2,42
06/17/2014,ACT,TX,ASW,CE,Combined TRACON& Tower with Radar,2,10,29,19,60,0,2,28,0,30,2,12,57,19,90,6,0,6,96
06/18/2014,ACT,TX,ASW,CE,Combined TRACON& Tower with Radar,0,15,42,18,75,0,3,19,1,23,0,18,61,19,98,30,0,30,128
06/19/2014,ACT,TX,ASW,CE,Combined TRACON& Tower with Radar,0,13,33,17,63,0,2,23,1,26,0,15,56,18,89,14,0,14,103
06/20/2014,ACT,TX,ASW,CE,Combined TRACON& Tower with Radar,2,10,24,24,60,0,5,41,0,46,2,15,65,24,106,20,0,20,126
06/21/2014,ACT,TX,ASW,CE,Combined TRACON& Tower with Radar,0,9,26,0,35,0,0,16,0,16,0,9,42,0,51,2,0,2,53
06/22/2014,ACT,TX,ASW,CE,Combined TRACON& Tower with Radar,0,9,8,0,17,0,1,10,0,11,0,10,18,0,28,0,0,0,28
06/23/2014,ACT,TX,ASW,CE,Combined TRACON& Tower with Radar,0,9,13,0,22,0,3,10,0,13,0,12,23,0,35,16,0,16,51
06/24/2014,ACT,TX,ASW,CE,Combined TRACON& Tower with Radar,0,10,16,12,38,0,4,9,0,13,0,14,25,12,51,10,0,10,61
06/25/2014,ACT,TX,ASW,CE,Combined TRACON& Tower with Radar,0,11,17,6,34,0,0,1,0,1,0,11,18,6,35,0,0,0,35
06/26/2014,ACT,TX,ASW,CE,Combined TRACON& Tower with Radar,0,22,31,12,65,0,3,18,0,21,0,25,49,12,86,2,0,2,88
06/27/2014,ACT,TX,ASW,CE,Combined TRACON& Tower with Radar,0,13,35,10,58,0,5,18,3,26,0,18,53,13,84,12,8,20,104
06/28/2014,ACT,TX,ASW,CE,Combined TRACON& Tower with Radar,0,9,33,13,55,0,2,11,0,13,0,11,44,13,68,0,0,0,68
06/29/2014,ACT,TX,ASW,CE,Combined TRACON& Tower with Radar,0,12,9,1,22,0,0,12,0,12,0,12,21,1,34,4,0,4,38
06/30/2014,ACT,TX,ASW,CE,Combined TRACON& Tower with Radar,0,11,17,2,30,0,2,14,1,17,0,13,31,3,47,3,0,3,50
07/01/2014,ACT,TX,ASW,CE,Combined TRACON& Tower with Radar,0,12,22,2,36,0,4,30,0,34,0,16,52,2,70,38,0,38,108
07/02/2014,ACT,TX,ASW,CE,Combined TRACON& Tower with Radar,0,14,22,10,46,0,2,29,0,31,0,16,51,10,77,4,0,4,81
07/03/2014,ACT,TX,ASW,CE,Combined TRACON& Tower with Radar,0,10,18,2,30,0,1,16,0,17,0,11,34,2,47,6,0,6,53
07/04/2014,ACT,TX,ASW,CE,Combined TRACON& Tower with Radar,0,4,8,0,12,0,4,10,0,14,0,8,18,0,26,6,0,6,32
07/05/2014,ACT,TX,ASW,CE,Combined TRACON& Tower with Radar,0,15,6,0,21,0,5,26,0,31,0,20,32,0,52,2,0,2,54
07/06/2014,ACT,TX,ASW,CE,Combined TRACON& Tower with Radar,0,10,22,0,32,0,0,26,0,26,0,10,48,0,58,10,0,10,68
07/07/2014,ACT,TX,ASW,CE,Combined TRACON& Tower with Radar,1,14,25,2,42,0,4,43,0,47,1,18,68,2,89,6,0,6,95
07/08/2014,ACT,TX,ASW,CE,Combined TRACON& Tower with Radar,1,12,28,14,55,0,2,42,0,44,1,14,70,14,99,20,0,20,119
07/09/2014,ACT,TX,ASW,CE,Combined TRACON& Tower with Radar,0,10,24,38,72,0,3,30,4,37,0,13,54,42,109,0,0,0,109
07/10/2014,ACT,TX,ASW,CE,Combined TRACON& Tower with Radar,0,10,17,26,53,0,4,38,0,42,0,14,55,26,95,20,0,20,115
07/11/2014,ACT,TX,ASW,CE,Combined TRACON& Tower with Radar,2,10,17,61,90,0,4,34,8,46,2,14,51,69,136,10,12,22,158
07/12/2014,ACT,TX,ASW,CE,Combined TRACON& Tower with Radar,0,10,11,51,72,0,2,25,31,58,0,12,36,82,130,40,34,74,204
07/13/2014,ACT,TX,ASW,CE,Combined TRACON& Tower with Radar,0,12,10,6,28,0,0,16,0,16,0,12,26,6,44,8,0,8,52
07/14/2014,ACT,TX,ASW,CE,Combined TRACON& Tower with Radar,0,13,27,24,64,0,0,33,1,34,0,13,60,25,98,10,0,10,108
07/15/2014,ACT,TX,ASW,CE,Combined TRACON& Tower with Radar,0,15,32,18,65,0,0,24,0,24,0,15,56,18,89,12,2,14,103
07/16/2014,ACT,TX,ASW,CE,Combined TRACON& Tower with Radar,0,10,27,28,65,0,0,19,0,19,0,10,46,28,84,2,0,2,86
07/17/2014,ACT,TX,ASW,CE,Combined TRACON& Tower with Radar,0,7,27,0,34,0,0,3,0,3,0,7,30,0,37,0,0,0,37
07/18/2014,ACT,TX,ASW,CE,Combined TRACON& Tower with Radar,0,12,42,48,102,0,0,5,2,7,0,12,47,50,109,1,0,1,110
07/19/2014,ACT,TX,ASW,CE,Combined TRACON& Tower with Radar,0,10,29,43,82,0,0,14,10,24,0,10,43,53,106,0,20,20,126
07/20/2014,ACT,TX,ASW,CE,Combined TRACON& Tower with Radar,0,11,21,9,41,0,2,14,0,16,0,13,35,9,57,8,0,8,65
07/21/2014,ACT,TX,ASW,CE,Combined TRACON& Tower with Radar,0,12,36,6,54,0,4,30,0,34,0,16,66,6,88,18,0,18,106
07/22/2014,ACT,TX,ASW,CE,Combined TRACON& Tower with Radar,0,14,25,0,39,0,2,54,0,56,0,16,79,0,95,32,0,32,127
07/23/2014,ACT,TX,ASW,CE,Combined TRACON& Tower with Radar,0,10,27,3,40,0,0,20,0,20,0,10,47,3,60,0,0,0,60
07/24/2014,ACT,TX,ASW,CE,Combined TRACON& Tower with Radar,0,11,22,6,39,0,6,27,2,35,0,17,49,8,74,14,0,14,88
07/25/2014,ACT,TX,ASW,CE,Combined TRACON& Tower with Radar,0,10,35,11,56,0,7,48,6,61,0,17,83,17,117,6,20,26,143
07/26/2014,ACT,TX,ASW,CE,Combined TRACON& Tower with Radar,0,8,23,0,31,0,0,16,0,16,0,8,39,0,47,2,0,2,49
07/27/2014,ACT,TX,ASW,CE,Combined TRACON& Tower with Radar,0,10,17,0,27,0,0,24,0,24,0,10,41,0,51,0,0,0,51
07/28/2014,ACT,TX,ASW,CE,Combined TRACON& Tower with Radar,0,8,15,3,26,0,8,19,2,29,0,16,34,5,55,22,0,22,77
07/29/2014,ACT,TX,ASW,CE,Combined TRACON& Tower with Radar,0,12,28,16,56,0,10,27,1,38,0,22,55,17,94,0,8,8,102
07/30/2014,ACT,TX,ASW,CE,Combined TRACON& Tower with Radar,0,16,14,7,37,0,2,15,0,17,0,18,29,7,54,0,0,0,54
07/31/2014,ACT,TX,ASW,CE,Combined TRACON& Tower with Radar,0,8,30,27,65,0,0,23,0,23,0,8,53,27,88,6,6,12,100
08/01/2014,ACT,TX,ASW,CE,Combined TRACON& Tower with Radar,0,13,40,2,55,0,7,17,0,24,0,20,57,2,79,24,0,24,103
08/02/2014,ACT,TX,ASW,CE,Combined TRACON& Tower with Radar,0,8,15,9,32,0,9,34,10,53,0,17,49,19,85,34,0,34,119
08/03/2014,ACT,TX,ASW,CE,Combined TRACON& Tower with Radar,0,10,15,1,26,0,3,44,0,47,0,13,59,1,73,28,0,28,101
08/04/2014,ACT,TX,ASW,CE,Combined TRACON& Tower with Radar,0,14,6,23,43,0,0,33,0,33,0,14,39,23,76,2,0,2,78
08/05/2014,ACT,TX,ASW,CE,Combined TRACON& Tower with Radar,0,14,11,19,44,0,2,30,0,32,0,16,41,19,76,0,2,2,78
08/06/2014,ACT,TX,ASW,CE,Combined TRACON& Tower with Radar,0,10,21,24,55,0,2,33,0,35,0,12,54,24,90,4,0,4,94
08/07/2014,ACT,TX,ASW,CE,Combined TRACON& Tower with Radar,0,11,22,33,66,0,6,28,0,34,0,17,50,33,100,8,0,8,108
08/08/2014,ACT,TX,ASW,CE,Combined TRACON& Tower with Radar,2,14,24,42,82,0,4,41,0,45,2,18,65,42,127,48,12,60,187
08/09/2014,ACT,TX,ASW,CE,Combined TRACON& Tower with Radar,0,10,7,37,54,0,2,25,1,28,0,12,32,38,82,18,0,18,100
08/10/2014,ACT,TX,ASW,CE,Combined TRACON& Tower with Radar,2,18,13,0,33,0,0,20,0,20,2,18,33,0,53,14,0,14,67
08/11/2014,ACT,TX,ASW,CE,Combined TRACON& Tower with Radar,0,10,18,19,47,0,1,13,0,14,0,11,31,19,61,10,0,10,71
08/12/2014,ACT,TX,ASW,CE,Combined TRACON& Tower with Radar,0,10,36,28,74,0,1,26,4,31,0,11,62,32,105,8,0,8,113
08/13/2014,ACT,TX,ASW,CE,Combined TRACON& Tower with Radar,0,13,12,8,33,0,1,33,0,34,0,14,45,8,67,4,0,4,71
08/14/2014,ACT,TX,ASW,CE,Combined TRACON& Tower with Radar,0,11,22,17,50,0,2,39,2,43,0,13,61,19,93,12,20,32,125
08/15/2014,ACT,TX,ASW,CE,Combined TRACON& Tower with Radar,0,12,25,5,42,0,2,27,1,30,0,14,52,6,72,0,0,0,72
08/16/2014,ACT,TX,ASW,CE,Combined TRACON& Tower with Radar,0,12,12,0,24,0,1,33,0,34,0,13,45,0,58,2,0,2,60
08/17/2014,ACT,TX,ASW,CE,Combined TRACON& Tower with Radar,0,10,8,2,20,0,0,6,0,6,0,10,14,2,26,0,0,0,26
08/18/2014,ACT,TX,ASW,CE,Combined TRACON& Tower with Radar,0,10,28,1,39,0,2,32,0,34,0,12,60,1,73,14,0,14,87
08/19/2014,ACT,TX,ASW,CE,Combined TRACON& Tower with Radar,0,10,32,2,44,0,2,25,4,31,0,12,57,6,75,2,0,2,77
08/20/2014,ACT,TX,ASW,CE,Combined TRACON& Tower with Radar,0,15,45,23,83,0,0,29,4,33,0,15,74,27,116,14,0,14,130
08/21/2014,ACT,TX,ASW,CE,Combined TRACON& Tower with Radar,0,13,31,9,53,0,2,26,1,29,0,15,57,10,82,0,0,0,82
08/22/2014,ACT,TX,ASW,CE,Combined TRACON& Tower with Radar,0,12,24,9,45,0,6,30,1,37,0,18,54,10,82,0,0,0,82
08/23/2014,ACT,TX,ASW,CE,Combined TRACON& Tower with Radar,0,10,24,2,36,0,0,28,2,30,0,10,52,4,66,10,0,10,76
08/24/2014,ACT,TX,ASW,CE,Combined TRACON& Tower with Radar,0,12,10,4,26,0,0,35,0,35,0,12,45,4,61,20,0,20,81
08/25/2014,ACT,TX,ASW,CE,Combined TRACON& Tower with Radar,0,10,11,21,42,0,4,22,2,28,0,14,33,23,70,16,10,26,96
08/26/2014,ACT,TX,ASW,CE,Combined TRACON& Tower with Radar,0,10,28,10,48,0,4,30,0,34,0,14,58,10,82,14,0,14,96
08/27/2014,ACT,TX,ASW,CE,Combined TRACON& Tower with Radar,0,10,21,5,36,0,3,26,0,29,0,13,47,5,65,16,0,16,81
08/28/2014,ACT,TX,ASW,CE,Combined TRACON& Tower with Radar,0,19,20,14,53,0,2,26,0,28,0,21,46,14,81,16,0,16,97
08/29/2014,ACT,TX,ASW,CE,Combined TRACON& Tower with Radar,0,10,31,6,47,0,6,24,0,30,0,16,55,6,77,54,0,54,131
08/30/2014,ACT,TX,ASW,CE,Combined TRACON& Tower with Radar,0,7,31,0,38,0,1,11,0,12,0,8,42,0,50,0,0,0,50
08/31/2014,ACT,TX,ASW,CE,Combined TRACON& Tower with Radar,0,7,48,0,55,0,4,28,0,32,0,11,76,0,87,0,0,0,87
09/01/2014,ACT,TX,ASW,CE,Combined TRACON& Tower with Radar,0,13,30,0,43,0,0,21,0,21,0,13,51,0,64,12,0,12,76
09/02/2014,ACT,TX,ASW,CE,Combined TRACON& Tower with Radar,0,14,22,12,48,0,0,12,0,12,0,14,34,12,60,6,0,6,66
09/03/2014,ACT,TX,ASW,CE,Combined TRACON& Tower with Radar,0,15,34,17,66,0,5,36,0,41,0,20,70,17,107,10,0,10,117
09/04/2014,ACT,TX,ASW,CE,Combined TRACON& Tower with Radar,0,39,22,9,70,0,5,14,0,19,0,44,36,9,89,10,0,10,99
09/05/2014,ACT,TX,ASW,CE,Combined TRACON& Tower with Radar,0,10,34,79,123,0,2,29,15,46,0,12,63,94,169,16,0,16,185
09/06/2014,ACT,TX,ASW,CE,Combined TRACON& Tower with Radar,0,10,25,56,91,0,2,26,2,30,0,12,51,58,121,0,0,0,121
09/07/2014,ACT,TX,ASW,CE,Combined TRACON& Tower with Radar,0,12,18,4,34,0,0,13,0,13,0,12,31,4,47,6,0,6,53
09/08/2014,ACT,TX,ASW,CE,Combined TRACON& Tower with Radar,0,10,25,13,48,0,6,27,2,35,0,16,52,15,83,20,2,22,105
09/09/2014,ACT,TX,ASW,CE,Combined TRACON& Tower with Radar,0,11,26,39,76,0,1,43,2,46,0,12,69,41,122,20,14,34,156
09/10/2014,ACT,TX,ASW,CE,Combined TRACON& Tower with Radar,0,13,34,18,65,0,0,19,0,19,0,13,53,18,84,38,0,38,122
09/11/2014,ACT,TX,ASW,CE,Combined TRACON& Tower with Radar,2,12,9,2,25,0,2,13,0,15,2,14,22,2,40,6,0,6,46
09/12/2014,ACT,TX,ASW,CE,Combined TRACON& Tower with Radar,0,12,41,2,55,0,0,3,0,3,0,12,44,2,58,18,0,18,76
09/13/2014,ACT,TX,ASW,CE,Combined TRACON& Tower with Radar,0,12,21,0,33,0,2,4,0,6,0,14,25,0,39,0,0,0,39
09/14/2014,ACT,TX,ASW,CE,Combined TRACON& Tower with Radar,0,14,13,16,43,0,0,3,0,3,0,14,16,16,46,0,0,0,46
09/15/2014,ACT,TX,ASW,CE,Combined TRACON& Tower with Radar,0,10,31,16,57,0,2,18,0,20,0,12,49,16,77,6,0,6,83
09/16/2014,ACT,TX,ASW,CE,Combined TRACON& Tower with Radar,0,11,29,16,56,0,0,27,4,31,0,11,56,20,87,4,2,6,93
09/17/2014,ACT,TX,ASW,CE,Combined TRACON& Tower with Radar,0,10,18,22,50,0,3,14,1,18,0,13,32,23,68,14,0,14,82
09/18/2014,ACT,TX,ASW,CE,Combined TRACON& Tower with Radar,0,12,16,14,42,0,0,1,0,1,0,12,17,14,43,0,0,0,43
09/19/2014,ACT,TX,ASW,CE,Combined TRACON& Tower with Radar,0,11,31,54,96,0,4,7,2,13,0,15,38,56,109,0,20,20,129
09/20/2014,ACT,TX,ASW,CE,Combined TRACON& Tower with Radar,0,9,27,10,46,0,0,20,1,21,0,9,47,11,67,0,16,16,83
09/21/2014,ACT,TX,ASW,CE,Combined TRACON& Tower with Radar,0,15,31,8,54,0,0,31,0,31,0,15,62,8,85,18,0,18,103
09/22/2014,ACT,TX,ASW,CE,Combined TRACON& Tower with Radar,0,19,20,6,45,0,5,31,0,36,0,24,51,6,81,16,0,16,97
09/23/2014,ACT,TX,ASW,CE,Combined TRACON& Tower with Radar,0,11,30,6,47,0,1,32,0,33,0,12,62,6,80,20,0,20,100
09/24/2014,ACT,TX,ASW,CE,Combined TRACON& Tower with Radar,0,10,28,8,46,0,2,37,1,40,0,12,65,9,86,50,0,50,136
09/25/2014,ACT,TX,ASW,CE,Combined TRACON& Tower with Radar,0,10,28,6,44,0,0,29,0,29,0,10,57,6,73,54,0,54,127
09/26/2014,ACT,TX,ASW,CE,Combined TRACON& Tower with Radar,2,10,23,35,70,0,0,40,5,45,2,10,63,40,115,5,0,5,120
09/27/2014,ACT,TX,ASW,CE,Combined TRACON& Tower with Radar,0,12,31,0,43,0,2,32,0,34,0,14,63,0,77,10,0,10,87
09/28/2014,ACT,TX,ASW,CE,Combined TRACON& Tower with Radar,0,10,7,0,17,0,2,22,0,24,0,12,29,0,41,14,0,14,55
09/29/2014,ACT,TX,ASW,CE,Combined TRACON& Tower with Radar,0,11,25,17,53,0,0,31,5,36,0,11,56,22,89,12,16,28,117
09/30/2014,ACT,TX,ASW,CE,Combined TRACON& Tower with Radar,0,13,33,12,58,0,1,36,3,40,0,14,69,15,98,10,0,10,108
10/01/2014,ACT,TX,ASW,CE,Combined TRACON& Tower with Radar,0,11,57,15,83,0,0,19,2,21,0,11,76,17,104,26,8,34,138
10/02/2014,ACT,TX,ASW,CE,Combined TRACON& Tower with Radar,0,7,32,0,39,0,0,12,0,12,0,7,44,0,51,4,0,4,55
10/03/2014,ACT,TX,ASW,CE,Combined TRACON& Tower with Radar,0,9,26,18,53,0,2,47,0,49,0,11,73,18,102,4,0,4,106
10/04/2014,ACT,TX,ASW,CE,Combined TRACON& Tower with Radar,0,8,26,4,38,0,1,57,0,58,0,9,83,4,96,58,0,58,154
10/05/2014,ACT,TX,ASW,CE,Combined TRACON& Tower with Radar,0,10,11,12,33,0,2,20,2,24,0,12,31,14,57,16,0,16,73
10/06/2014,ACT,TX,ASW,CE,Combined TRACON& Tower with Radar,0,17,37,14,68,0,0,12,0,12,0,17,49,14,80,14,12,26,106
10/07/2014,ACT,TX,ASW,CE,Combined TRACON& Tower with Radar,0,12,18,5,35,0,0,38,0,38,0,12,56,5,73,20,0,20,93
10/08/2014,ACT,TX,ASW,CE,Combined TRACON& Tower with Radar,0,10,26,1,37,1,2,21,4,28,1,12,47,5,65,14,0,14,79
10/09/2014,ACT,TX,ASW,CE,Combined TRACON& Tower with Radar,0,12,45,26,83,0,3,18,2,23,0,15,63,28,106,6,0,6,112
10/10/2014,ACT,TX,ASW,CE,Combined TRACON& Tower with Radar,2,13,51,6,72,0,4,37,0,41,2,17,88,6,113,0,0,0,113
10/11/2014,ACT,TX,ASW,CE,Combined TRACON& Tower with Radar,0,16,66,0,82,0,0,5,0,5,0,16,71,0,87,0,0,0,87
10/12/2014,ACT,TX,ASW,CE,Combined TRACON& Tower with Radar,0,13,34,0,47,0,0,4,0,4,0,13,38,0,51,0,0,0,51
10/13/2014,ACT,TX,ASW,CE,Combined TRACON& Tower with Radar,0,3,3,0,6,0,2,5,0,7,0,5,8,0,13,0,0,0,13
10/14/2014,ACT,TX,ASW,CE,Combined TRACON& Tower with Radar,2,12,36,10,60,0,0,34,3,37,2,12,70,13,97,6,8,14,111
10/15/2014,ACT,TX,ASW,CE,Combined TRACON& Tower with Radar,0,12,22,2,36,1,5,35,0,41,1,17,57,2,77,4,0,4,81
10/16/2014,ACT,TX,ASW,CE,Combined TRACON& Tower with Radar,0,12,22,2,36,0,2,50,0,52,0,14,72,2,88,8,0,8,96
10/17/2014,ACT,TX,ASW,CE,Combined TRACON& Tower with Radar,2,10,18,8,38,0,0,28,6,34,2,10,46,14,72,12,0,12,84
10/18/2014,ACT,TX,ASW,CE,Combined TRACON& Tower with Radar,2,10,13,11,36,0,0,27,7,34,2,10,40,18,70,28,2,30,100
10/19/2014,ACT,TX,ASW,CE,Combined TRACON& Tower with Radar,2,10,36,0,48,0,0,16,0,16,2,10,52,0,64,8,0,8,72
10/20/2014,ACT,TX,ASW,CE,Combined TRACON& Tower with Radar,0,12,35,18,65,0,1,34,2,37,0,13,69,20,102,14,0,14,116
10/21/2014,ACT,TX,ASW,CE,Combined TRACON& Tower with Radar,0,16,19,47,82,0,0,27,2,29,0,16,46,49,111,10,0,10,121
10/22/2014,ACT,TX,ASW,CE,Combined TRACON& Tower with Radar,2,13,37,8,60,0,0,35,1,36,2,13,72,9,96,8,0,8,104
10/23/2014,ACT,TX,ASW,CE,Combined TRACON& Tower with Radar,0,10,28,10,48,0,0,28,2,30,0,10,56,12,78,12,0,12,90
10/24/2014,ACT,TX,ASW,CE,Combined TRACON& Tower with Radar,0,13,26,42,81,0,0,46,4,50,0,13,72,46,131,4,2,6,137
10/25/2014,ACT,TX,ASW,CE,Combined TRACON& Tower with Radar,0,9,16,22,47,0,2,25,0,27,0,11,41,22,74,8,0,8,82
10/26/2014,ACT,TX,ASW,CE,Combined TRACON& Tower with Radar,0,10,11,14,35,0,0,34,0,34,0,10,45,14,69,0,0,0,69
10/27/2014,ACT,TX,ASW,CE,Combined TRACON& Tower with Radar,0,10,22,2,34,0,0,14,4,18,0,10,36,6,52,2,28,30,82
10/28/2014,ACT,TX,ASW,CE,Combined TRACON& Tower with Radar,0,10,24,15,49,0,2,16,3,21,0,12,40,18,70,6,8,14,84
10/29/2014,ACT,TX,ASW,CE,Combined TRACON& Tower with Radar,0,10,38,19,67,0,0,13,1,14,0,10,51,20,81,10,0,10,91
10/30/2014,ACT,TX,ASW,CE,Combined TRACON& Tower with Radar,0,13,38,10,61,0,0,48,1,49,0,13,86,11,110,40,2,42,152
10/31/2014,ACT,TX,ASW,CE,Combined TRACON& Tower with Radar,2,18,22,6,48,0,0,31,0,31,2,18,53,6,79,4,0,4,83
11/01/2014,ACT,TX,ASW,CE,Combined TRACON& Tower with Radar,2,13,24,2,41,0,0,29,1,30,2,13,53,3,71,0,0,0,71
11/02/2014,ACT,TX,ASW,CE,Combined TRACON& Tower with Radar,0,13,21,0,34,0,0,16,0,16,0,13,37,0,50,2,0,2,52
11/03/2014,ACT,TX,ASW,CE,Combined TRACON& Tower with Radar,0,14,45,11,70,0,0,33,2,35,0,14,78,13,105,8,0,8,113
11/04/2014,ACT,TX,ASW,CE,Combined TRACON& Tower with Radar,2,16,10,0,28,0,0,0,0,0,2,16,10,0,28,0,0,0,28
11/05/2014,ACT,TX,ASW,CE,Combined TRACON& Tower with Radar,0,12,16,10,38,0,0,0,0,0,0,12,16,10,38,0,0,0,38
11/06/2014,ACT,TX,ASW,CE,Combined TRACON& Tower with Radar,0,11,16,23,50,0,0,19,2,21,0,11,35,25,71,20,0,20,91
11/07/2014,ACT,TX,ASW,CE,Combined TRACON& Tower with Radar,2,10,25,35,72,0,2,43,1,46,2,12,68,36,118,16,14,30,148
11/08/2014,ACT,TX,ASW,CE,Combined TRACON& Tower with Radar,2,8,20,2,32,0,0,37,0,37,2,8,57,2,69,0,0,0,69
11/09/2014,ACT,TX,ASW,CE,Combined TRACON& Tower with Radar,0,10,14,0,24,0,2,43,1,46,0,12,57,1,70,11,0,11,81
11/10/2014,ACT,TX,ASW,CE,Combined TRACON& Tower with Radar,0,10,27,22,59,0,0,32,0,32,0,10,59,22,91,6,0,6,97
11/11/2014,ACT,TX,ASW,CE,Combined TRACON& Tower with Radar,0,10,17,0,27,0,0,12,0,12,0,10,29,0,39,0,0,0,39
11/12/2014,ACT,TX,ASW,CE,Combined TRACON& Tower with Radar,0,12,30,16,58,0,0,24,0,24,0,12,54,16,82,8,0,8,90
11/13/2014,ACT,TX,ASW,CE,Combined TRACON& Tower with Radar,0,11,21,8,40,0,0,12,0,12,0,11,33,8,52,6,0,6,58
11/14/2014,ACT,TX,ASW,CE,Combined TRACON& Tower with Radar,0,10,38,36,84,0,0,32,0,32,0,10,70,36,116,20,0,20,136
11/15/2014,ACT,TX,ASW,CE,Combined TRACON& Tower with Radar,0,10,35,30,75,0,0,6,0,6,0,10,41,30,81,0,0,0,81
11/16/2014,ACT,TX,ASW,CE,Combined TRACON& Tower with Radar,2,10,8,23,43,0,0,0,0,0,2,10,8,23,43,0,0,0,43
11/17/2014,ACT,TX,ASW,CE,Combined TRACON& Tower with Radar,3,20,32,8,63,0,2,16,1,19,3,22,48,9,82,8,14,22,104
11/18/2014,ACT,TX,ASW,CE,Combined TRACON& Tower with Radar,3,16,41,18,78,0,4,56,0,60,3,20,97,18,138,2,0,2,140
11/19/2014,ACT,TX,ASW,CE,Combined TRACON& Tower with Radar,0,10,32,16,58,0,0,53,1,54,0,10,85,17,112,10,0,10,122
11/20/2014,ACT,TX,ASW,CE,Combined TRACON& Tower with Radar,0,10,42,11,63,0,1,22,1,24,0,11,64,12,87,30,18,48,135
11/21/2014,ACT,TX,ASW,CE,Combined TRACON& Tower with Radar,4,10,37,0,51,0,0,0,0,0,4,10,37,0,51,0,0,0,51
11/22/2014,ACT,TX,ASW,CE,Combined TRACON& Tower with Radar,2,8,11,0,21,0,0,0,0,0,2,8,11,0,21,0,0,0,21
11/23/2014,ACT,TX,ASW,CE,Combined TRACON& Tower with Radar,0,9,21,12,42,0,2,26,0,28,0,11,47,12,70,12,0,12,82
11/24/2014,ACT,TX,ASW,CE,Combined TRACON& Tower with Radar,0,8,32,12,52,0,3,28,0,31,0,11,60,12,83,0,0,0,83
11/25/2014,ACT,TX,ASW,CE,Combined TRACON& Tower with Radar,0,10,19,35,64,0,3,24,3,30,0,13,43,38,94,0,1,1,95
11/26/2014,ACT,TX,ASW,CE,Combined TRACON& Tower with Radar,0,12,11,0,23,0,2,29,0,31,0,14,40,0,54,0,0,0,54
11/27/2014,ACT,TX,ASW,CE,Combined TRACON& Tower with Radar,0,7,6,0,13,0,0,17,0,17,0,7,23,0,30,0,0,0,30
11/28/2014,ACT,TX,ASW,CE,Combined TRACON& Tower with Radar,2,9,6,0,17,0,2,17,5,24,2,11,23,5,41,7,0,7,48
11/29/2014,ACT,TX,ASW,CE,Combined TRACON& Tower with Radar,0,12,16,0,28,0,2,11,0,13,0,14,27,0,41,0,0,0,41
11/30/2014,ACT,TX,ASW,CE,Combined TRACON& Tower with Radar,0,16,26,0,42,0,0,6,0,6,0,16,32,0,48,0,0,0,48
12/01/2014,ACT,TX,ASW,CE,Combined TRACON& Tower with Radar,0,11,15,18,44,0,1,7,4,12,0,12,22,22,56,0,28,28,84
12/02/2014,ACT,TX,ASW,CE,Combined TRACON& Tower with Radar,2,12,31,22,67,0,1,18,0,19,2,13,49,22,86,26,24,50,136
12/03/2014,ACT,TX,ASW,CE,Combined TRACON& Tower with Radar,2,16,43,10,71,0,0,0,0,0,2,16,43,10,71,0,0,0,71
12/04/2014,ACT,TX,ASW,CE,Combined TRACON& Tower with Radar,1,14,31,20,66,0,0,2,0,2,1,14,33,20,68,0,0,0,68
12/05/2014,ACT,TX,ASW,CE,Combined TRACON& Tower with Radar,2,10,37,38,87,0,3,18,0,21,2,13,55,38,108,12,0,12,120
12/06/2014,ACT,TX,ASW,CE,Combined TRACON& Tower with Radar,1,23,48,5,77,0,1,21,2,24,1,24,69,7,101,0,0,0,101
12/07/2014,ACT,TX,ASW,CE,Combined TRACON& Tower with Radar,0,18,29,0,47,0,2,6,0,8,0,20,35,0,55,4,0,4,59
12/08/2014,ACT,TX,ASW,CE,Combined TRACON& Tower with Radar,0,11,37,6,54,0,0,30,0,30,0,11,67,6,84,22,12,34,118
12/09/2014,ACT,TX,ASW,CE,Combined TRACON& Tower with Radar,0,4,25,1,30,0,0,23,0,23,0,4,48,1,53,2,0,2,55
12/10/2014,ACT,TX,ASW,CE,Combined TRACON& Tower with Radar,0,12,21,12,45,0,2,39,0,41,0,14,60,12,86,40,0,40,126
12/11/2014,ACT,TX,ASW,CE,Combined TRACON& Tower with Radar,0,12,39,12,63,0,0,5,0,5,0,12,44,12,68,26,0,26,94
12/12/2014,ACT,TX,ASW,CE,Combined TRACON& Tower with Radar,0,12,42,48,102,0,0,27,0,27,0,12,69,48,129,66,10,76,205
12/13/2014,ACT,TX,ASW,CE,Combined TRACON& Tower with Radar,0,10,23,4,37,0,0,14,0,14,0,10,37,4,51,24,0,24,75
12/14/2014,ACT,TX,ASW,CE,Combined TRACON& Tower with Radar,0,12,12,6,30,0,0,2,0,2,0,12,14,6,32,0,0,0,32
12/15/2014,ACT,TX,ASW,CE,Combined TRACON& Tower with Radar,0,10,12,22,44,0,0,54,2,56,0,10,66,24,100,20,0,20,120
12/16/2014,ACT,TX,ASW,CE,Combined TRACON& Tower with Radar,0,22,33,7,62,0,4,45,2,51,0,26,78,9,113,16,26,42,155
12/17/2014,ACT,TX,ASW,CE,Combined TRACON& Tower with Radar,4,23,30,32,89,0,0,7,0,7,4,23,37,32,96,8,2,10,106
12/18/2014,ACT,TX,ASW,CE,Combined TRACON& Tower with Radar,0,12,31,4,47,0,0,6,0,6,0,12,37,4,53,0,0,0,53
12/19/2014,ACT,TX,ASW,CE,Combined TRACON& Tower with Radar,0,9,15,8,32,0,0,2,0,2,0,9,17,8,34,0,0,0,34
12/20/2014,ACT,TX,ASW,CE,Combined TRACON& Tower with Radar,2,10,27,12,51,0,0,1,0,1,2,10,28,12,52,0,0,0,52
12/21/2014,ACT,TX,ASW,CE,Combined TRACON& Tower with Radar,0,12,18,0,30,0,0,13,0,13,0,12,31,0,43,14,0,14,57
12/22/2014,ACT,TX,ASW,CE,Combined TRACON& Tower with Radar,0,12,11,8,31,0,0,34,0,34,0,12,45,8,65,34,0,34,99
12/23/2014,ACT,TX,ASW,CE,Combined TRACON& Tower with Radar,0,12,10,2,24,0,0,4,0,4,0,12,14,2,28,0,0,0,28
12/24/2014,ACT,TX,ASW,CE,Combined TRACON& Tower with Radar,0,8,13,0,21,0,3,16,0,19,0,11,29,0,40,10,0,10,50
12/25/2014,ACT,TX,ASW,CE,Combined TRACON& Tower with Radar,0,12,1,0,13,0,1,1,0,2,0,13,2,0,15,0,0,0,15
12/26/2014,ACT,TX,ASW,CE,Combined TRACON& Tower with Radar,0,9,5,0,14,0,0,2,0,2,0,9,7,0,16,0,0,0,16
12/27/2014,ACT,TX,ASW,CE,Combined TRACON& Tower with Radar,0,9,8,0,17,0,2,5,0,7,0,11,13,0,24,20,0,20,44
12/28/2014,ACT,TX,ASW,CE,Combined TRACON& Tower with Radar,0,11,20,0,31,0,0,13,0,13,0,11,33,0,44,6,0,6,50
12/29/2014,ACT,TX,ASW,CE,Combined TRACON& Tower with Radar,0,14,8,0,22,0,0,33,0,33,0,14,41,0,55,1,0,1,56
12/30/2014,ACT,TX,ASW,CE,Combined TRACON& Tower with Radar,0,10,19,4,33,0,2,10,0,12,0,12,29,4,45,4,0,4,49
12/31/2014,ACT,TX,ASW,CE,Combined TRACON& Tower with Radar,0,12,14,0,26,0,0,6,0,6,0,12,20,0,32,0,0,0,32
01/01/2015,ACT,TX,ASW,CE,Combined TRACON& Tower with Radar,0,10,0,0,10,0,0,0,0,0,0,10,0,0,10,0,0,0,10
01/02/2015,ACT,TX,ASW,CE,Combined TRACON& Tower with Radar,0,12,14,0,26,0,0,0,0,0,0,12,14,0,26,0,0,0,26
01/03/2015,ACT,TX,ASW,CE,Combined TRACON& Tower with Radar,0,11,15,0,26,0,0,13,0,13,0,11,28,0,39,22,0,22,61
01/04/2015,ACT,TX,ASW,CE,Combined TRACON& Tower with Radar,0,10,20,0,30,0,0,14,0,14,0,10,34,0,44,14,0,14,58
01/05/2015,ACT,TX,ASW,CE,Combined TRACON& Tower with Radar,0,11,25,8,44,0,5,36,0,41,0,16,61,8,85,7,0,7,92
01/06/2015,ACT,TX,ASW,CE,Combined TRACON& Tower with Radar,1,9,40,15,65,0,0,37,0,37,1,9,77,15,102,14,2,16,118
01/07/2015,ACT,TX,ASW,CE,Combined TRACON& Tower with Radar,1,14,18,16,49,0,1,6,0,7,1,15,24,16,56,0,0,0,56
01/08/2015,ACT,TX,ASW,CE,Combined TRACON& Tower with Radar,0,11,34,18,63,0,1,51,4,56,0,12,85,22,119,0,12,12,131
01/09/2015,ACT,TX,ASW,CE,Combined TRACON& Tower with Radar,2,11,11,12,36,0,0,0,0,0,2,11,11,12,36,7,0,7,43
01/10/2015,ACT,TX,ASW,CE,Combined TRACON& Tower with Radar,2,8,3,0,13,0,0,0,0,0,2,8,3,0,13,0,0,0,13
01/11/2015,ACT,TX,ASW,CE,Combined TRACON& Tower with Radar,2,7,2,0,11,0,0,5,0,5,2,7,7,0,16,2,0,2,18
01/12/2015,ACT,TX,ASW,CE,Combined TRACON& Tower with Radar,0,14,32,28,74,0,0,3,0,3,0,14,35,28,77,0,26,26,103
01/13/2015,ACT,TX,ASW,CE,Combined TRACON& Tower with Radar,0,15,23,8,46,0,1,7,0,8,0,16,30,8,54,18,0,18,72
01/14/2015,ACT,TX,ASW,CE,Combined TRACON& Tower with Radar,0,23,18,14,55,0,2,9,2,13,0,25,27,16,68,18,10,28,96
01/15/2015,ACT,TX,ASW,CE,Combined TRACON& Tower with Radar,2,12,23,16,53,0,13,37,4,54,2,25,60,20,107,74,22,96,203
01/16/2015,ACT,TX,ASW,CE,Combined TRACON& Tower with Radar,2,13,43,12,70,0,7,42,2,51,2,20,85,14,121,10,0,10,131
01/17/2015,ACT,TX,ASW,CE,Combined TRACON& Tower with Radar,2,13,9,0,24,0,0,40,0,40,2,13,49,0,64,12,0,12,76
01/18/2015,ACT,TX,ASW,CE,Combined TRACON& Tower with Radar,0,12,12,0,24,0,0,22,1,23,0,12,34,1,47,28,0,28,75
01/19/2015,ACT,TX,ASW,CE,Combined TRACON& Tower with Radar,0,17,22,0,39,0,11,45,2,58,0,28,67,2,97,6,8,14,111
01/20/2015,ACT,TX,ASW,CE,Combined TRACON& Tower with Radar,0,14,18,27,59,0,6,19,0,25,0,20,37,27,84,7,14,21,105
01/21/2015,ACT,TX,ASW,CE,Combined TRACON& Tower with Radar,0,20,28,37,85,0,4,8,3,15,0,24,36,40,100,2,0,2,102
01/22/2015,ACT,TX,ASW,CE,Combined TRACON& Tower with Radar,0,13,8,8,29,0,0,0,0,0,0,13,8,8,29,0,0,0,29
01/23/2015,ACT,TX,ASW,CE,Combined TRACON& Tower with Radar,0,20,27,20,67,0,2,27,0,29,0,22,54,20,96,20,0,20,116
01/24/2015,ACT,TX,ASW,CE,Combined TRACON& Tower with Radar,0,15,34,6,55,0,0,38,5,43,0,15,72,11,98,0,0,0,98
01/25/2015,ACT,TX,ASW,CE,Combined TRACON& Tower with Radar,0,14,14,10,38,0,4,22,2,28,0,18,36,12,66,4,0,4,70
01/26/2015,ACT,TX,ASW,CE,Combined TRACON& Tower with Radar,0,22,24,18,64,0,0,34,0,34,0,22,58,18,98,18,0,18,116
01/27/2015,ACT,TX,ASW,CE,Combined TRACON& Tower with Radar,0,8,30,33,71,0,0,60,2,62,0,8,90,35,133,36,0,36,169
01/28/2015,ACT,TX,ASW,CE,Combined TRACON& Tower with Radar,0,13,23,10,46,0,0,53,2,55,0,13,76,12,101,8,2,10,111
01/29/2015,ACT,TX,ASW,CE,Combined TRACON& Tower with Radar,0,13,17,23,53,0,8,20,3,31,0,21,37,26,84,50,2,52,136
01/30/2015,ACT,TX,ASW,CE,Combined TRACON& Tower with Radar,0,10,27,23,60,0,0,25,2,27,0,10,52,25,87,36,0,36,123
01/31/2015,ACT,TX,ASW,CE,Combined TRACON& Tower with Radar,0,10,9,0,19,0,0,1,0,1,0,10,10,0,20,20,0,20,40
02/01/2015,ACT,TX,ASW,CE,Combined TRACON& Tower with Radar,0,10,20,16,46,0,0,7,0,7,0,10,27,16,53,0,0,0,53
02/02/2015,ACT,TX,ASW,CE,Combined TRACON& Tower with Radar,0,8,24,21,53,0,0,33,3,36,0,8,57,24,89,2,0,2,91
02/03/2015,ACT,TX,ASW,CE,Combined TRACON& Tower with Radar,0,10,21,26,57,0,0,20,0,20,0,10,41,26,77,4,0,4,81
02/04/2015,ACT,TX,ASW,CE,Combined TRACON& Tower with Radar,0,14,23,26,63,0,0,1,0,1,0,14,24,26,64,0,0,0,64
02/05/2015,ACT,TX,ASW,CE,Combined TRACON& Tower with Radar,0,10,12,10,32,0,0,0,0,0,0,10,12,10,32,0,0,0,32
02/06/2015,ACT,TX,ASW,CE,Combined TRACON& Tower with Radar,2,13,37,36,88,0,1,30,7,38,2,14,67,43,126,2,0,2,128
02/07/2015,ACT,TX,ASW,CE,Combined TRACON& Tower with Radar,2,9,24,2,37,0,0,16,0,16,2,9,40,2,53,0,0,0,53
02/08/2015,ACT,TX,ASW,CE,Combined TRACON& Tower with Radar,0,12,24,2,38,0,0,29,0,29,0,12,53,2,67,6,0,6,73
02/09/2015,ACT,TX,ASW,CE,Combined TRACON& Tower with Radar,0,14,28,13,55,0,2,54,5,61,0,16,82,18,116,4,4,8,124
02/10/2015,ACT,TX,ASW,CE,Combined TRACON& Tower with Radar,0,14,20,16,50,0,1,44,1,46,0,15,64,17,96,86,0,86,182
02/11/2015,ACT,TX,ASW,CE,Combined TRACON& Tower with Radar,0,13,25,5,43,0,1,35,0,36,0,14,60,5,79,74,0,74,153
02/12/2015,ACT,TX,ASW,CE,Combined TRACON& Tower with Radar,0,14,24,31,69,0,3,35,2,40,0,17,59,33,109,17,0,17,126
02/13/2015,ACT,TX,ASW,CE,Combined TRACON& Tower with Radar,2,12,32,36,82,0,5,40,6,51,2,17,72,42,133,44,14,58,191
02/14/2015,ACT,TX,ASW,CE,Combined TRACON& Tower with Radar,4,10,14,1,29,0,8,31,2,41,4,18,45,3,70,6,4,10,80
02/15/2015,ACT,TX,ASW,CE,Combined TRACON& Tower with Radar,1,10,17,1,29,0,0,10,1,11,1,10,27,2,40,0,0,0,40
02/16/2015,ACT,TX,ASW,CE,Combined TRACON& Tower with Radar,0,14,5,0,19,0,2,4,0,6,0,16,9,0,25,0,0,0,25
02/17/2015,ACT,TX,ASW,CE,Combined TRACON& Tower with Radar,0,16,22,2,40,0,6,34,0,40,0,22,56,2,80,32,0,32,112
02/18/2015,ACT,TX,ASW,CE,Combined TRACON& Tower with Radar,0,20,30,25,75,0,1,35,3,39,0,21,65,28,114,24,0,24,138
02/19/2015,ACT,TX,ASW,CE,Combined TRACON& Tower with Radar,0,15,14,16,45,0,5,35,0,40,0,20,49,16,85,42,0,42,127
02/20/2015,ACT,TX,ASW,CE,Combined TRACON& Tower with Radar,0,10,20,15,45,0,0,7,5,12,0,10,27,20,57,34,0,34,91
02/21/2015,ACT,TX,ASW,CE,Combined TRACON& Tower with Radar,0,10,23,10,43,0,4,9,0,13,0,14,32,10,56,4,0,4,60
02/22/2015,ACT,TX,ASW,CE,Combined TRACON& Tower with Radar,0,8,6,2,16,0,0,0,0,0,0,8,6,2,16,0,0,0,16
02/23/2015,ACT,TX,ASW,CE,Combined TRACON& Tower with Radar,0,0,2,0,2,0,0,0,0,0,0,0,2,0,2,0,0,0,2
02/24/2015,ACT,TX,ASW,CE,Combined TRACON& Tower with Radar,2,10,15,15,42,0,0,0,0,0,2,10,15,15,42,0,4,4,46
02/25/2015,ACT,TX,ASW,CE,Combined TRACON& Tower with Radar,0,11,20,10,41,0,0,22,0,22,0,11,42,10,63,4,0,4,67
02/26/2015,ACT,TX,ASW,CE,Combined TRACON& Tower with Radar,0,13,18,16,47,0,0,8,4,12,0,13,26,20,59,3,0,3,62
02/27/2015,ACT,TX,ASW,CE,Combined TRACON& Tower with Radar,3,7,11,2,23,0,0,7,0,7,3,7,18,2,30,2,0,2,32
02/28/2015,ACT,TX,ASW,CE,Combined TRACON& Tower with Radar,3,2,3,0,8,0,0,0,0,0,3,2,3,0,8,0,0,0,8
03/01/2015,ACT,TX,ASW,CE,Combined TRACON& Tower with Radar,0,11,8,0,19,0,0,0,0,0,0,11,8,0,19,0,0,0,19
03/02/2015,ACT,TX,ASW,CE,Combined TRACON& Tower with Radar,0,8,6,0,14,0,0,0,0,0,0,8,6,0,14,0,0,0,14
03/03/2015,ACT,TX,ASW,CE,Combined TRACON& Tower with Radar,0,12,20,0,32,0,0,0,0,0,0,12,20,0,32,0,0,0,32
03/04/2015,ACT,TX,ASW,CE,Combined TRACON& Tower with Radar,0,4,13,0,17,0,0,1,0,1,0,4,14,0,18,0,0,0,18
03/05/2015,ACT,TX,ASW,CE,Combined TRACON& Tower with Radar,0,29,26,0,55,0,9,26,0,35,0,38,52,0,90,40,0,40,130
03/06/2015,ACT,TX,ASW,CE,Combined TRACON& Tower with Radar,0,14,27,13,54,0,3,65,2,70,0,17,92,15,124,28,0,28,152
03/07/2015,ACT,TX,ASW,CE,Combined TRACON& Tower with Radar,0,10,25,8,43,0,1,38,10,49,0,11,63,18,92,2,20,22,114
03/08/2015,ACT,TX,ASW,CE,Combined TRACON& Tower with Radar,0,11,18,0,29,0,0,0,0,0,0,11,18,0,29,0,0,0,29
03/09/2015,ACT,TX,ASW,CE,Combined TRACON& Tower with Radar,0,12,14,0,26,0,0,0,0,0,0,12,14,0,26,0,0,0,26
03/10/2015,ACT,TX,ASW,CE,Combined TRACON& Tower with Radar,2,13,34,10,59,0,0,4,0,4,2,13,38,10,63,2,0,2,65
03/11/2015,ACT,TX,ASW,CE,Combined TRACON& Tower with Radar,0,17,42,9,68,0,1,10,3,14,0,18,52,12,82,8,34,42,124
03/12/2015,ACT,TX,ASW,CE,Combined TRACON& Tower with Radar,0,18,31,7,56,0,3,15,10,28,0,21,46,17,84,22,8,30,114
03/13/2015,ACT,TX,ASW,CE,Combined TRACON& Tower with Radar,0,25,42,20,87,0,4,13,12,29,0,29,55,32,116,1,28,29,145
03/14/2015,ACT,TX,ASW,CE,Combined TRACON& Tower with Radar,2,14,24,17,57,0,1,15,1,17,2,15,39,18,74,10,4,14,88
03/15/2015,ACT,TX,ASW,CE,Combined TRACON& Tower with Radar,0,13,30,0,43,0,2,7,0,9,0,15,37,0,52,14,0,14,66
03/16/2015,ACT,TX,ASW,CE,Combined TRACON& Tower with Radar,1,12,32,8,53,0,0,49,5,54,1,12,81,13,107,20,12,32,139
03/17/2015,ACT,TX,ASW,CE,Combined TRACON& Tower with Radar,1,16,20,25,62,0,4,4,0,8,1,20,24,25,70,12,0,12,82
03/18/2015,ACT,TX,ASW,CE,Combined TRACON& Tower with Radar,4,15,35,13,67,0,0,8,0,8,4,15,43,13,75,22,0,22,97
03/19/2015,ACT,TX,ASW,CE,Combined TRACON& Tower with Radar,0,11,31,6,48,0,2,14,0,16,0,13,45,6,64,30,0,30,94
03/20/2015,ACT,TX,ASW,CE,Combined TRACON& Tower with Radar,2,11,20,5,38,0,0,0,0,0,2,11,20,5,38,0,0,0,38
03/21/2015,ACT,TX,ASW,CE,Combined TRACON& Tower with Radar,0,14,21,0,35,0,0,0,0,0,0,14,21,0,35,0,0,0,35
03/22/2015,ACT,TX,ASW,CE,Combined TRACON& Tower with Radar,2,11,23,0,36,0,0,12,0,12,2,11,35,0,48,2,0,2,50
03/23/2015,ACT,TX,ASW,CE,Combined TRACON& Tower with Radar,0,12,11,8,31,0,3,54,2,59,0,15,65,10,90,36,18,54,144
03/24/2015,ACT,TX,ASW,CE,Combined TRACON& Tower with Radar,0,17,38,25,80,0,4,38,2,44,0,21,76,27,124,10,42,52,176
03/25/2015,ACT,TX,ASW,CE,Combined TRACON& Tower with Radar,0,20,47,34,101,0,13,44,2,59,0,33,91,36,160,16,56,72,232
03/26/2015,ACT,TX,ASW,CE,Combined TRACON& Tower with Radar,0,21,32,22,75,0,7,6,1,14,0,28,38,23,89,2,22,24,113
03/27/2015,ACT,TX,ASW,CE,Combined TRACON& Tower with Radar,0,15,22,26,63,0,4,52,0,56,0,19,74,26,119,30,4,34,153
03/28/2015,ACT,TX,ASW,CE,Combined TRACON& Tower with Radar,0,10,19,0,29,0,2,31,2,35,0,12,50,2,64,6,0,6,70
03/29/2015,ACT,TX,ASW,CE,Combined TRACON& Tower with Radar,0,9,29,4,42,0,0,26,0,26,0,9,55,4,68,8,4,12,80
03/30/2015,ACT,TX,ASW,CE,Combined TRACON& Tower with Radar,0,14,44,5,63,0,3,9,3,15,0,17,53,8,78,52,0,52,130
03/31/2015,ACT,TX,ASW,CE,Combined TRACON& Tower with Radar,0,9,26,18,53,0,2,11,2,15,0,11,37,20,68,8,0,8,76
04/01/2015,ACT,TX,ASW,CE,Combined TRACON& Tower with Radar,0,11,23,32,66,0,3,9,2,14,0,14,32,34,80,34,8,42,122
04/02/2015,ACT,TX,ASW,CE,Combined TRACON& Tower with Radar,0,10,47,20,77,0,3,15,0,18,0,13,62,20,95,20,0,20,115
04/03/2015,ACT,TX,ASW,CE,Combined TRACON& Tower with Radar,0,16,30,17,63,0,5,23,0,28,0,21,53,17,91,38,7,45,136
04/04/2015,ACT,TX,ASW,CE,Combined TRACON& Tower with Radar,0,11,22,0,33,0,2,18,0,20,0,13,40,0,53,0,0,0,53
04/05/2015,ACT,TX,ASW,CE,Combined TRACON& Tower with Radar,0,12,15,0,27,0,0,0,0,0,0,12,15,0,27,0,0,0,27
04/06/2015,ACT,TX,ASW,CE,Combined TRACON& Tower with Radar,0,9,36,18,63,0,6,25,0,31,0,15,61,18,94,50,0,50,144
04/07/2015,ACT,TX,ASW,CE,Combined TRACON& Tower with Radar,0,16,39,9,64,0,0,21,1,22,0,16,60,10,86,10,8,18,104
04/08/2015,ACT,TX,ASW,CE,Combined TRACON& Tower with Radar,0,16,35,4,55,0,2,15,2,19,0,18,50,6,74,4,10,14,88
04/09/2015,ACT,TX,ASW,CE,Combined TRACON& Tower with Radar,0,17,28,18,63,0,0,8,1,9,0,17,36,19,72,18,0,18,90
04/10/2015,ACT,TX,ASW,CE,Combined TRACON& Tower with Radar,0,17,31,16,64,0,1,13,0,14,0,18,44,16,78,22,0,22,100
04/11/2015,ACT,TX,ASW,CE,Combined TRACON& Tower with Radar,0,9,26,0,35,0,0,0,0,0,0,9,26,0,35,8,0,8,43
04/12/2015,ACT,TX,ASW,CE,Combined TRACON& Tower with Radar,0,13,10,0,23,0,5,6,0,11,0,18,16,0,34,10,0,10,44
04/13/2015,ACT,TX,ASW,CE,Combined TRACON& Tower with Radar,0,20,33,4,57,0,0,12,0,12,0,20,45,4,69,40,16,56,125
04/14/2015,ACT,TX,ASW,CE,Combined TRACON& Tower with Radar,0,16,26,12,54,0,0,0,0,0,0,16,26,12,54,0,6,6,60
04/15/2015,ACT,TX,ASW,CE,Combined TRACON& Tower with Radar,0,11,51,10,72,0,5,38,0,43,0,16,89,10,115,26,0,26,141
04/16/2015,ACT,TX,ASW,CE,Combined TRACON& Tower with Radar,0,20,19,10,49,0,3,5,0,8,0,23,24,10,57,17,0,17,74
04/17/2015,ACT,TX,ASW,CE,Combined TRACON& Tower with Radar,0,17,35,28,80,0,0,3,1,4,0,17,38,29,84,22,34,56,140
04/18/2015,ACT,TX,ASW,CE,Combined TRACON& Tower with Radar,0,12,26,16,54,0,11,6,1,18,0,23,32,17,72,2,4,6,78
04/19/2015,ACT,TX,ASW,CE,Combined TRACON& Tower with Radar,0,14,28,28,70,0,1,21,1,23,0,15,49,29,93,4,0,4,97
04/20/2015,ACT,TX,ASW,CE,Combined TRACON& Tower with Radar,0,13,30,3,46,0,0,56,0,56,0,13,86,3,102,90,0,90,192
04/21/2015,ACT,TX,ASW,CE,Combined TRACON& Tower with Radar,0,9,22,23,54,0,0,26,0,26,0,9,48,23,80,22,0,22,102
04/22/2015,ACT,TX,ASW,CE,Combined TRACON& Tower with Radar,0,17,35,18,70,0,0,6,0,6,0,17,41,18,76,0,0,0,76
04/23/2015,ACT,TX,ASW,CE,Combined TRACON& Tower with Radar,0,12,45,6,63,0,3,2,0,5,0,15,47,6,68,13,0,13,81
04/24/2015,ACT,TX,ASW,CE,Combined TRACON& Tower with Radar,0,8,29,13,50,0,0,11,0,11,0,8,40,13,61,10,0,10,71
04/25/2015,ACT,TX,ASW,CE,Combined TRACON& Tower with Radar,0,11,6,9,26,0,2,40,0,42,0,13,46,9,68,4,0,4,72
04/26/2015,ACT,TX,ASW,CE,Combined TRACON& Tower with Radar,2,11,30,4,47,0,1,7,0,8,2,12,37,4,55,6,0,6,61
04/27/2015,ACT,TX,ASW,CE,Combined TRACON& Tower with Radar,0,17,36,2,55,0,2,15,2,19,0,19,51,4,74,22,0,22,96
04/28/2015,ACT,TX,ASW,CE,Combined TRACON& Tower with Radar,0,11,25,18,54,0,0,2,2,4,0,11,27,20,58,10,18,28,86
04/29/2015,ACT,TX,ASW,CE,Combined TRACON& Tower with Radar,0,10,38,25,73,0,3,38,2,43,0,13,76,27,116,26,2,28,144
04/30/2015,ACT,TX,ASW,CE,Combined TRACON& Tower with Radar,0,11,45,13,69,0,2,31,3,36,0,13,76,16,105,20,24,44,149
05/01/2015,ACT,TX,ASW,CE,Combined TRACON& Tower with Radar,0,15,26,20,61,0,3,56,0,59,0,18,82,20,120,14,6,20,140
05/02/2015,ACT,TX,ASW,CE,Combined TRACON& Tower with Radar,0,9,30,22,61,0,0,31,4,35,0,9,61,26,96,2,0,2,98
05/03/2015,ACT,TX,ASW,CE,Combined TRACON& Tower with Radar,0,12,38,1,51,0,2,47,0,49,0,14,85,1,100,20,0,20,120
05/04/2015,ACT,TX,ASW,CE,Combined TRACON& Tower with Radar,0,16,23,16,55,0,2,27,0,29,0,18,50,16,84,14,4,18,102
05/05/2015,ACT,TX,ASW,CE,Combined TRACON& Tower with Radar,0,13,43,9,65,0,0,14,1,15,0,13,57,10,80,6,0,6,86
05/06/2015,ACT,TX,ASW,CE,Combined TRACON& Tower with Radar,0,12,34,18,64,0,1,11,4,16,0,13,45,22,80,2,24,26,106
05/07/2015,ACT,TX,ASW,CE,Combined TRACON& Tower with Radar,2,13,40,34,89,0,0,12,4,16,2,13,52,38,105,12,30,42,147
05/08/2015,ACT,TX,ASW,CE,Combined TRACON& Tower with Radar,0,11,19,0,30,0,2,7,0,9,0,13,26,0,39,0,0,0,39
05/09/2015,ACT,TX,ASW,CE,Combined TRACON& Tower with Radar,0,9,28,2,39,0,2,4,0,6,0,11,32,2,45,0,0,0,45
05/10/2015,ACT,TX,ASW,CE,Combined TRACON& Tower with Radar,0,1,3,0,4,0,0,0,0,0,0,1,3,0,4,0,0,0,4
05/11/2015,ACT,TX,ASW,CE,Combined TRACON& Tower with Radar,0,13,46,17,76,0,0,10,0,10,0,13,56,17,86,4,8,12,98
05/12/2015,ACT,TX,ASW,CE,Combined TRACON& Tower with Radar,0,11,23,4,38,0,0,3,0,3,0,11,26,4,41,8,0,8,49
05/13/2015,ACT,TX,ASW,CE,Combined TRACON& Tower with Radar,0,12,7,0,19,0,4,5,0,9,0,16,12,0,28,0,0,0,28
05/14/2015,ACT,TX,ASW,CE,Combined TRACON& Tower with Radar,0,13,16,12,41,1,4,10,0,15,1,17,26,12,56,2,0,2,58
05/15/2015,ACT,TX,ASW,CE,Combined TRACON& Tower with Radar,0,9,38,0,47,0,0,10,0,10,0,9,48,0,57,32,0,32,89
05/16/2015,ACT,TX,ASW,CE,Combined TRACON& Tower with Radar,0,11,28,10,49,0,4,5,0,9,0,15,33,10,58,14,0,14,72
05/17/2015,ACT,TX,ASW,CE,Combined TRACON& Tower with Radar,0,10,27,7,44,0,6,24,1,31,0,16,51,8,75,8,0,8,83
05/18/2015,ACT,TX,ASW,CE,Combined TRACON& Tower with Radar,0,11,23,24,58,0,0,8,0,8,0,11,31,24,66,18,0,18,84
05/19/2015,ACT,TX,ASW,CE,Combined TRACON& Tower with Radar,0,25,37,24,86,0,1,6,0,7,0,26,43,24,93,14,0,14,107
05/20/2015,ACT,TX,ASW,CE,Combined TRACON& Tower with Radar,0,18,25,32,75,0,1,32,0,33,0,19,57,32,108,102,0,102,210
05/21/2015,ACT,TX,ASW,CE,Combined TRACON& Tower with Radar,0,14,24,19,57,0,0,4,0,4,0,14,28,19,61,4,0,4,65
05/22/2015,ACT,TX,ASW,CE,Combined TRACON& Tower with Radar,0,8,40,8,56,0,0,2,0,2,0,8,42,8,58,0,0,0,58
05/23/2015,ACT,TX,ASW,CE,Combined TRACON& Tower with Radar,0,7,3,0,10,0,1,1,0,2,0,8,4,0,12,0,0,0,12
05/24/2015,ACT,TX,ASW,CE,Combined TRACON& Tower with Radar,0,8,8,0,16,0,0,1,0,1,0,8,9,0,17,0,0,0,17
05/25/2015,ACT,TX,ASW,CE,Combined TRACON& Tower with Radar,0,5,19,0,24,0,2,1,0,3,0,7,20,0,27,0,0,0,27
05/26/2015,ACT,TX,ASW,CE,Combined TRACON& Tower with Radar,0,20,17,35,72,0,2,10,0,12,0,22,27,35,84,0,6,6,90
05/27/2015,ACT,TX,ASW,CE,Combined TRACON& Tower with Radar,0,11,10,80,101,0,1,29,0,30,0,12,39,80,131,36,6,42,173
05/28/2015,ACT,TX,ASW,CE,Combined TRACON& Tower with Radar,0,12,30,20,62,0,3,7,0,10,0,15,37,20,72,18,24,42,114
05/29/2015,ACT,TX,ASW,CE,Combined TRACON& Tower with Radar,0,11,34,45,90,0,12,28,0,40,0,23,62,45,130,8,12,20,150
05/30/2015,ACT,TX,ASW,CE,Combined TRACON& Tower with Radar,0,13,14,0,27,0,2,8,2,12,0,15,22,2,39,6,0,6,45
05/31/2015,ACT,TX,ASW,CE,Combined TRACON& Tower with Radar,0,9,17,0,26,0,5,30,3,38,0,14,47,3,64,20,0,20,84
06/01/2015,ACT,TX,ASW,CE,Combined TRACON& Tower with Radar,0,12,28,38,78,0,7,38,0,45,0,19,66,38,123,4,4,8,131
06/02/2015,ACT,TX,ASW,CE,Combined TRACON& Tower with Radar,0,9,25,16,50,0,2,48,0,50,0,11,73,16,100,20,0,20,120
06/03/2015,ACT,TX,ASW,CE,Combined TRACON& Tower with Radar,0,12,29,11,52,0,1,35,7,43,0,13,64,18,95,12,18,30,125
06/04/2015,ACT,TX,ASW,CE,Combined TRACON& Tower with Radar,0,9,24,18,51,0,0,44,2,46,0,9,68,20,97,34,12,46,143
06/05/2015,ACT,TX,ASW,CE,Combined TRACON& Tower with Radar,0,11,21,10,42,0,0,42,0,42,0,11,63,10,84,40,2,42,126
06/06/2015,ACT,TX,ASW,CE,Combined TRACON& Tower with Radar,0,7,14,1,22,0,4,22,0,26,0,11,36,1,48,0,0,0,48
06/07/2015,ACT,TX,ASW,CE,Combined TRACON& Tower with Radar,2,10,24,0,36,0,0,33,0,33,2,10,57,0,69,0,0,0,69
06/08/2015,ACT,TX,ASW,CE,Combined TRACON& Tower with Radar,0,9,14,2,25,0,1,52,3,56,0,10,66,5,81,18,0,18,99
06/09/2015,ACT,TX,ASW,CE,Combined TRACON& Tower with Radar,0,14,32,10,56,0,8,28,0,36,0,22,60,10,92,4,0,4,96
06/10/2015,ACT,TX,ASW,CE,Combined TRACON& Tower with Radar,0,7,22,34,63,0,2,19,0,21,0,9,41,34,84,0,0,0,84
06/11/2015,ACT,TX,ASW,CE,Combined TRACON& Tower with Radar,2,9,39,24,74,0,3,32,2,37,2,12,71,26,111,0,0,0,111
06/12/2015,ACT,TX,ASW,CE,Combined TRACON& Tower with Radar,0,15,44,84,143,0,2,35,8,45,0,17,79,92,188,32,18,50,238
06/13/2015,ACT,TX,ASW,CE,Combined TRACON& Tower with Radar,0,9,20,44,73,0,0,24,3,27,0,9,44,47,100,8,30,38,138
06/14/2015,ACT,TX,ASW,CE,Combined TRACON& Tower with Radar,0,9,20,1,30,0,0,2,2,4,0,9,22,3,34,2,0,2,36
06/15/2015,ACT,TX,ASW,CE,Combined TRACON& Tower with Radar,0,15,27,5,47,0,0,7,0,7,0,15,34,5,54,22,0,22,76
06/16/2015,ACT,TX,ASW,CE,Combined TRACON& Tower with Radar,0,10,10,4,24,0,0,6,0,6,0,10,16,4,30,0,0,0,30
06/17/2015,ACT,TX,ASW,CE,Combined TRACON& Tower with Radar,2,10,10,0,22,0,0,0,0,0,2,10,10,0,22,0,0,0,22
06/18/2015,ACT,TX,ASW,CE,Combined TRACON& Tower with Radar,0,9,28,15,52,0,3,31,0,34,0,12,59,15,86,20,0,20,106
06/19/2015,ACT,TX,ASW,CE,Combined TRACON& Tower with Radar,0,10,26,34,70,0,1,26,1,28,0,11,52,35,98,0,0,0,98
06/20/2015,ACT,TX,ASW,CE,Combined TRACON& Tower with Radar,0,7,17,1,25,0,0,6,2,8,0,7,23,3,33,8,0,8,41
06/21/2015,ACT,TX,ASW,CE,Combined TRACON& Tower with Radar,0,12,7,0,19,0,0,5,0,5,0,12,12,0,24,4,0,4,28
06/22/2015,ACT,TX,ASW,CE,Combined TRACON& Tower with Radar,0,11,54,2,67,0,0,34,3,37,0,11,88,5,104,10,0,10,114
06/23/2015,ACT,TX,ASW,CE,Combined TRACON& Tower with Radar,0,12,32,15,59,0,0,29,1,30,0,12,61,16,89,38,2,40,129
06/24/2015,ACT,TX,ASW,CE,Combined TRACON& Tower with Radar,0,9,33,32,74,0,0,47,4,51,0,9,80,36,125,30,0,30,155
06/25/2015,ACT,TX,ASW,CE,Combined TRACON& Tower with Radar,0,16,28,18,62,0,4,49,5,58,0,20,77,23,120,10,0,10,130
06/26/2015,ACT,TX,ASW,CE,Combined TRACON& Tower with Radar,2,18,36,30,86,0,1,30,5,36,2,19,66,35,122,8,0,8,130
06/27/2015,ACT,TX,ASW,CE,Combined TRACON& Tower with Radar,0,12,16,9,37,0,1,11,0,12,0,13,27,9,49,2,0,2,51
06/28/2015,ACT,TX,ASW,CE,Combined TRACON& Tower with Radar,0,10,13,0,23,0,4,31,0,35,0,14,44,0,58,4,0,4,62
06/29/2015,ACT,TX,ASW,CE,Combined TRACON& Tower with Radar,2,11,24,16,53,0,2,18,0,20,2,13,42,16,73,58,0,58,131
06/30/2015,ACT,TX,ASW,CE,Combined TRACON& Tower with Radar,0,18,21,6,45,0,2,18,0,20,0,20,39,6,65,0,0,0,65
07/01/2015,ACT,TX,ASW,CE,Combined TRACON& Tower with Radar,0,9,42,15,66,0,0,34,2,36,0,9,76,17,102,19,8,27,129
07/02/2015,ACT,TX,ASW,CE,Combined TRACON& Tower with Radar,2,10,32,0,44,0,6,22,2,30,2,16,54,2,74,24,0,24,98
07/03/2015,ACT,TX,ASW,CE,Combined TRACON& Tower with Radar,0,10,34,0,44,0,0,17,0,17,0,10,51,0,61,8,0,8,69
07/04/2015,ACT,TX,ASW,CE,Combined TRACON& Tower with Radar,0,6,15,0,21,0,0,22,0,22,0,6,37,0,43,14,0,14,57
07/05/2015,ACT,TX,ASW,CE,Combined TRACON& Tower with Radar,0,9,12,0,21,0,0,15,0,15,0,9,27,0,36,0,0,0,36
07/06/2015,ACT,TX,ASW,CE,Combined TRACON& Tower with Radar,0,9,26,0,35,0,4,22,0,26,0,13,48,0,61,24,0,24,85
07/07/2015,ACT,TX,ASW,CE,Combined TRACON& Tower with Radar,0,16,36,2,54,0,1,29,0,30,0,17,65,2,84,34,0,34,118
07/08/2015,ACT,TX,ASW,CE,Combined TRACON& Tower with Radar,0,15,45,29,89,0,6,33,0,39,0,21,78,29,128,12,0,12,140
07/09/2015,ACT,TX,ASW,CE,Combined TRACON& Tower with Radar,0,11,24,36,71,0,0,32,0,32,0,11,56,36,103,20,0,20,123
07/10/2015,ACT,TX,ASW,CE,Combined TRACON& Tower with Radar,0,9,37,36,82,0,0,42,4,46,0,9,79,40,128,40,0,40,168
07/11/2015,ACT,TX,ASW,CE,Combined TRACON& Tower with Radar,0,7,20,14,41,0,2,17,1,20,0,9,37,15,61,16,6,22,83
07/12/2015,ACT,TX,ASW,CE,Combined TRACON& Tower with Radar,0,8,9,0,17,0,2,30,0,32,0,10,39,0,49,2,0,2,51
07/13/2015,ACT,TX,ASW,CE,Combined TRACON& Tower with Radar,0,9,25,20,54,0,2,36,1,39,0,11,61,21,93,22,0,22,115
07/14/2015,ACT,TX,ASW,CE,Combined TRACON& Tower with Radar,0,12,19,25,56,0,4,36,1,41,0,16,55,26,97,2,2,4,101
07/15/2015,ACT,TX,ASW,CE,Combined TRACON& Tower with Radar,0,13,24,12,49,0,2,37,1,40,0,15,61,13,89,6,0,6,95
07/16/2015,ACT,TX,ASW,CE,Combined TRACON& Tower with Radar,0,14,11,21,46,0,2,38,0,40,0,16,49,21,86,24,0,24,110
07/17/2015,ACT,TX,ASW,CE,Combined TRACON& Tower with Radar,0,11,23,34,68,0,1,37,6,44,0,12,60,40,112,9,10,19,131
07/18/2015,ACT,TX,ASW,CE,Combined TRACON& Tower with Radar,0,9,8,41,58,0,1,17,1,19,0,10,25,42,77,5,14,19,96
07/19/2015,ACT,TX,ASW,CE,Combined TRACON& Tower with Radar,0,9,16,8,33,0,3,33,0,36,0,12,49,8,69,4,0,4,73
07/20/2015,ACT,TX,ASW,CE,Combined TRACON& Tower with Radar,0,9,33,10,52,0,1,24,1,26,0,10,57,11,78,18,0,18,96
07/21/2015,ACT,TX,ASW,CE,Combined TRACON& Tower with Radar,0,10,38,19,67,0,0,25,0,25,0,10,63,19,92,22,0,22,114
07/22/2015,ACT,TX,ASW,CE,Combined TRACON& Tower with Radar,0,12,20,20,52,0,6,23,0,29,0,18,43,20,81,14,0,14,95
07/23/2015,ACT,TX,ASW,CE,Combined TRACON& Tower with Radar,0,11,27,5,43,0,3,41,4,48,0,14,68,9,91,30,14,44,135
07/24/2015,ACT,TX,ASW,CE,Combined TRACON& Tower with Radar,0,17,23,35,75,0,4,22,7,33,0,21,45,42,108,0,38,38,146
07/25/2015,ACT,TX,ASW,CE,Combined TRACON& Tower with Radar,0,12,16,0,28,0,0,26,2,28,0,12,42,2,56,7,6,13,69
07/26/2015,ACT,TX,ASW,CE,Combined TRACON& Tower with Radar,0,11,23,31,65,0,0,29,1,30,0,11,52,32,95,6,0,6,101
07/27/2015,ACT,TX,ASW,CE,Combined TRACON& Tower with Radar,0,15,16,6,37,0,5,38,0,43,0,20,54,6,80,2,16,18,98
07/28/2015,ACT,TX,ASW,CE,Combined TRACON& Tower with Radar,0,11,25,12,48,0,9,36,1,46,0,20,61,13,94,8,0,8,102
07/29/2015,ACT,TX,ASW,CE,Combined TRACON& Tower with Radar,0,16,30,15,61,0,4,31,4,39,0,20,61,19,100,12,8,20,120
07/30/2015,ACT,TX,ASW,CE,Combined TRACON& Tower with Radar,0,9,36,9,54,0,1,33,1,35,0,10,69,10,89,2,0,2,91
07/31/2015,ACT,TX,ASW,CE,Combined TRACON& Tower with Radar,0,9,26,21,56,0,2,46,0,48,0,11,72,21,104,50,0,50,154
08/01/2015,ACT,TX,ASW,CE,Combined TRACON& Tower with Radar,2,7,19,4,32,0,3,25,0,28,2,10,44,4,60,28,0,28,88
08/02/2015,ACT,TX,ASW,CE,Combined TRACON& Tower with Radar,0,9,16,1,26,0,0,14,1,15,0,9,30,2,41,0,6,6,47
08/03/2015,ACT,TX,ASW,CE,Combined TRACON& Tower with Radar,0,14,23,12,49,0,3,23,2,28,0,17,46,14,77,2,18,20,97
08/04/2015,ACT,TX,ASW,CE,Combined TRACON& Tower with Radar,0,10,29,21,60,0,0,32,2,34,0,10,61,23,94,2,0,2,96
08/05/2015,ACT,TX,ASW,CE,Combined TRACON& Tower with Radar,2,9,26,21,58,0,0,21,1,22,2,9,47,22,80,12,0,12,92
08/06/2015,ACT,TX,ASW,CE,Combined TRACON& Tower with Radar,0,11,30,24,65,0,0,26,1,27,0,11,56,25,92,29,0,29,121
08/07/2015,ACT,TX,ASW,CE,Combined TRACON& Tower with Radar,0,12,22,49,83,0,0,19,5,24,0,12,41,54,107,16,2,18,125
08/08/2015,ACT,TX,ASW,CE,Combined TRACON& Tower with Radar,0,7,9,0,16,0,5,31,0,36,0,12,40,0,52,0,0,0,52
08/09/2015,ACT,TX,ASW,CE,Combined TRACON& Tower with Radar,0,9,11,8,28,0,0,26,0,26,0,9,37,8,54,28,4,32,86
08/10/2015,ACT,TX,ASW,CE,Combined TRACON& Tower with Radar,0,9,23,28,60,0,0,23,0,23,0,9,46,28,83,20,0,20,103
08/11/2015,ACT,TX,ASW,CE,Combined TRACON& Tower with Radar,0,15,38,21,74,0,9,29,0,38,0,24,67,21,112,3,0,3,115
08/12/2015,ACT,TX,ASW,CE,Combined TRACON& Tower with Radar,0,9,32,14,55,0,1,29,0,30,0,10,61,14,85,32,0,32,117
08/13/2015,ACT,TX,ASW,CE,Combined TRACON& Tower with Radar,0,9,32,14,55,0,1,34,14,49,0,10,66,28,104,20,0,20,124
08/14/2015,ACT,TX,ASW,CE,Combined TRACON& Tower with Radar,0,11,21,17,49,0,4,24,0,28,0,15,45,17,77,44,0,44,121
08/15/2015,ACT,TX,ASW,CE,Combined TRACON& Tower with Radar,0,7,6,0,13,0,0,29,1,30,0,7,35,1,43,26,0,26,69
08/16/2015,ACT,TX,ASW,CE,Combined TRACON& Tower with Radar,0,9,5,6,20,0,5,4,0,9,0,14,9,6,29,0,6,6,35
08/17/2015,ACT,TX,ASW,CE,Combined TRACON& Tower with Radar,2,10,13,5,30,0,3,32,2,37,2,13,45,7,67,12,0,12,79
08/18/2015,ACT,TX,ASW,CE,Combined TRACON& Tower with Radar,2,10,28,27,67,0,2,35,0,37,2,12,63,27,104,6,0,6,110
08/19/2015,ACT,TX,ASW,CE,Combined TRACON& Tower with Radar,2,13,34,27,76,0,7,7,2,16,2,20,41,29,92,4,0,4,96
08/20/2015,ACT,TX,ASW,CE,Combined TRACON& Tower with Radar,2,18,16,2,38,0,0,0,0,0,2,18,16,2,38,21,0,21,59
08/21/2015,ACT,TX,ASW,CE,Combined TRACON& Tower with Radar,2,16,26,37,81,0,0,26,1,27,2,16,52,38,108,14,6,20,128
08/22/2015,ACT,TX,ASW,CE,Combined TRACON& Tower with Radar,0,6,11,4,21,0,0,14,1,15,0,6,25,5,36,4,0,4,40
08/23/2015,ACT,TX,ASW,CE,Combined TRACON& Tower with Radar,0,13,26,6,45,0,2,18,0,20,0,15,44,6,65,32,0,32,97
08/24/2015,ACT,TX,ASW,CE,Combined TRACON& Tower with Radar,0,9,14,22,45,0,4,18,0,22,0,13,32,22,67,0,0,0,67
08/25/2015,ACT,TX,ASW,CE,Combined TRACON& Tower with Radar,2,9,28,11,50,0,2,32,0,34,2,11,60,11,84,24,0,24,108
08/26/2015,ACT,TX,ASW,CE,Combined TRACON& Tower with Radar,0,11,31,25,67,0,2,19,1,22,0,13,50,26,89,26,0,26,115
08/27/2015,ACT,TX,ASW,CE,Combined TRACON& Tower with Radar,0,15,23,20,58,0,2,27,4,33,0,17,50,24,91,12,0,12,103
08/28/2015,ACT,TX,ASW,CE,Combined TRACON& Tower with Radar,0,12,22,43,77,0,2,41,0,43,0,14,63,43,120,34,4,38,158
08/29/2015,ACT,TX,ASW,CE,Combined TRACON& Tower with Radar,0,6,10,2,18,0,0,36,0,36,0,6,46,2,54,12,0,12,66
08/30/2015,ACT,TX,ASW,CE,Combined TRACON& Tower with Radar,0,9,16,0,25,0,0,15,0,15,0,9,31,0,40,0,0,0,40
08/31/2015,ACT,TX,ASW,CE,Combined TRACON& Tower with Radar,0,11,14,2,27,0,7,28,0,35,0,18,42,2,62,0,0,0,62
09/01/2015,ACT,TX,ASW,CE,Combined TRACON& Tower with Radar,0,15,23,16,54,0,0,33,2,35,0,15,56,18,89,14,0,14,103
09/02/2015,ACT,TX,ASW,CE,Combined TRACON& Tower with Radar,0,13,23,11,47,0,0,33,0,33,0,13,56,11,80,8,10,18,98
09/03/2015,ACT,TX,ASW,CE,Combined TRACON& Tower with Radar,0,11,31,8,50,0,0,22,2,24,0,11,53,10,74,42,0,42,116
09/04/2015,ACT,TX,ASW,CE,Combined TRACON& Tower with Radar,0,22,30,6,58,0,6,23,0,29,0,28,53,6,87,8,0,8,95
09/05/2015,ACT,TX,ASW,CE,Combined TRACON& Tower with Radar,0,7,21,0,28,0,3,34,0,37,0,10,55,0,65,38,0,38,103
09/06/2015,ACT,TX,ASW,CE,Combined TRACON& Tower with Radar,0,5,16,0,21,0,0,27,1,28,0,5,43,1,49,0,0,0,49
09/07/2015,ACT,TX,ASW,CE,Combined TRACON& Tower with Radar,0,11,15,0,26,0,5,25,0,30,0,16,40,0,56,0,0,0,56
09/08/2015,ACT,TX,ASW,CE,Combined TRACON& Tower with Radar,0,13,30,17,60,0,2,13,7,22,0,15,43,24,82,0,0,0,82
09/09/2015,ACT,TX,ASW,CE,Combined TRACON& Tower with Radar,0,12,26,21,59,0,0,11,2,13,0,12,37,23,72,22,0,22,94
09/10/2015,ACT,TX,ASW,CE,Combined TRACON& Tower with Radar,0,9,26,22,57,0,0,16,0,16,0,9,42,22,73,2,0,2,75
09/11/2015,ACT,TX,ASW,CE,Combined TRACON& Tower with Radar,0,11,44,57,112,0,0,24,7,31,0,11,68,64,143,2,4,6,149
09/12/2015,ACT,TX,ASW,CE,Combined TRACON& Tower with Radar,0,5,39,1,45,0,0,38,0,38,0,5,77,1,83,2,0,2,85
09/13/2015,ACT,TX,ASW,CE,Combined TRACON& Tower with Radar,0,10,52,0,62,0,2,26,0,28,0,12,78,0,90,2,0,2,92
09/14/2015,ACT,TX,ASW,CE,Combined TRACON& Tower with Radar,0,15,20,14,49,0,3,28,1,32,0,18,48,15,81,14,0,14,95
09/15/2015,ACT,TX,ASW,CE,Combined TRACON& Tower with Radar,0,18,44,26,88,0,0,9,5,14,0,18,53,31,102,18,72,90,192
09/16/2015,ACT,TX,ASW,CE,Combined TRACON& Tower with Radar,0,12,36,32,80,0,8,24,2,34,0,20,60,34,114,0,0,0,114
09/17/2015,ACT,TX,ASW,CE,Combined TRACON& Tower with Radar,0,13,36,13,62,0,7,33,2,42,0,20,69,15,104,12,26,38,142
09/18/2015,ACT,TX,ASW,CE,Combined TRACON& Tower with Radar,0,13,25,42,80,0,6,33,2,41,0,19,58,44,121,6,0,6,127
09/19/2015,ACT,TX,ASW,CE,Combined TRACON& Tower with Radar,0,5,7,0,12,0,0,7,0,7,0,5,14,0,19,3,0,3,22
09/20/2015,ACT,TX,ASW,CE,Combined TRACON& Tower with Radar,0,21,18,22,61,0,1,10,2,13,0,22,28,24,74,6,0,6,80
09/21/2015,ACT,TX,ASW,CE,Combined TRACON& Tower with Radar,0,11,35,11,57,0,0,26,2,28,0,11,61,13,85,42,0,42,127
09/22/2015,ACT,TX,ASW,CE,Combined TRACON& Tower with Radar,0,9,39,21,69,0,2,21,1,24,0,11,60,22,93,8,16,24,117
09/23/2015,ACT,TX,ASW,CE,Combined TRACON& Tower with Radar,0,11,15,16,42,0,0,23,0,23,0,11,38,16,65,14,0,14,79
09/24/2015,ACT,TX,ASW,CE,Combined TRACON& Tower with Radar,0,11,33,15,59,0,0,19,1,20,0,11,52,16,79,32,0,32,111
09/25/2015,ACT,TX,ASW,CE,Combined TRACON& Tower with Radar,0,13,46,18,77,0,0,34,2,36,0,13,80,20,113,18,0,18,131
09/26/2015,ACT,TX,ASW,CE,Combined TRACON& Tower with Radar,0,9,37,0,46,0,6,29,0,35,0,15,66,0,81,10,0,10,91
09/27/2015,ACT,TX,ASW,CE,Combined TRACON& Tower with Radar,0,12,16,12,40,0,0,31,1,32,0,12,47,13,72,0,0,0,72
09/28/2015,ACT,TX,ASW,CE,Combined TRACON& Tower with Radar,0,10,26,9,45,0,2,40,0,42,0,12,66,9,87,8,0,8,95
09/29/2015,ACT,TX,ASW,CE,Combined TRACON& Tower with Radar,0,13,29,22,64,0,4,28,3,35,0,17,57,25,99,20,0,20,119
09/30/2015,ACT,TX,ASW,CE,Combined TRACON& Tower with Radar,0,9,35,16,60,0,0,23,0,23,0,9,58,16,83,12,0,12,95
10/01/2015,ACT,TX,ASW,CE,Combined TRACON& Tower with Radar,0,10,26,24,60,0,1,30,0,31,0,11,56,24,91,32,0,32,123
10/02/2015,ACT,TX,ASW,CE,Combined TRACON& Tower with Radar,0,9,17,36,62,0,4,34,3,41,0,13,51,39,103,3,6,9,112
10/03/2015,ACT,TX,ASW,CE,Combined TRACON& Tower with Radar,0,11,20,2,33,0,3,37,4,44,0,14,57,6,77,12,5,17,94
10/04/2015,ACT,TX,ASW,CE,Combined TRACON& Tower with Radar,0,10,28,1,39,0,3,29,5,37,0,13,57,6,76,12,5,17,93
10/05/2015,ACT,TX,ASW,CE,Combined TRACON& Tower with Radar,0,10,23,13,46,0,5,26,0,31,0,15,49,13,77,12,0,12,89
10/06/2015,ACT,TX,ASW,CE,Combined TRACON& Tower with Radar,0,18,47,25,90,0,4,41,14,59,0,22,88,39,149,14,0,14,163
10/07/2015,ACT,TX,ASW,CE,Combined TRACON& Tower with Radar,0,13,26,9,48,0,4,28,0,32,0,17,54,9,80,16,0,16,96
10/08/2015,ACT,TX,ASW,CE,Combined TRACON& Tower with Radar,2,14,21,15,52,0,8,14,1,23,2,22,35,16,75,12,2,14,89
10/09/2015,ACT,TX,ASW,CE,Combined TRACON& Tower with Radar,2,9,33,12,56,0,13,32,4,49,2,22,65,16,105,26,2,28,133
10/10/2015,ACT,TX,ASW,CE,Combined TRACON& Tower with Radar,2,7,14,0,23,0,0,23,0,23,2,7,37,0,46,2,0,2,48
10/11/2015,ACT,TX,ASW,CE,Combined TRACON& Tower with Radar,0,10,13,0,23,0,0,29,0,29,0,10,42,0,52,0,0,0,52
10/12/2015,ACT,TX,ASW,CE,Combined TRACON& Tower with Radar,2,11,29,0,42,0,0,27,0,27,2,11,56,0,69,3,0,3,72
10/13/2015,ACT,TX,ASW,CE,Combined TRACON& Tower with Radar,0,12,24,17,53,0,11,23,5,39,0,23,47,22,92,3,54,57,149
10/14/2015,ACT,TX,ASW,CE,Combined TRACON& Tower with Radar,0,12,24,11,47,0,2,20,0,22,0,14,44,11,69,0,0,0,69
10/15/2015,ACT,TX,ASW,CE,Combined TRACON& Tower with Radar,0,11,45,15,71,0,0,28,0,28,0,11,73,15,99,1,0,1,100
10/16/2015,ACT,TX,ASW,CE,Combined TRACON& Tower with Radar,1,12,31,21,65,0,0,33,3,36,1,12,64,24,101,45,0,45,146
10/17/2015,ACT,TX,ASW,CE,Combined TRACON& Tower with Radar,1,18,37,4,60,0,3,27,1,31,1,21,64,5,91,4,0,4,95
10/18/2015,ACT,TX,ASW,CE,Combined TRACON& Tower with Radar,0,14,15,14,43,0,2,40,0,42,0,16,55,14,85,8,16,24,109
10/19/2015,ACT,TX,ASW,CE,Combined TRACON& Tower with Radar,0,13,20,21,54,0,0,27,1,28,0,13,47,22,82,2,6,8,90
10/20/2015,ACT,TX,ASW,CE,Combined TRACON& Tower with Radar,0,19,29,16,64,0,0,38,1,39,0,19,67,17,103,24,2,26,129
10/21/2015,ACT,TX,ASW,CE,Combined TRACON& Tower with Radar,0,11,28,30,69,0,2,15,0,17,0,13,43,30,86,4,0,4,90
10/22/2015,ACT,TX,ASW,CE,Combined TRACON& Tower with Radar,0,10,14,19,43,0,0,6,1,7,0,10,20,20,50,8,6,14,64
10/23/2015,ACT,TX,ASW,CE,Combined TRACON& Tower with Radar,1,2,11,0,14,0,0,0,0,0,1,2,11,0,14,0,0,0,14
10/24/2015,ACT,TX,ASW,CE,Combined TRACON& Tower with Radar,1,12,6,0,19,0,0,0,0,0,1,12,6,0,19,0,0,0,19
10/25/2015,ACT,TX,ASW,CE,Combined TRACON& Tower with Radar,0,13,21,0,34,0,0,2,0,2,0,13,23,0,36,0,0,0,36
10/26/2015,ACT,TX,ASW,CE,Combined TRACON& Tower with Radar,0,16,22,9,47,0,4,22,7,33,0,20,44,16,80,20,18,38,118
10/27/2015,ACT,TX,ASW,CE,Combined TRACON& Tower with Radar,0,9,30,14,53,0,8,44,5,57,0,17,74,19,110,16,0,16,126
10/28/2015,ACT,TX,ASW,CE,Combined TRACON& Tower with Radar,0,14,25,45,84,0,8,28,1,37,0,22,53,46,121,14,2,16,137
10/29/2015,ACT,TX,ASW,CE,Combined TRACON& Tower with Radar,0,9,37,59,105,0,4,54,2,60,0,13,91,61,165,8,0,8,173
10/30/2015,ACT,TX,ASW,CE,Combined TRACON& Tower with Radar,0,6,4,0,10,0,0,0,0,0,0,6,4,0,10,0,0,0,10
10/31/2015,ACT,TX,ASW,CE,Combined TRACON& Tower with Radar,0,10,27,0,37,0,0,2,0,2,0,10,29,0,39,0,0,0,39
11/01/2015,ACT,TX,ASW,CE,Combined TRACON& Tower with Radar,0,12,18,0,30,0,0,1,0,1,0,12,19,0,31,0,0,0,31
11/02/2015,ACT,TX,ASW,CE,Combined TRACON& Tower with Radar,0,5,27,4,36,0,3,18,0,21,0,8,45,4,57,24,16,40,97
11/03/2015,ACT,TX,ASW,CE,Combined TRACON& Tower with Radar,0,15,22,8,45,0,5,32,3,40,0,20,54,11,85,4,4,8,93
11/04/2015,ACT,TX,ASW,CE,Combined TRACON& Tower with Radar,2,32,33,12,79,0,4,7,2,13,2,36,40,14,92,12,0,12,104
11/05/2015,ACT,TX,ASW,CE,Combined TRACON& Tower with Radar,0,16,24,2,42,0,0,1,2,3,0,16,25,4,45,0,4,4,49
11/06/2015,ACT,TX,ASW,CE,Combined TRACON& Tower with Radar,0,24,16,6,46,0,1,26,0,27,0,25,42,6,73,36,0,36,109
11/07/2015,ACT,TX,ASW,CE,Combined TRACON& Tower with Radar,0,9,18,2,29,0,2,7,0,9,0,11,25,2,38,8,0,8,46
11/08/2015,ACT,TX,ASW,CE,Combined TRACON& Tower with Radar,0,13,21,0,34,0,4,41,0,45,0,17,62,0,79,24,16,40,119
11/09/2015,ACT,TX,ASW,CE,Combined TRACON& Tower with Radar,0,11,44,22,77,0,9,34,0,43,0,20,78,22,120,28,2,30,150
11/10/2015,ACT,TX,ASW,CE,Combined TRACON& Tower with Radar,0,21,20,12,53,0,2,15,0,17,0,23,35,12,70,10,8,18,88
11/11/2015,ACT,TX,ASW,CE,Combined TRACON& Tower with Radar,0,25,22,0,47,0,2,17,2,21,0,27,39,2,68,9,8,17,85
11/12/2015,ACT,TX,ASW,CE,Combined TRACON& Tower with Radar,0,14,32,20,66,0,6,23,16,45,0,20,55,36,111,4,50,54,165
11/13/2015,ACT,TX,ASW,CE,Combined TRACON& Tower with Radar,4,15,44,30,93,0,6,45,1,52,4,21,89,31,145,48,0,48,193
11/14/2015,ACT,TX,ASW,CE,Combined TRACON& Tower with Radar,1,20,49,0,70,0,2,18,2,22,1,22,67,2,92,14,0,14,106
11/15/2015,ACT,TX,ASW,CE,Combined TRACON& Tower with Radar,0,16,60,0,76,0,0,13,0,13,0,16,73,0,89,16,0,16,105
11/16/2015,ACT,TX,ASW,CE,Combined TRACON& Tower with Radar,2,17,43,0,62,0,2,0,0,2,2,19,43,0,64,0,0,0,64
11/17/2015,ACT,TX,ASW,CE,Combined TRACON& Tower with Radar,0,10,39,37,86,0,1,24,3,28,0,11,63,40,114,22,12,34,148
11/18/2015,ACT,TX,ASW,CE,Combined TRACON& Tower with Radar,0,9,49,38,96,0,5,46,4,55,0,14,95,42,151,90,0,90,241
11/19/2015,ACT,TX,ASW,CE,Combined TRACON& Tower with Radar,0,9,17,18,44,0,1,45,3,49,0,10,62,21,93,37,0,37,130
11/20/2015,ACT,TX,ASW,CE,Combined TRACON& Tower with Radar,2,10,43,36,91,0,0,36,4,40,2,10,79,40,131,34,16,50,181
11/21/2015,ACT,TX,ASW,CE,Combined TRACON& Tower with Radar,0,8,6,22,36,0,0,5,0,5,0,8,11,22,41,2,0,2,43
11/22/2015,ACT,TX,ASW,CE,Combined TRACON& Tower with Radar,0,10,11,12,33,0,0,26,0,26,0,10,37,12,59,6,0,6,65
11/23/2015,ACT,TX,ASW,CE,Combined TRACON& Tower with Radar,0,8,33,17,58,0,1,44,4,49,0,9,77,21,107,40,8,48,155
11/24/2015,ACT,TX,ASW,CE,Combined TRACON& Tower with Radar,0,14,36,16,66,0,0,14,0,14,0,14,50,16,80,8,0,8,88
11/25/2015,ACT,TX,ASW,CE,Combined TRACON& Tower with Radar,0,11,9,8,28,0,0,6,0,6,0,11,15,8,34,0,0,0,34
11/26/2015,ACT,TX,ASW,CE,Combined TRACON& Tower with Radar,0,7,2,0,9,0,2,2,0,4,0,9,4,0,13,0,0,0,13
11/27/2015,ACT,TX,ASW,CE,Combined TRACON& Tower with Radar,0,8,4,0,12,0,0,0,0,0,0,8,4,0,12,0,0,0,12
11/28/2015,ACT,TX,ASW,CE,Combined TRACON& Tower with Radar,0,11,8,0,19,0,0,0,0,0,0,11,8,0,19,0,0,0,19
11/29/2015,ACT,TX,ASW,CE,Combined TRACON& Tower with Radar,0,12,14,0,26,0,0,0,0,0,0,12,14,0,26,0,0,0,26
11/30/2015,ACT,TX,ASW,CE,Combined TRACON& Tower with Radar,0,9,28,6,43,0,0,0,0,0,0,9,28,6,43,0,0,0,43
12/01/2015,ACT,TX,ASW,CE,Combined TRACON& Tower with Radar,0,15,35,15,65,0,2,25,0,27,0,17,60,15,92,12,0,12,104
12/02/2015,ACT,TX,ASW,CE,Combined TRACON& Tower with Radar,0,10,43,26,79,0,4,25,1,30,0,14,68,27,109,32,0,32,141
12/03/2015,ACT,TX,ASW,CE,Combined TRACON& Tower with Radar,0,11,31,12,54,0,4,32,2,38,0,15,63,14,92,46,6,52,144
12/04/2015,ACT,TX,ASW,CE,Combined TRACON& Tower with Radar,0,9,12,41,62,0,3,32,0,35,0,12,44,41,97,9,6,15,112
12/05/2015,ACT,TX,ASW,CE,Combined TRACON& Tower with Radar,0,9,44,0,53,0,0,37,0,37,0,9,81,0,90,24,0,24,114
12/06/2015,ACT,TX,ASW,CE,Combined TRACON& Tower with Radar,0,12,23,1,36,0,0,20,0,20,0,12,43,1,56,10,0,10,66
12/07/2015,ACT,TX,ASW,CE,Combined TRACON& Tower with Radar,0,12,20,20,52,0,3,37,1,41,0,15,57,21,93,16,8,24,117
12/08/2015,ACT,TX,ASW,CE,Combined TRACON& Tower with Radar,0,13,39,19,71,0,1,41,1,43,0,14,80,20,114,4,0,4,118
12/09/2015,ACT,TX,ASW,CE,Combined TRACON& Tower with Radar,0,12,51,22,85,0,6,48,1,55,0,18,99,23,140,22,0,22,162
12/10/2015,ACT,TX,ASW,CE,Combined TRACON& Tower with Radar,0,9,37,35,81,0,6,49,4,59,0,15,86,39,140,44,8,52,192
12/11/2015,ACT,TX,ASW,CE,Combined TRACON& Tower with Radar,0,9,36,9,54,0,11,16,1,28,0,20,52,10,82,25,10,35,117
12/12/2015,ACT,TX,ASW,CE,Combined TRACON& Tower with Radar,0,9,16,0,25,0,0,3,0,3,0,9,19,0,28,0,0,0,28
12/13/2015,ACT,TX,ASW,CE,Combined TRACON& Tower with Radar,0,14,21,8,43,0,0,13,0,13,0,14,34,8,56,12,0,12,68
12/14/2015,ACT,TX,ASW,CE,Combined TRACON& Tower with Radar,0,15,30,9,54,0,6,34,8,48,0,21,64,17,102,16,32,48,150
12/15/2015,ACT,TX,ASW,CE,Combined TRACON& Tower with Radar,0,15,65,12,92,0,3,4,0,7,0,18,69,12,99,0,0,0,99
12/16/2015,ACT,TX,ASW,CE,Combined TRACON& Tower with Radar,0,12,30,23,65,0,7,25,3,35,0,19,55,26,100,9,9,18,118
12/17/2015,ACT,TX,ASW,CE,Combined TRACON& Tower with Radar,0,12,23,17,52,0,4,24,1,29,0,16,47,18,81,44,0,44,125
12/18/2015,ACT,TX,ASW,CE,Combined TRACON& Tower with Radar,0,15,26,48,89,0,5,29,1,35,0,20,55,49,124,16,0,16,140
12/19/2015,ACT,TX,ASW,CE,Combined TRACON& Tower with Radar,0,14,26,9,49,0,0,30,0,30,0,14,56,9,79,8,10,18,97
12/20/2015,ACT,TX,ASW,CE,Combined TRACON& Tower with Radar,0,9,7,3,19,0,0,6,0,6,0,9,13,3,25,0,0,0,25
12/21/2015,ACT,TX,ASW,CE,Combined TRACON& Tower with Radar,0,13,14,2,29,0,0,20,2,22,0,13,34,4,51,4,0,4,55
12/22/2015,ACT,TX,ASW,CE,Combined TRACON& Tower with Radar,4,17,17,17,55,0,2,25,0,27,4,19,42,17,82,6,0,6,88
12/23/2015,ACT,TX,ASW,CE,Combined TRACON& Tower with Radar,0,9,12,8,29,0,4,19,1,24,0,13,31,9,53,0,0,0,53
12/24/2015,ACT,TX,ASW,CE,Combined TRACON& Tower with Radar,4,8,14,0,26,0,6,20,0,26,4,14,34,0,52,19,0,19,71
12/25/2015,ACT,TX,ASW,CE,Combined TRACON& Tower with Radar,0,9,2,0,11,0,1,4,0,5,0,10,6,0,16,4,0,4,20
12/26/2015,ACT,TX,ASW,CE,Combined TRACON& Tower with Radar,0,19,8,0,27,0,2,0,0,2,0,21,8,0,29,0,0,0,29
12/27/2015,ACT,TX,ASW,CE,Combined TRACON& Tower with Radar,1,22,4,0,27,0,0,0,0,0,1,22,4,0,27,0,0,0,27
12/28/2015,ACT,TX,ASW,CE,Combined TRACON& Tower with Radar,1,18,6,0,25,0,0,4,0,4,1,18,10,0,29,0,0,0,29
12/29/2015,ACT,TX,ASW,CE,Combined TRACON& Tower with Radar,0,11,21,0,32,0,4,17,0,21,0,15,38,0,53,14,0,14,67
12/30/2015,ACT,TX,ASW,CE,Combined TRACON& Tower with Radar,4,13,23,0,40,0,2,13,1,16,4,15,36,1,56,20,0,20,76
12/31/2015,ACT,TX,ASW,CE,Combined TRACON& Tower with Radar,0,8,14,0,22,0,2,10,0,12,0,10,24,0,34,0,0,0,34
01/01/2016,ACT,TX,ASW,CE,Combined TRACON& Tower with Radar,0,13,8,0,21,0,2,7,0,9,0,15,15,0,30,0,0,0,30
01/02/2016,ACT,TX,ASW,CE,Combined TRACON& Tower with Radar,0,17,35,1,53,0,1,31,0,32,0,18,66,1,85,4,0,4,89
01/03/2016,ACT,TX,ASW,CE,Combined TRACON& Tower with Radar,0,9,20,0,29,0,2,29,0,31,0,11,49,0,60,8,0,8,68
01/04/2016,ACT,TX,ASW,CE,Combined TRACON& Tower with Radar,0,11,23,12,46,0,0,30,2,32,0,11,53,14,78,20,0,20,98
01/05/2016,ACT,TX,ASW,CE,Combined TRACON& Tower with Radar,0,12,28,3,43,0,0,22,5,27,0,12,50,8,70,8,2,10,80
01/06/2016,ACT,TX,ASW,CE,Combined TRACON& Tower with Radar,0,13,26,13,52,0,0,6,0,6,0,13,32,13,58,0,0,0,58
01/07/2016,ACT,TX,ASW,CE,Combined TRACON& Tower with Radar,0,14,36,8,58,0,5,34,0,39,0,19,70,8,97,20,0,20,117
01/08/2016,ACT,TX,ASW,CE,Combined TRACON& Tower with Radar,2,9,24,11,46,0,0,5,0,5,2,9,29,11,51,0,0,0,51
01/09/2016,ACT,TX,ASW,CE,Combined TRACON& Tower with Radar,1,8,13,8,30,0,0,4,0,4,1,8,17,8,34,0,0,0,34
01/10/2016,ACT,TX,ASW,CE,Combined TRACON& Tower with Radar,0,13,18,11,42,0,2,31,4,37,0,15,49,15,79,8,0,8,87
01/11/2016,ACT,TX,ASW,CE,Combined TRACON& Tower with Radar,1,16,30,3,50,0,7,31,2,40,1,23,61,5,90,14,2,16,106
01/12/2016,ACT,TX,ASW,CE,Combined TRACON& Tower with Radar,1,10,32,14,57,0,5,48,8,61,1,15,80,22,118,18,16,34,152
01/13/2016,ACT,TX,ASW,CE,Combined TRACON& Tower with Radar,0,20,40,14,74,0,5,38,2,45,0,25,78,16,119,29,0,29,148
01/14/2016,ACT,TX,ASW,CE,Combined TRACON& Tower with Radar,0,19,32,12,63,0,5,16,3,24,0,24,48,15,87,66,34,100,187
01/15/2016,ACT,TX,ASW,CE,Combined TRACON& Tower with Radar,0,16,19,34,69,0,2,22,2,26,0,18,41,36,95,20,6,26,121
01/16/2016,ACT,TX,ASW,CE,Combined TRACON& Tower with Radar,0,12,8,0,20,0,4,1,0,5,0,16,9,0,25,0,0,0,25
01/17/2016,ACT,TX,ASW,CE,Combined TRACON& Tower with Radar,0,8,11,4,23,0,0,24,0,24,0,8,35,4,47,4,0,4,51
01/18/2016,ACT,TX,ASW,CE,Combined TRACON& Tower with Radar,0,13,17,4,34,0,0,29,0,29,0,13,46,4,63,18,0,18,81
01/19/2016,ACT,TX,ASW,CE,Combined TRACON& Tower with Radar,0,10,42,13,65,0,0,21,4,25,0,10,63,17,90,22,0,22,112
01/20/2016,ACT,TX,ASW,CE,Combined TRACON& Tower with Radar,0,9,27,19,55,0,2,30,1,33,0,11,57,20,88,10,0,10,98
01/21/2016,ACT,TX,ASW,CE,Combined TRACON& Tower with Radar,0,17,21,7,45,0,0,2,2,4,0,17,23,9,49,0,36,36,85
01/22/2016,ACT,TX,ASW,CE,Combined TRACON& Tower with Radar,0,14,40,25,79,0,2,26,2,30,0,16,66,27,109,2,0,2,111
01/23/2016,ACT,TX,ASW,CE,Combined TRACON& Tower with Radar,0,15,21,9,45,0,2,32,2,36,0,17,53,11,81,20,0,20,101
01/24/2016,ACT,TX,ASW,CE,Combined TRACON& Tower with Radar,0,17,20,18,55,0,1,22,1,24,0,18,42,19,79,2,0,2,81
01/25/2016,ACT,TX,ASW,CE,Combined TRACON& Tower with Radar,0,13,41,14,68,0,2,17,1,20,0,15,58,15,88,2,0,2,90
01/26/2016,ACT,TX,ASW,CE,Combined TRACON& Tower with Radar,2,8,24,17,51,0,4,27,0,31,2,12,51,17,82,40,4,44,126
01/27/2016,ACT,TX,ASW,CE,Combined TRACON& Tower with Radar,0,16,53,18,87,0,2,42,1,45,0,18,95,19,132,20,0,20,152
01/28/2016,ACT,TX,ASW,CE,Combined TRACON& Tower with Radar,0,9,51,12,72,0,7,51,0,58,0,16,102,12,130,28,0,28,158
01/29/2016,ACT,TX,ASW,CE,Combined TRACON& Tower with Radar,2,15,31,34,82,0,5,32,2,39,2,20,63,36,121,24,0,24,145
01/30/2016,ACT,TX,ASW,CE,Combined TRACON& Tower with Radar,4,10,21,2,37,0,2,47,4,53,4,12,68,6,90,22,0,22,112
01/31/2016,ACT,TX,ASW,CE,Combined TRACON& Tower with Radar,0,13,24,5,42,0,6,21,1,28,0,19,45,6,70,2,0,2,72
02/01/2016,ACT,TX,ASW,CE,Combined TRACON& Tower with Radar,0,14,28,11,53,0,2,25,1,28,0,16,53,12,81,6,0,6,87
02/02/2016,ACT,TX,ASW,CE,Combined TRACON& Tower with Radar,0,9,24,16,49,0,6,28,11,45,0,15,52,27,94,8,6,14,108
02/03/2016,ACT,TX,ASW,CE,Combined TRACON& Tower with Radar,0,9,39,18,66,0,3,34,2,39,0,12,73,20,105,22,0,22,127
02/04/2016,ACT,TX,ASW,CE,Combined TRACON& Tower with Radar,0,11,42,15,68,0,2,32,0,34,0,13,74,15,102,4,0,4,106
02/05/2016,ACT,TX,ASW,CE,Combined TRACON& Tower with Radar,2,12,34,20,68,0,9,34,3,46,2,21,68,23,114,8,14,22,136
02/06/2016,ACT,TX,ASW,CE,Combined TRACON& Tower with Radar,0,8,13,1,22,0,4,20,0,24,0,12,33,1,46,1,0,1,47
02/07/2016,ACT,TX,ASW,CE,Combined TRACON& Tower with Radar,0,12,21,2,35,0,2,21,0,23,0,14,42,2,58,2,0,2,60
02/08/2016,ACT,TX,ASW,CE,Combined TRACON& Tower with Radar,0,12,22,18,52,0,8,19,0,27,0,20,41,18,79,12,0,12,91
02/09/2016,ACT,TX,ASW,CE,Combined TRACON& Tower with Radar,2,11,23,11,47,0,2,36,0,38,2,13,59,11,85,14,0,14,99
02/10/2016,ACT,TX,ASW,CE,Combined TRACON& Tower with Radar,0,10,20,18,48,0,1,34,1,36,0,11,54,19,84,8,4,12,96
02/11/2016,ACT,TX,ASW,CE,Combined TRACON& Tower with Radar,0,16,31,56,103,0,2,39,2,43,0,18,70,58,146,38,6,44,190
02/12/2016,ACT,TX,ASW,CE,Combined TRACON& Tower with Radar,0,13,47,17,77,0,2,65,2,69,0,15,112,19,146,26,0,26,172
02/13/2016,ACT,TX,ASW,CE,Combined TRACON& Tower with Radar,0,16,37,12,65,0,0,31,2,33,0,16,68,14,98,32,4,36,134
02/14/2016,ACT,TX,ASW,CE,Combined TRACON& Tower with Radar,0,11,25,0,36,0,0,11,0,11,0,11,36,0,47,10,0,10,57
02/15/2016,ACT,TX,ASW,CE,Combined TRACON& Tower with Radar,0,11,31,0,42,0,0,16,0,16,0,11,47,0,58,0,0,0,58
02/16/2016,ACT,TX,ASW,CE,Combined TRACON& Tower with Radar,0,19,32,11,62,0,6,48,2,56,0,25,80,13,118,20,0,20,138
02/17/2016,ACT,TX,ASW,CE,Combined TRACON& Tower with Radar,0,14,35,20,69,0,4,42,3,49,0,18,77,23,118,6,0,6,124
02/18/2016,ACT,TX,ASW,CE,Combined TRACON& Tower with Radar,0,13,48,23,84,0,2,19,2,23,0,15,67,25,107,8,0,8,115
02/19/2016,ACT,TX,ASW,CE,Combined TRACON& Tower with Radar,0,11,35,32,78,0,4,23,2,29,0,15,58,34,107,10,20,30,137
02/20/2016,ACT,TX,ASW,CE,Combined TRACON& Tower with Radar,0,9,33,22,64,0,4,2,7,13,0,13,35,29,77,0,0,0,77
02/21/2016,ACT,TX,ASW,CE,Combined TRACON& Tower with Radar,0,12,18,1,31,0,0,2,0,2,0,12,20,1,33,0,0,0,33
02/22/2016,ACT,TX,ASW,CE,Combined TRACON& Tower with Radar,1,10,33,6,50,0,1,10,4,15,1,11,43,10,65,10,0,10,75
02/23/2016,ACT,TX,ASW,CE,Combined TRACON& Tower with Radar,1,9,21,5,36,0,0,1,0,1,1,9,22,5,37,0,0,0,37
02/24/2016,ACT,TX,ASW,CE,Combined TRACON& Tower with Radar,0,10,20,27,57,0,6,17,2,25,0,16,37,29,82,8,0,8,90
02/25/2016,ACT,TX,ASW,CE,Combined TRACON& Tower with Radar,0,14,30,14,58,0,6,49,6,61,0,20,79,20,119,24,0,24,143
02/26/2016,ACT,TX,ASW,CE,Combined TRACON& Tower with Radar,0,11,26,14,51,0,0,46,2,48,0,11,72,16,99,16,0,16,115
02/27/2016,ACT,TX,ASW,CE,Combined TRACON& Tower with Radar,0,9,22,7,38,0,0,46,1,47,0,9,68,8,85,18,0,18,103
02/28/2016,ACT,TX,ASW,CE,Combined TRACON& Tower with Radar,0,10,29,2,41,0,5,10,2,17,0,15,39,4,58,0,0,0,58
02/29/2016,ACT,TX,ASW,CE,Combined TRACON& Tower with Radar,0,9,50,6,65,0,0,18,1,19,0,9,68,7,84,20,0,20,104
03/01/2016,ACT,TX,ASW,CE,Combined TRACON& Tower with Radar,0,14,21,20,55,0,2,11,3,16,0,16,32,23,71,21,16,37,108
03/02/2016,ACT,TX,ASW,CE,Combined TRACON& Tower with Radar,0,9,28,12,49,0,2,22,0,24,0,11,50,12,73,0,0,0,73
03/03/2016,ACT,TX,ASW,CE,Combined TRACON& Tower with Radar,0,17,38,26,81,0,2,26,1,29,0,19,64,27,110,16,6,22,132
03/04/2016,ACT,TX,ASW,CE,Combined TRACON& Tower with Radar,1,20,34,42,97,0,6,55,2,63,1,26,89,44,160,20,6,26,186
03/05/2016,ACT,TX,ASW,CE,Combined TRACON& Tower with Radar,1,8,29,30,68,0,0,43,1,44,1,8,72,31,112,18,0,18,130
03/06/2016,ACT,TX,ASW,CE,Combined TRACON& Tower with Radar,0,11,9,2,22,0,0,5,0,5,0,11,14,2,27,2,0,2,29
03/07/2016,ACT,TX,ASW,CE,Combined TRACON& Tower with Radar,0,8,16,6,30,0,0,0,0,0,0,8,16,6,30,0,0,0,30
03/08/2016,ACT,TX,ASW,CE,Combined TRACON& Tower with Radar,2,8,7,0,17,0,4,1,0,5,2,12,8,0,22,0,0,0,22
03/09/2016,ACT,TX,ASW,CE,Combined TRACON& Tower with Radar,0,13,7,4,24,0,0,0,0,0,0,13,7,4,24,0,0,0,24
03/10/2016,ACT,TX,ASW,CE,Combined TRACON& Tower with Radar,0,16,16,9,41,0,0,0,1,1,0,16,16,10,42,0,0,0,42
03/11/2016,ACT,TX,ASW,CE,Combined TRACON& Tower with Radar,0,9,17,0,26,0,0,2,0,2,0,9,19,0,28,0,0,0,28
03/12/2016,ACT,TX,ASW,CE,Combined TRACON& Tower with Radar,2,11,19,14,46,0,0,19,5,24,2,11,38,19,70,12,0,12,82
03/13/2016,ACT,TX,ASW,CE,Combined TRACON& Tower with Radar,0,10,24,1,35,0,5,16,3,24,0,15,40,4,59,4,0,4,63
03/14/2016,ACT,TX,ASW,CE,Combined TRACON& Tower with Radar,2,12,8,18,40,0,2,38,1,41,2,14,46,19,81,18,0,18,99
03/15/2016,ACT,TX,ASW,CE,Combined TRACON& Tower with Radar,2,12,60,20,94,0,6,27,3,36,2,18,87,23,130,56,0,56,186
03/16/2016,ACT,TX,ASW,CE,Combined TRACON& Tower with Radar,3,10,38,18,69,0,8,44,4,56,3,18,82,22,125,18,18,36,161
03/17/2016,ACT,TX,ASW,CE,Combined TRACON& Tower with Radar,3,16,32,16,67,0,0,7,3,10,3,16,39,19,77,4,32,36,113
03/18/2016,ACT,TX,ASW,CE,Combined TRACON& Tower with Radar,3,11,32,24,70,0,0,0,0,0,3,11,32,24,70,6,0,6,76
03/19/2016,ACT,TX,ASW,CE,Combined TRACON& Tower with Radar,4,7,8,31,50,0,0,24,8,32,4,7,32,39,82,8,24,32,114
03/20/2016,ACT,TX,ASW,CE,Combined TRACON& Tower with Radar,0,10,29,0,39,0,0,25,4,29,0,10,54,4,68,10,4,14,82
03/21/2016,ACT,TX,ASW,CE,Combined TRACON& Tower with Radar,0,15,29,7,51,0,8,48,4,60,0,23,77,11,111,26,0,26,137
03/22/2016,ACT,TX,ASW,CE,Combined TRACON& Tower with Radar,0,9,27,14,50,0,2,20,0,22,0,11,47,14,72,0,0,0,72
03/23/2016,ACT,TX,ASW,CE,Combined TRACON& Tower with Radar,0,11,31,24,66,0,2,5,2,9,0,13,36,26,75,2,14,16,91
03/24/2016,ACT,TX,ASW,CE,Combined TRACON& Tower with Radar,0,12,44,19,75,0,5,51,8,64,0,17,95,27,139,30,0,30,169
03/25/2016,ACT,TX,ASW,CE,Combined TRACON& Tower with Radar,0,14,37,16,67,0,2,47,7,56,0,16,84,23,123,6,10,16,139
03/26/2016,ACT,TX,ASW,CE,Combined TRACON& Tower with Radar,0,5,22,0,27,0,0,21,0,21,0,5,43,0,48,16,0,16,64
03/27/2016,ACT,TX,ASW,CE,Combined TRACON& Tower with Radar,0,8,9,0,17,0,0,11,0,11,0,8,20,0,28,0,0,0,28
03/28/2016,ACT,TX,ASW,CE,Combined TRACON& Tower with Radar,0,11,53,27,91,0,8,47,0,55,0,19,100,27,146,10,0,10,156
03/29/2016,ACT,TX,ASW,CE,Combined TRACON& Tower with Radar,0,13,67,23,103,0,2,0,0,2,0,15,67,23,105,0,0,0,105
03/30/2016,ACT,TX,ASW,CE,Combined TRACON& Tower with Radar,0,16,29,15,60,0,0,0,0,0,0,16,29,15,60,0,0,0,60
03/31/2016,ACT,TX,ASW,CE,Combined TRACON& Tower with Radar,0,10,68,21,99,0,5,60,0,65,0,15,128,21,164,11,0,11,175
04/01/2016,ACT,TX,ASW,CE,Combined TRACON& Tower with Radar,0,9,37,24,70,0,2,9,4,15,0,11,46,28,85,0,0,0,85
04/02/2016,ACT,TX,ASW,CE,Combined TRACON& Tower with Radar,0,7,27,8,42,0,2,39,4,45,0,9,66,12,87,32,0,32,119
04/03/2016,ACT,TX,ASW,CE,Combined TRACON& Tower with Radar,0,12,35,7,54,0,3,42,1,46,0,15,77,8,100,4,0,4,104
04/04/2016,ACT,TX,ASW,CE,Combined TRACON& Tower with Radar,0,14,38,25,77,0,3,50,2,55,0,17,88,27,132,20,28,48,180
04/05/2016,ACT,TX,ASW,CE,Combined TRACON& Tower with Radar,0,15,35,19,69,0,6,46,0,52,0,21,81,19,121,74,4,78,199
04/06/2016,ACT,TX,ASW,CE,Combined TRACON& Tower with Radar,0,14,34,25,73,0,4,29,8,41,0,18,63,33,114,14,10,24,138
04/07/2016,ACT,TX,ASW,CE,Combined TRACON& Tower with Radar,0,13,31,11,55,0,4,39,3,46,0,17,70,14,101,43,0,43,144
04/08/2016,ACT,TX,ASW,CE,Combined TRACON& Tower with Radar,0,14,26,30,70,0,7,45,30,82,0,21,71,60,152,18,46,64,216
04/09/2016,ACT,TX,ASW,CE,Combined TRACON& Tower with Radar,0,8,14,2,24,0,0,13,0,13,0,8,27,2,37,18,0,18,55
04/10/2016,ACT,TX,ASW,CE,Combined TRACON& Tower with Radar,0,10,18,2,30,0,2,3,0,5,0,12,21,2,35,0,0,0,35
04/11/2016,ACT,TX,ASW,CE,Combined TRACON& Tower with Radar,0,14,38,12,64,0,4,10,1,15,0,18,48,13,79,20,20,40,119
04/12/2016,ACT,TX,ASW,CE,Combined TRACON& Tower with Radar,0,10,34,12,56,0,2,2,0,4,0,12,36,12,60,2,8,10,70
04/13/2016,ACT,TX,ASW,CE,Combined TRACON& Tower with Radar,4,16,41,5,66,0,0,0,0,0,4,16,41,5,66,0,0,0,66
04/14/2016,ACT,TX,ASW,CE,Combined TRACON& Tower with Radar,0,13,38,14,65,0,0,11,0,11,0,13,49,14,76,16,0,16,92
04/15/2016,ACT,TX,ASW,CE,Combined TRACON& Tower with Radar,0,10,53,29,92,0,0,40,5,45,0,10,93,34,137,70,12,82,219
04/16/2016,ACT,TX,ASW,CE,Combined TRACON& Tower with Radar,0,9,20,25,54,0,2,1,0,3,0,11,21,25,57,0,0,0,57
04/17/2016,ACT,TX,ASW,CE,Combined TRACON& Tower with Radar,0,3,5,0,8,0,0,0,0,0,0,3,5,0,8,0,0,0,8
04/18/2016,ACT,TX,ASW,CE,Combined TRACON& Tower with Radar,2,13,19,6,40,0,0,0,0,0,2,13,19,6,40,0,0,0,40
04/19/2016,ACT,TX,ASW,CE,Combined TRACON& Tower with Radar,0,13,30,18,61,0,0,10,0,10,0,13,40,18,71,18,16,34,105
04/20/2016,ACT,TX,ASW,CE,Combined TRACON& Tower with Radar,0,11,31,34,76,0,11,12,0,23,0,22,43,34,99,6,0,6,105
04/21/2016,ACT,TX,ASW,CE,Combined TRACON& Tower with Radar,0,12,36,19,67,0,4,25,0,29,0,16,61,19,96,0,0,0,96
04/22/2016,ACT,TX,ASW,CE,Combined TRACON& Tower with Radar,2,9,56,4,71,0,2,59,0,61,2,11,115,4,132,49,0,49,181
04/23/2016,ACT,TX,ASW,CE,Combined TRACON& Tower with Radar,0,7,19,0,26,0,18,71,0,89,0,25,90,0,115,46,0,46,161
04/24/2016,ACT,TX,ASW,CE,Combined TRACON& Tower with Radar,0,12,29,3,44,0,0,9,8,17,0,12,38,11,61,0,0,0,61
04/25/2016,ACT,TX,ASW,CE,Combined TRACON& Tower with Radar,0,9,46,15,70,0,2,17,1,20,0,11,63,16,90,10,0,10,100
04/26/2016,ACT,TX,ASW,CE,Combined TRACON& Tower with Radar,0,11,34,37,82,0,0,18,3,21,0,11,52,40,103,0,0,0,103
04/27/2016,ACT,TX,ASW,CE,Combined TRACON& Tower with Radar,0,12,51,31,94,0,2,50,10,62,0,14,101,41,156,27,30,57,213
04/28/2016,ACT,TX,ASW,CE,Combined TRACON& Tower with Radar,2,13,53,24,92,0,0,34,3,37,2,13,87,27,129,28,0,28,157
04/29/2016,ACT,TX,ASW,CE,Combined TRACON& Tower with Radar,0,8,18,9,35,0,1,3,0,4,0,9,21,9,39,0,0,0,39
04/30/2016,ACT,TX,ASW,CE,Combined TRACON& Tower with Radar,0,7,24,0,31,0,4,15,0,19,0,11,39,0,50,4,0,4,54
05/01/2016,ACT,TX,ASW,CE,Combined TRACON& Tower with Radar,2,10,33,8,53,0,2,16,0,18,2,12,49,8,71,8,0,8,79
05/02/2016,ACT,TX,ASW,CE,Combined TRACON& Tower with Radar,0,16,18,6,40,0,1,18,0,19,0,17,36,6,59,0,0,0,59
05/03/2016,ACT,TX,ASW,CE,Combined TRACON& Tower with Radar,0,9,40,13,62,0,2,35,5,42,0,11,75,18,104,22,0,22,126
05/04/2016,ACT,TX,ASW,CE,Combined TRACON& Tower with Radar,0,11,34,24,69,0,1,32,3,36,0,12,66,27,105,9,4,13,118
05/05/2016,ACT,TX,ASW,CE,Combined TRACON& Tower with Radar,0,18,37,64,119,0,12,28,3,43,0,30,65,67,162,8,30,38,200
05/06/2016,ACT,TX,ASW,CE,Combined TRACON& Tower with Radar,0,9,23,17,49,0,14,64,0,78,0,23,87,17,127,38,18,56,183
05/07/2016,ACT,TX,ASW,CE,Combined TRACON& Tower with Radar,0,8,25,4,37,0,0,23,0,23,0,8,48,4,60,4,0,4,64
05/08/2016,ACT,TX,ASW,CE,Combined TRACON& Tower with Radar,0,11,9,0,20,0,0,7,1,8,0,11,16,1,28,0,0,0,28
05/09/2016,ACT,TX,ASW,CE,Combined TRACON& Tower with Radar,14,9,41,5,69,0,1,19,0,20,14,10,60,5,89,6,0,6,95
05/10/2016,ACT,TX,ASW,CE,Combined TRACON& Tower with Radar,0,9,31,27,67,0,0,12,0,12,0,9,43,27,79,7,0,7,86
05/11/2016,ACT,TX,ASW,CE,Combined TRACON& Tower with Radar,0,11,39,64,114,0,0,9,2,11,0,11,48,66,125,0,0,0,125
05/12/2016,ACT,TX,ASW,CE,Combined TRACON& Tower with Radar,0,12,34,11,57,0,1,9,0,10,0,13,43,11,67,0,0,0,67
05/13/2016,ACT,TX,ASW,CE,Combined TRACON& Tower with Radar,0,12,41,17,70,0,2,24,2,28,0,14,65,19,98,0,0,0,98
05/14/2016,ACT,TX,ASW,CE,Combined TRACON& Tower with Radar,0,11,24,0,35,0,4,10,0,14,0,15,34,0,49,2,0,2,51
05/15/2016,ACT,TX,ASW,CE,Combined TRACON& Tower with Radar,0,12,25,4,41,0,0,12,0,12,0,12,37,4,53,0,0,0,53
05/16/2016,ACT,TX,ASW,CE,Combined TRACON& Tower with Radar,0,13,36,10,59,0,1,13,0,14,0,14,49,10,73,12,0,12,85
05/17/2016,ACT,TX,ASW,CE,Combined TRACON& Tower with Radar,0,6,13,1,20,0,7,1,0,8,0,13,14,1,28,0,0,0,28
05/18/2016,ACT,TX,ASW,CE,Combined TRACON& Tower with Radar,2,10,26,10,48,0,0,10,0,10,2,10,36,10,58,32,0,32,90
05/19/2016,ACT,TX,ASW,CE,Combined TRACON& Tower with Radar,0,12,30,2,44,0,0,0,0,0,0,12,30,2,44,6,0,6,50
05/20/2016,ACT,TX,ASW,CE,Combined TRACON& Tower with Radar,0,9,24,60,93,0,2,28,5,35,0,11,52,65,128,10,36,46,174
05/21/2016,ACT,TX,ASW,CE,Combined TRACON& Tower with Radar,0,9,17,8,34,0,6,15,0,21,0,15,32,8,55,0,0,0,55
05/22/2016,ACT,TX,ASW,CE,Combined TRACON& Tower with Radar,0,11,13,2,26,0,0,7,0,7,0,11,20,2,33,0,0,0,33
05/23/2016,ACT,TX,ASW,CE,Combined TRACON& Tower with Radar,2,15,45,6,68,0,0,7,0,7,2,15,52,6,75,12,0,12,87
05/24/2016,ACT,TX,ASW,CE,Combined TRACON& Tower with Radar,0,11,55,20,86,0,1,14,0,15,0,12,69,20,101,4,0,4,105
05/25/2016,ACT,TX,ASW,CE,Combined TRACON& Tower with Radar,0,13,49,29,91,0,2,19,4,25,0,15,68,33,116,22,14,36,152
05/26/2016,ACT,TX,ASW,CE,Combined TRACON& Tower with Radar,2,11,27,6,46,0,2,1,0,3,2,13,28,6,49,0,0,0,49
05/27/2016,ACT,TX,ASW,CE,Combined TRACON& Tower with Radar,0,14,23,0,37,0,0,6,0,6,0,14,29,0,43,0,0,0,43
05/28/2016,ACT,TX,ASW,CE,Combined TRACON& Tower with Radar,0,9,15,0,24,0,0,11,0,11,0,9,26,0,35,0,0,0,35
05/29/2016,ACT,TX,ASW,CE,Combined TRACON& Tower with Radar,4,14,25,0,43,0,5,8,0,13,4,19,33,0,56,4,0,4,60
05/30/2016,ACT,TX,ASW,CE,Combined TRACON& Tower with Radar,0,13,21,0,34,0,0,25,0,25,0,13,46,0,59,44,0,44,103
05/31/2016,ACT,TX,ASW,CE,Combined TRACON& Tower with Radar,0,11,22,2,35,0,0,5,0,5,0,11,27,2,40,0,0,0,40
06/01/2016,ACT,TX,ASW,CE,Combined TRACON& Tower with Radar,0,8,25,17,50,0,0,11,1,12,0,8,36,18,62,16,12,28,90
06/02/2016,ACT,TX,ASW,CE,Combined TRACON& Tower with Radar,0,8,12,12,32,0,0,2,0,2,0,8,14,12,34,0,0,0,34
06/03/2016,ACT,TX,ASW,CE,Combined TRACON& Tower with Radar,0,9,22,12,43,0,0,20,0,20,0,9,42,12,63,2,0,2,65
06/04/2016,ACT,TX,ASW,CE,Combined TRACON& Tower with Radar,0,8,26,0,34,0,0,9,0,9,0,8,35,0,43,1,0,1,44
06/05/2016,ACT,TX,ASW,CE,Combined TRACON& Tower with Radar,0,8,33,4,45,0,0,46,16,62,0,8,79,20,107,12,0,12,119
06/06/2016,ACT,TX,ASW,CE,Combined TRACON& Tower with Radar,0,9,34,13,56,0,0,26,0,26,0,9,60,13,82,0,0,0,82
06/07/2016,ACT,TX,ASW,CE,Combined TRACON& Tower with Radar,0,9,40,9,58,0,4,50,5,59,0,13,90,14,117,60,2,62,179
06/08/2016,ACT,TX,ASW,CE,Combined TRACON& Tower with Radar,0,9,27,15,51,0,0,33,0,33,0,9,60,15,84,0,0,0,84
06/09/2016,ACT,TX,ASW,CE,Combined TRACON& Tower with Radar,0,10,55,30,95,0,1,31,4,36,0,11,86,34,131,28,12,40,171
06/10/2016,ACT,TX,ASW,CE,Combined TRACON& Tower with Radar,0,9,46,51,106,0,6,45,6,57,0,15,91,57,163,68,10,78,241
06/11/2016,ACT,TX,ASW,CE,Combined TRACON& Tower with Radar,0,10,24,13,47,0,2,24,0,26,0,12,48,13,73,12,0,12,85
06/12/2016,ACT,TX,ASW,CE,Combined TRACON& Tower with Radar,2,13,27,6,48,0,0,12,2,14,2,13,39,8,62,0,0,0,62
06/13/2016,ACT,TX,ASW,CE,Combined TRACON& Tower with Radar,0,16,45,1,62,0,0,13,2,15,0,16,58,3,77,19,0,19,96
06/14/2016,ACT,TX,ASW,CE,Combined TRACON& Tower with Radar,0,11,50,27,88,0,2,36,0,38,0,13,86,27,126,90,0,90,216
06/15/2016,ACT,TX,ASW,CE,Combined TRACON& Tower with Radar,0,9,22,28,59,0,0,23,4,27,0,9,45,32,86,8,20,28,114
06/16/2016,ACT,TX,ASW,CE,Combined TRACON& Tower with Radar,0,9,33,28,70,0,6,63,4,73,0,15,96,32,143,54,14,68,211
06/17/2016,ACT,TX,ASW,CE,Combined TRACON& Tower with Radar,0,9,20,48,77,0,2,23,1,26,0,11,43,49,103,18,8,26,129
06/18/2016,ACT,TX,ASW,CE,Combined TRACON& Tower with Radar,0,7,38,32,77,0,0,34,4,38,0,7,72,36,115,26,16,42,157
06/19/2016,ACT,TX,ASW,CE,Combined TRACON& Tower with Radar,0,9,3,42,54,0,0,17,0,17,0,9,20,42,71,8,0,8,79
06/20/2016,ACT,TX,ASW,CE,Combined TRACON& Tower with Radar,0,9,37,19,65,0,2,47,4,53,0,11,84,23,118,46,10,56,174
06/21/2016,ACT,TX,ASW,CE,Combined TRACON& Tower with Radar,0,9,35,18,62,0,3,52,2,57,0,12,87,20,119,18,0,18,137
06/22/2016,ACT,TX,ASW,CE,Combined TRACON& Tower with Radar,0,9,38,22,69,0,0,60,1,61,0,9,98,23,130,40,0,40,170
06/23/2016,ACT,TX,ASW,CE,Combined TRACON& Tower with Radar,0,10,36,17,63,0,3,26,0,29,0,13,62,17,92,0,0,0,92
06/24/2016,ACT,TX,ASW,CE,Combined TRACON& Tower with Radar,0,13,36,40,89,0,5,50,2,57,0,18,86,42,146,52,32,84,230
06/25/2016,ACT,TX,ASW,CE,Combined TRACON& Tower with Radar,2,7,34,0,43,0,0,42,0,42,2,7,76,0,85,60,0,60,145
06/26/2016,ACT,TX,ASW,CE,Combined TRACON& Tower with Radar,0,9,30,26,65,0,4,54,0,58,0,13,84,26,123,36,2,38,161
06/27/2016,ACT,TX,ASW,CE,Combined TRACON& Tower with Radar,2,12,26,25,65,0,9,31,4,44,2,21,57,29,109,26,16,42,151
06/28/2016,ACT,TX,ASW,CE,Combined TRACON& Tower with Radar,0,9,30,2,41,0,4,10,0,14,0,13,40,2,55,4,0,4,59
06/29/2016,ACT,TX,ASW,CE,Combined TRACON& Tower with Radar,2,12,35,31,80,0,9,31,6,46,2,21,66,37,126,18,4,22,148
06/30/2016,ACT,TX,ASW,CE,Combined TRACON& Tower with Radar,2,14,35,0,51,0,4,34,0,38,2,18,69,0,89,0,0,0,89
07/01/2016,ACT,TX,ASW,CE,Combined TRACON& Tower with Radar,0,12,45,0,57,0,9,57,0,66,0,21,102,0,123,36,0,36,159
07/02/2016,ACT,TX,ASW,CE,Combined TRACON& Tower with Radar,0,8,25,0,33,0,4,29,0,33,0,12,54,0,66,2,0,2,68
07/03/2016,ACT,TX,ASW,CE,Combined TRACON& Tower with Radar,0,10,2,7,19,0,0,25,0,25,0,10,27,7,44,8,0,8,52
07/04/2016,ACT,TX,ASW,CE,Combined TRACON& Tower with Radar,0,6,14,0,20,0,1,28,0,29,0,7,42,0,49,2,0,2,51
07/05/2016,ACT,TX,ASW,CE,Combined TRACON& Tower with Radar,2,13,24,6,45,0,6,17,4,27,2,19,41,10,72,39,0,39,111
07/06/2016,ACT,TX,ASW,CE,Combined TRACON& Tower with Radar,0,9,39,31,79,0,7,24,2,33,0,16,63,33,112,12,14,26,138
07/07/2016,ACT,TX,ASW,CE,Combined TRACON& Tower with Radar,0,10,22,15,47,0,1,17,1,19,0,11,39,16,66,18,0,18,84
07/08/2016,ACT,TX,ASW,CE,Combined TRACON& Tower with Radar,0,9,29,19,57,0,0,42,2,44,0,9,71,21,101,14,12,26,127
07/09/2016,ACT,TX,ASW,CE,Combined TRACON& Tower with Radar,2,12,16,0,30,0,0,16,0,16,2,12,32,0,46,16,0,16,62
07/10/2016,ACT,TX,ASW,CE,Combined TRACON& Tower with Radar,0,11,13,8,32,0,4,17,0,21,0,15,30,8,53,10,0,10,63
07/11/2016,ACT,TX,ASW,CE,Combined TRACON& Tower with Radar,0,9,19,17,45,0,8,24,0,32,0,17,43,17,77,22,0,22,99
07/12/2016,ACT,TX,ASW,CE,Combined TRACON& Tower with Radar,0,8,27,39,74,0,0,25,2,27,0,8,52,41,101,40,0,40,141
07/13/2016,ACT,TX,ASW,CE,Combined TRACON& Tower with Radar,0,9,25,19,53,0,1,46,3,50,0,10,71,22,103,44,8,52,155
07/14/2016,ACT,TX,ASW,CE,Combined TRACON& Tower with Radar,0,8,38,24,70,0,0,48,3,51,0,8,86,27,121,40,0,40,161
07/15/2016,ACT,TX,ASW,CE,Combined TRACON& Tower with Radar,2,11,25,27,65,0,2,44,0,46,2,13,69,27,111,52,4,56,167
07/16/2016,ACT,TX,ASW,CE,Combined TRACON& Tower with Radar,0,11,17,0,28,0,0,90,4,94,0,11,107,4,122,128,0,128,250
07/17/2016,ACT,TX,ASW,CE,Combined TRACON& Tower with Radar,0,9,18,6,33,0,0,35,2,37,0,9,53,8,70,6,16,22,92
07/18/2016,ACT,TX,ASW,CE,Combined TRACON& Tower with Radar,0,8,24,10,42,0,0,13,7,20,0,8,37,17,62,52,0,52,114
07/19/2016,ACT,TX,ASW,CE,Combined TRACON& Tower with Radar,0,11,30,12,53,0,0,42,0,42,0,11,72,12,95,8,0,8,103
07/20/2016,ACT,TX,ASW,CE,Combined TRACON& Tower with Radar,0,18,32,22,72,0,12,46,5,63,0,30,78,27,135,6,12,18,153
07/21/2016,ACT,TX,ASW,CE,Combined TRACON& Tower with Radar,0,15,32,16,63,0,0,37,0,37,0,15,69,16,100,38,0,38,138
07/22/2016,ACT,TX,ASW,CE,Combined TRACON& Tower with Radar,0,9,29,24,62,0,0,49,0,49,0,9,78,24,111,19,0,19,130
07/23/2016,ACT,TX,ASW,CE,Combined TRACON& Tower with Radar,0,11,24,3,38,0,0,42,0,42,0,11,66,3,80,14,2,16,96
07/24/2016,ACT,TX,ASW,CE,Combined TRACON& Tower with Radar,0,7,16,7,30,0,0,24,0,24,0,7,40,7,54,14,0,14,68
07/25/2016,ACT,TX,ASW,CE,Combined TRACON& Tower with Radar,0,8,26,10,44,0,6,21,0,27,0,14,47,10,71,4,0,4,75
07/26/2016,ACT,TX,ASW,CE,Combined TRACON& Tower with Radar,0,15,34,27,76,0,4,20,2,26,0,19,54,29,102,12,2,14,116
07/27/2016,ACT,TX,ASW,CE,Combined TRACON& Tower with Radar,0,15,42,15,72,0,3,34,2,39,0,18,76,17,111,20,0,20,131
07/28/2016,ACT,TX,ASW,CE,Combined TRACON& Tower with Radar,0,11,38,10,59,0,18,17,0,35,0,29,55,10,94,24,0,24,118
07/29/2016,ACT,TX,ASW,CE,Combined TRACON& Tower with Radar,0,14,19,29,62,0,4,29,12,45,0,18,48,41,107,16,38,54,161
07/30/2016,ACT,TX,ASW,CE,Combined TRACON& Tower with Radar,0,9,22,5,36,0,0,33,0,33,0,9,55,5,69,38,0,38,107
07/31/2016,ACT,TX,ASW,CE,Combined TRACON& Tower with Radar,0,10,31,0,41,0,4,22,0,26,0,14,53,0,67,26,0,26,93
08/01/2016,ACT,TX,ASW,CE,Combined TRACON& Tower with Radar,2,11,26,14,53,0,1,27,9,37,2,12,53,23,90,16,66,82,172
08/02/2016,ACT,TX,ASW,CE,Combined TRACON& Tower with Radar,0,14,38,15,67,0,6,72,5,83,0,20,110,20,150,58,2,60,210
08/03/2016,ACT,TX,ASW,CE,Combined TRACON& Tower with Radar,0,14,31,24,69,0,8,29,0,37,0,22,60,24,106,16,12,28,134
08/04/2016,ACT,TX,ASW,CE,Combined TRACON& Tower with Radar,2,9,17,28,56,0,6,30,3,39,2,15,47,31,95,38,16,54,149
08/05/2016,ACT,TX,ASW,CE,Combined TRACON& Tower with Radar,0,8,29,32,69,0,6,32,6,44,0,14,61,38,113,14,10,24,137
08/06/2016,ACT,TX,ASW,CE,Combined TRACON& Tower with Radar,0,8,9,4,21,0,0,31,4,35,0,8,40,8,56,0,0,0,56
08/07/2016,ACT,TX,ASW,CE,Combined TRACON& Tower with Radar,0,8,25,6,39,0,2,22,0,24,0,10,47,6,63,0,0,0,63
08/08/2016,ACT,TX,ASW,CE,Combined TRACON& Tower with Radar,0,11,16,8,35,0,6,32,3,41,0,17,48,11,76,12,22,34,110
08/09/2016,ACT,TX,ASW,CE,Combined TRACON& Tower with Radar,0,9,36,18,63,0,12,52,3,67,0,21,88,21,130,34,8,42,172
08/10/2016,ACT,TX,ASW,CE,Combined TRACON& Tower with Radar,0,10,33,24,67,0,7,50,14,71,0,17,83,38,138,32,42,74,212
08/11/2016,ACT,TX,ASW,CE,Combined TRACON& Tower with Radar,0,11,29,11,51,0,7,28,2,37,0,18,57,13,88,39,0,39,127
08/12/2016,ACT,TX,ASW,CE,Combined TRACON& Tower with Radar,0,12,28,15,55,0,0,36,1,37,0,12,64,16,92,36,6,42,134
08/13/2016,ACT,TX,ASW,CE,Combined TRACON& Tower with Radar,0,11,9,24,44,0,2,17,0,19,0,13,26,24,63,18,0,18,81
08/14/2016,ACT,TX,ASW,CE,Combined TRACON& Tower with Radar,0,11,12,11,34,0,0,16,0,16,0,11,28,11,50,12,8,20,70
08/15/2016,ACT,TX,ASW,CE,Combined TRACON& Tower with Radar,0,9,22,4,35,0,1,0,0,1,0,10,22,4,36,0,0,0,36
08/16/2016,ACT,TX,ASW,CE,Combined TRACON& Tower with Radar,2,9,15,2,28,0,0,0,0,0,2,9,15,2,28,0,0,0,28
08/17/2016,ACT,TX,ASW,CE,Combined TRACON& Tower with Radar,0,12,15,2,29,0,4,3,0,7,0,16,18,2,36,0,0,0,36
08/18/2016,ACT,TX,ASW,CE,Combined TRACON& Tower with Radar,0,12,41,25,78,0,3,9,2,14,0,15,50,27,92,8,4,12,104
08/19/2016,ACT,TX,ASW,CE,Combined TRACON& Tower with Radar,4,20,38,12,74,0,14,23,7,44,4,34,61,19,118,49,4,53,171
08/20/2016,ACT,TX,ASW,CE,Combined TRACON& Tower with Radar,2,10,5,0,17,0,2,0,0,2,2,12,5,0,19,0,0,0,19
08/21/2016,ACT,TX,ASW,CE,Combined TRACON& Tower with Radar,0,13,17,10,40,0,2,3,0,5,0,15,20,10,45,6,0,6,51
08/22/2016,ACT,TX,ASW,CE,Combined TRACON& Tower with Radar,0,9,32,11,52,0,2,32,2,36,0,11,64,13,88,8,8,16,104
08/23/2016,ACT,TX,ASW,CE,Combined TRACON& Tower with Radar,0,10,39,17,66,0,2,23,1,26,0,12,62,18,92,16,0,16,108
08/24/2016,ACT,TX,ASW,CE,Combined TRACON& Tower with Radar,0,11,49,23,83,0,8,42,0,50,0,19,91,23,133,10,10,20,153
08/25/2016,ACT,TX,ASW,CE,Combined TRACON& Tower with Radar,0,9,44,18,71,0,4,45,3,52,0,13,89,21,123,4,4,8,131
08/26/2016,ACT,TX,ASW,CE,Combined TRACON& Tower with Radar,0,8,30,12,50,0,6,54,0,60,0,14,84,12,110,22,2,24,134
08/27/2016,ACT,TX,ASW,CE,Combined TRACON& Tower with Radar,0,7,21,39,67,0,4,30,2,36,0,11,51,41,103,8,18,26,129
08/28/2016,ACT,TX,ASW,CE,Combined TRACON& Tower with Radar,0,9,20,1,30,0,0,25,2,27,0,9,45,3,57,26,0,26,83
08/29/2016,ACT,TX,ASW,CE,Combined TRACON& Tower with Radar,0,15,20,19,54,0,0,21,1,22,0,15,41,20,76,20,0,20,96
08/30/2016,ACT,TX,ASW,CE,Combined TRACON& Tower with Radar,0,9,27,19,55,0,0,27,1,28,0,9,54,20,83,10,0,10,93
08/31/2016,ACT,TX,ASW,CE,Combined TRACON& Tower with Radar,2,9,26,22,59,0,3,74,6,83,2,12,100,28,142,66,0,66,208
09/01/2016,ACT,TX,ASW,CE,Combined TRACON& Tower with Radar,0,11,37,7,55,0,1,20,0,21,0,12,57,7,76,20,0,20,96
09/02/2016,ACT,TX,ASW,CE,Combined TRACON& Tower with Radar,0,18,49,15,82,0,2,30,0,32,0,20,79,15,114,28,10,38,152
09/03/2016,ACT,TX,ASW,CE,Combined TRACON& Tower with Radar,0,8,29,0,37,0,0,43,0,43,0,8,72,0,80,4,0,4,84
09/04/2016,ACT,TX,ASW,CE,Combined TRACON& Tower with Radar,0,8,19,0,27,0,0,36,0,36,0,8,55,0,63,0,0,0,63
09/05/2016,ACT,TX,ASW,CE,Combined TRACON& Tower with Radar,0,10,27,0,37,0,4,24,0,28,0,14,51,0,65,4,4,8,73
09/06/2016,ACT,TX,ASW,CE,Combined TRACON& Tower with Radar,0,9,44,19,72,0,2,9,1,12,0,11,53,20,84,6,16,22,106
09/07/2016,ACT,TX,ASW,CE,Combined TRACON& Tower with Radar,0,23,71,13,107,0,2,32,5,39,0,25,103,18,146,12,42,54,200
09/08/2016,ACT,TX,ASW,CE,Combined TRACON& Tower with Radar,0,13,38,38,89,0,8,64,7,79,0,21,102,45,168,40,54,94,262
09/09/2016,ACT,TX,ASW,CE,Combined TRACON& Tower with Radar,0,12,37,26,75,0,1,40,20,61,0,13,77,46,136,30,34,64,200
09/10/2016,ACT,TX,ASW,CE,Combined TRACON& Tower with Radar,0,10,29,8,47,0,0,11,0,11,0,10,40,8,58,0,0,0,58
09/11/2016,ACT,TX,ASW,CE,Combined TRACON& Tower with Radar,2,12,23,0,37,0,6,26,0,32,2,18,49,0,69,10,0,10,79
09/12/2016,ACT,TX,ASW,CE,Combined TRACON& Tower with Radar,0,9,28,10,47,0,0,45,2,47,0,9,73,12,94,24,0,24,118
09/13/2016,ACT,TX,ASW,CE,Combined TRACON& Tower with Radar,0,7,41,36,84,0,6,17,0,23,0,13,58,36,107,0,0,0,107
09/14/2016,ACT,TX,ASW,CE,Combined TRACON& Tower with Radar,2,12,44,31,89,0,4,35,2,41,2,16,79,33,130,54,12,66,196
09/15/2016,ACT,TX,ASW,CE,Combined TRACON& Tower with Radar,0,17,39,33,89,0,1,33,3,37,0,18,72,36,126,12,10,22,148
09/16/2016,ACT,TX,ASW,CE,Combined TRACON& Tower with Radar,0,17,38,41,96,0,0,49,2,51,0,17,87,43,147,89,0,89,236
09/17/2016,ACT,TX,ASW,CE,Combined TRACON& Tower with Radar,0,8,17,0,25,0,0,29,0,29,0,8,46,0,54,6,0,6,60
09/18/2016,ACT,TX,ASW,CE,Combined TRACON& Tower with Radar,0,13,24,0,37,0,0,23,0,23,0,13,47,0,60,0,0,0,60
09/19/2016,ACT,TX,ASW,CE,Combined TRACON& Tower with Radar,0,10,21,4,35,0,4,32,0,36,0,14,53,4,71,12,0,12,83
09/20/2016,ACT,TX,ASW,CE,Combined TRACON& Tower with Radar,0,8,33,6,47,0,4,22,1,27,0,12,55,7,74,1,0,1,75
09/21/2016,ACT,TX,ASW,CE,Combined TRACON& Tower with Radar,0,12,25,20,57,0,13,68,4,85,0,25,93,24,142,26,24,50,192
09/22/2016,ACT,TX,ASW,CE,Combined TRACON& Tower with Radar,0,15,27,14,56,0,4,40,0,44,0,19,67,14,100,18,0,18,118
09/23/2016,ACT,TX,ASW,CE,Combined TRACON& Tower with Radar,2,9,49,23,83,0,2,52,0,54,2,11,101,23,137,16,12,28,165
09/24/2016,ACT,TX,ASW,CE,Combined TRACON& Tower with Radar,1,7,51,0,59,0,0,10,0,10,1,7,61,0,69,0,0,0,69
09/25/2016,ACT,TX,ASW,CE,Combined TRACON& Tower with Radar,0,11,41,0,52,0,0,0,0,0,0,11,41,0,52,0,0,0,52
09/26/2016,ACT,TX,ASW,CE,Combined TRACON& Tower with Radar,0,11,24,8,43,0,0,4,0,4,0,11,28,8,47,2,0,2,49
09/27/2016,ACT,TX,ASW,CE,Combined TRACON& Tower with Radar,0,12,33,27,72,0,0,37,9,46,0,12,70,36,118,25,2,27,145
09/28/2016,ACT,TX,ASW,CE,Combined TRACON& Tower with Radar,0,9,43,11,63,0,3,57,1,61,0,12,100,12,124,10,0,10,134
09/29/2016,ACT,TX,ASW,CE,Combined TRACON& Tower with Radar,0,11,40,6,57,0,0,53,0,53,0,11,93,6,110,16,0,16,126
09/30/2016,ACT,TX,ASW,CE,Combined TRACON& Tower with Radar,2,11,48,0,61,0,9,57,0,66,2,20,105,0,127,31,0,31,158
10/01/2016,ACT,TX,ASW,CE,Combined TRACON& Tower with Radar,2,6,15,0,23,0,2,18,0,20,2,8,33,0,43,6,0,6,49
10/02/2016,ACT,TX,ASW,CE,Combined TRACON& Tower with Radar,0,10,26,3,39,0,0,10,0,10,0,10,36,3,49,5,2,7,56
10/03/2016,ACT,TX,ASW,CE,Combined TRACON& Tower with Radar,0,11,34,6,51,0,0,27,2,29,0,11,61,8,80,4,0,4,84
10/04/2016,ACT,TX,ASW,CE,Combined TRACON& Tower with Radar,0,8,32,33,73,0,1,22,1,24,0,9,54,34,97,22,0,22,119
10/05/2016,ACT,TX,ASW,CE,Combined TRACON& Tower with Radar,0,12,39,20,71,0,0,38,1,39,0,12,77,21,110,8,0,8,118
10/06/2016,ACT,TX,ASW,CE,Combined TRACON& Tower with Radar,0,12,37,30,79,0,4,21,2,27,0,16,58,32,106,4,0,4,110
10/07/2016,ACT,TX,ASW,CE,Combined TRACON& Tower with Radar,0,13,37,16,66,0,0,2,0,2,0,13,39,16,68,0,0,0,68
10/08/2016,ACT,TX,ASW,CE,Combined TRACON& Tower with Radar,0,6,22,0,28,0,5,39,0,44,0,11,61,0,72,54,0,54,126
10/09/2016,ACT,TX,ASW,CE,Combined TRACON& Tower with Radar,0,14,25,0,39,0,8,24,0,32,0,22,49,0,71,6,0,6,77
10/10/2016,ACT,TX,ASW,CE,Combined TRACON& Tower with Radar,0,14,34,0,48,0,4,36,0,40,0,18,70,0,88,14,0,14,102
10/11/2016,ACT,TX,ASW,CE,Combined TRACON& Tower with Radar,0,10,36,22,68,0,8,65,1,74,0,18,101,23,142,18,16,34,176
10/12/2016,ACT,TX,ASW,CE,Combined TRACON& Tower with Radar,0,9,40,10,59,0,11,46,0,57,0,20,86,10,116,32,4,36,152
10/13/2016,ACT,TX,ASW,CE,Combined TRACON& Tower with Radar,0,18,52,8,78,0,4,13,0,17,0,22,65,8,95,46,8,54,149
10/14/2016,ACT,TX,ASW,CE,Combined TRACON& Tower with Radar,2,14,42,11,69,0,3,40,1,44,2,17,82,12,113,54,6,60,173
10/15/2016,ACT,TX,ASW,CE,Combined TRACON& Tower with Radar,4,7,45,0,56,0,1,6,0,7,4,8,51,0,63,0,0,0,63
10/16/2016,ACT,TX,ASW,CE,Combined TRACON& Tower with Radar,0,13,39,10,62,0,4,19,0,23,0,17,58,10,85,0,0,0,85
10/17/2016,ACT,TX,ASW,CE,Combined TRACON& Tower with Radar,0,10,25,30,65,0,1,23,3,27,0,11,48,33,92,0,6,6,98
10/18/2016,ACT,TX,ASW,CE,Combined TRACON& Tower with Radar,2,15,49,17,83,0,2,28,5,35,2,17,77,22,118,6,4,10,128
10/19/2016,ACT,TX,ASW,CE,Combined TRACON& Tower with Radar,0,10,44,18,72,0,8,17,12,37,0,18,61,30,109,44,6,50,159
10/20/2016,ACT,TX,ASW,CE,Combined TRACON& Tower with Radar,0,18,33,12,63,0,2,30,1,33,0,20,63,13,96,4,10,14,110
10/21/2016,ACT,TX,ASW,CE,Combined TRACON& Tower with Radar,0,10,45,30,85,0,9,60,4,73,0,19,105,34,158,48,24,72,230
10/22/2016,ACT,TX,ASW,CE,Combined TRACON& Tower with Radar,0,16,39,0,55,0,0,63,0,63,0,16,102,0,118,14,0,14,132
10/23/2016,ACT,TX,ASW,CE,Combined TRACON& Tower with Radar,0,12,35,2,49,0,0,40,0,40,0,12,75,2,89,46,6,52,141
10/24/2016,ACT,TX,ASW,CE,Combined TRACON& Tower with Radar,0,11,28,23,62,0,8,25,3,36,0,19,53,26,98,2,2,4,102
10/25/2016,ACT,TX,ASW,CE,Combined TRACON& Tower with Radar,0,7,32,25,64,0,2,31,5,38,0,9,63,30,102,2,46,48,150
10/26/2016,ACT,TX,ASW,CE,Combined TRACON& Tower with Radar,0,11,57,19,87,0,9,35,2,46,0,20,92,21,133,28,12,40,173
10/27/2016,ACT,TX,ASW,CE,Combined TRACON& Tower with Radar,0,9,51,49,109,0,0,49,3,52,0,9,100,52,161,9,4,13,174
10/28/2016,ACT,TX,ASW,CE,Combined TRACON& Tower with Radar,0,11,55,86,152,0,0,70,1,71,0,11,125,87,223,8,0,8,231
10/29/2016,ACT,TX,ASW,CE,Combined TRACON& Tower with Radar,0,10,8,10,28,0,0,17,4,21,0,10,25,14,49,0,4,4,53
10/30/2016,ACT,TX,ASW,CE,Combined TRACON& Tower with Radar,0,10,25,6,41,0,3,36,0,39,0,13,61,6,80,16,0,16,96
10/31/2016,ACT,TX,ASW,CE,Combined TRACON& Tower with Radar,0,9,29,0,38,0,0,33,0,33,0,9,62,0,71,26,0,26,97
11/01/2016,ACT,TX,ASW,CE,Combined TRACON& Tower with Radar,0,7,45,23,75,0,0,17,0,17,0,7,62,23,92,1,0,1,93
11/02/2016,ACT,TX,ASW,CE,Combined TRACON& Tower with Radar,2,9,39,8,58,0,0,8,0,8,2,9,47,8,66,4,0,4,70
11/03/2016,ACT,TX,ASW,CE,Combined TRACON& Tower with Radar,0,9,23,10,42,0,0,3,2,5,0,9,26,12,47,6,2,8,55
11/04/2016,ACT,TX,ASW,CE,Combined TRACON& Tower with Radar,0,11,57,20,88,0,1,1,0,2,0,12,58,20,90,0,8,8,98
11/05/2016,ACT,TX,ASW,CE,Combined TRACON& Tower with Radar,0,10,71,4,85,0,0,19,0,19,0,10,90,4,104,10,0,10,114
11/06/2016,ACT,TX,ASW,CE,Combined TRACON& Tower with Radar,0,11,34,6,51,0,0,9,0,9,0,11,43,6,60,0,0,0,60
11/07/2016,ACT,TX,ASW,CE,Combined TRACON& Tower with Radar,2,9,13,2,26,0,0,0,0,0,2,9,13,2,26,0,0,0,26
11/08/2016,ACT,TX,ASW,CE,Combined TRACON& Tower with Radar,0,7,30,16,53,0,0,0,0,0,0,7,30,16,53,0,0,0,53
11/09/2016,ACT,TX,ASW,CE,Combined TRACON& Tower with Radar,0,9,41,19,69,0,9,15,0,24,0,18,56,19,93,2,0,2,95
11/10/2016,ACT,TX,ASW,CE,Combined TRACON& Tower with Radar,0,9,52,48,109,0,0,25,4,29,0,9,77,52,138,2,24,26,164
11/11/2016,ACT,TX,ASW,CE,Combined TRACON& Tower with Radar,2,12,31,12,57,0,2,35,0,37,2,14,66,12,94,50,0,50,144
11/12/2016,ACT,TX,ASW,CE,Combined TRACON& Tower with Radar,2,8,43,0,53,0,0,48,2,50,2,8,91,2,103,6,4,10,113
11/13/2016,ACT,TX,ASW,CE,Combined TRACON& Tower with Radar,0,18,16,6,40,0,0,55,1,56,0,18,71,7,96,4,0,4,100
11/14/2016,ACT,TX,ASW,CE,Combined TRACON& Tower with Radar,0,13,28,12,53,0,0,38,0,38,0,13,66,12,91,18,4,22,113
11/15/2016,ACT,TX,ASW,CE,Combined TRACON& Tower with Radar,0,10,29,15,54,0,2,31,0,33,0,12,60,15,87,20,0,20,107
11/16/2016,ACT,TX,ASW,CE,Combined TRACON& Tower with Radar,2,17,46,32,97,0,11,50,1,62,2,28,96,33,159,28,0,28,187
11/17/2016,ACT,TX,ASW,CE,Combined TRACON& Tower with Radar,0,11,26,43,80,0,4,26,7,37,0,15,52,50,117,18,0,18,135
11/18/2016,ACT,TX,ASW,CE,Combined TRACON& Tower with Radar,2,11,26,25,64,0,0,18,1,19,2,11,44,26,83,0,0,0,83
11/19/2016,ACT,TX,ASW,CE,Combined TRACON& Tower with Radar,2,6,44,0,52,0,0,42,0,42,2,6,86,0,94,12,0,12,106
11/20/2016,ACT,TX,ASW,CE,Combined TRACON& Tower with Radar,0,10,30,9,49,0,0,25,4,29,0,10,55,13,78,6,0,6,84
11/21/2016,ACT,TX,ASW,CE,Combined TRACON& Tower with Radar,0,8,39,12,59,0,2,58,10,70,0,10,97,22,129,46,6,52,181
11/22/2016,ACT,TX,ASW,CE,Combined TRACON& Tower with Radar,0,13,44,6,63,0,0,3,0,3,0,13,47,6,66,0,0,0,66
11/23/2016,ACT,TX,ASW,CE,Combined TRACON& Tower with Radar,0,22,54,2,78,0,5,50,0,55,0,27,104,2,133,14,0,14,147
11/24/2016,ACT,TX,ASW,CE,Combined TRACON& Tower with Radar,0,4,5,0,9,0,3,9,0,12,0,7,14,0,21,2,0,2,23
11/25/2016,ACT,TX,ASW,CE,Combined TRACON& Tower with Radar,0,8,23,0,31,0,0,2,0,2,0,8,25,0,33,0,0,0,33
11/26/2016,ACT,TX,ASW,CE,Combined TRACON& Tower with Radar,0,14,16,0,30,0,2,13,0,15,0,16,29,0,45,10,0,10,55
11/27/2016,ACT,TX,ASW,CE,Combined TRACON& Tower with Radar,0,11,36,0,47,0,0,4,0,4,0,11,40,0,51,0,0,0,51
11/28/2016,ACT,TX,ASW,CE,Combined TRACON& Tower with Radar,0,19,34,1,54,0,1,15,3,19,0,20,49,4,73,10,0,10,83
11/29/2016,ACT,TX,ASW,CE,Combined TRACON& Tower with Radar,0,9,46,18,73,0,4,50,0,54,0,13,96,18,127,12,8,20,147
11/30/2016,ACT,TX,ASW,CE,Combined TRACON& Tower with Radar,0,8,37,16,61,0,8,45,2,55,0,16,82,18,116,48,0,48,164
12/01/2016,ACT,TX,ASW,CE,Combined TRACON& Tower with Radar,0,12,45,33,90,0,2,49,4,55,0,14,94,37,145,36,12,48,193
12/02/2016,ACT,TX,ASW,CE,Combined TRACON& Tower with Radar,4,12,37,25,78,0,0,24,7,31,4,12,61,32,109,4,26,30,139
12/03/2016,ACT,TX,ASW,CE,Combined TRACON& Tower with Radar,3,10,5,0,18,0,0,0,0,0,3,10,5,0,18,0,0,0,18
12/04/2016,ACT,TX,ASW,CE,Combined TRACON& Tower with Radar,0,10,20,4,34,0,1,0,0,1,0,11,20,4,35,0,0,0,35
12/05/2016,ACT,TX,ASW,CE,Combined TRACON& Tower with Radar,0,8,31,18,57,0,0,3,0,3,0,8,34,18,60,2,0,2,62
12/06/2016,ACT,TX,ASW,CE,Combined TRACON& Tower with Radar,0,8,30,8,46,0,0,8,0,8,0,8,38,8,54,2,0,2,56
12/07/2016,ACT,TX,ASW,CE,Combined TRACON& Tower with Radar,0,10,55,20,85,0,0,15,2,17,0,10,70,22,102,8,0,8,110
12/08/2016,ACT,TX,ASW,CE,Combined TRACON& Tower with Radar,2,6,24,12,44,0,0,4,1,5,2,6,28,13,49,0,2,2,51
12/09/2016,ACT,TX,ASW,CE,Combined TRACON& Tower with Radar,0,7,30,12,49,0,4,35,1,40,0,11,65,13,89,9,0,9,98
12/10/2016,ACT,TX,ASW,CE,Combined TRACON& Tower with Radar,2,4,24,5,35,0,4,16,0,20,2,8,40,5,55,30,0,30,85
12/11/2016,ACT,TX,ASW,CE,Combined TRACON& Tower with Radar,2,8,21,0,31,0,0,2,0,2,2,8,23,0,33,0,0,0,33
12/12/2016,ACT,TX,ASW,CE,Combined TRACON& Tower with Radar,0,7,32,5,44,0,4,39,1,44,0,11,71,6,88,26,0,26,114
12/13/2016,ACT,TX,ASW,CE,Combined TRACON& Tower with Radar,2,17,43,15,77,0,0,9,0,9,2,17,52,15,86,0,0,0,86
12/14/2016,ACT,TX,ASW,CE,Combined TRACON& Tower with Radar,2,13,36,18,69,0,0,22,0,22,2,13,58,18,91,18,0,18,109
12/15/2016,ACT,TX,ASW,CE,Combined TRACON& Tower with Radar,0,9,48,11,68,0,1,5,0,6,0,10,53,11,74,1,6,7,81
12/16/2016,ACT,TX,ASW,CE,Combined TRACON& Tower with Radar,0,7,38,73,118,0,0,7,0,7,0,7,45,73,125,0,3,3,128
12/17/2016,ACT,TX,ASW,CE,Combined TRACON& Tower with Radar,0,11,35,42,88,0,0,1,2,3,0,11,36,44,91,0,0,0,91
12/18/2016,ACT,TX,ASW,CE,Combined TRACON& Tower with Radar,0,8,8,4,20,0,2,9,2,13,0,10,17,6,33,0,0,0,33
12/19/2016,ACT,TX,ASW,CE,Combined TRACON& Tower with Radar,0,7,47,10,64,0,1,23,0,24,0,8,70,10,88,8,0,8,96
12/20/2016,ACT,TX,ASW,CE,Combined TRACON& Tower with Radar,0,12,43,21,76,0,0,35,1,36,0,12,78,22,112,14,0,14,126
12/21/2016,ACT,TX,ASW,CE,Combined TRACON& Tower with Radar,0,7,36,28,71,0,6,33,2,41,0,13,69,30,112,6,2,8,120
12/22/2016,ACT,TX,ASW,CE,Combined TRACON& Tower with Radar,4,8,33,1,46,0,6,37,0,43,4,14,70,1,89,14,0,14,103
12/23/2016,ACT,TX,ASW,CE,Combined TRACON& Tower with Radar,0,12,15,0,27,0,0,0,0,0,0,12,15,0,27,0,0,0,27
12/24/2016,ACT,TX,ASW,CE,Combined TRACON& Tower with Radar,0,7,6,0,13,0,0,0,0,0,0,7,6,0,13,0,0,0,13
12/25/2016,ACT,TX,ASW,CE,Combined TRACON& Tower with Radar,0,6,0,0,6,0,0,0,0,0,0,6,0,0,6,0,0,0,6
12/26/2016,ACT,TX,ASW,CE,Combined TRACON& Tower with Radar,0,9,35,0,44,0,0,19,3,22,0,9,54,3,66,2,0,2,68
12/27/2016,ACT,TX,ASW,CE,Combined TRACON& Tower with Radar,0,10,23,2,35,0,3,38,0,41,0,13,61,2,76,52,0,52,128
12/28/2016,ACT,TX,ASW,CE,Combined TRACON& Tower with Radar,4,9,18,0,31,0,2,19,1,22,4,11,37,1,53,16,0,16,69
12/29/2016,ACT,TX,ASW,CE,Combined TRACON& Tower with Radar,0,9,12,0,21,0,0,24,0,24,0,9,36,0,45,2,0,2,47
12/30/2016,ACT,TX,ASW,CE,Combined TRACON& Tower with Radar,0,9,28,0,37,0,4,16,0,20,0,13,44,0,57,17,0,17,74
12/31/2016,ACT,TX,ASW,CE,Combined TRACON& Tower with Radar,1,7,9,0,17,0,0,21,0,21,1,7,30,0,38,4,0,4,42
01/01/2017,ACT,TX,ASW,CE,Combined TRACON& Tower with Radar,1,10,14,0,25,0,5,14,0,19,1,15,28,0,44,4,0,4,48
01/02/2017,ACT,TX,ASW,CE,Combined TRACON& Tower with Radar,0,4,14,0,18,0,0,15,0,15,0,4,29,0,33,8,0,8,41
01/03/2017,ACT,TX,ASW,CE,Combined TRACON& Tower with Radar,2,10,38,9,59,0,5,40,0,45,2,15,78,9,104,16,14,30,134
01/04/2017,ACT,TX,ASW,CE,Combined TRACON& Tower with Radar,0,10,35,8,53,0,5,33,0,38,0,15,68,8,91,36,8,44,135
01/05/2017,ACT,TX,ASW,CE,Combined TRACON& Tower with Radar,0,9,23,30,62,0,0,12,1,13,0,9,35,31,75,48,14,62,137
01/06/2017,ACT,TX,ASW,CE,Combined TRACON& Tower with Radar,0,15,34,21,70,0,0,7,0,7,0,15,41,21,77,10,6,16,93
01/07/2017,ACT,TX,ASW,CE,Combined TRACON& Tower with Radar,0,12,38,1,51,0,2,21,2,25,0,14,59,3,76,3,0,3,79
01/08/2017,ACT,TX,ASW,CE,Combined TRACON& Tower with Radar,0,7,37,14,58,0,1,22,0,23,0,8,59,14,81,22,0,22,103
01/09/2017,ACT,TX,ASW,CE,Combined TRACON& Tower with Radar,2,8,24,16,50,0,4,13,1,18,2,12,37,17,68,0,0,0,68
01/10/2017,ACT,TX,ASW,CE,Combined TRACON& Tower with Radar,0,13,35,37,85,0,3,19,0,22,0,16,54,37,107,15,10,25,132
01/11/2017,ACT,TX,ASW,CE,Combined TRACON& Tower with Radar,0,10,29,31,70,0,8,8,7,23,0,18,37,38,93,6,14,20,113
01/12/2017,ACT,TX,ASW,CE,Combined TRACON& Tower with Radar,0,13,44,33,90,0,3,10,4,17,0,16,54,37,107,4,15,19,126
01/13/2017,ACT,TX,ASW,CE,Combined TRACON& Tower with Radar,2,11,25,2,40,0,0,0,0,0,2,11,25,2,40,0,0,0,40
01/14/2017,ACT,TX,ASW,CE,Combined TRACON& Tower with Radar,0,13,11,0,24,0,0,0,0,0,0,13,11,0,24,0,0,0,24
01/15/2017,ACT,TX,ASW,CE,Combined TRACON& Tower with Radar,0,12,4,2,18,0,0,0,0,0,0,12,4,2,18,0,0,0,18
01/16/2017,ACT,TX,ASW,CE,Combined TRACON& Tower with Radar,2,8,49,0,59,0,1,15,0,16,2,9,64,0,75,14,0,14,89
01/17/2017,ACT,TX,ASW,CE,Combined TRACON& Tower with Radar,0,13,46,0,59,0,1,17,0,18,0,14,63,0,77,15,0,15,92
01/18/2017,ACT,TX,ASW,CE,Combined TRACON& Tower with Radar,0,9,16,0,25,0,0,0,0,0,0,9,16,0,25,0,0,0,25
01/19/2017,ACT,TX,ASW,CE,Combined TRACON& Tower with Radar,0,11,36,35,82,0,0,34,0,34,0,11,70,35,116,6,0,6,122
01/20/2017,ACT,TX,ASW,CE,Combined TRACON& Tower with Radar,2,12,31,110,155,0,7,35,4,46,2,19,66,114,201,0,20,20,221
01/21/2017,ACT,TX,ASW,CE,Combined TRACON& Tower with Radar,2,10,20,36,68,0,0,5,1,6,2,10,25,37,74,0,14,14,88
01/22/2017,ACT,TX,ASW,CE,Combined TRACON& Tower with Radar,0,12,10,19,41,1,1,5,4,11,1,13,15,23,52,0,2,2,54
01/23/2017,ACT,TX,ASW,CE,Combined TRACON& Tower with Radar,0,7,42,47,96,0,0,49,0,49,0,7,91,47,145,49,6,55,200
01/24/2017,ACT,TX,ASW,CE,Combined TRACON& Tower with Radar,0,9,26,20,55,0,2,37,0,39,0,11,63,20,94,12,0,12,106
01/25/2017,ACT,TX,ASW,CE,Combined TRACON& Tower with Radar,0,14,43,26,83,0,6,26,3,35,0,20,69,29,118,4,4,8,126
01/26/2017,ACT,TX,ASW,CE,Combined TRACON& Tower with Radar,0,9,39,34,82,0,4,47,12,63,0,13,86,46,145,46,8,54,199
01/27/2017,ACT,TX,ASW,CE,Combined TRACON& Tower with Radar,2,10,33,24,69,0,1,41,0,42,2,11,74,24,111,12,0,12,123
01/28/2017,ACT,TX,ASW,CE,Combined TRACON& Tower with Radar,2,6,29,0,37,0,0,26,2,28,2,6,55,2,65,17,0,17,82
01/29/2017,ACT,TX,ASW,CE,Combined TRACON& Tower with Radar,0,10,29,0,39,0,3,22,0,25,0,13,51,0,64,12,0,12,76
01/30/2017,ACT,TX,ASW,CE,Combined TRACON& Tower with Radar,0,9,36,26,71,0,4,39,0,43,0,13,75,26,114,4,0,4,118
01/31/2017,ACT,TX,ASW,CE,Combined TRACON& Tower with Radar,2,9,33,36,80,0,1,41,1,43,2,10,74,37,123,22,4,26,149
02/01/2017,ACT,TX,ASW,CE,Combined TRACON& Tower with Radar,0,12,44,17,73,0,1,31,1,33,0,13,75,18,106,24,6,30,136
02/02/2017,ACT,TX,ASW,CE,Combined TRACON& Tower with Radar,2,13,38,27,80,0,1,17,4,22,2,14,55,31,102,0,0,0,102
02/03/2017,ACT,TX,ASW,CE,Combined TRACON& Tower with Radar,0,11,32,23,66,0,0,16,0,16,0,11,48,23,82,24,0,24,106
02/04/2017,ACT,TX,ASW,CE,Combined TRACON& Tower with Radar,2,9,40,0,51,0,0,1,0,1,2,9,41,0,52,0,0,0,52
02/05/2017,ACT,TX,ASW,CE,Combined TRACON& Tower with Radar,0,7,24,0,31,0,1,7,0,8,0,8,31,0,39,24,0,24,63
02/06/2017,ACT,TX,ASW,CE,Combined TRACON& Tower with Radar,0,7,32,9,48,0,0,7,0,7,0,7,39,9,55,10,0,10,65
02/07/2017,ACT,TX,ASW,CE,Combined TRACON& Tower with Radar,0,7,21,19,47,0,1,45,2,48,0,8,66,21,95,16,0,16,111
02/08/2017,ACT,TX,ASW,CE,Combined TRACON& Tower with Radar,0,14,28,13,55,0,1,32,4,37,0,15,60,17,92,4,0,4,96
02/09/2017,ACT,TX,ASW,CE,Combined TRACON& Tower with Radar,2,7,48,25,82,0,3,29,1,33,2,10,77,26,115,22,2,24,139
02/10/2017,ACT,TX,ASW,CE,Combined TRACON& Tower with Radar,0,11,39,15,65,1,2,16,3,22,1,13,55,18,87,22,0,22,109
02/11/2017,ACT,TX,ASW,CE,Combined TRACON& Tower with Radar,0,8,14,9,31,0,0,27,2,29,0,8,41,11,60,2,7,9,69
02/12/2017,ACT,TX,ASW,CE,Combined TRACON& Tower with Radar,2,14,28,0,44,0,0,6,0,6,2,14,34,0,50,0,0,0,50
02/13/2017,ACT,TX,ASW,CE,Combined TRACON& Tower with Radar,0,12,16,15,43,0,4,3,0,7,0,16,19,15,50,6,0,6,56
02/14/2017,ACT,TX,ASW,CE,Combined TRACON& Tower with Radar,0,9,26,7,42,0,0,0,0,0,0,9,26,7,42,2,0,2,44
02/15/2017,ACT,TX,ASW,CE,Combined TRACON& Tower with Radar,0,9,32,15,56,0,6,40,1,47,0,15,72,16,103,0,0,0,103
02/16/2017,ACT,TX,ASW,CE,Combined TRACON& Tower with Radar,0,17,47,35,99,0,0,50,5,55,0,17,97,40,154,30,0,30,184
02/17/2017,ACT,TX,ASW,CE,Combined TRACON& Tower with Radar,1,9,52,18,80,0,2,49,0,51,1,11,101,18,131,42,26,68,199
02/18/2017,ACT,TX,ASW,CE,Combined TRACON& Tower with Radar,1,8,31,14,54,0,3,24,0,27,1,11,55,14,81,6,0,6,87
02/19/2017,ACT,TX,ASW,CE,Combined TRACON& Tower with Radar,0,7,24,0,31,0,2,3,0,5,0,9,27,0,36,0,0,0,36
02/20/2017,ACT,TX,ASW,CE,Combined TRACON& Tower with Radar,0,7,34,0,41,0,2,13,0,15,0,9,47,0,56,4,0,4,60
02/21/2017,ACT,TX,ASW,CE,Combined TRACON& Tower with Radar,0,17,51,13,81,0,2,49,0,51,0,19,100,13,132,26,0,26,158
02/22/2017,ACT,TX,ASW,CE,Combined TRACON& Tower with Radar,0,8,59,15,82,0,5,63,0,68,0,13,122,15,150,27,2,29,179
02/23/2017,ACT,TX,ASW,CE,Combined TRACON& Tower with Radar,0,11,46,12,69,0,3,23,0,26,0,14,69,12,95,0,0,0,95
02/24/2017,ACT,TX,ASW,CE,Combined TRACON& Tower with Radar,0,11,49,6,66,0,4,52,0,56,0,15,101,6,122,82,0,82,204
02/25/2017,ACT,TX,ASW,CE,Combined TRACON& Tower with Radar,0,8,35,1,44,0,0,56,0,56,0,8,91,1,100,0,0,0,100
02/26/2017,ACT,TX,ASW,CE,Combined TRACON& Tower with Radar,0,9,22,10,41,0,0,4,0,4,0,9,26,10,45,2,0,2,47
02/27/2017,ACT,TX,ASW,CE,Combined TRACON& Tower with Radar,2,11,41,13,67,0,0,9,3,12,2,11,50,16,79,2,0,2,81
02/28/2017,ACT,TX,ASW,CE,Combined TRACON& Tower with Radar,0,7,36,27,70,0,0,5,0,5,0,7,41,27,75,17,0,17,92
03/01/2017,ACT,TX,ASW,CE,Combined TRACON& Tower with Radar,0,10,36,13,59,0,6,19,0,25,0,16,55,13,84,0,2,2,86
03/02/2017,ACT,TX,ASW,CE,Combined TRACON& Tower with Radar,0,9,38,22,69,0,2,64,3,69,0,11,102,25,138,6,0,6,144
03/03/2017,ACT,TX,ASW,CE,Combined TRACON& Tower with Radar,0,13,37,61,111,0,0,46,4,50,0,13,83,65,161,44,4,48,209
03/04/2017,ACT,TX,ASW,CE,Combined TRACON& Tower with Radar,0,9,16,0,25,0,0,0,0,0,0,9,16,0,25,0,0,0,25
03/05/2017,ACT,TX,ASW,CE,Combined TRACON& Tower with Radar,0,9,26,2,37,0,0,1,0,1,0,9,27,2,38,0,0,0,38
03/06/2017,ACT,TX,ASW,CE,Combined TRACON& Tower with Radar,0,8,20,32,60,0,0,7,0,7,0,8,27,32,67,4,0,4,71
03/07/2017,ACT,TX,ASW,CE,Combined TRACON& Tower with Radar,0,12,35,30,77,0,0,21,21,42,0,12,56,51,119,16,0,16,135
03/08/2017,ACT,TX,ASW,CE,Combined TRACON& Tower with Radar,2,12,50,15,79,0,5,38,0,43,2,17,88,15,122,0,0,0,122
03/09/2017,ACT,TX,ASW,CE,Combined TRACON& Tower with Radar,0,7,36,29,72,0,1,5,4,10,0,8,41,33,82,0,0,0,82
03/10/2017,ACT,TX,ASW,CE,Combined TRACON& Tower with Radar,2,10,26,4,42,0,3,8,2,13,2,13,34,6,55,0,0,0,55
03/11/2017,ACT,TX,ASW,CE,Combined TRACON& Tower with Radar,0,6,15,8,29,0,0,5,0,5,0,6,20,8,34,8,10,18,52
03/12/2017,ACT,TX,ASW,CE,Combined TRACON& Tower with Radar,0,10,33,0,43,0,0,1,0,1,0,10,34,0,44,0,0,0,44
03/13/2017,ACT,TX,ASW,CE,Combined TRACON& Tower with Radar,0,7,38,5,50,0,7,21,1,29,0,14,59,6,79,26,0,26,105
03/14/2017,ACT,TX,ASW,CE,Combined TRACON& Tower with Radar,0,6,41,16,63,0,3,60,3,66,0,9,101,19,129,40,0,40,169
03/15/2017,ACT,TX,ASW,CE,Combined TRACON& Tower with Radar,2,11,42,13,68,0,5,43,8,56,2,16,85,21,124,72,0,72,196
03/16/2017,ACT,TX,ASW,CE,Combined TRACON& Tower with Radar,4,13,17,17,51,0,2,0,5,7,4,15,17,22,58,4,4,8,66
03/17/2017,ACT,TX,ASW,CE,Combined TRACON& Tower with Radar,0,7,24,16,47,0,0,20,4,24,0,7,44,20,71,42,4,46,117
03/18/2017,ACT,TX,ASW,CE,Combined TRACON& Tower with Radar,0,6,23,0,29,0,0,31,6,37,0,6,54,6,66,12,0,12,78
03/19/2017,ACT,TX,ASW,CE,Combined TRACON& Tower with Radar,4,10,26,1,41,0,0,15,7,22,4,10,41,8,63,14,0,14,77
03/20/2017,ACT,TX,ASW,CE,Combined TRACON& Tower with Radar,1,7,35,0,43,0,0,39,1,40,1,7,74,1,83,12,0,12,95
03/21/2017,ACT,TX,ASW,CE,Combined TRACON& Tower with Radar,1,8,41,21,71,0,4,28,6,38,1,12,69,27,109,38,0,38,147
03/22/2017,ACT,TX,ASW,CE,Combined TRACON& Tower with Radar,2,9,36,23,70,0,10,30,3,43,2,19,66,26,113,16,8,24,137
03/23/2017,ACT,TX,ASW,CE,Combined TRACON& Tower with Radar,2,7,25,18,52,0,5,9,0,14,2,12,34,18,66,20,0,20,86
03/24/2017,ACT,TX,ASW,CE,Combined TRACON& Tower with Radar,0,10,14,34,58,0,0,9,0,9,0,10,23,34,67,26,18,44,111
03/25/2017,ACT,TX,ASW,CE,Combined TRACON& Tower with Radar,2,7,29,6,44,0,4,51,3,58,2,11,80,9,102,6,0,6,108
03/26/2017,ACT,TX,ASW,CE,Combined TRACON& Tower with Radar,0,7,27,0,34,0,0,10,0,10,0,7,37,0,44,8,0,8,52
03/27/2017,ACT,TX,ASW,CE,Combined TRACON& Tower with Radar,0,13,50,2,65,0,6,33,4,43,0,19,83,6,108,40,20,60,168
03/28/2017,ACT,TX,ASW,CE,Combined TRACON& Tower with Radar,0,13,39,26,78,0,0,4,1,5,0,13,43,27,83,22,0,22,105
03/29/2017,ACT,TX,ASW,CE,Combined TRACON& Tower with Radar,0,17,38,41,96,0,5,28,6,39,0,22,66,47,135,0,22,22,157
03/30/2017,ACT,TX,ASW,CE,Combined TRACON& Tower with Radar,0,11,35,28,74,0,3,46,0,49,0,14,81,28,123,8,6,14,137
03/31/2017,ACT,TX,ASW,CE,Combined TRACON& Tower with Radar,0,10,44,6,60,0,4,66,2,72,0,14,110,8,132,34,0,34,166
04/01/2017,ACT,TX,ASW,CE,Combined TRACON& Tower with Radar,0,6,26,0,32,0,0,5,0,5,0,6,31,0,37,6,0,6,43
04/02/2017,ACT,TX,ASW,CE,Combined TRACON& Tower with Radar,0,10,17,0,27,0,0,3,0,3,0,10,20,0,30,0,0,0,30
04/03/2017,ACT,TX,ASW,CE,Combined TRACON& Tower with Radar,0,11,43,12,66,0,5,44,0,49,0,16,87,12,115,33,10,43,158
04/04/2017,ACT,TX,ASW,CE,Combined TRACON& Tower with Radar,1,15,34,33,83,0,7,33,1,41,1,22,67,34,124,12,0,12,136
04/05/2017,ACT,TX,ASW,CE,Combined TRACON& Tower with Radar,0,9,32,24,65,0,2,8,3,13,0,11,40,27,78,6,6,12,90
04/06/2017,ACT,TX,ASW,CE,Combined TRACON& Tower with Radar,0,10,41,11,62,0,3,43,5,51,0,13,84,16,113,12,12,24,137
04/07/2017,ACT,TX,ASW,CE,Combined TRACON& Tower with Radar,0,7,36,1,44,0,2,45,0,47,0,9,81,1,91,46,34,80,171
04/08/2017,ACT,TX,ASW,CE,Combined TRACON& Tower with Radar,0,6,28,6,40,0,2,21,4,27,0,8,49,10,67,0,0,0,67
04/09/2017,ACT,TX,ASW,CE,Combined TRACON& Tower with Radar,0,10,24,9,43,0,1,5,0,6,0,11,29,9,49,0,0,0,49
04/10/2017,ACT,TX,ASW,CE,Combined TRACON& Tower with Radar,0,6,23,2,31,1,5,4,0,10,1,11,27,2,41,4,16,20,61
04/11/2017,ACT,TX,ASW,CE,Combined TRACON& Tower with Radar,2,7,14,11,34,0,0,0,0,0,2,7,14,11,34,22,0,22,56
04/12/2017,ACT,TX,ASW,CE,Combined TRACON& Tower with Radar,0,12,44,49,105,0,1,11,0,12,0,13,55,49,117,0,21,21,138
04/13/2017,ACT,TX,ASW,CE,Combined TRACON& Tower with Radar,0,9,54,57,120,0,2,16,5,23,0,11,70,62,143,12,12,24,167
04/14/2017,ACT,TX,ASW,CE,Combined TRACON& Tower with Radar,2,11,44,11,68,0,0,16,2,18,2,11,60,13,86,12,0,12,98
04/15/2017,ACT,TX,ASW,CE,Combined TRACON& Tower with Radar,0,6,23,1,30,0,0,9,1,10,0,6,32,2,40,12,2,14,54
04/16/2017,ACT,TX,ASW,CE,Combined TRACON& Tower with Radar,0,7,19,0,26,0,4,3,0,7,0,11,22,0,33,0,0,0,33
04/17/2017,ACT,TX,ASW,CE,Combined TRACON& Tower with Radar,0,18,39,22,79,0,0,10,0,10,0,18,49,22,89,0,10,10,99
04/18/2017,ACT,TX,ASW,CE,Combined TRACON& Tower with Radar,0,10,37,38,85,0,0,7,0,7,0,10,44,38,92,12,6,18,110
04/19/2017,ACT,TX,ASW,CE,Combined TRACON& Tower with Radar,2,9,63,29,103,0,2,29,0,31,2,11,92,29,134,10,0,10,144
04/20/2017,ACT,TX,ASW,CE,Combined TRACON& Tower with Radar,0,8,46,20,74,0,0,20,2,22,0,8,66,22,96,28,18,46,142
04/21/2017,ACT,TX,ASW,CE,Combined TRACON& Tower with Radar,0,9,47,9,65,0,4,27,1,32,0,13,74,10,97,12,14,26,123
04/22/2017,ACT,TX,ASW,CE,Combined TRACON& Tower with Radar,0,7,32,0,39,0,0,11,0,11,0,7,43,0,50,6,0,6,56
04/23/2017,ACT,TX,ASW,CE,Combined TRACON& Tower with Radar,0,11,33,3,47,0,0,38,5,43,0,11,71,8,90,15,4,19,109
04/24/2017,ACT,TX,ASW,CE,Combined TRACON& Tower with Radar,0,7,33,44,84,0,4,43,1,48,0,11,76,45,132,26,10,36,168
04/25/2017,ACT,TX,ASW,CE,Combined TRACON& Tower with Radar,0,13,27,32,72,0,0,15,1,16,0,13,42,33,88,18,0,18,106
04/26/2017,ACT,TX,ASW,CE,Combined TRACON& Tower with Radar,4,9,41,27,81,0,0,16,5,21,4,9,57,32,102,6,6,12,114
04/27/2017,ACT,TX,ASW,CE,Combined TRACON& Tower with Radar,0,12,40,26,78,0,2,48,1,51,0,14,88,27,129,35,0,35,164
04/28/2017,ACT,TX,ASW,CE,Combined TRACON& Tower with Radar,0,10,31,37,78,0,2,32,0,34,0,12,63,37,112,0,0,0,112
04/29/2017,ACT,TX,ASW,CE,Combined TRACON& Tower with Radar,4,7,9,6,26,0,5,2,0,7,4,12,11,6,33,0,0,0,33
04/30/2017,ACT,TX,ASW,CE,Combined TRACON& Tower with Radar,0,8,12,3,23,0,0,8,1,9,0,8,20,4,32,0,0,0,32
05/01/2017,ACT,TX,ASW,CE,Combined TRACON& Tower with Radar,0,7,34,14,55,0,0,54,0,54,0,7,88,14,109,18,12,30,139
05/02/2017,ACT,TX,ASW,CE,Combined TRACON& Tower with Radar,0,14,23,43,80,0,1,63,4,68,0,15,86,47,148,22,2,24,172
05/03/2017,ACT,TX,ASW,CE,Combined TRACON& Tower with Radar,2,6,18,15,41,0,0,3,0,3,2,6,21,15,44,0,0,0,44
05/04/2017,ACT,TX,ASW,CE,Combined TRACON& Tower with Radar,0,7,37,33,77,0,0,43,3,46,0,7,80,36,123,30,0,30,153
05/05/2017,ACT,TX,ASW,CE,Combined TRACON& Tower with Radar,0,17,19,37,73,0,0,37,2,39,0,17,56,39,112,12,2,14,126
05/06/2017,ACT,TX,ASW,CE,Combined TRACON& Tower with Radar,0,8,27,10,45,0,4,64,1,69,0,12,91,11,114,0,10,10,124
05/07/2017,ACT,TX,ASW,CE,Combined TRACON& Tower with Radar,0,10,28,7,45,0,1,45,1,47,0,11,73,8,92,6,0,6,98
05/08/2017,ACT,TX,ASW,CE,Combined TRACON& Tower with Radar,0,11,31,66,108,0,0,26,0,26,0,11,57,66,134,8,4,12,146
05/09/2017,ACT,TX,ASW,CE,Combined TRACON& Tower with Radar,0,13,47,66,126,0,0,15,2,17,0,13,62,68,143,22,16,38,181
05/10/2017,ACT,TX,ASW,CE,Combined TRACON& Tower with Radar,0,11,44,54,109,0,2,4,0,6,0,13,48,54,115,14,10,24,139
05/11/2017,ACT,TX,ASW,CE,Combined TRACON& Tower with Radar,0,13,26,18,57,0,0,12,0,12,0,13,38,18,69,64,24,88,157
05/12/2017,ACT,TX,ASW,CE,Combined TRACON& Tower with Radar,0,15,39,28,82,0,1,38,6,45,0,16,77,34,127,24,0,24,151
05/13/2017,ACT,TX,ASW,CE,Combined TRACON& Tower with Radar,2,13,52,3,70,0,0,36,0,36,2,13,88,3,106,6,0,6,112
05/14/2017,ACT,TX,ASW,CE,Combined TRACON& Tower with Radar,0,11,32,1,44,0,3,21,1,25,0,14,53,2,69,0,0,0,69
05/15/2017,ACT,TX,ASW,CE,Combined TRACON& Tower with Radar,0,13,44,60,117,0,6,36,1,43,0,19,80,61,160,26,22,48,208
05/16/2017,ACT,TX,ASW,CE,Combined TRACON& Tower with Radar,0,14,54,18,86,0,1,20,2,23,0,15,74,20,109,22,28,50,159
05/17/2017,ACT,TX,ASW,CE,Combined TRACON& Tower with Radar,0,11,57,27,95,0,0,22,0,22,0,11,79,27,117,38,8,46,163
05/18/2017,ACT,TX,ASW,CE,Combined TRACON& Tower with Radar,4,19,50,20,93,0,4,11,1,16,4,23,61,21,109,18,15,33,142
05/19/2017,ACT,TX,ASW,CE,Combined TRACON& Tower with Radar,0,15,44,40,99,0,2,12,0,14,0,17,56,40,113,42,0,42,155
05/20/2017,ACT,TX,ASW,CE,Combined TRACON& Tower with Radar,0,10,10,17,37,0,0,2,7,9,0,10,12,24,46,0,14,14,60
05/21/2017,ACT,TX,ASW,CE,Combined TRACON& Tower with Radar,0,9,9,4,22,0,1,4,0,5,0,10,13,4,27,36,0,36,63
05/22/2017,ACT,TX,ASW,CE,Combined TRACON& Tower with Radar,2,11,38,29,80,0,2,3,1,6,2,13,41,30,86,28,0,28,114
05/23/2017,ACT,TX,ASW,CE,Combined TRACON& Tower with Radar,0,9,29,8,46,0,0,7,1,8,0,9,36,9,54,0,0,0,54
05/24/2017,ACT,TX,ASW,CE,Combined TRACON& Tower with Radar,0,11,42,23,76,0,9,54,5,68,0,20,96,28,144,38,12,50,194
05/25/2017,ACT,TX,ASW,CE,Combined TRACON& Tower with Radar,0,10,37,24,71,0,0,64,5,69,0,10,101,29,140,4,0,4,144
05/26/2017,ACT,TX,ASW,CE,Combined TRACON& Tower with Radar,0,11,42,13,66,0,1,14,0,15,0,12,56,13,81,6,2,8,89
05/27/2017,ACT,TX,ASW,CE,Combined TRACON& Tower with Radar,0,9,30,0,39,0,1,5,3,9,0,10,35,3,48,0,0,0,48
05/28/2017,ACT,TX,ASW,CE,Combined TRACON& Tower with Radar,0,5,24,0,29,0,0,3,0,3,0,5,27,0,32,14,0,14,46
05/29/2017,ACT,TX,ASW,CE,Combined TRACON& Tower with Radar,0,12,31,3,46,0,1,15,0,16,0,13,46,3,62,6,2,8,70
05/30/2017,ACT,TX,ASW,CE,Combined TRACON& Tower with Radar,0,10,48,16,74,0,1,28,4,33,0,11,76,20,107,32,0,32,139
05/31/2017,ACT,TX,ASW,CE,Combined TRACON& Tower with Radar,0,18,43,74,135,0,0,34,4,38,0,18,77,78,173,8,6,14,187
06/01/2017,ACT,TX,ASW,CE,Combined TRACON& Tower with Radar,0,9,27,39,75,0,1,27,2,30,0,10,54,41,105,4,0,4,109
06/02/2017,ACT,TX,ASW,CE,Combined TRACON& Tower with Radar,1,7,32,15,55,0,1,18,0,19,1,8,50,15,74,0,0,0,74
06/03/2017,ACT,TX,ASW,CE,Combined TRACON& Tower with Radar,0,8,11,10,29,0,0,1,0,1,0,8,12,10,30,0,0,0,30
06/04/2017,ACT,TX,ASW,CE,Combined TRACON& Tower with Radar,1,7,23,0,31,0,0,9,0,9,1,7,32,0,40,2,0,2,42
06/05/2017,ACT,TX,ASW,CE,Combined TRACON& Tower with Radar,2,8,15,18,43,0,0,6,0,6,2,8,21,18,49,0,0,0,49
06/06/2017,ACT,TX,ASW,CE,Combined TRACON& Tower with Radar,0,13,33,28,74,0,2,41,2,45,0,15,74,30,119,38,4,42,161
06/07/2017,ACT,TX,ASW,CE,Combined TRACON& Tower with Radar,0,10,32,20,62,0,3,42,0,45,0,13,74,20,107,0,0,0,107
06/08/2017,ACT,TX,ASW,CE,Combined TRACON& Tower with Radar,2,12,53,34,101,0,4,40,0,44,2,16,93,34,145,22,0,22,167
06/09/2017,ACT,TX,ASW,CE,Combined TRACON& Tower with Radar,0,7,21,22,50,0,2,22,0,24,0,9,43,22,74,15,0,15,89
06/10/2017,ACT,TX,ASW,CE,Combined TRACON& Tower with Radar,0,12,31,1,44,0,3,31,1,35,0,15,62,2,79,16,0,16,95
06/11/2017,ACT,TX,ASW,CE,Combined TRACON& Tower with Radar,0,11,17,2,30,0,3,21,0,24,0,14,38,2,54,0,0,0,54
06/12/2017,ACT,TX,ASW,CE,Combined TRACON& Tower with Radar,0,9,50,10,69,0,3,28,0,31,0,12,78,10,100,12,0,12,112
06/13/2017,ACT,TX,ASW,CE,Combined TRACON& Tower with Radar,0,12,32,24,68,0,6,21,1,28,0,18,53,25,96,4,0,4,100
06/14/2017,ACT,TX,ASW,CE,Combined TRACON& Tower with Radar,0,12,37,32,81,0,4,32,3,39,0,16,69,35,120,38,0,38,158
06/15/2017,ACT,TX,ASW,CE,Combined TRACON& Tower with Radar,0,13,54,44,111,0,2,33,4,39,0,15,87,48,150,34,0,34,184
06/16/2017,ACT,TX,ASW,CE,Combined TRACON& Tower with Radar,0,9,45,18,72,0,4,21,2,27,0,13,66,20,99,8,0,8,107
06/17/2017,ACT,TX,ASW,CE,Combined TRACON& Tower with Radar,0,9,24,7,40,0,0,20,5,25,0,9,44,12,65,16,0,16,81
06/18/2017,ACT,TX,ASW,CE,Combined TRACON& Tower with Radar,0,10,25,1,36,0,0,19,0,19,0,10,44,1,55,0,0,0,55
06/19/2017,ACT,TX,ASW,CE,Combined TRACON& Tower with Radar,0,10,26,2,38,0,0,12,0,12,0,10,38,2,50,0,0,0,50
06/20/2017,ACT,TX,ASW,CE,Combined TRACON& Tower with Radar,0,9,57,10,76,0,4,31,4,39,0,13,88,14,115,30,0,30,145
06/21/2017,ACT,TX,ASW,CE,Combined TRACON& Tower with Radar,0,9,32,30,71,0,6,39,3,48,0,15,71,33,119,12,2,14,133
06/22/2017,ACT,TX,ASW,CE,Combined TRACON& Tower with Radar,0,12,50,23,85,0,3,22,0,25,0,15,72,23,110,72,0,72,182
06/23/2017,ACT,TX,ASW,CE,Combined TRACON& Tower with Radar,0,13,42,2,57,0,6,35,0,41,0,19,77,2,98,8,0,8,106
06/24/2017,ACT,TX,ASW,CE,Combined TRACON& Tower with Radar,0,6,14,3,23,0,2,4,1,7,0,8,18,4,30,0,6,6,36
06/25/2017,ACT,TX,ASW,CE,Combined TRACON& Tower with Radar,0,11,12,8,31,0,0,12,0,12,0,11,24,8,43,0,0,0,43
06/26/2017,ACT,TX,ASW,CE,Combined TRACON& Tower with Radar,0,9,45,18,72,0,0,11,4,15,0,9,56,22,87,66,0,66,153
06/27/2017,ACT,TX,ASW,CE,Combined TRACON& Tower with Radar,2,13,43,33,91,0,2,48,1,51,2,15,91,34,142,34,0,34,176
06/28/2017,ACT,TX,ASW,CE,Combined TRACON& Tower with Radar,0,9,49,15,73,0,3,41,1,45,0,12,90,16,118,34,0,34,152
06/29/2017,ACT,TX,ASW,CE,Combined TRACON& Tower with Radar,0,19,40,25,84,1,8,23,0,32,1,27,63,25,116,10,0,10,126
06/30/2017,ACT,TX,ASW,CE,Combined TRACON& Tower with Radar,0,11,40,16,67,0,1,20,4,25,0,12,60,20,92,8,2,10,102
07/01/2017,ACT,TX,ASW,CE,Combined TRACON& Tower with Radar,0,10,13,0,23,0,0,18,0,18,0,10,31,0,41,0,0,0,41
07/02/2017,ACT,TX,ASW,CE,Combined TRACON& Tower with Radar,0,7,13,0,20,0,0,10,0,10,0,7,23,0,30,0,0,0,30
07/03/2017,ACT,TX,ASW,CE,Combined TRACON& Tower with Radar,0,7,18,0,25,0,0,20,0,20,0,7,38,0,45,8,0,8,53
07/04/2017,ACT,TX,ASW,CE,Combined TRACON& Tower with Radar,0,8,8,0,16,0,0,15,0,15,0,8,23,0,31,0,0,0,31
07/05/2017,ACT,TX,ASW,CE,Combined TRACON& Tower with Radar,0,11,24,41,76,0,2,33,3,38,0,13,57,44,114,11,8,19,133
07/06/2017,ACT,TX,ASW,CE,Combined TRACON& Tower with Radar,0,10,33,13,56,0,2,38,0,40,0,12,71,13,96,12,8,20,116
07/07/2017,ACT,TX,ASW,CE,Combined TRACON& Tower with Radar,0,13,39,27,79,0,3,43,0,46,0,16,82,27,125,40,0,40,165
07/08/2017,ACT,TX,ASW,CE,Combined TRACON& Tower with Radar,2,8,26,17,53,0,0,28,11,39,2,8,54,28,92,108,12,120,212
07/09/2017,ACT,TX,ASW,CE,Combined TRACON& Tower with Radar,0,11,18,0,29,0,0,18,0,18,0,11,36,0,47,0,0,0,47
07/10/2017,ACT,TX,ASW,CE,Combined TRACON& Tower with Radar,0,9,27,23,59,0,2,41,0,43,0,11,68,23,102,42,0,42,144
07/11/2017,ACT,TX,ASW,CE,Combined TRACON& Tower with Radar,0,9,34,53,96,0,0,21,1,22,0,9,55,54,118,10,20,30,148
07/12/2017,ACT,TX,ASW,CE,Combined TRACON& Tower with Radar,0,10,40,54,104,0,0,33,5,38,0,10,73,59,142,34,2,36,178
07/13/2017,ACT,TX,ASW,CE,Combined TRACON& Tower with Radar,0,13,31,37,81,0,1,25,0,26,0,14,56,37,107,32,26,58,165
07/14/2017,ACT,TX,ASW,CE,Combined TRACON& Tower with Radar,0,12,49,34,95,0,0,41,2,43,0,12,90,36,138,46,2,48,186
07/15/2017,ACT,TX,ASW,CE,Combined TRACON& Tower with Radar,0,10,12,2,24,0,1,13,2,16,0,11,25,4,40,18,0,18,58
07/16/2017,ACT,TX,ASW,CE,Combined TRACON& Tower with Radar,0,9,14,4,27,0,0,24,0,24,0,9,38,4,51,2,0,2,53
07/17/2017,ACT,TX,ASW,CE,Combined TRACON& Tower with Radar,0,17,26,8,51,0,0,13,0,13,0,17,39,8,64,20,0,20,84
07/18/2017,ACT,TX,ASW,CE,Combined TRACON& Tower with Radar,0,15,32,14,61,0,0,26,1,27,0,15,58,15,88,70,22,92,180
07/19/2017,ACT,TX,ASW,CE,Combined TRACON& Tower with Radar,0,17,36,29,82,0,0,28,0,28,0,17,64,29,110,32,16,48,158
07/20/2017,ACT,TX,ASW,CE,Combined TRACON& Tower with Radar,0,11,28,25,64,0,2,58,0,60,0,13,86,25,124,40,8,48,172
07/21/2017,ACT,TX,ASW,CE,Combined TRACON& Tower with Radar,0,9,43,28,80,0,3,35,3,41,0,12,78,31,121,32,40,72,193
07/22/2017,ACT,TX,ASW,CE,Combined TRACON& Tower with Radar,0,8,32,0,40,0,0,28,0,28,0,8,60,0,68,6,0,6,74
07/23/2017,ACT,TX,ASW,CE,Combined TRACON& Tower with Radar,1,16,3,6,26,0,1,19,0,20,1,17,22,6,46,48,0,48,94
07/24/2017,ACT,TX,ASW,CE,Combined TRACON& Tower with Radar,0,9,26,2,37,0,1,9,2,12,0,10,35,4,49,0,0,0,49
07/25/2017,ACT,TX,ASW,CE,Combined TRACON& Tower with Radar,0,10,51,26,87,0,2,25,0,27,0,12,76,26,114,38,2,40,154
07/26/2017,ACT,TX,ASW,CE,Combined TRACON& Tower with Radar,0,9,46,35,90,0,5,28,0,33,0,14,74,35,123,22,0,22,145
07/27/2017,ACT,TX,ASW,CE,Combined TRACON& Tower with Radar,0,11,33,26,70,0,0,37,1,38,0,11,70,27,108,26,0,26,134
07/28/2017,ACT,TX,ASW,CE,Combined TRACON& Tower with Radar,0,13,36,32,81,0,0,38,1,39,0,13,74,33,120,12,0,12,132
07/29/2017,ACT,TX,ASW,CE,Combined TRACON& Tower with Radar,0,14,29,3,46,0,0,46,0,46,0,14,75,3,92,28,0,28,120
07/30/2017,ACT,TX,ASW,CE,Combined TRACON& Tower with Radar,0,16,22,8,46,0,0,20,0,20,0,16,42,8,66,8,0,8,74
07/31/2017,ACT,TX,ASW,CE,Combined TRACON& Tower with Radar,0,23,26,59,108,0,4,31,3,38,0,27,57,62,146,26,12,38,184
08/01/2017,ACT,TX,ASW,CE,Combined TRACON& Tower with Radar,1,9,33,19,62,0,1,39,0,40,1,10,72,19,102,84,0,84,186
08/02/2017,ACT,TX,ASW,CE,Combined TRACON& Tower with Radar,2,9,19,2,32,0,0,0,2,2,2,9,19,4,34,12,0,12,46
08/03/2017,ACT,TX,ASW,CE,Combined TRACON& Tower with Radar,0,12,26,45,83,0,2,23,3,28,0,14,49,48,111,10,0,10,121
08/04/2017,ACT,TX,ASW,CE,Combined TRACON& Tower with Radar,0,12,39,18,69,0,3,32,0,35,0,15,71,18,104,84,0,84,188
08/05/2017,ACT,TX,ASW,CE,Combined TRACON& Tower with Radar,2,9,27,14,52,0,0,35,0,35,2,9,62,14,87,18,0,18,105
08/06/2017,ACT,TX,ASW,CE,Combined TRACON& Tower with Radar,0,9,31,25,65,0,0,23,0,23,0,9,54,25,88,0,0,0,88
08/07/2017,ACT,TX,ASW,CE,Combined TRACON& Tower with Radar,0,13,39,0,52,0,0,22,0,22,0,13,61,0,74,24,0,24,98
08/08/2017,ACT,TX,ASW,CE,Combined TRACON& Tower with Radar,0,10,40,16,66,0,0,16,0,16,0,10,56,16,82,52,0,52,134
08/09/2017,ACT,TX,ASW,CE,Combined TRACON& Tower with Radar,0,11,19,15,45,0,1,31,1,33,0,12,50,16,78,16,0,16,94
08/10/2017,ACT,TX,ASW,CE,Combined TRACON& Tower with Radar,0,9,64,39,112,0,0,41,1,42,0,9,105,40,154,32,0,32,186
08/11/2017,ACT,TX,ASW,CE,Combined TRACON& Tower with Radar,2,11,33,19,65,0,0,38,0,38,2,11,71,19,103,12,6,18,121
08/12/2017,ACT,TX,ASW,CE,Combined TRACON& Tower with Radar,0,9,15,7,31,0,0,22,1,23,0,9,37,8,54,0,0,0,54
08/13/2017,ACT,TX,ASW,CE,Combined TRACON& Tower with Radar,0,11,25,0,36,0,2,26,0,28,0,13,51,0,64,14,0,14,78
08/14/2017,ACT,TX,ASW,CE,Combined TRACON& Tower with Radar,0,12,27,19,58,0,4,41,0,45,0,16,68,19,103,18,0,18,121
08/15/2017,ACT,TX,ASW,CE,Combined TRACON& Tower with Radar,2,18,46,8,74,0,0,46,0,46,2,18,92,8,120,14,0,14,134
08/16/2017,ACT,TX,ASW,CE,Combined TRACON& Tower with Radar,0,11,56,39,106,0,1,30,3,34,0,12,86,42,140,10,4,14,154
08/17/2017,ACT,TX,ASW,CE,Combined TRACON& Tower with Radar,0,11,30,35,76,0,1,40,0,41,0,12,70,35,117,36,0,36,153
08/18/2017,ACT,TX,ASW,CE,Combined TRACON& Tower with Radar,2,9,33,36,80,0,0,48,1,49,2,9,81,37,129,30,0,30,159
08/19/2017,ACT,TX,ASW,CE,Combined TRACON& Tower with Radar,0,11,28,14,53,0,0,29,0,29,0,11,57,14,82,6,0,6,88
08/20/2017,ACT,TX,ASW,CE,Combined TRACON& Tower with Radar,0,10,35,12,57,0,0,11,0,11,0,10,46,12,68,0,0,0,68
08/21/2017,ACT,TX,ASW,CE,Combined TRACON& Tower with Radar,0,14,30,5,49,0,1,35,0,36,0,15,65,5,85,8,0,8,93
08/22/2017,ACT,TX,ASW,CE,Combined TRACON& Tower with Radar,0,9,50,34,93,0,2,60,3,65,0,11,110,37,158,63,0,63,221
08/23/2017,ACT,TX,ASW,CE,Combined TRACON& Tower with Radar,0,13,25,21,59,0,2,38,3,43,0,15,63,24,102,14,16,30,132
08/24/2017,ACT,TX,ASW,CE,Combined TRACON& Tower with Radar,0,11,23,19,53,0,2,13,1,16,0,13,36,20,69,55,6,61,130
08/25/2017,ACT,TX,ASW,CE,Combined TRACON& Tower with Radar,0,10,31,20,61,0,0,14,0,14,0,10,45,20,75,8,0,8,83
08/26/2017,ACT,TX,ASW,CE,Combined TRACON& Tower with Radar,0,11,12,1,24,0,0,0,1,1,0,11,12,2,25,0,0,0,25
08/27/2017,ACT,TX,ASW,CE,Combined TRACON& Tower with Radar,0,14,9,3,26,0,0,1,1,2,0,14,10,4,28,2,0,2,30
08/28/2017,ACT,TX,ASW,CE,Combined TRACON& Tower with Radar,0,13,21,0,34,0,1,14,12,27,0,14,35,12,61,22,0,22,83
08/29/2017,ACT,TX,ASW,CE,Combined TRACON& Tower with Radar,0,14,38,28,80,0,1,26,2,29,0,15,64,30,109,42,4,46,155
08/30/2017,ACT,TX,ASW,CE,Combined TRACON& Tower with Radar,0,11,28,41,80,0,0,33,4,37,0,11,61,45,117,24,12,36,153
08/31/2017,ACT,TX,ASW,CE,Combined TRACON& Tower with Radar,2,10,42,10,64,0,0,35,1,36,2,10,77,11,100,20,6,26,126
09/01/2017,ACT,TX,ASW,CE,Combined TRACON& Tower with Radar,2,11,41,10,64,0,2,55,5,62,2,13,96,15,126,34,0,34,160
09/02/2017,ACT,TX,ASW,CE,Combined TRACON& Tower with Radar,1,8,38,0,47,0,0,47,0,47,1,8,85,0,94,24,0,24,118
09/03/2017,ACT,TX,ASW,CE,Combined TRACON& Tower with Radar,0,5,13,0,18,0,0,42,0,42,0,5,55,0,60,46,0,46,106
09/04/2017,ACT,TX,ASW,CE,Combined TRACON& Tower with Radar,0,11,23,2,36,0,0,32,0,32,0,11,55,2,68,32,0,32,100
09/05/2017,ACT,TX,ASW,CE,Combined TRACON& Tower with Radar,0,9,44,13,66,0,2,33,4,39,0,11,77,17,105,14,0,14,119
09/06/2017,ACT,TX,ASW,CE,Combined TRACON& Tower with Radar,0,7,26,15,48,0,4,34,0,38,0,11,60,15,86,9,0,9,95
09/07/2017,ACT,TX,ASW,CE,Combined TRACON& Tower with Radar,0,11,48,17,76,0,4,44,0,48,0,15,92,17,124,20,0,20,144
09/08/2017,ACT,TX,ASW,CE,Combined TRACON& Tower with Radar,0,12,27,21,60,0,0,50,0,50,0,12,77,21,110,44,0,44,154
09/09/2017,ACT,TX,ASW,CE,Combined TRACON& Tower with Radar,0,6,37,2,45,0,2,36,1,39,0,8,73,3,84,22,12,34,118
09/10/2017,ACT,TX,ASW,CE,Combined TRACON& Tower with Radar,0,11,15,16,42,0,0,36,0,36,0,11,51,16,78,10,0,10,88
09/11/2017,ACT,TX,ASW,CE,Combined TRACON& Tower with Radar,0,10,21,10,41,0,2,38,1,41,0,12,59,11,82,0,0,0,82
09/12/2017,ACT,TX,ASW,CE,Combined TRACON& Tower with Radar,0,9,45,20,74,0,0,35,0,35,0,9,80,20,109,0,0,0,109
09/13/2017,ACT,TX,ASW,CE,Combined TRACON& Tower with Radar,0,10,56,15,81,0,3,45,0,48,0,13,101,15,129,24,0,24,153
09/14/2017,ACT,TX,ASW,CE,Combined TRACON& Tower with Radar,0,9,44,38,91,0,2,27,4,33,0,11,71,42,124,6,0,6,130
09/15/2017,ACT,TX,ASW,CE,Combined TRACON& Tower with Radar,2,19,45,33,99,0,2,25,0,27,2,21,70,33,126,6,0,6,132
09/16/2017,ACT,TX,ASW,CE,Combined TRACON& Tower with Radar,2,10,31,5,48,0,0,29,0,29,2,10,60,5,77,42,0,42,119
09/17/2017,ACT,TX,ASW,CE,Combined TRACON& Tower with Radar,0,12,34,7,53,0,0,23,0,23,0,12,57,7,76,0,0,0,76
09/18/2017,ACT,TX,ASW,CE,Combined TRACON& Tower with Radar,0,11,30,28,69,0,0,19,0,19,0,11,49,28,88,0,0,0,88
09/19/2017,ACT,TX,ASW,CE,Combined TRACON& Tower with Radar,0,10,52,62,124,0,2,18,1,21,0,12,70,63,145,12,2,14,159
09/20/2017,ACT,TX,ASW,CE,Combined TRACON& Tower with Radar,0,14,29,45,88,0,0,13,2,15,0,14,42,47,103,14,0,14,117
09/21/2017,ACT,TX,ASW,CE,Combined TRACON& Tower with Radar,0,11,36,40,87,0,1,20,0,21,0,12,56,40,108,18,0,18,126
09/22/2017,ACT,TX,ASW,CE,Combined TRACON& Tower with Radar,2,9,44,12,67,0,2,21,4,27,2,11,65,16,94,0,6,6,100
09/23/2017,ACT,TX,ASW,CE,Combined TRACON& Tower with Radar,2,14,54,16,86,0,1,37,6,44,2,15,91,22,130,10,4,14,144
09/24/2017,ACT,TX,ASW,CE,Combined TRACON& Tower with Radar,0,9,56,2,67,0,0,31,0,31,0,9,87,2,98,20,0,20,118
09/25/2017,ACT,TX,ASW,CE,Combined TRACON& Tower with Radar,0,9,36,8,53,0,2,16,0,18,0,11,52,8,71,0,0,0,71
09/26/2017,ACT,TX,ASW,CE,Combined TRACON& Tower with Radar,0,11,27,32,70,0,2,16,1,19,0,13,43,33,89,22,0,22,111
09/27/2017,ACT,TX,ASW,CE,Combined TRACON& Tower with Radar,0,9,38,38,85,0,0,16,3,19,0,9,54,41,104,48,0,48,152
09/28/2017,ACT,TX,ASW,CE,Combined TRACON& Tower with Radar,0,11,37,24,72,0,0,4,0,4,0,11,41,24,76,2,0,2,78
09/29/2017,ACT,TX,ASW,CE,Combined TRACON& Tower with Radar,2,9,35,10,56,0,0,4,0,4,2,9,39,10,60,0,0,0,60
09/30/2017,ACT,TX,ASW,CE,Combined TRACON& Tower with Radar,2,6,38,0,46,0,0,76,0,76,2,6,114,0,122,14,0,14,136
10/01/2017,ACT,TX,ASW,CE,Combined TRACON& Tower with Radar,0,13,14,0,27,0,0,28,0,28,0,13,42,0,55,30,0,30,85
10/02/2017,ACT,TX,ASW,CE,Combined TRACON& Tower with Radar,0,9,36,10,55,0,0,48,0,48,0,9,84,10,103,0,0,0,103
10/03/2017,ACT,TX,ASW,CE,Combined TRACON& Tower with Radar,0,9,30,0,39,0,2,3,0,5,0,11,33,0,44,0,0,0,44
10/04/2017,ACT,TX,ASW,CE,Combined TRACON& Tower with Radar,0,15,59,29,103,0,1,41,8,50,0,16,100,37,153,34,0,34,187
10/05/2017,ACT,TX,ASW,CE,Combined TRACON& Tower with Radar,0,13,50,34,97,0,4,50,0,54,0,17,100,34,151,32,0,32,183
10/06/2017,ACT,TX,ASW,CE,Combined TRACON& Tower with Radar,0,11,39,15,65,0,2,61,1,64,0,13,100,16,129,21,22,43,172
10/07/2017,ACT,TX,ASW,CE,Combined TRACON& Tower with Radar,0,9,19,4,32,0,2,39,5,46,0,11,58,9,78,7,0,7,85
10/08/2017,ACT,TX,ASW,CE,Combined TRACON& Tower with Radar,0,11,33,4,48,0,1,33,0,34,0,12,66,4,82,20,0,20,102
10/09/2017,ACT,TX,ASW,CE,Combined TRACON& Tower with Radar,0,10,27,0,37,0,0,24,0,24,0,10,51,0,61,8,0,8,69
10/10/2017,ACT,TX,ASW,CE,Combined TRACON& Tower with Radar,2,8,28,10,48,0,2,24,0,26,2,10,52,10,74,4,0,4,78
10/11/2017,ACT,TX,ASW,CE,Combined TRACON& Tower with Radar,0,11,36,40,87,0,1,41,9,51,0,12,77,49,138,28,32,60,198
10/12/2017,ACT,TX,ASW,CE,Combined TRACON& Tower with Radar,0,18,65,38,121,0,0,24,3,27,0,18,89,41,148,4,0,4,152
10/13/2017,ACT,TX,ASW,CE,Combined TRACON& Tower with Radar,2,11,28,43,84,0,0,50,6,56,2,11,78,49,140,44,0,44,184
10/14/2017,ACT,TX,ASW,CE,Combined TRACON& Tower with Radar,4,6,19,45,74,0,0,22,4,26,4,6,41,49,100,24,28,52,152
10/15/2017,ACT,TX,ASW,CE,Combined TRACON& Tower with Radar,0,9,29,19,57,0,2,13,0,15,0,11,42,19,72,0,0,0,72
10/16/2017,ACT,TX,ASW,CE,Combined TRACON& Tower with Radar,0,13,49,6,68,0,0,41,0,41,0,13,90,6,109,20,0,20,129
10/17/2017,ACT,TX,ASW,CE,Combined TRACON& Tower with Radar,0,8,40,68,116,0,2,28,1,31,0,10,68,69,147,8,6,14,161
10/18/2017,ACT,TX,ASW,CE,Combined TRACON& Tower with Radar,0,11,48,39,98,0,0,46,0,46,0,11,94,39,144,14,0,14,158
10/19/2017,ACT,TX,ASW,CE,Combined TRACON& Tower with Radar,0,9,54,37,100,0,1,43,1,45,0,10,97,38,145,44,2,46,191
10/20/2017,ACT,TX,ASW,CE,Combined TRACON& Tower with Radar,0,9,61,42,112,0,0,21,1,22,0,9,82,43,134,76,0,76,210
10/21/2017,ACT,TX,ASW,CE,Combined TRACON& Tower with Radar,1,8,38,5,52,0,2,23,3,28,1,10,61,8,80,4,0,4,84
10/22/2017,ACT,TX,ASW,CE,Combined TRACON& Tower with Radar,0,10,46,6,62,0,0,16,2,18,0,10,62,8,80,12,0,12,92
10/23/2017,ACT,TX,ASW,CE,Combined TRACON& Tower with Radar,0,12,47,9,68,0,1,48,0,49,0,13,95,9,117,88,0,88,205
10/24/2017,ACT,TX,ASW,CE,Combined TRACON& Tower with Radar,0,16,34,12,62,0,2,31,4,37,0,18,65,16,99,28,2,30,129
10/25/2017,ACT,TX,ASW,CE,Combined TRACON& Tower with Radar,0,13,35,11,59,0,2,58,0,60,0,15,93,11,119,80,0,80,199
10/26/2017,ACT,TX,ASW,CE,Combined TRACON& Tower with Radar,0,13,48,36,97,0,0,32,0,32,0,13,80,36,129,70,0,70,199
10/27/2017,ACT,TX,ASW,CE,Combined TRACON& Tower with Radar,0,14,26,6,46,0,2,32,0,34,0,16,58,6,80,50,0,50,130
10/28/2017,ACT,TX,ASW,CE,Combined TRACON& Tower with Radar,0,15,50,25,90,0,0,46,0,46,0,15,96,25,136,12,0,12,148
10/29/2017,ACT,TX,ASW,CE,Combined TRACON& Tower with Radar,0,10,27,5,42,0,1,36,3,40,0,11,63,8,82,4,16,20,102
10/30/2017,ACT,TX,ASW,CE,Combined TRACON& Tower with Radar,0,9,39,13,61,0,2,54,0,56,0,11,93,13,117,50,0,50,167
10/31/2017,ACT,TX,ASW,CE,Combined TRACON& Tower with Radar,0,7,46,41,94,0,0,11,0,11,0,7,57,41,105,2,0,2,107
11/01/2017,ACT,TX,ASW,CE,Combined TRACON& Tower with Radar,0,11,58,20,89,0,0,23,0,23,0,11,81,20,112,18,4,22,134
11/02/2017,ACT,TX,ASW,CE,Combined TRACON& Tower with Radar,0,11,63,32,106,0,1,33,3,37,0,12,96,35,143,9,18,27,170
11/03/2017,ACT,TX,ASW,CE,Combined TRACON& Tower with Radar,2,14,72,36,124,0,0,25,3,28,2,14,97,39,152,20,6,26,178
11/04/2017,ACT,TX,ASW,CE,Combined TRACON& Tower with Radar,2,9,51,4,66,0,0,15,0,15,2,9,66,4,81,0,0,0,81
11/05/2017,ACT,TX,ASW,CE,Combined TRACON& Tower with Radar,0,9,22,12,43,0,1,22,0,23,0,10,44,12,66,32,0,32,98
11/06/2017,ACT,TX,ASW,CE,Combined TRACON& Tower with Radar,0,8,45,28,81,0,0,19,0,19,0,8,64,28,100,36,0,36,136
11/07/2017,ACT,TX,ASW,CE,Combined TRACON& Tower with Radar,0,8,57,18,83,0,1,5,1,7,0,9,62,19,90,10,0,10,100
11/08/2017,ACT,TX,ASW,CE,Combined TRACON& Tower with Radar,0,14,12,8,34,0,0,0,0,0,0,14,12,8,34,0,0,0,34
11/09/2017,ACT,TX,ASW,CE,Combined TRACON& Tower with Radar,0,16,55,26,97,0,0,11,0,11,0,16,66,26,108,88,0,88,196
11/10/2017,ACT,TX,ASW,CE,Combined TRACON& Tower with Radar,0,16,56,0,72,0,1,20,0,21,0,17,76,0,93,0,0,0,93
11/11/2017,ACT,TX,ASW,CE,Combined TRACON& Tower with Radar,0,8,31,0,39,0,0,18,0,18,0,8,49,0,57,0,0,0,57
11/12/2017,ACT,TX,ASW,CE,Combined TRACON& Tower with Radar,0,12,49,6,67,0,0,9,0,9,0,12,58,6,76,10,0,10,86
11/13/2017,ACT,TX,ASW,CE,Combined TRACON& Tower with Radar,0,9,19,48,76,0,1,13,1,15,0,10,32,49,91,40,8,48,139
11/14/2017,ACT,TX,ASW,CE,Combined TRACON& Tower with Radar,2,11,44,57,114,0,2,32,0,34,2,13,76,57,148,0,20,20,168
11/15/2017,ACT,TX,ASW,CE,Combined TRACON& Tower with Radar,0,13,42,19,74,0,1,13,3,17,0,14,55,22,91,8,0,8,99
11/16/2017,ACT,TX,ASW,CE,Combined TRACON& Tower with Radar,0,13,43,23,79,0,2,15,0,17,0,15,58,23,96,12,0,12,108
11/17/2017,ACT,TX,ASW,CE,Combined TRACON& Tower with Radar,3,14,30,65,112,0,1,26,0,27,3,15,56,65,139,26,0,26,165
11/18/2017,ACT,TX,ASW,CE,Combined TRACON& Tower with Radar,1,9,36,17,63,0,0,10,2,12,1,9,46,19,75,0,0,0,75
11/19/2017,ACT,TX,ASW,CE,Combined TRACON& Tower with Radar,0,10,31,39,80,0,3,47,1,51,0,13,78,40,131,6,0,6,137
11/20/2017,ACT,TX,ASW,CE,Combined TRACON& Tower with Radar,0,13,38,19,70,0,0,35,1,36,0,13,73,20,106,0,0,0,106
11/21/2017,ACT,TX,ASW,CE,Combined TRACON& Tower with Radar,0,12,48,21,81,0,2,34,4,40,0,14,82,25,121,34,14,48,169
11/22/2017,ACT,TX,ASW,CE,Combined TRACON& Tower with Radar,0,14,41,9,64,0,0,39,0,39,0,14,80,9,103,4,0,4,107
11/23/2017,ACT,TX,ASW,CE,Combined TRACON& Tower with Radar,0,9,10,0,19,0,0,13,0,13,0,9,23,0,32,0,0,0,32
11/24/2017,ACT,TX,ASW,CE,Combined TRACON& Tower with Radar,0,6,15,0,21,0,0,19,0,19,0,6,34,0,40,2,0,2,42
11/25/2017,ACT,TX,ASW,CE,Combined TRACON& Tower with Radar,0,9,15,0,24,0,0,40,0,40,0,9,55,0,64,50,0,50,114
11/26/2017,ACT,TX,ASW,CE,Combined TRACON& Tower with Radar,0,18,52,0,70,0,0,41,0,41,0,18,93,0,111,0,10,10,121
11/27/2017,ACT,TX,ASW,CE,Combined TRACON& Tower with Radar,0,10,39,21,70,0,1,45,0,46,0,11,84,21,116,40,12,52,168
11/28/2017,ACT,TX,ASW,CE,Combined TRACON& Tower with Radar,0,14,34,69,117,0,2,28,4,34,0,16,62,73,151,30,14,44,195
11/29/2017,ACT,TX,ASW,CE,Combined TRACON& Tower with Radar,0,13,47,16,76,0,5,38,0,43,0,18,85,16,119,99,15,114,233
11/30/2017,ACT,TX,ASW,CE,Combined TRACON& Tower with Radar,0,11,42,48,101,0,4,48,1,53,0,15,90,49,154,50,0,50,204
12/01/2017,ACT,TX,ASW,CE,Combined TRACON& Tower with Radar,7,11,49,13,80,0,0,44,0,44,7,11,93,13,124,72,9,81,205
12/02/2017,ACT,TX,ASW,CE,Combined TRACON& Tower with Radar,1,6,52,39,98,0,0,37,2,39,1,6,89,41,137,28,10,38,175
12/03/2017,ACT,TX,ASW,CE,Combined TRACON& Tower with Radar,0,16,29,10,55,0,0,1,1,2,0,16,30,11,57,0,0,0,57
12/04/2017,ACT,TX,ASW,CE,Combined TRACON& Tower with Radar,0,13,50,6,69,0,0,12,0,12,0,13,62,6,81,14,0,14,95
12/05/2017,ACT,TX,ASW,CE,Combined TRACON& Tower with Radar,0,10,48,16,74,0,2,22,1,25,0,12,70,17,99,8,0,8,107
12/06/2017,ACT,TX,ASW,CE,Combined TRACON& Tower with Radar,0,13,17,9,39,0,0,12,0,12,0,13,29,9,51,10,0,10,61
12/07/2017,ACT,TX,ASW,CE,Combined TRACON& Tower with Radar,0,11,34,18,63,0,2,14,0,16,0,13,48,18,79,8,0,8,87
12/08/2017,ACT,TX,ASW,CE,Combined TRACON& Tower with Radar,0,13,40,4,57,0,0,50,0,50,0,13,90,4,107,40,0,40,147
12/09/2017,ACT,TX,ASW,CE,Combined TRACON& Tower with Radar,0,6,28,9,43,0,0,46,0,46,0,6,74,9,89,16,0,16,105
12/10/2017,ACT,TX,ASW,CE,Combined TRACON& Tower with Radar,0,10,33,5,48,0,0,32,0,32,0,10,65,5,80,0,0,0,80
12/11/2017,ACT,TX,ASW,CE,Combined TRACON& Tower with Radar,0,8,38,3,49,0,2,38,0,40,0,10,76,3,89,60,0,60,149
12/12/2017,ACT,TX,ASW,CE,Combined TRACON& Tower with Radar,0,12,49,18,79,0,8,43,2,53,0,20,92,20,132,30,0,30,162
12/13/2017,ACT,TX,ASW,CE,Combined TRACON& Tower with Radar,0,9,36,14,59,0,6,44,2,52,0,15,80,16,111,30,0,30,141
12/14/2017,ACT,TX,ASW,CE,Combined TRACON& Tower with Radar,0,9,29,25,63,0,8,24,2,34,0,17,53,27,97,46,0,46,143
12/15/2017,ACT,TX,ASW,CE,Combined TRACON& Tower with Radar,0,7,35,30,72,0,2,48,0,50,0,9,83,30,122,46,10,56,178
12/16/2017,ACT,TX,ASW,CE,Combined TRACON& Tower with Radar,0,11,37,10,58,0,2,21,0,23,0,13,58,10,81,4,0,4,85
12/17/2017,ACT,TX,ASW,CE,Combined TRACON& Tower with Radar,0,8,32,29,69,0,0,3,0,3,0,8,35,29,72,0,0,0,72
12/18/2017,ACT,TX,ASW,CE,Combined TRACON& Tower with Radar,0,8,11,2,21,0,0,0,0,0,0,8,11,2,21,0,0,0,21
12/19/2017,ACT,TX,ASW,CE,Combined TRACON& Tower with Radar,0,12,3,2,17,0,0,0,0,0,0,12,3,2,17,0,0,0,17
12/20/2017,ACT,TX,ASW,CE,Combined TRACON& Tower with Radar,0,9,47,51,107,0,4,64,1,69,0,13,111,52,176,70,0,70,246
12/21/2017,ACT,TX,ASW,CE,Combined TRACON& Tower with Radar,0,7,47,29,83,0,0,49,0,49,0,7,96,29,132,17,0,17,149
12/22/2017,ACT,TX,ASW,CE,Combined TRACON& Tower with Radar,0,9,9,0,18,0,0,0,0,0,0,9,9,0,18,0,0,0,18
12/23/2017,ACT,TX,ASW,CE,Combined TRACON& Tower with Radar,0,12,17,0,29,0,2,23,0,25,0,14,40,0,54,8,0,8,62
12/24/2017,ACT,TX,ASW,CE,Combined TRACON& Tower with Radar,0,6,1,0,7,0,0,2,0,2,0,6,3,0,9,0,0,0,9
12/25/2017,ACT,TX,ASW,CE,Combined TRACON& Tower with Radar,0,7,0,0,7,0,0,8,0,8,0,7,8,0,15,0,0,0,15
12/26/2017,ACT,TX,ASW,CE,Combined TRACON& Tower with Radar,0,6,8,0,14,0,0,0,0,0,0,6,8,0,14,0,0,0,14
12/27/2017,ACT,TX,ASW,CE,Combined TRACON& Tower with Radar,0,11,21,8,40,0,0,4,0,4,0,11,25,8,44,0,0,0,44
12/28/2017,ACT,TX,ASW,CE,Combined TRACON& Tower with Radar,0,9,27,18,54,0,0,25,0,25,0,9,52,18,79,74,0,74,153
12/29/2017,ACT,TX,ASW,CE,Combined TRACON& Tower with Radar,0,10,22,3,35,0,0,0,0,0,0,10,22,3,35,0,0,0,35
12/30/2017,ACT,TX,ASW,CE,Combined TRACON& Tower with Radar,0,7,11,0,18,0,0,0,0,0,0,7,11,0,18,0,0,0,18
12/31/2017,ACT,TX,ASW,CE,Combined TRACON& Tower with Radar,0,0,2,0,2,0,0,0,0,0,0,0,2,0,2,0,0,0,2
01/01/2018,ACT,TX,ASW,CE,Combined TRACON& Tower with Radar,0,6,12,0,18,0,0,10,0,10,0,6,22,0,28,0,0,0,28
01/02/2018,ACT,TX,ASW,CE,Combined TRACON& Tower with Radar,0,7,33,2,42,0,2,23,0,25,0,9,56,2,67,2,0,2,69
01/03/2018,ACT,TX,ASW,CE,Combined TRACON& Tower with Radar,0,8,37,15,60,0,1,32,0,33,0,9,69,15,93,32,4,36,129
01/04/2018,ACT,TX,ASW,CE,Combined TRACON& Tower with Radar,0,9,44,15,68,0,3,45,0,48,0,12,89,15,116,33,0,33,149
01/05/2018,ACT,TX,ASW,CE,Combined TRACON& Tower with Radar,0,12,28,32,72,0,4,53,1,58,0,16,81,33,130,71,0,71,201
01/06/2018,ACT,TX,ASW,CE,Combined TRACON& Tower with Radar,0,9,36,2,47,0,0,27,0,27,0,9,63,2,74,0,0,0,74
01/07/2018,ACT,TX,ASW,CE,Combined TRACON& Tower with Radar,0,8,34,26,68,0,0,3,0,3,0,8,37,26,71,0,0,0,71
01/08/2018,ACT,TX,ASW,CE,Combined TRACON& Tower with Radar,0,10,31,6,47,0,2,36,0,38,0,12,67,6,85,20,0,20,105
01/09/2018,ACT,TX,ASW,CE,Combined TRACON& Tower with Radar,0,7,34,32,73,0,0,43,1,44,0,7,77,33,117,16,0,16,133
01/10/2018,ACT,TX,ASW,CE,Combined TRACON& Tower with Radar,0,9,33,13,55,0,2,7,1,10,0,11,40,14,65,2,0,2,67
01/11/2018,ACT,TX,ASW,CE,Combined TRACON& Tower with Radar,0,5,23,16,44,0,0,6,0,6,0,5,29,16,50,2,0,2,52
01/12/2018,ACT,TX,ASW,CE,Combined TRACON& Tower with Radar,0,14,46,24,84,0,7,39,0,46,0,21,85,24,130,16,2,18,148
01/13/2018,ACT,TX,ASW,CE,Combined TRACON& Tower with Radar,0,10,20,0,30,0,0,29,0,29,0,10,49,0,59,8,0,8,67
01/14/2018,ACT,TX,ASW,CE,Combined TRACON& Tower with Radar,0,11,13,12,36,0,2,31,3,36,0,13,44,15,72,0,2,2,74
01/15/2018,ACT,TX,ASW,CE,Combined TRACON& Tower with Radar,0,14,33,0,47,0,4,10,0,14,0,18,43,0,61,40,0,40,101
01/16/2018,ACT,TX,ASW,CE,Combined TRACON& Tower with Radar,0,7,5,4,16,0,0,3,0,3,0,7,8,4,19,2,0,2,21
01/17/2018,ACT,TX,ASW,CE,Combined TRACON& Tower with Radar,0,7,39,32,78,0,1,22,7,30,0,8,61,39,108,20,0,20,128
01/18/2018,ACT,TX,ASW,CE,Combined TRACON& Tower with Radar,0,8,32,36,76,0,1,29,1,31,0,9,61,37,107,6,0,6,113
01/19/2018,ACT,TX,ASW,CE,Combined TRACON& Tower with Radar,0,16,45,58,119,0,0,19,3,22,0,16,64,61,141,28,0,28,169
01/20/2018,ACT,TX,ASW,CE,Combined TRACON& Tower with Radar,0,12,29,14,55,0,2,28,4,34,0,14,57,18,89,10,18,28,117
01/21/2018,ACT,TX,ASW,CE,Combined TRACON& Tower with Radar,0,11,12,35,58,0,2,6,0,8,0,13,18,35,66,6,0,6,72
01/22/2018,ACT,TX,ASW,CE,Combined TRACON& Tower with Radar,0,11,33,12,56,0,0,40,3,43,0,11,73,15,99,24,16,40,139
01/23/2018,ACT,TX,ASW,CE,Combined TRACON& Tower with Radar,0,8,33,3,44,0,4,50,6,60,0,12,83,9,104,14,8,22,126
01/24/2018,ACT,TX,ASW,CE,Combined TRACON& Tower with Radar,2,9,34,40,85,0,7,49,3,59,2,16,83,43,144,34,50,84,228
01/25/2018,ACT,TX,ASW,CE,Combined TRACON& Tower with Radar,0,9,33,13,55,0,4,31,1,36,0,13,64,14,91,0,0,0,91
01/26/2018,ACT,TX,ASW,CE,Combined TRACON& Tower with Radar,2,14,48,8,72,0,0,2,0,2,2,14,50,8,74,0,0,0,74
01/27/2018,ACT,TX,ASW,CE,Combined TRACON& Tower with Radar,0,8,29,8,45,0,1,2,0,3,0,9,31,8,48,0,0,0,48
01/28/2018,ACT,TX,ASW,CE,Combined TRACON& Tower with Radar,0,9,22,11,42,0,2,44,1,47,0,11,66,12,89,25,0,25,114
01/29/2018,ACT,TX,ASW,CE,Combined TRACON& Tower with Radar,0,13,18,9,40,0,2,50,0,52,0,15,68,9,92,30,0,30,122
01/30/2018,ACT,TX,ASW,CE,Combined TRACON& Tower with Radar,0,9,38,35,82,0,1,57,1,59,0,10,95,36,141,34,0,34,175
01/31/2018,ACT,TX,ASW,CE,Combined TRACON& Tower with Radar,0,12,26,15,53,0,0,18,2,20,0,12,44,17,73,4,0,4,77
02/01/2018,ACT,TX,ASW,CE,Combined TRACON& Tower with Radar,0,9,43,33,85,0,2,36,3,41,0,11,79,36,126,20,0,20,146
02/02/2018,ACT,TX,ASW,CE,Combined TRACON& Tower with Radar,2,10,37,47,96,0,0,56,10,66,2,10,93,57,162,74,18,92,254
02/03/2018,ACT,TX,ASW,CE,Combined TRACON& Tower with Radar,0,8,32,6,46,0,0,19,0,19,0,8,51,6,65,14,0,14,79
02/04/2018,ACT,TX,ASW,CE,Combined TRACON& Tower with Radar,0,10,15,0,25,0,0,23,0,23,0,10,38,0,48,22,0,22,70
02/05/2018,ACT,TX,ASW,CE,Combined TRACON& Tower with Radar,0,11,30,26,67,0,0,9,2,11,0,11,39,28,78,6,10,16,94
02/06/2018,ACT,TX,ASW,CE,Combined TRACON& Tower with Radar,2,9,20,10,41,0,6,0,0,6,2,15,20,10,47,0,2,2,49
02/07/2018,ACT,TX,ASW,CE,Combined TRACON& Tower with Radar,0,8,28,15,51,0,2,23,1,26,0,10,51,16,77,52,2,54,131
02/08/2018,ACT,TX,ASW,CE,Combined TRACON& Tower with Radar,0,7,54,20,81,0,2,28,1,31,0,9,82,21,112,0,0,0,112
02/09/2018,ACT,TX,ASW,CE,Combined TRACON& Tower with Radar,1,13,58,31,103,0,0,13,1,14,1,13,71,32,117,0,0,0,117
02/10/2018,ACT,TX,ASW,CE,Combined TRACON& Tower with Radar,1,6,31,0,38,0,0,0,0,0,1,6,31,0,38,2,0,2,40
02/11/2018,ACT,TX,ASW,CE,Combined TRACON& Tower with Radar,0,11,24,0,35,0,0,9,0,9,0,11,33,0,44,26,0,26,70
02/12/2018,ACT,TX,ASW,CE,Combined TRACON& Tower with Radar,0,9,43,6,58,0,0,23,0,23,0,9,66,6,81,8,0,8,89
02/13/2018,ACT,TX,ASW,CE,Combined TRACON& Tower with Radar,0,6,24,7,37,0,0,0,0,0,0,6,24,7,37,0,0,0,37
02/14/2018,ACT,TX,ASW,CE,Combined TRACON& Tower with Radar,0,9,26,18,53,0,5,14,0,19,0,14,40,18,72,8,0,8,80
02/15/2018,ACT,TX,ASW,CE,Combined TRACON& Tower with Radar,0,13,43,61,117,0,1,9,0,10,0,14,52,61,127,0,4,4,131
02/16/2018,ACT,TX,ASW,CE,Combined TRACON& Tower with Radar,1,11,45,55,112,0,0,21,2,23,1,11,66,57,135,0,0,0,135
02/17/2018,ACT,TX,ASW,CE,Combined TRACON& Tower with Radar,3,11,38,2,54,0,0,29,1,30,3,11,67,3,84,24,0,24,108
02/18/2018,ACT,TX,ASW,CE,Combined TRACON& Tower with Radar,0,9,17,0,26,0,0,1,0,1,0,9,18,0,27,0,0,0,27
02/19/2018,ACT,TX,ASW,CE,Combined TRACON& Tower with Radar,0,7,44,0,51,0,0,8,0,8,0,7,52,0,59,6,0,6,65
02/20/2018,ACT,TX,ASW,CE,Combined TRACON& Tower with Radar,4,12,25,0,41,0,0,2,0,2,4,12,27,0,43,0,0,0,43
02/21/2018,ACT,TX,ASW,CE,Combined TRACON& Tower with Radar,0,8,17,0,25,0,0,0,0,0,0,8,17,0,25,0,0,0,25
02/22/2018,ACT,TX,ASW,CE,Combined TRACON& Tower with Radar,0,10,7,0,17,0,0,0,0,0,0,10,7,0,17,0,0,0,17
02/23/2018,ACT,TX,ASW,CE,Combined TRACON& Tower with Radar,0,7,17,0,24,0,0,0,0,0,0,7,17,0,24,0,0,0,24
02/24/2018,ACT,TX,ASW,CE,Combined TRACON& Tower with Radar,0,5,9,0,14,0,1,5,0,6,0,6,14,0,20,6,0,6,26
02/25/2018,ACT,TX,ASW,CE,Combined TRACON& Tower with Radar,2,7,35,0,44,0,0,47,0,47,2,7,82,0,91,28,0,28,119
02/26/2018,ACT,TX,ASW,CE,Combined TRACON& Tower with Radar,2,8,74,6,90,0,2,43,0,45,2,10,117,6,135,56,0,56,191
02/27/2018,ACT,TX,ASW,CE,Combined TRACON& Tower with Radar,0,13,23,4,40,0,0,1,0,1,0,13,24,4,41,2,0,2,43
02/28/2018,ACT,TX,ASW,CE,Combined TRACON& Tower with Radar,0,13,23,34,70,0,2,3,0,5,0,15,26,34,75,14,0,14,89
03/01/2018,ACT,TX,ASW,CE,Combined TRACON& Tower with Radar,0,13,61,34,108,0,2,19,0,21,0,15,80,34,129,38,0,38,167
03/02/2018,ACT,TX,ASW,CE,Combined TRACON& Tower with Radar,0,17,65,22,104,0,2,54,10,66,0,19,119,32,170,56,0,56,226
03/03/2018,ACT,TX,ASW,CE,Combined TRACON& Tower with Radar,0,7,42,4,53,0,0,24,0,24,0,7,66,4,77,28,0,28,105
03/04/2018,ACT,TX,ASW,CE,Combined TRACON& Tower with Radar,0,8,15,4,27,0,0,7,0,7,0,8,22,4,34,4,0,4,38
03/05/2018,ACT,TX,ASW,CE,Combined TRACON& Tower with Radar,0,15,26,39,80,0,2,28,0,30,0,17,54,39,110,14,0,14,124
03/06/2018,ACT,TX,ASW,CE,Combined TRACON& Tower with Radar,0,15,24,42,81,0,4,47,1,52,0,19,71,43,133,20,0,20,153
03/07/2018,ACT,TX,ASW,CE,Combined TRACON& Tower with Radar,0,11,42,16,69,0,2,43,1,46,0,13,85,17,115,28,6,34,149
03/08/2018,ACT,TX,ASW,CE,Combined TRACON& Tower with Radar,0,7,41,35,83,0,0,55,0,55,0,7,96,35,138,18,4,22,160
03/09/2018,ACT,TX,ASW,CE,Combined TRACON& Tower with Radar,0,11,43,65,119,0,0,15,2,17,0,11,58,67,136,42,16,58,194
03/10/2018,ACT,TX,ASW,CE,Combined TRACON& Tower with Radar,0,8,35,45,88,0,0,25,3,28,0,8,60,48,116,20,6,26,142
03/11/2018,ACT,TX,ASW,CE,Combined TRACON& Tower with Radar,0,7,32,10,49,0,0,12,0,12,0,7,44,10,61,0,0,0,61
03/12/2018,ACT,TX,ASW,CE,Combined TRACON& Tower with Radar,0,8,37,15,60,0,2,45,1,48,0,10,82,16,108,20,2,22,130
03/13/2018,ACT,TX,ASW,CE,Combined TRACON& Tower with Radar,0,11,40,22,73,0,0,69,1,70,0,11,109,23,143,8,6,14,157
03/14/2018,ACT,TX,ASW,CE,Combined TRACON& Tower with Radar,6,13,49,21,89,0,3,93,6,102,6,16,142,27,191,28,10,38,229
03/15/2018,ACT,TX,ASW,CE,Combined TRACON& Tower with Radar,0,7,30,14,51,0,3,29,0,32,0,10,59,14,83,6,0,6,89
03/16/2018,ACT,TX,ASW,CE,Combined TRACON& Tower with Radar,0,13,49,27,89,0,4,31,0,35,0,17,80,27,124,40,0,40,164
03/17/2018,ACT,TX,ASW,CE,Combined TRACON& Tower with Radar,3,6,33,16,58,0,0,8,0,8,3,6,41,16,66,10,0,10,76
03/18/2018,ACT,TX,ASW,CE,Combined TRACON& Tower with Radar,2,9,22,0,33,0,0,7,0,7,2,9,29,0,40,14,0,14,54
03/19/2018,ACT,TX,ASW,CE,Combined TRACON& Tower with Radar,2,13,42,0,57,0,3,25,0,28,2,16,67,0,85,34,0,34,119
03/20/2018,ACT,TX,ASW,CE,Combined TRACON& Tower with Radar,0,7,55,29,91,0,2,40,0,42,0,9,95,29,133,12,0,12,145
03/21/2018,ACT,TX,ASW,CE,Combined TRACON& Tower with Radar,2,12,29,34,77,0,5,57,0,62,2,17,86,34,139,10,30,40,179
03/22/2018,ACT,TX,ASW,CE,Combined TRACON& Tower with Radar,2,13,51,39,105,0,0,44,4,48,2,13,95,43,153,0,0,0,153
03/23/2018,ACT,TX,ASW,CE,Combined TRACON& Tower with Radar,0,7,53,36,96,0,1,11,0,12,0,8,64,36,108,10,0,10,118
03/24/2018,ACT,TX,ASW,CE,Combined TRACON& Tower with Radar,2,8,31,13,54,0,0,35,3,38,2,8,66,16,92,32,4,36,128
03/25/2018,ACT,TX,ASW,CE,Combined TRACON& Tower with Radar,0,14,29,6,49,0,0,6,0,6,0,14,35,6,55,20,0,20,75
03/26/2018,ACT,TX,ASW,CE,Combined TRACON& Tower with Radar,2,8,29,4,43,0,7,18,0,25,2,15,47,4,68,50,2,52,120
03/27/2018,ACT,TX,ASW,CE,Combined TRACON& Tower with Radar,0,11,23,0,34,0,2,1,0,3,0,13,24,0,37,2,0,2,39
03/28/2018,ACT,TX,ASW,CE,Combined TRACON& Tower with Radar,1,11,13,2,27,0,0,0,0,0,1,11,13,2,27,0,0,0,27
03/29/2018,ACT,TX,ASW,CE,Combined TRACON& Tower with Radar,0,12,56,26,94,0,0,18,0,18,0,12,74,26,112,2,0,2,114
03/30/2018,ACT,TX,ASW,CE,Combined TRACON& Tower with Radar,0,11,48,31,90,0,1,60,1,62,0,12,108,32,152,4,6,10,162
03/31/2018,ACT,TX,ASW,CE,Combined TRACON& Tower with Radar,0,6,27,25,58,0,0,17,7,24,0,6,44,32,82,0,26,26,108
04/01/2018,ACT,TX,ASW,CE,Combined TRACON& Tower with Radar,0,8,21,18,47,0,0,14,0,14,0,8,35,18,61,0,4,4,65
04/02/2018,ACT,TX,ASW,CE,Combined TRACON& Tower with Radar,0,11,40,8,59,0,0,7,0,7,0,11,47,8,66,0,0,0,66
04/03/2018,ACT,TX,ASW,CE,Combined TRACON& Tower with Radar,0,10,18,14,42,0,0,10,0,10,0,10,28,14,52,2,0,2,54
04/04/2018,ACT,TX,ASW,CE,Combined TRACON& Tower with Radar,2,11,41,35,89,2,0,58,0,60,4,11,99,35,149,42,0,42,191
04/05/2018,ACT,TX,ASW,CE,Combined TRACON& Tower with Radar,0,9,42,16,67,0,2,24,1,27,0,11,66,17,94,18,0,18,112
04/06/2018,ACT,TX,ASW,CE,Combined TRACON& Tower with Radar,0,9,39,13,61,0,0,19,0,19,0,9,58,13,80,34,2,36,116
04/07/2018,ACT,TX,ASW,CE,Combined TRACON& Tower with Radar,0,10,23,17,50,0,0,1,1,2,0,10,24,18,52,1,0,1,53
04/08/2018,ACT,TX,ASW,CE,Combined TRACON& Tower with Radar,2,9,53,5,69,0,0,11,3,14,2,9,64,8,83,28,0,28,111
04/09/2018,ACT,TX,ASW,CE,Combined TRACON& Tower with Radar,0,10,53,9,72,0,2,19,0,21,0,12,72,9,93,52,0,52,145
04/10/2018,ACT,TX,ASW,CE,Combined TRACON& Tower with Radar,0,7,38,46,91,0,2,58,2,62,0,9,96,48,153,14,8,22,175
04/11/2018,ACT,TX,ASW,CE,Combined TRACON& Tower with Radar,0,14,46,23,83,0,7,47,9,63,0,21,93,32,146,14,40,54,200
04/12/2018,ACT,TX,ASW,CE,Combined TRACON& Tower with Radar,0,13,35,26,74,0,4,11,0,15,0,17,46,26,89,22,0,22,111
04/13/2018,ACT,TX,ASW,CE,Combined TRACON& Tower with Radar,0,11,24,45,80,0,2,9,0,11,0,13,33,45,91,14,0,14,105
04/14/2018,ACT,TX,ASW,CE,Combined TRACON& Tower with Radar,0,4,12,25,41,0,0,16,3,19,0,4,28,28,60,4,14,18,78
04/15/2018,ACT,TX,ASW,CE,Combined TRACON& Tower with Radar,0,14,20,24,58,0,3,47,4,54,0,17,67,28,112,6,10,16,128
04/16/2018,ACT,TX,ASW,CE,Combined TRACON& Tower with Radar,0,12,43,20,75,0,2,68,0,70,0,14,111,20,145,16,0,16,161
04/17/2018,ACT,TX,ASW,CE,Combined TRACON& Tower with Radar,0,12,20,42,74,0,11,33,1,45,0,23,53,43,119,24,0,24,143
04/18/2018,ACT,TX,ASW,CE,Combined TRACON& Tower with Radar,0,10,34,31,75,0,7,43,1,51,0,17,77,32,126,30,16,46,172
04/19/2018,ACT,TX,ASW,CE,Combined TRACON& Tower with Radar,0,10,50,39,99,0,4,76,0,80,0,14,126,39,179,42,26,68,247
04/20/2018,ACT,TX,ASW,CE,Combined TRACON& Tower with Radar,0,12,30,61,103,0,4,45,8,57,0,16,75,69,160,40,0,40,200
04/21/2018,ACT,TX,ASW,CE,Combined TRACON& Tower with Radar,0,11,13,8,32,0,0,0,0,0,0,11,13,8,32,0,0,0,32
04/22/2018,ACT,TX,ASW,CE,Combined TRACON& Tower with Radar,0,11,19,1,31,0,0,38,0,38,0,11,57,1,69,10,0,10,79
04/23/2018,ACT,TX,ASW,CE,Combined TRACON& Tower with Radar,0,10,41,30,81,0,3,56,7,66,0,13,97,37,147,42,0,42,189
04/24/2018,ACT,TX,ASW,CE,Combined TRACON& Tower with Radar,0,7,37,32,76,0,5,61,0,66,0,12,98,32,142,34,0,34,176
04/25/2018,ACT,TX,ASW,CE,Combined TRACON& Tower with Radar,0,9,43,15,67,0,6,14,0,20,0,15,57,15,87,6,0,6,93
04/26/2018,ACT,TX,ASW,CE,Combined TRACON& Tower with Radar,0,12,34,33,79,0,8,88,2,98,0,20,122,35,177,30,12,42,219
04/27/2018,ACT,TX,ASW,CE,Combined TRACON& Tower with Radar,0,15,41,28,84,0,2,46,4,52,0,17,87,32,136,46,0,46,182
04/28/2018,ACT,TX,ASW,CE,Combined TRACON& Tower with Radar,0,7,24,7,38,0,5,49,1,55,0,12,73,8,93,2,0,2,95
04/29/2018,ACT,TX,ASW,CE,Combined TRACON& Tower with Radar,0,12,20,0,32,0,0,38,2,40,0,12,58,2,72,6,0,6,78
04/30/2018,ACT,TX,ASW,CE,Combined TRACON& Tower with Radar,0,14,46,13,73,0,1,11,0,12,0,15,57,13,85,0,0,0,85
05/01/2018,ACT,TX,ASW,CE,Combined TRACON& Tower with Radar,0,9,25,11,45,0,0,1,0,1,0,9,26,11,46,0,0,0,46
05/02/2018,ACT,TX,ASW,CE,Combined TRACON& Tower with Radar,0,9,26,11,46,0,0,5,3,8,0,9,31,14,54,4,0,4,58
05/03/2018,ACT,TX,ASW,CE,Combined TRACON& Tower with Radar,0,7,12,0,19,0,2,3,0,5,0,9,15,0,24,0,0,0,24
05/04/2018,ACT,TX,ASW,CE,Combined TRACON& Tower with Radar,0,16,8,4,28,0,0,7,0,7,0,16,15,4,35,6,0,6,41
05/05/2018,ACT,TX,ASW,CE,Combined TRACON& Tower with Radar,0,15,22,2,39,0,0,36,0,36,0,15,58,2,75,34,0,34,109
05/06/2018,ACT,TX,ASW,CE,Combined TRACON& Tower with Radar,0,11,31,38,80,0,0,27,2,29,0,11,58,40,109,6,10,16,125
05/07/2018,ACT,TX,ASW,CE,Combined TRACON& Tower with Radar,0,13,36,21,70,0,0,37,5,42,0,13,73,26,112,46,6,52,164
05/08/2018,ACT,TX,ASW,CE,Combined TRACON& Tower with Radar,0,9,40,31,80,0,0,41,0,41,0,9,81,31,121,18,0,18,139
05/09/2018,ACT,TX,ASW,CE,Combined TRACON& Tower with Radar,0,14,53,24,91,0,0,31,2,33,0,14,84,26,124,0,0,0,124
05/10/2018,ACT,TX,ASW,CE,Combined TRACON& Tower with Radar,0,9,43,47,99,0,0,26,2,28,0,9,69,49,127,0,0,0,127
05/11/2018,ACT,TX,ASW,CE,Combined TRACON& Tower with Radar,0,15,36,42,93,0,0,33,1,34,0,15,69,43,127,48,0,48,175
05/12/2018,ACT,TX,ASW,CE,Combined TRACON& Tower with Radar,0,12,29,7,48,0,0,23,0,23,0,12,52,7,71,10,0,10,81
05/13/2018,ACT,TX,ASW,CE,Combined TRACON& Tower with Radar,0,12,22,18,52,0,0,19,0,19,0,12,41,18,71,0,0,0,71
05/14/2018,ACT,TX,ASW,CE,Combined TRACON& Tower with Radar,0,9,55,6,70,0,0,19,0,19,0,9,74,6,89,0,0,0,89
05/15/2018,ACT,TX,ASW,CE,Combined TRACON& Tower with Radar,0,8,19,30,57,0,3,28,1,32,0,11,47,31,89,36,6,42,131
05/16/2018,ACT,TX,ASW,CE,Combined TRACON& Tower with Radar,2,14,28,37,81,0,2,31,1,34,2,16,59,38,115,0,8,8,123
05/17/2018,ACT,TX,ASW,CE,Combined TRACON& Tower with Radar,0,12,47,46,105,0,0,46,0,46,0,12,93,46,151,76,0,76,227
05/18/2018,ACT,TX,ASW,CE,Combined TRACON& Tower with Radar,0,14,35,49,98,0,2,39,2,43,0,16,74,51,141,20,8,28,169
05/19/2018,ACT,TX,ASW,CE,Combined TRACON& Tower with Radar,0,11,23,35,69,0,0,22,0,22,0,11,45,35,91,12,36,48,139
05/20/2018,ACT,TX,ASW,CE,Combined TRACON& Tower with Radar,2,11,11,0,24,0,0,7,0,7,2,11,18,0,31,2,0,2,33
05/21/2018,ACT,TX,ASW,CE,Combined TRACON& Tower with Radar,0,10,37,12,59,0,2,30,0,32,0,12,67,12,91,36,0,36,127
05/22/2018,ACT,TX,ASW,CE,Combined TRACON& Tower with Radar,0,13,53,24,90,0,2,20,0,22,0,15,73,24,112,48,0,48,160
05/23/2018,ACT,TX,ASW,CE,Combined TRACON& Tower with Radar,0,9,45,28,82,0,7,33,2,42,0,16,78,30,124,10,2,12,136
05/24/2018,ACT,TX,ASW,CE,Combined TRACON& Tower with Radar,0,9,71,27,107,0,2,39,6,47,0,11,110,33,154,60,0,60,214
05/25/2018,ACT,TX,ASW,CE,Combined TRACON& Tower with Radar,2,11,36,12,61,0,1,38,2,41,2,12,74,14,102,26,0,26,128
05/26/2018,ACT,TX,ASW,CE,Combined TRACON& Tower with Radar,0,9,22,0,31,0,0,31,0,31,0,9,53,0,62,22,0,22,84
05/27/2018,ACT,TX,ASW,CE,Combined TRACON& Tower with Radar,0,10,12,6,28,0,0,23,5,28,0,10,35,11,56,16,26,42,98
05/28/2018,ACT,TX,ASW,CE,Combined TRACON& Tower with Radar,0,8,21,0,29,0,1,50,0,51,0,9,71,0,80,12,0,12,92
05/29/2018,ACT,TX,ASW,CE,Combined TRACON& Tower with Radar,0,11,37,36,84,0,0,49,2,51,0,11,86,38,135,26,0,26,161
05/30/2018,ACT,TX,ASW,CE,Combined TRACON& Tower with Radar,0,17,36,27,80,0,2,45,0,47,0,19,81,27,127,34,0,34,161
05/31/2018,ACT,TX,ASW,CE,Combined TRACON& Tower with Radar,0,12,32,59,103,0,3,36,7,46,0,15,68,66,149,46,0,46,195
06/01/2018,ACT,TX,ASW,CE,Combined TRACON& Tower with Radar,0,9,30,35,74,0,0,38,0,38,0,9,68,35,112,42,0,42,154
06/02/2018,ACT,TX,ASW,CE,Combined TRACON& Tower with Radar,0,7,42,28,77,0,0,50,0,50,0,7,92,28,127,42,0,42,169
06/03/2018,ACT,TX,ASW,CE,Combined TRACON& Tower with Radar,0,11,57,7,75,0,0,36,0,36,0,11,93,7,111,0,0,0,111
06/04/2018,ACT,TX,ASW,CE,Combined TRACON& Tower with Radar,2,11,30,5,48,0,0,32,3,35,2,11,62,8,83,58,0,58,141
06/05/2018,ACT,TX,ASW,CE,Combined TRACON& Tower with Radar,0,9,24,25,58,0,0,33,0,33,0,9,57,25,91,0,0,0,91
06/06/2018,ACT,TX,ASW,CE,Combined TRACON& Tower with Radar,0,11,20,17,48,0,0,20,0,20,0,11,40,17,68,0,0,0,68
06/07/2018,ACT,TX,ASW,CE,Combined TRACON& Tower with Radar,2,16,48,42,108,0,0,20,0,20,2,16,68,42,128,52,0,52,180
06/08/2018,ACT,TX,ASW,CE,Combined TRACON& Tower with Radar,0,12,46,29,87,0,1,38,1,40,0,13,84,30,127,18,0,18,145
06/09/2018,ACT,TX,ASW,CE,Combined TRACON& Tower with Radar,0,11,32,0,43,0,3,42,0,45,0,14,74,0,88,18,0,18,106
06/10/2018,ACT,TX,ASW,CE,Combined TRACON& Tower with Radar,0,21,26,22,69,0,1,32,1,34,0,22,58,23,103,10,0,10,113
06/11/2018,ACT,TX,ASW,CE,Combined TRACON& Tower with Radar,0,16,45,37,98,0,1,26,0,27,0,17,71,37,125,36,0,36,161
06/12/2018,ACT,TX,ASW,CE,Combined TRACON& Tower with Radar,0,12,41,32,85,0,0,19,0,19,0,12,60,32,104,4,0,4,108
06/13/2018,ACT,TX,ASW,CE,Combined TRACON& Tower with Radar,0,15,31,29,75,0,2,15,1,18,0,17,46,30,93,28,2,30,123
06/14/2018,ACT,TX,ASW,CE,Combined TRACON& Tower with Radar,0,12,26,42,80,0,0,53,3,56,0,12,79,45,136,42,4,46,182
06/15/2018,ACT,TX,ASW,CE,Combined TRACON& Tower with Radar,0,9,55,38,102,0,0,33,0,33,0,9,88,38,135,40,0,40,175
06/16/2018,ACT,TX,ASW,CE,Combined TRACON& Tower with Radar,0,11,24,0,35,0,0,36,6,42,0,11,60,6,77,14,0,14,91
06/17/2018,ACT,TX,ASW,CE,Combined TRACON& Tower with Radar,0,11,19,18,48,0,1,21,31,53,0,12,40,49,101,34,22,56,157
06/18/2018,ACT,TX,ASW,CE,Combined TRACON& Tower with Radar,0,11,15,24,50,0,0,18,0,18,0,11,33,24,68,44,4,48,116
06/19/2018,ACT,TX,ASW,CE,Combined TRACON& Tower with Radar,0,13,25,5,43,0,0,8,0,8,0,13,33,5,51,12,0,12,63
06/20/2018,ACT,TX,ASW,CE,Combined TRACON& Tower with Radar,0,17,36,21,74,0,1,13,1,15,0,18,49,22,89,44,0,44,133
06/21/2018,ACT,TX,ASW,CE,Combined TRACON& Tower with Radar,0,10,32,31,73,0,0,38,0,38,0,10,70,31,111,12,0,12,123
06/22/2018,ACT,TX,ASW,CE,Combined TRACON& Tower with Radar,0,10,42,86,138,0,2,44,3,49,0,12,86,89,187,36,4,40,227
06/23/2018,ACT,TX,ASW,CE,Combined TRACON& Tower with Radar,0,7,25,15,47,0,0,34,1,35,0,7,59,16,82,18,8,26,108
06/24/2018,ACT,TX,ASW,CE,Combined TRACON& Tower with Radar,0,9,16,6,31,0,0,12,0,12,0,9,28,6,43,0,0,0,43
06/25/2018,ACT,TX,ASW,CE,Combined TRACON& Tower with Radar,2,10,40,4,56,0,4,34,0,38,2,14,74,4,94,36,0,36,130
06/26/2018,ACT,TX,ASW,CE,Combined TRACON& Tower with Radar,0,12,53,35,100,0,4,25,1,30,0,16,78,36,130,22,0,22,152
06/27/2018,ACT,TX,ASW,CE,Combined TRACON& Tower with Radar,0,11,60,11,82,0,6,64,0,70,0,17,124,11,152,36,0,36,188
06/28/2018,ACT,TX,ASW,CE,Combined TRACON& Tower with Radar,0,9,32,37,78,0,2,42,1,45,0,11,74,38,123,52,0,52,175
06/29/2018,ACT,TX,ASW,CE,Combined TRACON& Tower with Radar,2,9,38,48,97,0,2,25,2,29,2,11,63,50,126,4,0,4,130
06/30/2018,ACT,TX,ASW,CE,Combined TRACON& Tower with Radar,0,8,20,10,38,0,0,15,0,15,0,8,35,10,53,16,0,16,69
07/01/2018,ACT,TX,ASW,CE,Combined TRACON& Tower with Radar,0,10,22,22,54,0,0,29,2,31,0,10,51,24,85,6,0,6,91
07/02/2018,ACT,TX,ASW,CE,Combined TRACON& Tower with Radar,0,9,22,22,53,0,0,41,0,41,0,9,63,22,94,26,0,26,120
07/03/2018,ACT,TX,ASW,CE,Combined TRACON& Tower with Radar,0,9,40,25,74,0,1,37,1,39,0,10,77,26,113,8,0,8,121
07/04/2018,ACT,TX,ASW,CE,Combined TRACON& Tower with Radar,0,6,14,0,20,0,0,6,1,7,0,6,20,1,27,0,0,0,27
07/05/2018,ACT,TX,ASW,CE,Combined TRACON& Tower with Radar,0,7,28,4,39,0,1,32,0,33,0,8,60,4,72,20,0,20,92
07/06/2018,ACT,TX,ASW,CE,Combined TRACON& Tower with Radar,0,11,23,28,62,0,1,23,0,24,0,12,46,28,86,12,10,22,108
07/07/2018,ACT,TX,ASW,CE,Combined TRACON& Tower with Radar,0,7,28,6,41,0,0,16,0,16,0,7,44,6,57,24,0,24,81
07/08/2018,ACT,TX,ASW,CE,Combined TRACON& Tower with Radar,0,9,16,16,41,0,2,5,0,7,0,11,21,16,48,0,0,0,48
07/09/2018,ACT,TX,ASW,CE,Combined TRACON& Tower with Radar,1,6,32,2,41,0,0,16,0,16,1,6,48,2,57,24,0,24,81
07/10/2018,ACT,TX,ASW,CE,Combined TRACON& Tower with Radar,2,10,46,41,99,0,1,27,0,28,2,11,73,41,127,48,0,48,175
07/11/2018,ACT,TX,ASW,CE,Combined TRACON& Tower with Radar,1,14,23,20,58,0,0,17,1,18,1,14,40,21,76,0,0,0,76
07/12/2018,ACT,TX,ASW,CE,Combined TRACON& Tower with Radar,0,7,46,21,74,0,5,35,2,42,0,12,81,23,116,26,2,28,144
07/13/2018,ACT,TX,ASW,CE,Combined TRACON& Tower with Radar,2,10,41,81,134,0,2,37,0,39,2,12,78,81,173,14,0,14,187
07/14/2018,ACT,TX,ASW,CE,Combined TRACON& Tower with Radar,0,7,23,62,92,0,0,27,8,35,0,7,50,70,127,4,64,68,195
07/15/2018,ACT,TX,ASW,CE,Combined TRACON& Tower with Radar,0,10,26,16,52,0,0,26,2,28,0,10,52,18,80,12,38,50,130
07/16/2018,ACT,TX,ASW,CE,Combined TRACON& Tower with Radar,0,9,38,59,106,0,0,37,1,38,0,9,75,60,144,26,12,38,182
07/17/2018,ACT,TX,ASW,CE,Combined TRACON& Tower with Radar,0,11,34,32,77,0,5,32,1,38,0,16,66,33,115,10,4,14,129
07/18/2018,ACT,TX,ASW,CE,Combined TRACON& Tower with Radar,0,9,47,29,85,0,3,47,1,51,0,12,94,30,136,16,0,16,152
07/19/2018,ACT,TX,ASW,CE,Combined TRACON& Tower with Radar,0,7,30,38,75,0,2,34,0,36,0,9,64,38,111,22,0,22,133
07/20/2018,ACT,TX,ASW,CE,Combined TRACON& Tower with Radar,0,9,46,38,93,0,1,46,4,51,0,10,92,42,144,20,18,38,182
07/21/2018,ACT,TX,ASW,CE,Combined TRACON& Tower with Radar,0,7,40,10,57,0,1,28,1,30,0,8,68,11,87,6,2,8,95
07/22/2018,ACT,TX,ASW,CE,Combined TRACON& Tower with Radar,0,9,28,4,41,0,0,28,3,31,0,9,56,7,72,24,2,26,98
07/23/2018,ACT,TX,ASW,CE,Combined TRACON& Tower with Radar,0,8,23,10,41,0,0,20,3,23,0,8,43,13,64,20,0,20,84
07/24/2018,ACT,TX,ASW,CE,Combined TRACON& Tower with Radar,0,10,35,11,56,0,2,37,0,39,0,12,72,11,95,0,0,0,95
07/25/2018,ACT,TX,ASW,CE,Combined TRACON& Tower with Radar,0,9,13,23,45,0,4,30,0,34,0,13,43,23,79,6,0,6,85
07/26/2018,ACT,TX,ASW,CE,Combined TRACON& Tower with Radar,0,13,32,37,82,0,0,34,1,35,0,13,66,38,117,0,2,2,119
07/27/2018,ACT,TX,ASW,CE,Combined TRACON& Tower with Radar,0,9,20,27,56,0,3,30,0,33,0,12,50,27,89,6,0,6,95
07/28/2018,ACT,TX,ASW,CE,Combined TRACON& Tower with Radar,0,8,19,24,51,0,0,27,7,34,0,8,46,31,85,48,50,98,183
07/29/2018,ACT,TX,ASW,CE,Combined TRACON& Tower with Radar,0,9,11,5,25,0,1,22,0,23,0,10,33,5,48,6,0,6,54
07/30/2018,ACT,TX,ASW,CE,Combined TRACON& Tower with Radar,0,9,24,1,34,0,0,10,2,12,0,9,34,3,46,0,8,8,54
07/31/2018,ACT,TX,ASW,CE,Combined TRACON& Tower with Radar,2,9,34,56,101,0,2,25,0,27,2,11,59,56,128,36,2,38,166
08/01/2018,ACT,TX,ASW,CE,Combined TRACON& Tower with Radar,0,14,50,41,105,0,4,44,1,49,0,18,94,42,154,38,0,38,192
08/02/2018,ACT,TX,ASW,CE,Combined TRACON& Tower with Radar,0,11,34,29,74,0,1,45,0,46,0,12,79,29,120,14,0,14,134
08/03/2018,ACT,TX,ASW,CE,Combined TRACON& Tower with Radar,0,12,36,51,99,0,6,33,4,43,0,18,69,55,142,34,4,38,180
08/04/2018,ACT,TX,ASW,CE,Combined TRACON& Tower with Radar,2,9,24,55,90,0,7,23,3,33,2,16,47,58,123,0,8,8,131
08/05/2018,ACT,TX,ASW,CE,Combined TRACON& Tower with Radar,0,9,9,8,26,0,0,26,0,26,0,9,35,8,52,24,0,24,76
08/06/2018,ACT,TX,ASW,CE,Combined TRACON& Tower with Radar,0,9,43,38,90,0,1,14,0,15,0,10,57,38,105,2,2,4,109
08/07/2018,ACT,TX,ASW,CE,Combined TRACON& Tower with Radar,0,13,55,29,97,0,0,45,2,47,0,13,100,31,144,46,0,46,190
08/08/2018,ACT,TX,ASW,CE,Combined TRACON& Tower with Radar,1,9,42,71,123,0,0,36,9,45,1,9,78,80,168,34,20,54,222
08/09/2018,ACT,TX,ASW,CE,Combined TRACON& Tower with Radar,0,9,31,66,106,0,0,43,2,45,0,9,74,68,151,42,14,56,207
08/10/2018,ACT,TX,ASW,CE,Combined TRACON& Tower with Radar,0,9,14,20,43,0,5,18,0,23,0,14,32,20,66,28,0,28,94
08/11/2018,ACT,TX,ASW,CE,Combined TRACON& Tower with Radar,0,7,11,6,24,0,0,9,0,9,0,7,20,6,33,10,0,10,43
08/12/2018,ACT,TX,ASW,CE,Combined TRACON& Tower with Radar,0,11,4,0,15,0,1,4,0,5,0,12,8,0,20,0,0,0,20
08/13/2018,ACT,TX,ASW,CE,Combined TRACON& Tower with Radar,0,10,28,42,80,0,1,15,1,17,0,11,43,43,97,26,8,34,131
08/14/2018,ACT,TX,ASW,CE,Combined TRACON& Tower with Radar,0,12,58,41,111,0,0,32,4,36,0,12,90,45,147,64,6,70,217
08/15/2018,ACT,TX,ASW,CE,Combined TRACON& Tower with Radar,0,11,41,27,79,0,0,46,6,52,0,11,87,33,131,10,12,22,153
08/16/2018,ACT,TX,ASW,CE,Combined TRACON& Tower with Radar,0,9,36,29,74,0,0,67,4,71,0,9,103,33,145,58,0,58,203
08/17/2018,ACT,TX,ASW,CE,Combined TRACON& Tower with Radar,0,15,29,61,105,0,0,43,6,49,0,15,72,67,154,52,9,61,215
08/18/2018,ACT,TX,ASW,CE,Combined TRACON& Tower with Radar,2,11,31,16,60,0,1,35,0,36,2,12,66,16,96,16,0,16,112
08/19/2018,ACT,TX,ASW,CE,Combined TRACON& Tower with Radar,0,14,18,6,38,0,0,16,4,20,0,14,34,10,58,20,4,24,82
08/20/2018,ACT,TX,ASW,CE,Combined TRACON& Tower with Radar,0,9,20,9,38,0,0,25,0,25,0,9,45,9,63,6,0,6,69
08/21/2018,ACT,TX,ASW,CE,Combined TRACON& Tower with Radar,0,8,33,24,65,0,0,28,5,33,0,8,61,29,98,38,4,42,140
08/22/2018,ACT,TX,ASW,CE,Combined TRACON& Tower with Radar,0,9,29,25,63,0,2,64,1,67,0,11,93,26,130,64,0,64,194
08/23/2018,ACT,TX,ASW,CE,Combined TRACON& Tower with Radar,0,12,36,32,80,0,0,41,2,43,0,12,77,34,123,46,0,46,169
08/24/2018,ACT,TX,ASW,CE,Combined TRACON& Tower with Radar,0,11,48,30,89,0,0,42,0,42,0,11,90,30,131,12,0,12,143
08/25/2018,ACT,TX,ASW,CE,Combined TRACON& Tower with Radar,0,7,7,2,16,0,0,44,0,44,0,7,51,2,60,16,0,16,76
08/26/2018,ACT,TX,ASW,CE,Combined TRACON& Tower with Radar,0,8,19,11,38,0,0,21,1,22,0,8,40,12,60,78,0,78,138
08/27/2018,ACT,TX,ASW,CE,Combined TRACON& Tower with Radar,0,9,30,25,64,0,2,28,0,30,0,11,58,25,94,14,0,14,108
08/28/2018,ACT,TX,ASW,CE,Combined TRACON& Tower with Radar,0,11,31,33,75,0,0,23,0,23,0,11,54,33,98,10,0,10,108
08/29/2018,ACT,TX,ASW,CE,Combined TRACON& Tower with Radar,0,12,45,49,106,0,3,34,1,38,0,15,79,50,144,52,2,54,198
08/30/2018,ACT,TX,ASW,CE,Combined TRACON& Tower with Radar,0,21,47,27,95,0,0,35,0,35,0,21,82,27,130,20,6,26,156
08/31/2018,ACT,TX,ASW,CE,Combined TRACON& Tower with Radar,2,13,55,9,79,1,4,63,3,71,3,17,118,12,150,20,8,28,178
09/01/2018,ACT,TX,ASW,CE,Combined TRACON& Tower with Radar,0,5,36,0,41,0,0,51,0,51,0,5,87,0,92,32,0,32,124
09/02/2018,ACT,TX,ASW,CE,Combined TRACON& Tower with Radar,0,12,9,0,21,0,0,14,0,14,0,12,23,0,35,12,0,12,47
09/03/2018,ACT,TX,ASW,CE,Combined TRACON& Tower with Radar,0,10,23,0,33,0,3,3,0,6,0,13,26,0,39,30,0,30,69
09/04/2018,ACT,TX,ASW,CE,Combined TRACON& Tower with Radar,0,9,42,6,57,0,2,6,0,8,0,11,48,6,65,0,0,0,65
09/05/2018,ACT,TX,ASW,CE,Combined TRACON& Tower with Radar,0,11,20,25,56,0,12,30,0,42,0,23,50,25,98,18,0,18,116
09/06/2018,ACT,TX,ASW,CE,Combined TRACON& Tower with Radar,0,12,33,14,59,0,2,25,0,27,0,14,58,14,86,26,0,26,112
09/07/2018,ACT,TX,ASW,CE,Combined TRACON& Tower with Radar,0,11,70,30,111,0,0,16,2,18,0,11,86,32,129,2,8,10,139
09/08/2018,ACT,TX,ASW,CE,Combined TRACON& Tower with Radar,0,10,6,0,16,0,0,2,0,2,0,10,8,0,18,4,0,4,22
09/09/2018,ACT,TX,ASW,CE,Combined TRACON& Tower with Radar,0,9,19,6,34,0,0,5,0,5,0,9,24,6,39,0,0,0,39
09/10/2018,ACT,TX,ASW,CE,Combined TRACON& Tower with Radar,0,14,45,24,83,0,1,21,0,22,0,15,66,24,105,44,6,50,155
09/11/2018,ACT,TX,ASW,CE,Combined TRACON& Tower with Radar,0,12,24,45,81,0,0,4,0,4,0,12,28,45,85,0,4,4,89
09/12/2018,ACT,TX,ASW,CE,Combined TRACON& Tower with Radar,2,14,33,49,98,0,0,10,0,10,2,14,43,49,108,0,6,6,114
09/13/2018,ACT,TX,ASW,CE,Combined TRACON& Tower with Radar,2,10,43,60,115,0,0,25,3,28,2,10,68,63,143,36,6,42,185
09/14/2018,ACT,TX,ASW,CE,Combined TRACON& Tower with Radar,0,12,46,24,82,0,4,6,0,10,0,16,52,24,92,6,0,6,98
09/15/2018,ACT,TX,ASW,CE,Combined TRACON& Tower with Radar,2,10,41,0,53,0,0,14,0,14,2,10,55,0,67,26,0,26,93
09/16/2018,ACT,TX,ASW,CE,Combined TRACON& Tower with Radar,0,10,29,25,64,0,2,41,2,45,0,12,70,27,109,76,4,80,189
09/17/2018,ACT,TX,ASW,CE,Combined TRACON& Tower with Radar,0,11,47,26,84,0,0,30,7,37,0,11,77,33,121,18,4,22,143
09/18/2018,ACT,TX,ASW,CE,Combined TRACON& Tower with Radar,0,9,42,20,71,0,2,56,0,58,0,11,98,20,129,22,0,22,151
09/19/2018,ACT,TX,ASW,CE,Combined TRACON& Tower with Radar,0,12,41,36,89,0,1,32,0,33,0,13,73,36,122,44,0,44,166
09/20/2018,ACT,TX,ASW,CE,Combined TRACON& Tower with Radar,2,14,34,23,73,0,1,17,0,18,2,15,51,23,91,20,0,20,111
09/21/2018,ACT,TX,ASW,CE,Combined TRACON& Tower with Radar,2,13,32,71,118,0,1,5,3,9,2,14,37,74,127,10,0,10,137
09/22/2018,ACT,TX,ASW,CE,Combined TRACON& Tower with Radar,2,11,44,0,57,0,0,0,0,0,2,11,44,0,57,0,0,0,57
09/23/2018,ACT,TX,ASW,CE,Combined TRACON& Tower with Radar,0,13,34,4,51,0,0,0,0,0,0,13,34,4,51,0,0,0,51
09/24/2018,ACT,TX,ASW,CE,Combined TRACON& Tower with Radar,0,11,60,6,77,0,0,18,0,18,0,11,78,6,95,18,0,18,113
09/25/2018,ACT,TX,ASW,CE,Combined TRACON& Tower with Radar,0,11,49,30,90,0,0,35,3,38,0,11,84,33,128,22,10,32,160
09/26/2018,ACT,TX,ASW,CE,Combined TRACON& Tower with Radar,0,11,40,23,74,0,0,3,1,4,0,11,43,24,78,20,0,20,98
09/27/2018,ACT,TX,ASW,CE,Combined TRACON& Tower with Radar,0,15,45,26,86,0,0,40,1,41,0,15,85,27,127,30,14,44,171
09/28/2018,ACT,TX,ASW,CE,Combined TRACON& Tower with Radar,2,19,61,12,94,0,2,41,0,43,2,21,102,12,137,8,0,8,145
09/29/2018,ACT,TX,ASW,CE,Combined TRACON& Tower with Radar,2,7,14,2,25,0,1,4,0,5,2,8,18,2,30,12,0,12,42
09/30/2018,ACT,TX,ASW,CE,Combined TRACON& Tower with Radar,0,13,35,10,58,0,0,16,0,16,0,13,51,10,74,22,12,34,108
10/01/2018,ACT,TX,ASW,CE,Combined TRACON& Tower with Radar,0,14,31,20,65,0,1,9,0,10,0,15,40,20,75,20,0,20,95
10/02/2018,ACT,TX,ASW,CE,Combined TRACON& Tower with Radar,0,9,43,36,88,0,2,20,0,22,0,11,63,36,110,4,0,4,114
10/03/2018,ACT,TX,ASW,CE,Combined TRACON& Tower with Radar,0,10,35,11,56,0,3,42,3,48,0,13,77,14,104,26,0,26,130
10/04/2018,ACT,TX,ASW,CE,Combined TRACON& Tower with Radar,0,9,51,46,106,0,4,36,0,40,0,13,87,46,146,16,4,20,166
10/05/2018,ACT,TX,ASW,CE,Combined TRACON& Tower with Radar,2,9,60,28,99,0,0,40,0,40,2,9,100,28,139,16,4,20,159
10/06/2018,ACT,TX,ASW,CE,Combined TRACON& Tower with Radar,2,10,59,8,79,0,0,9,0,9,2,10,68,8,88,0,0,0,88
10/07/2018,ACT,TX,ASW,CE,Combined TRACON& Tower with Radar,0,8,26,0,34,0,0,12,0,12,0,8,38,0,46,0,0,0,46
10/08/2018,ACT,TX,ASW,CE,Combined TRACON& Tower with Radar,0,14,23,14,51,0,0,7,1,8,0,14,30,15,59,26,0,26,85
10/09/2018,ACT,TX,ASW,CE,Combined TRACON& Tower with Radar,0,8,4,6,18,0,0,3,0,3,0,8,7,6,21,0,0,0,21
10/10/2018,ACT,TX,ASW,CE,Combined TRACON& Tower with Radar,0,12,40,27,79,0,4,55,4,63,0,16,95,31,142,32,0,32,174
10/11/2018,ACT,TX,ASW,CE,Combined TRACON& Tower with Radar,0,18,47,18,83,0,0,68,5,73,0,18,115,23,156,66,24,90,246
10/12/2018,ACT,TX,ASW,CE,Combined TRACON& Tower with Radar,0,15,59,62,136,0,0,48,0,48,0,15,107,62,184,36,0,36,220
10/13/2018,ACT,TX,ASW,CE,Combined TRACON& Tower with Radar,0,4,8,0,12,0,0,1,0,1,0,4,9,0,13,0,0,0,13
10/14/2018,ACT,TX,ASW,CE,Combined TRACON& Tower with Radar,0,9,34,26,69,0,0,9,1,10,0,9,43,27,79,20,0,20,99
10/15/2018,ACT,TX,ASW,CE,Combined TRACON& Tower with Radar,0,15,8,0,23,0,0,0,0,0,0,15,8,0,23,0,0,0,23
10/16/2018,ACT,TX,ASW,CE,Combined TRACON& Tower with Radar,2,11,14,9,36,0,0,0,0,0,2,11,14,9,36,0,0,0,36
10/17/2018,ACT,TX,ASW,CE,Combined TRACON& Tower with Radar,2,12,34,42,90,0,0,0,0,0,2,12,34,42,90,0,6,6,96
10/18/2018,ACT,TX,ASW,CE,Combined TRACON& Tower with Radar,0,18,32,91,141,0,0,16,0,16,0,18,48,91,157,14,14,28,185
10/19/2018,ACT,TX,ASW,CE,Combined TRACON& Tower with Radar,0,10,34,42,86,0,0,0,1,1,0,10,34,43,87,6,0,6,93
10/20/2018,ACT,TX,ASW,CE,Combined TRACON& Tower with Radar,2,7,32,5,46,0,0,10,1,11,2,7,42,6,57,32,0,32,89
10/21/2018,ACT,TX,ASW,CE,Combined TRACON& Tower with Radar,0,8,42,0,50,0,0,71,0,71,0,8,113,0,121,29,0,29,150
10/22/2018,ACT,TX,ASW,CE,Combined TRACON& Tower with Radar,0,9,34,39,82,0,0,42,5,47,0,9,76,44,129,68,6,74,203
10/23/2018,ACT,TX,ASW,CE,Combined TRACON& Tower with Radar,0,10,22,48,80,0,2,22,3,27,0,12,44,51,107,0,0,0,107
10/24/2018,ACT,TX,ASW,CE,Combined TRACON& Tower with Radar,2,13,24,12,51,0,0,0,0,0,2,13,24,12,51,0,0,0,51
10/25/2018,ACT,TX,ASW,CE,Combined TRACON& Tower with Radar,0,9,47,42,98,0,6,19,0,25,0,15,66,42,123,6,0,6,129
10/26/2018,ACT,TX,ASW,CE,Combined TRACON& Tower with Radar,0,17,28,53,98,0,9,53,11,73,0,26,81,64,171,18,10,28,199
10/27/2018,ACT,TX,ASW,CE,Combined TRACON& Tower with Radar,0,9,23,38,70,0,0,74,3,77,0,9,97,41,147,10,42,52,199
10/28/2018,ACT,TX,ASW,CE,Combined TRACON& Tower with Radar,0,8,50,10,68,0,1,56,0,57,0,9,106,10,125,0,4,4,129
10/29/2018,ACT,TX,ASW,CE,Combined TRACON& Tower with Radar,0,12,50,7,69,0,2,48,1,51,0,14,98,8,120,12,0,12,132
10/30/2018,ACT,TX,ASW,CE,Combined TRACON& Tower with Radar,0,11,47,14,72,0,1,40,2,43,0,12,87,16,115,32,0,32,147
10/31/2018,ACT,TX,ASW,CE,Combined TRACON& Tower with Radar,0,9,25,10,44,0,0,1,0,1,0,9,26,10,45,0,0,0,45
11/01/2018,ACT,TX,ASW,CE,Combined TRACON& Tower with Radar,0,14,55,57,126,0,6,41,3,50,0,20,96,60,176,16,0,16,192
11/02/2018,ACT,TX,ASW,CE,Combined TRACON& Tower with Radar,2,12,40,75,129,0,0,75,9,84,2,12,115,84,213,66,20,86,299
11/03/2018,ACT,TX,ASW,CE,Combined TRACON& Tower with Radar,2,5,47,15,69,0,0,28,0,28,2,5,75,15,97,2,0,2,99
11/04/2018,ACT,TX,ASW,CE,Combined TRACON& Tower with Radar,0,10,48,3,61,0,0,33,1,34,0,10,81,4,95,26,0,26,121
11/05/2018,ACT,TX,ASW,CE,Combined TRACON& Tower with Radar,0,13,36,38,87,0,0,25,4,29,0,13,61,42,116,32,12,44,160
11/06/2018,ACT,TX,ASW,CE,Combined TRACON& Tower with Radar,0,9,28,15,52,0,2,6,3,11,0,11,34,18,63,17,0,17,80
11/07/2018,ACT,TX,ASW,CE,Combined TRACON& Tower with Radar,0,13,57,3,73,0,0,0,0,0,0,13,57,3,73,0,0,0,73
11/08/2018,ACT,TX,ASW,CE,Combined TRACON& Tower with Radar,0,11,8,0,19,0,0,0,0,0,0,11,8,0,19,0,0,0,19
11/09/2018,ACT,TX,ASW,CE,Combined TRACON& Tower with Radar,4,11,35,17,67,0,2,34,0,36,4,13,69,17,103,0,0,0,103
11/10/2018,ACT,TX,ASW,CE,Combined TRACON& Tower with Radar,2,7,26,3,38,0,0,48,38,86,2,7,74,41,124,58,0,58,182
11/11/2018,ACT,TX,ASW,CE,Combined TRACON& Tower with Radar,0,14,27,0,41,0,0,7,0,7,0,14,34,0,48,0,0,0,48
11/12/2018,ACT,TX,ASW,CE,Combined TRACON& Tower with Radar,0,8,24,0,32,0,0,1,0,1,0,8,25,0,33,0,0,0,33
11/13/2018,ACT,TX,ASW,CE,Combined TRACON& Tower with Radar,1,8,31,6,46,0,2,20,0,22,1,10,51,6,68,1,0,1,69
11/14/2018,ACT,TX,ASW,CE,Combined TRACON& Tower with Radar,0,13,19,10,42,0,2,34,4,40,0,15,53,14,82,50,0,50,132
11/15/2018,ACT,TX,ASW,CE,Combined TRACON& Tower with Radar,0,12,33,15,60,0,2,47,1,50,0,14,80,16,110,48,0,48,158
11/16/2018,ACT,TX,ASW,CE,Combined TRACON& Tower with Radar,0,14,47,16,77,0,0,62,6,68,0,14,109,22,145,35,0,35,180
11/17/2018,ACT,TX,ASW,CE,Combined TRACON& Tower with Radar,0,10,67,8,85,0,0,35,12,47,0,10,102,20,132,6,18,24,156
11/18/2018,ACT,TX,ASW,CE,Combined TRACON& Tower with Radar,0,15,36,13,64,0,0,4,1,5,0,15,40,14,69,8,0,8,77
11/19/2018,ACT,TX,ASW,CE,Combined TRACON& Tower with Radar,0,9,51,10,70,0,3,27,1,31,0,12,78,11,101,16,0,16,117
11/20/2018,ACT,TX,ASW,CE,Combined TRACON& Tower with Radar,0,14,43,11,68,0,2,32,1,35,0,16,75,12,103,10,0,10,113
11/21/2018,ACT,TX,ASW,CE,Combined TRACON& Tower with Radar,0,12,18,0,30,0,4,38,2,44,0,16,56,2,74,66,0,66,140
11/22/2018,ACT,TX,ASW,CE,Combined TRACON& Tower with Radar,0,4,6,0,10,0,0,9,0,9,0,4,15,0,19,0,0,0,19
11/23/2018,ACT,TX,ASW,CE,Combined TRACON& Tower with Radar,0,10,17,0,27,0,0,25,0,25,0,10,42,0,52,12,0,12,64
11/24/2018,ACT,TX,ASW,CE,Combined TRACON& Tower with Radar,0,13,31,0,44,0,0,51,0,51,0,13,82,0,95,32,0,32,127
11/25/2018,ACT,TX,ASW,CE,Combined TRACON& Tower with Radar,0,15,38,0,53,0,0,8,0,8,0,15,46,0,61,0,0,0,61
11/26/2018,ACT,TX,ASW,CE,Combined TRACON& Tower with Radar,0,9,28,6,43,0,0,38,3,41,0,9,66,9,84,2,2,4,88
11/27/2018,ACT,TX,ASW,CE,Combined TRACON& Tower with Radar,0,7,29,29,65,0,0,36,3,39,0,7,65,32,104,40,0,40,144
11/28/2018,ACT,TX,ASW,CE,Combined TRACON& Tower with Radar,0,11,27,11,49,0,4,30,4,38,0,15,57,15,87,2,0,2,89
11/29/2018,ACT,TX,ASW,CE,Combined TRACON& Tower with Radar,0,11,26,30,67,0,0,23,2,25,0,11,49,32,92,22,0,22,114
11/30/2018,ACT,TX,ASW,CE,Combined TRACON& Tower with Radar,1,19,54,74,148,0,0,12,1,13,1,19,66,75,161,10,16,26,187
12/01/2018,ACT,TX,ASW,CE,Combined TRACON& Tower with Radar,0,12,24,44,80,0,0,18,2,20,0,12,42,46,100,26,19,45,145
12/02/2018,ACT,TX,ASW,CE,Combined TRACON& Tower with Radar,0,12,19,2,33,0,0,41,0,41,0,12,60,2,74,24,0,24,98
12/03/2018,ACT,TX,ASW,CE,Combined TRACON& Tower with Radar,0,9,23,30,62,0,2,38,2,42,0,11,61,32,104,19,2,21,125
12/04/2018,ACT,TX,ASW,CE,Combined TRACON& Tower with Radar,0,8,35,49,92,0,8,50,10,68,0,16,85,59,160,30,30,60,220
12/05/2018,ACT,TX,ASW,CE,Combined TRACON& Tower with Radar,0,12,41,0,53,0,5,49,14,68,0,17,90,14,121,28,0,28,149
12/06/2018,ACT,TX,ASW,CE,Combined TRACON& Tower with Radar,0,10,36,17,63,0,0,0,0,0,0,10,36,17,63,0,0,0,63
12/07/2018,ACT,TX,ASW,CE,Combined TRACON& Tower with Radar,0,13,6,0,19,0,0,0,0,0,0,13,6,0,19,0,0,0,19
12/08/2018,ACT,TX,ASW,CE,Combined TRACON& Tower with Radar,0,10,13,0,23,0,0,0,0,0,0,10,13,0,23,0,0,0,23
12/09/2018,ACT,TX,ASW,CE,Combined TRACON& Tower with Radar,0,11,38,0,49,0,0,14,0,14,0,11,52,0,63,24,0,24,87
12/10/2018,ACT,TX,ASW,CE,Combined TRACON& Tower with Radar,0,9,31,12,52,0,0,58,0,58,0,9,89,12,110,24,0,24,134
12/11/2018,ACT,TX,ASW,CE,Combined TRACON& Tower with Radar,0,8,41,15,64,0,0,38,0,38,0,8,79,15,102,20,0,20,122
12/12/2018,ACT,TX,ASW,CE,Combined TRACON& Tower with Radar,0,10,34,40,84,0,1,13,2,16,0,11,47,42,100,56,14,70,170
12/13/2018,ACT,TX,ASW,CE,Combined TRACON& Tower with Radar,0,14,24,30,68,0,0,10,2,12,0,14,34,32,80,0,12,12,92
12/14/2018,ACT,TX,ASW,CE,Combined TRACON& Tower with Radar,0,10,21,0,31,0,0,4,0,4,0,10,25,0,35,0,0,0,35
12/15/2018,ACT,TX,ASW,CE,Combined TRACON& Tower with Radar,0,9,21,2,32,0,0,34,1,35,0,9,55,3,67,18,0,18,85
12/16/2018,ACT,TX,ASW,CE,Combined TRACON& Tower with Radar,0,11,31,4,46,0,0,39,1,40,0,11,70,5,86,48,0,48,134
12/17/2018,ACT,TX,ASW,CE,Combined TRACON& Tower with Radar,0,9,29,4,42,0,0,40,0,40,0,9,69,4,82,4,0,4,86
12/18/2018,ACT,TX,ASW,CE,Combined TRACON& Tower with Radar,0,13,36,31,80,0,0,38,2,40,0,13,74,33,120,58,4,62,182
12/19/2018,ACT,TX,ASW,CE,Combined TRACON& Tower with Radar,0,10,26,4,40,0,0,0,0,0,0,10,26,4,40,0,0,0,40
12/20/2018,ACT,TX,ASW,CE,Combined TRACON& Tower with Radar,0,8,19,21,48,0,4,18,1,23,0,12,37,22,71,0,0,0,71
12/21/2018,ACT,TX,ASW,CE,Combined TRACON& Tower with Radar,0,11,39,20,70,0,2,49,0,51,0,13,88,20,121,76,0,76,197
12/22/2018,ACT,TX,ASW,CE,Combined TRACON& Tower with Radar,0,6,20,0,26,0,0,39,0,39,0,6,59,0,65,32,0,32,97
12/23/2018,ACT,TX,ASW,CE,Combined TRACON& Tower with Radar,0,12,23,0,35,0,0,17,0,17,0,12,40,0,52,8,0,8,60
12/24/2018,ACT,TX,ASW,CE,Combined TRACON& Tower with Radar,0,5,7,0,12,0,0,22,0,22,0,5,29,0,34,12,0,12,46
12/25/2018,ACT,TX,ASW,CE,Combined TRACON& Tower with Radar,0,6,8,0,14,0,0,0,0,0,0,6,8,0,14,0,0,0,14
12/26/2018,ACT,TX,ASW,CE,Combined TRACON& Tower with Radar,0,3,13,0,16,0,0,0,0,0,0,3,13,0,16,0,0,0,16
12/27/2018,ACT,TX,ASW,CE,Combined TRACON& Tower with Radar,0,11,25,1,37,0,0,15,1,16,0,11,40,2,53,10,0,10,63
12/28/2018,ACT,TX,ASW,CE,Combined TRACON& Tower with Radar,0,9,21,0,30,0,0,27,0,27,0,9,48,0,57,18,0,18,75
12/29/2018,ACT,TX,ASW,CE,Combined TRACON& Tower with Radar,0,6,21,0,27,0,0,15,0,15,0,6,36,0,42,10,0,10,52
12/30/2018,ACT,TX,ASW,CE,Combined TRACON& Tower with Radar,0,7,37,0,44,0,0,0,0,0,0,7,37,0,44,0,0,0,44
12/31/2018,ACT,TX,ASW,CE,Combined TRACON& Tower with Radar,2,6,20,0,28,0,0,15,0,15,2,6,35,0,43,0,0,0,43
01/01/2019,ACT,TX,ASW,CE,Combined TRACON& Tower with Radar,0,9,18,0,27,0,0,1,0,1,0,9,19,0,28,0,0,0,28
01/02/2019,ACT,TX,ASW,CE,Combined TRACON& Tower with Radar,0,10,4,0,14,0,0,0,0,0,0,10,4,0,14,0,0,0,14
01/03/2019,ACT,TX,ASW,CE,Combined TRACON& Tower with Radar,2,9,18,3,32,0,0,0,0,0,2,9,18,3,32,0,0,0,32
01/04/2019,ACT,TX,ASW,CE,Combined TRACON& Tower with Radar,0,10,42,50,102,0,4,45,2,51,0,14,87,52,153,72,0,72,225
01/05/2019,ACT,TX,ASW,CE,Combined TRACON& Tower with Radar,0,8,40,28,76,0,0,50,5,55,0,8,90,33,131,4,6,10,141
01/06/2019,ACT,TX,ASW,CE,Combined TRACON& Tower with Radar,0,15,40,6,61,0,2,12,0,14,0,17,52,6,75,0,0,0,75
01/07/2019,ACT,TX,ASW,CE,Combined TRACON& Tower with Radar,0,10,17,6,33,0,5,14,0,19,0,15,31,6,52,16,0,16,68
01/08/2019,ACT,TX,ASW,CE,Combined TRACON& Tower with Radar,0,12,35,34,81,0,7,39,9,55,0,19,74,43,136,8,4,12,148
01/09/2019,ACT,TX,ASW,CE,Combined TRACON& Tower with Radar,0,9,35,3,47,0,4,62,0,66,0,13,97,3,113,0,6,6,119
01/10/2019,ACT,TX,ASW,CE,Combined TRACON& Tower with Radar,0,9,45,17,71,0,4,35,6,45,0,13,80,23,116,2,8,10,126
01/11/2019,ACT,TX,ASW,CE,Combined TRACON& Tower with Radar,3,15,29,26,73,0,4,3,1,8,3,19,32,27,81,0,0,0,81
01/12/2019,ACT,TX,ASW,CE,Combined TRACON& Tower with Radar,1,5,24,20,50,0,1,15,5,21,1,6,39,25,71,12,0,12,83
01/13/2019,ACT,TX,ASW,CE,Combined TRACON& Tower with Radar,0,8,30,2,40,0,1,16,1,18,0,9,46,3,58,2,0,2,60
01/14/2019,ACT,TX,ASW,CE,Combined TRACON& Tower with Radar,0,11,42,4,57,0,2,15,0,17,0,13,57,4,74,22,0,22,96
01/15/2019,ACT,TX,ASW,CE,Combined TRACON& Tower with Radar,0,11,60,8,79,0,0,18,0,18,0,11,78,8,97,0,0,0,97
01/16/2019,ACT,TX,ASW,CE,Combined TRACON& Tower with Radar,0,7,37,21,65,0,0,0,0,0,0,7,37,21,65,0,0,0,65
01/17/2019,ACT,TX,ASW,CE,Combined TRACON& Tower with Radar,0,9,36,8,53,0,0,43,3,46,0,9,79,11,99,9,0,9,108
01/18/2019,ACT,TX,ASW,CE,Combined TRACON& Tower with Radar,1,13,35,14,63,0,0,4,0,4,1,13,39,14,67,0,0,0,67
01/19/2019,ACT,TX,ASW,CE,Combined TRACON& Tower with Radar,3,8,10,0,21,0,0,5,0,5,3,8,15,0,26,0,0,0,26
01/20/2019,ACT,TX,ASW,CE,Combined TRACON& Tower with Radar,2,9,17,15,43,0,0,46,1,47,2,9,63,16,90,28,0,28,118
01/21/2019,ACT,TX,ASW,CE,Combined TRACON& Tower with Radar,0,9,34,1,44,0,3,33,0,36,0,12,67,1,80,0,0,0,80
01/22/2019,ACT,TX,ASW,CE,Combined TRACON& Tower with Radar,0,12,28,21,61,0,1,8,0,9,0,13,36,21,70,12,0,12,82
01/23/2019,ACT,TX,ASW,CE,Combined TRACON& Tower with Radar,0,7,28,35,70,0,4,34,9,47,0,11,62,44,117,2,0,2,119
01/24/2019,ACT,TX,ASW,CE,Combined TRACON& Tower with Radar,0,10,31,33,74,0,6,65,3,74,0,16,96,36,148,62,0,62,210
01/25/2019,ACT,TX,ASW,CE,Combined TRACON& Tower with Radar,1,13,51,14,79,0,1,42,2,45,1,14,93,16,124,44,0,44,168
01/26/2019,ACT,TX,ASW,CE,Combined TRACON& Tower with Radar,2,8,40,9,59,0,0,24,1,25,2,8,64,10,84,22,0,22,106
01/27/2019,ACT,TX,ASW,CE,Combined TRACON& Tower with Radar,0,11,31,0,42,0,0,33,0,33,0,11,64,0,75,44,0,44,119
01/28/2019,ACT,TX,ASW,CE,Combined TRACON& Tower with Radar,0,11,22,17,50,0,2,40,2,44,0,13,62,19,94,32,0,32,126
01/29/2019,ACT,TX,ASW,CE,Combined TRACON& Tower with Radar,0,9,41,18,68,0,0,58,0,58,0,9,99,18,126,30,0,30,156
01/30/2019,ACT,TX,ASW,CE,Combined TRACON& Tower with Radar,0,11,42,49,102,0,8,34,2,44,0,19,76,51,146,88,6,94,240
01/31/2019,ACT,TX,ASW,CE,Combined TRACON& Tower with Radar,0,7,50,30,87,0,0,4,0,4,0,7,54,30,91,12,0,12,103
02/01/2019,ACT,TX,ASW,CE,Combined TRACON& Tower with Radar,0,17,39,62,118,0,4,8,2,14,0,21,47,64,132,22,0,22,154
02/02/2019,ACT,TX,ASW,CE,Combined TRACON& Tower with Radar,0,8,40,6,54,0,0,0,0,0,0,8,40,6,54,0,0,0,54
02/03/2019,ACT,TX,ASW,CE,Combined TRACON& Tower with Radar,0,16,21,10,47,0,0,3,0,3,0,16,24,10,50,8,0,8,58
02/04/2019,ACT,TX,ASW,CE,Combined TRACON& Tower with Radar,0,8,62,6,76,0,0,36,0,36,0,8,98,6,112,42,0,42,154
02/05/2019,ACT,TX,ASW,CE,Combined TRACON& Tower with Radar,2,10,46,31,89,0,0,17,0,17,2,10,63,31,106,34,0,34,140
02/06/2019,ACT,TX,ASW,CE,Combined TRACON& Tower with Radar,0,8,36,29,73,0,0,6,3,9,0,8,42,32,82,4,0,4,86
02/07/2019,ACT,TX,ASW,CE,Combined TRACON& Tower with Radar,0,7,54,39,100,0,0,22,4,26,0,7,76,43,126,0,24,24,150
02/08/2019,ACT,TX,ASW,CE,Combined TRACON& Tower with Radar,0,10,25,12,47,0,0,16,9,25,0,10,41,21,72,2,2,4,76
02/09/2019,ACT,TX,ASW,CE,Combined TRACON& Tower with Radar,2,8,18,0,28,0,0,0,6,6,2,8,18,6,34,0,0,0,34
02/10/2019,ACT,TX,ASW,CE,Combined TRACON& Tower with Radar,0,9,20,0,29,0,0,0,0,0,0,9,20,0,29,0,0,0,29
02/11/2019,ACT,TX,ASW,CE,Combined TRACON& Tower with Radar,0,9,19,8,36,0,0,0,0,0,0,9,19,8,36,2,0,2,38
02/12/2019,ACT,TX,ASW,CE,Combined TRACON& Tower with Radar,0,11,38,29,78,0,0,48,2,50,0,11,86,31,128,22,0,22,150
02/13/2019,ACT,TX,ASW,CE,Combined TRACON& Tower with Radar,4,12,60,44,120,0,0,47,4,51,4,12,107,48,171,44,0,44,215
02/14/2019,ACT,TX,ASW,CE,Combined TRACON& Tower with Radar,0,14,28,71,113,0,2,59,0,61,0,16,87,71,174,74,0,74,248
02/15/2019,ACT,TX,ASW,CE,Combined TRACON& Tower with Radar,0,9,50,44,103,0,2,58,1,61,0,11,108,45,164,103,8,111,275
02/16/2019,ACT,TX,ASW,CE,Combined TRACON& Tower with Radar,0,8,22,7,37,0,0,0,1,1,0,8,22,8,38,0,0,0,38
02/17/2019,ACT,TX,ASW,CE,Combined TRACON& Tower with Radar,1,9,32,4,46,0,0,21,10,31,1,9,53,14,77,10,0,10,87
02/18/2019,ACT,TX,ASW,CE,Combined TRACON& Tower with Radar,0,15,48,1,64,0,0,29,7,36,0,15,77,8,100,8,4,12,112
02/19/2019,ACT,TX,ASW,CE,Combined TRACON& Tower with Radar,2,8,19,8,37,0,0,1,0,1,2,8,20,8,38,0,0,0,38
02/20/2019,ACT,TX,ASW,CE,Combined TRACON& Tower with Radar,2,9,52,60,123,0,0,48,5,53,2,9,100,65,176,78,0,78,254
02/21/2019,ACT,TX,ASW,CE,Combined TRACON& Tower with Radar,0,9,47,17,73,0,0,23,0,23,0,9,70,17,96,10,0,10,106
02/22/2019,ACT,TX,ASW,CE,Combined TRACON& Tower with Radar,1,12,24,2,39,0,0,0,0,0,1,12,24,2,39,0,0,0,39
02/23/2019,ACT,TX,ASW,CE,Combined TRACON& Tower with Radar,1,8,24,17,50,0,0,11,6,17,1,8,35,23,67,0,0,0,67
02/24/2019,ACT,TX,ASW,CE,Combined TRACON& Tower with Radar,0,7,43,34,84,0,1,58,1,60,0,8,101,35,144,42,8,50,194
02/25/2019,ACT,TX,ASW,CE,Combined TRACON& Tower with Radar,0,7,52,48,107,0,0,63,5,68,0,7,115,53,175,36,0,36,211
02/26/2019,ACT,TX,ASW,CE,Combined TRACON& Tower with Radar,0,7,48,15,70,0,0,0,0,0,0,7,48,15,70,0,0,0,70
02/27/2019,ACT,TX,ASW,CE,Combined TRACON& Tower with Radar,0,12,29,25,66,0,0,4,0,4,0,12,33,25,70,36,0,36,106
02/28/2019,ACT,TX,ASW,CE,Combined TRACON& Tower with Radar,0,5,33,24,62,0,0,3,0,3,0,5,36,24,65,10,0,10,75
03/01/2019,ACT,TX,ASW,CE,Combined TRACON& Tower with Radar,0,11,50,23,84,0,0,2,0,2,0,11,52,23,86,0,6,6,92
03/02/2019,ACT,TX,ASW,CE,Combined TRACON& Tower with Radar,0,16,21,0,37,0,0,0,0,0,0,16,21,0,37,0,0,0,37
03/03/2019,ACT,TX,ASW,CE,Combined TRACON& Tower with Radar,0,12,27,4,43,0,0,1,0,1,0,12,28,4,44,0,0,0,44
03/04/2019,ACT,TX,ASW,CE,Combined TRACON& Tower with Radar,0,9,44,22,75,0,0,19,0,19,0,9,63,22,94,0,10,10,104
03/05/2019,ACT,TX,ASW,CE,Combined TRACON& Tower with Radar,0,13,53,34,100,0,4,50,1,55,0,17,103,35,155,76,0,76,231
03/06/2019,ACT,TX,ASW,CE,Combined TRACON& Tower with Radar,0,13,41,10,64,0,0,75,1,76,0,13,116,11,140,46,0,46,186
03/07/2019,ACT,TX,ASW,CE,Combined TRACON& Tower with Radar,0,15,50,69,134,0,6,24,2,32,0,21,74,71,166,22,0,22,188
03/08/2019,ACT,TX,ASW,CE,Combined TRACON& Tower with Radar,0,11,54,27,92,0,7,18,1,26,0,18,72,28,118,14,0,14,132
03/09/2019,ACT,TX,ASW,CE,Combined TRACON& Tower with Radar,0,16,19,51,86,0,1,24,5,30,0,17,43,56,116,36,22,58,174
03/10/2019,ACT,TX,ASW,CE,Combined TRACON& Tower with Radar,0,9,18,0,27,0,0,2,0,2,0,9,20,0,29,0,0,0,29
03/11/2019,ACT,TX,ASW,CE,Combined TRACON& Tower with Radar,0,13,36,46,95,0,1,0,0,1,0,14,36,46,96,10,6,16,112
03/12/2019,ACT,TX,ASW,CE,Combined TRACON& Tower with Radar,0,7,5,3,15,0,0,0,0,0,0,7,5,3,15,0,0,0,15
03/13/2019,ACT,TX,ASW,CE,Combined TRACON& Tower with Radar,0,13,20,39,72,0,0,22,0,22,0,13,42,39,94,4,40,44,138
03/14/2019,ACT,TX,ASW,CE,Combined TRACON& Tower with Radar,0,10,44,37,91,2,0,29,3,34,2,10,73,40,125,28,24,52,177
03/15/2019,ACT,TX,ASW,CE,Combined TRACON& Tower with Radar,0,14,35,39,88,0,0,37,0,37,0,14,72,39,125,6,0,6,131
03/16/2019,ACT,TX,ASW,CE,Combined TRACON& Tower with Radar,0,8,39,0,47,0,6,33,0,39,0,14,72,0,86,6,0,6,92
03/17/2019,ACT,TX,ASW,CE,Combined TRACON& Tower with Radar,0,15,41,0,56,0,2,33,4,39,0,17,74,4,95,14,0,14,109
03/18/2019,ACT,TX,ASW,CE,Combined TRACON& Tower with Radar,0,8,44,18,70,0,1,57,0,58,0,9,101,18,128,44,2,46,174
03/19/2019,ACT,TX,ASW,CE,Combined TRACON& Tower with Radar,2,9,38,81,130,0,2,42,4,48,2,11,80,85,178,8,8,16,194
03/20/2019,ACT,TX,ASW,CE,Combined TRACON& Tower with Radar,1,9,56,28,94,0,0,33,6,39,1,9,89,34,133,72,10,82,215
03/21/2019,ACT,TX,ASW,CE,Combined TRACON& Tower with Radar,4,7,45,50,106,0,4,70,3,77,4,11,115,53,183,38,2,40,223
03/22/2019,ACT,TX,ASW,CE,Combined TRACON& Tower with Radar,0,11,71,58,140,0,1,61,1,63,0,12,132,59,203,78,16,94,297
03/23/2019,ACT,TX,ASW,CE,Combined TRACON& Tower with Radar,2,5,23,9,39,0,0,4,2,6,2,5,27,11,45,4,18,22,67
03/24/2019,ACT,TX,ASW,CE,Combined TRACON& Tower with Radar,0,8,38,0,46,0,0,15,0,15,0,8,53,0,61,18,0,18,79
03/25/2019,ACT,TX,ASW,CE,Combined TRACON& Tower with Radar,1,8,46,33,88,0,0,35,3,38,1,8,81,36,126,18,4,22,148
03/26/2019,ACT,TX,ASW,CE,Combined TRACON& Tower with Radar,0,7,41,40,88,0,0,52,6,58,0,7,93,46,146,22,20,42,188
03/27/2019,ACT,TX,ASW,CE,Combined TRACON& Tower with Radar,0,7,38,24,69,0,3,50,6,59,0,10,88,30,128,49,24,73,201
03/28/2019,ACT,TX,ASW,CE,Combined TRACON& Tower with Radar,2,11,49,25,87,0,2,37,2,41,2,13,86,27,128,28,0,28,156
03/29/2019,ACT,TX,ASW,CE,Combined TRACON& Tower with Radar,0,10,41,19,70,0,0,11,0,11,0,10,52,19,81,0,0,0,81
03/30/2019,ACT,TX,ASW,CE,Combined TRACON& Tower with Radar,0,7,24,30,61,0,0,0,6,6,0,7,24,36,67,0,0,0,67
03/31/2019,ACT,TX,ASW,CE,Combined TRACON& Tower with Radar,2,16,24,30,72,0,1,29,4,34,2,17,53,34,106,6,30,36,142
04/01/2019,ACT,TX,ASW,CE,Combined TRACON& Tower with Radar,0,9,32,38,79,0,0,33,2,35,0,9,65,40,114,14,8,22,136
04/02/2019,ACT,TX,ASW,CE,Combined TRACON& Tower with Radar,2,9,56,33,100,0,0,32,0,32,2,9,88,33,132,0,0,0,132
04/03/2019,ACT,TX,ASW,CE,Combined TRACON& Tower with Radar,0,10,58,46,114,0,2,5,0,7,0,12,63,46,121,0,0,0,121
04/04/2019,ACT,TX,ASW,CE,Combined TRACON& Tower with Radar,0,17,35,61,113,0,4,23,0,27,0,21,58,61,140,0,0,0,140
04/05/2019,ACT,TX,ASW,CE,Combined TRACON& Tower with Radar,0,15,51,11,77,0,0,5,0,5,0,15,56,11,82,0,0,0,82
04/06/2019,ACT,TX,ASW,CE,Combined TRACON& Tower with Radar,0,8,2,0,10,0,0,0,0,0,0,8,2,0,10,0,0,0,10
04/07/2019,ACT,TX,ASW,CE,Combined TRACON& Tower with Radar,0,9,10,0,19,0,0,3,1,4,0,9,13,1,23,0,0,0,23
04/08/2019,ACT,TX,ASW,CE,Combined TRACON& Tower with Radar,2,14,49,23,88,0,9,38,1,48,2,23,87,24,136,29,30,59,195
04/09/2019,ACT,TX,ASW,CE,Combined TRACON& Tower with Radar,0,20,48,62,130,0,0,71,0,71,0,20,119,62,201,2,0,2,203
04/10/2019,ACT,TX,ASW,CE,Combined TRACON& Tower with Radar,0,10,34,39,83,0,0,19,2,21,0,10,53,41,104,0,6,6,110
04/11/2019,ACT,TX,ASW,CE,Combined TRACON& Tower with Radar,0,12,49,28,89,0,0,47,0,47,0,12,96,28,136,40,0,40,176
04/12/2019,ACT,TX,ASW,CE,Combined TRACON& Tower with Radar,0,13,35,61,109,0,2,42,5,49,0,15,77,66,158,18,12,30,188
04/13/2019,ACT,TX,ASW,CE,Combined TRACON& Tower with Radar,0,6,12,0,18,0,0,0,0,0,0,6,12,0,18,0,0,0,18
04/14/2019,ACT,TX,ASW,CE,Combined TRACON& Tower with Radar,0,13,43,5,61,0,6,55,1,62,0,19,98,6,123,36,0,36,159
04/15/2019,ACT,TX,ASW,CE,Combined TRACON& Tower with Radar,0,11,33,42,86,0,0,34,0,34,0,11,67,42,120,8,0,8,128
04/16/2019,ACT,TX,ASW,CE,Combined TRACON& Tower with Radar,0,14,73,27,114,0,0,11,0,11,0,14,84,27,125,0,0,0,125
04/17/2019,ACT,TX,ASW,CE,Combined TRACON& Tower with Radar,0,7,45,4,56,0,0,5,1,6,0,7,50,5,62,0,0,0,62
04/18/2019,ACT,TX,ASW,CE,Combined TRACON& Tower with Radar,0,12,63,34,109,0,2,23,1,26,0,14,86,35,135,20,0,20,155
04/19/2019,ACT,TX,ASW,CE,Combined TRACON& Tower with Radar,0,11,51,32,94,0,1,59,0,60,0,12,110,32,154,30,12,42,196
04/20/2019,ACT,TX,ASW,CE,Combined TRACON& Tower with Radar,0,11,41,0,52,0,0,64,0,64,0,11,105,0,116,64,0,64,180
04/21/2019,ACT,TX,ASW,CE,Combined TRACON& Tower with Radar,0,11,16,4,31,0,0,17,0,17,0,11,33,4,48,1,0,1,49
04/22/2019,ACT,TX,ASW,CE,Combined TRACON& Tower with Radar,2,11,75,43,131,0,3,27,1,31,2,14,102,44,162,10,0,10,172
04/23/2019,ACT,TX,ASW,CE,Combined TRACON& Tower with Radar,1,12,41,21,75,0,0,7,0,7,1,12,48,21,82,38,0,38,120
04/24/2019,ACT,TX,ASW,CE,Combined TRACON& Tower with Radar,1,11,9,0,21,0,0,0,0,0,1,11,9,0,21,0,0,0,21
04/25/2019,ACT,TX,ASW,CE,Combined TRACON& Tower with Radar,0,18,45,41,104,0,0,56,1,57,0,18,101,42,161,26,0,26,187
04/26/2019,ACT,TX,ASW,CE,Combined TRACON& Tower with Radar,2,14,48,60,124,0,1,55,3,59,2,15,103,63,183,0,0,0,183
04/27/2019,ACT,TX,ASW,CE,Combined TRACON& Tower with Radar,1,8,33,15,57,0,2,38,0,40,1,10,71,15,97,32,0,32,129
04/28/2019,ACT,TX,ASW,CE,Combined TRACON& Tower with Radar,1,17,49,28,95,0,0,24,1,25,1,17,73,29,120,12,0,12,132
04/29/2019,ACT,TX,ASW,CE,Combined TRACON& Tower with Radar,1,12,86,30,129,0,0,19,0,19,1,12,105,30,148,0,0,0,148
04/30/2019,ACT,TX,ASW,CE,Combined TRACON& Tower with Radar,0,8,28,40,76,0,0,0,0,0,0,8,28,40,76,0,0,0,76
05/01/2019,ACT,TX,ASW,CE,Combined TRACON& Tower with Radar,2,14,44,24,84,0,0,2,0,2,2,14,46,24,86,0,0,0,86
05/02/2019,ACT,TX,ASW,CE,Combined TRACON& Tower with Radar,3,11,13,1,28,0,0,2,0,2,3,11,15,1,30,0,0,0,30
05/03/2019,ACT,TX,ASW,CE,Combined TRACON& Tower with Radar,0,11,26,19,56,0,0,3,0,3,0,11,29,19,59,0,0,0,59
05/04/2019,ACT,TX,ASW,CE,Combined TRACON& Tower with Radar,0,11,48,7,66,0,0,25,0,25,0,11,73,7,91,46,0,46,137
05/05/2019,ACT,TX,ASW,CE,Combined TRACON& Tower with Radar,0,12,33,6,51,0,4,42,0,46,0,16,75,6,97,22,0,22,119
05/06/2019,ACT,TX,ASW,CE,Combined TRACON& Tower with Radar,0,11,31,20,62,0,4,29,1,34,0,15,60,21,96,30,0,30,126
05/07/2019,ACT,TX,ASW,CE,Combined TRACON& Tower with Radar,0,12,29,30,71,0,0,12,0,12,0,12,41,30,83,10,0,10,93
05/08/2019,ACT,TX,ASW,CE,Combined TRACON& Tower with Radar,0,8,17,1,26,0,0,0,0,0,0,8,17,1,26,0,0,0,26
05/09/2019,ACT,TX,ASW,CE,Combined TRACON& Tower with Radar,0,12,69,31,112,0,2,21,0,23,0,14,90,31,135,8,0,8,143
05/10/2019,ACT,TX,ASW,CE,Combined TRACON& Tower with Radar,0,11,40,28,79,0,0,2,3,5,0,11,42,31,84,8,20,28,112
05/11/2019,ACT,TX,ASW,CE,Combined TRACON& Tower with Radar,0,15,11,0,26,0,0,2,0,2,0,15,13,0,28,4,0,4,32
05/12/2019,ACT,TX,ASW,CE,Combined TRACON& Tower with Radar,0,11,24,18,53,0,0,26,2,28,0,11,50,20,81,56,4,60,141
05/13/2019,ACT,TX,ASW,CE,Combined TRACON& Tower with Radar,0,14,42,26,82,0,0,52,5,57,0,14,94,31,139,54,24,78,217
05/14/2019,ACT,TX,ASW,CE,Combined TRACON& Tower with Radar,0,11,50,15,76,0,0,40,3,43,0,11,90,18,119,22,18,40,159
05/15/2019,ACT,TX,ASW,CE,Combined TRACON& Tower with Radar,0,17,30,30,77,0,0,12,2,14,0,17,42,32,91,0,0,0,91
05/16/2019,ACT,TX,ASW,CE,Combined TRACON& Tower with Radar,1,14,45,20,80,0,5,47,2,54,1,19,92,22,134,22,4,26,160
05/17/2019,ACT,TX,ASW,CE,Combined TRACON& Tower with Radar,0,18,91,19,128,0,0,36,0,36,0,18,127,19,164,34,0,34,198
05/18/2019,ACT,TX,ASW,CE,Combined TRACON& Tower with Radar,0,8,7,0,15,0,0,0,0,0,0,8,7,0,15,0,0,0,15
05/19/2019,ACT,TX,ASW,CE,Combined TRACON& Tower with Radar,0,16,27,6,49,0,0,23,3,26,0,16,50,9,75,0,0,0,75
05/20/2019,ACT,TX,ASW,CE,Combined TRACON& Tower with Radar,2,17,22,21,62,0,0,3,8,11,2,17,25,29,73,2,0,2,75
05/21/2019,ACT,TX,ASW,CE,Combined TRACON& Tower with Radar,0,7,30,14,51,0,2,38,0,40,0,9,68,14,91,66,0,66,157
05/22/2019,ACT,TX,ASW,CE,Combined TRACON& Tower with Radar,2,13,48,11,74,0,2,5,0,7,2,15,53,11,81,0,0,0,81
05/23/2019,ACT,TX,ASW,CE,Combined TRACON& Tower with Radar,2,14,44,16,76,0,0,4,1,5,2,14,48,17,81,0,0,0,81
05/24/2019,ACT,TX,ASW,CE,Combined TRACON& Tower with Radar,0,11,61,6,78,0,0,20,0,20,0,11,81,6,98,22,0,22,120
05/25/2019,ACT,TX,ASW,CE,Combined TRACON& Tower with Radar,2,10,26,0,38,0,0,21,0,21,2,10,47,0,59,12,0,12,71
05/26/2019,ACT,TX,ASW,CE,Combined TRACON& Tower with Radar,1,10,13,0,24,0,0,24,0,24,1,10,37,0,48,12,0,12,60
05/27/2019,ACT,TX,ASW,CE,Combined TRACON& Tower with Radar,0,11,21,0,32,0,0,40,0,40,0,11,61,0,72,8,0,8,80
05/28/2019,ACT,TX,ASW,CE,Combined TRACON& Tower with Radar,0,13,30,34,77,0,0,16,0,16,0,13,46,34,93,34,0,34,127
05/29/2019,ACT,TX,ASW,CE,Combined TRACON& Tower with Radar,2,11,36,21,70,0,0,8,0,8,2,11,44,21,78,14,2,16,94
05/30/2019,ACT,TX,ASW,CE,Combined TRACON& Tower with Radar,0,15,56,4,75,0,2,35,0,37,0,17,91,4,112,10,0,10,122
05/31/2019,ACT,TX,ASW,CE,Combined TRACON& Tower with Radar,0,9,14,0,23,0,1,19,0,20,0,10,33,0,43,0,0,0,43
06/01/2019,ACT,TX,ASW,CE,Combined TRACON& Tower with Radar,2,8,21,25,56,0,0,20,1,21,2,8,41,26,77,0,0,0,77
06/02/2019,ACT,TX,ASW,CE,Combined TRACON& Tower with Radar,0,13,15,0,28,0,1,14,2,17,0,14,29,2,45,0,0,0,45
06/03/2019,ACT,TX,ASW,CE,Combined TRACON& Tower with Radar,0,11,28,46,85,0,4,42,4,50,0,15,70,50,135,18,4,22,157
06/04/2019,ACT,TX,ASW,CE,Combined TRACON& Tower with Radar,0,15,48,6,69,0,0,25,1,26,0,15,73,7,95,16,0,16,111
06/05/2019,ACT,TX,ASW,CE,Combined TRACON& Tower with Radar,0,10,26,2,38,0,0,3,0,3,0,10,29,2,41,0,0,0,41
06/06/2019,ACT,TX,ASW,CE,Combined TRACON& Tower with Radar,0,12,63,6,81,0,4,33,0,37,0,16,96,6,118,0,0,0,118
06/07/2019,ACT,TX,ASW,CE,Combined TRACON& Tower with Radar,1,14,67,64,146,0,2,22,5,29,1,16,89,69,175,0,0,0,175
06/08/2019,ACT,TX,ASW,CE,Combined TRACON& Tower with Radar,0,12,27,14,53,0,0,59,2,61,0,12,86,16,114,24,14,38,152
06/09/2019,ACT,TX,ASW,CE,Combined TRACON& Tower with Radar,4,12,19,8,43,0,1,30,0,31,4,13,49,8,74,16,0,16,90
06/10/2019,ACT,TX,ASW,CE,Combined TRACON& Tower with Radar,0,11,29,7,47,0,5,22,0,27,0,16,51,7,74,0,22,22,96
06/11/2019,ACT,TX,ASW,CE,Combined TRACON& Tower with Radar,0,11,48,11,70,0,0,52,0,52,0,11,100,11,122,68,8,76,198
06/12/2019,ACT,TX,ASW,CE,Combined TRACON& Tower with Radar,0,11,44,12,67,0,0,34,1,35,0,11,78,13,102,0,0,0,102
06/13/2019,ACT,TX,ASW,CE,Combined TRACON& Tower with Radar,0,11,61,13,85,0,0,55,2,57,0,11,116,15,142,46,0,46,188
06/14/2019,ACT,TX,ASW,CE,Combined TRACON& Tower with Radar,0,12,44,48,104,0,0,31,3,34,0,12,75,51,138,50,2,52,190
06/15/2019,ACT,TX,ASW,CE,Combined TRACON& Tower with Radar,0,13,20,26,59,0,0,26,0,26,0,13,46,26,85,6,0,6,91
06/16/2019,ACT,TX,ASW,CE,Combined TRACON& Tower with Radar,0,5,26,16,47,0,0,4,0,4,0,5,30,16,51,0,0,0,51
06/17/2019,ACT,TX,ASW,CE,Combined TRACON& Tower with Radar,0,11,53,26,90,0,0,24,0,24,0,11,77,26,114,12,6,18,132
06/18/2019,ACT,TX,ASW,CE,Combined TRACON& Tower with Radar,0,13,29,24,66,0,0,29,0,29,0,13,58,24,95,38,0,38,133
06/19/2019,ACT,TX,ASW,CE,Combined TRACON& Tower with Radar,0,11,40,6,57,0,0,18,0,18,0,11,58,6,75,0,0,0,75
06/20/2019,ACT,TX,ASW,CE,Combined TRACON& Tower with Radar,0,14,51,32,97,0,4,51,3,58,0,18,102,35,155,44,0,44,199
06/21/2019,ACT,TX,ASW,CE,Combined TRACON& Tower with Radar,0,12,54,23,89,0,0,20,0,20,0,12,74,23,109,18,10,28,137
06/22/2019,ACT,TX,ASW,CE,Combined TRACON& Tower with Radar,0,12,19,28,59,0,0,17,8,25,0,12,36,36,84,0,0,0,84
06/23/2019,ACT,TX,ASW,CE,Combined TRACON& Tower with Radar,1,11,24,2,38,0,0,10,0,10,1,11,34,2,48,0,0,0,48
06/24/2019,ACT,TX,ASW,CE,Combined TRACON& Tower with Radar,1,11,17,2,31,0,0,5,0,5,1,11,22,2,36,0,0,0,36
06/25/2019,ACT,TX,ASW,CE,Combined TRACON& Tower with Radar,0,13,44,12,69,0,0,26,3,29,0,13,70,15,98,12,0,12,110
06/26/2019,ACT,TX,ASW,CE,Combined TRACON& Tower with Radar,0,11,35,4,50,0,0,27,1,28,0,11,62,5,78,62,0,62,140
06/27/2019,ACT,TX,ASW,CE,Combined TRACON& Tower with Radar,0,11,78,25,114,0,0,27,1,28,0,11,105,26,142,26,6,32,174
06/28/2019,ACT,TX,ASW,CE,Combined TRACON& Tower with Radar,0,15,43,46,104,0,0,46,1,47,0,15,89,47,151,32,4,36,187
06/29/2019,ACT,TX,ASW,CE,Combined TRACON& Tower with Radar,2,8,29,21,60,0,1,47,0,48,2,9,76,21,108,18,6,24,132
06/30/2019,ACT,TX,ASW,CE,Combined TRACON& Tower with Radar,0,11,10,2,23,0,0,13,0,13,0,11,23,2,36,4,0,4,40
07/01/2019,ACT,TX,ASW,CE,Combined TRACON& Tower with Radar,0,10,28,6,44,0,0,46,0,46,0,10,74,6,90,48,0,48,138
07/02/2019,ACT,TX,ASW,CE,Combined TRACON& Tower with Radar,2,10,65,20,97,0,0,51,1,52,2,10,116,21,149,8,0,8,157
07/03/2019,ACT,TX,ASW,CE,Combined TRACON& Tower with Radar,0,9,36,22,67,0,0,7,0,7,0,9,43,22,74,0,0,0,74
07/04/2019,ACT,TX,ASW,CE,Combined TRACON& Tower with Radar,0,8,13,0,21,0,3,14,0,17,0,11,27,0,38,38,0,38,76
07/05/2019,ACT,TX,ASW,CE,Combined TRACON& Tower with Radar,0,8,38,0,46,0,0,20,0,20,0,8,58,0,66,8,0,8,74
07/06/2019,ACT,TX,ASW,CE,Combined TRACON& Tower with Radar,0,10,12,0,22,0,0,43,0,43,0,10,55,0,65,50,0,50,115
07/07/2019,ACT,TX,ASW,CE,Combined TRACON& Tower with Radar,0,11,20,0,31,0,3,45,0,48,0,14,65,0,79,80,0,80,159
07/08/2019,ACT,TX,ASW,CE,Combined TRACON& Tower with Radar,0,10,24,26,60,0,0,33,0,33,0,10,57,26,93,4,4,8,101
07/09/2019,ACT,TX,ASW,CE,Combined TRACON& Tower with Radar,0,13,48,31,92,0,2,39,1,42,0,15,87,32,134,0,0,0,134
07/10/2019,ACT,TX,ASW,CE,Combined TRACON& Tower with Radar,4,9,54,55,122,0,2,30,1,33,4,11,84,56,155,0,0,0,155
07/11/2019,ACT,TX,ASW,CE,Combined TRACON& Tower with Radar,0,9,48,33,90,0,5,51,9,65,0,14,99,42,155,46,24,70,225
07/12/2019,ACT,TX,ASW,CE,Combined TRACON& Tower with Radar,0,12,39,39,90,0,2,76,0,78,0,14,115,39,168,62,0,62,230
07/13/2019,ACT,TX,ASW,CE,Combined TRACON& Tower with Radar,3,13,26,12,54,0,0,44,7,51,3,13,70,19,105,24,0,24,129
07/14/2019,ACT,TX,ASW,CE,Combined TRACON& Tower with Radar,2,10,21,14,47,0,0,28,0,28,2,10,49,14,75,58,0,58,133
07/15/2019,ACT,TX,ASW,CE,Combined TRACON& Tower with Radar,0,11,35,55,101,0,1,39,3,43,0,12,74,58,144,54,0,54,198
07/16/2019,ACT,TX,ASW,CE,Combined TRACON& Tower with Radar,0,15,52,37,104,0,2,29,3,34,0,17,81,40,138,38,0,38,176
07/17/2019,ACT,TX,ASW,CE,Combined TRACON& Tower with Radar,0,13,66,24,103,0,0,39,3,42,0,13,105,27,145,28,0,28,173
07/18/2019,ACT,TX,ASW,CE,Combined TRACON& Tower with Radar,0,11,59,18,88,0,5,35,0,40,0,16,94,18,128,6,2,8,136
07/19/2019,ACT,TX,ASW,CE,Combined TRACON& Tower with Radar,0,15,39,16,70,0,3,39,0,42,0,18,78,16,112,30,0,30,142
07/20/2019,ACT,TX,ASW,CE,Combined TRACON& Tower with Radar,0,12,21,32,65,0,0,34,0,34,0,12,55,32,99,10,16,26,125
07/21/2019,ACT,TX,ASW,CE,Combined TRACON& Tower with Radar,0,11,8,10,29,0,0,39,0,39,0,11,47,10,68,22,0,22,90
07/22/2019,ACT,TX,ASW,CE,Combined TRACON& Tower with Radar,0,16,26,8,50,0,4,43,0,47,0,20,69,8,97,80,8,88,185
07/23/2019,ACT,TX,ASW,CE,Combined TRACON& Tower with Radar,0,11,46,31,88,0,4,66,1,71,0,15,112,32,159,98,8,106,265
07/24/2019,ACT,TX,ASW,CE,Combined TRACON& Tower with Radar,0,12,50,32,94,0,4,50,0,54,0,16,100,32,148,38,0,38,186
07/25/2019,ACT,TX,ASW,CE,Combined TRACON& Tower with Radar,0,22,59,16,97,0,6,42,1,49,0,28,101,17,146,0,0,0,146
07/26/2019,ACT,TX,ASW,CE,Combined TRACON& Tower with Radar,0,11,49,42,102,0,1,53,2,56,0,12,102,44,158,48,8,56,214
07/27/2019,ACT,TX,ASW,CE,Combined TRACON& Tower with Radar,0,12,21,32,65,0,0,49,7,56,0,12,70,39,121,52,26,78,199
07/28/2019,ACT,TX,ASW,CE,Combined TRACON& Tower with Radar,0,11,28,13,52,0,0,13,0,13,0,11,41,13,65,16,0,16,81
07/29/2019,ACT,TX,ASW,CE,Combined TRACON& Tower with Radar,0,10,35,23,68,0,2,54,1,57,0,12,89,24,125,76,0,76,201
07/30/2019,ACT,TX,ASW,CE,Combined TRACON& Tower with Radar,0,13,47,8,68,0,3,41,3,47,0,16,88,11,115,8,0,8,123
07/31/2019,ACT,TX,ASW,CE,Combined TRACON& Tower with Radar,0,15,39,39,93,0,2,31,1,34,0,17,70,40,127,0,0,0,127
08/01/2019,ACT,TX,ASW,CE,Combined TRACON& Tower with Radar,0,14,50,11,75,0,0,47,3,50,0,14,97,14,125,48,0,48,173
08/02/2019,ACT,TX,ASW,CE,Combined TRACON& Tower with Radar,0,11,27,14,52,0,2,73,0,75,0,13,100,14,127,34,0,34,161
08/03/2019,ACT,TX,ASW,CE,Combined TRACON& Tower with Radar,0,11,20,2,33,0,0,23,0,23,0,11,43,2,56,28,0,28,84
08/04/2019,ACT,TX,ASW,CE,Combined TRACON& Tower with Radar,0,15,23,2,40,0,0,21,0,21,0,15,44,2,61,14,0,14,75
08/05/2019,ACT,TX,ASW,CE,Combined TRACON& Tower with Radar,0,11,53,41,105,0,0,28,4,32,0,11,81,45,137,26,4,30,167
08/06/2019,ACT,TX,ASW,CE,Combined TRACON& Tower with Radar,0,15,55,54,124,0,0,50,3,53,0,15,105,57,177,40,8,48,225
08/07/2019,ACT,TX,ASW,CE,Combined TRACON& Tower with Radar,0,11,69,23,103,0,1,32,0,33,0,12,101,23,136,0,0,0,136
08/08/2019,ACT,TX,ASW,CE,Combined TRACON& Tower with Radar,0,13,53,20,86,0,2,34,0,36,0,15,87,20,122,0,0,0,122
08/09/2019,ACT,TX,ASW,CE,Combined TRACON& Tower with Radar,0,13,50,31,94,0,4,55,0,59,0,17,105,31,153,26,26,52,205
08/10/2019,ACT,TX,ASW,CE,Combined TRACON& Tower with Radar,0,15,20,4,39,0,0,27,0,27,0,15,47,4,66,16,0,16,82
08/11/2019,ACT,TX,ASW,CE,Combined TRACON& Tower with Radar,0,11,15,0,26,0,0,17,0,17,0,11,32,0,43,12,0,12,55
08/12/2019,ACT,TX,ASW,CE,Combined TRACON& Tower with Radar,0,12,35,31,78,0,2,65,3,70,0,14,100,34,148,42,26,68,216
08/13/2019,ACT,TX,ASW,CE,Combined TRACON& Tower with Radar,0,12,62,61,135,0,4,44,5,53,0,16,106,66,188,76,48,124,312
08/14/2019,ACT,TX,ASW,CE,Combined TRACON& Tower with Radar,2,22,38,21,83,0,2,32,1,35,2,24,70,22,118,32,6,38,156
08/15/2019,ACT,TX,ASW,CE,Combined TRACON& Tower with Radar,0,11,80,47,138,0,6,71,2,79,0,17,151,49,217,146,6,152,369
08/16/2019,ACT,TX,ASW,CE,Combined TRACON& Tower with Radar,6,10,28,26,70,0,4,66,1,71,6,14,94,27,141,59,0,59,200
08/17/2019,ACT,TX,ASW,CE,Combined TRACON& Tower with Radar,0,13,13,20,46,0,0,25,3,28,0,13,38,23,74,20,0,20,94
08/18/2019,ACT,TX,ASW,CE,Combined TRACON& Tower with Radar,2,11,20,10,43,0,1,23,4,28,2,12,43,14,71,8,22,30,101
08/19/2019,ACT,TX,ASW,CE,Combined TRACON& Tower with Radar,0,11,39,21,71,0,1,34,5,40,0,12,73,26,111,74,0,74,185
08/20/2019,ACT,TX,ASW,CE,Combined TRACON& Tower with Radar,0,9,72,31,112,0,2,49,3,54,0,11,121,34,166,42,0,42,208
08/21/2019,ACT,TX,ASW,CE,Combined TRACON& Tower with Radar,0,9,62,46,117,0,2,39,1,42,0,11,101,47,159,62,0,62,221
08/22/2019,ACT,TX,ASW,CE,Combined TRACON& Tower with Radar,3,11,87,33,134,0,4,75,4,83,3,15,162,37,217,24,14,38,255
08/23/2019,ACT,TX,ASW,CE,Combined TRACON& Tower with Radar,0,13,45,70,128,0,0,20,5,25,0,13,65,75,153,0,0,0,153
08/24/2019,ACT,TX,ASW,CE,Combined TRACON& Tower with Radar,0,7,13,2,22,0,0,29,0,29,0,7,42,2,51,18,4,22,73
08/25/2019,ACT,TX,ASW,CE,Combined TRACON& Tower with Radar,0,10,13,0,23,0,2,14,0,16,0,12,27,0,39,16,0,16,55
08/26/2019,ACT,TX,ASW,CE,Combined TRACON& Tower with Radar,0,13,37,26,76,0,3,30,3,36,0,16,67,29,112,0,0,0,112
08/27/2019,ACT,TX,ASW,CE,Combined TRACON& Tower with Radar,0,9,24,5,38,0,4,22,1,27,0,13,46,6,65,54,0,54,119
08/28/2019,ACT,TX,ASW,CE,Combined TRACON& Tower with Radar,0,9,39,26,74,0,5,50,2,57,0,14,89,28,131,46,14,60,191
08/29/2019,ACT,TX,ASW,CE,Combined TRACON& Tower with Radar,0,15,50,8,73,0,6,77,0,83,0,21,127,8,156,114,0,114,270
08/30/2019,ACT,TX,ASW,CE,Combined TRACON& Tower with Radar,0,18,49,0,67,0,4,69,0,73,0,22,118,0,140,72,0,72,212
08/31/2019,ACT,TX,ASW,CE,Combined TRACON& Tower with Radar,0,10,17,14,41,0,4,37,0,41,0,14,54,14,82,68,0,68,150
09/01/2019,ACT,TX,ASW,CE,Combined TRACON& Tower with Radar,0,8,8,0,16,0,0,26,0,26,0,8,34,0,42,0,0,0,42
09/02/2019,ACT,TX,ASW,CE,Combined TRACON& Tower with Radar,0,12,23,0,35,1,9,27,0,37,1,21,50,0,72,22,0,22,94
09/03/2019,ACT,TX,ASW,CE,Combined TRACON& Tower with Radar,0,9,19,15,43,0,2,74,2,78,0,11,93,17,121,104,0,104,225
09/04/2019,ACT,TX,ASW,CE,Combined TRACON& Tower with Radar,0,11,25,40,76,0,3,82,5,90,0,14,107,45,166,64,20,84,250
09/05/2019,ACT,TX,ASW,CE,Combined TRACON& Tower with Radar,0,9,41,35,85,0,6,96,2,104,0,15,137,37,189,56,2,58,247
09/06/2019,ACT,TX,ASW,CE,Combined TRACON& Tower with Radar,0,11,46,69,126,0,6,72,1,79,0,17,118,70,205,96,2,98,303
09/07/2019,ACT,TX,ASW,CE,Combined TRACON& Tower with Radar,0,14,33,32,79,0,1,53,6,60,0,15,86,38,139,36,0,36,175
09/08/2019,ACT,TX,ASW,CE,Combined TRACON& Tower with Radar,0,10,22,8,40,0,0,45,2,47,0,10,67,10,87,14,0,14,101
09/09/2019,ACT,TX,ASW,CE,Combined TRACON& Tower with Radar,0,12,51,65,128,0,5,53,6,64,0,17,104,71,192,96,16,112,304
09/10/2019,ACT,TX,ASW,CE,Combined TRACON& Tower with Radar,0,11,44,22,77,0,2,42,0,44,0,13,86,22,121,62,0,62,183
09/11/2019,ACT,TX,ASW,CE,Combined TRACON& Tower with Radar,0,13,33,18,64,0,2,30,1,33,0,15,63,19,97,82,0,82,179
09/12/2019,ACT,TX,ASW,CE,Combined TRACON& Tower with Radar,0,9,56,45,110,0,0,68,1,69,0,9,124,46,179,113,0,113,292
09/13/2019,ACT,TX,ASW,CE,Combined TRACON& Tower with Radar,2,16,58,39,115,0,0,96,1,97,2,16,154,40,212,116,0,116,328
09/14/2019,ACT,TX,ASW,CE,Combined TRACON& Tower with Radar,0,7,30,24,61,0,0,57,3,60,0,7,87,27,121,58,2,60,181
09/15/2019,ACT,TX,ASW,CE,Combined TRACON& Tower with Radar,0,11,34,50,95,0,0,37,1,38,0,11,71,51,133,30,2,32,165
09/16/2019,ACT,TX,ASW,CE,Combined TRACON& Tower with Radar,2,11,45,51,109,0,2,99,6,107,2,13,144,57,216,86,0,86,302
09/17/2019,ACT,TX,ASW,CE,Combined TRACON& Tower with Radar,0,19,69,161,249,0,7,99,3,109,0,26,168,164,358,70,12,82,440
09/18/2019,ACT,TX,ASW,CE,Combined TRACON& Tower with Radar,0,10,88,41,139,1,2,36,0,39,1,12,124,41,178,78,0,78,256
09/19/2019,ACT,TX,ASW,CE,Combined TRACON& Tower with Radar,0,9,74,13,96,0,0,48,0,48,0,9,122,13,144,82,0,82,226
09/20/2019,ACT,TX,ASW,CE,Combined TRACON& Tower with Radar,0,7,97,50,154,0,0,34,1,35,0,7,131,51,189,24,2,26,215
09/21/2019,ACT,TX,ASW,CE,Combined TRACON& Tower with Radar,0,8,24,9,41,0,0,18,0,18,0,8,42,9,59,12,10,22,81
09/22/2019,ACT,TX,ASW,CE,Combined TRACON& Tower with Radar,2,11,31,14,58,0,0,24,2,26,2,11,55,16,84,30,0,30,114
09/23/2019,ACT,TX,ASW,CE,Combined TRACON& Tower with Radar,2,12,47,32,93,0,2,68,4,74,2,14,115,36,167,98,2,100,267
09/24/2019,ACT,TX,ASW,CE,Combined TRACON& Tower with Radar,0,11,63,75,149,0,2,49,1,52,0,13,112,76,201,85,0,85,286
09/25/2019,ACT,TX,ASW,CE,Combined TRACON& Tower with Radar,0,11,57,38,106,0,0,78,6,84,0,11,135,44,190,48,8,56,246
09/26/2019,ACT,TX,ASW,CE,Combined TRACON& Tower with Radar,2,15,67,34,118,0,2,76,1,79,2,17,143,35,197,80,0,80,277
09/27/2019,ACT,TX,ASW,CE,Combined TRACON& Tower with Radar,1,14,45,47,107,0,0,49,0,49,1,14,94,47,156,118,0,118,274
09/28/2019,ACT,TX,ASW,CE,Combined TRACON& Tower with Radar,1,9,43,18,71,0,4,29,0,33,1,13,72,18,104,26,2,28,132
09/29/2019,ACT,TX,ASW,CE,Combined TRACON& Tower with Radar,0,16,24,17,57,0,0,26,0,26,0,16,50,17,83,16,0,16,99
09/30/2019,ACT,TX,ASW,CE,Combined TRACON& Tower with Radar,0,14,57,20,91,0,0,25,1,26,0,14,82,21,117,44,2,46,163
10/01/2019,ACT,TX,ASW,CE,Combined TRACON& Tower with Radar,0,11,46,32,89,0,5,56,2,63,0,16,102,34,152,64,0,64,216
10/02/2019,ACT,TX,ASW,CE,Combined TRACON& Tower with Radar,0,14,45,13,72,0,4,47,0,51,0,18,92,13,123,82,0,82,205
10/03/2019,ACT,TX,ASW,CE,Combined TRACON& Tower with Radar,0,16,46,41,103,0,0,86,1,87,0,16,132,42,190,88,0,88,278
10/04/2019,ACT,TX,ASW,CE,Combined TRACON& Tower with Radar,2,21,46,40,109,0,4,66,3,73,2,25,112,43,182,118,10,128,310
10/05/2019,ACT,TX,ASW,CE,Combined TRACON& Tower with Radar,2,15,28,52,97,0,0,44,3,47,2,15,72,55,144,68,0,68,212
10/06/2019,ACT,TX,ASW,CE,Combined TRACON& Tower with Radar,2,9,21,5,37,0,0,32,1,33,2,9,53,6,70,44,0,44,114
10/07/2019,ACT,TX,ASW,CE,Combined TRACON& Tower with Radar,0,11,42,30,83,0,0,36,0,36,0,11,78,30,119,90,0,90,209
10/08/2019,ACT,TX,ASW,CE,Combined TRACON& Tower with Radar,0,9,52,13,74,0,2,78,1,81,0,11,130,14,155,138,0,138,293
10/09/2019,ACT,TX,ASW,CE,Combined TRACON& Tower with Radar,0,9,75,18,102,0,1,43,1,45,0,10,118,19,147,60,0,60,207
10/10/2019,ACT,TX,ASW,CE,Combined TRACON& Tower with Radar,1,17,69,27,114,0,0,40,0,40,1,17,109,27,154,40,0,40,194
10/11/2019,ACT,TX,ASW,CE,Combined TRACON& Tower with Radar,4,9,35,0,48,0,2,27,0,29,4,11,62,0,77,44,0,44,121
10/12/2019,ACT,TX,ASW,CE,Combined TRACON& Tower with Radar,2,10,56,8,76,0,0,53,0,53,2,10,109,8,129,60,0,60,189
10/13/2019,ACT,TX,ASW,CE,Combined TRACON& Tower with Radar,0,14,40,7,61,0,0,50,1,51,0,14,90,8,112,0,8,8,120
10/14/2019,ACT,TX,ASW,CE,Combined TRACON& Tower with Radar,0,13,56,3,72,0,0,18,1,19,0,13,74,4,91,74,0,74,165
10/15/2019,ACT,TX,ASW,CE,Combined TRACON& Tower with Radar,0,11,34,14,59,0,0,27,0,27,0,11,61,14,86,2,0,2,88
10/16/2019,ACT,TX,ASW,CE,Combined TRACON& Tower with Radar,0,9,76,19,104,0,3,59,0,62,0,12,135,19,166,86,0,86,252
10/17/2019,ACT,TX,ASW,CE,Combined TRACON& Tower with Radar,0,9,31,44,84,0,0,77,5,82,0,9,108,49,166,136,8,144,310
10/18/2019,ACT,TX,ASW,CE,Combined TRACON& Tower with Radar,2,11,61,27,101,0,3,59,0,62,2,14,120,27,163,110,12,122,285
10/19/2019,ACT,TX,ASW,CE,Combined TRACON& Tower with Radar,2,11,40,42,95,0,0,51,10,61,2,11,91,52,156,16,18,34,190
10/20/2019,ACT,TX,ASW,CE,Combined TRACON& Tower with Radar,4,11,62,28,105,0,0,25,0,25,4,11,87,28,130,30,12,42,172
10/21/2019,ACT,TX,ASW,CE,Combined TRACON& Tower with Radar,0,9,30,2,41,0,0,58,2,60,0,9,88,4,101,66,0,66,167
10/22/2019,ACT,TX,ASW,CE,Combined TRACON& Tower with Radar,0,11,53,44,108,0,3,65,3,71,0,14,118,47,179,50,24,74,253
10/23/2019,ACT,TX,ASW,CE,Combined TRACON& Tower with Radar,0,16,72,30,118,0,3,81,6,90,0,19,153,36,208,42,2,44,252
10/24/2019,ACT,TX,ASW,CE,Combined TRACON& Tower with Radar,2,14,64,26,106,0,0,18,0,18,2,14,82,26,124,12,0,12,136
10/25/2019,ACT,TX,ASW,CE,Combined TRACON& Tower with Radar,0,14,64,23,101,0,0,4,0,4,0,14,68,23,105,8,0,8,113
10/26/2019,ACT,TX,ASW,CE,Combined TRACON& Tower with Radar,0,9,49,24,82,0,0,82,5,87,0,9,131,29,169,18,8,26,195
10/27/2019,ACT,TX,ASW,CE,Combined TRACON& Tower with Radar,0,12,35,0,47,0,0,68,0,68,0,12,103,0,115,62,0,62,177
10/28/2019,ACT,TX,ASW,CE,Combined TRACON& Tower with Radar,2,9,34,18,63,0,0,0,0,0,2,9,34,18,63,0,0,0,63
10/29/2019,ACT,TX,ASW,CE,Combined TRACON& Tower with Radar,0,11,21,1,33,0,0,0,0,0,0,11,21,1,33,0,0,0,33
10/30/2019,ACT,TX,ASW,CE,Combined TRACON& Tower with Radar,0,15,27,0,42,0,0,0,0,0,0,15,27,0,42,4,0,4,46
10/31/2019,ACT,TX,ASW,CE,Combined TRACON& Tower with Radar,1,13,95,54,163,0,4,78,5,87,1,17,173,59,250,66,4,70,320
11/01/2019,ACT,TX,ASW,CE,Combined TRACON& Tower with Radar,1,11,87,99,198,0,0,103,10,113,1,11,190,109,311,54,32,86,397
11/02/2019,ACT,TX,ASW,CE,Combined TRACON& Tower with Radar,0,10,24,17,51,0,1,65,1,67,0,11,89,18,118,78,2,80,198
11/03/2019,ACT,TX,ASW,CE,Combined TRACON& Tower with Radar,3,13,20,9,45,0,3,32,0,35,3,16,52,9,80,46,4,50,130
11/04/2019,ACT,TX,ASW,CE,Combined TRACON& Tower with Radar,3,12,89,42,146,0,3,85,3,91,3,15,174,45,237,45,0,45,282
11/05/2019,ACT,TX,ASW,CE,Combined TRACON& Tower with Radar,2,11,41,17,71,0,0,24,1,25,2,11,65,18,96,30,0,30,126
11/06/2019,ACT,TX,ASW,CE,Combined TRACON& Tower with Radar,5,9,90,35,139,0,2,42,0,44,5,11,132,35,183,48,8,56,239
11/07/2019,ACT,TX,ASW,CE,Combined TRACON& Tower with Radar,3,8,18,10,39,0,0,2,0,2,3,8,20,10,41,12,0,12,53
11/08/2019,ACT,TX,ASW,CE,Combined TRACON& Tower with Radar,3,11,85,8,107,0,0,9,0,9,3,11,94,8,116,0,0,0,116
11/09/2019,ACT,TX,ASW,CE,Combined TRACON& Tower with Radar,3,14,50,0,67,0,3,86,0,89,3,17,136,0,156,66,0,66,222
11/10/2019,ACT,TX,ASW,CE,Combined TRACON& Tower with Radar,6,13,36,1,56,0,0,35,2,37,6,13,71,3,93,30,2,32,125
11/11/2019,ACT,TX,ASW,CE,Combined TRACON& Tower with Radar,3,6,31,0,40,0,0,1,0,1,3,6,32,0,41,12,0,12,53
11/12/2019,ACT,TX,ASW,CE,Combined TRACON& Tower with Radar,3,9,49,10,71,0,0,53,0,53,3,9,102,10,124,0,0,0,124
11/13/2019,ACT,TX,ASW,CE,Combined TRACON& Tower with Radar,2,10,69,33,114,0,6,35,3,44,2,16,104,36,158,0,2,2,160
11/14/2019,ACT,TX,ASW,CE,Combined TRACON& Tower with Radar,3,7,61,3,74,0,0,48,0,48,3,7,109,3,122,40,0,40,162
11/15/2019,ACT,TX,ASW,CE,Combined TRACON& Tower with Radar,5,7,77,24,113,0,1,111,2,114,5,8,188,26,227,62,12,74,301
11/16/2019,ACT,TX,ASW,CE,Combined TRACON& Tower with Radar,4,16,81,1,102,0,0,81,1,82,4,16,162,2,184,50,0,50,234
11/17/2019,ACT,TX,ASW,CE,Combined TRACON& Tower with Radar,3,9,37,7,56,0,1,44,2,47,3,10,81,9,103,16,0,16,119
11/18/2019,ACT,TX,ASW,CE,Combined TRACON& Tower with Radar,3,8,76,47,134,0,0,74,7,81,3,8,150,54,215,96,0,96,311
11/19/2019,ACT,TX,ASW,CE,Combined TRACON& Tower with Radar,5,9,83,56,153,0,1,115,1,117,5,10,198,57,270,86,0,86,356
11/20/2019,ACT,TX,ASW,CE,Combined TRACON& Tower with Radar,3,6,42,31,82,0,0,18,1,19,3,6,60,32,101,4,0,4,105
11/21/2019,ACT,TX,ASW,CE,Combined TRACON& Tower with Radar,0,14,91,40,145,0,0,14,2,16,0,14,105,42,161,78,0,78,239
11/22/2019,ACT,TX,ASW,CE,Combined TRACON& Tower with Radar,0,14,61,40,115,0,0,5,0,5,0,14,66,40,120,30,0,30,150
11/23/2019,ACT,TX,ASW,CE,Combined TRACON& Tower with Radar,0,19,54,14,87,0,0,96,4,100,0,19,150,18,187,30,4,34,221
11/24/2019,ACT,TX,ASW,CE,Combined TRACON& Tower with Radar,0,14,40,0,54,0,0,58,4,62,0,14,98,4,116,106,0,106,222
11/25/2019,ACT,TX,ASW,CE,Combined TRACON& Tower with Radar,0,20,60,15,95,0,0,98,3,101,0,20,158,18,196,72,0,72,268
11/26/2019,ACT,TX,ASW,CE,Combined TRACON& Tower with Radar,1,18,44,24,87,0,0,14,0,14,1,18,58,24,101,12,0,12,113
11/27/2019,ACT,TX,ASW,CE,Combined TRACON& Tower with Radar,0,15,17,6,38,0,0,36,1,37,0,15,53,7,75,74,0,74,149
11/28/2019,ACT,TX,ASW,CE,Combined TRACON& Tower with Radar,0,5,0,0,5,0,0,0,0,0,0,5,0,0,5,0,0,0,5
11/29/2019,ACT,TX,ASW,CE,Combined TRACON& Tower with Radar,2,8,15,0,25,0,0,0,0,0,2,8,15,0,25,0,0,0,25
11/30/2019,ACT,TX,ASW,CE,Combined TRACON& Tower with Radar,1,15,16,0,32,0,1,19,0,20,1,16,35,0,52,10,0,10,62
12/01/2019,ACT,TX,ASW,CE,Combined TRACON& Tower with Radar,2,19,37,0,58,0,0,26,3,29,2,19,63,3,87,24,0,24,111
12/02/2019,ACT,TX,ASW,CE,Combined TRACON& Tower with Radar,2,9,52,4,67,0,0,71,0,71,2,9,123,4,138,0,0,0,138
12/03/2019,ACT,TX,ASW,CE,Combined TRACON& Tower with Radar,0,11,60,28,99,0,2,88,9,99,0,13,148,37,198,64,4,68,266
12/04/2019,ACT,TX,ASW,CE,Combined TRACON& Tower with Radar,3,9,47,17,76,0,5,59,3,67,3,14,106,20,143,94,0,94,237
12/05/2019,ACT,TX,ASW,CE,Combined TRACON& Tower with Radar,3,8,40,42,93,0,0,69,6,75,3,8,109,48,168,82,12,94,262
12/06/2019,ACT,TX,ASW,CE,Combined TRACON& Tower with Radar,6,6,66,36,114,0,0,71,1,72,6,6,137,37,186,42,0,42,228
12/07/2019,ACT,TX,ASW,CE,Combined TRACON& Tower with Radar,4,9,35,3,51,0,0,37,5,42,4,9,72,8,93,40,0,40,133
12/08/2019,ACT,TX,ASW,CE,Combined TRACON& Tower with Radar,3,7,17,0,27,0,0,31,0,31,3,7,48,0,58,8,0,8,66
12/09/2019,ACT,TX,ASW,CE,Combined TRACON& Tower with Radar,5,7,32,60,104,0,0,59,7,66,5,7,91,67,170,54,27,81,251
12/10/2019,ACT,TX,ASW,CE,Combined TRACON& Tower with Radar,5,9,19,0,33,0,0,6,0,6,5,9,25,0,39,0,0,0,39
12/11/2019,ACT,TX,ASW,CE,Combined TRACON& Tower with Radar,5,8,63,45,121,0,0,70,2,72,5,8,133,47,193,94,4,98,291
12/12/2019,ACT,TX,ASW,CE,Combined TRACON& Tower with Radar,3,8,56,24,91,0,2,66,9,77,3,10,122,33,168,76,0,76,244
12/13/2019,ACT,TX,ASW,CE,Combined TRACON& Tower with Radar,3,9,75,14,101,0,2,86,1,89,3,11,161,15,190,63,0,63,253
12/14/2019,ACT,TX,ASW,CE,Combined TRACON& Tower with Radar,6,3,38,11,58,0,0,36,0,36,6,3,74,11,94,60,0,60,154
12/15/2019,ACT,TX,ASW,CE,Combined TRACON& Tower with Radar,4,6,27,4,41,0,0,34,1,35,4,6,61,5,76,4,0,4,80
12/16/2019,ACT,TX,ASW,CE,Combined TRACON& Tower with Radar,4,6,34,32,76,0,0,7,0,7,4,6,41,32,83,33,10,43,126
12/17/2019,ACT,TX,ASW,CE,Combined TRACON& Tower with Radar,6,6,58,15,85,0,2,53,3,58,6,8,111,18,143,67,0,67,210
12/18/2019,ACT,TX,ASW,CE,Combined TRACON& Tower with Radar,2,11,57,12,82,0,0,74,4,78,2,11,131,16,160,41,4,45,205
12/19/2019,ACT,TX,ASW,CE,Combined TRACON& Tower with Radar,2,8,65,34,109,0,0,63,0,63,2,8,128,34,172,32,0,32,204
12/20/2019,ACT,TX,ASW,CE,Combined TRACON& Tower with Radar,4,8,49,9,70,0,2,15,0,17,4,10,64,9,87,6,0,6,93
12/21/2019,ACT,TX,ASW,CE,Combined TRACON& Tower with Radar,3,8,15,2,28,0,0,11,0,11,3,8,26,2,39,32,0,32,71
12/22/2019,ACT,TX,ASW,CE,Combined TRACON& Tower with Radar,2,6,8,4,20,0,0,25,0,25,2,6,33,4,45,6,0,6,51
12/23/2019,ACT,TX,ASW,CE,Combined TRACON& Tower with Radar,2,8,26,3,39,0,2,49,0,51,2,10,75,3,90,7,0,7,97
12/24/2019,ACT,TX,ASW,CE,Combined TRACON& Tower with Radar,1,4,13,0,18,0,0,21,0,21,1,4,34,0,39,14,0,14,53
12/25/2019,ACT,TX,ASW,CE,Combined TRACON& Tower with Radar,1,6,2,0,9,0,0,6,0,6,1,6,8,0,15,0,0,0,15
12/26/2019,ACT,TX,ASW,CE,Combined TRACON& Tower with Radar,2,9,23,0,34,0,2,4,0,6,2,11,27,0,40,4,0,4,44
12/27/2019,ACT,TX,ASW,CE,Combined TRACON& Tower with Radar,6,8,27,0,41,0,2,11,0,13,6,10,38,0,54,0,0,0,54
12/28/2019,ACT,TX,ASW,CE,Combined TRACON& Tower with Radar,2,4,14,0,20,0,0,8,0,8,2,4,22,0,28,28,0,28,56
12/29/2019,ACT,TX,ASW,CE,Combined TRACON& Tower with Radar,2,6,18,8,34,0,1,17,0,18,2,7,35,8,52,16,0,16,68
12/30/2019,ACT,TX,ASW,CE,Combined TRACON& Tower with Radar,2,6,25,0,33,0,0,49,0,49,2,6,74,0,82,28,0,28,110
12/31/2019,ACT,TX,ASW,CE,Combined TRACON& Tower with Radar,1,6,30,0,37,0,0,32,1,33,1,6,62,1,70,3,4,7,77
01/01/2020,ACT,TX,ASW,CE,Combined TRACON& Tower with Radar,1,6,9,0,16,0,0,0,0,0,1,6,9,0,16,0,0,0,16
01/02/2020,ACT,TX,ASW,CE,Combined TRACON& Tower with Radar,6,8,26,0,40,0,0,34,0,34,6,8,60,0,74,0,0,0,74
01/03/2020,ACT,TX,ASW,CE,Combined TRACON& Tower with Radar,2,6,24,9,41,0,1,31,0,32,2,7,55,9,73,28,0,28,101
01/04/2020,ACT,TX,ASW,CE,Combined TRACON& Tower with Radar,2,9,21,0,32,0,0,63,0,63,2,9,84,0,95,28,0,28,123
01/05/2020,ACT,TX,ASW,CE,Combined TRACON& Tower with Radar,2,6,24,0,32,0,0,41,0,41,2,6,65,0,73,67,0,67,140
01/06/2020,ACT,TX,ASW,CE,Combined TRACON& Tower with Radar,2,9,45,28,84,0,1,52,1,54,2,10,97,29,138,54,0,54,192
01/07/2020,ACT,TX,ASW,CE,Combined TRACON& Tower with Radar,1,12,49,10,72,0,2,42,6,50,1,14,91,16,122,53,0,53,175
01/08/2020,ACT,TX,ASW,CE,Combined TRACON& Tower with Radar,2,12,40,34,88,0,4,62,11,77,2,16,102,45,165,40,0,40,205
01/09/2020,ACT,TX,ASW,CE,Combined TRACON& Tower with Radar,4,6,66,2,78,0,2,5,0,7,4,8,71,2,85,2,0,2,87
01/10/2020,ACT,TX,ASW,CE,Combined TRACON& Tower with Radar,2,4,29,14,49,0,0,3,0,3,2,4,32,14,52,2,0,2,54
01/11/2020,ACT,TX,ASW,CE,Combined TRACON& Tower with Radar,0,9,16,16,41,0,1,20,3,24,0,10,36,19,65,56,2,58,123
01/12/2020,ACT,TX,ASW,CE,Combined TRACON& Tower with Radar,2,10,44,6,62,0,0,50,9,59,2,10,94,15,121,16,4,20,141
01/13/2020,ACT,TX,ASW,CE,Combined TRACON& Tower with Radar,4,8,38,2,52,0,0,0,0,0,4,8,38,2,52,0,0,0,52
01/14/2020,ACT,TX,ASW,CE,Combined TRACON& Tower with Radar,0,10,60,19,89,0,0,2,0,2,0,10,62,19,91,0,0,0,91
01/15/2020,ACT,TX,ASW,CE,Combined TRACON& Tower with Radar,0,13,62,7,82,0,0,25,0,25,0,13,87,7,107,102,0,102,209
01/16/2020,ACT,TX,ASW,CE,Combined TRACON& Tower with Radar,4,10,17,0,31,0,0,0,0,0,4,10,17,0,31,0,0,0,31
01/17/2020,ACT,TX,ASW,CE,Combined TRACON& Tower with Radar,2,11,23,0,36,0,0,0,0,0,2,11,23,0,36,0,0,0,36
01/18/2020,ACT,TX,ASW,CE,Combined TRACON& Tower with Radar,0,12,37,0,49,0,0,48,4,52,0,12,85,4,101,94,0,94,195
01/19/2020,ACT,TX,ASW,CE,Combined TRACON& Tower with Radar,2,7,36,3,48,0,0,63,3,66,2,7,99,6,114,64,4,68,182
01/20/2020,ACT,TX,ASW,CE,Combined TRACON& Tower with Radar,4,12,60,0,76,0,2,89,2,93,4,14,149,2,169,98,0,98,267
01/21/2020,ACT,TX,ASW,CE,Combined TRACON& Tower with Radar,0,11,42,57,110,0,4,84,7,95,0,15,126,64,205,109,18,127,332
01/22/2020,ACT,TX,ASW,CE,Combined TRACON& Tower with Radar,0,14,8,2,24,0,0,0,0,0,0,14,8,2,24,0,0,0,24
01/23/2020,ACT,TX,ASW,CE,Combined TRACON& Tower with Radar,2,13,62,27,104,0,2,48,0,50,2,15,110,27,154,82,25,107,261
01/24/2020,ACT,TX,ASW,CE,Combined TRACON& Tower with Radar,8,9,70,66,153,0,0,89,5,94,8,9,159,71,247,58,16,74,321
01/25/2020,ACT,TX,ASW,CE,Combined TRACON& Tower with Radar,0,12,40,14,66,0,1,78,3,82,0,13,118,17,148,38,0,38,186
01/26/2020,ACT,TX,ASW,CE,Combined TRACON& Tower with Radar,2,9,30,0,41,0,0,42,0,42,2,9,72,0,83,11,0,11,94
01/27/2020,ACT,TX,ASW,CE,Combined TRACON& Tower with Radar,4,8,46,5,63,0,2,44,1,47,4,10,90,6,110,20,0,20,130
01/28/2020,ACT,TX,ASW,CE,Combined TRACON& Tower with Radar,2,9,36,7,54,0,0,0,0,0,2,9,36,7,54,0,0,0,54
01/29/2020,ACT,TX,ASW,CE,Combined TRACON& Tower with Radar,0,10,52,19,81,0,0,18,0,18,0,10,70,19,99,178,0,178,277
01/30/2020,ACT,TX,ASW,CE,Combined TRACON& Tower with Radar,2,13,54,37,106,0,0,10,0,10,2,13,64,37,116,130,0,130,246
01/31/2020,ACT,TX,ASW,CE,Combined TRACON& Tower with Radar,2,10,53,37,102,0,6,62,4,72,2,16,115,41,174,67,16,83,257
02/01/2020,ACT,TX,ASW,CE,Combined TRACON& Tower with Radar,1,4,27,20,52,0,2,70,5,77,1,6,97,25,129,56,2,58,187
02/02/2020,ACT,TX,ASW,CE,Combined TRACON& Tower with Radar,3,7,25,12,47,0,0,43,0,43,3,7,68,12,90,31,0,31,121
02/03/2020,ACT,TX,ASW,CE,Combined TRACON& Tower with Radar,2,9,38,29,78,0,1,36,0,37,2,10,74,29,115,46,16,62,177
02/04/2020,ACT,TX,ASW,CE,Combined TRACON& Tower with Radar,2,18,79,13,112,0,0,10,0,10,2,18,89,13,122,48,0,48,170
02/05/2020,ACT,TX,ASW,CE,Combined TRACON& Tower with Radar,1,10,10,0,21,0,0,0,0,0,1,10,10,0,21,0,0,0,21
02/06/2020,ACT,TX,ASW,CE,Combined TRACON& Tower with Radar,2,14,46,17,79,0,2,76,6,84,2,16,122,23,163,72,2,74,237
02/07/2020,ACT,TX,ASW,CE,Combined TRACON& Tower with Radar,2,11,69,31,113,0,4,104,6,114,2,15,173,37,227,50,8,58,285
02/08/2020,ACT,TX,ASW,CE,Combined TRACON& Tower with Radar,2,7,39,12,60,0,1,63,0,64,2,8,102,12,124,8,0,8,132
02/09/2020,ACT,TX,ASW,CE,Combined TRACON& Tower with Radar,2,7,13,0,22,0,0,0,0,0,2,7,13,0,22,0,0,0,22
02/10/2020,ACT,TX,ASW,CE,Combined TRACON& Tower with Radar,4,9,22,21,56,0,2,1,0,3,4,11,23,21,59,33,0,33,92
02/11/2020,ACT,TX,ASW,CE,Combined TRACON& Tower with Radar,0,14,6,8,28,0,0,0,0,0,0,14,6,8,28,0,0,0,28
02/12/2020,ACT,TX,ASW,CE,Combined TRACON& Tower with Radar,0,11,62,10,83,0,0,18,0,18,0,11,80,10,101,38,2,40,141
02/13/2020,ACT,TX,ASW,CE,Combined TRACON& Tower with Radar,0,14,64,29,107,0,0,35,3,38,0,14,99,32,145,78,22,100,245
02/14/2020,ACT,TX,ASW,CE,Combined TRACON& Tower with Radar,3,14,75,28,120,0,2,91,2,95,3,16,166,30,215,60,0,60,275
02/15/2020,ACT,TX,ASW,CE,Combined TRACON& Tower with Radar,3,22,37,0,62,0,0,40,0,40,3,22,77,0,102,57,0,57,159
02/16/2020,ACT,TX,ASW,CE,Combined TRACON& Tower with Radar,1,11,39,2,53,0,0,65,1,66,1,11,104,3,119,44,0,44,163
02/17/2020,ACT,TX,ASW,CE,Combined TRACON& Tower with Radar,2,29,54,0,85,0,2,41,0,43,2,31,95,0,128,51,0,51,179
02/18/2020,ACT,TX,ASW,CE,Combined TRACON& Tower with Radar,0,11,48,20,79,0,0,4,1,5,0,11,52,21,84,17,0,17,101
02/19/2020,ACT,TX,ASW,CE,Combined TRACON& Tower with Radar,0,8,29,0,37,0,0,0,0,0,0,8,29,0,37,0,0,0,37
02/20/2020,ACT,TX,ASW,CE,Combined TRACON& Tower with Radar,0,9,33,2,44,0,0,23,0,23,0,9,56,2,67,35,0,35,102
02/21/2020,ACT,TX,ASW,CE,Combined TRACON& Tower with Radar,3,11,75,44,133,0,0,105,8,113,3,11,180,52,246,40,6,46,292
02/22/2020,ACT,TX,ASW,CE,Combined TRACON& Tower with Radar,3,9,73,0,85,0,2,65,4,71,3,11,138,4,156,21,11,32,188
02/23/2020,ACT,TX,ASW,CE,Combined TRACON& Tower with Radar,0,14,46,8,68,0,0,2,0,2,0,14,48,8,70,0,0,0,70
02/24/2020,ACT,TX,ASW,CE,Combined TRACON& Tower with Radar,2,10,31,10,53,0,0,66,0,66,2,10,97,10,119,62,0,62,181
02/25/2020,ACT,TX,ASW,CE,Combined TRACON& Tower with Radar,2,9,73,28,112,0,0,58,0,58,2,9,131,28,170,84,2,86,256
02/26/2020,ACT,TX,ASW,CE,Combined TRACON& Tower with Radar,0,10,32,15,57,0,0,34,1,35,0,10,66,16,92,10,0,10,102
02/27/2020,ACT,TX,ASW,CE,Combined TRACON& Tower with Radar,0,9,68,39,116,0,0,98,7,105,0,9,166,46,221,106,4,110,331
02/28/2020,ACT,TX,ASW,CE,Combined TRACON& Tower with Radar,0,11,65,33,109,0,1,86,6,93,0,12,151,39,202,83,10,93,295
02/29/2020,ACT,TX,ASW,CE,Combined TRACON& Tower with Radar,2,8,30,3,43,0,0,62,0,62,2,8,92,3,105,8,0,8,113
03/01/2020,ACT,TX,ASW,CE,Combined TRACON& Tower with Radar,0,20,23,14,57,0,1,7,1,9,0,21,30,15,66,0,0,0,66
03/02/2020,ACT,TX,ASW,CE,Combined TRACON& Tower with Radar,2,9,38,38,87,0,1,27,1,29,2,10,65,39,116,98,0,98,214
03/03/2020,ACT,TX,ASW,CE,Combined TRACON& Tower with Radar,0,9,49,19,77,0,0,48,4,52,0,9,97,23,129,94,6,100,229
03/04/2020,ACT,TX,ASW,CE,Combined TRACON& Tower with Radar,0,7,11,0,18,0,0,1,0,1,0,7,12,0,19,0,0,0,19
03/05/2020,ACT,TX,ASW,CE,Combined TRACON& Tower with Radar,3,6,56,37,102,0,0,102,0,102,3,6,158,37,204,56,0,56,260
03/06/2020,ACT,TX,ASW,CE,Combined TRACON& Tower with Radar,3,9,61,37,110,0,1,96,4,101,3,10,157,41,211,93,18,111,322
03/07/2020,ACT,TX,ASW,CE,Combined TRACON& Tower with Radar,3,10,31,9,53,0,0,43,1,44,3,10,74,10,97,24,0,24,121
03/08/2020,ACT,TX,ASW,CE,Combined TRACON& Tower with Radar,5,6,23,20,54,0,0,4,1,5,5,6,27,21,59,0,18,18,77
03/09/2020,ACT,TX,ASW,CE,Combined TRACON& Tower with Radar,3,8,16,9,36,0,0,7,0,7,3,8,23,9,43,44,0,44,87
03/10/2020,ACT,TX,ASW,CE,Combined TRACON& Tower with Radar,4,16,34,35,89,0,0,7,0,7,4,16,41,35,96,95,0,95,191
03/11/2020,ACT,TX,ASW,CE,Combined TRACON& Tower with Radar,5,11,54,15,85,0,0,57,5,62,5,11,111,20,147,10,0,10,157
03/12/2020,ACT,TX,ASW,CE,Combined TRACON& Tower with Radar,5,9,43,35,92,0,0,45,3,48,5,9,88,38,140,68,2,70,210
03/13/2020,ACT,TX,ASW,CE,Combined TRACON& Tower with Radar,4,5,22,28,59,0,0,7,1,8,4,5,29,29,67,0,0,0,67
03/14/2020,ACT,TX,ASW,CE,Combined TRACON& Tower with Radar,3,4,28,6,41,0,2,1,2,5,3,6,29,8,46,0,0,0,46
03/15/2020,ACT,TX,ASW,CE,Combined TRACON& Tower with Radar,5,8,16,0,29,0,1,0,0,1,5,9,16,0,30,0,0,0,30
03/16/2020,ACT,TX,ASW,CE,Combined TRACON& Tower with Radar,3,6,40,61,110,0,1,7,1,9,3,7,47,62,119,34,4,38,157
03/17/2020,ACT,TX,ASW,CE,Combined TRACON& Tower with Radar,3,6,40,25,74,0,0,21,0,21,3,6,61,25,95,63,0,63,158
03/18/2020,ACT,TX,ASW,CE,Combined TRACON& Tower with Radar,3,9,70,19,101,0,0,22,2,24,3,9,92,21,125,132,0,132,257
03/19/2020,ACT,TX,ASW,CE,Combined TRACON& Tower with Radar,3,8,25,0,36,0,0,14,0,14,3,8,39,0,50,38,0,38,88
03/20/2020,ACT,TX,ASW,CE,Combined TRACON& Tower with Radar,3,6,37,3,49,0,0,7,0,7,3,6,44,3,56,46,0,46,102
03/21/2020,ACT,TX,ASW,CE,Combined TRACON& Tower with Radar,3,2,29,4,38,0,0,0,0,0,3,2,29,4,38,10,0,10,48
03/22/2020,ACT,TX,ASW,CE,Combined TRACON& Tower with Radar,3,6,12,0,21,0,0,0,0,0,3,6,12,0,21,0,0,0,21
03/23/2020,ACT,TX,ASW,CE,Combined TRACON& Tower with Radar,3,4,26,6,39,0,0,2,0,2,3,4,28,6,41,47,0,47,88
03/24/2020,ACT,TX,ASW,CE,Combined TRACON& Tower with Radar,1,2,23,22,48,0,2,35,0,37,1,4,58,22,85,8,0,8,93
03/25/2020,ACT,TX,ASW,CE,Combined TRACON& Tower with Radar,2,0,14,12,28,0,0,49,0,49,2,0,63,12,77,18,0,18,95
03/26/2020,ACT,TX,ASW,CE,Combined TRACON& Tower with Radar,1,6,16,23,46,0,0,10,0,10,1,6,26,23,56,36,0,36,92
03/27/2020,ACT,TX,ASW,CE,Combined TRACON& Tower with Radar,2,4,26,34,66,0,0,3,1,4,2,4,29,35,70,0,7,7,77
03/28/2020,ACT,TX,ASW,CE,Combined TRACON& Tower with Radar,1,2,11,0,14,0,1,17,0,18,1,3,28,0,32,40,0,40,72
03/29/2020,ACT,TX,ASW,CE,Combined TRACON& Tower with Radar,1,4,10,0,15,0,0,41,0,41,1,4,51,0,56,26,0,26,82
03/30/2020,ACT,TX,ASW,CE,Combined TRACON& Tower with Radar,3,2,4,0,9,0,0,0,0,0,3,2,4,0,9,0,0,0,9
03/31/2020,ACT,TX,ASW,CE,Combined TRACON& Tower with Radar,1,13,25,20,59,0,3,23,0,26,1,16,48,20,85,38,0,38,123
04/01/2020,ACT,TX,ASW,CE,Combined TRACON& Tower with Radar,3,8,25,6,42,0,0,54,4,58,3,8,79,10,100,42,4,46,146
04/02/2020,ACT,TX,ASW,CE,Combined TRACON& Tower with Radar,1,0,14,6,21,0,1,1,0,2,1,1,15,6,23,14,0,14,37
04/03/2020,ACT,TX,ASW,CE,Combined TRACON& Tower with Radar,1,8,6,3,18,0,0,0,0,0,1,8,6,3,18,0,0,0,18
04/04/2020,ACT,TX,ASW,CE,Combined TRACON& Tower with Radar,2,2,1,0,5,0,0,0,0,0,2,2,1,0,5,0,0,0,5
04/05/2020,ACT,TX,ASW,CE,Combined TRACON& Tower with Radar,0,4,28,0,32,0,0,0,0,0,0,4,28,0,32,0,0,0,32
04/06/2020,ACT,TX,ASW,CE,Combined TRACON& Tower with Radar,1,2,18,0,21,0,0,4,0,4,1,2,22,0,25,0,0,0,25
04/07/2020,ACT,TX,ASW,CE,Combined TRACON& Tower with Radar,1,2,37,54,94,0,8,56,0,64,1,10,93,54,158,23,4,27,185
04/08/2020,ACT,TX,ASW,CE,Combined TRACON& Tower with Radar,1,2,18,0,21,0,0,32,0,32,1,2,50,0,53,51,0,51,104
04/09/2020,ACT,TX,ASW,CE,Combined TRACON& Tower with Radar,1,2,19,1,23,0,0,9,0,9,1,2,28,1,32,0,0,0,32
04/10/2020,ACT,TX,ASW,CE,Combined TRACON& Tower with Radar,1,4,25,0,30,0,0,45,0,45,1,4,70,0,75,18,0,18,93
04/11/2020,ACT,TX,ASW,CE,Combined TRACON& Tower with Radar,1,0,5,0,6,0,0,3,0,3,1,0,8,0,9,26,0,26,35
04/12/2020,ACT,TX,ASW,CE,Combined TRACON& Tower with Radar,2,2,1,6,11,0,0,7,0,7,2,2,8,6,18,0,0,0,18
04/13/2020,ACT,TX,ASW,CE,Combined TRACON& Tower with Radar,1,4,19,9,33,0,1,44,1,46,1,5,63,10,79,28,0,28,107
04/14/2020,ACT,TX,ASW,CE,Combined TRACON& Tower with Radar,1,5,32,21,59,0,0,24,0,24,1,5,56,21,83,45,0,45,128
04/15/2020,ACT,TX,ASW,CE,Combined TRACON& Tower with Radar,0,0,7,0,7,0,0,53,0,53,0,0,60,0,60,60,0,60,120
04/16/2020,ACT,TX,ASW,CE,Combined TRACON& Tower with Radar,1,2,21,39,63,0,0,34,5,39,1,2,55,44,102,12,0,12,114
04/17/2020,ACT,TX,ASW,CE,Combined TRACON& Tower with Radar,1,2,34,2,39,0,0,1,0,1,1,2,35,2,40,0,0,0,40
04/18/2020,ACT,TX,ASW,CE,Combined TRACON& Tower with Radar,0,1,8,8,17,0,0,14,0,14,0,1,22,8,31,24,0,24,55
04/19/2020,ACT,TX,ASW,CE,Combined TRACON& Tower with Radar,0,7,6,0,13,0,1,10,0,11,0,8,16,0,24,26,0,26,50
04/20/2020,ACT,TX,ASW,CE,Combined TRACON& Tower with Radar,0,2,24,4,30,0,0,17,0,17,0,2,41,4,47,0,0,0,47
04/21/2020,ACT,TX,ASW,CE,Combined TRACON& Tower with Radar,0,4,20,21,45,0,9,30,0,39,0,13,50,21,84,38,0,38,122
04/22/2020,ACT,TX,ASW,CE,Combined TRACON& Tower with Radar,0,0,3,0,3,0,0,2,0,2,0,0,5,0,5,0,0,0,5
04/23/2020,ACT,TX,ASW,CE,Combined TRACON& Tower with Radar,0,3,24,7,34,0,2,71,0,73,0,5,95,7,107,40,0,40,147
04/24/2020,ACT,TX,ASW,CE,Combined TRACON& Tower with Radar,0,2,17,14,33,0,0,23,4,27,0,2,40,18,60,22,14,36,96
04/25/2020,ACT,TX,ASW,CE,Combined TRACON& Tower with Radar,0,1,11,9,21,0,0,41,5,46,0,1,52,14,67,10,0,10,77
04/26/2020,ACT,TX,ASW,CE,Combined TRACON& Tower with Radar,1,3,27,5,36,0,0,29,0,29,1,3,56,5,65,16,0,16,81
04/27/2020,ACT,TX,ASW,CE,Combined TRACON& Tower with Radar,0,4,23,17,44,0,0,18,3,21,0,4,41,20,65,0,0,0,65
04/28/2020,ACT,TX,ASW,CE,Combined TRACON& Tower with Radar,0,0,25,16,41,0,0,4,0,4,0,0,29,16,45,12,0,12,57
04/29/2020,ACT,TX,ASW,CE,Combined TRACON& Tower with Radar,0,2,27,23,52,0,0,26,0,26,0,2,53,23,78,6,0,6,84
04/30/2020,ACT,TX,ASW,CE,Combined TRACON& Tower with Radar,0,5,30,19,54,0,0,58,0,58,0,5,88,19,112,25,0,25,137
05/01/2020,ACT,TX,ASW,CE,Combined TRACON& Tower with Radar,0,4,18,36,58,0,2,26,0,28,0,6,44,36,86,8,0,8,94
05/02/2020,ACT,TX,ASW,CE,Combined TRACON& Tower with Radar,0,6,6,24,36,0,0,21,7,28,0,6,27,31,64,0,0,0,64
05/03/2020,ACT,TX,ASW,CE,Combined TRACON& Tower with Radar,0,4,25,4,33,0,0,31,0,31,0,4,56,4,64,34,0,34,98
05/04/2020,ACT,TX,ASW,CE,Combined TRACON& Tower with Radar,0,6,37,21,64,0,1,60,0,61,0,7,97,21,125,148,0,148,273
05/05/2020,ACT,TX,ASW,CE,Combined TRACON& Tower with Radar,2,0,29,2,33,0,0,35,4,39,2,0,64,6,72,139,0,139,211
05/06/2020,ACT,TX,ASW,CE,Combined TRACON& Tower with Radar,2,0,36,5,43,0,0,79,0,79,2,0,115,5,122,107,0,107,229
05/07/2020,ACT,TX,ASW,CE,Combined TRACON& Tower with Radar,1,3,21,23,48,0,0,58,7,65,1,3,79,30,113,49,2,51,164
05/08/2020,ACT,TX,ASW,CE,Combined TRACON& Tower with Radar,0,5,13,4,22,0,0,15,0,15,0,5,28,4,37,30,0,30,67
05/09/2020,ACT,TX,ASW,CE,Combined TRACON& Tower with Radar,0,5,26,5,36,0,0,41,2,43,0,5,67,7,79,13,0,13,92
05/10/2020,ACT,TX,ASW,CE,Combined TRACON& Tower with Radar,0,4,15,8,27,1,0,35,0,36,1,4,50,8,63,28,0,28,91
05/11/2020,ACT,TX,ASW,CE,Combined TRACON& Tower with Radar,0,4,30,7,41,0,0,82,0,82,0,4,112,7,123,93,0,93,216
05/12/2020,ACT,TX,ASW,CE,Combined TRACON& Tower with Radar,0,4,12,2,18,0,0,8,0,8,0,4,20,2,26,84,0,84,110
05/13/2020,ACT,TX,ASW,CE,Combined TRACON& Tower with Radar,0,8,74,25,107,0,0,40,0,40,0,8,114,25,147,118,0,118,265
05/14/2020,ACT,TX,ASW,CE,Combined TRACON& Tower with Radar,0,5,34,5,44,0,0,41,1,42,0,5,75,6,86,76,0,76,162
05/15/2020,ACT,TX,ASW,CE,Combined TRACON& Tower with Radar,0,4,43,21,68,0,2,29,0,31,0,6,72,21,99,130,0,130,229
05/16/2020,ACT,TX,ASW,CE,Combined TRACON& Tower with Radar,0,5,4,0,9,0,0,0,0,0,0,5,4,0,9,0,0,0,9
05/17/2020,ACT,TX,ASW,CE,Combined TRACON& Tower with Radar,0,4,17,1,22,0,0,15,1,16,0,4,32,2,38,2,0,2,40
05/18/2020,ACT,TX,ASW,CE,Combined TRACON& Tower with Radar,0,4,29,11,44,0,4,66,0,70,0,8,95,11,114,122,0,122,236
05/19/2020,ACT,TX,ASW,CE,Combined TRACON& Tower with Radar,0,7,44,15,66,0,4,68,0,72,0,11,112,15,138,80,4,84,222
05/20/2020,ACT,TX,ASW,CE,Combined TRACON& Tower with Radar,0,4,32,2,38,0,0,40,0,40,0,4,72,2,78,64,0,64,142
05/21/2020,ACT,TX,ASW,CE,Combined TRACON& Tower with Radar,0,4,45,11,60,0,2,43,0,45,0,6,88,11,105,116,0,116,221
05/22/2020,ACT,TX,ASW,CE,Combined TRACON& Tower with Radar,0,6,65,0,71,0,0,45,0,45,0,6,110,0,116,71,0,71,187
05/23/2020,ACT,TX,ASW,CE,Combined TRACON& Tower with Radar,0,7,28,0,35,0,2,16,0,18,0,9,44,0,53,12,0,12,65
05/24/2020,ACT,TX,ASW,CE,Combined TRACON& Tower with Radar,0,4,6,0,10,0,0,0,0,0,0,4,6,0,10,0,0,0,10
05/25/2020,ACT,TX,ASW,CE,Combined TRACON& Tower with Radar,0,4,18,0,22,0,0,12,0,12,0,4,30,0,34,52,0,52,86
05/26/2020,ACT,TX,ASW,CE,Combined TRACON& Tower with Radar,0,4,46,4,54,0,0,96,0,96,0,4,142,4,150,148,0,148,298
05/27/2020,ACT,TX,ASW,CE,Combined TRACON& Tower with Radar,0,7,27,3,37,0,0,57,1,58,0,7,84,4,95,112,0,112,207
05/28/2020,ACT,TX,ASW,CE,Combined TRACON& Tower with Radar,0,4,42,21,67,0,0,49,0,49,0,4,91,21,116,96,0,96,212
05/29/2020,ACT,TX,ASW,CE,Combined TRACON& Tower with Radar,0,6,33,20,59,0,0,102,1,103,0,6,135,21,162,94,0,94,256
05/30/2020,ACT,TX,ASW,CE,Combined TRACON& Tower with Radar,0,4,33,15,52,0,0,56,0,56,0,4,89,15,108,20,2,22,130
05/31/2020,ACT,TX,ASW,CE,Combined TRACON& Tower with Radar,0,4,28,0,32,0,2,28,0,30,0,6,56,0,62,12,2,14,76
06/01/2020,ACT,TX,ASW,CE,Combined TRACON& Tower with Radar,0,4,43,13,60,0,0,59,0,59,0,4,102,13,119,80,0,80,199
06/02/2020,ACT,TX,ASW,CE,Combined TRACON& Tower with Radar,0,5,44,28,77,0,0,69,0,69,0,5,113,28,146,131,0,131,277
06/03/2020,ACT,TX,ASW,CE,Combined TRACON& Tower with Radar,0,7,43,53,103,0,0,71,0,71,0,7,114,53,174,76,4,80,254
06/04/2020,ACT,TX,ASW,CE,Combined TRACON& Tower with Radar,0,4,59,17,80,0,0,87,0,87,0,4,146,17,167,98,4,102,269
06/05/2020,ACT,TX,ASW,CE,Combined TRACON& Tower with Radar,0,2,39,20,61,0,0,82,0,82,0,2,121,20,143,113,0,113,256
06/06/2020,ACT,TX,ASW,CE,Combined TRACON& Tower with Radar,0,2,18,0,20,0,0,47,0,47,0,2,65,0,67,40,0,40,107
06/07/2020,ACT,TX,ASW,CE,Combined TRACON& Tower with Radar,0,3,25,8,36,0,0,32,0,32,0,3,57,8,68,51,0,51,119
06/08/2020,ACT,TX,ASW,CE,Combined TRACON& Tower with Radar,0,8,44,28,80,0,0,59,1,60,0,8,103,29,140,49,0,49,189
06/09/2020,ACT,TX,ASW,CE,Combined TRACON& Tower with Radar,2,2,23,9,36,0,0,34,1,35,2,2,57,10,71,70,0,70,141
06/10/2020,ACT,TX,ASW,CE,Combined TRACON& Tower with Radar,0,2,45,25,72,0,0,84,0,84,0,2,129,25,156,160,0,160,316
06/11/2020,ACT,TX,ASW,CE,Combined TRACON& Tower with Radar,0,8,33,20,61,0,0,54,1,55,0,8,87,21,116,62,0,62,178
06/12/2020,ACT,TX,ASW,CE,Combined TRACON& Tower with Radar,0,5,42,32,79,0,2,82,6,90,0,7,124,38,169,18,6,24,193
06/13/2020,ACT,TX,ASW,CE,Combined TRACON& Tower with Radar,2,4,16,8,30,0,0,34,0,34,2,4,50,8,64,14,0,14,78
06/14/2020,ACT,TX,ASW,CE,Combined TRACON& Tower with Radar,0,2,9,4,15,0,0,43,0,43,0,2,52,4,58,28,0,28,86
06/15/2020,ACT,TX,ASW,CE,Combined TRACON& Tower with Radar,0,4,21,18,43,0,0,59,1,60,0,4,80,19,103,73,8,81,184
06/16/2020,ACT,TX,ASW,CE,Combined TRACON& Tower with Radar,0,4,62,17,83,0,0,66,0,66,0,4,128,17,149,114,0,114,263
06/17/2020,ACT,TX,ASW,CE,Combined TRACON& Tower with Radar,0,4,31,31,66,0,3,68,4,75,0,7,99,35,141,62,0,62,203
06/18/2020,ACT,TX,ASW,CE,Combined TRACON& Tower with Radar,0,2,57,19,78,0,0,46,2,48,0,2,103,21,126,22,0,22,148
06/19/2020,ACT,TX,ASW,CE,Combined TRACON& Tower with Radar,0,2,43,20,65,0,0,42,0,42,0,2,85,20,107,56,6,62,169
06/20/2020,ACT,TX,ASW,CE,Combined TRACON& Tower with Radar,1,2,22,5,30,0,1,11,1,13,1,3,33,6,43,2,0,2,45
06/21/2020,ACT,TX,ASW,CE,Combined TRACON& Tower with Radar,0,2,14,6,22,0,0,11,0,11,0,2,25,6,33,0,0,0,33
06/22/2020,ACT,TX,ASW,CE,Combined TRACON& Tower with Radar,0,2,33,29,64,0,0,38,0,38,0,2,71,29,102,66,0,66,168
06/23/2020,ACT,TX,ASW,CE,Combined TRACON& Tower with Radar,0,2,13,0,15,0,0,9,0,9,0,2,22,0,24,68,0,68,92
06/24/2020,ACT,TX,ASW,CE,Combined TRACON& Tower with Radar,0,4,44,6,54,0,0,33,0,33,0,4,77,6,87,116,0,116,203
06/25/2020,ACT,TX,ASW,CE,Combined TRACON& Tower with Radar,0,3,75,6,84,0,0,24,0,24,0,3,99,6,108,60,0,60,168
06/26/2020,ACT,TX,ASW,CE,Combined TRACON& Tower with Radar,0,7,17,5,29,0,0,16,0,16,0,7,33,5,45,66,0,66,111
06/27/2020,ACT,TX,ASW,CE,Combined TRACON& Tower with Radar,0,5,24,0,29,0,1,9,0,10,0,6,33,0,39,0,0,0,39
06/28/2020,ACT,TX,ASW,CE,Combined TRACON& Tower with Radar,0,2,13,0,15,0,0,2,0,2,0,2,15,0,17,40,0,40,57
06/29/2020,ACT,TX,ASW,CE,Combined TRACON& Tower with Radar,0,2,32,10,44,0,0,29,1,30,0,2,61,11,74,30,0,30,104
06/30/2020,ACT,TX,ASW,CE,Combined TRACON& Tower with Radar,0,2,45,14,61,0,0,39,0,39,0,2,84,14,100,80,0,80,180
07/01/2020,ACT,TX,ASW,CE,Combined TRACON& Tower with Radar,0,2,46,27,75,0,0,41,5,46,0,2,87,32,121,79,8,87,208
07/02/2020,ACT,TX,ASW,CE,Combined TRACON& Tower with Radar,2,2,31,4,39,0,4,40,0,44,2,6,71,4,83,92,0,92,175
07/03/2020,ACT,TX,ASW,CE,Combined TRACON& Tower with Radar,0,6,41,2,49,0,2,43,0,45,0,8,84,2,94,0,0,0,94
07/04/2020,ACT,TX,ASW,CE,Combined TRACON& Tower with Radar,0,2,14,0,16,0,0,25,0,25,0,2,39,0,41,25,0,25,66
07/05/2020,ACT,TX,ASW,CE,Combined TRACON& Tower with Radar,12,6,4,6,28,0,0,15,5,20,12,6,19,11,48,6,0,6,54
07/06/2020,ACT,TX,ASW,CE,Combined TRACON& Tower with Radar,0,4,30,0,34,0,0,34,0,34,0,4,64,0,68,90,0,90,158
07/07/2020,ACT,TX,ASW,CE,Combined TRACON& Tower with Radar,0,5,15,0,20,0,0,7,0,7,0,5,22,0,27,0,0,0,27
07/08/2020,ACT,TX,ASW,CE,Combined TRACON& Tower with Radar,0,5,55,14,74,0,2,51,0,53,0,7,106,14,127,82,0,82,209
07/09/2020,ACT,TX,ASW,CE,Combined TRACON& Tower with Radar,0,5,23,27,55,1,4,66,5,76,1,9,89,32,131,78,6,84,215
07/10/2020,ACT,TX,ASW,CE,Combined TRACON& Tower with Radar,0,4,42,12,58,0,0,69,0,69,0,4,111,12,127,114,0,114,241
07/11/2020,ACT,TX,ASW,CE,Combined TRACON& Tower with Radar,0,6,24,17,47,0,0,35,0,35,0,6,59,17,82,24,12,36,118
07/12/2020,ACT,TX,ASW,CE,Combined TRACON& Tower with Radar,0,5,21,10,36,0,0,24,0,24,0,5,45,10,60,48,0,48,108
07/13/2020,ACT,TX,ASW,CE,Combined TRACON& Tower with Radar,0,5,28,12,45,0,2,54,0,56,0,7,82,12,101,44,0,44,145
07/14/2020,ACT,TX,ASW,CE,Combined TRACON& Tower with Radar,0,10,47,2,59,0,0,57,0,57,0,10,104,2,116,78,0,78,194
07/15/2020,ACT,TX,ASW,CE,Combined TRACON& Tower with Radar,0,10,39,24,73,0,0,51,4,55,0,10,90,28,128,80,0,80,208
07/16/2020,ACT,TX,ASW,CE,Combined TRACON& Tower with Radar,0,5,45,5,55,0,0,78,2,80,0,5,123,7,135,68,0,68,203
07/17/2020,ACT,TX,ASW,CE,Combined TRACON& Tower with Radar,0,5,47,11,63,0,2,75,3,80,0,7,122,14,143,64,0,64,207
07/18/2020,ACT,TX,ASW,CE,Combined TRACON& Tower with Radar,0,6,32,6,44,0,0,27,2,29,0,6,59,8,73,24,0,24,97
07/19/2020,ACT,TX,ASW,CE,Combined TRACON& Tower with Radar,2,4,18,32,56,0,0,23,0,23,2,4,41,32,79,6,0,6,85
07/20/2020,ACT,TX,ASW,CE,Combined TRACON& Tower with Radar,0,7,30,12,49,0,2,62,4,68,0,9,92,16,117,102,0,102,219
07/21/2020,ACT,TX,ASW,CE,Combined TRACON& Tower with Radar,0,5,44,6,55,0,0,25,0,25,0,5,69,6,80,14,0,14,94
07/22/2020,ACT,TX,ASW,CE,Combined TRACON& Tower with Radar,0,4,67,24,95,0,4,48,1,53,0,8,115,25,148,73,0,73,221
07/23/2020,ACT,TX,ASW,CE,Combined TRACON& Tower with Radar,2,7,39,31,79,0,0,52,0,52,2,7,91,31,131,118,0,118,249
07/24/2020,ACT,TX,ASW,CE,Combined TRACON& Tower with Radar,0,14,39,39,92,0,5,71,5,81,0,19,110,44,173,64,28,92,265
07/25/2020,ACT,TX,ASW,CE,Combined TRACON& Tower with Radar,0,10,39,7,56,0,0,7,0,7,0,10,46,7,63,19,0,19,82
07/26/2020,ACT,TX,ASW,CE,Combined TRACON& Tower with Radar,0,6,25,0,31,0,0,15,0,15,0,6,40,0,46,22,0,22,68
07/27/2020,ACT,TX,ASW,CE,Combined TRACON& Tower with Radar,0,5,58,15,78,0,0,35,1,36,0,5,93,16,114,34,0,34,148
07/28/2020,ACT,TX,ASW,CE,Combined TRACON& Tower with Radar,0,5,30,11,46,0,2,42,0,44,0,7,72,11,90,0,50,50,140
07/29/2020,ACT,TX,ASW,CE,Combined TRACON& Tower with Radar,0,8,40,15,63,0,3,76,0,79,0,11,116,15,142,78,0,78,220
07/30/2020,ACT,TX,ASW,CE,Combined TRACON& Tower with Radar,0,5,49,13,67,0,0,52,0,52,0,5,101,13,119,92,0,92,211
07/31/2020,ACT,TX,ASW,CE,Combined TRACON& Tower with Radar,0,6,54,7,67,0,2,38,0,40,0,8,92,7,107,43,0,43,150
08/01/2020,ACT,TX,ASW,CE,Combined TRACON& Tower with Radar,0,7,25,0,32,0,2,48,0,50,0,9,73,0,82,28,0,28,110
08/02/2020,ACT,TX,ASW,CE,Combined TRACON& Tower with Radar,0,6,24,21,51,0,1,30,3,34,0,7,54,24,85,72,0,72,157
08/03/2020,ACT,TX,ASW,CE,Combined TRACON& Tower with Radar,0,5,27,24,56,0,0,46,2,48,0,5,73,26,104,48,2,50,154
08/04/2020,ACT,TX,ASW,CE,Combined TRACON& Tower with Radar,0,6,54,4,64,0,6,69,2,77,0,12,123,6,141,54,0,54,195
08/05/2020,ACT,TX,ASW,CE,Combined TRACON& Tower with Radar,0,6,47,18,71,0,2,54,4,60,0,8,101,22,131,70,0,70,201
08/06/2020,ACT,TX,ASW,CE,Combined TRACON& Tower with Radar,0,10,41,5,56,0,5,55,0,60,0,15,96,5,116,14,0,14,130
08/07/2020,ACT,TX,ASW,CE,Combined TRACON& Tower with Radar,0,5,36,27,68,0,2,50,6,58,0,7,86,33,126,26,4,30,156
08/08/2020,ACT,TX,ASW,CE,Combined TRACON& Tower with Radar,0,7,28,0,35,0,0,26,0,26,0,7,54,0,61,16,0,16,77
08/09/2020,ACT,TX,ASW,CE,Combined TRACON& Tower with Radar,1,8,14,10,33,0,0,17,0,17,1,8,31,10,50,6,0,6,56
08/10/2020,ACT,TX,ASW,CE,Combined TRACON& Tower with Radar,0,9,44,29,82,0,0,35,5,40,0,9,79,34,122,22,0,22,144
08/11/2020,ACT,TX,ASW,CE,Combined TRACON& Tower with Radar,0,5,64,29,98,0,0,47,6,53,0,5,111,35,151,30,2,32,183
08/12/2020,ACT,TX,ASW,CE,Combined TRACON& Tower with Radar,0,8,36,19,63,0,0,52,4,56,0,8,88,23,119,30,6,36,155
08/13/2020,ACT,TX,ASW,CE,Combined TRACON& Tower with Radar,0,8,65,15,88,0,0,63,2,65,0,8,128,17,153,40,0,40,193
08/14/2020,ACT,TX,ASW,CE,Combined TRACON& Tower with Radar,0,7,55,11,73,0,0,50,3,53,0,7,105,14,126,26,0,26,152
08/15/2020,ACT,TX,ASW,CE,Combined TRACON& Tower with Radar,0,12,21,0,33,0,2,42,0,44,0,14,63,0,77,16,0,16,93
08/16/2020,ACT,TX,ASW,CE,Combined TRACON& Tower with Radar,1,10,24,8,43,0,0,31,4,35,1,10,55,12,78,8,0,8,86
08/17/2020,ACT,TX,ASW,CE,Combined TRACON& Tower with Radar,0,12,50,10,72,0,0,41,0,41,0,12,91,10,113,38,0,38,151
08/18/2020,ACT,TX,ASW,CE,Combined TRACON& Tower with Radar,0,6,47,26,79,0,1,42,4,47,0,7,89,30,126,38,12,50,176
08/19/2020,ACT,TX,ASW,CE,Combined TRACON& Tower with Radar,0,9,55,37,101,0,2,50,0,52,0,11,105,37,153,37,0,37,190
08/20/2020,ACT,TX,ASW,CE,Combined TRACON& Tower with Radar,0,7,52,25,84,0,1,57,11,69,0,8,109,36,153,64,0,64,217
08/21/2020,ACT,TX,ASW,CE,Combined TRACON& Tower with Radar,0,7,35,24,66,0,0,56,8,64,0,7,91,32,130,50,4,54,184
08/22/2020,ACT,TX,ASW,CE,Combined TRACON& Tower with Radar,0,7,22,6,35,0,0,41,0,41,0,7,63,6,76,38,0,38,114
08/23/2020,ACT,TX,ASW,CE,Combined TRACON& Tower with Radar,0,5,22,2,29,0,0,27,0,27,0,5,49,2,56,22,0,22,78
08/24/2020,ACT,TX,ASW,CE,Combined TRACON& Tower with Radar,0,5,17,25,47,0,3,39,5,47,0,8,56,30,94,8,0,8,102
08/25/2020,ACT,TX,ASW,CE,Combined TRACON& Tower with Radar,0,6,32,15,53,0,3,65,5,73,0,9,97,20,126,50,0,50,176
08/26/2020,ACT,TX,ASW,CE,Combined TRACON& Tower with Radar,0,9,20,2,31,0,0,31,0,31,0,9,51,2,62,50,0,50,112
08/27/2020,ACT,TX,ASW,CE,Combined TRACON& Tower with Radar,0,5,38,7,50,0,2,52,0,54,0,7,90,7,104,52,0,52,156
08/28/2020,ACT,TX,ASW,CE,Combined TRACON& Tower with Radar,0,9,35,23,67,0,0,56,0,56,0,9,91,23,123,68,0,68,191
08/29/2020,ACT,TX,ASW,CE,Combined TRACON& Tower with Radar,0,6,29,0,35,0,0,46,2,48,0,6,75,2,83,16,0,16,99
08/30/2020,ACT,TX,ASW,CE,Combined TRACON& Tower with Radar,2,5,26,3,36,0,0,16,1,17,2,5,42,4,53,6,0,6,59
08/31/2020,ACT,TX,ASW,CE,Combined TRACON& Tower with Radar,0,5,24,67,96,0,0,47,7,54,0,5,71,74,150,56,2,58,208
09/01/2020,ACT,TX,ASW,CE,Combined TRACON& Tower with Radar,6,3,47,30,86,0,0,44,2,46,6,3,91,32,132,38,0,38,170
09/02/2020,ACT,TX,ASW,CE,Combined TRACON& Tower with Radar,0,4,12,2,18,0,0,20,0,20,0,4,32,2,38,32,0,32,70
09/03/2020,ACT,TX,ASW,CE,Combined TRACON& Tower with Radar,0,5,13,1,19,0,0,9,0,9,0,5,22,1,28,0,0,0,28
09/04/2020,ACT,TX,ASW,CE,Combined TRACON& Tower with Radar,0,9,17,0,26,0,0,16,0,16,0,9,33,0,42,52,0,52,94
09/05/2020,ACT,TX,ASW,CE,Combined TRACON& Tower with Radar,2,10,20,0,32,0,1,17,0,18,2,11,37,0,50,12,0,12,62
09/06/2020,ACT,TX,ASW,CE,Combined TRACON& Tower with Radar,0,4,17,2,23,0,1,18,0,19,0,5,35,2,42,14,0,14,56
09/07/2020,ACT,TX,ASW,CE,Combined TRACON& Tower with Radar,0,7,43,0,50,0,0,46,0,46,0,7,89,0,96,46,0,46,142
09/08/2020,ACT,TX,ASW,CE,Combined TRACON& Tower with Radar,0,12,28,15,55,0,0,42,1,43,0,12,70,16,98,72,0,72,170
09/09/2020,ACT,TX,ASW,CE,Combined TRACON& Tower with Radar,0,8,17,0,25,0,0,6,0,6,0,8,23,0,31,102,0,102,133
09/10/2020,ACT,TX,ASW,CE,Combined TRACON& Tower with Radar,0,8,52,15,75,0,0,1,0,1,0,8,53,15,76,106,0,106,182
09/11/2020,ACT,TX,ASW,CE,Combined TRACON& Tower with Radar,0,4,82,56,142,0,2,18,2,22,0,6,100,58,164,162,0,162,326
09/12/2020,ACT,TX,ASW,CE,Combined TRACON& Tower with Radar,0,4,21,29,54,0,2,55,11,68,0,6,76,40,122,84,16,100,222
09/13/2020,ACT,TX,ASW,CE,Combined TRACON& Tower with Radar,0,7,25,12,44,0,1,45,3,49,0,8,70,15,93,23,0,23,116
09/14/2020,ACT,TX,ASW,CE,Combined TRACON& Tower with Radar,0,11,36,13,60,0,0,80,2,82,0,11,116,15,142,116,0,116,258
09/15/2020,ACT,TX,ASW,CE,Combined TRACON& Tower with Radar,0,13,49,25,87,0,2,27,0,29,0,15,76,25,116,184,0,184,300
09/16/2020,ACT,TX,ASW,CE,Combined TRACON& Tower with Radar,0,6,36,4,46,0,0,48,0,48,0,6,84,4,94,110,0,110,204
09/17/2020,ACT,TX,ASW,CE,Combined TRACON& Tower with Radar,0,5,36,0,41,0,0,54,0,54,0,5,90,0,95,48,0,48,143
09/18/2020,ACT,TX,ASW,CE,Combined TRACON& Tower with Radar,0,6,35,25,66,0,0,97,2,99,0,6,132,27,165,31,8,39,204
09/19/2020,ACT,TX,ASW,CE,Combined TRACON& Tower with Radar,0,6,33,36,75,0,0,49,5,54,0,6,82,41,129,22,60,82,211
09/20/2020,ACT,TX,ASW,CE,Combined TRACON& Tower with Radar,1,7,34,2,44,0,0,50,0,50,1,7,84,2,94,26,0,26,120
09/21/2020,ACT,TX,ASW,CE,Combined TRACON& Tower with Radar,0,4,18,2,24,0,0,8,0,8,0,4,26,2,32,44,0,44,76
09/22/2020,ACT,TX,ASW,CE,Combined TRACON& Tower with Radar,0,9,15,0,24,0,0,0,0,0,0,9,15,0,24,0,0,0,24
09/23/2020,ACT,TX,ASW,CE,Combined TRACON& Tower with Radar,0,6,96,6,108,0,0,15,0,15,0,6,111,6,123,100,0,100,223
09/24/2020,ACT,TX,ASW,CE,Combined TRACON& Tower with Radar,0,15,57,12,84,0,0,45,0,45,0,15,102,12,129,188,8,196,325
09/25/2020,ACT,TX,ASW,CE,Combined TRACON& Tower with Radar,1,4,48,13,66,0,2,80,1,83,1,6,128,14,149,86,0,86,235
09/26/2020,ACT,TX,ASW,CE,Combined TRACON& Tower with Radar,0,4,57,7,68,0,0,30,3,33,0,4,87,10,101,0,0,0,101
09/27/2020,ACT,TX,ASW,CE,Combined TRACON& Tower with Radar,0,14,34,6,54,0,0,18,0,18,0,14,52,6,72,24,0,24,96
09/28/2020,ACT,TX,ASW,CE,Combined TRACON& Tower with Radar,0,7,15,23,45,0,0,63,3,66,0,7,78,26,111,52,4,56,167
09/29/2020,ACT,TX,ASW,CE,Combined TRACON& Tower with Radar,0,6,44,11,61,0,0,75,0,75,0,6,119,11,136,120,0,120,256
09/30/2020,ACT,TX,ASW,CE,Combined TRACON& Tower with Radar,0,9,47,22,78,0,0,89,0,89,0,9,136,22,167,84,0,84,251
10/01/2020,ACT,TX,ASW,CE,Combined TRACON& Tower with Radar,0,10,52,29,91,0,1,77,3,81,0,11,129,32,172,85,4,89,261
10/02/2020,ACT,TX,ASW,CE,Combined TRACON& Tower with Radar,2,9,67,19,97,0,0,76,1,77,2,9,143,20,174,96,0,96,270
10/03/2020,ACT,TX,ASW,CE,Combined TRACON& Tower with Radar,2,9,34,24,69,0,0,50,6,56,2,9,84,30,125,26,32,58,183
10/04/2020,ACT,TX,ASW,CE,Combined TRACON& Tower with Radar,0,11,38,6,55,0,0,35,0,35,0,11,73,6,90,6,0,6,96
10/05/2020,ACT,TX,ASW,CE,Combined TRACON& Tower with Radar,0,7,20,31,58,0,0,60,4,64,0,7,80,35,122,76,0,76,198
10/06/2020,ACT,TX,ASW,CE,Combined TRACON& Tower with Radar,0,9,44,20,73,0,0,77,0,77,0,9,121,20,150,108,4,112,262
10/07/2020,ACT,TX,ASW,CE,Combined TRACON& Tower with Radar,0,10,45,18,73,0,4,71,13,88,0,14,116,31,161,102,8,110,271
10/08/2020,ACT,TX,ASW,CE,Combined TRACON& Tower with Radar,0,7,51,17,75,0,0,87,7,94,0,7,138,24,169,110,0,110,279
10/09/2020,ACT,TX,ASW,CE,Combined TRACON& Tower with Radar,0,11,75,7,93,0,1,36,3,40,0,12,111,10,133,69,2,71,204
10/10/2020,ACT,TX,ASW,CE,Combined TRACON& Tower with Radar,0,9,25,18,52,0,0,49,1,50,0,9,74,19,102,14,12,26,128
10/11/2020,ACT,TX,ASW,CE,Combined TRACON& Tower with Radar,0,6,13,8,27,0,1,44,0,45,0,7,57,8,72,24,0,24,96
10/12/2020,ACT,TX,ASW,CE,Combined TRACON& Tower with Radar,0,7,41,0,48,0,3,53,0,56,0,10,94,0,104,70,0,70,174
10/13/2020,ACT,TX,ASW,CE,Combined TRACON& Tower with Radar,0,6,39,16,61,0,1,87,0,88,0,7,126,16,149,104,0,104,253
10/14/2020,ACT,TX,ASW,CE,Combined TRACON& Tower with Radar,0,5,49,40,94,0,0,54,1,55,0,5,103,41,149,150,0,150,299
10/15/2020,ACT,TX,ASW,CE,Combined TRACON& Tower with Radar,0,5,44,22,71,0,3,40,1,44,0,8,84,23,115,64,0,64,179
10/16/2020,ACT,TX,ASW,CE,Combined TRACON& Tower with Radar,0,7,45,30,82,0,3,103,2,108,0,10,148,32,190,98,8,106,296
10/17/2020,ACT,TX,ASW,CE,Combined TRACON& Tower with Radar,0,6,29,44,79,0,0,18,3,21,0,6,47,47,100,6,14,20,120
10/18/2020,ACT,TX,ASW,CE,Combined TRACON& Tower with Radar,0,7,23,16,46,0,0,23,0,23,0,7,46,16,69,14,0,14,83
10/19/2020,ACT,TX,ASW,CE,Combined TRACON& Tower with Radar,0,7,49,31,87,0,0,20,2,22,0,7,69,33,109,162,0,162,271
10/20/2020,ACT,TX,ASW,CE,Combined TRACON& Tower with Radar,0,9,69,30,108,0,4,45,0,49,0,13,114,30,157,108,0,108,265
10/21/2020,ACT,TX,ASW,CE,Combined TRACON& Tower with Radar,1,4,46,16,67,0,4,59,1,64,1,8,105,17,131,216,0,216,347
10/22/2020,ACT,TX,ASW,CE,Combined TRACON& Tower with Radar,0,10,62,25,97,0,2,46,1,49,0,12,108,26,146,74,0,74,220
10/23/2020,ACT,TX,ASW,CE,Combined TRACON& Tower with Radar,2,5,22,24,53,0,0,7,0,7,2,5,29,24,60,50,8,58,118
10/24/2020,ACT,TX,ASW,CE,Combined TRACON& Tower with Radar,0,6,20,49,75,0,0,52,6,58,0,6,72,55,133,16,18,34,167
10/25/2020,ACT,TX,ASW,CE,Combined TRACON& Tower with Radar,0,5,35,11,51,0,0,5,2,7,0,5,40,13,58,14,0,14,72
10/26/2020,ACT,TX,ASW,CE,Combined TRACON& Tower with Radar,0,7,6,0,13,0,0,0,0,0,0,7,6,0,13,0,0,0,13
10/27/2020,ACT,TX,ASW,CE,Combined TRACON& Tower with Radar,1,5,27,1,34,0,0,0,0,0,1,5,27,1,34,0,0,0,34
10/28/2020,ACT,TX,ASW,CE,Combined TRACON& Tower with Radar,1,8,37,8,54,0,2,11,4,17,1,10,48,12,71,78,22,100,171
10/29/2020,ACT,TX,ASW,CE,Combined TRACON& Tower with Radar,0,7,45,11,63,0,0,26,1,27,0,7,71,12,90,70,0,70,160
10/30/2020,ACT,TX,ASW,CE,Combined TRACON& Tower with Radar,0,6,70,17,93,0,9,130,1,140,0,15,200,18,233,201,0,201,434
10/31/2020,ACT,TX,ASW,CE,Combined TRACON& Tower with Radar,3,4,29,45,81,0,0,92,1,93,3,4,121,46,174,71,4,75,249
11/01/2020,ACT,TX,ASW,CE,Combined TRACON& Tower with Radar,1,7,21,8,37,0,0,39,0,39,1,7,60,8,76,12,0,12,88
11/02/2020,ACT,TX,ASW,CE,Combined TRACON& Tower with Radar,0,6,43,45,94,0,5,91,1,97,0,11,134,46,191,52,6,58,249
11/03/2020,ACT,TX,ASW,CE,Combined TRACON& Tower with Radar,3,4,41,12,60,0,3,90,2,95,3,7,131,14,155,104,0,104,259
11/04/2020,ACT,TX,ASW,CE,Combined TRACON& Tower with Radar,2,13,57,21,93,0,1,85,1,87,2,14,142,22,180,140,8,148,328
11/05/2020,ACT,TX,ASW,CE,Combined TRACON& Tower with Radar,0,5,45,43,93,0,0,59,14,73,0,5,104,57,166,116,4,120,286
11/06/2020,ACT,TX,ASW,CE,Combined TRACON& Tower with Radar,2,12,41,33,88,0,0,69,1,70,2,12,110,34,158,76,0,76,234
11/07/2020,ACT,TX,ASW,CE,Combined TRACON& Tower with Radar,0,7,17,10,34,0,2,78,0,80,0,9,95,10,114,62,0,62,176
11/08/2020,ACT,TX,ASW,CE,Combined TRACON& Tower with Radar,0,8,23,6,37,0,0,15,0,15,0,8,38,6,52,40,0,40,92
11/09/2020,ACT,TX,ASW,CE,Combined TRACON& Tower with Radar,0,6,35,6,47,0,0,43,2,45,0,6,78,8,92,65,0,65,157
11/10/2020,ACT,TX,ASW,CE,Combined TRACON& Tower with Radar,0,8,38,23,69,0,0,41,0,41,0,8,79,23,110,106,0,106,216
11/11/2020,ACT,TX,ASW,CE,Combined TRACON& Tower with Radar,0,8,50,6,64,0,4,94,0,98,0,12,144,6,162,163,0,163,325
11/12/2020,ACT,TX,ASW,CE,Combined TRACON& Tower with Radar,0,8,57,23,88,0,0,89,8,97,0,8,146,31,185,86,0,86,271
11/13/2020,ACT,TX,ASW,CE,Combined TRACON& Tower with Radar,2,6,39,25,72,0,2,38,0,40,2,8,77,25,112,108,0,108,220
11/14/2020,ACT,TX,ASW,CE,Combined TRACON& Tower with Radar,2,9,26,39,76,0,0,20,1,21,2,9,46,40,97,104,28,132,229
11/15/2020,ACT,TX,ASW,CE,Combined TRACON& Tower with Radar,0,6,17,2,25,0,0,50,0,50,0,6,67,2,75,57,0,57,132
11/16/2020,ACT,TX,ASW,CE,Combined TRACON& Tower with Radar,0,6,43,36,85,0,0,88,4,92,0,6,131,40,177,100,0,100,277
11/17/2020,ACT,TX,ASW,CE,Combined TRACON& Tower with Radar,0,8,38,29,75,0,0,90,7,97,0,8,128,36,172,152,6,158,330
11/18/2020,ACT,TX,ASW,CE,Combined TRACON& Tower with Radar,0,10,58,27,95,0,0,92,5,97,0,10,150,32,192,104,0,104,296
11/19/2020,ACT,TX,ASW,CE,Combined TRACON& Tower with Radar,0,8,46,34,88,0,0,53,8,61,0,8,99,42,149,50,8,58,207
11/20/2020,ACT,TX,ASW,CE,Combined TRACON& Tower with Radar,0,6,36,24,66,0,0,48,6,54,0,6,84,30,120,48,0,48,168
11/21/2020,ACT,TX,ASW,CE,Combined TRACON& Tower with Radar,0,9,28,21,58,0,0,44,2,46,0,9,72,23,104,48,10,58,162
11/22/2020,ACT,TX,ASW,CE,Combined TRACON& Tower with Radar,0,6,32,6,44,0,0,10,0,10,0,6,42,6,54,0,0,0,54
11/23/2020,ACT,TX,ASW,CE,Combined TRACON& Tower with Radar,2,11,47,23,83,0,1,2,1,4,2,12,49,24,87,38,12,50,137
11/24/2020,ACT,TX,ASW,CE,Combined TRACON& Tower with Radar,0,6,32,14,52,0,0,8,0,8,0,6,40,14,60,14,0,14,74
11/25/2020,ACT,TX,ASW,CE,Combined TRACON& Tower with Radar,0,10,20,0,30,0,4,76,0,80,0,14,96,0,110,96,0,96,206
11/26/2020,ACT,TX,ASW,CE,Combined TRACON& Tower with Radar,2,3,3,0,8,0,0,18,0,18,2,3,21,0,26,2,0,2,28
11/27/2020,ACT,TX,ASW,CE,Combined TRACON& Tower with Radar,3,4,8,0,15,0,0,0,0,0,3,4,8,0,15,0,0,0,15
11/28/2020,ACT,TX,ASW,CE,Combined TRACON& Tower with Radar,3,8,17,0,28,0,0,1,2,3,3,8,18,2,31,0,0,0,31
11/29/2020,ACT,TX,ASW,CE,Combined TRACON& Tower with Radar,0,9,29,0,38,0,0,3,0,3,0,9,32,0,41,0,0,0,41
11/30/2020,ACT,TX,ASW,CE,Combined TRACON& Tower with Radar,0,12,33,16,61,0,3,67,6,76,0,15,100,22,137,48,0,48,185
12/01/2020,ACT,TX,ASW,CE,Combined TRACON& Tower with Radar,0,8,29,18,55,0,0,50,0,50,0,8,79,18,105,72,0,72,177
12/02/2020,ACT,TX,ASW,CE,Combined TRACON& Tower with Radar,0,10,30,12,52,0,0,29,0,29,0,10,59,12,81,77,6,83,164
12/03/2020,ACT,TX,ASW,CE,Combined TRACON& Tower with Radar,0,6,42,23,71,0,0,26,0,26,0,6,68,23,97,0,0,0,97
12/04/2020,ACT,TX,ASW,CE,Combined TRACON& Tower with Radar,0,7,31,24,62,0,6,102,5,113,0,13,133,29,175,108,6,114,289
12/05/2020,ACT,TX,ASW,CE,Combined TRACON& Tower with Radar,0,9,23,38,70,0,2,53,7,62,0,11,76,45,132,44,18,62,194
12/06/2020,ACT,TX,ASW,CE,Combined TRACON& Tower with Radar,0,8,11,2,21,0,0,41,0,41,0,8,52,2,62,42,0,42,104
12/07/2020,ACT,TX,ASW,CE,Combined TRACON& Tower with Radar,0,7,44,26,77,0,0,79,2,81,0,7,123,28,158,20,0,20,178
12/08/2020,ACT,TX,ASW,CE,Combined TRACON& Tower with Radar,0,10,43,37,90,0,3,61,11,75,0,13,104,48,165,86,0,86,251
12/09/2020,ACT,TX,ASW,CE,Combined TRACON& Tower with Radar,0,8,28,30,66,0,0,77,3,80,0,8,105,33,146,38,0,38,184
12/10/2020,ACT,TX,ASW,CE,Combined TRACON& Tower with Radar,0,8,36,18,62,0,0,61,1,62,0,8,97,19,124,32,12,44,168
12/11/2020,ACT,TX,ASW,CE,Combined TRACON& Tower with Radar,2,6,26,8,42,0,0,13,0,13,2,6,39,8,55,24,12,36,91
12/12/2020,ACT,TX,ASW,CE,Combined TRACON& Tower with Radar,2,7,41,13,63,0,1,59,0,60,2,8,100,13,123,16,0,16,139
12/13/2020,ACT,TX,ASW,CE,Combined TRACON& Tower with Radar,0,6,10,0,16,0,0,1,0,1,0,6,11,0,17,0,0,0,17
12/14/2020,ACT,TX,ASW,CE,Combined TRACON& Tower with Radar,0,6,27,18,51,0,0,57,6,63,0,6,84,24,114,62,14,76,190
12/15/2020,ACT,TX,ASW,CE,Combined TRACON& Tower with Radar,0,6,32,12,50,0,0,0,0,0,0,6,32,12,50,0,0,0,50
12/16/2020,ACT,TX,ASW,CE,Combined TRACON& Tower with Radar,0,4,40,12,56,0,0,53,0,53,0,4,93,12,109,70,0,70,179
12/17/2020,ACT,TX,ASW,CE,Combined TRACON& Tower with Radar,0,6,34,35,75,0,0,50,1,51,0,6,84,36,126,32,6,38,164
12/18/2020,ACT,TX,ASW,CE,Combined TRACON& Tower with Radar,0,9,26,38,73,0,1,22,0,23,0,10,48,38,96,30,0,30,126
12/19/2020,ACT,TX,ASW,CE,Combined TRACON& Tower with Radar,0,17,16,3,36,0,0,5,1,6,0,17,21,4,42,2,0,2,44
12/20/2020,ACT,TX,ASW,CE,Combined TRACON& Tower with Radar,0,12,30,0,42,0,0,39,0,39,0,12,69,0,81,2,0,2,83
12/21/2020,ACT,TX,ASW,CE,Combined TRACON& Tower with Radar,0,8,9,5,22,0,2,65,1,68,0,10,74,6,90,42,0,42,132
12/22/2020,ACT,TX,ASW,CE,Combined TRACON& Tower with Radar,0,8,22,26,56,0,0,29,0,29,0,8,51,26,85,20,0,20,105
12/23/2020,ACT,TX,ASW,CE,Combined TRACON& Tower with Radar,0,8,15,2,25,0,0,26,2,28,0,8,41,4,53,20,0,20,73
12/24/2020,ACT,TX,ASW,CE,Combined TRACON& Tower with Radar,0,4,7,0,11,0,0,14,0,14,0,4,21,0,25,4,0,4,29
12/25/2020,ACT,TX,ASW,CE,Combined TRACON& Tower with Radar,0,4,2,0,6,0,0,5,0,5,0,4,7,0,11,4,0,4,15
12/26/2020,ACT,TX,ASW,CE,Combined TRACON& Tower with Radar,0,9,15,0,24,0,1,42,0,43,0,10,57,0,67,10,0,10,77
12/27/2020,ACT,TX,ASW,CE,Combined TRACON& Tower with Radar,0,8,12,0,20,0,0,20,0,20,0,8,32,0,40,10,0,10,50
12/28/2020,ACT,TX,ASW,CE,Combined TRACON& Tower with Radar,0,11,51,9,71,0,0,1,0,1,0,11,52,9,72,18,0,18,90
12/29/2020,ACT,TX,ASW,CE,Combined TRACON& Tower with Radar,0,10,22,2,34,0,3,3,0,6,0,13,25,2,40,0,0,0,40
12/30/2020,ACT,TX,ASW,CE,Combined TRACON& Tower with Radar,0,8,18,0,26,0,0,0,0,0,0,8,18,0,26,0,0,0,26
12/31/2020,ACT,TX,ASW,CE,Combined TRACON& Tower with Radar,0,6,4,0,10,0,0,0,0,0,0,6,4,0,10,0,0,0,10
01/01/2021,ACT,TX,ASW,CE,Combined TRACON& Tower with Radar,0,9,9,0,18,0,2,4,0,6,0,11,13,0,24,0,0,0,24
01/02/2021,ACT,TX,ASW,CE,Combined TRACON& Tower with Radar,0,11,30,0,41,0,0,45,0,45,0,11,75,0,86,14,0,14,100
01/03/2021,ACT,TX,ASW,CE,Combined TRACON& Tower with Radar,0,9,22,0,31,0,0,34,0,34,0,9,56,0,65,26,0,26,91
01/04/2021,ACT,TX,ASW,CE,Combined TRACON& Tower with Radar,0,9,34,6,49,0,0,49,0,49,0,9,83,6,98,60,6,66,164
01/05/2021,ACT,TX,ASW,CE,Combined TRACON& Tower with Radar,0,7,57,12,76,0,6,64,0,70,0,13,121,12,146,50,0,50,196
01/06/2021,ACT,TX,ASW,CE,Combined TRACON& Tower with Radar,0,8,27,9,44,0,0,8,0,8,0,8,35,9,52,2,0,2,54
01/07/2021,ACT,TX,ASW,CE,Combined TRACON& Tower with Radar,0,9,52,22,83,0,2,43,2,47,0,11,95,24,130,38,0,38,168
01/08/2021,ACT,TX,ASW,CE,Combined TRACON& Tower with Radar,0,12,52,33,97,0,1,29,0,30,0,13,81,33,127,0,0,0,127
01/09/2021,ACT,TX,ASW,CE,Combined TRACON& Tower with Radar,0,8,23,47,78,0,0,36,5,41,0,8,59,52,119,46,24,70,189
01/10/2021,ACT,TX,ASW,CE,Combined TRACON& Tower with Radar,0,0,5,0,5,0,0,0,0,0,0,0,5,0,5,0,0,0,5
01/11/2021,ACT,TX,ASW,CE,Combined TRACON& Tower with Radar,0,9,25,30,64,0,4,14,3,21,0,13,39,33,85,24,0,24,109
01/12/2021,ACT,TX,ASW,CE,Combined TRACON& Tower with Radar,0,9,37,10,56,0,2,48,0,50,0,11,85,10,106,16,0,16,122
01/13/2021,ACT,TX,ASW,CE,Combined TRACON& Tower with Radar,0,6,59,25,90,0,0,75,6,81,0,6,134,31,171,32,0,32,203
01/14/2021,ACT,TX,ASW,CE,Combined TRACON& Tower with Radar,0,9,20,8,37,0,3,24,9,36,0,12,44,17,73,22,0,22,95
01/15/2021,ACT,TX,ASW,CE,Combined TRACON& Tower with Radar,0,9,20,8,37,0,0,18,0,18,0,9,38,8,55,0,0,0,55
01/16/2021,ACT,TX,ASW,CE,Combined TRACON& Tower with Radar,0,15,35,11,61,0,4,67,4,75,0,19,102,15,136,44,8,52,188
01/17/2021,ACT,TX,ASW,CE,Combined TRACON& Tower with Radar,1,8,26,4,39,0,0,65,1,66,1,8,91,5,105,22,0,22,127
01/18/2021,ACT,TX,ASW,CE,Combined TRACON& Tower with Radar,0,10,59,0,69,0,2,37,2,41,0,12,96,2,110,64,0,64,174
01/19/2021,ACT,TX,ASW,CE,Combined TRACON& Tower with Radar,0,8,17,3,28,0,1,4,0,5,0,9,21,3,33,52,0,52,85
01/20/2021,ACT,TX,ASW,CE,Combined TRACON& Tower with Radar,0,9,53,16,78,0,0,1,0,1,0,9,54,16,79,38,0,38,117
01/21/2021,ACT,TX,ASW,CE,Combined TRACON& Tower with Radar,0,23,49,2,74,0,0,38,0,38,0,23,87,2,112,44,0,44,156
01/22/2021,ACT,TX,ASW,CE,Combined TRACON& Tower with Radar,0,8,29,6,43,0,0,0,0,0,0,8,29,6,43,0,0,0,43
01/23/2021,ACT,TX,ASW,CE,Combined TRACON& Tower with Radar,0,12,9,0,21,0,0,0,0,0,0,12,9,0,21,0,0,0,21
01/24/2021,ACT,TX,ASW,CE,Combined TRACON& Tower with Radar,0,11,1,0,12,0,0,1,0,1,0,11,2,0,13,0,0,0,13
01/25/2021,ACT,TX,ASW,CE,Combined TRACON& Tower with Radar,2,4,38,24,68,0,1,92,4,97,2,5,130,28,165,44,0,44,209
01/26/2021,ACT,TX,ASW,CE,Combined TRACON& Tower with Radar,0,9,46,19,74,0,1,126,4,131,0,10,172,23,205,76,10,86,291
01/27/2021,ACT,TX,ASW,CE,Combined TRACON& Tower with Radar,0,11,31,17,59,0,0,78,3,81,0,11,109,20,140,46,12,58,198
01/28/2021,ACT,TX,ASW,CE,Combined TRACON& Tower with Radar,0,6,51,33,90,0,4,103,2,109,0,10,154,35,199,69,12,81,280
01/29/2021,ACT,TX,ASW,CE,Combined TRACON& Tower with Radar,0,12,46,36,94,0,2,86,1,89,0,14,132,37,183,86,0,86,269
01/30/2021,ACT,TX,ASW,CE,Combined TRACON& Tower with Radar,2,14,24,0,40,0,0,2,0,2,2,14,26,0,42,0,0,0,42
01/31/2021,ACT,TX,ASW,CE,Combined TRACON& Tower with Radar,0,11,20,2,33,0,2,29,0,31,0,13,49,2,64,30,0,30,94
02/01/2021,ACT,TX,ASW,CE,Combined TRACON& Tower with Radar,0,7,35,36,78,0,4,80,6,90,0,11,115,42,168,134,0,134,302
02/02/2021,ACT,TX,ASW,CE,Combined TRACON& Tower with Radar,0,6,54,31,91,0,0,102,11,113,0,6,156,42,204,108,20,128,332
02/03/2021,ACT,TX,ASW,CE,Combined TRACON& Tower with Radar,1,6,36,32,75,0,0,68,7,75,1,6,104,39,150,76,0,76,226
02/04/2021,ACT,TX,ASW,CE,Combined TRACON& Tower with Radar,0,6,55,31,92,0,0,40,4,44,0,6,95,35,136,24,6,30,166
02/05/2021,ACT,TX,ASW,CE,Combined TRACON& Tower with Radar,0,12,27,45,84,0,1,60,1,62,0,13,87,46,146,18,6,24,170
02/06/2021,ACT,TX,ASW,CE,Combined TRACON& Tower with Radar,0,10,33,29,72,0,2,11,0,13,0,12,44,29,85,0,0,0,85
02/07/2021,ACT,TX,ASW,CE,Combined TRACON& Tower with Radar,0,8,20,23,51,0,0,29,0,29,0,8,49,23,80,14,0,14,94
02/08/2021,ACT,TX,ASW,CE,Combined TRACON& Tower with Radar,0,10,58,36,104,0,0,22,3,25,0,10,80,39,129,48,0,48,177
02/09/2021,ACT,TX,ASW,CE,Combined TRACON& Tower with Radar,0,14,73,12,99,0,0,8,0,8,0,14,81,12,107,0,0,0,107
02/10/2021,ACT,TX,ASW,CE,Combined TRACON& Tower with Radar,0,12,6,0,18,0,0,0,0,0,0,12,6,0,18,0,0,0,18
02/11/2021,ACT,TX,ASW,CE,Combined TRACON& Tower with Radar,0,0,0,0,0,0,0,0,0,0,0,0,0,0,0,0,0,0,0
02/12/2021,ACT,TX,ASW,CE,Combined TRACON& Tower with Radar,0,8,3,2,13,0,0,0,0,0,0,8,3,2,13,0,0,0,13
02/13/2021,ACT,TX,ASW,CE,Combined TRACON& Tower with Radar,0,8,4,0,12,0,0,0,0,0,0,8,4,0,12,0,0,0,12
02/14/2021,ACT,TX,ASW,CE,Combined TRACON& Tower with Radar,0,0,0,0,0,0,0,0,0,0,0,0,0,0,0,0,0,0,0
02/15/2021,ACT,TX,ASW,CE,Combined TRACON& Tower with Radar,0,0,0,0,0,0,0,0,0,0,0,0,0,0,0,0,0,0,0
02/16/2021,ACT,TX,ASW,CE,Combined TRACON& Tower with Radar,0,0,0,0,0,0,0,0,0,0,0,0,0,0,0,0,0,0,0
02/17/2021,ACT,TX,ASW,CE,Combined TRACON& Tower with Radar,0,0,0,0,0,0,0,0,0,0,0,0,0,0,0,0,0,0,0
02/18/2021,ACT,TX,ASW,CE,Combined TRACON& Tower with Radar,0,0,0,0,0,0,2,0,0,2,0,2,0,0,2,0,0,0,2
02/19/2021,ACT,TX,ASW,CE,Combined TRACON& Tower with Radar,0,3,3,0,6,0,0,0,0,0,0,3,3,0,6,0,0,0,6
02/20/2021,ACT,TX,ASW,CE,Combined TRACON& Tower with Radar,0,6,11,2,19,0,0,21,1,22,0,6,32,3,41,26,0,26,67
02/21/2021,ACT,TX,ASW,CE,Combined TRACON& Tower with Radar,0,7,27,0,34,0,0,20,0,20,0,7,47,0,54,40,0,40,94
02/22/2021,ACT,TX,ASW,CE,Combined TRACON& Tower with Radar,0,11,36,41,88,0,2,80,1,83,0,13,116,42,171,134,12,146,317
02/23/2021,ACT,TX,ASW,CE,Combined TRACON& Tower with Radar,0,11,70,39,120,0,3,89,4,96,0,14,159,43,216,46,4,50,266
02/24/2021,ACT,TX,ASW,CE,Combined TRACON& Tower with Radar,0,9,37,23,69,0,4,84,6,94,0,13,121,29,163,100,4,104,267
02/25/2021,ACT,TX,ASW,CE,Combined TRACON& Tower with Radar,0,6,57,9,72,0,0,19,0,19,0,6,76,9,91,54,0,54,145
02/26/2021,ACT,TX,ASW,CE,Combined TRACON& Tower with Radar,0,12,42,35,89,0,0,7,1,8,0,12,49,36,97,50,6,56,153
02/27/2021,ACT,TX,ASW,CE,Combined TRACON& Tower with Radar,0,7,13,6,26,0,0,1,0,1,0,7,14,6,27,0,0,0,27
02/28/2021,ACT,TX,ASW,CE,Combined TRACON& Tower with Radar,2,14,8,0,24,0,1,0,0,1,2,15,8,0,25,0,0,0,25
03/01/2021,ACT,TX,ASW,CE,Combined TRACON& Tower with Radar,0,9,33,17,59,0,0,15,0,15,0,9,48,17,74,46,0,46,120
03/02/2021,ACT,TX,ASW,CE,Combined TRACON& Tower with Radar,0,11,63,21,95,0,3,77,0,80,0,14,140,21,175,134,0,134,309
03/03/2021,ACT,TX,ASW,CE,Combined TRACON& Tower with Radar,0,9,50,44,103,0,2,70,0,72,0,11,120,44,175,0,0,0,175
03/04/2021,ACT,TX,ASW,CE,Combined TRACON& Tower with Radar,0,12,64,35,111,0,1,84,0,85,0,13,148,35,196,128,0,128,324
03/05/2021,ACT,TX,ASW,CE,Combined TRACON& Tower with Radar,0,22,43,44,109,0,5,70,3,78,0,27,113,47,187,66,0,66,253
03/06/2021,ACT,TX,ASW,CE,Combined TRACON& Tower with Radar,2,11,21,16,50,0,4,70,8,82,2,15,91,24,132,34,0,34,166
03/07/2021,ACT,TX,ASW,CE,Combined TRACON& Tower with Radar,6,12,36,10,64,0,0,40,0,40,6,12,76,10,104,0,0,0,104
03/08/2021,ACT,TX,ASW,CE,Combined TRACON& Tower with Radar,2,14,59,50,125,0,1,90,11,102,2,15,149,61,227,86,10,96,323
03/09/2021,ACT,TX,ASW,CE,Combined TRACON& Tower with Radar,0,8,71,24,103,0,0,20,1,21,0,8,91,25,124,104,28,132,256
03/10/2021,ACT,TX,ASW,CE,Combined TRACON& Tower with Radar,0,15,62,8,85,0,0,22,2,24,0,15,84,10,109,88,0,88,197
03/11/2021,ACT,TX,ASW,CE,Combined TRACON& Tower with Radar,2,16,50,43,111,0,0,35,8,43,2,16,85,51,154,52,6,58,212
03/12/2021,ACT,TX,ASW,CE,Combined TRACON& Tower with Radar,0,14,29,51,94,0,1,24,0,25,0,15,53,51,119,42,2,44,163
03/13/2021,ACT,TX,ASW,CE,Combined TRACON& Tower with Radar,0,7,28,27,62,0,1,2,0,3,0,8,30,27,65,8,0,8,73
03/14/2021,ACT,TX,ASW,CE,Combined TRACON& Tower with Radar,0,13,12,6,31,0,0,15,0,15,0,13,27,6,46,20,0,20,66
03/15/2021,ACT,TX,ASW,CE,Combined TRACON& Tower with Radar,2,13,39,11,65,0,1,86,12,99,2,14,125,23,164,80,0,80,244
03/16/2021,ACT,TX,ASW,CE,Combined TRACON& Tower with Radar,2,9,83,22,116,0,1,30,2,33,2,10,113,24,149,72,0,72,221
03/17/2021,ACT,TX,ASW,CE,Combined TRACON& Tower with Radar,0,12,4,0,16,0,1,12,0,13,0,13,16,0,29,2,0,2,31
03/18/2021,ACT,TX,ASW,CE,Combined TRACON& Tower with Radar,0,14,13,8,35,0,0,29,1,30,0,14,42,9,65,28,0,28,93
03/19/2021,ACT,TX,ASW,CE,Combined TRACON& Tower with Radar,0,20,44,7,71,0,2,69,2,73,0,22,113,9,144,132,0,132,276
03/20/2021,ACT,TX,ASW,CE,Combined TRACON& Tower with Radar,2,10,25,28,65,0,0,71,2,73,2,10,96,30,138,38,0,38,176
03/21/2021,ACT,TX,ASW,CE,Combined TRACON& Tower with Radar,0,16,20,6,42,0,0,41,4,45,0,16,61,10,87,34,0,34,121
03/22/2021,ACT,TX,ASW,CE,Combined TRACON& Tower with Radar,2,6,24,14,46,0,0,8,0,8,2,6,32,14,54,18,2,20,74
03/23/2021,ACT,TX,ASW,CE,Combined TRACON& Tower with Radar,0,10,60,10,80,0,0,99,3,102,0,10,159,13,182,172,0,172,354
03/24/2021,ACT,TX,ASW,CE,Combined TRACON& Tower with Radar,0,10,55,14,79,0,0,40,0,40,0,10,95,14,119,44,0,44,163
03/25/2021,ACT,TX,ASW,CE,Combined TRACON& Tower with Radar,0,12,63,8,83,0,2,40,0,42,0,14,103,8,125,134,0,134,259
03/26/2021,ACT,TX,ASW,CE,Combined TRACON& Tower with Radar,0,14,51,16,81,0,0,131,1,132,0,14,182,17,213,100,0,100,313
03/27/2021,ACT,TX,ASW,CE,Combined TRACON& Tower with Radar,0,11,21,8,40,0,0,16,0,16,0,11,37,8,56,112,0,112,168
03/28/2021,ACT,TX,ASW,CE,Combined TRACON& Tower with Radar,2,8,20,9,39,0,1,26,3,30,2,9,46,12,69,10,0,10,79
03/29/2021,ACT,TX,ASW,CE,Combined TRACON& Tower with Radar,0,12,64,26,102,0,2,98,4,104,0,14,162,30,206,148,2,150,356
03/30/2021,ACT,TX,ASW,CE,Combined TRACON& Tower with Radar,0,15,64,18,97,0,0,15,0,15,0,15,79,18,112,76,6,82,194
03/31/2021,ACT,TX,ASW,CE,Combined TRACON& Tower with Radar,0,14,38,12,64,0,0,16,7,23,0,14,54,19,87,30,8,38,125
04/01/2021,ACT,TX,ASW,CE,Combined TRACON& Tower with Radar,0,13,74,7,94,0,0,84,0,84,0,13,158,7,178,100,0,100,278
04/02/2021,ACT,TX,ASW,CE,Combined TRACON& Tower with Radar,0,15,64,12,91,0,0,80,0,80,0,15,144,12,171,50,0,50,221
04/03/2021,ACT,TX,ASW,CE,Combined TRACON& Tower with Radar,0,13,30,6,49,0,0,33,1,34,0,13,63,7,83,48,0,48,131
04/04/2021,ACT,TX,ASW,CE,Combined TRACON& Tower with Radar,0,9,11,1,21,0,0,19,1,20,0,9,30,2,41,22,0,22,63
04/05/2021,ACT,TX,ASW,CE,Combined TRACON& Tower with Radar,2,16,55,10,83,0,2,47,0,49,2,18,102,10,132,38,0,38,170
04/06/2021,ACT,TX,ASW,CE,Combined TRACON& Tower with Radar,2,12,53,24,91,0,0,8,2,10,2,12,61,26,101,18,0,18,119
04/07/2021,ACT,TX,ASW,CE,Combined TRACON& Tower with Radar,0,11,56,3,70,0,0,67,0,67,0,11,123,3,137,68,0,68,205
04/08/2021,ACT,TX,ASW,CE,Combined TRACON& Tower with Radar,0,12,40,11,63,0,2,74,2,78,0,14,114,13,141,120,0,120,261
04/09/2021,ACT,TX,ASW,CE,Combined TRACON& Tower with Radar,2,14,47,37,100,0,0,27,0,27,2,14,74,37,127,70,2,72,199
04/10/2021,ACT,TX,ASW,CE,Combined TRACON& Tower with Radar,2,12,25,32,71,0,0,52,5,57,2,12,77,37,128,16,20,36,164
04/11/2021,ACT,TX,ASW,CE,Combined TRACON& Tower with Radar,0,14,30,4,48,0,0,62,0,62,0,14,92,4,110,70,14,84,194
04/12/2021,ACT,TX,ASW,CE,Combined TRACON& Tower with Radar,0,24,66,7,97,0,0,60,1,61,0,24,126,8,158,110,6,116,274
04/13/2021,ACT,TX,ASW,CE,Combined TRACON& Tower with Radar,0,12,55,28,95,0,0,66,0,66,0,12,121,28,161,136,0,136,297
04/14/2021,ACT,TX,ASW,CE,Combined TRACON& Tower with Radar,0,10,49,20,79,0,0,36,2,38,0,10,85,22,117,89,6,95,212
04/15/2021,ACT,TX,ASW,CE,Combined TRACON& Tower with Radar,0,19,19,0,38,0,0,0,0,0,0,19,19,0,38,0,0,0,38
04/16/2021,ACT,TX,ASW,CE,Combined TRACON& Tower with Radar,0,11,13,0,24,0,0,0,0,0,0,11,13,0,24,0,0,0,24
04/17/2021,ACT,TX,ASW,CE,Combined TRACON& Tower with Radar,0,14,49,3,66,0,0,27,1,28,0,14,76,4,94,14,0,14,108
04/18/2021,ACT,TX,ASW,CE,Combined TRACON& Tower with Radar,0,13,47,14,74,0,0,61,2,63,0,13,108,16,137,34,0,34,171
04/19/2021,ACT,TX,ASW,CE,Combined TRACON& Tower with Radar,0,11,56,10,77,0,4,108,0,112,0,15,164,10,189,143,0,143,332
04/20/2021,ACT,TX,ASW,CE,Combined TRACON& Tower with Radar,0,10,69,48,127,0,3,73,2,78,0,13,142,50,205,36,4,40,245
04/21/2021,ACT,TX,ASW,CE,Combined TRACON& Tower with Radar,0,10,67,68,145,0,2,84,12,98,0,12,151,80,243,106,8,114,357
04/22/2021,ACT,TX,ASW,CE,Combined TRACON& Tower with Radar,0,15,70,17,102,0,2,72,1,75,0,17,142,18,177,148,4,152,329
04/23/2021,ACT,TX,ASW,CE,Combined TRACON& Tower with Radar,4,11,9,2,26,0,0,0,0,0,4,11,9,2,26,0,0,0,26
04/24/2021,ACT,TX,ASW,CE,Combined TRACON& Tower with Radar,0,15,37,10,62,0,2,51,0,53,0,17,88,10,115,24,0,24,139
04/25/2021,ACT,TX,ASW,CE,Combined TRACON& Tower with Radar,0,11,29,6,46,0,0,52,7,59,0,11,81,13,105,54,0,54,159
04/26/2021,ACT,TX,ASW,CE,Combined TRACON& Tower with Radar,0,10,54,30,94,0,2,59,7,68,0,12,113,37,162,80,16,96,258
04/27/2021,ACT,TX,ASW,CE,Combined TRACON& Tower with Radar,0,9,44,14,67,0,0,2,0,2,0,9,46,14,69,0,0,0,69
04/28/2021,ACT,TX,ASW,CE,Combined TRACON& Tower with Radar,2,10,12,27,51,0,0,14,0,14,2,10,26,27,65,76,2,78,143
04/29/2021,ACT,TX,ASW,CE,Combined TRACON& Tower with Radar,0,16,19,2,37,0,0,0,0,0,0,16,19,2,37,0,0,0,37
04/30/2021,ACT,TX,ASW,CE,Combined TRACON& Tower with Radar,2,17,21,0,40,0,0,0,0,0,2,17,21,0,40,0,0,0,40
05/01/2021,ACT,TX,ASW,CE,Combined TRACON& Tower with Radar,1,8,14,0,23,0,0,2,0,2,1,8,16,0,25,42,0,42,67
05/02/2021,ACT,TX,ASW,CE,Combined TRACON& Tower with Radar,1,17,58,4,80,0,1,60,0,61,1,18,118,4,141,46,0,46,187
05/03/2021,ACT,TX,ASW,CE,Combined TRACON& Tower with Radar,0,14,50,34,98,0,0,45,3,48,0,14,95,37,146,24,0,24,170
05/04/2021,ACT,TX,ASW,CE,Combined TRACON& Tower with Radar,0,16,34,58,108,0,0,35,0,35,0,16,69,58,143,82,0,82,225
05/05/2021,ACT,TX,ASW,CE,Combined TRACON& Tower with Radar,2,9,61,29,101,0,2,114,2,118,2,11,175,31,219,84,4,88,307
05/06/2021,ACT,TX,ASW,CE,Combined TRACON& Tower with Radar,2,15,49,8,74,0,2,95,3,100,2,17,144,11,174,136,0,136,310
05/07/2021,ACT,TX,ASW,CE,Combined TRACON& Tower with Radar,0,18,49,49,116,0,0,92,3,95,0,18,141,52,211,28,0,28,239
05/08/2021,ACT,TX,ASW,CE,Combined TRACON& Tower with Radar,0,11,38,3,52,0,0,8,0,8,0,11,46,3,60,0,0,0,60
05/09/2021,ACT,TX,ASW,CE,Combined TRACON& Tower with Radar,0,14,24,1,39,0,2,7,0,9,0,16,31,1,48,0,0,0,48
05/10/2021,ACT,TX,ASW,CE,Combined TRACON& Tower with Radar,2,15,56,0,73,0,0,1,0,1,2,15,57,0,74,44,0,44,118
05/11/2021,ACT,TX,ASW,CE,Combined TRACON& Tower with Radar,0,5,5,0,10,0,0,0,0,0,0,5,5,0,10,0,0,0,10
05/12/2021,ACT,TX,ASW,CE,Combined TRACON& Tower with Radar,0,15,67,7,89,0,0,11,0,11,0,15,78,7,100,72,0,72,172
05/13/2021,ACT,TX,ASW,CE,Combined TRACON& Tower with Radar,0,12,71,10,93,0,2,73,1,76,0,14,144,11,169,118,0,118,287
05/14/2021,ACT,TX,ASW,CE,Combined TRACON& Tower with Radar,0,21,60,49,130,0,0,101,3,104,0,21,161,52,234,124,20,144,378
05/15/2021,ACT,TX,ASW,CE,Combined TRACON& Tower with Radar,0,10,59,12,81,0,0,31,0,31,0,10,90,12,112,50,0,50,162
05/16/2021,ACT,TX,ASW,CE,Combined TRACON& Tower with Radar,0,15,14,0,29,0,0,1,0,1,0,15,15,0,30,0,0,0,30
05/17/2021,ACT,TX,ASW,CE,Combined TRACON& Tower with Radar,2,12,14,0,28,0,0,8,0,8,2,12,22,0,36,54,0,54,90
05/18/2021,ACT,TX,ASW,CE,Combined TRACON& Tower with Radar,0,13,16,0,29,0,0,2,0,2,0,13,18,0,31,35,0,35,66
05/19/2021,ACT,TX,ASW,CE,Combined TRACON& Tower with Radar,0,12,28,9,49,0,0,24,2,26,0,12,52,11,75,66,0,66,141
05/20/2021,ACT,TX,ASW,CE,Combined TRACON& Tower with Radar,0,17,58,11,86,0,0,37,2,39,0,17,95,13,125,124,0,124,249
05/21/2021,ACT,TX,ASW,CE,Combined TRACON& Tower with Radar,0,12,47,33,92,0,1,19,0,20,0,13,66,33,112,62,0,62,174
05/22/2021,ACT,TX,ASW,CE,Combined TRACON& Tower with Radar,0,10,18,6,34,0,0,0,0,0,0,10,18,6,34,44,0,44,78
05/23/2021,ACT,TX,ASW,CE,Combined TRACON& Tower with Radar,0,14,26,0,40,0,0,0,0,0,0,14,26,0,40,0,0,0,40
05/24/2021,ACT,TX,ASW,CE,Combined TRACON& Tower with Radar,2,12,12,0,26,0,0,2,0,2,2,12,14,0,28,50,0,50,78
05/25/2021,ACT,TX,ASW,CE,Combined TRACON& Tower with Radar,0,11,13,22,46,0,0,32,7,39,0,11,45,29,85,86,0,86,171
05/26/2021,ACT,TX,ASW,CE,Combined TRACON& Tower with Radar,0,12,91,5,108,0,0,84,1,85,0,12,175,6,193,194,0,194,387
05/27/2021,ACT,TX,ASW,CE,Combined TRACON& Tower with Radar,0,12,84,6,102,0,4,83,5,92,0,16,167,11,194,98,0,98,292
05/28/2021,ACT,TX,ASW,CE,Combined TRACON& Tower with Radar,0,11,22,1,34,0,0,11,0,11,0,11,33,1,45,56,0,56,101
05/29/2021,ACT,TX,ASW,CE,Combined TRACON& Tower with Radar,0,10,24,1,35,0,0,30,0,30,0,10,54,1,65,36,0,36,101
05/30/2021,ACT,TX,ASW,CE,Combined TRACON& Tower with Radar,0,16,16,2,34,0,0,9,0,9,0,16,25,2,43,38,0,38,81
05/31/2021,ACT,TX,ASW,CE,Combined TRACON& Tower with Radar,0,8,10,0,18,0,1,3,0,4,0,9,13,0,22,75,0,75,97
06/01/2021,ACT,TX,ASW,CE,Combined TRACON& Tower with Radar,0,9,57,8,74,0,2,14,2,18,0,11,71,10,92,120,0,120,212
06/02/2021,ACT,TX,ASW,CE,Combined TRACON& Tower with Radar,0,10,30,11,51,0,2,51,0,53,0,12,81,11,104,86,8,94,198
06/03/2021,ACT,TX,ASW,CE,Combined TRACON& Tower with Radar,2,19,41,17,79,0,0,24,0,24,2,19,65,17,103,105,0,105,208
06/04/2021,ACT,TX,ASW,CE,Combined TRACON& Tower with Radar,2,15,44,6,67,0,2,24,0,26,2,17,68,6,93,120,0,120,213
06/05/2021,ACT,TX,ASW,CE,Combined TRACON& Tower with Radar,2,8,15,2,27,0,0,5,0,5,2,8,20,2,32,20,0,20,52
06/06/2021,ACT,TX,ASW,CE,Combined TRACON& Tower with Radar,0,14,61,0,75,0,0,12,0,12,0,14,73,0,87,28,0,28,115
06/07/2021,ACT,TX,ASW,CE,Combined TRACON& Tower with Radar,0,9,17,1,27,0,0,10,1,11,0,9,27,2,38,32,0,32,70
06/08/2021,ACT,TX,ASW,CE,Combined TRACON& Tower with Radar,0,12,32,11,55,0,0,25,1,26,0,12,57,12,81,117,0,117,198
06/09/2021,ACT,TX,ASW,CE,Combined TRACON& Tower with Radar,0,13,71,9,93,0,2,51,1,54,0,15,122,10,147,153,0,153,300
06/10/2021,ACT,TX,ASW,CE,Combined TRACON& Tower with Radar,0,12,70,11,93,0,0,73,0,73,0,12,143,11,166,60,0,60,226
06/11/2021,ACT,TX,ASW,CE,Combined TRACON& Tower with Radar,0,10,46,8,64,0,4,51,0,55,0,14,97,8,119,58,0,58,177
06/12/2021,ACT,TX,ASW,CE,Combined TRACON& Tower with Radar,2,9,23,6,40,0,4,18,6,28,2,13,41,12,68,70,4,74,142
06/13/2021,ACT,TX,ASW,CE,Combined TRACON& Tower with Radar,0,10,23,2,35,0,3,50,0,53,0,13,73,2,88,66,0,66,154
06/14/2021,ACT,TX,ASW,CE,Combined TRACON& Tower with Radar,0,11,32,13,56,0,2,50,1,53,0,13,82,14,109,20,4,24,133
06/15/2021,ACT,TX,ASW,CE,Combined TRACON& Tower with Radar,0,9,54,14,77,0,0,80,2,82,0,9,134,16,159,48,0,48,207
06/16/2021,ACT,TX,ASW,CE,Combined TRACON& Tower with Radar,2,14,56,1,73,0,2,77,0,79,2,16,133,1,152,64,0,64,216
06/17/2021,ACT,TX,ASW,CE,Combined TRACON& Tower with Radar,0,12,48,12,72,0,2,71,0,73,0,14,119,12,145,44,0,44,189
06/18/2021,ACT,TX,ASW,CE,Combined TRACON& Tower with Radar,0,14,44,6,64,0,0,73,0,73,0,14,117,6,137,44,0,44,181
06/19/2021,ACT,TX,ASW,CE,Combined TRACON& Tower with Radar,0,9,28,15,52,0,0,57,5,62,0,9,85,20,114,98,2,100,214
06/20/2021,ACT,TX,ASW,CE,Combined TRACON& Tower with Radar,2,15,14,11,42,0,2,28,2,32,2,17,42,13,74,0,24,24,98
06/21/2021,ACT,TX,ASW,CE,Combined TRACON& Tower with Radar,0,12,42,10,64,0,0,20,0,20,0,12,62,10,84,52,0,52,136
06/22/2021,ACT,TX,ASW,CE,Combined TRACON& Tower with Radar,0,11,84,23,118,0,0,19,0,19,0,11,103,23,137,102,0,102,239
06/23/2021,ACT,TX,ASW,CE,Combined TRACON& Tower with Radar,0,14,43,22,79,0,2,55,0,57,0,16,98,22,136,36,0,36,172
06/24/2021,ACT,TX,ASW,CE,Combined TRACON& Tower with Radar,0,10,62,32,104,0,0,69,0,69,0,10,131,32,173,58,4,62,235
06/25/2021,ACT,TX,ASW,CE,Combined TRACON& Tower with Radar,0,17,50,35,102,0,2,60,4,66,0,19,110,39,168,72,0,72,240
06/26/2021,ACT,TX,ASW,CE,Combined TRACON& Tower with Radar,0,10,34,31,75,0,0,35,6,41,0,10,69,37,116,46,18,64,180
06/27/2021,ACT,TX,ASW,CE,Combined TRACON& Tower with Radar,0,12,14,10,36,0,0,11,0,11,0,12,25,10,47,6,0,6,53
06/28/2021,ACT,TX,ASW,CE,Combined TRACON& Tower with Radar,0,11,14,2,27,0,0,5,0,5,0,11,19,2,32,0,0,0,32
06/29/2021,ACT,TX,ASW,CE,Combined TRACON& Tower with Radar,0,11,49,6,66,0,0,11,0,11,0,11,60,6,77,58,0,58,135
06/30/2021,ACT,TX,ASW,CE,Combined TRACON& Tower with Radar,0,11,44,13,68,0,1,50,2,53,0,12,94,15,121,36,0,36,157
07/01/2021,ACT,TX,ASW,CE,Combined TRACON& Tower with Radar,3,15,61,40,119,0,0,78,4,82,3,15,139,44,201,54,0,54,255
07/02/2021,ACT,TX,ASW,CE,Combined TRACON& Tower with Radar,5,11,33,8,57,0,0,28,2,30,5,11,61,10,87,28,0,28,115
07/03/2021,ACT,TX,ASW,CE,Combined TRACON& Tower with Radar,1,10,16,0,27,0,0,3,0,3,1,10,19,0,30,0,0,0,30
07/04/2021,ACT,TX,ASW,CE,Combined TRACON& Tower with Radar,0,10,4,0,14,0,0,14,0,14,0,10,18,0,28,6,2,8,36
07/05/2021,ACT,TX,ASW,CE,Combined TRACON& Tower with Radar,0,10,14,0,24,0,0,5,0,5,0,10,19,0,29,0,0,0,29
07/06/2021,ACT,TX,ASW,CE,Combined TRACON& Tower with Radar,4,13,26,8,51,0,3,21,0,24,4,16,47,8,75,58,0,58,133
07/07/2021,ACT,TX,ASW,CE,Combined TRACON& Tower with Radar,0,14,38,4,56,0,1,21,0,22,0,15,59,4,78,48,0,48,126
07/08/2021,ACT,TX,ASW,CE,Combined TRACON& Tower with Radar,0,14,61,27,102,0,3,64,6,73,0,17,125,33,175,62,0,62,237
07/09/2021,ACT,TX,ASW,CE,Combined TRACON& Tower with Radar,0,12,33,15,60,0,0,5,0,5,0,12,38,15,65,0,4,4,69
07/10/2021,ACT,TX,ASW,CE,Combined TRACON& Tower with Radar,0,8,27,43,78,0,0,24,3,27,0,8,51,46,105,26,6,32,137
07/11/2021,ACT,TX,ASW,CE,Combined TRACON& Tower with Radar,0,10,18,10,38,0,0,22,3,25,0,10,40,13,63,6,6,12,75
07/12/2021,ACT,TX,ASW,CE,Combined TRACON& Tower with Radar,0,11,10,12,33,0,1,12,1,14,0,12,22,13,47,38,20,58,105
07/13/2021,ACT,TX,ASW,CE,Combined TRACON& Tower with Radar,0,13,77,26,116,0,7,78,11,96,0,20,155,37,212,60,0,60,272
07/14/2021,ACT,TX,ASW,CE,Combined TRACON& Tower with Radar,0,17,95,31,143,0,2,42,4,48,0,19,137,35,191,66,0,66,257
07/15/2021,ACT,TX,ASW,CE,Combined TRACON& Tower with Radar,0,18,79,14,111,0,2,61,0,63,0,20,140,14,174,114,6,120,294
07/16/2021,ACT,TX,ASW,CE,Combined TRACON& Tower with Radar,0,12,75,34,121,0,0,50,0,50,0,12,125,34,171,90,0,90,261
07/17/2021,ACT,TX,ASW,CE,Combined TRACON& Tower with Radar,0,10,52,18,80,0,0,78,1,79,0,10,130,19,159,50,4,54,213
07/18/2021,ACT,TX,ASW,CE,Combined TRACON& Tower with Radar,0,16,14,2,32,0,0,27,1,28,0,16,41,3,60,14,0,14,74
07/19/2021,ACT,TX,ASW,CE,Combined TRACON& Tower with Radar,0,12,14,5,31,0,0,10,0,10,0,12,24,5,41,16,0,16,57
07/20/2021,ACT,TX,ASW,CE,Combined TRACON& Tower with Radar,0,8,38,12,58,0,0,41,0,41,0,8,79,12,99,56,0,56,155
07/21/2021,ACT,TX,ASW,CE,Combined TRACON& Tower with Radar,0,16,58,19,93,0,3,63,3,69,0,19,121,22,162,84,0,84,246
07/22/2021,ACT,TX,ASW,CE,Combined TRACON& Tower with Radar,0,10,55,10,75,0,0,96,2,98,0,10,151,12,173,84,0,84,257
07/23/2021,ACT,TX,ASW,CE,Combined TRACON& Tower with Radar,0,12,53,35,100,0,2,41,1,44,0,14,94,36,144,92,10,102,246
07/24/2021,ACT,TX,ASW,CE,Combined TRACON& Tower with Radar,0,8,19,18,45,0,7,27,0,34,0,15,46,18,79,88,0,88,167
07/25/2021,ACT,TX,ASW,CE,Combined TRACON& Tower with Radar,1,10,12,6,29,0,1,34,0,35,1,11,46,6,64,74,0,74,138
07/26/2021,ACT,TX,ASW,CE,Combined TRACON& Tower with Radar,0,12,43,32,87,0,2,84,2,88,0,14,127,34,175,77,0,77,252
07/27/2021,ACT,TX,ASW,CE,Combined TRACON& Tower with Radar,0,9,48,18,75,0,1,68,1,70,0,10,116,19,145,108,0,108,253
07/28/2021,ACT,TX,ASW,CE,Combined TRACON& Tower with Radar,0,18,30,18,66,0,2,44,4,50,0,20,74,22,116,22,0,22,138
07/29/2021,ACT,TX,ASW,CE,Combined TRACON& Tower with Radar,1,14,42,19,76,0,0,42,2,44,1,14,84,21,120,30,0,30,150
07/30/2021,ACT,TX,ASW,CE,Combined TRACON& Tower with Radar,1,13,36,17,67,0,2,61,0,63,1,15,97,17,130,50,2,52,182
07/31/2021,ACT,TX,ASW,CE,Combined TRACON& Tower with Radar,0,16,19,34,69,0,0,44,2,46,0,16,63,36,115,40,10,50,165
08/01/2021,ACT,TX,ASW,CE,Combined TRACON& Tower with Radar,2,9,12,8,31,0,0,21,0,21,2,9,33,8,52,26,0,26,78
08/02/2021,ACT,TX,ASW,CE,Combined TRACON& Tower with Radar,0,9,22,0,31,0,0,8,0,8,0,9,30,0,39,4,0,4,43
08/03/2021,ACT,TX,ASW,CE,Combined TRACON& Tower with Radar,2,6,58,14,80,0,2,39,0,41,2,8,97,14,121,118,12,130,251
08/04/2021,ACT,TX,ASW,CE,Combined TRACON& Tower with Radar,0,12,50,37,99,0,4,48,0,52,0,16,98,37,151,84,14,98,249
08/05/2021,ACT,TX,ASW,CE,Combined TRACON& Tower with Radar,0,11,44,31,86,0,4,37,1,42,0,15,81,32,128,136,6,142,270
08/06/2021,ACT,TX,ASW,CE,Combined TRACON& Tower with Radar,0,13,33,12,58,0,5,50,0,55,0,18,83,12,113,84,2,86,199
08/07/2021,ACT,TX,ASW,CE,Combined TRACON& Tower with Radar,0,10,25,19,54,0,0,35,0,35,0,10,60,19,89,86,0,86,175
08/08/2021,ACT,TX,ASW,CE,Combined TRACON& Tower with Radar,0,11,15,15,41,0,0,19,0,19,0,11,34,15,60,8,0,8,68
08/09/2021,ACT,TX,ASW,CE,Combined TRACON& Tower with Radar,0,11,29,7,47,0,0,37,3,40,0,11,66,10,87,70,2,72,159
08/10/2021,ACT,TX,ASW,CE,Combined TRACON& Tower with Radar,0,12,56,24,92,0,1,62,0,63,0,13,118,24,155,152,10,162,317
08/11/2021,ACT,TX,ASW,CE,Combined TRACON& Tower with Radar,0,14,48,26,88,0,0,84,2,86,0,14,132,28,174,112,0,112,286
08/12/2021,ACT,TX,ASW,CE,Combined TRACON& Tower with Radar,0,10,44,20,74,0,0,76,5,81,0,10,120,25,155,145,10,155,310
08/13/2021,ACT,TX,ASW,CE,Combined TRACON& Tower with Radar,0,15,32,75,122,0,0,81,4,85,0,15,113,79,207,148,0,148,355
08/14/2021,ACT,TX,ASW,CE,Combined TRACON& Tower with Radar,6,9,35,0,50,0,0,47,0,47,6,9,82,0,97,34,0,34,131
08/15/2021,ACT,TX,ASW,CE,Combined TRACON& Tower with Radar,2,12,19,0,33,0,0,7,0,7,2,12,26,0,40,14,0,14,54
08/16/2021,ACT,TX,ASW,CE,Combined TRACON& Tower with Radar,0,10,26,9,45,0,0,48,2,50,0,10,74,11,95,94,2,96,191
08/17/2021,ACT,TX,ASW,CE,Combined TRACON& Tower with Radar,2,7,42,28,79,0,0,28,1,29,2,7,70,29,108,59,2,61,169
08/18/2021,ACT,TX,ASW,CE,Combined TRACON& Tower with Radar,0,13,28,2,43,0,0,10,0,10,0,13,38,2,53,72,0,72,125
08/19/2021,ACT,TX,ASW,CE,Combined TRACON& Tower with Radar,0,27,53,6,86,0,0,70,0,70,0,27,123,6,156,114,0,114,270
08/20/2021,ACT,TX,ASW,CE,Combined TRACON& Tower with Radar,0,13,40,55,108,0,2,63,4,69,0,15,103,59,177,112,0,112,289
08/21/2021,ACT,TX,ASW,CE,Combined TRACON& Tower with Radar,2,10,25,12,49,0,0,60,0,60,2,10,85,12,109,152,0,152,261
08/22/2021,ACT,TX,ASW,CE,Combined TRACON& Tower with Radar,2,17,26,14,59,0,2,43,5,50,2,19,69,19,109,40,8,48,157
08/23/2021,ACT,TX,ASW,CE,Combined TRACON& Tower with Radar,0,11,26,4,41,0,0,39,1,40,0,11,65,5,81,70,2,72,153
08/24/2021,ACT,TX,ASW,CE,Combined TRACON& Tower with Radar,0,8,45,24,77,0,0,62,1,63,0,8,107,25,140,172,0,172,312
08/25/2021,ACT,TX,ASW,CE,Combined TRACON& Tower with Radar,0,11,53,18,82,0,0,90,0,90,0,11,143,18,172,126,0,126,298
08/26/2021,ACT,TX,ASW,CE,Combined TRACON& Tower with Radar,0,11,33,19,63,0,0,99,0,99,0,11,132,19,162,162,0,162,324
08/27/2021,ACT,TX,ASW,CE,Combined TRACON& Tower with Radar,0,15,33,43,91,0,0,65,2,67,0,15,98,45,158,70,0,70,228
08/28/2021,ACT,TX,ASW,CE,Combined TRACON& Tower with Radar,0,16,37,31,84,0,1,101,6,108,0,17,138,37,192,86,16,102,294
08/29/2021,ACT,TX,ASW,CE,Combined TRACON& Tower with Radar,0,12,32,4,48,0,0,14,0,14,0,12,46,4,62,12,2,14,76
08/30/2021,ACT,TX,ASW,CE,Combined TRACON& Tower with Radar,0,10,29,48,87,0,0,116,6,122,0,10,145,54,209,128,0,128,337
08/31/2021,ACT,TX,ASW,CE,Combined TRACON& Tower with Radar,0,14,41,18,73,0,1,123,2,126,0,15,164,20,199,74,6,80,279
09/01/2021,ACT,TX,ASW,CE,Combined TRACON& Tower with Radar,0,13,53,5,71,0,3,127,2,132,0,16,180,7,203,88,8,96,299
09/02/2021,ACT,TX,ASW,CE,Combined TRACON& Tower with Radar,0,11,38,11,60,0,2,105,0,107,0,13,143,11,167,82,0,82,249
09/03/2021,ACT,TX,ASW,CE,Combined TRACON& Tower with Radar,0,12,53,0,65,0,0,66,0,66,0,12,119,0,131,68,0,68,199
09/04/2021,ACT,TX,ASW,CE,Combined TRACON& Tower with Radar,0,8,30,8,46,0,2,63,0,65,0,10,93,8,111,40,0,40,151
09/05/2021,ACT,TX,ASW,CE,Combined TRACON& Tower with Radar,0,11,27,0,38,0,2,19,0,21,0,13,46,0,59,8,0,8,67
09/06/2021,ACT,TX,ASW,CE,Combined TRACON& Tower with Radar,0,10,29,6,45,0,0,57,0,57,0,10,86,6,102,68,0,68,170
09/07/2021,ACT,TX,ASW,CE,Combined TRACON& Tower with Radar,0,8,54,37,99,0,0,92,6,98,0,8,146,43,197,96,0,96,293
09/08/2021,ACT,TX,ASW,CE,Combined TRACON& Tower with Radar,2,11,26,27,66,0,0,94,10,104,2,11,120,37,170,140,2,142,312
09/09/2021,ACT,TX,ASW,CE,Combined TRACON& Tower with Radar,0,11,59,10,80,0,2,92,2,96,0,13,151,12,176,128,0,128,304
09/10/2021,ACT,TX,ASW,CE,Combined TRACON& Tower with Radar,0,10,17,11,38,0,0,106,0,106,0,10,123,11,144,134,0,134,278
09/11/2021,ACT,TX,ASW,CE,Combined TRACON& Tower with Radar,0,7,32,3,42,0,0,55,2,57,0,7,87,5,99,38,56,94,193
09/12/2021,ACT,TX,ASW,CE,Combined TRACON& Tower with Radar,3,8,44,0,55,0,2,43,0,45,3,10,87,0,100,14,0,14,114
09/13/2021,ACT,TX,ASW,CE,Combined TRACON& Tower with Radar,0,14,36,2,52,0,1,50,1,52,0,15,86,3,104,102,0,102,206
09/14/2021,ACT,TX,ASW,CE,Combined TRACON& Tower with Radar,0,14,35,20,69,0,0,36,3,39,0,14,71,23,108,158,0,158,266
09/15/2021,ACT,TX,ASW,CE,Combined TRACON& Tower with Radar,0,8,62,28,98,0,0,70,6,76,0,8,132,34,174,112,0,112,286
09/16/2021,ACT,TX,ASW,CE,Combined TRACON& Tower with Radar,2,9,34,26,71,0,2,85,4,91,2,11,119,30,162,188,14,202,364
09/17/2021,ACT,TX,ASW,CE,Combined TRACON& Tower with Radar,2,15,40,23,80,0,4,94,2,100,2,19,134,25,180,74,12,86,266
09/18/2021,ACT,TX,ASW,CE,Combined TRACON& Tower with Radar,2,8,15,11,36,0,0,56,7,63,2,8,71,18,99,68,26,94,193
09/19/2021,ACT,TX,ASW,CE,Combined TRACON& Tower with Radar,0,15,21,7,43,0,3,47,4,54,0,18,68,11,97,42,4,46,143
09/20/2021,ACT,TX,ASW,CE,Combined TRACON& Tower with Radar,0,8,30,14,52,0,0,96,2,98,0,8,126,16,150,170,0,170,320
09/21/2021,ACT,TX,ASW,CE,Combined TRACON& Tower with Radar,0,9,23,10,42,0,0,43,0,43,0,9,66,10,85,166,0,166,251
09/22/2021,ACT,TX,ASW,CE,Combined TRACON& Tower with Radar,0,8,50,23,81,0,0,117,0,117,0,8,167,23,198,138,2,140,338
09/23/2021,ACT,TX,ASW,CE,Combined TRACON& Tower with Radar,0,15,36,22,73,0,0,130,0,130,0,15,166,22,203,160,4,164,367
09/24/2021,ACT,TX,ASW,CE,Combined TRACON& Tower with Radar,1,18,44,3,66,0,1,116,0,117,1,19,160,3,183,98,0,98,281
09/25/2021,ACT,TX,ASW,CE,Combined TRACON& Tower with Radar,2,12,70,0,84,0,0,69,2,71,2,12,139,2,155,24,0,24,179
09/26/2021,ACT,TX,ASW,CE,Combined TRACON& Tower with Radar,1,18,40,0,59,1,0,63,0,64,2,18,103,0,123,28,0,28,151
09/27/2021,ACT,TX,ASW,CE,Combined TRACON& Tower with Radar,0,8,28,18,54,0,0,107,0,107,0,8,135,18,161,194,0,194,355
09/28/2021,ACT,TX,ASW,CE,Combined TRACON& Tower with Radar,0,9,34,12,55,0,0,67,0,67,0,9,101,12,122,148,0,148,270
09/29/2021,ACT,TX,ASW,CE,Combined TRACON& Tower with Radar,0,20,33,9,62,0,1,83,1,85,0,21,116,10,147,54,0,54,201
09/30/2021,ACT,TX,ASW,CE,Combined TRACON& Tower with Radar,0,13,75,14,102,0,1,26,2,29,0,14,101,16,131,146,4,150,281
10/01/2021,ACT,TX,ASW,CE,Combined TRACON& Tower with Radar,2,8,23,2,35,0,0,3,0,3,2,8,26,2,38,46,0,46,84
10/02/2021,ACT,TX,ASW,CE,Combined TRACON& Tower with Radar,0,8,12,2,22,0,1,5,0,6,0,9,17,2,28,12,0,12,40
10/03/2021,ACT,TX,ASW,CE,Combined TRACON& Tower with Radar,0,8,14,0,22,0,0,34,0,34,0,8,48,0,56,60,0,60,116
10/04/2021,ACT,TX,ASW,CE,Combined TRACON& Tower with Radar,0,8,36,18,62,0,2,128,7,137,0,10,164,25,199,144,0,144,343
10/05/2021,ACT,TX,ASW,CE,Combined TRACON& Tower with Radar,0,10,44,7,61,0,2,123,0,125,0,12,167,7,186,96,0,96,282
10/06/2021,ACT,TX,ASW,CE,Combined TRACON& Tower with Radar,0,14,50,2,66,0,4,123,0,127,0,18,173,2,193,196,0,196,389
10/07/2021,ACT,TX,ASW,CE,Combined TRACON& Tower with Radar,1,14,46,21,82,0,0,103,0,103,1,14,149,21,185,152,0,152,337
10/08/2021,ACT,TX,ASW,CE,Combined TRACON& Tower with Radar,0,16,24,3,43,0,0,97,3,100,0,16,121,6,143,82,0,82,225
10/09/2021,ACT,TX,ASW,CE,Combined TRACON& Tower with Radar,2,15,27,4,48,0,0,45,0,45,2,15,72,4,93,18,0,18,111
10/10/2021,ACT,TX,ASW,CE,Combined TRACON& Tower with Radar,1,10,24,6,41,0,0,9,0,9,1,10,33,6,50,2,0,2,52
10/11/2021,ACT,TX,ASW,CE,Combined TRACON& Tower with Radar,0,12,33,0,45,0,3,120,0,123,0,15,153,0,168,244,0,244,412
10/12/2021,ACT,TX,ASW,CE,Combined TRACON& Tower with Radar,0,12,29,0,41,0,0,11,0,11,0,12,40,0,52,10,0,10,62
10/13/2021,ACT,TX,ASW,CE,Combined TRACON& Tower with Radar,2,9,33,5,49,0,0,18,0,18,2,9,51,5,67,72,0,72,139
10/14/2021,ACT,TX,ASW,CE,Combined TRACON& Tower with Radar,0,15,52,10,77,0,0,31,1,32,0,15,83,11,109,136,0,136,245
10/15/2021,ACT,TX,ASW,CE,Combined TRACON& Tower with Radar,1,15,43,3,62,0,1,35,1,37,1,16,78,4,99,94,0,94,193
10/16/2021,ACT,TX,ASW,CE,Combined TRACON& Tower with Radar,1,19,36,41,97,0,1,53,16,70,1,20,89,57,167,46,6,52,219
10/17/2021,ACT,TX,ASW,CE,Combined TRACON& Tower with Radar,2,16,39,7,64,0,0,84,3,87,2,16,123,10,151,96,0,96,247
10/18/2021,ACT,TX,ASW,CE,Combined TRACON& Tower with Radar,0,13,53,40,106,0,1,146,2,149,0,14,199,42,255,170,0,170,425
10/19/2021,ACT,TX,ASW,CE,Combined TRACON& Tower with Radar,0,16,71,39,126,0,1,97,4,102,0,17,168,43,228,158,8,166,394
10/20/2021,ACT,TX,ASW,CE,Combined TRACON& Tower with Radar,0,18,58,10,86,0,2,75,0,77,0,20,133,10,163,168,0,168,331
10/21/2021,ACT,TX,ASW,CE,Combined TRACON& Tower with Radar,2,12,40,7,61,1,0,130,0,131,3,12,170,7,192,210,0,210,402
10/22/2021,ACT,TX,ASW,CE,Combined TRACON& Tower with Radar,0,19,33,37,89,0,0,89,3,92,0,19,122,40,181,74,0,74,255
10/23/2021,ACT,TX,ASW,CE,Combined TRACON& Tower with Radar,0,17,26,13,56,0,0,34,1,35,0,17,60,14,91,2,8,10,101
10/24/2021,ACT,TX,ASW,CE,Combined TRACON& Tower with Radar,0,26,26,20,72,0,0,26,0,26,0,26,52,20,98,38,0,38,136
10/25/2021,ACT,TX,ASW,CE,Combined TRACON& Tower with Radar,0,12,44,14,70,0,0,116,1,117,0,12,160,15,187,118,4,122,309
10/26/2021,ACT,TX,ASW,CE,Combined TRACON& Tower with Radar,0,22,76,34,132,0,0,36,0,36,0,22,112,34,168,24,0,24,192
10/27/2021,ACT,TX,ASW,CE,Combined TRACON& Tower with Radar,0,11,47,0,58,0,0,27,0,27,0,11,74,0,85,0,0,0,85
10/28/2021,ACT,TX,ASW,CE,Combined TRACON& Tower with Radar,0,7,13,2,22,0,0,8,0,8,0,7,21,2,30,10,0,10,40
10/29/2021,ACT,TX,ASW,CE,Combined TRACON& Tower with Radar,0,15,27,13,55,0,0,27,2,29,0,15,54,15,84,34,0,34,118
10/30/2021,ACT,TX,ASW,CE,Combined TRACON& Tower with Radar,0,14,44,10,68,0,0,76,1,77,0,14,120,11,145,30,8,38,183
10/31/2021,ACT,TX,ASW,CE,Combined TRACON& Tower with Radar,0,13,28,0,41,0,1,68,0,69,0,14,96,0,110,152,0,152,262
11/01/2021,ACT,TX,ASW,CE,Combined TRACON& Tower with Radar,0,12,49,8,69,0,0,133,2,135,0,12,182,10,204,60,0,60,264
11/02/2021,ACT,TX,ASW,CE,Combined TRACON& Tower with Radar,0,17,76,2,95,0,1,7,0,8,0,18,83,2,103,80,0,80,183
11/03/2021,ACT,TX,ASW,CE,Combined TRACON& Tower with Radar,0,13,18,0,31,0,0,0,0,0,0,13,18,0,31,0,0,0,31
11/04/2021,ACT,TX,ASW,CE,Combined TRACON& Tower with Radar,0,12,96,10,118,0,0,85,4,89,0,12,181,14,207,128,0,128,335
11/05/2021,ACT,TX,ASW,CE,Combined TRACON& Tower with Radar,0,15,48,27,90,0,1,127,1,129,0,16,175,28,219,127,0,127,346
11/06/2021,ACT,TX,ASW,CE,Combined TRACON& Tower with Radar,0,20,29,16,65,0,0,84,5,89,0,20,113,21,154,74,0,74,228
11/07/2021,ACT,TX,ASW,CE,Combined TRACON& Tower with Radar,0,23,33,1,57,0,1,55,3,59,0,24,88,4,116,38,0,38,154
11/08/2021,ACT,TX,ASW,CE,Combined TRACON& Tower with Radar,0,15,66,14,95,0,0,67,2,69,0,15,133,16,164,128,0,128,292
11/09/2021,ACT,TX,ASW,CE,Combined TRACON& Tower with Radar,0,8,68,8,84,0,0,77,0,77,0,8,145,8,161,78,8,86,247
11/10/2021,ACT,TX,ASW,CE,Combined TRACON& Tower with Radar,5,17,73,13,108,0,0,31,0,31,5,17,104,13,139,74,12,86,225
11/11/2021,ACT,TX,ASW,CE,Combined TRACON& Tower with Radar,0,16,50,0,66,0,2,126,2,130,0,18,176,2,196,74,0,74,270
11/12/2021,ACT,TX,ASW,CE,Combined TRACON& Tower with Radar,7,19,66,17,109,0,0,111,5,116,7,19,177,22,225,106,12,118,343
11/13/2021,ACT,TX,ASW,CE,Combined TRACON& Tower with Radar,1,21,53,15,90,0,0,102,2,104,1,21,155,17,194,46,0,46,240
11/14/2021,ACT,TX,ASW,CE,Combined TRACON& Tower with Radar,0,15,25,16,56,0,0,74,0,74,0,15,99,16,130,78,0,78,208
11/15/2021,ACT,TX,ASW,CE,Combined TRACON& Tower with Radar,0,21,53,6,80,0,4,114,1,119,0,25,167,7,199,118,0,118,317
11/16/2021,ACT,TX,ASW,CE,Combined TRACON& Tower with Radar,0,14,65,23,102,0,0,49,2,51,0,14,114,25,153,44,4,48,201
11/17/2021,ACT,TX,ASW,CE,Combined TRACON& Tower with Radar,0,14,83,11,108,0,0,68,4,72,0,14,151,15,180,100,0,100,280
11/18/2021,ACT,TX,ASW,CE,Combined TRACON& Tower with Radar,1,16,67,5,89,0,2,92,2,96,1,18,159,7,185,122,0,122,307
11/19/2021,ACT,TX,ASW,CE,Combined TRACON& Tower with Radar,3,17,51,25,96,0,0,97,1,98,3,17,148,26,194,156,0,156,350
11/20/2021,ACT,TX,ASW,CE,Combined TRACON& Tower with Radar,6,17,29,5,57,0,0,55,1,56,6,17,84,6,113,30,12,42,155
11/21/2021,ACT,TX,ASW,CE,Combined TRACON& Tower with Radar,4,14,37,6,61,0,0,7,4,11,4,14,44,10,72,4,6,10,82
11/22/2021,ACT,TX,ASW,CE,Combined TRACON& Tower with Radar,0,17,47,5,69,0,4,96,4,104,0,21,143,9,173,236,2,238,411
11/23/2021,ACT,TX,ASW,CE,Combined TRACON& Tower with Radar,0,13,33,10,56,0,0,94,0,94,0,13,127,10,150,118,0,118,268
11/24/2021,ACT,TX,ASW,CE,Combined TRACON& Tower with Radar,0,15,19,4,38,0,1,12,0,13,0,16,31,4,51,22,0,22,73
11/25/2021,ACT,TX,ASW,CE,Combined TRACON& Tower with Radar,0,4,3,0,7,0,0,2,0,2,0,4,5,0,9,0,0,0,9
11/26/2021,ACT,TX,ASW,CE,Combined TRACON& Tower with Radar,2,6,32,8,48,0,0,33,0,33,2,6,65,8,81,6,0,6,87
11/27/2021,ACT,TX,ASW,CE,Combined TRACON& Tower with Radar,2,22,37,2,63,0,0,8,0,8,2,22,45,2,71,0,0,0,71
11/28/2021,ACT,TX,ASW,CE,Combined TRACON& Tower with Radar,0,16,49,0,65,0,0,53,0,53,0,16,102,0,118,36,0,36,154
11/29/2021,ACT,TX,ASW,CE,Combined TRACON& Tower with Radar,0,13,42,27,82,3,0,116,4,123,3,13,158,31,205,140,10,150,355
11/30/2021,ACT,TX,ASW,CE,Combined TRACON& Tower with Radar,0,12,69,3,84,0,0,133,0,133,0,12,202,3,217,134,0,134,351
12/01/2021,ACT,TX,ASW,CE,Combined TRACON& Tower with Radar,0,14,55,39,108,0,1,105,2,108,0,15,160,41,216,188,8,196,412
12/02/2021,ACT,TX,ASW,CE,Combined TRACON& Tower with Radar,0,18,75,3,96,0,1,88,0,89,0,19,163,3,185,120,0,120,305
12/03/2021,ACT,TX,ASW,CE,Combined TRACON& Tower with Radar,0,15,53,15,83,0,0,32,0,32,0,15,85,15,115,70,0,70,185
12/04/2021,ACT,TX,ASW,CE,Combined TRACON& Tower with Radar,0,20,60,30,110,0,0,30,0,30,0,20,90,30,140,104,0,104,244
12/05/2021,ACT,TX,ASW,CE,Combined TRACON& Tower with Radar,0,13,37,0,50,0,0,32,0,32,0,13,69,0,82,10,0,10,92
12/06/2021,ACT,TX,ASW,CE,Combined TRACON& Tower with Radar,0,10,49,15,74,0,0,28,1,29,0,10,77,16,103,42,2,44,147
12/07/2021,ACT,TX,ASW,CE,Combined TRACON& Tower with Radar,0,8,68,11,87,0,2,152,1,155,0,10,220,12,242,96,0,96,338
12/08/2021,ACT,TX,ASW,CE,Combined TRACON& Tower with Radar,0,15,77,21,113,0,0,75,7,82,0,15,152,28,195,126,0,126,321
12/09/2021,ACT,TX,ASW,CE,Combined TRACON& Tower with Radar,0,15,41,1,57,0,2,84,1,87,0,17,125,2,144,88,0,88,232
12/10/2021,ACT,TX,ASW,CE,Combined TRACON& Tower with Radar,0,18,67,74,159,0,4,55,0,59,0,22,122,74,218,56,0,56,274
12/11/2021,ACT,TX,ASW,CE,Combined TRACON& Tower with Radar,1,13,21,6,41,0,2,52,0,54,1,15,73,6,95,70,0,70,165
12/12/2021,ACT,TX,ASW,CE,Combined TRACON& Tower with Radar,1,24,36,0,61,0,0,66,0,66,1,24,102,0,127,34,0,34,161
12/13/2021,ACT,TX,ASW,CE,Combined TRACON& Tower with Radar,0,16,68,31,115,0,2,39,0,41,0,18,107,31,156,66,0,66,222
12/14/2021,ACT,TX,ASW,CE,Combined TRACON& Tower with Radar,4,12,46,5,67,0,0,8,0,8,4,12,54,5,75,6,0,6,81
12/15/2021,ACT,TX,ASW,CE,Combined TRACON& Tower with Radar,0,23,71,44,138,0,0,14,5,19,0,23,85,49,157,32,0,32,189
12/16/2021,ACT,TX,ASW,CE,Combined TRACON& Tower with Radar,2,21,55,15,93,0,0,29,2,31,2,21,84,17,124,54,0,54,178
12/17/2021,ACT,TX,ASW,CE,Combined TRACON& Tower with Radar,2,17,75,16,110,0,0,28,0,28,2,17,103,16,138,2,0,2,140
12/18/2021,ACT,TX,ASW,CE,Combined TRACON& Tower with Radar,0,13,16,4,33,0,0,5,0,5,0,13,21,4,38,16,4,20,58
12/19/2021,ACT,TX,ASW,CE,Combined TRACON& Tower with Radar,3,15,21,2,41,0,2,58,0,60,3,17,79,2,101,37,4,41,142
12/20/2021,ACT,TX,ASW,CE,Combined TRACON& Tower with Radar,0,25,45,4,74,0,1,48,0,49,0,26,93,4,123,40,0,40,163
12/21/2021,ACT,TX,ASW,CE,Combined TRACON& Tower with Radar,0,12,56,4,72,0,0,69,0,69,0,12,125,4,141,70,0,70,211
12/22/2021,ACT,TX,ASW,CE,Combined TRACON& Tower with Radar,0,11,53,11,75,0,0,47,0,47,0,11,100,11,122,36,0,36,158
12/23/2021,ACT,TX,ASW,CE,Combined TRACON& Tower with Radar,0,13,23,6,42,0,0,15,0,15,0,13,38,6,57,24,0,24,81
12/24/2021,ACT,TX,ASW,CE,Combined TRACON& Tower with Radar,0,8,8,0,16,0,0,10,0,10,0,8,18,0,26,12,0,12,38
12/25/2021,ACT,TX,ASW,CE,Combined TRACON& Tower with Radar,0,8,5,0,13,0,0,8,0,8,0,8,13,0,21,2,0,2,23
12/26/2021,ACT,TX,ASW,CE,Combined TRACON& Tower with Radar,0,11,12,0,23,0,0,11,0,11,0,11,23,0,34,6,0,6,40
12/27/2021,ACT,TX,ASW,CE,Combined TRACON& Tower with Radar,0,10,20,0,30,0,0,7,0,7,0,10,27,0,37,0,0,0,37
12/28/2021,ACT,TX,ASW,CE,Combined TRACON& Tower with Radar,0,12,24,4,40,0,0,53,0,53,0,12,77,4,93,50,0,50,143
12/29/2021,ACT,TX,ASW,CE,Combined TRACON& Tower with Radar,4,11,23,0,38,0,0,22,0,22,4,11,45,0,60,42,0,42,102
12/30/2021,ACT,TX,ASW,CE,Combined TRACON& Tower with Radar,0,11,31,2,44,0,1,75,0,76,0,12,106,2,120,36,0,36,156
12/31/2021,ACT,TX,ASW,CE,Combined TRACON& Tower with Radar,2,6,27,0,35,0,0,2,0,2,2,6,29,0,37,42,0,42,79
01/01/2022,ACT,TX,ASW,CE,Combined TRACON& Tower with Radar,4,11,10,0,25,0,0,6,0,6,4,11,16,0,31,0,0,0,31
01/02/2022,ACT,TX,ASW,CE,Combined TRACON& Tower with Radar,6,13,12,0,31,0,0,14,0,14,6,13,26,0,45,0,0,0,45
01/03/2022,ACT,TX,ASW,CE,Combined TRACON& Tower with Radar,0,10,32,3,45,0,0,84,0,84,0,10,116,3,129,70,0,70,199
01/04/2022,ACT,TX,ASW,CE,Combined TRACON& Tower with Radar,0,12,33,15,60,0,0,56,5,61,0,12,89,20,121,48,20,68,189
01/05/2022,ACT,TX,ASW,CE,Combined TRACON& Tower with Radar,0,10,39,14,63,0,0,71,3,74,0,10,110,17,137,72,0,72,209
01/06/2022,ACT,TX,ASW,CE,Combined TRACON& Tower with Radar,0,18,21,8,47,0,0,32,0,32,0,18,53,8,79,12,0,12,91
01/07/2022,ACT,TX,ASW,CE,Combined TRACON& Tower with Radar,0,12,62,36,110,0,0,56,0,56,0,12,118,36,166,62,0,62,228
01/08/2022,ACT,TX,ASW,CE,Combined TRACON& Tower with Radar,0,10,10,0,20,0,0,0,0,0,0,10,10,0,20,0,0,0,20
01/09/2022,ACT,TX,ASW,CE,Combined TRACON& Tower with Radar,0,12,20,0,32,0,0,2,0,2,0,12,22,0,34,0,0,0,34
01/10/2022,ACT,TX,ASW,CE,Combined TRACON& Tower with Radar,2,12,35,8,57,0,0,82,0,82,2,12,117,8,139,56,0,56,195
01/11/2022,ACT,TX,ASW,CE,Combined TRACON& Tower with Radar,4,8,32,5,49,0,0,49,0,49,4,8,81,5,98,8,0,8,106
01/12/2022,ACT,TX,ASW,CE,Combined TRACON& Tower with Radar,2,12,47,14,75,0,0,66,4,70,2,12,113,18,145,61,0,61,206
01/13/2022,ACT,TX,ASW,CE,Combined TRACON& Tower with Radar,0,10,57,8,75,0,0,89,0,89,0,10,146,8,164,66,0,66,230
01/14/2022,ACT,TX,ASW,CE,Combined TRACON& Tower with Radar,2,10,26,20,58,0,4,48,1,53,2,14,74,21,111,28,0,28,139
01/15/2022,ACT,TX,ASW,CE,Combined TRACON& Tower with Radar,4,10,7,4,25,0,0,0,0,0,4,10,7,4,25,0,0,0,25
01/16/2022,ACT,TX,ASW,CE,Combined TRACON& Tower with Radar,2,12,21,0,35,0,1,40,0,41,2,13,61,0,76,40,0,40,116
01/17/2022,ACT,TX,ASW,CE,Combined TRACON& Tower with Radar,2,10,51,10,73,0,0,74,0,74,2,10,125,10,147,102,0,102,249
01/18/2022,ACT,TX,ASW,CE,Combined TRACON& Tower with Radar,3,12,38,23,76,0,0,45,0,45,3,12,83,23,121,44,0,44,165
01/19/2022,ACT,TX,ASW,CE,Combined TRACON& Tower with Radar,2,12,20,23,57,0,0,83,2,85,2,12,103,25,142,126,2,128,270
01/20/2022,ACT,TX,ASW,CE,Combined TRACON& Tower with Radar,0,14,27,7,48,0,0,57,1,58,0,14,84,8,106,42,0,42,148
01/21/2022,ACT,TX,ASW,CE,Combined TRACON& Tower with Radar,4,16,54,39,113,0,2,160,0,162,4,18,214,39,275,102,0,102,377
01/22/2022,ACT,TX,ASW,CE,Combined TRACON& Tower with Radar,2,15,13,31,61,0,0,70,5,75,2,15,83,36,136,30,2,32,168
01/23/2022,ACT,TX,ASW,CE,Combined TRACON& Tower with Radar,0,18,27,7,52,0,0,59,3,62,0,18,86,10,114,62,0,62,176
01/24/2022,ACT,TX,ASW,CE,Combined TRACON& Tower with Radar,2,15,33,0,50,0,0,3,0,3,2,15,36,0,53,2,0,2,55
01/25/2022,ACT,TX,ASW,CE,Combined TRACON& Tower with Radar,4,11,64,5,84,0,0,48,0,48,4,11,112,5,132,114,16,130,262
01/26/2022,ACT,TX,ASW,CE,Combined TRACON& Tower with Radar,1,10,40,36,87,0,3,125,12,140,1,13,165,48,227,102,6,108,335
01/27/2022,ACT,TX,ASW,CE,Combined TRACON& Tower with Radar,0,10,49,21,80,0,0,74,2,76,0,10,123,23,156,128,0,128,284
01/28/2022,ACT,TX,ASW,CE,Combined TRACON& Tower with Radar,4,11,35,67,117,0,0,81,2,83,4,11,116,69,200,64,0,64,264
01/29/2022,ACT,TX,ASW,CE,Combined TRACON& Tower with Radar,6,15,29,38,88,0,0,55,1,56,6,15,84,39,144,50,0,50,194
01/30/2022,ACT,TX,ASW,CE,Combined TRACON& Tower with Radar,0,16,28,3,47,0,0,50,0,50,0,16,78,3,97,60,0,60,157
01/31/2022,ACT,TX,ASW,CE,Combined TRACON& Tower with Radar,1,11,30,11,53,0,0,8,0,8,1,11,38,11,61,36,0,36,97
02/01/2022,ACT,TX,ASW,CE,Combined TRACON& Tower with Radar,0,9,66,2,77,0,0,73,4,77,0,9,139,6,154,152,0,152,306
02/02/2022,ACT,TX,ASW,CE,Combined TRACON& Tower with Radar,0,8,47,5,60,0,0,13,0,13,0,8,60,5,73,28,2,30,103
02/03/2022,ACT,TX,ASW,CE,Combined TRACON& Tower with Radar,0,0,0,0,0,0,0,0,0,0,0,0,0,0,0,0,0,0,0
02/04/2022,ACT,TX,ASW,CE,Combined TRACON& Tower with Radar,0,5,5,0,10,0,0,2,0,2,0,5,7,0,12,0,0,0,12
02/05/2022,ACT,TX,ASW,CE,Combined TRACON& Tower with Radar,2,7,33,69,111,0,0,73,18,91,2,7,106,87,202,64,0,64,266
02/06/2022,ACT,TX,ASW,CE,Combined TRACON& Tower with Radar,1,13,26,2,42,0,2,68,3,73,1,15,94,5,115,130,0,130,245
02/07/2022,ACT,TX,ASW,CE,Combined TRACON& Tower with Radar,0,11,46,6,63,0,2,115,2,119,0,13,161,8,182,148,0,148,330
02/08/2022,ACT,TX,ASW,CE,Combined TRACON& Tower with Radar,4,9,43,17,73,0,1,105,0,106,4,10,148,17,179,142,0,142,321
02/09/2022,ACT,TX,ASW,CE,Combined TRACON& Tower with Radar,3,12,52,19,86,0,5,115,2,122,3,17,167,21,208,140,0,140,348
02/10/2022,ACT,TX,ASW,CE,Combined TRACON& Tower with Radar,2,10,39,25,76,0,10,119,3,132,2,20,158,28,208,126,0,126,334
02/11/2022,ACT,TX,ASW,CE,Combined TRACON& Tower with Radar,2,14,35,76,127,0,2,122,2,126,2,16,157,78,253,74,20,94,347
02/12/2022,ACT,TX,ASW,CE,Combined TRACON& Tower with Radar,2,9,13,36,60,0,0,19,0,19,2,9,32,36,79,6,0,6,85
02/13/2022,ACT,TX,ASW,CE,Combined TRACON& Tower with Radar,0,11,10,16,37,0,0,61,0,61,0,11,71,16,98,68,0,68,166
02/14/2022,ACT,TX,ASW,CE,Combined TRACON& Tower with Radar,0,12,35,29,76,0,0,115,0,115,0,12,150,29,191,116,0,116,307
02/15/2022,ACT,TX,ASW,CE,Combined TRACON& Tower with Radar,0,13,27,26,66,0,0,31,0,31,0,13,58,26,97,42,0,42,139
02/16/2022,ACT,TX,ASW,CE,Combined TRACON& Tower with Radar,2,14,77,27,120,0,0,2,2,4,2,14,79,29,124,82,0,82,206
02/17/2022,ACT,TX,ASW,CE,Combined TRACON& Tower with Radar,0,14,26,0,40,0,2,4,0,6,0,16,30,0,46,14,0,14,60
02/18/2022,ACT,TX,ASW,CE,Combined TRACON& Tower with Radar,0,11,46,15,72,0,3,111,0,114,0,14,157,15,186,142,0,142,328
02/19/2022,ACT,TX,ASW,CE,Combined TRACON& Tower with Radar,0,12,26,0,38,0,0,110,0,110,0,12,136,0,148,68,18,86,234
02/20/2022,ACT,TX,ASW,CE,Combined TRACON& Tower with Radar,2,14,41,18,75,0,0,57,2,59,2,14,98,20,134,64,0,64,198
02/21/2022,ACT,TX,ASW,CE,Combined TRACON& Tower with Radar,0,12,32,9,53,0,2,43,0,45,0,14,75,9,98,50,0,50,148
02/22/2022,ACT,TX,ASW,CE,Combined TRACON& Tower with Radar,2,10,61,15,88,0,0,95,1,96,2,10,156,16,184,110,0,110,294
02/23/2022,ACT,TX,ASW,CE,Combined TRACON& Tower with Radar,0,8,7,0,15,0,0,0,0,0,0,8,7,0,15,0,0,0,15
02/24/2022,ACT,TX,ASW,CE,Combined TRACON& Tower with Radar,4,6,2,0,12,0,0,0,0,0,4,6,2,0,12,0,0,0,12
02/25/2022,ACT,TX,ASW,CE,Combined TRACON& Tower with Radar,2,16,37,31,86,0,0,70,3,73,2,16,107,34,159,48,0,48,207
02/26/2022,ACT,TX,ASW,CE,Combined TRACON& Tower with Radar,2,15,29,0,46,0,0,0,0,0,2,15,29,0,46,0,0,0,46
02/27/2022,ACT,TX,ASW,CE,Combined TRACON& Tower with Radar,4,14,34,4,56,0,0,72,0,72,4,14,106,4,128,155,0,155,283
02/28/2022,ACT,TX,ASW,CE,Combined TRACON& Tower with Radar,1,10,49,18,78,0,0,135,0,135,1,10,184,18,213,188,0,188,401
03/01/2022,ACT,TX,ASW,CE,Combined TRACON& Tower with Radar,0,10,67,26,103,0,0,126,2,128,0,10,193,28,231,140,0,140,371
03/02/2022,ACT,TX,ASW,CE,Combined TRACON& Tower with Radar,0,12,54,29,95,0,4,113,2,119,0,16,167,31,214,92,0,92,306
03/03/2022,ACT,TX,ASW,CE,Combined TRACON& Tower with Radar,0,10,67,16,93,0,4,122,8,134,0,14,189,24,227,124,0,124,351
03/04/2022,ACT,TX,ASW,CE,Combined TRACON& Tower with Radar,0,18,63,60,141,0,1,26,1,28,0,19,89,61,169,76,0,76,245
03/05/2022,ACT,TX,ASW,CE,Combined TRACON& Tower with Radar,0,14,78,26,118,0,0,16,3,19,0,14,94,29,137,16,8,24,161
03/06/2022,ACT,TX,ASW,CE,Combined TRACON& Tower with Radar,4,12,13,0,29,0,0,1,0,1,4,12,14,0,30,2,0,2,32
03/07/2022,ACT,TX,ASW,CE,Combined TRACON& Tower with Radar,1,9,44,53,107,0,1,48,15,64,1,10,92,68,171,90,0,90,261
03/08/2022,ACT,TX,ASW,CE,Combined TRACON& Tower with Radar,0,8,30,1,39,0,0,20,0,20,0,8,50,1,59,52,0,52,111
03/09/2022,ACT,TX,ASW,CE,Combined TRACON& Tower with Radar,2,15,62,17,96,0,1,53,2,56,2,16,115,19,152,28,4,32,184
03/10/2022,ACT,TX,ASW,CE,Combined TRACON& Tower with Radar,2,18,57,10,87,0,0,69,6,75,2,18,126,16,162,76,6,82,244
03/11/2022,ACT,TX,ASW,CE,Combined TRACON& Tower with Radar,2,11,29,20,62,0,0,1,0,1,2,11,30,20,63,0,0,0,63
03/12/2022,ACT,TX,ASW,CE,Combined TRACON& Tower with Radar,2,11,51,50,114,0,2,71,4,77,2,13,122,54,191,72,14,86,277
03/13/2022,ACT,TX,ASW,CE,Combined TRACON& Tower with Radar,2,16,29,24,71,0,3,50,2,55,2,19,79,26,126,66,0,66,192
03/14/2022,ACT,TX,ASW,CE,Combined TRACON& Tower with Radar,0,8,63,4,75,0,0,36,0,36,0,8,99,4,111,62,0,62,173
03/15/2022,ACT,TX,ASW,CE,Combined TRACON& Tower with Radar,0,10,59,8,77,0,2,131,0,133,0,12,190,8,210,220,0,220,430
03/16/2022,ACT,TX,ASW,CE,Combined TRACON& Tower with Radar,6,10,59,18,93,0,0,137,1,138,6,10,196,19,231,152,0,152,383
03/17/2022,ACT,TX,ASW,CE,Combined TRACON& Tower with Radar,8,20,62,14,104,0,0,19,0,19,8,20,81,14,123,44,0,44,167
03/18/2022,ACT,TX,ASW,CE,Combined TRACON& Tower with Radar,2,9,29,11,51,0,3,49,0,52,2,12,78,11,103,30,0,30,133
03/19/2022,ACT,TX,ASW,CE,Combined TRACON& Tower with Radar,2,12,45,19,78,0,1,135,1,137,2,13,180,20,215,68,0,68,283
03/20/2022,ACT,TX,ASW,CE,Combined TRACON& Tower with Radar,0,18,56,21,95,0,0,56,2,58,0,18,112,23,153,8,0,8,161
03/21/2022,ACT,TX,ASW,CE,Combined TRACON& Tower with Radar,2,10,7,0,19,0,0,0,0,0,2,10,7,0,19,0,0,0,19
03/22/2022,ACT,TX,ASW,CE,Combined TRACON& Tower with Radar,0,15,86,12,113,0,8,40,0,48,0,23,126,12,161,66,0,66,227
03/23/2022,ACT,TX,ASW,CE,Combined TRACON& Tower with Radar,0,18,57,8,83,0,1,99,4,104,0,19,156,12,187,120,0,120,307
03/24/2022,ACT,TX,ASW,CE,Combined TRACON& Tower with Radar,0,14,79,8,101,0,0,112,0,112,0,14,191,8,213,94,4,98,311
03/25/2022,ACT,TX,ASW,CE,Combined TRACON& Tower with Radar,2,9,79,52,142,0,0,115,4,119,2,9,194,56,261,186,0,186,447
03/26/2022,ACT,TX,ASW,CE,Combined TRACON& Tower with Radar,0,9,80,19,108,0,0,90,4,94,0,9,170,23,202,40,0,40,242
03/27/2022,ACT,TX,ASW,CE,Combined TRACON& Tower with Radar,0,11,45,0,56,0,2,59,1,62,0,13,104,1,118,72,0,72,190
03/28/2022,ACT,TX,ASW,CE,Combined TRACON& Tower with Radar,0,8,61,28,97,0,0,83,1,84,0,8,144,29,181,54,0,54,235
03/29/2022,ACT,TX,ASW,CE,Combined TRACON& Tower with Radar,0,16,42,16,74,0,0,2,0,2,0,16,44,16,76,12,0,12,88
03/30/2022,ACT,TX,ASW,CE,Combined TRACON& Tower with Radar,2,8,31,3,44,0,0,36,4,40,2,8,67,7,84,80,0,80,164
03/31/2022,ACT,TX,ASW,CE,Combined TRACON& Tower with Radar,0,15,98,13,126,0,2,132,2,136,0,17,230,15,262,152,4,156,418
04/01/2022,ACT,TX,ASW,CE,Combined TRACON& Tower with Radar,0,23,77,42,142,0,2,114,2,118,0,25,191,44,260,140,0,140,400
04/02/2022,ACT,TX,ASW,CE,Combined TRACON& Tower with Radar,0,11,44,2,57,0,2,86,0,88,0,13,130,2,145,80,0,80,225
04/03/2022,ACT,TX,ASW,CE,Combined TRACON& Tower with Radar,0,14,35,14,63,0,0,57,7,64,0,14,92,21,127,104,0,104,231
04/04/2022,ACT,TX,ASW,CE,Combined TRACON& Tower with Radar,0,10,57,4,71,0,0,6,0,6,0,10,63,4,77,90,0,90,167
04/05/2022,ACT,TX,ASW,CE,Combined TRACON& Tower with Radar,0,14,65,8,87,0,2,83,2,87,0,16,148,10,174,50,0,50,224
04/06/2022,ACT,TX,ASW,CE,Combined TRACON& Tower with Radar,0,16,35,25,76,0,3,21,3,27,0,19,56,28,103,8,2,10,113
04/07/2022,ACT,TX,ASW,CE,Combined TRACON& Tower with Radar,0,13,42,3,58,0,2,33,3,38,0,15,75,6,96,28,0,28,124
04/08/2022,ACT,TX,ASW,CE,Combined TRACON& Tower with Radar,0,11,34,4,49,0,3,70,0,73,0,14,104,4,122,44,0,44,166
04/09/2022,ACT,TX,ASW,CE,Combined TRACON& Tower with Radar,0,17,60,10,87,0,0,80,1,81,0,17,140,11,168,87,0,87,255
04/10/2022,ACT,TX,ASW,CE,Combined TRACON& Tower with Radar,0,11,21,0,32,0,0,5,0,5,0,11,26,0,37,0,0,0,37
04/11/2022,ACT,TX,ASW,CE,Combined TRACON& Tower with Radar,0,16,98,34,148,0,2,43,3,48,0,18,141,37,196,146,4,150,346
04/12/2022,ACT,TX,ASW,CE,Combined TRACON& Tower with Radar,0,10,53,3,66,0,0,2,0,2,0,10,55,3,68,0,0,0,68
04/13/2022,ACT,TX,ASW,CE,Combined TRACON& Tower with Radar,2,11,63,29,105,0,2,62,7,71,2,13,125,36,176,28,12,40,216
04/14/2022,ACT,TX,ASW,CE,Combined TRACON& Tower with Radar,0,20,94,16,130,0,5,142,0,147,0,25,236,16,277,226,0,226,503
04/15/2022,ACT,TX,ASW,CE,Combined TRACON& Tower with Radar,0,17,105,15,137,0,0,18,1,19,0,17,123,16,156,84,0,84,240
04/16/2022,ACT,TX,ASW,CE,Combined TRACON& Tower with Radar,0,16,42,0,58,0,0,21,0,21,0,16,63,0,79,16,0,16,95
04/17/2022,ACT,TX,ASW,CE,Combined TRACON& Tower with Radar,0,14,37,4,55,0,0,24,0,24,0,14,61,4,79,26,0,26,105
04/18/2022,ACT,TX,ASW,CE,Combined TRACON& Tower with Radar,0,24,74,2,100,0,3,80,0,83,0,27,154,2,183,78,0,78,261
04/19/2022,ACT,TX,ASW,CE,Combined TRACON& Tower with Radar,0,11,100,46,157,0,6,80,0,86,0,17,180,46,243,46,0,46,289
04/20/2022,ACT,TX,ASW,CE,Combined TRACON& Tower with Radar,0,24,67,37,128,0,2,23,0,25,0,26,90,37,153,34,0,34,187
04/21/2022,ACT,TX,ASW,CE,Combined TRACON& Tower with Radar,0,25,92,16,133,0,0,52,0,52,0,25,144,16,185,112,0,112,297
04/22/2022,ACT,TX,ASW,CE,Combined TRACON& Tower with Radar,0,15,50,79,144,0,0,40,1,41,0,15,90,80,185,46,0,46,231
04/23/2022,ACT,TX,ASW,CE,Combined TRACON& Tower with Radar,0,13,22,10,45,0,1,17,0,18,0,14,39,10,63,28,0,28,91
04/24/2022,ACT,TX,ASW,CE,Combined TRACON& Tower with Radar,4,16,36,22,78,0,0,22,0,22,4,16,58,22,100,16,0,16,116
04/25/2022,ACT,TX,ASW,CE,Combined TRACON& Tower with Radar,0,12,12,0,24,0,0,7,0,7,0,12,19,0,31,20,0,20,51
04/26/2022,ACT,TX,ASW,CE,Combined TRACON& Tower with Radar,0,12,60,12,84,0,5,151,3,159,0,17,211,15,243,152,0,152,395
04/27/2022,ACT,TX,ASW,CE,Combined TRACON& Tower with Radar,0,12,76,6,94,0,2,104,0,106,0,14,180,6,200,122,0,122,322
04/28/2022,ACT,TX,ASW,CE,Combined TRACON& Tower with Radar,0,31,97,21,149,0,3,55,0,58,0,34,152,21,207,110,0,110,317
04/29/2022,ACT,TX,ASW,CE,Combined TRACON& Tower with Radar,0,14,79,0,93,0,0,18,0,18,0,14,97,0,111,68,0,68,179
04/30/2022,ACT,TX,ASW,CE,Combined TRACON& Tower with Radar,0,14,41,24,79,0,4,49,0,53,0,18,90,24,132,32,0,32,164
05/01/2022,ACT,TX,ASW,CE,Combined TRACON& Tower with Radar,0,16,21,28,65,0,0,34,0,34,0,16,55,28,99,36,0,36,135
05/02/2022,ACT,TX,ASW,CE,Combined TRACON& Tower with Radar,0,17,23,2,42,0,0,20,0,20,0,17,43,2,62,26,0,26,88
05/03/2022,ACT,TX,ASW,CE,Combined TRACON& Tower with Radar,0,16,52,38,106,0,0,22,2,24,0,16,74,40,130,38,0,38,168
05/04/2022,ACT,TX,ASW,CE,Combined TRACON& Tower with Radar,0,14,50,13,77,0,0,39,3,42,0,14,89,16,119,62,10,72,191
05/05/2022,ACT,TX,ASW,CE,Combined TRACON& Tower with Radar,0,11,28,2,41,0,1,10,0,11,0,12,38,2,52,0,0,0,52
05/06/2022,ACT,TX,ASW,CE,Combined TRACON& Tower with Radar,0,18,38,17,73,0,3,124,2,129,0,21,162,19,202,98,0,98,300
05/07/2022,ACT,TX,ASW,CE,Combined TRACON& Tower with Radar,0,10,53,24,87,0,2,21,0,23,0,12,74,24,110,30,0,30,140
05/08/2022,ACT,TX,ASW,CE,Combined TRACON& Tower with Radar,0,11,28,0,39,0,2,17,0,19,0,13,45,0,58,12,0,12,70
05/09/2022,ACT,TX,ASW,CE,Combined TRACON& Tower with Radar,0,16,40,9,65,0,1,36,0,37,0,17,76,9,102,58,0,58,160
05/10/2022,ACT,TX,ASW,CE,Combined TRACON& Tower with Radar,0,15,47,13,75,0,0,47,2,49,0,15,94,15,124,118,8,126,250
05/11/2022,ACT,TX,ASW,CE,Combined TRACON& Tower with Radar,0,20,49,10,79,0,0,61,4,65,0,20,110,14,144,66,0,66,210
05/12/2022,ACT,TX,ASW,CE,Combined TRACON& Tower with Radar,0,22,42,11,75,0,2,47,0,49,0,24,89,11,124,104,0,104,228
05/13/2022,ACT,TX,ASW,CE,Combined TRACON& Tower with Radar,2,13,64,29,108,0,0,65,2,67,2,13,129,31,175,16,2,18,193
05/14/2022,ACT,TX,ASW,CE,Combined TRACON& Tower with Radar,0,17,26,37,80,0,0,46,0,46,0,17,72,37,126,10,0,10,136
05/15/2022,ACT,TX,ASW,CE,Combined TRACON& Tower with Radar,0,22,37,6,65,0,2,37,0,39,0,24,74,6,104,8,0,8,112
05/16/2022,ACT,TX,ASW,CE,Combined TRACON& Tower with Radar,0,15,45,3,63,0,3,89,1,93,0,18,134,4,156,50,0,50,206
05/17/2022,ACT,TX,ASW,CE,Combined TRACON& Tower with Radar,2,12,35,18,67,0,3,46,1,50,2,15,81,19,117,8,0,8,125
05/18/2022,ACT,TX,ASW,CE,Combined TRACON& Tower with Radar,0,17,57,33,107,0,0,39,4,43,0,17,96,37,150,28,8,36,186
05/19/2022,ACT,TX,ASW,CE,Combined TRACON& Tower with Radar,0,16,39,13,68,0,2,46,0,48,0,18,85,13,116,22,0,22,138
05/20/2022,ACT,TX,ASW,CE,Combined TRACON& Tower with Radar,0,12,30,36,78,0,0,19,3,22,0,12,49,39,100,16,0,16,116
05/21/2022,ACT,TX,ASW,CE,Combined TRACON& Tower with Radar,0,11,19,12,42,0,0,7,2,9,0,11,26,14,51,4,0,4,55
05/22/2022,ACT,TX,ASW,CE,Combined TRACON& Tower with Radar,0,12,19,12,43,0,0,18,0,18,0,12,37,12,61,33,0,33,94
05/23/2022,ACT,TX,ASW,CE,Combined TRACON& Tower with Radar,0,13,54,11,78,0,0,8,0,8,0,13,62,11,86,54,0,54,140
05/24/2022,ACT,TX,ASW,CE,Combined TRACON& Tower with Radar,0,9,52,5,66,0,0,8,2,10,0,9,60,7,76,4,0,4,80
05/25/2022,ACT,TX,ASW,CE,Combined TRACON& Tower with Radar,0,10,68,10,88,0,2,40,3,45,0,12,108,13,133,148,0,148,281
05/26/2022,ACT,TX,ASW,CE,Combined TRACON& Tower with Radar,0,11,58,16,85,0,4,69,3,76,0,15,127,19,161,38,0,38,199
05/27/2022,ACT,TX,ASW,CE,Combined TRACON& Tower with Radar,0,12,59,4,75,0,3,79,0,82,0,15,138,4,157,48,0,48,205
05/28/2022,ACT,TX,ASW,CE,Combined TRACON& Tower with Radar,0,8,21,0,29,0,0,41,0,41,0,8,62,0,70,30,0,30,100
05/29/2022,ACT,TX,ASW,CE,Combined TRACON& Tower with Radar,0,10,9,0,19,0,0,11,0,11,0,10,20,0,30,4,0,4,34
05/30/2022,ACT,TX,ASW,CE,Combined TRACON& Tower with Radar,0,14,22,4,40,0,0,24,0,24,0,14,46,4,64,14,0,14,78
05/31/2022,ACT,TX,ASW,CE,Combined TRACON& Tower with Radar,0,12,49,23,84,0,4,46,3,53,0,16,95,26,137,100,10,110,247
06/01/2022,ACT,TX,ASW,CE,Combined TRACON& Tower with Radar,6,11,46,4,67,0,1,19,0,20,6,12,65,4,87,102,0,102,189
06/02/2022,ACT,TX,ASW,CE,Combined TRACON& Tower with Radar,0,13,39,10,62,0,1,37,2,40,0,14,76,12,102,54,0,54,156
06/03/2022,ACT,TX,ASW,CE,Combined TRACON& Tower with Radar,2,12,32,12,58,0,0,42,0,42,2,12,74,12,100,70,0,70,170
06/04/2022,ACT,TX,ASW,CE,Combined TRACON& Tower with Radar,0,20,51,6,77,0,0,50,0,50,0,20,101,6,127,76,0,76,203
06/05/2022,ACT,TX,ASW,CE,Combined TRACON& Tower with Radar,0,10,29,8,47,0,0,37,1,38,0,10,66,9,85,22,0,22,107
06/06/2022,ACT,TX,ASW,CE,Combined TRACON& Tower with Radar,0,17,29,28,74,0,1,79,8,88,0,18,108,36,162,60,0,60,222
06/07/2022,ACT,TX,ASW,CE,Combined TRACON& Tower with Radar,0,11,70,31,112,0,5,67,12,84,0,16,137,43,196,42,0,42,238
06/08/2022,ACT,TX,ASW,CE,Combined TRACON& Tower with Radar,0,20,54,10,84,0,3,81,4,88,0,23,135,14,172,128,0,128,300
06/09/2022,ACT,TX,ASW,CE,Combined TRACON& Tower with Radar,0,16,63,14,93,0,4,76,0,80,0,20,139,14,173,166,0,166,339
06/10/2022,ACT,TX,ASW,CE,Combined TRACON& Tower with Radar,0,11,62,47,120,0,1,78,2,81,0,12,140,49,201,42,12,54,255
06/11/2022,ACT,TX,ASW,CE,Combined TRACON& Tower with Radar,1,11,23,8,43,0,3,56,9,68,1,14,79,17,111,30,4,34,145
06/12/2022,ACT,TX,ASW,CE,Combined TRACON& Tower with Radar,0,14,15,8,37,0,0,24,3,27,0,14,39,11,64,5,0,5,69
06/13/2022,ACT,TX,ASW,CE,Combined TRACON& Tower with Radar,0,10,52,25,87,0,1,52,0,53,0,11,104,25,140,42,0,42,182
06/14/2022,ACT,TX,ASW,CE,Combined TRACON& Tower with Radar,0,8,40,16,64,0,0,19,1,20,0,8,59,17,84,4,0,4,88
06/15/2022,ACT,TX,ASW,CE,Combined TRACON& Tower with Radar,0,12,72,6,90,0,1,91,17,109,0,13,163,23,199,126,14,140,339
06/16/2022,ACT,TX,ASW,CE,Combined TRACON& Tower with Radar,0,13,59,8,80,0,4,93,0,97,0,17,152,8,177,136,0,136,313
06/17/2022,ACT,TX,ASW,CE,Combined TRACON& Tower with Radar,0,14,39,32,85,0,6,90,4,100,0,20,129,36,185,38,6,44,229
06/18/2022,ACT,TX,ASW,CE,Combined TRACON& Tower with Radar,0,9,20,0,29,0,0,53,0,53,0,9,73,0,82,55,0,55,137
06/19/2022,ACT,TX,ASW,CE,Combined TRACON& Tower with Radar,0,10,21,21,52,0,1,42,1,44,0,11,63,22,96,38,0,38,134
06/20/2022,ACT,TX,ASW,CE,Combined TRACON& Tower with Radar,0,14,31,5,50,0,0,93,1,94,0,14,124,6,144,110,0,110,254
06/21/2022,ACT,TX,ASW,CE,Combined TRACON& Tower with Radar,0,12,50,21,83,0,6,114,0,120,0,18,164,21,203,152,0,152,355
06/22/2022,ACT,TX,ASW,CE,Combined TRACON& Tower with Radar,0,12,50,14,76,0,5,109,1,115,0,17,159,15,191,150,0,150,341
06/23/2022,ACT,TX,ASW,CE,Combined TRACON& Tower with Radar,0,16,47,8,71,0,6,115,0,121,0,22,162,8,192,168,0,168,360
06/24/2022,ACT,TX,ASW,CE,Combined TRACON& Tower with Radar,0,17,54,40,111,0,3,104,5,112,0,20,158,45,223,88,4,92,315
06/25/2022,ACT,TX,ASW,CE,Combined TRACON& Tower with Radar,0,9,14,8,31,0,1,54,0,55,0,10,68,8,86,32,0,32,118
06/26/2022,ACT,TX,ASW,CE,Combined TRACON& Tower with Radar,0,15,27,18,60,0,0,46,2,48,0,15,73,20,108,68,0,68,176
06/27/2022,ACT,TX,ASW,CE,Combined TRACON& Tower with Radar,0,16,33,7,56,0,2,59,0,61,0,18,92,7,117,94,14,108,225
06/28/2022,ACT,TX,ASW,CE,Combined TRACON& Tower with Radar,0,15,71,8,94,0,3,88,0,91,0,18,159,8,185,182,0,182,367
06/29/2022,ACT,TX,ASW,CE,Combined TRACON& Tower with Radar,0,20,50,17,87,0,9,105,1,115,0,29,155,18,202,174,16,190,392
06/30/2022,ACT,TX,ASW,CE,Combined TRACON& Tower with Radar,0,17,83,35,135,0,0,112,1,113,0,17,195,36,248,82,8,90,338
07/01/2022,ACT,TX,ASW,CE,Combined TRACON& Tower with Radar,0,19,63,4,86,0,1,56,0,57,0,20,119,4,143,56,6,62,205
07/02/2022,ACT,TX,ASW,CE,Combined TRACON& Tower with Radar,0,10,21,6,37,0,0,25,0,25,0,10,46,6,62,36,0,36,98
07/03/2022,ACT,TX,ASW,CE,Combined TRACON& Tower with Radar,0,8,12,0,20,0,0,32,0,32,0,8,44,0,52,44,0,44,96
07/04/2022,ACT,TX,ASW,CE,Combined TRACON& Tower with Radar,0,10,18,0,28,0,0,32,0,32,0,10,50,0,60,30,0,30,90
07/05/2022,ACT,TX,ASW,CE,Combined TRACON& Tower with Radar,0,11,37,18,66,0,1,69,0,70,0,12,106,18,136,67,0,67,203
07/06/2022,ACT,TX,ASW,CE,Combined TRACON& Tower with Radar,0,11,62,20,93,0,2,122,6,130,0,13,184,26,223,126,0,126,349
07/07/2022,ACT,TX,ASW,CE,Combined TRACON& Tower with Radar,0,14,38,4,56,0,0,106,0,106,0,14,144,4,162,100,0,100,262
07/08/2022,ACT,TX,ASW,CE,Combined TRACON& Tower with Radar,0,12,47,26,85,0,2,72,0,74,0,14,119,26,159,128,22,150,309
07/09/2022,ACT,TX,ASW,CE,Combined TRACON& Tower with Radar,0,13,16,18,47,0,2,45,1,48,0,15,61,19,95,84,0,84,179
07/10/2022,ACT,TX,ASW,CE,Combined TRACON& Tower with Radar,0,17,12,13,42,0,3,36,0,39,0,20,48,13,81,18,0,18,99
07/11/2022,ACT,TX,ASW,CE,Combined TRACON& Tower with Radar,0,10,32,7,49,0,0,73,1,74,0,10,105,8,123,172,10,182,305
07/12/2022,ACT,TX,ASW,CE,Combined TRACON& Tower with Radar,2,7,55,21,85,0,1,61,3,65,2,8,116,24,150,104,0,104,254
07/13/2022,ACT,TX,ASW,CE,Combined TRACON& Tower with Radar,0,8,61,4,73,0,0,79,0,79,0,8,140,4,152,184,0,184,336
07/14/2022,ACT,TX,ASW,CE,Combined TRACON& Tower with Radar,0,14,45,0,59,0,3,57,0,60,0,17,102,0,119,110,0,110,229
07/15/2022,ACT,TX,ASW,CE,Combined TRACON& Tower with Radar,0,16,49,100,165,0,4,86,2,92,0,20,135,102,257,80,0,80,337
07/16/2022,ACT,TX,ASW,CE,Combined TRACON& Tower with Radar,2,13,33,29,77,0,0,48,2,50,2,13,81,31,127,82,12,94,221
07/17/2022,ACT,TX,ASW,CE,Combined TRACON& Tower with Radar,0,12,26,8,46,0,0,52,0,52,0,12,78,8,98,74,0,74,172
07/18/2022,ACT,TX,ASW,CE,Combined TRACON& Tower with Radar,0,10,70,7,87,0,0,103,3,106,0,10,173,10,193,108,0,108,301
07/19/2022,ACT,TX,ASW,CE,Combined TRACON& Tower with Radar,0,14,59,14,87,0,6,84,1,91,0,20,143,15,178,144,0,144,322
07/20/2022,ACT,TX,ASW,CE,Combined TRACON& Tower with Radar,0,8,61,16,85,0,4,94,0,98,0,12,155,16,183,108,0,108,291
07/21/2022,ACT,TX,ASW,CE,Combined TRACON& Tower with Radar,0,10,68,18,96,0,1,67,0,68,0,11,135,18,164,88,0,88,252
07/22/2022,ACT,TX,ASW,CE,Combined TRACON& Tower with Radar,0,13,59,61,133,0,1,73,7,81,0,14,132,68,214,40,14,54,268
07/23/2022,ACT,TX,ASW,CE,Combined TRACON& Tower with Radar,0,7,16,22,45,0,0,57,1,58,0,7,73,23,103,82,0,82,185
07/24/2022,ACT,TX,ASW,CE,Combined TRACON& Tower with Radar,0,10,23,4,37,0,0,42,0,42,0,10,65,4,79,36,0,36,115
07/25/2022,ACT,TX,ASW,CE,Combined TRACON& Tower with Radar,3,13,41,30,87,0,0,69,3,72,3,13,110,33,159,20,0,20,179
07/26/2022,ACT,TX,ASW,CE,Combined TRACON& Tower with Radar,2,8,56,14,80,0,0,89,0,89,2,8,145,14,169,72,0,72,241
07/27/2022,ACT,TX,ASW,CE,Combined TRACON& Tower with Radar,1,8,62,34,105,0,4,64,7,75,1,12,126,41,180,120,14,134,314
07/28/2022,ACT,TX,ASW,CE,Combined TRACON& Tower with Radar,0,15,45,20,80,0,2,73,1,76,0,17,118,21,156,102,0,102,258
07/29/2022,ACT,TX,ASW,CE,Combined TRACON& Tower with Radar,2,12,41,17,72,0,4,89,1,94,2,16,130,18,166,80,0,80,246
07/30/2022,ACT,TX,ASW,CE,Combined TRACON& Tower with Radar,0,8,20,1,29,0,2,42,1,45,0,10,62,2,74,16,0,16,90
07/31/2022,ACT,TX,ASW,CE,Combined TRACON& Tower with Radar,0,14,27,23,64,0,0,30,1,31,0,14,57,24,95,28,4,32,127
08/01/2022,ACT,TX,ASW,CE,Combined TRACON& Tower with Radar,0,12,53,12,77,0,2,72,0,74,0,14,125,12,151,98,0,98,249
08/02/2022,ACT,TX,ASW,CE,Combined TRACON& Tower with Radar,0,10,83,19,112,0,8,86,2,96,0,18,169,21,208,22,0,22,230
08/03/2022,ACT,TX,ASW,CE,Combined TRACON& Tower with Radar,0,22,43,4,69,0,4,64,1,69,0,26,107,5,138,68,0,68,206
08/04/2022,ACT,TX,ASW,CE,Combined TRACON& Tower with Radar,0,10,75,20,105,0,3,55,0,58,0,13,130,20,163,26,0,26,189
08/05/2022,ACT,TX,ASW,CE,Combined TRACON& Tower with Radar,0,10,51,40,101,0,0,63,4,67,0,10,114,44,168,32,0,32,200
08/06/2022,ACT,TX,ASW,CE,Combined TRACON& Tower with Radar,0,8,34,11,53,0,0,67,1,68,0,8,101,12,121,66,0,66,187
08/07/2022,ACT,TX,ASW,CE,Combined TRACON& Tower with Radar,0,12,18,10,40,0,0,49,0,49,0,12,67,10,89,36,0,36,125
08/08/2022,ACT,TX,ASW,CE,Combined TRACON& Tower with Radar,0,15,36,32,83,0,4,64,4,72,0,19,100,36,155,86,0,86,241
08/09/2022,ACT,TX,ASW,CE,Combined TRACON& Tower with Radar,0,12,50,14,76,0,1,59,0,60,0,13,109,14,136,84,0,84,220
08/10/2022,ACT,TX,ASW,CE,Combined TRACON& Tower with Radar,2,6,41,1,50,0,3,51,0,54,2,9,92,1,104,46,0,46,150
08/11/2022,ACT,TX,ASW,CE,Combined TRACON& Tower with Radar,0,12,73,4,89,0,0,82,0,82,0,12,155,4,171,70,0,70,241
08/12/2022,ACT,TX,ASW,CE,Combined TRACON& Tower with Radar,0,11,45,29,85,0,0,62,4,66,0,11,107,33,151,68,16,84,235
08/13/2022,ACT,TX,ASW,CE,Combined TRACON& Tower with Radar,0,9,16,9,34,0,0,43,1,44,0,9,59,10,78,48,1,49,127
08/14/2022,ACT,TX,ASW,CE,Combined TRACON& Tower with Radar,2,14,26,46,88,0,0,45,1,46,2,14,71,47,134,96,10,106,240
08/15/2022,ACT,TX,ASW,CE,Combined TRACON& Tower with Radar,0,18,47,14,79,0,0,71,0,71,0,18,118,14,150,90,0,90,240
08/16/2022,ACT,TX,ASW,CE,Combined TRACON& Tower with Radar,0,21,40,24,85,0,4,85,4,93,0,25,125,28,178,92,0,92,270
08/17/2022,ACT,TX,ASW,CE,Combined TRACON& Tower with Radar,4,13,50,1,68,0,7,49,1,57,4,20,99,2,125,114,0,114,239
08/18/2022,ACT,TX,ASW,CE,Combined TRACON& Tower with Radar,0,23,48,2,73,0,5,39,3,47,0,28,87,5,120,118,0,118,238
08/19/2022,ACT,TX,ASW,CE,Combined TRACON& Tower with Radar,0,14,61,6,81,0,2,37,2,41,0,16,98,8,122,78,6,84,206
08/20/2022,ACT,TX,ASW,CE,Combined TRACON& Tower with Radar,0,17,20,43,80,0,2,13,5,20,0,19,33,48,100,14,16,30,130
08/21/2022,ACT,TX,ASW,CE,Combined TRACON& Tower with Radar,4,10,28,17,59,0,0,20,5,25,4,10,48,22,84,70,0,70,154
08/22/2022,ACT,TX,ASW,CE,Combined TRACON& Tower with Radar,0,8,12,0,20,0,0,2,0,2,0,8,14,0,22,18,0,18,40
08/23/2022,ACT,TX,ASW,CE,Combined TRACON& Tower with Radar,0,13,60,2,75,0,2,56,0,58,0,15,116,2,133,70,0,70,203
08/24/2022,ACT,TX,ASW,CE,Combined TRACON& Tower with Radar,0,22,59,6,87,0,0,108,3,111,0,22,167,9,198,128,0,128,326
08/25/2022,ACT,TX,ASW,CE,Combined TRACON& Tower with Radar,0,14,58,8,80,0,1,104,1,106,0,15,162,9,186,132,0,132,318
08/26/2022,ACT,TX,ASW,CE,Combined TRACON& Tower with Radar,0,13,30,49,92,0,2,110,3,115,0,15,140,52,207,210,20,230,437
08/27/2022,ACT,TX,ASW,CE,Combined TRACON& Tower with Radar,0,13,34,10,57,0,0,86,2,88,0,13,120,12,145,26,0,26,171
08/28/2022,ACT,TX,ASW,CE,Combined TRACON& Tower with Radar,0,14,22,14,50,0,2,94,1,97,0,16,116,15,147,102,0,102,249
08/29/2022,ACT,TX,ASW,CE,Combined TRACON& Tower with Radar,0,16,43,9,68,0,2,87,1,90,0,18,130,10,158,186,0,186,344
08/30/2022,ACT,TX,ASW,CE,Combined TRACON& Tower with Radar,0,14,8,0,22,0,0,4,0,4,0,14,12,0,26,32,0,32,58
08/31/2022,ACT,TX,ASW,CE,Combined TRACON& Tower with Radar,0,16,27,6,49,0,0,37,0,37,0,16,64,6,86,174,0,174,260
09/01/2022,ACT,TX,ASW,CE,Combined TRACON& Tower with Radar,1,10,40,19,70,0,0,77,0,77,1,10,117,19,147,117,0,117,264
09/02/2022,ACT,TX,ASW,CE,Combined TRACON& Tower with Radar,1,12,34,0,47,0,0,45,0,45,1,12,79,0,92,190,0,190,282
09/03/2022,ACT,TX,ASW,CE,Combined TRACON& Tower with Radar,3,11,22,0,36,0,0,32,0,32,3,11,54,0,68,76,0,76,144
09/04/2022,ACT,TX,ASW,CE,Combined TRACON& Tower with Radar,4,10,25,1,40,0,0,42,0,42,4,10,67,1,82,56,0,56,138
09/05/2022,ACT,TX,ASW,CE,Combined TRACON& Tower with Radar,2,16,29,0,47,0,0,72,0,72,2,16,101,0,119,150,0,150,269
09/06/2022,ACT,TX,ASW,CE,Combined TRACON& Tower with Radar,0,15,16,4,35,0,1,76,0,77,0,16,92,4,112,120,0,120,232
09/07/2022,ACT,TX,ASW,CE,Combined TRACON& Tower with Radar,0,13,45,13,71,0,0,129,2,131,0,13,174,15,202,310,6,316,518
09/08/2022,ACT,TX,ASW,CE,Combined TRACON& Tower with Radar,0,21,66,25,112,0,3,114,0,117,0,24,180,25,229,236,0,236,465
09/09/2022,ACT,TX,ASW,CE,Combined TRACON& Tower with Radar,4,14,48,14,80,0,6,147,0,153,4,20,195,14,233,213,0,213,446
09/10/2022,ACT,TX,ASW,CE,Combined TRACON& Tower with Radar,0,15,19,43,77,0,0,77,1,78,0,15,96,44,155,84,10,94,249
09/11/2022,ACT,TX,ASW,CE,Combined TRACON& Tower with Radar,3,14,36,22,75,0,0,49,0,49,3,14,85,22,124,140,0,140,264
09/12/2022,ACT,TX,ASW,CE,Combined TRACON& Tower with Radar,1,12,33,29,75,0,1,135,0,136,1,13,168,29,211,258,0,258,469
09/13/2022,ACT,TX,ASW,CE,Combined TRACON& Tower with Radar,0,13,55,16,84,0,4,131,6,141,0,17,186,22,225,190,0,190,415
09/14/2022,ACT,TX,ASW,CE,Combined TRACON& Tower with Radar,0,18,40,26,84,0,0,119,0,119,0,18,159,26,203,306,10,316,519
09/15/2022,ACT,TX,ASW,CE,Combined TRACON& Tower with Radar,0,12,51,33,96,0,7,138,1,146,0,19,189,34,242,228,0,228,470
09/16/2022,ACT,TX,ASW,CE,Combined TRACON& Tower with Radar,0,20,84,58,162,0,0,115,15,130,0,20,199,73,292,236,10,246,538
09/17/2022,ACT,TX,ASW,CE,Combined TRACON& Tower with Radar,0,15,63,23,101,0,1,42,8,51,0,16,105,31,152,147,18,165,317
09/18/2022,ACT,TX,ASW,CE,Combined TRACON& Tower with Radar,0,16,38,18,72,0,0,65,2,67,0,16,103,20,139,202,0,202,341
09/19/2022,ACT,TX,ASW,CE,Combined TRACON& Tower with Radar,0,17,38,7,62,0,1,114,1,116,0,18,152,8,178,181,0,181,359
09/20/2022,ACT,TX,ASW,CE,Combined TRACON& Tower with Radar,0,10,43,11,64,0,1,125,4,130,0,11,168,15,194,232,0,232,426
09/21/2022,ACT,TX,ASW,CE,Combined TRACON& Tower with Radar,0,14,38,32,84,0,0,112,2,114,0,14,150,34,198,264,4,268,466
09/22/2022,ACT,TX,ASW,CE,Combined TRACON& Tower with Radar,0,14,48,2,64,0,2,114,0,116,0,16,162,2,180,226,0,226,406
09/23/2022,ACT,TX,ASW,CE,Combined TRACON& Tower with Radar,2,16,46,35,99,0,0,115,0,115,2,16,161,35,214,148,0,148,362
09/24/2022,ACT,TX,ASW,CE,Combined TRACON& Tower with Radar,2,23,16,6,47,0,1,56,0,57,2,24,72,6,104,20,0,20,124
09/25/2022,ACT,TX,ASW,CE,Combined TRACON& Tower with Radar,0,13,31,29,73,0,0,46,2,48,0,13,77,31,121,38,0,38,159
09/26/2022,ACT,TX,ASW,CE,Combined TRACON& Tower with Radar,0,13,27,4,44,0,0,119,2,121,0,13,146,6,165,194,0,194,359
09/27/2022,ACT,TX,ASW,CE,Combined TRACON& Tower with Radar,0,11,37,35,83,0,1,128,3,132,0,12,165,38,215,293,0,293,508
09/28/2022,ACT,TX,ASW,CE,Combined TRACON& Tower with Radar,0,12,48,4,64,0,2,144,2,148,0,14,192,6,212,250,0,250,462
09/29/2022,ACT,TX,ASW,CE,Combined TRACON& Tower with Radar,0,14,60,25,99,0,1,139,1,141,0,15,199,26,240,178,2,180,420
09/30/2022,ACT,TX,ASW,CE,Combined TRACON& Tower with Radar,4,18,51,11,84,0,5,125,0,130,4,23,176,11,214,338,0,338,552
10/01/2022,ACT,TX,ASW,CE,Combined TRACON& Tower with Radar,5,11,49,12,77,0,0,59,0,59,5,11,108,12,136,54,0,54,190
10/02/2022,ACT,TX,ASW,CE,Combined TRACON& Tower with Radar,4,13,36,15,68,0,0,61,0,61,4,13,97,15,129,18,0,18,147
10/03/2022,ACT,TX,ASW,CE,Combined TRACON& Tower with Radar,5,10,44,32,91,0,0,122,0,122,5,10,166,32,213,174,0,174,387
10/04/2022,ACT,TX,ASW,CE,Combined TRACON& Tower with Radar,0,10,46,14,70,0,0,151,0,151,0,10,197,14,221,312,0,312,533
10/05/2022,ACT,TX,ASW,CE,Combined TRACON& Tower with Radar,0,12,64,13,89,0,0,169,0,169,0,12,233,13,258,198,0,198,456
10/06/2022,ACT,TX,ASW,CE,Combined TRACON& Tower with Radar,0,12,38,4,54,0,0,154,0,154,0,12,192,4,208,132,0,132,340
10/07/2022,ACT,TX,ASW,CE,Combined TRACON& Tower with Radar,2,14,37,8,61,0,0,103,0,103,2,14,140,8,164,174,0,174,338
10/08/2022,ACT,TX,ASW,CE,Combined TRACON& Tower with Radar,0,9,25,0,34,0,0,71,0,71,0,9,96,0,105,110,0,110,215
10/09/2022,ACT,TX,ASW,CE,Combined TRACON& Tower with Radar,0,10,29,0,39,0,0,86,0,86,0,10,115,0,125,58,0,58,183
10/10/2022,ACT,TX,ASW,CE,Combined TRACON& Tower with Radar,0,10,42,0,52,0,1,125,0,126,0,11,167,0,178,182,0,182,360
10/11/2022,ACT,TX,ASW,CE,Combined TRACON& Tower with Radar,0,9,56,35,100,0,1,98,5,104,0,10,154,40,204,216,0,216,420
10/12/2022,ACT,TX,ASW,CE,Combined TRACON& Tower with Radar,2,13,57,10,82,0,1,118,0,119,2,14,175,10,201,205,0,205,406
10/13/2022,ACT,TX,ASW,CE,Combined TRACON& Tower with Radar,0,12,73,17,102,0,0,97,9,106,0,12,170,26,208,152,0,152,360
10/14/2022,ACT,TX,ASW,CE,Combined TRACON& Tower with Radar,0,24,61,32,117,0,1,91,0,92,0,25,152,32,209,124,0,124,333
10/15/2022,ACT,TX,ASW,CE,Combined TRACON& Tower with Radar,0,11,28,0,39,0,0,37,0,37,0,11,65,0,76,36,0,36,112
10/16/2022,ACT,TX,ASW,CE,Combined TRACON& Tower with Radar,0,12,18,5,35,0,0,3,3,6,0,12,21,8,41,0,0,0,41
10/17/2022,ACT,TX,ASW,CE,Combined TRACON& Tower with Radar,0,8,44,6,58,0,2,76,0,78,0,10,120,6,136,98,0,98,234
10/18/2022,ACT,TX,ASW,CE,Combined TRACON& Tower with Radar,0,14,54,27,95,0,0,118,0,118,0,14,172,27,213,200,0,200,413
10/19/2022,ACT,TX,ASW,CE,Combined TRACON& Tower with Radar,0,15,76,10,101,0,4,163,6,173,0,19,239,16,274,238,0,238,512
10/20/2022,ACT,TX,ASW,CE,Combined TRACON& Tower with Radar,0,19,57,21,97,0,0,117,1,118,0,19,174,22,215,300,36,336,551
10/21/2022,ACT,TX,ASW,CE,Combined TRACON& Tower with Radar,1,21,58,66,146,0,0,112,5,117,1,21,170,71,263,158,0,158,421
10/22/2022,ACT,TX,ASW,CE,Combined TRACON& Tower with Radar,1,12,34,0,47,0,1,20,0,21,1,13,54,0,68,0,0,0,68
10/23/2022,ACT,TX,ASW,CE,Combined TRACON& Tower with Radar,2,21,33,2,58,0,0,18,3,21,2,21,51,5,79,44,2,46,125
10/24/2022,ACT,TX,ASW,CE,Combined TRACON& Tower with Radar,4,11,13,2,30,0,0,0,0,0,4,11,13,2,30,0,0,0,30
10/25/2022,ACT,TX,ASW,CE,Combined TRACON& Tower with Radar,0,8,45,12,65,0,0,65,10,75,0,8,110,22,140,72,0,72,212
10/26/2022,ACT,TX,ASW,CE,Combined TRACON& Tower with Radar,0,16,80,18,114,0,2,169,0,171,0,18,249,18,285,330,0,330,615
10/27/2022,ACT,TX,ASW,CE,Combined TRACON& Tower with Radar,0,13,61,5,79,0,8,123,0,131,0,21,184,5,210,190,0,190,400
10/28/2022,ACT,TX,ASW,CE,Combined TRACON& Tower with Radar,2,12,7,0,21,0,0,0,0,0,2,12,7,0,21,0,0,0,21
10/29/2022,ACT,TX,ASW,CE,Combined TRACON& Tower with Radar,0,18,36,6,60,0,0,2,0,2,0,18,38,6,62,51,8,59,121
10/30/2022,ACT,TX,ASW,CE,Combined TRACON& Tower with Radar,2,17,35,16,70,0,0,74,0,74,2,17,109,16,144,104,0,104,248
10/31/2022,ACT,TX,ASW,CE,Combined TRACON& Tower with Radar,0,7,72,12,91,0,0,129,3,132,0,7,201,15,223,178,6,184,407
11/01/2022,ACT,TX,ASW,CE,Combined TRACON& Tower with Radar,1,8,76,18,103,0,0,124,1,125,1,8,200,19,228,168,0,168,396
11/02/2022,ACT,TX,ASW,CE,Combined TRACON& Tower with Radar,0,8,98,22,128,0,3,62,2,67,0,11,160,24,195,189,0,189,384
11/03/2022,ACT,TX,ASW,CE,Combined TRACON& Tower with Radar,5,11,75,12,103,0,1,54,0,55,5,12,129,12,158,94,0,94,252
11/04/2022,ACT,TX,ASW,CE,Combined TRACON& Tower with Radar,8,0,8,0,16,0,0,0,1,1,8,0,8,1,17,0,0,0,17
11/05/2022,ACT,TX,ASW,CE,Combined TRACON& Tower with Radar,8,6,32,19,65,0,3,126,1,130,8,9,158,20,195,180,0,180,375
11/06/2022,ACT,TX,ASW,CE,Combined TRACON& Tower with Radar,6,10,37,15,68,0,1,90,2,93,6,11,127,17,161,142,0,142,303
11/07/2022,ACT,TX,ASW,CE,Combined TRACON& Tower with Radar,6,2,13,4,25,0,1,27,0,28,6,3,40,4,53,86,0,86,139
11/08/2022,ACT,TX,ASW,CE,Combined TRACON& Tower with Radar,6,11,86,0,103,0,0,46,0,46,6,11,132,0,149,114,0,114,263
11/09/2022,ACT,TX,ASW,CE,Combined TRACON& Tower with Radar,6,8,65,21,100,0,2,78,6,86,6,10,143,27,186,104,0,104,290
11/10/2022,ACT,TX,ASW,CE,Combined TRACON& Tower with Radar,6,8,82,16,112,0,0,53,0,53,6,8,135,16,165,52,0,52,217
11/11/2022,ACT,TX,ASW,CE,Combined TRACON& Tower with Radar,8,8,16,0,32,0,0,1,0,1,8,8,17,0,33,0,0,0,33
11/12/2022,ACT,TX,ASW,CE,Combined TRACON& Tower with Radar,7,6,66,0,79,0,0,73,0,73,7,6,139,0,152,49,0,49,201
11/13/2022,ACT,TX,ASW,CE,Combined TRACON& Tower with Radar,6,19,39,13,77,0,0,74,1,75,6,19,113,14,152,22,0,22,174
11/14/2022,ACT,TX,ASW,CE,Combined TRACON& Tower with Radar,5,8,25,6,44,0,0,0,0,0,5,8,25,6,44,0,0,0,44
11/15/2022,ACT,TX,ASW,CE,Combined TRACON& Tower with Radar,6,8,43,19,76,0,2,57,2,61,6,10,100,21,137,156,0,156,293
11/16/2022,ACT,TX,ASW,CE,Combined TRACON& Tower with Radar,6,5,68,8,87,0,0,110,1,111,6,5,178,9,198,54,0,54,252
11/17/2022,ACT,TX,ASW,CE,Combined TRACON& Tower with Radar,6,9,73,44,132,0,4,110,6,120,6,13,183,50,252,70,0,70,322
11/18/2022,ACT,TX,ASW,CE,Combined TRACON& Tower with Radar,6,12,71,20,109,0,2,94,1,97,6,14,165,21,206,52,0,52,258
11/19/2022,ACT,TX,ASW,CE,Combined TRACON& Tower with Radar,8,20,42,0,70,0,0,28,0,28,8,20,70,0,98,36,0,36,134
11/20/2022,ACT,TX,ASW,CE,Combined TRACON& Tower with Radar,8,4,43,0,55,0,0,41,0,41,8,4,84,0,96,40,0,40,136
11/21/2022,ACT,TX,ASW,CE,Combined TRACON& Tower with Radar,8,20,35,24,87,0,0,14,0,14,8,20,49,24,101,18,0,18,119
11/22/2022,ACT,TX,ASW,CE,Combined TRACON& Tower with Radar,6,2,62,4,74,0,0,48,0,48,6,2,110,4,122,66,0,66,188
11/23/2022,ACT,TX,ASW,CE,Combined TRACON& Tower with Radar,8,3,43,19,73,0,0,18,2,20,8,3,61,21,93,6,22,28,121
11/24/2022,ACT,TX,ASW,CE,Combined TRACON& Tower with Radar,4,0,2,0,6,0,0,0,0,0,4,0,2,0,6,0,0,0,6
11/25/2022,ACT,TX,ASW,CE,Combined TRACON& Tower with Radar,10,4,8,0,22,0,0,0,0,0,10,4,8,0,22,0,0,0,22
11/26/2022,ACT,TX,ASW,CE,Combined TRACON& Tower with Radar,6,2,14,0,22,0,1,10,0,11,6,3,24,0,33,4,0,4,37
11/27/2022,ACT,TX,ASW,CE,Combined TRACON& Tower with Radar,6,8,45,0,59,0,0,56,0,56,6,8,101,0,115,64,0,64,179
11/28/2022,ACT,TX,ASW,CE,Combined TRACON& Tower with Radar,8,10,59,24,101,0,7,110,0,117,8,17,169,24,218,58,0,58,276
11/29/2022,ACT,TX,ASW,CE,Combined TRACON& Tower with Radar,6,6,69,35,116,0,2,51,1,54,6,8,120,36,170,100,0,100,270
11/30/2022,ACT,TX,ASW,CE,Combined TRACON& Tower with Radar,8,8,39,31,86,0,5,112,4,121,8,13,151,35,207,114,0,114,321
12/01/2022,ACT,TX,ASW,CE,Combined TRACON& Tower with Radar,8,2,83,9,102,0,0,82,0,82,8,2,165,9,184,174,0,174,358
12/02/2022,ACT,TX,ASW,CE,Combined TRACON& Tower with Radar,8,7,42,8,65,0,0,8,0,8,8,7,50,8,73,32,0,32,105
12/03/2022,ACT,TX,ASW,CE,Combined TRACON& Tower with Radar,9,5,41,4,59,0,0,22,0,22,9,5,63,4,81,64,0,64,145
12/04/2022,ACT,TX,ASW,CE,Combined TRACON& Tower with Radar,8,5,32,2,47,0,1,21,0,22,8,6,53,2,69,68,0,68,137
12/05/2022,ACT,TX,ASW,CE,Combined TRACON& Tower with Radar,7,2,55,19,83,0,0,44,4,48,7,2,99,23,131,46,0,46,177
12/06/2022,ACT,TX,ASW,CE,Combined TRACON& Tower with Radar,8,3,89,11,111,0,0,35,0,35,8,3,124,11,146,172,0,172,318
12/07/2022,ACT,TX,ASW,CE,Combined TRACON& Tower with Radar,8,9,52,17,86,0,0,44,1,45,8,9,96,18,131,80,0,80,211
12/08/2022,ACT,TX,ASW,CE,Combined TRACON& Tower with Radar,8,4,80,17,109,0,0,33,1,34,8,4,113,18,143,87,0,87,230
12/09/2022,ACT,TX,ASW,CE,Combined TRACON& Tower with Radar,8,0,73,24,105,0,2,32,0,34,8,2,105,24,139,38,0,38,177
12/10/2022,ACT,TX,ASW,CE,Combined TRACON& Tower with Radar,9,5,30,0,44,0,2,16,0,18,9,7,46,0,62,12,0,12,74
12/11/2022,ACT,TX,ASW,CE,Combined TRACON& Tower with Radar,7,2,36,8,53,0,0,6,0,6,7,2,42,8,59,10,0,10,69
12/12/2022,ACT,TX,ASW,CE,Combined TRACON& Tower with Radar,9,2,30,0,41,0,0,0,0,0,9,2,30,0,41,0,0,0,41
12/13/2022,ACT,TX,ASW,CE,Combined TRACON& Tower with Radar,8,6,30,4,48,0,0,34,0,34,8,6,64,4,82,80,0,80,162
12/14/2022,ACT,TX,ASW,CE,Combined TRACON& Tower with Radar,8,3,39,17,67,0,0,64,7,71,8,3,103,24,138,136,0,136,274
12/15/2022,ACT,TX,ASW,CE,Combined TRACON& Tower with Radar,8,4,53,10,75,0,0,130,1,131,8,4,183,11,206,234,0,234,440
12/16/2022,ACT,TX,ASW,CE,Combined TRACON& Tower with Radar,8,2,30,29,69,0,0,40,0,40,8,2,70,29,109,66,0,66,175
12/17/2022,ACT,TX,ASW,CE,Combined TRACON& Tower with Radar,5,6,39,8,58,0,0,75,4,79,5,6,114,12,137,98,0,98,235
12/18/2022,ACT,TX,ASW,CE,Combined TRACON& Tower with Radar,8,0,16,8,32,0,2,65,1,68,8,2,81,9,100,30,0,30,130
12/19/2022,ACT,TX,ASW,CE,Combined TRACON& Tower with Radar,6,0,7,0,13,0,0,1,0,1,6,0,8,0,14,0,0,0,14
12/20/2022,ACT,TX,ASW,CE,Combined TRACON& Tower with Radar,6,6,54,11,77,0,4,21,0,25,6,10,75,11,102,30,0,30,132
12/21/2022,ACT,TX,ASW,CE,Combined TRACON& Tower with Radar,8,4,36,22,70,0,0,22,4,26,8,4,58,26,96,67,0,67,163
12/22/2022,ACT,TX,ASW,CE,Combined TRACON& Tower with Radar,7,0,10,0,17,0,0,2,0,2,7,0,12,0,19,0,0,0,19
12/23/2022,ACT,TX,ASW,CE,Combined TRACON& Tower with Radar,8,0,11,0,19,0,0,17,0,17,8,0,28,0,36,0,0,0,36
12/24/2022,ACT,TX,ASW,CE,Combined TRACON& Tower with Radar,4,0,15,0,19,0,0,19,0,19,4,0,34,0,38,12,0,12,50
12/25/2022,ACT,TX,ASW,CE,Combined TRACON& Tower with Radar,4,0,4,0,8,0,0,7,0,7,4,0,11,0,15,0,2,2,17
12/26/2022,ACT,TX,ASW,CE,Combined TRACON& Tower with Radar,8,0,8,0,16,0,0,36,0,36,8,0,44,0,52,8,0,8,60
12/27/2022,ACT,TX,ASW,CE,Combined TRACON& Tower with Radar,8,0,30,0,38,0,2,59,2,63,8,2,89,2,101,50,0,50,151
12/28/2022,ACT,TX,ASW,CE,Combined TRACON& Tower with Radar,8,0,30,0,38,0,2,19,0,21,8,2,49,0,59,30,0,30,89
12/29/2022,ACT,TX,ASW,CE,Combined TRACON& Tower with Radar,8,4,34,4,50,0,3,22,0,25,8,7,56,4,75,10,0,10,85
12/30/2022,ACT,TX,ASW,CE,Combined TRACON& Tower with Radar,10,1,14,0,25,2,0,53,0,55,12,1,67,0,80,26,0,26,106
12/31/2022,ACT,TX,ASW,CE,Combined TRACON& Tower with Radar,5,1,14,0,20,0,1,39,0,40,5,2,53,0,60,30,0,30,90
01/01/2023,ACT,TX,ASW,CE,Combined TRACON& Tower with Radar,7,4,4,0,15,0,0,25,0,25,7,4,29,0,40,36,0,36,76
01/02/2023,ACT,TX,ASW,CE,Combined TRACON& Tower with Radar,8,2,22,0,32,0,0,2,0,2,8,2,24,0,34,0,0,0,34
01/03/2023,ACT,TX,ASW,CE,Combined TRACON& Tower with Radar,10,2,45,0,57,0,0,69,0,69,10,2,114,0,126,82,0,82,208
01/04/2023,ACT,TX,ASW,CE,Combined TRACON& Tower with Radar,8,0,31,9,48,0,0,78,4,82,8,0,109,13,130,94,0,94,224
01/05/2023,ACT,TX,ASW,CE,Combined TRACON& Tower with Radar,6,6,36,31,79,0,5,91,3,99,6,11,127,34,178,166,0,166,344
01/06/2023,ACT,TX,ASW,CE,Combined TRACON& Tower with Radar,8,0,50,58,116,0,4,29,3,36,8,4,79,61,152,6,0,6,158
01/07/2023,ACT,TX,ASW,CE,Combined TRACON& Tower with Radar,9,3,37,0,49,0,2,23,0,25,9,5,60,0,74,14,0,14,88
01/08/2023,ACT,TX,ASW,CE,Combined TRACON& Tower with Radar,10,0,26,0,36,0,3,69,0,72,10,3,95,0,108,92,0,92,200
01/09/2023,ACT,TX,ASW,CE,Combined TRACON& Tower with Radar,8,0,33,19,60,0,7,66,1,74,8,7,99,20,134,40,0,40,174
01/10/2023,ACT,TX,ASW,CE,Combined TRACON& Tower with Radar,8,2,47,34,91,0,2,63,3,68,8,4,110,37,159,76,10,86,245
01/11/2023,ACT,TX,ASW,CE,Combined TRACON& Tower with Radar,6,1,34,55,96,0,3,48,2,53,6,4,82,57,149,64,0,64,213
01/12/2023,ACT,TX,ASW,CE,Combined TRACON& Tower with Radar,8,2,38,12,60,0,2,39,1,42,8,4,77,13,102,34,0,34,136
01/13/2023,ACT,TX,ASW,CE,Combined TRACON& Tower with Radar,7,5,37,23,72,0,4,110,1,115,7,9,147,24,187,129,0,129,316
01/14/2023,ACT,TX,ASW,CE,Combined TRACON& Tower with Radar,7,15,33,0,55,0,2,105,0,107,7,17,138,0,162,58,0,58,220
01/15/2023,ACT,TX,ASW,CE,Combined TRACON& Tower with Radar,6,0,24,0,30,0,1,19,0,20,6,1,43,0,50,12,0,12,62
01/16/2023,ACT,TX,ASW,CE,Combined TRACON& Tower with Radar,6,3,55,6,70,0,1,55,0,56,6,4,110,6,126,110,0,110,236
01/17/2023,ACT,TX,ASW,CE,Combined TRACON& Tower with Radar,9,7,53,50,119,0,0,100,0,100,9,7,153,50,219,214,0,214,433
01/18/2023,ACT,TX,ASW,CE,Combined TRACON& Tower with Radar,7,2,28,17,54,0,0,53,2,55,7,2,81,19,109,140,8,148,257
01/19/2023,ACT,TX,ASW,CE,Combined TRACON& Tower with Radar,6,3,73,8,90,0,2,136,0,138,6,5,209,8,228,216,0,216,444
01/20/2023,ACT,TX,ASW,CE,Combined TRACON& Tower with Radar,6,0,49,49,104,0,0,134,2,136,6,0,183,51,240,186,0,186,426
01/21/2023,ACT,TX,ASW,CE,Combined TRACON& Tower with Radar,6,4,49,24,83,0,0,31,4,35,6,4,80,28,118,64,2,66,184
01/22/2023,ACT,TX,ASW,CE,Combined TRACON& Tower with Radar,7,1,34,4,46,0,4,83,1,88,7,5,117,5,134,111,0,111,245
01/23/2023,ACT,TX,ASW,CE,Combined TRACON& Tower with Radar,6,5,53,13,77,1,3,174,8,186,7,8,227,21,263,288,0,288,551
01/24/2023,ACT,TX,ASW,CE,Combined TRACON& Tower with Radar,6,7,12,0,25,0,0,0,0,0,6,7,12,0,25,0,0,0,25
01/25/2023,ACT,TX,ASW,CE,Combined TRACON& Tower with Radar,6,1,44,15,66,0,1,85,4,90,6,2,129,19,156,250,4,254,410
01/26/2023,ACT,TX,ASW,CE,Combined TRACON& Tower with Radar,6,1,47,15,69,0,0,200,2,202,6,1,247,17,271,198,0,198,469
01/27/2023,ACT,TX,ASW,CE,Combined TRACON& Tower with Radar,7,5,46,72,130,0,2,172,10,184,7,7,218,82,314,204,0,204,518
01/28/2023,ACT,TX,ASW,CE,Combined TRACON& Tower with Radar,7,3,35,7,52,0,0,3,0,3,7,3,38,7,55,48,0,48,103
01/29/2023,ACT,TX,ASW,CE,Combined TRACON& Tower with Radar,6,2,21,0,29,0,0,0,0,0,6,2,21,0,29,0,0,0,29
01/30/2023,ACT,TX,ASW,CE,Combined TRACON& Tower with Radar,1,2,6,0,9,0,0,0,0,0,1,2,6,0,9,0,0,0,9
01/31/2023,ACT,TX,ASW,CE,Combined TRACON& Tower with Radar,0,0,0,0,0,0,0,0,0,0,0,0,0,0,0,0,0,0,0
02/01/2023,ACT,TX,ASW,CE,Combined TRACON& Tower with Radar,0,0,0,0,0,0,0,0,0,0,0,0,0,0,0,0,0,0,0
02/02/2023,ACT,TX,ASW,CE,Combined TRACON& Tower with Radar,2,2,10,0,14,0,0,0,0,0,2,2,10,0,14,0,0,0,14
02/03/2023,ACT,TX,ASW,CE,Combined TRACON& Tower with Radar,9,2,43,27,81,0,3,58,21,82,9,5,101,48,163,150,0,150,313
02/04/2023,ACT,TX,ASW,CE,Combined TRACON& Tower with Radar,9,0,27,4,40,0,0,28,22,50,9,0,55,26,90,100,0,100,190
02/05/2023,ACT,TX,ASW,CE,Combined TRACON& Tower with Radar,6,4,20,0,30,0,0,85,48,133,6,4,105,48,163,154,0,154,317
02/06/2023,ACT,TX,ASW,CE,Combined TRACON& Tower with Radar,8,0,51,21,80,0,1,16,9,26,8,1,67,30,106,114,0,114,220
02/07/2023,ACT,TX,ASW,CE,Combined TRACON& Tower with Radar,6,0,28,9,43,0,0,0,0,0,6,0,28,9,43,0,0,0,43
02/08/2023,ACT,TX,ASW,CE,Combined TRACON& Tower with Radar,4,6,27,2,39,0,2,11,12,25,4,8,38,14,64,128,0,128,192
02/09/2023,ACT,TX,ASW,CE,Combined TRACON& Tower with Radar,6,1,48,20,75,0,7,126,76,209,6,8,174,96,284,201,0,201,485
02/10/2023,ACT,TX,ASW,CE,Combined TRACON& Tower with Radar,8,5,35,7,55,0,1,28,56,85,8,6,63,63,140,111,0,111,251
02/11/2023,ACT,TX,ASW,CE,Combined TRACON& Tower with Radar,6,2,40,26,74,0,0,117,31,148,6,2,157,57,222,114,34,148,370
02/12/2023,ACT,TX,ASW,CE,Combined TRACON& Tower with Radar,6,2,17,2,27,0,2,66,21,89,6,4,83,23,116,63,0,63,179
02/13/2023,ACT,TX,ASW,CE,Combined TRACON& Tower with Radar,8,3,47,22,80,1,0,59,74,134,9,3,106,96,214,153,0,153,367
02/14/2023,ACT,TX,ASW,CE,Combined TRACON& Tower with Radar,8,3,18,2,31,0,1,18,2,21,8,4,36,4,52,42,0,42,94
02/15/2023,ACT,TX,ASW,CE,Combined TRACON& Tower with Radar,9,4,37,19,69,0,2,9,5,16,9,6,46,24,85,57,0,57,142
02/16/2023,ACT,TX,ASW,CE,Combined TRACON& Tower with Radar,8,6,31,12,57,0,6,32,33,71,8,12,63,45,128,188,0,188,316
02/17/2023,ACT,TX,ASW,CE,Combined TRACON& Tower with Radar,7,3,50,5,65,0,6,83,73,162,7,9,133,78,227,186,0,186,413
02/18/2023,ACT,TX,ASW,CE,Combined TRACON& Tower with Radar,5,3,52,0,60,0,2,131,26,159,5,5,183,26,219,46,0,46,265
02/19/2023,ACT,TX,ASW,CE,Combined TRACON& Tower with Radar,6,6,19,1,32,0,3,59,11,73,6,9,78,12,105,94,0,94,199
02/20/2023,ACT,TX,ASW,CE,Combined TRACON& Tower with Radar,6,3,42,7,58,0,4,94,38,136,6,7,136,45,194,235,0,235,429
02/21/2023,ACT,TX,ASW,CE,Combined TRACON& Tower with Radar,7,1,36,19,63,0,9,73,41,123,7,10,109,60,186,232,0,232,418
02/22/2023,ACT,TX,ASW,CE,Combined TRACON& Tower with Radar,7,2,27,11,47,0,5,45,53,103,7,7,72,64,150,146,0,146,296
02/23/2023,ACT,TX,ASW,CE,Combined TRACON& Tower with Radar,6,0,48,33,87,0,1,49,47,97,6,1,97,80,184,42,0,42,226
02/24/2023,ACT,TX,ASW,CE,Combined TRACON& Tower with Radar,6,5,63,13,87,0,0,9,3,12,6,5,72,16,99,94,0,94,193
02/25/2023,ACT,TX,ASW,CE,Combined TRACON& Tower with Radar,6,4,37,13,60,0,0,1,1,2,6,4,38,14,62,0,0,0,62
02/26/2023,ACT,TX,ASW,CE,Combined TRACON& Tower with Radar,5,1,20,6,32,0,0,8,1,9,5,1,28,7,41,0,16,16,57
02/27/2023,ACT,TX,ASW,CE,Combined TRACON& Tower with Radar,6,0,43,64,113,2,8,97,66,173,8,8,140,130,286,258,12,270,556
02/28/2023,ACT,TX,ASW,CE,Combined TRACON& Tower with Radar,6,1,57,26,90,0,5,126,60,191,6,6,183,86,281,208,0,208,489
03/01/2023,ACT,TX,ASW,CE,Combined TRACON& Tower with Radar,6,0,33,8,47,0,0,25,14,39,6,0,58,22,86,216,0,216,302
03/02/2023,ACT,TX,ASW,CE,Combined TRACON& Tower with Radar,6,0,7,0,13,0,0,1,1,2,6,0,8,1,15,4,0,4,19
03/03/2023,ACT,TX,ASW,CE,Combined TRACON& Tower with Radar,5,5,44,43,97,0,0,59,66,125,5,5,103,109,222,86,0,86,308
03/04/2023,ACT,TX,ASW,CE,Combined TRACON& Tower with Radar,6,5,45,47,103,0,0,122,11,133,6,5,167,58,236,54,0,54,290
03/05/2023,ACT,TX,ASW,CE,Combined TRACON& Tower with Radar,6,20,29,7,62,0,1,45,6,52,6,21,74,13,114,28,8,36,150
03/06/2023,ACT,TX,ASW,CE,Combined TRACON& Tower with Radar,6,9,53,13,81,0,0,21,4,25,6,9,74,17,106,0,0,0,106
03/07/2023,ACT,TX,ASW,CE,Combined TRACON& Tower with Radar,7,6,52,9,74,0,0,9,3,12,7,6,61,12,86,10,0,10,96
03/08/2023,ACT,TX,ASW,CE,Combined TRACON& Tower with Radar,5,5,63,21,94,0,0,14,5,19,5,5,77,26,113,130,10,140,253
03/09/2023,ACT,TX,ASW,CE,Combined TRACON& Tower with Radar,18,4,41,4,67,0,0,7,0,7,18,4,48,4,74,30,0,30,104
03/10/2023,ACT,TX,ASW,CE,Combined TRACON& Tower with Radar,6,5,52,44,107,0,2,27,7,36,6,7,79,51,143,52,36,88,231
03/11/2023,ACT,TX,ASW,CE,Combined TRACON& Tower with Radar,9,8,45,6,68,0,7,18,0,25,9,15,63,6,93,22,0,22,115
03/12/2023,ACT,TX,ASW,CE,Combined TRACON& Tower with Radar,6,2,35,9,52,0,0,42,2,44,6,2,77,11,96,74,0,74,170
03/13/2023,ACT,TX,ASW,CE,Combined TRACON& Tower with Radar,6,6,48,10,70,0,1,90,69,160,6,7,138,79,230,192,0,192,422
03/14/2023,ACT,TX,ASW,CE,Combined TRACON& Tower with Radar,6,14,55,5,80,0,1,75,48,124,6,15,130,53,204,244,0,244,448
03/15/2023,ACT,TX,ASW,CE,Combined TRACON& Tower with Radar,8,2,38,13,61,1,7,74,54,136,9,9,112,67,197,330,0,330,527
03/16/2023,ACT,TX,ASW,CE,Combined TRACON& Tower with Radar,6,5,14,0,25,0,0,0,0,0,6,5,14,0,25,0,0,0,25
03/17/2023,ACT,TX,ASW,CE,Combined TRACON& Tower with Radar,6,5,43,23,77,0,0,42,29,71,6,5,85,52,148,112,0,112,260
03/18/2023,ACT,TX,ASW,CE,Combined TRACON& Tower with Radar,6,3,27,1,37,0,11,73,18,102,6,14,100,19,139,130,0,130,269
03/19/2023,ACT,TX,ASW,CE,Combined TRACON& Tower with Radar,6,1,29,25,61,0,13,89,24,126,6,14,118,49,187,158,0,158,345
03/20/2023,ACT,TX,ASW,CE,Combined TRACON& Tower with Radar,6,6,48,42,102,0,7,64,54,125,6,13,112,96,227,102,18,120,347
03/21/2023,ACT,TX,ASW,CE,Combined TRACON& Tower with Radar,6,1,25,3,35,0,0,0,0,0,6,1,25,3,35,0,0,0,35
03/22/2023,ACT,TX,ASW,CE,Combined TRACON& Tower with Radar,4,25,77,26,132,0,2,29,33,64,4,27,106,59,196,86,0,86,282
03/23/2023,ACT,TX,ASW,CE,Combined TRACON& Tower with Radar,6,4,64,6,80,0,2,16,24,42,6,6,80,30,122,160,0,160,282
03/24/2023,ACT,TX,ASW,CE,Combined TRACON& Tower with Radar,6,10,48,15,79,0,2,47,38,87,6,12,95,53,166,104,0,104,270
03/25/2023,ACT,TX,ASW,CE,Combined TRACON& Tower with Radar,6,3,35,0,44,0,11,58,0,69,6,14,93,0,113,8,0,8,121
03/26/2023,ACT,TX,ASW,CE,Combined TRACON& Tower with Radar,6,8,41,38,93,0,11,76,32,119,6,19,117,70,212,128,14,142,354
03/27/2023,ACT,TX,ASW,CE,Combined TRACON& Tower with Radar,5,9,33,24,71,0,13,81,76,170,5,22,114,100,241,112,0,112,353
03/28/2023,ACT,TX,ASW,CE,Combined TRACON& Tower with Radar,4,7,39,26,76,0,6,57,40,103,4,13,96,66,179,84,16,100,279
03/29/2023,ACT,TX,ASW,CE,Combined TRACON& Tower with Radar,4,2,58,47,111,0,13,86,60,159,4,15,144,107,270,298,0,298,568
03/30/2023,ACT,TX,ASW,CE,Combined TRACON& Tower with Radar,6,0,25,32,63,0,0,1,3,4,6,0,26,35,67,16,0,16,83
03/31/2023,ACT,TX,ASW,CE,Combined TRACON& Tower with Radar,6,2,23,37,68,0,3,14,6,23,6,5,37,43,91,55,0,55,146
04/01/2023,ACT,TX,ASW,CE,Combined TRACON& Tower with Radar,6,9,48,18,81,0,7,123,22,152,6,16,171,40,233,220,0,220,453
04/02/2023,ACT,TX,ASW,CE,Combined TRACON& Tower with Radar,4,7,32,17,60,0,0,8,5,13,4,7,40,22,73,8,2,10,83
04/03/2023,ACT,TX,ASW,CE,Combined TRACON& Tower with Radar,6,7,45,54,112,0,0,39,58,97,6,7,84,112,209,114,0,114,323
04/04/2023,ACT,TX,ASW,CE,Combined TRACON& Tower with Radar,6,10,65,37,118,0,2,17,27,46,6,12,82,64,164,72,0,72,236
04/05/2023,ACT,TX,ASW,CE,Combined TRACON& Tower with Radar,6,7,70,26,109,0,6,56,35,97,6,13,126,61,206,112,0,112,318
04/06/2023,ACT,TX,ASW,CE,Combined TRACON& Tower with Radar,6,2,35,1,44,0,0,13,7,20,6,2,48,8,64,32,0,32,96
04/07/2023,ACT,TX,ASW,CE,Combined TRACON& Tower with Radar,6,4,18,0,28,0,0,2,0,2,6,4,20,0,30,18,0,18,48
04/08/2023,ACT,TX,ASW,CE,Combined TRACON& Tower with Radar,4,14,34,0,52,0,2,13,4,19,4,16,47,4,71,54,0,54,125
04/09/2023,ACT,TX,ASW,CE,Combined TRACON& Tower with Radar,4,3,32,4,43,0,0,30,8,38,4,3,62,12,81,66,0,66,147
04/10/2023,ACT,TX,ASW,CE,Combined TRACON& Tower with Radar,7,7,76,40,130,0,7,74,32,113,7,14,150,72,243,164,0,164,407
04/11/2023,ACT,TX,ASW,CE,Combined TRACON& Tower with Radar,7,7,62,37,113,0,21,84,62,167,7,28,146,99,280,168,0,168,448
04/12/2023,ACT,TX,ASW,CE,Combined TRACON& Tower with Radar,6,10,46,30,92,0,32,147,67,246,6,42,193,97,338,186,0,186,524
04/13/2023,ACT,TX,ASW,CE,Combined TRACON& Tower with Radar,6,8,50,38,102,0,16,106,48,170,6,24,156,86,272,132,4,136,408
04/14/2023,ACT,TX,ASW,CE,Combined TRACON& Tower with Radar,6,9,54,37,106,16,0,15,5,36,22,9,69,42,142,194,0,194,336
04/15/2023,ACT,TX,ASW,CE,Combined TRACON& Tower with Radar,8,8,23,17,56,0,6,48,17,71,8,14,71,34,127,56,6,62,189
04/16/2023,ACT,TX,ASW,CE,Combined TRACON& Tower with Radar,6,11,34,16,67,0,9,72,18,99,6,20,106,34,166,74,0,74,240
04/17/2023,ACT,TX,ASW,CE,Combined TRACON& Tower with Radar,6,8,36,27,77,0,16,68,55,139,6,24,104,82,216,160,0,160,376
04/18/2023,ACT,TX,ASW,CE,Combined TRACON& Tower with Radar,6,4,46,34,90,0,1,14,18,33,6,5,60,52,123,94,0,94,217
04/19/2023,ACT,TX,ASW,CE,Combined TRACON& Tower with Radar,6,10,31,22,69,0,0,22,20,42,6,10,53,42,111,103,0,103,214
04/20/2023,ACT,TX,ASW,CE,Combined TRACON& Tower with Radar,7,5,28,8,48,0,0,2,0,2,7,5,30,8,50,62,0,62,112
04/21/2023,ACT,TX,ASW,CE,Combined TRACON& Tower with Radar,8,10,34,47,99,0,17,65,49,131,8,27,99,96,230,132,18,150,380
04/22/2023,ACT,TX,ASW,CE,Combined TRACON& Tower with Radar,7,10,43,9,69,0,17,86,25,128,7,27,129,34,197,108,0,108,305
04/23/2023,ACT,TX,ASW,CE,Combined TRACON& Tower with Radar,7,5,31,17,60,0,0,5,0,5,7,5,36,17,65,10,0,10,75
04/24/2023,ACT,TX,ASW,CE,Combined TRACON& Tower with Radar,6,7,18,46,77,0,9,62,72,143,6,16,80,118,220,188,0,188,408
04/25/2023,ACT,TX,ASW,CE,Combined TRACON& Tower with Radar,6,10,65,18,99,0,1,10,20,31,6,11,75,38,130,194,0,194,324
04/26/2023,ACT,TX,ASW,CE,Combined TRACON& Tower with Radar,4,0,19,0,23,0,0,0,0,0,4,0,19,0,23,0,0,0,23
04/27/2023,ACT,TX,ASW,CE,Combined TRACON& Tower with Radar,6,22,58,10,96,0,7,59,27,93,6,29,117,37,189,96,0,96,285
04/28/2023,ACT,TX,ASW,CE,Combined TRACON& Tower with Radar,6,6,42,27,81,0,0,1,1,2,6,6,43,28,83,0,0,0,83
04/29/2023,ACT,TX,ASW,CE,Combined TRACON& Tower with Radar,6,8,23,9,46,0,3,33,7,43,6,11,56,16,89,14,0,14,103
04/30/2023,ACT,TX,ASW,CE,Combined TRACON& Tower with Radar,6,5,27,11,49,0,16,126,11,153,6,21,153,22,202,116,4,120,322
05/01/2023,ACT,TX,ASW,CE,Combined TRACON& Tower with Radar,6,7,37,17,67,0,19,76,28,123,6,26,113,45,190,78,2,80,270
05/02/2023,ACT,TX,ASW,CE,Combined TRACON& Tower with Radar,6,6,57,9,78,0,2,59,9,70,6,8,116,18,148,124,0,124,272
05/03/2023,ACT,TX,ASW,CE,Combined TRACON& Tower with Radar,6,12,41,18,77,0,8,76,16,100,6,20,117,34,177,122,0,122,299
05/04/2023,ACT,TX,ASW,CE,Combined TRACON& Tower with Radar,6,7,44,9,66,0,0,9,8,17,6,7,53,17,83,38,0,38,121
05/05/2023,ACT,TX,ASW,CE,Combined TRACON& Tower with Radar,8,9,11,12,40,0,1,19,9,29,8,10,30,21,69,28,2,30,99
05/06/2023,ACT,TX,ASW,CE,Combined TRACON& Tower with Radar,5,15,25,2,47,0,0,13,1,14,5,15,38,3,61,38,0,38,99
05/07/2023,ACT,TX,ASW,CE,Combined TRACON& Tower with Radar,6,13,29,9,57,0,0,16,7,23,6,13,45,16,80,24,0,24,104
05/08/2023,ACT,TX,ASW,CE,Combined TRACON& Tower with Radar,5,7,33,11,56,0,3,58,3,64,5,10,91,14,120,46,0,46,166
05/09/2023,ACT,TX,ASW,CE,Combined TRACON& Tower with Radar,6,13,45,11,75,1,3,12,0,16,7,16,57,11,91,24,0,24,115
05/10/2023,ACT,TX,ASW,CE,Combined TRACON& Tower with Radar,6,3,12,0,21,0,0,0,0,0,6,3,12,0,21,0,0,0,21
05/11/2023,ACT,TX,ASW,CE,Combined TRACON& Tower with Radar,6,28,72,29,135,0,2,26,3,31,6,30,98,32,166,54,0,54,220
05/12/2023,ACT,TX,ASW,CE,Combined TRACON& Tower with Radar,6,9,29,8,52,0,0,15,0,15,6,9,44,8,67,44,0,44,111
05/13/2023,ACT,TX,ASW,CE,Combined TRACON& Tower with Radar,6,6,11,0,23,0,5,0,0,5,6,11,11,0,28,36,0,36,64
05/14/2023,ACT,TX,ASW,CE,Combined TRACON& Tower with Radar,8,0,15,0,23,0,0,7,0,7,8,0,22,0,30,22,0,22,52
05/15/2023,ACT,TX,ASW,CE,Combined TRACON& Tower with Radar,5,7,41,15,68,0,7,29,6,42,5,14,70,21,110,30,0,30,140
05/16/2023,ACT,TX,ASW,CE,Combined TRACON& Tower with Radar,6,18,46,6,76,0,7,29,2,38,6,25,75,8,114,86,0,86,200
05/17/2023,ACT,TX,ASW,CE,Combined TRACON& Tower with Radar,6,13,45,23,87,0,36,104,0,140,6,49,149,23,227,162,6,168,395
05/18/2023,ACT,TX,ASW,CE,Combined TRACON& Tower with Radar,8,13,69,29,119,0,18,114,3,135,8,31,183,32,254,90,2,92,346
05/19/2023,ACT,TX,ASW,CE,Combined TRACON& Tower with Radar,13,6,29,8,56,0,15,58,1,74,13,21,87,9,130,74,0,74,204
05/20/2023,ACT,TX,ASW,CE,Combined TRACON& Tower with Radar,5,7,27,12,51,0,7,16,6,29,5,14,43,18,80,32,28,60,140
05/21/2023,ACT,TX,ASW,CE,Combined TRACON& Tower with Radar,6,3,17,11,37,0,0,31,1,32,6,3,48,12,69,50,0,50,119
05/22/2023,ACT,TX,ASW,CE,Combined TRACON& Tower with Radar,6,11,33,8,58,0,13,68,0,81,6,24,101,8,139,98,0,98,237
05/23/2023,ACT,TX,ASW,CE,Combined TRACON& Tower with Radar,6,9,38,29,82,0,15,44,0,59,6,24,82,29,141,62,0,62,203
05/24/2023,ACT,TX,ASW,CE,Combined TRACON& Tower with Radar,6,9,40,7,62,0,0,36,3,39,6,9,76,10,101,40,0,40,141
05/25/2023,ACT,TX,ASW,CE,Combined TRACON& Tower with Radar,6,12,35,12,65,0,5,83,0,88,6,17,118,12,153,46,0,46,199
05/26/2023,ACT,TX,ASW,CE,Combined TRACON& Tower with Radar,6,12,44,14,76,0,20,83,0,103,6,32,127,14,179,74,0,74,253
05/27/2023,ACT,TX,ASW,CE,Combined TRACON& Tower with Radar,5,6,26,0,37,0,3,75,0,78,5,9,101,0,115,98,0,98,213
05/28/2023,ACT,TX,ASW,CE,Combined TRACON& Tower with Radar,3,6,17,5,31,0,15,38,0,53,3,21,55,5,84,30,0,30,114
05/29/2023,ACT,TX,ASW,CE,Combined TRACON& Tower with Radar,5,2,21,2,30,0,2,53,0,55,5,4,74,2,85,40,0,40,125
05/30/2023,ACT,TX,ASW,CE,Combined TRACON& Tower with Radar,5,11,26,12,54,0,15,33,0,48,5,26,59,12,102,42,1,43,145
05/31/2023,ACT,TX,ASW,CE,Combined TRACON& Tower with Radar,6,17,57,43,123,0,20,101,7,128,6,37,158,50,251,96,4,100,351
06/01/2023,ACT,TX,ASW,CE,Combined TRACON& Tower with Radar,5,16,46,22,89,0,6,69,4,79,5,22,115,26,168,104,14,118,286
06/02/2023,ACT,TX,ASW,CE,Combined TRACON& Tower with Radar,5,13,30,40,88,0,11,76,3,90,5,24,106,43,178,148,0,148,326
06/03/2023,ACT,TX,ASW,CE,Combined TRACON& Tower with Radar,5,20,21,17,63,2,4,46,3,55,7,24,67,20,118,42,10,52,170
06/04/2023,ACT,TX,ASW,CE,Combined TRACON& Tower with Radar,7,3,11,0,21,0,4,15,0,19,7,7,26,0,40,58,0,58,98
06/05/2023,ACT,TX,ASW,CE,Combined TRACON& Tower with Radar,6,12,20,8,46,0,16,68,0,84,6,28,88,8,130,138,0,138,268
06/06/2023,ACT,TX,ASW,CE,Combined TRACON& Tower with Radar,11,18,14,9,52,0,8,66,0,74,11,26,80,9,126,160,0,160,286
06/07/2023,ACT,TX,ASW,CE,Combined TRACON& Tower with Radar,6,10,35,17,68,0,11,70,0,81,6,21,105,17,149,108,0,108,257
06/08/2023,ACT,TX,ASW,CE,Combined TRACON& Tower with Radar,5,8,25,9,47,0,16,45,0,61,5,24,70,9,108,68,0,68,176
06/09/2023,ACT,TX,ASW,CE,Combined TRACON& Tower with Radar,5,11,48,58,122,0,17,95,2,114,5,28,143,60,236,80,4,84,320
06/10/2023,ACT,TX,ASW,CE,Combined TRACON& Tower with Radar,5,10,13,2,30,2,2,30,0,34,7,12,43,2,64,14,0,14,78
06/11/2023,ACT,TX,ASW,CE,Combined TRACON& Tower with Radar,6,16,30,19,71,0,4,34,0,38,6,20,64,19,109,24,0,24,133
06/12/2023,ACT,TX,ASW,CE,Combined TRACON& Tower with Radar,6,13,33,6,58,0,2,36,0,38,6,15,69,6,96,254,0,254,350
06/13/2023,ACT,TX,ASW,CE,Combined TRACON& Tower with Radar,10,21,49,12,92,0,1,28,0,29,10,22,77,12,121,258,0,258,379
06/14/2023,ACT,TX,ASW,CE,Combined TRACON& Tower with Radar,7,14,63,11,95,0,2,44,0,46,7,16,107,11,141,116,0,116,257
06/15/2023,ACT,TX,ASW,CE,Combined TRACON& Tower with Radar,5,6,51,4,66,0,0,39,1,40,5,6,90,5,106,116,0,116,222
06/16/2023,ACT,TX,ASW,CE,Combined TRACON& Tower with Radar,4,15,38,47,104,0,2,19,2,23,4,17,57,49,127,26,16,42,169
06/17/2023,ACT,TX,ASW,CE,Combined TRACON& Tower with Radar,7,10,39,0,56,0,0,14,0,14,7,10,53,0,70,34,0,34,104
06/18/2023,ACT,TX,ASW,CE,Combined TRACON& Tower with Radar,6,14,17,8,45,1,10,40,2,53,7,24,57,10,98,158,0,158,256
06/19/2023,ACT,TX,ASW,CE,Combined TRACON& Tower with Radar,5,11,42,2,60,0,12,61,1,74,5,23,103,3,134,88,0,88,222
06/20/2023,ACT,TX,ASW,CE,Combined TRACON& Tower with Radar,5,15,48,6,74,0,11,93,0,104,5,26,141,6,178,92,0,92,270
06/21/2023,ACT,TX,ASW,CE,Combined TRACON& Tower with Radar,13,11,41,3,68,0,1,38,2,41,13,12,79,5,109,108,0,108,217
06/22/2023,ACT,TX,ASW,CE,Combined TRACON& Tower with Radar,8,15,35,11,69,0,4,102,0,106,8,19,137,11,175,118,0,118,293
06/23/2023,ACT,TX,ASW,CE,Combined TRACON& Tower with Radar,8,3,44,53,108,0,2,40,2,44,8,5,84,55,152,58,12,70,222
06/24/2023,ACT,TX,ASW,CE,Combined TRACON& Tower with Radar,5,14,23,14,56,0,12,56,0,68,5,26,79,14,124,110,6,116,240
06/25/2023,ACT,TX,ASW,CE,Combined TRACON& Tower with Radar,5,9,33,15,62,2,5,43,2,52,7,14,76,17,114,76,0,76,190
06/26/2023,ACT,TX,ASW,CE,Combined TRACON& Tower with Radar,5,17,39,6,67,1,7,114,0,122,6,24,153,6,189,134,0,134,323
06/27/2023,ACT,TX,ASW,CE,Combined TRACON& Tower with Radar,5,10,40,8,63,0,6,113,1,120,5,16,153,9,183,126,0,126,309
06/28/2023,ACT,TX,ASW,CE,Combined TRACON& Tower with Radar,5,7,30,35,77,0,12,97,1,110,5,19,127,36,187,154,6,160,347
06/29/2023,ACT,TX,ASW,CE,Combined TRACON& Tower with Radar,5,10,47,13,75,0,13,76,0,89,5,23,123,13,164,108,0,108,272
06/30/2023,ACT,TX,ASW,CE,Combined TRACON& Tower with Radar,5,11,33,28,77,0,9,73,1,83,5,20,106,29,160,64,6,70,230
07/01/2023,ACT,TX,ASW,CE,Combined TRACON& Tower with Radar,5,13,22,0,40,0,7,43,0,50,5,20,65,0,90,42,0,42,132
07/02/2023,ACT,TX,ASW,CE,Combined TRACON& Tower with Radar,5,8,15,8,36,0,3,38,2,43,5,11,53,10,79,6,0,6,85
07/03/2023,ACT,TX,ASW,CE,Combined TRACON& Tower with Radar,4,10,25,0,39,0,30,81,0,111,4,40,106,0,150,272,0,272,422
07/04/2023,ACT,TX,ASW,CE,Combined TRACON& Tower with Radar,5,6,22,0,33,0,17,29,0,46,5,23,51,0,79,78,0,78,157
07/05/2023,ACT,TX,ASW,CE,Combined TRACON& Tower with Radar,5,13,36,11,65,0,7,71,1,79,5,20,107,12,144,233,0,233,377
07/06/2023,ACT,TX,ASW,CE,Combined TRACON& Tower with Radar,4,15,36,6,61,0,3,50,2,55,4,18,86,8,116,162,8,170,286
07/07/2023,ACT,TX,ASW,CE,Combined TRACON& Tower with Radar,5,14,35,60,114,0,0,108,5,113,5,14,143,65,227,227,10,237,464
07/08/2023,ACT,TX,ASW,CE,Combined TRACON& Tower with Radar,6,18,34,28,86,0,3,69,11,83,6,21,103,39,169,98,14,112,281
07/09/2023,ACT,TX,ASW,CE,Combined TRACON& Tower with Radar,10,10,14,22,56,0,8,34,0,42,10,18,48,22,98,64,0,64,162
07/10/2023,ACT,TX,ASW,CE,Combined TRACON& Tower with Radar,6,9,37,3,55,0,0,82,0,82,6,9,119,3,137,75,0,75,212
07/11/2023,ACT,TX,ASW,CE,Combined TRACON& Tower with Radar,6,9,23,9,47,0,11,66,5,82,6,20,89,14,129,140,0,140,269
07/12/2023,ACT,TX,ASW,CE,Combined TRACON& Tower with Radar,5,12,33,12,62,0,5,98,0,103,5,17,131,12,165,180,0,180,345
07/13/2023,ACT,TX,ASW,CE,Combined TRACON& Tower with Radar,5,7,40,6,58,0,4,78,4,86,5,11,118,10,144,182,10,192,336
07/14/2023,ACT,TX,ASW,CE,Combined TRACON& Tower with Radar,5,5,22,47,79,0,1,102,5,108,5,6,124,52,187,154,62,216,403
07/15/2023,ACT,TX,ASW,CE,Combined TRACON& Tower with Radar,5,9,30,30,74,0,6,89,0,95,5,15,119,30,169,116,2,118,287
07/16/2023,ACT,TX,ASW,CE,Combined TRACON& Tower with Radar,5,6,6,25,42,0,2,32,1,35,5,8,38,26,77,112,0,112,189
07/17/2023,ACT,TX,ASW,CE,Combined TRACON& Tower with Radar,5,8,38,6,57,0,12,82,1,95,5,20,120,7,152,158,0,158,310
07/18/2023,ACT,TX,ASW,CE,Combined TRACON& Tower with Radar,4,8,36,0,48,0,7,94,0,101,4,15,130,0,149,104,0,104,253
07/19/2023,ACT,TX,ASW,CE,Combined TRACON& Tower with Radar,5,6,44,5,60,0,2,112,0,114,5,8,156,5,174,187,0,187,361
07/20/2023,ACT,TX,ASW,CE,Combined TRACON& Tower with Radar,5,12,41,7,65,0,4,119,2,125,5,16,160,9,190,152,0,152,342
07/21/2023,ACT,TX,ASW,CE,Combined TRACON& Tower with Radar,5,5,28,30,68,0,4,97,4,105,5,9,125,34,173,128,0,128,301
07/22/2023,ACT,TX,ASW,CE,Combined TRACON& Tower with Radar,5,17,22,6,50,0,13,66,0,79,5,30,88,6,129,56,0,56,185
07/23/2023,ACT,TX,ASW,CE,Combined TRACON& Tower with Radar,5,6,14,11,36,0,8,40,1,49,5,14,54,12,85,62,0,62,147
07/24/2023,ACT,TX,ASW,CE,Combined TRACON& Tower with Radar,5,6,34,0,45,0,14,104,0,118,5,20,138,0,163,96,0,96,259
07/25/2023,ACT,TX,ASW,CE,Combined TRACON& Tower with Radar,5,7,56,6,74,0,12,95,1,108,5,19,151,7,182,146,0,146,328
07/26/2023,ACT,TX,ASW,CE,Combined TRACON& Tower with Radar,5,7,54,4,70,0,14,84,0,98,5,21,138,4,168,154,0,154,322
07/27/2023,ACT,TX,ASW,CE,Combined TRACON& Tower with Radar,5,7,53,6,71,0,11,88,0,99,5,18,141,6,170,90,0,90,260
07/28/2023,ACT,TX,ASW,CE,Combined TRACON& Tower with Radar,5,6,30,17,58,0,17,85,2,104,5,23,115,19,162,98,0,98,260
07/29/2023,ACT,TX,ASW,CE,Combined TRACON& Tower with Radar,5,8,28,0,41,0,10,56,0,66,5,18,84,0,107,81,0,81,188
07/30/2023,ACT,TX,ASW,CE,Combined TRACON& Tower with Radar,4,3,27,6,40,0,12,53,1,66,4,15,80,7,106,96,0,96,202
07/31/2023,ACT,TX,ASW,CE,Combined TRACON& Tower with Radar,5,7,42,17,71,1,12,90,2,105,6,19,132,19,176,88,0,88,264
08/01/2023,ACT,TX,ASW,CE,Combined TRACON& Tower with Radar,5,8,37,9,59,1,13,95,2,111,6,21,132,11,170,98,0,98,268
08/02/2023,ACT,TX,ASW,CE,Combined TRACON& Tower with Radar,7,10,30,10,57,0,9,79,0,88,7,19,109,10,145,84,0,84,229
08/03/2023,ACT,TX,ASW,CE,Combined TRACON& Tower with Radar,5,12,40,16,73,0,7,87,0,94,5,19,127,16,167,68,10,78,245
08/04/2023,ACT,TX,ASW,CE,Combined TRACON& Tower with Radar,5,8,35,22,70,0,3,74,0,77,5,11,109,22,147,115,0,115,262
08/05/2023,ACT,TX,ASW,CE,Combined TRACON& Tower with Radar,7,11,11,0,29,0,5,61,0,66,7,16,72,0,95,112,0,112,207
08/06/2023,ACT,TX,ASW,CE,Combined TRACON& Tower with Radar,7,10,24,14,55,0,10,46,0,56,7,20,70,14,111,56,0,56,167
08/07/2023,ACT,TX,ASW,CE,Combined TRACON& Tower with Radar,4,2,33,12,51,0,3,75,0,78,4,5,108,12,129,70,0,70,199
08/08/2023,ACT,TX,ASW,CE,Combined TRACON& Tower with Radar,5,19,45,11,80,0,6,93,0,99,5,25,138,11,179,136,0,136,315
08/09/2023,ACT,TX,ASW,CE,Combined TRACON& Tower with Radar,8,4,33,2,47,0,11,42,0,53,8,15,75,2,100,52,6,58,158
08/10/2023,ACT,TX,ASW,CE,Combined TRACON& Tower with Radar,5,9,35,4,53,0,18,76,0,94,5,27,111,4,147,108,0,108,255
08/11/2023,ACT,TX,ASW,CE,Combined TRACON& Tower with Radar,5,8,47,2,62,0,11,60,2,73,5,19,107,4,135,104,0,104,239
08/12/2023,ACT,TX,ASW,CE,Combined TRACON& Tower with Radar,6,22,31,14,73,0,3,51,0,54,6,25,82,14,127,38,0,38,165
08/13/2023,ACT,TX,ASW,CE,Combined TRACON& Tower with Radar,5,8,8,6,27,0,1,36,0,37,5,9,44,6,64,58,0,58,122
08/14/2023,ACT,TX,ASW,CE,Combined TRACON& Tower with Radar,5,4,26,8,43,0,6,57,0,63,5,10,83,8,106,112,0,112,218
08/15/2023,ACT,TX,ASW,CE,Combined TRACON& Tower with Radar,5,2,53,13,73,0,10,96,2,108,5,12,149,15,181,154,0,154,335
08/16/2023,ACT,TX,ASW,CE,Combined TRACON& Tower with Radar,5,11,40,8,64,2,12,72,0,86,7,23,112,8,150,98,8,106,256
08/17/2023,ACT,TX,ASW,CE,Combined TRACON& Tower with Radar,5,8,50,12,75,0,18,60,0,78,5,26,110,12,153,88,0,88,241
08/18/2023,ACT,TX,ASW,CE,Combined TRACON& Tower with Radar,5,12,24,23,64,0,6,44,1,51,5,18,68,24,115,86,0,86,201
08/19/2023,ACT,TX,ASW,CE,Combined TRACON& Tower with Radar,5,7,24,14,50,0,3,48,2,53,5,10,72,16,103,120,12,132,235
08/20/2023,ACT,TX,ASW,CE,Combined TRACON& Tower with Radar,5,4,20,4,33,0,4,47,0,51,5,8,67,4,84,80,1,81,165
08/21/2023,ACT,TX,ASW,CE,Combined TRACON& Tower with Radar,5,6,43,6,60,0,14,78,1,93,5,20,121,7,153,344,0,344,497
08/22/2023,ACT,TX,ASW,CE,Combined TRACON& Tower with Radar,5,7,50,11,73,0,8,101,0,109,5,15,151,11,182,122,0,122,304
08/23/2023,ACT,TX,ASW,CE,Combined TRACON& Tower with Radar,5,4,33,14,56,0,10,124,2,136,5,14,157,16,192,264,0,264,456
08/24/2023,ACT,TX,ASW,CE,Combined TRACON& Tower with Radar,7,14,49,3,73,0,15,116,1,132,7,29,165,4,205,160,0,160,365
08/25/2023,ACT,TX,ASW,CE,Combined TRACON& Tower with Radar,5,17,24,17,63,0,13,147,13,173,5,30,171,30,236,146,0,146,382
08/26/2023,ACT,TX,ASW,CE,Combined TRACON& Tower with Radar,5,10,25,11,51,0,5,51,2,58,5,15,76,13,109,76,0,76,185
08/27/2023,ACT,TX,ASW,CE,Combined TRACON& Tower with Radar,3,0,22,8,33,0,4,67,2,73,3,4,89,10,106,68,0,68,174
08/28/2023,ACT,TX,ASW,CE,Combined TRACON& Tower with Radar,5,5,25,3,38,0,8,143,1,152,5,13,168,4,190,286,0,286,476
08/29/2023,ACT,TX,ASW,CE,Combined TRACON& Tower with Radar,4,11,41,24,80,0,10,127,2,139,4,21,168,26,219,226,4,230,449
08/30/2023,ACT,TX,ASW,CE,Combined TRACON& Tower with Radar,5,5,38,7,55,0,13,127,2,142,5,18,165,9,197,290,2,292,489
08/31/2023,ACT,TX,ASW,CE,Combined TRACON& Tower with Radar,5,7,26,3,41,0,9,120,2,131,5,16,146,5,172,188,0,188,360
