01/01/2000,ACY,NJ,AEA,EN,Towers with Radar,23,20,38,2,83,0,5,22,0,27,23,25,60,2,110,22,4,26,136
01/02/2000,ACY,NJ,AEA,EN,Towers with Radar,29,27,46,4,106,1,0,45,1,47,30,27,91,5,153,90,14,104,257
01/03/2000,ACY,NJ,AEA,EN,Towers with Radar,30,17,34,19,100,0,0,37,7,44,30,17,71,26,144,20,30,50,194
01/04/2000,ACY,NJ,AEA,EN,Towers with Radar,46,20,44,25,135,8,0,0,0,8,54,20,44,25,143,104,104,208,351
01/05/2000,ACY,NJ,AEA,EN,Towers with Radar,30,31,57,41,159,0,0,0,0,0,30,31,57,41,159,50,102,152,311
01/06/2000,ACY,NJ,AEA,EN,Towers with Radar,26,34,59,34,153,0,0,59,0,59,26,34,118,34,212,60,200,260,472
01/07/2000,ACY,NJ,AEA,EN,Towers with Radar,30,30,34,67,161,0,10,22,35,67,30,40,56,102,228,20,180,200,428
01/08/2000,ACY,NJ,AEA,EN,Towers with Radar,32,31,43,26,132,0,2,62,29,93,32,33,105,55,225,60,20,80,305
01/09/2000,ACY,NJ,AEA,EN,Towers with Radar,37,39,54,7,137,2,10,24,12,48,39,49,78,19,185,20,100,120,305
01/10/2000,ACY,NJ,AEA,EN,Towers with Radar,26,20,18,12,76,4,0,28,5,37,30,20,46,17,113,10,38,48,161
01/11/2000,ACY,NJ,AEA,EN,Towers with Radar,35,18,45,15,113,0,0,29,0,29,35,18,74,15,142,140,26,166,308
01/12/2000,ACY,NJ,AEA,EN,Towers with Radar,20,26,63,26,135,0,11,1,11,23,20,37,64,37,158,102,142,244,402
01/13/2000,ACY,NJ,AEA,EN,Towers with Radar,17,24,28,40,109,25,14,47,38,124,42,38,75,78,233,50,106,156,389
01/14/2000,ACY,NJ,AEA,EN,Towers with Radar,44,34,48,30,156,0,3,18,0,21,44,37,66,30,177,40,70,110,287
01/15/2000,ACY,NJ,AEA,EN,Towers with Radar,31,26,52,17,126,0,0,10,16,26,31,26,62,33,152,124,40,164,316
01/16/2000,ACY,NJ,AEA,EN,Towers with Radar,36,28,39,6,109,1,1,10,0,12,37,29,49,6,121,124,0,124,245
01/17/2000,ACY,NJ,AEA,EN,Towers with Radar,33,23,16,2,74,0,0,18,0,18,33,23,34,2,92,12,2,14,106
01/18/2000,ACY,NJ,AEA,EN,Towers with Radar,35,22,19,30,106,25,22,38,6,91,60,44,57,36,197,102,102,204,401
01/19/2000,ACY,NJ,AEA,EN,Towers with Radar,15,21,45,28,109,0,0,32,21,53,15,21,77,49,162,116,100,216,378
01/20/2000,ACY,NJ,AEA,EN,Towers with Radar,24,14,16,1,55,0,1,1,0,2,24,15,17,1,57,12,4,16,73
01/21/2000,ACY,NJ,AEA,EN,Towers with Radar,25,24,31,5,85,0,0,21,26,47,25,24,52,31,132,32,32,64,196
01/22/2000,ACY,NJ,AEA,EN,Towers with Radar,34,26,36,27,123,7,9,38,22,76,41,35,74,49,199,78,36,114,313
01/23/2000,ACY,NJ,AEA,EN,Towers with Radar,33,24,29,17,103,5,5,0,0,10,38,29,29,17,113,40,36,76,189
01/24/2000,ACY,NJ,AEA,EN,Towers with Radar,33,23,37,29,122,0,0,44,25,69,33,23,81,54,191,68,98,166,357
01/25/2000,ACY,NJ,AEA,EN,Towers with Radar,11,0,1,0,12,0,0,2,0,2,11,0,3,0,14,0,0,0,14
01/26/2000,ACY,NJ,AEA,EN,Towers with Radar,16,13,12,11,52,4,14,25,0,43,20,27,37,11,95,6,40,46,141
01/27/2000,ACY,NJ,AEA,EN,Towers with Radar,21,23,39,38,121,5,1,20,0,26,26,24,59,38,147,32,128,160,307
01/28/2000,ACY,NJ,AEA,EN,Towers with Radar,36,30,35,20,121,4,4,21,45,74,40,34,56,65,195,32,122,154,349
01/29/2000,ACY,NJ,AEA,EN,Towers with Radar,31,30,48,17,126,11,2,39,17,69,42,32,87,34,195,130,86,216,411
01/30/2000,ACY,NJ,AEA,EN,Towers with Radar,38,19,46,18,121,1,0,7,4,12,39,19,53,22,133,36,92,128,261
01/31/2000,ACY,NJ,AEA,EN,Towers with Radar,41,23,53,18,135,0,0,3,2,5,41,23,56,20,140,28,78,106,246
02/01/2000,ACY,NJ,AEA,EN,Towers with Radar,33,24,64,53,174,0,0,21,4,25,33,24,85,57,199,56,74,130,329
02/02/2000,ACY,NJ,AEA,EN,Towers with Radar,20,25,31,37,113,0,0,39,9,48,20,25,70,46,161,78,62,140,301
02/03/2000,ACY,NJ,AEA,EN,Towers with Radar,28,27,34,43,132,0,0,0,6,6,28,27,34,49,138,30,120,150,288
02/04/2000,ACY,NJ,AEA,EN,Towers with Radar,34,30,59,44,167,0,0,0,0,0,34,30,59,44,167,120,108,228,395
02/05/2000,ACY,NJ,AEA,EN,Towers with Radar,32,19,42,20,113,1,0,12,0,13,33,19,54,20,126,166,170,336,462
02/06/2000,ACY,NJ,AEA,EN,Towers with Radar,42,31,51,14,138,11,0,19,23,53,53,31,70,37,191,48,78,126,317
02/07/2000,ACY,NJ,AEA,EN,Towers with Radar,31,24,41,31,127,40,23,31,10,104,71,47,72,41,231,74,50,124,355
02/08/2000,ACY,NJ,AEA,EN,Towers with Radar,30,31,57,46,164,0,0,57,27,84,30,31,114,73,248,48,104,152,400
02/09/2000,ACY,NJ,AEA,EN,Towers with Radar,26,24,40,60,150,0,6,40,0,46,26,30,80,60,196,40,81,121,317
02/10/2000,ACY,NJ,AEA,EN,Towers with Radar,34,21,53,80,188,0,0,12,20,32,34,21,65,100,220,60,90,150,370
02/11/2000,ACY,NJ,AEA,EN,Towers with Radar,46,35,59,48,188,14,31,49,18,112,60,66,108,66,300,130,120,250,550
02/12/2000,ACY,NJ,AEA,EN,Towers with Radar,49,18,57,15,139,0,0,5,0,5,49,18,62,15,144,48,44,92,236
02/13/2000,ACY,NJ,AEA,EN,Towers with Radar,54,41,62,1,158,3,6,12,4,25,57,47,74,5,183,58,24,82,265
02/14/2000,ACY,NJ,AEA,EN,Towers with Radar,41,36,27,0,104,20,10,39,33,102,61,46,66,33,206,22,20,42,248
02/15/2000,ACY,NJ,AEA,EN,Towers with Radar,41,33,36,102,212,0,0,32,5,37,41,33,68,107,249,128,132,260,509
02/16/2000,ACY,NJ,AEA,EN,Towers with Radar,25,20,40,54,139,0,0,10,0,10,25,20,50,54,149,68,152,220,369
02/17/2000,ACY,NJ,AEA,EN,Towers with Radar,28,22,47,82,179,0,0,6,0,6,28,22,53,82,185,54,146,200,385
02/18/2000,ACY,NJ,AEA,EN,Towers with Radar,48,31,29,0,108,0,2,11,6,19,48,33,40,6,127,4,2,6,133
02/19/2000,ACY,NJ,AEA,EN,Towers with Radar,21,14,27,12,74,16,6,26,0,48,37,20,53,12,122,22,54,76,198
02/20/2000,ACY,NJ,AEA,EN,Towers with Radar,49,36,61,18,164,4,5,37,0,46,53,41,98,18,210,90,90,180,390
02/21/2000,ACY,NJ,AEA,EN,Towers with Radar,29,20,37,5,91,16,12,78,0,106,45,32,115,5,197,112,16,128,325
02/22/2000,ACY,NJ,AEA,EN,Towers with Radar,27,34,54,71,186,0,8,34,25,67,27,42,88,96,253,76,140,216,469
02/23/2000,ACY,NJ,AEA,EN,Towers with Radar,30,29,54,60,173,12,7,44,0,63,42,36,98,60,236,80,120,200,436
02/24/2000,ACY,NJ,AEA,EN,Towers with Radar,32,24,60,84,200,1,0,42,0,43,33,24,102,84,243,34,96,130,373
02/25/2000,ACY,NJ,AEA,EN,Towers with Radar,31,29,69,45,174,0,14,39,7,60,31,43,108,52,234,74,118,192,426
02/26/2000,ACY,NJ,AEA,EN,Towers with Radar,42,33,58,21,154,0,20,58,0,78,42,53,116,21,232,24,56,80,312
02/27/2000,ACY,NJ,AEA,EN,Towers with Radar,47,40,82,0,169,1,6,8,20,35,48,46,90,20,204,32,66,98,302
02/28/2000,ACY,NJ,AEA,EN,Towers with Radar,47,32,56,62,197,0,0,0,5,5,47,32,56,67,202,110,132,242,444
02/29/2000,ACY,NJ,AEA,EN,Towers with Radar,40,31,52,59,182,0,0,0,5,5,40,31,52,64,187,126,82,208,395
03/01/2000,ACY,NJ,AEA,EN,Towers with Radar,30,30,45,68,173,46,14,37,0,97,76,44,82,68,270,92,96,188,458
03/02/2000,ACY,NJ,AEA,EN,Towers with Radar,28,21,36,64,149,0,0,24,0,24,28,21,60,64,173,106,116,222,395
03/03/2000,ACY,NJ,AEA,EN,Towers with Radar,42,33,39,60,174,3,13,47,0,63,45,46,86,60,237,58,84,142,379
03/04/2000,ACY,NJ,AEA,EN,Towers with Radar,28,23,40,35,126,12,10,84,3,109,40,33,124,38,235,70,102,172,407
03/05/2000,ACY,NJ,AEA,EN,Towers with Radar,40,31,49,37,157,1,0,0,0,1,41,31,49,37,158,104,122,226,384
03/06/2000,ACY,NJ,AEA,EN,Towers with Radar,35,29,49,40,153,2,0,1,0,3,37,29,50,40,156,92,102,194,350
03/07/2000,ACY,NJ,AEA,EN,Towers with Radar,34,25,38,29,126,19,8,65,64,156,53,33,103,93,282,88,188,276,558
03/08/2000,ACY,NJ,AEA,EN,Towers with Radar,35,29,50,36,150,0,7,52,0,59,35,36,102,36,209,72,144,216,425
03/09/2000,ACY,NJ,AEA,EN,Towers with Radar,40,33,66,56,195,0,0,45,8,53,40,33,111,64,248,102,138,240,488
03/10/2000,ACY,NJ,AEA,EN,Towers with Radar,47,38,59,53,197,0,1,50,17,68,47,39,109,70,265,108,140,248,513
03/11/2000,ACY,NJ,AEA,EN,Towers with Radar,25,21,37,18,101,25,14,35,0,74,50,35,72,18,175,22,0,22,197
03/12/2000,ACY,NJ,AEA,EN,Towers with Radar,39,26,42,6,113,2,1,0,0,3,41,27,42,6,116,40,20,60,176
03/13/2000,ACY,NJ,AEA,EN,Towers with Radar,53,33,36,17,139,7,20,51,38,116,60,53,87,55,255,102,88,190,445
03/14/2000,ACY,NJ,AEA,EN,Towers with Radar,27,19,51,67,164,19,5,72,14,110,46,24,123,81,274,192,140,332,606
03/15/2000,ACY,NJ,AEA,EN,Towers with Radar,20,22,44,102,188,0,10,30,0,40,20,32,74,102,228,156,216,372,600
03/16/2000,ACY,NJ,AEA,EN,Towers with Radar,35,25,72,63,195,8,0,0,8,16,43,25,72,71,211,105,136,241,452
03/17/2000,ACY,NJ,AEA,EN,Towers with Radar,37,29,51,31,148,13,10,24,0,47,50,39,75,31,195,8,40,48,243
03/18/2000,ACY,NJ,AEA,EN,Towers with Radar,30,12,36,1,79,0,4,66,5,75,30,16,102,6,154,188,84,272,426
03/19/2000,ACY,NJ,AEA,EN,Towers with Radar,51,28,70,3,152,0,0,50,0,50,51,28,120,3,202,10,44,54,256
03/20/2000,ACY,NJ,AEA,EN,Towers with Radar,36,29,62,13,140,0,11,0,4,15,36,40,62,17,155,26,16,42,197
03/21/2000,ACY,NJ,AEA,EN,Towers with Radar,28,14,27,3,72,7,0,0,0,7,35,14,27,3,79,0,0,0,79
03/22/2000,ACY,NJ,AEA,EN,Towers with Radar,22,17,30,36,105,0,0,0,1,1,22,17,30,37,106,20,66,86,192
03/23/2000,ACY,NJ,AEA,EN,Towers with Radar,30,25,66,47,168,18,20,29,46,113,48,45,95,93,281,66,114,180,461
03/24/2000,ACY,NJ,AEA,EN,Towers with Radar,36,37,58,32,163,47,40,105,28,220,83,77,163,60,383,45,42,87,470
03/25/2000,ACY,NJ,AEA,EN,Towers with Radar,33,28,70,20,151,7,10,43,24,84,40,38,113,44,235,68,48,116,351
03/26/2000,ACY,NJ,AEA,EN,Towers with Radar,44,38,46,3,131,19,20,99,53,191,63,58,145,56,322,78,44,122,444
03/27/2000,ACY,NJ,AEA,EN,Towers with Radar,35,45,34,37,151,18,2,50,22,92,53,47,84,59,243,86,116,202,445
03/28/2000,ACY,NJ,AEA,EN,Towers with Radar,31,25,30,28,114,0,0,17,22,39,31,25,47,50,153,50,80,130,283
03/29/2000,ACY,NJ,AEA,EN,Towers with Radar,22,25,59,22,128,0,0,0,0,0,22,25,59,22,128,47,76,123,251
03/30/2000,ACY,NJ,AEA,EN,Towers with Radar,30,27,48,40,145,0,0,48,0,48,30,27,96,40,193,66,126,192,385
03/31/2000,ACY,NJ,AEA,EN,Towers with Radar,54,43,75,62,234,0,21,65,6,92,54,64,140,68,326,120,100,220,546
04/01/2000,ACY,NJ,AEA,EN,Towers with Radar,29,26,55,25,135,0,0,68,0,68,29,26,123,25,203,316,153,469,672
04/02/2000,ACY,NJ,AEA,EN,Towers with Radar,43,32,57,10,142,0,0,0,0,0,43,32,57,10,142,62,50,112,254
04/03/2000,ACY,NJ,AEA,EN,Towers with Radar,31,19,25,12,87,4,11,29,28,72,35,30,54,40,159,24,66,90,249
04/04/2000,ACY,NJ,AEA,EN,Towers with Radar,24,24,37,31,116,0,0,7,17,24,24,24,44,48,140,26,76,102,242
04/05/2000,ACY,NJ,AEA,EN,Towers with Radar,20,34,59,84,197,0,1,18,0,19,20,35,77,84,216,30,156,186,402
04/06/2000,ACY,NJ,AEA,EN,Towers with Radar,27,26,66,37,156,0,0,37,0,37,27,26,103,37,193,56,34,90,283
04/07/2000,ACY,NJ,AEA,EN,Towers with Radar,50,35,63,40,188,20,41,113,67,241,70,76,176,107,429,135,146,281,710
04/08/2000,ACY,NJ,AEA,EN,Towers with Radar,36,25,44,9,114,4,0,15,0,19,40,25,59,9,133,38,4,42,175
04/09/2000,ACY,NJ,AEA,EN,Towers with Radar,31,20,39,5,95,0,0,7,0,7,31,20,46,5,102,98,102,200,302
04/10/2000,ACY,NJ,AEA,EN,Towers with Radar,35,28,33,31,127,0,5,0,81,86,35,33,33,112,213,74,182,256,469
04/11/2000,ACY,NJ,AEA,EN,Towers with Radar,25,21,55,29,130,3,0,47,39,89,28,21,102,68,219,192,126,318,537
04/12/2000,ACY,NJ,AEA,EN,Towers with Radar,28,29,51,49,157,19,20,54,33,126,47,49,105,82,283,54,178,232,515
04/13/2000,ACY,NJ,AEA,EN,Towers with Radar,27,17,42,73,159,0,0,62,12,74,27,17,104,85,233,86,234,320,553
04/14/2000,ACY,NJ,AEA,EN,Towers with Radar,52,38,65,72,227,6,6,30,4,46,58,44,95,76,273,114,124,238,511
04/15/2000,ACY,NJ,AEA,EN,Towers with Radar,42,25,31,0,98,1,0,60,1,62,43,25,91,1,160,0,0,0,160
04/16/2000,ACY,NJ,AEA,EN,Towers with Radar,44,33,77,18,172,0,6,31,1,38,44,39,108,19,210,62,66,128,338
04/17/2000,ACY,NJ,AEA,EN,Towers with Radar,41,29,44,15,129,8,2,0,0,10,49,31,44,15,139,10,10,20,159
04/18/2000,ACY,NJ,AEA,EN,Towers with Radar,40,33,39,6,118,0,4,8,0,12,40,37,47,6,130,12,8,20,150
04/19/2000,ACY,NJ,AEA,EN,Towers with Radar,26,22,55,32,135,0,0,25,0,25,26,22,80,32,160,18,34,52,212
04/20/2000,ACY,NJ,AEA,EN,Towers with Radar,42,28,74,49,193,0,0,49,1,50,42,28,123,50,243,196,56,252,495
04/21/2000,ACY,NJ,AEA,EN,Towers with Radar,39,19,25,16,99,31,0,0,0,31,70,19,25,16,130,22,18,40,170
04/22/2000,ACY,NJ,AEA,EN,Towers with Radar,34,24,68,0,126,0,0,0,0,0,34,24,68,0,126,48,8,56,182
04/23/2000,ACY,NJ,AEA,EN,Towers with Radar,32,24,59,0,115,35,0,18,0,53,67,24,77,0,168,50,0,50,218
04/24/2000,ACY,NJ,AEA,EN,Towers with Radar,35,27,54,36,152,10,14,4,0,28,45,41,58,36,180,118,120,238,418
04/25/2000,ACY,NJ,AEA,EN,Towers with Radar,25,30,33,15,103,26,24,41,27,118,51,54,74,42,221,12,64,76,297
04/26/2000,ACY,NJ,AEA,EN,Towers with Radar,30,29,56,50,165,22,25,42,0,89,52,54,98,50,254,40,124,164,418
04/27/2000,ACY,NJ,AEA,EN,Towers with Radar,36,27,71,36,170,110,26,2,0,138,146,53,73,36,308,38,60,98,406
04/28/2000,ACY,NJ,AEA,EN,Towers with Radar,50,39,97,37,223,19,6,0,0,25,69,45,97,37,248,68,86,154,402
04/29/2000,ACY,NJ,AEA,EN,Towers with Radar,32,20,57,37,146,0,0,51,14,65,32,20,108,51,211,64,42,106,317
04/30/2000,ACY,NJ,AEA,EN,Towers with Radar,68,36,51,5,160,0,0,47,3,50,68,36,98,8,210,244,52,296,506
05/01/2000,ACY,NJ,AEA,EN,Towers with Radar,75,26,44,38,183,0,11,27,2,40,75,37,71,40,223,152,112,264,487
05/02/2000,ACY,NJ,AEA,EN,Towers with Radar,42,48,38,16,144,0,11,20,22,53,42,59,58,38,197,44,18,62,259
05/03/2000,ACY,NJ,AEA,EN,Towers with Radar,26,28,60,37,151,51,0,20,0,71,77,28,80,37,222,116,130,246,468
05/04/2000,ACY,NJ,AEA,EN,Towers with Radar,68,20,57,40,185,0,0,14,4,18,68,20,71,44,203,110,120,230,433
05/05/2000,ACY,NJ,AEA,EN,Towers with Radar,38,33,66,35,172,0,0,93,0,93,38,33,159,35,265,88,84,172,437
05/06/2000,ACY,NJ,AEA,EN,Towers with Radar,87,24,67,50,228,11,0,13,0,24,98,24,80,50,252,174,188,362,614
05/07/2000,ACY,NJ,AEA,EN,Towers with Radar,126,37,39,15,217,0,0,63,13,76,126,37,102,28,293,262,80,342,635
05/08/2000,ACY,NJ,AEA,EN,Towers with Radar,61,24,42,11,138,31,14,16,30,91,92,38,58,41,229,142,80,222,451
05/09/2000,ACY,NJ,AEA,EN,Towers with Radar,144,25,38,62,269,0,82,48,48,178,144,107,86,110,447,250,124,374,821
05/10/2000,ACY,NJ,AEA,EN,Towers with Radar,20,26,39,42,127,26,26,75,19,146,46,52,114,61,273,154,116,270,543
05/11/2000,ACY,NJ,AEA,EN,Towers with Radar,57,34,57,66,214,3,0,29,44,76,60,34,86,110,290,118,170,288,578
05/12/2000,ACY,NJ,AEA,EN,Towers with Radar,31,35,75,50,191,2,8,43,27,80,33,43,118,77,271,108,70,178,449
05/13/2000,ACY,NJ,AEA,EN,Towers with Radar,51,23,41,35,150,0,18,78,1,97,51,41,119,36,247,282,142,424,671
05/14/2000,ACY,NJ,AEA,EN,Towers with Radar,50,37,97,9,193,37,0,50,0,87,87,37,147,9,280,186,14,200,480
05/15/2000,ACY,NJ,AEA,EN,Towers with Radar,40,28,58,50,176,32,28,81,26,167,72,56,139,76,343,150,106,256,599
05/16/2000,ACY,NJ,AEA,EN,Towers with Radar,90,26,58,50,224,0,0,36,0,36,90,26,94,50,260,134,136,270,530
05/17/2000,ACY,NJ,AEA,EN,Towers with Radar,24,18,77,62,181,0,0,37,0,37,24,18,114,62,218,254,240,494,712
05/18/2000,ACY,NJ,AEA,EN,Towers with Radar,34,23,37,77,171,28,7,37,59,131,62,30,74,136,302,192,152,344,646
05/19/2000,ACY,NJ,AEA,EN,Towers with Radar,56,39,78,18,191,56,9,20,0,85,112,48,98,18,276,124,60,184,460
05/20/2000,ACY,NJ,AEA,EN,Towers with Radar,64,25,100,6,195,38,0,3,0,41,102,25,103,6,236,54,0,54,290
05/21/2000,ACY,NJ,AEA,EN,Towers with Radar,44,42,104,13,203,19,7,16,0,42,63,49,120,13,245,40,0,40,285
05/22/2000,ACY,NJ,AEA,EN,Towers with Radar,27,15,28,7,77,0,5,45,0,50,27,20,73,7,127,4,0,4,131
05/23/2000,ACY,NJ,AEA,EN,Towers with Radar,33,32,58,48,171,0,11,15,5,31,33,43,73,53,202,44,54,98,300
05/24/2000,ACY,NJ,AEA,EN,Towers with Radar,48,24,71,37,180,0,0,16,0,16,48,24,87,37,196,134,146,280,476
05/25/2000,ACY,NJ,AEA,EN,Towers with Radar,45,22,49,60,176,0,0,26,6,32,45,22,75,66,208,132,110,242,450
05/26/2000,ACY,NJ,AEA,EN,Towers with Radar,78,42,65,84,269,0,0,85,0,85,78,42,150,84,354,224,292,516,870
05/27/2000,ACY,NJ,AEA,EN,Towers with Radar,61,25,52,9,147,0,11,44,14,69,61,36,96,23,216,240,98,338,554
05/28/2000,ACY,NJ,AEA,EN,Towers with Radar,50,27,41,0,118,0,4,0,18,22,50,31,41,18,140,76,32,108,248
05/29/2000,ACY,NJ,AEA,EN,Towers with Radar,27,19,39,1,86,0,0,25,5,30,27,19,64,6,116,30,4,34,150
05/30/2000,ACY,NJ,AEA,EN,Towers with Radar,21,22,51,53,147,0,0,10,0,10,21,22,61,53,157,24,28,52,209
05/31/2000,ACY,NJ,AEA,EN,Towers with Radar,24,38,50,88,200,0,5,20,0,25,24,43,70,88,225,96,102,198,423
06/01/2000,ACY,NJ,AEA,EN,Towers with Radar,26,36,74,41,177,0,0,2,0,2,26,36,76,41,179,74,186,260,439
06/02/2000,ACY,NJ,AEA,EN,Towers with Radar,58,37,57,32,184,0,15,36,0,51,58,52,93,32,235,266,144,410,645
06/03/2000,ACY,NJ,AEA,EN,Towers with Radar,31,26,52,23,132,0,15,32,19,66,31,41,84,42,198,260,158,418,616
06/04/2000,ACY,NJ,AEA,EN,Towers with Radar,51,25,62,35,173,0,0,35,0,35,51,25,97,35,208,242,128,370,578
06/05/2000,ACY,NJ,AEA,EN,Towers with Radar,33,25,65,28,151,0,0,10,0,10,33,25,75,28,161,132,138,270,431
06/06/2000,ACY,NJ,AEA,EN,Towers with Radar,18,22,54,40,134,0,0,11,0,11,18,22,65,40,145,40,40,80,225
06/07/2000,ACY,NJ,AEA,EN,Towers with Radar,21,23,78,62,184,0,0,3,0,3,21,23,81,62,187,134,108,242,429
06/08/2000,ACY,NJ,AEA,EN,Towers with Radar,31,22,64,37,154,7,0,6,0,13,38,22,70,37,167,110,116,226,393
06/09/2000,ACY,NJ,AEA,EN,Towers with Radar,76,27,61,65,229,0,30,71,0,101,76,57,132,65,330,204,114,318,648
06/10/2000,ACY,NJ,AEA,EN,Towers with Radar,33,23,51,29,136,0,6,60,0,66,33,29,111,29,202,270,0,270,472
06/11/2000,ACY,NJ,AEA,EN,Towers with Radar,50,25,53,10,138,7,17,75,0,99,57,42,128,10,237,134,50,184,421
06/12/2000,ACY,NJ,AEA,EN,Towers with Radar,47,35,60,19,161,0,1,48,21,70,47,36,108,40,231,80,96,176,407
06/13/2000,ACY,NJ,AEA,EN,Towers with Radar,28,29,78,26,161,0,1,0,0,1,28,30,78,26,162,44,84,128,290
06/14/2000,ACY,NJ,AEA,EN,Towers with Radar,19,20,75,16,130,0,0,4,0,4,19,20,79,16,134,26,40,66,200
06/15/2000,ACY,NJ,AEA,EN,Towers with Radar,31,22,74,28,155,0,0,20,0,20,31,22,94,28,175,122,86,208,383
06/16/2000,ACY,NJ,AEA,EN,Towers with Radar,29,34,42,45,150,0,5,57,16,78,29,39,99,61,228,100,74,174,402
06/17/2000,ACY,NJ,AEA,EN,Towers with Radar,27,33,50,8,118,1,0,16,0,17,28,33,66,8,135,18,0,18,153
06/18/2000,ACY,NJ,AEA,EN,Towers with Radar,28,18,36,0,82,2,0,12,7,21,30,18,48,7,103,18,0,18,121
06/19/2000,ACY,NJ,AEA,EN,Towers with Radar,22,28,56,16,122,3,0,6,2,11,25,28,62,18,133,14,18,32,165
06/20/2000,ACY,NJ,AEA,EN,Towers with Radar,22,18,38,31,109,5,0,29,0,34,27,18,67,31,143,40,174,214,357
06/21/2000,ACY,NJ,AEA,EN,Towers with Radar,27,28,61,42,158,4,4,37,0,45,31,32,98,42,203,52,188,240,443
06/22/2000,ACY,NJ,AEA,EN,Towers with Radar,28,29,59,46,162,0,13,25,22,60,28,42,84,68,222,54,196,250,472
06/23/2000,ACY,NJ,AEA,EN,Towers with Radar,48,28,57,40,173,0,22,46,0,68,48,50,103,40,241,98,128,226,467
06/24/2000,ACY,NJ,AEA,EN,Towers with Radar,27,31,44,4,106,41,34,96,21,192,68,65,140,25,298,48,50,98,396
06/25/2000,ACY,NJ,AEA,EN,Towers with Radar,50,39,80,0,169,4,0,0,0,4,54,39,80,0,173,36,0,36,209
06/26/2000,ACY,NJ,AEA,EN,Towers with Radar,31,19,45,22,117,3,0,23,0,26,34,19,68,22,143,28,146,174,317
06/27/2000,ACY,NJ,AEA,EN,Towers with Radar,34,29,54,68,185,22,9,11,0,42,56,38,65,68,227,50,90,140,367
06/28/2000,ACY,NJ,AEA,EN,Towers with Radar,29,33,67,51,180,0,3,38,8,49,29,36,105,59,229,24,14,38,267
06/29/2000,ACY,NJ,AEA,EN,Towers with Radar,27,26,63,28,144,0,0,17,0,17,27,26,80,28,161,30,36,66,227
06/30/2000,ACY,NJ,AEA,EN,Towers with Radar,46,33,67,40,186,0,22,26,0,48,46,55,93,40,234,90,64,154,388
07/01/2000,ACY,NJ,AEA,EN,Towers with Radar,25,24,44,4,97,0,0,49,0,49,25,24,93,4,146,160,34,194,340
07/02/2000,ACY,NJ,AEA,EN,Towers with Radar,34,25,40,9,108,49,13,51,16,129,83,38,91,25,237,210,34,244,481
07/03/2000,ACY,NJ,AEA,EN,Towers with Radar,20,13,45,2,80,3,0,45,9,57,23,13,90,11,137,54,0,54,191
07/04/2000,ACY,NJ,AEA,EN,Towers with Radar,20,17,47,11,95,0,0,10,3,13,20,17,57,14,108,64,6,70,178
07/05/2000,ACY,NJ,AEA,EN,Towers with Radar,20,25,55,30,130,0,0,21,0,21,20,25,76,30,151,22,78,100,251
07/06/2000,ACY,NJ,AEA,EN,Towers with Radar,26,28,45,72,171,22,16,65,0,103,48,44,110,72,274,64,60,124,398
07/07/2000,ACY,NJ,AEA,EN,Towers with Radar,28,28,48,50,154,50,60,127,22,259,78,88,175,72,413,136,129,265,678
07/08/2000,ACY,NJ,AEA,EN,Towers with Radar,27,35,43,87,192,1,1,52,21,75,28,36,95,108,267,114,152,266,533
07/09/2000,ACY,NJ,AEA,EN,Towers with Radar,37,42,49,6,134,0,0,32,1,33,37,42,81,7,167,104,44,148,315
07/10/2000,ACY,NJ,AEA,EN,Towers with Radar,29,29,37,33,128,0,15,0,4,19,29,44,37,37,147,126,90,216,363
07/11/2000,ACY,NJ,AEA,EN,Towers with Radar,33,39,64,36,172,2,0,18,4,24,35,39,82,40,196,128,68,196,392
07/12/2000,ACY,NJ,AEA,EN,Towers with Radar,29,35,46,56,166,17,28,76,30,151,46,63,122,86,317,148,142,290,607
07/13/2000,ACY,NJ,AEA,EN,Towers with Radar,26,30,71,84,211,2,32,50,0,84,28,62,121,84,295,86,158,244,539
07/14/2000,ACY,NJ,AEA,EN,Towers with Radar,27,31,58,23,139,0,0,25,0,25,27,31,83,23,164,50,36,86,250
07/15/2000,ACY,NJ,AEA,EN,Towers with Radar,47,29,68,2,146,1,1,0,3,5,48,30,68,5,151,6,0,6,157
07/16/2000,ACY,NJ,AEA,EN,Towers with Radar,38,29,41,9,117,13,6,0,11,30,51,35,41,20,147,104,30,134,281
07/17/2000,ACY,NJ,AEA,EN,Towers with Radar,27,25,46,31,129,0,0,0,0,0,27,25,46,31,129,98,112,210,339
07/18/2000,ACY,NJ,AEA,EN,Towers with Radar,44,25,43,32,144,3,22,7,1,33,47,47,50,33,177,44,60,104,281
07/19/2000,ACY,NJ,AEA,EN,Towers with Radar,16,34,63,32,145,0,1,7,0,8,16,35,70,32,153,16,50,66,219
07/20/2000,ACY,NJ,AEA,EN,Towers with Radar,25,31,61,43,160,0,8,3,1,12,25,39,64,44,172,6,56,62,234
07/21/2000,ACY,NJ,AEA,EN,Towers with Radar,30,45,45,71,191,1,1,31,0,33,31,46,76,71,224,48,52,100,324
07/22/2000,ACY,NJ,AEA,EN,Towers with Radar,40,36,49,5,130,0,11,87,35,133,40,47,136,40,263,24,30,54,317
07/23/2000,ACY,NJ,AEA,EN,Towers with Radar,44,42,56,2,144,20,21,117,12,170,64,63,173,14,314,128,20,148,462
07/24/2000,ACY,NJ,AEA,EN,Towers with Radar,31,23,59,47,160,2,0,14,7,23,33,23,73,54,183,74,54,128,311
07/25/2000,ACY,NJ,AEA,EN,Towers with Radar,35,29,43,28,135,0,0,30,0,30,35,29,73,28,165,42,52,94,259
07/26/2000,ACY,NJ,AEA,EN,Towers with Radar,21,44,45,11,121,0,3,11,0,14,21,47,56,11,135,10,10,20,155
07/27/2000,ACY,NJ,AEA,EN,Towers with Radar,34,31,40,26,131,1,1,0,0,2,35,32,40,26,133,2,44,46,179
07/28/2000,ACY,NJ,AEA,EN,Towers with Radar,39,46,97,33,215,17,10,40,16,83,56,56,137,49,298,54,70,124,422
07/29/2000,ACY,NJ,AEA,EN,Towers with Radar,25,32,56,2,115,0,0,0,0,0,25,32,56,2,115,76,4,80,195
07/30/2000,ACY,NJ,AEA,EN,Towers with Radar,44,30,94,3,171,0,14,27,7,48,44,44,121,10,219,230,46,276,495
07/31/2000,ACY,NJ,AEA,EN,Towers with Radar,25,26,63,34,148,1,0,26,0,27,26,26,89,34,175,36,76,112,287
08/01/2000,ACY,NJ,AEA,EN,Towers with Radar,26,29,63,57,175,0,0,5,1,6,26,29,68,58,181,12,30,42,223
08/02/2000,ACY,NJ,AEA,EN,Towers with Radar,36,39,59,36,170,3,7,55,57,122,39,46,114,93,292,80,124,204,496
08/03/2000,ACY,NJ,AEA,EN,Towers with Radar,20,18,65,30,133,0,0,10,6,16,20,18,75,36,149,158,78,236,385
08/04/2000,ACY,NJ,AEA,EN,Towers with Radar,38,41,85,45,209,1,0,0,0,1,39,41,85,45,210,60,28,88,298
08/05/2000,ACY,NJ,AEA,EN,Towers with Radar,31,36,61,44,172,10,0,33,2,45,41,36,94,46,217,98,108,206,423
08/06/2000,ACY,NJ,AEA,EN,Towers with Radar,37,38,76,2,153,7,12,70,10,99,44,50,146,12,252,58,20,78,330
08/07/2000,ACY,NJ,AEA,EN,Towers with Radar,30,32,33,18,113,10,0,44,8,62,40,32,77,26,175,92,108,200,375
08/08/2000,ACY,NJ,AEA,EN,Towers with Radar,37,27,33,47,144,2,0,31,0,33,39,27,64,47,177,56,102,158,335
08/09/2000,ACY,NJ,AEA,EN,Towers with Radar,20,33,49,30,132,0,3,31,11,45,20,36,80,41,177,26,42,68,245
08/10/2000,ACY,NJ,AEA,EN,Towers with Radar,28,23,63,12,126,5,0,15,0,20,33,23,78,12,146,144,102,246,392
08/11/2000,ACY,NJ,AEA,EN,Towers with Radar,33,23,53,12,121,0,0,25,0,25,33,23,78,12,146,142,102,244,390
08/12/2000,ACY,NJ,AEA,EN,Towers with Radar,27,23,37,3,90,0,0,0,1,1,27,23,37,4,91,50,30,80,171
08/13/2000,ACY,NJ,AEA,EN,Towers with Radar,51,41,73,2,167,1,0,0,0,1,52,41,73,2,168,24,0,24,192
08/14/2000,ACY,NJ,AEA,EN,Towers with Radar,29,27,29,11,96,0,0,5,0,5,29,27,34,11,101,2,20,22,123
08/15/2000,ACY,NJ,AEA,EN,Towers with Radar,30,23,50,29,132,0,0,21,3,24,30,23,71,32,156,32,50,82,238
08/16/2000,ACY,NJ,AEA,EN,Towers with Radar,29,33,61,58,181,16,25,55,0,96,45,58,116,58,277,54,92,146,423
08/17/2000,ACY,NJ,AEA,EN,Towers with Radar,24,32,48,45,149,0,0,51,0,51,24,32,99,45,200,82,70,152,352
08/18/2000,ACY,NJ,AEA,EN,Towers with Radar,36,38,59,19,152,16,14,26,0,56,52,52,85,19,208,20,54,74,282
08/19/2000,ACY,NJ,AEA,EN,Towers with Radar,26,29,44,27,126,2,3,29,2,36,28,32,73,29,162,90,80,170,332
08/20/2000,ACY,NJ,AEA,EN,Towers with Radar,33,29,48,4,114,0,0,55,0,55,33,29,103,4,169,104,44,148,317
08/21/2000,ACY,NJ,AEA,EN,Towers with Radar,31,41,65,24,161,16,0,4,0,20,47,41,69,24,181,88,18,106,287
08/22/2000,ACY,NJ,AEA,EN,Towers with Radar,34,27,37,38,136,12,11,77,0,100,46,38,114,38,236,82,88,170,406
08/23/2000,ACY,NJ,AEA,EN,Towers with Radar,19,27,27,44,117,0,0,12,0,12,19,27,39,44,129,30,114,144,273
08/24/2000,ACY,NJ,AEA,EN,Towers with Radar,26,25,35,56,142,0,3,0,4,7,26,28,35,60,149,24,66,90,239
08/25/2000,ACY,NJ,AEA,EN,Towers with Radar,35,44,54,26,159,0,0,25,0,25,35,44,79,26,184,26,80,106,290
08/26/2000,ACY,NJ,AEA,EN,Towers with Radar,31,32,68,8,139,0,1,62,8,71,31,33,130,16,210,148,24,172,382
08/27/2000,ACY,NJ,AEA,EN,Towers with Radar,61,38,67,0,166,46,38,41,34,159,107,76,108,34,325,104,4,108,433
08/28/2000,ACY,NJ,AEA,EN,Towers with Radar,29,30,38,15,112,0,3,4,0,7,29,33,42,15,119,12,14,26,145
08/29/2000,ACY,NJ,AEA,EN,Towers with Radar,32,18,86,15,151,0,0,5,0,5,32,18,91,15,156,14,12,26,182
08/30/2000,ACY,NJ,AEA,EN,Towers with Radar,19,32,44,24,119,9,3,20,0,32,28,35,64,24,151,38,46,84,235
08/31/2000,ACY,NJ,AEA,EN,Towers with Radar,25,30,56,44,155,0,0,13,0,13,25,30,69,44,168,122,98,220,388
09/01/2000,ACY,NJ,AEA,EN,Towers with Radar,0,26,65,34,125,22,0,15,0,37,22,26,80,34,162,116,58,174,336
09/02/2000,ACY,NJ,AEA,EN,Towers with Radar,0,24,62,10,96,24,0,0,0,24,24,24,62,10,120,102,18,120,240
09/03/2000,ACY,NJ,AEA,EN,Towers with Radar,0,34,51,4,89,34,8,24,0,66,34,42,75,4,155,52,38,90,245
09/04/2000,ACY,NJ,AEA,EN,Towers with Radar,0,30,67,7,104,44,8,0,0,52,44,38,67,7,156,112,78,190,346
09/05/2000,ACY,NJ,AEA,EN,Towers with Radar,0,18,33,16,67,15,0,10,0,25,15,18,43,16,92,28,26,54,146
09/06/2000,ACY,NJ,AEA,EN,Towers with Radar,0,27,41,14,82,50,15,48,60,173,50,42,89,74,255,108,100,208,463
09/07/2000,ACY,NJ,AEA,EN,Towers with Radar,30,24,60,17,131,0,15,45,20,80,30,39,105,37,211,160,160,320,531
09/08/2000,ACY,NJ,AEA,EN,Towers with Radar,21,41,43,23,128,19,3,84,19,125,40,44,127,42,253,154,102,256,509
09/09/2000,ACY,NJ,AEA,EN,Towers with Radar,18,31,57,27,133,0,0,49,0,49,18,31,106,27,182,144,106,250,432
09/10/2000,ACY,NJ,AEA,EN,Towers with Radar,39,33,72,15,159,0,12,117,105,234,39,45,189,120,393,122,138,260,653
09/11/2000,ACY,NJ,AEA,EN,Towers with Radar,37,40,57,38,172,0,4,63,106,173,37,44,120,144,345,110,142,252,597
09/12/2000,ACY,NJ,AEA,EN,Towers with Radar,28,28,46,39,141,0,9,74,39,122,28,37,120,78,263,100,88,188,451
09/13/2000,ACY,NJ,AEA,EN,Towers with Radar,49,27,41,64,181,0,19,71,29,119,49,46,112,93,300,120,212,332,632
09/14/2000,ACY,NJ,AEA,EN,Towers with Radar,19,38,54,63,174,0,0,81,7,88,19,38,135,70,262,216,196,412,674
09/15/2000,ACY,NJ,AEA,EN,Towers with Radar,29,43,56,39,167,0,0,58,39,97,29,43,114,78,264,206,164,370,634
09/16/2000,ACY,NJ,AEA,EN,Towers with Radar,0,31,36,15,82,27,10,68,6,111,27,41,104,21,193,38,38,76,269
09/17/2000,ACY,NJ,AEA,EN,Towers with Radar,40,41,61,15,157,0,3,23,0,26,40,44,84,15,183,76,0,76,259
09/18/2000,ACY,NJ,AEA,EN,Towers with Radar,11,40,53,25,129,27,12,32,20,91,38,52,85,45,220,78,88,166,386
09/19/2000,ACY,NJ,AEA,EN,Towers with Radar,0,44,53,12,109,36,0,12,0,48,36,44,65,12,157,46,32,78,235
09/20/2000,ACY,NJ,AEA,EN,Towers with Radar,27,33,38,30,128,0,5,54,38,97,27,38,92,68,225,120,154,274,499
09/21/2000,ACY,NJ,AEA,EN,Towers with Radar,29,31,43,22,125,0,0,69,28,97,29,31,112,50,222,96,102,198,420
09/22/2000,ACY,NJ,AEA,EN,Towers with Radar,14,38,50,15,117,27,10,90,20,147,41,48,140,35,264,140,162,302,566
09/23/2000,ACY,NJ,AEA,EN,Towers with Radar,0,24,35,0,59,29,20,19,0,68,29,44,54,0,127,62,0,62,189
09/24/2000,ACY,NJ,AEA,EN,Towers with Radar,33,48,61,0,142,18,0,0,0,18,51,48,61,0,160,104,36,140,300
09/25/2000,ACY,NJ,AEA,EN,Towers with Radar,0,28,47,15,90,26,0,5,0,31,26,28,52,15,121,24,2,26,147
09/26/2000,ACY,NJ,AEA,EN,Towers with Radar,15,27,45,21,108,25,6,7,18,56,40,33,52,39,164,58,42,100,264
09/27/2000,ACY,NJ,AEA,EN,Towers with Radar,39,36,51,30,156,0,5,84,13,102,39,41,135,43,258,90,110,200,458
09/28/2000,ACY,NJ,AEA,EN,Towers with Radar,41,45,76,23,185,0,0,78,40,118,41,45,154,63,303,126,122,248,551
09/29/2000,ACY,NJ,AEA,EN,Towers with Radar,43,38,63,22,166,2,4,55,1,62,45,42,118,23,228,120,28,148,376
09/30/2000,ACY,NJ,AEA,EN,Towers with Radar,0,27,24,9,60,25,2,90,0,117,25,29,114,9,177,98,14,112,289
10/01/2000,ACY,NJ,AEA,EN,Towers with Radar,0,23,57,8,88,35,7,76,0,118,35,30,133,8,206,136,12,148,354
10/02/2000,ACY,NJ,AEA,EN,Towers with Radar,0,15,48,18,81,48,23,0,0,71,48,38,48,18,152,68,108,176,328
10/03/2000,ACY,NJ,AEA,EN,Towers with Radar,18,30,34,23,105,28,7,66,22,123,46,37,100,45,228,46,90,136,364
10/04/2000,ACY,NJ,AEA,EN,Towers with Radar,20,34,60,45,159,0,6,40,0,46,20,40,100,45,205,82,152,234,439
10/05/2000,ACY,NJ,AEA,EN,Towers with Radar,33,26,53,27,139,0,0,0,0,0,33,26,53,27,139,40,18,58,197
10/06/2000,ACY,NJ,AEA,EN,Towers with Radar,40,28,64,15,147,0,0,0,0,0,40,28,64,15,147,64,20,84,231
10/07/2000,ACY,NJ,AEA,EN,Towers with Radar,0,30,45,18,93,42,4,91,18,155,42,34,136,36,248,114,82,196,444
10/08/2000,ACY,NJ,AEA,EN,Towers with Radar,0,30,50,0,80,43,0,0,0,43,43,30,50,0,123,82,0,82,205
10/09/2000,ACY,NJ,AEA,EN,Towers with Radar,37,26,32,18,113,0,5,10,0,15,37,31,42,18,128,136,58,194,322
10/10/2000,ACY,NJ,AEA,EN,Towers with Radar,21,32,44,22,119,0,0,0,20,20,21,32,44,42,139,108,106,214,353
10/11/2000,ACY,NJ,AEA,EN,Towers with Radar,0,30,52,33,115,28,0,17,8,53,28,30,69,41,168,74,112,186,354
10/12/2000,ACY,NJ,AEA,EN,Towers with Radar,42,27,51,39,159,6,12,61,51,130,48,39,112,90,289,130,118,248,537
10/13/2000,ACY,NJ,AEA,EN,Towers with Radar,34,38,66,19,157,0,3,27,18,48,34,41,93,37,205,54,66,120,325
10/14/2000,ACY,NJ,AEA,EN,Towers with Radar,12,42,45,27,126,12,0,32,6,50,24,42,77,33,176,60,104,164,340
10/15/2000,ACY,NJ,AEA,EN,Towers with Radar,21,37,60,19,137,23,0,36,3,62,44,37,96,22,199,90,38,128,327
10/16/2000,ACY,NJ,AEA,EN,Towers with Radar,0,42,54,19,115,31,0,4,1,36,31,42,58,20,151,30,20,50,201
10/17/2000,ACY,NJ,AEA,EN,Towers with Radar,26,37,81,37,181,0,0,48,18,66,26,37,129,55,247,70,58,128,375
10/18/2000,ACY,NJ,AEA,EN,Towers with Radar,4,32,48,19,103,34,12,4,7,57,38,44,52,26,160,64,0,64,224
10/19/2000,ACY,NJ,AEA,EN,Towers with Radar,28,42,79,35,184,0,0,20,5,25,28,42,99,40,209,78,102,180,389
10/20/2000,ACY,NJ,AEA,EN,Towers with Radar,40,62,63,44,209,6,4,79,44,133,46,66,142,88,342,150,170,320,662
10/21/2000,ACY,NJ,AEA,EN,Towers with Radar,43,26,62,12,143,2,0,6,0,8,45,26,68,12,151,56,100,156,307
10/22/2000,ACY,NJ,AEA,EN,Towers with Radar,0,28,42,19,89,54,20,66,4,144,54,48,108,23,233,208,112,320,553
10/23/2000,ACY,NJ,AEA,EN,Towers with Radar,37,41,41,19,138,0,0,35,5,40,37,41,76,24,178,158,132,290,468
10/24/2000,ACY,NJ,AEA,EN,Towers with Radar,29,32,38,62,161,0,0,52,6,58,29,32,90,68,219,116,100,216,435
10/25/2000,ACY,NJ,AEA,EN,Towers with Radar,12,32,15,41,100,19,35,0,9,63,31,67,15,50,163,206,94,300,463
10/26/2000,ACY,NJ,AEA,EN,Towers with Radar,0,28,50,19,97,36,4,35,13,88,36,32,85,32,185,52,84,136,321
10/27/2000,ACY,NJ,AEA,EN,Towers with Radar,5,33,48,19,105,33,0,37,16,86,38,33,85,35,191,100,134,234,425
10/28/2000,ACY,NJ,AEA,EN,Towers with Radar,0,20,31,12,63,44,15,27,0,86,44,35,58,12,149,10,10,20,169
10/29/2000,ACY,NJ,AEA,EN,Towers with Radar,0,33,47,6,86,43,0,58,0,101,43,33,105,6,187,116,76,192,379
10/30/2000,ACY,NJ,AEA,EN,Towers with Radar,3,26,25,25,79,26,2,34,20,82,29,28,59,45,161,102,60,162,323
10/31/2000,ACY,NJ,AEA,EN,Towers with Radar,0,23,29,30,82,25,6,25,0,56,25,29,54,30,138,24,116,140,278
11/01/2000,ACY,NJ,AEA,EN,Towers with Radar,15,5,35,0,55,0,21,72,55,148,15,26,107,55,203,124,160,284,487
11/02/2000,ACY,NJ,AEA,EN,Towers with Radar,13,0,7,0,20,45,63,109,68,285,58,63,116,68,305,106,110,216,521
11/03/2000,ACY,NJ,AEA,EN,Towers with Radar,18,0,22,0,40,9,35,50,48,142,27,35,72,48,182,76,50,126,308
11/04/2000,ACY,NJ,AEA,EN,Towers with Radar,12,0,6,0,18,15,32,98,30,175,27,32,104,30,193,60,68,128,321
11/05/2000,ACY,NJ,AEA,EN,Towers with Radar,13,0,0,0,13,34,47,68,52,201,47,47,68,52,214,132,202,334,548
11/06/2000,ACY,NJ,AEA,EN,Towers with Radar,16,0,20,0,36,25,38,181,51,295,41,38,201,51,331,186,155,341,672
11/07/2000,ACY,NJ,AEA,EN,Towers with Radar,8,0,18,0,26,10,23,41,50,124,18,23,59,50,150,144,152,296,446
11/08/2000,ACY,NJ,AEA,EN,Towers with Radar,1,0,16,0,17,36,33,49,27,145,37,33,65,27,162,44,20,64,226
11/09/2000,ACY,NJ,AEA,EN,Towers with Radar,13,2,36,1,52,29,38,54,77,198,42,40,90,78,250,56,66,122,372
11/10/2000,ACY,NJ,AEA,EN,Towers with Radar,24,12,30,0,66,21,25,38,0,84,45,37,68,0,150,74,14,88,238
11/11/2000,ACY,NJ,AEA,EN,Towers with Radar,21,2,13,0,36,6,26,50,7,89,27,28,63,7,125,118,26,144,269
11/12/2000,ACY,NJ,AEA,EN,Towers with Radar,41,1,51,0,93,15,36,104,4,159,56,37,155,4,252,98,42,140,392
11/13/2000,ACY,NJ,AEA,EN,Towers with Radar,39,46,62,33,180,1,0,0,0,1,40,46,62,33,181,44,68,112,293
11/14/2000,ACY,NJ,AEA,EN,Towers with Radar,29,30,34,0,93,0,0,0,6,6,29,30,34,6,99,14,16,30,129
11/15/2000,ACY,NJ,AEA,EN,Towers with Radar,34,42,77,65,218,4,0,69,2,75,38,42,146,67,293,180,130,310,603
11/16/2000,ACY,NJ,AEA,EN,Towers with Radar,35,34,73,53,195,0,0,29,0,29,35,34,102,53,224,42,104,146,370
11/17/2000,ACY,NJ,AEA,EN,Towers with Radar,40,53,62,39,194,17,0,8,3,28,57,53,70,42,222,134,78,212,434
11/18/2000,ACY,NJ,AEA,EN,Towers with Radar,42,28,61,18,149,0,0,49,0,49,42,28,110,18,198,172,52,224,422
11/19/2000,ACY,NJ,AEA,EN,Towers with Radar,59,59,75,8,201,0,0,2,0,2,59,59,77,8,203,100,32,132,335
11/20/2000,ACY,NJ,AEA,EN,Towers with Radar,32,40,58,0,130,0,0,2,39,41,32,40,60,39,171,80,54,134,305
11/21/2000,ACY,NJ,AEA,EN,Towers with Radar,24,30,59,44,157,0,0,0,0,0,24,30,59,44,157,30,107,137,294
11/22/2000,ACY,NJ,AEA,EN,Towers with Radar,38,44,59,68,209,1,0,50,0,51,39,44,109,68,260,80,104,184,444
11/23/2000,ACY,NJ,AEA,EN,Towers with Radar,33,34,0,0,67,8,1,93,6,108,41,35,93,6,175,66,70,136,311
11/24/2000,ACY,NJ,AEA,EN,Towers with Radar,36,25,47,0,108,0,0,48,8,56,36,25,95,8,164,76,72,148,312
11/25/2000,ACY,NJ,AEA,EN,Towers with Radar,35,34,64,0,133,1,0,6,10,17,36,34,70,10,150,72,56,128,278
11/26/2000,ACY,NJ,AEA,EN,Towers with Radar,50,38,67,0,155,0,0,0,4,4,50,38,67,4,159,36,68,104,263
11/27/2000,ACY,NJ,AEA,EN,Towers with Radar,37,39,65,20,161,0,0,19,0,19,37,39,84,20,180,46,26,72,252
11/28/2000,ACY,NJ,AEA,EN,Towers with Radar,22,20,84,30,156,0,0,0,0,0,22,20,84,30,156,58,66,124,280
11/29/2000,ACY,NJ,AEA,EN,Towers with Radar,28,26,51,24,129,0,0,60,0,60,28,26,111,24,189,116,170,286,475
11/30/2000,ACY,NJ,AEA,EN,Towers with Radar,36,34,47,48,165,0,0,0,18,18,36,34,47,66,183,122,146,268,451
12/01/2000,ACY,NJ,AEA,EN,Towers with Radar,37,33,48,41,159,0,0,41,8,49,37,33,89,49,208,136,100,236,444
12/02/2000,ACY,NJ,AEA,EN,Towers with Radar,30,27,26,14,97,0,1,50,13,64,30,28,76,27,161,116,106,222,383
12/03/2000,ACY,NJ,AEA,EN,Towers with Radar,35,22,37,14,108,4,0,75,0,79,39,22,112,14,187,86,60,146,333
12/04/2000,ACY,NJ,AEA,EN,Towers with Radar,36,31,29,25,121,8,5,38,2,53,44,36,67,27,174,78,32,110,284
12/05/2000,ACY,NJ,AEA,EN,Towers with Radar,33,36,46,43,158,0,0,60,1,61,33,36,106,44,219,76,82,158,377
12/06/2000,ACY,NJ,AEA,EN,Towers with Radar,18,31,38,27,114,7,6,29,15,57,25,37,67,42,171,50,80,130,301
12/07/2000,ACY,NJ,AEA,EN,Towers with Radar,24,26,47,45,142,7,11,33,24,75,31,37,80,69,217,204,238,442,659
12/08/2000,ACY,NJ,AEA,EN,Towers with Radar,29,36,44,2,111,0,0,12,26,38,29,36,56,28,149,78,116,194,343
12/09/2000,ACY,NJ,AEA,EN,Towers with Radar,36,38,49,9,132,0,0,71,0,71,36,38,120,9,203,112,54,166,369
12/10/2000,ACY,NJ,AEA,EN,Towers with Radar,35,46,68,12,161,13,8,39,0,60,48,54,107,12,221,52,47,99,320
12/11/2000,ACY,NJ,AEA,EN,Towers with Radar,27,20,21,12,80,14,12,12,4,42,41,32,33,16,122,0,0,0,122
12/12/2000,ACY,NJ,AEA,EN,Towers with Radar,18,35,26,1,80,0,3,5,25,33,18,38,31,26,113,14,38,52,165
12/13/2000,ACY,NJ,AEA,EN,Towers with Radar,22,27,47,27,123,5,12,21,38,76,27,39,68,65,199,156,220,376,575
12/14/2000,ACY,NJ,AEA,EN,Towers with Radar,30,32,38,36,136,0,0,20,13,33,30,32,58,49,169,128,120,248,417
12/15/2000,ACY,NJ,AEA,EN,Towers with Radar,22,30,29,35,116,0,1,55,12,68,22,31,84,47,184,90,110,200,384
12/16/2000,ACY,NJ,AEA,EN,Towers with Radar,21,15,24,0,60,0,0,6,0,6,21,15,30,0,66,0,0,0,66
12/17/2000,ACY,NJ,AEA,EN,Towers with Radar,21,20,11,2,54,11,0,27,8,46,32,20,38,10,100,20,20,40,140
12/18/2000,ACY,NJ,AEA,EN,Towers with Radar,27,25,39,0,91,0,0,1,0,1,27,25,40,0,92,100,4,104,196
12/19/2000,ACY,NJ,AEA,EN,Towers with Radar,38,30,44,39,151,0,0,1,1,2,38,30,45,40,153,160,84,244,397
12/20/2000,ACY,NJ,AEA,EN,Towers with Radar,26,22,40,13,101,0,16,19,1,36,26,38,59,14,137,44,60,104,241
12/21/2000,ACY,NJ,AEA,EN,Towers with Radar,20,22,48,35,125,0,0,20,0,20,20,22,68,35,145,40,52,92,237
12/22/2000,ACY,NJ,AEA,EN,Towers with Radar,17,11,15,20,63,1,6,2,0,9,18,17,17,20,72,0,8,8,80
12/23/2000,ACY,NJ,AEA,EN,Towers with Radar,29,15,20,6,70,0,1,32,1,34,29,16,52,7,104,24,40,64,168
12/24/2000,ACY,NJ,AEA,EN,Towers with Radar,19,12,21,11,63,5,0,16,13,34,24,12,37,24,97,32,54,86,183
12/25/2000,ACY,NJ,AEA,EN,Towers with Radar,13,10,7,0,30,7,1,0,0,8,20,11,7,0,38,0,0,0,38
12/26/2000,ACY,NJ,AEA,EN,Towers with Radar,20,20,19,12,71,9,22,32,4,67,29,42,51,16,138,30,48,78,216
12/27/2000,ACY,NJ,AEA,EN,Towers with Radar,35,27,31,28,121,0,0,39,0,39,35,27,70,28,160,96,130,226,386
12/28/2000,ACY,NJ,AEA,EN,Towers with Radar,26,25,22,46,119,21,4,25,26,76,47,29,47,72,195,100,116,216,411
12/29/2000,ACY,NJ,AEA,EN,Towers with Radar,27,29,50,28,134,7,0,33,4,44,34,29,83,32,178,118,52,170,348
12/30/2000,ACY,NJ,AEA,EN,Towers with Radar,17,12,10,0,39,0,0,0,3,3,17,12,10,3,42,0,0,0,42
12/31/2000,ACY,NJ,AEA,EN,Towers with Radar,43,20,24,5,92,0,4,14,1,19,43,24,38,6,111,0,32,32,143
01/01/2001,ACY,NJ,AEA,EN,Towers with Radar,0,32,45,2,79,44,0,42,0,86,44,32,87,2,165,88,24,112,277
01/02/2001,ACY,NJ,AEA,EN,Towers with Radar,0,14,17,30,61,24,0,10,0,34,24,14,27,30,95,84,96,180,275
01/03/2001,ACY,NJ,AEA,EN,Towers with Radar,0,36,50,44,130,46,5,43,0,94,46,41,93,44,224,182,152,334,558
01/04/2001,ACY,NJ,AEA,EN,Towers with Radar,0,35,47,66,148,29,0,25,0,54,29,35,72,66,202,70,140,210,412
01/05/2001,ACY,NJ,AEA,EN,Towers with Radar,0,28,33,14,75,34,0,12,2,48,34,28,45,16,123,54,66,120,243
01/06/2001,ACY,NJ,AEA,EN,Towers with Radar,0,28,24,19,71,26,7,34,0,67,26,35,58,19,138,50,92,142,280
01/07/2001,ACY,NJ,AEA,EN,Towers with Radar,0,34,44,39,117,33,0,0,0,33,33,34,44,39,150,60,50,110,260
01/08/2001,ACY,NJ,AEA,EN,Towers with Radar,0,12,27,13,52,25,3,2,1,31,25,15,29,14,83,28,0,28,111
01/09/2001,ACY,NJ,AEA,EN,Towers with Radar,0,20,36,35,91,16,0,0,0,16,16,20,36,35,107,110,94,204,311
01/10/2001,ACY,NJ,AEA,EN,Towers with Radar,0,34,44,90,168,25,6,27,4,62,25,40,71,94,230,82,118,200,430
01/11/2001,ACY,NJ,AEA,EN,Towers with Radar,0,26,49,52,127,21,3,16,0,40,21,29,65,52,167,96,116,212,379
01/12/2001,ACY,NJ,AEA,EN,Towers with Radar,0,31,47,46,124,31,0,46,0,77,31,31,93,46,201,60,160,220,421
01/13/2001,ACY,NJ,AEA,EN,Towers with Radar,0,23,45,12,80,25,12,90,0,127,25,35,135,12,207,72,67,139,346
01/14/2001,ACY,NJ,AEA,EN,Towers with Radar,0,35,64,13,112,46,3,8,2,59,46,38,72,15,171,106,64,170,341
01/15/2001,ACY,NJ,AEA,EN,Towers with Radar,0,15,22,1,38,23,0,0,0,23,23,15,22,1,61,8,0,8,69
01/16/2001,ACY,NJ,AEA,EN,Towers with Radar,0,20,52,122,194,27,9,21,0,57,27,29,73,122,251,50,150,200,451
01/17/2001,ACY,NJ,AEA,EN,Towers with Radar,0,27,52,65,144,17,0,7,18,42,17,27,59,83,186,82,202,284,470
01/18/2001,ACY,NJ,AEA,EN,Towers with Radar,32,30,38,80,180,0,0,0,21,21,32,30,38,101,201,66,76,142,343
01/19/2001,ACY,NJ,AEA,EN,Towers with Radar,0,22,29,12,63,45,7,17,6,75,45,29,46,18,138,0,0,0,138
01/20/2001,ACY,NJ,AEA,EN,Towers with Radar,0,15,19,0,34,42,5,0,0,47,42,20,19,0,81,18,2,20,101
01/21/2001,ACY,NJ,AEA,EN,Towers with Radar,0,24,38,12,74,45,11,27,13,96,45,35,65,25,170,48,84,132,302
01/22/2001,ACY,NJ,AEA,EN,Towers with Radar,18,28,46,39,131,0,0,66,14,80,18,28,112,53,211,50,114,164,375
01/23/2001,ACY,NJ,AEA,EN,Towers with Radar,22,30,48,25,125,0,0,58,15,73,22,30,106,40,198,83,94,177,375
01/24/2001,ACY,NJ,AEA,EN,Towers with Radar,27,32,51,53,163,0,0,32,17,49,27,32,83,70,212,82,146,228,440
01/25/2001,ACY,NJ,AEA,EN,Towers with Radar,28,25,60,35,148,0,0,1,24,25,28,25,61,59,173,112,76,188,361
01/26/2001,ACY,NJ,AEA,EN,Towers with Radar,35,28,35,42,140,0,10,41,30,81,35,38,76,72,221,116,188,304,525
01/27/2001,ACY,NJ,AEA,EN,Towers with Radar,0,31,35,12,78,31,13,21,12,77,31,44,56,24,155,26,80,106,261
01/28/2001,ACY,NJ,AEA,EN,Towers with Radar,57,50,54,12,173,0,0,6,11,17,57,50,60,23,190,168,96,264,454
01/29/2001,ACY,NJ,AEA,EN,Towers with Radar,35,32,45,23,135,0,14,49,33,96,35,46,94,56,231,96,150,246,477
01/30/2001,ACY,NJ,AEA,EN,Towers with Radar,26,18,19,14,77,0,0,0,14,14,26,18,19,28,91,22,32,54,145
01/31/2001,ACY,NJ,AEA,EN,Towers with Radar,14,31,62,72,179,0,0,0,0,0,14,31,62,72,179,62,98,160,339
02/01/2001,ACY,NJ,AEA,EN,Towers with Radar,0,28,67,61,156,27,0,28,19,74,27,28,95,80,230,114,152,266,496
02/02/2001,ACY,NJ,AEA,EN,Towers with Radar,0,34,41,9,84,47,0,0,0,47,47,34,41,9,131,106,142,248,379
02/03/2001,ACY,NJ,AEA,EN,Towers with Radar,0,34,40,9,83,40,0,1,0,41,40,34,41,9,124,106,70,176,300
02/04/2001,ACY,NJ,AEA,EN,Towers with Radar,0,34,61,7,102,34,0,37,0,71,34,34,98,7,173,146,82,228,401
02/05/2001,ACY,NJ,AEA,EN,Towers with Radar,0,13,6,0,19,23,0,16,0,39,23,13,22,0,58,0,0,0,58
02/06/2001,ACY,NJ,AEA,EN,Towers with Radar,0,46,75,42,163,39,0,11,0,50,39,46,86,42,213,80,114,194,407
02/07/2001,ACY,NJ,AEA,EN,Towers with Radar,0,50,87,100,237,33,0,98,1,132,33,50,185,101,369,83,130,213,582
02/08/2001,ACY,NJ,AEA,EN,Towers with Radar,0,29,44,64,137,51,31,50,1,133,51,60,94,65,270,104,80,184,454
02/09/2001,ACY,NJ,AEA,EN,Towers with Radar,0,35,62,29,126,37,4,5,0,46,37,39,67,29,172,40,130,170,342
02/10/2001,ACY,NJ,AEA,EN,Towers with Radar,0,19,24,27,70,25,0,0,0,25,25,19,24,27,95,30,30,60,155
02/11/2001,ACY,NJ,AEA,EN,Towers with Radar,0,35,55,40,130,51,3,28,0,82,51,38,83,40,212,68,106,174,386
02/12/2001,ACY,NJ,AEA,EN,Towers with Radar,0,24,39,27,90,25,1,28,1,55,25,25,67,28,145,68,58,126,271
02/13/2001,ACY,NJ,AEA,EN,Towers with Radar,0,17,40,36,93,27,0,52,62,141,27,17,92,98,234,130,98,228,462
02/14/2001,ACY,NJ,AEA,EN,Towers with Radar,27,30,53,28,138,0,18,36,36,90,27,48,89,64,228,86,46,132,360
02/15/2001,ACY,NJ,AEA,EN,Towers with Radar,28,25,59,47,159,0,0,13,23,36,28,25,72,70,195,46,88,134,329
02/16/2001,ACY,NJ,AEA,EN,Towers with Radar,47,29,38,14,128,0,30,0,41,71,47,59,38,55,199,30,16,46,245
02/17/2001,ACY,NJ,AEA,EN,Towers with Radar,11,33,29,11,84,30,7,12,0,49,41,40,41,11,133,48,30,78,211
02/18/2001,ACY,NJ,AEA,EN,Towers with Radar,48,41,42,12,143,9,12,65,34,120,57,53,107,46,263,240,184,424,687
02/19/2001,ACY,NJ,AEA,EN,Towers with Radar,42,35,65,28,170,0,0,2,13,15,42,35,67,41,185,118,58,176,361
02/20/2001,ACY,NJ,AEA,EN,Towers with Radar,49,43,89,68,249,0,0,1,0,1,49,43,90,68,250,28,80,108,358
02/21/2001,ACY,NJ,AEA,EN,Towers with Radar,41,41,84,46,212,2,14,12,10,38,43,55,96,56,250,164,166,330,580
02/22/2001,ACY,NJ,AEA,EN,Towers with Radar,18,9,26,18,71,0,0,0,11,11,18,9,26,29,82,92,36,128,210
02/23/2001,ACY,NJ,AEA,EN,Towers with Radar,23,36,35,12,106,33,6,31,10,80,56,42,66,22,186,70,48,118,304
02/24/2001,ACY,NJ,AEA,EN,Towers with Radar,113,44,70,30,257,0,1,69,0,70,113,45,139,30,327,228,62,290,617
02/25/2001,ACY,NJ,AEA,EN,Towers with Radar,9,22,34,13,78,35,12,0,10,57,44,34,34,23,135,30,18,48,183
02/26/2001,ACY,NJ,AEA,EN,Towers with Radar,34,28,46,17,125,0,6,2,18,26,34,34,48,35,151,82,106,188,339
02/27/2001,ACY,NJ,AEA,EN,Towers with Radar,37,37,58,46,178,0,0,38,18,56,37,37,96,64,234,98,78,176,410
02/28/2001,ACY,NJ,AEA,EN,Towers with Radar,20,31,59,55,165,0,0,0,18,18,20,31,59,73,183,40,50,90,273
03/01/2001,ACY,NJ,AEA,EN,Towers with Radar,26,27,49,46,148,0,0,41,22,63,26,27,90,68,211,88,108,196,407
03/02/2001,ACY,NJ,AEA,EN,Towers with Radar,43,39,68,60,210,0,0,95,27,122,43,39,163,87,332,124,88,212,544
03/03/2001,ACY,NJ,AEA,EN,Towers with Radar,39,34,73,10,156,0,0,20,0,20,39,34,93,10,176,204,14,218,394
03/04/2001,ACY,NJ,AEA,EN,Towers with Radar,18,13,21,2,54,20,4,10,0,34,38,17,31,2,88,8,0,8,96
03/05/2001,ACY,NJ,AEA,EN,Towers with Radar,26,3,9,0,38,5,14,0,0,19,31,17,9,0,57,0,0,0,57
03/06/2001,ACY,NJ,AEA,EN,Towers with Radar,20,15,3,0,38,0,0,1,1,2,20,15,4,1,40,0,0,0,40
03/07/2001,ACY,NJ,AEA,EN,Towers with Radar,34,32,54,61,181,0,0,1,1,2,34,32,55,62,183,62,134,196,379
03/08/2001,ACY,NJ,AEA,EN,Towers with Radar,34,34,53,62,183,0,0,67,0,67,34,34,120,62,250,78,150,228,478
03/09/2001,ACY,NJ,AEA,EN,Towers with Radar,27,28,33,42,130,0,0,3,0,3,27,28,36,42,133,74,158,232,365
03/10/2001,ACY,NJ,AEA,EN,Towers with Radar,26,22,22,68,138,0,0,0,0,0,26,22,22,68,138,134,120,254,392
03/11/2001,ACY,NJ,AEA,EN,Towers with Radar,43,30,63,21,157,0,0,24,0,24,43,30,87,21,181,84,88,172,353
03/12/2001,ACY,NJ,AEA,EN,Towers with Radar,30,25,39,20,114,0,3,11,0,14,30,28,50,20,128,72,58,130,258
03/13/2001,ACY,NJ,AEA,EN,Towers with Radar,21,21,20,16,78,0,0,2,0,2,21,21,22,16,80,0,10,10,90
03/14/2001,ACY,NJ,AEA,EN,Towers with Radar,33,42,57,5,137,0,0,1,35,36,33,42,58,40,173,84,44,128,301
03/15/2001,ACY,NJ,AEA,EN,Towers with Radar,25,27,54,34,140,0,0,26,26,52,25,27,80,60,192,52,134,186,378
03/16/2001,ACY,NJ,AEA,EN,Towers with Radar,33,30,55,39,157,0,7,0,12,19,33,37,55,51,176,24,66,90,266
03/17/2001,ACY,NJ,AEA,EN,Towers with Radar,32,27,44,9,112,0,3,0,0,3,32,30,44,9,115,44,16,60,175
03/18/2001,ACY,NJ,AEA,EN,Towers with Radar,48,42,58,5,153,19,11,7,29,66,67,53,65,34,219,68,52,120,339
03/19/2001,ACY,NJ,AEA,EN,Towers with Radar,32,27,54,19,132,17,17,17,6,57,49,44,71,25,189,68,12,80,269
03/20/2001,ACY,NJ,AEA,EN,Towers with Radar,40,33,47,39,159,0,0,87,16,103,40,33,134,55,262,98,150,248,510
03/21/2001,ACY,NJ,AEA,EN,Towers with Radar,19,22,23,3,67,0,5,7,0,12,19,27,30,3,79,4,6,10,89
03/22/2001,ACY,NJ,AEA,EN,Towers with Radar,29,19,31,20,99,6,0,0,6,12,35,19,31,26,111,40,102,142,253
03/23/2001,ACY,NJ,AEA,EN,Towers with Radar,35,34,44,26,139,0,0,26,0,26,35,34,70,26,165,40,102,142,307
03/24/2001,ACY,NJ,AEA,EN,Towers with Radar,34,34,58,5,131,0,0,12,0,12,34,34,70,5,143,70,40,110,253
03/25/2001,ACY,NJ,AEA,EN,Towers with Radar,44,36,33,0,113,0,7,68,14,89,44,43,101,14,202,66,42,108,310
03/26/2001,ACY,NJ,AEA,EN,Towers with Radar,45,27,21,11,104,0,2,0,0,2,45,29,21,11,106,66,96,162,268
03/27/2001,ACY,NJ,AEA,EN,Towers with Radar,63,52,109,48,272,0,0,15,0,15,63,52,124,48,287,68,88,156,443
03/28/2001,ACY,NJ,AEA,EN,Towers with Radar,35,42,65,39,181,0,3,98,11,112,35,45,163,50,293,100,36,136,429
03/29/2001,ACY,NJ,AEA,EN,Towers with Radar,39,35,86,64,224,31,5,36,19,91,70,40,122,83,315,162,118,280,595
03/30/2001,ACY,NJ,AEA,EN,Towers with Radar,38,31,46,10,125,20,10,0,0,30,58,41,46,10,155,12,36,48,203
03/31/2001,ACY,NJ,AEA,EN,Towers with Radar,39,28,33,9,109,10,8,38,3,59,49,36,71,12,168,90,50,140,308
04/01/2001,ACY,NJ,AEA,EN,Towers with Radar,37,35,60,3,135,5,2,34,33,74,42,37,94,36,209,108,60,168,377
04/02/2001,ACY,NJ,AEA,EN,Towers with Radar,43,37,38,20,138,0,0,0,0,0,43,37,38,20,138,20,4,24,162
04/03/2001,ACY,NJ,AEA,EN,Towers with Radar,35,27,42,48,152,0,11,40,0,51,35,38,82,48,203,72,80,152,355
04/04/2001,ACY,NJ,AEA,EN,Towers with Radar,26,32,60,49,167,0,0,0,0,0,26,32,60,49,167,64,128,192,359
04/05/2001,ACY,NJ,AEA,EN,Towers with Radar,27,24,43,36,130,0,5,38,4,47,27,29,81,40,177,140,102,242,419
04/06/2001,ACY,NJ,AEA,EN,Towers with Radar,41,37,38,30,146,0,2,9,2,13,41,39,47,32,159,48,34,82,241
04/07/2001,ACY,NJ,AEA,EN,Towers with Radar,33,32,49,23,137,0,0,0,3,3,33,32,49,26,140,36,84,120,260
04/08/2001,ACY,NJ,AEA,EN,Towers with Radar,53,28,23,16,120,0,0,0,8,8,53,28,23,24,128,0,0,0,128
04/09/2001,ACY,NJ,AEA,EN,Towers with Radar,38,33,46,6,123,0,0,43,3,46,38,33,89,9,169,84,46,130,299
04/10/2001,ACY,NJ,AEA,EN,Towers with Radar,34,21,48,72,175,0,0,0,0,0,34,21,48,72,175,30,80,110,285
04/11/2001,ACY,NJ,AEA,EN,Towers with Radar,43,35,53,6,137,0,0,10,5,15,43,35,63,11,152,26,22,48,200
04/12/2001,ACY,NJ,AEA,EN,Towers with Radar,24,17,34,15,90,0,0,0,7,7,24,17,34,22,97,2,4,6,103
04/13/2001,ACY,NJ,AEA,EN,Towers with Radar,30,43,63,24,160,0,2,29,2,33,30,45,92,26,193,46,18,64,257
04/14/2001,ACY,NJ,AEA,EN,Towers with Radar,22,22,22,2,68,2,0,54,3,59,24,22,76,5,127,66,8,74,201
04/15/2001,ACY,NJ,AEA,EN,Towers with Radar,32,22,15,0,69,0,4,52,6,62,32,26,67,6,131,127,12,139,270
04/16/2001,ACY,NJ,AEA,EN,Towers with Radar,29,26,28,5,88,0,0,28,5,33,29,26,56,10,121,96,48,144,265
04/17/2001,ACY,NJ,AEA,EN,Towers with Radar,26,25,46,17,114,1,0,4,7,12,27,25,50,24,126,32,102,134,260
04/18/2001,ACY,NJ,AEA,EN,Towers with Radar,19,18,45,11,93,0,0,11,5,16,19,18,56,16,109,134,86,220,329
04/19/2001,ACY,NJ,AEA,EN,Towers with Radar,26,28,55,24,133,2,0,17,0,19,28,28,72,24,152,62,28,90,242
04/20/2001,ACY,NJ,AEA,EN,Towers with Radar,37,51,60,34,182,0,0,43,0,43,37,51,103,34,225,76,48,124,349
04/21/2001,ACY,NJ,AEA,EN,Towers with Radar,35,27,41,3,106,0,2,31,2,35,35,29,72,5,141,50,2,52,193
04/22/2001,ACY,NJ,AEA,EN,Towers with Radar,48,24,41,2,115,0,0,29,0,29,48,24,70,2,144,110,0,110,254
04/23/2001,ACY,NJ,AEA,EN,Towers with Radar,30,31,44,3,108,8,10,45,9,72,38,41,89,12,180,80,46,126,306
04/24/2001,ACY,NJ,AEA,EN,Towers with Radar,36,29,62,65,192,0,0,0,0,0,36,29,62,65,192,100,160,260,452
04/25/2001,ACY,NJ,AEA,EN,Towers with Radar,28,31,68,33,160,0,0,23,13,36,28,31,91,46,196,62,70,132,328
04/26/2001,ACY,NJ,AEA,EN,Towers with Radar,40,47,38,50,175,0,0,62,7,69,40,47,100,57,244,29,72,101,345
04/27/2001,ACY,NJ,AEA,EN,Towers with Radar,32,32,56,16,136,8,6,32,6,52,40,38,88,22,188,126,114,240,428
04/28/2001,ACY,NJ,AEA,EN,Towers with Radar,28,25,38,10,101,6,4,63,0,73,34,29,101,10,174,128,24,152,326
04/29/2001,ACY,NJ,AEA,EN,Towers with Radar,51,30,58,1,140,0,0,0,21,21,51,30,58,22,161,88,22,110,271
04/30/2001,ACY,NJ,AEA,EN,Towers with Radar,44,51,64,65,224,0,2,75,15,92,44,53,139,80,316,86,64,150,466
05/01/2001,ACY,NJ,AEA,EN,Towers with Radar,25,24,28,48,125,13,10,37,24,84,38,34,65,72,209,116,150,266,475
05/02/2001,ACY,NJ,AEA,EN,Towers with Radar,20,29,54,62,165,12,7,34,0,53,32,36,88,62,218,82,60,142,360
05/03/2001,ACY,NJ,AEA,EN,Towers with Radar,23,29,71,47,170,0,3,36,0,39,23,32,107,47,209,52,38,90,299
05/04/2001,ACY,NJ,AEA,EN,Towers with Radar,31,53,32,39,155,0,0,73,0,73,31,53,105,39,228,120,142,262,490
05/05/2001,ACY,NJ,AEA,EN,Towers with Radar,25,26,35,47,133,15,11,67,29,122,40,37,102,76,255,80,104,184,439
05/06/2001,ACY,NJ,AEA,EN,Towers with Radar,48,36,57,15,156,0,10,62,74,146,48,46,119,89,302,176,168,344,646
05/07/2001,ACY,NJ,AEA,EN,Towers with Radar,33,36,82,27,178,0,0,27,8,35,33,36,109,35,213,116,100,216,429
05/08/2001,ACY,NJ,AEA,EN,Towers with Radar,29,30,23,38,120,0,0,25,12,37,29,30,48,50,157,114,156,270,427
05/09/2001,ACY,NJ,AEA,EN,Towers with Radar,22,29,91,78,220,0,0,25,8,33,22,29,116,86,253,136,125,261,514
05/10/2001,ACY,NJ,AEA,EN,Towers with Radar,28,28,43,35,134,6,2,72,30,110,34,30,115,65,244,178,140,318,562
05/11/2001,ACY,NJ,AEA,EN,Towers with Radar,28,38,56,42,164,0,0,37,0,37,28,38,93,42,201,120,136,256,457
05/12/2001,ACY,NJ,AEA,EN,Towers with Radar,28,24,33,24,109,12,7,47,36,102,40,31,80,60,211,90,50,140,351
05/13/2001,ACY,NJ,AEA,EN,Towers with Radar,30,20,33,0,83,0,2,30,18,50,30,22,63,18,133,56,78,134,267
05/14/2001,ACY,NJ,AEA,EN,Towers with Radar,15,26,36,16,93,0,0,0,0,0,15,26,36,16,93,68,54,122,215
05/15/2001,ACY,NJ,AEA,EN,Towers with Radar,30,26,47,25,128,0,0,38,1,39,30,26,85,26,167,156,180,336,503
05/16/2001,ACY,NJ,AEA,EN,Towers with Radar,25,33,53,28,139,0,2,29,1,32,25,35,82,29,171,104,79,183,354
05/17/2001,ACY,NJ,AEA,EN,Towers with Radar,23,32,98,16,169,0,8,0,21,29,23,40,98,37,198,142,144,286,484
05/18/2001,ACY,NJ,AEA,EN,Towers with Radar,40,43,61,31,175,0,0,32,11,43,40,43,93,42,218,66,166,232,450
05/19/2001,ACY,NJ,AEA,EN,Towers with Radar,40,39,53,10,142,0,0,32,18,50,40,39,85,28,192,60,62,122,314
05/20/2001,ACY,NJ,AEA,EN,Towers with Radar,48,45,78,15,186,16,0,38,0,54,64,45,116,15,240,0,20,20,260
05/21/2001,ACY,NJ,AEA,EN,Towers with Radar,28,29,15,2,74,2,3,0,0,5,30,32,15,2,79,6,0,6,85
05/22/2001,ACY,NJ,AEA,EN,Towers with Radar,30,13,26,33,102,0,0,0,0,0,30,13,26,33,102,18,30,48,150
05/23/2001,ACY,NJ,AEA,EN,Towers with Radar,26,31,48,20,125,0,12,19,0,31,26,43,67,20,156,100,42,142,298
05/24/2001,ACY,NJ,AEA,EN,Towers with Radar,24,31,65,18,138,0,0,21,10,31,24,31,86,28,169,22,20,42,211
05/25/2001,ACY,NJ,AEA,EN,Towers with Radar,31,24,53,10,118,0,0,18,18,36,31,24,71,28,154,40,86,126,280
05/26/2001,ACY,NJ,AEA,EN,Towers with Radar,29,19,31,2,81,0,0,3,0,3,29,19,34,2,84,12,0,12,96
05/27/2001,ACY,NJ,AEA,EN,Towers with Radar,37,13,41,1,92,0,0,0,1,1,37,13,41,2,93,18,0,18,111
05/28/2001,ACY,NJ,AEA,EN,Towers with Radar,28,34,48,8,118,0,0,14,4,18,28,34,62,12,136,90,0,90,226
05/29/2001,ACY,NJ,AEA,EN,Towers with Radar,23,34,63,32,152,0,0,50,0,50,23,34,113,32,202,136,90,226,428
05/30/2001,ACY,NJ,AEA,EN,Towers with Radar,21,26,41,33,121,3,5,42,20,70,24,31,83,53,191,150,90,240,431
05/31/2001,ACY,NJ,AEA,EN,Towers with Radar,22,24,31,22,99,8,21,54,38,121,30,45,85,60,220,158,120,278,498
06/01/2001,ACY,NJ,AEA,EN,Towers with Radar,26,27,40,22,115,6,11,18,8,43,32,38,58,30,158,60,120,180,338
06/02/2001,ACY,NJ,AEA,EN,Towers with Radar,28,26,67,2,123,13,20,7,15,55,41,46,74,17,178,26,18,44,222
06/03/2001,ACY,NJ,AEA,EN,Towers with Radar,45,45,49,6,145,1,0,22,2,25,46,45,71,8,170,104,30,134,304
06/04/2001,ACY,NJ,AEA,EN,Towers with Radar,23,27,62,36,148,0,0,58,0,58,23,27,120,36,206,70,78,148,354
06/05/2001,ACY,NJ,AEA,EN,Towers with Radar,22,18,48,40,128,9,19,49,10,87,31,37,97,50,215,72,72,144,359
06/06/2001,ACY,NJ,AEA,EN,Towers with Radar,21,32,53,21,127,0,0,5,15,20,21,32,58,36,147,18,52,70,217
06/07/2001,ACY,NJ,AEA,EN,Towers with Radar,27,15,48,53,143,14,36,56,23,129,41,51,104,76,272,66,110,176,448
06/08/2001,ACY,NJ,AEA,EN,Towers with Radar,32,34,46,48,160,5,12,37,1,55,37,46,83,49,215,54,80,134,349
06/09/2001,ACY,NJ,AEA,EN,Towers with Radar,25,16,30,38,109,10,6,88,27,131,35,22,118,65,240,126,118,244,484
06/10/2001,ACY,NJ,AEA,EN,Towers with Radar,36,26,64,24,150,3,2,74,23,102,39,28,138,47,252,218,104,322,574
06/11/2001,ACY,NJ,AEA,EN,Towers with Radar,27,26,41,9,103,0,0,22,10,32,27,26,63,19,135,62,4,66,201
06/12/2001,ACY,NJ,AEA,EN,Towers with Radar,23,18,60,34,135,0,0,46,20,66,23,18,106,54,201,74,106,180,381
06/13/2001,ACY,NJ,AEA,EN,Towers with Radar,22,25,62,44,153,0,3,60,0,63,22,28,122,44,216,95,118,213,429
06/14/2001,ACY,NJ,AEA,EN,Towers with Radar,32,39,47,33,151,0,1,0,0,1,32,40,47,33,152,88,60,148,300
06/15/2001,ACY,NJ,AEA,EN,Towers with Radar,27,37,43,27,134,0,0,9,39,48,27,37,52,66,182,66,24,90,272
06/16/2001,ACY,NJ,AEA,EN,Towers with Radar,31,36,32,2,101,0,0,0,0,0,31,36,32,2,101,4,0,4,105
06/17/2001,ACY,NJ,AEA,EN,Towers with Radar,38,35,47,6,126,0,0,11,2,13,38,35,58,8,139,52,4,56,195
06/18/2001,ACY,NJ,AEA,EN,Towers with Radar,29,42,43,10,124,19,10,88,15,132,48,52,131,25,256,134,46,180,436
06/19/2001,ACY,NJ,AEA,EN,Towers with Radar,28,28,53,39,148,0,0,88,18,106,28,28,141,57,254,156,64,220,474
06/20/2001,ACY,NJ,AEA,EN,Towers with Radar,21,28,46,26,121,0,0,28,0,28,21,28,74,26,149,68,52,120,269
06/21/2001,ACY,NJ,AEA,EN,Towers with Radar,31,46,61,23,161,7,0,0,0,7,38,46,61,23,168,36,22,58,226
06/22/2001,ACY,NJ,AEA,EN,Towers with Radar,39,34,49,19,141,5,6,18,11,40,44,40,67,30,181,40,110,150,331
06/23/2001,ACY,NJ,AEA,EN,Towers with Radar,48,34,44,10,136,0,0,0,0,0,48,34,44,10,136,20,0,20,156
06/24/2001,ACY,NJ,AEA,EN,Towers with Radar,60,37,44,0,141,10,17,32,23,82,70,54,76,23,223,82,30,112,335
06/25/2001,ACY,NJ,AEA,EN,Towers with Radar,43,38,42,40,163,0,9,63,29,101,43,47,105,69,264,110,28,138,402
06/26/2001,ACY,NJ,AEA,EN,Towers with Radar,33,28,47,34,142,0,0,31,0,31,33,28,78,34,173,44,18,62,235
06/27/2001,ACY,NJ,AEA,EN,Towers with Radar,36,30,51,44,161,6,8,47,0,61,42,38,98,44,222,68,94,162,384
06/28/2001,ACY,NJ,AEA,EN,Towers with Radar,25,37,45,35,142,14,1,79,13,107,39,38,124,48,249,238,272,510,759
06/29/2001,ACY,NJ,AEA,EN,Towers with Radar,42,48,72,41,203,0,2,28,16,46,42,50,100,57,249,72,60,132,381
06/30/2001,ACY,NJ,AEA,EN,Towers with Radar,22,21,54,4,101,0,0,7,0,7,22,21,61,4,108,34,30,64,172
07/01/2001,ACY,NJ,AEA,EN,Towers with Radar,0,30,41,4,75,27,0,0,0,27,27,30,41,4,102,60,32,92,194
07/02/2001,ACY,NJ,AEA,EN,Towers with Radar,0,35,28,5,68,32,0,37,0,69,32,35,65,5,137,48,18,66,203
07/03/2001,ACY,NJ,AEA,EN,Towers with Radar,0,30,30,21,81,27,8,60,3,98,27,38,90,24,179,46,52,98,277
07/04/2001,ACY,NJ,AEA,EN,Towers with Radar,0,22,28,10,60,20,0,0,4,24,20,22,28,14,84,10,0,10,94
07/05/2001,ACY,NJ,AEA,EN,Towers with Radar,0,27,39,40,106,26,3,23,9,61,26,30,62,49,167,114,102,216,383
07/06/2001,ACY,NJ,AEA,EN,Towers with Radar,0,41,42,53,136,44,0,57,0,101,44,41,99,53,237,150,80,230,467
07/07/2001,ACY,NJ,AEA,EN,Towers with Radar,0,33,44,8,85,38,0,105,0,143,38,33,149,8,228,94,18,112,340
07/08/2001,ACY,NJ,AEA,EN,Towers with Radar,0,39,59,6,104,35,0,31,0,66,35,39,90,6,170,22,0,22,192
07/09/2001,ACY,NJ,AEA,EN,Towers with Radar,0,46,39,14,99,29,0,56,0,85,29,46,95,14,184,62,0,62,246
07/10/2001,ACY,NJ,AEA,EN,Towers with Radar,0,28,41,42,111,35,0,56,2,93,35,28,97,44,204,42,82,124,328
07/11/2001,ACY,NJ,AEA,EN,Towers with Radar,0,37,58,54,149,29,0,15,0,44,29,37,73,54,193,42,119,161,354
07/12/2001,ACY,NJ,AEA,EN,Towers with Radar,0,40,41,53,134,31,0,64,11,106,31,40,105,64,240,150,158,308,548
07/13/2001,ACY,NJ,AEA,EN,Towers with Radar,0,55,55,48,158,39,0,48,12,99,39,55,103,60,257,104,62,166,423
07/14/2001,ACY,NJ,AEA,EN,Towers with Radar,0,36,49,50,135,48,8,68,0,124,48,44,117,50,259,154,188,342,601
07/15/2001,ACY,NJ,AEA,EN,Towers with Radar,0,34,44,34,112,46,18,89,9,162,46,52,133,43,274,56,43,99,373
07/16/2001,ACY,NJ,AEA,EN,Towers with Radar,24,31,41,10,106,2,8,22,5,37,26,39,63,15,143,20,16,36,179
07/17/2001,ACY,NJ,AEA,EN,Towers with Radar,31,30,45,13,119,0,0,4,15,19,31,30,49,28,138,74,120,194,332
07/18/2001,ACY,NJ,AEA,EN,Towers with Radar,33,34,47,42,156,0,0,0,14,14,33,34,47,56,170,44,56,100,270
07/19/2001,ACY,NJ,AEA,EN,Towers with Radar,38,43,64,61,206,0,0,9,0,9,38,43,73,61,215,70,96,166,381
07/20/2001,ACY,NJ,AEA,EN,Towers with Radar,48,57,73,29,207,0,0,0,7,7,48,57,73,36,214,96,98,194,408
07/21/2001,ACY,NJ,AEA,EN,Towers with Radar,6,37,35,10,88,31,10,81,23,145,37,47,116,33,233,108,32,140,373
07/22/2001,ACY,NJ,AEA,EN,Towers with Radar,32,33,43,12,120,15,10,40,64,129,47,43,83,76,249,146,140,286,535
07/23/2001,ACY,NJ,AEA,EN,Towers with Radar,29,33,51,10,123,0,0,20,42,62,29,33,71,52,185,82,38,120,305
07/24/2001,ACY,NJ,AEA,EN,Towers with Radar,31,29,52,33,145,0,0,23,0,23,31,29,75,33,168,186,110,296,464
07/25/2001,ACY,NJ,AEA,EN,Towers with Radar,24,32,76,52,184,0,0,13,0,13,24,32,89,52,197,114,94,208,405
07/26/2001,ACY,NJ,AEA,EN,Towers with Radar,46,29,61,40,176,0,0,19,0,19,46,29,80,40,195,76,12,88,283
07/27/2001,ACY,NJ,AEA,EN,Towers with Radar,41,56,86,39,222,0,0,59,6,65,41,56,145,45,287,42,56,98,385
07/28/2001,ACY,NJ,AEA,EN,Towers with Radar,27,33,62,9,131,9,0,67,0,76,36,33,129,9,207,86,44,130,337
07/29/2001,ACY,NJ,AEA,EN,Towers with Radar,31,28,62,10,131,15,0,14,3,32,46,28,76,13,163,68,2,70,233
07/30/2001,ACY,NJ,AEA,EN,Towers with Radar,51,39,50,16,156,0,1,10,6,17,51,40,60,22,173,100,42,142,315
07/31/2001,ACY,NJ,AEA,EN,Towers with Radar,65,33,60,37,195,0,47,146,53,246,65,80,206,90,441,174,224,398,839
08/01/2001,ACY,NJ,AEA,EN,Towers with Radar,31,36,50,50,167,10,0,20,14,44,41,36,70,64,211,140,166,306,517
08/02/2001,ACY,NJ,AEA,EN,Towers with Radar,25,32,49,40,146,5,6,3,6,20,30,38,52,46,166,178,170,348,514
08/03/2001,ACY,NJ,AEA,EN,Towers with Radar,38,63,71,45,217,4,9,50,1,64,42,72,121,46,281,188,166,354,635
08/04/2001,ACY,NJ,AEA,EN,Towers with Radar,31,42,62,7,142,0,2,62,35,99,31,44,124,42,241,86,92,178,419
08/05/2001,ACY,NJ,AEA,EN,Towers with Radar,24,35,58,19,136,0,0,29,0,29,24,35,87,19,165,180,59,239,404
08/06/2001,ACY,NJ,AEA,EN,Towers with Radar,32,40,61,42,175,0,12,91,52,155,32,52,152,94,330,202,160,362,692
08/07/2001,ACY,NJ,AEA,EN,Towers with Radar,27,28,81,48,184,0,0,0,1,1,27,28,81,49,185,168,140,308,493
08/08/2001,ACY,NJ,AEA,EN,Towers with Radar,26,48,57,51,182,1,0,48,0,49,27,48,105,51,231,148,100,248,479
08/09/2001,ACY,NJ,AEA,EN,Towers with Radar,37,38,81,56,212,0,0,19,13,32,37,38,100,69,244,44,146,190,434
08/10/2001,ACY,NJ,AEA,EN,Towers with Radar,36,32,59,43,170,31,27,22,24,104,67,59,81,67,274,88,122,210,484
08/11/2001,ACY,NJ,AEA,EN,Towers with Radar,26,39,38,29,132,0,0,12,0,12,26,39,50,29,144,112,62,174,318
08/12/2001,ACY,NJ,AEA,EN,Towers with Radar,45,41,51,7,144,28,27,57,45,157,73,68,108,52,301,82,126,208,509
08/13/2001,ACY,NJ,AEA,EN,Towers with Radar,37,39,58,17,151,0,0,8,0,8,37,39,66,17,159,62,72,134,293
08/14/2001,ACY,NJ,AEA,EN,Towers with Radar,35,29,75,48,187,3,0,23,0,26,38,29,98,48,213,104,70,174,387
08/15/2001,ACY,NJ,AEA,EN,Towers with Radar,37,36,59,33,165,3,0,35,0,38,40,36,94,33,203,90,134,224,427
08/16/2001,ACY,NJ,AEA,EN,Towers with Radar,35,35,54,63,187,25,18,131,23,197,60,53,185,86,384,94,124,218,602
08/17/2001,ACY,NJ,AEA,EN,Towers with Radar,29,42,53,28,152,9,5,28,0,42,38,47,81,28,194,46,70,116,310
08/18/2001,ACY,NJ,AEA,EN,Towers with Radar,26,31,43,8,108,2,0,95,2,99,28,31,138,10,207,56,80,136,343
08/19/2001,ACY,NJ,AEA,EN,Towers with Radar,48,34,54,0,136,0,0,0,0,0,48,34,54,0,136,74,40,114,250
08/20/2001,ACY,NJ,AEA,EN,Towers with Radar,43,40,41,29,153,0,0,25,7,32,43,40,66,36,185,50,24,74,259
08/21/2001,ACY,NJ,AEA,EN,Towers with Radar,31,28,49,40,148,0,0,31,14,45,31,28,80,54,193,150,160,310,503
08/22/2001,ACY,NJ,AEA,EN,Towers with Radar,30,34,49,77,190,0,0,144,0,144,30,34,193,77,334,136,170,306,640
08/23/2001,ACY,NJ,AEA,EN,Towers with Radar,34,32,66,66,198,0,0,5,0,5,34,32,71,66,203,112,154,266,469
08/24/2001,ACY,NJ,AEA,EN,Towers with Radar,48,42,54,23,167,7,16,51,27,101,55,58,105,50,268,56,28,84,352
08/25/2001,ACY,NJ,AEA,EN,Towers with Radar,29,34,51,26,140,9,9,41,0,59,38,43,92,26,199,80,88,168,367
08/26/2001,ACY,NJ,AEA,EN,Towers with Radar,50,35,66,6,157,0,0,74,0,74,50,35,140,6,231,72,70,142,373
08/27/2001,ACY,NJ,AEA,EN,Towers with Radar,31,31,76,6,144,2,0,26,12,40,33,31,102,18,184,86,40,126,310
08/28/2001,ACY,NJ,AEA,EN,Towers with Radar,34,32,64,48,178,6,5,27,0,38,40,37,91,48,216,48,84,132,348
08/29/2001,ACY,NJ,AEA,EN,Towers with Radar,29,43,37,42,151,0,0,44,0,44,29,43,81,42,195,58,68,126,321
08/30/2001,ACY,NJ,AEA,EN,Towers with Radar,36,33,71,71,211,0,0,37,5,42,36,33,108,76,253,48,98,146,399
08/31/2001,ACY,NJ,AEA,EN,Towers with Radar,43,43,82,47,215,0,0,34,4,38,43,43,116,51,253,158,70,228,481
09/01/2001,ACY,NJ,AEA,EN,Towers with Radar,0,36,69,11,116,42,0,16,0,58,42,36,85,11,174,192,24,216,390
09/02/2001,ACY,NJ,AEA,EN,Towers with Radar,0,35,50,13,98,35,4,165,0,204,35,39,215,13,302,100,34,134,436
09/03/2001,ACY,NJ,AEA,EN,Towers with Radar,0,21,33,2,56,26,0,109,0,135,26,21,142,2,191,130,82,212,403
09/04/2001,ACY,NJ,AEA,EN,Towers with Radar,0,31,29,43,103,26,4,11,0,41,26,35,40,43,144,48,88,136,280
09/05/2001,ACY,NJ,AEA,EN,Towers with Radar,0,34,41,70,145,28,0,46,5,79,28,34,87,75,224,174,146,320,544
09/06/2001,ACY,NJ,AEA,EN,Towers with Radar,0,35,48,42,125,29,0,10,3,42,29,35,58,45,167,124,146,270,437
09/07/2001,ACY,NJ,AEA,EN,Towers with Radar,0,40,70,50,160,38,0,32,0,70,38,40,102,50,230,118,124,242,472
09/08/2001,ACY,NJ,AEA,EN,Towers with Radar,0,31,53,14,98,29,0,42,1,72,29,31,95,15,170,98,52,150,320
09/09/2001,ACY,NJ,AEA,EN,Towers with Radar,0,27,57,42,126,43,0,43,0,86,43,27,100,42,212,80,180,260,472
09/10/2001,ACY,NJ,AEA,EN,Towers with Radar,0,31,50,24,105,26,0,16,0,42,26,31,66,24,147,32,74,106,253
09/11/2001,ACY,NJ,AEA,EN,Towers with Radar,0,7,8,21,36,14,0,5,7,26,14,7,13,28,62,0,6,6,68
09/12/2001,ACY,NJ,AEA,EN,Towers with Radar,0,0,6,27,33,0,0,1,1,2,0,0,7,28,35,0,18,18,53
09/13/2001,ACY,NJ,AEA,EN,Towers with Radar,0,13,6,48,67,5,0,2,10,17,5,13,8,58,84,0,10,10,94
09/14/2001,ACY,NJ,AEA,EN,Towers with Radar,0,36,8,42,86,19,0,0,0,19,19,36,8,42,105,4,20,24,129
09/15/2001,ACY,NJ,AEA,EN,Towers with Radar,0,19,30,45,94,18,4,0,0,22,18,23,30,45,116,4,28,32,148
09/16/2001,ACY,NJ,AEA,EN,Towers with Radar,0,20,32,32,84,26,4,12,0,42,26,24,44,32,126,4,30,34,160
09/17/2001,ACY,NJ,AEA,EN,Towers with Radar,0,25,48,24,97,20,0,0,13,33,20,25,48,37,130,30,40,70,200
09/18/2001,ACY,NJ,AEA,EN,Towers with Radar,0,26,74,70,170,35,0,0,0,35,35,26,74,70,205,88,84,172,377
09/19/2001,ACY,NJ,AEA,EN,Towers with Radar,11,21,61,30,123,0,0,0,11,11,11,21,61,41,134,32,66,98,232
09/20/2001,ACY,NJ,AEA,EN,Towers with Radar,0,27,27,10,64,18,0,0,32,50,18,27,27,42,114,0,166,166,280
09/21/2001,ACY,NJ,AEA,EN,Towers with Radar,23,30,54,38,145,0,0,6,12,18,23,30,60,50,163,74,114,188,351
09/22/2001,ACY,NJ,AEA,EN,Towers with Radar,25,13,52,9,99,0,2,0,6,8,25,15,52,15,107,226,60,286,393
09/23/2001,ACY,NJ,AEA,EN,Towers with Radar,32,18,44,15,109,0,27,61,11,99,32,45,105,26,208,104,40,144,352
09/24/2001,ACY,NJ,AEA,EN,Towers with Radar,0,23,31,29,83,19,0,0,0,19,19,23,31,29,102,42,114,156,258
09/25/2001,ACY,NJ,AEA,EN,Towers with Radar,28,22,55,49,154,0,0,0,16,16,28,22,55,65,170,32,142,174,344
09/26/2001,ACY,NJ,AEA,EN,Towers with Radar,24,22,44,35,125,3,16,39,7,65,27,38,83,42,190,72,74,146,336
09/27/2001,ACY,NJ,AEA,EN,Towers with Radar,26,21,50,40,137,0,12,37,14,63,26,33,87,54,200,90,150,240,440
09/28/2001,ACY,NJ,AEA,EN,Towers with Radar,24,36,68,59,187,0,3,17,8,28,24,39,85,67,215,84,110,194,409
09/29/2001,ACY,NJ,AEA,EN,Towers with Radar,7,19,20,20,66,10,0,1,17,28,17,19,21,37,94,62,50,112,206
09/30/2001,ACY,NJ,AEA,EN,Towers with Radar,28,29,65,27,149,0,0,2,11,13,28,29,67,38,162,10,24,34,196
10/01/2001,ACY,NJ,AEA,EN,Towers with Radar,0,16,29,46,91,24,17,13,0,54,24,33,42,46,145,22,66,88,233
10/02/2001,ACY,NJ,AEA,EN,Towers with Radar,0,30,69,44,143,16,0,27,0,43,16,30,96,44,186,142,104,246,432
10/03/2001,ACY,NJ,AEA,EN,Towers with Radar,0,27,65,78,170,22,0,3,0,25,22,27,68,78,195,154,162,316,511
10/04/2001,ACY,NJ,AEA,EN,Towers with Radar,0,29,48,66,143,20,2,58,0,80,20,31,106,66,223,206,274,480,703
10/05/2001,ACY,NJ,AEA,EN,Towers with Radar,0,37,78,65,180,31,0,12,0,43,31,37,90,65,223,98,164,262,485
10/06/2001,ACY,NJ,AEA,EN,Towers with Radar,0,21,31,38,90,28,0,0,0,28,28,21,31,38,118,70,16,86,204
10/07/2001,ACY,NJ,AEA,EN,Towers with Radar,0,38,65,42,145,40,0,12,0,52,40,38,77,42,197,96,122,218,415
10/08/2001,ACY,NJ,AEA,EN,Towers with Radar,0,32,67,53,152,27,0,6,0,33,27,32,73,53,185,84,108,192,377
10/09/2001,ACY,NJ,AEA,EN,Towers with Radar,0,25,27,47,99,21,0,11,9,41,21,25,38,56,140,160,126,286,426
10/10/2001,ACY,NJ,AEA,EN,Towers with Radar,0,29,57,74,160,24,4,163,18,209,24,33,220,92,369,226,90,316,685
10/11/2001,ACY,NJ,AEA,EN,Towers with Radar,0,25,50,55,130,23,0,36,0,59,23,25,86,55,189,38,70,108,297
10/12/2001,ACY,NJ,AEA,EN,Towers with Radar,0,25,57,52,134,27,11,24,0,62,27,36,81,52,196,84,60,144,340
10/13/2001,ACY,NJ,AEA,EN,Towers with Radar,0,35,30,32,97,19,1,29,0,49,19,36,59,32,146,92,68,160,306
10/14/2001,ACY,NJ,AEA,EN,Towers with Radar,0,19,39,54,112,32,0,15,0,47,32,19,54,54,159,54,62,116,275
10/15/2001,ACY,NJ,AEA,EN,Towers with Radar,0,28,41,44,113,20,0,0,0,20,20,28,41,44,133,56,54,110,243
10/16/2001,ACY,NJ,AEA,EN,Towers with Radar,23,28,48,16,115,0,0,40,22,62,23,28,88,38,177,82,68,150,327
10/17/2001,ACY,NJ,AEA,EN,Towers with Radar,26,34,46,25,131,0,0,4,33,37,26,34,50,58,168,54,80,134,302
10/18/2001,ACY,NJ,AEA,EN,Towers with Radar,16,27,48,69,160,0,2,24,0,26,16,29,72,69,186,102,144,246,432
10/19/2001,ACY,NJ,AEA,EN,Towers with Radar,30,26,55,26,137,0,0,19,18,37,30,26,74,44,174,126,138,264,438
10/20/2001,ACY,NJ,AEA,EN,Towers with Radar,21,19,47,49,136,6,0,16,16,38,27,19,63,65,174,66,126,192,366
10/21/2001,ACY,NJ,AEA,EN,Towers with Radar,41,34,59,16,150,0,0,46,8,54,41,34,105,24,204,86,68,154,358
10/22/2001,ACY,NJ,AEA,EN,Towers with Radar,27,32,37,39,135,3,0,15,8,26,30,32,52,47,161,36,116,152,313
10/23/2001,ACY,NJ,AEA,EN,Towers with Radar,34,22,48,31,135,0,3,0,0,3,34,25,48,31,138,46,86,132,270
10/24/2001,ACY,NJ,AEA,EN,Towers with Radar,16,32,56,39,143,0,1,5,11,17,16,33,61,50,160,54,90,144,304
10/25/2001,ACY,NJ,AEA,EN,Towers with Radar,23,28,50,33,134,0,6,11,24,41,23,34,61,57,175,84,62,146,321
10/26/2001,ACY,NJ,AEA,EN,Towers with Radar,11,31,66,41,149,14,15,4,5,38,25,46,70,46,187,142,98,240,427
10/27/2001,ACY,NJ,AEA,EN,Towers with Radar,0,18,40,23,81,21,0,20,3,44,21,18,60,26,125,120,124,244,369
10/28/2001,ACY,NJ,AEA,EN,Towers with Radar,31,27,64,16,138,0,0,14,4,18,31,27,78,20,156,10,12,22,178
10/29/2001,ACY,NJ,AEA,EN,Towers with Radar,0,16,32,16,64,30,8,45,22,105,30,24,77,38,169,52,100,152,321
10/30/2001,ACY,NJ,AEA,EN,Towers with Radar,19,16,49,50,134,8,0,14,0,22,27,16,63,50,156,62,122,184,340
10/31/2001,ACY,NJ,AEA,EN,Towers with Radar,15,28,40,39,122,0,0,0,11,11,15,28,40,50,133,84,116,200,333
11/01/2001,ACY,NJ,AEA,EN,Towers with Radar,14,7,62,54,137,0,16,24,11,51,14,23,86,65,188,62,88,150,338
11/02/2001,ACY,NJ,AEA,EN,Towers with Radar,19,5,69,48,141,0,35,0,0,35,19,40,69,48,176,48,42,90,266
11/03/2001,ACY,NJ,AEA,EN,Towers with Radar,42,2,85,55,184,0,24,0,0,24,42,26,85,55,208,168,102,270,478
11/04/2001,ACY,NJ,AEA,EN,Towers with Radar,31,9,68,39,147,0,26,21,17,64,31,35,89,56,211,82,64,146,357
11/05/2001,ACY,NJ,AEA,EN,Towers with Radar,19,8,28,43,98,0,24,0,7,31,19,32,28,50,129,129,84,213,342
11/06/2001,ACY,NJ,AEA,EN,Towers with Radar,23,9,32,36,100,0,24,10,0,34,23,33,42,36,134,38,52,90,224
11/07/2001,ACY,NJ,AEA,EN,Towers with Radar,23,2,44,18,87,12,44,68,29,153,35,46,112,47,240,78,52,130,370
11/08/2001,ACY,NJ,AEA,EN,Towers with Radar,22,6,65,46,139,0,18,45,0,63,22,24,110,46,202,126,128,254,456
11/09/2001,ACY,NJ,AEA,EN,Towers with Radar,27,9,48,56,140,0,19,0,0,19,27,28,48,56,159,20,100,120,279
11/10/2001,ACY,NJ,AEA,EN,Towers with Radar,22,0,40,31,93,0,21,12,0,33,22,21,52,31,126,48,72,120,246
11/11/2001,ACY,NJ,AEA,EN,Towers with Radar,40,4,45,18,107,1,31,1,0,33,41,35,46,18,140,20,0,20,160
11/12/2001,ACY,NJ,AEA,EN,Towers with Radar,23,0,32,19,74,0,12,0,0,12,23,12,32,19,86,20,50,70,156
11/13/2001,ACY,NJ,AEA,EN,Towers with Radar,26,12,64,21,123,0,18,0,0,18,26,30,64,21,141,190,114,304,445
11/14/2001,ACY,NJ,AEA,EN,Towers with Radar,24,13,76,40,153,0,22,47,0,69,24,35,123,40,222,102,68,170,392
11/15/2001,ACY,NJ,AEA,EN,Towers with Radar,26,14,61,32,133,4,16,4,0,24,30,30,65,32,157,60,74,134,291
11/16/2001,ACY,NJ,AEA,EN,Towers with Radar,33,16,71,38,158,0,23,36,0,59,33,39,107,38,217,86,146,232,449
11/17/2001,ACY,NJ,AEA,EN,Towers with Radar,30,7,68,14,119,0,27,0,0,27,30,34,68,14,146,140,68,208,354
11/18/2001,ACY,NJ,AEA,EN,Towers with Radar,45,15,52,40,152,0,24,70,0,94,45,39,122,40,246,118,90,208,454
11/19/2001,ACY,NJ,AEA,EN,Towers with Radar,31,6,43,46,126,0,16,27,0,43,31,22,70,46,169,140,54,194,363
11/20/2001,ACY,NJ,AEA,EN,Towers with Radar,26,3,39,41,109,0,27,13,0,40,26,30,52,41,149,54,34,88,237
11/21/2001,ACY,NJ,AEA,EN,Towers with Radar,24,1,51,34,110,0,24,33,20,77,24,25,84,54,187,90,58,148,335
11/22/2001,ACY,NJ,AEA,EN,Towers with Radar,20,0,25,4,49,0,11,0,0,11,20,11,25,4,60,6,4,10,70
11/23/2001,ACY,NJ,AEA,EN,Towers with Radar,28,0,54,15,97,4,13,5,0,22,32,13,59,15,119,24,20,44,163
11/24/2001,ACY,NJ,AEA,EN,Towers with Radar,30,0,53,18,101,6,35,1,0,42,36,35,54,18,143,78,26,104,247
11/25/2001,ACY,NJ,AEA,EN,Towers with Radar,44,11,53,25,133,0,23,0,0,23,44,34,53,25,156,26,12,38,194
11/26/2001,ACY,NJ,AEA,EN,Towers with Radar,4,29,8,6,47,18,0,62,19,99,22,29,70,25,146,122,58,180,326
11/27/2001,ACY,NJ,AEA,EN,Towers with Radar,4,25,15,27,71,20,0,49,20,89,24,25,64,47,160,120,114,234,394
11/28/2001,ACY,NJ,AEA,EN,Towers with Radar,4,32,8,24,68,14,0,39,43,96,18,32,47,67,164,58,78,136,300
11/29/2001,ACY,NJ,AEA,EN,Towers with Radar,4,19,8,6,37,12,0,13,7,32,16,19,21,13,69,22,26,48,117
11/30/2001,ACY,NJ,AEA,EN,Towers with Radar,14,30,8,6,58,25,0,28,46,99,39,30,36,52,157,36,64,100,257
12/01/2001,ACY,NJ,AEA,EN,Towers with Radar,29,25,53,22,129,0,0,52,0,52,29,25,105,22,181,92,64,156,337
12/02/2001,ACY,NJ,AEA,EN,Towers with Radar,44,33,47,25,149,5,6,74,31,116,49,39,121,56,265,126,102,228,493
12/03/2001,ACY,NJ,AEA,EN,Towers with Radar,22,28,34,47,131,0,0,18,0,18,22,28,52,47,149,216,142,358,507
12/04/2001,ACY,NJ,AEA,EN,Towers with Radar,35,31,55,29,150,0,12,0,31,43,35,43,55,60,193,108,68,176,369
12/05/2001,ACY,NJ,AEA,EN,Towers with Radar,17,25,54,46,142,21,19,34,30,104,38,44,88,76,246,122,80,202,448
12/06/2001,ACY,NJ,AEA,EN,Towers with Radar,35,29,36,43,143,17,17,46,10,90,52,46,82,53,233,108,154,262,495
12/07/2001,ACY,NJ,AEA,EN,Towers with Radar,41,37,51,48,177,5,0,34,0,39,46,37,85,48,216,158,238,396,612
12/08/2001,ACY,NJ,AEA,EN,Towers with Radar,23,42,71,22,158,4,1,23,21,49,27,43,94,43,207,44,22,66,273
12/09/2001,ACY,NJ,AEA,EN,Towers with Radar,53,44,54,12,163,0,13,74,70,157,53,57,128,82,320,100,94,194,514
12/10/2001,ACY,NJ,AEA,EN,Towers with Radar,35,43,53,65,196,0,0,34,0,34,35,43,87,65,230,52,120,172,402
12/11/2001,ACY,NJ,AEA,EN,Towers with Radar,21,32,32,31,116,10,5,33,35,83,31,37,65,66,199,34,30,64,263
12/12/2001,ACY,NJ,AEA,EN,Towers with Radar,24,29,36,92,181,38,29,52,2,121,62,58,88,94,302,106,86,192,494
12/13/2001,ACY,NJ,AEA,EN,Towers with Radar,21,30,33,42,126,2,0,2,0,4,23,30,35,42,130,24,20,44,174
12/14/2001,ACY,NJ,AEA,EN,Towers with Radar,23,21,32,2,78,2,5,0,6,13,25,26,32,8,91,0,0,0,91
12/15/2001,ACY,NJ,AEA,EN,Towers with Radar,35,25,49,63,172,0,0,0,0,0,35,25,49,63,172,36,94,130,302
12/16/2001,ACY,NJ,AEA,EN,Towers with Radar,29,17,43,21,110,0,0,39,1,40,29,17,82,22,150,124,72,196,346
12/17/2001,ACY,NJ,AEA,EN,Towers with Radar,16,22,27,39,104,0,0,0,0,0,16,22,27,39,104,16,102,118,222
12/18/2001,ACY,NJ,AEA,EN,Towers with Radar,15,20,15,48,98,0,0,12,20,32,15,20,27,68,130,10,68,78,208
12/19/2001,ACY,NJ,AEA,EN,Towers with Radar,21,23,25,35,104,3,13,40,0,56,24,36,65,35,160,40,92,132,292
12/20/2001,ACY,NJ,AEA,EN,Towers with Radar,24,34,35,55,148,0,4,25,21,50,24,38,60,76,198,32,88,120,318
12/21/2001,ACY,NJ,AEA,EN,Towers with Radar,22,28,41,37,128,0,0,7,0,7,22,28,48,37,135,120,84,204,339
12/22/2001,ACY,NJ,AEA,EN,Towers with Radar,20,18,54,14,106,0,0,58,0,58,20,18,112,14,164,76,48,124,288
12/23/2001,ACY,NJ,AEA,EN,Towers with Radar,27,13,27,19,86,0,0,42,5,47,27,13,69,24,133,94,72,166,299
12/24/2001,ACY,NJ,AEA,EN,Towers with Radar,20,11,15,13,59,0,0,8,0,8,20,11,23,13,67,22,4,26,93
12/25/2001,ACY,NJ,AEA,EN,Towers with Radar,9,10,14,11,44,8,3,23,0,34,17,13,37,11,78,20,10,30,108
12/26/2001,ACY,NJ,AEA,EN,Towers with Radar,26,23,19,47,115,11,10,18,1,40,37,33,37,48,155,42,88,130,285
12/27/2001,ACY,NJ,AEA,EN,Towers with Radar,21,24,20,43,108,0,0,41,9,50,21,24,61,52,158,38,68,106,264
12/28/2001,ACY,NJ,AEA,EN,Towers with Radar,21,28,44,61,154,4,2,6,0,12,25,30,50,61,166,58,86,144,310
12/29/2001,ACY,NJ,AEA,EN,Towers with Radar,23,22,37,24,106,0,0,20,0,20,23,22,57,24,126,12,38,50,176
12/30/2001,ACY,NJ,AEA,EN,Towers with Radar,33,25,40,13,111,0,13,28,11,52,33,38,68,24,163,28,0,28,191
12/31/2001,ACY,NJ,AEA,EN,Towers with Radar,26,23,30,25,104,0,3,3,0,6,26,26,33,25,110,22,6,28,138
01/01/2002,ACY,NJ,AEA,EN,Towers with Radar,30,20,36,11,97,0,2,3,5,10,30,22,39,16,107,20,8,28,135
01/02/2002,ACY,NJ,AEA,EN,Towers with Radar,22,13,41,44,120,8,17,17,0,42,30,30,58,44,162,0,110,110,272
01/03/2002,ACY,NJ,AEA,EN,Towers with Radar,19,26,17,72,134,0,2,37,0,39,19,28,54,72,173,56,96,152,325
01/04/2002,ACY,NJ,AEA,EN,Towers with Radar,29,27,58,35,149,0,0,22,0,22,29,27,80,35,171,122,97,219,390
01/05/2002,ACY,NJ,AEA,EN,Towers with Radar,20,28,67,28,143,2,3,32,0,37,22,31,99,28,180,66,66,132,312
01/06/2002,ACY,NJ,AEA,EN,Towers with Radar,19,16,23,20,78,3,0,6,0,9,22,16,29,20,87,22,20,42,129
01/07/2002,ACY,NJ,AEA,EN,Towers with Radar,24,13,8,14,59,2,0,0,0,2,26,13,8,14,61,2,0,2,63
01/08/2002,ACY,NJ,AEA,EN,Towers with Radar,24,25,23,67,139,14,23,36,0,73,38,48,59,67,212,78,216,294,506
01/09/2002,ACY,NJ,AEA,EN,Towers with Radar,14,27,42,24,107,9,0,14,0,23,23,27,56,24,130,58,46,104,234
01/10/2002,ACY,NJ,AEA,EN,Towers with Radar,24,29,41,25,119,9,13,86,49,157,33,42,127,74,276,124,104,228,504
01/11/2002,ACY,NJ,AEA,EN,Towers with Radar,36,35,47,41,159,0,0,18,4,22,36,35,65,45,181,188,98,286,467
01/12/2002,ACY,NJ,AEA,EN,Towers with Radar,38,39,64,43,184,1,3,160,27,191,39,42,224,70,375,170,152,322,697
01/13/2002,ACY,NJ,AEA,EN,Towers with Radar,38,23,44,28,133,7,10,0,6,23,45,33,44,34,156,4,20,24,180
01/14/2002,ACY,NJ,AEA,EN,Towers with Radar,26,17,68,43,154,0,0,21,14,35,26,17,89,57,189,20,78,98,287
01/15/2002,ACY,NJ,AEA,EN,Towers with Radar,25,35,64,57,181,0,3,10,4,17,25,38,74,61,198,106,116,222,420
01/16/2002,ACY,NJ,AEA,EN,Towers with Radar,22,33,57,52,164,0,0,31,9,40,22,33,88,61,204,186,150,336,540
01/17/2002,ACY,NJ,AEA,EN,Towers with Radar,22,30,25,56,133,0,0,5,0,5,22,30,30,56,138,94,74,168,306
01/18/2002,ACY,NJ,AEA,EN,Towers with Radar,29,28,47,52,156,0,0,35,14,49,29,28,82,66,205,38,64,102,307
01/19/2002,ACY,NJ,AEA,EN,Towers with Radar,31,14,30,14,89,8,8,15,2,33,39,22,45,16,122,10,10,20,142
01/20/2002,ACY,NJ,AEA,EN,Towers with Radar,37,20,37,10,104,0,0,1,0,1,37,20,38,10,105,44,4,48,153
01/21/2002,ACY,NJ,AEA,EN,Towers with Radar,21,23,23,31,98,0,0,0,0,0,21,23,23,31,98,2,22,24,122
01/22/2002,ACY,NJ,AEA,EN,Towers with Radar,35,24,39,33,131,0,2,3,0,5,35,26,42,33,136,42,84,126,262
01/23/2002,ACY,NJ,AEA,EN,Towers with Radar,21,26,33,48,128,19,0,0,0,19,40,26,33,48,147,12,106,118,265
01/24/2002,ACY,NJ,AEA,EN,Towers with Radar,17,19,16,10,62,0,0,0,1,1,17,19,16,11,63,0,0,0,63
01/25/2002,ACY,NJ,AEA,EN,Towers with Radar,29,25,39,64,157,8,0,42,12,62,37,25,81,76,219,56,84,140,359
01/26/2002,ACY,NJ,AEA,EN,Towers with Radar,28,22,64,35,149,13,12,8,1,34,41,34,72,36,183,64,34,98,281
01/27/2002,ACY,NJ,AEA,EN,Towers with Radar,35,31,35,22,123,1,5,63,60,129,36,36,98,82,252,132,172,304,556
01/28/2002,ACY,NJ,AEA,EN,Towers with Radar,20,17,39,38,114,6,0,22,0,28,26,17,61,38,142,82,100,182,324
01/29/2002,ACY,NJ,AEA,EN,Towers with Radar,28,30,44,64,166,13,1,83,65,162,41,31,127,129,328,106,194,300,628
01/30/2002,ACY,NJ,AEA,EN,Towers with Radar,17,26,42,82,167,6,3,33,20,62,23,29,75,102,229,124,200,324,553
01/31/2002,ACY,NJ,AEA,EN,Towers with Radar,25,33,56,49,163,0,0,0,0,0,25,33,56,49,163,50,0,50,213
02/01/2002,ACY,NJ,AEA,EN,Towers with Radar,29,35,30,19,113,9,12,5,18,44,38,47,35,37,157,32,50,82,239
02/02/2002,ACY,NJ,AEA,EN,Towers with Radar,22,20,24,17,83,8,9,49,8,74,30,29,73,25,157,30,74,104,261
02/03/2002,ACY,NJ,AEA,EN,Towers with Radar,33,14,45,26,118,0,0,68,0,68,33,14,113,26,186,84,72,156,342
02/04/2002,ACY,NJ,AEA,EN,Towers with Radar,26,27,43,39,135,0,10,4,15,29,26,37,47,54,164,60,120,180,344
02/05/2002,ACY,NJ,AEA,EN,Towers with Radar,26,30,33,63,152,0,3,33,21,57,26,33,66,84,209,76,118,194,403
02/06/2002,ACY,NJ,AEA,EN,Towers with Radar,30,20,40,66,156,1,3,16,5,25,31,23,56,71,181,52,150,202,383
02/07/2002,ACY,NJ,AEA,EN,Towers with Radar,27,25,29,40,121,11,6,4,0,21,38,31,33,40,142,8,26,34,176
02/08/2002,ACY,NJ,AEA,EN,Towers with Radar,35,27,53,59,174,3,5,54,11,73,38,32,107,70,247,72,111,183,430
02/09/2002,ACY,NJ,AEA,EN,Towers with Radar,20,21,35,34,110,0,0,95,12,107,20,21,130,46,217,114,46,160,377
02/10/2002,ACY,NJ,AEA,EN,Towers with Radar,31,18,55,18,122,0,8,38,7,53,31,26,93,25,175,32,26,58,233
02/11/2002,ACY,NJ,AEA,EN,Towers with Radar,24,23,23,43,113,0,5,17,11,33,24,28,40,54,146,22,116,138,284
02/12/2002,ACY,NJ,AEA,EN,Towers with Radar,20,30,32,46,128,0,1,25,1,27,20,31,57,47,155,68,140,208,363
02/13/2002,ACY,NJ,AEA,EN,Towers with Radar,17,20,27,53,117,0,0,0,3,3,17,20,27,56,120,32,70,102,222
02/14/2002,ACY,NJ,AEA,EN,Towers with Radar,32,31,47,60,170,3,0,26,0,29,35,31,73,60,199,70,64,134,333
02/15/2002,ACY,NJ,AEA,EN,Towers with Radar,31,26,51,32,140,1,5,8,0,14,32,31,59,32,154,35,20,55,209
02/16/2002,ACY,NJ,AEA,EN,Towers with Radar,25,17,22,21,85,5,1,36,12,54,30,18,58,33,139,117,128,245,384
02/17/2002,ACY,NJ,AEA,EN,Towers with Radar,26,18,20,25,89,6,22,40,11,79,32,40,60,36,168,62,60,122,290
02/18/2002,ACY,NJ,AEA,EN,Towers with Radar,22,15,33,24,94,2,2,24,0,28,24,17,57,24,122,30,68,98,220
02/19/2002,ACY,NJ,AEA,EN,Towers with Radar,30,30,53,35,148,0,0,26,0,26,30,30,79,35,174,38,88,126,300
02/20/2002,ACY,NJ,AEA,EN,Towers with Radar,20,22,38,43,123,0,0,18,10,28,20,22,56,53,151,20,96,116,267
02/21/2002,ACY,NJ,AEA,EN,Towers with Radar,29,27,55,45,156,0,5,1,2,8,29,32,56,47,164,30,56,86,250
02/22/2002,ACY,NJ,AEA,EN,Towers with Radar,33,34,51,36,154,9,3,25,16,53,42,37,76,52,207,36,24,60,267
02/23/2002,ACY,NJ,AEA,EN,Towers with Radar,29,28,39,23,119,0,2,139,9,150,29,30,178,32,269,198,48,246,515
02/24/2002,ACY,NJ,AEA,EN,Towers with Radar,46,32,51,41,170,0,0,50,14,64,46,32,101,55,234,186,72,258,492
02/25/2002,ACY,NJ,AEA,EN,Towers with Radar,24,24,46,54,148,0,1,4,4,9,24,25,50,58,157,88,88,176,333
02/26/2002,ACY,NJ,AEA,EN,Towers with Radar,35,34,27,62,158,0,1,50,5,56,35,35,77,67,214,108,144,252,466
02/27/2002,ACY,NJ,AEA,EN,Towers with Radar,20,23,25,66,134,16,17,18,18,69,36,40,43,84,203,24,70,94,297
02/28/2002,ACY,NJ,AEA,EN,Towers with Radar,24,36,26,59,145,6,15,64,0,85,30,51,90,59,230,68,82,150,380
03/01/2002,ACY,NJ,AEA,EN,Towers with Radar,29,29,46,63,167,9,7,27,23,66,38,36,73,86,233,120,152,272,505
03/02/2002,ACY,NJ,AEA,EN,Towers with Radar,27,28,32,42,129,0,0,25,3,28,27,28,57,45,157,48,106,154,311
03/03/2002,ACY,NJ,AEA,EN,Towers with Radar,34,26,42,29,131,0,8,0,0,8,34,34,42,29,139,18,18,36,175
03/04/2002,ACY,NJ,AEA,EN,Towers with Radar,25,30,27,50,132,1,1,20,0,22,26,31,47,50,154,52,110,162,316
03/05/2002,ACY,NJ,AEA,EN,Towers with Radar,28,29,42,54,153,0,3,30,8,41,28,32,72,62,194,88,102,190,384
03/06/2002,ACY,NJ,AEA,EN,Towers with Radar,18,30,35,91,174,16,18,23,0,57,34,48,58,91,231,108,156,264,495
03/07/2002,ACY,NJ,AEA,EN,Towers with Radar,34,30,70,89,223,21,0,15,25,61,55,30,85,114,284,84,128,212,496
03/08/2002,ACY,NJ,AEA,EN,Towers with Radar,39,33,61,89,222,1,1,67,32,101,40,34,128,121,323,126,34,160,483
03/09/2002,ACY,NJ,AEA,EN,Towers with Radar,22,23,31,53,129,1,0,29,27,57,23,23,60,80,186,40,80,120,306
03/10/2002,ACY,NJ,AEA,EN,Towers with Radar,38,28,28,51,145,1,2,0,2,5,39,30,28,53,150,40,54,94,244
03/11/2002,ACY,NJ,AEA,EN,Towers with Radar,24,19,84,89,216,0,0,19,0,19,24,19,103,89,235,154,108,262,497
03/12/2002,ACY,NJ,AEA,EN,Towers with Radar,25,32,47,81,185,4,6,0,17,27,29,38,47,98,212,30,34,64,276
03/13/2002,ACY,NJ,AEA,EN,Towers with Radar,19,30,36,49,134,0,0,10,9,19,19,30,46,58,153,2,4,6,159
03/14/2002,ACY,NJ,AEA,EN,Towers with Radar,37,37,56,79,209,3,7,56,47,113,40,44,112,126,322,78,188,266,588
03/15/2002,ACY,NJ,AEA,EN,Towers with Radar,45,43,67,83,238,11,11,67,0,89,56,54,134,83,327,68,160,228,555
03/16/2002,ACY,NJ,AEA,EN,Towers with Radar,27,26,53,53,159,0,1,4,0,5,27,27,57,53,164,102,70,172,336
03/17/2002,ACY,NJ,AEA,EN,Towers with Radar,34,34,60,38,166,1,1,17,2,21,35,35,77,40,187,18,44,62,249
03/18/2002,ACY,NJ,AEA,EN,Towers with Radar,20,26,28,75,149,21,11,7,13,52,41,37,35,88,201,28,86,114,315
03/19/2002,ACY,NJ,AEA,EN,Towers with Radar,32,24,34,57,147,5,0,18,0,23,37,24,52,57,170,44,38,82,252
03/20/2002,ACY,NJ,AEA,EN,Towers with Radar,30,34,36,44,144,11,19,33,11,74,41,53,69,55,218,10,10,20,238
03/21/2002,ACY,NJ,AEA,EN,Towers with Radar,32,25,39,66,162,0,15,30,4,49,32,40,69,70,211,68,112,180,391
03/22/2002,ACY,NJ,AEA,EN,Towers with Radar,35,25,53,84,197,4,3,37,20,64,39,28,90,104,261,62,82,144,405
03/23/2002,ACY,NJ,AEA,EN,Towers with Radar,24,32,37,35,128,0,0,29,13,42,24,32,66,48,170,70,112,182,352
03/24/2002,ACY,NJ,AEA,EN,Towers with Radar,34,34,59,28,155,28,0,67,22,117,62,34,126,50,272,84,50,134,406
03/25/2002,ACY,NJ,AEA,EN,Towers with Radar,31,33,28,61,153,8,0,34,0,42,39,33,62,61,195,56,102,158,353
03/26/2002,ACY,NJ,AEA,EN,Towers with Radar,31,28,18,31,108,5,1,16,11,33,36,29,34,42,141,2,0,2,143
03/27/2002,ACY,NJ,AEA,EN,Towers with Radar,41,41,63,88,233,13,2,35,19,69,54,43,98,107,302,28,72,100,402
03/28/2002,ACY,NJ,AEA,EN,Towers with Radar,33,26,35,69,163,1,0,35,30,66,34,26,70,99,229,68,158,226,455
03/29/2002,ACY,NJ,AEA,EN,Towers with Radar,27,22,39,90,178,1,0,47,1,49,28,22,86,91,227,44,118,162,389
03/30/2002,ACY,NJ,AEA,EN,Towers with Radar,17,29,57,23,126,1,0,57,0,58,18,29,114,23,184,116,66,182,366
03/31/2002,ACY,NJ,AEA,EN,Towers with Radar,31,27,26,13,97,0,2,38,11,51,31,29,64,24,148,54,132,186,334
04/01/2002,ACY,NJ,AEA,EN,Towers with Radar,17,24,29,56,126,0,0,61,16,77,17,24,90,72,203,132,112,244,447
04/02/2002,ACY,NJ,AEA,EN,Towers with Radar,22,34,31,72,159,6,10,79,0,95,28,44,110,72,254,188,118,306,560
04/03/2002,ACY,NJ,AEA,EN,Towers with Radar,22,38,53,51,164,0,8,59,29,96,22,46,112,80,260,102,142,244,504
04/04/2002,ACY,NJ,AEA,EN,Towers with Radar,33,27,36,51,147,0,0,20,0,20,33,27,56,51,167,62,94,156,323
04/05/2002,ACY,NJ,AEA,EN,Towers with Radar,29,18,46,67,160,0,0,29,0,29,29,18,75,67,189,82,200,282,471
04/06/2002,ACY,NJ,AEA,EN,Towers with Radar,30,31,48,29,138,0,0,31,0,31,30,31,79,29,169,108,54,162,331
04/07/2002,ACY,NJ,AEA,EN,Towers with Radar,53,45,61,44,203,11,20,93,10,134,64,65,154,54,337,30,102,132,469
04/08/2002,ACY,NJ,AEA,EN,Towers with Radar,30,27,31,30,118,0,0,40,0,40,30,27,71,30,158,89,37,126,284
04/09/2002,ACY,NJ,AEA,EN,Towers with Radar,29,29,58,44,160,0,0,3,2,5,29,29,61,46,165,38,28,66,231
04/10/2002,ACY,NJ,AEA,EN,Towers with Radar,29,33,38,62,162,3,11,42,28,84,32,44,80,90,246,60,148,208,454
04/11/2002,ACY,NJ,AEA,EN,Towers with Radar,31,42,57,76,206,0,0,83,0,83,31,42,140,76,289,92,152,244,533
04/12/2002,ACY,NJ,AEA,EN,Towers with Radar,36,38,78,41,193,0,0,14,0,14,36,38,92,41,207,12,32,44,251
04/13/2002,ACY,NJ,AEA,EN,Towers with Radar,26,27,53,36,142,4,0,9,30,43,30,27,62,66,185,28,48,76,261
04/14/2002,ACY,NJ,AEA,EN,Towers with Radar,50,43,63,41,197,0,3,46,6,55,50,46,109,47,252,68,66,134,386
04/15/2002,ACY,NJ,AEA,EN,Towers with Radar,34,34,53,29,150,2,23,0,20,45,36,57,53,49,195,56,104,160,355
04/16/2002,ACY,NJ,AEA,EN,Towers with Radar,36,25,39,31,131,0,2,20,0,22,36,27,59,31,153,48,60,108,261
04/17/2002,ACY,NJ,AEA,EN,Towers with Radar,24,36,44,39,143,0,0,21,0,21,24,36,65,39,164,76,116,192,356
04/18/2002,ACY,NJ,AEA,EN,Towers with Radar,32,20,24,47,123,0,0,26,0,26,32,20,50,47,149,48,112,160,309
04/19/2002,ACY,NJ,AEA,EN,Towers with Radar,33,37,48,29,147,0,0,41,11,52,33,37,89,40,199,24,82,106,305
04/20/2002,ACY,NJ,AEA,EN,Towers with Radar,26,41,41,8,116,0,0,14,0,14,26,41,55,8,130,104,34,138,268
04/21/2002,ACY,NJ,AEA,EN,Towers with Radar,32,43,50,1,126,24,24,36,119,203,56,67,86,120,329,106,14,120,449
04/22/2002,ACY,NJ,AEA,EN,Towers with Radar,31,29,49,45,154,0,0,0,0,0,31,29,49,45,154,16,46,62,216
04/23/2002,ACY,NJ,AEA,EN,Towers with Radar,29,31,43,49,152,0,6,0,21,27,29,37,43,70,179,66,46,112,291
04/24/2002,ACY,NJ,AEA,EN,Towers with Radar,26,36,62,44,168,2,0,12,14,28,28,36,74,58,196,100,156,256,452
04/25/2002,ACY,NJ,AEA,EN,Towers with Radar,26,25,39,33,123,0,0,17,0,17,26,25,56,33,140,10,34,44,184
04/26/2002,ACY,NJ,AEA,EN,Towers with Radar,42,48,62,31,183,0,1,26,0,27,42,49,88,31,210,82,102,184,394
04/27/2002,ACY,NJ,AEA,EN,Towers with Radar,34,37,45,9,125,0,0,59,3,62,34,37,104,12,187,32,8,40,227
04/28/2002,ACY,NJ,AEA,EN,Towers with Radar,40,23,63,7,133,0,0,7,3,10,40,23,70,10,143,52,66,118,261
04/29/2002,ACY,NJ,AEA,EN,Towers with Radar,35,26,46,33,140,0,0,0,0,0,35,26,46,33,140,55,26,81,221
04/30/2002,ACY,NJ,AEA,EN,Towers with Radar,27,30,42,40,139,9,4,32,12,57,36,34,74,52,196,82,120,202,398
05/01/2002,ACY,NJ,AEA,EN,Towers with Radar,26,30,53,34,143,0,0,5,0,5,26,30,58,34,148,96,90,186,334
05/02/2002,ACY,NJ,AEA,EN,Towers with Radar,27,21,37,17,102,0,2,8,19,29,27,23,45,36,131,0,44,44,175
05/03/2002,ACY,NJ,AEA,EN,Towers with Radar,45,34,44,54,177,0,0,20,19,39,45,34,64,73,216,16,64,80,296
05/04/2002,ACY,NJ,AEA,EN,Towers with Radar,41,46,51,25,163,0,0,13,19,32,41,46,64,44,195,104,44,148,343
05/05/2002,ACY,NJ,AEA,EN,Towers with Radar,39,40,32,26,137,1,2,70,44,117,40,42,102,70,254,112,168,280,534
05/06/2002,ACY,NJ,AEA,EN,Towers with Radar,26,32,30,49,137,0,3,33,0,36,26,35,63,49,173,44,42,86,259
05/07/2002,ACY,NJ,AEA,EN,Towers with Radar,27,34,45,46,152,0,0,0,0,0,27,34,45,46,152,120,82,202,354
05/08/2002,ACY,NJ,AEA,EN,Towers with Radar,22,33,52,60,167,0,0,28,0,28,22,33,80,60,195,76,97,173,368
05/09/2002,ACY,NJ,AEA,EN,Towers with Radar,33,28,48,35,144,0,0,18,19,37,33,28,66,54,181,26,64,90,271
05/10/2002,ACY,NJ,AEA,EN,Towers with Radar,29,33,63,32,157,0,0,35,15,50,29,33,98,47,207,90,76,166,373
05/11/2002,ACY,NJ,AEA,EN,Towers with Radar,37,28,37,0,102,0,0,60,11,71,37,28,97,11,173,44,18,62,235
05/12/2002,ACY,NJ,AEA,EN,Towers with Radar,29,25,29,8,91,3,0,9,6,18,32,25,38,14,109,10,0,10,119
05/13/2002,ACY,NJ,AEA,EN,Towers with Radar,22,18,19,7,66,0,0,4,8,12,22,18,23,15,78,2,0,2,80
05/14/2002,ACY,NJ,AEA,EN,Towers with Radar,21,26,38,62,147,0,0,0,0,0,21,26,38,62,147,74,104,178,325
05/15/2002,ACY,NJ,AEA,EN,Towers with Radar,24,34,41,116,215,0,1,0,7,8,24,35,41,123,223,82,84,166,389
05/16/2002,ACY,NJ,AEA,EN,Towers with Radar,35,36,76,49,196,0,2,17,1,20,35,38,93,50,216,74,112,186,402
05/17/2002,ACY,NJ,AEA,EN,Towers with Radar,45,48,55,30,178,0,0,37,22,59,45,48,92,52,237,74,50,124,361
05/18/2002,ACY,NJ,AEA,EN,Towers with Radar,21,37,31,0,89,0,3,22,7,32,21,40,53,7,121,0,0,0,121
05/19/2002,ACY,NJ,AEA,EN,Towers with Radar,34,43,43,12,132,0,0,82,8,90,34,43,125,20,222,52,52,104,326
05/20/2002,ACY,NJ,AEA,EN,Towers with Radar,24,26,36,21,107,0,0,50,20,70,24,26,86,41,177,114,82,196,373
05/21/2002,ACY,NJ,AEA,EN,Towers with Radar,25,34,36,14,109,1,1,47,10,59,26,35,83,24,168,82,88,170,338
05/22/2002,ACY,NJ,AEA,EN,Towers with Radar,18,36,56,16,126,0,0,22,9,31,18,36,78,25,157,78,64,142,299
05/23/2002,ACY,NJ,AEA,EN,Towers with Radar,30,36,45,24,135,6,14,53,35,108,36,50,98,59,243,112,62,174,417
05/24/2002,ACY,NJ,AEA,EN,Towers with Radar,33,43,65,38,179,5,0,45,22,72,38,43,110,60,251,136,182,318,569
05/25/2002,ACY,NJ,AEA,EN,Towers with Radar,27,36,60,33,156,0,1,110,21,132,27,37,170,54,288,44,44,88,376
05/26/2002,ACY,NJ,AEA,EN,Towers with Radar,36,27,49,12,124,0,20,30,10,60,36,47,79,22,184,83,76,159,343
05/27/2002,ACY,NJ,AEA,EN,Towers with Radar,25,21,41,6,93,0,0,20,9,29,25,21,61,15,122,130,40,170,292
05/28/2002,ACY,NJ,AEA,EN,Towers with Radar,31,43,48,35,157,0,1,59,20,80,31,44,107,55,237,128,90,218,455
05/29/2002,ACY,NJ,AEA,EN,Towers with Radar,28,29,73,64,194,2,16,41,0,59,30,45,114,64,253,126,82,208,461
05/30/2002,ACY,NJ,AEA,EN,Towers with Radar,20,34,97,42,193,0,2,9,0,11,20,36,106,42,204,60,60,120,324
05/31/2002,ACY,NJ,AEA,EN,Towers with Radar,26,38,37,40,141,18,26,63,18,125,44,64,100,58,266,72,68,140,406
06/01/2002,ACY,NJ,AEA,EN,Towers with Radar,31,27,52,8,118,0,0,50,0,50,31,27,102,8,168,14,40,54,222
06/02/2002,ACY,NJ,AEA,EN,Towers with Radar,32,34,56,16,138,1,0,22,0,23,33,34,78,16,161,62,74,136,297
06/03/2002,ACY,NJ,AEA,EN,Towers with Radar,17,26,50,33,126,0,1,68,0,69,17,27,118,33,195,100,78,178,373
06/04/2002,ACY,NJ,AEA,EN,Towers with Radar,27,39,93,58,217,1,0,13,0,14,28,39,106,58,231,72,84,156,387
06/05/2002,ACY,NJ,AEA,EN,Towers with Radar,20,40,73,66,199,0,0,0,18,18,20,40,73,84,217,72,108,180,397
06/06/2002,ACY,NJ,AEA,EN,Towers with Radar,24,24,35,39,122,0,0,17,10,27,24,24,52,49,149,88,56,144,293
06/07/2002,ACY,NJ,AEA,EN,Towers with Radar,38,52,48,52,190,0,0,18,0,18,38,52,66,52,208,8,14,22,230
06/08/2002,ACY,NJ,AEA,EN,Towers with Radar,26,28,50,20,124,4,12,75,45,136,30,40,125,65,260,60,84,144,404
06/09/2002,ACY,NJ,AEA,EN,Towers with Radar,34,40,53,19,146,1,0,58,12,71,35,40,111,31,217,38,4,42,259
06/10/2002,ACY,NJ,AEA,EN,Towers with Radar,31,37,78,34,180,5,0,46,9,60,36,37,124,43,240,176,114,290,530
06/11/2002,ACY,NJ,AEA,EN,Towers with Radar,40,48,71,48,207,2,7,34,22,65,42,55,105,70,272,124,96,220,492
06/12/2002,ACY,NJ,AEA,EN,Towers with Radar,25,48,61,45,179,1,0,0,0,1,26,48,61,45,180,66,100,166,346
06/13/2002,ACY,NJ,AEA,EN,Towers with Radar,36,43,65,38,182,11,20,0,0,31,47,63,65,38,213,18,22,40,253
06/14/2002,ACY,NJ,AEA,EN,Towers with Radar,23,26,34,15,98,0,0,0,0,0,23,26,34,15,98,0,0,0,98
06/15/2002,ACY,NJ,AEA,EN,Towers with Radar,25,27,60,7,119,0,8,21,0,29,25,35,81,7,148,18,0,18,166
06/16/2002,ACY,NJ,AEA,EN,Towers with Radar,28,29,40,2,99,0,0,20,8,28,28,29,60,10,127,32,0,32,159
06/17/2002,ACY,NJ,AEA,EN,Towers with Radar,17,25,51,32,125,0,0,8,0,8,17,25,59,32,133,54,54,108,241
06/18/2002,ACY,NJ,AEA,EN,Towers with Radar,21,25,48,56,150,14,21,58,14,107,35,46,106,70,257,120,110,230,487
06/19/2002,ACY,NJ,AEA,EN,Towers with Radar,29,32,65,56,182,1,2,42,15,60,30,34,107,71,242,150,64,214,456
06/20/2002,ACY,NJ,AEA,EN,Towers with Radar,35,35,57,41,168,1,3,71,6,81,36,38,128,47,249,134,92,226,475
06/21/2002,ACY,NJ,AEA,EN,Towers with Radar,31,39,63,47,180,0,1,88,22,111,31,40,151,69,291,130,106,236,527
06/22/2002,ACY,NJ,AEA,EN,Towers with Radar,31,38,50,5,124,11,8,111,21,151,42,46,161,26,275,126,48,174,449
06/23/2002,ACY,NJ,AEA,EN,Towers with Radar,36,49,42,10,137,9,0,110,7,126,45,49,152,17,263,86,140,226,489
06/24/2002,ACY,NJ,AEA,EN,Towers with Radar,34,29,51,49,163,0,1,15,9,25,34,30,66,58,188,66,58,124,312
06/25/2002,ACY,NJ,AEA,EN,Towers with Radar,30,40,64,58,192,2,0,20,0,22,32,40,84,58,214,70,78,148,362
06/26/2002,ACY,NJ,AEA,EN,Towers with Radar,29,28,48,41,146,0,1,32,0,33,29,29,80,41,179,64,78,142,321
06/27/2002,ACY,NJ,AEA,EN,Towers with Radar,43,38,51,28,160,0,2,17,0,19,43,40,68,28,179,120,66,186,365
06/28/2002,ACY,NJ,AEA,EN,Towers with Radar,33,41,55,25,154,0,1,42,20,63,33,42,97,45,217,82,56,138,355
06/29/2002,ACY,NJ,AEA,EN,Towers with Radar,25,25,53,13,116,0,0,83,5,88,25,25,136,18,204,108,28,136,340
06/30/2002,ACY,NJ,AEA,EN,Towers with Radar,41,47,39,3,130,0,0,83,2,85,41,47,122,5,215,230,4,234,449
07/01/2002,ACY,NJ,AEA,EN,Towers with Radar,31,41,41,53,166,0,1,43,3,47,31,42,84,56,213,85,98,183,396
07/02/2002,ACY,NJ,AEA,EN,Towers with Radar,28,36,53,64,181,0,1,43,2,46,28,37,96,66,227,82,74,156,383
07/03/2002,ACY,NJ,AEA,EN,Towers with Radar,24,33,57,37,151,0,0,37,0,37,24,33,94,37,188,60,84,144,332
07/04/2002,ACY,NJ,AEA,EN,Towers with Radar,27,20,42,0,89,0,1,42,12,55,27,21,84,12,144,76,30,106,250
07/05/2002,ACY,NJ,AEA,EN,Towers with Radar,22,33,31,4,90,0,0,55,16,71,22,33,86,20,161,108,20,128,289
07/06/2002,ACY,NJ,AEA,EN,Towers with Radar,22,20,35,2,79,0,6,70,6,82,22,26,105,8,161,104,28,132,293
07/07/2002,ACY,NJ,AEA,EN,Towers with Radar,34,54,84,0,172,0,3,50,13,66,34,57,134,13,238,56,12,68,306
07/08/2002,ACY,NJ,AEA,EN,Towers with Radar,28,36,59,60,183,0,9,3,0,12,28,45,62,60,195,28,38,66,261
07/09/2002,ACY,NJ,AEA,EN,Towers with Radar,34,29,53,66,182,0,8,0,0,8,34,37,53,66,190,52,130,182,372
07/10/2002,ACY,NJ,AEA,EN,Towers with Radar,27,30,60,66,183,0,9,44,4,57,27,39,104,70,240,92,96,188,428
07/11/2002,ACY,NJ,AEA,EN,Towers with Radar,22,28,53,37,140,0,0,58,25,83,22,28,111,62,223,100,60,160,383
07/12/2002,ACY,NJ,AEA,EN,Towers with Radar,37,44,51,88,220,0,0,82,30,112,37,44,133,118,332,74,88,162,494
07/13/2002,ACY,NJ,AEA,EN,Towers with Radar,34,39,71,42,186,0,0,50,0,50,34,39,121,42,236,146,76,222,458
07/14/2002,ACY,NJ,AEA,EN,Towers with Radar,38,37,77,42,194,0,0,34,5,39,38,37,111,47,233,74,32,106,339
07/15/2002,ACY,NJ,AEA,EN,Towers with Radar,30,22,46,42,140,10,31,54,0,95,40,53,100,42,235,33,50,83,318
07/16/2002,ACY,NJ,AEA,EN,Towers with Radar,31,22,50,67,170,0,12,72,6,90,31,34,122,73,260,30,102,132,392
07/17/2002,ACY,NJ,AEA,EN,Towers with Radar,21,40,60,77,198,0,0,30,17,47,21,40,90,94,245,66,162,228,473
07/18/2002,ACY,NJ,AEA,EN,Towers with Radar,29,34,69,50,182,0,1,27,0,28,29,35,96,50,210,32,60,92,302
07/19/2002,ACY,NJ,AEA,EN,Towers with Radar,45,48,60,36,189,0,0,8,6,14,45,48,68,42,203,16,14,30,233
07/20/2002,ACY,NJ,AEA,EN,Towers with Radar,32,27,48,15,122,0,0,80,3,83,32,27,128,18,205,52,94,146,351
07/21/2002,ACY,NJ,AEA,EN,Towers with Radar,44,47,38,9,138,0,0,51,12,63,44,47,89,21,201,78,36,114,315
07/22/2002,ACY,NJ,AEA,EN,Towers with Radar,26,27,41,37,131,14,6,55,0,75,40,33,96,37,206,86,48,134,340
07/23/2002,ACY,NJ,AEA,EN,Towers with Radar,21,26,23,39,109,0,2,13,45,60,21,28,36,84,169,90,82,172,341
07/24/2002,ACY,NJ,AEA,EN,Towers with Radar,27,31,67,45,170,1,7,4,0,12,28,38,71,45,182,4,20,24,206
07/25/2002,ACY,NJ,AEA,EN,Towers with Radar,31,39,76,80,226,0,0,59,27,86,31,39,135,107,312,108,92,200,512
07/26/2002,ACY,NJ,AEA,EN,Towers with Radar,38,56,58,93,245,4,0,29,1,34,42,56,87,94,279,108,106,214,493
07/27/2002,ACY,NJ,AEA,EN,Towers with Radar,48,38,66,6,158,24,0,0,0,24,72,38,66,6,182,34,58,92,274
07/28/2002,ACY,NJ,AEA,EN,Towers with Radar,38,45,69,6,158,0,15,17,17,49,38,60,86,23,207,26,14,40,247
07/29/2002,ACY,NJ,AEA,EN,Towers with Radar,28,32,52,61,173,0,0,16,1,17,28,32,68,62,190,82,77,159,349
07/30/2002,ACY,NJ,AEA,EN,Towers with Radar,30,31,29,95,185,0,3,44,0,47,30,34,73,95,232,72,146,218,450
07/31/2002,ACY,NJ,AEA,EN,Towers with Radar,32,36,50,59,177,0,0,39,0,39,32,36,89,59,216,68,98,166,382
08/01/2002,ACY,NJ,AEA,EN,Towers with Radar,20,18,71,68,177,0,0,0,0,0,20,18,71,68,177,92,86,178,355
08/02/2002,ACY,NJ,AEA,EN,Towers with Radar,23,34,35,12,104,0,0,46,0,46,23,34,81,12,150,16,14,30,180
08/03/2002,ACY,NJ,AEA,EN,Towers with Radar,36,33,77,27,173,1,10,14,0,25,37,43,91,27,198,64,48,112,310
08/04/2002,ACY,NJ,AEA,EN,Towers with Radar,33,32,41,12,118,0,0,18,0,18,33,32,59,12,136,38,18,56,192
08/05/2002,ACY,NJ,AEA,EN,Towers with Radar,27,31,42,28,128,2,2,6,0,10,29,33,48,28,138,12,20,32,170
08/06/2002,ACY,NJ,AEA,EN,Towers with Radar,31,24,40,38,133,2,4,28,6,40,33,28,68,44,173,48,96,144,317
08/07/2002,ACY,NJ,AEA,EN,Towers with Radar,39,33,68,73,213,0,0,72,47,119,39,33,140,120,332,132,120,252,584
08/08/2002,ACY,NJ,AEA,EN,Towers with Radar,30,34,48,60,172,4,8,38,0,50,34,42,86,60,222,102,140,242,464
08/09/2002,ACY,NJ,AEA,EN,Towers with Radar,29,36,53,31,149,0,0,105,0,105,29,36,158,31,254,50,78,128,382
08/10/2002,ACY,NJ,AEA,EN,Towers with Radar,29,32,62,89,212,0,0,51,0,51,29,32,113,89,263,42,0,42,305
08/11/2002,ACY,NJ,AEA,EN,Towers with Radar,48,39,47,1,135,1,0,82,3,86,49,39,129,4,221,102,22,124,345
08/12/2002,ACY,NJ,AEA,EN,Towers with Radar,30,28,40,21,119,0,0,1,5,6,30,28,41,26,125,34,8,42,167
08/13/2002,ACY,NJ,AEA,EN,Towers with Radar,41,39,66,79,225,0,0,47,29,76,41,39,113,108,301,120,142,262,563
08/14/2002,ACY,NJ,AEA,EN,Towers with Radar,29,31,61,35,156,0,4,39,0,43,29,35,100,35,199,84,58,142,341
08/15/2002,ACY,NJ,AEA,EN,Towers with Radar,34,30,60,24,148,0,0,31,0,31,34,30,91,24,179,44,28,72,251
08/16/2002,ACY,NJ,AEA,EN,Towers with Radar,37,46,60,22,165,1,5,48,17,71,38,51,108,39,236,110,90,200,436
08/17/2002,ACY,NJ,AEA,EN,Towers with Radar,37,34,58,2,131,0,4,19,12,35,37,38,77,14,166,88,8,96,262
08/18/2002,ACY,NJ,AEA,EN,Towers with Radar,35,32,47,0,114,0,0,0,32,32,35,32,47,32,146,86,42,128,274
08/19/2002,ACY,NJ,AEA,EN,Towers with Radar,30,36,51,44,161,0,0,20,1,21,30,36,71,45,182,50,72,122,304
08/20/2002,ACY,NJ,AEA,EN,Towers with Radar,37,34,67,45,183,4,0,23,1,28,41,34,90,46,211,52,44,96,307
08/21/2002,ACY,NJ,AEA,EN,Towers with Radar,35,35,66,127,263,0,0,142,0,142,35,35,208,127,405,94,72,166,571
08/22/2002,ACY,NJ,AEA,EN,Towers with Radar,32,40,37,42,151,0,0,91,0,91,32,40,128,42,242,142,120,262,504
08/23/2002,ACY,NJ,AEA,EN,Towers with Radar,41,33,56,29,159,4,0,33,4,41,45,33,89,33,200,146,188,334,534
08/24/2002,ACY,NJ,AEA,EN,Towers with Radar,19,27,45,4,95,6,6,1,2,15,25,33,46,6,110,35,14,49,159
08/25/2002,ACY,NJ,AEA,EN,Towers with Radar,43,49,66,0,158,0,0,21,16,37,43,49,87,16,195,122,128,250,445
08/26/2002,ACY,NJ,AEA,EN,Towers with Radar,30,34,50,29,143,0,2,102,57,161,30,36,152,86,304,102,136,238,542
08/27/2002,ACY,NJ,AEA,EN,Towers with Radar,37,33,121,46,237,0,0,0,0,0,37,33,121,46,237,180,110,290,527
08/28/2002,ACY,NJ,AEA,EN,Towers with Radar,26,35,64,18,143,0,18,0,0,18,26,53,64,18,161,118,36,154,315
08/29/2002,ACY,NJ,AEA,EN,Towers with Radar,32,24,57,50,163,0,6,0,3,9,32,30,57,53,172,26,26,52,224
08/30/2002,ACY,NJ,AEA,EN,Towers with Radar,43,38,88,23,192,2,0,6,23,31,45,38,94,46,223,88,24,112,335
08/31/2002,ACY,NJ,AEA,EN,Towers with Radar,35,22,69,1,127,0,0,3,4,7,35,22,72,5,134,52,12,64,198
09/01/2002,ACY,NJ,AEA,EN,Towers with Radar,29,21,58,0,108,1,0,8,1,10,30,21,66,1,118,10,0,10,128
09/02/2002,ACY,NJ,AEA,EN,Towers with Radar,20,22,36,33,111,0,0,0,0,0,20,22,36,33,111,30,56,86,197
09/03/2002,ACY,NJ,AEA,EN,Towers with Radar,21,27,53,25,126,0,0,18,0,18,21,27,71,25,144,94,106,200,344
09/04/2002,ACY,NJ,AEA,EN,Towers with Radar,18,18,44,54,134,18,22,42,0,82,36,40,86,54,216,36,66,102,318
09/05/2002,ACY,NJ,AEA,EN,Towers with Radar,15,26,20,63,124,0,6,70,0,76,15,32,90,63,200,50,74,124,324
09/06/2002,ACY,NJ,AEA,EN,Towers with Radar,37,35,56,47,175,26,32,30,0,88,63,67,86,47,263,88,88,176,439
09/07/2002,ACY,NJ,AEA,EN,Towers with Radar,17,20,37,11,85,0,5,41,0,46,17,25,78,11,131,120,12,132,263
09/08/2002,ACY,NJ,AEA,EN,Towers with Radar,43,35,84,20,182,0,1,0,0,1,43,36,84,20,183,132,76,208,391
09/09/2002,ACY,NJ,AEA,EN,Towers with Radar,23,23,82,92,220,0,1,0,0,1,23,24,82,92,221,92,228,320,541
09/10/2002,ACY,NJ,AEA,EN,Towers with Radar,23,30,58,50,161,0,1,8,0,9,23,31,66,50,170,62,68,130,300
09/11/2002,ACY,NJ,AEA,EN,Towers with Radar,14,19,28,53,114,0,6,4,4,14,14,25,32,57,128,28,72,100,228
09/12/2002,ACY,NJ,AEA,EN,Towers with Radar,27,31,59,50,167,0,0,33,34,67,27,31,92,84,234,84,154,238,472
09/13/2002,ACY,NJ,AEA,EN,Towers with Radar,36,45,50,36,167,0,1,57,30,88,36,46,107,66,255,136,158,294,549
09/14/2002,ACY,NJ,AEA,EN,Towers with Radar,24,26,44,28,122,0,2,3,2,7,24,28,47,30,129,38,78,116,245
09/15/2002,ACY,NJ,AEA,EN,Towers with Radar,44,42,70,35,191,0,1,1,0,2,44,43,71,35,193,16,42,58,251
09/16/2002,ACY,NJ,AEA,EN,Towers with Radar,29,27,41,33,130,1,4,0,0,5,30,31,41,33,135,60,34,94,229
09/17/2002,ACY,NJ,AEA,EN,Towers with Radar,24,16,47,41,128,0,0,106,66,172,24,16,153,107,300,134,168,302,602
09/18/2002,ACY,NJ,AEA,EN,Towers with Radar,23,34,65,69,191,12,2,32,0,46,35,36,97,69,237,120,146,266,503
09/19/2002,ACY,NJ,AEA,EN,Towers with Radar,36,20,48,43,147,1,2,28,26,57,37,22,76,69,204,110,146,256,460
09/20/2002,ACY,NJ,AEA,EN,Towers with Radar,31,42,59,53,185,4,0,41,34,79,35,42,100,87,264,106,112,218,482
09/21/2002,ACY,NJ,AEA,EN,Towers with Radar,48,25,48,4,125,1,16,123,38,178,49,41,171,42,303,156,90,246,549
09/22/2002,ACY,NJ,AEA,EN,Towers with Radar,40,42,74,9,165,1,3,52,10,66,41,45,126,19,231,80,20,100,331
09/23/2002,ACY,NJ,AEA,EN,Towers with Radar,29,19,62,28,138,1,0,58,32,91,30,19,120,60,229,84,64,148,377
09/24/2002,ACY,NJ,AEA,EN,Towers with Radar,35,25,47,62,169,11,12,71,10,104,46,37,118,72,273,126,110,236,509
09/25/2002,ACY,NJ,AEA,EN,Towers with Radar,27,26,59,46,158,0,13,42,0,55,27,39,101,46,213,96,50,146,359
09/26/2002,ACY,NJ,AEA,EN,Towers with Radar,30,18,52,23,123,0,0,0,0,0,30,18,52,23,123,28,20,48,171
09/27/2002,ACY,NJ,AEA,EN,Towers with Radar,29,37,35,47,148,0,1,32,1,34,29,38,67,48,182,68,124,192,374
09/28/2002,ACY,NJ,AEA,EN,Towers with Radar,22,20,41,2,85,0,0,43,15,58,22,20,84,17,143,62,26,88,231
09/29/2002,ACY,NJ,AEA,EN,Towers with Radar,32,38,42,8,120,8,5,106,38,157,40,43,148,46,277,142,84,226,503
09/30/2002,ACY,NJ,AEA,EN,Towers with Radar,30,18,69,15,132,1,0,14,0,15,31,18,83,15,147,66,14,80,227
10/01/2002,ACY,NJ,AEA,EN,Towers with Radar,0,31,103,122,256,36,2,68,0,106,36,33,171,122,362,122,200,322,684
10/02/2002,ACY,NJ,AEA,EN,Towers with Radar,0,29,65,46,140,20,0,44,0,64,20,29,109,46,204,82,56,138,342
10/03/2002,ACY,NJ,AEA,EN,Towers with Radar,24,28,51,45,148,0,0,54,69,123,24,28,105,114,271,88,132,220,491
10/04/2002,ACY,NJ,AEA,EN,Towers with Radar,27,41,61,51,180,0,0,0,31,31,27,41,61,82,211,28,42,70,281
10/05/2002,ACY,NJ,AEA,EN,Towers with Radar,6,29,45,28,108,19,0,1,0,20,25,29,46,28,128,44,52,96,224
10/06/2002,ACY,NJ,AEA,EN,Towers with Radar,43,41,43,18,145,0,1,39,0,40,43,42,82,18,185,110,24,134,319
10/07/2002,ACY,NJ,AEA,EN,Towers with Radar,23,25,49,41,138,4,0,21,10,35,27,25,70,51,173,54,38,92,265
10/08/2002,ACY,NJ,AEA,EN,Towers with Radar,25,23,53,31,132,0,0,49,1,50,25,23,102,32,182,92,100,192,374
10/09/2002,ACY,NJ,AEA,EN,Towers with Radar,24,30,56,48,158,3,7,53,16,79,27,37,109,64,237,82,186,268,505
10/10/2002,ACY,NJ,AEA,EN,Towers with Radar,33,23,46,31,133,0,0,0,35,35,33,23,46,66,168,4,66,70,238
10/11/2002,ACY,NJ,AEA,EN,Towers with Radar,32,32,50,22,136,8,13,61,0,82,40,45,111,22,218,36,64,100,318
10/12/2002,ACY,NJ,AEA,EN,Towers with Radar,0,20,15,6,41,31,0,0,0,31,31,20,15,6,72,22,0,22,94
10/13/2002,ACY,NJ,AEA,EN,Towers with Radar,6,43,48,20,117,46,0,15,0,61,52,43,63,20,178,0,18,18,196
10/14/2002,ACY,NJ,AEA,EN,Towers with Radar,0,19,31,20,70,38,27,41,0,106,38,46,72,20,176,64,30,94,270
10/15/2002,ACY,NJ,AEA,EN,Towers with Radar,30,24,61,49,164,0,0,67,8,75,30,24,128,57,239,90,94,184,423
10/16/2002,ACY,NJ,AEA,EN,Towers with Radar,26,25,39,48,138,0,0,5,16,21,26,25,44,64,159,32,28,60,219
10/17/2002,ACY,NJ,AEA,EN,Towers with Radar,37,37,62,84,220,0,3,146,0,149,37,40,208,84,369,120,152,272,641
10/18/2002,ACY,NJ,AEA,EN,Towers with Radar,44,45,70,45,204,0,13,79,50,142,44,58,149,95,346,120,116,236,582
10/19/2002,ACY,NJ,AEA,EN,Towers with Radar,33,24,54,33,144,0,0,51,19,70,33,24,105,52,214,60,44,104,318
10/20/2002,ACY,NJ,AEA,EN,Towers with Radar,52,40,61,7,160,0,0,81,0,81,52,40,142,7,241,92,136,228,469
10/21/2002,ACY,NJ,AEA,EN,Towers with Radar,0,20,22,29,71,27,10,32,3,72,27,30,54,32,143,90,50,140,283
10/22/2002,ACY,NJ,AEA,EN,Towers with Radar,34,34,39,29,136,5,1,42,30,78,39,35,81,59,214,50,88,138,352
10/23/2002,ACY,NJ,AEA,EN,Towers with Radar,45,29,47,74,195,0,3,144,15,162,45,32,191,89,357,124,142,266,623
10/24/2002,ACY,NJ,AEA,EN,Towers with Radar,41,33,56,30,160,0,1,30,56,87,41,34,86,86,247,122,180,302,549
10/25/2002,ACY,NJ,AEA,EN,Towers with Radar,41,34,74,30,179,0,0,12,56,68,41,34,86,86,247,122,50,172,419
10/26/2002,ACY,NJ,AEA,EN,Towers with Radar,29,27,57,20,133,18,0,6,0,24,47,27,63,20,157,16,60,76,233
10/27/2002,ACY,NJ,AEA,EN,Towers with Radar,6,28,46,11,91,38,20,88,0,146,44,48,134,11,237,84,12,96,333
10/28/2002,ACY,NJ,AEA,EN,Towers with Radar,0,23,27,20,70,36,15,60,0,111,36,38,87,20,181,110,68,178,359
10/29/2002,ACY,NJ,AEA,EN,Towers with Radar,18,28,57,0,103,0,0,0,0,0,18,28,57,0,103,46,32,78,181
10/30/2002,ACY,NJ,AEA,EN,Towers with Radar,0,22,36,29,87,21,0,0,1,22,21,22,36,30,109,0,4,4,113
10/31/2002,ACY,NJ,AEA,EN,Towers with Radar,15,29,53,29,126,20,4,80,56,160,35,33,133,85,286,68,122,190,476
11/01/2002,ACY,NJ,AEA,EN,Towers with Radar,43,0,59,43,145,0,52,53,16,121,43,52,112,59,266,112,46,158,424
11/02/2002,ACY,NJ,AEA,EN,Towers with Radar,37,0,32,34,103,1,33,80,5,119,38,33,112,39,222,112,86,198,420
11/03/2002,ACY,NJ,AEA,EN,Towers with Radar,42,5,49,24,120,3,36,25,0,64,45,41,74,24,184,53,48,101,285
11/04/2002,ACY,NJ,AEA,EN,Towers with Radar,32,0,40,49,121,0,31,27,0,58,32,31,67,49,179,58,72,130,309
11/05/2002,ACY,NJ,AEA,EN,Towers with Radar,20,0,67,42,129,0,33,16,6,55,20,33,83,48,184,56,88,144,328
11/06/2002,ACY,NJ,AEA,EN,Towers with Radar,20,11,26,30,87,0,21,0,0,21,20,32,26,30,108,40,24,64,172
11/07/2002,ACY,NJ,AEA,EN,Towers with Radar,33,0,83,32,148,0,31,0,0,31,33,31,83,32,179,110,66,176,355
11/08/2002,ACY,NJ,AEA,EN,Towers with Radar,25,8,62,10,105,0,20,3,0,23,25,28,65,10,128,18,34,52,180
11/09/2002,ACY,NJ,AEA,EN,Towers with Radar,27,0,54,21,102,0,18,0,0,18,27,18,54,21,120,86,70,156,276
11/10/2002,ACY,NJ,AEA,EN,Towers with Radar,47,4,36,11,98,0,31,8,0,39,47,35,44,11,137,4,32,36,173
11/11/2002,ACY,NJ,AEA,EN,Towers with Radar,32,2,22,9,65,0,29,0,0,29,32,31,22,9,94,38,18,56,150
11/12/2002,ACY,NJ,AEA,EN,Towers with Radar,35,0,40,42,117,0,18,0,0,18,35,18,40,42,135,22,82,104,239
11/13/2002,ACY,NJ,AEA,EN,Towers with Radar,19,32,46,24,121,8,0,22,85,115,27,32,68,109,236,52,152,204,440
11/14/2002,ACY,NJ,AEA,EN,Towers with Radar,37,35,65,24,161,0,0,92,58,150,37,35,157,82,311,134,188,322,633
11/15/2002,ACY,NJ,AEA,EN,Towers with Radar,40,31,23,24,118,0,0,50,76,126,40,31,73,100,244,48,166,214,458
11/16/2002,ACY,NJ,AEA,EN,Towers with Radar,32,25,21,1,79,3,0,13,0,16,35,25,34,1,95,2,4,6,101
11/17/2002,ACY,NJ,AEA,EN,Towers with Radar,40,31,25,8,104,0,0,13,0,13,40,31,38,8,117,6,0,6,123
11/18/2002,ACY,NJ,AEA,EN,Towers with Radar,23,22,43,24,112,0,0,0,25,25,23,22,43,49,137,38,66,104,241
11/19/2002,ACY,NJ,AEA,EN,Towers with Radar,29,30,45,25,129,0,0,20,43,63,29,30,65,68,192,88,152,240,432
11/20/2002,ACY,NJ,AEA,EN,Towers with Radar,34,38,106,61,239,6,0,8,68,82,40,38,114,129,321,116,152,268,589
11/21/2002,ACY,NJ,AEA,EN,Towers with Radar,26,24,72,51,173,0,0,0,5,5,26,24,72,56,178,78,64,142,320
11/22/2002,ACY,NJ,AEA,EN,Towers with Radar,43,47,59,17,166,6,0,8,0,14,49,47,67,17,180,22,10,32,212
11/23/2002,ACY,NJ,AEA,EN,Towers with Radar,28,30,45,15,118,5,0,12,0,17,33,30,57,15,135,2,18,20,155
11/24/2002,ACY,NJ,AEA,EN,Towers with Radar,34,43,49,6,132,7,0,27,0,34,41,43,76,6,166,54,2,56,222
11/25/2002,ACY,NJ,AEA,EN,Towers with Radar,31,34,43,25,133,5,0,16,52,73,36,34,59,77,206,66,120,186,392
11/26/2002,ACY,NJ,AEA,EN,Towers with Radar,37,40,49,25,151,6,0,68,79,153,43,40,117,104,304,168,224,392,696
11/27/2002,ACY,NJ,AEA,EN,Towers with Radar,20,15,38,25,98,3,0,15,37,55,23,15,53,62,153,24,66,90,243
11/28/2002,ACY,NJ,AEA,EN,Towers with Radar,21,16,11,8,56,6,0,5,0,11,27,16,16,8,67,2,2,4,71
11/29/2002,ACY,NJ,AEA,EN,Towers with Radar,32,19,31,25,107,9,0,31,17,57,41,19,62,42,164,6,14,20,184
11/30/2002,ACY,NJ,AEA,EN,Towers with Radar,33,30,57,17,137,6,0,38,0,44,39,30,95,17,181,14,46,60,241
12/01/2002,ACY,NJ,AEA,EN,Towers with Radar,41,27,33,1,102,0,0,30,5,35,41,27,63,6,137,28,16,44,181
12/02/2002,ACY,NJ,AEA,EN,Towers with Radar,37,23,43,29,132,12,13,68,37,130,49,36,111,66,262,132,102,234,496
12/03/2002,ACY,NJ,AEA,EN,Towers with Radar,34,22,26,72,154,4,0,84,48,136,38,22,110,120,290,124,280,404,694
12/04/2002,ACY,NJ,AEA,EN,Towers with Radar,29,39,43,92,203,0,0,53,25,78,29,39,96,117,281,110,136,246,527
12/05/2002,ACY,NJ,AEA,EN,Towers with Radar,32,9,8,3,52,6,5,14,5,30,38,14,22,8,82,0,0,0,82
12/06/2002,ACY,NJ,AEA,EN,Towers with Radar,49,38,48,32,167,6,13,9,2,30,55,51,57,34,197,54,42,96,293
12/07/2002,ACY,NJ,AEA,EN,Towers with Radar,23,18,23,8,72,0,0,45,6,51,23,18,68,14,123,18,44,62,185
12/08/2002,ACY,NJ,AEA,EN,Towers with Radar,45,40,80,13,178,0,0,0,0,0,45,40,80,13,178,160,112,272,450
12/09/2002,ACY,NJ,AEA,EN,Towers with Radar,44,38,20,58,160,0,0,44,24,68,44,38,64,82,228,126,148,274,502
12/10/2002,ACY,NJ,AEA,EN,Towers with Radar,21,27,51,29,128,0,0,4,0,4,21,27,55,29,132,50,90,140,272
12/11/2002,ACY,NJ,AEA,EN,Towers with Radar,36,19,21,18,94,10,2,0,8,20,46,21,21,26,114,10,36,46,160
12/12/2002,ACY,NJ,AEA,EN,Towers with Radar,26,26,49,63,164,0,0,11,0,11,26,26,60,63,175,78,50,128,303
12/13/2002,ACY,NJ,AEA,EN,Towers with Radar,40,30,40,24,134,2,14,30,32,78,42,44,70,56,212,54,88,142,354
12/14/2002,ACY,NJ,AEA,EN,Towers with Radar,29,29,29,47,134,0,2,6,22,30,29,31,35,69,164,0,0,0,164
12/15/2002,ACY,NJ,AEA,EN,Towers with Radar,38,25,49,14,126,0,0,46,7,53,38,25,95,21,179,68,66,134,313
12/16/2002,ACY,NJ,AEA,EN,Towers with Radar,24,18,43,13,98,7,14,7,31,59,31,32,50,44,157,58,68,126,283
12/17/2002,ACY,NJ,AEA,EN,Towers with Radar,31,29,48,38,146,0,4,28,25,57,31,33,76,63,203,86,148,234,437
12/18/2002,ACY,NJ,AEA,EN,Towers with Radar,29,37,80,63,209,0,0,43,25,68,29,37,123,88,277,62,54,116,393
12/19/2002,ACY,NJ,AEA,EN,Towers with Radar,20,26,42,40,128,0,0,9,0,9,20,26,51,40,137,70,80,150,287
12/20/2002,ACY,NJ,AEA,EN,Towers with Radar,31,22,32,5,90,1,0,0,12,13,32,22,32,17,103,26,64,90,193
12/21/2002,ACY,NJ,AEA,EN,Towers with Radar,30,25,29,12,96,12,9,33,34,88,42,34,62,46,184,102,92,194,378
12/22/2002,ACY,NJ,AEA,EN,Towers with Radar,21,16,23,16,76,0,5,80,0,85,21,21,103,16,161,142,60,202,363
12/23/2002,ACY,NJ,AEA,EN,Towers with Radar,39,26,39,74,178,3,10,47,2,62,42,36,86,76,240,132,140,272,512
12/24/2002,ACY,NJ,AEA,EN,Towers with Radar,32,18,25,1,76,0,0,71,35,106,32,18,96,36,182,94,42,136,318
12/25/2002,ACY,NJ,AEA,EN,Towers with Radar,30,8,3,0,41,0,0,0,0,0,30,8,3,0,41,0,0,0,41
12/26/2002,ACY,NJ,AEA,EN,Towers with Radar,30,15,30,28,103,0,0,8,10,18,30,15,38,38,121,4,26,30,151
12/27/2002,ACY,NJ,AEA,EN,Towers with Radar,37,27,37,14,115,0,0,44,10,54,37,27,81,24,169,54,88,142,311
12/28/2002,ACY,NJ,AEA,EN,Towers with Radar,35,16,34,10,95,1,22,28,20,71,36,38,62,30,166,42,32,74,240
12/29/2002,ACY,NJ,AEA,EN,Towers with Radar,43,28,25,4,100,1,13,125,54,193,44,41,150,58,293,142,80,222,515
12/30/2002,ACY,NJ,AEA,EN,Towers with Radar,36,30,51,33,150,0,12,56,0,68,36,42,107,33,218,40,86,126,344
12/31/2002,ACY,NJ,AEA,EN,Towers with Radar,32,21,48,8,109,0,0,34,0,34,32,21,82,8,143,44,38,82,225
01/01/2003,ACY,NJ,AEA,EN,Towers with Radar,28,21,27,0,76,1,1,2,3,7,29,22,29,3,83,8,0,8,91
01/02/2003,ACY,NJ,AEA,EN,Towers with Radar,32,25,38,63,158,0,0,12,13,25,32,25,50,76,183,14,44,58,241
01/03/2003,ACY,NJ,AEA,EN,Towers with Radar,29,13,10,5,57,0,0,0,0,0,29,13,10,5,57,4,12,16,73
01/04/2003,ACY,NJ,AEA,EN,Towers with Radar,28,20,26,10,84,0,0,34,15,49,28,20,60,25,133,30,20,50,183
01/05/2003,ACY,NJ,AEA,EN,Towers with Radar,32,16,29,0,77,0,1,46,5,52,32,17,75,5,129,60,10,70,199
01/06/2003,ACY,NJ,AEA,EN,Towers with Radar,33,25,26,32,116,0,0,1,0,1,33,25,27,32,117,0,74,74,191
01/07/2003,ACY,NJ,AEA,EN,Towers with Radar,39,34,19,106,198,0,0,25,0,25,39,34,44,106,223,38,120,158,381
01/08/2003,ACY,NJ,AEA,EN,Towers with Radar,40,27,53,63,183,0,0,77,2,79,40,27,130,65,262,64,60,124,386
01/09/2003,ACY,NJ,AEA,EN,Towers with Radar,34,20,45,92,191,0,0,14,8,22,34,20,59,100,213,78,120,198,411
01/10/2003,ACY,NJ,AEA,EN,Towers with Radar,36,29,31,78,174,0,1,50,26,77,36,30,81,104,251,70,52,122,373
01/11/2003,ACY,NJ,AEA,EN,Towers with Radar,32,18,28,6,84,20,18,126,76,240,52,36,154,82,324,186,152,338,662
01/12/2003,ACY,NJ,AEA,EN,Towers with Radar,49,26,26,20,121,0,19,77,19,115,49,45,103,39,236,52,48,100,336
01/13/2003,ACY,NJ,AEA,EN,Towers with Radar,35,26,51,46,158,0,3,21,0,24,35,29,72,46,182,70,128,198,380
01/14/2003,ACY,NJ,AEA,EN,Towers with Radar,36,26,23,56,141,0,0,37,16,53,36,26,60,72,194,100,100,200,394
01/15/2003,ACY,NJ,AEA,EN,Towers with Radar,32,26,32,49,139,0,10,13,0,23,32,36,45,49,162,72,152,224,386
01/16/2003,ACY,NJ,AEA,EN,Towers with Radar,45,38,69,87,239,0,0,0,1,1,45,38,69,88,240,136,142,278,518
01/17/2003,ACY,NJ,AEA,EN,Towers with Radar,53,39,46,59,197,3,2,43,47,95,56,41,89,106,292,88,116,204,496
01/18/2003,ACY,NJ,AEA,EN,Towers with Radar,37,31,61,28,157,0,0,0,1,1,37,31,61,29,158,120,76,196,354
01/19/2003,ACY,NJ,AEA,EN,Towers with Radar,46,37,12,15,110,0,0,35,8,43,46,37,47,23,153,82,46,128,281
01/20/2003,ACY,NJ,AEA,EN,Towers with Radar,28,17,17,5,67,0,1,11,3,15,28,18,28,8,82,36,34,70,152
01/21/2003,ACY,NJ,AEA,EN,Towers with Radar,37,26,32,37,132,0,0,56,33,89,37,26,88,70,221,40,122,162,383
01/22/2003,ACY,NJ,AEA,EN,Towers with Radar,38,21,48,63,170,0,10,11,0,21,38,31,59,63,191,26,202,228,419
01/23/2003,ACY,NJ,AEA,EN,Towers with Radar,26,19,45,72,162,0,4,0,0,4,26,23,45,72,166,62,140,202,368
01/24/2003,ACY,NJ,AEA,EN,Towers with Radar,47,38,26,54,165,0,0,80,14,94,47,38,106,68,259,92,132,224,483
01/25/2003,ACY,NJ,AEA,EN,Towers with Radar,34,28,34,15,111,0,0,63,6,69,34,28,97,21,180,76,104,180,360
01/26/2003,ACY,NJ,AEA,EN,Towers with Radar,37,23,31,7,98,14,0,39,0,53,51,23,70,7,151,70,52,122,273
01/27/2003,ACY,NJ,AEA,EN,Towers with Radar,31,22,25,24,102,0,0,21,14,35,31,22,46,38,137,52,86,138,275
01/28/2003,ACY,NJ,AEA,EN,Towers with Radar,44,27,39,65,175,0,13,71,35,119,44,40,110,100,294,80,124,204,498
01/29/2003,ACY,NJ,AEA,EN,Towers with Radar,20,19,19,11,69,0,0,0,0,0,20,19,19,11,69,0,2,2,71
01/30/2003,ACY,NJ,AEA,EN,Towers with Radar,39,28,70,47,184,0,0,0,1,1,39,28,70,48,185,128,162,290,475
01/31/2003,ACY,NJ,AEA,EN,Towers with Radar,30,26,20,6,82,0,0,14,4,18,30,26,34,10,100,0,0,0,100
02/01/2003,ACY,NJ,AEA,EN,Towers with Radar,42,27,26,0,95,0,0,0,0,0,42,27,26,0,95,0,0,0,95
02/02/2003,ACY,NJ,AEA,EN,Towers with Radar,44,42,40,6,132,0,0,0,0,0,44,42,40,6,132,26,8,34,166
02/03/2003,ACY,NJ,AEA,EN,Towers with Radar,30,20,29,41,120,0,1,54,12,67,30,21,83,53,187,50,82,132,319
02/04/2003,ACY,NJ,AEA,EN,Towers with Radar,33,16,28,23,100,7,4,22,17,50,40,20,50,40,150,100,40,140,290
02/05/2003,ACY,NJ,AEA,EN,Towers with Radar,17,16,30,56,119,0,0,8,0,8,17,16,38,56,127,10,96,106,233
02/06/2003,ACY,NJ,AEA,EN,Towers with Radar,43,29,45,116,233,0,0,0,0,0,43,29,45,116,233,124,176,300,533
02/07/2003,ACY,NJ,AEA,EN,Towers with Radar,42,28,16,8,94,2,0,0,1,3,44,28,16,9,97,4,2,6,103
02/08/2003,ACY,NJ,AEA,EN,Towers with Radar,30,25,38,10,103,0,7,91,3,101,30,32,129,13,204,42,12,54,258
02/09/2003,ACY,NJ,AEA,EN,Towers with Radar,49,33,26,26,134,1,0,59,14,74,50,33,85,40,208,50,24,74,282
02/10/2003,ACY,NJ,AEA,EN,Towers with Radar,35,17,17,1,70,0,0,3,0,3,35,17,20,1,73,0,0,0,73
02/11/2003,ACY,NJ,AEA,EN,Towers with Radar,38,30,50,68,186,7,9,69,0,85,45,39,119,68,271,114,118,232,503
02/12/2003,ACY,NJ,AEA,EN,Towers with Radar,26,20,22,52,120,2,0,4,0,6,28,20,26,52,126,12,46,58,184
02/13/2003,ACY,NJ,AEA,EN,Towers with Radar,43,24,56,77,200,0,0,70,17,87,43,24,126,94,287,106,160,266,553
02/14/2003,ACY,NJ,AEA,EN,Towers with Radar,46,39,41,83,209,2,15,35,0,52,48,54,76,83,261,32,242,274,535
02/15/2003,ACY,NJ,AEA,EN,Towers with Radar,34,24,34,3,95,0,6,0,7,13,34,30,34,10,108,30,20,50,158
02/16/2003,ACY,NJ,AEA,EN,Towers with Radar,39,12,5,0,56,0,0,0,0,0,39,12,5,0,56,8,0,8,64
02/17/2003,ACY,NJ,AEA,EN,Towers with Radar,0,0,0,0,0,0,0,0,0,0,0,0,0,0,0,0,0,0,0
02/18/2003,ACY,NJ,AEA,EN,Towers with Radar,40,20,22,16,98,0,0,0,0,0,40,20,22,16,98,10,32,42,140
02/19/2003,ACY,NJ,AEA,EN,Towers with Radar,29,17,35,3,84,0,0,11,28,39,29,17,46,31,123,14,2,16,139
02/20/2003,ACY,NJ,AEA,EN,Towers with Radar,32,25,72,23,152,4,1,5,0,10,36,26,77,23,162,42,54,96,258
02/21/2003,ACY,NJ,AEA,EN,Towers with Radar,28,23,55,40,146,0,0,24,0,24,28,23,79,40,170,24,82,106,276
02/22/2003,ACY,NJ,AEA,EN,Towers with Radar,31,21,20,5,77,0,0,0,0,0,31,21,20,5,77,0,12,12,89
02/23/2003,ACY,NJ,AEA,EN,Towers with Radar,50,29,29,13,121,0,0,0,0,0,50,29,29,13,121,12,8,20,141
02/24/2003,ACY,NJ,AEA,EN,Towers with Radar,36,22,54,24,136,0,0,0,4,4,36,22,54,28,140,116,122,238,378
02/25/2003,ACY,NJ,AEA,EN,Towers with Radar,28,19,50,48,145,15,13,6,20,54,43,32,56,68,199,138,248,386,585
02/26/2003,ACY,NJ,AEA,EN,Towers with Radar,47,41,36,29,153,0,0,71,0,71,47,41,107,29,224,64,96,160,384
02/27/2003,ACY,NJ,AEA,EN,Towers with Radar,40,28,30,34,132,0,0,1,7,8,40,28,31,41,140,18,58,76,216
02/28/2003,ACY,NJ,AEA,EN,Towers with Radar,39,31,43,8,121,0,0,12,0,12,39,31,55,8,133,6,30,36,169
03/01/2003,ACY,NJ,AEA,EN,Towers with Radar,0,27,26,0,53,42,0,0,0,42,42,27,26,0,95,0,0,0,95
03/02/2003,ACY,NJ,AEA,EN,Towers with Radar,0,29,30,16,75,46,13,6,0,65,46,42,36,16,140,0,20,20,160
03/03/2003,ACY,NJ,AEA,EN,Towers with Radar,0,31,43,58,132,42,0,38,0,80,42,31,81,58,212,112,144,256,468
03/04/2003,ACY,NJ,AEA,EN,Towers with Radar,0,19,35,46,100,31,4,32,0,67,31,23,67,46,167,138,162,300,467
03/05/2003,ACY,NJ,AEA,EN,Towers with Radar,0,25,48,72,145,37,0,24,3,64,37,25,72,75,209,88,44,132,341
03/06/2003,ACY,NJ,AEA,EN,Towers with Radar,0,16,17,10,43,43,5,1,0,49,43,21,18,10,92,0,0,0,92
03/07/2003,ACY,NJ,AEA,EN,Towers with Radar,0,34,68,31,133,44,0,35,0,79,44,34,103,31,212,110,76,186,398
03/08/2003,ACY,NJ,AEA,EN,Towers with Radar,0,33,50,73,156,50,0,104,13,167,50,33,154,86,323,168,144,312,635
03/09/2003,ACY,NJ,AEA,EN,Towers with Radar,0,30,23,45,98,38,0,62,26,126,38,30,85,71,224,52,88,140,364
03/10/2003,ACY,NJ,AEA,EN,Towers with Radar,0,21,24,26,71,27,2,29,0,58,27,23,53,26,129,108,78,186,315
03/11/2003,ACY,NJ,AEA,EN,Towers with Radar,0,23,15,137,175,32,8,51,11,102,32,31,66,148,277,84,120,204,481
03/12/2003,ACY,NJ,AEA,EN,Towers with Radar,9,19,46,47,121,26,0,48,25,99,35,19,94,72,220,128,96,224,444
03/13/2003,ACY,NJ,AEA,EN,Towers with Radar,15,18,59,41,133,17,0,4,0,21,32,18,63,41,154,30,54,84,238
03/14/2003,ACY,NJ,AEA,EN,Towers with Radar,18,39,50,36,143,22,11,74,14,121,40,50,124,50,264,100,84,184,448
03/15/2003,ACY,NJ,AEA,EN,Towers with Radar,40,29,51,19,139,0,21,73,25,119,40,50,124,44,258,127,40,167,425
03/16/2003,ACY,NJ,AEA,EN,Towers with Radar,61,31,49,19,160,0,0,67,10,77,61,31,116,29,237,60,24,84,321
03/17/2003,ACY,NJ,AEA,EN,Towers with Radar,11,22,45,18,96,23,0,0,46,69,34,22,45,64,165,44,102,146,311
03/18/2003,ACY,NJ,AEA,EN,Towers with Radar,40,25,44,58,167,0,0,0,15,15,40,25,44,73,182,50,88,138,320
03/19/2003,ACY,NJ,AEA,EN,Towers with Radar,32,25,42,42,141,0,0,10,22,32,32,25,52,64,173,12,108,120,293
03/20/2003,ACY,NJ,AEA,EN,Towers with Radar,0,25,30,18,73,36,5,0,5,46,36,30,30,23,119,12,6,18,137
03/21/2003,ACY,NJ,AEA,EN,Towers with Radar,12,26,40,4,82,28,0,0,0,28,40,26,40,4,110,20,0,20,130
03/22/2003,ACY,NJ,AEA,EN,Towers with Radar,50,35,63,28,176,0,0,152,0,152,50,35,215,28,328,156,106,262,590
03/23/2003,ACY,NJ,AEA,EN,Towers with Radar,49,29,49,18,145,0,18,123,12,153,49,47,172,30,298,86,70,156,454
03/24/2003,ACY,NJ,AEA,EN,Towers with Radar,41,25,64,35,165,0,1,54,35,90,41,26,118,70,255,96,86,182,437
03/25/2003,ACY,NJ,AEA,EN,Towers with Radar,44,25,108,40,217,0,0,61,19,80,44,25,169,59,297,44,36,80,377
03/26/2003,ACY,NJ,AEA,EN,Towers with Radar,37,26,73,57,193,0,0,0,19,19,37,26,73,76,212,60,84,144,356
03/27/2003,ACY,NJ,AEA,EN,Towers with Radar,32,14,64,25,135,0,15,16,27,58,32,29,80,52,193,104,124,228,421
03/28/2003,ACY,NJ,AEA,EN,Towers with Radar,41,28,69,29,167,0,0,65,36,101,41,28,134,65,268,40,40,80,348
03/29/2003,ACY,NJ,AEA,EN,Towers with Radar,41,25,30,20,116,0,2,0,18,20,41,27,30,38,136,40,40,80,216
03/30/2003,ACY,NJ,AEA,EN,Towers with Radar,25,28,33,12,98,25,7,0,0,32,50,35,33,12,130,12,32,44,174
03/31/2003,ACY,NJ,AEA,EN,Towers with Radar,45,23,62,34,164,0,0,28,0,28,45,23,90,34,192,48,168,216,408
04/01/2003,ACY,NJ,AEA,EN,Towers with Radar,0,22,51,86,159,40,0,19,0,59,40,22,70,86,218,88,148,236,454
04/02/2003,ACY,NJ,AEA,EN,Towers with Radar,0,27,60,74,161,43,0,34,0,77,43,27,94,74,238,158,150,308,546
04/03/2003,ACY,NJ,AEA,EN,Towers with Radar,0,24,50,60,134,50,16,22,0,88,50,40,72,60,222,40,80,120,342
04/04/2003,ACY,NJ,AEA,EN,Towers with Radar,0,27,39,24,90,42,9,16,0,67,42,36,55,24,157,54,32,86,243
04/05/2003,ACY,NJ,AEA,EN,Towers with Radar,0,25,45,10,80,46,15,5,0,66,46,40,50,10,146,0,0,0,146
04/06/2003,ACY,NJ,AEA,EN,Towers with Radar,0,50,63,49,162,47,0,63,0,110,47,50,126,49,272,178,116,294,566
04/07/2003,ACY,NJ,AEA,EN,Towers with Radar,0,13,18,4,35,37,0,1,0,38,37,13,19,4,73,0,36,36,109
04/08/2003,ACY,NJ,AEA,EN,Towers with Radar,0,19,24,34,77,34,5,6,32,77,34,24,30,66,154,2,42,44,198
04/09/2003,ACY,NJ,AEA,EN,Towers with Radar,0,16,15,13,44,29,4,0,0,33,29,20,15,13,77,0,4,4,81
04/10/2003,ACY,NJ,AEA,EN,Towers with Radar,23,37,26,24,110,27,5,10,36,78,50,42,36,60,188,20,66,86,274
04/11/2003,ACY,NJ,AEA,EN,Towers with Radar,0,19,29,11,59,36,0,0,0,36,36,19,29,11,95,6,26,32,127
04/12/2003,ACY,NJ,AEA,EN,Towers with Radar,44,22,62,25,153,0,0,0,22,22,44,22,62,47,175,66,82,148,323
04/13/2003,ACY,NJ,AEA,EN,Towers with Radar,55,38,65,11,169,0,0,84,0,84,55,38,149,11,253,166,64,230,483
04/14/2003,ACY,NJ,AEA,EN,Towers with Radar,43,25,63,59,190,0,0,0,0,0,43,25,63,59,190,35,66,101,291
04/15/2003,ACY,NJ,AEA,EN,Towers with Radar,33,20,42,60,155,0,0,78,35,113,33,20,120,95,268,108,136,244,512
04/16/2003,ACY,NJ,AEA,EN,Towers with Radar,24,25,60,31,140,0,15,17,32,64,24,40,77,63,204,92,130,222,426
04/17/2003,ACY,NJ,AEA,EN,Towers with Radar,0,32,24,21,77,36,0,18,0,54,36,32,42,21,131,12,24,36,167
04/18/2003,ACY,NJ,AEA,EN,Towers with Radar,42,31,42,24,139,0,0,0,11,11,42,31,42,35,150,0,16,16,166
04/19/2003,ACY,NJ,AEA,EN,Towers with Radar,8,20,40,3,71,25,0,0,0,25,33,20,40,3,96,44,6,50,146
04/20/2003,ACY,NJ,AEA,EN,Towers with Radar,7,30,27,8,72,26,0,61,0,87,33,30,88,8,159,180,20,200,359
04/21/2003,ACY,NJ,AEA,EN,Towers with Radar,20,23,53,16,112,12,0,0,0,12,32,23,53,16,124,30,14,44,168
04/22/2003,ACY,NJ,AEA,EN,Towers with Radar,0,23,36,23,82,36,5,10,1,52,36,28,46,24,134,18,28,46,180
04/23/2003,ACY,NJ,AEA,EN,Towers with Radar,30,27,39,35,131,4,0,32,34,70,34,27,71,69,201,110,144,254,455
04/24/2003,ACY,NJ,AEA,EN,Towers with Radar,45,24,49,64,182,0,0,0,22,22,45,24,49,86,204,126,124,250,454
04/25/2003,ACY,NJ,AEA,EN,Towers with Radar,51,38,54,55,198,0,0,0,22,22,51,38,54,77,220,86,128,214,434
04/26/2003,ACY,NJ,AEA,EN,Towers with Radar,15,27,53,23,118,28,0,0,15,43,43,27,53,38,161,6,12,18,179
04/27/2003,ACY,NJ,AEA,EN,Towers with Radar,66,47,44,23,180,0,0,59,9,68,66,47,103,32,248,248,78,326,574
04/28/2003,ACY,NJ,AEA,EN,Towers with Radar,41,16,73,27,157,0,0,32,0,32,41,16,105,27,189,110,64,174,363
04/29/2003,ACY,NJ,AEA,EN,Towers with Radar,31,27,56,36,150,0,1,9,0,10,31,28,65,36,160,84,64,148,308
04/30/2003,ACY,NJ,AEA,EN,Towers with Radar,20,36,61,23,140,15,1,83,33,132,35,37,144,56,272,124,136,260,532
05/01/2003,ACY,NJ,AEA,EN,Towers with Radar,23,0,49,34,106,0,27,0,0,27,23,27,49,34,133,40,84,124,257
05/02/2003,ACY,NJ,AEA,EN,Towers with Radar,35,0,53,45,133,4,46,27,9,86,39,46,80,54,219,38,44,82,301
05/03/2003,ACY,NJ,AEA,EN,Towers with Radar,24,0,53,38,115,0,21,11,0,32,24,21,64,38,147,26,48,74,221
05/04/2003,ACY,NJ,AEA,EN,Towers with Radar,51,0,57,35,143,0,68,78,0,146,51,68,135,35,289,64,54,118,407
05/05/2003,ACY,NJ,AEA,EN,Towers with Radar,24,0,23,42,89,16,25,97,2,140,40,25,120,44,229,80,40,120,349
05/06/2003,ACY,NJ,AEA,EN,Towers with Radar,15,0,32,6,53,11,22,0,0,33,26,22,32,6,86,0,0,0,86
05/07/2003,ACY,NJ,AEA,EN,Towers with Radar,22,0,42,48,112,4,17,64,0,85,26,17,106,48,197,94,110,204,401
05/08/2003,ACY,NJ,AEA,EN,Towers with Radar,27,0,44,34,105,4,36,1,0,41,31,36,45,34,146,20,50,70,216
05/09/2003,ACY,NJ,AEA,EN,Towers with Radar,28,0,27,25,80,1,24,10,0,35,29,24,37,25,115,6,36,42,157
05/10/2003,ACY,NJ,AEA,EN,Towers with Radar,28,0,13,20,61,0,13,13,0,26,28,13,26,20,87,8,42,50,137
05/11/2003,ACY,NJ,AEA,EN,Towers with Radar,28,0,18,12,58,3,18,46,0,67,31,18,64,12,125,6,14,20,145
05/12/2003,ACY,NJ,AEA,EN,Towers with Radar,22,0,35,24,81,4,16,14,0,34,26,16,49,24,115,58,50,108,223
05/13/2003,ACY,NJ,AEA,EN,Towers with Radar,21,0,64,75,160,4,25,73,0,102,25,25,137,75,262,88,124,212,474
05/14/2003,ACY,NJ,AEA,EN,Towers with Radar,27,0,100,112,239,4,34,4,0,42,31,34,104,112,281,191,112,303,584
05/15/2003,ACY,NJ,AEA,EN,Towers with Radar,39,0,50,80,169,4,36,56,0,96,43,36,106,80,265,108,130,238,503
05/16/2003,ACY,NJ,AEA,EN,Towers with Radar,37,0,57,34,128,4,36,3,0,43,41,36,60,34,171,26,54,80,251
05/17/2003,ACY,NJ,AEA,EN,Towers with Radar,31,0,80,18,129,8,43,9,0,60,39,43,89,18,189,10,36,46,235
05/18/2003,ACY,NJ,AEA,EN,Towers with Radar,36,0,72,91,199,24,45,72,18,159,60,45,144,109,358,112,126,238,596
05/19/2003,ACY,NJ,AEA,EN,Towers with Radar,24,32,65,32,153,0,0,56,23,79,24,32,121,55,232,78,58,136,368
05/20/2003,ACY,NJ,AEA,EN,Towers with Radar,45,40,63,59,207,15,0,37,141,193,60,40,100,200,400,74,400,474,874
05/21/2003,ACY,NJ,AEA,EN,Towers with Radar,30,41,73,32,176,13,0,5,62,80,43,41,78,94,256,68,100,168,424
05/22/2003,ACY,NJ,AEA,EN,Towers with Radar,41,32,78,32,183,0,0,0,56,56,41,32,78,88,239,30,64,94,333
05/23/2003,ACY,NJ,AEA,EN,Towers with Radar,31,25,55,21,132,0,0,0,0,0,31,25,55,21,132,8,16,24,156
05/24/2003,ACY,NJ,AEA,EN,Towers with Radar,42,22,49,3,116,0,0,0,0,0,42,22,49,3,116,8,2,10,126
05/25/2003,ACY,NJ,AEA,EN,Towers with Radar,26,22,25,1,74,0,0,0,0,0,26,22,25,1,74,16,0,16,90
05/26/2003,ACY,NJ,AEA,EN,Towers with Radar,30,20,57,6,113,0,0,0,0,0,30,20,57,6,113,24,0,24,137
05/27/2003,ACY,NJ,AEA,EN,Towers with Radar,27,23,46,32,128,0,0,0,49,49,27,23,46,81,177,44,56,100,277
05/28/2003,ACY,NJ,AEA,EN,Towers with Radar,33,24,30,32,119,3,0,0,54,57,36,24,30,86,176,36,104,140,316
05/29/2003,ACY,NJ,AEA,EN,Towers with Radar,35,21,55,32,143,0,0,4,20,24,35,21,59,52,167,100,162,262,429
05/30/2003,ACY,NJ,AEA,EN,Towers with Radar,28,36,57,36,157,0,0,0,21,21,28,36,57,57,178,90,228,318,496
05/31/2003,ACY,NJ,AEA,EN,Towers with Radar,30,28,36,32,126,0,0,0,23,23,30,28,36,55,149,12,24,36,185
06/01/2003,ACY,NJ,AEA,EN,Towers with Radar,28,23,32,0,83,0,2,0,0,2,28,25,32,0,85,14,0,14,99
06/02/2003,ACY,NJ,AEA,EN,Towers with Radar,27,17,42,76,162,16,33,49,0,98,43,50,91,76,260,102,118,220,480
06/03/2003,ACY,NJ,AEA,EN,Towers with Radar,39,33,76,228,376,0,0,0,0,0,39,33,76,228,376,138,262,400,776
06/04/2003,ACY,NJ,AEA,EN,Towers with Radar,22,24,33,92,171,20,14,42,4,80,42,38,75,96,251,34,54,88,339
06/05/2003,ACY,NJ,AEA,EN,Towers with Radar,42,26,64,104,236,0,0,9,17,26,42,26,73,121,262,68,84,152,414
06/06/2003,ACY,NJ,AEA,EN,Towers with Radar,31,36,51,124,242,0,0,58,6,64,31,36,109,130,306,116,294,410,716
06/07/2003,ACY,NJ,AEA,EN,Towers with Radar,31,23,53,20,127,0,7,4,14,25,31,30,57,34,152,4,24,28,180
06/08/2003,ACY,NJ,AEA,EN,Towers with Radar,45,33,91,40,209,0,18,1,30,49,45,51,92,70,258,40,60,100,358
06/09/2003,ACY,NJ,AEA,EN,Towers with Radar,25,14,49,85,173,17,9,32,0,58,42,23,81,85,231,102,120,222,453
06/10/2003,ACY,NJ,AEA,EN,Towers with Radar,25,22,57,100,204,0,0,63,0,63,25,22,120,100,267,126,166,292,559
06/11/2003,ACY,NJ,AEA,EN,Towers with Radar,37,32,50,110,229,0,0,11,0,11,37,32,61,110,240,100,208,308,548
06/12/2003,ACY,NJ,AEA,EN,Towers with Radar,29,28,53,76,186,0,0,0,0,0,29,28,53,76,186,74,212,286,472
06/13/2003,ACY,NJ,AEA,EN,Towers with Radar,30,23,69,66,188,0,12,0,0,12,30,35,69,66,200,32,88,120,320
06/14/2003,ACY,NJ,AEA,EN,Towers with Radar,26,25,38,7,96,15,5,32,33,85,41,30,70,40,181,70,50,120,301
06/15/2003,ACY,NJ,AEA,EN,Towers with Radar,46,38,112,82,278,0,0,0,0,0,46,38,112,82,278,100,138,238,516
06/16/2003,ACY,NJ,AEA,EN,Towers with Radar,36,33,65,125,259,0,0,0,0,0,36,33,65,125,259,136,178,314,573
06/17/2003,ACY,NJ,AEA,EN,Towers with Radar,34,27,83,184,328,0,0,0,0,0,34,27,83,184,328,122,214,336,664
06/18/2003,ACY,NJ,AEA,EN,Towers with Radar,25,40,44,83,192,10,1,7,19,37,35,41,51,102,229,18,58,76,305
06/19/2003,ACY,NJ,AEA,EN,Towers with Radar,22,22,15,40,99,0,0,0,0,0,22,22,15,40,99,2,24,26,125
06/20/2003,ACY,NJ,AEA,EN,Towers with Radar,33,49,50,38,170,0,0,1,0,1,33,49,51,38,171,20,38,58,229
06/21/2003,ACY,NJ,AEA,EN,Towers with Radar,37,25,37,10,109,0,0,0,0,0,37,25,37,10,109,0,0,0,109
06/22/2003,ACY,NJ,AEA,EN,Towers with Radar,63,39,55,34,191,0,0,34,6,40,63,39,89,40,231,34,40,74,305
06/23/2003,ACY,NJ,AEA,EN,Towers with Radar,28,18,38,35,119,4,0,81,5,90,32,18,119,40,209,20,34,54,263
06/24/2003,ACY,NJ,AEA,EN,Towers with Radar,36,27,42,56,161,0,0,68,0,68,36,27,110,56,229,76,194,270,499
06/25/2003,ACY,NJ,AEA,EN,Towers with Radar,32,29,42,54,157,0,0,41,0,41,32,29,83,54,198,80,138,218,416
06/26/2003,ACY,NJ,AEA,EN,Towers with Radar,35,19,40,88,182,0,0,25,0,25,35,19,65,88,207,102,304,406,613
06/27/2003,ACY,NJ,AEA,EN,Towers with Radar,34,36,57,78,205,0,0,53,24,77,34,36,110,102,282,84,148,232,514
06/28/2003,ACY,NJ,AEA,EN,Towers with Radar,31,26,20,24,101,0,0,39,5,44,31,26,59,29,145,88,44,132,277
06/29/2003,ACY,NJ,AEA,EN,Towers with Radar,46,40,58,27,171,0,0,0,0,0,46,40,58,27,171,174,64,238,409
06/30/2003,ACY,NJ,AEA,EN,Towers with Radar,22,15,48,24,109,2,0,34,0,36,24,15,82,24,145,54,90,144,289
07/01/2003,ACY,NJ,AEA,EN,Towers with Radar,47,34,48,80,209,0,0,96,32,128,47,34,144,112,337,106,180,286,623
07/02/2003,ACY,NJ,AEA,EN,Towers with Radar,26,19,44,73,162,4,0,45,0,49,30,19,89,73,211,34,102,136,347
07/03/2003,ACY,NJ,AEA,EN,Towers with Radar,28,28,47,54,157,0,0,3,5,8,28,28,50,59,165,10,2,12,177
07/04/2003,ACY,NJ,AEA,EN,Towers with Radar,35,24,43,9,111,15,36,29,31,111,50,60,72,40,222,40,30,70,292
07/05/2003,ACY,NJ,AEA,EN,Towers with Radar,19,23,42,11,95,0,0,46,0,46,19,23,88,11,141,20,20,40,181
07/06/2003,ACY,NJ,AEA,EN,Towers with Radar,36,32,42,5,115,8,2,76,47,133,44,34,118,52,248,102,128,230,478
07/07/2003,ACY,NJ,AEA,EN,Towers with Radar,23,27,58,20,128,0,1,0,0,1,23,28,58,20,129,70,96,166,295
07/08/2003,ACY,NJ,AEA,EN,Towers with Radar,30,21,50,68,169,1,0,18,0,19,31,21,68,68,188,40,162,202,390
07/09/2003,ACY,NJ,AEA,EN,Towers with Radar,34,35,41,100,210,0,5,35,0,40,34,40,76,100,250,38,144,182,432
07/10/2003,ACY,NJ,AEA,EN,Towers with Radar,24,21,44,63,152,16,22,10,0,48,40,43,54,63,200,48,86,134,334
07/11/2003,ACY,NJ,AEA,EN,Towers with Radar,38,37,100,77,252,0,0,59,17,76,38,37,159,94,328,100,120,220,548
07/12/2003,ACY,NJ,AEA,EN,Towers with Radar,22,26,36,47,131,0,0,15,0,15,22,26,51,47,146,18,120,138,284
07/13/2003,ACY,NJ,AEA,EN,Towers with Radar,51,44,53,105,253,0,0,122,59,181,51,44,175,164,434,112,122,234,668
07/14/2003,ACY,NJ,AEA,EN,Towers with Radar,36,32,77,15,160,3,1,0,0,4,39,33,77,15,164,120,132,252,416
07/15/2003,ACY,NJ,AEA,EN,Towers with Radar,29,23,58,62,172,11,13,26,3,53,40,36,84,65,225,86,76,162,387
07/16/2003,ACY,NJ,AEA,EN,Towers with Radar,24,22,45,55,146,0,0,8,0,8,24,22,53,55,154,26,68,94,248
07/17/2003,ACY,NJ,AEA,EN,Towers with Radar,45,27,84,57,213,0,0,76,0,76,45,27,160,57,289,64,128,192,481
07/18/2003,ACY,NJ,AEA,EN,Towers with Radar,42,26,49,45,162,19,43,66,19,147,61,69,115,64,309,89,136,225,534
07/19/2003,ACY,NJ,AEA,EN,Towers with Radar,44,38,81,55,218,0,0,94,19,113,44,38,175,74,331,90,60,150,481
07/20/2003,ACY,NJ,AEA,EN,Towers with Radar,44,35,52,2,133,0,18,93,18,129,44,53,145,20,262,124,48,172,434
07/21/2003,ACY,NJ,AEA,EN,Towers with Radar,26,21,59,46,152,0,1,16,0,17,26,22,75,46,169,78,46,124,293
07/22/2003,ACY,NJ,AEA,EN,Towers with Radar,40,33,60,56,189,2,7,3,16,28,42,40,63,72,217,84,94,178,395
07/23/2003,ACY,NJ,AEA,EN,Towers with Radar,26,10,38,66,140,0,0,69,10,79,26,10,107,76,219,119,50,169,388
07/24/2003,ACY,NJ,AEA,EN,Towers with Radar,42,24,84,67,217,0,0,60,19,79,42,24,144,86,296,88,128,216,512
07/25/2003,ACY,NJ,AEA,EN,Towers with Radar,34,39,84,56,213,0,5,32,0,37,34,44,116,56,250,90,102,192,442
07/26/2003,ACY,NJ,AEA,EN,Towers with Radar,41,36,62,0,139,1,12,116,63,192,42,48,178,63,331,136,82,218,549
07/27/2003,ACY,NJ,AEA,EN,Towers with Radar,55,57,93,5,210,16,4,58,17,95,71,61,151,22,305,86,62,148,453
07/28/2003,ACY,NJ,AEA,EN,Towers with Radar,28,20,44,20,112,0,5,3,0,8,28,25,47,20,120,34,52,86,206
07/29/2003,ACY,NJ,AEA,EN,Towers with Radar,32,25,59,48,164,2,8,48,24,82,34,33,107,72,246,110,106,216,462
07/30/2003,ACY,NJ,AEA,EN,Towers with Radar,23,22,51,94,190,0,0,68,8,76,23,22,119,102,266,76,72,148,414
07/31/2003,ACY,NJ,AEA,EN,Towers with Radar,33,29,62,49,173,7,1,0,0,8,40,30,62,49,181,30,40,70,251
08/01/2003,ACY,NJ,AEA,EN,Towers with Radar,31,41,61,84,217,0,0,37,15,52,31,41,98,99,269,126,182,308,577
08/02/2003,ACY,NJ,AEA,EN,Towers with Radar,29,37,84,12,162,0,20,44,8,72,29,57,128,20,234,122,130,252,486
08/03/2003,ACY,NJ,AEA,EN,Towers with Radar,47,49,84,33,213,0,0,0,0,0,47,49,84,33,213,114,46,160,373
08/04/2003,ACY,NJ,AEA,EN,Towers with Radar,24,18,46,17,105,0,4,11,0,15,24,22,57,17,120,50,16,66,186
08/05/2003,ACY,NJ,AEA,EN,Towers with Radar,20,17,51,31,119,0,0,0,0,0,20,17,51,31,119,8,12,20,139
08/06/2003,ACY,NJ,AEA,EN,Towers with Radar,25,33,61,71,190,16,16,38,0,70,41,49,99,71,260,60,90,150,410
08/07/2003,ACY,NJ,AEA,EN,Towers with Radar,21,21,37,49,128,0,3,0,0,3,21,24,37,49,131,40,44,84,215
08/08/2003,ACY,NJ,AEA,EN,Towers with Radar,33,32,86,85,236,2,11,53,11,77,35,43,139,96,313,106,102,208,521
08/09/2003,ACY,NJ,AEA,EN,Towers with Radar,29,32,83,55,199,13,5,21,0,39,42,37,104,55,238,100,66,166,404
08/10/2003,ACY,NJ,AEA,EN,Towers with Radar,45,42,72,43,202,0,0,12,0,12,45,42,84,43,214,16,2,18,232
08/11/2003,ACY,NJ,AEA,EN,Towers with Radar,30,18,74,6,128,18,6,0,12,36,48,24,74,18,164,4,12,16,180
08/12/2003,ACY,NJ,AEA,EN,Towers with Radar,22,14,54,29,119,19,15,1,0,35,41,29,55,29,154,46,82,128,282
08/13/2003,ACY,NJ,AEA,EN,Towers with Radar,34,34,58,54,180,0,0,17,19,36,34,34,75,73,216,56,46,102,318
08/14/2003,ACY,NJ,AEA,EN,Towers with Radar,42,40,75,105,262,0,0,71,17,88,42,40,146,122,350,154,120,274,624
08/15/2003,ACY,NJ,AEA,EN,Towers with Radar,43,29,84,77,233,7,10,56,0,73,50,39,140,77,306,84,102,186,492
08/16/2003,ACY,NJ,AEA,EN,Towers with Radar,27,20,60,17,124,0,0,13,0,13,27,20,73,17,137,16,0,16,153
08/17/2003,ACY,NJ,AEA,EN,Towers with Radar,54,42,67,9,172,0,9,0,0,9,54,51,67,9,181,22,0,22,203
08/18/2003,ACY,NJ,AEA,EN,Towers with Radar,24,25,69,61,179,7,4,52,7,70,31,29,121,68,249,62,94,156,405
08/19/2003,ACY,NJ,AEA,EN,Towers with Radar,29,23,61,97,210,0,0,65,56,121,29,23,126,153,331,138,152,290,621
08/20/2003,ACY,NJ,AEA,EN,Towers with Radar,25,27,48,54,154,25,35,59,36,155,50,62,107,90,309,102,56,158,467
08/21/2003,ACY,NJ,AEA,EN,Towers with Radar,34,38,78,100,250,0,0,0,58,58,34,38,78,158,308,102,168,270,578
08/22/2003,ACY,NJ,AEA,EN,Towers with Radar,37,44,64,63,208,0,9,12,0,21,37,53,76,63,229,88,104,192,421
08/23/2003,ACY,NJ,AEA,EN,Towers with Radar,49,22,53,7,131,0,0,130,8,138,49,22,183,15,269,126,152,278,547
08/24/2003,ACY,NJ,AEA,EN,Towers with Radar,43,39,63,25,170,0,0,54,35,89,43,39,117,60,259,102,94,196,455
08/25/2003,ACY,NJ,AEA,EN,Towers with Radar,35,29,34,36,134,5,1,76,34,116,40,30,110,70,250,40,80,120,370
08/26/2003,ACY,NJ,AEA,EN,Towers with Radar,35,25,48,32,140,0,0,57,58,115,35,25,105,90,255,118,136,254,509
08/27/2003,ACY,NJ,AEA,EN,Towers with Radar,32,37,47,58,174,0,0,50,33,83,32,37,97,91,257,102,128,230,487
08/28/2003,ACY,NJ,AEA,EN,Towers with Radar,34,33,50,70,187,17,15,105,0,137,51,48,155,70,324,124,168,292,616
08/29/2003,ACY,NJ,AEA,EN,Towers with Radar,40,27,59,28,154,0,2,31,0,33,40,29,90,28,187,10,16,26,213
08/30/2003,ACY,NJ,AEA,EN,Towers with Radar,33,22,58,4,117,2,0,0,8,10,35,22,58,12,127,12,0,12,139
08/31/2003,ACY,NJ,AEA,EN,Towers with Radar,32,24,35,3,94,8,51,25,7,91,40,75,60,10,185,30,20,50,235
09/01/2003,ACY,NJ,AEA,EN,Towers with Radar,0,19,45,11,75,35,0,10,0,45,35,19,55,11,120,0,0,0,120
09/02/2003,ACY,NJ,AEA,EN,Towers with Radar,0,16,36,41,93,20,6,0,0,26,20,22,36,41,119,20,88,108,227
09/03/2003,ACY,NJ,AEA,EN,Towers with Radar,0,22,16,39,77,23,1,0,0,24,23,23,16,39,101,16,34,50,151
09/04/2003,ACY,NJ,AEA,EN,Towers with Radar,0,18,30,48,96,24,0,0,0,24,24,18,30,48,120,20,40,60,180
09/05/2003,ACY,NJ,AEA,EN,Towers with Radar,0,34,59,45,138,44,5,21,0,70,44,39,80,45,208,104,118,222,430
09/06/2003,ACY,NJ,AEA,EN,Towers with Radar,0,23,37,36,96,40,0,0,0,40,40,23,37,36,136,94,142,236,372
09/07/2003,ACY,NJ,AEA,EN,Towers with Radar,0,18,41,43,102,32,0,53,0,85,32,18,94,43,187,88,102,190,377
09/08/2003,ACY,NJ,AEA,EN,Towers with Radar,0,9,48,29,86,42,15,66,34,157,42,24,114,63,243,86,138,224,467
09/09/2003,ACY,NJ,AEA,EN,Towers with Radar,0,14,73,75,162,30,19,68,0,117,30,33,141,75,279,106,150,256,535
09/10/2003,ACY,NJ,AEA,EN,Towers with Radar,0,23,42,69,134,25,0,29,0,54,25,23,71,69,188,64,76,140,328
09/11/2003,ACY,NJ,AEA,EN,Towers with Radar,38,22,67,50,177,0,10,9,5,24,38,32,76,55,201,108,96,204,405
09/12/2003,ACY,NJ,AEA,EN,Towers with Radar,30,23,72,19,144,0,0,12,26,38,30,23,84,45,182,78,82,160,342
09/13/2003,ACY,NJ,AEA,EN,Towers with Radar,0,20,60,18,98,31,0,29,5,65,31,20,89,23,163,24,2,26,189
09/14/2003,ACY,NJ,AEA,EN,Towers with Radar,41,18,58,18,135,1,0,13,26,40,42,18,71,44,175,64,44,108,283
09/15/2003,ACY,NJ,AEA,EN,Towers with Radar,1,17,49,18,85,22,6,9,30,67,23,23,58,48,152,6,50,56,208
09/16/2003,ACY,NJ,AEA,EN,Towers with Radar,38,28,67,77,210,0,0,64,53,117,38,28,131,130,327,136,148,284,611
09/17/2003,ACY,NJ,AEA,EN,Towers with Radar,26,18,45,43,132,0,5,20,9,34,26,23,65,52,166,24,38,62,228
09/18/2003,ACY,NJ,AEA,EN,Towers with Radar,0,3,19,12,34,27,3,2,0,32,27,6,21,12,66,0,2,2,68
09/19/2003,ACY,NJ,AEA,EN,Towers with Radar,0,13,26,9,48,31,0,0,0,31,31,13,26,9,79,4,10,14,93
09/20/2003,ACY,NJ,AEA,EN,Towers with Radar,0,15,36,8,59,34,7,80,0,121,34,22,116,8,180,36,8,44,224
09/21/2003,ACY,NJ,AEA,EN,Towers with Radar,7,35,45,11,98,34,0,61,0,95,41,35,106,11,193,162,86,248,441
09/22/2003,ACY,NJ,AEA,EN,Towers with Radar,28,17,42,43,130,0,0,37,0,37,28,17,79,43,167,138,110,248,415
09/23/2003,ACY,NJ,AEA,EN,Towers with Radar,19,12,37,21,89,11,19,16,56,102,30,31,53,77,191,74,110,184,375
09/24/2003,ACY,NJ,AEA,EN,Towers with Radar,29,20,53,40,142,0,0,0,25,25,29,20,53,65,167,76,154,230,397
09/25/2003,ACY,NJ,AEA,EN,Towers with Radar,26,19,26,40,111,0,2,86,39,127,26,21,112,79,238,64,172,236,474
09/26/2003,ACY,NJ,AEA,EN,Towers with Radar,33,30,55,62,180,0,0,19,37,56,33,30,74,99,236,58,142,200,436
09/27/2003,ACY,NJ,AEA,EN,Towers with Radar,4,22,44,18,88,25,0,12,1,38,29,22,56,19,126,38,78,116,242
09/28/2003,ACY,NJ,AEA,EN,Towers with Radar,47,42,76,18,183,0,0,18,1,19,47,42,94,19,202,62,66,128,330
09/29/2003,ACY,NJ,AEA,EN,Towers with Radar,18,12,34,18,82,0,2,26,12,40,18,14,60,30,122,110,48,158,280
09/30/2003,ACY,NJ,AEA,EN,Towers with Radar,41,17,55,37,150,0,28,26,0,54,41,45,81,37,204,68,152,220,424
10/01/2003,ACY,NJ,AEA,EN,Towers with Radar,0,21,56,62,139,26,0,26,0,52,26,21,82,62,191,36,152,188,379
10/02/2003,ACY,NJ,AEA,EN,Towers with Radar,0,34,76,95,205,35,0,62,18,115,35,34,138,113,320,60,228,288,608
10/03/2003,ACY,NJ,AEA,EN,Towers with Radar,0,32,55,60,147,34,0,55,2,91,34,32,110,62,238,68,102,170,408
10/04/2003,ACY,NJ,AEA,EN,Towers with Radar,0,20,36,30,86,31,0,28,0,59,31,20,64,30,145,70,28,98,243
10/05/2003,ACY,NJ,AEA,EN,Towers with Radar,0,30,47,36,113,40,0,22,0,62,40,30,69,36,175,114,92,206,381
10/06/2003,ACY,NJ,AEA,EN,Towers with Radar,0,17,54,54,125,23,3,23,0,49,23,20,77,54,174,46,74,120,294
10/07/2003,ACY,NJ,AEA,EN,Towers with Radar,0,20,40,64,124,34,0,38,0,72,34,20,78,64,196,54,110,164,360
10/08/2003,ACY,NJ,AEA,EN,Towers with Radar,33,22,60,63,178,0,0,0,22,22,33,22,60,85,200,42,90,132,332
10/09/2003,ACY,NJ,AEA,EN,Towers with Radar,35,29,49,67,180,0,10,14,17,41,35,39,63,84,221,28,132,160,381
10/10/2003,ACY,NJ,AEA,EN,Towers with Radar,25,12,52,27,116,0,0,0,16,16,25,12,52,43,132,2,12,14,146
10/11/2003,ACY,NJ,AEA,EN,Towers with Radar,0,21,42,10,73,45,16,16,0,77,45,37,58,10,150,74,92,166,316
10/12/2003,ACY,NJ,AEA,EN,Towers with Radar,23,23,35,22,103,23,16,81,1,121,46,39,116,23,224,72,80,152,376
10/13/2003,ACY,NJ,AEA,EN,Towers with Radar,25,9,36,14,84,0,0,37,0,37,25,9,73,14,121,76,32,108,229
10/14/2003,ACY,NJ,AEA,EN,Towers with Radar,31,22,57,52,162,0,8,36,12,56,31,30,93,64,218,32,114,146,364
10/15/2003,ACY,NJ,AEA,EN,Towers with Radar,0,11,42,21,74,20,0,0,12,32,20,11,42,33,106,24,62,86,192
10/16/2003,ACY,NJ,AEA,EN,Towers with Radar,0,24,37,54,115,27,2,43,16,88,27,26,80,70,203,66,130,196,399
10/17/2003,ACY,NJ,AEA,EN,Towers with Radar,56,27,71,36,190,0,29,101,6,136,56,56,172,42,326,30,124,154,480
10/18/2003,ACY,NJ,AEA,EN,Towers with Radar,36,23,50,19,128,0,0,27,0,27,36,23,77,19,155,156,74,230,385
10/19/2003,ACY,NJ,AEA,EN,Towers with Radar,45,27,71,21,164,0,24,70,30,124,45,51,141,51,288,60,128,188,476
10/20/2003,ACY,NJ,AEA,EN,Towers with Radar,0,20,41,21,82,45,20,49,43,157,45,40,90,64,239,70,170,240,479
10/21/2003,ACY,NJ,AEA,EN,Towers with Radar,4,14,49,21,88,25,0,1,33,59,29,14,50,54,147,48,18,66,213
10/22/2003,ACY,NJ,AEA,EN,Towers with Radar,25,16,63,50,154,0,1,13,0,14,25,17,76,50,168,42,56,98,266
10/23/2003,ACY,NJ,AEA,EN,Towers with Radar,0,17,30,35,82,35,0,59,14,108,35,17,89,49,190,94,166,260,450
10/24/2003,ACY,NJ,AEA,EN,Towers with Radar,50,19,77,61,207,0,16,23,19,58,50,35,100,80,265,110,160,270,535
10/25/2003,ACY,NJ,AEA,EN,Towers with Radar,31,23,75,8,137,15,0,79,0,94,46,23,154,8,231,58,20,78,309
10/26/2003,ACY,NJ,AEA,EN,Towers with Radar,36,18,70,9,133,0,3,0,0,3,36,21,70,9,136,2,0,2,138
10/27/2003,ACY,NJ,AEA,EN,Towers with Radar,0,15,35,14,64,36,0,7,0,43,36,15,42,14,107,0,86,86,193
10/28/2003,ACY,NJ,AEA,EN,Towers with Radar,37,15,55,21,128,0,0,17,57,74,37,15,72,78,202,34,108,142,344
10/29/2003,ACY,NJ,AEA,EN,Towers with Radar,20,13,33,21,87,0,1,27,11,39,20,14,60,32,126,20,110,130,256
10/30/2003,ACY,NJ,AEA,EN,Towers with Radar,24,13,48,38,123,0,0,13,10,23,24,13,61,48,146,46,64,110,256
10/31/2003,ACY,NJ,AEA,EN,Towers with Radar,22,12,38,21,93,26,34,76,41,177,48,46,114,62,270,94,72,166,436
11/01/2003,ACY,NJ,AEA,EN,Towers with Radar,32,0,0,81,113,0,22,96,0,118,32,22,96,81,231,128,144,272,503
11/02/2003,ACY,NJ,AEA,EN,Towers with Radar,50,8,0,23,81,0,25,75,0,100,50,33,75,23,181,42,20,62,243
11/03/2003,ACY,NJ,AEA,EN,Towers with Radar,33,0,0,14,47,0,16,75,0,91,33,16,75,14,138,46,36,82,220
11/04/2003,ACY,NJ,AEA,EN,Towers with Radar,28,0,0,53,81,0,11,67,0,78,28,11,67,53,159,28,70,98,257
11/05/2003,ACY,NJ,AEA,EN,Towers with Radar,26,0,0,27,53,0,13,41,0,54,26,13,41,27,107,6,142,148,255
11/06/2003,ACY,NJ,AEA,EN,Towers with Radar,27,9,0,60,96,0,25,46,0,71,27,34,46,60,167,20,70,90,257
11/07/2003,ACY,NJ,AEA,EN,Towers with Radar,43,0,0,66,109,3,38,122,44,207,46,38,122,110,316,110,160,270,586
11/08/2003,ACY,NJ,AEA,EN,Towers with Radar,29,0,0,26,55,0,18,73,0,91,29,18,73,26,146,52,22,74,220
11/09/2003,ACY,NJ,AEA,EN,Towers with Radar,42,0,6,7,55,0,24,94,0,118,42,24,100,7,173,98,42,140,313
11/10/2003,ACY,NJ,AEA,EN,Towers with Radar,29,0,0,40,69,0,18,72,44,134,29,18,72,84,203,22,96,118,321
11/11/2003,ACY,NJ,AEA,EN,Towers with Radar,41,0,0,20,61,0,42,56,41,139,41,42,56,61,200,40,130,170,370
11/12/2003,ACY,NJ,AEA,EN,Towers with Radar,25,0,0,61,86,0,14,49,0,63,25,14,49,61,149,20,240,260,409
11/13/2003,ACY,NJ,AEA,EN,Towers with Radar,28,0,0,9,37,0,19,23,0,42,28,19,23,9,79,0,0,0,79
11/14/2003,ACY,NJ,AEA,EN,Towers with Radar,29,5,0,33,67,0,29,46,8,83,29,34,46,41,150,60,60,120,270
11/15/2003,ACY,NJ,AEA,EN,Towers with Radar,42,0,0,20,62,0,48,112,42,202,42,48,112,62,264,104,102,206,470
11/16/2003,ACY,NJ,AEA,EN,Towers with Radar,59,12,0,29,100,0,31,121,0,152,59,43,121,29,252,64,70,134,386
11/17/2003,ACY,NJ,AEA,EN,Towers with Radar,30,0,0,47,77,0,16,91,5,112,30,16,91,52,189,62,48,110,299
11/18/2003,ACY,NJ,AEA,EN,Towers with Radar,24,26,54,14,118,10,0,0,23,33,34,26,54,37,151,44,120,164,315
11/19/2003,ACY,NJ,AEA,EN,Towers with Radar,17,30,0,14,61,13,0,35,25,73,30,30,35,39,134,2,16,18,152
11/20/2003,ACY,NJ,AEA,EN,Towers with Radar,19,20,47,17,103,4,0,0,35,39,23,20,47,52,142,54,76,130,272
11/21/2003,ACY,NJ,AEA,EN,Towers with Radar,36,31,118,14,199,0,0,0,25,25,36,31,118,39,224,108,110,218,442
11/22/2003,ACY,NJ,AEA,EN,Towers with Radar,24,34,118,14,190,13,0,0,9,22,37,34,118,23,212,140,54,194,406
11/23/2003,ACY,NJ,AEA,EN,Towers with Radar,31,37,80,7,155,20,0,33,0,53,51,37,113,7,208,76,28,104,312
11/24/2003,ACY,NJ,AEA,EN,Towers with Radar,25,16,52,14,107,13,0,0,47,60,38,16,52,61,167,120,172,292,459
11/25/2003,ACY,NJ,AEA,EN,Towers with Radar,18,14,108,14,154,13,0,0,72,85,31,14,108,86,239,64,124,188,427
11/26/2003,ACY,NJ,AEA,EN,Towers with Radar,14,31,78,14,137,21,0,0,22,43,35,31,78,36,180,66,72,138,318
11/27/2003,ACY,NJ,AEA,EN,Towers with Radar,16,10,0,10,36,6,0,38,0,44,22,10,38,10,80,44,10,54,134
11/28/2003,ACY,NJ,AEA,EN,Towers with Radar,33,36,8,14,91,22,1,27,0,50,55,37,35,14,141,0,0,0,141
11/29/2003,ACY,NJ,AEA,EN,Towers with Radar,22,23,0,4,49,13,0,22,0,35,35,23,22,4,84,0,22,22,106
11/30/2003,ACY,NJ,AEA,EN,Towers with Radar,28,22,82,11,143,13,0,0,0,13,41,22,82,11,156,86,38,124,280
12/01/2003,ACY,NJ,AEA,EN,Towers with Radar,30,11,38,32,111,11,19,14,0,44,41,30,52,32,155,18,32,50,205
12/02/2003,ACY,NJ,AEA,EN,Towers with Radar,30,15,27,81,153,14,22,6,0,42,44,37,33,81,195,114,192,306,501
12/03/2003,ACY,NJ,AEA,EN,Towers with Radar,35,18,39,89,181,0,0,0,0,0,35,18,39,89,181,120,44,164,345
12/04/2003,ACY,NJ,AEA,EN,Towers with Radar,34,17,46,79,176,0,14,28,7,49,34,31,74,86,225,52,100,152,377
12/05/2003,ACY,NJ,AEA,EN,Towers with Radar,56,29,48,16,149,0,0,0,0,0,56,29,48,16,149,4,28,32,181
12/06/2003,ACY,NJ,AEA,EN,Towers with Radar,44,10,21,0,75,5,0,4,0,9,49,10,25,0,84,0,0,0,84
12/07/2003,ACY,NJ,AEA,EN,Towers with Radar,49,26,50,18,143,0,0,0,0,0,49,26,50,18,143,82,42,124,267
12/08/2003,ACY,NJ,AEA,EN,Towers with Radar,38,14,26,13,91,0,0,16,9,25,38,14,42,22,116,2,28,30,146
12/09/2003,ACY,NJ,AEA,EN,Towers with Radar,24,12,38,77,151,0,8,32,17,57,24,20,70,94,208,56,116,172,380
12/10/2003,ACY,NJ,AEA,EN,Towers with Radar,32,16,38,58,144,0,12,15,16,43,32,28,53,74,187,32,52,84,271
12/11/2003,ACY,NJ,AEA,EN,Towers with Radar,28,19,49,19,115,0,11,6,23,40,28,30,55,42,155,24,20,44,199
12/12/2003,ACY,NJ,AEA,EN,Towers with Radar,39,18,60,76,193,7,9,27,34,77,46,27,87,110,270,76,176,252,522
12/13/2003,ACY,NJ,AEA,EN,Towers with Radar,36,23,51,27,137,0,0,62,0,62,36,23,113,27,199,110,52,162,361
12/14/2003,ACY,NJ,AEA,EN,Towers with Radar,40,19,33,10,102,0,26,7,10,43,40,45,40,20,145,20,33,53,198
12/15/2003,ACY,NJ,AEA,EN,Towers with Radar,24,13,21,28,86,0,2,14,15,31,24,15,35,43,117,46,112,158,275
12/16/2003,ACY,NJ,AEA,EN,Towers with Radar,20,12,40,48,120,0,0,23,21,44,20,12,63,69,164,54,134,188,352
12/17/2003,ACY,NJ,AEA,EN,Towers with Radar,28,11,29,14,82,2,4,4,4,14,30,15,33,18,96,12,64,76,172
12/18/2003,ACY,NJ,AEA,EN,Towers with Radar,34,18,49,84,185,17,7,0,10,34,51,25,49,94,219,32,138,170,389
12/19/2003,ACY,NJ,AEA,EN,Towers with Radar,28,20,78,35,161,0,0,11,0,11,28,20,89,35,172,92,44,136,308
12/20/2003,ACY,NJ,AEA,EN,Towers with Radar,32,14,36,16,98,2,1,40,0,43,34,15,76,16,141,32,64,96,237
12/21/2003,ACY,NJ,AEA,EN,Towers with Radar,31,10,20,2,63,0,6,40,3,49,31,16,60,5,112,22,6,28,140
12/22/2003,ACY,NJ,AEA,EN,Towers with Radar,26,5,19,17,67,0,0,21,0,21,26,5,40,17,88,34,70,104,192
12/23/2003,ACY,NJ,AEA,EN,Towers with Radar,29,4,40,25,98,0,10,37,9,56,29,14,77,34,154,50,78,128,282
12/24/2003,ACY,NJ,AEA,EN,Towers with Radar,32,5,19,21,77,0,0,4,10,14,32,5,23,31,91,10,14,24,115
12/25/2003,ACY,NJ,AEA,EN,Towers with Radar,29,4,12,1,46,5,0,12,8,25,34,4,24,9,71,24,0,24,95
12/26/2003,ACY,NJ,AEA,EN,Towers with Radar,36,12,51,12,111,0,0,0,0,0,36,12,51,12,111,28,4,32,143
12/27/2003,ACY,NJ,AEA,EN,Towers with Radar,32,17,32,7,88,0,7,40,0,47,32,24,72,7,135,40,6,46,181
12/28/2003,ACY,NJ,AEA,EN,Towers with Radar,35,18,21,9,83,0,0,35,3,38,35,18,56,12,121,66,38,104,225
12/29/2003,ACY,NJ,AEA,EN,Towers with Radar,38,14,16,40,108,0,0,57,16,73,38,14,73,56,181,60,116,176,357
12/30/2003,ACY,NJ,AEA,EN,Towers with Radar,35,10,22,17,84,0,0,0,1,1,35,10,22,18,85,22,48,70,155
12/31/2003,ACY,NJ,AEA,EN,Towers with Radar,37,18,42,14,111,0,0,18,9,27,37,18,60,23,138,54,38,92,230
01/01/2004,ACY,NJ,AEA,EN,Towers with Radar,38,20,35,2,95,0,0,83,5,88,38,20,118,7,183,32,20,52,235
01/02/2004,ACY,NJ,AEA,EN,Towers with Radar,31,10,30,5,76,9,3,9,3,24,40,13,39,8,100,18,4,22,122
01/03/2004,ACY,NJ,AEA,EN,Towers with Radar,33,14,33,11,91,3,9,12,4,28,36,23,45,15,119,18,2,20,139
01/04/2004,ACY,NJ,AEA,EN,Towers with Radar,28,15,24,2,69,0,0,0,2,2,28,15,24,4,71,10,6,16,87
01/05/2004,ACY,NJ,AEA,EN,Towers with Radar,21,8,17,28,74,0,0,8,0,8,21,8,25,28,82,0,6,6,88
01/06/2004,ACY,NJ,AEA,EN,Towers with Radar,38,22,36,46,142,0,0,12,0,12,38,22,48,46,154,16,64,80,234
01/07/2004,ACY,NJ,AEA,EN,Towers with Radar,39,25,24,69,157,0,0,35,0,35,39,25,59,69,192,52,154,206,398
01/08/2004,ACY,NJ,AEA,EN,Towers with Radar,32,22,74,93,221,0,0,0,0,0,32,22,74,93,221,64,172,236,457
01/09/2004,ACY,NJ,AEA,EN,Towers with Radar,38,21,46,58,163,0,4,26,0,30,38,25,72,58,193,60,200,260,453
01/10/2004,ACY,NJ,AEA,EN,Towers with Radar,30,18,33,39,120,0,0,60,13,73,30,18,93,52,193,80,78,158,351
01/11/2004,ACY,NJ,AEA,EN,Towers with Radar,45,22,30,5,102,0,5,29,15,49,45,27,59,20,151,36,50,86,237
01/12/2004,ACY,NJ,AEA,EN,Towers with Radar,32,24,30,18,104,0,8,40,6,54,32,32,70,24,158,62,42,104,262
01/13/2004,ACY,NJ,AEA,EN,Towers with Radar,32,18,20,59,129,0,0,47,0,47,32,18,67,59,176,84,136,220,396
01/14/2004,ACY,NJ,AEA,EN,Towers with Radar,34,31,48,71,184,0,0,0,0,0,34,31,48,71,184,32,115,147,331
01/15/2004,ACY,NJ,AEA,EN,Towers with Radar,31,23,19,25,98,9,9,16,45,79,40,32,35,70,177,22,97,119,296
01/16/2004,ACY,NJ,AEA,EN,Towers with Radar,46,31,29,18,124,0,3,16,36,55,46,34,45,54,179,4,32,36,215
01/17/2004,ACY,NJ,AEA,EN,Towers with Radar,36,15,43,13,107,4,21,47,13,85,40,36,90,26,192,102,54,156,348
01/18/2004,ACY,NJ,AEA,EN,Towers with Radar,42,12,19,3,76,0,6,22,7,35,42,18,41,10,111,0,0,0,111
01/19/2004,ACY,NJ,AEA,EN,Towers with Radar,38,20,37,15,110,17,9,25,22,73,55,29,62,37,183,70,32,102,285
01/20/2004,ACY,NJ,AEA,EN,Towers with Radar,42,22,44,68,176,0,0,0,0,0,42,22,44,68,176,46,90,136,312
01/21/2004,ACY,NJ,AEA,EN,Towers with Radar,29,22,43,82,176,0,0,15,21,36,29,22,58,103,212,65,143,208,420
01/22/2004,ACY,NJ,AEA,EN,Towers with Radar,35,15,36,51,137,0,0,50,20,70,35,15,86,71,207,78,88,166,373
01/23/2004,ACY,NJ,AEA,EN,Towers with Radar,47,32,47,31,157,0,0,26,14,40,47,32,73,45,197,80,140,220,417
01/24/2004,ACY,NJ,AEA,EN,Towers with Radar,31,15,35,0,81,0,6,26,10,42,31,21,61,10,123,22,56,78,201
01/25/2004,ACY,NJ,AEA,EN,Towers with Radar,38,21,53,23,135,0,0,11,0,11,38,21,64,23,146,72,68,140,286
01/26/2004,ACY,NJ,AEA,EN,Towers with Radar,25,6,9,0,40,0,0,9,4,13,25,6,18,4,53,22,8,30,83
01/27/2004,ACY,NJ,AEA,EN,Towers with Radar,31,13,6,0,50,2,2,16,0,20,33,15,22,0,70,0,0,0,70
01/28/2004,ACY,NJ,AEA,EN,Towers with Radar,28,17,27,20,92,0,2,0,3,5,28,19,27,23,97,48,100,148,245
01/29/2004,ACY,NJ,AEA,EN,Towers with Radar,31,20,39,34,124,0,4,19,0,23,31,24,58,34,147,18,34,52,199
01/30/2004,ACY,NJ,AEA,EN,Towers with Radar,31,24,37,37,129,0,0,2,0,2,31,24,39,37,131,38,128,166,297
01/31/2004,ACY,NJ,AEA,EN,Towers with Radar,35,11,31,19,96,0,1,5,6,12,35,12,36,25,108,48,78,126,234
02/01/2004,ACY,NJ,AEA,EN,Towers with Radar,42,18,39,10,109,1,18,52,52,123,43,36,91,62,232,82,122,204,436
02/02/2004,ACY,NJ,AEA,EN,Towers with Radar,24,9,57,19,109,0,0,0,19,19,24,9,57,38,128,32,100,132,260
02/03/2004,ACY,NJ,AEA,EN,Towers with Radar,33,12,28,37,110,0,0,7,0,7,33,12,35,37,117,20,18,38,155
02/04/2004,ACY,NJ,AEA,EN,Towers with Radar,37,16,31,62,146,1,0,36,0,37,38,16,67,62,183,90,148,238,421
02/05/2004,ACY,NJ,AEA,EN,Towers with Radar,33,19,63,73,188,0,22,19,0,41,33,41,82,73,229,46,122,168,397
02/06/2004,ACY,NJ,AEA,EN,Towers with Radar,42,30,37,40,149,0,6,0,0,6,42,36,37,40,155,2,22,24,179
02/07/2004,ACY,NJ,AEA,EN,Towers with Radar,29,12,45,29,115,0,3,0,0,3,29,15,45,29,118,102,130,232,350
02/08/2004,ACY,NJ,AEA,EN,Towers with Radar,42,19,64,12,137,0,0,15,0,15,42,19,79,12,152,166,72,238,390
02/09/2004,ACY,NJ,AEA,EN,Towers with Radar,32,16,23,32,103,0,0,19,0,19,32,16,42,32,122,42,74,116,238
02/10/2004,ACY,NJ,AEA,EN,Towers with Radar,28,15,40,92,175,0,0,47,0,47,28,15,87,92,222,72,116,188,410
02/11/2004,ACY,NJ,AEA,EN,Towers with Radar,28,20,45,56,149,0,0,26,0,26,28,20,71,56,175,40,96,136,311
02/12/2004,ACY,NJ,AEA,EN,Towers with Radar,30,18,34,52,134,0,0,45,12,57,30,18,79,64,191,36,88,124,315
02/13/2004,ACY,NJ,AEA,EN,Towers with Radar,35,24,58,24,141,1,0,15,21,37,36,24,73,45,178,30,82,112,290
02/14/2004,ACY,NJ,AEA,EN,Towers with Radar,39,16,35,38,128,2,0,45,16,63,41,16,80,54,191,74,118,192,383
02/15/2004,ACY,NJ,AEA,EN,Towers with Radar,37,32,41,3,113,0,1,36,10,47,37,33,77,13,160,90,0,90,250
02/16/2004,ACY,NJ,AEA,EN,Towers with Radar,37,26,28,15,106,0,0,46,2,48,37,26,74,17,154,48,46,94,248
02/17/2004,ACY,NJ,AEA,EN,Towers with Radar,37,14,50,56,157,1,0,66,14,81,38,14,116,70,238,88,98,186,424
02/18/2004,ACY,NJ,AEA,EN,Towers with Radar,34,10,23,39,106,0,0,2,35,37,34,10,25,74,143,48,154,202,345
02/19/2004,ACY,NJ,AEA,EN,Towers with Radar,44,16,45,70,175,0,0,55,27,82,44,16,100,97,257,34,32,66,323
02/20/2004,ACY,NJ,AEA,EN,Towers with Radar,50,36,82,55,223,0,0,0,0,0,50,36,82,55,223,162,142,304,527
02/21/2004,ACY,NJ,AEA,EN,Towers with Radar,46,24,49,14,133,0,0,0,6,6,46,24,49,20,139,36,42,78,217
02/22/2004,ACY,NJ,AEA,EN,Towers with Radar,57,27,68,10,162,0,0,0,0,0,57,27,68,10,162,70,2,72,234
02/23/2004,ACY,NJ,AEA,EN,Towers with Radar,39,21,25,20,105,0,0,34,0,34,39,21,59,20,139,68,56,124,263
02/24/2004,ACY,NJ,AEA,EN,Towers with Radar,34,25,35,46,140,0,1,25,21,47,34,26,60,67,187,28,46,74,261
02/25/2004,ACY,NJ,AEA,EN,Towers with Radar,30,18,34,55,137,0,0,45,3,48,30,18,79,58,185,40,56,96,281
02/26/2004,ACY,NJ,AEA,EN,Towers with Radar,36,9,45,39,129,3,0,38,0,41,39,9,83,39,170,86,134,220,390
02/27/2004,ACY,NJ,AEA,EN,Towers with Radar,45,26,61,78,210,15,23,29,70,137,60,49,90,148,347,44,132,176,523
02/28/2004,ACY,NJ,AEA,EN,Towers with Radar,43,26,55,14,138,0,0,39,18,57,43,26,94,32,195,126,28,154,349
02/29/2004,ACY,NJ,AEA,EN,Towers with Radar,43,16,55,18,132,0,0,140,31,171,43,16,195,49,303,74,92,166,469
03/01/2004,ACY,NJ,AEA,EN,Towers with Radar,0,12,31,24,67,36,10,36,0,82,36,22,67,24,149,88,86,174,323
03/02/2004,ACY,NJ,AEA,EN,Towers with Radar,0,15,40,33,88,35,0,26,0,61,35,15,66,33,149,42,106,148,297
03/03/2004,ACY,NJ,AEA,EN,Towers with Radar,0,15,40,44,99,21,12,26,0,59,21,27,66,44,158,170,100,270,428
03/04/2004,ACY,NJ,AEA,EN,Towers with Radar,0,22,59,111,192,35,0,20,0,55,35,22,79,111,247,52,86,138,385
03/05/2004,ACY,NJ,AEA,EN,Towers with Radar,0,13,30,28,71,51,0,0,0,51,51,13,30,28,122,22,26,48,170
03/06/2004,ACY,NJ,AEA,EN,Towers with Radar,0,22,44,1,67,74,0,8,0,82,74,22,52,1,149,4,0,4,153
03/07/2004,ACY,NJ,AEA,EN,Towers with Radar,0,22,46,26,94,59,0,84,0,143,59,22,130,26,237,88,76,164,401
03/08/2004,ACY,NJ,AEA,EN,Towers with Radar,0,6,19,26,51,36,0,7,2,45,36,6,26,28,96,0,54,54,150
03/09/2004,ACY,NJ,AEA,EN,Towers with Radar,0,13,40,44,97,41,9,30,6,86,41,22,70,50,183,22,68,90,273
03/10/2004,ACY,NJ,AEA,EN,Towers with Radar,0,9,37,42,88,44,27,27,0,98,44,36,64,42,186,34,90,124,310
03/11/2004,ACY,NJ,AEA,EN,Towers with Radar,0,16,46,50,112,47,24,38,19,128,47,40,84,69,240,66,64,130,370
03/12/2004,ACY,NJ,AEA,EN,Towers with Radar,43,18,46,18,125,0,0,0,17,17,43,18,46,35,142,20,96,116,258
03/13/2004,ACY,NJ,AEA,EN,Towers with Radar,38,24,70,18,150,0,1,17,25,43,38,25,87,43,193,26,72,98,291
03/14/2004,ACY,NJ,AEA,EN,Towers with Radar,55,25,48,18,146,0,8,86,2,96,55,33,134,20,242,106,16,122,364
03/15/2004,ACY,NJ,AEA,EN,Towers with Radar,40,18,30,18,106,12,14,21,24,71,52,32,51,42,177,58,146,204,381
03/16/2004,ACY,NJ,AEA,EN,Towers with Radar,0,13,18,10,41,39,6,5,0,50,39,19,23,10,91,4,34,38,129
03/17/2004,ACY,NJ,AEA,EN,Towers with Radar,43,15,25,22,105,0,20,34,42,96,43,35,59,64,201,56,72,128,329
03/18/2004,ACY,NJ,AEA,EN,Towers with Radar,39,16,59,26,140,0,0,20,42,62,39,16,79,68,202,108,62,170,372
03/19/2004,ACY,NJ,AEA,EN,Towers with Radar,29,18,51,18,116,38,0,0,2,40,67,18,51,20,156,44,78,122,278
03/20/2004,ACY,NJ,AEA,EN,Towers with Radar,31,23,28,18,100,10,0,56,4,70,41,23,84,22,170,112,90,202,372
03/21/2004,ACY,NJ,AEA,EN,Towers with Radar,0,18,36,5,59,48,3,24,0,75,48,21,60,5,134,10,0,10,144
03/22/2004,ACY,NJ,AEA,EN,Towers with Radar,33,14,35,41,123,0,4,44,12,60,33,18,79,53,183,122,156,278,461
03/23/2004,ACY,NJ,AEA,EN,Towers with Radar,51,18,50,55,174,0,12,44,9,65,51,30,94,64,239,138,162,300,539
03/24/2004,ACY,NJ,AEA,EN,Towers with Radar,40,26,56,75,197,0,9,73,22,104,40,35,129,97,301,138,154,292,593
03/25/2004,ACY,NJ,AEA,EN,Towers with Radar,31,21,53,58,163,0,0,0,28,28,31,21,53,86,191,10,132,142,333
03/26/2004,ACY,NJ,AEA,EN,Towers with Radar,46,24,88,99,257,0,15,16,24,55,46,39,104,123,312,40,150,190,502
03/27/2004,ACY,NJ,AEA,EN,Towers with Radar,32,19,72,12,135,0,1,25,0,26,32,20,97,12,161,60,16,76,237
03/28/2004,ACY,NJ,AEA,EN,Towers with Radar,47,20,67,3,137,0,18,32,0,50,47,38,99,3,187,36,0,36,223
03/29/2004,ACY,NJ,AEA,EN,Towers with Radar,38,18,41,28,125,0,1,33,37,71,38,19,74,65,196,76,100,176,372
03/30/2004,ACY,NJ,AEA,EN,Towers with Radar,35,18,43,23,119,0,0,0,41,41,35,18,43,64,160,10,10,20,180
03/31/2004,ACY,NJ,AEA,EN,Towers with Radar,37,15,49,33,134,7,17,3,41,68,44,32,52,74,202,14,24,38,240
04/01/2004,ACY,NJ,AEA,EN,Towers with Radar,0,21,39,7,67,39,0,8,0,47,39,21,47,7,114,2,2,4,118
04/02/2004,ACY,NJ,AEA,EN,Towers with Radar,0,19,51,40,110,49,0,0,0,49,49,19,51,40,159,2,30,32,191
04/03/2004,ACY,NJ,AEA,EN,Towers with Radar,0,10,44,26,80,42,18,1,0,61,42,28,45,26,141,100,20,120,261
04/04/2004,ACY,NJ,AEA,EN,Towers with Radar,0,14,27,6,47,56,2,12,0,70,56,16,39,6,117,8,0,8,125
04/05/2004,ACY,NJ,AEA,EN,Towers with Radar,0,11,19,40,70,35,0,20,0,55,35,11,39,40,125,64,98,162,287
04/06/2004,ACY,NJ,AEA,EN,Towers with Radar,0,15,36,123,174,36,1,56,22,115,36,16,92,145,289,64,188,252,541
04/07/2004,ACY,NJ,AEA,EN,Towers with Radar,0,21,34,74,129,47,13,39,0,99,47,34,73,74,228,54,110,164,392
04/08/2004,ACY,NJ,AEA,EN,Towers with Radar,36,21,52,35,144,0,0,16,44,60,36,21,68,79,204,38,82,120,324
04/09/2004,ACY,NJ,AEA,EN,Towers with Radar,22,15,44,25,106,26,1,54,19,100,48,16,98,44,206,39,110,149,355
04/10/2004,ACY,NJ,AEA,EN,Towers with Radar,0,9,36,4,49,36,0,71,0,107,36,9,107,4,156,160,100,260,416
04/11/2004,ACY,NJ,AEA,EN,Towers with Radar,0,12,37,12,61,32,5,0,0,37,32,17,37,12,98,16,28,44,142
04/12/2004,ACY,NJ,AEA,EN,Towers with Radar,0,11,28,24,63,37,0,7,0,44,37,11,35,24,107,14,28,42,149
04/13/2004,ACY,NJ,AEA,EN,Towers with Radar,0,17,10,25,52,40,0,0,4,44,40,17,10,29,96,0,0,0,96
04/14/2004,ACY,NJ,AEA,EN,Towers with Radar,27,19,34,43,123,8,1,16,6,31,35,20,50,49,154,0,20,20,174
04/15/2004,ACY,NJ,AEA,EN,Towers with Radar,49,33,88,88,258,0,0,0,0,0,49,33,88,88,258,26,46,72,330
04/16/2004,ACY,NJ,AEA,EN,Towers with Radar,10,23,46,25,104,47,0,70,35,152,57,23,116,60,256,124,110,234,490
04/17/2004,ACY,NJ,AEA,EN,Towers with Radar,70,22,99,25,216,0,53,21,41,115,70,75,120,66,331,100,140,240,571
04/18/2004,ACY,NJ,AEA,EN,Towers with Radar,71,37,69,25,202,0,11,55,31,97,71,48,124,56,299,118,166,284,583
04/19/2004,ACY,NJ,AEA,EN,Towers with Radar,19,11,41,25,96,20,0,56,8,84,39,11,97,33,180,24,80,104,284
04/20/2004,ACY,NJ,AEA,EN,Towers with Radar,50,27,40,42,159,0,12,63,34,109,50,39,103,76,268,66,128,194,462
04/21/2004,ACY,NJ,AEA,EN,Towers with Radar,41,16,74,52,183,0,0,0,0,0,41,16,74,52,183,22,78,100,283
04/22/2004,ACY,NJ,AEA,EN,Towers with Radar,29,18,44,30,121,0,2,10,0,12,29,20,54,30,133,56,70,126,259
04/23/2004,ACY,NJ,AEA,EN,Towers with Radar,2,25,64,25,116,47,0,35,41,123,49,25,99,66,239,88,94,182,421
04/24/2004,ACY,NJ,AEA,EN,Towers with Radar,0,13,43,25,81,50,19,105,27,201,50,32,148,52,282,116,136,252,534
04/25/2004,ACY,NJ,AEA,EN,Towers with Radar,23,24,57,25,129,52,24,16,0,92,75,48,73,25,221,124,40,164,385
04/26/2004,ACY,NJ,AEA,EN,Towers with Radar,0,9,26,25,60,35,0,0,17,52,35,9,26,42,112,0,38,38,150
04/27/2004,ACY,NJ,AEA,EN,Towers with Radar,42,14,56,58,170,0,0,0,0,0,42,14,56,58,170,52,84,136,306
04/28/2004,ACY,NJ,AEA,EN,Towers with Radar,47,24,82,83,236,0,10,34,19,63,47,34,116,102,299,74,146,220,519
04/29/2004,ACY,NJ,AEA,EN,Towers with Radar,11,19,34,38,102,27,0,0,26,53,38,19,34,64,155,36,54,90,245
04/30/2004,ACY,NJ,AEA,EN,Towers with Radar,29,23,80,24,156,13,11,56,44,124,42,34,136,68,280,64,76,140,420
05/01/2004,ACY,NJ,AEA,EN,Towers with Radar,37,15,41,90,183,0,5,109,23,137,37,20,150,113,320,146,124,270,590
05/02/2004,ACY,NJ,AEA,EN,Towers with Radar,38,25,60,15,138,0,0,52,44,96,38,25,112,59,234,108,26,134,368
05/03/2004,ACY,NJ,AEA,EN,Towers with Radar,48,1,36,35,120,0,13,47,9,69,48,14,83,44,189,40,80,120,309
05/04/2004,ACY,NJ,AEA,EN,Towers with Radar,46,28,90,58,222,0,5,15,9,29,46,33,105,67,251,50,19,69,320
05/05/2004,ACY,NJ,AEA,EN,Towers with Radar,35,20,43,30,128,0,8,44,35,87,35,28,87,65,215,38,102,140,355
05/06/2004,ACY,NJ,AEA,EN,Towers with Radar,27,13,32,65,137,0,5,94,16,115,27,18,126,81,252,122,96,218,470
05/07/2004,ACY,NJ,AEA,EN,Towers with Radar,40,25,31,17,113,0,10,49,33,92,40,35,80,50,205,70,100,170,375
05/08/2004,ACY,NJ,AEA,EN,Towers with Radar,32,9,15,8,64,0,4,58,26,88,32,13,73,34,152,22,46,68,220
05/09/2004,ACY,NJ,AEA,EN,Towers with Radar,29,16,21,0,66,0,6,55,4,65,29,22,76,4,131,48,28,76,207
05/10/2004,ACY,NJ,AEA,EN,Towers with Radar,27,6,31,59,123,0,1,53,14,68,27,7,84,73,191,60,158,218,409
05/11/2004,ACY,NJ,AEA,EN,Towers with Radar,30,10,16,34,90,0,11,61,41,113,30,21,77,75,203,50,170,220,423
05/12/2004,ACY,NJ,AEA,EN,Towers with Radar,28,15,27,28,98,0,6,89,72,167,28,21,116,100,265,56,108,164,429
05/13/2004,ACY,NJ,AEA,EN,Towers with Radar,36,5,39,40,120,0,19,44,42,105,36,24,83,82,225,102,98,200,425
05/14/2004,ACY,NJ,AEA,EN,Towers with Radar,37,34,72,34,177,0,0,4,12,16,37,34,76,46,193,34,84,118,311
05/15/2004,ACY,NJ,AEA,EN,Towers with Radar,35,18,53,32,138,0,3,58,2,63,35,21,111,34,201,48,100,148,349
05/16/2004,ACY,NJ,AEA,EN,Towers with Radar,49,22,80,4,155,0,4,11,31,46,49,26,91,35,201,156,84,240,441
05/17/2004,ACY,NJ,AEA,EN,Towers with Radar,41,21,38,55,155,0,4,16,8,28,41,25,54,63,183,40,68,108,291
05/18/2004,ACY,NJ,AEA,EN,Towers with Radar,34,17,27,54,132,0,3,36,0,39,34,20,63,54,171,20,72,92,263
05/19/2004,ACY,NJ,AEA,EN,Towers with Radar,14,26,46,55,141,11,0,0,0,11,25,26,46,55,152,22,64,86,238
05/20/2004,ACY,NJ,AEA,EN,Towers with Radar,23,19,87,126,255,22,0,31,5,58,45,19,118,131,313,104,182,286,599
05/21/2004,ACY,NJ,AEA,EN,Towers with Radar,14,23,67,32,136,21,0,0,0,21,35,23,67,32,157,36,10,46,203
05/22/2004,ACY,NJ,AEA,EN,Towers with Radar,14,19,87,16,136,36,16,53,44,149,50,35,140,60,285,148,70,218,503
05/23/2004,ACY,NJ,AEA,EN,Towers with Radar,23,40,90,12,165,45,22,110,57,234,68,62,200,69,399,94,68,162,561
05/24/2004,ACY,NJ,AEA,EN,Towers with Radar,14,20,54,85,173,42,7,43,32,124,56,27,97,117,297,78,150,228,525
05/25/2004,ACY,NJ,AEA,EN,Towers with Radar,14,30,63,62,169,16,0,0,0,16,30,30,63,62,185,40,108,148,333
05/26/2004,ACY,NJ,AEA,EN,Towers with Radar,14,6,22,33,75,2,0,0,0,2,16,6,22,33,77,6,10,16,93
05/27/2004,ACY,NJ,AEA,EN,Towers with Radar,14,22,80,74,190,33,18,0,0,51,47,40,80,74,241,80,100,180,421
05/28/2004,ACY,NJ,AEA,EN,Towers with Radar,14,25,89,82,210,22,0,0,0,22,36,25,89,82,232,138,102,240,472
05/29/2004,ACY,NJ,AEA,EN,Towers with Radar,18,22,52,24,116,29,9,104,24,166,47,31,156,48,282,108,102,210,492
05/30/2004,ACY,NJ,AEA,EN,Towers with Radar,16,29,70,3,118,13,0,53,0,66,29,29,123,3,184,88,4,92,276
05/31/2004,ACY,NJ,AEA,EN,Towers with Radar,13,25,45,6,89,17,0,0,0,17,30,25,45,6,106,0,2,2,108
06/01/2004,ACY,NJ,AEA,EN,Towers with Radar,21,14,39,42,116,0,0,34,11,45,21,14,73,53,161,20,38,58,219
06/02/2004,ACY,NJ,AEA,EN,Towers with Radar,22,16,23,8,69,2,12,48,16,78,24,28,71,24,147,92,68,160,307
06/03/2004,ACY,NJ,AEA,EN,Towers with Radar,34,25,68,33,160,11,9,42,43,105,45,34,110,76,265,112,146,258,523
06/04/2004,ACY,NJ,AEA,EN,Towers with Radar,41,35,73,49,198,7,0,11,0,18,48,35,84,49,216,148,80,228,444
06/05/2004,ACY,NJ,AEA,EN,Towers with Radar,29,35,67,20,151,13,0,92,0,105,42,35,159,20,256,44,4,48,304
06/06/2004,ACY,NJ,AEA,EN,Towers with Radar,32,30,79,5,146,0,0,1,3,4,32,30,80,8,150,20,30,50,200
06/07/2004,ACY,NJ,AEA,EN,Towers with Radar,31,16,65,23,135,0,0,17,20,37,31,16,82,43,172,36,76,112,284
06/08/2004,ACY,NJ,AEA,EN,Towers with Radar,21,7,52,19,99,9,20,20,11,60,30,27,72,30,159,100,40,140,299
06/09/2004,ACY,NJ,AEA,EN,Towers with Radar,29,27,68,35,159,3,3,55,14,75,32,30,123,49,234,50,150,200,434
06/10/2004,ACY,NJ,AEA,EN,Towers with Radar,26,20,48,27,121,0,0,40,32,72,26,20,88,59,193,42,72,114,307
06/11/2004,ACY,NJ,AEA,EN,Towers with Radar,35,23,72,22,152,9,12,20,11,52,44,35,92,33,204,42,28,70,274
06/12/2004,ACY,NJ,AEA,EN,Towers with Radar,45,24,71,12,152,0,0,0,20,20,45,24,71,32,172,62,96,158,330
06/13/2004,ACY,NJ,AEA,EN,Towers with Radar,35,29,39,7,110,10,0,75,7,92,45,29,114,14,202,116,86,202,404
06/14/2004,ACY,NJ,AEA,EN,Towers with Radar,30,23,54,57,164,0,0,8,0,8,30,23,62,57,172,34,134,168,340
06/15/2004,ACY,NJ,AEA,EN,Towers with Radar,21,15,39,31,106,0,4,11,8,23,21,19,50,39,129,48,72,120,249
06/16/2004,ACY,NJ,AEA,EN,Towers with Radar,27,18,79,69,193,0,0,0,0,0,27,18,79,69,193,52,102,154,347
06/17/2004,ACY,NJ,AEA,EN,Towers with Radar,28,21,61,44,154,12,2,0,0,14,40,23,61,44,168,18,52,70,238
06/18/2004,ACY,NJ,AEA,EN,Towers with Radar,44,29,70,30,173,0,0,15,0,15,44,29,85,30,188,72,82,154,342
06/19/2004,ACY,NJ,AEA,EN,Towers with Radar,49,31,57,7,144,0,0,0,0,0,49,31,57,7,144,82,4,86,230
06/20/2004,ACY,NJ,AEA,EN,Towers with Radar,36,24,44,0,104,0,2,43,20,65,36,26,87,20,169,66,30,96,265
06/21/2004,ACY,NJ,AEA,EN,Towers with Radar,30,7,20,17,74,0,8,0,5,13,30,15,20,22,87,16,52,68,155
06/22/2004,ACY,NJ,AEA,EN,Towers with Radar,30,19,52,21,122,25,37,40,40,142,55,56,92,61,264,80,124,204,468
06/23/2004,ACY,NJ,AEA,EN,Towers with Radar,23,22,67,45,157,11,2,51,34,98,34,24,118,79,255,44,132,176,431
06/24/2004,ACY,NJ,AEA,EN,Towers with Radar,29,20,53,39,141,0,0,37,0,37,29,20,90,39,178,34,24,58,236
06/25/2004,ACY,NJ,AEA,EN,Towers with Radar,57,43,86,5,191,8,3,15,42,68,65,46,101,47,259,26,72,98,357
06/26/2004,ACY,NJ,AEA,EN,Towers with Radar,37,29,74,0,140,0,0,23,14,37,37,29,97,14,177,72,18,90,267
06/27/2004,ACY,NJ,AEA,EN,Towers with Radar,47,38,67,24,176,0,0,88,0,88,47,38,155,24,264,120,40,160,424
06/28/2004,ACY,NJ,AEA,EN,Towers with Radar,36,23,40,33,132,0,0,51,11,62,36,23,91,44,194,124,68,192,386
06/29/2004,ACY,NJ,AEA,EN,Towers with Radar,36,22,55,43,156,3,0,29,0,32,39,22,84,43,188,78,104,182,370
06/30/2004,ACY,NJ,AEA,EN,Towers with Radar,36,38,39,39,152,0,0,92,0,92,36,38,131,39,244,120,74,194,438
07/01/2004,ACY,NJ,AEA,EN,Towers with Radar,39,28,74,59,200,0,0,29,0,29,39,28,103,59,229,62,154,216,445
07/02/2004,ACY,NJ,AEA,EN,Towers with Radar,26,22,80,18,146,0,7,2,0,9,26,29,82,18,155,4,6,10,165
07/03/2004,ACY,NJ,AEA,EN,Towers with Radar,30,17,37,4,88,4,0,101,6,111,34,17,138,10,199,160,62,222,421
07/04/2004,ACY,NJ,AEA,EN,Towers with Radar,34,13,36,1,84,0,0,33,27,60,34,13,69,28,144,68,60,128,272
07/05/2004,ACY,NJ,AEA,EN,Towers with Radar,33,16,62,2,113,0,0,40,10,50,33,16,102,12,163,70,32,102,265
07/06/2004,ACY,NJ,AEA,EN,Towers with Radar,26,15,51,30,122,0,7,121,3,131,26,22,172,33,253,44,35,79,332
07/07/2004,ACY,NJ,AEA,EN,Towers with Radar,24,21,27,26,98,8,3,55,3,69,32,24,82,29,167,48,60,108,275
07/08/2004,ACY,NJ,AEA,EN,Towers with Radar,32,14,66,50,162,0,8,29,0,37,32,22,95,50,199,36,112,148,347
07/09/2004,ACY,NJ,AEA,EN,Towers with Radar,50,37,69,56,212,1,16,115,9,141,51,53,184,65,353,82,110,192,545
07/10/2004,ACY,NJ,AEA,EN,Towers with Radar,32,20,53,11,116,0,0,0,0,0,32,20,53,11,116,84,50,134,250
07/11/2004,ACY,NJ,AEA,EN,Towers with Radar,68,47,74,35,224,0,0,109,6,115,68,47,183,41,339,102,74,176,515
07/12/2004,ACY,NJ,AEA,EN,Towers with Radar,40,22,38,44,144,0,0,4,4,8,40,22,42,48,152,12,4,16,168
07/13/2004,ACY,NJ,AEA,EN,Towers with Radar,40,15,45,49,149,15,14,37,26,92,55,29,82,75,241,82,72,154,395
07/14/2004,ACY,NJ,AEA,EN,Towers with Radar,26,13,49,33,121,26,25,49,45,145,52,38,98,78,266,106,102,208,474
07/15/2004,ACY,NJ,AEA,EN,Towers with Radar,33,17,55,64,169,0,0,34,2,36,33,17,89,66,205,26,56,82,287
07/16/2004,ACY,NJ,AEA,EN,Towers with Radar,35,21,50,26,132,9,13,81,8,111,44,34,131,34,243,100,52,152,395
07/17/2004,ACY,NJ,AEA,EN,Towers with Radar,34,10,50,18,112,6,10,50,32,98,40,20,100,50,210,90,30,120,330
07/18/2004,ACY,NJ,AEA,EN,Towers with Radar,41,15,51,13,120,0,7,0,0,7,41,22,51,13,127,14,6,20,147
07/19/2004,ACY,NJ,AEA,EN,Towers with Radar,40,28,45,52,165,0,0,24,0,24,40,28,69,52,189,68,102,170,359
07/20/2004,ACY,NJ,AEA,EN,Towers with Radar,38,24,64,72,198,11,16,64,2,93,49,40,128,74,291,98,100,198,489
07/21/2004,ACY,NJ,AEA,EN,Towers with Radar,40,24,66,56,186,39,51,89,42,221,79,75,155,98,407,132,176,308,715
07/22/2004,ACY,NJ,AEA,EN,Towers with Radar,49,27,94,57,227,7,6,0,30,43,56,33,94,87,270,20,90,110,380
07/23/2004,ACY,NJ,AEA,EN,Towers with Radar,40,30,90,87,247,0,0,69,12,81,40,30,159,99,328,98,60,158,486
07/24/2004,ACY,NJ,AEA,EN,Towers with Radar,38,33,71,3,145,0,0,19,2,21,38,33,90,5,166,40,32,72,238
07/25/2004,ACY,NJ,AEA,EN,Towers with Radar,51,42,92,6,191,0,2,37,26,65,51,44,129,32,256,38,42,80,336
07/26/2004,ACY,NJ,AEA,EN,Towers with Radar,32,13,36,70,151,0,7,39,8,54,32,20,75,78,205,114,124,238,443
07/27/2004,ACY,NJ,AEA,EN,Towers with Radar,45,22,48,72,187,31,34,38,52,155,76,56,86,124,342,24,94,118,460
07/28/2004,ACY,NJ,AEA,EN,Towers with Radar,33,16,46,31,126,26,26,0,17,69,59,42,46,48,195,5,28,33,228
07/29/2004,ACY,NJ,AEA,EN,Towers with Radar,32,20,59,32,143,0,6,59,34,99,32,26,118,66,242,114,112,226,468
07/30/2004,ACY,NJ,AEA,EN,Towers with Radar,34,9,48,48,139,0,19,95,28,142,34,28,143,76,281,120,88,208,489
07/31/2004,ACY,NJ,AEA,EN,Towers with Radar,31,11,45,7,94,5,8,13,10,36,36,19,58,17,130,35,4,39,169
08/01/2004,ACY,NJ,AEA,EN,Towers with Radar,32,25,57,23,137,20,13,23,13,69,52,38,80,36,206,16,72,88,294
08/02/2004,ACY,NJ,AEA,EN,Towers with Radar,35,13,70,29,147,0,6,25,6,37,35,19,95,35,184,38,40,78,262
08/03/2004,ACY,NJ,AEA,EN,Towers with Radar,25,11,38,35,109,0,2,0,3,5,25,13,38,38,114,10,54,64,178
08/04/2004,ACY,NJ,AEA,EN,Towers with Radar,24,15,54,46,139,4,12,61,2,79,28,27,115,48,218,25,76,101,319
08/05/2004,ACY,NJ,AEA,EN,Towers with Radar,34,19,73,65,191,7,0,14,13,34,41,19,87,78,225,14,90,104,329
08/06/2004,ACY,NJ,AEA,EN,Towers with Radar,37,34,66,35,172,4,17,34,6,61,41,51,100,41,233,86,52,138,371
08/07/2004,ACY,NJ,AEA,EN,Towers with Radar,32,34,20,20,106,0,6,0,0,6,32,40,20,20,112,32,34,66,178
08/08/2004,ACY,NJ,AEA,EN,Towers with Radar,43,35,76,14,168,0,9,113,0,122,43,44,189,14,290,162,44,206,496
08/09/2004,ACY,NJ,AEA,EN,Towers with Radar,30,15,39,11,95,21,17,55,21,114,51,32,94,32,209,92,48,140,349
08/10/2004,ACY,NJ,AEA,EN,Towers with Radar,31,17,38,59,145,2,0,64,0,66,33,17,102,59,211,148,84,232,443
08/11/2004,ACY,NJ,AEA,EN,Towers with Radar,34,31,99,50,214,0,0,21,0,21,34,31,120,50,235,112,96,208,443
08/12/2004,ACY,NJ,AEA,EN,Towers with Radar,42,34,79,67,222,0,0,101,17,118,42,34,180,84,340,72,40,112,452
08/13/2004,ACY,NJ,AEA,EN,Towers with Radar,31,23,67,9,130,13,20,0,15,48,44,43,67,24,178,18,34,52,230
08/14/2004,ACY,NJ,AEA,EN,Towers with Radar,23,15,43,2,83,0,3,26,5,34,23,18,69,7,117,22,0,22,139
08/15/2004,ACY,NJ,AEA,EN,Towers with Radar,39,17,45,16,117,0,0,0,0,0,39,17,45,16,117,50,0,50,167
08/16/2004,ACY,NJ,AEA,EN,Towers with Radar,31,24,61,22,138,0,4,0,0,4,31,28,61,22,142,12,10,22,164
08/17/2004,ACY,NJ,AEA,EN,Towers with Radar,36,21,70,93,220,0,0,40,0,40,36,21,110,93,260,26,68,94,354
08/18/2004,ACY,NJ,AEA,EN,Towers with Radar,27,24,77,121,249,10,7,26,0,43,37,31,103,121,292,52,88,140,432
08/19/2004,ACY,NJ,AEA,EN,Towers with Radar,29,25,67,66,187,0,9,56,7,72,29,34,123,73,259,102,126,228,487
08/20/2004,ACY,NJ,AEA,EN,Towers with Radar,39,24,78,34,175,0,0,61,16,77,39,24,139,50,252,58,134,192,444
08/21/2004,ACY,NJ,AEA,EN,Towers with Radar,52,32,74,36,194,0,0,52,14,66,52,32,126,50,260,44,64,108,368
08/22/2004,ACY,NJ,AEA,EN,Towers with Radar,50,36,96,2,184,0,0,81,8,89,50,36,177,10,273,170,46,216,489
08/23/2004,ACY,NJ,AEA,EN,Towers with Radar,39,8,44,25,116,0,16,71,25,112,39,24,115,50,228,84,112,196,424
08/24/2004,ACY,NJ,AEA,EN,Towers with Radar,31,16,31,65,143,10,16,67,7,100,41,32,98,72,243,110,122,232,475
08/25/2004,ACY,NJ,AEA,EN,Towers with Radar,33,9,42,59,143,9,10,66,27,112,42,19,108,86,255,154,98,252,507
08/26/2004,ACY,NJ,AEA,EN,Towers with Radar,32,34,65,85,216,34,38,57,58,187,66,72,122,143,403,111,142,253,656
08/27/2004,ACY,NJ,AEA,EN,Towers with Radar,44,24,73,102,243,0,0,100,0,100,44,24,173,102,343,100,128,228,571
08/28/2004,ACY,NJ,AEA,EN,Towers with Radar,34,19,56,14,123,0,0,60,0,60,34,19,116,14,183,116,44,160,343
08/29/2004,ACY,NJ,AEA,EN,Towers with Radar,48,35,127,25,235,0,0,0,0,0,48,35,127,25,235,160,16,176,411
08/30/2004,ACY,NJ,AEA,EN,Towers with Radar,33,21,32,58,144,3,2,31,0,36,36,23,63,58,180,20,122,142,322
08/31/2004,ACY,NJ,AEA,EN,Towers with Radar,30,18,33,46,127,4,0,40,0,44,34,18,73,46,171,22,46,68,239
09/01/2004,ACY,NJ,AEA,EN,Towers with Radar,0,22,52,55,129,23,1,25,0,49,23,23,77,55,178,78,70,148,326
09/02/2004,ACY,NJ,AEA,EN,Towers with Radar,0,14,67,62,143,33,0,67,0,100,33,14,134,62,243,78,122,200,443
09/03/2004,ACY,NJ,AEA,EN,Towers with Radar,0,22,99,94,215,52,26,49,0,127,52,48,148,94,342,102,142,244,586
09/04/2004,ACY,NJ,AEA,EN,Towers with Radar,0,27,36,24,87,28,0,79,0,107,28,27,115,24,194,112,62,174,368
09/05/2004,ACY,NJ,AEA,EN,Towers with Radar,0,23,50,14,87,22,0,0,0,22,22,23,50,14,109,40,35,75,184
09/06/2004,ACY,NJ,AEA,EN,Towers with Radar,0,19,40,7,66,37,1,27,0,65,37,20,67,7,131,38,4,42,173
09/07/2004,ACY,NJ,AEA,EN,Towers with Radar,0,15,48,35,98,32,10,22,9,73,32,25,70,44,171,32,74,106,277
09/08/2004,ACY,NJ,AEA,EN,Towers with Radar,0,23,37,86,146,42,9,25,0,76,42,32,62,86,222,18,48,66,288
09/09/2004,ACY,NJ,AEA,EN,Towers with Radar,0,28,45,61,134,37,0,21,0,58,37,28,66,61,192,46,88,134,326
09/10/2004,ACY,NJ,AEA,EN,Towers with Radar,36,21,81,46,184,0,4,28,7,39,36,25,109,53,223,154,192,346,569
09/11/2004,ACY,NJ,AEA,EN,Towers with Radar,28,23,53,14,118,0,0,6,2,8,28,23,59,16,126,106,86,192,318
09/12/2004,ACY,NJ,AEA,EN,Towers with Radar,12,19,73,13,117,33,11,45,14,103,45,30,118,27,220,136,16,152,372
09/13/2004,ACY,NJ,AEA,EN,Towers with Radar,42,15,54,17,128,0,16,24,28,68,42,31,78,45,196,118,110,228,424
09/14/2004,ACY,NJ,AEA,EN,Towers with Radar,38,31,76,46,191,11,14,44,39,108,49,45,120,85,299,62,74,136,435
09/15/2004,ACY,NJ,AEA,EN,Towers with Radar,23,19,69,38,149,0,0,8,8,16,23,19,77,46,165,6,0,6,171
09/16/2004,ACY,NJ,AEA,EN,Towers with Radar,46,18,79,55,198,0,7,23,17,47,46,25,102,72,245,100,94,194,439
09/17/2004,ACY,NJ,AEA,EN,Towers with Radar,38,40,64,47,189,0,0,33,0,33,38,40,97,47,222,16,46,62,284
09/18/2004,ACY,NJ,AEA,EN,Towers with Radar,0,33,52,9,94,45,0,0,0,45,45,33,52,9,139,2,0,2,141
09/19/2004,ACY,NJ,AEA,EN,Towers with Radar,21,40,72,9,142,28,0,7,0,35,49,40,79,9,177,22,0,22,199
09/20/2004,ACY,NJ,AEA,EN,Towers with Radar,0,16,48,18,82,32,12,9,33,86,32,28,57,51,168,62,90,152,320
09/21/2004,ACY,NJ,AEA,EN,Towers with Radar,23,18,38,14,93,4,0,21,23,48,27,18,59,37,141,46,92,138,279
09/22/2004,ACY,NJ,AEA,EN,Towers with Radar,26,24,67,16,133,0,0,31,26,57,26,24,98,42,190,54,142,196,386
09/23/2004,ACY,NJ,AEA,EN,Towers with Radar,43,38,44,37,162,0,0,79,25,104,43,38,123,62,266,34,104,138,404
09/24/2004,ACY,NJ,AEA,EN,Towers with Radar,39,17,45,13,114,0,8,19,27,54,39,25,64,40,168,76,88,164,332
09/25/2004,ACY,NJ,AEA,EN,Towers with Radar,0,18,41,13,72,26,4,52,6,88,26,22,93,19,160,80,26,106,266
09/26/2004,ACY,NJ,AEA,EN,Towers with Radar,0,18,38,5,61,26,0,46,0,72,26,18,84,5,133,52,0,52,185
09/27/2004,ACY,NJ,AEA,EN,Towers with Radar,0,10,33,13,56,46,39,38,11,134,46,49,71,24,190,32,46,78,268
09/28/2004,ACY,NJ,AEA,EN,Towers with Radar,0,25,35,16,76,39,3,9,0,51,39,28,44,16,127,30,60,90,217
09/29/2004,ACY,NJ,AEA,EN,Towers with Radar,23,17,39,33,112,0,0,5,0,5,23,17,44,33,117,24,50,74,191
09/30/2004,ACY,NJ,AEA,EN,Towers with Radar,31,25,70,42,168,0,0,0,13,13,31,25,70,55,181,28,42,70,251
10/01/2004,ACY,NJ,AEA,EN,Towers with Radar,43,33,86,53,215,0,0,33,0,33,43,33,119,53,248,56,50,106,354
10/02/2004,ACY,NJ,AEA,EN,Towers with Radar,34,17,57,31,139,0,0,9,11,20,34,17,66,42,159,44,28,72,231
10/03/2004,ACY,NJ,AEA,EN,Towers with Radar,30,19,42,4,95,0,0,25,2,27,30,19,67,6,122,70,6,76,198
10/04/2004,ACY,NJ,AEA,EN,Towers with Radar,22,9,21,17,69,0,0,44,3,47,22,9,65,20,116,60,170,230,346
10/05/2004,ACY,NJ,AEA,EN,Towers with Radar,30,20,41,55,146,0,0,23,0,23,30,20,64,55,169,32,150,182,351
10/06/2004,ACY,NJ,AEA,EN,Towers with Radar,27,21,54,50,152,31,29,114,58,232,58,50,168,108,384,114,240,354,738
10/07/2004,ACY,NJ,AEA,EN,Towers with Radar,32,23,48,54,157,0,0,36,0,36,32,23,84,54,193,56,98,154,347
10/08/2004,ACY,NJ,AEA,EN,Towers with Radar,43,25,84,43,195,10,21,101,49,181,53,46,185,92,376,136,50,186,562
10/09/2004,ACY,NJ,AEA,EN,Towers with Radar,31,26,38,5,100,12,0,64,16,92,43,26,102,21,192,74,56,130,322
10/10/2004,ACY,NJ,AEA,EN,Towers with Radar,36,22,52,3,113,7,18,16,5,46,43,40,68,8,159,32,0,32,191
10/11/2004,ACY,NJ,AEA,EN,Towers with Radar,34,12,26,2,74,8,20,90,25,143,42,32,116,27,217,110,136,246,463
10/12/2004,ACY,NJ,AEA,EN,Towers with Radar,28,12,41,81,162,0,0,0,0,0,28,12,41,81,162,64,224,288,450
10/13/2004,ACY,NJ,AEA,EN,Towers with Radar,25,21,22,76,144,0,3,54,0,57,25,24,76,76,201,74,178,252,453
10/14/2004,ACY,NJ,AEA,EN,Towers with Radar,44,24,62,98,228,3,2,2,12,19,47,26,64,110,247,2,84,86,333
10/15/2004,ACY,NJ,AEA,EN,Towers with Radar,34,35,39,62,170,0,0,10,8,18,34,35,49,70,188,4,34,38,226
10/16/2004,ACY,NJ,AEA,EN,Towers with Radar,32,15,39,6,92,0,0,25,52,77,32,15,64,58,169,52,110,162,331
10/17/2004,ACY,NJ,AEA,EN,Towers with Radar,44,23,62,13,142,0,22,40,5,67,44,45,102,18,209,104,80,184,393
10/18/2004,ACY,NJ,AEA,EN,Towers with Radar,30,12,27,40,109,0,0,26,14,40,30,12,53,54,149,4,212,216,365
10/19/2004,ACY,NJ,AEA,EN,Towers with Radar,42,20,36,15,113,0,0,0,0,0,42,20,36,15,113,0,22,22,135
10/20/2004,ACY,NJ,AEA,EN,Towers with Radar,34,26,67,146,273,0,0,0,0,0,34,26,67,146,273,0,230,230,503
10/21/2004,ACY,NJ,AEA,EN,Towers with Radar,31,10,52,45,138,7,0,5,34,46,38,10,57,79,184,46,48,94,278
10/22/2004,ACY,NJ,AEA,EN,Towers with Radar,35,20,55,30,140,0,0,30,7,37,35,20,85,37,177,74,60,134,311
10/23/2004,ACY,NJ,AEA,EN,Towers with Radar,37,13,28,8,86,2,4,52,11,69,39,17,80,19,155,34,80,114,269
10/24/2004,ACY,NJ,AEA,EN,Towers with Radar,60,33,69,17,179,0,0,47,6,53,60,33,116,23,232,122,64,186,418
10/25/2004,ACY,NJ,AEA,EN,Towers with Radar,28,5,36,72,141,0,12,54,0,66,28,17,90,72,207,70,162,232,439
10/26/2004,ACY,NJ,AEA,EN,Towers with Radar,37,27,49,44,157,0,0,38,0,38,37,27,87,44,195,94,124,218,413
10/27/2004,ACY,NJ,AEA,EN,Towers with Radar,33,19,64,65,181,0,0,0,0,0,33,19,64,65,181,36,156,192,373
10/28/2004,ACY,NJ,AEA,EN,Towers with Radar,29,17,38,72,156,2,1,92,15,110,31,18,130,87,266,66,196,262,528
10/29/2004,ACY,NJ,AEA,EN,Towers with Radar,30,18,54,59,161,0,0,32,22,54,30,18,86,81,215,62,108,170,385
10/30/2004,ACY,NJ,AEA,EN,Towers with Radar,33,12,44,1,90,0,1,0,3,4,33,13,44,4,94,60,40,100,194
10/31/2004,ACY,NJ,AEA,EN,Towers with Radar,38,28,38,10,114,0,0,32,4,36,38,28,70,14,150,84,20,104,254
11/01/2004,ACY,NJ,AEA,EN,Combined TRACON& Tower with Radar,34,17,39,70,160,23,22,77,22,144,57,39,116,92,304,102,140,242,546
11/02/2004,ACY,NJ,AEA,EN,Combined TRACON& Tower with Radar,25,11,27,148,211,16,23,54,2,95,41,34,81,150,306,44,184,228,534
11/03/2004,ACY,NJ,AEA,EN,Combined TRACON& Tower with Radar,29,18,55,50,152,10,14,3,55,82,39,32,58,105,234,4,98,102,336
11/04/2004,ACY,NJ,AEA,EN,Combined TRACON& Tower with Radar,29,19,38,79,165,0,0,24,0,24,29,19,62,79,189,68,66,134,323
11/05/2004,ACY,NJ,AEA,EN,Combined TRACON& Tower with Radar,32,20,33,29,114,4,1,9,35,49,36,21,42,64,163,24,68,92,255
11/06/2004,ACY,NJ,AEA,EN,Combined TRACON& Tower with Radar,47,34,55,56,192,0,0,26,12,38,47,34,81,68,230,84,118,202,432
11/07/2004,ACY,NJ,AEA,EN,Combined TRACON& Tower with Radar,46,35,66,17,164,0,13,38,9,60,46,48,104,26,224,48,80,128,352
11/08/2004,ACY,NJ,AEA,EN,Combined TRACON& Tower with Radar,24,11,30,13,78,0,1,35,7,43,24,12,65,20,121,30,172,202,323
11/09/2004,ACY,NJ,AEA,EN,Combined TRACON& Tower with Radar,49,31,20,77,177,0,0,70,10,80,49,31,90,87,257,182,192,374,631
11/10/2004,ACY,NJ,AEA,EN,Combined TRACON& Tower with Radar,30,19,47,38,134,5,8,43,24,80,35,27,90,62,214,26,66,92,306
11/11/2004,ACY,NJ,AEA,EN,Combined TRACON& Tower with Radar,26,10,34,30,100,0,4,25,4,33,26,14,59,34,133,6,44,50,183
11/12/2004,ACY,NJ,AEA,EN,Combined TRACON& Tower with Radar,35,26,42,23,126,0,0,0,0,0,35,26,42,23,126,4,22,26,152
11/13/2004,ACY,NJ,AEA,EN,Combined TRACON& Tower with Radar,28,28,31,10,97,0,0,0,0,0,28,28,31,10,97,50,82,132,229
11/14/2004,ACY,NJ,AEA,EN,Combined TRACON& Tower with Radar,49,35,83,21,188,0,0,76,6,82,49,35,159,27,270,80,60,140,410
11/15/2004,ACY,NJ,AEA,EN,Combined TRACON& Tower with Radar,39,26,30,31,126,14,28,65,69,176,53,54,95,100,302,172,66,238,540
11/16/2004,ACY,NJ,AEA,EN,Combined TRACON& Tower with Radar,32,12,42,28,114,0,0,83,5,88,32,12,125,33,202,150,60,210,412
11/17/2004,ACY,NJ,AEA,EN,Combined TRACON& Tower with Radar,38,14,28,48,128,12,33,82,0,127,50,47,110,48,255,82,120,202,457
11/18/2004,ACY,NJ,AEA,EN,Combined TRACON& Tower with Radar,39,17,43,24,123,4,4,26,0,34,43,21,69,24,157,84,88,172,329
11/19/2004,ACY,NJ,AEA,EN,Combined TRACON& Tower with Radar,43,10,46,30,129,1,32,8,34,75,44,42,54,64,204,102,138,240,444
11/20/2004,ACY,NJ,AEA,EN,Combined TRACON& Tower with Radar,43,35,53,38,169,0,0,16,3,19,43,35,69,41,188,14,28,42,230
11/21/2004,ACY,NJ,AEA,EN,Combined TRACON& Tower with Radar,31,11,37,24,103,0,0,0,0,0,31,11,37,24,103,0,0,0,103
11/22/2004,ACY,NJ,AEA,EN,Combined TRACON& Tower with Radar,35,6,35,19,95,3,9,29,26,67,38,15,64,45,162,56,84,140,302
11/23/2004,ACY,NJ,AEA,EN,Combined TRACON& Tower with Radar,41,13,73,59,186,0,20,8,28,56,41,33,81,87,242,10,18,28,270
11/24/2004,ACY,NJ,AEA,EN,Combined TRACON& Tower with Radar,25,7,29,2,63,5,1,1,0,7,30,8,30,2,70,2,0,2,72
11/25/2004,ACY,NJ,AEA,EN,Combined TRACON& Tower with Radar,7,2,3,0,12,10,0,9,6,25,17,2,12,6,37,8,16,24,61
11/26/2004,ACY,NJ,AEA,EN,Combined TRACON& Tower with Radar,44,14,43,1,102,3,11,47,28,89,47,25,90,29,191,60,110,170,361
11/27/2004,ACY,NJ,AEA,EN,Combined TRACON& Tower with Radar,33,14,35,2,84,3,0,86,5,94,36,14,121,7,178,110,16,126,304
11/28/2004,ACY,NJ,AEA,EN,Combined TRACON& Tower with Radar,60,20,66,12,158,0,0,15,0,15,60,20,81,12,173,24,12,36,209
11/29/2004,ACY,NJ,AEA,EN,Combined TRACON& Tower with Radar,41,21,42,48,152,3,0,36,0,39,44,21,78,48,191,26,96,122,313
11/30/2004,ACY,NJ,AEA,EN,Combined TRACON& Tower with Radar,22,16,21,51,110,0,0,42,3,45,22,16,63,54,155,96,128,224,379
12/01/2004,ACY,NJ,AEA,EN,Combined TRACON& Tower with Radar,28,20,27,49,124,0,0,17,2,19,28,20,44,51,143,68,70,138,281
12/02/2004,ACY,NJ,AEA,EN,Combined TRACON& Tower with Radar,30,15,25,33,103,20,23,35,26,104,50,38,60,59,207,118,72,190,397
12/03/2004,ACY,NJ,AEA,EN,Combined TRACON& Tower with Radar,39,21,48,53,161,0,0,0,0,0,39,21,48,53,161,88,150,238,399
12/04/2004,ACY,NJ,AEA,EN,Combined TRACON& Tower with Radar,40,21,30,68,159,0,0,50,0,50,40,21,80,68,209,40,148,188,397
12/05/2004,ACY,NJ,AEA,EN,Combined TRACON& Tower with Radar,41,24,29,0,94,0,17,47,7,71,41,41,76,7,165,32,20,52,217
12/06/2004,ACY,NJ,AEA,EN,Combined TRACON& Tower with Radar,37,15,30,29,111,1,8,9,17,35,38,23,39,46,146,0,42,42,188
12/07/2004,ACY,NJ,AEA,EN,Combined TRACON& Tower with Radar,27,7,19,6,59,0,17,9,0,26,27,24,28,6,85,0,2,2,87
12/08/2004,ACY,NJ,AEA,EN,Combined TRACON& Tower with Radar,32,16,60,66,174,0,3,36,13,52,32,19,96,79,226,104,116,220,446
12/09/2004,ACY,NJ,AEA,EN,Combined TRACON& Tower with Radar,20,15,30,30,95,0,0,4,0,4,20,15,34,30,99,14,8,22,121
12/10/2004,ACY,NJ,AEA,EN,Combined TRACON& Tower with Radar,42,21,37,6,106,4,4,7,0,15,46,25,44,6,121,0,20,20,141
12/11/2004,ACY,NJ,AEA,EN,Combined TRACON& Tower with Radar,25,22,51,21,119,0,0,3,9,12,25,22,54,30,131,26,48,74,205
12/12/2004,ACY,NJ,AEA,EN,Combined TRACON& Tower with Radar,35,22,66,1,124,3,18,40,11,72,38,40,106,12,196,54,26,80,276
12/13/2004,ACY,NJ,AEA,EN,Combined TRACON& Tower with Radar,27,10,24,73,134,0,0,26,29,55,27,10,50,102,189,52,126,178,367
12/14/2004,ACY,NJ,AEA,EN,Combined TRACON& Tower with Radar,25,11,42,63,141,4,27,42,5,78,29,38,84,68,219,48,86,134,353
12/15/2004,ACY,NJ,AEA,EN,Combined TRACON& Tower with Radar,27,13,40,62,142,0,11,28,8,47,27,24,68,70,189,62,108,170,359
12/16/2004,ACY,NJ,AEA,EN,Combined TRACON& Tower with Radar,28,20,60,65,173,0,2,40,9,51,28,22,100,74,224,56,88,144,368
12/17/2004,ACY,NJ,AEA,EN,Combined TRACON& Tower with Radar,32,8,33,53,126,20,32,51,20,123,52,40,84,73,249,82,112,194,443
12/18/2004,ACY,NJ,AEA,EN,Combined TRACON& Tower with Radar,34,26,89,12,161,0,0,0,0,0,34,26,89,12,161,96,14,110,271
12/19/2004,ACY,NJ,AEA,EN,Combined TRACON& Tower with Radar,39,11,23,2,75,0,0,0,0,0,39,11,23,2,75,16,0,16,91
12/20/2004,ACY,NJ,AEA,EN,Combined TRACON& Tower with Radar,28,6,17,14,65,9,4,4,30,47,37,10,21,44,112,8,96,104,216
12/21/2004,ACY,NJ,AEA,EN,Combined TRACON& Tower with Radar,33,12,27,64,136,6,27,16,1,50,39,39,43,65,186,50,96,146,332
12/22/2004,ACY,NJ,AEA,EN,Combined TRACON& Tower with Radar,30,5,38,51,124,14,33,45,7,99,44,38,83,58,223,41,90,131,354
12/23/2004,ACY,NJ,AEA,EN,Combined TRACON& Tower with Radar,27,4,32,29,92,9,11,20,0,40,36,15,52,29,132,28,72,100,232
12/24/2004,ACY,NJ,AEA,EN,Combined TRACON& Tower with Radar,31,18,23,0,72,0,0,28,12,40,31,18,51,12,112,52,30,82,194
12/25/2004,ACY,NJ,AEA,EN,Combined TRACON& Tower with Radar,33,6,34,0,73,0,0,0,4,4,33,6,34,4,77,28,0,28,105
12/26/2004,ACY,NJ,AEA,EN,Combined TRACON& Tower with Radar,33,3,9,4,49,3,0,1,7,11,36,3,10,11,60,0,0,0,60
12/27/2004,ACY,NJ,AEA,EN,Combined TRACON& Tower with Radar,30,3,22,20,75,2,0,8,10,20,32,3,30,30,95,22,30,52,147
12/28/2004,ACY,NJ,AEA,EN,Combined TRACON& Tower with Radar,33,8,27,26,94,0,0,3,0,3,33,8,30,26,97,16,50,66,163
12/29/2004,ACY,NJ,AEA,EN,Combined TRACON& Tower with Radar,32,8,39,19,98,13,19,23,0,55,45,27,62,19,153,40,44,84,237
12/30/2004,ACY,NJ,AEA,EN,Combined TRACON& Tower with Radar,36,13,26,19,94,7,0,87,0,94,43,13,113,19,188,118,52,170,358
12/31/2004,ACY,NJ,AEA,EN,Combined TRACON& Tower with Radar,41,24,56,0,121,0,0,42,34,76,41,24,98,34,197,86,26,112,309
01/01/2005,ACY,NJ,AEA,EN,Combined TRACON& Tower with Radar,41,14,52,0,107,0,5,57,8,70,41,19,109,8,177,84,16,100,277
01/02/2005,ACY,NJ,AEA,EN,Combined TRACON& Tower with Radar,45,20,48,17,130,0,0,10,0,10,45,20,58,17,140,88,102,190,330
01/03/2005,ACY,NJ,AEA,EN,Combined TRACON& Tower with Radar,33,10,41,70,154,12,16,19,0,47,45,26,60,70,201,30,96,126,327
01/04/2005,ACY,NJ,AEA,EN,Combined TRACON& Tower with Radar,27,13,34,50,124,20,19,4,0,43,47,32,38,50,167,2,2,4,171
01/05/2005,ACY,NJ,AEA,EN,Combined TRACON& Tower with Radar,28,12,36,31,107,2,5,10,5,22,30,17,46,36,129,0,0,0,129
01/06/2005,ACY,NJ,AEA,EN,Combined TRACON& Tower with Radar,26,12,17,1,56,4,0,0,0,4,30,12,17,1,60,0,0,0,60
01/07/2005,ACY,NJ,AEA,EN,Combined TRACON& Tower with Radar,58,37,46,65,206,0,0,136,117,253,58,37,182,182,459,62,192,254,713
01/08/2005,ACY,NJ,AEA,EN,Combined TRACON& Tower with Radar,31,10,22,8,71,0,6,0,0,6,31,16,22,8,77,2,4,6,83
01/09/2005,ACY,NJ,AEA,EN,Combined TRACON& Tower with Radar,37,13,29,14,93,0,0,44,0,44,37,13,73,14,137,52,44,96,233
01/10/2005,ACY,NJ,AEA,EN,Combined TRACON& Tower with Radar,25,7,33,23,88,8,1,9,4,22,33,8,42,27,110,52,144,196,306
01/11/2005,ACY,NJ,AEA,EN,Combined TRACON& Tower with Radar,23,13,46,80,162,0,0,0,15,15,23,13,46,95,177,52,120,172,349
01/12/2005,ACY,NJ,AEA,EN,Combined TRACON& Tower with Radar,30,20,40,22,112,0,0,0,0,0,30,20,40,22,112,0,2,2,114
01/13/2005,ACY,NJ,AEA,EN,Combined TRACON& Tower with Radar,56,36,90,111,293,9,13,0,0,22,65,49,90,111,315,20,38,58,373
01/14/2005,ACY,NJ,AEA,EN,Combined TRACON& Tower with Radar,30,11,31,23,95,0,4,0,4,8,30,15,31,27,103,4,20,24,127
01/15/2005,ACY,NJ,AEA,EN,Combined TRACON& Tower with Radar,28,9,38,0,75,0,7,48,5,60,28,16,86,5,135,76,10,86,221
01/16/2005,ACY,NJ,AEA,EN,Combined TRACON& Tower with Radar,40,19,40,0,99,0,13,62,12,87,40,32,102,12,186,42,64,106,292
01/17/2005,ACY,NJ,AEA,EN,Combined TRACON& Tower with Radar,22,4,31,3,60,0,0,8,0,8,22,4,39,3,68,32,36,68,136
01/18/2005,ACY,NJ,AEA,EN,Combined TRACON& Tower with Radar,33,11,28,84,156,3,0,25,0,28,36,11,53,84,184,38,116,154,338
01/19/2005,ACY,NJ,AEA,EN,Combined TRACON& Tower with Radar,25,14,28,25,92,7,0,15,0,22,32,14,43,25,114,22,28,50,164
01/20/2005,ACY,NJ,AEA,EN,Combined TRACON& Tower with Radar,39,30,59,62,190,0,0,23,0,23,39,30,82,62,213,26,140,166,379
01/21/2005,ACY,NJ,AEA,EN,Combined TRACON& Tower with Radar,46,9,65,71,191,0,0,0,0,0,46,9,65,71,191,80,22,102,293
01/22/2005,ACY,NJ,AEA,EN,Combined TRACON& Tower with Radar,19,4,20,3,46,3,8,0,1,12,22,12,20,4,58,6,4,10,68
01/23/2005,ACY,NJ,AEA,EN,Combined TRACON& Tower with Radar,34,2,8,1,45,7,17,25,9,58,41,19,33,10,103,0,0,0,103
01/24/2005,ACY,NJ,AEA,EN,Combined TRACON& Tower with Radar,30,5,24,10,69,0,1,0,2,3,30,6,24,12,72,0,18,18,90
01/25/2005,ACY,NJ,AEA,EN,Combined TRACON& Tower with Radar,26,21,24,38,109,0,1,22,0,23,26,22,46,38,132,28,56,84,216
01/26/2005,ACY,NJ,AEA,EN,Combined TRACON& Tower with Radar,40,22,45,93,200,0,0,12,2,14,40,22,57,95,214,8,96,104,318
01/27/2005,ACY,NJ,AEA,EN,Combined TRACON& Tower with Radar,35,19,47,98,199,0,5,11,0,16,35,24,58,98,215,18,192,210,425
01/28/2005,ACY,NJ,AEA,EN,Combined TRACON& Tower with Radar,37,18,44,50,149,0,11,32,0,43,37,29,76,50,192,108,110,218,410
01/29/2005,ACY,NJ,AEA,EN,Combined TRACON& Tower with Radar,30,9,42,8,89,0,0,41,10,51,30,9,83,18,140,66,32,98,238
01/30/2005,ACY,NJ,AEA,EN,Combined TRACON& Tower with Radar,35,18,32,0,85,3,14,15,0,32,38,32,47,0,117,0,0,0,117
01/31/2005,ACY,NJ,AEA,EN,Combined TRACON& Tower with Radar,31,12,48,62,153,12,12,30,9,63,43,24,78,71,216,78,134,212,428
02/01/2005,ACY,NJ,AEA,EN,Combined TRACON& Tower with Radar,31,25,52,57,165,0,0,23,23,46,31,25,75,80,211,38,64,102,313
02/02/2005,ACY,NJ,AEA,EN,Combined TRACON& Tower with Radar,32,17,41,64,154,0,0,21,0,21,32,17,62,64,175,28,162,190,365
02/03/2005,ACY,NJ,AEA,EN,Combined TRACON& Tower with Radar,34,19,47,109,209,12,3,38,0,53,46,22,85,109,262,50,168,218,480
02/04/2005,ACY,NJ,AEA,EN,Combined TRACON& Tower with Radar,43,19,30,58,150,0,0,0,0,0,43,19,30,58,150,42,22,64,214
02/05/2005,ACY,NJ,AEA,EN,Combined TRACON& Tower with Radar,37,14,52,9,112,0,0,74,4,78,37,14,126,13,190,90,66,156,346
02/06/2005,ACY,NJ,AEA,EN,Combined TRACON& Tower with Radar,43,15,45,0,103,7,3,86,20,116,50,18,131,20,219,134,30,164,383
02/07/2005,ACY,NJ,AEA,EN,Combined TRACON& Tower with Radar,34,26,53,49,162,0,0,72,4,76,34,26,125,53,238,100,164,264,502
02/08/2005,ACY,NJ,AEA,EN,Combined TRACON& Tower with Radar,31,14,35,57,137,8,0,57,5,70,39,14,92,62,207,24,80,104,311
02/09/2005,ACY,NJ,AEA,EN,Combined TRACON& Tower with Radar,33,25,56,39,153,0,0,14,36,50,33,25,70,75,203,42,94,136,339
02/10/2005,ACY,NJ,AEA,EN,Combined TRACON& Tower with Radar,26,18,21,57,122,0,4,24,7,35,26,22,45,64,157,44,86,130,287
02/11/2005,ACY,NJ,AEA,EN,Combined TRACON& Tower with Radar,39,12,34,34,119,0,0,19,14,33,39,12,53,48,152,46,98,144,296
02/12/2005,ACY,NJ,AEA,EN,Combined TRACON& Tower with Radar,41,17,34,17,109,3,17,72,51,143,44,34,106,68,252,78,92,170,422
02/13/2005,ACY,NJ,AEA,EN,Combined TRACON& Tower with Radar,50,14,50,10,124,8,12,53,22,95,58,26,103,32,219,152,84,236,455
02/14/2005,ACY,NJ,AEA,EN,Combined TRACON& Tower with Radar,36,3,32,12,83,0,3,6,0,9,36,6,38,12,92,28,14,42,134
02/15/2005,ACY,NJ,AEA,EN,Combined TRACON& Tower with Radar,42,27,89,58,216,0,0,0,0,0,42,27,89,58,216,76,104,180,396
02/16/2005,ACY,NJ,AEA,EN,Combined TRACON& Tower with Radar,30,18,38,17,103,2,0,46,17,65,32,18,84,34,168,70,64,134,302
02/17/2005,ACY,NJ,AEA,EN,Combined TRACON& Tower with Radar,33,17,30,60,140,0,0,32,22,54,33,17,62,82,194,100,86,186,380
02/18/2005,ACY,NJ,AEA,EN,Combined TRACON& Tower with Radar,36,18,38,19,111,0,0,10,13,23,36,18,48,32,134,95,68,163,297
02/19/2005,ACY,NJ,AEA,EN,Combined TRACON& Tower with Radar,31,14,35,57,137,8,0,57,5,70,39,14,92,62,207,24,80,104,311
02/20/2005,ACY,NJ,AEA,EN,Combined TRACON& Tower with Radar,42,13,43,9,107,8,29,18,5,60,50,42,61,14,167,48,40,88,255
02/21/2005,ACY,NJ,AEA,EN,Combined TRACON& Tower with Radar,29,5,20,5,59,0,0,0,0,0,29,5,20,5,59,12,10,22,81
02/22/2005,ACY,NJ,AEA,EN,Combined TRACON& Tower with Radar,33,13,29,69,144,0,0,20,0,20,33,13,49,69,164,48,162,210,374
02/23/2005,ACY,NJ,AEA,EN,Combined TRACON& Tower with Radar,30,9,25,29,93,0,3,32,7,42,30,12,57,36,135,68,36,104,239
02/24/2005,ACY,NJ,AEA,EN,Combined TRACON& Tower with Radar,31,5,14,6,56,0,5,0,0,5,31,10,14,6,61,9,0,9,70
02/25/2005,ACY,NJ,AEA,EN,Combined TRACON& Tower with Radar,49,23,59,22,153,0,29,16,34,79,49,52,75,56,232,106,78,184,416
02/26/2005,ACY,NJ,AEA,EN,Combined TRACON& Tower with Radar,37,13,41,0,91,17,28,70,21,136,54,41,111,21,227,82,86,168,395
02/27/2005,ACY,NJ,AEA,EN,Combined TRACON& Tower with Radar,52,22,64,7,145,1,5,63,1,70,53,27,127,8,215,56,66,122,337
02/28/2005,ACY,NJ,AEA,EN,Combined TRACON& Tower with Radar,29,8,21,4,62,0,0,0,1,1,29,8,21,5,63,0,8,8,71
03/01/2005,ACY,NJ,AEA,EN,Combined TRACON& Tower with Radar,35,10,40,61,146,0,0,0,7,7,35,10,40,68,153,48,106,154,307
03/02/2005,ACY,NJ,AEA,EN,Combined TRACON& Tower with Radar,30,14,33,63,140,0,3,15,17,35,30,17,48,80,175,30,96,126,301
03/03/2005,ACY,NJ,AEA,EN,Combined TRACON& Tower with Radar,30,15,36,130,211,9,7,11,0,27,39,22,47,130,238,90,116,206,444
03/04/2005,ACY,NJ,AEA,EN,Combined TRACON& Tower with Radar,55,27,45,50,177,0,0,58,11,69,55,27,103,61,246,106,194,300,546
03/05/2005,ACY,NJ,AEA,EN,Combined TRACON& Tower with Radar,40,21,45,86,192,0,0,61,17,78,40,21,106,103,270,84,168,252,522
03/06/2005,ACY,NJ,AEA,EN,Combined TRACON& Tower with Radar,44,28,53,0,125,0,6,14,12,32,44,34,67,12,157,44,54,98,255
03/07/2005,ACY,NJ,AEA,EN,Combined TRACON& Tower with Radar,31,8,54,22,115,0,0,0,8,8,31,8,54,30,123,14,72,86,209
03/08/2005,ACY,NJ,AEA,EN,Combined TRACON& Tower with Radar,27,11,35,27,100,0,5,0,0,5,27,16,35,27,105,10,12,22,127
03/09/2005,ACY,NJ,AEA,EN,Combined TRACON& Tower with Radar,31,10,32,33,106,0,0,8,17,25,31,10,40,50,131,22,100,122,253
03/10/2005,ACY,NJ,AEA,EN,Combined TRACON& Tower with Radar,35,13,46,38,132,0,11,10,0,21,35,24,56,38,153,96,108,204,357
03/11/2005,ACY,NJ,AEA,EN,Combined TRACON& Tower with Radar,39,14,33,15,101,9,0,13,12,34,48,14,46,27,135,72,158,230,365
03/12/2005,ACY,NJ,AEA,EN,Combined TRACON& Tower with Radar,31,14,35,58,138,0,0,29,0,29,31,14,64,58,167,80,180,260,427
03/13/2005,ACY,NJ,AEA,EN,Combined TRACON& Tower with Radar,51,34,68,17,170,0,0,33,7,40,51,34,101,24,210,28,54,82,292
03/14/2005,ACY,NJ,AEA,EN,Combined TRACON& Tower with Radar,39,21,40,28,128,3,0,20,0,23,42,21,60,28,151,42,148,190,341
03/15/2005,ACY,NJ,AEA,EN,Combined TRACON& Tower with Radar,30,16,30,67,143,0,9,59,42,110,30,25,89,109,253,92,128,220,473
03/16/2005,ACY,NJ,AEA,EN,Combined TRACON& Tower with Radar,24,20,58,68,170,0,0,0,0,0,24,20,58,68,170,34,114,148,318
03/17/2005,ACY,NJ,AEA,EN,Combined TRACON& Tower with Radar,34,16,40,71,161,12,20,82,15,129,46,36,122,86,290,96,112,208,498
03/18/2005,ACY,NJ,AEA,EN,Combined TRACON& Tower with Radar,45,36,72,61,214,0,0,58,11,69,45,36,130,72,283,88,132,220,503
03/19/2005,ACY,NJ,AEA,EN,Combined TRACON& Tower with Radar,46,17,75,20,158,0,10,23,0,33,46,27,98,20,191,124,34,158,349
03/20/2005,ACY,NJ,AEA,EN,Combined TRACON& Tower with Radar,53,19,63,9,144,0,0,0,18,18,53,19,63,27,162,10,34,44,206
03/21/2005,ACY,NJ,AEA,EN,Combined TRACON& Tower with Radar,29,7,43,27,106,0,0,17,4,21,29,7,60,31,127,22,10,32,159
03/22/2005,ACY,NJ,AEA,EN,Combined TRACON& Tower with Radar,38,12,31,67,148,3,22,65,1,91,41,34,96,68,239,112,120,232,471
03/23/2005,ACY,NJ,AEA,EN,Combined TRACON& Tower with Radar,31,15,34,24,104,0,0,8,10,18,31,15,42,34,122,26,56,82,204
03/24/2005,ACY,NJ,AEA,EN,Combined TRACON& Tower with Radar,38,20,46,67,171,0,0,21,13,34,38,20,67,80,205,20,118,138,343
03/25/2005,ACY,NJ,AEA,EN,Combined TRACON& Tower with Radar,25,8,62,21,116,0,0,3,0,3,25,8,65,21,119,64,40,104,223
03/26/2005,ACY,NJ,AEA,EN,Combined TRACON& Tower with Radar,36,17,34,34,121,0,0,30,0,30,36,17,64,34,151,126,124,250,401
03/27/2005,ACY,NJ,AEA,EN,Combined TRACON& Tower with Radar,30,11,33,1,75,1,0,16,9,26,31,11,49,10,101,56,22,78,179
03/28/2005,ACY,NJ,AEA,EN,Combined TRACON& Tower with Radar,26,10,10,10,56,1,15,18,0,34,27,25,28,10,90,0,0,0,90
03/29/2005,ACY,NJ,AEA,EN,Combined TRACON& Tower with Radar,28,14,42,102,186,0,0,16,0,16,28,14,58,102,202,78,206,284,486
03/30/2005,ACY,NJ,AEA,EN,Combined TRACON& Tower with Radar,29,10,39,102,180,15,28,69,0,112,44,38,108,102,292,98,160,258,550
03/31/2005,ACY,NJ,AEA,EN,Combined TRACON& Tower with Radar,30,14,51,65,160,1,0,47,10,58,31,14,98,75,218,68,138,206,424
04/01/2005,ACY,NJ,AEA,EN,Combined TRACON& Tower with Radar,34,14,68,89,205,0,0,16,6,22,34,14,84,95,227,112,82,194,421
04/02/2005,ACY,NJ,AEA,EN,Combined TRACON& Tower with Radar,46,19,29,4,98,0,0,0,0,0,46,19,29,4,98,0,0,0,98
04/03/2005,ACY,NJ,AEA,EN,Combined TRACON& Tower with Radar,49,22,54,28,153,0,0,3,4,7,49,22,57,32,160,12,20,32,192
04/04/2005,ACY,NJ,AEA,EN,Combined TRACON& Tower with Radar,38,16,32,43,129,0,0,15,63,78,38,16,47,106,207,6,104,110,317
04/05/2005,ACY,NJ,AEA,EN,Combined TRACON& Tower with Radar,36,15,45,89,185,4,9,17,0,30,40,24,62,89,215,70,70,140,355
04/06/2005,ACY,NJ,AEA,EN,Combined TRACON& Tower with Radar,33,15,36,40,124,0,0,75,46,121,33,15,111,86,245,62,80,142,387
04/07/2005,ACY,NJ,AEA,EN,Combined TRACON& Tower with Radar,33,15,36,40,124,0,0,75,46,121,33,15,111,86,245,62,80,142,387
04/08/2005,ACY,NJ,AEA,EN,Combined TRACON& Tower with Radar,43,19,75,33,170,0,0,0,38,38,43,19,75,71,208,34,88,122,330
04/09/2005,ACY,NJ,AEA,EN,Combined TRACON& Tower with Radar,24,13,43,10,90,0,0,19,0,19,24,13,62,10,109,30,84,114,223
04/10/2005,ACY,NJ,AEA,EN,Combined TRACON& Tower with Radar,41,8,63,2,114,5,4,82,17,108,46,12,145,19,222,202,90,292,514
04/11/2005,ACY,NJ,AEA,EN,Combined TRACON& Tower with Radar,29,12,50,18,109,0,0,7,0,7,29,12,57,18,116,188,60,248,364
04/12/2005,ACY,NJ,AEA,EN,Combined TRACON& Tower with Radar,31,13,52,52,148,5,8,24,0,37,36,21,76,52,185,38,182,220,405
04/13/2005,ACY,NJ,AEA,EN,Combined TRACON& Tower with Radar,31,21,51,26,129,0,8,15,6,29,31,29,66,32,158,98,168,266,424
04/14/2005,ACY,NJ,AEA,EN,Combined TRACON& Tower with Radar,32,22,60,64,178,0,0,76,0,76,32,22,136,64,254,106,238,344,598
04/15/2005,ACY,NJ,AEA,EN,Combined TRACON& Tower with Radar,57,24,92,34,207,0,0,0,0,0,57,24,92,34,207,44,254,298,505
04/16/2005,ACY,NJ,AEA,EN,Combined TRACON& Tower with Radar,37,19,49,2,107,3,3,53,22,81,40,22,102,24,188,32,140,172,360
04/17/2005,ACY,NJ,AEA,EN,Combined TRACON& Tower with Radar,39,16,65,2,122,0,0,42,21,63,39,16,107,23,185,63,62,125,310
04/18/2005,ACY,NJ,AEA,EN,Combined TRACON& Tower with Radar,36,16,24,46,122,16,30,58,30,134,52,46,82,76,256,102,148,250,506
04/19/2005,ACY,NJ,AEA,EN,Combined TRACON& Tower with Radar,38,19,36,42,135,8,1,86,36,131,46,20,122,78,266,98,180,278,544
04/20/2005,ACY,NJ,AEA,EN,Combined TRACON& Tower with Radar,27,23,51,24,125,22,15,40,0,77,49,38,91,24,202,68,148,216,418
04/21/2005,ACY,NJ,AEA,EN,Combined TRACON& Tower with Radar,37,19,56,79,191,45,40,78,53,216,82,59,134,132,407,98,126,224,631
04/22/2005,ACY,NJ,AEA,EN,Combined TRACON& Tower with Radar,36,13,52,43,144,0,0,0,10,10,36,13,52,53,154,42,40,82,236
04/23/2005,ACY,NJ,AEA,EN,Combined TRACON& Tower with Radar,41,4,30,11,86,2,8,0,11,21,43,12,30,22,107,0,44,44,151
04/24/2005,ACY,NJ,AEA,EN,Combined TRACON& Tower with Radar,45,10,50,7,112,0,0,0,0,0,45,10,50,7,112,10,12,22,134
04/25/2005,ACY,NJ,AEA,EN,Combined TRACON& Tower with Radar,37,12,33,15,97,9,22,23,33,87,46,34,56,48,184,62,72,134,318
04/26/2005,ACY,NJ,AEA,EN,Combined TRACON& Tower with Radar,31,21,36,61,149,6,11,20,14,51,37,32,56,75,200,22,174,196,396
04/27/2005,ACY,NJ,AEA,EN,Combined TRACON& Tower with Radar,24,22,43,52,141,22,18,35,47,122,46,40,78,99,263,90,102,192,455
04/28/2005,ACY,NJ,AEA,EN,Combined TRACON& Tower with Radar,40,19,67,130,256,6,29,55,10,100,46,48,122,140,356,74,218,292,648
04/29/2005,ACY,NJ,AEA,EN,Combined TRACON& Tower with Radar,34,8,72,35,149,0,2,16,47,65,34,10,88,82,214,40,32,72,286
04/30/2005,ACY,NJ,AEA,EN,Combined TRACON& Tower with Radar,33,17,41,8,99,0,8,0,4,12,33,25,41,12,111,0,0,0,111
05/01/2005,ACY,NJ,AEA,EN,Combined TRACON& Tower with Radar,40,10,65,3,118,0,0,7,0,7,40,10,72,3,125,20,0,20,145
05/02/2005,ACY,NJ,AEA,EN,Combined TRACON& Tower with Radar,33,16,39,22,110,0,0,30,6,36,33,16,69,28,146,81,149,230,376
05/03/2005,ACY,NJ,AEA,EN,Combined TRACON& Tower with Radar,28,20,80,104,232,13,12,44,0,69,41,32,124,104,301,54,188,242,543
05/04/2005,ACY,NJ,AEA,EN,Combined TRACON& Tower with Radar,28,18,64,55,165,2,0,50,0,52,30,18,114,55,217,56,140,196,413
05/05/2005,ACY,NJ,AEA,EN,Combined TRACON& Tower with Radar,31,11,54,65,161,0,0,50,0,50,31,11,104,65,211,76,144,220,431
05/06/2005,ACY,NJ,AEA,EN,Combined TRACON& Tower with Radar,32,18,57,50,157,0,0,17,2,19,32,18,74,52,176,52,92,144,320
05/07/2005,ACY,NJ,AEA,EN,Combined TRACON& Tower with Radar,35,10,44,7,96,0,15,0,7,22,35,25,44,14,118,40,20,60,178
05/08/2005,ACY,NJ,AEA,EN,Combined TRACON& Tower with Radar,41,28,52,22,143,0,0,40,5,45,41,28,92,27,188,82,74,156,344
05/09/2005,ACY,NJ,AEA,EN,Combined TRACON& Tower with Radar,27,16,32,52,127,0,0,47,9,56,27,16,79,61,183,60,128,188,371
05/10/2005,ACY,NJ,AEA,EN,Combined TRACON& Tower with Radar,22,11,71,47,151,0,0,12,8,20,22,11,83,55,171,48,80,128,299
05/11/2005,ACY,NJ,AEA,EN,Combined TRACON& Tower with Radar,33,15,44,37,129,0,0,24,56,80,33,15,68,93,209,78,110,188,397
05/12/2005,ACY,NJ,AEA,EN,Combined TRACON& Tower with Radar,34,17,49,38,138,0,0,57,0,57,34,17,106,38,195,22,40,62,257
05/13/2005,ACY,NJ,AEA,EN,Combined TRACON& Tower with Radar,37,20,75,26,158,0,0,23,23,46,37,20,98,49,204,84,82,166,370
05/14/2005,ACY,NJ,AEA,EN,Combined TRACON& Tower with Radar,34,13,48,32,127,0,8,40,13,61,34,21,88,45,188,84,66,150,338
05/15/2005,ACY,NJ,AEA,EN,Combined TRACON& Tower with Radar,49,16,74,16,155,6,0,40,0,46,55,16,114,16,201,136,44,180,381
05/16/2005,ACY,NJ,AEA,EN,Combined TRACON& Tower with Radar,32,12,60,42,146,4,0,66,2,72,36,12,126,44,218,132,152,284,502
05/17/2005,ACY,NJ,AEA,EN,Combined TRACON& Tower with Radar,37,19,60,113,229,21,27,54,0,102,58,46,114,113,331,38,208,246,577
05/18/2005,ACY,NJ,AEA,EN,Combined TRACON& Tower with Radar,29,15,47,65,156,3,0,27,0,30,32,15,74,65,186,76,118,194,380
05/19/2005,ACY,NJ,AEA,EN,Combined TRACON& Tower with Radar,27,16,40,49,132,0,4,59,21,84,27,20,99,70,216,30,180,210,426
05/20/2005,ACY,NJ,AEA,EN,Combined TRACON& Tower with Radar,35,20,59,30,144,7,11,6,0,24,42,31,65,30,168,26,32,58,226
05/21/2005,ACY,NJ,AEA,EN,Combined TRACON& Tower with Radar,38,30,77,62,207,0,0,3,0,3,38,30,80,62,210,76,58,134,344
05/22/2005,ACY,NJ,AEA,EN,Combined TRACON& Tower with Radar,30,15,75,27,147,7,0,50,9,66,37,15,125,36,213,74,24,98,311
05/23/2005,ACY,NJ,AEA,EN,Combined TRACON& Tower with Radar,24,8,29,0,61,0,0,27,11,38,24,8,56,11,99,24,0,24,123
05/24/2005,ACY,NJ,AEA,EN,Combined TRACON& Tower with Radar,19,15,45,21,100,0,0,0,0,0,19,15,45,21,100,40,34,74,174
05/25/2005,ACY,NJ,AEA,EN,Combined TRACON& Tower with Radar,27,12,38,36,113,0,0,0,4,4,27,12,38,40,117,12,52,64,181
05/26/2005,ACY,NJ,AEA,EN,Combined TRACON& Tower with Radar,28,18,83,37,166,0,4,0,0,4,28,22,83,37,170,84,102,186,356
05/27/2005,ACY,NJ,AEA,EN,Combined TRACON& Tower with Radar,35,12,68,68,183,0,0,78,27,105,35,12,146,95,288,80,102,182,470
05/28/2005,ACY,NJ,AEA,EN,Combined TRACON& Tower with Radar,33,22,34,6,95,17,18,46,59,140,50,40,80,65,235,100,60,160,395
05/29/2005,ACY,NJ,AEA,EN,Combined TRACON& Tower with Radar,40,15,58,18,131,13,0,80,0,93,53,15,138,18,224,124,50,174,398
05/30/2005,ACY,NJ,AEA,EN,Combined TRACON& Tower with Radar,34,12,39,0,85,4,2,162,42,210,38,14,201,42,295,218,70,288,583
05/31/2005,ACY,NJ,AEA,EN,Combined TRACON& Tower with Radar,23,11,37,53,124,0,1,58,4,63,23,12,95,57,187,142,176,318,505
06/01/2005,ACY,NJ,AEA,EN,Combined TRACON& Tower with Radar,30,7,52,50,139,6,1,19,16,42,36,8,71,66,181,38,20,58,239
06/02/2005,ACY,NJ,AEA,EN,Combined TRACON& Tower with Radar,25,10,44,73,152,0,0,0,0,0,25,10,44,73,152,102,84,186,338
06/03/2005,ACY,NJ,AEA,EN,Combined TRACON& Tower with Radar,44,18,63,21,146,5,22,0,47,74,49,40,63,68,220,4,0,4,224
06/04/2005,ACY,NJ,AEA,EN,Combined TRACON& Tower with Radar,30,21,64,7,122,0,0,23,11,34,30,21,87,18,156,40,14,54,210
06/05/2005,ACY,NJ,AEA,EN,Combined TRACON& Tower with Radar,39,8,80,10,137,0,0,67,15,82,39,8,147,25,219,160,32,192,411
06/06/2005,ACY,NJ,AEA,EN,Combined TRACON& Tower with Radar,37,8,48,0,93,0,25,61,65,151,37,33,109,65,244,108,66,174,418
06/07/2005,ACY,NJ,AEA,EN,Combined TRACON& Tower with Radar,31,18,76,65,190,0,3,29,15,47,31,21,105,80,237,32,70,102,339
06/08/2005,ACY,NJ,AEA,EN,Combined TRACON& Tower with Radar,22,12,38,32,104,0,0,29,18,47,22,12,67,50,151,62,54,116,267
06/09/2005,ACY,NJ,AEA,EN,Combined TRACON& Tower with Radar,26,11,53,52,142,0,6,25,13,44,26,17,78,65,186,112,148,260,446
06/10/2005,ACY,NJ,AEA,EN,Combined TRACON& Tower with Radar,35,21,55,78,189,0,0,16,3,19,35,21,71,81,208,48,100,148,356
06/11/2005,ACY,NJ,AEA,EN,Combined TRACON& Tower with Radar,38,23,56,58,175,5,0,34,12,51,43,23,90,70,226,50,120,170,396
06/12/2005,ACY,NJ,AEA,EN,Combined TRACON& Tower with Radar,40,23,66,11,140,13,20,22,17,72,53,43,88,28,212,65,58,123,335
06/13/2005,ACY,NJ,AEA,EN,Combined TRACON& Tower with Radar,24,13,44,78,159,9,0,47,13,69,33,13,91,91,228,70,140,210,438
06/14/2005,ACY,NJ,AEA,EN,Combined TRACON& Tower with Radar,37,16,60,170,283,0,5,67,44,116,37,21,127,214,399,88,158,246,645
06/15/2005,ACY,NJ,AEA,EN,Combined TRACON& Tower with Radar,33,18,107,116,274,19,26,13,0,58,52,44,120,116,332,46,154,200,532
06/16/2005,ACY,NJ,AEA,EN,Combined TRACON& Tower with Radar,46,23,82,112,263,0,19,10,0,29,46,42,92,112,292,66,120,186,478
06/17/2005,ACY,NJ,AEA,EN,Combined TRACON& Tower with Radar,43,14,73,47,177,11,32,34,47,124,54,46,107,94,301,50,150,200,501
06/18/2005,ACY,NJ,AEA,EN,Combined TRACON& Tower with Radar,31,19,67,35,152,0,0,71,0,71,31,19,138,35,223,100,24,124,347
06/19/2005,ACY,NJ,AEA,EN,Combined TRACON& Tower with Radar,25,29,80,13,147,0,0,0,7,7,25,29,80,20,154,38,40,78,232
06/20/2005,ACY,NJ,AEA,EN,Combined TRACON& Tower with Radar,32,18,52,70,172,0,0,60,0,60,32,18,112,70,232,58,144,202,434
06/21/2005,ACY,NJ,AEA,EN,Combined TRACON& Tower with Radar,31,20,37,131,219,16,7,46,31,100,47,27,83,162,319,46,200,246,565
06/22/2005,ACY,NJ,AEA,EN,Combined TRACON& Tower with Radar,35,20,55,62,172,0,25,30,9,64,35,45,85,71,236,42,70,112,348
06/23/2005,ACY,NJ,AEA,EN,Combined TRACON& Tower with Radar,39,19,60,48,166,14,27,54,28,123,53,46,114,76,289,76,74,150,439
06/24/2005,ACY,NJ,AEA,EN,Combined TRACON& Tower with Radar,48,31,88,52,219,8,16,53,38,115,56,47,141,90,334,120,154,274,608
06/25/2005,ACY,NJ,AEA,EN,Combined TRACON& Tower with Radar,35,29,79,13,156,22,39,80,60,201,57,68,159,73,357,92,104,196,553
06/26/2005,ACY,NJ,AEA,EN,Combined TRACON& Tower with Radar,51,63,168,14,296,0,5,26,12,43,51,68,194,26,339,86,0,86,425
06/27/2005,ACY,NJ,AEA,EN,Combined TRACON& Tower with Radar,31,10,36,23,100,0,2,6,0,8,31,12,42,23,108,10,16,26,134
06/28/2005,ACY,NJ,AEA,EN,Combined TRACON& Tower with Radar,35,9,42,60,146,0,17,10,0,27,35,26,52,60,173,40,70,110,283
06/29/2005,ACY,NJ,AEA,EN,Combined TRACON& Tower with Radar,38,20,59,61,178,0,0,0,0,0,38,20,59,61,178,38,66,104,282
06/30/2005,ACY,NJ,AEA,EN,Combined TRACON& Tower with Radar,47,42,73,68,230,0,0,21,25,46,47,42,94,93,276,102,126,228,504
07/01/2005,ACY,NJ,AEA,EN,Combined TRACON& Tower with Radar,38,11,73,73,195,3,0,13,0,16,41,11,86,73,211,28,100,128,339
07/02/2005,ACY,NJ,AEA,EN,Combined TRACON& Tower with Radar,37,25,58,0,120,11,1,89,10,111,48,26,147,10,231,132,60,192,423
07/03/2005,ACY,NJ,AEA,EN,Combined TRACON& Tower with Radar,50,26,48,0,124,0,0,88,13,101,50,26,136,13,225,158,24,182,407
07/04/2005,ACY,NJ,AEA,EN,Combined TRACON& Tower with Radar,30,12,32,1,75,0,9,52,27,88,30,21,84,28,163,122,106,228,391
07/05/2005,ACY,NJ,AEA,EN,Combined TRACON& Tower with Radar,28,24,59,55,166,0,21,0,0,21,28,45,59,55,187,10,44,54,241
07/06/2005,ACY,NJ,AEA,EN,Combined TRACON& Tower with Radar,36,11,48,72,167,6,27,14,0,47,42,38,62,72,214,42,86,128,342
07/07/2005,ACY,NJ,AEA,EN,Combined TRACON& Tower with Radar,28,32,69,104,233,0,10,0,0,10,28,42,69,104,243,50,172,222,465
07/08/2005,ACY,NJ,AEA,EN,Combined TRACON& Tower with Radar,38,21,72,51,182,0,39,0,0,39,38,60,72,51,221,4,0,4,225
07/09/2005,ACY,NJ,AEA,EN,Combined TRACON& Tower with Radar,41,23,75,29,168,18,4,34,0,56,59,27,109,29,224,88,52,140,364
07/10/2005,ACY,NJ,AEA,EN,Combined TRACON& Tower with Radar,57,15,63,32,167,0,0,79,0,79,57,15,142,32,246,152,42,194,440
07/11/2005,ACY,NJ,AEA,EN,Combined TRACON& Tower with Radar,36,10,45,68,159,0,1,51,8,60,36,11,96,76,219,32,104,136,355
07/12/2005,ACY,NJ,AEA,EN,Combined TRACON& Tower with Radar,48,23,52,106,229,0,20,52,0,72,48,43,104,106,301,86,114,200,501
07/13/2005,ACY,NJ,AEA,EN,Combined TRACON& Tower with Radar,35,23,56,86,200,0,0,8,86,94,35,23,64,172,294,42,114,156,450
07/14/2005,ACY,NJ,AEA,EN,Combined TRACON& Tower with Radar,35,21,78,96,230,10,7,0,0,17,45,28,78,96,247,6,126,132,379
07/15/2005,ACY,NJ,AEA,EN,Combined TRACON& Tower with Radar,42,15,43,57,157,10,0,0,0,10,52,15,43,57,167,32,98,130,297
07/16/2005,ACY,NJ,AEA,EN,Combined TRACON& Tower with Radar,36,17,61,63,177,15,12,11,21,59,51,29,72,84,236,14,28,42,278
07/17/2005,ACY,NJ,AEA,EN,Combined TRACON& Tower with Radar,40,7,78,16,141,3,8,0,0,11,43,15,78,16,152,22,34,56,208
07/18/2005,ACY,NJ,AEA,EN,Combined TRACON& Tower with Radar,34,3,54,33,124,0,0,10,2,12,34,3,64,35,136,82,24,106,242
07/19/2005,ACY,NJ,AEA,EN,Combined TRACON& Tower with Radar,29,14,46,93,182,0,0,0,25,25,29,14,46,118,207,48,142,190,397
07/20/2005,ACY,NJ,AEA,EN,Combined TRACON& Tower with Radar,32,14,75,93,214,12,0,38,0,50,44,14,113,93,264,58,154,212,476
07/21/2005,ACY,NJ,AEA,EN,Combined TRACON& Tower with Radar,41,16,94,88,239,7,11,33,0,51,48,27,127,88,290,40,130,170,460
07/22/2005,ACY,NJ,AEA,EN,Combined TRACON& Tower with Radar,50,39,123,74,286,0,0,0,0,0,50,39,123,74,286,106,104,210,496
07/23/2005,ACY,NJ,AEA,EN,Combined TRACON& Tower with Radar,30,20,74,26,150,9,10,64,0,83,39,30,138,26,233,30,52,82,315
07/24/2005,ACY,NJ,AEA,EN,Combined TRACON& Tower with Radar,43,13,61,9,126,0,0,27,7,34,43,13,88,16,160,62,88,150,310
07/25/2005,ACY,NJ,AEA,EN,Combined TRACON& Tower with Radar,25,13,54,45,137,0,0,3,0,3,25,13,57,45,140,0,92,92,232
07/26/2005,ACY,NJ,AEA,EN,Combined TRACON& Tower with Radar,36,22,43,82,183,0,0,51,0,51,36,22,94,82,234,114,104,218,452
07/27/2005,ACY,NJ,AEA,EN,Combined TRACON& Tower with Radar,38,10,50,55,153,16,10,35,0,61,54,20,85,55,214,56,110,166,380
07/28/2005,ACY,NJ,AEA,EN,Combined TRACON& Tower with Radar,38,22,56,71,187,0,0,23,0,23,38,22,79,71,210,116,216,332,542
07/29/2005,ACY,NJ,AEA,EN,Combined TRACON& Tower with Radar,38,22,56,35,151,2,0,12,0,14,40,22,68,35,165,40,58,98,263
07/30/2005,ACY,NJ,AEA,EN,Combined TRACON& Tower with Radar,31,17,56,3,107,0,0,35,6,41,31,17,91,9,148,46,2,48,196
07/31/2005,ACY,NJ,AEA,EN,Combined TRACON& Tower with Radar,29,22,59,7,117,0,0,43,10,53,29,22,102,17,170,102,78,180,350
08/01/2005,ACY,NJ,AEA,EN,Combined TRACON& Tower with Radar,33,7,62,22,124,23,39,19,50,131,56,46,81,72,255,78,102,180,435
08/02/2005,ACY,NJ,AEA,EN,Combined TRACON& Tower with Radar,24,16,44,37,121,6,4,39,43,92,30,20,83,80,213,70,72,142,355
08/03/2005,ACY,NJ,AEA,EN,Combined TRACON& Tower with Radar,33,26,67,99,225,11,20,43,4,78,44,46,110,103,303,90,124,214,517
08/04/2005,ACY,NJ,AEA,EN,Combined TRACON& Tower with Radar,47,21,67,102,237,0,0,0,0,0,47,21,67,102,237,44,96,140,377
08/05/2005,ACY,NJ,AEA,EN,Combined TRACON& Tower with Radar,42,30,102,26,200,9,0,30,17,56,51,30,132,43,256,86,108,194,450
08/06/2005,ACY,NJ,AEA,EN,Combined TRACON& Tower with Radar,43,24,65,13,145,0,0,83,7,90,43,24,148,20,235,118,54,172,407
08/07/2005,ACY,NJ,AEA,EN,Combined TRACON& Tower with Radar,42,16,74,3,135,0,22,0,8,30,42,38,74,11,165,99,78,177,342
08/08/2005,ACY,NJ,AEA,EN,Combined TRACON& Tower with Radar,41,22,49,39,151,0,0,16,5,21,41,22,65,44,172,32,70,102,274
08/09/2005,ACY,NJ,AEA,EN,Combined TRACON& Tower with Radar,43,48,40,28,159,0,0,48,26,74,43,48,88,54,233,56,82,138,371
08/10/2005,ACY,NJ,AEA,EN,Combined TRACON& Tower with Radar,29,29,75,66,199,21,13,40,2,76,50,42,115,68,275,108,122,230,505
08/11/2005,ACY,NJ,AEA,EN,Combined TRACON& Tower with Radar,35,20,96,55,206,0,9,0,8,17,35,29,96,63,223,84,60,144,367
08/12/2005,ACY,NJ,AEA,EN,Combined TRACON& Tower with Radar,44,30,67,43,184,0,14,35,9,58,44,44,102,52,242,140,114,254,496
08/13/2005,ACY,NJ,AEA,EN,Combined TRACON& Tower with Radar,16,17,74,1,108,0,0,4,16,20,16,17,78,17,128,40,22,62,190
08/14/2005,ACY,NJ,AEA,EN,Combined TRACON& Tower with Radar,47,21,87,9,164,0,11,0,15,26,47,32,87,24,190,20,40,60,250
08/15/2005,ACY,NJ,AEA,EN,Combined TRACON& Tower with Radar,47,21,47,17,132,0,0,15,15,30,47,21,62,32,162,94,82,176,338
08/16/2005,ACY,NJ,AEA,EN,Combined TRACON& Tower with Radar,37,15,72,33,157,8,38,49,51,146,45,53,121,84,303,50,52,102,405
08/17/2005,ACY,NJ,AEA,EN,Combined TRACON& Tower with Radar,31,17,52,17,117,15,32,20,45,112,46,49,72,62,229,88,116,204,433
08/18/2005,ACY,NJ,AEA,EN,Combined TRACON& Tower with Radar,33,22,65,48,168,4,1,80,7,92,37,23,145,55,260,38,68,106,366
08/19/2005,ACY,NJ,AEA,EN,Combined TRACON& Tower with Radar,42,21,93,52,208,15,24,0,26,65,57,45,93,78,273,22,58,80,353
08/20/2005,ACY,NJ,AEA,EN,Combined TRACON& Tower with Radar,31,7,86,31,155,0,8,13,15,36,31,15,99,46,191,78,18,96,287
08/21/2005,ACY,NJ,AEA,EN,Combined TRACON& Tower with Radar,37,16,64,8,125,5,30,58,3,96,42,46,122,11,221,132,26,158,379
08/22/2005,ACY,NJ,AEA,EN,Combined TRACON& Tower with Radar,23,10,40,53,126,0,0,35,0,35,23,10,75,53,161,38,98,136,297
08/23/2005,ACY,NJ,AEA,EN,Combined TRACON& Tower with Radar,32,20,60,60,172,0,0,55,2,57,32,20,115,62,229,64,108,172,401
08/24/2005,ACY,NJ,AEA,EN,Combined TRACON& Tower with Radar,33,16,46,50,145,4,0,50,31,85,37,16,96,81,230,90,66,156,386
08/25/2005,ACY,NJ,AEA,EN,Combined TRACON& Tower with Radar,29,19,57,36,141,0,5,70,16,91,29,24,127,52,232,134,98,232,464
08/26/2005,ACY,NJ,AEA,EN,Combined TRACON& Tower with Radar,36,12,73,60,181,4,43,52,0,99,40,55,125,60,280,76,68,144,424
08/27/2005,ACY,NJ,AEA,EN,Combined TRACON& Tower with Radar,31,17,40,30,118,15,31,42,26,114,46,48,82,56,232,84,102,186,418
08/28/2005,ACY,NJ,AEA,EN,Combined TRACON& Tower with Radar,30,15,66,10,121,0,4,23,4,31,30,19,89,14,152,64,50,114,266
08/29/2005,ACY,NJ,AEA,EN,Combined TRACON& Tower with Radar,32,23,54,49,158,0,11,42,9,62,32,34,96,58,220,76,104,180,400
08/30/2005,ACY,NJ,AEA,EN,Combined TRACON& Tower with Radar,30,7,61,36,134,0,0,9,48,57,30,7,70,84,191,24,24,48,239
08/31/2005,ACY,NJ,AEA,EN,Combined TRACON& Tower with Radar,25,20,50,22,117,0,0,0,0,0,25,20,50,22,117,1030,44,1074,1191
09/01/2005,ACY,NJ,AEA,EN,Combined TRACON& Tower with Radar,26,11,38,61,136,4,2,66,2,74,30,13,104,63,210,102,120,222,432
09/02/2005,ACY,NJ,AEA,EN,Combined TRACON& Tower with Radar,34,19,62,1,116,1,0,39,17,57,35,19,101,18,173,138,120,258,431
09/03/2005,ACY,NJ,AEA,EN,Combined TRACON& Tower with Radar,38,13,59,11,121,4,23,53,35,115,42,36,112,46,236,128,58,186,422
09/04/2005,ACY,NJ,AEA,EN,Combined TRACON& Tower with Radar,42,22,56,5,125,0,0,75,11,86,42,22,131,16,211,135,44,179,390
09/05/2005,ACY,NJ,AEA,EN,Combined TRACON& Tower with Radar,27,15,51,0,93,0,0,42,6,48,27,15,93,6,141,12,0,12,153
09/06/2005,ACY,NJ,AEA,EN,Combined TRACON& Tower with Radar,22,11,38,61,132,5,1,37,5,48,27,12,75,66,180,46,122,168,348
09/07/2005,ACY,NJ,AEA,EN,Combined TRACON& Tower with Radar,17,15,72,28,132,2,5,50,7,64,19,20,122,35,196,104,70,174,370
09/08/2005,ACY,NJ,AEA,EN,Combined TRACON& Tower with Radar,21,8,53,35,117,0,0,0,0,0,21,8,53,35,117,46,82,128,245
09/09/2005,ACY,NJ,AEA,EN,Combined TRACON& Tower with Radar,34,20,70,12,136,0,0,16,0,16,34,20,86,12,152,62,88,150,302
09/10/2005,ACY,NJ,AEA,EN,Combined TRACON& Tower with Radar,21,8,37,2,68,0,4,44,11,59,21,12,81,13,127,74,20,94,221
09/11/2005,ACY,NJ,AEA,EN,Combined TRACON& Tower with Radar,42,12,58,20,132,3,33,61,17,114,45,45,119,37,246,104,82,186,432
09/12/2005,ACY,NJ,AEA,EN,Combined TRACON& Tower with Radar,31,12,54,30,127,1,14,0,0,15,32,26,54,30,142,116,60,176,318
09/13/2005,ACY,NJ,AEA,EN,Combined TRACON& Tower with Radar,22,16,76,34,148,1,2,3,0,6,23,18,79,34,154,158,80,238,392
09/14/2005,ACY,NJ,AEA,EN,Combined TRACON& Tower with Radar,23,12,43,24,102,0,0,8,0,8,23,12,51,24,110,12,20,32,142
09/15/2005,ACY,NJ,AEA,EN,Combined TRACON& Tower with Radar,27,17,95,63,202,3,4,25,0,32,30,21,120,63,234,78,122,200,434
09/16/2005,ACY,NJ,AEA,EN,Combined TRACON& Tower with Radar,31,24,61,25,141,0,0,14,12,26,31,24,75,37,167,32,106,138,305
09/17/2005,ACY,NJ,AEA,EN,Combined TRACON& Tower with Radar,31,15,60,23,129,3,30,61,45,139,34,45,121,68,268,118,126,244,512
09/18/2005,ACY,NJ,AEA,EN,Combined TRACON& Tower with Radar,46,29,67,4,146,0,0,60,16,76,46,29,127,20,222,86,32,118,340
09/19/2005,ACY,NJ,AEA,EN,Combined TRACON& Tower with Radar,23,16,40,30,109,0,0,63,6,69,23,16,103,36,178,116,76,192,370
09/20/2005,ACY,NJ,AEA,EN,Combined TRACON& Tower with Radar,29,11,55,38,133,5,2,22,2,31,34,13,77,40,164,54,64,118,282
09/21/2005,ACY,NJ,AEA,EN,Combined TRACON& Tower with Radar,28,19,46,44,137,0,1,63,9,73,28,20,109,53,210,44,98,142,352
09/22/2005,ACY,NJ,AEA,EN,Combined TRACON& Tower with Radar,29,16,58,52,155,0,0,28,0,28,29,16,86,52,183,70,98,168,351
09/23/2005,ACY,NJ,AEA,EN,Combined TRACON& Tower with Radar,38,18,67,28,151,0,11,68,33,112,38,29,135,61,263,64,84,148,411
09/24/2005,ACY,NJ,AEA,EN,Combined TRACON& Tower with Radar,34,19,67,31,151,0,0,75,10,85,34,19,142,41,236,108,82,190,426
09/25/2005,ACY,NJ,AEA,EN,Combined TRACON& Tower with Radar,36,16,85,12,149,0,0,23,0,23,36,16,108,12,172,74,60,134,306
09/26/2005,ACY,NJ,AEA,EN,Combined TRACON& Tower with Radar,19,5,40,33,97,0,0,9,7,16,19,5,49,40,113,14,138,152,265
09/27/2005,ACY,NJ,AEA,EN,Combined TRACON& Tower with Radar,26,16,40,61,143,0,2,41,21,64,26,18,81,82,207,54,96,150,357
09/28/2005,ACY,NJ,AEA,EN,Combined TRACON& Tower with Radar,19,19,42,78,158,0,0,36,6,42,19,19,78,84,200,152,84,236,436
09/29/2005,ACY,NJ,AEA,EN,Combined TRACON& Tower with Radar,42,25,73,49,189,0,13,35,37,85,42,38,108,86,274,90,110,200,474
09/30/2005,ACY,NJ,AEA,EN,Combined TRACON& Tower with Radar,52,29,89,81,251,0,31,90,15,136,52,60,179,96,387,114,166,280,667
10/01/2005,ACY,NJ,AEA,EN,Combined TRACON& Tower with Radar,41,20,47,6,114,0,0,81,39,120,41,20,128,45,234,165,73,238,472
10/02/2005,ACY,NJ,AEA,EN,Combined TRACON& Tower with Radar,33,5,65,6,109,0,13,33,14,60,33,18,98,20,169,75,0,75,244
10/03/2005,ACY,NJ,AEA,EN,Combined TRACON& Tower with Radar,20,5,31,10,66,0,3,65,19,87,20,8,96,29,153,112,84,196,349
10/04/2005,ACY,NJ,AEA,EN,Combined TRACON& Tower with Radar,23,5,46,40,114,4,2,11,0,17,27,7,57,40,131,54,114,168,299
10/05/2005,ACY,NJ,AEA,EN,Combined TRACON& Tower with Radar,23,14,92,107,236,0,3,0,14,17,23,17,92,121,253,68,104,172,425
10/06/2005,ACY,NJ,AEA,EN,Combined TRACON& Tower with Radar,31,18,87,127,263,0,0,6,9,15,31,18,93,136,278,46,106,152,430
10/07/2005,ACY,NJ,AEA,EN,Combined TRACON& Tower with Radar,33,17,112,68,230,19,27,1,6,53,52,44,113,74,283,114,80,194,477
10/08/2005,ACY,NJ,AEA,EN,Combined TRACON& Tower with Radar,18,7,34,4,63,0,0,0,0,0,18,7,34,4,63,2,12,14,77
10/09/2005,ACY,NJ,AEA,EN,Combined TRACON& Tower with Radar,48,26,65,5,144,4,5,0,0,9,52,31,65,5,153,12,0,12,165
10/10/2005,ACY,NJ,AEA,EN,Combined TRACON& Tower with Radar,27,13,45,21,106,0,0,0,0,0,27,13,45,21,106,0,0,0,106
10/11/2005,ACY,NJ,AEA,EN,Combined TRACON& Tower with Radar,22,9,43,11,85,0,4,0,0,4,22,13,43,11,89,12,0,12,101
10/12/2005,ACY,NJ,AEA,EN,Combined TRACON& Tower with Radar,26,12,47,22,107,2,19,0,0,21,28,31,47,22,128,0,10,10,138
10/13/2005,ACY,NJ,AEA,EN,Combined TRACON& Tower with Radar,28,14,24,23,89,6,16,8,13,43,34,30,32,36,132,0,0,0,132
10/14/2005,ACY,NJ,AEA,EN,Combined TRACON& Tower with Radar,34,24,42,25,125,0,3,12,0,15,34,27,54,25,140,52,130,182,322
10/15/2005,ACY,NJ,AEA,EN,Combined TRACON& Tower with Radar,35,18,44,2,99,0,5,17,17,39,35,23,61,19,138,12,22,34,172
10/16/2005,ACY,NJ,AEA,EN,Combined TRACON& Tower with Radar,35,10,49,27,121,1,10,26,6,43,36,20,75,33,164,84,112,196,360
10/17/2005,ACY,NJ,AEA,EN,Combined TRACON& Tower with Radar,25,4,30,46,105,0,3,35,0,38,25,7,65,46,143,78,102,180,323
10/18/2005,ACY,NJ,AEA,EN,Combined TRACON& Tower with Radar,19,14,40,50,123,0,7,19,0,26,19,21,59,50,149,50,110,160,309
10/19/2005,ACY,NJ,AEA,EN,Combined TRACON& Tower with Radar,31,25,57,127,240,0,0,64,27,91,31,25,121,154,331,190,272,462,793
10/20/2005,ACY,NJ,AEA,EN,Combined TRACON& Tower with Radar,22,15,67,41,145,0,0,19,0,19,22,15,86,41,164,76,158,234,398
10/21/2005,ACY,NJ,AEA,EN,Combined TRACON& Tower with Radar,42,14,92,58,206,0,0,5,0,5,42,14,97,58,211,36,120,156,367
10/22/2005,ACY,NJ,AEA,EN,Combined TRACON& Tower with Radar,34,8,48,10,100,0,2,0,0,2,34,10,48,10,102,16,10,26,128
10/23/2005,ACY,NJ,AEA,EN,Combined TRACON& Tower with Radar,39,16,50,7,112,0,0,26,5,31,39,16,76,12,143,126,48,174,317
10/24/2005,ACY,NJ,AEA,EN,Combined TRACON& Tower with Radar,19,17,35,8,79,0,0,18,15,33,19,17,53,23,112,50,50,100,212
10/25/2005,ACY,NJ,AEA,EN,Combined TRACON& Tower with Radar,20,8,21,7,56,5,0,5,9,19,25,8,26,16,75,0,38,38,113
10/26/2005,ACY,NJ,AEA,EN,Combined TRACON& Tower with Radar,17,28,62,32,139,0,0,14,0,14,17,28,76,32,153,6,98,104,257
10/27/2005,ACY,NJ,AEA,EN,Combined TRACON& Tower with Radar,25,36,42,50,153,0,0,79,55,134,25,36,121,105,287,35,178,213,500
10/28/2005,ACY,NJ,AEA,EN,Combined TRACON& Tower with Radar,28,18,60,37,143,0,0,11,0,11,28,18,71,37,154,50,112,162,316
10/29/2005,ACY,NJ,AEA,EN,Combined TRACON& Tower with Radar,25,7,49,26,107,0,7,41,0,48,25,14,90,26,155,82,60,142,297
10/30/2005,ACY,NJ,AEA,EN,Combined TRACON& Tower with Radar,40,21,51,3,115,0,0,49,12,61,40,21,100,15,176,130,88,218,394
10/31/2005,ACY,NJ,AEA,EN,Combined TRACON& Tower with Radar,33,7,36,28,104,12,7,3,0,22,45,14,39,28,126,76,156,232,358
11/01/2005,ACY,NJ,AEA,EN,Combined TRACON& Tower with Radar,18,9,41,52,120,0,0,88,0,88,18,9,129,52,208,132,170,302,510
11/02/2005,ACY,NJ,AEA,EN,Combined TRACON& Tower with Radar,27,17,45,88,177,4,4,15,0,23,31,21,60,88,200,130,236,366,566
11/03/2005,ACY,NJ,AEA,EN,Combined TRACON& Tower with Radar,42,28,77,56,203,0,0,20,0,20,42,28,97,56,223,48,36,84,307
11/04/2005,ACY,NJ,AEA,EN,Combined TRACON& Tower with Radar,37,29,66,143,275,0,0,21,0,21,37,29,87,143,296,84,152,236,532
11/05/2005,ACY,NJ,AEA,EN,Combined TRACON& Tower with Radar,36,8,53,13,110,0,0,81,0,81,36,8,134,13,191,140,40,180,371
11/06/2005,ACY,NJ,AEA,EN,Combined TRACON& Tower with Radar,51,6,61,14,132,4,4,10,11,29,55,10,71,25,161,162,48,210,371
11/07/2005,ACY,NJ,AEA,EN,Combined TRACON& Tower with Radar,32,15,33,33,113,0,0,12,35,47,32,15,45,68,160,14,92,106,266
11/08/2005,ACY,NJ,AEA,EN,Combined TRACON& Tower with Radar,24,10,33,64,131,4,0,29,14,47,28,10,62,78,178,76,106,182,360
11/09/2005,ACY,NJ,AEA,EN,Combined TRACON& Tower with Radar,17,15,53,52,137,18,17,0,24,59,35,32,53,76,196,46,116,162,358
11/10/2005,ACY,NJ,AEA,EN,Combined TRACON& Tower with Radar,38,23,39,83,183,0,0,0,0,0,38,23,39,83,183,4,76,80,263
11/11/2005,ACY,NJ,AEA,EN,Combined TRACON& Tower with Radar,46,18,76,28,168,0,3,0,3,6,46,21,76,31,174,50,32,82,256
11/12/2005,ACY,NJ,AEA,EN,Combined TRACON& Tower with Radar,26,7,41,3,77,4,4,70,13,91,30,11,111,16,168,54,130,184,352
11/13/2005,ACY,NJ,AEA,EN,Combined TRACON& Tower with Radar,36,13,62,12,123,4,9,40,18,71,40,22,102,30,194,118,84,202,396
11/14/2005,ACY,NJ,AEA,EN,Combined TRACON& Tower with Radar,34,23,57,33,147,0,0,54,39,93,34,23,111,72,240,60,106,166,406
11/15/2005,ACY,NJ,AEA,EN,Combined TRACON& Tower with Radar,33,24,46,42,145,0,0,50,0,50,33,24,96,42,195,144,166,310,505
11/16/2005,ACY,NJ,AEA,EN,Combined TRACON& Tower with Radar,23,12,25,37,97,0,0,5,21,26,23,12,30,58,123,8,56,64,187
11/17/2005,ACY,NJ,AEA,EN,Combined TRACON& Tower with Radar,30,18,38,24,110,4,1,62,40,107,34,19,100,64,217,80,139,219,436
11/18/2005,ACY,NJ,AEA,EN,Combined TRACON& Tower with Radar,39,21,52,63,175,0,0,75,21,96,39,21,127,84,271,128,106,234,505
11/19/2005,ACY,NJ,AEA,EN,Combined TRACON& Tower with Radar,26,7,30,35,98,0,8,66,0,74,26,15,96,35,172,42,76,118,290
11/20/2005,ACY,NJ,AEA,EN,Combined TRACON& Tower with Radar,42,30,62,12,146,9,26,66,64,165,51,56,128,76,311,136,108,244,555
11/21/2005,ACY,NJ,AEA,EN,Combined TRACON& Tower with Radar,42,11,47,20,120,0,9,15,11,35,42,20,62,31,155,42,60,102,257
11/22/2005,ACY,NJ,AEA,EN,Combined TRACON& Tower with Radar,27,11,22,10,70,0,7,22,52,81,27,18,44,62,151,56,82,138,289
11/23/2005,ACY,NJ,AEA,EN,Combined TRACON& Tower with Radar,28,10,75,39,152,10,12,40,12,74,38,22,115,51,226,130,106,236,462
11/24/2005,ACY,NJ,AEA,EN,Combined TRACON& Tower with Radar,32,8,9,0,49,0,0,0,2,2,32,8,9,2,51,2,0,2,53
11/25/2005,ACY,NJ,AEA,EN,Combined TRACON& Tower with Radar,44,17,40,6,107,0,0,0,6,6,44,17,40,12,113,16,28,44,157
11/26/2005,ACY,NJ,AEA,EN,Combined TRACON& Tower with Radar,29,4,44,2,79,4,17,37,11,69,33,21,81,13,148,124,70,194,342
11/27/2005,ACY,NJ,AEA,EN,Combined TRACON& Tower with Radar,31,19,58,18,126,0,0,42,0,42,31,19,100,18,168,82,40,122,290
11/28/2005,ACY,NJ,AEA,EN,Combined TRACON& Tower with Radar,33,12,55,62,162,0,0,0,0,0,33,12,55,62,162,42,114,156,318
11/29/2005,ACY,NJ,AEA,EN,Combined TRACON& Tower with Radar,27,17,43,72,159,0,2,17,0,19,27,19,60,72,178,66,88,154,332
11/30/2005,ACY,NJ,AEA,EN,Combined TRACON& Tower with Radar,28,19,112,65,224,0,1,0,15,16,28,20,112,80,240,90,92,182,422
12/01/2005,ACY,NJ,AEA,EN,Combined TRACON& Tower with Radar,29,7,74,31,141,4,13,0,6,23,33,20,74,37,164,114,122,236,400
12/02/2005,ACY,NJ,AEA,EN,Combined TRACON& Tower with Radar,37,8,68,54,167,0,13,5,0,18,37,21,73,54,185,8,42,50,235
12/03/2005,ACY,NJ,AEA,EN,Combined TRACON& Tower with Radar,29,20,53,62,164,0,0,0,0,0,29,20,53,62,164,48,60,108,272
12/04/2005,ACY,NJ,AEA,EN,Combined TRACON& Tower with Radar,38,9,56,0,103,0,13,28,17,58,38,22,84,17,161,82,18,100,261
12/05/2005,ACY,NJ,AEA,EN,Combined TRACON& Tower with Radar,32,8,58,69,167,2,0,0,11,13,34,8,58,80,180,36,134,170,350
12/06/2005,ACY,NJ,AEA,EN,Combined TRACON& Tower with Radar,30,19,18,20,87,2,1,30,40,73,32,20,48,60,160,20,32,52,212
12/07/2005,ACY,NJ,AEA,EN,Combined TRACON& Tower with Radar,33,21,39,108,201,3,0,58,13,74,36,21,97,121,275,50,74,124,399
12/08/2005,ACY,NJ,AEA,EN,Combined TRACON& Tower with Radar,32,10,47,76,165,0,0,54,10,64,32,10,101,86,229,40,58,98,327
12/09/2005,ACY,NJ,AEA,EN,Combined TRACON& Tower with Radar,33,7,46,37,123,0,8,0,3,11,33,15,46,40,134,20,58,78,212
12/10/2005,ACY,NJ,AEA,EN,Combined TRACON& Tower with Radar,24,13,58,24,119,12,17,42,44,115,36,30,100,68,234,82,92,174,408
12/11/2005,ACY,NJ,AEA,EN,Combined TRACON& Tower with Radar,43,31,95,11,180,12,30,77,0,119,55,61,172,11,299,24,54,78,377
12/12/2005,ACY,NJ,AEA,EN,Combined TRACON& Tower with Radar,25,7,58,5,95,10,8,48,33,99,35,15,106,38,194,106,94,200,394
12/13/2005,ACY,NJ,AEA,EN,Combined TRACON& Tower with Radar,15,6,27,45,93,0,0,43,20,63,15,6,70,65,156,34,42,76,232
12/14/2005,ACY,NJ,AEA,EN,Combined TRACON& Tower with Radar,14,5,43,37,99,0,1,30,21,52,14,6,73,58,151,26,58,84,235
12/15/2005,ACY,NJ,AEA,EN,Combined TRACON& Tower with Radar,25,10,38,50,123,0,10,29,0,39,25,20,67,50,162,20,82,102,264
12/16/2005,ACY,NJ,AEA,EN,Combined TRACON& Tower with Radar,24,10,47,26,107,7,16,59,30,112,31,26,106,56,219,102,128,230,449
12/17/2005,ACY,NJ,AEA,EN,Combined TRACON& Tower with Radar,24,8,31,4,67,0,0,62,6,68,24,8,93,10,135,110,50,160,295
12/18/2005,ACY,NJ,AEA,EN,Combined TRACON& Tower with Radar,28,5,30,12,75,5,7,22,0,34,33,12,52,12,109,40,6,46,155
12/19/2005,ACY,NJ,AEA,EN,Combined TRACON& Tower with Radar,19,3,24,26,72,9,11,44,0,64,28,14,68,26,136,74,24,98,234
12/20/2005,ACY,NJ,AEA,EN,Combined TRACON& Tower with Radar,22,7,47,70,146,0,0,24,0,24,22,7,71,70,170,20,104,124,294
12/21/2005,ACY,NJ,AEA,EN,Combined TRACON& Tower with Radar,22,21,66,32,141,0,0,0,0,0,22,21,66,32,141,34,48,82,223
12/22/2005,ACY,NJ,AEA,EN,Combined TRACON& Tower with Radar,17,5,23,50,95,18,35,47,0,100,35,40,70,50,195,58,80,138,333
12/23/2005,ACY,NJ,AEA,EN,Combined TRACON& Tower with Radar,25,2,34,17,78,0,11,15,18,44,25,13,49,35,122,48,54,102,224
12/24/2005,ACY,NJ,AEA,EN,Combined TRACON& Tower with Radar,21,10,19,1,51,0,0,22,3,25,21,10,41,4,76,58,56,114,190
12/25/2005,ACY,NJ,AEA,EN,Combined TRACON& Tower with Radar,32,9,6,0,47,6,0,0,0,6,38,9,6,0,53,2,0,2,55
12/26/2005,ACY,NJ,AEA,EN,Combined TRACON& Tower with Radar,0,0,0,0,0,0,0,0,0,0,0,0,0,0,0,40,16,56,56
12/27/2005,ACY,NJ,AEA,EN,Combined TRACON& Tower with Radar,26,3,32,0,61,0,0,0,26,26,26,3,32,26,87,74,100,174,261
12/28/2005,ACY,NJ,AEA,EN,Combined TRACON& Tower with Radar,34,14,39,34,121,2,3,83,0,88,36,17,122,34,209,82,112,194,403
12/29/2005,ACY,NJ,AEA,EN,Combined TRACON& Tower with Radar,17,5,25,7,54,0,0,0,0,0,17,5,25,7,54,0,0,0,54
12/30/2005,ACY,NJ,AEA,EN,Combined TRACON& Tower with Radar,31,22,47,15,115,0,0,22,3,25,31,22,69,18,140,96,58,154,294
12/31/2005,ACY,NJ,AEA,EN,Combined TRACON& Tower with Radar,24,12,32,1,69,3,0,40,7,50,27,12,72,8,119,30,28,58,177
01/01/2006,ACY,NJ,AEA,EN,Combined TRACON& Tower with Radar,34,17,35,1,87,0,0,0,0,0,34,17,35,1,87,36,8,44,131
01/02/2006,ACY,NJ,AEA,EN,Combined TRACON& Tower with Radar,22,8,38,8,76,358,15,32,26,431,380,23,70,34,507,26,38,64,571
01/03/2006,ACY,NJ,AEA,EN,Combined TRACON& Tower with Radar,24,3,14,8,49,0,0,7,0,7,24,3,21,8,56,0,10,10,66
01/04/2006,ACY,NJ,AEA,EN,Combined TRACON& Tower with Radar,26,9,52,49,136,0,17,0,0,17,26,26,52,49,153,42,68,110,263
01/05/2006,ACY,NJ,AEA,EN,Combined TRACON& Tower with Radar,28,10,44,82,164,0,14,16,0,30,28,24,60,82,194,64,152,216,410
01/06/2006,ACY,NJ,AEA,EN,Combined TRACON& Tower with Radar,31,16,53,50,150,0,0,28,14,42,31,16,81,64,192,56,162,218,410
01/07/2006,ACY,NJ,AEA,EN,Combined TRACON& Tower with Radar,26,15,53,82,176,4,0,56,54,114,30,15,109,136,290,112,134,246,536
01/08/2006,ACY,NJ,AEA,EN,Combined TRACON& Tower with Radar,27,12,47,8,94,0,4,69,0,73,27,16,116,8,167,122,70,192,359
01/09/2006,ACY,NJ,AEA,EN,Combined TRACON& Tower with Radar,16,8,20,29,73,4,0,37,57,98,20,8,57,86,171,88,128,216,387
01/10/2006,ACY,NJ,AEA,EN,Combined TRACON& Tower with Radar,18,11,23,103,155,9,11,91,6,117,27,22,114,109,272,48,92,140,412
01/11/2006,ACY,NJ,AEA,EN,Combined TRACON& Tower with Radar,14,11,48,106,179,12,9,0,0,21,26,20,48,106,200,48,130,178,378
01/12/2006,ACY,NJ,AEA,EN,Combined TRACON& Tower with Radar,25,13,27,30,95,7,10,47,0,64,32,23,74,30,159,136,164,300,459
01/13/2006,ACY,NJ,AEA,EN,Combined TRACON& Tower with Radar,38,11,48,32,129,1,7,0,2,10,39,18,48,34,139,12,34,46,185
01/14/2006,ACY,NJ,AEA,EN,Combined TRACON& Tower with Radar,28,5,26,0,59,11,4,9,2,26,39,9,35,2,85,0,0,0,85
01/15/2006,ACY,NJ,AEA,EN,Combined TRACON& Tower with Radar,37,7,24,5,73,2,0,9,6,17,39,7,33,11,90,0,0,0,90
01/16/2006,ACY,NJ,AEA,EN,Combined TRACON& Tower with Radar,28,6,31,2,67,1,5,37,7,50,29,11,68,9,117,18,8,26,143
01/17/2006,ACY,NJ,AEA,EN,Combined TRACON& Tower with Radar,17,11,20,51,99,8,2,17,8,35,25,13,37,59,134,20,60,80,214
01/18/2006,ACY,NJ,AEA,EN,Combined TRACON& Tower with Radar,15,11,13,30,69,8,3,7,10,28,23,14,20,40,97,14,44,58,155
01/19/2006,ACY,NJ,AEA,EN,Combined TRACON& Tower with Radar,26,21,50,124,221,0,2,28,10,40,26,23,78,134,261,92,164,256,517
01/20/2006,ACY,NJ,AEA,EN,Combined TRACON& Tower with Radar,43,21,56,49,169,25,17,79,0,121,68,38,135,49,290,118,112,230,520
01/21/2006,ACY,NJ,AEA,EN,Combined TRACON& Tower with Radar,22,11,46,4,83,6,3,23,21,53,28,14,69,25,136,92,24,116,252
01/22/2006,ACY,NJ,AEA,EN,Combined TRACON& Tower with Radar,41,13,69,24,147,8,0,59,40,107,49,13,128,64,254,28,44,72,326
01/23/2006,ACY,NJ,AEA,EN,Combined TRACON& Tower with Radar,28,7,10,43,88,0,0,0,0,0,28,7,10,43,88,8,10,18,106
01/24/2006,ACY,NJ,AEA,EN,Combined TRACON& Tower with Radar,30,17,45,46,138,6,13,29,32,80,36,30,74,78,218,80,96,176,394
01/25/2006,ACY,NJ,AEA,EN,Combined TRACON& Tower with Radar,28,12,46,74,160,0,16,8,6,30,28,28,54,80,190,24,42,66,256
01/26/2006,ACY,NJ,AEA,EN,Combined TRACON& Tower with Radar,24,10,60,57,151,0,3,25,17,45,24,13,85,74,196,18,94,112,308
01/27/2006,ACY,NJ,AEA,EN,Combined TRACON& Tower with Radar,32,12,62,81,187,3,18,72,53,146,35,30,134,134,333,74,140,214,547
01/28/2006,ACY,NJ,AEA,EN,Combined TRACON& Tower with Radar,29,13,49,56,147,7,11,120,0,138,36,24,169,56,285,95,44,139,424
01/29/2006,ACY,NJ,AEA,EN,Combined TRACON& Tower with Radar,33,12,66,5,116,0,0,0,5,5,33,12,66,10,121,12,0,12,133
01/30/2006,ACY,NJ,AEA,EN,Combined TRACON& Tower with Radar,21,6,41,23,91,1,6,0,8,15,22,12,41,31,106,47,20,67,173
01/31/2006,ACY,NJ,AEA,EN,Combined TRACON& Tower with Radar,23,12,31,41,107,21,13,22,29,85,44,25,53,70,192,30,112,142,334
02/01/2006,ACY,NJ,AEA,EN,Combined TRACON& Tower with Radar,22,17,76,78,193,8,4,32,0,44,30,21,108,78,237,58,100,158,395
02/02/2006,ACY,NJ,AEA,EN,Combined TRACON& Tower with Radar,23,14,51,68,156,0,4,23,0,27,23,18,74,68,183,56,86,142,325
02/03/2006,ACY,NJ,AEA,EN,Combined TRACON& Tower with Radar,39,15,41,34,129,0,2,16,50,68,39,17,57,84,197,28,74,102,299
02/04/2006,ACY,NJ,AEA,EN,Combined TRACON& Tower with Radar,32,14,58,47,151,7,5,12,9,33,39,19,70,56,184,35,2,37,221
02/05/2006,ACY,NJ,AEA,EN,Combined TRACON& Tower with Radar,30,22,51,3,106,0,2,8,3,13,30,24,59,6,119,42,100,142,261
02/06/2006,ACY,NJ,AEA,EN,Combined TRACON& Tower with Radar,33,30,42,15,120,0,0,11,7,18,33,30,53,22,138,28,40,68,206
02/07/2006,ACY,NJ,AEA,EN,Combined TRACON& Tower with Radar,21,9,43,59,132,0,0,11,3,14,21,9,54,62,146,48,130,178,324
02/08/2006,ACY,NJ,AEA,EN,Combined TRACON& Tower with Radar,23,21,48,42,134,4,0,68,36,108,27,21,116,78,242,86,154,240,482
02/09/2006,ACY,NJ,AEA,EN,Combined TRACON& Tower with Radar,20,16,28,72,136,0,9,39,17,65,20,25,67,89,201,54,60,114,315
02/10/2006,ACY,NJ,AEA,EN,Combined TRACON& Tower with Radar,36,19,62,29,146,0,0,34,33,67,36,19,96,62,213,40,42,82,295
02/11/2006,ACY,NJ,AEA,EN,Combined TRACON& Tower with Radar,14,8,23,46,91,0,3,5,0,8,14,11,28,46,99,86,64,150,249
02/12/2006,ACY,NJ,AEA,EN,Combined TRACON& Tower with Radar,7,3,10,0,20,0,0,0,0,0,7,3,10,0,20,0,0,0,20
02/13/2006,ACY,NJ,AEA,EN,Combined TRACON& Tower with Radar,26,11,50,16,103,0,1,0,44,45,26,12,50,60,148,12,88,100,248
02/14/2006,ACY,NJ,AEA,EN,Combined TRACON& Tower with Radar,34,28,47,121,230,0,0,34,16,50,34,28,81,137,280,126,108,234,514
02/15/2006,ACY,NJ,AEA,EN,Combined TRACON& Tower with Radar,25,14,36,97,172,0,6,44,13,63,25,20,80,110,235,98,132,230,465
02/16/2006,ACY,NJ,AEA,EN,Combined TRACON& Tower with Radar,28,11,45,36,120,12,0,30,0,42,40,11,75,36,162,64,68,132,294
02/17/2006,ACY,NJ,AEA,EN,Combined TRACON& Tower with Radar,46,14,44,21,125,0,0,2,26,28,46,14,46,47,153,10,42,52,205
02/18/2006,ACY,NJ,AEA,EN,Combined TRACON& Tower with Radar,29,3,26,21,79,1,0,12,0,13,30,3,38,21,92,28,32,60,152
02/19/2006,ACY,NJ,AEA,EN,Combined TRACON& Tower with Radar,38,12,41,8,99,2,0,33,0,35,40,12,74,8,134,62,34,96,230
02/20/2006,ACY,NJ,AEA,EN,Combined TRACON& Tower with Radar,30,14,34,2,80,1,7,36,4,48,31,21,70,6,128,34,56,90,218
02/21/2006,ACY,NJ,AEA,EN,Combined TRACON& Tower with Radar,34,13,42,83,172,6,16,64,3,89,40,29,106,86,261,50,80,130,391
02/22/2006,ACY,NJ,AEA,EN,Combined TRACON& Tower with Radar,28,11,27,73,139,2,0,14,42,58,30,11,41,115,197,12,106,118,315
02/23/2006,ACY,NJ,AEA,EN,Combined TRACON& Tower with Radar,35,24,25,50,134,0,0,9,0,9,35,24,34,50,143,0,32,32,175
02/24/2006,ACY,NJ,AEA,EN,Combined TRACON& Tower with Radar,31,9,40,58,138,29,15,31,42,117,60,24,71,100,255,32,96,128,383
02/25/2006,ACY,NJ,AEA,EN,Combined TRACON& Tower with Radar,29,8,40,57,134,0,0,26,0,26,29,8,66,57,160,118,82,200,360
02/26/2006,ACY,NJ,AEA,EN,Combined TRACON& Tower with Radar,34,19,60,9,122,0,0,6,5,11,34,19,66,14,133,12,0,12,145
02/27/2006,ACY,NJ,AEA,EN,Combined TRACON& Tower with Radar,30,15,33,94,172,0,7,45,14,66,30,22,78,108,238,106,156,262,500
02/28/2006,ACY,NJ,AEA,EN,Combined TRACON& Tower with Radar,30,20,35,94,179,0,0,39,11,50,30,20,74,105,229,38,102,140,369
03/01/2006,ACY,NJ,AEA,EN,Combined TRACON& Tower with Radar,36,18,50,74,178,14,22,52,0,88,50,40,102,74,266,40,80,120,386
03/02/2006,ACY,NJ,AEA,EN,Combined TRACON& Tower with Radar,28,11,36,17,92,0,0,5,3,8,28,11,41,20,100,10,10,20,120
03/03/2006,ACY,NJ,AEA,EN,Combined TRACON& Tower with Radar,33,10,42,76,161,6,4,35,0,45,39,14,77,76,206,10,110,120,326
03/04/2006,ACY,NJ,AEA,EN,Combined TRACON& Tower with Radar,28,6,34,20,88,0,11,9,5,25,28,17,43,25,113,82,46,128,241
03/05/2006,ACY,NJ,AEA,EN,Combined TRACON& Tower with Radar,35,20,75,35,165,5,10,60,9,84,40,30,135,44,249,120,44,164,413
03/06/2006,ACY,NJ,AEA,EN,Combined TRACON& Tower with Radar,28,11,29,44,112,0,3,51,0,54,28,14,80,44,166,120,80,200,366
03/07/2006,ACY,NJ,AEA,EN,Combined TRACON& Tower with Radar,34,10,37,75,156,0,0,33,0,33,34,10,70,75,189,108,70,178,367
03/08/2006,ACY,NJ,AEA,EN,Combined TRACON& Tower with Radar,30,20,29,108,187,0,10,68,9,87,30,30,97,117,274,152,156,308,582
03/09/2006,ACY,NJ,AEA,EN,Combined TRACON& Tower with Radar,23,13,63,88,187,0,0,0,0,0,23,13,63,88,187,98,104,202,389
03/10/2006,ACY,NJ,AEA,EN,Combined TRACON& Tower with Radar,32,15,35,15,97,9,0,0,16,25,41,15,35,31,122,54,118,172,294
03/11/2006,ACY,NJ,AEA,EN,Combined TRACON& Tower with Radar,23,10,44,41,118,17,14,87,13,131,40,24,131,54,249,154,102,256,505
03/12/2006,ACY,NJ,AEA,EN,Combined TRACON& Tower with Radar,38,4,61,16,119,0,22,31,12,65,38,26,92,28,184,58,48,106,290
03/13/2006,ACY,NJ,AEA,EN,Combined TRACON& Tower with Radar,26,12,35,27,100,2,10,27,11,50,28,22,62,38,150,90,110,200,350
03/14/2006,ACY,NJ,AEA,EN,Combined TRACON& Tower with Radar,32,10,31,112,185,10,5,17,0,32,42,15,48,112,217,92,146,238,455
03/15/2006,ACY,NJ,AEA,EN,Combined TRACON& Tower with Radar,23,9,29,38,99,0,0,7,0,7,23,9,36,38,106,8,48,56,162
03/16/2006,ACY,NJ,AEA,EN,Combined TRACON& Tower with Radar,36,26,59,98,219,0,0,0,0,0,36,26,59,98,219,74,126,200,419
03/17/2006,ACY,NJ,AEA,EN,Combined TRACON& Tower with Radar,31,18,44,35,128,0,11,49,8,68,31,29,93,43,196,120,86,206,402
03/18/2006,ACY,NJ,AEA,EN,Combined TRACON& Tower with Radar,27,9,38,58,132,0,9,8,16,33,27,18,46,74,165,32,128,160,325
03/19/2006,ACY,NJ,AEA,EN,Combined TRACON& Tower with Radar,52,22,72,12,158,3,16,34,0,53,55,38,106,12,211,20,26,46,257
03/20/2006,ACY,NJ,AEA,EN,Combined TRACON& Tower with Radar,30,7,26,56,119,8,12,19,22,61,38,19,45,78,180,42,64,106,286
03/21/2006,ACY,NJ,AEA,EN,Combined TRACON& Tower with Radar,21,6,24,92,143,0,0,36,0,36,21,6,60,92,179,46,110,156,335
03/22/2006,ACY,NJ,AEA,EN,Combined TRACON& Tower with Radar,26,6,39,84,155,26,32,35,39,132,52,38,74,123,287,72,114,186,473
03/23/2006,ACY,NJ,AEA,EN,Combined TRACON& Tower with Radar,33,17,49,41,140,0,0,25,9,34,33,17,74,50,174,130,92,222,396
03/24/2006,ACY,NJ,AEA,EN,Combined TRACON& Tower with Radar,32,36,74,59,201,0,0,41,13,54,32,36,115,72,255,84,108,192,447
03/25/2006,ACY,NJ,AEA,EN,Combined TRACON& Tower with Radar,28,13,74,21,136,4,23,6,35,68,32,36,80,56,204,70,86,156,360
03/26/2006,ACY,NJ,AEA,EN,Combined TRACON& Tower with Radar,52,14,69,0,135,0,26,29,52,107,52,40,98,52,242,72,58,130,372
03/27/2006,ACY,NJ,AEA,EN,Combined TRACON& Tower with Radar,32,9,48,55,144,8,19,78,31,136,40,28,126,86,280,52,146,198,478
03/28/2006,ACY,NJ,AEA,EN,Combined TRACON& Tower with Radar,36,23,36,68,163,4,7,66,42,119,40,30,102,110,282,48,188,236,518
03/29/2006,ACY,NJ,AEA,EN,Combined TRACON& Tower with Radar,29,16,72,86,203,0,0,54,23,77,29,16,126,109,280,68,98,166,446
03/30/2006,ACY,NJ,AEA,EN,Combined TRACON& Tower with Radar,33,5,62,48,148,1,30,28,0,59,34,35,90,48,207,48,118,166,373
03/31/2006,ACY,NJ,AEA,EN,Combined TRACON& Tower with Radar,28,24,70,73,195,0,3,57,16,76,28,27,127,89,271,62,92,154,425
04/01/2006,ACY,NJ,AEA,EN,Combined TRACON& Tower with Radar,28,12,39,14,93,0,0,5,0,5,28,12,44,14,98,40,16,56,154
04/02/2006,ACY,NJ,AEA,EN,Combined TRACON& Tower with Radar,43,23,59,11,136,15,7,101,19,142,58,30,160,30,278,132,72,204,482
04/03/2006,ACY,NJ,AEA,EN,Combined TRACON& Tower with Radar,30,6,48,69,153,17,2,10,9,38,47,8,58,78,191,50,146,196,387
04/04/2006,ACY,NJ,AEA,EN,Combined TRACON& Tower with Radar,34,10,24,85,153,8,17,16,0,41,42,27,40,85,194,22,98,120,314
04/05/2006,ACY,NJ,AEA,EN,Combined TRACON& Tower with Radar,22,7,35,87,151,0,8,9,8,25,22,15,44,95,176,20,86,106,282
04/06/2006,ACY,NJ,AEA,EN,Combined TRACON& Tower with Radar,26,15,48,75,164,0,18,70,35,123,26,33,118,110,287,74,124,198,485
04/07/2006,ACY,NJ,AEA,EN,Combined TRACON& Tower with Radar,37,20,62,55,174,0,4,19,24,47,37,24,81,79,221,14,72,86,307
04/08/2006,ACY,NJ,AEA,EN,Combined TRACON& Tower with Radar,24,14,35,50,123,0,7,21,0,28,24,21,56,50,151,22,60,82,233
04/09/2006,ACY,NJ,AEA,EN,Combined TRACON& Tower with Radar,56,23,68,10,157,0,0,65,0,65,56,23,133,10,222,24,46,70,292
04/10/2006,ACY,NJ,AEA,EN,Combined TRACON& Tower with Radar,26,2,35,52,115,0,8,86,0,94,26,10,121,52,209,56,86,142,351
04/11/2006,ACY,NJ,AEA,EN,Combined TRACON& Tower with Radar,31,13,44,93,181,0,8,12,0,20,31,21,56,93,201,30,114,144,345
04/12/2006,ACY,NJ,AEA,EN,Combined TRACON& Tower with Radar,25,14,35,54,128,0,0,41,0,41,25,14,76,54,169,26,126,152,321
04/13/2006,ACY,NJ,AEA,EN,Combined TRACON& Tower with Radar,18,17,31,29,95,0,3,25,13,41,18,20,56,42,136,50,68,118,254
04/14/2006,ACY,NJ,AEA,EN,Combined TRACON& Tower with Radar,23,12,40,28,103,0,0,12,0,12,23,12,52,28,115,26,122,148,263
04/15/2006,ACY,NJ,AEA,EN,Combined TRACON& Tower with Radar,21,19,66,7,113,0,0,12,3,15,21,19,78,10,128,74,46,120,248
04/16/2006,ACY,NJ,AEA,EN,Combined TRACON& Tower with Radar,27,10,41,0,78,2,8,26,4,40,29,18,67,4,118,32,32,64,182
04/17/2006,ACY,NJ,AEA,EN,Combined TRACON& Tower with Radar,27,7,20,18,72,13,8,20,22,63,40,15,40,40,135,40,50,90,225
04/18/2006,ACY,NJ,AEA,EN,Combined TRACON& Tower with Radar,22,14,33,52,121,0,0,19,6,25,22,14,52,58,146,26,150,176,322
04/19/2006,ACY,NJ,AEA,EN,Combined TRACON& Tower with Radar,28,19,41,25,113,11,9,29,0,49,39,28,70,25,162,70,120,190,352
04/20/2006,ACY,NJ,AEA,EN,Combined TRACON& Tower with Radar,38,5,39,28,110,3,24,39,0,66,41,29,78,28,176,116,118,234,410
04/21/2006,ACY,NJ,AEA,EN,Combined TRACON& Tower with Radar,39,15,83,21,158,0,4,27,2,33,39,19,110,23,191,96,86,182,373
04/22/2006,ACY,NJ,AEA,EN,Combined TRACON& Tower with Radar,41,25,42,7,115,0,0,0,0,0,41,25,42,7,115,0,0,0,115
04/23/2006,ACY,NJ,AEA,EN,Combined TRACON& Tower with Radar,50,27,27,2,106,0,0,0,82,82,50,27,27,84,188,12,14,26,214
04/24/2006,ACY,NJ,AEA,EN,Combined TRACON& Tower with Radar,22,13,40,28,103,6,1,10,0,17,28,14,50,28,120,8,22,30,150
04/25/2006,ACY,NJ,AEA,EN,Combined TRACON& Tower with Radar,32,12,45,47,136,23,0,27,11,61,55,12,72,58,197,94,74,168,365
04/26/2006,ACY,NJ,AEA,EN,Combined TRACON& Tower with Radar,26,7,22,93,148,28,37,86,33,184,54,44,108,126,332,138,178,316,648
04/27/2006,ACY,NJ,AEA,EN,Combined TRACON& Tower with Radar,31,13,41,65,150,8,0,24,0,32,39,13,65,65,182,50,220,270,452
04/28/2006,ACY,NJ,AEA,EN,Combined TRACON& Tower with Radar,40,33,65,102,240,15,14,87,0,116,55,47,152,102,356,110,162,272,628
04/29/2006,ACY,NJ,AEA,EN,Combined TRACON& Tower with Radar,34,7,47,5,93,0,4,79,4,87,34,11,126,9,180,14,112,126,306
04/30/2006,ACY,NJ,AEA,EN,Combined TRACON& Tower with Radar,34,17,44,1,96,8,39,70,13,130,42,56,114,14,226,60,16,76,302
05/01/2006,ACY,NJ,AEA,EN,Combined TRACON& Tower with Radar,33,12,32,33,110,0,0,44,20,64,33,12,76,53,174,66,56,122,296
05/02/2006,ACY,NJ,AEA,EN,Combined TRACON& Tower with Radar,26,12,37,51,126,20,16,51,21,108,46,28,88,72,234,108,120,228,462
05/03/2006,ACY,NJ,AEA,EN,Combined TRACON& Tower with Radar,28,16,63,32,139,0,8,77,17,102,28,24,140,49,241,164,120,284,525
05/04/2006,ACY,NJ,AEA,EN,Combined TRACON& Tower with Radar,44,31,73,42,190,0,0,37,54,91,44,31,110,96,281,242,148,390,671
05/05/2006,ACY,NJ,AEA,EN,Combined TRACON& Tower with Radar,43,24,52,80,199,4,6,43,0,53,47,30,95,80,252,86,84,170,422
05/06/2006,ACY,NJ,AEA,EN,Combined TRACON& Tower with Radar,21,19,43,22,105,12,0,54,19,85,33,19,97,41,190,82,108,190,380
05/07/2006,ACY,NJ,AEA,EN,Combined TRACON& Tower with Radar,29,14,54,2,99,6,6,34,27,73,35,20,88,29,172,94,26,120,292
05/08/2006,ACY,NJ,AEA,EN,Combined TRACON& Tower with Radar,27,6,37,26,96,0,0,22,3,25,27,6,59,29,121,106,82,188,309
05/09/2006,ACY,NJ,AEA,EN,Combined TRACON& Tower with Radar,26,16,40,49,131,0,0,0,34,34,26,16,40,83,165,82,160,242,407
05/10/2006,ACY,NJ,AEA,EN,Combined TRACON& Tower with Radar,25,21,52,84,182,1,0,73,0,74,26,21,125,84,256,190,172,362,618
05/11/2006,ACY,NJ,AEA,EN,Combined TRACON& Tower with Radar,43,25,65,142,275,0,0,38,15,53,43,25,103,157,328,128,182,310,638
05/12/2006,ACY,NJ,AEA,EN,Combined TRACON& Tower with Radar,38,15,60,68,181,18,9,67,27,121,56,24,127,95,302,146,142,288,590
05/13/2006,ACY,NJ,AEA,EN,Combined TRACON& Tower with Radar,27,15,60,27,129,0,8,62,0,70,27,23,122,27,199,88,66,154,353
05/14/2006,ACY,NJ,AEA,EN,Combined TRACON& Tower with Radar,38,3,67,20,128,0,15,1,0,16,38,18,68,20,144,55,110,165,309
05/15/2006,ACY,NJ,AEA,EN,Combined TRACON& Tower with Radar,23,7,80,14,124,14,13,16,6,49,37,20,96,20,173,90,124,214,387
05/16/2006,ACY,NJ,AEA,EN,Combined TRACON& Tower with Radar,24,17,53,67,161,22,35,26,24,107,46,52,79,91,268,64,170,234,502
05/17/2006,ACY,NJ,AEA,EN,Combined TRACON& Tower with Radar,33,21,66,54,174,3,21,76,24,124,36,42,142,78,298,101,215,316,614
05/18/2006,ACY,NJ,AEA,EN,Combined TRACON& Tower with Radar,42,15,52,43,152,0,0,0,0,0,42,15,52,43,152,114,102,216,368
05/19/2006,ACY,NJ,AEA,EN,Combined TRACON& Tower with Radar,53,13,69,32,167,2,21,29,34,86,55,34,98,66,253,112,38,150,403
05/20/2006,ACY,NJ,AEA,EN,Combined TRACON& Tower with Radar,32,12,68,29,141,0,20,100,35,155,32,32,168,64,296,118,22,140,436
05/21/2006,ACY,NJ,AEA,EN,Combined TRACON& Tower with Radar,41,19,147,0,207,0,0,0,12,12,41,19,147,12,219,44,12,56,275
05/22/2006,ACY,NJ,AEA,EN,Combined TRACON& Tower with Radar,26,17,42,91,176,22,19,25,0,66,48,36,67,91,242,28,112,140,382
05/23/2006,ACY,NJ,AEA,EN,Combined TRACON& Tower with Radar,35,18,83,82,218,6,21,19,0,46,41,39,102,82,264,140,170,310,574
05/24/2006,ACY,NJ,AEA,EN,Combined TRACON& Tower with Radar,40,19,80,102,241,0,19,62,0,81,40,38,142,102,322,126,158,284,606
05/25/2006,ACY,NJ,AEA,EN,Combined TRACON& Tower with Radar,42,14,90,120,266,25,36,58,27,146,67,50,148,147,412,144,188,332,744
05/26/2006,ACY,NJ,AEA,EN,Combined TRACON& Tower with Radar,43,22,68,48,181,11,29,0,22,62,54,51,68,70,243,16,60,76,319
05/27/2006,ACY,NJ,AEA,EN,Combined TRACON& Tower with Radar,41,24,41,5,111,0,0,51,2,53,41,24,92,7,164,46,10,56,220
05/28/2006,ACY,NJ,AEA,EN,Combined TRACON& Tower with Radar,39,18,81,12,150,9,8,19,3,39,48,26,100,15,189,60,40,100,289
05/29/2006,ACY,NJ,AEA,EN,Combined TRACON& Tower with Radar,35,16,32,7,90,11,12,22,25,70,46,28,54,32,160,64,36,100,260
05/30/2006,ACY,NJ,AEA,EN,Combined TRACON& Tower with Radar,36,21,53,45,155,0,20,26,0,46,36,41,79,45,201,46,78,124,325
05/31/2006,ACY,NJ,AEA,EN,Combined TRACON& Tower with Radar,24,18,74,67,183,0,0,0,0,0,24,18,74,67,183,54,46,100,283
06/01/2006,ACY,NJ,AEA,EN,Combined TRACON& Tower with Radar,36,15,91,96,238,0,0,0,0,0,36,15,91,96,238,98,94,192,430
06/02/2006,ACY,NJ,AEA,EN,Combined TRACON& Tower with Radar,40,15,90,52,197,0,0,0,2,2,40,15,90,54,199,40,66,106,305
06/03/2006,ACY,NJ,AEA,EN,Combined TRACON& Tower with Radar,21,2,48,7,78,4,0,7,4,15,25,2,55,11,93,0,0,0,93
06/04/2006,ACY,NJ,AEA,EN,Combined TRACON& Tower with Radar,33,13,87,1,134,0,0,84,21,105,33,13,171,22,239,80,64,144,383
06/05/2006,ACY,NJ,AEA,EN,Combined TRACON& Tower with Radar,15,8,34,65,122,0,0,0,4,4,15,8,34,69,126,22,36,58,184
06/06/2006,ACY,NJ,AEA,EN,Combined TRACON& Tower with Radar,25,12,63,62,162,0,3,0,0,3,25,15,63,62,165,32,74,106,271
06/07/2006,ACY,NJ,AEA,EN,Combined TRACON& Tower with Radar,30,19,63,67,179,0,0,0,0,0,30,19,63,67,179,2,16,18,197
06/08/2006,ACY,NJ,AEA,EN,Combined TRACON& Tower with Radar,39,19,53,51,162,0,0,60,0,60,39,19,113,51,222,58,82,140,362
06/09/2006,ACY,NJ,AEA,EN,Combined TRACON& Tower with Radar,51,19,113,15,198,0,0,0,56,56,51,19,113,71,254,122,86,208,462
06/10/2006,ACY,NJ,AEA,EN,Combined TRACON& Tower with Radar,30,10,50,6,96,6,6,13,14,39,36,16,63,20,135,70,10,80,215
06/11/2006,ACY,NJ,AEA,EN,Combined TRACON& Tower with Radar,43,22,91,4,160,4,21,68,34,127,47,43,159,38,287,80,64,144,431
06/12/2006,ACY,NJ,AEA,EN,Combined TRACON& Tower with Radar,26,3,64,25,118,0,0,0,7,7,26,3,64,32,125,40,48,88,213
06/13/2006,ACY,NJ,AEA,EN,Combined TRACON& Tower with Radar,46,24,60,152,282,8,11,94,0,113,54,35,154,152,395,84,130,214,609
06/14/2006,ACY,NJ,AEA,EN,Combined TRACON& Tower with Radar,23,13,52,42,130,0,0,20,0,20,23,13,72,42,150,26,42,68,218
06/15/2006,ACY,NJ,AEA,EN,Combined TRACON& Tower with Radar,40,18,55,38,151,0,9,75,55,139,40,27,130,93,290,108,72,180,470
06/16/2006,ACY,NJ,AEA,EN,Combined TRACON& Tower with Radar,42,27,125,42,236,0,0,0,0,0,42,27,125,42,236,88,104,192,428
06/17/2006,ACY,NJ,AEA,EN,Combined TRACON& Tower with Radar,33,10,46,4,93,0,10,51,20,81,33,20,97,24,174,78,36,114,288
06/18/2006,ACY,NJ,AEA,EN,Combined TRACON& Tower with Radar,39,24,71,0,134,0,0,40,6,46,39,24,111,6,180,104,44,148,328
06/19/2006,ACY,NJ,AEA,EN,Combined TRACON& Tower with Radar,34,21,56,52,163,3,7,35,0,45,37,28,91,52,208,122,100,222,430
06/20/2006,ACY,NJ,AEA,EN,Combined TRACON& Tower with Radar,34,26,46,90,196,0,0,0,0,0,34,26,46,90,196,82,66,148,344
06/21/2006,ACY,NJ,AEA,EN,Combined TRACON& Tower with Radar,25,9,68,63,165,0,0,52,0,52,25,9,120,63,217,56,76,132,349
06/22/2006,ACY,NJ,AEA,EN,Combined TRACON& Tower with Radar,29,6,46,15,96,7,8,0,39,54,36,14,46,54,150,82,144,226,376
06/23/2006,ACY,NJ,AEA,EN,Combined TRACON& Tower with Radar,42,13,81,42,178,18,37,19,38,112,60,50,100,80,290,122,100,222,512
06/24/2006,ACY,NJ,AEA,EN,Combined TRACON& Tower with Radar,47,11,44,20,122,3,23,16,5,47,50,34,60,25,169,60,46,106,275
06/25/2006,ACY,NJ,AEA,EN,Combined TRACON& Tower with Radar,63,30,72,24,189,0,0,16,5,21,63,30,88,29,210,44,30,74,284
06/26/2006,ACY,NJ,AEA,EN,Combined TRACON& Tower with Radar,32,10,49,20,111,0,0,0,0,0,32,10,49,20,111,12,72,84,195
06/27/2006,ACY,NJ,AEA,EN,Combined TRACON& Tower with Radar,36,17,32,59,144,6,6,36,0,48,42,23,68,59,192,14,74,88,280
06/28/2006,ACY,NJ,AEA,EN,Combined TRACON& Tower with Radar,39,26,61,38,164,0,0,0,0,0,39,26,61,38,164,41,26,67,231
06/29/2006,ACY,NJ,AEA,EN,Combined TRACON& Tower with Radar,38,18,87,67,210,0,0,21,0,21,38,18,108,67,231,58,60,118,349
06/30/2006,ACY,NJ,AEA,EN,Combined TRACON& Tower with Radar,42,26,96,48,212,10,32,34,46,122,52,58,130,94,334,156,122,278,612
07/01/2006,ACY,NJ,AEA,EN,Combined TRACON& Tower with Radar,29,20,66,4,119,0,5,59,11,75,29,25,125,15,194,140,98,238,432
07/02/2006,ACY,NJ,AEA,EN,Combined TRACON& Tower with Radar,60,46,81,2,189,0,0,77,18,95,60,46,158,20,284,158,100,258,542
07/03/2006,ACY,NJ,AEA,EN,Combined TRACON& Tower with Radar,39,11,39,5,94,0,0,20,7,27,39,11,59,12,121,44,22,66,187
07/04/2006,ACY,NJ,AEA,EN,Combined TRACON& Tower with Radar,29,15,28,5,77,0,2,34,6,42,29,17,62,11,119,70,92,162,281
07/05/2006,ACY,NJ,AEA,EN,Combined TRACON& Tower with Radar,31,21,59,34,145,0,0,0,9,9,31,21,59,43,154,36,32,68,222
07/06/2006,ACY,NJ,AEA,EN,Combined TRACON& Tower with Radar,34,15,46,45,140,2,9,35,29,75,36,24,81,74,215,60,78,138,353
07/07/2006,ACY,NJ,AEA,EN,Combined TRACON& Tower with Radar,30,20,36,60,146,0,0,54,0,54,30,20,90,60,200,40,82,122,322
07/08/2006,ACY,NJ,AEA,EN,Combined TRACON& Tower with Radar,24,11,42,18,95,0,1,72,0,73,24,12,114,18,168,32,98,130,298
07/09/2006,ACY,NJ,AEA,EN,Combined TRACON& Tower with Radar,34,11,70,10,125,0,0,56,3,59,34,11,126,13,184,72,58,130,314
07/10/2006,ACY,NJ,AEA,EN,Combined TRACON& Tower with Radar,42,19,70,34,165,0,0,26,0,26,42,19,96,34,191,68,112,180,371
07/11/2006,ACY,NJ,AEA,EN,Combined TRACON& Tower with Radar,27,10,47,104,188,7,13,26,50,96,34,23,73,154,284,27,174,201,485
07/12/2006,ACY,NJ,AEA,EN,Combined TRACON& Tower with Radar,31,8,54,82,175,10,28,42,16,96,41,36,96,98,271,88,124,212,483
07/13/2006,ACY,NJ,AEA,EN,Combined TRACON& Tower with Radar,48,40,47,160,295,0,0,32,20,52,48,40,79,180,347,86,142,228,575
07/14/2006,ACY,NJ,AEA,EN,Combined TRACON& Tower with Radar,52,42,91,124,309,0,0,52,17,69,52,42,143,141,378,156,192,348,726
07/15/2006,ACY,NJ,AEA,EN,Combined TRACON& Tower with Radar,41,17,59,77,194,12,36,44,19,111,53,53,103,96,305,100,162,262,567
07/16/2006,ACY,NJ,AEA,EN,Combined TRACON& Tower with Radar,54,27,74,28,183,0,0,56,34,90,54,27,130,62,273,84,44,128,401
07/17/2006,ACY,NJ,AEA,EN,Combined TRACON& Tower with Radar,34,16,64,30,144,0,0,50,3,53,34,16,114,33,197,24,50,74,271
07/18/2006,ACY,NJ,AEA,EN,Combined TRACON& Tower with Radar,28,11,42,100,181,18,22,40,68,148,46,33,82,168,329,102,150,252,581
07/19/2006,ACY,NJ,AEA,EN,Combined TRACON& Tower with Radar,36,22,68,69,195,0,0,96,16,112,36,22,164,85,307,66,108,174,481
07/20/2006,ACY,NJ,AEA,EN,Combined TRACON& Tower with Radar,55,34,54,114,257,0,0,51,1,52,55,34,105,115,309,56,108,164,473
07/21/2006,ACY,NJ,AEA,EN,Combined TRACON& Tower with Radar,61,30,73,68,232,0,1,41,21,63,61,31,114,89,295,86,108,194,489
07/22/2006,ACY,NJ,AEA,EN,Combined TRACON& Tower with Radar,50,33,71,40,194,0,19,0,0,19,50,52,71,40,213,32,60,92,305
07/23/2006,ACY,NJ,AEA,EN,Combined TRACON& Tower with Radar,42,17,58,4,121,0,0,29,16,45,42,17,87,20,166,32,16,48,214
07/24/2006,ACY,NJ,AEA,EN,Combined TRACON& Tower with Radar,37,16,45,28,126,0,0,49,44,93,37,16,94,72,219,98,128,226,445
07/25/2006,ACY,NJ,AEA,EN,Combined TRACON& Tower with Radar,41,16,34,58,149,0,0,50,21,71,41,16,84,79,220,34,78,112,332
07/26/2006,ACY,NJ,AEA,EN,Combined TRACON& Tower with Radar,22,12,71,34,139,20,42,41,80,183,42,54,112,114,322,190,132,322,644
07/27/2006,ACY,NJ,AEA,EN,Combined TRACON& Tower with Radar,41,17,55,53,166,0,33,73,19,125,41,50,128,72,291,126,124,250,541
07/28/2006,ACY,NJ,AEA,EN,Combined TRACON& Tower with Radar,69,43,67,36,215,0,0,34,6,40,69,43,101,42,255,88,82,170,425
07/29/2006,ACY,NJ,AEA,EN,Combined TRACON& Tower with Radar,41,33,74,20,168,0,0,75,40,115,41,33,149,60,283,56,60,116,399
07/30/2006,ACY,NJ,AEA,EN,Combined TRACON& Tower with Radar,44,45,40,42,171,0,0,46,29,75,44,45,86,71,246,94,134,228,474
07/31/2006,ACY,NJ,AEA,EN,Combined TRACON& Tower with Radar,34,7,31,52,124,0,6,48,0,54,34,13,79,52,178,90,138,228,406
08/01/2006,ACY,NJ,AEA,EN,Combined TRACON& Tower with Radar,49,17,52,91,209,0,0,50,23,73,49,17,102,114,282,102,122,224,506
08/02/2006,ACY,NJ,AEA,EN,Combined TRACON& Tower with Radar,37,18,50,64,169,0,1,41,21,63,37,19,91,85,232,112,124,236,468
08/03/2006,ACY,NJ,AEA,EN,Combined TRACON& Tower with Radar,50,42,54,94,240,0,0,46,20,66,50,42,100,114,306,96,198,294,600
08/04/2006,ACY,NJ,AEA,EN,Combined TRACON& Tower with Radar,46,29,58,78,211,16,33,116,54,219,62,62,174,132,430,188,234,422,852
08/05/2006,ACY,NJ,AEA,EN,Combined TRACON& Tower with Radar,42,47,60,61,210,0,1,77,10,88,42,48,137,71,298,88,110,198,496
08/06/2006,ACY,NJ,AEA,EN,Combined TRACON& Tower with Radar,40,34,33,6,113,0,0,87,8,95,40,34,120,14,208,102,96,198,406
08/07/2006,ACY,NJ,AEA,EN,Combined TRACON& Tower with Radar,26,10,26,46,108,0,0,102,19,121,26,10,128,65,229,86,112,198,427
08/08/2006,ACY,NJ,AEA,EN,Combined TRACON& Tower with Radar,35,17,41,49,142,0,5,36,32,73,35,22,77,81,215,62,88,150,365
08/09/2006,ACY,NJ,AEA,EN,Combined TRACON& Tower with Radar,35,38,60,48,181,0,0,82,35,117,35,38,142,83,298,88,134,222,520
08/10/2006,ACY,NJ,AEA,EN,Combined TRACON& Tower with Radar,47,19,36,44,146,7,33,88,60,188,54,52,124,104,334,131,130,261,595
08/11/2006,ACY,NJ,AEA,EN,Combined TRACON& Tower with Radar,57,31,59,62,209,0,0,53,0,53,57,31,112,62,262,112,142,254,516
08/12/2006,ACY,NJ,AEA,EN,Combined TRACON& Tower with Radar,37,26,48,4,115,7,2,76,14,99,44,28,124,18,214,82,16,98,312
08/13/2006,ACY,NJ,AEA,EN,Combined TRACON& Tower with Radar,46,27,44,25,142,5,20,62,18,105,51,47,106,43,247,186,124,310,557
08/14/2006,ACY,NJ,AEA,EN,Combined TRACON& Tower with Radar,40,11,30,32,113,3,22,62,0,87,43,33,92,32,200,170,124,294,494
08/15/2006,ACY,NJ,AEA,EN,Combined TRACON& Tower with Radar,31,12,50,60,153,0,0,4,0,4,31,12,54,60,157,96,120,216,373
08/16/2006,ACY,NJ,AEA,EN,Combined TRACON& Tower with Radar,33,19,67,40,159,0,11,55,23,89,33,30,122,63,248,80,58,138,386
08/17/2006,ACY,NJ,AEA,EN,Combined TRACON& Tower with Radar,34,16,57,38,145,0,16,38,0,54,34,32,95,38,199,68,86,154,353
08/18/2006,ACY,NJ,AEA,EN,Combined TRACON& Tower with Radar,29,26,79,39,173,0,0,38,0,38,29,26,117,39,211,154,92,246,457
08/19/2006,ACY,NJ,AEA,EN,Combined TRACON& Tower with Radar,36,28,64,29,157,24,7,46,11,88,60,35,110,40,245,60,80,140,385
08/20/2006,ACY,NJ,AEA,EN,Combined TRACON& Tower with Radar,48,30,77,19,174,0,0,11,5,16,48,30,88,24,190,122,92,214,404
08/21/2006,ACY,NJ,AEA,EN,Combined TRACON& Tower with Radar,31,12,66,54,163,0,34,65,16,115,31,46,131,70,278,126,172,298,576
08/22/2006,ACY,NJ,AEA,EN,Combined TRACON& Tower with Radar,46,25,39,85,195,0,5,61,83,149,46,30,100,168,344,132,180,312,656
08/23/2006,ACY,NJ,AEA,EN,Combined TRACON& Tower with Radar,45,29,66,46,186,0,0,118,72,190,45,29,184,118,376,171,284,455,831
08/24/2006,ACY,NJ,AEA,EN,Combined TRACON& Tower with Radar,34,12,60,50,156,0,3,51,0,54,34,15,111,50,210,132,110,242,452
08/25/2006,ACY,NJ,AEA,EN,Combined TRACON& Tower with Radar,40,26,66,59,191,12,18,40,21,91,52,44,106,80,282,116,110,226,508
08/26/2006,ACY,NJ,AEA,EN,Combined TRACON& Tower with Radar,45,31,105,9,190,0,0,12,0,12,45,31,117,9,202,56,14,70,272
08/27/2006,ACY,NJ,AEA,EN,Combined TRACON& Tower with Radar,52,32,42,1,127,0,0,6,1,7,52,32,48,2,134,24,30,54,188
08/28/2006,ACY,NJ,AEA,EN,Combined TRACON& Tower with Radar,37,11,40,42,130,0,5,17,2,24,37,16,57,44,154,66,72,138,292
08/29/2006,ACY,NJ,AEA,EN,Combined TRACON& Tower with Radar,46,25,35,51,157,3,29,27,33,92,49,54,62,84,249,16,76,92,341
08/30/2006,ACY,NJ,AEA,EN,Combined TRACON& Tower with Radar,27,24,51,22,124,0,0,28,0,28,27,24,79,22,152,4,10,14,166
08/31/2006,ACY,NJ,AEA,EN,Combined TRACON& Tower with Radar,29,11,38,100,178,29,14,76,0,119,58,25,114,100,297,122,128,250,547
09/01/2006,ACY,NJ,AEA,EN,Combined TRACON& Tower with Radar,36,18,41,13,108,0,3,6,12,21,36,21,47,25,129,4,8,12,141
09/02/2006,ACY,NJ,AEA,EN,Combined TRACON& Tower with Radar,42,30,37,1,110,0,0,0,5,5,42,30,37,6,115,0,0,0,115
09/03/2006,ACY,NJ,AEA,EN,Combined TRACON& Tower with Radar,34,13,50,0,97,0,25,16,14,55,34,38,66,14,152,114,0,114,266
09/04/2006,ACY,NJ,AEA,EN,Combined TRACON& Tower with Radar,37,13,59,1,110,2,1,41,5,49,39,14,100,6,159,94,16,110,269
09/05/2006,ACY,NJ,AEA,EN,Combined TRACON& Tower with Radar,27,20,30,5,82,0,0,18,9,27,27,20,48,14,109,0,0,0,109
09/06/2006,ACY,NJ,AEA,EN,Combined TRACON& Tower with Radar,28,23,62,34,147,25,29,74,28,156,53,52,136,62,303,112,76,188,491
09/07/2006,ACY,NJ,AEA,EN,Combined TRACON& Tower with Radar,34,18,61,58,171,0,5,29,0,34,34,23,90,58,205,78,142,220,425
09/08/2006,ACY,NJ,AEA,EN,Combined TRACON& Tower with Radar,54,14,69,28,165,0,10,22,26,58,54,24,91,54,223,124,162,286,509
09/09/2006,ACY,NJ,AEA,EN,Combined TRACON& Tower with Radar,32,30,43,79,184,13,0,56,0,69,45,30,99,79,253,146,124,270,523
09/10/2006,ACY,NJ,AEA,EN,Combined TRACON& Tower with Radar,50,32,56,25,163,0,0,40,5,45,50,32,96,30,208,118,132,250,458
09/11/2006,ACY,NJ,AEA,EN,Combined TRACON& Tower with Radar,20,6,36,6,68,0,0,32,22,54,20,6,68,28,122,108,104,212,334
09/12/2006,ACY,NJ,AEA,EN,Combined TRACON& Tower with Radar,45,32,46,73,196,0,0,70,13,83,45,32,116,86,279,120,194,314,593
09/13/2006,ACY,NJ,AEA,EN,Combined TRACON& Tower with Radar,40,38,56,106,240,1,0,0,0,1,41,38,56,106,241,72,212,284,525
09/14/2006,ACY,NJ,AEA,EN,Combined TRACON& Tower with Radar,35,15,101,60,211,0,0,21,0,21,35,15,122,60,232,28,48,76,308
09/15/2006,ACY,NJ,AEA,EN,Combined TRACON& Tower with Radar,36,30,67,33,166,0,0,10,12,22,36,30,77,45,188,52,48,100,288
09/16/2006,ACY,NJ,AEA,EN,Combined TRACON& Tower with Radar,41,27,49,28,145,0,0,33,0,33,41,27,82,28,178,126,163,289,467
09/17/2006,ACY,NJ,AEA,EN,Combined TRACON& Tower with Radar,45,37,60,37,179,16,12,78,1,107,61,49,138,38,286,142,124,266,552
09/18/2006,ACY,NJ,AEA,EN,Combined TRACON& Tower with Radar,30,10,76,38,154,0,0,33,0,33,30,10,109,38,187,76,46,122,309
09/19/2006,ACY,NJ,AEA,EN,Combined TRACON& Tower with Radar,27,22,102,82,233,0,0,20,6,26,27,22,122,88,259,66,104,170,429
09/20/2006,ACY,NJ,AEA,EN,Combined TRACON& Tower with Radar,32,26,59,47,164,0,0,45,0,45,32,26,104,47,209,54,42,96,305
09/21/2006,ACY,NJ,AEA,EN,Combined TRACON& Tower with Radar,30,7,40,51,128,11,12,59,44,126,41,19,99,95,254,48,128,176,430
09/22/2006,ACY,NJ,AEA,EN,Combined TRACON& Tower with Radar,37,20,57,50,164,0,0,42,16,58,37,20,99,66,222,46,82,128,350
09/23/2006,ACY,NJ,AEA,EN,Combined TRACON& Tower with Radar,32,24,46,73,175,0,18,26,13,57,32,42,72,86,232,114,96,210,442
09/24/2006,ACY,NJ,AEA,EN,Combined TRACON& Tower with Radar,55,45,53,18,171,0,3,25,8,36,55,48,78,26,207,28,26,54,261
09/25/2006,ACY,NJ,AEA,EN,Combined TRACON& Tower with Radar,33,10,40,31,114,0,11,39,19,69,33,21,79,50,183,38,62,100,283
09/26/2006,ACY,NJ,AEA,EN,Combined TRACON& Tower with Radar,22,10,39,70,141,0,1,88,31,120,22,11,127,101,261,96,116,212,473
09/27/2006,ACY,NJ,AEA,EN,Combined TRACON& Tower with Radar,27,19,51,62,159,1,0,76,6,83,28,19,127,68,242,54,78,132,374
09/28/2006,ACY,NJ,AEA,EN,Combined TRACON& Tower with Radar,29,6,36,59,130,4,3,46,8,61,33,9,82,67,191,56,40,96,287
09/29/2006,ACY,NJ,AEA,EN,Combined TRACON& Tower with Radar,38,17,49,75,179,0,0,6,13,19,38,17,55,88,198,86,92,178,376
09/30/2006,ACY,NJ,AEA,EN,Combined TRACON& Tower with Radar,40,30,48,35,153,0,0,47,8,55,40,30,95,43,208,142,70,212,420
10/01/2006,ACY,NJ,AEA,EN,Combined TRACON& Tower with Radar,41,27,31,6,105,0,1,16,7,24,41,28,47,13,129,72,36,108,237
10/02/2006,ACY,NJ,AEA,EN,Combined TRACON& Tower with Radar,33,11,33,45,122,23,57,113,23,216,56,68,146,68,338,104,134,238,576
10/03/2006,ACY,NJ,AEA,EN,Combined TRACON& Tower with Radar,20,11,29,35,95,0,0,45,19,64,20,11,74,54,159,36,82,118,277
10/04/2006,ACY,NJ,AEA,EN,Combined TRACON& Tower with Radar,29,25,73,103,230,0,0,58,10,68,29,25,131,113,298,52,120,172,470
10/05/2006,ACY,NJ,AEA,EN,Combined TRACON& Tower with Radar,31,10,36,41,118,0,11,71,47,129,31,21,107,88,247,74,134,208,455
10/06/2006,ACY,NJ,AEA,EN,Combined TRACON& Tower with Radar,36,26,68,2,132,0,12,11,43,66,36,38,79,45,198,70,120,190,388
10/07/2006,ACY,NJ,AEA,EN,Combined TRACON& Tower with Radar,30,42,83,17,172,0,0,22,4,26,30,42,105,21,198,42,12,54,252
10/08/2006,ACY,NJ,AEA,EN,Combined TRACON& Tower with Radar,36,31,50,0,117,0,0,41,8,49,36,31,91,8,166,48,6,54,220
10/09/2006,ACY,NJ,AEA,EN,Combined TRACON& Tower with Radar,33,21,50,6,110,5,0,25,9,39,38,21,75,15,149,34,44,78,227
10/10/2006,ACY,NJ,AEA,EN,Combined TRACON& Tower with Radar,24,21,32,68,145,0,2,42,27,71,24,23,74,95,216,56,140,196,412
10/11/2006,ACY,NJ,AEA,EN,Combined TRACON& Tower with Radar,20,19,44,45,128,7,12,32,0,51,27,31,76,45,179,26,54,80,259
10/12/2006,ACY,NJ,AEA,EN,Combined TRACON& Tower with Radar,48,21,45,83,197,0,1,3,5,9,48,22,48,88,206,140,110,250,456
10/13/2006,ACY,NJ,AEA,EN,Combined TRACON& Tower with Radar,40,10,31,26,107,0,28,63,52,143,40,38,94,78,250,100,132,232,482
10/14/2006,ACY,NJ,AEA,EN,Combined TRACON& Tower with Radar,24,30,58,40,152,0,1,71,0,72,24,31,129,40,224,20,100,120,344
10/15/2006,ACY,NJ,AEA,EN,Combined TRACON& Tower with Radar,44,28,58,0,130,19,29,49,12,109,63,57,107,12,239,78,88,166,405
10/16/2006,ACY,NJ,AEA,EN,Combined TRACON& Tower with Radar,40,11,45,29,125,0,0,0,0,0,40,11,45,29,125,66,136,202,327
10/17/2006,ACY,NJ,AEA,EN,Combined TRACON& Tower with Radar,34,21,45,60,160,0,7,6,17,30,34,28,51,77,190,22,90,112,302
10/18/2006,ACY,NJ,AEA,EN,Combined TRACON& Tower with Radar,28,21,51,74,174,0,7,9,0,16,28,28,60,74,190,142,148,290,480
10/19/2006,ACY,NJ,AEA,EN,Combined TRACON& Tower with Radar,41,43,55,52,191,24,3,32,66,125,65,46,87,118,316,156,174,330,646
10/20/2006,ACY,NJ,AEA,EN,Combined TRACON& Tower with Radar,46,28,53,72,199,0,7,22,15,44,46,35,75,87,243,66,64,130,373
10/21/2006,ACY,NJ,AEA,EN,Combined TRACON& Tower with Radar,39,20,72,20,151,0,0,41,4,45,39,20,113,24,196,118,78,196,392
10/22/2006,ACY,NJ,AEA,EN,Combined TRACON& Tower with Radar,46,26,52,1,125,4,8,17,15,44,50,34,69,16,169,54,6,60,229
10/23/2006,ACY,NJ,AEA,EN,Combined TRACON& Tower with Radar,38,5,22,87,152,0,21,13,27,61,38,26,35,114,213,48,98,146,359
10/24/2006,ACY,NJ,AEA,EN,Combined TRACON& Tower with Radar,33,24,35,57,149,0,0,0,23,23,33,24,35,80,172,14,86,100,272
10/25/2006,ACY,NJ,AEA,EN,Combined TRACON& Tower with Radar,31,30,78,61,200,0,0,0,0,0,31,30,78,61,200,90,84,174,374
10/26/2006,ACY,NJ,AEA,EN,Combined TRACON& Tower with Radar,34,29,47,38,148,0,0,55,22,77,34,29,102,60,225,112,142,254,479
10/27/2006,ACY,NJ,AEA,EN,Combined TRACON& Tower with Radar,47,33,70,71,221,0,19,17,41,77,47,52,87,112,298,98,122,220,518
10/28/2006,ACY,NJ,AEA,EN,Combined TRACON& Tower with Radar,31,21,30,0,82,0,3,10,16,29,31,24,40,16,111,8,28,36,147
10/29/2006,ACY,NJ,AEA,EN,Combined TRACON& Tower with Radar,33,22,30,0,85,5,0,8,8,21,38,22,38,8,106,10,0,10,116
10/30/2006,ACY,NJ,AEA,EN,Combined TRACON& Tower with Radar,35,14,40,92,181,0,0,20,0,20,35,14,60,92,201,42,84,126,327
10/31/2006,ACY,NJ,AEA,EN,Combined TRACON& Tower with Radar,27,18,27,23,95,5,2,75,43,125,32,20,102,66,220,52,112,164,384
11/01/2006,ACY,NJ,AEA,EN,Combined TRACON& Tower with Radar,33,17,41,72,163,9,18,54,0,81,42,35,95,72,244,62,128,190,434
11/02/2006,ACY,NJ,AEA,EN,Combined TRACON& Tower with Radar,29,27,47,70,173,0,0,48,0,48,29,27,95,70,221,112,120,232,453
11/03/2006,ACY,NJ,AEA,EN,Combined TRACON& Tower with Radar,43,31,59,61,194,11,23,69,0,103,54,54,128,61,297,176,102,278,575
11/04/2006,ACY,NJ,AEA,EN,Combined TRACON& Tower with Radar,39,25,73,40,177,0,0,45,0,45,39,25,118,40,222,46,32,78,300
11/05/2006,ACY,NJ,AEA,EN,Combined TRACON& Tower with Radar,44,44,48,4,140,0,4,0,0,4,44,48,48,4,144,64,36,100,244
11/06/2006,ACY,NJ,AEA,EN,Combined TRACON& Tower with Radar,30,18,51,22,121,5,9,22,20,56,35,27,73,42,177,44,80,124,301
11/07/2006,ACY,NJ,AEA,EN,Combined TRACON& Tower with Radar,23,13,39,62,137,6,10,12,0,28,29,23,51,62,165,30,52,82,247
11/08/2006,ACY,NJ,AEA,EN,Combined TRACON& Tower with Radar,23,18,33,32,106,0,1,0,0,1,23,19,33,32,107,0,14,14,121
11/09/2006,ACY,NJ,AEA,EN,Combined TRACON& Tower with Radar,32,16,37,53,138,0,6,46,15,67,32,22,83,68,205,132,74,206,411
11/10/2006,ACY,NJ,AEA,EN,Combined TRACON& Tower with Radar,41,34,44,18,137,9,10,83,7,109,50,44,127,25,246,90,84,174,420
11/11/2006,ACY,NJ,AEA,EN,Combined TRACON& Tower with Radar,44,32,51,23,150,0,0,24,39,63,44,32,75,62,213,54,30,84,297
11/12/2006,ACY,NJ,AEA,EN,Combined TRACON& Tower with Radar,29,18,35,0,82,0,0,0,8,8,29,18,35,8,90,0,0,0,90
11/13/2006,ACY,NJ,AEA,EN,Combined TRACON& Tower with Radar,30,10,28,6,74,0,4,0,0,4,30,14,28,6,78,0,0,0,78
11/14/2006,ACY,NJ,AEA,EN,Combined TRACON& Tower with Radar,28,9,59,47,143,6,17,0,18,41,34,26,59,65,184,28,68,96,280
11/15/2006,ACY,NJ,AEA,EN,Combined TRACON& Tower with Radar,29,24,57,80,190,10,19,3,2,34,39,43,60,82,224,96,130,226,450
11/16/2006,ACY,NJ,AEA,EN,Combined TRACON& Tower with Radar,42,23,30,33,128,0,0,0,0,0,42,23,30,33,128,0,46,46,174
11/17/2006,ACY,NJ,AEA,EN,Combined TRACON& Tower with Radar,65,31,62,57,215,0,0,61,42,103,65,31,123,99,318,52,146,198,516
11/18/2006,ACY,NJ,AEA,EN,Combined TRACON& Tower with Radar,45,33,64,76,218,0,0,47,0,47,45,33,111,76,265,64,90,154,419
11/19/2006,ACY,NJ,AEA,EN,Combined TRACON& Tower with Radar,42,23,52,17,134,4,6,11,14,35,46,29,63,31,169,58,52,110,279
11/20/2006,ACY,NJ,AEA,EN,Combined TRACON& Tower with Radar,30,20,34,83,167,0,0,74,7,81,30,20,108,90,248,130,225,355,603
11/21/2006,ACY,NJ,AEA,EN,Combined TRACON& Tower with Radar,31,17,43,97,188,4,0,24,0,28,35,17,67,97,216,44,86,130,346
11/22/2006,ACY,NJ,AEA,EN,Combined TRACON& Tower with Radar,28,31,41,26,126,0,7,22,0,29,28,38,63,26,155,42,26,68,223
11/23/2006,ACY,NJ,AEA,EN,Combined TRACON& Tower with Radar,35,16,12,0,63,0,0,0,0,0,35,16,12,0,63,0,0,0,63
11/24/2006,ACY,NJ,AEA,EN,Combined TRACON& Tower with Radar,37,19,41,5,102,0,0,36,0,36,37,19,77,5,138,0,2,2,140
11/25/2006,ACY,NJ,AEA,EN,Combined TRACON& Tower with Radar,29,18,60,0,107,5,9,82,30,126,34,27,142,30,233,126,62,188,421
11/26/2006,ACY,NJ,AEA,EN,Combined TRACON& Tower with Radar,51,26,76,3,156,5,16,49,22,92,56,42,125,25,248,58,142,200,448
11/27/2006,ACY,NJ,AEA,EN,Combined TRACON& Tower with Radar,45,27,36,60,168,0,0,14,10,24,45,27,50,70,192,60,60,120,312
11/28/2006,ACY,NJ,AEA,EN,Combined TRACON& Tower with Radar,38,20,32,62,152,0,0,2,0,2,38,20,34,62,154,44,148,192,346
11/29/2006,ACY,NJ,AEA,EN,Combined TRACON& Tower with Radar,29,22,43,59,153,4,0,20,20,44,33,22,63,79,197,94,144,238,435
11/30/2006,ACY,NJ,AEA,EN,Combined TRACON& Tower with Radar,35,25,40,110,210,0,0,5,70,75,35,25,45,180,285,66,190,256,541
12/01/2006,ACY,NJ,AEA,EN,Combined TRACON& Tower with Radar,37,21,24,25,107,6,12,22,3,43,43,33,46,28,150,12,42,54,204
12/02/2006,ACY,NJ,AEA,EN,Combined TRACON& Tower with Radar,34,26,40,71,171,0,0,0,0,0,34,26,40,71,171,82,56,138,309
12/03/2006,ACY,NJ,AEA,EN,Combined TRACON& Tower with Radar,40,40,90,1,171,0,0,0,19,19,40,40,90,20,190,72,30,102,292
12/04/2006,ACY,NJ,AEA,EN,Combined TRACON& Tower with Radar,37,36,21,103,197,0,0,36,10,46,37,36,57,113,243,34,142,176,419
12/05/2006,ACY,NJ,AEA,EN,Combined TRACON& Tower with Radar,34,13,31,74,152,0,16,37,0,53,34,29,68,74,205,90,180,270,475
12/06/2006,ACY,NJ,AEA,EN,Combined TRACON& Tower with Radar,27,16,31,57,131,0,6,10,0,16,27,22,41,57,147,78,130,208,355
12/07/2006,ACY,NJ,AEA,EN,Combined TRACON& Tower with Radar,39,23,67,98,227,0,0,31,41,72,39,23,98,139,299,120,152,272,571
12/08/2006,ACY,NJ,AEA,EN,Combined TRACON& Tower with Radar,51,44,48,57,200,0,0,29,19,48,51,44,77,76,248,86,166,252,500
12/09/2006,ACY,NJ,AEA,EN,Combined TRACON& Tower with Radar,38,16,63,66,183,4,2,41,0,47,42,18,104,66,230,88,168,256,486
12/10/2006,ACY,NJ,AEA,EN,Combined TRACON& Tower with Radar,29,31,104,4,168,16,15,2,20,53,45,46,106,24,221,102,112,214,435
12/11/2006,ACY,NJ,AEA,EN,Combined TRACON& Tower with Radar,38,30,59,43,170,0,0,56,26,82,38,30,115,69,252,102,86,188,440
12/12/2006,ACY,NJ,AEA,EN,Combined TRACON& Tower with Radar,21,20,38,57,136,13,3,27,0,43,34,23,65,57,179,54,102,156,335
12/13/2006,ACY,NJ,AEA,EN,Combined TRACON& Tower with Radar,42,22,63,133,260,0,0,0,0,0,42,22,63,133,260,8,54,62,322
12/14/2006,ACY,NJ,AEA,EN,Combined TRACON& Tower with Radar,25,15,42,19,101,0,3,24,20,47,25,18,66,39,148,6,12,18,166
12/15/2006,ACY,NJ,AEA,EN,Combined TRACON& Tower with Radar,26,18,27,40,111,0,0,32,8,40,26,18,59,48,151,76,66,142,293
12/16/2006,ACY,NJ,AEA,EN,Combined TRACON& Tower with Radar,34,20,40,66,160,0,0,63,6,69,34,20,103,72,229,82,48,130,359
12/17/2006,ACY,NJ,AEA,EN,Combined TRACON& Tower with Radar,30,17,70,12,129,0,0,0,0,0,30,17,70,12,129,62,32,94,223
12/18/2006,ACY,NJ,AEA,EN,Combined TRACON& Tower with Radar,27,11,25,38,101,7,13,21,38,79,34,24,46,76,180,72,102,174,354
12/19/2006,ACY,NJ,AEA,EN,Combined TRACON& Tower with Radar,33,10,35,60,138,1,0,49,0,50,34,10,84,60,188,120,90,210,398
12/20/2006,ACY,NJ,AEA,EN,Combined TRACON& Tower with Radar,24,13,26,54,117,0,0,24,3,27,24,13,50,57,144,74,108,182,326
12/21/2006,ACY,NJ,AEA,EN,Combined TRACON& Tower with Radar,25,7,37,47,116,7,0,27,0,34,32,7,64,47,150,46,64,110,260
12/22/2006,ACY,NJ,AEA,EN,Combined TRACON& Tower with Radar,20,6,29,19,74,0,5,2,0,7,20,11,31,19,81,2,32,34,115
12/23/2006,ACY,NJ,AEA,EN,Combined TRACON& Tower with Radar,40,20,43,7,110,0,0,0,0,0,40,20,43,7,110,20,2,22,132
12/24/2006,ACY,NJ,AEA,EN,Combined TRACON& Tower with Radar,27,8,26,4,65,4,20,17,22,63,31,28,43,26,128,74,24,98,226
12/25/2006,ACY,NJ,AEA,EN,Combined TRACON& Tower with Radar,19,2,3,0,24,0,0,5,0,5,19,2,8,0,29,0,0,0,29
12/26/2006,ACY,NJ,AEA,EN,Combined TRACON& Tower with Radar,36,25,38,40,139,0,1,0,0,1,36,26,38,40,140,4,12,16,156
12/27/2006,ACY,NJ,AEA,EN,Combined TRACON& Tower with Radar,32,20,47,46,145,0,0,21,6,27,32,20,68,52,172,30,94,124,296
12/28/2006,ACY,NJ,AEA,EN,Combined TRACON& Tower with Radar,25,27,38,37,127,18,2,56,18,94,43,29,94,55,221,74,44,118,339
12/29/2006,ACY,NJ,AEA,EN,Combined TRACON& Tower with Radar,30,15,28,30,103,0,0,32,0,32,30,15,60,30,135,20,60,80,215
12/30/2006,ACY,NJ,AEA,EN,Combined TRACON& Tower with Radar,44,26,31,7,108,0,11,80,65,156,44,37,111,72,264,122,102,224,488
12/31/2006,ACY,NJ,AEA,EN,Combined TRACON& Tower with Radar,26,16,22,2,66,9,9,18,12,48,35,25,40,14,114,58,52,110,224
01/01/2007,ACY,NJ,AEA,EN,Combined TRACON& Tower with Radar,31,11,32,0,74,0,11,1,1,13,31,22,33,1,87,0,0,0,87
01/02/2007,ACY,NJ,AEA,EN,Combined TRACON& Tower with Radar,30,19,20,0,69,0,0,4,1,5,30,19,24,1,74,6,0,6,80
01/03/2007,ACY,NJ,AEA,EN,Combined TRACON& Tower with Radar,27,9,33,26,95,0,0,39,0,39,27,9,72,26,134,44,72,116,250
01/04/2007,ACY,NJ,AEA,EN,Combined TRACON& Tower with Radar,28,21,27,89,165,0,1,13,21,35,28,22,40,110,200,46,134,180,380
01/05/2007,ACY,NJ,AEA,EN,Combined TRACON& Tower with Radar,32,9,25,33,99,8,29,18,0,55,40,38,43,33,154,40,40,80,234
01/06/2007,ACY,NJ,AEA,EN,Combined TRACON& Tower with Radar,33,20,34,0,87,0,0,13,3,16,33,20,47,3,103,4,4,8,111
01/07/2007,ACY,NJ,AEA,EN,Combined TRACON& Tower with Radar,34,16,37,2,89,0,2,50,7,59,34,18,87,9,148,38,22,60,208
01/08/2007,ACY,NJ,AEA,EN,Combined TRACON& Tower with Radar,31,5,22,24,82,0,0,1,4,5,31,5,23,28,87,0,44,44,131
01/09/2007,ACY,NJ,AEA,EN,Combined TRACON& Tower with Radar,26,10,35,58,129,6,26,48,14,94,32,36,83,72,223,132,112,244,467
01/10/2007,ACY,NJ,AEA,EN,Combined TRACON& Tower with Radar,23,18,28,68,137,0,2,21,33,56,23,20,49,101,193,10,60,70,263
01/11/2007,ACY,NJ,AEA,EN,Combined TRACON& Tower with Radar,33,33,72,90,228,0,12,17,35,64,33,45,89,125,292,78,116,194,486
01/12/2007,ACY,NJ,AEA,EN,Combined TRACON& Tower with Radar,43,34,33,32,142,20,10,67,30,127,63,44,100,62,269,16,60,76,345
01/13/2007,ACY,NJ,AEA,EN,Combined TRACON& Tower with Radar,30,10,28,30,98,0,0,2,0,2,30,10,30,30,100,40,80,120,220
01/14/2007,ACY,NJ,AEA,EN,Combined TRACON& Tower with Radar,37,25,32,0,94,0,2,0,15,17,37,27,32,15,111,22,22,44,155
01/15/2007,ACY,NJ,AEA,EN,Combined TRACON& Tower with Radar,33,17,49,6,105,0,0,0,0,0,33,17,49,6,105,4,0,4,109
01/16/2007,ACY,NJ,AEA,EN,Combined TRACON& Tower with Radar,25,24,39,65,153,9,1,28,0,38,34,25,67,65,191,52,96,148,339
01/17/2007,ACY,NJ,AEA,EN,Combined TRACON& Tower with Radar,32,32,49,86,199,0,0,0,0,0,32,32,49,86,199,56,138,194,393
01/18/2007,ACY,NJ,AEA,EN,Combined TRACON& Tower with Radar,32,19,35,42,128,0,17,7,26,50,32,36,42,68,178,36,88,124,302
01/19/2007,ACY,NJ,AEA,EN,Combined TRACON& Tower with Radar,50,36,56,37,179,0,0,14,3,17,50,36,70,40,196,50,30,80,276
01/20/2007,ACY,NJ,AEA,EN,Combined TRACON& Tower with Radar,31,19,30,86,166,6,11,31,33,81,37,30,61,119,247,48,126,174,421
01/21/2007,ACY,NJ,AEA,EN,Combined TRACON& Tower with Radar,46,27,49,7,129,0,0,23,3,26,46,27,72,10,155,20,6,26,181
01/22/2007,ACY,NJ,AEA,EN,Combined TRACON& Tower with Radar,33,5,18,37,93,0,10,0,1,11,33,15,18,38,104,0,40,40,144
01/23/2007,ACY,NJ,AEA,EN,Combined TRACON& Tower with Radar,40,25,48,64,177,0,0,24,0,24,40,25,72,64,201,144,100,244,445
01/24/2007,ACY,NJ,AEA,EN,Combined TRACON& Tower with Radar,38,27,54,57,176,0,13,42,41,96,38,40,96,98,272,106,132,238,510
01/25/2007,ACY,NJ,AEA,EN,Combined TRACON& Tower with Radar,37,16,46,71,170,0,0,0,0,0,37,16,46,71,170,50,82,132,302
01/26/2007,ACY,NJ,AEA,EN,Combined TRACON& Tower with Radar,40,23,26,56,145,0,0,0,0,0,40,23,26,56,145,4,52,56,201
01/27/2007,ACY,NJ,AEA,EN,Combined TRACON& Tower with Radar,45,21,50,36,152,0,0,68,9,77,45,21,118,45,229,66,48,114,343
01/28/2007,ACY,NJ,AEA,EN,Combined TRACON& Tower with Radar,46,21,23,0,90,0,0,13,8,21,46,21,36,8,111,12,2,14,125
01/29/2007,ACY,NJ,AEA,EN,Combined TRACON& Tower with Radar,29,9,34,38,110,9,9,0,0,18,38,18,34,38,128,22,98,120,248
01/30/2007,ACY,NJ,AEA,EN,Combined TRACON& Tower with Radar,37,19,24,100,180,2,1,20,0,23,39,20,44,100,203,132,116,248,451
01/31/2007,ACY,NJ,AEA,EN,Combined TRACON& Tower with Radar,32,13,31,55,131,10,25,52,21,108,42,38,83,76,239,162,90,252,491
02/01/2007,ACY,NJ,AEA,EN,Combined TRACON& Tower with Radar,28,14,26,67,135,16,19,46,45,126,44,33,72,112,261,112,104,216,477
02/02/2007,ACY,NJ,AEA,EN,Combined TRACON& Tower with Radar,42,21,16,16,95,0,0,0,0,0,42,21,16,16,95,0,4,4,99
02/03/2007,ACY,NJ,AEA,EN,Combined TRACON& Tower with Radar,35,18,49,30,132,0,0,53,15,68,35,18,102,45,200,48,8,56,256
02/04/2007,ACY,NJ,AEA,EN,Combined TRACON& Tower with Radar,42,27,28,7,104,0,0,20,8,28,42,27,48,15,132,58,20,78,210
02/05/2007,ACY,NJ,AEA,EN,Combined TRACON& Tower with Radar,36,10,24,43,113,3,7,9,0,19,39,17,33,43,132,42,150,192,324
02/06/2007,ACY,NJ,AEA,EN,Combined TRACON& Tower with Radar,36,22,16,78,152,0,0,18,18,36,36,22,34,96,188,0,70,70,258
02/07/2007,ACY,NJ,AEA,EN,Combined TRACON& Tower with Radar,26,21,37,48,132,0,0,4,6,10,26,21,41,54,142,50,102,152,294
02/08/2007,ACY,NJ,AEA,EN,Combined TRACON& Tower with Radar,41,27,27,33,128,0,0,28,33,61,41,27,55,66,189,10,98,108,297
02/09/2007,ACY,NJ,AEA,EN,Combined TRACON& Tower with Radar,36,25,39,55,155,0,0,47,0,47,36,25,86,55,202,16,246,262,464
02/10/2007,ACY,NJ,AEA,EN,Combined TRACON& Tower with Radar,30,14,40,18,102,0,0,8,0,8,30,14,48,18,110,88,134,222,332
02/11/2007,ACY,NJ,AEA,EN,Combined TRACON& Tower with Radar,41,22,27,9,99,0,1,53,5,59,41,23,80,14,158,44,16,60,218
02/12/2007,ACY,NJ,AEA,EN,Combined TRACON& Tower with Radar,22,19,53,43,137,0,0,17,0,17,22,19,70,43,154,70,110,180,334
02/13/2007,ACY,NJ,AEA,EN,Combined TRACON& Tower with Radar,26,11,15,29,81,13,1,2,13,29,39,12,17,42,110,10,22,32,142
02/14/2007,ACY,NJ,AEA,EN,Combined TRACON& Tower with Radar,25,20,18,1,64,5,16,14,27,62,30,36,32,28,126,8,58,66,192
02/15/2007,ACY,NJ,AEA,EN,Combined TRACON& Tower with Radar,48,21,34,49,152,0,0,10,0,10,48,21,44,49,162,64,120,184,346
02/16/2007,ACY,NJ,AEA,EN,Combined TRACON& Tower with Radar,52,19,56,36,163,0,0,31,10,41,52,19,87,46,204,64,152,216,420
02/17/2007,ACY,NJ,AEA,EN,Combined TRACON& Tower with Radar,45,36,39,34,154,0,0,45,20,65,45,36,84,54,219,120,116,236,455
02/18/2007,ACY,NJ,AEA,EN,Combined TRACON& Tower with Radar,48,28,35,5,116,0,0,14,8,22,48,28,49,13,138,32,66,98,236
02/19/2007,ACY,NJ,AEA,EN,Combined TRACON& Tower with Radar,40,14,29,5,88,0,6,34,4,44,40,20,63,9,132,2,0,2,134
02/20/2007,ACY,NJ,AEA,EN,Combined TRACON& Tower with Radar,42,20,35,48,145,0,0,1,0,1,42,20,36,48,146,58,100,158,304
02/21/2007,ACY,NJ,AEA,EN,Combined TRACON& Tower with Radar,40,23,32,71,166,0,10,63,5,78,40,33,95,76,244,48,100,148,392
02/22/2007,ACY,NJ,AEA,EN,Combined TRACON& Tower with Radar,54,15,35,88,192,0,0,3,0,3,54,15,38,88,195,12,154,166,361
02/23/2007,ACY,NJ,AEA,EN,Combined TRACON& Tower with Radar,37,27,26,38,128,0,0,12,14,26,37,27,38,52,154,32,56,88,242
02/24/2007,ACY,NJ,AEA,EN,Combined TRACON& Tower with Radar,43,17,27,32,119,0,5,17,0,22,43,22,44,32,141,48,46,94,235
02/25/2007,ACY,NJ,AEA,EN,Combined TRACON& Tower with Radar,43,11,23,4,81,0,0,33,4,37,43,11,56,8,118,8,8,16,134
02/26/2007,ACY,NJ,AEA,EN,Combined TRACON& Tower with Radar,36,13,22,18,89,0,0,3,0,3,36,13,25,18,92,0,62,62,154
02/27/2007,ACY,NJ,AEA,EN,Combined TRACON& Tower with Radar,44,15,54,79,192,0,0,22,23,45,44,15,76,102,237,48,132,180,417
02/28/2007,ACY,NJ,AEA,EN,Combined TRACON& Tower with Radar,28,12,36,39,115,0,0,6,0,6,28,12,42,39,121,76,184,260,381
03/01/2007,ACY,NJ,AEA,EN,Combined TRACON& Tower with Radar,35,14,43,57,149,0,0,31,15,46,35,14,74,72,195,98,116,214,409
03/02/2007,ACY,NJ,AEA,EN,Combined TRACON& Tower with Radar,33,13,28,20,94,0,0,0,0,0,33,13,28,20,94,2,40,42,136
03/03/2007,ACY,NJ,AEA,EN,Combined TRACON& Tower with Radar,37,18,41,44,140,1,4,24,0,29,38,22,65,44,169,40,64,104,273
03/04/2007,ACY,NJ,AEA,EN,Combined TRACON& Tower with Radar,47,29,31,5,112,0,20,19,11,50,47,49,50,16,162,0,0,0,162
03/05/2007,ACY,NJ,AEA,EN,Combined TRACON& Tower with Radar,57,37,32,11,137,1,0,0,27,28,58,37,32,38,165,18,52,70,235
03/06/2007,ACY,NJ,AEA,EN,Combined TRACON& Tower with Radar,31,20,20,110,181,9,0,15,0,24,40,20,35,110,205,40,100,140,345
03/07/2007,ACY,NJ,AEA,EN,Combined TRACON& Tower with Radar,19,9,17,8,53,0,0,0,6,6,19,9,17,14,59,0,40,40,99
03/08/2007,ACY,NJ,AEA,EN,Combined TRACON& Tower with Radar,35,12,61,80,188,1,10,11,0,22,36,22,72,80,210,50,230,280,490
03/09/2007,ACY,NJ,AEA,EN,Combined TRACON& Tower with Radar,51,12,45,48,156,0,38,46,38,122,51,50,91,86,278,86,118,204,482
03/10/2007,ACY,NJ,AEA,EN,Combined TRACON& Tower with Radar,37,19,35,52,143,0,0,53,18,71,37,19,88,70,214,90,92,182,396
03/11/2007,ACY,NJ,AEA,EN,Combined TRACON& Tower with Radar,54,30,39,9,132,0,2,31,0,33,54,32,70,9,165,44,54,98,263
03/12/2007,ACY,NJ,AEA,EN,Combined TRACON& Tower with Radar,29,13,36,16,94,0,0,21,1,22,29,13,57,17,116,42,22,64,180
03/13/2007,ACY,NJ,AEA,EN,Combined TRACON& Tower with Radar,32,21,47,47,147,0,0,47,4,51,32,21,94,51,198,32,82,114,312
03/14/2007,ACY,NJ,AEA,EN,Combined TRACON& Tower with Radar,30,13,25,38,106,6,27,47,30,110,36,40,72,68,216,60,102,162,378
03/15/2007,ACY,NJ,AEA,EN,Combined TRACON& Tower with Radar,35,19,59,57,170,0,4,14,0,18,35,23,73,57,188,20,62,82,270
03/16/2007,ACY,NJ,AEA,EN,Combined TRACON& Tower with Radar,47,27,38,8,120,0,13,15,6,34,47,40,53,14,154,16,14,30,184
03/17/2007,ACY,NJ,AEA,EN,Combined TRACON& Tower with Radar,33,26,40,25,124,3,6,20,17,46,36,32,60,42,170,62,86,148,318
03/18/2007,ACY,NJ,AEA,EN,Combined TRACON& Tower with Radar,55,15,32,14,116,13,27,24,8,72,68,42,56,22,188,46,4,50,238
03/19/2007,ACY,NJ,AEA,EN,Combined TRACON& Tower with Radar,42,16,28,9,95,0,0,17,0,17,42,16,45,9,112,70,70,140,252
03/20/2007,ACY,NJ,AEA,EN,Combined TRACON& Tower with Radar,40,25,25,94,184,5,0,41,32,78,45,25,66,126,262,78,102,180,442
03/21/2007,ACY,NJ,AEA,EN,Combined TRACON& Tower with Radar,30,17,27,67,141,4,11,79,27,121,34,28,106,94,262,78,138,216,478
03/22/2007,ACY,NJ,AEA,EN,Combined TRACON& Tower with Radar,39,20,40,60,159,0,0,17,19,36,39,20,57,79,195,72,102,174,369
03/23/2007,ACY,NJ,AEA,EN,Combined TRACON& Tower with Radar,47,21,63,56,187,0,0,0,0,0,47,21,63,56,187,68,114,182,369
03/24/2007,ACY,NJ,AEA,EN,Combined TRACON& Tower with Radar,37,24,41,4,106,0,3,10,10,23,37,27,51,14,129,10,22,32,161
03/25/2007,ACY,NJ,AEA,EN,Combined TRACON& Tower with Radar,46,31,54,4,135,0,0,21,0,21,46,31,75,4,156,46,2,48,204
03/26/2007,ACY,NJ,AEA,EN,Combined TRACON& Tower with Radar,39,17,26,51,133,15,10,31,2,58,54,27,57,53,191,66,144,210,401
03/27/2007,ACY,NJ,AEA,EN,Combined TRACON& Tower with Radar,36,15,20,64,135,0,21,0,0,21,36,36,20,64,156,52,82,134,290
03/28/2007,ACY,NJ,AEA,EN,Combined TRACON& Tower with Radar,30,29,57,37,153,0,0,9,0,9,30,29,66,37,162,8,38,46,208
03/29/2007,ACY,NJ,AEA,EN,Combined TRACON& Tower with Radar,39,26,31,60,156,5,7,48,0,60,44,33,79,60,216,82,84,166,382
03/30/2007,ACY,NJ,AEA,EN,Combined TRACON& Tower with Radar,50,25,45,103,223,0,13,77,40,130,50,38,122,143,353,110,240,350,703
03/31/2007,ACY,NJ,AEA,EN,Combined TRACON& Tower with Radar,41,17,48,1,107,0,13,57,25,95,41,30,105,26,202,98,12,110,312
04/01/2007,ACY,NJ,AEA,EN,Combined TRACON& Tower with Radar,44,27,44,1,116,0,6,10,5,21,44,33,54,6,137,10,10,20,157
04/02/2007,ACY,NJ,AEA,EN,Combined TRACON& Tower with Radar,33,20,30,14,97,0,0,0,0,0,33,20,30,14,97,21,78,99,196
04/03/2007,ACY,NJ,AEA,EN,Combined TRACON& Tower with Radar,40,14,45,29,128,1,0,12,19,32,41,14,57,48,160,68,70,138,298
04/04/2007,ACY,NJ,AEA,EN,Combined TRACON& Tower with Radar,34,22,25,12,93,9,7,0,0,16,43,29,25,12,109,0,10,10,119
04/05/2007,ACY,NJ,AEA,EN,Combined TRACON& Tower with Radar,46,25,42,41,154,0,0,32,15,47,46,25,74,56,201,62,110,172,373
04/06/2007,ACY,NJ,AEA,EN,Combined TRACON& Tower with Radar,40,37,52,19,148,2,0,4,19,25,42,37,56,38,173,68,74,142,315
04/07/2007,ACY,NJ,AEA,EN,Combined TRACON& Tower with Radar,39,8,24,3,74,0,0,10,1,11,39,8,34,4,85,22,24,46,131
04/08/2007,ACY,NJ,AEA,EN,Combined TRACON& Tower with Radar,47,29,29,0,105,0,0,11,2,13,47,29,40,2,118,22,0,22,140
04/09/2007,ACY,NJ,AEA,EN,Combined TRACON& Tower with Radar,34,7,30,27,98,11,17,31,25,84,45,24,61,52,182,14,80,94,276
04/10/2007,ACY,NJ,AEA,EN,Combined TRACON& Tower with Radar,29,14,29,50,122,12,8,61,0,81,41,22,90,50,203,84,92,176,379
04/11/2007,ACY,NJ,AEA,EN,Combined TRACON& Tower with Radar,40,15,41,109,205,2,17,27,14,60,42,32,68,123,265,84,162,246,511
04/12/2007,ACY,NJ,AEA,EN,Combined TRACON& Tower with Radar,43,12,40,85,180,0,0,25,0,25,43,12,65,85,205,20,108,128,333
04/13/2007,ACY,NJ,AEA,EN,Combined TRACON& Tower with Radar,56,31,37,58,182,0,0,14,0,14,56,31,51,58,196,20,78,98,294
04/14/2007,ACY,NJ,AEA,EN,Combined TRACON& Tower with Radar,44,24,56,16,140,0,0,16,0,16,44,24,72,16,156,110,58,168,324
04/15/2007,ACY,NJ,AEA,EN,Combined TRACON& Tower with Radar,53,22,30,0,105,0,0,0,0,0,53,22,30,0,105,0,0,0,105
04/16/2007,ACY,NJ,AEA,EN,Combined TRACON& Tower with Radar,38,5,11,4,58,0,5,12,17,34,38,10,23,21,92,0,4,4,96
04/17/2007,ACY,NJ,AEA,EN,Combined TRACON& Tower with Radar,32,14,14,69,129,5,4,4,17,30,37,18,18,86,159,34,60,94,253
04/18/2007,ACY,NJ,AEA,EN,Combined TRACON& Tower with Radar,29,36,38,117,220,0,0,13,17,30,29,36,51,134,250,54,140,194,444
04/19/2007,ACY,NJ,AEA,EN,Combined TRACON& Tower with Radar,55,27,40,61,183,9,23,44,0,76,64,50,84,61,259,84,110,194,453
04/20/2007,ACY,NJ,AEA,EN,Combined TRACON& Tower with Radar,48,34,42,80,204,4,10,46,28,88,52,44,88,108,292,34,150,184,476
04/21/2007,ACY,NJ,AEA,EN,Combined TRACON& Tower with Radar,36,18,49,31,134,0,0,60,0,60,36,18,109,31,194,28,76,104,298
04/22/2007,ACY,NJ,AEA,EN,Combined TRACON& Tower with Radar,52,37,56,10,155,0,0,60,9,69,52,37,116,19,224,46,10,56,280
04/23/2007,ACY,NJ,AEA,EN,Combined TRACON& Tower with Radar,40,6,28,21,95,0,0,64,5,69,40,6,92,26,164,44,16,60,224
04/24/2007,ACY,NJ,AEA,EN,Combined TRACON& Tower with Radar,42,32,55,70,199,0,0,30,21,51,42,32,85,91,250,84,130,214,464
04/25/2007,ACY,NJ,AEA,EN,Combined TRACON& Tower with Radar,35,24,48,51,158,0,0,24,9,33,35,24,72,60,191,44,88,132,323
04/26/2007,ACY,NJ,AEA,EN,Combined TRACON& Tower with Radar,40,20,59,40,159,0,0,0,23,23,40,20,59,63,182,50,120,170,352
04/27/2007,ACY,NJ,AEA,EN,Combined TRACON& Tower with Radar,47,30,35,24,136,0,0,0,0,0,47,30,35,24,136,0,10,10,146
04/28/2007,ACY,NJ,AEA,EN,Combined TRACON& Tower with Radar,43,31,42,0,116,0,0,28,23,51,43,31,70,23,167,58,0,58,225
04/29/2007,ACY,NJ,AEA,EN,Combined TRACON& Tower with Radar,49,29,39,5,122,0,9,50,9,68,49,38,89,14,190,12,14,26,216
04/30/2007,ACY,NJ,AEA,EN,Combined TRACON& Tower with Radar,44,12,25,40,121,4,3,13,0,20,48,15,38,40,141,14,120,134,275
05/01/2007,ACY,NJ,AEA,EN,Combined TRACON& Tower with Radar,31,20,33,88,172,19,18,57,8,102,50,38,90,96,274,74,202,276,550
05/02/2007,ACY,NJ,AEA,EN,Combined TRACON& Tower with Radar,31,23,35,79,168,0,0,37,0,37,31,23,72,79,205,100,144,244,449
05/03/2007,ACY,NJ,AEA,EN,Combined TRACON& Tower with Radar,31,32,31,66,160,0,0,49,0,49,31,32,80,66,209,30,52,82,291
05/04/2007,ACY,NJ,AEA,EN,Combined TRACON& Tower with Radar,50,32,47,55,184,0,0,25,13,38,50,32,72,68,222,28,114,142,364
05/05/2007,ACY,NJ,AEA,EN,Combined TRACON& Tower with Radar,37,14,25,16,92,6,21,84,14,125,43,35,109,30,217,68,44,112,329
05/06/2007,ACY,NJ,AEA,EN,Combined TRACON& Tower with Radar,47,31,41,1,120,10,18,60,8,96,57,49,101,9,216,42,66,108,324
05/07/2007,ACY,NJ,AEA,EN,Combined TRACON& Tower with Radar,31,8,26,9,74,2,0,26,0,28,33,8,52,9,102,4,4,8,110
05/08/2007,ACY,NJ,AEA,EN,Combined TRACON& Tower with Radar,29,10,36,9,84,1,8,50,35,94,30,18,86,44,178,42,22,64,242
05/09/2007,ACY,NJ,AEA,EN,Combined TRACON& Tower with Radar,24,15,72,30,141,14,21,0,9,44,38,36,72,39,185,38,42,80,265
05/10/2007,ACY,NJ,AEA,EN,Combined TRACON& Tower with Radar,35,27,40,5,107,0,0,25,25,50,35,27,65,30,157,18,16,34,191
05/11/2007,ACY,NJ,AEA,EN,Combined TRACON& Tower with Radar,46,28,44,21,139,7,2,18,23,50,53,30,62,44,189,50,46,96,285
05/12/2007,ACY,NJ,AEA,EN,Combined TRACON& Tower with Radar,48,33,30,8,119,0,0,42,7,49,48,33,72,15,168,6,4,10,178
05/13/2007,ACY,NJ,AEA,EN,Combined TRACON& Tower with Radar,53,27,40,0,120,0,0,40,3,43,53,27,80,3,163,10,14,24,187
05/14/2007,ACY,NJ,AEA,EN,Combined TRACON& Tower with Radar,29,9,35,17,90,0,0,23,0,23,29,9,58,17,113,40,24,64,177
05/15/2007,ACY,NJ,AEA,EN,Combined TRACON& Tower with Radar,25,28,33,10,96,0,0,75,60,135,25,28,108,70,231,98,102,200,431
05/16/2007,ACY,NJ,AEA,EN,Combined TRACON& Tower with Radar,32,22,30,9,93,3,0,38,26,67,35,22,68,35,160,74,62,136,296
05/17/2007,ACY,NJ,AEA,EN,Combined TRACON& Tower with Radar,48,27,43,20,138,0,0,35,36,71,48,27,78,56,209,86,114,200,409
05/18/2007,ACY,NJ,AEA,EN,Combined TRACON& Tower with Radar,41,25,40,7,113,0,0,0,11,11,41,25,40,18,124,22,40,62,186
05/19/2007,ACY,NJ,AEA,EN,Combined TRACON& Tower with Radar,41,17,32,10,100,0,7,24,0,31,41,24,56,10,131,20,14,34,165
05/20/2007,ACY,NJ,AEA,EN,Combined TRACON& Tower with Radar,37,32,60,10,139,0,0,9,9,18,37,32,69,19,157,46,44,90,247
05/21/2007,ACY,NJ,AEA,EN,Combined TRACON& Tower with Radar,32,14,40,3,89,0,1,53,33,87,32,15,93,36,176,102,58,160,336
05/22/2007,ACY,NJ,AEA,EN,Combined TRACON& Tower with Radar,31,23,77,61,192,0,0,0,0,0,31,23,77,61,192,112,116,228,420
05/23/2007,ACY,NJ,AEA,EN,Combined TRACON& Tower with Radar,24,18,40,32,114,22,32,67,12,133,46,50,107,44,247,96,70,166,413
05/24/2007,ACY,NJ,AEA,EN,Combined TRACON& Tower with Radar,42,21,41,68,172,2,10,60,0,72,44,31,101,68,244,64,80,144,388
05/25/2007,ACY,NJ,AEA,EN,Combined TRACON& Tower with Radar,41,30,54,40,165,0,16,68,2,86,41,46,122,42,251,90,102,192,443
05/26/2007,ACY,NJ,AEA,EN,Combined TRACON& Tower with Radar,49,25,59,7,140,3,0,45,22,70,52,25,104,29,210,36,48,84,294
05/27/2007,ACY,NJ,AEA,EN,Combined TRACON& Tower with Radar,47,32,28,6,113,0,0,52,14,66,47,32,80,20,179,44,40,84,263
05/28/2007,ACY,NJ,AEA,EN,Combined TRACON& Tower with Radar,42,19,49,12,122,4,7,35,17,63,46,26,84,29,185,90,34,124,309
05/29/2007,ACY,NJ,AEA,EN,Combined TRACON& Tower with Radar,38,16,40,56,150,0,0,35,23,58,38,16,75,79,208,30,82,112,320
05/30/2007,ACY,NJ,AEA,EN,Combined TRACON& Tower with Radar,30,21,25,24,100,2,7,45,68,122,32,28,70,92,222,106,132,238,460
05/31/2007,ACY,NJ,AEA,EN,Combined TRACON& Tower with Radar,37,19,41,43,140,15,2,43,23,83,52,21,84,66,223,66,42,108,331
06/01/2007,ACY,NJ,AEA,EN,Combined TRACON& Tower with Radar,56,20,41,46,163,0,0,41,19,60,56,20,82,65,223,30,84,114,337
06/02/2007,ACY,NJ,AEA,EN,Combined TRACON& Tower with Radar,44,21,53,37,155,0,0,45,0,45,44,21,98,37,200,108,72,180,380
06/03/2007,ACY,NJ,AEA,EN,Combined TRACON& Tower with Radar,54,31,47,4,136,0,0,1,11,12,54,31,48,15,148,14,20,34,182
06/04/2007,ACY,NJ,AEA,EN,Combined TRACON& Tower with Radar,34,15,43,49,141,0,0,0,8,8,34,15,43,57,149,100,80,180,329
06/05/2007,ACY,NJ,AEA,EN,Combined TRACON& Tower with Radar,27,21,40,80,168,0,0,0,10,10,27,21,40,90,178,90,118,208,386
06/06/2007,ACY,NJ,AEA,EN,Combined TRACON& Tower with Radar,22,16,50,37,125,0,0,0,5,5,22,16,50,42,130,32,50,82,212
06/07/2007,ACY,NJ,AEA,EN,Combined TRACON& Tower with Radar,34,12,57,34,137,0,26,43,16,85,34,38,100,50,222,112,84,196,418
06/08/2007,ACY,NJ,AEA,EN,Combined TRACON& Tower with Radar,39,31,65,23,158,8,17,31,12,68,47,48,96,35,226,44,70,114,340
06/09/2007,ACY,NJ,AEA,EN,Combined TRACON& Tower with Radar,39,23,45,64,171,0,0,48,0,48,39,23,93,64,219,78,104,182,401
06/10/2007,ACY,NJ,AEA,EN,Combined TRACON& Tower with Radar,35,34,71,2,142,0,0,32,14,46,35,34,103,16,188,30,40,70,258
06/11/2007,ACY,NJ,AEA,EN,Combined TRACON& Tower with Radar,36,11,41,34,122,6,9,7,0,22,42,20,48,34,144,64,24,88,232
06/12/2007,ACY,NJ,AEA,EN,Combined TRACON& Tower with Radar,27,8,31,57,123,17,24,16,8,65,44,32,47,65,188,44,66,110,298
06/13/2007,ACY,NJ,AEA,EN,Combined TRACON& Tower with Radar,38,20,62,50,170,0,0,38,27,65,38,20,100,77,235,122,124,246,481
06/14/2007,ACY,NJ,AEA,EN,Combined TRACON& Tower with Radar,31,16,63,22,132,0,6,0,13,19,31,22,63,35,151,32,18,50,201
06/15/2007,ACY,NJ,AEA,EN,Combined TRACON& Tower with Radar,46,28,52,29,155,0,12,68,11,91,46,40,120,40,246,82,62,144,390
06/16/2007,ACY,NJ,AEA,EN,Combined TRACON& Tower with Radar,33,22,42,29,126,0,18,33,1,52,33,40,75,30,178,102,108,210,388
06/17/2007,ACY,NJ,AEA,EN,Combined TRACON& Tower with Radar,40,36,44,6,126,0,0,43,11,54,40,36,87,17,180,24,12,36,216
06/18/2007,ACY,NJ,AEA,EN,Combined TRACON& Tower with Radar,25,16,45,21,107,0,0,7,0,7,25,16,52,21,114,30,80,110,224
06/19/2007,ACY,NJ,AEA,EN,Combined TRACON& Tower with Radar,29,24,32,29,114,4,8,22,11,45,33,32,54,40,159,46,22,68,227
06/20/2007,ACY,NJ,AEA,EN,Combined TRACON& Tower with Radar,28,18,45,17,108,0,0,37,5,42,28,18,82,22,150,46,10,56,206
06/21/2007,ACY,NJ,AEA,EN,Combined TRACON& Tower with Radar,50,18,35,63,166,0,1,73,18,92,50,19,108,81,258,102,74,176,434
06/22/2007,ACY,NJ,AEA,EN,Combined TRACON& Tower with Radar,53,27,69,33,182,0,16,18,11,45,53,43,87,44,227,152,126,278,505
06/23/2007,ACY,NJ,AEA,EN,Combined TRACON& Tower with Radar,39,22,57,60,178,2,3,107,0,112,41,25,164,60,290,118,84,202,492
06/24/2007,ACY,NJ,AEA,EN,Combined TRACON& Tower with Radar,46,43,72,7,168,0,0,75,3,78,46,43,147,10,246,26,2,28,274
06/25/2007,ACY,NJ,AEA,EN,Combined TRACON& Tower with Radar,40,32,48,23,143,0,0,44,7,51,40,32,92,30,194,62,94,156,350
06/26/2007,ACY,NJ,AEA,EN,Combined TRACON& Tower with Radar,38,17,43,38,136,0,0,0,0,0,38,17,43,38,136,72,42,114,250
06/27/2007,ACY,NJ,AEA,EN,Combined TRACON& Tower with Radar,30,16,42,22,110,0,12,26,26,64,30,28,68,48,174,118,102,220,394
06/28/2007,ACY,NJ,AEA,EN,Combined TRACON& Tower with Radar,62,41,60,33,196,0,0,4,31,35,62,41,64,64,231,70,104,174,405
06/29/2007,ACY,NJ,AEA,EN,Combined TRACON& Tower with Radar,45,29,78,14,166,0,6,26,0,32,45,35,104,14,198,80,40,120,318
06/30/2007,ACY,NJ,AEA,EN,Combined TRACON& Tower with Radar,29,24,47,0,100,0,0,40,20,60,29,24,87,20,160,40,52,92,252
07/01/2007,ACY,NJ,AEA,EN,Combined TRACON& Tower with Radar,46,54,96,10,206,0,0,72,0,72,46,54,168,10,278,68,18,86,364
07/02/2007,ACY,NJ,AEA,EN,Combined TRACON& Tower with Radar,42,6,45,31,124,0,0,0,0,0,42,6,45,31,124,14,58,72,196
07/03/2007,ACY,NJ,AEA,EN,Combined TRACON& Tower with Radar,31,19,32,37,119,0,0,32,10,42,31,19,64,47,161,82,108,190,351
07/04/2007,ACY,NJ,AEA,EN,Combined TRACON& Tower with Radar,28,13,26,14,81,10,3,35,0,48,38,16,61,14,129,16,22,38,167
07/05/2007,ACY,NJ,AEA,EN,Combined TRACON& Tower with Radar,35,22,25,27,109,0,0,33,15,48,35,22,58,42,157,44,82,126,283
07/06/2007,ACY,NJ,AEA,EN,Combined TRACON& Tower with Radar,38,30,66,58,192,4,8,0,6,18,42,38,66,64,210,22,56,78,288
07/07/2007,ACY,NJ,AEA,EN,Combined TRACON& Tower with Radar,47,23,43,30,143,0,1,72,14,87,47,24,115,44,230,90,52,142,372
07/08/2007,ACY,NJ,AEA,EN,Combined TRACON& Tower with Radar,44,29,64,5,142,0,0,95,49,144,44,29,159,54,286,148,122,270,556
07/09/2007,ACY,NJ,AEA,EN,Combined TRACON& Tower with Radar,34,14,34,27,109,0,0,32,9,41,34,14,66,36,150,68,58,126,276
07/10/2007,ACY,NJ,AEA,EN,Combined TRACON& Tower with Radar,32,13,29,45,119,1,24,29,53,107,33,37,58,98,226,96,132,228,454
07/11/2007,ACY,NJ,AEA,EN,Combined TRACON& Tower with Radar,28,23,45,56,152,0,0,17,0,17,28,23,62,56,169,120,112,232,401
07/12/2007,ACY,NJ,AEA,EN,Combined TRACON& Tower with Radar,31,21,41,64,157,0,0,49,10,59,31,21,90,74,216,96,86,182,398
07/13/2007,ACY,NJ,AEA,EN,Combined TRACON& Tower with Radar,47,44,77,90,258,0,0,0,10,10,47,44,77,100,268,42,60,102,370
07/14/2007,ACY,NJ,AEA,EN,Combined TRACON& Tower with Radar,38,15,60,6,119,0,0,34,3,37,38,15,94,9,156,20,2,22,178
07/15/2007,ACY,NJ,AEA,EN,Combined TRACON& Tower with Radar,46,35,50,2,133,0,0,78,4,82,46,35,128,6,215,52,18,70,285
07/16/2007,ACY,NJ,AEA,EN,Combined TRACON& Tower with Radar,44,30,43,23,140,0,8,9,8,25,44,38,52,31,165,48,98,146,311
07/17/2007,ACY,NJ,AEA,EN,Combined TRACON& Tower with Radar,26,19,35,98,178,0,0,35,0,35,26,19,70,98,213,16,142,158,371
07/18/2007,ACY,NJ,AEA,EN,Combined TRACON& Tower with Radar,56,32,47,108,243,0,3,13,7,23,56,35,60,115,266,62,72,134,400
07/19/2007,ACY,NJ,AEA,EN,Combined TRACON& Tower with Radar,47,24,59,34,164,0,14,11,19,44,47,38,70,53,208,76,106,182,390
07/20/2007,ACY,NJ,AEA,EN,Combined TRACON& Tower with Radar,46,42,61,36,185,0,0,23,55,78,46,42,84,91,263,64,60,124,387
07/21/2007,ACY,NJ,AEA,EN,Combined TRACON& Tower with Radar,48,47,102,32,229,0,0,32,36,68,48,47,134,68,297,100,184,284,581
07/22/2007,ACY,NJ,AEA,EN,Combined TRACON& Tower with Radar,51,39,54,1,145,0,0,71,7,78,51,39,125,8,223,128,130,258,481
07/23/2007,ACY,NJ,AEA,EN,Combined TRACON& Tower with Radar,37,16,40,21,114,0,0,6,4,10,37,16,46,25,124,12,62,74,198
07/24/2007,ACY,NJ,AEA,EN,Combined TRACON& Tower with Radar,35,14,39,45,133,0,0,66,0,66,35,14,105,45,199,124,132,256,455
07/25/2007,ACY,NJ,AEA,EN,Combined TRACON& Tower with Radar,34,27,38,44,143,0,0,37,0,37,34,27,75,44,180,122,66,188,368
07/26/2007,ACY,NJ,AEA,EN,Combined TRACON& Tower with Radar,39,27,54,37,157,0,0,0,0,0,39,27,54,37,157,46,64,110,267
07/27/2007,ACY,NJ,AEA,EN,Combined TRACON& Tower with Radar,46,33,56,14,149,0,0,24,3,27,46,33,80,17,176,20,32,52,228
07/28/2007,ACY,NJ,AEA,EN,Combined TRACON& Tower with Radar,33,9,49,4,95,0,6,16,6,28,33,15,65,10,123,8,32,40,163
07/29/2007,ACY,NJ,AEA,EN,Combined TRACON& Tower with Radar,53,32,50,0,135,0,0,3,10,13,53,32,53,10,148,8,10,18,166
07/30/2007,ACY,NJ,AEA,EN,Combined TRACON& Tower with Radar,38,16,47,10,111,5,12,27,24,68,43,28,74,34,179,26,12,38,217
07/31/2007,ACY,NJ,AEA,EN,Combined TRACON& Tower with Radar,20,22,38,21,101,0,0,23,1,24,20,22,61,22,125,54,66,120,245
08/01/2007,ACY,NJ,AEA,EN,Combined TRACON& Tower with Radar,34,30,28,78,170,0,0,34,10,44,34,30,62,88,214,92,204,296,510
08/02/2007,ACY,NJ,AEA,EN,Combined TRACON& Tower with Radar,42,32,27,40,141,0,0,25,0,25,42,32,52,40,166,54,80,134,300
08/03/2007,ACY,NJ,AEA,EN,Combined TRACON& Tower with Radar,44,45,70,29,188,0,0,8,54,62,44,45,78,83,250,202,222,424,674
08/04/2007,ACY,NJ,AEA,EN,Combined TRACON& Tower with Radar,42,13,49,18,122,0,0,0,48,48,42,13,49,66,170,110,72,182,352
08/05/2007,ACY,NJ,AEA,EN,Combined TRACON& Tower with Radar,44,45,70,18,177,1,17,56,0,74,45,62,126,18,251,78,66,144,395
08/06/2007,ACY,NJ,AEA,EN,Combined TRACON& Tower with Radar,28,18,44,16,106,0,0,18,3,21,28,18,62,19,127,58,30,88,215
08/07/2007,ACY,NJ,AEA,EN,Combined TRACON& Tower with Radar,34,21,19,49,123,0,0,0,0,0,34,21,19,49,123,122,80,202,325
08/08/2007,ACY,NJ,AEA,EN,Combined TRACON& Tower with Radar,20,31,40,40,131,0,4,0,0,4,20,35,40,40,135,40,70,110,245
08/09/2007,ACY,NJ,AEA,EN,Combined TRACON& Tower with Radar,34,20,50,10,114,0,26,28,82,136,34,46,78,92,250,132,166,298,548
08/10/2007,ACY,NJ,AEA,EN,Combined TRACON& Tower with Radar,37,23,56,30,146,5,7,1,0,13,42,30,57,30,159,32,32,64,223
08/11/2007,ACY,NJ,AEA,EN,Combined TRACON& Tower with Radar,34,18,59,14,125,13,8,56,9,86,47,26,115,23,211,120,152,272,483
08/12/2007,ACY,NJ,AEA,EN,Combined TRACON& Tower with Radar,36,31,65,5,137,0,0,68,37,105,36,31,133,42,242,128,166,294,536
08/13/2007,ACY,NJ,AEA,EN,Combined TRACON& Tower with Radar,39,18,42,30,129,0,2,60,26,88,39,20,102,56,217,82,102,184,401
08/14/2007,ACY,NJ,AEA,EN,Combined TRACON& Tower with Radar,39,29,46,25,139,2,0,92,47,141,41,29,138,72,280,102,155,257,537
08/15/2007,ACY,NJ,AEA,EN,Combined TRACON& Tower with Radar,32,15,42,30,119,1,4,156,50,211,33,19,198,80,330,96,78,174,504
08/16/2007,ACY,NJ,AEA,EN,Combined TRACON& Tower with Radar,52,27,33,60,172,0,0,27,0,27,52,27,60,60,199,120,170,290,489
08/17/2007,ACY,NJ,AEA,EN,Combined TRACON& Tower with Radar,48,30,67,36,181,0,0,27,7,34,48,30,94,43,215,112,176,288,503
08/18/2007,ACY,NJ,AEA,EN,Combined TRACON& Tower with Radar,45,19,45,17,126,0,1,58,5,64,45,20,103,22,190,130,156,286,476
08/19/2007,ACY,NJ,AEA,EN,Combined TRACON& Tower with Radar,47,32,64,4,147,0,0,49,21,70,47,32,113,25,217,26,0,26,243
08/20/2007,ACY,NJ,AEA,EN,Combined TRACON& Tower with Radar,28,12,34,5,79,0,0,4,1,5,28,12,38,6,84,0,0,0,84
08/21/2007,ACY,NJ,AEA,EN,Combined TRACON& Tower with Radar,34,16,22,10,82,2,6,2,10,20,36,22,24,20,102,0,40,40,142
08/22/2007,ACY,NJ,AEA,EN,Combined TRACON& Tower with Radar,16,13,37,28,94,0,0,0,0,0,16,13,37,28,94,0,8,8,102
08/23/2007,ACY,NJ,AEA,EN,Combined TRACON& Tower with Radar,44,20,38,80,182,0,4,38,0,42,44,24,76,80,224,42,88,130,354
08/24/2007,ACY,NJ,AEA,EN,Combined TRACON& Tower with Radar,24,27,58,22,131,0,0,25,24,49,24,27,83,46,180,20,70,90,270
08/25/2007,ACY,NJ,AEA,EN,Combined TRACON& Tower with Radar,47,29,55,16,147,0,0,29,0,29,47,29,84,16,176,166,84,250,426
08/26/2007,ACY,NJ,AEA,EN,Combined TRACON& Tower with Radar,48,37,54,17,156,0,0,36,7,43,48,37,90,24,199,140,92,232,431
08/27/2007,ACY,NJ,AEA,EN,Combined TRACON& Tower with Radar,28,19,36,33,116,10,3,54,25,92,38,22,90,58,208,36,60,96,304
08/28/2007,ACY,NJ,AEA,EN,Combined TRACON& Tower with Radar,29,25,30,42,126,0,0,57,27,84,29,25,87,69,210,10,58,68,278
08/29/2007,ACY,NJ,AEA,EN,Combined TRACON& Tower with Radar,25,20,31,22,98,0,0,47,13,60,25,20,78,35,158,24,14,38,196
08/30/2007,ACY,NJ,AEA,EN,Combined TRACON& Tower with Radar,38,34,53,86,211,0,0,79,0,79,38,34,132,86,290,86,128,214,504
08/31/2007,ACY,NJ,AEA,EN,Combined TRACON& Tower with Radar,45,37,56,16,154,0,4,16,43,63,45,41,72,59,217,52,86,138,355
09/01/2007,ACY,NJ,AEA,EN,Combined TRACON& Tower with Radar,34,28,36,20,118,0,0,61,12,73,34,28,97,32,191,6,12,18,209
09/02/2007,ACY,NJ,AEA,EN,Combined TRACON& Tower with Radar,32,22,26,11,91,17,29,91,27,164,49,51,117,38,255,108,52,160,415
09/03/2007,ACY,NJ,AEA,EN,Combined TRACON& Tower with Radar,32,29,38,9,108,1,0,81,0,82,33,29,119,9,190,6,34,40,230
09/04/2007,ACY,NJ,AEA,EN,Combined TRACON& Tower with Radar,26,14,27,35,102,0,0,46,5,51,26,14,73,40,153,52,68,120,273
09/05/2007,ACY,NJ,AEA,EN,Combined TRACON& Tower with Radar,30,20,37,63,150,0,0,40,5,45,30,20,77,68,195,30,44,74,269
09/06/2007,ACY,NJ,AEA,EN,Combined TRACON& Tower with Radar,34,38,48,68,188,0,0,46,30,76,34,38,94,98,264,90,124,214,478
09/07/2007,ACY,NJ,AEA,EN,Combined TRACON& Tower with Radar,33,13,46,17,109,9,0,32,85,126,42,13,78,102,235,44,48,92,327
09/08/2007,ACY,NJ,AEA,EN,Combined TRACON& Tower with Radar,36,14,33,6,89,0,0,67,7,74,36,14,100,13,163,20,58,78,241
09/09/2007,ACY,NJ,AEA,EN,Combined TRACON& Tower with Radar,38,21,48,15,122,0,0,35,8,43,38,21,83,23,165,86,56,142,307
09/10/2007,ACY,NJ,AEA,EN,Combined TRACON& Tower with Radar,29,10,31,11,81,0,2,0,25,27,29,12,31,36,108,36,68,104,212
09/11/2007,ACY,NJ,AEA,EN,Combined TRACON& Tower with Radar,37,27,36,25,125,0,0,0,0,0,37,27,36,25,125,40,34,74,199
09/12/2007,ACY,NJ,AEA,EN,Combined TRACON& Tower with Radar,34,16,54,50,154,0,0,10,56,66,34,16,64,106,220,56,198,254,474
09/13/2007,ACY,NJ,AEA,EN,Combined TRACON& Tower with Radar,38,10,40,52,140,0,0,61,19,80,38,10,101,71,220,50,58,108,328
09/14/2007,ACY,NJ,AEA,EN,Combined TRACON& Tower with Radar,43,24,49,37,153,5,0,39,15,59,48,24,88,52,212,22,88,110,322
09/15/2007,ACY,NJ,AEA,EN,Combined TRACON& Tower with Radar,35,6,43,31,115,0,36,18,0,54,35,42,61,31,169,94,58,152,321
09/16/2007,ACY,NJ,AEA,EN,Combined TRACON& Tower with Radar,37,13,50,21,121,12,30,51,0,93,49,43,101,21,214,34,42,76,290
09/17/2007,ACY,NJ,AEA,EN,Combined TRACON& Tower with Radar,32,26,26,0,84,0,0,15,51,66,32,26,41,51,150,84,96,180,330
09/18/2007,ACY,NJ,AEA,EN,Combined TRACON& Tower with Radar,30,13,27,32,102,0,25,25,56,106,30,38,52,88,208,86,132,218,426
09/19/2007,ACY,NJ,AEA,EN,Combined TRACON& Tower with Radar,31,13,47,47,138,5,0,32,0,37,36,13,79,47,175,16,134,150,325
09/20/2007,ACY,NJ,AEA,EN,Combined TRACON& Tower with Radar,29,12,39,101,181,3,0,15,0,18,32,12,54,101,199,60,122,182,381
09/21/2007,ACY,NJ,AEA,EN,Combined TRACON& Tower with Radar,34,19,40,52,145,14,3,43,12,72,48,22,83,64,217,66,162,228,445
09/22/2007,ACY,NJ,AEA,EN,Combined TRACON& Tower with Radar,33,11,52,3,99,0,18,38,7,63,33,29,90,10,162,94,18,112,274
09/23/2007,ACY,NJ,AEA,EN,Combined TRACON& Tower with Radar,49,24,80,14,167,0,0,23,24,47,49,24,103,38,214,38,52,90,304
09/24/2007,ACY,NJ,AEA,EN,Combined TRACON& Tower with Radar,29,12,33,23,97,0,3,27,22,52,29,15,60,45,149,52,184,236,385
09/25/2007,ACY,NJ,AEA,EN,Combined TRACON& Tower with Radar,42,18,41,95,196,0,4,31,1,36,42,22,72,96,232,104,138,242,474
09/26/2007,ACY,NJ,AEA,EN,Combined TRACON& Tower with Radar,32,15,42,31,120,0,0,23,4,27,32,15,65,35,147,78,210,288,435
09/27/2007,ACY,NJ,AEA,EN,Combined TRACON& Tower with Radar,30,13,51,24,118,7,21,7,61,96,37,34,58,85,214,48,84,132,346
09/28/2007,ACY,NJ,AEA,EN,Combined TRACON& Tower with Radar,32,23,58,43,156,10,4,35,38,87,42,27,93,81,243,38,120,158,401
09/29/2007,ACY,NJ,AEA,EN,Combined TRACON& Tower with Radar,32,14,52,14,112,0,0,43,6,49,32,14,95,20,161,22,22,44,205
09/30/2007,ACY,NJ,AEA,EN,Combined TRACON& Tower with Radar,44,18,60,1,123,17,28,35,11,91,61,46,95,12,214,32,4,36,250
10/01/2007,ACY,NJ,AEA,EN,Combined TRACON& Tower with Radar,34,12,43,29,118,0,0,1,0,1,34,12,44,29,119,132,116,248,367
10/02/2007,ACY,NJ,AEA,EN,Combined TRACON& Tower with Radar,21,7,42,101,171,0,0,28,0,28,21,7,70,101,199,58,168,226,425
10/03/2007,ACY,NJ,AEA,EN,Combined TRACON& Tower with Radar,27,8,61,47,143,0,6,6,24,36,27,14,67,71,179,100,82,182,361
10/04/2007,ACY,NJ,AEA,EN,Combined TRACON& Tower with Radar,32,14,53,13,112,0,0,12,20,32,32,14,65,33,144,82,46,128,272
10/05/2007,ACY,NJ,AEA,EN,Combined TRACON& Tower with Radar,33,21,47,21,122,6,8,43,19,76,39,29,90,40,198,52,48,100,298
10/06/2007,ACY,NJ,AEA,EN,Combined TRACON& Tower with Radar,35,18,53,7,113,0,6,47,18,71,35,24,100,25,184,60,40,100,284
10/07/2007,ACY,NJ,AEA,EN,Combined TRACON& Tower with Radar,40,24,67,9,140,16,25,49,22,112,56,49,116,31,252,76,22,98,350
10/08/2007,ACY,NJ,AEA,EN,Combined TRACON& Tower with Radar,33,9,34,0,76,0,1,24,9,34,33,10,58,9,110,12,10,22,132
10/09/2007,ACY,NJ,AEA,EN,Combined TRACON& Tower with Radar,38,36,45,61,180,0,0,29,7,36,38,36,74,68,216,12,80,92,308
10/10/2007,ACY,NJ,AEA,EN,Combined TRACON& Tower with Radar,28,12,61,36,137,0,4,0,0,4,28,16,61,36,141,24,70,94,235
10/11/2007,ACY,NJ,AEA,EN,Combined TRACON& Tower with Radar,45,31,69,52,197,0,0,0,0,0,45,31,69,52,197,40,62,102,299
10/12/2007,ACY,NJ,AEA,EN,Combined TRACON& Tower with Radar,48,20,59,31,158,0,16,35,41,92,48,36,94,72,250,86,106,192,442
10/13/2007,ACY,NJ,AEA,EN,Combined TRACON& Tower with Radar,36,8,51,21,116,0,10,18,14,42,36,18,69,35,158,48,26,74,232
10/14/2007,ACY,NJ,AEA,EN,Combined TRACON& Tower with Radar,45,18,53,7,123,0,0,33,3,36,45,18,86,10,159,22,20,42,201
10/15/2007,ACY,NJ,AEA,EN,Combined TRACON& Tower with Radar,29,2,40,41,112,0,0,15,0,15,29,2,55,41,127,10,146,156,283
10/16/2007,ACY,NJ,AEA,EN,Combined TRACON& Tower with Radar,32,8,49,54,143,0,6,4,0,10,32,14,53,54,153,60,124,184,337
10/17/2007,ACY,NJ,AEA,EN,Combined TRACON& Tower with Radar,21,9,40,26,96,0,0,37,7,44,21,9,77,33,140,24,48,72,212
10/18/2007,ACY,NJ,AEA,EN,Combined TRACON& Tower with Radar,43,22,22,53,140,0,0,32,0,32,43,22,54,53,172,114,108,222,394
10/19/2007,ACY,NJ,AEA,EN,Combined TRACON& Tower with Radar,47,23,12,6,88,0,0,0,0,0,47,23,12,6,88,6,30,36,124
10/20/2007,ACY,NJ,AEA,EN,Combined TRACON& Tower with Radar,31,16,80,40,167,0,0,7,8,15,31,16,87,48,182,72,92,164,346
10/21/2007,ACY,NJ,AEA,EN,Combined TRACON& Tower with Radar,48,13,69,0,130,2,18,25,52,97,50,31,94,52,227,74,90,164,391
10/22/2007,ACY,NJ,AEA,EN,Combined TRACON& Tower with Radar,37,11,33,6,87,3,14,33,40,90,40,25,66,46,177,68,102,170,347
10/23/2007,ACY,NJ,AEA,EN,Combined TRACON& Tower with Radar,20,6,42,54,122,0,4,0,0,4,20,10,42,54,126,42,54,96,222
10/24/2007,ACY,NJ,AEA,EN,Combined TRACON& Tower with Radar,30,9,53,47,139,2,9,13,0,24,32,18,66,47,163,12,84,96,259
10/25/2007,ACY,NJ,AEA,EN,Combined TRACON& Tower with Radar,38,23,39,6,106,0,0,0,0,0,38,23,39,6,106,4,4,8,114
10/26/2007,ACY,NJ,AEA,EN,Combined TRACON& Tower with Radar,35,18,62,10,125,0,8,1,0,9,35,26,63,10,134,4,2,6,140
10/27/2007,ACY,NJ,AEA,EN,Combined TRACON& Tower with Radar,34,10,56,0,100,0,14,0,22,36,34,24,56,22,136,2,20,22,158
10/28/2007,ACY,NJ,AEA,EN,Combined TRACON& Tower with Radar,54,22,69,0,145,0,0,46,14,60,54,22,115,14,205,30,0,30,235
10/29/2007,ACY,NJ,AEA,EN,Combined TRACON& Tower with Radar,38,16,54,30,138,0,0,24,14,38,38,16,78,44,176,38,50,88,264
10/30/2007,ACY,NJ,AEA,EN,Combined TRACON& Tower with Radar,38,28,38,62,166,0,0,44,0,44,38,28,82,62,210,64,98,162,372
10/31/2007,ACY,NJ,AEA,EN,Combined TRACON& Tower with Radar,28,13,57,43,141,0,0,44,13,57,28,13,101,56,198,88,76,164,362
11/01/2007,ACY,NJ,AEA,EN,Combined TRACON& Tower with Radar,49,12,35,29,125,0,0,7,14,21,49,12,42,43,146,40,76,116,262
11/02/2007,ACY,NJ,AEA,EN,Combined TRACON& Tower with Radar,38,22,41,10,111,0,0,37,3,40,38,22,78,13,151,22,18,40,191
11/03/2007,ACY,NJ,AEA,EN,Combined TRACON& Tower with Radar,39,13,43,10,105,6,1,0,0,7,45,14,43,10,112,0,10,10,122
11/04/2007,ACY,NJ,AEA,EN,Combined TRACON& Tower with Radar,41,11,56,33,141,5,5,35,0,45,46,16,91,33,186,4,80,84,270
11/05/2007,ACY,NJ,AEA,EN,Combined TRACON& Tower with Radar,31,7,25,30,93,0,0,48,0,48,31,7,73,30,141,44,108,152,293
11/06/2007,ACY,NJ,AEA,EN,Combined TRACON& Tower with Radar,20,15,40,44,119,0,2,18,12,32,20,17,58,56,151,34,116,150,301
11/07/2007,ACY,NJ,AEA,EN,Combined TRACON& Tower with Radar,33,16,44,82,175,0,0,0,0,0,33,16,44,82,175,50,150,200,375
11/08/2007,ACY,NJ,AEA,EN,Combined TRACON& Tower with Radar,31,16,41,52,140,0,0,4,0,4,31,16,45,52,144,36,88,124,268
11/09/2007,ACY,NJ,AEA,EN,Combined TRACON& Tower with Radar,38,16,56,25,135,0,0,0,18,18,38,16,56,43,153,46,56,102,255
11/10/2007,ACY,NJ,AEA,EN,Combined TRACON& Tower with Radar,24,9,34,14,81,0,0,0,6,6,24,9,34,20,87,22,108,130,217
11/11/2007,ACY,NJ,AEA,EN,Combined TRACON& Tower with Radar,47,32,53,0,132,0,0,73,10,83,47,32,126,10,215,10,88,98,313
11/12/2007,ACY,NJ,AEA,EN,Combined TRACON& Tower with Radar,32,4,27,4,67,2,14,9,38,63,34,18,36,42,130,52,42,94,224
11/13/2007,ACY,NJ,AEA,EN,Combined TRACON& Tower with Radar,34,14,64,10,122,0,0,17,11,28,34,14,81,21,150,38,48,86,236
11/14/2007,ACY,NJ,AEA,EN,Combined TRACON& Tower with Radar,20,10,33,45,108,0,0,0,18,18,20,10,33,63,126,44,64,108,234
11/15/2007,ACY,NJ,AEA,EN,Combined TRACON& Tower with Radar,34,13,35,27,109,0,0,13,29,42,34,13,48,56,151,18,94,112,263
11/16/2007,ACY,NJ,AEA,EN,Combined TRACON& Tower with Radar,40,25,44,34,143,0,23,15,36,74,40,48,59,70,217,30,96,126,343
11/17/2007,ACY,NJ,AEA,EN,Combined TRACON& Tower with Radar,44,20,67,41,172,0,0,0,11,11,44,20,67,52,183,56,158,214,397
11/18/2007,ACY,NJ,AEA,EN,Combined TRACON& Tower with Radar,44,15,37,6,102,9,23,20,14,66,53,38,57,20,168,66,114,180,348
11/19/2007,ACY,NJ,AEA,EN,Combined TRACON& Tower with Radar,29,10,17,23,79,0,3,5,22,30,29,13,22,45,109,24,68,92,201
11/20/2007,ACY,NJ,AEA,EN,Combined TRACON& Tower with Radar,34,16,29,41,120,0,0,0,2,2,34,16,29,43,122,70,126,196,318
11/21/2007,ACY,NJ,AEA,EN,Combined TRACON& Tower with Radar,26,16,32,31,105,0,0,16,0,16,26,16,48,31,121,68,44,112,233
11/22/2007,ACY,NJ,AEA,EN,Combined TRACON& Tower with Radar,22,10,14,4,50,0,0,10,0,10,22,10,24,4,60,0,0,0,60
11/23/2007,ACY,NJ,AEA,EN,Combined TRACON& Tower with Radar,41,15,56,0,112,0,0,0,7,7,41,15,56,7,119,0,2,2,121
11/24/2007,ACY,NJ,AEA,EN,Combined TRACON& Tower with Radar,33,11,45,0,89,23,24,66,28,141,56,35,111,28,230,36,46,82,312
11/25/2007,ACY,NJ,AEA,EN,Combined TRACON& Tower with Radar,44,16,63,2,125,0,0,41,14,55,44,16,104,16,180,82,18,100,280
11/26/2007,ACY,NJ,AEA,EN,Combined TRACON& Tower with Radar,27,13,21,0,61,0,6,0,2,8,27,19,21,2,69,0,0,0,69
11/27/2007,ACY,NJ,AEA,EN,Combined TRACON& Tower with Radar,41,14,20,62,137,0,0,18,40,58,41,14,38,102,195,50,104,154,349
11/28/2007,ACY,NJ,AEA,EN,Combined TRACON& Tower with Radar,48,29,48,74,199,0,0,60,0,60,48,29,108,74,259,38,124,162,421
11/29/2007,ACY,NJ,AEA,EN,Combined TRACON& Tower with Radar,32,23,58,67,180,0,2,14,3,19,32,25,72,70,199,26,84,110,309
11/30/2007,ACY,NJ,AEA,EN,Combined TRACON& Tower with Radar,40,22,55,26,143,0,3,23,14,40,40,25,78,40,183,154,160,314,497
12/01/2007,ACY,NJ,AEA,EN,Combined TRACON& Tower with Radar,31,7,33,57,128,29,32,85,0,146,60,39,118,57,274,24,170,194,468
12/02/2007,ACY,NJ,AEA,EN,Combined TRACON& Tower with Radar,42,13,53,2,110,0,2,0,14,16,42,15,53,16,126,0,0,0,126
12/03/2007,ACY,NJ,AEA,EN,Combined TRACON& Tower with Radar,30,8,19,6,63,4,5,15,11,35,34,13,34,17,98,12,26,38,136
12/04/2007,ACY,NJ,AEA,EN,Combined TRACON& Tower with Radar,25,20,38,27,110,0,0,13,49,62,25,20,51,76,172,50,60,110,282
12/05/2007,ACY,NJ,AEA,EN,Combined TRACON& Tower with Radar,25,15,20,11,71,0,0,0,13,13,25,15,20,24,84,0,2,2,86
12/06/2007,ACY,NJ,AEA,EN,Combined TRACON& Tower with Radar,35,17,28,41,121,0,0,8,0,8,35,17,36,41,129,24,52,76,205
12/07/2007,ACY,NJ,AEA,EN,Combined TRACON& Tower with Radar,44,22,41,56,163,0,0,33,1,34,44,22,74,57,197,13,99,112,309
12/08/2007,ACY,NJ,AEA,EN,Combined TRACON& Tower with Radar,34,18,50,28,130,18,7,44,25,94,52,25,94,53,224,4,26,30,254
12/09/2007,ACY,NJ,AEA,EN,Combined TRACON& Tower with Radar,41,24,75,8,148,11,5,28,14,58,52,29,103,22,206,4,0,4,210
12/10/2007,ACY,NJ,AEA,EN,Combined TRACON& Tower with Radar,31,21,30,51,133,0,0,26,0,26,31,21,56,51,159,16,60,76,235
12/11/2007,ACY,NJ,AEA,EN,Combined TRACON& Tower with Radar,23,10,36,44,113,0,0,0,0,0,23,10,36,44,113,14,24,38,151
12/12/2007,ACY,NJ,AEA,EN,Combined TRACON& Tower with Radar,32,15,45,38,130,0,0,0,35,35,32,15,45,73,165,60,144,204,369
12/13/2007,ACY,NJ,AEA,EN,Combined TRACON& Tower with Radar,40,16,27,16,99,0,10,10,22,42,40,26,37,38,141,6,58,64,205
12/14/2007,ACY,NJ,AEA,EN,Combined TRACON& Tower with Radar,35,14,49,21,119,0,0,11,6,17,35,14,60,27,136,2,8,10,146
12/15/2007,ACY,NJ,AEA,EN,Combined TRACON& Tower with Radar,41,22,34,1,98,0,0,45,20,65,41,22,79,21,163,76,24,100,263
12/16/2007,ACY,NJ,AEA,EN,Combined TRACON& Tower with Radar,35,19,21,1,76,0,0,6,19,25,35,19,27,20,101,0,0,0,101
12/17/2007,ACY,NJ,AEA,EN,Combined TRACON& Tower with Radar,33,8,33,13,87,1,25,25,37,88,34,33,58,50,175,48,78,126,301
12/18/2007,ACY,NJ,AEA,EN,Combined TRACON& Tower with Radar,31,15,24,87,157,0,3,52,15,70,31,18,76,102,227,44,156,200,427
12/19/2007,ACY,NJ,AEA,EN,Combined TRACON& Tower with Radar,25,7,27,34,93,0,0,19,0,19,25,7,46,34,112,46,88,134,246
12/20/2007,ACY,NJ,AEA,EN,Combined TRACON& Tower with Radar,31,15,19,30,95,8,2,42,7,59,39,17,61,37,154,48,96,144,298
12/21/2007,ACY,NJ,AEA,EN,Combined TRACON& Tower with Radar,32,8,55,21,116,0,0,6,11,17,32,8,61,32,133,16,10,26,159
12/22/2007,ACY,NJ,AEA,EN,Combined TRACON& Tower with Radar,31,12,46,12,101,8,8,0,0,16,39,20,46,12,117,12,0,12,129
12/23/2007,ACY,NJ,AEA,EN,Combined TRACON& Tower with Radar,30,4,22,10,66,0,0,0,0,0,30,4,22,10,66,0,0,0,66
12/24/2007,ACY,NJ,AEA,EN,Combined TRACON& Tower with Radar,29,1,34,0,64,0,0,0,12,12,29,1,34,12,76,20,20,40,116
12/25/2007,ACY,NJ,AEA,EN,Combined TRACON& Tower with Radar,28,0,15,0,43,4,4,36,9,53,32,4,51,9,96,0,0,0,96
12/26/2007,ACY,NJ,AEA,EN,Combined TRACON& Tower with Radar,32,7,31,4,74,0,0,15,10,25,32,7,46,14,99,0,6,6,105
12/27/2007,ACY,NJ,AEA,EN,Combined TRACON& Tower with Radar,38,8,43,26,115,0,2,15,28,45,38,10,58,54,160,12,70,82,242
12/28/2007,ACY,NJ,AEA,EN,Combined TRACON& Tower with Radar,42,9,53,15,119,7,15,57,5,84,49,24,110,20,203,72,88,160,363
12/29/2007,ACY,NJ,AEA,EN,Combined TRACON& Tower with Radar,46,17,34,0,97,0,11,26,10,47,46,28,60,10,144,84,28,112,256
12/30/2007,ACY,NJ,AEA,EN,Combined TRACON& Tower with Radar,37,18,59,0,114,0,0,6,7,13,37,18,65,7,127,50,8,58,185
12/31/2007,ACY,NJ,AEA,EN,Combined TRACON& Tower with Radar,42,16,34,18,110,0,0,20,11,31,42,16,54,29,141,60,72,132,273
01/01/2008,ACY,NJ,AEA,EN,Combined TRACON& Tower with Radar,37,12,68,0,117,0,12,10,4,26,37,24,78,4,143,6,0,6,149
01/02/2008,ACY,NJ,AEA,EN,Combined TRACON& Tower with Radar,34,5,19,14,72,1,11,33,32,77,35,16,52,46,149,44,10,54,203
01/03/2008,ACY,NJ,AEA,EN,Combined TRACON& Tower with Radar,28,8,15,36,87,6,3,12,20,41,34,11,27,56,128,30,40,70,198
01/04/2008,ACY,NJ,AEA,EN,Combined TRACON& Tower with Radar,40,14,34,66,154,0,0,45,20,65,40,14,79,86,219,52,94,146,365
01/05/2008,ACY,NJ,AEA,EN,Combined TRACON& Tower with Radar,28,4,47,19,98,0,0,61,3,64,28,4,108,22,162,4,18,22,184
01/06/2008,ACY,NJ,AEA,EN,Combined TRACON& Tower with Radar,40,9,52,2,103,6,0,33,9,48,46,9,85,11,151,62,22,84,235
01/07/2008,ACY,NJ,AEA,EN,Combined TRACON& Tower with Radar,37,11,29,52,129,0,0,39,0,39,37,11,68,52,168,82,62,144,312
01/08/2008,ACY,NJ,AEA,EN,Combined TRACON& Tower with Radar,33,9,41,64,147,0,0,53,17,70,33,9,94,81,217,48,88,136,353
01/09/2008,ACY,NJ,AEA,EN,Combined TRACON& Tower with Radar,31,16,29,21,97,0,0,10,72,82,31,16,39,93,179,8,126,134,313
01/10/2008,ACY,NJ,AEA,EN,Combined TRACON& Tower with Radar,27,8,57,62,154,0,2,14,26,42,27,10,71,88,196,36,144,180,376
01/11/2008,ACY,NJ,AEA,EN,Combined TRACON& Tower with Radar,33,7,27,4,71,0,4,9,12,25,33,11,36,16,96,25,66,91,187
01/12/2008,ACY,NJ,AEA,EN,Combined TRACON& Tower with Radar,34,9,51,2,96,0,7,10,31,48,34,16,61,33,144,36,40,76,220
01/13/2008,ACY,NJ,AEA,EN,Combined TRACON& Tower with Radar,36,6,47,10,99,0,0,5,6,11,36,6,52,16,110,32,48,80,190
01/14/2008,ACY,NJ,AEA,EN,Combined TRACON& Tower with Radar,30,15,55,28,128,7,0,5,30,42,37,15,60,58,170,40,136,176,346
01/15/2008,ACY,NJ,AEA,EN,Combined TRACON& Tower with Radar,33,12,45,43,133,0,0,5,0,5,33,12,50,43,138,44,110,154,292
01/16/2008,ACY,NJ,AEA,EN,Combined TRACON& Tower with Radar,29,16,29,57,131,0,0,41,0,41,29,16,70,57,172,20,136,156,328
01/17/2008,ACY,NJ,AEA,EN,Combined TRACON& Tower with Radar,36,13,22,18,89,0,0,20,0,20,36,13,42,18,109,30,30,60,169
01/18/2008,ACY,NJ,AEA,EN,Combined TRACON& Tower with Radar,35,15,48,21,119,2,7,9,18,36,37,22,57,39,155,60,74,134,289
01/19/2008,ACY,NJ,AEA,EN,Combined TRACON& Tower with Radar,32,12,34,24,102,2,2,38,20,62,34,14,72,44,164,86,50,136,300
01/20/2008,ACY,NJ,AEA,EN,Combined TRACON& Tower with Radar,46,16,47,2,111,0,0,0,6,6,46,16,47,8,117,4,6,10,127
01/21/2008,ACY,NJ,AEA,EN,Combined TRACON& Tower with Radar,45,14,54,2,115,0,0,44,8,52,45,14,98,10,167,48,20,68,235
01/22/2008,ACY,NJ,AEA,EN,Combined TRACON& Tower with Radar,33,10,21,51,115,2,0,3,9,14,35,10,24,60,129,20,98,118,247
01/23/2008,ACY,NJ,AEA,EN,Combined TRACON& Tower with Radar,20,14,37,55,126,0,4,11,0,15,20,18,48,55,141,54,160,214,355
01/24/2008,ACY,NJ,AEA,EN,Combined TRACON& Tower with Radar,31,13,32,41,117,0,0,0,0,0,31,13,32,41,117,22,38,60,177
01/25/2008,ACY,NJ,AEA,EN,Combined TRACON& Tower with Radar,35,12,42,29,118,0,0,89,23,112,35,12,131,52,230,96,156,252,482
01/26/2008,ACY,NJ,AEA,EN,Combined TRACON& Tower with Radar,30,18,59,15,122,0,6,21,5,32,30,24,80,20,154,30,40,70,224
01/27/2008,ACY,NJ,AEA,EN,Combined TRACON& Tower with Radar,41,24,64,23,152,0,0,39,18,57,41,24,103,41,209,52,78,130,339
01/28/2008,ACY,NJ,AEA,EN,Combined TRACON& Tower with Radar,49,26,62,29,166,0,0,0,9,9,49,26,62,38,175,104,114,218,393
01/29/2008,ACY,NJ,AEA,EN,Combined TRACON& Tower with Radar,29,9,45,43,126,5,11,6,0,22,34,20,51,43,148,106,76,182,330
01/30/2008,ACY,NJ,AEA,EN,Combined TRACON& Tower with Radar,30,15,35,18,98,0,9,5,17,31,30,24,40,35,129,30,63,93,222
01/31/2008,ACY,NJ,AEA,EN,Combined TRACON& Tower with Radar,36,10,54,46,146,32,32,50,0,114,68,42,104,46,260,132,74,206,466
02/01/2008,ACY,NJ,AEA,EN,Combined TRACON& Tower with Radar,36,11,21,3,71,0,0,0,1,1,36,11,21,4,72,0,10,10,82
02/02/2008,ACY,NJ,AEA,EN,Combined TRACON& Tower with Radar,41,20,35,29,125,0,0,57,0,57,41,20,92,29,182,31,68,99,281
02/03/2008,ACY,NJ,AEA,EN,Combined TRACON& Tower with Radar,23,10,33,10,76,0,5,0,0,5,23,15,33,10,81,40,40,80,161
02/04/2008,ACY,NJ,AEA,EN,Combined TRACON& Tower with Radar,29,4,34,31,98,0,2,27,1,30,29,6,61,32,128,14,52,66,194
02/05/2008,ACY,NJ,AEA,EN,Combined TRACON& Tower with Radar,31,7,39,69,146,16,0,0,0,16,47,7,39,69,162,22,96,118,280
02/06/2008,ACY,NJ,AEA,EN,Combined TRACON& Tower with Radar,24,12,26,30,92,0,0,2,8,10,24,12,28,38,102,0,12,12,114
02/07/2008,ACY,NJ,AEA,EN,Combined TRACON& Tower with Radar,44,32,65,50,191,0,0,0,0,0,44,32,65,50,191,60,141,201,392
02/08/2008,ACY,NJ,AEA,EN,Combined TRACON& Tower with Radar,46,28,49,35,158,0,0,57,30,87,46,28,106,65,245,142,114,256,501
02/09/2008,ACY,NJ,AEA,EN,Combined TRACON& Tower with Radar,45,15,47,54,161,0,17,21,8,46,45,32,68,62,207,68,88,156,363
02/10/2008,ACY,NJ,AEA,EN,Combined TRACON& Tower with Radar,50,12,43,6,111,0,0,0,1,1,50,12,43,7,112,0,0,0,112
02/11/2008,ACY,NJ,AEA,EN,Combined TRACON& Tower with Radar,48,18,28,85,179,0,0,0,21,21,48,18,28,106,200,36,30,66,266
02/12/2008,ACY,NJ,AEA,EN,Combined TRACON& Tower with Radar,30,11,35,29,105,4,0,10,16,30,34,11,45,45,135,36,72,108,243
02/13/2008,ACY,NJ,AEA,EN,Combined TRACON& Tower with Radar,28,7,24,18,77,0,10,9,0,19,28,17,33,18,96,14,12,26,122
02/14/2008,ACY,NJ,AEA,EN,Combined TRACON& Tower with Radar,33,12,28,29,102,0,1,54,35,90,33,13,82,64,192,46,84,130,322
02/15/2008,ACY,NJ,AEA,EN,Combined TRACON& Tower with Radar,32,7,51,6,96,0,6,10,27,43,32,13,61,33,139,22,44,66,205
02/16/2008,ACY,NJ,AEA,EN,Combined TRACON& Tower with Radar,53,26,50,0,129,0,0,50,24,74,53,26,100,24,203,32,32,64,267
02/17/2008,ACY,NJ,AEA,EN,Combined TRACON& Tower with Radar,47,13,47,0,107,0,1,32,7,40,47,14,79,7,147,56,16,72,219
02/18/2008,ACY,NJ,AEA,EN,Combined TRACON& Tower with Radar,30,8,18,1,57,0,0,0,0,0,30,8,18,1,57,0,0,0,57
02/19/2008,ACY,NJ,AEA,EN,Combined TRACON& Tower with Radar,36,9,23,25,93,0,0,22,0,22,36,9,45,25,115,10,88,98,213
02/20/2008,ACY,NJ,AEA,EN,Combined TRACON& Tower with Radar,30,14,19,34,97,0,0,9,0,9,30,14,28,34,106,0,18,18,124
02/21/2008,ACY,NJ,AEA,EN,Combined TRACON& Tower with Radar,51,17,45,83,196,0,1,37,16,54,51,18,82,99,250,66,200,266,516
02/22/2008,ACY,NJ,AEA,EN,Combined TRACON& Tower with Radar,51,16,14,0,81,0,0,0,0,0,51,16,14,0,81,4,26,30,111
02/23/2008,ACY,NJ,AEA,EN,Combined TRACON& Tower with Radar,35,7,17,0,59,4,0,0,0,4,39,7,17,0,63,0,0,0,63
02/24/2008,ACY,NJ,AEA,EN,Combined TRACON& Tower with Radar,43,14,36,0,93,0,8,34,28,70,43,22,70,28,163,12,0,12,175
02/25/2008,ACY,NJ,AEA,EN,Combined TRACON& Tower with Radar,38,14,35,29,116,0,0,16,33,49,38,14,51,62,165,36,116,152,317
02/26/2008,ACY,NJ,AEA,EN,Combined TRACON& Tower with Radar,35,4,29,52,120,0,6,0,0,6,35,10,29,52,126,12,58,70,196
02/27/2008,ACY,NJ,AEA,EN,Combined TRACON& Tower with Radar,45,11,13,71,140,0,0,9,25,34,45,11,22,96,174,14,56,70,244
02/28/2008,ACY,NJ,AEA,EN,Combined TRACON& Tower with Radar,49,22,41,43,155,0,0,16,7,23,49,22,57,50,178,32,58,90,268
02/29/2008,ACY,NJ,AEA,EN,Combined TRACON& Tower with Radar,30,17,64,55,166,0,3,13,2,18,30,20,77,57,184,80,106,186,370
03/01/2008,ACY,NJ,AEA,EN,Combined TRACON& Tower with Radar,37,10,40,23,110,0,1,16,9,26,37,11,56,32,136,36,28,64,200
03/02/2008,ACY,NJ,AEA,EN,Combined TRACON& Tower with Radar,38,17,62,0,117,0,0,34,48,82,38,17,96,48,199,28,56,84,283
03/03/2008,ACY,NJ,AEA,EN,Combined TRACON& Tower with Radar,42,8,17,42,109,0,0,19,0,19,42,8,36,42,128,28,86,114,242
03/04/2008,ACY,NJ,AEA,EN,Combined TRACON& Tower with Radar,41,15,29,65,150,0,0,9,10,19,41,15,38,75,169,4,90,94,263
03/05/2008,ACY,NJ,AEA,EN,Combined TRACON& Tower with Radar,36,10,24,38,108,0,0,7,2,9,36,10,31,40,117,14,100,114,231
03/06/2008,ACY,NJ,AEA,EN,Combined TRACON& Tower with Radar,37,15,32,90,174,0,0,46,39,85,37,15,78,129,259,82,168,250,509
03/07/2008,ACY,NJ,AEA,EN,Combined TRACON& Tower with Radar,49,22,64,62,197,0,0,11,0,11,49,22,75,62,208,4,20,24,232
03/08/2008,ACY,NJ,AEA,EN,Combined TRACON& Tower with Radar,48,7,13,4,72,0,3,1,2,6,48,10,14,6,78,0,0,0,78
03/09/2008,ACY,NJ,AEA,EN,Combined TRACON& Tower with Radar,50,25,45,16,136,0,0,5,9,14,50,25,50,25,150,30,34,64,214
03/10/2008,ACY,NJ,AEA,EN,Combined TRACON& Tower with Radar,38,7,28,50,123,0,11,26,0,37,38,18,54,50,160,46,60,106,266
03/11/2008,ACY,NJ,AEA,EN,Combined TRACON& Tower with Radar,41,14,43,65,163,0,0,1,0,1,41,14,44,65,164,82,84,166,330
03/12/2008,ACY,NJ,AEA,EN,Combined TRACON& Tower with Radar,33,12,34,35,114,1,0,27,0,28,34,12,61,35,142,8,72,80,222
03/13/2008,ACY,NJ,AEA,EN,Combined TRACON& Tower with Radar,33,17,48,41,139,0,0,0,0,0,33,17,48,41,139,48,68,116,255
03/14/2008,ACY,NJ,AEA,EN,Combined TRACON& Tower with Radar,52,21,60,9,142,0,4,41,23,68,52,25,101,32,210,82,50,132,342
03/15/2008,ACY,NJ,AEA,EN,Combined TRACON& Tower with Radar,39,7,35,0,81,0,0,17,5,22,39,7,52,5,103,4,0,4,107
03/16/2008,ACY,NJ,AEA,EN,Combined TRACON& Tower with Radar,45,20,36,0,101,0,0,10,8,18,45,20,46,8,119,14,56,70,189
03/17/2008,ACY,NJ,AEA,EN,Combined TRACON& Tower with Radar,37,7,22,72,138,0,0,34,0,34,37,7,56,72,172,18,42,60,232
03/18/2008,ACY,NJ,AEA,EN,Combined TRACON& Tower with Radar,39,13,35,33,120,0,0,18,0,18,39,13,53,33,138,48,94,142,280
03/19/2008,ACY,NJ,AEA,EN,Combined TRACON& Tower with Radar,46,24,37,13,120,0,0,9,19,28,46,24,46,32,148,44,28,72,220
03/20/2008,ACY,NJ,AEA,EN,Combined TRACON& Tower with Radar,38,16,25,27,106,0,0,6,21,27,38,16,31,48,133,0,120,120,253
03/21/2008,ACY,NJ,AEA,EN,Combined TRACON& Tower with Radar,33,10,28,29,100,0,2,16,21,39,33,12,44,50,139,30,34,64,203
03/22/2008,ACY,NJ,AEA,EN,Combined TRACON& Tower with Radar,26,3,44,15,88,0,7,34,25,66,26,10,78,40,154,25,29,54,208
03/23/2008,ACY,NJ,AEA,EN,Combined TRACON& Tower with Radar,30,10,27,2,69,0,2,35,12,49,30,12,62,14,118,4,0,4,122
03/24/2008,ACY,NJ,AEA,EN,Combined TRACON& Tower with Radar,33,6,33,11,83,0,1,17,10,28,33,7,50,21,111,16,44,60,171
03/25/2008,ACY,NJ,AEA,EN,Combined TRACON& Tower with Radar,33,8,19,83,143,0,0,32,20,52,33,8,51,103,195,34,88,122,317
03/26/2008,ACY,NJ,AEA,EN,Combined TRACON& Tower with Radar,40,10,37,27,114,0,0,0,0,0,40,10,37,27,114,70,48,118,232
03/27/2008,ACY,NJ,AEA,EN,Combined TRACON& Tower with Radar,48,18,42,38,146,0,3,31,30,64,48,21,73,68,210,56,98,154,364
03/28/2008,ACY,NJ,AEA,EN,Combined TRACON& Tower with Radar,44,22,39,32,137,0,0,39,17,56,44,22,78,49,193,55,82,137,330
03/29/2008,ACY,NJ,AEA,EN,Combined TRACON& Tower with Radar,30,11,29,50,120,0,4,31,0,35,30,15,60,50,155,42,42,84,239
03/30/2008,ACY,NJ,AEA,EN,Combined TRACON& Tower with Radar,45,15,65,5,130,0,0,43,15,58,45,15,108,20,188,44,50,94,282
03/31/2008,ACY,NJ,AEA,EN,Combined TRACON& Tower with Radar,37,17,40,52,146,0,0,16,0,16,37,17,56,52,162,18,62,80,242
04/01/2008,ACY,NJ,AEA,EN,Combined TRACON& Tower with Radar,33,10,38,39,120,0,0,4,5,9,33,10,42,44,129,8,50,58,187
04/02/2008,ACY,NJ,AEA,EN,Combined TRACON& Tower with Radar,53,24,89,40,206,0,0,0,0,0,53,24,89,40,206,102,168,270,476
04/03/2008,ACY,NJ,AEA,EN,Combined TRACON& Tower with Radar,33,25,26,70,154,0,0,50,0,50,33,25,76,70,204,66,178,244,448
04/04/2008,ACY,NJ,AEA,EN,Combined TRACON& Tower with Radar,41,7,70,42,160,8,23,4,42,77,49,30,74,84,237,42,98,140,377
04/05/2008,ACY,NJ,AEA,EN,Combined TRACON& Tower with Radar,46,13,47,49,155,0,0,25,13,38,46,13,72,62,193,4,34,38,231
04/06/2008,ACY,NJ,AEA,EN,Combined TRACON& Tower with Radar,41,16,36,7,100,0,0,6,13,19,41,16,42,20,119,40,60,100,219
04/07/2008,ACY,NJ,AEA,EN,Combined TRACON& Tower with Radar,32,6,33,29,100,0,0,14,0,14,32,6,47,29,114,6,18,24,138
04/08/2008,ACY,NJ,AEA,EN,Combined TRACON& Tower with Radar,38,9,39,53,139,0,0,0,0,0,38,9,39,53,139,12,74,86,225
04/09/2008,ACY,NJ,AEA,EN,Combined TRACON& Tower with Radar,30,9,27,26,92,0,0,0,0,0,30,9,27,26,92,2,24,26,118
04/10/2008,ACY,NJ,AEA,EN,Combined TRACON& Tower with Radar,39,20,55,52,166,0,0,0,0,0,39,20,55,52,166,26,60,86,252
04/11/2008,ACY,NJ,AEA,EN,Combined TRACON& Tower with Radar,51,16,42,10,119,0,0,0,14,14,51,16,42,24,133,18,40,58,191
04/12/2008,ACY,NJ,AEA,EN,Combined TRACON& Tower with Radar,39,8,40,20,107,0,2,9,0,11,39,10,49,20,118,62,8,70,188
04/13/2008,ACY,NJ,AEA,EN,Combined TRACON& Tower with Radar,44,31,61,0,136,0,0,33,32,65,44,31,94,32,201,61,44,105,306
04/14/2008,ACY,NJ,AEA,EN,Combined TRACON& Tower with Radar,33,13,31,42,119,0,0,40,0,40,33,13,71,42,159,16,80,96,255
04/15/2008,ACY,NJ,AEA,EN,Combined TRACON& Tower with Radar,26,12,40,62,140,0,0,26,0,26,26,12,66,62,166,90,72,162,328
04/16/2008,ACY,NJ,AEA,EN,Combined TRACON& Tower with Radar,30,15,35,46,126,0,0,25,0,25,30,15,60,46,151,17,104,121,272
04/17/2008,ACY,NJ,AEA,EN,Combined TRACON& Tower with Radar,30,7,55,30,122,1,0,77,13,91,31,7,132,43,213,48,63,111,324
04/18/2008,ACY,NJ,AEA,EN,Combined TRACON& Tower with Radar,32,7,48,74,161,0,3,50,35,88,32,10,98,109,249,40,200,240,489
04/19/2008,ACY,NJ,AEA,EN,Combined TRACON& Tower with Radar,37,12,43,13,105,0,0,62,26,88,37,12,105,39,193,26,46,72,265
04/20/2008,ACY,NJ,AEA,EN,Combined TRACON& Tower with Radar,36,14,40,1,91,0,0,34,39,73,36,14,74,40,164,40,80,120,284
04/21/2008,ACY,NJ,AEA,EN,Combined TRACON& Tower with Radar,35,15,34,23,107,0,0,6,27,33,35,15,40,50,140,26,64,90,230
04/22/2008,ACY,NJ,AEA,EN,Combined TRACON& Tower with Radar,32,17,64,57,170,0,0,15,0,15,32,17,79,57,185,92,66,158,343
04/23/2008,ACY,NJ,AEA,EN,Combined TRACON& Tower with Radar,31,18,50,52,151,0,0,26,76,102,31,18,76,128,253,84,120,204,457
04/24/2008,ACY,NJ,AEA,EN,Combined TRACON& Tower with Radar,41,22,100,106,269,0,0,0,0,0,41,22,100,106,269,66,98,164,433
04/25/2008,ACY,NJ,AEA,EN,Combined TRACON& Tower with Radar,28,15,46,21,110,0,1,30,29,60,28,16,76,50,170,14,42,56,226
04/26/2008,ACY,NJ,AEA,EN,Combined TRACON& Tower with Radar,28,3,56,6,93,0,5,0,1,6,28,8,56,7,99,10,0,10,109
04/27/2008,ACY,NJ,AEA,EN,Combined TRACON& Tower with Radar,41,13,51,1,106,0,0,0,14,14,41,13,51,15,120,68,24,92,212
04/28/2008,ACY,NJ,AEA,EN,Combined TRACON& Tower with Radar,42,8,32,5,87,0,1,0,0,1,42,9,32,5,88,0,2,2,90
04/29/2008,ACY,NJ,AEA,EN,Combined TRACON& Tower with Radar,26,6,39,36,107,4,0,35,51,90,30,6,74,87,197,22,162,184,381
04/30/2008,ACY,NJ,AEA,EN,Combined TRACON& Tower with Radar,32,9,39,21,101,1,0,15,5,21,33,9,54,26,122,2,24,26,148
05/01/2008,ACY,NJ,AEA,EN,Combined TRACON& Tower with Radar,23,8,49,57,137,0,0,17,9,26,23,8,66,66,163,2,80,82,245
05/02/2008,ACY,NJ,AEA,EN,Combined TRACON& Tower with Radar,40,23,41,5,109,0,0,21,14,35,40,23,62,19,144,26,44,70,214
05/03/2008,ACY,NJ,AEA,EN,Combined TRACON& Tower with Radar,42,15,64,27,148,0,0,0,5,5,42,15,64,32,153,12,14,26,179
05/04/2008,ACY,NJ,AEA,EN,Combined TRACON& Tower with Radar,60,35,77,12,184,0,0,5,24,29,60,35,82,36,213,86,42,128,341
05/05/2008,ACY,NJ,AEA,EN,Combined TRACON& Tower with Radar,25,4,32,24,85,0,6,31,33,70,25,10,63,57,155,38,52,90,245
05/06/2008,ACY,NJ,AEA,EN,Combined TRACON& Tower with Radar,22,11,45,32,110,0,2,4,0,6,22,13,49,32,116,40,80,120,236
05/07/2008,ACY,NJ,AEA,EN,Combined TRACON& Tower with Radar,24,12,25,34,95,0,0,21,3,24,24,12,46,37,119,10,61,71,190
05/08/2008,ACY,NJ,AEA,EN,Combined TRACON& Tower with Radar,27,14,31,49,121,0,0,11,6,17,27,14,42,55,138,16,42,58,196
05/09/2008,ACY,NJ,AEA,EN,Combined TRACON& Tower with Radar,38,21,39,0,98,0,0,13,14,27,38,21,52,14,125,2,14,16,141
05/10/2008,ACY,NJ,AEA,EN,Combined TRACON& Tower with Radar,42,15,46,24,127,0,0,18,4,22,42,15,64,28,149,6,8,14,163
05/11/2008,ACY,NJ,AEA,EN,Combined TRACON& Tower with Radar,43,9,45,1,98,0,0,30,3,33,43,9,75,4,131,76,14,90,221
05/12/2008,ACY,NJ,AEA,EN,Combined TRACON& Tower with Radar,34,6,14,1,55,0,0,34,11,45,34,6,48,12,100,0,0,0,100
05/13/2008,ACY,NJ,AEA,EN,Combined TRACON& Tower with Radar,29,5,36,59,129,0,0,36,12,48,29,5,72,71,177,20,66,86,263
05/14/2008,ACY,NJ,AEA,EN,Combined TRACON& Tower with Radar,33,9,47,80,169,0,1,70,27,98,33,10,117,107,267,24,72,96,363
05/15/2008,ACY,NJ,AEA,EN,Combined TRACON& Tower with Radar,40,18,41,36,135,0,0,13,24,37,40,18,54,60,172,18,60,78,250
05/16/2008,ACY,NJ,AEA,EN,Combined TRACON& Tower with Radar,37,23,50,4,114,0,0,4,0,4,37,23,54,4,118,2,8,10,128
05/17/2008,ACY,NJ,AEA,EN,Combined TRACON& Tower with Radar,39,7,62,48,156,0,0,0,0,0,39,7,62,48,156,38,10,48,204
05/18/2008,ACY,NJ,AEA,EN,Combined TRACON& Tower with Radar,45,10,67,25,147,9,12,4,0,25,54,22,71,25,172,52,26,78,250
05/19/2008,ACY,NJ,AEA,EN,Combined TRACON& Tower with Radar,33,17,21,22,93,0,0,14,0,14,33,17,35,22,107,12,62,74,181
05/20/2008,ACY,NJ,AEA,EN,Combined TRACON& Tower with Radar,34,15,50,1,100,0,0,24,22,46,34,15,74,23,146,12,26,38,184
05/21/2008,ACY,NJ,AEA,EN,Combined TRACON& Tower with Radar,29,11,37,41,118,0,0,18,10,28,29,11,55,51,146,24,54,78,224
05/22/2008,ACY,NJ,AEA,EN,Combined TRACON& Tower with Radar,33,14,29,31,107,0,0,0,6,6,33,14,29,37,113,8,32,40,153
05/23/2008,ACY,NJ,AEA,EN,Combined TRACON& Tower with Radar,36,20,64,24,144,0,1,42,22,65,36,21,106,46,209,28,38,66,275
05/24/2008,ACY,NJ,AEA,EN,Combined TRACON& Tower with Radar,36,14,39,3,92,4,24,65,31,124,40,38,104,34,216,78,18,96,312
05/25/2008,ACY,NJ,AEA,EN,Combined TRACON& Tower with Radar,35,11,47,0,93,0,0,39,6,45,35,11,86,6,138,16,0,16,154
05/26/2008,ACY,NJ,AEA,EN,Combined TRACON& Tower with Radar,30,11,48,2,91,0,0,44,14,58,30,11,92,16,149,64,28,92,241
05/27/2008,ACY,NJ,AEA,EN,Combined TRACON& Tower with Radar,32,11,39,20,102,0,0,15,31,46,32,11,54,51,148,16,40,56,204
05/28/2008,ACY,NJ,AEA,EN,Combined TRACON& Tower with Radar,25,7,29,37,98,12,10,38,4,64,37,17,67,41,162,58,52,110,272
05/29/2008,ACY,NJ,AEA,EN,Combined TRACON& Tower with Radar,33,15,56,29,133,0,0,26,0,26,33,15,82,29,159,56,48,104,263
05/30/2008,ACY,NJ,AEA,EN,Combined TRACON& Tower with Radar,29,9,67,26,131,3,2,43,11,59,32,11,110,37,190,24,38,62,252
05/31/2008,ACY,NJ,AEA,EN,Combined TRACON& Tower with Radar,38,11,26,0,75,0,0,0,5,5,38,11,26,5,80,52,50,102,182
06/01/2008,ACY,NJ,AEA,EN,Combined TRACON& Tower with Radar,33,7,41,2,83,0,0,17,0,17,33,7,58,2,100,8,0,8,108
06/02/2008,ACY,NJ,AEA,EN,Combined TRACON& Tower with Radar,32,10,27,54,123,0,0,59,0,59,32,10,86,54,182,60,94,154,336
06/03/2008,ACY,NJ,AEA,EN,Combined TRACON& Tower with Radar,23,8,33,58,122,0,0,25,0,25,23,8,58,58,147,18,24,42,189
06/04/2008,ACY,NJ,AEA,EN,Combined TRACON& Tower with Radar,22,8,33,8,71,0,9,2,22,33,22,17,35,30,104,12,16,28,132
06/05/2008,ACY,NJ,AEA,EN,Combined TRACON& Tower with Radar,31,11,42,66,150,2,5,0,24,31,33,16,42,90,181,10,92,102,283
06/06/2008,ACY,NJ,AEA,EN,Combined TRACON& Tower with Radar,36,10,66,4,116,0,0,14,16,30,36,10,80,20,146,6,40,46,192
06/07/2008,ACY,NJ,AEA,EN,Combined TRACON& Tower with Radar,28,7,44,7,86,0,0,6,6,12,28,7,50,13,98,10,0,10,108
06/08/2008,ACY,NJ,AEA,EN,Combined TRACON& Tower with Radar,32,9,72,5,118,0,5,16,7,28,32,14,88,12,146,10,2,12,158
06/09/2008,ACY,NJ,AEA,EN,Combined TRACON& Tower with Radar,33,10,45,66,154,0,5,33,24,62,33,15,78,90,216,36,60,96,312
06/10/2008,ACY,NJ,AEA,EN,Combined TRACON& Tower with Radar,28,9,37,45,119,0,0,33,3,36,28,9,70,48,155,34,31,65,220
06/11/2008,ACY,NJ,AEA,EN,Combined TRACON& Tower with Radar,47,30,49,51,177,0,0,26,10,36,47,30,75,61,213,40,62,102,315
06/12/2008,ACY,NJ,AEA,EN,Combined TRACON& Tower with Radar,30,15,31,28,104,0,0,29,16,45,30,15,60,44,149,80,66,146,295
06/13/2008,ACY,NJ,AEA,EN,Combined TRACON& Tower with Radar,40,20,42,31,133,0,0,33,0,33,40,20,75,31,166,104,20,124,290
06/14/2008,ACY,NJ,AEA,EN,Combined TRACON& Tower with Radar,36,6,37,18,97,1,14,38,0,53,37,20,75,18,150,74,24,98,248
06/15/2008,ACY,NJ,AEA,EN,Combined TRACON& Tower with Radar,52,13,50,4,119,0,4,27,12,43,52,17,77,16,162,77,60,137,299
06/16/2008,ACY,NJ,AEA,EN,Combined TRACON& Tower with Radar,29,7,35,6,77,0,7,22,13,42,29,14,57,19,119,10,24,34,153
06/17/2008,ACY,NJ,AEA,EN,Combined TRACON& Tower with Radar,35,6,47,34,122,4,0,22,0,26,39,6,69,34,148,20,68,88,236
06/18/2008,ACY,NJ,AEA,EN,Combined TRACON& Tower with Radar,33,14,34,33,114,0,0,33,27,60,33,14,67,60,174,50,76,126,300
06/19/2008,ACY,NJ,AEA,EN,Combined TRACON& Tower with Radar,46,23,61,26,156,2,1,56,44,103,48,24,117,70,259,40,60,100,359
06/20/2008,ACY,NJ,AEA,EN,Combined TRACON& Tower with Radar,36,22,56,41,155,0,0,55,0,55,36,22,111,41,210,10,38,48,258
06/21/2008,ACY,NJ,AEA,EN,Combined TRACON& Tower with Radar,37,13,41,45,136,0,0,44,53,97,37,13,85,98,233,32,110,142,375
06/22/2008,ACY,NJ,AEA,EN,Combined TRACON& Tower with Radar,37,20,62,50,169,0,7,13,0,20,37,27,75,50,189,22,110,132,321
06/23/2008,ACY,NJ,AEA,EN,Combined TRACON& Tower with Radar,29,11,49,2,91,0,0,11,12,23,29,11,60,14,114,22,32,54,168
06/24/2008,ACY,NJ,AEA,EN,Combined TRACON& Tower with Radar,34,18,47,56,155,0,0,22,8,30,34,18,69,64,185,14,72,86,271
06/25/2008,ACY,NJ,AEA,EN,Combined TRACON& Tower with Radar,27,9,77,32,145,10,8,65,32,115,37,17,142,64,260,88,122,210,470
06/26/2008,ACY,NJ,AEA,EN,Combined TRACON& Tower with Radar,38,20,59,58,175,0,0,60,28,88,38,20,119,86,263,10,38,48,311
06/27/2008,ACY,NJ,AEA,EN,Combined TRACON& Tower with Radar,32,18,69,59,178,0,0,40,6,46,32,18,109,65,224,40,40,80,304
06/28/2008,ACY,NJ,AEA,EN,Combined TRACON& Tower with Radar,0,0,38,18,56,0,16,26,0,42,0,16,64,18,98,0,36,36,134
06/29/2008,ACY,NJ,AEA,EN,Combined TRACON& Tower with Radar,38,3,42,0,83,0,5,40,3,48,38,8,82,3,131,26,2,28,159
06/30/2008,ACY,NJ,AEA,EN,Combined TRACON& Tower with Radar,26,15,46,38,125,0,0,6,0,6,26,15,52,38,131,22,46,68,199
07/01/2008,ACY,NJ,AEA,EN,Combined TRACON& Tower with Radar,26,6,50,30,112,0,0,35,21,56,26,6,85,51,168,86,172,258,426
07/02/2008,ACY,NJ,AEA,EN,Combined TRACON& Tower with Radar,20,14,46,36,116,0,1,67,18,86,20,15,113,54,202,92,126,218,420
07/03/2008,ACY,NJ,AEA,EN,Combined TRACON& Tower with Radar,23,12,47,16,98,0,1,61,10,72,23,13,108,26,170,122,52,174,344
07/04/2008,ACY,NJ,AEA,EN,Combined TRACON& Tower with Radar,27,1,38,0,66,1,0,23,3,27,28,1,61,3,93,108,14,122,215
07/05/2008,ACY,NJ,AEA,EN,Combined TRACON& Tower with Radar,28,1,29,0,58,0,2,8,2,12,28,3,37,2,70,2,6,8,78
07/06/2008,ACY,NJ,AEA,EN,Combined TRACON& Tower with Radar,33,5,55,3,96,0,0,8,2,10,33,5,63,5,106,0,14,14,120
07/07/2008,ACY,NJ,AEA,EN,Combined TRACON& Tower with Radar,24,8,43,39,114,0,0,17,9,26,24,8,60,48,140,54,115,169,309
07/08/2008,ACY,NJ,AEA,EN,Combined TRACON& Tower with Radar,26,9,29,30,94,0,0,31,22,53,26,9,60,52,147,89,100,189,336
07/09/2008,ACY,NJ,AEA,EN,Combined TRACON& Tower with Radar,19,19,35,32,105,0,0,31,11,42,19,19,66,43,147,44,83,127,274
07/10/2008,ACY,NJ,AEA,EN,Combined TRACON& Tower with Radar,28,11,63,44,146,1,4,71,22,98,29,15,134,66,244,16,30,46,290
07/11/2008,ACY,NJ,AEA,EN,Combined TRACON& Tower with Radar,29,10,60,15,114,0,2,26,13,41,29,12,86,28,155,48,30,78,233
07/12/2008,ACY,NJ,AEA,EN,Combined TRACON& Tower with Radar,29,3,54,2,88,0,4,38,6,48,29,7,92,8,136,24,0,24,160
07/13/2008,ACY,NJ,AEA,EN,Combined TRACON& Tower with Radar,37,4,58,1,100,0,2,51,6,59,37,6,109,7,159,10,8,18,177
07/14/2008,ACY,NJ,AEA,EN,Combined TRACON& Tower with Radar,33,6,34,26,99,1,0,16,14,31,34,6,50,40,130,54,68,122,252
07/15/2008,ACY,NJ,AEA,EN,Combined TRACON& Tower with Radar,37,14,26,19,96,0,0,37,11,48,37,14,63,30,144,26,24,50,194
07/16/2008,ACY,NJ,AEA,EN,Combined TRACON& Tower with Radar,25,9,38,22,94,1,3,65,8,77,26,12,103,30,171,58,84,142,313
07/17/2008,ACY,NJ,AEA,EN,Combined TRACON& Tower with Radar,33,9,47,29,118,0,1,57,28,86,33,10,104,57,204,74,106,180,384
07/18/2008,ACY,NJ,AEA,EN,Combined TRACON& Tower with Radar,31,14,61,36,142,0,3,55,14,72,31,17,116,50,214,90,118,208,422
07/19/2008,ACY,NJ,AEA,EN,Combined TRACON& Tower with Radar,34,5,38,17,94,0,7,67,6,80,34,12,105,23,174,0,0,0,174
07/20/2008,ACY,NJ,AEA,EN,Combined TRACON& Tower with Radar,38,22,72,1,133,0,0,23,2,25,38,22,95,3,158,0,0,0,158
07/21/2008,ACY,NJ,AEA,EN,Combined TRACON& Tower with Radar,32,4,37,45,118,0,4,62,12,78,32,8,99,57,196,46,120,166,362
07/22/2008,ACY,NJ,AEA,EN,Combined TRACON& Tower with Radar,32,10,44,56,142,0,0,45,20,65,32,10,89,76,207,110,68,178,385
07/23/2008,ACY,NJ,AEA,EN,Combined TRACON& Tower with Radar,33,17,45,44,139,0,0,8,8,16,33,17,53,52,155,18,68,86,241
07/24/2008,ACY,NJ,AEA,EN,Combined TRACON& Tower with Radar,48,18,46,39,151,0,0,25,12,37,48,18,71,51,188,8,50,58,246
07/25/2008,ACY,NJ,AEA,EN,Combined TRACON& Tower with Radar,31,14,69,0,114,0,0,66,16,82,31,14,135,16,196,0,0,0,196
07/26/2008,ACY,NJ,AEA,EN,Combined TRACON& Tower with Radar,18,6,42,0,66,1,1,51,9,62,19,7,93,9,128,4,0,4,132
07/27/2008,ACY,NJ,AEA,EN,Combined TRACON& Tower with Radar,36,14,57,1,108,0,2,19,5,26,36,16,76,6,134,0,0,0,134
07/28/2008,ACY,NJ,AEA,EN,Combined TRACON& Tower with Radar,29,2,47,47,125,0,2,30,18,50,29,4,77,65,175,30,124,154,329
07/29/2008,ACY,NJ,AEA,EN,Combined TRACON& Tower with Radar,22,11,35,22,90,0,2,45,26,73,22,13,80,48,163,24,130,154,317
07/30/2008,ACY,NJ,AEA,EN,Combined TRACON& Tower with Radar,30,9,62,18,119,0,0,15,17,32,30,9,77,35,151,24,76,100,251
07/31/2008,ACY,NJ,AEA,EN,Combined TRACON& Tower with Radar,42,12,32,59,145,0,3,33,24,60,42,15,65,83,205,4,164,168,373
08/01/2008,ACY,NJ,AEA,EN,Combined TRACON& Tower with Radar,30,11,50,46,137,0,7,65,6,78,30,18,115,52,215,32,28,60,275
08/02/2008,ACY,NJ,AEA,EN,Combined TRACON& Tower with Radar,27,3,37,0,67,0,0,17,9,26,27,3,54,9,93,0,0,0,93
08/03/2008,ACY,NJ,AEA,EN,Combined TRACON& Tower with Radar,33,8,52,0,93,0,0,73,10,83,33,8,125,10,176,74,4,78,254
08/04/2008,ACY,NJ,AEA,EN,Combined TRACON& Tower with Radar,20,7,33,48,108,0,3,33,11,47,20,10,66,59,155,6,64,70,225
08/05/2008,ACY,NJ,AEA,EN,Combined TRACON& Tower with Radar,24,6,38,11,79,0,6,34,21,61,24,12,72,32,140,10,74,84,224
08/06/2008,ACY,NJ,AEA,EN,Combined TRACON& Tower with Radar,21,11,35,41,108,0,0,28,36,64,21,11,63,77,172,9,128,137,309
08/07/2008,ACY,NJ,AEA,EN,Combined TRACON& Tower with Radar,26,16,44,26,112,0,3,30,49,82,26,19,74,75,194,88,109,197,391
08/08/2008,ACY,NJ,AEA,EN,Combined TRACON& Tower with Radar,27,22,69,29,147,0,2,46,13,61,27,24,115,42,208,0,0,0,208
08/09/2008,ACY,NJ,AEA,EN,Combined TRACON& Tower with Radar,28,6,51,1,86,2,0,80,3,85,30,6,131,4,171,8,0,8,179
08/10/2008,ACY,NJ,AEA,EN,Combined TRACON& Tower with Radar,39,6,51,2,98,0,0,28,3,31,39,6,79,5,129,0,0,0,129
08/11/2008,ACY,NJ,AEA,EN,Combined TRACON& Tower with Radar,22,5,30,19,76,0,0,52,39,91,22,5,82,58,167,84,84,168,335
08/12/2008,ACY,NJ,AEA,EN,Combined TRACON& Tower with Radar,20,12,41,57,130,0,0,59,51,110,20,12,100,108,240,53,98,151,391
08/13/2008,ACY,NJ,AEA,EN,Combined TRACON& Tower with Radar,19,7,43,38,107,0,1,68,50,119,19,8,111,88,226,103,182,285,511
08/14/2008,ACY,NJ,AEA,EN,Combined TRACON& Tower with Radar,36,11,44,22,113,0,0,21,26,47,36,11,65,48,160,0,6,6,166
08/15/2008,ACY,NJ,AEA,EN,Combined TRACON& Tower with Radar,29,9,48,52,138,0,1,10,16,27,29,10,58,68,165,0,34,34,199
08/16/2008,ACY,NJ,AEA,EN,Combined TRACON& Tower with Radar,28,5,38,5,76,1,0,66,6,73,29,5,104,11,149,18,28,46,195
08/17/2008,ACY,NJ,AEA,EN,Combined TRACON& Tower with Radar,30,7,71,4,112,0,3,79,20,102,30,10,150,24,214,58,14,72,286
08/18/2008,ACY,NJ,AEA,EN,Combined TRACON& Tower with Radar,18,10,26,41,95,0,1,46,32,79,18,11,72,73,174,84,118,202,376
08/19/2008,ACY,NJ,AEA,EN,Combined TRACON& Tower with Radar,24,4,21,7,56,0,2,78,29,109,24,6,99,36,165,0,0,0,165
08/20/2008,ACY,NJ,AEA,EN,Combined TRACON& Tower with Radar,16,21,40,7,84,0,7,176,30,213,16,28,216,37,297,6,66,72,369
08/21/2008,ACY,NJ,AEA,EN,Combined TRACON& Tower with Radar,25,13,37,40,115,0,2,52,17,71,25,15,89,57,186,62,50,112,298
08/22/2008,ACY,NJ,AEA,EN,Combined TRACON& Tower with Radar,21,14,51,42,128,0,2,58,29,89,21,16,109,71,217,16,6,22,239
08/23/2008,ACY,NJ,AEA,EN,Combined TRACON& Tower with Radar,27,8,57,24,116,0,0,52,17,69,27,8,109,41,185,166,45,211,396
08/24/2008,ACY,NJ,AEA,EN,Combined TRACON& Tower with Radar,28,14,69,3,114,0,2,50,4,56,28,16,119,7,170,27,0,27,197
08/25/2008,ACY,NJ,AEA,EN,Combined TRACON& Tower with Radar,24,14,22,30,90,0,2,19,25,46,24,16,41,55,136,20,63,83,219
08/26/2008,ACY,NJ,AEA,EN,Combined TRACON& Tower with Radar,23,22,47,24,116,0,0,38,10,48,23,22,85,34,164,38,132,170,334
08/27/2008,ACY,NJ,AEA,EN,Combined TRACON& Tower with Radar,27,29,52,39,147,0,3,65,25,93,27,32,117,64,240,52,116,168,408
08/28/2008,ACY,NJ,AEA,EN,Combined TRACON& Tower with Radar,24,8,40,96,168,0,4,42,15,61,24,12,82,111,229,0,0,0,229
08/29/2008,ACY,NJ,AEA,EN,Combined TRACON& Tower with Radar,21,13,41,10,85,1,6,50,17,74,22,19,91,27,159,74,164,238,397
08/30/2008,ACY,NJ,AEA,EN,Combined TRACON& Tower with Radar,25,6,71,0,102,0,0,26,10,36,25,6,97,10,138,70,24,94,232
08/31/2008,ACY,NJ,AEA,EN,Combined TRACON& Tower with Radar,30,5,45,3,83,0,1,65,3,69,30,6,110,6,152,0,0,0,152
09/01/2008,ACY,NJ,AEA,EN,Combined TRACON& Tower with Radar,20,9,40,0,69,0,1,54,8,63,20,10,94,8,132,11,0,11,143
09/02/2008,ACY,NJ,AEA,EN,Combined TRACON& Tower with Radar,16,9,23,38,86,1,1,32,35,69,17,10,55,73,155,14,63,77,232
09/03/2008,ACY,NJ,AEA,EN,Combined TRACON& Tower with Radar,18,13,33,30,94,0,1,43,14,58,18,14,76,44,152,68,37,105,257
09/04/2008,ACY,NJ,AEA,EN,Combined TRACON& Tower with Radar,27,8,25,40,100,0,3,29,32,64,27,11,54,72,164,18,68,86,250
09/05/2008,ACY,NJ,AEA,EN,Combined TRACON& Tower with Radar,27,1,47,35,110,0,3,14,29,46,27,4,61,64,156,34,96,130,286
09/06/2008,ACY,NJ,AEA,EN,Combined TRACON& Tower with Radar,17,6,9,1,33,0,0,5,2,7,17,6,14,3,40,0,36,36,76
09/07/2008,ACY,NJ,AEA,EN,Combined TRACON& Tower with Radar,28,11,49,0,88,0,0,46,7,53,28,11,95,7,141,82,28,110,251
09/08/2008,ACY,NJ,AEA,EN,Combined TRACON& Tower with Radar,25,9,28,9,71,0,0,43,27,70,25,9,71,36,141,148,56,204,345
09/09/2008,ACY,NJ,AEA,EN,Combined TRACON& Tower with Radar,29,7,29,17,82,0,1,18,7,26,29,8,47,24,108,0,0,0,108
09/10/2008,ACY,NJ,AEA,EN,Combined TRACON& Tower with Radar,19,8,42,21,90,0,0,32,17,49,19,8,74,38,139,58,124,182,321
09/11/2008,ACY,NJ,AEA,EN,Combined TRACON& Tower with Radar,25,9,46,33,113,0,0,48,20,68,25,9,94,53,181,26,78,104,285
09/12/2008,ACY,NJ,AEA,EN,Combined TRACON& Tower with Radar,31,12,54,42,139,0,0,13,17,30,31,12,67,59,169,56,66,122,291
09/13/2008,ACY,NJ,AEA,EN,Combined TRACON& Tower with Radar,27,10,55,28,120,0,2,33,8,43,27,12,88,36,163,66,60,126,289
09/14/2008,ACY,NJ,AEA,EN,Combined TRACON& Tower with Radar,27,3,61,4,95,1,0,32,11,44,28,3,93,15,139,100,30,130,269
09/15/2008,ACY,NJ,AEA,EN,Combined TRACON& Tower with Radar,26,4,12,38,80,0,1,24,23,48,26,5,36,61,128,156,2,158,286
09/16/2008,ACY,NJ,AEA,EN,Combined TRACON& Tower with Radar,18,6,42,69,135,0,0,31,14,45,18,6,73,83,180,37,48,85,265
09/17/2008,ACY,NJ,AEA,EN,Combined TRACON& Tower with Radar,15,11,22,35,83,0,0,60,33,93,15,11,82,68,176,44,144,188,364
09/18/2008,ACY,NJ,AEA,EN,Combined TRACON& Tower with Radar,22,10,39,54,125,0,1,58,17,76,22,11,97,71,201,20,42,62,263
09/19/2008,ACY,NJ,AEA,EN,Combined TRACON& Tower with Radar,26,13,69,24,132,0,0,42,25,67,26,13,111,49,199,26,54,80,279
09/20/2008,ACY,NJ,AEA,EN,Combined TRACON& Tower with Radar,25,5,46,1,77,0,1,26,8,35,25,6,72,9,112,0,0,0,112
09/21/2008,ACY,NJ,AEA,EN,Combined TRACON& Tower with Radar,22,8,59,8,97,0,0,46,5,51,22,8,105,13,148,92,150,242,390
09/22/2008,ACY,NJ,AEA,EN,Combined TRACON& Tower with Radar,24,1,28,35,88,0,2,13,28,43,24,3,41,63,131,26,76,102,233
09/23/2008,ACY,NJ,AEA,EN,Combined TRACON& Tower with Radar,22,8,39,16,85,0,2,35,20,57,22,10,74,36,142,20,88,108,250
09/24/2008,ACY,NJ,AEA,EN,Combined TRACON& Tower with Radar,15,10,27,20,72,0,0,46,32,78,15,10,73,52,150,26,10,36,186
09/25/2008,ACY,NJ,AEA,EN,Combined TRACON& Tower with Radar,18,7,26,5,56,0,0,10,33,43,18,7,36,38,99,10,130,140,239
09/26/2008,ACY,NJ,AEA,EN,Combined TRACON& Tower with Radar,28,2,40,4,74,0,0,4,6,10,28,2,44,10,84,0,0,0,84
09/27/2008,ACY,NJ,AEA,EN,Combined TRACON& Tower with Radar,21,2,24,3,50,0,0,4,9,13,21,2,28,12,63,2,30,32,95
09/28/2008,ACY,NJ,AEA,EN,Combined TRACON& Tower with Radar,32,4,57,3,96,0,4,7,2,13,32,8,64,5,109,0,0,0,109
09/29/2008,ACY,NJ,AEA,EN,Combined TRACON& Tower with Radar,23,11,30,43,107,0,0,26,19,45,23,11,56,62,152,54,108,162,314
09/30/2008,ACY,NJ,AEA,EN,Combined TRACON& Tower with Radar,24,11,27,54,116,0,0,77,67,144,24,11,104,121,260,48,96,144,404
10/01/2008,ACY,NJ,AEA,EN,Combined TRACON& Tower with Radar,16,10,37,26,89,0,2,31,22,55,16,12,68,48,144,60,86,146,290
10/02/2008,ACY,NJ,AEA,EN,Combined TRACON& Tower with Radar,22,15,36,32,105,0,0,47,24,71,22,15,83,56,176,106,82,188,364
10/03/2008,ACY,NJ,AEA,EN,Combined TRACON& Tower with Radar,27,5,46,51,129,0,3,33,13,49,27,8,79,64,178,68,134,202,380
10/04/2008,ACY,NJ,AEA,EN,Combined TRACON& Tower with Radar,21,4,30,19,74,0,3,65,4,72,21,7,95,23,146,32,50,82,228
10/05/2008,ACY,NJ,AEA,EN,Combined TRACON& Tower with Radar,25,5,53,16,99,0,1,36,5,42,25,6,89,21,141,30,96,126,267
10/06/2008,ACY,NJ,AEA,EN,Combined TRACON& Tower with Radar,21,1,29,58,109,0,0,43,17,60,21,1,72,75,169,46,32,78,247
10/07/2008,ACY,NJ,AEA,EN,Combined TRACON& Tower with Radar,33,4,37,47,121,0,0,75,182,257,33,4,112,229,378,46,142,188,566
10/08/2008,ACY,NJ,AEA,EN,Combined TRACON& Tower with Radar,18,24,38,120,200,0,1,85,24,110,18,25,123,144,310,92,392,484,794
10/09/2008,ACY,NJ,AEA,EN,Combined TRACON& Tower with Radar,24,9,32,68,133,0,1,43,35,79,24,10,75,103,212,30,152,182,394
10/10/2008,ACY,NJ,AEA,EN,Combined TRACON& Tower with Radar,29,5,54,36,124,0,2,33,38,73,29,7,87,74,197,87,131,218,415
10/11/2008,ACY,NJ,AEA,EN,Combined TRACON& Tower with Radar,23,8,36,0,67,0,1,38,6,45,23,9,74,6,112,78,22,100,212
10/12/2008,ACY,NJ,AEA,EN,Combined TRACON& Tower with Radar,29,3,32,5,69,0,3,59,9,71,29,6,91,14,140,26,24,50,190
10/13/2008,ACY,NJ,AEA,EN,Combined TRACON& Tower with Radar,26,6,40,1,73,0,2,43,9,54,26,8,83,10,127,120,16,136,263
10/14/2008,ACY,NJ,AEA,EN,Combined TRACON& Tower with Radar,17,7,43,38,105,0,4,56,20,80,17,11,99,58,185,82,76,158,343
10/15/2008,ACY,NJ,AEA,EN,Combined TRACON& Tower with Radar,16,20,63,77,176,0,0,31,20,51,16,20,94,97,227,112,384,496,723
10/16/2008,ACY,NJ,AEA,EN,Combined TRACON& Tower with Radar,22,8,37,52,119,0,0,31,12,43,22,8,68,64,162,58,354,412,574
10/17/2008,ACY,NJ,AEA,EN,Combined TRACON& Tower with Radar,31,27,61,52,171,0,0,29,28,57,31,27,90,80,228,90,402,492,720
10/18/2008,ACY,NJ,AEA,EN,Combined TRACON& Tower with Radar,20,6,48,1,75,0,1,26,2,29,20,7,74,3,104,84,6,90,194
10/19/2008,ACY,NJ,AEA,EN,Combined TRACON& Tower with Radar,33,4,63,1,101,0,0,29,4,33,33,4,92,5,134,0,0,0,134
10/20/2008,ACY,NJ,AEA,EN,Combined TRACON& Tower with Radar,21,3,32,3,59,0,0,36,14,50,21,3,68,17,109,20,60,80,189
10/21/2008,ACY,NJ,AEA,EN,Combined TRACON& Tower with Radar,21,7,43,54,125,0,1,20,25,46,21,8,63,79,171,76,198,274,445
10/22/2008,ACY,NJ,AEA,EN,Combined TRACON& Tower with Radar,16,7,24,76,123,0,3,30,27,60,16,10,54,103,183,22,230,252,435
10/23/2008,ACY,NJ,AEA,EN,Combined TRACON& Tower with Radar,22,6,32,67,127,0,0,27,46,73,22,6,59,113,200,16,96,112,312
10/24/2008,ACY,NJ,AEA,EN,Combined TRACON& Tower with Radar,31,7,47,38,123,0,0,30,16,46,31,7,77,54,169,46,94,140,309
10/25/2008,ACY,NJ,AEA,EN,Combined TRACON& Tower with Radar,33,4,44,14,95,0,0,10,14,24,33,4,54,28,119,98,0,98,217
10/26/2008,ACY,NJ,AEA,EN,Combined TRACON& Tower with Radar,26,14,38,6,84,0,0,42,5,47,26,14,80,11,131,0,0,0,131
10/27/2008,ACY,NJ,AEA,EN,Combined TRACON& Tower with Radar,22,1,25,57,105,1,2,22,19,44,23,3,47,76,149,18,86,104,253
10/28/2008,ACY,NJ,AEA,EN,Combined TRACON& Tower with Radar,24,6,22,5,57,0,0,1,18,19,24,6,23,23,76,0,104,104,180
10/29/2008,ACY,NJ,AEA,EN,Combined TRACON& Tower with Radar,15,8,30,27,80,0,0,17,34,51,15,8,47,61,131,14,102,116,247
10/30/2008,ACY,NJ,AEA,EN,Combined TRACON& Tower with Radar,21,16,46,40,123,0,3,44,46,93,21,19,90,86,216,92,211,303,519
10/31/2008,ACY,NJ,AEA,EN,Combined TRACON& Tower with Radar,21,6,45,12,84,0,6,29,23,58,21,12,74,35,142,34,86,120,262
11/01/2008,ACY,NJ,AEA,EN,Combined TRACON& Tower with Radar,22,5,46,0,73,0,0,48,12,60,22,5,94,12,133,10,0,10,143
11/02/2008,ACY,NJ,AEA,EN,Combined TRACON& Tower with Radar,24,7,42,1,74,1,2,47,7,57,25,9,89,8,131,15,7,22,153
11/03/2008,ACY,NJ,AEA,EN,Combined TRACON& Tower with Radar,20,0,12,25,57,0,0,13,27,40,20,0,25,52,97,30,118,148,245
11/04/2008,ACY,NJ,AEA,EN,Combined TRACON& Tower with Radar,15,7,25,37,84,0,1,11,27,39,15,8,36,64,123,28,106,134,257
11/05/2008,ACY,NJ,AEA,EN,Combined TRACON& Tower with Radar,18,7,29,17,71,0,0,1,24,25,18,7,30,41,96,12,162,174,270
11/06/2008,ACY,NJ,AEA,EN,Combined TRACON& Tower with Radar,23,9,28,0,60,0,0,1,0,1,23,9,29,0,61,1,0,1,62
11/07/2008,ACY,NJ,AEA,EN,Combined TRACON& Tower with Radar,23,4,76,20,123,0,2,2,22,26,23,6,78,42,149,42,48,90,239
11/08/2008,ACY,NJ,AEA,EN,Combined TRACON& Tower with Radar,33,9,60,1,103,0,0,0,1,1,33,9,60,2,104,0,0,0,104
11/09/2008,ACY,NJ,AEA,EN,Combined TRACON& Tower with Radar,23,6,60,3,92,1,0,35,5,41,24,6,95,8,133,0,0,0,133
11/10/2008,ACY,NJ,AEA,EN,Combined TRACON& Tower with Radar,23,1,23,29,76,0,0,19,13,32,23,1,42,42,108,10,73,83,191
11/11/2008,ACY,NJ,AEA,EN,Combined TRACON& Tower with Radar,17,2,29,1,49,0,0,18,21,39,17,2,47,22,88,34,144,178,266
11/12/2008,ACY,NJ,AEA,EN,Combined TRACON& Tower with Radar,19,8,36,18,81,0,9,42,27,78,19,17,78,45,159,32,110,142,301
11/13/2008,ACY,NJ,AEA,EN,Combined TRACON& Tower with Radar,20,5,32,6,63,0,0,16,10,26,20,5,48,16,89,18,0,18,107
11/14/2008,ACY,NJ,AEA,EN,Combined TRACON& Tower with Radar,28,4,57,7,96,0,0,0,0,0,28,4,57,7,96,0,0,0,96
11/15/2008,ACY,NJ,AEA,EN,Combined TRACON& Tower with Radar,27,1,28,0,56,0,0,1,1,2,27,1,29,1,58,0,0,0,58
11/16/2008,ACY,NJ,AEA,EN,Combined TRACON& Tower with Radar,27,4,53,13,97,0,0,11,15,26,27,4,64,28,123,50,60,110,233
11/17/2008,ACY,NJ,AEA,EN,Combined TRACON& Tower with Radar,23,4,38,31,96,0,0,31,15,46,23,4,69,46,142,68,106,174,316
11/18/2008,ACY,NJ,AEA,EN,Combined TRACON& Tower with Radar,22,6,29,58,115,0,4,24,27,55,22,10,53,85,170,16,120,136,306
11/19/2008,ACY,NJ,AEA,EN,Combined TRACON& Tower with Radar,19,4,34,51,108,0,2,26,36,64,19,6,60,87,172,13,260,273,445
11/20/2008,ACY,NJ,AEA,EN,Combined TRACON& Tower with Radar,24,9,23,64,120,0,0,20,36,56,24,9,43,100,176,14,92,106,282
11/21/2008,ACY,NJ,AEA,EN,Combined TRACON& Tower with Radar,28,5,42,11,86,0,0,9,8,17,28,5,51,19,103,10,29,39,142
11/22/2008,ACY,NJ,AEA,EN,Combined TRACON& Tower with Radar,21,9,41,46,117,0,0,27,3,30,21,9,68,49,147,0,20,20,167
11/23/2008,ACY,NJ,AEA,EN,Combined TRACON& Tower with Radar,24,11,52,0,87,0,0,70,5,75,24,11,122,5,162,10,0,10,172
11/24/2008,ACY,NJ,AEA,EN,Combined TRACON& Tower with Radar,22,1,15,120,158,0,0,25,32,57,22,1,40,152,215,28,174,202,417
11/25/2008,ACY,NJ,AEA,EN,Combined TRACON& Tower with Radar,22,23,36,55,136,0,6,16,29,51,22,29,52,84,187,4,134,138,325
11/26/2008,ACY,NJ,AEA,EN,Combined TRACON& Tower with Radar,20,4,51,14,89,0,0,46,10,56,20,4,97,24,145,40,24,64,209
11/27/2008,ACY,NJ,AEA,EN,Combined TRACON& Tower with Radar,18,2,3,0,23,0,1,8,0,9,18,3,11,0,32,0,0,0,32
11/28/2008,ACY,NJ,AEA,EN,Combined TRACON& Tower with Radar,30,4,34,8,76,0,0,28,17,45,30,4,62,25,121,26,14,40,161
11/29/2008,ACY,NJ,AEA,EN,Combined TRACON& Tower with Radar,18,0,32,8,58,0,0,32,6,38,18,0,64,14,96,28,132,160,256
11/30/2008,ACY,NJ,AEA,EN,Combined TRACON& Tower with Radar,26,6,34,1,67,0,0,2,3,5,26,6,36,4,72,0,0,0,72
12/01/2008,ACY,NJ,AEA,EN,Combined TRACON& Tower with Radar,23,3,25,50,101,0,1,18,19,38,23,4,43,69,139,0,64,64,203
12/02/2008,ACY,NJ,AEA,EN,Combined TRACON& Tower with Radar,21,8,52,49,130,0,2,24,36,62,21,10,76,85,192,18,140,158,350
12/03/2008,ACY,NJ,AEA,EN,Combined TRACON& Tower with Radar,24,7,28,66,125,0,2,34,29,65,24,9,62,95,190,20,202,222,412
12/04/2008,ACY,NJ,AEA,EN,Combined TRACON& Tower with Radar,21,23,33,31,108,0,0,27,34,61,21,23,60,65,169,38,38,76,245
12/05/2008,ACY,NJ,AEA,EN,Combined TRACON& Tower with Radar,31,16,31,35,113,0,6,21,52,79,31,22,52,87,192,2,192,194,386
12/06/2008,ACY,NJ,AEA,EN,Combined TRACON& Tower with Radar,27,2,62,45,136,0,7,31,23,61,27,9,93,68,197,76,138,214,411
12/07/2008,ACY,NJ,AEA,EN,Combined TRACON& Tower with Radar,26,11,33,0,70,0,0,3,8,11,26,11,36,8,81,4,10,14,95
12/08/2008,ACY,NJ,AEA,EN,Combined TRACON& Tower with Radar,34,4,62,204,304,0,0,14,23,37,34,4,76,227,341,72,93,165,506
12/09/2008,ACY,NJ,AEA,EN,Combined TRACON& Tower with Radar,20,10,24,23,77,0,2,32,32,66,20,12,56,55,143,28,88,116,259
12/10/2008,ACY,NJ,AEA,EN,Combined TRACON& Tower with Radar,16,14,17,15,62,0,2,8,28,38,16,16,25,43,100,4,142,146,246
12/11/2008,ACY,NJ,AEA,EN,Combined TRACON& Tower with Radar,22,9,21,3,55,0,0,0,9,9,22,9,21,12,64,0,16,16,80
12/12/2008,ACY,NJ,AEA,EN,Combined TRACON& Tower with Radar,24,12,37,10,83,2,1,28,32,63,26,13,65,42,146,92,117,209,355
12/13/2008,ACY,NJ,AEA,EN,Combined TRACON& Tower with Radar,21,7,37,9,74,0,0,34,6,40,21,7,71,15,114,0,10,10,124
12/14/2008,ACY,NJ,AEA,EN,Combined TRACON& Tower with Radar,31,8,58,0,97,0,1,37,10,48,31,9,95,10,145,4,92,96,241
12/15/2008,ACY,NJ,AEA,EN,Combined TRACON& Tower with Radar,28,5,12,11,56,0,2,17,25,44,28,7,29,36,100,10,114,124,224
12/16/2008,ACY,NJ,AEA,EN,Combined TRACON& Tower with Radar,18,6,15,13,52,0,0,10,26,36,18,6,25,39,88,2,44,46,134
12/17/2008,ACY,NJ,AEA,EN,Combined TRACON& Tower with Radar,20,12,16,54,102,0,1,1,29,31,20,13,17,83,133,66,96,162,295
12/18/2008,ACY,NJ,AEA,EN,Combined TRACON& Tower with Radar,21,19,100,152,292,0,1,34,39,74,21,20,134,191,366,0,0,0,366
12/19/2008,ACY,NJ,AEA,EN,Combined TRACON& Tower with Radar,19,8,21,10,58,0,0,1,0,1,19,8,22,10,59,4,18,22,81
12/20/2008,ACY,NJ,AEA,EN,Combined TRACON& Tower with Radar,22,6,26,1,55,0,2,9,2,13,22,8,35,3,68,0,5,5,73
12/21/2008,ACY,NJ,AEA,EN,Combined TRACON& Tower with Radar,19,4,13,0,36,0,0,3,6,9,19,4,16,6,45,0,0,0,45
12/22/2008,ACY,NJ,AEA,EN,Combined TRACON& Tower with Radar,20,17,15,15,67,0,2,5,23,30,20,19,20,38,97,0,32,32,129
12/23/2008,ACY,NJ,AEA,EN,Combined TRACON& Tower with Radar,39,6,33,25,103,0,8,51,29,88,39,14,84,54,191,56,130,186,377
12/24/2008,ACY,NJ,AEA,EN,Combined TRACON& Tower with Radar,19,5,7,4,35,0,0,3,8,11,19,5,10,12,46,14,68,82,128
12/25/2008,ACY,NJ,AEA,EN,Combined TRACON& Tower with Radar,19,5,3,5,32,0,0,5,0,5,19,5,8,5,37,0,4,4,41
12/26/2008,ACY,NJ,AEA,EN,Combined TRACON& Tower with Radar,24,6,27,2,59,0,0,18,10,28,24,6,45,12,87,30,12,42,129
12/27/2008,ACY,NJ,AEA,EN,Combined TRACON& Tower with Radar,22,10,14,1,47,0,6,1,0,7,22,16,15,1,54,0,0,0,54
12/28/2008,ACY,NJ,AEA,EN,Combined TRACON& Tower with Radar,30,10,25,0,65,0,2,3,7,12,30,12,28,7,77,0,0,0,77
12/29/2008,ACY,NJ,AEA,EN,Combined TRACON& Tower with Radar,21,1,20,47,89,0,1,24,11,36,21,2,44,58,125,4,158,162,287
12/30/2008,ACY,NJ,AEA,EN,Combined TRACON& Tower with Radar,27,8,45,98,178,0,2,18,36,56,27,10,63,134,234,34,82,116,350
12/31/2008,ACY,NJ,AEA,EN,Combined TRACON& Tower with Radar,19,3,16,6,44,0,0,6,6,12,19,3,22,12,56,0,8,8,64
01/01/2009,ACY,NJ,AEA,EN,Combined TRACON& Tower with Radar,21,1,23,1,46,0,0,19,10,29,21,1,42,11,75,66,36,102,177
01/02/2009,ACY,NJ,AEA,EN,Combined TRACON& Tower with Radar,24,3,25,7,59,0,0,3,17,20,24,3,28,24,79,42,100,142,221
01/03/2009,ACY,NJ,AEA,EN,Combined TRACON& Tower with Radar,21,1,43,25,90,0,0,43,6,49,21,1,86,31,139,2,30,32,171
01/04/2009,ACY,NJ,AEA,EN,Combined TRACON& Tower with Radar,23,4,32,0,59,0,3,33,12,48,23,7,65,12,107,100,56,156,263
01/05/2009,ACY,NJ,AEA,EN,Combined TRACON& Tower with Radar,21,10,12,87,130,0,5,39,33,77,21,15,51,120,207,44,170,214,421
01/06/2009,ACY,NJ,AEA,EN,Combined TRACON& Tower with Radar,21,7,13,8,49,0,0,0,13,13,21,7,13,21,62,0,60,60,122
01/07/2009,ACY,NJ,AEA,EN,Combined TRACON& Tower with Radar,18,8,11,2,39,0,0,0,2,2,18,8,11,4,41,0,18,18,59
01/08/2009,ACY,NJ,AEA,EN,Combined TRACON& Tower with Radar,19,11,28,41,99,0,2,21,31,54,19,13,49,72,153,0,166,166,319
01/09/2009,ACY,NJ,AEA,EN,Combined TRACON& Tower with Radar,22,4,76,35,137,0,1,24,24,49,22,5,100,59,186,76,212,288,474
01/10/2009,ACY,NJ,AEA,EN,Combined TRACON& Tower with Radar,23,3,26,62,114,0,5,12,31,48,23,8,38,93,162,0,67,67,229
01/11/2009,ACY,NJ,AEA,EN,Combined TRACON& Tower with Radar,24,1,40,34,99,0,5,24,20,49,24,6,64,54,148,54,102,156,304
01/12/2009,ACY,NJ,AEA,EN,Combined TRACON& Tower with Radar,22,4,25,14,65,0,0,26,27,53,22,4,51,41,118,34,34,68,186
01/13/2009,ACY,NJ,AEA,EN,Combined TRACON& Tower with Radar,19,13,15,59,106,0,4,12,30,46,19,17,27,89,152,106,132,238,390
01/14/2009,ACY,NJ,AEA,EN,Combined TRACON& Tower with Radar,18,6,33,85,142,0,4,33,46,83,18,10,66,131,225,0,268,268,493
01/15/2009,ACY,NJ,AEA,EN,Combined TRACON& Tower with Radar,20,13,16,93,142,0,5,7,13,25,20,18,23,106,167,30,106,136,303
01/16/2009,ACY,NJ,AEA,EN,Combined TRACON& Tower with Radar,25,5,42,35,107,0,0,13,23,36,25,5,55,58,143,12,178,190,333
01/17/2009,ACY,NJ,AEA,EN,Combined TRACON& Tower with Radar,24,1,31,23,79,0,0,14,1,15,24,1,45,24,94,0,0,0,94
01/18/2009,ACY,NJ,AEA,EN,Combined TRACON& Tower with Radar,25,4,27,4,60,0,4,11,3,18,25,8,38,7,78,0,0,0,78
01/19/2009,ACY,NJ,AEA,EN,Combined TRACON& Tower with Radar,28,2,7,1,38,0,0,0,0,0,28,2,7,1,38,0,0,0,38
01/20/2009,ACY,NJ,AEA,EN,Combined TRACON& Tower with Radar,20,6,13,75,114,0,0,28,19,47,20,6,41,94,161,24,108,132,293
01/21/2009,ACY,NJ,AEA,EN,Combined TRACON& Tower with Radar,20,19,23,81,143,0,2,15,26,43,20,21,38,107,186,4,126,130,316
01/22/2009,ACY,NJ,AEA,EN,Combined TRACON& Tower with Radar,30,13,28,147,218,0,1,43,24,68,30,14,71,171,286,46,232,278,564
01/23/2009,ACY,NJ,AEA,EN,Combined TRACON& Tower with Radar,24,11,46,83,164,0,3,23,27,53,24,14,69,110,217,10,126,136,353
01/24/2009,ACY,NJ,AEA,EN,Combined TRACON& Tower with Radar,26,1,28,16,71,0,5,24,9,38,26,6,52,25,109,44,84,128,237
01/25/2009,ACY,NJ,AEA,EN,Combined TRACON& Tower with Radar,33,7,60,0,100,0,0,30,8,38,33,7,90,8,138,94,102,196,334
01/26/2009,ACY,NJ,AEA,EN,Combined TRACON& Tower with Radar,24,24,26,107,181,0,2,21,10,33,24,26,47,117,214,38,194,232,446
01/27/2009,ACY,NJ,AEA,EN,Combined TRACON& Tower with Radar,23,6,12,23,64,0,0,6,18,24,23,6,18,41,88,0,20,20,108
01/28/2009,ACY,NJ,AEA,EN,Combined TRACON& Tower with Radar,14,5,4,11,34,0,0,0,0,0,14,5,4,11,34,0,8,8,42
01/29/2009,ACY,NJ,AEA,EN,Combined TRACON& Tower with Radar,27,14,50,87,178,0,5,24,25,54,27,19,74,112,232,26,218,244,476
01/30/2009,ACY,NJ,AEA,EN,Combined TRACON& Tower with Radar,19,16,34,65,134,0,3,11,17,31,19,19,45,82,165,26,144,170,335
01/31/2009,ACY,NJ,AEA,EN,Combined TRACON& Tower with Radar,23,8,34,30,95,0,2,29,10,41,23,10,63,40,136,42,56,98,234
02/01/2009,ACY,NJ,AEA,EN,Combined TRACON& Tower with Radar,21,4,29,1,55,0,5,42,3,50,21,9,71,4,105,40,74,114,219
02/02/2009,ACY,NJ,AEA,EN,Combined TRACON& Tower with Radar,25,7,42,98,172,0,0,39,38,77,25,7,81,136,249,76,154,230,479
02/03/2009,ACY,NJ,AEA,EN,Combined TRACON& Tower with Radar,18,7,8,20,53,0,0,0,0,0,18,7,8,20,53,0,0,0,53
02/04/2009,ACY,NJ,AEA,EN,Combined TRACON& Tower with Radar,18,10,21,122,171,1,0,31,27,59,19,10,52,149,230,0,204,204,434
02/05/2009,ACY,NJ,AEA,EN,Combined TRACON& Tower with Radar,22,14,24,72,132,0,0,39,23,62,22,14,63,95,194,0,196,196,390
02/06/2009,ACY,NJ,AEA,EN,Combined TRACON& Tower with Radar,29,14,40,106,189,0,0,9,26,35,29,14,49,132,224,20,238,258,482
02/07/2009,ACY,NJ,AEA,EN,Combined TRACON& Tower with Radar,46,6,37,42,131,0,3,62,13,78,46,9,99,55,209,60,216,276,485
02/08/2009,ACY,NJ,AEA,EN,Combined TRACON& Tower with Radar,29,3,42,17,91,0,4,17,5,26,29,7,59,22,117,84,182,266,383
02/09/2009,ACY,NJ,AEA,EN,Combined TRACON& Tower with Radar,23,4,39,104,170,0,0,27,16,43,23,4,66,120,213,70,126,196,409
02/10/2009,ACY,NJ,AEA,EN,Combined TRACON& Tower with Radar,21,33,33,68,155,0,2,29,30,61,21,35,62,98,216,86,206,292,508
02/11/2009,ACY,NJ,AEA,EN,Combined TRACON& Tower with Radar,22,6,36,85,149,0,0,20,21,41,22,6,56,106,190,0,56,56,246
02/12/2009,ACY,NJ,AEA,EN,Combined TRACON& Tower with Radar,29,7,12,15,63,0,0,3,10,13,29,7,15,25,76,0,202,202,278
02/13/2009,ACY,NJ,AEA,EN,Combined TRACON& Tower with Radar,32,8,44,91,175,1,0,13,43,57,33,8,57,134,232,0,222,222,454
02/14/2009,ACY,NJ,AEA,EN,Combined TRACON& Tower with Radar,28,4,45,1,78,0,0,25,19,44,28,4,70,20,122,0,220,220,342
02/15/2009,ACY,NJ,AEA,EN,Combined TRACON& Tower with Radar,30,2,56,14,102,0,0,78,12,90,30,2,134,26,192,1,0,1,193
02/16/2009,ACY,NJ,AEA,EN,Combined TRACON& Tower with Radar,30,5,29,24,88,0,1,20,7,28,30,6,49,31,116,24,22,46,162
02/17/2009,ACY,NJ,AEA,EN,Combined TRACON& Tower with Radar,23,5,42,43,113,1,2,25,31,59,24,7,67,74,172,126,114,240,412
02/18/2009,ACY,NJ,AEA,EN,Combined TRACON& Tower with Radar,23,4,19,17,63,0,0,3,13,16,23,4,22,30,79,0,0,0,79
02/19/2009,ACY,NJ,AEA,EN,Combined TRACON& Tower with Radar,28,13,29,92,162,0,5,16,31,52,28,18,45,123,214,34,220,254,468
02/20/2009,ACY,NJ,AEA,EN,Combined TRACON& Tower with Radar,27,13,31,83,154,0,0,36,43,79,27,13,67,126,233,34,244,278,511
02/21/2009,ACY,NJ,AEA,EN,Combined TRACON& Tower with Radar,37,0,55,46,138,0,0,36,10,46,37,0,91,56,184,6,20,26,210
02/22/2009,ACY,NJ,AEA,EN,Combined TRACON& Tower with Radar,37,9,34,34,114,0,0,3,11,14,37,9,37,45,128,44,102,146,274
02/23/2009,ACY,NJ,AEA,EN,Combined TRACON& Tower with Radar,30,5,33,83,151,0,0,11,42,53,30,5,44,125,204,12,272,284,488
02/24/2009,ACY,NJ,AEA,EN,Combined TRACON& Tower with Radar,29,5,24,82,140,0,2,33,43,78,29,7,57,125,218,86,199,285,503
02/25/2009,ACY,NJ,AEA,EN,Combined TRACON& Tower with Radar,23,8,42,151,224,0,4,30,32,66,23,12,72,183,290,2,388,390,680
02/26/2009,ACY,NJ,AEA,EN,Combined TRACON& Tower with Radar,26,16,52,105,199,0,0,53,31,84,26,16,105,136,283,110,254,364,647
02/27/2009,ACY,NJ,AEA,EN,Combined TRACON& Tower with Radar,29,23,50,81,183,0,4,16,44,64,29,27,66,125,247,48,248,296,543
02/28/2009,ACY,NJ,AEA,EN,Combined TRACON& Tower with Radar,27,4,41,13,85,0,0,15,9,24,27,4,56,22,109,0,48,48,157
03/01/2009,ACY,NJ,AEA,EN,Combined TRACON& Tower with Radar,32,4,47,0,83,0,0,0,3,3,32,4,47,3,86,0,0,0,86
03/02/2009,ACY,NJ,AEA,EN,Combined TRACON& Tower with Radar,25,1,6,0,32,0,0,0,0,0,25,1,6,0,32,0,0,0,32
03/03/2009,ACY,NJ,AEA,EN,Combined TRACON& Tower with Radar,26,4,21,4,55,0,0,10,14,24,26,4,31,18,79,0,0,0,79
03/04/2009,ACY,NJ,AEA,EN,Combined TRACON& Tower with Radar,22,8,13,15,58,0,0,19,13,32,22,8,32,28,90,0,0,0,90
03/05/2009,ACY,NJ,AEA,EN,Combined TRACON& Tower with Radar,36,11,28,36,111,0,2,30,35,67,36,13,58,71,178,80,200,280,458
03/06/2009,ACY,NJ,AEA,EN,Combined TRACON& Tower with Radar,33,6,40,63,142,0,4,65,39,108,33,10,105,102,250,122,184,306,556
03/07/2009,ACY,NJ,AEA,EN,Combined TRACON& Tower with Radar,28,3,54,20,105,0,2,58,15,75,28,5,112,35,180,118,110,228,408
03/08/2009,ACY,NJ,AEA,EN,Combined TRACON& Tower with Radar,29,11,41,29,110,0,5,24,22,51,29,16,65,51,161,0,32,32,193
03/09/2009,ACY,NJ,AEA,EN,Combined TRACON& Tower with Radar,25,4,29,84,142,0,0,9,18,27,25,4,38,102,169,32,174,206,375
03/10/2009,ACY,NJ,AEA,EN,Combined TRACON& Tower with Radar,30,9,17,56,112,0,2,8,36,46,30,11,25,92,158,68,190,258,416
03/11/2009,ACY,NJ,AEA,EN,Combined TRACON& Tower with Radar,25,11,34,48,118,0,0,6,33,39,25,11,40,81,157,94,176,270,427
03/12/2009,ACY,NJ,AEA,EN,Combined TRACON& Tower with Radar,28,9,42,38,117,0,1,37,43,81,28,10,79,81,198,114,176,290,488
03/13/2009,ACY,NJ,AEA,EN,Combined TRACON& Tower with Radar,30,4,32,34,100,0,3,36,33,72,30,7,68,67,172,38,30,68,240
03/14/2009,ACY,NJ,AEA,EN,Combined TRACON& Tower with Radar,34,2,44,29,109,0,0,28,16,44,34,2,72,45,153,22,38,60,213
03/15/2009,ACY,NJ,AEA,EN,Combined TRACON& Tower with Radar,34,4,37,0,75,0,0,6,8,14,34,4,43,8,89,12,4,16,105
03/16/2009,ACY,NJ,AEA,EN,Combined TRACON& Tower with Radar,31,5,16,74,126,0,2,15,30,47,31,7,31,104,173,12,121,133,306
03/17/2009,ACY,NJ,AEA,EN,Combined TRACON& Tower with Radar,28,8,23,13,72,0,1,31,24,56,28,9,54,37,128,56,139,195,323
03/18/2009,ACY,NJ,AEA,EN,Combined TRACON& Tower with Radar,20,22,15,74,131,0,1,49,23,73,20,23,64,97,204,56,170,226,430
03/19/2009,ACY,NJ,AEA,EN,Combined TRACON& Tower with Radar,29,9,32,63,133,0,1,12,32,45,29,10,44,95,178,32,134,166,344
03/20/2009,ACY,NJ,AEA,EN,Combined TRACON& Tower with Radar,35,10,45,56,146,0,1,11,37,49,35,11,56,93,195,36,170,206,401
03/21/2009,ACY,NJ,AEA,EN,Combined TRACON& Tower with Radar,30,1,38,0,69,0,0,51,9,60,30,1,89,9,129,6,0,6,135
03/22/2009,ACY,NJ,AEA,EN,Combined TRACON& Tower with Radar,37,4,43,3,87,0,1,79,2,82,37,5,122,5,169,10,0,10,179
03/23/2009,ACY,NJ,AEA,EN,Combined TRACON& Tower with Radar,27,4,11,65,107,0,1,16,35,52,27,5,27,100,159,86,176,262,421
03/24/2009,ACY,NJ,AEA,EN,Combined TRACON& Tower with Radar,26,13,38,43,120,0,0,71,44,115,26,13,109,87,235,138,170,308,543
03/25/2009,ACY,NJ,AEA,EN,Combined TRACON& Tower with Radar,31,10,29,26,96,0,1,36,41,78,31,11,65,67,174,38,154,192,366
03/26/2009,ACY,NJ,AEA,EN,Combined TRACON& Tower with Radar,31,8,36,6,81,0,0,7,2,9,31,8,43,8,90,0,0,0,90
03/27/2009,ACY,NJ,AEA,EN,Combined TRACON& Tower with Radar,31,13,59,11,114,0,1,33,33,67,31,14,92,44,181,28,60,88,269
03/28/2009,ACY,NJ,AEA,EN,Combined TRACON& Tower with Radar,31,7,48,1,87,0,0,2,0,2,31,7,50,1,89,0,0,0,89
03/29/2009,ACY,NJ,AEA,EN,Combined TRACON& Tower with Radar,40,9,32,0,81,0,0,7,0,7,40,9,39,0,88,42,0,42,130
03/30/2009,ACY,NJ,AEA,EN,Combined TRACON& Tower with Radar,30,2,13,13,58,0,0,17,15,32,30,2,30,28,90,6,4,10,100
03/31/2009,ACY,NJ,AEA,EN,Combined TRACON& Tower with Radar,29,9,25,7,70,0,0,37,28,65,29,9,62,35,135,12,0,12,147
04/01/2009,ACY,NJ,AEA,EN,Combined TRACON& Tower with Radar,21,7,29,15,72,0,0,2,27,29,21,7,31,42,101,6,86,92,193
04/02/2009,ACY,NJ,AEA,EN,Combined TRACON& Tower with Radar,22,15,27,13,77,0,0,9,16,25,22,15,36,29,102,6,32,38,140
04/03/2009,ACY,NJ,AEA,EN,Combined TRACON& Tower with Radar,33,27,23,22,105,0,0,4,19,23,33,27,27,41,128,2,96,98,226
04/04/2009,ACY,NJ,AEA,EN,Combined TRACON& Tower with Radar,26,3,31,10,70,0,0,13,18,31,26,3,44,28,101,8,40,48,149
04/05/2009,ACY,NJ,AEA,EN,Combined TRACON& Tower with Radar,32,2,42,15,91,0,2,55,10,67,32,4,97,25,158,26,0,26,184
04/06/2009,ACY,NJ,AEA,EN,Combined TRACON& Tower with Radar,27,2,13,19,61,0,0,11,20,31,27,2,24,39,92,12,58,70,162
04/07/2009,ACY,NJ,AEA,EN,Combined TRACON& Tower with Radar,26,7,45,78,156,0,0,35,27,62,26,7,80,105,218,50,114,164,382
04/08/2009,ACY,NJ,AEA,EN,Combined TRACON& Tower with Radar,47,4,27,34,112,0,2,36,20,58,47,6,63,54,170,97,80,177,347
04/09/2009,ACY,NJ,AEA,EN,Combined TRACON& Tower with Radar,21,10,36,25,92,0,1,58,48,107,21,11,94,73,199,10,56,66,265
04/10/2009,ACY,NJ,AEA,EN,Combined TRACON& Tower with Radar,27,13,27,24,91,0,2,36,33,71,27,15,63,57,162,20,42,62,224
04/11/2009,ACY,NJ,AEA,EN,Combined TRACON& Tower with Radar,23,6,25,0,54,0,2,4,4,10,23,8,29,4,64,0,42,42,106
04/12/2009,ACY,NJ,AEA,EN,Combined TRACON& Tower with Radar,20,3,16,2,41,0,0,19,7,26,20,3,35,9,67,96,44,140,207
04/13/2009,ACY,NJ,AEA,EN,Combined TRACON& Tower with Radar,27,4,26,12,69,0,0,36,22,58,27,4,62,34,127,111,80,191,318
04/14/2009,ACY,NJ,AEA,EN,Combined TRACON& Tower with Radar,27,10,23,3,63,0,0,1,1,2,27,10,24,4,65,0,0,0,65
04/15/2009,ACY,NJ,AEA,EN,Combined TRACON& Tower with Radar,27,4,19,15,65,0,0,2,6,8,27,4,21,21,73,0,0,0,73
04/16/2009,ACY,NJ,AEA,EN,Combined TRACON& Tower with Radar,32,14,29,56,131,0,1,81,44,126,32,15,110,100,257,114,78,192,449
04/17/2009,ACY,NJ,AEA,EN,Combined TRACON& Tower with Radar,32,19,62,26,139,0,0,57,21,78,32,19,119,47,217,60,64,124,341
04/18/2009,ACY,NJ,AEA,EN,Combined TRACON& Tower with Radar,35,0,71,2,108,0,0,39,2,41,35,0,110,4,149,0,0,0,149
04/19/2009,ACY,NJ,AEA,EN,Combined TRACON& Tower with Radar,35,5,48,0,88,0,0,28,8,36,35,5,76,8,124,88,30,118,242
04/20/2009,ACY,NJ,AEA,EN,Combined TRACON& Tower with Radar,27,8,12,8,55,0,0,1,5,6,27,8,13,13,61,0,0,0,61
04/21/2009,ACY,NJ,AEA,EN,Combined TRACON& Tower with Radar,22,14,33,56,125,0,1,6,20,27,22,15,39,76,152,71,72,143,295
04/22/2009,ACY,NJ,AEA,EN,Combined TRACON& Tower with Radar,25,5,45,94,169,1,4,3,19,27,26,9,48,113,196,46,120,166,362
04/23/2009,ACY,NJ,AEA,EN,Combined TRACON& Tower with Radar,29,10,36,125,200,0,0,29,20,49,29,10,65,145,249,46,54,100,349
04/24/2009,ACY,NJ,AEA,EN,Combined TRACON& Tower with Radar,27,16,36,81,160,0,1,40,26,67,27,17,76,107,227,14,70,84,311
04/25/2009,ACY,NJ,AEA,EN,Combined TRACON& Tower with Radar,37,5,29,9,80,0,2,71,3,76,37,7,100,12,156,4,10,14,170
04/26/2009,ACY,NJ,AEA,EN,Combined TRACON& Tower with Radar,36,1,41,19,97,0,1,75,0,76,36,2,116,19,173,62,42,104,277
04/27/2009,ACY,NJ,AEA,EN,Combined TRACON& Tower with Radar,42,7,20,38,107,0,2,36,22,60,42,9,56,60,167,0,58,58,225
04/28/2009,ACY,NJ,AEA,EN,Combined TRACON& Tower with Radar,26,9,25,27,87,0,2,48,37,87,26,11,73,64,174,87,205,292,466
04/29/2009,ACY,NJ,AEA,EN,Combined TRACON& Tower with Radar,26,5,30,25,86,0,6,12,21,39,26,11,42,46,125,26,54,80,205
04/30/2009,ACY,NJ,AEA,EN,Combined TRACON& Tower with Radar,23,18,36,93,170,0,0,19,16,35,23,18,55,109,205,0,92,92,297
05/01/2009,ACY,NJ,AEA,EN,Combined TRACON& Tower with Radar,24,10,47,7,88,0,0,3,18,21,24,10,50,25,109,0,0,0,109
05/02/2009,ACY,NJ,AEA,EN,Combined TRACON& Tower with Radar,20,21,42,1,84,0,0,15,4,19,20,21,57,5,103,0,0,0,103
05/03/2009,ACY,NJ,AEA,EN,Combined TRACON& Tower with Radar,31,7,41,0,79,0,0,1,3,4,31,7,42,3,83,0,0,0,83
05/04/2009,ACY,NJ,AEA,EN,Combined TRACON& Tower with Radar,19,8,34,0,61,0,0,1,2,3,19,8,35,2,64,76,69,145,209
05/05/2009,ACY,NJ,AEA,EN,Combined TRACON& Tower with Radar,22,11,36,37,106,0,0,6,3,9,22,11,42,40,115,0,0,0,115
05/06/2009,ACY,NJ,AEA,EN,Combined TRACON& Tower with Radar,21,11,44,31,107,0,0,6,8,14,21,11,50,39,121,0,0,0,121
05/07/2009,ACY,NJ,AEA,EN,Combined TRACON& Tower with Radar,28,16,30,54,128,0,0,10,29,39,28,16,40,83,167,4,156,160,327
05/08/2009,ACY,NJ,AEA,EN,Combined TRACON& Tower with Radar,26,17,46,60,149,0,5,24,36,65,26,22,70,96,214,32,102,134,348
05/09/2009,ACY,NJ,AEA,EN,Combined TRACON& Tower with Radar,28,10,29,54,121,0,2,37,13,52,28,12,66,67,173,46,102,148,321
05/10/2009,ACY,NJ,AEA,EN,Combined TRACON& Tower with Radar,25,9,20,1,55,0,0,22,3,25,25,9,42,4,80,52,52,104,184
05/11/2009,ACY,NJ,AEA,EN,Combined TRACON& Tower with Radar,18,9,28,83,138,0,2,52,40,94,18,11,80,123,232,30,112,142,374
05/12/2009,ACY,NJ,AEA,EN,Combined TRACON& Tower with Radar,20,8,21,9,58,0,2,65,44,111,20,10,86,53,169,35,131,166,335
05/13/2009,ACY,NJ,AEA,EN,Combined TRACON& Tower with Radar,20,14,23,28,85,0,0,47,18,65,20,14,70,46,150,44,62,106,256
05/14/2009,ACY,NJ,AEA,EN,Combined TRACON& Tower with Radar,25,10,29,39,103,0,2,15,25,42,25,12,44,64,145,0,0,0,145
05/15/2009,ACY,NJ,AEA,EN,Combined TRACON& Tower with Radar,21,10,36,25,92,0,0,20,15,35,21,10,56,40,127,38,116,154,281
05/16/2009,ACY,NJ,AEA,EN,Combined TRACON& Tower with Radar,25,8,39,23,95,0,5,15,13,33,25,13,54,36,128,82,128,210,338
05/17/2009,ACY,NJ,AEA,EN,Combined TRACON& Tower with Radar,32,15,43,9,99,0,0,15,9,24,32,15,58,18,123,0,34,34,157
05/18/2009,ACY,NJ,AEA,EN,Combined TRACON& Tower with Radar,23,9,49,53,134,0,2,49,19,70,23,11,98,72,204,74,134,208,412
05/19/2009,ACY,NJ,AEA,EN,Combined TRACON& Tower with Radar,20,13,47,49,129,0,3,62,15,80,20,16,109,64,209,66,126,192,401
05/20/2009,ACY,NJ,AEA,EN,Combined TRACON& Tower with Radar,44,21,28,102,195,0,2,47,32,81,44,23,75,134,276,24,86,110,386
05/21/2009,ACY,NJ,AEA,EN,Combined TRACON& Tower with Radar,20,25,42,47,134,0,5,59,60,124,20,30,101,107,258,92,150,242,500
05/22/2009,ACY,NJ,AEA,EN,Combined TRACON& Tower with Radar,29,8,25,0,62,0,2,75,36,113,29,10,100,36,175,34,164,198,373
05/23/2009,ACY,NJ,AEA,EN,Combined TRACON& Tower with Radar,23,7,26,0,56,0,4,51,17,72,23,11,77,17,128,46,82,128,256
05/24/2009,ACY,NJ,AEA,EN,Combined TRACON& Tower with Radar,32,13,25,2,72,0,3,41,18,62,32,16,66,20,134,132,18,150,284
05/25/2009,ACY,NJ,AEA,EN,Combined TRACON& Tower with Radar,21,4,28,0,53,0,4,45,7,56,21,8,73,7,109,10,0,10,119
05/26/2009,ACY,NJ,AEA,EN,Combined TRACON& Tower with Radar,22,7,18,47,94,0,2,10,13,25,22,9,28,60,119,2,76,78,197
05/27/2009,ACY,NJ,AEA,EN,Combined TRACON& Tower with Radar,22,31,34,76,163,0,2,14,7,23,22,33,48,83,186,6,248,254,440
05/28/2009,ACY,NJ,AEA,EN,Combined TRACON& Tower with Radar,24,13,43,28,108,0,2,10,6,18,24,15,53,34,126,64,70,134,260
05/29/2009,ACY,NJ,AEA,EN,Combined TRACON& Tower with Radar,21,10,48,27,106,0,2,17,11,30,21,12,65,38,136,18,56,74,210
05/30/2009,ACY,NJ,AEA,EN,Combined TRACON& Tower with Radar,23,6,29,4,62,0,0,49,10,59,23,6,78,14,121,6,4,10,131
05/31/2009,ACY,NJ,AEA,EN,Combined TRACON& Tower with Radar,24,7,29,20,80,0,0,46,11,57,24,7,75,31,137,66,102,168,305
06/01/2009,ACY,NJ,AEA,EN,Combined TRACON& Tower with Radar,17,4,20,12,53,0,0,39,20,59,17,4,59,32,112,0,38,38,150
06/02/2009,ACY,NJ,AEA,EN,Combined TRACON& Tower with Radar,18,8,37,27,90,0,0,27,20,47,18,8,64,47,137,16,14,30,167
06/03/2009,ACY,NJ,AEA,EN,Combined TRACON& Tower with Radar,16,12,23,44,95,0,2,8,9,19,16,14,31,53,114,0,14,14,128
06/04/2009,ACY,NJ,AEA,EN,Combined TRACON& Tower with Radar,19,8,31,15,73,0,1,5,23,29,19,9,36,38,102,78,90,168,270
06/05/2009,ACY,NJ,AEA,EN,Combined TRACON& Tower with Radar,24,13,34,36,107,0,0,1,2,3,24,13,35,38,110,0,0,0,110
06/06/2009,ACY,NJ,AEA,EN,Combined TRACON& Tower with Radar,23,12,47,34,116,0,0,38,19,57,23,12,85,53,173,74,142,216,389
06/07/2009,ACY,NJ,AEA,EN,Combined TRACON& Tower with Radar,26,20,28,5,79,0,2,71,10,83,26,22,99,15,162,36,88,124,286
06/08/2009,ACY,NJ,AEA,EN,Combined TRACON& Tower with Radar,25,5,23,49,102,0,5,32,37,74,25,10,55,86,176,4,8,12,188
06/09/2009,ACY,NJ,AEA,EN,Combined TRACON& Tower with Radar,29,10,21,23,83,0,0,5,9,14,29,10,26,32,97,0,42,42,139
06/10/2009,ACY,NJ,AEA,EN,Combined TRACON& Tower with Radar,29,10,40,40,119,0,0,2,6,8,29,10,42,46,127,0,52,52,179
06/11/2009,ACY,NJ,AEA,EN,Combined TRACON& Tower with Radar,21,18,36,12,87,0,0,7,16,23,21,18,43,28,110,18,112,130,240
06/12/2009,ACY,NJ,AEA,EN,Combined TRACON& Tower with Radar,34,19,38,27,118,0,1,24,25,50,34,20,62,52,168,124,154,278,446
06/13/2009,ACY,NJ,AEA,EN,Combined TRACON& Tower with Radar,32,12,37,31,112,0,1,28,7,36,32,13,65,38,148,36,28,64,212
06/14/2009,ACY,NJ,AEA,EN,Combined TRACON& Tower with Radar,31,13,45,2,91,0,2,41,14,57,31,15,86,16,148,0,0,0,148
06/15/2009,ACY,NJ,AEA,EN,Combined TRACON& Tower with Radar,35,5,29,34,103,0,2,26,27,55,35,7,55,61,158,40,84,124,282
06/16/2009,ACY,NJ,AEA,EN,Combined TRACON& Tower with Radar,24,9,46,47,126,0,0,14,1,15,24,9,60,48,141,10,22,32,173
06/17/2009,ACY,NJ,AEA,EN,Combined TRACON& Tower with Radar,24,28,39,40,131,0,2,22,43,67,24,30,61,83,198,48,202,250,448
06/18/2009,ACY,NJ,AEA,EN,Combined TRACON& Tower with Radar,25,11,21,26,83,0,0,5,5,10,25,11,26,31,93,0,16,16,109
06/19/2009,ACY,NJ,AEA,EN,Combined TRACON& Tower with Radar,28,15,30,11,84,0,0,26,36,62,28,15,56,47,146,18,36,54,200
06/20/2009,ACY,NJ,AEA,EN,Combined TRACON& Tower with Radar,36,15,19,6,76,0,0,13,5,18,36,15,32,11,94,10,11,21,115
06/21/2009,ACY,NJ,AEA,EN,Combined TRACON& Tower with Radar,34,13,36,2,85,0,0,8,3,11,34,13,44,5,96,0,0,0,96
06/22/2009,ACY,NJ,AEA,EN,Combined TRACON& Tower with Radar,24,7,22,55,108,0,1,22,32,55,24,8,44,87,163,26,102,128,291
06/23/2009,ACY,NJ,AEA,EN,Combined TRACON& Tower with Radar,24,4,45,31,104,0,0,62,32,94,24,4,107,63,198,88,174,262,460
06/24/2009,ACY,NJ,AEA,EN,Combined TRACON& Tower with Radar,25,8,78,61,172,0,10,33,33,76,25,18,111,94,248,78,200,278,526
06/25/2009,ACY,NJ,AEA,EN,Combined TRACON& Tower with Radar,34,9,48,48,139,0,2,32,25,59,34,11,80,73,198,82,221,303,501
06/26/2009,ACY,NJ,AEA,EN,Combined TRACON& Tower with Radar,42,14,47,43,146,1,0,18,32,51,43,14,65,75,197,102,130,232,429
06/27/2009,ACY,NJ,AEA,EN,Combined TRACON& Tower with Radar,39,10,42,12,103,0,0,50,8,58,39,10,92,20,161,131,50,181,342
06/28/2009,ACY,NJ,AEA,EN,Combined TRACON& Tower with Radar,39,11,47,2,99,0,2,44,8,54,39,13,91,10,153,0,0,0,153
06/29/2009,ACY,NJ,AEA,EN,Combined TRACON& Tower with Radar,31,10,25,11,77,0,3,67,26,96,31,13,92,37,173,8,50,58,231
06/30/2009,ACY,NJ,AEA,EN,Combined TRACON& Tower with Radar,27,7,21,29,84,0,0,83,17,100,27,7,104,46,184,0,0,0,184
07/01/2009,ACY,NJ,AEA,EN,Combined TRACON& Tower with Radar,24,21,44,29,118,0,5,21,14,40,24,26,65,43,158,6,38,44,202
07/02/2009,ACY,NJ,AEA,EN,Combined TRACON& Tower with Radar,21,19,39,47,126,0,3,21,15,39,21,22,60,62,165,0,26,26,191
07/03/2009,ACY,NJ,AEA,EN,Combined TRACON& Tower with Radar,31,18,45,1,95,1,1,72,11,85,32,19,117,12,180,32,8,40,220
07/04/2009,ACY,NJ,AEA,EN,Combined TRACON& Tower with Radar,28,8,46,1,83,0,1,39,4,44,28,9,85,5,127,0,0,0,127
07/05/2009,ACY,NJ,AEA,EN,Combined TRACON& Tower with Radar,33,17,37,1,88,0,0,40,5,45,33,17,77,6,133,3,3,6,139
07/06/2009,ACY,NJ,AEA,EN,Combined TRACON& Tower with Radar,29,2,38,36,105,0,0,58,30,88,29,2,96,66,193,102,146,248,441
07/07/2009,ACY,NJ,AEA,EN,Combined TRACON& Tower with Radar,31,24,50,15,120,0,7,41,45,93,31,31,91,60,213,117,193,310,523
07/08/2009,ACY,NJ,AEA,EN,Combined TRACON& Tower with Radar,25,15,30,34,104,0,0,44,24,68,25,15,74,58,172,46,50,96,268
07/09/2009,ACY,NJ,AEA,EN,Combined TRACON& Tower with Radar,27,10,40,44,121,0,0,83,30,113,27,10,123,74,234,16,58,74,308
07/10/2009,ACY,NJ,AEA,EN,Combined TRACON& Tower with Radar,29,29,39,34,131,0,3,62,25,90,29,32,101,59,221,42,70,112,333
07/11/2009,ACY,NJ,AEA,EN,Combined TRACON& Tower with Radar,37,11,24,5,77,0,0,35,4,39,37,11,59,9,116,0,0,0,116
07/12/2009,ACY,NJ,AEA,EN,Combined TRACON& Tower with Radar,37,21,37,6,101,0,0,49,5,54,37,21,86,11,155,0,0,0,155
07/13/2009,ACY,NJ,AEA,EN,Combined TRACON& Tower with Radar,27,15,16,48,106,0,0,57,49,106,27,15,73,97,212,52,166,218,430
07/14/2009,ACY,NJ,AEA,EN,Combined TRACON& Tower with Radar,26,10,50,37,123,0,5,59,33,97,26,15,109,70,220,7,35,42,262
07/15/2009,ACY,NJ,AEA,EN,Combined TRACON& Tower with Radar,25,15,25,40,105,0,0,70,40,110,25,15,95,80,215,134,194,328,543
07/16/2009,ACY,NJ,AEA,EN,Combined TRACON& Tower with Radar,23,20,35,33,111,0,0,34,45,79,23,20,69,78,190,80,164,244,434
07/17/2009,ACY,NJ,AEA,EN,Combined TRACON& Tower with Radar,33,14,45,74,166,0,2,39,33,74,33,16,84,107,240,22,68,90,330
07/18/2009,ACY,NJ,AEA,EN,Combined TRACON& Tower with Radar,35,12,48,14,109,0,3,35,4,42,35,15,83,18,151,0,0,0,151
07/19/2009,ACY,NJ,AEA,EN,Combined TRACON& Tower with Radar,35,18,45,1,99,0,2,59,8,69,35,20,104,9,168,0,0,0,168
07/20/2009,ACY,NJ,AEA,EN,Combined TRACON& Tower with Radar,26,9,25,17,77,0,0,34,32,66,26,9,59,49,143,32,16,48,191
07/21/2009,ACY,NJ,AEA,EN,Combined TRACON& Tower with Radar,27,7,51,45,130,1,0,3,21,25,28,7,54,66,155,42,130,172,327
07/22/2009,ACY,NJ,AEA,EN,Combined TRACON& Tower with Radar,25,10,39,68,142,0,0,10,26,36,25,10,49,94,178,74,184,258,436
07/23/2009,ACY,NJ,AEA,EN,Combined TRACON& Tower with Radar,30,9,28,24,91,0,0,3,6,9,30,9,31,30,100,10,0,10,110
07/24/2009,ACY,NJ,AEA,EN,Combined TRACON& Tower with Radar,36,24,49,31,140,1,2,43,33,79,37,26,92,64,219,18,20,38,257
07/25/2009,ACY,NJ,AEA,EN,Combined TRACON& Tower with Radar,45,19,31,1,96,0,3,100,8,111,45,22,131,9,207,0,0,0,207
07/26/2009,ACY,NJ,AEA,EN,Combined TRACON& Tower with Radar,33,22,40,2,97,0,2,20,11,33,33,24,60,13,130,84,18,102,232
07/27/2009,ACY,NJ,AEA,EN,Combined TRACON& Tower with Radar,28,7,29,7,71,0,0,24,28,52,28,7,53,35,123,64,80,144,267
07/28/2009,ACY,NJ,AEA,EN,Combined TRACON& Tower with Radar,38,18,21,56,133,0,2,14,16,32,38,20,35,72,165,0,0,0,165
07/29/2009,ACY,NJ,AEA,EN,Combined TRACON& Tower with Radar,25,22,38,19,104,0,0,10,24,34,25,22,48,43,138,50,128,178,316
07/30/2009,ACY,NJ,AEA,EN,Combined TRACON& Tower with Radar,24,19,61,55,159,1,2,50,37,90,25,21,111,92,249,29,45,74,323
07/31/2009,ACY,NJ,AEA,EN,Combined TRACON& Tower with Radar,26,21,67,69,183,0,0,24,22,46,26,21,91,91,229,4,38,42,271
08/01/2009,ACY,NJ,AEA,EN,Combined TRACON& Tower with Radar,26,19,33,2,80,0,3,50,8,61,26,22,83,10,141,0,0,0,141
08/02/2009,ACY,NJ,AEA,EN,Combined TRACON& Tower with Radar,34,23,55,0,112,0,0,11,1,12,34,23,66,1,124,0,0,0,124
08/03/2009,ACY,NJ,AEA,EN,Combined TRACON& Tower with Radar,25,8,50,32,115,0,5,41,33,79,25,13,91,65,194,30,34,64,258
08/04/2009,ACY,NJ,AEA,EN,Combined TRACON& Tower with Radar,24,8,22,71,125,0,6,38,7,51,24,14,60,78,176,8,36,44,220
08/05/2009,ACY,NJ,AEA,EN,Combined TRACON& Tower with Radar,24,9,27,87,147,0,7,24,16,47,24,16,51,103,194,36,54,90,284
08/06/2009,ACY,NJ,AEA,EN,Combined TRACON& Tower with Radar,26,14,37,18,95,0,4,15,12,31,26,18,52,30,126,1,10,11,137
08/07/2009,ACY,NJ,AEA,EN,Combined TRACON& Tower with Radar,31,17,52,34,134,0,0,57,22,79,31,17,109,56,213,12,88,100,313
08/08/2009,ACY,NJ,AEA,EN,Combined TRACON& Tower with Radar,28,17,54,31,130,0,4,94,28,126,28,21,148,59,256,68,146,214,470
08/09/2009,ACY,NJ,AEA,EN,Combined TRACON& Tower with Radar,39,29,36,23,127,0,2,23,27,52,39,31,59,50,179,56,70,126,305
08/10/2009,ACY,NJ,AEA,EN,Combined TRACON& Tower with Radar,26,7,31,71,135,2,2,69,35,108,28,9,100,106,243,52,266,318,561
08/11/2009,ACY,NJ,AEA,EN,Combined TRACON& Tower with Radar,27,12,18,40,97,0,4,37,28,69,27,16,55,68,166,80,138,218,384
08/12/2009,ACY,NJ,AEA,EN,Combined TRACON& Tower with Radar,27,17,34,17,95,0,0,31,8,39,27,17,65,25,134,0,1,1,135
08/13/2009,ACY,NJ,AEA,EN,Combined TRACON& Tower with Radar,27,20,31,27,105,0,0,8,28,36,27,20,39,55,141,36,160,196,337
08/14/2009,ACY,NJ,AEA,EN,Combined TRACON& Tower with Radar,31,24,58,60,173,0,0,49,18,67,31,24,107,78,240,14,94,108,348
08/15/2009,ACY,NJ,AEA,EN,Combined TRACON& Tower with Radar,36,13,32,0,81,0,0,46,6,52,36,13,78,6,133,126,16,142,275
08/16/2009,ACY,NJ,AEA,EN,Combined TRACON& Tower with Radar,31,19,47,2,99,0,0,67,9,76,31,19,114,11,175,44,68,112,287
08/17/2009,ACY,NJ,AEA,EN,Combined TRACON& Tower with Radar,27,10,33,55,125,0,2,75,24,101,27,12,108,79,226,32,106,138,364
08/18/2009,ACY,NJ,AEA,EN,Combined TRACON& Tower with Radar,27,9,30,14,80,0,10,41,19,70,27,19,71,33,150,0,0,0,150
08/19/2009,ACY,NJ,AEA,EN,Combined TRACON& Tower with Radar,26,14,28,10,78,1,13,81,28,123,27,27,109,38,201,18,0,18,219
08/20/2009,ACY,NJ,AEA,EN,Combined TRACON& Tower with Radar,21,22,39,102,184,0,1,53,34,88,21,23,92,136,272,42,239,281,553
08/21/2009,ACY,NJ,AEA,EN,Combined TRACON& Tower with Radar,39,22,38,34,133,0,2,49,27,78,39,24,87,61,211,58,164,222,433
08/22/2009,ACY,NJ,AEA,EN,Combined TRACON& Tower with Radar,32,8,35,2,77,0,2,14,4,20,32,10,49,6,97,0,0,0,97
08/23/2009,ACY,NJ,AEA,EN,Combined TRACON& Tower with Radar,33,24,44,4,105,1,1,48,1,51,34,25,92,5,156,2,0,2,158
08/24/2009,ACY,NJ,AEA,EN,Combined TRACON& Tower with Radar,30,12,37,14,93,0,1,73,19,93,30,13,110,33,186,116,26,142,328
08/25/2009,ACY,NJ,AEA,EN,Combined TRACON& Tower with Radar,24,10,25,68,127,0,0,53,21,74,24,10,78,89,201,71,234,305,506
08/26/2009,ACY,NJ,AEA,EN,Combined TRACON& Tower with Radar,23,19,29,85,156,0,4,43,35,82,23,23,72,120,238,0,6,6,244
08/27/2009,ACY,NJ,AEA,EN,Combined TRACON& Tower with Radar,21,10,37,24,92,0,3,48,34,85,21,13,85,58,177,40,40,80,257
08/28/2009,ACY,NJ,AEA,EN,Combined TRACON& Tower with Radar,33,19,20,0,72,0,0,4,0,4,33,19,24,0,76,0,0,0,76
08/29/2009,ACY,NJ,AEA,EN,Combined TRACON& Tower with Radar,31,13,21,0,65,0,0,17,21,38,31,13,38,21,103,42,134,176,279
08/30/2009,ACY,NJ,AEA,EN,Combined TRACON& Tower with Radar,35,22,37,23,117,0,0,54,15,69,35,22,91,38,186,100,144,244,430
08/31/2009,ACY,NJ,AEA,EN,Combined TRACON& Tower with Radar,29,5,25,14,73,0,3,43,42,88,29,8,68,56,161,4,10,14,175
09/01/2009,ACY,NJ,AEA,EN,Combined TRACON& Tower with Radar,26,16,25,89,156,0,8,36,57,101,26,24,61,146,257,28,146,174,431
09/02/2009,ACY,NJ,AEA,EN,Combined TRACON& Tower with Radar,21,10,16,63,110,0,9,37,25,71,21,19,53,88,181,0,64,64,245
09/03/2009,ACY,NJ,AEA,EN,Combined TRACON& Tower with Radar,25,12,16,22,75,0,1,60,45,106,25,13,76,67,181,94,248,342,523
09/04/2009,ACY,NJ,AEA,EN,Combined TRACON& Tower with Radar,31,22,38,6,97,0,0,64,24,88,31,22,102,30,185,54,204,258,443
09/05/2009,ACY,NJ,AEA,EN,Combined TRACON& Tower with Radar,31,12,34,1,78,0,2,28,1,31,31,14,62,2,109,0,0,0,109
09/06/2009,ACY,NJ,AEA,EN,Combined TRACON& Tower with Radar,32,24,23,0,79,0,4,32,6,42,32,28,55,6,121,0,0,0,121
09/07/2009,ACY,NJ,AEA,EN,Combined TRACON& Tower with Radar,31,5,42,0,78,0,3,39,5,47,31,8,81,5,125,0,0,0,125
09/08/2009,ACY,NJ,AEA,EN,Combined TRACON& Tower with Radar,27,8,31,43,109,0,2,10,20,32,27,10,41,63,141,42,166,208,349
09/09/2009,ACY,NJ,AEA,EN,Combined TRACON& Tower with Radar,22,9,25,45,101,0,0,22,17,39,22,9,47,62,140,0,82,82,222
09/10/2009,ACY,NJ,AEA,EN,Combined TRACON& Tower with Radar,24,8,39,0,71,0,0,2,16,18,24,8,41,16,89,0,0,0,89
09/11/2009,ACY,NJ,AEA,EN,Combined TRACON& Tower with Radar,34,22,25,28,109,0,2,1,3,6,34,24,26,31,115,0,0,0,115
09/12/2009,ACY,NJ,AEA,EN,Combined TRACON& Tower with Radar,33,11,31,24,99,0,0,8,2,10,33,11,39,26,109,0,0,0,109
09/13/2009,ACY,NJ,AEA,EN,Combined TRACON& Tower with Radar,35,20,29,15,99,0,4,46,12,62,35,24,75,27,161,16,8,24,185
09/14/2009,ACY,NJ,AEA,EN,Combined TRACON& Tower with Radar,29,5,31,67,132,0,8,35,31,74,29,13,66,98,206,0,64,64,270
09/15/2009,ACY,NJ,AEA,EN,Combined TRACON& Tower with Radar,29,6,20,73,128,0,4,34,30,68,29,10,54,103,196,27,152,179,375
09/16/2009,ACY,NJ,AEA,EN,Combined TRACON& Tower with Radar,21,14,36,15,86,0,0,13,19,32,21,14,49,34,118,46,102,148,266
09/17/2009,ACY,NJ,AEA,EN,Combined TRACON& Tower with Radar,26,8,36,82,152,0,0,42,52,94,26,8,78,134,246,32,330,362,608
09/18/2009,ACY,NJ,AEA,EN,Combined TRACON& Tower with Radar,35,26,49,40,150,0,2,53,24,79,35,28,102,64,229,14,0,14,243
09/19/2009,ACY,NJ,AEA,EN,Combined TRACON& Tower with Radar,27,20,45,0,92,0,0,99,7,106,27,20,144,7,198,34,22,56,254
09/20/2009,ACY,NJ,AEA,EN,Combined TRACON& Tower with Radar,32,17,51,17,117,0,1,83,13,97,32,18,134,30,214,8,18,26,240
09/21/2009,ACY,NJ,AEA,EN,Combined TRACON& Tower with Radar,30,5,24,92,151,0,3,25,9,37,30,8,49,101,188,30,48,78,266
09/22/2009,ACY,NJ,AEA,EN,Combined TRACON& Tower with Radar,26,8,19,42,95,0,1,42,25,68,26,9,61,67,163,12,40,52,215
09/23/2009,ACY,NJ,AEA,EN,Combined TRACON& Tower with Radar,22,18,40,63,143,0,0,22,16,38,22,18,62,79,181,58,256,314,495
09/24/2009,ACY,NJ,AEA,EN,Combined TRACON& Tower with Radar,32,12,31,18,93,0,0,38,26,64,32,12,69,44,157,44,138,182,339
09/25/2009,ACY,NJ,AEA,EN,Combined TRACON& Tower with Radar,26,18,56,36,136,0,3,49,34,86,26,21,105,70,222,66,166,232,454
09/26/2009,ACY,NJ,AEA,EN,Combined TRACON& Tower with Radar,32,15,32,0,79,0,2,55,26,83,32,17,87,26,162,30,126,156,318
09/27/2009,ACY,NJ,AEA,EN,Combined TRACON& Tower with Radar,40,14,40,0,94,0,0,8,5,13,40,14,48,5,107,0,26,26,133
09/28/2009,ACY,NJ,AEA,EN,Combined TRACON& Tower with Radar,31,11,26,24,92,0,3,16,17,36,31,14,42,41,128,0,28,28,156
09/29/2009,ACY,NJ,AEA,EN,Combined TRACON& Tower with Radar,25,11,23,30,89,0,0,42,30,72,25,11,65,60,161,79,224,303,464
09/30/2009,ACY,NJ,AEA,EN,Combined TRACON& Tower with Radar,25,6,30,13,74,0,4,11,10,25,25,10,41,23,99,16,120,136,235
10/01/2009,ACY,NJ,AEA,EN,Combined TRACON& Tower with Radar,25,13,32,67,137,0,3,40,114,157,25,16,72,181,294,13,37,50,344
10/02/2009,ACY,NJ,AEA,EN,Combined TRACON& Tower with Radar,30,21,35,44,130,0,4,23,22,49,30,25,58,66,179,54,128,182,361
10/03/2009,ACY,NJ,AEA,EN,Combined TRACON& Tower with Radar,30,14,28,2,74,0,2,10,12,24,30,16,38,14,98,24,94,118,216
10/04/2009,ACY,NJ,AEA,EN,Combined TRACON& Tower with Radar,30,22,31,11,94,0,2,38,15,55,30,24,69,26,149,66,128,194,343
10/05/2009,ACY,NJ,AEA,EN,Combined TRACON& Tower with Radar,26,11,34,14,85,0,1,35,30,66,26,12,69,44,151,88,76,164,315
10/06/2009,ACY,NJ,AEA,EN,Combined TRACON& Tower with Radar,24,9,30,81,144,0,6,28,24,58,24,15,58,105,202,86,110,196,398
10/07/2009,ACY,NJ,AEA,EN,Combined TRACON& Tower with Radar,25,13,22,6,66,0,4,35,34,73,25,17,57,40,139,26,158,184,323
10/08/2009,ACY,NJ,AEA,EN,Combined TRACON& Tower with Radar,25,13,33,65,136,3,0,98,160,261,28,13,131,225,397,0,0,0,397
10/09/2009,ACY,NJ,AEA,EN,Combined TRACON& Tower with Radar,29,23,37,28,117,1,0,15,22,38,30,23,52,50,155,0,52,52,207
10/10/2009,ACY,NJ,AEA,EN,Combined TRACON& Tower with Radar,31,5,22,10,68,0,1,15,1,17,31,6,37,11,85,0,0,0,85
10/11/2009,ACY,NJ,AEA,EN,Combined TRACON& Tower with Radar,31,16,37,1,85,0,0,43,18,61,31,16,80,19,146,0,46,46,192
10/12/2009,ACY,NJ,AEA,EN,Combined TRACON& Tower with Radar,31,7,25,0,63,0,2,41,13,56,31,9,66,13,119,74,108,182,301
10/13/2009,ACY,NJ,AEA,EN,Combined TRACON& Tower with Radar,25,10,29,97,161,0,8,40,26,74,25,18,69,123,235,14,148,162,397
10/14/2009,ACY,NJ,AEA,EN,Combined TRACON& Tower with Radar,24,11,49,37,121,0,5,46,27,78,24,16,95,64,199,30,100,130,329
10/15/2009,ACY,NJ,AEA,EN,Combined TRACON& Tower with Radar,28,14,34,45,121,0,0,4,6,10,28,14,38,51,131,0,0,0,131
10/16/2009,ACY,NJ,AEA,EN,Combined TRACON& Tower with Radar,30,25,37,14,106,0,0,1,2,3,30,25,38,16,109,0,0,0,109
10/17/2009,ACY,NJ,AEA,EN,Combined TRACON& Tower with Radar,34,15,22,0,71,0,0,5,2,7,34,15,27,2,78,0,0,0,78
10/18/2009,ACY,NJ,AEA,EN,Combined TRACON& Tower with Radar,38,18,25,9,90,0,0,2,1,3,38,18,27,10,93,0,40,40,133
10/19/2009,ACY,NJ,AEA,EN,Combined TRACON& Tower with Radar,28,5,22,65,120,0,0,38,36,74,28,5,60,101,194,140,240,380,574
10/20/2009,ACY,NJ,AEA,EN,Combined TRACON& Tower with Radar,24,16,34,80,154,0,1,40,19,60,24,17,74,99,214,2,192,194,408
10/21/2009,ACY,NJ,AEA,EN,Combined TRACON& Tower with Radar,23,12,43,51,129,0,0,77,31,108,23,12,120,82,237,70,250,320,557
10/22/2009,ACY,NJ,AEA,EN,Combined TRACON& Tower with Radar,28,13,42,68,151,0,2,45,39,86,28,15,87,107,237,118,242,360,597
10/23/2009,ACY,NJ,AEA,EN,Combined TRACON& Tower with Radar,37,15,28,30,110,0,1,17,18,36,37,16,45,48,146,48,278,326,472
10/24/2009,ACY,NJ,AEA,EN,Combined TRACON& Tower with Radar,28,9,12,4,53,0,0,0,3,3,28,9,12,7,56,0,0,0,56
10/25/2009,ACY,NJ,AEA,EN,Combined TRACON& Tower with Radar,38,12,17,0,67,0,1,45,7,53,38,13,62,7,120,150,4,154,274
10/26/2009,ACY,NJ,AEA,EN,Combined TRACON& Tower with Radar,24,3,33,53,113,0,5,55,39,99,24,8,88,92,212,70,222,292,504
10/27/2009,ACY,NJ,AEA,EN,Combined TRACON& Tower with Radar,28,14,44,31,117,0,0,2,8,10,28,14,46,39,127,2,2,4,131
10/28/2009,ACY,NJ,AEA,EN,Combined TRACON& Tower with Radar,23,19,35,26,103,0,0,0,10,10,23,19,35,36,113,0,0,0,113
10/29/2009,ACY,NJ,AEA,EN,Combined TRACON& Tower with Radar,26,13,42,78,159,0,3,10,17,30,26,16,52,95,189,0,84,84,273
10/30/2009,ACY,NJ,AEA,EN,Combined TRACON& Tower with Radar,32,18,50,40,140,0,3,20,14,37,32,21,70,54,177,36,82,118,295
10/31/2009,ACY,NJ,AEA,EN,Combined TRACON& Tower with Radar,25,10,25,0,60,0,6,8,11,25,25,16,33,11,85,26,20,46,131
11/01/2009,ACY,NJ,AEA,EN,Combined TRACON& Tower with Radar,35,16,24,3,78,0,0,8,10,18,35,16,32,13,96,46,16,62,158
11/02/2009,ACY,NJ,AEA,EN,Combined TRACON& Tower with Radar,24,7,27,19,77,0,0,12,33,45,24,7,39,52,122,4,42,46,168
11/03/2009,ACY,NJ,AEA,EN,Combined TRACON& Tower with Radar,24,7,25,57,113,1,1,29,12,43,25,8,54,69,156,0,0,0,156
11/04/2009,ACY,NJ,AEA,EN,Combined TRACON& Tower with Radar,32,17,41,57,147,0,1,30,30,61,32,18,71,87,208,68,134,202,410
11/05/2009,ACY,NJ,AEA,EN,Combined TRACON& Tower with Radar,29,12,37,24,102,0,1,19,24,44,29,13,56,48,146,0,0,0,146
11/06/2009,ACY,NJ,AEA,EN,Combined TRACON& Tower with Radar,35,25,41,72,173,0,2,35,23,60,35,27,76,95,233,0,46,46,279
11/07/2009,ACY,NJ,AEA,EN,Combined TRACON& Tower with Radar,29,14,32,5,80,0,4,41,8,53,29,18,73,13,133,0,0,0,133
11/08/2009,ACY,NJ,AEA,EN,Combined TRACON& Tower with Radar,34,26,30,16,106,0,6,98,17,121,34,32,128,33,227,50,108,158,385
11/09/2009,ACY,NJ,AEA,EN,Combined TRACON& Tower with Radar,25,8,13,58,104,0,0,14,94,108,25,8,27,152,212,4,90,94,306
11/10/2009,ACY,NJ,AEA,EN,Combined TRACON& Tower with Radar,27,17,26,26,96,0,0,17,33,50,27,17,43,59,146,0,78,78,224
11/11/2009,ACY,NJ,AEA,EN,Combined TRACON& Tower with Radar,23,11,23,0,57,0,0,7,10,17,23,11,30,10,74,0,0,0,74
11/12/2009,ACY,NJ,AEA,EN,Combined TRACON& Tower with Radar,29,9,13,3,54,0,2,4,8,14,29,11,17,11,68,0,0,0,68
11/13/2009,ACY,NJ,AEA,EN,Combined TRACON& Tower with Radar,39,30,29,2,100,0,0,1,1,2,39,30,30,3,102,0,0,0,102
11/14/2009,ACY,NJ,AEA,EN,Combined TRACON& Tower with Radar,38,7,24,2,71,0,0,0,0,0,38,7,24,2,71,0,0,0,71
11/15/2009,ACY,NJ,AEA,EN,Combined TRACON& Tower with Radar,48,20,34,7,109,0,1,27,16,44,48,21,61,23,153,0,12,12,165
11/16/2009,ACY,NJ,AEA,EN,Combined TRACON& Tower with Radar,38,13,24,7,82,0,0,53,30,83,38,13,77,37,165,30,19,49,214
11/17/2009,ACY,NJ,AEA,EN,Combined TRACON& Tower with Radar,32,12,25,51,120,0,0,42,34,76,32,12,67,85,196,4,130,134,330
11/18/2009,ACY,NJ,AEA,EN,Combined TRACON& Tower with Radar,29,15,21,9,74,0,0,10,18,28,29,15,31,27,102,33,144,177,279
11/19/2009,ACY,NJ,AEA,EN,Combined TRACON& Tower with Radar,30,10,30,18,88,0,1,3,25,29,30,11,33,43,117,60,158,218,335
11/20/2009,ACY,NJ,AEA,EN,Combined TRACON& Tower with Radar,44,15,37,60,156,0,4,20,26,50,44,19,57,86,206,100,16,116,322
11/21/2009,ACY,NJ,AEA,EN,Combined TRACON& Tower with Radar,36,11,43,4,94,0,0,56,5,61,36,11,99,9,155,108,16,124,279
11/22/2009,ACY,NJ,AEA,EN,Combined TRACON& Tower with Radar,43,8,37,24,112,0,0,36,6,42,43,8,73,30,154,0,0,0,154
11/23/2009,ACY,NJ,AEA,EN,Combined TRACON& Tower with Radar,34,9,27,15,85,0,0,3,20,23,34,9,30,35,108,34,72,106,214
11/24/2009,ACY,NJ,AEA,EN,Combined TRACON& Tower with Radar,31,6,19,20,76,0,0,1,3,4,31,6,20,23,80,38,46,84,164
11/25/2009,ACY,NJ,AEA,EN,Combined TRACON& Tower with Radar,29,11,27,12,79,0,0,0,0,0,29,11,27,12,79,0,0,0,79
11/26/2009,ACY,NJ,AEA,EN,Combined TRACON& Tower with Radar,29,8,10,0,47,0,0,3,0,3,29,8,13,0,50,0,0,0,50
11/27/2009,ACY,NJ,AEA,EN,Combined TRACON& Tower with Radar,42,18,12,0,72,0,0,3,10,13,42,18,15,10,85,10,40,50,135
11/28/2009,ACY,NJ,AEA,EN,Combined TRACON& Tower with Radar,30,19,13,0,62,0,1,17,10,28,30,20,30,10,90,30,30,60,150
11/29/2009,ACY,NJ,AEA,EN,Combined TRACON& Tower with Radar,40,36,48,27,151,0,0,173,31,204,40,36,221,58,355,116,36,152,507
11/30/2009,ACY,NJ,AEA,EN,Combined TRACON& Tower with Radar,34,8,28,74,144,0,0,8,44,52,34,8,36,118,196,22,106,128,324
12/01/2009,ACY,NJ,AEA,EN,Combined TRACON& Tower with Radar,30,6,33,54,123,0,0,46,23,69,30,6,79,77,192,52,148,200,392
12/02/2009,ACY,NJ,AEA,EN,Combined TRACON& Tower with Radar,29,14,35,61,139,0,0,32,52,84,29,14,67,113,223,24,218,242,465
12/03/2009,ACY,NJ,AEA,EN,Combined TRACON& Tower with Radar,53,14,35,130,232,0,1,10,52,63,53,15,45,182,295,58,316,374,669
12/04/2009,ACY,NJ,AEA,EN,Combined TRACON& Tower with Radar,34,18,37,30,119,0,2,40,31,73,34,20,77,61,192,72,162,234,426
12/05/2009,ACY,NJ,AEA,EN,Combined TRACON& Tower with Radar,28,13,13,6,60,0,0,1,3,4,28,13,14,9,64,0,0,0,64
12/06/2009,ACY,NJ,AEA,EN,Combined TRACON& Tower with Radar,43,19,33,11,106,0,1,35,25,61,43,20,68,36,167,20,42,62,229
12/07/2009,ACY,NJ,AEA,EN,Combined TRACON& Tower with Radar,32,6,13,118,169,0,0,31,161,192,32,6,44,279,361,20,86,106,467
12/08/2009,ACY,NJ,AEA,EN,Combined TRACON& Tower with Radar,29,6,28,11,74,0,1,58,51,110,29,7,86,62,184,82,215,297,481
12/09/2009,ACY,NJ,AEA,EN,Combined TRACON& Tower with Radar,33,24,13,10,80,0,0,4,19,23,33,24,17,29,103,20,126,146,249
12/10/2009,ACY,NJ,AEA,EN,Combined TRACON& Tower with Radar,31,15,22,12,80,0,5,15,42,62,31,20,37,54,142,30,118,148,290
12/11/2009,ACY,NJ,AEA,EN,Combined TRACON& Tower with Radar,31,35,24,30,120,0,1,8,14,23,31,36,32,44,143,0,38,38,181
12/12/2009,ACY,NJ,AEA,EN,Combined TRACON& Tower with Radar,34,18,36,11,99,0,3,60,24,87,34,21,96,35,186,38,140,178,364
12/13/2009,ACY,NJ,AEA,EN,Combined TRACON& Tower with Radar,39,37,33,28,137,0,0,11,6,17,39,37,44,34,154,12,0,12,166
12/14/2009,ACY,NJ,AEA,EN,Combined TRACON& Tower with Radar,35,13,40,50,138,0,0,45,50,95,35,13,85,100,233,28,86,114,347
12/15/2009,ACY,NJ,AEA,EN,Combined TRACON& Tower with Radar,31,7,55,75,168,0,0,24,29,53,31,7,79,104,221,34,94,128,349
12/16/2009,ACY,NJ,AEA,EN,Combined TRACON& Tower with Radar,28,13,15,80,136,0,0,34,34,68,28,13,49,114,204,14,158,172,376
12/17/2009,ACY,NJ,AEA,EN,Combined TRACON& Tower with Radar,30,11,24,58,123,0,2,43,38,83,30,13,67,96,206,34,222,256,462
12/18/2009,ACY,NJ,AEA,EN,Combined TRACON& Tower with Radar,29,13,52,15,109,0,4,47,10,61,29,17,99,25,170,22,0,22,192
12/19/2009,ACY,NJ,AEA,EN,Combined TRACON& Tower with Radar,10,2,1,0,13,0,0,0,0,0,10,2,1,0,13,0,0,0,13
12/20/2009,ACY,NJ,AEA,EN,Combined TRACON& Tower with Radar,28,9,13,2,52,0,1,2,5,8,28,10,15,7,60,0,0,0,60
12/21/2009,ACY,NJ,AEA,EN,Combined TRACON& Tower with Radar,34,5,17,4,60,0,1,14,16,31,34,6,31,20,91,0,6,6,97
12/22/2009,ACY,NJ,AEA,EN,Combined TRACON& Tower with Radar,29,5,8,22,64,0,0,19,10,29,29,5,27,32,93,0,0,0,93
12/23/2009,ACY,NJ,AEA,EN,Combined TRACON& Tower with Radar,33,5,16,57,111,0,2,63,29,94,33,7,79,86,205,42,234,276,481
12/24/2009,ACY,NJ,AEA,EN,Combined TRACON& Tower with Radar,29,7,20,0,56,0,4,21,5,30,29,11,41,5,86,0,0,0,86
12/25/2009,ACY,NJ,AEA,EN,Combined TRACON& Tower with Radar,32,5,2,0,39,0,0,0,0,0,32,5,2,0,39,0,0,0,39
12/26/2009,ACY,NJ,AEA,EN,Combined TRACON& Tower with Radar,32,13,9,0,54,0,0,0,0,0,32,13,9,0,54,0,0,0,54
12/27/2009,ACY,NJ,AEA,EN,Combined TRACON& Tower with Radar,41,11,28,0,80,0,1,49,21,71,41,12,77,21,151,20,30,50,201
12/28/2009,ACY,NJ,AEA,EN,Combined TRACON& Tower with Radar,40,8,19,93,160,0,0,3,17,20,40,8,22,110,180,6,178,184,364
12/29/2009,ACY,NJ,AEA,EN,Combined TRACON& Tower with Radar,41,7,3,14,65,0,2,14,23,39,41,9,17,37,104,128,36,164,268
12/30/2009,ACY,NJ,AEA,EN,Combined TRACON& Tower with Radar,39,10,60,96,205,0,0,57,24,81,39,10,117,120,286,44,322,366,652
12/31/2009,ACY,NJ,AEA,EN,Combined TRACON& Tower with Radar,36,15,28,0,79,0,0,0,0,0,36,15,28,0,79,0,0,0,79
01/01/2010,ACY,NJ,AEA,EN,Combined TRACON& Tower with Radar,37,8,15,0,60,0,2,3,0,5,37,10,18,0,65,0,0,0,65
01/02/2010,ACY,NJ,AEA,EN,Combined TRACON& Tower with Radar,26,19,21,7,73,0,2,5,4,11,26,21,26,11,84,0,0,0,84
01/03/2010,ACY,NJ,AEA,EN,Combined TRACON& Tower with Radar,39,9,19,0,67,0,0,5,1,6,39,9,24,1,73,0,0,0,73
01/04/2010,ACY,NJ,AEA,EN,Combined TRACON& Tower with Radar,33,7,16,139,195,0,2,9,8,19,33,9,25,147,214,0,186,186,400
01/05/2010,ACY,NJ,AEA,EN,Combined TRACON& Tower with Radar,34,6,22,57,119,0,0,18,29,47,34,6,40,86,166,4,84,88,254
01/06/2010,ACY,NJ,AEA,EN,Combined TRACON& Tower with Radar,28,15,27,67,137,0,0,53,38,91,28,15,80,105,228,90,416,506,734
01/07/2010,ACY,NJ,AEA,EN,Combined TRACON& Tower with Radar,30,8,24,97,159,0,0,28,40,68,30,8,52,137,227,68,190,258,485
01/08/2010,ACY,NJ,AEA,EN,Combined TRACON& Tower with Radar,33,15,13,76,137,0,0,30,16,46,33,15,43,92,183,74,220,294,477
01/09/2010,ACY,NJ,AEA,EN,Combined TRACON& Tower with Radar,37,8,11,44,100,0,0,30,2,32,37,8,41,46,132,24,48,72,204
01/10/2010,ACY,NJ,AEA,EN,Combined TRACON& Tower with Radar,39,21,31,14,105,0,4,35,12,51,39,25,66,26,156,6,24,30,186
01/11/2010,ACY,NJ,AEA,EN,Combined TRACON& Tower with Radar,30,5,23,49,107,0,1,22,33,56,30,6,45,82,163,120,18,138,301
01/12/2010,ACY,NJ,AEA,EN,Combined TRACON& Tower with Radar,23,6,39,49,117,0,2,20,23,45,23,8,59,72,162,68,201,269,431
01/13/2010,ACY,NJ,AEA,EN,Combined TRACON& Tower with Radar,25,14,5,91,135,0,2,59,40,101,25,16,64,131,236,106,302,408,644
01/14/2010,ACY,NJ,AEA,EN,Combined TRACON& Tower with Radar,29,8,31,90,158,0,0,74,42,116,29,8,105,132,274,72,422,494,768
01/15/2010,ACY,NJ,AEA,EN,Combined TRACON& Tower with Radar,35,21,33,39,128,0,0,26,42,68,35,21,59,81,196,82,230,312,508
01/16/2010,ACY,NJ,AEA,EN,Combined TRACON& Tower with Radar,28,9,28,5,70,0,0,51,4,55,28,9,79,9,125,82,0,82,207
01/17/2010,ACY,NJ,AEA,EN,Combined TRACON& Tower with Radar,42,19,32,0,93,0,0,0,0,0,42,19,32,0,93,0,0,0,93
01/18/2010,ACY,NJ,AEA,EN,Combined TRACON& Tower with Radar,35,5,28,26,94,0,0,47,12,59,35,5,75,38,153,80,194,274,427
01/19/2010,ACY,NJ,AEA,EN,Combined TRACON& Tower with Radar,27,7,17,49,100,0,0,42,18,60,27,7,59,67,160,54,174,228,388
01/20/2010,ACY,NJ,AEA,EN,Combined TRACON& Tower with Radar,29,7,41,182,259,0,1,43,33,77,29,8,84,215,336,74,248,322,658
01/21/2010,ACY,NJ,AEA,EN,Combined TRACON& Tower with Radar,56,11,29,55,151,0,1,36,34,71,56,12,65,89,222,72,176,248,470
01/22/2010,ACY,NJ,AEA,EN,Combined TRACON& Tower with Radar,42,14,19,81,156,0,0,17,43,60,42,14,36,124,216,54,232,286,502
01/23/2010,ACY,NJ,AEA,EN,Combined TRACON& Tower with Radar,37,12,32,1,82,0,0,30,5,35,37,12,62,6,117,0,0,0,117
01/24/2010,ACY,NJ,AEA,EN,Combined TRACON& Tower with Radar,43,13,31,9,96,0,0,11,5,16,43,13,42,14,112,0,12,12,124
01/25/2010,ACY,NJ,AEA,EN,Combined TRACON& Tower with Radar,35,7,21,7,70,0,0,7,4,11,35,7,28,11,81,0,58,58,139
01/26/2010,ACY,NJ,AEA,EN,Combined TRACON& Tower with Radar,29,10,32,77,148,0,1,33,44,78,29,11,65,121,226,12,117,129,355
01/27/2010,ACY,NJ,AEA,EN,Combined TRACON& Tower with Radar,26,10,41,138,215,1,0,66,52,119,27,10,107,190,334,94,304,398,732
01/28/2010,ACY,NJ,AEA,EN,Combined TRACON& Tower with Radar,29,25,16,80,150,0,0,19,32,51,29,25,35,112,201,94,294,388,589
01/29/2010,ACY,NJ,AEA,EN,Combined TRACON& Tower with Radar,39,13,31,75,158,0,2,19,26,47,39,15,50,101,205,60,212,272,477
01/30/2010,ACY,NJ,AEA,EN,Combined TRACON& Tower with Radar,30,8,18,19,75,0,0,3,1,4,30,8,21,20,79,2,50,52,131
01/31/2010,ACY,NJ,AEA,EN,Combined TRACON& Tower with Radar,42,12,28,3,85,0,0,15,3,18,42,12,43,6,103,14,134,148,251
02/01/2010,ACY,NJ,AEA,EN,Combined TRACON& Tower with Radar,29,6,24,93,152,0,4,19,36,59,29,10,43,129,211,58,164,222,433
02/02/2010,ACY,NJ,AEA,EN,Combined TRACON& Tower with Radar,24,7,27,60,118,0,0,19,35,54,24,7,46,95,172,20,146,166,338
02/03/2010,ACY,NJ,AEA,EN,Combined TRACON& Tower with Radar,24,12,35,34,105,0,4,14,18,36,24,16,49,52,141,8,68,76,217
02/04/2010,ACY,NJ,AEA,EN,Combined TRACON& Tower with Radar,34,10,27,69,140,0,1,43,41,85,34,11,70,110,225,16,184,200,425
02/05/2010,ACY,NJ,AEA,EN,Combined TRACON& Tower with Radar,32,14,41,73,160,0,0,10,27,37,32,14,51,100,197,10,140,150,347
02/06/2010,ACY,NJ,AEA,EN,Combined TRACON& Tower with Radar,0,0,0,0,0,0,0,0,0,0,0,0,0,0,0,0,0,0,0
02/07/2010,ACY,NJ,AEA,EN,Combined TRACON& Tower with Radar,35,9,9,0,53,0,3,10,3,16,35,12,19,3,69,0,0,0,69
02/08/2010,ACY,NJ,AEA,EN,Combined TRACON& Tower with Radar,34,7,9,5,55,0,3,12,30,45,34,10,21,35,100,0,0,0,100
02/09/2010,ACY,NJ,AEA,EN,Combined TRACON& Tower with Radar,25,2,26,3,56,0,0,15,19,34,25,2,41,22,90,0,0,0,90
02/10/2010,ACY,NJ,AEA,EN,Combined TRACON& Tower with Radar,15,0,0,0,15,0,0,0,0,0,15,0,0,0,15,0,0,0,15
02/11/2010,ACY,NJ,AEA,EN,Combined TRACON& Tower with Radar,35,8,22,11,76,0,0,10,19,29,35,8,32,30,105,0,0,0,105
02/12/2010,ACY,NJ,AEA,EN,Combined TRACON& Tower with Radar,38,16,28,13,95,0,5,15,18,38,38,21,43,31,133,0,0,0,133
02/13/2010,ACY,NJ,AEA,EN,Combined TRACON& Tower with Radar,41,11,18,0,70,0,0,13,6,19,41,11,31,6,89,0,0,0,89
02/14/2010,ACY,NJ,AEA,EN,Combined TRACON& Tower with Radar,41,21,23,1,86,0,0,12,5,17,41,21,35,6,103,0,0,0,103
02/15/2010,ACY,NJ,AEA,EN,Combined TRACON& Tower with Radar,36,7,11,1,55,0,0,20,3,23,36,7,31,4,78,0,0,0,78
02/16/2010,ACY,NJ,AEA,EN,Combined TRACON& Tower with Radar,28,10,4,1,43,0,0,0,7,7,28,10,4,8,50,0,36,36,86
02/17/2010,ACY,NJ,AEA,EN,Combined TRACON& Tower with Radar,33,12,27,75,147,0,2,23,30,55,33,14,50,105,202,20,106,126,328
02/18/2010,ACY,NJ,AEA,EN,Combined TRACON& Tower with Radar,33,12,14,43,102,0,2,28,30,60,33,14,42,73,162,18,121,139,301
02/19/2010,ACY,NJ,AEA,EN,Combined TRACON& Tower with Radar,39,15,25,23,102,0,1,30,24,55,39,16,55,47,157,0,0,0,157
02/20/2010,ACY,NJ,AEA,EN,Combined TRACON& Tower with Radar,37,5,31,26,99,0,1,24,18,43,37,6,55,44,142,0,20,20,162
02/21/2010,ACY,NJ,AEA,EN,Combined TRACON& Tower with Radar,43,14,32,9,98,0,0,27,7,34,43,14,59,16,132,98,22,120,252
02/22/2010,ACY,NJ,AEA,EN,Combined TRACON& Tower with Radar,33,10,29,98,170,0,1,27,58,86,33,11,56,156,256,8,172,180,436
02/23/2010,ACY,NJ,AEA,EN,Combined TRACON& Tower with Radar,34,5,8,14,61,0,0,0,0,0,34,5,8,14,61,0,0,0,61
02/24/2010,ACY,NJ,AEA,EN,Combined TRACON& Tower with Radar,38,17,50,101,206,0,2,8,30,40,38,19,58,131,246,0,184,184,430
02/25/2010,ACY,NJ,AEA,EN,Combined TRACON& Tower with Radar,33,10,5,4,52,0,0,0,0,0,33,10,5,4,52,0,0,0,52
02/26/2010,ACY,NJ,AEA,EN,Combined TRACON& Tower with Radar,39,15,17,1,72,0,1,6,3,10,39,16,23,4,82,0,0,0,82
02/27/2010,ACY,NJ,AEA,EN,Combined TRACON& Tower with Radar,35,20,29,0,84,0,0,9,9,18,35,20,38,9,102,0,0,0,102
02/28/2010,ACY,NJ,AEA,EN,Combined TRACON& Tower with Radar,42,12,40,7,101,0,0,11,7,18,42,12,51,14,119,14,0,14,133
03/01/2010,ACY,NJ,AEA,EN,Combined TRACON& Tower with Radar,32,6,14,70,122,0,5,9,53,67,32,11,23,123,189,18,134,152,341
03/02/2010,ACY,NJ,AEA,EN,Combined TRACON& Tower with Radar,32,8,29,76,145,0,0,18,32,50,32,8,47,108,195,48,224,272,467
03/03/2010,ACY,NJ,AEA,EN,Combined TRACON& Tower with Radar,28,13,11,8,60,0,4,4,24,32,28,17,15,32,92,24,170,194,286
03/04/2010,ACY,NJ,AEA,EN,Combined TRACON& Tower with Radar,30,9,27,53,119,0,3,27,37,67,30,12,54,90,186,42,180,222,408
03/05/2010,ACY,NJ,AEA,EN,Combined TRACON& Tower with Radar,38,20,52,79,189,0,0,69,31,100,38,20,121,110,289,80,266,346,635
03/06/2010,ACY,NJ,AEA,EN,Combined TRACON& Tower with Radar,36,11,55,15,117,1,0,61,14,76,37,11,116,29,193,124,90,214,407
03/07/2010,ACY,NJ,AEA,EN,Combined TRACON& Tower with Radar,41,21,52,16,130,0,0,72,12,84,41,21,124,28,214,74,182,256,470
03/08/2010,ACY,NJ,AEA,EN,Combined TRACON& Tower with Radar,34,5,22,77,138,0,0,19,23,42,34,5,41,100,180,0,104,104,284
03/09/2010,ACY,NJ,AEA,EN,Combined TRACON& Tower with Radar,35,11,32,77,155,0,0,43,54,97,35,11,75,131,252,16,204,220,472
03/10/2010,ACY,NJ,AEA,EN,Combined TRACON& Tower with Radar,31,14,27,62,134,0,0,34,39,73,31,14,61,101,207,0,150,150,357
03/11/2010,ACY,NJ,AEA,EN,Combined TRACON& Tower with Radar,32,18,20,86,156,0,0,30,48,78,32,18,50,134,234,6,178,184,418
03/12/2010,ACY,NJ,AEA,EN,Combined TRACON& Tower with Radar,35,19,24,2,80,0,0,0,0,0,35,19,24,2,80,0,0,0,80
03/13/2010,ACY,NJ,AEA,EN,Combined TRACON& Tower with Radar,36,11,10,0,57,0,0,0,0,0,36,11,10,0,57,0,0,0,57
03/14/2010,ACY,NJ,AEA,EN,Combined TRACON& Tower with Radar,45,20,21,3,89,0,0,0,0,0,45,20,21,3,89,0,0,0,89
03/15/2010,ACY,NJ,AEA,EN,Combined TRACON& Tower with Radar,31,9,14,37,91,0,0,2,10,12,31,9,16,47,103,0,0,0,103
03/16/2010,ACY,NJ,AEA,EN,Combined TRACON& Tower with Radar,59,38,32,39,168,0,2,30,40,72,59,40,62,79,240,2,282,284,524
03/17/2010,ACY,NJ,AEA,EN,Combined TRACON& Tower with Radar,56,8,26,74,164,0,2,31,40,73,56,10,57,114,237,10,106,116,353
03/18/2010,ACY,NJ,AEA,EN,Combined TRACON& Tower with Radar,47,16,29,53,145,0,3,82,50,135,47,19,111,103,280,84,354,438,718
03/19/2010,ACY,NJ,AEA,EN,Combined TRACON& Tower with Radar,42,22,27,24,115,0,5,34,37,76,42,27,61,61,191,32,100,132,323
03/20/2010,ACY,NJ,AEA,EN,Combined TRACON& Tower with Radar,39,20,35,34,128,0,0,33,3,36,39,20,68,37,164,48,106,154,318
03/21/2010,ACY,NJ,AEA,EN,Combined TRACON& Tower with Radar,45,23,27,15,110,0,2,64,20,86,45,25,91,35,196,30,74,104,300
03/22/2010,ACY,NJ,AEA,EN,Combined TRACON& Tower with Radar,37,5,9,61,112,0,0,0,29,29,37,5,9,90,141,0,158,158,299
03/23/2010,ACY,NJ,AEA,EN,Combined TRACON& Tower with Radar,32,13,23,54,122,0,0,9,24,33,32,13,32,78,155,0,2,2,157
03/24/2010,ACY,NJ,AEA,EN,Combined TRACON& Tower with Radar,36,9,29,55,129,1,1,21,37,60,37,10,50,92,189,0,86,86,275
03/25/2010,ACY,NJ,AEA,EN,Combined TRACON& Tower with Radar,40,13,28,85,166,0,2,31,36,69,40,15,59,121,235,6,78,84,319
03/26/2010,ACY,NJ,AEA,EN,Combined TRACON& Tower with Radar,33,19,30,43,125,0,0,12,54,66,33,19,42,97,191,0,94,94,285
03/27/2010,ACY,NJ,AEA,EN,Combined TRACON& Tower with Radar,42,10,29,7,88,0,1,38,12,51,42,11,67,19,139,60,54,114,253
03/28/2010,ACY,NJ,AEA,EN,Combined TRACON& Tower with Radar,42,14,27,17,100,0,0,12,6,18,42,14,39,23,118,0,0,0,118
03/29/2010,ACY,NJ,AEA,EN,Combined TRACON& Tower with Radar,35,6,18,47,106,0,0,0,6,6,35,6,18,53,112,0,14,14,126
03/30/2010,ACY,NJ,AEA,EN,Combined TRACON& Tower with Radar,35,11,15,18,79,0,0,1,16,17,35,11,16,34,96,0,16,16,112
03/31/2010,ACY,NJ,AEA,EN,Combined TRACON& Tower with Radar,31,9,24,67,131,0,0,96,34,130,31,9,120,101,261,98,428,526,787
04/01/2010,ACY,NJ,AEA,EN,Combined TRACON& Tower with Radar,35,13,39,72,159,0,0,63,44,107,35,13,102,116,266,116,98,214,480
04/02/2010,ACY,NJ,AEA,EN,Combined TRACON& Tower with Radar,35,7,31,56,129,0,2,50,46,98,35,9,81,102,227,88,346,434,661
04/03/2010,ACY,NJ,AEA,EN,Combined TRACON& Tower with Radar,32,6,26,0,64,0,1,12,4,17,32,7,38,4,81,0,0,0,81
04/04/2010,ACY,NJ,AEA,EN,Combined TRACON& Tower with Radar,31,4,19,0,54,0,2,46,9,57,31,6,65,9,111,70,6,76,187
04/05/2010,ACY,NJ,AEA,EN,Combined TRACON& Tower with Radar,32,5,21,52,110,0,0,36,26,62,32,5,57,78,172,36,120,156,328
04/06/2010,ACY,NJ,AEA,EN,Combined TRACON& Tower with Radar,33,8,23,17,81,0,0,48,43,91,33,8,71,60,172,106,150,256,428
04/07/2010,ACY,NJ,AEA,EN,Combined TRACON& Tower with Radar,28,10,38,58,134,0,0,36,53,89,28,10,74,111,223,53,153,206,429
04/08/2010,ACY,NJ,AEA,EN,Combined TRACON& Tower with Radar,40,8,21,43,112,0,2,30,53,85,40,10,51,96,197,38,234,272,469
04/09/2010,ACY,NJ,AEA,EN,Combined TRACON& Tower with Radar,39,21,22,16,98,0,0,17,34,51,39,21,39,50,149,20,110,130,279
04/10/2010,ACY,NJ,AEA,EN,Combined TRACON& Tower with Radar,45,18,30,59,152,1,1,36,12,50,46,19,66,71,202,56,68,124,326
04/11/2010,ACY,NJ,AEA,EN,Combined TRACON& Tower with Radar,42,29,37,13,121,0,4,55,12,71,42,33,92,25,192,0,12,12,204
04/12/2010,ACY,NJ,AEA,EN,Combined TRACON& Tower with Radar,45,4,19,80,148,0,0,24,28,52,45,4,43,108,200,8,108,116,316
04/13/2010,ACY,NJ,AEA,EN,Combined TRACON& Tower with Radar,33,10,34,34,111,0,3,21,15,39,33,13,55,49,150,0,0,0,150
04/14/2010,ACY,NJ,AEA,EN,Combined TRACON& Tower with Radar,29,13,34,62,138,0,2,62,27,91,29,15,96,89,229,60,310,370,599
04/15/2010,ACY,NJ,AEA,EN,Combined TRACON& Tower with Radar,36,16,34,89,175,0,2,39,57,98,36,18,73,146,273,88,173,261,534
04/16/2010,ACY,NJ,AEA,EN,Combined TRACON& Tower with Radar,44,17,34,99,194,0,2,26,38,66,44,19,60,137,260,54,218,272,532
04/17/2010,ACY,NJ,AEA,EN,Combined TRACON& Tower with Radar,38,11,39,9,97,0,3,29,9,41,38,14,68,18,138,16,40,56,194
04/18/2010,ACY,NJ,AEA,EN,Combined TRACON& Tower with Radar,48,22,51,16,137,0,0,36,4,40,48,22,87,20,177,0,0,0,177
04/19/2010,ACY,NJ,AEA,EN,Combined TRACON& Tower with Radar,33,6,21,50,110,0,2,32,29,63,33,8,53,79,173,0,60,60,233
04/20/2010,ACY,NJ,AEA,EN,Combined TRACON& Tower with Radar,39,5,24,53,121,0,3,57,46,106,39,8,81,99,227,62,168,230,457
04/21/2010,ACY,NJ,AEA,EN,Combined TRACON& Tower with Radar,46,13,21,54,134,0,0,23,43,66,46,13,44,97,200,42,211,253,453
04/22/2010,ACY,NJ,AEA,EN,Combined TRACON& Tower with Radar,40,7,26,38,111,0,4,37,44,85,40,11,63,82,196,58,240,298,494
04/23/2010,ACY,NJ,AEA,EN,Combined TRACON& Tower with Radar,39,19,56,44,158,0,6,73,25,104,39,25,129,69,262,46,322,368,630
04/24/2010,ACY,NJ,AEA,EN,Combined TRACON& Tower with Radar,41,16,38,0,95,0,5,95,14,114,41,21,133,14,209,72,24,96,305
04/25/2010,ACY,NJ,AEA,EN,Combined TRACON& Tower with Radar,35,24,32,0,91,0,0,0,2,2,35,24,32,2,93,0,0,0,93
04/26/2010,ACY,NJ,AEA,EN,Combined TRACON& Tower with Radar,35,7,23,30,95,0,0,1,1,2,35,7,24,31,97,0,0,0,97
04/27/2010,ACY,NJ,AEA,EN,Combined TRACON& Tower with Radar,42,8,21,69,140,0,0,18,38,56,42,8,39,107,196,0,124,124,320
04/28/2010,ACY,NJ,AEA,EN,Combined TRACON& Tower with Radar,31,16,25,95,167,1,0,21,26,48,32,16,46,121,215,42,166,208,423
04/29/2010,ACY,NJ,AEA,EN,Combined TRACON& Tower with Radar,36,8,27,59,130,0,0,44,37,81,36,8,71,96,211,14,98,112,323
04/30/2010,ACY,NJ,AEA,EN,Combined TRACON& Tower with Radar,41,12,43,76,172,0,2,86,26,114,41,14,129,102,286,56,140,196,482
05/01/2010,ACY,NJ,AEA,EN,Combined TRACON& Tower with Radar,34,10,24,24,92,0,0,59,17,76,34,10,83,41,168,38,70,108,276
05/02/2010,ACY,NJ,AEA,EN,Combined TRACON& Tower with Radar,39,17,35,1,92,0,0,14,6,20,39,17,49,7,112,0,4,4,116
05/03/2010,ACY,NJ,AEA,EN,Combined TRACON& Tower with Radar,31,6,32,46,115,0,0,34,61,95,31,6,66,107,210,50,256,306,516
05/04/2010,ACY,NJ,AEA,EN,Combined TRACON& Tower with Radar,31,12,25,35,103,0,1,48,22,71,31,13,73,57,174,0,0,0,174
05/05/2010,ACY,NJ,AEA,EN,Combined TRACON& Tower with Radar,21,13,42,66,142,0,1,52,16,69,21,14,94,82,211,0,0,0,211
05/06/2010,ACY,NJ,AEA,EN,Combined TRACON& Tower with Radar,34,8,17,4,63,0,0,28,24,52,34,8,45,28,115,28,18,46,161
05/07/2010,ACY,NJ,AEA,EN,Combined TRACON& Tower with Radar,32,17,35,35,119,0,0,68,5,73,32,17,103,40,192,16,66,82,274
05/08/2010,ACY,NJ,AEA,EN,Combined TRACON& Tower with Radar,43,8,18,0,69,0,1,9,6,16,43,9,27,6,85,0,0,0,85
05/09/2010,ACY,NJ,AEA,EN,Combined TRACON& Tower with Radar,36,7,16,0,59,0,0,11,9,20,36,7,27,9,79,0,0,0,79
05/10/2010,ACY,NJ,AEA,EN,Combined TRACON& Tower with Radar,31,7,24,40,102,0,1,36,28,65,31,8,60,68,167,8,92,100,267
05/11/2010,ACY,NJ,AEA,EN,Combined TRACON& Tower with Radar,24,14,28,101,167,0,1,23,44,68,24,15,51,145,235,54,178,232,467
05/12/2010,ACY,NJ,AEA,EN,Combined TRACON& Tower with Radar,21,13,39,75,148,0,0,0,10,10,21,13,39,85,158,10,82,92,250
05/13/2010,ACY,NJ,AEA,EN,Combined TRACON& Tower with Radar,34,19,40,78,171,0,2,97,69,168,34,21,137,147,339,32,172,204,543
05/14/2010,ACY,NJ,AEA,EN,Combined TRACON& Tower with Radar,37,30,36,57,160,0,0,14,15,29,37,30,50,72,189,8,86,94,283
05/15/2010,ACY,NJ,AEA,EN,Combined TRACON& Tower with Radar,33,21,40,14,108,0,1,64,14,79,33,22,104,28,187,4,40,44,231
05/16/2010,ACY,NJ,AEA,EN,Combined TRACON& Tower with Radar,34,32,45,16,127,0,4,60,17,81,34,36,105,33,208,46,42,88,296
05/17/2010,ACY,NJ,AEA,EN,Combined TRACON& Tower with Radar,40,4,28,25,97,0,0,22,17,39,40,4,50,42,136,18,18,36,172
05/18/2010,ACY,NJ,AEA,EN,Combined TRACON& Tower with Radar,25,5,18,12,60,0,0,1,0,1,25,5,19,12,61,0,0,0,61
05/19/2010,ACY,NJ,AEA,EN,Combined TRACON& Tower with Radar,27,10,42,99,178,0,0,23,32,55,27,10,65,131,233,42,182,224,457
05/20/2010,ACY,NJ,AEA,EN,Combined TRACON& Tower with Radar,31,20,33,39,123,0,3,77,50,130,31,23,110,89,253,4,170,174,427
05/21/2010,ACY,NJ,AEA,EN,Combined TRACON& Tower with Radar,48,23,46,14,131,0,7,54,24,85,48,30,100,38,216,12,18,30,246
05/22/2010,ACY,NJ,AEA,EN,Combined TRACON& Tower with Radar,38,10,44,13,105,0,2,33,9,44,38,12,77,22,149,0,0,0,149
05/23/2010,ACY,NJ,AEA,EN,Combined TRACON& Tower with Radar,42,23,44,13,122,0,0,2,0,2,42,23,46,13,124,0,0,0,124
05/24/2010,ACY,NJ,AEA,EN,Combined TRACON& Tower with Radar,35,7,35,52,129,0,0,6,6,12,35,7,41,58,141,0,8,8,149
05/25/2010,ACY,NJ,AEA,EN,Combined TRACON& Tower with Radar,30,31,62,64,187,0,2,39,13,54,30,33,101,77,241,0,0,0,241
05/26/2010,ACY,NJ,AEA,EN,Combined TRACON& Tower with Radar,24,14,37,100,175,0,1,80,34,115,24,15,117,134,290,0,156,156,446
05/27/2010,ACY,NJ,AEA,EN,Combined TRACON& Tower with Radar,40,24,38,41,143,0,0,12,13,25,40,24,50,54,168,0,81,81,249
05/28/2010,ACY,NJ,AEA,EN,Combined TRACON& Tower with Radar,30,22,45,33,130,0,0,37,15,52,30,22,82,48,182,0,0,0,182
05/29/2010,ACY,NJ,AEA,EN,Combined TRACON& Tower with Radar,38,11,45,5,99,0,0,27,13,40,38,11,72,18,139,0,0,0,139
05/30/2010,ACY,NJ,AEA,EN,Combined TRACON& Tower with Radar,37,25,35,1,98,0,2,48,21,71,37,27,83,22,169,60,36,96,265
05/31/2010,ACY,NJ,AEA,EN,Combined TRACON& Tower with Radar,38,11,33,0,82,0,2,40,17,59,38,13,73,17,141,6,2,8,149
06/01/2010,ACY,NJ,AEA,EN,Combined TRACON& Tower with Radar,30,14,39,54,137,0,0,12,43,55,30,14,51,97,192,92,174,266,458
06/02/2010,ACY,NJ,AEA,EN,Combined TRACON& Tower with Radar,29,14,41,76,160,0,6,72,68,146,29,20,113,144,306,32,128,160,466
06/03/2010,ACY,NJ,AEA,EN,Combined TRACON& Tower with Radar,33,21,38,90,182,0,8,43,14,65,33,29,81,104,247,224,410,634,881
06/04/2010,ACY,NJ,AEA,EN,Combined TRACON& Tower with Radar,34,21,20,72,147,0,1,28,17,46,34,22,48,89,193,8,182,190,383
06/05/2010,ACY,NJ,AEA,EN,Combined TRACON& Tower with Radar,39,6,24,9,78,0,16,33,18,67,39,22,57,27,145,6,18,24,169
06/06/2010,ACY,NJ,AEA,EN,Combined TRACON& Tower with Radar,39,16,33,3,91,0,2,26,18,46,39,18,59,21,137,6,36,42,179
06/07/2010,ACY,NJ,AEA,EN,Combined TRACON& Tower with Radar,35,7,31,82,155,0,1,32,25,58,35,8,63,107,213,36,126,162,375
06/08/2010,ACY,NJ,AEA,EN,Combined TRACON& Tower with Radar,32,10,41,50,133,0,0,75,44,119,32,10,116,94,252,26,130,156,408
06/09/2010,ACY,NJ,AEA,EN,Combined TRACON& Tower with Radar,27,30,24,62,143,0,0,13,26,39,27,30,37,88,182,0,0,0,182
06/10/2010,ACY,NJ,AEA,EN,Combined TRACON& Tower with Radar,30,17,35,76,158,0,2,25,32,59,30,19,60,108,217,16,123,139,356
06/11/2010,ACY,NJ,AEA,EN,Combined TRACON& Tower with Radar,39,22,47,69,177,0,0,65,24,89,39,22,112,93,266,46,238,284,550
06/12/2010,ACY,NJ,AEA,EN,Combined TRACON& Tower with Radar,15,13,37,46,111,0,6,31,3,40,15,19,68,49,151,0,42,42,193
06/13/2010,ACY,NJ,AEA,EN,Combined TRACON& Tower with Radar,18,25,40,0,83,0,0,34,13,47,18,25,74,13,130,20,74,94,224
06/14/2010,ACY,NJ,AEA,EN,Combined TRACON& Tower with Radar,16,10,27,91,144,1,0,19,16,36,17,10,46,107,180,0,152,152,332
06/15/2010,ACY,NJ,AEA,EN,Combined TRACON& Tower with Radar,14,14,26,87,141,0,2,51,59,112,14,16,77,146,253,66,171,237,490
06/16/2010,ACY,NJ,AEA,EN,Combined TRACON& Tower with Radar,10,16,49,98,173,0,0,13,54,67,10,16,62,152,240,60,276,336,576
06/17/2010,ACY,NJ,AEA,EN,Combined TRACON& Tower with Radar,12,9,31,81,133,0,0,15,59,74,12,9,46,140,207,0,114,114,321
06/18/2010,ACY,NJ,AEA,EN,Combined TRACON& Tower with Radar,39,16,45,44,144,0,5,88,42,135,39,21,133,86,279,66,144,210,489
06/19/2010,ACY,NJ,AEA,EN,Combined TRACON& Tower with Radar,35,10,23,2,70,0,4,42,14,60,35,14,65,16,130,40,33,73,203
06/20/2010,ACY,NJ,AEA,EN,Combined TRACON& Tower with Radar,40,19,23,0,82,0,4,28,6,38,40,23,51,6,120,0,0,0,120
06/21/2010,ACY,NJ,AEA,EN,Combined TRACON& Tower with Radar,48,24,35,24,131,0,0,50,47,97,48,24,85,71,228,0,190,190,418
06/22/2010,ACY,NJ,AEA,EN,Combined TRACON& Tower with Radar,39,18,42,46,145,0,1,42,20,63,39,19,84,66,208,0,38,38,246
06/23/2010,ACY,NJ,AEA,EN,Combined TRACON& Tower with Radar,30,29,52,73,184,0,2,49,37,88,30,31,101,110,272,30,150,180,452
06/24/2010,ACY,NJ,AEA,EN,Combined TRACON& Tower with Radar,46,19,40,56,161,0,4,35,38,77,46,23,75,94,238,0,22,22,260
06/25/2010,ACY,NJ,AEA,EN,Combined TRACON& Tower with Radar,40,26,46,64,176,0,1,59,26,86,40,27,105,90,262,62,72,134,396
06/26/2010,ACY,NJ,AEA,EN,Combined TRACON& Tower with Radar,46,22,47,26,141,0,3,49,6,58,46,25,96,32,199,2,12,14,213
06/27/2010,ACY,NJ,AEA,EN,Combined TRACON& Tower with Radar,42,30,55,19,146,0,4,44,23,71,42,34,99,42,217,68,148,216,433
06/28/2010,ACY,NJ,AEA,EN,Combined TRACON& Tower with Radar,32,14,25,66,137,0,0,39,36,75,32,14,64,102,212,64,140,204,416
06/29/2010,ACY,NJ,AEA,EN,Combined TRACON& Tower with Radar,41,12,53,89,195,0,4,52,27,83,41,16,105,116,278,6,60,66,344
06/30/2010,ACY,NJ,AEA,EN,Combined TRACON& Tower with Radar,29,7,38,73,147,0,2,56,31,89,29,9,94,104,236,14,44,58,294
07/01/2010,ACY,NJ,AEA,EN,Combined TRACON& Tower with Radar,35,11,50,22,118,0,0,72,40,112,35,11,122,62,230,36,122,158,388
07/02/2010,ACY,NJ,AEA,EN,Combined TRACON& Tower with Radar,32,20,55,5,112,0,7,51,38,96,32,27,106,43,208,18,75,93,301
07/03/2010,ACY,NJ,AEA,EN,Combined TRACON& Tower with Radar,35,15,37,0,87,0,3,56,11,70,35,18,93,11,157,78,22,100,257
07/04/2010,ACY,NJ,AEA,EN,Combined TRACON& Tower with Radar,32,14,35,0,81,0,2,39,15,56,32,16,74,15,137,26,30,56,193
07/05/2010,ACY,NJ,AEA,EN,Combined TRACON& Tower with Radar,29,8,45,5,87,0,4,38,1,43,29,12,83,6,130,0,0,0,130
07/06/2010,ACY,NJ,AEA,EN,Combined TRACON& Tower with Radar,36,8,13,67,124,0,4,33,31,68,36,12,46,98,192,16,66,82,274
07/07/2010,ACY,NJ,AEA,EN,Combined TRACON& Tower with Radar,29,10,33,73,145,0,8,41,29,78,29,18,74,102,223,0,144,144,367
07/08/2010,ACY,NJ,AEA,EN,Combined TRACON& Tower with Radar,38,10,40,37,125,0,0,42,23,65,38,10,82,60,190,36,182,218,408
07/09/2010,ACY,NJ,AEA,EN,Combined TRACON& Tower with Radar,39,27,28,61,155,0,2,20,2,24,39,29,48,63,179,16,10,26,205
07/10/2010,ACY,NJ,AEA,EN,Combined TRACON& Tower with Radar,43,19,27,4,93,0,0,8,3,11,43,19,35,7,104,0,0,0,104
07/11/2010,ACY,NJ,AEA,EN,Combined TRACON& Tower with Radar,43,20,47,19,129,0,3,104,3,110,43,23,151,22,239,6,20,26,265
07/12/2010,ACY,NJ,AEA,EN,Combined TRACON& Tower with Radar,35,11,29,67,142,0,0,39,35,74,35,11,68,102,216,12,154,166,382
07/13/2010,ACY,NJ,AEA,EN,Combined TRACON& Tower with Radar,40,7,24,72,143,0,0,12,15,27,40,7,36,87,170,0,50,50,220
07/14/2010,ACY,NJ,AEA,EN,Combined TRACON& Tower with Radar,36,13,24,35,108,0,0,7,15,22,36,13,31,50,130,0,50,50,180
07/15/2010,ACY,NJ,AEA,EN,Combined TRACON& Tower with Radar,36,13,35,76,160,0,2,32,10,44,36,15,67,86,204,0,0,0,204
07/16/2010,ACY,NJ,AEA,EN,Combined TRACON& Tower with Radar,32,31,53,68,184,0,5,69,20,94,32,36,122,88,278,58,221,279,557
07/17/2010,ACY,NJ,AEA,EN,Combined TRACON& Tower with Radar,38,9,26,1,74,0,2,50,9,61,38,11,76,10,135,56,42,98,233
07/18/2010,ACY,NJ,AEA,EN,Combined TRACON& Tower with Radar,36,22,43,1,102,0,1,95,5,101,36,23,138,6,203,0,0,0,203
07/19/2010,ACY,NJ,AEA,EN,Combined TRACON& Tower with Radar,36,7,21,52,116,0,5,61,12,78,36,12,82,64,194,20,82,102,296
07/20/2010,ACY,NJ,AEA,EN,Combined TRACON& Tower with Radar,42,7,29,74,152,0,1,37,48,86,42,8,66,122,238,38,244,282,520
07/21/2010,ACY,NJ,AEA,EN,Combined TRACON& Tower with Radar,33,14,53,76,176,0,4,43,22,69,33,18,96,98,245,19,102,121,366
07/22/2010,ACY,NJ,AEA,EN,Combined TRACON& Tower with Radar,40,17,26,20,103,0,2,72,29,103,40,19,98,49,206,46,120,166,372
07/23/2010,ACY,NJ,AEA,EN,Combined TRACON& Tower with Radar,42,26,35,26,129,0,0,53,19,72,42,26,88,45,201,28,154,182,383
07/24/2010,ACY,NJ,AEA,EN,Combined TRACON& Tower with Radar,35,20,39,24,118,0,2,37,9,48,35,22,76,33,166,28,154,182,348
07/25/2010,ACY,NJ,AEA,EN,Combined TRACON& Tower with Radar,45,22,35,1,103,0,0,37,5,42,45,22,72,6,145,0,0,0,145
07/26/2010,ACY,NJ,AEA,EN,Combined TRACON& Tower with Radar,34,16,50,120,220,0,2,57,46,105,34,18,107,166,325,56,190,246,571
07/27/2010,ACY,NJ,AEA,EN,Combined TRACON& Tower with Radar,35,17,23,118,193,0,2,84,30,116,35,19,107,148,309,38,216,254,563
07/28/2010,ACY,NJ,AEA,EN,Combined TRACON& Tower with Radar,31,12,36,173,252,0,1,66,35,102,31,13,102,208,354,56,298,354,708
07/29/2010,ACY,NJ,AEA,EN,Combined TRACON& Tower with Radar,36,13,36,48,133,0,2,11,26,39,36,15,47,74,172,10,64,74,246
07/30/2010,ACY,NJ,AEA,EN,Combined TRACON& Tower with Radar,37,19,48,17,121,0,7,49,37,93,37,26,97,54,214,34,52,86,300
07/31/2010,ACY,NJ,AEA,EN,Combined TRACON& Tower with Radar,35,16,43,2,96,0,0,78,13,91,35,16,121,15,187,4,0,4,191
08/01/2010,ACY,NJ,AEA,EN,Combined TRACON& Tower with Radar,33,19,40,1,93,1,0,37,7,45,34,19,77,8,138,0,0,0,138
08/02/2010,ACY,NJ,AEA,EN,Combined TRACON& Tower with Radar,29,8,27,35,99,0,0,42,35,77,29,8,69,70,176,12,76,88,264
08/03/2010,ACY,NJ,AEA,EN,Combined TRACON& Tower with Radar,30,7,37,64,138,0,3,76,51,130,30,10,113,115,268,68,340,408,676
08/04/2010,ACY,NJ,AEA,EN,Combined TRACON& Tower with Radar,31,11,34,97,173,0,5,29,29,63,31,16,63,126,236,0,118,118,354
08/05/2010,ACY,NJ,AEA,EN,Combined TRACON& Tower with Radar,32,20,39,23,114,0,8,22,12,42,32,28,61,35,156,0,0,0,156
08/06/2010,ACY,NJ,AEA,EN,Combined TRACON& Tower with Radar,32,20,31,27,110,0,3,93,34,130,32,23,124,61,240,10,8,18,258
08/07/2010,ACY,NJ,AEA,EN,Combined TRACON& Tower with Radar,37,17,26,13,93,0,5,70,5,80,37,22,96,18,173,0,0,0,173
08/08/2010,ACY,NJ,AEA,EN,Combined TRACON& Tower with Radar,42,27,33,22,124,0,2,53,7,62,42,29,86,29,186,14,30,44,230
08/09/2010,ACY,NJ,AEA,EN,Combined TRACON& Tower with Radar,30,12,30,52,124,0,1,52,19,72,30,13,82,71,196,10,206,216,412
08/10/2010,ACY,NJ,AEA,EN,Combined TRACON& Tower with Radar,33,19,16,90,158,1,3,25,41,70,34,22,41,131,228,14,150,164,392
08/11/2010,ACY,NJ,AEA,EN,Combined TRACON& Tower with Radar,35,19,40,68,162,0,0,61,45,106,35,19,101,113,268,46,260,306,574
08/12/2010,ACY,NJ,AEA,EN,Combined TRACON& Tower with Radar,36,12,39,51,138,0,2,12,12,26,36,14,51,63,164,0,0,0,164
08/13/2010,ACY,NJ,AEA,EN,Combined TRACON& Tower with Radar,38,25,56,78,197,1,1,28,42,72,39,26,84,120,269,112,154,266,535
08/14/2010,ACY,NJ,AEA,EN,Combined TRACON& Tower with Radar,39,24,40,0,103,0,0,46,6,52,39,24,86,6,155,0,38,38,193
08/15/2010,ACY,NJ,AEA,EN,Combined TRACON& Tower with Radar,44,25,46,13,128,0,1,37,5,43,44,26,83,18,171,0,0,0,171
08/16/2010,ACY,NJ,AEA,EN,Combined TRACON& Tower with Radar,43,16,21,19,99,0,5,21,9,35,43,21,42,28,134,0,0,0,134
08/17/2010,ACY,NJ,AEA,EN,Combined TRACON& Tower with Radar,32,9,29,81,151,0,1,30,39,70,32,10,59,120,221,70,178,248,469
08/18/2010,ACY,NJ,AEA,EN,Combined TRACON& Tower with Radar,29,13,23,50,115,0,0,9,1,10,29,13,32,51,125,0,0,0,125
08/19/2010,ACY,NJ,AEA,EN,Combined TRACON& Tower with Radar,41,17,39,124,221,0,0,40,32,72,41,17,79,156,293,48,206,254,547
08/20/2010,ACY,NJ,AEA,EN,Combined TRACON& Tower with Radar,39,31,31,42,143,0,1,147,22,170,39,32,178,64,313,30,170,200,513
08/21/2010,ACY,NJ,AEA,EN,Combined TRACON& Tower with Radar,37,14,44,7,102,0,2,42,3,47,37,16,86,10,149,0,0,0,149
08/22/2010,ACY,NJ,AEA,EN,Combined TRACON& Tower with Radar,60,19,29,3,111,0,1,13,2,16,60,20,42,5,127,0,0,0,127
08/23/2010,ACY,NJ,AEA,EN,Combined TRACON& Tower with Radar,35,12,28,59,134,0,0,14,10,24,35,12,42,69,158,0,0,0,158
08/24/2010,ACY,NJ,AEA,EN,Combined TRACON& Tower with Radar,34,13,39,61,147,0,1,8,2,11,34,14,47,63,158,0,0,0,158
08/25/2010,ACY,NJ,AEA,EN,Combined TRACON& Tower with Radar,29,11,36,65,141,0,5,35,16,56,29,16,71,81,197,0,34,34,231
08/26/2010,ACY,NJ,AEA,EN,Combined TRACON& Tower with Radar,42,19,50,82,193,0,3,52,40,95,42,22,102,122,288,90,167,257,545
08/27/2010,ACY,NJ,AEA,EN,Combined TRACON& Tower with Radar,38,24,44,14,120,0,0,57,30,87,38,24,101,44,207,106,0,106,313
08/28/2010,ACY,NJ,AEA,EN,Combined TRACON& Tower with Radar,37,24,43,0,104,1,2,78,5,86,38,26,121,5,190,60,0,60,250
08/29/2010,ACY,NJ,AEA,EN,Combined TRACON& Tower with Radar,46,38,44,4,132,1,4,59,4,68,47,42,103,8,200,0,0,0,200
08/30/2010,ACY,NJ,AEA,EN,Combined TRACON& Tower with Radar,41,17,30,65,153,0,0,59,40,99,41,17,89,105,252,82,238,320,572
08/31/2010,ACY,NJ,AEA,EN,Combined TRACON& Tower with Radar,36,13,20,107,176,0,5,39,38,82,36,18,59,145,258,52,110,162,420
09/01/2010,ACY,NJ,AEA,EN,Combined TRACON& Tower with Radar,23,18,19,46,106,0,4,35,27,66,23,22,54,73,172,0,94,94,266
09/02/2010,ACY,NJ,AEA,EN,Combined TRACON& Tower with Radar,39,13,26,46,124,0,5,37,31,73,39,18,63,77,197,0,64,64,261
09/03/2010,ACY,NJ,AEA,EN,Combined TRACON& Tower with Radar,34,16,21,18,89,0,0,10,4,14,34,16,31,22,103,0,0,0,103
09/04/2010,ACY,NJ,AEA,EN,Combined TRACON& Tower with Radar,39,14,22,6,81,0,3,82,24,109,39,17,104,30,190,0,0,0,190
09/05/2010,ACY,NJ,AEA,EN,Combined TRACON& Tower with Radar,33,16,22,1,72,0,2,43,21,66,33,18,65,22,138,18,20,38,176
09/06/2010,ACY,NJ,AEA,EN,Combined TRACON& Tower with Radar,37,7,25,1,70,1,0,45,6,52,38,7,70,7,122,0,0,0,122
09/07/2010,ACY,NJ,AEA,EN,Combined TRACON& Tower with Radar,35,8,19,44,106,0,0,41,42,83,35,8,60,86,189,62,104,166,355
09/08/2010,ACY,NJ,AEA,EN,Combined TRACON& Tower with Radar,41,7,20,51,119,0,1,20,25,46,41,8,40,76,165,10,38,48,213
09/09/2010,ACY,NJ,AEA,EN,Combined TRACON& Tower with Radar,40,11,32,63,146,0,2,25,30,57,40,13,57,93,203,38,114,152,355
09/10/2010,ACY,NJ,AEA,EN,Combined TRACON& Tower with Radar,41,31,29,31,132,0,3,30,19,52,41,34,59,50,184,0,112,112,296
09/11/2010,ACY,NJ,AEA,EN,Combined TRACON& Tower with Radar,41,13,34,16,104,0,1,69,10,80,41,14,103,26,184,4,42,46,230
09/12/2010,ACY,NJ,AEA,EN,Combined TRACON& Tower with Radar,53,23,42,10,128,0,2,18,18,38,53,25,60,28,166,0,0,0,166
09/13/2010,ACY,NJ,AEA,EN,Combined TRACON& Tower with Radar,39,9,32,51,131,0,0,22,21,43,39,9,54,72,174,28,42,70,244
09/14/2010,ACY,NJ,AEA,EN,Combined TRACON& Tower with Radar,35,11,35,36,117,0,4,66,26,96,35,15,101,62,213,84,112,196,409
09/15/2010,ACY,NJ,AEA,EN,Combined TRACON& Tower with Radar,39,10,35,69,153,0,2,43,19,64,39,12,78,88,217,22,112,134,351
09/16/2010,ACY,NJ,AEA,EN,Combined TRACON& Tower with Radar,47,25,39,15,126,0,0,14,11,25,47,25,53,26,151,0,106,106,257
09/17/2010,ACY,NJ,AEA,EN,Combined TRACON& Tower with Radar,51,18,40,45,154,0,8,36,28,72,51,26,76,73,226,66,158,224,450
09/18/2010,ACY,NJ,AEA,EN,Combined TRACON& Tower with Radar,47,6,21,2,76,0,5,49,18,72,47,11,70,20,148,28,102,130,278
09/19/2010,ACY,NJ,AEA,EN,Combined TRACON& Tower with Radar,48,21,34,9,112,0,0,49,23,72,48,21,83,32,184,20,30,50,234
09/20/2010,ACY,NJ,AEA,EN,Combined TRACON& Tower with Radar,37,5,40,32,114,0,0,31,16,47,37,5,71,48,161,0,0,0,161
09/21/2010,ACY,NJ,AEA,EN,Combined TRACON& Tower with Radar,44,7,29,57,137,0,0,44,29,73,44,7,73,86,210,4,32,36,246
09/22/2010,ACY,NJ,AEA,EN,Combined TRACON& Tower with Radar,41,11,29,43,124,0,0,28,11,39,41,11,57,54,163,4,32,36,199
09/23/2010,ACY,NJ,AEA,EN,Combined TRACON& Tower with Radar,43,9,39,65,156,0,0,52,21,73,43,9,91,86,229,76,146,222,451
09/24/2010,ACY,NJ,AEA,EN,Combined TRACON& Tower with Radar,44,16,73,20,153,0,3,40,28,71,44,19,113,48,224,60,300,360,584
09/25/2010,ACY,NJ,AEA,EN,Combined TRACON& Tower with Radar,36,16,42,23,117,0,6,73,30,109,36,22,115,53,226,54,100,154,380
09/26/2010,ACY,NJ,AEA,EN,Combined TRACON& Tower with Radar,50,15,50,14,129,0,0,33,16,49,50,15,83,30,178,8,24,32,210
09/27/2010,ACY,NJ,AEA,EN,Combined TRACON& Tower with Radar,42,6,19,62,129,0,0,0,26,26,42,6,19,88,155,0,72,72,227
09/28/2010,ACY,NJ,AEA,EN,Combined TRACON& Tower with Radar,38,14,13,36,101,0,1,6,23,30,38,15,19,59,131,0,44,44,175
09/29/2010,ACY,NJ,AEA,EN,Combined TRACON& Tower with Radar,36,11,24,53,124,0,4,33,25,62,36,15,57,78,186,0,126,126,312
09/30/2010,ACY,NJ,AEA,EN,Combined TRACON& Tower with Radar,36,4,10,2,52,0,0,0,0,0,36,4,10,2,52,0,0,0,52
10/01/2010,ACY,NJ,AEA,EN,Combined TRACON& Tower with Radar,42,25,22,7,96,0,0,5,39,44,42,25,27,46,140,0,73,73,213
10/02/2010,ACY,NJ,AEA,EN,Combined TRACON& Tower with Radar,36,17,32,10,95,0,2,43,11,56,36,19,75,21,151,2,18,20,171
10/03/2010,ACY,NJ,AEA,EN,Combined TRACON& Tower with Radar,44,21,36,0,101,0,0,10,29,39,44,21,46,29,140,6,50,56,196
10/04/2010,ACY,NJ,AEA,EN,Combined TRACON& Tower with Radar,35,5,28,1,69,0,0,0,4,4,35,5,28,5,73,0,0,0,73
10/05/2010,ACY,NJ,AEA,EN,Combined TRACON& Tower with Radar,42,12,29,37,120,0,0,3,11,14,42,12,32,48,134,0,0,0,134
10/06/2010,ACY,NJ,AEA,EN,Combined TRACON& Tower with Radar,35,25,27,107,194,0,1,38,42,81,35,26,65,149,275,0,98,98,373
10/07/2010,ACY,NJ,AEA,EN,Combined TRACON& Tower with Radar,37,11,25,57,130,0,3,50,43,96,37,14,75,100,226,66,216,282,508
10/08/2010,ACY,NJ,AEA,EN,Combined TRACON& Tower with Radar,44,18,38,29,129,0,0,50,34,84,44,18,88,63,213,22,172,194,407
10/09/2010,ACY,NJ,AEA,EN,Combined TRACON& Tower with Radar,41,11,30,3,85,0,2,53,25,80,41,13,83,28,165,92,80,172,337
10/10/2010,ACY,NJ,AEA,EN,Combined TRACON& Tower with Radar,48,21,18,0,87,0,0,50,10,60,48,21,68,10,147,8,0,8,155
10/11/2010,ACY,NJ,AEA,EN,Combined TRACON& Tower with Radar,55,4,24,0,83,0,0,26,7,33,55,4,50,7,116,0,0,0,116
10/12/2010,ACY,NJ,AEA,EN,Combined TRACON& Tower with Radar,41,6,32,64,143,0,3,19,25,47,41,9,51,89,190,6,108,114,304
10/13/2010,ACY,NJ,AEA,EN,Combined TRACON& Tower with Radar,35,15,50,77,177,0,2,66,32,100,35,17,116,109,277,82,231,313,590
10/14/2010,ACY,NJ,AEA,EN,Combined TRACON& Tower with Radar,37,10,29,38,114,0,2,18,25,45,37,12,47,63,159,4,38,42,201
10/15/2010,ACY,NJ,AEA,EN,Combined TRACON& Tower with Radar,49,17,28,56,150,0,0,12,30,42,49,17,40,86,192,12,178,190,382
10/16/2010,ACY,NJ,AEA,EN,Combined TRACON& Tower with Radar,48,9,18,4,79,0,0,14,18,32,48,9,32,22,111,4,20,24,135
10/17/2010,ACY,NJ,AEA,EN,Combined TRACON& Tower with Radar,50,24,30,0,104,0,0,50,19,69,50,24,80,19,173,26,162,188,361
10/18/2010,ACY,NJ,AEA,EN,Combined TRACON& Tower with Radar,42,4,16,9,71,0,0,34,22,56,42,4,50,31,127,0,48,48,175
10/19/2010,ACY,NJ,AEA,EN,Combined TRACON& Tower with Radar,36,16,41,37,130,0,0,8,30,38,36,16,49,67,168,0,84,84,252
10/20/2010,ACY,NJ,AEA,EN,Combined TRACON& Tower with Radar,36,24,35,72,167,0,0,17,25,42,36,24,52,97,209,16,68,84,293
10/21/2010,ACY,NJ,AEA,EN,Combined TRACON& Tower with Radar,32,19,31,87,169,0,0,25,37,62,32,19,56,124,231,0,98,98,329
10/22/2010,ACY,NJ,AEA,EN,Combined TRACON& Tower with Radar,43,12,35,65,155,0,1,28,11,40,43,13,63,76,195,36,80,116,311
10/23/2010,ACY,NJ,AEA,EN,Combined TRACON& Tower with Radar,40,10,31,20,101,0,1,33,6,40,40,11,64,26,141,0,12,12,153
10/24/2010,ACY,NJ,AEA,EN,Combined TRACON& Tower with Radar,38,19,34,12,103,0,3,45,14,62,38,22,79,26,165,40,108,148,313
10/25/2010,ACY,NJ,AEA,EN,Combined TRACON& Tower with Radar,33,14,15,86,148,0,1,28,17,46,33,15,43,103,194,12,102,114,308
10/26/2010,ACY,NJ,AEA,EN,Combined TRACON& Tower with Radar,40,9,21,42,112,0,4,9,20,33,40,13,30,62,145,0,32,32,177
10/27/2010,ACY,NJ,AEA,EN,Combined TRACON& Tower with Radar,39,12,23,39,113,0,0,0,10,10,39,12,23,49,123,0,0,0,123
10/28/2010,ACY,NJ,AEA,EN,Combined TRACON& Tower with Radar,37,18,37,50,142,0,2,58,51,111,37,20,95,101,253,48,232,280,533
10/29/2010,ACY,NJ,AEA,EN,Combined TRACON& Tower with Radar,40,18,26,29,113,0,2,34,36,72,40,20,60,65,185,20,30,50,235
10/30/2010,ACY,NJ,AEA,EN,Combined TRACON& Tower with Radar,39,10,24,1,74,0,1,17,1,19,39,11,41,2,93,4,54,58,151
10/31/2010,ACY,NJ,AEA,EN,Combined TRACON& Tower with Radar,42,18,40,1,101,1,5,12,6,24,43,23,52,7,125,10,0,10,135
11/01/2010,ACY,NJ,AEA,EN,Combined TRACON& Tower with Radar,38,19,34,69,160,0,0,35,6,41,38,19,69,75,201,0,0,0,201
11/02/2010,ACY,NJ,AEA,EN,Combined TRACON& Tower with Radar,36,12,28,111,187,0,2,36,6,44,36,14,64,117,231,10,67,77,308
11/03/2010,ACY,NJ,AEA,EN,Combined TRACON& Tower with Radar,37,7,24,70,138,0,0,39,34,73,37,7,63,104,211,40,158,198,409
11/04/2010,ACY,NJ,AEA,EN,Combined TRACON& Tower with Radar,37,14,29,5,85,0,0,0,0,0,37,14,29,5,85,0,0,0,85
11/05/2010,ACY,NJ,AEA,EN,Combined TRACON& Tower with Radar,39,17,40,120,216,0,0,32,7,39,39,17,72,127,255,0,126,126,381
11/06/2010,ACY,NJ,AEA,EN,Combined TRACON& Tower with Radar,38,18,37,20,113,0,6,54,19,79,38,24,91,39,192,16,8,24,216
11/07/2010,ACY,NJ,AEA,EN,Combined TRACON& Tower with Radar,44,20,34,20,118,0,9,41,9,59,44,29,75,29,177,0,0,0,177
11/08/2010,ACY,NJ,AEA,EN,Combined TRACON& Tower with Radar,37,4,16,41,98,0,0,24,28,52,37,4,40,69,150,14,62,76,226
11/09/2010,ACY,NJ,AEA,EN,Combined TRACON& Tower with Radar,39,11,25,103,178,0,0,29,37,66,39,11,54,140,244,32,164,196,440
11/10/2010,ACY,NJ,AEA,EN,Combined TRACON& Tower with Radar,34,12,30,65,141,0,1,27,6,34,34,13,57,71,175,0,100,100,275
11/11/2010,ACY,NJ,AEA,EN,Combined TRACON& Tower with Radar,30,14,28,0,72,0,0,28,5,33,30,14,56,5,105,6,4,10,115
11/12/2010,ACY,NJ,AEA,EN,Combined TRACON& Tower with Radar,41,17,24,106,188,0,6,29,23,58,41,23,53,129,246,0,118,118,364
11/13/2010,ACY,NJ,AEA,EN,Combined TRACON& Tower with Radar,27,13,27,0,67,0,0,76,16,92,27,13,103,16,159,0,32,32,191
11/14/2010,ACY,NJ,AEA,EN,Combined TRACON& Tower with Radar,46,24,23,4,97,0,0,34,3,37,46,24,57,7,134,6,0,6,140
11/15/2010,ACY,NJ,AEA,EN,Combined TRACON& Tower with Radar,32,4,20,30,86,0,0,6,6,12,32,4,26,36,98,0,10,10,108
11/16/2010,ACY,NJ,AEA,EN,Combined TRACON& Tower with Radar,31,9,10,39,89,0,0,0,11,11,31,9,10,50,100,26,42,68,168
11/17/2010,ACY,NJ,AEA,EN,Combined TRACON& Tower with Radar,30,8,14,20,72,3,0,9,11,23,33,8,23,31,95,0,0,0,95
11/18/2010,ACY,NJ,AEA,EN,Combined TRACON& Tower with Radar,33,6,34,55,128,0,5,23,3,31,33,11,57,58,159,5,75,80,239
11/19/2010,ACY,NJ,AEA,EN,Combined TRACON& Tower with Radar,32,14,28,72,146,0,1,39,15,55,32,15,67,87,201,30,38,68,269
11/20/2010,ACY,NJ,AEA,EN,Combined TRACON& Tower with Radar,37,8,37,6,88,0,0,31,4,35,37,8,68,10,123,4,0,4,127
11/21/2010,ACY,NJ,AEA,EN,Combined TRACON& Tower with Radar,44,10,33,8,95,0,2,49,19,70,44,12,82,27,165,28,70,98,263
11/22/2010,ACY,NJ,AEA,EN,Combined TRACON& Tower with Radar,25,6,21,90,142,0,0,30,30,60,25,6,51,120,202,8,144,152,354
11/23/2010,ACY,NJ,AEA,EN,Combined TRACON& Tower with Radar,28,9,31,100,168,0,2,15,17,34,28,11,46,117,202,16,130,146,348
11/24/2010,ACY,NJ,AEA,EN,Combined TRACON& Tower with Radar,27,9,29,87,152,0,3,21,13,37,27,12,50,100,189,28,130,158,347
11/25/2010,ACY,NJ,AEA,EN,Combined TRACON& Tower with Radar,26,3,8,0,37,0,2,4,0,6,26,5,12,0,43,0,0,0,43
11/26/2010,ACY,NJ,AEA,EN,Combined TRACON& Tower with Radar,34,21,22,1,78,0,0,14,11,25,34,21,36,12,103,0,22,22,125
11/27/2010,ACY,NJ,AEA,EN,Combined TRACON& Tower with Radar,32,14,13,0,59,1,2,20,4,27,33,16,33,4,86,0,0,0,86
11/28/2010,ACY,NJ,AEA,EN,Combined TRACON& Tower with Radar,42,22,35,6,105,0,2,49,16,67,42,24,84,22,172,22,78,100,272
11/29/2010,ACY,NJ,AEA,EN,Combined TRACON& Tower with Radar,31,18,31,93,173,0,0,31,46,77,31,18,62,139,250,0,136,136,386
11/30/2010,ACY,NJ,AEA,EN,Combined TRACON& Tower with Radar,29,31,47,65,172,0,1,13,18,32,29,32,60,83,204,0,104,104,308
12/01/2010,ACY,NJ,AEA,EN,Combined TRACON& Tower with Radar,30,15,12,7,64,0,0,4,9,13,30,15,16,16,77,0,0,0,77
12/02/2010,ACY,NJ,AEA,EN,Combined TRACON& Tower with Radar,31,11,33,115,190,0,2,37,20,59,31,13,70,135,249,22,175,197,446
12/03/2010,ACY,NJ,AEA,EN,Combined TRACON& Tower with Radar,32,20,31,53,136,0,0,26,11,37,32,20,57,64,173,0,22,22,195
12/04/2010,ACY,NJ,AEA,EN,Combined TRACON& Tower with Radar,32,7,32,1,72,0,0,15,6,21,32,7,47,7,93,0,0,0,93
12/05/2010,ACY,NJ,AEA,EN,Combined TRACON& Tower with Radar,41,15,41,1,98,0,0,14,23,37,41,15,55,24,135,16,44,60,195
12/06/2010,ACY,NJ,AEA,EN,Combined TRACON& Tower with Radar,35,13,16,34,98,1,1,24,20,46,36,14,40,54,144,14,86,100,244
12/07/2010,ACY,NJ,AEA,EN,Combined TRACON& Tower with Radar,50,5,10,47,112,0,0,20,8,28,50,5,30,55,140,0,72,72,212
12/08/2010,ACY,NJ,AEA,EN,Combined TRACON& Tower with Radar,32,9,7,64,112,0,0,17,20,37,32,9,24,84,149,0,42,42,191
12/09/2010,ACY,NJ,AEA,EN,Combined TRACON& Tower with Radar,26,11,13,113,163,1,1,51,29,82,27,12,64,142,245,0,186,186,431
12/10/2010,ACY,NJ,AEA,EN,Combined TRACON& Tower with Radar,33,37,36,102,208,0,5,41,42,88,33,42,77,144,296,0,152,152,448
12/11/2010,ACY,NJ,AEA,EN,Combined TRACON& Tower with Radar,30,17,35,9,91,0,1,47,38,86,30,18,82,47,177,48,170,218,395
12/12/2010,ACY,NJ,AEA,EN,Combined TRACON& Tower with Radar,34,39,20,0,93,0,0,0,0,0,34,39,20,0,93,0,0,0,93
12/13/2010,ACY,NJ,AEA,EN,Combined TRACON& Tower with Radar,30,5,19,46,100,0,0,9,23,32,30,5,28,69,132,22,114,136,268
12/14/2010,ACY,NJ,AEA,EN,Combined TRACON& Tower with Radar,23,8,28,34,93,0,2,22,24,48,23,10,50,58,141,50,264,314,455
12/15/2010,ACY,NJ,AEA,EN,Combined TRACON& Tower with Radar,22,10,15,73,120,0,2,28,27,57,22,12,43,100,177,62,264,326,503
12/16/2010,ACY,NJ,AEA,EN,Combined TRACON& Tower with Radar,28,11,11,30,80,0,0,5,17,22,28,11,16,47,102,0,21,21,123
12/17/2010,ACY,NJ,AEA,EN,Combined TRACON& Tower with Radar,31,14,25,35,105,0,9,18,12,39,31,23,43,47,144,0,140,140,284
12/18/2010,ACY,NJ,AEA,EN,Combined TRACON& Tower with Radar,28,5,28,2,63,0,0,58,6,64,28,5,86,8,127,0,140,140,267
12/19/2010,ACY,NJ,AEA,EN,Combined TRACON& Tower with Radar,30,8,16,2,56,0,0,27,12,39,30,8,43,14,95,0,8,8,103
12/20/2010,ACY,NJ,AEA,EN,Combined TRACON& Tower with Radar,46,43,18,110,217,0,2,15,20,37,46,45,33,130,254,56,218,274,528
12/21/2010,ACY,NJ,AEA,EN,Combined TRACON& Tower with Radar,29,5,24,53,111,0,0,14,30,44,29,5,38,83,155,14,110,124,279
12/22/2010,ACY,NJ,AEA,EN,Combined TRACON& Tower with Radar,24,14,23,53,114,0,4,25,22,51,24,18,48,75,165,0,74,74,239
12/23/2010,ACY,NJ,AEA,EN,Combined TRACON& Tower with Radar,31,5,19,13,68,0,3,17,19,39,31,8,36,32,107,0,0,0,107
12/24/2010,ACY,NJ,AEA,EN,Combined TRACON& Tower with Radar,30,2,15,0,47,0,2,10,2,14,30,4,25,2,61,0,0,0,61
12/25/2010,ACY,NJ,AEA,EN,Combined TRACON& Tower with Radar,27,3,8,0,38,0,2,10,6,18,27,5,18,6,56,26,0,26,82
12/26/2010,ACY,NJ,AEA,EN,Combined TRACON& Tower with Radar,9,0,4,0,13,0,0,2,0,2,9,0,6,0,15,0,0,0,15
12/27/2010,ACY,NJ,AEA,EN,Combined TRACON& Tower with Radar,9,0,5,1,15,0,0,0,1,1,9,0,5,2,16,0,0,0,16
12/28/2010,ACY,NJ,AEA,EN,Combined TRACON& Tower with Radar,29,19,34,2,84,0,0,8,13,21,29,19,42,15,105,0,0,0,105
12/29/2010,ACY,NJ,AEA,EN,Combined TRACON& Tower with Radar,30,3,13,34,80,0,0,19,7,26,30,3,32,41,106,0,8,8,114
12/30/2010,ACY,NJ,AEA,EN,Combined TRACON& Tower with Radar,33,12,24,14,83,0,0,22,7,29,33,12,46,21,112,0,0,0,112
12/31/2010,ACY,NJ,AEA,EN,Combined TRACON& Tower with Radar,33,14,15,10,72,0,2,23,0,25,33,16,38,10,97,0,26,26,123
01/01/2011,ACY,NJ,AEA,EN,Combined TRACON& Tower with Radar,27,9,13,0,49,0,0,12,0,12,27,9,25,0,61,0,0,0,61
01/02/2011,ACY,NJ,AEA,EN,Combined TRACON& Tower with Radar,39,24,36,15,114,0,0,13,7,20,39,24,49,22,134,4,0,4,138
01/03/2011,ACY,NJ,AEA,EN,Combined TRACON& Tower with Radar,28,9,15,58,110,0,0,21,25,46,28,9,36,83,156,14,86,100,256
01/04/2011,ACY,NJ,AEA,EN,Combined TRACON& Tower with Radar,27,11,14,30,82,0,5,27,21,53,27,16,41,51,135,12,90,102,237
01/05/2011,ACY,NJ,AEA,EN,Combined TRACON& Tower with Radar,28,6,42,37,113,1,2,34,47,84,29,8,76,84,197,98,280,378,575
01/06/2011,ACY,NJ,AEA,EN,Combined TRACON& Tower with Radar,27,9,27,49,112,0,4,42,42,88,27,13,69,91,200,20,132,152,352
01/07/2011,ACY,NJ,AEA,EN,Combined TRACON& Tower with Radar,35,18,17,24,94,0,1,4,23,28,35,19,21,47,122,0,24,24,146
01/08/2011,ACY,NJ,AEA,EN,Combined TRACON& Tower with Radar,33,4,14,0,51,0,1,1,1,3,33,5,15,1,54,0,0,0,54
01/09/2011,ACY,NJ,AEA,EN,Combined TRACON& Tower with Radar,34,9,26,4,73,0,0,7,7,14,34,9,33,11,87,0,50,50,137
01/10/2011,ACY,NJ,AEA,EN,Combined TRACON& Tower with Radar,23,10,16,87,136,0,2,14,17,33,23,12,30,104,169,0,155,155,324
01/11/2011,ACY,NJ,AEA,EN,Combined TRACON& Tower with Radar,23,7,17,24,71,0,0,32,18,50,23,7,49,42,121,42,146,188,309
01/12/2011,ACY,NJ,AEA,EN,Combined TRACON& Tower with Radar,16,2,8,13,39,0,0,0,12,12,16,2,8,25,51,0,84,84,135
01/13/2011,ACY,NJ,AEA,EN,Combined TRACON& Tower with Radar,30,7,32,18,87,0,0,39,47,86,30,7,71,65,173,22,125,147,320
01/14/2011,ACY,NJ,AEA,EN,Combined TRACON& Tower with Radar,36,16,24,14,90,0,2,53,23,78,36,18,77,37,168,0,36,36,204
01/15/2011,ACY,NJ,AEA,EN,Combined TRACON& Tower with Radar,32,11,16,0,59,0,0,22,15,37,32,11,38,15,96,10,33,43,139
01/16/2011,ACY,NJ,AEA,EN,Combined TRACON& Tower with Radar,42,16,31,4,93,0,1,29,10,40,42,17,60,14,133,10,1,11,144
01/17/2011,ACY,NJ,AEA,EN,Combined TRACON& Tower with Radar,34,7,23,0,64,0,2,26,15,43,34,9,49,15,107,4,58,62,169
01/18/2011,ACY,NJ,AEA,EN,Combined TRACON& Tower with Radar,24,6,11,0,41,0,0,0,0,0,24,6,11,0,41,0,0,0,41
01/19/2011,ACY,NJ,AEA,EN,Combined TRACON& Tower with Radar,20,11,39,64,134,0,0,10,44,54,20,11,49,108,188,10,110,120,308
01/20/2011,ACY,NJ,AEA,EN,Combined TRACON& Tower with Radar,33,10,23,102,168,0,1,39,62,102,33,11,62,164,270,0,196,196,466
01/21/2011,ACY,NJ,AEA,EN,Combined TRACON& Tower with Radar,36,18,15,9,78,0,0,20,18,38,36,18,35,27,116,0,64,64,180
01/22/2011,ACY,NJ,AEA,EN,Combined TRACON& Tower with Radar,38,11,25,54,128,0,0,19,18,37,38,11,44,72,165,4,64,68,233
01/23/2011,ACY,NJ,AEA,EN,Combined TRACON& Tower with Radar,43,18,28,1,90,0,0,23,2,25,43,18,51,3,115,4,2,6,121
01/24/2011,ACY,NJ,AEA,EN,Combined TRACON& Tower with Radar,29,6,15,220,270,0,0,16,115,131,29,6,31,335,401,5,15,20,421
01/25/2011,ACY,NJ,AEA,EN,Combined TRACON& Tower with Radar,25,9,11,102,147,0,0,24,13,37,25,9,35,115,184,0,110,110,294
01/26/2011,ACY,NJ,AEA,EN,Combined TRACON& Tower with Radar,18,6,5,8,37,0,0,0,0,0,18,6,5,8,37,0,0,0,37
01/27/2011,ACY,NJ,AEA,EN,Combined TRACON& Tower with Radar,31,8,12,10,61,0,2,9,10,21,31,10,21,20,82,0,0,0,82
01/28/2011,ACY,NJ,AEA,EN,Combined TRACON& Tower with Radar,36,16,16,17,85,0,0,10,11,21,36,16,26,28,106,0,0,0,106
01/29/2011,ACY,NJ,AEA,EN,Combined TRACON& Tower with Radar,30,11,14,6,61,0,2,18,57,77,30,13,32,63,138,24,18,42,180
01/30/2011,ACY,NJ,AEA,EN,Combined TRACON& Tower with Radar,37,12,34,14,97,0,1,35,4,40,37,13,69,18,137,10,8,18,155
01/31/2011,ACY,NJ,AEA,EN,Combined TRACON& Tower with Radar,32,8,32,66,138,0,0,23,31,54,32,8,55,97,192,74,148,222,414
02/01/2011,ACY,NJ,AEA,EN,Combined TRACON& Tower with Radar,24,2,4,0,30,0,0,0,0,0,24,2,4,0,30,0,0,0,30
02/02/2011,ACY,NJ,AEA,EN,Combined TRACON& Tower with Radar,21,7,11,19,58,0,0,2,29,31,21,7,13,48,89,0,54,54,143
02/03/2011,ACY,NJ,AEA,EN,Combined TRACON& Tower with Radar,31,7,17,69,124,0,6,43,45,94,31,13,60,114,218,34,194,228,446
02/04/2011,ACY,NJ,AEA,EN,Combined TRACON& Tower with Radar,38,24,22,7,91,0,5,55,19,79,38,29,77,26,170,26,89,115,285
02/05/2011,ACY,NJ,AEA,EN,Combined TRACON& Tower with Radar,35,10,12,4,61,0,0,0,1,1,35,10,12,5,62,0,0,0,62
02/06/2011,ACY,NJ,AEA,EN,Combined TRACON& Tower with Radar,35,9,20,8,72,0,2,39,21,62,35,11,59,29,134,120,36,156,290
02/07/2011,ACY,NJ,AEA,EN,Combined TRACON& Tower with Radar,33,10,14,84,141,0,4,21,46,71,33,14,35,130,212,10,82,92,304
02/08/2011,ACY,NJ,AEA,EN,Combined TRACON& Tower with Radar,21,5,15,59,100,0,2,4,40,46,21,7,19,99,146,0,88,88,234
02/09/2011,ACY,NJ,AEA,EN,Combined TRACON& Tower with Radar,24,19,29,57,129,0,7,34,21,62,24,26,63,78,191,0,99,99,290
02/10/2011,ACY,NJ,AEA,EN,Combined TRACON& Tower with Radar,28,8,26,63,125,0,2,15,43,60,28,10,41,106,185,30,184,214,399
02/11/2011,ACY,NJ,AEA,EN,Combined TRACON& Tower with Radar,38,14,35,105,192,0,2,48,33,83,38,16,83,138,275,12,104,116,391
02/12/2011,ACY,NJ,AEA,EN,Combined TRACON& Tower with Radar,31,5,31,32,99,0,1,13,11,25,31,6,44,43,124,10,26,36,160
02/13/2011,ACY,NJ,AEA,EN,Combined TRACON& Tower with Radar,39,16,38,33,126,0,2,32,17,51,39,18,70,50,177,19,83,102,279
02/14/2011,ACY,NJ,AEA,EN,Combined TRACON& Tower with Radar,31,4,19,9,63,0,3,0,18,21,31,7,19,27,84,0,42,42,126
02/15/2011,ACY,NJ,AEA,EN,Combined TRACON& Tower with Radar,27,8,24,61,120,0,4,14,41,59,27,12,38,102,179,45,109,154,333
02/16/2011,ACY,NJ,AEA,EN,Combined TRACON& Tower with Radar,29,21,27,25,102,0,0,34,34,68,29,21,61,59,170,0,98,98,268
02/17/2011,ACY,NJ,AEA,EN,Combined TRACON& Tower with Radar,31,10,47,77,165,0,7,61,29,97,31,17,108,106,262,130,176,306,568
02/18/2011,ACY,NJ,AEA,EN,Combined TRACON& Tower with Radar,40,19,31,57,147,0,16,31,20,67,40,35,62,77,214,44,72,116,330
02/19/2011,ACY,NJ,AEA,EN,Combined TRACON& Tower with Radar,33,10,24,2,69,0,0,2,5,7,33,10,26,7,76,0,0,0,76
02/20/2011,ACY,NJ,AEA,EN,Combined TRACON& Tower with Radar,42,18,46,1,107,0,1,34,15,50,42,19,80,16,157,44,0,44,201
02/21/2011,ACY,NJ,AEA,EN,Combined TRACON& Tower with Radar,34,6,19,2,61,0,0,12,12,24,34,6,31,14,85,12,12,24,109
02/22/2011,ACY,NJ,AEA,EN,Combined TRACON& Tower with Radar,27,9,26,51,113,0,0,10,24,34,27,9,36,75,147,4,40,44,191
02/23/2011,ACY,NJ,AEA,EN,Combined TRACON& Tower with Radar,18,5,18,55,96,0,1,36,1,38,18,6,54,56,134,30,40,70,204
02/24/2011,ACY,NJ,AEA,EN,Combined TRACON& Tower with Radar,31,9,15,84,139,0,3,24,56,83,31,12,39,140,222,16,254,270,492
02/25/2011,ACY,NJ,AEA,EN,Combined TRACON& Tower with Radar,30,30,14,15,89,0,0,9,4,13,30,30,23,19,102,0,0,0,102
02/26/2011,ACY,NJ,AEA,EN,Combined TRACON& Tower with Radar,34,13,38,7,92,0,0,37,17,54,34,13,75,24,146,10,76,86,232
02/27/2011,ACY,NJ,AEA,EN,Combined TRACON& Tower with Radar,36,10,32,8,86,0,1,37,16,54,36,11,69,24,140,110,38,148,288
02/28/2011,ACY,NJ,AEA,EN,Combined TRACON& Tower with Radar,31,6,7,3,47,1,1,1,12,15,32,7,8,15,62,0,12,12,74
03/01/2011,ACY,NJ,AEA,EN,Combined TRACON& Tower with Radar,27,6,18,65,116,0,0,61,38,99,27,6,79,103,215,6,113,119,334
03/02/2011,ACY,NJ,AEA,EN,Combined TRACON& Tower with Radar,28,18,18,10,74,0,4,29,54,87,28,22,47,64,161,6,107,113,274
03/03/2011,ACY,NJ,AEA,EN,Combined TRACON& Tower with Radar,32,10,28,106,176,0,0,50,30,80,32,10,78,136,256,30,179,209,465
03/04/2011,ACY,NJ,AEA,EN,Combined TRACON& Tower with Radar,41,17,40,40,138,0,7,75,76,158,41,24,115,116,296,48,50,98,394
03/05/2011,ACY,NJ,AEA,EN,Combined TRACON& Tower with Radar,31,20,41,1,93,0,2,26,11,39,31,22,67,12,132,32,60,92,224
03/06/2011,ACY,NJ,AEA,EN,Combined TRACON& Tower with Radar,44,18,18,13,93,0,1,0,0,1,44,19,18,13,94,0,0,0,94
03/07/2011,ACY,NJ,AEA,EN,Combined TRACON& Tower with Radar,36,10,37,69,152,0,5,27,33,65,36,15,64,102,217,38,138,176,393
03/08/2011,ACY,NJ,AEA,EN,Combined TRACON& Tower with Radar,18,19,27,33,97,8,0,39,16,63,26,19,66,49,160,54,38,92,252
03/09/2011,ACY,NJ,AEA,EN,Combined TRACON& Tower with Radar,26,10,33,126,195,0,5,15,47,67,26,15,48,173,262,0,0,0,262
03/10/2011,ACY,NJ,AEA,EN,Combined TRACON& Tower with Radar,31,16,11,15,73,0,1,0,10,11,31,17,11,25,84,0,26,26,110
03/11/2011,ACY,NJ,AEA,EN,Combined TRACON& Tower with Radar,45,16,35,61,157,0,0,28,31,59,45,16,63,92,216,8,98,106,322
03/12/2011,ACY,NJ,AEA,EN,Combined TRACON& Tower with Radar,35,12,25,10,82,0,2,39,10,51,35,14,64,20,133,1,22,23,156
03/13/2011,ACY,NJ,AEA,EN,Combined TRACON& Tower with Radar,45,18,29,12,104,0,2,33,7,42,45,20,62,19,146,0,34,34,180
03/14/2011,ACY,NJ,AEA,EN,Combined TRACON& Tower with Radar,33,6,22,117,178,0,1,57,145,203,33,7,79,262,381,0,17,17,398
03/15/2011,ACY,NJ,AEA,EN,Combined TRACON& Tower with Radar,28,21,16,87,152,0,0,24,29,53,28,21,40,116,205,30,66,96,301
03/16/2011,ACY,NJ,AEA,EN,Combined TRACON& Tower with Radar,25,20,27,60,132,0,0,5,16,21,25,20,32,76,153,10,30,40,193
03/17/2011,ACY,NJ,AEA,EN,Combined TRACON& Tower with Radar,33,13,49,72,167,0,2,53,29,84,33,15,102,101,251,36,64,100,351
03/18/2011,ACY,NJ,AEA,EN,Combined TRACON& Tower with Radar,43,21,32,50,146,0,6,37,32,75,43,27,69,82,221,0,40,40,261
03/19/2011,ACY,NJ,AEA,EN,Combined TRACON& Tower with Radar,41,15,23,2,81,0,0,31,12,43,41,15,54,14,124,68,32,100,224
03/20/2011,ACY,NJ,AEA,EN,Combined TRACON& Tower with Radar,42,19,24,2,87,1,0,54,8,63,43,19,78,10,150,30,0,30,180
03/21/2011,ACY,NJ,AEA,EN,Combined TRACON& Tower with Radar,39,6,17,7,69,0,2,13,22,37,39,8,30,29,106,0,20,20,126
03/22/2011,ACY,NJ,AEA,EN,Combined TRACON& Tower with Radar,42,11,23,22,98,1,1,23,32,57,43,12,46,54,155,60,70,130,285
03/23/2011,ACY,NJ,AEA,EN,Combined TRACON& Tower with Radar,26,8,13,10,57,0,0,0,3,3,26,8,13,13,60,0,1,1,61
03/24/2011,ACY,NJ,AEA,EN,Combined TRACON& Tower with Radar,36,16,34,63,149,0,0,12,38,50,36,16,46,101,199,10,36,46,245
03/25/2011,ACY,NJ,AEA,EN,Combined TRACON& Tower with Radar,43,15,25,33,116,0,2,69,60,131,43,17,94,93,247,7,140,147,394
03/26/2011,ACY,NJ,AEA,EN,Combined TRACON& Tower with Radar,39,12,24,0,75,0,1,46,33,80,39,13,70,33,155,6,33,39,194
03/27/2011,ACY,NJ,AEA,EN,Combined TRACON& Tower with Radar,44,22,34,14,114,1,0,25,9,35,45,22,59,23,149,0,6,6,155
03/28/2011,ACY,NJ,AEA,EN,Combined TRACON& Tower with Radar,33,7,25,38,103,0,2,26,40,68,33,9,51,78,171,26,116,142,313
03/29/2011,ACY,NJ,AEA,EN,Combined TRACON& Tower with Radar,26,8,8,80,122,0,3,52,26,81,26,11,60,106,203,0,344,344,547
03/30/2011,ACY,NJ,AEA,EN,Combined TRACON& Tower with Radar,27,12,13,57,109,0,5,39,30,74,27,17,52,87,183,0,94,94,277
03/31/2011,ACY,NJ,AEA,EN,Combined TRACON& Tower with Radar,31,11,18,42,102,0,0,0,13,13,31,11,18,55,115,10,28,38,153
04/01/2011,ACY,NJ,AEA,EN,Combined TRACON& Tower with Radar,32,18,29,30,109,0,0,30,87,117,32,18,59,117,226,2,18,20,246
04/02/2011,ACY,NJ,AEA,EN,Combined TRACON& Tower with Radar,34,9,41,0,84,0,2,16,6,24,34,11,57,6,108,0,0,0,108
04/03/2011,ACY,NJ,AEA,EN,Combined TRACON& Tower with Radar,42,18,49,17,126,0,3,37,44,84,42,21,86,61,210,128,352,480,690
04/04/2011,ACY,NJ,AEA,EN,Combined TRACON& Tower with Radar,30,6,17,62,115,0,2,10,23,35,30,8,27,85,150,18,64,82,232
04/05/2011,ACY,NJ,AEA,EN,Combined TRACON& Tower with Radar,24,6,30,21,81,0,0,3,19,22,24,6,33,40,103,0,38,38,141
04/06/2011,ACY,NJ,AEA,EN,Combined TRACON& Tower with Radar,28,11,36,81,156,0,0,15,20,35,28,11,51,101,191,30,30,60,251
04/07/2011,ACY,NJ,AEA,EN,Combined TRACON& Tower with Radar,36,8,28,62,134,0,1,27,49,77,36,9,55,111,211,6,95,101,312
04/08/2011,ACY,NJ,AEA,EN,Combined TRACON& Tower with Radar,40,20,32,76,168,0,0,29,11,40,40,20,61,87,208,0,56,56,264
04/09/2011,ACY,NJ,AEA,EN,Combined TRACON& Tower with Radar,42,7,33,27,109,0,0,35,3,38,42,7,68,30,147,0,0,0,147
04/10/2011,ACY,NJ,AEA,EN,Combined TRACON& Tower with Radar,43,21,39,6,109,0,2,14,5,21,43,23,53,11,130,30,0,30,160
04/11/2011,ACY,NJ,AEA,EN,Combined TRACON& Tower with Radar,32,13,27,44,116,0,0,12,19,31,32,13,39,63,147,0,95,95,242
04/12/2011,ACY,NJ,AEA,EN,Combined TRACON& Tower with Radar,26,8,20,23,77,0,0,4,14,18,26,8,24,37,95,2,10,12,107
04/13/2011,ACY,NJ,AEA,EN,Combined TRACON& Tower with Radar,27,9,30,49,115,0,0,0,14,14,27,9,30,63,129,0,0,0,129
04/14/2011,ACY,NJ,AEA,EN,Combined TRACON& Tower with Radar,38,8,43,72,161,0,0,50,42,92,38,8,93,114,253,82,96,178,431
04/15/2011,ACY,NJ,AEA,EN,Combined TRACON& Tower with Radar,45,22,33,24,124,0,4,38,46,88,45,26,71,70,212,8,150,158,370
04/16/2011,ACY,NJ,AEA,EN,Combined TRACON& Tower with Radar,44,24,21,9,98,0,2,3,0,5,44,26,24,9,103,0,0,0,103
04/17/2011,ACY,NJ,AEA,EN,Combined TRACON& Tower with Radar,50,27,24,24,125,0,0,16,23,39,50,27,40,47,164,42,228,270,434
04/18/2011,ACY,NJ,AEA,EN,Combined TRACON& Tower with Radar,33,9,42,71,155,0,2,34,44,80,33,11,76,115,235,52,200,252,487
04/19/2011,ACY,NJ,AEA,EN,Combined TRACON& Tower with Radar,33,15,28,92,168,0,0,27,62,89,33,15,55,154,257,144,350,494,751
04/20/2011,ACY,NJ,AEA,EN,Combined TRACON& Tower with Radar,35,12,15,47,109,0,4,25,29,58,35,16,40,76,167,0,0,0,167
04/21/2011,ACY,NJ,AEA,EN,Combined TRACON& Tower with Radar,35,13,16,104,168,0,5,23,39,67,35,18,39,143,235,0,68,68,303
04/22/2011,ACY,NJ,AEA,EN,Combined TRACON& Tower with Radar,35,16,24,90,165,0,3,43,36,82,35,19,67,126,247,24,98,122,369
04/23/2011,ACY,NJ,AEA,EN,Combined TRACON& Tower with Radar,37,4,24,4,69,0,1,2,28,31,37,5,26,32,100,8,88,96,196
04/24/2011,ACY,NJ,AEA,EN,Combined TRACON& Tower with Radar,31,13,22,3,69,0,0,19,6,25,31,13,41,9,94,4,8,12,106
04/25/2011,ACY,NJ,AEA,EN,Combined TRACON& Tower with Radar,37,8,12,83,140,0,0,27,27,54,37,8,39,110,194,0,64,64,258
04/26/2011,ACY,NJ,AEA,EN,Combined TRACON& Tower with Radar,37,6,21,75,139,0,2,8,29,39,37,8,29,104,178,0,108,108,286
04/27/2011,ACY,NJ,AEA,EN,Combined TRACON& Tower with Radar,33,17,21,38,109,0,2,1,12,15,33,19,22,50,124,0,33,33,157
04/28/2011,ACY,NJ,AEA,EN,Combined TRACON& Tower with Radar,40,11,9,4,64,0,2,3,1,6,40,13,12,5,70,0,0,0,70
04/29/2011,ACY,NJ,AEA,EN,Combined TRACON& Tower with Radar,40,21,32,47,140,0,6,31,51,88,40,27,63,98,228,64,287,351,579
04/30/2011,ACY,NJ,AEA,EN,Combined TRACON& Tower with Radar,32,8,36,13,89,0,0,45,14,59,32,8,81,27,148,86,16,102,250
05/01/2011,ACY,NJ,AEA,EN,Combined TRACON& Tower with Radar,44,22,48,4,118,0,3,54,4,61,44,25,102,8,179,1,25,26,205
05/02/2011,ACY,NJ,AEA,EN,Combined TRACON& Tower with Radar,27,13,26,58,124,0,0,27,25,52,27,13,53,83,176,36,208,244,420
05/03/2011,ACY,NJ,AEA,EN,Combined TRACON& Tower with Radar,35,14,24,75,148,0,5,50,27,82,35,19,74,102,230,16,86,102,332
05/04/2011,ACY,NJ,AEA,EN,Combined TRACON& Tower with Radar,33,9,27,36,105,0,0,2,46,48,33,9,29,82,153,4,4,8,161
05/05/2011,ACY,NJ,AEA,EN,Combined TRACON& Tower with Radar,40,13,25,77,155,0,2,15,33,50,40,15,40,110,205,58,140,198,403
05/06/2011,ACY,NJ,AEA,EN,Combined TRACON& Tower with Radar,39,22,37,27,125,0,0,25,37,62,39,22,62,64,187,22,207,229,416
05/07/2011,ACY,NJ,AEA,EN,Combined TRACON& Tower with Radar,39,5,23,22,89,0,0,57,16,73,39,5,80,38,162,58,126,184,346
05/08/2011,ACY,NJ,AEA,EN,Combined TRACON& Tower with Radar,41,10,19,19,89,0,0,35,12,47,41,10,54,31,136,8,56,64,200
05/09/2011,ACY,NJ,AEA,EN,Combined TRACON& Tower with Radar,30,24,25,25,104,0,0,63,25,88,30,24,88,50,192,8,120,128,320
05/10/2011,ACY,NJ,AEA,EN,Combined TRACON& Tower with Radar,31,11,46,75,163,0,0,19,20,39,31,11,65,95,202,0,56,56,258
05/11/2011,ACY,NJ,AEA,EN,Combined TRACON& Tower with Radar,27,23,39,64,153,0,5,38,36,79,27,28,77,100,232,66,100,166,398
05/12/2011,ACY,NJ,AEA,EN,Combined TRACON& Tower with Radar,38,12,34,81,165,0,1,68,30,99,38,13,102,111,264,0,0,0,264
05/13/2011,ACY,NJ,AEA,EN,Combined TRACON& Tower with Radar,38,27,29,68,162,0,3,59,49,111,38,30,88,117,273,73,158,231,504
05/14/2011,ACY,NJ,AEA,EN,Combined TRACON& Tower with Radar,40,13,31,0,84,0,0,15,19,34,40,13,46,19,118,12,58,70,188
05/15/2011,ACY,NJ,AEA,EN,Combined TRACON& Tower with Radar,48,22,29,1,100,0,1,7,13,21,48,23,36,14,121,14,30,44,165
05/16/2011,ACY,NJ,AEA,EN,Combined TRACON& Tower with Radar,32,7,20,50,109,0,0,2,14,16,32,7,22,64,125,6,62,68,193
05/17/2011,ACY,NJ,AEA,EN,Combined TRACON& Tower with Radar,43,8,16,41,108,0,0,1,19,20,43,8,17,60,128,0,40,40,168
05/18/2011,ACY,NJ,AEA,EN,Combined TRACON& Tower with Radar,28,16,45,30,119,0,0,3,10,13,28,16,48,40,132,0,16,16,148
05/19/2011,ACY,NJ,AEA,EN,Combined TRACON& Tower with Radar,41,9,46,50,146,0,0,11,19,30,41,9,57,69,176,0,40,40,216
05/20/2011,ACY,NJ,AEA,EN,Combined TRACON& Tower with Radar,47,35,36,59,177,0,1,2,24,27,47,36,38,83,204,32,297,329,533
05/21/2011,ACY,NJ,AEA,EN,Combined TRACON& Tower with Radar,40,19,24,14,97,0,0,34,17,51,40,19,58,31,148,14,102,116,264
05/22/2011,ACY,NJ,AEA,EN,Combined TRACON& Tower with Radar,46,37,62,20,165,0,2,2,6,10,46,39,64,26,175,10,6,16,191
05/23/2011,ACY,NJ,AEA,EN,Combined TRACON& Tower with Radar,32,14,21,34,101,0,3,4,13,20,32,17,25,47,121,0,14,14,135
05/24/2011,ACY,NJ,AEA,EN,Combined TRACON& Tower with Radar,40,20,31,86,177,0,6,31,42,79,40,26,62,128,256,48,120,168,424
05/25/2011,ACY,NJ,AEA,EN,Combined TRACON& Tower with Radar,32,12,36,76,156,0,0,65,33,98,32,12,101,109,254,38,226,264,518
05/26/2011,ACY,NJ,AEA,EN,Combined TRACON& Tower with Radar,34,24,45,59,162,0,1,24,16,41,34,25,69,75,203,0,56,56,259
05/27/2011,ACY,NJ,AEA,EN,Combined TRACON& Tower with Radar,38,27,40,24,129,0,3,16,14,33,38,30,56,38,162,18,24,42,204
05/28/2011,ACY,NJ,AEA,EN,Combined TRACON& Tower with Radar,35,20,22,0,77,0,2,33,23,58,35,22,55,23,135,32,214,246,381
05/29/2011,ACY,NJ,AEA,EN,Combined TRACON& Tower with Radar,36,17,26,1,80,0,1,26,10,37,36,18,52,11,117,12,24,36,153
05/30/2011,ACY,NJ,AEA,EN,Combined TRACON& Tower with Radar,37,13,50,21,121,0,7,43,4,54,37,20,93,25,175,10,0,10,185
05/31/2011,ACY,NJ,AEA,EN,Combined TRACON& Tower with Radar,32,11,46,60,149,0,2,24,19,45,32,13,70,79,194,18,26,44,238
06/01/2011,ACY,NJ,AEA,EN,Combined TRACON& Tower with Radar,30,10,14,53,107,0,1,13,17,31,30,11,27,70,138,0,0,0,138
06/02/2011,ACY,NJ,AEA,EN,Combined TRACON& Tower with Radar,36,12,22,61,131,0,1,32,36,69,36,13,54,97,200,36,138,174,374
06/03/2011,ACY,NJ,AEA,EN,Combined TRACON& Tower with Radar,38,14,19,9,80,0,5,50,8,63,38,19,69,17,143,0,0,0,143
06/04/2011,ACY,NJ,AEA,EN,Combined TRACON& Tower with Radar,39,7,26,2,74,0,2,52,31,85,39,9,78,33,159,20,28,48,207
06/05/2011,ACY,NJ,AEA,EN,Combined TRACON& Tower with Radar,44,13,35,0,92,1,1,36,3,41,45,14,71,3,133,12,0,12,145
06/06/2011,ACY,NJ,AEA,EN,Combined TRACON& Tower with Radar,36,5,25,43,109,0,0,26,19,45,36,5,51,62,154,20,98,118,272
06/07/2011,ACY,NJ,AEA,EN,Combined TRACON& Tower with Radar,37,12,18,25,92,0,2,32,55,89,37,14,50,80,181,0,0,0,181
06/08/2011,ACY,NJ,AEA,EN,Combined TRACON& Tower with Radar,30,9,13,44,96,0,2,20,17,39,30,11,33,61,135,0,40,40,175
06/09/2011,ACY,NJ,AEA,EN,Combined TRACON& Tower with Radar,43,19,30,66,158,0,3,24,20,47,43,22,54,86,205,22,33,55,260
06/10/2011,ACY,NJ,AEA,EN,Combined TRACON& Tower with Radar,60,32,30,22,144,0,8,24,14,46,60,40,54,36,190,10,84,94,284
06/11/2011,ACY,NJ,AEA,EN,Combined TRACON& Tower with Radar,36,9,35,37,117,0,0,1,1,2,36,9,36,38,119,0,0,0,119
06/12/2011,ACY,NJ,AEA,EN,Combined TRACON& Tower with Radar,46,32,40,14,132,0,0,3,4,7,46,32,43,18,139,0,20,20,159
06/13/2011,ACY,NJ,AEA,EN,Combined TRACON& Tower with Radar,35,14,32,58,139,0,0,9,12,21,35,14,41,70,160,0,28,28,188
06/14/2011,ACY,NJ,AEA,EN,Combined TRACON& Tower with Radar,34,14,24,10,82,0,1,27,28,56,34,15,51,38,138,74,90,164,302
06/15/2011,ACY,NJ,AEA,EN,Combined TRACON& Tower with Radar,30,8,20,53,111,0,4,62,43,109,30,12,82,96,220,44,166,210,430
06/16/2011,ACY,NJ,AEA,EN,Combined TRACON& Tower with Radar,38,18,22,99,177,0,1,42,52,95,38,19,64,151,272,0,88,88,360
06/17/2011,ACY,NJ,AEA,EN,Combined TRACON& Tower with Radar,53,24,38,21,136,0,2,24,18,44,53,26,62,39,180,2,21,23,203
06/18/2011,ACY,NJ,AEA,EN,Combined TRACON& Tower with Radar,38,8,30,2,78,0,2,40,11,53,38,10,70,13,131,0,2,2,133
06/19/2011,ACY,NJ,AEA,EN,Combined TRACON& Tower with Radar,42,18,47,2,109,0,0,49,24,73,42,18,96,26,182,28,102,130,312
06/20/2011,ACY,NJ,AEA,EN,Combined TRACON& Tower with Radar,38,13,24,52,127,0,1,49,58,108,38,14,73,110,235,2,0,2,237
06/21/2011,ACY,NJ,AEA,EN,Combined TRACON& Tower with Radar,34,29,22,83,168,0,3,57,17,77,34,32,79,100,245,74,130,204,449
06/22/2011,ACY,NJ,AEA,EN,Combined TRACON& Tower with Radar,44,24,30,78,176,0,4,47,14,65,44,28,77,92,241,39,60,99,340
06/23/2011,ACY,NJ,AEA,EN,Combined TRACON& Tower with Radar,47,22,31,99,199,0,2,49,34,85,47,24,80,133,284,24,163,187,471
06/24/2011,ACY,NJ,AEA,EN,Combined TRACON& Tower with Radar,44,29,44,40,157,0,3,55,15,73,44,32,99,55,230,22,106,128,358
06/25/2011,ACY,NJ,AEA,EN,Combined TRACON& Tower with Radar,40,16,40,2,98,0,0,81,20,101,40,16,121,22,199,106,20,126,325
06/26/2011,ACY,NJ,AEA,EN,Combined TRACON& Tower with Radar,48,32,52,5,137,0,3,92,11,106,48,35,144,16,243,106,20,126,369
06/27/2011,ACY,NJ,AEA,EN,Combined TRACON& Tower with Radar,33,14,30,62,139,0,0,25,13,38,33,14,55,75,177,0,92,92,269
06/28/2011,ACY,NJ,AEA,EN,Combined TRACON& Tower with Radar,36,11,38,42,127,0,2,25,27,54,36,13,63,69,181,22,166,188,369
06/29/2011,ACY,NJ,AEA,EN,Combined TRACON& Tower with Radar,31,9,29,64,133,0,4,32,17,53,31,13,61,81,186,10,27,37,223
06/30/2011,ACY,NJ,AEA,EN,Combined TRACON& Tower with Radar,36,31,33,95,195,0,0,62,31,93,36,31,95,126,288,64,162,226,514
07/01/2011,ACY,NJ,AEA,EN,Combined TRACON& Tower with Radar,36,19,38,1,94,0,2,66,22,90,36,21,104,23,184,60,26,86,270
07/02/2011,ACY,NJ,AEA,EN,Combined TRACON& Tower with Radar,37,11,29,5,82,0,2,96,29,127,37,13,125,34,209,56,92,148,357
07/03/2011,ACY,NJ,AEA,EN,Combined TRACON& Tower with Radar,39,17,32,1,89,0,2,16,5,23,39,19,48,6,112,1,0,1,113
07/04/2011,ACY,NJ,AEA,EN,Combined TRACON& Tower with Radar,34,5,28,1,68,1,0,27,5,33,35,5,55,6,101,0,4,4,105
07/05/2011,ACY,NJ,AEA,EN,Combined TRACON& Tower with Radar,37,15,37,34,123,0,1,63,14,78,37,16,100,48,201,4,12,16,217
07/06/2011,ACY,NJ,AEA,EN,Combined TRACON& Tower with Radar,28,13,43,37,121,0,1,29,21,51,28,14,72,58,172,0,18,18,190
07/07/2011,ACY,NJ,AEA,EN,Combined TRACON& Tower with Radar,48,9,24,25,106,0,2,30,8,40,48,11,54,33,146,0,0,0,146
07/08/2011,ACY,NJ,AEA,EN,Combined TRACON& Tower with Radar,54,31,38,17,140,0,2,11,7,20,54,33,49,24,160,0,0,0,160
07/09/2011,ACY,NJ,AEA,EN,Combined TRACON& Tower with Radar,49,13,32,11,105,1,3,37,4,45,50,16,69,15,150,10,48,58,208
07/10/2011,ACY,NJ,AEA,EN,Combined TRACON& Tower with Radar,51,23,43,2,119,0,1,48,8,57,51,24,91,10,176,14,8,22,198
07/11/2011,ACY,NJ,AEA,EN,Combined TRACON& Tower with Radar,33,14,27,47,121,0,4,42,17,63,33,18,69,64,184,45,108,153,337
07/12/2011,ACY,NJ,AEA,EN,Combined TRACON& Tower with Radar,35,11,31,21,98,0,1,35,20,56,35,12,66,41,154,24,10,34,188
07/13/2011,ACY,NJ,AEA,EN,Combined TRACON& Tower with Radar,35,27,29,44,135,0,0,38,40,78,35,27,67,84,213,12,48,60,273
07/14/2011,ACY,NJ,AEA,EN,Combined TRACON& Tower with Radar,41,14,30,46,131,0,1,62,27,90,41,15,92,73,221,0,0,0,221
07/15/2011,ACY,NJ,AEA,EN,Combined TRACON& Tower with Radar,46,24,51,29,150,0,2,96,24,122,46,26,147,53,272,68,110,178,450
07/16/2011,ACY,NJ,AEA,EN,Combined TRACON& Tower with Radar,43,10,35,1,89,0,3,51,7,61,43,13,86,8,150,0,0,0,150
07/17/2011,ACY,NJ,AEA,EN,Combined TRACON& Tower with Radar,44,19,36,1,100,0,4,56,6,66,44,23,92,7,166,0,0,0,166
07/18/2011,ACY,NJ,AEA,EN,Combined TRACON& Tower with Radar,40,14,27,9,90,0,4,46,21,71,40,18,73,30,161,0,0,0,161
07/19/2011,ACY,NJ,AEA,EN,Combined TRACON& Tower with Radar,36,9,20,18,83,0,0,50,12,62,36,9,70,30,145,20,34,54,199
07/20/2011,ACY,NJ,AEA,EN,Combined TRACON& Tower with Radar,36,11,48,72,167,0,2,19,31,52,36,13,67,103,219,2,52,54,273
07/21/2011,ACY,NJ,AEA,EN,Combined TRACON& Tower with Radar,32,13,32,26,103,0,0,69,45,114,32,13,101,71,217,100,130,230,447
07/22/2011,ACY,NJ,AEA,EN,Combined TRACON& Tower with Radar,44,44,29,28,145,0,5,27,23,55,44,49,56,51,200,84,211,295,495
07/23/2011,ACY,NJ,AEA,EN,Combined TRACON& Tower with Radar,32,21,34,13,100,0,0,38,32,70,32,21,72,45,170,40,108,148,318
07/24/2011,ACY,NJ,AEA,EN,Combined TRACON& Tower with Radar,20,5,22,10,57,0,0,10,0,10,20,5,32,10,67,2,30,32,99
07/25/2011,ACY,NJ,AEA,EN,Combined TRACON& Tower with Radar,31,8,20,67,126,0,0,14,11,25,31,8,34,78,151,0,0,0,151
07/26/2011,ACY,NJ,AEA,EN,Combined TRACON& Tower with Radar,37,17,34,51,139,0,4,84,41,129,37,21,118,92,268,70,120,190,458
07/27/2011,ACY,NJ,AEA,EN,Combined TRACON& Tower with Radar,32,7,23,82,144,0,5,34,33,72,32,12,57,115,216,32,76,108,324
07/28/2011,ACY,NJ,AEA,EN,Combined TRACON& Tower with Radar,37,15,44,77,173,0,4,59,31,94,37,19,103,108,267,12,106,118,385
07/29/2011,ACY,NJ,AEA,EN,Combined TRACON& Tower with Radar,45,22,39,28,134,0,18,29,21,68,45,40,68,49,202,46,98,144,346
07/30/2011,ACY,NJ,AEA,EN,Combined TRACON& Tower with Radar,39,19,47,9,114,0,2,57,6,65,39,21,104,15,179,72,118,190,369
07/31/2011,ACY,NJ,AEA,EN,Combined TRACON& Tower with Radar,41,17,34,9,101,0,0,47,6,53,41,17,81,15,154,0,8,8,162
08/01/2011,ACY,NJ,AEA,EN,Combined TRACON& Tower with Radar,39,12,16,24,91,0,0,35,15,50,39,12,51,39,141,0,54,54,195
08/02/2011,ACY,NJ,AEA,EN,Combined TRACON& Tower with Radar,33,11,22,120,186,0,3,37,27,67,33,14,59,147,253,0,188,188,441
08/03/2011,ACY,NJ,AEA,EN,Combined TRACON& Tower with Radar,36,6,34,62,138,0,1,20,12,33,36,7,54,74,171,0,107,107,278
08/04/2011,ACY,NJ,AEA,EN,Combined TRACON& Tower with Radar,37,15,46,107,205,0,1,47,35,83,37,16,93,142,288,122,254,376,664
08/05/2011,ACY,NJ,AEA,EN,Combined TRACON& Tower with Radar,45,31,54,52,182,0,3,38,37,78,45,34,92,89,260,66,154,220,480
08/06/2011,ACY,NJ,AEA,EN,Combined TRACON& Tower with Radar,35,10,32,17,94,0,0,31,11,42,35,10,63,28,136,64,18,82,218
08/07/2011,ACY,NJ,AEA,EN,Combined TRACON& Tower with Radar,33,17,49,22,121,0,0,12,21,33,33,17,61,43,154,4,0,4,158
08/08/2011,ACY,NJ,AEA,EN,Combined TRACON& Tower with Radar,34,15,24,28,101,0,0,26,60,86,34,15,50,88,187,34,50,84,271
08/09/2011,ACY,NJ,AEA,EN,Combined TRACON& Tower with Radar,42,14,18,30,104,0,2,20,15,37,42,16,38,45,141,2,36,38,179
08/10/2011,ACY,NJ,AEA,EN,Combined TRACON& Tower with Radar,34,14,38,53,139,0,3,36,31,70,34,17,74,84,209,6,102,108,317
08/11/2011,ACY,NJ,AEA,EN,Combined TRACON& Tower with Radar,38,14,45,33,130,0,2,72,11,85,38,16,117,44,215,54,78,132,347
08/12/2011,ACY,NJ,AEA,EN,Combined TRACON& Tower with Radar,41,47,42,32,162,1,3,77,39,120,42,50,119,71,282,88,190,278,560
08/13/2011,ACY,NJ,AEA,EN,Combined TRACON& Tower with Radar,39,15,25,28,107,0,1,47,4,52,39,16,72,32,159,0,0,0,159
08/14/2011,ACY,NJ,AEA,EN,Combined TRACON& Tower with Radar,46,30,23,7,106,0,2,10,0,12,46,32,33,7,118,0,0,0,118
08/15/2011,ACY,NJ,AEA,EN,Combined TRACON& Tower with Radar,41,13,33,12,99,0,0,8,11,19,41,13,41,23,118,0,0,0,118
08/16/2011,ACY,NJ,AEA,EN,Combined TRACON& Tower with Radar,36,11,18,6,71,1,2,27,17,47,37,13,45,23,118,2,18,20,138
08/17/2011,ACY,NJ,AEA,EN,Combined TRACON& Tower with Radar,32,16,25,10,83,0,7,75,26,108,32,23,100,36,191,0,0,0,191
08/18/2011,ACY,NJ,AEA,EN,Combined TRACON& Tower with Radar,34,18,36,27,115,0,2,44,48,94,34,20,80,75,209,122,74,196,405
08/19/2011,ACY,NJ,AEA,EN,Combined TRACON& Tower with Radar,47,26,36,7,116,0,0,30,32,62,47,26,66,39,178,38,124,162,340
08/20/2011,ACY,NJ,AEA,EN,Combined TRACON& Tower with Radar,33,13,33,10,89,0,2,70,24,96,33,15,103,34,185,8,44,52,237
08/21/2011,ACY,NJ,AEA,EN,Combined TRACON& Tower with Radar,44,24,40,3,111,0,1,37,23,61,44,25,77,26,172,60,82,142,314
08/22/2011,ACY,NJ,AEA,EN,Combined TRACON& Tower with Radar,33,23,22,52,130,0,2,50,21,73,33,25,72,73,203,14,128,142,345
08/23/2011,ACY,NJ,AEA,EN,Combined TRACON& Tower with Radar,49,13,31,70,163,0,3,35,31,69,49,16,66,101,232,12,72,84,316
08/24/2011,ACY,NJ,AEA,EN,Combined TRACON& Tower with Radar,29,20,37,74,160,0,4,40,39,83,29,24,77,113,243,48,62,110,353
08/25/2011,ACY,NJ,AEA,EN,Combined TRACON& Tower with Radar,30,11,22,27,90,0,2,27,12,41,30,13,49,39,131,6,0,6,137
08/26/2011,ACY,NJ,AEA,EN,Combined TRACON& Tower with Radar,37,9,42,21,109,0,1,25,10,36,37,10,67,31,145,8,52,60,205
08/27/2011,ACY,NJ,AEA,EN,Combined TRACON& Tower with Radar,9,0,3,7,19,0,0,0,0,0,9,0,3,7,19,0,0,0,19
08/28/2011,ACY,NJ,AEA,EN,Combined TRACON& Tower with Radar,8,2,3,7,20,0,1,18,21,40,8,3,21,28,60,0,8,8,68
08/29/2011,ACY,NJ,AEA,EN,Combined TRACON& Tower with Radar,30,7,21,3,61,0,7,32,14,53,30,14,53,17,114,4,0,4,118
08/30/2011,ACY,NJ,AEA,EN,Combined TRACON& Tower with Radar,26,20,25,17,88,0,0,49,34,83,26,20,74,51,171,64,66,130,301
08/31/2011,ACY,NJ,AEA,EN,Combined TRACON& Tower with Radar,24,11,27,51,113,0,2,36,23,61,24,13,63,74,174,32,54,86,260
09/01/2011,ACY,NJ,AEA,EN,Combined TRACON& Tower with Radar,28,17,21,60,126,0,0,31,33,64,28,17,52,93,190,50,110,160,350
09/02/2011,ACY,NJ,AEA,EN,Combined TRACON& Tower with Radar,42,19,30,22,113,0,0,46,29,75,42,19,76,51,188,0,72,72,260
09/03/2011,ACY,NJ,AEA,EN,Combined TRACON& Tower with Radar,33,13,33,1,80,0,0,35,20,55,33,13,68,21,135,6,42,48,183
09/04/2011,ACY,NJ,AEA,EN,Combined TRACON& Tower with Radar,34,17,29,4,84,0,0,45,40,85,34,17,74,44,169,60,46,106,275
09/05/2011,ACY,NJ,AEA,EN,Combined TRACON& Tower with Radar,32,10,26,6,74,0,2,27,5,34,32,12,53,11,108,4,22,26,134
09/06/2011,ACY,NJ,AEA,EN,Combined TRACON& Tower with Radar,25,9,24,50,108,0,0,1,2,3,25,9,25,52,111,0,40,40,151
09/07/2011,ACY,NJ,AEA,EN,Combined TRACON& Tower with Radar,30,11,25,27,93,0,1,1,0,2,30,12,26,27,95,14,0,14,109
09/08/2011,ACY,NJ,AEA,EN,Combined TRACON& Tower with Radar,27,7,43,65,142,0,0,0,8,8,27,7,43,73,150,0,62,62,212
09/09/2011,ACY,NJ,AEA,EN,Combined TRACON& Tower with Radar,24,17,36,52,129,0,1,42,18,61,24,18,78,70,190,20,119,139,329
09/10/2011,ACY,NJ,AEA,EN,Combined TRACON& Tower with Radar,27,10,68,31,136,0,0,46,14,60,27,10,114,45,196,60,30,90,286
09/11/2011,ACY,NJ,AEA,EN,Combined TRACON& Tower with Radar,24,16,68,3,111,0,0,9,4,13,24,16,77,7,124,40,0,40,164
09/12/2011,ACY,NJ,AEA,EN,Combined TRACON& Tower with Radar,22,7,22,75,126,0,2,29,35,66,22,9,51,110,192,26,104,130,322
09/13/2011,ACY,NJ,AEA,EN,Combined TRACON& Tower with Radar,18,10,27,34,89,0,4,56,78,138,18,14,83,112,227,50,10,60,287
09/14/2011,ACY,NJ,AEA,EN,Combined TRACON& Tower with Radar,20,9,37,50,116,0,1,32,19,52,20,10,69,69,168,4,84,88,256
09/15/2011,ACY,NJ,AEA,EN,Combined TRACON& Tower with Radar,19,8,46,22,95,0,0,14,23,37,19,8,60,45,132,0,16,16,148
09/16/2011,ACY,NJ,AEA,EN,Combined TRACON& Tower with Radar,28,21,37,24,110,0,2,37,20,59,28,23,74,44,169,8,24,32,201
09/17/2011,ACY,NJ,AEA,EN,Combined TRACON& Tower with Radar,22,5,15,0,42,0,0,22,7,29,22,5,37,7,71,20,22,42,113
09/18/2011,ACY,NJ,AEA,EN,Combined TRACON& Tower with Radar,32,21,32,1,86,0,3,25,29,57,32,24,57,30,143,6,92,98,241
09/19/2011,ACY,NJ,AEA,EN,Combined TRACON& Tower with Radar,19,9,36,54,118,0,0,76,23,99,19,9,112,77,217,76,54,130,347
09/20/2011,ACY,NJ,AEA,EN,Combined TRACON& Tower with Radar,22,10,28,42,102,0,1,9,12,22,22,11,37,54,124,10,50,60,184
09/21/2011,ACY,NJ,AEA,EN,Combined TRACON& Tower with Radar,17,22,39,45,123,0,3,8,15,26,17,25,47,60,149,22,6,28,177
09/22/2011,ACY,NJ,AEA,EN,Combined TRACON& Tower with Radar,25,10,28,25,88,0,0,5,16,21,25,10,33,41,109,0,0,0,109
09/23/2011,ACY,NJ,AEA,EN,Combined TRACON& Tower with Radar,26,14,22,33,95,0,1,0,4,5,26,15,22,37,100,0,12,12,112
09/24/2011,ACY,NJ,AEA,EN,Combined TRACON& Tower with Radar,26,6,48,15,95,0,0,11,9,20,26,6,59,24,115,0,8,8,123
09/25/2011,ACY,NJ,AEA,EN,Combined TRACON& Tower with Radar,31,13,24,3,71,0,2,16,11,29,31,15,40,14,100,0,26,26,126
09/26/2011,ACY,NJ,AEA,EN,Combined TRACON& Tower with Radar,15,10,27,19,71,0,0,9,22,31,15,10,36,41,102,14,26,40,142
09/27/2011,ACY,NJ,AEA,EN,Combined TRACON& Tower with Radar,18,8,22,33,81,0,2,4,13,19,18,10,26,46,100,0,0,0,100
09/28/2011,ACY,NJ,AEA,EN,Combined TRACON& Tower with Radar,19,10,17,14,60,0,2,6,7,15,19,12,23,21,75,0,0,0,75
09/29/2011,ACY,NJ,AEA,EN,Combined TRACON& Tower with Radar,33,11,31,46,121,0,0,10,44,54,33,11,41,90,175,0,70,70,245
09/30/2011,ACY,NJ,AEA,EN,Combined TRACON& Tower with Radar,20,18,25,20,83,0,6,46,30,82,20,24,71,50,165,0,80,80,245
10/01/2011,ACY,NJ,AEA,EN,Combined TRACON& Tower with Radar,18,12,23,10,63,0,7,27,12,46,18,19,50,22,109,64,106,170,279
10/02/2011,ACY,NJ,AEA,EN,Combined TRACON& Tower with Radar,22,13,38,13,86,0,0,15,6,21,22,13,53,19,107,0,4,4,111
10/03/2011,ACY,NJ,AEA,EN,Combined TRACON& Tower with Radar,15,13,27,43,98,0,3,15,32,50,15,16,42,75,148,12,174,186,334
10/04/2011,ACY,NJ,AEA,EN,Combined TRACON& Tower with Radar,15,14,28,50,107,0,2,19,35,56,15,16,47,85,163,8,146,154,317
10/05/2011,ACY,NJ,AEA,EN,Combined TRACON& Tower with Radar,16,13,28,65,122,0,0,76,29,105,16,13,104,94,227,18,174,192,419
10/06/2011,ACY,NJ,AEA,EN,Combined TRACON& Tower with Radar,20,13,22,56,111,0,0,57,35,92,20,13,79,91,203,6,222,228,431
10/07/2011,ACY,NJ,AEA,EN,Combined TRACON& Tower with Radar,32,20,42,3,97,0,1,56,36,93,32,21,98,39,190,86,150,236,426
10/08/2011,ACY,NJ,AEA,EN,Combined TRACON& Tower with Radar,22,8,21,6,57,0,0,73,10,83,22,8,94,16,140,14,22,36,176
10/09/2011,ACY,NJ,AEA,EN,Combined TRACON& Tower with Radar,26,18,36,26,106,0,1,39,4,44,26,19,75,30,150,0,0,0,150
10/10/2011,ACY,NJ,AEA,EN,Combined TRACON& Tower with Radar,28,5,15,2,50,0,3,33,16,52,28,8,48,18,102,40,16,56,158
10/11/2011,ACY,NJ,AEA,EN,Combined TRACON& Tower with Radar,20,7,21,77,125,0,3,20,29,52,20,10,41,106,177,26,161,187,364
10/12/2011,ACY,NJ,AEA,EN,Combined TRACON& Tower with Radar,21,11,38,29,99,0,1,0,20,21,21,12,38,49,120,0,70,70,190
10/13/2011,ACY,NJ,AEA,EN,Combined TRACON& Tower with Radar,18,16,53,25,112,0,0,0,1,1,18,16,53,26,113,0,0,0,113
10/14/2011,ACY,NJ,AEA,EN,Combined TRACON& Tower with Radar,24,24,25,43,116,0,2,13,24,39,24,26,38,67,155,18,120,138,293
10/15/2011,ACY,NJ,AEA,EN,Combined TRACON& Tower with Radar,20,9,20,12,61,0,2,13,6,21,20,11,33,18,82,0,0,0,82
10/16/2011,ACY,NJ,AEA,EN,Combined TRACON& Tower with Radar,28,17,28,8,81,0,3,64,20,87,28,20,92,28,168,30,40,70,238
10/17/2011,ACY,NJ,AEA,EN,Combined TRACON& Tower with Radar,16,9,24,31,80,0,0,16,21,37,16,9,40,52,117,10,12,22,139
10/18/2011,ACY,NJ,AEA,EN,Combined TRACON& Tower with Radar,22,14,23,87,146,0,6,43,25,74,22,20,66,112,220,68,201,269,489
10/19/2011,ACY,NJ,AEA,EN,Combined TRACON& Tower with Radar,15,10,16,8,49,0,0,1,0,1,15,10,17,8,50,0,0,0,50
10/20/2011,ACY,NJ,AEA,EN,Combined TRACON& Tower with Radar,23,9,21,23,76,0,2,13,46,61,23,11,34,69,137,96,154,250,387
10/21/2011,ACY,NJ,AEA,EN,Combined TRACON& Tower with Radar,32,18,35,46,131,0,0,21,33,54,32,18,56,79,185,14,126,140,325
10/22/2011,ACY,NJ,AEA,EN,Combined TRACON& Tower with Radar,24,6,36,6,72,0,10,25,19,54,24,16,61,25,126,44,44,88,214
10/23/2011,ACY,NJ,AEA,EN,Combined TRACON& Tower with Radar,31,17,26,1,75,0,2,42,8,52,31,19,68,9,127,60,2,62,189
10/24/2011,ACY,NJ,AEA,EN,Combined TRACON& Tower with Radar,17,7,24,60,108,0,1,28,38,67,17,8,52,98,175,40,117,157,332
10/25/2011,ACY,NJ,AEA,EN,Combined TRACON& Tower with Radar,19,17,32,73,141,0,0,42,35,77,19,17,74,108,218,126,52,178,396
10/26/2011,ACY,NJ,AEA,EN,Combined TRACON& Tower with Radar,18,19,26,43,106,0,5,48,42,95,18,24,74,85,201,0,120,120,321
10/27/2011,ACY,NJ,AEA,EN,Combined TRACON& Tower with Radar,21,16,31,91,159,0,0,7,36,43,21,16,38,127,202,14,148,162,364
10/28/2011,ACY,NJ,AEA,EN,Combined TRACON& Tower with Radar,29,13,29,40,111,0,1,36,29,66,29,14,65,69,177,50,158,208,385
10/29/2011,ACY,NJ,AEA,EN,Combined TRACON& Tower with Radar,24,8,9,1,42,0,0,2,1,3,24,8,11,2,45,0,0,0,45
10/30/2011,ACY,NJ,AEA,EN,Combined TRACON& Tower with Radar,28,18,23,1,70,0,3,31,4,38,28,21,54,5,108,6,0,6,114
10/31/2011,ACY,NJ,AEA,EN,Combined TRACON& Tower with Radar,20,5,45,26,96,0,0,50,19,69,20,5,95,45,165,80,112,192,357
11/01/2011,ACY,NJ,AEA,EN,Combined TRACON& Tower with Radar,14,9,28,72,123,0,4,68,55,127,14,13,96,127,250,0,258,258,508
11/02/2011,ACY,NJ,AEA,EN,Combined TRACON& Tower with Radar,15,11,28,27,81,0,3,53,17,73,15,14,81,44,154,45,101,146,300
11/03/2011,ACY,NJ,AEA,EN,Combined TRACON& Tower with Radar,20,13,27,24,84,0,0,70,42,112,20,13,97,66,196,48,120,168,364
11/04/2011,ACY,NJ,AEA,EN,Combined TRACON& Tower with Radar,24,33,32,29,118,0,1,43,36,80,24,34,75,65,198,36,138,174,372
11/05/2011,ACY,NJ,AEA,EN,Combined TRACON& Tower with Radar,17,13,20,35,85,0,1,31,20,52,17,14,51,55,137,84,96,180,317
11/06/2011,ACY,NJ,AEA,EN,Combined TRACON& Tower with Radar,28,29,31,1,89,0,0,49,2,51,28,29,80,3,140,16,0,16,156
11/07/2011,ACY,NJ,AEA,EN,Combined TRACON& Tower with Radar,19,8,34,12,73,0,1,28,38,67,19,9,62,50,140,0,64,64,204
11/08/2011,ACY,NJ,AEA,EN,Combined TRACON& Tower with Radar,18,21,36,42,117,0,1,42,23,66,18,22,78,65,183,0,40,40,223
11/09/2011,ACY,NJ,AEA,EN,Combined TRACON& Tower with Radar,21,14,24,21,80,0,0,29,18,47,21,14,53,39,127,22,46,68,195
11/10/2011,ACY,NJ,AEA,EN,Combined TRACON& Tower with Radar,35,15,22,26,98,0,3,4,11,18,35,18,26,37,116,0,0,0,116
11/11/2011,ACY,NJ,AEA,EN,Combined TRACON& Tower with Radar,37,16,20,13,86,0,8,17,14,39,37,24,37,27,125,18,0,18,143
11/12/2011,ACY,NJ,AEA,EN,Combined TRACON& Tower with Radar,35,10,10,2,57,0,0,24,4,28,35,10,34,6,85,0,0,0,85
11/13/2011,ACY,NJ,AEA,EN,Combined TRACON& Tower with Radar,36,23,17,2,78,0,0,19,3,22,36,23,36,5,100,0,20,20,120
11/14/2011,ACY,NJ,AEA,EN,Combined TRACON& Tower with Radar,25,9,26,11,71,0,4,13,19,36,25,13,39,30,107,0,18,18,125
11/15/2011,ACY,NJ,AEA,EN,Combined TRACON& Tower with Radar,29,11,28,66,134,0,0,16,32,48,29,11,44,98,182,2,107,109,291
11/16/2011,ACY,NJ,AEA,EN,Combined TRACON& Tower with Radar,24,23,15,12,74,0,0,0,3,3,24,23,15,15,77,0,0,0,77
11/17/2011,ACY,NJ,AEA,EN,Combined TRACON& Tower with Radar,31,11,36,29,107,0,2,11,33,46,31,13,47,62,153,22,42,64,217
11/18/2011,ACY,NJ,AEA,EN,Combined TRACON& Tower with Radar,32,19,41,33,125,0,2,46,39,87,32,21,87,72,212,40,150,190,402
11/19/2011,ACY,NJ,AEA,EN,Combined TRACON& Tower with Radar,31,14,35,3,83,0,2,160,28,190,31,16,195,31,273,12,64,76,349
11/20/2011,ACY,NJ,AEA,EN,Combined TRACON& Tower with Radar,32,17,29,0,78,0,0,40,20,60,32,17,69,20,138,68,130,198,336
11/21/2011,ACY,NJ,AEA,EN,Combined TRACON& Tower with Radar,24,7,24,50,105,0,0,26,11,37,24,7,50,61,142,0,0,0,142
11/22/2011,ACY,NJ,AEA,EN,Combined TRACON& Tower with Radar,24,8,22,33,87,0,0,2,13,15,24,8,24,46,102,0,54,54,156
11/23/2011,ACY,NJ,AEA,EN,Combined TRACON& Tower with Radar,23,12,20,29,84,0,0,3,14,17,23,12,23,43,101,0,0,0,101
11/24/2011,ACY,NJ,AEA,EN,Combined TRACON& Tower with Radar,22,2,6,0,30,0,0,11,0,11,22,2,17,0,41,0,0,0,41
11/25/2011,ACY,NJ,AEA,EN,Combined TRACON& Tower with Radar,33,17,23,1,74,0,0,45,16,61,33,17,68,17,135,16,10,26,161
11/26/2011,ACY,NJ,AEA,EN,Combined TRACON& Tower with Radar,23,16,34,2,75,0,1,46,21,68,23,17,80,23,143,18,46,64,207
11/27/2011,ACY,NJ,AEA,EN,Combined TRACON& Tower with Radar,34,24,40,1,99,0,1,33,19,53,34,25,73,20,152,10,10,20,172
11/28/2011,ACY,NJ,AEA,EN,Combined TRACON& Tower with Radar,22,7,16,12,57,0,0,27,40,67,22,7,43,52,124,17,22,39,163
11/29/2011,ACY,NJ,AEA,EN,Combined TRACON& Tower with Radar,25,7,16,19,67,0,0,2,35,37,25,7,18,54,104,42,110,152,256
11/30/2011,ACY,NJ,AEA,EN,Combined TRACON& Tower with Radar,26,11,38,43,118,40,13,64,72,189,66,24,102,115,307,0,0,0,307
12/01/2011,ACY,NJ,AEA,EN,Combined TRACON& Tower with Radar,24,14,18,33,89,0,5,23,28,56,24,19,41,61,145,0,71,71,216
12/02/2011,ACY,NJ,AEA,EN,Combined TRACON& Tower with Radar,39,16,25,39,119,0,3,33,39,75,39,19,58,78,194,0,78,78,272
12/03/2011,ACY,NJ,AEA,EN,Combined TRACON& Tower with Radar,25,9,19,8,61,0,2,53,26,81,25,11,72,34,142,14,68,82,224
12/04/2011,ACY,NJ,AEA,EN,Combined TRACON& Tower with Radar,31,12,48,14,105,0,0,50,15,65,31,12,98,29,170,128,26,154,324
12/05/2011,ACY,NJ,AEA,EN,Combined TRACON& Tower with Radar,39,7,28,16,90,0,0,14,29,43,39,7,42,45,133,30,88,118,251
12/06/2011,ACY,NJ,AEA,EN,Combined TRACON& Tower with Radar,37,12,17,27,93,0,0,3,41,44,37,12,20,68,137,0,54,54,191
12/07/2011,ACY,NJ,AEA,EN,Combined TRACON& Tower with Radar,27,12,12,14,65,0,0,1,10,11,27,12,13,24,76,0,0,0,76
12/08/2011,ACY,NJ,AEA,EN,Combined TRACON& Tower with Radar,24,21,12,30,87,0,2,18,42,62,24,23,30,72,149,0,106,106,255
12/09/2011,ACY,NJ,AEA,EN,Combined TRACON& Tower with Radar,25,30,29,29,113,0,6,42,37,85,25,36,71,66,198,10,24,34,232
12/10/2011,ACY,NJ,AEA,EN,Combined TRACON& Tower with Radar,29,21,15,4,69,0,0,29,10,39,29,21,44,14,108,8,0,8,116
12/11/2011,ACY,NJ,AEA,EN,Combined TRACON& Tower with Radar,29,35,31,2,97,0,1,54,22,77,29,36,85,24,174,64,80,144,318
12/12/2011,ACY,NJ,AEA,EN,Combined TRACON& Tower with Radar,25,7,21,48,101,0,1,41,23,65,25,8,62,71,166,12,92,104,270
12/13/2011,ACY,NJ,AEA,EN,Combined TRACON& Tower with Radar,22,7,11,20,60,0,0,29,34,63,22,7,40,54,123,32,80,112,235
12/14/2011,ACY,NJ,AEA,EN,Combined TRACON& Tower with Radar,25,13,41,52,131,0,3,32,38,73,25,16,73,90,204,6,174,180,384
12/15/2011,ACY,NJ,AEA,EN,Combined TRACON& Tower with Radar,22,11,17,33,83,0,2,13,52,67,22,13,30,85,150,20,134,154,304
12/16/2011,ACY,NJ,AEA,EN,Combined TRACON& Tower with Radar,25,18,23,13,79,0,0,8,2,10,25,18,31,15,89,0,0,0,89
12/17/2011,ACY,NJ,AEA,EN,Combined TRACON& Tower with Radar,24,8,19,0,51,0,0,21,14,35,24,8,40,14,86,4,16,20,106
12/18/2011,ACY,NJ,AEA,EN,Combined TRACON& Tower with Radar,26,14,22,2,64,0,1,28,14,43,26,15,50,16,107,6,30,36,143
12/19/2011,ACY,NJ,AEA,EN,Combined TRACON& Tower with Radar,19,10,8,8,45,0,3,15,24,42,19,13,23,32,87,0,52,52,139
12/20/2011,ACY,NJ,AEA,EN,Combined TRACON& Tower with Radar,22,7,16,36,81,0,0,37,9,46,22,7,53,45,127,4,28,32,159
12/21/2011,ACY,NJ,AEA,EN,Combined TRACON& Tower with Radar,22,13,23,20,78,0,0,0,10,10,22,13,23,30,88,18,36,54,142
12/22/2011,ACY,NJ,AEA,EN,Combined TRACON& Tower with Radar,23,7,23,12,65,0,2,35,19,56,23,9,58,31,121,22,36,58,179
12/23/2011,ACY,NJ,AEA,EN,Combined TRACON& Tower with Radar,25,4,13,3,45,0,5,11,21,37,25,9,24,24,82,6,40,46,128
12/24/2011,ACY,NJ,AEA,EN,Combined TRACON& Tower with Radar,22,5,3,0,30,0,0,13,6,19,22,5,16,6,49,0,0,0,49
12/25/2011,ACY,NJ,AEA,EN,Combined TRACON& Tower with Radar,23,1,0,0,24,0,0,6,1,7,23,1,6,1,31,0,0,0,31
12/26/2011,ACY,NJ,AEA,EN,Combined TRACON& Tower with Radar,20,5,17,2,44,0,0,21,6,27,20,5,38,8,71,0,0,0,71
12/27/2011,ACY,NJ,AEA,EN,Combined TRACON& Tower with Radar,28,11,12,28,79,0,2,8,6,16,28,13,20,34,95,0,0,0,95
12/28/2011,ACY,NJ,AEA,EN,Combined TRACON& Tower with Radar,30,7,19,24,80,0,2,17,15,34,30,9,36,39,114,3,24,27,141
12/29/2011,ACY,NJ,AEA,EN,Combined TRACON& Tower with Radar,30,5,25,79,139,0,1,36,22,59,30,6,61,101,198,0,224,224,422
12/30/2011,ACY,NJ,AEA,EN,Combined TRACON& Tower with Radar,27,22,24,16,89,0,0,41,21,62,27,22,65,37,151,10,58,68,219
12/31/2011,ACY,NJ,AEA,EN,Combined TRACON& Tower with Radar,24,9,15,0,48,0,2,37,4,43,24,11,52,4,91,12,0,12,103
01/01/2012,ACY,NJ,AEA,EN,Combined TRACON& Tower with Radar,23,31,13,0,67,0,2,41,2,45,23,33,54,2,112,8,0,8,120
01/02/2012,ACY,NJ,AEA,EN,Combined TRACON& Tower with Radar,20,2,9,4,35,0,0,7,36,43,20,2,16,40,78,1,40,41,119
01/03/2012,ACY,NJ,AEA,EN,Combined TRACON& Tower with Radar,24,10,11,78,123,0,0,5,4,9,24,10,16,82,132,0,0,0,132
01/04/2012,ACY,NJ,AEA,EN,Combined TRACON& Tower with Radar,20,14,17,20,71,0,0,27,27,54,20,14,44,47,125,0,20,20,145
01/05/2012,ACY,NJ,AEA,EN,Combined TRACON& Tower with Radar,25,16,8,63,112,0,0,23,59,82,25,16,31,122,194,0,38,38,232
01/06/2012,ACY,NJ,AEA,EN,Combined TRACON& Tower with Radar,29,8,25,17,79,0,1,36,24,61,29,9,61,41,140,0,6,6,146
01/07/2012,ACY,NJ,AEA,EN,Combined TRACON& Tower with Radar,21,8,16,1,46,0,0,45,19,64,21,8,61,20,110,20,22,42,152
01/08/2012,ACY,NJ,AEA,EN,Combined TRACON& Tower with Radar,27,8,26,12,73,0,2,47,10,59,27,10,73,22,132,18,40,58,190
01/09/2012,ACY,NJ,AEA,EN,Combined TRACON& Tower with Radar,20,10,12,39,81,0,0,14,18,32,20,10,26,57,113,4,42,46,159
01/10/2012,ACY,NJ,AEA,EN,Combined TRACON& Tower with Radar,32,4,16,17,69,0,5,24,32,61,32,9,40,49,130,18,78,96,226
01/11/2012,ACY,NJ,AEA,EN,Combined TRACON& Tower with Radar,19,9,21,46,95,0,0,11,25,36,19,9,32,71,131,0,30,30,161
01/12/2012,ACY,NJ,AEA,EN,Combined TRACON& Tower with Radar,21,11,16,42,90,0,2,5,50,57,21,13,21,92,147,0,104,104,251
01/13/2012,ACY,NJ,AEA,EN,Combined TRACON& Tower with Radar,27,16,13,40,96,0,0,8,35,43,27,16,21,75,139,0,80,80,219
01/14/2012,ACY,NJ,AEA,EN,Combined TRACON& Tower with Radar,26,8,18,8,60,0,1,21,21,43,26,9,39,29,103,0,42,42,145
01/15/2012,ACY,NJ,AEA,EN,Combined TRACON& Tower with Radar,28,16,16,1,61,0,0,48,2,50,28,16,64,3,111,22,0,22,133
01/16/2012,ACY,NJ,AEA,EN,Combined TRACON& Tower with Radar,25,6,9,2,42,0,1,40,30,71,25,7,49,32,113,42,94,136,249
01/17/2012,ACY,NJ,AEA,EN,Combined TRACON& Tower with Radar,17,11,12,30,70,0,1,10,17,28,17,12,22,47,98,0,0,0,98
01/18/2012,ACY,NJ,AEA,EN,Combined TRACON& Tower with Radar,21,30,30,50,131,0,0,41,49,90,21,30,71,99,221,56,172,228,449
01/19/2012,ACY,NJ,AEA,EN,Combined TRACON& Tower with Radar,20,10,27,31,88,0,0,68,48,116,20,10,95,79,204,16,112,128,332
01/20/2012,ACY,NJ,AEA,EN,Combined TRACON& Tower with Radar,33,21,18,7,79,0,3,36,22,61,33,24,54,29,140,0,0,0,140
01/21/2012,ACY,NJ,AEA,EN,Combined TRACON& Tower with Radar,20,8,10,0,38,0,0,2,0,2,20,8,12,0,40,0,0,0,40
01/22/2012,ACY,NJ,AEA,EN,Combined TRACON& Tower with Radar,31,20,15,2,68,0,0,12,16,28,31,20,27,18,96,18,28,46,142
01/23/2012,ACY,NJ,AEA,EN,Combined TRACON& Tower with Radar,18,22,16,19,75,0,0,2,7,9,18,22,18,26,84,0,0,0,84
01/24/2012,ACY,NJ,AEA,EN,Combined TRACON& Tower with Radar,21,11,29,44,105,0,1,39,23,63,21,12,68,67,168,14,48,62,230
01/25/2012,ACY,NJ,AEA,EN,Combined TRACON& Tower with Radar,20,12,35,38,105,0,0,62,18,80,20,12,97,56,185,86,42,128,313
01/26/2012,ACY,NJ,AEA,EN,Combined TRACON& Tower with Radar,28,14,22,28,92,0,0,21,14,35,28,14,43,42,127,40,54,94,221
01/27/2012,ACY,NJ,AEA,EN,Combined TRACON& Tower with Radar,25,20,20,16,81,0,4,3,14,21,25,24,23,30,102,6,10,16,118
01/28/2012,ACY,NJ,AEA,EN,Combined TRACON& Tower with Radar,23,17,17,3,60,0,2,46,5,53,23,19,63,8,113,0,4,4,117
01/29/2012,ACY,NJ,AEA,EN,Combined TRACON& Tower with Radar,19,21,37,0,77,0,0,36,5,41,19,21,73,5,118,10,0,10,128
01/30/2012,ACY,NJ,AEA,EN,Combined TRACON& Tower with Radar,17,8,22,21,68,0,2,26,70,98,17,10,48,91,166,30,114,144,310
01/31/2012,ACY,NJ,AEA,EN,Combined TRACON& Tower with Radar,20,7,5,29,61,0,3,43,61,107,20,10,48,90,168,30,114,144,312
02/01/2012,ACY,NJ,AEA,EN,Combined TRACON& Tower with Radar,20,10,22,3,55,0,4,26,36,66,20,14,48,39,121,78,46,124,245
02/02/2012,ACY,NJ,AEA,EN,Combined TRACON& Tower with Radar,21,9,10,65,105,0,0,23,47,70,21,9,33,112,175,18,134,152,327
02/03/2012,ACY,NJ,AEA,EN,Combined TRACON& Tower with Radar,26,10,17,15,68,0,2,41,60,103,26,12,58,75,171,0,0,0,171
02/04/2012,ACY,NJ,AEA,EN,Combined TRACON& Tower with Radar,22,16,24,3,65,0,2,28,9,39,22,18,52,12,104,0,0,0,104
02/05/2012,ACY,NJ,AEA,EN,Combined TRACON& Tower with Radar,23,16,26,3,68,0,0,23,12,35,23,16,49,15,103,0,0,0,103
02/06/2012,ACY,NJ,AEA,EN,Combined TRACON& Tower with Radar,25,13,28,33,99,0,2,25,28,55,25,15,53,61,154,6,44,50,204
02/07/2012,ACY,NJ,AEA,EN,Combined TRACON& Tower with Radar,21,7,13,42,83,0,4,24,31,59,21,11,37,73,142,4,120,124,266
02/08/2012,ACY,NJ,AEA,EN,Combined TRACON& Tower with Radar,19,14,10,14,57,0,0,10,22,32,19,14,20,36,89,14,42,56,145
02/09/2012,ACY,NJ,AEA,EN,Combined TRACON& Tower with Radar,23,10,20,51,104,0,0,30,110,140,23,10,50,161,244,0,0,0,244
02/10/2012,ACY,NJ,AEA,EN,Combined TRACON& Tower with Radar,27,39,30,23,119,0,0,29,30,59,27,39,59,53,178,8,88,96,274
02/11/2012,ACY,NJ,AEA,EN,Combined TRACON& Tower with Radar,23,8,8,4,43,0,0,4,3,7,23,8,12,7,50,0,0,0,50
02/12/2012,ACY,NJ,AEA,EN,Combined TRACON& Tower with Radar,34,23,11,26,94,0,2,9,6,17,34,25,20,32,111,4,62,66,177
02/13/2012,ACY,NJ,AEA,EN,Combined TRACON& Tower with Radar,20,8,24,31,83,0,3,11,33,47,20,11,35,64,130,4,116,120,250
02/14/2012,ACY,NJ,AEA,EN,Combined TRACON& Tower with Radar,20,10,25,87,142,0,0,39,52,91,20,10,64,139,233,44,190,234,467
02/15/2012,ACY,NJ,AEA,EN,Combined TRACON& Tower with Radar,17,12,27,59,115,0,1,25,23,49,17,13,52,82,164,0,0,0,164
02/16/2012,ACY,NJ,AEA,EN,Combined TRACON& Tower with Radar,23,10,24,63,120,0,2,22,46,70,23,12,46,109,190,46,116,162,352
02/17/2012,ACY,NJ,AEA,EN,Combined TRACON& Tower with Radar,29,18,25,0,72,0,1,36,10,47,29,19,61,10,119,0,0,0,119
02/18/2012,ACY,NJ,AEA,EN,Combined TRACON& Tower with Radar,17,7,32,0,56,0,0,21,4,25,17,7,53,4,81,0,0,0,81
02/19/2012,ACY,NJ,AEA,EN,Combined TRACON& Tower with Radar,34,22,11,26,93,0,2,9,5,16,34,24,20,31,109,0,10,10,119
02/20/2012,ACY,NJ,AEA,EN,Combined TRACON& Tower with Radar,25,11,15,12,63,0,0,34,33,67,25,11,49,45,130,18,90,108,238
02/21/2012,ACY,NJ,AEA,EN,Combined TRACON& Tower with Radar,21,9,15,26,71,0,2,18,31,51,21,11,33,57,122,0,76,76,198
02/22/2012,ACY,NJ,AEA,EN,Combined TRACON& Tower with Radar,19,16,4,27,66,0,2,37,33,72,19,18,41,60,138,16,103,119,257
02/23/2012,ACY,NJ,AEA,EN,Combined TRACON& Tower with Radar,25,10,30,73,138,0,3,12,37,52,25,13,42,110,190,48,134,182,372
02/24/2012,ACY,NJ,AEA,EN,Combined TRACON& Tower with Radar,22,21,28,18,89,0,0,0,4,4,22,21,28,22,93,0,0,0,93
02/25/2012,ACY,NJ,AEA,EN,Combined TRACON& Tower with Radar,31,13,17,31,92,0,0,8,3,11,31,13,25,34,103,0,14,14,117
02/26/2012,ACY,NJ,AEA,EN,Combined TRACON& Tower with Radar,26,18,32,0,76,0,2,51,18,71,26,20,83,18,147,50,0,50,197
02/27/2012,ACY,NJ,AEA,EN,Combined TRACON& Tower with Radar,20,9,23,54,106,0,2,12,37,51,20,11,35,91,157,0,64,64,221
02/28/2012,ACY,NJ,AEA,EN,Combined TRACON& Tower with Radar,19,10,13,87,129,0,2,30,24,56,19,12,43,111,185,115,277,392,577
02/29/2012,ACY,NJ,AEA,EN,Combined TRACON& Tower with Radar,21,15,13,20,69,0,0,3,6,9,21,15,16,26,78,6,20,26,104
03/01/2012,ACY,NJ,AEA,EN,Combined TRACON& Tower with Radar,31,17,23,50,121,0,1,1,14,16,31,18,24,64,137,0,0,0,137
03/02/2012,ACY,NJ,AEA,EN,Combined TRACON& Tower with Radar,27,22,29,75,153,0,1,14,36,51,27,23,43,111,204,10,84,94,298
03/03/2012,ACY,NJ,AEA,EN,Combined TRACON& Tower with Radar,28,17,35,0,80,0,0,5,4,9,28,17,40,4,89,0,0,0,89
03/04/2012,ACY,NJ,AEA,EN,Combined TRACON& Tower with Radar,35,17,17,7,76,0,1,37,8,46,35,18,54,15,122,30,18,48,170
03/05/2012,ACY,NJ,AEA,EN,Combined TRACON& Tower with Radar,26,11,27,53,117,0,0,40,59,99,26,11,67,112,216,56,204,260,476
03/06/2012,ACY,NJ,AEA,EN,Combined TRACON& Tower with Radar,19,9,14,19,61,1,1,37,27,66,20,10,51,46,127,36,85,121,248
03/07/2012,ACY,NJ,AEA,EN,Combined TRACON& Tower with Radar,23,17,15,24,79,0,0,31,12,43,23,17,46,36,122,18,34,52,174
03/08/2012,ACY,NJ,AEA,EN,Combined TRACON& Tower with Radar,27,18,19,34,98,0,2,19,29,50,27,20,38,63,148,10,86,96,244
03/09/2012,ACY,NJ,AEA,EN,Combined TRACON& Tower with Radar,36,19,28,104,187,0,2,22,20,44,36,21,50,124,231,0,138,138,369
03/10/2012,ACY,NJ,AEA,EN,Combined TRACON& Tower with Radar,31,14,31,14,90,0,2,38,30,70,31,16,69,44,160,0,40,40,200
03/11/2012,ACY,NJ,AEA,EN,Combined TRACON& Tower with Radar,31,15,34,5,85,0,1,56,21,78,31,16,90,26,163,7,32,39,202
03/12/2012,ACY,NJ,AEA,EN,Combined TRACON& Tower with Radar,26,7,17,58,108,0,0,30,26,56,26,7,47,84,164,30,66,96,260
03/13/2012,ACY,NJ,AEA,EN,Combined TRACON& Tower with Radar,28,11,10,67,116,0,5,10,33,48,28,16,20,100,164,15,140,155,319
03/14/2012,ACY,NJ,AEA,EN,Combined TRACON& Tower with Radar,22,20,23,47,112,0,1,39,100,140,22,21,62,147,252,7,9,16,268
03/15/2012,ACY,NJ,AEA,EN,Combined TRACON& Tower with Radar,26,10,12,13,61,0,1,3,0,4,26,11,15,13,65,0,0,0,65
03/16/2012,ACY,NJ,AEA,EN,Combined TRACON& Tower with Radar,37,16,32,20,105,0,4,0,13,17,37,20,32,33,122,12,52,64,186
03/17/2012,ACY,NJ,AEA,EN,Combined TRACON& Tower with Radar,33,16,42,2,93,0,0,13,0,13,33,16,55,2,106,0,8,8,114
03/18/2012,ACY,NJ,AEA,EN,Combined TRACON& Tower with Radar,42,16,37,1,96,0,0,36,14,50,42,16,73,15,146,36,0,36,182
03/19/2012,ACY,NJ,AEA,EN,Combined TRACON& Tower with Radar,33,12,26,55,126,0,2,27,21,50,33,14,53,76,176,0,91,91,267
03/20/2012,ACY,NJ,AEA,EN,Combined TRACON& Tower with Radar,29,12,42,33,116,0,0,8,16,24,29,12,50,49,140,0,98,98,238
03/21/2012,ACY,NJ,AEA,EN,Combined TRACON& Tower with Radar,26,14,51,6,97,0,0,5,11,16,26,14,56,17,113,40,50,90,203
03/22/2012,ACY,NJ,AEA,EN,Combined TRACON& Tower with Radar,32,12,33,17,94,0,0,35,38,73,32,12,68,55,167,0,40,40,207
03/23/2012,ACY,NJ,AEA,EN,Combined TRACON& Tower with Radar,35,16,32,29,112,0,1,20,35,56,35,17,52,64,168,22,110,132,300
03/24/2012,ACY,NJ,AEA,EN,Combined TRACON& Tower with Radar,29,24,26,1,80,0,0,4,3,7,29,24,30,4,87,0,0,0,87
03/25/2012,ACY,NJ,AEA,EN,Combined TRACON& Tower with Radar,35,17,29,7,88,0,0,6,0,6,35,17,35,7,94,6,0,6,100
03/26/2012,ACY,NJ,AEA,EN,Combined TRACON& Tower with Radar,31,8,22,13,74,0,0,23,34,57,31,8,45,47,131,30,68,98,229
03/27/2012,ACY,NJ,AEA,EN,Combined TRACON& Tower with Radar,27,17,19,43,106,0,0,23,37,60,27,17,42,80,166,0,56,56,222
03/28/2012,ACY,NJ,AEA,EN,Combined TRACON& Tower with Radar,22,15,24,52,113,0,0,25,20,45,22,15,49,72,158,22,56,78,236
03/29/2012,ACY,NJ,AEA,EN,Combined TRACON& Tower with Radar,31,12,41,47,131,0,0,28,47,75,31,12,69,94,206,0,60,60,266
03/30/2012,ACY,NJ,AEA,EN,Combined TRACON& Tower with Radar,31,17,37,12,97,0,4,28,21,53,31,21,65,33,150,5,24,29,179
03/31/2012,ACY,NJ,AEA,EN,Combined TRACON& Tower with Radar,30,13,36,4,83,0,0,0,0,0,30,13,36,4,83,0,0,0,83
04/01/2012,ACY,NJ,AEA,EN,Combined TRACON& Tower with Radar,34,21,60,0,115,0,2,27,7,36,34,23,87,7,151,0,0,0,151
04/02/2012,ACY,NJ,AEA,EN,Combined TRACON& Tower with Radar,28,11,21,28,88,0,0,34,39,73,28,11,55,67,161,72,132,204,365
04/03/2012,ACY,NJ,AEA,EN,Combined TRACON& Tower with Radar,30,9,20,46,105,0,1,44,8,53,30,10,64,54,158,0,0,0,158
04/04/2012,ACY,NJ,AEA,EN,Combined TRACON& Tower with Radar,24,14,33,102,173,0,0,58,57,115,24,14,91,159,288,56,156,212,500
04/05/2012,ACY,NJ,AEA,EN,Combined TRACON& Tower with Radar,29,15,22,69,135,0,1,34,21,56,29,16,56,90,191,0,0,0,191
04/06/2012,ACY,NJ,AEA,EN,Combined TRACON& Tower with Radar,24,12,26,13,75,0,4,31,37,72,24,16,57,50,147,0,36,36,183
04/07/2012,ACY,NJ,AEA,EN,Combined TRACON& Tower with Radar,31,11,24,0,66,0,1,36,10,47,31,12,60,10,113,20,0,20,133
04/08/2012,ACY,NJ,AEA,EN,Combined TRACON& Tower with Radar,27,11,15,6,59,0,1,31,28,60,27,12,46,34,119,0,0,0,119
04/09/2012,ACY,NJ,AEA,EN,Combined TRACON& Tower with Radar,27,12,10,20,69,0,2,19,21,42,27,14,29,41,111,0,0,0,111
04/10/2012,ACY,NJ,AEA,EN,Combined TRACON& Tower with Radar,25,8,17,32,82,0,0,6,28,34,25,8,23,60,116,2,10,12,128
04/11/2012,ACY,NJ,AEA,EN,Combined TRACON& Tower with Radar,29,11,35,73,148,0,0,15,14,29,29,11,50,87,177,0,30,30,207
04/12/2012,ACY,NJ,AEA,EN,Combined TRACON& Tower with Radar,34,14,20,43,111,0,1,10,42,53,34,15,30,85,164,32,93,125,289
04/13/2012,ACY,NJ,AEA,EN,Combined TRACON& Tower with Radar,31,19,34,49,133,0,5,25,23,53,31,24,59,72,186,0,70,70,256
04/14/2012,ACY,NJ,AEA,EN,Combined TRACON& Tower with Radar,27,20,31,21,99,0,0,37,42,79,27,20,68,63,178,0,37,37,215
04/15/2012,ACY,NJ,AEA,EN,Combined TRACON& Tower with Radar,32,24,31,6,93,0,0,37,8,45,32,24,68,14,138,20,30,50,188
04/16/2012,ACY,NJ,AEA,EN,Combined TRACON& Tower with Radar,23,8,28,41,100,0,0,77,46,123,23,8,105,87,223,84,214,298,521
04/17/2012,ACY,NJ,AEA,EN,Combined TRACON& Tower with Radar,31,10,18,91,150,0,3,58,67,128,31,13,76,158,278,78,178,256,534
04/18/2012,ACY,NJ,AEA,EN,Combined TRACON& Tower with Radar,20,15,29,61,125,0,0,24,31,55,20,15,53,92,180,6,78,84,264
04/19/2012,ACY,NJ,AEA,EN,Combined TRACON& Tower with Radar,28,11,38,92,169,0,1,47,38,86,28,12,85,130,255,0,38,38,293
04/20/2012,ACY,NJ,AEA,EN,Combined TRACON& Tower with Radar,35,31,39,44,149,0,2,9,18,29,35,33,48,62,178,0,0,0,178
04/21/2012,ACY,NJ,AEA,EN,Combined TRACON& Tower with Radar,28,15,31,33,107,0,5,23,12,40,28,20,54,45,147,32,118,150,297
04/22/2012,ACY,NJ,AEA,EN,Combined TRACON& Tower with Radar,36,25,33,8,102,0,0,3,8,11,36,25,36,16,113,0,0,0,113
04/23/2012,ACY,NJ,AEA,EN,Combined TRACON& Tower with Radar,33,13,22,12,80,0,0,34,33,67,33,13,56,45,147,0,10,10,157
04/24/2012,ACY,NJ,AEA,EN,Combined TRACON& Tower with Radar,22,14,19,13,68,0,3,13,32,48,22,17,32,45,116,4,40,44,160
04/25/2012,ACY,NJ,AEA,EN,Combined TRACON& Tower with Radar,23,26,30,57,136,0,0,37,15,52,23,26,67,72,188,0,0,0,188
04/26/2012,ACY,NJ,AEA,EN,Combined TRACON& Tower with Radar,25,15,26,46,112,0,0,20,25,45,25,15,46,71,157,0,96,96,253
04/27/2012,ACY,NJ,AEA,EN,Combined TRACON& Tower with Radar,33,25,35,48,141,0,2,20,132,154,33,27,55,180,295,4,14,18,313
04/28/2012,ACY,NJ,AEA,EN,Combined TRACON& Tower with Radar,28,14,25,1,68,0,0,33,4,37,28,14,58,5,105,10,0,10,115
04/29/2012,ACY,NJ,AEA,EN,Combined TRACON& Tower with Radar,35,25,32,1,93,0,1,37,4,42,35,26,69,5,135,0,0,0,135
04/30/2012,ACY,NJ,AEA,EN,Combined TRACON& Tower with Radar,23,5,32,3,63,0,0,25,27,52,23,5,57,30,115,0,30,30,145
05/01/2012,ACY,NJ,AEA,EN,Combined TRACON& Tower with Radar,24,13,34,41,112,0,0,10,14,24,24,13,44,55,136,0,38,38,174
05/02/2012,ACY,NJ,AEA,EN,Combined TRACON& Tower with Radar,20,22,35,27,104,0,1,0,9,10,20,23,35,36,114,0,0,0,114
05/03/2012,ACY,NJ,AEA,EN,Combined TRACON& Tower with Radar,26,14,28,17,85,0,2,3,17,22,26,16,31,34,107,0,42,42,149
05/04/2012,ACY,NJ,AEA,EN,Combined TRACON& Tower with Radar,31,21,11,13,76,0,2,9,33,44,31,23,20,46,120,0,42,42,162
05/05/2012,ACY,NJ,AEA,EN,Combined TRACON& Tower with Radar,34,17,30,12,93,0,0,1,2,3,34,17,31,14,96,0,0,0,96
05/06/2012,ACY,NJ,AEA,EN,Combined TRACON& Tower with Radar,34,16,62,11,123,0,0,12,9,21,34,16,74,20,144,4,22,26,170
05/07/2012,ACY,NJ,AEA,EN,Combined TRACON& Tower with Radar,27,7,27,20,81,0,0,36,38,74,27,7,63,58,155,0,60,60,215
05/08/2012,ACY,NJ,AEA,EN,Combined TRACON& Tower with Radar,29,14,21,26,90,0,0,32,48,80,29,14,53,74,170,80,166,246,416
05/09/2012,ACY,NJ,AEA,EN,Combined TRACON& Tower with Radar,25,13,13,17,68,0,0,1,1,2,25,13,14,18,70,0,0,0,70
05/10/2012,ACY,NJ,AEA,EN,Combined TRACON& Tower with Radar,26,11,19,39,95,0,6,36,37,79,26,17,55,76,174,0,36,36,210
05/11/2012,ACY,NJ,AEA,EN,Combined TRACON& Tower with Radar,31,19,36,44,130,0,1,39,14,54,31,20,75,58,184,0,0,0,184
05/12/2012,ACY,NJ,AEA,EN,Combined TRACON& Tower with Radar,28,6,22,0,56,0,0,50,26,76,28,6,72,26,132,26,0,26,158
05/13/2012,ACY,NJ,AEA,EN,Combined TRACON& Tower with Radar,24,16,24,1,65,0,0,30,1,31,24,16,54,2,96,32,0,32,128
05/14/2012,ACY,NJ,AEA,EN,Combined TRACON& Tower with Radar,28,30,33,47,138,0,0,47,42,89,28,30,80,89,227,42,148,190,417
05/15/2012,ACY,NJ,AEA,EN,Combined TRACON& Tower with Radar,27,7,25,20,79,0,0,1,49,50,27,7,26,69,129,0,50,50,179
05/16/2012,ACY,NJ,AEA,EN,Combined TRACON& Tower with Radar,28,16,58,40,142,0,0,118,101,219,28,16,176,141,361,12,10,22,383
05/17/2012,ACY,NJ,AEA,EN,Combined TRACON& Tower with Radar,37,20,20,27,104,0,0,76,50,126,37,20,96,77,230,38,78,116,346
05/18/2012,ACY,NJ,AEA,EN,Combined TRACON& Tower with Radar,40,30,26,8,104,0,0,31,29,60,40,30,57,37,164,32,54,86,250
05/19/2012,ACY,NJ,AEA,EN,Combined TRACON& Tower with Radar,33,14,26,9,82,1,5,52,7,65,34,19,78,16,147,4,0,4,151
05/20/2012,ACY,NJ,AEA,EN,Combined TRACON& Tower with Radar,42,41,30,5,118,0,0,16,8,24,42,41,46,13,142,0,42,42,184
05/21/2012,ACY,NJ,AEA,EN,Combined TRACON& Tower with Radar,35,10,15,4,64,0,0,0,3,3,35,10,15,7,67,0,0,0,67
05/22/2012,ACY,NJ,AEA,EN,Combined TRACON& Tower with Radar,38,9,9,17,73,0,1,14,56,71,38,10,23,73,144,30,66,96,240
05/23/2012,ACY,NJ,AEA,EN,Combined TRACON& Tower with Radar,33,13,39,18,103,0,1,6,7,14,33,14,45,25,117,0,16,16,133
05/24/2012,ACY,NJ,AEA,EN,Combined TRACON& Tower with Radar,35,19,40,37,131,0,1,33,26,60,35,20,73,63,191,14,44,58,249
05/25/2012,ACY,NJ,AEA,EN,Combined TRACON& Tower with Radar,33,26,39,12,110,0,1,9,7,17,33,27,48,19,127,0,0,0,127
05/26/2012,ACY,NJ,AEA,EN,Combined TRACON& Tower with Radar,35,15,32,11,93,0,0,45,7,52,35,15,77,18,145,0,0,0,145
05/27/2012,ACY,NJ,AEA,EN,Combined TRACON& Tower with Radar,31,18,25,1,75,0,7,22,17,46,31,25,47,18,121,0,2,2,123
05/28/2012,ACY,NJ,AEA,EN,Combined TRACON& Tower with Radar,39,14,41,1,95,0,4,47,10,61,39,18,88,11,156,4,8,12,168
05/29/2012,ACY,NJ,AEA,EN,Combined TRACON& Tower with Radar,25,5,26,104,160,0,4,28,27,59,25,9,54,131,219,0,66,66,285
05/30/2012,ACY,NJ,AEA,EN,Combined TRACON& Tower with Radar,31,14,35,31,111,0,1,1,26,28,31,15,36,57,139,0,44,44,183
05/31/2012,ACY,NJ,AEA,EN,Combined TRACON& Tower with Radar,31,12,35,16,94,0,1,51,39,91,31,13,86,55,185,30,64,94,279
06/01/2012,ACY,NJ,AEA,EN,Combined TRACON& Tower with Radar,38,21,42,40,141,1,1,15,23,40,39,22,57,63,181,12,84,96,277
06/02/2012,ACY,NJ,AEA,EN,Combined TRACON& Tower with Radar,32,5,29,4,70,0,0,29,14,43,32,5,58,18,113,0,0,0,113
06/03/2012,ACY,NJ,AEA,EN,Combined TRACON& Tower with Radar,45,17,39,0,101,0,4,29,7,40,45,21,68,7,141,0,0,0,141
06/04/2012,ACY,NJ,AEA,EN,Combined TRACON& Tower with Radar,27,7,33,9,76,0,0,18,47,65,27,7,51,56,141,30,120,150,291
06/05/2012,ACY,NJ,AEA,EN,Combined TRACON& Tower with Radar,32,6,27,53,118,0,2,20,46,68,32,8,47,99,186,28,82,110,296
06/06/2012,ACY,NJ,AEA,EN,Combined TRACON& Tower with Radar,34,14,40,47,135,0,6,24,26,56,34,20,64,73,191,0,0,0,191
06/07/2012,ACY,NJ,AEA,EN,Combined TRACON& Tower with Radar,29,16,20,29,94,0,0,10,44,54,29,16,30,73,148,20,148,168,316
06/08/2012,ACY,NJ,AEA,EN,Combined TRACON& Tower with Radar,40,13,32,54,139,0,0,25,4,29,40,13,57,58,168,0,4,4,172
06/09/2012,ACY,NJ,AEA,EN,Combined TRACON& Tower with Radar,30,5,32,7,74,0,6,72,14,92,30,11,104,21,166,0,0,0,166
06/10/2012,ACY,NJ,AEA,EN,Combined TRACON& Tower with Radar,39,18,32,4,93,0,3,49,19,71,39,21,81,23,164,24,32,56,220
06/11/2012,ACY,NJ,AEA,EN,Combined TRACON& Tower with Radar,28,8,23,46,105,0,0,22,20,42,28,8,45,66,147,0,14,14,161
06/12/2012,ACY,NJ,AEA,EN,Combined TRACON& Tower with Radar,33,10,29,24,96,0,0,3,15,18,33,10,32,39,114,0,10,10,124
06/13/2012,ACY,NJ,AEA,EN,Combined TRACON& Tower with Radar,30,11,37,33,111,0,1,9,14,24,30,12,46,47,135,0,0,0,135
06/14/2012,ACY,NJ,AEA,EN,Combined TRACON& Tower with Radar,29,17,42,36,124,0,1,23,20,44,29,18,65,56,168,29,46,75,243
06/15/2012,ACY,NJ,AEA,EN,Combined TRACON& Tower with Radar,34,18,31,14,97,0,0,53,26,79,34,18,84,40,176,15,18,33,209
06/16/2012,ACY,NJ,AEA,EN,Combined TRACON& Tower with Radar,33,14,25,3,75,0,4,45,15,64,33,18,70,18,139,12,0,12,151
06/17/2012,ACY,NJ,AEA,EN,Combined TRACON& Tower with Radar,38,13,32,1,84,0,0,37,2,39,38,13,69,3,123,4,0,4,127
06/18/2012,ACY,NJ,AEA,EN,Combined TRACON& Tower with Radar,32,5,37,88,162,0,4,48,36,88,32,9,85,124,250,0,80,80,330
06/19/2012,ACY,NJ,AEA,EN,Combined TRACON& Tower with Radar,32,14,21,58,125,0,0,39,16,55,32,14,60,74,180,4,20,24,204
06/20/2012,ACY,NJ,AEA,EN,Combined TRACON& Tower with Radar,27,12,34,26,99,0,1,41,18,60,27,13,75,44,159,36,30,66,225
06/21/2012,ACY,NJ,AEA,EN,Combined TRACON& Tower with Radar,33,28,18,63,142,0,3,43,38,84,33,31,61,101,226,20,90,110,336
06/22/2012,ACY,NJ,AEA,EN,Combined TRACON& Tower with Radar,38,22,32,9,101,0,3,17,9,29,38,25,49,18,130,0,10,10,140
06/23/2012,ACY,NJ,AEA,EN,Combined TRACON& Tower with Radar,32,15,22,0,69,0,3,52,19,74,32,18,74,19,143,8,17,25,168
06/24/2012,ACY,NJ,AEA,EN,Combined TRACON& Tower with Radar,35,37,34,23,129,0,2,62,7,71,35,39,96,30,200,24,28,52,252
06/25/2012,ACY,NJ,AEA,EN,Combined TRACON& Tower with Radar,43,10,22,7,82,0,0,15,18,33,43,10,37,25,115,0,28,28,143
06/26/2012,ACY,NJ,AEA,EN,Combined TRACON& Tower with Radar,30,10,27,57,124,0,9,54,45,108,30,19,81,102,232,16,90,106,338
06/27/2012,ACY,NJ,AEA,EN,Combined TRACON& Tower with Radar,34,8,37,33,112,0,2,59,14,75,34,10,96,47,187,10,0,10,197
06/28/2012,ACY,NJ,AEA,EN,Combined TRACON& Tower with Radar,26,25,36,16,103,0,4,64,27,95,26,29,100,43,198,50,82,132,330
06/29/2012,ACY,NJ,AEA,EN,Combined TRACON& Tower with Radar,40,24,34,57,155,0,3,52,32,87,40,27,86,89,242,16,80,96,338
06/30/2012,ACY,NJ,AEA,EN,Combined TRACON& Tower with Radar,27,21,28,0,76,0,4,78,9,91,27,25,106,9,167,0,0,0,167
07/01/2012,ACY,NJ,AEA,EN,Combined TRACON& Tower with Radar,31,19,32,1,83,0,4,31,3,38,31,23,63,4,121,4,0,4,125
07/02/2012,ACY,NJ,AEA,EN,Combined TRACON& Tower with Radar,31,11,38,32,112,0,7,34,39,80,31,18,72,71,192,0,88,88,280
07/03/2012,ACY,NJ,AEA,EN,Combined TRACON& Tower with Radar,27,17,19,35,98,0,0,47,23,70,27,17,66,58,168,28,70,98,266
07/04/2012,ACY,NJ,AEA,EN,Combined TRACON& Tower with Radar,30,8,18,0,56,0,2,11,5,18,30,10,29,5,74,0,0,0,74
07/05/2012,ACY,NJ,AEA,EN,Combined TRACON& Tower with Radar,33,19,27,25,104,1,2,29,27,59,34,21,56,52,163,4,88,92,255
07/06/2012,ACY,NJ,AEA,EN,Combined TRACON& Tower with Radar,34,13,24,57,128,1,2,32,25,60,35,15,56,82,188,6,124,130,318
07/07/2012,ACY,NJ,AEA,EN,Combined TRACON& Tower with Radar,26,23,24,3,76,0,2,44,7,53,26,25,68,10,129,0,0,0,129
07/08/2012,ACY,NJ,AEA,EN,Combined TRACON& Tower with Radar,29,27,49,1,106,0,2,39,23,64,29,29,88,24,170,31,0,31,201
07/09/2012,ACY,NJ,AEA,EN,Combined TRACON& Tower with Radar,30,16,34,31,111,0,5,43,33,81,30,21,77,64,192,29,40,69,261
07/10/2012,ACY,NJ,AEA,EN,Combined TRACON& Tower with Radar,34,21,34,27,116,2,0,42,23,67,36,21,76,50,183,14,18,32,215
07/11/2012,ACY,NJ,AEA,EN,Combined TRACON& Tower with Radar,30,20,46,24,120,0,2,35,22,59,30,22,81,46,179,0,0,0,179
07/12/2012,ACY,NJ,AEA,EN,Combined TRACON& Tower with Radar,37,22,23,13,95,0,1,42,26,69,37,23,65,39,164,30,44,74,238
07/13/2012,ACY,NJ,AEA,EN,Combined TRACON& Tower with Radar,39,31,33,24,127,1,2,58,20,81,40,33,91,44,208,12,26,38,246
07/14/2012,ACY,NJ,AEA,EN,Combined TRACON& Tower with Radar,35,32,21,16,104,0,3,22,15,40,35,35,43,31,144,23,34,57,201
07/15/2012,ACY,NJ,AEA,EN,Combined TRACON& Tower with Radar,37,33,44,2,116,0,2,16,3,21,37,35,60,5,137,4,16,20,157
07/16/2012,ACY,NJ,AEA,EN,Combined TRACON& Tower with Radar,34,19,19,23,95,0,3,42,13,58,34,22,61,36,153,14,28,42,195
07/17/2012,ACY,NJ,AEA,EN,Combined TRACON& Tower with Radar,27,18,17,17,79,0,1,36,22,59,27,19,53,39,138,6,0,6,144
07/18/2012,ACY,NJ,AEA,EN,Combined TRACON& Tower with Radar,30,14,28,14,86,0,1,14,9,24,30,15,42,23,110,0,0,0,110
07/19/2012,ACY,NJ,AEA,EN,Combined TRACON& Tower with Radar,35,22,36,39,132,0,2,14,13,29,35,24,50,52,161,0,0,0,161
07/20/2012,ACY,NJ,AEA,EN,Combined TRACON& Tower with Radar,38,29,41,10,118,0,0,3,10,13,38,29,44,20,131,0,0,0,131
07/21/2012,ACY,NJ,AEA,EN,Combined TRACON& Tower with Radar,31,27,44,0,102,0,0,28,3,31,31,27,72,3,133,0,0,0,133
07/22/2012,ACY,NJ,AEA,EN,Combined TRACON& Tower with Radar,41,30,32,6,109,0,3,60,14,77,41,33,92,20,186,26,58,84,270
07/23/2012,ACY,NJ,AEA,EN,Combined TRACON& Tower with Radar,29,18,23,6,76,0,2,18,23,43,29,20,41,29,119,0,44,44,163
07/24/2012,ACY,NJ,AEA,EN,Combined TRACON& Tower with Radar,32,11,28,25,96,0,4,44,30,78,32,15,72,55,174,32,54,86,260
07/25/2012,ACY,NJ,AEA,EN,Combined TRACON& Tower with Radar,30,14,26,54,124,0,0,39,14,53,30,14,65,68,177,6,52,58,235
07/26/2012,ACY,NJ,AEA,EN,Combined TRACON& Tower with Radar,35,19,29,13,96,0,1,15,18,34,35,20,44,31,130,0,0,0,130
07/27/2012,ACY,NJ,AEA,EN,Combined TRACON& Tower with Radar,37,21,44,49,151,0,0,42,20,62,37,21,86,69,213,44,62,106,319
07/28/2012,ACY,NJ,AEA,EN,Combined TRACON& Tower with Radar,40,8,23,1,72,0,0,24,6,30,40,8,47,7,102,16,0,16,118
07/29/2012,ACY,NJ,AEA,EN,Combined TRACON& Tower with Radar,41,22,37,1,101,0,1,22,18,41,41,23,59,19,142,19,0,19,161
07/30/2012,ACY,NJ,AEA,EN,Combined TRACON& Tower with Radar,32,13,31,19,95,0,0,18,26,44,32,13,49,45,139,4,12,16,155
07/31/2012,ACY,NJ,AEA,EN,Combined TRACON& Tower with Radar,38,15,27,43,123,0,1,38,12,51,38,16,65,55,174,28,20,48,222
08/01/2012,ACY,NJ,AEA,EN,Combined TRACON& Tower with Radar,28,24,30,43,125,0,7,8,29,44,28,31,38,72,169,0,8,8,177
08/02/2012,ACY,NJ,AEA,EN,Combined TRACON& Tower with Radar,30,18,41,34,123,0,4,51,21,76,30,22,92,55,199,18,60,78,277
08/03/2012,ACY,NJ,AEA,EN,Combined TRACON& Tower with Radar,35,24,25,12,96,1,0,43,23,67,36,24,68,35,163,0,130,130,293
08/04/2012,ACY,NJ,AEA,EN,Combined TRACON& Tower with Radar,34,24,44,2,104,0,5,29,7,41,34,29,73,9,145,10,22,32,177
08/05/2012,ACY,NJ,AEA,EN,Combined TRACON& Tower with Radar,33,25,38,29,125,0,2,22,7,31,33,27,60,36,156,6,34,40,196
08/06/2012,ACY,NJ,AEA,EN,Combined TRACON& Tower with Radar,30,10,28,26,94,0,1,32,35,68,30,11,60,61,162,52,114,166,328
08/07/2012,ACY,NJ,AEA,EN,Combined TRACON& Tower with Radar,30,13,35,47,125,0,2,53,27,82,30,15,88,74,207,8,18,26,233
08/08/2012,ACY,NJ,AEA,EN,Combined TRACON& Tower with Radar,29,17,37,35,118,0,0,24,25,49,29,17,61,60,167,0,30,30,197
08/09/2012,ACY,NJ,AEA,EN,Combined TRACON& Tower with Radar,31,20,23,23,97,0,3,28,25,56,31,23,51,48,153,0,0,0,153
08/10/2012,ACY,NJ,AEA,EN,Combined TRACON& Tower with Radar,21,10,26,4,61,0,0,6,6,12,21,10,32,10,73,0,0,0,73
08/11/2012,ACY,NJ,AEA,EN,Combined TRACON& Tower with Radar,33,12,26,1,72,0,3,14,14,31,33,15,40,15,103,16,30,46,149
08/12/2012,ACY,NJ,AEA,EN,Combined TRACON& Tower with Radar,40,20,37,4,101,0,5,41,13,59,40,25,78,17,160,18,16,34,194
08/13/2012,ACY,NJ,AEA,EN,Combined TRACON& Tower with Radar,34,6,39,61,140,0,1,64,45,110,34,7,103,106,250,78,94,172,422
08/14/2012,ACY,NJ,AEA,EN,Combined TRACON& Tower with Radar,33,7,39,51,130,0,7,42,47,96,33,14,81,98,226,36,114,150,376
08/15/2012,ACY,NJ,AEA,EN,Combined TRACON& Tower with Radar,32,15,25,22,94,0,2,21,25,48,32,17,46,47,142,0,0,0,142
08/16/2012,ACY,NJ,AEA,EN,Combined TRACON& Tower with Radar,27,13,32,3,75,3,6,43,31,83,30,19,75,34,158,0,0,0,158
08/17/2012,ACY,NJ,AEA,EN,Combined TRACON& Tower with Radar,43,27,35,39,144,0,3,70,29,102,43,30,105,68,246,0,56,56,302
08/18/2012,ACY,NJ,AEA,EN,Combined TRACON& Tower with Radar,27,17,32,7,83,1,4,38,13,56,28,21,70,20,139,14,22,36,175
08/19/2012,ACY,NJ,AEA,EN,Combined TRACON& Tower with Radar,47,27,35,11,120,0,3,57,26,86,47,30,92,37,206,0,40,40,246
08/20/2012,ACY,NJ,AEA,EN,Combined TRACON& Tower with Radar,31,13,27,37,108,0,3,20,36,59,31,16,47,73,167,4,12,16,183
08/21/2012,ACY,NJ,AEA,EN,Combined TRACON& Tower with Radar,34,7,39,43,123,0,5,37,159,201,34,12,76,202,324,0,2,2,326
08/22/2012,ACY,NJ,AEA,EN,Combined TRACON& Tower with Radar,32,15,25,22,94,0,2,21,25,48,32,17,46,47,142,24,20,44,186
08/23/2012,ACY,NJ,AEA,EN,Combined TRACON& Tower with Radar,36,13,22,57,128,0,2,43,58,103,36,15,65,115,231,36,67,103,334
08/24/2012,ACY,NJ,AEA,EN,Combined TRACON& Tower with Radar,37,19,28,57,141,0,4,35,32,71,37,23,63,89,212,0,150,150,362
08/25/2012,ACY,NJ,AEA,EN,Combined TRACON& Tower with Radar,34,15,20,0,69,0,1,35,5,41,34,16,55,5,110,0,0,0,110
08/26/2012,ACY,NJ,AEA,EN,Combined TRACON& Tower with Radar,30,27,38,4,99,0,0,50,9,59,30,27,88,13,158,0,30,30,188
08/27/2012,ACY,NJ,AEA,EN,Combined TRACON& Tower with Radar,30,19,20,23,92,0,1,43,43,87,30,20,63,66,179,48,62,110,289
08/28/2012,ACY,NJ,AEA,EN,Combined TRACON& Tower with Radar,39,9,40,61,149,0,3,36,144,183,39,12,76,205,332,8,25,33,365
08/29/2012,ACY,NJ,AEA,EN,Combined TRACON& Tower with Radar,28,19,25,34,106,0,1,35,19,55,28,20,60,53,161,22,22,44,205
08/30/2012,ACY,NJ,AEA,EN,Combined TRACON& Tower with Radar,33,15,27,42,117,0,3,52,25,80,33,18,79,67,197,0,0,0,197
08/31/2012,ACY,NJ,AEA,EN,Combined TRACON& Tower with Radar,37,28,56,3,124,0,6,37,40,83,37,34,93,43,207,44,50,94,301
09/01/2012,ACY,NJ,AEA,EN,Combined TRACON& Tower with Radar,34,10,30,20,94,0,4,71,11,86,34,14,101,31,180,32,28,60,240
09/02/2012,ACY,NJ,AEA,EN,Combined TRACON& Tower with Radar,31,16,40,9,96,0,2,25,11,38,31,18,65,20,134,10,10,20,154
09/03/2012,ACY,NJ,AEA,EN,Combined TRACON& Tower with Radar,37,13,44,0,94,0,2,9,40,51,37,15,53,40,145,0,0,0,145
09/04/2012,ACY,NJ,AEA,EN,Combined TRACON& Tower with Radar,35,5,23,46,109,0,1,2,16,19,35,6,25,62,128,0,24,24,152
09/05/2012,ACY,NJ,AEA,EN,Combined TRACON& Tower with Radar,19,19,14,49,101,0,3,17,19,39,19,22,31,68,140,0,0,0,140
09/06/2012,ACY,NJ,AEA,EN,Combined TRACON& Tower with Radar,21,14,43,14,92,0,1,25,22,48,21,15,68,36,140,10,50,60,200
09/07/2012,ACY,NJ,AEA,EN,Combined TRACON& Tower with Radar,27,17,31,43,118,0,7,32,70,109,27,24,63,113,227,16,9,25,252
09/08/2012,ACY,NJ,AEA,EN,Combined TRACON& Tower with Radar,26,8,20,2,56,0,2,12,9,23,26,10,32,11,79,0,8,8,87
09/09/2012,ACY,NJ,AEA,EN,Combined TRACON& Tower with Radar,32,15,30,6,83,0,10,61,39,110,32,25,91,45,193,1,1,2,195
09/10/2012,ACY,NJ,AEA,EN,Combined TRACON& Tower with Radar,21,10,30,18,79,0,2,39,24,65,21,12,69,42,144,22,12,34,178
09/11/2012,ACY,NJ,AEA,EN,Combined TRACON& Tower with Radar,27,9,22,34,92,0,2,51,28,81,27,11,73,62,173,12,48,60,233
09/12/2012,ACY,NJ,AEA,EN,Combined TRACON& Tower with Radar,21,11,34,97,163,0,0,36,34,70,21,11,70,131,233,0,54,54,287
09/13/2012,ACY,NJ,AEA,EN,Combined TRACON& Tower with Radar,26,13,15,64,118,1,2,48,45,96,27,15,63,109,214,42,176,218,432
09/14/2012,ACY,NJ,AEA,EN,Combined TRACON& Tower with Radar,29,17,48,21,115,0,1,71,26,98,29,18,119,47,213,4,94,98,311
09/15/2012,ACY,NJ,AEA,EN,Combined TRACON& Tower with Radar,26,11,22,8,67,0,4,68,25,97,26,15,90,33,164,12,22,34,198
09/16/2012,ACY,NJ,AEA,EN,Combined TRACON& Tower with Radar,31,18,35,30,114,0,5,43,18,66,31,23,78,48,180,0,10,10,190
09/17/2012,ACY,NJ,AEA,EN,Combined TRACON& Tower with Radar,21,8,39,41,109,0,1,15,20,36,21,9,54,61,145,36,144,180,325
09/18/2012,ACY,NJ,AEA,EN,Combined TRACON& Tower with Radar,23,13,8,8,52,0,0,8,3,11,23,13,16,11,63,0,0,0,63
09/19/2012,ACY,NJ,AEA,EN,Combined TRACON& Tower with Radar,24,12,23,80,139,0,4,33,36,73,24,16,56,116,212,6,52,58,270
09/20/2012,ACY,NJ,AEA,EN,Combined TRACON& Tower with Radar,22,16,26,7,71,0,3,61,41,105,22,19,87,48,176,38,21,59,235
09/21/2012,ACY,NJ,AEA,EN,Combined TRACON& Tower with Radar,27,18,41,48,134,0,0,49,41,90,27,18,90,89,224,10,76,86,310
09/22/2012,ACY,NJ,AEA,EN,Combined TRACON& Tower with Radar,26,6,25,6,63,0,0,41,12,53,26,6,66,18,116,22,2,24,140
09/23/2012,ACY,NJ,AEA,EN,Combined TRACON& Tower with Radar,32,15,21,5,73,0,4,36,6,46,32,19,57,11,119,50,100,150,269
09/24/2012,ACY,NJ,AEA,EN,Combined TRACON& Tower with Radar,20,12,22,22,76,0,6,24,28,58,20,18,46,50,134,10,38,48,182
09/25/2012,ACY,NJ,AEA,EN,Combined TRACON& Tower with Radar,22,6,32,47,107,0,1,24,11,36,22,7,56,58,143,20,52,72,215
09/26/2012,ACY,NJ,AEA,EN,Combined TRACON& Tower with Radar,21,13,23,39,96,0,1,32,9,42,21,14,55,48,138,4,62,66,204
09/27/2012,ACY,NJ,AEA,EN,Combined TRACON& Tower with Radar,22,10,35,15,82,0,2,16,8,26,22,12,51,23,108,8,14,22,130
09/28/2012,ACY,NJ,AEA,EN,Combined TRACON& Tower with Radar,22,18,26,7,73,0,6,10,9,25,22,24,36,16,98,14,0,14,112
09/29/2012,ACY,NJ,AEA,EN,Combined TRACON& Tower with Radar,28,15,36,3,82,0,0,16,6,22,28,15,52,9,104,4,6,10,114
09/30/2012,ACY,NJ,AEA,EN,Combined TRACON& Tower with Radar,27,15,20,5,67,0,2,30,14,46,27,17,50,19,113,0,16,16,129
10/01/2012,ACY,NJ,AEA,EN,Combined TRACON& Tower with Radar,21,10,49,38,118,0,5,52,43,100,21,15,101,81,218,46,170,216,434
10/02/2012,ACY,NJ,AEA,EN,Combined TRACON& Tower with Radar,20,6,49,16,91,0,1,4,15,20,20,7,53,31,111,26,22,48,159
10/03/2012,ACY,NJ,AEA,EN,Combined TRACON& Tower with Radar,30,12,35,51,128,0,0,9,14,23,30,12,44,65,151,3,46,49,200
10/04/2012,ACY,NJ,AEA,EN,Combined TRACON& Tower with Radar,26,10,38,44,118,0,6,10,31,47,26,16,48,75,165,22,44,66,231
10/05/2012,ACY,NJ,AEA,EN,Combined TRACON& Tower with Radar,31,20,35,51,137,0,6,73,34,113,31,26,108,85,250,22,62,84,334
10/06/2012,ACY,NJ,AEA,EN,Combined TRACON& Tower with Radar,23,20,25,5,73,0,3,42,28,73,23,23,67,33,146,8,9,17,163
10/07/2012,ACY,NJ,AEA,EN,Combined TRACON& Tower with Radar,34,23,31,5,93,0,1,21,18,40,34,24,52,23,133,22,72,94,227
10/08/2012,ACY,NJ,AEA,EN,Combined TRACON& Tower with Radar,26,7,22,4,59,0,4,12,13,29,26,11,34,17,88,0,24,24,112
10/09/2012,ACY,NJ,AEA,EN,Combined TRACON& Tower with Radar,20,11,40,30,101,0,0,0,4,4,20,11,40,34,105,0,0,0,105
10/10/2012,ACY,NJ,AEA,EN,Combined TRACON& Tower with Radar,20,15,31,32,98,1,3,21,43,68,21,18,52,75,166,28,116,144,310
10/11/2012,ACY,NJ,AEA,EN,Combined TRACON& Tower with Radar,26,33,36,74,169,0,6,44,22,72,26,39,80,96,241,74,138,212,453
10/12/2012,ACY,NJ,AEA,EN,Combined TRACON& Tower with Radar,28,26,29,36,119,0,6,30,21,57,28,32,59,57,176,14,50,64,240
10/13/2012,ACY,NJ,AEA,EN,Combined TRACON& Tower with Radar,24,13,20,6,63,0,2,33,8,43,24,15,53,14,106,18,92,110,216
10/14/2012,ACY,NJ,AEA,EN,Combined TRACON& Tower with Radar,31,28,23,6,88,0,0,34,13,47,31,28,57,19,135,6,0,6,141
10/15/2012,ACY,NJ,AEA,EN,Combined TRACON& Tower with Radar,22,8,22,12,64,0,0,25,43,68,22,8,47,55,132,38,132,170,302
10/16/2012,ACY,NJ,AEA,EN,Combined TRACON& Tower with Radar,27,13,27,49,116,0,0,35,30,65,27,13,62,79,181,29,22,51,232
10/17/2012,ACY,NJ,AEA,EN,Combined TRACON& Tower with Radar,21,15,31,8,75,0,0,50,13,63,21,15,81,21,138,0,8,8,146
10/18/2012,ACY,NJ,AEA,EN,Combined TRACON& Tower with Radar,26,17,43,43,129,0,3,27,30,60,26,20,70,73,189,0,52,52,241
10/19/2012,ACY,NJ,AEA,EN,Combined TRACON& Tower with Radar,30,16,29,27,102,0,2,12,97,111,30,18,41,124,213,0,12,12,225
10/20/2012,ACY,NJ,AEA,EN,Combined TRACON& Tower with Radar,25,6,19,10,60,0,0,21,1,22,25,6,40,11,82,0,0,0,82
10/21/2012,ACY,NJ,AEA,EN,Combined TRACON& Tower with Radar,31,16,31,15,93,0,4,59,67,130,31,20,90,82,223,24,26,50,273
10/22/2012,ACY,NJ,AEA,EN,Combined TRACON& Tower with Radar,22,6,33,64,125,0,0,37,56,93,22,6,70,120,218,38,184,222,440
10/23/2012,ACY,NJ,AEA,EN,Combined TRACON& Tower with Radar,22,7,30,29,88,0,2,75,24,101,22,9,105,53,189,14,136,150,339
10/24/2012,ACY,NJ,AEA,EN,Combined TRACON& Tower with Radar,20,15,33,31,99,0,0,13,26,39,20,15,46,57,138,0,50,50,188
10/25/2012,ACY,NJ,AEA,EN,Combined TRACON& Tower with Radar,23,15,29,39,106,0,2,10,54,66,23,17,39,93,172,0,148,148,320
10/26/2012,ACY,NJ,AEA,EN,Combined TRACON& Tower with Radar,25,13,50,35,123,0,2,20,16,38,25,15,70,51,161,12,26,38,199
10/27/2012,ACY,NJ,AEA,EN,Combined TRACON& Tower with Radar,22,11,34,2,69,0,1,45,12,58,22,12,79,14,127,29,9,38,165
10/28/2012,ACY,NJ,AEA,EN,Combined TRACON& Tower with Radar,24,6,12,1,43,0,0,0,0,0,24,6,12,1,43,0,0,0,43
10/29/2012,ACY,NJ,AEA,EN,Combined TRACON& Tower with Radar,0,0,0,0,0,0,0,0,0,0,0,0,0,0,0,0,0,0,0
10/30/2012,ACY,NJ,AEA,EN,Combined TRACON& Tower with Radar,6,0,0,2,8,0,0,12,16,28,6,0,12,18,36,0,0,0,36
10/31/2012,ACY,NJ,AEA,EN,Combined TRACON& Tower with Radar,18,3,6,9,36,0,5,16,12,33,18,8,22,21,69,0,0,0,69
11/01/2012,ACY,NJ,AEA,EN,Combined TRACON& Tower with Radar,20,9,18,16,63,0,2,38,49,89,20,11,56,65,152,8,70,78,230
11/02/2012,ACY,NJ,AEA,EN,Combined TRACON& Tower with Radar,20,11,17,14,62,0,5,15,27,47,20,16,32,41,109,4,74,78,187
11/03/2012,ACY,NJ,AEA,EN,Combined TRACON& Tower with Radar,19,8,19,13,59,0,2,27,13,42,19,10,46,26,101,0,36,36,137
11/04/2012,ACY,NJ,AEA,EN,Combined TRACON& Tower with Radar,24,3,20,7,54,0,0,19,45,64,24,3,39,52,118,0,5,5,123
11/05/2012,ACY,NJ,AEA,EN,Combined TRACON& Tower with Radar,20,11,24,26,81,0,6,58,59,123,20,17,82,85,204,66,131,197,401
11/06/2012,ACY,NJ,AEA,EN,Combined TRACON& Tower with Radar,23,10,24,33,90,0,1,43,33,77,23,11,67,66,167,8,52,60,227
11/07/2012,ACY,NJ,AEA,EN,Combined TRACON& Tower with Radar,21,6,2,1,30,0,0,16,20,36,21,6,18,21,66,0,58,58,124
11/08/2012,ACY,NJ,AEA,EN,Combined TRACON& Tower with Radar,26,9,13,24,72,0,3,21,69,93,26,12,34,93,165,58,106,164,329
11/09/2012,ACY,NJ,AEA,EN,Combined TRACON& Tower with Radar,30,33,26,37,126,0,2,79,56,137,30,35,105,93,263,64,94,158,421
11/10/2012,ACY,NJ,AEA,EN,Combined TRACON& Tower with Radar,30,17,20,0,67,0,4,76,15,95,30,21,96,15,162,18,60,78,240
11/11/2012,ACY,NJ,AEA,EN,Combined TRACON& Tower with Radar,32,17,27,3,79,0,0,60,62,122,32,17,87,65,201,34,48,82,283
11/12/2012,ACY,NJ,AEA,EN,Combined TRACON& Tower with Radar,20,5,15,0,40,0,1,16,14,31,20,6,31,14,71,0,0,0,71
11/13/2012,ACY,NJ,AEA,EN,Combined TRACON& Tower with Radar,21,8,11,14,54,0,0,5,17,22,21,8,16,31,76,0,38,38,114
11/14/2012,ACY,NJ,AEA,EN,Combined TRACON& Tower with Radar,19,9,28,58,114,0,5,18,39,62,19,14,46,97,176,0,88,88,264
11/15/2012,ACY,NJ,AEA,EN,Combined TRACON& Tower with Radar,20,14,18,63,115,0,1,24,29,54,20,15,42,92,169,2,28,30,199
11/16/2012,ACY,NJ,AEA,EN,Combined TRACON& Tower with Radar,33,12,29,14,88,0,1,39,74,114,33,13,68,88,202,9,22,31,233
11/17/2012,ACY,NJ,AEA,EN,Combined TRACON& Tower with Radar,23,8,24,10,65,0,2,34,11,47,23,10,58,21,112,0,4,4,116
11/18/2012,ACY,NJ,AEA,EN,Combined TRACON& Tower with Radar,32,11,28,1,72,0,2,22,10,34,32,13,50,11,106,0,30,30,136
11/19/2012,ACY,NJ,AEA,EN,Combined TRACON& Tower with Radar,23,4,23,54,104,0,1,9,31,41,23,5,32,85,145,10,28,38,183
11/20/2012,ACY,NJ,AEA,EN,Combined TRACON& Tower with Radar,17,9,26,62,114,0,3,27,118,148,17,12,53,180,262,10,22,32,294
11/21/2012,ACY,NJ,AEA,EN,Combined TRACON& Tower with Radar,20,7,19,38,84,0,1,30,25,56,20,8,49,63,140,14,38,52,192
11/22/2012,ACY,NJ,AEA,EN,Combined TRACON& Tower with Radar,17,2,1,0,20,0,1,9,1,11,17,3,10,1,31,0,0,0,31
11/23/2012,ACY,NJ,AEA,EN,Combined TRACON& Tower with Radar,23,16,25,0,64,0,5,40,50,95,23,21,65,50,159,4,7,11,170
11/24/2012,ACY,NJ,AEA,EN,Combined TRACON& Tower with Radar,22,11,17,2,52,1,2,8,4,15,23,13,25,6,67,0,0,0,67
11/25/2012,ACY,NJ,AEA,EN,Combined TRACON& Tower with Radar,26,17,30,1,74,0,2,26,19,47,26,19,56,20,121,32,0,32,153
11/26/2012,ACY,NJ,AEA,EN,Combined TRACON& Tower with Radar,20,8,23,45,96,0,0,50,23,73,20,8,73,68,169,52,126,178,347
11/27/2012,ACY,NJ,AEA,EN,Combined TRACON& Tower with Radar,15,4,8,2,29,0,0,4,27,31,15,4,12,29,60,10,64,74,134
11/28/2012,ACY,NJ,AEA,EN,Combined TRACON& Tower with Radar,16,9,31,51,107,0,3,14,32,49,16,12,45,83,156,0,145,145,301
11/29/2012,ACY,NJ,AEA,EN,Combined TRACON& Tower with Radar,18,16,29,35,98,0,1,62,33,96,18,17,91,68,194,42,98,140,334
11/30/2012,ACY,NJ,AEA,EN,Combined TRACON& Tower with Radar,24,25,30,29,108,0,2,57,116,175,24,27,87,145,283,1,15,16,299
12/01/2012,ACY,NJ,AEA,EN,Combined TRACON& Tower with Radar,17,13,22,21,73,0,0,23,12,35,17,13,45,33,108,0,0,0,108
12/02/2012,ACY,NJ,AEA,EN,Combined TRACON& Tower with Radar,22,23,23,5,73,0,0,8,8,16,22,23,31,13,89,4,26,30,119
12/03/2012,ACY,NJ,AEA,EN,Combined TRACON& Tower with Radar,37,6,31,71,145,0,4,30,22,56,37,10,61,93,201,72,92,164,365
12/04/2012,ACY,NJ,AEA,EN,Combined TRACON& Tower with Radar,21,5,24,39,89,0,1,39,33,73,21,6,63,72,162,0,14,14,176
12/05/2012,ACY,NJ,AEA,EN,Combined TRACON& Tower with Radar,13,7,20,35,75,0,2,44,68,114,13,9,64,103,189,17,40,57,246
12/06/2012,ACY,NJ,AEA,EN,Combined TRACON& Tower with Radar,18,9,38,82,147,0,1,41,37,79,18,10,79,119,226,0,0,0,226
12/07/2012,ACY,NJ,AEA,EN,Combined TRACON& Tower with Radar,20,28,41,20,109,0,2,9,41,52,20,30,50,61,161,0,62,62,223
12/08/2012,ACY,NJ,AEA,EN,Combined TRACON& Tower with Radar,22,14,23,7,66,0,0,0,0,0,22,14,23,7,66,0,0,0,66
12/09/2012,ACY,NJ,AEA,EN,Combined TRACON& Tower with Radar,25,28,35,11,99,0,2,8,3,13,25,30,43,14,112,0,20,20,132
12/10/2012,ACY,NJ,AEA,EN,Combined TRACON& Tower with Radar,15,3,27,50,95,0,0,0,3,3,15,3,27,53,98,0,0,0,98
12/11/2012,ACY,NJ,AEA,EN,Combined TRACON& Tower with Radar,15,25,41,49,130,0,2,42,44,88,15,27,83,93,218,28,128,156,374
12/12/2012,ACY,NJ,AEA,EN,Combined TRACON& Tower with Radar,15,9,16,21,61,0,1,25,41,67,15,10,41,62,128,4,34,38,166
12/13/2012,ACY,NJ,AEA,EN,Combined TRACON& Tower with Radar,22,9,29,16,76,0,1,57,34,92,22,10,86,50,168,8,52,60,228
12/14/2012,ACY,NJ,AEA,EN,Combined TRACON& Tower with Radar,24,14,25,7,70,0,4,32,24,60,24,18,57,31,130,0,34,34,164
12/15/2012,ACY,NJ,AEA,EN,Combined TRACON& Tower with Radar,23,8,22,2,55,0,0,51,11,62,23,8,73,13,117,4,24,28,145
12/16/2012,ACY,NJ,AEA,EN,Combined TRACON& Tower with Radar,21,12,19,0,52,0,1,4,10,15,21,13,23,10,67,0,0,0,67
12/17/2012,ACY,NJ,AEA,EN,Combined TRACON& Tower with Radar,17,7,19,4,47,0,0,0,0,0,17,7,19,4,47,0,0,0,47
12/18/2012,ACY,NJ,AEA,EN,Combined TRACON& Tower with Radar,19,9,18,20,66,0,1,16,24,41,19,10,34,44,107,0,12,12,119
12/19/2012,ACY,NJ,AEA,EN,Combined TRACON& Tower with Radar,15,15,21,21,72,0,4,42,55,101,15,19,63,76,173,0,5,5,178
12/20/2012,ACY,NJ,AEA,EN,Combined TRACON& Tower with Radar,19,6,29,16,70,0,0,19,13,32,19,6,48,29,102,0,0,0,102
12/21/2012,ACY,NJ,AEA,EN,Combined TRACON& Tower with Radar,19,5,8,12,44,0,0,11,9,20,19,5,19,21,64,0,16,16,80
12/22/2012,ACY,NJ,AEA,EN,Combined TRACON& Tower with Radar,23,7,6,0,36,0,0,1,8,9,23,7,7,8,45,0,0,0,45
12/23/2012,ACY,NJ,AEA,EN,Combined TRACON& Tower with Radar,19,2,17,1,39,0,0,19,5,24,19,2,36,6,63,0,0,0,63
12/24/2012,ACY,NJ,AEA,EN,Combined TRACON& Tower with Radar,20,0,8,6,34,0,2,25,13,40,20,2,33,19,74,0,34,34,108
12/25/2012,ACY,NJ,AEA,EN,Combined TRACON& Tower with Radar,20,2,12,1,35,0,1,9,1,11,20,3,21,2,46,0,0,0,46
12/26/2012,ACY,NJ,AEA,EN,Combined TRACON& Tower with Radar,21,3,17,2,43,0,0,3,0,3,21,3,20,2,46,0,0,0,46
12/27/2012,ACY,NJ,AEA,EN,Combined TRACON& Tower with Radar,27,6,14,17,64,0,0,1,15,16,27,6,15,32,80,0,52,52,132
12/28/2012,ACY,NJ,AEA,EN,Combined TRACON& Tower with Radar,24,8,21,48,101,0,2,40,26,68,24,10,61,74,169,42,75,117,286
12/29/2012,ACY,NJ,AEA,EN,Combined TRACON& Tower with Radar,27,9,14,0,50,0,0,6,2,8,27,9,20,2,58,0,0,0,58
12/30/2012,ACY,NJ,AEA,EN,Combined TRACON& Tower with Radar,27,21,14,1,63,0,2,12,6,20,27,23,26,7,83,4,28,32,115
12/31/2012,ACY,NJ,AEA,EN,Combined TRACON& Tower with Radar,18,10,19,5,52,0,1,25,6,32,18,11,44,11,84,0,0,0,84
01/01/2013,ACY,NJ,AEA,EN,Combined TRACON& Tower with Radar,23,22,19,1,65,0,2,16,2,20,23,24,35,3,85,0,0,0,85
01/02/2013,ACY,NJ,AEA,EN,Combined TRACON& Tower with Radar,21,12,14,49,96,1,1,14,14,30,22,13,28,63,126,0,24,24,150
01/03/2013,ACY,NJ,AEA,EN,Combined TRACON& Tower with Radar,18,6,11,48,83,0,0,25,6,31,18,6,36,54,114,0,0,0,114
01/04/2013,ACY,NJ,AEA,EN,Combined TRACON& Tower with Radar,25,12,28,51,116,0,0,9,32,41,25,12,37,83,157,0,0,0,157
01/05/2013,ACY,NJ,AEA,EN,Combined TRACON& Tower with Radar,21,8,25,2,56,0,0,38,11,49,21,8,63,13,105,10,18,28,133
01/06/2013,ACY,NJ,AEA,EN,Combined TRACON& Tower with Radar,25,6,30,8,69,0,1,39,16,56,25,7,69,24,125,8,18,26,151
01/07/2013,ACY,NJ,AEA,EN,Combined TRACON& Tower with Radar,21,5,37,49,112,2,2,30,29,63,23,7,67,78,175,30,50,80,255
01/08/2013,ACY,NJ,AEA,EN,Combined TRACON& Tower with Radar,13,10,44,30,97,0,3,50,49,102,13,13,94,79,199,40,36,76,275
01/09/2013,ACY,NJ,AEA,EN,Combined TRACON& Tower with Radar,14,9,26,32,81,1,1,40,46,88,15,10,66,78,169,29,53,82,251
01/10/2013,ACY,NJ,AEA,EN,Combined TRACON& Tower with Radar,17,9,20,10,56,0,2,25,28,55,17,11,45,38,111,4,64,68,179
01/11/2013,ACY,NJ,AEA,EN,Combined TRACON& Tower with Radar,24,19,18,53,114,0,3,24,20,47,24,22,42,73,161,8,60,68,229
01/12/2013,ACY,NJ,AEA,EN,Combined TRACON& Tower with Radar,23,11,37,8,79,0,0,3,1,4,23,11,40,9,83,0,0,0,83
01/13/2013,ACY,NJ,AEA,EN,Combined TRACON& Tower with Radar,16,19,18,0,53,0,0,2,0,2,16,19,20,0,55,0,0,0,55
01/14/2013,ACY,NJ,AEA,EN,Combined TRACON& Tower with Radar,21,13,13,27,74,0,0,5,37,42,21,13,18,64,116,0,40,40,156
01/15/2013,ACY,NJ,AEA,EN,Combined TRACON& Tower with Radar,16,10,21,29,76,0,0,5,22,27,16,10,26,51,103,0,18,18,121
01/16/2013,ACY,NJ,AEA,EN,Combined TRACON& Tower with Radar,15,8,10,3,36,0,0,0,6,6,15,8,10,9,42,0,42,42,84
01/17/2013,ACY,NJ,AEA,EN,Combined TRACON& Tower with Radar,13,14,9,27,63,0,0,20,35,55,13,14,29,62,118,0,50,50,168
01/18/2013,ACY,NJ,AEA,EN,Combined TRACON& Tower with Radar,24,18,35,67,144,0,0,34,27,61,24,18,69,94,205,10,98,108,313
01/19/2013,ACY,NJ,AEA,EN,Combined TRACON& Tower with Radar,24,8,20,4,56,0,1,31,15,47,24,9,51,19,103,8,0,8,111
01/20/2013,ACY,NJ,AEA,EN,Combined TRACON& Tower with Radar,23,15,19,5,62,0,0,17,6,23,23,15,36,11,85,0,0,0,85
01/21/2013,ACY,NJ,AEA,EN,Combined TRACON& Tower with Radar,18,11,21,7,57,0,5,39,2,46,18,16,60,9,103,0,26,26,129
01/22/2013,ACY,NJ,AEA,EN,Combined TRACON& Tower with Radar,17,15,15,47,94,0,3,19,48,70,17,18,34,95,164,4,100,104,268
01/23/2013,ACY,NJ,AEA,EN,Combined TRACON& Tower with Radar,15,33,21,27,96,0,0,21,28,49,15,33,42,55,145,32,70,102,247
01/24/2013,ACY,NJ,AEA,EN,Combined TRACON& Tower with Radar,19,9,20,61,109,0,0,14,33,47,19,9,34,94,156,0,46,46,202
01/25/2013,ACY,NJ,AEA,EN,Combined TRACON& Tower with Radar,22,29,25,29,105,0,1,9,20,30,22,30,34,49,135,1,11,12,147
01/26/2013,ACY,NJ,AEA,EN,Combined TRACON& Tower with Radar,28,11,23,5,67,0,2,20,7,29,28,13,43,12,96,0,0,0,96
01/27/2013,ACY,NJ,AEA,EN,Combined TRACON& Tower with Radar,24,21,32,7,84,0,1,43,12,56,24,22,75,19,140,0,0,0,140
01/28/2013,ACY,NJ,AEA,EN,Combined TRACON& Tower with Radar,18,9,6,14,47,0,0,7,43,50,18,9,13,57,97,32,4,36,133
01/29/2013,ACY,NJ,AEA,EN,Combined TRACON& Tower with Radar,16,10,33,34,93,0,2,52,28,82,16,12,85,62,175,110,80,190,365
01/30/2013,ACY,NJ,AEA,EN,Combined TRACON& Tower with Radar,17,7,21,10,55,0,0,0,10,10,17,7,21,20,65,0,16,16,81
01/31/2013,ACY,NJ,AEA,EN,Combined TRACON& Tower with Radar,18,12,10,7,47,0,2,0,12,14,18,14,10,19,61,0,0,0,61
02/01/2013,ACY,NJ,AEA,EN,Combined TRACON& Tower with Radar,21,19,11,7,58,0,2,9,32,43,21,21,20,39,101,0,78,78,179
02/02/2013,ACY,NJ,AEA,EN,Combined TRACON& Tower with Radar,23,11,20,11,65,0,1,23,10,34,23,12,43,21,99,8,0,8,107
02/03/2013,ACY,NJ,AEA,EN,Combined TRACON& Tower with Radar,25,11,11,22,69,0,1,8,6,15,25,12,19,28,84,0,56,56,140
02/04/2013,ACY,NJ,AEA,EN,Combined TRACON& Tower with Radar,17,8,10,33,68,0,0,21,35,56,17,8,31,68,124,10,78,88,212
02/05/2013,ACY,NJ,AEA,EN,Combined TRACON& Tower with Radar,16,10,13,38,77,0,1,14,33,48,16,11,27,71,125,8,76,84,209
02/06/2013,ACY,NJ,AEA,EN,Combined TRACON& Tower with Radar,16,7,25,38,86,0,0,27,43,70,16,7,52,81,156,0,44,44,200
02/07/2013,ACY,NJ,AEA,EN,Combined TRACON& Tower with Radar,17,16,39,29,101,0,0,29,56,85,17,16,68,85,186,46,106,152,338
02/08/2013,ACY,NJ,AEA,EN,Combined TRACON& Tower with Radar,24,11,13,1,49,0,0,0,5,5,24,11,13,6,54,0,0,0,54
02/09/2013,ACY,NJ,AEA,EN,Combined TRACON& Tower with Radar,23,6,6,3,38,0,1,5,8,14,23,7,11,11,52,16,42,58,110
02/10/2013,ACY,NJ,AEA,EN,Combined TRACON& Tower with Radar,27,11,25,3,66,0,0,59,24,83,27,11,84,27,149,48,12,60,209
02/11/2013,ACY,NJ,AEA,EN,Combined TRACON& Tower with Radar,17,1,15,17,50,0,0,0,1,1,17,1,15,18,51,0,0,0,51
02/12/2013,ACY,NJ,AEA,EN,Combined TRACON& Tower with Radar,18,7,28,81,134,0,2,27,18,47,18,9,55,99,181,10,52,62,243
02/13/2013,ACY,NJ,AEA,EN,Combined TRACON& Tower with Radar,17,9,35,25,86,0,0,19,19,38,17,9,54,44,124,0,40,40,164
02/14/2013,ACY,NJ,AEA,EN,Combined TRACON& Tower with Radar,21,15,21,14,71,0,3,20,42,65,21,18,41,56,136,36,98,134,270
02/15/2013,ACY,NJ,AEA,EN,Combined TRACON& Tower with Radar,22,18,33,31,104,0,0,42,19,61,22,18,75,50,165,22,38,60,225
02/16/2013,ACY,NJ,AEA,EN,Combined TRACON& Tower with Radar,23,20,25,2,70,0,0,5,1,6,23,20,30,3,76,0,0,0,76
02/17/2013,ACY,NJ,AEA,EN,Combined TRACON& Tower with Radar,25,19,21,4,69,0,0,6,3,9,25,19,27,7,78,0,0,0,78
02/18/2013,ACY,NJ,AEA,EN,Combined TRACON& Tower with Radar,23,9,19,27,78,0,2,41,25,68,23,11,60,52,146,40,132,172,318
02/19/2013,ACY,NJ,AEA,EN,Combined TRACON& Tower with Radar,20,10,27,63,120,0,1,7,28,36,20,11,34,91,156,0,66,66,222
02/20/2013,ACY,NJ,AEA,EN,Combined TRACON& Tower with Radar,22,14,30,46,112,0,3,17,88,108,22,17,47,134,220,0,0,0,220
02/21/2013,ACY,NJ,AEA,EN,Combined TRACON& Tower with Radar,22,11,32,53,118,2,2,51,78,133,24,13,83,131,251,0,0,0,251
02/22/2013,ACY,NJ,AEA,EN,Combined TRACON& Tower with Radar,27,23,42,43,135,0,2,35,27,64,27,25,77,70,199,0,98,98,297
02/23/2013,ACY,NJ,AEA,EN,Combined TRACON& Tower with Radar,25,9,24,4,62,0,0,0,0,0,25,9,24,4,62,0,0,0,62
02/24/2013,ACY,NJ,AEA,EN,Combined TRACON& Tower with Radar,25,19,24,23,91,0,2,23,3,28,25,21,47,26,119,28,57,85,204
02/25/2013,ACY,NJ,AEA,EN,Combined TRACON& Tower with Radar,21,8,25,69,123,0,0,43,26,69,21,8,68,95,192,9,54,63,255
02/26/2013,ACY,NJ,AEA,EN,Combined TRACON& Tower with Radar,21,9,29,66,125,0,2,14,25,41,21,11,43,91,166,0,30,30,196
02/27/2013,ACY,NJ,AEA,EN,Combined TRACON& Tower with Radar,16,9,29,32,86,0,1,33,33,67,16,10,62,65,153,46,98,144,297
02/28/2013,ACY,NJ,AEA,EN,Combined TRACON& Tower with Radar,23,12,16,53,104,0,1,14,21,36,23,13,30,74,140,14,86,100,240
03/01/2013,ACY,NJ,AEA,EN,Combined TRACON& Tower with Radar,24,14,19,51,108,0,0,20,28,48,24,14,39,79,156,0,30,30,186
03/02/2013,ACY,NJ,AEA,EN,Combined TRACON& Tower with Radar,19,11,28,6,64,0,0,32,20,52,19,11,60,26,116,38,0,38,154
03/03/2013,ACY,NJ,AEA,EN,Combined TRACON& Tower with Radar,28,16,25,6,75,0,0,24,12,36,28,16,49,18,111,0,0,0,111
03/04/2013,ACY,NJ,AEA,EN,Combined TRACON& Tower with Radar,19,11,24,90,144,0,0,34,41,75,19,11,58,131,219,44,88,132,351
03/05/2013,ACY,NJ,AEA,EN,Combined TRACON& Tower with Radar,21,12,45,37,115,0,2,46,23,71,21,14,91,60,186,6,50,56,242
03/06/2013,ACY,NJ,AEA,EN,Combined TRACON& Tower with Radar,18,3,8,0,29,0,0,6,20,26,18,3,14,20,55,12,60,72,127
03/07/2013,ACY,NJ,AEA,EN,Combined TRACON& Tower with Radar,18,16,24,22,80,0,1,19,54,74,18,17,43,76,154,44,108,152,306
03/08/2013,ACY,NJ,AEA,EN,Combined TRACON& Tower with Radar,23,18,31,2,74,0,0,2,4,6,23,18,33,6,80,0,0,0,80
03/09/2013,ACY,NJ,AEA,EN,Combined TRACON& Tower with Radar,23,8,33,19,83,0,1,61,12,74,23,9,94,31,157,4,48,52,209
03/10/2013,ACY,NJ,AEA,EN,Combined TRACON& Tower with Radar,25,24,42,8,99,0,0,37,5,42,25,24,79,13,141,6,32,38,179
03/11/2013,ACY,NJ,AEA,EN,Combined TRACON& Tower with Radar,21,7,25,46,99,0,0,12,21,33,21,7,37,67,132,0,84,84,216
03/12/2013,ACY,NJ,AEA,EN,Combined TRACON& Tower with Radar,20,10,16,24,70,0,0,1,19,20,20,10,17,43,90,0,48,48,138
03/13/2013,ACY,NJ,AEA,EN,Combined TRACON& Tower with Radar,21,9,23,66,119,0,7,35,24,66,21,16,58,90,185,6,86,92,277
03/14/2013,ACY,NJ,AEA,EN,Combined TRACON& Tower with Radar,21,9,24,98,152,0,2,28,123,153,21,11,52,221,305,8,19,27,332
03/15/2013,ACY,NJ,AEA,EN,Combined TRACON& Tower with Radar,24,24,30,47,125,0,0,39,21,60,24,24,69,68,185,20,0,20,205
03/16/2013,ACY,NJ,AEA,EN,Combined TRACON& Tower with Radar,23,14,27,3,67,0,1,6,12,19,23,15,33,15,86,18,28,46,132
03/17/2013,ACY,NJ,AEA,EN,Combined TRACON& Tower with Radar,24,23,32,0,79,0,0,48,24,72,24,23,80,24,151,28,0,28,179
03/18/2013,ACY,NJ,AEA,EN,Combined TRACON& Tower with Radar,24,6,7,23,60,0,0,4,49,53,24,6,11,72,113,58,38,96,209
03/19/2013,ACY,NJ,AEA,EN,Combined TRACON& Tower with Radar,20,8,15,10,53,0,0,3,20,23,20,8,18,30,76,0,28,28,104
03/20/2013,ACY,NJ,AEA,EN,Combined TRACON& Tower with Radar,22,12,26,29,89,0,4,35,56,95,22,16,61,85,184,36,140,176,360
03/21/2013,ACY,NJ,AEA,EN,Combined TRACON& Tower with Radar,20,20,35,36,111,0,2,5,9,16,20,22,40,45,127,0,0,0,127
03/22/2013,ACY,NJ,AEA,EN,Combined TRACON& Tower with Radar,22,19,30,46,117,0,4,50,44,98,22,23,80,90,215,18,58,76,291
03/23/2013,ACY,NJ,AEA,EN,Combined TRACON& Tower with Radar,24,14,22,1,61,0,3,35,4,42,24,17,57,5,103,0,0,0,103
03/24/2013,ACY,NJ,AEA,EN,Combined TRACON& Tower with Radar,23,18,48,8,97,0,2,60,2,64,23,20,108,10,161,2,10,12,173
03/25/2013,ACY,NJ,AEA,EN,Combined TRACON& Tower with Radar,22,9,11,0,42,0,1,0,0,1,22,10,11,0,43,0,0,0,43
03/26/2013,ACY,NJ,AEA,EN,Combined TRACON& Tower with Radar,22,7,27,51,107,0,0,21,19,40,22,7,48,70,147,0,0,0,147
03/27/2013,ACY,NJ,AEA,EN,Combined TRACON& Tower with Radar,18,13,26,35,92,0,1,23,42,66,18,14,49,77,158,4,5,9,167
03/28/2013,ACY,NJ,AEA,EN,Combined TRACON& Tower with Radar,23,11,12,118,164,1,0,38,17,56,24,11,50,135,220,14,44,58,278
03/29/2013,ACY,NJ,AEA,EN,Combined TRACON& Tower with Radar,22,11,23,31,87,0,7,35,31,73,22,18,58,62,160,0,40,40,200
03/30/2013,ACY,NJ,AEA,EN,Combined TRACON& Tower with Radar,22,14,21,2,59,0,3,50,12,65,22,17,71,14,124,36,8,44,168
03/31/2013,ACY,NJ,AEA,EN,Combined TRACON& Tower with Radar,21,2,14,1,38,0,0,11,5,16,21,2,25,6,54,0,0,0,54
04/01/2013,ACY,NJ,AEA,EN,Combined TRACON& Tower with Radar,21,2,11,79,113,0,0,7,40,47,21,2,18,119,160,22,108,130,290
04/02/2013,ACY,NJ,AEA,EN,Combined TRACON& Tower with Radar,23,6,39,65,133,0,7,12,23,42,23,13,51,88,175,14,70,84,259
04/03/2013,ACY,NJ,AEA,EN,Combined TRACON& Tower with Radar,19,8,45,52,124,0,5,20,36,61,19,13,65,88,185,0,28,28,213
04/04/2013,ACY,NJ,AEA,EN,Combined TRACON& Tower with Radar,25,9,22,26,82,0,2,42,38,82,25,11,64,64,164,42,102,144,308
04/05/2013,ACY,NJ,AEA,EN,Combined TRACON& Tower with Radar,23,11,61,76,171,1,5,12,11,29,24,16,73,87,200,2,47,49,249
04/06/2013,ACY,NJ,AEA,EN,Combined TRACON& Tower with Radar,21,19,31,18,89,0,0,47,3,50,21,19,78,21,139,8,0,8,147
04/07/2013,ACY,NJ,AEA,EN,Combined TRACON& Tower with Radar,23,20,23,16,82,0,0,23,5,28,23,20,46,21,110,0,24,24,134
04/08/2013,ACY,NJ,AEA,EN,Combined TRACON& Tower with Radar,20,5,28,7,60,0,3,29,41,73,20,8,57,48,133,34,66,100,233
04/09/2013,ACY,NJ,AEA,EN,Combined TRACON& Tower with Radar,16,14,26,57,113,0,2,16,7,25,16,16,42,64,138,0,0,0,138
04/10/2013,ACY,NJ,AEA,EN,Combined TRACON& Tower with Radar,35,11,28,51,125,0,4,33,21,58,35,15,61,72,183,0,4,4,187
04/11/2013,ACY,NJ,AEA,EN,Combined TRACON& Tower with Radar,24,16,25,94,159,0,0,10,13,23,24,16,35,107,182,46,66,112,294
04/12/2013,ACY,NJ,AEA,EN,Combined TRACON& Tower with Radar,25,27,24,8,84,0,0,0,0,0,25,27,24,8,84,0,0,0,84
04/13/2013,ACY,NJ,AEA,EN,Combined TRACON& Tower with Radar,21,10,34,13,78,0,3,39,9,51,21,13,73,22,129,4,6,10,139
04/14/2013,ACY,NJ,AEA,EN,Combined TRACON& Tower with Radar,23,28,46,6,103,0,3,40,6,49,23,31,86,12,152,10,8,18,170
04/15/2013,ACY,NJ,AEA,EN,Combined TRACON& Tower with Radar,22,9,13,30,74,0,0,15,22,37,22,9,28,52,111,22,112,134,245
04/16/2013,ACY,NJ,AEA,EN,Combined TRACON& Tower with Radar,31,30,26,55,142,0,0,41,44,85,31,30,67,99,227,64,156,220,447
04/17/2013,ACY,NJ,AEA,EN,Combined TRACON& Tower with Radar,20,14,18,71,123,0,0,35,29,64,20,14,53,100,187,2,48,50,237
04/18/2013,ACY,NJ,AEA,EN,Combined TRACON& Tower with Radar,24,14,30,23,91,0,0,5,7,12,24,14,35,30,103,0,0,0,103
04/19/2013,ACY,NJ,AEA,EN,Combined TRACON& Tower with Radar,21,28,20,20,89,0,0,1,4,5,21,28,21,24,94,0,0,0,94
04/20/2013,ACY,NJ,AEA,EN,Combined TRACON& Tower with Radar,24,18,17,4,63,0,1,22,7,30,24,19,39,11,93,2,0,2,95
04/21/2013,ACY,NJ,AEA,EN,Combined TRACON& Tower with Radar,48,28,24,3,103,0,0,42,3,45,48,28,66,6,148,4,30,34,182
04/22/2013,ACY,NJ,AEA,EN,Combined TRACON& Tower with Radar,19,8,20,39,86,0,2,6,64,72,19,10,26,103,158,2,13,15,173
04/23/2013,ACY,NJ,AEA,EN,Combined TRACON& Tower with Radar,25,11,37,18,91,0,0,11,29,40,25,11,48,47,131,0,18,18,149
04/24/2013,ACY,NJ,AEA,EN,Combined TRACON& Tower with Radar,17,8,32,43,100,0,2,61,38,101,17,10,93,81,201,78,152,230,431
04/25/2013,ACY,NJ,AEA,EN,Combined TRACON& Tower with Radar,29,9,46,58,142,1,0,30,60,91,30,9,76,118,233,31,96,127,360
04/26/2013,ACY,NJ,AEA,EN,Combined TRACON& Tower with Radar,30,21,28,59,138,0,3,60,25,88,30,24,88,84,226,12,12,24,250
04/27/2013,ACY,NJ,AEA,EN,Combined TRACON& Tower with Radar,31,14,17,2,64,0,5,86,3,94,31,19,103,5,158,22,0,22,180
04/28/2013,ACY,NJ,AEA,EN,Combined TRACON& Tower with Radar,29,29,28,8,94,2,1,49,6,58,31,30,77,14,152,22,0,22,174
04/29/2013,ACY,NJ,AEA,EN,Combined TRACON& Tower with Radar,25,2,22,52,101,0,1,0,7,8,25,3,22,59,109,26,0,26,135
04/30/2013,ACY,NJ,AEA,EN,Combined TRACON& Tower with Radar,24,9,28,28,89,0,1,34,17,52,24,10,62,45,141,4,0,4,145
05/01/2013,ACY,NJ,AEA,EN,Combined TRACON& Tower with Radar,24,30,37,29,120,0,0,41,16,57,24,30,78,45,177,0,0,0,177
05/02/2013,ACY,NJ,AEA,EN,Combined TRACON& Tower with Radar,33,29,37,56,155,0,1,42,40,83,33,30,79,96,238,70,118,188,426
05/03/2013,ACY,NJ,AEA,EN,Combined TRACON& Tower with Radar,27,21,21,10,79,0,4,20,38,62,27,25,41,48,141,6,14,20,161
05/04/2013,ACY,NJ,AEA,EN,Combined TRACON& Tower with Radar,34,14,36,3,87,0,1,43,8,52,34,15,79,11,139,0,2,2,141
05/05/2013,ACY,NJ,AEA,EN,Combined TRACON& Tower with Radar,26,23,33,1,83,0,0,34,44,78,26,23,67,45,161,6,10,16,177
05/06/2013,ACY,NJ,AEA,EN,Combined TRACON& Tower with Radar,21,8,29,14,72,0,0,3,5,8,21,8,32,19,80,0,14,14,94
05/07/2013,ACY,NJ,AEA,EN,Combined TRACON& Tower with Radar,20,17,37,27,101,0,0,1,15,16,20,17,38,42,117,0,20,20,137
05/08/2013,ACY,NJ,AEA,EN,Combined TRACON& Tower with Radar,32,6,18,21,77,0,0,5,20,25,32,6,23,41,102,0,0,0,102
05/09/2013,ACY,NJ,AEA,EN,Combined TRACON& Tower with Radar,22,28,23,31,104,0,3,14,37,54,22,31,37,68,158,52,86,138,296
05/10/2013,ACY,NJ,AEA,EN,Combined TRACON& Tower with Radar,30,18,21,31,100,0,4,56,27,87,30,22,77,58,187,6,34,40,227
05/11/2013,ACY,NJ,AEA,EN,Combined TRACON& Tower with Radar,24,17,19,0,60,0,1,7,1,9,24,18,26,1,69,0,0,0,69
05/12/2013,ACY,NJ,AEA,EN,Combined TRACON& Tower with Radar,30,7,19,3,59,0,0,34,8,42,30,7,53,11,101,2,6,8,109
05/13/2013,ACY,NJ,AEA,EN,Combined TRACON& Tower with Radar,22,5,27,30,84,1,0,27,18,46,23,5,54,48,130,0,32,32,162
05/14/2013,ACY,NJ,AEA,EN,Combined TRACON& Tower with Radar,23,9,23,34,89,1,1,41,9,52,24,10,64,43,141,0,0,0,141
05/15/2013,ACY,NJ,AEA,EN,Combined TRACON& Tower with Radar,21,13,13,33,80,0,3,24,18,45,21,16,37,51,125,0,0,0,125
05/16/2013,ACY,NJ,AEA,EN,Combined TRACON& Tower with Radar,29,11,55,71,166,0,4,25,23,52,29,15,80,94,218,12,64,76,294
05/17/2013,ACY,NJ,AEA,EN,Combined TRACON& Tower with Radar,31,22,25,68,146,0,5,57,29,91,31,27,82,97,237,4,66,70,307
05/18/2013,ACY,NJ,AEA,EN,Combined TRACON& Tower with Radar,31,13,24,10,78,0,1,35,21,57,31,14,59,31,135,8,30,38,173
05/19/2013,ACY,NJ,AEA,EN,Combined TRACON& Tower with Radar,29,34,31,3,97,0,1,2,0,3,29,35,33,3,100,0,0,0,100
05/20/2013,ACY,NJ,AEA,EN,Combined TRACON& Tower with Radar,26,7,38,15,86,0,0,17,19,36,26,7,55,34,122,0,20,20,142
05/21/2013,ACY,NJ,AEA,EN,Combined TRACON& Tower with Radar,36,8,50,21,115,0,2,52,41,95,36,10,102,62,210,40,80,120,330
05/22/2013,ACY,NJ,AEA,EN,Combined TRACON& Tower with Radar,26,16,50,39,131,0,1,11,19,31,26,17,61,58,162,0,16,16,178
05/23/2013,ACY,NJ,AEA,EN,Combined TRACON& Tower with Radar,24,11,35,24,94,0,1,24,27,52,24,12,59,51,146,2,42,44,190
05/24/2013,ACY,NJ,AEA,EN,Combined TRACON& Tower with Radar,35,17,31,3,86,1,0,4,16,21,36,17,35,19,107,0,0,0,107
05/25/2013,ACY,NJ,AEA,EN,Combined TRACON& Tower with Radar,32,22,19,7,80,0,0,30,5,35,32,22,49,12,115,0,18,18,133
05/26/2013,ACY,NJ,AEA,EN,Combined TRACON& Tower with Radar,25,23,22,9,79,0,0,41,15,56,25,23,63,24,135,20,32,52,187
05/27/2013,ACY,NJ,AEA,EN,Combined TRACON& Tower with Radar,26,25,33,2,86,0,6,55,15,76,26,31,88,17,162,0,0,0,162
05/28/2013,ACY,NJ,AEA,EN,Combined TRACON& Tower with Radar,22,13,28,64,127,0,1,16,33,50,22,14,44,97,177,8,24,32,209
05/29/2013,ACY,NJ,AEA,EN,Combined TRACON& Tower with Radar,16,20,31,93,160,0,1,46,16,63,16,21,77,109,223,0,54,54,277
05/30/2013,ACY,NJ,AEA,EN,Combined TRACON& Tower with Radar,27,12,27,22,88,0,1,48,44,93,27,13,75,66,181,16,41,57,238
05/31/2013,ACY,NJ,AEA,EN,Combined TRACON& Tower with Radar,27,26,21,51,125,0,6,32,34,72,27,32,53,85,197,7,42,49,246
06/01/2013,ACY,NJ,AEA,EN,Combined TRACON& Tower with Radar,28,12,40,5,85,0,3,43,17,63,28,15,83,22,148,8,0,8,156
06/02/2013,ACY,NJ,AEA,EN,Combined TRACON& Tower with Radar,27,14,20,3,64,0,1,33,17,51,27,15,53,20,115,10,8,18,133
06/03/2013,ACY,NJ,AEA,EN,Combined TRACON& Tower with Radar,29,4,22,4,59,0,0,6,5,11,29,4,28,9,70,0,0,0,70
06/04/2013,ACY,NJ,AEA,EN,Combined TRACON& Tower with Radar,27,6,35,43,111,0,5,50,23,78,27,11,85,66,189,10,18,28,217
06/05/2013,ACY,NJ,AEA,EN,Combined TRACON& Tower with Radar,25,16,41,53,135,0,2,68,14,84,25,18,109,67,219,0,0,0,219
06/06/2013,ACY,NJ,AEA,EN,Combined TRACON& Tower with Radar,21,15,40,76,152,0,1,26,37,64,21,16,66,113,216,62,86,148,364
06/07/2013,ACY,NJ,AEA,EN,Combined TRACON& Tower with Radar,29,15,20,9,73,0,0,0,0,0,29,15,20,9,73,0,0,0,73
06/08/2013,ACY,NJ,AEA,EN,Combined TRACON& Tower with Radar,26,10,20,14,70,0,0,20,6,26,26,10,40,20,96,0,0,0,96
06/09/2013,ACY,NJ,AEA,EN,Combined TRACON& Tower with Radar,29,18,28,2,77,0,1,36,11,48,29,19,64,13,125,41,0,41,166
06/10/2013,ACY,NJ,AEA,EN,Combined TRACON& Tower with Radar,24,6,6,11,47,0,0,1,0,1,24,6,7,11,48,0,34,34,82
06/11/2013,ACY,NJ,AEA,EN,Combined TRACON& Tower with Radar,21,8,12,23,64,0,1,20,20,41,21,9,32,43,105,2,56,58,163
06/12/2013,ACY,NJ,AEA,EN,Combined TRACON& Tower with Radar,27,12,20,9,68,0,1,41,21,63,27,13,61,30,131,18,14,32,163
06/13/2013,ACY,NJ,AEA,EN,Combined TRACON& Tower with Radar,21,12,14,39,86,0,3,7,4,14,21,15,21,43,100,0,0,0,100
06/14/2013,ACY,NJ,AEA,EN,Combined TRACON& Tower with Radar,31,17,55,23,126,0,4,35,26,65,31,21,90,49,191,0,40,40,231
06/15/2013,ACY,NJ,AEA,EN,Combined TRACON& Tower with Radar,27,12,41,6,86,0,2,59,15,76,27,14,100,21,162,4,24,28,190
06/16/2013,ACY,NJ,AEA,EN,Combined TRACON& Tower with Radar,24,16,42,4,86,0,3,45,4,52,24,19,87,8,138,0,22,22,160
06/17/2013,ACY,NJ,AEA,EN,Combined TRACON& Tower with Radar,24,21,18,90,153,0,3,44,37,84,24,24,62,127,237,30,134,164,401
06/18/2013,ACY,NJ,AEA,EN,Combined TRACON& Tower with Radar,26,4,25,26,81,0,1,18,28,47,26,5,43,54,128,0,4,4,132
06/19/2013,ACY,NJ,AEA,EN,Combined TRACON& Tower with Radar,26,9,41,41,117,0,0,33,25,58,26,9,74,66,175,14,32,46,221
06/20/2013,ACY,NJ,AEA,EN,Combined TRACON& Tower with Radar,33,9,37,91,170,0,6,52,28,86,33,15,89,119,256,42,100,142,398
06/21/2013,ACY,NJ,AEA,EN,Combined TRACON& Tower with Radar,29,21,19,23,92,0,4,35,7,46,29,25,54,30,138,0,0,0,138
06/22/2013,ACY,NJ,AEA,EN,Combined TRACON& Tower with Radar,28,11,15,16,70,1,3,42,9,55,29,14,57,25,125,12,54,66,191
06/23/2013,ACY,NJ,AEA,EN,Combined TRACON& Tower with Radar,32,24,32,11,99,0,0,30,17,47,32,24,62,28,146,8,22,30,176
06/24/2013,ACY,NJ,AEA,EN,Combined TRACON& Tower with Radar,26,9,46,47,128,0,2,77,58,137,26,11,123,105,265,40,198,238,503
06/25/2013,ACY,NJ,AEA,EN,Combined TRACON& Tower with Radar,26,15,24,6,71,0,4,57,16,77,26,19,81,22,148,0,24,24,172
06/26/2013,ACY,NJ,AEA,EN,Combined TRACON& Tower with Radar,18,11,21,10,60,4,2,57,19,82,22,13,78,29,142,0,0,0,142
06/27/2013,ACY,NJ,AEA,EN,Combined TRACON& Tower with Radar,30,13,25,31,99,0,1,27,9,37,30,14,52,40,136,0,18,18,154
06/28/2013,ACY,NJ,AEA,EN,Combined TRACON& Tower with Radar,35,27,44,38,144,1,3,40,8,52,36,30,84,46,196,0,0,0,196
06/29/2013,ACY,NJ,AEA,EN,Combined TRACON& Tower with Radar,26,14,34,2,76,0,3,37,4,44,26,17,71,6,120,122,72,194,314
06/30/2013,ACY,NJ,AEA,EN,Combined TRACON& Tower with Radar,32,42,40,0,114,0,0,13,5,18,32,42,53,5,132,0,0,0,132
07/01/2013,ACY,NJ,AEA,EN,Combined TRACON& Tower with Radar,28,5,32,6,71,0,0,3,11,14,28,5,35,17,85,0,30,30,115
07/02/2013,ACY,NJ,AEA,EN,Combined TRACON& Tower with Radar,20,11,30,67,128,0,1,16,26,43,20,12,46,93,171,0,48,48,219
07/03/2013,ACY,NJ,AEA,EN,Combined TRACON& Tower with Radar,26,18,47,23,114,0,2,15,7,24,26,20,62,30,138,0,0,0,138
07/04/2013,ACY,NJ,AEA,EN,Combined TRACON& Tower with Radar,22,12,21,5,60,0,3,16,10,29,22,15,37,15,89,0,0,0,89
07/05/2013,ACY,NJ,AEA,EN,Combined TRACON& Tower with Radar,28,21,36,11,96,1,1,31,6,39,29,22,67,17,135,0,0,0,135
07/06/2013,ACY,NJ,AEA,EN,Combined TRACON& Tower with Radar,22,12,24,8,66,0,4,57,8,69,22,16,81,16,135,84,2,86,221
07/07/2013,ACY,NJ,AEA,EN,Combined TRACON& Tower with Radar,26,23,40,8,97,0,1,37,9,47,26,24,77,17,144,32,0,32,176
07/08/2013,ACY,NJ,AEA,EN,Combined TRACON& Tower with Radar,24,17,18,11,70,0,4,33,16,53,24,21,51,27,123,36,56,92,215
07/09/2013,ACY,NJ,AEA,EN,Combined TRACON& Tower with Radar,25,18,25,42,110,0,0,34,45,79,25,18,59,87,189,0,12,12,201
07/10/2013,ACY,NJ,AEA,EN,Combined TRACON& Tower with Radar,23,20,32,39,114,0,0,13,19,32,23,20,45,58,146,20,0,20,166
07/11/2013,ACY,NJ,AEA,EN,Combined TRACON& Tower with Radar,22,14,20,29,85,0,0,20,20,40,22,14,40,49,125,10,24,34,159
07/12/2013,ACY,NJ,AEA,EN,Combined TRACON& Tower with Radar,31,17,51,18,117,0,0,2,3,5,31,17,53,21,122,0,0,0,122
07/13/2013,ACY,NJ,AEA,EN,Combined TRACON& Tower with Radar,29,14,28,2,73,0,2,28,6,36,29,16,56,8,109,14,22,36,145
07/14/2013,ACY,NJ,AEA,EN,Combined TRACON& Tower with Radar,30,23,42,13,108,0,0,31,3,34,30,23,73,16,142,0,0,0,142
07/15/2013,ACY,NJ,AEA,EN,Combined TRACON& Tower with Radar,23,3,31,49,106,0,0,41,13,54,23,3,72,62,160,40,44,84,244
07/16/2013,ACY,NJ,AEA,EN,Combined TRACON& Tower with Radar,26,7,23,13,69,0,1,53,39,93,26,8,76,52,162,22,0,22,184
07/17/2013,ACY,NJ,AEA,EN,Combined TRACON& Tower with Radar,36,19,13,44,112,0,1,37,18,56,36,20,50,62,168,4,12,16,184
07/18/2013,ACY,NJ,AEA,EN,Combined TRACON& Tower with Radar,25,33,24,30,112,2,4,49,23,78,27,37,73,53,190,62,58,120,310
07/19/2013,ACY,NJ,AEA,EN,Combined TRACON& Tower with Radar,40,35,39,39,153,0,3,22,5,30,40,38,61,44,183,0,0,0,183
07/20/2013,ACY,NJ,AEA,EN,Combined TRACON& Tower with Radar,27,24,39,0,90,0,2,19,4,25,27,26,58,4,115,0,0,0,115
07/21/2013,ACY,NJ,AEA,EN,Combined TRACON& Tower with Radar,33,39,27,5,104,0,2,27,16,45,33,41,54,21,149,38,12,50,199
07/22/2013,ACY,NJ,AEA,EN,Combined TRACON& Tower with Radar,28,15,29,32,104,0,0,27,43,70,28,15,56,75,174,40,104,144,318
07/23/2013,ACY,NJ,AEA,EN,Combined TRACON& Tower with Radar,22,19,28,54,123,1,2,27,43,73,23,21,55,97,196,2,12,14,210
07/24/2013,ACY,NJ,AEA,EN,Combined TRACON& Tower with Radar,24,11,41,47,123,0,2,40,22,64,24,13,81,69,187,0,0,0,187
07/25/2013,ACY,NJ,AEA,EN,Combined TRACON& Tower with Radar,30,15,42,40,127,0,1,28,14,43,30,16,70,54,170,0,18,18,188
07/26/2013,ACY,NJ,AEA,EN,Combined TRACON& Tower with Radar,29,33,32,27,121,0,1,55,30,86,29,34,87,57,207,4,22,26,233
07/27/2013,ACY,NJ,AEA,EN,Combined TRACON& Tower with Radar,24,14,42,6,86,0,3,55,5,63,24,17,97,11,149,62,24,86,235
07/28/2013,ACY,NJ,AEA,EN,Combined TRACON& Tower with Radar,38,38,28,5,109,0,0,22,9,31,38,38,50,14,140,16,0,16,156
07/29/2013,ACY,NJ,AEA,EN,Combined TRACON& Tower with Radar,33,26,55,49,163,0,1,29,38,68,33,27,84,87,231,8,96,104,335
07/30/2013,ACY,NJ,AEA,EN,Combined TRACON& Tower with Radar,25,11,22,49,107,0,0,43,32,75,25,11,65,81,182,0,30,30,212
07/31/2013,ACY,NJ,AEA,EN,Combined TRACON& Tower with Radar,23,16,28,40,107,0,0,31,12,43,23,16,59,52,150,0,0,0,150
08/01/2013,ACY,NJ,AEA,EN,Combined TRACON& Tower with Radar,27,17,31,32,107,0,0,18,5,23,27,17,49,37,130,6,54,60,190
08/02/2013,ACY,NJ,AEA,EN,Combined TRACON& Tower with Radar,31,16,44,34,125,0,2,62,42,106,31,18,106,76,231,12,98,110,341
08/03/2013,ACY,NJ,AEA,EN,Combined TRACON& Tower with Radar,25,10,43,3,81,0,3,31,6,40,25,13,74,9,121,46,0,46,167
08/04/2013,ACY,NJ,AEA,EN,Combined TRACON& Tower with Radar,26,19,43,6,94,0,0,53,18,71,26,19,96,24,165,6,80,86,251
08/05/2013,ACY,NJ,AEA,EN,Combined TRACON& Tower with Radar,22,16,18,100,156,0,2,82,73,157,22,18,100,173,313,40,220,260,573
08/06/2013,ACY,NJ,AEA,EN,Combined TRACON& Tower with Radar,25,8,25,85,143,0,2,42,49,93,25,10,67,134,236,0,98,98,334
08/07/2013,ACY,NJ,AEA,EN,Combined TRACON& Tower with Radar,22,17,42,50,131,0,1,14,21,36,22,18,56,71,167,8,54,62,229
08/08/2013,ACY,NJ,AEA,EN,Combined TRACON& Tower with Radar,25,15,36,62,138,0,0,14,32,46,25,15,50,94,184,48,104,152,336
08/09/2013,ACY,NJ,AEA,EN,Combined TRACON& Tower with Radar,32,32,32,14,110,0,0,18,18,36,32,32,50,32,146,16,70,86,232
08/10/2013,ACY,NJ,AEA,EN,Combined TRACON& Tower with Radar,27,10,17,6,60,0,5,46,25,76,27,15,63,31,136,15,57,72,208
08/11/2013,ACY,NJ,AEA,EN,Combined TRACON& Tower with Radar,27,35,30,4,96,0,1,69,8,78,27,36,99,12,174,0,0,0,174
08/12/2013,ACY,NJ,AEA,EN,Combined TRACON& Tower with Radar,25,19,33,32,109,0,2,54,59,115,25,21,87,91,224,46,154,200,424
08/13/2013,ACY,NJ,AEA,EN,Combined TRACON& Tower with Radar,25,25,17,13,80,1,2,13,30,46,26,27,30,43,126,18,167,185,311
08/14/2013,ACY,NJ,AEA,EN,Combined TRACON& Tower with Radar,21,23,20,30,94,1,0,79,62,142,22,23,99,92,236,24,100,124,360
08/15/2013,ACY,NJ,AEA,EN,Combined TRACON& Tower with Radar,25,18,28,80,151,0,4,53,32,89,25,22,81,112,240,74,124,198,438
08/16/2013,ACY,NJ,AEA,EN,Combined TRACON& Tower with Radar,33,44,32,35,144,0,3,50,15,68,33,47,82,50,212,0,0,0,212
08/17/2013,ACY,NJ,AEA,EN,Combined TRACON& Tower with Radar,31,8,36,2,77,0,2,42,10,54,31,10,78,12,131,0,12,12,143
08/18/2013,ACY,NJ,AEA,EN,Combined TRACON& Tower with Radar,32,36,56,6,130,0,6,26,15,47,32,42,82,21,177,12,8,20,197
08/19/2013,ACY,NJ,AEA,EN,Combined TRACON& Tower with Radar,23,8,32,58,121,0,3,56,44,103,23,11,88,102,224,50,128,178,402
08/20/2013,ACY,NJ,AEA,EN,Combined TRACON& Tower with Radar,26,6,27,78,137,0,0,42,22,64,26,6,69,100,201,0,16,16,217
08/21/2013,ACY,NJ,AEA,EN,Combined TRACON& Tower with Radar,22,10,16,49,97,0,0,36,28,64,22,10,52,77,161,32,0,32,193
08/22/2013,ACY,NJ,AEA,EN,Combined TRACON& Tower with Radar,21,20,36,93,170,0,2,14,27,43,21,22,50,120,213,24,166,190,403
08/23/2013,ACY,NJ,AEA,EN,Combined TRACON& Tower with Radar,32,14,56,50,152,0,0,39,17,56,32,14,95,67,208,2,114,116,324
08/24/2013,ACY,NJ,AEA,EN,Combined TRACON& Tower with Radar,31,11,55,6,103,0,0,90,14,104,31,11,145,20,207,30,0,30,237
08/25/2013,ACY,NJ,AEA,EN,Combined TRACON& Tower with Radar,32,27,62,5,126,0,4,42,11,57,32,31,104,16,183,0,12,12,195
08/26/2013,ACY,NJ,AEA,EN,Combined TRACON& Tower with Radar,28,23,32,49,132,0,5,32,22,59,28,28,64,71,191,22,90,112,303
08/27/2013,ACY,NJ,AEA,EN,Combined TRACON& Tower with Radar,26,35,18,68,147,0,4,56,55,115,26,39,74,123,262,42,102,144,406
08/28/2013,ACY,NJ,AEA,EN,Combined TRACON& Tower with Radar,20,19,18,21,78,0,0,14,15,29,20,19,32,36,107,0,44,44,151
08/29/2013,ACY,NJ,AEA,EN,Combined TRACON& Tower with Radar,34,14,47,13,108,0,2,31,45,78,34,16,78,58,186,6,46,52,238
08/30/2013,ACY,NJ,AEA,EN,Combined TRACON& Tower with Radar,29,29,36,4,98,0,4,36,20,60,29,33,72,24,158,12,16,28,186
08/31/2013,ACY,NJ,AEA,EN,Combined TRACON& Tower with Radar,34,15,34,1,84,0,0,37,9,46,34,15,71,10,130,12,16,28,158
09/01/2013,ACY,NJ,AEA,EN,Combined TRACON& Tower with Radar,24,19,25,0,68,0,0,11,6,17,24,19,36,6,85,121,50,171,256
09/02/2013,ACY,NJ,AEA,EN,Combined TRACON& Tower with Radar,33,24,26,7,90,0,0,34,37,71,33,24,60,44,161,28,111,139,300
09/03/2013,ACY,NJ,AEA,EN,Combined TRACON& Tower with Radar,31,16,30,64,141,0,3,25,30,58,31,19,55,94,199,30,58,88,287
09/04/2013,ACY,NJ,AEA,EN,Combined TRACON& Tower with Radar,15,11,17,76,119,0,2,35,18,55,15,13,52,94,174,5,89,94,268
09/05/2013,ACY,NJ,AEA,EN,Combined TRACON& Tower with Radar,19,23,22,54,118,0,5,23,18,46,19,28,45,72,164,26,52,78,242
09/06/2013,ACY,NJ,AEA,EN,Combined TRACON& Tower with Radar,21,9,38,7,75,0,4,43,14,61,21,13,81,21,136,0,0,0,136
09/07/2013,ACY,NJ,AEA,EN,Combined TRACON& Tower with Radar,19,12,16,7,54,0,2,34,1,37,19,14,50,8,91,0,0,0,91
09/08/2013,ACY,NJ,AEA,EN,Combined TRACON& Tower with Radar,20,16,28,2,66,0,3,45,11,59,20,19,73,13,125,12,0,12,137
09/09/2013,ACY,NJ,AEA,EN,Combined TRACON& Tower with Radar,16,7,50,28,101,0,5,25,36,66,16,12,75,64,167,16,120,136,303
09/10/2013,ACY,NJ,AEA,EN,Combined TRACON& Tower with Radar,19,21,28,44,112,0,0,18,17,35,19,21,46,61,147,10,73,83,230
09/11/2013,ACY,NJ,AEA,EN,Combined TRACON& Tower with Radar,19,15,23,9,66,0,2,53,10,65,19,17,76,19,131,19,22,41,172
09/12/2013,ACY,NJ,AEA,EN,Combined TRACON& Tower with Radar,16,16,24,29,85,0,5,22,57,84,16,21,46,86,169,10,78,88,257
09/13/2013,ACY,NJ,AEA,EN,Combined TRACON& Tower with Radar,25,25,42,19,111,0,4,66,24,94,25,29,108,43,205,76,128,204,409
09/14/2013,ACY,NJ,AEA,EN,Combined TRACON& Tower with Radar,21,13,51,5,90,0,2,98,23,123,21,15,149,28,213,142,0,142,355
09/15/2013,ACY,NJ,AEA,EN,Combined TRACON& Tower with Radar,22,34,38,2,96,0,0,75,23,98,22,34,113,25,194,56,20,76,270
09/16/2013,ACY,NJ,AEA,EN,Combined TRACON& Tower with Radar,17,13,20,6,56,0,2,26,50,78,17,15,46,56,134,0,40,40,174
09/17/2013,ACY,NJ,AEA,EN,Combined TRACON& Tower with Radar,19,13,26,50,108,0,3,44,43,90,19,16,70,93,198,12,126,138,336
09/18/2013,ACY,NJ,AEA,EN,Combined TRACON& Tower with Radar,20,30,37,64,151,0,1,43,15,59,20,31,80,79,210,9,46,55,265
09/19/2013,ACY,NJ,AEA,EN,Combined TRACON& Tower with Radar,20,8,36,50,114,0,1,59,37,97,20,9,95,87,211,26,44,70,281
09/20/2013,ACY,NJ,AEA,EN,Combined TRACON& Tower with Radar,24,16,40,92,172,0,1,41,34,76,24,17,81,126,248,8,128,136,384
09/21/2013,ACY,NJ,AEA,EN,Combined TRACON& Tower with Radar,25,7,26,4,62,0,0,45,1,46,25,7,71,5,108,0,0,0,108
09/22/2013,ACY,NJ,AEA,EN,Combined TRACON& Tower with Radar,26,26,31,1,84,1,2,26,6,35,27,28,57,7,119,4,104,108,227
09/23/2013,ACY,NJ,AEA,EN,Combined TRACON& Tower with Radar,17,5,51,35,108,0,0,36,15,51,17,5,87,50,159,6,8,14,173
09/24/2013,ACY,NJ,AEA,EN,Combined TRACON& Tower with Radar,21,15,37,49,122,0,2,33,14,49,21,17,70,63,171,12,118,130,301
09/25/2013,ACY,NJ,AEA,EN,Combined TRACON& Tower with Radar,21,14,32,52,119,0,1,49,37,87,21,15,81,89,206,16,82,98,304
09/26/2013,ACY,NJ,AEA,EN,Combined TRACON& Tower with Radar,21,7,45,60,133,0,1,50,30,81,21,8,95,90,214,50,146,196,410
09/27/2013,ACY,NJ,AEA,EN,Combined TRACON& Tower with Radar,26,29,35,33,123,1,4,50,25,80,27,33,85,58,203,62,74,136,339
09/28/2013,ACY,NJ,AEA,EN,Combined TRACON& Tower with Radar,22,14,40,3,79,0,1,42,12,55,22,15,82,15,134,36,40,76,210
09/29/2013,ACY,NJ,AEA,EN,Combined TRACON& Tower with Radar,24,24,40,7,95,0,5,42,4,51,24,29,82,11,146,134,58,192,338
09/30/2013,ACY,NJ,AEA,EN,Combined TRACON& Tower with Radar,17,10,26,67,120,0,2,38,68,108,17,12,64,135,228,8,192,200,428
10/01/2013,ACY,NJ,AEA,EN,Combined TRACON& Tower with Radar,13,6,33,54,106,0,0,41,33,74,13,6,74,87,180,14,118,132,312
10/02/2013,ACY,NJ,AEA,EN,Combined TRACON& Tower with Radar,18,7,24,69,118,0,0,33,58,91,18,7,57,127,209,0,110,110,319
10/03/2013,ACY,NJ,AEA,EN,Combined TRACON& Tower with Radar,14,8,20,127,169,0,0,26,23,49,14,8,46,150,218,6,40,46,264
10/04/2013,ACY,NJ,AEA,EN,Combined TRACON& Tower with Radar,17,21,32,23,93,0,0,36,7,43,17,21,68,30,136,0,0,0,136
10/05/2013,ACY,NJ,AEA,EN,Combined TRACON& Tower with Radar,18,12,30,17,77,0,0,31,18,49,18,12,61,35,126,17,24,41,167
10/06/2013,ACY,NJ,AEA,EN,Combined TRACON& Tower with Radar,22,16,27,5,70,0,0,14,63,77,22,16,41,68,147,24,38,62,209
10/07/2013,ACY,NJ,AEA,EN,Combined TRACON& Tower with Radar,13,7,9,14,43,0,0,4,20,24,13,7,13,34,67,0,36,36,103
10/08/2013,ACY,NJ,AEA,EN,Combined TRACON& Tower with Radar,20,6,17,60,103,0,17,16,46,79,20,23,33,106,182,0,94,94,276
10/09/2013,ACY,NJ,AEA,EN,Combined TRACON& Tower with Radar,17,3,36,35,91,1,1,14,41,57,18,4,50,76,148,0,130,130,278
10/10/2013,ACY,NJ,AEA,EN,Combined TRACON& Tower with Radar,23,5,20,10,58,0,0,0,15,15,23,5,20,25,73,0,21,21,94
10/11/2013,ACY,NJ,AEA,EN,Combined TRACON& Tower with Radar,22,16,30,32,100,0,0,0,9,9,22,16,30,41,109,0,14,14,123
10/12/2013,ACY,NJ,AEA,EN,Combined TRACON& Tower with Radar,19,16,26,2,63,0,0,9,4,13,19,16,35,6,76,0,0,0,76
10/13/2013,ACY,NJ,AEA,EN,Combined TRACON& Tower with Radar,18,22,20,2,62,0,0,14,4,18,18,22,34,6,80,0,0,0,80
10/14/2013,ACY,NJ,AEA,EN,Combined TRACON& Tower with Radar,21,7,30,3,61,0,0,32,26,58,21,7,62,29,119,12,64,76,195
10/15/2013,ACY,NJ,AEA,EN,Combined TRACON& Tower with Radar,17,27,15,46,105,0,1,34,31,66,17,28,49,77,171,0,54,54,225
10/16/2013,ACY,NJ,AEA,EN,Combined TRACON& Tower with Radar,18,9,17,71,115,0,0,2,22,24,18,9,19,93,139,0,38,38,177
10/17/2013,ACY,NJ,AEA,EN,Combined TRACON& Tower with Radar,23,9,19,25,76,0,3,22,43,68,23,12,41,68,144,8,52,60,204
10/18/2013,ACY,NJ,AEA,EN,Combined TRACON& Tower with Radar,24,24,33,75,156,0,9,21,49,79,24,33,54,124,235,14,146,160,395
10/19/2013,ACY,NJ,AEA,EN,Combined TRACON& Tower with Radar,25,15,15,5,60,0,0,22,20,42,25,15,37,25,102,14,64,78,180
10/20/2013,ACY,NJ,AEA,EN,Combined TRACON& Tower with Radar,29,28,21,4,82,0,1,43,10,54,29,29,64,14,136,20,2,22,158
10/21/2013,ACY,NJ,AEA,EN,Combined TRACON& Tower with Radar,16,9,11,35,71,0,0,70,76,146,16,9,81,111,217,46,262,308,525
10/22/2013,ACY,NJ,AEA,EN,Combined TRACON& Tower with Radar,27,10,28,33,98,1,6,57,21,85,28,16,85,54,183,11,32,43,226
10/23/2013,ACY,NJ,AEA,EN,Combined TRACON& Tower with Radar,28,9,23,25,85,0,1,3,11,15,28,10,26,36,100,0,38,38,138
10/24/2013,ACY,NJ,AEA,EN,Combined TRACON& Tower with Radar,20,44,15,29,108,0,3,34,25,62,20,47,49,54,170,8,158,166,336
10/25/2013,ACY,NJ,AEA,EN,Combined TRACON& Tower with Radar,47,18,36,50,151,0,1,20,12,33,47,19,56,62,184,16,91,107,291
10/26/2013,ACY,NJ,AEA,EN,Combined TRACON& Tower with Radar,22,12,5,5,44,0,3,22,1,26,22,15,27,6,70,0,0,0,70
10/27/2013,ACY,NJ,AEA,EN,Combined TRACON& Tower with Radar,26,22,14,1,63,0,2,23,22,47,26,24,37,23,110,64,54,118,228
10/28/2013,ACY,NJ,AEA,EN,Combined TRACON& Tower with Radar,19,11,15,39,84,0,0,24,30,54,19,11,39,69,138,46,68,114,252
10/29/2013,ACY,NJ,AEA,EN,Combined TRACON& Tower with Radar,16,7,21,77,121,0,7,37,37,81,16,14,58,114,202,48,69,117,319
10/30/2013,ACY,NJ,AEA,EN,Combined TRACON& Tower with Radar,18,7,21,63,109,0,0,13,10,23,18,7,34,73,132,0,102,102,234
10/31/2013,ACY,NJ,AEA,EN,Combined TRACON& Tower with Radar,15,12,43,54,124,0,1,41,62,104,15,13,84,116,228,40,180,220,448
11/01/2013,ACY,NJ,AEA,EN,Combined TRACON& Tower with Radar,21,16,30,19,86,0,0,17,39,56,21,16,47,58,142,15,90,105,247
11/02/2013,ACY,NJ,AEA,EN,Combined TRACON& Tower with Radar,23,24,28,7,82,0,0,48,8,56,23,24,76,15,138,22,12,34,172
11/03/2013,ACY,NJ,AEA,EN,Combined TRACON& Tower with Radar,26,17,27,4,74,0,0,38,10,48,26,17,65,14,122,6,44,50,172
11/04/2013,ACY,NJ,AEA,EN,Combined TRACON& Tower with Radar,19,3,18,7,47,0,2,39,46,87,19,5,57,53,134,24,94,118,252
11/05/2013,ACY,NJ,AEA,EN,Combined TRACON& Tower with Radar,16,14,34,61,125,2,0,22,52,76,18,14,56,113,201,22,96,118,319
11/06/2013,ACY,NJ,AEA,EN,Combined TRACON& Tower with Radar,18,11,48,30,107,0,2,39,45,86,18,13,87,75,193,34,186,220,413
11/07/2013,ACY,NJ,AEA,EN,Combined TRACON& Tower with Radar,20,12,29,32,93,0,0,8,14,22,20,12,37,46,115,10,15,25,140
11/08/2013,ACY,NJ,AEA,EN,Combined TRACON& Tower with Radar,25,24,51,23,123,0,1,58,43,102,25,25,109,66,225,10,27,37,262
11/09/2013,ACY,NJ,AEA,EN,Combined TRACON& Tower with Radar,25,21,23,0,69,0,2,39,10,51,25,23,62,10,120,12,58,70,190
11/10/2013,ACY,NJ,AEA,EN,Combined TRACON& Tower with Radar,26,28,26,21,101,0,0,17,12,29,26,28,43,33,130,2,46,48,178
11/11/2013,ACY,NJ,AEA,EN,Combined TRACON& Tower with Radar,23,2,21,2,48,0,1,48,10,59,23,3,69,12,107,32,96,128,235
11/12/2013,ACY,NJ,AEA,EN,Combined TRACON& Tower with Radar,22,9,23,43,97,0,0,16,45,61,22,9,39,88,158,16,98,114,272
11/13/2013,ACY,NJ,AEA,EN,Combined TRACON& Tower with Radar,24,4,18,37,83,0,2,29,40,71,24,6,47,77,154,16,151,167,321
11/14/2013,ACY,NJ,AEA,EN,Combined TRACON& Tower with Radar,25,13,19,36,93,0,1,20,50,71,25,14,39,86,164,2,78,80,244
11/15/2013,ACY,NJ,AEA,EN,Combined TRACON& Tower with Radar,32,25,20,29,106,0,0,31,28,59,32,25,51,57,165,30,116,146,311
11/16/2013,ACY,NJ,AEA,EN,Combined TRACON& Tower with Radar,25,12,23,8,68,0,2,8,14,24,25,14,31,22,92,0,4,4,96
11/17/2013,ACY,NJ,AEA,EN,Combined TRACON& Tower with Radar,30,27,34,3,94,0,0,2,13,15,30,27,36,16,109,56,46,102,211
11/18/2013,ACY,NJ,AEA,EN,Combined TRACON& Tower with Radar,23,1,16,14,54,0,0,34,33,67,23,1,50,47,121,26,140,166,287
11/19/2013,ACY,NJ,AEA,EN,Combined TRACON& Tower with Radar,22,26,33,50,131,0,5,24,18,47,22,31,57,68,178,64,82,146,324
11/20/2013,ACY,NJ,AEA,EN,Combined TRACON& Tower with Radar,21,10,40,74,145,0,4,39,69,112,21,14,79,143,257,20,62,82,339
11/21/2013,ACY,NJ,AEA,EN,Combined TRACON& Tower with Radar,26,9,48,36,119,0,0,37,30,67,26,9,85,66,186,36,66,102,288
11/22/2013,ACY,NJ,AEA,EN,Combined TRACON& Tower with Radar,28,21,30,16,95,0,0,6,16,22,28,21,36,32,117,4,38,42,159
11/23/2013,ACY,NJ,AEA,EN,Combined TRACON& Tower with Radar,29,12,24,2,67,0,2,14,15,31,29,14,38,17,98,16,22,38,136
11/24/2013,ACY,NJ,AEA,EN,Combined TRACON& Tower with Radar,25,24,14,5,68,0,0,8,8,16,25,24,22,13,84,0,0,0,84
11/25/2013,ACY,NJ,AEA,EN,Combined TRACON& Tower with Radar,28,4,33,48,113,0,1,45,48,94,28,5,78,96,207,11,46,57,264
11/26/2013,ACY,NJ,AEA,EN,Combined TRACON& Tower with Radar,20,10,15,64,109,0,1,12,11,24,20,11,27,75,133,0,14,14,147
11/27/2013,ACY,NJ,AEA,EN,Combined TRACON& Tower with Radar,17,5,13,3,38,0,0,0,9,9,17,5,13,12,47,0,0,0,47
11/28/2013,ACY,NJ,AEA,EN,Combined TRACON& Tower with Radar,21,2,1,3,27,0,2,35,27,64,21,4,36,30,91,18,0,18,109
11/29/2013,ACY,NJ,AEA,EN,Combined TRACON& Tower with Radar,30,12,12,19,73,0,0,24,13,37,30,12,36,32,110,4,22,26,136
11/30/2013,ACY,NJ,AEA,EN,Combined TRACON& Tower with Radar,25,9,22,6,62,0,1,26,7,34,25,10,48,13,96,8,16,24,120
12/01/2013,ACY,NJ,AEA,EN,Combined TRACON& Tower with Radar,27,18,23,3,71,0,0,26,11,37,27,18,49,14,108,18,0,18,126
12/02/2013,ACY,NJ,AEA,EN,Combined TRACON& Tower with Radar,20,0,12,11,43,0,0,12,40,52,20,0,24,51,95,10,28,38,133
12/03/2013,ACY,NJ,AEA,EN,Combined TRACON& Tower with Radar,14,31,24,51,120,0,2,32,16,50,14,33,56,67,170,54,52,106,276
12/04/2013,ACY,NJ,AEA,EN,Combined TRACON& Tower with Radar,11,13,46,52,122,0,0,51,48,99,11,13,97,100,221,52,164,216,437
12/05/2013,ACY,NJ,AEA,EN,Combined TRACON& Tower with Radar,22,12,13,61,108,0,0,18,34,52,22,12,31,95,160,52,164,216,376
12/06/2013,ACY,NJ,AEA,EN,Combined TRACON& Tower with Radar,19,18,34,20,91,0,0,3,2,5,19,18,37,22,96,0,0,0,96
12/07/2013,ACY,NJ,AEA,EN,Combined TRACON& Tower with Radar,26,25,25,17,93,0,2,24,18,44,26,27,49,35,137,18,82,100,237
12/08/2013,ACY,NJ,AEA,EN,Combined TRACON& Tower with Radar,25,13,15,4,57,0,0,4,15,19,25,13,19,19,76,0,42,42,118
12/09/2013,ACY,NJ,AEA,EN,Combined TRACON& Tower with Radar,19,7,10,0,36,0,0,2,6,8,19,7,12,6,44,0,0,0,44
12/10/2013,ACY,NJ,AEA,EN,Combined TRACON& Tower with Radar,13,1,5,0,19,0,0,9,10,19,13,1,14,10,38,0,0,0,38
12/11/2013,ACY,NJ,AEA,EN,Combined TRACON& Tower with Radar,13,7,21,31,72,0,2,21,19,42,13,9,42,50,114,5,10,15,129
12/12/2013,ACY,NJ,AEA,EN,Combined TRACON& Tower with Radar,20,9,20,29,78,1,4,33,52,90,21,13,53,81,168,34,108,142,310
12/13/2013,ACY,NJ,AEA,EN,Combined TRACON& Tower with Radar,26,25,33,26,110,0,2,44,29,75,26,27,77,55,185,26,106,132,317
12/14/2013,ACY,NJ,AEA,EN,Combined TRACON& Tower with Radar,31,12,9,0,52,0,0,5,8,13,31,12,14,8,65,0,0,0,65
12/15/2013,ACY,NJ,AEA,EN,Combined TRACON& Tower with Radar,26,31,26,1,84,0,0,24,26,50,26,31,50,27,134,36,126,162,296
12/16/2013,ACY,NJ,AEA,EN,Combined TRACON& Tower with Radar,17,1,19,22,59,0,0,16,26,42,17,1,35,48,101,14,52,66,167
12/17/2013,ACY,NJ,AEA,EN,Combined TRACON& Tower with Radar,10,8,29,12,59,0,3,24,29,56,10,11,53,41,115,16,54,70,185
12/18/2013,ACY,NJ,AEA,EN,Combined TRACON& Tower with Radar,11,8,15,62,96,0,0,37,44,81,11,8,52,106,177,40,82,122,299
12/19/2013,ACY,NJ,AEA,EN,Combined TRACON& Tower with Radar,21,8,29,68,126,0,0,59,39,98,21,8,88,107,224,122,204,326,550
12/20/2013,ACY,NJ,AEA,EN,Combined TRACON& Tower with Radar,18,13,10,86,127,0,0,22,9,31,18,13,32,95,158,4,72,76,234
12/21/2013,ACY,NJ,AEA,EN,Combined TRACON& Tower with Radar,19,6,31,3,59,0,0,15,3,18,19,6,46,6,77,42,26,68,145
12/22/2013,ACY,NJ,AEA,EN,Combined TRACON& Tower with Radar,22,5,11,3,41,0,1,0,14,15,22,6,11,17,56,20,46,66,122
12/23/2013,ACY,NJ,AEA,EN,Combined TRACON& Tower with Radar,19,5,14,5,43,0,0,10,15,25,19,5,24,20,68,8,24,32,100
12/24/2013,ACY,NJ,AEA,EN,Combined TRACON& Tower with Radar,20,3,14,12,49,0,2,22,20,44,20,5,36,32,93,16,20,36,129
12/25/2013,ACY,NJ,AEA,EN,Combined TRACON& Tower with Radar,20,0,7,1,28,0,0,19,1,20,20,0,26,2,48,0,0,0,48
12/26/2013,ACY,NJ,AEA,EN,Combined TRACON& Tower with Radar,19,4,11,6,40,0,0,42,7,49,19,4,53,13,89,8,16,24,113
12/27/2013,ACY,NJ,AEA,EN,Combined TRACON& Tower with Radar,27,21,27,26,101,0,1,44,19,64,27,22,71,45,165,38,70,108,273
12/28/2013,ACY,NJ,AEA,EN,Combined TRACON& Tower with Radar,23,11,20,1,55,0,1,43,2,46,23,12,63,3,101,0,0,0,101
12/29/2013,ACY,NJ,AEA,EN,Combined TRACON& Tower with Radar,22,23,21,2,68,0,0,1,3,4,22,23,22,5,72,0,2,2,74
12/30/2013,ACY,NJ,AEA,EN,Combined TRACON& Tower with Radar,27,12,26,49,114,0,0,36,30,66,27,12,62,79,180,52,124,176,356
12/31/2013,ACY,NJ,AEA,EN,Combined TRACON& Tower with Radar,22,10,15,8,55,0,0,28,12,40,22,10,43,20,95,0,20,20,115
01/01/2014,ACY,NJ,AEA,EN,Combined TRACON& Tower with Radar,19,17,17,5,58,0,0,24,3,27,19,17,41,8,85,18,0,18,103
01/02/2014,ACY,NJ,AEA,EN,Combined TRACON& Tower with Radar,22,3,12,12,49,0,1,0,6,7,22,4,12,18,56,0,0,0,56
01/03/2014,ACY,NJ,AEA,EN,Combined TRACON& Tower with Radar,26,10,12,2,50,0,1,2,2,5,26,11,14,4,55,0,0,0,55
01/04/2014,ACY,NJ,AEA,EN,Combined TRACON& Tower with Radar,19,7,20,9,55,0,1,22,5,28,19,8,42,14,83,60,107,167,250
01/05/2014,ACY,NJ,AEA,EN,Combined TRACON& Tower with Radar,24,14,12,0,50,0,0,15,4,19,24,14,27,4,69,0,72,72,141
01/06/2014,ACY,NJ,AEA,EN,Combined TRACON& Tower with Radar,23,9,10,1,43,0,0,1,7,8,23,9,11,8,51,20,20,40,91
01/07/2014,ACY,NJ,AEA,EN,Combined TRACON& Tower with Radar,17,6,9,35,67,0,3,6,37,46,17,9,15,72,113,0,130,130,243
01/08/2014,ACY,NJ,AEA,EN,Combined TRACON& Tower with Radar,19,5,6,63,93,0,1,19,38,58,19,6,25,101,151,0,118,118,269
01/09/2014,ACY,NJ,AEA,EN,Combined TRACON& Tower with Radar,20,8,15,96,139,0,0,20,23,43,20,8,35,119,182,0,118,118,300
01/10/2014,ACY,NJ,AEA,EN,Combined TRACON& Tower with Radar,27,5,14,17,63,0,0,0,1,1,27,5,14,18,64,0,16,16,80
01/11/2014,ACY,NJ,AEA,EN,Combined TRACON& Tower with Radar,28,10,14,0,52,0,0,0,0,0,28,10,14,0,52,0,0,0,52
01/12/2014,ACY,NJ,AEA,EN,Combined TRACON& Tower with Radar,24,16,24,16,80,0,0,26,13,39,24,16,50,29,119,0,35,35,154
01/13/2014,ACY,NJ,AEA,EN,Combined TRACON& Tower with Radar,19,15,22,21,77,0,0,37,28,65,19,15,59,49,142,22,68,90,232
01/14/2014,ACY,NJ,AEA,EN,Combined TRACON& Tower with Radar,20,8,20,17,65,0,0,17,40,57,20,8,37,57,122,10,108,118,240
01/15/2014,ACY,NJ,AEA,EN,Combined TRACON& Tower with Radar,24,10,21,18,73,0,0,3,0,3,24,10,24,18,76,0,0,0,76
01/16/2014,ACY,NJ,AEA,EN,Combined TRACON& Tower with Radar,28,18,28,48,122,0,1,19,25,45,28,19,47,73,167,26,66,92,259
01/17/2014,ACY,NJ,AEA,EN,Combined TRACON& Tower with Radar,24,18,40,25,107,0,0,28,40,68,24,18,68,65,175,58,112,170,345
01/18/2014,ACY,NJ,AEA,EN,Combined TRACON& Tower with Radar,24,12,20,3,59,0,0,19,11,30,24,12,39,14,89,0,20,20,109
01/19/2014,ACY,NJ,AEA,EN,Combined TRACON& Tower with Radar,26,22,39,3,90,0,0,52,6,58,26,22,91,9,148,6,20,26,174
01/20/2014,ACY,NJ,AEA,EN,Combined TRACON& Tower with Radar,21,19,12,8,60,0,0,29,1,30,21,19,41,9,90,8,2,10,100
01/21/2014,ACY,NJ,AEA,EN,Combined TRACON& Tower with Radar,19,3,4,0,26,0,0,1,5,6,19,3,5,5,32,0,0,0,32
01/22/2014,ACY,NJ,AEA,EN,Combined TRACON& Tower with Radar,24,3,12,13,52,0,3,9,24,36,24,6,21,37,88,0,84,84,172
01/23/2014,ACY,NJ,AEA,EN,Combined TRACON& Tower with Radar,25,9,31,34,99,0,1,24,60,85,25,10,55,94,184,14,148,162,346
01/24/2014,ACY,NJ,AEA,EN,Combined TRACON& Tower with Radar,25,21,29,70,145,0,3,18,53,74,25,24,47,123,219,0,192,192,411
01/25/2014,ACY,NJ,AEA,EN,Combined TRACON& Tower with Radar,28,8,4,0,40,0,0,2,11,13,28,8,6,11,53,0,10,10,63
01/26/2014,ACY,NJ,AEA,EN,Combined TRACON& Tower with Radar,24,28,8,2,62,0,0,18,13,31,24,28,26,15,93,18,12,30,123
01/27/2014,ACY,NJ,AEA,EN,Combined TRACON& Tower with Radar,23,1,19,48,91,0,0,6,15,21,23,1,25,63,112,8,150,158,270
01/28/2014,ACY,NJ,AEA,EN,Combined TRACON& Tower with Radar,26,11,22,71,130,1,1,29,47,78,27,12,51,118,208,0,56,56,264
01/29/2014,ACY,NJ,AEA,EN,Combined TRACON& Tower with Radar,21,6,19,14,60,1,3,9,34,47,22,9,28,48,107,0,0,0,107
01/30/2014,ACY,NJ,AEA,EN,Combined TRACON& Tower with Radar,36,7,20,28,91,0,0,32,44,76,36,7,52,72,167,12,166,178,345
01/31/2014,ACY,NJ,AEA,EN,Combined TRACON& Tower with Radar,21,16,25,45,107,0,1,46,34,81,21,17,71,79,188,52,136,188,376
02/01/2014,ACY,NJ,AEA,EN,Combined TRACON& Tower with Radar,19,6,28,7,60,0,1,48,10,59,19,7,76,17,119,34,114,148,267
02/02/2014,ACY,NJ,AEA,EN,Combined TRACON& Tower with Radar,21,12,17,6,56,1,0,30,10,41,22,12,47,16,97,6,0,6,103
02/03/2014,ACY,NJ,AEA,EN,Combined TRACON& Tower with Radar,18,6,29,0,53,0,0,0,33,33,18,6,29,33,86,0,162,162,248
02/04/2014,ACY,NJ,AEA,EN,Combined TRACON& Tower with Radar,20,18,31,52,121,0,7,38,43,88,20,25,69,95,209,14,150,164,373
02/05/2014,ACY,NJ,AEA,EN,Combined TRACON& Tower with Radar,20,11,20,1,52,0,0,1,4,5,20,11,21,5,57,0,0,0,57
02/06/2014,ACY,NJ,AEA,EN,Combined TRACON& Tower with Radar,25,8,26,114,173,0,0,28,80,108,25,8,54,194,281,2,314,316,597
02/07/2014,ACY,NJ,AEA,EN,Combined TRACON& Tower with Radar,24,11,34,30,99,0,2,57,37,96,24,13,91,67,195,18,64,82,277
02/08/2014,ACY,NJ,AEA,EN,Combined TRACON& Tower with Radar,28,15,13,15,71,0,1,36,17,54,28,16,49,32,125,4,34,38,163
02/09/2014,ACY,NJ,AEA,EN,Combined TRACON& Tower with Radar,24,30,8,4,66,0,0,7,8,15,24,30,15,12,81,38,0,38,119
02/10/2014,ACY,NJ,AEA,EN,Combined TRACON& Tower with Radar,23,3,21,41,88,0,0,6,30,36,23,3,27,71,124,6,134,140,264
02/11/2014,ACY,NJ,AEA,EN,Combined TRACON& Tower with Radar,23,13,24,46,106,0,0,34,29,63,23,13,58,75,169,10,98,108,277
02/12/2014,ACY,NJ,AEA,EN,Combined TRACON& Tower with Radar,14,11,26,23,74,0,0,15,25,40,14,11,41,48,114,0,0,0,114
02/13/2014,ACY,NJ,AEA,EN,Combined TRACON& Tower with Radar,19,6,7,0,32,0,0,0,0,0,19,6,7,0,32,0,0,0,32
02/14/2014,ACY,NJ,AEA,EN,Combined TRACON& Tower with Radar,25,21,22,5,73,0,0,10,29,39,25,21,32,34,112,0,28,28,140
02/15/2014,ACY,NJ,AEA,EN,Combined TRACON& Tower with Radar,23,16,6,3,48,0,0,7,16,23,23,16,13,19,71,0,28,28,99
02/16/2014,ACY,NJ,AEA,EN,Combined TRACON& Tower with Radar,27,24,18,3,72,0,0,15,23,38,27,24,33,26,110,14,0,14,124
02/17/2014,ACY,NJ,AEA,EN,Combined TRACON& Tower with Radar,27,14,22,4,67,0,2,32,31,65,27,16,54,35,132,24,84,108,240
02/18/2014,ACY,NJ,AEA,EN,Combined TRACON& Tower with Radar,24,12,5,34,75,0,0,15,37,52,24,12,20,71,127,26,44,70,197
02/19/2014,ACY,NJ,AEA,EN,Combined TRACON& Tower with Radar,17,12,19,13,61,0,2,2,24,28,17,14,21,37,89,0,4,4,93
02/20/2014,ACY,NJ,AEA,EN,Combined TRACON& Tower with Radar,24,12,17,28,81,0,6,40,47,93,24,18,57,75,174,18,160,178,352
02/21/2014,ACY,NJ,AEA,EN,Combined TRACON& Tower with Radar,26,14,18,3,61,0,0,0,11,11,26,14,18,14,72,0,0,0,72
02/22/2014,ACY,NJ,AEA,EN,Combined TRACON& Tower with Radar,28,16,19,5,68,0,0,49,10,59,28,16,68,15,127,24,14,38,165
02/23/2014,ACY,NJ,AEA,EN,Combined TRACON& Tower with Radar,29,17,26,2,74,0,1,41,6,48,29,18,67,8,122,32,4,36,158
02/24/2014,ACY,NJ,AEA,EN,Combined TRACON& Tower with Radar,28,2,21,48,99,0,0,24,23,47,28,2,45,71,146,46,42,88,234
02/25/2014,ACY,NJ,AEA,EN,Combined TRACON& Tower with Radar,20,8,6,30,64,0,0,19,38,57,20,8,25,68,121,0,108,108,229
02/26/2014,ACY,NJ,AEA,EN,Combined TRACON& Tower with Radar,20,5,21,29,75,0,0,3,35,38,20,5,24,64,113,4,34,38,151
02/27/2014,ACY,NJ,AEA,EN,Combined TRACON& Tower with Radar,20,10,10,67,107,0,3,25,36,64,20,13,35,103,171,30,78,108,279
02/28/2014,ACY,NJ,AEA,EN,Combined TRACON& Tower with Radar,27,18,30,50,125,0,3,35,5,43,27,21,65,55,168,0,36,36,204
03/01/2014,ACY,NJ,AEA,EN,Combined TRACON& Tower with Radar,24,8,19,1,52,0,0,44,13,57,24,8,63,14,109,38,80,118,227
03/02/2014,ACY,NJ,AEA,EN,Combined TRACON& Tower with Radar,26,14,16,4,60,0,0,46,12,58,26,14,62,16,118,4,30,34,152
03/03/2014,ACY,NJ,AEA,EN,Combined TRACON& Tower with Radar,16,1,2,2,21,0,1,5,3,9,16,2,7,5,30,8,0,8,38
03/04/2014,ACY,NJ,AEA,EN,Combined TRACON& Tower with Radar,22,9,24,21,76,0,0,13,13,26,22,9,37,34,102,3,48,51,153
03/05/2014,ACY,NJ,AEA,EN,Combined TRACON& Tower with Radar,22,33,13,29,97,0,1,15,41,57,22,34,28,70,154,1,46,47,201
03/06/2014,ACY,NJ,AEA,EN,Combined TRACON& Tower with Radar,33,21,24,14,92,0,0,16,24,40,33,21,40,38,132,14,76,90,222
03/07/2014,ACY,NJ,AEA,EN,Combined TRACON& Tower with Radar,28,13,13,16,70,0,0,8,13,21,28,13,21,29,91,0,28,28,119
03/08/2014,ACY,NJ,AEA,EN,Combined TRACON& Tower with Radar,27,8,18,10,63,0,0,34,18,52,27,8,52,28,115,90,20,110,225
03/09/2014,ACY,NJ,AEA,EN,Combined TRACON& Tower with Radar,30,13,22,20,85,0,1,34,21,56,30,14,56,41,141,20,20,40,181
03/10/2014,ACY,NJ,AEA,EN,Combined TRACON& Tower with Radar,21,7,14,12,54,0,1,29,44,74,21,8,43,56,128,30,66,96,224
03/11/2014,ACY,NJ,AEA,EN,Combined TRACON& Tower with Radar,23,8,26,68,125,0,0,34,79,113,23,8,60,147,238,20,182,202,440
03/12/2014,ACY,NJ,AEA,EN,Combined TRACON& Tower with Radar,21,6,8,24,59,0,0,7,24,31,21,6,15,48,90,1,80,81,171
03/13/2014,ACY,NJ,AEA,EN,Combined TRACON& Tower with Radar,30,11,10,40,91,0,0,8,42,50,30,11,18,82,141,4,96,100,241
03/14/2014,ACY,NJ,AEA,EN,Combined TRACON& Tower with Radar,30,26,32,39,127,0,0,61,62,123,30,26,93,101,250,14,92,106,356
03/15/2014,ACY,NJ,AEA,EN,Combined TRACON& Tower with Radar,30,15,14,5,64,0,1,23,13,37,30,16,37,18,101,0,14,14,115
03/16/2014,ACY,NJ,AEA,EN,Combined TRACON& Tower with Radar,30,28,19,1,78,0,0,35,11,46,30,28,54,12,124,16,36,52,176
03/17/2014,ACY,NJ,AEA,EN,Combined TRACON& Tower with Radar,28,3,3,5,39,0,0,11,19,30,28,3,14,24,69,0,20,20,89
03/18/2014,ACY,NJ,AEA,EN,Combined TRACON& Tower with Radar,38,30,27,20,115,0,1,12,80,93,38,31,39,100,208,14,18,32,240
03/19/2014,ACY,NJ,AEA,EN,Combined TRACON& Tower with Radar,27,10,20,47,104,0,1,3,22,26,27,11,23,69,130,2,49,51,181
03/20/2014,ACY,NJ,AEA,EN,Combined TRACON& Tower with Radar,31,13,22,28,94,0,0,32,38,70,31,13,54,66,164,18,106,124,288
03/21/2014,ACY,NJ,AEA,EN,Combined TRACON& Tower with Radar,26,15,21,61,123,0,0,35,67,102,26,15,56,128,225,0,220,220,445
03/22/2014,ACY,NJ,AEA,EN,Combined TRACON& Tower with Radar,30,9,15,10,64,0,0,17,7,24,30,9,32,17,88,108,0,108,196
03/23/2014,ACY,NJ,AEA,EN,Combined TRACON& Tower with Radar,28,17,9,3,57,0,0,36,20,56,28,17,45,23,113,40,72,112,225
03/24/2014,ACY,NJ,AEA,EN,Combined TRACON& Tower with Radar,28,13,12,35,88,0,0,20,22,42,28,13,32,57,130,0,56,56,186
03/25/2014,ACY,NJ,AEA,EN,Combined TRACON& Tower with Radar,21,12,10,17,60,0,1,9,11,21,21,13,19,28,81,14,16,30,111
03/26/2014,ACY,NJ,AEA,EN,Combined TRACON& Tower with Radar,24,6,10,24,64,0,3,11,28,42,24,9,21,52,106,0,88,88,194
03/27/2014,ACY,NJ,AEA,EN,Combined TRACON& Tower with Radar,22,16,35,70,143,0,2,52,29,83,22,18,87,99,226,4,114,118,344
03/28/2014,ACY,NJ,AEA,EN,Combined TRACON& Tower with Radar,28,47,24,44,143,0,0,19,31,50,28,47,43,75,193,12,74,86,279
03/29/2014,ACY,NJ,AEA,EN,Combined TRACON& Tower with Radar,26,14,21,8,69,0,0,0,0,0,26,14,21,8,69,0,0,0,69
03/30/2014,ACY,NJ,AEA,EN,Combined TRACON& Tower with Radar,32,20,19,3,74,0,0,0,1,1,32,20,19,4,75,0,0,0,75
03/31/2014,ACY,NJ,AEA,EN,Combined TRACON& Tower with Radar,25,9,7,43,84,0,0,12,47,59,25,9,19,90,143,14,110,124,267
04/01/2014,ACY,NJ,AEA,EN,Combined TRACON& Tower with Radar,25,12,19,44,100,0,0,45,20,65,25,12,64,64,165,31,78,109,274
04/02/2014,ACY,NJ,AEA,EN,Combined TRACON& Tower with Radar,27,8,12,72,119,0,1,20,29,50,27,9,32,101,169,14,62,76,245
04/03/2014,ACY,NJ,AEA,EN,Combined TRACON& Tower with Radar,21,22,20,58,121,0,0,19,45,64,21,22,39,103,185,40,230,270,455
04/04/2014,ACY,NJ,AEA,EN,Combined TRACON& Tower with Radar,28,34,34,39,135,0,0,1,22,23,28,34,35,61,158,0,34,34,192
04/05/2014,ACY,NJ,AEA,EN,Combined TRACON& Tower with Radar,27,23,13,14,77,0,2,14,4,20,27,25,27,18,97,0,37,37,134
04/06/2014,ACY,NJ,AEA,EN,Combined TRACON& Tower with Radar,30,27,44,7,108,0,1,33,3,37,30,28,77,10,145,0,0,0,145
04/07/2014,ACY,NJ,AEA,EN,Combined TRACON& Tower with Radar,23,13,18,12,66,0,0,8,18,26,23,13,26,30,92,8,24,32,124
04/08/2014,ACY,NJ,AEA,EN,Combined TRACON& Tower with Radar,28,16,30,39,113,0,0,30,22,52,28,16,60,61,165,8,68,76,241
04/09/2014,ACY,NJ,AEA,EN,Combined TRACON& Tower with Radar,23,10,37,56,126,0,0,26,21,47,23,10,63,77,173,4,43,47,220
04/10/2014,ACY,NJ,AEA,EN,Combined TRACON& Tower with Radar,29,23,28,57,137,0,2,50,51,103,29,25,78,108,240,48,138,186,426
04/11/2014,ACY,NJ,AEA,EN,Combined TRACON& Tower with Radar,24,30,35,23,112,0,0,20,28,48,24,30,55,51,160,36,104,140,300
04/12/2014,ACY,NJ,AEA,EN,Combined TRACON& Tower with Radar,28,18,30,16,92,0,1,65,14,80,28,19,95,30,172,10,109,119,291
04/13/2014,ACY,NJ,AEA,EN,Combined TRACON& Tower with Radar,29,29,43,17,118,0,1,73,10,84,29,30,116,27,202,50,42,92,294
04/14/2014,ACY,NJ,AEA,EN,Combined TRACON& Tower with Radar,24,15,13,5,57,0,0,28,27,55,24,15,41,32,112,22,60,82,194
04/15/2014,ACY,NJ,AEA,EN,Combined TRACON& Tower with Radar,22,10,12,0,44,0,0,0,0,0,22,10,12,0,44,0,0,0,44
04/16/2014,ACY,NJ,AEA,EN,Combined TRACON& Tower with Radar,20,30,23,32,105,0,0,15,21,36,20,30,38,53,141,4,25,29,170
04/17/2014,ACY,NJ,AEA,EN,Combined TRACON& Tower with Radar,23,15,41,39,118,0,1,27,20,48,23,16,68,59,166,22,78,100,266
04/18/2014,ACY,NJ,AEA,EN,Combined TRACON& Tower with Radar,26,17,14,28,85,0,0,13,35,48,26,17,27,63,133,34,70,104,237
04/19/2014,ACY,NJ,AEA,EN,Combined TRACON& Tower with Radar,24,7,19,1,51,0,0,57,12,69,24,7,76,13,120,0,50,50,170
04/20/2014,ACY,NJ,AEA,EN,Combined TRACON& Tower with Radar,22,12,15,8,57,0,2,21,1,24,22,14,36,9,81,0,0,0,81
04/21/2014,ACY,NJ,AEA,EN,Combined TRACON& Tower with Radar,24,11,15,21,71,0,0,14,28,42,24,11,29,49,113,0,80,80,193
04/22/2014,ACY,NJ,AEA,EN,Combined TRACON& Tower with Radar,19,16,17,42,94,0,0,14,26,40,19,16,31,68,134,4,86,90,224
04/23/2014,ACY,NJ,AEA,EN,Combined TRACON& Tower with Radar,24,14,15,68,121,0,1,8,15,24,24,15,23,83,145,2,63,65,210
04/24/2014,ACY,NJ,AEA,EN,Combined TRACON& Tower with Radar,24,38,13,21,96,1,0,50,57,108,25,38,63,78,204,42,78,120,324
04/25/2014,ACY,NJ,AEA,EN,Combined TRACON& Tower with Radar,30,45,27,18,120,0,2,49,15,66,30,47,76,33,186,10,50,60,246
04/26/2014,ACY,NJ,AEA,EN,Combined TRACON& Tower with Radar,27,19,22,1,69,0,1,26,10,37,27,20,48,11,106,30,0,30,136
04/27/2014,ACY,NJ,AEA,EN,Combined TRACON& Tower with Radar,30,22,35,2,89,0,1,55,15,71,30,23,90,17,160,42,0,42,202
04/28/2014,ACY,NJ,AEA,EN,Combined TRACON& Tower with Radar,25,16,23,17,81,0,0,63,28,91,25,16,86,45,172,4,66,70,242
04/29/2014,ACY,NJ,AEA,EN,Combined TRACON& Tower with Radar,27,12,45,23,107,0,0,2,29,31,27,12,47,52,138,0,28,28,166
04/30/2014,ACY,NJ,AEA,EN,Combined TRACON& Tower with Radar,18,20,9,0,47,0,0,0,0,0,18,20,9,0,47,0,0,0,47
05/01/2014,ACY,NJ,AEA,EN,Combined TRACON& Tower with Radar,21,21,43,19,104,0,1,39,28,68,21,22,82,47,172,66,92,158,330
05/02/2014,ACY,NJ,AEA,EN,Combined TRACON& Tower with Radar,30,27,22,20,99,0,2,43,23,68,30,29,65,43,167,34,84,118,285
05/03/2014,ACY,NJ,AEA,EN,Combined TRACON& Tower with Radar,24,20,22,0,66,0,2,48,22,72,24,22,70,22,138,32,52,84,222
05/04/2014,ACY,NJ,AEA,EN,Combined TRACON& Tower with Radar,30,28,28,5,91,0,3,42,25,70,30,31,70,30,161,22,42,64,225
05/05/2014,ACY,NJ,AEA,EN,Combined TRACON& Tower with Radar,23,11,22,23,79,0,1,22,55,78,23,12,44,78,157,6,130,136,293
05/06/2014,ACY,NJ,AEA,EN,Combined TRACON& Tower with Radar,22,16,22,39,99,0,4,26,35,65,22,20,48,74,164,12,74,86,250
05/07/2014,ACY,NJ,AEA,EN,Combined TRACON& Tower with Radar,29,25,16,29,99,0,0,44,39,83,29,25,60,68,182,10,64,74,256
05/08/2014,ACY,NJ,AEA,EN,Combined TRACON& Tower with Radar,23,18,42,50,133,0,1,11,30,42,23,19,53,80,175,14,46,60,235
05/09/2014,ACY,NJ,AEA,EN,Combined TRACON& Tower with Radar,29,20,23,19,91,0,0,18,20,38,29,20,41,39,129,0,80,80,209
05/10/2014,ACY,NJ,AEA,EN,Combined TRACON& Tower with Radar,29,13,17,1,60,1,0,10,4,15,30,13,27,5,75,20,3,23,98
05/11/2014,ACY,NJ,AEA,EN,Combined TRACON& Tower with Radar,29,11,30,2,72,0,3,31,20,54,29,14,61,22,126,16,42,58,184
05/12/2014,ACY,NJ,AEA,EN,Combined TRACON& Tower with Radar,26,9,40,66,141,0,1,45,34,80,26,10,85,100,221,44,176,220,441
05/13/2014,ACY,NJ,AEA,EN,Combined TRACON& Tower with Radar,13,11,26,10,60,0,1,30,44,75,13,12,56,54,135,48,26,74,209
05/14/2014,ACY,NJ,AEA,EN,Combined TRACON& Tower with Radar,26,10,36,42,114,0,0,15,21,36,26,10,51,63,150,12,44,56,206
05/15/2014,ACY,NJ,AEA,EN,Combined TRACON& Tower with Radar,24,9,40,53,126,0,0,7,31,38,24,9,47,84,164,8,90,98,262
05/16/2014,ACY,NJ,AEA,EN,Combined TRACON& Tower with Radar,37,23,25,4,89,0,0,15,27,42,37,23,40,31,131,20,62,82,213
05/17/2014,ACY,NJ,AEA,EN,Combined TRACON& Tower with Radar,27,19,36,19,101,0,1,57,10,68,27,20,93,29,169,48,22,70,239
05/18/2014,ACY,NJ,AEA,EN,Combined TRACON& Tower with Radar,33,33,35,16,117,0,4,46,9,59,33,37,81,25,176,25,14,39,215
05/19/2014,ACY,NJ,AEA,EN,Combined TRACON& Tower with Radar,26,13,32,84,155,0,0,39,52,91,26,13,71,136,246,36,162,198,444
05/20/2014,ACY,NJ,AEA,EN,Combined TRACON& Tower with Radar,25,15,20,54,114,0,2,64,24,90,25,17,84,78,204,30,120,150,354
05/21/2014,ACY,NJ,AEA,EN,Combined TRACON& Tower with Radar,24,16,28,11,79,0,0,33,44,77,24,16,61,55,156,14,78,92,248
05/22/2014,ACY,NJ,AEA,EN,Combined TRACON& Tower with Radar,35,22,31,18,106,1,1,11,27,40,36,23,42,45,146,22,86,108,254
05/23/2014,ACY,NJ,AEA,EN,Combined TRACON& Tower with Radar,39,26,63,11,139,0,3,33,35,71,39,29,96,46,210,58,66,124,334
05/24/2014,ACY,NJ,AEA,EN,Combined TRACON& Tower with Radar,29,26,25,1,81,0,0,30,17,47,29,26,55,18,128,32,2,34,162
05/25/2014,ACY,NJ,AEA,EN,Combined TRACON& Tower with Radar,35,18,33,3,89,0,0,43,19,62,35,18,76,22,151,30,50,80,231
05/26/2014,ACY,NJ,AEA,EN,Combined TRACON& Tower with Radar,30,20,25,5,80,0,0,50,30,80,30,20,75,35,160,16,82,98,258
05/27/2014,ACY,NJ,AEA,EN,Combined TRACON& Tower with Radar,22,20,20,59,121,0,2,35,23,60,22,22,55,82,181,22,106,128,309
05/28/2014,ACY,NJ,AEA,EN,Combined TRACON& Tower with Radar,28,19,24,26,97,0,0,10,19,29,28,19,34,45,126,0,10,10,136
05/29/2014,ACY,NJ,AEA,EN,Combined TRACON& Tower with Radar,30,21,28,25,104,0,4,20,36,60,30,25,48,61,164,18,70,88,252
05/30/2014,ACY,NJ,AEA,EN,Combined TRACON& Tower with Radar,25,23,34,65,147,0,0,49,37,86,25,23,83,102,233,37,51,88,321
05/31/2014,ACY,NJ,AEA,EN,Combined TRACON& Tower with Radar,23,15,32,2,72,0,1,52,5,58,23,16,84,7,130,16,0,16,146
06/01/2014,ACY,NJ,AEA,EN,Combined TRACON& Tower with Radar,32,21,24,0,77,0,0,43,6,49,32,21,67,6,126,45,94,139,265
06/02/2014,ACY,NJ,AEA,EN,Combined TRACON& Tower with Radar,23,12,14,39,88,0,1,29,43,73,23,13,43,82,161,12,96,108,269
06/03/2014,ACY,NJ,AEA,EN,Combined TRACON& Tower with Radar,26,13,7,21,67,2,2,18,40,62,28,15,25,61,129,8,6,14,143
06/04/2014,ACY,NJ,AEA,EN,Combined TRACON& Tower with Radar,24,18,27,44,113,1,0,43,38,82,25,18,70,82,195,28,68,96,291
06/05/2014,ACY,NJ,AEA,EN,Combined TRACON& Tower with Radar,24,13,31,35,103,0,0,28,30,58,24,13,59,65,161,22,51,73,234
06/06/2014,ACY,NJ,AEA,EN,Combined TRACON& Tower with Radar,34,21,34,41,130,0,2,40,29,71,34,23,74,70,201,18,72,90,291
06/07/2014,ACY,NJ,AEA,EN,Combined TRACON& Tower with Radar,29,22,35,2,88,1,0,60,20,81,30,22,95,22,169,46,60,106,275
06/08/2014,ACY,NJ,AEA,EN,Combined TRACON& Tower with Radar,30,20,22,4,76,0,0,49,26,75,30,20,71,30,151,36,20,56,207
06/09/2014,ACY,NJ,AEA,EN,Combined TRACON& Tower with Radar,27,28,17,32,104,0,0,36,36,72,27,28,53,68,176,8,92,100,276
06/10/2014,ACY,NJ,AEA,EN,Combined TRACON& Tower with Radar,23,31,29,20,103,0,0,13,26,39,23,31,42,46,142,10,58,68,210
06/11/2014,ACY,NJ,AEA,EN,Combined TRACON& Tower with Radar,27,9,30,20,86,0,0,0,6,6,27,9,30,26,92,0,0,0,92
06/12/2014,ACY,NJ,AEA,EN,Combined TRACON& Tower with Radar,30,13,28,45,116,0,0,9,17,26,30,13,37,62,142,12,66,78,220
06/13/2014,ACY,NJ,AEA,EN,Combined TRACON& Tower with Radar,33,9,25,29,96,0,0,27,37,64,33,9,52,66,160,16,84,100,260
06/14/2014,ACY,NJ,AEA,EN,Combined TRACON& Tower with Radar,29,9,17,5,60,0,0,38,10,48,29,9,55,15,108,21,20,41,149
06/15/2014,ACY,NJ,AEA,EN,Combined TRACON& Tower with Radar,30,15,8,2,55,0,0,43,18,61,30,15,51,20,116,18,18,36,152
06/16/2014,ACY,NJ,AEA,EN,Combined TRACON& Tower with Radar,26,10,27,25,88,0,1,105,32,138,26,11,132,57,226,50,134,184,410
06/17/2014,ACY,NJ,AEA,EN,Combined TRACON& Tower with Radar,23,12,65,27,127,0,0,53,49,102,23,12,118,76,229,34,52,86,315
06/18/2014,ACY,NJ,AEA,EN,Combined TRACON& Tower with Radar,24,16,32,45,117,0,0,36,38,74,24,16,68,83,191,30,52,82,273
06/19/2014,ACY,NJ,AEA,EN,Combined TRACON& Tower with Radar,28,20,25,15,88,0,0,17,21,38,28,20,42,36,126,0,40,40,166
06/20/2014,ACY,NJ,AEA,EN,Combined TRACON& Tower with Radar,54,36,25,26,141,0,0,60,17,77,54,36,85,43,218,28,40,68,286
06/21/2014,ACY,NJ,AEA,EN,Combined TRACON& Tower with Radar,24,19,13,4,60,0,1,32,4,37,24,20,45,8,97,0,0,0,97
06/22/2014,ACY,NJ,AEA,EN,Combined TRACON& Tower with Radar,36,37,21,7,101,0,2,50,4,56,36,39,71,11,157,0,8,8,165
06/23/2014,ACY,NJ,AEA,EN,Combined TRACON& Tower with Radar,24,13,12,38,87,0,2,26,25,53,24,15,38,63,140,0,108,108,248
06/24/2014,ACY,NJ,AEA,EN,Combined TRACON& Tower with Radar,28,21,32,67,148,0,2,26,33,61,28,23,58,100,209,4,92,96,305
06/25/2014,ACY,NJ,AEA,EN,Combined TRACON& Tower with Radar,19,20,24,8,71,0,0,18,33,51,19,20,42,41,122,0,61,61,183
06/26/2014,ACY,NJ,AEA,EN,Combined TRACON& Tower with Radar,26,18,38,9,91,0,0,12,27,39,26,18,50,36,130,0,16,16,146
06/27/2014,ACY,NJ,AEA,EN,Combined TRACON& Tower with Radar,31,21,32,6,90,0,3,18,10,31,31,24,50,16,121,12,0,12,133
06/28/2014,ACY,NJ,AEA,EN,Combined TRACON& Tower with Radar,26,22,28,1,77,0,0,37,13,50,26,22,65,14,127,0,54,54,181
06/29/2014,ACY,NJ,AEA,EN,Combined TRACON& Tower with Radar,30,34,29,8,101,0,1,75,21,97,30,35,104,29,198,6,50,56,254
06/30/2014,ACY,NJ,AEA,EN,Combined TRACON& Tower with Radar,26,8,16,6,56,0,2,29,23,54,26,10,45,29,110,0,32,32,142
07/01/2014,ACY,NJ,AEA,EN,Combined TRACON& Tower with Radar,23,18,17,15,73,0,0,26,16,42,23,18,43,31,115,15,90,105,220
07/02/2014,ACY,NJ,AEA,EN,Combined TRACON& Tower with Radar,29,17,21,11,78,0,2,29,39,70,29,19,50,50,148,8,52,60,208
07/03/2014,ACY,NJ,AEA,EN,Combined TRACON& Tower with Radar,24,24,33,15,96,0,5,20,24,49,24,29,53,39,145,6,49,55,200
07/04/2014,ACY,NJ,AEA,EN,Combined TRACON& Tower with Radar,31,18,10,1,60,0,0,34,14,48,31,18,44,15,108,0,48,48,156
07/05/2014,ACY,NJ,AEA,EN,Combined TRACON& Tower with Radar,27,17,17,1,62,0,1,51,12,64,27,18,68,13,126,0,24,24,150
07/06/2014,ACY,NJ,AEA,EN,Combined TRACON& Tower with Radar,32,34,26,1,93,0,1,79,18,98,32,35,105,19,191,20,36,56,247
07/07/2014,ACY,NJ,AEA,EN,Combined TRACON& Tower with Radar,22,21,15,10,68,0,0,46,20,66,22,21,61,30,134,8,36,44,178
07/08/2014,ACY,NJ,AEA,EN,Combined TRACON& Tower with Radar,22,15,15,10,62,0,2,36,30,68,22,17,51,40,130,12,62,74,204
07/09/2014,ACY,NJ,AEA,EN,Combined TRACON& Tower with Radar,25,17,31,14,87,0,1,35,41,77,25,18,66,55,164,10,30,40,204
07/10/2014,ACY,NJ,AEA,EN,Combined TRACON& Tower with Radar,25,18,42,33,118,0,0,19,32,51,25,18,61,65,169,4,52,56,225
07/11/2014,ACY,NJ,AEA,EN,Combined TRACON& Tower with Radar,28,15,31,15,89,0,3,27,26,56,28,18,58,41,145,49,48,97,242
07/12/2014,ACY,NJ,AEA,EN,Combined TRACON& Tower with Radar,23,18,18,7,66,0,1,40,26,67,23,19,58,33,133,8,42,50,183
07/13/2014,ACY,NJ,AEA,EN,Combined TRACON& Tower with Radar,27,25,37,1,90,0,0,12,29,41,27,25,49,30,131,10,42,52,183
07/14/2014,ACY,NJ,AEA,EN,Combined TRACON& Tower with Radar,20,11,48,3,82,0,0,20,31,51,20,11,68,34,133,6,68,74,207
07/15/2014,ACY,NJ,AEA,EN,Combined TRACON& Tower with Radar,26,21,52,9,108,0,0,11,16,27,26,21,63,25,135,32,22,54,189
07/16/2014,ACY,NJ,AEA,EN,Combined TRACON& Tower with Radar,26,19,23,19,87,0,1,31,19,51,26,20,54,38,138,0,10,10,148
07/17/2014,ACY,NJ,AEA,EN,Combined TRACON& Tower with Radar,28,19,25,11,83,0,1,60,32,93,28,20,85,43,176,14,36,50,226
07/18/2014,ACY,NJ,AEA,EN,Combined TRACON& Tower with Radar,30,17,23,9,79,0,0,43,36,79,30,17,66,45,158,0,0,0,158
07/19/2014,ACY,NJ,AEA,EN,Combined TRACON& Tower with Radar,30,21,19,3,73,0,4,78,9,91,30,25,97,12,164,0,0,0,164
07/20/2014,ACY,NJ,AEA,EN,Combined TRACON& Tower with Radar,32,38,33,2,105,0,0,37,17,54,32,38,70,19,159,0,0,0,159
07/21/2014,ACY,NJ,AEA,EN,Combined TRACON& Tower with Radar,22,16,9,3,50,0,0,45,26,71,22,16,54,29,121,0,0,0,121
07/22/2014,ACY,NJ,AEA,EN,Combined TRACON& Tower with Radar,22,20,24,4,70,0,3,50,40,93,22,23,74,44,163,0,0,0,163
07/23/2014,ACY,NJ,AEA,EN,Combined TRACON& Tower with Radar,26,9,26,11,72,0,0,34,24,58,26,9,60,35,130,12,50,62,192
07/24/2014,ACY,NJ,AEA,EN,Combined TRACON& Tower with Radar,27,25,31,16,99,0,1,18,15,34,27,26,49,31,133,68,46,114,247
07/25/2014,ACY,NJ,AEA,EN,Combined TRACON& Tower with Radar,30,28,36,36,130,0,9,54,38,101,30,37,90,74,231,10,82,92,323
07/26/2014,ACY,NJ,AEA,EN,Combined TRACON& Tower with Radar,22,21,20,5,68,0,4,49,15,68,22,25,69,20,136,0,54,54,190
07/27/2014,ACY,NJ,AEA,EN,Combined TRACON& Tower with Radar,31,20,33,6,90,0,10,29,14,53,31,30,62,20,143,60,66,126,269
07/28/2014,ACY,NJ,AEA,EN,Combined TRACON& Tower with Radar,29,9,31,55,124,0,0,29,44,73,29,9,60,99,197,36,88,124,321
07/29/2014,ACY,NJ,AEA,EN,Combined TRACON& Tower with Radar,23,17,47,47,134,0,0,34,31,65,23,17,81,78,199,12,86,98,297
07/30/2014,ACY,NJ,AEA,EN,Combined TRACON& Tower with Radar,23,15,22,28,88,0,3,31,21,55,23,18,53,49,143,2,70,72,215
07/31/2014,ACY,NJ,AEA,EN,Combined TRACON& Tower with Radar,28,16,24,27,95,0,6,32,33,71,28,22,56,60,166,14,54,68,234
08/01/2014,ACY,NJ,AEA,EN,Combined TRACON& Tower with Radar,29,18,31,80,158,0,0,34,22,56,29,18,65,102,214,0,100,100,314
08/02/2014,ACY,NJ,AEA,EN,Combined TRACON& Tower with Radar,23,18,32,11,84,0,0,15,19,34,23,18,47,30,118,12,28,40,158
08/03/2014,ACY,NJ,AEA,EN,Combined TRACON& Tower with Radar,31,20,44,8,103,0,2,14,14,30,31,22,58,22,133,23,28,51,184
08/04/2014,ACY,NJ,AEA,EN,Combined TRACON& Tower with Radar,27,9,41,31,108,0,0,9,5,14,27,9,50,36,122,88,92,180,302
08/05/2014,ACY,NJ,AEA,EN,Combined TRACON& Tower with Radar,22,16,32,30,100,0,4,58,47,109,22,20,90,77,209,54,90,144,353
08/06/2014,ACY,NJ,AEA,EN,Combined TRACON& Tower with Radar,29,18,24,13,84,0,0,44,11,55,29,18,68,24,139,58,68,126,265
08/07/2014,ACY,NJ,AEA,EN,Combined TRACON& Tower with Radar,25,20,34,35,114,0,1,52,42,95,25,21,86,77,209,14,44,58,267
08/08/2014,ACY,NJ,AEA,EN,Combined TRACON& Tower with Radar,28,16,30,41,115,0,5,46,28,79,28,21,76,69,194,56,86,142,336
08/09/2014,ACY,NJ,AEA,EN,Combined TRACON& Tower with Radar,26,28,17,6,77,0,0,31,5,36,26,28,48,11,113,91,53,144,257
08/10/2014,ACY,NJ,AEA,EN,Combined TRACON& Tower with Radar,33,26,22,3,84,0,0,41,8,49,33,26,63,11,133,12,0,12,145
08/11/2014,ACY,NJ,AEA,EN,Combined TRACON& Tower with Radar,24,31,30,46,131,0,1,37,16,54,24,32,67,62,185,6,69,75,260
08/12/2014,ACY,NJ,AEA,EN,Combined TRACON& Tower with Radar,21,11,24,7,63,0,0,18,13,31,21,11,42,20,94,0,3,3,97
08/13/2014,ACY,NJ,AEA,EN,Combined TRACON& Tower with Radar,28,10,24,8,70,0,2,81,36,119,28,12,105,44,189,28,26,54,243
08/14/2014,ACY,NJ,AEA,EN,Combined TRACON& Tower with Radar,41,14,41,77,173,0,0,52,26,78,41,14,93,103,251,72,124,196,447
08/15/2014,ACY,NJ,AEA,EN,Combined TRACON& Tower with Radar,33,31,44,38,146,0,7,60,28,95,33,38,104,66,241,0,112,112,353
08/16/2014,ACY,NJ,AEA,EN,Combined TRACON& Tower with Radar,31,19,28,10,88,0,3,57,11,71,31,22,85,21,159,22,58,80,239
08/17/2014,ACY,NJ,AEA,EN,Combined TRACON& Tower with Radar,33,30,58,2,123,0,0,37,23,60,33,30,95,25,183,24,64,88,271
08/18/2014,ACY,NJ,AEA,EN,Combined TRACON& Tower with Radar,30,7,40,50,127,0,0,48,18,66,30,7,88,68,193,60,139,199,392
08/19/2014,ACY,NJ,AEA,EN,Combined TRACON& Tower with Radar,27,12,20,17,76,0,0,45,38,83,27,12,65,55,159,36,54,90,249
08/20/2014,ACY,NJ,AEA,EN,Combined TRACON& Tower with Radar,21,18,16,56,111,1,4,62,37,104,22,22,78,93,215,14,96,110,325
08/21/2014,ACY,NJ,AEA,EN,Combined TRACON& Tower with Radar,27,14,15,40,96,0,0,23,32,55,27,14,38,72,151,44,102,146,297
08/22/2014,ACY,NJ,AEA,EN,Combined TRACON& Tower with Radar,28,22,28,30,108,0,0,24,19,43,28,22,52,49,151,8,130,138,289
08/23/2014,ACY,NJ,AEA,EN,Combined TRACON& Tower with Radar,27,19,19,8,73,0,0,21,14,35,27,19,40,22,108,16,59,75,183
08/24/2014,ACY,NJ,AEA,EN,Combined TRACON& Tower with Radar,27,33,38,3,101,0,0,59,15,74,27,33,97,18,175,22,60,82,257
08/25/2014,ACY,NJ,AEA,EN,Combined TRACON& Tower with Radar,26,9,24,20,79,0,0,47,31,78,26,9,71,51,157,20,52,72,229
08/26/2014,ACY,NJ,AEA,EN,Combined TRACON& Tower with Radar,22,14,32,69,137,0,0,39,40,79,22,14,71,109,216,18,62,80,296
08/27/2014,ACY,NJ,AEA,EN,Combined TRACON& Tower with Radar,24,17,35,29,105,0,3,42,21,66,24,20,77,50,171,98,118,216,387
08/28/2014,ACY,NJ,AEA,EN,Combined TRACON& Tower with Radar,25,27,24,76,152,0,5,34,32,71,25,32,58,108,223,28,109,137,360
08/29/2014,ACY,NJ,AEA,EN,Combined TRACON& Tower with Radar,28,34,37,9,108,1,4,56,35,96,29,38,93,44,204,76,78,154,358
08/30/2014,ACY,NJ,AEA,EN,Combined TRACON& Tower with Radar,25,18,30,3,76,0,0,25,11,36,25,18,55,14,112,50,32,82,194
08/31/2014,ACY,NJ,AEA,EN,Combined TRACON& Tower with Radar,33,31,27,1,92,0,2,32,14,48,33,33,59,15,140,12,52,64,204
09/01/2014,ACY,NJ,AEA,EN,Combined TRACON& Tower with Radar,23,25,29,6,83,0,2,26,15,43,23,27,55,21,126,28,31,59,185
09/02/2014,ACY,NJ,AEA,EN,Combined TRACON& Tower with Radar,26,22,22,84,154,0,4,21,33,58,26,26,43,117,212,6,82,88,300
09/03/2014,ACY,NJ,AEA,EN,Combined TRACON& Tower with Radar,14,19,19,39,91,0,0,28,40,68,14,19,47,79,159,35,48,83,242
09/04/2014,ACY,NJ,AEA,EN,Combined TRACON& Tower with Radar,17,20,18,31,86,0,1,20,13,34,17,21,38,44,120,2,30,32,152
09/05/2014,ACY,NJ,AEA,EN,Combined TRACON& Tower with Radar,26,13,41,46,126,0,8,11,15,34,26,21,52,61,160,0,88,88,248
09/06/2014,ACY,NJ,AEA,EN,Combined TRACON& Tower with Radar,21,12,14,4,51,0,0,19,5,24,21,12,33,9,75,24,0,24,99
09/07/2014,ACY,NJ,AEA,EN,Combined TRACON& Tower with Radar,25,17,24,5,71,0,0,31,18,49,25,17,55,23,120,72,34,106,226
09/08/2014,ACY,NJ,AEA,EN,Combined TRACON& Tower with Radar,17,11,14,35,77,0,0,22,34,56,17,11,36,69,133,52,62,114,247
09/09/2014,ACY,NJ,AEA,EN,Combined TRACON& Tower with Radar,16,19,28,26,89,0,2,22,18,42,16,21,50,44,131,30,32,62,193
09/10/2014,ACY,NJ,AEA,EN,Combined TRACON& Tower with Radar,17,20,49,24,110,0,0,30,48,78,17,20,79,72,188,24,60,84,272
09/11/2014,ACY,NJ,AEA,EN,Combined TRACON& Tower with Radar,20,15,37,32,104,0,6,25,29,60,20,21,62,61,164,16,66,82,246
09/12/2014,ACY,NJ,AEA,EN,Combined TRACON& Tower with Radar,25,29,22,37,113,0,0,50,40,90,25,29,72,77,203,10,138,148,351
09/13/2014,ACY,NJ,AEA,EN,Combined TRACON& Tower with Radar,20,16,11,2,49,0,0,10,19,29,20,16,21,21,78,16,42,58,136
09/14/2014,ACY,NJ,AEA,EN,Combined TRACON& Tower with Radar,27,27,23,5,82,0,0,20,4,24,27,27,43,9,106,20,63,83,189
09/15/2014,ACY,NJ,AEA,EN,Combined TRACON& Tower with Radar,20,37,34,12,103,0,0,38,24,62,20,37,72,36,165,30,74,104,269
09/16/2014,ACY,NJ,AEA,EN,Combined TRACON& Tower with Radar,15,24,26,16,81,0,0,48,78,126,15,24,74,94,207,24,52,76,283
09/17/2014,ACY,NJ,AEA,EN,Combined TRACON& Tower with Radar,22,14,32,23,91,0,3,42,27,72,22,17,74,50,163,24,80,104,267
09/18/2014,ACY,NJ,AEA,EN,Combined TRACON& Tower with Radar,21,16,39,43,119,0,0,52,36,88,21,16,91,79,207,24,74,98,305
09/19/2014,ACY,NJ,AEA,EN,Combined TRACON& Tower with Radar,25,11,19,32,87,1,0,49,37,87,26,11,68,69,174,26,46,72,246
09/20/2014,ACY,NJ,AEA,EN,Combined TRACON& Tower with Radar,25,9,20,10,64,0,6,26,13,45,25,15,46,23,109,94,130,224,333
09/21/2014,ACY,NJ,AEA,EN,Combined TRACON& Tower with Radar,28,17,30,7,82,0,0,26,28,54,28,17,56,35,136,28,56,84,220
09/22/2014,ACY,NJ,AEA,EN,Combined TRACON& Tower with Radar,22,8,28,16,74,0,0,32,46,78,22,8,60,62,152,12,78,90,242
09/23/2014,ACY,NJ,AEA,EN,Combined TRACON& Tower with Radar,18,10,15,13,56,0,0,43,25,68,18,10,58,38,124,22,60,82,206
09/24/2014,ACY,NJ,AEA,EN,Combined TRACON& Tower with Radar,19,20,35,31,105,0,1,40,29,70,19,21,75,60,175,20,18,38,213
09/25/2014,ACY,NJ,AEA,EN,Combined TRACON& Tower with Radar,22,13,30,19,84,0,0,15,20,35,22,13,45,39,119,0,18,18,137
09/26/2014,ACY,NJ,AEA,EN,Combined TRACON& Tower with Radar,22,27,34,12,95,0,5,53,25,83,22,32,87,37,178,48,40,88,266
09/27/2014,ACY,NJ,AEA,EN,Combined TRACON& Tower with Radar,16,13,17,1,47,0,3,48,30,81,16,16,65,31,128,18,84,102,230
09/28/2014,ACY,NJ,AEA,EN,Combined TRACON& Tower with Radar,30,30,16,3,79,0,0,39,25,64,30,30,55,28,143,14,54,68,211
09/29/2014,ACY,NJ,AEA,EN,Combined TRACON& Tower with Radar,14,13,26,14,67,0,0,26,19,45,14,13,52,33,112,8,78,86,198
09/30/2014,ACY,NJ,AEA,EN,Combined TRACON& Tower with Radar,21,14,28,50,113,0,0,29,35,64,21,14,57,85,177,14,104,118,295
10/01/2014,ACY,NJ,AEA,EN,Combined TRACON& Tower with Radar,20,19,42,6,87,0,0,5,36,41,20,19,47,42,128,20,30,50,178
10/02/2014,ACY,NJ,AEA,EN,Combined TRACON& Tower with Radar,20,32,35,29,116,0,2,9,32,43,20,34,44,61,159,10,36,46,205
10/03/2014,ACY,NJ,AEA,EN,Combined TRACON& Tower with Radar,23,17,22,47,109,0,4,16,31,51,23,21,38,78,160,24,64,88,248
10/04/2014,ACY,NJ,AEA,EN,Combined TRACON& Tower with Radar,23,13,8,0,44,0,3,19,15,37,23,16,27,15,81,16,58,74,155
10/05/2014,ACY,NJ,AEA,EN,Combined TRACON& Tower with Radar,22,21,16,3,62,0,1,38,12,51,22,22,54,15,113,76,26,102,215
10/06/2014,ACY,NJ,AEA,EN,Combined TRACON& Tower with Radar,11,20,25,15,71,0,0,41,14,55,11,20,66,29,126,44,78,122,248
10/07/2014,ACY,NJ,AEA,EN,Combined TRACON& Tower with Radar,23,12,29,17,81,0,0,16,25,41,23,12,45,42,122,24,58,82,204
10/08/2014,ACY,NJ,AEA,EN,Combined TRACON& Tower with Radar,18,17,36,35,106,0,6,46,42,94,18,23,82,77,200,22,110,132,332
10/09/2014,ACY,NJ,AEA,EN,Combined TRACON& Tower with Radar,17,23,35,57,132,1,3,36,27,67,18,26,71,84,199,20,146,166,365
10/10/2014,ACY,NJ,AEA,EN,Combined TRACON& Tower with Radar,25,22,23,29,99,0,2,33,34,69,25,24,56,63,168,26,150,176,344
10/11/2014,ACY,NJ,AEA,EN,Combined TRACON& Tower with Radar,22,19,29,4,74,0,0,17,18,35,22,19,46,22,109,26,68,94,203
10/12/2014,ACY,NJ,AEA,EN,Combined TRACON& Tower with Radar,18,23,27,11,79,0,0,82,12,94,18,23,109,23,173,30,38,68,241
10/13/2014,ACY,NJ,AEA,EN,Combined TRACON& Tower with Radar,23,12,11,0,46,0,0,12,24,36,23,12,23,24,82,14,40,54,136
10/14/2014,ACY,NJ,AEA,EN,Combined TRACON& Tower with Radar,18,16,16,25,75,0,2,32,25,59,18,18,48,50,134,20,64,84,218
10/15/2014,ACY,NJ,AEA,EN,Combined TRACON& Tower with Radar,13,21,20,20,74,0,0,17,42,59,13,21,37,62,133,26,60,86,219
10/16/2014,ACY,NJ,AEA,EN,Combined TRACON& Tower with Radar,24,14,29,27,94,0,0,42,41,83,24,14,71,68,177,40,78,118,295
10/17/2014,ACY,NJ,AEA,EN,Combined TRACON& Tower with Radar,27,14,22,17,80,0,2,44,42,88,27,16,66,59,168,6,68,74,242
10/18/2014,ACY,NJ,AEA,EN,Combined TRACON& Tower with Radar,22,9,8,6,45,0,0,28,16,44,22,9,36,22,89,10,62,72,161
10/19/2014,ACY,NJ,AEA,EN,Combined TRACON& Tower with Radar,26,19,18,13,76,0,1,26,16,43,26,20,44,29,119,10,50,60,179
10/20/2014,ACY,NJ,AEA,EN,Combined TRACON& Tower with Radar,23,12,24,10,69,0,0,28,31,59,23,12,52,41,128,36,88,124,252
10/21/2014,ACY,NJ,AEA,EN,Combined TRACON& Tower with Radar,21,20,19,26,86,0,0,32,18,50,21,20,51,44,136,37,72,109,245
10/22/2014,ACY,NJ,AEA,EN,Combined TRACON& Tower with Radar,23,13,14,25,75,0,0,8,35,43,23,13,22,60,118,2,52,54,172
10/23/2014,ACY,NJ,AEA,EN,Combined TRACON& Tower with Radar,25,16,19,26,86,0,4,15,47,66,25,20,34,73,152,20,78,98,250
10/24/2014,ACY,NJ,AEA,EN,Combined TRACON& Tower with Radar,24,22,25,38,109,0,0,18,24,42,24,22,43,62,151,0,0,0,151
10/25/2014,ACY,NJ,AEA,EN,Combined TRACON& Tower with Radar,21,18,20,1,60,0,2,52,11,65,21,20,72,12,125,60,4,64,189
10/26/2014,ACY,NJ,AEA,EN,Combined TRACON& Tower with Radar,26,25,17,2,70,0,0,30,9,39,26,25,47,11,109,8,72,80,189
10/27/2014,ACY,NJ,AEA,EN,Combined TRACON& Tower with Radar,21,15,3,29,68,0,2,29,24,55,21,17,32,53,123,34,74,108,231
10/28/2014,ACY,NJ,AEA,EN,Combined TRACON& Tower with Radar,20,9,16,16,61,0,6,28,24,58,20,15,44,40,119,48,24,72,191
10/29/2014,ACY,NJ,AEA,EN,Combined TRACON& Tower with Radar,19,23,14,39,95,0,2,21,24,47,19,25,35,63,142,16,76,92,234
10/30/2014,ACY,NJ,AEA,EN,Combined TRACON& Tower with Radar,21,13,23,42,99,0,0,38,29,67,21,13,61,71,166,16,154,170,336
10/31/2014,ACY,NJ,AEA,EN,Combined TRACON& Tower with Radar,19,10,18,13,60,0,0,13,7,20,19,10,31,20,80,16,169,185,265
11/01/2014,ACY,NJ,AEA,EN,Combined TRACON& Tower with Radar,16,12,4,3,35,0,1,15,28,44,16,13,19,31,79,4,64,68,147
11/02/2014,ACY,NJ,AEA,EN,Combined TRACON& Tower with Radar,23,14,5,1,43,0,0,27,32,59,23,14,32,33,102,8,67,75,177
11/03/2014,ACY,NJ,AEA,EN,Combined TRACON& Tower with Radar,38,7,9,23,77,0,2,10,35,47,38,9,19,58,124,12,120,132,256
11/04/2014,ACY,NJ,AEA,EN,Combined TRACON& Tower with Radar,20,22,12,23,77,0,0,35,23,58,20,22,47,46,135,12,156,168,303
11/05/2014,ACY,NJ,AEA,EN,Combined TRACON& Tower with Radar,21,12,17,62,112,0,0,46,39,85,21,12,63,101,197,26,58,84,281
11/06/2014,ACY,NJ,AEA,EN,Combined TRACON& Tower with Radar,20,16,16,12,64,0,0,13,18,31,20,16,29,30,95,12,50,62,157
11/07/2014,ACY,NJ,AEA,EN,Combined TRACON& Tower with Radar,27,21,32,48,128,0,1,17,43,61,27,22,49,91,189,6,204,210,399
11/08/2014,ACY,NJ,AEA,EN,Combined TRACON& Tower with Radar,21,10,23,9,63,0,2,42,15,59,21,12,65,24,122,2,24,26,148
11/09/2014,ACY,NJ,AEA,EN,Combined TRACON& Tower with Radar,30,20,19,7,76,0,0,56,14,70,30,20,75,21,146,26,52,78,224
11/10/2014,ACY,NJ,AEA,EN,Combined TRACON& Tower with Radar,23,6,11,48,88,0,4,22,31,57,23,10,33,79,145,0,114,114,259
11/11/2014,ACY,NJ,AEA,EN,Combined TRACON& Tower with Radar,21,5,20,1,47,0,0,27,31,58,21,5,47,32,105,28,70,98,203
11/12/2014,ACY,NJ,AEA,EN,Combined TRACON& Tower with Radar,23,18,15,48,104,0,1,21,30,52,23,19,36,78,156,12,104,116,272
11/13/2014,ACY,NJ,AEA,EN,Combined TRACON& Tower with Radar,26,12,16,29,83,0,1,29,58,88,26,13,45,87,171,48,102,150,321
11/14/2014,ACY,NJ,AEA,EN,Combined TRACON& Tower with Radar,26,18,30,26,100,0,0,39,40,79,26,18,69,66,179,0,216,216,395
11/15/2014,ACY,NJ,AEA,EN,Combined TRACON& Tower with Radar,25,15,16,1,57,0,0,45,33,78,25,15,61,34,135,4,61,65,200
11/16/2014,ACY,NJ,AEA,EN,Combined TRACON& Tower with Radar,28,28,23,2,81,0,0,31,25,56,28,28,54,27,137,96,32,128,265
11/17/2014,ACY,NJ,AEA,EN,Combined TRACON& Tower with Radar,28,13,10,23,74,0,0,9,13,22,28,13,19,36,96,22,82,104,200
11/18/2014,ACY,NJ,AEA,EN,Combined TRACON& Tower with Radar,24,13,11,50,98,0,0,22,38,60,24,13,33,88,158,20,197,217,375
11/19/2014,ACY,NJ,AEA,EN,Combined TRACON& Tower with Radar,24,19,12,44,99,0,1,48,31,80,24,20,60,75,179,16,86,102,281
11/20/2014,ACY,NJ,AEA,EN,Combined TRACON& Tower with Radar,28,12,15,39,94,0,0,23,34,57,28,12,38,73,151,24,116,140,291
11/21/2014,ACY,NJ,AEA,EN,Combined TRACON& Tower with Radar,33,24,20,49,126,0,0,33,45,78,33,24,53,94,204,20,96,116,320
11/22/2014,ACY,NJ,AEA,EN,Combined TRACON& Tower with Radar,25,12,21,5,63,0,0,51,28,79,25,12,72,33,142,34,82,116,258
11/23/2014,ACY,NJ,AEA,EN,Combined TRACON& Tower with Radar,29,28,19,3,79,0,1,41,39,81,29,29,60,42,160,48,54,102,262
11/24/2014,ACY,NJ,AEA,EN,Combined TRACON& Tower with Radar,29,14,8,55,106,0,0,29,50,79,29,14,37,105,185,16,106,122,307
11/25/2014,ACY,NJ,AEA,EN,Combined TRACON& Tower with Radar,20,10,17,57,104,0,0,23,57,80,20,10,40,114,184,20,130,150,334
11/26/2014,ACY,NJ,AEA,EN,Combined TRACON& Tower with Radar,20,10,5,0,35,0,2,6,20,28,20,12,11,20,63,12,58,70,133
11/27/2014,ACY,NJ,AEA,EN,Combined TRACON& Tower with Radar,26,6,7,2,41,0,1,6,19,26,26,7,13,21,67,8,16,24,91
11/28/2014,ACY,NJ,AEA,EN,Combined TRACON& Tower with Radar,24,23,13,1,61,0,0,12,29,41,24,23,25,30,102,0,82,82,184
11/29/2014,ACY,NJ,AEA,EN,Combined TRACON& Tower with Radar,24,17,16,4,61,0,0,23,4,27,24,17,39,8,88,20,0,20,108
11/30/2014,ACY,NJ,AEA,EN,Combined TRACON& Tower with Radar,28,21,18,2,69,0,2,47,23,72,28,23,65,25,141,20,52,72,213
12/01/2014,ACY,NJ,AEA,EN,Combined TRACON& Tower with Radar,23,5,16,25,69,0,0,20,26,46,23,5,36,51,115,26,74,100,215
12/02/2014,ACY,NJ,AEA,EN,Combined TRACON& Tower with Radar,13,8,5,10,36,0,0,11,21,32,13,8,16,31,68,0,12,12,80
12/03/2014,ACY,NJ,AEA,EN,Combined TRACON& Tower with Radar,12,16,22,40,90,0,0,11,31,42,12,16,33,71,132,0,10,10,142
12/04/2014,ACY,NJ,AEA,EN,Combined TRACON& Tower with Radar,24,11,30,34,99,0,6,30,36,72,24,17,60,70,171,12,106,118,289
12/05/2014,ACY,NJ,AEA,EN,Combined TRACON& Tower with Radar,30,13,18,11,72,0,4,15,40,59,30,17,33,51,131,0,106,106,237
12/06/2014,ACY,NJ,AEA,EN,Combined TRACON& Tower with Radar,27,9,19,21,76,0,0,10,18,28,27,9,29,39,104,14,60,74,178
12/07/2014,ACY,NJ,AEA,EN,Combined TRACON& Tower with Radar,20,22,13,4,59,0,1,8,38,47,20,23,21,42,106,0,94,94,200
12/08/2014,ACY,NJ,AEA,EN,Combined TRACON& Tower with Radar,18,8,15,7,48,0,0,0,21,21,18,8,15,28,69,0,4,4,73
12/09/2014,ACY,NJ,AEA,EN,Combined TRACON& Tower with Radar,14,5,17,4,40,0,0,1,32,33,14,5,18,36,73,20,128,148,221
12/10/2014,ACY,NJ,AEA,EN,Combined TRACON& Tower with Radar,16,9,25,45,95,0,0,23,22,45,16,9,48,67,140,6,26,32,172
12/11/2014,ACY,NJ,AEA,EN,Combined TRACON& Tower with Radar,20,10,13,30,73,0,2,15,34,51,20,12,28,64,124,8,104,112,236
12/12/2014,ACY,NJ,AEA,EN,Combined TRACON& Tower with Radar,28,22,16,56,122,0,0,22,20,42,28,22,38,76,164,24,160,184,348
12/13/2014,ACY,NJ,AEA,EN,Combined TRACON& Tower with Radar,31,18,15,11,75,0,0,24,23,47,31,18,39,34,122,6,72,78,200
12/14/2014,ACY,NJ,AEA,EN,Combined TRACON& Tower with Radar,25,38,17,2,82,0,0,20,21,41,25,38,37,23,123,0,41,41,164
12/15/2014,ACY,NJ,AEA,EN,Combined TRACON& Tower with Radar,23,22,10,25,80,0,0,7,21,28,23,22,17,46,108,14,74,88,196
12/16/2014,ACY,NJ,AEA,EN,Combined TRACON& Tower with Radar,12,10,15,43,80,0,0,13,31,44,12,10,28,74,124,28,110,138,262
12/17/2014,ACY,NJ,AEA,EN,Combined TRACON& Tower with Radar,9,13,28,13,63,0,0,26,31,57,9,13,54,44,120,6,76,82,202
12/18/2014,ACY,NJ,AEA,EN,Combined TRACON& Tower with Radar,23,8,28,66,125,0,3,14,33,50,23,11,42,99,175,5,123,128,303
12/19/2014,ACY,NJ,AEA,EN,Combined TRACON& Tower with Radar,20,5,25,21,71,0,2,18,18,38,20,7,43,39,109,24,154,178,287
12/20/2014,ACY,NJ,AEA,EN,Combined TRACON& Tower with Radar,22,5,17,3,47,0,1,24,16,41,22,6,41,19,88,28,48,76,164
12/21/2014,ACY,NJ,AEA,EN,Combined TRACON& Tower with Radar,20,11,16,2,49,0,2,20,9,31,20,13,36,11,80,10,22,32,112
12/22/2014,ACY,NJ,AEA,EN,Combined TRACON& Tower with Radar,20,2,37,68,127,0,0,10,36,46,20,2,47,104,173,24,130,154,327
12/23/2014,ACY,NJ,AEA,EN,Combined TRACON& Tower with Radar,22,0,16,6,44,0,0,0,0,0,22,0,16,6,44,0,0,0,44
12/24/2014,ACY,NJ,AEA,EN,Combined TRACON& Tower with Radar,22,0,1,0,23,0,0,2,20,22,22,0,3,20,45,0,5,5,50
12/25/2014,ACY,NJ,AEA,EN,Combined TRACON& Tower with Radar,21,1,3,0,25,0,0,4,14,18,21,1,7,14,43,0,6,6,49
12/26/2014,ACY,NJ,AEA,EN,Combined TRACON& Tower with Radar,23,2,11,1,37,0,2,35,12,49,23,4,46,13,86,0,32,32,118
12/27/2014,ACY,NJ,AEA,EN,Combined TRACON& Tower with Radar,20,13,15,2,50,0,2,19,16,37,20,15,34,18,87,40,26,66,153
12/28/2014,ACY,NJ,AEA,EN,Combined TRACON& Tower with Radar,29,10,21,1,61,0,0,12,23,35,29,10,33,24,96,26,28,54,150
12/29/2014,ACY,NJ,AEA,EN,Combined TRACON& Tower with Radar,23,3,28,35,89,0,0,24,45,69,23,3,52,80,158,48,76,124,282
12/30/2014,ACY,NJ,AEA,EN,Combined TRACON& Tower with Radar,29,20,15,15,79,0,1,44,23,68,29,21,59,38,147,8,46,54,201
12/31/2014,ACY,NJ,AEA,EN,Combined TRACON& Tower with Radar,24,6,9,5,44,0,3,24,19,46,24,9,33,24,90,0,32,32,122
01/01/2015,ACY,NJ,AEA,EN,Combined TRACON& Tower with Radar,24,25,8,0,57,0,0,10,21,31,24,25,18,21,88,0,56,56,144
01/02/2015,ACY,NJ,AEA,EN,Combined TRACON& Tower with Radar,27,6,13,13,59,0,0,33,17,50,27,6,46,30,109,14,76,90,199
01/03/2015,ACY,NJ,AEA,EN,Combined TRACON& Tower with Radar,23,5,6,4,38,0,0,7,21,28,23,5,13,25,66,22,66,88,154
01/04/2015,ACY,NJ,AEA,EN,Combined TRACON& Tower with Radar,26,6,13,15,60,0,1,9,34,44,26,7,22,49,104,12,58,70,174
01/05/2015,ACY,NJ,AEA,EN,Combined TRACON& Tower with Radar,26,2,21,10,59,0,0,8,21,29,26,2,29,31,88,18,98,116,204
01/06/2015,ACY,NJ,AEA,EN,Combined TRACON& Tower with Radar,23,6,15,0,44,0,0,0,16,16,23,6,15,16,60,16,12,28,88
01/07/2015,ACY,NJ,AEA,EN,Combined TRACON& Tower with Radar,21,27,12,12,72,0,0,18,37,55,21,27,30,49,127,0,162,162,289
01/08/2015,ACY,NJ,AEA,EN,Combined TRACON& Tower with Radar,26,9,22,22,79,0,0,16,47,63,26,9,38,69,142,10,84,94,236
01/09/2015,ACY,NJ,AEA,EN,Combined TRACON& Tower with Radar,27,4,11,29,71,0,2,9,46,57,27,6,20,75,128,36,64,100,228
01/10/2015,ACY,NJ,AEA,EN,Combined TRACON& Tower with Radar,23,9,11,20,63,0,1,19,28,48,23,10,30,48,111,4,56,60,171
01/11/2015,ACY,NJ,AEA,EN,Combined TRACON& Tower with Radar,26,9,14,11,60,0,1,21,29,51,26,10,35,40,111,16,84,100,211
01/12/2015,ACY,NJ,AEA,EN,Combined TRACON& Tower with Radar,24,4,5,17,50,0,0,1,16,17,24,4,6,33,67,12,46,58,125
01/13/2015,ACY,NJ,AEA,EN,Combined TRACON& Tower with Radar,23,3,24,65,115,0,0,12,24,36,23,3,36,89,151,40,117,157,308
01/14/2015,ACY,NJ,AEA,EN,Combined TRACON& Tower with Radar,21,5,6,26,58,0,0,6,34,40,21,5,12,60,98,36,88,124,222
01/15/2015,ACY,NJ,AEA,EN,Combined TRACON& Tower with Radar,28,8,43,59,138,0,1,32,59,92,28,9,75,118,230,50,252,302,532
01/16/2015,ACY,NJ,AEA,EN,Combined TRACON& Tower with Radar,25,14,13,30,82,0,0,15,35,50,25,14,28,65,132,12,82,94,226
01/17/2015,ACY,NJ,AEA,EN,Combined TRACON& Tower with Radar,26,12,23,5,66,0,0,43,24,67,26,12,66,29,133,24,52,76,209
01/18/2015,ACY,NJ,AEA,EN,Combined TRACON& Tower with Radar,25,20,7,16,68,0,1,2,8,11,25,21,9,24,79,0,22,22,101
01/19/2015,ACY,NJ,AEA,EN,Combined TRACON& Tower with Radar,23,6,11,3,43,0,0,17,21,38,23,6,28,24,81,20,134,154,235
01/20/2015,ACY,NJ,AEA,EN,Combined TRACON& Tower with Radar,28,6,15,43,92,0,0,52,70,122,28,6,67,113,214,23,60,83,297
01/21/2015,ACY,NJ,AEA,EN,Combined TRACON& Tower with Radar,21,6,16,18,61,0,0,14,7,21,21,6,30,25,82,14,92,106,188
01/22/2015,ACY,NJ,AEA,EN,Combined TRACON& Tower with Radar,27,10,8,37,82,0,0,7,33,40,27,10,15,70,122,0,30,30,152
01/23/2015,ACY,NJ,AEA,EN,Combined TRACON& Tower with Radar,29,18,37,33,117,0,2,85,45,132,29,20,122,78,249,38,190,228,477
01/24/2015,ACY,NJ,AEA,EN,Combined TRACON& Tower with Radar,24,11,19,0,54,0,0,3,6,9,24,11,22,6,63,0,16,16,79
01/25/2015,ACY,NJ,AEA,EN,Combined TRACON& Tower with Radar,25,16,40,2,83,0,0,42,27,69,25,16,82,29,152,4,58,62,214
01/26/2015,ACY,NJ,AEA,EN,Combined TRACON& Tower with Radar,23,4,5,0,32,0,0,0,12,12,23,4,5,12,44,28,72,100,144
01/27/2015,ACY,NJ,AEA,EN,Combined TRACON& Tower with Radar,16,0,8,13,37,0,0,1,17,18,16,0,9,30,55,0,92,92,147
01/28/2015,ACY,NJ,AEA,EN,Combined TRACON& Tower with Radar,25,6,36,47,114,0,2,20,48,70,25,8,56,95,184,11,92,103,287
01/29/2015,ACY,NJ,AEA,EN,Combined TRACON& Tower with Radar,26,12,25,43,106,0,1,23,32,56,26,13,48,75,162,2,52,54,216
01/30/2015,ACY,NJ,AEA,EN,Combined TRACON& Tower with Radar,26,15,6,34,81,0,0,7,36,43,26,15,13,70,124,8,82,90,214
01/31/2015,ACY,NJ,AEA,EN,Combined TRACON& Tower with Radar,24,7,6,3,40,0,0,28,17,45,24,7,34,20,85,6,18,24,109
02/01/2015,ACY,NJ,AEA,EN,Combined TRACON& Tower with Radar,28,13,19,4,64,0,0,26,13,39,28,13,45,17,103,30,30,60,163
02/02/2015,ACY,NJ,AEA,EN,Combined TRACON& Tower with Radar,27,8,9,0,44,0,0,3,19,22,27,8,12,19,66,0,74,74,140
02/03/2015,ACY,NJ,AEA,EN,Combined TRACON& Tower with Radar,21,10,11,146,188,0,0,4,28,32,21,10,15,174,220,24,263,287,507
02/04/2015,ACY,NJ,AEA,EN,Combined TRACON& Tower with Radar,28,4,19,31,82,0,2,18,53,73,28,6,37,84,155,16,62,78,233
02/05/2015,ACY,NJ,AEA,EN,Combined TRACON& Tower with Radar,25,7,8,31,71,0,1,9,48,58,25,8,17,79,129,1,164,165,294
02/06/2015,ACY,NJ,AEA,EN,Combined TRACON& Tower with Radar,29,9,25,29,92,0,2,27,27,56,29,11,52,56,148,16,92,108,256
02/07/2015,ACY,NJ,AEA,EN,Combined TRACON& Tower with Radar,26,8,27,36,97,0,0,46,20,66,26,8,73,56,163,12,72,84,247
02/08/2015,ACY,NJ,AEA,EN,Combined TRACON& Tower with Radar,21,11,27,34,93,0,0,87,16,103,21,11,114,50,196,78,118,196,392
02/09/2015,ACY,NJ,AEA,EN,Combined TRACON& Tower with Radar,29,7,5,0,41,0,0,1,9,10,29,7,6,9,51,10,36,46,97
02/10/2015,ACY,NJ,AEA,EN,Combined TRACON& Tower with Radar,23,8,26,22,79,0,0,19,39,58,23,8,45,61,137,18,114,132,269
02/11/2015,ACY,NJ,AEA,EN,Combined TRACON& Tower with Radar,22,11,30,41,104,0,0,20,30,50,22,11,50,71,154,0,115,115,269
02/12/2015,ACY,NJ,AEA,EN,Combined TRACON& Tower with Radar,28,12,12,39,91,0,2,11,39,52,28,14,23,78,143,0,70,70,213
02/13/2015,ACY,NJ,AEA,EN,Combined TRACON& Tower with Radar,28,18,9,29,84,1,1,24,46,72,29,19,33,75,156,10,98,108,264
02/14/2015,ACY,NJ,AEA,EN,Combined TRACON& Tower with Radar,24,12,7,4,47,0,0,5,14,19,24,12,12,18,66,0,32,32,98
02/15/2015,ACY,NJ,AEA,EN,Combined TRACON& Tower with Radar,32,15,2,2,51,0,0,2,26,28,32,15,4,28,79,6,32,38,117
02/16/2015,ACY,NJ,AEA,EN,Combined TRACON& Tower with Radar,28,7,13,5,53,0,1,20,11,32,28,8,33,16,85,0,22,22,107
02/17/2015,ACY,NJ,AEA,EN,Combined TRACON& Tower with Radar,23,0,6,7,36,0,0,3,7,10,23,0,9,14,46,0,4,4,50
02/18/2015,ACY,NJ,AEA,EN,Combined TRACON& Tower with Radar,24,17,5,38,84,0,2,6,41,49,24,19,11,79,133,4,48,52,185
02/19/2015,ACY,NJ,AEA,EN,Combined TRACON& Tower with Radar,27,13,16,61,117,0,1,6,38,45,27,14,22,99,162,0,130,130,292
02/20/2015,ACY,NJ,AEA,EN,Combined TRACON& Tower with Radar,29,8,9,58,104,0,0,13,20,33,29,8,22,78,137,5,87,92,229
02/21/2015,ACY,NJ,AEA,EN,Combined TRACON& Tower with Radar,20,9,4,1,34,0,0,8,10,18,20,9,12,11,52,0,56,56,108
02/22/2015,ACY,NJ,AEA,EN,Combined TRACON& Tower with Radar,31,11,10,5,57,0,0,5,3,8,31,11,15,8,65,0,28,28,93
02/23/2015,ACY,NJ,AEA,EN,Combined TRACON& Tower with Radar,29,8,70,47,154,0,0,23,52,75,29,8,93,99,229,38,170,208,437
02/24/2015,ACY,NJ,AEA,EN,Combined TRACON& Tower with Radar,25,9,27,105,166,0,2,23,41,66,25,11,50,146,232,10,234,244,476
02/25/2015,ACY,NJ,AEA,EN,Combined TRACON& Tower with Radar,24,13,34,101,172,0,1,18,42,61,24,14,52,143,233,38,116,154,387
02/26/2015,ACY,NJ,AEA,EN,Combined TRACON& Tower with Radar,28,9,7,19,63,0,0,3,13,16,28,9,10,32,79,0,0,0,79
02/27/2015,ACY,NJ,AEA,EN,Combined TRACON& Tower with Radar,27,14,10,16,67,0,3,17,26,46,27,17,27,42,113,22,84,106,219
02/28/2015,ACY,NJ,AEA,EN,Combined TRACON& Tower with Radar,20,11,13,3,47,0,2,57,15,74,20,13,70,18,121,28,48,76,197
03/01/2015,ACY,NJ,AEA,EN,Combined TRACON& Tower with Radar,28,27,3,2,60,0,1,15,18,34,28,28,18,20,94,12,36,48,142
03/02/2015,ACY,NJ,AEA,EN,Combined TRACON& Tower with Radar,22,14,30,32,98,0,1,3,35,39,22,15,33,67,137,0,142,142,279
03/03/2015,ACY,NJ,AEA,EN,Combined TRACON& Tower with Radar,27,5,13,17,62,0,0,14,30,44,27,5,27,47,106,0,74,74,180
03/04/2015,ACY,NJ,AEA,EN,Combined TRACON& Tower with Radar,28,9,3,20,60,0,0,2,18,20,28,9,5,38,80,0,40,40,120
03/05/2015,ACY,NJ,AEA,EN,Combined TRACON& Tower with Radar,26,3,0,1,30,0,0,5,8,13,26,3,5,9,43,0,22,22,65
03/06/2015,ACY,NJ,AEA,EN,Combined TRACON& Tower with Radar,27,4,20,9,60,0,1,7,16,24,27,5,27,25,84,13,0,13,97
03/07/2015,ACY,NJ,AEA,EN,Combined TRACON& Tower with Radar,25,9,28,16,78,0,0,39,10,49,25,9,67,26,127,10,51,61,188
03/08/2015,ACY,NJ,AEA,EN,Combined TRACON& Tower with Radar,28,8,19,14,69,0,0,54,15,69,28,8,73,29,138,17,26,43,181
03/09/2015,ACY,NJ,AEA,EN,Combined TRACON& Tower with Radar,21,3,21,35,80,0,0,28,30,58,21,3,49,65,138,10,114,124,262
03/10/2015,ACY,NJ,AEA,EN,Combined TRACON& Tower with Radar,27,8,21,62,118,0,0,5,31,36,27,8,26,93,154,0,116,116,270
03/11/2015,ACY,NJ,AEA,EN,Combined TRACON& Tower with Radar,24,8,6,22,60,0,0,12,29,41,24,8,18,51,101,12,51,63,164
03/12/2015,ACY,NJ,AEA,EN,Combined TRACON& Tower with Radar,29,16,26,28,99,0,1,31,43,75,29,17,57,71,174,14,74,88,262
03/13/2015,ACY,NJ,AEA,EN,Combined TRACON& Tower with Radar,30,16,41,53,140,0,3,62,52,117,30,19,103,105,257,16,88,104,361
03/14/2015,ACY,NJ,AEA,EN,Combined TRACON& Tower with Radar,27,17,8,2,54,0,0,0,6,6,27,17,8,8,60,0,54,54,114
03/15/2015,ACY,NJ,AEA,EN,Combined TRACON& Tower with Radar,27,24,16,4,71,0,0,15,5,20,27,24,31,9,91,8,20,28,119
03/16/2015,ACY,NJ,AEA,EN,Combined TRACON& Tower with Radar,30,13,7,67,117,0,0,21,35,56,30,13,28,102,173,4,44,48,221
03/17/2015,ACY,NJ,AEA,EN,Combined TRACON& Tower with Radar,27,6,16,47,96,0,2,14,19,35,27,8,30,66,131,12,66,78,209
03/18/2015,ACY,NJ,AEA,EN,Combined TRACON& Tower with Radar,27,12,18,65,122,0,11,21,33,65,27,23,39,98,187,18,164,182,369
03/19/2015,ACY,NJ,AEA,EN,Combined TRACON& Tower with Radar,29,13,23,18,83,0,2,48,22,72,29,15,71,40,155,11,41,52,207
03/20/2015,ACY,NJ,AEA,EN,Combined TRACON& Tower with Radar,25,6,2,0,33,0,0,0,11,11,25,6,2,11,44,2,20,22,66
03/21/2015,ACY,NJ,AEA,EN,Combined TRACON& Tower with Radar,30,12,25,18,85,0,1,30,13,44,30,13,55,31,129,0,40,40,169
03/22/2015,ACY,NJ,AEA,EN,Combined TRACON& Tower with Radar,30,12,24,12,78,0,0,48,34,82,30,12,72,46,160,30,20,50,210
03/23/2015,ACY,NJ,AEA,EN,Combined TRACON& Tower with Radar,29,10,13,68,120,0,3,99,55,157,29,13,112,123,277,58,98,156,433
03/24/2015,ACY,NJ,AEA,EN,Combined TRACON& Tower with Radar,29,14,23,63,129,1,0,30,39,70,30,14,53,102,199,0,168,168,367
03/25/2015,ACY,NJ,AEA,EN,Combined TRACON& Tower with Radar,24,7,8,27,66,0,0,18,24,42,24,7,26,51,108,4,52,56,164
03/26/2015,ACY,NJ,AEA,EN,Combined TRACON& Tower with Radar,26,12,9,14,61,0,0,0,5,5,26,12,9,19,66,2,0,2,68
03/27/2015,ACY,NJ,AEA,EN,Combined TRACON& Tower with Radar,31,24,26,8,89,0,0,15,48,63,31,24,41,56,152,6,22,28,180
03/28/2015,ACY,NJ,AEA,EN,Combined TRACON& Tower with Radar,26,24,16,1,67,0,0,30,16,46,26,24,46,17,113,22,24,46,159
03/29/2015,ACY,NJ,AEA,EN,Combined TRACON& Tower with Radar,30,32,27,13,102,0,0,39,14,53,30,32,66,27,155,20,36,56,211
03/30/2015,ACY,NJ,AEA,EN,Combined TRACON& Tower with Radar,26,7,33,16,82,0,1,34,43,78,26,8,67,59,160,39,93,132,292
03/31/2015,ACY,NJ,AEA,EN,Combined TRACON& Tower with Radar,24,13,38,63,138,0,1,8,17,26,24,14,46,80,164,14,152,166,330
04/01/2015,ACY,NJ,AEA,EN,Combined TRACON& Tower with Radar,23,7,25,43,98,0,2,17,41,60,23,9,42,84,158,2,106,108,266
04/02/2015,ACY,NJ,AEA,EN,Combined TRACON& Tower with Radar,27,8,20,21,76,0,0,17,30,47,27,8,37,51,123,0,56,56,179
04/03/2015,ACY,NJ,AEA,EN,Combined TRACON& Tower with Radar,26,3,22,20,71,0,0,15,17,32,26,3,37,37,103,0,31,31,134
04/04/2015,ACY,NJ,AEA,EN,Combined TRACON& Tower with Radar,28,5,10,1,44,0,0,2,16,18,28,5,12,17,62,0,58,58,120
04/05/2015,ACY,NJ,AEA,EN,Combined TRACON& Tower with Radar,24,3,10,7,44,0,1,27,7,35,24,4,37,14,79,8,0,8,87
04/06/2015,ACY,NJ,AEA,EN,Combined TRACON& Tower with Radar,23,11,23,35,92,0,0,22,30,52,23,11,45,65,144,32,86,118,262
04/07/2015,ACY,NJ,AEA,EN,Combined TRACON& Tower with Radar,24,7,23,17,71,0,2,20,16,38,24,9,43,33,109,64,83,147,256
04/08/2015,ACY,NJ,AEA,EN,Combined TRACON& Tower with Radar,23,11,20,5,59,0,0,0,9,9,23,11,20,14,68,0,0,0,68
04/09/2015,ACY,NJ,AEA,EN,Combined TRACON& Tower with Radar,28,9,36,13,86,0,0,2,18,20,28,9,38,31,106,0,60,60,166
04/10/2015,ACY,NJ,AEA,EN,Combined TRACON& Tower with Radar,29,15,14,11,69,0,0,5,7,12,29,15,19,18,81,0,0,0,81
04/11/2015,ACY,NJ,AEA,EN,Combined TRACON& Tower with Radar,24,10,13,28,75,0,0,19,6,25,24,10,32,34,100,0,72,72,172
04/12/2015,ACY,NJ,AEA,EN,Combined TRACON& Tower with Radar,29,22,19,5,75,0,0,43,6,49,29,22,62,11,124,46,26,72,196
04/13/2015,ACY,NJ,AEA,EN,Combined TRACON& Tower with Radar,27,11,24,107,169,0,2,33,21,56,27,13,57,128,225,18,254,272,497
04/14/2015,ACY,NJ,AEA,EN,Combined TRACON& Tower with Radar,27,8,14,18,67,0,0,4,24,28,27,8,18,42,95,0,20,20,115
04/15/2015,ACY,NJ,AEA,EN,Combined TRACON& Tower with Radar,25,23,24,40,112,0,0,36,24,60,25,23,60,64,172,10,66,76,248
04/16/2015,ACY,NJ,AEA,EN,Combined TRACON& Tower with Radar,27,8,26,46,107,0,0,33,29,62,27,8,59,75,169,30,68,98,267
04/17/2015,ACY,NJ,AEA,EN,Combined TRACON& Tower with Radar,32,10,38,39,119,0,1,8,23,32,32,11,46,62,151,4,74,78,229
04/18/2015,ACY,NJ,AEA,EN,Combined TRACON& Tower with Radar,27,10,24,11,72,0,0,70,18,88,27,10,94,29,160,18,100,118,278
04/19/2015,ACY,NJ,AEA,EN,Combined TRACON& Tower with Radar,29,17,22,2,70,0,3,23,32,58,29,20,45,34,128,0,84,84,212
04/20/2015,ACY,NJ,AEA,EN,Combined TRACON& Tower with Radar,31,7,7,17,62,0,0,1,5,6,31,7,8,22,68,0,70,70,138
04/21/2015,ACY,NJ,AEA,EN,Combined TRACON& Tower with Radar,27,7,21,56,111,1,7,15,16,39,28,14,36,72,150,4,116,120,270
04/22/2015,ACY,NJ,AEA,EN,Combined TRACON& Tower with Radar,25,10,14,36,85,0,3,32,26,61,25,13,46,62,146,40,50,90,236
04/23/2015,ACY,NJ,AEA,EN,Combined TRACON& Tower with Radar,31,15,6,43,95,0,0,24,20,44,31,15,30,63,139,14,40,54,193
04/24/2015,ACY,NJ,AEA,EN,Combined TRACON& Tower with Radar,31,15,35,43,124,0,2,26,29,57,31,17,61,72,181,2,100,102,283
04/25/2015,ACY,NJ,AEA,EN,Combined TRACON& Tower with Radar,27,12,30,3,72,0,2,57,19,78,27,14,87,22,150,14,34,48,198
04/26/2015,ACY,NJ,AEA,EN,Combined TRACON& Tower with Radar,32,17,29,0,78,0,2,40,25,67,32,19,69,25,145,10,56,66,211
04/27/2015,ACY,NJ,AEA,EN,Combined TRACON& Tower with Radar,28,10,26,157,221,0,2,47,48,97,28,12,73,205,318,6,248,254,572
04/28/2015,ACY,NJ,AEA,EN,Combined TRACON& Tower with Radar,27,10,13,108,158,0,1,21,23,45,27,11,34,131,203,4,180,184,387
04/29/2015,ACY,NJ,AEA,EN,Combined TRACON& Tower with Radar,37,8,32,51,128,0,3,37,49,89,37,11,69,100,217,4,55,59,276
04/30/2015,ACY,NJ,AEA,EN,Combined TRACON& Tower with Radar,28,11,35,77,151,0,1,48,68,117,28,12,83,145,268,14,112,126,394
05/01/2015,ACY,NJ,AEA,EN,Combined TRACON& Tower with Radar,28,8,15,4,55,0,1,23,38,62,28,9,38,42,117,14,34,48,165
05/02/2015,ACY,NJ,AEA,EN,Combined TRACON& Tower with Radar,28,7,18,24,77,0,2,26,17,45,28,9,44,41,122,14,26,40,162
05/03/2015,ACY,NJ,AEA,EN,Combined TRACON& Tower with Radar,29,10,30,7,76,0,0,46,11,57,29,10,76,18,133,20,68,88,221
05/04/2015,ACY,NJ,AEA,EN,Combined TRACON& Tower with Radar,25,10,12,23,70,0,3,29,24,56,25,13,41,47,126,12,40,52,178
05/05/2015,ACY,NJ,AEA,EN,Combined TRACON& Tower with Radar,27,8,12,84,131,0,8,24,25,57,27,16,36,109,188,20,110,130,318
05/06/2015,ACY,NJ,AEA,EN,Combined TRACON& Tower with Radar,21,10,13,48,92,0,3,45,31,79,21,13,58,79,171,0,116,116,287
05/07/2015,ACY,NJ,AEA,EN,Combined TRACON& Tower with Radar,30,13,28,11,82,0,1,28,25,54,30,14,56,36,136,24,42,66,202
05/08/2015,ACY,NJ,AEA,EN,Combined TRACON& Tower with Radar,23,11,28,10,72,0,1,47,37,85,23,12,75,47,157,2,40,42,199
05/09/2015,ACY,NJ,AEA,EN,Combined TRACON& Tower with Radar,22,5,24,6,57,0,0,4,21,25,22,5,28,27,82,0,56,56,138
05/10/2015,ACY,NJ,AEA,EN,Combined TRACON& Tower with Radar,25,10,24,0,59,0,0,6,21,27,25,10,30,21,86,20,42,62,148
05/11/2015,ACY,NJ,AEA,EN,Combined TRACON& Tower with Radar,22,6,15,19,62,0,0,7,40,47,22,6,22,59,109,12,50,62,171
05/12/2015,ACY,NJ,AEA,EN,Combined TRACON& Tower with Radar,26,7,38,17,88,0,1,17,65,83,26,8,55,82,171,20,24,44,215
05/13/2015,ACY,NJ,AEA,EN,Combined TRACON& Tower with Radar,24,9,19,27,79,0,2,41,42,85,24,11,60,69,164,0,46,46,210
05/14/2015,ACY,NJ,AEA,EN,Combined TRACON& Tower with Radar,25,13,43,70,151,0,3,66,31,100,25,16,109,101,251,34,102,136,387
05/15/2015,ACY,NJ,AEA,EN,Combined TRACON& Tower with Radar,28,29,46,18,121,0,0,40,30,70,28,29,86,48,191,14,40,54,245
05/16/2015,ACY,NJ,AEA,EN,Combined TRACON& Tower with Radar,22,19,17,10,68,0,0,23,11,34,22,19,40,21,102,6,36,42,144
05/17/2015,ACY,NJ,AEA,EN,Combined TRACON& Tower with Radar,24,47,16,15,102,0,4,16,9,29,24,51,32,24,131,0,28,28,159
05/18/2015,ACY,NJ,AEA,EN,Combined TRACON& Tower with Radar,37,8,21,32,98,0,1,24,21,46,37,9,45,53,144,40,50,90,234
05/19/2015,ACY,NJ,AEA,EN,Combined TRACON& Tower with Radar,25,7,28,64,124,0,8,10,20,38,25,15,38,84,162,10,28,38,200
05/20/2015,ACY,NJ,AEA,EN,Combined TRACON& Tower with Radar,24,11,50,94,179,0,2,30,38,70,24,13,80,132,249,8,88,96,345
05/21/2015,ACY,NJ,AEA,EN,Combined TRACON& Tower with Radar,40,7,42,56,145,0,1,25,24,50,40,8,67,80,195,11,46,57,252
05/22/2015,ACY,NJ,AEA,EN,Combined TRACON& Tower with Radar,36,22,26,13,97,0,3,34,20,57,36,25,60,33,154,10,41,51,205
05/23/2015,ACY,NJ,AEA,EN,Combined TRACON& Tower with Radar,34,21,27,3,85,0,3,52,35,90,34,24,79,38,175,20,104,124,299
05/24/2015,ACY,NJ,AEA,EN,Combined TRACON& Tower with Radar,37,17,9,0,63,0,5,31,11,47,37,22,40,11,110,0,68,68,178
05/25/2015,ACY,NJ,AEA,EN,Combined TRACON& Tower with Radar,34,18,11,0,63,0,3,17,14,34,34,21,28,14,97,2,8,10,107
05/26/2015,ACY,NJ,AEA,EN,Combined TRACON& Tower with Radar,25,27,20,71,143,0,5,33,24,62,25,32,53,95,205,9,15,24,229
05/27/2015,ACY,NJ,AEA,EN,Combined TRACON& Tower with Radar,25,10,41,46,122,0,0,42,37,79,25,10,83,83,201,16,101,117,318
05/28/2015,ACY,NJ,AEA,EN,Combined TRACON& Tower with Radar,33,12,45,88,178,0,3,60,62,125,33,15,105,150,303,26,112,138,441
05/29/2015,ACY,NJ,AEA,EN,Combined TRACON& Tower with Radar,31,12,23,98,164,0,3,33,30,66,31,15,56,128,230,14,164,178,408
05/30/2015,ACY,NJ,AEA,EN,Combined TRACON& Tower with Radar,32,9,18,4,63,0,1,38,24,63,32,10,56,28,126,2,14,16,142
05/31/2015,ACY,NJ,AEA,EN,Combined TRACON& Tower with Radar,28,21,17,4,70,0,0,21,3,24,28,21,38,7,94,34,8,42,136
06/01/2015,ACY,NJ,AEA,EN,Combined TRACON& Tower with Radar,34,5,30,71,140,0,0,2,18,20,34,5,32,89,160,4,92,96,256
06/02/2015,ACY,NJ,AEA,EN,Combined TRACON& Tower with Radar,28,7,12,24,71,0,0,1,8,9,28,7,13,32,80,0,0,0,80
06/03/2015,ACY,NJ,AEA,EN,Combined TRACON& Tower with Radar,25,6,33,5,69,0,0,18,20,38,25,6,51,25,107,52,26,78,185
06/04/2015,ACY,NJ,AEA,EN,Combined TRACON& Tower with Radar,30,6,30,34,100,0,0,8,22,30,30,6,38,56,130,0,140,140,270
06/05/2015,ACY,NJ,AEA,EN,Combined TRACON& Tower with Radar,33,20,34,38,125,0,0,3,24,27,33,20,37,62,152,0,24,24,176
06/06/2015,ACY,NJ,AEA,EN,Combined TRACON& Tower with Radar,31,10,22,3,66,0,0,25,5,30,31,10,47,8,96,16,0,16,112
06/07/2015,ACY,NJ,AEA,EN,Combined TRACON& Tower with Radar,29,22,20,1,72,0,0,49,15,64,29,22,69,16,136,16,32,48,184
06/08/2015,ACY,NJ,AEA,EN,Combined TRACON& Tower with Radar,29,8,21,19,77,0,1,41,26,68,29,9,62,45,145,0,10,10,155
06/09/2015,ACY,NJ,AEA,EN,Combined TRACON& Tower with Radar,23,11,18,33,85,0,0,21,25,46,23,11,39,58,131,0,18,18,149
06/10/2015,ACY,NJ,AEA,EN,Combined TRACON& Tower with Radar,23,9,29,63,124,0,0,47,36,83,23,9,76,99,207,16,78,94,301
06/11/2015,ACY,NJ,AEA,EN,Combined TRACON& Tower with Radar,32,26,29,50,137,0,1,23,35,59,32,27,52,85,196,10,62,72,268
06/12/2015,ACY,NJ,AEA,EN,Combined TRACON& Tower with Radar,32,52,25,19,128,0,0,33,20,53,32,52,58,39,181,12,36,48,229
06/13/2015,ACY,NJ,AEA,EN,Combined TRACON& Tower with Radar,27,11,14,7,59,0,1,23,22,46,27,12,37,29,105,16,32,48,153
06/14/2015,ACY,NJ,AEA,EN,Combined TRACON& Tower with Radar,30,25,34,6,95,0,1,27,16,44,30,26,61,22,139,10,68,78,217
06/15/2015,ACY,NJ,AEA,EN,Combined TRACON& Tower with Radar,32,13,10,55,110,0,2,26,23,51,32,15,36,78,161,0,32,32,193
06/16/2015,ACY,NJ,AEA,EN,Combined TRACON& Tower with Radar,23,21,11,23,78,0,0,12,38,50,23,21,23,61,128,14,48,62,190
06/17/2015,ACY,NJ,AEA,EN,Combined TRACON& Tower with Radar,23,11,40,51,125,0,1,47,40,88,23,12,87,91,213,0,68,68,281
06/18/2015,ACY,NJ,AEA,EN,Combined TRACON& Tower with Radar,28,17,33,52,130,0,0,14,24,38,28,17,47,76,168,24,56,80,248
06/19/2015,ACY,NJ,AEA,EN,Combined TRACON& Tower with Radar,38,19,16,28,101,0,2,25,19,46,38,21,41,47,147,0,48,48,195
06/20/2015,ACY,NJ,AEA,EN,Combined TRACON& Tower with Radar,31,8,18,3,60,0,0,13,10,23,31,8,31,13,83,34,18,52,135
06/21/2015,ACY,NJ,AEA,EN,Combined TRACON& Tower with Radar,36,18,15,1,70,0,1,10,5,16,36,19,25,6,86,18,9,27,113
06/22/2015,ACY,NJ,AEA,EN,Combined TRACON& Tower with Radar,28,7,41,48,124,0,0,48,16,64,28,7,89,64,188,8,60,68,256
06/23/2015,ACY,NJ,AEA,EN,Combined TRACON& Tower with Radar,22,14,29,59,124,0,1,38,8,47,22,15,67,67,171,20,102,122,293
06/24/2015,ACY,NJ,AEA,EN,Combined TRACON& Tower with Radar,31,38,32,114,215,0,5,54,33,92,31,43,86,147,307,24,136,160,467
06/25/2015,ACY,NJ,AEA,EN,Combined TRACON& Tower with Radar,29,20,25,35,109,0,0,34,24,58,29,20,59,59,167,14,46,60,227
06/26/2015,ACY,NJ,AEA,EN,Combined TRACON& Tower with Radar,35,33,50,19,137,0,4,29,13,46,35,37,79,32,183,82,14,96,279
06/27/2015,ACY,NJ,AEA,EN,Combined TRACON& Tower with Radar,30,11,24,2,67,0,1,6,16,23,30,12,30,18,90,0,0,0,90
06/28/2015,ACY,NJ,AEA,EN,Combined TRACON& Tower with Radar,34,28,29,4,95,0,0,31,15,46,34,28,60,19,141,0,20,20,161
06/29/2015,ACY,NJ,AEA,EN,Combined TRACON& Tower with Radar,33,21,44,47,145,0,0,63,47,110,33,21,107,94,255,34,118,152,407
06/30/2015,ACY,NJ,AEA,EN,Combined TRACON& Tower with Radar,26,17,26,78,147,0,2,33,23,58,26,19,59,101,205,23,73,96,301
07/01/2015,ACY,NJ,AEA,EN,Combined TRACON& Tower with Radar,23,24,24,23,94,0,0,52,30,82,23,24,76,53,176,20,62,82,258
07/02/2015,ACY,NJ,AEA,EN,Combined TRACON& Tower with Radar,27,18,25,23,93,0,0,6,8,14,27,18,31,31,107,0,0,0,107
07/03/2015,ACY,NJ,AEA,EN,Combined TRACON& Tower with Radar,32,20,19,7,78,0,2,44,5,51,32,22,63,12,129,16,16,32,161
07/04/2015,ACY,NJ,AEA,EN,Combined TRACON& Tower with Radar,23,14,15,3,55,0,1,17,13,31,23,15,32,16,86,20,20,40,126
07/05/2015,ACY,NJ,AEA,EN,Combined TRACON& Tower with Radar,30,20,34,0,84,0,0,40,12,52,30,20,74,12,136,62,24,86,222
07/06/2015,ACY,NJ,AEA,EN,Combined TRACON& Tower with Radar,31,8,27,35,101,0,0,11,28,39,31,8,38,63,140,2,42,44,184
07/07/2015,ACY,NJ,AEA,EN,Combined TRACON& Tower with Radar,25,11,30,36,102,0,0,34,27,61,25,11,64,63,163,0,48,48,211
07/08/2015,ACY,NJ,AEA,EN,Combined TRACON& Tower with Radar,23,7,20,38,88,0,0,21,22,43,23,7,41,60,131,0,28,28,159
07/09/2015,ACY,NJ,AEA,EN,Combined TRACON& Tower with Radar,34,15,26,14,89,0,0,12,27,39,34,15,38,41,128,0,8,8,136
07/10/2015,ACY,NJ,AEA,EN,Combined TRACON& Tower with Radar,44,9,29,49,131,0,2,46,44,92,44,11,75,93,223,36,100,136,359
07/11/2015,ACY,NJ,AEA,EN,Combined TRACON& Tower with Radar,31,9,33,1,74,0,0,30,24,54,31,9,63,25,128,12,82,94,222
07/12/2015,ACY,NJ,AEA,EN,Combined TRACON& Tower with Radar,28,13,20,1,62,0,2,31,19,52,28,15,51,20,114,0,28,28,142
07/13/2015,ACY,NJ,AEA,EN,Combined TRACON& Tower with Radar,28,4,8,15,55,0,2,22,18,42,28,6,30,33,97,16,6,22,119
07/14/2015,ACY,NJ,AEA,EN,Combined TRACON& Tower with Radar,30,14,31,11,86,0,0,6,9,15,30,14,37,20,101,1,17,18,119
07/15/2015,ACY,NJ,AEA,EN,Combined TRACON& Tower with Radar,23,15,9,5,52,0,1,8,17,26,23,16,17,22,78,18,56,74,152
07/16/2015,ACY,NJ,AEA,EN,Combined TRACON& Tower with Radar,33,13,26,32,104,0,2,59,17,78,33,15,85,49,182,2,54,56,238
07/17/2015,ACY,NJ,AEA,EN,Combined TRACON& Tower with Radar,30,24,32,27,113,0,1,22,24,47,30,25,54,51,160,24,54,78,238
07/18/2015,ACY,NJ,AEA,EN,Combined TRACON& Tower with Radar,32,15,30,31,108,0,1,22,23,46,32,16,52,54,154,60,74,134,288
07/19/2015,ACY,NJ,AEA,EN,Combined TRACON& Tower with Radar,33,23,32,2,90,0,3,39,9,51,33,26,71,11,141,18,10,28,169
07/20/2015,ACY,NJ,AEA,EN,Combined TRACON& Tower with Radar,31,12,43,10,96,1,0,18,23,42,32,12,61,33,138,8,52,60,198
07/21/2015,ACY,NJ,AEA,EN,Combined TRACON& Tower with Radar,26,11,26,29,92,0,0,9,11,20,26,11,35,40,112,5,36,41,153
07/22/2015,ACY,NJ,AEA,EN,Combined TRACON& Tower with Radar,26,10,31,11,78,0,2,43,26,71,26,12,74,37,149,4,12,16,165
07/23/2015,ACY,NJ,AEA,EN,Combined TRACON& Tower with Radar,30,17,52,63,162,0,2,43,40,85,30,19,95,103,247,18,68,86,333
07/24/2015,ACY,NJ,AEA,EN,Combined TRACON& Tower with Radar,32,17,34,16,99,0,0,41,19,60,32,17,75,35,159,34,112,146,305
07/25/2015,ACY,NJ,AEA,EN,Combined TRACON& Tower with Radar,26,21,22,1,70,0,5,35,16,56,26,26,57,17,126,38,88,126,252
07/26/2015,ACY,NJ,AEA,EN,Combined TRACON& Tower with Radar,34,23,37,4,98,0,1,41,16,58,34,24,78,20,156,10,42,52,208
07/27/2015,ACY,NJ,AEA,EN,Combined TRACON& Tower with Radar,32,10,37,58,137,0,0,27,29,56,32,10,64,87,193,50,108,158,351
07/28/2015,ACY,NJ,AEA,EN,Combined TRACON& Tower with Radar,24,12,22,34,92,0,1,16,11,28,24,13,38,45,120,4,77,81,201
07/29/2015,ACY,NJ,AEA,EN,Combined TRACON& Tower with Radar,24,13,27,25,89,0,0,23,17,40,24,13,50,42,129,8,48,56,185
07/30/2015,ACY,NJ,AEA,EN,Combined TRACON& Tower with Radar,32,30,17,33,112,0,1,37,17,55,32,31,54,50,167,0,58,58,225
07/31/2015,ACY,NJ,AEA,EN,Combined TRACON& Tower with Radar,33,8,20,33,94,1,1,51,60,113,34,9,71,93,207,10,22,32,239
08/01/2015,ACY,NJ,AEA,EN,Combined TRACON& Tower with Radar,29,9,24,14,76,1,0,36,18,55,30,9,60,32,131,20,118,138,269
08/02/2015,ACY,NJ,AEA,EN,Combined TRACON& Tower with Radar,30,13,26,0,69,0,0,31,7,38,30,13,57,7,107,14,50,64,171
08/03/2015,ACY,NJ,AEA,EN,Combined TRACON& Tower with Radar,28,21,13,21,83,0,0,28,39,67,28,21,41,60,150,0,35,35,185
08/04/2015,ACY,NJ,AEA,EN,Combined TRACON& Tower with Radar,28,8,23,13,72,0,2,28,5,35,28,10,51,18,107,17,21,38,145
08/05/2015,ACY,NJ,AEA,EN,Combined TRACON& Tower with Radar,26,10,18,39,93,0,2,54,35,91,26,12,72,74,184,0,110,110,294
08/06/2015,ACY,NJ,AEA,EN,Combined TRACON& Tower with Radar,26,11,20,46,103,0,2,51,28,81,26,13,71,74,184,20,74,94,278
08/07/2015,ACY,NJ,AEA,EN,Combined TRACON& Tower with Radar,29,14,33,22,98,0,1,22,11,34,29,15,55,33,132,21,52,73,205
08/08/2015,ACY,NJ,AEA,EN,Combined TRACON& Tower with Radar,28,15,20,1,64,0,2,35,5,42,28,17,55,6,106,30,28,58,164
08/09/2015,ACY,NJ,AEA,EN,Combined TRACON& Tower with Radar,36,16,26,4,82,0,1,49,16,66,36,17,75,20,148,26,0,26,174
08/10/2015,ACY,NJ,AEA,EN,Combined TRACON& Tower with Radar,23,28,23,33,107,0,0,36,27,63,23,28,59,60,170,0,116,116,286
08/11/2015,ACY,NJ,AEA,EN,Combined TRACON& Tower with Radar,26,10,16,29,81,0,0,8,6,14,26,10,24,35,95,0,2,2,97
08/12/2015,ACY,NJ,AEA,EN,Combined TRACON& Tower with Radar,26,15,18,105,164,0,6,57,37,100,26,21,75,142,264,6,68,74,338
08/13/2015,ACY,NJ,AEA,EN,Combined TRACON& Tower with Radar,33,14,27,21,95,0,7,47,31,85,33,21,74,52,180,0,18,18,198
08/14/2015,ACY,NJ,AEA,EN,Combined TRACON& Tower with Radar,27,27,40,33,127,0,1,84,49,134,27,28,124,82,261,8,46,54,315
08/15/2015,ACY,NJ,AEA,EN,Combined TRACON& Tower with Radar,26,13,30,22,91,0,2,43,14,59,26,15,73,36,150,10,0,10,160
08/16/2015,ACY,NJ,AEA,EN,Combined TRACON& Tower with Radar,34,24,34,7,99,1,2,38,16,57,35,26,72,23,156,32,18,50,206
08/17/2015,ACY,NJ,AEA,EN,Combined TRACON& Tower with Radar,53,10,39,17,119,0,0,28,23,51,53,10,67,40,170,0,22,22,192
08/18/2015,ACY,NJ,AEA,EN,Combined TRACON& Tower with Radar,23,14,18,35,90,0,0,47,20,67,23,14,65,55,157,4,36,40,197
08/19/2015,ACY,NJ,AEA,EN,Combined TRACON& Tower with Radar,21,42,20,91,174,0,1,32,23,56,21,43,52,114,230,4,84,88,318
08/20/2015,ACY,NJ,AEA,EN,Combined TRACON& Tower with Radar,29,9,22,54,114,0,0,22,21,43,29,9,44,75,157,0,38,38,195
08/21/2015,ACY,NJ,AEA,EN,Combined TRACON& Tower with Radar,28,15,26,48,117,0,0,31,45,76,28,15,57,93,193,28,40,68,261
08/22/2015,ACY,NJ,AEA,EN,Combined TRACON& Tower with Radar,27,12,22,16,77,0,1,45,19,65,27,13,67,35,142,22,46,68,210
08/23/2015,ACY,NJ,AEA,EN,Combined TRACON& Tower with Radar,35,25,41,1,102,0,0,49,20,69,35,25,90,21,171,54,0,54,225
08/24/2015,ACY,NJ,AEA,EN,Combined TRACON& Tower with Radar,29,6,27,27,89,0,0,26,28,54,29,6,53,55,143,26,48,74,217
08/25/2015,ACY,NJ,AEA,EN,Combined TRACON& Tower with Radar,25,13,44,96,178,0,0,25,23,48,25,13,69,119,226,0,10,10,236
08/26/2015,ACY,NJ,AEA,EN,Combined TRACON& Tower with Radar,23,36,28,105,192,1,0,35,20,56,24,36,63,125,248,14,106,120,368
08/27/2015,ACY,NJ,AEA,EN,Combined TRACON& Tower with Radar,31,11,37,58,137,0,0,37,56,93,31,11,74,114,230,0,122,122,352
08/28/2015,ACY,NJ,AEA,EN,Combined TRACON& Tower with Radar,29,22,34,25,110,0,0,65,41,106,29,22,99,66,216,0,46,46,262
08/29/2015,ACY,NJ,AEA,EN,Combined TRACON& Tower with Radar,25,20,20,45,110,0,0,24,14,38,25,20,44,59,148,6,46,52,200
08/30/2015,ACY,NJ,AEA,EN,Combined TRACON& Tower with Radar,34,20,17,7,78,0,0,24,9,33,34,20,41,16,111,0,30,30,141
08/31/2015,ACY,NJ,AEA,EN,Combined TRACON& Tower with Radar,27,5,20,18,70,0,0,27,27,54,27,5,47,45,124,4,76,80,204
09/01/2015,ACY,NJ,AEA,EN,Combined TRACON& Tower with Radar,24,7,15,14,60,0,1,58,80,139,24,8,73,94,199,0,90,90,289
09/02/2015,ACY,NJ,AEA,EN,Combined TRACON& Tower with Radar,24,9,15,5,53,3,1,34,39,77,27,10,49,44,130,140,34,174,304
09/03/2015,ACY,NJ,AEA,EN,Combined TRACON& Tower with Radar,26,20,25,16,87,0,0,46,35,81,26,20,71,51,168,42,80,122,290
09/04/2015,ACY,NJ,AEA,EN,Combined TRACON& Tower with Radar,32,28,40,4,104,0,1,46,13,60,32,29,86,17,164,0,98,98,262
09/05/2015,ACY,NJ,AEA,EN,Combined TRACON& Tower with Radar,28,19,26,3,76,0,0,30,6,36,28,19,56,9,112,8,0,8,120
09/06/2015,ACY,NJ,AEA,EN,Combined TRACON& Tower with Radar,28,28,32,3,91,0,2,35,9,46,28,30,67,12,137,0,30,30,167
09/07/2015,ACY,NJ,AEA,EN,Combined TRACON& Tower with Radar,27,24,18,5,74,0,1,53,15,69,27,25,71,20,143,40,0,40,183
09/08/2015,ACY,NJ,AEA,EN,Combined TRACON& Tower with Radar,22,20,23,29,94,0,0,27,35,62,22,20,50,64,156,0,52,52,208
09/09/2015,ACY,NJ,AEA,EN,Combined TRACON& Tower with Radar,29,23,30,37,119,0,0,12,27,39,29,23,42,64,158,0,216,216,374
09/10/2015,ACY,NJ,AEA,EN,Combined TRACON& Tower with Radar,17,13,39,11,80,0,0,1,13,14,17,13,40,24,94,0,38,38,132
09/11/2015,ACY,NJ,AEA,EN,Combined TRACON& Tower with Radar,25,16,48,16,105,0,0,43,27,70,25,16,91,43,175,70,58,128,303
09/12/2015,ACY,NJ,AEA,EN,Combined TRACON& Tower with Radar,19,11,35,11,76,0,0,24,25,49,19,11,59,36,125,44,28,72,197
09/13/2015,ACY,NJ,AEA,EN,Combined TRACON& Tower with Radar,22,23,42,6,93,0,0,32,9,41,22,23,74,15,134,0,24,24,158
09/14/2015,ACY,NJ,AEA,EN,Combined TRACON& Tower with Radar,19,13,24,54,110,1,0,24,26,51,20,13,48,80,161,0,59,59,220
09/15/2015,ACY,NJ,AEA,EN,Combined TRACON& Tower with Radar,19,21,42,29,111,0,1,23,38,62,19,22,65,67,173,0,70,70,243
09/16/2015,ACY,NJ,AEA,EN,Combined TRACON& Tower with Radar,16,39,19,52,126,0,2,25,27,54,16,41,44,79,180,42,86,128,308
09/17/2015,ACY,NJ,AEA,EN,Combined TRACON& Tower with Radar,19,12,23,50,104,1,0,31,31,63,20,12,54,81,167,16,126,142,309
09/18/2015,ACY,NJ,AEA,EN,Combined TRACON& Tower with Radar,20,17,18,13,68,0,0,18,29,47,20,17,36,42,115,2,36,38,153
09/19/2015,ACY,NJ,AEA,EN,Combined TRACON& Tower with Radar,18,9,22,18,67,0,0,16,10,26,18,9,38,28,93,2,36,38,131
09/20/2015,ACY,NJ,AEA,EN,Combined TRACON& Tower with Radar,21,14,15,25,75,2,0,23,4,29,23,14,38,29,104,14,0,14,118
09/21/2015,ACY,NJ,AEA,EN,Combined TRACON& Tower with Radar,18,20,10,58,106,0,0,7,17,24,18,20,17,75,130,0,108,108,238
09/22/2015,ACY,NJ,AEA,EN,Combined TRACON& Tower with Radar,17,20,26,42,105,0,0,9,7,16,17,20,35,49,121,6,66,72,193
09/23/2015,ACY,NJ,AEA,EN,Combined TRACON& Tower with Radar,16,12,18,30,76,0,0,38,37,75,16,12,56,67,151,26,42,68,219
09/24/2015,ACY,NJ,AEA,EN,Combined TRACON& Tower with Radar,18,18,24,20,80,0,0,25,20,45,18,18,49,40,125,12,52,64,189
09/25/2015,ACY,NJ,AEA,EN,Combined TRACON& Tower with Radar,19,18,38,41,116,0,1,37,19,57,19,19,75,60,173,0,46,46,219
09/26/2015,ACY,NJ,AEA,EN,Combined TRACON& Tower with Radar,17,10,15,6,48,0,0,10,23,33,17,10,25,29,81,2,30,32,113
09/27/2015,ACY,NJ,AEA,EN,Combined TRACON& Tower with Radar,18,21,22,9,70,0,0,13,6,19,18,21,35,15,89,0,20,20,109
09/28/2015,ACY,NJ,AEA,EN,Combined TRACON& Tower with Radar,18,18,36,45,117,0,1,6,24,31,18,19,42,69,148,10,52,62,210
09/29/2015,ACY,NJ,AEA,EN,Combined TRACON& Tower with Radar,19,33,27,45,124,0,0,13,23,36,19,33,40,68,160,0,12,12,172
09/30/2015,ACY,NJ,AEA,EN,Combined TRACON& Tower with Radar,13,13,20,48,94,0,0,17,46,63,13,13,37,94,157,8,22,30,187
10/01/2015,ACY,NJ,AEA,EN,Combined TRACON& Tower with Radar,17,15,17,14,63,0,0,7,28,35,17,15,24,42,98,0,19,19,117
10/02/2015,ACY,NJ,AEA,EN,Combined TRACON& Tower with Radar,17,6,13,8,44,0,0,0,2,2,17,6,13,10,46,0,0,0,46
10/03/2015,ACY,NJ,AEA,EN,Combined TRACON& Tower with Radar,23,12,5,1,41,0,0,3,0,3,23,12,8,1,44,0,0,0,44
10/04/2015,ACY,NJ,AEA,EN,Combined TRACON& Tower with Radar,20,17,11,0,48,0,0,4,16,20,20,17,15,16,68,8,0,8,76
10/05/2015,ACY,NJ,AEA,EN,Combined TRACON& Tower with Radar,16,4,22,41,83,0,0,8,13,21,16,4,30,54,104,16,22,38,142
10/06/2015,ACY,NJ,AEA,EN,Combined TRACON& Tower with Radar,15,12,21,87,135,1,0,23,52,76,16,12,44,139,211,34,136,170,381
10/07/2015,ACY,NJ,AEA,EN,Combined TRACON& Tower with Radar,17,4,31,68,120,0,0,32,31,63,17,4,63,99,183,24,110,134,317
10/08/2015,ACY,NJ,AEA,EN,Combined TRACON& Tower with Radar,17,22,41,63,143,0,1,22,43,66,17,23,63,106,209,10,114,124,333
10/09/2015,ACY,NJ,AEA,EN,Combined TRACON& Tower with Radar,25,22,33,4,84,1,0,16,23,40,26,22,49,27,124,0,52,52,176
10/10/2015,ACY,NJ,AEA,EN,Combined TRACON& Tower with Radar,21,20,11,4,56,0,2,31,8,41,21,22,42,12,97,90,0,90,187
10/11/2015,ACY,NJ,AEA,EN,Combined TRACON& Tower with Radar,16,31,9,5,61,0,2,35,4,41,16,33,44,9,102,16,16,32,134
10/12/2015,ACY,NJ,AEA,EN,Combined TRACON& Tower with Radar,19,8,10,1,38,0,1,25,5,31,19,9,35,6,69,32,0,32,101
10/13/2015,ACY,NJ,AEA,EN,Combined TRACON& Tower with Radar,17,16,17,51,101,0,1,24,30,55,17,17,41,81,156,19,52,71,227
10/14/2015,ACY,NJ,AEA,EN,Combined TRACON& Tower with Radar,17,13,9,25,64,0,0,19,40,59,17,13,28,65,123,20,70,90,213
10/15/2015,ACY,NJ,AEA,EN,Combined TRACON& Tower with Radar,19,16,27,62,124,0,1,34,27,62,19,17,61,89,186,24,114,138,324
10/16/2015,ACY,NJ,AEA,EN,Combined TRACON& Tower with Radar,20,26,33,35,114,0,0,33,32,65,20,26,66,67,179,20,70,90,269
10/17/2015,ACY,NJ,AEA,EN,Combined TRACON& Tower with Radar,20,16,14,24,74,0,0,27,19,46,20,16,41,43,120,20,74,94,214
10/18/2015,ACY,NJ,AEA,EN,Combined TRACON& Tower with Radar,20,13,16,8,57,0,0,46,16,62,20,13,62,24,119,14,24,38,157
10/19/2015,ACY,NJ,AEA,EN,Combined TRACON& Tower with Radar,13,10,21,54,98,0,1,21,23,45,13,11,42,77,143,12,38,50,193
10/20/2015,ACY,NJ,AEA,EN,Combined TRACON& Tower with Radar,18,16,31,49,114,2,4,76,50,132,20,20,107,99,246,22,100,122,368
10/21/2015,ACY,NJ,AEA,EN,Combined TRACON& Tower with Radar,16,22,26,62,126,0,0,23,44,67,16,22,49,106,193,34,80,114,307
10/22/2015,ACY,NJ,AEA,EN,Combined TRACON& Tower with Radar,20,27,17,12,76,0,2,12,22,36,20,29,29,34,112,16,0,16,128
10/23/2015,ACY,NJ,AEA,EN,Combined TRACON& Tower with Radar,18,18,23,77,136,0,3,15,23,41,18,21,38,100,177,0,120,120,297
10/24/2015,ACY,NJ,AEA,EN,Combined TRACON& Tower with Radar,20,14,29,9,72,0,0,69,11,80,20,14,98,20,152,16,0,16,168
10/25/2015,ACY,NJ,AEA,EN,Combined TRACON& Tower with Radar,20,27,22,3,72,0,1,14,7,22,20,28,36,10,94,0,0,0,94
10/26/2015,ACY,NJ,AEA,EN,Combined TRACON& Tower with Radar,27,15,17,117,176,0,0,19,30,49,27,15,36,147,225,0,142,142,367
10/27/2015,ACY,NJ,AEA,EN,Combined TRACON& Tower with Radar,20,11,25,71,127,1,0,25,39,65,21,11,50,110,192,10,54,64,256
10/28/2015,ACY,NJ,AEA,EN,Combined TRACON& Tower with Radar,16,9,12,23,60,0,0,3,15,18,16,9,15,38,78,0,16,16,94
10/29/2015,ACY,NJ,AEA,EN,Combined TRACON& Tower with Radar,17,14,25,49,105,0,0,17,22,39,17,14,42,71,144,6,44,50,194
10/30/2015,ACY,NJ,AEA,EN,Combined TRACON& Tower with Radar,23,10,20,40,93,0,1,29,13,43,23,11,49,53,136,14,70,84,220
10/31/2015,ACY,NJ,AEA,EN,Combined TRACON& Tower with Radar,21,13,24,3,61,0,0,14,5,19,21,13,38,8,80,32,16,48,128
11/01/2015,ACY,NJ,AEA,EN,Combined TRACON& Tower with Radar,20,15,13,7,55,0,0,11,12,23,20,15,24,19,78,0,0,0,78
11/02/2015,ACY,NJ,AEA,EN,Combined TRACON& Tower with Radar,20,29,14,16,79,0,1,6,32,39,20,30,20,48,118,0,12,12,130
11/03/2015,ACY,NJ,AEA,EN,Combined TRACON& Tower with Radar,18,9,16,58,101,1,2,26,25,54,19,11,42,83,155,8,38,46,201
11/04/2015,ACY,NJ,AEA,EN,Combined TRACON& Tower with Radar,36,19,25,38,118,0,2,18,37,57,36,21,43,75,175,6,66,72,247
11/05/2015,ACY,NJ,AEA,EN,Combined TRACON& Tower with Radar,16,12,33,60,121,0,0,5,18,23,16,12,38,78,144,0,84,84,228
11/06/2015,ACY,NJ,AEA,EN,Combined TRACON& Tower with Radar,19,10,15,33,77,0,0,10,20,30,19,10,25,53,107,8,44,52,159
11/07/2015,ACY,NJ,AEA,EN,Combined TRACON& Tower with Radar,20,11,12,6,49,0,0,18,10,28,20,11,30,16,77,0,0,0,77
11/08/2015,ACY,NJ,AEA,EN,Combined TRACON& Tower with Radar,21,13,12,5,51,0,1,35,4,40,21,14,47,9,91,0,0,0,91
11/09/2015,ACY,NJ,AEA,EN,Combined TRACON& Tower with Radar,21,7,20,64,112,0,0,19,48,67,21,7,39,112,179,30,84,114,293
11/10/2015,ACY,NJ,AEA,EN,Combined TRACON& Tower with Radar,17,7,15,11,50,0,0,0,2,2,17,7,15,13,52,0,5,5,57
11/11/2015,ACY,NJ,AEA,EN,Combined TRACON& Tower with Radar,13,5,32,0,50,0,0,14,22,36,13,5,46,22,86,10,12,22,108
11/12/2015,ACY,NJ,AEA,EN,Combined TRACON& Tower with Radar,25,11,16,63,115,0,0,13,31,44,25,11,29,94,159,32,66,98,257
11/13/2015,ACY,NJ,AEA,EN,Combined TRACON& Tower with Radar,23,19,20,39,101,0,1,16,34,51,23,20,36,73,152,22,54,76,228
11/14/2015,ACY,NJ,AEA,EN,Combined TRACON& Tower with Radar,24,13,16,15,68,0,6,9,10,25,24,19,25,25,93,14,46,60,153
11/15/2015,ACY,NJ,AEA,EN,Combined TRACON& Tower with Radar,27,26,47,15,115,0,0,35,7,42,27,26,82,22,157,24,114,138,295
11/16/2015,ACY,NJ,AEA,EN,Combined TRACON& Tower with Radar,22,30,38,53,143,0,0,23,29,52,22,30,61,82,195,20,106,126,321
11/17/2015,ACY,NJ,AEA,EN,Combined TRACON& Tower with Radar,22,14,39,40,115,0,0,46,49,95,22,14,85,89,210,12,102,114,324
11/18/2015,ACY,NJ,AEA,EN,Combined TRACON& Tower with Radar,19,18,28,89,154,0,0,33,26,59,19,18,61,115,213,36,58,94,307
11/19/2015,ACY,NJ,AEA,EN,Combined TRACON& Tower with Radar,25,13,26,15,79,0,0,1,18,19,25,13,27,33,98,0,30,30,128
11/20/2015,ACY,NJ,AEA,EN,Combined TRACON& Tower with Radar,25,17,31,27,100,0,0,34,38,72,25,17,65,65,172,10,110,120,292
11/21/2015,ACY,NJ,AEA,EN,Combined TRACON& Tower with Radar,24,16,31,2,73,0,2,51,26,79,24,18,82,28,152,24,0,24,176
11/22/2015,ACY,NJ,AEA,EN,Combined TRACON& Tower with Radar,24,20,14,0,58,0,0,14,8,22,24,20,28,8,80,0,0,0,80
11/23/2015,ACY,NJ,AEA,EN,Combined TRACON& Tower with Radar,23,10,21,28,82,0,1,26,41,68,23,11,47,69,150,14,120,134,284
11/24/2015,ACY,NJ,AEA,EN,Combined TRACON& Tower with Radar,25,21,30,43,119,0,2,43,38,83,25,23,73,81,202,36,64,100,302
11/25/2015,ACY,NJ,AEA,EN,Combined TRACON& Tower with Radar,20,6,21,30,77,0,0,56,24,80,20,6,77,54,157,40,0,40,197
11/26/2015,ACY,NJ,AEA,EN,Combined TRACON& Tower with Radar,20,1,5,1,27,0,0,10,3,13,20,1,15,4,40,0,34,34,74
11/27/2015,ACY,NJ,AEA,EN,Combined TRACON& Tower with Radar,22,12,18,3,55,0,0,27,5,32,22,12,45,8,87,26,8,34,121
11/28/2015,ACY,NJ,AEA,EN,Combined TRACON& Tower with Radar,25,8,23,1,57,1,0,18,4,23,26,8,41,5,80,8,32,40,120
11/29/2015,ACY,NJ,AEA,EN,Combined TRACON& Tower with Radar,23,11,14,0,48,0,0,2,15,17,23,11,16,15,65,0,24,24,89
11/30/2015,ACY,NJ,AEA,EN,Combined TRACON& Tower with Radar,22,11,24,72,129,0,0,11,31,42,22,11,35,103,171,0,168,168,339
12/01/2015,ACY,NJ,AEA,EN,Combined TRACON& Tower with Radar,19,8,16,30,73,0,0,0,1,1,19,8,16,31,74,0,0,0,74
12/02/2015,ACY,NJ,AEA,EN,Combined TRACON& Tower with Radar,15,8,10,4,37,0,0,0,6,6,15,8,10,10,43,0,0,0,43
12/03/2015,ACY,NJ,AEA,EN,Combined TRACON& Tower with Radar,20,14,14,79,127,0,4,24,33,61,20,18,38,112,188,4,150,154,342
12/04/2015,ACY,NJ,AEA,EN,Combined TRACON& Tower with Radar,19,14,19,37,89,0,2,41,25,68,19,16,60,62,157,0,10,10,167
12/05/2015,ACY,NJ,AEA,EN,Combined TRACON& Tower with Radar,21,16,21,7,65,0,0,37,17,54,21,16,58,24,119,16,48,64,183
12/06/2015,ACY,NJ,AEA,EN,Combined TRACON& Tower with Radar,20,19,26,0,65,0,0,20,9,29,20,19,46,9,94,0,0,0,94
12/07/2015,ACY,NJ,AEA,EN,Combined TRACON& Tower with Radar,21,10,31,33,95,0,0,34,50,84,21,10,65,83,179,4,106,110,289
12/08/2015,ACY,NJ,AEA,EN,Combined TRACON& Tower with Radar,13,12,24,82,131,0,0,35,27,62,13,12,59,109,193,38,104,142,335
12/09/2015,ACY,NJ,AEA,EN,Combined TRACON& Tower with Radar,15,12,16,59,102,0,3,14,29,46,15,15,30,88,148,4,98,102,250
12/10/2015,ACY,NJ,AEA,EN,Combined TRACON& Tower with Radar,20,15,33,37,105,0,1,30,23,54,20,16,63,60,159,0,38,38,197
12/11/2015,ACY,NJ,AEA,EN,Combined TRACON& Tower with Radar,19,31,34,56,140,0,6,26,13,45,19,37,60,69,185,0,96,96,281
12/12/2015,ACY,NJ,AEA,EN,Combined TRACON& Tower with Radar,21,25,21,4,71,0,1,30,6,37,21,26,51,10,108,18,0,18,126
12/13/2015,ACY,NJ,AEA,EN,Combined TRACON& Tower with Radar,19,36,39,29,123,0,0,20,6,26,19,36,59,35,149,58,90,148,297
12/14/2015,ACY,NJ,AEA,EN,Combined TRACON& Tower with Radar,26,11,27,68,132,0,0,4,21,25,26,11,31,89,157,0,34,34,191
12/15/2015,ACY,NJ,AEA,EN,Combined TRACON& Tower with Radar,16,13,13,35,77,0,0,9,6,15,16,13,22,41,92,22,64,86,178
12/16/2015,ACY,NJ,AEA,EN,Combined TRACON& Tower with Radar,12,6,26,28,72,0,0,31,22,53,12,6,57,50,125,26,88,114,239
12/17/2015,ACY,NJ,AEA,EN,Combined TRACON& Tower with Radar,19,16,11,35,81,0,0,8,37,45,19,16,19,72,126,24,86,110,236
12/18/2015,ACY,NJ,AEA,EN,Combined TRACON& Tower with Radar,19,11,29,23,82,0,1,9,20,30,19,12,38,43,112,0,40,40,152
12/19/2015,ACY,NJ,AEA,EN,Combined TRACON& Tower with Radar,21,12,5,1,39,0,0,13,9,22,21,12,18,10,61,0,22,22,83
12/20/2015,ACY,NJ,AEA,EN,Combined TRACON& Tower with Radar,21,13,10,2,46,0,0,23,10,33,21,13,33,12,79,0,24,24,103
12/21/2015,ACY,NJ,AEA,EN,Combined TRACON& Tower with Radar,25,2,4,42,73,0,0,7,14,21,25,2,11,56,94,0,56,56,150
12/22/2015,ACY,NJ,AEA,EN,Combined TRACON& Tower with Radar,18,0,23,12,53,0,0,1,17,18,18,0,24,29,71,0,0,0,71
12/23/2015,ACY,NJ,AEA,EN,Combined TRACON& Tower with Radar,17,6,8,0,31,0,0,0,6,6,17,6,8,6,37,8,32,40,77
12/24/2015,ACY,NJ,AEA,EN,Combined TRACON& Tower with Radar,19,2,2,0,23,0,0,1,11,12,19,2,3,11,35,0,8,8,43
12/25/2015,ACY,NJ,AEA,EN,Combined TRACON& Tower with Radar,21,1,5,0,27,0,0,2,4,6,21,1,7,4,33,0,0,0,33
12/26/2015,ACY,NJ,AEA,EN,Combined TRACON& Tower with Radar,15,5,9,0,29,0,0,8,6,14,15,5,17,6,43,18,4,22,65
12/27/2015,ACY,NJ,AEA,EN,Combined TRACON& Tower with Radar,14,9,16,2,41,0,0,3,6,9,14,9,19,8,50,22,4,26,76
12/28/2015,ACY,NJ,AEA,EN,Combined TRACON& Tower with Radar,20,10,9,15,54,0,0,8,11,19,20,10,17,26,73,10,34,44,117
12/29/2015,ACY,NJ,AEA,EN,Combined TRACON& Tower with Radar,20,11,16,13,60,0,0,0,0,0,20,11,16,13,60,0,0,0,60
12/30/2015,ACY,NJ,AEA,EN,Combined TRACON& Tower with Radar,20,16,28,31,95,0,0,5,27,32,20,16,33,58,127,0,0,0,127
12/31/2015,ACY,NJ,AEA,EN,Combined TRACON& Tower with Radar,20,22,20,4,66,0,0,34,4,38,20,22,54,8,104,0,26,26,130
01/01/2016,ACY,NJ,AEA,EN,Combined TRACON& Tower with Radar,20,19,19,5,63,0,2,18,5,25,20,21,37,10,88,16,4,20,108
01/02/2016,ACY,NJ,AEA,EN,Combined TRACON& Tower with Radar,18,24,13,1,56,0,0,40,2,42,18,24,53,3,98,32,2,34,132
01/03/2016,ACY,NJ,AEA,EN,Combined TRACON& Tower with Radar,21,17,19,4,61,0,0,14,5,19,21,17,33,9,80,14,16,30,110
01/04/2016,ACY,NJ,AEA,EN,Combined TRACON& Tower with Radar,22,2,13,66,103,0,0,8,15,23,22,2,21,81,126,0,108,108,234
01/05/2016,ACY,NJ,AEA,EN,Combined TRACON& Tower with Radar,16,8,30,47,101,0,1,16,15,32,16,9,46,62,133,0,58,58,191
01/06/2016,ACY,NJ,AEA,EN,Combined TRACON& Tower with Radar,20,6,19,104,149,0,0,28,39,67,20,6,47,143,216,48,112,160,376
01/07/2016,ACY,NJ,AEA,EN,Combined TRACON& Tower with Radar,21,13,21,35,90,0,0,52,43,95,21,13,73,78,185,58,98,156,341
01/08/2016,ACY,NJ,AEA,EN,Combined TRACON& Tower with Radar,33,20,30,63,146,0,0,18,28,46,33,20,48,91,192,22,114,136,328
01/09/2016,ACY,NJ,AEA,EN,Combined TRACON& Tower with Radar,19,10,43,43,115,0,0,0,3,3,19,10,43,46,118,0,0,0,118
01/10/2016,ACY,NJ,AEA,EN,Combined TRACON& Tower with Radar,20,16,8,28,72,0,0,3,0,3,20,16,11,28,75,0,0,0,75
01/11/2016,ACY,NJ,AEA,EN,Combined TRACON& Tower with Radar,21,5,36,43,105,0,1,21,22,44,21,6,57,65,149,0,96,96,245
01/12/2016,ACY,NJ,AEA,EN,Combined TRACON& Tower with Radar,20,22,9,33,84,0,1,28,31,60,20,23,37,64,144,2,44,46,190
01/13/2016,ACY,NJ,AEA,EN,Combined TRACON& Tower with Radar,20,6,12,12,50,0,1,32,30,63,20,7,44,42,113,0,96,96,209
01/14/2016,ACY,NJ,AEA,EN,Combined TRACON& Tower with Radar,20,15,26,72,133,0,2,36,47,85,20,17,62,119,218,20,130,150,368
01/15/2016,ACY,NJ,AEA,EN,Combined TRACON& Tower with Radar,17,22,22,88,149,0,0,18,27,45,17,22,40,115,194,0,192,192,386
01/16/2016,ACY,NJ,AEA,EN,Combined TRACON& Tower with Radar,20,15,12,2,49,0,0,10,18,28,20,15,22,20,77,0,30,30,107
01/17/2016,ACY,NJ,AEA,EN,Combined TRACON& Tower with Radar,18,23,19,4,64,0,0,10,6,16,18,23,29,10,80,10,54,64,144
01/18/2016,ACY,NJ,AEA,EN,Combined TRACON& Tower with Radar,22,6,17,5,50,0,0,7,8,15,22,6,24,13,65,18,2,20,85
01/19/2016,ACY,NJ,AEA,EN,Combined TRACON& Tower with Radar,20,10,16,71,117,0,0,5,45,50,20,10,21,116,167,0,134,134,301
01/20/2016,ACY,NJ,AEA,EN,Combined TRACON& Tower with Radar,21,13,21,75,130,0,1,41,43,85,21,14,62,118,215,10,118,128,343
01/21/2016,ACY,NJ,AEA,EN,Combined TRACON& Tower with Radar,20,23,15,28,86,1,1,31,44,77,21,24,46,72,163,10,90,100,263
01/22/2016,ACY,NJ,AEA,EN,Combined TRACON& Tower with Radar,14,12,12,23,61,0,0,17,30,47,14,12,29,53,108,0,108,108,216
01/23/2016,ACY,NJ,AEA,EN,Combined TRACON& Tower with Radar,0,0,0,0,0,0,0,0,0,0,0,0,0,0,0,0,0,0,0
01/24/2016,ACY,NJ,AEA,EN,Combined TRACON& Tower with Radar,16,16,3,5,40,0,0,4,10,14,16,16,7,15,54,0,14,14,68
01/25/2016,ACY,NJ,AEA,EN,Combined TRACON& Tower with Radar,17,9,15,7,48,0,0,9,21,30,17,9,24,28,78,4,48,52,130
01/26/2016,ACY,NJ,AEA,EN,Combined TRACON& Tower with Radar,21,6,5,49,81,0,1,4,26,31,21,7,9,75,112,2,56,58,170
01/27/2016,ACY,NJ,AEA,EN,Combined TRACON& Tower with Radar,20,8,44,108,180,0,0,36,32,68,20,8,80,140,248,0,72,72,320
01/28/2016,ACY,NJ,AEA,EN,Combined TRACON& Tower with Radar,23,15,24,22,84,0,0,30,34,64,23,15,54,56,148,2,34,36,184
01/29/2016,ACY,NJ,AEA,EN,Combined TRACON& Tower with Radar,18,22,10,41,91,0,0,8,16,24,18,22,18,57,115,62,10,72,187
01/30/2016,ACY,NJ,AEA,EN,Combined TRACON& Tower with Radar,22,11,26,8,67,0,1,28,16,45,22,12,54,24,112,4,50,54,166
01/31/2016,ACY,NJ,AEA,EN,Combined TRACON& Tower with Radar,20,24,22,1,67,0,0,46,6,52,20,24,68,7,119,22,12,34,153
02/01/2016,ACY,NJ,AEA,EN,Combined TRACON& Tower with Radar,19,8,38,55,120,0,0,15,17,32,19,8,53,72,152,0,0,0,152
02/02/2016,ACY,NJ,AEA,EN,Combined TRACON& Tower with Radar,20,39,27,32,118,0,0,48,27,75,20,39,75,59,193,86,56,142,335
02/03/2016,ACY,NJ,AEA,EN,Combined TRACON& Tower with Radar,19,10,22,15,66,0,0,8,14,22,19,10,30,29,88,0,22,22,110
02/04/2016,ACY,NJ,AEA,EN,Combined TRACON& Tower with Radar,21,18,37,89,165,0,0,20,24,44,21,18,57,113,209,0,22,22,231
02/05/2016,ACY,NJ,AEA,EN,Combined TRACON& Tower with Radar,19,7,20,33,79,0,0,8,30,38,19,7,28,63,117,0,30,30,147
02/06/2016,ACY,NJ,AEA,EN,Combined TRACON& Tower with Radar,20,12,19,32,83,0,1,41,11,53,20,13,60,43,136,22,40,62,198
02/07/2016,ACY,NJ,AEA,EN,Combined TRACON& Tower with Radar,20,8,29,4,61,0,0,65,11,76,20,8,94,15,137,10,0,10,147
02/08/2016,ACY,NJ,AEA,EN,Combined TRACON& Tower with Radar,19,7,27,34,87,0,0,6,31,37,19,7,33,65,124,16,30,46,170
02/09/2016,ACY,NJ,AEA,EN,Combined TRACON& Tower with Radar,12,9,11,0,32,0,0,2,12,14,12,9,13,12,46,0,90,90,136
02/10/2016,ACY,NJ,AEA,EN,Combined TRACON& Tower with Radar,24,8,14,55,101,0,0,3,34,37,24,8,17,89,138,0,108,108,246
02/11/2016,ACY,NJ,AEA,EN,Combined TRACON& Tower with Radar,20,10,23,69,122,0,0,12,33,45,20,10,35,102,167,0,104,104,271
02/12/2016,ACY,NJ,AEA,EN,Combined TRACON& Tower with Radar,19,21,25,79,144,0,0,22,45,67,19,21,47,124,211,0,82,82,293
02/13/2016,ACY,NJ,AEA,EN,Combined TRACON& Tower with Radar,18,20,9,2,49,0,0,4,9,13,18,20,13,11,62,0,0,0,62
02/14/2016,ACY,NJ,AEA,EN,Combined TRACON& Tower with Radar,21,30,12,2,65,0,0,6,4,10,21,30,18,6,75,0,0,0,75
02/15/2016,ACY,NJ,AEA,EN,Combined TRACON& Tower with Radar,18,12,6,3,39,0,0,1,5,6,18,12,7,8,45,0,0,0,45
02/16/2016,ACY,NJ,AEA,EN,Combined TRACON& Tower with Radar,20,13,8,16,57,0,0,1,31,32,20,13,9,47,89,0,6,6,95
02/17/2016,ACY,NJ,AEA,EN,Combined TRACON& Tower with Radar,22,8,30,66,126,0,0,17,62,79,22,8,47,128,205,14,114,128,333
02/18/2016,ACY,NJ,AEA,EN,Combined TRACON& Tower with Radar,19,15,29,64,127,0,0,59,56,115,19,15,88,120,242,40,72,112,354
02/19/2016,ACY,NJ,AEA,EN,Combined TRACON& Tower with Radar,23,28,27,58,136,0,6,25,40,71,23,34,52,98,207,0,54,54,261
02/20/2016,ACY,NJ,AEA,EN,Combined TRACON& Tower with Radar,21,17,22,13,73,0,0,38,32,70,21,17,60,45,143,0,40,40,183
02/21/2016,ACY,NJ,AEA,EN,Combined TRACON& Tower with Radar,20,32,28,17,97,0,0,21,13,34,20,32,49,30,131,0,0,0,131
02/22/2016,ACY,NJ,AEA,EN,Combined TRACON& Tower with Radar,20,18,24,39,101,0,0,25,12,37,20,18,49,51,138,4,30,34,172
02/23/2016,ACY,NJ,AEA,EN,Combined TRACON& Tower with Radar,19,8,5,13,45,0,1,2,35,38,19,9,7,48,83,0,0,0,83
02/24/2016,ACY,NJ,AEA,EN,Combined TRACON& Tower with Radar,13,7,3,0,23,0,0,0,0,0,13,7,3,0,23,0,0,0,23
02/25/2016,ACY,NJ,AEA,EN,Combined TRACON& Tower with Radar,14,17,28,30,89,1,2,10,66,79,15,19,38,96,168,14,64,78,246
02/26/2016,ACY,NJ,AEA,EN,Combined TRACON& Tower with Radar,19,39,26,74,158,0,1,27,41,69,19,40,53,115,227,2,84,86,313
02/27/2016,ACY,NJ,AEA,EN,Combined TRACON& Tower with Radar,21,20,26,2,69,0,0,50,13,63,21,20,76,15,132,64,0,64,196
02/28/2016,ACY,NJ,AEA,EN,Combined TRACON& Tower with Radar,15,31,30,5,81,0,0,27,8,35,15,31,57,13,116,0,20,20,136
02/29/2016,ACY,NJ,AEA,EN,Combined TRACON& Tower with Radar,18,13,10,64,105,0,0,8,26,34,18,13,18,90,139,0,66,66,205
03/01/2016,ACY,NJ,AEA,EN,Combined TRACON& Tower with Radar,20,19,7,36,82,0,0,16,40,56,20,19,23,76,138,0,84,84,222
03/02/2016,ACY,NJ,AEA,EN,Combined TRACON& Tower with Radar,21,5,16,83,125,0,1,15,29,45,21,6,31,112,170,0,80,80,250
03/03/2016,ACY,NJ,AEA,EN,Combined TRACON& Tower with Radar,18,14,29,54,115,0,0,19,34,53,18,14,48,88,168,0,106,106,274
03/04/2016,ACY,NJ,AEA,EN,Combined TRACON& Tower with Radar,21,14,18,4,57,0,0,7,15,22,21,14,25,19,79,0,42,42,121
03/05/2016,ACY,NJ,AEA,EN,Combined TRACON& Tower with Radar,20,19,16,3,58,1,0,41,3,45,21,19,57,6,103,42,8,50,153
03/06/2016,ACY,NJ,AEA,EN,Combined TRACON& Tower with Radar,21,29,26,5,81,0,4,25,17,46,21,33,51,22,127,12,38,50,177
03/07/2016,ACY,NJ,AEA,EN,Combined TRACON& Tower with Radar,18,14,12,66,110,0,0,11,28,39,18,14,23,94,149,10,82,92,241
03/08/2016,ACY,NJ,AEA,EN,Combined TRACON& Tower with Radar,17,27,22,36,102,0,1,21,43,65,17,28,43,79,167,30,52,82,249
03/09/2016,ACY,NJ,AEA,EN,Combined TRACON& Tower with Radar,22,7,24,80,133,0,1,59,41,101,22,8,83,121,234,58,92,150,384
03/10/2016,ACY,NJ,AEA,EN,Combined TRACON& Tower with Radar,21,28,41,107,197,0,0,23,17,40,21,28,64,124,237,56,137,193,430
03/11/2016,ACY,NJ,AEA,EN,Combined TRACON& Tower with Radar,19,21,23,42,105,0,0,35,36,71,19,21,58,78,176,12,104,116,292
03/12/2016,ACY,NJ,AEA,EN,Combined TRACON& Tower with Radar,18,20,22,49,109,0,0,44,6,50,18,20,66,55,159,2,116,118,277
03/13/2016,ACY,NJ,AEA,EN,Combined TRACON& Tower with Radar,21,24,15,4,64,0,0,8,4,12,21,24,23,8,76,0,0,0,76
03/14/2016,ACY,NJ,AEA,EN,Combined TRACON& Tower with Radar,21,11,10,5,47,0,0,0,0,0,21,11,10,5,47,0,0,0,47
03/15/2016,ACY,NJ,AEA,EN,Combined TRACON& Tower with Radar,20,15,24,73,132,0,0,2,71,73,20,15,26,144,205,0,8,8,213
03/16/2016,ACY,NJ,AEA,EN,Combined TRACON& Tower with Radar,19,15,27,58,119,0,3,48,36,87,19,18,75,94,206,34,86,120,326
03/17/2016,ACY,NJ,AEA,EN,Combined TRACON& Tower with Radar,25,14,12,25,76,0,0,14,27,41,25,14,26,52,117,0,52,52,169
03/18/2016,ACY,NJ,AEA,EN,Combined TRACON& Tower with Radar,20,25,19,88,152,0,1,15,42,58,20,26,34,130,210,32,84,116,326
03/19/2016,ACY,NJ,AEA,EN,Combined TRACON& Tower with Radar,19,16,17,1,53,0,0,12,10,22,19,16,29,11,75,36,48,84,159
03/20/2016,ACY,NJ,AEA,EN,Combined TRACON& Tower with Radar,17,29,10,0,56,0,0,7,5,12,17,29,17,5,68,10,18,28,96
03/21/2016,ACY,NJ,AEA,EN,Combined TRACON& Tower with Radar,21,7,10,30,68,0,0,22,21,43,21,7,32,51,111,48,70,118,229
03/22/2016,ACY,NJ,AEA,EN,Combined TRACON& Tower with Radar,24,8,16,57,105,0,1,27,44,72,24,9,43,101,177,0,80,80,257
03/23/2016,ACY,NJ,AEA,EN,Combined TRACON& Tower with Radar,19,13,7,44,83,0,0,25,47,72,19,13,32,91,155,22,84,106,261
03/24/2016,ACY,NJ,AEA,EN,Combined TRACON& Tower with Radar,35,14,16,73,138,0,0,51,45,96,35,14,67,118,234,42,80,122,356
03/25/2016,ACY,NJ,AEA,EN,Combined TRACON& Tower with Radar,20,11,7,30,68,0,0,16,21,37,20,11,23,51,105,0,52,52,157
03/26/2016,ACY,NJ,AEA,EN,Combined TRACON& Tower with Radar,16,13,11,1,41,0,0,36,9,45,16,13,47,10,86,62,32,94,180
03/27/2016,ACY,NJ,AEA,EN,Combined TRACON& Tower with Radar,22,11,20,3,56,0,0,5,6,11,22,11,25,9,67,2,0,2,69
03/28/2016,ACY,NJ,AEA,EN,Combined TRACON& Tower with Radar,20,26,7,8,61,0,0,9,20,29,20,26,16,28,90,18,66,84,174
03/29/2016,ACY,NJ,AEA,EN,Combined TRACON& Tower with Radar,19,9,7,105,140,0,5,14,28,47,19,14,21,133,187,0,138,138,325
03/30/2016,ACY,NJ,AEA,EN,Combined TRACON& Tower with Radar,21,9,28,91,149,0,0,42,51,93,21,9,70,142,242,0,118,118,360
03/31/2016,ACY,NJ,AEA,EN,Combined TRACON& Tower with Radar,22,19,21,26,88,0,0,48,45,93,22,19,69,71,181,20,46,66,247
04/01/2016,ACY,NJ,AEA,EN,Combined TRACON& Tower with Radar,17,16,13,21,67,0,0,1,23,24,17,16,14,44,91,2,15,17,108
04/02/2016,ACY,NJ,AEA,EN,Combined TRACON& Tower with Radar,15,15,25,3,58,0,0,13,29,42,15,15,38,32,100,36,46,82,182
04/03/2016,ACY,NJ,AEA,EN,Combined TRACON& Tower with Radar,21,23,8,3,55,0,0,4,5,9,21,23,12,8,64,0,0,0,64
04/04/2016,ACY,NJ,AEA,EN,Combined TRACON& Tower with Radar,21,15,10,4,50,0,2,16,18,36,21,17,26,22,86,58,26,84,170
04/05/2016,ACY,NJ,AEA,EN,Combined TRACON& Tower with Radar,20,8,17,48,93,1,0,26,46,73,21,8,43,94,166,32,70,102,268
04/06/2016,ACY,NJ,AEA,EN,Combined TRACON& Tower with Radar,21,14,11,29,75,0,4,39,43,86,21,18,50,72,161,6,75,81,242
04/07/2016,ACY,NJ,AEA,EN,Combined TRACON& Tower with Radar,21,18,9,3,51,0,0,5,31,36,21,18,14,34,87,16,54,70,157
04/08/2016,ACY,NJ,AEA,EN,Combined TRACON& Tower with Radar,22,22,12,62,118,0,0,59,29,88,22,22,71,91,206,20,7,27,233
04/09/2016,ACY,NJ,AEA,EN,Combined TRACON& Tower with Radar,20,16,8,0,44,0,0,6,12,18,20,16,14,12,62,0,0,0,62
04/10/2016,ACY,NJ,AEA,EN,Combined TRACON& Tower with Radar,18,29,13,1,61,0,2,26,6,34,18,31,39,7,95,42,78,120,215
04/11/2016,ACY,NJ,AEA,EN,Combined TRACON& Tower with Radar,19,12,10,14,55,0,0,10,47,57,19,12,20,61,112,0,18,18,130
04/12/2016,ACY,NJ,AEA,EN,Combined TRACON& Tower with Radar,20,7,12,27,66,0,0,13,25,38,20,7,25,52,104,0,25,25,129
04/13/2016,ACY,NJ,AEA,EN,Combined TRACON& Tower with Radar,17,10,18,56,101,0,0,88,56,144,17,10,106,112,245,22,40,62,307
04/14/2016,ACY,NJ,AEA,EN,Combined TRACON& Tower with Radar,24,18,16,65,123,0,8,54,43,105,24,26,70,108,228,38,34,72,300
04/15/2016,ACY,NJ,AEA,EN,Combined TRACON& Tower with Radar,21,23,18,64,126,0,11,41,26,78,21,34,59,90,204,26,56,82,286
04/16/2016,ACY,NJ,AEA,EN,Combined TRACON& Tower with Radar,22,24,20,8,74,0,3,32,5,40,22,27,52,13,114,44,44,88,202
04/17/2016,ACY,NJ,AEA,EN,Combined TRACON& Tower with Radar,23,22,17,5,67,0,0,45,4,49,23,22,62,9,116,0,34,34,150
04/18/2016,ACY,NJ,AEA,EN,Combined TRACON& Tower with Radar,22,12,11,39,84,0,1,46,16,63,22,13,57,55,147,26,65,91,238
04/19/2016,ACY,NJ,AEA,EN,Combined TRACON& Tower with Radar,22,12,21,65,120,1,0,37,37,75,23,12,58,102,195,12,70,82,277
04/20/2016,ACY,NJ,AEA,EN,Combined TRACON& Tower with Radar,22,22,9,28,81,0,0,26,27,53,22,22,35,55,134,60,44,104,238
04/21/2016,ACY,NJ,AEA,EN,Combined TRACON& Tower with Radar,22,15,23,38,98,0,1,37,37,75,22,16,60,75,173,22,76,98,271
04/22/2016,ACY,NJ,AEA,EN,Combined TRACON& Tower with Radar,22,19,16,22,79,0,0,53,26,79,22,19,69,48,158,20,81,101,259
04/23/2016,ACY,NJ,AEA,EN,Combined TRACON& Tower with Radar,22,11,16,3,52,0,0,8,11,19,22,11,24,14,71,12,20,32,103
04/24/2016,ACY,NJ,AEA,EN,Combined TRACON& Tower with Radar,24,15,19,0,58,0,0,31,10,41,24,15,50,10,99,0,0,0,99
04/25/2016,ACY,NJ,AEA,EN,Combined TRACON& Tower with Radar,22,11,19,42,94,0,0,63,29,92,22,11,82,71,186,16,34,50,236
04/26/2016,ACY,NJ,AEA,EN,Combined TRACON& Tower with Radar,21,8,17,15,61,0,0,39,19,58,21,8,56,34,119,14,24,38,157
04/27/2016,ACY,NJ,AEA,EN,Combined TRACON& Tower with Radar,23,10,22,49,104,1,0,31,39,71,24,10,53,88,175,0,20,20,195
04/28/2016,ACY,NJ,AEA,EN,Combined TRACON& Tower with Radar,21,23,31,94,169,0,0,18,27,45,21,23,49,121,214,0,78,78,292
04/29/2016,ACY,NJ,AEA,EN,Combined TRACON& Tower with Radar,23,27,29,48,127,0,0,14,22,36,23,27,43,70,163,18,44,62,225
04/30/2016,ACY,NJ,AEA,EN,Combined TRACON& Tower with Radar,22,14,22,6,64,0,0,11,10,21,22,14,33,16,85,0,26,26,111
05/01/2016,ACY,NJ,AEA,EN,Combined TRACON& Tower with Radar,22,28,23,12,85,0,0,3,2,5,22,28,26,14,90,0,2,2,92
05/02/2016,ACY,NJ,AEA,EN,Combined TRACON& Tower with Radar,21,15,6,5,47,0,0,1,1,2,21,15,7,6,49,0,0,0,49
05/03/2016,ACY,NJ,AEA,EN,Combined TRACON& Tower with Radar,23,7,35,8,73,0,0,2,6,8,23,7,37,14,81,0,0,0,81
05/04/2016,ACY,NJ,AEA,EN,Combined TRACON& Tower with Radar,22,7,18,2,49,0,0,0,4,4,22,7,18,6,53,0,0,0,53
05/05/2016,ACY,NJ,AEA,EN,Combined TRACON& Tower with Radar,23,17,36,39,115,0,0,4,15,19,23,17,40,54,134,20,68,88,222
05/06/2016,ACY,NJ,AEA,EN,Combined TRACON& Tower with Radar,22,10,13,10,55,0,0,0,2,2,22,10,13,12,57,0,36,36,93
05/07/2016,ACY,NJ,AEA,EN,Combined TRACON& Tower with Radar,22,13,20,15,70,0,0,5,8,13,22,13,25,23,83,0,10,10,93
05/08/2016,ACY,NJ,AEA,EN,Combined TRACON& Tower with Radar,20,14,11,11,56,0,0,22,4,26,20,14,33,15,82,0,0,0,82
05/09/2016,ACY,NJ,AEA,EN,Combined TRACON& Tower with Radar,21,14,13,31,79,0,0,17,60,77,21,14,30,91,156,24,76,100,256
05/10/2016,ACY,NJ,AEA,EN,Combined TRACON& Tower with Radar,21,12,30,5,68,0,9,36,18,63,21,21,66,23,131,20,35,55,186
05/11/2016,ACY,NJ,AEA,EN,Combined TRACON& Tower with Radar,24,11,18,36,89,0,0,43,36,79,24,11,61,72,168,10,28,38,206
05/12/2016,ACY,NJ,AEA,EN,Combined TRACON& Tower with Radar,21,18,37,50,126,0,0,38,48,86,21,18,75,98,212,68,100,168,380
05/13/2016,ACY,NJ,AEA,EN,Combined TRACON& Tower with Radar,22,25,20,17,84,0,0,3,17,20,22,25,23,34,104,8,4,12,116
05/14/2016,ACY,NJ,AEA,EN,Combined TRACON& Tower with Radar,22,21,17,5,65,0,1,41,15,57,22,22,58,20,122,0,10,10,132
05/15/2016,ACY,NJ,AEA,EN,Combined TRACON& Tower with Radar,22,37,20,3,82,0,0,9,17,26,22,37,29,20,108,0,10,10,118
05/16/2016,ACY,NJ,AEA,EN,Combined TRACON& Tower with Radar,24,22,16,32,94,1,0,31,31,63,25,22,47,63,157,4,68,72,229
05/17/2016,ACY,NJ,AEA,EN,Combined TRACON& Tower with Radar,23,7,7,26,63,0,0,13,24,37,23,7,20,50,100,0,78,78,178
05/18/2016,ACY,NJ,AEA,EN,Combined TRACON& Tower with Radar,19,23,27,75,144,0,1,24,46,71,19,24,51,121,215,6,94,100,315
05/19/2016,ACY,NJ,AEA,EN,Combined TRACON& Tower with Radar,22,26,27,44,119,0,0,49,31,80,22,26,76,75,199,78,42,120,319
05/20/2016,ACY,NJ,AEA,EN,Combined TRACON& Tower with Radar,22,14,19,10,65,0,5,49,14,68,22,19,68,24,133,16,32,48,181
05/21/2016,ACY,NJ,AEA,EN,Combined TRACON& Tower with Radar,22,20,30,20,92,0,0,6,4,10,22,20,36,24,102,4,48,52,154
05/22/2016,ACY,NJ,AEA,EN,Combined TRACON& Tower with Radar,22,27,48,1,98,0,0,4,4,8,22,27,52,5,106,0,44,44,150
05/23/2016,ACY,NJ,AEA,EN,Combined TRACON& Tower with Radar,21,11,20,3,55,0,0,15,10,25,21,11,35,13,80,0,0,0,80
05/24/2016,ACY,NJ,AEA,EN,Combined TRACON& Tower with Radar,21,7,16,14,58,0,1,25,44,70,21,8,41,58,128,6,24,30,158
05/25/2016,ACY,NJ,AEA,EN,Combined TRACON& Tower with Radar,23,10,33,54,120,0,0,52,32,84,23,10,85,86,204,36,146,182,386
05/26/2016,ACY,NJ,AEA,EN,Combined TRACON& Tower with Radar,22,19,34,44,119,0,0,48,33,81,22,19,82,77,200,8,148,156,356
05/27/2016,ACY,NJ,AEA,EN,Combined TRACON& Tower with Radar,20,28,20,0,68,0,2,46,34,82,20,30,66,34,150,30,22,52,202
05/28/2016,ACY,NJ,AEA,EN,Combined TRACON& Tower with Radar,22,21,20,0,63,0,0,30,16,46,22,21,50,16,109,64,0,64,173
05/29/2016,ACY,NJ,AEA,EN,Combined TRACON& Tower with Radar,21,32,33,0,86,1,2,28,5,36,22,34,61,5,122,0,12,12,134
05/30/2016,ACY,NJ,AEA,EN,Combined TRACON& Tower with Radar,22,23,24,4,73,0,0,0,0,0,22,23,24,4,73,0,0,0,73
05/31/2016,ACY,NJ,AEA,EN,Combined TRACON& Tower with Radar,22,38,15,26,101,0,0,16,17,33,22,38,31,43,134,10,42,52,186
06/01/2016,ACY,NJ,AEA,EN,Combined TRACON& Tower with Radar,24,10,25,117,176,0,0,48,52,100,24,10,73,169,276,24,92,116,392
06/02/2016,ACY,NJ,AEA,EN,Combined TRACON& Tower with Radar,21,17,31,36,105,0,0,5,20,25,21,17,36,56,130,0,10,10,140
06/03/2016,ACY,NJ,AEA,EN,Combined TRACON& Tower with Radar,22,20,32,20,94,0,0,9,14,23,22,20,41,34,117,0,10,10,127
06/04/2016,ACY,NJ,AEA,EN,Combined TRACON& Tower with Radar,16,13,27,2,58,0,0,30,8,38,16,13,57,10,96,16,0,16,112
06/05/2016,ACY,NJ,AEA,EN,Combined TRACON& Tower with Radar,22,18,22,1,63,0,1,3,8,12,22,19,25,9,75,0,14,14,89
06/06/2016,ACY,NJ,AEA,EN,Combined TRACON& Tower with Radar,22,10,23,47,102,0,0,53,30,83,22,10,76,77,185,20,58,78,263
06/07/2016,ACY,NJ,AEA,EN,Combined TRACON& Tower with Radar,24,6,39,43,112,0,1,14,31,46,24,7,53,74,158,4,42,46,204
06/08/2016,ACY,NJ,AEA,EN,Combined TRACON& Tower with Radar,24,9,17,26,76,0,0,14,22,36,24,9,31,48,112,0,0,0,112
06/09/2016,ACY,NJ,AEA,EN,Combined TRACON& Tower with Radar,21,15,18,55,109,0,1,24,52,77,21,16,42,107,186,68,84,152,338
06/10/2016,ACY,NJ,AEA,EN,Combined TRACON& Tower with Radar,22,32,19,140,213,0,1,55,38,94,22,33,74,178,307,22,158,180,487
06/11/2016,ACY,NJ,AEA,EN,Combined TRACON& Tower with Radar,22,15,18,32,87,0,0,43,7,50,22,15,61,39,137,20,78,98,235
06/12/2016,ACY,NJ,AEA,EN,Combined TRACON& Tower with Radar,22,23,17,8,70,0,0,33,6,39,22,23,50,14,109,4,20,24,133
06/13/2016,ACY,NJ,AEA,EN,Combined TRACON& Tower with Radar,21,12,20,62,115,0,0,42,46,88,21,12,62,108,203,2,66,68,271
06/14/2016,ACY,NJ,AEA,EN,Combined TRACON& Tower with Radar,20,21,24,43,108,0,2,36,39,77,20,23,60,82,185,20,48,68,253
06/15/2016,ACY,NJ,AEA,EN,Combined TRACON& Tower with Radar,21,6,32,40,99,0,2,56,38,96,21,8,88,78,195,62,90,152,347
06/16/2016,ACY,NJ,AEA,EN,Combined TRACON& Tower with Radar,23,25,22,13,83,0,0,8,19,27,23,25,30,32,110,8,80,88,198
06/17/2016,ACY,NJ,AEA,EN,Combined TRACON& Tower with Radar,21,27,18,17,83,0,0,47,32,79,21,27,65,49,162,30,64,94,256
06/18/2016,ACY,NJ,AEA,EN,Combined TRACON& Tower with Radar,22,15,8,1,46,0,0,67,21,88,22,15,75,22,134,54,52,106,240
06/19/2016,ACY,NJ,AEA,EN,Combined TRACON& Tower with Radar,23,28,12,1,64,1,0,48,12,61,24,28,60,13,125,0,0,0,125
06/20/2016,ACY,NJ,AEA,EN,Combined TRACON& Tower with Radar,22,14,19,64,119,0,0,39,24,63,22,14,58,88,182,22,22,44,226
06/21/2016,ACY,NJ,AEA,EN,Combined TRACON& Tower with Radar,21,14,20,62,117,0,0,7,42,49,21,14,27,104,166,17,8,25,191
06/22/2016,ACY,NJ,AEA,EN,Combined TRACON& Tower with Radar,23,29,22,36,110,0,0,62,44,106,23,29,84,80,216,54,28,82,298
06/23/2016,ACY,NJ,AEA,EN,Combined TRACON& Tower with Radar,20,19,20,14,73,0,0,21,34,55,20,19,41,48,128,4,28,32,160
06/24/2016,ACY,NJ,AEA,EN,Combined TRACON& Tower with Radar,24,34,35,20,113,0,1,11,5,17,24,35,46,25,130,0,0,0,130
06/25/2016,ACY,NJ,AEA,EN,Combined TRACON& Tower with Radar,22,15,20,2,59,0,0,32,5,37,22,15,52,7,96,0,0,0,96
06/26/2016,ACY,NJ,AEA,EN,Combined TRACON& Tower with Radar,22,26,18,0,66,0,1,48,7,56,22,27,66,7,122,2,0,2,124
06/27/2016,ACY,NJ,AEA,EN,Combined TRACON& Tower with Radar,24,11,14,18,67,0,0,18,35,53,24,11,32,53,120,0,54,54,174
06/28/2016,ACY,NJ,AEA,EN,Combined TRACON& Tower with Radar,22,10,16,21,69,0,0,0,9,9,22,10,16,30,78,0,18,18,96
06/29/2016,ACY,NJ,AEA,EN,Combined TRACON& Tower with Radar,22,12,20,74,128,0,0,41,30,71,22,12,61,104,199,18,54,72,271
06/30/2016,ACY,NJ,AEA,EN,Combined TRACON& Tower with Radar,21,14,25,75,135,0,0,38,39,77,21,14,63,114,212,2,82,84,296
07/01/2016,ACY,NJ,AEA,EN,Combined TRACON& Tower with Radar,21,18,28,30,97,0,0,18,19,37,21,18,46,49,134,0,8,8,142
07/02/2016,ACY,NJ,AEA,EN,Combined TRACON& Tower with Radar,22,22,22,9,75,1,1,29,6,37,23,23,51,15,112,22,0,22,134
07/03/2016,ACY,NJ,AEA,EN,Combined TRACON& Tower with Radar,25,20,16,1,62,0,0,17,7,24,25,20,33,8,86,0,11,11,97
07/04/2016,ACY,NJ,AEA,EN,Combined TRACON& Tower with Radar,22,16,17,0,55,0,2,30,30,62,22,18,47,30,117,8,0,8,125
07/05/2016,ACY,NJ,AEA,EN,Combined TRACON& Tower with Radar,23,15,21,8,67,0,1,23,32,56,23,16,44,40,123,0,15,15,138
07/06/2016,ACY,NJ,AEA,EN,Combined TRACON& Tower with Radar,22,10,25,40,97,0,2,97,43,142,22,12,122,83,239,0,20,20,259
07/07/2016,ACY,NJ,AEA,EN,Combined TRACON& Tower with Radar,23,16,21,71,131,0,0,151,32,183,23,16,172,103,314,42,98,140,454
07/08/2016,ACY,NJ,AEA,EN,Combined TRACON& Tower with Radar,26,12,19,42,99,0,1,15,14,30,26,13,34,56,129,6,28,34,163
07/09/2016,ACY,NJ,AEA,EN,Combined TRACON& Tower with Radar,24,14,33,6,77,0,0,2,4,6,24,14,35,10,83,0,0,0,83
07/10/2016,ACY,NJ,AEA,EN,Combined TRACON& Tower with Radar,26,14,25,2,67,0,0,22,7,29,26,14,47,9,96,0,0,0,96
07/11/2016,ACY,NJ,AEA,EN,Combined TRACON& Tower with Radar,21,6,21,63,111,0,0,31,32,63,21,6,52,95,174,16,68,84,258
07/12/2016,ACY,NJ,AEA,EN,Combined TRACON& Tower with Radar,21,9,30,21,81,0,2,51,24,77,21,11,81,45,158,2,28,30,188
07/13/2016,ACY,NJ,AEA,EN,Combined TRACON& Tower with Radar,21,5,37,9,72,0,0,24,14,38,21,5,61,23,110,28,24,52,162
07/14/2016,ACY,NJ,AEA,EN,Combined TRACON& Tower with Radar,32,9,24,49,114,0,0,18,13,31,32,9,42,62,145,0,46,46,191
07/15/2016,ACY,NJ,AEA,EN,Combined TRACON& Tower with Radar,25,17,25,41,108,1,0,40,20,61,26,17,65,61,169,0,66,66,235
07/16/2016,ACY,NJ,AEA,EN,Combined TRACON& Tower with Radar,27,14,12,0,53,0,0,25,5,30,27,14,37,5,83,20,1,21,104
07/17/2016,ACY,NJ,AEA,EN,Combined TRACON& Tower with Radar,23,24,20,1,68,0,1,49,7,57,23,25,69,8,125,0,4,4,129
07/18/2016,ACY,NJ,AEA,EN,Combined TRACON& Tower with Radar,27,12,30,7,76,0,1,23,19,43,27,13,53,26,119,8,24,32,151
07/19/2016,ACY,NJ,AEA,EN,Combined TRACON& Tower with Radar,22,12,11,22,67,0,1,30,13,44,22,13,41,35,111,49,28,77,188
07/20/2016,ACY,NJ,AEA,EN,Combined TRACON& Tower with Radar,22,9,12,54,97,0,0,50,21,71,22,9,62,75,168,20,46,66,234
07/21/2016,ACY,NJ,AEA,EN,Combined TRACON& Tower with Radar,26,17,31,46,120,0,0,43,43,86,26,17,74,89,206,1,5,6,212
07/22/2016,ACY,NJ,AEA,EN,Combined TRACON& Tower with Radar,25,23,31,2,81,0,6,47,20,73,25,29,78,22,154,24,46,70,224
07/23/2016,ACY,NJ,AEA,EN,Combined TRACON& Tower with Radar,26,14,14,0,54,0,0,33,7,40,26,14,47,7,94,24,0,24,118
07/24/2016,ACY,NJ,AEA,EN,Combined TRACON& Tower with Radar,22,24,21,4,71,0,0,27,9,36,22,24,48,13,107,0,62,62,169
07/25/2016,ACY,NJ,AEA,EN,Combined TRACON& Tower with Radar,31,13,27,30,101,0,1,17,32,50,31,14,44,62,151,36,76,112,263
07/26/2016,ACY,NJ,AEA,EN,Combined TRACON& Tower with Radar,22,12,14,82,130,0,7,26,59,92,22,19,40,141,222,9,6,15,237
07/27/2016,ACY,NJ,AEA,EN,Combined TRACON& Tower with Radar,22,10,16,44,92,0,1,41,20,62,22,11,57,64,154,20,22,42,196
07/28/2016,ACY,NJ,AEA,EN,Combined TRACON& Tower with Radar,23,15,34,58,130,0,2,22,15,39,23,17,56,73,169,6,52,58,227
07/29/2016,ACY,NJ,AEA,EN,Combined TRACON& Tower with Radar,32,20,25,18,95,0,0,49,30,79,32,20,74,48,174,14,50,64,238
07/30/2016,ACY,NJ,AEA,EN,Combined TRACON& Tower with Radar,23,11,18,5,57,0,0,49,14,63,23,11,67,19,120,26,62,88,208
07/31/2016,ACY,NJ,AEA,EN,Combined TRACON& Tower with Radar,30,28,14,7,79,0,0,16,10,26,30,28,30,17,105,30,20,50,155
08/01/2016,ACY,NJ,AEA,EN,Combined TRACON& Tower with Radar,23,15,25,27,90,0,0,4,18,22,23,15,29,45,112,0,10,10,122
08/02/2016,ACY,NJ,AEA,EN,Combined TRACON& Tower with Radar,23,19,27,37,106,0,0,28,17,45,23,19,55,54,151,28,24,52,203
08/03/2016,ACY,NJ,AEA,EN,Combined TRACON& Tower with Radar,24,11,21,41,97,0,2,41,13,56,24,13,62,54,153,10,52,62,215
08/04/2016,ACY,NJ,AEA,EN,Combined TRACON& Tower with Radar,26,28,39,48,141,0,0,45,23,68,26,28,84,71,209,40,50,90,299
08/05/2016,ACY,NJ,AEA,EN,Combined TRACON& Tower with Radar,30,37,25,70,162,0,1,56,34,91,30,38,81,104,253,38,162,200,453
08/06/2016,ACY,NJ,AEA,EN,Combined TRACON& Tower with Radar,24,16,19,5,64,1,0,12,13,26,25,16,31,18,90,10,56,66,156
08/07/2016,ACY,NJ,AEA,EN,Combined TRACON& Tower with Radar,31,33,25,17,106,0,0,41,19,60,31,33,66,36,166,10,42,52,218
08/08/2016,ACY,NJ,AEA,EN,Combined TRACON& Tower with Radar,24,10,14,91,139,0,1,42,22,65,24,11,56,113,204,14,66,80,284
08/09/2016,ACY,NJ,AEA,EN,Combined TRACON& Tower with Radar,24,7,25,58,114,0,0,34,21,55,24,7,59,79,169,10,58,68,237
08/10/2016,ACY,NJ,AEA,EN,Combined TRACON& Tower with Radar,21,6,22,13,62,1,0,32,52,85,22,6,54,65,147,8,26,34,181
08/11/2016,ACY,NJ,AEA,EN,Combined TRACON& Tower with Radar,27,12,23,55,117,0,0,28,28,56,27,12,51,83,173,2,28,30,203
08/12/2016,ACY,NJ,AEA,EN,Combined TRACON& Tower with Radar,25,17,29,24,95,0,2,43,27,72,25,19,72,51,167,22,90,112,279
08/13/2016,ACY,NJ,AEA,EN,Combined TRACON& Tower with Radar,25,17,15,18,75,0,0,30,24,54,25,17,45,42,129,6,76,82,211
08/14/2016,ACY,NJ,AEA,EN,Combined TRACON& Tower with Radar,28,19,19,1,67,0,0,58,19,77,28,19,77,20,144,9,0,9,153
08/15/2016,ACY,NJ,AEA,EN,Combined TRACON& Tower with Radar,23,19,19,66,127,0,1,47,27,75,23,20,66,93,202,48,44,92,294
08/16/2016,ACY,NJ,AEA,EN,Combined TRACON& Tower with Radar,24,13,41,25,103,0,2,35,29,66,24,15,76,54,169,0,58,58,227
08/17/2016,ACY,NJ,AEA,EN,Combined TRACON& Tower with Radar,22,8,17,6,53,1,2,76,36,115,23,10,93,42,168,10,16,26,194
08/18/2016,ACY,NJ,AEA,EN,Combined TRACON& Tower with Radar,25,39,29,66,159,0,0,44,35,79,25,39,73,101,238,50,124,174,412
08/19/2016,ACY,NJ,AEA,EN,Combined TRACON& Tower with Radar,26,50,25,70,171,0,0,51,19,70,26,50,76,89,241,12,88,100,341
08/20/2016,ACY,NJ,AEA,EN,Combined TRACON& Tower with Radar,26,18,9,2,55,0,0,34,15,49,26,18,43,17,104,2,4,6,110
08/21/2016,ACY,NJ,AEA,EN,Combined TRACON& Tower with Radar,28,26,9,17,80,0,0,24,18,42,28,26,33,35,122,38,22,60,182
08/22/2016,ACY,NJ,AEA,EN,Combined TRACON& Tower with Radar,24,20,24,57,125,1,0,47,37,85,25,20,71,94,210,18,60,78,288
08/23/2016,ACY,NJ,AEA,EN,Combined TRACON& Tower with Radar,24,14,22,70,130,0,0,45,31,76,24,14,67,101,206,42,62,104,310
08/24/2016,ACY,NJ,AEA,EN,Combined TRACON& Tower with Radar,23,9,38,75,145,0,0,59,16,75,23,9,97,91,220,42,128,170,390
08/25/2016,ACY,NJ,AEA,EN,Combined TRACON& Tower with Radar,24,17,44,49,134,0,0,66,27,93,24,17,110,76,227,8,100,108,335
08/26/2016,ACY,NJ,AEA,EN,Combined TRACON& Tower with Radar,26,21,36,34,117,0,0,43,21,64,26,21,79,55,181,46,100,146,327
08/27/2016,ACY,NJ,AEA,EN,Combined TRACON& Tower with Radar,25,11,20,21,77,0,0,47,13,60,25,11,67,34,137,28,38,66,203
08/28/2016,ACY,NJ,AEA,EN,Combined TRACON& Tower with Radar,25,19,33,1,78,0,2,54,3,59,25,21,87,4,137,20,10,30,167
08/29/2016,ACY,NJ,AEA,EN,Combined TRACON& Tower with Radar,24,16,25,39,104,0,5,57,27,89,24,21,82,66,193,24,78,102,295
08/30/2016,ACY,NJ,AEA,EN,Combined TRACON& Tower with Radar,26,7,19,48,100,0,0,45,34,79,26,7,64,82,179,54,42,96,275
08/31/2016,ACY,NJ,AEA,EN,Combined TRACON& Tower with Radar,21,10,31,85,147,0,0,33,28,61,21,10,64,113,208,0,136,136,344
09/01/2016,ACY,NJ,AEA,EN,Combined TRACON& Tower with Radar,27,16,40,41,124,0,0,22,20,42,27,16,62,61,166,0,52,52,218
09/02/2016,ACY,NJ,AEA,EN,Combined TRACON& Tower with Radar,21,22,23,2,68,0,0,30,26,56,21,22,53,28,124,10,34,44,168
09/03/2016,ACY,NJ,AEA,EN,Combined TRACON& Tower with Radar,24,16,20,0,60,0,0,13,8,21,24,16,33,8,81,0,34,34,115
09/04/2016,ACY,NJ,AEA,EN,Combined TRACON& Tower with Radar,26,19,16,0,61,0,0,29,5,34,26,19,45,5,95,0,0,0,95
09/05/2016,ACY,NJ,AEA,EN,Combined TRACON& Tower with Radar,22,9,14,1,46,0,0,19,9,28,22,9,33,10,74,6,0,6,80
09/06/2016,ACY,NJ,AEA,EN,Combined TRACON& Tower with Radar,23,12,14,49,98,0,2,15,26,43,23,14,29,75,141,2,80,82,223
09/07/2016,ACY,NJ,AEA,EN,Combined TRACON& Tower with Radar,22,7,29,15,73,0,0,42,22,64,22,7,71,37,137,46,122,168,305
09/08/2016,ACY,NJ,AEA,EN,Combined TRACON& Tower with Radar,18,16,35,41,110,0,1,46,40,87,18,17,81,81,197,30,42,72,269
09/09/2016,ACY,NJ,AEA,EN,Combined TRACON& Tower with Radar,20,13,20,9,62,0,0,38,19,57,20,13,58,28,119,6,36,42,161
09/10/2016,ACY,NJ,AEA,EN,Combined TRACON& Tower with Radar,19,6,15,2,42,0,0,29,8,37,19,6,44,10,79,6,28,34,113
09/11/2016,ACY,NJ,AEA,EN,Combined TRACON& Tower with Radar,21,24,21,1,67,0,0,67,18,85,21,24,88,19,152,0,0,0,152
09/12/2016,ACY,NJ,AEA,EN,Combined TRACON& Tower with Radar,17,7,18,36,78,1,0,37,31,69,18,7,55,67,147,0,14,14,161
09/13/2016,ACY,NJ,AEA,EN,Combined TRACON& Tower with Radar,20,11,18,56,105,1,1,74,35,111,21,12,92,91,216,42,94,136,352
09/14/2016,ACY,NJ,AEA,EN,Combined TRACON& Tower with Radar,20,11,18,25,74,0,0,32,27,59,20,11,50,52,133,12,62,74,207
09/15/2016,ACY,NJ,AEA,EN,Combined TRACON& Tower with Radar,18,15,21,45,99,0,0,73,32,105,18,15,94,77,204,48,106,154,358
09/16/2016,ACY,NJ,AEA,EN,Combined TRACON& Tower with Radar,20,21,14,47,102,0,0,39,38,77,20,21,53,85,179,56,152,208,387
09/17/2016,ACY,NJ,AEA,EN,Combined TRACON& Tower with Radar,21,9,16,12,58,0,0,46,13,59,21,9,62,25,117,32,66,98,215
09/18/2016,ACY,NJ,AEA,EN,Combined TRACON& Tower with Radar,20,23,17,7,67,0,0,17,2,19,20,23,34,9,86,14,8,22,108
09/19/2016,ACY,NJ,AEA,EN,Combined TRACON& Tower with Radar,17,12,12,21,62,0,0,6,8,14,17,12,18,29,76,34,16,50,126
09/20/2016,ACY,NJ,AEA,EN,Combined TRACON& Tower with Radar,19,6,17,36,78,0,0,6,13,19,19,6,23,49,97,1,4,5,102
09/21/2016,ACY,NJ,AEA,EN,Combined TRACON& Tower with Radar,17,12,32,43,104,0,0,44,14,58,17,12,76,57,162,8,42,50,212
09/22/2016,ACY,NJ,AEA,EN,Combined TRACON& Tower with Radar,19,13,30,93,155,0,0,70,23,93,19,13,100,116,248,24,30,54,302
09/23/2016,ACY,NJ,AEA,EN,Combined TRACON& Tower with Radar,20,25,33,16,94,0,1,49,11,61,20,26,82,27,155,0,0,0,155
09/24/2016,ACY,NJ,AEA,EN,Combined TRACON& Tower with Radar,17,5,19,9,50,0,0,5,0,5,17,5,24,9,55,0,0,0,55
09/25/2016,ACY,NJ,AEA,EN,Combined TRACON& Tower with Radar,22,18,20,0,60,0,1,53,10,64,22,19,73,10,124,0,0,0,124
09/26/2016,ACY,NJ,AEA,EN,Combined TRACON& Tower with Radar,22,5,23,8,58,0,2,47,18,67,22,7,70,26,125,20,38,58,183
09/27/2016,ACY,NJ,AEA,EN,Combined TRACON& Tower with Radar,16,4,26,33,79,0,0,23,22,45,16,4,49,55,124,3,45,48,172
09/28/2016,ACY,NJ,AEA,EN,Combined TRACON& Tower with Radar,17,7,20,18,62,0,0,12,19,31,17,7,32,37,93,18,16,34,127
09/29/2016,ACY,NJ,AEA,EN,Combined TRACON& Tower with Radar,19,11,8,5,43,0,0,0,12,12,19,11,8,17,55,0,0,0,55
09/30/2016,ACY,NJ,AEA,EN,Combined TRACON& Tower with Radar,20,15,15,0,50,0,0,0,2,2,20,15,15,2,52,0,0,0,52
10/01/2016,ACY,NJ,AEA,EN,Combined TRACON& Tower with Radar,20,4,13,11,48,0,0,0,2,2,20,4,13,13,50,0,0,0,50
10/02/2016,ACY,NJ,AEA,EN,Combined TRACON& Tower with Radar,22,10,13,4,49,0,0,0,2,2,22,10,13,6,51,0,0,0,51
10/03/2016,ACY,NJ,AEA,EN,Combined TRACON& Tower with Radar,18,4,19,21,62,0,0,11,11,22,18,4,30,32,84,0,34,34,118
10/04/2016,ACY,NJ,AEA,EN,Combined TRACON& Tower with Radar,16,7,15,58,96,0,0,19,12,31,16,7,34,70,127,0,16,16,143
10/05/2016,ACY,NJ,AEA,EN,Combined TRACON& Tower with Radar,16,8,13,55,92,0,0,16,16,32,16,8,29,71,124,30,56,86,210
10/06/2016,ACY,NJ,AEA,EN,Combined TRACON& Tower with Radar,17,15,24,52,108,0,1,43,25,69,17,16,67,77,177,64,80,144,321
10/07/2016,ACY,NJ,AEA,EN,Combined TRACON& Tower with Radar,17,19,24,4,64,0,0,30,16,46,17,19,54,20,110,4,4,8,118
10/08/2016,ACY,NJ,AEA,EN,Combined TRACON& Tower with Radar,21,11,28,3,63,0,0,4,2,6,21,11,32,5,69,0,0,0,69
10/09/2016,ACY,NJ,AEA,EN,Combined TRACON& Tower with Radar,17,25,19,3,64,0,0,6,1,7,17,25,25,4,71,0,0,0,71
10/10/2016,ACY,NJ,AEA,EN,Combined TRACON& Tower with Radar,23,10,13,5,51,0,0,16,9,25,23,10,29,14,76,0,22,22,98
10/11/2016,ACY,NJ,AEA,EN,Combined TRACON& Tower with Radar,21,6,16,42,85,0,0,43,19,62,21,6,59,61,147,0,22,22,169
10/12/2016,ACY,NJ,AEA,EN,Combined TRACON& Tower with Radar,20,9,44,45,118,0,0,22,23,45,20,9,66,68,163,110,50,160,323
10/13/2016,ACY,NJ,AEA,EN,Combined TRACON& Tower with Radar,16,20,23,68,127,0,0,26,32,58,16,20,49,100,185,56,70,126,311
10/14/2016,ACY,NJ,AEA,EN,Combined TRACON& Tower with Radar,22,18,23,73,136,0,2,32,15,49,22,20,55,88,185,10,18,28,213
10/15/2016,ACY,NJ,AEA,EN,Combined TRACON& Tower with Radar,19,6,16,19,60,0,0,32,4,36,19,6,48,23,96,8,20,28,124
10/16/2016,ACY,NJ,AEA,EN,Combined TRACON& Tower with Radar,21,8,15,10,54,0,4,48,13,65,21,12,63,23,119,30,14,44,163
10/17/2016,ACY,NJ,AEA,EN,Combined TRACON& Tower with Radar,16,4,23,46,89,0,0,46,25,71,16,4,69,71,160,18,50,68,228
10/18/2016,ACY,NJ,AEA,EN,Combined TRACON& Tower with Radar,19,6,18,51,94,0,0,17,27,44,19,6,35,78,138,12,90,102,240
10/19/2016,ACY,NJ,AEA,EN,Combined TRACON& Tower with Radar,16,5,30,20,71,0,0,54,38,92,16,5,84,58,163,12,76,88,251
10/20/2016,ACY,NJ,AEA,EN,Combined TRACON& Tower with Radar,20,19,23,75,137,0,0,8,23,31,20,19,31,98,168,22,48,70,238
10/21/2016,ACY,NJ,AEA,EN,Combined TRACON& Tower with Radar,20,22,21,17,80,0,0,4,12,16,20,22,25,29,96,0,0,0,96
10/22/2016,ACY,NJ,AEA,EN,Combined TRACON& Tower with Radar,17,10,17,1,45,0,0,9,8,17,17,10,26,9,62,26,8,34,96
10/23/2016,ACY,NJ,AEA,EN,Combined TRACON& Tower with Radar,17,19,16,2,54,0,0,22,4,26,17,19,38,6,80,10,14,24,104
10/24/2016,ACY,NJ,AEA,EN,Combined TRACON& Tower with Radar,16,10,28,38,92,0,0,21,28,49,16,10,49,66,141,14,50,64,205
10/25/2016,ACY,NJ,AEA,EN,Combined TRACON& Tower with Radar,16,7,13,57,93,0,2,47,39,88,16,9,60,96,181,14,50,64,245
10/26/2016,ACY,NJ,AEA,EN,Combined TRACON& Tower with Radar,20,8,22,49,99,0,0,21,33,54,20,8,43,82,153,1,38,39,192
10/27/2016,ACY,NJ,AEA,EN,Combined TRACON& Tower with Radar,17,11,17,12,57,0,0,4,23,27,17,11,21,35,84,0,0,0,84
10/28/2016,ACY,NJ,AEA,EN,Combined TRACON& Tower with Radar,20,15,15,9,59,0,0,14,12,26,20,15,29,21,85,4,22,26,111
10/29/2016,ACY,NJ,AEA,EN,Combined TRACON& Tower with Radar,23,14,22,0,59,0,0,34,6,40,23,14,56,6,99,6,10,16,115
10/30/2016,ACY,NJ,AEA,EN,Combined TRACON& Tower with Radar,26,27,15,3,71,0,0,42,23,65,26,27,57,26,136,0,0,0,136
10/31/2016,ACY,NJ,AEA,EN,Combined TRACON& Tower with Radar,19,13,15,72,119,0,4,30,28,62,19,17,45,100,181,22,70,92,273
11/01/2016,ACY,NJ,AEA,EN,Combined TRACON& Tower with Radar,20,8,13,31,72,0,2,37,17,56,20,10,50,48,128,8,34,42,170
11/02/2016,ACY,NJ,AEA,EN,Combined TRACON& Tower with Radar,19,9,17,47,92,0,0,36,30,66,19,9,53,77,158,12,40,52,210
11/03/2016,ACY,NJ,AEA,EN,Combined TRACON& Tower with Radar,18,15,27,24,84,0,2,37,18,57,18,17,64,42,141,12,72,84,225
11/04/2016,ACY,NJ,AEA,EN,Combined TRACON& Tower with Radar,21,12,16,51,100,0,0,34,15,49,21,12,50,66,149,18,54,72,221
11/05/2016,ACY,NJ,AEA,EN,Combined TRACON& Tower with Radar,21,11,15,13,60,0,0,38,17,55,21,11,53,30,115,36,32,68,183
11/06/2016,ACY,NJ,AEA,EN,Combined TRACON& Tower with Radar,21,15,29,19,84,0,0,28,10,38,21,15,57,29,122,22,34,56,178
11/07/2016,ACY,NJ,AEA,EN,Combined TRACON& Tower with Radar,16,7,20,56,99,0,0,36,39,75,16,7,56,95,174,52,68,120,294
11/08/2016,ACY,NJ,AEA,EN,Combined TRACON& Tower with Radar,18,8,9,89,124,0,0,20,32,52,18,8,29,121,176,4,68,72,248
11/09/2016,ACY,NJ,AEA,EN,Combined TRACON& Tower with Radar,17,14,15,43,89,0,0,1,21,22,17,14,16,64,111,0,28,28,139
11/10/2016,ACY,NJ,AEA,EN,Combined TRACON& Tower with Radar,18,10,17,75,120,0,1,32,23,56,18,11,49,98,176,2,72,74,250
11/11/2016,ACY,NJ,AEA,EN,Combined TRACON& Tower with Radar,24,17,13,2,56,0,0,38,7,45,24,17,51,9,101,28,8,36,137
11/12/2016,ACY,NJ,AEA,EN,Combined TRACON& Tower with Radar,24,13,12,0,49,0,0,31,5,36,24,13,43,5,85,0,3,3,88
11/13/2016,ACY,NJ,AEA,EN,Combined TRACON& Tower with Radar,25,19,7,5,56,0,1,30,8,39,25,20,37,13,95,38,60,98,193
11/14/2016,ACY,NJ,AEA,EN,Combined TRACON& Tower with Radar,20,5,14,28,67,0,0,20,27,47,20,5,34,55,114,4,90,94,208
11/15/2016,ACY,NJ,AEA,EN,Combined TRACON& Tower with Radar,21,4,36,20,81,0,0,10,17,27,21,4,46,37,108,0,10,10,118
11/16/2016,ACY,NJ,AEA,EN,Combined TRACON& Tower with Radar,21,6,21,125,173,0,0,33,14,47,21,6,54,139,220,14,84,98,318
11/17/2016,ACY,NJ,AEA,EN,Combined TRACON& Tower with Radar,23,16,20,22,81,0,0,18,26,44,23,16,38,48,125,8,90,98,223
11/18/2016,ACY,NJ,AEA,EN,Combined TRACON& Tower with Radar,27,22,19,27,95,0,0,29,35,64,27,22,48,62,159,10,90,100,259
11/19/2016,ACY,NJ,AEA,EN,Combined TRACON& Tower with Radar,24,9,17,0,50,18,0,27,5,50,42,9,44,5,100,0,6,6,106
11/20/2016,ACY,NJ,AEA,EN,Combined TRACON& Tower with Radar,22,22,11,0,55,0,0,9,6,15,22,22,20,6,70,0,20,20,90
11/21/2016,ACY,NJ,AEA,EN,Combined TRACON& Tower with Radar,25,6,9,25,65,0,0,9,26,35,25,6,18,51,100,0,52,52,152
11/22/2016,ACY,NJ,AEA,EN,Combined TRACON& Tower with Radar,20,6,7,30,63,0,3,17,43,63,20,9,24,73,126,0,36,36,162
11/23/2016,ACY,NJ,AEA,EN,Combined TRACON& Tower with Radar,21,3,13,5,42,0,0,21,17,38,21,3,34,22,80,0,8,8,88
11/24/2016,ACY,NJ,AEA,EN,Combined TRACON& Tower with Radar,20,3,3,0,26,0,0,5,8,13,20,3,8,8,39,0,0,0,39
11/25/2016,ACY,NJ,AEA,EN,Combined TRACON& Tower with Radar,29,10,11,10,60,0,0,38,8,46,29,10,49,18,106,24,0,24,130
11/26/2016,ACY,NJ,AEA,EN,Combined TRACON& Tower with Radar,25,6,9,1,41,0,0,23,8,31,25,6,32,9,72,20,0,20,92
11/27/2016,ACY,NJ,AEA,EN,Combined TRACON& Tower with Radar,23,8,20,0,51,0,0,33,5,38,23,8,53,5,89,22,0,22,111
11/28/2016,ACY,NJ,AEA,EN,Combined TRACON& Tower with Radar,22,6,20,51,99,0,0,45,60,105,22,6,65,111,204,20,124,144,348
11/29/2016,ACY,NJ,AEA,EN,Combined TRACON& Tower with Radar,21,12,11,14,58,0,0,0,26,26,21,12,11,40,84,0,32,32,116
11/30/2016,ACY,NJ,AEA,EN,Combined TRACON& Tower with Radar,22,4,8,8,42,0,0,0,0,0,22,4,8,8,42,0,0,0,42
12/01/2016,ACY,NJ,AEA,EN,Combined TRACON& Tower with Radar,23,12,8,40,83,0,4,26,28,58,23,16,34,68,141,0,20,20,161
12/02/2016,ACY,NJ,AEA,EN,Combined TRACON& Tower with Radar,25,13,25,30,93,0,0,27,28,55,25,13,52,58,148,0,40,40,188
12/03/2016,ACY,NJ,AEA,EN,Combined TRACON& Tower with Radar,24,6,6,15,51,0,0,23,31,54,24,6,29,46,105,1,26,27,132
12/04/2016,ACY,NJ,AEA,EN,Combined TRACON& Tower with Radar,25,17,14,5,61,0,0,24,4,28,25,17,38,9,89,0,0,0,89
12/05/2016,ACY,NJ,AEA,EN,Combined TRACON& Tower with Radar,24,11,13,50,98,0,2,16,34,52,24,13,29,84,150,2,26,28,178
12/06/2016,ACY,NJ,AEA,EN,Combined TRACON& Tower with Radar,21,10,23,54,108,0,0,14,11,25,21,10,37,65,133,18,52,70,203
12/07/2016,ACY,NJ,AEA,EN,Combined TRACON& Tower with Radar,18,14,7,30,69,0,0,33,23,56,18,14,40,53,125,16,64,80,205
12/08/2016,ACY,NJ,AEA,EN,Combined TRACON& Tower with Radar,20,10,29,41,100,0,0,16,28,44,20,10,45,69,144,2,30,32,176
12/09/2016,ACY,NJ,AEA,EN,Combined TRACON& Tower with Radar,25,18,31,26,100,0,0,28,19,47,25,18,59,45,147,0,54,54,201
12/10/2016,ACY,NJ,AEA,EN,Combined TRACON& Tower with Radar,22,4,7,5,38,0,0,29,8,37,22,4,36,13,75,0,8,8,83
12/11/2016,ACY,NJ,AEA,EN,Combined TRACON& Tower with Radar,22,18,9,1,50,0,0,23,16,39,22,18,32,17,89,6,0,6,95
12/12/2016,ACY,NJ,AEA,EN,Combined TRACON& Tower with Radar,24,5,26,33,88,0,0,8,21,29,24,5,34,54,117,0,58,58,175
12/13/2016,ACY,NJ,AEA,EN,Combined TRACON& Tower with Radar,19,5,14,53,91,0,0,34,36,70,19,5,48,89,161,4,64,68,229
12/14/2016,ACY,NJ,AEA,EN,Combined TRACON& Tower with Radar,18,4,15,71,108,0,0,36,31,67,18,4,51,102,175,0,60,60,235
12/15/2016,ACY,NJ,AEA,EN,Combined TRACON& Tower with Radar,22,6,8,64,100,0,1,11,29,41,22,7,19,93,141,0,124,124,265
12/16/2016,ACY,NJ,AEA,EN,Combined TRACON& Tower with Radar,23,5,13,27,68,0,1,24,33,58,23,6,37,60,126,0,52,52,178
12/17/2016,ACY,NJ,AEA,EN,Combined TRACON& Tower with Radar,20,6,8,0,34,0,0,0,1,1,20,6,8,1,35,0,0,0,35
12/18/2016,ACY,NJ,AEA,EN,Combined TRACON& Tower with Radar,18,5,9,0,32,0,0,2,11,13,18,5,11,11,45,0,14,14,59
12/19/2016,ACY,NJ,AEA,EN,Combined TRACON& Tower with Radar,20,5,5,56,86,0,0,34,12,46,20,5,39,68,132,30,48,78,210
12/20/2016,ACY,NJ,AEA,EN,Combined TRACON& Tower with Radar,25,7,11,16,59,0,0,56,28,84,25,7,67,44,143,26,24,50,193
12/21/2016,ACY,NJ,AEA,EN,Combined TRACON& Tower with Radar,23,4,14,32,73,0,1,33,20,54,23,5,47,52,127,2,96,98,225
12/22/2016,ACY,NJ,AEA,EN,Combined TRACON& Tower with Radar,21,6,10,18,55,0,0,27,21,48,21,6,37,39,103,12,20,32,135
12/23/2016,ACY,NJ,AEA,EN,Combined TRACON& Tower with Radar,21,2,13,17,53,0,0,22,22,44,21,2,35,39,97,12,76,88,185
12/24/2016,ACY,NJ,AEA,EN,Combined TRACON& Tower with Radar,22,1,1,3,27,0,0,1,0,1,22,1,2,3,28,0,0,0,28
12/25/2016,ACY,NJ,AEA,EN,Combined TRACON& Tower with Radar,21,0,5,0,26,0,0,8,0,8,21,0,13,0,34,0,0,0,34
12/26/2016,ACY,NJ,AEA,EN,Combined TRACON& Tower with Radar,24,1,12,1,38,0,0,6,3,9,24,1,18,4,47,0,0,0,47
12/27/2016,ACY,NJ,AEA,EN,Combined TRACON& Tower with Radar,20,12,15,22,69,0,0,17,13,30,20,12,32,35,99,0,44,44,143
12/28/2016,ACY,NJ,AEA,EN,Combined TRACON& Tower with Radar,22,7,21,78,128,0,0,36,15,51,22,7,57,93,179,14,130,144,323
12/29/2016,ACY,NJ,AEA,EN,Combined TRACON& Tower with Radar,23,3,4,20,50,0,0,7,13,20,23,3,11,33,70,14,42,56,126
12/30/2016,ACY,NJ,AEA,EN,Combined TRACON& Tower with Radar,27,20,11,1,59,0,0,10,20,30,27,20,21,21,89,0,0,0,89
12/31/2016,ACY,NJ,AEA,EN,Combined TRACON& Tower with Radar,19,11,3,2,35,0,0,25,3,28,19,11,28,5,63,0,0,0,63
01/01/2017,ACY,NJ,AEA,EN,Combined TRACON& Tower with Radar,20,20,7,0,47,0,0,20,2,22,20,20,27,2,69,0,0,0,69
01/02/2017,ACY,NJ,AEA,EN,Combined TRACON& Tower with Radar,24,13,6,7,50,0,0,2,4,6,24,13,8,11,56,0,0,0,56
01/03/2017,ACY,NJ,AEA,EN,Combined TRACON& Tower with Radar,22,2,1,0,25,0,0,0,0,0,22,2,1,0,25,0,0,0,25
01/04/2017,ACY,NJ,AEA,EN,Combined TRACON& Tower with Radar,23,5,11,17,56,0,0,13,20,33,23,5,24,37,89,0,6,6,95
01/05/2017,ACY,NJ,AEA,EN,Combined TRACON& Tower with Radar,22,7,12,51,92,0,0,17,28,45,22,7,29,79,137,8,56,64,201
01/06/2017,ACY,NJ,AEA,EN,Combined TRACON& Tower with Radar,20,8,5,33,66,0,0,14,32,46,20,8,19,65,112,2,38,40,152
01/07/2017,ACY,NJ,AEA,EN,Combined TRACON& Tower with Radar,8,2,0,0,10,0,0,2,0,2,8,2,2,0,12,0,0,0,12
01/08/2017,ACY,NJ,AEA,EN,Combined TRACON& Tower with Radar,23,8,2,12,45,0,0,2,6,8,23,8,4,18,53,0,0,0,53
01/09/2017,ACY,NJ,AEA,EN,Combined TRACON& Tower with Radar,24,7,6,25,62,0,0,7,3,10,24,7,13,28,72,0,8,8,80
01/10/2017,ACY,NJ,AEA,EN,Combined TRACON& Tower with Radar,23,4,4,70,101,0,3,25,44,72,23,7,29,114,173,0,38,38,211
01/11/2017,ACY,NJ,AEA,EN,Combined TRACON& Tower with Radar,24,13,10,77,124,0,16,33,38,87,24,29,43,115,211,6,72,78,289
01/12/2017,ACY,NJ,AEA,EN,Combined TRACON& Tower with Radar,24,7,20,26,77,0,1,30,42,73,24,8,50,68,150,20,48,68,218
01/13/2017,ACY,NJ,AEA,EN,Combined TRACON& Tower with Radar,24,19,26,57,126,0,0,38,21,59,24,19,64,78,185,2,64,66,251
01/14/2017,ACY,NJ,AEA,EN,Combined TRACON& Tower with Radar,26,11,29,0,66,0,0,19,6,25,26,11,48,6,91,0,0,0,91
01/15/2017,ACY,NJ,AEA,EN,Combined TRACON& Tower with Radar,26,19,32,1,78,0,0,15,5,20,26,19,47,6,98,14,4,18,116
01/16/2017,ACY,NJ,AEA,EN,Combined TRACON& Tower with Radar,21,6,32,5,64,0,0,20,18,38,21,6,52,23,102,6,52,58,160
01/17/2017,ACY,NJ,AEA,EN,Combined TRACON& Tower with Radar,23,7,47,89,166,0,0,2,3,5,23,7,49,92,171,10,40,50,221
01/18/2017,ACY,NJ,AEA,EN,Combined TRACON& Tower with Radar,24,0,42,77,143,0,0,12,21,33,24,0,54,98,176,20,42,62,238
01/19/2017,ACY,NJ,AEA,EN,Combined TRACON& Tower with Radar,22,21,22,94,159,0,1,57,18,76,22,22,79,112,235,22,86,108,343
01/20/2017,ACY,NJ,AEA,EN,Combined TRACON& Tower with Radar,22,21,15,21,79,0,0,8,12,20,22,21,23,33,99,0,16,16,115
01/21/2017,ACY,NJ,AEA,EN,Combined TRACON& Tower with Radar,27,6,5,0,38,0,0,0,0,0,27,6,5,0,38,0,0,0,38
01/22/2017,ACY,NJ,AEA,EN,Combined TRACON& Tower with Radar,23,18,4,1,46,0,0,0,0,0,23,18,4,1,46,0,0,0,46
01/23/2017,ACY,NJ,AEA,EN,Combined TRACON& Tower with Radar,23,3,6,0,32,0,0,0,2,2,23,3,6,2,34,0,0,0,34
01/24/2017,ACY,NJ,AEA,EN,Combined TRACON& Tower with Radar,24,8,12,35,79,0,0,2,24,26,24,8,14,59,105,0,12,12,117
01/25/2017,ACY,NJ,AEA,EN,Combined TRACON& Tower with Radar,23,6,12,37,78,0,0,34,47,81,23,6,46,84,159,20,62,82,241
01/26/2017,ACY,NJ,AEA,EN,Combined TRACON& Tower with Radar,23,10,11,79,123,0,1,4,19,24,23,11,15,98,147,0,42,42,189
01/27/2017,ACY,NJ,AEA,EN,Combined TRACON& Tower with Radar,26,14,11,34,85,0,0,28,20,48,26,14,39,54,133,2,3,5,138
01/28/2017,ACY,NJ,AEA,EN,Combined TRACON& Tower with Radar,26,7,6,6,45,0,0,20,10,30,26,7,26,16,75,0,0,0,75
01/29/2017,ACY,NJ,AEA,EN,Combined TRACON& Tower with Radar,24,20,19,0,63,0,0,30,5,35,24,20,49,5,98,40,0,40,138
01/30/2017,ACY,NJ,AEA,EN,Combined TRACON& Tower with Radar,25,4,7,13,49,0,0,18,23,41,25,4,25,36,90,4,66,70,160
01/31/2017,ACY,NJ,AEA,EN,Combined TRACON& Tower with Radar,23,8,4,21,56,0,0,12,26,38,23,8,16,47,94,0,12,12,106
02/01/2017,ACY,NJ,AEA,EN,Combined TRACON& Tower with Radar,24,10,10,84,128,0,6,20,32,58,24,16,30,116,186,0,44,44,230
02/02/2017,ACY,NJ,AEA,EN,Combined TRACON& Tower with Radar,24,10,11,115,160,0,2,28,43,73,24,12,39,158,233,8,150,158,391
02/03/2017,ACY,NJ,AEA,EN,Combined TRACON& Tower with Radar,25,5,39,16,85,0,0,18,32,50,25,5,57,48,135,14,18,32,167
02/04/2017,ACY,NJ,AEA,EN,Combined TRACON& Tower with Radar,23,5,21,5,54,8,0,27,9,44,31,5,48,14,98,0,4,4,102
02/05/2017,ACY,NJ,AEA,EN,Combined TRACON& Tower with Radar,24,10,8,0,42,0,0,31,2,33,24,10,39,2,75,0,0,0,75
02/06/2017,ACY,NJ,AEA,EN,Combined TRACON& Tower with Radar,24,4,7,33,68,0,0,20,24,44,24,4,27,57,112,10,26,36,148
02/07/2017,ACY,NJ,AEA,EN,Combined TRACON& Tower with Radar,23,9,44,102,178,0,0,16,33,49,23,9,60,135,227,20,52,72,299
02/08/2017,ACY,NJ,AEA,EN,Combined TRACON& Tower with Radar,23,11,12,53,99,0,0,34,30,64,23,11,46,83,163,16,104,120,283
02/09/2017,ACY,NJ,AEA,EN,Combined TRACON& Tower with Radar,17,8,5,6,36,0,0,2,13,15,17,8,7,19,51,0,62,62,113
02/10/2017,ACY,NJ,AEA,EN,Combined TRACON& Tower with Radar,23,22,10,29,84,0,0,15,18,33,23,22,25,47,117,6,36,42,159
02/11/2017,ACY,NJ,AEA,EN,Combined TRACON& Tower with Radar,22,9,19,47,97,0,0,27,30,57,22,9,46,77,154,1,3,4,158
02/12/2017,ACY,NJ,AEA,EN,Combined TRACON& Tower with Radar,24,19,19,8,70,0,0,0,1,1,24,19,19,9,71,0,0,0,71
02/13/2017,ACY,NJ,AEA,EN,Combined TRACON& Tower with Radar,23,7,9,13,52,0,0,8,37,45,23,7,17,50,97,0,74,74,171
02/14/2017,ACY,NJ,AEA,EN,Combined TRACON& Tower with Radar,21,6,22,74,123,0,0,22,44,66,21,6,44,118,189,0,66,66,255
02/15/2017,ACY,NJ,AEA,EN,Combined TRACON& Tower with Radar,24,4,9,51,88,0,1,23,36,60,24,5,32,87,148,0,92,92,240
02/16/2017,ACY,NJ,AEA,EN,Combined TRACON& Tower with Radar,23,11,9,99,142,0,0,12,50,62,23,11,21,149,204,0,106,106,310
02/17/2017,ACY,NJ,AEA,EN,Combined TRACON& Tower with Radar,23,17,14,23,77,0,0,37,38,75,23,17,51,61,152,0,2,2,154
02/18/2017,ACY,NJ,AEA,EN,Combined TRACON& Tower with Radar,22,10,18,0,50,0,0,54,3,57,22,10,72,3,107,10,0,10,117
02/19/2017,ACY,NJ,AEA,EN,Combined TRACON& Tower with Radar,24,16,12,0,52,0,0,39,2,41,24,16,51,2,93,0,0,0,93
02/20/2017,ACY,NJ,AEA,EN,Combined TRACON& Tower with Radar,21,7,14,0,42,0,0,44,9,53,21,7,58,9,95,32,0,32,127
02/21/2017,ACY,NJ,AEA,EN,Combined TRACON& Tower with Radar,23,29,30,82,164,0,6,41,29,76,23,35,71,111,240,4,62,66,306
02/22/2017,ACY,NJ,AEA,EN,Combined TRACON& Tower with Radar,20,19,35,43,117,0,0,26,41,67,20,19,61,84,184,6,52,58,242
02/23/2017,ACY,NJ,AEA,EN,Combined TRACON& Tower with Radar,22,7,22,70,121,1,0,28,23,52,23,7,50,93,173,8,112,120,293
02/24/2017,ACY,NJ,AEA,EN,Combined TRACON& Tower with Radar,24,18,7,52,101,0,4,29,103,136,24,22,36,155,237,3,5,8,245
02/25/2017,ACY,NJ,AEA,EN,Combined TRACON& Tower with Radar,24,7,20,1,52,0,0,6,12,18,24,7,26,13,70,52,60,112,182
02/26/2017,ACY,NJ,AEA,EN,Combined TRACON& Tower with Radar,25,19,12,1,57,0,0,20,11,31,25,19,32,12,88,52,60,112,200
02/27/2017,ACY,NJ,AEA,EN,Combined TRACON& Tower with Radar,23,4,18,17,62,0,0,13,2,15,23,4,31,19,77,0,6,6,83
02/28/2017,ACY,NJ,AEA,EN,Combined TRACON& Tower with Radar,22,9,17,30,78,0,1,17,20,38,22,10,34,50,116,10,0,10,126
03/01/2017,ACY,NJ,AEA,EN,Combined TRACON& Tower with Radar,19,12,7,36,74,0,0,1,11,12,19,12,8,47,86,0,8,8,94
03/02/2017,ACY,NJ,AEA,EN,Combined TRACON& Tower with Radar,19,13,17,66,115,0,1,12,30,43,19,14,29,96,158,0,36,36,194
03/03/2017,ACY,NJ,AEA,EN,Combined TRACON& Tower with Radar,25,7,17,20,69,0,2,55,35,92,25,9,72,55,161,3,7,10,171
03/04/2017,ACY,NJ,AEA,EN,Combined TRACON& Tower with Radar,21,4,8,8,41,0,0,18,25,43,21,4,26,33,84,0,2,2,86
03/05/2017,ACY,NJ,AEA,EN,Combined TRACON& Tower with Radar,21,11,23,5,60,0,0,40,2,42,21,11,63,7,102,10,0,10,112
03/06/2017,ACY,NJ,AEA,EN,Combined TRACON& Tower with Radar,22,27,17,45,111,0,6,34,35,75,22,33,51,80,186,28,92,120,306
03/07/2017,ACY,NJ,AEA,EN,Combined TRACON& Tower with Radar,25,8,37,57,127,0,1,14,64,79,25,9,51,121,206,0,74,74,280
03/08/2017,ACY,NJ,AEA,EN,Combined TRACON& Tower with Radar,20,10,1,61,92,0,3,19,69,91,20,13,20,130,183,0,76,76,259
03/09/2017,ACY,NJ,AEA,EN,Combined TRACON& Tower with Radar,20,6,17,37,80,0,0,14,38,52,20,6,31,75,132,8,86,94,226
03/10/2017,ACY,NJ,AEA,EN,Combined TRACON& Tower with Radar,25,15,8,0,48,0,1,5,10,16,25,16,13,10,64,0,30,30,94
03/11/2017,ACY,NJ,AEA,EN,Combined TRACON& Tower with Radar,24,8,8,12,52,0,0,21,11,32,24,8,29,23,84,0,2,2,86
03/12/2017,ACY,NJ,AEA,EN,Combined TRACON& Tower with Radar,23,21,12,0,56,0,0,10,14,24,23,21,22,14,80,4,8,12,92
03/13/2017,ACY,NJ,AEA,EN,Combined TRACON& Tower with Radar,23,18,22,36,99,0,2,32,21,55,23,20,54,57,154,0,84,84,238
03/14/2017,ACY,NJ,AEA,EN,Combined TRACON& Tower with Radar,19,2,0,0,21,0,0,2,3,5,19,2,2,3,26,0,0,0,26
03/15/2017,ACY,NJ,AEA,EN,Combined TRACON& Tower with Radar,18,10,8,13,49,0,0,4,23,27,18,10,12,36,76,0,0,0,76
03/16/2017,ACY,NJ,AEA,EN,Combined TRACON& Tower with Radar,22,20,22,51,115,0,0,31,39,70,22,20,53,90,185,14,116,130,315
03/17/2017,ACY,NJ,AEA,EN,Combined TRACON& Tower with Radar,24,15,18,21,78,0,0,41,27,68,24,15,59,48,146,6,60,66,212
03/18/2017,ACY,NJ,AEA,EN,Combined TRACON& Tower with Radar,22,10,9,0,41,0,0,1,1,2,22,10,10,1,43,0,0,0,43
03/19/2017,ACY,NJ,AEA,EN,Combined TRACON& Tower with Radar,23,15,9,4,51,0,0,20,6,26,23,15,29,10,77,0,12,12,89
03/20/2017,ACY,NJ,AEA,EN,Combined TRACON& Tower with Radar,24,9,24,15,72,0,0,39,44,83,24,9,63,59,155,22,38,60,215
03/21/2017,ACY,NJ,AEA,EN,Combined TRACON& Tower with Radar,20,5,32,55,112,1,2,56,35,94,21,7,88,90,206,22,126,148,354
03/22/2017,ACY,NJ,AEA,EN,Combined TRACON& Tower with Radar,24,6,10,22,62,0,0,25,24,49,24,6,35,46,111,0,58,58,169
03/23/2017,ACY,NJ,AEA,EN,Combined TRACON& Tower with Radar,25,12,12,53,102,0,0,39,73,112,25,12,51,126,214,8,76,84,298
03/24/2017,ACY,NJ,AEA,EN,Combined TRACON& Tower with Radar,19,21,18,19,77,0,0,28,26,54,19,21,46,45,131,40,126,166,297
03/25/2017,ACY,NJ,AEA,EN,Combined TRACON& Tower with Radar,22,9,26,5,62,0,0,44,2,46,22,9,70,7,108,2,4,6,114
03/26/2017,ACY,NJ,AEA,EN,Combined TRACON& Tower with Radar,25,17,26,0,68,0,0,9,4,13,25,17,35,4,81,0,0,0,81
03/27/2017,ACY,NJ,AEA,EN,Combined TRACON& Tower with Radar,20,5,9,46,80,0,0,7,21,28,20,5,16,67,108,0,36,36,144
03/28/2017,ACY,NJ,AEA,EN,Combined TRACON& Tower with Radar,22,4,6,11,43,0,0,0,4,4,22,4,6,15,47,0,0,0,47
03/29/2017,ACY,NJ,AEA,EN,Combined TRACON& Tower with Radar,23,4,29,70,126,0,0,33,46,79,23,4,62,116,205,6,134,140,345
03/30/2017,ACY,NJ,AEA,EN,Combined TRACON& Tower with Radar,22,7,26,91,146,0,0,34,51,85,22,7,60,142,231,48,210,258,489
03/31/2017,ACY,NJ,AEA,EN,Combined TRACON& Tower with Radar,20,9,6,25,60,0,0,0,2,2,20,9,6,27,62,0,0,0,62
04/01/2017,ACY,NJ,AEA,EN,Combined TRACON& Tower with Radar,23,7,27,67,124,0,1,11,6,18,23,8,38,73,142,0,42,42,184
04/02/2017,ACY,NJ,AEA,EN,Combined TRACON& Tower with Radar,23,13,31,7,74,0,0,42,8,50,23,13,73,15,124,12,0,12,136
04/03/2017,ACY,NJ,AEA,EN,Combined TRACON& Tower with Radar,20,6,21,58,105,1,3,39,40,83,21,9,60,98,188,24,86,110,298
04/04/2017,ACY,NJ,AEA,EN,Combined TRACON& Tower with Radar,22,5,22,45,94,0,1,18,28,47,22,6,40,73,141,0,38,38,179
04/05/2017,ACY,NJ,AEA,EN,Combined TRACON& Tower with Radar,21,4,39,83,147,0,0,38,37,75,21,4,77,120,222,14,156,170,392
04/06/2017,ACY,NJ,AEA,EN,Combined TRACON& Tower with Radar,23,10,10,0,43,0,0,2,10,12,23,10,12,10,55,0,16,16,71
04/07/2017,ACY,NJ,AEA,EN,Combined TRACON& Tower with Radar,22,23,10,20,75,0,0,13,43,56,22,23,23,63,131,0,12,12,143
04/08/2017,ACY,NJ,AEA,EN,Combined TRACON& Tower with Radar,22,6,7,0,35,0,0,17,9,26,22,6,24,9,61,0,0,0,61
04/09/2017,ACY,NJ,AEA,EN,Combined TRACON& Tower with Radar,28,21,18,3,70,0,0,34,3,37,28,21,52,6,107,2,2,4,111
04/10/2017,ACY,NJ,AEA,EN,Combined TRACON& Tower with Radar,22,7,14,50,93,1,0,33,37,71,23,7,47,87,164,0,58,58,222
04/11/2017,ACY,NJ,AEA,EN,Combined TRACON& Tower with Radar,22,9,12,46,89,0,1,43,34,78,22,10,55,80,167,40,38,78,245
04/12/2017,ACY,NJ,AEA,EN,Combined TRACON& Tower with Radar,21,6,10,59,96,0,1,53,34,88,21,7,63,93,184,18,65,83,267
04/13/2017,ACY,NJ,AEA,EN,Combined TRACON& Tower with Radar,22,8,20,54,104,0,0,51,50,101,22,8,71,104,205,20,46,66,271
04/14/2017,ACY,NJ,AEA,EN,Combined TRACON& Tower with Radar,25,5,29,34,93,0,0,40,17,57,25,5,69,51,150,16,44,60,210
04/15/2017,ACY,NJ,AEA,EN,Combined TRACON& Tower with Radar,20,7,10,0,37,0,2,9,5,16,20,9,19,5,53,0,0,0,53
04/16/2017,ACY,NJ,AEA,EN,Combined TRACON& Tower with Radar,19,6,5,0,30,0,0,20,5,25,19,6,25,5,55,0,0,0,55
04/17/2017,ACY,NJ,AEA,EN,Combined TRACON& Tower with Radar,22,10,14,25,71,0,0,25,34,59,22,10,39,59,130,0,4,4,134
04/18/2017,ACY,NJ,AEA,EN,Combined TRACON& Tower with Radar,21,4,26,38,89,0,8,25,34,67,21,12,51,72,156,8,86,94,250
04/19/2017,ACY,NJ,AEA,EN,Combined TRACON& Tower with Radar,25,10,19,85,139,0,2,26,36,64,25,12,45,121,203,0,118,118,321
04/20/2017,ACY,NJ,AEA,EN,Combined TRACON& Tower with Radar,23,11,24,76,134,0,0,21,43,64,23,11,45,119,198,8,156,164,362
04/21/2017,ACY,NJ,AEA,EN,Combined TRACON& Tower with Radar,24,22,27,27,100,0,0,5,8,13,24,22,32,35,113,0,26,26,139
04/22/2017,ACY,NJ,AEA,EN,Combined TRACON& Tower with Radar,23,16,20,2,61,0,0,0,2,2,23,16,20,4,63,0,4,4,67
04/23/2017,ACY,NJ,AEA,EN,Combined TRACON& Tower with Radar,24,18,16,3,61,0,0,33,6,39,24,18,49,9,100,14,0,14,114
04/24/2017,ACY,NJ,AEA,EN,Combined TRACON& Tower with Radar,19,9,12,37,77,0,0,16,32,48,19,9,28,69,125,12,50,62,187
04/25/2017,ACY,NJ,AEA,EN,Combined TRACON& Tower with Radar,22,11,8,8,49,0,0,0,0,0,22,11,8,8,49,0,0,0,49
04/26/2017,ACY,NJ,AEA,EN,Combined TRACON& Tower with Radar,23,12,23,27,85,0,0,8,21,29,23,12,31,48,114,0,65,65,179
04/27/2017,ACY,NJ,AEA,EN,Combined TRACON& Tower with Radar,24,11,32,53,120,0,0,22,17,39,24,11,54,70,159,4,80,84,243
04/28/2017,ACY,NJ,AEA,EN,Combined TRACON& Tower with Radar,23,22,19,30,94,0,0,42,38,80,23,22,61,68,174,8,28,36,210
04/29/2017,ACY,NJ,AEA,EN,Combined TRACON& Tower with Radar,24,10,10,0,44,0,1,16,8,25,24,11,26,8,69,30,0,30,99
04/30/2017,ACY,NJ,AEA,EN,Combined TRACON& Tower with Radar,22,17,8,2,49,0,0,4,4,8,22,17,12,6,57,0,0,0,57
05/01/2017,ACY,NJ,AEA,EN,Combined TRACON& Tower with Radar,20,8,22,24,74,0,0,12,29,41,20,8,34,53,115,0,18,18,133
05/02/2017,ACY,NJ,AEA,EN,Combined TRACON& Tower with Radar,19,5,16,18,58,0,9,46,25,80,19,14,62,43,138,18,82,100,238
05/03/2017,ACY,NJ,AEA,EN,Combined TRACON& Tower with Radar,21,9,16,85,131,1,3,38,34,76,22,12,54,119,207,28,80,108,315
05/04/2017,ACY,NJ,AEA,EN,Combined TRACON& Tower with Radar,20,9,18,43,90,0,0,44,8,52,20,9,62,51,142,26,8,34,176
05/05/2017,ACY,NJ,AEA,EN,Combined TRACON& Tower with Radar,21,20,10,4,55,0,0,2,8,10,21,20,12,12,65,0,0,0,65
05/06/2017,ACY,NJ,AEA,EN,Combined TRACON& Tower with Radar,22,6,8,6,42,0,0,20,13,33,22,6,28,19,75,0,26,26,101
05/07/2017,ACY,NJ,AEA,EN,Combined TRACON& Tower with Radar,23,19,27,8,77,0,0,19,5,24,23,19,46,13,101,18,2,20,121
05/08/2017,ACY,NJ,AEA,EN,Combined TRACON& Tower with Radar,18,6,13,25,62,0,0,29,55,84,18,6,42,80,146,16,24,40,186
05/09/2017,ACY,NJ,AEA,EN,Combined TRACON& Tower with Radar,24,10,16,40,90,0,1,48,21,70,24,11,64,61,160,6,22,28,188
05/10/2017,ACY,NJ,AEA,EN,Combined TRACON& Tower with Radar,20,7,29,32,88,0,0,53,31,84,20,7,82,63,172,10,104,114,286
05/11/2017,ACY,NJ,AEA,EN,Combined TRACON& Tower with Radar,19,10,29,10,68,0,4,29,62,95,19,14,58,72,163,0,26,26,189
05/12/2017,ACY,NJ,AEA,EN,Combined TRACON& Tower with Radar,24,12,27,38,101,0,0,42,29,71,24,12,69,67,172,62,70,132,304
05/13/2017,ACY,NJ,AEA,EN,Combined TRACON& Tower with Radar,20,6,4,4,34,0,0,0,0,0,20,6,4,4,34,0,0,0,34
05/14/2017,ACY,NJ,AEA,EN,Combined TRACON& Tower with Radar,24,7,9,0,40,0,0,17,6,23,24,7,26,6,63,28,0,28,91
05/15/2017,ACY,NJ,AEA,EN,Combined TRACON& Tower with Radar,21,8,9,90,128,0,0,45,32,77,21,8,54,122,205,17,60,77,282
05/16/2017,ACY,NJ,AEA,EN,Combined TRACON& Tower with Radar,20,9,15,65,109,0,1,53,47,101,20,10,68,112,210,4,82,86,296
05/17/2017,ACY,NJ,AEA,EN,Combined TRACON& Tower with Radar,24,4,17,22,67,0,0,55,9,64,24,4,72,31,131,10,0,10,141
05/18/2017,ACY,NJ,AEA,EN,Combined TRACON& Tower with Radar,21,9,22,14,66,0,0,39,24,63,21,9,61,38,129,10,84,94,223
05/19/2017,ACY,NJ,AEA,EN,Combined TRACON& Tower with Radar,28,18,25,10,81,0,2,44,34,80,28,20,69,44,161,48,152,200,361
05/20/2017,ACY,NJ,AEA,EN,Combined TRACON& Tower with Radar,23,9,23,0,55,0,0,14,12,26,23,9,37,12,81,2,4,6,87
05/21/2017,ACY,NJ,AEA,EN,Combined TRACON& Tower with Radar,24,18,35,4,81,0,0,38,7,45,24,18,73,11,126,18,0,18,144
05/22/2017,ACY,NJ,AEA,EN,Combined TRACON& Tower with Radar,22,7,11,2,42,0,0,1,1,2,22,7,12,3,44,0,0,0,44
05/23/2017,ACY,NJ,AEA,EN,Combined TRACON& Tower with Radar,24,13,39,14,90,0,2,30,31,63,24,15,69,45,153,4,34,38,191
05/24/2017,ACY,NJ,AEA,EN,Combined TRACON& Tower with Radar,19,9,35,40,103,1,0,18,37,56,20,9,53,77,159,2,10,12,171
05/25/2017,ACY,NJ,AEA,EN,Combined TRACON& Tower with Radar,21,13,29,8,71,0,1,2,5,8,21,14,31,13,79,0,0,0,79
05/26/2017,ACY,NJ,AEA,EN,Combined TRACON& Tower with Radar,27,24,23,3,77,0,1,38,16,55,27,25,61,19,132,18,46,64,196
05/27/2017,ACY,NJ,AEA,EN,Combined TRACON& Tower with Radar,20,19,13,0,52,0,1,21,12,34,20,20,34,12,86,0,2,2,88
05/28/2017,ACY,NJ,AEA,EN,Combined TRACON& Tower with Radar,23,24,16,0,63,0,1,29,5,35,23,25,45,5,98,0,0,0,98
05/29/2017,ACY,NJ,AEA,EN,Combined TRACON& Tower with Radar,24,12,25,0,61,0,0,8,9,17,24,12,33,9,78,0,0,0,78
05/30/2017,ACY,NJ,AEA,EN,Combined TRACON& Tower with Radar,25,12,26,7,70,0,0,0,3,3,25,12,26,10,73,0,0,0,73
05/31/2017,ACY,NJ,AEA,EN,Combined TRACON& Tower with Radar,21,10,11,12,54,0,0,16,37,53,21,10,27,49,107,0,96,96,203
06/01/2017,ACY,NJ,AEA,EN,Combined TRACON& Tower with Radar,26,16,27,79,148,0,2,35,43,80,26,18,62,122,228,2,110,112,340
06/02/2017,ACY,NJ,AEA,EN,Combined TRACON& Tower with Radar,23,22,29,1,75,0,3,27,37,67,23,25,56,38,142,4,40,44,186
06/03/2017,ACY,NJ,AEA,EN,Combined TRACON& Tower with Radar,20,16,20,15,71,0,2,48,16,66,20,18,68,31,137,4,40,44,181
06/04/2017,ACY,NJ,AEA,EN,Combined TRACON& Tower with Radar,25,28,19,9,81,0,0,35,9,44,25,28,54,18,125,24,22,46,171
06/05/2017,ACY,NJ,AEA,EN,Combined TRACON& Tower with Radar,18,5,10,5,38,0,0,4,6,10,18,5,14,11,48,0,8,8,56
06/06/2017,ACY,NJ,AEA,EN,Combined TRACON& Tower with Radar,23,5,14,38,80,0,0,0,16,16,23,5,14,54,96,0,22,22,118
06/07/2017,ACY,NJ,AEA,EN,Combined TRACON& Tower with Radar,17,4,12,24,57,0,1,25,27,53,17,5,37,51,110,2,24,26,136
06/08/2017,ACY,NJ,AEA,EN,Combined TRACON& Tower with Radar,22,15,21,61,119,0,0,44,50,94,22,15,65,111,213,32,36,68,281
06/09/2017,ACY,NJ,AEA,EN,Combined TRACON& Tower with Radar,26,22,26,7,81,0,0,45,41,86,26,22,71,48,167,82,162,244,411
06/10/2017,ACY,NJ,AEA,EN,Combined TRACON& Tower with Radar,19,20,13,1,53,0,0,48,20,68,19,20,61,21,121,6,0,6,127
06/11/2017,ACY,NJ,AEA,EN,Combined TRACON& Tower with Radar,18,26,15,1,60,0,0,57,8,65,18,26,72,9,125,16,0,16,141
06/12/2017,ACY,NJ,AEA,EN,Combined TRACON& Tower with Radar,22,13,9,24,68,1,0,68,53,122,23,13,77,77,190,28,88,116,306
06/13/2017,ACY,NJ,AEA,EN,Combined TRACON& Tower with Radar,21,9,17,62,109,0,8,76,34,118,21,17,93,96,227,26,88,114,341
06/14/2017,ACY,NJ,AEA,EN,Combined TRACON& Tower with Radar,23,13,9,91,136,0,0,25,80,105,23,13,34,171,241,50,114,164,405
06/15/2017,ACY,NJ,AEA,EN,Combined TRACON& Tower with Radar,18,10,21,135,184,0,0,56,39,95,18,10,77,174,279,36,138,174,453
06/16/2017,ACY,NJ,AEA,EN,Combined TRACON& Tower with Radar,23,17,30,12,82,0,0,7,5,12,23,17,37,17,94,0,0,0,94
06/17/2017,ACY,NJ,AEA,EN,Combined TRACON& Tower with Radar,25,12,15,0,52,0,0,0,3,3,25,12,15,3,55,0,0,0,55
06/18/2017,ACY,NJ,AEA,EN,Combined TRACON& Tower with Radar,23,15,16,1,55,0,0,13,3,16,23,15,29,4,71,0,0,0,71
06/19/2017,ACY,NJ,AEA,EN,Combined TRACON& Tower with Radar,22,6,12,6,46,0,0,5,11,16,22,6,17,17,62,2,0,2,64
06/20/2017,ACY,NJ,AEA,EN,Combined TRACON& Tower with Radar,20,12,17,36,85,0,0,21,23,44,20,12,38,59,129,6,26,32,161
06/21/2017,ACY,NJ,AEA,EN,Combined TRACON& Tower with Radar,22,10,13,45,90,0,2,16,28,46,22,12,29,73,136,6,76,82,218
06/22/2017,ACY,NJ,AEA,EN,Combined TRACON& Tower with Radar,25,16,24,39,104,0,5,67,26,98,25,21,91,65,202,42,122,164,366
06/23/2017,ACY,NJ,AEA,EN,Combined TRACON& Tower with Radar,23,18,10,27,78,0,0,10,27,37,23,18,20,54,115,0,20,20,135
06/24/2017,ACY,NJ,AEA,EN,Combined TRACON& Tower with Radar,24,12,21,19,76,0,0,33,7,40,24,12,54,26,116,14,2,16,132
06/25/2017,ACY,NJ,AEA,EN,Combined TRACON& Tower with Radar,27,22,19,2,70,0,0,57,6,63,27,22,76,8,133,0,0,0,133
06/26/2017,ACY,NJ,AEA,EN,Combined TRACON& Tower with Radar,20,13,16,98,147,0,0,43,28,71,20,13,59,126,218,6,116,122,340
06/27/2017,ACY,NJ,AEA,EN,Combined TRACON& Tower with Radar,22,15,44,67,148,0,3,48,27,78,22,18,92,94,226,0,112,112,338
06/28/2017,ACY,NJ,AEA,EN,Combined TRACON& Tower with Radar,23,7,22,24,76,0,0,42,44,86,23,7,64,68,162,2,40,42,204
06/29/2017,ACY,NJ,AEA,EN,Combined TRACON& Tower with Radar,24,14,24,11,73,0,0,34,35,69,24,14,58,46,142,10,52,62,204
06/30/2017,ACY,NJ,AEA,EN,Combined TRACON& Tower with Radar,22,24,13,36,95,0,0,24,11,35,22,24,37,47,130,8,36,44,174
07/01/2017,ACY,NJ,AEA,EN,Combined TRACON& Tower with Radar,24,11,18,2,55,0,0,17,8,25,24,11,35,10,80,0,0,0,80
07/02/2017,ACY,NJ,AEA,EN,Combined TRACON& Tower with Radar,25,20,16,0,61,0,0,59,11,70,25,20,75,11,131,34,0,34,165
07/03/2017,ACY,NJ,AEA,EN,Combined TRACON& Tower with Radar,22,11,11,27,71,0,0,47,18,65,22,11,58,45,136,18,28,46,182
07/04/2017,ACY,NJ,AEA,EN,Combined TRACON& Tower with Radar,19,9,5,2,35,0,0,13,5,18,19,9,18,7,53,0,0,0,53
07/05/2017,ACY,NJ,AEA,EN,Combined TRACON& Tower with Radar,24,24,20,66,134,0,3,43,33,79,24,27,63,99,213,14,78,92,305
07/06/2017,ACY,NJ,AEA,EN,Combined TRACON& Tower with Radar,20,13,22,29,84,0,0,4,19,23,20,13,26,48,107,0,0,0,107
07/07/2017,ACY,NJ,AEA,EN,Combined TRACON& Tower with Radar,26,16,20,38,100,0,0,17,22,39,26,16,37,60,139,0,6,6,145
07/08/2017,ACY,NJ,AEA,EN,Combined TRACON& Tower with Radar,24,16,18,0,58,0,1,32,6,39,24,17,50,6,97,0,0,0,97
07/09/2017,ACY,NJ,AEA,EN,Combined TRACON& Tower with Radar,23,17,24,2,66,0,0,67,11,78,23,17,91,13,144,0,0,0,144
07/10/2017,ACY,NJ,AEA,EN,Combined TRACON& Tower with Radar,17,8,25,52,102,0,0,51,28,79,17,8,76,80,181,4,8,12,193
07/11/2017,ACY,NJ,AEA,EN,Combined TRACON& Tower with Radar,22,14,26,69,131,0,7,36,28,71,22,21,62,97,202,18,114,132,334
07/12/2017,ACY,NJ,AEA,EN,Combined TRACON& Tower with Radar,20,13,24,28,85,0,0,48,35,83,20,13,72,63,168,25,38,63,231
07/13/2017,ACY,NJ,AEA,EN,Combined TRACON& Tower with Radar,26,11,35,39,111,0,4,20,28,52,26,15,55,67,163,4,46,50,213
07/14/2017,ACY,NJ,AEA,EN,Combined TRACON& Tower with Radar,25,21,16,29,91,0,0,5,8,13,25,21,21,37,104,0,0,0,104
07/15/2017,ACY,NJ,AEA,EN,Combined TRACON& Tower with Radar,20,16,29,1,66,0,0,18,7,25,20,16,47,8,91,0,24,24,115
07/16/2017,ACY,NJ,AEA,EN,Combined TRACON& Tower with Radar,24,20,27,3,74,0,2,59,6,67,24,22,86,9,141,46,0,46,187
07/17/2017,ACY,NJ,AEA,EN,Combined TRACON& Tower with Radar,19,15,20,21,75,0,0,18,16,34,19,15,38,37,109,2,86,88,197
07/18/2017,ACY,NJ,AEA,EN,Combined TRACON& Tower with Radar,22,8,17,98,145,0,0,26,43,69,22,8,43,141,214,16,62,78,292
07/19/2017,ACY,NJ,AEA,EN,Combined TRACON& Tower with Radar,20,9,5,103,137,0,0,23,25,48,20,9,28,128,185,12,118,130,315
07/20/2017,ACY,NJ,AEA,EN,Combined TRACON& Tower with Radar,21,18,26,38,103,1,1,22,34,58,22,19,48,72,161,0,28,28,189
07/21/2017,ACY,NJ,AEA,EN,Combined TRACON& Tower with Radar,27,29,19,55,130,0,1,27,23,51,27,30,46,78,181,6,38,44,225
07/22/2017,ACY,NJ,AEA,EN,Combined TRACON& Tower with Radar,23,16,15,0,54,0,1,30,9,40,23,17,45,9,94,0,0,0,94
07/23/2017,ACY,NJ,AEA,EN,Combined TRACON& Tower with Radar,20,27,30,2,79,0,0,11,11,22,20,27,41,13,101,0,0,0,101
07/24/2017,ACY,NJ,AEA,EN,Combined TRACON& Tower with Radar,21,14,20,14,69,0,2,7,19,28,21,16,27,33,97,0,78,78,175
07/25/2017,ACY,NJ,AEA,EN,Combined TRACON& Tower with Radar,23,11,14,79,127,0,0,9,22,31,23,11,23,101,158,0,22,22,180
07/26/2017,ACY,NJ,AEA,EN,Combined TRACON& Tower with Radar,25,11,26,59,121,0,0,26,35,61,25,11,52,94,182,72,88,160,342
07/27/2017,ACY,NJ,AEA,EN,Combined TRACON& Tower with Radar,25,16,21,33,95,0,0,13,20,33,25,16,34,53,128,10,52,62,190
07/28/2017,ACY,NJ,AEA,EN,Combined TRACON& Tower with Radar,21,26,23,12,82,0,0,21,16,37,21,26,44,28,119,10,12,22,141
07/29/2017,ACY,NJ,AEA,EN,Combined TRACON& Tower with Radar,22,21,23,0,66,0,2,7,6,15,22,23,30,6,81,20,0,20,101
07/30/2017,ACY,NJ,AEA,EN,Combined TRACON& Tower with Radar,23,33,20,0,76,0,2,48,8,58,23,35,68,8,134,4,0,4,138
07/31/2017,ACY,NJ,AEA,EN,Combined TRACON& Tower with Radar,24,11,26,50,111,0,2,43,21,66,24,13,69,71,177,2,34,36,213
08/01/2017,ACY,NJ,AEA,EN,Combined TRACON& Tower with Radar,22,10,26,81,139,0,0,53,26,79,22,10,79,107,218,24,112,136,354
08/02/2017,ACY,NJ,AEA,EN,Combined TRACON& Tower with Radar,27,15,18,28,88,0,1,12,23,36,27,16,30,51,124,0,40,40,164
08/03/2017,ACY,NJ,AEA,EN,Combined TRACON& Tower with Radar,24,9,18,74,125,0,0,25,24,49,24,9,43,98,174,32,102,134,308
08/04/2017,ACY,NJ,AEA,EN,Combined TRACON& Tower with Radar,24,27,13,31,95,0,0,38,11,49,24,27,51,42,144,20,30,50,194
08/05/2017,ACY,NJ,AEA,EN,Combined TRACON& Tower with Radar,24,10,24,2,60,0,0,37,14,51,24,10,61,16,111,4,8,12,123
08/06/2017,ACY,NJ,AEA,EN,Combined TRACON& Tower with Radar,24,29,27,8,88,0,0,62,22,84,24,29,89,30,172,24,52,76,248
08/07/2017,ACY,NJ,AEA,EN,Combined TRACON& Tower with Radar,23,16,24,10,73,0,0,10,7,17,23,16,34,17,90,0,2,2,92
08/08/2017,ACY,NJ,AEA,EN,Combined TRACON& Tower with Radar,21,6,27,64,118,0,0,17,22,39,21,6,44,86,157,0,24,24,181
08/09/2017,ACY,NJ,AEA,EN,Combined TRACON& Tower with Radar,21,12,28,60,121,0,0,42,42,84,21,12,70,102,205,14,86,100,305
08/10/2017,ACY,NJ,AEA,EN,Combined TRACON& Tower with Radar,24,14,32,46,116,0,0,59,46,105,24,14,91,92,221,22,36,58,279
08/11/2017,ACY,NJ,AEA,EN,Combined TRACON& Tower with Radar,24,24,45,17,110,0,0,33,26,59,24,24,78,43,169,6,29,35,204
08/12/2017,ACY,NJ,AEA,EN,Combined TRACON& Tower with Radar,21,12,22,3,58,0,3,5,4,12,21,15,27,7,70,0,4,4,74
08/13/2017,ACY,NJ,AEA,EN,Combined TRACON& Tower with Radar,27,19,13,0,59,0,0,41,14,55,27,19,54,14,114,0,36,36,150
08/14/2017,ACY,NJ,AEA,EN,Combined TRACON& Tower with Radar,22,16,22,11,71,0,0,11,15,26,22,16,33,26,97,0,8,8,105
08/15/2017,ACY,NJ,AEA,EN,Combined TRACON& Tower with Radar,23,16,25,32,96,0,0,3,7,10,23,16,28,39,106,2,14,16,122
08/16/2017,ACY,NJ,AEA,EN,Combined TRACON& Tower with Radar,23,24,52,66,165,0,7,37,34,78,23,31,89,100,243,32,67,99,342
08/17/2017,ACY,NJ,AEA,EN,Combined TRACON& Tower with Radar,21,23,29,63,136,0,0,34,40,74,21,23,63,103,210,26,124,150,360
08/18/2017,ACY,NJ,AEA,EN,Combined TRACON& Tower with Radar,27,45,53,26,151,0,0,15,13,28,27,45,68,39,179,2,40,42,221
08/19/2017,ACY,NJ,AEA,EN,Combined TRACON& Tower with Radar,28,15,24,6,73,0,1,35,7,43,28,16,59,13,116,4,6,10,126
08/20/2017,ACY,NJ,AEA,EN,Combined TRACON& Tower with Radar,27,23,27,8,85,0,1,36,7,44,27,24,63,15,129,0,0,0,129
08/21/2017,ACY,NJ,AEA,EN,Combined TRACON& Tower with Radar,23,15,20,40,98,0,0,48,39,87,23,15,68,79,185,42,176,218,403
08/22/2017,ACY,NJ,AEA,EN,Combined TRACON& Tower with Radar,21,14,10,23,68,0,2,46,30,78,21,16,56,53,146,0,42,42,188
08/23/2017,ACY,NJ,AEA,EN,Combined TRACON& Tower with Radar,24,8,10,10,52,0,0,38,40,78,24,8,48,50,130,20,42,62,192
08/24/2017,ACY,NJ,AEA,EN,Combined TRACON& Tower with Radar,21,14,23,11,69,0,1,21,26,48,21,15,44,37,117,0,6,6,123
08/25/2017,ACY,NJ,AEA,EN,Combined TRACON& Tower with Radar,23,18,12,23,76,0,2,42,13,57,23,20,54,36,133,48,38,86,219
08/26/2017,ACY,NJ,AEA,EN,Combined TRACON& Tower with Radar,23,12,18,0,53,0,1,35,8,44,23,13,53,8,97,18,0,18,115
08/27/2017,ACY,NJ,AEA,EN,Combined TRACON& Tower with Radar,23,21,12,1,57,0,0,38,7,45,23,21,50,8,102,0,8,8,110
08/28/2017,ACY,NJ,AEA,EN,Combined TRACON& Tower with Radar,21,14,39,12,86,0,1,17,36,54,21,15,56,48,140,28,78,106,246
08/29/2017,ACY,NJ,AEA,EN,Combined TRACON& Tower with Radar,23,10,8,3,44,0,0,0,22,22,23,10,8,25,66,0,34,34,100
08/30/2017,ACY,NJ,AEA,EN,Combined TRACON& Tower with Radar,22,10,19,26,77,0,0,25,30,55,22,10,44,56,132,16,34,50,182
08/31/2017,ACY,NJ,AEA,EN,Combined TRACON& Tower with Radar,19,9,10,16,54,0,0,23,24,47,19,9,33,40,101,12,36,48,149
09/01/2017,ACY,NJ,AEA,EN,Combined TRACON& Tower with Radar,23,33,25,39,120,0,0,34,40,74,23,33,59,79,194,24,74,98,292
09/02/2017,ACY,NJ,AEA,EN,Combined TRACON& Tower with Radar,25,12,23,2,62,0,0,4,9,13,25,12,27,11,75,0,10,10,85
09/03/2017,ACY,NJ,AEA,EN,Combined TRACON& Tower with Radar,25,32,16,3,76,0,0,14,7,21,25,32,30,10,97,10,10,20,117
09/04/2017,ACY,NJ,AEA,EN,Combined TRACON& Tower with Radar,21,17,15,3,56,0,0,51,16,67,21,17,66,19,123,6,0,6,129
09/05/2017,ACY,NJ,AEA,EN,Combined TRACON& Tower with Radar,20,16,10,13,59,0,1,26,25,52,20,17,36,38,111,6,10,16,127
09/06/2017,ACY,NJ,AEA,EN,Combined TRACON& Tower with Radar,25,5,7,18,55,0,0,2,7,9,25,5,9,25,64,0,40,40,104
09/07/2017,ACY,NJ,AEA,EN,Combined TRACON& Tower with Radar,12,19,32,38,101,0,0,18,32,50,12,19,50,70,151,4,82,86,237
09/08/2017,ACY,NJ,AEA,EN,Combined TRACON& Tower with Radar,16,14,30,12,72,0,3,41,34,78,16,17,71,46,150,2,32,34,184
09/09/2017,ACY,NJ,AEA,EN,Combined TRACON& Tower with Radar,8,17,18,4,47,0,0,24,6,30,8,17,42,10,77,6,4,10,87
09/10/2017,ACY,NJ,AEA,EN,Combined TRACON& Tower with Radar,10,11,13,4,38,0,0,46,9,55,10,11,59,13,93,0,20,20,113
09/11/2017,ACY,NJ,AEA,EN,Combined TRACON& Tower with Radar,2,9,16,12,39,0,1,44,33,78,2,10,60,45,117,0,88,88,205
09/12/2017,ACY,NJ,AEA,EN,Combined TRACON& Tower with Radar,11,8,32,53,104,0,5,36,33,74,11,13,68,86,178,12,20,32,210
09/13/2017,ACY,NJ,AEA,EN,Combined TRACON& Tower with Radar,12,11,46,77,146,0,0,42,21,63,12,11,88,98,209,52,94,146,355
09/14/2017,ACY,NJ,AEA,EN,Combined TRACON& Tower with Radar,20,15,29,14,78,0,1,29,20,50,20,16,58,34,128,40,50,90,218
09/15/2017,ACY,NJ,AEA,EN,Combined TRACON& Tower with Radar,18,10,22,18,68,0,0,25,9,34,18,10,47,27,102,2,42,44,146
09/16/2017,ACY,NJ,AEA,EN,Combined TRACON& Tower with Radar,21,8,20,4,53,0,0,30,7,37,21,8,50,11,90,0,0,0,90
09/17/2017,ACY,NJ,AEA,EN,Combined TRACON& Tower with Radar,20,12,36,0,68,0,0,17,3,20,20,12,53,3,88,24,0,24,112
09/18/2017,ACY,NJ,AEA,EN,Combined TRACON& Tower with Radar,19,8,18,15,60,0,0,0,8,8,19,8,18,23,68,0,0,0,68
09/19/2017,ACY,NJ,AEA,EN,Combined TRACON& Tower with Radar,12,10,0,6,28,0,0,0,13,13,12,10,0,19,41,0,26,26,67
09/20/2017,ACY,NJ,AEA,EN,Combined TRACON& Tower with Radar,13,12,8,15,48,0,3,23,23,49,13,15,31,38,97,6,36,42,139
09/21/2017,ACY,NJ,AEA,EN,Combined TRACON& Tower with Radar,19,12,16,25,72,1,1,30,23,55,20,13,46,48,127,60,32,92,219
09/22/2017,ACY,NJ,AEA,EN,Combined TRACON& Tower with Radar,20,24,26,30,100,0,2,32,31,65,20,26,58,61,165,32,46,78,243
09/23/2017,ACY,NJ,AEA,EN,Combined TRACON& Tower with Radar,20,16,22,1,59,0,0,31,5,36,20,16,53,6,95,12,50,62,157
09/24/2017,ACY,NJ,AEA,EN,Combined TRACON& Tower with Radar,18,24,25,0,67,0,0,54,18,72,18,24,79,18,139,10,0,10,149
09/25/2017,ACY,NJ,AEA,EN,Combined TRACON& Tower with Radar,19,9,30,33,91,0,1,31,17,49,19,10,61,50,140,16,42,58,198
09/26/2017,ACY,NJ,AEA,EN,Combined TRACON& Tower with Radar,12,10,14,13,49,0,0,12,18,30,12,10,26,31,79,2,4,6,85
09/27/2017,ACY,NJ,AEA,EN,Combined TRACON& Tower with Radar,13,8,23,29,73,0,0,1,9,10,13,8,24,38,83,2,14,16,99
09/28/2017,ACY,NJ,AEA,EN,Combined TRACON& Tower with Radar,19,18,30,45,112,0,2,35,25,62,19,20,65,70,174,4,50,54,228
09/29/2017,ACY,NJ,AEA,EN,Combined TRACON& Tower with Radar,21,19,14,3,57,0,0,38,22,60,21,19,52,25,117,26,10,36,153
09/30/2017,ACY,NJ,AEA,EN,Combined TRACON& Tower with Radar,18,7,10,2,37,0,0,11,6,17,18,7,21,8,54,36,26,62,116
10/01/2017,ACY,NJ,AEA,EN,Combined TRACON& Tower with Radar,21,20,21,0,62,0,0,19,12,31,21,20,40,12,93,6,12,18,111
10/02/2017,ACY,NJ,AEA,EN,Combined TRACON& Tower with Radar,17,6,21,33,77,0,0,26,31,57,17,6,47,64,134,8,26,34,168
10/03/2017,ACY,NJ,AEA,EN,Combined TRACON& Tower with Radar,14,5,10,20,49,0,2,24,5,31,14,7,34,25,80,0,20,20,100
10/04/2017,ACY,NJ,AEA,EN,Combined TRACON& Tower with Radar,16,5,11,46,78,0,0,21,39,60,16,5,32,85,138,6,86,92,230
10/05/2017,ACY,NJ,AEA,EN,Combined TRACON& Tower with Radar,16,14,25,28,83,0,1,25,19,45,16,15,50,47,128,0,38,38,166
10/06/2017,ACY,NJ,AEA,EN,Combined TRACON& Tower with Radar,19,24,27,42,112,0,0,28,28,56,19,24,55,70,168,0,19,19,187
10/07/2017,ACY,NJ,AEA,EN,Combined TRACON& Tower with Radar,19,9,10,0,38,0,0,29,5,34,19,9,39,5,72,0,0,0,72
10/08/2017,ACY,NJ,AEA,EN,Combined TRACON& Tower with Radar,18,22,26,0,66,0,0,12,5,17,18,22,38,5,83,0,36,36,119
10/09/2017,ACY,NJ,AEA,EN,Combined TRACON& Tower with Radar,16,9,13,11,49,0,0,10,6,16,16,9,23,17,65,0,0,0,65
10/10/2017,ACY,NJ,AEA,EN,Combined TRACON& Tower with Radar,17,6,21,18,62,0,0,45,38,83,17,6,66,56,145,20,52,72,217
10/11/2017,ACY,NJ,AEA,EN,Combined TRACON& Tower with Radar,13,20,15,75,123,0,6,18,19,43,13,26,33,94,166,0,134,134,300
10/12/2017,ACY,NJ,AEA,EN,Combined TRACON& Tower with Radar,17,12,18,29,76,0,0,5,18,23,17,12,23,47,99,0,16,16,115
10/13/2017,ACY,NJ,AEA,EN,Combined TRACON& Tower with Radar,23,13,40,40,116,0,0,13,24,37,23,13,53,64,153,0,18,18,171
10/14/2017,ACY,NJ,AEA,EN,Combined TRACON& Tower with Radar,19,5,32,11,67,0,0,2,2,4,19,5,34,13,71,0,0,0,71
10/15/2017,ACY,NJ,AEA,EN,Combined TRACON& Tower with Radar,18,14,28,20,80,0,0,15,20,35,18,14,43,40,115,0,12,12,127
10/16/2017,ACY,NJ,AEA,EN,Combined TRACON& Tower with Radar,17,9,21,34,81,0,0,22,39,61,17,9,43,73,142,10,84,94,236
10/17/2017,ACY,NJ,AEA,EN,Combined TRACON& Tower with Radar,12,6,24,49,91,0,0,43,30,73,12,6,67,79,164,26,94,120,284
10/18/2017,ACY,NJ,AEA,EN,Combined TRACON& Tower with Radar,15,9,9,40,73,0,2,41,20,63,15,11,50,60,136,0,68,68,204
10/19/2017,ACY,NJ,AEA,EN,Combined TRACON& Tower with Radar,18,9,18,26,71,0,0,38,11,49,18,9,56,37,120,12,84,96,216
10/20/2017,ACY,NJ,AEA,EN,Combined TRACON& Tower with Radar,19,19,17,7,62,0,2,23,31,56,19,21,40,38,118,0,72,72,190
10/21/2017,ACY,NJ,AEA,EN,Combined TRACON& Tower with Radar,19,8,10,2,39,0,0,42,6,48,19,8,52,8,87,0,0,0,87
10/22/2017,ACY,NJ,AEA,EN,Combined TRACON& Tower with Radar,23,24,14,0,61,0,0,24,7,31,23,24,38,7,92,0,10,10,102
10/23/2017,ACY,NJ,AEA,EN,Combined TRACON& Tower with Radar,18,4,16,95,133,0,0,9,36,45,18,4,25,131,178,11,120,131,309
10/24/2017,ACY,NJ,AEA,EN,Combined TRACON& Tower with Radar,14,12,6,14,46,0,0,1,19,20,14,12,7,33,66,0,0,0,66
10/25/2017,ACY,NJ,AEA,EN,Combined TRACON& Tower with Radar,18,9,37,76,140,0,0,28,31,59,18,9,65,107,199,14,86,100,299
10/26/2017,ACY,NJ,AEA,EN,Combined TRACON& Tower with Radar,19,10,19,24,72,0,0,41,21,62,19,10,60,45,134,10,56,66,200
10/27/2017,ACY,NJ,AEA,EN,Combined TRACON& Tower with Radar,21,18,23,35,97,0,2,48,4,54,21,20,71,39,151,18,48,66,217
10/28/2017,ACY,NJ,AEA,EN,Combined TRACON& Tower with Radar,18,10,13,1,42,0,0,38,10,48,18,10,51,11,90,18,80,98,188
10/29/2017,ACY,NJ,AEA,EN,Combined TRACON& Tower with Radar,23,18,13,0,54,0,0,3,2,5,23,18,16,2,59,0,0,0,59
10/30/2017,ACY,NJ,AEA,EN,Combined TRACON& Tower with Radar,16,6,9,38,69,0,1,15,35,51,16,7,24,73,120,4,32,36,156
10/31/2017,ACY,NJ,AEA,EN,Combined TRACON& Tower with Radar,14,4,15,34,67,0,0,35,27,62,14,4,50,61,129,0,66,66,195
11/01/2017,ACY,NJ,AEA,EN,Combined TRACON& Tower with Radar,13,8,12,64,97,0,0,10,22,32,13,8,22,86,129,0,88,88,217
11/02/2017,ACY,NJ,AEA,EN,Combined TRACON& Tower with Radar,19,11,14,47,91,0,1,28,33,62,19,12,42,80,153,0,56,56,209
11/03/2017,ACY,NJ,AEA,EN,Combined TRACON& Tower with Radar,23,20,25,37,105,0,0,22,29,51,23,20,47,66,156,4,8,12,168
11/04/2017,ACY,NJ,AEA,EN,Combined TRACON& Tower with Radar,19,4,27,17,67,1,0,24,9,34,20,4,51,26,101,6,6,12,113
11/05/2017,ACY,NJ,AEA,EN,Combined TRACON& Tower with Radar,20,20,37,21,98,0,0,1,5,6,20,20,38,26,104,0,24,24,128
11/06/2017,ACY,NJ,AEA,EN,Combined TRACON& Tower with Radar,20,14,19,14,67,0,0,23,35,58,20,14,42,49,125,0,42,42,167
11/07/2017,ACY,NJ,AEA,EN,Combined TRACON& Tower with Radar,12,5,11,40,68,0,1,10,17,28,12,6,21,57,96,0,64,64,160
11/08/2017,ACY,NJ,AEA,EN,Combined TRACON& Tower with Radar,14,9,28,44,95,0,0,13,10,23,14,9,41,54,118,4,50,54,172
11/09/2017,ACY,NJ,AEA,EN,Combined TRACON& Tower with Radar,21,15,13,42,91,0,3,20,28,51,21,18,33,70,142,28,118,146,288
11/10/2017,ACY,NJ,AEA,EN,Combined TRACON& Tower with Radar,23,14,19,0,56,0,0,11,5,16,23,14,30,5,72,0,0,0,72
11/11/2017,ACY,NJ,AEA,EN,Combined TRACON& Tower with Radar,22,13,9,0,44,0,0,23,9,32,22,13,32,9,76,0,27,27,103
11/12/2017,ACY,NJ,AEA,EN,Combined TRACON& Tower with Radar,24,18,12,2,56,0,0,30,4,34,24,18,42,6,90,26,3,29,119
11/13/2017,ACY,NJ,AEA,EN,Combined TRACON& Tower with Radar,20,6,11,7,44,0,0,14,16,30,20,6,25,23,74,12,14,26,100
11/14/2017,ACY,NJ,AEA,EN,Combined TRACON& Tower with Radar,21,7,26,51,105,0,0,33,26,59,21,7,59,77,164,30,94,124,288
11/15/2017,ACY,NJ,AEA,EN,Combined TRACON& Tower with Radar,24,5,19,63,111,0,0,31,27,58,24,5,50,90,169,4,146,150,319
11/16/2017,ACY,NJ,AEA,EN,Combined TRACON& Tower with Radar,20,11,16,20,67,0,0,36,32,68,20,11,52,52,135,0,66,66,201
11/17/2017,ACY,NJ,AEA,EN,Combined TRACON& Tower with Radar,27,15,12,42,96,0,0,18,25,43,27,15,30,67,139,2,134,136,275
11/18/2017,ACY,NJ,AEA,EN,Combined TRACON& Tower with Radar,23,13,23,2,61,0,3,18,13,34,23,16,41,15,95,0,20,20,115
11/19/2017,ACY,NJ,AEA,EN,Combined TRACON& Tower with Radar,23,18,5,0,46,0,0,8,6,14,23,18,13,6,60,6,2,8,68
11/20/2017,ACY,NJ,AEA,EN,Combined TRACON& Tower with Radar,21,5,29,50,105,0,1,36,36,73,21,6,65,86,178,16,58,74,252
11/21/2017,ACY,NJ,AEA,EN,Combined TRACON& Tower with Radar,22,11,30,33,96,0,2,32,27,61,22,13,62,60,157,6,72,78,235
11/22/2017,ACY,NJ,AEA,EN,Combined TRACON& Tower with Radar,20,4,6,14,44,0,0,7,19,26,20,4,13,33,70,2,50,52,122
11/23/2017,ACY,NJ,AEA,EN,Combined TRACON& Tower with Radar,20,7,5,0,32,0,0,12,3,15,20,7,17,3,47,0,0,0,47
11/24/2017,ACY,NJ,AEA,EN,Combined TRACON& Tower with Radar,24,12,8,0,44,0,0,31,6,37,24,12,39,6,81,10,2,12,93
11/25/2017,ACY,NJ,AEA,EN,Combined TRACON& Tower with Radar,24,9,19,4,56,0,0,40,8,48,24,9,59,12,104,0,36,36,140
11/26/2017,ACY,NJ,AEA,EN,Combined TRACON& Tower with Radar,24,13,14,0,51,0,0,20,7,27,24,13,34,7,78,10,6,16,94
11/27/2017,ACY,NJ,AEA,EN,Combined TRACON& Tower with Radar,24,4,31,21,80,0,0,91,30,121,24,4,122,51,201,0,64,64,265
11/28/2017,ACY,NJ,AEA,EN,Combined TRACON& Tower with Radar,16,7,19,28,70,0,0,37,30,67,16,7,56,58,137,8,66,74,211
11/29/2017,ACY,NJ,AEA,EN,Combined TRACON& Tower with Radar,17,4,30,35,86,0,0,38,27,65,17,4,68,62,151,8,120,128,279
11/30/2017,ACY,NJ,AEA,EN,Combined TRACON& Tower with Radar,24,9,19,24,76,0,0,35,46,81,24,9,54,70,157,0,70,70,227
12/01/2017,ACY,NJ,AEA,EN,Combined TRACON& Tower with Radar,25,12,16,23,76,0,0,16,34,50,25,12,32,57,126,2,78,80,206
12/02/2017,ACY,NJ,AEA,EN,Combined TRACON& Tower with Radar,24,7,23,10,64,0,0,33,6,39,24,7,56,16,103,0,0,0,103
12/03/2017,ACY,NJ,AEA,EN,Combined TRACON& Tower with Radar,24,12,33,2,71,0,0,32,14,46,24,12,65,16,117,4,6,10,127
12/04/2017,ACY,NJ,AEA,EN,Combined TRACON& Tower with Radar,22,6,8,58,94,0,1,29,31,61,22,7,37,89,155,10,86,96,251
12/05/2017,ACY,NJ,AEA,EN,Combined TRACON& Tower with Radar,17,6,9,30,62,0,1,8,12,21,17,7,17,42,83,0,36,36,119
12/06/2017,ACY,NJ,AEA,EN,Combined TRACON& Tower with Radar,17,6,9,69,101,0,1,16,16,33,17,7,25,85,134,8,120,128,262
12/07/2017,ACY,NJ,AEA,EN,Combined TRACON& Tower with Radar,20,8,13,42,83,0,0,24,28,52,20,8,37,70,135,18,46,64,199
12/08/2017,ACY,NJ,AEA,EN,Combined TRACON& Tower with Radar,24,15,11,19,69,0,1,14,18,33,24,16,25,37,102,0,24,24,126
12/09/2017,ACY,NJ,AEA,EN,Combined TRACON& Tower with Radar,22,3,3,0,28,0,0,0,0,0,22,3,3,0,28,0,0,0,28
12/10/2017,ACY,NJ,AEA,EN,Combined TRACON& Tower with Radar,26,16,16,0,58,0,0,17,10,27,26,16,33,10,85,4,22,26,111
12/11/2017,ACY,NJ,AEA,EN,Combined TRACON& Tower with Radar,21,8,22,18,69,0,0,8,19,27,21,8,30,37,96,0,70,70,166
12/12/2017,ACY,NJ,AEA,EN,Combined TRACON& Tower with Radar,15,4,14,63,96,0,0,6,36,42,15,4,20,99,138,0,124,124,262
12/13/2017,ACY,NJ,AEA,EN,Combined TRACON& Tower with Radar,17,6,5,19,47,0,0,8,17,25,17,6,13,36,72,2,108,110,182
12/14/2017,ACY,NJ,AEA,EN,Combined TRACON& Tower with Radar,20,13,16,43,92,0,1,20,30,51,20,14,36,73,143,0,78,78,221
12/15/2017,ACY,NJ,AEA,EN,Combined TRACON& Tower with Radar,22,15,13,28,78,0,0,6,5,11,22,15,19,33,89,0,72,72,161
12/16/2017,ACY,NJ,AEA,EN,Combined TRACON& Tower with Radar,23,10,11,3,47,0,0,27,5,32,23,10,38,8,79,8,72,80,159
12/17/2017,ACY,NJ,AEA,EN,Combined TRACON& Tower with Radar,23,18,14,0,55,0,0,35,7,42,23,18,49,7,97,24,0,24,121
12/18/2017,ACY,NJ,AEA,EN,Combined TRACON& Tower with Radar,21,5,16,18,60,0,0,15,11,26,21,5,31,29,86,16,22,38,124
12/19/2017,ACY,NJ,AEA,EN,Combined TRACON& Tower with Radar,18,11,22,52,103,0,3,21,21,45,18,14,43,73,148,2,98,100,248
12/20/2017,ACY,NJ,AEA,EN,Combined TRACON& Tower with Radar,15,8,13,84,120,0,2,21,18,41,15,10,34,102,161,12,148,160,321
12/21/2017,ACY,NJ,AEA,EN,Combined TRACON& Tower with Radar,24,8,21,62,115,0,0,13,16,29,24,8,34,78,144,8,134,142,286
12/22/2017,ACY,NJ,AEA,EN,Combined TRACON& Tower with Radar,21,0,26,4,51,0,0,23,17,40,21,0,49,21,91,10,0,10,101
12/23/2017,ACY,NJ,AEA,EN,Combined TRACON& Tower with Radar,17,3,8,0,28,0,0,0,2,2,17,3,8,2,30,0,0,0,30
12/24/2017,ACY,NJ,AEA,EN,Combined TRACON& Tower with Radar,19,0,8,0,27,0,0,6,4,10,19,0,14,4,37,0,0,0,37
12/25/2017,ACY,NJ,AEA,EN,Combined TRACON& Tower with Radar,22,0,2,0,24,0,0,7,0,7,22,0,9,0,31,0,0,0,31
12/26/2017,ACY,NJ,AEA,EN,Combined TRACON& Tower with Radar,18,12,21,6,57,0,1,25,6,32,18,13,46,12,89,2,30,32,121
12/27/2017,ACY,NJ,AEA,EN,Combined TRACON& Tower with Radar,23,1,11,44,79,0,0,30,6,36,23,1,41,50,115,21,54,75,190
12/28/2017,ACY,NJ,AEA,EN,Combined TRACON& Tower with Radar,21,9,7,34,71,0,0,12,4,16,21,9,19,38,87,0,20,20,107
12/29/2017,ACY,NJ,AEA,EN,Combined TRACON& Tower with Radar,22,9,10,9,50,0,0,14,5,19,22,9,24,14,69,2,0,2,71
12/30/2017,ACY,NJ,AEA,EN,Combined TRACON& Tower with Radar,23,22,8,0,53,0,0,3,0,3,23,22,11,0,56,0,0,0,56
12/31/2017,ACY,NJ,AEA,EN,Combined TRACON& Tower with Radar,21,12,5,1,39,0,0,9,4,13,21,12,14,5,52,0,0,0,52
01/01/2018,ACY,NJ,AEA,EN,Combined TRACON& Tower with Radar,24,26,9,1,60,0,0,14,11,25,24,26,23,12,85,0,0,0,85
01/02/2018,ACY,NJ,AEA,EN,Combined TRACON& Tower with Radar,21,7,11,13,52,0,3,21,10,34,21,10,32,23,86,0,22,22,108
01/03/2018,ACY,NJ,AEA,EN,Combined TRACON& Tower with Radar,19,9,14,22,64,0,7,11,16,34,19,16,25,38,98,1,28,29,127
01/04/2018,ACY,NJ,AEA,EN,Combined TRACON& Tower with Radar,0,1,0,0,1,0,0,0,1,1,0,1,0,1,2,0,1,1,3
01/05/2018,ACY,NJ,AEA,EN,Combined TRACON& Tower with Radar,17,13,2,3,35,0,0,6,10,16,17,13,8,13,51,0,0,0,51
01/06/2018,ACY,NJ,AEA,EN,Combined TRACON& Tower with Radar,22,11,4,13,50,0,0,5,8,13,22,11,9,21,63,0,0,0,63
01/07/2018,ACY,NJ,AEA,EN,Combined TRACON& Tower with Radar,21,11,10,8,50,0,0,8,12,20,21,11,18,20,70,0,0,0,70
01/08/2018,ACY,NJ,AEA,EN,Combined TRACON& Tower with Radar,21,6,8,9,44,0,0,0,1,1,21,6,8,10,45,0,6,6,51
01/09/2018,ACY,NJ,AEA,EN,Combined TRACON& Tower with Radar,20,4,14,39,77,0,0,27,34,61,20,4,41,73,138,28,20,48,186
01/10/2018,ACY,NJ,AEA,EN,Combined TRACON& Tower with Radar,31,17,8,47,103,1,0,21,34,56,32,17,29,81,159,0,100,100,259
01/11/2018,ACY,NJ,AEA,EN,Combined TRACON& Tower with Radar,21,11,23,108,163,0,1,10,31,42,21,12,33,139,205,0,36,36,241
01/12/2018,ACY,NJ,AEA,EN,Combined TRACON& Tower with Radar,22,9,4,0,35,0,0,0,0,0,22,9,4,0,35,0,0,0,35
01/13/2018,ACY,NJ,AEA,EN,Combined TRACON& Tower with Radar,25,11,8,1,45,0,1,12,11,24,25,12,20,12,69,0,12,12,81
01/14/2018,ACY,NJ,AEA,EN,Combined TRACON& Tower with Radar,24,14,13,1,52,0,0,29,6,35,24,14,42,7,87,12,0,12,99
01/15/2018,ACY,NJ,AEA,EN,Combined TRACON& Tower with Radar,21,3,4,0,28,0,0,14,4,18,21,3,18,4,46,0,18,18,64
01/16/2018,ACY,NJ,AEA,EN,Combined TRACON& Tower with Radar,20,7,7,67,101,0,0,19,31,50,20,7,26,98,151,0,122,122,273
01/17/2018,ACY,NJ,AEA,EN,Combined TRACON& Tower with Radar,18,7,8,27,60,0,0,4,10,14,18,7,12,37,74,0,30,30,104
01/18/2018,ACY,NJ,AEA,EN,Combined TRACON& Tower with Radar,24,10,10,91,135,0,0,17,28,45,24,10,27,119,180,0,176,176,356
01/19/2018,ACY,NJ,AEA,EN,Combined TRACON& Tower with Radar,21,20,12,56,109,0,2,22,39,63,21,22,34,95,172,10,104,114,286
01/20/2018,ACY,NJ,AEA,EN,Combined TRACON& Tower with Radar,22,6,15,4,47,0,2,25,2,29,22,8,40,6,76,12,0,12,88
01/21/2018,ACY,NJ,AEA,EN,Combined TRACON& Tower with Radar,22,16,11,3,52,0,1,24,7,32,22,17,35,10,84,16,0,16,100
01/22/2018,ACY,NJ,AEA,EN,Combined TRACON& Tower with Radar,23,9,11,68,111,0,1,15,30,46,23,10,26,98,157,0,182,182,339
01/23/2018,ACY,NJ,AEA,EN,Combined TRACON& Tower with Radar,18,1,13,16,48,0,0,5,12,17,18,1,18,28,65,10,34,44,109
01/24/2018,ACY,NJ,AEA,EN,Combined TRACON& Tower with Radar,24,7,23,67,121,0,0,62,29,91,24,7,85,96,212,22,204,226,438
01/25/2018,ACY,NJ,AEA,EN,Combined TRACON& Tower with Radar,21,9,31,61,122,0,1,48,26,75,21,10,79,87,197,64,104,168,365
01/26/2018,ACY,NJ,AEA,EN,Combined TRACON& Tower with Radar,25,15,17,37,94,0,4,28,29,61,25,19,45,66,155,4,52,56,211
01/27/2018,ACY,NJ,AEA,EN,Combined TRACON& Tower with Radar,22,11,18,0,51,0,0,21,6,27,22,11,39,6,78,3,8,11,89
01/28/2018,ACY,NJ,AEA,EN,Combined TRACON& Tower with Radar,24,22,34,16,96,0,0,0,0,0,24,22,34,16,96,0,0,0,96
01/29/2018,ACY,NJ,AEA,EN,Combined TRACON& Tower with Radar,19,6,2,10,37,0,0,4,28,32,19,6,6,38,69,0,79,79,148
01/30/2018,ACY,NJ,AEA,EN,Combined TRACON& Tower with Radar,21,5,4,28,58,0,0,0,3,3,21,5,4,31,61,0,0,0,61
01/31/2018,ACY,NJ,AEA,EN,Combined TRACON& Tower with Radar,25,8,13,20,66,0,1,12,16,29,25,9,25,36,95,8,48,56,151
02/01/2018,ACY,NJ,AEA,EN,Combined TRACON& Tower with Radar,20,12,12,36,80,0,1,17,36,54,20,13,29,72,134,0,110,110,244
02/02/2018,ACY,NJ,AEA,EN,Combined TRACON& Tower with Radar,25,16,13,14,68,0,3,12,34,49,25,19,25,48,117,2,24,26,143
02/03/2018,ACY,NJ,AEA,EN,Combined TRACON& Tower with Radar,23,6,19,3,51,0,0,26,9,35,23,6,45,12,86,6,2,8,94
02/04/2018,ACY,NJ,AEA,EN,Combined TRACON& Tower with Radar,22,13,8,1,44,0,0,8,5,13,22,13,16,6,57,0,0,0,57
02/05/2018,ACY,NJ,AEA,EN,Combined TRACON& Tower with Radar,23,7,13,53,96,0,0,14,42,56,23,7,27,95,152,3,84,87,239
02/06/2018,ACY,NJ,AEA,EN,Combined TRACON& Tower with Radar,22,6,16,44,88,0,0,24,31,55,22,6,40,75,143,44,12,56,199
02/07/2018,ACY,NJ,AEA,EN,Combined TRACON& Tower with Radar,21,5,6,27,59,0,0,0,4,4,21,5,6,31,63,0,0,0,63
02/08/2018,ACY,NJ,AEA,EN,Combined TRACON& Tower with Radar,21,11,10,35,77,0,3,25,26,54,21,14,35,61,131,14,70,84,215
02/09/2018,ACY,NJ,AEA,EN,Combined TRACON& Tower with Radar,24,22,10,17,73,0,0,22,22,44,24,22,32,39,117,6,80,86,203
02/10/2018,ACY,NJ,AEA,EN,Combined TRACON& Tower with Radar,25,5,9,23,62,0,0,7,5,12,25,5,16,28,74,0,0,0,74
02/11/2018,ACY,NJ,AEA,EN,Combined TRACON& Tower with Radar,19,14,4,0,37,0,0,0,0,0,19,14,4,0,37,0,0,0,37
02/12/2018,ACY,NJ,AEA,EN,Combined TRACON& Tower with Radar,28,7,17,22,74,0,0,10,33,43,28,7,27,55,117,0,52,52,169
02/13/2018,ACY,NJ,AEA,EN,Combined TRACON& Tower with Radar,21,10,14,67,112,0,1,41,29,71,21,11,55,96,183,3,158,161,344
02/14/2018,ACY,NJ,AEA,EN,Combined TRACON& Tower with Radar,21,19,25,68,133,0,2,40,43,85,21,21,65,111,218,14,128,142,360
02/15/2018,ACY,NJ,AEA,EN,Combined TRACON& Tower with Radar,20,10,21,84,135,0,0,23,30,53,20,10,44,114,188,100,190,290,478
02/16/2018,ACY,NJ,AEA,EN,Combined TRACON& Tower with Radar,27,15,22,22,86,0,0,7,4,11,27,15,29,26,97,0,36,36,133
02/17/2018,ACY,NJ,AEA,EN,Combined TRACON& Tower with Radar,22,8,20,1,51,0,0,17,5,22,22,8,37,6,73,0,0,0,73
02/18/2018,ACY,NJ,AEA,EN,Combined TRACON& Tower with Radar,25,18,10,11,64,0,0,31,7,38,25,18,41,18,102,6,36,42,144
02/19/2018,ACY,NJ,AEA,EN,Combined TRACON& Tower with Radar,20,7,13,3,43,0,0,2,6,8,20,7,15,9,51,0,2,2,53
02/20/2018,ACY,NJ,AEA,EN,Combined TRACON& Tower with Radar,22,5,20,35,82,0,0,23,21,44,22,5,43,56,126,0,80,80,206
02/21/2018,ACY,NJ,AEA,EN,Combined TRACON& Tower with Radar,23,4,18,24,69,0,1,12,42,55,23,5,30,66,124,0,10,10,134
02/22/2018,ACY,NJ,AEA,EN,Combined TRACON& Tower with Radar,22,12,15,17,66,0,0,5,16,21,22,12,20,33,87,4,98,102,189
02/23/2018,ACY,NJ,AEA,EN,Combined TRACON& Tower with Radar,25,17,11,9,62,0,0,0,7,7,25,17,11,16,69,0,28,28,97
02/24/2018,ACY,NJ,AEA,EN,Combined TRACON& Tower with Radar,24,7,29,6,66,0,0,2,7,9,24,7,31,13,75,0,22,22,97
02/25/2018,ACY,NJ,AEA,EN,Combined TRACON& Tower with Radar,26,24,20,0,70,0,0,0,2,2,26,24,20,2,72,0,0,0,72
02/26/2018,ACY,NJ,AEA,EN,Combined TRACON& Tower with Radar,22,8,12,29,71,0,2,21,26,49,22,10,33,55,120,12,26,38,158
02/27/2018,ACY,NJ,AEA,EN,Combined TRACON& Tower with Radar,21,7,25,86,139,0,2,42,22,66,21,9,67,108,205,28,140,168,373
02/28/2018,ACY,NJ,AEA,EN,Combined TRACON& Tower with Radar,22,7,12,15,56,0,1,37,36,74,22,8,49,51,130,28,68,96,226
03/01/2018,ACY,NJ,AEA,EN,Combined TRACON& Tower with Radar,23,12,14,60,109,0,1,13,22,36,23,13,27,82,145,0,38,38,183
03/02/2018,ACY,NJ,AEA,EN,Combined TRACON& Tower with Radar,21,17,0,0,38,0,0,2,4,6,21,17,2,4,44,0,40,40,84
03/03/2018,ACY,NJ,AEA,EN,Combined TRACON& Tower with Radar,25,6,9,8,48,0,0,3,6,9,25,6,12,14,57,0,2,2,59
03/04/2018,ACY,NJ,AEA,EN,Combined TRACON& Tower with Radar,26,17,12,24,79,0,0,10,7,17,26,17,22,31,96,0,32,32,128
03/05/2018,ACY,NJ,AEA,EN,Combined TRACON& Tower with Radar,20,11,5,30,66,0,0,15,24,39,20,11,20,54,105,0,20,20,125
03/06/2018,ACY,NJ,AEA,EN,Combined TRACON& Tower with Radar,24,7,21,44,96,0,1,15,29,45,24,8,36,73,141,0,96,96,237
03/07/2018,ACY,NJ,AEA,EN,Combined TRACON& Tower with Radar,18,4,4,0,26,0,0,0,5,5,18,4,4,5,31,0,0,0,31
03/08/2018,ACY,NJ,AEA,EN,Combined TRACON& Tower with Radar,24,6,12,22,64,0,1,11,26,38,24,7,23,48,102,0,30,30,132
03/09/2018,ACY,NJ,AEA,EN,Combined TRACON& Tower with Radar,23,16,15,4,58,0,0,14,15,29,23,16,29,19,87,10,10,20,107
03/10/2018,ACY,NJ,AEA,EN,Combined TRACON& Tower with Radar,25,23,10,10,68,0,0,26,6,32,25,23,36,16,100,8,0,8,108
03/11/2018,ACY,NJ,AEA,EN,Combined TRACON& Tower with Radar,25,21,21,6,73,0,0,42,8,50,25,21,63,14,123,12,8,20,143
03/12/2018,ACY,NJ,AEA,EN,Combined TRACON& Tower with Radar,19,4,17,7,47,0,0,10,20,30,19,4,27,27,77,0,30,30,107
03/13/2018,ACY,NJ,AEA,EN,Combined TRACON& Tower with Radar,23,6,4,10,43,0,1,9,20,30,23,7,13,30,73,12,28,40,113
03/14/2018,ACY,NJ,AEA,EN,Combined TRACON& Tower with Radar,25,12,14,50,101,0,4,8,34,46,25,16,22,84,147,12,84,96,243
03/15/2018,ACY,NJ,AEA,EN,Combined TRACON& Tower with Radar,20,8,23,28,79,0,0,17,33,50,20,8,40,61,129,0,52,52,181
03/16/2018,ACY,NJ,AEA,EN,Combined TRACON& Tower with Radar,25,16,12,38,91,0,0,10,22,32,25,16,22,60,123,20,82,102,225
03/17/2018,ACY,NJ,AEA,EN,Combined TRACON& Tower with Radar,23,8,16,0,47,0,0,23,5,28,23,8,39,5,75,2,2,4,79
03/18/2018,ACY,NJ,AEA,EN,Combined TRACON& Tower with Radar,23,15,12,0,50,0,0,30,4,34,23,15,42,4,84,12,0,12,96
03/19/2018,ACY,NJ,AEA,EN,Combined TRACON& Tower with Radar,22,12,11,42,87,0,0,28,28,56,22,12,39,70,143,6,26,32,175
03/20/2018,ACY,NJ,AEA,EN,Combined TRACON& Tower with Radar,24,7,6,0,37,0,0,1,0,1,24,7,7,0,38,0,6,6,44
03/21/2018,ACY,NJ,AEA,EN,Combined TRACON& Tower with Radar,19,1,7,0,27,0,0,0,0,0,19,1,7,0,27,0,0,0,27
03/22/2018,ACY,NJ,AEA,EN,Combined TRACON& Tower with Radar,23,13,18,24,78,0,0,8,30,38,23,13,26,54,116,2,14,16,132
03/23/2018,ACY,NJ,AEA,EN,Combined TRACON& Tower with Radar,24,18,7,19,68,0,1,30,26,57,24,19,37,45,125,0,66,66,191
03/24/2018,ACY,NJ,AEA,EN,Combined TRACON& Tower with Radar,24,12,22,8,66,0,0,31,4,35,24,12,53,12,101,6,6,12,113
03/25/2018,ACY,NJ,AEA,EN,Combined TRACON& Tower with Radar,24,23,12,2,61,0,0,3,3,6,24,23,15,5,67,0,0,0,67
03/26/2018,ACY,NJ,AEA,EN,Combined TRACON& Tower with Radar,16,6,10,54,86,0,0,21,31,52,16,6,31,85,138,0,60,60,198
03/27/2018,ACY,NJ,AEA,EN,Combined TRACON& Tower with Radar,26,9,16,19,70,0,3,26,29,58,26,12,42,48,128,0,130,130,258
03/28/2018,ACY,NJ,AEA,EN,Combined TRACON& Tower with Radar,21,4,27,26,78,0,1,10,26,37,21,5,37,52,115,6,56,62,177
03/29/2018,ACY,NJ,AEA,EN,Combined TRACON& Tower with Radar,20,11,17,41,89,0,0,20,23,43,20,11,37,64,132,0,38,38,170
03/30/2018,ACY,NJ,AEA,EN,Combined TRACON& Tower with Radar,20,8,17,15,60,0,0,14,13,27,20,8,31,28,87,0,24,24,111
03/31/2018,ACY,NJ,AEA,EN,Combined TRACON& Tower with Radar,20,5,17,1,43,0,0,21,4,25,20,5,38,5,68,6,0,6,74
04/01/2018,ACY,NJ,AEA,EN,Combined TRACON& Tower with Radar,20,8,4,2,34,0,0,4,10,14,20,8,8,12,48,6,0,6,54
04/02/2018,ACY,NJ,AEA,EN,Combined TRACON& Tower with Radar,19,4,11,18,52,0,0,1,35,36,19,4,12,53,88,0,6,6,94
04/03/2018,ACY,NJ,AEA,EN,Combined TRACON& Tower with Radar,20,7,11,5,43,0,0,4,13,17,20,7,15,18,60,0,0,0,60
04/04/2018,ACY,NJ,AEA,EN,Combined TRACON& Tower with Radar,24,10,9,7,50,0,10,1,20,31,24,20,10,27,81,0,34,34,115
04/05/2018,ACY,NJ,AEA,EN,Combined TRACON& Tower with Radar,20,7,24,36,87,0,0,26,27,53,20,7,50,63,140,18,56,74,214
04/06/2018,ACY,NJ,AEA,EN,Combined TRACON& Tower with Radar,22,22,24,14,82,0,0,12,31,43,22,22,36,45,125,7,78,85,210
04/07/2018,ACY,NJ,AEA,EN,Combined TRACON& Tower with Radar,23,8,11,0,42,0,0,19,6,25,23,8,30,6,67,0,0,0,67
04/08/2018,ACY,NJ,AEA,EN,Combined TRACON& Tower with Radar,25,15,20,4,64,0,0,23,6,29,25,15,43,10,93,4,0,4,97
04/09/2018,ACY,NJ,AEA,EN,Combined TRACON& Tower with Radar,22,4,22,86,134,0,0,40,27,67,22,4,62,113,201,0,138,138,339
04/10/2018,ACY,NJ,AEA,EN,Combined TRACON& Tower with Radar,24,5,15,16,60,0,3,22,34,59,24,8,37,50,119,22,114,136,255
04/11/2018,ACY,NJ,AEA,EN,Combined TRACON& Tower with Radar,20,12,33,28,93,0,0,36,39,75,20,12,69,67,168,0,126,126,294
04/12/2018,ACY,NJ,AEA,EN,Combined TRACON& Tower with Radar,18,12,19,59,108,0,4,29,34,67,18,16,48,93,175,0,58,58,233
04/13/2018,ACY,NJ,AEA,EN,Combined TRACON& Tower with Radar,20,19,19,18,76,0,0,62,59,121,20,19,81,77,197,14,76,90,287
04/14/2018,ACY,NJ,AEA,EN,Combined TRACON& Tower with Radar,22,12,24,16,74,0,0,52,12,64,22,12,76,28,138,14,24,38,176
04/15/2018,ACY,NJ,AEA,EN,Combined TRACON& Tower with Radar,18,20,15,6,59,0,0,0,0,0,18,20,15,6,59,0,0,0,59
04/16/2018,ACY,NJ,AEA,EN,Combined TRACON& Tower with Radar,17,8,6,10,41,0,0,1,18,19,17,8,7,28,60,0,52,52,112
04/17/2018,ACY,NJ,AEA,EN,Combined TRACON& Tower with Radar,18,5,31,36,90,0,3,18,36,57,18,8,49,72,147,0,40,40,187
04/18/2018,ACY,NJ,AEA,EN,Combined TRACON& Tower with Radar,22,11,16,21,70,0,1,19,32,52,22,12,35,53,122,0,12,12,134
04/19/2018,ACY,NJ,AEA,EN,Combined TRACON& Tower with Radar,18,9,22,68,117,0,0,13,26,39,18,9,35,94,156,19,140,159,315
04/20/2018,ACY,NJ,AEA,EN,Combined TRACON& Tower with Radar,21,23,29,31,104,0,1,44,28,73,21,24,73,59,177,12,35,47,224
04/21/2018,ACY,NJ,AEA,EN,Combined TRACON& Tower with Radar,21,13,34,0,68,0,1,34,12,47,21,14,68,12,115,18,80,98,213
04/22/2018,ACY,NJ,AEA,EN,Combined TRACON& Tower with Radar,20,23,32,0,75,0,1,33,4,38,20,24,65,4,113,0,0,0,113
04/23/2018,ACY,NJ,AEA,EN,Combined TRACON& Tower with Radar,21,5,16,63,105,0,0,20,21,41,21,5,36,84,146,0,64,64,210
04/24/2018,ACY,NJ,AEA,EN,Combined TRACON& Tower with Radar,20,7,11,58,96,0,1,13,16,30,20,8,24,74,126,0,58,58,184
04/25/2018,ACY,NJ,AEA,EN,Combined TRACON& Tower with Radar,19,13,14,13,59,0,0,4,13,17,19,13,18,26,76,0,58,58,134
04/26/2018,ACY,NJ,AEA,EN,Combined TRACON& Tower with Radar,17,10,25,35,87,0,1,31,30,62,17,11,56,65,149,4,32,36,185
04/27/2018,ACY,NJ,AEA,EN,Combined TRACON& Tower with Radar,24,18,21,14,77,0,0,7,4,11,24,18,28,18,88,0,0,0,88
04/28/2018,ACY,NJ,AEA,EN,Combined TRACON& Tower with Radar,22,9,23,0,54,0,0,12,2,14,22,9,35,2,68,0,0,0,68
04/29/2018,ACY,NJ,AEA,EN,Combined TRACON& Tower with Radar,21,30,14,5,70,0,0,12,7,19,21,30,26,12,89,0,12,12,101
04/30/2018,ACY,NJ,AEA,EN,Combined TRACON& Tower with Radar,16,10,6,40,72,0,1,9,26,36,16,11,15,66,108,2,24,26,134
05/01/2018,ACY,NJ,AEA,EN,Combined TRACON& Tower with Radar,17,4,39,40,100,0,0,38,14,52,17,4,77,54,152,3,16,19,171
05/02/2018,ACY,NJ,AEA,EN,Combined TRACON& Tower with Radar,18,7,10,53,88,0,0,23,36,59,18,7,33,89,147,2,49,51,198
05/03/2018,ACY,NJ,AEA,EN,Combined TRACON& Tower with Radar,22,12,18,28,80,0,0,12,24,36,22,12,30,52,116,0,68,68,184
05/04/2018,ACY,NJ,AEA,EN,Combined TRACON& Tower with Radar,26,23,16,28,93,0,3,20,28,51,26,26,36,56,144,30,62,92,236
05/05/2018,ACY,NJ,AEA,EN,Combined TRACON& Tower with Radar,22,13,15,9,59,0,2,38,10,50,22,15,53,19,109,10,30,40,149
05/06/2018,ACY,NJ,AEA,EN,Combined TRACON& Tower with Radar,18,24,37,17,96,0,0,4,3,7,18,24,41,20,103,0,0,0,103
05/07/2018,ACY,NJ,AEA,EN,Combined TRACON& Tower with Radar,20,8,23,29,80,0,0,17,29,46,20,8,40,58,126,0,50,50,176
05/08/2018,ACY,NJ,AEA,EN,Combined TRACON& Tower with Radar,16,7,19,28,70,0,0,21,40,61,16,7,40,68,131,0,74,74,205
05/09/2018,ACY,NJ,AEA,EN,Combined TRACON& Tower with Radar,23,8,15,39,85,0,5,31,29,65,23,13,46,68,150,4,36,40,190
05/10/2018,ACY,NJ,AEA,EN,Combined TRACON& Tower with Radar,15,18,15,31,79,0,0,20,28,48,15,18,35,59,127,22,40,62,189
05/11/2018,ACY,NJ,AEA,EN,Combined TRACON& Tower with Radar,25,13,17,16,71,0,2,46,31,79,25,15,63,47,150,8,14,22,172
05/12/2018,ACY,NJ,AEA,EN,Combined TRACON& Tower with Radar,20,10,15,12,57,0,0,14,6,20,20,10,29,18,77,0,18,18,95
05/13/2018,ACY,NJ,AEA,EN,Combined TRACON& Tower with Radar,17,13,8,12,50,0,0,0,0,0,17,13,8,12,50,0,18,18,68
05/14/2018,ACY,NJ,AEA,EN,Combined TRACON& Tower with Radar,22,9,23,19,73,0,0,3,7,10,22,9,26,26,83,0,0,0,83
05/15/2018,ACY,NJ,AEA,EN,Combined TRACON& Tower with Radar,22,11,29,35,97,0,1,15,13,29,22,12,44,48,126,4,88,92,218
05/16/2018,ACY,NJ,AEA,EN,Combined TRACON& Tower with Radar,19,8,17,4,48,0,0,0,0,0,19,8,17,4,48,0,0,0,48
05/17/2018,ACY,NJ,AEA,EN,Combined TRACON& Tower with Radar,17,8,28,16,69,0,0,1,8,9,17,8,29,24,78,12,0,12,90
05/18/2018,ACY,NJ,AEA,EN,Combined TRACON& Tower with Radar,22,20,30,6,78,0,0,0,6,6,22,20,30,12,84,0,4,4,88
05/19/2018,ACY,NJ,AEA,EN,Combined TRACON& Tower with Radar,23,14,25,0,62,0,0,0,0,0,23,14,25,0,62,0,0,0,62
05/20/2018,ACY,NJ,AEA,EN,Combined TRACON& Tower with Radar,19,27,25,6,77,0,0,10,4,14,19,27,35,10,91,0,18,18,109
05/21/2018,ACY,NJ,AEA,EN,Combined TRACON& Tower with Radar,20,6,18,4,48,0,5,28,33,66,20,11,46,37,114,0,34,34,148
05/22/2018,ACY,NJ,AEA,EN,Combined TRACON& Tower with Radar,14,6,16,64,100,0,1,19,21,41,14,7,35,85,141,3,94,97,238
05/23/2018,ACY,NJ,AEA,EN,Combined TRACON& Tower with Radar,30,11,29,22,92,0,0,26,22,48,30,11,55,44,140,0,16,16,156
05/24/2018,ACY,NJ,AEA,EN,Combined TRACON& Tower with Radar,16,12,31,71,130,0,1,50,33,84,16,13,81,104,214,36,34,70,284
05/25/2018,ACY,NJ,AEA,EN,Combined TRACON& Tower with Radar,22,21,32,8,83,0,4,31,25,60,22,25,63,33,143,4,30,34,177
05/26/2018,ACY,NJ,AEA,EN,Combined TRACON& Tower with Radar,22,12,13,1,48,0,0,21,10,31,22,12,34,11,79,14,30,44,123
05/27/2018,ACY,NJ,AEA,EN,Combined TRACON& Tower with Radar,17,28,10,1,56,0,0,3,0,3,17,28,13,1,59,0,0,0,59
05/28/2018,ACY,NJ,AEA,EN,Combined TRACON& Tower with Radar,21,14,35,4,74,0,0,1,4,5,21,14,36,8,79,0,0,0,79
05/29/2018,ACY,NJ,AEA,EN,Combined TRACON& Tower with Radar,20,11,25,23,79,0,1,8,18,27,20,12,33,41,106,0,22,22,128
05/30/2018,ACY,NJ,AEA,EN,Combined TRACON& Tower with Radar,21,11,16,23,71,0,0,1,1,2,21,11,17,24,73,0,0,0,73
05/31/2018,ACY,NJ,AEA,EN,Combined TRACON& Tower with Radar,16,9,14,25,64,0,0,0,7,7,16,9,14,32,71,0,18,18,89
06/01/2018,ACY,NJ,AEA,EN,Combined TRACON& Tower with Radar,22,22,37,12,93,0,0,10,23,33,22,22,47,35,126,4,58,62,188
06/02/2018,ACY,NJ,AEA,EN,Combined TRACON& Tower with Radar,24,7,18,4,53,0,0,12,6,18,24,7,30,10,71,0,12,12,83
06/03/2018,ACY,NJ,AEA,EN,Combined TRACON& Tower with Radar,19,26,25,2,72,0,0,2,4,6,19,26,27,6,78,0,0,0,78
06/04/2018,ACY,NJ,AEA,EN,Combined TRACON& Tower with Radar,20,12,12,17,61,0,0,51,27,78,20,12,63,44,139,36,24,60,199
06/05/2018,ACY,NJ,AEA,EN,Combined TRACON& Tower with Radar,18,5,18,18,59,0,0,22,27,49,18,5,40,45,108,14,38,52,160
06/06/2018,ACY,NJ,AEA,EN,Combined TRACON& Tower with Radar,18,7,23,30,78,0,3,22,33,58,18,10,45,63,136,20,46,66,202
06/07/2018,ACY,NJ,AEA,EN,Combined TRACON& Tower with Radar,18,15,20,21,74,0,0,34,25,59,18,15,54,46,133,24,28,52,185
06/08/2018,ACY,NJ,AEA,EN,Combined TRACON& Tower with Radar,23,13,46,2,84,0,0,32,16,48,23,13,78,18,132,14,0,14,146
06/09/2018,ACY,NJ,AEA,EN,Combined TRACON& Tower with Radar,20,13,17,24,74,0,0,10,3,13,20,13,27,27,87,0,0,0,87
06/10/2018,ACY,NJ,AEA,EN,Combined TRACON& Tower with Radar,21,21,18,2,62,0,0,14,8,22,21,21,32,10,84,0,0,0,84
06/11/2018,ACY,NJ,AEA,EN,Combined TRACON& Tower with Radar,17,16,9,60,102,0,0,12,38,50,17,16,21,98,152,8,98,106,258
06/12/2018,ACY,NJ,AEA,EN,Combined TRACON& Tower with Radar,19,11,19,67,116,0,2,43,32,77,19,13,62,99,193,28,94,122,315
06/13/2018,ACY,NJ,AEA,EN,Combined TRACON& Tower with Radar,19,9,21,14,63,0,0,13,11,24,19,9,34,25,87,0,0,0,87
06/14/2018,ACY,NJ,AEA,EN,Combined TRACON& Tower with Radar,21,15,16,55,107,0,7,24,27,58,21,22,40,82,165,12,20,32,197
06/15/2018,ACY,NJ,AEA,EN,Combined TRACON& Tower with Radar,23,20,18,26,87,0,0,50,32,82,23,20,68,58,169,38,16,54,223
06/16/2018,ACY,NJ,AEA,EN,Combined TRACON& Tower with Radar,20,3,21,2,46,0,2,37,4,43,20,5,58,6,89,0,4,4,93
06/17/2018,ACY,NJ,AEA,EN,Combined TRACON& Tower with Radar,19,16,19,0,54,0,0,27,5,32,19,16,46,5,86,0,0,0,86
06/18/2018,ACY,NJ,AEA,EN,Combined TRACON& Tower with Radar,20,7,19,4,50,0,0,26,36,62,20,7,45,40,112,6,8,14,126
06/19/2018,ACY,NJ,AEA,EN,Combined TRACON& Tower with Radar,15,8,30,19,72,0,0,47,19,66,15,8,77,38,138,0,60,60,198
06/20/2018,ACY,NJ,AEA,EN,Combined TRACON& Tower with Radar,20,8,22,35,85,0,0,14,31,45,20,8,36,66,130,28,108,136,266
06/21/2018,ACY,NJ,AEA,EN,Combined TRACON& Tower with Radar,20,16,50,49,135,0,0,10,14,24,20,16,60,63,159,4,86,90,249
06/22/2018,ACY,NJ,AEA,EN,Combined TRACON& Tower with Radar,21,25,22,15,83,0,0,4,16,20,21,25,26,31,103,0,4,4,107
06/23/2018,ACY,NJ,AEA,EN,Combined TRACON& Tower with Radar,21,12,27,0,60,0,0,0,0,0,21,12,27,0,60,0,0,0,60
06/24/2018,ACY,NJ,AEA,EN,Combined TRACON& Tower with Radar,21,21,18,0,60,0,0,22,8,30,21,21,40,8,90,0,0,0,90
06/25/2018,ACY,NJ,AEA,EN,Combined TRACON& Tower with Radar,20,14,16,35,85,0,0,31,24,55,20,14,47,59,140,0,14,14,154
06/26/2018,ACY,NJ,AEA,EN,Combined TRACON& Tower with Radar,18,8,37,24,87,0,0,50,32,82,18,8,87,56,169,36,28,64,233
06/27/2018,ACY,NJ,AEA,EN,Combined TRACON& Tower with Radar,22,9,28,77,136,0,3,32,22,57,22,12,60,99,193,10,28,38,231
06/28/2018,ACY,NJ,AEA,EN,Combined TRACON& Tower with Radar,15,19,25,25,84,0,1,18,18,37,15,20,43,43,121,6,14,20,141
06/29/2018,ACY,NJ,AEA,EN,Combined TRACON& Tower with Radar,23,33,28,36,120,0,2,52,8,62,23,35,80,44,182,10,48,58,240
06/30/2018,ACY,NJ,AEA,EN,Combined TRACON& Tower with Radar,23,21,23,0,67,0,2,34,3,39,23,23,57,3,106,12,1,13,119
07/01/2018,ACY,NJ,AEA,EN,Combined TRACON& Tower with Radar,22,33,38,9,102,0,0,36,8,44,22,33,74,17,146,0,14,14,160
07/02/2018,ACY,NJ,AEA,EN,Combined TRACON& Tower with Radar,18,16,17,36,87,0,1,48,143,192,18,17,65,179,279,0,0,0,279
07/03/2018,ACY,NJ,AEA,EN,Combined TRACON& Tower with Radar,20,10,34,34,98,0,0,31,17,48,20,10,65,51,146,14,8,22,168
07/04/2018,ACY,NJ,AEA,EN,Combined TRACON& Tower with Radar,21,0,7,0,28,0,0,23,4,27,21,0,30,4,55,0,0,0,55
07/05/2018,ACY,NJ,AEA,EN,Combined TRACON& Tower with Radar,18,9,10,39,76,0,1,35,17,53,18,10,45,56,129,22,16,38,167
07/06/2018,ACY,NJ,AEA,EN,Combined TRACON& Tower with Radar,20,24,14,10,68,0,0,9,7,16,20,24,23,17,84,0,0,0,84
07/07/2018,ACY,NJ,AEA,EN,Combined TRACON& Tower with Radar,24,18,28,1,71,0,0,31,7,38,24,18,59,8,109,12,0,12,121
07/08/2018,ACY,NJ,AEA,EN,Combined TRACON& Tower with Radar,20,35,18,3,76,0,0,28,12,40,20,35,46,15,116,18,4,22,138
07/09/2018,ACY,NJ,AEA,EN,Combined TRACON& Tower with Radar,17,17,24,33,91,0,0,37,11,48,17,17,61,44,139,18,64,82,221
07/10/2018,ACY,NJ,AEA,EN,Combined TRACON& Tower with Radar,17,6,17,38,78,0,1,32,33,66,17,7,49,71,144,34,8,42,186
07/11/2018,ACY,NJ,AEA,EN,Combined TRACON& Tower with Radar,21,13,27,38,99,0,0,31,24,55,21,13,58,62,154,0,0,0,154
07/12/2018,ACY,NJ,AEA,EN,Combined TRACON& Tower with Radar,18,16,18,25,77,0,1,29,25,55,18,17,47,50,132,44,24,68,200
07/13/2018,ACY,NJ,AEA,EN,Combined TRACON& Tower with Radar,21,29,38,23,111,0,3,38,18,59,21,32,76,41,170,0,50,50,220
07/14/2018,ACY,NJ,AEA,EN,Combined TRACON& Tower with Radar,21,13,22,2,58,0,1,37,10,48,21,14,59,12,106,6,0,6,112
07/15/2018,ACY,NJ,AEA,EN,Combined TRACON& Tower with Radar,22,36,25,20,103,0,1,25,7,33,22,37,50,27,136,0,28,28,164
07/16/2018,ACY,NJ,AEA,EN,Combined TRACON& Tower with Radar,18,15,27,51,111,0,3,40,17,60,18,18,67,68,171,0,20,20,191
07/17/2018,ACY,NJ,AEA,EN,Combined TRACON& Tower with Radar,30,8,22,22,82,0,0,14,19,33,30,8,36,41,115,11,64,75,190
07/18/2018,ACY,NJ,AEA,EN,Combined TRACON& Tower with Radar,21,22,18,34,95,0,0,31,17,48,21,22,49,51,143,24,38,62,205
07/19/2018,ACY,NJ,AEA,EN,Combined TRACON& Tower with Radar,18,15,16,97,146,0,0,47,41,88,18,15,63,138,234,30,64,94,328
07/20/2018,ACY,NJ,AEA,EN,Combined TRACON& Tower with Radar,21,30,20,33,104,0,1,24,23,48,21,31,44,56,152,0,36,36,188
07/21/2018,ACY,NJ,AEA,EN,Combined TRACON& Tower with Radar,22,19,10,0,51,0,0,9,3,12,22,19,19,3,63,0,0,0,63
07/22/2018,ACY,NJ,AEA,EN,Combined TRACON& Tower with Radar,16,31,24,4,75,0,0,1,3,4,16,31,25,7,79,0,0,0,79
07/23/2018,ACY,NJ,AEA,EN,Combined TRACON& Tower with Radar,22,10,30,26,88,0,0,3,16,19,22,10,33,42,107,0,2,2,109
07/24/2018,ACY,NJ,AEA,EN,Combined TRACON& Tower with Radar,15,4,24,35,78,0,0,2,17,19,15,4,26,52,97,2,20,22,119
07/25/2018,ACY,NJ,AEA,EN,Combined TRACON& Tower with Radar,21,9,11,34,75,1,0,8,16,25,22,9,19,50,100,14,0,14,114
07/26/2018,ACY,NJ,AEA,EN,Combined TRACON& Tower with Radar,17,13,38,16,84,0,0,24,29,53,17,13,62,45,137,12,24,36,173
07/27/2018,ACY,NJ,AEA,EN,Combined TRACON& Tower with Radar,21,33,29,38,121,0,0,8,7,15,21,33,37,45,136,0,34,34,170
07/28/2018,ACY,NJ,AEA,EN,Combined TRACON& Tower with Radar,22,18,19,1,60,0,0,17,5,22,22,18,36,6,82,2,0,2,84
07/29/2018,ACY,NJ,AEA,EN,Combined TRACON& Tower with Radar,19,27,31,3,80,0,1,41,14,56,19,28,72,17,136,8,0,8,144
07/30/2018,ACY,NJ,AEA,EN,Combined TRACON& Tower with Radar,20,17,24,16,77,0,1,17,19,37,20,18,41,35,114,2,10,12,126
07/31/2018,ACY,NJ,AEA,EN,Combined TRACON& Tower with Radar,16,11,23,52,102,0,0,21,13,34,16,11,44,65,136,4,6,10,146
08/01/2018,ACY,NJ,AEA,EN,Combined TRACON& Tower with Radar,20,11,33,54,118,0,2,15,30,47,20,13,48,84,165,130,0,130,295
08/02/2018,ACY,NJ,AEA,EN,Combined TRACON& Tower with Radar,12,21,30,10,73,0,1,25,19,45,12,22,55,29,118,16,26,42,160
08/03/2018,ACY,NJ,AEA,EN,Combined TRACON& Tower with Radar,28,29,19,22,98,0,0,9,2,11,28,29,28,24,109,0,0,0,109
08/04/2018,ACY,NJ,AEA,EN,Combined TRACON& Tower with Radar,22,23,32,9,86,0,0,10,7,17,22,23,42,16,103,2,0,2,105
08/05/2018,ACY,NJ,AEA,EN,Combined TRACON& Tower with Radar,21,35,32,6,94,0,1,48,6,55,21,36,80,12,149,0,28,28,177
08/06/2018,ACY,NJ,AEA,EN,Combined TRACON& Tower with Radar,19,12,14,25,70,0,0,13,19,32,19,12,27,44,102,0,40,40,142
08/07/2018,ACY,NJ,AEA,EN,Combined TRACON& Tower with Radar,14,12,21,32,79,0,4,28,22,54,14,16,49,54,133,3,98,101,234
08/08/2018,ACY,NJ,AEA,EN,Combined TRACON& Tower with Radar,20,15,22,16,73,0,1,25,14,40,20,16,47,30,113,0,0,0,113
08/09/2018,ACY,NJ,AEA,EN,Combined TRACON& Tower with Radar,20,11,29,51,111,0,2,31,18,51,20,13,60,69,162,10,44,54,216
08/10/2018,ACY,NJ,AEA,EN,Combined TRACON& Tower with Radar,21,29,31,43,124,0,1,33,17,51,21,30,64,60,175,16,54,70,245
08/11/2018,ACY,NJ,AEA,EN,Combined TRACON& Tower with Radar,20,11,11,0,42,0,0,4,2,6,20,11,15,2,48,0,0,0,48
08/12/2018,ACY,NJ,AEA,EN,Combined TRACON& Tower with Radar,26,36,29,1,92,0,0,11,2,13,26,36,40,3,105,0,0,0,105
08/13/2018,ACY,NJ,AEA,EN,Combined TRACON& Tower with Radar,19,19,37,22,97,0,0,7,15,22,19,19,44,37,119,0,36,36,155
08/14/2018,ACY,NJ,AEA,EN,Combined TRACON& Tower with Radar,16,9,26,73,124,0,0,24,22,46,16,9,50,95,170,0,152,152,322
08/15/2018,ACY,NJ,AEA,EN,Combined TRACON& Tower with Radar,23,11,21,35,90,0,0,35,23,58,23,11,56,58,148,0,50,50,198
08/16/2018,ACY,NJ,AEA,EN,Combined TRACON& Tower with Radar,20,18,22,41,101,0,0,36,43,79,20,18,58,84,180,8,18,26,206
08/17/2018,ACY,NJ,AEA,EN,Combined TRACON& Tower with Radar,22,31,35,57,145,0,0,24,15,39,22,31,59,72,184,6,12,18,202
08/18/2018,ACY,NJ,AEA,EN,Combined TRACON& Tower with Radar,20,12,25,8,65,0,0,32,19,51,20,12,57,27,116,16,12,28,144
08/19/2018,ACY,NJ,AEA,EN,Combined TRACON& Tower with Radar,20,32,56,12,120,0,0,7,5,12,20,32,63,17,132,0,0,0,132
08/20/2018,ACY,NJ,AEA,EN,Combined TRACON& Tower with Radar,19,13,19,21,72,0,0,25,33,58,19,13,44,54,130,6,18,24,154
08/21/2018,ACY,NJ,AEA,EN,Combined TRACON& Tower with Radar,15,7,11,18,51,0,0,17,17,34,15,7,28,35,85,0,34,34,119
08/22/2018,ACY,NJ,AEA,EN,Combined TRACON& Tower with Radar,24,18,10,11,63,0,0,50,173,223,24,18,60,184,286,0,0,0,286
08/23/2018,ACY,NJ,AEA,EN,Combined TRACON& Tower with Radar,17,22,30,62,131,0,1,65,43,109,17,23,95,105,240,16,162,178,418
08/24/2018,ACY,NJ,AEA,EN,Combined TRACON& Tower with Radar,21,27,24,26,98,0,1,44,30,75,21,28,68,56,173,10,33,43,216
08/25/2018,ACY,NJ,AEA,EN,Combined TRACON& Tower with Radar,20,6,25,1,52,0,0,32,5,37,20,6,57,6,89,10,0,10,99
08/26/2018,ACY,NJ,AEA,EN,Combined TRACON& Tower with Radar,20,31,27,2,80,0,1,43,5,49,20,32,70,7,129,16,26,42,171
08/27/2018,ACY,NJ,AEA,EN,Combined TRACON& Tower with Radar,19,17,13,27,76,0,0,26,32,58,19,17,39,59,134,20,84,104,238
08/28/2018,ACY,NJ,AEA,EN,Combined TRACON& Tower with Radar,15,7,22,28,72,0,0,29,36,65,15,7,51,64,137,6,120,126,263
08/29/2018,ACY,NJ,AEA,EN,Combined TRACON& Tower with Radar,21,13,23,37,94,0,0,26,36,62,21,13,49,73,156,2,66,68,224
08/30/2018,ACY,NJ,AEA,EN,Combined TRACON& Tower with Radar,23,19,29,56,127,0,1,36,32,69,23,20,65,88,196,52,47,99,295
08/31/2018,ACY,NJ,AEA,EN,Combined TRACON& Tower with Radar,22,21,30,6,79,0,0,4,7,11,22,21,34,13,90,0,0,0,90
09/01/2018,ACY,NJ,AEA,EN,Combined TRACON& Tower with Radar,22,15,30,3,70,0,0,12,4,16,22,15,42,7,86,0,12,12,98
09/02/2018,ACY,NJ,AEA,EN,Combined TRACON& Tower with Radar,18,23,16,3,60,0,0,21,13,34,18,23,37,16,94,0,0,0,94
09/03/2018,ACY,NJ,AEA,EN,Combined TRACON& Tower with Radar,20,7,19,4,50,0,1,13,11,25,20,8,32,15,75,13,34,47,122
09/04/2018,ACY,NJ,AEA,EN,Combined TRACON& Tower with Radar,17,5,19,20,61,0,1,18,31,50,17,6,37,51,111,0,34,34,145
09/05/2018,ACY,NJ,AEA,EN,Combined TRACON& Tower with Radar,20,13,33,24,90,0,0,17,43,60,20,13,50,67,150,24,32,56,206
09/06/2018,ACY,NJ,AEA,EN,Combined TRACON& Tower with Radar,17,15,22,13,67,0,1,16,33,50,17,16,38,46,117,30,50,80,197
09/07/2018,ACY,NJ,AEA,EN,Combined TRACON& Tower with Radar,25,17,35,7,84,0,0,12,38,50,25,17,47,45,134,4,60,64,198
09/08/2018,ACY,NJ,AEA,EN,Combined TRACON& Tower with Radar,21,10,21,4,56,0,0,2,2,4,21,10,23,6,60,0,0,0,60
09/09/2018,ACY,NJ,AEA,EN,Combined TRACON& Tower with Radar,18,14,6,7,45,0,0,0,2,2,18,14,6,9,47,0,0,0,47
09/10/2018,ACY,NJ,AEA,EN,Combined TRACON& Tower with Radar,21,17,11,10,59,0,0,2,7,9,21,17,13,17,68,0,8,8,76
09/11/2018,ACY,NJ,AEA,EN,Combined TRACON& Tower with Radar,14,6,15,4,39,0,0,0,1,1,14,6,15,5,40,0,0,0,40
09/12/2018,ACY,NJ,AEA,EN,Combined TRACON& Tower with Radar,17,10,14,20,61,0,0,1,2,3,17,10,15,22,64,0,18,18,82
09/13/2018,ACY,NJ,AEA,EN,Combined TRACON& Tower with Radar,12,13,14,5,44,0,0,1,0,1,12,13,15,5,45,0,0,0,45
09/14/2018,ACY,NJ,AEA,EN,Combined TRACON& Tower with Radar,18,16,15,14,63,0,0,1,0,1,18,16,16,14,64,30,0,30,94
09/15/2018,ACY,NJ,AEA,EN,Combined TRACON& Tower with Radar,22,6,34,21,83,0,0,39,10,49,22,6,73,31,132,10,40,50,182
09/16/2018,ACY,NJ,AEA,EN,Combined TRACON& Tower with Radar,16,19,25,9,69,0,1,32,13,46,16,20,57,22,115,6,10,16,131
09/17/2018,ACY,NJ,AEA,EN,Combined TRACON& Tower with Radar,18,10,17,39,84,0,0,10,9,19,18,10,27,48,103,0,42,42,145
09/18/2018,ACY,NJ,AEA,EN,Combined TRACON& Tower with Radar,15,9,8,13,45,0,0,5,9,14,15,9,13,22,59,20,4,24,83
09/19/2018,ACY,NJ,AEA,EN,Combined TRACON& Tower with Radar,14,4,19,24,61,0,0,24,27,51,14,4,43,51,112,24,42,66,178
09/20/2018,ACY,NJ,AEA,EN,Combined TRACON& Tower with Radar,18,15,26,29,88,0,0,24,21,45,18,15,50,50,133,12,74,86,219
09/21/2018,ACY,NJ,AEA,EN,Combined TRACON& Tower with Radar,21,14,32,37,104,0,0,26,14,40,21,14,58,51,144,0,0,0,144
09/22/2018,ACY,NJ,AEA,EN,Combined TRACON& Tower with Radar,21,14,19,2,56,0,2,37,8,47,21,16,56,10,103,15,2,17,120
09/23/2018,ACY,NJ,AEA,EN,Combined TRACON& Tower with Radar,19,22,13,8,62,0,0,8,11,19,19,22,21,19,81,0,0,0,81
09/24/2018,ACY,NJ,AEA,EN,Combined TRACON& Tower with Radar,20,6,22,65,113,0,0,5,18,23,20,6,27,83,136,12,89,101,237
09/25/2018,ACY,NJ,AEA,EN,Combined TRACON& Tower with Radar,13,10,20,36,79,0,0,5,19,24,13,10,25,55,103,16,58,74,177
09/26/2018,ACY,NJ,AEA,EN,Combined TRACON& Tower with Radar,12,12,12,53,89,14,0,12,37,63,26,12,24,90,152,0,0,0,152
09/27/2018,ACY,NJ,AEA,EN,Combined TRACON& Tower with Radar,18,11,16,58,103,0,1,38,24,63,18,12,54,82,166,32,32,64,230
09/28/2018,ACY,NJ,AEA,EN,Combined TRACON& Tower with Radar,21,19,26,40,106,0,0,10,11,21,21,19,36,51,127,8,0,8,135
09/29/2018,ACY,NJ,AEA,EN,Combined TRACON& Tower with Radar,22,6,23,1,52,0,0,51,8,59,22,6,74,9,111,4,0,4,115
09/30/2018,ACY,NJ,AEA,EN,Combined TRACON& Tower with Radar,20,18,29,0,67,0,1,34,10,45,20,19,63,10,112,12,18,30,142
10/01/2018,ACY,NJ,AEA,EN,Combined TRACON& Tower with Radar,18,8,20,31,77,0,0,20,17,37,18,8,40,48,114,8,23,31,145
10/02/2018,ACY,NJ,AEA,EN,Combined TRACON& Tower with Radar,17,10,28,46,101,0,3,19,39,61,17,13,47,85,162,10,28,38,200
10/03/2018,ACY,NJ,AEA,EN,Combined TRACON& Tower with Radar,16,10,22,47,95,0,1,40,25,66,16,11,62,72,161,2,20,22,183
10/04/2018,ACY,NJ,AEA,EN,Combined TRACON& Tower with Radar,21,10,32,47,110,0,3,32,16,51,21,13,64,63,161,14,36,50,211
10/05/2018,ACY,NJ,AEA,EN,Combined TRACON& Tower with Radar,21,22,22,33,98,0,0,22,18,40,21,22,44,51,138,5,17,22,160
10/06/2018,ACY,NJ,AEA,EN,Combined TRACON& Tower with Radar,23,6,25,0,54,0,0,0,4,4,23,6,25,4,58,0,0,0,58
10/07/2018,ACY,NJ,AEA,EN,Combined TRACON& Tower with Radar,20,25,18,15,78,0,0,17,3,20,20,25,35,18,98,2,13,15,113
10/08/2018,ACY,NJ,AEA,EN,Combined TRACON& Tower with Radar,23,9,13,4,49,0,0,1,0,1,23,9,14,4,50,0,0,0,50
10/09/2018,ACY,NJ,AEA,EN,Combined TRACON& Tower with Radar,13,6,23,29,71,0,0,25,29,54,13,6,48,58,125,42,10,52,177
10/10/2018,ACY,NJ,AEA,EN,Combined TRACON& Tower with Radar,15,10,22,41,88,0,0,12,24,36,15,10,34,65,124,13,8,21,145
10/11/2018,ACY,NJ,AEA,EN,Combined TRACON& Tower with Radar,15,15,9,14,53,0,0,0,2,2,15,15,9,16,55,0,6,6,61
10/12/2018,ACY,NJ,AEA,EN,Combined TRACON& Tower with Radar,21,20,19,37,97,0,0,32,38,70,21,20,51,75,167,2,36,38,205
10/13/2018,ACY,NJ,AEA,EN,Combined TRACON& Tower with Radar,22,11,10,29,72,0,2,22,13,37,22,13,32,42,109,2,25,27,136
10/14/2018,ACY,NJ,AEA,EN,Combined TRACON& Tower with Radar,21,13,27,32,93,0,1,28,7,36,21,14,55,39,129,18,16,34,163
10/15/2018,ACY,NJ,AEA,EN,Combined TRACON& Tower with Radar,19,10,23,11,63,0,0,8,9,17,19,10,31,20,80,2,19,21,101
10/16/2018,ACY,NJ,AEA,EN,Combined TRACON& Tower with Radar,13,8,16,47,84,1,0,25,40,66,14,8,41,87,150,2,36,38,188
10/17/2018,ACY,NJ,AEA,EN,Combined TRACON& Tower with Radar,14,13,10,21,58,0,1,3,31,35,14,14,13,52,93,0,26,26,119
10/18/2018,ACY,NJ,AEA,EN,Combined TRACON& Tower with Radar,14,12,12,67,105,0,2,35,25,62,14,14,47,92,167,10,30,40,207
10/19/2018,ACY,NJ,AEA,EN,Combined TRACON& Tower with Radar,24,17,28,37,106,0,0,29,23,52,24,17,57,60,158,4,30,34,192
10/20/2018,ACY,NJ,AEA,EN,Combined TRACON& Tower with Radar,23,9,20,1,53,0,0,18,5,23,23,9,38,6,76,2,12,14,90
10/21/2018,ACY,NJ,AEA,EN,Combined TRACON& Tower with Radar,22,23,14,8,67,0,0,11,4,15,22,23,25,12,82,2,5,7,89
10/22/2018,ACY,NJ,AEA,EN,Combined TRACON& Tower with Radar,19,6,22,33,80,0,1,31,14,46,19,7,53,47,126,36,39,75,201
10/23/2018,ACY,NJ,AEA,EN,Combined TRACON& Tower with Radar,15,12,20,23,70,0,3,45,14,62,15,15,65,37,132,50,10,60,192
10/24/2018,ACY,NJ,AEA,EN,Combined TRACON& Tower with Radar,15,12,15,62,104,0,0,20,13,33,15,12,35,75,137,28,16,44,181
10/25/2018,ACY,NJ,AEA,EN,Combined TRACON& Tower with Radar,20,16,27,50,113,0,0,44,20,64,20,16,71,70,177,18,34,52,229
10/26/2018,ACY,NJ,AEA,EN,Combined TRACON& Tower with Radar,22,19,21,26,88,0,1,40,17,58,22,20,61,43,146,0,50,50,196
10/27/2018,ACY,NJ,AEA,EN,Combined TRACON& Tower with Radar,23,8,13,0,44,0,0,1,2,3,23,8,14,2,47,0,0,0,47
10/28/2018,ACY,NJ,AEA,EN,Combined TRACON& Tower with Radar,21,17,12,13,63,0,0,13,8,21,21,17,25,21,84,4,8,12,96
10/29/2018,ACY,NJ,AEA,EN,Combined TRACON& Tower with Radar,19,13,11,65,108,0,1,21,29,51,19,14,32,94,159,0,26,26,185
10/30/2018,ACY,NJ,AEA,EN,Combined TRACON& Tower with Radar,12,6,22,83,123,0,2,52,33,87,12,8,74,116,210,2,38,40,250
10/31/2018,ACY,NJ,AEA,EN,Combined TRACON& Tower with Radar,15,6,15,24,60,0,2,13,31,46,15,8,28,55,106,0,44,44,150
11/01/2018,ACY,NJ,AEA,EN,Combined TRACON& Tower with Radar,19,7,19,19,64,0,5,48,32,85,19,12,67,51,149,4,12,16,165
11/02/2018,ACY,NJ,AEA,EN,Combined TRACON& Tower with Radar,26,18,33,15,92,0,0,1,17,18,26,18,34,32,110,0,0,0,110
11/03/2018,ACY,NJ,AEA,EN,Combined TRACON& Tower with Radar,22,6,15,47,90,0,0,8,4,12,22,6,23,51,102,2,20,22,124
11/04/2018,ACY,NJ,AEA,EN,Combined TRACON& Tower with Radar,24,21,38,11,94,0,0,50,8,58,24,21,88,19,152,36,4,40,192
11/05/2018,ACY,NJ,AEA,EN,Combined TRACON& Tower with Radar,21,10,16,4,51,0,0,0,7,7,21,10,16,11,58,0,6,6,64
11/06/2018,ACY,NJ,AEA,EN,Combined TRACON& Tower with Radar,11,5,5,1,22,0,0,7,18,25,11,5,12,19,47,0,24,24,71
11/07/2018,ACY,NJ,AEA,EN,Combined TRACON& Tower with Radar,15,10,23,32,80,0,0,26,23,49,15,10,49,55,129,2,4,6,135
11/08/2018,ACY,NJ,AEA,EN,Combined TRACON& Tower with Radar,20,15,28,68,131,0,0,45,23,68,20,15,73,91,199,16,18,34,233
11/09/2018,ACY,NJ,AEA,EN,Combined TRACON& Tower with Radar,23,18,17,16,74,0,0,9,14,23,23,18,26,30,97,4,6,10,107
11/10/2018,ACY,NJ,AEA,EN,Combined TRACON& Tower with Radar,23,15,11,0,49,0,0,9,7,16,23,15,20,7,65,0,0,0,65
11/11/2018,ACY,NJ,AEA,EN,Combined TRACON& Tower with Radar,24,20,21,5,70,0,0,37,8,45,24,20,58,13,115,17,8,25,140
11/12/2018,ACY,NJ,AEA,EN,Combined TRACON& Tower with Radar,22,3,23,0,48,0,2,37,4,43,22,5,60,4,91,0,8,8,99
11/13/2018,ACY,NJ,AEA,EN,Combined TRACON& Tower with Radar,20,5,9,29,63,0,0,12,17,29,20,5,21,46,92,8,22,30,122
11/14/2018,ACY,NJ,AEA,EN,Combined TRACON& Tower with Radar,22,9,21,81,133,0,1,54,32,87,22,10,75,113,220,6,8,14,234
11/15/2018,ACY,NJ,AEA,EN,Combined TRACON& Tower with Radar,22,13,9,3,47,0,0,0,2,2,22,13,9,5,49,0,0,0,49
11/16/2018,ACY,NJ,AEA,EN,Combined TRACON& Tower with Radar,28,25,25,58,136,0,2,13,28,43,28,27,38,86,179,0,16,16,195
11/17/2018,ACY,NJ,AEA,EN,Combined TRACON& Tower with Radar,25,21,37,2,85,0,0,59,16,75,25,21,96,18,160,0,14,14,174
11/18/2018,ACY,NJ,AEA,EN,Combined TRACON& Tower with Radar,25,18,32,5,80,0,0,47,3,50,25,18,79,8,130,7,2,9,139
11/19/2018,ACY,NJ,AEA,EN,Combined TRACON& Tower with Radar,19,9,15,95,138,0,1,17,21,39,19,10,32,116,177,13,116,129,306
11/20/2018,ACY,NJ,AEA,EN,Combined TRACON& Tower with Radar,24,17,19,56,116,0,0,18,22,40,24,17,37,78,156,40,54,94,250
11/21/2018,ACY,NJ,AEA,EN,Combined TRACON& Tower with Radar,20,8,8,12,48,0,1,18,24,43,20,9,26,36,91,4,32,36,127
11/22/2018,ACY,NJ,AEA,EN,Combined TRACON& Tower with Radar,20,12,3,1,36,0,1,3,5,9,20,13,6,6,45,0,0,0,45
11/23/2018,ACY,NJ,AEA,EN,Combined TRACON& Tower with Radar,23,12,4,1,40,0,0,26,11,37,23,12,30,12,77,24,0,24,101
11/24/2018,ACY,NJ,AEA,EN,Combined TRACON& Tower with Radar,24,13,22,0,59,0,0,8,8,16,24,13,30,8,75,0,0,0,75
11/25/2018,ACY,NJ,AEA,EN,Combined TRACON& Tower with Radar,23,19,26,0,68,0,0,39,4,43,23,19,65,4,111,40,1,41,152
11/26/2018,ACY,NJ,AEA,EN,Combined TRACON& Tower with Radar,21,5,15,11,52,0,0,8,6,14,21,5,23,17,66,9,11,20,86
11/27/2018,ACY,NJ,AEA,EN,Combined TRACON& Tower with Radar,20,15,14,59,108,0,0,5,26,31,20,15,19,85,139,6,56,62,201
11/28/2018,ACY,NJ,AEA,EN,Combined TRACON& Tower with Radar,16,8,11,42,77,0,4,9,45,58,16,12,20,87,135,0,42,42,177
11/29/2018,ACY,NJ,AEA,EN,Combined TRACON& Tower with Radar,22,14,26,49,111,0,0,26,30,56,22,14,52,79,167,2,36,38,205
11/30/2018,ACY,NJ,AEA,EN,Combined TRACON& Tower with Radar,22,25,43,37,127,0,3,36,28,67,22,28,79,65,194,10,34,44,238
12/01/2018,ACY,NJ,AEA,EN,Combined TRACON& Tower with Radar,21,7,34,21,83,0,0,15,9,24,21,7,49,30,107,0,14,14,121
12/02/2018,ACY,NJ,AEA,EN,Combined TRACON& Tower with Radar,24,17,10,0,51,0,0,0,0,0,24,17,10,0,51,0,0,0,51
12/03/2018,ACY,NJ,AEA,EN,Combined TRACON& Tower with Radar,22,6,28,55,111,0,0,37,30,67,22,6,65,85,178,19,18,37,215
12/04/2018,ACY,NJ,AEA,EN,Combined TRACON& Tower with Radar,16,6,13,49,84,0,1,40,32,73,16,7,53,81,157,2,18,20,177
12/05/2018,ACY,NJ,AEA,EN,Combined TRACON& Tower with Radar,18,2,5,0,25,0,0,3,4,7,18,2,8,4,32,0,0,0,32
12/06/2018,ACY,NJ,AEA,EN,Combined TRACON& Tower with Radar,22,9,19,66,116,0,2,27,38,67,22,11,46,104,183,2,26,28,211
12/07/2018,ACY,NJ,AEA,EN,Combined TRACON& Tower with Radar,21,15,22,90,148,0,1,19,32,52,21,16,41,122,200,2,38,40,240
12/08/2018,ACY,NJ,AEA,EN,Combined TRACON& Tower with Radar,23,5,15,24,67,0,0,24,8,32,23,5,39,32,99,4,12,16,115
12/09/2018,ACY,NJ,AEA,EN,Combined TRACON& Tower with Radar,20,20,5,2,47,0,0,17,9,26,20,20,22,11,73,4,0,4,77
12/10/2018,ACY,NJ,AEA,EN,Combined TRACON& Tower with Radar,23,4,19,30,76,0,0,20,18,38,23,4,39,48,114,11,40,51,165
12/11/2018,ACY,NJ,AEA,EN,Combined TRACON& Tower with Radar,16,6,27,69,118,0,1,31,37,69,16,7,58,106,187,14,51,65,252
12/12/2018,ACY,NJ,AEA,EN,Combined TRACON& Tower with Radar,18,8,35,59,120,0,1,27,32,60,18,9,62,91,180,0,26,26,206
12/13/2018,ACY,NJ,AEA,EN,Combined TRACON& Tower with Radar,22,14,18,88,142,0,1,22,31,54,22,15,40,119,196,0,22,22,218
12/14/2018,ACY,NJ,AEA,EN,Combined TRACON& Tower with Radar,26,20,30,23,99,0,0,6,3,9,26,20,36,26,108,12,0,12,120
12/15/2018,ACY,NJ,AEA,EN,Combined TRACON& Tower with Radar,27,7,25,0,59,0,0,0,0,0,27,7,25,0,59,0,0,0,59
12/16/2018,ACY,NJ,AEA,EN,Combined TRACON& Tower with Radar,24,18,4,0,46,0,0,0,0,0,24,18,4,0,46,0,0,0,46
12/17/2018,ACY,NJ,AEA,EN,Combined TRACON& Tower with Radar,20,4,11,23,58,0,0,15,9,24,20,4,26,32,82,4,14,18,100
12/18/2018,ACY,NJ,AEA,EN,Combined TRACON& Tower with Radar,18,4,12,101,135,0,3,19,16,38,18,7,31,117,173,13,41,54,227
12/19/2018,ACY,NJ,AEA,EN,Combined TRACON& Tower with Radar,18,5,27,65,115,0,2,52,10,64,18,7,79,75,179,0,0,0,179
12/20/2018,ACY,NJ,AEA,EN,Combined TRACON& Tower with Radar,19,8,16,41,84,0,1,8,5,14,19,9,24,46,98,2,16,18,116
12/21/2018,ACY,NJ,AEA,EN,Combined TRACON& Tower with Radar,20,6,5,4,35,0,0,0,4,4,20,6,5,8,39,0,10,10,49
12/22/2018,ACY,NJ,AEA,EN,Combined TRACON& Tower with Radar,19,5,7,1,32,0,0,5,6,11,19,5,12,7,43,0,0,0,43
12/23/2018,ACY,NJ,AEA,EN,Combined TRACON& Tower with Radar,22,7,6,0,35,0,0,30,8,38,22,7,36,8,73,0,14,14,87
12/24/2018,ACY,NJ,AEA,EN,Combined TRACON& Tower with Radar,20,0,2,6,28,0,0,7,1,8,20,0,9,7,36,0,0,0,36
12/25/2018,ACY,NJ,AEA,EN,Combined TRACON& Tower with Radar,20,1,1,0,22,0,0,4,3,7,20,1,5,3,29,0,0,0,29
12/26/2018,ACY,NJ,AEA,EN,Combined TRACON& Tower with Radar,19,4,9,0,32,0,0,30,5,35,19,4,39,5,67,4,0,4,71
12/27/2018,ACY,NJ,AEA,EN,Combined TRACON& Tower with Radar,23,6,31,47,107,0,0,31,21,52,23,6,62,68,159,16,34,50,209
12/28/2018,ACY,NJ,AEA,EN,Combined TRACON& Tower with Radar,22,4,4,4,34,0,0,1,0,1,22,4,5,4,35,0,0,0,35
12/29/2018,ACY,NJ,AEA,EN,Combined TRACON& Tower with Radar,20,7,15,0,42,0,0,22,6,28,20,7,37,6,70,18,4,22,92
12/30/2018,ACY,NJ,AEA,EN,Combined TRACON& Tower with Radar,25,26,20,0,71,0,0,25,3,28,25,26,45,3,99,4,0,4,103
12/31/2018,ACY,NJ,AEA,EN,Combined TRACON& Tower with Radar,20,7,8,0,35,0,0,10,2,12,20,7,18,2,47,0,7,7,54
01/01/2019,ACY,NJ,AEA,EN,Combined TRACON& Tower with Radar,23,25,10,4,62,0,0,9,3,12,23,25,19,7,74,24,3,27,101
01/02/2019,ACY,NJ,AEA,EN,Combined TRACON& Tower with Radar,23,5,12,44,84,0,0,21,11,32,23,5,33,55,116,4,32,36,152
01/03/2019,ACY,NJ,AEA,EN,Combined TRACON& Tower with Radar,20,6,16,39,81,0,0,27,23,50,20,6,43,62,131,0,32,32,163
01/04/2019,ACY,NJ,AEA,EN,Combined TRACON& Tower with Radar,22,8,10,48,88,0,1,20,10,31,22,9,30,58,119,0,22,22,141
01/05/2019,ACY,NJ,AEA,EN,Combined TRACON& Tower with Radar,23,5,6,0,34,0,0,4,0,4,23,5,10,0,38,0,0,0,38
01/06/2019,ACY,NJ,AEA,EN,Combined TRACON& Tower with Radar,23,7,9,13,52,0,0,19,4,23,23,7,28,17,75,0,0,0,75
01/07/2019,ACY,NJ,AEA,EN,Combined TRACON& Tower with Radar,20,8,4,34,66,0,2,12,5,19,20,10,16,39,85,10,51,61,146
01/08/2019,ACY,NJ,AEA,EN,Combined TRACON& Tower with Radar,21,2,8,20,51,0,0,1,12,13,21,2,9,32,64,0,0,0,64
01/09/2019,ACY,NJ,AEA,EN,Combined TRACON& Tower with Radar,21,5,4,33,63,0,4,6,37,47,21,9,10,70,110,0,30,30,140
01/10/2019,ACY,NJ,AEA,EN,Combined TRACON& Tower with Radar,21,4,7,94,126,0,1,6,53,60,21,5,13,147,186,6,68,74,260
01/11/2019,ACY,NJ,AEA,EN,Combined TRACON& Tower with Radar,24,16,14,36,90,0,0,31,34,65,24,16,45,70,155,2,50,52,207
01/12/2019,ACY,NJ,AEA,EN,Combined TRACON& Tower with Radar,22,5,9,36,72,0,1,29,22,52,22,6,38,58,124,8,24,32,156
01/13/2019,ACY,NJ,AEA,EN,Combined TRACON& Tower with Radar,23,16,3,0,42,0,0,0,0,0,23,16,3,0,42,0,0,0,42
01/14/2019,ACY,NJ,AEA,EN,Combined TRACON& Tower with Radar,21,8,19,23,71,0,0,24,26,50,21,8,43,49,121,13,48,61,182
01/15/2019,ACY,NJ,AEA,EN,Combined TRACON& Tower with Radar,17,9,23,51,100,0,0,37,21,58,17,9,60,72,158,20,82,102,260
01/16/2019,ACY,NJ,AEA,EN,Combined TRACON& Tower with Radar,17,9,23,35,84,0,0,32,24,56,17,9,55,59,140,10,12,22,162
01/17/2019,ACY,NJ,AEA,EN,Combined TRACON& Tower with Radar,21,4,22,68,115,0,0,36,36,72,21,4,58,104,187,6,38,44,231
01/18/2019,ACY,NJ,AEA,EN,Combined TRACON& Tower with Radar,22,18,5,0,45,0,0,0,9,9,22,18,5,9,54,0,16,16,70
01/19/2019,ACY,NJ,AEA,EN,Combined TRACON& Tower with Radar,22,9,11,1,43,0,0,10,4,14,22,9,21,5,57,0,12,12,69
01/20/2019,ACY,NJ,AEA,EN,Combined TRACON& Tower with Radar,26,17,9,4,56,0,0,2,1,3,26,17,11,5,59,0,60,60,119
01/21/2019,ACY,NJ,AEA,EN,Combined TRACON& Tower with Radar,21,5,3,3,32,0,1,2,1,4,21,6,5,4,36,0,0,0,36
01/22/2019,ACY,NJ,AEA,EN,Combined TRACON& Tower with Radar,18,0,19,58,95,0,2,39,30,71,18,2,58,88,166,18,20,38,204
01/23/2019,ACY,NJ,AEA,EN,Combined TRACON& Tower with Radar,17,4,10,58,89,0,0,7,40,47,17,4,17,98,136,0,214,214,350
01/24/2019,ACY,NJ,AEA,EN,Combined TRACON& Tower with Radar,25,5,7,1,38,0,0,4,8,12,25,5,11,9,50,0,0,0,50
01/25/2019,ACY,NJ,AEA,EN,Combined TRACON& Tower with Radar,23,16,24,19,82,0,1,39,22,62,23,17,63,41,144,2,16,18,162
01/26/2019,ACY,NJ,AEA,EN,Combined TRACON& Tower with Radar,24,10,21,0,55,0,2,33,4,39,24,12,54,4,94,5,23,28,122
01/27/2019,ACY,NJ,AEA,EN,Combined TRACON& Tower with Radar,20,17,21,3,61,0,0,39,8,47,20,17,60,11,108,20,35,55,163
01/28/2019,ACY,NJ,AEA,EN,Combined TRACON& Tower with Radar,17,6,16,38,77,0,0,22,4,26,17,6,38,42,103,0,32,32,135
01/29/2019,ACY,NJ,AEA,EN,Combined TRACON& Tower with Radar,23,2,10,52,87,0,0,6,11,17,23,2,16,63,104,0,58,58,162
01/30/2019,ACY,NJ,AEA,EN,Combined TRACON& Tower with Radar,18,0,10,27,55,0,1,4,26,31,18,1,14,53,86,8,42,50,136
01/31/2019,ACY,NJ,AEA,EN,Combined TRACON& Tower with Radar,21,6,20,31,78,0,0,27,25,52,21,6,47,56,130,4,60,64,194
02/01/2019,ACY,NJ,AEA,EN,Combined TRACON& Tower with Radar,19,18,6,0,43,0,0,1,5,6,19,18,7,5,49,0,14,14,63
02/02/2019,ACY,NJ,AEA,EN,Combined TRACON& Tower with Radar,23,11,19,8,61,0,0,28,8,36,23,11,47,16,97,2,6,8,105
02/03/2019,ACY,NJ,AEA,EN,Combined TRACON& Tower with Radar,23,14,16,3,56,0,3,28,3,34,23,17,44,6,90,6,2,8,98
02/04/2019,ACY,NJ,AEA,EN,Combined TRACON& Tower with Radar,21,9,15,76,121,0,0,18,10,28,21,9,33,86,149,4,50,54,203
02/05/2019,ACY,NJ,AEA,EN,Combined TRACON& Tower with Radar,16,4,18,63,101,0,0,35,25,60,16,4,53,88,161,8,46,54,215
02/06/2019,ACY,NJ,AEA,EN,Combined TRACON& Tower with Radar,17,7,20,93,137,0,0,19,27,46,17,7,39,120,183,0,48,48,231
02/07/2019,ACY,NJ,AEA,EN,Combined TRACON& Tower with Radar,20,15,17,10,62,0,0,0,4,4,20,15,17,14,66,0,30,30,96
02/08/2019,ACY,NJ,AEA,EN,Combined TRACON& Tower with Radar,23,16,16,24,79,0,0,2,21,23,23,16,18,45,102,0,8,8,110
02/09/2019,ACY,NJ,AEA,EN,Combined TRACON& Tower with Radar,23,9,23,29,84,0,3,10,15,28,23,12,33,44,112,0,46,46,158
02/10/2019,ACY,NJ,AEA,EN,Combined TRACON& Tower with Radar,25,18,22,11,76,0,2,34,9,45,25,20,56,20,121,2,20,22,143
02/11/2019,ACY,NJ,AEA,EN,Combined TRACON& Tower with Radar,20,7,2,0,29,0,0,0,0,0,20,7,2,0,29,0,0,0,29
02/12/2019,ACY,NJ,AEA,EN,Combined TRACON& Tower with Radar,18,7,0,0,25,0,0,0,4,4,18,7,0,4,29,0,0,0,29
02/13/2019,ACY,NJ,AEA,EN,Combined TRACON& Tower with Radar,17,6,20,23,66,0,0,18,21,39,17,6,38,44,105,8,0,8,113
02/14/2019,ACY,NJ,AEA,EN,Combined TRACON& Tower with Radar,20,12,27,31,90,0,0,30,26,56,20,12,57,57,146,8,24,32,178
02/15/2019,ACY,NJ,AEA,EN,Combined TRACON& Tower with Radar,27,14,22,13,76,0,0,31,30,61,27,14,53,43,137,8,26,34,171
02/16/2019,ACY,NJ,AEA,EN,Combined TRACON& Tower with Radar,23,5,14,4,46,0,0,21,1,22,23,5,35,5,68,0,0,0,68
02/17/2019,ACY,NJ,AEA,EN,Combined TRACON& Tower with Radar,23,16,11,8,58,0,0,26,7,33,23,16,37,15,91,8,6,14,105
02/18/2019,ACY,NJ,AEA,EN,Combined TRACON& Tower with Radar,21,2,9,1,33,0,0,5,2,7,21,2,14,3,40,0,0,0,40
02/19/2019,ACY,NJ,AEA,EN,Combined TRACON& Tower with Radar,23,4,19,24,70,0,0,19,31,50,23,4,38,55,120,4,20,24,144
02/20/2019,ACY,NJ,AEA,EN,Combined TRACON& Tower with Radar,19,1,5,6,31,0,0,2,0,2,19,1,7,6,33,0,0,0,33
02/21/2019,ACY,NJ,AEA,EN,Combined TRACON& Tower with Radar,22,10,23,82,137,0,0,18,32,50,22,10,41,114,187,0,62,62,249
02/22/2019,ACY,NJ,AEA,EN,Combined TRACON& Tower with Radar,25,19,20,58,122,0,1,22,23,46,25,20,42,81,168,12,44,56,224
02/23/2019,ACY,NJ,AEA,EN,Combined TRACON& Tower with Radar,24,12,31,0,67,0,0,30,6,36,24,12,61,6,103,0,26,26,129
02/24/2019,ACY,NJ,AEA,EN,Combined TRACON& Tower with Radar,23,16,11,0,50,0,0,1,0,1,23,16,12,0,51,0,0,0,51
02/25/2019,ACY,NJ,AEA,EN,Combined TRACON& Tower with Radar,21,6,7,3,37,0,0,1,18,19,21,6,8,21,56,0,6,6,62
02/26/2019,ACY,NJ,AEA,EN,Combined TRACON& Tower with Radar,21,5,21,68,115,0,2,21,42,65,21,7,42,110,180,12,82,94,274
02/27/2019,ACY,NJ,AEA,EN,Combined TRACON& Tower with Radar,23,10,22,37,92,0,2,36,28,66,23,12,58,65,158,28,32,60,218
02/28/2019,ACY,NJ,AEA,EN,Combined TRACON& Tower with Radar,18,8,65,30,121,0,0,59,26,85,18,8,124,56,206,10,44,54,260
03/01/2019,ACY,NJ,AEA,EN,Combined TRACON& Tower with Radar,26,10,7,5,48,0,0,2,4,6,26,10,9,9,54,0,0,0,54
03/02/2019,ACY,NJ,AEA,EN,Combined TRACON& Tower with Radar,22,10,2,0,34,0,0,3,4,7,22,10,5,4,41,0,8,8,49
03/03/2019,ACY,NJ,AEA,EN,Combined TRACON& Tower with Radar,25,10,15,1,51,0,0,9,3,12,25,10,24,4,63,0,0,0,63
03/04/2019,ACY,NJ,AEA,EN,Combined TRACON& Tower with Radar,20,6,10,42,78,0,0,17,30,47,20,6,27,72,125,30,116,146,271
03/05/2019,ACY,NJ,AEA,EN,Combined TRACON& Tower with Radar,22,11,20,91,144,0,0,26,34,60,22,11,46,125,204,22,102,124,328
03/06/2019,ACY,NJ,AEA,EN,Combined TRACON& Tower with Radar,23,11,22,60,116,0,2,23,34,59,23,13,45,94,175,4,118,122,297
03/07/2019,ACY,NJ,AEA,EN,Combined TRACON& Tower with Radar,21,12,15,27,75,0,1,29,34,64,21,13,44,61,139,12,26,38,177
03/08/2019,ACY,NJ,AEA,EN,Combined TRACON& Tower with Radar,25,16,34,45,120,0,0,18,19,37,25,16,52,64,157,8,36,44,201
03/09/2019,ACY,NJ,AEA,EN,Combined TRACON& Tower with Radar,25,9,13,10,57,0,0,19,3,22,25,9,32,13,79,4,12,16,95
03/10/2019,ACY,NJ,AEA,EN,Combined TRACON& Tower with Radar,24,17,7,6,54,0,0,0,0,0,24,17,7,6,54,0,0,0,54
03/11/2019,ACY,NJ,AEA,EN,Combined TRACON& Tower with Radar,22,12,16,42,92,0,0,20,22,42,22,12,36,64,134,10,54,64,198
03/12/2019,ACY,NJ,AEA,EN,Combined TRACON& Tower with Radar,22,5,18,92,137,0,0,20,31,51,22,5,38,123,188,14,100,114,302
03/13/2019,ACY,NJ,AEA,EN,Combined TRACON& Tower with Radar,21,9,39,75,144,0,3,43,32,78,21,12,82,107,222,28,58,86,308
03/14/2019,ACY,NJ,AEA,EN,Combined TRACON& Tower with Radar,21,9,29,75,134,0,1,49,43,93,21,10,78,118,227,20,128,148,375
03/15/2019,ACY,NJ,AEA,EN,Combined TRACON& Tower with Radar,23,14,17,42,96,0,0,9,57,66,23,14,26,99,162,18,14,32,194
03/16/2019,ACY,NJ,AEA,EN,Combined TRACON& Tower with Radar,25,7,17,16,65,0,0,8,4,12,25,7,25,20,77,0,0,0,77
03/17/2019,ACY,NJ,AEA,EN,Combined TRACON& Tower with Radar,24,16,16,2,58,0,0,42,5,47,24,16,58,7,105,0,6,6,111
03/18/2019,ACY,NJ,AEA,EN,Combined TRACON& Tower with Radar,21,12,11,31,75,0,4,27,27,58,21,16,38,58,133,0,70,70,203
03/19/2019,ACY,NJ,AEA,EN,Combined TRACON& Tower with Radar,24,8,15,40,87,0,3,46,23,72,24,11,61,63,159,2,66,68,227
03/20/2019,ACY,NJ,AEA,EN,Combined TRACON& Tower with Radar,21,12,13,54,100,0,2,14,18,34,21,14,27,72,134,18,24,42,176
03/21/2019,ACY,NJ,AEA,EN,Combined TRACON& Tower with Radar,21,14,6,16,57,0,0,1,13,14,21,14,7,29,71,0,44,44,115
03/22/2019,ACY,NJ,AEA,EN,Combined TRACON& Tower with Radar,23,21,17,33,94,0,0,13,31,44,23,21,30,64,138,0,52,52,190
03/23/2019,ACY,NJ,AEA,EN,Combined TRACON& Tower with Radar,21,4,9,0,34,0,0,24,7,31,21,4,33,7,65,0,0,0,65
03/24/2019,ACY,NJ,AEA,EN,Combined TRACON& Tower with Radar,27,18,24,3,72,0,1,36,6,43,27,19,60,9,115,2,0,2,117
03/25/2019,ACY,NJ,AEA,EN,Combined TRACON& Tower with Radar,21,4,12,38,75,0,0,20,26,46,21,4,32,64,121,20,26,46,167
03/26/2019,ACY,NJ,AEA,EN,Combined TRACON& Tower with Radar,20,7,5,49,81,0,4,23,44,71,20,11,28,93,152,0,98,98,250
03/27/2019,ACY,NJ,AEA,EN,Combined TRACON& Tower with Radar,21,9,23,94,147,0,0,28,25,53,21,9,51,119,200,28,82,110,310
03/28/2019,ACY,NJ,AEA,EN,Combined TRACON& Tower with Radar,21,10,17,16,64,0,1,36,26,63,21,11,53,42,127,6,62,68,195
03/29/2019,ACY,NJ,AEA,EN,Combined TRACON& Tower with Radar,20,22,15,18,75,0,0,35,29,64,20,22,50,47,139,0,12,12,151
03/30/2019,ACY,NJ,AEA,EN,Combined TRACON& Tower with Radar,20,10,12,0,42,0,0,28,5,33,20,10,40,5,75,10,0,10,85
03/31/2019,ACY,NJ,AEA,EN,Combined TRACON& Tower with Radar,19,25,9,1,54,0,0,8,11,19,19,25,17,12,73,2,0,2,75
04/01/2019,ACY,NJ,AEA,EN,Combined TRACON& Tower with Radar,23,10,12,49,94,0,1,18,24,43,23,11,30,73,137,0,60,60,197
04/02/2019,ACY,NJ,AEA,EN,Combined TRACON& Tower with Radar,19,7,13,32,71,0,0,15,27,42,19,7,28,59,113,12,24,36,149
04/03/2019,ACY,NJ,AEA,EN,Combined TRACON& Tower with Radar,23,10,16,18,67,0,0,12,25,37,23,10,28,43,104,0,14,14,118
04/04/2019,ACY,NJ,AEA,EN,Combined TRACON& Tower with Radar,21,15,16,19,71,0,0,45,26,71,21,15,61,45,142,6,50,56,198
04/05/2019,ACY,NJ,AEA,EN,Combined TRACON& Tower with Radar,24,20,13,46,103,0,0,22,19,41,24,20,35,65,144,4,40,44,188
04/06/2019,ACY,NJ,AEA,EN,Combined TRACON& Tower with Radar,24,4,25,3,56,0,0,30,1,31,24,4,55,4,87,24,0,24,111
04/07/2019,ACY,NJ,AEA,EN,Combined TRACON& Tower with Radar,23,20,28,11,82,0,0,51,6,57,23,20,79,17,139,16,24,40,179
04/08/2019,ACY,NJ,AEA,EN,Combined TRACON& Tower with Radar,24,7,13,21,65,0,2,23,30,55,24,9,36,51,120,8,48,56,176
04/09/2019,ACY,NJ,AEA,EN,Combined TRACON& Tower with Radar,21,7,20,57,105,0,0,1,9,10,21,7,21,66,115,0,28,28,143
04/10/2019,ACY,NJ,AEA,EN,Combined TRACON& Tower with Radar,21,9,37,73,140,0,1,42,26,69,21,10,79,99,209,26,74,100,309
04/11/2019,ACY,NJ,AEA,EN,Combined TRACON& Tower with Radar,21,9,29,57,116,0,1,24,24,49,21,10,53,81,165,6,58,64,229
04/12/2019,ACY,NJ,AEA,EN,Combined TRACON& Tower with Radar,26,17,17,32,92,0,0,15,16,31,26,17,32,48,123,2,20,22,145
04/13/2019,ACY,NJ,AEA,EN,Combined TRACON& Tower with Radar,21,20,39,9,89,0,0,4,1,5,21,20,43,10,94,0,0,0,94
04/14/2019,ACY,NJ,AEA,EN,Combined TRACON& Tower with Radar,21,21,22,4,68,0,0,2,5,7,21,21,24,9,75,0,0,0,75
04/15/2019,ACY,NJ,AEA,EN,Combined TRACON& Tower with Radar,22,11,25,6,64,0,1,1,14,16,22,12,26,20,80,0,0,0,80
04/16/2019,ACY,NJ,AEA,EN,Combined TRACON& Tower with Radar,25,7,16,50,98,0,5,20,16,41,25,12,36,66,139,0,62,62,201
04/17/2019,ACY,NJ,AEA,EN,Combined TRACON& Tower with Radar,20,10,27,47,104,0,0,18,31,49,20,10,45,78,153,16,48,64,217
04/18/2019,ACY,NJ,AEA,EN,Combined TRACON& Tower with Radar,23,8,26,37,94,0,1,15,22,38,23,9,41,59,132,0,18,18,150
04/19/2019,ACY,NJ,AEA,EN,Combined TRACON& Tower with Radar,16,15,7,7,45,0,1,3,11,15,16,16,10,18,60,10,32,42,102
04/20/2019,ACY,NJ,AEA,EN,Combined TRACON& Tower with Radar,16,13,2,1,32,0,0,1,2,3,16,13,3,3,35,0,0,0,35
04/21/2019,ACY,NJ,AEA,EN,Combined TRACON& Tower with Radar,24,11,10,2,47,0,1,15,6,22,24,12,25,8,69,0,4,4,73
04/22/2019,ACY,NJ,AEA,EN,Combined TRACON& Tower with Radar,24,4,19,16,63,0,0,17,26,43,24,4,36,42,106,0,36,36,142
04/23/2019,ACY,NJ,AEA,EN,Combined TRACON& Tower with Radar,20,12,9,27,68,0,4,26,34,64,20,16,35,61,132,0,80,80,212
04/24/2019,ACY,NJ,AEA,EN,Combined TRACON& Tower with Radar,23,7,15,29,74,0,0,25,36,61,23,7,40,65,135,12,44,56,191
04/25/2019,ACY,NJ,AEA,EN,Combined TRACON& Tower with Radar,21,10,17,27,75,0,3,23,22,48,21,13,40,49,123,2,28,30,153
04/26/2019,ACY,NJ,AEA,EN,Combined TRACON& Tower with Radar,26,22,13,0,61,0,0,0,10,10,26,22,13,10,71,0,30,30,101
04/27/2019,ACY,NJ,AEA,EN,Combined TRACON& Tower with Radar,23,7,9,4,43,0,0,7,3,10,23,7,16,7,53,0,0,0,53
04/28/2019,ACY,NJ,AEA,EN,Combined TRACON& Tower with Radar,25,23,29,0,77,0,0,18,7,25,25,23,47,7,102,52,4,56,158
04/29/2019,ACY,NJ,AEA,EN,Combined TRACON& Tower with Radar,20,4,19,18,61,0,0,24,31,55,20,4,43,49,116,16,66,82,198
04/30/2019,ACY,NJ,AEA,EN,Combined TRACON& Tower with Radar,23,7,22,37,89,0,2,30,32,64,23,9,52,69,153,26,78,104,257
05/01/2019,ACY,NJ,AEA,EN,Combined TRACON& Tower with Radar,20,8,29,19,76,0,1,7,19,27,20,9,36,38,103,0,34,34,137
05/02/2019,ACY,NJ,AEA,EN,Combined TRACON& Tower with Radar,20,19,14,21,74,0,0,11,18,29,20,19,25,39,103,40,28,68,171
05/03/2019,ACY,NJ,AEA,EN,Combined TRACON& Tower with Radar,21,19,23,2,65,0,0,9,2,11,21,19,32,4,76,0,0,0,76
05/04/2019,ACY,NJ,AEA,EN,Combined TRACON& Tower with Radar,21,7,18,10,56,0,0,9,5,14,21,7,27,15,70,6,0,6,76
05/05/2019,ACY,NJ,AEA,EN,Combined TRACON& Tower with Radar,18,23,28,3,72,0,0,0,0,0,18,23,28,3,72,0,0,0,72
05/06/2019,ACY,NJ,AEA,EN,Combined TRACON& Tower with Radar,15,13,16,5,49,0,0,37,28,65,15,13,53,33,114,10,12,22,136
05/07/2019,ACY,NJ,AEA,EN,Combined TRACON& Tower with Radar,19,5,28,37,89,1,0,23,16,40,20,5,51,53,129,42,96,138,267
05/08/2019,ACY,NJ,AEA,EN,Combined TRACON& Tower with Radar,18,12,27,20,77,0,0,29,30,59,18,12,56,50,136,0,46,46,182
05/09/2019,ACY,NJ,AEA,EN,Combined TRACON& Tower with Radar,16,14,25,61,116,0,0,13,25,38,16,14,38,86,154,0,52,52,206
05/10/2019,ACY,NJ,AEA,EN,Combined TRACON& Tower with Radar,19,11,19,3,52,0,0,21,17,38,19,11,40,20,90,20,42,62,152
05/11/2019,ACY,NJ,AEA,EN,Combined TRACON& Tower with Radar,19,7,15,0,41,0,0,30,7,37,19,7,45,7,78,38,10,48,126
05/12/2019,ACY,NJ,AEA,EN,Combined TRACON& Tower with Radar,15,14,8,0,37,0,0,0,0,0,15,14,8,0,37,0,0,0,37
05/13/2019,ACY,NJ,AEA,EN,Combined TRACON& Tower with Radar,21,10,6,10,47,0,0,0,4,4,21,10,6,14,51,0,0,0,51
05/14/2019,ACY,NJ,AEA,EN,Combined TRACON& Tower with Radar,18,8,19,42,87,0,0,7,23,30,18,8,26,65,117,20,70,90,207
05/15/2019,ACY,NJ,AEA,EN,Combined TRACON& Tower with Radar,18,5,23,17,63,0,0,46,13,59,18,5,69,30,122,10,14,24,146
05/16/2019,ACY,NJ,AEA,EN,Combined TRACON& Tower with Radar,16,7,18,30,71,0,0,43,18,61,16,7,61,48,132,12,48,60,192
05/17/2019,ACY,NJ,AEA,EN,Combined TRACON& Tower with Radar,21,18,28,24,91,0,0,35,28,63,21,18,63,52,154,24,66,90,244
05/18/2019,ACY,NJ,AEA,EN,Combined TRACON& Tower with Radar,20,12,30,0,62,0,0,26,7,33,20,12,56,7,95,18,0,18,113
05/19/2019,ACY,NJ,AEA,EN,Combined TRACON& Tower with Radar,20,24,19,1,64,0,0,12,3,15,20,24,31,4,79,0,0,0,79
05/20/2019,ACY,NJ,AEA,EN,Combined TRACON& Tower with Radar,18,11,10,8,47,0,0,9,26,35,18,11,19,34,82,6,0,6,88
05/21/2019,ACY,NJ,AEA,EN,Combined TRACON& Tower with Radar,18,10,14,50,92,0,3,25,37,65,18,13,39,87,157,26,92,118,275
05/22/2019,ACY,NJ,AEA,EN,Combined TRACON& Tower with Radar,18,9,22,29,78,0,1,21,37,59,18,10,43,66,137,0,12,12,149
05/23/2019,ACY,NJ,AEA,EN,Combined TRACON& Tower with Radar,21,15,16,19,71,0,0,10,30,40,21,15,26,49,111,0,32,32,143
05/24/2019,ACY,NJ,AEA,EN,Combined TRACON& Tower with Radar,23,26,18,1,68,0,0,17,14,31,23,26,35,15,99,0,0,0,99
05/25/2019,ACY,NJ,AEA,EN,Combined TRACON& Tower with Radar,18,10,14,4,46,0,0,44,6,50,18,10,58,10,96,0,6,6,102
05/26/2019,ACY,NJ,AEA,EN,Combined TRACON& Tower with Radar,17,21,17,0,55,0,0,33,7,40,17,21,50,7,95,12,0,12,107
05/27/2019,ACY,NJ,AEA,EN,Combined TRACON& Tower with Radar,18,8,19,1,46,0,0,39,10,49,18,8,58,11,95,4,8,12,107
05/28/2019,ACY,NJ,AEA,EN,Combined TRACON& Tower with Radar,18,10,17,4,49,0,0,21,17,38,18,10,38,21,87,10,0,10,97
05/29/2019,ACY,NJ,AEA,EN,Combined TRACON& Tower with Radar,17,8,23,50,98,0,1,28,24,53,17,9,51,74,151,0,56,56,207
05/30/2019,ACY,NJ,AEA,EN,Combined TRACON& Tower with Radar,16,15,10,32,73,0,0,9,18,27,16,15,19,50,100,0,6,6,106
05/31/2019,ACY,NJ,AEA,EN,Combined TRACON& Tower with Radar,20,22,26,20,88,0,0,46,27,73,20,22,72,47,161,48,36,84,245
06/01/2019,ACY,NJ,AEA,EN,Combined TRACON& Tower with Radar,18,8,21,24,71,0,0,58,10,68,18,8,79,34,139,2,48,50,189
06/02/2019,ACY,NJ,AEA,EN,Combined TRACON& Tower with Radar,17,24,18,6,65,0,1,23,11,35,17,25,41,17,100,0,12,12,112
06/03/2019,ACY,NJ,AEA,EN,Combined TRACON& Tower with Radar,19,8,17,65,109,0,0,33,36,69,19,8,50,101,178,8,92,100,278
06/04/2019,ACY,NJ,AEA,EN,Combined TRACON& Tower with Radar,18,5,29,50,102,0,0,42,32,74,18,5,71,82,176,16,100,116,292
06/05/2019,ACY,NJ,AEA,EN,Combined TRACON& Tower with Radar,17,11,18,27,73,0,0,21,31,52,17,11,39,58,125,2,98,100,225
06/06/2019,ACY,NJ,AEA,EN,Combined TRACON& Tower with Radar,20,12,24,41,97,0,0,16,37,53,20,12,40,78,150,24,102,126,276
06/07/2019,ACY,NJ,AEA,EN,Combined TRACON& Tower with Radar,17,27,17,15,76,0,0,40,13,53,17,27,57,28,129,20,22,42,171
06/08/2019,ACY,NJ,AEA,EN,Combined TRACON& Tower with Radar,16,8,24,0,48,0,0,42,5,47,16,8,66,5,95,0,0,0,95
06/09/2019,ACY,NJ,AEA,EN,Combined TRACON& Tower with Radar,17,23,21,6,67,0,0,12,7,19,17,23,33,13,86,8,30,38,124
06/10/2019,ACY,NJ,AEA,EN,Combined TRACON& Tower with Radar,18,11,21,30,80,0,0,1,16,17,18,11,22,46,97,0,36,36,133
06/11/2019,ACY,NJ,AEA,EN,Combined TRACON& Tower with Radar,20,5,29,31,85,0,0,29,31,60,20,5,58,62,145,12,42,54,199
06/12/2019,ACY,NJ,AEA,EN,Combined TRACON& Tower with Radar,18,12,22,33,85,0,2,38,35,75,18,14,60,68,160,0,50,50,210
06/13/2019,ACY,NJ,AEA,EN,Combined TRACON& Tower with Radar,22,25,19,21,87,0,1,7,24,32,22,26,26,45,119,42,56,98,217
06/14/2019,ACY,NJ,AEA,EN,Combined TRACON& Tower with Radar,17,23,33,17,90,0,2,33,11,46,17,25,66,28,136,0,8,8,144
06/15/2019,ACY,NJ,AEA,EN,Combined TRACON& Tower with Radar,20,11,41,2,74,0,0,42,4,46,20,11,83,6,120,20,0,20,140
06/16/2019,ACY,NJ,AEA,EN,Combined TRACON& Tower with Radar,18,20,14,0,52,0,0,23,5,28,18,20,37,5,80,2,0,2,82
06/17/2019,ACY,NJ,AEA,EN,Combined TRACON& Tower with Radar,19,18,29,9,75,0,0,27,18,45,19,18,56,27,120,36,52,88,208
06/18/2019,ACY,NJ,AEA,EN,Combined TRACON& Tower with Radar,20,14,8,21,63,0,0,12,31,43,20,14,20,52,106,0,76,76,182
06/19/2019,ACY,NJ,AEA,EN,Combined TRACON& Tower with Radar,18,10,28,45,101,0,0,3,19,22,18,10,31,64,123,6,8,14,137
06/20/2019,ACY,NJ,AEA,EN,Combined TRACON& Tower with Radar,15,14,24,26,79,0,3,2,16,21,15,17,26,42,100,0,74,74,174
06/21/2019,ACY,NJ,AEA,EN,Combined TRACON& Tower with Radar,16,29,36,15,96,0,3,24,10,37,16,32,60,25,133,4,36,40,173
06/22/2019,ACY,NJ,AEA,EN,Combined TRACON& Tower with Radar,17,17,25,3,62,0,0,40,9,49,17,17,65,12,111,0,0,0,111
06/23/2019,ACY,NJ,AEA,EN,Combined TRACON& Tower with Radar,18,23,18,4,63,0,0,57,6,63,18,23,75,10,126,4,12,16,142
06/24/2019,ACY,NJ,AEA,EN,Combined TRACON& Tower with Radar,20,10,24,8,62,0,1,66,27,94,20,11,90,35,156,28,86,114,270
06/25/2019,ACY,NJ,AEA,EN,Combined TRACON& Tower with Radar,16,9,27,29,81,0,0,20,23,43,16,9,47,52,124,20,46,66,190
06/26/2019,ACY,NJ,AEA,EN,Combined TRACON& Tower with Radar,18,14,38,39,109,0,3,51,30,84,18,17,89,69,193,6,56,62,255
06/27/2019,ACY,NJ,AEA,EN,Combined TRACON& Tower with Radar,19,14,22,12,67,0,2,56,31,89,19,16,78,43,156,4,8,12,168
06/28/2019,ACY,NJ,AEA,EN,Combined TRACON& Tower with Radar,16,30,29,4,79,0,3,63,5,71,16,33,92,9,150,18,30,48,198
06/29/2019,ACY,NJ,AEA,EN,Combined TRACON& Tower with Radar,18,17,35,0,70,0,0,36,5,41,18,17,71,5,111,12,2,14,125
06/30/2019,ACY,NJ,AEA,EN,Combined TRACON& Tower with Radar,23,30,25,1,79,0,0,24,9,33,23,30,49,10,112,12,0,12,124
07/01/2019,ACY,NJ,AEA,EN,Combined TRACON& Tower with Radar,16,8,24,10,58,0,0,30,20,50,16,8,54,30,108,0,28,28,136
07/02/2019,ACY,NJ,AEA,EN,Combined TRACON& Tower with Radar,17,18,14,42,91,0,3,23,21,47,17,21,37,63,138,0,82,82,220
07/03/2019,ACY,NJ,AEA,EN,Combined TRACON& Tower with Radar,16,3,18,10,47,0,0,18,19,37,16,3,36,29,84,0,2,2,86
07/04/2019,ACY,NJ,AEA,EN,Combined TRACON& Tower with Radar,21,17,15,4,57,0,0,17,11,28,21,17,32,15,85,0,0,0,85
07/05/2019,ACY,NJ,AEA,EN,Combined TRACON& Tower with Radar,20,16,28,2,66,0,0,12,16,28,20,16,40,18,94,0,2,2,96
07/06/2019,ACY,NJ,AEA,EN,Combined TRACON& Tower with Radar,17,11,11,0,39,0,0,10,5,15,17,11,21,5,54,0,0,0,54
07/07/2019,ACY,NJ,AEA,EN,Combined TRACON& Tower with Radar,18,26,15,1,60,0,0,4,9,13,18,26,19,10,73,2,8,10,83
07/08/2019,ACY,NJ,AEA,EN,Combined TRACON& Tower with Radar,21,11,16,24,72,0,0,14,23,37,21,11,30,47,109,32,38,70,179
07/09/2019,ACY,NJ,AEA,EN,Combined TRACON& Tower with Radar,14,13,24,35,86,0,3,36,34,73,14,16,60,69,159,16,26,42,201
07/10/2019,ACY,NJ,AEA,EN,Combined TRACON& Tower with Radar,16,14,31,30,91,0,4,39,19,62,16,18,70,49,153,28,6,34,187
07/11/2019,ACY,NJ,AEA,EN,Combined TRACON& Tower with Radar,18,21,27,53,119,0,0,23,20,43,18,21,50,73,162,8,26,34,196
07/12/2019,ACY,NJ,AEA,EN,Combined TRACON& Tower with Radar,16,29,32,27,104,0,0,27,18,45,16,29,59,45,149,0,18,18,167
07/13/2019,ACY,NJ,AEA,EN,Combined TRACON& Tower with Radar,16,11,19,12,58,0,1,49,6,56,16,12,68,18,114,6,6,12,126
07/14/2019,ACY,NJ,AEA,EN,Combined TRACON& Tower with Radar,18,26,28,8,80,0,2,54,10,66,18,28,82,18,146,10,4,14,160
07/15/2019,ACY,NJ,AEA,EN,Combined TRACON& Tower with Radar,17,14,17,46,94,0,3,52,26,81,17,17,69,72,175,24,74,98,273
07/16/2019,ACY,NJ,AEA,EN,Combined TRACON& Tower with Radar,17,8,21,53,99,0,0,36,22,58,17,8,57,75,157,0,74,74,231
07/17/2019,ACY,NJ,AEA,EN,Combined TRACON& Tower with Radar,16,12,20,13,61,0,4,30,11,45,16,16,50,24,106,8,12,20,126
07/18/2019,ACY,NJ,AEA,EN,Combined TRACON& Tower with Radar,17,15,24,28,84,0,0,5,18,23,17,15,29,46,107,0,32,32,139
07/19/2019,ACY,NJ,AEA,EN,Combined TRACON& Tower with Radar,17,26,19,5,67,0,4,16,16,36,17,30,35,21,103,4,0,4,107
07/20/2019,ACY,NJ,AEA,EN,Combined TRACON& Tower with Radar,20,13,20,2,55,0,0,22,7,29,20,13,42,9,84,6,4,10,94
07/21/2019,ACY,NJ,AEA,EN,Combined TRACON& Tower with Radar,14,27,18,0,59,0,1,28,8,37,14,28,46,8,96,0,0,0,96
07/22/2019,ACY,NJ,AEA,EN,Combined TRACON& Tower with Radar,19,13,13,11,56,0,0,21,24,45,19,13,34,35,101,10,26,36,137
07/23/2019,ACY,NJ,AEA,EN,Combined TRACON& Tower with Radar,16,7,20,38,81,0,0,1,20,21,16,7,21,58,102,0,2,2,104
07/24/2019,ACY,NJ,AEA,EN,Combined TRACON& Tower with Radar,19,10,16,56,101,0,3,37,26,66,19,13,53,82,167,14,54,68,235
07/25/2019,ACY,NJ,AEA,EN,Combined TRACON& Tower with Radar,20,18,22,19,79,0,0,37,15,52,20,18,59,34,131,8,32,40,171
07/26/2019,ACY,NJ,AEA,EN,Combined TRACON& Tower with Radar,16,36,25,26,103,0,0,26,35,61,16,36,51,61,164,6,22,28,192
07/27/2019,ACY,NJ,AEA,EN,Combined TRACON& Tower with Radar,18,13,22,4,57,0,2,57,13,72,18,15,79,17,129,0,6,6,135
07/28/2019,ACY,NJ,AEA,EN,Combined TRACON& Tower with Radar,19,31,23,1,74,0,2,45,7,54,19,33,68,8,128,2,14,16,144
07/29/2019,ACY,NJ,AEA,EN,Combined TRACON& Tower with Radar,17,10,18,6,51,0,2,32,15,49,17,12,50,21,100,18,0,18,118
07/30/2019,ACY,NJ,AEA,EN,Combined TRACON& Tower with Radar,15,17,19,39,90,0,0,30,49,79,15,17,49,88,169,38,84,122,291
07/31/2019,ACY,NJ,AEA,EN,Combined TRACON& Tower with Radar,18,13,28,30,89,0,0,17,20,37,18,13,45,50,126,16,34,50,176
08/01/2019,ACY,NJ,AEA,EN,Combined TRACON& Tower with Radar,19,20,22,23,84,0,1,26,17,44,19,21,48,40,128,6,70,76,204
08/02/2019,ACY,NJ,AEA,EN,Combined TRACON& Tower with Radar,15,26,40,9,90,0,0,33,13,46,15,26,73,22,136,10,0,10,146
08/03/2019,ACY,NJ,AEA,EN,Combined TRACON& Tower with Radar,16,17,18,1,52,0,0,16,8,24,16,17,34,9,76,0,0,0,76
08/04/2019,ACY,NJ,AEA,EN,Combined TRACON& Tower with Radar,21,26,24,0,71,0,0,22,8,30,21,26,46,8,101,8,2,10,111
08/05/2019,ACY,NJ,AEA,EN,Combined TRACON& Tower with Radar,15,10,9,33,67,0,0,30,24,54,15,10,39,57,121,40,42,82,203
08/06/2019,ACY,NJ,AEA,EN,Combined TRACON& Tower with Radar,14,10,29,18,71,0,2,8,29,39,14,12,37,47,110,4,64,68,178
08/07/2019,ACY,NJ,AEA,EN,Combined TRACON& Tower with Radar,20,7,25,19,71,0,0,16,18,34,20,7,41,37,105,4,8,12,117
08/08/2019,ACY,NJ,AEA,EN,Combined TRACON& Tower with Radar,21,29,31,51,132,2,0,20,29,51,23,29,51,80,183,4,44,48,231
08/09/2019,ACY,NJ,AEA,EN,Combined TRACON& Tower with Radar,16,27,31,22,96,0,0,63,17,80,16,27,94,39,176,8,10,18,194
08/10/2019,ACY,NJ,AEA,EN,Combined TRACON& Tower with Radar,17,12,35,0,64,0,0,30,6,36,17,12,65,6,100,0,2,2,102
08/11/2019,ACY,NJ,AEA,EN,Combined TRACON& Tower with Radar,20,30,29,5,84,0,1,45,8,54,20,31,74,13,138,18,0,18,156
08/12/2019,ACY,NJ,AEA,EN,Combined TRACON& Tower with Radar,17,11,27,20,75,0,0,44,19,63,17,11,71,39,138,16,68,84,222
08/13/2019,ACY,NJ,AEA,EN,Combined TRACON& Tower with Radar,18,8,25,21,72,0,0,8,15,23,18,8,33,36,95,0,28,28,123
08/14/2019,ACY,NJ,AEA,EN,Combined TRACON& Tower with Radar,15,5,28,21,69,0,0,6,20,26,15,5,34,41,95,0,30,30,125
08/15/2019,ACY,NJ,AEA,EN,Combined TRACON& Tower with Radar,15,10,25,47,97,0,1,5,31,37,15,11,30,78,134,6,114,120,254
08/16/2019,ACY,NJ,AEA,EN,Combined TRACON& Tower with Radar,15,28,41,21,105,0,0,10,13,23,15,28,51,34,128,8,0,8,136
08/17/2019,ACY,NJ,AEA,EN,Combined TRACON& Tower with Radar,16,13,44,17,90,0,0,26,7,33,16,13,70,24,123,12,18,30,153
08/18/2019,ACY,NJ,AEA,EN,Combined TRACON& Tower with Radar,16,27,29,12,84,0,1,34,7,42,16,28,63,19,126,10,6,16,142
08/19/2019,ACY,NJ,AEA,EN,Combined TRACON& Tower with Radar,12,9,21,39,81,0,2,21,44,67,12,11,42,83,148,18,76,94,242
08/20/2019,ACY,NJ,AEA,EN,Combined TRACON& Tower with Radar,14,11,16,6,47,2,1,110,38,151,16,12,126,44,198,16,126,142,340
08/21/2019,ACY,NJ,AEA,EN,Combined TRACON& Tower with Radar,18,11,21,10,60,0,3,102,26,131,18,14,123,36,191,0,0,0,191
08/22/2019,ACY,NJ,AEA,EN,Combined TRACON& Tower with Radar,22,21,15,79,137,0,0,37,38,75,22,21,52,117,212,18,124,142,354
08/23/2019,ACY,NJ,AEA,EN,Combined TRACON& Tower with Radar,17,33,31,7,88,0,1,19,20,40,17,34,50,27,128,8,0,8,136
08/24/2019,ACY,NJ,AEA,EN,Combined TRACON& Tower with Radar,19,9,25,4,57,0,1,45,6,52,19,10,70,10,109,0,0,0,109
08/25/2019,ACY,NJ,AEA,EN,Combined TRACON& Tower with Radar,18,27,36,2,83,0,2,29,2,33,18,29,65,4,116,0,58,58,174
08/26/2019,ACY,NJ,AEA,EN,Combined TRACON& Tower with Radar,15,15,15,54,99,0,0,23,35,58,15,15,38,89,157,22,78,100,257
08/27/2019,ACY,NJ,AEA,EN,Combined TRACON& Tower with Radar,18,7,16,56,97,0,0,22,36,58,18,7,38,92,155,2,136,138,293
08/28/2019,ACY,NJ,AEA,EN,Combined TRACON& Tower with Radar,14,11,21,36,82,0,0,1,26,27,14,11,22,62,109,0,8,8,117
08/29/2019,ACY,NJ,AEA,EN,Combined TRACON& Tower with Radar,16,15,19,47,97,0,2,40,28,70,16,17,59,75,167,6,68,74,241
08/30/2019,ACY,NJ,AEA,EN,Combined TRACON& Tower with Radar,18,32,43,12,105,0,1,44,18,63,18,33,87,30,168,4,44,48,216
08/31/2019,ACY,NJ,AEA,EN,Combined TRACON& Tower with Radar,15,16,33,0,64,0,0,49,6,55,15,16,82,6,119,0,0,0,119
09/01/2019,ACY,NJ,AEA,EN,Combined TRACON& Tower with Radar,13,19,18,5,55,0,0,36,6,42,13,19,54,11,97,6,0,6,103
09/02/2019,ACY,NJ,AEA,EN,Combined TRACON& Tower with Radar,21,13,24,2,60,0,1,21,8,30,21,14,45,10,90,0,20,20,110
09/03/2019,ACY,NJ,AEA,EN,Combined TRACON& Tower with Radar,15,8,18,32,73,0,0,33,16,49,15,8,51,48,122,14,48,62,184
09/04/2019,ACY,NJ,AEA,EN,Combined TRACON& Tower with Radar,13,13,24,38,88,0,0,10,25,35,13,13,34,63,123,8,64,72,195
09/05/2019,ACY,NJ,AEA,EN,Combined TRACON& Tower with Radar,16,10,30,38,94,0,1,38,52,91,16,11,68,90,185,16,18,34,219
09/06/2019,ACY,NJ,AEA,EN,Combined TRACON& Tower with Radar,18,15,11,17,61,0,0,0,8,8,18,15,11,25,69,0,0,0,69
09/07/2019,ACY,NJ,AEA,EN,Combined TRACON& Tower with Radar,17,3,63,1,84,0,0,81,4,85,17,3,144,5,169,42,0,42,211
09/08/2019,ACY,NJ,AEA,EN,Combined TRACON& Tower with Radar,17,14,28,2,61,0,1,45,8,54,17,15,73,10,115,18,28,46,161
09/09/2019,ACY,NJ,AEA,EN,Combined TRACON& Tower with Radar,17,11,23,7,58,0,0,20,35,55,17,11,43,42,113,28,11,39,152
09/10/2019,ACY,NJ,AEA,EN,Combined TRACON& Tower with Radar,13,8,28,25,74,0,0,25,33,58,13,8,53,58,132,20,32,52,184
09/11/2019,ACY,NJ,AEA,EN,Combined TRACON& Tower with Radar,13,6,26,18,63,0,1,40,32,73,13,7,66,50,136,0,6,6,142
09/12/2019,ACY,NJ,AEA,EN,Combined TRACON& Tower with Radar,17,10,18,25,70,0,0,17,31,48,17,10,35,56,118,4,40,44,162
09/13/2019,ACY,NJ,AEA,EN,Combined TRACON& Tower with Radar,18,23,15,34,90,0,0,15,29,44,18,23,30,63,134,0,68,68,202
09/14/2019,ACY,NJ,AEA,EN,Combined TRACON& Tower with Radar,21,10,12,2,45,0,0,25,8,33,21,10,37,10,78,0,20,20,98
09/15/2019,ACY,NJ,AEA,EN,Combined TRACON& Tower with Radar,22,21,22,3,68,0,0,28,5,33,22,21,50,8,101,0,0,0,101
09/16/2019,ACY,NJ,AEA,EN,Combined TRACON& Tower with Radar,17,7,22,21,67,0,0,34,37,71,17,7,56,58,138,34,68,102,240
09/17/2019,ACY,NJ,AEA,EN,Combined TRACON& Tower with Radar,18,7,11,51,87,0,0,31,25,56,18,7,42,76,143,0,40,40,183
09/18/2019,ACY,NJ,AEA,EN,Combined TRACON& Tower with Radar,13,8,30,36,87,0,3,24,12,39,13,11,54,48,126,6,4,10,136
09/19/2019,ACY,NJ,AEA,EN,Combined TRACON& Tower with Radar,18,16,22,25,81,0,0,32,30,62,18,16,54,55,143,8,26,34,177
09/20/2019,ACY,NJ,AEA,EN,Combined TRACON& Tower with Radar,21,16,27,36,100,0,2,19,27,48,21,18,46,63,148,0,44,44,192
09/21/2019,ACY,NJ,AEA,EN,Combined TRACON& Tower with Radar,17,8,18,16,59,0,0,45,15,60,17,8,63,31,119,2,26,28,147
09/22/2019,ACY,NJ,AEA,EN,Combined TRACON& Tower with Radar,23,19,12,7,61,0,1,22,9,32,23,20,34,16,93,0,20,20,113
09/23/2019,ACY,NJ,AEA,EN,Combined TRACON& Tower with Radar,17,9,19,30,75,0,0,32,19,51,17,9,51,49,126,28,0,28,154
09/24/2019,ACY,NJ,AEA,EN,Combined TRACON& Tower with Radar,15,8,20,40,83,0,1,23,26,50,15,9,43,66,133,18,46,64,197
09/25/2019,ACY,NJ,AEA,EN,Combined TRACON& Tower with Radar,14,7,23,22,66,0,1,51,16,68,14,8,74,38,134,2,6,8,142
09/26/2019,ACY,NJ,AEA,EN,Combined TRACON& Tower with Radar,20,20,20,40,100,0,0,22,22,44,20,20,42,62,144,0,4,4,148
09/27/2019,ACY,NJ,AEA,EN,Combined TRACON& Tower with Radar,17,18,22,21,78,0,0,29,26,55,17,18,51,47,133,0,6,6,139
09/28/2019,ACY,NJ,AEA,EN,Combined TRACON& Tower with Radar,18,11,25,2,56,0,0,30,10,40,18,11,55,12,96,0,0,0,96
09/29/2019,ACY,NJ,AEA,EN,Combined TRACON& Tower with Radar,19,22,22,1,64,0,1,17,3,21,19,23,39,4,85,0,0,0,85
09/30/2019,ACY,NJ,AEA,EN,Combined TRACON& Tower with Radar,17,7,17,21,62,0,0,27,5,32,17,7,44,26,94,16,38,54,148
10/01/2019,ACY,NJ,AEA,EN,Combined TRACON& Tower with Radar,16,9,14,49,88,0,0,22,32,54,16,9,36,81,142,16,44,60,202
10/02/2019,ACY,NJ,AEA,EN,Combined TRACON& Tower with Radar,14,7,21,22,64,0,1,34,18,53,14,8,55,40,117,2,0,2,119
10/03/2019,ACY,NJ,AEA,EN,Combined TRACON& Tower with Radar,17,13,10,14,54,0,0,1,0,1,17,13,11,14,55,0,0,0,55
10/04/2019,ACY,NJ,AEA,EN,Combined TRACON& Tower with Radar,19,20,16,25,80,0,0,30,27,57,19,20,46,52,137,2,0,2,139
10/05/2019,ACY,NJ,AEA,EN,Combined TRACON& Tower with Radar,20,7,28,4,59,0,0,44,7,51,20,7,72,11,110,0,8,8,118
10/06/2019,ACY,NJ,AEA,EN,Combined TRACON& Tower with Radar,18,20,32,6,76,0,0,24,5,29,18,20,56,11,105,6,0,6,111
10/07/2019,ACY,NJ,AEA,EN,Combined TRACON& Tower with Radar,15,11,23,27,76,0,0,25,18,43,15,11,48,45,119,8,32,40,159
10/08/2019,ACY,NJ,AEA,EN,Combined TRACON& Tower with Radar,13,7,25,22,67,0,0,21,26,47,13,7,46,48,114,0,0,0,114
10/09/2019,ACY,NJ,AEA,EN,Combined TRACON& Tower with Radar,14,7,37,35,93,0,0,12,13,25,14,7,49,48,118,6,18,24,142
10/10/2019,ACY,NJ,AEA,EN,Combined TRACON& Tower with Radar,15,13,7,53,88,0,0,17,28,45,15,13,24,81,133,2,16,18,151
10/11/2019,ACY,NJ,AEA,EN,Combined TRACON& Tower with Radar,21,20,17,11,69,0,2,32,27,61,21,22,49,38,130,0,6,6,136
10/12/2019,ACY,NJ,AEA,EN,Combined TRACON& Tower with Radar,17,6,20,3,46,0,0,34,10,44,17,6,54,13,90,0,0,0,90
10/13/2019,ACY,NJ,AEA,EN,Combined TRACON& Tower with Radar,19,21,19,3,62,0,0,31,5,36,19,21,50,8,98,0,0,0,98
10/14/2019,ACY,NJ,AEA,EN,Combined TRACON& Tower with Radar,17,4,8,4,33,0,0,19,2,21,17,4,27,6,54,2,0,2,56
10/15/2019,ACY,NJ,AEA,EN,Combined TRACON& Tower with Radar,13,6,24,35,78,0,2,36,28,66,13,8,60,63,144,34,102,136,280
10/16/2019,ACY,NJ,AEA,EN,Combined TRACON& Tower with Radar,17,4,30,57,108,0,0,19,37,56,17,4,49,94,164,10,156,166,330
10/17/2019,ACY,NJ,AEA,EN,Combined TRACON& Tower with Radar,17,5,8,11,41,0,1,14,20,35,17,6,22,31,76,2,16,18,94
10/18/2019,ACY,NJ,AEA,EN,Combined TRACON& Tower with Radar,22,15,12,17,66,0,0,30,24,54,22,15,42,41,120,0,6,6,126
10/19/2019,ACY,NJ,AEA,EN,Combined TRACON& Tower with Radar,18,6,20,2,46,0,1,41,7,49,18,7,61,9,95,10,6,16,111
10/20/2019,ACY,NJ,AEA,EN,Combined TRACON& Tower with Radar,21,20,19,3,63,0,0,6,8,14,21,20,25,11,77,6,12,18,95
10/21/2019,ACY,NJ,AEA,EN,Combined TRACON& Tower with Radar,17,7,18,42,84,0,0,19,21,40,17,7,37,63,124,2,100,102,226
10/22/2019,ACY,NJ,AEA,EN,Combined TRACON& Tower with Radar,14,5,20,25,64,0,0,2,0,2,14,5,22,25,66,0,0,0,66
10/23/2019,ACY,NJ,AEA,EN,Combined TRACON& Tower with Radar,13,9,25,31,78,0,2,36,32,70,13,11,61,63,148,0,74,74,222
10/24/2019,ACY,NJ,AEA,EN,Combined TRACON& Tower with Radar,18,8,24,27,77,0,5,58,33,96,18,13,82,60,173,36,8,44,217
10/25/2019,ACY,NJ,AEA,EN,Combined TRACON& Tower with Radar,25,18,21,24,88,0,0,37,12,49,25,18,58,36,137,0,18,18,155
10/26/2019,ACY,NJ,AEA,EN,Combined TRACON& Tower with Radar,19,8,20,20,67,0,0,30,10,40,19,8,50,30,107,18,4,22,129
10/27/2019,ACY,NJ,AEA,EN,Combined TRACON& Tower with Radar,22,21,5,3,51,0,0,3,2,5,22,21,8,5,56,0,0,0,56
10/28/2019,ACY,NJ,AEA,EN,Combined TRACON& Tower with Radar,17,19,13,28,77,0,0,27,31,58,17,19,40,59,135,22,82,104,239
10/29/2019,ACY,NJ,AEA,EN,Combined TRACON& Tower with Radar,15,15,22,48,100,1,0,4,1,6,16,15,26,49,106,0,0,0,106
10/30/2019,ACY,NJ,AEA,EN,Combined TRACON& Tower with Radar,12,5,19,21,57,0,0,0,0,0,12,5,19,21,57,0,0,0,57
10/31/2019,ACY,NJ,AEA,EN,Combined TRACON& Tower with Radar,13,3,5,14,35,0,0,10,18,28,13,3,15,32,63,0,58,58,121
11/01/2019,ACY,NJ,AEA,EN,Combined TRACON& Tower with Radar,23,18,12,33,86,0,0,19,13,32,23,18,31,46,118,0,24,24,142
11/02/2019,ACY,NJ,AEA,EN,Combined TRACON& Tower with Radar,21,14,22,8,65,0,0,35,4,39,21,14,57,12,104,20,24,44,148
11/03/2019,ACY,NJ,AEA,EN,Combined TRACON& Tower with Radar,22,23,13,3,61,0,0,40,6,46,22,23,53,9,107,8,0,8,115
11/04/2019,ACY,NJ,AEA,EN,Combined TRACON& Tower with Radar,19,8,7,13,47,0,0,29,16,45,19,8,36,29,92,0,20,20,112
11/05/2019,ACY,NJ,AEA,EN,Combined TRACON& Tower with Radar,12,9,8,48,77,0,0,20,24,44,12,9,28,72,121,36,50,86,207
11/06/2019,ACY,NJ,AEA,EN,Combined TRACON& Tower with Radar,13,5,10,33,61,0,4,43,18,65,13,9,53,51,126,0,18,18,144
11/07/2019,ACY,NJ,AEA,EN,Combined TRACON& Tower with Radar,17,14,8,58,97,0,0,7,27,34,17,14,15,85,131,0,48,48,179
11/08/2019,ACY,NJ,AEA,EN,Combined TRACON& Tower with Radar,20,24,8,32,84,0,0,28,18,46,20,24,36,50,130,4,44,48,178
11/09/2019,ACY,NJ,AEA,EN,Combined TRACON& Tower with Radar,21,7,11,9,48,0,0,26,7,33,21,7,37,16,81,0,0,0,81
11/10/2019,ACY,NJ,AEA,EN,Combined TRACON& Tower with Radar,21,17,26,0,64,0,0,44,7,51,21,17,70,7,115,38,0,38,153
11/11/2019,ACY,NJ,AEA,EN,Combined TRACON& Tower with Radar,19,5,15,3,42,0,4,28,11,43,19,9,43,14,85,18,0,18,103
11/12/2019,ACY,NJ,AEA,EN,Combined TRACON& Tower with Radar,14,7,6,17,44,0,3,3,20,26,14,10,9,37,70,2,0,2,72
11/13/2019,ACY,NJ,AEA,EN,Combined TRACON& Tower with Radar,15,5,21,41,82,0,0,35,32,67,15,5,56,73,149,8,44,52,201
11/14/2019,ACY,NJ,AEA,EN,Combined TRACON& Tower with Radar,21,6,14,46,87,0,2,29,32,63,21,8,43,78,150,12,64,76,226
11/15/2019,ACY,NJ,AEA,EN,Combined TRACON& Tower with Radar,24,19,26,52,121,0,0,34,35,69,24,19,60,87,190,2,30,32,222
11/16/2019,ACY,NJ,AEA,EN,Combined TRACON& Tower with Radar,27,14,7,3,51,1,0,8,1,10,28,14,15,4,61,0,0,0,61
11/17/2019,ACY,NJ,AEA,EN,Combined TRACON& Tower with Radar,24,20,8,0,52,0,2,2,2,6,24,22,10,2,58,0,0,0,58
11/18/2019,ACY,NJ,AEA,EN,Combined TRACON& Tower with Radar,19,6,7,22,54,0,0,4,4,8,19,6,11,26,62,0,0,0,62
11/19/2019,ACY,NJ,AEA,EN,Combined TRACON& Tower with Radar,23,6,33,71,133,0,0,32,21,53,23,6,65,92,186,8,0,8,194
11/20/2019,ACY,NJ,AEA,EN,Combined TRACON& Tower with Radar,21,9,17,29,76,0,0,25,20,45,21,9,42,49,121,12,60,72,193
11/21/2019,ACY,NJ,AEA,EN,Combined TRACON& Tower with Radar,19,9,20,65,113,0,0,51,25,76,19,9,71,90,189,10,96,106,295
11/22/2019,ACY,NJ,AEA,EN,Combined TRACON& Tower with Radar,26,14,39,25,104,0,0,37,23,60,26,14,76,48,164,12,14,26,190
11/23/2019,ACY,NJ,AEA,EN,Combined TRACON& Tower with Radar,24,3,26,0,53,0,0,35,6,41,24,3,61,6,94,6,12,18,112
11/24/2019,ACY,NJ,AEA,EN,Combined TRACON& Tower with Radar,25,13,6,4,48,1,0,13,5,19,26,13,19,9,67,0,0,0,67
11/25/2019,ACY,NJ,AEA,EN,Combined TRACON& Tower with Radar,21,9,13,29,72,0,0,30,17,47,21,9,43,46,119,46,50,96,215
11/26/2019,ACY,NJ,AEA,EN,Combined TRACON& Tower with Radar,25,11,13,66,115,0,4,28,41,73,25,15,41,107,188,50,110,160,348
11/27/2019,ACY,NJ,AEA,EN,Combined TRACON& Tower with Radar,19,2,7,11,39,0,0,10,18,28,19,2,17,29,67,0,24,24,91
11/28/2019,ACY,NJ,AEA,EN,Combined TRACON& Tower with Radar,21,5,3,0,29,0,1,2,2,5,21,6,5,2,34,0,0,0,34
11/29/2019,ACY,NJ,AEA,EN,Combined TRACON& Tower with Radar,23,9,14,4,50,0,0,22,5,27,23,9,36,9,77,0,6,6,83
11/30/2019,ACY,NJ,AEA,EN,Combined TRACON& Tower with Radar,22,12,13,0,47,0,0,25,4,29,22,12,38,4,76,8,4,12,88
12/01/2019,ACY,NJ,AEA,EN,Combined TRACON& Tower with Radar,19,13,3,2,37,0,0,2,2,4,19,13,5,4,41,0,0,0,41
12/02/2019,ACY,NJ,AEA,EN,Combined TRACON& Tower with Radar,25,7,4,0,36,0,0,5,4,9,25,7,9,4,45,0,0,0,45
12/03/2019,ACY,NJ,AEA,EN,Combined TRACON& Tower with Radar,16,6,22,37,81,0,0,18,43,61,16,6,40,80,142,0,50,50,192
12/04/2019,ACY,NJ,AEA,EN,Combined TRACON& Tower with Radar,15,6,20,25,66,0,0,9,19,28,15,6,29,44,94,8,16,24,118
12/05/2019,ACY,NJ,AEA,EN,Combined TRACON& Tower with Radar,21,8,30,51,110,0,0,16,39,55,21,8,46,90,165,0,70,70,235
12/06/2019,ACY,NJ,AEA,EN,Combined TRACON& Tower with Radar,24,13,33,14,84,0,0,30,27,57,24,13,63,41,141,0,12,12,153
12/07/2019,ACY,NJ,AEA,EN,Combined TRACON& Tower with Radar,22,9,33,27,91,0,0,40,22,62,22,9,73,49,153,0,50,50,203
12/08/2019,ACY,NJ,AEA,EN,Combined TRACON& Tower with Radar,24,21,15,3,63,0,0,31,9,40,24,21,46,12,103,8,0,8,111
12/09/2019,ACY,NJ,AEA,EN,Combined TRACON& Tower with Radar,20,7,5,6,38,0,0,3,0,3,20,7,8,6,41,0,30,30,71
12/10/2019,ACY,NJ,AEA,EN,Combined TRACON& Tower with Radar,17,11,27,15,70,0,0,5,35,40,17,11,32,50,110,0,66,66,176
12/11/2019,ACY,NJ,AEA,EN,Combined TRACON& Tower with Radar,17,8,9,17,51,0,0,6,5,11,17,8,15,22,62,0,10,10,72
12/12/2019,ACY,NJ,AEA,EN,Combined TRACON& Tower with Radar,23,9,19,19,70,0,1,44,16,61,23,10,63,35,131,4,38,42,173
12/13/2019,ACY,NJ,AEA,EN,Combined TRACON& Tower with Radar,24,16,21,18,79,0,0,4,5,9,24,16,25,23,88,0,0,0,88
12/14/2019,ACY,NJ,AEA,EN,Combined TRACON& Tower with Radar,25,6,15,0,46,0,0,0,0,0,25,6,15,0,46,0,0,0,46
12/15/2019,ACY,NJ,AEA,EN,Combined TRACON& Tower with Radar,26,17,22,2,67,0,0,28,7,35,26,17,50,9,102,0,0,0,102
12/16/2019,ACY,NJ,AEA,EN,Combined TRACON& Tower with Radar,19,6,8,9,42,0,0,11,7,18,19,6,19,16,60,20,4,24,84
12/17/2019,ACY,NJ,AEA,EN,Combined TRACON& Tower with Radar,16,0,5,2,23,0,0,6,0,6,16,0,11,2,29,0,0,0,29
12/18/2019,ACY,NJ,AEA,EN,Combined TRACON& Tower with Radar,16,5,21,74,116,0,0,24,22,46,16,5,45,96,162,8,46,54,216
12/19/2019,ACY,NJ,AEA,EN,Combined TRACON& Tower with Radar,23,6,30,56,115,0,0,37,12,49,23,6,67,68,164,96,62,158,322
12/20/2019,ACY,NJ,AEA,EN,Combined TRACON& Tower with Radar,23,6,28,23,80,0,0,58,3,61,23,6,86,26,141,10,20,30,171
12/21/2019,ACY,NJ,AEA,EN,Combined TRACON& Tower with Radar,21,4,9,0,34,0,1,54,3,58,21,5,63,3,92,0,0,0,92
12/22/2019,ACY,NJ,AEA,EN,Combined TRACON& Tower with Radar,20,12,21,2,55,0,2,40,9,51,20,14,61,11,106,6,0,6,112
12/23/2019,ACY,NJ,AEA,EN,Combined TRACON& Tower with Radar,17,7,10,24,58,0,1,30,8,39,17,8,40,32,97,8,18,26,123
12/24/2019,ACY,NJ,AEA,EN,Combined TRACON& Tower with Radar,19,5,3,1,28,0,2,25,6,33,19,7,28,7,61,0,0,0,61
12/25/2019,ACY,NJ,AEA,EN,Combined TRACON& Tower with Radar,20,2,0,0,22,0,0,7,0,7,20,2,7,0,29,0,0,0,29
12/26/2019,ACY,NJ,AEA,EN,Combined TRACON& Tower with Radar,19,10,9,9,47,0,0,12,8,20,19,10,21,17,67,0,26,26,93
12/27/2019,ACY,NJ,AEA,EN,Combined TRACON& Tower with Radar,21,6,16,14,57,0,0,25,14,39,21,6,41,28,96,8,30,38,134
12/28/2019,ACY,NJ,AEA,EN,Combined TRACON& Tower with Radar,20,8,20,0,48,0,0,26,6,32,20,8,46,6,80,0,0,0,80
12/29/2019,ACY,NJ,AEA,EN,Combined TRACON& Tower with Radar,21,9,2,2,34,0,0,14,10,24,21,9,16,12,58,4,0,4,62
12/30/2019,ACY,NJ,AEA,EN,Combined TRACON& Tower with Radar,20,16,2,0,38,0,0,0,0,0,20,16,2,0,38,0,0,0,38
12/31/2019,ACY,NJ,AEA,EN,Combined TRACON& Tower with Radar,23,7,12,20,62,0,0,7,8,15,23,7,19,28,77,0,0,0,77
01/01/2020,ACY,NJ,AEA,EN,Combined TRACON& Tower with Radar,21,26,7,1,55,0,0,17,4,21,21,26,24,5,76,6,0,6,82
01/02/2020,ACY,NJ,AEA,EN,Combined TRACON& Tower with Radar,27,6,15,27,75,0,2,38,15,55,27,8,53,42,130,10,28,38,168
01/03/2020,ACY,NJ,AEA,EN,Combined TRACON& Tower with Radar,20,10,17,18,65,0,0,0,2,2,20,10,17,20,67,0,0,0,67
01/04/2020,ACY,NJ,AEA,EN,Combined TRACON& Tower with Radar,20,7,19,1,47,0,0,0,0,0,20,7,19,1,47,0,0,0,47
01/05/2020,ACY,NJ,AEA,EN,Combined TRACON& Tower with Radar,20,8,17,3,48,0,1,10,7,18,20,9,27,10,66,8,0,8,74
01/06/2020,ACY,NJ,AEA,EN,Combined TRACON& Tower with Radar,21,6,12,21,60,0,2,30,4,36,21,8,42,25,96,12,42,54,150
01/07/2020,ACY,NJ,AEA,EN,Combined TRACON& Tower with Radar,16,4,6,27,53,0,0,15,3,18,16,4,21,30,71,0,0,0,71
01/08/2020,ACY,NJ,AEA,EN,Combined TRACON& Tower with Radar,18,6,1,28,53,0,0,8,34,42,18,6,9,62,95,0,56,56,151
01/09/2020,ACY,NJ,AEA,EN,Combined TRACON& Tower with Radar,20,7,20,33,80,0,0,32,35,67,20,7,52,68,147,10,66,76,223
01/10/2020,ACY,NJ,AEA,EN,Combined TRACON& Tower with Radar,26,14,18,45,103,0,0,31,27,58,26,14,49,72,161,12,16,28,189
01/11/2020,ACY,NJ,AEA,EN,Combined TRACON& Tower with Radar,21,8,8,21,58,0,0,18,8,26,21,8,26,29,84,2,0,2,86
01/12/2020,ACY,NJ,AEA,EN,Combined TRACON& Tower with Radar,23,21,7,14,65,0,0,15,11,26,23,21,22,25,91,0,10,10,101
01/13/2020,ACY,NJ,AEA,EN,Combined TRACON& Tower with Radar,22,5,29,46,102,0,0,14,19,33,22,5,43,65,135,0,34,34,169
01/14/2020,ACY,NJ,AEA,EN,Combined TRACON& Tower with Radar,15,6,10,24,55,0,0,1,20,21,15,6,11,44,76,0,52,52,128
01/15/2020,ACY,NJ,AEA,EN,Combined TRACON& Tower with Radar,15,9,28,94,146,0,1,42,36,79,15,10,70,130,225,10,120,130,355
01/16/2020,ACY,NJ,AEA,EN,Combined TRACON& Tower with Radar,20,12,6,66,104,0,4,7,26,37,20,16,13,92,141,0,128,128,269
01/17/2020,ACY,NJ,AEA,EN,Combined TRACON& Tower with Radar,22,24,13,51,110,0,0,30,27,57,22,24,43,78,167,56,30,86,253
01/18/2020,ACY,NJ,AEA,EN,Combined TRACON& Tower with Radar,23,10,1,0,34,0,0,8,4,12,23,10,9,4,46,0,0,0,46
01/19/2020,ACY,NJ,AEA,EN,Combined TRACON& Tower with Radar,23,21,18,1,63,0,0,19,7,26,23,21,37,8,89,10,0,10,99
01/20/2020,ACY,NJ,AEA,EN,Combined TRACON& Tower with Radar,20,3,11,2,36,0,1,27,3,31,20,4,38,5,67,4,0,4,71
01/21/2020,ACY,NJ,AEA,EN,Combined TRACON& Tower with Radar,15,5,15,37,72,0,0,41,99,140,15,5,56,136,212,0,92,92,304
01/22/2020,ACY,NJ,AEA,EN,Combined TRACON& Tower with Radar,16,6,10,32,64,0,0,29,26,55,16,6,39,58,119,2,58,60,179
01/23/2020,ACY,NJ,AEA,EN,Combined TRACON& Tower with Radar,21,11,25,36,93,0,2,32,24,58,21,13,57,60,151,16,38,54,205
01/24/2020,ACY,NJ,AEA,EN,Combined TRACON& Tower with Radar,24,16,23,39,102,0,4,30,23,57,24,20,53,62,159,0,0,0,159
01/25/2020,ACY,NJ,AEA,EN,Combined TRACON& Tower with Radar,24,8,5,1,38,0,0,0,1,1,24,8,5,2,39,0,0,0,39
01/26/2020,ACY,NJ,AEA,EN,Combined TRACON& Tower with Radar,24,21,23,2,70,0,2,36,7,45,24,23,59,9,115,0,0,0,115
01/27/2020,ACY,NJ,AEA,EN,Combined TRACON& Tower with Radar,19,9,9,25,62,0,0,27,27,54,19,9,36,52,116,20,40,60,176
01/28/2020,ACY,NJ,AEA,EN,Combined TRACON& Tower with Radar,17,8,13,29,67,0,0,14,23,37,17,8,27,52,104,32,32,64,168
01/29/2020,ACY,NJ,AEA,EN,Combined TRACON& Tower with Radar,16,10,19,30,75,0,1,28,26,55,16,11,47,56,130,16,82,98,228
01/30/2020,ACY,NJ,AEA,EN,Combined TRACON& Tower with Radar,21,15,19,28,83,0,0,24,26,50,21,15,43,54,133,0,18,18,151
01/31/2020,ACY,NJ,AEA,EN,Combined TRACON& Tower with Radar,23,8,24,8,63,0,0,23,18,41,23,8,47,26,104,26,18,44,148
02/01/2020,ACY,NJ,AEA,EN,Combined TRACON& Tower with Radar,22,6,10,10,48,0,0,3,1,4,22,6,13,11,52,0,0,0,52
02/02/2020,ACY,NJ,AEA,EN,Combined TRACON& Tower with Radar,21,8,12,2,43,0,0,14,3,17,21,8,26,5,60,0,0,0,60
02/03/2020,ACY,NJ,AEA,EN,Combined TRACON& Tower with Radar,21,6,30,23,80,0,0,47,10,57,21,6,77,33,137,52,20,72,209
02/04/2020,ACY,NJ,AEA,EN,Combined TRACON& Tower with Radar,16,4,27,40,87,0,0,29,27,56,16,4,56,67,143,14,80,94,237
02/05/2020,ACY,NJ,AEA,EN,Combined TRACON& Tower with Radar,16,6,13,26,61,0,1,8,33,42,16,7,21,59,103,0,76,76,179
02/06/2020,ACY,NJ,AEA,EN,Combined TRACON& Tower with Radar,21,9,5,0,35,0,0,0,0,0,21,9,5,0,35,0,0,0,35
02/07/2020,ACY,NJ,AEA,EN,Combined TRACON& Tower with Radar,22,16,3,2,43,0,0,5,17,22,22,16,8,19,65,0,0,0,65
02/08/2020,ACY,NJ,AEA,EN,Combined TRACON& Tower with Radar,23,10,20,6,59,0,6,30,9,45,23,16,50,15,104,6,4,10,114
02/09/2020,ACY,NJ,AEA,EN,Combined TRACON& Tower with Radar,24,16,19,15,74,0,0,37,12,49,24,16,56,27,123,0,0,0,123
02/10/2020,ACY,NJ,AEA,EN,Combined TRACON& Tower with Radar,19,6,3,18,46,0,0,5,16,21,19,6,8,34,67,0,20,20,87
02/11/2020,ACY,NJ,AEA,EN,Combined TRACON& Tower with Radar,16,7,10,8,41,0,0,0,8,8,16,7,10,16,49,0,0,0,49
02/12/2020,ACY,NJ,AEA,EN,Combined TRACON& Tower with Radar,20,7,37,30,94,0,0,55,23,78,20,7,92,53,172,0,44,44,216
02/13/2020,ACY,NJ,AEA,EN,Combined TRACON& Tower with Radar,21,8,10,16,55,0,0,4,11,15,21,8,14,27,70,0,0,0,70
02/14/2020,ACY,NJ,AEA,EN,Combined TRACON& Tower with Radar,25,15,16,44,100,0,1,23,19,43,25,16,39,63,143,0,26,26,169
02/15/2020,ACY,NJ,AEA,EN,Combined TRACON& Tower with Radar,25,7,17,6,55,0,1,59,2,62,25,8,76,8,117,0,6,6,123
02/16/2020,ACY,NJ,AEA,EN,Combined TRACON& Tower with Radar,26,18,33,3,80,0,0,55,5,60,26,18,88,8,140,50,0,50,190
02/17/2020,ACY,NJ,AEA,EN,Combined TRACON& Tower with Radar,21,4,21,5,51,0,3,39,8,50,21,7,60,13,101,10,6,16,117
02/18/2020,ACY,NJ,AEA,EN,Combined TRACON& Tower with Radar,23,4,27,19,73,0,0,21,24,45,23,4,48,43,118,26,22,48,166
02/19/2020,ACY,NJ,AEA,EN,Combined TRACON& Tower with Radar,25,8,31,57,121,0,0,36,36,72,25,8,67,93,193,24,94,118,311
02/20/2020,ACY,NJ,AEA,EN,Combined TRACON& Tower with Radar,21,8,18,54,101,0,3,35,33,71,21,11,53,87,172,2,26,28,200
02/21/2020,ACY,NJ,AEA,EN,Combined TRACON& Tower with Radar,22,18,13,19,72,0,1,32,32,65,22,19,45,51,137,6,46,52,189
02/22/2020,ACY,NJ,AEA,EN,Combined TRACON& Tower with Radar,27,10,24,7,68,0,0,33,19,52,27,10,57,26,120,0,62,62,182
02/23/2020,ACY,NJ,AEA,EN,Combined TRACON& Tower with Radar,27,18,16,6,67,0,1,51,10,62,27,19,67,16,129,2,0,2,131
02/24/2020,ACY,NJ,AEA,EN,Combined TRACON& Tower with Radar,20,10,24,34,88,0,1,42,54,97,20,11,66,88,185,9,54,63,248
02/25/2020,ACY,NJ,AEA,EN,Combined TRACON& Tower with Radar,22,2,5,11,40,0,0,3,0,3,22,2,8,11,43,0,0,0,43
02/26/2020,ACY,NJ,AEA,EN,Combined TRACON& Tower with Radar,19,6,4,27,56,0,0,6,10,16,19,6,10,37,72,0,12,12,84
02/27/2020,ACY,NJ,AEA,EN,Combined TRACON& Tower with Radar,23,7,4,21,55,0,0,2,29,31,23,7,6,50,86,0,42,42,128
02/28/2020,ACY,NJ,AEA,EN,Combined TRACON& Tower with Radar,23,20,21,9,73,0,0,19,16,35,23,20,40,25,108,0,34,34,142
02/29/2020,ACY,NJ,AEA,EN,Combined TRACON& Tower with Radar,22,12,11,1,46,0,1,24,15,40,22,13,35,16,86,18,28,46,132
03/01/2020,ACY,NJ,AEA,EN,Combined TRACON& Tower with Radar,23,18,22,1,64,0,0,24,4,28,23,18,46,5,92,0,0,0,92
03/02/2020,ACY,NJ,AEA,EN,Combined TRACON& Tower with Radar,18,7,17,33,75,0,1,28,25,54,18,8,45,58,129,20,40,60,189
03/03/2020,ACY,NJ,AEA,EN,Combined TRACON& Tower with Radar,19,0,15,32,66,0,9,12,40,61,19,9,27,72,127,6,52,58,185
03/04/2020,ACY,NJ,AEA,EN,Combined TRACON& Tower with Radar,24,7,8,18,57,0,0,26,32,58,24,7,34,50,115,6,8,14,129
03/05/2020,ACY,NJ,AEA,EN,Combined TRACON& Tower with Radar,21,10,16,38,85,0,0,34,37,71,21,10,50,75,156,8,74,82,238
03/06/2020,ACY,NJ,AEA,EN,Combined TRACON& Tower with Radar,24,24,6,10,64,0,0,2,17,19,24,24,8,27,83,0,12,12,95
03/07/2020,ACY,NJ,AEA,EN,Combined TRACON& Tower with Radar,27,8,11,13,59,0,0,24,9,33,27,8,35,22,92,24,46,70,162
03/08/2020,ACY,NJ,AEA,EN,Combined TRACON& Tower with Radar,28,23,18,14,83,0,1,68,19,88,28,24,86,33,171,38,18,56,227
03/09/2020,ACY,NJ,AEA,EN,Combined TRACON& Tower with Radar,20,10,27,30,87,0,0,47,25,72,20,10,74,55,159,40,16,56,215
03/10/2020,ACY,NJ,AEA,EN,Combined TRACON& Tower with Radar,23,10,16,45,94,0,0,9,31,40,23,10,25,76,134,0,8,8,142
03/11/2020,ACY,NJ,AEA,EN,Combined TRACON& Tower with Radar,21,5,29,52,107,0,2,50,30,82,21,7,79,82,189,48,118,166,355
03/12/2020,ACY,NJ,AEA,EN,Combined TRACON& Tower with Radar,24,10,31,52,117,0,0,13,26,39,24,10,44,78,156,0,32,32,188
03/13/2020,ACY,NJ,AEA,EN,Combined TRACON& Tower with Radar,27,14,7,11,59,0,2,6,14,22,27,16,13,25,81,0,18,18,99
03/14/2020,ACY,NJ,AEA,EN,Combined TRACON& Tower with Radar,25,7,16,0,48,0,0,50,5,55,25,7,66,5,103,0,0,0,103
03/15/2020,ACY,NJ,AEA,EN,Combined TRACON& Tower with Radar,26,19,18,3,66,0,0,32,14,46,26,19,50,17,112,0,34,34,146
03/16/2020,ACY,NJ,AEA,EN,Combined TRACON& Tower with Radar,24,4,23,16,67,0,0,19,27,46,24,4,42,43,113,8,26,34,147
03/17/2020,ACY,NJ,AEA,EN,Combined TRACON& Tower with Radar,21,2,7,13,43,0,0,10,10,20,21,2,17,23,63,0,0,0,63
03/18/2020,ACY,NJ,AEA,EN,Combined TRACON& Tower with Radar,21,0,29,45,95,0,0,33,11,44,21,0,62,56,139,10,12,22,161
03/19/2020,ACY,NJ,AEA,EN,Combined TRACON& Tower with Radar,21,6,15,39,81,0,0,3,2,5,21,6,18,41,86,0,24,24,110
03/20/2020,ACY,NJ,AEA,EN,Combined TRACON& Tower with Radar,23,0,2,8,33,0,0,8,13,21,23,0,10,21,54,0,10,10,64
03/21/2020,ACY,NJ,AEA,EN,Combined TRACON& Tower with Radar,23,0,11,2,36,0,0,21,5,26,23,0,32,7,62,8,0,8,70
03/22/2020,ACY,NJ,AEA,EN,Combined TRACON& Tower with Radar,21,0,5,0,26,0,1,20,13,34,21,1,25,13,60,4,4,8,68
03/23/2020,ACY,NJ,AEA,EN,Combined TRACON& Tower with Radar,20,0,1,0,21,0,0,0,0,0,20,0,1,0,21,0,10,10,31
03/24/2020,ACY,NJ,AEA,EN,Combined TRACON& Tower with Radar,21,1,17,36,75,0,0,27,17,44,21,1,44,53,119,8,42,50,169
03/25/2020,ACY,NJ,AEA,EN,Combined TRACON& Tower with Radar,19,0,1,5,25,0,0,0,17,17,19,0,1,22,42,0,8,8,50
03/26/2020,ACY,NJ,AEA,EN,Combined TRACON& Tower with Radar,21,0,16,29,66,0,0,39,12,51,21,0,55,41,117,2,24,26,143
03/27/2020,ACY,NJ,AEA,EN,Combined TRACON& Tower with Radar,17,4,11,10,42,0,0,19,13,32,17,4,30,23,74,0,42,42,116
03/28/2020,ACY,NJ,AEA,EN,Combined TRACON& Tower with Radar,17,0,3,0,20,0,0,3,6,9,17,0,6,6,29,0,0,0,29
03/29/2020,ACY,NJ,AEA,EN,Combined TRACON& Tower with Radar,16,0,0,6,22,0,0,0,6,6,16,0,0,12,28,0,0,0,28
03/30/2020,ACY,NJ,AEA,EN,Combined TRACON& Tower with Radar,18,0,4,28,50,0,0,1,6,7,18,0,5,34,57,0,0,0,57
03/31/2020,ACY,NJ,AEA,EN,Combined TRACON& Tower with Radar,16,0,21,33,70,0,0,5,16,21,16,0,26,49,91,42,0,42,133
04/01/2020,ACY,NJ,AEA,EN,Combined TRACON& Tower with Radar,14,0,4,17,35,0,0,6,8,14,14,0,10,25,49,0,4,4,53
04/02/2020,ACY,NJ,AEA,EN,Combined TRACON& Tower with Radar,11,0,6,35,52,0,0,6,28,34,11,0,12,63,86,0,38,38,124
04/03/2020,ACY,NJ,AEA,EN,Combined TRACON& Tower with Radar,9,0,6,9,24,0,0,9,18,27,9,0,15,27,51,6,24,30,81
04/04/2020,ACY,NJ,AEA,EN,Combined TRACON& Tower with Radar,9,0,11,15,35,0,0,12,11,23,9,0,23,26,58,20,14,34,92
04/05/2020,ACY,NJ,AEA,EN,Combined TRACON& Tower with Radar,13,0,17,7,37,0,0,13,7,20,13,0,30,14,57,0,0,0,57
04/06/2020,ACY,NJ,AEA,EN,Combined TRACON& Tower with Radar,17,1,19,12,49,0,0,21,15,36,17,1,40,27,85,0,0,0,85
04/07/2020,ACY,NJ,AEA,EN,Combined TRACON& Tower with Radar,31,1,8,27,67,0,0,13,26,39,31,1,21,53,106,0,0,0,106
04/08/2020,ACY,NJ,AEA,EN,Combined TRACON& Tower with Radar,7,0,6,33,46,0,0,10,20,30,7,0,16,53,76,0,0,0,76
04/09/2020,ACY,NJ,AEA,EN,Combined TRACON& Tower with Radar,2,1,4,13,20,0,3,0,8,11,2,4,4,21,31,0,0,0,31
04/10/2020,ACY,NJ,AEA,EN,Combined TRACON& Tower with Radar,2,4,0,10,16,0,0,5,13,18,2,4,5,23,34,0,0,0,34
04/11/2020,ACY,NJ,AEA,EN,Combined TRACON& Tower with Radar,2,2,5,5,14,0,1,15,17,33,2,3,20,22,47,0,0,0,47
04/12/2020,ACY,NJ,AEA,EN,Combined TRACON& Tower with Radar,2,0,7,2,11,0,0,16,5,21,2,0,23,7,32,0,0,0,32
04/13/2020,ACY,NJ,AEA,EN,Combined TRACON& Tower with Radar,2,0,0,0,2,0,0,0,4,4,2,0,0,4,6,0,0,0,6
04/14/2020,ACY,NJ,AEA,EN,Combined TRACON& Tower with Radar,2,0,13,44,59,0,0,40,13,53,2,0,53,57,112,0,0,0,112
04/15/2020,ACY,NJ,AEA,EN,Combined TRACON& Tower with Radar,2,0,8,66,76,0,0,12,19,31,2,0,20,85,107,0,0,0,107
04/16/2020,ACY,NJ,AEA,EN,Combined TRACON& Tower with Radar,2,0,5,44,51,0,0,6,28,34,2,0,11,72,85,0,0,0,85
04/17/2020,ACY,NJ,AEA,EN,Combined TRACON& Tower with Radar,2,2,9,12,25,0,0,19,11,30,2,2,28,23,55,0,0,0,55
04/18/2020,ACY,NJ,AEA,EN,Combined TRACON& Tower with Radar,2,0,2,0,4,0,0,1,5,6,2,0,3,5,10,0,0,0,10
04/19/2020,ACY,NJ,AEA,EN,Combined TRACON& Tower with Radar,2,0,5,7,14,0,0,13,14,27,2,0,18,21,41,0,0,0,41
04/20/2020,ACY,NJ,AEA,EN,Combined TRACON& Tower with Radar,2,2,10,43,57,0,0,11,8,19,2,2,21,51,76,0,0,0,76
04/21/2020,ACY,NJ,AEA,EN,Combined TRACON& Tower with Radar,2,0,4,34,40,0,1,9,19,29,2,1,13,53,69,0,58,58,127
04/22/2020,ACY,NJ,AEA,EN,Combined TRACON& Tower with Radar,2,0,8,44,54,0,0,15,7,22,2,0,23,51,76,6,40,46,122
04/23/2020,ACY,NJ,AEA,EN,Combined TRACON& Tower with Radar,2,0,20,87,109,0,1,15,12,28,2,1,35,99,137,6,36,42,179
04/24/2020,ACY,NJ,AEA,EN,Combined TRACON& Tower with Radar,2,0,14,11,27,0,0,0,3,3,2,0,14,14,30,0,0,0,30
04/25/2020,ACY,NJ,AEA,EN,Combined TRACON& Tower with Radar,2,0,18,19,39,0,2,27,17,46,2,2,45,36,85,0,20,20,105
04/26/2020,ACY,NJ,AEA,EN,Combined TRACON& Tower with Radar,2,2,9,4,17,0,0,0,0,0,2,2,9,4,17,0,0,0,17
04/27/2020,ACY,NJ,AEA,EN,Combined TRACON& Tower with Radar,2,0,3,38,43,0,0,7,18,25,2,0,10,56,68,18,32,50,118
04/28/2020,ACY,NJ,AEA,EN,Combined TRACON& Tower with Radar,2,2,26,45,75,0,1,26,20,47,2,3,52,65,122,36,102,138,260
04/29/2020,ACY,NJ,AEA,EN,Combined TRACON& Tower with Radar,2,0,12,42,56,0,2,19,20,41,2,2,31,62,97,0,94,94,191
04/30/2020,ACY,NJ,AEA,EN,Combined TRACON& Tower with Radar,2,2,5,12,21,0,0,6,15,21,2,2,11,27,42,0,0,0,42
05/01/2020,ACY,NJ,AEA,EN,Combined TRACON& Tower with Radar,2,3,11,26,42,0,0,7,17,24,2,3,18,43,66,0,30,30,96
05/02/2020,ACY,NJ,AEA,EN,Combined TRACON& Tower with Radar,2,2,25,18,47,0,0,31,13,44,2,2,56,31,91,12,40,52,143
05/03/2020,ACY,NJ,AEA,EN,Combined TRACON& Tower with Radar,2,1,16,6,25,0,0,15,15,30,2,1,31,21,55,0,8,8,63
05/04/2020,ACY,NJ,AEA,EN,Combined TRACON& Tower with Radar,2,0,6,14,22,0,0,14,14,28,2,0,20,28,50,0,28,28,78
05/05/2020,ACY,NJ,AEA,EN,Combined TRACON& Tower with Radar,2,0,19,37,58,0,0,18,5,23,2,0,37,42,81,0,0,0,81
05/06/2020,ACY,NJ,AEA,EN,Combined TRACON& Tower with Radar,2,2,22,24,50,0,0,0,8,8,2,2,22,32,58,0,2,2,60
05/07/2020,ACY,NJ,AEA,EN,Combined TRACON& Tower with Radar,2,2,19,32,55,0,0,37,37,74,2,2,56,69,129,36,46,82,211
05/08/2020,ACY,NJ,AEA,EN,Combined TRACON& Tower with Radar,2,0,17,22,41,0,0,22,12,34,2,0,39,34,75,0,40,40,115
05/09/2020,ACY,NJ,AEA,EN,Combined TRACON& Tower with Radar,2,2,1,0,5,0,0,0,12,12,2,2,1,12,17,0,0,0,17
05/10/2020,ACY,NJ,AEA,EN,Combined TRACON& Tower with Radar,2,0,7,2,11,0,0,5,16,21,2,0,12,18,32,0,0,0,32
05/11/2020,ACY,NJ,AEA,EN,Combined TRACON& Tower with Radar,2,2,6,16,26,0,0,6,17,23,2,2,12,33,49,12,50,62,111
05/12/2020,ACY,NJ,AEA,EN,Combined TRACON& Tower with Radar,0,3,15,43,61,0,0,18,28,46,0,3,33,71,107,0,42,42,149
05/13/2020,ACY,NJ,AEA,EN,Combined TRACON& Tower with Radar,2,9,23,25,59,0,0,36,16,52,2,9,59,41,111,62,50,112,223
05/14/2020,ACY,NJ,AEA,EN,Combined TRACON& Tower with Radar,2,4,29,43,78,1,1,33,22,57,3,5,62,65,135,8,30,38,173
05/15/2020,ACY,NJ,AEA,EN,Combined TRACON& Tower with Radar,2,3,13,12,30,0,0,12,25,37,2,3,25,37,67,6,38,44,111
05/16/2020,ACY,NJ,AEA,EN,Combined TRACON& Tower with Radar,2,7,14,10,33,0,0,32,23,55,2,7,46,33,88,10,34,44,132
05/17/2020,ACY,NJ,AEA,EN,Combined TRACON& Tower with Radar,2,3,12,4,21,0,0,18,16,34,2,3,30,20,55,4,20,24,79
05/18/2020,ACY,NJ,AEA,EN,Combined TRACON& Tower with Radar,1,6,12,42,61,0,0,0,13,13,1,6,12,55,74,0,4,4,78
05/19/2020,ACY,NJ,AEA,EN,Combined TRACON& Tower with Radar,0,4,16,24,44,0,0,6,10,16,0,4,22,34,60,24,12,36,96
05/20/2020,ACY,NJ,AEA,EN,Combined TRACON& Tower with Radar,2,11,14,22,49,1,6,21,19,47,3,17,35,41,96,20,14,34,130
05/21/2020,ACY,NJ,AEA,EN,Combined TRACON& Tower with Radar,2,11,27,65,105,0,6,34,15,55,2,17,61,80,160,46,102,148,308
05/22/2020,ACY,NJ,AEA,EN,Combined TRACON& Tower with Radar,2,1,11,9,23,0,0,6,4,10,2,1,17,13,33,0,4,4,37
05/23/2020,ACY,NJ,AEA,EN,Combined TRACON& Tower with Radar,2,1,8,0,11,0,0,4,6,10,2,1,12,6,21,10,0,10,31
05/24/2020,ACY,NJ,AEA,EN,Combined TRACON& Tower with Radar,2,2,35,5,44,0,0,6,4,10,2,2,41,9,54,0,0,0,54
05/25/2020,ACY,NJ,AEA,EN,Combined TRACON& Tower with Radar,2,1,27,6,36,0,0,2,4,6,2,1,29,10,42,10,16,26,68
05/26/2020,ACY,NJ,AEA,EN,Combined TRACON& Tower with Radar,0,8,16,35,59,0,0,11,19,30,0,8,27,54,89,52,24,76,165
05/27/2020,ACY,NJ,AEA,EN,Combined TRACON& Tower with Radar,2,9,24,45,80,0,0,20,26,46,2,9,44,71,126,20,48,68,194
05/28/2020,ACY,NJ,AEA,EN,Combined TRACON& Tower with Radar,2,1,28,27,58,0,0,1,6,7,2,1,29,33,65,0,0,0,65
05/29/2020,ACY,NJ,AEA,EN,Combined TRACON& Tower with Radar,2,4,26,33,65,0,0,9,16,25,2,4,35,49,90,6,106,112,202
05/30/2020,ACY,NJ,AEA,EN,Combined TRACON& Tower with Radar,2,3,33,6,44,0,0,37,11,48,2,3,70,17,92,52,0,52,144
05/31/2020,ACY,NJ,AEA,EN,Combined TRACON& Tower with Radar,2,2,5,2,11,0,3,27,20,50,2,5,32,22,61,18,4,22,83
06/01/2020,ACY,NJ,AEA,EN,Combined TRACON& Tower with Radar,2,3,23,18,46,0,0,43,17,60,2,3,66,35,106,38,24,62,168
06/02/2020,ACY,NJ,AEA,EN,Combined TRACON& Tower with Radar,0,1,33,39,73,0,1,32,19,52,0,2,65,58,125,22,58,80,205
06/03/2020,ACY,NJ,AEA,EN,Combined TRACON& Tower with Radar,2,4,6,44,56,0,1,8,3,12,2,5,14,47,68,32,6,38,106
06/04/2020,ACY,NJ,AEA,EN,Combined TRACON& Tower with Radar,4,5,26,22,57,0,3,43,29,75,4,8,69,51,132,58,52,110,242
06/05/2020,ACY,NJ,AEA,EN,Combined TRACON& Tower with Radar,2,3,7,23,35,0,0,13,13,26,2,3,20,36,61,24,30,54,115
06/06/2020,ACY,NJ,AEA,EN,Combined TRACON& Tower with Radar,2,8,16,11,37,0,0,11,30,41,2,8,27,41,78,42,40,82,160
06/07/2020,ACY,NJ,AEA,EN,Combined TRACON& Tower with Radar,2,6,28,6,42,0,1,37,9,47,2,7,65,15,89,4,12,16,105
06/08/2020,ACY,NJ,AEA,EN,Combined TRACON& Tower with Radar,3,5,19,22,49,0,3,27,11,41,3,8,46,33,90,68,32,100,190
06/09/2020,ACY,NJ,AEA,EN,Combined TRACON& Tower with Radar,0,3,27,40,70,0,2,30,21,53,0,5,57,61,123,32,81,113,236
06/10/2020,ACY,NJ,AEA,EN,Combined TRACON& Tower with Radar,2,2,17,46,67,0,5,34,27,66,2,7,51,73,133,6,64,70,203
06/11/2020,ACY,NJ,AEA,EN,Combined TRACON& Tower with Radar,12,12,17,20,61,0,0,5,7,12,12,12,22,27,73,0,0,0,73
06/12/2020,ACY,NJ,AEA,EN,Combined TRACON& Tower with Radar,8,5,27,33,73,0,0,35,21,56,8,5,62,54,129,4,36,40,169
06/13/2020,ACY,NJ,AEA,EN,Combined TRACON& Tower with Radar,10,2,18,21,51,0,0,32,20,52,10,2,50,41,103,36,12,48,151
06/14/2020,ACY,NJ,AEA,EN,Combined TRACON& Tower with Radar,10,11,17,16,54,0,1,31,24,56,10,12,48,40,110,6,46,52,162
06/15/2020,ACY,NJ,AEA,EN,Combined TRACON& Tower with Radar,10,5,21,41,77,0,0,36,23,59,10,5,57,64,136,48,136,184,320
06/16/2020,ACY,NJ,AEA,EN,Combined TRACON& Tower with Radar,2,9,9,57,77,0,0,14,30,44,2,9,23,87,121,0,90,90,211
06/17/2020,ACY,NJ,AEA,EN,Combined TRACON& Tower with Radar,3,6,19,15,43,0,0,0,4,4,3,6,19,19,47,0,0,0,47
06/18/2020,ACY,NJ,AEA,EN,Combined TRACON& Tower with Radar,12,10,16,26,64,0,0,8,13,21,12,10,24,39,85,16,20,36,121
06/19/2020,ACY,NJ,AEA,EN,Combined TRACON& Tower with Radar,8,5,20,20,53,0,5,20,19,44,8,10,40,39,97,8,34,42,139
06/20/2020,ACY,NJ,AEA,EN,Combined TRACON& Tower with Radar,12,4,3,6,25,0,0,16,22,38,12,4,19,28,63,0,18,18,81
06/21/2020,ACY,NJ,AEA,EN,Combined TRACON& Tower with Radar,11,10,25,1,47,0,0,11,14,25,11,10,36,15,72,0,8,8,80
06/22/2020,ACY,NJ,AEA,EN,Combined TRACON& Tower with Radar,10,4,21,12,47,0,0,17,24,41,10,4,38,36,88,4,24,28,116
06/23/2020,ACY,NJ,AEA,EN,Combined TRACON& Tower with Radar,2,8,22,31,63,2,1,43,32,78,4,9,65,63,141,18,28,46,187
06/24/2020,ACY,NJ,AEA,EN,Combined TRACON& Tower with Radar,10,10,20,33,73,0,4,18,34,56,10,14,38,67,129,26,20,46,175
06/25/2020,ACY,NJ,AEA,EN,Combined TRACON& Tower with Radar,12,8,10,74,104,0,2,27,37,66,12,10,37,111,170,0,32,32,202
06/26/2020,ACY,NJ,AEA,EN,Combined TRACON& Tower with Radar,10,4,20,51,85,0,1,32,28,61,10,5,52,79,146,4,114,118,264
06/27/2020,ACY,NJ,AEA,EN,Combined TRACON& Tower with Radar,12,5,14,4,35,0,3,10,7,20,12,8,24,11,55,20,16,36,91
06/28/2020,ACY,NJ,AEA,EN,Combined TRACON& Tower with Radar,14,10,14,0,38,0,1,14,10,25,14,11,28,10,63,12,8,20,83
06/29/2020,ACY,NJ,AEA,EN,Combined TRACON& Tower with Radar,13,5,20,20,58,0,0,30,29,59,13,5,50,49,117,96,14,110,227
06/30/2020,ACY,NJ,AEA,EN,Combined TRACON& Tower with Radar,10,12,34,59,115,0,1,27,20,48,10,13,61,79,163,36,60,96,259
07/01/2020,ACY,NJ,AEA,EN,Combined TRACON& Tower with Radar,14,5,27,9,55,0,2,13,12,27,14,7,40,21,82,0,18,18,100
07/02/2020,ACY,NJ,AEA,EN,Combined TRACON& Tower with Radar,16,7,21,21,65,0,0,34,31,65,16,7,55,52,130,24,42,66,196
07/03/2020,ACY,NJ,AEA,EN,Combined TRACON& Tower with Radar,20,7,33,0,60,0,0,44,3,47,20,7,77,3,107,22,0,22,129
07/04/2020,ACY,NJ,AEA,EN,Combined TRACON& Tower with Radar,10,1,11,2,24,0,0,9,6,15,10,1,20,8,39,0,0,0,39
07/05/2020,ACY,NJ,AEA,EN,Combined TRACON& Tower with Radar,16,5,13,1,35,1,0,14,6,21,17,5,27,7,56,12,0,12,68
07/06/2020,ACY,NJ,AEA,EN,Combined TRACON& Tower with Radar,17,6,12,2,37,0,0,21,8,29,17,6,33,10,66,22,22,44,110
07/07/2020,ACY,NJ,AEA,EN,Combined TRACON& Tower with Radar,15,10,24,44,93,0,1,18,19,38,15,11,42,63,131,14,42,56,187
07/08/2020,ACY,NJ,AEA,EN,Combined TRACON& Tower with Radar,14,12,32,77,135,0,1,14,28,43,14,13,46,105,178,24,90,114,292
07/09/2020,ACY,NJ,AEA,EN,Combined TRACON& Tower with Radar,16,25,36,36,113,0,1,30,17,48,16,26,66,53,161,0,0,0,161
07/10/2020,ACY,NJ,AEA,EN,Combined TRACON& Tower with Radar,18,11,5,0,34,0,0,4,5,9,18,11,9,5,43,0,0,0,43
07/11/2020,ACY,NJ,AEA,EN,Combined TRACON& Tower with Radar,18,10,33,0,61,0,2,22,19,43,18,12,55,19,104,14,34,48,152
07/12/2020,ACY,NJ,AEA,EN,Combined TRACON& Tower with Radar,16,11,22,19,68,0,2,45,10,57,16,13,67,29,125,10,0,10,135
07/13/2020,ACY,NJ,AEA,EN,Combined TRACON& Tower with Radar,18,6,21,16,61,0,3,40,25,68,18,9,61,41,129,34,4,38,167
07/14/2020,ACY,NJ,AEA,EN,Combined TRACON& Tower with Radar,16,7,36,35,94,0,1,69,30,100,16,8,105,65,194,70,56,126,320
07/15/2020,ACY,NJ,AEA,EN,Combined TRACON& Tower with Radar,14,6,27,50,97,0,0,31,27,58,14,6,58,77,155,44,66,110,265
07/16/2020,ACY,NJ,AEA,EN,Combined TRACON& Tower with Radar,16,9,52,44,121,0,1,32,30,63,16,10,84,74,184,42,80,122,306
07/17/2020,ACY,NJ,AEA,EN,Combined TRACON& Tower with Radar,16,17,28,20,81,0,1,2,15,18,16,18,30,35,99,4,10,14,113
07/18/2020,ACY,NJ,AEA,EN,Combined TRACON& Tower with Radar,17,17,5,2,41,0,2,22,12,36,17,19,27,14,77,0,0,0,77
07/19/2020,ACY,NJ,AEA,EN,Combined TRACON& Tower with Radar,18,14,21,1,54,0,1,41,4,46,18,15,62,5,100,0,0,0,100
07/20/2020,ACY,NJ,AEA,EN,Combined TRACON& Tower with Radar,18,11,20,23,72,0,0,25,13,38,18,11,45,36,110,0,32,32,142
07/21/2020,ACY,NJ,AEA,EN,Combined TRACON& Tower with Radar,16,7,24,32,79,0,0,44,19,63,16,7,68,51,142,36,54,90,232
07/22/2020,ACY,NJ,AEA,EN,Combined TRACON& Tower with Radar,14,6,19,21,60,0,1,14,32,47,14,7,33,53,107,10,48,58,165
07/23/2020,ACY,NJ,AEA,EN,Combined TRACON& Tower with Radar,18,13,26,48,105,0,1,21,19,41,18,14,47,67,146,24,40,64,210
07/24/2020,ACY,NJ,AEA,EN,Combined TRACON& Tower with Radar,14,10,14,7,45,0,0,7,12,19,14,10,21,19,64,9,35,44,108
07/25/2020,ACY,NJ,AEA,EN,Combined TRACON& Tower with Radar,16,8,38,1,63,1,1,46,10,58,17,9,84,11,121,6,12,18,139
07/26/2020,ACY,NJ,AEA,EN,Combined TRACON& Tower with Radar,19,11,14,6,50,0,0,13,8,21,19,11,27,14,71,0,0,0,71
07/27/2020,ACY,NJ,AEA,EN,Combined TRACON& Tower with Radar,17,7,23,36,83,0,0,31,17,48,17,7,54,53,131,14,20,34,165
07/28/2020,ACY,NJ,AEA,EN,Combined TRACON& Tower with Radar,15,4,18,55,92,0,1,23,45,69,15,5,41,100,161,22,24,46,207
07/29/2020,ACY,NJ,AEA,EN,Combined TRACON& Tower with Radar,17,1,16,48,82,0,4,41,24,69,17,5,57,72,151,22,34,56,207
07/30/2020,ACY,NJ,AEA,EN,Combined TRACON& Tower with Radar,16,2,29,26,73,0,0,27,29,56,16,2,56,55,129,10,28,38,167
07/31/2020,ACY,NJ,AEA,EN,Combined TRACON& Tower with Radar,14,9,29,7,59,0,0,6,10,16,14,9,35,17,75,0,2,2,77
08/01/2020,ACY,NJ,AEA,EN,Combined TRACON& Tower with Radar,16,16,21,1,54,0,1,46,8,55,16,17,67,9,109,6,0,6,115
08/02/2020,ACY,NJ,AEA,EN,Combined TRACON& Tower with Radar,18,5,16,0,39,0,0,16,5,21,18,5,32,5,60,20,2,22,82
08/03/2020,ACY,NJ,AEA,EN,Combined TRACON& Tower with Radar,16,10,13,0,39,0,2,22,7,31,16,12,35,7,70,0,0,0,70
08/04/2020,ACY,NJ,AEA,EN,Combined TRACON& Tower with Radar,4,2,0,0,6,0,0,0,3,3,4,2,0,3,9,0,0,0,9
08/05/2020,ACY,NJ,AEA,EN,Combined TRACON& Tower with Radar,7,11,24,18,60,0,0,43,18,61,7,11,67,36,121,24,16,40,161
08/06/2020,ACY,NJ,AEA,EN,Combined TRACON& Tower with Radar,10,7,13,18,48,0,0,7,15,22,10,7,20,33,70,0,46,46,116
08/07/2020,ACY,NJ,AEA,EN,Combined TRACON& Tower with Radar,11,12,50,10,83,0,0,8,28,36,11,12,58,38,119,0,0,0,119
08/08/2020,ACY,NJ,AEA,EN,Combined TRACON& Tower with Radar,5,14,38,6,63,0,2,13,2,17,5,16,51,8,80,10,0,10,90
08/09/2020,ACY,NJ,AEA,EN,Combined TRACON& Tower with Radar,10,23,12,0,45,0,0,28,5,33,10,23,40,5,78,0,0,0,78
08/10/2020,ACY,NJ,AEA,EN,Combined TRACON& Tower with Radar,10,12,23,70,115,0,4,33,16,53,10,16,56,86,168,72,100,172,340
08/11/2020,ACY,NJ,AEA,EN,Combined TRACON& Tower with Radar,4,10,12,39,65,0,0,19,18,37,4,10,31,57,102,16,52,68,170
08/12/2020,ACY,NJ,AEA,EN,Combined TRACON& Tower with Radar,6,8,16,31,61,0,0,21,10,31,6,8,37,41,92,22,34,56,148
08/13/2020,ACY,NJ,AEA,EN,Combined TRACON& Tower with Radar,10,15,30,25,80,0,0,4,15,19,10,15,34,40,99,36,80,116,215
08/14/2020,ACY,NJ,AEA,EN,Combined TRACON& Tower with Radar,10,23,31,17,81,0,0,17,11,28,10,23,48,28,109,16,12,28,137
08/15/2020,ACY,NJ,AEA,EN,Combined TRACON& Tower with Radar,4,18,21,2,45,0,0,16,4,20,4,18,37,6,65,0,0,0,65
08/16/2020,ACY,NJ,AEA,EN,Combined TRACON& Tower with Radar,11,12,39,3,65,0,0,0,1,1,11,12,39,4,66,0,0,0,66
08/17/2020,ACY,NJ,AEA,EN,Combined TRACON& Tower with Radar,11,4,26,19,60,0,4,43,22,69,11,8,69,41,129,18,16,34,163
08/18/2020,ACY,NJ,AEA,EN,Combined TRACON& Tower with Radar,14,8,23,72,117,0,1,46,24,71,14,9,69,96,188,10,50,60,248
08/19/2020,ACY,NJ,AEA,EN,Combined TRACON& Tower with Radar,6,8,29,47,90,0,9,18,11,38,6,17,47,58,128,26,48,74,202
08/20/2020,ACY,NJ,AEA,EN,Combined TRACON& Tower with Radar,11,5,30,72,118,0,0,53,18,71,11,5,83,90,189,8,58,66,255
08/21/2020,ACY,NJ,AEA,EN,Combined TRACON& Tower with Radar,10,10,31,60,111,0,0,62,28,90,10,10,93,88,201,12,44,56,257
08/22/2020,ACY,NJ,AEA,EN,Combined TRACON& Tower with Radar,5,4,21,18,48,0,0,41,13,54,5,4,62,31,102,26,26,52,154
08/23/2020,ACY,NJ,AEA,EN,Combined TRACON& Tower with Radar,10,20,25,5,60,0,0,10,2,12,10,20,35,7,72,0,0,0,72
08/24/2020,ACY,NJ,AEA,EN,Combined TRACON& Tower with Radar,10,6,18,78,112,0,0,35,27,62,10,6,53,105,174,8,114,122,296
08/25/2020,ACY,NJ,AEA,EN,Combined TRACON& Tower with Radar,5,9,18,61,93,0,2,27,33,62,5,11,45,94,155,22,76,98,253
08/26/2020,ACY,NJ,AEA,EN,Combined TRACON& Tower with Radar,6,10,22,77,115,0,0,44,24,68,6,10,66,101,183,0,22,22,205
08/27/2020,ACY,NJ,AEA,EN,Combined TRACON& Tower with Radar,10,10,14,35,69,0,2,27,15,44,10,12,41,50,113,0,18,18,131
08/28/2020,ACY,NJ,AEA,EN,Combined TRACON& Tower with Radar,12,13,18,45,88,0,0,30,9,39,12,13,48,54,127,22,26,48,175
08/29/2020,ACY,NJ,AEA,EN,Combined TRACON& Tower with Radar,7,7,11,0,25,0,0,2,2,4,7,7,13,2,29,0,0,0,29
08/30/2020,ACY,NJ,AEA,EN,Combined TRACON& Tower with Radar,11,19,23,2,55,0,0,49,2,51,11,19,72,4,106,0,0,0,106
08/31/2020,ACY,NJ,AEA,EN,Combined TRACON& Tower with Radar,13,12,33,55,113,0,1,42,20,63,13,13,75,75,176,38,6,44,220
09/01/2020,ACY,NJ,AEA,EN,Combined TRACON& Tower with Radar,7,6,43,61,117,0,0,2,16,18,7,6,45,77,135,4,48,52,187
09/02/2020,ACY,NJ,AEA,EN,Combined TRACON& Tower with Radar,6,6,23,46,81,0,2,15,13,30,6,8,38,59,111,18,66,84,195
09/03/2020,ACY,NJ,AEA,EN,Combined TRACON& Tower with Radar,10,12,18,26,66,0,4,33,27,64,10,16,51,53,130,26,38,64,194
09/04/2020,ACY,NJ,AEA,EN,Combined TRACON& Tower with Radar,12,24,19,5,60,0,1,43,6,50,12,25,62,11,110,0,0,0,110
09/05/2020,ACY,NJ,AEA,EN,Combined TRACON& Tower with Radar,7,9,26,1,43,0,1,45,2,48,7,10,71,3,91,0,0,0,91
09/06/2020,ACY,NJ,AEA,EN,Combined TRACON& Tower with Radar,12,15,8,10,45,0,0,22,7,29,12,15,30,17,74,0,0,0,74
09/07/2020,ACY,NJ,AEA,EN,Combined TRACON& Tower with Radar,11,9,15,2,37,0,1,28,3,32,11,10,43,5,69,6,0,6,75
09/08/2020,ACY,NJ,AEA,EN,Combined TRACON& Tower with Radar,7,1,25,13,46,0,1,26,19,46,7,2,51,32,92,34,22,56,148
09/09/2020,ACY,NJ,AEA,EN,Combined TRACON& Tower with Radar,3,9,29,24,65,0,0,5,8,13,3,9,34,32,78,32,18,50,128
09/10/2020,ACY,NJ,AEA,EN,Combined TRACON& Tower with Radar,4,7,7,26,44,0,0,0,3,3,4,7,7,29,47,0,12,12,59
09/11/2020,ACY,NJ,AEA,EN,Combined TRACON& Tower with Radar,6,10,26,32,74,0,0,9,28,37,6,10,35,60,111,0,102,102,213
09/12/2020,ACY,NJ,AEA,EN,Combined TRACON& Tower with Radar,3,12,16,19,50,0,1,26,6,33,3,13,42,25,83,54,10,64,147
09/13/2020,ACY,NJ,AEA,EN,Combined TRACON& Tower with Radar,4,11,15,12,42,0,0,15,4,19,4,11,30,16,61,4,4,8,69
09/14/2020,ACY,NJ,AEA,EN,Combined TRACON& Tower with Radar,4,5,21,5,35,0,2,19,24,45,4,7,40,29,80,6,18,24,104
09/15/2020,ACY,NJ,AEA,EN,Combined TRACON& Tower with Radar,2,3,20,28,53,0,0,32,21,53,2,3,52,49,106,10,20,30,136
09/16/2020,ACY,NJ,AEA,EN,Combined TRACON& Tower with Radar,3,10,36,30,79,0,2,33,18,53,3,12,69,48,132,32,68,100,232
09/17/2020,ACY,NJ,AEA,EN,Combined TRACON& Tower with Radar,5,12,22,17,56,0,0,17,11,28,5,12,39,28,84,0,28,28,112
09/18/2020,ACY,NJ,AEA,EN,Combined TRACON& Tower with Radar,4,15,13,10,42,0,1,0,9,10,4,16,13,19,52,0,0,0,52
09/19/2020,ACY,NJ,AEA,EN,Combined TRACON& Tower with Radar,6,6,23,9,44,0,0,21,5,26,6,6,44,14,70,20,0,20,90
09/20/2020,ACY,NJ,AEA,EN,Combined TRACON& Tower with Radar,4,13,21,0,38,0,0,16,5,21,4,13,37,5,59,10,0,10,69
09/21/2020,ACY,NJ,AEA,EN,Combined TRACON& Tower with Radar,4,6,12,20,42,0,0,22,27,49,4,6,34,47,91,46,6,52,143
09/22/2020,ACY,NJ,AEA,EN,Combined TRACON& Tower with Radar,4,13,24,44,85,0,1,18,26,45,4,14,42,70,130,8,34,42,172
09/23/2020,ACY,NJ,AEA,EN,Combined TRACON& Tower with Radar,3,6,13,36,58,0,0,44,32,76,3,6,57,68,134,10,50,60,194
09/24/2020,ACY,NJ,AEA,EN,Combined TRACON& Tower with Radar,4,7,28,39,78,0,0,54,24,78,4,7,82,63,156,38,50,88,244
09/25/2020,ACY,NJ,AEA,EN,Combined TRACON& Tower with Radar,5,17,26,38,86,0,3,22,10,35,5,20,48,48,121,6,4,10,131
09/26/2020,ACY,NJ,AEA,EN,Combined TRACON& Tower with Radar,4,5,22,2,33,0,0,12,4,16,4,5,34,6,49,0,0,0,49
09/27/2020,ACY,NJ,AEA,EN,Combined TRACON& Tower with Radar,6,16,48,1,71,0,0,5,3,8,6,16,53,4,79,0,0,0,79
09/28/2020,ACY,NJ,AEA,EN,Combined TRACON& Tower with Radar,5,5,19,6,35,0,0,19,6,25,5,5,38,12,60,6,2,8,68
09/29/2020,ACY,NJ,AEA,EN,Combined TRACON& Tower with Radar,3,13,16,27,59,0,0,3,11,14,3,13,19,38,73,0,0,0,73
09/30/2020,ACY,NJ,AEA,EN,Combined TRACON& Tower with Radar,5,5,11,39,60,0,0,16,20,36,5,5,27,59,96,12,60,72,168
10/01/2020,ACY,NJ,AEA,EN,Combined TRACON& Tower with Radar,5,4,23,21,53,0,0,31,18,49,5,4,54,39,102,26,66,92,194
10/02/2020,ACY,NJ,AEA,EN,Combined TRACON& Tower with Radar,5,10,26,16,57,0,2,38,17,57,5,12,64,33,114,0,10,10,124
10/03/2020,ACY,NJ,AEA,EN,Combined TRACON& Tower with Radar,3,5,15,7,30,0,1,53,7,61,3,6,68,14,91,2,14,16,107
10/04/2020,ACY,NJ,AEA,EN,Combined TRACON& Tower with Radar,6,7,19,22,54,0,0,24,5,29,6,7,43,27,83,0,32,32,115
10/05/2020,ACY,NJ,AEA,EN,Combined TRACON& Tower with Radar,5,5,21,5,36,0,0,19,13,32,5,5,40,18,68,4,0,4,72
10/06/2020,ACY,NJ,AEA,EN,Combined TRACON& Tower with Radar,2,11,9,13,35,0,4,23,17,44,2,15,32,30,79,0,0,0,79
10/07/2020,ACY,NJ,AEA,EN,Combined TRACON& Tower with Radar,4,4,8,5,21,0,0,16,13,29,4,4,24,18,50,0,0,0,50
10/08/2020,ACY,NJ,AEA,EN,Combined TRACON& Tower with Radar,8,10,8,3,29,0,0,12,16,28,8,10,20,19,57,0,0,0,57
10/09/2020,ACY,NJ,AEA,EN,Combined TRACON& Tower with Radar,11,14,10,2,37,0,2,10,13,25,11,16,20,15,62,0,0,0,62
10/10/2020,ACY,NJ,AEA,EN,Combined TRACON& Tower with Radar,6,23,9,0,38,0,0,20,3,23,6,23,29,3,61,0,0,0,61
10/11/2020,ACY,NJ,AEA,EN,Combined TRACON& Tower with Radar,9,17,8,1,35,0,0,5,2,7,9,17,13,3,42,4,0,4,46
10/12/2020,ACY,NJ,AEA,EN,Combined TRACON& Tower with Radar,12,11,6,1,30,0,0,1,0,1,12,11,7,1,31,0,0,0,31
10/13/2020,ACY,NJ,AEA,EN,Combined TRACON& Tower with Radar,5,5,18,2,30,0,0,7,14,21,5,5,25,16,51,0,0,0,51
10/14/2020,ACY,NJ,AEA,EN,Combined TRACON& Tower with Radar,3,7,9,9,28,0,0,47,21,68,3,7,56,30,96,0,10,10,106
10/15/2020,ACY,NJ,AEA,EN,Combined TRACON& Tower with Radar,6,15,15,11,47,0,0,11,15,26,6,15,26,26,73,0,0,0,73
10/16/2020,ACY,NJ,AEA,EN,Combined TRACON& Tower with Radar,10,11,15,2,38,0,0,0,5,5,10,11,15,7,43,0,0,0,43
10/17/2020,ACY,NJ,AEA,EN,Combined TRACON& Tower with Radar,5,7,1,1,14,0,1,13,2,16,5,8,14,3,30,0,0,0,30
10/18/2020,ACY,NJ,AEA,EN,Combined TRACON& Tower with Radar,10,13,11,0,34,0,0,9,3,12,10,13,20,3,46,0,0,0,46
10/19/2020,ACY,NJ,AEA,EN,Combined TRACON& Tower with Radar,13,9,15,1,38,0,1,17,16,34,13,10,32,17,72,0,0,0,72
10/20/2020,ACY,NJ,AEA,EN,Combined TRACON& Tower with Radar,3,1,8,13,25,0,0,8,12,20,3,1,16,25,45,0,2,2,47
10/21/2020,ACY,NJ,AEA,EN,Combined TRACON& Tower with Radar,3,5,14,18,40,0,0,6,15,21,3,5,20,33,61,0,8,8,69
10/22/2020,ACY,NJ,AEA,EN,Combined TRACON& Tower with Radar,8,13,12,11,44,0,1,12,22,35,8,14,24,33,79,0,24,24,103
10/23/2020,ACY,NJ,AEA,EN,Combined TRACON& Tower with Radar,10,15,19,8,52,0,0,4,1,5,10,15,23,9,57,0,0,0,57
10/24/2020,ACY,NJ,AEA,EN,Combined TRACON& Tower with Radar,4,3,6,0,13,0,0,13,6,19,4,3,19,6,32,0,0,0,32
10/25/2020,ACY,NJ,AEA,EN,Combined TRACON& Tower with Radar,9,9,16,3,37,0,0,2,2,4,9,9,18,5,41,0,0,0,41
10/26/2020,ACY,NJ,AEA,EN,Combined TRACON& Tower with Radar,11,6,16,14,47,0,0,0,4,4,11,6,16,18,51,0,0,0,51
10/27/2020,ACY,NJ,AEA,EN,Combined TRACON& Tower with Radar,2,7,15,6,30,0,1,15,14,30,2,8,30,20,60,0,0,0,60
10/28/2020,ACY,NJ,AEA,EN,Combined TRACON& Tower with Radar,5,7,20,23,55,0,1,11,20,32,5,8,31,43,87,0,0,0,87
10/29/2020,ACY,NJ,AEA,EN,Combined TRACON& Tower with Radar,8,7,2,1,18,0,0,0,3,3,8,7,2,4,21,0,0,0,21
10/30/2020,ACY,NJ,AEA,EN,Combined TRACON& Tower with Radar,8,11,14,14,47,0,0,1,12,13,8,11,15,26,60,0,0,0,60
10/31/2020,ACY,NJ,AEA,EN,Combined TRACON& Tower with Radar,4,7,15,1,27,0,0,31,6,37,4,7,46,7,64,0,0,0,64
11/01/2020,ACY,NJ,AEA,EN,Combined TRACON& Tower with Radar,9,11,5,1,26,0,0,14,5,19,9,11,19,6,45,0,0,0,45
11/02/2020,ACY,NJ,AEA,EN,Combined TRACON& Tower with Radar,12,3,6,4,25,0,2,3,11,16,12,5,9,15,41,0,0,0,41
11/03/2020,ACY,NJ,AEA,EN,Combined TRACON& Tower with Radar,2,0,7,7,16,0,0,7,18,25,2,0,14,25,41,8,20,28,69
11/04/2020,ACY,NJ,AEA,EN,Combined TRACON& Tower with Radar,8,4,8,10,30,0,0,37,11,48,8,4,45,21,78,0,0,0,78
11/05/2020,ACY,NJ,AEA,EN,Combined TRACON& Tower with Radar,10,6,8,10,34,0,0,34,20,54,10,6,42,30,88,0,0,0,88
11/06/2020,ACY,NJ,AEA,EN,Combined TRACON& Tower with Radar,8,3,8,4,23,0,0,23,10,33,8,3,31,14,56,0,0,0,56
11/07/2020,ACY,NJ,AEA,EN,Combined TRACON& Tower with Radar,10,9,7,3,29,0,0,38,2,40,10,9,45,5,69,0,0,0,69
11/08/2020,ACY,NJ,AEA,EN,Combined TRACON& Tower with Radar,8,3,10,1,22,0,0,24,2,26,8,3,34,3,48,0,0,0,48
11/09/2020,ACY,NJ,AEA,EN,Combined TRACON& Tower with Radar,14,3,14,3,34,0,0,30,19,49,14,3,44,22,83,2,26,28,111
11/10/2020,ACY,NJ,AEA,EN,Combined TRACON& Tower with Radar,10,2,7,5,24,0,0,26,21,47,10,2,33,26,71,20,10,30,101
11/11/2020,ACY,NJ,AEA,EN,Combined TRACON& Tower with Radar,7,3,9,2,21,0,0,3,4,7,7,3,12,6,28,0,0,0,28
11/12/2020,ACY,NJ,AEA,EN,Combined TRACON& Tower with Radar,11,3,13,8,35,0,0,0,3,3,11,3,13,11,38,0,28,28,66
11/13/2020,ACY,NJ,AEA,EN,Combined TRACON& Tower with Radar,8,5,16,2,31,0,0,4,16,20,8,5,20,18,51,0,2,2,53
11/14/2020,ACY,NJ,AEA,EN,Combined TRACON& Tower with Radar,11,7,9,8,35,0,2,41,5,48,11,9,50,13,83,0,0,0,83
11/15/2020,ACY,NJ,AEA,EN,Combined TRACON& Tower with Radar,9,7,4,2,22,0,1,9,5,15,9,8,13,7,37,0,0,0,37
11/16/2020,ACY,NJ,AEA,EN,Combined TRACON& Tower with Radar,12,6,6,3,27,0,0,16,18,34,12,6,22,21,61,0,0,0,61
11/17/2020,ACY,NJ,AEA,EN,Combined TRACON& Tower with Radar,11,0,15,16,42,0,0,6,35,41,11,0,21,51,83,0,34,34,117
11/18/2020,ACY,NJ,AEA,EN,Combined TRACON& Tower with Radar,14,3,9,16,42,0,0,11,18,29,14,3,20,34,71,0,0,0,71
11/19/2020,ACY,NJ,AEA,EN,Combined TRACON& Tower with Radar,15,10,16,18,59,0,2,27,23,52,15,12,43,41,111,0,12,12,123
11/20/2020,ACY,NJ,AEA,EN,Combined TRACON& Tower with Radar,15,14,16,13,58,0,0,21,17,38,15,14,37,30,96,0,2,2,98
11/21/2020,ACY,NJ,AEA,EN,Combined TRACON& Tower with Radar,17,5,12,1,35,0,0,28,3,31,17,5,40,4,66,0,0,0,66
11/22/2020,ACY,NJ,AEA,EN,Combined TRACON& Tower with Radar,18,9,12,0,39,0,0,10,5,15,18,9,22,5,54,0,0,0,54
11/23/2020,ACY,NJ,AEA,EN,Combined TRACON& Tower with Radar,14,11,10,4,39,0,0,3,15,18,14,11,13,19,57,12,26,38,95
11/24/2020,ACY,NJ,AEA,EN,Combined TRACON& Tower with Radar,16,3,4,11,34,0,2,22,18,42,16,5,26,29,76,0,14,14,90
11/25/2020,ACY,NJ,AEA,EN,Combined TRACON& Tower with Radar,14,6,9,5,34,0,0,20,13,33,14,6,29,18,67,0,20,20,87
11/26/2020,ACY,NJ,AEA,EN,Combined TRACON& Tower with Radar,9,4,0,0,13,0,0,3,2,5,9,4,3,2,18,0,0,0,18
11/27/2020,ACY,NJ,AEA,EN,Combined TRACON& Tower with Radar,14,8,12,2,36,0,0,26,4,30,14,8,38,6,66,0,0,0,66
11/28/2020,ACY,NJ,AEA,EN,Combined TRACON& Tower with Radar,14,11,8,1,34,0,0,21,6,27,14,11,29,7,61,0,0,0,61
11/29/2020,ACY,NJ,AEA,EN,Combined TRACON& Tower with Radar,14,6,7,0,27,0,3,27,12,42,14,9,34,12,69,0,0,0,69
11/30/2020,ACY,NJ,AEA,EN,Combined TRACON& Tower with Radar,18,3,2,0,23,0,0,0,4,4,18,3,2,4,27,0,36,36,63
12/01/2020,ACY,NJ,AEA,EN,Combined TRACON& Tower with Radar,15,1,14,8,38,0,0,10,18,28,15,1,24,26,66,0,16,16,82
12/02/2020,ACY,NJ,AEA,EN,Combined TRACON& Tower with Radar,2,1,13,7,23,0,1,9,23,33,2,2,22,30,56,0,42,42,98
12/03/2020,ACY,NJ,AEA,EN,Combined TRACON& Tower with Radar,8,7,11,11,37,0,0,35,19,54,8,7,46,30,91,0,14,14,105
12/04/2020,ACY,NJ,AEA,EN,Combined TRACON& Tower with Radar,10,11,5,6,32,0,5,23,14,42,10,16,28,20,74,0,0,0,74
12/05/2020,ACY,NJ,AEA,EN,Combined TRACON& Tower with Radar,6,5,1,8,20,0,0,0,6,6,6,5,1,14,26,0,0,0,26
12/06/2020,ACY,NJ,AEA,EN,Combined TRACON& Tower with Radar,10,13,7,7,37,0,1,12,1,14,10,14,19,8,51,0,0,0,51
12/07/2020,ACY,NJ,AEA,EN,Combined TRACON& Tower with Radar,10,8,7,3,28,0,0,16,14,30,10,8,23,17,58,0,0,0,58
12/08/2020,ACY,NJ,AEA,EN,Combined TRACON& Tower with Radar,3,3,9,6,21,0,0,13,17,30,3,3,22,23,51,0,0,0,51
12/09/2020,ACY,NJ,AEA,EN,Combined TRACON& Tower with Radar,4,1,10,9,24,0,5,15,26,46,4,6,25,35,70,0,22,22,92
12/10/2020,ACY,NJ,AEA,EN,Combined TRACON& Tower with Radar,11,2,11,9,33,0,0,23,29,52,11,2,34,38,85,0,0,0,85
12/11/2020,ACY,NJ,AEA,EN,Combined TRACON& Tower with Radar,10,7,10,4,31,0,1,14,4,19,10,8,24,8,50,0,2,2,52
12/12/2020,ACY,NJ,AEA,EN,Combined TRACON& Tower with Radar,10,6,13,3,32,0,0,6,3,9,10,6,19,6,41,0,0,0,41
12/13/2020,ACY,NJ,AEA,EN,Combined TRACON& Tower with Radar,11,7,12,1,31,0,0,24,7,31,11,7,36,8,62,0,0,0,62
12/14/2020,ACY,NJ,AEA,EN,Combined TRACON& Tower with Radar,9,3,5,0,17,0,0,1,5,6,9,3,6,5,23,0,0,0,23
12/15/2020,ACY,NJ,AEA,EN,Combined TRACON& Tower with Radar,2,4,24,8,38,0,0,15,23,38,2,4,39,31,76,0,22,22,98
12/16/2020,ACY,NJ,AEA,EN,Combined TRACON& Tower with Radar,12,4,7,6,29,0,0,2,8,10,12,4,9,14,39,0,20,20,59
12/17/2020,ACY,NJ,AEA,EN,Combined TRACON& Tower with Radar,18,1,9,6,34,0,0,0,10,10,18,1,9,16,44,0,0,0,44
12/18/2020,ACY,NJ,AEA,EN,Combined TRACON& Tower with Radar,14,0,16,6,36,0,0,21,13,34,14,0,37,19,70,0,6,6,76
12/19/2020,ACY,NJ,AEA,EN,Combined TRACON& Tower with Radar,14,0,16,3,33,0,0,32,9,41,14,0,48,12,74,2,0,2,76
12/20/2020,ACY,NJ,AEA,EN,Combined TRACON& Tower with Radar,13,2,4,1,20,0,0,2,4,6,13,2,6,5,26,0,10,10,36
12/21/2020,ACY,NJ,AEA,EN,Combined TRACON& Tower with Radar,16,0,9,0,25,0,0,0,16,16,16,0,9,16,41,0,0,0,41
12/22/2020,ACY,NJ,AEA,EN,Combined TRACON& Tower with Radar,17,4,11,14,46,0,0,13,12,25,17,4,24,26,71,0,0,0,71
12/23/2020,ACY,NJ,AEA,EN,Combined TRACON& Tower with Radar,14,2,10,8,34,0,2,30,14,46,14,4,40,22,80,0,14,14,94
12/24/2020,ACY,NJ,AEA,EN,Combined TRACON& Tower with Radar,12,1,0,0,13,0,0,0,1,1,12,1,0,1,14,0,8,8,22
12/25/2020,ACY,NJ,AEA,EN,Combined TRACON& Tower with Radar,13,1,0,0,14,0,0,0,1,1,13,1,0,1,15,0,0,0,15
12/26/2020,ACY,NJ,AEA,EN,Combined TRACON& Tower with Radar,12,7,9,0,28,0,0,6,2,8,12,7,15,2,36,0,10,10,46
12/27/2020,ACY,NJ,AEA,EN,Combined TRACON& Tower with Radar,14,7,10,0,31,0,0,26,2,28,14,7,36,2,59,0,0,0,59
12/28/2020,ACY,NJ,AEA,EN,Combined TRACON& Tower with Radar,14,5,14,1,34,1,1,9,6,17,15,6,23,7,51,0,0,0,51
12/29/2020,ACY,NJ,AEA,EN,Combined TRACON& Tower with Radar,14,6,14,6,40,0,0,13,12,25,14,6,27,18,65,0,28,28,93
12/30/2020,ACY,NJ,AEA,EN,Combined TRACON& Tower with Radar,14,16,7,16,53,0,0,28,12,40,14,16,35,28,93,12,18,30,123
12/31/2020,ACY,NJ,AEA,EN,Combined TRACON& Tower with Radar,15,6,3,6,30,0,0,2,6,8,15,6,5,12,38,0,0,0,38
01/01/2021,ACY,NJ,AEA,EN,Combined TRACON& Tower with Radar,12,13,2,0,27,0,0,6,4,10,12,13,8,4,37,0,0,0,37
01/02/2021,ACY,NJ,AEA,EN,Combined TRACON& Tower with Radar,13,9,18,0,40,0,0,21,8,29,13,9,39,8,69,10,0,10,79
01/03/2021,ACY,NJ,AEA,EN,Combined TRACON& Tower with Radar,19,3,1,0,23,0,0,1,3,4,19,3,2,3,27,0,0,0,27
01/04/2021,ACY,NJ,AEA,EN,Combined TRACON& Tower with Radar,12,5,5,0,22,0,0,0,10,10,12,5,5,10,32,0,0,0,32
01/05/2021,ACY,NJ,AEA,EN,Combined TRACON& Tower with Radar,16,2,8,20,46,0,1,13,5,19,16,3,21,25,65,0,0,0,65
01/06/2021,ACY,NJ,AEA,EN,Combined TRACON& Tower with Radar,6,5,20,30,61,0,2,18,13,33,6,7,38,43,94,10,18,28,122
01/07/2021,ACY,NJ,AEA,EN,Combined TRACON& Tower with Radar,12,7,9,23,51,0,2,35,19,56,12,9,44,42,107,2,34,36,143
01/08/2021,ACY,NJ,AEA,EN,Combined TRACON& Tower with Radar,10,6,14,15,45,0,0,28,8,36,10,6,42,23,81,20,8,28,109
01/09/2021,ACY,NJ,AEA,EN,Combined TRACON& Tower with Radar,6,5,16,12,39,0,0,46,8,54,6,5,62,20,93,22,0,22,115
01/10/2021,ACY,NJ,AEA,EN,Combined TRACON& Tower with Radar,13,5,27,2,47,0,2,53,6,61,13,7,80,8,108,44,20,64,172
01/11/2021,ACY,NJ,AEA,EN,Combined TRACON& Tower with Radar,10,5,9,9,33,0,0,24,15,39,10,5,33,24,72,30,0,30,102
01/12/2021,ACY,NJ,AEA,EN,Combined TRACON& Tower with Radar,7,2,33,46,88,0,0,30,24,54,7,2,63,70,142,42,130,172,314
01/13/2021,ACY,NJ,AEA,EN,Combined TRACON& Tower with Radar,6,1,15,29,51,0,4,27,15,46,6,5,42,44,97,0,0,0,97
01/14/2021,ACY,NJ,AEA,EN,Combined TRACON& Tower with Radar,12,2,21,49,84,0,0,27,30,57,12,2,48,79,141,0,78,78,219
01/15/2021,ACY,NJ,AEA,EN,Combined TRACON& Tower with Radar,10,15,14,10,49,0,0,7,7,14,10,15,21,17,63,0,0,0,63
01/16/2021,ACY,NJ,AEA,EN,Combined TRACON& Tower with Radar,10,7,11,2,30,0,0,12,4,16,10,7,23,6,46,0,0,0,46
01/17/2021,ACY,NJ,AEA,EN,Combined TRACON& Tower with Radar,12,11,13,2,38,0,0,10,2,12,12,11,23,4,50,0,0,0,50
01/18/2021,ACY,NJ,AEA,EN,Combined TRACON& Tower with Radar,10,10,29,3,52,0,0,39,10,49,10,10,68,13,101,8,58,66,167
01/19/2021,ACY,NJ,AEA,EN,Combined TRACON& Tower with Radar,8,10,19,18,55,0,0,17,11,28,8,10,36,29,83,30,12,42,125
01/20/2021,ACY,NJ,AEA,EN,Combined TRACON& Tower with Radar,18,0,13,21,52,0,0,4,16,20,18,0,17,37,72,8,32,40,112
01/21/2021,ACY,NJ,AEA,EN,Combined TRACON& Tower with Radar,12,6,19,18,55,0,2,30,17,49,12,8,49,35,104,24,48,72,176
01/22/2021,ACY,NJ,AEA,EN,Combined TRACON& Tower with Radar,12,13,20,12,57,0,6,30,22,58,12,19,50,34,115,6,18,24,139
01/23/2021,ACY,NJ,AEA,EN,Combined TRACON& Tower with Radar,6,4,6,1,17,0,0,5,2,7,6,4,11,3,24,0,0,0,24
01/24/2021,ACY,NJ,AEA,EN,Combined TRACON& Tower with Radar,12,11,23,5,51,0,0,23,1,24,12,11,46,6,75,0,0,0,75
01/25/2021,ACY,NJ,AEA,EN,Combined TRACON& Tower with Radar,10,6,25,70,111,0,0,31,20,51,10,6,56,90,162,0,8,8,170
01/26/2021,ACY,NJ,AEA,EN,Combined TRACON& Tower with Radar,5,0,8,7,20,0,0,0,2,2,5,0,8,9,22,0,0,0,22
01/27/2021,ACY,NJ,AEA,EN,Combined TRACON& Tower with Radar,7,2,35,59,103,0,0,27,45,72,7,2,62,104,175,18,68,86,261
01/28/2021,ACY,NJ,AEA,EN,Combined TRACON& Tower with Radar,12,8,9,11,40,0,0,2,8,10,12,8,11,19,50,0,0,0,50
01/29/2021,ACY,NJ,AEA,EN,Combined TRACON& Tower with Radar,10,5,5,15,35,0,0,0,12,12,10,5,5,27,47,0,34,34,81
01/30/2021,ACY,NJ,AEA,EN,Combined TRACON& Tower with Radar,7,4,24,4,39,0,0,31,7,38,7,4,55,11,77,10,10,20,97
01/31/2021,ACY,NJ,AEA,EN,Combined TRACON& Tower with Radar,11,2,3,2,18,0,0,0,6,6,11,2,3,8,24,8,6,14,38
02/01/2021,ACY,NJ,AEA,EN,Combined TRACON& Tower with Radar,11,2,3,0,16,0,0,0,0,0,11,2,3,0,16,0,0,0,16
02/02/2021,ACY,NJ,AEA,EN,Combined TRACON& Tower with Radar,6,6,1,0,13,0,0,0,0,0,6,6,1,0,13,0,0,0,13
02/03/2021,ACY,NJ,AEA,EN,Combined TRACON& Tower with Radar,6,3,10,20,39,0,1,5,9,15,6,4,15,29,54,0,0,0,54
02/04/2021,ACY,NJ,AEA,EN,Combined TRACON& Tower with Radar,14,23,22,55,114,0,5,21,26,52,14,28,43,81,166,4,90,94,260
02/05/2021,ACY,NJ,AEA,EN,Combined TRACON& Tower with Radar,10,8,13,10,41,0,0,14,18,32,10,8,27,28,73,22,40,62,135
02/06/2021,ACY,NJ,AEA,EN,Combined TRACON& Tower with Radar,6,5,5,35,51,0,0,16,16,32,6,5,21,51,83,0,0,0,83
02/07/2021,ACY,NJ,AEA,EN,Combined TRACON& Tower with Radar,14,9,4,2,29,0,0,0,0,0,14,9,4,2,29,0,0,0,29
02/08/2021,ACY,NJ,AEA,EN,Combined TRACON& Tower with Radar,10,4,23,13,50,0,0,21,23,44,10,4,44,36,94,14,42,56,150
02/09/2021,ACY,NJ,AEA,EN,Combined TRACON& Tower with Radar,7,1,3,20,31,0,0,0,13,13,7,1,3,33,44,0,10,10,54
02/10/2021,ACY,NJ,AEA,EN,Combined TRACON& Tower with Radar,6,6,15,52,79,0,0,23,41,64,6,6,38,93,143,36,116,152,295
02/11/2021,ACY,NJ,AEA,EN,Combined TRACON& Tower with Radar,12,9,6,5,32,0,0,3,17,20,12,9,9,22,52,20,50,70,122
02/12/2021,ACY,NJ,AEA,EN,Combined TRACON& Tower with Radar,12,6,14,10,42,0,0,30,12,42,12,6,44,22,84,0,0,0,84
02/13/2021,ACY,NJ,AEA,EN,Combined TRACON& Tower with Radar,12,4,2,0,18,0,0,2,3,5,12,4,4,3,23,0,0,0,23
02/14/2021,ACY,NJ,AEA,EN,Combined TRACON& Tower with Radar,12,4,5,0,21,0,0,4,0,4,12,4,9,0,25,0,0,0,25
02/15/2021,ACY,NJ,AEA,EN,Combined TRACON& Tower with Radar,13,8,2,0,23,0,0,0,3,3,13,8,2,3,26,0,0,0,26
02/16/2021,ACY,NJ,AEA,EN,Combined TRACON& Tower with Radar,7,12,7,5,31,0,0,2,18,20,7,12,9,23,51,0,0,0,51
02/17/2021,ACY,NJ,AEA,EN,Combined TRACON& Tower with Radar,9,1,13,13,36,0,0,47,28,75,9,1,60,41,111,30,26,56,167
02/18/2021,ACY,NJ,AEA,EN,Combined TRACON& Tower with Radar,9,4,4,0,17,0,0,1,0,1,9,4,5,0,18,0,0,0,18
02/19/2021,ACY,NJ,AEA,EN,Combined TRACON& Tower with Radar,13,16,4,1,34,0,0,0,1,1,13,16,4,2,35,0,40,40,75
02/20/2021,ACY,NJ,AEA,EN,Combined TRACON& Tower with Radar,9,10,10,18,47,0,0,13,5,18,9,10,23,23,65,0,36,36,101
02/21/2021,ACY,NJ,AEA,EN,Combined TRACON& Tower with Radar,12,10,21,14,57,0,0,25,6,31,12,10,46,20,88,2,14,16,104
02/22/2021,ACY,NJ,AEA,EN,Combined TRACON& Tower with Radar,12,3,5,4,24,0,0,1,8,9,12,3,6,12,33,0,0,0,33
02/23/2021,ACY,NJ,AEA,EN,Combined TRACON& Tower with Radar,6,2,14,21,43,0,0,7,28,35,6,2,21,49,78,0,0,0,78
02/24/2021,ACY,NJ,AEA,EN,Combined TRACON& Tower with Radar,6,3,17,16,42,0,0,27,28,55,6,3,44,44,97,8,16,24,121
02/25/2021,ACY,NJ,AEA,EN,Combined TRACON& Tower with Radar,12,12,13,17,54,0,3,21,25,49,12,15,34,42,103,12,8,20,123
02/26/2021,ACY,NJ,AEA,EN,Combined TRACON& Tower with Radar,12,10,26,9,57,0,3,47,20,70,12,13,73,29,127,0,0,0,127
02/27/2021,ACY,NJ,AEA,EN,Combined TRACON& Tower with Radar,8,7,8,9,32,0,0,2,0,2,8,7,10,9,34,0,0,0,34
02/28/2021,ACY,NJ,AEA,EN,Combined TRACON& Tower with Radar,10,10,4,1,25,0,0,1,3,4,10,10,5,4,29,0,0,0,29
03/01/2021,ACY,NJ,AEA,EN,Combined TRACON& Tower with Radar,14,7,3,15,39,0,0,1,22,23,14,7,4,37,62,0,40,40,102
03/02/2021,ACY,NJ,AEA,EN,Combined TRACON& Tower with Radar,6,2,8,34,50,0,3,10,29,42,6,5,18,63,92,0,78,78,170
03/03/2021,ACY,NJ,AEA,EN,Combined TRACON& Tower with Radar,6,2,16,37,61,1,1,54,30,86,7,3,70,67,147,20,14,34,181
03/04/2021,ACY,NJ,AEA,EN,Combined TRACON& Tower with Radar,12,6,8,45,71,0,1,15,14,30,12,7,23,59,101,2,82,84,185
03/05/2021,ACY,NJ,AEA,EN,Combined TRACON& Tower with Radar,13,9,7,24,53,0,0,8,27,35,13,9,15,51,88,4,42,46,134
03/06/2021,ACY,NJ,AEA,EN,Combined TRACON& Tower with Radar,9,10,16,6,41,0,0,22,8,30,9,10,38,14,71,0,0,0,71
03/07/2021,ACY,NJ,AEA,EN,Combined TRACON& Tower with Radar,12,14,15,4,45,0,0,34,2,36,12,14,49,6,81,0,0,0,81
03/08/2021,ACY,NJ,AEA,EN,Combined TRACON& Tower with Radar,13,6,24,9,52,0,0,45,10,55,13,6,69,19,107,0,0,0,107
03/09/2021,ACY,NJ,AEA,EN,Combined TRACON& Tower with Radar,6,6,13,76,101,0,0,43,22,65,6,6,56,98,166,54,62,116,282
03/10/2021,ACY,NJ,AEA,EN,Combined TRACON& Tower with Radar,17,9,17,50,93,0,2,38,31,71,17,11,55,81,164,20,112,132,296
03/11/2021,ACY,NJ,AEA,EN,Combined TRACON& Tower with Radar,20,6,23,36,85,0,1,37,27,65,20,7,60,63,150,20,70,90,240
03/12/2021,ACY,NJ,AEA,EN,Combined TRACON& Tower with Radar,17,4,12,14,47,0,0,22,17,39,17,4,34,31,86,4,12,16,102
03/13/2021,ACY,NJ,AEA,EN,Combined TRACON& Tower with Radar,20,9,28,8,65,0,0,28,8,36,20,9,56,16,101,36,22,58,159
03/14/2021,ACY,NJ,AEA,EN,Combined TRACON& Tower with Radar,20,7,10,16,53,0,0,6,12,18,20,7,16,28,71,0,0,0,71
03/15/2021,ACY,NJ,AEA,EN,Combined TRACON& Tower with Radar,18,5,16,23,62,0,2,24,15,41,18,7,40,38,103,0,0,0,103
03/16/2021,ACY,NJ,AEA,EN,Combined TRACON& Tower with Radar,19,1,7,26,53,0,0,13,17,30,19,1,20,43,83,34,0,34,117
03/17/2021,ACY,NJ,AEA,EN,Combined TRACON& Tower with Radar,18,7,15,57,97,0,0,1,12,13,18,7,16,69,110,0,46,46,156
03/18/2021,ACY,NJ,AEA,EN,Combined TRACON& Tower with Radar,20,11,5,7,43,0,0,0,0,0,20,11,5,7,43,0,0,0,43
03/19/2021,ACY,NJ,AEA,EN,Combined TRACON& Tower with Radar,17,12,11,20,60,0,3,16,28,47,17,15,27,48,107,0,52,52,159
03/20/2021,ACY,NJ,AEA,EN,Combined TRACON& Tower with Radar,18,6,29,1,54,0,0,41,6,47,18,6,70,7,101,20,12,32,133
03/21/2021,ACY,NJ,AEA,EN,Combined TRACON& Tower with Radar,19,11,33,15,78,0,0,59,7,66,19,11,92,22,144,28,0,28,172
03/22/2021,ACY,NJ,AEA,EN,Combined TRACON& Tower with Radar,20,6,26,17,69,0,0,31,20,51,20,6,57,37,120,8,58,66,186
03/23/2021,ACY,NJ,AEA,EN,Combined TRACON& Tower with Radar,19,8,17,54,98,0,0,8,50,58,19,8,25,104,156,12,46,58,214
03/24/2021,ACY,NJ,AEA,EN,Combined TRACON& Tower with Radar,21,12,12,4,49,0,5,0,8,13,21,17,12,12,62,0,8,8,70
03/25/2021,ACY,NJ,AEA,EN,Combined TRACON& Tower with Radar,19,10,21,23,73,0,0,0,2,2,19,10,21,25,75,0,0,0,75
03/26/2021,ACY,NJ,AEA,EN,Combined TRACON& Tower with Radar,19,6,15,3,43,0,0,0,7,7,19,6,15,10,50,0,0,0,50
03/27/2021,ACY,NJ,AEA,EN,Combined TRACON& Tower with Radar,19,17,12,6,54,0,0,36,3,39,19,17,48,9,93,0,0,0,93
03/28/2021,ACY,NJ,AEA,EN,Combined TRACON& Tower with Radar,19,13,16,2,50,0,0,0,1,1,19,13,16,3,51,0,0,0,51
03/29/2021,ACY,NJ,AEA,EN,Combined TRACON& Tower with Radar,21,5,12,14,52,0,1,15,19,35,21,6,27,33,87,10,28,38,125
03/30/2021,ACY,NJ,AEA,EN,Combined TRACON& Tower with Radar,19,6,11,39,75,0,0,16,31,47,19,6,27,70,122,14,38,52,174
03/31/2021,ACY,NJ,AEA,EN,Combined TRACON& Tower with Radar,20,6,16,11,53,0,0,5,19,24,20,6,21,30,77,12,38,50,127
04/01/2021,ACY,NJ,AEA,EN,Combined TRACON& Tower with Radar,17,14,12,12,55,0,0,6,20,26,17,14,18,32,81,0,0,0,81
04/02/2021,ACY,NJ,AEA,EN,Combined TRACON& Tower with Radar,20,10,8,15,53,0,0,26,23,49,20,10,34,38,102,32,12,44,146
04/03/2021,ACY,NJ,AEA,EN,Combined TRACON& Tower with Radar,20,7,23,3,53,0,0,37,5,42,20,7,60,8,95,0,0,0,95
04/04/2021,ACY,NJ,AEA,EN,Combined TRACON& Tower with Radar,21,3,16,5,45,0,0,29,3,32,21,3,45,8,77,0,0,0,77
04/05/2021,ACY,NJ,AEA,EN,Combined TRACON& Tower with Radar,21,7,5,24,57,0,0,12,24,36,21,7,17,48,93,0,0,0,93
04/06/2021,ACY,NJ,AEA,EN,Combined TRACON& Tower with Radar,20,3,15,43,81,0,3,35,22,60,20,6,50,65,141,26,76,102,243
04/07/2021,ACY,NJ,AEA,EN,Combined TRACON& Tower with Radar,20,5,15,56,96,0,3,37,18,58,20,8,52,74,154,0,0,0,154
04/08/2021,ACY,NJ,AEA,EN,Combined TRACON& Tower with Radar,22,3,27,37,89,0,5,40,27,72,22,8,67,64,161,26,62,88,249
04/09/2021,ACY,NJ,AEA,EN,Combined TRACON& Tower with Radar,22,11,26,16,75,0,0,6,12,18,22,11,32,28,93,0,34,34,127
04/10/2021,ACY,NJ,AEA,EN,Combined TRACON& Tower with Radar,20,4,15,12,51,0,0,3,11,14,20,4,18,23,65,0,12,12,77
04/11/2021,ACY,NJ,AEA,EN,Combined TRACON& Tower with Radar,17,11,13,2,43,0,0,0,0,0,17,11,13,2,43,0,0,0,43
04/12/2021,ACY,NJ,AEA,EN,Combined TRACON& Tower with Radar,16,7,25,6,54,0,0,1,8,9,16,7,26,14,63,0,4,4,67
04/13/2021,ACY,NJ,AEA,EN,Combined TRACON& Tower with Radar,17,2,21,8,48,0,1,31,21,53,17,3,52,29,101,0,0,0,101
04/14/2021,ACY,NJ,AEA,EN,Combined TRACON& Tower with Radar,23,2,8,3,36,0,0,18,15,33,23,2,26,18,69,0,0,0,69
04/15/2021,ACY,NJ,AEA,EN,Combined TRACON& Tower with Radar,20,6,10,5,41,0,0,1,7,8,20,6,11,12,49,0,0,0,49
04/16/2021,ACY,NJ,AEA,EN,Combined TRACON& Tower with Radar,20,4,15,6,45,0,0,18,19,37,20,4,33,25,82,0,0,0,82
04/17/2021,ACY,NJ,AEA,EN,Combined TRACON& Tower with Radar,20,4,17,1,42,0,0,38,6,44,20,4,55,7,86,12,0,12,98
04/18/2021,ACY,NJ,AEA,EN,Combined TRACON& Tower with Radar,22,3,24,10,59,0,1,35,10,46,22,4,59,20,105,6,14,20,125
04/19/2021,ACY,NJ,AEA,EN,Combined TRACON& Tower with Radar,20,5,10,6,41,0,3,21,24,48,20,8,31,30,89,14,24,38,127
04/20/2021,ACY,NJ,AEA,EN,Combined TRACON& Tower with Radar,18,6,16,13,53,0,0,20,23,43,18,6,36,36,96,0,30,30,126
04/21/2021,ACY,NJ,AEA,EN,Combined TRACON& Tower with Radar,21,4,9,1,35,0,0,5,15,20,21,4,14,16,55,0,46,46,101
04/22/2021,ACY,NJ,AEA,EN,Combined TRACON& Tower with Radar,25,6,14,9,54,0,0,3,27,30,25,6,17,36,84,0,54,54,138
04/23/2021,ACY,NJ,AEA,EN,Combined TRACON& Tower with Radar,21,2,19,4,46,0,6,13,21,40,21,8,32,25,86,0,0,0,86
04/24/2021,ACY,NJ,AEA,EN,Combined TRACON& Tower with Radar,25,7,18,2,52,0,0,34,5,39,25,7,52,7,91,0,0,0,91
04/25/2021,ACY,NJ,AEA,EN,Combined TRACON& Tower with Radar,23,6,49,1,79,0,0,2,10,12,23,6,51,11,91,0,0,0,91
04/26/2021,ACY,NJ,AEA,EN,Combined TRACON& Tower with Radar,23,5,19,8,55,0,0,19,18,37,23,5,38,26,92,34,8,42,134
04/27/2021,ACY,NJ,AEA,EN,Combined TRACON& Tower with Radar,23,4,16,4,47,0,0,46,23,69,23,4,62,27,116,40,58,98,214
04/28/2021,ACY,NJ,AEA,EN,Combined TRACON& Tower with Radar,21,5,6,5,37,0,0,27,21,48,21,5,33,26,85,20,34,54,139
04/29/2021,ACY,NJ,AEA,EN,Combined TRACON& Tower with Radar,18,9,8,5,40,0,0,8,18,26,18,9,16,23,66,10,6,16,82
04/30/2021,ACY,NJ,AEA,EN,Combined TRACON& Tower with Radar,21,16,9,1,47,0,0,1,3,4,21,16,10,4,51,0,0,0,51
05/01/2021,ACY,NJ,AEA,EN,Combined TRACON& Tower with Radar,19,7,14,4,44,0,0,17,9,26,19,7,31,13,70,0,20,20,90
05/02/2021,ACY,NJ,AEA,EN,Combined TRACON& Tower with Radar,20,15,9,0,44,0,0,36,3,39,20,15,45,3,83,36,0,36,119
05/03/2021,ACY,NJ,AEA,EN,Combined TRACON& Tower with Radar,27,8,9,7,51,0,0,14,19,33,27,8,23,26,84,0,4,4,88
05/04/2021,ACY,NJ,AEA,EN,Combined TRACON& Tower with Radar,23,9,9,10,51,0,0,15,10,25,23,9,24,20,76,0,20,20,96
05/05/2021,ACY,NJ,AEA,EN,Combined TRACON& Tower with Radar,27,7,12,2,48,0,0,6,7,13,27,7,18,9,61,0,30,30,91
05/06/2021,ACY,NJ,AEA,EN,Combined TRACON& Tower with Radar,25,8,19,0,52,0,0,51,18,69,25,8,70,18,121,38,22,60,181
05/07/2021,ACY,NJ,AEA,EN,Combined TRACON& Tower with Radar,22,12,15,3,52,0,0,28,20,48,22,12,43,23,100,8,6,14,114
05/08/2021,ACY,NJ,AEA,EN,Combined TRACON& Tower with Radar,22,10,5,1,38,0,0,8,7,15,22,10,13,8,53,0,0,0,53
05/09/2021,ACY,NJ,AEA,EN,Combined TRACON& Tower with Radar,24,13,7,0,44,0,0,16,7,23,24,13,23,7,67,10,2,12,79
05/10/2021,ACY,NJ,AEA,EN,Combined TRACON& Tower with Radar,23,5,13,7,48,0,0,30,21,51,23,5,43,28,99,16,28,44,143
05/11/2021,ACY,NJ,AEA,EN,Combined TRACON& Tower with Radar,23,3,21,9,56,0,0,25,15,40,23,3,46,24,96,0,0,0,96
05/12/2021,ACY,NJ,AEA,EN,Combined TRACON& Tower with Radar,24,8,14,4,50,0,0,29,20,49,24,8,43,24,99,4,0,4,103
05/13/2021,ACY,NJ,AEA,EN,Combined TRACON& Tower with Radar,26,11,27,5,69,0,0,32,24,56,26,11,59,29,125,30,42,72,197
05/14/2021,ACY,NJ,AEA,EN,Combined TRACON& Tower with Radar,22,18,18,14,72,0,0,50,12,62,22,18,68,26,134,16,0,16,150
05/15/2021,ACY,NJ,AEA,EN,Combined TRACON& Tower with Radar,26,9,15,5,55,0,0,27,4,31,26,9,42,9,86,0,0,0,86
05/16/2021,ACY,NJ,AEA,EN,Combined TRACON& Tower with Radar,26,15,21,2,64,0,0,28,9,37,26,15,49,11,101,0,2,2,103
05/17/2021,ACY,NJ,AEA,EN,Combined TRACON& Tower with Radar,22,5,11,10,48,0,0,38,18,56,22,5,49,28,104,0,46,46,150
05/18/2021,ACY,NJ,AEA,EN,Combined TRACON& Tower with Radar,26,5,24,14,69,0,1,30,25,56,26,6,54,39,125,38,28,66,191
05/19/2021,ACY,NJ,AEA,EN,Combined TRACON& Tower with Radar,24,5,15,6,50,0,0,50,16,66,24,5,65,22,116,0,20,20,136
05/20/2021,ACY,NJ,AEA,EN,Combined TRACON& Tower with Radar,24,17,19,9,69,0,0,23,30,53,24,17,42,39,122,0,23,23,145
05/21/2021,ACY,NJ,AEA,EN,Combined TRACON& Tower with Radar,24,23,26,6,79,0,0,26,11,37,24,23,52,17,116,0,0,0,116
05/22/2021,ACY,NJ,AEA,EN,Combined TRACON& Tower with Radar,22,12,26,0,60,0,0,40,7,47,22,12,66,7,107,0,0,0,107
05/23/2021,ACY,NJ,AEA,EN,Combined TRACON& Tower with Radar,24,35,21,2,82,0,0,21,5,26,24,35,42,7,108,12,0,12,120
05/24/2021,ACY,NJ,AEA,EN,Combined TRACON& Tower with Radar,24,8,21,3,56,0,0,27,22,49,24,8,48,25,105,20,26,46,151
05/25/2021,ACY,NJ,AEA,EN,Combined TRACON& Tower with Radar,24,7,19,4,54,0,0,24,14,38,24,7,43,18,92,0,2,2,94
05/26/2021,ACY,NJ,AEA,EN,Combined TRACON& Tower with Radar,23,12,21,2,58,0,0,9,26,35,23,12,30,28,93,6,18,24,117
05/27/2021,ACY,NJ,AEA,EN,Combined TRACON& Tower with Radar,26,11,22,3,62,0,0,27,8,35,26,11,49,11,97,20,6,26,123
05/28/2021,ACY,NJ,AEA,EN,Combined TRACON& Tower with Radar,23,22,23,3,71,0,0,14,6,20,23,22,37,9,91,0,0,0,91
05/29/2021,ACY,NJ,AEA,EN,Combined TRACON& Tower with Radar,23,17,21,0,61,0,0,0,5,5,23,17,21,5,66,0,0,0,66
05/30/2021,ACY,NJ,AEA,EN,Combined TRACON& Tower with Radar,24,27,12,0,63,0,0,0,0,0,24,27,12,0,63,0,0,0,63
05/31/2021,ACY,NJ,AEA,EN,Combined TRACON& Tower with Radar,24,9,16,0,49,0,0,18,9,27,24,9,34,9,76,0,0,0,76
06/01/2021,ACY,NJ,AEA,EN,Combined TRACON& Tower with Radar,24,6,20,10,60,0,0,26,20,46,24,6,46,30,106,20,10,30,136
06/02/2021,ACY,NJ,AEA,EN,Combined TRACON& Tower with Radar,22,6,21,9,58,0,1,24,14,39,22,7,45,23,97,0,6,6,103
06/03/2021,ACY,NJ,AEA,EN,Combined TRACON& Tower with Radar,23,15,15,9,62,0,0,1,14,15,23,15,16,23,77,0,18,18,95
06/04/2021,ACY,NJ,AEA,EN,Combined TRACON& Tower with Radar,30,20,26,2,78,0,0,5,6,11,30,20,31,8,89,0,44,44,133
06/05/2021,ACY,NJ,AEA,EN,Combined TRACON& Tower with Radar,22,6,26,7,61,0,0,59,10,69,22,6,85,17,130,14,10,24,154
06/06/2021,ACY,NJ,AEA,EN,Combined TRACON& Tower with Radar,24,20,21,0,65,0,1,42,8,51,24,21,63,8,116,12,0,12,128
06/07/2021,ACY,NJ,AEA,EN,Combined TRACON& Tower with Radar,22,4,21,11,58,0,0,43,20,63,22,4,64,31,121,32,50,82,203
06/08/2021,ACY,NJ,AEA,EN,Combined TRACON& Tower with Radar,30,15,23,15,83,0,3,17,20,40,30,18,40,35,123,0,36,36,159
06/09/2021,ACY,NJ,AEA,EN,Combined TRACON& Tower with Radar,21,9,13,7,50,0,0,23,18,41,21,9,36,25,91,40,12,52,143
06/10/2021,ACY,NJ,AEA,EN,Combined TRACON& Tower with Radar,27,9,17,6,59,0,0,10,12,22,27,9,27,18,81,2,28,30,111
06/11/2021,ACY,NJ,AEA,EN,Combined TRACON& Tower with Radar,22,21,34,2,79,0,1,7,12,20,22,22,41,14,99,0,0,0,99
06/12/2021,ACY,NJ,AEA,EN,Combined TRACON& Tower with Radar,19,10,21,1,51,0,0,22,3,25,19,10,43,4,76,28,0,28,104
06/13/2021,ACY,NJ,AEA,EN,Combined TRACON& Tower with Radar,22,21,24,0,67,0,0,33,2,35,22,21,57,2,102,0,0,0,102
06/14/2021,ACY,NJ,AEA,EN,Combined TRACON& Tower with Radar,23,8,20,8,59,0,0,22,16,38,23,8,42,24,97,4,14,18,115
06/15/2021,ACY,NJ,AEA,EN,Combined TRACON& Tower with Radar,20,11,10,5,46,0,2,27,23,52,20,13,37,28,98,26,0,26,124
06/16/2021,ACY,NJ,AEA,EN,Combined TRACON& Tower with Radar,16,7,15,14,52,0,0,38,15,53,16,7,53,29,105,6,34,40,145
06/17/2021,ACY,NJ,AEA,EN,Combined TRACON& Tower with Radar,24,6,14,7,51,0,1,58,19,78,24,7,72,26,129,0,0,0,129
06/18/2021,ACY,NJ,AEA,EN,Combined TRACON& Tower with Radar,22,25,21,2,70,0,0,60,9,69,22,25,81,11,139,6,0,6,145
06/19/2021,ACY,NJ,AEA,EN,Combined TRACON& Tower with Radar,16,9,20,3,48,0,0,44,8,52,16,9,64,11,100,16,0,16,116
06/20/2021,ACY,NJ,AEA,EN,Combined TRACON& Tower with Radar,24,26,12,1,63,0,0,42,12,54,24,26,54,13,117,10,4,14,131
06/21/2021,ACY,NJ,AEA,EN,Combined TRACON& Tower with Radar,21,9,20,27,77,0,0,11,21,32,21,9,31,48,109,4,42,46,155
06/22/2021,ACY,NJ,AEA,EN,Combined TRACON& Tower with Radar,17,8,23,9,57,0,1,4,10,15,17,9,27,19,72,0,12,12,84
06/23/2021,ACY,NJ,AEA,EN,Combined TRACON& Tower with Radar,16,2,30,19,67,0,3,52,21,76,16,5,82,40,143,16,20,36,179
06/24/2021,ACY,NJ,AEA,EN,Combined TRACON& Tower with Radar,22,19,27,9,77,0,4,37,24,65,22,23,64,33,142,18,22,40,182
06/25/2021,ACY,NJ,AEA,EN,Combined TRACON& Tower with Radar,24,21,26,0,71,0,0,18,18,36,24,21,44,18,107,26,0,26,133
06/26/2021,ACY,NJ,AEA,EN,Combined TRACON& Tower with Radar,18,17,26,6,67,0,1,15,3,19,18,18,41,9,86,4,0,4,90
06/27/2021,ACY,NJ,AEA,EN,Combined TRACON& Tower with Radar,24,27,35,2,88,0,0,34,4,38,24,27,69,6,126,0,2,2,128
06/28/2021,ACY,NJ,AEA,EN,Combined TRACON& Tower with Radar,22,10,28,2,62,0,2,43,22,67,22,12,71,24,129,20,10,30,159
06/29/2021,ACY,NJ,AEA,EN,Combined TRACON& Tower with Radar,16,10,21,4,51,0,1,28,21,50,16,11,49,25,101,56,42,98,199
06/30/2021,ACY,NJ,AEA,EN,Combined TRACON& Tower with Radar,24,10,22,7,63,0,6,26,16,48,24,16,48,23,111,10,90,100,211
07/01/2021,ACY,NJ,AEA,EN,Combined TRACON& Tower with Radar,24,21,14,2,61,0,0,7,27,34,24,21,21,29,95,0,0,0,95
07/02/2021,ACY,NJ,AEA,EN,Combined TRACON& Tower with Radar,24,15,18,3,60,0,0,6,1,7,24,15,24,4,67,0,0,0,67
07/03/2021,ACY,NJ,AEA,EN,Combined TRACON& Tower with Radar,18,23,24,1,66,0,0,1,4,5,18,23,25,5,71,0,7,7,78
07/04/2021,ACY,NJ,AEA,EN,Combined TRACON& Tower with Radar,18,12,17,3,50,0,0,28,7,35,18,12,45,10,85,0,0,0,85
07/05/2021,ACY,NJ,AEA,EN,Combined TRACON& Tower with Radar,24,24,30,2,80,0,0,29,2,31,24,24,59,4,111,18,0,18,129
07/06/2021,ACY,NJ,AEA,EN,Combined TRACON& Tower with Radar,29,14,22,14,79,0,1,33,14,48,29,15,55,28,127,26,34,60,187
07/07/2021,ACY,NJ,AEA,EN,Combined TRACON& Tower with Radar,37,10,25,42,114,0,0,38,25,63,37,10,63,67,177,14,146,160,337
07/08/2021,ACY,NJ,AEA,EN,Combined TRACON& Tower with Radar,27,17,29,28,101,0,0,30,20,50,27,17,59,48,151,0,22,22,173
07/09/2021,ACY,NJ,AEA,EN,Combined TRACON& Tower with Radar,25,28,31,30,114,0,1,18,13,32,25,29,49,43,146,6,70,76,222
07/10/2021,ACY,NJ,AEA,EN,Combined TRACON& Tower with Radar,22,24,38,5,89,0,1,32,4,37,22,25,70,9,126,22,8,30,156
07/11/2021,ACY,NJ,AEA,EN,Combined TRACON& Tower with Radar,24,27,19,1,71,0,0,17,3,20,24,27,36,4,91,0,12,12,103
07/12/2021,ACY,NJ,AEA,EN,Combined TRACON& Tower with Radar,25,15,33,10,83,0,0,15,10,25,25,15,48,20,108,0,0,0,108
07/13/2021,ACY,NJ,AEA,EN,Combined TRACON& Tower with Radar,21,16,38,20,95,0,1,20,21,42,21,17,58,41,137,26,90,116,253
07/14/2021,ACY,NJ,AEA,EN,Combined TRACON& Tower with Radar,20,24,32,28,104,0,0,42,14,56,20,24,74,42,160,26,16,42,202
07/15/2021,ACY,NJ,AEA,EN,Combined TRACON& Tower with Radar,26,17,28,23,94,0,0,35,22,57,26,17,63,45,151,12,38,50,201
07/16/2021,ACY,NJ,AEA,EN,Combined TRACON& Tower with Radar,21,32,25,3,81,0,0,30,16,46,21,32,55,19,127,16,16,32,159
07/17/2021,ACY,NJ,AEA,EN,Combined TRACON& Tower with Radar,25,13,28,10,76,0,0,30,6,36,25,13,58,16,112,4,0,4,116
07/18/2021,ACY,NJ,AEA,EN,Combined TRACON& Tower with Radar,22,31,49,5,107,0,0,29,5,34,22,31,78,10,141,20,0,20,161
07/19/2021,ACY,NJ,AEA,EN,Combined TRACON& Tower with Radar,25,17,26,12,80,0,0,59,18,77,25,17,85,30,157,46,14,60,217
07/20/2021,ACY,NJ,AEA,EN,Combined TRACON& Tower with Radar,23,12,27,13,75,0,0,26,22,48,23,12,53,35,123,0,2,2,125
07/21/2021,ACY,NJ,AEA,EN,Combined TRACON& Tower with Radar,21,11,19,8,59,0,0,12,19,31,21,11,31,27,90,18,38,56,146
07/22/2021,ACY,NJ,AEA,EN,Combined TRACON& Tower with Radar,23,20,37,13,93,0,1,47,22,70,23,21,84,35,163,36,66,102,265
07/23/2021,ACY,NJ,AEA,EN,Combined TRACON& Tower with Radar,20,38,39,6,103,0,0,54,21,75,20,38,93,27,178,12,30,42,220
07/24/2021,ACY,NJ,AEA,EN,Combined TRACON& Tower with Radar,24,25,17,12,78,0,0,44,6,50,24,25,61,18,128,4,30,34,162
07/25/2021,ACY,NJ,AEA,EN,Combined TRACON& Tower with Radar,22,37,32,2,93,0,0,16,5,21,22,37,48,7,114,0,0,0,114
07/26/2021,ACY,NJ,AEA,EN,Combined TRACON& Tower with Radar,23,9,22,1,55,0,0,28,24,52,23,9,50,25,107,46,50,96,203
07/27/2021,ACY,NJ,AEA,EN,Combined TRACON& Tower with Radar,17,11,29,30,87,0,1,47,25,73,17,12,76,55,160,20,0,20,180
07/28/2021,ACY,NJ,AEA,EN,Combined TRACON& Tower with Radar,17,11,24,5,57,0,0,51,25,76,17,11,75,30,133,4,20,24,157
07/29/2021,ACY,NJ,AEA,EN,Combined TRACON& Tower with Radar,25,18,20,10,73,0,3,6,15,24,25,21,26,25,97,0,0,0,97
07/30/2021,ACY,NJ,AEA,EN,Combined TRACON& Tower with Radar,23,44,31,8,106,0,0,47,20,67,23,44,78,28,173,2,4,6,179
07/31/2021,ACY,NJ,AEA,EN,Combined TRACON& Tower with Radar,19,15,23,0,57,0,2,32,5,39,19,17,55,5,96,0,0,0,96
08/01/2021,ACY,NJ,AEA,EN,Combined TRACON& Tower with Radar,19,28,18,2,67,0,0,15,3,18,19,28,33,5,85,0,10,10,95
08/02/2021,ACY,NJ,AEA,EN,Combined TRACON& Tower with Radar,11,11,24,4,50,0,0,41,17,58,11,11,65,21,108,24,6,30,138
08/03/2021,ACY,NJ,AEA,EN,Combined TRACON& Tower with Radar,7,13,14,21,55,0,1,50,22,73,7,14,64,43,128,18,36,54,182
08/04/2021,ACY,NJ,AEA,EN,Combined TRACON& Tower with Radar,8,7,26,5,46,0,0,23,9,32,8,7,49,14,78,0,16,16,94
08/05/2021,ACY,NJ,AEA,EN,Combined TRACON& Tower with Radar,8,26,36,33,103,0,0,45,23,68,8,26,81,56,171,40,50,90,261
08/06/2021,ACY,NJ,AEA,EN,Combined TRACON& Tower with Radar,12,20,28,24,84,0,0,44,16,60,12,20,72,40,144,0,12,12,156
08/07/2021,ACY,NJ,AEA,EN,Combined TRACON& Tower with Radar,17,29,26,5,77,0,0,27,13,40,17,29,53,18,117,0,20,20,137
08/08/2021,ACY,NJ,AEA,EN,Combined TRACON& Tower with Radar,17,36,34,3,90,0,0,22,1,23,17,36,56,4,113,24,0,24,137
08/09/2021,ACY,NJ,AEA,EN,Combined TRACON& Tower with Radar,24,14,32,1,71,0,0,33,13,46,24,14,65,14,117,6,0,6,123
08/10/2021,ACY,NJ,AEA,EN,Combined TRACON& Tower with Radar,26,19,14,12,71,0,0,21,16,37,26,19,35,28,108,0,6,6,114
08/11/2021,ACY,NJ,AEA,EN,Combined TRACON& Tower with Radar,21,20,19,21,81,0,1,40,21,62,21,21,59,42,143,12,22,34,177
08/12/2021,ACY,NJ,AEA,EN,Combined TRACON& Tower with Radar,21,18,32,21,92,0,7,46,18,71,21,25,78,39,163,66,16,82,245
08/13/2021,ACY,NJ,AEA,EN,Combined TRACON& Tower with Radar,20,37,23,16,96,0,1,41,14,56,20,38,64,30,152,8,18,26,178
08/14/2021,ACY,NJ,AEA,EN,Combined TRACON& Tower with Radar,22,23,17,4,66,0,1,33,2,36,22,24,50,6,102,18,12,30,132
08/15/2021,ACY,NJ,AEA,EN,Combined TRACON& Tower with Radar,22,41,23,2,88,0,0,40,13,53,22,41,63,15,141,0,12,12,153
08/16/2021,ACY,NJ,AEA,EN,Combined TRACON& Tower with Radar,22,19,21,34,96,0,0,33,23,56,22,19,54,57,152,2,40,42,194
08/17/2021,ACY,NJ,AEA,EN,Combined TRACON& Tower with Radar,21,12,18,6,57,0,2,35,29,66,21,14,53,35,123,60,16,76,199
08/18/2021,ACY,NJ,AEA,EN,Combined TRACON& Tower with Radar,21,9,25,12,67,0,0,46,18,64,21,9,71,30,131,0,8,8,139
08/19/2021,ACY,NJ,AEA,EN,Combined TRACON& Tower with Radar,25,13,27,15,80,0,0,43,12,55,25,13,70,27,135,50,42,92,227
08/20/2021,ACY,NJ,AEA,EN,Combined TRACON& Tower with Radar,24,35,31,0,90,0,0,15,13,28,24,35,46,13,118,10,0,10,128
08/21/2021,ACY,NJ,AEA,EN,Combined TRACON& Tower with Radar,23,20,35,5,83,1,0,6,5,12,24,20,41,10,95,8,0,8,103
08/22/2021,ACY,NJ,AEA,EN,Combined TRACON& Tower with Radar,25,24,19,1,69,0,0,13,8,21,25,24,32,9,90,2,1,3,93
08/23/2021,ACY,NJ,AEA,EN,Combined TRACON& Tower with Radar,27,17,23,14,81,0,0,25,16,41,27,17,48,30,122,10,44,54,176
08/24/2021,ACY,NJ,AEA,EN,Combined TRACON& Tower with Radar,24,7,27,11,69,0,0,57,23,80,24,7,84,34,149,14,78,92,241
08/25/2021,ACY,NJ,AEA,EN,Combined TRACON& Tower with Radar,28,19,19,30,96,0,1,66,28,95,28,20,85,58,191,62,26,88,279
08/26/2021,ACY,NJ,AEA,EN,Combined TRACON& Tower with Radar,27,18,28,23,96,0,2,35,25,62,27,20,63,48,158,34,78,112,270
08/27/2021,ACY,NJ,AEA,EN,Combined TRACON& Tower with Radar,27,33,27,1,88,0,0,22,18,40,27,33,49,19,128,0,0,0,128
08/28/2021,ACY,NJ,AEA,EN,Combined TRACON& Tower with Radar,28,18,17,1,64,0,0,2,3,5,28,18,19,4,69,0,36,36,105
08/29/2021,ACY,NJ,AEA,EN,Combined TRACON& Tower with Radar,25,33,49,0,107,0,0,24,0,24,25,33,73,0,131,0,0,0,131
08/30/2021,ACY,NJ,AEA,EN,Combined TRACON& Tower with Radar,26,13,31,9,79,0,0,12,19,31,26,13,43,28,110,0,0,0,110
08/31/2021,ACY,NJ,AEA,EN,Combined TRACON& Tower with Radar,27,9,18,12,66,0,0,22,26,48,27,9,40,38,114,0,18,18,132
09/01/2021,ACY,NJ,AEA,EN,Combined TRACON& Tower with Radar,24,5,20,1,50,0,0,0,18,18,24,5,20,19,68,0,14,14,82
09/02/2021,ACY,NJ,AEA,EN,Combined TRACON& Tower with Radar,26,27,35,34,122,0,2,35,23,60,26,29,70,57,182,42,56,98,280
09/03/2021,ACY,NJ,AEA,EN,Combined TRACON& Tower with Radar,29,26,31,6,92,0,0,30,17,47,29,26,61,23,139,14,12,26,165
09/04/2021,ACY,NJ,AEA,EN,Combined TRACON& Tower with Radar,23,20,24,1,68,0,1,46,8,55,23,21,70,9,123,10,14,24,147
09/05/2021,ACY,NJ,AEA,EN,Combined TRACON& Tower with Radar,23,30,23,1,77,0,1,27,10,38,23,31,50,11,115,40,0,40,155
09/06/2021,ACY,NJ,AEA,EN,Combined TRACON& Tower with Radar,31,10,23,0,64,0,1,26,5,32,31,11,49,5,96,2,14,16,112
09/07/2021,ACY,NJ,AEA,EN,Combined TRACON& Tower with Radar,20,8,34,19,81,0,0,37,20,57,20,8,71,39,138,0,8,8,146
09/08/2021,ACY,NJ,AEA,EN,Combined TRACON& Tower with Radar,18,4,19,35,76,0,1,26,19,46,18,5,45,54,122,8,76,84,206
09/09/2021,ACY,NJ,AEA,EN,Combined TRACON& Tower with Radar,20,8,18,18,64,0,0,1,21,22,20,8,19,39,86,2,74,76,162
09/10/2021,ACY,NJ,AEA,EN,Combined TRACON& Tower with Radar,16,30,23,0,69,0,0,33,22,55,16,30,56,22,124,4,2,6,130
09/11/2021,ACY,NJ,AEA,EN,Combined TRACON& Tower with Radar,18,9,27,8,62,0,2,48,8,58,18,11,75,16,120,8,4,12,132
09/12/2021,ACY,NJ,AEA,EN,Combined TRACON& Tower with Radar,17,33,25,5,80,0,0,45,2,47,17,33,70,7,127,6,0,6,133
09/13/2021,ACY,NJ,AEA,EN,Combined TRACON& Tower with Radar,18,16,39,6,79,0,0,36,22,58,18,16,75,28,137,0,34,34,171
09/14/2021,ACY,NJ,AEA,EN,Combined TRACON& Tower with Radar,16,14,24,36,90,0,1,30,25,56,16,15,54,61,146,6,6,12,158
09/15/2021,ACY,NJ,AEA,EN,Combined TRACON& Tower with Radar,20,10,14,25,69,0,0,21,21,42,20,10,35,46,111,0,16,16,127
09/16/2021,ACY,NJ,AEA,EN,Combined TRACON& Tower with Radar,16,10,10,51,87,0,0,4,18,22,16,10,14,69,109,28,22,50,159
09/17/2021,ACY,NJ,AEA,EN,Combined TRACON& Tower with Radar,19,28,35,3,85,0,0,2,13,15,19,28,37,16,100,0,0,0,100
09/18/2021,ACY,NJ,AEA,EN,Combined TRACON& Tower with Radar,18,14,52,9,93,0,1,43,3,47,18,15,95,12,140,24,0,24,164
09/19/2021,ACY,NJ,AEA,EN,Combined TRACON& Tower with Radar,17,25,34,1,77,0,0,41,6,47,17,25,75,7,124,0,0,0,124
09/20/2021,ACY,NJ,AEA,EN,Combined TRACON& Tower with Radar,19,13,22,13,67,0,0,37,20,57,19,13,59,33,124,8,32,40,164
09/21/2021,ACY,NJ,AEA,EN,Combined TRACON& Tower with Radar,18,9,22,25,74,0,1,18,28,47,18,10,40,53,121,16,54,70,191
09/22/2021,ACY,NJ,AEA,EN,Combined TRACON& Tower with Radar,19,10,29,32,90,0,0,18,32,50,19,10,47,64,140,24,80,104,244
09/23/2021,ACY,NJ,AEA,EN,Combined TRACON& Tower with Radar,17,16,13,3,49,0,0,1,18,19,17,16,14,21,68,0,0,0,68
09/24/2021,ACY,NJ,AEA,EN,Combined TRACON& Tower with Radar,19,26,38,10,93,0,0,49,17,66,19,26,87,27,159,16,8,24,183
09/25/2021,ACY,NJ,AEA,EN,Combined TRACON& Tower with Radar,19,12,21,5,57,0,2,69,5,76,19,14,90,10,133,16,32,48,181
09/26/2021,ACY,NJ,AEA,EN,Combined TRACON& Tower with Radar,15,30,23,1,69,0,0,43,14,57,15,30,66,15,126,32,2,34,160
09/27/2021,ACY,NJ,AEA,EN,Combined TRACON& Tower with Radar,21,12,8,5,46,0,0,36,14,50,21,12,44,19,96,10,14,24,120
09/28/2021,ACY,NJ,AEA,EN,Combined TRACON& Tower with Radar,15,6,25,7,53,0,0,16,34,50,15,6,41,41,103,8,20,28,131
09/29/2021,ACY,NJ,AEA,EN,Combined TRACON& Tower with Radar,16,13,20,7,56,0,0,47,22,69,16,13,67,29,125,38,44,82,207
09/30/2021,ACY,NJ,AEA,EN,Combined TRACON& Tower with Radar,18,12,36,10,76,0,0,44,36,80,18,12,80,46,156,16,90,106,262
10/01/2021,ACY,NJ,AEA,EN,Combined TRACON& Tower with Radar,19,22,31,16,88,0,1,42,24,67,19,23,73,40,155,6,16,22,177
10/02/2021,ACY,NJ,AEA,EN,Combined TRACON& Tower with Radar,18,12,19,1,50,0,3,46,3,52,18,15,65,4,102,8,0,8,110
10/03/2021,ACY,NJ,AEA,EN,Combined TRACON& Tower with Radar,16,27,24,1,68,0,2,38,5,45,16,29,62,6,113,12,8,20,133
10/04/2021,ACY,NJ,AEA,EN,Combined TRACON& Tower with Radar,20,8,28,2,58,0,2,19,23,44,20,10,47,25,102,12,0,12,114
10/05/2021,ACY,NJ,AEA,EN,Combined TRACON& Tower with Radar,19,7,18,14,58,0,0,1,5,6,19,7,19,19,64,0,0,0,64
10/06/2021,ACY,NJ,AEA,EN,Combined TRACON& Tower with Radar,36,11,49,21,117,0,0,5,22,27,36,11,54,43,144,30,68,98,242
10/07/2021,ACY,NJ,AEA,EN,Combined TRACON& Tower with Radar,19,10,30,38,97,0,2,35,37,74,19,12,65,75,171,22,104,126,297
10/08/2021,ACY,NJ,AEA,EN,Combined TRACON& Tower with Radar,18,28,23,24,93,0,0,44,11,55,18,28,67,35,148,0,64,64,212
10/09/2021,ACY,NJ,AEA,EN,Combined TRACON& Tower with Radar,19,12,16,2,49,0,0,3,6,9,19,12,19,8,58,10,0,10,68
10/10/2021,ACY,NJ,AEA,EN,Combined TRACON& Tower with Radar,18,32,20,3,73,0,0,0,7,7,18,32,20,10,80,2,6,8,88
10/11/2021,ACY,NJ,AEA,EN,Combined TRACON& Tower with Radar,23,12,36,0,71,0,0,4,3,7,23,12,40,3,78,0,0,0,78
10/12/2021,ACY,NJ,AEA,EN,Combined TRACON& Tower with Radar,18,8,33,16,75,0,0,2,14,16,18,8,35,30,91,0,0,0,91
10/13/2021,ACY,NJ,AEA,EN,Combined TRACON& Tower with Radar,16,1,50,56,123,0,0,22,16,38,16,1,72,72,161,16,22,38,199
10/14/2021,ACY,NJ,AEA,EN,Combined TRACON& Tower with Radar,23,14,21,12,70,0,2,43,33,78,23,16,64,45,148,2,58,60,208
10/15/2021,ACY,NJ,AEA,EN,Combined TRACON& Tower with Radar,24,11,28,37,100,0,0,39,12,51,24,11,67,49,151,0,4,4,155
10/16/2021,ACY,NJ,AEA,EN,Combined TRACON& Tower with Radar,20,11,22,16,69,0,0,20,11,31,20,11,42,27,100,6,16,22,122
10/17/2021,ACY,NJ,AEA,EN,Combined TRACON& Tower with Radar,18,21,18,5,62,0,0,30,6,36,18,21,48,11,98,16,6,22,120
10/18/2021,ACY,NJ,AEA,EN,Combined TRACON& Tower with Radar,24,5,18,7,54,0,0,18,18,36,24,5,36,25,90,0,2,2,92
10/19/2021,ACY,NJ,AEA,EN,Combined TRACON& Tower with Radar,18,7,20,34,79,0,2,34,27,63,18,9,54,61,142,6,40,46,188
10/20/2021,ACY,NJ,AEA,EN,Combined TRACON& Tower with Radar,16,6,36,52,110,0,1,45,23,69,16,7,81,75,179,30,98,128,307
10/21/2021,ACY,NJ,AEA,EN,Combined TRACON& Tower with Radar,18,10,24,26,78,0,7,37,27,71,18,17,61,53,149,26,100,126,275
10/22/2021,ACY,NJ,AEA,EN,Combined TRACON& Tower with Radar,21,29,31,14,95,0,0,27,22,49,21,29,58,36,144,14,24,38,182
10/23/2021,ACY,NJ,AEA,EN,Combined TRACON& Tower with Radar,19,6,18,1,44,0,0,33,4,37,19,6,51,5,81,4,0,4,85
10/24/2021,ACY,NJ,AEA,EN,Combined TRACON& Tower with Radar,19,19,25,2,65,0,0,57,2,59,19,19,82,4,124,32,0,32,156
10/25/2021,ACY,NJ,AEA,EN,Combined TRACON& Tower with Radar,21,13,31,4,69,0,0,28,21,49,21,13,59,25,118,4,28,32,150
10/26/2021,ACY,NJ,AEA,EN,Combined TRACON& Tower with Radar,19,12,15,7,53,0,0,3,23,26,19,12,18,30,79,0,34,34,113
10/27/2021,ACY,NJ,AEA,EN,Combined TRACON& Tower with Radar,17,6,18,12,53,0,0,14,31,45,17,6,32,43,98,20,22,42,140
10/28/2021,ACY,NJ,AEA,EN,Combined TRACON& Tower with Radar,21,6,13,25,65,0,0,20,19,39,21,6,33,44,104,10,42,52,156
10/29/2021,ACY,NJ,AEA,EN,Combined TRACON& Tower with Radar,22,28,9,0,59,0,0,2,7,9,22,28,11,7,68,0,0,0,68
10/30/2021,ACY,NJ,AEA,EN,Combined TRACON& Tower with Radar,22,13,12,1,48,0,0,17,5,22,22,13,29,6,70,0,2,2,72
10/31/2021,ACY,NJ,AEA,EN,Combined TRACON& Tower with Radar,23,30,27,0,80,0,0,25,3,28,23,30,52,3,108,25,0,25,133
11/01/2021,ACY,NJ,AEA,EN,Combined TRACON& Tower with Radar,25,8,22,23,78,0,0,36,30,66,25,8,58,53,144,2,26,28,172
11/02/2021,ACY,NJ,AEA,EN,Combined TRACON& Tower with Radar,19,1,9,8,37,0,0,13,26,39,19,1,22,34,76,14,6,20,96
11/03/2021,ACY,NJ,AEA,EN,Combined TRACON& Tower with Radar,18,3,15,15,51,0,1,35,21,57,18,4,50,36,108,6,30,36,144
11/04/2021,ACY,NJ,AEA,EN,Combined TRACON& Tower with Radar,18,6,18,29,71,0,0,17,25,42,18,6,35,54,113,0,12,12,125
11/05/2021,ACY,NJ,AEA,EN,Combined TRACON& Tower with Radar,19,21,15,20,75,0,0,17,32,49,19,21,32,52,124,6,32,38,162
11/06/2021,ACY,NJ,AEA,EN,Combined TRACON& Tower with Radar,21,5,18,10,54,0,0,26,22,48,21,5,44,32,102,6,18,24,126
11/07/2021,ACY,NJ,AEA,EN,Combined TRACON& Tower with Radar,20,28,16,9,73,0,0,31,7,38,20,28,47,16,111,34,6,40,151
11/08/2021,ACY,NJ,AEA,EN,Combined TRACON& Tower with Radar,19,9,10,19,57,0,1,25,26,52,19,10,35,45,109,0,36,36,145
11/09/2021,ACY,NJ,AEA,EN,Combined TRACON& Tower with Radar,21,2,19,10,52,0,0,33,26,59,21,2,52,36,111,14,84,98,209
11/10/2021,ACY,NJ,AEA,EN,Combined TRACON& Tower with Radar,16,1,27,44,88,0,0,35,36,71,16,1,62,80,159,20,90,110,269
11/11/2021,ACY,NJ,AEA,EN,Combined TRACON& Tower with Radar,21,12,13,2,48,0,0,29,5,34,21,12,42,7,82,10,8,18,100
11/12/2021,ACY,NJ,AEA,EN,Combined TRACON& Tower with Radar,20,18,18,1,57,0,0,6,3,9,20,18,24,4,66,6,0,6,72
11/13/2021,ACY,NJ,AEA,EN,Combined TRACON& Tower with Radar,24,10,23,0,57,0,0,7,5,12,24,10,30,5,69,2,4,6,75
11/14/2021,ACY,NJ,AEA,EN,Combined TRACON& Tower with Radar,19,21,28,8,76,0,0,61,8,69,19,21,89,16,145,26,0,26,171
11/15/2021,ACY,NJ,AEA,EN,Combined TRACON& Tower with Radar,23,11,14,19,67,0,1,5,32,38,23,12,19,51,105,0,48,48,153
11/16/2021,ACY,NJ,AEA,EN,Combined TRACON& Tower with Radar,22,1,27,26,76,0,0,32,36,68,22,1,59,62,144,12,68,80,224
11/17/2021,ACY,NJ,AEA,EN,Combined TRACON& Tower with Radar,20,3,25,12,60,0,3,38,34,75,20,6,63,46,135,18,46,64,199
11/18/2021,ACY,NJ,AEA,EN,Combined TRACON& Tower with Radar,25,9,23,18,75,0,2,19,40,61,25,11,42,58,136,18,48,66,202
11/19/2021,ACY,NJ,AEA,EN,Combined TRACON& Tower with Radar,22,26,12,5,65,0,0,17,16,33,22,26,29,21,98,6,4,10,108
11/20/2021,ACY,NJ,AEA,EN,Combined TRACON& Tower with Radar,24,18,19,1,62,0,0,41,3,44,24,18,60,4,106,8,6,14,120
11/21/2021,ACY,NJ,AEA,EN,Combined TRACON& Tower with Radar,21,24,26,0,71,0,0,26,7,33,21,24,52,7,104,48,0,48,152
11/22/2021,ACY,NJ,AEA,EN,Combined TRACON& Tower with Radar,26,9,11,19,65,0,0,9,11,20,26,9,20,30,85,2,0,2,87
11/23/2021,ACY,NJ,AEA,EN,Combined TRACON& Tower with Radar,23,4,6,20,53,0,0,7,25,32,23,4,13,45,85,0,22,22,107
11/24/2021,ACY,NJ,AEA,EN,Combined TRACON& Tower with Radar,22,2,18,15,57,0,0,39,13,52,22,2,57,28,109,46,70,116,225
11/25/2021,ACY,NJ,AEA,EN,Combined TRACON& Tower with Radar,17,3,7,1,28,0,0,11,3,14,17,3,18,4,42,18,0,18,60
11/26/2021,ACY,NJ,AEA,EN,Combined TRACON& Tower with Radar,21,11,8,1,41,0,0,0,6,6,21,11,8,7,47,0,4,4,51
11/27/2021,ACY,NJ,AEA,EN,Combined TRACON& Tower with Radar,24,14,25,2,65,0,0,12,7,19,24,14,37,9,84,0,0,0,84
11/28/2021,ACY,NJ,AEA,EN,Combined TRACON& Tower with Radar,22,15,5,2,44,0,0,34,4,38,22,15,39,6,82,6,0,6,88
11/29/2021,ACY,NJ,AEA,EN,Combined TRACON& Tower with Radar,22,6,19,21,68,0,0,12,21,33,22,6,31,42,101,16,52,68,169
11/30/2021,ACY,NJ,AEA,EN,Combined TRACON& Tower with Radar,22,12,21,27,82,0,0,24,31,55,22,12,45,58,137,24,42,66,203
12/01/2021,ACY,NJ,AEA,EN,Combined TRACON& Tower with Radar,13,12,27,7,59,0,0,25,31,56,13,12,52,38,115,24,46,70,185
12/02/2021,ACY,NJ,AEA,EN,Combined TRACON& Tower with Radar,21,8,20,14,63,0,0,33,29,62,21,8,53,43,125,2,22,24,149
12/03/2021,ACY,NJ,AEA,EN,Combined TRACON& Tower with Radar,21,25,25,21,92,0,0,30,26,56,21,25,55,47,148,12,28,40,188
12/04/2021,ACY,NJ,AEA,EN,Combined TRACON& Tower with Radar,19,11,23,12,65,0,0,32,13,45,19,11,55,25,110,14,8,22,132
12/05/2021,ACY,NJ,AEA,EN,Combined TRACON& Tower with Radar,20,27,34,2,83,0,0,43,6,49,20,27,77,8,132,20,0,20,152
12/06/2021,ACY,NJ,AEA,EN,Combined TRACON& Tower with Radar,26,8,18,4,56,0,0,1,13,14,26,8,19,17,70,0,0,0,70
12/07/2021,ACY,NJ,AEA,EN,Combined TRACON& Tower with Radar,15,5,29,17,66,0,0,38,31,69,15,5,67,48,135,66,8,74,209
12/08/2021,ACY,NJ,AEA,EN,Combined TRACON& Tower with Radar,15,3,9,18,45,0,0,15,23,38,15,3,24,41,83,12,46,58,141
12/09/2021,ACY,NJ,AEA,EN,Combined TRACON& Tower with Radar,21,2,22,21,66,0,0,29,13,42,21,2,51,34,108,16,50,66,174
12/10/2021,ACY,NJ,AEA,EN,Combined TRACON& Tower with Radar,20,16,27,18,81,0,0,32,20,52,20,16,59,38,133,36,10,46,179
12/11/2021,ACY,NJ,AEA,EN,Combined TRACON& Tower with Radar,23,9,6,1,39,0,0,0,4,4,23,9,6,5,43,10,2,12,55
12/12/2021,ACY,NJ,AEA,EN,Combined TRACON& Tower with Radar,19,18,17,8,62,0,0,25,9,34,19,18,42,17,96,0,0,0,96
12/13/2021,ACY,NJ,AEA,EN,Combined TRACON& Tower with Radar,21,10,19,5,55,0,0,32,7,39,21,10,51,12,94,8,22,30,124
12/14/2021,ACY,NJ,AEA,EN,Combined TRACON& Tower with Radar,18,0,14,31,63,0,0,51,19,70,18,0,65,50,133,32,86,118,251
12/15/2021,ACY,NJ,AEA,EN,Combined TRACON& Tower with Radar,11,4,25,44,84,0,0,28,21,49,11,4,53,65,133,14,28,42,175
12/16/2021,ACY,NJ,AEA,EN,Combined TRACON& Tower with Radar,24,7,11,29,71,0,0,25,22,47,24,7,36,51,118,4,30,34,152
12/17/2021,ACY,NJ,AEA,EN,Combined TRACON& Tower with Radar,24,11,14,38,87,0,1,18,19,38,24,12,32,57,125,2,8,10,135
12/18/2021,ACY,NJ,AEA,EN,Combined TRACON& Tower with Radar,19,5,21,10,55,0,0,0,5,5,19,5,21,15,60,0,0,0,60
12/19/2021,ACY,NJ,AEA,EN,Combined TRACON& Tower with Radar,22,9,24,2,57,0,0,18,12,30,22,9,42,14,87,8,2,10,97
12/20/2021,ACY,NJ,AEA,EN,Combined TRACON& Tower with Radar,21,4,22,1,48,0,0,31,19,50,21,4,53,20,98,22,14,36,134
12/21/2021,ACY,NJ,AEA,EN,Combined TRACON& Tower with Radar,20,7,25,21,73,0,0,30,25,55,20,7,55,46,128,34,72,106,234
12/22/2021,ACY,NJ,AEA,EN,Combined TRACON& Tower with Radar,16,6,11,33,66,0,0,7,12,19,16,6,18,45,85,14,42,56,141
12/23/2021,ACY,NJ,AEA,EN,Combined TRACON& Tower with Radar,22,3,15,22,62,0,0,43,19,62,22,3,58,41,124,18,62,80,204
12/24/2021,ACY,NJ,AEA,EN,Combined TRACON& Tower with Radar,17,2,15,0,34,0,0,17,4,21,17,2,32,4,55,0,0,0,55
12/25/2021,ACY,NJ,AEA,EN,Combined TRACON& Tower with Radar,20,3,5,0,28,0,0,2,0,2,20,3,7,0,30,0,0,0,30
12/26/2021,ACY,NJ,AEA,EN,Combined TRACON& Tower with Radar,19,6,10,0,35,0,0,31,11,42,19,6,41,11,77,32,0,32,109
12/27/2021,ACY,NJ,AEA,EN,Combined TRACON& Tower with Radar,19,10,12,2,43,0,0,6,9,15,19,10,18,11,58,0,0,0,58
12/28/2021,ACY,NJ,AEA,EN,Combined TRACON& Tower with Radar,20,14,30,35,99,0,0,41,9,50,20,14,71,44,149,10,62,72,221
12/29/2021,ACY,NJ,AEA,EN,Combined TRACON& Tower with Radar,15,7,19,51,92,0,0,1,6,7,15,7,20,57,99,0,0,0,99
12/30/2021,ACY,NJ,AEA,EN,Combined TRACON& Tower with Radar,15,12,35,15,77,0,0,0,1,1,15,12,35,16,78,10,10,20,98
12/31/2021,ACY,NJ,AEA,EN,Combined TRACON& Tower with Radar,16,16,14,11,57,0,0,1,3,4,16,16,15,14,61,0,14,14,75
01/01/2022,ACY,NJ,AEA,EN,Combined TRACON& Tower with Radar,21,10,9,0,40,0,0,0,0,0,21,10,9,0,40,0,0,0,40
01/02/2022,ACY,NJ,AEA,EN,Combined TRACON& Tower with Radar,20,27,20,7,74,0,0,9,9,18,20,27,29,16,92,12,6,18,110
01/03/2022,ACY,NJ,AEA,EN,Combined TRACON& Tower with Radar,7,1,0,0,8,0,0,2,2,4,7,1,2,2,12,0,0,0,12
01/04/2022,ACY,NJ,AEA,EN,Combined TRACON& Tower with Radar,19,18,24,12,73,0,0,37,2,39,19,18,61,14,112,6,6,12,124
01/05/2022,ACY,NJ,AEA,EN,Combined TRACON& Tower with Radar,11,3,9,6,29,0,0,1,4,5,11,3,10,10,34,0,0,0,34
01/06/2022,ACY,NJ,AEA,EN,Combined TRACON& Tower with Radar,23,4,20,22,69,0,0,44,23,67,23,4,64,45,136,38,36,74,210
01/07/2022,ACY,NJ,AEA,EN,Combined TRACON& Tower with Radar,18,12,6,14,50,0,0,7,9,16,18,12,13,23,66,0,6,6,72
01/08/2022,ACY,NJ,AEA,EN,Combined TRACON& Tower with Radar,19,7,25,25,76,0,1,25,16,42,19,8,50,41,118,0,14,14,132
01/09/2022,ACY,NJ,AEA,EN,Combined TRACON& Tower with Radar,21,12,13,9,55,0,0,3,6,9,21,12,16,15,64,0,0,0,64
01/10/2022,ACY,NJ,AEA,EN,Combined TRACON& Tower with Radar,22,5,20,23,70,0,1,19,24,44,22,6,39,47,114,0,6,6,120
01/11/2022,ACY,NJ,AEA,EN,Combined TRACON& Tower with Radar,10,0,13,14,37,0,0,21,21,42,10,0,34,35,79,0,0,0,79
01/12/2022,ACY,NJ,AEA,EN,Combined TRACON& Tower with Radar,10,1,20,16,47,0,0,27,35,62,10,1,47,51,109,6,0,6,115
01/13/2022,ACY,NJ,AEA,EN,Combined TRACON& Tower with Radar,19,12,49,27,107,0,1,46,31,78,19,13,95,58,185,32,36,68,253
01/14/2022,ACY,NJ,AEA,EN,Combined TRACON& Tower with Radar,22,21,16,2,61,0,4,9,26,39,22,25,25,28,100,2,14,16,116
01/15/2022,ACY,NJ,AEA,EN,Combined TRACON& Tower with Radar,20,9,13,4,46,0,2,30,4,36,20,11,43,8,82,34,16,50,132
01/16/2022,ACY,NJ,AEA,EN,Combined TRACON& Tower with Radar,20,22,10,2,54,0,0,6,3,9,20,22,16,5,63,0,0,0,63
01/17/2022,ACY,NJ,AEA,EN,Combined TRACON& Tower with Radar,21,6,3,0,30,0,0,0,2,2,21,6,3,2,32,0,0,0,32
01/18/2022,ACY,NJ,AEA,EN,Combined TRACON& Tower with Radar,9,3,16,37,65,0,0,14,37,51,9,3,30,74,116,26,54,80,196
01/19/2022,ACY,NJ,AEA,EN,Combined TRACON& Tower with Radar,12,5,32,56,105,0,0,23,24,47,12,5,55,80,152,14,84,98,250
01/20/2022,ACY,NJ,AEA,EN,Combined TRACON& Tower with Radar,22,5,7,15,49,0,0,1,22,23,22,5,8,37,72,0,66,66,138
01/21/2022,ACY,NJ,AEA,EN,Combined TRACON& Tower with Radar,23,12,25,14,74,0,0,21,28,49,23,12,46,42,123,14,58,72,195
01/22/2022,ACY,NJ,AEA,EN,Combined TRACON& Tower with Radar,18,11,31,0,60,0,1,38,7,46,18,12,69,7,106,20,6,26,132
01/23/2022,ACY,NJ,AEA,EN,Combined TRACON& Tower with Radar,21,13,25,3,62,0,0,39,7,46,21,13,64,10,108,8,0,8,116
01/24/2022,ACY,NJ,AEA,EN,Combined TRACON& Tower with Radar,21,6,34,6,67,0,0,34,18,52,21,6,68,24,119,12,0,12,131
01/25/2022,ACY,NJ,AEA,EN,Combined TRACON& Tower with Radar,9,7,37,49,102,0,0,32,24,56,9,7,69,73,158,24,52,76,234
01/26/2022,ACY,NJ,AEA,EN,Combined TRACON& Tower with Radar,11,5,25,27,68,0,0,33,35,68,11,5,58,62,136,8,42,50,186
01/27/2022,ACY,NJ,AEA,EN,Combined TRACON& Tower with Radar,22,10,32,36,100,0,2,36,26,64,22,12,68,62,164,16,50,66,230
01/28/2022,ACY,NJ,AEA,EN,Combined TRACON& Tower with Radar,15,29,18,7,69,0,3,11,16,30,15,32,29,23,99,24,18,42,141
01/29/2022,ACY,NJ,AEA,EN,Combined TRACON& Tower with Radar,5,0,0,0,5,0,0,1,0,1,5,0,1,0,6,0,0,0,6
01/30/2022,ACY,NJ,AEA,EN,Combined TRACON& Tower with Radar,26,32,22,2,82,0,0,16,2,18,26,32,38,4,100,0,0,0,100
01/31/2022,ACY,NJ,AEA,EN,Combined TRACON& Tower with Radar,19,6,8,4,37,0,0,25,10,35,19,6,33,14,72,0,0,0,72
02/01/2022,ACY,NJ,AEA,EN,Combined TRACON& Tower with Radar,11,10,22,17,60,0,0,14,32,46,11,10,36,49,106,30,22,52,158
02/02/2022,ACY,NJ,AEA,EN,Combined TRACON& Tower with Radar,6,2,11,9,28,0,0,0,10,10,6,2,11,19,38,0,6,6,44
02/03/2022,ACY,NJ,AEA,EN,Combined TRACON& Tower with Radar,20,3,9,13,45,0,0,1,13,14,20,3,10,26,59,0,32,32,91
02/04/2022,ACY,NJ,AEA,EN,Combined TRACON& Tower with Radar,24,0,9,8,41,0,0,0,0,0,24,0,9,8,41,0,0,0,41
02/05/2022,ACY,NJ,AEA,EN,Combined TRACON& Tower with Radar,13,4,8,10,35,0,2,16,5,23,13,6,24,15,58,32,18,50,108
02/06/2022,ACY,NJ,AEA,EN,Combined TRACON& Tower with Radar,22,6,36,18,82,0,0,47,14,61,22,6,83,32,143,26,28,54,197
02/07/2022,ACY,NJ,AEA,EN,Combined TRACON& Tower with Radar,22,4,15,12,53,0,0,0,0,0,22,4,15,12,53,0,0,0,53
02/08/2022,ACY,NJ,AEA,EN,Combined TRACON& Tower with Radar,14,4,32,47,97,0,0,47,30,77,14,4,79,77,174,14,82,96,270
02/09/2022,ACY,NJ,AEA,EN,Combined TRACON& Tower with Radar,9,8,29,30,76,0,0,65,29,94,9,8,94,59,170,12,84,96,266
02/10/2022,ACY,NJ,AEA,EN,Combined TRACON& Tower with Radar,22,11,16,37,86,0,0,32,33,65,22,11,48,70,151,20,62,82,233
02/11/2022,ACY,NJ,AEA,EN,Combined TRACON& Tower with Radar,22,21,33,11,87,0,0,36,15,51,22,21,69,26,138,22,32,54,192
02/12/2022,ACY,NJ,AEA,EN,Combined TRACON& Tower with Radar,20,10,32,2,64,0,0,36,7,43,20,10,68,9,107,8,56,64,171
02/13/2022,ACY,NJ,AEA,EN,Combined TRACON& Tower with Radar,20,19,8,0,47,0,0,0,1,1,20,19,8,1,48,0,0,0,48
02/14/2022,ACY,NJ,AEA,EN,Combined TRACON& Tower with Radar,19,2,26,8,55,0,0,16,40,56,19,2,42,48,111,32,14,46,157
02/15/2022,ACY,NJ,AEA,EN,Combined TRACON& Tower with Radar,12,5,27,29,73,1,2,56,28,87,13,7,83,57,160,118,84,202,362
02/16/2022,ACY,NJ,AEA,EN,Combined TRACON& Tower with Radar,17,9,26,64,116,0,4,32,34,70,17,13,58,98,186,62,102,164,350
02/17/2022,ACY,NJ,AEA,EN,Combined TRACON& Tower with Radar,23,6,16,32,77,0,1,9,27,37,23,7,25,59,114,2,94,96,210
02/18/2022,ACY,NJ,AEA,EN,Combined TRACON& Tower with Radar,22,15,7,7,51,0,0,8,17,25,22,15,15,24,76,14,0,14,90
02/19/2022,ACY,NJ,AEA,EN,Combined TRACON& Tower with Radar,25,7,12,3,47,0,0,5,7,12,25,7,17,10,59,0,14,14,73
02/20/2022,ACY,NJ,AEA,EN,Combined TRACON& Tower with Radar,22,17,25,5,69,0,0,66,7,73,22,17,91,12,142,26,0,26,168
02/21/2022,ACY,NJ,AEA,EN,Combined TRACON& Tower with Radar,26,8,27,0,61,0,0,47,3,50,26,8,74,3,111,0,0,0,111
02/22/2022,ACY,NJ,AEA,EN,Combined TRACON& Tower with Radar,16,7,16,13,52,0,0,3,25,28,16,7,19,38,80,8,30,38,118
02/23/2022,ACY,NJ,AEA,EN,Combined TRACON& Tower with Radar,18,4,16,19,57,0,0,19,19,38,18,4,35,38,95,0,40,40,135
02/24/2022,ACY,NJ,AEA,EN,Combined TRACON& Tower with Radar,24,11,6,18,59,0,3,19,34,56,24,14,25,52,115,4,38,42,157
02/25/2022,ACY,NJ,AEA,EN,Combined TRACON& Tower with Radar,23,19,13,4,59,0,0,3,11,14,23,19,16,15,73,0,12,12,85
02/26/2022,ACY,NJ,AEA,EN,Combined TRACON& Tower with Radar,23,14,41,3,81,0,0,45,4,49,23,14,86,7,130,0,0,0,130
02/27/2022,ACY,NJ,AEA,EN,Combined TRACON& Tower with Radar,23,27,31,0,81,0,0,14,6,20,23,27,45,6,101,12,0,12,113
02/28/2022,ACY,NJ,AEA,EN,Combined TRACON& Tower with Radar,24,7,26,59,116,0,0,50,41,91,24,7,76,100,207,2,20,22,229
03/01/2022,ACY,NJ,AEA,EN,Combined TRACON& Tower with Radar,19,6,27,36,88,0,0,36,36,72,19,6,63,72,160,18,50,68,228
03/02/2022,ACY,NJ,AEA,EN,Combined TRACON& Tower with Radar,17,2,23,15,57,0,2,41,23,66,17,4,64,38,123,36,82,118,241
03/03/2022,ACY,NJ,AEA,EN,Combined TRACON& Tower with Radar,24,11,21,29,85,0,0,21,31,52,24,11,42,60,137,22,92,114,251
03/04/2022,ACY,NJ,AEA,EN,Combined TRACON& Tower with Radar,22,14,16,19,71,0,0,39,5,44,22,14,55,24,115,30,10,40,155
03/05/2022,ACY,NJ,AEA,EN,Combined TRACON& Tower with Radar,21,10,28,3,62,0,0,39,8,47,21,10,67,11,109,8,0,8,117
03/06/2022,ACY,NJ,AEA,EN,Combined TRACON& Tower with Radar,23,18,19,8,68,0,0,8,11,19,23,18,27,19,87,0,8,8,95
03/07/2022,ACY,NJ,AEA,EN,Combined TRACON& Tower with Radar,23,7,8,16,54,0,0,3,16,19,23,7,11,32,73,0,0,0,73
03/08/2022,ACY,NJ,AEA,EN,Combined TRACON& Tower with Radar,20,2,13,33,68,0,2,24,30,56,20,4,37,63,124,0,88,88,212
03/09/2022,ACY,NJ,AEA,EN,Combined TRACON& Tower with Radar,15,3,3,6,27,0,0,3,13,16,15,3,6,19,43,2,58,60,103
03/10/2022,ACY,NJ,AEA,EN,Combined TRACON& Tower with Radar,24,8,23,36,91,0,0,35,37,72,24,8,58,73,163,10,78,88,251
03/11/2022,ACY,NJ,AEA,EN,Combined TRACON& Tower with Radar,23,23,22,7,75,0,1,30,28,59,23,24,52,35,134,34,70,104,238
03/12/2022,ACY,NJ,AEA,EN,Combined TRACON& Tower with Radar,18,11,5,0,34,0,0,0,0,0,18,11,5,0,34,0,0,0,34
03/13/2022,ACY,NJ,AEA,EN,Combined TRACON& Tower with Radar,13,26,13,0,52,0,0,5,5,10,13,26,18,5,62,12,0,12,74
03/14/2022,ACY,NJ,AEA,EN,Combined TRACON& Tower with Radar,24,8,28,21,81,0,0,26,15,41,24,8,54,36,122,0,36,36,158
03/15/2022,ACY,NJ,AEA,EN,Combined TRACON& Tower with Radar,13,7,22,20,62,0,0,41,23,64,13,7,63,43,126,12,54,66,192
03/16/2022,ACY,NJ,AEA,EN,Combined TRACON& Tower with Radar,15,7,41,42,105,0,0,38,27,65,15,7,79,69,170,10,40,50,220
03/17/2022,ACY,NJ,AEA,EN,Combined TRACON& Tower with Radar,27,12,14,57,110,0,0,0,4,4,27,12,14,61,114,0,10,10,124
03/18/2022,ACY,NJ,AEA,EN,Combined TRACON& Tower with Radar,20,27,30,20,97,0,0,28,18,46,20,27,58,38,143,36,40,76,219
03/19/2022,ACY,NJ,AEA,EN,Combined TRACON& Tower with Radar,15,15,18,9,57,0,0,7,10,17,15,15,25,19,74,0,24,24,98
03/20/2022,ACY,NJ,AEA,EN,Combined TRACON& Tower with Radar,23,26,22,15,86,0,0,23,8,31,23,26,45,23,117,0,12,12,129
03/21/2022,ACY,NJ,AEA,EN,Combined TRACON& Tower with Radar,26,12,19,22,79,0,0,25,27,52,26,12,44,49,131,14,38,52,183
03/22/2022,ACY,NJ,AEA,EN,Combined TRACON& Tower with Radar,12,5,35,34,86,0,3,57,50,110,12,8,92,84,196,14,62,76,272
03/23/2022,ACY,NJ,AEA,EN,Combined TRACON& Tower with Radar,18,7,28,30,83,0,0,24,32,56,18,7,52,62,139,18,16,34,173
03/24/2022,ACY,NJ,AEA,EN,Combined TRACON& Tower with Radar,24,8,6,0,38,0,0,0,10,10,24,8,6,10,48,0,0,0,48
03/25/2022,ACY,NJ,AEA,EN,Combined TRACON& Tower with Radar,23,20,42,8,93,0,0,45,30,75,23,20,87,38,168,24,18,42,210
03/26/2022,ACY,NJ,AEA,EN,Combined TRACON& Tower with Radar,19,6,12,0,37,0,1,5,5,11,19,7,17,5,48,6,0,6,54
03/27/2022,ACY,NJ,AEA,EN,Combined TRACON& Tower with Radar,18,25,8,1,52,0,0,24,7,31,18,25,32,8,83,8,0,8,91
03/28/2022,ACY,NJ,AEA,EN,Combined TRACON& Tower with Radar,24,9,9,23,65,0,2,7,34,43,24,11,16,57,108,0,28,28,136
03/29/2022,ACY,NJ,AEA,EN,Combined TRACON& Tower with Radar,16,9,17,41,83,0,0,21,31,52,16,9,38,72,135,0,32,32,167
03/30/2022,ACY,NJ,AEA,EN,Combined TRACON& Tower with Radar,15,4,24,56,99,0,0,29,22,51,15,4,53,78,150,12,40,52,202
03/31/2022,ACY,NJ,AEA,EN,Combined TRACON& Tower with Radar,21,6,12,7,46,0,0,1,5,6,21,6,13,12,52,0,0,0,52
04/01/2022,ACY,NJ,AEA,EN,Combined TRACON& Tower with Radar,24,6,5,11,46,0,0,2,22,24,24,6,7,33,70,0,20,20,90
04/02/2022,ACY,NJ,AEA,EN,Combined TRACON& Tower with Radar,18,9,33,7,67,0,0,50,5,55,18,9,83,12,122,16,4,20,142
04/03/2022,ACY,NJ,AEA,EN,Combined TRACON& Tower with Radar,18,15,14,0,47,0,0,5,6,11,18,15,19,6,58,0,0,0,58
04/04/2022,ACY,NJ,AEA,EN,Combined TRACON& Tower with Radar,17,11,12,8,48,0,0,41,24,65,17,11,53,32,113,44,30,74,187
04/05/2022,ACY,NJ,AEA,EN,Combined TRACON& Tower with Radar,15,2,16,18,51,0,0,19,22,41,15,2,35,40,92,0,8,8,100
04/06/2022,ACY,NJ,AEA,EN,Combined TRACON& Tower with Radar,14,5,22,19,60,0,0,2,8,10,14,5,24,27,70,16,34,50,120
04/07/2022,ACY,NJ,AEA,EN,Combined TRACON& Tower with Radar,19,3,5,0,27,0,0,0,4,4,19,3,5,4,31,8,38,46,77
04/08/2022,ACY,NJ,AEA,EN,Combined TRACON& Tower with Radar,24,24,38,7,93,0,0,43,33,76,24,24,81,40,169,18,62,80,249
04/09/2022,ACY,NJ,AEA,EN,Combined TRACON& Tower with Radar,24,11,36,5,76,0,0,27,16,43,24,11,63,21,119,53,8,61,180
04/10/2022,ACY,NJ,AEA,EN,Combined TRACON& Tower with Radar,15,24,29,5,73,0,0,21,9,30,15,24,50,14,103,26,8,34,137
04/11/2022,ACY,NJ,AEA,EN,Combined TRACON& Tower with Radar,20,4,22,30,76,0,2,40,39,81,20,6,62,69,157,12,32,44,201
04/12/2022,ACY,NJ,AEA,EN,Combined TRACON& Tower with Radar,16,11,13,24,64,0,0,25,31,56,16,11,38,55,120,26,60,86,206
04/13/2022,ACY,NJ,AEA,EN,Combined TRACON& Tower with Radar,16,11,32,62,121,0,2,39,30,71,16,13,71,92,192,2,32,34,226
04/14/2022,ACY,NJ,AEA,EN,Combined TRACON& Tower with Radar,26,14,16,6,62,0,3,30,28,61,26,17,46,34,123,6,18,24,147
04/15/2022,ACY,NJ,AEA,EN,Combined TRACON& Tower with Radar,18,15,24,5,62,0,2,55,12,69,18,17,79,17,131,10,22,32,163
04/16/2022,ACY,NJ,AEA,EN,Combined TRACON& Tower with Radar,21,8,15,0,44,0,0,7,2,9,21,8,22,2,53,0,0,0,53
04/17/2022,ACY,NJ,AEA,EN,Combined TRACON& Tower with Radar,19,12,20,2,53,0,0,14,2,16,19,12,34,4,69,0,0,0,69
04/18/2022,ACY,NJ,AEA,EN,Combined TRACON& Tower with Radar,26,7,18,4,55,0,0,9,9,18,26,7,27,13,73,6,0,6,79
04/19/2022,ACY,NJ,AEA,EN,Combined TRACON& Tower with Radar,14,1,8,15,38,0,0,6,35,41,14,1,14,50,79,10,50,60,139
04/20/2022,ACY,NJ,AEA,EN,Combined TRACON& Tower with Radar,23,4,22,10,59,0,1,37,21,59,23,5,59,31,118,76,24,100,218
04/21/2022,ACY,NJ,AEA,EN,Combined TRACON& Tower with Radar,23,8,14,40,85,1,1,44,32,78,24,9,58,72,163,14,52,66,229
04/22/2022,ACY,NJ,AEA,EN,Combined TRACON& Tower with Radar,20,27,24,8,79,0,0,26,36,62,20,27,50,44,141,22,8,30,171
04/23/2022,ACY,NJ,AEA,EN,Combined TRACON& Tower with Radar,23,12,21,0,56,0,2,47,5,54,23,14,68,5,110,36,0,36,146
04/24/2022,ACY,NJ,AEA,EN,Combined TRACON& Tower with Radar,23,24,23,0,70,0,0,40,9,49,23,24,63,9,119,28,0,28,147
04/25/2022,ACY,NJ,AEA,EN,Combined TRACON& Tower with Radar,24,6,19,34,83,0,1,7,22,30,24,7,26,56,113,14,0,14,127
04/26/2022,ACY,NJ,AEA,EN,Combined TRACON& Tower with Radar,18,7,27,25,77,0,0,6,24,30,18,7,33,49,107,0,78,78,185
04/27/2022,ACY,NJ,AEA,EN,Combined TRACON& Tower with Radar,21,6,21,16,64,0,2,7,20,29,21,8,28,36,93,20,42,62,155
04/28/2022,ACY,NJ,AEA,EN,Combined TRACON& Tower with Radar,26,6,20,44,96,0,0,15,33,48,26,6,35,77,144,0,92,92,236
04/29/2022,ACY,NJ,AEA,EN,Combined TRACON& Tower with Radar,25,19,37,6,87,0,0,31,29,60,25,19,68,35,147,0,16,16,163
04/30/2022,ACY,NJ,AEA,EN,Combined TRACON& Tower with Radar,22,14,25,6,67,0,3,46,13,62,22,17,71,19,129,0,8,8,137
05/01/2022,ACY,NJ,AEA,EN,Combined TRACON& Tower with Radar,23,23,27,0,73,0,0,26,15,41,23,23,53,15,114,18,0,18,132
05/02/2022,ACY,NJ,AEA,EN,Combined TRACON& Tower with Radar,23,11,26,21,81,1,0,9,17,27,24,11,35,38,108,0,50,50,158
05/03/2022,ACY,NJ,AEA,EN,Combined TRACON& Tower with Radar,23,0,26,27,76,0,1,21,7,29,23,1,47,34,105,2,30,32,137
05/04/2022,ACY,NJ,AEA,EN,Combined TRACON& Tower with Radar,19,10,28,26,83,0,1,4,19,24,19,11,32,45,107,10,40,50,157
05/05/2022,ACY,NJ,AEA,EN,Combined TRACON& Tower with Radar,25,8,38,18,89,0,2,49,18,69,25,10,87,36,158,20,70,90,248
05/06/2022,ACY,NJ,AEA,EN,Combined TRACON& Tower with Radar,18,9,30,22,79,0,0,3,11,14,18,9,33,33,93,16,0,16,109
05/07/2022,ACY,NJ,AEA,EN,Combined TRACON& Tower with Radar,28,5,10,0,43,0,0,0,0,0,28,5,10,0,43,0,0,0,43
05/08/2022,ACY,NJ,AEA,EN,Combined TRACON& Tower with Radar,20,13,19,0,52,0,0,0,2,2,20,13,19,2,54,0,0,0,54
05/09/2022,ACY,NJ,AEA,EN,Combined TRACON& Tower with Radar,21,6,18,11,56,0,0,10,32,42,21,6,28,43,98,0,8,8,106
05/10/2022,ACY,NJ,AEA,EN,Combined TRACON& Tower with Radar,21,2,19,5,47,0,0,16,29,45,21,2,35,34,92,18,14,32,124
05/11/2022,ACY,NJ,AEA,EN,Combined TRACON& Tower with Radar,26,6,17,6,55,0,0,20,26,46,26,6,37,32,101,84,44,128,229
05/12/2022,ACY,NJ,AEA,EN,Combined TRACON& Tower with Radar,22,11,45,22,100,0,0,2,7,9,22,11,47,29,109,28,55,83,192
05/13/2022,ACY,NJ,AEA,EN,Combined TRACON& Tower with Radar,16,15,50,17,98,0,0,0,0,0,16,15,50,17,98,0,0,0,98
05/14/2022,ACY,NJ,AEA,EN,Combined TRACON& Tower with Radar,20,7,9,0,36,0,0,0,0,0,20,7,9,0,36,0,0,0,36
05/15/2022,ACY,NJ,AEA,EN,Combined TRACON& Tower with Radar,20,22,43,0,85,0,0,19,10,29,20,22,62,10,114,34,0,34,148
05/16/2022,ACY,NJ,AEA,EN,Combined TRACON& Tower with Radar,21,5,12,0,38,0,0,11,9,20,21,5,23,9,58,30,14,44,102
05/17/2022,ACY,NJ,AEA,EN,Combined TRACON& Tower with Radar,24,8,19,31,82,0,1,27,30,58,24,9,46,61,140,28,64,92,232
05/18/2022,ACY,NJ,AEA,EN,Combined TRACON& Tower with Radar,25,6,25,12,68,0,2,42,32,76,25,8,67,44,144,38,20,58,202
05/19/2022,ACY,NJ,AEA,EN,Combined TRACON& Tower with Radar,20,18,28,33,99,0,0,21,25,46,20,18,49,58,145,12,36,48,193
05/20/2022,ACY,NJ,AEA,EN,Combined TRACON& Tower with Radar,17,19,26,18,80,0,0,20,23,43,17,19,46,41,123,0,8,8,131
05/21/2022,ACY,NJ,AEA,EN,Combined TRACON& Tower with Radar,25,15,32,10,82,0,2,46,15,63,25,17,78,25,145,16,24,40,185
05/22/2022,ACY,NJ,AEA,EN,Combined TRACON& Tower with Radar,18,34,15,8,75,0,0,32,7,39,18,34,47,15,114,8,0,8,122
05/23/2022,ACY,NJ,AEA,EN,Combined TRACON& Tower with Radar,20,6,22,27,75,0,0,34,25,59,20,6,56,52,134,0,44,44,178
05/24/2022,ACY,NJ,AEA,EN,Combined TRACON& Tower with Radar,19,4,30,15,68,0,0,40,31,71,19,4,70,46,139,0,40,40,179
05/25/2022,ACY,NJ,AEA,EN,Combined TRACON& Tower with Radar,20,7,33,20,80,0,0,47,23,70,20,7,80,43,150,28,48,76,226
05/26/2022,ACY,NJ,AEA,EN,Combined TRACON& Tower with Radar,18,16,37,34,105,0,2,13,27,42,18,18,50,61,147,14,28,42,189
05/27/2022,ACY,NJ,AEA,EN,Combined TRACON& Tower with Radar,19,25,25,1,70,0,0,2,4,6,19,25,27,5,76,0,12,12,88
05/28/2022,ACY,NJ,AEA,EN,Combined TRACON& Tower with Radar,25,12,25,1,63,0,0,39,6,45,25,12,64,7,108,0,0,0,108
05/29/2022,ACY,NJ,AEA,EN,Combined TRACON& Tower with Radar,15,22,19,3,59,0,0,43,12,55,15,22,62,15,114,4,0,4,118
05/30/2022,ACY,NJ,AEA,EN,Combined TRACON& Tower with Radar,20,13,20,1,54,0,1,41,9,51,20,14,61,10,105,36,0,36,141
05/31/2022,ACY,NJ,AEA,EN,Combined TRACON& Tower with Radar,18,6,19,35,78,0,0,54,24,78,18,6,73,59,156,0,34,34,190
06/01/2022,ACY,NJ,AEA,EN,Combined TRACON& Tower with Radar,17,10,41,35,103,0,2,11,5,18,17,12,52,40,121,20,8,28,149
06/02/2022,ACY,NJ,AEA,EN,Combined TRACON& Tower with Radar,24,16,21,10,71,0,0,8,12,20,24,16,29,22,91,6,12,18,109
06/03/2022,ACY,NJ,AEA,EN,Combined TRACON& Tower with Radar,19,20,49,21,109,0,0,14,16,30,19,20,63,37,139,16,6,22,161
06/04/2022,ACY,NJ,AEA,EN,Combined TRACON& Tower with Radar,18,11,29,2,60,0,2,53,2,57,18,13,82,4,117,0,0,0,117
06/05/2022,ACY,NJ,AEA,EN,Combined TRACON& Tower with Radar,24,21,16,0,61,0,2,45,11,58,24,23,61,11,119,18,0,18,137
06/06/2022,ACY,NJ,AEA,EN,Combined TRACON& Tower with Radar,22,10,29,20,81,0,2,65,34,101,22,12,94,54,182,52,20,72,254
06/07/2022,ACY,NJ,AEA,EN,Combined TRACON& Tower with Radar,24,8,30,18,80,0,1,28,33,62,24,9,58,51,142,54,20,74,216
06/08/2022,ACY,NJ,AEA,EN,Combined TRACON& Tower with Radar,24,4,40,6,74,0,0,31,19,50,24,4,71,25,124,24,0,24,148
06/09/2022,ACY,NJ,AEA,EN,Combined TRACON& Tower with Radar,28,8,17,9,62,0,0,23,19,42,28,8,40,28,104,6,0,6,110
06/10/2022,ACY,NJ,AEA,EN,Combined TRACON& Tower with Radar,24,9,36,23,92,0,0,43,24,67,24,9,79,47,159,32,20,52,211
06/11/2022,ACY,NJ,AEA,EN,Combined TRACON& Tower with Radar,24,9,35,4,72,0,0,32,7,39,24,9,67,11,111,6,0,6,117
06/12/2022,ACY,NJ,AEA,EN,Combined TRACON& Tower with Radar,27,10,23,5,65,0,2,8,4,14,27,12,31,9,79,3,0,3,82
06/13/2022,ACY,NJ,AEA,EN,Combined TRACON& Tower with Radar,24,13,28,9,74,0,0,38,17,55,24,13,66,26,129,0,8,8,137
06/14/2022,ACY,NJ,AEA,EN,Combined TRACON& Tower with Radar,24,1,27,16,68,0,0,33,18,51,24,1,60,34,119,24,16,40,159
06/15/2022,ACY,NJ,AEA,EN,Combined TRACON& Tower with Radar,20,6,36,16,78,0,1,45,31,77,20,7,81,47,155,18,28,46,201
06/16/2022,ACY,NJ,AEA,EN,Combined TRACON& Tower with Radar,24,13,33,16,86,0,0,14,21,35,24,13,47,37,121,6,30,36,157
06/17/2022,ACY,NJ,AEA,EN,Combined TRACON& Tower with Radar,22,23,30,6,81,0,0,28,15,43,22,23,58,21,124,10,14,24,148
06/18/2022,ACY,NJ,AEA,EN,Combined TRACON& Tower with Radar,24,23,22,0,69,0,1,21,9,31,24,24,43,9,100,0,0,0,100
06/19/2022,ACY,NJ,AEA,EN,Combined TRACON& Tower with Radar,25,23,24,1,73,0,1,19,12,32,25,24,43,13,105,2,16,18,123
06/20/2022,ACY,NJ,AEA,EN,Combined TRACON& Tower with Radar,21,15,37,0,73,0,0,40,17,57,21,15,77,17,130,72,0,72,202
06/21/2022,ACY,NJ,AEA,EN,Combined TRACON& Tower with Radar,28,13,13,32,86,0,0,27,35,62,28,13,40,67,148,84,24,108,256
06/22/2022,ACY,NJ,AEA,EN,Combined TRACON& Tower with Radar,22,10,41,25,98,0,0,5,17,22,22,10,46,42,120,0,0,0,120
06/23/2022,ACY,NJ,AEA,EN,Combined TRACON& Tower with Radar,25,20,46,17,108,0,1,10,34,45,25,21,56,51,153,36,12,48,201
06/24/2022,ACY,NJ,AEA,EN,Combined TRACON& Tower with Radar,21,24,42,22,109,0,1,49,21,71,21,25,91,43,180,12,28,40,220
06/25/2022,ACY,NJ,AEA,EN,Combined TRACON& Tower with Radar,24,22,34,0,80,0,0,50,4,54,24,22,84,4,134,8,0,8,142
06/26/2022,ACY,NJ,AEA,EN,Combined TRACON& Tower with Radar,25,23,60,0,108,0,0,54,7,61,25,23,114,7,169,0,0,0,169
06/27/2022,ACY,NJ,AEA,EN,Combined TRACON& Tower with Radar,19,14,32,2,67,0,1,11,22,34,19,15,43,24,101,42,0,42,143
06/28/2022,ACY,NJ,AEA,EN,Combined TRACON& Tower with Radar,28,12,21,41,102,0,1,41,36,78,28,13,62,77,180,2,32,34,214
06/29/2022,ACY,NJ,AEA,EN,Combined TRACON& Tower with Radar,24,3,19,49,95,0,0,49,45,94,24,3,68,94,189,18,60,78,267
06/30/2022,ACY,NJ,AEA,EN,Combined TRACON& Tower with Radar,24,19,24,15,82,0,0,33,24,57,24,19,57,39,139,10,32,42,181
07/01/2022,ACY,NJ,AEA,EN,Combined TRACON& Tower with Radar,21,24,34,26,105,0,0,45,7,52,21,24,79,33,157,8,36,44,201
07/02/2022,ACY,NJ,AEA,EN,Combined TRACON& Tower with Radar,23,13,12,1,49,0,0,29,5,34,23,13,41,6,83,0,0,0,83
07/03/2022,ACY,NJ,AEA,EN,Combined TRACON& Tower with Radar,27,14,34,1,76,0,0,23,3,26,27,14,57,4,102,0,0,0,102
07/04/2022,ACY,NJ,AEA,EN,Combined TRACON& Tower with Radar,21,9,25,0,55,0,0,52,8,60,21,9,77,8,115,4,0,4,119
07/05/2022,ACY,NJ,AEA,EN,Combined TRACON& Tower with Radar,24,8,27,3,62,0,0,20,17,37,24,8,47,20,99,4,0,4,103
07/06/2022,ACY,NJ,AEA,EN,Combined TRACON& Tower with Radar,20,19,31,15,85,0,0,14,37,51,20,19,45,52,136,2,74,76,212
07/07/2022,ACY,NJ,AEA,EN,Combined TRACON& Tower with Radar,27,18,28,42,115,0,0,4,11,15,27,18,32,53,130,6,56,62,192
07/08/2022,ACY,NJ,AEA,EN,Combined TRACON& Tower with Radar,23,17,33,8,81,0,0,39,5,44,23,17,72,13,125,68,0,68,193
07/09/2022,ACY,NJ,AEA,EN,Combined TRACON& Tower with Radar,20,12,34,6,72,0,0,26,3,29,20,12,60,9,101,24,0,24,125
07/10/2022,ACY,NJ,AEA,EN,Combined TRACON& Tower with Radar,26,18,35,2,81,0,0,34,11,45,26,18,69,13,126,6,0,6,132
07/11/2022,ACY,NJ,AEA,EN,Combined TRACON& Tower with Radar,24,13,15,26,78,0,3,50,30,83,24,16,65,56,161,24,134,158,319
07/12/2022,ACY,NJ,AEA,EN,Combined TRACON& Tower with Radar,26,15,26,24,91,0,0,30,36,66,26,15,56,60,157,48,66,114,271
07/13/2022,ACY,NJ,AEA,EN,Combined TRACON& Tower with Radar,20,11,13,31,75,0,0,50,35,85,20,11,63,66,160,58,82,140,300
07/14/2022,ACY,NJ,AEA,EN,Combined TRACON& Tower with Radar,30,12,43,34,119,0,0,45,24,69,30,12,88,58,188,38,46,84,272
07/15/2022,ACY,NJ,AEA,EN,Combined TRACON& Tower with Radar,20,25,22,33,100,0,0,37,34,71,20,25,59,67,171,0,30,30,201
07/16/2022,ACY,NJ,AEA,EN,Combined TRACON& Tower with Radar,29,11,16,6,62,0,0,28,13,41,29,11,44,19,103,0,20,20,123
07/17/2022,ACY,NJ,AEA,EN,Combined TRACON& Tower with Radar,27,32,31,6,96,0,0,30,4,34,27,32,61,10,130,6,0,6,136
07/18/2022,ACY,NJ,AEA,EN,Combined TRACON& Tower with Radar,21,13,19,5,58,0,2,15,17,34,21,15,34,22,92,0,0,0,92
07/19/2022,ACY,NJ,AEA,EN,Combined TRACON& Tower with Radar,29,10,41,21,101,0,1,59,40,100,29,11,100,61,201,162,34,196,397
07/20/2022,ACY,NJ,AEA,EN,Combined TRACON& Tower with Radar,21,14,40,16,91,0,0,48,18,66,21,14,88,34,157,6,12,18,175
07/21/2022,ACY,NJ,AEA,EN,Combined TRACON& Tower with Radar,29,24,32,29,114,0,1,31,29,61,29,25,63,58,175,40,26,66,241
07/22/2022,ACY,NJ,AEA,EN,Combined TRACON& Tower with Radar,24,17,47,27,115,0,0,69,26,95,24,17,116,53,210,20,86,106,316
07/23/2022,ACY,NJ,AEA,EN,Combined TRACON& Tower with Radar,24,12,29,0,65,0,3,47,3,53,24,15,76,3,118,0,0,0,118
07/24/2022,ACY,NJ,AEA,EN,Combined TRACON& Tower with Radar,24,23,25,1,73,0,2,31,4,37,24,25,56,5,110,0,0,0,110
07/25/2022,ACY,NJ,AEA,EN,Combined TRACON& Tower with Radar,23,20,24,4,71,0,0,17,14,31,23,20,41,18,102,8,32,40,142
07/26/2022,ACY,NJ,AEA,EN,Combined TRACON& Tower with Radar,25,15,28,21,89,0,2,39,25,66,25,17,67,46,155,56,12,68,223
07/27/2022,ACY,NJ,AEA,EN,Combined TRACON& Tower with Radar,26,28,30,20,104,0,0,59,29,88,26,28,89,49,192,24,52,76,268
07/28/2022,ACY,NJ,AEA,EN,Combined TRACON& Tower with Radar,26,23,34,21,104,0,0,32,17,49,26,23,66,38,153,54,56,110,263
07/29/2022,ACY,NJ,AEA,EN,Combined TRACON& Tower with Radar,22,23,50,23,118,0,0,50,27,77,22,23,100,50,195,22,22,44,239
07/30/2022,ACY,NJ,AEA,EN,Combined TRACON& Tower with Radar,20,23,24,2,69,0,0,42,11,53,20,23,66,13,122,8,0,8,130
07/31/2022,ACY,NJ,AEA,EN,Combined TRACON& Tower with Radar,28,15,35,0,78,0,0,33,4,37,28,15,68,4,115,14,4,18,133
08/01/2022,ACY,NJ,AEA,EN,Combined TRACON& Tower with Radar,22,17,45,23,107,0,0,8,24,32,22,17,53,47,139,54,6,60,199
08/02/2022,ACY,NJ,AEA,EN,Combined TRACON& Tower with Radar,24,12,29,21,86,0,5,41,41,87,24,17,70,62,173,12,54,66,239
08/03/2022,ACY,NJ,AEA,EN,Combined TRACON& Tower with Radar,22,7,45,56,130,0,1,60,38,99,22,8,105,94,229,56,102,158,387
08/04/2022,ACY,NJ,AEA,EN,Combined TRACON& Tower with Radar,32,19,32,16,99,0,1,41,21,63,32,20,73,37,162,4,32,36,198
08/05/2022,ACY,NJ,AEA,EN,Combined TRACON& Tower with Radar,19,23,19,19,80,0,1,29,10,40,19,24,48,29,120,12,26,38,158
08/06/2022,ACY,NJ,AEA,EN,Combined TRACON& Tower with Radar,21,17,32,7,77,0,1,20,10,31,21,18,52,17,108,0,16,16,124
08/07/2022,ACY,NJ,AEA,EN,Combined TRACON& Tower with Radar,28,29,34,8,99,0,0,32,12,44,28,29,66,20,143,14,36,50,193
08/08/2022,ACY,NJ,AEA,EN,Combined TRACON& Tower with Radar,22,17,33,5,77,0,0,44,15,59,22,17,77,20,136,54,62,116,252
08/09/2022,ACY,NJ,AEA,EN,Combined TRACON& Tower with Radar,26,13,17,22,78,0,1,26,24,51,26,14,43,46,129,58,76,134,263
08/10/2022,ACY,NJ,AEA,EN,Combined TRACON& Tower with Radar,21,19,28,48,116,0,0,39,21,60,21,19,67,69,176,40,80,120,296
08/11/2022,ACY,NJ,AEA,EN,Combined TRACON& Tower with Radar,25,18,26,15,84,0,0,29,21,50,25,18,55,36,134,58,42,100,234
08/12/2022,ACY,NJ,AEA,EN,Combined TRACON& Tower with Radar,26,19,48,17,110,0,0,41,26,67,26,19,89,43,177,4,92,96,273
08/13/2022,ACY,NJ,AEA,EN,Combined TRACON& Tower with Radar,22,15,31,2,70,0,0,46,8,54,22,15,77,10,124,6,0,6,130
08/14/2022,ACY,NJ,AEA,EN,Combined TRACON& Tower with Radar,24,25,42,4,95,0,2,55,6,63,24,27,97,10,158,0,0,0,158
08/15/2022,ACY,NJ,AEA,EN,Combined TRACON& Tower with Radar,21,20,23,25,89,0,0,24,9,33,21,20,47,34,122,54,90,144,266
08/16/2022,ACY,NJ,AEA,EN,Combined TRACON& Tower with Radar,29,19,23,32,103,0,0,54,39,93,29,19,77,71,196,80,138,218,414
08/17/2022,ACY,NJ,AEA,EN,Combined TRACON& Tower with Radar,20,16,26,28,90,0,0,35,39,74,20,16,61,67,164,70,130,200,364
08/18/2022,ACY,NJ,AEA,EN,Combined TRACON& Tower with Radar,26,28,25,32,111,0,0,51,40,91,26,28,76,72,202,43,104,147,349
08/19/2022,ACY,NJ,AEA,EN,Combined TRACON& Tower with Radar,22,23,32,8,85,0,0,46,26,72,22,23,78,34,157,24,9,33,190
08/20/2022,ACY,NJ,AEA,EN,Combined TRACON& Tower with Radar,20,17,17,12,66,0,5,28,18,51,20,22,45,30,117,12,52,64,181
08/21/2022,ACY,NJ,AEA,EN,Combined TRACON& Tower with Radar,27,18,36,4,85,0,1,24,10,35,27,19,60,14,120,8,4,12,132
08/22/2022,ACY,NJ,AEA,EN,Combined TRACON& Tower with Radar,21,12,29,16,78,0,0,4,20,24,21,12,33,36,102,6,64,70,172
08/23/2022,ACY,NJ,AEA,EN,Combined TRACON& Tower with Radar,25,14,16,6,61,0,2,30,44,76,25,16,46,50,137,0,50,50,187
08/24/2022,ACY,NJ,AEA,EN,Combined TRACON& Tower with Radar,24,13,11,6,54,0,4,44,38,86,24,17,55,44,140,30,0,30,170
08/25/2022,ACY,NJ,AEA,EN,Combined TRACON& Tower with Radar,26,9,14,31,80,0,4,36,38,78,26,13,50,69,158,34,64,98,256
08/26/2022,ACY,NJ,AEA,EN,Combined TRACON& Tower with Radar,20,15,25,6,66,0,0,35,31,66,20,15,60,37,132,14,16,30,162
08/27/2022,ACY,NJ,AEA,EN,Combined TRACON& Tower with Radar,22,19,17,0,58,0,0,29,4,33,22,19,46,4,91,0,6,6,97
08/28/2022,ACY,NJ,AEA,EN,Combined TRACON& Tower with Radar,28,22,28,0,78,0,0,14,2,16,28,22,42,2,94,0,0,0,94
08/29/2022,ACY,NJ,AEA,EN,Combined TRACON& Tower with Radar,20,20,18,25,83,0,1,20,38,59,20,21,38,63,142,6,21,27,169
08/30/2022,ACY,NJ,AEA,EN,Combined TRACON& Tower with Radar,26,9,14,19,68,0,1,22,26,49,26,10,36,45,117,8,62,70,187
08/31/2022,ACY,NJ,AEA,EN,Combined TRACON& Tower with Radar,26,12,25,31,94,0,4,40,34,78,26,16,65,65,172,28,108,136,308
09/01/2022,ACY,NJ,AEA,EN,Combined TRACON& Tower with Radar,26,9,28,31,94,0,2,33,45,80,26,11,61,76,174,1,20,21,195
09/02/2022,ACY,NJ,AEA,EN,Combined TRACON& Tower with Radar,25,18,17,4,64,0,0,30,14,44,25,18,47,18,108,34,18,52,160
09/03/2022,ACY,NJ,AEA,EN,Combined TRACON& Tower with Radar,24,11,14,2,51,0,0,40,9,49,24,11,54,11,100,20,0,20,120
09/04/2022,ACY,NJ,AEA,EN,Combined TRACON& Tower with Radar,27,14,14,5,60,0,0,41,8,49,27,14,55,13,109,6,1,7,116
09/05/2022,ACY,NJ,AEA,EN,Combined TRACON& Tower with Radar,22,12,24,2,60,0,0,36,8,44,22,12,60,10,104,2,0,2,106
09/06/2022,ACY,NJ,AEA,EN,Combined TRACON& Tower with Radar,25,14,30,10,79,0,0,2,1,3,25,14,32,11,82,0,0,0,82
09/07/2022,ACY,NJ,AEA,EN,Combined TRACON& Tower with Radar,17,16,26,22,81,0,0,5,25,30,17,16,31,47,111,50,50,100,211
09/08/2022,ACY,NJ,AEA,EN,Combined TRACON& Tower with Radar,20,12,18,13,63,0,1,25,28,54,20,13,43,41,117,84,50,134,251
09/09/2022,ACY,NJ,AEA,EN,Combined TRACON& Tower with Radar,17,19,24,19,79,0,0,38,21,59,17,19,62,40,138,34,64,98,236
09/10/2022,ACY,NJ,AEA,EN,Combined TRACON& Tower with Radar,19,20,20,7,66,0,0,46,21,67,19,20,66,28,133,6,48,54,187
09/11/2022,ACY,NJ,AEA,EN,Combined TRACON& Tower with Radar,21,12,29,4,66,0,0,6,4,10,21,12,35,8,76,2,6,8,84
09/12/2022,ACY,NJ,AEA,EN,Combined TRACON& Tower with Radar,18,12,26,4,60,0,0,5,17,22,18,12,31,21,82,12,0,12,94
09/13/2022,ACY,NJ,AEA,EN,Combined TRACON& Tower with Radar,18,5,35,47,105,0,0,31,50,81,18,5,66,97,186,60,76,136,322
09/14/2022,ACY,NJ,AEA,EN,Combined TRACON& Tower with Radar,19,5,26,19,69,0,0,45,36,81,19,5,71,55,150,50,92,142,292
09/15/2022,ACY,NJ,AEA,EN,Combined TRACON& Tower with Radar,20,12,16,10,58,0,0,43,34,77,20,12,59,44,135,33,92,125,260
09/16/2022,ACY,NJ,AEA,EN,Combined TRACON& Tower with Radar,17,11,23,7,58,0,2,38,19,59,17,13,61,26,117,10,14,24,141
09/17/2022,ACY,NJ,AEA,EN,Combined TRACON& Tower with Radar,20,8,29,1,58,0,0,50,8,58,20,8,79,9,116,22,1,23,139
09/18/2022,ACY,NJ,AEA,EN,Combined TRACON& Tower with Radar,20,22,27,1,70,0,0,61,16,77,20,22,88,17,147,14,10,24,171
09/19/2022,ACY,NJ,AEA,EN,Combined TRACON& Tower with Radar,17,7,20,14,58,0,4,38,34,76,17,11,58,48,134,16,34,50,184
09/20/2022,ACY,NJ,AEA,EN,Combined TRACON& Tower with Radar,19,9,26,34,88,0,0,28,33,61,19,9,54,67,149,60,128,188,337
09/21/2022,ACY,NJ,AEA,EN,Combined TRACON& Tower with Radar,20,18,31,23,92,0,7,58,27,92,20,25,89,50,184,34,50,84,268
09/22/2022,ACY,NJ,AEA,EN,Combined TRACON& Tower with Radar,19,12,24,17,72,0,0,20,21,41,19,12,44,38,113,12,50,62,175
09/23/2022,ACY,NJ,AEA,EN,Combined TRACON& Tower with Radar,20,15,27,16,78,0,0,18,34,52,20,15,45,50,130,0,52,52,182
09/24/2022,ACY,NJ,AEA,EN,Combined TRACON& Tower with Radar,21,6,31,2,60,0,5,41,4,50,21,11,72,6,110,24,4,28,138
09/25/2022,ACY,NJ,AEA,EN,Combined TRACON& Tower with Radar,26,14,12,2,54,0,0,26,8,34,26,14,38,10,88,12,0,12,100
09/26/2022,ACY,NJ,AEA,EN,Combined TRACON& Tower with Radar,19,14,29,16,78,0,2,51,29,82,19,16,80,45,160,38,52,90,250
09/27/2022,ACY,NJ,AEA,EN,Combined TRACON& Tower with Radar,18,3,16,13,50,0,0,40,21,61,18,3,56,34,111,30,90,120,231
09/28/2022,ACY,NJ,AEA,EN,Combined TRACON& Tower with Radar,12,1,14,11,38,0,2,36,19,57,12,3,50,30,95,62,62,124,219
09/29/2022,ACY,NJ,AEA,EN,Combined TRACON& Tower with Radar,12,14,34,24,84,0,2,63,30,95,12,16,97,54,179,62,76,138,317
09/30/2022,ACY,NJ,AEA,EN,Combined TRACON& Tower with Radar,8,13,6,26,53,0,0,10,24,34,8,13,16,50,87,28,28,56,143
10/01/2022,ACY,NJ,AEA,EN,Combined TRACON& Tower with Radar,14,16,17,0,47,0,0,0,0,0,14,16,17,0,47,0,0,0,47
10/02/2022,ACY,NJ,AEA,EN,Combined TRACON& Tower with Radar,15,15,10,0,40,0,0,1,0,1,15,15,11,0,41,0,0,0,41
10/03/2022,ACY,NJ,AEA,EN,Combined TRACON& Tower with Radar,15,9,10,0,34,0,0,0,4,4,15,9,10,4,38,0,0,0,38
10/04/2022,ACY,NJ,AEA,EN,Combined TRACON& Tower with Radar,15,6,17,6,44,0,0,0,0,0,15,6,17,6,44,0,0,0,44
10/05/2022,ACY,NJ,AEA,EN,Combined TRACON& Tower with Radar,19,10,11,18,58,0,0,0,9,9,19,10,11,27,67,0,10,10,77
10/06/2022,ACY,NJ,AEA,EN,Combined TRACON& Tower with Radar,20,14,28,12,74,0,1,56,14,71,20,15,84,26,145,86,30,116,261
10/07/2022,ACY,NJ,AEA,EN,Combined TRACON& Tower with Radar,18,17,22,22,79,0,0,43,3,46,18,17,65,25,125,28,0,28,153
10/08/2022,ACY,NJ,AEA,EN,Combined TRACON& Tower with Radar,20,14,22,0,56,0,0,46,5,51,20,14,68,5,107,44,8,52,159
10/09/2022,ACY,NJ,AEA,EN,Combined TRACON& Tower with Radar,19,8,23,4,54,0,2,38,2,42,19,10,61,6,96,0,0,0,96
10/10/2022,ACY,NJ,AEA,EN,Combined TRACON& Tower with Radar,19,6,16,0,41,0,3,44,9,56,19,9,60,9,97,78,0,78,175
10/11/2022,ACY,NJ,AEA,EN,Combined TRACON& Tower with Radar,18,5,16,16,55,0,2,43,13,58,18,7,59,29,113,52,126,178,291
10/12/2022,ACY,NJ,AEA,EN,Combined TRACON& Tower with Radar,20,13,21,20,74,0,0,29,20,49,20,13,50,40,123,66,58,124,247
10/13/2022,ACY,NJ,AEA,EN,Combined TRACON& Tower with Radar,16,14,19,26,75,0,0,8,21,29,16,14,27,47,104,0,40,40,144
10/14/2022,ACY,NJ,AEA,EN,Combined TRACON& Tower with Radar,24,23,21,34,102,0,0,40,18,58,24,23,61,52,160,40,26,66,226
10/15/2022,ACY,NJ,AEA,EN,Combined TRACON& Tower with Radar,19,17,27,18,81,0,2,40,3,45,19,19,67,21,126,24,0,24,150
10/16/2022,ACY,NJ,AEA,EN,Combined TRACON& Tower with Radar,18,25,21,2,66,0,1,37,3,41,18,26,58,5,107,2,0,2,109
10/17/2022,ACY,NJ,AEA,EN,Combined TRACON& Tower with Radar,21,12,24,1,58,0,0,4,13,17,21,12,28,14,75,0,0,0,75
10/18/2022,ACY,NJ,AEA,EN,Combined TRACON& Tower with Radar,18,11,23,30,82,0,0,54,39,93,18,11,77,69,175,44,58,102,277
10/19/2022,ACY,NJ,AEA,EN,Combined TRACON& Tower with Radar,22,14,18,53,107,0,1,28,34,63,22,15,46,87,170,44,122,166,336
10/20/2022,ACY,NJ,AEA,EN,Combined TRACON& Tower with Radar,22,16,20,13,71,0,1,22,29,52,22,17,42,42,123,40,36,76,199
10/21/2022,ACY,NJ,AEA,EN,Combined TRACON& Tower with Radar,18,9,21,6,54,0,3,46,29,78,18,12,67,35,132,66,24,90,222
10/22/2022,ACY,NJ,AEA,EN,Combined TRACON& Tower with Radar,17,5,17,1,40,0,0,29,4,33,17,5,46,5,73,22,0,22,95
10/23/2022,ACY,NJ,AEA,EN,Combined TRACON& Tower with Radar,22,10,23,0,55,0,1,2,0,3,22,11,25,0,58,0,0,0,58
10/24/2022,ACY,NJ,AEA,EN,Combined TRACON& Tower with Radar,18,9,22,3,52,0,0,0,0,0,18,9,22,3,52,0,0,0,52
10/25/2022,ACY,NJ,AEA,EN,Combined TRACON& Tower with Radar,15,18,16,13,62,0,0,0,0,0,15,18,16,13,62,0,0,0,62
10/26/2022,ACY,NJ,AEA,EN,Combined TRACON& Tower with Radar,17,11,10,30,68,0,0,5,14,19,17,11,15,44,87,4,26,30,117
10/27/2022,ACY,NJ,AEA,EN,Combined TRACON& Tower with Radar,19,16,27,22,84,0,1,47,36,84,19,17,74,58,168,62,48,110,278
10/28/2022,ACY,NJ,AEA,EN,Combined TRACON& Tower with Radar,17,24,20,23,84,0,0,28,4,32,17,24,48,27,116,16,42,58,174
10/29/2022,ACY,NJ,AEA,EN,Combined TRACON& Tower with Radar,20,13,13,3,49,0,0,29,11,40,20,13,42,14,89,66,0,66,155
10/30/2022,ACY,NJ,AEA,EN,Combined TRACON& Tower with Radar,19,15,13,1,48,0,1,28,3,32,19,16,41,4,80,18,0,18,98
10/31/2022,ACY,NJ,AEA,EN,Combined TRACON& Tower with Radar,17,11,24,23,75,0,0,15,20,35,17,11,39,43,110,64,24,88,198
11/01/2022,ACY,NJ,AEA,EN,Combined TRACON& Tower with Radar,18,5,30,17,70,0,0,13,28,41,18,5,43,45,111,34,38,72,183
11/02/2022,ACY,NJ,AEA,EN,Combined TRACON& Tower with Radar,19,10,18,44,91,0,0,30,19,49,19,10,48,63,140,8,44,52,192
11/03/2022,ACY,NJ,AEA,EN,Combined TRACON& Tower with Radar,17,10,23,29,79,0,2,19,26,47,17,12,42,55,126,2,44,46,172
11/04/2022,ACY,NJ,AEA,EN,Combined TRACON& Tower with Radar,22,10,20,8,60,0,0,23,17,40,22,10,43,25,100,22,0,22,122
11/05/2022,ACY,NJ,AEA,EN,Combined TRACON& Tower with Radar,23,7,28,12,70,0,0,26,6,32,23,7,54,18,102,10,40,50,152
11/06/2022,ACY,NJ,AEA,EN,Combined TRACON& Tower with Radar,16,9,17,8,50,0,2,32,13,47,16,11,49,21,97,46,40,86,183
11/07/2022,ACY,NJ,AEA,EN,Combined TRACON& Tower with Radar,18,11,24,11,64,0,2,42,30,74,18,13,66,41,138,60,16,76,214
11/08/2022,ACY,NJ,AEA,EN,Combined TRACON& Tower with Radar,18,10,30,22,80,0,2,37,26,65,18,12,67,48,145,0,22,22,167
11/09/2022,ACY,NJ,AEA,EN,Combined TRACON& Tower with Radar,17,7,16,14,54,0,0,31,25,56,17,7,47,39,110,50,54,104,214
11/10/2022,ACY,NJ,AEA,EN,Combined TRACON& Tower with Radar,14,8,15,17,54,0,1,38,30,69,14,9,53,47,123,20,42,62,185
11/11/2022,ACY,NJ,AEA,EN,Combined TRACON& Tower with Radar,18,10,18,0,46,0,0,4,3,7,18,10,22,3,53,0,6,6,59
11/12/2022,ACY,NJ,AEA,EN,Combined TRACON& Tower with Radar,19,8,17,0,44,0,0,24,5,29,19,8,41,5,73,0,0,0,73
11/13/2022,ACY,NJ,AEA,EN,Combined TRACON& Tower with Radar,18,16,17,2,53,0,1,2,2,5,18,17,19,4,58,16,26,42,100
11/14/2022,ACY,NJ,AEA,EN,Combined TRACON& Tower with Radar,20,9,20,10,59,0,1,34,41,76,20,10,54,51,135,74,8,82,217
11/15/2022,ACY,NJ,AEA,EN,Combined TRACON& Tower with Radar,16,4,14,45,79,0,1,28,13,42,16,5,42,58,121,20,66,86,207
11/16/2022,ACY,NJ,AEA,EN,Combined TRACON& Tower with Radar,22,8,20,43,93,0,2,15,32,49,22,10,35,75,142,22,50,72,214
11/17/2022,ACY,NJ,AEA,EN,Combined TRACON& Tower with Radar,17,13,20,27,77,0,1,42,34,77,17,14,62,61,154,32,50,82,236
11/18/2022,ACY,NJ,AEA,EN,Combined TRACON& Tower with Radar,17,10,35,9,71,0,0,32,26,58,17,10,67,35,129,8,32,40,169
11/19/2022,ACY,NJ,AEA,EN,Combined TRACON& Tower with Radar,18,11,22,2,53,0,0,29,7,36,18,11,51,9,89,28,14,42,131
11/20/2022,ACY,NJ,AEA,EN,Combined TRACON& Tower with Radar,20,17,10,4,51,0,0,15,5,20,20,17,25,9,71,2,12,14,85
11/21/2022,ACY,NJ,AEA,EN,Combined TRACON& Tower with Radar,16,7,14,18,55,0,1,40,30,71,16,8,54,48,126,50,8,58,184
11/22/2022,ACY,NJ,AEA,EN,Combined TRACON& Tower with Radar,18,14,10,28,70,0,4,39,27,70,18,18,49,55,140,38,46,84,224
11/23/2022,ACY,NJ,AEA,EN,Combined TRACON& Tower with Radar,20,3,30,15,68,0,2,39,15,56,20,5,69,30,124,48,64,112,236
11/24/2022,ACY,NJ,AEA,EN,Combined TRACON& Tower with Radar,16,3,6,0,25,0,0,17,6,23,16,3,23,6,48,0,18,18,66
11/25/2022,ACY,NJ,AEA,EN,Combined TRACON& Tower with Radar,18,11,12,1,42,0,0,4,6,10,18,11,16,7,52,0,0,0,52
11/26/2022,ACY,NJ,AEA,EN,Combined TRACON& Tower with Radar,20,7,24,1,52,0,0,46,7,53,20,7,70,8,105,12,0,12,117
11/27/2022,ACY,NJ,AEA,EN,Combined TRACON& Tower with Radar,16,11,19,4,50,0,0,7,4,11,16,11,26,8,61,0,0,0,61
11/28/2022,ACY,NJ,AEA,EN,Combined TRACON& Tower with Radar,17,7,14,23,61,0,1,27,19,47,17,8,41,42,108,0,11,11,119
11/29/2022,ACY,NJ,AEA,EN,Combined TRACON& Tower with Radar,19,7,20,50,96,0,2,33,34,69,19,9,53,84,165,70,66,136,301
11/30/2022,ACY,NJ,AEA,EN,Combined TRACON& Tower with Radar,17,8,7,18,50,0,1,0,13,14,17,9,7,31,64,12,46,58,122
12/01/2022,ACY,NJ,AEA,EN,Combined TRACON& Tower with Radar,18,8,20,31,77,0,1,54,54,109,18,9,74,85,186,36,67,103,289
12/02/2022,ACY,NJ,AEA,EN,Combined TRACON& Tower with Radar,18,9,27,13,67,0,3,56,35,94,18,12,83,48,161,32,40,72,233
12/03/2022,ACY,NJ,AEA,EN,Combined TRACON& Tower with Radar,16,9,6,7,38,0,0,2,3,5,16,9,8,10,43,0,22,22,65
12/04/2022,ACY,NJ,AEA,EN,Combined TRACON& Tower with Radar,18,21,22,2,63,0,2,41,7,50,18,23,63,9,113,21,0,21,134
12/05/2022,ACY,NJ,AEA,EN,Combined TRACON& Tower with Radar,17,7,16,10,50,0,2,40,28,70,17,9,56,38,120,14,6,20,140
12/06/2022,ACY,NJ,AEA,EN,Combined TRACON& Tower with Radar,15,6,9,32,62,0,1,2,13,16,15,7,11,45,78,0,0,0,78
12/07/2022,ACY,NJ,AEA,EN,Combined TRACON& Tower with Radar,15,13,7,6,41,0,0,0,7,7,15,13,7,13,48,0,16,16,64
12/08/2022,ACY,NJ,AEA,EN,Combined TRACON& Tower with Radar,15,9,29,43,96,0,3,43,50,96,15,12,72,93,192,38,84,122,314
12/09/2022,ACY,NJ,AEA,EN,Combined TRACON& Tower with Radar,14,9,22,14,59,0,0,41,33,74,14,9,63,47,133,23,18,41,174
12/10/2022,ACY,NJ,AEA,EN,Combined TRACON& Tower with Radar,15,13,11,1,40,0,1,5,3,9,15,14,16,4,49,20,10,30,79
12/11/2022,ACY,NJ,AEA,EN,Combined TRACON& Tower with Radar,13,10,9,2,34,0,0,4,4,8,13,10,13,6,42,0,6,6,48
12/12/2022,ACY,NJ,AEA,EN,Combined TRACON& Tower with Radar,14,7,12,26,59,0,1,14,23,38,14,8,26,49,97,0,20,20,117
12/13/2022,ACY,NJ,AEA,EN,Combined TRACON& Tower with Radar,16,9,14,28,67,0,1,40,27,68,16,10,54,55,135,50,88,138,273
12/14/2022,ACY,NJ,AEA,EN,Combined TRACON& Tower with Radar,13,8,29,34,84,0,0,46,24,70,13,8,75,58,154,26,50,76,230
12/15/2022,ACY,NJ,AEA,EN,Combined TRACON& Tower with Radar,16,8,4,16,44,0,0,1,5,6,16,8,5,21,50,0,20,20,70
12/16/2022,ACY,NJ,AEA,EN,Combined TRACON& Tower with Radar,16,15,16,10,57,0,0,1,7,8,16,15,17,17,65,2,1,3,68
12/17/2022,ACY,NJ,AEA,EN,Combined TRACON& Tower with Radar,16,5,15,0,36,0,0,23,9,32,16,5,38,9,68,20,4,24,92
12/18/2022,ACY,NJ,AEA,EN,Combined TRACON& Tower with Radar,16,8,18,3,45,0,0,24,9,33,16,8,42,12,78,26,2,28,106
12/19/2022,ACY,NJ,AEA,EN,Combined TRACON& Tower with Radar,16,9,9,9,43,0,4,24,15,43,16,13,33,24,86,12,26,38,124
12/20/2022,ACY,NJ,AEA,EN,Combined TRACON& Tower with Radar,17,9,43,27,96,0,1,53,17,71,17,10,96,44,167,80,32,112,279
12/21/2022,ACY,NJ,AEA,EN,Combined TRACON& Tower with Radar,15,7,26,14,62,0,0,29,12,41,15,7,55,26,103,40,64,104,207
12/22/2022,ACY,NJ,AEA,EN,Combined TRACON& Tower with Radar,16,2,6,37,61,0,0,4,4,8,16,2,10,41,69,4,26,30,99
12/23/2022,ACY,NJ,AEA,EN,Combined TRACON& Tower with Radar,16,3,2,2,23,0,0,0,6,6,16,3,2,8,29,0,6,6,35
12/24/2022,ACY,NJ,AEA,EN,Combined TRACON& Tower with Radar,12,2,2,0,16,0,0,6,7,13,12,2,8,7,29,0,0,0,29
12/25/2022,ACY,NJ,AEA,EN,Combined TRACON& Tower with Radar,11,4,0,3,18,0,0,7,1,8,11,4,7,4,26,0,0,0,26
12/26/2022,ACY,NJ,AEA,EN,Combined TRACON& Tower with Radar,6,9,14,4,33,0,0,26,10,36,6,9,40,14,69,22,0,22,91
12/27/2022,ACY,NJ,AEA,EN,Combined TRACON& Tower with Radar,11,3,20,23,57,0,0,34,23,57,11,3,54,46,114,0,2,2,116
12/28/2022,ACY,NJ,AEA,EN,Combined TRACON& Tower with Radar,16,8,22,38,84,0,1,40,19,60,16,9,62,57,144,0,38,38,182
12/29/2022,ACY,NJ,AEA,EN,Combined TRACON& Tower with Radar,18,8,16,24,66,0,0,37,22,59,18,8,53,46,125,8,68,76,201
12/30/2022,ACY,NJ,AEA,EN,Combined TRACON& Tower with Radar,20,13,29,4,66,0,0,29,18,47,20,13,58,22,113,12,0,12,125
12/31/2022,ACY,NJ,AEA,EN,Combined TRACON& Tower with Radar,16,2,9,0,27,0,0,0,0,0,16,2,9,0,27,0,0,0,27
01/01/2023,ACY,NJ,AEA,EN,Combined TRACON& Tower with Radar,17,10,22,1,50,0,0,14,4,18,17,10,36,5,68,0,0,0,68
01/02/2023,ACY,NJ,AEA,EN,Combined TRACON& Tower with Radar,13,13,32,7,65,0,0,40,8,48,13,13,72,15,113,4,4,8,121
01/03/2023,ACY,NJ,AEA,EN,Combined TRACON& Tower with Radar,16,7,23,23,69,0,0,13,21,34,16,7,36,44,103,6,20,26,129
01/04/2023,ACY,NJ,AEA,EN,Combined TRACON& Tower with Radar,8,11,33,89,141,0,0,9,22,31,8,11,42,111,172,18,88,106,278
01/05/2023,ACY,NJ,AEA,EN,Combined TRACON& Tower with Radar,13,11,20,39,83,0,0,22,2,24,13,11,42,41,107,4,10,14,121
01/06/2023,ACY,NJ,AEA,EN,Combined TRACON& Tower with Radar,13,8,24,11,56,0,0,21,7,28,13,8,45,18,84,38,2,40,124
01/07/2023,ACY,NJ,AEA,EN,Combined TRACON& Tower with Radar,15,7,22,8,52,0,0,45,10,55,15,7,67,18,107,64,34,98,205
01/08/2023,ACY,NJ,AEA,EN,Combined TRACON& Tower with Radar,16,13,30,10,69,0,0,36,7,43,16,13,66,17,112,30,14,44,156
01/09/2023,ACY,NJ,AEA,EN,Combined TRACON& Tower with Radar,14,9,27,11,61,0,0,36,30,66,14,9,63,41,127,96,38,134,261
01/10/2023,ACY,NJ,AEA,EN,Combined TRACON& Tower with Radar,14,10,23,46,93,0,2,30,34,66,14,12,53,80,159,22,60,82,241
01/11/2023,ACY,NJ,AEA,EN,Combined TRACON& Tower with Radar,14,12,19,38,83,0,3,52,45,100,14,15,71,83,183,22,94,116,299
01/12/2023,ACY,NJ,AEA,EN,Combined TRACON& Tower with Radar,14,13,22,69,118,0,0,18,23,41,14,13,40,92,159,0,86,86,245
01/13/2023,ACY,NJ,AEA,EN,Combined TRACON& Tower with Radar,15,8,20,14,57,0,0,17,26,43,15,8,37,40,100,24,4,28,128
01/14/2023,ACY,NJ,AEA,EN,Combined TRACON& Tower with Radar,17,9,8,0,34,0,0,14,7,21,17,9,22,7,55,0,0,0,55
01/15/2023,ACY,NJ,AEA,EN,Combined TRACON& Tower with Radar,14,9,10,0,33,0,0,24,6,30,14,9,34,6,63,4,2,6,69
01/16/2023,ACY,NJ,AEA,EN,Combined TRACON& Tower with Radar,16,7,31,3,57,0,1,73,17,91,16,8,104,20,148,86,0,86,234
01/17/2023,ACY,NJ,AEA,EN,Combined TRACON& Tower with Radar,16,5,22,12,55,0,0,33,23,56,16,5,55,35,111,28,68,96,207
01/18/2023,ACY,NJ,AEA,EN,Combined TRACON& Tower with Radar,14,8,12,51,85,0,0,31,36,67,14,8,43,87,152,12,44,56,208
01/19/2023,ACY,NJ,AEA,EN,Combined TRACON& Tower with Radar,17,12,15,2,46,0,0,6,11,17,17,12,21,13,63,2,16,18,81
01/20/2023,ACY,NJ,AEA,EN,Combined TRACON& Tower with Radar,15,8,16,3,42,0,0,20,21,41,15,8,36,24,83,2,2,4,87
01/21/2023,ACY,NJ,AEA,EN,Combined TRACON& Tower with Radar,13,4,36,0,53,0,0,45,6,51,13,4,81,6,104,2,0,2,106
01/22/2023,ACY,NJ,AEA,EN,Combined TRACON& Tower with Radar,16,11,22,7,56,0,0,16,7,23,16,11,38,14,79,2,2,4,83
01/23/2023,ACY,NJ,AEA,EN,Combined TRACON& Tower with Radar,15,13,18,17,63,0,0,4,22,26,15,13,22,39,89,0,10,10,99
01/24/2023,ACY,NJ,AEA,EN,Combined TRACON& Tower with Radar,16,15,21,41,93,0,1,39,32,72,16,16,60,73,165,26,82,108,273
01/25/2023,ACY,NJ,AEA,EN,Combined TRACON& Tower with Radar,16,7,6,26,55,0,0,10,15,25,16,7,16,41,80,10,46,56,136
01/26/2023,ACY,NJ,AEA,EN,Combined TRACON& Tower with Radar,16,17,12,28,73,0,1,14,29,44,16,18,26,57,117,2,50,52,169
01/27/2023,ACY,NJ,AEA,EN,Combined TRACON& Tower with Radar,14,10,26,14,64,0,0,33,33,66,14,10,59,47,130,18,44,62,192
01/28/2023,ACY,NJ,AEA,EN,Combined TRACON& Tower with Radar,13,8,51,6,78,0,0,52,3,55,13,8,103,9,133,44,0,44,177
01/29/2023,ACY,NJ,AEA,EN,Combined TRACON& Tower with Radar,19,13,15,6,53,0,0,26,7,33,19,13,41,13,86,0,0,0,86
01/30/2023,ACY,NJ,AEA,EN,Combined TRACON& Tower with Radar,13,4,15,9,41,0,1,38,21,60,13,5,53,30,101,0,0,0,101
01/31/2023,ACY,NJ,AEA,EN,Combined TRACON& Tower with Radar,13,10,6,27,56,0,0,0,8,8,13,10,6,35,64,0,0,0,64
02/01/2023,ACY,NJ,AEA,EN,Combined TRACON& Tower with Radar,16,9,11,50,86,0,0,20,26,46,16,9,31,76,132,6,60,66,198
02/02/2023,ACY,NJ,AEA,EN,Combined TRACON& Tower with Radar,16,12,14,68,110,0,1,30,43,74,16,13,44,111,184,10,160,170,354
02/03/2023,ACY,NJ,AEA,EN,Combined TRACON& Tower with Radar,15,9,4,17,45,0,0,3,11,14,15,9,7,28,59,0,6,6,65
02/04/2023,ACY,NJ,AEA,EN,Combined TRACON& Tower with Radar,17,8,23,14,62,0,0,36,20,56,17,8,59,34,118,34,60,94,212
02/05/2023,ACY,NJ,AEA,EN,Combined TRACON& Tower with Radar,16,14,13,4,47,0,0,30,5,35,16,14,43,9,82,0,12,12,94
02/06/2023,ACY,NJ,AEA,EN,Combined TRACON& Tower with Radar,15,16,14,12,57,0,0,18,17,35,15,16,32,29,92,8,18,26,118
02/07/2023,ACY,NJ,AEA,EN,Combined TRACON& Tower with Radar,19,5,22,49,95,0,1,35,27,63,19,6,57,76,158,10,30,40,198
02/08/2023,ACY,NJ,AEA,EN,Combined TRACON& Tower with Radar,16,6,16,33,71,0,0,44,33,77,16,6,60,66,148,38,46,84,232
02/09/2023,ACY,NJ,AEA,EN,Combined TRACON& Tower with Radar,20,15,24,18,77,0,0,15,29,44,20,15,39,47,121,8,30,38,159
02/10/2023,ACY,NJ,AEA,EN,Combined TRACON& Tower with Radar,17,11,22,7,57,0,0,19,35,54,17,11,41,42,111,8,38,46,157
02/11/2023,ACY,NJ,AEA,EN,Combined TRACON& Tower with Radar,19,5,19,1,44,0,0,31,1,32,19,5,50,2,76,6,0,6,82
02/12/2023,ACY,NJ,AEA,EN,Combined TRACON& Tower with Radar,19,12,10,0,41,0,0,5,3,8,19,12,15,3,49,22,0,22,71
02/13/2023,ACY,NJ,AEA,EN,Combined TRACON& Tower with Radar,17,9,13,2,41,0,0,24,4,28,17,9,37,6,69,0,6,6,75
02/14/2023,ACY,NJ,AEA,EN,Combined TRACON& Tower with Radar,18,8,19,36,81,0,1,30,23,54,18,9,49,59,135,22,40,62,197
02/15/2023,ACY,NJ,AEA,EN,Combined TRACON& Tower with Radar,17,6,10,21,54,0,0,27,23,50,17,6,37,44,104,4,6,10,114
02/16/2023,ACY,NJ,AEA,EN,Combined TRACON& Tower with Radar,18,23,19,33,93,0,0,28,29,57,18,23,47,62,150,16,68,84,234
02/17/2023,ACY,NJ,AEA,EN,Combined TRACON& Tower with Radar,21,13,6,15,55,0,0,3,3,6,21,13,9,18,61,0,10,10,71
02/18/2023,ACY,NJ,AEA,EN,Combined TRACON& Tower with Radar,20,9,29,3,61,0,0,47,5,52,20,9,76,8,113,22,0,22,135
02/19/2023,ACY,NJ,AEA,EN,Combined TRACON& Tower with Radar,17,11,24,1,53,0,0,31,6,37,17,11,55,7,90,4,0,4,94
02/20/2023,ACY,NJ,AEA,EN,Combined TRACON& Tower with Radar,15,7,27,3,52,0,0,36,7,43,15,7,63,10,95,2,2,4,99
02/21/2023,ACY,NJ,AEA,EN,Combined TRACON& Tower with Radar,22,5,17,24,68,0,0,10,26,36,22,5,27,50,104,12,84,96,200
02/22/2023,ACY,NJ,AEA,EN,Combined TRACON& Tower with Radar,18,5,19,46,88,0,0,9,28,37,18,5,28,74,125,14,62,76,201
02/23/2023,ACY,NJ,AEA,EN,Combined TRACON& Tower with Radar,18,15,18,37,88,0,0,12,18,30,18,15,30,55,118,42,26,68,186
02/24/2023,ACY,NJ,AEA,EN,Combined TRACON& Tower with Radar,18,8,10,8,44,0,2,21,30,53,18,10,31,38,97,22,24,46,143
02/25/2023,ACY,NJ,AEA,EN,Combined TRACON& Tower with Radar,20,5,15,2,42,0,0,15,6,21,20,5,30,8,63,0,20,20,83
02/26/2023,ACY,NJ,AEA,EN,Combined TRACON& Tower with Radar,19,12,53,0,84,0,0,25,7,32,19,12,78,7,116,0,2,2,118
02/27/2023,ACY,NJ,AEA,EN,Combined TRACON& Tower with Radar,18,9,27,25,79,0,0,31,24,55,18,9,58,49,134,40,54,94,228
02/28/2023,ACY,NJ,AEA,EN,Combined TRACON& Tower with Radar,18,10,13,44,85,0,0,5,14,19,18,10,18,58,104,0,0,0,104
03/01/2023,ACY,NJ,AEA,EN,Combined TRACON& Tower with Radar,15,11,33,29,88,0,3,27,26,56,15,14,60,55,144,6,42,48,192
03/02/2023,ACY,NJ,AEA,EN,Combined TRACON& Tower with Radar,19,15,34,24,92,0,0,18,27,45,19,15,52,51,137,46,30,76,213
03/03/2023,ACY,NJ,AEA,EN,Combined TRACON& Tower with Radar,20,7,28,14,69,0,1,42,7,50,20,8,70,21,119,22,22,44,163
03/04/2023,ACY,NJ,AEA,EN,Combined TRACON& Tower with Radar,17,16,10,7,50,0,0,4,8,12,17,16,14,15,62,4,32,36,98
03/05/2023,ACY,NJ,AEA,EN,Combined TRACON& Tower with Radar,20,9,27,12,68,0,1,50,10,61,20,10,77,22,129,34,6,40,169
03/06/2023,ACY,NJ,AEA,EN,Combined TRACON& Tower with Radar,19,12,29,14,74,0,1,60,30,91,19,13,89,44,165,88,26,114,279
03/07/2023,ACY,NJ,AEA,EN,Combined TRACON& Tower with Radar,21,7,15,4,47,0,0,9,21,30,21,7,24,25,77,0,16,16,93
03/08/2023,ACY,NJ,AEA,EN,Combined TRACON& Tower with Radar,19,8,18,18,63,0,0,15,19,34,19,8,33,37,97,0,20,20,117
03/09/2023,ACY,NJ,AEA,EN,Combined TRACON& Tower with Radar,22,7,23,19,71,0,0,29,27,56,22,7,52,46,127,8,10,18,145
03/10/2023,ACY,NJ,AEA,EN,Combined TRACON& Tower with Radar,17,9,23,10,59,0,0,16,15,31,17,9,39,25,90,12,4,16,106
03/11/2023,ACY,NJ,AEA,EN,Combined TRACON& Tower with Radar,19,11,13,0,43,0,0,6,0,6,19,11,19,0,49,2,0,2,51
03/12/2023,ACY,NJ,AEA,EN,Combined TRACON& Tower with Radar,18,16,38,2,74,0,0,67,11,78,18,16,105,13,152,50,0,50,202
03/13/2023,ACY,NJ,AEA,EN,Combined TRACON& Tower with Radar,18,9,9,9,45,0,0,0,6,6,18,9,9,15,51,0,0,0,51
03/14/2023,ACY,NJ,AEA,EN,Combined TRACON& Tower with Radar,19,6,6,4,35,0,1,1,18,20,19,7,7,22,55,10,4,14,69
03/15/2023,ACY,NJ,AEA,EN,Combined TRACON& Tower with Radar,20,10,10,27,67,0,0,7,31,38,20,10,17,58,105,14,64,78,183
03/16/2023,ACY,NJ,AEA,EN,Combined TRACON& Tower with Radar,21,12,29,16,78,0,6,53,25,84,21,18,82,41,162,24,28,52,214
03/17/2023,ACY,NJ,AEA,EN,Combined TRACON& Tower with Radar,17,19,29,7,72,0,0,45,11,56,17,19,74,18,128,20,6,26,154
03/18/2023,ACY,NJ,AEA,EN,Combined TRACON& Tower with Radar,24,7,27,1,59,0,2,40,4,46,24,9,67,5,105,48,8,56,161
03/19/2023,ACY,NJ,AEA,EN,Combined TRACON& Tower with Radar,19,10,19,6,54,0,1,11,4,16,19,11,30,10,70,14,0,14,84
03/20/2023,ACY,NJ,AEA,EN,Combined TRACON& Tower with Radar,16,11,23,9,59,0,4,56,37,97,16,15,79,46,156,18,40,58,214
03/21/2023,ACY,NJ,AEA,EN,Combined TRACON& Tower with Radar,20,8,15,7,50,0,3,45,36,84,20,11,60,43,134,76,20,96,230
03/22/2023,ACY,NJ,AEA,EN,Combined TRACON& Tower with Radar,16,8,23,26,73,0,1,41,17,59,16,9,64,43,132,8,8,16,148
03/23/2023,ACY,NJ,AEA,EN,Combined TRACON& Tower with Radar,20,10,23,22,75,0,1,11,29,41,20,11,34,51,116,4,36,40,156
03/24/2023,ACY,NJ,AEA,EN,Combined TRACON& Tower with Radar,20,11,36,8,75,0,2,8,24,34,20,13,44,32,109,0,32,32,141
03/25/2023,ACY,NJ,AEA,EN,Combined TRACON& Tower with Radar,16,9,14,6,45,0,1,2,4,7,16,10,16,10,52,0,0,0,52
03/26/2023,ACY,NJ,AEA,EN,Combined TRACON& Tower with Radar,17,10,52,10,89,0,1,46,6,53,17,11,98,16,142,34,4,38,180
03/27/2023,ACY,NJ,AEA,EN,Combined TRACON& Tower with Radar,21,15,20,42,98,0,0,21,16,37,21,15,41,58,135,50,72,122,257
03/28/2023,ACY,NJ,AEA,EN,Combined TRACON& Tower with Radar,18,14,19,51,102,0,0,21,22,43,18,14,40,73,145,0,2,2,147
03/29/2023,ACY,NJ,AEA,EN,Combined TRACON& Tower with Radar,18,13,28,50,109,0,1,55,26,82,18,14,83,76,191,30,88,118,309
03/30/2023,ACY,NJ,AEA,EN,Combined TRACON& Tower with Radar,17,15,34,22,88,0,0,51,33,84,17,15,85,55,172,40,56,96,268
03/31/2023,ACY,NJ,AEA,EN,Combined TRACON& Tower with Radar,19,15,18,5,57,0,0,20,17,37,19,15,38,22,94,6,0,6,100
04/01/2023,ACY,NJ,AEA,EN,Combined TRACON& Tower with Radar,17,5,7,0,29,0,0,3,1,4,17,5,10,1,33,0,0,0,33
04/02/2023,ACY,NJ,AEA,EN,Combined TRACON& Tower with Radar,17,17,24,0,58,0,0,24,5,29,17,17,48,5,87,4,0,4,91
04/03/2023,ACY,NJ,AEA,EN,Combined TRACON& Tower with Radar,19,7,17,3,46,0,2,35,28,65,19,9,52,31,111,36,50,86,197
04/04/2023,ACY,NJ,AEA,EN,Combined TRACON& Tower with Radar,20,11,16,29,76,0,0,42,47,89,20,11,58,76,165,18,70,88,253
04/05/2023,ACY,NJ,AEA,EN,Combined TRACON& Tower with Radar,19,19,12,21,71,0,0,6,19,25,19,19,18,40,96,0,0,0,96
04/06/2023,ACY,NJ,AEA,EN,Combined TRACON& Tower with Radar,25,12,8,10,55,0,0,27,28,55,25,12,35,38,110,12,54,66,176
04/07/2023,ACY,NJ,AEA,EN,Combined TRACON& Tower with Radar,23,10,28,11,72,0,1,46,14,61,23,11,74,25,133,42,10,52,185
04/08/2023,ACY,NJ,AEA,EN,Combined TRACON& Tower with Radar,22,10,17,6,55,0,1,46,2,49,22,11,63,8,104,28,0,28,132
04/09/2023,ACY,NJ,AEA,EN,Combined TRACON& Tower with Radar,26,14,21,1,62,0,0,25,4,29,26,14,46,5,91,6,0,6,97
04/10/2023,ACY,NJ,AEA,EN,Combined TRACON& Tower with Radar,23,7,21,17,68,0,0,51,11,62,23,7,72,28,130,0,0,0,130
04/11/2023,ACY,NJ,AEA,EN,Combined TRACON& Tower with Radar,22,10,23,37,92,0,0,32,31,63,22,10,55,68,155,6,82,88,243
04/12/2023,ACY,NJ,AEA,EN,Combined TRACON& Tower with Radar,23,12,28,41,104,0,1,38,44,83,23,13,66,85,187,28,74,102,289
04/13/2023,ACY,NJ,AEA,EN,Combined TRACON& Tower with Radar,16,16,28,18,78,0,1,35,40,76,16,17,63,58,154,30,55,85,239
04/14/2023,ACY,NJ,AEA,EN,Combined TRACON& Tower with Radar,17,10,27,23,77,0,1,54,28,83,17,11,81,51,160,44,24,68,228
04/15/2023,ACY,NJ,AEA,EN,Combined TRACON& Tower with Radar,24,9,9,1,43,0,0,0,0,0,24,9,9,1,43,0,0,0,43
04/16/2023,ACY,NJ,AEA,EN,Combined TRACON& Tower with Radar,22,10,36,2,70,0,1,9,4,14,22,11,45,6,84,10,40,50,134
04/17/2023,ACY,NJ,AEA,EN,Combined TRACON& Tower with Radar,10,8,32,12,62,0,2,29,11,42,10,10,61,23,104,14,62,76,180
04/18/2023,ACY,NJ,AEA,EN,Combined TRACON& Tower with Radar,26,7,27,26,86,0,2,30,42,74,26,9,57,68,160,38,34,72,232
04/19/2023,ACY,NJ,AEA,EN,Combined TRACON& Tower with Radar,24,10,34,36,104,0,3,53,39,95,24,13,87,75,199,18,70,88,287
04/20/2023,ACY,NJ,AEA,EN,Combined TRACON& Tower with Radar,20,15,24,37,96,0,6,54,48,108,20,21,78,85,204,16,56,72,276
04/21/2023,ACY,NJ,AEA,EN,Combined TRACON& Tower with Radar,26,17,21,46,110,0,0,41,26,67,26,17,62,72,177,8,52,60,237
04/22/2023,ACY,NJ,AEA,EN,Combined TRACON& Tower with Radar,23,15,19,3,60,0,0,32,9,41,23,15,51,12,101,0,0,0,101
04/23/2023,ACY,NJ,AEA,EN,Combined TRACON& Tower with Radar,22,18,34,7,81,0,0,31,14,45,22,18,65,21,126,18,18,36,162
04/24/2023,ACY,NJ,AEA,EN,Combined TRACON& Tower with Radar,24,11,34,13,82,0,1,47,12,60,24,12,81,25,142,46,0,46,188
04/25/2023,ACY,NJ,AEA,EN,Combined TRACON& Tower with Radar,24,13,43,51,131,0,0,61,29,90,24,13,104,80,221,74,96,170,391
04/26/2023,ACY,NJ,AEA,EN,Combined TRACON& Tower with Radar,23,23,30,80,156,0,1,52,31,84,23,24,82,111,240,66,106,172,412
04/27/2023,ACY,NJ,AEA,EN,Combined TRACON& Tower with Radar,22,18,41,29,110,0,0,25,30,55,22,18,66,59,165,20,20,40,205
04/28/2023,ACY,NJ,AEA,EN,Combined TRACON& Tower with Radar,23,15,9,7,54,0,0,2,9,11,23,15,11,16,65,16,30,46,111
04/29/2023,ACY,NJ,AEA,EN,Combined TRACON& Tower with Radar,21,12,19,2,54,0,0,0,1,1,21,12,19,3,55,0,0,0,55
04/30/2023,ACY,NJ,AEA,EN,Combined TRACON& Tower with Radar,24,16,5,0,45,0,0,0,0,0,24,16,5,0,45,0,0,0,45
05/01/2023,ACY,NJ,AEA,EN,Combined TRACON& Tower with Radar,26,10,32,11,79,0,0,38,7,45,26,10,70,18,124,18,0,18,142
05/02/2023,ACY,NJ,AEA,EN,Combined TRACON& Tower with Radar,23,11,45,18,97,0,2,35,15,52,23,13,80,33,149,36,8,44,193
05/03/2023,ACY,NJ,AEA,EN,Combined TRACON& Tower with Radar,26,12,20,28,86,0,0,27,16,43,26,12,47,44,129,10,40,50,179
05/04/2023,ACY,NJ,AEA,EN,Combined TRACON& Tower with Radar,24,16,20,12,72,0,0,28,15,43,24,16,48,27,115,22,52,74,189
05/05/2023,ACY,NJ,AEA,EN,Combined TRACON& Tower with Radar,19,15,34,13,81,0,0,24,10,34,19,15,58,23,115,16,0,16,131
05/06/2023,ACY,NJ,AEA,EN,Combined TRACON& Tower with Radar,17,9,30,8,64,0,4,68,18,90,17,13,98,26,154,62,16,78,232
05/07/2023,ACY,NJ,AEA,EN,Combined TRACON& Tower with Radar,23,15,35,17,90,0,2,49,12,63,23,17,84,29,153,38,2,40,193
05/08/2023,ACY,NJ,AEA,EN,Combined TRACON& Tower with Radar,18,10,17,11,56,0,6,59,20,85,18,16,76,31,141,62,10,72,213
05/09/2023,ACY,NJ,AEA,EN,Combined TRACON& Tower with Radar,17,10,17,25,69,0,0,43,29,72,17,10,60,54,141,34,38,72,213
05/10/2023,ACY,NJ,AEA,EN,Combined TRACON& Tower with Radar,19,14,18,13,64,0,2,40,33,75,19,16,58,46,139,48,28,76,215
05/11/2023,ACY,NJ,AEA,EN,Combined TRACON& Tower with Radar,15,31,18,10,74,0,3,35,27,65,15,34,53,37,139,32,56,88,227
05/12/2023,ACY,NJ,AEA,EN,Combined TRACON& Tower with Radar,19,10,22,3,54,0,0,35,15,50,19,10,57,18,104,18,2,20,124
05/13/2023,ACY,NJ,AEA,EN,Combined TRACON& Tower with Radar,17,9,12,2,40,0,0,15,6,21,17,9,27,8,61,42,0,42,103
05/14/2023,ACY,NJ,AEA,EN,Combined TRACON& Tower with Radar,15,19,22,4,60,0,0,36,8,44,15,19,58,12,104,34,0,34,138
05/15/2023,ACY,NJ,AEA,EN,Combined TRACON& Tower with Radar,16,10,17,5,48,0,0,35,23,58,16,10,52,28,106,44,34,78,184
05/16/2023,ACY,NJ,AEA,EN,Combined TRACON& Tower with Radar,17,10,16,21,64,0,2,49,29,80,17,12,65,50,144,84,42,126,270
05/17/2023,ACY,NJ,AEA,EN,Combined TRACON& Tower with Radar,14,18,17,40,89,0,0,30,31,61,14,18,47,71,150,4,66,70,220
05/18/2023,ACY,NJ,AEA,EN,Combined TRACON& Tower with Radar,17,17,18,16,68,0,2,40,33,75,17,19,58,49,143,84,4,88,231
05/19/2023,ACY,NJ,AEA,EN,Combined TRACON& Tower with Radar,19,15,28,21,83,0,0,41,21,62,19,15,69,42,145,8,8,16,161
05/20/2023,ACY,NJ,AEA,EN,Combined TRACON& Tower with Radar,17,11,23,2,53,0,0,0,0,0,17,11,23,2,53,0,0,0,53
05/21/2023,ACY,NJ,AEA,EN,Combined TRACON& Tower with Radar,22,20,13,5,60,0,0,23,9,32,22,20,36,14,92,6,0,6,98
05/22/2023,ACY,NJ,AEA,EN,Combined TRACON& Tower with Radar,19,13,19,12,63,0,3,40,33,76,19,16,59,45,139,4,62,66,205
05/23/2023,ACY,NJ,AEA,EN,Combined TRACON& Tower with Radar,18,7,26,13,64,0,10,27,30,67,18,17,53,43,131,18,72,90,221
05/24/2023,ACY,NJ,AEA,EN,Combined TRACON& Tower with Radar,16,12,29,51,108,0,2,56,35,93,16,14,85,86,201,66,86,152,353
05/25/2023,ACY,NJ,AEA,EN,Combined TRACON& Tower with Radar,20,32,34,19,105,0,3,43,34,80,20,35,77,53,185,22,78,100,285
05/26/2023,ACY,NJ,AEA,EN,Combined TRACON& Tower with Radar,18,21,35,4,78,0,3,60,10,73,18,24,95,14,151,40,24,64,215
05/27/2023,ACY,NJ,AEA,EN,Combined TRACON& Tower with Radar,19,11,15,5,50,0,2,22,11,35,19,13,37,16,85,2,6,8,93
05/28/2023,ACY,NJ,AEA,EN,Combined TRACON& Tower with Radar,16,14,24,1,55,0,2,38,11,51,16,16,62,12,106,46,4,50,156
05/29/2023,ACY,NJ,AEA,EN,Combined TRACON& Tower with Radar,14,14,16,3,47,0,2,29,6,37,14,16,45,9,84,12,0,12,96
05/30/2023,ACY,NJ,AEA,EN,Combined TRACON& Tower with Radar,18,12,24,3,57,0,0,20,29,49,18,12,44,32,106,14,30,44,150
05/31/2023,ACY,NJ,AEA,EN,Combined TRACON& Tower with Radar,15,12,31,44,102,0,0,26,31,57,15,12,57,75,159,36,56,92,251
06/01/2023,ACY,NJ,AEA,EN,Combined TRACON& Tower with Radar,16,26,22,35,99,0,0,26,15,41,16,26,48,50,140,14,18,32,172
06/02/2023,ACY,NJ,AEA,EN,Combined TRACON& Tower with Radar,19,12,43,32,106,0,0,44,17,61,19,12,87,49,167,6,32,38,205
06/03/2023,ACY,NJ,AEA,EN,Combined TRACON& Tower with Radar,15,10,45,7,77,0,0,3,10,13,15,10,48,17,90,0,4,4,94
06/04/2023,ACY,NJ,AEA,EN,Combined TRACON& Tower with Radar,16,22,43,3,84,0,0,48,3,51,16,22,91,6,135,34,0,34,169
06/05/2023,ACY,NJ,AEA,EN,Combined TRACON& Tower with Radar,17,12,24,10,63,0,0,51,19,70,17,12,75,29,133,36,24,60,193
06/06/2023,ACY,NJ,AEA,EN,Combined TRACON& Tower with Radar,17,13,24,32,86,0,1,20,19,40,17,14,44,51,126,38,8,46,172
06/07/2023,ACY,NJ,AEA,EN,Combined TRACON& Tower with Radar,15,16,31,27,89,0,0,5,11,16,15,16,36,38,105,4,20,24,129
06/08/2023,ACY,NJ,AEA,EN,Combined TRACON& Tower with Radar,18,8,30,20,76,0,0,4,3,7,18,8,34,23,83,0,8,8,91
06/09/2023,ACY,NJ,AEA,EN,Combined TRACON& Tower with Radar,18,12,44,9,83,0,0,35,15,50,18,12,79,24,133,26,16,42,175
06/10/2023,ACY,NJ,AEA,EN,Combined TRACON& Tower with Radar,16,17,37,4,74,0,0,48,4,52,16,17,85,8,126,8,0,8,134
06/11/2023,ACY,NJ,AEA,EN,Combined TRACON& Tower with Radar,15,16,34,0,65,0,3,39,4,46,15,19,73,4,111,8,0,8,119
06/12/2023,ACY,NJ,AEA,EN,Combined TRACON& Tower with Radar,21,13,16,5,55,0,0,4,7,11,21,13,20,12,66,0,4,4,70
06/13/2023,ACY,NJ,AEA,EN,Combined TRACON& Tower with Radar,17,17,25,22,81,0,0,63,21,84,17,17,88,43,165,4,26,30,195
06/14/2023,ACY,NJ,AEA,EN,Combined TRACON& Tower with Radar,17,16,22,12,67,0,0,36,17,53,17,16,58,29,120,68,68,136,256
06/15/2023,ACY,NJ,AEA,EN,Combined TRACON& Tower with Radar,15,31,42,31,119,0,1,75,25,101,15,32,117,56,220,46,20,66,286
06/16/2023,ACY,NJ,AEA,EN,Combined TRACON& Tower with Radar,24,26,20,21,91,0,0,22,5,27,24,26,42,26,118,8,8,16,134
06/17/2023,ACY,NJ,AEA,EN,Combined TRACON& Tower with Radar,15,24,35,5,79,0,1,53,6,60,15,25,88,11,139,20,0,20,159
06/18/2023,ACY,NJ,AEA,EN,Combined TRACON& Tower with Radar,18,18,22,2,60,0,0,48,5,53,18,18,70,7,113,50,2,52,165
06/19/2023,ACY,NJ,AEA,EN,Combined TRACON& Tower with Radar,18,22,35,5,80,0,0,53,8,61,18,22,88,13,141,42,0,42,183
06/20/2023,ACY,NJ,AEA,EN,Combined TRACON& Tower with Radar,18,10,52,34,114,0,0,13,32,45,18,10,65,66,159,8,26,34,193
06/21/2023,ACY,NJ,AEA,EN,Combined TRACON& Tower with Radar,13,15,15,12,55,0,0,0,10,10,13,15,15,22,65,12,70,82,147
06/22/2023,ACY,NJ,AEA,EN,Combined TRACON& Tower with Radar,16,26,50,32,124,0,0,1,5,6,16,26,51,37,130,0,0,0,130
06/23/2023,ACY,NJ,AEA,EN,Combined TRACON& Tower with Radar,17,16,27,12,72,0,0,4,10,14,17,16,31,22,86,0,5,5,91
06/24/2023,ACY,NJ,AEA,EN,Combined TRACON& Tower with Radar,16,24,17,2,59,0,0,7,10,17,16,24,24,12,76,0,0,0,76
06/25/2023,ACY,NJ,AEA,EN,Combined TRACON& Tower with Radar,20,30,18,1,69,0,1,25,4,30,20,31,43,5,99,14,18,32,131
06/26/2023,ACY,NJ,AEA,EN,Combined TRACON& Tower with Radar,19,27,17,18,81,0,2,22,10,34,19,29,39,28,115,26,22,48,163
06/27/2023,ACY,NJ,AEA,EN,Combined TRACON& Tower with Radar,21,9,34,31,95,0,0,31,22,53,21,9,65,53,148,12,42,54,202
06/28/2023,ACY,NJ,AEA,EN,Combined TRACON& Tower with Radar,14,16,59,24,113,0,1,44,20,65,14,17,103,44,178,22,30,52,230
06/29/2023,ACY,NJ,AEA,EN,Combined TRACON& Tower with Radar,20,28,56,64,168,6,1,32,31,70,26,29,88,95,238,10,62,72,310
06/30/2023,ACY,NJ,AEA,EN,Combined TRACON& Tower with Radar,20,32,60,10,122,0,1,31,18,50,20,33,91,28,172,10,4,14,186
07/01/2023,ACY,NJ,AEA,EN,Combined TRACON& Tower with Radar,16,27,35,2,80,0,0,38,3,41,16,27,73,5,121,12,1,13,134
07/02/2023,ACY,NJ,AEA,EN,Combined TRACON& Tower with Radar,20,32,27,3,82,0,0,12,6,18,20,32,39,9,100,12,0,12,112
07/03/2023,ACY,NJ,AEA,EN,Combined TRACON& Tower with Radar,17,17,27,5,66,0,1,47,7,55,17,18,74,12,121,72,0,72,193
07/04/2023,ACY,NJ,AEA,EN,Combined TRACON& Tower with Radar,10,16,10,2,38,0,0,32,1,33,10,16,42,3,71,34,0,34,105
07/05/2023,ACY,NJ,AEA,EN,Combined TRACON& Tower with Radar,16,17,20,23,76,0,1,62,15,78,16,18,82,38,154,22,52,74,228
07/06/2023,ACY,NJ,AEA,EN,Combined TRACON& Tower with Radar,17,24,25,41,107,0,1,67,42,110,17,25,92,83,217,1,94,95,312
07/07/2023,ACY,NJ,AEA,EN,Combined TRACON& Tower with Radar,18,29,42,22,111,0,0,28,30,58,18,29,70,52,169,40,36,76,245
07/08/2023,ACY,NJ,AEA,EN,Combined TRACON& Tower with Radar,17,22,31,1,71,0,0,17,6,23,17,22,48,7,94,29,4,33,127
07/09/2023,ACY,NJ,AEA,EN,Combined TRACON& Tower with Radar,18,13,24,4,59,0,0,5,3,8,18,13,29,7,67,28,0,28,95
07/10/2023,ACY,NJ,AEA,EN,Combined TRACON& Tower with Radar,24,21,37,12,94,0,0,59,42,101,24,21,96,54,195,8,22,30,225
07/11/2023,ACY,NJ,AEA,EN,Combined TRACON& Tower with Radar,18,10,34,18,80,0,0,77,38,115,18,10,111,56,195,74,46,120,315
07/12/2023,ACY,NJ,AEA,EN,Combined TRACON& Tower with Radar,14,13,33,31,91,0,4,77,39,120,14,17,110,70,211,64,92,156,367
07/13/2023,ACY,NJ,AEA,EN,Combined TRACON& Tower with Radar,17,28,35,27,107,0,5,44,45,94,17,33,79,72,201,32,56,88,289
07/14/2023,ACY,NJ,AEA,EN,Combined TRACON& Tower with Radar,20,23,20,32,95,0,1,36,25,62,20,24,56,57,157,28,44,72,229
07/15/2023,ACY,NJ,AEA,EN,Combined TRACON& Tower with Radar,16,19,13,12,60,0,0,22,6,28,16,19,35,18,88,12,34,46,134
07/16/2023,ACY,NJ,AEA,EN,Combined TRACON& Tower with Radar,18,17,27,0,62,0,0,0,0,0,18,17,27,0,62,0,0,0,62
07/17/2023,ACY,NJ,AEA,EN,Combined TRACON& Tower with Radar,21,15,32,24,92,0,0,39,22,61,21,15,71,46,153,6,80,86,239
07/18/2023,ACY,NJ,AEA,EN,Combined TRACON& Tower with Radar,14,16,25,24,79,0,2,40,41,83,14,18,65,65,162,78,50,128,290
07/19/2023,ACY,NJ,AEA,EN,Combined TRACON& Tower with Radar,16,10,24,18,68,0,0,19,25,44,16,10,43,43,112,27,40,67,179
07/20/2023,ACY,NJ,AEA,EN,Combined TRACON& Tower with Radar,21,30,38,20,109,0,0,33,31,64,21,30,71,51,173,26,28,54,227
07/21/2023,ACY,NJ,AEA,EN,Combined TRACON& Tower with Radar,16,36,27,18,97,0,0,26,29,55,16,36,53,47,152,16,32,48,200
07/22/2023,ACY,NJ,AEA,EN,Combined TRACON& Tower with Radar,15,20,20,0,55,0,0,49,3,52,15,20,69,3,107,8,0,8,115
07/23/2023,ACY,NJ,AEA,EN,Combined TRACON& Tower with Radar,18,33,50,2,103,0,0,56,3,59,18,33,106,5,162,10,0,10,172
07/24/2023,ACY,NJ,AEA,EN,Combined TRACON& Tower with Radar,17,20,44,13,94,0,3,51,31,85,17,23,95,44,179,26,67,93,272
07/25/2023,ACY,NJ,AEA,EN,Combined TRACON& Tower with Radar,16,24,23,28,91,0,0,26,20,46,16,24,49,48,137,10,34,44,181
07/26/2023,ACY,NJ,AEA,EN,Combined TRACON& Tower with Radar,14,21,53,26,114,0,2,76,23,101,14,23,129,49,215,68,44,112,327
07/27/2023,ACY,NJ,AEA,EN,Combined TRACON& Tower with Radar,19,23,29,26,97,0,0,18,28,46,19,23,47,54,143,18,42,60,203
07/28/2023,ACY,NJ,AEA,EN,Combined TRACON& Tower with Radar,20,26,47,12,105,0,0,46,25,71,20,26,93,37,176,6,40,46,222
07/29/2023,ACY,NJ,AEA,EN,Combined TRACON& Tower with Radar,16,18,26,6,66,0,1,41,6,48,16,19,67,12,114,2,0,2,116
07/30/2023,ACY,NJ,AEA,EN,Combined TRACON& Tower with Radar,16,24,43,3,86,0,2,43,6,51,16,26,86,9,137,14,0,14,151
07/31/2023,ACY,NJ,AEA,EN,Combined TRACON& Tower with Radar,17,10,39,12,78,0,3,39,14,56,17,13,78,26,134,18,10,28,162
08/01/2023,ACY,NJ,AEA,EN,Combined TRACON& Tower with Radar,17,13,26,46,102,0,4,55,26,85,17,17,81,72,187,30,60,90,277
08/02/2023,ACY,NJ,AEA,EN,Combined TRACON& Tower with Radar,15,13,40,47,115,0,0,88,26,114,15,13,128,73,229,30,80,110,339
08/03/2023,ACY,NJ,AEA,EN,Combined TRACON& Tower with Radar,17,20,36,25,98,0,3,55,21,79,17,23,91,46,177,41,26,67,244
08/04/2023,ACY,NJ,AEA,EN,Combined TRACON& Tower with Radar,17,37,58,38,150,0,0,3,0,3,17,37,61,38,153,0,0,0,153
08/05/2023,ACY,NJ,AEA,EN,Combined TRACON& Tower with Radar,18,15,23,15,71,0,0,27,4,31,18,15,50,19,102,0,0,0,102
08/06/2023,ACY,NJ,AEA,EN,Combined TRACON& Tower with Radar,19,18,29,0,66,0,2,73,10,85,19,20,102,10,151,50,0,50,201
08/07/2023,ACY,NJ,AEA,EN,Combined TRACON& Tower with Radar,17,18,25,6,66,0,0,3,11,14,17,18,28,17,80,12,24,36,116
08/08/2023,ACY,NJ,AEA,EN,Combined TRACON& Tower with Radar,21,25,45,26,117,0,0,49,35,84,21,25,94,61,201,21,26,47,248
08/09/2023,ACY,NJ,AEA,EN,Combined TRACON& Tower with Radar,15,18,35,25,93,0,0,62,28,90,15,18,97,53,183,20,30,50,233
08/10/2023,ACY,NJ,AEA,EN,Combined TRACON& Tower with Radar,22,23,19,36,100,0,0,17,11,28,22,23,36,47,128,40,28,68,196
08/11/2023,ACY,NJ,AEA,EN,Combined TRACON& Tower with Radar,22,28,57,12,119,0,0,65,21,86,22,28,122,33,205,26,48,74,279
08/12/2023,ACY,NJ,AEA,EN,Combined TRACON& Tower with Radar,23,25,31,24,103,0,1,59,11,71,23,26,90,35,174,42,8,50,224
08/13/2023,ACY,NJ,AEA,EN,Combined TRACON& Tower with Radar,22,26,30,7,85,0,3,51,14,68,22,29,81,21,153,20,0,20,173
08/14/2023,ACY,NJ,AEA,EN,Combined TRACON& Tower with Radar,21,23,27,8,79,0,2,40,20,62,21,25,67,28,141,14,0,14,155
08/15/2023,ACY,NJ,AEA,EN,Combined TRACON& Tower with Radar,16,12,20,4,52,0,3,35,23,61,16,15,55,27,113,0,26,26,139
08/16/2023,ACY,NJ,AEA,EN,Combined TRACON& Tower with Radar,15,21,41,7,84,2,4,31,27,64,17,25,72,34,148,0,2,2,150
08/17/2023,ACY,NJ,AEA,EN,Combined TRACON& Tower with Radar,21,20,52,31,124,0,0,42,22,64,21,20,94,53,188,18,16,34,222
08/18/2023,ACY,NJ,AEA,EN,Combined TRACON& Tower with Radar,22,27,35,9,93,0,4,48,25,77,22,31,83,34,170,26,24,50,220
08/19/2023,ACY,NJ,AEA,EN,Combined TRACON& Tower with Radar,19,19,21,4,63,0,3,34,3,40,19,22,55,7,103,56,0,56,159
08/20/2023,ACY,NJ,AEA,EN,Combined TRACON& Tower with Radar,23,24,19,1,67,0,0,35,1,36,23,24,54,2,103,12,0,12,115
08/21/2023,ACY,NJ,AEA,EN,Combined TRACON& Tower with Radar,25,19,27,11,82,0,0,33,18,51,25,19,60,29,133,22,18,40,173
08/22/2023,ACY,NJ,AEA,EN,Combined TRACON& Tower with Radar,16,13,20,19,68,0,2,41,23,66,16,15,61,42,134,48,80,128,262
08/23/2023,ACY,NJ,AEA,EN,Combined TRACON& Tower with Radar,17,10,24,34,85,0,1,60,21,82,17,11,84,55,167,20,30,50,217
08/24/2023,ACY,NJ,AEA,EN,Combined TRACON& Tower with Radar,23,20,32,60,135,0,0,22,28,50,23,20,54,88,185,28,68,96,281
08/25/2023,ACY,NJ,AEA,EN,Combined TRACON& Tower with Radar,22,22,26,16,86,0,0,21,19,40,22,22,47,35,126,13,12,25,151
08/26/2023,ACY,NJ,AEA,EN,Combined TRACON& Tower with Radar,19,18,19,2,58,0,0,38,3,41,19,18,57,5,99,12,0,12,111
08/27/2023,ACY,NJ,AEA,EN,Combined TRACON& Tower with Radar,23,32,31,0,86,0,2,56,1,59,23,34,87,1,145,30,0,30,175
08/28/2023,ACY,NJ,AEA,EN,Combined TRACON& Tower with Radar,22,13,40,39,114,0,1,17,23,41,22,14,57,62,155,22,18,40,195
08/29/2023,ACY,NJ,AEA,EN,Combined TRACON& Tower with Radar,15,20,47,33,115,0,0,3,9,12,15,20,50,42,127,0,0,0,127
08/30/2023,ACY,NJ,AEA,EN,Combined TRACON& Tower with Radar,14,14,24,29,81,0,0,25,25,50,14,14,49,54,131,28,38,66,197
08/31/2023,ACY,NJ,AEA,EN,Combined TRACON& Tower with Radar,21,18,17,40,96,0,1,54,20,75,21,19,71,60,171,60,72,132,303
