01/01/2000,ADM,OK,ASW,CE,Federal Contract Tower,0,0,4,0,4,0,0,20,0,20,0,0,24,0,24,32,0,32,56
01/02/2000,ADM,OK,ASW,CE,Federal Contract Tower,0,0,3,0,3,0,0,32,0,32,0,0,35,0,35,82,0,82,117
01/03/2000,ADM,OK,ASW,CE,Federal Contract Tower,0,0,7,2,9,0,0,13,0,13,0,0,20,2,22,36,16,52,74
01/04/2000,ADM,OK,ASW,CE,Federal Contract Tower,0,0,9,6,15,0,0,33,5,38,0,0,42,11,53,142,36,178,231
01/05/2000,ADM,OK,ASW,CE,Federal Contract Tower,0,0,4,4,8,0,0,29,4,33,0,0,33,8,41,34,30,64,105
01/06/2000,ADM,OK,ASW,CE,Federal Contract Tower,0,0,12,0,12,0,0,31,0,31,0,0,43,0,43,62,0,62,105
01/07/2000,ADM,OK,ASW,CE,Federal Contract Tower,0,0,9,4,13,0,0,36,0,36,0,0,45,4,49,110,12,122,171
01/08/2000,ADM,OK,ASW,CE,Federal Contract Tower,0,0,4,0,4,0,0,9,0,9,0,0,13,0,13,80,0,80,93
01/09/2000,ADM,OK,ASW,CE,Federal Contract Tower,0,0,8,5,13,0,0,30,2,32,0,0,38,7,45,44,36,80,125
01/10/2000,ADM,OK,ASW,CE,Federal Contract Tower,0,0,25,8,33,0,0,36,0,36,0,0,61,8,69,143,40,183,252
01/11/2000,ADM,OK,ASW,CE,Federal Contract Tower,0,0,10,4,14,0,0,44,13,57,0,0,54,17,71,78,75,153,224
01/12/2000,ADM,OK,ASW,CE,Federal Contract Tower,0,0,8,3,11,0,0,18,15,33,0,0,26,18,44,32,30,62,106
01/13/2000,ADM,OK,ASW,CE,Federal Contract Tower,0,0,13,5,18,0,0,12,6,18,0,0,25,11,36,22,26,48,84
01/14/2000,ADM,OK,ASW,CE,Federal Contract Tower,0,0,14,5,19,0,0,45,0,45,0,0,59,5,64,140,16,156,220
01/15/2000,ADM,OK,ASW,CE,Federal Contract Tower,0,0,5,2,7,0,0,15,0,15,0,0,20,2,22,24,0,24,46
01/16/2000,ADM,OK,ASW,CE,Federal Contract Tower,0,0,4,1,5,0,0,15,0,15,0,0,19,1,20,46,12,58,78
01/17/2000,ADM,OK,ASW,CE,Federal Contract Tower,0,0,18,2,20,0,0,29,0,29,0,0,47,2,49,140,34,174,223
01/18/2000,ADM,OK,ASW,CE,Federal Contract Tower,0,0,12,5,17,0,0,18,3,21,0,0,30,8,38,144,18,162,200
01/19/2000,ADM,OK,ASW,CE,Federal Contract Tower,0,0,11,4,15,0,0,23,1,24,0,0,34,5,39,122,12,134,173
01/20/2000,ADM,OK,ASW,CE,Federal Contract Tower,0,0,22,9,31,0,1,33,7,41,0,1,55,16,72,135,28,163,235
01/21/2000,ADM,OK,ASW,CE,Federal Contract Tower,0,0,14,6,20,0,0,9,2,11,0,0,23,8,31,30,36,66,97
01/22/2000,ADM,OK,ASW,CE,Federal Contract Tower,0,0,7,2,9,0,0,38,2,40,0,0,45,4,49,72,5,77,126
01/23/2000,ADM,OK,ASW,CE,Federal Contract Tower,0,0,3,1,4,0,0,42,2,44,0,0,45,3,48,188,10,198,246
01/24/2000,ADM,OK,ASW,CE,Federal Contract Tower,0,0,13,4,17,0,0,33,0,33,0,0,46,4,50,110,10,120,170
01/25/2000,ADM,OK,ASW,CE,Federal Contract Tower,0,0,24,10,34,0,0,10,14,24,0,0,34,24,58,58,78,136,194
01/26/2000,ADM,OK,ASW,CE,Federal Contract Tower,0,0,7,2,9,0,1,9,0,10,0,1,16,2,19,78,8,86,105
01/27/2000,ADM,OK,ASW,CE,Federal Contract Tower,0,0,3,0,3,0,0,1,0,1,0,0,4,0,4,6,0,6,10
01/28/2000,ADM,OK,ASW,CE,Federal Contract Tower,0,0,3,1,4,0,0,13,3,16,0,0,16,4,20,100,0,100,120
01/29/2000,ADM,OK,ASW,CE,Federal Contract Tower,0,0,2,0,2,0,0,5,0,5,0,0,7,0,7,16,0,16,23
01/30/2000,ADM,OK,ASW,CE,Federal Contract Tower,0,0,7,0,7,0,0,29,0,29,0,0,36,0,36,168,0,168,204
01/31/2000,ADM,OK,ASW,CE,Federal Contract Tower,0,0,12,5,17,0,0,38,3,41,0,0,50,8,58,162,24,186,244
02/01/2000,ADM,OK,ASW,CE,Federal Contract Tower,0,0,8,0,8,0,0,38,0,38,0,0,46,0,46,116,0,116,162
02/02/2000,ADM,OK,ASW,CE,Federal Contract Tower,0,0,11,4,15,0,0,20,4,24,0,0,31,8,39,62,28,90,129
02/03/2000,ADM,OK,ASW,CE,Federal Contract Tower,0,0,7,2,9,0,1,28,0,29,0,1,35,2,38,112,18,130,168
02/04/2000,ADM,OK,ASW,CE,Federal Contract Tower,0,0,30,2,32,0,0,29,0,29,0,0,59,2,61,94,0,94,155
02/05/2000,ADM,OK,ASW,CE,Federal Contract Tower,0,0,13,1,14,0,0,37,0,37,0,0,50,1,51,50,2,52,103
02/06/2000,ADM,OK,ASW,CE,Federal Contract Tower,0,0,17,2,19,0,0,23,0,23,0,0,40,2,42,64,8,72,114
02/07/2000,ADM,OK,ASW,CE,Federal Contract Tower,0,0,27,0,27,0,0,34,0,34,0,0,61,0,61,124,0,124,185
02/08/2000,ADM,OK,ASW,CE,Federal Contract Tower,0,0,41,10,51,0,0,39,11,50,0,0,80,21,101,230,82,312,413
02/09/2000,ADM,OK,ASW,CE,Federal Contract Tower,0,0,10,3,13,0,0,44,15,59,0,0,54,18,72,218,28,246,318
02/10/2000,ADM,OK,ASW,CE,Federal Contract Tower,0,0,22,5,27,0,0,28,2,30,0,0,50,7,57,110,32,142,199
02/11/2000,ADM,OK,ASW,CE,Federal Contract Tower,0,0,31,6,37,0,0,0,0,0,0,0,31,6,37,84,15,99,136
02/12/2000,ADM,OK,ASW,CE,Federal Contract Tower,0,0,5,0,5,0,0,18,0,18,0,0,23,0,23,66,0,66,89
02/13/2000,ADM,OK,ASW,CE,Federal Contract Tower,0,0,6,1,7,0,0,12,1,13,0,0,18,2,20,11,0,11,31
02/14/2000,ADM,OK,ASW,CE,Federal Contract Tower,0,0,24,5,29,0,0,46,3,49,0,0,70,8,78,190,16,206,284
02/15/2000,ADM,OK,ASW,CE,Federal Contract Tower,0,0,27,6,33,0,0,60,6,66,0,0,87,12,99,162,52,214,313
02/16/2000,ADM,OK,ASW,CE,Federal Contract Tower,0,0,10,2,12,0,0,33,2,35,0,0,43,4,47,66,4,70,117
02/17/2000,ADM,OK,ASW,CE,Federal Contract Tower,0,0,11,0,11,0,0,16,0,16,0,0,27,0,27,142,46,188,215
02/18/2000,ADM,OK,ASW,CE,Federal Contract Tower,0,0,22,4,26,0,0,27,7,34,0,0,49,11,60,170,28,198,258
02/19/2000,ADM,OK,ASW,CE,Federal Contract Tower,0,0,22,4,26,0,0,44,3,47,0,0,66,7,73,116,0,116,189
02/20/2000,ADM,OK,ASW,CE,Federal Contract Tower,0,0,13,0,13,0,0,35,0,35,0,0,48,0,48,112,0,112,160
02/21/2000,ADM,OK,ASW,CE,Federal Contract Tower,0,0,20,2,22,0,0,39,0,39,0,0,59,2,61,130,46,176,237
02/22/2000,ADM,OK,ASW,CE,Federal Contract Tower,0,0,10,2,12,0,0,19,10,29,0,0,29,12,41,74,42,116,157
02/23/2000,ADM,OK,ASW,CE,Federal Contract Tower,0,0,41,9,50,0,0,14,19,33,0,0,55,28,83,178,18,196,279
02/24/2000,ADM,OK,ASW,CE,Federal Contract Tower,0,0,23,5,28,0,0,12,1,13,0,0,35,6,41,84,54,138,179
02/25/2000,ADM,OK,ASW,CE,Federal Contract Tower,0,0,16,3,19,0,0,7,4,11,0,0,23,7,30,54,0,54,84
02/26/2000,ADM,OK,ASW,CE,Federal Contract Tower,0,0,9,0,9,0,0,49,0,49,0,0,58,0,58,122,0,122,180
02/27/2000,ADM,OK,ASW,CE,Federal Contract Tower,0,0,6,0,6,0,0,61,0,61,0,0,67,0,67,133,64,197,264
02/28/2000,ADM,OK,ASW,CE,Federal Contract Tower,0,0,18,4,22,0,0,34,16,50,0,0,52,20,72,94,6,100,172
02/29/2000,ADM,OK,ASW,CE,Federal Contract Tower,0,0,24,4,28,0,0,16,0,16,0,0,40,4,44,102,0,102,146
03/01/2000,ADM,OK,ASW,CE,Federal Contract Tower,0,0,26,6,32,0,0,41,9,50,0,0,67,15,82,132,58,190,272
03/02/2000,ADM,OK,ASW,CE,Federal Contract Tower,0,0,2,0,2,0,0,14,0,14,0,0,16,0,16,16,0,16,32
03/03/2000,ADM,OK,ASW,CE,Federal Contract Tower,0,0,12,0,12,0,0,15,0,15,0,0,27,0,27,28,0,28,55
03/04/2000,ADM,OK,ASW,CE,Federal Contract Tower,0,0,11,2,13,0,0,48,0,48,0,0,59,2,61,158,2,160,221
03/05/2000,ADM,OK,ASW,CE,Federal Contract Tower,0,0,0,0,0,0,0,52,0,52,0,0,52,0,52,68,0,68,120
03/06/2000,ADM,OK,ASW,CE,Federal Contract Tower,0,0,11,3,14,0,0,33,13,46,0,0,44,16,60,120,78,198,258
03/07/2000,ADM,OK,ASW,CE,Federal Contract Tower,0,0,15,4,19,0,0,12,1,13,0,0,27,5,32,74,16,90,122
03/08/2000,ADM,OK,ASW,CE,Federal Contract Tower,0,0,8,3,11,0,0,32,8,40,0,0,40,11,51,132,14,146,197
03/09/2000,ADM,OK,ASW,CE,Federal Contract Tower,0,0,22,4,26,0,0,33,0,33,0,0,55,4,59,149,20,169,228
03/10/2000,ADM,OK,ASW,CE,Federal Contract Tower,0,0,5,2,7,0,0,12,0,12,0,0,17,2,19,58,12,70,89
03/11/2000,ADM,OK,ASW,CE,Federal Contract Tower,0,0,8,2,10,0,0,11,0,11,0,0,19,2,21,22,4,26,47
03/12/2000,ADM,OK,ASW,CE,Federal Contract Tower,0,0,14,4,18,0,0,40,0,40,0,0,54,4,58,84,4,88,146
03/13/2000,ADM,OK,ASW,CE,Federal Contract Tower,0,0,14,3,17,0,0,36,0,36,0,0,50,3,53,66,6,72,125
03/14/2000,ADM,OK,ASW,CE,Federal Contract Tower,0,0,14,4,18,0,0,23,5,28,0,0,37,9,46,56,50,106,152
03/15/2000,ADM,OK,ASW,CE,Federal Contract Tower,0,0,14,2,16,0,0,54,0,54,0,0,68,2,70,162,4,166,236
03/16/2000,ADM,OK,ASW,CE,Federal Contract Tower,0,0,4,0,4,0,0,21,0,21,0,0,25,0,25,50,0,50,75
03/17/2000,ADM,OK,ASW,CE,Federal Contract Tower,0,0,0,0,0,0,0,16,0,16,0,0,16,0,16,56,0,56,72
03/18/2000,ADM,OK,ASW,CE,Federal Contract Tower,0,0,2,0,2,0,0,9,0,9,0,0,11,0,11,22,0,22,33
03/19/2000,ADM,OK,ASW,CE,Federal Contract Tower,0,0,16,3,19,0,0,13,1,14,0,0,29,4,33,42,28,70,103
03/20/2000,ADM,OK,ASW,CE,Federal Contract Tower,0,0,13,3,16,0,0,36,3,39,0,0,49,6,55,80,30,110,165
03/21/2000,ADM,OK,ASW,CE,Federal Contract Tower,0,0,8,2,10,0,0,9,6,15,0,0,17,8,25,50,16,66,91
03/22/2000,ADM,OK,ASW,CE,Federal Contract Tower,0,0,5,0,5,0,0,20,0,20,0,0,25,0,25,54,0,54,79
03/23/2000,ADM,OK,ASW,CE,Federal Contract Tower,0,0,7,0,7,0,0,34,0,34,0,0,41,0,41,48,0,48,89
03/24/2000,ADM,OK,ASW,CE,Federal Contract Tower,0,0,16,2,18,0,0,50,0,50,0,0,66,2,68,76,4,80,148
03/25/2000,ADM,OK,ASW,CE,Federal Contract Tower,0,0,12,0,12,0,0,63,0,63,0,0,75,0,75,86,0,86,161
03/26/2000,ADM,OK,ASW,CE,Federal Contract Tower,0,0,6,0,6,0,0,23,0,23,0,0,29,0,29,90,0,90,119
03/27/2000,ADM,OK,ASW,CE,Federal Contract Tower,0,0,18,2,20,0,0,31,0,31,0,0,49,2,51,150,6,156,207
03/28/2000,ADM,OK,ASW,CE,Federal Contract Tower,0,0,18,4,22,0,0,28,0,28,0,0,46,4,50,60,10,70,120
03/29/2000,ADM,OK,ASW,CE,Federal Contract Tower,0,0,5,1,6,0,0,19,4,23,0,0,24,5,29,32,6,38,67
03/30/2000,ADM,OK,ASW,CE,Federal Contract Tower,0,0,17,4,21,0,0,22,8,30,0,0,39,12,51,70,56,126,177
03/31/2000,ADM,OK,ASW,CE,Federal Contract Tower,0,0,26,6,32,0,0,19,2,21,0,0,45,8,53,108,30,138,191
04/01/2000,ADM,OK,ASW,CE,Federal Contract Tower,0,0,6,0,6,0,0,11,0,11,0,0,17,0,17,44,0,44,61
04/02/2000,ADM,OK,ASW,CE,Federal Contract Tower,0,0,5,0,5,0,0,9,0,9,0,0,14,0,14,22,0,22,36
04/03/2000,ADM,OK,ASW,CE,Federal Contract Tower,0,0,10,5,15,0,0,27,3,30,0,0,37,8,45,128,26,154,199
04/04/2000,ADM,OK,ASW,CE,Federal Contract Tower,0,0,19,7,26,0,0,42,26,68,0,0,61,33,94,108,88,196,290
04/05/2000,ADM,OK,ASW,CE,Federal Contract Tower,0,0,9,3,12,0,0,30,13,43,0,0,39,16,55,46,18,64,119
04/06/2000,ADM,OK,ASW,CE,Federal Contract Tower,0,0,14,5,19,0,0,32,4,36,0,0,46,9,55,150,44,194,249
04/07/2000,ADM,OK,ASW,CE,Federal Contract Tower,0,0,9,4,13,0,0,23,2,25,0,0,32,6,38,64,4,68,106
04/08/2000,ADM,OK,ASW,CE,Federal Contract Tower,0,0,7,2,9,0,0,29,4,33,0,0,36,6,42,124,32,156,198
04/09/2000,ADM,OK,ASW,CE,Federal Contract Tower,0,0,4,0,4,0,0,42,0,42,0,0,46,0,46,92,0,92,138
04/10/2000,ADM,OK,ASW,CE,Federal Contract Tower,0,0,16,4,20,0,0,26,4,30,0,0,42,8,50,100,34,134,184
04/11/2000,ADM,OK,ASW,CE,Federal Contract Tower,0,0,13,0,13,0,0,17,0,17,0,0,30,0,30,86,0,86,116
04/12/2000,ADM,OK,ASW,CE,Federal Contract Tower,0,0,21,2,23,0,0,13,0,13,0,0,34,2,36,52,0,52,88
04/13/2000,ADM,OK,ASW,CE,Federal Contract Tower,0,0,21,6,27,0,0,19,4,23,0,0,40,10,50,136,34,170,220
04/14/2000,ADM,OK,ASW,CE,Federal Contract Tower,0,0,0,0,0,0,0,25,9,34,0,0,25,9,34,57,22,79,113
04/15/2000,ADM,OK,ASW,CE,Federal Contract Tower,0,0,0,0,0,0,0,13,0,13,0,0,13,0,13,28,0,28,41
04/16/2000,ADM,OK,ASW,CE,Federal Contract Tower,0,0,15,0,15,0,0,6,0,6,0,0,21,0,21,40,0,40,61
04/17/2000,ADM,OK,ASW,CE,Federal Contract Tower,0,0,17,5,22,0,0,25,2,27,0,0,42,7,49,44,38,82,131
04/18/2000,ADM,OK,ASW,CE,Federal Contract Tower,0,0,20,6,26,0,0,29,6,35,0,0,49,12,61,88,36,124,185
04/19/2000,ADM,OK,ASW,CE,Federal Contract Tower,0,0,8,2,10,0,0,14,16,30,0,0,22,18,40,34,34,68,108
04/20/2000,ADM,OK,ASW,CE,Federal Contract Tower,0,0,19,3,22,0,0,23,0,23,0,0,42,3,45,46,6,52,97
04/21/2000,ADM,OK,ASW,CE,Federal Contract Tower,0,0,11,3,14,0,0,39,1,40,0,0,50,4,54,38,8,46,100
04/22/2000,ADM,OK,ASW,CE,Federal Contract Tower,0,0,0,0,0,0,0,38,2,40,0,0,38,2,40,20,0,20,60
04/23/2000,ADM,OK,ASW,CE,Federal Contract Tower,0,0,1,0,1,0,0,5,0,5,0,0,6,0,6,0,0,0,6
04/24/2000,ADM,OK,ASW,CE,Federal Contract Tower,0,0,27,7,34,0,2,3,9,14,0,2,30,16,48,55,40,95,143
04/25/2000,ADM,OK,ASW,CE,Federal Contract Tower,0,0,10,3,13,0,0,40,10,50,0,0,50,13,63,70,16,86,149
04/26/2000,ADM,OK,ASW,CE,Federal Contract Tower,0,0,1,0,1,0,0,41,8,49,0,0,42,8,50,80,4,84,134
04/27/2000,ADM,OK,ASW,CE,Federal Contract Tower,0,0,9,2,11,0,0,18,1,19,0,0,27,3,30,98,0,98,128
04/28/2000,ADM,OK,ASW,CE,Federal Contract Tower,0,0,24,7,31,0,0,15,6,21,0,0,39,13,52,28,42,70,122
04/29/2000,ADM,OK,ASW,CE,Federal Contract Tower,0,0,4,0,4,0,0,6,1,7,0,0,10,1,11,8,0,8,19
04/30/2000,ADM,OK,ASW,CE,Federal Contract Tower,0,0,1,0,1,1,0,8,0,9,1,0,9,0,10,26,0,26,36
05/01/2000,ADM,OK,ASW,CE,Federal Contract Tower,0,0,4,1,5,0,0,20,0,20,0,0,24,1,25,18,0,18,43
05/02/2000,ADM,OK,ASW,CE,Federal Contract Tower,0,0,34,5,39,0,0,30,0,30,0,0,64,5,69,98,18,116,185
05/03/2000,ADM,OK,ASW,CE,Federal Contract Tower,0,0,19,7,26,0,0,9,15,24,0,0,28,22,50,44,22,66,116
05/04/2000,ADM,OK,ASW,CE,Federal Contract Tower,0,0,19,5,24,0,0,21,0,21,0,0,40,5,45,60,10,70,115
05/05/2000,ADM,OK,ASW,CE,Federal Contract Tower,0,0,2,1,3,0,0,1,0,1,0,0,3,1,4,0,2,2,6
05/06/2000,ADM,OK,ASW,CE,Federal Contract Tower,0,0,3,0,3,0,0,8,0,8,0,0,11,0,11,10,0,10,21
05/07/2000,ADM,OK,ASW,CE,Federal Contract Tower,0,0,0,0,0,0,0,26,0,26,0,0,26,0,26,44,0,44,70
05/08/2000,ADM,OK,ASW,CE,Federal Contract Tower,0,0,20,2,22,0,0,35,0,35,0,0,55,2,57,142,10,152,209
05/09/2000,ADM,OK,ASW,CE,Federal Contract Tower,0,0,23,6,29,0,0,30,0,30,0,0,53,6,59,188,16,204,263
05/10/2000,ADM,OK,ASW,CE,Federal Contract Tower,0,0,41,12,53,0,0,23,0,23,0,0,64,12,76,138,44,182,258
05/11/2000,ADM,OK,ASW,CE,Federal Contract Tower,0,0,20,7,27,0,0,28,3,31,0,0,48,10,58,122,70,192,250
05/12/2000,ADM,OK,ASW,CE,Federal Contract Tower,0,0,14,5,19,1,0,47,7,55,1,0,61,12,74,168,38,206,280
05/13/2000,ADM,OK,ASW,CE,Federal Contract Tower,0,0,7,2,9,0,0,39,0,39,0,0,46,2,48,44,4,48,96
05/14/2000,ADM,OK,ASW,CE,Federal Contract Tower,0,0,13,5,18,0,0,25,3,28,0,0,38,8,46,172,28,200,246
05/15/2000,ADM,OK,ASW,CE,Federal Contract Tower,0,0,15,4,19,0,0,27,10,37,0,0,42,14,56,62,62,124,180
05/16/2000,ADM,OK,ASW,CE,Federal Contract Tower,0,0,11,3,14,0,0,40,11,51,0,0,51,14,65,178,60,238,303
05/17/2000,ADM,OK,ASW,CE,Federal Contract Tower,0,0,7,2,9,0,0,39,2,41,0,0,46,4,50,190,14,204,254
05/18/2000,ADM,OK,ASW,CE,Federal Contract Tower,0,0,15,5,20,0,2,31,4,37,0,2,46,9,57,148,18,166,223
05/19/2000,ADM,OK,ASW,CE,Federal Contract Tower,0,0,9,2,11,0,1,29,7,37,0,1,38,9,48,128,12,140,188
05/20/2000,ADM,OK,ASW,CE,Federal Contract Tower,0,0,14,0,14,0,0,73,0,73,0,0,87,0,87,172,0,172,259
05/21/2000,ADM,OK,ASW,CE,Federal Contract Tower,0,0,4,1,5,0,0,27,0,27,0,0,31,1,32,98,6,104,136
05/22/2000,ADM,OK,ASW,CE,Federal Contract Tower,0,0,12,4,16,0,0,30,17,47,0,0,42,21,63,66,74,140,203
05/23/2000,ADM,OK,ASW,CE,Federal Contract Tower,0,0,8,2,10,0,0,17,2,19,0,0,25,4,29,66,18,84,113
05/24/2000,ADM,OK,ASW,CE,Federal Contract Tower,0,0,4,0,4,0,0,20,14,34,0,0,24,14,38,70,58,128,166
05/25/2000,ADM,OK,ASW,CE,Federal Contract Tower,0,0,5,1,6,0,0,31,0,31,0,0,36,1,37,192,2,194,231
05/26/2000,ADM,OK,ASW,CE,Federal Contract Tower,0,0,5,0,5,0,0,19,0,19,0,0,24,0,24,82,0,82,106
05/27/2000,ADM,OK,ASW,CE,Federal Contract Tower,0,0,6,0,6,0,0,14,0,14,0,0,20,0,20,2,0,2,22
05/28/2000,ADM,OK,ASW,CE,Federal Contract Tower,0,0,5,0,5,0,0,40,0,40,0,0,45,0,45,102,0,102,147
05/29/2000,ADM,OK,ASW,CE,Federal Contract Tower,0,0,6,0,6,0,0,64,0,64,0,0,70,0,70,236,0,236,306
05/30/2000,ADM,OK,ASW,CE,Federal Contract Tower,0,0,14,4,18,0,2,21,19,42,0,2,35,23,60,50,80,130,190
05/31/2000,ADM,OK,ASW,CE,Federal Contract Tower,0,0,21,7,28,0,0,39,29,68,0,0,60,36,96,124,84,208,304
06/01/2000,ADM,OK,ASW,CE,Federal Contract Tower,0,0,26,7,33,0,1,17,6,24,0,1,43,13,57,80,60,140,197
06/02/2000,ADM,OK,ASW,CE,Federal Contract Tower,0,0,22,5,27,0,0,13,8,21,0,0,35,13,48,52,22,74,122
06/03/2000,ADM,OK,ASW,CE,Federal Contract Tower,0,1,5,0,6,0,1,7,0,8,0,2,12,0,14,18,0,18,32
06/04/2000,ADM,OK,ASW,CE,Federal Contract Tower,0,0,1,0,1,0,0,15,0,15,0,0,16,0,16,50,0,50,66
06/05/2000,ADM,OK,ASW,CE,Federal Contract Tower,0,0,16,5,21,0,0,43,9,52,0,0,59,14,73,222,58,280,353
06/06/2000,ADM,OK,ASW,CE,Federal Contract Tower,0,0,7,2,9,0,0,68,13,81,0,0,75,15,90,128,56,184,274
06/07/2000,ADM,OK,ASW,CE,Federal Contract Tower,0,0,17,5,22,0,0,38,10,48,0,0,55,15,70,162,44,206,276
06/08/2000,ADM,OK,ASW,CE,Federal Contract Tower,0,0,12,4,16,0,0,40,9,49,0,0,52,13,65,122,44,166,231
06/09/2000,ADM,OK,ASW,CE,Federal Contract Tower,0,0,3,1,4,0,0,7,5,12,0,0,10,6,16,36,18,54,70
06/10/2000,ADM,OK,ASW,CE,Federal Contract Tower,0,0,1,1,2,0,0,2,1,3,0,0,3,2,5,0,2,2,7
06/11/2000,ADM,OK,ASW,CE,Federal Contract Tower,0,0,9,2,11,0,0,19,0,19,0,0,28,2,30,106,6,112,142
06/12/2000,ADM,OK,ASW,CE,Federal Contract Tower,0,0,16,4,20,0,0,37,0,37,0,0,53,4,57,88,30,118,175
06/13/2000,ADM,OK,ASW,CE,Federal Contract Tower,0,0,16,5,21,1,0,40,6,47,1,0,56,11,68,160,36,196,264
06/14/2000,ADM,OK,ASW,CE,Federal Contract Tower,0,0,9,2,11,0,0,25,18,43,0,0,34,20,54,80,4,84,138
06/15/2000,ADM,OK,ASW,CE,Federal Contract Tower,0,0,29,6,35,0,0,25,0,25,0,0,54,6,60,140,18,158,218
06/16/2000,ADM,OK,ASW,CE,Federal Contract Tower,0,0,12,3,15,0,0,31,2,33,0,0,43,5,48,86,14,100,148
06/17/2000,ADM,OK,ASW,CE,Federal Contract Tower,0,0,0,0,0,0,0,8,0,8,0,0,8,0,8,46,0,46,54
06/18/2000,ADM,OK,ASW,CE,Federal Contract Tower,0,0,4,0,4,0,0,16,1,17,0,0,20,1,21,62,2,64,85
06/19/2000,ADM,OK,ASW,CE,Federal Contract Tower,0,0,8,1,9,0,0,23,1,24,0,0,31,2,33,76,0,76,109
06/20/2000,ADM,OK,ASW,CE,Federal Contract Tower,0,0,10,2,12,0,2,49,2,53,0,2,59,4,65,156,10,166,231
06/21/2000,ADM,OK,ASW,CE,Federal Contract Tower,0,0,6,0,6,0,0,9,0,9,0,0,15,0,15,44,0,44,59
06/22/2000,ADM,OK,ASW,CE,Federal Contract Tower,0,0,17,0,17,0,0,34,0,34,0,0,51,0,51,46,0,46,97
06/23/2000,ADM,OK,ASW,CE,Federal Contract Tower,0,0,20,1,21,0,0,36,0,36,0,0,56,1,57,58,0,58,115
06/24/2000,ADM,OK,ASW,CE,Federal Contract Tower,0,0,13,3,16,0,0,16,1,17,0,0,29,4,33,50,6,56,89
06/25/2000,ADM,OK,ASW,CE,Federal Contract Tower,0,0,3,0,3,0,0,36,0,36,0,0,39,0,39,48,0,48,87
06/26/2000,ADM,OK,ASW,CE,Federal Contract Tower,0,0,17,4,21,0,0,28,6,34,0,0,45,10,55,68,28,96,151
06/27/2000,ADM,OK,ASW,CE,Federal Contract Tower,0,0,12,3,15,0,0,35,1,36,0,0,47,4,51,90,8,98,149
06/28/2000,ADM,OK,ASW,CE,Federal Contract Tower,0,0,12,0,12,0,0,9,0,9,0,0,21,0,21,64,0,64,85
06/29/2000,ADM,OK,ASW,CE,Federal Contract Tower,0,0,16,4,20,0,0,26,10,36,0,0,42,14,56,50,6,56,112
06/30/2000,ADM,OK,ASW,CE,Federal Contract Tower,0,0,4,0,4,0,0,8,4,12,0,0,12,4,16,26,12,38,54
07/01/2000,ADM,OK,ASW,CE,Federal Contract Tower,0,0,0,2,2,0,0,9,0,9,0,0,9,2,11,0,0,0,11
07/02/2000,ADM,OK,ASW,CE,Federal Contract Tower,0,0,4,0,4,0,0,9,0,9,0,0,13,0,13,38,0,38,51
07/03/2000,ADM,OK,ASW,CE,Federal Contract Tower,0,0,0,0,0,0,0,54,0,54,0,0,54,0,54,104,0,104,158
07/04/2000,ADM,OK,ASW,CE,Federal Contract Tower,0,0,3,0,3,0,0,40,0,40,0,0,43,0,43,108,0,108,151
07/05/2000,ADM,OK,ASW,CE,Federal Contract Tower,0,0,11,5,16,0,0,46,19,65,0,0,57,24,81,98,34,132,213
07/06/2000,ADM,OK,ASW,CE,Federal Contract Tower,0,0,18,5,23,0,0,29,0,29,0,0,47,5,52,60,14,74,126
07/07/2000,ADM,OK,ASW,CE,Federal Contract Tower,0,0,17,3,20,0,0,28,10,38,0,0,45,13,58,58,18,76,134
07/08/2000,ADM,OK,ASW,CE,Federal Contract Tower,0,0,5,1,6,0,0,32,7,39,0,0,37,8,45,38,10,48,93
07/09/2000,ADM,OK,ASW,CE,Federal Contract Tower,0,0,5,1,6,0,0,25,1,26,0,0,30,2,32,40,10,50,82
07/10/2000,ADM,OK,ASW,CE,Federal Contract Tower,0,0,18,4,22,0,0,31,2,33,0,0,49,6,55,122,36,158,213
07/11/2000,ADM,OK,ASW,CE,Federal Contract Tower,0,0,14,3,17,0,0,54,4,58,0,0,68,7,75,102,26,128,203
07/12/2000,ADM,OK,ASW,CE,Federal Contract Tower,0,0,24,2,26,0,0,38,0,38,0,0,62,2,64,150,4,154,218
07/13/2000,ADM,OK,ASW,CE,Federal Contract Tower,0,0,17,0,17,0,1,34,0,35,0,1,51,0,52,76,0,76,128
07/14/2000,ADM,OK,ASW,CE,Federal Contract Tower,0,0,4,0,4,0,0,33,0,33,0,0,37,0,37,46,0,46,83
07/15/2000,ADM,OK,ASW,CE,Federal Contract Tower,0,0,13,0,13,0,0,37,0,37,0,0,50,0,50,68,0,68,118
07/16/2000,ADM,OK,ASW,CE,Federal Contract Tower,0,0,1,0,1,0,0,37,0,37,0,0,38,0,38,94,0,94,132
07/17/2000,ADM,OK,ASW,CE,Federal Contract Tower,0,0,12,0,12,0,0,44,0,44,0,0,56,0,56,146,0,146,202
07/18/2000,ADM,OK,ASW,CE,Federal Contract Tower,0,0,20,6,26,0,0,27,6,33,0,0,47,12,59,108,22,130,189
07/19/2000,ADM,OK,ASW,CE,Federal Contract Tower,0,0,23,6,29,0,0,41,28,69,0,0,64,34,98,146,74,220,318
07/20/2000,ADM,OK,ASW,CE,Federal Contract Tower,0,0,19,5,24,0,0,20,7,27,0,0,39,12,51,88,10,98,149
07/21/2000,ADM,OK,ASW,CE,Federal Contract Tower,0,0,18,4,22,0,0,0,3,3,0,0,18,7,25,36,26,62,87
07/22/2000,ADM,OK,ASW,CE,Federal Contract Tower,0,0,2,0,2,0,2,6,0,8,0,2,8,0,10,0,0,0,10
07/23/2000,ADM,OK,ASW,CE,Federal Contract Tower,0,0,11,1,12,0,0,19,0,19,0,0,30,1,31,46,6,52,83
07/24/2000,ADM,OK,ASW,CE,Federal Contract Tower,0,0,24,5,29,0,0,35,5,40,0,0,59,10,69,66,32,98,167
07/25/2000,ADM,OK,ASW,CE,Federal Contract Tower,0,0,13,0,13,0,0,44,0,44,0,0,57,0,57,138,0,138,195
07/26/2000,ADM,OK,ASW,CE,Federal Contract Tower,0,0,15,0,15,0,0,42,0,42,0,0,57,0,57,112,0,112,169
07/27/2000,ADM,OK,ASW,CE,Federal Contract Tower,0,0,7,1,8,0,0,29,1,30,0,0,36,2,38,54,0,54,92
07/28/2000,ADM,OK,ASW,CE,Federal Contract Tower,0,0,9,2,11,0,0,33,0,33,0,0,42,2,44,138,0,138,182
07/29/2000,ADM,OK,ASW,CE,Federal Contract Tower,0,0,3,1,4,0,0,32,1,33,0,0,35,2,37,75,0,75,112
07/30/2000,ADM,OK,ASW,CE,Federal Contract Tower,0,0,6,0,6,0,0,37,0,37,0,0,43,0,43,96,0,96,139
07/31/2000,ADM,OK,ASW,CE,Federal Contract Tower,0,0,21,4,25,0,0,31,9,40,0,0,52,13,65,197,46,243,308
08/01/2000,ADM,OK,ASW,CE,Federal Contract Tower,0,0,17,7,24,0,0,54,5,59,0,0,71,12,83,172,40,212,295
08/02/2000,ADM,OK,ASW,CE,Federal Contract Tower,0,0,10,4,14,0,0,73,5,78,0,0,83,9,92,186,22,208,300
08/03/2000,ADM,OK,ASW,CE,Federal Contract Tower,0,0,11,2,13,0,0,39,0,39,0,0,50,2,52,140,4,144,196
08/04/2000,ADM,OK,ASW,CE,Federal Contract Tower,0,0,10,3,13,0,0,34,0,34,0,0,44,3,47,48,12,60,107
08/05/2000,ADM,OK,ASW,CE,Federal Contract Tower,0,0,5,0,5,0,0,32,0,32,0,0,37,0,37,82,0,82,119
08/06/2000,ADM,OK,ASW,CE,Federal Contract Tower,0,0,9,2,11,0,0,20,0,20,0,0,29,2,31,84,12,96,127
08/07/2000,ADM,OK,ASW,CE,Federal Contract Tower,0,0,10,2,12,0,0,56,0,56,0,0,66,2,68,198,0,198,266
08/08/2000,ADM,OK,ASW,CE,Federal Contract Tower,0,0,21,2,23,0,0,42,0,42,0,0,63,2,65,120,8,128,193
08/09/2000,ADM,OK,ASW,CE,Federal Contract Tower,0,0,20,6,26,1,0,34,0,35,1,0,54,6,61,68,12,80,141
08/10/2000,ADM,OK,ASW,CE,Federal Contract Tower,0,0,20,7,27,0,0,36,0,36,0,0,56,7,63,132,28,160,223
08/11/2000,ADM,OK,ASW,CE,Federal Contract Tower,0,0,14,5,19,0,0,29,10,39,0,0,43,15,58,86,26,112,170
08/12/2000,ADM,OK,ASW,CE,Federal Contract Tower,0,0,2,2,4,0,0,24,12,36,0,0,26,14,40,10,18,28,68
08/13/2000,ADM,OK,ASW,CE,Federal Contract Tower,0,0,4,2,6,0,0,48,0,48,0,0,52,2,54,10,4,14,68
08/14/2000,ADM,OK,ASW,CE,Federal Contract Tower,0,0,6,1,7,0,0,34,11,45,0,0,40,12,52,46,36,82,134
08/15/2000,ADM,OK,ASW,CE,Federal Contract Tower,0,0,8,2,10,0,0,45,15,60,0,0,53,17,70,122,48,170,240
08/16/2000,ADM,OK,ASW,CE,Federal Contract Tower,0,0,14,4,18,0,0,30,12,42,0,0,44,16,60,124,18,142,202
08/17/2000,ADM,OK,ASW,CE,Federal Contract Tower,0,0,14,4,18,0,0,33,6,39,0,0,47,10,57,102,44,146,203
08/18/2000,ADM,OK,ASW,CE,Federal Contract Tower,0,0,16,5,21,0,0,13,7,20,0,0,29,12,41,60,16,76,117
08/19/2000,ADM,OK,ASW,CE,Federal Contract Tower,0,0,5,1,6,0,0,30,1,31,0,0,35,2,37,22,6,28,65
08/20/2000,ADM,OK,ASW,CE,Federal Contract Tower,0,0,2,0,2,0,0,13,0,13,0,0,15,0,15,0,0,0,15
08/21/2000,ADM,OK,ASW,CE,Federal Contract Tower,0,0,7,2,9,0,0,45,2,47,0,0,52,4,56,110,20,130,186
08/22/2000,ADM,OK,ASW,CE,Federal Contract Tower,0,0,3,0,3,0,0,50,0,50,0,0,53,0,53,161,0,161,214
08/23/2000,ADM,OK,ASW,CE,Federal Contract Tower,0,0,9,2,11,0,0,25,5,30,0,0,34,7,41,82,18,100,141
08/24/2000,ADM,OK,ASW,CE,Federal Contract Tower,0,0,12,3,15,0,0,32,12,44,0,0,44,15,59,88,48,136,195
08/25/2000,ADM,OK,ASW,CE,Federal Contract Tower,0,0,9,3,12,0,0,33,5,38,0,0,42,8,50,22,22,44,94
08/26/2000,ADM,OK,ASW,CE,Federal Contract Tower,0,0,8,1,9,0,1,33,0,34,0,1,41,1,43,56,2,58,101
08/27/2000,ADM,OK,ASW,CE,Federal Contract Tower,0,0,16,5,21,0,0,27,0,27,0,0,43,5,48,96,26,122,170
08/28/2000,ADM,OK,ASW,CE,Federal Contract Tower,0,0,14,2,16,0,2,39,0,41,0,2,53,2,57,160,8,168,225
08/29/2000,ADM,OK,ASW,CE,Federal Contract Tower,0,0,16,5,21,0,0,36,5,41,0,0,52,10,62,86,42,128,190
08/30/2000,ADM,OK,ASW,CE,Federal Contract Tower,0,0,12,3,15,0,0,68,31,99,0,0,80,34,114,579,74,653,767
08/31/2000,ADM,OK,ASW,CE,Federal Contract Tower,0,0,5,1,6,0,0,73,7,80,0,0,78,8,86,464,24,488,574
09/01/2000,ADM,OK,ASW,CE,Federal Contract Tower,0,0,2,1,3,0,0,58,19,77,0,0,60,20,80,272,72,344,424
09/02/2000,ADM,OK,ASW,CE,Federal Contract Tower,0,0,1,0,1,0,0,40,0,40,0,0,41,0,41,148,0,148,189
09/03/2000,ADM,OK,ASW,CE,Federal Contract Tower,0,0,0,0,0,0,0,43,0,43,0,0,43,0,43,348,0,348,391
09/04/2000,ADM,OK,ASW,CE,Federal Contract Tower,0,0,2,1,3,0,0,47,1,48,0,0,49,2,51,78,0,78,129
09/05/2000,ADM,OK,ASW,CE,Federal Contract Tower,0,0,15,7,22,0,2,33,2,37,0,2,48,9,59,78,36,114,173
09/06/2000,ADM,OK,ASW,CE,Federal Contract Tower,0,0,10,4,14,0,0,30,6,36,0,0,40,10,50,52,46,98,148
09/07/2000,ADM,OK,ASW,CE,Federal Contract Tower,0,0,15,0,15,0,0,37,0,37,0,0,52,0,52,56,0,56,108
09/08/2000,ADM,OK,ASW,CE,Federal Contract Tower,0,0,13,6,19,0,0,29,0,29,0,0,42,6,48,34,12,46,94
09/09/2000,ADM,OK,ASW,CE,Federal Contract Tower,0,0,10,5,15,0,0,13,8,21,0,0,23,13,36,18,20,38,74
09/10/2000,ADM,OK,ASW,CE,Federal Contract Tower,0,0,2,0,2,0,0,25,0,25,0,0,27,0,27,48,0,48,75
09/11/2000,ADM,OK,ASW,CE,Federal Contract Tower,0,0,15,6,21,0,0,28,0,28,0,0,43,6,49,40,14,54,103
09/12/2000,ADM,OK,ASW,CE,Federal Contract Tower,0,0,3,2,5,0,0,37,1,38,0,0,40,3,43,96,10,106,149
09/13/2000,ADM,OK,ASW,CE,Federal Contract Tower,0,0,9,4,13,0,0,33,18,51,0,0,42,22,64,64,28,92,156
09/14/2000,ADM,OK,ASW,CE,Federal Contract Tower,0,0,5,0,5,0,0,32,0,32,0,0,37,0,37,42,0,42,79
09/15/2000,ADM,OK,ASW,CE,Federal Contract Tower,0,0,5,1,6,0,0,44,4,48,0,0,49,5,54,96,6,102,156
09/16/2000,ADM,OK,ASW,CE,Federal Contract Tower,0,0,3,0,3,0,0,35,0,35,0,0,38,0,38,174,0,174,212
09/17/2000,ADM,OK,ASW,CE,Federal Contract Tower,0,0,9,3,12,0,0,40,6,46,0,0,49,9,58,164,40,204,262
09/18/2000,ADM,OK,ASW,CE,Federal Contract Tower,0,0,8,2,10,0,0,55,8,63,0,0,63,10,73,240,8,248,321
09/19/2000,ADM,OK,ASW,CE,Federal Contract Tower,0,0,8,3,11,0,0,45,9,54,0,0,53,12,65,230,24,254,319
09/20/2000,ADM,OK,ASW,CE,Federal Contract Tower,0,0,6,2,8,0,0,63,24,87,0,0,69,26,95,108,8,116,211
09/21/2000,ADM,OK,ASW,CE,Federal Contract Tower,0,0,12,4,16,0,0,51,11,62,0,0,63,15,78,162,12,174,252
09/22/2000,ADM,OK,ASW,CE,Federal Contract Tower,0,0,10,3,13,0,0,37,11,48,0,0,47,14,61,90,18,108,169
09/23/2000,ADM,OK,ASW,CE,Federal Contract Tower,0,0,8,2,10,0,0,50,10,60,0,0,58,12,70,30,0,30,100
09/24/2000,ADM,OK,ASW,CE,Federal Contract Tower,0,0,3,0,3,0,0,5,2,7,0,0,8,2,10,52,0,52,62
09/25/2000,ADM,OK,ASW,CE,Federal Contract Tower,0,0,21,8,29,0,0,64,13,77,0,0,85,21,106,202,48,250,356
09/26/2000,ADM,OK,ASW,CE,Federal Contract Tower,0,0,8,3,11,0,0,67,21,88,0,0,75,24,99,266,22,288,387
09/27/2000,ADM,OK,ASW,CE,Federal Contract Tower,0,0,9,3,12,0,0,51,15,66,0,0,60,18,78,174,26,200,278
09/28/2000,ADM,OK,ASW,CE,Federal Contract Tower,0,0,8,0,8,0,0,38,0,38,0,0,46,0,46,86,0,86,132
09/29/2000,ADM,OK,ASW,CE,Federal Contract Tower,0,0,4,0,4,0,0,42,0,42,0,0,46,0,46,86,0,86,132
09/30/2000,ADM,OK,ASW,CE,Federal Contract Tower,0,0,0,0,0,0,0,54,0,54,0,0,54,0,54,88,0,88,142
10/01/2000,ADM,OK,ASW,CE,Federal Contract Tower,0,0,0,0,0,0,0,42,0,42,0,0,42,0,42,8,0,8,50
10/02/2000,ADM,OK,ASW,CE,Federal Contract Tower,0,0,10,3,13,0,0,54,3,57,0,0,64,6,70,86,10,96,166
10/03/2000,ADM,OK,ASW,CE,Federal Contract Tower,0,0,14,4,18,0,0,39,11,50,0,0,53,15,68,84,32,116,184
10/04/2000,ADM,OK,ASW,CE,Federal Contract Tower,0,0,11,3,14,0,12,31,3,46,0,12,42,6,60,84,18,102,162
10/05/2000,ADM,OK,ASW,CE,Federal Contract Tower,0,0,20,6,26,0,0,28,3,31,0,0,48,9,57,122,40,162,219
10/06/2000,ADM,OK,ASW,CE,Federal Contract Tower,0,0,9,0,9,0,0,15,0,15,0,0,24,0,24,50,0,50,74
10/07/2000,ADM,OK,ASW,CE,Federal Contract Tower,0,0,2,0,2,0,0,17,0,17,0,0,19,0,19,8,0,8,27
10/08/2000,ADM,OK,ASW,CE,Federal Contract Tower,0,0,4,0,4,0,0,26,5,31,0,0,30,5,35,36,4,40,75
10/09/2000,ADM,OK,ASW,CE,Federal Contract Tower,0,0,2,0,2,0,0,43,4,47,0,0,45,4,49,60,4,64,113
10/10/2000,ADM,OK,ASW,CE,Federal Contract Tower,0,0,5,0,5,0,0,40,22,62,0,0,45,22,67,132,10,142,209
10/11/2000,ADM,OK,ASW,CE,Federal Contract Tower,0,0,12,4,16,0,0,44,24,68,0,0,56,28,84,118,18,136,220
10/12/2000,ADM,OK,ASW,CE,Federal Contract Tower,0,0,16,0,16,0,0,34,0,34,0,0,50,0,50,186,0,186,236
10/13/2000,ADM,OK,ASW,CE,Federal Contract Tower,0,0,9,2,11,0,0,29,0,29,0,0,38,2,40,96,4,100,140
10/14/2000,ADM,OK,ASW,CE,Federal Contract Tower,0,0,3,0,3,0,0,23,0,23,0,0,26,0,26,118,0,118,144
10/15/2000,ADM,OK,ASW,CE,Federal Contract Tower,0,0,2,0,2,0,0,0,1,1,0,0,2,1,3,0,0,0,3
10/16/2000,ADM,OK,ASW,CE,Federal Contract Tower,0,0,22,2,24,0,0,30,0,30,0,0,52,2,54,78,4,82,136
10/17/2000,ADM,OK,ASW,CE,Federal Contract Tower,0,0,17,5,22,0,0,39,33,72,0,0,56,38,94,46,14,60,154
10/18/2000,ADM,OK,ASW,CE,Federal Contract Tower,0,0,18,5,23,0,0,43,2,45,0,0,61,7,68,96,26,122,190
10/19/2000,ADM,OK,ASW,CE,Federal Contract Tower,0,0,16,1,17,0,0,27,0,27,0,0,43,1,44,72,4,76,120
10/20/2000,ADM,OK,ASW,CE,Federal Contract Tower,0,0,4,0,4,0,0,0,0,0,0,0,4,0,4,0,0,0,4
10/21/2000,ADM,OK,ASW,CE,Federal Contract Tower,0,0,6,0,6,0,0,1,0,1,0,0,7,0,7,11,0,11,18
10/22/2000,ADM,OK,ASW,CE,Federal Contract Tower,0,0,1,0,1,0,0,9,0,9,0,0,10,0,10,62,0,62,72
10/23/2000,ADM,OK,ASW,CE,Federal Contract Tower,0,0,9,0,9,0,0,6,0,6,0,0,15,0,15,112,0,112,127
10/24/2000,ADM,OK,ASW,CE,Federal Contract Tower,0,0,24,5,29,0,0,22,11,33,0,0,46,16,62,198,0,198,260
10/25/2000,ADM,OK,ASW,CE,Federal Contract Tower,0,0,11,0,11,0,0,7,0,7,0,0,18,0,18,40,0,40,58
10/26/2000,ADM,OK,ASW,CE,Federal Contract Tower,0,0,2,0,2,0,0,11,0,11,0,0,13,0,13,66,0,66,79
10/27/2000,ADM,OK,ASW,CE,Federal Contract Tower,0,0,26,4,30,0,0,28,0,28,0,0,54,4,58,152,8,160,218
10/28/2000,ADM,OK,ASW,CE,Federal Contract Tower,0,0,8,0,8,0,0,10,0,10,0,0,18,0,18,50,0,50,68
10/29/2000,ADM,OK,ASW,CE,Federal Contract Tower,0,0,9,1,10,0,0,15,0,15,0,0,24,1,25,20,0,20,45
10/30/2000,ADM,OK,ASW,CE,Federal Contract Tower,0,0,17,4,21,0,0,22,1,23,0,0,39,5,44,48,6,54,98
10/31/2000,ADM,OK,ASW,CE,Federal Contract Tower,0,0,13,3,16,0,0,14,4,18,0,0,27,7,34,84,22,106,140
11/01/2000,ADM,OK,ASW,CE,Federal Contract Tower,0,0,5,0,5,0,0,26,0,26,0,0,31,0,31,66,0,66,97
11/02/2000,ADM,OK,ASW,CE,Federal Contract Tower,0,0,7,3,10,0,0,64,0,64,0,0,71,3,74,110,10,120,194
11/03/2000,ADM,OK,ASW,CE,Federal Contract Tower,0,0,2,3,5,0,0,0,3,3,0,0,2,6,8,2,12,14,22
11/04/2000,ADM,OK,ASW,CE,Federal Contract Tower,0,0,3,0,3,0,0,11,0,11,0,0,14,0,14,26,0,26,40
11/05/2000,ADM,OK,ASW,CE,Federal Contract Tower,0,0,1,0,1,0,0,1,0,1,0,0,2,0,2,0,0,0,2
11/06/2000,ADM,OK,ASW,CE,Federal Contract Tower,0,0,7,5,12,0,0,16,15,31,0,0,23,20,43,6,20,26,69
11/07/2000,ADM,OK,ASW,CE,Federal Contract Tower,0,0,2,2,4,0,0,21,0,21,0,0,23,2,25,22,26,48,73
11/08/2000,ADM,OK,ASW,CE,Federal Contract Tower,0,0,3,0,3,0,0,22,0,22,0,0,25,0,25,70,0,70,95
11/09/2000,ADM,OK,ASW,CE,Federal Contract Tower,0,0,12,5,17,0,0,40,1,41,0,0,52,6,58,106,32,138,196
11/10/2000,ADM,OK,ASW,CE,Federal Contract Tower,0,0,3,0,3,0,0,53,0,53,0,0,56,0,56,96,0,96,152
11/11/2000,ADM,OK,ASW,CE,Federal Contract Tower,0,0,5,0,5,0,0,0,0,0,0,0,5,0,5,2,0,2,7
11/12/2000,ADM,OK,ASW,CE,Federal Contract Tower,0,0,6,0,6,0,0,2,0,2,0,0,8,0,8,4,0,4,12
11/13/2000,ADM,OK,ASW,CE,Federal Contract Tower,0,0,9,3,12,0,0,32,9,41,0,0,41,12,53,66,46,112,165
11/14/2000,ADM,OK,ASW,CE,Federal Contract Tower,0,0,31,11,42,0,0,23,3,26,0,0,54,14,68,116,66,182,250
11/15/2000,ADM,OK,ASW,CE,Federal Contract Tower,0,0,29,10,39,0,0,22,21,43,0,0,51,31,82,156,142,298,380
11/16/2000,ADM,OK,ASW,CE,Federal Contract Tower,0,0,42,15,57,0,0,35,3,38,0,0,77,18,95,208,182,390,485
11/17/2000,ADM,OK,ASW,CE,Federal Contract Tower,0,0,30,11,41,0,0,21,11,32,0,0,51,22,73,86,102,188,261
11/18/2000,ADM,OK,ASW,CE,Federal Contract Tower,0,0,3,1,4,0,0,18,7,25,0,0,21,8,29,48,20,68,97
11/19/2000,ADM,OK,ASW,CE,Federal Contract Tower,0,0,8,2,10,0,0,32,4,36,0,0,40,6,46,12,10,22,68
11/20/2000,ADM,OK,ASW,CE,Federal Contract Tower,0,0,25,5,30,0,0,58,0,58,0,0,83,5,88,166,8,174,262
11/21/2000,ADM,OK,ASW,CE,Federal Contract Tower,0,0,11,4,15,0,0,34,26,60,0,0,45,30,75,70,52,122,197
11/22/2000,ADM,OK,ASW,CE,Federal Contract Tower,0,0,20,7,27,0,0,4,13,17,0,0,24,20,44,40,44,84,128
11/23/2000,ADM,OK,ASW,CE,Federal Contract Tower,0,0,1,0,1,0,0,2,0,2,0,0,3,0,3,16,0,16,19
11/24/2000,ADM,OK,ASW,CE,Federal Contract Tower,0,0,1,0,1,0,0,3,0,3,0,0,4,0,4,0,0,0,4
11/25/2000,ADM,OK,ASW,CE,Federal Contract Tower,0,0,1,0,1,0,0,46,8,54,0,0,47,8,55,20,26,46,101
11/26/2000,ADM,OK,ASW,CE,Federal Contract Tower,0,0,2,0,2,0,0,24,0,24,0,0,26,0,26,14,0,14,40
11/27/2000,ADM,OK,ASW,CE,Federal Contract Tower,0,0,17,6,23,0,0,30,2,32,0,0,47,8,55,20,26,46,101
11/28/2000,ADM,OK,ASW,CE,Federal Contract Tower,0,0,8,0,8,0,0,32,0,32,0,0,40,0,40,34,0,34,74
11/29/2000,ADM,OK,ASW,CE,Federal Contract Tower,0,0,7,2,9,0,0,49,4,53,0,0,56,6,62,84,30,114,176
11/30/2000,ADM,OK,ASW,CE,Federal Contract Tower,0,0,31,10,41,0,0,24,0,24,0,0,55,10,65,96,52,148,213
12/01/2000,ADM,OK,ASW,CE,Federal Contract Tower,0,0,17,6,23,0,0,16,10,26,0,0,33,16,49,14,12,26,75
12/02/2000,ADM,OK,ASW,CE,Federal Contract Tower,0,0,8,0,8,0,0,16,0,16,0,0,24,0,24,34,0,34,58
12/03/2000,ADM,OK,ASW,CE,Federal Contract Tower,0,0,5,2,7,0,0,37,0,37,0,0,42,2,44,14,4,18,62
12/04/2000,ADM,OK,ASW,CE,Federal Contract Tower,0,0,15,4,19,0,0,20,0,20,0,0,35,4,39,22,4,26,65
12/05/2000,ADM,OK,ASW,CE,Federal Contract Tower,0,0,35,13,48,0,0,22,0,22,0,0,57,13,70,77,46,123,193
12/06/2000,ADM,OK,ASW,CE,Federal Contract Tower,0,0,17,7,24,0,0,2,8,10,0,0,19,15,34,38,52,90,124
12/07/2000,ADM,OK,ASW,CE,Federal Contract Tower,0,0,23,3,26,0,0,31,0,31,0,0,54,3,57,118,2,120,177
12/08/2000,ADM,OK,ASW,CE,Federal Contract Tower,0,0,21,8,29,0,0,12,5,17,0,0,33,13,46,36,18,54,100
12/09/2000,ADM,OK,ASW,CE,Federal Contract Tower,0,0,3,2,5,0,0,18,5,23,0,0,21,7,28,18,14,32,60
12/10/2000,ADM,OK,ASW,CE,Federal Contract Tower,0,0,5,2,7,0,0,13,1,14,0,0,18,3,21,28,0,28,49
12/11/2000,ADM,OK,ASW,CE,Federal Contract Tower,0,0,4,0,4,0,0,25,0,25,0,0,29,0,29,38,0,38,67
12/12/2000,ADM,OK,ASW,CE,Federal Contract Tower,0,0,0,0,0,0,0,4,3,7,0,0,4,3,7,32,0,32,39
12/13/2000,ADM,OK,ASW,CE,Federal Contract Tower,0,0,0,0,0,0,0,1,0,1,0,0,1,0,1,0,0,0,1
12/14/2000,ADM,OK,ASW,CE,Federal Contract Tower,0,0,16,5,21,0,0,4,0,4,0,0,20,5,25,30,12,42,67
12/15/2000,ADM,OK,ASW,CE,Federal Contract Tower,0,0,5,2,7,0,0,0,0,0,0,0,5,2,7,12,2,14,21
12/16/2000,ADM,OK,ASW,CE,Federal Contract Tower,0,0,6,0,6,0,0,3,0,3,0,0,9,0,9,10,0,10,19
12/17/2000,ADM,OK,ASW,CE,Federal Contract Tower,0,0,9,0,9,0,0,33,0,33,0,0,42,0,42,56,0,56,98
12/18/2000,ADM,OK,ASW,CE,Federal Contract Tower,0,0,5,1,6,0,0,23,1,24,0,0,28,2,30,20,0,20,50
12/19/2000,ADM,OK,ASW,CE,Federal Contract Tower,0,0,20,6,26,0,0,22,12,34,0,0,42,18,60,68,44,112,172
12/20/2000,ADM,OK,ASW,CE,Federal Contract Tower,0,0,9,2,11,0,0,32,19,51,0,0,41,21,62,76,34,110,172
12/21/2000,ADM,OK,ASW,CE,Federal Contract Tower,0,0,19,6,25,0,0,22,2,24,0,0,41,8,49,68,36,104,153
12/22/2000,ADM,OK,ASW,CE,Federal Contract Tower,0,0,5,1,6,0,2,1,0,3,0,2,6,1,9,2,4,6,15
12/23/2000,ADM,OK,ASW,CE,Federal Contract Tower,0,0,5,1,6,0,0,16,2,18,0,0,21,3,24,54,10,64,88
12/24/2000,ADM,OK,ASW,CE,Federal Contract Tower,0,0,2,0,2,0,0,14,0,14,0,0,16,0,16,10,0,10,26
12/25/2000,ADM,OK,ASW,CE,Federal Contract Tower,0,0,0,0,0,0,0,0,0,0,0,0,0,0,0,0,0,0,0
12/26/2000,ADM,OK,ASW,CE,Federal Contract Tower,0,0,0,0,0,0,0,0,0,0,0,0,0,0,0,0,0,0,0
12/27/2000,ADM,OK,ASW,CE,Federal Contract Tower,0,0,2,0,2,0,0,0,0,0,0,0,2,0,2,0,0,0,2
12/28/2000,ADM,OK,ASW,CE,Federal Contract Tower,0,0,6,1,7,0,0,21,3,24,0,0,27,4,31,54,10,64,95
12/29/2000,ADM,OK,ASW,CE,Federal Contract Tower,0,0,9,1,10,0,0,16,0,16,0,0,25,1,26,10,4,14,40
12/30/2000,ADM,OK,ASW,CE,Federal Contract Tower,0,0,12,3,15,0,0,34,3,37,0,0,46,6,52,40,8,48,100
12/31/2000,ADM,OK,ASW,CE,Federal Contract Tower,0,0,5,0,5,0,0,2,0,2,0,0,7,0,7,50,0,50,57
01/01/2001,ADM,OK,ASW,CE,Federal Contract Tower,0,0,4,0,4,0,0,11,0,11,0,0,15,0,15,88,0,88,103
01/02/2001,ADM,OK,ASW,CE,Federal Contract Tower,0,0,0,1,1,0,0,34,4,38,0,0,34,5,39,142,18,160,199
01/03/2001,ADM,OK,ASW,CE,Federal Contract Tower,0,0,9,6,15,0,0,41,16,57,0,0,50,22,72,126,54,180,252
01/04/2001,ADM,OK,ASW,CE,Federal Contract Tower,0,0,7,0,7,0,0,59,0,59,0,0,66,0,66,234,0,234,300
01/05/2001,ADM,OK,ASW,CE,Federal Contract Tower,0,0,18,0,18,0,0,40,0,40,0,0,58,0,58,122,0,122,180
01/06/2001,ADM,OK,ASW,CE,Federal Contract Tower,0,0,7,1,8,0,0,44,0,44,0,0,51,1,52,38,2,40,92
01/07/2001,ADM,OK,ASW,CE,Federal Contract Tower,0,0,12,2,14,0,0,19,0,19,0,0,31,2,33,16,4,20,53
01/08/2001,ADM,OK,ASW,CE,Federal Contract Tower,0,0,17,8,25,0,0,53,2,55,0,0,70,10,80,120,52,172,252
01/09/2001,ADM,OK,ASW,CE,Federal Contract Tower,0,0,10,5,15,0,0,33,12,45,0,0,43,17,60,116,46,162,222
01/10/2001,ADM,OK,ASW,CE,Federal Contract Tower,0,0,4,2,6,0,0,19,0,19,0,0,23,2,25,78,0,78,103
01/11/2001,ADM,OK,ASW,CE,Federal Contract Tower,0,0,3,0,3,0,0,8,11,19,0,0,11,11,22,25,0,25,47
01/12/2001,ADM,OK,ASW,CE,Federal Contract Tower,0,0,6,3,9,0,0,11,0,11,0,0,17,3,20,52,2,54,74
01/13/2001,ADM,OK,ASW,CE,Federal Contract Tower,0,0,3,0,3,0,0,2,0,2,0,0,5,0,5,0,0,0,5
01/14/2001,ADM,OK,ASW,CE,Federal Contract Tower,0,0,21,11,32,0,0,36,1,37,0,0,57,12,69,78,50,128,197
01/15/2001,ADM,OK,ASW,CE,Federal Contract Tower,0,0,14,0,14,0,0,49,0,49,0,0,63,0,63,124,0,124,187
01/16/2001,ADM,OK,ASW,CE,Federal Contract Tower,0,0,4,0,4,0,0,24,0,24,0,0,28,0,28,130,0,130,158
01/17/2001,ADM,OK,ASW,CE,Federal Contract Tower,0,0,10,2,12,0,0,6,0,6,0,0,16,2,18,104,2,106,124
01/18/2001,ADM,OK,ASW,CE,Federal Contract Tower,0,0,7,3,10,0,0,10,1,11,0,0,17,4,21,102,20,122,143
01/19/2001,ADM,OK,ASW,CE,Federal Contract Tower,0,0,12,5,17,0,0,46,13,59,0,0,58,18,76,106,26,132,208
01/20/2001,ADM,OK,ASW,CE,Federal Contract Tower,0,0,11,4,15,0,0,38,2,40,0,0,49,6,55,30,10,40,95
01/21/2001,ADM,OK,ASW,CE,Federal Contract Tower,0,0,11,4,15,0,0,4,3,7,0,0,15,7,22,18,18,36,58
01/22/2001,ADM,OK,ASW,CE,Federal Contract Tower,0,0,16,7,23,0,0,5,6,11,0,0,21,13,34,36,48,84,118
01/23/2001,ADM,OK,ASW,CE,Federal Contract Tower,0,0,19,8,27,0,0,17,22,39,0,0,36,30,66,126,74,200,266
01/24/2001,ADM,OK,ASW,CE,Federal Contract Tower,0,0,13,6,19,0,0,32,10,42,0,0,45,16,61,88,86,174,235
01/25/2001,ADM,OK,ASW,CE,Federal Contract Tower,0,0,23,5,28,0,0,40,0,40,0,0,63,5,68,102,24,126,194
01/26/2001,ADM,OK,ASW,CE,Federal Contract Tower,0,0,17,7,24,0,0,44,3,47,0,0,61,10,71,64,38,102,173
01/27/2001,ADM,OK,ASW,CE,Federal Contract Tower,0,0,4,1,5,0,0,8,1,9,0,0,12,2,14,2,4,6,20
01/28/2001,ADM,OK,ASW,CE,Federal Contract Tower,0,0,0,0,0,0,0,0,0,0,0,0,0,0,0,0,0,0,0
01/29/2001,ADM,OK,ASW,CE,Federal Contract Tower,0,0,5,1,6,0,0,9,5,14,0,0,14,6,20,56,10,66,86
01/30/2001,ADM,OK,ASW,CE,Federal Contract Tower,0,0,11,5,16,0,0,36,12,48,0,0,47,17,64,160,82,242,306
01/31/2001,ADM,OK,ASW,CE,Federal Contract Tower,0,0,18,7,25,0,0,31,6,37,0,0,49,13,62,166,66,232,294
02/01/2001,ADM,OK,ASW,CE,Federal Contract Tower,0,0,36,11,47,0,0,21,4,25,0,0,57,15,72,92,102,194,266
02/02/2001,ADM,OK,ASW,CE,Federal Contract Tower,0,0,24,9,33,0,0,3,11,14,0,0,27,20,47,76,90,166,213
02/03/2001,ADM,OK,ASW,CE,Federal Contract Tower,0,0,1,0,1,0,0,41,0,41,0,0,42,0,42,18,0,18,60
02/04/2001,ADM,OK,ASW,CE,Federal Contract Tower,0,0,0,0,0,0,0,19,0,19,0,0,19,0,19,6,0,6,25
02/05/2001,ADM,OK,ASW,CE,Federal Contract Tower,0,0,11,4,15,0,0,19,1,20,0,0,30,5,35,98,14,112,147
02/06/2001,ADM,OK,ASW,CE,Federal Contract Tower,0,0,16,6,22,0,0,38,26,64,0,0,54,32,86,156,50,206,292
02/07/2001,ADM,OK,ASW,CE,Federal Contract Tower,0,0,7,3,10,0,0,11,5,16,0,0,18,8,26,59,16,75,101
02/08/2001,ADM,OK,ASW,CE,Federal Contract Tower,0,0,5,1,6,0,0,3,0,3,0,0,8,1,9,0,0,0,9
02/09/2001,ADM,OK,ASW,CE,Federal Contract Tower,0,0,11,4,15,0,0,3,5,8,0,0,14,9,23,6,14,20,43
02/10/2001,ADM,OK,ASW,CE,Federal Contract Tower,0,0,6,0,6,0,0,54,0,54,0,0,60,0,60,6,0,6,66
02/11/2001,ADM,OK,ASW,CE,Federal Contract Tower,0,0,2,0,2,0,0,14,0,14,0,0,16,0,16,0,0,0,16
02/12/2001,ADM,OK,ASW,CE,Federal Contract Tower,0,0,1,0,1,0,0,1,0,1,0,0,2,0,2,0,0,0,2
02/13/2001,ADM,OK,ASW,CE,Federal Contract Tower,0,0,2,1,3,0,0,0,0,0,0,0,2,1,3,0,0,0,3
02/14/2001,ADM,OK,ASW,CE,Federal Contract Tower,0,0,2,0,2,0,0,1,0,1,0,0,3,0,3,0,0,0,3
02/15/2001,ADM,OK,ASW,CE,Federal Contract Tower,0,0,3,0,3,0,0,4,0,4,0,0,7,0,7,42,0,42,49
02/16/2001,ADM,OK,ASW,CE,Federal Contract Tower,0,0,1,0,1,0,0,0,0,0,0,0,1,0,1,0,0,0,1
02/17/2001,ADM,OK,ASW,CE,Federal Contract Tower,0,0,13,0,13,0,0,42,0,42,0,0,55,0,55,70,0,70,125
02/18/2001,ADM,OK,ASW,CE,Federal Contract Tower,0,0,14,0,14,0,0,43,0,43,0,0,57,0,57,62,0,62,119
02/19/2001,ADM,OK,ASW,CE,Federal Contract Tower,0,0,7,0,7,0,0,16,0,16,0,0,23,0,23,42,0,42,65
02/20/2001,ADM,OK,ASW,CE,Federal Contract Tower,0,0,18,5,23,0,0,28,3,31,0,0,46,8,54,157,19,176,230
02/21/2001,ADM,OK,ASW,CE,Federal Contract Tower,0,0,5,2,7,0,1,0,4,5,0,1,5,6,12,2,12,14,26
02/22/2001,ADM,OK,ASW,CE,Federal Contract Tower,0,0,18,5,23,0,0,34,1,35,0,0,52,6,58,110,16,126,184
02/23/2001,ADM,OK,ASW,CE,Federal Contract Tower,0,0,0,0,0,0,0,1,0,1,0,0,1,0,1,20,0,20,21
02/24/2001,ADM,OK,ASW,CE,Federal Contract Tower,0,0,0,0,0,0,0,3,0,3,0,0,3,0,3,6,0,6,9
02/25/2001,ADM,OK,ASW,CE,Federal Contract Tower,0,0,5,0,5,0,0,42,0,42,0,0,47,0,47,28,0,28,75
02/26/2001,ADM,OK,ASW,CE,Federal Contract Tower,0,0,17,4,21,0,0,39,0,39,0,0,56,4,60,164,8,172,232
02/27/2001,ADM,OK,ASW,CE,Federal Contract Tower,0,0,4,0,4,0,0,6,0,6,0,0,10,0,10,36,0,36,46
02/28/2001,ADM,OK,ASW,CE,Federal Contract Tower,0,0,3,0,3,0,0,0,0,0,0,0,3,0,3,18,0,18,21
03/01/2001,ADM,OK,ASW,CE,Federal Contract Tower,0,0,13,0,13,0,0,0,0,0,0,0,13,0,13,81,0,81,94
03/02/2001,ADM,OK,ASW,CE,Federal Contract Tower,0,1,32,5,38,0,2,23,9,34,0,3,55,14,72,58,22,80,152
03/03/2001,ADM,OK,ASW,CE,Federal Contract Tower,0,0,6,0,6,0,0,14,0,14,0,0,20,0,20,10,0,10,30
03/04/2001,ADM,OK,ASW,CE,Federal Contract Tower,0,0,18,3,21,0,0,42,7,49,0,0,60,10,70,20,8,28,98
03/05/2001,ADM,OK,ASW,CE,Federal Contract Tower,0,0,8,1,9,0,0,32,16,48,0,0,40,17,57,55,71,126,183
03/06/2001,ADM,OK,ASW,CE,Federal Contract Tower,0,0,20,4,24,0,0,51,19,70,0,0,71,23,94,226,56,282,376
03/07/2001,ADM,OK,ASW,CE,Federal Contract Tower,0,0,17,4,21,0,0,50,7,57,0,0,67,11,78,270,60,330,408
03/08/2001,ADM,OK,ASW,CE,Federal Contract Tower,0,0,23,0,23,0,0,8,0,8,0,0,31,0,31,98,0,98,129
03/09/2001,ADM,OK,ASW,CE,Federal Contract Tower,0,0,18,0,18,0,0,42,0,42,0,0,60,0,60,77,0,77,137
03/10/2001,ADM,OK,ASW,CE,Federal Contract Tower,0,0,20,4,24,0,0,26,2,28,0,0,46,6,52,28,24,52,104
03/11/2001,ADM,OK,ASW,CE,Federal Contract Tower,0,0,3,0,3,0,0,4,0,4,0,0,7,0,7,0,0,0,7
03/12/2001,ADM,OK,ASW,CE,Federal Contract Tower,0,0,14,0,14,0,0,13,0,13,0,0,27,0,27,50,0,50,77
03/13/2001,ADM,OK,ASW,CE,Federal Contract Tower,0,0,23,5,28,0,0,56,12,68,0,0,79,17,96,98,28,126,222
03/14/2001,ADM,OK,ASW,CE,Federal Contract Tower,0,0,16,0,16,0,0,20,0,20,0,0,36,0,36,33,0,33,69
03/15/2001,ADM,OK,ASW,CE,Federal Contract Tower,0,0,9,0,9,0,0,0,0,0,0,0,9,0,9,12,0,12,21
03/16/2001,ADM,OK,ASW,CE,Federal Contract Tower,0,0,15,3,18,0,0,44,1,45,0,0,59,4,63,8,16,24,87
03/17/2001,ADM,OK,ASW,CE,Federal Contract Tower,0,0,9,1,10,0,0,29,1,30,0,0,38,2,40,20,4,24,64
03/18/2001,ADM,OK,ASW,CE,Federal Contract Tower,0,0,12,2,14,0,0,0,0,0,0,0,12,2,14,20,2,22,36
03/19/2001,ADM,OK,ASW,CE,Federal Contract Tower,0,0,20,2,22,0,0,13,0,13,0,0,33,2,35,84,0,84,119
03/20/2001,ADM,OK,ASW,CE,Federal Contract Tower,0,0,16,2,18,0,0,27,21,48,0,0,43,23,66,100,42,142,208
03/21/2001,ADM,OK,ASW,CE,Federal Contract Tower,0,0,14,2,16,0,0,33,5,38,0,0,47,7,54,55,18,73,127
03/22/2001,ADM,OK,ASW,CE,Federal Contract Tower,0,0,13,2,15,0,0,48,4,52,0,0,61,6,67,122,30,152,219
03/23/2001,ADM,OK,ASW,CE,Federal Contract Tower,0,0,19,2,21,0,0,9,0,9,0,0,28,2,30,54,12,66,96
03/24/2001,ADM,OK,ASW,CE,Federal Contract Tower,0,0,2,0,2,0,0,0,0,0,0,0,2,0,2,0,0,0,2
03/25/2001,ADM,OK,ASW,CE,Federal Contract Tower,0,0,11,0,11,0,2,32,0,34,0,2,43,0,45,57,0,57,102
03/26/2001,ADM,OK,ASW,CE,Federal Contract Tower,0,0,10,1,11,0,0,0,2,2,0,0,10,3,13,15,3,18,31
03/27/2001,ADM,OK,ASW,CE,Federal Contract Tower,0,0,0,0,0,0,0,0,0,0,0,0,0,0,0,0,0,0,0
03/28/2001,ADM,OK,ASW,CE,Federal Contract Tower,0,0,12,0,12,0,0,7,0,7,0,0,19,0,19,22,0,22,41
03/29/2001,ADM,OK,ASW,CE,Federal Contract Tower,0,0,17,0,17,0,0,3,0,3,0,0,20,0,20,18,0,18,38
03/30/2001,ADM,OK,ASW,CE,Federal Contract Tower,0,0,16,2,18,0,0,13,1,14,0,0,29,3,32,24,9,33,65
03/31/2001,ADM,OK,ASW,CE,Federal Contract Tower,0,0,11,0,11,0,0,25,0,25,0,0,36,0,36,12,0,12,48
04/01/2001,ADM,OK,ASW,CE,Federal Contract Tower,0,0,8,14,22,0,0,44,2,46,0,0,52,16,68,14,6,20,88
04/02/2001,ADM,OK,ASW,CE,Federal Contract Tower,0,0,9,0,9,0,0,6,0,6,0,0,15,0,15,36,0,36,51
04/03/2001,ADM,OK,ASW,CE,Federal Contract Tower,0,0,43,10,53,0,0,17,7,24,0,0,60,17,77,60,20,80,157
04/04/2001,ADM,OK,ASW,CE,Federal Contract Tower,0,1,16,2,19,0,0,6,0,6,0,1,22,2,25,8,16,24,49
04/05/2001,ADM,OK,ASW,CE,Federal Contract Tower,0,0,10,3,13,0,1,4,2,7,0,1,14,5,20,0,4,4,24
04/06/2001,ADM,OK,ASW,CE,Federal Contract Tower,0,0,7,2,9,0,0,4,2,6,0,0,11,4,15,38,2,40,55
04/07/2001,ADM,OK,ASW,CE,Federal Contract Tower,0,0,17,0,17,0,0,30,12,42,0,0,47,12,59,14,0,14,73
04/08/2001,ADM,OK,ASW,CE,Federal Contract Tower,0,0,7,4,11,0,0,0,4,4,0,0,7,8,15,6,8,14,29
04/09/2001,ADM,OK,ASW,CE,Federal Contract Tower,0,0,8,4,12,0,0,17,2,19,0,0,25,6,31,54,14,68,99
04/10/2001,ADM,OK,ASW,CE,Federal Contract Tower,0,0,11,4,15,0,0,33,1,34,0,0,44,5,49,100,18,118,167
04/11/2001,ADM,OK,ASW,CE,Federal Contract Tower,0,6,4,18,28,0,0,40,6,46,0,6,44,24,74,98,4,102,176
04/12/2001,ADM,OK,ASW,CE,Federal Contract Tower,0,0,8,6,14,0,0,45,6,51,0,0,53,12,65,40,22,62,127
04/13/2001,ADM,OK,ASW,CE,Federal Contract Tower,0,0,12,6,18,0,0,27,0,27,0,0,39,6,45,55,16,71,116
04/14/2001,ADM,OK,ASW,CE,Federal Contract Tower,0,0,1,0,1,0,0,0,0,0,0,0,1,0,1,0,0,0,1
04/15/2001,ADM,OK,ASW,CE,Federal Contract Tower,0,0,2,0,2,0,0,11,0,11,0,0,13,0,13,21,0,21,34
04/16/2001,ADM,OK,ASW,CE,Federal Contract Tower,0,0,7,4,11,0,0,25,3,28,0,0,32,7,39,40,24,64,103
04/17/2001,ADM,OK,ASW,CE,Federal Contract Tower,0,0,14,3,17,0,0,15,11,26,0,0,29,14,43,20,4,24,67
04/18/2001,ADM,OK,ASW,CE,Federal Contract Tower,0,0,35,0,35,0,0,7,20,27,0,0,42,20,62,102,30,132,194
04/19/2001,ADM,OK,ASW,CE,Federal Contract Tower,0,0,12,11,23,0,0,20,0,20,0,0,32,11,43,10,52,62,105
04/20/2001,ADM,OK,ASW,CE,Federal Contract Tower,0,4,9,0,13,0,0,13,2,15,0,4,22,2,28,23,2,25,53
04/21/2001,ADM,OK,ASW,CE,Federal Contract Tower,0,4,2,3,9,0,10,2,1,13,0,14,4,4,22,33,4,37,59
04/22/2001,ADM,OK,ASW,CE,Federal Contract Tower,0,0,4,1,5,0,0,3,2,5,0,0,7,3,10,1,1,2,12
04/23/2001,ADM,OK,ASW,CE,Federal Contract Tower,0,0,19,0,19,0,3,24,6,33,0,3,43,6,52,80,18,98,150
04/24/2001,ADM,OK,ASW,CE,Federal Contract Tower,0,0,8,2,10,0,2,50,3,55,0,2,58,5,65,84,12,96,161
04/25/2001,ADM,OK,ASW,CE,Federal Contract Tower,0,0,19,1,20,0,0,36,7,43,0,0,55,8,63,116,18,134,197
04/26/2001,ADM,OK,ASW,CE,Federal Contract Tower,0,0,4,1,5,0,2,35,6,43,0,2,39,7,48,62,14,76,124
04/27/2001,ADM,OK,ASW,CE,Federal Contract Tower,0,0,5,0,5,0,0,42,6,48,0,0,47,6,53,133,26,159,212
04/28/2001,ADM,OK,ASW,CE,Federal Contract Tower,0,0,2,0,2,0,0,23,0,23,0,0,25,0,25,15,0,15,40
04/29/2001,ADM,OK,ASW,CE,Federal Contract Tower,0,0,0,0,0,0,0,12,0,12,0,0,12,0,12,3,0,3,15
04/30/2001,ADM,OK,ASW,CE,Federal Contract Tower,0,0,26,0,26,0,0,38,12,50,0,0,64,12,76,150,42,192,268
05/01/2001,ADM,OK,ASW,CE,Federal Contract Tower,0,0,36,8,44,0,2,23,8,33,0,2,59,16,77,98,50,148,225
05/02/2001,ADM,OK,ASW,CE,Federal Contract Tower,0,0,5,4,9,0,0,32,12,44,0,0,37,16,53,60,6,66,119
05/03/2001,ADM,OK,ASW,CE,Federal Contract Tower,0,0,10,3,13,0,0,16,0,16,0,0,26,3,29,40,46,86,115
05/04/2001,ADM,OK,ASW,CE,Federal Contract Tower,0,0,2,0,2,0,0,8,0,8,0,0,10,0,10,23,0,23,33
05/05/2001,ADM,OK,ASW,CE,Federal Contract Tower,0,0,2,0,2,0,0,0,0,0,0,0,2,0,2,2,0,2,4
05/06/2001,ADM,OK,ASW,CE,Federal Contract Tower,0,0,4,0,4,0,0,0,0,0,0,0,4,0,4,2,0,2,6
05/07/2001,ADM,OK,ASW,CE,Federal Contract Tower,0,0,12,0,12,0,0,21,0,21,0,0,33,0,33,67,0,67,100
05/08/2001,ADM,OK,ASW,CE,Federal Contract Tower,0,0,6,9,15,0,0,43,5,48,0,0,49,14,63,116,38,154,217
05/09/2001,ADM,OK,ASW,CE,Federal Contract Tower,0,0,10,6,16,0,1,21,1,23,0,1,31,7,39,106,16,122,161
05/10/2001,ADM,OK,ASW,CE,Federal Contract Tower,0,0,19,0,19,0,4,38,0,42,0,4,57,0,61,92,0,92,153
05/11/2001,ADM,OK,ASW,CE,Federal Contract Tower,0,0,0,1,1,0,0,9,0,9,0,0,9,1,10,13,6,19,29
05/12/2001,ADM,OK,ASW,CE,Federal Contract Tower,0,0,4,0,4,0,0,26,1,27,0,0,30,1,31,24,0,24,55
05/13/2001,ADM,OK,ASW,CE,Federal Contract Tower,0,0,0,5,5,0,0,10,0,10,0,0,10,5,15,4,17,21,36
05/14/2001,ADM,OK,ASW,CE,Federal Contract Tower,0,0,12,0,12,0,0,24,7,31,0,0,36,7,43,72,15,87,130
05/15/2001,ADM,OK,ASW,CE,Federal Contract Tower,0,0,4,0,4,0,2,42,15,59,0,2,46,15,63,90,70,160,223
05/16/2001,ADM,OK,ASW,CE,Federal Contract Tower,0,2,37,13,52,0,0,0,0,0,0,2,37,13,52,112,18,130,182
05/17/2001,ADM,OK,ASW,CE,Federal Contract Tower,0,0,3,8,11,0,0,21,2,23,0,0,24,10,34,36,34,70,104
05/18/2001,ADM,OK,ASW,CE,Federal Contract Tower,0,0,16,4,20,0,0,18,1,19,0,0,34,5,39,46,5,51,90
05/19/2001,ADM,OK,ASW,CE,Federal Contract Tower,0,0,7,0,7,0,0,25,0,25,0,0,32,0,32,38,0,38,70
05/20/2001,ADM,OK,ASW,CE,Federal Contract Tower,0,0,0,1,1,0,0,0,8,8,0,0,0,9,9,16,13,29,38
05/21/2001,ADM,OK,ASW,CE,Federal Contract Tower,0,0,0,0,0,0,0,17,10,27,0,0,17,10,27,30,54,84,111
05/22/2001,ADM,OK,ASW,CE,Federal Contract Tower,0,0,11,4,15,0,0,46,14,60,0,0,57,18,75,108,76,184,259
05/23/2001,ADM,OK,ASW,CE,Federal Contract Tower,0,1,12,4,17,0,1,26,0,27,0,2,38,4,44,114,16,130,174
05/24/2001,ADM,OK,ASW,CE,Federal Contract Tower,0,0,13,4,17,0,0,22,5,27,0,0,35,9,44,46,12,58,102
05/25/2001,ADM,OK,ASW,CE,Federal Contract Tower,0,0,10,0,10,0,0,21,0,21,0,0,31,0,31,33,0,33,64
05/26/2001,ADM,OK,ASW,CE,Federal Contract Tower,0,0,28,0,28,0,0,38,0,38,0,0,66,0,66,35,0,35,101
05/27/2001,ADM,OK,ASW,CE,Federal Contract Tower,0,0,0,0,0,0,0,13,0,13,0,0,13,0,13,16,0,16,29
05/28/2001,ADM,OK,ASW,CE,Federal Contract Tower,0,0,0,0,0,0,0,0,0,0,0,0,0,0,0,0,0,0,0
05/29/2001,ADM,OK,ASW,CE,Federal Contract Tower,0,0,0,0,0,0,0,0,0,0,0,0,0,0,0,0,0,0,0
05/30/2001,ADM,OK,ASW,CE,Federal Contract Tower,0,0,12,8,20,0,0,33,10,43,0,0,45,18,63,90,72,162,225
05/31/2001,ADM,OK,ASW,CE,Federal Contract Tower,0,0,11,1,12,0,0,32,11,43,0,0,43,12,55,28,20,48,103
06/01/2001,ADM,OK,ASW,CE,Federal Contract Tower,0,2,36,0,38,0,0,34,6,40,0,2,70,6,78,38,22,60,138
06/02/2001,ADM,OK,ASW,CE,Federal Contract Tower,0,0,21,0,21,0,0,31,0,31,0,0,52,0,52,26,0,26,78
06/03/2001,ADM,OK,ASW,CE,Federal Contract Tower,0,0,2,0,2,0,0,12,0,12,0,0,14,0,14,1,0,1,15
06/04/2001,ADM,OK,ASW,CE,Federal Contract Tower,0,0,10,0,10,0,0,22,10,32,0,0,32,10,42,27,32,59,101
06/05/2001,ADM,OK,ASW,CE,Federal Contract Tower,0,0,15,6,21,0,0,33,7,40,0,0,48,13,61,94,100,194,255
06/06/2001,ADM,OK,ASW,CE,Federal Contract Tower,0,0,40,5,45,0,0,15,0,15,0,0,55,5,60,98,18,116,176
06/07/2001,ADM,OK,ASW,CE,Federal Contract Tower,0,0,12,3,15,0,0,16,7,23,0,0,28,10,38,42,30,72,110
06/08/2001,ADM,OK,ASW,CE,Federal Contract Tower,0,0,10,10,20,0,0,21,0,21,0,0,31,10,41,14,25,39,80
06/09/2001,ADM,OK,ASW,CE,Federal Contract Tower,0,0,0,0,0,0,0,40,2,42,0,0,40,2,42,28,2,30,72
06/10/2001,ADM,OK,ASW,CE,Federal Contract Tower,0,0,10,12,22,0,0,31,0,31,0,0,41,12,53,41,37,78,131
06/11/2001,ADM,OK,ASW,CE,Federal Contract Tower,0,0,1,2,3,0,0,36,3,39,0,0,37,5,42,34,26,60,102
06/12/2001,ADM,OK,ASW,CE,Federal Contract Tower,0,0,3,4,7,0,0,36,12,48,0,0,39,16,55,56,90,146,201
06/13/2001,ADM,OK,ASW,CE,Federal Contract Tower,0,2,8,4,14,0,0,29,3,32,0,2,37,7,46,80,34,114,160
06/14/2001,ADM,OK,ASW,CE,Federal Contract Tower,0,0,3,4,7,0,0,1,2,3,0,0,4,6,10,0,6,6,16
06/15/2001,ADM,OK,ASW,CE,Federal Contract Tower,0,0,7,5,12,0,0,34,5,39,0,0,41,10,51,26,29,55,106
06/16/2001,ADM,OK,ASW,CE,Federal Contract Tower,0,0,15,0,15,0,0,31,0,31,0,0,46,0,46,4,0,4,50
06/17/2001,ADM,OK,ASW,CE,Federal Contract Tower,0,0,0,3,3,0,0,16,2,18,0,0,16,5,21,18,3,21,42
06/18/2001,ADM,OK,ASW,CE,Federal Contract Tower,0,0,9,3,12,0,0,10,4,14,0,0,19,7,26,55,17,72,98
06/19/2001,ADM,OK,ASW,CE,Federal Contract Tower,0,0,7,5,12,0,0,43,10,53,0,0,50,15,65,84,70,154,219
06/20/2001,ADM,OK,ASW,CE,Federal Contract Tower,0,0,29,0,29,0,0,36,8,44,0,0,65,8,73,112,42,154,227
06/21/2001,ADM,OK,ASW,CE,Federal Contract Tower,0,0,20,2,22,0,0,30,9,39,0,0,50,11,61,24,28,52,113
06/22/2001,ADM,OK,ASW,CE,Federal Contract Tower,0,0,25,2,27,0,0,36,4,40,0,0,61,6,67,76,0,76,143
06/23/2001,ADM,OK,ASW,CE,Federal Contract Tower,0,0,0,0,0,0,0,77,0,77,0,0,77,0,77,83,0,83,160
06/24/2001,ADM,OK,ASW,CE,Federal Contract Tower,0,0,3,0,3,0,0,37,10,47,0,0,40,10,50,32,0,32,82
06/25/2001,ADM,OK,ASW,CE,Federal Contract Tower,0,0,17,12,29,0,0,43,0,43,0,0,60,12,72,56,24,80,152
06/26/2001,ADM,OK,ASW,CE,Federal Contract Tower,0,0,19,7,26,0,1,38,13,52,0,1,57,20,78,102,60,162,240
06/27/2001,ADM,OK,ASW,CE,Federal Contract Tower,0,0,3,4,7,0,0,38,8,46,0,0,41,12,53,94,18,112,165
06/28/2001,ADM,OK,ASW,CE,Federal Contract Tower,0,0,10,0,10,0,0,18,0,18,0,0,28,0,28,0,14,14,42
06/29/2001,ADM,OK,ASW,CE,Federal Contract Tower,0,0,7,0,7,0,0,0,0,0,0,0,7,0,7,10,0,10,17
06/30/2001,ADM,OK,ASW,CE,Federal Contract Tower,0,0,2,0,2,0,0,6,0,6,0,0,8,0,8,0,0,0,8
07/01/2001,ADM,OK,ASW,CE,Federal Contract Tower,0,0,3,2,5,0,0,38,0,38,0,0,41,2,43,32,4,36,79
07/02/2001,ADM,OK,ASW,CE,Federal Contract Tower,0,0,7,1,8,0,0,24,5,29,0,0,31,6,37,46,16,62,99
07/03/2001,ADM,OK,ASW,CE,Federal Contract Tower,0,0,7,11,18,0,0,39,17,56,0,0,46,28,74,74,82,156,230
07/04/2001,ADM,OK,ASW,CE,Federal Contract Tower,0,0,0,0,0,0,0,12,0,12,0,0,12,0,12,24,0,24,36
07/05/2001,ADM,OK,ASW,CE,Federal Contract Tower,0,0,9,0,9,0,0,47,0,47,0,0,56,0,56,58,0,58,114
07/06/2001,ADM,OK,ASW,CE,Federal Contract Tower,0,0,9,2,11,0,0,36,2,38,0,0,45,4,49,58,10,68,117
07/07/2001,ADM,OK,ASW,CE,Federal Contract Tower,0,0,12,0,12,0,0,22,1,23,0,0,34,1,35,18,0,18,53
07/08/2001,ADM,OK,ASW,CE,Federal Contract Tower,0,0,0,0,0,0,0,44,0,44,0,0,44,0,44,38,0,38,82
07/09/2001,ADM,OK,ASW,CE,Federal Contract Tower,0,0,13,5,18,0,0,27,5,32,0,0,40,10,50,28,42,70,120
07/10/2001,ADM,OK,ASW,CE,Federal Contract Tower,0,0,8,15,23,0,0,41,0,41,0,0,49,15,64,72,82,154,218
07/11/2001,ADM,OK,ASW,CE,Federal Contract Tower,0,0,2,0,2,0,0,55,17,72,0,0,57,17,74,55,45,100,174
07/12/2001,ADM,OK,ASW,CE,Federal Contract Tower,0,0,19,0,19,0,0,29,0,29,0,0,48,0,48,65,0,65,113
07/13/2001,ADM,OK,ASW,CE,Federal Contract Tower,0,0,15,3,18,0,0,27,15,42,0,0,42,18,60,18,50,68,128
07/14/2001,ADM,OK,ASW,CE,Federal Contract Tower,0,0,5,4,9,0,0,7,4,11,0,0,12,8,20,2,8,10,30
07/15/2001,ADM,OK,ASW,CE,Federal Contract Tower,0,0,13,0,13,0,0,11,0,11,0,0,24,0,24,10,0,10,34
07/16/2001,ADM,OK,ASW,CE,Federal Contract Tower,0,0,11,0,11,0,0,23,12,35,0,0,34,12,46,46,40,86,132
07/17/2001,ADM,OK,ASW,CE,Federal Contract Tower,0,0,6,7,13,0,0,49,3,52,0,0,55,10,65,98,32,130,195
07/18/2001,ADM,OK,ASW,CE,Federal Contract Tower,0,0,11,4,15,0,0,47,23,70,0,0,58,27,85,90,42,132,217
07/19/2001,ADM,OK,ASW,CE,Federal Contract Tower,0,0,15,0,15,0,0,42,0,42,0,0,57,0,57,118,0,118,175
07/20/2001,ADM,OK,ASW,CE,Federal Contract Tower,0,0,6,4,10,0,0,47,0,47,0,0,53,4,57,32,10,42,99
07/21/2001,ADM,OK,ASW,CE,Federal Contract Tower,0,0,4,0,4,0,2,47,4,53,0,2,51,4,57,55,6,61,118
07/22/2001,ADM,OK,ASW,CE,Federal Contract Tower,0,0,2,0,2,0,0,30,0,30,0,0,32,0,32,0,0,0,32
07/23/2001,ADM,OK,ASW,CE,Federal Contract Tower,0,0,12,0,12,0,0,13,1,14,0,0,25,1,26,81,2,83,109
07/24/2001,ADM,OK,ASW,CE,Federal Contract Tower,0,0,8,0,8,0,0,30,7,37,0,0,38,7,45,70,64,134,179
07/25/2001,ADM,OK,ASW,CE,Federal Contract Tower,0,0,5,1,6,0,0,33,0,33,0,0,38,1,39,179,4,183,222
07/26/2001,ADM,OK,ASW,CE,Federal Contract Tower,0,0,18,0,18,0,0,26,1,27,0,0,44,1,45,84,2,86,131
07/27/2001,ADM,OK,ASW,CE,Federal Contract Tower,0,0,6,0,6,0,0,34,0,34,0,0,40,0,40,38,0,38,78
07/28/2001,ADM,OK,ASW,CE,Federal Contract Tower,0,0,5,0,5,0,0,19,0,19,0,0,24,0,24,42,0,42,66
07/29/2001,ADM,OK,ASW,CE,Federal Contract Tower,0,0,2,0,2,0,0,14,0,14,0,0,16,0,16,10,0,10,26
07/30/2001,ADM,OK,ASW,CE,Federal Contract Tower,0,0,1,0,1,0,0,25,1,26,0,0,26,1,27,38,10,48,75
07/31/2001,ADM,OK,ASW,CE,Federal Contract Tower,0,0,3,5,8,0,0,43,2,45,0,0,46,7,53,88,50,138,191
08/01/2001,ADM,OK,ASW,CE,Federal Contract Tower,0,0,1,7,8,0,0,32,0,32,0,0,33,7,40,114,25,139,179
08/02/2001,ADM,OK,ASW,CE,Federal Contract Tower,0,0,8,1,9,0,0,28,0,28,0,0,36,1,37,76,3,79,116
08/03/2001,ADM,OK,ASW,CE,Federal Contract Tower,0,0,1,1,2,0,0,28,5,33,0,0,29,6,35,60,30,90,125
08/04/2001,ADM,OK,ASW,CE,Federal Contract Tower,0,0,1,0,1,0,0,45,0,45,0,0,46,0,46,8,0,8,54
08/05/2001,ADM,OK,ASW,CE,Federal Contract Tower,0,0,6,5,11,0,0,24,4,28,0,0,30,9,39,17,2,19,58
08/06/2001,ADM,OK,ASW,CE,Federal Contract Tower,0,0,21,4,25,0,0,26,0,26,0,0,47,4,51,44,28,72,123
08/07/2001,ADM,OK,ASW,CE,Federal Contract Tower,0,0,10,0,10,0,0,59,6,65,0,0,69,6,75,110,18,128,203
08/08/2001,ADM,OK,ASW,CE,Federal Contract Tower,0,0,2,3,5,0,0,41,3,44,0,0,43,6,49,88,32,120,169
08/09/2001,ADM,OK,ASW,CE,Federal Contract Tower,0,0,12,8,20,0,0,54,1,55,0,0,66,9,75,20,25,45,120
08/10/2001,ADM,OK,ASW,CE,Federal Contract Tower,0,0,10,1,11,0,0,17,0,17,0,0,27,1,28,20,0,20,48
08/11/2001,ADM,OK,ASW,CE,Federal Contract Tower,0,0,2,0,2,0,0,30,0,30,0,0,32,0,32,22,0,22,54
08/12/2001,ADM,OK,ASW,CE,Federal Contract Tower,0,0,4,2,6,0,0,8,0,8,0,0,12,2,14,0,2,2,16
08/13/2001,ADM,OK,ASW,CE,Federal Contract Tower,0,0,5,0,5,0,0,17,5,22,0,0,22,5,27,40,0,40,67
08/14/2001,ADM,OK,ASW,CE,Federal Contract Tower,0,0,18,4,22,0,0,34,12,46,0,0,52,16,68,24,16,40,108
08/15/2001,ADM,OK,ASW,CE,Federal Contract Tower,0,0,1,2,3,0,1,34,6,41,0,1,35,8,44,18,7,25,69
08/16/2001,ADM,OK,ASW,CE,Federal Contract Tower,0,4,10,0,14,0,0,20,2,22,0,4,30,2,36,20,20,40,76
08/17/2001,ADM,OK,ASW,CE,Federal Contract Tower,0,1,6,0,7,0,0,16,4,20,0,1,22,4,27,14,12,26,53
08/18/2001,ADM,OK,ASW,CE,Federal Contract Tower,0,0,8,2,10,0,0,23,0,23,0,0,31,2,33,4,2,6,39
08/19/2001,ADM,OK,ASW,CE,Federal Contract Tower,0,0,2,3,5,0,0,25,8,33,0,0,27,11,38,0,12,12,50
08/20/2001,ADM,OK,ASW,CE,Federal Contract Tower,0,0,2,0,2,0,0,34,4,38,0,0,36,4,40,50,12,62,102
08/21/2001,ADM,OK,ASW,CE,Federal Contract Tower,0,0,5,4,9,0,0,54,6,60,0,0,59,10,69,106,46,152,221
08/22/2001,ADM,OK,ASW,CE,Federal Contract Tower,0,0,5,0,5,0,0,32,14,46,0,0,37,14,51,78,70,148,199
08/23/2001,ADM,OK,ASW,CE,Federal Contract Tower,0,0,8,0,8,0,0,20,11,31,0,0,28,11,39,30,36,66,105
08/24/2001,ADM,OK,ASW,CE,Federal Contract Tower,0,0,14,3,17,0,0,15,11,26,0,0,29,14,43,42,46,88,131
08/25/2001,ADM,OK,ASW,CE,Federal Contract Tower,0,0,4,0,4,0,0,26,0,26,0,0,30,0,30,22,0,22,52
08/26/2001,ADM,OK,ASW,CE,Federal Contract Tower,0,0,0,0,0,0,0,7,0,7,0,0,7,0,7,2,0,2,9
08/27/2001,ADM,OK,ASW,CE,Federal Contract Tower,0,0,21,0,21,0,0,32,2,34,0,0,53,2,55,62,12,74,129
08/28/2001,ADM,OK,ASW,CE,Federal Contract Tower,0,0,13,4,17,0,0,48,0,48,0,0,61,4,65,358,18,376,441
08/29/2001,ADM,OK,ASW,CE,Federal Contract Tower,0,0,2,0,2,0,0,87,4,91,0,0,89,4,93,756,8,764,857
08/30/2001,ADM,OK,ASW,CE,Federal Contract Tower,0,0,12,5,17,0,1,45,3,49,0,1,57,8,66,294,18,312,378
08/31/2001,ADM,OK,ASW,CE,Federal Contract Tower,0,0,13,0,13,0,0,44,0,44,0,0,57,0,57,460,0,460,517
09/01/2001,ADM,OK,ASW,CE,Federal Contract Tower,0,0,11,0,11,0,0,48,0,48,0,0,59,0,59,493,0,493,552
09/02/2001,ADM,OK,ASW,CE,Federal Contract Tower,0,0,2,0,2,0,0,21,0,21,0,0,23,0,23,4,0,4,27
09/03/2001,ADM,OK,ASW,CE,Federal Contract Tower,0,0,11,0,11,0,0,0,0,0,0,0,11,0,11,2,0,2,13
09/04/2001,ADM,OK,ASW,CE,Federal Contract Tower,0,0,0,0,0,0,0,9,0,9,0,0,9,0,9,18,0,18,27
09/05/2001,ADM,OK,ASW,CE,Federal Contract Tower,0,0,3,0,3,0,0,0,1,1,0,0,3,1,4,6,0,6,10
09/06/2001,ADM,OK,ASW,CE,Federal Contract Tower,0,0,16,1,17,0,0,25,9,34,0,0,41,10,51,102,26,128,179
09/07/2001,ADM,OK,ASW,CE,Federal Contract Tower,0,0,5,5,10,0,0,11,0,11,0,0,16,5,21,2,10,12,33
09/08/2001,ADM,OK,ASW,CE,Federal Contract Tower,0,0,9,0,9,0,0,23,4,27,0,0,32,4,36,19,8,27,63
09/09/2001,ADM,OK,ASW,CE,Federal Contract Tower,0,2,3,0,5,0,0,10,6,16,0,2,13,6,21,14,0,14,35
09/10/2001,ADM,OK,ASW,CE,Federal Contract Tower,0,0,0,0,0,0,0,52,4,56,0,0,52,4,56,76,0,76,132
09/11/2001,ADM,OK,ASW,CE,Federal Contract Tower,0,0,0,0,0,0,0,3,0,3,0,0,3,0,3,0,0,0,3
09/12/2001,ADM,OK,ASW,CE,Federal Contract Tower,0,0,0,0,0,0,0,0,0,0,0,0,0,0,0,0,0,0,0
09/13/2001,ADM,OK,ASW,CE,Federal Contract Tower,0,1,0,1,2,0,0,0,0,0,0,1,0,1,2,0,0,0,2
09/14/2001,ADM,OK,ASW,CE,Federal Contract Tower,0,0,0,0,0,0,0,0,2,2,0,0,0,2,2,0,14,14,16
09/15/2001,ADM,OK,ASW,CE,Federal Contract Tower,0,0,0,0,0,0,0,1,0,1,0,0,1,0,1,0,0,0,1
09/16/2001,ADM,OK,ASW,CE,Federal Contract Tower,0,0,8,0,8,0,0,0,0,0,0,0,8,0,8,0,0,0,8
09/17/2001,ADM,OK,ASW,CE,Federal Contract Tower,0,1,3,2,6,0,0,0,0,0,0,1,3,2,6,0,32,32,38
09/18/2001,ADM,OK,ASW,CE,Federal Contract Tower,0,0,0,0,0,0,0,0,0,0,0,0,0,0,0,0,0,0,0
09/19/2001,ADM,OK,ASW,CE,Federal Contract Tower,0,0,2,0,2,0,0,8,7,15,0,0,10,7,17,10,48,58,75
09/20/2001,ADM,OK,ASW,CE,Federal Contract Tower,0,0,1,0,1,0,0,2,1,3,0,0,3,1,4,0,22,22,26
09/21/2001,ADM,OK,ASW,CE,Federal Contract Tower,0,0,3,0,3,0,0,2,6,8,0,0,5,6,11,0,28,28,39
09/22/2001,ADM,OK,ASW,CE,Federal Contract Tower,0,0,7,0,7,0,0,6,0,6,0,0,13,0,13,32,0,32,45
09/23/2001,ADM,OK,ASW,CE,Federal Contract Tower,0,0,4,0,4,0,0,7,4,11,0,0,11,4,15,14,0,14,29
09/24/2001,ADM,OK,ASW,CE,Federal Contract Tower,0,0,20,0,20,0,0,8,1,9,0,0,28,1,29,12,20,32,61
09/25/2001,ADM,OK,ASW,CE,Federal Contract Tower,0,0,18,7,25,0,0,28,22,50,0,0,46,29,75,92,84,176,251
09/26/2001,ADM,OK,ASW,CE,Federal Contract Tower,0,0,4,2,6,0,0,59,6,65,0,0,63,8,71,102,16,118,189
09/27/2001,ADM,OK,ASW,CE,Federal Contract Tower,0,0,13,0,13,0,0,49,1,50,0,0,62,1,63,160,10,170,233
09/28/2001,ADM,OK,ASW,CE,Federal Contract Tower,0,0,7,0,7,0,0,29,0,29,0,0,36,0,36,16,0,16,52
09/29/2001,ADM,OK,ASW,CE,Federal Contract Tower,0,0,16,0,16,0,0,16,0,16,0,0,32,0,32,40,0,40,72
09/30/2001,ADM,OK,ASW,CE,Federal Contract Tower,0,0,1,0,1,0,0,33,0,33,0,0,34,0,34,12,0,12,46
10/01/2001,ADM,OK,ASW,CE,Federal Contract Tower,0,0,9,0,9,0,0,39,0,39,0,0,48,0,48,100,0,100,148
10/02/2001,ADM,OK,ASW,CE,Federal Contract Tower,0,0,18,2,20,0,1,29,16,46,0,1,47,18,66,84,64,148,214
10/03/2001,ADM,OK,ASW,CE,Federal Contract Tower,0,0,9,1,10,0,0,25,15,40,0,0,34,16,50,20,38,58,108
10/04/2001,ADM,OK,ASW,CE,Federal Contract Tower,0,0,7,9,16,0,0,8,12,20,0,0,15,21,36,6,32,38,74
10/05/2001,ADM,OK,ASW,CE,Federal Contract Tower,0,0,5,4,9,0,0,5,0,5,0,0,10,4,14,0,16,16,30
10/06/2001,ADM,OK,ASW,CE,Federal Contract Tower,0,0,2,0,2,0,0,44,0,44,0,0,46,0,46,68,0,68,114
10/07/2001,ADM,OK,ASW,CE,Federal Contract Tower,0,0,6,0,6,0,0,9,0,9,0,0,15,0,15,8,0,8,23
10/08/2001,ADM,OK,ASW,CE,Federal Contract Tower,0,0,16,0,16,0,0,30,6,36,0,0,46,6,52,82,22,104,156
10/09/2001,ADM,OK,ASW,CE,Federal Contract Tower,0,0,3,0,3,0,0,14,0,14,0,0,17,0,17,40,0,40,57
10/10/2001,ADM,OK,ASW,CE,Federal Contract Tower,0,2,0,0,2,0,0,0,0,0,0,2,0,0,2,0,0,0,2
10/11/2001,ADM,OK,ASW,CE,Federal Contract Tower,0,2,14,0,16,0,0,0,0,0,0,2,14,0,16,0,0,0,16
10/12/2001,ADM,OK,ASW,CE,Federal Contract Tower,0,0,8,3,11,0,0,4,6,10,0,0,12,9,21,4,22,26,47
10/13/2001,ADM,OK,ASW,CE,Federal Contract Tower,0,0,11,3,14,0,0,28,1,29,0,0,39,4,43,6,0,6,49
10/14/2001,ADM,OK,ASW,CE,Federal Contract Tower,0,0,14,2,16,0,0,36,2,38,0,0,50,4,54,44,0,44,98
10/15/2001,ADM,OK,ASW,CE,Federal Contract Tower,0,0,11,0,11,0,0,10,0,10,0,0,21,0,21,10,0,10,31
10/16/2001,ADM,OK,ASW,CE,Federal Contract Tower,0,0,14,7,21,0,0,30,21,51,0,0,44,28,72,82,78,160,232
10/17/2001,ADM,OK,ASW,CE,Federal Contract Tower,0,0,14,7,21,0,0,71,4,75,0,0,85,11,96,130,62,192,288
10/18/2001,ADM,OK,ASW,CE,Federal Contract Tower,0,0,11,4,15,0,0,33,0,33,0,0,44,4,48,29,22,51,99
10/19/2001,ADM,OK,ASW,CE,Federal Contract Tower,0,0,17,4,21,0,0,21,4,25,0,0,38,8,46,10,12,22,68
10/20/2001,ADM,OK,ASW,CE,Federal Contract Tower,0,0,3,0,3,0,2,61,0,63,0,2,64,0,66,13,0,13,79
10/21/2001,ADM,OK,ASW,CE,Federal Contract Tower,0,0,8,4,12,0,0,33,0,33,0,0,41,4,45,14,4,18,63
10/22/2001,ADM,OK,ASW,CE,Federal Contract Tower,0,0,14,0,14,0,0,26,12,38,0,0,40,12,52,76,30,106,158
10/23/2001,ADM,OK,ASW,CE,Federal Contract Tower,0,0,7,0,7,0,0,36,0,36,0,0,43,0,43,30,0,30,73
10/24/2001,ADM,OK,ASW,CE,Federal Contract Tower,0,0,10,0,10,0,0,39,0,39,0,0,49,0,49,116,0,116,165
10/25/2001,ADM,OK,ASW,CE,Federal Contract Tower,0,0,10,0,10,0,0,10,4,14,0,0,20,4,24,85,9,94,118
10/26/2001,ADM,OK,ASW,CE,Federal Contract Tower,0,0,7,0,7,0,0,30,0,30,0,0,37,0,37,32,0,32,69
10/27/2001,ADM,OK,ASW,CE,Federal Contract Tower,0,0,3,0,3,0,0,36,0,36,0,0,39,0,39,55,0,55,94
10/28/2001,ADM,OK,ASW,CE,Federal Contract Tower,0,0,13,2,15,0,0,28,0,28,0,0,41,2,43,30,0,30,73
10/29/2001,ADM,OK,ASW,CE,Federal Contract Tower,0,0,15,0,15,0,0,31,0,31,0,0,46,0,46,40,0,40,86
10/30/2001,ADM,OK,ASW,CE,Federal Contract Tower,0,0,11,1,12,0,0,56,7,63,0,0,67,8,75,110,30,140,215
10/31/2001,ADM,OK,ASW,CE,Federal Contract Tower,0,0,4,4,8,0,0,37,4,41,0,0,41,8,49,79,8,87,136
11/01/2001,ADM,OK,ASW,CE,Federal Contract Tower,0,0,6,0,6,0,0,46,0,46,0,0,52,0,52,92,0,92,144
11/02/2001,ADM,OK,ASW,CE,Federal Contract Tower,0,1,8,5,14,0,1,29,5,35,0,2,37,10,49,52,6,58,107
11/03/2001,ADM,OK,ASW,CE,Federal Contract Tower,0,0,2,4,6,0,2,54,0,56,0,2,56,4,62,39,16,55,117
11/04/2001,ADM,OK,ASW,CE,Federal Contract Tower,0,0,4,0,4,0,0,10,0,10,0,0,14,0,14,0,0,0,14
11/05/2001,ADM,OK,ASW,CE,Federal Contract Tower,0,0,3,0,3,0,0,20,0,20,0,0,23,0,23,44,0,44,67
11/06/2001,ADM,OK,ASW,CE,Federal Contract Tower,0,0,19,4,23,0,0,40,10,50,0,0,59,14,73,109,40,149,222
11/07/2001,ADM,OK,ASW,CE,Federal Contract Tower,0,0,14,12,26,0,0,49,12,61,0,0,63,24,87,139,55,194,281
11/08/2001,ADM,OK,ASW,CE,Federal Contract Tower,0,0,10,1,11,0,0,23,10,33,0,0,33,11,44,74,66,140,184
11/09/2001,ADM,OK,ASW,CE,Federal Contract Tower,0,0,13,1,14,0,0,34,13,47,0,0,47,14,61,124,32,156,217
11/10/2001,ADM,OK,ASW,CE,Federal Contract Tower,0,0,0,0,0,0,2,60,0,62,0,2,60,0,62,98,0,98,160
11/11/2001,ADM,OK,ASW,CE,Federal Contract Tower,0,0,12,0,12,0,0,22,0,22,0,0,34,0,34,32,0,32,66
11/12/2001,ADM,OK,ASW,CE,Federal Contract Tower,0,0,19,0,19,0,0,19,0,19,0,0,38,0,38,128,0,128,166
11/13/2001,ADM,OK,ASW,CE,Federal Contract Tower,0,0,7,0,7,0,0,2,0,2,0,0,9,0,9,22,0,22,31
11/14/2001,ADM,OK,ASW,CE,Federal Contract Tower,0,0,10,2,12,0,0,32,2,34,0,0,42,4,46,53,9,62,108
11/15/2001,ADM,OK,ASW,CE,Federal Contract Tower,0,0,0,0,0,0,0,53,19,72,0,0,53,19,72,80,34,114,186
11/16/2001,ADM,OK,ASW,CE,Federal Contract Tower,0,0,12,13,25,0,0,24,1,25,0,0,36,14,50,24,84,108,158
11/17/2001,ADM,OK,ASW,CE,Federal Contract Tower,0,0,2,2,4,0,0,26,2,28,0,0,28,4,32,0,0,0,32
11/18/2001,ADM,OK,ASW,CE,Federal Contract Tower,0,0,9,5,14,0,0,6,0,6,0,0,15,5,20,10,6,16,36
11/19/2001,ADM,OK,ASW,CE,Federal Contract Tower,0,0,3,6,9,0,0,12,0,12,0,0,15,6,21,10,56,66,87
11/20/2001,ADM,OK,ASW,CE,Federal Contract Tower,0,0,23,9,32,0,0,17,11,28,0,0,40,20,60,76,88,164,224
11/21/2001,ADM,OK,ASW,CE,Federal Contract Tower,0,0,1,2,3,0,0,62,5,67,0,0,63,7,70,101,26,127,197
11/22/2001,ADM,OK,ASW,CE,Federal Contract Tower,0,0,2,0,2,0,0,25,0,25,0,0,27,0,27,32,0,32,59
11/23/2001,ADM,OK,ASW,CE,Federal Contract Tower,0,0,2,0,2,0,0,16,0,16,0,0,18,0,18,6,0,6,24
11/24/2001,ADM,OK,ASW,CE,Federal Contract Tower,0,0,5,0,5,0,0,13,0,13,0,0,18,0,18,0,0,0,18
11/25/2001,ADM,OK,ASW,CE,Federal Contract Tower,0,0,3,0,3,0,0,45,0,45,0,0,48,0,48,22,0,22,70
11/26/2001,ADM,OK,ASW,CE,Federal Contract Tower,0,0,16,3,19,0,0,20,10,30,0,0,36,13,49,36,30,66,115
11/27/2001,ADM,OK,ASW,CE,Federal Contract Tower,0,0,17,0,17,0,0,15,0,15,0,0,32,0,32,92,0,92,124
11/28/2001,ADM,OK,ASW,CE,Federal Contract Tower,0,0,0,0,0,0,0,3,0,3,0,0,3,0,3,14,0,14,17
11/29/2001,ADM,OK,ASW,CE,Federal Contract Tower,0,0,7,1,8,0,0,0,2,2,0,0,7,3,10,0,8,8,18
11/30/2001,ADM,OK,ASW,CE,Federal Contract Tower,0,0,16,0,16,0,0,37,2,39,0,0,53,2,55,58,0,58,113
12/01/2001,ADM,OK,ASW,CE,Federal Contract Tower,0,0,0,0,0,0,2,54,0,56,0,2,54,0,56,30,0,30,86
12/02/2001,ADM,OK,ASW,CE,Federal Contract Tower,0,0,20,1,21,0,0,40,1,41,0,0,60,2,62,39,6,45,107
12/03/2001,ADM,OK,ASW,CE,Federal Contract Tower,0,2,6,0,8,0,0,0,0,0,0,2,6,0,8,4,0,4,12
12/04/2001,ADM,OK,ASW,CE,Federal Contract Tower,0,0,2,4,6,0,0,24,10,34,0,0,26,14,40,66,16,82,122
12/05/2001,ADM,OK,ASW,CE,Federal Contract Tower,0,0,6,9,15,0,0,42,2,44,0,0,48,11,59,91,59,150,209
12/06/2001,ADM,OK,ASW,CE,Federal Contract Tower,0,0,22,0,22,0,0,50,0,50,0,0,72,0,72,37,0,37,109
12/07/2001,ADM,OK,ASW,CE,Federal Contract Tower,0,0,20,2,22,0,0,24,2,26,0,0,44,4,48,52,12,64,112
12/08/2001,ADM,OK,ASW,CE,Federal Contract Tower,0,0,1,0,1,0,2,39,8,49,0,2,40,8,50,54,18,72,122
12/09/2001,ADM,OK,ASW,CE,Federal Contract Tower,0,0,16,0,16,0,0,52,1,53,0,0,68,1,69,41,0,41,110
12/10/2001,ADM,OK,ASW,CE,Federal Contract Tower,0,0,21,5,26,0,0,10,1,11,0,0,31,6,37,40,46,86,123
12/11/2001,ADM,OK,ASW,CE,Federal Contract Tower,0,0,7,2,9,0,0,16,0,16,0,0,23,2,25,22,0,22,47
12/12/2001,ADM,OK,ASW,CE,Federal Contract Tower,0,0,0,0,0,0,0,0,0,0,0,0,0,0,0,0,0,0,0
12/13/2001,ADM,OK,ASW,CE,Federal Contract Tower,0,0,6,0,6,0,0,0,6,6,0,0,6,6,12,8,0,8,20
12/14/2001,ADM,OK,ASW,CE,Federal Contract Tower,0,0,2,7,9,0,2,31,1,34,0,2,33,8,43,8,10,18,61
12/15/2001,ADM,OK,ASW,CE,Federal Contract Tower,0,0,6,2,8,0,0,6,3,9,0,0,12,5,17,6,0,6,23
12/16/2001,ADM,OK,ASW,CE,Federal Contract Tower,0,0,0,0,0,0,0,0,0,0,0,0,0,0,0,0,0,0,0
12/17/2001,ADM,OK,ASW,CE,Federal Contract Tower,0,0,20,0,20,0,2,28,8,38,0,2,48,8,58,116,30,146,204
12/18/2001,ADM,OK,ASW,CE,Federal Contract Tower,0,0,16,6,22,0,0,54,11,65,0,0,70,17,87,94,46,140,227
12/19/2001,ADM,OK,ASW,CE,Federal Contract Tower,0,0,0,8,8,0,0,55,9,64,0,0,55,17,72,101,47,148,220
12/20/2001,ADM,OK,ASW,CE,Federal Contract Tower,0,0,23,2,25,0,0,15,4,19,0,0,38,6,44,83,8,91,135
12/21/2001,ADM,OK,ASW,CE,Federal Contract Tower,0,0,14,0,14,0,0,27,0,27,0,0,41,0,41,28,0,28,69
12/22/2001,ADM,OK,ASW,CE,Federal Contract Tower,0,0,0,0,0,0,0,5,0,5,0,0,5,0,5,0,0,0,5
12/23/2001,ADM,OK,ASW,CE,Federal Contract Tower,0,0,0,0,0,0,0,12,0,12,0,0,12,0,12,0,0,0,12
12/24/2001,ADM,OK,ASW,CE,Federal Contract Tower,0,0,0,0,0,0,0,14,0,14,0,0,14,0,14,14,0,14,28
12/25/2001,ADM,OK,ASW,CE,Federal Contract Tower,0,0,0,0,0,0,0,2,0,2,0,0,2,0,2,0,0,0,2
12/26/2001,ADM,OK,ASW,CE,Federal Contract Tower,0,0,1,0,1,0,0,21,7,28,0,0,22,7,29,12,18,30,59
12/27/2001,ADM,OK,ASW,CE,Federal Contract Tower,0,0,0,0,0,0,0,0,0,0,0,0,0,0,0,0,0,0,0
12/28/2001,ADM,OK,ASW,CE,Federal Contract Tower,0,0,3,3,6,0,0,34,0,34,0,0,37,3,40,26,0,26,66
12/29/2001,ADM,OK,ASW,CE,Federal Contract Tower,0,0,0,0,0,0,0,0,0,0,0,0,0,0,0,0,0,0,0
12/30/2001,ADM,OK,ASW,CE,Federal Contract Tower,0,0,3,0,3,0,0,7,0,7,0,0,10,0,10,0,0,0,10
12/31/2001,ADM,OK,ASW,CE,Federal Contract Tower,0,0,1,0,1,0,0,31,1,32,0,0,32,1,33,58,16,74,107
01/01/2002,ADM,OK,ASW,CE,Federal Contract Tower,0,0,3,0,3,0,0,10,0,10,0,0,13,0,13,0,0,0,13
01/02/2002,ADM,OK,ASW,CE,Federal Contract Tower,0,0,0,4,4,0,0,8,10,18,0,0,8,14,22,11,6,17,39
01/03/2002,ADM,OK,ASW,CE,Federal Contract Tower,0,0,1,0,1,0,0,20,0,20,0,0,21,0,21,49,0,49,70
01/04/2002,ADM,OK,ASW,CE,Federal Contract Tower,0,0,1,3,4,0,0,43,5,48,0,0,44,8,52,38,13,51,103
01/05/2002,ADM,OK,ASW,CE,Federal Contract Tower,0,0,2,0,2,0,0,3,0,3,0,0,5,0,5,0,0,0,5
01/06/2002,ADM,OK,ASW,CE,Federal Contract Tower,0,0,11,0,11,0,0,16,0,16,0,0,27,0,27,8,0,8,35
01/07/2002,ADM,OK,ASW,CE,Federal Contract Tower,0,0,1,4,5,0,0,23,7,30,0,0,24,11,35,44,40,84,119
01/08/2002,ADM,OK,ASW,CE,Federal Contract Tower,2,0,9,0,11,0,0,44,9,53,2,0,53,9,64,46,40,86,150
01/09/2002,ADM,OK,ASW,CE,Federal Contract Tower,0,0,1,0,1,0,0,36,11,47,0,0,37,11,48,82,50,132,180
01/10/2002,ADM,OK,ASW,CE,Federal Contract Tower,0,0,7,1,8,0,0,23,4,27,0,0,30,5,35,38,10,48,83
01/11/2002,ADM,OK,ASW,CE,Federal Contract Tower,0,0,1,2,3,0,0,46,3,49,0,0,47,5,52,56,16,72,124
01/12/2002,ADM,OK,ASW,CE,Federal Contract Tower,0,0,5,0,5,0,0,70,6,76,0,0,75,6,81,63,15,78,159
01/13/2002,ADM,OK,ASW,CE,Federal Contract Tower,0,0,5,0,5,0,0,13,0,13,0,0,18,0,18,0,0,0,18
01/14/2002,ADM,OK,ASW,CE,Federal Contract Tower,0,0,3,1,4,0,0,21,2,23,0,0,24,3,27,38,10,48,75
01/15/2002,ADM,OK,ASW,CE,Federal Contract Tower,0,0,8,9,17,0,6,27,17,50,0,6,35,26,67,50,26,76,143
01/16/2002,ADM,OK,ASW,CE,Federal Contract Tower,0,0,6,12,18,0,0,27,1,28,0,0,33,13,46,126,66,192,238
01/17/2002,ADM,OK,ASW,CE,Federal Contract Tower,0,0,1,0,1,0,0,25,4,29,0,0,26,4,30,62,24,86,116
01/18/2002,ADM,OK,ASW,CE,Federal Contract Tower,0,0,3,2,5,0,0,9,0,9,0,0,12,2,14,5,24,29,43
01/19/2002,ADM,OK,ASW,CE,Federal Contract Tower,0,0,3,0,3,0,0,19,0,19,0,0,22,0,22,34,0,34,56
01/20/2002,ADM,OK,ASW,CE,Federal Contract Tower,0,0,0,0,0,0,0,13,0,13,0,0,13,0,13,15,0,15,28
01/21/2002,ADM,OK,ASW,CE,Federal Contract Tower,0,0,18,0,18,0,0,35,3,38,0,0,53,3,56,128,20,148,204
01/22/2002,ADM,OK,ASW,CE,Federal Contract Tower,0,0,6,1,7,0,0,28,17,45,0,0,34,18,52,60,56,116,168
01/23/2002,ADM,OK,ASW,CE,Federal Contract Tower,0,0,3,0,3,0,0,0,0,0,0,0,3,0,3,2,0,2,5
01/24/2002,ADM,OK,ASW,CE,Federal Contract Tower,0,0,8,4,12,0,0,16,0,16,0,0,24,4,28,39,32,71,99
01/25/2002,ADM,OK,ASW,CE,Federal Contract Tower,0,0,14,2,16,0,0,21,0,21,0,0,35,2,37,88,8,96,133
01/26/2002,ADM,OK,ASW,CE,Federal Contract Tower,0,0,0,0,0,0,0,77,2,79,0,0,77,2,79,86,2,88,167
01/27/2002,ADM,OK,ASW,CE,Federal Contract Tower,0,0,3,3,6,0,0,56,4,60,0,0,59,7,66,84,52,136,202
01/28/2002,ADM,OK,ASW,CE,Federal Contract Tower,0,0,8,1,9,0,0,28,4,32,0,0,36,5,41,61,12,73,114
01/29/2002,ADM,OK,ASW,CE,Federal Contract Tower,0,0,5,0,5,0,0,26,9,35,0,0,31,9,40,58,46,104,144
01/30/2002,ADM,OK,ASW,CE,Federal Contract Tower,0,0,2,0,2,0,0,0,0,0,0,0,2,0,2,0,0,0,2
01/31/2002,ADM,OK,ASW,CE,Federal Contract Tower,0,0,0,0,0,0,0,20,6,26,0,0,20,6,26,48,16,64,90
02/01/2002,ADM,OK,ASW,CE,Federal Contract Tower,0,0,10,7,17,0,0,24,1,25,0,0,34,8,42,50,34,84,126
02/02/2002,ADM,OK,ASW,CE,Federal Contract Tower,0,0,0,0,0,0,0,18,0,18,0,0,18,0,18,17,0,17,35
02/03/2002,ADM,OK,ASW,CE,Federal Contract Tower,0,0,0,0,0,0,0,2,16,18,0,0,2,16,18,20,0,20,38
02/04/2002,ADM,OK,ASW,CE,Federal Contract Tower,0,1,7,9,17,0,0,13,6,19,0,1,20,15,36,34,56,90,126
02/05/2002,ADM,OK,ASW,CE,Federal Contract Tower,0,0,1,0,1,0,3,0,0,3,0,3,1,0,4,8,0,8,12
02/06/2002,ADM,OK,ASW,CE,Federal Contract Tower,0,0,7,0,7,0,0,5,3,8,0,0,12,3,15,0,0,0,15
02/07/2002,ADM,OK,ASW,CE,Federal Contract Tower,0,0,0,0,0,0,0,35,3,38,0,0,35,3,38,75,10,85,123
02/08/2002,ADM,OK,ASW,CE,Federal Contract Tower,0,0,8,0,8,0,0,20,0,20,0,0,28,0,28,34,0,34,62
02/09/2002,ADM,OK,ASW,CE,Federal Contract Tower,0,0,1,0,1,0,0,14,4,18,0,0,15,4,19,20,10,30,49
02/10/2002,ADM,OK,ASW,CE,Federal Contract Tower,0,0,3,0,3,0,0,21,4,25,0,0,24,4,28,54,12,66,94
02/11/2002,ADM,OK,ASW,CE,Federal Contract Tower,0,0,13,0,13,0,0,21,10,31,0,0,34,10,44,106,78,184,228
02/12/2002,ADM,OK,ASW,CE,Federal Contract Tower,0,0,6,9,15,0,0,41,1,42,0,0,47,10,57,94,56,150,207
02/13/2002,ADM,OK,ASW,CE,Federal Contract Tower,0,0,2,6,8,0,0,43,10,53,0,0,45,16,61,105,70,175,236
02/14/2002,ADM,OK,ASW,CE,Federal Contract Tower,0,0,4,0,4,0,0,33,8,41,0,0,37,8,45,84,20,104,149
02/15/2002,ADM,OK,ASW,CE,Federal Contract Tower,0,0,8,1,9,0,0,30,0,30,0,0,38,1,39,60,6,66,105
02/16/2002,ADM,OK,ASW,CE,Federal Contract Tower,0,0,0,0,0,0,0,21,0,21,0,0,21,0,21,50,0,50,71
02/17/2002,ADM,OK,ASW,CE,Federal Contract Tower,0,0,5,0,5,0,0,63,6,69,0,0,68,6,74,120,12,132,206
02/18/2002,ADM,OK,ASW,CE,Federal Contract Tower,0,0,6,0,6,0,0,32,1,33,0,0,38,1,39,66,6,72,111
02/19/2002,ADM,OK,ASW,CE,Federal Contract Tower,0,0,6,0,6,0,0,35,9,44,0,0,41,9,50,82,44,126,176
02/20/2002,ADM,OK,ASW,CE,Federal Contract Tower,0,0,8,3,11,0,0,33,4,37,0,0,41,7,48,106,39,145,193
02/21/2002,ADM,OK,ASW,CE,Federal Contract Tower,0,0,6,3,9,0,0,51,3,54,0,0,57,6,63,88,12,100,163
02/22/2002,ADM,OK,ASW,CE,Federal Contract Tower,0,0,9,12,21,0,0,36,3,39,0,0,45,15,60,92,88,180,240
02/23/2002,ADM,OK,ASW,CE,Federal Contract Tower,0,0,6,0,6,0,0,33,4,37,0,0,39,4,43,100,12,112,155
02/24/2002,ADM,OK,ASW,CE,Federal Contract Tower,0,0,5,12,17,0,0,29,0,29,0,0,34,12,46,66,48,114,160
02/25/2002,ADM,OK,ASW,CE,Federal Contract Tower,0,0,0,0,0,0,0,31,14,45,0,0,31,14,45,62,62,124,169
02/26/2002,ADM,OK,ASW,CE,Federal Contract Tower,0,0,12,4,16,0,0,21,4,25,0,0,33,8,41,86,60,146,187
02/27/2002,ADM,OK,ASW,CE,Federal Contract Tower,0,0,3,4,7,0,0,46,14,60,0,0,49,18,67,125,65,190,257
02/28/2002,ADM,OK,ASW,CE,Federal Contract Tower,0,0,3,4,7,0,0,33,0,33,0,0,36,4,40,44,34,78,118
03/01/2002,ADM,OK,ASW,CE,Federal Contract Tower,0,0,6,2,8,0,0,3,0,3,0,0,9,2,11,5,16,21,32
03/02/2002,ADM,OK,ASW,CE,Federal Contract Tower,0,0,0,0,0,0,0,4,0,4,0,0,4,0,4,0,0,0,4
03/03/2002,ADM,OK,ASW,CE,Federal Contract Tower,0,0,16,0,16,0,0,1,0,1,0,0,17,0,17,18,0,18,35
03/04/2002,ADM,OK,ASW,CE,Federal Contract Tower,0,0,6,0,6,0,0,17,7,24,0,0,23,7,30,66,0,66,96
03/05/2002,ADM,OK,ASW,CE,Federal Contract Tower,0,0,3,8,11,0,0,40,6,46,0,0,43,14,57,68,68,136,193
03/06/2002,ADM,OK,ASW,CE,Federal Contract Tower,0,0,7,1,8,0,0,27,8,35,0,0,34,9,43,109,62,171,214
03/07/2002,ADM,OK,ASW,CE,Federal Contract Tower,0,0,15,1,16,0,0,22,7,29,0,0,37,8,45,82,22,104,149
03/08/2002,ADM,OK,ASW,CE,Federal Contract Tower,0,0,3,0,3,0,0,8,0,8,0,0,11,0,11,8,0,8,19
03/09/2002,ADM,OK,ASW,CE,Federal Contract Tower,0,0,0,0,0,0,0,11,0,11,0,0,11,0,11,23,0,23,34
03/10/2002,ADM,OK,ASW,CE,Federal Contract Tower,0,0,21,5,26,0,0,22,1,23,0,0,43,6,49,132,42,174,223
03/11/2002,ADM,OK,ASW,CE,Federal Contract Tower,0,0,3,0,3,0,0,21,7,28,0,0,24,7,31,38,34,72,103
03/12/2002,ADM,OK,ASW,CE,Federal Contract Tower,0,0,3,14,17,0,0,50,0,50,0,0,53,14,67,90,58,148,215
03/13/2002,ADM,OK,ASW,CE,Federal Contract Tower,0,0,16,9,25,0,0,21,1,22,0,0,37,10,47,86,36,122,169
03/14/2002,ADM,OK,ASW,CE,Federal Contract Tower,0,0,8,4,12,0,0,31,2,33,0,0,39,6,45,74,20,94,139
03/15/2002,ADM,OK,ASW,CE,Federal Contract Tower,0,0,1,0,1,0,0,45,0,45,0,0,46,0,46,38,0,38,84
03/16/2002,ADM,OK,ASW,CE,Federal Contract Tower,0,0,1,0,1,0,0,27,2,29,0,0,28,2,30,69,8,77,107
03/17/2002,ADM,OK,ASW,CE,Federal Contract Tower,0,0,2,1,3,0,0,5,0,5,0,0,7,1,8,24,8,32,40
03/18/2002,ADM,OK,ASW,CE,Federal Contract Tower,0,0,0,0,0,0,0,0,0,0,0,0,0,0,0,0,0,0,0
03/19/2002,ADM,OK,ASW,CE,Federal Contract Tower,0,0,4,0,4,0,0,0,0,0,0,0,4,0,4,0,0,0,4
03/20/2002,ADM,OK,ASW,CE,Federal Contract Tower,0,0,12,14,26,0,1,22,2,25,0,1,34,16,51,104,60,164,215
03/21/2002,ADM,OK,ASW,CE,Federal Contract Tower,0,0,6,5,11,0,0,56,4,60,0,0,62,9,71,109,40,149,220
03/22/2002,ADM,OK,ASW,CE,Federal Contract Tower,0,0,7,3,10,0,0,28,3,31,0,0,35,6,41,104,22,126,167
03/23/2002,ADM,OK,ASW,CE,Federal Contract Tower,0,0,0,0,0,0,0,24,0,24,0,0,24,0,24,51,0,51,75
03/24/2002,ADM,OK,ASW,CE,Federal Contract Tower,0,0,1,0,1,0,0,19,8,27,0,0,20,8,28,84,28,112,140
03/25/2002,ADM,OK,ASW,CE,Federal Contract Tower,0,0,4,0,4,0,0,22,0,22,0,0,26,0,26,54,0,54,80
03/26/2002,ADM,OK,ASW,CE,Federal Contract Tower,0,0,2,16,18,0,0,37,2,39,0,0,39,18,57,101,98,199,256
03/27/2002,ADM,OK,ASW,CE,Federal Contract Tower,0,0,4,1,5,0,0,41,20,61,0,0,45,21,66,46,88,134,200
03/28/2002,ADM,OK,ASW,CE,Federal Contract Tower,0,0,12,6,18,0,0,46,10,56,0,0,58,16,74,45,38,83,157
03/29/2002,ADM,OK,ASW,CE,Federal Contract Tower,0,0,3,0,3,0,0,30,11,41,0,0,33,11,44,66,30,96,140
03/30/2002,ADM,OK,ASW,CE,Federal Contract Tower,0,0,0,0,0,0,0,10,3,13,0,0,10,3,13,32,14,46,59
03/31/2002,ADM,OK,ASW,CE,Federal Contract Tower,0,0,0,0,0,0,0,16,4,20,0,0,16,4,20,76,20,96,116
04/01/2002,ADM,OK,ASW,CE,Federal Contract Tower,0,0,8,0,8,0,0,31,9,40,0,0,39,9,48,80,24,104,152
04/02/2002,ADM,OK,ASW,CE,Federal Contract Tower,0,0,4,0,4,0,0,18,0,18,0,0,22,0,22,32,0,32,54
04/03/2002,ADM,OK,ASW,CE,Federal Contract Tower,0,0,4,0,4,0,0,33,4,37,0,0,37,4,41,64,16,80,121
04/04/2002,ADM,OK,ASW,CE,Federal Contract Tower,0,0,17,8,25,0,0,16,3,19,0,0,33,11,44,40,60,100,144
04/05/2002,ADM,OK,ASW,CE,Federal Contract Tower,0,0,1,0,1,0,0,46,3,49,0,0,47,3,50,66,22,88,138
04/06/2002,ADM,OK,ASW,CE,Federal Contract Tower,0,0,0,0,0,0,0,12,0,12,0,0,12,0,12,52,0,52,64
04/07/2002,ADM,OK,ASW,CE,Federal Contract Tower,0,0,0,0,0,0,0,12,0,12,0,0,12,0,12,52,0,52,64
04/08/2002,ADM,OK,ASW,CE,Federal Contract Tower,0,0,0,5,5,0,0,4,0,4,0,0,4,5,9,2,0,2,11
04/09/2002,ADM,OK,ASW,CE,Federal Contract Tower,0,0,7,7,14,0,0,41,6,47,0,0,48,13,61,94,44,138,199
04/10/2002,ADM,OK,ASW,CE,Federal Contract Tower,0,0,8,3,11,0,0,38,7,45,0,0,46,10,56,124,34,158,214
04/11/2002,ADM,OK,ASW,CE,Federal Contract Tower,0,0,12,4,16,0,0,30,8,38,0,0,42,12,54,60,74,134,188
04/12/2002,ADM,OK,ASW,CE,Federal Contract Tower,0,0,0,0,0,0,0,10,0,10,0,0,10,0,10,8,0,8,18
04/13/2002,ADM,OK,ASW,CE,Federal Contract Tower,0,0,0,0,0,0,0,0,0,0,0,0,0,0,0,0,0,0,0
04/14/2002,ADM,OK,ASW,CE,Federal Contract Tower,0,0,2,0,2,0,0,30,0,30,0,0,32,0,32,102,0,102,134
04/15/2002,ADM,OK,ASW,CE,Federal Contract Tower,0,0,4,1,5,0,0,24,3,27,0,0,28,4,32,94,4,98,130
04/16/2002,ADM,OK,ASW,CE,Federal Contract Tower,0,0,11,5,16,0,0,37,0,37,0,0,48,5,53,50,16,66,119
04/17/2002,ADM,OK,ASW,CE,Federal Contract Tower,0,0,4,0,4,0,0,41,4,45,0,0,45,4,49,114,24,138,187
04/18/2002,ADM,OK,ASW,CE,Federal Contract Tower,0,0,14,4,18,0,0,14,0,14,0,0,28,4,32,57,28,85,117
04/19/2002,ADM,OK,ASW,CE,Federal Contract Tower,0,0,5,0,5,0,0,46,3,49,0,0,51,3,54,94,12,106,160
04/20/2002,ADM,OK,ASW,CE,Federal Contract Tower,0,0,2,0,2,0,0,23,0,23,0,0,25,0,25,0,0,0,25
04/21/2002,ADM,OK,ASW,CE,Federal Contract Tower,0,0,1,0,1,0,0,11,1,12,0,0,12,1,13,55,4,59,72
04/22/2002,ADM,OK,ASW,CE,Federal Contract Tower,0,0,10,1,11,0,0,40,8,48,0,0,50,9,59,82,56,138,197
04/23/2002,ADM,OK,ASW,CE,Federal Contract Tower,0,0,17,7,24,0,0,22,3,25,0,0,39,10,49,82,46,128,177
04/24/2002,ADM,OK,ASW,CE,Federal Contract Tower,0,0,1,1,2,0,0,44,6,50,0,0,45,7,52,128,30,158,210
04/25/2002,ADM,OK,ASW,CE,Federal Contract Tower,0,0,2,1,3,0,0,24,3,27,0,0,26,4,30,25,6,31,61
04/26/2002,ADM,OK,ASW,CE,Federal Contract Tower,0,0,2,0,2,0,0,0,0,0,0,0,2,0,2,0,0,0,2
04/27/2002,ADM,OK,ASW,CE,Federal Contract Tower,0,0,4,0,4,0,0,17,0,17,0,0,21,0,21,13,0,13,34
04/28/2002,ADM,OK,ASW,CE,Federal Contract Tower,0,0,1,0,1,0,0,19,0,19,0,0,20,0,20,84,0,84,104
04/29/2002,ADM,OK,ASW,CE,Federal Contract Tower,0,0,39,4,43,0,0,26,12,38,0,0,65,16,81,196,56,252,333
04/30/2002,ADM,OK,ASW,CE,Federal Contract Tower,0,0,14,3,17,0,0,39,12,51,0,0,53,15,68,122,68,190,258
05/01/2002,ADM,OK,ASW,CE,Federal Contract Tower,0,0,4,3,7,0,0,40,9,49,0,0,44,12,56,120,54,174,230
05/02/2002,ADM,OK,ASW,CE,Federal Contract Tower,0,0,5,4,9,0,0,33,3,36,0,0,38,7,45,70,42,112,157
05/03/2002,ADM,OK,ASW,CE,Federal Contract Tower,0,0,10,2,12,0,0,28,0,28,0,0,38,2,40,70,6,76,116
05/04/2002,ADM,OK,ASW,CE,Federal Contract Tower,0,0,6,0,6,0,0,18,0,18,0,0,24,0,24,32,0,32,56
05/05/2002,ADM,OK,ASW,CE,Federal Contract Tower,0,0,0,0,0,0,0,16,0,16,0,0,16,0,16,54,0,54,70
05/06/2002,ADM,OK,ASW,CE,Federal Contract Tower,0,0,8,2,10,0,0,24,4,28,0,0,32,6,38,62,12,74,112
05/07/2002,ADM,OK,ASW,CE,Federal Contract Tower,0,0,3,2,5,0,0,44,15,59,0,0,47,17,64,58,60,118,182
05/08/2002,ADM,OK,ASW,CE,Federal Contract Tower,0,0,5,2,7,0,0,36,5,41,0,0,41,7,48,124,40,164,212
05/09/2002,ADM,OK,ASW,CE,Federal Contract Tower,0,0,9,17,26,0,0,35,0,35,0,0,44,17,61,51,44,95,156
05/10/2002,ADM,OK,ASW,CE,Federal Contract Tower,0,0,8,0,8,0,0,35,0,35,0,0,43,0,43,68,0,68,111
05/11/2002,ADM,OK,ASW,CE,Federal Contract Tower,0,0,0,0,0,0,0,15,0,15,0,0,15,0,15,45,0,45,60
05/12/2002,ADM,OK,ASW,CE,Federal Contract Tower,0,0,0,0,0,0,0,22,0,22,0,0,22,0,22,92,0,92,114
05/13/2002,ADM,OK,ASW,CE,Federal Contract Tower,0,0,13,2,15,0,0,26,9,35,0,0,39,11,50,96,40,136,186
05/14/2002,ADM,OK,ASW,CE,Federal Contract Tower,0,0,17,2,19,0,0,31,20,51,0,0,48,22,70,80,49,129,199
05/15/2002,ADM,OK,ASW,CE,Federal Contract Tower,0,0,8,2,10,0,0,40,4,44,0,0,48,6,54,112,34,146,200
05/16/2002,ADM,OK,ASW,CE,Federal Contract Tower,0,0,19,7,26,0,0,26,0,26,0,0,45,7,52,42,30,72,124
05/17/2002,ADM,OK,ASW,CE,Federal Contract Tower,0,0,15,1,16,0,0,41,0,41,0,0,56,1,57,106,4,110,167
05/18/2002,ADM,OK,ASW,CE,Federal Contract Tower,0,0,7,0,7,0,0,126,0,126,0,0,133,0,133,24,0,24,157
05/19/2002,ADM,OK,ASW,CE,Federal Contract Tower,0,0,7,1,8,0,0,37,10,47,0,0,44,11,55,80,22,102,157
05/20/2002,ADM,OK,ASW,CE,Federal Contract Tower,0,0,5,1,6,0,0,24,5,29,0,0,29,6,35,82,22,104,139
05/21/2002,ADM,OK,ASW,CE,Federal Contract Tower,0,0,9,10,19,0,0,44,6,50,0,0,53,16,69,88,42,130,199
05/22/2002,ADM,OK,ASW,CE,Federal Contract Tower,0,0,6,1,7,0,0,43,12,55,0,0,49,13,62,156,52,208,270
05/23/2002,ADM,OK,ASW,CE,Federal Contract Tower,0,0,5,1,6,0,0,28,5,33,0,0,33,6,39,41,28,69,108
05/24/2002,ADM,OK,ASW,CE,Federal Contract Tower,0,0,9,0,9,0,0,26,0,26,0,0,35,0,35,52,0,52,87
05/25/2002,ADM,OK,ASW,CE,Federal Contract Tower,0,0,0,0,0,0,0,5,0,5,0,0,5,0,5,0,0,0,5
05/26/2002,ADM,OK,ASW,CE,Federal Contract Tower,0,0,0,0,0,0,0,11,2,13,0,0,11,2,13,32,8,40,53
05/27/2002,ADM,OK,ASW,CE,Federal Contract Tower,0,0,1,1,2,0,0,15,2,17,0,0,16,3,19,38,8,46,65
05/28/2002,ADM,OK,ASW,CE,Federal Contract Tower,0,0,10,2,12,0,0,22,2,24,0,0,32,4,36,56,34,90,126
05/29/2002,ADM,OK,ASW,CE,Federal Contract Tower,0,0,8,1,9,0,0,32,14,46,0,0,40,15,55,106,36,142,197
05/30/2002,ADM,OK,ASW,CE,Federal Contract Tower,0,0,14,1,15,0,0,20,19,39,0,0,34,20,54,18,40,58,112
05/31/2002,ADM,OK,ASW,CE,Federal Contract Tower,0,0,10,1,11,0,0,34,7,41,0,0,44,8,52,59,24,83,135
06/01/2002,ADM,OK,ASW,CE,Federal Contract Tower,0,0,0,0,0,0,0,26,0,26,0,0,26,0,26,52,0,52,78
06/02/2002,ADM,OK,ASW,CE,Federal Contract Tower,0,0,0,1,1,0,0,15,2,17,0,0,15,3,18,58,6,64,82
06/03/2002,ADM,OK,ASW,CE,Federal Contract Tower,0,0,5,3,8,0,0,28,7,35,0,0,33,10,43,60,22,82,125
06/04/2002,ADM,OK,ASW,CE,Federal Contract Tower,0,0,7,3,10,0,0,25,20,45,0,0,32,23,55,38,56,94,149
06/05/2002,ADM,OK,ASW,CE,Federal Contract Tower,0,0,4,2,6,0,0,22,6,28,0,0,26,8,34,47,12,59,93
06/06/2002,ADM,OK,ASW,CE,Federal Contract Tower,0,0,10,8,18,0,0,17,4,21,0,0,27,12,39,80,38,118,157
06/07/2002,ADM,OK,ASW,CE,Federal Contract Tower,0,0,4,0,4,0,0,40,12,52,0,0,44,12,56,54,26,80,136
06/08/2002,ADM,OK,ASW,CE,Federal Contract Tower,0,0,2,0,2,0,0,29,2,31,0,0,31,2,33,66,4,70,103
06/09/2002,ADM,OK,ASW,CE,Federal Contract Tower,0,0,3,0,3,0,0,11,0,11,0,0,14,0,14,24,0,24,38
06/10/2002,ADM,OK,ASW,CE,Federal Contract Tower,0,0,22,0,22,0,0,25,11,36,0,0,47,11,58,102,24,126,184
06/11/2002,ADM,OK,ASW,CE,Federal Contract Tower,0,0,16,5,21,0,0,32,7,39,0,0,48,12,60,70,76,146,206
06/12/2002,ADM,OK,ASW,CE,Federal Contract Tower,0,0,1,4,5,0,0,37,3,40,0,0,38,7,45,102,16,118,163
06/13/2002,ADM,OK,ASW,CE,Federal Contract Tower,0,0,5,0,5,0,0,19,0,19,0,0,24,0,24,66,0,66,90
06/14/2002,ADM,OK,ASW,CE,Federal Contract Tower,0,0,10,1,11,0,0,52,20,72,0,0,62,21,83,62,28,90,173
06/15/2002,ADM,OK,ASW,CE,Federal Contract Tower,0,0,2,0,2,0,0,54,0,54,0,0,56,0,56,173,0,173,229
06/16/2002,ADM,OK,ASW,CE,Federal Contract Tower,0,0,3,0,3,0,0,15,3,18,0,0,18,3,21,35,4,39,60
06/17/2002,ADM,OK,ASW,CE,Federal Contract Tower,0,0,12,4,16,0,2,49,7,58,0,2,61,11,74,126,36,162,236
06/18/2002,ADM,OK,ASW,CE,Federal Contract Tower,0,0,49,2,51,0,0,19,6,25,0,0,68,8,76,130,32,162,238
06/19/2002,ADM,OK,ASW,CE,Federal Contract Tower,0,0,15,4,19,0,0,31,0,31,0,0,46,4,50,40,22,62,112
06/20/2002,ADM,OK,ASW,CE,Federal Contract Tower,0,0,19,0,19,0,0,33,4,37,0,0,52,4,56,29,6,35,91
06/21/2002,ADM,OK,ASW,CE,Federal Contract Tower,0,0,5,0,5,0,0,53,0,53,0,0,58,0,58,67,0,67,125
06/22/2002,ADM,OK,ASW,CE,Federal Contract Tower,0,0,6,0,6,0,0,27,0,27,0,0,33,0,33,33,0,33,66
06/23/2002,ADM,OK,ASW,CE,Federal Contract Tower,0,0,1,0,1,0,0,17,0,17,0,0,18,0,18,44,0,44,62
06/24/2002,ADM,OK,ASW,CE,Federal Contract Tower,0,0,9,2,11,0,0,49,10,59,0,0,58,12,70,148,28,176,246
06/25/2002,ADM,OK,ASW,CE,Federal Contract Tower,0,0,17,0,17,0,0,41,5,46,0,0,58,5,63,116,14,130,193
06/26/2002,ADM,OK,ASW,CE,Federal Contract Tower,0,0,9,0,9,0,0,44,4,48,0,0,53,4,57,94,14,108,165
06/27/2002,ADM,OK,ASW,CE,Federal Contract Tower,0,0,8,0,8,0,0,45,12,57,0,0,53,12,65,96,30,126,191
06/28/2002,ADM,OK,ASW,CE,Federal Contract Tower,0,0,10,0,10,0,0,50,0,50,0,0,60,0,60,92,0,92,152
06/29/2002,ADM,OK,ASW,CE,Federal Contract Tower,0,0,5,0,5,0,0,26,0,26,0,0,31,0,31,93,0,93,124
06/30/2002,ADM,OK,ASW,CE,Federal Contract Tower,0,0,2,0,2,0,0,19,0,19,0,0,21,0,21,32,0,32,53
07/01/2002,ADM,OK,ASW,CE,Federal Contract Tower,0,0,6,0,6,0,0,22,8,30,0,0,28,8,36,48,24,72,108
07/02/2002,ADM,OK,ASW,CE,Federal Contract Tower,0,0,9,0,9,0,0,8,0,8,0,0,17,0,17,4,0,4,21
07/03/2002,ADM,OK,ASW,CE,Federal Contract Tower,0,0,11,3,14,0,0,15,0,15,0,0,26,3,29,54,0,54,83
07/04/2002,ADM,OK,ASW,CE,Federal Contract Tower,0,0,5,0,5,0,0,31,0,31,0,0,36,0,36,38,0,38,74
07/05/2002,ADM,OK,ASW,CE,Federal Contract Tower,0,0,10,1,11,0,0,76,2,78,0,0,86,3,89,164,6,170,259
07/06/2002,ADM,OK,ASW,CE,Federal Contract Tower,0,0,1,0,1,0,0,25,0,25,0,0,26,0,26,78,0,78,104
07/07/2002,ADM,OK,ASW,CE,Federal Contract Tower,0,0,0,0,0,0,0,21,0,21,0,0,21,0,21,44,0,44,65
07/08/2002,ADM,OK,ASW,CE,Federal Contract Tower,0,0,3,0,3,0,0,50,13,63,0,0,53,13,66,92,24,116,182
07/09/2002,ADM,OK,ASW,CE,Federal Contract Tower,0,0,8,6,14,0,0,49,1,50,0,0,57,7,64,84,16,100,164
07/10/2002,ADM,OK,ASW,CE,Federal Contract Tower,0,0,2,3,5,0,0,45,8,53,0,0,47,11,58,78,28,106,164
07/11/2002,ADM,OK,ASW,CE,Federal Contract Tower,0,0,14,0,14,0,0,18,0,18,0,0,32,0,32,54,0,54,86
07/12/2002,ADM,OK,ASW,CE,Federal Contract Tower,0,0,10,0,10,0,0,53,2,55,0,0,63,2,65,132,6,138,203
07/13/2002,ADM,OK,ASW,CE,Federal Contract Tower,0,0,5,2,7,0,0,7,2,9,0,0,12,4,16,38,12,50,66
07/14/2002,ADM,OK,ASW,CE,Federal Contract Tower,0,0,4,0,4,0,0,18,0,18,0,0,22,0,22,74,0,74,96
07/15/2002,ADM,OK,ASW,CE,Federal Contract Tower,0,0,12,0,12,0,0,47,6,53,0,0,59,6,65,118,14,132,197
07/16/2002,ADM,OK,ASW,CE,Federal Contract Tower,0,0,7,3,10,0,0,35,7,42,0,0,42,10,52,64,21,85,137
07/17/2002,ADM,OK,ASW,CE,Federal Contract Tower,0,0,8,0,8,0,0,21,10,31,0,0,29,10,39,58,34,92,131
07/18/2002,ADM,OK,ASW,CE,Federal Contract Tower,0,0,11,3,14,0,0,25,6,31,0,0,36,9,45,65,18,83,128
07/19/2002,ADM,OK,ASW,CE,Federal Contract Tower,0,0,10,0,10,0,0,36,7,43,0,0,46,7,53,70,30,100,153
07/20/2002,ADM,OK,ASW,CE,Federal Contract Tower,0,0,5,0,5,0,0,27,3,30,0,0,32,3,35,70,0,70,105
07/21/2002,ADM,OK,ASW,CE,Federal Contract Tower,0,0,6,2,8,0,0,40,14,54,0,0,46,16,62,92,28,120,182
07/22/2002,ADM,OK,ASW,CE,Federal Contract Tower,0,0,10,3,13,0,0,51,3,54,0,0,61,6,67,134,10,144,211
07/23/2002,ADM,OK,ASW,CE,Federal Contract Tower,0,0,17,1,18,0,0,10,0,10,0,0,27,1,28,42,0,42,70
07/24/2002,ADM,OK,ASW,CE,Federal Contract Tower,0,0,0,1,1,0,0,22,0,22,0,0,22,1,23,42,0,42,65
07/25/2002,ADM,OK,ASW,CE,Federal Contract Tower,0,0,9,2,11,0,0,39,11,50,0,0,48,13,61,64,16,80,141
07/26/2002,ADM,OK,ASW,CE,Federal Contract Tower,0,0,12,8,20,0,0,46,0,46,0,0,58,8,66,108,26,134,200
07/27/2002,ADM,OK,ASW,CE,Federal Contract Tower,0,0,5,0,5,0,0,51,0,51,0,0,56,0,56,112,0,112,168
07/28/2002,ADM,OK,ASW,CE,Federal Contract Tower,0,0,2,0,2,0,0,8,0,8,0,0,10,0,10,30,0,30,40
07/29/2002,ADM,OK,ASW,CE,Federal Contract Tower,0,0,10,0,10,0,0,53,4,57,0,0,63,4,67,78,22,100,167
07/30/2002,ADM,OK,ASW,CE,Federal Contract Tower,0,0,15,1,16,0,0,29,9,38,0,0,44,10,54,92,26,118,172
07/31/2002,ADM,OK,ASW,CE,Federal Contract Tower,0,0,4,0,4,0,0,50,4,54,0,0,54,4,58,156,8,164,222
08/01/2002,ADM,OK,ASW,CE,Federal Contract Tower,0,0,7,0,7,0,0,42,4,46,0,0,49,4,53,53,10,63,116
08/02/2002,ADM,OK,ASW,CE,Federal Contract Tower,0,0,12,1,13,0,0,37,2,39,0,0,49,3,52,94,2,96,148
08/03/2002,ADM,OK,ASW,CE,Federal Contract Tower,0,0,2,0,2,0,0,30,0,30,0,0,32,0,32,64,0,64,96
08/04/2002,ADM,OK,ASW,CE,Federal Contract Tower,0,0,4,4,8,0,0,19,11,30,0,0,23,15,38,96,0,96,134
08/05/2002,ADM,OK,ASW,CE,Federal Contract Tower,0,0,5,13,18,0,0,56,0,56,0,0,61,13,74,108,68,176,250
08/06/2002,ADM,OK,ASW,CE,Federal Contract Tower,0,0,5,0,5,0,0,30,2,32,0,0,35,2,37,64,12,76,113
08/07/2002,ADM,OK,ASW,CE,Federal Contract Tower,0,0,11,7,18,0,0,35,2,37,0,0,46,9,55,112,10,122,177
08/08/2002,ADM,OK,ASW,CE,Federal Contract Tower,0,0,3,0,3,0,0,31,0,31,0,0,34,0,34,40,0,40,74
08/09/2002,ADM,OK,ASW,CE,Federal Contract Tower,0,0,6,0,6,0,0,45,2,47,0,0,51,2,53,43,12,55,108
08/10/2002,ADM,OK,ASW,CE,Federal Contract Tower,0,0,4,0,4,0,0,8,0,8,0,0,12,0,12,21,0,21,33
08/11/2002,ADM,OK,ASW,CE,Federal Contract Tower,0,0,5,0,5,0,0,38,38,76,0,0,43,38,81,100,26,126,207
08/12/2002,ADM,OK,ASW,CE,Federal Contract Tower,0,0,4,0,4,0,0,58,15,73,0,0,62,15,77,116,36,152,229
08/13/2002,ADM,OK,ASW,CE,Federal Contract Tower,0,0,3,0,3,0,0,35,2,37,0,0,38,2,40,40,10,50,90
08/14/2002,ADM,OK,ASW,CE,Federal Contract Tower,0,0,10,1,11,0,0,26,10,36,0,0,36,11,47,36,16,52,99
08/15/2002,ADM,OK,ASW,CE,Federal Contract Tower,0,0,4,0,4,0,0,32,1,33,0,0,36,1,37,46,6,52,89
08/16/2002,ADM,OK,ASW,CE,Federal Contract Tower,0,0,7,2,9,0,0,20,2,22,0,0,27,4,31,33,22,55,86
08/17/2002,ADM,OK,ASW,CE,Federal Contract Tower,0,0,0,0,0,0,0,28,0,28,0,0,28,0,28,54,0,54,82
08/18/2002,ADM,OK,ASW,CE,Federal Contract Tower,0,0,3,0,3,0,0,26,0,26,0,0,29,0,29,80,0,80,109
08/19/2002,ADM,OK,ASW,CE,Federal Contract Tower,0,0,5,1,6,0,0,33,8,41,0,0,38,9,47,88,32,120,167
08/20/2002,ADM,OK,ASW,CE,Federal Contract Tower,0,0,4,2,6,0,0,29,5,34,0,0,33,7,40,64,27,91,131
08/21/2002,ADM,OK,ASW,CE,Federal Contract Tower,0,0,5,2,7,0,0,30,0,30,0,0,35,2,37,58,0,58,95
08/22/2002,ADM,OK,ASW,CE,Federal Contract Tower,0,0,10,5,15,0,0,23,2,25,0,0,33,7,40,64,27,91,131
08/23/2002,ADM,OK,ASW,CE,Federal Contract Tower,0,0,7,2,9,0,0,16,4,20,0,0,23,6,29,38,18,56,85
08/24/2002,ADM,OK,ASW,CE,Federal Contract Tower,0,0,1,0,1,0,0,17,0,17,0,0,18,0,18,38,0,38,56
08/25/2002,ADM,OK,ASW,CE,Federal Contract Tower,0,0,0,0,0,0,0,16,2,18,0,0,16,2,18,30,4,34,52
08/26/2002,ADM,OK,ASW,CE,Federal Contract Tower,0,0,5,0,5,0,0,46,6,52,0,0,51,6,57,88,14,102,159
08/27/2002,ADM,OK,ASW,CE,Federal Contract Tower,0,0,11,3,14,0,0,27,3,30,0,0,38,6,44,80,14,94,138
08/28/2002,ADM,OK,ASW,CE,Federal Contract Tower,0,0,13,7,20,0,0,24,16,40,0,0,37,23,60,74,70,144,204
08/29/2002,ADM,OK,ASW,CE,Federal Contract Tower,0,0,3,12,15,0,0,36,0,36,0,0,39,12,51,50,43,93,144
08/30/2002,ADM,OK,ASW,CE,Federal Contract Tower,0,0,4,0,4,0,0,47,0,47,0,0,51,0,51,87,0,87,138
08/31/2002,ADM,OK,ASW,CE,Federal Contract Tower,0,0,0,0,0,0,0,37,0,37,0,0,37,0,37,53,0,53,90
09/01/2002,ADM,OK,ASW,CE,Federal Contract Tower,0,0,0,1,1,0,0,18,4,22,0,0,18,5,23,40,4,44,67
09/02/2002,ADM,OK,ASW,CE,Federal Contract Tower,0,0,4,0,4,0,0,53,3,56,0,0,57,3,60,132,2,134,194
09/03/2002,ADM,OK,ASW,CE,Federal Contract Tower,0,2,5,2,9,0,0,22,6,28,0,2,27,8,37,102,35,137,174
09/04/2002,ADM,OK,ASW,CE,Federal Contract Tower,0,0,10,4,14,0,0,28,4,32,0,0,38,8,46,44,20,64,110
09/05/2002,ADM,OK,ASW,CE,Federal Contract Tower,0,0,6,0,6,0,0,22,12,34,0,0,28,12,40,64,0,64,104
09/06/2002,ADM,OK,ASW,CE,Federal Contract Tower,0,0,12,4,16,0,0,40,5,45,0,0,52,9,61,88,20,108,169
09/07/2002,ADM,OK,ASW,CE,Federal Contract Tower,0,0,3,1,4,0,0,26,1,27,0,0,29,2,31,50,16,66,97
09/08/2002,ADM,OK,ASW,CE,Federal Contract Tower,0,0,1,0,1,0,0,6,3,9,0,0,7,3,10,20,0,20,30
09/09/2002,ADM,OK,ASW,CE,Federal Contract Tower,0,0,0,0,0,0,0,52,10,62,0,0,52,10,62,80,62,142,204
09/10/2002,ADM,OK,ASW,CE,Federal Contract Tower,0,0,13,0,13,0,0,30,1,31,0,0,43,1,44,80,2,82,126
09/11/2002,ADM,OK,ASW,CE,Federal Contract Tower,0,0,5,0,5,0,0,36,10,46,0,0,41,10,51,32,8,40,91
09/12/2002,ADM,OK,ASW,CE,Federal Contract Tower,0,0,6,0,6,0,0,24,6,30,0,0,30,6,36,63,14,77,113
09/13/2002,ADM,OK,ASW,CE,Federal Contract Tower,0,0,7,3,10,0,0,23,0,23,0,0,30,3,33,58,10,68,101
09/14/2002,ADM,OK,ASW,CE,Federal Contract Tower,0,0,2,0,2,0,0,10,0,10,0,0,12,0,12,36,0,36,48
09/15/2002,ADM,OK,ASW,CE,Federal Contract Tower,0,0,6,2,8,0,0,25,7,32,0,0,31,9,40,42,0,42,82
09/16/2002,ADM,OK,ASW,CE,Federal Contract Tower,0,0,4,0,4,0,0,28,9,37,0,0,32,9,41,53,14,67,108
09/17/2002,ADM,OK,ASW,CE,Federal Contract Tower,0,0,14,9,23,0,0,38,0,38,0,0,52,9,61,118,34,152,213
09/18/2002,ADM,OK,ASW,CE,Federal Contract Tower,0,1,4,0,5,0,0,59,4,63,0,1,63,4,68,712,8,720,788
09/19/2002,ADM,OK,ASW,CE,Federal Contract Tower,0,0,4,1,5,0,0,28,3,31,0,0,32,4,36,540,13,553,589
09/20/2002,ADM,OK,ASW,CE,Federal Contract Tower,0,0,3,0,3,0,0,56,0,56,0,0,59,0,59,979,0,979,1038
09/21/2002,ADM,OK,ASW,CE,Federal Contract Tower,0,0,2,0,2,0,0,31,0,31,0,0,33,0,33,564,0,564,597
09/22/2002,ADM,OK,ASW,CE,Federal Contract Tower,0,0,2,0,2,0,0,18,4,22,0,0,20,4,24,74,12,86,110
09/23/2002,ADM,OK,ASW,CE,Federal Contract Tower,0,0,4,0,4,0,0,34,6,40,0,0,38,6,44,41,20,61,105
09/24/2002,ADM,OK,ASW,CE,Federal Contract Tower,0,0,9,7,16,0,0,45,1,46,0,0,54,8,62,70,46,116,178
09/25/2002,ADM,OK,ASW,CE,Federal Contract Tower,0,0,9,0,9,0,0,42,5,47,0,0,51,5,56,148,30,178,234
09/26/2002,ADM,OK,ASW,CE,Federal Contract Tower,0,0,0,0,0,0,0,31,0,31,0,0,31,0,31,60,0,60,91
09/27/2002,ADM,OK,ASW,CE,Federal Contract Tower,0,0,9,0,9,0,0,42,0,42,0,0,51,0,51,84,0,84,135
09/28/2002,ADM,OK,ASW,CE,Federal Contract Tower,0,0,7,0,7,0,0,28,0,28,0,0,35,0,35,69,0,69,104
09/29/2002,ADM,OK,ASW,CE,Federal Contract Tower,0,0,9,2,11,0,0,18,3,21,0,0,27,5,32,56,10,66,98
09/30/2002,ADM,OK,ASW,CE,Federal Contract Tower,0,0,8,0,8,0,0,35,0,35,0,0,43,0,43,52,0,52,95
10/01/2002,ADM,OK,ASW,CE,Federal Contract Tower,0,0,9,3,12,0,0,45,11,56,0,0,54,14,68,70,88,158,226
10/02/2002,ADM,OK,ASW,CE,Federal Contract Tower,0,0,8,0,8,0,0,30,16,46,0,0,38,16,54,66,74,140,194
10/03/2002,ADM,OK,ASW,CE,Federal Contract Tower,0,0,5,2,7,0,0,52,12,64,0,0,57,14,71,64,44,108,179
10/04/2002,ADM,OK,ASW,CE,Federal Contract Tower,0,0,14,4,18,0,0,31,3,34,0,0,45,7,52,63,24,87,139
10/05/2002,ADM,OK,ASW,CE,Federal Contract Tower,0,0,4,3,7,0,0,25,1,26,0,0,29,4,33,58,8,66,99
10/06/2002,ADM,OK,ASW,CE,Federal Contract Tower,0,0,5,0,5,0,0,15,6,21,0,0,20,6,26,66,20,86,112
10/07/2002,ADM,OK,ASW,CE,Federal Contract Tower,0,0,10,1,11,0,0,33,0,33,0,0,43,1,44,53,6,59,103
10/08/2002,ADM,OK,ASW,CE,Federal Contract Tower,0,0,0,4,4,0,0,2,0,2,0,0,2,4,6,0,12,12,18
10/09/2002,ADM,OK,ASW,CE,Federal Contract Tower,0,0,4,3,7,0,0,0,0,0,0,0,4,3,7,0,0,0,7
10/10/2002,ADM,OK,ASW,CE,Federal Contract Tower,0,0,14,2,16,0,0,0,0,0,0,0,14,2,16,6,2,8,24
10/11/2002,ADM,OK,ASW,CE,Federal Contract Tower,0,0,11,0,11,0,0,31,0,31,0,0,42,0,42,86,0,86,128
10/12/2002,ADM,OK,ASW,CE,Federal Contract Tower,0,0,18,0,18,0,0,0,0,0,0,0,18,0,18,0,0,0,18
10/13/2002,ADM,OK,ASW,CE,Federal Contract Tower,0,0,1,0,1,0,0,15,3,18,0,0,16,3,19,38,18,56,75
10/14/2002,ADM,OK,ASW,CE,Federal Contract Tower,0,0,7,0,7,0,0,47,1,48,0,0,54,1,55,34,0,34,89
10/15/2002,ADM,OK,ASW,CE,Federal Contract Tower,0,0,12,4,16,0,0,47,16,63,0,0,59,20,79,138,68,206,285
10/16/2002,ADM,OK,ASW,CE,Federal Contract Tower,0,0,4,0,4,0,0,58,23,81,0,0,62,23,85,132,52,184,269
10/17/2002,ADM,OK,ASW,CE,Federal Contract Tower,0,0,6,0,6,0,0,23,10,33,0,0,29,10,39,40,34,74,113
10/18/2002,ADM,OK,ASW,CE,Federal Contract Tower,0,0,11,0,11,0,0,2,6,8,0,0,13,6,19,0,32,32,51
10/19/2002,ADM,OK,ASW,CE,Federal Contract Tower,0,0,5,4,9,0,0,0,0,0,0,0,5,4,9,0,0,0,9
10/20/2002,ADM,OK,ASW,CE,Federal Contract Tower,0,0,10,6,16,0,0,0,0,0,0,0,10,6,16,0,0,0,16
10/21/2002,ADM,OK,ASW,CE,Federal Contract Tower,0,0,5,3,8,0,0,19,3,22,0,0,24,6,30,44,14,58,88
10/22/2002,ADM,OK,ASW,CE,Federal Contract Tower,0,0,10,0,10,0,0,0,0,0,0,0,10,0,10,12,0,12,22
10/23/2002,ADM,OK,ASW,CE,Federal Contract Tower,0,0,9,0,9,0,0,0,0,0,0,0,9,0,9,0,0,0,9
10/24/2002,ADM,OK,ASW,CE,Federal Contract Tower,0,0,14,0,14,0,0,11,0,11,0,0,25,0,25,6,0,6,31
10/25/2002,ADM,OK,ASW,CE,Federal Contract Tower,0,0,22,0,22,0,0,0,0,0,0,0,22,0,22,0,0,0,22
10/26/2002,ADM,OK,ASW,CE,Federal Contract Tower,0,0,19,0,19,0,0,10,9,19,0,0,29,9,38,58,18,76,114
10/27/2002,ADM,OK,ASW,CE,Federal Contract Tower,0,0,2,0,2,0,0,0,0,0,0,0,2,0,2,0,0,0,2
10/28/2002,ADM,OK,ASW,CE,Federal Contract Tower,0,0,0,0,0,0,0,4,0,4,0,0,4,0,4,0,0,0,4
10/29/2002,ADM,OK,ASW,CE,Federal Contract Tower,0,0,10,10,20,0,0,11,6,17,0,0,21,16,37,60,34,94,131
10/30/2002,ADM,OK,ASW,CE,Federal Contract Tower,0,0,6,0,6,0,0,14,3,17,0,0,20,3,23,54,0,54,77
10/31/2002,ADM,OK,ASW,CE,Federal Contract Tower,0,0,6,0,6,0,0,9,0,9,0,0,15,0,15,18,0,18,33
11/01/2002,ADM,OK,ASW,CE,Federal Contract Tower,0,0,0,0,0,0,0,14,2,16,0,0,14,2,16,98,14,112,128
11/02/2002,ADM,OK,ASW,CE,Federal Contract Tower,0,0,0,0,0,0,0,4,0,4,0,0,4,0,4,0,0,0,4
11/03/2002,ADM,OK,ASW,CE,Federal Contract Tower,0,0,7,0,7,0,0,0,0,0,0,0,7,0,7,0,0,0,7
11/04/2002,ADM,OK,ASW,CE,Federal Contract Tower,0,0,6,0,6,0,0,31,4,35,0,0,37,4,41,58,14,72,113
11/05/2002,ADM,OK,ASW,CE,Federal Contract Tower,0,0,12,4,16,0,0,37,11,48,0,0,49,15,64,64,42,106,170
11/06/2002,ADM,OK,ASW,CE,Federal Contract Tower,0,0,2,2,4,0,0,72,4,76,0,0,74,6,80,130,26,156,236
11/07/2002,ADM,OK,ASW,CE,Federal Contract Tower,0,0,9,1,10,0,0,28,2,30,0,0,37,3,40,56,12,68,108
11/08/2002,ADM,OK,ASW,CE,Federal Contract Tower,0,0,9,1,10,0,0,38,1,39,0,0,47,2,49,40,24,64,113
11/09/2002,ADM,OK,ASW,CE,Federal Contract Tower,0,0,2,0,2,0,0,23,0,23,0,0,25,0,25,25,0,25,50
11/10/2002,ADM,OK,ASW,CE,Federal Contract Tower,0,0,0,0,0,0,0,28,3,31,0,0,28,3,31,88,14,102,133
11/11/2002,ADM,OK,ASW,CE,Federal Contract Tower,0,0,2,0,2,0,0,39,13,52,0,0,41,13,54,84,30,114,168
11/12/2002,ADM,OK,ASW,CE,Federal Contract Tower,0,0,10,2,12,0,0,44,14,58,0,0,54,16,70,74,102,176,246
11/13/2002,ADM,OK,ASW,CE,Federal Contract Tower,0,0,7,1,8,0,0,47,10,57,0,0,54,11,65,86,48,134,199
11/14/2002,ADM,OK,ASW,CE,Federal Contract Tower,0,0,24,2,26,0,0,25,5,30,0,0,49,7,56,24,16,40,96
11/15/2002,ADM,OK,ASW,CE,Federal Contract Tower,0,0,19,0,19,0,0,18,8,26,0,0,37,8,45,62,22,84,129
11/16/2002,ADM,OK,ASW,CE,Federal Contract Tower,0,0,8,0,8,0,0,25,4,29,0,0,33,4,37,32,0,32,69
11/17/2002,ADM,OK,ASW,CE,Federal Contract Tower,0,0,5,2,7,0,0,47,12,59,0,0,52,14,66,88,10,98,164
11/18/2002,ADM,OK,ASW,CE,Federal Contract Tower,0,0,1,0,1,0,0,33,14,47,0,0,34,14,48,36,42,78,126
11/19/2002,ADM,OK,ASW,CE,Federal Contract Tower,0,0,24,9,33,0,0,21,15,36,0,0,45,24,69,84,90,174,243
11/20/2002,ADM,OK,ASW,CE,Federal Contract Tower,0,0,7,0,7,0,0,76,10,86,0,0,83,10,93,196,22,218,311
11/21/2002,ADM,OK,ASW,CE,Federal Contract Tower,0,0,8,0,8,0,0,35,9,44,0,0,43,9,52,60,22,82,134
11/22/2002,ADM,OK,ASW,CE,Federal Contract Tower,0,0,2,0,2,0,0,32,6,38,0,0,34,6,40,38,26,64,104
11/23/2002,ADM,OK,ASW,CE,Federal Contract Tower,0,0,6,3,9,0,0,48,0,48,0,0,54,3,57,52,4,56,113
11/24/2002,ADM,OK,ASW,CE,Federal Contract Tower,0,0,0,0,0,0,0,22,8,30,0,0,22,8,30,36,10,46,76
11/25/2002,ADM,OK,ASW,CE,Federal Contract Tower,0,0,9,0,9,0,0,40,12,52,0,0,49,12,61,86,38,124,185
11/26/2002,ADM,OK,ASW,CE,Federal Contract Tower,0,0,11,0,11,0,0,30,8,38,0,0,41,8,49,48,28,76,125
11/27/2002,ADM,OK,ASW,CE,Federal Contract Tower,0,0,6,0,6,0,0,29,1,30,0,0,35,1,36,20,4,24,60
11/28/2002,ADM,OK,ASW,CE,Federal Contract Tower,0,0,0,0,0,0,0,19,0,19,0,0,19,0,19,32,0,32,51
11/29/2002,ADM,OK,ASW,CE,Federal Contract Tower,0,0,4,0,4,0,0,32,0,32,0,0,36,0,36,10,0,10,46
11/30/2002,ADM,OK,ASW,CE,Federal Contract Tower,0,0,3,1,4,0,0,46,0,46,0,0,49,1,50,20,4,24,74
12/01/2002,ADM,OK,ASW,CE,Federal Contract Tower,0,0,1,1,2,0,0,27,3,30,0,0,28,4,32,40,0,40,72
12/02/2002,ADM,OK,ASW,CE,Federal Contract Tower,0,0,0,1,1,0,0,30,5,35,0,0,30,6,36,76,18,94,130
12/03/2002,ADM,OK,ASW,CE,Federal Contract Tower,0,0,2,0,2,0,0,4,2,6,0,0,6,2,8,0,4,4,12
12/04/2002,ADM,OK,ASW,CE,Federal Contract Tower,0,0,7,0,7,0,0,0,0,0,0,0,7,0,7,2,0,2,9
12/05/2002,ADM,OK,ASW,CE,Federal Contract Tower,0,0,9,3,12,0,0,18,1,19,0,0,27,4,31,20,16,36,67
12/06/2002,ADM,OK,ASW,CE,Federal Contract Tower,0,0,7,8,15,0,0,36,0,36,0,0,43,8,51,28,30,58,109
12/07/2002,ADM,OK,ASW,CE,Federal Contract Tower,0,0,6,0,6,0,0,47,6,53,0,0,53,6,59,28,28,56,115
12/08/2002,ADM,OK,ASW,CE,Federal Contract Tower,0,0,6,3,9,0,0,30,4,34,0,0,36,7,43,78,12,90,133
12/09/2002,ADM,OK,ASW,CE,Federal Contract Tower,0,0,8,0,8,0,0,0,0,0,0,0,8,0,8,0,0,0,8
12/10/2002,ADM,OK,ASW,CE,Federal Contract Tower,0,0,4,0,4,0,0,0,8,8,0,0,4,8,12,4,34,38,50
12/11/2002,ADM,OK,ASW,CE,Federal Contract Tower,0,0,0,0,0,0,0,4,0,4,0,0,4,0,4,0,0,0,4
12/12/2002,ADM,OK,ASW,CE,Federal Contract Tower,0,0,0,0,0,0,0,14,0,14,0,0,14,0,14,4,0,4,18
12/13/2002,ADM,OK,ASW,CE,Federal Contract Tower,0,0,7,3,10,0,0,40,0,40,0,0,47,3,50,26,6,32,82
12/14/2002,ADM,OK,ASW,CE,Federal Contract Tower,0,0,3,0,3,0,0,57,0,57,0,0,60,0,60,26,0,26,86
12/15/2002,ADM,OK,ASW,CE,Federal Contract Tower,0,0,9,1,10,0,0,28,12,40,0,0,37,13,50,78,0,78,128
12/16/2002,ADM,OK,ASW,CE,Federal Contract Tower,0,0,11,1,12,0,0,29,4,33,0,0,40,5,45,84,10,94,139
12/17/2002,ADM,OK,ASW,CE,Federal Contract Tower,0,0,10,4,14,0,0,33,17,50,0,0,43,21,64,38,56,94,158
12/18/2002,ADM,OK,ASW,CE,Federal Contract Tower,0,0,7,1,8,0,0,28,6,34,0,0,35,7,42,76,20,96,138
12/19/2002,ADM,OK,ASW,CE,Federal Contract Tower,0,0,8,1,9,0,0,14,0,14,0,0,22,1,23,30,4,34,57
12/20/2002,ADM,OK,ASW,CE,Federal Contract Tower,0,0,8,1,9,0,0,41,0,41,0,0,49,1,50,20,2,22,72
12/21/2002,ADM,OK,ASW,CE,Federal Contract Tower,0,0,5,0,5,0,0,27,0,27,0,0,32,0,32,10,0,10,42
12/22/2002,ADM,OK,ASW,CE,Federal Contract Tower,0,0,1,0,1,0,0,32,0,32,0,0,33,0,33,100,0,100,133
12/23/2002,ADM,OK,ASW,CE,Federal Contract Tower,0,2,0,0,2,0,0,0,0,0,0,2,0,0,2,0,0,0,2
12/24/2002,ADM,OK,ASW,CE,Federal Contract Tower,0,0,4,0,4,0,0,14,1,15,0,0,18,1,19,28,10,38,57
12/25/2002,ADM,OK,ASW,CE,Federal Contract Tower,0,0,1,0,1,0,0,1,0,1,0,0,2,0,2,2,0,2,4
12/26/2002,ADM,OK,ASW,CE,Federal Contract Tower,0,0,1,0,1,0,0,26,0,26,0,0,27,0,27,0,0,0,27
12/27/2002,ADM,OK,ASW,CE,Federal Contract Tower,0,0,0,0,0,0,0,57,0,57,0,0,57,0,57,42,0,42,99
12/28/2002,ADM,OK,ASW,CE,Federal Contract Tower,0,0,0,0,0,0,0,28,4,32,0,0,28,4,32,60,10,70,102
12/29/2002,ADM,OK,ASW,CE,Federal Contract Tower,0,0,0,0,0,0,0,24,0,24,0,0,24,0,24,58,0,58,82
12/30/2002,ADM,OK,ASW,CE,Federal Contract Tower,0,0,7,6,13,0,0,2,6,8,0,0,9,12,21,0,18,18,39
12/31/2002,ADM,OK,ASW,CE,Federal Contract Tower,0,0,6,0,6,0,0,45,5,50,0,0,51,5,56,74,24,98,154
01/01/2003,ADM,OK,ASW,CE,Federal Contract Tower,0,0,1,0,1,0,0,30,0,30,0,0,31,0,31,32,0,32,63
01/02/2003,ADM,OK,ASW,CE,Federal Contract Tower,0,0,1,1,2,0,0,38,1,39,0,0,39,2,41,26,12,38,79
01/03/2003,ADM,OK,ASW,CE,Federal Contract Tower,0,0,0,3,3,0,0,59,0,59,0,0,59,3,62,16,16,32,94
01/04/2003,ADM,OK,ASW,CE,Federal Contract Tower,0,0,12,0,12,0,0,41,0,41,0,0,53,0,53,20,0,20,73
01/05/2003,ADM,OK,ASW,CE,Federal Contract Tower,0,0,3,0,3,0,0,26,0,26,0,0,29,0,29,45,0,45,74
01/06/2003,ADM,OK,ASW,CE,Federal Contract Tower,0,0,3,4,7,0,0,28,0,28,0,0,31,4,35,28,34,62,97
01/07/2003,ADM,OK,ASW,CE,Federal Contract Tower,0,0,13,7,20,0,0,34,3,37,0,0,47,10,57,70,42,112,169
01/08/2003,ADM,OK,ASW,CE,Federal Contract Tower,0,0,10,1,11,0,0,65,9,74,0,0,75,10,85,172,26,198,283
01/09/2003,ADM,OK,ASW,CE,Federal Contract Tower,0,2,19,3,24,0,0,19,0,19,0,2,38,3,43,24,8,32,75
01/10/2003,ADM,OK,ASW,CE,Federal Contract Tower,0,0,20,4,24,0,0,30,2,32,0,0,50,6,56,66,24,90,146
01/11/2003,ADM,OK,ASW,CE,Federal Contract Tower,0,0,19,0,19,0,0,32,0,32,0,0,51,0,51,34,0,34,85
01/12/2003,ADM,OK,ASW,CE,Federal Contract Tower,0,0,0,0,0,0,0,21,0,21,0,0,21,0,21,30,0,30,51
01/13/2003,ADM,OK,ASW,CE,Federal Contract Tower,0,0,3,0,3,0,0,0,0,0,0,0,3,0,3,0,0,0,3
01/14/2003,ADM,OK,ASW,CE,Federal Contract Tower,0,0,20,3,23,0,0,27,3,30,0,0,47,6,53,68,34,102,155
01/15/2003,ADM,OK,ASW,CE,Federal Contract Tower,0,0,2,0,2,0,0,0,0,0,0,0,2,0,2,0,0,0,2
01/16/2003,ADM,OK,ASW,CE,Federal Contract Tower,0,0,1,7,8,0,0,16,0,16,0,0,17,7,24,16,22,38,62
01/17/2003,ADM,OK,ASW,CE,Federal Contract Tower,0,0,5,0,5,0,0,38,0,38,0,0,43,0,43,50,0,50,93
01/18/2003,ADM,OK,ASW,CE,Federal Contract Tower,0,0,5,0,5,0,0,48,0,48,0,0,53,0,53,44,0,44,97
01/19/2003,ADM,OK,ASW,CE,Federal Contract Tower,0,0,15,0,15,0,0,41,0,41,0,0,56,0,56,38,0,38,94
01/20/2003,ADM,OK,ASW,CE,Federal Contract Tower,0,0,8,0,8,0,0,44,0,44,0,0,52,0,52,136,0,136,188
01/21/2003,ADM,OK,ASW,CE,Federal Contract Tower,0,0,3,10,13,0,0,26,3,29,0,0,29,13,42,42,90,132,174
01/22/2003,ADM,OK,ASW,CE,Federal Contract Tower,0,0,8,7,15,0,0,27,13,40,0,0,35,20,55,44,90,134,189
01/23/2003,ADM,OK,ASW,CE,Federal Contract Tower,0,0,19,0,19,0,0,16,11,27,0,0,35,11,46,58,45,103,149
01/24/2003,ADM,OK,ASW,CE,Federal Contract Tower,0,0,4,1,5,0,0,23,10,33,0,0,27,11,38,16,38,54,92
01/25/2003,ADM,OK,ASW,CE,Federal Contract Tower,0,0,1,5,6,0,0,41,0,41,0,0,42,5,47,30,22,52,99
01/26/2003,ADM,OK,ASW,CE,Federal Contract Tower,0,0,3,0,3,0,0,10,2,12,0,0,13,2,15,40,0,40,55
01/27/2003,ADM,OK,ASW,CE,Federal Contract Tower,0,0,12,4,16,0,0,32,9,41,0,0,44,13,57,74,40,114,171
01/28/2003,ADM,OK,ASW,CE,Federal Contract Tower,0,0,9,4,13,0,0,32,8,40,0,0,41,12,53,60,88,148,201
01/29/2003,ADM,OK,ASW,CE,Federal Contract Tower,0,0,4,2,6,0,0,29,2,31,0,0,33,4,37,50,16,66,103
01/30/2003,ADM,OK,ASW,CE,Federal Contract Tower,0,0,14,5,19,0,0,2,1,3,0,0,16,6,22,12,20,32,54
01/31/2003,ADM,OK,ASW,CE,Federal Contract Tower,0,0,10,5,15,0,0,32,8,40,0,0,42,13,55,32,26,58,113
02/01/2003,ADM,OK,ASW,CE,Federal Contract Tower,0,0,5,0,5,0,0,49,0,49,0,0,54,0,54,38,0,38,92
02/02/2003,ADM,OK,ASW,CE,Federal Contract Tower,0,0,4,1,5,0,0,23,9,32,0,0,27,10,37,68,6,74,111
02/03/2003,ADM,OK,ASW,CE,Federal Contract Tower,0,0,2,7,9,0,0,54,16,70,0,0,56,23,79,92,92,184,263
02/04/2003,ADM,OK,ASW,CE,Federal Contract Tower,0,0,0,6,6,0,0,45,16,61,0,0,45,22,67,84,72,156,223
02/05/2003,ADM,OK,ASW,CE,Federal Contract Tower,0,0,16,0,16,0,0,36,12,48,0,0,52,12,64,14,12,26,90
02/06/2003,ADM,OK,ASW,CE,Federal Contract Tower,0,0,3,0,3,0,0,0,0,0,0,0,3,0,3,0,0,0,3
02/07/2003,ADM,OK,ASW,CE,Federal Contract Tower,0,0,5,2,7,0,0,44,7,51,0,0,49,9,58,32,14,46,104
02/08/2003,ADM,OK,ASW,CE,Federal Contract Tower,0,0,0,2,2,0,0,37,4,41,0,0,37,6,43,46,12,58,101
02/09/2003,ADM,OK,ASW,CE,Federal Contract Tower,0,0,1,0,1,0,0,0,0,0,0,0,1,0,1,0,0,0,1
02/10/2003,ADM,OK,ASW,CE,Federal Contract Tower,0,0,3,9,12,0,0,16,5,21,0,0,19,14,33,52,18,70,103
02/11/2003,ADM,OK,ASW,CE,Federal Contract Tower,0,0,7,4,11,0,1,40,17,58,0,1,47,21,69,56,66,122,191
02/12/2003,ADM,OK,ASW,CE,Federal Contract Tower,0,0,2,2,4,0,1,43,7,51,0,1,45,9,55,86,28,114,169
02/13/2003,ADM,OK,ASW,CE,Federal Contract Tower,0,0,7,0,7,0,0,0,0,0,0,0,7,0,7,2,0,2,9
02/14/2003,ADM,OK,ASW,CE,Federal Contract Tower,0,2,4,0,6,0,0,33,0,33,0,2,37,0,39,30,0,30,69
02/15/2003,ADM,OK,ASW,CE,Federal Contract Tower,0,0,2,0,2,0,0,8,0,8,0,0,10,0,10,0,0,0,10
02/16/2003,ADM,OK,ASW,CE,Federal Contract Tower,0,0,1,0,1,0,0,27,5,32,0,0,28,5,33,66,12,78,111
02/17/2003,ADM,OK,ASW,CE,Federal Contract Tower,0,0,2,0,2,0,0,36,4,40,0,0,38,4,42,76,0,76,118
02/18/2003,ADM,OK,ASW,CE,Federal Contract Tower,0,0,10,0,10,0,0,32,19,51,0,0,42,19,61,64,52,116,177
02/19/2003,ADM,OK,ASW,CE,Federal Contract Tower,0,0,5,3,8,0,0,28,11,39,0,0,33,14,47,72,36,108,155
02/20/2003,ADM,OK,ASW,CE,Federal Contract Tower,0,0,4,0,4,0,0,0,0,0,0,0,4,0,4,0,0,0,4
02/21/2003,ADM,OK,ASW,CE,Federal Contract Tower,0,0,2,0,2,0,0,0,0,0,0,0,2,0,2,0,0,0,2
02/22/2003,ADM,OK,ASW,CE,Federal Contract Tower,0,0,8,0,8,0,0,55,0,55,0,0,63,0,63,24,0,24,87
02/23/2003,ADM,OK,ASW,CE,Federal Contract Tower,0,0,1,0,1,0,0,11,0,11,0,0,12,0,12,6,0,6,18
02/24/2003,ADM,OK,ASW,CE,Federal Contract Tower,0,0,1,2,3,0,0,14,2,16,0,0,15,4,19,30,0,30,49
02/25/2003,ADM,OK,ASW,CE,Federal Contract Tower,0,0,0,0,0,0,0,3,0,3,0,0,3,0,3,8,0,8,11
02/26/2003,ADM,OK,ASW,CE,Federal Contract Tower,0,3,3,0,6,0,0,0,0,0,0,3,3,0,6,0,0,0,6
02/27/2003,ADM,OK,ASW,CE,Federal Contract Tower,0,0,3,0,3,0,0,0,0,0,0,0,3,0,3,12,0,12,15
02/28/2003,ADM,OK,ASW,CE,Federal Contract Tower,0,0,4,0,4,0,0,0,0,0,0,0,4,0,4,0,0,0,4
03/01/2003,ADM,OK,ASW,CE,Federal Contract Tower,0,2,5,0,7,0,0,0,0,0,0,2,5,0,7,4,0,4,11
03/02/2003,ADM,OK,ASW,CE,Federal Contract Tower,0,0,0,0,0,0,0,31,4,35,0,0,31,4,35,56,8,64,99
03/03/2003,ADM,OK,ASW,CE,Federal Contract Tower,0,0,2,0,2,0,0,42,13,55,0,0,44,13,57,66,38,104,161
03/04/2003,ADM,OK,ASW,CE,Federal Contract Tower,0,0,5,7,12,0,0,27,0,27,0,0,32,7,39,34,8,42,81
03/05/2003,ADM,OK,ASW,CE,Federal Contract Tower,0,0,6,1,7,0,0,36,5,41,0,0,42,6,48,58,6,64,112
03/06/2003,ADM,OK,ASW,CE,Federal Contract Tower,0,0,4,4,8,0,0,39,14,53,0,0,43,18,61,14,44,58,119
03/07/2003,ADM,OK,ASW,CE,Federal Contract Tower,0,0,7,1,8,0,0,43,8,51,0,0,50,9,59,38,34,72,131
03/08/2003,ADM,OK,ASW,CE,Federal Contract Tower,0,0,4,1,5,0,0,40,8,48,0,0,44,9,53,38,22,60,113
03/09/2003,ADM,OK,ASW,CE,Federal Contract Tower,0,0,5,2,7,0,0,20,3,23,0,0,25,5,30,74,12,86,116
03/10/2003,ADM,OK,ASW,CE,Federal Contract Tower,0,0,6,1,7,0,0,44,11,55,0,0,50,12,62,100,42,142,204
03/11/2003,ADM,OK,ASW,CE,Federal Contract Tower,0,0,26,8,34,0,0,38,6,44,0,0,64,14,78,82,54,136,214
03/12/2003,ADM,OK,ASW,CE,Federal Contract Tower,0,0,4,4,8,0,0,29,6,35,0,0,33,10,43,44,4,48,91
03/13/2003,ADM,OK,ASW,CE,Federal Contract Tower,0,0,10,0,10,0,0,24,2,26,0,0,34,2,36,44,0,44,80
03/14/2003,ADM,OK,ASW,CE,Federal Contract Tower,0,0,4,2,6,0,0,46,6,52,0,0,50,8,58,54,32,86,144
03/15/2003,ADM,OK,ASW,CE,Federal Contract Tower,0,0,1,0,1,0,1,34,0,35,0,1,35,0,36,56,0,56,92
03/16/2003,ADM,OK,ASW,CE,Federal Contract Tower,0,0,7,0,7,0,0,26,2,28,0,0,33,2,35,74,4,78,113
03/17/2003,ADM,OK,ASW,CE,Federal Contract Tower,0,0,2,2,4,0,0,18,3,21,0,0,20,5,25,34,12,46,71
03/18/2003,ADM,OK,ASW,CE,Federal Contract Tower,0,0,1,0,1,0,0,31,8,39,0,0,32,8,40,68,40,108,148
03/19/2003,ADM,OK,ASW,CE,Federal Contract Tower,0,0,3,0,3,0,0,35,9,44,0,0,38,9,47,50,26,76,123
03/20/2003,ADM,OK,ASW,CE,Federal Contract Tower,0,0,8,7,15,0,2,47,0,49,0,2,55,7,64,50,10,60,124
03/21/2003,ADM,OK,ASW,CE,Federal Contract Tower,0,0,4,0,4,0,0,41,0,41,0,0,45,0,45,70,0,70,115
03/22/2003,ADM,OK,ASW,CE,Federal Contract Tower,0,0,0,0,0,2,1,9,4,16,2,1,9,4,16,16,8,24,40
03/23/2003,ADM,OK,ASW,CE,Federal Contract Tower,0,0,0,0,0,0,0,28,4,32,0,0,28,4,32,76,0,76,108
03/24/2003,ADM,OK,ASW,CE,Federal Contract Tower,2,0,3,0,5,0,1,26,3,30,2,1,29,3,35,32,4,36,71
03/25/2003,ADM,OK,ASW,CE,Federal Contract Tower,0,0,2,0,2,0,0,32,6,38,0,0,34,6,40,60,38,98,138
03/26/2003,ADM,OK,ASW,CE,Federal Contract Tower,0,0,7,3,10,0,4,33,7,44,0,4,40,10,54,102,30,132,186
03/27/2003,ADM,OK,ASW,CE,Federal Contract Tower,2,0,3,0,5,0,0,27,2,29,2,0,30,2,34,50,4,54,88
03/28/2003,ADM,OK,ASW,CE,Federal Contract Tower,0,0,14,3,17,0,0,16,6,22,0,0,30,9,39,32,18,50,89
03/29/2003,ADM,OK,ASW,CE,Federal Contract Tower,0,0,0,0,0,0,0,26,0,26,0,0,26,0,26,22,0,22,48
03/30/2003,ADM,OK,ASW,CE,Federal Contract Tower,0,1,1,1,3,0,0,34,4,38,0,1,35,5,41,86,8,94,135
03/31/2003,ADM,OK,ASW,CE,Federal Contract Tower,0,0,3,0,3,0,0,46,0,46,0,0,49,0,49,82,0,82,131
04/01/2003,ADM,OK,ASW,CE,Federal Contract Tower,0,0,3,1,4,0,0,40,11,51,0,0,43,12,55,60,60,120,175
04/02/2003,ADM,OK,ASW,CE,Federal Contract Tower,0,0,1,2,3,0,0,65,17,82,0,0,66,19,85,158,58,216,301
04/03/2003,ADM,OK,ASW,CE,Federal Contract Tower,0,0,10,6,16,0,1,24,0,25,0,1,34,6,41,28,34,62,103
04/04/2003,ADM,OK,ASW,CE,Federal Contract Tower,0,0,4,0,4,0,0,44,6,50,0,0,48,6,54,38,26,64,118
04/05/2003,ADM,OK,ASW,CE,Federal Contract Tower,0,0,6,0,6,0,0,32,0,32,0,0,38,0,38,40,0,40,78
04/06/2003,ADM,OK,ASW,CE,Federal Contract Tower,0,0,1,0,1,0,0,29,5,34,0,0,30,5,35,62,10,72,107
04/07/2003,ADM,OK,ASW,CE,Federal Contract Tower,0,0,3,4,7,0,0,39,1,40,0,0,42,5,47,82,16,98,145
04/08/2003,ADM,OK,ASW,CE,Federal Contract Tower,0,0,16,2,18,0,0,22,16,38,0,0,38,18,56,64,78,142,198
04/09/2003,ADM,OK,ASW,CE,Federal Contract Tower,0,0,12,0,12,0,0,48,19,67,0,0,60,19,79,108,56,164,243
04/10/2003,ADM,OK,ASW,CE,Federal Contract Tower,0,0,20,1,21,0,0,38,12,50,0,0,58,13,71,60,46,106,177
04/11/2003,ADM,OK,ASW,CE,Federal Contract Tower,0,0,9,0,9,0,0,47,16,63,0,0,56,16,72,60,40,100,172
04/12/2003,ADM,OK,ASW,CE,Federal Contract Tower,0,0,9,0,9,0,0,60,2,62,0,0,69,2,71,74,14,88,159
04/13/2003,ADM,OK,ASW,CE,Federal Contract Tower,0,0,3,2,5,0,0,44,9,53,0,0,47,11,58,100,36,136,194
04/14/2003,ADM,OK,ASW,CE,Federal Contract Tower,0,0,2,0,2,0,0,51,12,63,0,0,53,12,65,118,26,144,209
04/15/2003,ADM,OK,ASW,CE,Federal Contract Tower,0,0,11,0,11,0,0,30,5,35,0,0,41,5,46,90,32,122,168
04/16/2003,ADM,OK,ASW,CE,Federal Contract Tower,0,0,0,0,0,0,0,51,10,61,0,0,51,10,61,98,30,128,189
04/17/2003,ADM,OK,ASW,CE,Federal Contract Tower,0,0,24,4,28,0,0,43,0,43,0,0,67,4,71,68,20,88,159
04/18/2003,ADM,OK,ASW,CE,Federal Contract Tower,0,0,19,0,19,0,0,25,6,31,0,0,44,6,50,48,12,60,110
04/19/2003,ADM,OK,ASW,CE,Federal Contract Tower,0,0,2,0,2,0,0,4,0,4,0,0,6,0,6,0,0,0,6
04/20/2003,ADM,OK,ASW,CE,Federal Contract Tower,0,0,0,0,0,0,0,49,12,61,0,0,49,12,61,152,16,168,229
04/21/2003,ADM,OK,ASW,CE,Federal Contract Tower,0,0,18,0,18,0,0,48,12,60,0,0,66,12,78,122,28,150,228
04/22/2003,ADM,OK,ASW,CE,Federal Contract Tower,0,0,11,3,14,0,0,22,6,28,0,0,33,9,42,28,32,60,102
04/23/2003,ADM,OK,ASW,CE,Federal Contract Tower,0,0,3,0,3,0,0,0,0,0,0,0,3,0,3,0,0,0,3
04/24/2003,ADM,OK,ASW,CE,Federal Contract Tower,0,0,16,4,20,0,0,14,0,14,0,0,30,4,34,28,24,52,86
04/25/2003,ADM,OK,ASW,CE,Federal Contract Tower,0,0,18,2,20,0,0,26,4,30,0,0,44,6,50,76,12,88,138
04/26/2003,ADM,OK,ASW,CE,Federal Contract Tower,0,0,14,2,16,0,0,19,0,19,0,0,33,2,35,54,6,60,95
04/27/2003,ADM,OK,ASW,CE,Federal Contract Tower,0,0,0,2,2,0,0,55,2,57,0,0,55,4,59,125,14,139,198
04/28/2003,ADM,OK,ASW,CE,Federal Contract Tower,0,0,8,0,8,0,0,47,6,53,0,0,55,6,61,100,12,112,173
04/29/2003,ADM,OK,ASW,CE,Federal Contract Tower,0,0,4,0,4,0,0,40,8,48,0,0,44,8,52,74,30,104,156
04/30/2003,ADM,OK,ASW,CE,Federal Contract Tower,0,0,1,0,1,0,0,52,9,61,0,0,53,9,62,94,30,124,186
05/01/2003,ADM,OK,ASW,CE,Federal Contract Tower,0,0,13,10,23,0,0,24,0,24,0,0,37,10,47,52,40,92,139
05/02/2003,ADM,OK,ASW,CE,Federal Contract Tower,0,0,15,3,18,0,0,20,2,22,0,0,35,5,40,84,38,122,162
05/03/2003,ADM,OK,ASW,CE,Federal Contract Tower,0,0,4,0,4,0,0,0,0,0,0,0,4,0,4,0,0,0,4
05/04/2003,ADM,OK,ASW,CE,Federal Contract Tower,0,0,0,2,2,0,0,17,2,19,0,0,17,4,21,72,12,84,105
05/05/2003,ADM,OK,ASW,CE,Federal Contract Tower,0,0,33,0,33,0,0,11,2,13,0,0,44,2,46,110,8,118,164
05/06/2003,ADM,OK,ASW,CE,Federal Contract Tower,0,0,22,0,22,0,3,10,4,17,0,3,32,4,39,48,18,66,105
05/07/2003,ADM,OK,ASW,CE,Federal Contract Tower,0,4,6,3,13,0,0,45,9,54,0,4,51,12,67,76,22,98,165
05/08/2003,ADM,OK,ASW,CE,Federal Contract Tower,0,0,15,0,15,0,0,6,0,6,0,0,21,0,21,0,0,0,21
05/09/2003,ADM,OK,ASW,CE,Federal Contract Tower,0,0,4,8,12,0,0,13,4,17,0,0,17,12,29,12,36,48,77
05/10/2003,ADM,OK,ASW,CE,Federal Contract Tower,0,0,5,0,5,0,0,1,0,1,0,0,6,0,6,2,0,2,8
05/11/2003,ADM,OK,ASW,CE,Federal Contract Tower,0,0,0,0,0,0,0,34,4,38,0,0,34,4,38,90,12,102,140
05/12/2003,ADM,OK,ASW,CE,Federal Contract Tower,0,0,6,4,10,0,0,49,0,49,0,0,55,4,59,98,16,114,173
05/13/2003,ADM,OK,ASW,CE,Federal Contract Tower,0,0,5,8,13,0,5,14,3,22,0,5,19,11,35,48,42,90,125
05/14/2003,ADM,OK,ASW,CE,Federal Contract Tower,0,1,3,2,6,0,0,39,3,42,0,1,42,5,48,96,20,116,164
05/15/2003,ADM,OK,ASW,CE,Federal Contract Tower,0,0,8,3,11,0,1,3,6,10,0,1,11,9,21,24,46,70,91
05/16/2003,ADM,OK,ASW,CE,Federal Contract Tower,0,0,4,0,4,0,0,25,0,25,0,0,29,0,29,34,0,34,63
05/17/2003,ADM,OK,ASW,CE,Federal Contract Tower,0,2,3,0,5,0,0,12,0,12,0,2,15,0,17,16,0,16,33
05/18/2003,ADM,OK,ASW,CE,Federal Contract Tower,0,0,3,1,4,0,0,39,3,42,0,0,42,4,46,82,18,100,146
05/19/2003,ADM,OK,ASW,CE,Federal Contract Tower,0,0,8,0,8,0,0,29,8,37,0,0,37,8,45,70,26,96,141
05/20/2003,ADM,OK,ASW,CE,Federal Contract Tower,0,0,11,0,11,0,0,16,6,22,0,0,27,6,33,52,44,96,129
05/21/2003,ADM,OK,ASW,CE,Federal Contract Tower,0,0,14,3,17,0,1,39,3,43,0,1,53,6,60,76,4,80,140
05/22/2003,ADM,OK,ASW,CE,Federal Contract Tower,0,0,11,0,11,0,0,17,11,28,0,0,28,11,39,42,6,48,87
05/23/2003,ADM,OK,ASW,CE,Federal Contract Tower,0,0,28,3,31,0,0,39,3,42,0,0,67,6,73,62,10,72,145
05/24/2003,ADM,OK,ASW,CE,Federal Contract Tower,0,0,2,0,2,0,0,35,0,35,0,0,37,0,37,68,0,68,105
05/25/2003,ADM,OK,ASW,CE,Federal Contract Tower,0,0,0,0,0,0,0,7,2,9,0,0,7,2,9,40,10,50,59
05/26/2003,ADM,OK,ASW,CE,Federal Contract Tower,0,0,8,0,8,0,0,26,5,31,0,0,34,5,39,56,14,70,109
05/27/2003,ADM,OK,ASW,CE,Federal Contract Tower,0,0,7,0,7,0,0,41,6,47,0,0,48,6,54,78,36,114,168
05/28/2003,ADM,OK,ASW,CE,Federal Contract Tower,0,0,17,0,17,0,0,42,19,61,0,0,59,19,78,136,74,210,288
05/29/2003,ADM,OK,ASW,CE,Federal Contract Tower,0,0,10,1,11,0,0,32,10,42,0,0,42,11,53,58,68,126,179
05/30/2003,ADM,OK,ASW,CE,Federal Contract Tower,0,0,13,1,14,0,0,31,0,31,0,0,44,1,45,63,8,71,116
05/31/2003,ADM,OK,ASW,CE,Federal Contract Tower,0,0,4,0,4,0,0,38,0,38,0,0,42,0,42,54,0,54,96
06/01/2003,ADM,OK,ASW,CE,Federal Contract Tower,0,0,5,0,5,0,0,28,4,32,0,0,33,4,37,114,8,122,159
06/02/2003,ADM,OK,ASW,CE,Federal Contract Tower,0,0,5,0,5,0,0,46,11,57,0,0,51,11,62,94,46,140,202
06/03/2003,ADM,OK,ASW,CE,Federal Contract Tower,0,0,10,0,10,0,1,23,9,33,0,1,33,9,43,46,40,86,129
06/04/2003,ADM,OK,ASW,CE,Federal Contract Tower,0,0,5,0,5,0,0,28,12,40,0,0,33,12,45,52,32,84,129
06/05/2003,ADM,OK,ASW,CE,Federal Contract Tower,0,0,9,0,9,0,0,0,1,1,0,0,9,1,10,10,0,10,20
06/06/2003,ADM,OK,ASW,CE,Federal Contract Tower,0,0,21,1,22,0,0,24,10,34,0,0,45,11,56,50,36,86,142
06/07/2003,ADM,OK,ASW,CE,Federal Contract Tower,0,0,3,0,3,0,0,37,0,37,0,0,40,0,40,44,0,44,84
06/08/2003,ADM,OK,ASW,CE,Federal Contract Tower,0,0,3,0,3,0,0,20,4,24,0,0,23,4,27,56,8,64,91
06/09/2003,ADM,OK,ASW,CE,Federal Contract Tower,0,0,4,7,11,0,0,17,1,18,0,0,21,8,29,70,32,102,131
06/10/2003,ADM,OK,ASW,CE,Federal Contract Tower,0,0,2,4,6,0,0,40,7,47,0,0,42,11,53,54,52,106,159
06/11/2003,ADM,OK,ASW,CE,Federal Contract Tower,0,0,4,12,16,0,0,39,7,46,0,0,43,19,62,84,52,136,198
06/12/2003,ADM,OK,ASW,CE,Federal Contract Tower,0,0,4,0,4,0,1,12,4,17,0,1,16,4,21,12,18,30,51
06/13/2003,ADM,OK,ASW,CE,Federal Contract Tower,0,0,2,0,2,0,0,36,4,40,0,0,38,4,42,48,8,56,98
06/14/2003,ADM,OK,ASW,CE,Federal Contract Tower,0,2,1,0,3,0,0,44,0,44,0,2,45,0,47,32,0,32,79
06/15/2003,ADM,OK,ASW,CE,Federal Contract Tower,0,0,2,0,2,0,0,29,1,30,0,0,31,1,32,64,6,70,102
06/16/2003,ADM,OK,ASW,CE,Federal Contract Tower,0,0,8,2,10,0,0,26,0,26,0,0,34,2,36,66,0,66,102
06/17/2003,ADM,OK,ASW,CE,Federal Contract Tower,0,0,11,9,20,0,0,37,1,38,0,0,48,10,58,58,42,100,158
06/18/2003,ADM,OK,ASW,CE,Federal Contract Tower,0,0,11,11,22,0,0,55,5,60,0,0,66,16,82,106,56,162,244
06/19/2003,ADM,OK,ASW,CE,Federal Contract Tower,0,0,9,0,9,0,0,27,5,32,0,0,36,5,41,34,16,50,91
06/20/2003,ADM,OK,ASW,CE,Federal Contract Tower,0,0,0,0,0,0,0,37,2,39,0,0,37,2,39,38,8,46,85
06/21/2003,ADM,OK,ASW,CE,Federal Contract Tower,0,0,6,0,6,0,0,18,0,18,0,0,24,0,24,10,0,10,34
06/22/2003,ADM,OK,ASW,CE,Federal Contract Tower,0,0,0,0,0,0,0,21,2,23,0,0,21,2,23,64,4,68,91
06/23/2003,ADM,OK,ASW,CE,Federal Contract Tower,0,0,3,2,5,0,0,37,4,41,0,0,40,6,46,50,12,62,108
06/24/2003,ADM,OK,ASW,CE,Federal Contract Tower,0,0,8,4,12,0,0,40,11,51,0,0,48,15,63,74,46,120,183
06/25/2003,ADM,OK,ASW,CE,Federal Contract Tower,0,1,2,1,4,0,0,37,25,62,0,1,39,26,66,60,60,120,186
06/26/2003,ADM,OK,ASW,CE,Federal Contract Tower,0,0,4,2,6,0,1,17,8,26,0,1,21,10,32,24,4,28,60
06/27/2003,ADM,OK,ASW,CE,Federal Contract Tower,0,0,10,4,14,0,0,27,6,33,0,0,37,10,47,43,24,67,114
06/28/2003,ADM,OK,ASW,CE,Federal Contract Tower,0,0,7,0,7,0,0,47,2,49,0,0,54,2,56,46,2,48,104
06/29/2003,ADM,OK,ASW,CE,Federal Contract Tower,0,0,2,0,2,0,0,28,2,30,0,0,30,2,32,100,4,104,136
06/30/2003,ADM,OK,ASW,CE,Federal Contract Tower,0,0,12,3,15,0,0,14,4,18,0,0,26,7,33,72,18,90,123
07/01/2003,ADM,OK,ASW,CE,Federal Contract Tower,0,0,9,1,10,0,0,40,8,48,0,0,49,9,58,92,22,114,172
07/02/2003,ADM,OK,ASW,CE,Federal Contract Tower,0,0,11,0,11,0,0,43,10,53,0,0,54,10,64,99,16,115,179
07/03/2003,ADM,OK,ASW,CE,Federal Contract Tower,0,0,6,0,6,0,0,36,0,36,0,0,42,0,42,66,0,66,108
07/04/2003,ADM,OK,ASW,CE,Federal Contract Tower,0,0,3,0,3,0,0,49,0,49,0,0,52,0,52,32,0,32,84
07/05/2003,ADM,OK,ASW,CE,Federal Contract Tower,0,0,3,0,3,0,0,20,0,20,0,0,23,0,23,28,0,28,51
07/06/2003,ADM,OK,ASW,CE,Federal Contract Tower,0,0,4,2,6,0,0,30,4,34,0,0,34,6,40,56,16,72,112
07/07/2003,ADM,OK,ASW,CE,Federal Contract Tower,0,0,11,0,11,0,0,55,4,59,0,0,66,4,70,53,0,53,123
07/08/2003,ADM,OK,ASW,CE,Federal Contract Tower,0,0,11,9,20,0,0,49,13,62,0,0,60,22,82,94,58,152,234
07/09/2003,ADM,OK,ASW,CE,Federal Contract Tower,0,0,6,4,10,0,0,34,5,39,0,0,40,9,49,120,20,140,189
07/10/2003,ADM,OK,ASW,CE,Federal Contract Tower,0,0,6,5,11,0,0,27,2,29,0,0,33,7,40,88,30,118,158
07/11/2003,ADM,OK,ASW,CE,Federal Contract Tower,0,0,9,9,18,0,0,19,1,20,0,0,28,10,38,70,52,122,160
07/12/2003,ADM,OK,ASW,CE,Federal Contract Tower,0,0,6,0,6,0,0,50,0,50,0,0,56,0,56,82,0,82,138
07/13/2003,ADM,OK,ASW,CE,Federal Contract Tower,0,1,1,0,2,0,0,32,6,38,0,1,33,6,40,80,20,100,140
07/14/2003,ADM,OK,ASW,CE,Federal Contract Tower,0,0,10,0,10,0,0,34,2,36,0,0,44,2,46,88,8,96,142
07/15/2003,ADM,OK,ASW,CE,Federal Contract Tower,0,0,20,0,20,0,0,22,2,24,0,0,42,2,44,94,10,104,148
07/16/2003,ADM,OK,ASW,CE,Federal Contract Tower,0,0,7,3,10,0,0,44,2,46,0,0,51,5,56,130,18,148,204
07/17/2003,ADM,OK,ASW,CE,Federal Contract Tower,0,0,6,5,11,0,0,24,7,31,0,0,30,12,42,60,42,102,144
07/18/2003,ADM,OK,ASW,CE,Federal Contract Tower,0,0,6,9,15,0,0,45,3,48,0,0,51,12,63,58,30,88,151
07/19/2003,ADM,OK,ASW,CE,Federal Contract Tower,0,0,5,0,5,0,0,42,0,42,0,0,47,0,47,80,0,80,127
07/20/2003,ADM,OK,ASW,CE,Federal Contract Tower,0,0,4,0,4,0,0,31,4,35,0,0,35,4,39,110,10,120,159
07/21/2003,ADM,OK,ASW,CE,Federal Contract Tower,0,0,5,0,5,0,0,44,6,50,0,0,49,6,55,84,12,96,151
07/22/2003,ADM,OK,ASW,CE,Federal Contract Tower,0,0,6,8,14,0,0,37,6,43,0,0,43,14,57,42,36,78,135
07/23/2003,ADM,OK,ASW,CE,Federal Contract Tower,0,0,0,8,8,0,0,46,11,57,0,0,46,19,65,120,48,168,233
07/24/2003,ADM,OK,ASW,CE,Federal Contract Tower,0,0,5,4,9,0,0,34,4,38,0,0,39,8,47,48,30,78,125
07/25/2003,ADM,OK,ASW,CE,Federal Contract Tower,0,0,5,0,5,0,0,42,0,42,0,0,47,0,47,42,0,42,89
07/26/2003,ADM,OK,ASW,CE,Federal Contract Tower,0,0,0,0,0,0,0,39,0,39,0,0,39,0,39,116,0,116,155
07/27/2003,ADM,OK,ASW,CE,Federal Contract Tower,0,0,2,0,2,0,0,47,7,54,0,0,49,7,56,55,16,71,127
07/28/2003,ADM,OK,ASW,CE,Federal Contract Tower,0,0,29,5,34,0,0,23,8,31,0,0,52,13,65,118,40,158,223
07/29/2003,ADM,OK,ASW,CE,Federal Contract Tower,0,0,10,3,13,0,0,12,11,23,0,0,22,14,36,74,46,120,156
07/30/2003,ADM,OK,ASW,CE,Federal Contract Tower,0,0,5,3,8,0,0,24,8,32,0,0,29,11,40,64,28,92,132
07/31/2003,ADM,OK,ASW,CE,Federal Contract Tower,0,0,7,3,10,0,0,19,4,23,0,0,26,7,33,64,18,82,115
08/01/2003,ADM,OK,ASW,CE,Federal Contract Tower,0,0,7,4,11,0,0,22,2,24,0,0,29,6,35,48,34,82,117
08/02/2003,ADM,OK,ASW,CE,Federal Contract Tower,0,0,2,0,2,0,0,30,2,32,0,0,32,2,34,112,4,116,150
08/03/2003,ADM,OK,ASW,CE,Federal Contract Tower,0,0,3,0,3,0,0,30,0,30,0,0,33,0,33,64,0,64,97
08/04/2003,ADM,OK,ASW,CE,Federal Contract Tower,0,0,5,0,5,0,0,38,9,47,0,0,43,9,52,38,0,38,90
08/05/2003,ADM,OK,ASW,CE,Federal Contract Tower,0,0,10,0,10,0,0,38,4,42,0,0,48,4,52,62,10,72,124
08/06/2003,ADM,OK,ASW,CE,Federal Contract Tower,0,0,4,6,10,0,0,29,1,30,0,0,33,7,40,74,14,88,128
08/07/2003,ADM,OK,ASW,CE,Federal Contract Tower,0,1,4,0,5,0,0,16,0,16,0,1,20,0,21,44,0,44,65
08/08/2003,ADM,OK,ASW,CE,Federal Contract Tower,0,0,3,6,9,0,0,22,0,22,0,0,25,6,31,42,30,72,103
08/09/2003,ADM,OK,ASW,CE,Federal Contract Tower,0,0,2,0,2,0,0,12,0,12,0,0,14,0,14,12,0,12,26
08/10/2003,ADM,OK,ASW,CE,Federal Contract Tower,0,0,0,1,1,0,0,29,2,31,0,0,29,3,32,76,8,84,116
08/11/2003,ADM,OK,ASW,CE,Federal Contract Tower,0,0,4,4,8,0,0,22,6,28,0,0,26,10,36,62,20,82,118
08/12/2003,ADM,OK,ASW,CE,Federal Contract Tower,0,0,4,1,5,0,1,23,5,29,0,1,27,6,34,32,34,66,100
08/13/2003,ADM,OK,ASW,CE,Federal Contract Tower,0,0,4,11,15,0,0,49,0,49,0,0,53,11,64,102,14,116,180
08/14/2003,ADM,OK,ASW,CE,Federal Contract Tower,0,0,24,0,24,0,0,0,0,0,0,0,24,0,24,106,0,106,130
08/15/2003,ADM,OK,ASW,CE,Federal Contract Tower,0,0,2,0,2,0,0,35,0,35,0,0,37,0,37,66,0,66,103
08/16/2003,ADM,OK,ASW,CE,Federal Contract Tower,0,0,3,0,3,0,0,55,0,55,0,0,58,0,58,60,0,60,118
08/17/2003,ADM,OK,ASW,CE,Federal Contract Tower,0,0,3,0,3,0,0,33,22,55,0,0,36,22,58,100,46,146,204
08/18/2003,ADM,OK,ASW,CE,Federal Contract Tower,0,0,2,2,4,0,0,35,13,48,0,0,37,15,52,86,44,130,182
08/19/2003,ADM,OK,ASW,CE,Federal Contract Tower,0,0,19,0,19,0,0,24,4,28,0,0,43,4,47,98,12,110,157
08/20/2003,ADM,OK,ASW,CE,Federal Contract Tower,0,0,2,3,5,0,0,39,17,56,0,0,41,20,61,94,54,148,209
08/21/2003,ADM,OK,ASW,CE,Federal Contract Tower,0,0,5,6,11,0,1,27,2,30,0,1,32,8,41,26,26,52,93
08/22/2003,ADM,OK,ASW,CE,Federal Contract Tower,0,0,14,7,21,0,2,29,0,31,0,2,43,7,52,60,14,74,126
08/23/2003,ADM,OK,ASW,CE,Federal Contract Tower,0,0,8,0,8,0,0,42,0,42,0,0,50,0,50,42,0,42,92
08/24/2003,ADM,OK,ASW,CE,Federal Contract Tower,0,2,0,1,3,0,0,36,2,38,0,2,36,3,41,80,22,102,143
08/25/2003,ADM,OK,ASW,CE,Federal Contract Tower,0,0,1,10,11,0,0,22,0,22,0,0,23,10,33,56,18,74,107
08/26/2003,ADM,OK,ASW,CE,Federal Contract Tower,0,0,1,2,3,0,0,54,2,56,0,0,55,4,59,56,6,62,121
08/27/2003,ADM,OK,ASW,CE,Federal Contract Tower,0,0,0,7,7,0,0,33,0,33,0,0,33,7,40,86,28,114,154
08/28/2003,ADM,OK,ASW,CE,Federal Contract Tower,0,0,12,2,14,0,0,13,2,15,0,0,25,4,29,56,12,68,97
08/29/2003,ADM,OK,ASW,CE,Federal Contract Tower,0,0,0,0,0,0,0,28,0,28,0,0,28,0,28,36,0,36,64
08/30/2003,ADM,OK,ASW,CE,Federal Contract Tower,0,2,0,0,2,0,0,0,0,0,0,2,0,0,2,0,0,0,2
08/31/2003,ADM,OK,ASW,CE,Federal Contract Tower,0,0,0,0,0,0,0,11,1,12,0,0,11,1,12,26,6,32,44
09/01/2003,ADM,OK,ASW,CE,Federal Contract Tower,0,0,1,0,1,0,0,15,0,15,0,0,16,0,16,58,0,58,74
09/02/2003,ADM,OK,ASW,CE,Federal Contract Tower,0,0,25,3,28,0,0,0,2,2,0,0,25,5,30,68,0,68,98
09/03/2003,ADM,OK,ASW,CE,Federal Contract Tower,0,0,9,11,20,0,0,9,9,18,0,0,18,20,38,46,10,56,94
09/04/2003,ADM,OK,ASW,CE,Federal Contract Tower,0,0,4,2,6,0,1,16,5,22,0,1,20,7,28,83,26,109,137
09/05/2003,ADM,OK,ASW,CE,Federal Contract Tower,0,0,7,1,8,0,0,29,0,29,0,0,36,1,37,62,2,64,101
09/06/2003,ADM,OK,ASW,CE,Federal Contract Tower,0,0,8,1,9,0,2,25,1,28,0,2,33,2,37,58,0,58,95
09/07/2003,ADM,OK,ASW,CE,Federal Contract Tower,0,0,4,3,7,0,0,11,5,16,0,0,15,8,23,30,12,42,65
09/08/2003,ADM,OK,ASW,CE,Federal Contract Tower,0,0,4,0,4,0,0,30,8,38,0,0,34,8,42,40,10,50,92
09/09/2003,ADM,OK,ASW,CE,Federal Contract Tower,0,0,9,5,14,0,0,29,4,33,0,0,38,9,47,94,54,148,195
09/10/2003,ADM,OK,ASW,CE,Federal Contract Tower,0,0,9,6,15,0,0,40,1,41,0,0,49,7,56,72,12,84,140
09/11/2003,ADM,OK,ASW,CE,Federal Contract Tower,0,0,3,0,3,0,0,1,0,1,0,0,4,0,4,2,0,2,6
09/12/2003,ADM,OK,ASW,CE,Federal Contract Tower,0,0,1,2,3,0,0,3,0,3,0,0,4,2,6,8,8,16,22
09/13/2003,ADM,OK,ASW,CE,Federal Contract Tower,0,2,6,0,8,0,0,12,0,12,0,2,18,0,20,34,0,34,54
09/14/2003,ADM,OK,ASW,CE,Federal Contract Tower,0,0,5,2,7,0,0,11,2,13,0,0,16,4,20,48,8,56,76
09/15/2003,ADM,OK,ASW,CE,Federal Contract Tower,0,0,5,2,7,0,0,27,5,32,0,0,32,7,39,112,4,116,155
09/16/2003,ADM,OK,ASW,CE,Federal Contract Tower,0,0,5,2,7,0,0,56,4,60,0,0,61,6,67,756,22,778,845
09/17/2003,ADM,OK,ASW,CE,Federal Contract Tower,0,0,2,1,3,0,1,42,5,48,0,1,44,6,51,702,12,714,765
09/18/2003,ADM,OK,ASW,CE,Federal Contract Tower,0,0,13,0,13,0,0,51,0,51,0,0,64,0,64,706,0,706,770
09/19/2003,ADM,OK,ASW,CE,Federal Contract Tower,0,0,3,1,4,0,0,40,0,40,0,0,43,1,44,622,2,624,668
09/20/2003,ADM,OK,ASW,CE,Federal Contract Tower,0,0,5,0,5,0,0,25,0,25,0,0,30,0,30,94,0,94,124
09/21/2003,ADM,OK,ASW,CE,Federal Contract Tower,0,0,2,0,2,0,0,10,0,10,0,0,12,0,12,62,0,62,74
09/22/2003,ADM,OK,ASW,CE,Federal Contract Tower,0,0,6,1,7,0,0,14,10,24,0,0,20,11,31,24,32,56,87
09/23/2003,ADM,OK,ASW,CE,Federal Contract Tower,0,0,4,0,4,0,0,43,6,49,0,0,47,6,53,50,30,80,133
09/24/2003,ADM,OK,ASW,CE,Federal Contract Tower,0,0,7,5,12,0,0,19,8,27,0,0,26,13,39,110,56,166,205
09/25/2003,ADM,OK,ASW,CE,Federal Contract Tower,0,0,2,10,12,0,0,12,0,12,0,0,14,10,24,10,42,52,76
09/26/2003,ADM,OK,ASW,CE,Federal Contract Tower,0,0,7,0,7,0,0,39,0,39,0,0,46,0,46,42,0,42,88
09/27/2003,ADM,OK,ASW,CE,Federal Contract Tower,0,0,4,0,4,0,0,26,0,26,0,0,30,0,30,66,0,66,96
09/28/2003,ADM,OK,ASW,CE,Federal Contract Tower,0,0,6,0,6,0,0,22,0,22,0,0,28,0,28,88,0,88,116
09/29/2003,ADM,OK,ASW,CE,Federal Contract Tower,0,0,13,4,17,0,0,3,0,3,0,0,16,4,20,34,0,34,54
09/30/2003,ADM,OK,ASW,CE,Federal Contract Tower,0,0,10,2,12,0,0,26,2,28,0,0,36,4,40,56,16,72,112
10/01/2003,ADM,OK,ASW,CE,Federal Contract Tower,0,0,3,2,5,0,0,12,0,12,0,0,15,2,17,47,6,53,70
10/02/2003,ADM,OK,ASW,CE,Federal Contract Tower,0,0,0,7,7,0,1,17,1,19,0,1,17,8,26,25,40,65,91
10/03/2003,ADM,OK,ASW,CE,Federal Contract Tower,0,0,1,4,5,0,0,30,2,32,0,0,31,6,37,24,32,56,93
10/04/2003,ADM,OK,ASW,CE,Federal Contract Tower,0,0,0,0,0,0,0,13,0,13,0,0,13,0,13,44,0,44,57
10/05/2003,ADM,OK,ASW,CE,Federal Contract Tower,0,0,5,0,5,0,0,7,0,7,0,0,12,0,12,42,0,42,54
10/06/2003,ADM,OK,ASW,CE,Federal Contract Tower,0,0,3,0,3,0,0,12,0,12,0,0,15,0,15,46,0,46,61
10/07/2003,ADM,OK,ASW,CE,Federal Contract Tower,0,0,13,5,18,0,0,21,10,31,0,0,34,15,49,58,46,104,153
10/08/2003,ADM,OK,ASW,CE,Federal Contract Tower,0,0,9,4,13,0,0,24,7,31,0,0,33,11,44,94,60,154,198
10/09/2003,ADM,OK,ASW,CE,Federal Contract Tower,0,0,15,6,21,0,0,11,0,11,0,0,26,6,32,30,18,48,80
10/10/2003,ADM,OK,ASW,CE,Federal Contract Tower,0,0,15,0,15,0,0,18,0,18,0,0,33,0,33,64,0,64,97
10/11/2003,ADM,OK,ASW,CE,Federal Contract Tower,0,0,4,0,4,0,0,28,0,28,0,0,32,0,32,36,0,36,68
10/12/2003,ADM,OK,ASW,CE,Federal Contract Tower,0,0,0,2,2,0,0,22,0,22,0,0,22,2,24,54,0,54,78
10/13/2003,ADM,OK,ASW,CE,Federal Contract Tower,0,0,0,0,0,0,0,20,0,20,0,0,20,0,20,62,0,62,82
10/14/2003,ADM,OK,ASW,CE,Federal Contract Tower,0,0,3,3,6,0,0,42,5,47,0,0,45,8,53,66,28,94,147
10/15/2003,ADM,OK,ASW,CE,Federal Contract Tower,0,0,5,3,8,0,0,25,5,30,0,0,30,8,38,84,28,112,150
10/16/2003,ADM,OK,ASW,CE,Federal Contract Tower,0,0,2,3,5,0,0,32,3,35,0,0,34,6,40,78,10,88,128
10/17/2003,ADM,OK,ASW,CE,Federal Contract Tower,0,0,0,0,0,0,0,34,0,34,0,0,34,0,34,157,0,157,191
10/18/2003,ADM,OK,ASW,CE,Federal Contract Tower,0,0,0,0,0,0,0,15,3,18,0,0,15,3,18,80,20,100,118
10/19/2003,ADM,OK,ASW,CE,Federal Contract Tower,0,0,7,0,7,0,0,25,0,25,0,0,32,0,32,84,0,84,116
10/20/2003,ADM,OK,ASW,CE,Federal Contract Tower,0,0,4,2,6,0,0,20,6,26,0,0,24,8,32,110,76,186,218
10/21/2003,ADM,OK,ASW,CE,Federal Contract Tower,0,0,22,2,24,0,0,20,14,34,0,0,42,16,58,76,64,140,198
10/22/2003,ADM,OK,ASW,CE,Federal Contract Tower,0,0,0,8,8,0,0,31,0,31,0,0,31,8,39,102,50,152,191
10/23/2003,ADM,OK,ASW,CE,Federal Contract Tower,0,0,0,2,2,0,0,42,5,47,0,0,42,7,49,74,48,122,171
10/24/2003,ADM,OK,ASW,CE,Federal Contract Tower,0,0,1,1,2,0,0,35,0,35,0,0,36,1,37,70,6,76,113
10/25/2003,ADM,OK,ASW,CE,Federal Contract Tower,0,0,8,0,8,0,0,12,0,12,0,0,20,0,20,28,0,28,48
10/26/2003,ADM,OK,ASW,CE,Federal Contract Tower,0,0,6,2,8,0,0,11,0,11,0,0,17,2,19,68,8,76,95
10/27/2003,ADM,OK,ASW,CE,Federal Contract Tower,0,0,6,2,8,0,0,12,2,14,0,0,18,4,22,66,28,94,116
10/28/2003,ADM,OK,ASW,CE,Federal Contract Tower,0,0,31,2,33,0,0,18,5,23,0,0,49,7,56,50,30,80,136
10/29/2003,ADM,OK,ASW,CE,Federal Contract Tower,0,0,10,2,12,0,0,5,0,5,0,0,15,2,17,60,44,104,121
10/30/2003,ADM,OK,ASW,CE,Federal Contract Tower,0,0,19,2,21,0,1,10,4,15,0,1,29,6,36,30,22,52,88
10/31/2003,ADM,OK,ASW,CE,Federal Contract Tower,0,0,7,2,9,0,0,19,4,23,0,0,26,6,32,48,14,62,94
11/01/2003,ADM,OK,ASW,CE,Federal Contract Tower,0,0,7,0,7,0,0,11,0,11,0,0,18,0,18,34,0,34,52
11/02/2003,ADM,OK,ASW,CE,Federal Contract Tower,0,0,0,0,0,0,0,14,0,14,0,0,14,0,14,68,0,68,82
11/03/2003,ADM,OK,ASW,CE,Federal Contract Tower,0,0,2,1,3,0,0,14,0,14,0,0,16,1,17,56,4,60,77
11/04/2003,ADM,OK,ASW,CE,Federal Contract Tower,0,0,10,4,14,0,0,26,0,26,0,0,36,4,40,30,8,38,78
11/05/2003,ADM,OK,ASW,CE,Federal Contract Tower,0,0,6,0,6,0,0,0,0,0,0,0,6,0,6,12,0,12,18
11/06/2003,ADM,OK,ASW,CE,Federal Contract Tower,0,3,11,2,16,0,0,0,1,1,0,3,11,3,17,18,0,18,35
11/07/2003,ADM,OK,ASW,CE,Federal Contract Tower,0,0,6,0,6,0,0,0,0,0,0,0,6,0,6,0,0,0,6
11/08/2003,ADM,OK,ASW,CE,Federal Contract Tower,0,2,4,0,6,0,0,0,0,0,0,2,4,0,6,0,0,0,6
11/09/2003,ADM,OK,ASW,CE,Federal Contract Tower,0,0,3,0,3,0,0,9,0,9,0,0,12,0,12,52,0,52,64
11/10/2003,ADM,OK,ASW,CE,Federal Contract Tower,0,0,2,0,2,0,0,0,0,0,0,0,2,0,2,0,0,0,2
11/11/2003,ADM,OK,ASW,CE,Federal Contract Tower,0,0,4,0,4,0,0,35,0,35,0,0,39,0,39,62,0,62,101
11/12/2003,ADM,OK,ASW,CE,Federal Contract Tower,0,0,13,0,13,0,0,22,4,26,0,0,35,4,39,40,16,56,95
11/13/2003,ADM,OK,ASW,CE,Federal Contract Tower,0,0,5,0,5,0,1,7,4,12,0,1,12,4,17,42,24,66,83
11/14/2003,ADM,OK,ASW,CE,Federal Contract Tower,0,0,0,2,2,0,0,0,3,3,0,0,0,5,5,0,32,32,37
11/15/2003,ADM,OK,ASW,CE,Federal Contract Tower,0,0,0,0,0,0,0,5,0,5,0,0,5,0,5,6,0,6,11
11/16/2003,ADM,OK,ASW,CE,Federal Contract Tower,0,0,2,0,2,0,0,16,0,16,0,0,18,0,18,55,0,55,73
11/17/2003,ADM,OK,ASW,CE,Federal Contract Tower,0,0,13,0,13,0,0,8,0,8,0,0,21,0,21,58,0,58,79
11/18/2003,ADM,OK,ASW,CE,Federal Contract Tower,0,0,4,2,6,0,0,19,6,25,0,0,23,8,31,24,22,46,77
11/19/2003,ADM,OK,ASW,CE,Federal Contract Tower,0,0,0,0,0,0,0,40,0,40,0,0,40,0,40,126,0,126,166
11/20/2003,ADM,OK,ASW,CE,Federal Contract Tower,0,0,2,1,3,0,0,21,11,32,0,0,23,12,35,20,68,88,123
11/21/2003,ADM,OK,ASW,CE,Federal Contract Tower,0,0,13,2,15,0,0,22,7,29,0,0,35,9,44,32,38,70,114
11/22/2003,ADM,OK,ASW,CE,Federal Contract Tower,0,0,3,2,5,0,0,7,0,7,0,0,10,2,12,28,12,40,52
11/23/2003,ADM,OK,ASW,CE,Federal Contract Tower,0,0,1,0,1,0,0,1,0,1,0,0,2,0,2,4,0,4,6
11/24/2003,ADM,OK,ASW,CE,Federal Contract Tower,0,0,3,1,4,0,0,19,4,23,0,0,22,5,27,124,20,144,171
11/25/2003,ADM,OK,ASW,CE,Federal Contract Tower,0,0,3,0,3,0,0,26,6,32,0,0,29,6,35,40,22,62,97
11/26/2003,ADM,OK,ASW,CE,Federal Contract Tower,0,0,0,0,0,0,0,20,9,29,0,0,20,9,29,34,48,82,111
11/27/2003,ADM,OK,ASW,CE,Federal Contract Tower,0,0,2,0,2,0,0,1,0,1,0,0,3,0,3,8,0,8,11
11/28/2003,ADM,OK,ASW,CE,Federal Contract Tower,0,0,7,0,7,0,0,22,1,23,0,0,29,1,30,40,0,40,70
11/29/2003,ADM,OK,ASW,CE,Federal Contract Tower,0,0,1,1,2,0,0,16,0,16,0,0,17,1,18,64,4,68,86
11/30/2003,ADM,OK,ASW,CE,Federal Contract Tower,0,0,2,1,3,0,0,13,0,13,0,0,15,1,16,66,4,70,86
12/01/2003,ADM,OK,ASW,CE,Federal Contract Tower,0,0,4,2,6,0,0,15,0,15,0,0,19,2,21,76,16,92,113
12/02/2003,ADM,OK,ASW,CE,Federal Contract Tower,0,0,8,0,8,0,0,15,10,25,0,0,23,10,33,32,42,74,107
12/03/2003,ADM,OK,ASW,CE,Federal Contract Tower,0,0,16,0,16,0,0,7,14,21,0,0,23,14,37,94,80,174,211
12/04/2003,ADM,OK,ASW,CE,Federal Contract Tower,0,0,6,0,6,0,0,32,5,37,0,0,38,5,43,44,20,64,107
12/05/2003,ADM,OK,ASW,CE,Federal Contract Tower,0,0,4,1,5,0,0,20,9,29,0,0,24,10,34,24,26,50,84
12/06/2003,ADM,OK,ASW,CE,Federal Contract Tower,0,0,6,0,6,0,0,36,0,36,0,0,42,0,42,76,0,76,118
12/07/2003,ADM,OK,ASW,CE,Federal Contract Tower,0,0,1,0,1,0,0,10,0,10,0,0,11,0,11,74,0,74,85
12/08/2003,ADM,OK,ASW,CE,Federal Contract Tower,0,0,4,2,6,0,0,16,0,16,0,0,20,2,22,62,48,110,132
12/09/2003,ADM,OK,ASW,CE,Federal Contract Tower,0,0,4,0,4,0,0,3,0,3,0,0,7,0,7,6,0,6,13
12/10/2003,ADM,OK,ASW,CE,Federal Contract Tower,0,0,7,12,19,0,0,14,0,14,0,0,21,12,33,52,100,152,185
12/11/2003,ADM,OK,ASW,CE,Federal Contract Tower,0,0,5,0,5,0,0,32,2,34,0,0,37,2,39,28,40,68,107
12/12/2003,ADM,OK,ASW,CE,Federal Contract Tower,0,0,4,1,5,0,0,1,0,1,0,0,5,1,6,0,8,8,14
12/13/2003,ADM,OK,ASW,CE,Federal Contract Tower,0,0,3,0,3,0,0,0,0,0,0,0,3,0,3,0,0,0,3
12/14/2003,ADM,OK,ASW,CE,Federal Contract Tower,0,0,5,4,9,0,0,18,0,18,0,0,23,4,27,34,8,42,69
12/15/2003,ADM,OK,ASW,CE,Federal Contract Tower,0,0,12,4,16,0,0,11,6,17,0,0,23,10,33,32,50,82,115
12/16/2003,ADM,OK,ASW,CE,Federal Contract Tower,0,0,9,2,11,0,0,28,6,34,0,0,37,8,45,64,42,106,151
12/17/2003,ADM,OK,ASW,CE,Federal Contract Tower,0,0,13,0,13,0,0,32,2,34,0,0,45,2,47,134,20,154,201
12/18/2003,ADM,OK,ASW,CE,Federal Contract Tower,0,0,6,7,13,0,0,34,1,35,0,0,40,8,48,28,26,54,102
12/19/2003,ADM,OK,ASW,CE,Federal Contract Tower,0,0,2,2,4,0,0,32,0,32,0,0,34,2,36,56,8,64,100
12/20/2003,ADM,OK,ASW,CE,Federal Contract Tower,0,0,5,1,6,0,0,23,0,23,0,0,28,1,29,60,4,64,93
12/21/2003,ADM,OK,ASW,CE,Federal Contract Tower,0,0,3,3,6,0,0,9,0,9,0,0,12,3,15,64,28,92,107
12/22/2003,ADM,OK,ASW,CE,Federal Contract Tower,0,0,7,7,14,0,0,1,0,1,0,0,8,7,15,34,96,130,145
12/23/2003,ADM,OK,ASW,CE,Federal Contract Tower,0,0,1,2,3,0,0,35,8,43,0,0,36,10,46,50,82,132,178
12/24/2003,ADM,OK,ASW,CE,Federal Contract Tower,0,0,2,0,2,0,0,14,0,14,0,0,16,0,16,46,0,46,62
12/25/2003,ADM,OK,ASW,CE,Federal Contract Tower,0,0,0,0,0,0,0,4,0,4,0,0,4,0,4,2,0,2,6
12/26/2003,ADM,OK,ASW,CE,Federal Contract Tower,0,0,5,0,5,0,0,9,0,9,0,0,14,0,14,6,0,6,20
12/27/2003,ADM,OK,ASW,CE,Federal Contract Tower,0,0,2,0,2,0,0,4,0,4,0,0,6,0,6,0,0,0,6
12/28/2003,ADM,OK,ASW,CE,Federal Contract Tower,0,0,1,0,1,0,0,10,0,10,0,0,11,0,11,52,0,52,63
12/29/2003,ADM,OK,ASW,CE,Federal Contract Tower,0,0,21,0,21,0,0,20,0,20,0,0,41,0,41,132,0,132,173
12/30/2003,ADM,OK,ASW,CE,Federal Contract Tower,0,0,4,2,6,0,0,25,0,25,0,0,29,2,31,78,20,98,129
12/31/2003,ADM,OK,ASW,CE,Federal Contract Tower,0,0,5,0,5,0,0,27,0,27,0,0,32,0,32,78,0,78,110
01/01/2004,ADM,OK,ASW,CE,Federal Contract Tower,0,0,1,0,1,0,0,1,0,1,0,0,2,0,2,0,0,0,2
01/02/2004,ADM,OK,ASW,CE,Federal Contract Tower,0,0,9,0,9,0,0,8,0,8,0,0,17,0,17,29,0,29,46
01/03/2004,ADM,OK,ASW,CE,Federal Contract Tower,0,0,13,0,13,0,0,6,0,6,0,0,19,0,19,20,0,20,39
01/04/2004,ADM,OK,ASW,CE,Federal Contract Tower,0,0,3,0,3,0,0,8,0,8,0,0,11,0,11,38,0,38,49
01/05/2004,ADM,OK,ASW,CE,Federal Contract Tower,0,0,8,1,9,0,0,21,0,21,0,0,29,1,30,46,14,60,90
01/06/2004,ADM,OK,ASW,CE,Federal Contract Tower,0,0,8,6,14,0,0,23,7,30,0,0,31,13,44,78,34,112,156
01/07/2004,ADM,OK,ASW,CE,Federal Contract Tower,0,0,1,4,5,0,0,10,0,10,0,0,11,4,15,67,22,89,104
01/08/2004,ADM,OK,ASW,CE,Federal Contract Tower,0,0,7,0,7,0,0,24,0,24,0,0,31,0,31,46,0,46,77
01/09/2004,ADM,OK,ASW,CE,Federal Contract Tower,0,0,7,5,12,0,0,29,0,29,0,0,36,5,41,42,36,78,119
01/10/2004,ADM,OK,ASW,CE,Federal Contract Tower,0,0,9,1,10,0,0,31,0,31,0,0,40,1,41,52,4,56,97
01/11/2004,ADM,OK,ASW,CE,Federal Contract Tower,0,0,11,0,11,0,0,10,0,10,0,0,21,0,21,112,0,112,133
01/12/2004,ADM,OK,ASW,CE,Federal Contract Tower,0,0,7,2,9,0,0,10,0,10,0,0,17,2,19,96,12,108,127
01/13/2004,ADM,OK,ASW,CE,Federal Contract Tower,0,0,21,8,29,0,0,21,3,24,0,0,42,11,53,58,28,86,139
01/14/2004,ADM,OK,ASW,CE,Federal Contract Tower,0,0,6,1,7,0,2,6,0,8,0,2,12,1,15,62,14,76,91
01/15/2004,ADM,OK,ASW,CE,Federal Contract Tower,0,0,3,1,4,0,0,19,0,19,0,0,22,1,23,6,6,12,35
01/16/2004,ADM,OK,ASW,CE,Federal Contract Tower,0,0,13,0,13,0,0,0,0,0,0,0,13,0,13,6,0,6,19
01/17/2004,ADM,OK,ASW,CE,Federal Contract Tower,0,2,11,0,13,0,0,1,0,1,0,2,12,0,14,4,0,4,18
01/18/2004,ADM,OK,ASW,CE,Federal Contract Tower,0,0,1,0,1,0,0,1,0,1,0,0,2,0,2,8,0,8,10
01/19/2004,ADM,OK,ASW,CE,Federal Contract Tower,0,0,11,0,11,0,3,24,0,27,0,3,35,0,38,98,0,98,136
01/20/2004,ADM,OK,ASW,CE,Federal Contract Tower,0,0,0,6,6,0,0,44,0,44,0,0,44,6,50,66,20,86,136
01/21/2004,ADM,OK,ASW,CE,Federal Contract Tower,0,0,11,1,12,0,0,19,3,22,0,0,30,4,34,78,24,102,136
01/22/2004,ADM,OK,ASW,CE,Federal Contract Tower,0,0,4,6,10,0,0,25,0,25,0,0,29,6,35,62,10,72,107
01/23/2004,ADM,OK,ASW,CE,Federal Contract Tower,0,0,6,4,10,0,0,23,2,25,0,0,29,6,35,44,14,58,93
01/24/2004,ADM,OK,ASW,CE,Federal Contract Tower,0,0,4,0,4,0,0,10,0,10,0,0,14,0,14,12,0,12,26
01/25/2004,ADM,OK,ASW,CE,Federal Contract Tower,0,0,1,0,1,0,0,22,0,22,0,0,23,0,23,92,0,92,115
01/26/2004,ADM,OK,ASW,CE,Federal Contract Tower,0,0,1,0,1,0,0,15,0,15,0,0,16,0,16,16,0,16,32
01/27/2004,ADM,OK,ASW,CE,Federal Contract Tower,0,0,8,7,15,0,0,38,11,49,0,0,46,18,64,80,76,156,220
01/28/2004,ADM,OK,ASW,CE,Federal Contract Tower,0,0,20,6,26,0,0,16,6,22,0,0,36,12,48,124,78,202,250
01/29/2004,ADM,OK,ASW,CE,Federal Contract Tower,0,0,8,2,10,0,0,8,13,21,0,0,16,15,31,30,46,76,107
01/30/2004,ADM,OK,ASW,CE,Federal Contract Tower,0,0,4,7,11,0,0,22,0,22,0,0,26,7,33,22,50,72,105
01/31/2004,ADM,OK,ASW,CE,Federal Contract Tower,0,2,2,0,4,0,0,0,0,0,0,2,2,0,4,6,0,6,10
02/01/2004,ADM,OK,ASW,CE,Federal Contract Tower,0,0,0,0,0,0,0,0,0,0,0,0,0,0,0,0,0,0,0
02/02/2004,ADM,OK,ASW,CE,Federal Contract Tower,0,0,4,13,17,0,0,11,4,15,0,0,15,17,32,14,106,120,152
02/03/2004,ADM,OK,ASW,CE,Federal Contract Tower,0,0,12,2,14,0,0,22,8,30,0,0,34,10,44,56,34,90,134
02/04/2004,ADM,OK,ASW,CE,Federal Contract Tower,0,0,1,0,1,0,0,0,0,0,0,0,1,0,1,4,0,4,5
02/05/2004,ADM,OK,ASW,CE,Federal Contract Tower,0,0,8,0,8,0,0,0,0,0,0,0,8,0,8,16,0,16,24
02/06/2004,ADM,OK,ASW,CE,Federal Contract Tower,0,0,14,5,19,0,0,9,0,9,0,0,23,5,28,44,50,94,122
02/07/2004,ADM,OK,ASW,CE,Federal Contract Tower,0,0,12,2,14,0,1,49,0,50,0,1,61,2,64,64,4,68,132
02/08/2004,ADM,OK,ASW,CE,Federal Contract Tower,0,0,9,0,9,0,0,9,0,9,0,0,18,0,18,92,0,92,110
02/09/2004,ADM,OK,ASW,CE,Federal Contract Tower,0,0,2,1,3,0,0,2,0,2,0,0,4,1,5,8,8,16,21
02/10/2004,ADM,OK,ASW,CE,Federal Contract Tower,0,0,14,0,14,0,0,30,5,35,0,0,44,5,49,64,32,96,145
02/11/2004,ADM,OK,ASW,CE,Federal Contract Tower,0,0,6,0,6,0,1,0,0,1,0,1,6,0,7,14,0,14,21
02/12/2004,ADM,OK,ASW,CE,Federal Contract Tower,0,0,13,0,13,0,0,16,6,22,0,0,29,6,35,58,22,80,115
02/13/2004,ADM,OK,ASW,CE,Federal Contract Tower,0,0,5,5,10,0,0,20,15,35,0,0,25,20,45,30,46,76,121
02/14/2004,ADM,OK,ASW,CE,Federal Contract Tower,0,0,0,0,0,0,0,0,0,0,0,0,0,0,0,0,0,0,0
02/15/2004,ADM,OK,ASW,CE,Federal Contract Tower,0,0,0,0,0,0,0,2,0,2,0,0,2,0,2,8,0,8,10
02/16/2004,ADM,OK,ASW,CE,Federal Contract Tower,0,0,7,0,7,0,0,24,4,28,0,0,31,4,35,76,16,92,127
02/17/2004,ADM,OK,ASW,CE,Federal Contract Tower,0,0,3,3,6,0,0,27,4,31,0,0,30,7,37,36,22,58,95
02/18/2004,ADM,OK,ASW,CE,Federal Contract Tower,0,0,6,2,8,0,0,15,3,18,0,0,21,5,26,90,48,138,164
02/19/2004,ADM,OK,ASW,CE,Federal Contract Tower,0,0,4,0,4,0,1,1,0,2,0,1,5,0,6,6,0,6,12
02/20/2004,ADM,OK,ASW,CE,Federal Contract Tower,0,0,2,0,2,0,2,32,6,40,0,2,34,6,42,44,9,53,95
02/21/2004,ADM,OK,ASW,CE,Federal Contract Tower,0,0,3,0,3,0,1,63,0,64,0,1,66,0,67,66,0,66,133
02/22/2004,ADM,OK,ASW,CE,Federal Contract Tower,0,0,6,0,6,0,0,10,0,10,0,0,16,0,16,66,0,66,82
02/23/2004,ADM,OK,ASW,CE,Federal Contract Tower,0,0,1,0,1,0,0,1,0,1,0,0,2,0,2,8,0,8,10
02/24/2004,ADM,OK,ASW,CE,Federal Contract Tower,0,0,0,1,1,0,0,0,0,0,0,0,0,1,1,0,2,2,3
02/25/2004,ADM,OK,ASW,CE,Federal Contract Tower,0,0,1,1,2,0,0,4,4,8,0,0,5,5,10,8,18,26,36
02/26/2004,ADM,OK,ASW,CE,Federal Contract Tower,0,0,6,2,8,0,0,28,0,28,0,0,34,2,36,62,8,70,106
02/27/2004,ADM,OK,ASW,CE,Federal Contract Tower,0,0,2,0,2,0,0,16,0,16,0,0,18,0,18,22,0,22,40
02/28/2004,ADM,OK,ASW,CE,Federal Contract Tower,0,0,3,0,3,0,1,0,0,1,0,1,3,0,4,12,0,12,16
02/29/2004,ADM,OK,ASW,CE,Federal Contract Tower,0,0,3,2,5,0,0,1,0,1,0,0,4,2,6,16,14,30,36
03/01/2004,ADM,OK,ASW,CE,Federal Contract Tower,0,0,0,3,3,0,0,17,4,21,0,0,17,7,24,30,18,48,72
03/02/2004,ADM,OK,ASW,CE,Federal Contract Tower,0,0,3,1,4,0,0,15,7,22,0,0,18,8,26,36,32,68,94
03/03/2004,ADM,OK,ASW,CE,Federal Contract Tower,0,0,6,0,6,0,0,0,0,0,0,0,6,0,6,24,0,24,30
03/04/2004,ADM,OK,ASW,CE,Federal Contract Tower,0,0,2,0,2,0,0,0,1,1,0,0,2,1,3,0,2,2,5
03/05/2004,ADM,OK,ASW,CE,Federal Contract Tower,0,0,2,0,2,0,0,33,0,33,0,0,35,0,35,36,0,36,71
03/06/2004,ADM,OK,ASW,CE,Federal Contract Tower,0,0,3,0,3,0,1,30,0,31,0,1,33,0,34,48,0,48,82
03/07/2004,ADM,OK,ASW,CE,Federal Contract Tower,0,0,2,0,2,0,0,19,0,19,0,0,21,0,21,28,0,28,49
03/08/2004,ADM,OK,ASW,CE,Federal Contract Tower,0,0,16,3,19,0,0,13,7,20,0,0,29,10,39,88,36,124,163
03/09/2004,ADM,OK,ASW,CE,Federal Contract Tower,0,0,2,0,2,0,0,22,11,33,0,0,24,11,35,66,40,106,141
03/10/2004,ADM,OK,ASW,CE,Federal Contract Tower,0,0,5,4,9,0,0,21,4,25,0,0,26,8,34,70,36,106,140
03/11/2004,ADM,OK,ASW,CE,Federal Contract Tower,0,0,13,0,13,0,0,7,9,16,0,0,20,9,29,64,56,120,149
03/12/2004,ADM,OK,ASW,CE,Federal Contract Tower,0,0,6,3,9,0,0,17,6,23,0,0,23,9,32,70,38,108,140
03/13/2004,ADM,OK,ASW,CE,Federal Contract Tower,0,0,1,0,1,0,0,0,0,0,0,0,1,0,1,0,0,0,1
03/14/2004,ADM,OK,ASW,CE,Federal Contract Tower,0,0,7,1,8,0,0,4,0,4,0,0,11,1,12,36,4,40,52
03/15/2004,ADM,OK,ASW,CE,Federal Contract Tower,0,0,0,2,2,0,0,4,0,4,0,0,4,2,6,10,8,18,24
03/16/2004,ADM,OK,ASW,CE,Federal Contract Tower,0,0,6,4,10,0,0,23,1,24,0,0,29,5,34,128,42,170,204
03/17/2004,ADM,OK,ASW,CE,Federal Contract Tower,0,0,4,0,4,0,0,9,1,10,0,0,13,1,14,48,10,58,72
03/18/2004,ADM,OK,ASW,CE,Federal Contract Tower,0,0,7,1,8,0,0,20,1,21,0,0,27,2,29,34,30,64,93
03/19/2004,ADM,OK,ASW,CE,Federal Contract Tower,0,0,8,2,10,0,0,19,3,22,0,0,27,5,32,47,33,80,112
03/20/2004,ADM,OK,ASW,CE,Federal Contract Tower,0,0,2,0,2,0,0,12,0,12,0,0,14,0,14,6,0,6,20
03/21/2004,ADM,OK,ASW,CE,Federal Contract Tower,0,0,6,2,8,0,0,4,1,5,0,0,10,3,13,38,18,56,69
03/22/2004,ADM,OK,ASW,CE,Federal Contract Tower,0,0,3,7,10,0,0,30,0,30,0,0,33,7,40,42,6,48,88
03/23/2004,ADM,OK,ASW,CE,Federal Contract Tower,0,0,12,3,15,0,0,27,3,30,0,0,39,6,45,28,10,38,83
03/24/2004,ADM,OK,ASW,CE,Federal Contract Tower,0,0,9,0,9,0,0,4,0,4,0,0,13,0,13,12,0,12,25
03/25/2004,ADM,OK,ASW,CE,Federal Contract Tower,0,0,0,0,0,0,0,29,0,29,0,0,29,0,29,18,0,18,47
03/26/2004,ADM,OK,ASW,CE,Federal Contract Tower,0,0,13,5,18,0,0,43,5,48,0,0,56,10,66,16,4,20,86
03/27/2004,ADM,OK,ASW,CE,Federal Contract Tower,0,0,0,0,0,0,0,0,0,0,0,0,0,0,0,0,0,0,0
03/28/2004,ADM,OK,ASW,CE,Federal Contract Tower,0,0,15,0,15,0,0,6,0,6,0,0,21,0,21,80,0,80,101
03/29/2004,ADM,OK,ASW,CE,Federal Contract Tower,0,0,15,0,15,0,0,54,0,54,0,0,69,0,69,84,0,84,153
03/30/2004,ADM,OK,ASW,CE,Federal Contract Tower,0,0,16,1,17,0,0,36,2,38,0,0,52,3,55,98,8,106,161
03/31/2004,ADM,OK,ASW,CE,Federal Contract Tower,0,0,16,3,19,0,0,77,11,88,0,0,93,14,107,308,30,338,445
04/01/2004,ADM,OK,ASW,CE,Federal Contract Tower,0,0,6,4,10,0,0,36,8,44,0,0,42,12,54,156,19,175,229
04/02/2004,ADM,OK,ASW,CE,Federal Contract Tower,0,0,9,1,10,0,0,11,1,12,0,0,20,2,22,112,4,116,138
04/03/2004,ADM,OK,ASW,CE,Federal Contract Tower,0,0,3,0,3,0,2,29,0,31,0,2,32,0,34,68,0,68,102
04/04/2004,ADM,OK,ASW,CE,Federal Contract Tower,0,0,2,0,2,0,0,17,0,17,0,0,19,0,19,74,0,74,93
04/05/2004,ADM,OK,ASW,CE,Federal Contract Tower,0,0,4,13,17,0,0,8,0,8,0,0,12,13,25,26,98,124,149
04/06/2004,ADM,OK,ASW,CE,Federal Contract Tower,0,0,5,5,10,0,0,16,2,18,0,0,21,7,28,48,34,82,110
04/07/2004,ADM,OK,ASW,CE,Federal Contract Tower,0,0,5,2,7,0,0,3,0,3,0,0,8,2,10,14,16,30,40
04/08/2004,ADM,OK,ASW,CE,Federal Contract Tower,0,1,12,2,15,0,0,34,0,34,0,1,46,2,49,129,38,167,216
04/09/2004,ADM,OK,ASW,CE,Federal Contract Tower,0,0,0,0,0,0,0,30,6,36,0,0,30,6,36,48,22,70,106
04/10/2004,ADM,OK,ASW,CE,Federal Contract Tower,0,0,1,0,1,0,0,0,0,0,0,0,1,0,1,16,0,16,17
04/11/2004,ADM,OK,ASW,CE,Federal Contract Tower,0,0,0,0,0,0,0,7,0,7,0,0,7,0,7,34,0,34,41
04/12/2004,ADM,OK,ASW,CE,Federal Contract Tower,0,0,12,1,13,0,0,10,3,13,0,0,22,4,26,104,28,132,158
04/13/2004,ADM,OK,ASW,CE,Federal Contract Tower,0,0,1,2,3,0,0,19,9,28,0,0,20,11,31,32,36,68,99
04/14/2004,ADM,OK,ASW,CE,Federal Contract Tower,0,0,3,5,8,0,0,16,8,24,0,0,19,13,32,102,68,170,202
04/15/2004,ADM,OK,ASW,CE,Federal Contract Tower,0,0,8,0,8,0,1,21,7,29,0,1,29,7,37,40,20,60,97
04/16/2004,ADM,OK,ASW,CE,Federal Contract Tower,0,0,4,3,7,0,0,10,6,16,0,0,14,9,23,22,34,56,79
04/17/2004,ADM,OK,ASW,CE,Federal Contract Tower,0,0,3,0,3,0,0,35,0,35,0,0,38,0,38,0,0,0,38
04/18/2004,ADM,OK,ASW,CE,Federal Contract Tower,0,0,8,0,8,0,0,2,2,4,0,0,10,2,12,22,4,26,38
04/19/2004,ADM,OK,ASW,CE,Federal Contract Tower,0,0,12,0,12,0,0,0,8,8,0,0,12,8,20,44,50,94,114
04/20/2004,ADM,OK,ASW,CE,Federal Contract Tower,0,0,10,0,10,0,0,0,4,4,0,0,10,4,14,22,20,42,56
04/21/2004,ADM,OK,ASW,CE,Federal Contract Tower,0,0,15,0,15,0,0,4,5,9,0,0,19,5,24,68,10,78,102
04/22/2004,ADM,OK,ASW,CE,Federal Contract Tower,0,0,11,0,11,0,0,23,1,24,0,0,34,1,35,14,0,14,49
04/23/2004,ADM,OK,ASW,CE,Federal Contract Tower,0,0,1,0,1,0,0,3,0,3,0,0,4,0,4,6,0,6,10
04/24/2004,ADM,OK,ASW,CE,Federal Contract Tower,0,0,0,0,0,0,0,0,0,0,0,0,0,0,0,0,0,0,0
04/25/2004,ADM,OK,ASW,CE,Federal Contract Tower,0,0,6,0,6,0,0,21,0,21,0,0,27,0,27,106,0,106,133
04/26/2004,ADM,OK,ASW,CE,Federal Contract Tower,0,0,10,0,10,0,0,19,6,25,0,0,29,6,35,66,18,84,119
04/27/2004,ADM,OK,ASW,CE,Federal Contract Tower,0,0,12,0,12,0,0,24,2,26,0,0,36,2,38,81,8,89,127
04/28/2004,ADM,OK,ASW,CE,Federal Contract Tower,0,0,10,0,10,0,0,1,4,5,0,0,11,4,15,18,14,32,47
04/29/2004,ADM,OK,ASW,CE,Federal Contract Tower,0,0,10,0,10,0,1,13,3,17,0,1,23,3,27,22,24,46,73
04/30/2004,ADM,OK,ASW,CE,Federal Contract Tower,0,0,5,0,5,0,0,5,5,10,0,0,10,5,15,2,12,14,29
05/01/2004,ADM,OK,ASW,CE,Federal Contract Tower,0,0,1,2,3,0,0,1,1,2,0,0,2,3,5,0,0,0,5
05/02/2004,ADM,OK,ASW,CE,Federal Contract Tower,0,0,4,0,4,0,0,26,0,26,0,0,30,0,30,132,0,132,162
05/03/2004,ADM,OK,ASW,CE,Federal Contract Tower,0,0,7,0,7,0,0,19,4,23,0,0,26,4,30,62,28,90,120
05/04/2004,ADM,OK,ASW,CE,Federal Contract Tower,0,0,7,2,9,0,0,20,2,22,0,0,27,4,31,74,18,92,123
05/05/2004,ADM,OK,ASW,CE,Federal Contract Tower,0,0,4,12,16,0,0,19,21,40,0,0,23,33,56,26,54,80,136
05/06/2004,ADM,OK,ASW,CE,Federal Contract Tower,0,0,4,0,4,0,0,22,4,26,0,0,26,4,30,60,12,72,102
05/07/2004,ADM,OK,ASW,CE,Federal Contract Tower,0,0,3,0,3,0,0,12,0,12,0,0,15,0,15,11,0,11,26
05/08/2004,ADM,OK,ASW,CE,Federal Contract Tower,0,0,9,0,9,0,0,4,0,4,0,0,13,0,13,18,0,18,31
05/09/2004,ADM,OK,ASW,CE,Federal Contract Tower,0,0,1,0,1,0,0,3,0,3,0,0,4,0,4,0,0,0,4
05/10/2004,ADM,OK,ASW,CE,Federal Contract Tower,0,0,11,2,13,0,0,14,0,14,0,0,25,2,27,78,0,78,105
05/11/2004,ADM,OK,ASW,CE,Federal Contract Tower,0,0,1,2,3,0,0,14,10,24,0,0,15,12,27,24,40,64,91
05/12/2004,ADM,OK,ASW,CE,Federal Contract Tower,0,0,11,1,12,0,0,0,5,5,0,0,11,6,17,34,32,66,83
05/13/2004,ADM,OK,ASW,CE,Federal Contract Tower,0,0,5,0,5,0,1,2,0,3,0,1,7,0,8,3,0,3,11
05/14/2004,ADM,OK,ASW,CE,Federal Contract Tower,0,0,9,0,9,0,0,6,0,6,0,0,15,0,15,10,0,10,25
05/15/2004,ADM,OK,ASW,CE,Federal Contract Tower,0,0,3,0,3,0,0,42,0,42,0,0,45,0,45,74,0,74,119
05/16/2004,ADM,OK,ASW,CE,Federal Contract Tower,0,0,9,2,11,0,0,3,0,3,0,0,12,2,14,0,2,2,16
05/17/2004,ADM,OK,ASW,CE,Federal Contract Tower,0,0,8,0,8,0,0,12,0,12,0,0,20,0,20,60,0,60,80
05/18/2004,ADM,OK,ASW,CE,Federal Contract Tower,0,0,4,9,13,0,0,27,1,28,0,0,31,10,41,48,74,122,163
05/19/2004,ADM,OK,ASW,CE,Federal Contract Tower,0,0,1,3,4,0,0,12,9,21,0,0,13,12,25,24,16,40,65
05/20/2004,ADM,OK,ASW,CE,Federal Contract Tower,0,2,5,12,19,0,2,33,8,43,0,4,38,20,62,46,70,116,178
05/21/2004,ADM,OK,ASW,CE,Federal Contract Tower,0,0,8,5,13,0,0,26,3,29,0,0,34,8,42,10,2,12,54
05/22/2004,ADM,OK,ASW,CE,Federal Contract Tower,0,0,1,2,3,0,0,15,0,15,0,0,16,2,18,0,4,4,22
05/23/2004,ADM,OK,ASW,CE,Federal Contract Tower,0,0,0,1,1,0,0,10,0,10,0,0,10,1,11,8,8,16,27
05/24/2004,ADM,OK,ASW,CE,Federal Contract Tower,0,0,5,1,6,0,0,5,3,8,0,0,10,4,14,20,24,44,58
05/25/2004,ADM,OK,ASW,CE,Federal Contract Tower,0,0,9,4,13,0,0,23,4,27,0,0,32,8,40,10,4,14,54
05/26/2004,ADM,OK,ASW,CE,Federal Contract Tower,0,0,2,0,2,0,0,1,14,15,0,0,3,14,17,12,112,124,141
05/27/2004,ADM,OK,ASW,CE,Federal Contract Tower,0,1,2,4,7,0,0,21,0,21,0,1,23,4,28,8,36,44,72
05/28/2004,ADM,OK,ASW,CE,Federal Contract Tower,0,0,10,6,16,0,0,32,0,32,0,0,42,6,48,36,6,42,90
05/29/2004,ADM,OK,ASW,CE,Federal Contract Tower,0,0,4,0,4,0,0,0,0,0,0,0,4,0,4,4,0,4,8
05/30/2004,ADM,OK,ASW,CE,Federal Contract Tower,0,0,6,0,6,0,0,4,0,4,0,0,10,0,10,16,0,16,26
05/31/2004,ADM,OK,ASW,CE,Federal Contract Tower,0,0,7,0,7,0,0,24,0,24,0,0,31,0,31,94,0,94,125
06/01/2004,ADM,OK,ASW,CE,Federal Contract Tower,0,0,9,3,12,0,0,16,3,19,0,0,25,6,31,64,46,110,141
06/02/2004,ADM,OK,ASW,CE,Federal Contract Tower,0,0,10,5,15,0,0,13,13,26,0,0,23,18,41,38,86,124,165
06/03/2004,ADM,OK,ASW,CE,Federal Contract Tower,0,1,10,0,11,0,1,32,0,33,0,2,42,0,44,102,0,102,146
06/04/2004,ADM,OK,ASW,CE,Federal Contract Tower,0,0,3,0,3,0,0,9,4,13,0,0,12,4,16,12,12,24,40
06/05/2004,ADM,OK,ASW,CE,Federal Contract Tower,0,0,3,0,3,0,0,9,4,13,0,0,12,4,16,12,12,24,40
06/06/2004,ADM,OK,ASW,CE,Federal Contract Tower,0,0,2,0,2,0,0,9,0,9,0,0,11,0,11,14,0,14,25
06/07/2004,ADM,OK,ASW,CE,Federal Contract Tower,0,0,2,3,5,0,0,2,8,10,0,0,4,11,15,22,48,70,85
06/08/2004,ADM,OK,ASW,CE,Federal Contract Tower,0,0,6,0,6,0,0,4,0,4,0,0,10,0,10,38,0,38,48
06/09/2004,ADM,OK,ASW,CE,Federal Contract Tower,0,0,5,7,12,0,0,0,4,4,0,0,5,11,16,16,16,32,48
06/10/2004,ADM,OK,ASW,CE,Federal Contract Tower,0,0,9,4,13,0,0,5,0,5,0,0,14,4,18,58,26,84,102
06/11/2004,ADM,OK,ASW,CE,Federal Contract Tower,0,0,9,4,13,0,0,5,2,7,0,0,14,6,20,44,28,72,92
06/12/2004,ADM,OK,ASW,CE,Federal Contract Tower,0,0,3,0,3,0,0,11,0,11,0,0,14,0,14,8,0,8,22
06/13/2004,ADM,OK,ASW,CE,Federal Contract Tower,0,0,5,0,5,0,0,12,0,12,0,0,17,0,17,20,0,20,37
06/14/2004,ADM,OK,ASW,CE,Federal Contract Tower,0,0,3,0,3,0,0,22,5,27,0,0,25,5,30,48,20,68,98
06/15/2004,ADM,OK,ASW,CE,Federal Contract Tower,0,0,3,0,3,0,0,13,4,17,0,0,16,4,20,8,14,22,42
06/16/2004,ADM,OK,ASW,CE,Federal Contract Tower,0,0,24,8,32,0,0,14,6,20,0,0,38,14,52,44,8,52,104
06/17/2004,ADM,OK,ASW,CE,Federal Contract Tower,0,0,8,1,9,0,0,18,0,18,0,0,26,1,27,20,4,24,51
06/18/2004,ADM,OK,ASW,CE,Federal Contract Tower,0,0,8,1,9,0,0,18,0,18,0,0,26,1,27,20,4,24,51
06/19/2004,ADM,OK,ASW,CE,Federal Contract Tower,0,0,0,0,0,0,0,2,0,2,0,0,2,0,2,0,0,0,2
06/20/2004,ADM,OK,ASW,CE,Federal Contract Tower,0,0,1,0,1,0,0,3,0,3,0,0,4,0,4,0,0,0,4
06/21/2004,ADM,OK,ASW,CE,Federal Contract Tower,0,0,4,0,4,0,0,0,0,0,0,0,4,0,4,0,0,0,4
06/22/2004,ADM,OK,ASW,CE,Federal Contract Tower,0,0,3,0,3,0,0,3,0,3,0,0,6,0,6,16,0,16,22
06/23/2004,ADM,OK,ASW,CE,Federal Contract Tower,0,0,6,2,8,0,0,22,0,22,0,0,28,2,30,96,8,104,134
06/24/2004,ADM,OK,ASW,CE,Federal Contract Tower,0,0,4,0,4,0,0,23,4,27,0,0,27,4,31,60,10,70,101
06/25/2004,ADM,OK,ASW,CE,Federal Contract Tower,0,0,12,4,16,0,0,9,0,9,0,0,21,4,25,2,0,2,27
06/26/2004,ADM,OK,ASW,CE,Federal Contract Tower,0,0,6,1,7,0,0,0,1,1,0,0,6,2,8,0,8,8,16
06/27/2004,ADM,OK,ASW,CE,Federal Contract Tower,0,0,4,0,4,0,0,8,1,9,0,0,12,1,13,10,6,16,29
06/28/2004,ADM,OK,ASW,CE,Federal Contract Tower,0,0,5,1,6,0,0,7,3,10,0,0,12,4,16,6,24,30,46
06/29/2004,ADM,OK,ASW,CE,Federal Contract Tower,0,0,8,1,9,0,0,10,0,10,0,0,18,1,19,4,2,6,25
06/30/2004,ADM,OK,ASW,CE,Federal Contract Tower,0,0,6,2,8,0,0,4,1,5,0,0,10,3,13,38,30,68,81
07/01/2004,ADM,OK,ASW,CE,Federal Contract Tower,0,1,4,0,5,0,1,21,0,22,0,2,25,0,27,36,0,36,63
07/02/2004,ADM,OK,ASW,CE,Federal Contract Tower,0,0,1,0,1,0,0,9,0,9,0,0,10,0,10,40,0,40,50
07/03/2004,ADM,OK,ASW,CE,Federal Contract Tower,0,0,2,0,2,0,0,11,0,11,0,0,13,0,13,68,0,68,81
07/04/2004,ADM,OK,ASW,CE,Federal Contract Tower,0,0,1,0,1,0,0,9,0,9,0,0,10,0,10,26,0,26,36
07/05/2004,ADM,OK,ASW,CE,Federal Contract Tower,0,0,2,0,2,0,0,14,0,14,0,0,16,0,16,10,0,10,26
07/06/2004,ADM,OK,ASW,CE,Federal Contract Tower,0,0,2,0,2,0,0,9,0,9,0,0,11,0,11,10,0,10,21
07/07/2004,ADM,OK,ASW,CE,Federal Contract Tower,0,0,4,0,4,0,0,15,0,15,0,0,19,0,19,82,0,82,101
07/08/2004,ADM,OK,ASW,CE,Federal Contract Tower,0,0,14,5,19,0,2,21,0,23,0,2,35,5,42,72,28,100,142
07/09/2004,ADM,OK,ASW,CE,Federal Contract Tower,0,0,11,5,16,0,0,1,17,18,0,0,12,22,34,45,102,147,181
07/10/2004,ADM,OK,ASW,CE,Federal Contract Tower,0,0,8,0,8,0,0,30,0,30,0,0,38,0,38,22,0,22,60
07/11/2004,ADM,OK,ASW,CE,Federal Contract Tower,0,0,8,0,8,0,0,17,0,17,0,0,25,0,25,22,0,22,47
07/12/2004,ADM,OK,ASW,CE,Federal Contract Tower,0,0,3,0,3,0,0,11,0,11,0,0,14,0,14,12,0,12,26
07/13/2004,ADM,OK,ASW,CE,Federal Contract Tower,0,0,9,4,13,0,0,11,0,11,0,0,20,4,24,80,14,94,118
07/14/2004,ADM,OK,ASW,CE,Federal Contract Tower,0,0,5,2,7,0,0,21,2,23,0,0,26,4,30,148,38,186,216
07/15/2004,ADM,OK,ASW,CE,Federal Contract Tower,0,0,7,2,9,0,0,12,1,13,0,0,19,3,22,66,10,76,98
07/16/2004,ADM,OK,ASW,CE,Federal Contract Tower,0,0,12,3,15,0,0,18,0,18,0,0,30,3,33,156,34,190,223
07/17/2004,ADM,OK,ASW,CE,Federal Contract Tower,0,0,3,1,4,0,0,18,0,18,0,0,21,1,22,102,8,110,132
07/18/2004,ADM,OK,ASW,CE,Federal Contract Tower,0,0,3,0,3,0,2,8,0,10,0,2,11,0,13,6,0,6,19
07/19/2004,ADM,OK,ASW,CE,Federal Contract Tower,0,0,10,4,14,0,0,8,1,9,0,0,18,5,23,104,52,156,179
07/20/2004,ADM,OK,ASW,CE,Federal Contract Tower,0,0,10,3,13,0,0,8,3,11,0,0,18,6,24,46,20,66,90
07/21/2004,ADM,OK,ASW,CE,Federal Contract Tower,0,0,7,2,9,0,0,9,8,17,0,0,16,10,26,78,60,138,164
07/22/2004,ADM,OK,ASW,CE,Federal Contract Tower,0,0,7,2,9,0,0,13,8,21,0,0,20,10,30,68,48,116,146
07/23/2004,ADM,OK,ASW,CE,Federal Contract Tower,0,0,15,6,21,0,0,9,1,10,0,0,24,7,31,124,68,192,223
07/24/2004,ADM,OK,ASW,CE,Federal Contract Tower,0,0,5,1,6,0,0,3,3,6,0,0,8,4,12,48,36,84,96
07/25/2004,ADM,OK,ASW,CE,Federal Contract Tower,0,0,5,0,5,0,2,3,0,5,0,2,8,0,10,2,0,2,12
07/26/2004,ADM,OK,ASW,CE,Federal Contract Tower,0,0,5,1,6,0,0,15,1,16,0,0,20,2,22,138,18,156,178
07/27/2004,ADM,OK,ASW,CE,Federal Contract Tower,0,0,10,3,13,0,0,26,9,35,0,0,36,12,48,120,76,196,244
07/28/2004,ADM,OK,ASW,CE,Federal Contract Tower,0,0,3,0,3,0,0,1,0,1,0,0,4,0,4,16,0,16,20
07/29/2004,ADM,OK,ASW,CE,Federal Contract Tower,0,0,7,2,9,0,0,13,0,13,0,0,20,2,22,52,4,56,78
07/30/2004,ADM,OK,ASW,CE,Federal Contract Tower,0,0,12,2,14,0,0,1,0,1,0,0,13,2,15,74,28,102,117
07/31/2004,ADM,OK,ASW,CE,Federal Contract Tower,0,0,10,2,12,0,0,23,0,23,0,0,33,2,35,186,10,196,231
08/01/2004,ADM,OK,ASW,CE,Federal Contract Tower,0,0,0,0,0,0,0,2,0,2,0,0,2,0,2,2,0,2,4
08/02/2004,ADM,OK,ASW,CE,Federal Contract Tower,0,0,0,2,2,0,0,11,13,24,0,0,11,15,26,58,128,186,212
08/03/2004,ADM,OK,ASW,CE,Federal Contract Tower,0,0,7,6,13,0,0,6,30,36,0,0,13,36,49,60,230,290,339
08/04/2004,ADM,OK,ASW,CE,Federal Contract Tower,0,0,4,5,9,0,0,5,6,11,0,0,9,11,20,42,80,122,142
08/05/2004,ADM,OK,ASW,CE,Federal Contract Tower,0,0,1,4,5,0,0,13,12,25,0,0,14,16,30,80,42,122,152
08/06/2004,ADM,OK,ASW,CE,Federal Contract Tower,0,0,7,6,13,0,0,10,3,13,0,0,17,9,26,88,76,164,190
08/07/2004,ADM,OK,ASW,CE,Federal Contract Tower,0,0,1,0,1,0,0,13,0,13,0,0,14,0,14,70,0,70,84
08/08/2004,ADM,OK,ASW,CE,Federal Contract Tower,0,0,2,0,2,0,0,15,0,15,0,0,17,0,17,30,0,30,47
08/09/2004,ADM,OK,ASW,CE,Federal Contract Tower,0,0,2,3,5,0,0,19,0,19,0,0,21,3,24,48,32,80,104
08/10/2004,ADM,OK,ASW,CE,Federal Contract Tower,0,0,2,5,7,0,0,28,14,42,0,0,30,19,49,24,60,84,133
08/11/2004,ADM,OK,ASW,CE,Federal Contract Tower,0,0,3,2,5,0,0,6,1,7,0,0,9,3,12,28,16,44,56
08/12/2004,ADM,OK,ASW,CE,Federal Contract Tower,0,0,21,2,23,0,0,3,9,12,0,0,24,11,35,38,54,92,127
08/13/2004,ADM,OK,ASW,CE,Federal Contract Tower,0,0,21,2,23,0,0,23,3,26,0,0,44,5,49,196,30,226,275
08/14/2004,ADM,OK,ASW,CE,Federal Contract Tower,0,0,7,0,7,0,0,17,0,17,0,0,24,0,24,126,0,126,150
08/15/2004,ADM,OK,ASW,CE,Federal Contract Tower,0,0,9,0,9,0,0,1,0,1,0,0,10,0,10,60,0,60,70
08/16/2004,ADM,OK,ASW,CE,Federal Contract Tower,0,0,6,0,6,0,0,21,0,21,0,0,27,0,27,38,0,38,65
08/17/2004,ADM,OK,ASW,CE,Federal Contract Tower,0,0,9,0,9,0,0,25,0,25,0,0,34,0,34,52,0,52,86
08/18/2004,ADM,OK,ASW,CE,Federal Contract Tower,0,0,7,0,7,0,0,28,0,28,0,0,35,0,35,166,0,166,201
08/19/2004,ADM,OK,ASW,CE,Federal Contract Tower,0,0,6,0,6,0,0,2,0,2,0,0,8,0,8,22,0,22,30
08/20/2004,ADM,OK,ASW,CE,Federal Contract Tower,0,0,6,2,8,0,0,4,2,6,0,0,10,4,14,42,24,66,80
08/21/2004,ADM,OK,ASW,CE,Federal Contract Tower,0,0,8,2,10,0,0,2,1,3,0,0,10,3,13,46,24,70,83
08/22/2004,ADM,OK,ASW,CE,Federal Contract Tower,0,0,3,0,3,0,0,4,0,4,0,0,7,0,7,8,0,8,15
08/23/2004,ADM,OK,ASW,CE,Federal Contract Tower,0,0,8,0,8,0,0,1,0,1,0,0,9,0,9,30,0,30,39
08/24/2004,ADM,OK,ASW,CE,Federal Contract Tower,0,0,3,2,5,0,0,15,2,17,0,0,18,4,22,64,36,100,122
08/25/2004,ADM,OK,ASW,CE,Federal Contract Tower,0,0,4,2,6,0,0,13,0,13,0,0,17,2,19,70,12,82,101
08/26/2004,ADM,OK,ASW,CE,Federal Contract Tower,0,0,5,2,7,0,0,22,0,22,0,0,27,2,29,100,10,110,139
08/27/2004,ADM,OK,ASW,CE,Federal Contract Tower,0,0,12,2,14,0,0,2,1,3,0,0,14,3,17,52,32,84,101
08/28/2004,ADM,OK,ASW,CE,Federal Contract Tower,0,0,5,0,5,0,0,4,0,4,0,0,9,0,9,40,0,40,49
08/29/2004,ADM,OK,ASW,CE,Federal Contract Tower,0,0,0,0,0,0,0,25,0,25,0,0,25,0,25,44,0,44,69
08/30/2004,ADM,OK,ASW,CE,Federal Contract Tower,0,0,3,1,4,0,0,10,0,10,0,0,13,1,14,6,14,20,34
08/31/2004,ADM,OK,ASW,CE,Federal Contract Tower,0,0,18,2,20,0,0,7,15,22,0,0,25,17,42,92,90,182,224
09/01/2004,ADM,OK,ASW,CE,Federal Contract Tower,0,0,9,5,14,0,0,6,2,8,0,0,15,7,22,96,44,140,162
09/02/2004,ADM,OK,ASW,CE,Federal Contract Tower,0,0,8,5,13,0,0,13,5,18,0,0,21,10,31,102,60,162,193
09/03/2004,ADM,OK,ASW,CE,Federal Contract Tower,0,0,6,5,11,0,0,15,1,16,0,0,21,6,27,81,44,125,152
09/04/2004,ADM,OK,ASW,CE,Federal Contract Tower,0,0,3,0,3,0,0,10,0,10,0,0,13,0,13,66,0,66,79
09/05/2004,ADM,OK,ASW,CE,Federal Contract Tower,0,0,0,0,0,0,0,7,1,8,0,0,7,1,8,2,0,2,10
09/06/2004,ADM,OK,ASW,CE,Federal Contract Tower,0,0,4,0,4,0,0,12,0,12,0,0,16,0,16,48,0,48,64
09/07/2004,ADM,OK,ASW,CE,Federal Contract Tower,0,0,2,1,3,0,0,21,3,24,0,0,23,4,27,8,8,16,43
09/08/2004,ADM,OK,ASW,CE,Federal Contract Tower,0,0,12,7,19,0,0,6,11,17,0,0,18,18,36,24,22,46,82
09/09/2004,ADM,OK,ASW,CE,Federal Contract Tower,0,0,3,2,5,0,0,16,2,18,0,0,19,4,23,22,0,22,45
09/10/2004,ADM,OK,ASW,CE,Federal Contract Tower,0,0,3,0,3,0,0,19,0,19,0,0,22,0,22,32,0,32,54
09/11/2004,ADM,OK,ASW,CE,Federal Contract Tower,0,0,0,0,0,0,0,17,0,17,0,0,17,0,17,82,0,82,99
09/12/2004,ADM,OK,ASW,CE,Federal Contract Tower,0,0,3,0,3,0,0,21,4,25,0,0,24,4,28,8,4,12,40
09/13/2004,ADM,OK,ASW,CE,Federal Contract Tower,0,0,3,0,3,0,0,2,0,2,0,0,5,0,5,6,0,6,11
09/14/2004,ADM,OK,ASW,CE,Federal Contract Tower,0,0,4,2,6,0,0,7,3,10,0,0,11,5,16,6,14,20,36
09/15/2004,ADM,OK,ASW,CE,Federal Contract Tower,0,0,12,6,18,0,0,6,4,10,0,0,18,10,28,112,46,158,186
09/16/2004,ADM,OK,ASW,CE,Federal Contract Tower,0,0,16,8,24,0,0,17,6,23,0,0,33,14,47,44,68,112,159
09/17/2004,ADM,OK,ASW,CE,Federal Contract Tower,0,0,5,2,7,0,0,9,7,16,0,0,14,9,23,60,114,174,197
09/18/2004,ADM,OK,ASW,CE,Federal Contract Tower,0,0,0,0,0,0,0,17,0,17,0,0,17,0,17,82,0,82,99
09/19/2004,ADM,OK,ASW,CE,Federal Contract Tower,0,0,0,0,0,0,0,8,0,8,0,0,8,0,8,12,0,12,20
09/20/2004,ADM,OK,ASW,CE,Federal Contract Tower,0,0,2,0,2,0,0,11,2,13,0,0,13,2,15,82,18,100,115
09/21/2004,ADM,OK,ASW,CE,Federal Contract Tower,0,0,4,2,6,0,0,25,0,25,0,0,29,2,31,312,4,316,347
09/22/2004,ADM,OK,ASW,CE,Federal Contract Tower,0,0,10,4,14,0,0,34,1,35,0,0,44,5,49,218,10,228,277
09/23/2004,ADM,OK,ASW,CE,Federal Contract Tower,0,0,3,1,4,0,1,20,1,22,0,1,23,2,26,266,0,266,292
09/24/2004,ADM,OK,ASW,CE,Federal Contract Tower,0,0,3,0,3,0,0,14,0,14,0,0,17,0,17,252,0,252,269
09/25/2004,ADM,OK,ASW,CE,Federal Contract Tower,0,0,0,0,0,0,0,36,0,36,0,0,36,0,36,182,0,182,218
09/26/2004,ADM,OK,ASW,CE,Federal Contract Tower,0,0,4,0,4,0,2,6,0,8,0,2,10,0,12,2,0,2,14
09/27/2004,ADM,OK,ASW,CE,Federal Contract Tower,0,0,8,3,11,0,0,24,4,28,0,0,32,7,39,132,46,178,217
09/28/2004,ADM,OK,ASW,CE,Federal Contract Tower,0,0,4,2,6,0,0,29,10,39,0,0,33,12,45,68,26,94,139
09/29/2004,ADM,OK,ASW,CE,Federal Contract Tower,0,0,10,4,14,0,0,9,9,18,0,0,19,13,32,98,62,160,192
09/30/2004,ADM,OK,ASW,CE,Federal Contract Tower,0,0,6,0,6,0,0,10,0,10,0,0,16,0,16,112,0,112,128
10/01/2004,ADM,OK,ASW,CE,Federal Contract Tower,0,0,6,0,6,0,0,8,0,8,0,0,14,0,14,56,0,56,70
10/02/2004,ADM,OK,ASW,CE,Federal Contract Tower,0,0,11,0,11,0,0,6,0,6,0,0,17,0,17,12,0,12,29
10/03/2004,ADM,OK,ASW,CE,Federal Contract Tower,0,0,1,0,1,0,0,19,0,19,0,0,20,0,20,24,0,24,44
10/04/2004,ADM,OK,ASW,CE,Federal Contract Tower,0,0,6,3,9,0,0,1,0,1,0,0,7,3,10,48,0,48,58
10/05/2004,ADM,OK,ASW,CE,Federal Contract Tower,0,0,5,2,7,0,0,24,12,36,0,0,29,14,43,28,24,52,95
10/06/2004,ADM,OK,ASW,CE,Federal Contract Tower,0,2,6,3,11,0,0,8,2,10,0,2,14,5,21,40,8,48,69
10/07/2004,ADM,OK,ASW,CE,Federal Contract Tower,0,0,7,0,7,0,0,9,1,10,0,0,16,1,17,44,6,50,67
10/08/2004,ADM,OK,ASW,CE,Federal Contract Tower,0,0,12,3,15,0,0,8,2,10,0,0,20,5,25,22,14,36,61
10/09/2004,ADM,OK,ASW,CE,Federal Contract Tower,0,0,9,0,9,0,0,0,0,0,0,0,9,0,9,42,0,42,51
10/10/2004,ADM,OK,ASW,CE,Federal Contract Tower,0,0,6,0,6,0,0,0,0,0,0,0,6,0,6,0,0,0,6
10/11/2004,ADM,OK,ASW,CE,Federal Contract Tower,0,3,15,0,18,0,0,3,0,3,0,3,18,0,21,15,0,15,36
10/12/2004,ADM,OK,ASW,CE,Federal Contract Tower,0,0,0,1,1,0,0,8,2,10,0,0,8,3,11,30,6,36,47
10/13/2004,ADM,OK,ASW,CE,Federal Contract Tower,0,0,1,1,2,0,0,28,10,38,0,0,29,11,40,102,42,144,184
10/14/2004,ADM,OK,ASW,CE,Federal Contract Tower,0,0,6,0,6,0,0,22,5,27,0,0,28,5,33,72,20,92,125
10/15/2004,ADM,OK,ASW,CE,Federal Contract Tower,0,0,5,0,5,0,0,12,6,18,0,0,17,6,23,68,38,106,129
10/16/2004,ADM,OK,ASW,CE,Federal Contract Tower,0,0,14,0,14,0,0,13,0,13,0,0,27,0,27,120,0,120,147
10/17/2004,ADM,OK,ASW,CE,Federal Contract Tower,0,0,1,0,1,0,0,9,7,16,0,0,10,7,17,40,0,40,57
10/18/2004,ADM,OK,ASW,CE,Federal Contract Tower,0,1,4,1,6,0,1,15,1,17,0,2,19,2,23,40,6,46,69
10/19/2004,ADM,OK,ASW,CE,Federal Contract Tower,0,0,3,2,5,0,0,24,12,36,0,0,27,14,41,16,40,56,97
10/20/2004,ADM,OK,ASW,CE,Federal Contract Tower,0,0,3,2,5,0,0,11,0,11,0,0,14,2,16,64,20,84,100
10/21/2004,ADM,OK,ASW,CE,Federal Contract Tower,0,0,14,5,19,0,0,5,3,8,0,0,19,8,27,78,44,122,149
10/22/2004,ADM,OK,ASW,CE,Federal Contract Tower,0,0,0,2,2,0,0,0,0,0,0,0,0,2,2,0,8,8,10
10/23/2004,ADM,OK,ASW,CE,Federal Contract Tower,0,0,5,1,6,0,0,20,4,24,0,0,25,5,30,82,0,82,112
10/24/2004,ADM,OK,ASW,CE,Federal Contract Tower,0,0,0,0,0,0,0,17,6,23,0,0,17,6,23,6,4,10,33
10/25/2004,ADM,OK,ASW,CE,Federal Contract Tower,0,0,13,2,15,0,0,4,10,14,0,0,17,12,29,6,16,22,51
10/26/2004,ADM,OK,ASW,CE,Federal Contract Tower,0,0,6,0,6,0,0,13,2,15,0,0,19,2,21,12,4,16,37
10/27/2004,ADM,OK,ASW,CE,Federal Contract Tower,0,0,14,1,15,0,0,0,0,0,0,0,14,1,15,38,8,46,61
10/28/2004,ADM,OK,ASW,CE,Federal Contract Tower,0,0,7,0,7,0,0,19,3,22,0,0,26,3,29,104,16,120,149
10/29/2004,ADM,OK,ASW,CE,Federal Contract Tower,0,0,13,0,13,0,0,1,0,1,0,0,14,0,14,56,0,56,70
10/30/2004,ADM,OK,ASW,CE,Federal Contract Tower,0,0,0,0,0,0,0,42,0,42,0,0,42,0,42,120,0,120,162
10/31/2004,ADM,OK,ASW,CE,Federal Contract Tower,0,0,0,2,2,0,0,0,0,0,0,0,0,2,2,0,12,12,14
11/01/2004,ADM,OK,ASW,CE,Federal Contract Tower,0,0,1,4,5,0,0,0,0,0,0,0,1,4,5,2,12,14,19
11/02/2004,ADM,OK,ASW,CE,Federal Contract Tower,0,0,4,2,6,0,0,5,0,5,0,0,9,2,11,0,6,6,17
11/03/2004,ADM,OK,ASW,CE,Federal Contract Tower,0,0,5,11,16,0,0,3,6,9,0,0,8,17,25,0,36,36,61
11/04/2004,ADM,OK,ASW,CE,Federal Contract Tower,0,0,6,6,12,0,0,18,7,25,0,0,24,13,37,90,78,168,205
11/05/2004,ADM,OK,ASW,CE,Federal Contract Tower,0,0,7,8,15,0,0,20,4,24,0,0,27,12,39,104,76,180,219
11/06/2004,ADM,OK,ASW,CE,Federal Contract Tower,0,0,2,0,2,0,0,22,0,22,0,0,24,0,24,22,0,22,46
11/07/2004,ADM,OK,ASW,CE,Federal Contract Tower,0,0,0,0,0,0,0,11,0,11,0,0,11,0,11,48,0,48,59
11/08/2004,ADM,OK,ASW,CE,Federal Contract Tower,0,0,0,1,1,0,0,18,9,27,0,0,18,10,28,40,12,52,80
11/09/2004,ADM,OK,ASW,CE,Federal Contract Tower,0,0,11,1,12,0,0,0,5,5,0,0,11,6,17,26,20,46,63
11/10/2004,ADM,OK,ASW,CE,Federal Contract Tower,0,0,0,4,4,0,0,0,0,0,0,0,0,4,4,2,6,8,12
11/11/2004,ADM,OK,ASW,CE,Federal Contract Tower,0,0,18,0,18,0,0,0,0,0,0,0,18,0,18,76,0,76,94
11/12/2004,ADM,OK,ASW,CE,Federal Contract Tower,0,0,6,2,8,0,0,14,9,23,0,0,20,11,31,94,72,166,197
11/13/2004,ADM,OK,ASW,CE,Federal Contract Tower,0,0,3,0,3,0,0,2,0,2,0,0,5,0,5,2,0,2,7
11/14/2004,ADM,OK,ASW,CE,Federal Contract Tower,0,0,4,2,6,0,0,0,0,0,0,0,4,2,6,12,4,16,22
11/15/2004,ADM,OK,ASW,CE,Federal Contract Tower,0,0,9,0,9,0,0,0,0,0,0,0,9,0,9,0,0,0,9
11/16/2004,ADM,OK,ASW,CE,Federal Contract Tower,0,0,6,0,6,0,0,0,0,0,0,0,6,0,6,0,0,0,6
11/17/2004,ADM,OK,ASW,CE,Federal Contract Tower,0,0,7,0,7,0,0,3,0,3,0,0,10,0,10,0,0,0,10
11/18/2004,ADM,OK,ASW,CE,Federal Contract Tower,0,0,10,4,14,0,0,0,2,2,0,0,10,6,16,48,18,66,82
11/19/2004,ADM,OK,ASW,CE,Federal Contract Tower,0,0,22,8,30,0,0,0,0,0,0,0,22,8,30,114,50,164,194
11/20/2004,ADM,OK,ASW,CE,Federal Contract Tower,0,0,2,0,2,0,0,2,2,4,0,0,4,2,6,0,0,0,6
11/21/2004,ADM,OK,ASW,CE,Federal Contract Tower,0,0,1,0,1,0,0,0,0,0,0,0,1,0,1,4,0,4,5
11/22/2004,ADM,OK,ASW,CE,Federal Contract Tower,0,0,13,0,13,0,0,0,0,0,0,0,13,0,13,0,0,0,13
11/23/2004,ADM,OK,ASW,CE,Federal Contract Tower,0,0,7,0,7,0,0,0,0,0,0,0,7,0,7,0,0,0,7
11/24/2004,ADM,OK,ASW,CE,Federal Contract Tower,0,0,3,0,3,0,0,13,0,13,0,0,16,0,16,26,0,26,42
11/25/2004,ADM,OK,ASW,CE,Federal Contract Tower,0,0,0,0,0,0,0,27,0,27,0,0,27,0,27,104,0,104,131
11/26/2004,ADM,OK,ASW,CE,Federal Contract Tower,0,0,0,0,0,0,0,16,0,16,0,0,16,0,16,66,0,66,82
11/27/2004,ADM,OK,ASW,CE,Federal Contract Tower,0,0,0,0,0,0,0,14,0,14,0,0,14,0,14,22,0,22,36
11/28/2004,ADM,OK,ASW,CE,Federal Contract Tower,0,0,6,0,6,0,0,1,0,1,0,0,7,0,7,26,0,26,33
11/29/2004,ADM,OK,ASW,CE,Federal Contract Tower,0,0,5,0,5,0,0,0,0,0,0,0,5,0,5,2,0,2,7
11/30/2004,ADM,OK,ASW,CE,Federal Contract Tower,0,0,0,1,1,0,0,9,4,13,0,0,9,5,14,16,24,40,54
12/01/2004,ADM,OK,ASW,CE,Federal Contract Tower,0,0,2,1,3,0,0,24,8,32,0,0,26,9,35,66,20,86,121
12/02/2004,ADM,OK,ASW,CE,Federal Contract Tower,0,0,6,2,8,0,0,26,3,29,0,0,32,5,37,122,38,160,197
12/03/2004,ADM,OK,ASW,CE,Federal Contract Tower,0,0,8,3,11,0,0,13,0,13,0,0,21,3,24,90,40,130,154
12/04/2004,ADM,OK,ASW,CE,Federal Contract Tower,0,0,2,0,2,0,0,42,5,47,0,0,44,5,49,74,28,102,151
12/05/2004,ADM,OK,ASW,CE,Federal Contract Tower,0,0,5,0,5,0,0,0,0,0,0,0,5,0,5,4,0,4,9
12/06/2004,ADM,OK,ASW,CE,Federal Contract Tower,0,0,4,0,4,0,0,0,1,1,0,0,4,1,5,0,0,0,5
12/07/2004,ADM,OK,ASW,CE,Federal Contract Tower,0,0,10,2,12,0,0,16,15,31,0,0,26,17,43,56,92,148,191
12/08/2004,ADM,OK,ASW,CE,Federal Contract Tower,0,0,10,1,11,0,0,18,19,37,0,0,28,20,48,30,44,74,122
12/09/2004,ADM,OK,ASW,CE,Federal Contract Tower,0,0,5,2,7,0,0,14,6,20,0,0,19,8,27,92,48,140,167
12/10/2004,ADM,OK,ASW,CE,Federal Contract Tower,0,0,12,2,14,0,0,14,3,17,0,0,26,5,31,92,38,130,161
12/11/2004,ADM,OK,ASW,CE,Federal Contract Tower,0,0,0,0,0,0,0,28,0,28,0,0,28,0,28,50,0,50,78
12/12/2004,ADM,OK,ASW,CE,Federal Contract Tower,0,0,4,2,6,0,0,13,0,13,0,0,17,2,19,36,8,44,63
12/13/2004,ADM,OK,ASW,CE,Federal Contract Tower,0,0,2,1,3,0,0,7,0,7,0,0,9,1,10,50,18,68,78
12/14/2004,ADM,OK,ASW,CE,Federal Contract Tower,0,0,8,2,10,0,0,11,8,19,0,0,19,10,29,26,34,60,89
12/15/2004,ADM,OK,ASW,CE,Federal Contract Tower,0,0,8,1,9,0,0,6,6,12,0,0,14,7,21,6,8,14,35
12/16/2004,ADM,OK,ASW,CE,Federal Contract Tower,0,0,10,2,12,0,0,15,11,26,0,0,25,13,38,14,27,41,79
12/17/2004,ADM,OK,ASW,CE,Federal Contract Tower,0,0,4,0,4,0,0,6,0,6,0,0,10,0,10,40,0,40,50
12/18/2004,ADM,OK,ASW,CE,Federal Contract Tower,0,0,8,4,12,0,0,0,0,0,0,0,8,4,12,36,16,52,64
12/19/2004,ADM,OK,ASW,CE,Federal Contract Tower,0,0,6,0,6,0,0,4,0,4,0,0,10,0,10,32,22,54,64
12/20/2004,ADM,OK,ASW,CE,Federal Contract Tower,0,0,2,2,4,0,0,8,0,8,0,0,10,2,12,20,4,24,36
12/21/2004,ADM,OK,ASW,CE,Federal Contract Tower,0,0,8,1,9,0,0,18,3,21,0,0,26,4,30,8,24,32,62
12/22/2004,ADM,OK,ASW,CE,Federal Contract Tower,0,2,0,0,2,0,0,0,0,0,0,2,0,0,2,0,0,0,2
12/23/2004,ADM,OK,ASW,CE,Federal Contract Tower,0,0,5,0,5,0,0,0,0,0,0,0,5,0,5,4,0,4,9
12/24/2004,ADM,OK,ASW,CE,Federal Contract Tower,0,0,0,0,0,0,0,5,0,5,0,0,5,0,5,3,0,3,8
12/25/2004,ADM,OK,ASW,CE,Federal Contract Tower,0,0,0,0,0,0,0,3,0,3,0,0,3,0,3,8,0,8,11
12/26/2004,ADM,OK,ASW,CE,Federal Contract Tower,0,0,4,0,4,0,0,3,0,3,0,0,7,0,7,10,0,10,17
12/27/2004,ADM,OK,ASW,CE,Federal Contract Tower,0,0,5,0,5,0,0,13,0,13,0,0,18,0,18,16,0,16,34
12/28/2004,ADM,OK,ASW,CE,Federal Contract Tower,0,0,10,0,10,0,0,0,0,0,0,0,10,0,10,6,0,6,16
12/29/2004,ADM,OK,ASW,CE,Federal Contract Tower,0,0,5,3,8,0,0,4,1,5,0,0,9,4,13,14,6,20,33
12/30/2004,ADM,OK,ASW,CE,Federal Contract Tower,0,0,9,0,9,0,0,3,0,3,0,0,12,0,12,50,0,50,62
12/31/2004,ADM,OK,ASW,CE,Federal Contract Tower,0,0,4,0,4,0,0,11,0,11,0,0,15,0,15,80,0,80,95
01/01/2005,ADM,OK,ASW,CE,Federal Contract Tower,0,0,0,0,0,0,0,1,0,1,0,0,1,0,1,2,0,2,3
01/02/2005,ADM,OK,ASW,CE,Federal Contract Tower,0,0,0,0,0,0,0,0,0,0,0,0,0,0,0,0,0,0,0
01/03/2005,ADM,OK,ASW,CE,Federal Contract Tower,0,0,2,0,2,0,0,0,0,0,0,0,2,0,2,0,0,0,2
01/04/2005,ADM,OK,ASW,CE,Federal Contract Tower,0,0,5,0,5,0,0,0,0,0,0,0,5,0,5,0,0,0,5
01/05/2005,ADM,OK,ASW,CE,Federal Contract Tower,0,0,4,0,4,0,0,0,0,0,0,0,4,0,4,0,0,0,4
01/06/2005,ADM,OK,ASW,CE,Federal Contract Tower,0,0,3,0,3,0,0,13,0,13,0,0,16,0,16,68,0,68,84
01/07/2005,ADM,OK,ASW,CE,Federal Contract Tower,0,0,3,0,3,0,0,1,0,1,0,0,4,0,4,16,0,16,20
01/08/2005,ADM,OK,ASW,CE,Federal Contract Tower,0,0,10,0,10,0,0,8,0,8,0,0,18,0,18,44,0,44,62
01/09/2005,ADM,OK,ASW,CE,Federal Contract Tower,0,0,3,0,3,0,0,10,0,10,0,0,13,0,13,36,0,36,49
01/10/2005,ADM,OK,ASW,CE,Federal Contract Tower,0,0,6,0,6,0,0,0,0,0,0,0,6,0,6,0,0,0,6
01/11/2005,ADM,OK,ASW,CE,Federal Contract Tower,0,0,9,0,9,0,0,2,0,2,0,0,11,0,11,8,0,8,19
01/12/2005,ADM,OK,ASW,CE,Federal Contract Tower,0,0,7,1,8,0,0,0,3,3,0,0,7,4,11,0,8,8,19
01/13/2005,ADM,OK,ASW,CE,Federal Contract Tower,0,0,3,0,3,0,0,10,2,12,0,0,13,2,15,72,16,88,103
01/14/2005,ADM,OK,ASW,CE,Federal Contract Tower,0,0,0,0,0,0,0,4,0,4,0,0,4,0,4,16,0,16,20
01/15/2005,ADM,OK,ASW,CE,Federal Contract Tower,0,0,10,0,10,0,0,21,0,21,0,0,31,0,31,142,0,142,173
01/16/2005,ADM,OK,ASW,CE,Federal Contract Tower,0,0,1,0,1,0,0,16,0,16,0,0,17,0,17,30,0,30,47
01/17/2005,ADM,OK,ASW,CE,Federal Contract Tower,0,0,5,0,5,0,0,9,0,9,0,0,14,0,14,60,0,60,74
01/18/2005,ADM,OK,ASW,CE,Federal Contract Tower,0,0,4,1,5,0,0,9,8,17,0,0,13,9,22,16,36,52,74
01/19/2005,ADM,OK,ASW,CE,Federal Contract Tower,0,0,7,0,7,0,0,29,10,39,0,0,36,10,46,90,22,112,158
01/20/2005,ADM,OK,ASW,CE,Federal Contract Tower,0,0,10,0,10,0,0,6,0,6,0,0,16,0,16,88,0,88,104
01/21/2005,ADM,OK,ASW,CE,Federal Contract Tower,0,0,7,5,12,0,0,24,0,24,0,0,31,5,36,159,78,237,273
01/22/2005,ADM,OK,ASW,CE,Federal Contract Tower,0,0,0,1,1,0,0,9,0,9,0,0,9,1,10,40,10,50,60
01/23/2005,ADM,OK,ASW,CE,Federal Contract Tower,0,0,6,3,9,0,0,20,6,26,0,0,26,9,35,20,36,56,91
01/24/2005,ADM,OK,ASW,CE,Federal Contract Tower,0,0,0,2,2,0,0,7,0,7,0,0,7,2,9,15,0,15,24
01/25/2005,ADM,OK,ASW,CE,Federal Contract Tower,0,0,8,2,10,0,0,14,4,18,0,0,22,6,28,18,28,46,74
01/26/2005,ADM,OK,ASW,CE,Federal Contract Tower,0,0,6,10,16,0,0,15,2,17,0,0,21,12,33,138,78,216,249
01/27/2005,ADM,OK,ASW,CE,Federal Contract Tower,0,0,8,0,8,0,0,9,2,11,0,0,17,2,19,38,10,48,67
01/28/2005,ADM,OK,ASW,CE,Federal Contract Tower,0,0,1,2,3,0,0,0,0,0,0,0,1,2,3,4,20,24,27
01/29/2005,ADM,OK,ASW,CE,Federal Contract Tower,0,0,2,0,2,0,0,1,0,1,0,0,3,0,3,4,0,4,7
01/30/2005,ADM,OK,ASW,CE,Federal Contract Tower,0,0,2,0,2,0,0,0,0,0,0,0,2,0,2,0,0,0,2
01/31/2005,ADM,OK,ASW,CE,Federal Contract Tower,0,0,10,4,14,0,0,0,0,0,0,0,10,4,14,0,6,6,20
02/01/2005,ADM,OK,ASW,CE,Federal Contract Tower,0,0,5,0,5,0,0,0,0,0,0,0,5,0,5,20,0,20,25
02/02/2005,ADM,OK,ASW,CE,Federal Contract Tower,0,0,2,3,5,0,0,0,0,0,0,0,2,3,5,8,22,30,35
02/03/2005,ADM,OK,ASW,CE,Federal Contract Tower,0,0,9,0,9,0,0,19,10,29,0,0,28,10,38,129,94,223,261
02/04/2005,ADM,OK,ASW,CE,Federal Contract Tower,0,0,6,2,8,0,0,20,3,23,0,0,26,5,31,136,34,170,201
02/05/2005,ADM,OK,ASW,CE,Federal Contract Tower,0,0,6,0,6,0,0,13,0,13,0,0,19,0,19,86,0,86,105
02/06/2005,ADM,OK,ASW,CE,Federal Contract Tower,0,0,5,0,5,0,0,2,0,2,0,0,7,0,7,2,0,2,9
02/07/2005,ADM,OK,ASW,CE,Federal Contract Tower,0,0,10,0,10,0,0,0,0,0,0,0,10,0,10,2,0,2,12
02/08/2005,ADM,OK,ASW,CE,Federal Contract Tower,0,0,8,0,8,0,0,1,0,1,0,0,9,0,9,2,0,2,11
02/09/2005,ADM,OK,ASW,CE,Federal Contract Tower,0,0,1,0,1,0,0,13,14,27,0,0,14,14,28,24,24,48,76
02/10/2005,ADM,OK,ASW,CE,Federal Contract Tower,0,0,11,3,14,0,0,13,10,23,0,0,24,13,37,120,158,278,315
02/11/2005,ADM,OK,ASW,CE,Federal Contract Tower,0,0,8,3,11,0,0,13,5,18,0,0,21,8,29,112,82,194,223
02/12/2005,ADM,OK,ASW,CE,Federal Contract Tower,0,0,2,1,3,0,0,4,0,4,0,0,6,1,7,12,2,14,21
02/13/2005,ADM,OK,ASW,CE,Federal Contract Tower,0,0,6,2,8,0,0,12,0,12,0,0,18,2,20,12,12,24,44
02/14/2005,ADM,OK,ASW,CE,Federal Contract Tower,0,0,4,0,4,0,0,7,0,7,0,0,11,0,11,16,8,24,35
02/15/2005,ADM,OK,ASW,CE,Federal Contract Tower,0,0,2,3,5,0,0,9,3,12,0,0,11,6,17,14,15,29,46
02/16/2005,ADM,OK,ASW,CE,Federal Contract Tower,0,0,3,3,6,0,0,13,6,19,0,0,16,9,25,54,58,112,137
02/17/2005,ADM,OK,ASW,CE,Federal Contract Tower,0,0,7,0,7,0,0,11,0,11,0,0,18,0,18,102,0,102,120
02/18/2005,ADM,OK,ASW,CE,Federal Contract Tower,0,0,2,0,2,0,0,2,0,2,0,0,4,0,4,22,0,22,26
02/19/2005,ADM,OK,ASW,CE,Federal Contract Tower,0,0,2,0,2,0,0,3,0,3,0,0,5,0,5,22,0,22,27
02/20/2005,ADM,OK,ASW,CE,Federal Contract Tower,0,0,3,0,3,0,0,0,0,0,0,0,3,0,3,12,0,12,15
02/21/2005,ADM,OK,ASW,CE,Federal Contract Tower,0,0,3,0,3,0,0,15,0,15,0,0,18,0,18,24,0,24,42
02/22/2005,ADM,OK,ASW,CE,Federal Contract Tower,0,0,0,1,1,0,0,4,3,7,0,0,4,4,8,4,8,12,20
02/23/2005,ADM,OK,ASW,CE,Federal Contract Tower,0,0,9,3,12,0,0,0,0,0,0,0,9,3,12,36,28,64,76
02/24/2005,ADM,OK,ASW,CE,Federal Contract Tower,0,0,12,3,15,0,0,1,5,6,0,0,13,8,21,62,40,102,123
02/25/2005,ADM,OK,ASW,CE,Federal Contract Tower,0,0,4,18,22,0,0,14,9,23,0,0,18,27,45,88,122,210,255
02/26/2005,ADM,OK,ASW,CE,Federal Contract Tower,0,2,3,0,5,0,0,21,0,21,0,2,24,0,26,74,0,74,100
02/27/2005,ADM,OK,ASW,CE,Federal Contract Tower,0,0,12,0,12,0,0,4,0,4,0,0,16,0,16,26,0,26,42
02/28/2005,ADM,OK,ASW,CE,Federal Contract Tower,0,0,2,0,2,0,0,13,0,13,0,0,15,0,15,31,0,31,46
03/01/2005,ADM,OK,ASW,CE,Federal Contract Tower,0,0,4,0,4,0,0,19,2,21,0,0,23,2,25,16,4,20,45
03/02/2005,ADM,OK,ASW,CE,Federal Contract Tower,0,0,3,0,3,0,0,0,2,2,0,0,3,2,5,2,2,4,9
03/03/2005,ADM,OK,ASW,CE,Federal Contract Tower,0,0,2,0,2,0,0,5,0,5,0,0,7,0,7,34,0,34,41
03/04/2005,ADM,OK,ASW,CE,Federal Contract Tower,0,0,1,1,2,0,0,9,2,11,0,0,10,3,13,62,28,90,103
03/05/2005,ADM,OK,ASW,CE,Federal Contract Tower,0,0,4,0,4,0,0,14,0,14,0,0,18,0,18,10,0,10,28
03/06/2005,ADM,OK,ASW,CE,Federal Contract Tower,0,0,6,0,6,0,0,0,0,0,0,0,6,0,6,52,0,52,58
03/07/2005,ADM,OK,ASW,CE,Federal Contract Tower,0,0,2,7,9,0,0,12,9,21,0,0,14,16,30,72,110,182,212
03/08/2005,ADM,OK,ASW,CE,Federal Contract Tower,0,0,2,7,9,0,0,11,7,18,0,0,13,14,27,80,98,178,205
03/09/2005,ADM,OK,ASW,CE,Federal Contract Tower,0,0,4,4,8,0,0,10,9,19,0,0,14,13,27,70,104,174,201
03/10/2005,ADM,OK,ASW,CE,Federal Contract Tower,0,0,2,2,4,0,0,12,3,15,0,0,14,5,19,78,56,134,153
03/11/2005,ADM,OK,ASW,CE,Federal Contract Tower,0,0,7,0,7,0,0,7,0,7,0,0,14,0,14,68,0,68,82
03/12/2005,ADM,OK,ASW,CE,Federal Contract Tower,0,0,0,0,0,0,0,9,0,9,0,0,9,0,9,26,0,26,35
03/13/2005,ADM,OK,ASW,CE,Federal Contract Tower,0,0,4,1,5,0,0,6,1,7,0,0,10,2,12,18,6,24,36
03/14/2005,ADM,OK,ASW,CE,Federal Contract Tower,0,0,12,0,12,0,0,3,0,3,0,0,15,0,15,90,0,90,105
03/15/2005,ADM,OK,ASW,CE,Federal Contract Tower,0,0,10,5,15,0,0,10,7,17,0,0,20,12,32,18,30,48,80
03/16/2005,ADM,OK,ASW,CE,Federal Contract Tower,0,0,1,10,11,1,0,12,2,15,1,0,13,12,26,18,36,54,80
03/17/2005,ADM,OK,ASW,CE,Federal Contract Tower,0,0,5,0,5,0,0,22,6,28,0,0,27,6,33,134,46,180,213
03/18/2005,ADM,OK,ASW,CE,Federal Contract Tower,0,0,13,1,14,0,0,21,0,21,0,0,34,1,35,180,20,200,235
03/19/2005,ADM,OK,ASW,CE,Federal Contract Tower,0,0,0,0,0,0,0,27,3,30,0,0,27,3,30,124,12,136,166
03/20/2005,ADM,OK,ASW,CE,Federal Contract Tower,0,0,5,0,5,0,0,25,0,25,0,0,30,0,30,62,0,62,92
03/21/2005,ADM,OK,ASW,CE,Federal Contract Tower,0,0,6,0,6,0,0,0,0,0,0,0,6,0,6,4,46,50,56
03/22/2005,ADM,OK,ASW,CE,Federal Contract Tower,0,0,11,3,14,0,0,4,0,4,0,0,15,3,18,18,6,24,42
03/23/2005,ADM,OK,ASW,CE,Federal Contract Tower,0,0,6,0,6,0,0,16,0,16,0,0,22,0,22,40,0,40,62
03/24/2005,ADM,OK,ASW,CE,Federal Contract Tower,0,0,7,0,7,0,0,10,4,14,0,0,17,4,21,92,22,114,135
03/25/2005,ADM,OK,ASW,CE,Federal Contract Tower,0,0,5,5,10,0,0,16,0,16,0,0,21,5,26,126,38,164,190
03/26/2005,ADM,OK,ASW,CE,Federal Contract Tower,0,0,0,0,0,0,0,0,0,0,0,0,0,0,0,0,0,0,0
03/27/2005,ADM,OK,ASW,CE,Federal Contract Tower,0,0,2,0,2,0,0,3,0,3,0,0,5,0,5,0,0,0,5
03/28/2005,ADM,OK,ASW,CE,Federal Contract Tower,0,0,2,2,4,0,0,17,1,18,0,0,19,3,22,36,0,36,58
03/29/2005,ADM,OK,ASW,CE,Federal Contract Tower,0,0,7,2,9,0,0,14,5,19,0,0,21,7,28,8,20,28,56
03/30/2005,ADM,OK,ASW,CE,Federal Contract Tower,0,0,2,5,7,0,0,14,12,26,0,0,16,17,33,16,34,50,83
03/31/2005,ADM,OK,ASW,CE,Federal Contract Tower,0,0,5,0,5,0,0,14,4,18,0,0,19,4,23,78,22,100,123
04/01/2005,ADM,OK,ASW,CE,Federal Contract Tower,0,0,5,2,7,0,0,14,2,16,0,0,19,4,23,78,22,100,123
04/02/2005,ADM,OK,ASW,CE,Federal Contract Tower,0,0,0,0,0,0,0,23,1,24,0,0,23,1,24,124,4,128,152
04/03/2005,ADM,OK,ASW,CE,Federal Contract Tower,0,0,0,0,0,0,0,18,0,18,0,0,18,0,18,6,0,6,24
04/04/2005,ADM,OK,ASW,CE,Federal Contract Tower,0,0,2,0,2,0,0,8,5,13,0,0,10,5,15,2,26,28,43
04/05/2005,ADM,OK,ASW,CE,Federal Contract Tower,0,0,2,2,4,0,0,8,11,19,0,0,10,13,23,2,44,46,69
04/06/2005,ADM,OK,ASW,CE,Federal Contract Tower,0,2,1,3,6,0,0,9,8,17,0,2,10,11,23,24,48,72,95
04/07/2005,ADM,OK,ASW,CE,Federal Contract Tower,0,0,7,0,7,0,0,13,7,20,0,0,20,7,27,76,72,148,175
04/08/2005,ADM,OK,ASW,CE,Federal Contract Tower,0,0,6,0,6,0,0,32,0,32,0,0,38,0,38,180,0,180,218
04/09/2005,ADM,OK,ASW,CE,Federal Contract Tower,0,0,2,0,2,0,0,14,0,14,0,0,16,0,16,74,0,74,90
04/10/2005,ADM,OK,ASW,CE,Federal Contract Tower,0,0,0,0,0,0,0,0,0,0,0,0,0,0,0,0,0,0,0
04/11/2005,ADM,OK,ASW,CE,Federal Contract Tower,0,0,0,3,3,0,0,8,5,13,0,0,8,8,16,50,78,128,144
04/12/2005,ADM,OK,ASW,CE,Federal Contract Tower,0,0,4,3,7,0,0,14,15,29,0,0,18,18,36,12,66,78,114
04/13/2005,ADM,OK,ASW,CE,Federal Contract Tower,0,0,0,0,0,0,0,16,0,16,0,0,16,0,16,62,0,62,78
04/14/2005,ADM,OK,ASW,CE,Federal Contract Tower,0,0,6,0,6,0,0,18,1,19,0,0,24,1,25,130,4,134,159
04/15/2005,ADM,OK,ASW,CE,Federal Contract Tower,0,0,5,0,5,0,0,23,0,23,0,0,28,0,28,146,0,146,174
04/16/2005,ADM,OK,ASW,CE,Federal Contract Tower,0,0,2,1,3,0,0,33,3,36,0,0,35,4,39,166,34,200,239
04/17/2005,ADM,OK,ASW,CE,Federal Contract Tower,0,0,2,0,2,0,0,12,0,12,0,0,14,0,14,52,0,52,66
04/18/2005,ADM,OK,ASW,CE,Federal Contract Tower,0,0,4,1,5,0,0,2,4,6,0,0,6,5,11,34,48,82,93
04/19/2005,ADM,OK,ASW,CE,Federal Contract Tower,0,0,4,0,4,0,0,3,2,5,0,0,7,2,9,6,8,14,23
04/20/2005,ADM,OK,ASW,CE,Federal Contract Tower,0,0,3,0,3,0,0,1,0,1,0,0,4,0,4,6,0,6,10
04/21/2005,ADM,OK,ASW,CE,Federal Contract Tower,0,0,4,0,4,0,0,5,0,5,0,0,9,0,9,54,0,54,63
04/22/2005,ADM,OK,ASW,CE,Federal Contract Tower,0,0,7,2,9,0,0,11,0,11,0,0,18,2,20,98,30,128,148
04/23/2005,ADM,OK,ASW,CE,Federal Contract Tower,0,0,5,0,5,0,0,9,0,9,0,0,14,0,14,76,0,76,90
04/24/2005,ADM,OK,ASW,CE,Federal Contract Tower,0,0,3,0,3,0,0,19,0,19,0,0,22,0,22,98,0,98,120
04/25/2005,ADM,OK,ASW,CE,Federal Contract Tower,0,0,0,0,0,0,0,4,2,6,0,0,4,2,6,26,18,44,50
04/26/2005,ADM,OK,ASW,CE,Federal Contract Tower,0,0,1,2,3,0,0,20,8,28,0,0,21,10,31,20,20,40,71
04/27/2005,ADM,OK,ASW,CE,Federal Contract Tower,0,0,9,14,23,0,0,14,4,18,0,0,23,18,41,58,18,76,117
04/28/2005,ADM,OK,ASW,CE,Federal Contract Tower,0,0,9,0,9,0,0,13,0,13,0,0,22,0,22,112,0,112,134
04/29/2005,ADM,OK,ASW,CE,Federal Contract Tower,0,0,0,2,2,0,0,8,0,8,0,0,8,2,10,38,18,56,66
04/30/2005,ADM,OK,ASW,CE,Federal Contract Tower,0,0,3,0,3,0,0,16,0,16,0,0,19,0,19,108,0,108,127
05/01/2005,ADM,OK,ASW,CE,Federal Contract Tower,0,0,6,0,6,0,0,0,0,0,0,0,6,0,6,56,2,58,64
05/02/2005,ADM,OK,ASW,CE,Federal Contract Tower,0,0,1,0,1,0,0,5,0,5,0,0,6,0,6,34,0,34,40
05/03/2005,ADM,OK,ASW,CE,Federal Contract Tower,0,0,7,8,15,0,0,3,6,9,0,0,10,14,24,0,24,24,48
05/04/2005,ADM,OK,ASW,CE,Federal Contract Tower,0,0,0,4,4,0,0,4,3,7,0,0,4,7,11,8,8,16,27
05/05/2005,ADM,OK,ASW,CE,Federal Contract Tower,0,0,9,0,9,0,0,3,0,3,0,0,12,0,12,74,0,74,86
05/06/2005,ADM,OK,ASW,CE,Federal Contract Tower,0,0,3,0,3,0,0,23,6,29,0,0,26,6,32,132,38,170,202
05/07/2005,ADM,OK,ASW,CE,Federal Contract Tower,0,0,10,0,10,0,0,7,10,17,0,0,17,10,27,84,60,144,171
05/08/2005,ADM,OK,ASW,CE,Federal Contract Tower,0,0,2,0,2,0,0,14,0,14,0,0,16,0,16,92,0,92,108
05/09/2005,ADM,OK,ASW,CE,Federal Contract Tower,0,0,0,0,0,0,0,15,0,15,0,0,15,0,15,88,0,88,103
05/10/2005,ADM,OK,ASW,CE,Federal Contract Tower,0,0,1,0,1,0,0,14,2,16,0,0,15,2,17,4,12,16,33
05/11/2005,ADM,OK,ASW,CE,Federal Contract Tower,0,0,0,2,2,0,0,12,0,12,0,0,12,2,14,60,4,64,78
05/12/2005,ADM,OK,ASW,CE,Federal Contract Tower,0,0,2,4,6,0,0,5,0,5,0,0,7,4,11,40,76,116,127
05/13/2005,ADM,OK,ASW,CE,Federal Contract Tower,0,0,3,1,4,0,0,3,0,3,0,0,6,1,7,34,16,50,57
05/14/2005,ADM,OK,ASW,CE,Federal Contract Tower,0,0,0,3,3,0,0,6,9,15,0,0,6,12,18,64,78,142,160
05/15/2005,ADM,OK,ASW,CE,Federal Contract Tower,0,0,4,0,4,0,0,21,0,21,0,0,25,0,25,20,0,20,45
05/16/2005,ADM,OK,ASW,CE,Federal Contract Tower,0,0,2,0,2,0,0,12,0,12,0,0,14,0,14,26,0,26,40
05/17/2005,ADM,OK,ASW,CE,Federal Contract Tower,0,0,2,1,3,0,0,19,1,20,0,0,21,2,23,118,12,130,153
05/18/2005,ADM,OK,ASW,CE,Federal Contract Tower,0,0,4,3,7,0,0,0,3,3,0,0,4,6,10,8,40,48,58
05/19/2005,ADM,OK,ASW,CE,Federal Contract Tower,0,0,2,4,6,0,0,16,0,16,0,0,18,4,22,122,49,171,193
05/20/2005,ADM,OK,ASW,CE,Federal Contract Tower,0,0,1,3,4,0,0,18,0,18,0,0,19,3,22,130,26,156,178
05/21/2005,ADM,OK,ASW,CE,Federal Contract Tower,0,0,1,2,3,0,0,17,0,17,0,0,18,2,20,96,18,114,134
05/22/2005,ADM,OK,ASW,CE,Federal Contract Tower,0,0,6,0,6,0,0,12,0,12,0,0,18,0,18,98,0,98,116
05/23/2005,ADM,OK,ASW,CE,Federal Contract Tower,0,0,4,0,4,0,0,6,0,6,0,0,10,0,10,26,0,26,36
05/24/2005,ADM,OK,ASW,CE,Federal Contract Tower,0,0,1,0,1,0,0,13,5,18,0,0,14,5,19,42,32,74,93
05/25/2005,ADM,OK,ASW,CE,Federal Contract Tower,0,0,0,0,0,0,0,11,0,11,0,0,11,0,11,30,0,30,41
05/26/2005,ADM,OK,ASW,CE,Federal Contract Tower,0,0,2,0,2,0,0,0,0,0,0,0,2,0,2,15,0,15,17
05/27/2005,ADM,OK,ASW,CE,Federal Contract Tower,0,0,0,0,0,0,0,12,0,12,0,0,12,0,12,30,0,30,42
05/28/2005,ADM,OK,ASW,CE,Federal Contract Tower,0,0,1,0,1,0,0,11,0,11,0,0,12,0,12,32,0,32,44
05/29/2005,ADM,OK,ASW,CE,Federal Contract Tower,0,0,4,0,4,0,0,14,0,14,0,0,18,0,18,6,0,6,24
05/30/2005,ADM,OK,ASW,CE,Federal Contract Tower,0,0,2,0,2,0,0,8,0,8,0,0,10,0,10,1,0,1,11
05/31/2005,ADM,OK,ASW,CE,Federal Contract Tower,0,0,7,1,8,0,0,5,1,6,0,0,12,2,14,14,6,20,34
06/01/2005,ADM,OK,ASW,CE,Federal Contract Tower,0,0,4,0,4,0,0,10,0,10,0,0,14,0,14,6,0,6,20
06/02/2005,ADM,OK,ASW,CE,Federal Contract Tower,0,0,6,0,6,0,0,14,0,14,0,0,20,0,20,77,0,77,97
06/03/2005,ADM,OK,ASW,CE,Federal Contract Tower,0,0,4,0,4,0,0,10,0,10,0,0,14,0,14,11,0,11,25
06/04/2005,ADM,OK,ASW,CE,Federal Contract Tower,0,0,1,0,1,0,0,3,0,3,0,0,4,0,4,11,0,11,15
06/05/2005,ADM,OK,ASW,CE,Federal Contract Tower,0,0,0,0,0,0,0,5,0,5,0,0,5,0,5,4,0,4,9
06/06/2005,ADM,OK,ASW,CE,Federal Contract Tower,0,0,7,0,7,0,0,39,2,41,0,0,46,2,48,10,0,10,58
06/07/2005,ADM,OK,ASW,CE,Federal Contract Tower,0,0,4,1,5,0,0,0,3,3,0,0,4,4,8,4,12,16,24
06/08/2005,ADM,OK,ASW,CE,Federal Contract Tower,0,0,2,2,4,0,0,9,0,9,0,0,11,2,13,10,36,46,59
06/09/2005,ADM,OK,ASW,CE,Federal Contract Tower,0,0,0,0,0,0,0,15,0,15,0,0,15,0,15,88,0,88,103
06/10/2005,ADM,OK,ASW,CE,Federal Contract Tower,0,0,8,0,8,0,0,12,6,18,0,0,20,6,26,36,22,58,84
06/11/2005,ADM,OK,ASW,CE,Federal Contract Tower,0,0,12,27,39,0,0,52,1,53,0,0,64,28,92,40,42,82,174
06/12/2005,ADM,OK,ASW,CE,Federal Contract Tower,0,0,7,2,9,0,0,11,0,11,0,0,18,2,20,49,6,55,75
06/13/2005,ADM,OK,ASW,CE,Federal Contract Tower,0,0,4,0,4,0,0,26,6,32,0,0,30,6,36,30,12,42,78
06/14/2005,ADM,OK,ASW,CE,Federal Contract Tower,0,0,7,8,15,0,0,13,3,16,0,0,20,11,31,10,32,42,73
06/15/2005,ADM,OK,ASW,CE,Federal Contract Tower,0,0,4,2,6,0,0,16,8,24,0,0,20,10,30,102,30,132,162
06/16/2005,ADM,OK,ASW,CE,Federal Contract Tower,0,0,3,0,3,0,0,23,4,27,0,0,26,4,30,38,13,51,81
06/17/2005,ADM,OK,ASW,CE,Federal Contract Tower,0,0,0,0,0,0,0,28,2,30,0,0,28,2,30,44,4,48,78
06/18/2005,ADM,OK,ASW,CE,Federal Contract Tower,0,0,2,0,2,0,0,0,0,0,0,0,2,0,2,27,0,27,29
06/19/2005,ADM,OK,ASW,CE,Federal Contract Tower,0,0,1,0,1,0,0,13,0,13,0,0,14,0,14,24,30,54,68
06/20/2005,ADM,OK,ASW,CE,Federal Contract Tower,0,0,9,0,9,0,0,3,0,3,0,0,12,0,12,108,3,111,123
06/21/2005,ADM,OK,ASW,CE,Federal Contract Tower,0,0,10,2,12,0,0,13,0,13,0,0,23,2,25,116,12,128,153
06/22/2005,ADM,OK,ASW,CE,Federal Contract Tower,0,0,1,6,7,0,0,29,6,35,0,0,30,12,42,56,26,82,124
06/23/2005,ADM,OK,ASW,CE,Federal Contract Tower,0,0,1,0,1,0,0,9,0,9,0,0,10,0,10,19,6,25,35
06/24/2005,ADM,OK,ASW,CE,Federal Contract Tower,0,0,3,4,7,0,0,32,0,32,0,0,35,4,39,58,48,106,145
06/25/2005,ADM,OK,ASW,CE,Federal Contract Tower,0,0,5,0,5,0,0,3,0,3,0,0,8,0,8,67,0,67,75
06/26/2005,ADM,OK,ASW,CE,Federal Contract Tower,0,1,3,0,4,0,0,6,0,6,0,1,9,0,10,26,0,26,36
06/27/2005,ADM,OK,ASW,CE,Federal Contract Tower,0,0,2,4,6,0,0,14,0,14,0,0,16,4,20,62,12,74,94
06/28/2005,ADM,OK,ASW,CE,Federal Contract Tower,0,0,1,1,2,0,0,0,24,24,0,0,1,25,26,38,32,70,96
06/29/2005,ADM,OK,ASW,CE,Federal Contract Tower,0,0,7,4,11,0,0,23,5,28,0,0,30,9,39,32,34,66,105
06/30/2005,ADM,OK,ASW,CE,Federal Contract Tower,0,0,11,0,11,0,0,19,0,19,0,0,30,0,30,77,10,87,117
07/01/2005,ADM,OK,ASW,CE,Federal Contract Tower,0,0,2,0,2,0,0,11,0,11,0,0,13,0,13,14,0,14,27
07/02/2005,ADM,OK,ASW,CE,Federal Contract Tower,0,0,18,0,18,0,0,0,0,0,0,0,18,0,18,18,0,18,36
07/03/2005,ADM,OK,ASW,CE,Federal Contract Tower,0,0,4,0,4,0,0,14,0,14,0,0,18,0,18,38,0,38,56
07/04/2005,ADM,OK,ASW,CE,Federal Contract Tower,0,0,0,0,0,0,0,4,0,4,0,0,4,0,4,7,0,7,11
07/05/2005,ADM,OK,ASW,CE,Federal Contract Tower,0,0,2,3,5,0,0,7,0,7,0,0,9,3,12,18,12,30,42
07/06/2005,ADM,OK,ASW,CE,Federal Contract Tower,0,0,4,2,6,0,0,12,4,16,0,0,16,6,22,20,18,38,60
07/07/2005,ADM,OK,ASW,CE,Federal Contract Tower,0,0,12,0,12,0,0,7,2,9,0,0,19,2,21,42,22,64,85
07/08/2005,ADM,OK,ASW,CE,Federal Contract Tower,0,0,3,0,3,0,0,22,0,22,0,0,25,0,25,29,0,29,54
07/09/2005,ADM,OK,ASW,CE,Federal Contract Tower,0,0,0,0,0,0,0,16,0,16,0,0,16,0,16,17,0,17,33
07/10/2005,ADM,OK,ASW,CE,Federal Contract Tower,0,0,4,0,4,0,0,0,0,0,0,0,4,0,4,25,0,25,29
07/11/2005,ADM,OK,ASW,CE,Federal Contract Tower,0,0,1,1,2,0,0,13,1,14,0,0,14,2,16,35,1,36,52
07/12/2005,ADM,OK,ASW,CE,Federal Contract Tower,0,0,5,2,7,0,0,13,0,13,0,0,18,2,20,20,28,48,68
07/13/2005,ADM,OK,ASW,CE,Federal Contract Tower,0,0,6,3,9,0,0,11,9,20,0,0,17,12,29,14,40,54,83
07/14/2005,ADM,OK,ASW,CE,Federal Contract Tower,0,0,9,0,9,1,0,8,0,9,1,0,17,0,18,17,0,17,35
07/15/2005,ADM,OK,ASW,CE,Federal Contract Tower,0,0,17,1,18,0,0,11,0,11,0,0,28,1,29,10,0,10,39
07/16/2005,ADM,OK,ASW,CE,Federal Contract Tower,0,0,6,0,6,0,0,26,0,26,0,0,32,0,32,28,0,28,60
07/17/2005,ADM,OK,ASW,CE,Federal Contract Tower,0,0,5,0,5,0,0,7,0,7,0,0,12,0,12,28,28,56,68
07/18/2005,ADM,OK,ASW,CE,Federal Contract Tower,0,0,4,8,12,0,0,0,0,0,0,0,4,8,12,20,8,28,40
07/19/2005,ADM,OK,ASW,CE,Federal Contract Tower,0,0,6,1,7,0,0,18,13,31,0,0,24,14,38,14,44,58,96
07/20/2005,ADM,OK,ASW,CE,Federal Contract Tower,0,0,15,4,19,0,0,16,4,20,0,0,31,8,39,86,36,122,161
07/21/2005,ADM,OK,ASW,CE,Federal Contract Tower,0,0,4,6,10,0,0,10,0,10,0,0,14,6,20,62,50,112,132
07/22/2005,ADM,OK,ASW,CE,Federal Contract Tower,0,0,21,0,21,0,0,4,0,4,0,0,25,0,25,16,0,16,41
07/23/2005,ADM,OK,ASW,CE,Federal Contract Tower,0,0,25,0,25,0,0,7,0,7,0,0,32,0,32,18,0,18,50
07/24/2005,ADM,OK,ASW,CE,Federal Contract Tower,0,0,0,0,0,0,0,4,0,4,0,0,4,0,4,14,0,14,18
07/25/2005,ADM,OK,ASW,CE,Federal Contract Tower,0,0,5,3,8,0,0,15,1,16,0,0,20,4,24,60,8,68,92
07/26/2005,ADM,OK,ASW,CE,Federal Contract Tower,0,0,4,1,5,0,0,16,12,28,0,0,20,13,33,15,20,35,68
07/27/2005,ADM,OK,ASW,CE,Federal Contract Tower,0,0,13,1,14,0,0,22,15,37,0,0,35,16,51,54,40,94,145
07/28/2005,ADM,OK,ASW,CE,Federal Contract Tower,0,0,18,0,18,0,0,0,0,0,0,0,18,0,18,78,7,85,103
07/29/2005,ADM,OK,ASW,CE,Federal Contract Tower,0,0,18,0,18,0,0,0,0,0,0,0,18,0,18,78,7,85,103
07/30/2005,ADM,OK,ASW,CE,Federal Contract Tower,0,0,3,0,3,0,0,13,0,13,0,0,16,0,16,36,0,36,52
07/31/2005,ADM,OK,ASW,CE,Federal Contract Tower,0,0,2,0,2,0,0,8,0,8,0,0,10,0,10,15,0,15,25
08/01/2005,ADM,OK,ASW,CE,Federal Contract Tower,0,0,5,0,5,0,0,15,0,15,0,0,20,0,20,46,4,50,70
08/02/2005,ADM,OK,ASW,CE,Federal Contract Tower,0,0,1,2,3,0,0,31,6,37,0,0,32,8,40,40,18,58,98
08/03/2005,ADM,OK,ASW,CE,Federal Contract Tower,0,0,5,8,13,0,0,11,0,11,0,0,16,8,24,30,16,46,70
08/04/2005,ADM,OK,ASW,CE,Federal Contract Tower,0,0,15,0,15,0,0,5,0,5,0,0,20,0,20,10,0,10,30
08/05/2005,ADM,OK,ASW,CE,Federal Contract Tower,0,0,14,8,22,0,0,6,0,6,0,0,20,8,28,34,16,50,78
08/06/2005,ADM,OK,ASW,CE,Federal Contract Tower,0,0,6,0,6,0,0,10,0,10,0,0,16,0,16,9,0,9,25
08/07/2005,ADM,OK,ASW,CE,Federal Contract Tower,0,0,1,0,1,0,0,22,0,22,0,0,23,0,23,16,0,16,39
08/08/2005,ADM,OK,ASW,CE,Federal Contract Tower,0,0,3,0,3,0,0,18,6,24,0,0,21,6,27,44,2,46,73
08/09/2005,ADM,OK,ASW,CE,Federal Contract Tower,0,0,5,1,6,0,0,25,3,28,0,0,30,4,34,24,12,36,70
08/10/2005,ADM,OK,ASW,CE,Federal Contract Tower,0,0,5,1,6,0,0,4,7,11,0,0,9,8,17,28,24,52,69
08/11/2005,ADM,OK,ASW,CE,Federal Contract Tower,0,0,11,0,11,0,0,16,0,16,0,0,27,0,27,59,0,59,86
08/12/2005,ADM,OK,ASW,CE,Federal Contract Tower,0,0,18,2,20,0,0,17,0,17,0,0,35,2,37,35,6,41,78
08/13/2005,ADM,OK,ASW,CE,Federal Contract Tower,0,0,12,0,12,0,0,0,0,0,0,0,12,0,12,15,0,15,27
08/14/2005,ADM,OK,ASW,CE,Federal Contract Tower,0,0,2,4,6,0,0,10,0,10,0,0,12,4,16,30,6,36,52
08/15/2005,ADM,OK,ASW,CE,Federal Contract Tower,0,0,16,6,22,0,0,7,0,7,0,0,23,6,29,34,16,50,79
08/16/2005,ADM,OK,ASW,CE,Federal Contract Tower,0,0,3,1,4,0,0,1,4,5,0,0,4,5,9,6,4,10,19
08/17/2005,ADM,OK,ASW,CE,Federal Contract Tower,0,0,10,4,14,0,0,39,6,45,0,0,49,10,59,58,26,84,143
08/18/2005,ADM,OK,ASW,CE,Federal Contract Tower,0,0,17,0,17,0,0,0,0,0,0,0,17,0,17,38,15,53,70
08/19/2005,ADM,OK,ASW,CE,Federal Contract Tower,0,0,22,0,22,0,0,16,0,16,0,0,38,0,38,59,0,59,97
08/20/2005,ADM,OK,ASW,CE,Federal Contract Tower,0,0,11,0,11,0,0,25,0,25,0,0,36,0,36,74,0,74,110
08/21/2005,ADM,OK,ASW,CE,Federal Contract Tower,0,0,5,0,5,0,0,21,0,21,0,0,26,0,26,91,0,91,117
08/22/2005,ADM,OK,ASW,CE,Federal Contract Tower,0,0,0,0,0,0,0,17,0,17,0,0,17,0,17,32,0,32,49
08/23/2005,ADM,OK,ASW,CE,Federal Contract Tower,0,0,5,1,6,0,0,15,7,22,0,0,20,8,28,22,20,42,70
08/24/2005,ADM,OK,ASW,CE,Federal Contract Tower,0,0,6,4,10,0,0,26,0,26,0,0,32,4,36,0,0,0,36
08/25/2005,ADM,OK,ASW,CE,Federal Contract Tower,0,0,30,0,30,0,0,0,0,0,0,0,30,0,30,66,36,102,132
08/26/2005,ADM,OK,ASW,CE,Federal Contract Tower,0,0,12,2,14,0,0,31,0,31,0,0,43,2,45,42,2,44,89
08/27/2005,ADM,OK,ASW,CE,Federal Contract Tower,0,0,0,0,0,0,0,0,0,0,0,0,0,0,0,0,0,0,0
08/28/2005,ADM,OK,ASW,CE,Federal Contract Tower,0,0,8,0,8,0,0,0,0,0,0,0,8,0,8,12,0,12,20
08/29/2005,ADM,OK,ASW,CE,Federal Contract Tower,0,0,0,0,0,0,0,20,0,20,0,0,20,0,20,69,21,90,110
08/30/2005,ADM,OK,ASW,CE,Federal Contract Tower,0,0,7,0,7,0,0,14,0,14,0,0,21,0,21,64,0,64,85
08/31/2005,ADM,OK,ASW,CE,Federal Contract Tower,0,0,3,4,7,0,0,34,0,34,0,0,37,4,41,112,18,130,171
09/01/2005,ADM,OK,ASW,CE,Federal Contract Tower,0,0,1,0,1,0,0,0,0,0,0,0,1,0,1,57,8,65,66
09/02/2005,ADM,OK,ASW,CE,Federal Contract Tower,0,0,6,0,6,0,0,21,2,23,0,0,27,2,29,31,11,42,71
09/03/2005,ADM,OK,ASW,CE,Federal Contract Tower,0,0,3,0,3,0,0,7,0,7,0,0,10,0,10,17,0,17,27
09/04/2005,ADM,OK,ASW,CE,Federal Contract Tower,0,0,0,0,0,0,0,32,0,32,0,0,32,0,32,73,0,73,105
09/05/2005,ADM,OK,ASW,CE,Federal Contract Tower,0,0,4,0,4,0,0,50,0,50,0,0,54,0,54,61,0,61,115
09/06/2005,ADM,OK,ASW,CE,Federal Contract Tower,0,0,2,0,2,0,0,9,0,9,0,0,11,0,11,46,0,46,57
09/07/2005,ADM,OK,ASW,CE,Federal Contract Tower,0,0,17,6,23,0,0,35,0,35,0,0,52,6,58,106,38,144,202
09/08/2005,ADM,OK,ASW,CE,Federal Contract Tower,0,0,32,4,36,0,0,0,0,0,0,0,32,4,36,92,0,92,128
09/09/2005,ADM,OK,ASW,CE,Federal Contract Tower,0,0,14,0,14,0,0,25,4,29,0,0,39,4,43,29,19,48,91
09/10/2005,ADM,OK,ASW,CE,Federal Contract Tower,0,0,19,0,19,0,0,0,0,0,0,0,19,0,19,27,4,31,50
09/11/2005,ADM,OK,ASW,CE,Federal Contract Tower,0,0,8,0,8,0,0,40,0,40,0,0,48,0,48,93,0,93,141
09/12/2005,ADM,OK,ASW,CE,Federal Contract Tower,0,0,4,0,4,0,0,16,0,16,0,0,20,0,20,89,16,105,125
09/13/2005,ADM,OK,ASW,CE,Federal Contract Tower,0,0,1,4,5,0,0,32,0,32,0,0,33,4,37,46,18,64,101
09/14/2005,ADM,OK,ASW,CE,Federal Contract Tower,0,0,8,0,8,0,0,27,2,29,0,0,35,2,37,54,2,56,93
09/15/2005,ADM,OK,ASW,CE,Federal Contract Tower,0,0,26,0,26,0,0,0,4,4,0,0,26,4,30,17,0,17,47
09/16/2005,ADM,OK,ASW,CE,Federal Contract Tower,0,0,14,0,14,0,0,24,0,24,0,0,38,0,38,17,0,17,55
09/17/2005,ADM,OK,ASW,CE,Federal Contract Tower,0,0,21,0,21,0,0,3,0,3,0,0,24,0,24,40,0,40,64
09/18/2005,ADM,OK,ASW,CE,Federal Contract Tower,0,0,0,10,10,0,0,46,0,46,0,0,46,10,56,46,20,66,122
09/19/2005,ADM,OK,ASW,CE,Federal Contract Tower,0,0,7,10,17,0,0,39,0,39,0,0,46,10,56,162,14,176,232
09/20/2005,ADM,OK,ASW,CE,Federal Contract Tower,0,0,0,1,1,0,0,39,14,53,0,0,39,15,54,987,68,1055,1109
09/21/2005,ADM,OK,ASW,CE,Federal Contract Tower,0,0,6,2,8,0,0,31,24,55,0,0,37,26,63,156,46,202,265
09/22/2005,ADM,OK,ASW,CE,Federal Contract Tower,0,0,0,0,0,0,0,12,0,12,0,0,12,0,12,146,5,151,163
09/23/2005,ADM,OK,ASW,CE,Federal Contract Tower,0,0,12,0,12,0,0,21,0,21,0,0,33,0,33,990,0,990,1023
09/24/2005,ADM,OK,ASW,CE,Federal Contract Tower,0,0,18,0,18,0,0,0,0,0,0,0,18,0,18,382,0,382,400
09/25/2005,ADM,OK,ASW,CE,Federal Contract Tower,0,0,0,0,0,0,0,28,0,28,0,0,28,0,28,75,0,75,103
09/26/2005,ADM,OK,ASW,CE,Federal Contract Tower,0,0,9,2,11,0,0,15,0,15,0,0,24,2,26,59,16,75,101
09/27/2005,ADM,OK,ASW,CE,Federal Contract Tower,0,0,2,0,2,0,0,15,4,19,0,0,17,4,21,20,16,36,57
09/28/2005,ADM,OK,ASW,CE,Federal Contract Tower,0,0,10,0,10,0,0,2,0,2,0,0,12,0,12,8,0,8,20
09/29/2005,ADM,OK,ASW,CE,Federal Contract Tower,0,0,6,0,6,0,0,0,0,0,0,0,6,0,6,22,1,23,29
09/30/2005,ADM,OK,ASW,CE,Federal Contract Tower,0,0,33,0,33,0,0,51,0,51,0,0,84,0,84,36,0,36,120
10/01/2005,ADM,OK,ASW,CE,Federal Contract Tower,0,0,8,0,8,0,0,10,0,10,0,0,18,0,18,26,0,26,44
10/02/2005,ADM,OK,ASW,CE,Federal Contract Tower,0,0,2,0,2,0,0,12,0,12,0,0,14,0,14,61,0,61,75
10/03/2005,ADM,OK,ASW,CE,Federal Contract Tower,0,0,0,0,0,0,0,22,0,22,0,0,22,0,22,34,19,53,75
10/04/2005,ADM,OK,ASW,CE,Federal Contract Tower,0,0,3,0,3,0,0,25,8,33,0,0,28,8,36,32,32,64,100
10/05/2005,ADM,OK,ASW,CE,Federal Contract Tower,0,0,4,0,4,0,0,20,22,42,0,0,24,22,46,54,20,74,120
10/06/2005,ADM,OK,ASW,CE,Federal Contract Tower,0,0,16,11,27,0,0,51,4,55,0,0,67,15,82,45,8,53,135
10/07/2005,ADM,OK,ASW,CE,Federal Contract Tower,0,0,24,0,24,0,0,8,0,8,0,0,32,0,32,47,6,53,85
10/08/2005,ADM,OK,ASW,CE,Federal Contract Tower,0,0,16,0,16,0,0,16,5,21,0,0,32,5,37,39,4,43,80
10/09/2005,ADM,OK,ASW,CE,Federal Contract Tower,0,0,8,0,8,0,0,25,4,29,0,0,33,4,37,23,2,25,62
10/10/2005,ADM,OK,ASW,CE,Federal Contract Tower,0,0,5,0,5,0,0,11,0,11,0,0,16,0,16,43,0,43,59
10/11/2005,ADM,OK,ASW,CE,Federal Contract Tower,0,0,8,0,8,0,0,25,0,25,0,0,33,0,33,88,0,88,121
10/12/2005,ADM,OK,ASW,CE,Federal Contract Tower,0,0,0,0,0,0,0,16,2,18,0,0,16,2,18,26,4,30,48
10/13/2005,ADM,OK,ASW,CE,Federal Contract Tower,0,0,18,0,18,0,0,18,7,25,0,0,36,7,43,29,7,36,79
10/14/2005,ADM,OK,ASW,CE,Federal Contract Tower,0,0,14,0,14,0,0,9,0,9,0,0,23,0,23,39,18,57,80
10/15/2005,ADM,OK,ASW,CE,Federal Contract Tower,0,0,14,0,14,0,0,15,6,21,0,0,29,6,35,36,4,40,75
10/16/2005,ADM,OK,ASW,CE,Federal Contract Tower,0,0,5,8,13,0,0,21,0,21,0,0,26,8,34,23,8,31,65
10/17/2005,ADM,OK,ASW,CE,Federal Contract Tower,0,0,2,0,2,0,0,0,0,0,0,0,2,0,2,6,0,6,8
10/18/2005,ADM,OK,ASW,CE,Federal Contract Tower,0,0,8,0,8,0,0,25,5,30,0,0,33,5,38,50,12,62,100
10/19/2005,ADM,OK,ASW,CE,Federal Contract Tower,0,0,1,1,2,0,0,15,10,25,0,0,16,11,27,36,40,76,103
10/20/2005,ADM,OK,ASW,CE,Federal Contract Tower,0,0,8,4,12,0,0,12,0,12,0,0,20,4,24,43,4,47,71
10/21/2005,ADM,OK,ASW,CE,Federal Contract Tower,0,0,24,5,29,1,0,82,0,83,1,0,106,5,112,63,5,68,180
10/22/2005,ADM,OK,ASW,CE,Federal Contract Tower,0,0,11,5,16,0,0,68,2,70,0,0,79,7,86,45,5,50,136
10/23/2005,ADM,OK,ASW,CE,Federal Contract Tower,0,0,0,0,0,0,0,4,0,4,0,0,4,0,4,12,0,12,16
10/24/2005,ADM,OK,ASW,CE,Federal Contract Tower,0,0,0,0,0,0,0,16,0,16,0,0,16,0,16,35,4,39,55
10/25/2005,ADM,OK,ASW,CE,Federal Contract Tower,0,0,1,1,2,0,0,55,5,60,0,0,56,6,62,14,26,40,102
10/26/2005,ADM,OK,ASW,CE,Federal Contract Tower,0,0,15,2,17,0,0,20,2,22,0,0,35,4,39,66,12,78,117
10/27/2005,ADM,OK,ASW,CE,Federal Contract Tower,0,0,7,0,7,0,0,25,0,25,0,0,32,0,32,6,0,6,38
10/28/2005,ADM,OK,ASW,CE,Federal Contract Tower,0,0,10,0,10,0,0,30,0,30,0,0,40,0,40,49,0,49,89
10/29/2005,ADM,OK,ASW,CE,Federal Contract Tower,0,0,9,0,9,0,0,13,0,13,0,0,22,0,22,52,0,52,74
10/30/2005,ADM,OK,ASW,CE,Federal Contract Tower,0,0,11,0,11,0,0,15,0,15,0,0,26,0,26,49,0,49,75
10/31/2005,ADM,OK,ASW,CE,Federal Contract Tower,0,0,11,0,11,0,0,23,0,23,0,0,34,0,34,65,0,65,99
11/01/2005,ADM,OK,ASW,CE,Federal Contract Tower,0,0,9,0,9,0,0,19,2,21,0,0,28,2,30,12,4,16,46
11/02/2005,ADM,OK,ASW,CE,Federal Contract Tower,0,0,2,2,4,0,0,13,1,14,0,0,15,3,18,4,0,4,22
11/03/2005,ADM,OK,ASW,CE,Federal Contract Tower,0,0,2,0,2,0,0,30,0,30,0,0,32,0,32,35,0,35,67
11/04/2005,ADM,OK,ASW,CE,Federal Contract Tower,0,0,3,0,3,0,0,23,3,26,0,0,26,3,29,21,20,41,70
11/05/2005,ADM,OK,ASW,CE,Federal Contract Tower,0,0,9,0,9,0,0,30,5,35,0,0,39,5,44,17,0,17,61
11/06/2005,ADM,OK,ASW,CE,Federal Contract Tower,0,0,12,14,26,0,0,14,6,20,0,0,26,20,46,50,20,70,116
11/07/2005,ADM,OK,ASW,CE,Federal Contract Tower,0,0,12,0,12,0,0,13,0,13,0,0,25,0,25,35,0,35,60
11/08/2005,ADM,OK,ASW,CE,Federal Contract Tower,0,0,3,0,3,0,0,0,2,2,0,0,3,2,5,0,2,2,7
11/09/2005,ADM,OK,ASW,CE,Federal Contract Tower,0,0,0,0,0,0,0,23,3,26,0,0,23,3,26,56,0,56,82
11/10/2005,ADM,OK,ASW,CE,Federal Contract Tower,0,0,14,2,16,0,0,13,0,13,0,0,27,2,29,16,9,25,54
11/11/2005,ADM,OK,ASW,CE,Federal Contract Tower,0,0,30,4,34,0,0,0,0,0,0,0,30,4,34,50,9,59,93
11/12/2005,ADM,OK,ASW,CE,Federal Contract Tower,0,0,6,0,6,0,0,19,0,19,0,0,25,0,25,19,4,23,48
11/13/2005,ADM,OK,ASW,CE,Federal Contract Tower,0,0,7,2,9,0,0,19,6,25,0,0,26,8,34,61,4,65,99
11/14/2005,ADM,OK,ASW,CE,Federal Contract Tower,0,0,8,6,14,0,0,14,4,18,0,0,22,10,32,68,11,79,111
11/15/2005,ADM,OK,ASW,CE,Federal Contract Tower,0,0,6,0,6,0,0,8,2,10,0,0,14,2,16,8,4,12,28
11/16/2005,ADM,OK,ASW,CE,Federal Contract Tower,0,0,66,0,66,0,0,0,6,6,0,0,66,6,72,110,19,129,201
11/17/2005,ADM,OK,ASW,CE,Federal Contract Tower,0,0,15,4,19,0,0,0,4,4,0,0,15,8,23,65,4,69,92
11/18/2005,ADM,OK,ASW,CE,Federal Contract Tower,0,0,9,7,16,0,0,12,0,12,0,0,21,7,28,22,17,39,67
11/19/2005,ADM,OK,ASW,CE,Federal Contract Tower,0,0,13,0,13,0,0,21,0,21,0,0,34,0,34,50,0,50,84
11/20/2005,ADM,OK,ASW,CE,Federal Contract Tower,0,0,10,8,18,0,0,8,0,8,0,0,18,8,26,21,8,29,55
11/21/2005,ADM,OK,ASW,CE,Federal Contract Tower,0,0,14,0,14,0,0,24,0,24,0,0,38,0,38,51,10,61,99
11/22/2005,ADM,OK,ASW,CE,Federal Contract Tower,0,0,9,2,11,0,0,27,6,33,0,0,36,8,44,14,36,50,94
11/23/2005,ADM,OK,ASW,CE,Federal Contract Tower,0,0,24,2,26,0,0,35,0,35,0,0,59,2,61,30,6,36,97
11/24/2005,ADM,OK,ASW,CE,Federal Contract Tower,0,0,4,0,4,0,0,2,0,2,0,0,6,0,6,7,0,7,13
11/25/2005,ADM,OK,ASW,CE,Federal Contract Tower,0,0,2,0,2,0,0,9,0,9,0,0,11,0,11,0,0,0,11
11/26/2005,ADM,OK,ASW,CE,Federal Contract Tower,0,0,9,0,9,0,0,0,0,0,0,0,9,0,9,4,0,4,13
11/27/2005,ADM,OK,ASW,CE,Federal Contract Tower,0,0,3,0,3,0,0,9,0,9,0,0,12,0,12,15,0,15,27
11/28/2005,ADM,OK,ASW,CE,Federal Contract Tower,0,0,7,0,7,0,0,23,0,23,0,0,30,0,30,24,0,24,54
11/29/2005,ADM,OK,ASW,CE,Federal Contract Tower,0,0,6,2,8,0,0,14,6,20,0,0,20,8,28,28,56,84,112
11/30/2005,ADM,OK,ASW,CE,Federal Contract Tower,0,0,2,2,4,0,0,16,4,20,0,0,18,6,24,40,104,144,168
12/01/2005,ADM,OK,ASW,CE,Federal Contract Tower,0,0,13,3,16,0,0,5,14,19,0,0,18,17,35,27,16,43,78
12/02/2005,ADM,OK,ASW,CE,Federal Contract Tower,0,0,10,7,17,0,0,0,0,0,0,0,10,7,17,4,63,67,84
12/03/2005,ADM,OK,ASW,CE,Federal Contract Tower,0,0,4,0,4,0,0,15,0,15,0,0,19,0,19,9,7,16,35
12/04/2005,ADM,OK,ASW,CE,Federal Contract Tower,0,0,14,2,16,0,0,0,0,0,0,0,14,2,16,11,21,32,48
12/05/2005,ADM,OK,ASW,CE,Federal Contract Tower,0,0,2,0,2,0,0,14,0,14,0,0,16,0,16,36,0,36,52
12/06/2005,ADM,OK,ASW,CE,Federal Contract Tower,0,0,2,3,5,0,0,36,3,39,0,0,38,6,44,48,8,56,100
12/07/2005,ADM,OK,ASW,CE,Federal Contract Tower,0,0,7,0,7,0,0,2,0,2,0,0,9,0,9,4,0,4,13
12/08/2005,ADM,OK,ASW,CE,Federal Contract Tower,0,0,4,0,4,0,0,0,0,0,0,0,4,0,4,1,10,11,15
12/09/2005,ADM,OK,ASW,CE,Federal Contract Tower,0,0,5,0,5,0,0,15,0,15,0,0,20,0,20,36,0,36,56
12/10/2005,ADM,OK,ASW,CE,Federal Contract Tower,0,0,1,0,1,0,0,2,0,2,0,0,3,0,3,0,10,10,13
12/11/2005,ADM,OK,ASW,CE,Federal Contract Tower,0,0,0,0,0,0,0,16,0,16,0,0,16,0,16,10,0,10,26
12/12/2005,ADM,OK,ASW,CE,Federal Contract Tower,0,0,0,0,0,0,0,6,0,6,0,0,6,0,6,2,33,35,41
12/13/2005,ADM,OK,ASW,CE,Federal Contract Tower,0,0,4,2,6,0,0,11,8,19,0,0,15,10,25,26,28,54,79
12/14/2005,ADM,OK,ASW,CE,Federal Contract Tower,0,0,7,2,9,0,0,27,30,57,0,0,34,32,66,30,38,68,134
12/15/2005,ADM,OK,ASW,CE,Federal Contract Tower,0,0,2,4,6,0,0,7,0,7,0,0,9,4,13,4,14,18,31
12/16/2005,ADM,OK,ASW,CE,Federal Contract Tower,0,0,4,0,4,0,0,19,1,20,0,0,23,1,24,9,6,15,39
12/17/2005,ADM,OK,ASW,CE,Federal Contract Tower,0,0,0,0,0,0,0,14,0,14,0,0,14,0,14,18,0,18,32
12/18/2005,ADM,OK,ASW,CE,Federal Contract Tower,0,0,0,0,0,0,0,14,0,14,0,0,14,0,14,15,0,15,29
12/19/2005,ADM,OK,ASW,CE,Federal Contract Tower,0,0,5,0,5,0,0,11,0,11,0,0,16,0,16,29,0,29,45
12/20/2005,ADM,OK,ASW,CE,Federal Contract Tower,0,0,3,0,3,0,0,13,0,13,0,0,16,0,16,28,0,28,44
12/21/2005,ADM,OK,ASW,CE,Federal Contract Tower,0,0,15,0,15,0,0,14,12,26,0,0,29,12,41,8,24,32,73
12/22/2005,ADM,OK,ASW,CE,Federal Contract Tower,0,0,2,0,2,0,0,0,0,0,0,0,2,0,2,30,4,34,36
12/23/2005,ADM,OK,ASW,CE,Federal Contract Tower,0,0,2,0,2,0,0,4,0,4,0,0,6,0,6,6,0,6,12
12/24/2005,ADM,OK,ASW,CE,Federal Contract Tower,0,0,0,0,0,0,0,6,0,6,0,0,6,0,6,6,0,6,12
12/25/2005,ADM,OK,ASW,CE,Federal Contract Tower,0,0,0,0,0,0,0,2,0,2,0,0,2,0,2,3,0,3,5
12/26/2005,ADM,OK,ASW,CE,Federal Contract Tower,0,0,0,0,0,0,0,10,0,10,0,0,10,0,10,18,14,32,42
12/27/2005,ADM,OK,ASW,CE,Federal Contract Tower,0,0,1,2,3,0,0,1,8,9,0,0,2,10,12,2,24,26,38
12/28/2005,ADM,OK,ASW,CE,Federal Contract Tower,0,0,2,2,4,0,0,23,10,33,0,0,25,12,37,44,36,80,117
12/29/2005,ADM,OK,ASW,CE,Federal Contract Tower,0,0,0,0,0,0,0,23,0,23,0,0,23,0,23,5,0,5,28
12/30/2005,ADM,OK,ASW,CE,Federal Contract Tower,0,0,0,0,0,0,0,31,0,31,0,0,31,0,31,52,0,52,83
12/31/2005,ADM,OK,ASW,CE,Federal Contract Tower,0,0,0,0,0,0,0,6,0,6,0,0,6,0,6,9,0,9,15
01/01/2006,ADM,OK,ASW,CE,Federal Contract Tower,0,0,4,0,4,0,0,8,0,8,0,0,12,0,12,16,0,16,28
01/02/2006,ADM,OK,ASW,CE,Federal Contract Tower,0,0,1,0,1,0,0,31,2,33,0,0,32,2,34,111,2,113,147
01/03/2006,ADM,OK,ASW,CE,Federal Contract Tower,0,0,3,0,3,0,0,28,0,28,0,0,31,0,31,50,0,50,81
01/04/2006,ADM,OK,ASW,CE,Federal Contract Tower,0,0,4,3,7,0,0,23,0,23,0,0,27,3,30,50,2,52,82
01/05/2006,ADM,OK,ASW,CE,Federal Contract Tower,0,0,2,0,2,0,0,22,0,22,0,0,24,0,24,8,0,8,32
01/06/2006,ADM,OK,ASW,CE,Federal Contract Tower,0,0,2,0,2,0,0,32,0,32,0,0,34,0,34,22,0,22,56
01/07/2006,ADM,OK,ASW,CE,Federal Contract Tower,0,0,6,0,6,0,0,5,0,5,0,0,11,0,11,45,17,62,73
01/08/2006,ADM,OK,ASW,CE,Federal Contract Tower,0,0,9,0,9,0,0,37,0,37,0,0,46,0,46,82,23,105,151
01/09/2006,ADM,OK,ASW,CE,Federal Contract Tower,0,0,13,7,20,0,0,11,1,12,0,0,24,8,32,73,13,86,118
01/10/2006,ADM,OK,ASW,CE,Federal Contract Tower,0,0,3,3,6,0,0,8,3,11,0,0,11,6,17,6,22,28,45
01/11/2006,ADM,OK,ASW,CE,Federal Contract Tower,0,0,5,7,12,0,0,39,1,40,0,0,44,8,52,52,10,62,114
01/12/2006,ADM,OK,ASW,CE,Federal Contract Tower,0,0,3,0,3,0,0,25,0,25,0,0,28,0,28,21,8,29,57
01/13/2006,ADM,OK,ASW,CE,Federal Contract Tower,0,0,6,0,6,0,0,5,0,5,0,0,11,0,11,45,17,62,73
01/14/2006,ADM,OK,ASW,CE,Federal Contract Tower,0,0,2,0,2,0,0,33,0,33,0,0,35,0,35,35,0,35,70
01/15/2006,ADM,OK,ASW,CE,Federal Contract Tower,0,0,13,0,13,0,0,29,0,29,0,0,42,0,42,83,9,92,134
01/16/2006,ADM,OK,ASW,CE,Federal Contract Tower,0,0,6,0,6,0,0,30,0,30,0,0,36,0,36,60,0,60,96
01/17/2006,ADM,OK,ASW,CE,Federal Contract Tower,0,0,7,4,11,0,0,43,17,60,0,0,50,21,71,50,44,94,165
01/18/2006,ADM,OK,ASW,CE,Federal Contract Tower,0,0,8,1,9,0,0,66,25,91,0,0,74,26,100,58,40,98,198
01/19/2006,ADM,OK,ASW,CE,Federal Contract Tower,0,0,9,0,9,0,0,39,0,39,0,0,48,0,48,34,6,40,88
01/20/2006,ADM,OK,ASW,CE,Federal Contract Tower,0,0,6,0,6,0,0,8,0,8,0,0,14,0,14,4,6,10,24
01/21/2006,ADM,OK,ASW,CE,Federal Contract Tower,0,0,2,0,2,0,0,52,0,52,0,0,54,0,54,44,4,48,102
01/22/2006,ADM,OK,ASW,CE,Federal Contract Tower,0,0,0,0,0,0,0,28,0,28,0,0,28,0,28,36,0,36,64
01/23/2006,ADM,OK,ASW,CE,Federal Contract Tower,0,0,8,0,8,0,0,28,0,28,0,0,36,0,36,56,30,86,122
01/24/2006,ADM,OK,ASW,CE,Federal Contract Tower,0,0,1,2,3,0,0,23,14,37,0,0,24,16,40,10,60,70,110
01/25/2006,ADM,OK,ASW,CE,Federal Contract Tower,0,0,8,2,10,0,0,46,14,60,0,0,54,16,70,120,24,144,214
01/26/2006,ADM,OK,ASW,CE,Federal Contract Tower,0,0,4,0,4,0,0,39,2,41,0,0,43,2,45,44,2,46,91
01/27/2006,ADM,OK,ASW,CE,Federal Contract Tower,0,0,0,0,0,0,0,16,0,16,0,0,16,0,16,0,0,0,16
01/28/2006,ADM,OK,ASW,CE,Federal Contract Tower,0,0,2,0,2,0,0,3,0,3,0,0,5,0,5,5,0,5,10
01/29/2006,ADM,OK,ASW,CE,Federal Contract Tower,0,0,9,0,9,0,0,35,10,45,0,0,44,10,54,32,18,50,104
01/30/2006,ADM,OK,ASW,CE,Federal Contract Tower,0,0,1,0,1,0,0,75,0,75,0,0,76,0,76,58,0,58,134
01/31/2006,ADM,OK,ASW,CE,Federal Contract Tower,0,0,11,2,13,0,0,30,6,36,0,0,41,8,49,26,20,46,95
02/01/2006,ADM,OK,ASW,CE,Federal Contract Tower,0,0,0,0,0,0,0,8,3,11,0,0,8,3,11,0,16,16,27
02/02/2006,ADM,OK,ASW,CE,Federal Contract Tower,0,0,11,0,11,0,0,7,0,7,0,0,18,0,18,21,0,21,39
02/03/2006,ADM,OK,ASW,CE,Federal Contract Tower,0,0,4,1,5,0,0,28,4,32,0,0,32,5,37,20,6,26,63
02/04/2006,ADM,OK,ASW,CE,Federal Contract Tower,0,0,1,0,1,0,0,22,0,22,0,0,23,0,23,52,0,52,75
02/05/2006,ADM,OK,ASW,CE,Federal Contract Tower,0,0,7,0,7,0,0,7,0,7,0,0,14,0,14,16,0,16,30
02/06/2006,ADM,OK,ASW,CE,Federal Contract Tower,0,0,3,0,3,0,0,41,0,41,0,0,44,0,44,40,4,44,88
02/07/2006,ADM,OK,ASW,CE,Federal Contract Tower,0,0,4,2,6,0,0,40,10,50,0,0,44,12,56,22,42,64,120
02/08/2006,ADM,OK,ASW,CE,Federal Contract Tower,0,0,9,1,10,0,0,30,13,43,0,0,39,14,53,36,44,80,133
02/09/2006,ADM,OK,ASW,CE,Federal Contract Tower,0,0,7,0,7,0,0,34,0,34,0,0,41,0,41,67,8,75,116
02/10/2006,ADM,OK,ASW,CE,Federal Contract Tower,0,0,2,0,2,0,0,25,0,25,0,0,27,0,27,12,0,12,39
02/11/2006,ADM,OK,ASW,CE,Federal Contract Tower,0,0,4,0,4,0,0,7,0,7,0,0,11,0,11,24,0,24,35
02/12/2006,ADM,OK,ASW,CE,Federal Contract Tower,0,0,3,0,3,0,0,49,0,49,0,0,52,0,52,58,0,58,110
02/13/2006,ADM,OK,ASW,CE,Federal Contract Tower,0,0,8,0,8,0,0,20,2,22,0,0,28,2,30,32,0,32,62
02/14/2006,ADM,OK,ASW,CE,Federal Contract Tower,0,0,1,1,2,0,0,8,3,11,0,0,9,4,13,40,4,44,57
02/15/2006,ADM,OK,ASW,CE,Federal Contract Tower,0,0,2,5,7,0,0,17,0,17,0,0,19,5,24,58,34,92,116
02/16/2006,ADM,OK,ASW,CE,Federal Contract Tower,0,0,0,14,14,0,0,70,0,70,0,0,70,14,84,203,51,254,338
02/17/2006,ADM,OK,ASW,CE,Federal Contract Tower,0,0,1,0,1,0,0,11,0,11,0,0,12,0,12,13,0,13,25
02/18/2006,ADM,OK,ASW,CE,Federal Contract Tower,0,0,0,0,0,0,0,4,0,4,0,0,4,0,4,8,0,8,12
02/19/2006,ADM,OK,ASW,CE,Federal Contract Tower,0,0,0,0,0,0,0,8,0,8,0,0,8,0,8,8,0,8,16
02/20/2006,ADM,OK,ASW,CE,Federal Contract Tower,0,0,10,0,10,0,0,26,0,26,0,0,36,0,36,48,0,48,84
02/21/2006,ADM,OK,ASW,CE,Federal Contract Tower,0,0,6,0,6,0,0,0,0,0,0,0,6,0,6,0,0,0,6
02/22/2006,ADM,OK,ASW,CE,Federal Contract Tower,0,0,5,1,6,0,0,7,5,12,0,0,12,6,18,8,12,20,38
02/23/2006,ADM,OK,ASW,CE,Federal Contract Tower,0,0,8,0,8,0,0,26,5,31,0,0,34,5,39,25,8,33,72
02/24/2006,ADM,OK,ASW,CE,Federal Contract Tower,0,0,6,0,6,0,0,45,4,49,0,0,51,4,55,44,20,64,119
02/25/2006,ADM,OK,ASW,CE,Federal Contract Tower,0,0,0,0,0,0,0,0,0,0,0,0,0,0,0,13,0,13,13
02/26/2006,ADM,OK,ASW,CE,Federal Contract Tower,0,0,14,0,14,0,0,17,0,17,0,0,31,0,31,50,0,50,81
02/27/2006,ADM,OK,ASW,CE,Federal Contract Tower,0,0,0,0,0,0,0,2,0,2,0,0,2,0,2,21,0,21,23
02/28/2006,ADM,OK,ASW,CE,Federal Contract Tower,0,0,1,1,2,0,0,24,7,31,0,0,25,8,33,10,20,30,63
03/01/2006,ADM,OK,ASW,CE,Federal Contract Tower,0,0,6,0,6,0,0,20,4,24,0,0,26,4,30,28,8,36,66
03/02/2006,ADM,OK,ASW,CE,Federal Contract Tower,0,0,7,0,7,0,0,49,0,49,0,0,56,0,56,30,0,30,86
03/03/2006,ADM,OK,ASW,CE,Federal Contract Tower,0,0,4,0,4,0,0,24,4,28,0,0,28,4,32,35,10,45,77
03/04/2006,ADM,OK,ASW,CE,Federal Contract Tower,0,0,9,0,9,0,0,14,0,14,0,0,23,0,23,17,0,17,40
03/05/2006,ADM,OK,ASW,CE,Federal Contract Tower,0,0,0,0,0,0,0,0,0,0,0,0,0,0,0,0,0,0,0
03/06/2006,ADM,OK,ASW,CE,Federal Contract Tower,0,0,0,0,0,0,0,19,9,28,0,0,19,9,28,69,20,89,117
03/07/2006,ADM,OK,ASW,CE,Federal Contract Tower,0,0,8,4,12,0,0,12,2,14,0,0,20,6,26,6,18,24,50
03/08/2006,ADM,OK,ASW,CE,Federal Contract Tower,0,0,8,4,12,0,0,17,2,19,0,0,25,6,31,8,22,30,61
03/09/2006,ADM,OK,ASW,CE,Federal Contract Tower,0,0,0,0,0,0,0,3,0,3,0,0,3,0,3,19,0,19,22
03/10/2006,ADM,OK,ASW,CE,Federal Contract Tower,0,0,5,2,7,0,0,14,0,14,0,0,19,2,21,32,0,32,53
03/11/2006,ADM,OK,ASW,CE,Federal Contract Tower,0,0,2,0,2,0,0,0,2,2,0,0,2,2,4,32,10,42,46
03/12/2006,ADM,OK,ASW,CE,Federal Contract Tower,0,0,0,0,0,0,2,0,0,2,0,2,0,0,2,16,0,16,18
03/13/2006,ADM,OK,ASW,CE,Federal Contract Tower,0,0,2,0,2,0,0,44,0,44,0,0,46,0,46,59,4,63,109
03/14/2006,ADM,OK,ASW,CE,Federal Contract Tower,0,0,0,0,0,0,0,112,0,112,0,0,112,0,112,0,0,0,112
03/15/2006,ADM,OK,ASW,CE,Federal Contract Tower,0,0,7,1,8,0,0,13,3,16,0,0,20,4,24,128,20,148,172
03/16/2006,ADM,OK,ASW,CE,Federal Contract Tower,0,0,21,0,21,0,0,28,2,30,0,0,49,2,51,32,4,36,87
03/17/2006,ADM,OK,ASW,CE,Federal Contract Tower,0,0,8,0,8,0,0,3,0,3,0,0,11,0,11,49,14,63,74
03/18/2006,ADM,OK,ASW,CE,Federal Contract Tower,0,0,0,0,0,0,0,0,0,0,0,0,0,0,0,2,0,2,2
03/19/2006,ADM,OK,ASW,CE,Federal Contract Tower,0,0,5,0,5,0,0,3,0,3,0,0,8,0,8,7,0,7,15
03/20/2006,ADM,OK,ASW,CE,Federal Contract Tower,0,0,2,0,2,0,0,0,0,0,0,0,2,0,2,23,2,25,27
03/21/2006,ADM,OK,ASW,CE,Federal Contract Tower,0,0,12,0,12,0,0,18,2,20,0,0,30,2,32,52,6,58,90
03/22/2006,ADM,OK,ASW,CE,Federal Contract Tower,0,0,4,0,4,0,0,30,0,30,0,0,34,0,34,0,0,0,34
03/23/2006,ADM,OK,ASW,CE,Federal Contract Tower,0,0,12,0,12,0,0,5,6,11,0,0,17,6,23,28,34,62,85
03/24/2006,ADM,OK,ASW,CE,Federal Contract Tower,0,0,0,0,0,0,0,26,4,30,0,0,26,4,30,41,20,61,91
03/25/2006,ADM,OK,ASW,CE,Federal Contract Tower,0,0,2,0,2,0,0,2,0,2,0,0,4,0,4,97,4,101,105
03/26/2006,ADM,OK,ASW,CE,Federal Contract Tower,0,0,0,0,0,0,0,0,0,0,0,0,0,0,0,74,10,84,84
03/27/2006,ADM,OK,ASW,CE,Federal Contract Tower,0,0,0,0,0,0,0,18,0,18,0,0,18,0,18,48,0,48,66
03/28/2006,ADM,OK,ASW,CE,Federal Contract Tower,0,0,0,6,6,0,0,41,3,44,0,0,41,9,50,30,30,60,110
03/29/2006,ADM,OK,ASW,CE,Federal Contract Tower,0,0,15,2,17,0,0,10,0,10,0,0,25,2,27,10,12,22,49
03/30/2006,ADM,OK,ASW,CE,Federal Contract Tower,0,0,4,0,4,0,0,35,6,41,0,0,39,6,45,29,6,35,80
03/31/2006,ADM,OK,ASW,CE,Federal Contract Tower,0,0,7,0,7,0,0,29,0,29,0,0,36,0,36,29,0,29,65
04/01/2006,ADM,OK,ASW,CE,Federal Contract Tower,0,0,1,0,1,0,0,6,0,6,0,0,7,0,7,11,0,11,18
04/02/2006,ADM,OK,ASW,CE,Federal Contract Tower,0,0,1,0,1,0,0,15,0,15,0,0,16,0,16,19,0,19,35
04/03/2006,ADM,OK,ASW,CE,Federal Contract Tower,0,0,2,0,2,0,0,0,0,0,0,0,2,0,2,94,0,94,96
04/04/2006,ADM,OK,ASW,CE,Federal Contract Tower,0,0,1,0,1,0,0,16,8,24,0,0,17,8,25,20,16,36,61
04/05/2006,ADM,OK,ASW,CE,Federal Contract Tower,0,0,19,1,20,0,0,11,1,12,0,0,30,2,32,58,12,70,102
04/06/2006,ADM,OK,ASW,CE,Federal Contract Tower,0,0,0,0,0,0,0,6,1,7,0,0,6,1,7,2,6,8,15
04/07/2006,ADM,OK,ASW,CE,Federal Contract Tower,0,0,0,0,0,0,0,18,1,19,0,0,18,1,19,6,4,10,29
04/08/2006,ADM,OK,ASW,CE,Federal Contract Tower,0,0,6,4,10,0,0,0,0,0,0,0,6,4,10,11,10,21,31
04/09/2006,ADM,OK,ASW,CE,Federal Contract Tower,0,0,2,0,2,0,0,6,0,6,0,0,8,0,8,31,0,31,39
04/10/2006,ADM,OK,ASW,CE,Federal Contract Tower,0,0,2,0,2,0,0,22,0,22,0,0,24,0,24,37,0,37,61
04/11/2006,ADM,OK,ASW,CE,Federal Contract Tower,0,0,0,0,0,0,0,0,0,0,0,0,0,0,0,12,0,12,12
04/12/2006,ADM,OK,ASW,CE,Federal Contract Tower,0,0,1,0,1,0,0,0,0,0,0,0,1,0,1,35,14,49,50
04/13/2006,ADM,OK,ASW,CE,Federal Contract Tower,0,0,1,1,2,0,0,27,7,34,0,0,28,8,36,19,21,40,76
04/14/2006,ADM,OK,ASW,CE,Federal Contract Tower,0,0,0,0,0,0,0,39,0,39,0,0,39,0,39,10,0,10,49
04/15/2006,ADM,OK,ASW,CE,Federal Contract Tower,0,0,0,0,0,0,0,5,1,6,0,0,5,1,6,0,0,0,6
04/16/2006,ADM,OK,ASW,CE,Federal Contract Tower,0,0,1,0,1,0,0,15,0,15,0,0,16,0,16,10,0,10,26
04/17/2006,ADM,OK,ASW,CE,Federal Contract Tower,0,0,4,0,4,0,0,37,8,45,0,0,41,8,49,26,42,68,117
04/18/2006,ADM,OK,ASW,CE,Federal Contract Tower,0,0,3,0,3,0,0,23,10,33,0,0,26,10,36,12,34,46,82
04/19/2006,ADM,OK,ASW,CE,Federal Contract Tower,0,0,5,0,5,0,0,33,4,37,0,0,38,4,42,24,16,40,82
04/20/2006,ADM,OK,ASW,CE,Federal Contract Tower,0,0,0,0,0,0,0,13,4,17,0,0,13,4,17,4,24,28,45
04/21/2006,ADM,OK,ASW,CE,Federal Contract Tower,0,0,0,0,0,0,0,31,0,31,0,0,31,0,31,26,8,34,65
04/22/2006,ADM,OK,ASW,CE,Federal Contract Tower,0,0,4,0,4,0,0,0,0,0,0,0,4,0,4,38,0,38,42
04/23/2006,ADM,OK,ASW,CE,Federal Contract Tower,0,0,0,0,0,0,0,10,0,10,0,0,10,0,10,2,0,2,12
04/24/2006,ADM,OK,ASW,CE,Federal Contract Tower,0,0,5,0,5,0,0,4,1,5,0,0,9,1,10,12,4,16,26
04/25/2006,ADM,OK,ASW,CE,Federal Contract Tower,0,0,1,2,3,0,0,3,2,5,0,0,4,4,8,0,24,24,32
04/26/2006,ADM,OK,ASW,CE,Federal Contract Tower,0,0,2,1,3,0,0,31,6,37,0,0,33,7,40,16,18,34,74
04/27/2006,ADM,OK,ASW,CE,Federal Contract Tower,0,0,6,0,6,0,0,10,2,12,0,0,16,2,18,0,11,11,29
04/28/2006,ADM,OK,ASW,CE,Federal Contract Tower,0,0,6,0,6,0,0,4,0,4,0,0,10,0,10,14,0,14,24
04/29/2006,ADM,OK,ASW,CE,Federal Contract Tower,0,0,2,0,2,0,0,2,0,2,0,0,4,0,4,5,0,5,9
04/30/2006,ADM,OK,ASW,CE,Federal Contract Tower,0,0,4,0,4,0,0,16,0,16,0,0,20,0,20,8,0,8,28
05/01/2006,ADM,OK,ASW,CE,Federal Contract Tower,0,0,2,2,4,0,0,15,0,15,0,0,17,2,19,57,0,57,76
05/02/2006,ADM,OK,ASW,CE,Federal Contract Tower,0,0,2,0,2,0,0,6,0,6,0,0,8,0,8,12,0,12,20
05/03/2006,ADM,OK,ASW,CE,Federal Contract Tower,0,0,2,0,2,0,0,12,8,20,0,0,14,8,22,28,24,52,74
05/04/2006,ADM,OK,ASW,CE,Federal Contract Tower,0,0,1,0,1,0,13,8,4,25,0,13,9,4,26,24,18,42,68
05/05/2006,ADM,OK,ASW,CE,Federal Contract Tower,0,0,2,0,2,0,0,10,2,12,0,0,12,2,14,18,16,34,48
05/06/2006,ADM,OK,ASW,CE,Federal Contract Tower,0,0,6,0,6,0,0,0,0,0,0,0,6,0,6,6,0,6,12
05/07/2006,ADM,OK,ASW,CE,Federal Contract Tower,0,0,4,0,4,0,0,2,2,4,0,0,6,2,8,6,0,6,14
05/08/2006,ADM,OK,ASW,CE,Federal Contract Tower,0,0,9,0,9,0,0,0,4,4,0,0,9,4,13,20,12,32,45
05/09/2006,ADM,OK,ASW,CE,Federal Contract Tower,0,0,2,1,3,0,0,12,16,28,0,0,14,17,31,0,18,18,49
05/10/2006,ADM,OK,ASW,CE,Federal Contract Tower,0,0,3,3,6,0,0,10,3,13,0,0,13,6,19,8,28,36,55
05/11/2006,ADM,OK,ASW,CE,Federal Contract Tower,0,0,13,0,13,0,0,12,0,12,0,0,25,0,25,18,0,18,43
05/12/2006,ADM,OK,ASW,CE,Federal Contract Tower,0,0,8,0,8,0,0,18,0,18,0,0,26,0,26,68,0,68,94
05/13/2006,ADM,OK,ASW,CE,Federal Contract Tower,0,0,0,0,0,0,0,18,0,18,0,0,18,0,18,78,0,78,96
05/14/2006,ADM,OK,ASW,CE,Federal Contract Tower,0,0,0,0,0,0,0,1,0,1,0,0,1,0,1,30,0,30,31
05/15/2006,ADM,OK,ASW,CE,Federal Contract Tower,0,0,8,0,8,0,0,3,0,3,0,0,11,0,11,78,14,92,103
05/16/2006,ADM,OK,ASW,CE,Federal Contract Tower,0,0,3,2,5,0,0,22,2,24,0,0,25,4,29,94,18,112,141
05/17/2006,ADM,OK,ASW,CE,Federal Contract Tower,0,0,3,7,10,0,0,26,3,29,0,0,29,10,39,124,16,140,179
05/18/2006,ADM,OK,ASW,CE,Federal Contract Tower,0,0,0,0,0,0,0,30,0,30,0,0,30,0,30,20,0,20,50
05/19/2006,ADM,OK,ASW,CE,Federal Contract Tower,0,0,0,4,4,0,0,26,0,26,0,0,26,4,30,12,20,32,62
05/20/2006,ADM,OK,ASW,CE,Federal Contract Tower,0,0,2,0,2,0,0,26,2,28,0,0,28,2,30,4,0,4,34
05/21/2006,ADM,OK,ASW,CE,Federal Contract Tower,0,0,0,0,0,0,0,17,0,17,0,0,17,0,17,0,12,12,29
05/22/2006,ADM,OK,ASW,CE,Federal Contract Tower,0,0,8,2,10,0,0,11,0,11,0,0,19,2,21,26,12,38,59
05/23/2006,ADM,OK,ASW,CE,Federal Contract Tower,0,0,6,4,10,0,0,17,4,21,0,0,23,8,31,10,16,26,57
05/24/2006,ADM,OK,ASW,CE,Federal Contract Tower,0,0,3,1,4,0,0,14,10,24,0,0,17,11,28,18,18,36,64
05/25/2006,ADM,OK,ASW,CE,Federal Contract Tower,0,0,4,8,12,0,0,27,0,27,0,0,31,8,39,8,20,28,67
05/26/2006,ADM,OK,ASW,CE,Federal Contract Tower,0,0,8,4,12,0,0,54,2,56,0,0,62,6,68,39,4,43,111
05/27/2006,ADM,OK,ASW,CE,Federal Contract Tower,0,0,2,0,2,0,0,9,0,9,0,0,11,0,11,6,0,6,17
05/28/2006,ADM,OK,ASW,CE,Federal Contract Tower,0,0,0,0,0,0,0,1,0,1,0,0,1,0,1,6,0,6,7
05/29/2006,ADM,OK,ASW,CE,Federal Contract Tower,0,0,1,0,1,0,0,7,0,7,0,0,8,0,8,20,0,20,28
05/30/2006,ADM,OK,ASW,CE,Federal Contract Tower,0,0,3,0,3,0,0,17,2,19,0,0,20,2,22,24,16,40,62
05/31/2006,ADM,OK,ASW,CE,Federal Contract Tower,0,0,5,6,11,0,0,10,4,14,0,0,15,10,25,44,56,100,125
06/01/2006,ADM,OK,ASW,CE,Federal Contract Tower,0,0,16,6,22,0,2,0,2,4,0,2,16,8,26,78,12,90,116
06/02/2006,ADM,OK,ASW,CE,Federal Contract Tower,0,0,12,4,16,0,0,4,2,6,0,0,16,6,22,88,14,102,124
06/03/2006,ADM,OK,ASW,CE,Federal Contract Tower,0,0,0,0,0,0,0,21,0,21,0,0,21,0,21,0,0,0,21
06/04/2006,ADM,OK,ASW,CE,Federal Contract Tower,0,0,0,0,0,0,0,18,0,18,0,0,18,0,18,0,0,0,18
06/05/2006,ADM,OK,ASW,CE,Federal Contract Tower,0,0,0,0,0,0,0,4,0,4,0,0,4,0,4,2,6,8,12
06/06/2006,ADM,OK,ASW,CE,Federal Contract Tower,0,0,2,0,2,0,0,21,7,28,0,0,23,7,30,4,26,30,60
06/07/2006,ADM,OK,ASW,CE,Federal Contract Tower,0,0,3,0,3,0,0,9,11,20,0,0,12,11,23,10,32,42,65
06/08/2006,ADM,OK,ASW,CE,Federal Contract Tower,0,0,4,0,4,0,0,37,0,37,0,0,41,0,41,16,12,28,69
06/09/2006,ADM,OK,ASW,CE,Federal Contract Tower,0,0,6,0,6,0,0,29,4,33,0,0,35,4,39,2,12,14,53
06/10/2006,ADM,OK,ASW,CE,Federal Contract Tower,0,0,0,0,0,0,0,9,0,9,0,0,9,0,9,0,0,0,9
06/11/2006,ADM,OK,ASW,CE,Federal Contract Tower,0,0,3,0,3,0,0,18,0,18,0,0,21,0,21,10,0,10,31
06/12/2006,ADM,OK,ASW,CE,Federal Contract Tower,0,0,6,6,12,0,0,21,0,21,0,0,27,6,33,24,22,46,79
06/13/2006,ADM,OK,ASW,CE,Federal Contract Tower,0,0,5,0,5,0,0,12,4,16,0,0,17,4,21,14,4,18,39
06/14/2006,ADM,OK,ASW,CE,Federal Contract Tower,0,0,5,3,8,0,0,30,0,30,0,0,35,3,38,12,18,30,68
06/15/2006,ADM,OK,ASW,CE,Federal Contract Tower,0,0,5,0,5,0,0,14,5,19,0,0,19,5,24,17,14,31,55
06/16/2006,ADM,OK,ASW,CE,Federal Contract Tower,0,0,8,3,11,0,0,31,3,34,0,0,39,6,45,28,3,31,76
06/17/2006,ADM,OK,ASW,CE,Federal Contract Tower,0,0,7,0,7,0,0,2,1,3,0,0,9,1,10,9,1,10,20
06/18/2006,ADM,OK,ASW,CE,Federal Contract Tower,0,0,4,0,4,0,0,6,0,6,0,0,10,0,10,6,6,12,22
06/19/2006,ADM,OK,ASW,CE,Federal Contract Tower,0,0,4,0,4,0,0,5,0,5,0,0,9,0,9,12,2,14,23
06/20/2006,ADM,OK,ASW,CE,Federal Contract Tower,0,0,11,0,11,0,0,12,9,21,0,0,23,9,32,16,32,48,80
06/21/2006,ADM,OK,ASW,CE,Federal Contract Tower,0,0,9,0,9,0,0,9,0,9,0,0,18,0,18,26,0,26,44
06/22/2006,ADM,OK,ASW,CE,Federal Contract Tower,0,0,5,0,5,0,0,0,1,1,0,0,5,1,6,8,0,8,14
06/23/2006,ADM,OK,ASW,CE,Federal Contract Tower,0,0,3,3,6,0,0,10,3,13,0,0,13,6,19,4,6,10,29
06/24/2006,ADM,OK,ASW,CE,Federal Contract Tower,0,0,7,0,7,0,0,38,0,38,0,0,45,0,45,0,0,0,45
06/25/2006,ADM,OK,ASW,CE,Federal Contract Tower,0,0,0,0,0,0,0,14,0,14,0,0,14,0,14,10,0,10,24
06/26/2006,ADM,OK,ASW,CE,Federal Contract Tower,0,0,2,2,4,0,0,11,0,11,0,0,13,2,15,14,0,14,29
06/27/2006,ADM,OK,ASW,CE,Federal Contract Tower,0,0,0,0,0,0,0,13,0,13,0,0,13,0,13,12,0,12,25
06/28/2006,ADM,OK,ASW,CE,Federal Contract Tower,0,0,2,0,2,0,0,11,0,11,0,0,13,0,13,12,0,12,25
06/29/2006,ADM,OK,ASW,CE,Federal Contract Tower,0,0,6,0,6,0,0,24,0,24,0,0,30,0,30,26,0,26,56
06/30/2006,ADM,OK,ASW,CE,Federal Contract Tower,0,0,1,0,1,0,0,35,0,35,0,0,36,0,36,6,0,6,42
07/01/2006,ADM,OK,ASW,CE,Federal Contract Tower,0,0,0,0,0,0,0,44,0,44,0,0,44,0,44,16,0,16,60
07/02/2006,ADM,OK,ASW,CE,Federal Contract Tower,0,0,2,0,2,0,0,8,0,8,0,0,10,0,10,6,0,6,16
07/03/2006,ADM,OK,ASW,CE,Federal Contract Tower,0,0,2,0,2,0,0,22,0,22,0,0,24,0,24,18,0,18,42
07/04/2006,ADM,OK,ASW,CE,Federal Contract Tower,0,0,0,0,0,0,0,10,0,10,0,0,10,0,10,36,0,36,46
07/05/2006,ADM,OK,ASW,CE,Federal Contract Tower,0,0,0,0,0,0,0,16,2,18,0,0,16,2,18,26,2,28,46
07/06/2006,ADM,OK,ASW,CE,Federal Contract Tower,0,0,1,0,1,0,0,16,0,16,0,0,17,0,17,12,0,12,29
07/07/2006,ADM,OK,ASW,CE,Federal Contract Tower,0,0,3,0,3,0,0,21,4,25,0,0,24,4,28,2,76,78,106
07/08/2006,ADM,OK,ASW,CE,Federal Contract Tower,0,0,4,2,6,0,0,68,0,68,0,0,72,2,74,58,8,66,140
07/09/2006,ADM,OK,ASW,CE,Federal Contract Tower,0,0,4,0,4,0,0,2,0,2,0,0,6,0,6,24,0,24,30
07/10/2006,ADM,OK,ASW,CE,Federal Contract Tower,0,0,4,0,4,0,0,18,2,20,0,0,22,2,24,42,2,44,68
07/11/2006,ADM,OK,ASW,CE,Federal Contract Tower,0,0,2,1,3,0,0,21,16,37,0,0,23,17,40,8,98,106,146
07/12/2006,ADM,OK,ASW,CE,Federal Contract Tower,0,0,6,4,10,0,0,6,17,23,0,0,12,21,33,12,50,62,95
07/13/2006,ADM,OK,ASW,CE,Federal Contract Tower,0,0,22,3,25,0,0,56,1,57,0,0,78,4,82,38,8,46,128
07/14/2006,ADM,OK,ASW,CE,Federal Contract Tower,0,0,4,0,4,0,0,34,2,36,0,0,38,2,40,8,6,14,54
07/15/2006,ADM,OK,ASW,CE,Federal Contract Tower,0,0,12,0,12,0,0,30,0,30,0,0,42,0,42,85,0,85,127
07/16/2006,ADM,OK,ASW,CE,Federal Contract Tower,0,0,4,0,4,0,0,14,0,14,0,0,18,0,18,8,0,8,26
07/17/2006,ADM,OK,ASW,CE,Federal Contract Tower,0,0,9,4,13,0,0,51,8,59,0,0,60,12,72,32,20,52,124
07/18/2006,ADM,OK,ASW,CE,Federal Contract Tower,0,0,5,0,5,0,0,75,0,75,0,0,80,0,80,41,0,41,121
07/19/2006,ADM,OK,ASW,CE,Federal Contract Tower,0,0,11,0,11,0,0,72,5,77,0,0,83,5,88,62,18,80,168
07/20/2006,ADM,OK,ASW,CE,Federal Contract Tower,0,0,18,2,20,0,0,87,6,93,0,0,105,8,113,66,8,74,187
07/21/2006,ADM,OK,ASW,CE,Federal Contract Tower,0,0,25,0,25,0,0,56,4,60,0,0,81,4,85,38,28,66,151
07/22/2006,ADM,OK,ASW,CE,Federal Contract Tower,0,0,0,1,1,0,0,48,1,49,0,0,48,2,50,84,2,86,136
07/23/2006,ADM,OK,ASW,CE,Federal Contract Tower,0,0,2,0,2,0,0,48,4,52,0,0,50,4,54,54,0,54,108
07/24/2006,ADM,OK,ASW,CE,Federal Contract Tower,0,0,2,0,2,0,0,10,0,10,0,0,12,0,12,68,0,68,80
07/25/2006,ADM,OK,ASW,CE,Federal Contract Tower,0,0,1,1,2,0,0,9,9,18,0,0,10,10,20,8,76,84,104
07/26/2006,ADM,OK,ASW,CE,Federal Contract Tower,0,0,7,3,10,0,0,10,3,13,0,0,17,6,23,54,38,92,115
07/27/2006,ADM,OK,ASW,CE,Federal Contract Tower,0,0,3,0,3,0,0,13,2,15,0,0,16,2,18,24,6,30,48
07/28/2006,ADM,OK,ASW,CE,Federal Contract Tower,0,0,8,0,8,0,0,97,8,105,0,0,105,8,113,39,4,43,156
07/29/2006,ADM,OK,ASW,CE,Federal Contract Tower,0,0,0,0,0,0,0,36,0,36,0,0,36,0,36,46,0,46,82
07/30/2006,ADM,OK,ASW,CE,Federal Contract Tower,0,0,0,0,0,0,0,16,2,18,0,0,16,2,18,8,2,10,28
07/31/2006,ADM,OK,ASW,CE,Federal Contract Tower,0,0,5,0,5,0,0,7,0,7,0,0,12,0,12,10,0,10,22
08/01/2006,ADM,OK,ASW,CE,Federal Contract Tower,0,0,3,0,3,0,0,23,4,27,0,0,26,4,30,14,28,42,72
08/02/2006,ADM,OK,ASW,CE,Federal Contract Tower,0,0,3,0,3,0,0,25,4,29,0,0,28,4,32,156,40,196,228
08/03/2006,ADM,OK,ASW,CE,Federal Contract Tower,0,0,4,0,4,0,0,101,2,103,0,0,105,2,107,90,24,114,221
08/04/2006,ADM,OK,ASW,CE,Federal Contract Tower,0,0,0,0,0,0,0,115,0,115,0,0,115,0,115,90,0,90,205
08/05/2006,ADM,OK,ASW,CE,Federal Contract Tower,0,0,12,0,12,0,0,16,10,26,0,0,28,10,38,18,16,34,72
08/06/2006,ADM,OK,ASW,CE,Federal Contract Tower,0,0,2,0,2,0,0,45,0,45,0,0,47,0,47,22,6,28,75
08/07/2006,ADM,OK,ASW,CE,Federal Contract Tower,0,0,11,0,11,0,0,35,6,41,0,0,46,6,52,64,0,64,116
08/08/2006,ADM,OK,ASW,CE,Federal Contract Tower,0,0,0,0,0,0,0,35,5,40,0,0,35,5,40,36,18,54,94
08/09/2006,ADM,OK,ASW,CE,Federal Contract Tower,0,0,5,0,5,0,0,49,0,49,0,0,54,0,54,40,2,42,96
08/10/2006,ADM,OK,ASW,CE,Federal Contract Tower,0,0,6,0,6,0,0,54,3,57,0,0,60,3,63,26,10,36,99
08/11/2006,ADM,OK,ASW,CE,Federal Contract Tower,0,0,18,6,24,0,0,67,13,80,0,0,85,19,104,85,10,95,199
08/12/2006,ADM,OK,ASW,CE,Federal Contract Tower,0,0,28,32,60,0,0,88,18,106,0,0,116,50,166,68,86,154,320
08/13/2006,ADM,OK,ASW,CE,Federal Contract Tower,0,0,0,0,0,0,0,76,8,84,0,0,76,8,84,58,12,70,154
08/14/2006,ADM,OK,ASW,CE,Federal Contract Tower,0,0,1,0,1,0,0,22,5,27,0,0,23,5,28,84,2,86,114
08/15/2006,ADM,OK,ASW,CE,Federal Contract Tower,0,0,1,0,1,0,0,27,10,37,0,0,28,10,38,28,24,52,90
08/16/2006,ADM,OK,ASW,CE,Federal Contract Tower,0,0,4,14,18,0,0,52,17,69,0,0,56,31,87,54,16,70,157
08/17/2006,ADM,OK,ASW,CE,Federal Contract Tower,0,0,9,2,11,0,0,240,22,262,0,0,249,24,273,104,56,160,433
08/18/2006,ADM,OK,ASW,CE,Federal Contract Tower,0,0,2,4,6,0,0,203,15,218,0,0,205,19,224,70,34,104,328
08/19/2006,ADM,OK,ASW,CE,Federal Contract Tower,0,0,2,0,2,0,0,202,0,202,0,0,204,0,204,82,0,82,286
08/20/2006,ADM,OK,ASW,CE,Federal Contract Tower,0,0,0,0,0,0,0,64,0,64,0,0,64,0,64,26,0,26,90
08/21/2006,ADM,OK,ASW,CE,Federal Contract Tower,0,0,3,1,4,0,0,29,3,32,0,0,32,4,36,28,16,44,80
08/22/2006,ADM,OK,ASW,CE,Federal Contract Tower,0,0,4,0,4,0,0,16,3,19,0,0,20,3,23,44,18,62,85
08/23/2006,ADM,OK,ASW,CE,Federal Contract Tower,0,0,4,0,4,0,0,4,2,6,0,0,8,2,10,6,4,10,20
08/24/2006,ADM,OK,ASW,CE,Federal Contract Tower,0,0,5,0,5,0,0,62,22,84,0,0,67,22,89,16,60,76,165
08/25/2006,ADM,OK,ASW,CE,Federal Contract Tower,0,0,2,4,6,0,0,49,2,51,0,0,51,6,57,8,18,26,83
08/26/2006,ADM,OK,ASW,CE,Federal Contract Tower,0,0,4,0,4,0,0,22,4,26,0,0,26,4,30,14,28,42,72
08/27/2006,ADM,OK,ASW,CE,Federal Contract Tower,0,0,5,0,5,0,0,13,0,13,0,0,18,0,18,24,0,24,42
08/28/2006,ADM,OK,ASW,CE,Federal Contract Tower,0,0,2,0,2,0,0,2,0,2,0,0,4,0,4,0,0,0,4
08/29/2006,ADM,OK,ASW,CE,Federal Contract Tower,0,0,8,0,8,0,0,14,6,20,0,0,22,6,28,16,0,16,44
08/30/2006,ADM,OK,ASW,CE,Federal Contract Tower,0,0,22,0,22,0,0,76,2,78,0,0,98,2,100,90,2,92,192
08/31/2006,ADM,OK,ASW,CE,Federal Contract Tower,0,0,7,0,7,0,0,41,2,43,0,0,48,2,50,26,0,26,76
09/01/2006,ADM,OK,ASW,CE,Federal Contract Tower,0,0,6,0,6,0,0,50,0,50,0,0,56,0,56,12,0,12,68
09/02/2006,ADM,OK,ASW,CE,Federal Contract Tower,0,0,9,0,9,0,0,33,0,33,0,0,42,0,42,22,0,22,64
09/03/2006,ADM,OK,ASW,CE,Federal Contract Tower,0,0,2,0,2,0,0,20,0,20,0,0,22,0,22,6,0,6,28
09/04/2006,ADM,OK,ASW,CE,Federal Contract Tower,0,0,3,0,3,0,0,0,0,0,0,0,3,0,3,0,0,0,3
09/05/2006,ADM,OK,ASW,CE,Federal Contract Tower,0,0,11,0,11,0,0,24,8,32,0,0,35,8,43,38,32,70,113
09/06/2006,ADM,OK,ASW,CE,Federal Contract Tower,0,0,6,2,8,0,0,38,8,46,0,0,44,10,54,100,24,124,178
09/07/2006,ADM,OK,ASW,CE,Federal Contract Tower,0,0,2,1,3,0,0,27,1,28,0,0,29,2,31,48,4,52,83
09/08/2006,ADM,OK,ASW,CE,Federal Contract Tower,0,0,0,0,0,0,0,39,6,45,0,0,39,6,45,40,10,50,95
09/09/2006,ADM,OK,ASW,CE,Federal Contract Tower,0,0,2,8,10,0,0,22,0,22,0,0,24,8,32,154,40,194,226
09/10/2006,ADM,OK,ASW,CE,Federal Contract Tower,0,0,11,0,11,0,0,39,0,39,0,0,50,0,50,22,0,22,72
09/11/2006,ADM,OK,ASW,CE,Federal Contract Tower,0,0,2,0,2,0,0,32,7,39,0,0,34,7,41,33,10,43,84
09/12/2006,ADM,OK,ASW,CE,Federal Contract Tower,0,0,0,2,2,0,0,39,5,44,0,0,39,7,46,74,12,86,132
09/13/2006,ADM,OK,ASW,CE,Federal Contract Tower,0,0,0,2,2,0,0,37,4,41,0,0,37,6,43,138,10,148,191
09/14/2006,ADM,OK,ASW,CE,Federal Contract Tower,0,0,9,0,9,0,0,36,0,36,0,0,45,0,45,36,0,36,81
09/15/2006,ADM,OK,ASW,CE,Federal Contract Tower,0,0,19,0,19,0,0,26,3,29,0,0,45,3,48,42,0,42,90
09/16/2006,ADM,OK,ASW,CE,Federal Contract Tower,0,0,2,0,2,0,0,20,0,20,0,0,22,0,22,6,0,6,28
09/17/2006,ADM,OK,ASW,CE,Federal Contract Tower,0,0,0,0,0,0,0,20,0,20,0,0,20,0,20,10,0,10,30
09/18/2006,ADM,OK,ASW,CE,Federal Contract Tower,0,0,4,0,4,0,0,53,0,53,0,0,57,0,57,436,0,436,493
09/19/2006,ADM,OK,ASW,CE,Federal Contract Tower,0,0,6,2,8,0,0,59,7,66,0,0,65,9,74,552,36,588,662
09/20/2006,ADM,OK,ASW,CE,Federal Contract Tower,0,0,4,2,6,0,0,42,15,57,0,0,46,17,63,742,34,776,839
09/21/2006,ADM,OK,ASW,CE,Federal Contract Tower,0,0,4,0,4,0,0,12,0,12,0,0,16,0,16,20,0,20,36
09/22/2006,ADM,OK,ASW,CE,Federal Contract Tower,0,0,8,0,8,0,0,29,6,35,0,0,37,6,43,138,10,148,191
09/23/2006,ADM,OK,ASW,CE,Federal Contract Tower,0,0,2,0,2,0,0,35,2,37,0,0,37,2,39,290,0,290,329
09/24/2006,ADM,OK,ASW,CE,Federal Contract Tower,0,0,0,0,0,0,0,20,0,20,0,0,20,0,20,10,0,10,30
09/25/2006,ADM,OK,ASW,CE,Federal Contract Tower,0,0,11,2,13,0,0,38,0,38,0,0,49,2,51,68,16,84,135
09/26/2006,ADM,OK,ASW,CE,Federal Contract Tower,0,0,4,0,4,0,0,25,6,31,0,0,29,6,35,4,38,42,77
09/27/2006,ADM,OK,ASW,CE,Federal Contract Tower,0,0,11,1,12,0,0,20,5,25,0,0,31,6,37,42,4,46,83
09/28/2006,ADM,OK,ASW,CE,Federal Contract Tower,0,0,7,0,7,0,0,30,5,35,0,0,37,5,42,16,20,36,78
09/29/2006,ADM,OK,ASW,CE,Federal Contract Tower,0,0,10,0,10,0,0,32,4,36,0,0,42,4,46,42,0,42,88
09/30/2006,ADM,OK,ASW,CE,Federal Contract Tower,0,0,65,0,65,0,0,0,0,0,0,0,65,0,65,162,0,162,227
10/01/2006,ADM,OK,ASW,CE,Federal Contract Tower,0,0,8,0,8,0,0,52,0,52,0,0,60,0,60,58,0,58,118
10/02/2006,ADM,OK,ASW,CE,Federal Contract Tower,0,0,0,0,0,0,0,33,7,40,0,0,33,7,40,12,48,60,100
10/03/2006,ADM,OK,ASW,CE,Federal Contract Tower,0,0,3,0,3,0,0,37,14,51,0,0,40,14,54,38,66,104,158
10/04/2006,ADM,OK,ASW,CE,Federal Contract Tower,0,0,5,0,5,0,0,32,8,40,0,0,37,8,45,40,34,74,119
10/05/2006,ADM,OK,ASW,CE,Federal Contract Tower,0,0,17,0,17,0,0,37,9,46,0,0,54,9,63,80,26,106,169
10/06/2006,ADM,OK,ASW,CE,Federal Contract Tower,0,0,8,0,8,0,0,37,9,46,0,0,45,9,54,82,10,92,146
10/07/2006,ADM,OK,ASW,CE,Federal Contract Tower,0,0,7,0,7,0,0,31,0,31,0,0,38,0,38,52,0,52,90
10/08/2006,ADM,OK,ASW,CE,Federal Contract Tower,0,0,0,0,0,0,0,24,0,24,0,0,24,0,24,46,0,46,70
10/09/2006,ADM,OK,ASW,CE,Federal Contract Tower,0,0,4,0,4,0,0,28,0,28,0,0,32,0,32,27,0,27,59
10/10/2006,ADM,OK,ASW,CE,Federal Contract Tower,0,0,4,0,4,0,0,12,0,12,0,0,16,0,16,18,0,18,34
10/11/2006,ADM,OK,ASW,CE,Federal Contract Tower,0,0,3,0,3,0,0,19,0,19,0,0,22,0,22,90,0,90,112
10/12/2006,ADM,OK,ASW,CE,Federal Contract Tower,0,0,13,0,13,0,0,23,8,31,0,0,36,8,44,126,0,126,170
10/13/2006,ADM,OK,ASW,CE,Federal Contract Tower,0,0,12,0,12,0,0,56,0,56,0,0,68,0,68,124,0,124,192
10/14/2006,ADM,OK,ASW,CE,Federal Contract Tower,0,0,0,0,0,0,0,141,26,167,0,0,141,26,167,46,10,56,223
10/15/2006,ADM,OK,ASW,CE,Federal Contract Tower,0,0,0,0,0,0,0,0,0,0,0,0,0,0,0,0,0,0,0
10/16/2006,ADM,OK,ASW,CE,Federal Contract Tower,0,0,9,0,9,0,0,18,0,18,0,0,27,0,27,62,0,62,89
10/17/2006,ADM,OK,ASW,CE,Federal Contract Tower,0,0,4,0,4,0,0,44,4,48,0,0,48,4,52,62,0,62,114
10/18/2006,ADM,OK,ASW,CE,Federal Contract Tower,0,0,12,0,12,0,0,34,0,34,0,0,46,0,46,14,0,14,60
10/19/2006,ADM,OK,ASW,CE,Federal Contract Tower,0,0,3,2,5,0,0,16,2,18,0,0,19,4,23,36,4,40,63
10/20/2006,ADM,OK,ASW,CE,Federal Contract Tower,0,0,11,0,11,0,0,54,7,61,0,0,65,7,72,78,0,78,150
10/21/2006,ADM,OK,ASW,CE,Federal Contract Tower,0,0,0,0,0,0,0,55,0,55,0,0,55,0,55,48,0,48,103
10/22/2006,ADM,OK,ASW,CE,Federal Contract Tower,0,0,0,0,0,0,0,33,0,33,0,0,33,0,33,34,0,34,67
10/23/2006,ADM,OK,ASW,CE,Federal Contract Tower,0,0,11,1,12,0,0,57,6,63,0,0,68,7,75,82,16,98,173
10/24/2006,ADM,OK,ASW,CE,Federal Contract Tower,0,0,1,2,3,0,0,82,0,82,0,0,83,2,85,16,8,24,109
10/25/2006,ADM,OK,ASW,CE,Federal Contract Tower,0,0,0,0,0,0,0,0,0,0,0,0,0,0,0,0,0,0,0
10/26/2006,ADM,OK,ASW,CE,Federal Contract Tower,0,0,11,0,11,0,0,57,7,64,0,0,68,7,75,82,0,82,157
10/27/2006,ADM,OK,ASW,CE,Federal Contract Tower,0,0,6,0,6,0,0,36,0,36,0,0,42,0,42,26,0,26,68
10/28/2006,ADM,OK,ASW,CE,Federal Contract Tower,0,0,3,0,3,0,0,93,0,93,0,0,96,0,96,78,0,78,174
10/29/2006,ADM,OK,ASW,CE,Federal Contract Tower,0,0,0,0,0,0,0,62,0,62,0,0,62,0,62,39,0,39,101
10/30/2006,ADM,OK,ASW,CE,Federal Contract Tower,0,0,3,0,3,0,0,14,0,14,0,0,17,0,17,22,0,22,39
10/31/2006,ADM,OK,ASW,CE,Federal Contract Tower,0,0,2,2,4,0,0,11,4,15,0,0,13,6,19,13,19,32,51
11/01/2006,ADM,OK,ASW,CE,Federal Contract Tower,0,0,0,0,0,0,0,28,4,32,0,0,28,4,32,39,4,43,75
11/02/2006,ADM,OK,ASW,CE,Federal Contract Tower,0,0,0,0,0,0,0,83,0,83,0,0,83,0,83,52,0,52,135
11/03/2006,ADM,OK,ASW,CE,Federal Contract Tower,0,0,0,0,0,0,0,61,3,64,0,0,61,3,64,60,10,70,134
11/04/2006,ADM,OK,ASW,CE,Federal Contract Tower,0,0,4,0,4,0,0,78,32,110,0,0,82,32,114,136,32,168,282
11/05/2006,ADM,OK,ASW,CE,Federal Contract Tower,0,0,0,0,0,0,0,6,0,6,0,0,6,0,6,4,0,4,10
11/06/2006,ADM,OK,ASW,CE,Federal Contract Tower,0,0,4,0,4,0,0,8,0,8,0,0,12,0,12,21,0,21,33
11/07/2006,ADM,OK,ASW,CE,Federal Contract Tower,0,0,5,5,10,0,0,21,4,25,0,0,26,9,35,48,12,60,95
11/08/2006,ADM,OK,ASW,CE,Federal Contract Tower,0,0,0,0,0,0,0,55,0,55,0,0,55,0,55,59,0,59,114
11/09/2006,ADM,OK,ASW,CE,Federal Contract Tower,0,0,2,0,2,0,0,38,0,38,0,0,40,0,40,24,0,24,64
11/10/2006,ADM,OK,ASW,CE,Federal Contract Tower,0,0,2,0,2,0,0,16,0,16,0,0,18,0,18,16,0,16,34
11/11/2006,ADM,OK,ASW,CE,Federal Contract Tower,0,0,2,0,2,0,0,138,0,138,0,0,140,0,140,48,0,48,188
11/12/2006,ADM,OK,ASW,CE,Federal Contract Tower,0,0,4,0,4,0,0,40,0,40,0,0,44,0,44,30,0,30,74
11/13/2006,ADM,OK,ASW,CE,Federal Contract Tower,0,0,5,1,6,0,0,30,0,30,0,0,35,1,36,21,12,33,69
11/14/2006,ADM,OK,ASW,CE,Federal Contract Tower,0,0,2,0,2,0,0,25,12,37,0,0,27,12,39,22,46,68,107
11/15/2006,ADM,OK,ASW,CE,Federal Contract Tower,0,0,4,0,4,0,0,0,0,0,0,0,4,0,4,4,0,4,8
11/16/2006,ADM,OK,ASW,CE,Federal Contract Tower,0,0,4,0,4,0,0,44,8,52,0,0,48,8,56,34,24,58,114
11/17/2006,ADM,OK,ASW,CE,Federal Contract Tower,0,0,1,0,1,0,0,109,4,113,0,0,110,4,114,52,24,76,190
11/18/2006,ADM,OK,ASW,CE,Federal Contract Tower,0,0,0,0,0,0,0,88,0,88,0,0,88,0,88,136,0,136,224
11/19/2006,ADM,OK,ASW,CE,Federal Contract Tower,0,0,6,0,6,0,0,125,0,125,0,0,131,0,131,214,0,214,345
11/20/2006,ADM,OK,ASW,CE,Federal Contract Tower,0,0,1,4,5,0,0,45,2,47,0,0,46,6,52,42,12,54,106
11/21/2006,ADM,OK,ASW,CE,Federal Contract Tower,0,0,0,2,2,0,0,35,7,42,0,0,35,9,44,8,46,54,98
11/22/2006,ADM,OK,ASW,CE,Federal Contract Tower,0,0,1,0,1,0,0,33,0,33,0,0,34,0,34,18,0,18,52
11/23/2006,ADM,OK,ASW,CE,Federal Contract Tower,0,0,0,0,0,0,0,30,0,30,0,0,30,0,30,20,0,20,50
11/24/2006,ADM,OK,ASW,CE,Federal Contract Tower,0,0,1,0,1,0,0,39,0,39,0,0,40,0,40,51,0,51,91
11/25/2006,ADM,OK,ASW,CE,Federal Contract Tower,0,0,10,0,10,0,0,8,0,8,0,0,18,0,18,8,0,8,26
11/26/2006,ADM,OK,ASW,CE,Federal Contract Tower,0,0,2,0,2,0,0,5,0,5,0,0,7,0,7,4,0,4,11
11/27/2006,ADM,OK,ASW,CE,Federal Contract Tower,0,0,1,0,1,0,0,30,0,30,0,0,31,0,31,14,0,14,45
11/28/2006,ADM,OK,ASW,CE,Federal Contract Tower,0,0,3,6,9,0,0,45,10,55,0,0,48,16,64,26,28,54,118
11/29/2006,ADM,OK,ASW,CE,Federal Contract Tower,0,0,1,0,1,0,0,3,0,3,0,0,4,0,4,0,0,0,4
11/30/2006,ADM,OK,ASW,CE,Federal Contract Tower,0,0,0,0,0,0,0,1,0,1,0,0,1,0,1,0,0,0,1
12/01/2006,ADM,OK,ASW,CE,Federal Contract Tower,0,0,0,0,0,0,0,10,0,10,0,0,10,0,10,10,0,10,20
12/02/2006,ADM,OK,ASW,CE,Federal Contract Tower,0,0,5,0,5,0,0,61,0,61,0,0,66,0,66,53,0,53,119
12/03/2006,ADM,OK,ASW,CE,Federal Contract Tower,0,0,0,0,0,0,0,30,2,32,0,0,30,2,32,32,0,32,64
12/04/2006,ADM,OK,ASW,CE,Federal Contract Tower,0,0,2,1,3,0,0,22,1,23,0,0,24,2,26,36,16,52,78
12/05/2006,ADM,OK,ASW,CE,Federal Contract Tower,0,0,2,2,4,0,0,43,14,57,0,0,45,16,61,68,42,110,171
12/06/2006,ADM,OK,ASW,CE,Federal Contract Tower,0,0,20,2,22,0,0,79,28,107,0,0,99,30,129,176,48,224,353
12/07/2006,ADM,OK,ASW,CE,Federal Contract Tower,0,0,5,0,5,0,0,50,8,58,0,0,55,8,63,46,12,58,121
12/08/2006,ADM,OK,ASW,CE,Federal Contract Tower,0,0,4,0,4,0,0,49,0,49,0,0,53,0,53,82,0,82,135
12/09/2006,ADM,OK,ASW,CE,Federal Contract Tower,0,0,0,0,0,0,0,122,0,122,0,0,122,0,122,80,0,80,202
12/10/2006,ADM,OK,ASW,CE,Federal Contract Tower,0,0,0,6,6,0,0,0,0,0,0,0,0,6,6,0,24,24,30
12/11/2006,ADM,OK,ASW,CE,Federal Contract Tower,0,0,1,0,1,0,0,35,6,41,0,0,36,6,42,24,30,54,96
12/12/2006,ADM,OK,ASW,CE,Federal Contract Tower,0,0,1,6,7,0,0,37,10,47,0,0,38,16,54,22,36,58,112
12/13/2006,ADM,OK,ASW,CE,Federal Contract Tower,0,0,10,6,16,0,0,144,20,164,0,0,154,26,180,82,36,118,298
12/14/2006,ADM,OK,ASW,CE,Federal Contract Tower,0,0,0,1,1,0,0,77,0,77,0,0,77,1,78,137,4,141,219
12/15/2006,ADM,OK,ASW,CE,Federal Contract Tower,0,0,1,3,4,0,0,45,0,45,0,0,46,3,49,25,20,45,94
12/16/2006,ADM,OK,ASW,CE,Federal Contract Tower,0,0,8,0,8,0,0,71,4,75,0,0,79,4,83,58,0,58,141
12/17/2006,ADM,OK,ASW,CE,Federal Contract Tower,0,0,0,3,3,0,0,10,0,10,0,0,10,3,13,4,8,12,25
12/18/2006,ADM,OK,ASW,CE,Federal Contract Tower,0,0,2,0,2,0,0,6,0,6,0,0,8,0,8,44,0,44,52
12/19/2006,ADM,OK,ASW,CE,Federal Contract Tower,0,0,5,0,5,0,0,0,0,0,0,0,5,0,5,4,1,5,10
12/20/2006,ADM,OK,ASW,CE,Federal Contract Tower,0,0,3,10,13,0,0,3,7,10,0,0,6,17,23,2,24,26,49
12/21/2006,ADM,OK,ASW,CE,Federal Contract Tower,0,0,1,3,4,0,0,52,0,52,0,0,53,3,56,27,20,47,103
12/22/2006,ADM,OK,ASW,CE,Federal Contract Tower,0,0,6,0,6,0,0,28,12,40,0,0,34,12,46,10,24,34,80
12/23/2006,ADM,OK,ASW,CE,Federal Contract Tower,0,0,2,0,2,0,0,54,0,54,0,0,56,0,56,38,0,38,94
12/24/2006,ADM,OK,ASW,CE,Federal Contract Tower,0,0,0,0,0,0,0,10,0,10,0,0,10,0,10,6,0,6,16
12/25/2006,ADM,OK,ASW,CE,Federal Contract Tower,0,0,0,0,0,0,0,4,0,4,0,0,4,0,4,4,0,4,8
12/26/2006,ADM,OK,ASW,CE,Federal Contract Tower,0,0,4,0,4,0,0,29,0,29,0,0,33,0,33,38,0,38,71
12/27/2006,ADM,OK,ASW,CE,Federal Contract Tower,0,0,16,12,28,0,0,45,0,45,0,0,61,12,73,102,16,118,191
12/28/2006,ADM,OK,ASW,CE,Federal Contract Tower,0,0,6,0,6,0,0,49,8,57,0,0,55,8,63,46,12,58,121
12/29/2006,ADM,OK,ASW,CE,Federal Contract Tower,0,0,4,0,4,0,0,0,0,0,0,0,4,0,4,4,0,4,8
12/30/2006,ADM,OK,ASW,CE,Federal Contract Tower,0,0,1,0,1,0,0,29,0,29,0,0,30,0,30,32,0,32,62
12/31/2006,ADM,OK,ASW,CE,Federal Contract Tower,0,0,2,0,2,0,0,36,0,36,0,0,38,0,38,18,0,18,56
01/01/2007,ADM,OK,ASW,CE,Federal Contract Tower,0,0,8,0,8,0,0,10,0,10,0,0,18,0,18,22,0,22,40
01/02/2007,ADM,OK,ASW,CE,Federal Contract Tower,0,0,11,0,11,0,0,53,0,53,0,0,64,0,64,76,0,76,140
01/03/2007,ADM,OK,ASW,CE,Federal Contract Tower,0,0,12,1,13,0,0,50,1,51,0,0,62,2,64,83,70,153,217
01/04/2007,ADM,OK,ASW,CE,Federal Contract Tower,0,0,4,0,4,0,0,2,0,2,0,0,6,0,6,4,0,4,10
01/05/2007,ADM,OK,ASW,CE,Federal Contract Tower,0,0,2,0,2,0,0,4,0,4,0,0,6,0,6,10,0,10,16
01/06/2007,ADM,OK,ASW,CE,Federal Contract Tower,0,0,2,0,2,0,0,53,0,53,0,0,55,0,55,50,0,50,105
01/07/2007,ADM,OK,ASW,CE,Federal Contract Tower,0,0,1,0,1,0,0,28,0,28,0,0,29,0,29,14,0,14,43
01/08/2007,ADM,OK,ASW,CE,Federal Contract Tower,0,0,36,0,36,0,0,36,1,37,0,0,72,1,73,82,10,92,165
01/09/2007,ADM,OK,ASW,CE,Federal Contract Tower,0,0,3,1,4,0,0,34,6,40,0,0,37,7,44,84,56,140,184
01/10/2007,ADM,OK,ASW,CE,Federal Contract Tower,0,0,21,3,24,0,0,37,0,37,0,0,58,3,61,94,20,114,175
01/11/2007,ADM,OK,ASW,CE,Federal Contract Tower,0,0,0,8,8,0,0,0,2,2,0,0,0,10,10,0,15,15,25
01/12/2007,ADM,OK,ASW,CE,Federal Contract Tower,0,0,1,0,1,0,0,0,0,0,0,0,1,0,1,0,0,0,1
01/13/2007,ADM,OK,ASW,CE,Federal Contract Tower,0,0,19,9,28,0,0,45,1,46,0,0,64,10,74,48,16,64,138
01/14/2007,ADM,OK,ASW,CE,Federal Contract Tower,0,0,0,0,0,0,0,0,0,0,0,0,0,0,0,0,0,0,0
01/15/2007,ADM,OK,ASW,CE,Federal Contract Tower,0,0,2,0,2,0,0,0,0,0,0,0,2,0,2,0,0,0,2
01/16/2007,ADM,OK,ASW,CE,Federal Contract Tower,0,0,7,0,7,0,0,1,0,1,0,0,8,0,8,6,0,6,14
01/17/2007,ADM,OK,ASW,CE,Federal Contract Tower,0,0,2,0,2,0,0,0,0,0,0,0,2,0,2,2,0,2,4
01/18/2007,ADM,OK,ASW,CE,Federal Contract Tower,0,0,8,0,8,0,0,0,0,0,0,0,8,0,8,0,0,0,8
01/19/2007,ADM,OK,ASW,CE,Federal Contract Tower,0,0,5,0,5,0,0,9,14,23,0,0,14,14,28,32,20,52,80
01/20/2007,ADM,OK,ASW,CE,Federal Contract Tower,0,0,11,0,11,0,0,31,0,31,0,0,42,0,42,38,0,38,80
01/21/2007,ADM,OK,ASW,CE,Federal Contract Tower,0,0,3,0,3,0,0,5,0,5,0,0,8,0,8,12,0,12,20
01/22/2007,ADM,OK,ASW,CE,Federal Contract Tower,0,0,0,8,8,0,0,48,6,54,0,0,48,14,62,56,21,77,139
01/23/2007,ADM,OK,ASW,CE,Federal Contract Tower,0,0,7,0,7,0,0,32,3,35,0,0,39,3,42,24,8,32,74
01/24/2007,ADM,OK,ASW,CE,Federal Contract Tower,0,0,4,0,4,0,0,10,0,10,0,0,14,0,14,8,0,8,22
01/25/2007,ADM,OK,ASW,CE,Federal Contract Tower,0,0,4,0,4,0,0,58,8,66,0,0,62,8,70,50,6,56,126
01/26/2007,ADM,OK,ASW,CE,Federal Contract Tower,0,0,12,2,14,0,0,52,12,64,0,0,64,14,78,39,8,47,125
01/27/2007,ADM,OK,ASW,CE,Federal Contract Tower,0,0,1,1,2,0,0,38,0,38,0,0,39,1,40,40,6,46,86
01/28/2007,ADM,OK,ASW,CE,Federal Contract Tower,0,0,1,1,2,0,0,38,0,38,0,0,39,1,40,40,6,46,86
01/29/2007,ADM,OK,ASW,CE,Federal Contract Tower,0,0,6,4,10,0,0,30,4,34,0,0,36,8,44,16,8,24,68
01/30/2007,ADM,OK,ASW,CE,Federal Contract Tower,0,0,3,5,8,0,0,28,6,34,0,0,31,11,42,28,36,64,106
01/31/2007,ADM,OK,ASW,CE,Federal Contract Tower,0,0,2,0,2,0,0,0,0,0,0,0,2,0,2,6,0,6,8
02/01/2007,ADM,OK,ASW,CE,Federal Contract Tower,0,0,0,0,0,0,0,0,0,0,0,0,0,0,0,0,0,0,0
02/02/2007,ADM,OK,ASW,CE,Federal Contract Tower,0,0,2,0,2,0,0,40,0,40,0,0,42,0,42,68,0,68,110
02/03/2007,ADM,OK,ASW,CE,Federal Contract Tower,0,0,10,0,10,0,0,66,0,66,0,0,76,0,76,124,0,124,200
02/04/2007,ADM,OK,ASW,CE,Federal Contract Tower,0,0,4,0,4,0,0,48,0,48,0,0,52,0,52,78,0,78,130
02/05/2007,ADM,OK,ASW,CE,Federal Contract Tower,0,0,2,0,2,0,0,15,4,19,0,0,17,4,21,30,18,48,69
02/06/2007,ADM,OK,ASW,CE,Federal Contract Tower,0,0,4,0,4,0,0,26,5,31,0,0,30,5,35,6,30,36,71
02/07/2007,ADM,OK,ASW,CE,Federal Contract Tower,0,0,2,2,4,0,0,37,10,47,0,0,39,12,51,136,80,216,267
02/08/2007,ADM,OK,ASW,CE,Federal Contract Tower,0,0,15,0,15,0,0,2,0,2,0,0,17,0,17,18,1,19,36
02/09/2007,ADM,OK,ASW,CE,Federal Contract Tower,0,0,6,6,12,0,0,23,0,23,0,0,29,6,35,50,12,62,97
02/10/2007,ADM,OK,ASW,CE,Federal Contract Tower,0,0,12,0,12,0,0,35,0,35,0,0,47,0,47,94,0,94,141
02/11/2007,ADM,OK,ASW,CE,Federal Contract Tower,0,0,2,0,2,0,0,0,0,0,0,0,2,0,2,2,0,2,4
02/12/2007,ADM,OK,ASW,CE,Federal Contract Tower,0,0,4,0,4,0,0,0,0,0,0,0,4,0,4,0,0,0,4
02/13/2007,ADM,OK,ASW,CE,Federal Contract Tower,0,0,0,0,0,0,0,2,5,7,0,0,2,5,7,0,4,4,11
02/14/2007,ADM,OK,ASW,CE,Federal Contract Tower,0,0,10,0,10,0,0,11,0,11,0,0,21,0,21,38,0,38,59
02/15/2007,ADM,OK,ASW,CE,Federal Contract Tower,0,0,22,12,34,0,0,34,4,38,0,0,56,16,72,68,28,96,168
02/16/2007,ADM,OK,ASW,CE,Federal Contract Tower,0,0,2,4,6,0,0,35,0,35,0,0,37,4,41,50,8,58,99
02/17/2007,ADM,OK,ASW,CE,Federal Contract Tower,0,0,2,0,2,0,0,33,0,33,0,0,35,0,35,38,0,38,73
02/18/2007,ADM,OK,ASW,CE,Federal Contract Tower,0,0,14,0,14,0,0,51,2,53,0,0,65,2,67,82,2,84,151
02/19/2007,ADM,OK,ASW,CE,Federal Contract Tower,0,0,3,0,3,0,0,24,0,24,0,0,27,0,27,46,0,46,73
02/20/2007,ADM,OK,ASW,CE,Federal Contract Tower,0,0,2,4,6,0,0,28,6,34,0,0,30,10,40,66,12,78,118
02/21/2007,ADM,OK,ASW,CE,Federal Contract Tower,0,0,13,6,19,0,0,44,0,44,0,0,57,6,63,108,12,120,183
02/22/2007,ADM,OK,ASW,CE,Federal Contract Tower,0,0,8,1,9,0,0,65,7,72,0,0,73,8,81,82,88,170,251
02/23/2007,ADM,OK,ASW,CE,Federal Contract Tower,0,0,2,4,6,0,0,27,14,41,0,0,29,18,47,58,52,110,157
02/24/2007,ADM,OK,ASW,CE,Federal Contract Tower,0,0,3,0,3,0,0,0,0,0,0,0,3,0,3,0,0,0,3
02/25/2007,ADM,OK,ASW,CE,Federal Contract Tower,0,0,6,0,6,0,0,28,8,36,0,0,34,8,42,18,4,22,64
02/26/2007,ADM,OK,ASW,CE,Federal Contract Tower,0,0,2,0,2,0,0,46,7,53,0,0,48,7,55,60,74,134,189
02/27/2007,ADM,OK,ASW,CE,Federal Contract Tower,0,0,4,4,8,0,0,15,15,30,0,0,19,19,38,26,55,81,119
02/28/2007,ADM,OK,ASW,CE,Federal Contract Tower,0,0,1,2,3,0,0,46,6,52,0,0,47,8,55,28,26,54,109
03/01/2007,ADM,OK,ASW,CE,Federal Contract Tower,0,0,17,0,17,0,0,23,0,23,0,0,40,0,40,88,0,88,128
03/02/2007,ADM,OK,ASW,CE,Federal Contract Tower,0,0,0,1,1,0,0,49,13,62,0,0,49,14,63,54,24,78,141
03/03/2007,ADM,OK,ASW,CE,Federal Contract Tower,0,0,3,0,3,0,0,79,0,79,0,0,82,0,82,76,0,76,158
03/04/2007,ADM,OK,ASW,CE,Federal Contract Tower,0,0,2,6,8,0,0,21,0,21,0,0,23,6,29,46,4,50,79
03/05/2007,ADM,OK,ASW,CE,Federal Contract Tower,0,0,1,2,3,0,0,31,0,31,0,0,32,2,34,30,36,66,100
03/06/2007,ADM,OK,ASW,CE,Federal Contract Tower,0,0,1,2,3,0,0,31,6,37,0,0,32,8,40,30,36,66,106
03/07/2007,ADM,OK,ASW,CE,Federal Contract Tower,0,0,4,14,18,0,0,31,0,31,0,0,35,14,49,40,38,78,127
03/08/2007,ADM,OK,ASW,CE,Federal Contract Tower,0,0,0,0,0,0,0,57,0,57,0,0,57,0,57,84,0,84,141
03/09/2007,ADM,OK,ASW,CE,Federal Contract Tower,0,0,3,2,5,0,0,39,1,40,0,0,42,3,45,22,16,38,83
03/10/2007,ADM,OK,ASW,CE,Federal Contract Tower,0,0,1,0,1,0,0,92,0,92,0,0,93,0,93,24,0,24,117
03/11/2007,ADM,OK,ASW,CE,Federal Contract Tower,0,0,0,0,0,0,0,3,0,3,0,0,3,0,3,0,0,0,3
03/12/2007,ADM,OK,ASW,CE,Federal Contract Tower,0,0,0,0,0,0,0,3,0,3,0,0,3,0,3,0,0,0,3
03/13/2007,ADM,OK,ASW,CE,Federal Contract Tower,0,0,11,0,11,0,0,0,2,2,0,0,11,2,13,26,4,30,43
03/14/2007,ADM,OK,ASW,CE,Federal Contract Tower,0,0,8,0,8,0,0,24,8,32,0,0,32,8,40,52,18,70,110
03/15/2007,ADM,OK,ASW,CE,Federal Contract Tower,0,0,7,0,7,0,0,33,0,33,0,0,40,0,40,48,0,48,88
03/16/2007,ADM,OK,ASW,CE,Federal Contract Tower,0,0,33,0,33,0,0,55,2,57,0,0,88,2,90,126,6,132,222
03/17/2007,ADM,OK,ASW,CE,Federal Contract Tower,0,0,34,22,56,0,0,54,0,54,0,0,88,22,110,90,32,122,232
03/18/2007,ADM,OK,ASW,CE,Federal Contract Tower,0,0,7,2,9,0,0,9,0,9,0,0,16,2,18,18,8,26,44
03/19/2007,ADM,OK,ASW,CE,Federal Contract Tower,0,0,1,0,1,0,0,20,12,32,0,0,21,12,33,11,26,37,70
03/20/2007,ADM,OK,ASW,CE,Federal Contract Tower,0,0,6,3,9,0,0,27,0,27,0,0,33,3,36,56,20,76,112
03/21/2007,ADM,OK,ASW,CE,Federal Contract Tower,0,0,20,10,30,0,0,23,1,24,0,0,43,11,54,51,57,108,162
03/22/2007,ADM,OK,ASW,CE,Federal Contract Tower,0,0,15,8,23,0,0,36,0,36,0,0,51,8,59,114,12,126,185
03/23/2007,ADM,OK,ASW,CE,Federal Contract Tower,0,0,14,6,20,0,0,31,2,33,0,0,45,8,53,36,22,58,111
03/24/2007,ADM,OK,ASW,CE,Federal Contract Tower,0,0,3,0,3,0,0,79,0,79,0,0,82,0,82,76,0,76,158
03/25/2007,ADM,OK,ASW,CE,Federal Contract Tower,0,0,15,0,15,0,0,0,0,0,0,0,15,0,15,18,0,18,33
03/26/2007,ADM,OK,ASW,CE,Federal Contract Tower,0,0,23,0,23,0,0,23,0,23,0,0,46,0,46,72,0,72,118
03/27/2007,ADM,OK,ASW,CE,Federal Contract Tower,0,0,12,0,12,0,0,16,0,16,0,0,28,0,28,42,0,42,70
03/28/2007,ADM,OK,ASW,CE,Federal Contract Tower,0,0,4,4,8,0,0,20,6,26,0,0,24,10,34,92,16,108,142
03/29/2007,ADM,OK,ASW,CE,Federal Contract Tower,0,0,0,0,0,0,0,0,0,0,0,0,0,0,0,0,0,0,0
03/30/2007,ADM,OK,ASW,CE,Federal Contract Tower,0,0,2,0,2,0,0,0,0,0,0,0,2,0,2,0,0,0,2
03/31/2007,ADM,OK,ASW,CE,Federal Contract Tower,0,0,2,0,2,0,0,27,0,27,0,0,29,0,29,6,0,6,35
04/01/2007,ADM,OK,ASW,CE,Federal Contract Tower,0,0,2,0,2,0,0,28,0,28,0,0,30,0,30,28,0,28,58
04/02/2007,ADM,OK,ASW,CE,Federal Contract Tower,0,0,6,0,6,0,0,57,0,57,0,0,63,0,63,112,0,112,175
04/03/2007,ADM,OK,ASW,CE,Federal Contract Tower,0,0,10,2,12,0,0,24,1,25,0,0,34,3,37,48,12,60,97
04/04/2007,ADM,OK,ASW,CE,Federal Contract Tower,0,0,0,0,0,0,0,49,22,71,0,0,49,22,71,110,66,176,247
04/05/2007,ADM,OK,ASW,CE,Federal Contract Tower,0,0,3,0,3,0,0,56,18,74,0,0,59,18,77,102,28,130,207
04/06/2007,ADM,OK,ASW,CE,Federal Contract Tower,0,0,0,0,0,0,0,2,0,2,0,0,2,0,2,0,60,60,62
04/07/2007,ADM,OK,ASW,CE,Federal Contract Tower,0,0,0,0,0,0,0,4,0,4,0,0,4,0,4,0,0,0,4
04/08/2007,ADM,OK,ASW,CE,Federal Contract Tower,0,0,1,0,1,0,0,5,0,5,0,0,6,0,6,2,0,2,8
04/09/2007,ADM,OK,ASW,CE,Federal Contract Tower,0,0,1,0,1,0,0,28,6,34,0,0,29,6,35,24,32,56,91
04/10/2007,ADM,OK,ASW,CE,Federal Contract Tower,0,0,4,0,4,0,0,3,0,3,0,0,7,0,7,4,0,4,11
04/11/2007,ADM,OK,ASW,CE,Federal Contract Tower,0,0,4,4,8,0,0,27,13,40,0,0,31,17,48,36,48,84,132
04/12/2007,ADM,OK,ASW,CE,Federal Contract Tower,0,0,3,0,3,0,0,28,0,28,0,0,31,0,31,52,0,52,83
04/13/2007,ADM,OK,ASW,CE,Federal Contract Tower,0,0,0,0,0,0,0,18,4,22,0,0,18,4,22,69,0,69,91
04/14/2007,ADM,OK,ASW,CE,Federal Contract Tower,0,0,2,2,4,0,0,27,0,27,0,0,29,2,31,0,8,8,39
04/15/2007,ADM,OK,ASW,CE,Federal Contract Tower,0,0,0,0,0,0,0,21,0,21,0,0,21,0,21,12,0,12,33
04/16/2007,ADM,OK,ASW,CE,Federal Contract Tower,0,0,3,0,3,0,0,6,0,6,0,0,9,0,9,0,0,0,9
04/17/2007,ADM,OK,ASW,CE,Federal Contract Tower,0,0,0,0,0,0,0,2,0,2,0,0,2,0,2,0,0,0,2
04/18/2007,ADM,OK,ASW,CE,Federal Contract Tower,0,0,4,11,15,0,0,29,6,35,0,0,33,17,50,62,38,100,150
04/19/2007,ADM,OK,ASW,CE,Federal Contract Tower,0,0,10,5,15,0,0,31,14,45,0,0,41,19,60,24,62,86,146
04/20/2007,ADM,OK,ASW,CE,Federal Contract Tower,0,0,4,0,4,0,0,46,28,74,0,0,50,28,78,104,58,162,240
04/21/2007,ADM,OK,ASW,CE,Federal Contract Tower,0,0,5,0,5,0,0,54,5,59,0,0,59,5,64,75,4,79,143
04/22/2007,ADM,OK,ASW,CE,Federal Contract Tower,0,0,10,2,12,0,0,12,1,13,0,0,22,3,25,34,12,46,71
04/23/2007,ADM,OK,ASW,CE,Federal Contract Tower,0,0,10,5,15,0,0,31,14,45,0,0,41,19,60,24,62,86,146
04/24/2007,ADM,OK,ASW,CE,Federal Contract Tower,0,0,4,1,5,0,0,5,1,6,0,0,9,2,11,5,2,7,18
04/25/2007,ADM,OK,ASW,CE,Federal Contract Tower,0,0,0,0,0,0,0,0,0,0,0,0,0,0,0,18,0,18,18
04/26/2007,ADM,OK,ASW,CE,Federal Contract Tower,0,0,21,7,28,0,0,46,16,62,0,0,67,23,90,175,53,228,318
04/27/2007,ADM,OK,ASW,CE,Federal Contract Tower,0,0,8,0,8,0,0,8,7,15,0,0,16,7,23,64,7,71,94
04/28/2007,ADM,OK,ASW,CE,Federal Contract Tower,0,0,8,0,8,0,0,0,12,12,0,0,8,12,20,88,26,114,134
04/29/2007,ADM,OK,ASW,CE,Federal Contract Tower,0,0,0,0,0,0,0,67,0,67,0,0,67,0,67,88,0,88,155
04/30/2007,ADM,OK,ASW,CE,Federal Contract Tower,0,0,18,0,18,0,0,11,0,11,0,0,29,0,29,64,16,80,109
05/01/2007,ADM,OK,ASW,CE,Federal Contract Tower,0,0,2,0,2,0,0,16,0,16,0,0,18,0,18,6,0,6,24
05/02/2007,ADM,OK,ASW,CE,Federal Contract Tower,0,0,8,3,11,0,0,65,2,67,0,0,73,5,78,106,8,114,192
05/03/2007,ADM,OK,ASW,CE,Federal Contract Tower,0,0,2,0,2,0,0,36,0,36,0,0,38,0,38,32,0,32,70
05/04/2007,ADM,OK,ASW,CE,Federal Contract Tower,0,0,10,1,11,0,0,0,5,5,0,0,10,6,16,22,16,38,54
05/05/2007,ADM,OK,ASW,CE,Federal Contract Tower,0,0,16,8,24,0,0,32,0,32,0,0,48,8,56,58,10,68,124
05/06/2007,ADM,OK,ASW,CE,Federal Contract Tower,0,0,4,0,4,0,0,5,0,5,0,0,9,0,9,10,0,10,19
05/07/2007,ADM,OK,ASW,CE,Federal Contract Tower,0,0,6,0,6,0,0,4,0,4,0,0,10,0,10,48,0,48,58
05/08/2007,ADM,OK,ASW,CE,Federal Contract Tower,0,0,8,0,8,0,0,6,0,6,0,0,14,0,14,22,0,22,36
05/09/2007,ADM,OK,ASW,CE,Federal Contract Tower,0,0,0,0,0,0,0,15,0,15,0,0,15,0,15,4,0,4,19
05/10/2007,ADM,OK,ASW,CE,Federal Contract Tower,0,0,6,0,6,0,0,4,0,4,0,0,10,0,10,48,0,48,58
05/11/2007,ADM,OK,ASW,CE,Federal Contract Tower,0,0,16,8,24,0,0,32,0,32,0,0,48,8,56,58,10,68,124
05/12/2007,ADM,OK,ASW,CE,Federal Contract Tower,0,0,0,0,0,0,0,92,0,92,0,0,92,0,92,34,0,34,126
05/13/2007,ADM,OK,ASW,CE,Federal Contract Tower,0,0,0,0,0,0,0,37,0,37,0,0,37,0,37,34,0,34,71
05/14/2007,ADM,OK,ASW,CE,Federal Contract Tower,0,0,6,2,8,0,0,15,6,21,0,0,21,8,29,26,12,38,67
05/15/2007,ADM,OK,ASW,CE,Federal Contract Tower,0,0,6,0,6,0,0,18,0,18,0,0,24,0,24,10,4,14,38
05/16/2007,ADM,OK,ASW,CE,Federal Contract Tower,0,0,10,2,12,0,0,23,0,23,0,0,33,2,35,48,46,94,129
05/17/2007,ADM,OK,ASW,CE,Federal Contract Tower,0,0,11,0,11,0,0,23,0,23,0,0,34,0,34,62,0,62,96
05/18/2007,ADM,OK,ASW,CE,Federal Contract Tower,0,0,28,0,28,0,0,26,0,26,0,0,54,0,54,135,10,145,199
05/19/2007,ADM,OK,ASW,CE,Federal Contract Tower,0,0,28,0,28,0,0,14,0,14,0,0,42,0,42,121,0,121,163
05/20/2007,ADM,OK,ASW,CE,Federal Contract Tower,0,0,0,0,0,0,0,38,0,38,0,0,38,0,38,32,0,32,70
05/21/2007,ADM,OK,ASW,CE,Federal Contract Tower,0,0,8,0,8,0,0,22,0,22,0,0,30,0,30,5,0,5,35
05/22/2007,ADM,OK,ASW,CE,Federal Contract Tower,0,0,9,0,9,0,0,7,2,9,0,0,16,2,18,18,8,26,44
05/23/2007,ADM,OK,ASW,CE,Federal Contract Tower,0,0,2,6,8,0,0,14,0,14,0,0,16,6,22,31,14,45,67
05/24/2007,ADM,OK,ASW,CE,Federal Contract Tower,0,0,4,0,4,0,0,0,0,0,0,0,4,0,4,2,0,2,6
05/25/2007,ADM,OK,ASW,CE,Federal Contract Tower,0,0,4,0,4,0,0,6,1,7,0,0,10,1,11,4,4,8,19
05/26/2007,ADM,OK,ASW,CE,Federal Contract Tower,0,0,4,0,4,0,0,1,0,1,0,0,5,0,5,0,0,0,5
05/27/2007,ADM,OK,ASW,CE,Federal Contract Tower,0,0,1,0,1,0,0,0,0,0,0,0,1,0,1,0,0,0,1
05/28/2007,ADM,OK,ASW,CE,Federal Contract Tower,0,0,4,0,4,0,0,1,0,1,0,0,5,0,5,1,0,1,6
05/29/2007,ADM,OK,ASW,CE,Federal Contract Tower,0,1,14,0,15,0,1,7,0,8,0,2,21,0,23,10,0,10,33
05/30/2007,ADM,OK,ASW,CE,Federal Contract Tower,0,0,2,0,2,0,0,12,10,22,0,0,14,10,24,20,20,40,64
05/31/2007,ADM,OK,ASW,CE,Federal Contract Tower,0,0,0,0,0,0,0,11,0,11,0,0,11,0,11,10,4,14,25
06/01/2007,ADM,OK,ASW,CE,Federal Contract Tower,0,0,2,0,2,0,0,7,0,7,0,0,9,0,9,19,0,19,28
06/02/2007,ADM,OK,ASW,CE,Federal Contract Tower,0,0,0,0,0,0,0,29,0,29,0,0,29,0,29,42,0,42,71
06/03/2007,ADM,OK,ASW,CE,Federal Contract Tower,0,0,8,0,8,0,0,13,0,13,0,0,21,0,21,2,0,2,23
06/04/2007,ADM,OK,ASW,CE,Federal Contract Tower,0,0,10,1,11,0,0,24,3,27,0,0,34,4,38,38,13,51,89
06/05/2007,ADM,OK,ASW,CE,Federal Contract Tower,0,0,6,0,6,0,0,34,7,41,0,0,40,7,47,32,30,62,109
06/06/2007,ADM,OK,ASW,CE,Federal Contract Tower,0,0,1,1,2,0,0,13,3,16,0,0,14,4,18,14,20,34,52
06/08/2007,ADM,OK,ASW,CE,Federal Contract Tower,0,0,13,2,15,0,0,31,4,35,0,0,44,6,50,38,25,63,113
06/09/2007,ADM,OK,ASW,CE,Federal Contract Tower,0,0,2,0,2,0,0,45,0,45,0,0,47,0,47,38,0,38,85
06/10/2007,ADM,OK,ASW,CE,Federal Contract Tower,0,0,6,0,6,0,0,6,0,6,0,0,12,0,12,8,0,8,20
06/11/2007,ADM,OK,ASW,CE,Federal Contract Tower,0,0,0,0,0,0,0,48,4,52,0,0,48,4,52,16,28,44,96
06/12/2007,ADM,OK,ASW,CE,Federal Contract Tower,0,0,3,5,8,0,0,34,0,34,0,0,37,5,42,18,24,42,84
06/13/2007,ADM,OK,ASW,CE,Federal Contract Tower,0,0,13,3,16,0,0,43,3,46,0,0,56,6,62,58,25,83,145
06/14/2007,ADM,OK,ASW,CE,Federal Contract Tower,0,0,0,0,0,0,0,7,10,17,0,0,7,10,17,48,44,92,109
06/15/2007,ADM,OK,ASW,CE,Federal Contract Tower,0,0,1,0,1,0,0,17,0,17,0,0,18,0,18,12,0,12,30
06/16/2007,ADM,OK,ASW,CE,Federal Contract Tower,0,0,3,0,3,0,0,13,0,13,0,0,16,0,16,7,0,7,23
06/17/2007,ADM,OK,ASW,CE,Federal Contract Tower,0,0,0,0,0,0,0,0,0,0,0,0,0,0,0,0,0,0,0
06/18/2007,ADM,OK,ASW,CE,Federal Contract Tower,0,0,4,0,4,0,0,14,4,18,0,0,18,4,22,60,20,80,102
06/19/2007,ADM,OK,ASW,CE,Federal Contract Tower,0,0,2,1,3,0,0,28,2,30,0,0,30,3,33,12,2,14,47
06/20/2007,ADM,OK,ASW,CE,Federal Contract Tower,0,0,1,0,1,0,0,19,2,21,0,0,20,2,22,8,4,12,34
06/21/2007,ADM,OK,ASW,CE,Federal Contract Tower,0,0,6,2,8,0,0,6,2,8,0,0,12,4,16,8,4,12,28
06/22/2007,ADM,OK,ASW,CE,Federal Contract Tower,0,0,0,0,0,0,0,12,0,12,0,0,12,0,12,10,0,10,22
06/23/2007,ADM,OK,ASW,CE,Federal Contract Tower,0,0,2,0,2,0,0,31,6,37,0,0,33,6,39,2022,22,2044,2083
06/24/2007,ADM,OK,ASW,CE,Federal Contract Tower,0,0,4,0,4,0,0,13,0,13,0,0,17,0,17,9,0,9,26
06/25/2007,ADM,OK,ASW,CE,Federal Contract Tower,0,0,9,0,9,0,0,4,0,4,0,0,13,0,13,20,0,20,33
06/26/2007,ADM,OK,ASW,CE,Federal Contract Tower,0,0,3,0,3,0,0,0,0,0,0,0,3,0,3,0,0,0,3
06/27/2007,ADM,OK,ASW,CE,Federal Contract Tower,0,0,4,0,4,0,0,8,0,8,0,0,12,0,12,4,0,4,16
06/28/2007,ADM,OK,ASW,CE,Federal Contract Tower,0,0,6,0,6,0,0,0,0,0,0,0,6,0,6,8,0,8,14
06/29/2007,ADM,OK,ASW,CE,Federal Contract Tower,0,0,4,0,4,0,0,4,0,4,0,0,8,0,8,2,0,2,10
06/30/2007,ADM,OK,ASW,CE,Federal Contract Tower,0,0,3,0,3,0,0,10,0,10,0,0,13,0,13,14,0,14,27
07/01/2007,ADM,OK,ASW,CE,Federal Contract Tower,0,0,2,0,2,0,0,0,4,4,0,0,2,4,6,2,4,6,12
07/02/2007,ADM,OK,ASW,CE,Federal Contract Tower,0,0,1,0,1,0,0,16,3,19,0,0,17,3,20,0,8,8,28
07/03/2007,ADM,OK,ASW,CE,Federal Contract Tower,0,0,1,0,1,0,0,17,3,20,0,0,18,3,21,4,0,4,25
07/04/2007,ADM,OK,ASW,CE,Federal Contract Tower,0,0,0,0,0,0,0,15,2,17,0,0,15,2,17,16,0,16,33
07/05/2007,ADM,OK,ASW,CE,Federal Contract Tower,0,0,3,0,3,0,0,6,3,9,0,0,9,3,12,0,2,2,14
07/06/2007,ADM,OK,ASW,CE,Federal Contract Tower,0,0,4,0,4,0,0,20,0,20,0,0,24,0,24,21,0,21,45
07/07/2007,ADM,OK,ASW,CE,Federal Contract Tower,0,0,2,0,2,0,0,77,0,77,0,0,79,0,79,10,0,10,89
07/08/2007,ADM,OK,ASW,CE,Federal Contract Tower,0,0,4,0,4,0,0,21,0,21,0,0,25,0,25,0,0,0,25
07/09/2007,ADM,OK,ASW,CE,Federal Contract Tower,0,0,2,0,2,0,0,10,6,16,0,0,12,6,18,10,10,20,38
07/10/2007,ADM,OK,ASW,CE,Federal Contract Tower,0,0,2,4,6,0,0,10,2,12,0,0,12,6,18,2,8,10,28
07/11/2007,ADM,OK,ASW,CE,Federal Contract Tower,0,0,1,2,3,0,0,22,2,24,0,0,23,4,27,24,2,26,53
07/12/2007,ADM,OK,ASW,CE,Federal Contract Tower,0,0,5,2,7,0,0,22,4,26,0,0,27,6,33,30,8,38,71
07/13/2007,ADM,OK,ASW,CE,Federal Contract Tower,0,0,4,0,4,0,0,9,0,9,0,0,13,0,13,0,0,0,13
07/14/2007,ADM,OK,ASW,CE,Federal Contract Tower,0,0,3,0,3,0,0,68,0,68,0,0,71,0,71,14,0,14,85
07/15/2007,ADM,OK,ASW,CE,Federal Contract Tower,0,0,4,0,4,0,0,27,2,29,0,0,31,2,33,28,2,30,63
07/16/2007,ADM,OK,ASW,CE,Federal Contract Tower,0,0,0,0,0,0,0,30,0,30,0,0,30,0,30,30,0,30,60
07/17/2007,ADM,OK,ASW,CE,Federal Contract Tower,0,0,1,0,1,0,0,35,0,35,0,0,36,0,36,38,2,40,76
07/18/2007,ADM,OK,ASW,CE,Federal Contract Tower,0,0,3,0,3,0,0,14,0,14,0,0,17,0,17,16,0,16,33
07/19/2007,ADM,OK,ASW,CE,Federal Contract Tower,0,0,3,2,5,0,0,30,5,35,0,0,33,7,40,24,36,60,100
07/20/2007,ADM,OK,ASW,CE,Federal Contract Tower,0,0,5,0,5,0,0,34,9,43,0,0,39,9,48,20,60,80,128
07/21/2007,ADM,OK,ASW,CE,Federal Contract Tower,0,0,5,0,5,0,0,37,6,43,0,0,42,6,48,42,32,74,122
07/22/2007,ADM,OK,ASW,CE,Federal Contract Tower,0,0,4,0,4,0,0,13,0,13,0,0,17,0,17,28,0,28,45
07/23/2007,ADM,OK,ASW,CE,Federal Contract Tower,0,0,18,0,18,0,0,35,4,39,0,0,53,4,57,64,4,68,125
07/24/2007,ADM,OK,ASW,CE,Federal Contract Tower,0,0,0,0,0,0,0,51,4,55,0,0,51,4,55,36,16,52,107
07/25/2007,ADM,OK,ASW,CE,Federal Contract Tower,0,0,28,0,28,0,0,22,8,30,0,0,50,8,58,60,26,86,144
07/26/2007,ADM,OK,ASW,CE,Federal Contract Tower,0,0,0,0,0,0,0,41,4,45,0,0,41,4,45,14,8,22,67
07/27/2007,ADM,OK,ASW,CE,Federal Contract Tower,0,0,2,0,2,0,0,14,0,14,0,0,16,0,16,24,0,24,40
07/28/2007,ADM,OK,ASW,CE,Federal Contract Tower,0,0,2,0,2,0,0,26,0,26,0,0,28,0,28,28,0,28,56
07/29/2007,ADM,OK,ASW,CE,Federal Contract Tower,0,0,2,0,2,0,0,13,0,13,0,0,15,0,15,12,0,12,27
07/30/2007,ADM,OK,ASW,CE,Federal Contract Tower,0,0,4,0,4,0,0,11,0,11,0,0,15,0,15,14,0,14,29
07/31/2007,ADM,OK,ASW,CE,Federal Contract Tower,0,0,0,0,0,0,0,9,0,9,0,0,9,0,9,0,0,0,9
08/01/2007,ADM,OK,ASW,CE,Federal Contract Tower,0,0,1,0,1,0,0,0,2,2,0,0,1,2,3,2,18,20,23
08/02/2007,ADM,OK,ASW,CE,Federal Contract Tower,0,0,6,0,6,0,0,15,0,15,0,0,21,0,21,46,0,46,67
08/03/2007,ADM,OK,ASW,CE,Federal Contract Tower,0,0,8,0,8,0,0,43,10,53,0,0,51,10,61,62,38,100,161
08/04/2007,ADM,OK,ASW,CE,Federal Contract Tower,0,0,5,0,5,0,0,74,4,78,0,0,79,4,83,12,0,12,95
08/05/2007,ADM,OK,ASW,CE,Federal Contract Tower,0,0,3,0,3,0,0,22,0,22,0,0,25,0,25,6,0,6,31
08/06/2007,ADM,OK,ASW,CE,Federal Contract Tower,0,0,14,0,14,0,0,27,5,32,0,0,41,5,46,54,7,61,107
08/07/2007,ADM,OK,ASW,CE,Federal Contract Tower,0,0,7,1,8,0,0,41,5,46,0,0,48,6,54,62,12,74,128
08/08/2007,ADM,OK,ASW,CE,Federal Contract Tower,0,0,4,0,4,0,0,20,0,20,0,0,24,0,24,46,2,48,72
08/09/2007,ADM,OK,ASW,CE,Federal Contract Tower,0,0,1,0,1,0,0,3,0,3,0,0,4,0,4,28,36,64,68
08/10/2007,ADM,OK,ASW,CE,Federal Contract Tower,0,0,1,0,1,0,0,20,6,26,0,0,21,6,27,28,8,36,63
08/11/2007,ADM,OK,ASW,CE,Federal Contract Tower,0,0,0,0,0,0,0,68,0,68,0,0,68,0,68,81,0,81,149
08/12/2007,ADM,OK,ASW,CE,Federal Contract Tower,0,0,1,0,1,0,0,11,0,11,0,0,12,0,12,4,0,4,16
08/13/2007,ADM,OK,ASW,CE,Federal Contract Tower,0,0,0,0,0,0,0,36,3,39,0,0,36,3,39,51,6,57,96
08/14/2007,ADM,OK,ASW,CE,Federal Contract Tower,0,0,2,1,3,0,0,27,9,36,0,0,29,10,39,18,26,44,83
08/15/2007,ADM,OK,ASW,CE,Federal Contract Tower,0,0,0,1,1,0,0,40,1,41,0,0,40,2,42,36,31,67,109
08/16/2007,ADM,OK,ASW,CE,Federal Contract Tower,0,0,1,3,4,0,0,41,2,43,0,0,42,5,47,63,6,69,116
08/17/2007,ADM,OK,ASW,CE,Federal Contract Tower,0,0,1,0,1,0,0,20,6,26,0,0,21,6,27,28,8,36,63
08/18/2007,ADM,OK,ASW,CE,Federal Contract Tower,0,0,4,0,4,0,0,27,3,30,0,0,31,3,34,16,0,16,50
08/19/2007,ADM,OK,ASW,CE,Federal Contract Tower,0,0,3,0,3,0,0,1,8,9,0,0,4,8,12,16,8,24,36
08/20/2007,ADM,OK,ASW,CE,Federal Contract Tower,0,0,2,0,2,0,0,24,5,29,0,0,26,5,31,18,14,32,63
08/21/2007,ADM,OK,ASW,CE,Federal Contract Tower,0,0,5,0,5,0,0,41,8,49,0,0,46,8,54,42,28,70,124
08/22/2007,ADM,OK,ASW,CE,Federal Contract Tower,0,0,0,0,0,0,0,31,3,34,0,0,31,3,34,16,0,16,50
08/23/2007,ADM,OK,ASW,CE,Federal Contract Tower,0,0,8,0,8,0,0,43,10,53,0,0,51,10,61,62,38,100,161
08/24/2007,ADM,OK,ASW,CE,Federal Contract Tower,0,0,11,0,11,0,0,34,6,40,0,0,45,6,51,18,32,50,101
08/25/2007,ADM,OK,ASW,CE,Federal Contract Tower,0,0,5,0,5,0,0,74,4,78,0,0,79,4,83,12,0,12,95
08/26/2007,ADM,OK,ASW,CE,Federal Contract Tower,0,0,2,0,2,0,0,27,6,33,0,0,29,6,35,27,30,57,92
08/27/2007,ADM,OK,ASW,CE,Federal Contract Tower,0,0,2,0,2,0,0,27,6,33,0,0,29,6,35,27,30,57,92
08/28/2007,ADM,OK,ASW,CE,Federal Contract Tower,0,0,4,0,4,0,0,20,9,29,0,0,24,9,33,18,44,62,95
08/29/2007,ADM,OK,ASW,CE,Federal Contract Tower,0,0,5,1,6,0,3,15,11,29,0,3,20,12,35,27,12,39,74
08/30/2007,ADM,OK,ASW,CE,Federal Contract Tower,0,0,5,0,5,0,0,74,4,78,0,0,79,4,83,12,0,12,95
08/31/2007,ADM,OK,ASW,CE,Federal Contract Tower,0,0,11,0,11,0,0,34,6,40,0,0,45,6,51,16,32,48,99
09/01/2007,ADM,OK,ASW,CE,Federal Contract Tower,0,0,2,0,2,0,0,45,0,45,0,0,47,0,47,44,0,44,91
09/02/2007,ADM,OK,ASW,CE,Federal Contract Tower,0,0,2,0,2,0,0,9,0,9,0,0,11,0,11,14,0,14,25
09/03/2007,ADM,OK,ASW,CE,Federal Contract Tower,0,0,3,0,3,0,0,37,0,37,0,0,40,0,40,32,0,32,72
09/04/2007,ADM,OK,ASW,CE,Federal Contract Tower,0,0,14,1,15,0,0,11,4,15,0,0,25,5,30,6,20,26,56
09/05/2007,ADM,OK,ASW,CE,Federal Contract Tower,0,0,5,0,5,0,0,19,0,19,0,0,24,0,24,58,0,58,82
09/06/2007,ADM,OK,ASW,CE,Federal Contract Tower,0,0,3,1,4,0,0,41,6,47,0,0,44,7,51,5,32,37,88
09/07/2007,ADM,OK,ASW,CE,Federal Contract Tower,0,0,2,0,2,0,0,29,2,31,0,0,31,2,33,42,4,46,79
09/08/2007,ADM,OK,ASW,CE,Federal Contract Tower,0,0,0,0,0,0,0,39,2,41,0,0,39,2,41,0,0,0,41
09/09/2007,ADM,OK,ASW,CE,Federal Contract Tower,0,0,2,0,2,0,0,12,0,12,0,0,14,0,14,2,0,2,16
09/10/2007,ADM,OK,ASW,CE,Federal Contract Tower,0,0,2,0,2,1,0,41,0,42,1,0,43,0,44,0,0,0,44
09/11/2007,ADM,OK,ASW,CE,Federal Contract Tower,0,0,3,0,3,0,0,25,0,25,0,0,28,0,28,30,0,30,58
09/12/2007,ADM,OK,ASW,CE,Federal Contract Tower,0,0,5,0,5,0,1,72,10,83,0,1,77,10,88,58,12,70,158
09/13/2007,ADM,OK,ASW,CE,Federal Contract Tower,0,0,4,0,4,0,0,38,2,40,0,0,42,2,44,22,4,26,70
09/14/2007,ADM,OK,ASW,CE,Federal Contract Tower,0,0,5,11,16,0,0,35,0,35,0,0,40,11,51,18,20,38,89
09/15/2007,ADM,OK,ASW,CE,Federal Contract Tower,0,0,3,1,4,0,0,28,2,30,0,0,31,3,34,12,6,18,52
09/16/2007,ADM,OK,ASW,CE,Federal Contract Tower,0,0,0,0,0,0,0,17,0,17,0,0,17,0,17,95,0,95,112
09/17/2007,ADM,OK,ASW,CE,Federal Contract Tower,0,0,2,0,2,0,0,42,0,42,0,0,44,0,44,600,0,600,644
09/18/2007,ADM,OK,ASW,CE,Federal Contract Tower,0,0,1,0,1,0,0,40,0,40,0,0,41,0,41,369,0,369,410
09/19/2007,ADM,OK,ASW,CE,Federal Contract Tower,0,0,2,0,2,0,0,68,0,68,0,0,70,0,70,500,0,500,570
09/20/2007,ADM,OK,ASW,CE,Federal Contract Tower,0,0,0,0,0,0,0,62,0,62,0,0,62,0,62,480,0,480,542
09/21/2007,ADM,OK,ASW,CE,Federal Contract Tower,0,0,0,0,0,0,0,50,0,50,0,0,50,0,50,607,0,607,657
09/22/2007,ADM,OK,ASW,CE,Federal Contract Tower,0,0,5,0,5,0,0,53,0,53,0,0,58,0,58,192,0,192,250
09/23/2007,ADM,OK,ASW,CE,Federal Contract Tower,0,0,2,0,2,0,0,46,0,46,0,0,48,0,48,50,0,50,98
09/24/2007,ADM,OK,ASW,CE,Federal Contract Tower,0,0,1,0,1,0,0,29,4,33,0,0,30,4,34,28,6,34,68
09/25/2007,ADM,OK,ASW,CE,Federal Contract Tower,0,0,0,0,0,0,0,10,0,10,0,0,10,0,10,6,0,6,16
09/26/2007,ADM,OK,ASW,CE,Federal Contract Tower,0,0,0,0,0,0,0,13,0,13,0,0,13,0,13,8,0,8,21
09/27/2007,ADM,OK,ASW,CE,Federal Contract Tower,0,0,5,0,5,0,0,31,0,31,0,0,36,0,36,5,0,5,41
09/28/2007,ADM,OK,ASW,CE,Federal Contract Tower,0,0,1,0,1,0,0,47,0,47,0,0,48,0,48,17,0,17,65
09/29/2007,ADM,OK,ASW,CE,Federal Contract Tower,0,0,6,0,6,0,0,63,0,63,0,0,69,0,69,6,0,6,75
09/30/2007,ADM,OK,ASW,CE,Federal Contract Tower,0,0,2,0,2,0,0,31,0,31,0,0,33,0,33,0,0,0,33
10/01/2007,ADM,OK,ASW,CE,Federal Contract Tower,0,0,0,0,0,0,0,36,0,36,0,0,36,0,36,18,0,18,54
10/02/2007,ADM,OK,ASW,CE,Federal Contract Tower,0,0,0,1,1,0,0,33,0,33,0,0,33,1,34,16,6,22,56
10/03/2007,ADM,OK,ASW,CE,Federal Contract Tower,0,0,5,0,5,0,0,18,0,18,0,0,23,0,23,32,0,32,55
10/04/2007,ADM,OK,ASW,CE,Federal Contract Tower,0,0,0,0,0,0,0,47,0,47,0,0,47,0,47,11,0,11,58
10/05/2007,ADM,OK,ASW,CE,Federal Contract Tower,0,1,7,0,8,0,1,36,4,41,0,2,43,4,49,24,40,64,113
10/06/2007,ADM,OK,ASW,CE,Federal Contract Tower,0,0,0,0,0,0,0,4,0,4,0,0,4,0,4,0,0,0,4
10/07/2007,ADM,OK,ASW,CE,Federal Contract Tower,0,0,0,0,0,0,0,12,0,12,0,0,12,0,12,5,0,5,17
10/08/2007,ADM,OK,ASW,CE,Federal Contract Tower,0,0,1,0,1,0,0,25,0,25,0,0,26,0,26,21,0,21,47
10/09/2007,ADM,OK,ASW,CE,Federal Contract Tower,0,0,3,0,3,0,0,57,0,57,0,0,60,0,60,36,0,36,96
10/10/2007,ADM,OK,ASW,CE,Federal Contract Tower,0,0,3,0,3,0,0,44,2,46,0,0,47,2,49,18,2,20,69
10/11/2007,ADM,OK,ASW,CE,Federal Contract Tower,0,0,12,0,12,0,0,41,9,50,0,0,53,9,62,28,15,43,105
10/12/2007,ADM,OK,ASW,CE,Federal Contract Tower,0,0,3,3,6,0,0,41,5,46,0,0,44,8,52,22,24,46,98
10/13/2007,ADM,OK,ASW,CE,Federal Contract Tower,0,0,3,0,3,0,0,33,0,33,0,0,36,0,36,4,0,4,40
10/14/2007,ADM,OK,ASW,CE,Federal Contract Tower,0,0,0,0,0,0,0,9,0,9,0,0,9,0,9,1,0,1,10
10/15/2007,ADM,OK,ASW,CE,Federal Contract Tower,0,0,1,0,1,0,0,25,0,25,0,0,26,0,26,21,0,21,47
10/16/2007,ADM,OK,ASW,CE,Federal Contract Tower,0,0,10,1,11,0,0,0,0,0,0,0,10,1,11,10,0,10,21
10/17/2007,ADM,OK,ASW,CE,Federal Contract Tower,0,0,3,0,3,0,0,0,0,0,0,0,3,0,3,0,0,0,3
10/18/2007,ADM,OK,ASW,CE,Federal Contract Tower,0,0,7,5,12,0,0,18,0,18,0,0,25,5,30,20,25,45,75
10/19/2007,ADM,OK,ASW,CE,Federal Contract Tower,0,0,1,0,1,0,0,41,0,41,0,0,42,0,42,6,0,6,48
10/20/2007,ADM,OK,ASW,CE,Federal Contract Tower,0,0,2,0,2,0,0,57,0,57,0,0,59,0,59,42,0,42,101
10/21/2007,ADM,OK,ASW,CE,Federal Contract Tower,0,0,0,2,2,0,0,5,0,5,0,0,5,2,7,0,1,1,8
10/22/2007,ADM,OK,ASW,CE,Federal Contract Tower,0,0,5,0,5,0,0,18,0,18,0,0,23,0,23,32,0,32,55
10/23/2007,ADM,OK,ASW,CE,Federal Contract Tower,0,0,3,4,7,0,0,18,2,20,0,0,21,6,27,20,24,44,71
10/24/2007,ADM,OK,ASW,CE,Federal Contract Tower,0,0,1,5,6,0,0,17,19,36,0,0,18,24,42,17,8,25,67
10/25/2007,ADM,OK,ASW,CE,Federal Contract Tower,0,0,7,0,7,0,0,29,5,34,0,0,36,5,41,29,3,32,73
10/26/2007,ADM,OK,ASW,CE,Federal Contract Tower,0,0,13,6,19,0,0,27,2,29,0,0,40,8,48,65,30,95,143
10/27/2007,ADM,OK,ASW,CE,Federal Contract Tower,0,0,0,0,0,0,0,39,0,39,0,0,39,0,39,2,0,2,41
10/28/2007,ADM,OK,ASW,CE,Federal Contract Tower,0,0,1,1,2,0,0,11,1,12,0,0,12,2,14,10,1,11,25
10/29/2007,ADM,OK,ASW,CE,Federal Contract Tower,0,0,0,0,0,0,0,36,0,36,0,0,36,0,36,18,0,18,54
10/30/2007,ADM,OK,ASW,CE,Federal Contract Tower,0,0,2,0,2,0,0,57,0,57,0,0,59,0,59,42,0,42,101
10/31/2007,ADM,OK,ASW,CE,Federal Contract Tower,0,0,1,5,6,0,0,17,19,36,0,0,18,24,42,17,8,25,67
11/01/2007,ADM,OK,ASW,CE,Federal Contract Tower,0,0,2,7,9,0,0,32,0,32,0,0,34,7,41,11,25,36,77
11/02/2007,ADM,OK,ASW,CE,Federal Contract Tower,0,0,4,1,5,0,0,31,0,31,0,0,35,1,36,13,10,23,59
11/03/2007,ADM,OK,ASW,CE,Federal Contract Tower,0,0,2,1,3,0,0,28,0,28,0,0,30,1,31,6,0,6,37
11/04/2007,ADM,OK,ASW,CE,Federal Contract Tower,0,0,3,0,3,0,0,23,3,26,0,0,26,3,29,9,0,9,38
11/05/2007,ADM,OK,ASW,CE,Federal Contract Tower,0,0,0,5,5,0,0,16,3,19,0,0,16,8,24,0,42,42,66
11/06/2007,ADM,OK,ASW,CE,Federal Contract Tower,0,0,4,0,4,0,0,28,0,28,0,0,32,0,32,40,0,40,72
11/07/2007,ADM,OK,ASW,CE,Federal Contract Tower,0,0,0,1,1,0,0,28,1,29,0,0,28,2,30,46,12,58,88
11/08/2007,ADM,OK,ASW,CE,Federal Contract Tower,0,0,5,0,5,0,0,36,6,42,0,0,41,6,47,46,6,52,99
11/09/2007,ADM,OK,ASW,CE,Federal Contract Tower,0,0,4,0,4,0,0,12,0,12,0,0,16,0,16,0,0,0,16
11/10/2007,ADM,OK,ASW,CE,Federal Contract Tower,0,0,2,0,2,0,0,21,0,21,0,0,23,0,23,33,0,33,56
11/11/2007,ADM,OK,ASW,CE,Federal Contract Tower,0,0,1,0,1,0,0,6,0,6,0,0,7,0,7,0,0,0,7
11/12/2007,ADM,OK,ASW,CE,Federal Contract Tower,0,0,0,1,1,0,0,10,0,10,0,0,10,1,11,0,0,0,11
11/13/2007,ADM,OK,ASW,CE,Federal Contract Tower,0,0,3,0,3,0,0,30,0,30,0,0,33,0,33,46,0,46,79
11/14/2007,ADM,OK,ASW,CE,Federal Contract Tower,0,0,2,0,2,0,0,9,0,9,0,0,11,0,11,6,0,6,17
11/15/2007,ADM,OK,ASW,CE,Federal Contract Tower,0,0,1,0,1,0,0,33,0,33,0,0,34,0,34,11,0,11,45
11/16/2007,ADM,OK,ASW,CE,Federal Contract Tower,0,0,0,0,0,0,0,41,6,47,0,0,41,6,47,27,16,43,90
11/17/2007,ADM,OK,ASW,CE,Federal Contract Tower,0,0,4,0,4,0,0,69,0,69,0,0,73,0,73,25,0,25,98
11/18/2007,ADM,OK,ASW,CE,Federal Contract Tower,0,0,2,0,2,0,0,0,0,0,0,0,2,0,2,0,0,0,2
11/19/2007,ADM,OK,ASW,CE,Federal Contract Tower,0,0,2,0,2,0,0,24,2,26,0,0,26,2,28,12,8,20,48
11/20/2007,ADM,OK,ASW,CE,Federal Contract Tower,0,0,3,0,3,0,0,21,4,25,0,0,24,4,28,12,16,28,56
11/21/2007,ADM,OK,ASW,CE,Federal Contract Tower,0,0,1,0,1,0,0,12,0,12,0,0,13,0,13,4,0,4,17
11/22/2007,ADM,OK,ASW,CE,Federal Contract Tower,0,0,0,0,0,0,0,2,0,2,0,0,2,0,2,0,0,0,2
11/23/2007,ADM,OK,ASW,CE,Federal Contract Tower,0,0,0,0,0,0,0,35,1,36,0,0,35,1,36,0,0,0,36
11/26/2007,ADM,OK,ASW,CE,Federal Contract Tower,0,0,0,0,0,0,0,38,0,38,0,0,38,0,38,10,0,10,48
11/27/2007,ADM,OK,ASW,CE,Federal Contract Tower,0,0,0,1,1,0,0,32,31,63,0,0,32,32,64,19,48,67,131
11/29/2007,ADM,OK,ASW,CE,Federal Contract Tower,0,0,1,0,1,0,0,46,0,46,0,0,47,0,47,28,0,28,75
12/02/2007,ADM,OK,ASW,CE,Federal Contract Tower,0,0,4,0,4,0,0,6,4,10,0,0,10,4,14,64,0,64,78
12/04/2007,ADM,OK,ASW,CE,Federal Contract Tower,0,0,0,1,1,0,0,28,3,31,0,0,28,4,32,34,20,54,86
12/05/2007,ADM,OK,ASW,CE,Federal Contract Tower,0,0,7,0,7,0,0,19,2,21,0,0,26,2,28,38,0,38,66
12/06/2007,ADM,OK,ASW,CE,Federal Contract Tower,0,0,5,0,5,0,0,37,0,37,0,0,42,0,42,30,0,30,72
12/09/2007,ADM,OK,ASW,CE,Federal Contract Tower,0,0,2,0,2,0,0,0,0,0,0,0,2,0,2,0,0,0,2
12/11/2007,ADM,OK,ASW,CE,Federal Contract Tower,0,0,3,0,3,0,0,0,0,0,0,0,3,0,3,3,0,3,6
12/12/2007,ADM,OK,ASW,CE,Federal Contract Tower,0,0,3,0,3,0,0,0,0,0,0,0,3,0,3,3,0,3,6
12/17/2007,ADM,OK,ASW,CE,Federal Contract Tower,0,0,6,0,6,0,0,26,0,26,0,0,32,0,32,24,0,24,56
12/18/2007,ADM,OK,ASW,CE,Federal Contract Tower,0,0,5,4,9,0,0,24,0,24,0,0,29,4,33,6,8,14,47
12/19/2007,ADM,OK,ASW,CE,Federal Contract Tower,0,0,3,4,7,0,0,31,0,31,0,0,34,4,38,32,14,46,84
12/20/2007,ADM,OK,ASW,CE,Federal Contract Tower,0,0,4,1,5,0,0,37,12,49,0,0,41,13,54,48,28,76,130
12/23/2007,ADM,OK,ASW,CE,Federal Contract Tower,0,0,5,0,5,0,0,12,0,12,0,0,17,0,17,24,0,24,41
12/24/2007,ADM,OK,ASW,CE,Federal Contract Tower,0,0,2,0,2,0,0,7,0,7,0,0,9,0,9,32,0,32,41
12/25/2007,ADM,OK,ASW,CE,Federal Contract Tower,0,0,3,0,3,0,0,0,0,0,0,0,3,0,3,0,0,0,3
12/26/2007,ADM,OK,ASW,CE,Federal Contract Tower,0,0,1,0,1,0,0,0,0,0,0,0,1,0,1,0,0,0,1
12/29/2007,ADM,OK,ASW,CE,Federal Contract Tower,0,0,4,0,4,0,0,61,0,61,0,0,65,0,65,32,0,32,97
12/30/2007,ADM,OK,ASW,CE,Federal Contract Tower,0,0,0,0,0,0,0,19,0,19,0,0,19,0,19,4,0,4,23
12/31/2007,ADM,OK,ASW,CE,Federal Contract Tower,0,0,1,0,1,0,0,11,0,11,0,0,12,0,12,2,0,2,14
01/01/2008,ADM,OK,ASW,CE,Federal Contract Tower,0,0,2,0,2,0,0,2,0,2,0,0,4,0,4,7,0,7,11
01/02/2008,ADM,OK,ASW,CE,Federal Contract Tower,0,0,0,0,0,0,0,10,0,10,0,0,10,0,10,0,0,0,10
01/03/2008,ADM,OK,ASW,CE,Federal Contract Tower,0,0,1,0,1,0,0,13,0,13,0,0,14,0,14,0,0,0,14
01/04/2008,ADM,OK,ASW,CE,Federal Contract Tower,0,0,7,0,7,0,0,14,0,14,0,0,21,0,21,28,18,46,67
01/05/2008,ADM,OK,ASW,CE,Federal Contract Tower,0,0,2,0,2,0,0,21,0,21,0,0,23,0,23,10,0,10,33
01/06/2008,ADM,OK,ASW,CE,Federal Contract Tower,0,0,2,0,2,0,0,7,0,7,0,0,9,0,9,0,0,0,9
01/07/2008,ADM,OK,ASW,CE,Federal Contract Tower,0,0,16,0,16,0,0,7,0,7,0,0,23,0,23,25,0,25,48
01/08/2008,ADM,OK,ASW,CE,Federal Contract Tower,0,0,2,2,4,0,0,10,0,10,0,0,12,2,14,6,12,18,32
01/09/2008,ADM,OK,ASW,CE,Federal Contract Tower,0,0,2,0,2,0,0,44,0,44,0,0,46,0,46,4,4,8,54
01/10/2008,ADM,OK,ASW,CE,Federal Contract Tower,0,0,2,0,2,0,0,6,2,8,0,0,8,2,10,10,0,10,20
01/11/2008,ADM,OK,ASW,CE,Federal Contract Tower,0,0,2,0,2,0,0,24,0,24,0,0,26,0,26,42,0,42,68
01/12/2008,ADM,OK,ASW,CE,Federal Contract Tower,0,0,7,0,7,0,0,36,0,36,0,0,43,0,43,4,0,4,47
01/13/2008,ADM,OK,ASW,CE,Federal Contract Tower,0,0,6,0,6,0,0,33,0,33,0,0,39,0,39,18,0,18,57
01/14/2008,ADM,OK,ASW,CE,Federal Contract Tower,0,0,0,0,0,0,0,39,0,39,0,0,39,0,39,76,0,76,115
01/15/2008,ADM,OK,ASW,CE,Federal Contract Tower,0,0,3,0,3,0,0,41,0,41,0,0,44,0,44,14,0,14,58
01/16/2008,ADM,OK,ASW,CE,Federal Contract Tower,0,0,10,0,10,0,0,9,0,9,0,0,19,0,19,38,0,38,57
01/17/2008,ADM,OK,ASW,CE,Federal Contract Tower,0,0,0,0,0,0,0,19,0,19,0,0,19,0,19,0,0,0,19
01/18/2008,ADM,OK,ASW,CE,Federal Contract Tower,0,0,9,0,9,0,0,34,0,34,0,0,43,0,43,33,0,33,76
01/19/2008,ADM,OK,ASW,CE,Federal Contract Tower,0,0,10,0,10,0,0,48,8,56,0,0,58,8,66,10,14,24,90
01/20/2008,ADM,OK,ASW,CE,Federal Contract Tower,0,0,8,0,8,0,0,6,0,6,0,0,14,0,14,10,0,10,24
01/21/2008,ADM,OK,ASW,CE,Federal Contract Tower,0,0,0,0,0,0,0,2,0,2,0,0,2,0,2,0,0,0,2
01/22/2008,ADM,OK,ASW,CE,Federal Contract Tower,0,0,2,2,4,0,0,2,0,2,0,0,4,2,6,14,8,22,28
01/23/2008,ADM,OK,ASW,CE,Federal Contract Tower,0,0,6,0,6,0,0,18,0,18,0,0,24,0,24,20,0,20,44
01/24/2008,ADM,OK,ASW,CE,Federal Contract Tower,0,0,7,0,7,0,0,36,0,36,0,0,43,0,43,19,0,19,62
01/25/2008,ADM,OK,ASW,CE,Federal Contract Tower,0,0,0,0,0,0,0,0,0,0,0,0,0,0,0,0,0,0,0
01/26/2008,ADM,OK,ASW,CE,Federal Contract Tower,0,0,11,0,11,0,0,0,0,0,0,0,11,0,11,18,0,18,29
01/27/2008,ADM,OK,ASW,CE,Federal Contract Tower,0,0,0,0,0,0,0,12,0,12,0,0,12,0,12,0,0,0,12
01/28/2008,ADM,OK,ASW,CE,Federal Contract Tower,0,0,0,0,0,0,0,10,0,10,0,0,10,0,10,0,0,0,10
01/29/2008,ADM,OK,ASW,CE,Federal Contract Tower,0,0,2,0,2,0,0,6,0,6,0,0,8,0,8,2,0,2,10
01/30/2008,ADM,OK,ASW,CE,Federal Contract Tower,0,0,4,0,4,0,0,15,0,15,0,0,19,0,19,6,0,6,25
01/31/2008,ADM,OK,ASW,CE,Federal Contract Tower,0,0,1,0,1,0,0,0,0,0,0,0,1,0,1,0,0,0,1
02/01/2008,ADM,OK,ASW,CE,Federal Contract Tower,0,0,1,0,1,0,0,16,0,16,0,0,17,0,17,0,0,0,17
02/02/2008,ADM,OK,ASW,CE,Federal Contract Tower,0,0,8,0,8,0,0,91,0,91,0,0,99,0,99,14,0,14,113
02/03/2008,ADM,OK,ASW,CE,Federal Contract Tower,0,0,7,0,7,0,0,0,0,0,0,0,7,0,7,2,0,2,9
02/04/2008,ADM,OK,ASW,CE,Federal Contract Tower,0,0,0,0,0,0,0,17,0,17,0,0,17,0,17,12,0,12,29
02/07/2008,ADM,OK,ASW,CE,Federal Contract Tower,0,0,6,0,6,0,0,28,0,28,0,0,34,0,34,26,2,28,62
02/08/2008,ADM,OK,ASW,CE,Federal Contract Tower,0,0,2,0,2,0,0,18,0,18,0,0,20,0,20,6,0,6,26
02/09/2008,ADM,OK,ASW,CE,Federal Contract Tower,0,0,3,0,3,0,0,96,0,96,0,0,99,0,99,8,0,8,107
02/10/2008,ADM,OK,ASW,CE,Federal Contract Tower,0,0,3,0,3,0,0,8,4,12,0,0,11,4,15,8,0,8,23
02/11/2008,ADM,OK,ASW,CE,Federal Contract Tower,0,0,2,0,2,0,0,0,0,0,0,0,2,0,2,0,0,0,2
02/12/2008,ADM,OK,ASW,CE,Federal Contract Tower,0,0,2,0,2,0,0,15,2,17,0,0,17,2,19,4,0,4,23
02/13/2008,ADM,OK,ASW,CE,Federal Contract Tower,0,0,0,0,0,0,0,37,0,37,0,0,37,0,37,26,0,26,63
02/14/2008,ADM,OK,ASW,CE,Federal Contract Tower,0,0,6,0,6,0,0,27,0,27,0,0,33,0,33,26,0,26,59
02/15/2008,ADM,OK,ASW,CE,Federal Contract Tower,0,0,2,0,2,0,0,2,0,2,0,0,4,0,4,7,0,7,11
02/16/2008,ADM,OK,ASW,CE,Federal Contract Tower,0,0,0,0,0,0,0,0,0,0,0,0,0,0,0,0,0,0,0
02/17/2008,ADM,OK,ASW,CE,Federal Contract Tower,0,0,3,0,3,0,0,1,0,1,0,0,4,0,4,0,0,0,4
02/18/2008,ADM,OK,ASW,CE,Federal Contract Tower,0,0,2,0,2,0,0,43,0,43,0,0,45,0,45,50,0,50,95
02/19/2008,ADM,OK,ASW,CE,Federal Contract Tower,0,0,4,0,4,0,0,28,2,30,0,0,32,2,34,8,12,20,54
02/21/2008,ADM,OK,ASW,CE,Federal Contract Tower,0,0,0,0,0,0,0,0,0,0,0,0,0,0,0,0,0,0,0
02/22/2008,ADM,OK,ASW,CE,Federal Contract Tower,0,0,4,0,4,0,0,26,0,26,0,0,30,0,30,20,0,20,50
02/23/2008,ADM,OK,ASW,CE,Federal Contract Tower,0,0,9,0,9,0,0,58,0,58,0,0,67,0,67,0,0,0,67
02/24/2008,ADM,OK,ASW,CE,Federal Contract Tower,0,0,3,0,3,0,0,27,0,27,0,0,30,0,30,0,0,0,30
02/25/2008,ADM,OK,ASW,CE,Federal Contract Tower,0,0,0,1,1,0,0,35,0,35,0,0,35,1,36,0,2,2,38
02/26/2008,ADM,OK,ASW,CE,Federal Contract Tower,0,0,0,0,0,0,0,14,0,14,0,0,14,0,14,6,0,6,20
02/27/2008,ADM,OK,ASW,CE,Federal Contract Tower,0,0,0,0,0,0,0,46,0,46,0,0,46,0,46,20,0,20,66
02/28/2008,ADM,OK,ASW,CE,Federal Contract Tower,0,0,5,2,7,0,0,16,0,16,0,0,21,2,23,10,8,18,41
02/29/2008,ADM,OK,ASW,CE,Federal Contract Tower,0,0,7,0,7,0,0,30,0,30,0,0,37,0,37,13,0,13,50
03/01/2008,ADM,OK,ASW,CE,Federal Contract Tower,0,0,19,0,19,0,0,45,4,49,0,0,64,4,68,12,0,12,80
03/02/2008,ADM,OK,ASW,CE,Federal Contract Tower,0,0,0,0,0,0,0,0,0,0,0,0,0,0,0,0,0,0,0
03/03/2008,ADM,OK,ASW,CE,Federal Contract Tower,0,0,0,0,0,0,0,0,0,0,0,0,0,0,0,0,0,0,0
03/04/2008,ADM,OK,ASW,CE,Federal Contract Tower,0,0,6,0,6,0,0,17,0,17,0,0,23,0,23,14,0,14,37
03/05/2008,ADM,OK,ASW,CE,Federal Contract Tower,0,0,5,0,5,0,0,51,2,53,0,0,56,2,58,56,4,60,118
03/06/2008,ADM,OK,ASW,CE,Federal Contract Tower,0,0,0,0,0,0,0,5,0,5,0,0,5,0,5,0,0,0,5
03/07/2008,ADM,OK,ASW,CE,Federal Contract Tower,0,0,7,0,7,0,0,19,0,19,0,0,26,0,26,16,0,16,42
03/08/2008,ADM,OK,ASW,CE,Federal Contract Tower,0,0,5,0,5,0,0,49,0,49,0,0,54,0,54,38,0,38,92
03/09/2008,ADM,OK,ASW,CE,Federal Contract Tower,0,0,0,0,0,0,0,13,4,17,0,0,13,4,17,12,0,12,29
03/10/2008,ADM,OK,ASW,CE,Federal Contract Tower,0,0,2,0,2,0,0,27,5,32,0,0,29,5,34,40,2,42,76
03/11/2008,ADM,OK,ASW,CE,Federal Contract Tower,0,0,4,0,4,0,0,55,5,60,0,0,59,5,64,10,6,16,80
03/12/2008,ADM,OK,ASW,CE,Federal Contract Tower,0,0,4,0,4,0,0,47,14,61,0,0,51,14,65,16,2,18,83
03/13/2008,ADM,OK,ASW,CE,Federal Contract Tower,0,0,7,0,7,0,0,22,15,37,0,0,29,15,44,4,12,16,60
03/14/2008,ADM,OK,ASW,CE,Federal Contract Tower,0,0,4,0,4,0,0,32,0,32,0,0,36,0,36,22,0,22,58
03/15/2008,ADM,OK,ASW,CE,Federal Contract Tower,0,0,5,0,5,0,0,46,0,46,0,0,51,0,51,38,0,38,89
03/16/2008,ADM,OK,ASW,CE,Federal Contract Tower,0,0,0,0,0,0,0,5,0,5,0,0,5,0,5,0,0,0,5
03/17/2008,ADM,OK,ASW,CE,Federal Contract Tower,0,0,0,0,0,0,0,1,0,1,0,0,1,0,1,1,0,1,2
03/18/2008,ADM,OK,ASW,CE,Federal Contract Tower,0,0,0,0,0,0,0,0,0,0,0,0,0,0,0,0,0,0,0
03/19/2008,ADM,OK,ASW,CE,Federal Contract Tower,0,0,0,0,0,0,0,24,0,24,0,0,24,0,24,20,10,30,54
03/20/2008,ADM,OK,ASW,CE,Federal Contract Tower,0,0,2,0,2,0,0,29,2,31,0,0,31,2,33,8,4,12,45
03/21/2008,ADM,OK,ASW,CE,Federal Contract Tower,0,0,0,0,0,0,0,26,0,26,0,0,26,0,26,26,0,26,52
03/22/2008,ADM,OK,ASW,CE,Federal Contract Tower,0,0,0,0,0,0,0,127,0,127,0,0,127,0,127,18,0,18,145
03/23/2008,ADM,OK,ASW,CE,Federal Contract Tower,0,0,2,0,2,0,0,3,0,3,0,0,5,0,5,6,0,6,11
03/24/2008,ADM,OK,ASW,CE,Federal Contract Tower,0,0,0,0,0,0,0,0,15,15,0,0,0,15,15,0,0,0,15
03/25/2008,ADM,OK,ASW,CE,Federal Contract Tower,0,0,4,0,4,0,0,22,1,23,0,0,26,1,27,6,8,14,41
03/26/2008,ADM,OK,ASW,CE,Federal Contract Tower,0,0,4,0,4,0,0,12,0,12,0,0,16,0,16,12,0,12,28
03/27/2008,ADM,OK,ASW,CE,Federal Contract Tower,0,0,8,0,8,0,0,23,0,23,0,0,31,0,31,6,0,6,37
03/28/2008,ADM,OK,ASW,CE,Federal Contract Tower,0,0,4,0,4,0,0,13,0,13,0,0,17,0,17,0,0,0,17
03/29/2008,ADM,OK,ASW,CE,Federal Contract Tower,0,0,0,0,0,0,0,0,0,0,0,0,0,0,0,0,0,0,0
03/30/2008,ADM,OK,ASW,CE,Federal Contract Tower,0,0,1,0,1,0,0,0,0,0,0,0,1,0,1,1,0,1,2
03/31/2008,ADM,OK,ASW,CE,Federal Contract Tower,0,0,0,0,0,0,0,0,0,0,0,0,0,0,0,0,0,0,0
04/01/2008,ADM,OK,ASW,CE,Federal Contract Tower,0,0,4,0,4,0,0,26,2,28,0,0,30,2,32,24,0,24,56
04/02/2008,ADM,OK,ASW,CE,Federal Contract Tower,0,0,6,0,6,0,0,7,0,7,0,0,13,0,13,0,0,0,13
04/03/2008,ADM,OK,ASW,CE,Federal Contract Tower,0,0,0,0,0,0,0,0,0,0,0,0,0,0,0,0,0,0,0
04/04/2008,ADM,OK,ASW,CE,Federal Contract Tower,0,0,4,0,4,0,0,37,0,37,0,0,41,0,41,13,0,13,54
04/05/2008,ADM,OK,ASW,CE,Federal Contract Tower,0,0,4,0,4,0,0,79,0,79,0,0,83,0,83,20,0,20,103
04/06/2008,ADM,OK,ASW,CE,Federal Contract Tower,0,0,5,0,5,0,0,38,9,47,0,0,43,9,52,18,0,18,70
04/07/2008,ADM,OK,ASW,CE,Federal Contract Tower,0,0,2,0,2,0,0,51,7,58,0,0,53,7,60,20,60,80,140
04/08/2008,ADM,OK,ASW,CE,Federal Contract Tower,0,0,9,0,9,0,0,6,8,14,0,0,15,8,23,6,0,6,29
04/09/2008,ADM,OK,ASW,CE,Federal Contract Tower,0,0,4,0,4,0,0,4,0,4,0,0,8,0,8,2,0,2,10
04/10/2008,ADM,OK,ASW,CE,Federal Contract Tower,0,0,4,0,4,0,0,0,9,9,0,0,4,9,13,0,0,0,13
04/11/2008,ADM,OK,ASW,CE,Federal Contract Tower,0,0,2,2,4,0,0,62,0,62,0,0,64,2,66,18,12,30,96
04/12/2008,ADM,OK,ASW,CE,Federal Contract Tower,0,0,1,4,5,0,0,80,0,80,0,0,81,4,85,86,10,96,181
04/13/2008,ADM,OK,ASW,CE,Federal Contract Tower,0,0,6,0,6,0,0,13,0,13,0,0,19,0,19,16,0,16,35
04/14/2008,ADM,OK,ASW,CE,Federal Contract Tower,0,0,1,0,1,0,0,18,0,18,0,0,19,0,19,38,0,38,57
04/15/2008,ADM,OK,ASW,CE,Federal Contract Tower,0,0,10,0,10,0,0,13,0,13,0,0,23,0,23,4,10,14,37
04/16/2008,ADM,OK,ASW,CE,Federal Contract Tower,0,0,5,0,5,0,0,5,0,5,0,0,10,0,10,6,0,6,16
04/17/2008,ADM,OK,ASW,CE,Federal Contract Tower,0,0,5,0,5,1,0,0,0,1,1,0,5,0,6,4,0,4,10
04/18/2008,ADM,OK,ASW,CE,Federal Contract Tower,0,0,0,0,0,0,0,58,2,60,0,0,58,2,60,80,12,92,152
04/19/2008,ADM,OK,ASW,CE,Federal Contract Tower,0,0,10,0,10,0,0,60,24,84,0,0,70,24,94,18,0,18,112
04/20/2008,ADM,OK,ASW,CE,Federal Contract Tower,0,0,4,0,4,0,0,9,0,9,0,0,13,0,13,12,0,12,25
04/21/2008,ADM,OK,ASW,CE,Federal Contract Tower,0,0,0,0,0,0,0,7,0,7,0,0,7,0,7,8,0,8,15
04/22/2008,ADM,OK,ASW,CE,Federal Contract Tower,0,0,2,0,2,0,0,4,0,4,0,0,6,0,6,2,0,2,8
04/23/2008,ADM,OK,ASW,CE,Federal Contract Tower,0,0,5,0,5,0,0,4,0,4,0,0,9,0,9,0,0,0,9
04/24/2008,ADM,OK,ASW,CE,Federal Contract Tower,0,0,4,1,5,0,0,21,0,21,0,0,25,1,26,24,10,34,60
04/25/2008,ADM,OK,ASW,CE,Federal Contract Tower,0,0,6,0,6,0,0,43,0,43,0,0,49,0,49,16,0,16,65
04/26/2008,ADM,OK,ASW,CE,Federal Contract Tower,0,0,2,0,2,0,0,77,0,77,0,0,79,0,79,36,0,36,115
04/27/2008,ADM,OK,ASW,CE,Federal Contract Tower,0,0,4,0,4,0,0,18,2,20,0,0,22,2,24,9,4,13,37
04/28/2008,ADM,OK,ASW,CE,Federal Contract Tower,0,0,0,0,0,0,0,24,0,24,0,0,24,0,24,38,0,38,62
04/29/2008,ADM,OK,ASW,CE,Federal Contract Tower,0,0,0,0,0,0,0,15,0,15,0,0,15,0,15,18,0,18,33
04/30/2008,ADM,OK,ASW,CE,Federal Contract Tower,0,0,3,0,3,0,0,28,0,28,0,0,31,0,31,95,0,95,126
05/01/2008,ADM,OK,ASW,CE,Federal Contract Tower,0,0,4,1,5,0,0,41,2,43,0,0,45,3,48,31,0,31,79
05/02/2008,ADM,OK,ASW,CE,Federal Contract Tower,0,0,6,0,6,0,0,55,5,60,0,0,61,5,66,26,4,30,96
05/03/2008,ADM,OK,ASW,CE,Federal Contract Tower,0,0,8,0,8,0,0,86,4,90,0,0,94,4,98,37,0,37,135
05/04/2008,ADM,OK,ASW,CE,Federal Contract Tower,0,0,3,0,3,0,0,10,6,16,0,0,13,6,19,14,0,14,33
05/05/2008,ADM,OK,ASW,CE,Federal Contract Tower,0,0,2,0,2,0,0,6,0,6,0,0,8,0,8,0,0,0,8
05/06/2008,ADM,OK,ASW,CE,Federal Contract Tower,0,0,3,0,3,0,0,11,0,11,0,0,14,0,14,2,0,2,16
05/07/2008,ADM,OK,ASW,CE,Federal Contract Tower,0,0,4,0,4,0,0,0,0,0,0,0,4,0,4,0,0,0,4
05/08/2008,ADM,OK,ASW,CE,Federal Contract Tower,0,0,6,0,6,0,0,37,6,43,0,0,43,6,49,25,0,25,74
05/09/2008,ADM,OK,ASW,CE,Federal Contract Tower,0,0,6,0,6,0,0,33,0,33,0,0,39,0,39,24,0,24,63
05/10/2008,ADM,OK,ASW,CE,Federal Contract Tower,0,0,5,0,5,0,0,52,0,52,0,0,57,0,57,13,0,13,70
05/11/2008,ADM,OK,ASW,CE,Federal Contract Tower,0,0,0,0,0,0,0,14,0,14,0,0,14,0,14,10,0,10,24
05/12/2008,ADM,OK,ASW,CE,Federal Contract Tower,0,0,0,0,0,0,0,54,2,56,0,0,54,2,56,50,2,52,108
05/13/2008,ADM,OK,ASW,CE,Federal Contract Tower,0,0,2,0,2,0,0,0,0,0,0,0,2,0,2,2,0,2,4
05/14/2008,ADM,OK,ASW,CE,Federal Contract Tower,0,0,4,0,4,0,0,0,0,0,0,0,4,0,4,0,0,0,4
05/15/2008,ADM,OK,ASW,CE,Federal Contract Tower,0,0,4,0,4,0,0,10,0,10,0,0,14,0,14,0,0,0,14
05/16/2008,ADM,OK,ASW,CE,Federal Contract Tower,0,0,1,0,1,0,0,42,2,44,0,0,43,2,45,46,10,56,101
05/17/2008,ADM,OK,ASW,CE,Federal Contract Tower,0,0,1,0,1,0,0,41,4,45,0,0,42,4,46,14,0,14,60
05/18/2008,ADM,OK,ASW,CE,Federal Contract Tower,0,0,0,0,0,0,0,57,0,57,0,0,57,0,57,76,0,76,133
05/19/2008,ADM,OK,ASW,CE,Federal Contract Tower,0,0,0,0,0,0,0,37,0,37,0,0,37,0,37,12,0,12,49
05/20/2008,ADM,OK,ASW,CE,Federal Contract Tower,0,0,0,0,0,0,0,16,0,16,0,0,16,0,16,6,0,6,22
05/21/2008,ADM,OK,ASW,CE,Federal Contract Tower,0,0,4,0,4,0,0,30,2,32,0,0,34,2,36,20,2,22,58
05/22/2008,ADM,OK,ASW,CE,Federal Contract Tower,0,0,5,0,5,0,0,23,11,34,0,0,28,11,39,14,0,14,53
05/23/2008,ADM,OK,ASW,CE,Federal Contract Tower,0,0,4,0,4,0,0,12,0,12,0,0,16,0,16,14,0,14,30
05/24/2008,ADM,OK,ASW,CE,Federal Contract Tower,0,0,1,0,1,0,0,3,0,3,0,0,4,0,4,0,0,0,4
05/25/2008,ADM,OK,ASW,CE,Federal Contract Tower,0,0,7,0,7,0,0,6,0,6,0,0,13,0,13,0,0,0,13
05/26/2008,ADM,OK,ASW,CE,Federal Contract Tower,0,0,0,0,0,0,0,13,0,13,0,0,13,0,13,2,0,2,15
05/27/2008,ADM,OK,ASW,CE,Federal Contract Tower,0,0,6,1,7,0,0,6,0,6,0,0,12,1,13,4,0,4,17
05/28/2008,ADM,OK,ASW,CE,Federal Contract Tower,0,0,8,0,8,0,0,29,0,29,0,0,37,0,37,77,0,77,114
05/29/2008,ADM,OK,ASW,CE,Federal Contract Tower,0,0,13,0,13,0,0,23,4,27,0,0,36,4,40,52,0,52,92
05/30/2008,ADM,OK,ASW,CE,Federal Contract Tower,0,0,11,0,11,0,0,19,0,19,0,0,30,0,30,42,0,42,72
05/31/2008,ADM,OK,ASW,CE,Federal Contract Tower,0,0,3,0,3,0,0,40,0,40,0,0,43,0,43,12,0,12,55
06/01/2008,ADM,OK,ASW,CE,Federal Contract Tower,0,0,3,0,3,0,0,16,4,20,0,0,19,4,23,18,0,18,41
06/02/2008,ADM,OK,ASW,CE,Federal Contract Tower,0,0,3,0,3,0,0,11,0,11,0,0,14,0,14,10,0,10,24
06/03/2008,ADM,OK,ASW,CE,Federal Contract Tower,0,0,1,1,2,0,0,22,0,22,0,0,23,1,24,6,2,8,32
06/04/2008,ADM,OK,ASW,CE,Federal Contract Tower,0,0,2,0,2,0,0,8,0,8,0,0,10,0,10,20,0,20,30
06/05/2008,ADM,OK,ASW,CE,Federal Contract Tower,0,0,2,0,2,0,0,5,0,5,0,0,7,0,7,0,0,0,7
06/06/2008,ADM,OK,ASW,CE,Federal Contract Tower,0,0,2,0,2,0,0,51,2,53,0,0,53,2,55,23,0,23,78
06/07/2008,ADM,OK,ASW,CE,Federal Contract Tower,0,0,1,0,1,0,0,17,4,21,0,0,18,4,22,32,0,32,54
06/08/2008,ADM,OK,ASW,CE,Federal Contract Tower,0,0,0,0,0,0,0,12,0,12,0,0,12,0,12,0,0,0,12
06/09/2008,ADM,OK,ASW,CE,Federal Contract Tower,0,0,2,0,2,0,0,24,0,24,0,0,26,0,26,24,0,24,50
06/10/2008,ADM,OK,ASW,CE,Federal Contract Tower,0,0,3,0,3,0,0,5,0,5,0,0,8,0,8,5,0,5,13
06/11/2008,ADM,OK,ASW,CE,Federal Contract Tower,0,0,4,0,4,0,0,26,0,26,0,0,30,0,30,15,0,15,45
06/12/2008,ADM,OK,ASW,CE,Federal Contract Tower,0,0,10,0,10,0,0,37,3,40,0,0,47,3,50,23,0,23,73
06/13/2008,ADM,OK,ASW,CE,Federal Contract Tower,0,0,2,0,2,0,0,18,2,20,0,0,20,2,22,22,0,22,44
06/14/2008,ADM,OK,ASW,CE,Federal Contract Tower,0,0,0,0,0,0,0,49,0,49,0,0,49,0,49,22,0,22,71
06/15/2008,ADM,OK,ASW,CE,Federal Contract Tower,0,0,1,0,1,0,0,16,0,16,0,0,17,0,17,8,0,8,25
06/16/2008,ADM,OK,ASW,CE,Federal Contract Tower,0,0,0,0,0,0,0,13,0,13,0,0,13,0,13,6,0,6,19
06/17/2008,ADM,OK,ASW,CE,Federal Contract Tower,0,0,3,0,3,0,0,2,0,2,0,0,5,0,5,2,0,2,7
06/18/2008,ADM,OK,ASW,CE,Federal Contract Tower,0,0,3,0,3,0,0,34,0,34,0,0,37,0,37,60,0,60,97
06/19/2008,ADM,OK,ASW,CE,Federal Contract Tower,0,0,9,0,9,0,0,28,2,30,0,0,37,2,39,42,0,42,81
06/20/2008,ADM,OK,ASW,CE,Federal Contract Tower,0,0,13,0,13,0,0,38,0,38,0,0,51,0,51,44,0,44,95
06/21/2008,ADM,OK,ASW,CE,Federal Contract Tower,0,0,8,0,8,0,0,54,5,59,0,0,62,5,67,44,0,44,111
06/22/2008,ADM,OK,ASW,CE,Federal Contract Tower,0,0,0,0,0,0,0,12,0,12,0,0,12,0,12,22,0,22,34
06/23/2008,ADM,OK,ASW,CE,Federal Contract Tower,0,0,2,0,2,0,0,34,0,34,0,0,36,0,36,65,0,65,101
06/24/2008,ADM,OK,ASW,CE,Federal Contract Tower,0,0,0,0,0,0,0,31,0,31,0,0,31,0,31,14,1,15,46
06/25/2008,ADM,OK,ASW,CE,Federal Contract Tower,0,0,4,0,4,0,0,24,0,24,0,0,28,0,28,96,0,96,124
06/26/2008,ADM,OK,ASW,CE,Federal Contract Tower,0,0,11,0,11,0,0,27,0,27,0,0,38,0,38,68,0,68,106
06/27/2008,ADM,OK,ASW,CE,Federal Contract Tower,0,0,2,0,2,0,0,48,0,48,0,0,50,0,50,70,0,70,120
06/28/2008,ADM,OK,ASW,CE,Federal Contract Tower,0,0,2,0,2,0,0,17,0,17,0,0,19,0,19,24,0,24,43
06/29/2008,ADM,OK,ASW,CE,Federal Contract Tower,0,0,0,0,0,0,0,9,0,9,0,0,9,0,9,18,0,18,27
06/30/2008,ADM,OK,ASW,CE,Federal Contract Tower,0,0,0,2,2,0,0,27,0,27,0,0,27,2,29,12,6,18,47
07/01/2008,ADM,OK,ASW,CE,Federal Contract Tower,0,0,4,0,4,0,0,40,0,40,0,0,44,0,44,14,0,14,58
07/02/2008,ADM,OK,ASW,CE,Federal Contract Tower,0,0,1,0,1,0,0,29,0,29,0,0,30,0,30,28,0,28,58
07/03/2008,ADM,OK,ASW,CE,Federal Contract Tower,0,0,4,0,4,0,0,31,0,31,0,0,35,0,35,18,0,18,53
07/04/2008,ADM,OK,ASW,CE,Federal Contract Tower,0,0,0,0,0,0,0,34,0,34,0,0,34,0,34,10,0,10,44
07/05/2008,ADM,OK,ASW,CE,Federal Contract Tower,0,0,2,0,2,0,0,70,0,70,0,0,72,0,72,25,0,25,97
07/06/2008,ADM,OK,ASW,CE,Federal Contract Tower,0,0,6,0,6,0,0,4,0,4,0,0,10,0,10,16,0,16,26
07/07/2008,ADM,OK,ASW,CE,Federal Contract Tower,0,0,5,0,5,0,0,22,0,22,0,0,27,0,27,11,0,11,38
07/08/2008,ADM,OK,ASW,CE,Federal Contract Tower,0,0,2,0,2,0,0,20,0,20,0,0,22,0,22,16,0,16,38
07/09/2008,ADM,OK,ASW,CE,Federal Contract Tower,0,0,4,0,4,0,0,18,0,18,0,0,22,0,22,2,0,2,24
07/10/2008,ADM,OK,ASW,CE,Federal Contract Tower,0,0,0,0,0,0,0,29,2,31,0,0,29,2,31,57,2,59,90
07/11/2008,ADM,OK,ASW,CE,Federal Contract Tower,0,0,4,0,4,0,0,42,0,42,0,0,46,0,46,41,0,41,87
07/12/2008,ADM,OK,ASW,CE,Federal Contract Tower,0,0,4,8,12,0,0,88,0,88,0,0,92,8,100,25,0,25,125
07/13/2008,ADM,OK,ASW,CE,Federal Contract Tower,0,0,4,0,4,0,0,4,0,4,0,0,8,0,8,6,0,6,14
07/14/2008,ADM,OK,ASW,CE,Federal Contract Tower,0,0,2,2,4,0,0,41,2,43,0,0,43,4,47,30,4,34,81
07/15/2008,ADM,OK,ASW,CE,Federal Contract Tower,0,0,0,0,0,0,0,20,0,20,0,0,20,0,20,8,0,8,28
07/16/2008,ADM,OK,ASW,CE,Federal Contract Tower,0,0,5,0,5,0,0,38,2,40,0,0,43,2,45,30,0,30,75
07/17/2008,ADM,OK,ASW,CE,Federal Contract Tower,0,0,5,0,5,0,0,28,0,28,0,0,33,0,33,42,0,42,75
07/18/2008,ADM,OK,ASW,CE,Federal Contract Tower,0,0,4,5,9,0,0,61,4,65,0,0,65,9,74,57,0,57,131
07/19/2008,ADM,OK,ASW,CE,Federal Contract Tower,0,0,3,0,3,0,0,62,0,62,0,0,65,0,65,85,0,85,150
07/20/2008,ADM,OK,ASW,CE,Federal Contract Tower,0,0,7,0,7,0,0,21,0,21,0,0,28,0,28,14,0,14,42
07/21/2008,ADM,OK,ASW,CE,Federal Contract Tower,0,0,3,0,3,0,0,34,0,34,0,0,37,0,37,31,0,31,68
07/22/2008,ADM,OK,ASW,CE,Federal Contract Tower,0,0,5,0,5,0,0,37,0,37,0,0,42,0,42,39,0,39,81
07/23/2008,ADM,OK,ASW,CE,Federal Contract Tower,0,0,3,0,3,0,0,32,3,35,0,0,35,3,38,24,0,24,62
07/24/2008,ADM,OK,ASW,CE,Federal Contract Tower,0,0,1,0,1,0,0,44,0,44,0,0,45,0,45,28,0,28,73
07/25/2008,ADM,OK,ASW,CE,Federal Contract Tower,0,0,5,0,5,0,0,29,3,32,0,0,34,3,37,34,0,34,71
07/26/2008,ADM,OK,ASW,CE,Federal Contract Tower,0,0,3,0,3,0,0,53,3,56,0,0,56,3,59,35,0,35,94
07/27/2008,ADM,OK,ASW,CE,Federal Contract Tower,0,0,1,0,1,0,0,22,0,22,0,0,23,0,23,40,0,40,63
07/28/2008,ADM,OK,ASW,CE,Federal Contract Tower,0,0,2,0,2,0,0,29,0,29,0,0,31,0,31,34,0,34,65
07/29/2008,ADM,OK,ASW,CE,Federal Contract Tower,0,0,0,0,0,0,0,25,0,25,0,0,25,0,25,22,0,22,47
07/30/2008,ADM,OK,ASW,CE,Federal Contract Tower,0,0,0,0,0,0,0,16,0,16,0,0,16,0,16,4,0,4,20
07/31/2008,ADM,OK,ASW,CE,Federal Contract Tower,0,0,5,0,5,0,0,31,0,31,0,0,36,0,36,18,0,18,54
08/01/2008,ADM,OK,ASW,CE,Federal Contract Tower,0,0,3,0,3,0,0,30,2,32,0,0,33,2,35,33,2,35,70
08/02/2008,ADM,OK,ASW,CE,Federal Contract Tower,0,0,3,0,3,0,0,7,0,7,0,0,10,0,10,0,0,0,10
08/03/2008,ADM,OK,ASW,CE,Federal Contract Tower,0,0,7,0,7,0,0,17,0,17,0,0,24,0,24,2,0,2,26
08/04/2008,ADM,OK,ASW,CE,Federal Contract Tower,0,0,2,0,2,0,0,16,0,16,0,0,18,0,18,6,0,6,24
08/05/2008,ADM,OK,ASW,CE,Federal Contract Tower,0,0,0,0,0,0,0,34,0,34,0,0,34,0,34,50,0,50,84
08/06/2008,ADM,OK,ASW,CE,Federal Contract Tower,0,0,3,0,3,0,0,24,0,24,0,0,27,0,27,6,0,6,33
08/07/2008,ADM,OK,ASW,CE,Federal Contract Tower,0,0,7,0,7,0,0,27,0,27,0,0,34,0,34,7,0,7,41
08/08/2008,ADM,OK,ASW,CE,Federal Contract Tower,0,0,1,0,1,0,0,12,0,12,0,0,13,0,13,21,0,21,34
08/09/2008,ADM,OK,ASW,CE,Federal Contract Tower,0,0,1,0,1,0,0,94,0,94,0,0,95,0,95,53,0,53,148
08/10/2008,ADM,OK,ASW,CE,Federal Contract Tower,0,0,4,0,4,0,0,3,0,3,0,0,7,0,7,21,0,21,28
08/11/2008,ADM,OK,ASW,CE,Federal Contract Tower,0,0,0,0,0,0,0,7,0,7,0,0,7,0,7,0,0,0,7
08/12/2008,ADM,OK,ASW,CE,Federal Contract Tower,0,0,2,1,3,0,0,13,1,14,0,0,15,2,17,3,1,4,21
08/13/2008,ADM,OK,ASW,CE,Federal Contract Tower,0,0,1,0,1,0,0,35,0,35,0,0,36,0,36,58,0,58,94
08/14/2008,ADM,OK,ASW,CE,Federal Contract Tower,0,0,4,0,4,0,0,33,0,33,0,0,37,0,37,34,0,34,71
08/15/2008,ADM,OK,ASW,CE,Federal Contract Tower,0,0,3,0,3,0,0,23,0,23,0,0,26,0,26,65,0,65,91
08/16/2008,ADM,OK,ASW,CE,Federal Contract Tower,0,0,0,0,0,0,0,7,0,7,0,0,7,0,7,6,0,6,13
08/17/2008,ADM,OK,ASW,CE,Federal Contract Tower,0,0,8,0,8,0,0,9,0,9,0,0,17,0,17,16,0,16,33
08/18/2008,ADM,OK,ASW,CE,Federal Contract Tower,0,0,0,0,0,0,0,1,0,1,0,0,1,0,1,0,0,0,1
08/19/2008,ADM,OK,ASW,CE,Federal Contract Tower,0,0,0,0,0,0,0,1,0,1,0,0,1,0,1,0,0,0,1
08/20/2008,ADM,OK,ASW,CE,Federal Contract Tower,0,0,1,0,1,0,0,2,0,2,0,0,3,0,3,2,0,2,5
08/21/2008,ADM,OK,ASW,CE,Federal Contract Tower,0,0,2,0,2,0,0,16,2,18,0,0,18,2,20,6,0,6,26
08/22/2008,ADM,OK,ASW,CE,Federal Contract Tower,0,0,0,0,0,0,0,35,0,35,0,0,35,0,35,22,0,22,57
08/23/2008,ADM,OK,ASW,CE,Federal Contract Tower,0,0,6,0,6,0,0,28,0,28,0,0,34,0,34,0,0,0,34
08/24/2008,ADM,OK,ASW,CE,Federal Contract Tower,0,0,2,0,2,0,0,11,0,11,0,0,13,0,13,6,0,6,19
08/25/2008,ADM,OK,ASW,CE,Federal Contract Tower,0,0,0,0,0,0,0,33,0,33,0,0,33,0,33,28,0,28,61
08/26/2008,ADM,OK,ASW,CE,Federal Contract Tower,0,0,2,0,2,0,0,50,0,50,0,0,52,0,52,18,0,18,70
08/27/2008,ADM,OK,ASW,CE,Federal Contract Tower,0,0,4,0,4,0,0,40,0,40,0,0,44,0,44,78,0,78,122
08/28/2008,ADM,OK,ASW,CE,Federal Contract Tower,0,0,7,0,7,0,0,23,0,23,0,0,30,0,30,17,0,17,47
08/29/2008,ADM,OK,ASW,CE,Federal Contract Tower,0,0,5,0,5,0,0,47,0,47,0,0,52,0,52,40,0,40,92
08/30/2008,ADM,OK,ASW,CE,Federal Contract Tower,0,0,0,0,0,0,0,41,0,41,0,0,41,0,41,26,0,26,67
08/31/2008,ADM,OK,ASW,CE,Federal Contract Tower,0,0,0,0,0,0,0,15,0,15,0,0,15,0,15,4,0,4,19
09/01/2008,ADM,OK,ASW,CE,Federal Contract Tower,0,0,0,0,0,0,0,27,0,27,0,0,27,0,27,12,0,12,39
09/02/2008,ADM,OK,ASW,CE,Federal Contract Tower,0,0,1,8,9,0,0,27,0,27,0,0,28,8,36,10,4,14,50
09/03/2008,ADM,OK,ASW,CE,Federal Contract Tower,0,0,3,0,3,0,0,5,0,5,0,0,8,0,8,0,0,0,8
09/04/2008,ADM,OK,ASW,CE,Federal Contract Tower,0,0,4,0,4,0,0,28,3,31,0,0,32,3,35,23,6,29,64
09/05/2008,ADM,OK,ASW,CE,Federal Contract Tower,0,0,6,0,6,0,0,27,0,27,0,0,33,0,33,29,0,29,62
09/06/2008,ADM,OK,ASW,CE,Federal Contract Tower,0,0,2,0,2,0,0,49,0,49,0,0,51,0,51,36,0,36,87
09/07/2008,ADM,OK,ASW,CE,Federal Contract Tower,0,0,0,0,0,0,0,15,0,15,0,0,15,0,15,22,0,22,37
09/08/2008,ADM,OK,ASW,CE,Federal Contract Tower,0,0,2,0,2,0,0,23,0,23,0,0,25,0,25,18,0,18,43
09/09/2008,ADM,OK,ASW,CE,Federal Contract Tower,0,0,3,2,5,0,0,4,0,4,0,0,7,2,9,2,0,2,11
09/10/2008,ADM,OK,ASW,CE,Federal Contract Tower,0,0,9,0,9,0,0,0,0,0,0,0,9,0,9,0,0,0,9
09/11/2008,ADM,OK,ASW,CE,Federal Contract Tower,0,0,9,7,16,0,0,4,0,4,0,0,13,7,20,0,0,0,20
09/12/2008,ADM,OK,ASW,CE,Federal Contract Tower,0,0,9,0,9,0,0,13,0,13,0,0,22,0,22,4,0,4,26
09/13/2008,ADM,OK,ASW,CE,Federal Contract Tower,0,0,2,0,2,0,0,26,0,26,0,0,28,0,28,9,0,9,37
09/14/2008,ADM,OK,ASW,CE,Federal Contract Tower,0,0,1,0,1,0,0,7,0,7,0,0,8,0,8,4,0,4,12
09/15/2008,ADM,OK,ASW,CE,Federal Contract Tower,0,0,3,0,3,0,0,51,0,51,0,0,54,0,54,149,0,149,203
09/16/2008,ADM,OK,ASW,CE,Federal Contract Tower,0,0,1,0,1,0,0,75,0,75,0,0,76,0,76,446,0,446,522
09/17/2008,ADM,OK,ASW,CE,Federal Contract Tower,0,0,5,0,5,0,0,109,2,111,0,0,114,2,116,441,0,441,557
09/18/2008,ADM,OK,ASW,CE,Federal Contract Tower,0,0,0,0,0,0,0,72,0,72,0,0,72,0,72,532,0,532,604
09/19/2008,ADM,OK,ASW,CE,Federal Contract Tower,0,0,3,0,3,0,0,58,4,62,0,0,61,4,65,520,0,520,585
09/20/2008,ADM,OK,ASW,CE,Federal Contract Tower,0,0,1,0,1,0,0,70,0,70,0,0,71,0,71,450,0,450,521
09/21/2008,ADM,OK,ASW,CE,Federal Contract Tower,0,0,6,0,6,0,0,0,0,0,0,0,6,0,6,6,0,6,12
09/22/2008,ADM,OK,ASW,CE,Federal Contract Tower,0,0,0,0,0,0,0,22,0,22,0,0,22,0,22,16,0,16,38
09/23/2008,ADM,OK,ASW,CE,Federal Contract Tower,0,0,0,0,0,0,0,30,0,30,0,0,30,0,30,20,0,20,50
09/24/2008,ADM,OK,ASW,CE,Federal Contract Tower,0,0,2,0,2,0,0,57,0,57,0,0,59,0,59,42,0,42,101
09/25/2008,ADM,OK,ASW,CE,Federal Contract Tower,0,0,5,0,5,0,0,44,0,44,0,0,49,0,49,22,0,22,71
09/26/2008,ADM,OK,ASW,CE,Federal Contract Tower,0,0,4,0,4,0,0,45,0,45,0,0,49,0,49,8,0,8,57
09/27/2008,ADM,OK,ASW,CE,Federal Contract Tower,0,0,0,0,0,0,0,45,0,45,0,0,45,0,45,6,0,6,51
09/28/2008,ADM,OK,ASW,CE,Federal Contract Tower,0,0,1,0,1,0,0,13,0,13,0,0,14,0,14,0,0,0,14
09/29/2008,ADM,OK,ASW,CE,Federal Contract Tower,0,0,0,0,0,0,0,29,2,31,0,0,29,2,31,2,0,2,33
09/30/2008,ADM,OK,ASW,CE,Federal Contract Tower,0,0,0,0,0,0,0,29,0,29,0,0,29,0,29,18,0,18,47
10/01/2008,ADM,OK,ASW,CE,Federal Contract Tower,0,0,9,0,9,0,0,29,4,33,0,0,38,4,42,62,10,72,114
10/02/2008,ADM,OK,ASW,CE,Federal Contract Tower,0,0,2,0,2,0,0,38,0,38,0,0,40,0,40,56,0,56,96
10/03/2008,ADM,OK,ASW,CE,Federal Contract Tower,0,0,0,0,0,0,0,27,0,27,0,0,27,0,27,10,0,10,37
10/04/2008,ADM,OK,ASW,CE,Federal Contract Tower,0,0,0,0,0,0,0,59,0,59,0,0,59,0,59,26,0,26,85
10/05/2008,ADM,OK,ASW,CE,Federal Contract Tower,0,0,2,0,2,0,0,6,0,6,0,0,8,0,8,0,0,0,8
10/06/2008,ADM,OK,ASW,CE,Federal Contract Tower,0,0,5,0,5,0,0,0,0,0,0,0,5,0,5,0,0,0,5
10/07/2008,ADM,OK,ASW,CE,Federal Contract Tower,0,0,0,0,0,0,0,15,0,15,0,0,15,0,15,16,0,16,31
10/08/2008,ADM,OK,ASW,CE,Federal Contract Tower,0,0,2,0,2,0,0,35,0,35,0,0,37,0,37,51,0,51,88
10/09/2008,ADM,OK,ASW,CE,Federal Contract Tower,0,0,0,0,0,0,0,31,0,31,0,0,31,0,31,41,0,41,72
10/10/2008,ADM,OK,ASW,CE,Federal Contract Tower,0,0,6,0,6,0,0,49,0,49,0,0,55,0,55,36,0,36,91
10/11/2008,ADM,OK,ASW,CE,Federal Contract Tower,0,0,0,0,0,0,0,39,0,39,0,0,39,0,39,40,0,40,79
10/12/2008,ADM,OK,ASW,CE,Federal Contract Tower,0,0,0,0,0,0,0,4,0,4,0,0,4,0,4,0,0,0,4
10/13/2008,ADM,OK,ASW,CE,Federal Contract Tower,0,0,3,0,3,0,0,27,0,27,0,0,30,0,30,6,0,6,36
10/14/2008,ADM,OK,ASW,CE,Federal Contract Tower,0,0,9,0,9,0,0,6,0,6,0,0,15,0,15,0,0,0,15
10/15/2008,ADM,OK,ASW,CE,Federal Contract Tower,0,0,8,0,8,0,0,6,0,6,0,0,14,0,14,0,0,0,14
10/16/2008,ADM,OK,ASW,CE,Federal Contract Tower,0,0,13,0,13,0,0,36,0,36,0,0,49,0,49,39,0,39,88
10/17/2008,ADM,OK,ASW,CE,Federal Contract Tower,0,0,3,0,3,0,0,42,0,42,0,0,45,0,45,49,0,49,94
10/18/2008,ADM,OK,ASW,CE,Federal Contract Tower,0,0,2,0,2,0,0,37,0,37,0,0,39,0,39,16,0,16,55
10/19/2008,ADM,OK,ASW,CE,Federal Contract Tower,0,0,7,0,7,0,0,29,5,34,0,0,36,5,41,12,22,34,75
10/20/2008,ADM,OK,ASW,CE,Federal Contract Tower,0,0,1,0,1,0,0,28,0,28,0,0,29,0,29,10,0,10,39
10/21/2008,ADM,OK,ASW,CE,Federal Contract Tower,0,0,3,0,3,0,0,39,0,39,0,0,42,0,42,16,0,16,58
10/22/2008,ADM,OK,ASW,CE,Federal Contract Tower,0,0,5,0,5,0,0,11,0,11,0,0,16,0,16,25,0,25,41
10/23/2008,ADM,OK,ASW,CE,Federal Contract Tower,0,0,5,0,5,0,0,18,0,18,0,0,23,0,23,30,0,30,53
10/24/2008,ADM,OK,ASW,CE,Federal Contract Tower,0,0,5,0,5,0,0,32,0,32,0,0,37,0,37,38,0,38,75
10/25/2008,ADM,OK,ASW,CE,Federal Contract Tower,0,0,0,1,1,0,0,34,1,35,0,0,34,2,36,38,8,46,82
10/26/2008,ADM,OK,ASW,CE,Federal Contract Tower,0,0,5,0,5,0,0,16,0,16,0,0,21,0,21,6,0,6,27
10/27/2008,ADM,OK,ASW,CE,Federal Contract Tower,0,0,1,0,1,0,0,26,0,26,0,0,27,0,27,18,0,18,45
10/28/2008,ADM,OK,ASW,CE,Federal Contract Tower,0,0,2,0,2,0,0,29,0,29,0,0,31,0,31,42,0,42,73
10/29/2008,ADM,OK,ASW,CE,Federal Contract Tower,0,0,10,0,10,0,0,29,0,29,0,0,39,0,39,44,0,44,83
10/30/2008,ADM,OK,ASW,CE,Federal Contract Tower,0,0,3,0,3,0,0,30,0,30,0,0,33,0,33,29,0,29,62
10/31/2008,ADM,OK,ASW,CE,Federal Contract Tower,0,0,1,0,1,0,0,32,0,32,0,0,33,0,33,13,0,13,46
11/01/2008,ADM,OK,ASW,CE,Federal Contract Tower,0,0,2,0,2,0,0,44,2,46,0,0,46,2,48,2,0,2,50
11/02/2008,ADM,OK,ASW,CE,Federal Contract Tower,0,0,3,0,3,0,0,7,0,7,0,0,10,0,10,5,0,5,15
11/03/2008,ADM,OK,ASW,CE,Federal Contract Tower,0,0,0,0,0,0,0,24,0,24,0,0,24,0,24,2,0,2,26
11/04/2008,ADM,OK,ASW,CE,Federal Contract Tower,0,0,7,0,7,0,0,31,0,31,0,0,38,0,38,23,0,23,61
11/05/2008,ADM,OK,ASW,CE,Federal Contract Tower,0,0,9,0,9,0,0,6,0,6,0,0,15,0,15,0,0,0,15
11/06/2008,ADM,OK,ASW,CE,Federal Contract Tower,0,0,9,0,9,0,0,29,0,29,0,0,38,0,38,44,0,44,82
11/07/2008,ADM,OK,ASW,CE,Federal Contract Tower,0,0,0,0,0,0,0,33,0,33,0,0,33,0,33,25,0,25,58
11/08/2008,ADM,OK,ASW,CE,Federal Contract Tower,0,0,6,0,6,0,0,31,0,31,0,0,37,0,37,18,0,18,55
11/09/2008,ADM,OK,ASW,CE,Federal Contract Tower,0,0,0,0,0,0,0,16,0,16,0,0,16,0,16,6,0,6,22
11/10/2008,ADM,OK,ASW,CE,Federal Contract Tower,0,0,5,0,5,0,0,0,0,0,0,0,5,0,5,0,0,0,5
11/11/2008,ADM,OK,ASW,CE,Federal Contract Tower,0,0,2,0,2,0,0,19,0,19,0,0,21,0,21,8,0,8,29
11/12/2008,ADM,OK,ASW,CE,Federal Contract Tower,0,0,4,0,4,0,0,33,0,33,0,0,37,0,37,38,0,38,75
11/13/2008,ADM,OK,ASW,CE,Federal Contract Tower,0,0,8,0,8,0,0,20,0,20,0,0,28,0,28,38,0,38,66
11/14/2008,ADM,OK,ASW,CE,Federal Contract Tower,0,0,3,0,3,0,0,9,0,9,0,0,12,0,12,0,0,0,12
11/15/2008,ADM,OK,ASW,CE,Federal Contract Tower,0,0,0,0,0,0,0,10,0,10,0,0,10,0,10,2,0,2,12
11/16/2008,ADM,OK,ASW,CE,Federal Contract Tower,0,0,4,0,4,0,0,32,0,32,0,0,36,0,36,24,0,24,60
11/17/2008,ADM,OK,ASW,CE,Federal Contract Tower,0,0,2,0,2,0,0,53,0,53,0,0,55,0,55,30,0,30,85
11/18/2008,ADM,OK,ASW,CE,Federal Contract Tower,0,0,4,0,4,0,0,43,2,45,0,0,47,2,49,39,2,41,90
11/19/2008,ADM,OK,ASW,CE,Federal Contract Tower,0,0,11,0,11,0,0,30,0,30,0,0,41,0,41,33,0,33,74
11/20/2008,ADM,OK,ASW,CE,Federal Contract Tower,0,0,7,0,7,0,0,19,0,19,0,0,26,0,26,15,0,15,41
11/21/2008,ADM,OK,ASW,CE,Federal Contract Tower,0,0,3,0,3,0,0,41,0,41,0,0,44,0,44,15,0,15,59
11/22/2008,ADM,OK,ASW,CE,Federal Contract Tower,0,0,0,0,0,0,0,76,0,76,0,0,76,0,76,36,0,36,112
11/23/2008,ADM,OK,ASW,CE,Federal Contract Tower,0,0,3,0,3,0,0,4,0,4,0,0,7,0,7,17,0,17,24
11/24/2008,ADM,OK,ASW,CE,Federal Contract Tower,0,0,0,0,0,0,0,27,1,28,0,0,27,1,28,0,0,0,28
11/25/2008,ADM,OK,ASW,CE,Federal Contract Tower,0,0,4,0,4,0,0,46,0,46,0,0,50,0,50,32,0,32,82
11/26/2008,ADM,OK,ASW,CE,Federal Contract Tower,0,0,2,0,2,0,0,24,0,24,0,0,26,0,26,10,0,10,36
11/27/2008,ADM,OK,ASW,CE,Federal Contract Tower,0,0,0,0,0,0,0,2,0,2,0,0,2,0,2,0,0,0,2
11/28/2008,ADM,OK,ASW,CE,Federal Contract Tower,0,0,0,0,0,0,0,16,0,16,0,0,16,0,16,2,0,2,18
11/29/2008,ADM,OK,ASW,CE,Federal Contract Tower,0,0,0,0,0,0,0,43,0,43,0,0,43,0,43,0,0,0,43
11/30/2008,ADM,OK,ASW,CE,Federal Contract Tower,0,0,2,0,2,0,0,10,2,12,0,0,12,2,14,2,0,2,16
12/01/2008,ADM,OK,ASW,CE,Federal Contract Tower,0,0,0,0,0,0,0,6,0,6,0,0,6,0,6,0,0,0,6
12/02/2008,ADM,OK,ASW,CE,Federal Contract Tower,0,0,2,0,2,0,0,29,2,31,0,0,31,2,33,32,0,32,65
12/03/2008,ADM,OK,ASW,CE,Federal Contract Tower,0,0,2,0,2,0,0,19,0,19,0,0,21,0,21,4,0,4,25
12/04/2008,ADM,OK,ASW,CE,Federal Contract Tower,0,0,4,0,4,0,0,27,0,27,0,0,31,0,31,12,0,12,43
12/05/2008,ADM,OK,ASW,CE,Federal Contract Tower,0,0,2,0,2,0,0,26,0,26,0,0,28,0,28,6,0,6,34
12/06/2008,ADM,OK,ASW,CE,Federal Contract Tower,0,0,2,0,2,0,0,72,8,80,0,0,74,8,82,77,0,77,159
12/07/2008,ADM,OK,ASW,CE,Federal Contract Tower,0,0,0,1,1,0,0,6,1,7,0,0,6,2,8,24,0,24,32
12/08/2008,ADM,OK,ASW,CE,Federal Contract Tower,0,0,0,0,0,0,0,18,22,40,0,0,18,22,40,52,4,56,96
12/09/2008,ADM,OK,ASW,CE,Federal Contract Tower,0,0,7,0,7,0,0,53,14,67,0,0,60,14,74,98,0,98,172
12/10/2008,ADM,OK,ASW,CE,Federal Contract Tower,0,0,6,0,6,0,0,49,6,55,0,0,55,6,61,55,0,55,116
12/11/2008,ADM,OK,ASW,CE,Federal Contract Tower,0,0,4,0,4,0,0,50,0,50,0,0,54,0,54,27,0,27,81
12/12/2008,ADM,OK,ASW,CE,Federal Contract Tower,0,0,4,0,4,0,0,48,0,48,0,0,52,0,52,30,0,30,82
12/13/2008,ADM,OK,ASW,CE,Federal Contract Tower,0,0,3,0,3,0,0,9,0,9,0,0,12,0,12,11,0,11,23
12/14/2008,ADM,OK,ASW,CE,Federal Contract Tower,0,0,3,0,3,0,0,2,2,4,0,0,5,2,7,4,0,4,11
12/15/2008,ADM,OK,ASW,CE,Federal Contract Tower,0,0,4,0,4,0,0,12,0,12,0,0,16,0,16,0,0,0,16
12/16/2008,ADM,OK,ASW,CE,Federal Contract Tower,0,0,4,0,4,0,0,0,0,0,0,0,4,0,4,0,0,0,4
12/17/2008,ADM,OK,ASW,CE,Federal Contract Tower,0,0,14,0,14,0,0,0,0,0,0,0,14,0,14,0,0,0,14
12/18/2008,ADM,OK,ASW,CE,Federal Contract Tower,0,0,3,0,3,0,0,27,0,27,0,0,30,0,30,31,0,31,61
12/19/2008,ADM,OK,ASW,CE,Federal Contract Tower,0,0,2,0,2,0,0,37,0,37,0,0,39,0,39,42,0,42,81
12/20/2008,ADM,OK,ASW,CE,Federal Contract Tower,0,0,12,0,12,0,0,61,0,61,0,0,73,0,73,49,0,49,122
12/21/2008,ADM,OK,ASW,CE,Federal Contract Tower,0,0,2,0,2,0,0,20,0,20,0,0,22,0,22,36,0,36,58
12/22/2008,ADM,OK,ASW,CE,Federal Contract Tower,0,0,2,0,2,0,0,16,0,16,0,0,18,0,18,10,0,10,28
12/23/2008,ADM,OK,ASW,CE,Federal Contract Tower,0,0,2,0,2,0,0,0,0,0,0,0,2,0,2,0,0,0,2
12/24/2008,ADM,OK,ASW,CE,Federal Contract Tower,0,0,3,0,3,0,0,23,0,23,0,0,26,0,26,26,0,26,52
12/25/2008,ADM,OK,ASW,CE,Federal Contract Tower,0,0,1,0,1,0,0,0,0,0,0,0,1,0,1,0,0,0,1
12/26/2008,ADM,OK,ASW,CE,Federal Contract Tower,0,0,3,0,3,0,0,0,0,0,0,0,3,0,3,0,0,0,3
12/27/2008,ADM,OK,ASW,CE,Federal Contract Tower,0,0,4,0,4,0,0,3,0,3,0,0,7,0,7,0,0,0,7
12/28/2008,ADM,OK,ASW,CE,Federal Contract Tower,0,0,0,0,0,0,0,15,0,15,0,0,15,0,15,25,0,25,40
12/29/2008,ADM,OK,ASW,CE,Federal Contract Tower,0,0,2,0,2,0,0,50,0,50,0,0,52,0,52,33,0,33,85
12/30/2008,ADM,OK,ASW,CE,Federal Contract Tower,0,0,2,0,2,0,0,39,3,42,0,0,41,3,44,14,0,14,58
12/31/2008,ADM,OK,ASW,CE,Federal Contract Tower,0,0,12,0,12,0,0,43,0,43,0,0,55,0,55,25,0,25,80
01/01/2009,ADM,OK,ASW,CE,Federal Contract Tower,0,0,0,0,0,0,0,20,0,20,0,0,20,0,20,8,0,8,28
01/02/2009,ADM,OK,ASW,CE,Federal Contract Tower,0,0,5,0,5,0,0,55,0,55,0,0,60,0,60,4,0,4,64
01/03/2009,ADM,OK,ASW,CE,Federal Contract Tower,0,0,1,0,1,0,0,90,0,90,0,0,91,0,91,42,0,42,133
01/04/2009,ADM,OK,ASW,CE,Federal Contract Tower,0,0,2,0,2,0,0,8,0,8,0,0,10,0,10,0,0,0,10
01/05/2009,ADM,OK,ASW,CE,Federal Contract Tower,0,0,1,0,1,0,0,1,0,1,0,0,2,0,2,0,0,0,2
01/06/2009,ADM,OK,ASW,CE,Federal Contract Tower,0,0,2,0,2,0,0,27,0,27,0,0,29,0,29,28,0,28,57
01/07/2009,ADM,OK,ASW,CE,Federal Contract Tower,0,0,4,0,4,0,0,57,0,57,0,0,61,0,61,31,0,31,92
01/08/2009,ADM,OK,ASW,CE,Federal Contract Tower,0,0,1,0,1,0,0,45,0,45,0,0,46,0,46,14,0,14,60
01/09/2009,ADM,OK,ASW,CE,Federal Contract Tower,0,0,5,0,5,0,0,37,0,37,0,0,42,0,42,14,0,14,56
01/10/2009,ADM,OK,ASW,CE,Federal Contract Tower,0,0,2,0,2,0,0,45,0,45,0,0,47,0,47,3,0,3,50
01/11/2009,ADM,OK,ASW,CE,Federal Contract Tower,0,0,0,0,0,0,0,37,4,41,0,0,37,4,41,16,4,20,61
01/12/2009,ADM,OK,ASW,CE,Federal Contract Tower,0,0,6,0,6,0,0,28,0,28,0,0,34,0,34,2,0,2,36
01/13/2009,ADM,OK,ASW,CE,Federal Contract Tower,0,0,2,0,2,0,0,38,4,42,0,0,40,4,44,16,0,16,60
01/14/2009,ADM,OK,ASW,CE,Federal Contract Tower,0,0,2,0,2,0,0,69,0,69,0,0,71,0,71,61,0,61,132
01/15/2009,ADM,OK,ASW,CE,Federal Contract Tower,0,0,3,0,3,0,0,48,0,48,0,0,51,0,51,37,0,37,88
01/16/2009,ADM,OK,ASW,CE,Federal Contract Tower,0,0,6,0,6,0,0,36,2,38,0,0,42,2,44,7,4,11,55
01/17/2009,ADM,OK,ASW,CE,Federal Contract Tower,0,0,11,0,11,0,0,44,2,46,0,0,55,2,57,46,0,46,103
01/18/2009,ADM,OK,ASW,CE,Federal Contract Tower,0,0,8,0,8,0,0,41,0,41,0,0,49,0,49,44,0,44,93
01/19/2009,ADM,OK,ASW,CE,Federal Contract Tower,0,0,0,0,0,0,0,17,0,17,0,0,17,0,17,6,0,6,23
01/20/2009,ADM,OK,ASW,CE,Federal Contract Tower,0,0,0,0,0,0,0,46,0,46,0,0,46,0,46,60,0,60,106
01/21/2009,ADM,OK,ASW,CE,Federal Contract Tower,0,0,2,0,2,0,0,60,2,62,0,0,62,2,64,100,16,116,180
01/22/2009,ADM,OK,ASW,CE,Federal Contract Tower,0,0,2,6,8,0,0,29,1,30,0,0,31,7,38,27,6,33,71
01/23/2009,ADM,OK,ASW,CE,Federal Contract Tower,0,0,4,0,4,0,0,39,0,39,0,0,43,0,43,86,6,92,135
01/24/2009,ADM,OK,ASW,CE,Federal Contract Tower,0,0,0,0,0,0,0,21,0,21,0,0,21,0,21,34,0,34,55
01/25/2009,ADM,OK,ASW,CE,Federal Contract Tower,0,0,5,0,5,0,0,19,0,19,0,0,24,0,24,21,0,21,45
01/26/2009,ADM,OK,ASW,CE,Federal Contract Tower,0,0,3,0,3,0,0,0,0,0,0,0,3,0,3,0,0,0,3
01/27/2009,ADM,OK,ASW,CE,Federal Contract Tower,0,0,0,0,0,0,0,0,0,0,0,0,0,0,0,0,0,0,0
01/28/2009,ADM,OK,ASW,CE,Federal Contract Tower,0,0,10,0,10,0,0,8,0,8,0,0,18,0,18,0,0,0,18
01/29/2009,ADM,OK,ASW,CE,Federal Contract Tower,0,0,7,0,7,0,0,34,2,36,0,0,41,2,43,46,11,57,100
01/30/2009,ADM,OK,ASW,CE,Federal Contract Tower,0,0,1,0,1,0,0,31,0,31,0,0,32,0,32,18,0,18,50
01/31/2009,ADM,OK,ASW,CE,Federal Contract Tower,0,0,3,0,3,0,0,70,0,70,0,0,73,0,73,61,0,61,134
02/01/2009,ADM,OK,ASW,CE,Federal Contract Tower,0,0,4,0,4,0,0,22,0,22,0,0,26,0,26,14,0,14,40
02/02/2009,ADM,OK,ASW,CE,Federal Contract Tower,0,0,0,0,0,0,0,22,0,22,0,0,22,0,22,30,0,30,52
02/03/2009,ADM,OK,ASW,CE,Federal Contract Tower,0,0,1,0,1,0,0,40,0,40,0,0,41,0,41,93,0,93,134
02/04/2009,ADM,OK,ASW,CE,Federal Contract Tower,0,0,4,0,4,0,0,24,0,24,0,0,28,0,28,29,0,29,57
02/05/2009,ADM,OK,ASW,CE,Federal Contract Tower,0,0,7,0,7,0,0,28,1,29,0,0,35,1,36,8,14,22,58
02/06/2009,ADM,OK,ASW,CE,Federal Contract Tower,0,0,5,0,5,0,0,10,0,10,0,0,15,0,15,2,0,2,17
02/07/2009,ADM,OK,ASW,CE,Federal Contract Tower,0,0,4,0,4,0,0,9,0,9,0,0,13,0,13,12,0,12,25
02/08/2009,ADM,OK,ASW,CE,Federal Contract Tower,0,0,2,0,2,0,0,4,0,4,0,0,6,0,6,0,0,0,6
02/09/2009,ADM,OK,ASW,CE,Federal Contract Tower,0,0,8,0,8,0,0,21,0,21,0,0,29,0,29,7,0,7,36
02/10/2009,ADM,OK,ASW,CE,Federal Contract Tower,0,0,5,0,5,0,0,4,0,4,0,0,9,0,9,0,0,0,9
02/11/2009,ADM,OK,ASW,CE,Federal Contract Tower,0,0,11,0,11,0,0,77,2,79,0,0,88,2,90,38,2,40,130
02/12/2009,ADM,OK,ASW,CE,Federal Contract Tower,0,0,5,0,5,0,0,55,0,55,0,0,60,0,60,80,0,80,140
02/13/2009,ADM,OK,ASW,CE,Federal Contract Tower,0,0,6,0,6,0,0,58,0,58,0,0,64,0,64,51,0,51,115
02/14/2009,ADM,OK,ASW,CE,Federal Contract Tower,0,0,6,0,6,0,0,38,0,38,0,0,44,0,44,16,0,16,60
02/15/2009,ADM,OK,ASW,CE,Federal Contract Tower,0,0,2,0,2,0,0,37,0,37,0,0,39,0,39,22,0,22,61
02/16/2009,ADM,OK,ASW,CE,Federal Contract Tower,0,0,9,0,9,0,0,22,0,22,0,0,31,0,31,12,0,12,43
02/17/2009,ADM,OK,ASW,CE,Federal Contract Tower,0,0,3,0,3,0,0,1,0,1,0,0,4,0,4,0,0,0,4
02/18/2009,ADM,OK,ASW,CE,Federal Contract Tower,0,0,3,0,3,0,0,76,0,76,0,0,79,0,79,58,0,58,137
02/19/2009,ADM,OK,ASW,CE,Federal Contract Tower,0,0,5,0,5,0,0,38,1,39,0,0,43,1,44,23,1,24,68
02/20/2009,ADM,OK,ASW,CE,Federal Contract Tower,0,0,7,2,9,0,0,18,12,30,0,0,25,14,39,6,0,6,45
02/21/2009,ADM,OK,ASW,CE,Federal Contract Tower,0,0,2,2,4,0,0,15,1,16,0,0,17,3,20,4,9,13,33
02/22/2009,ADM,OK,ASW,CE,Federal Contract Tower,0,0,5,0,5,0,0,43,0,43,0,0,48,0,48,19,0,19,67
02/23/2009,ADM,OK,ASW,CE,Federal Contract Tower,0,0,2,0,2,0,0,29,4,33,0,0,31,4,35,16,0,16,51
02/24/2009,ADM,OK,ASW,CE,Federal Contract Tower,0,0,2,0,2,0,0,24,0,24,0,0,26,0,26,12,0,12,38
02/25/2009,ADM,OK,ASW,CE,Federal Contract Tower,0,0,3,0,3,0,0,19,2,21,0,0,22,2,24,34,6,40,64
02/26/2009,ADM,OK,ASW,CE,Federal Contract Tower,0,0,6,2,8,0,0,19,1,20,0,0,25,3,28,29,4,33,61
02/27/2009,ADM,OK,ASW,CE,Federal Contract Tower,0,0,2,0,2,0,0,9,0,9,0,0,11,0,11,0,0,0,11
02/28/2009,ADM,OK,ASW,CE,Federal Contract Tower,0,0,1,0,1,0,0,15,0,15,0,0,16,0,16,0,0,0,16
03/01/2009,ADM,OK,ASW,CE,Federal Contract Tower,0,0,0,0,0,0,0,12,0,12,0,0,12,0,12,34,0,34,46
03/02/2009,ADM,OK,ASW,CE,Federal Contract Tower,0,0,1,1,2,0,0,27,0,27,0,0,28,1,29,4,2,6,35
03/03/2009,ADM,OK,ASW,CE,Federal Contract Tower,0,0,9,0,9,0,0,36,0,36,0,0,45,0,45,12,0,12,57
03/04/2009,ADM,OK,ASW,CE,Federal Contract Tower,0,0,12,0,12,0,0,18,0,18,0,0,30,0,30,21,0,21,51
03/05/2009,ADM,OK,ASW,CE,Federal Contract Tower,0,0,7,0,7,0,0,0,0,0,0,0,7,0,7,4,0,4,11
03/06/2009,ADM,OK,ASW,CE,Federal Contract Tower,0,0,6,0,6,0,0,29,0,29,0,0,35,0,35,12,0,12,47
03/07/2009,ADM,OK,ASW,CE,Federal Contract Tower,0,0,5,0,5,0,0,8,0,8,0,0,13,0,13,0,0,0,13
03/08/2009,ADM,OK,ASW,CE,Federal Contract Tower,0,0,4,0,4,0,0,18,0,18,0,0,22,0,22,19,0,19,41
03/09/2009,ADM,OK,ASW,CE,Federal Contract Tower,0,0,0,0,0,0,0,30,0,30,0,0,30,0,30,12,0,12,42
03/10/2009,ADM,OK,ASW,CE,Federal Contract Tower,0,0,9,0,9,0,0,16,2,18,0,0,25,2,27,6,0,6,33
03/11/2009,ADM,OK,ASW,CE,Federal Contract Tower,0,0,8,0,8,0,0,2,0,2,0,0,10,0,10,0,0,0,10
03/12/2009,ADM,OK,ASW,CE,Federal Contract Tower,0,0,9,0,9,0,0,10,0,10,0,0,19,0,19,3,0,3,22
03/13/2009,ADM,OK,ASW,CE,Federal Contract Tower,0,0,0,0,0,0,0,5,0,5,0,0,5,0,5,9,0,9,14
03/14/2009,ADM,OK,ASW,CE,Federal Contract Tower,0,0,5,0,5,0,0,10,0,10,0,0,15,0,15,21,0,21,36
03/15/2009,ADM,OK,ASW,CE,Federal Contract Tower,0,0,3,0,3,0,0,22,0,22,0,0,25,0,25,14,0,14,39
03/16/2009,ADM,OK,ASW,CE,Federal Contract Tower,0,0,2,0,2,0,0,24,0,24,0,0,26,0,26,38,0,38,64
03/17/2009,ADM,OK,ASW,CE,Federal Contract Tower,0,0,7,0,7,0,0,67,0,67,0,0,74,0,74,42,0,42,116
03/18/2009,ADM,OK,ASW,CE,Federal Contract Tower,0,0,7,0,7,0,0,55,3,58,0,0,62,3,65,31,2,33,98
03/19/2009,ADM,OK,ASW,CE,Federal Contract Tower,0,0,2,0,2,0,0,4,0,4,0,0,6,0,6,2,6,8,14
03/20/2009,ADM,OK,ASW,CE,Federal Contract Tower,0,0,2,0,2,0,0,57,0,57,0,0,59,0,59,52,0,52,111
03/21/2009,ADM,OK,ASW,CE,Federal Contract Tower,0,0,2,0,2,0,0,30,0,30,0,0,32,0,32,28,0,28,60
03/22/2009,ADM,OK,ASW,CE,Federal Contract Tower,0,0,3,0,3,0,0,8,0,8,0,0,11,0,11,12,0,12,23
03/23/2009,ADM,OK,ASW,CE,Federal Contract Tower,0,0,2,0,2,0,0,1,0,1,0,0,3,0,3,0,0,0,3
03/24/2009,ADM,OK,ASW,CE,Federal Contract Tower,0,0,2,0,2,0,0,11,0,11,0,0,13,0,13,20,0,20,33
03/25/2009,ADM,OK,ASW,CE,Federal Contract Tower,0,0,5,0,5,0,0,28,0,28,0,0,33,0,33,15,0,15,48
03/26/2009,ADM,OK,ASW,CE,Federal Contract Tower,0,0,3,0,3,0,0,0,0,0,0,0,3,0,3,0,0,0,3
03/27/2009,ADM,OK,ASW,CE,Federal Contract Tower,0,0,1,0,1,0,0,0,0,0,0,0,1,0,1,0,0,0,1
03/28/2009,ADM,OK,ASW,CE,Federal Contract Tower,0,0,4,0,4,0,0,0,0,0,0,0,4,0,4,0,0,0,4
03/29/2009,ADM,OK,ASW,CE,Federal Contract Tower,0,0,0,0,0,0,0,22,0,22,0,0,22,0,22,0,0,0,22
03/30/2009,ADM,OK,ASW,CE,Federal Contract Tower,0,0,0,0,0,0,0,26,2,28,0,0,26,2,28,0,6,6,34
03/31/2009,ADM,OK,ASW,CE,Federal Contract Tower,0,0,1,5,6,0,0,27,0,27,0,0,28,5,33,32,0,32,65
04/01/2009,ADM,OK,ASW,CE,Federal Contract Tower,0,0,2,0,2,0,0,43,0,43,0,0,45,0,45,4,0,4,49
04/02/2009,ADM,OK,ASW,CE,Federal Contract Tower,0,0,2,0,2,0,0,5,0,5,0,0,7,0,7,4,0,4,11
04/03/2009,ADM,OK,ASW,CE,Federal Contract Tower,0,0,7,0,7,0,0,41,1,42,0,0,48,1,49,39,4,43,92
04/04/2009,ADM,OK,ASW,CE,Federal Contract Tower,0,0,3,0,3,0,0,20,0,20,0,0,23,0,23,19,0,19,42
04/05/2009,ADM,OK,ASW,CE,Federal Contract Tower,0,0,0,0,0,0,0,2,0,2,0,0,2,0,2,3,0,3,5
04/06/2009,ADM,OK,ASW,CE,Federal Contract Tower,0,0,10,1,11,0,0,11,1,12,0,0,21,2,23,14,4,18,41
04/07/2009,ADM,OK,ASW,CE,Federal Contract Tower,0,0,11,0,11,0,0,42,0,42,0,0,53,0,53,31,0,31,84
04/08/2009,ADM,OK,ASW,CE,Federal Contract Tower,0,0,11,0,11,0,0,68,0,68,0,0,79,0,79,36,0,36,115
04/09/2009,ADM,OK,ASW,CE,Federal Contract Tower,0,0,7,0,7,0,0,7,0,7,0,0,14,0,14,1,0,1,15
04/10/2009,ADM,OK,ASW,CE,Federal Contract Tower,0,0,6,3,9,0,0,47,3,50,0,0,53,6,59,20,6,26,85
04/11/2009,ADM,OK,ASW,CE,Federal Contract Tower,0,0,1,0,1,0,0,65,0,65,0,0,66,0,66,48,0,48,114
04/12/2009,ADM,OK,ASW,CE,Federal Contract Tower,0,0,2,0,2,0,0,0,0,0,0,0,2,0,2,0,0,0,2
04/13/2009,ADM,OK,ASW,CE,Federal Contract Tower,0,0,5,0,5,0,0,35,0,35,0,0,40,0,40,16,10,26,66
04/14/2009,ADM,OK,ASW,CE,Federal Contract Tower,0,0,7,0,7,0,0,78,2,80,0,0,85,2,87,44,14,58,145
04/15/2009,ADM,OK,ASW,CE,Federal Contract Tower,0,0,4,0,4,0,0,66,0,66,0,0,70,0,70,81,0,81,151
04/16/2009,ADM,OK,ASW,CE,Federal Contract Tower,0,0,7,0,7,0,0,21,2,23,0,0,28,2,30,6,2,8,38
04/17/2009,ADM,OK,ASW,CE,Federal Contract Tower,0,0,5,0,5,0,0,8,0,8,0,0,13,0,13,2,0,2,15
04/18/2009,ADM,OK,ASW,CE,Federal Contract Tower,0,0,6,0,6,0,0,8,0,8,0,0,14,0,14,5,0,5,19
04/19/2009,ADM,OK,ASW,CE,Federal Contract Tower,0,0,8,0,8,0,0,20,0,20,0,0,28,0,28,34,0,34,62
04/20/2009,ADM,OK,ASW,CE,Federal Contract Tower,0,0,5,0,5,0,0,41,0,41,0,0,46,0,46,39,0,39,85
04/21/2009,ADM,OK,ASW,CE,Federal Contract Tower,0,0,6,0,6,0,0,53,8,61,0,0,59,8,67,36,0,36,103
04/22/2009,ADM,OK,ASW,CE,Federal Contract Tower,0,0,8,0,8,0,0,61,0,61,0,0,69,0,69,76,0,76,145
04/23/2009,ADM,OK,ASW,CE,Federal Contract Tower,0,0,7,0,7,0,0,28,0,28,0,0,35,0,35,37,0,37,72
04/24/2009,ADM,OK,ASW,CE,Federal Contract Tower,0,0,12,0,12,0,0,23,0,23,0,0,35,0,35,9,0,9,44
04/25/2009,ADM,OK,ASW,CE,Federal Contract Tower,0,0,2,0,2,0,0,4,0,4,0,0,6,0,6,0,0,0,6
04/26/2009,ADM,OK,ASW,CE,Federal Contract Tower,0,0,0,0,0,0,0,0,0,0,0,0,0,0,0,0,0,0,0
04/27/2009,ADM,OK,ASW,CE,Federal Contract Tower,0,0,1,0,1,0,0,19,0,19,0,0,20,0,20,10,0,10,30
04/28/2009,ADM,OK,ASW,CE,Federal Contract Tower,0,0,3,0,3,0,0,4,0,4,0,0,7,0,7,0,0,0,7
04/29/2009,ADM,OK,ASW,CE,Federal Contract Tower,0,0,3,0,3,0,0,5,0,5,0,0,8,0,8,0,0,0,8
04/30/2009,ADM,OK,ASW,CE,Federal Contract Tower,0,0,11,1,12,0,0,22,1,23,0,0,33,2,35,6,2,8,43
05/01/2009,ADM,OK,ASW,CE,Federal Contract Tower,0,0,9,0,9,0,0,21,0,21,0,0,30,0,30,2,0,2,32
05/02/2009,ADM,OK,ASW,CE,Federal Contract Tower,0,0,4,0,4,0,0,0,0,0,0,0,4,0,4,0,0,0,4
05/03/2009,ADM,OK,ASW,CE,Federal Contract Tower,0,0,8,0,8,0,0,0,0,0,0,0,8,0,8,0,0,0,8
05/04/2009,ADM,OK,ASW,CE,Federal Contract Tower,0,0,3,0,3,0,0,6,0,6,0,0,9,0,9,0,0,0,9
05/05/2009,ADM,OK,ASW,CE,Federal Contract Tower,0,0,5,2,7,0,0,1,0,1,0,0,6,2,8,0,0,0,8
05/06/2009,ADM,OK,ASW,CE,Federal Contract Tower,0,0,9,0,9,0,0,34,0,34,0,0,43,0,43,25,0,25,68
05/07/2009,ADM,OK,ASW,CE,Federal Contract Tower,0,0,0,0,0,0,0,0,0,0,0,0,0,0,0,0,0,0,0
05/08/2009,ADM,OK,ASW,CE,Federal Contract Tower,0,0,3,0,3,0,0,28,0,28,0,0,31,0,31,31,0,31,62
05/09/2009,ADM,OK,ASW,CE,Federal Contract Tower,0,0,1,0,1,0,0,2,0,2,0,0,3,0,3,0,0,0,3
05/10/2009,ADM,OK,ASW,CE,Federal Contract Tower,0,0,1,0,1,0,0,0,0,0,0,0,1,0,1,0,0,0,1
05/11/2009,ADM,OK,ASW,CE,Federal Contract Tower,0,0,0,0,0,0,0,0,0,0,0,0,0,0,0,0,0,0,0
05/12/2009,ADM,OK,ASW,CE,Federal Contract Tower,0,0,0,0,0,0,0,0,0,0,0,0,0,0,0,0,0,0,0
05/13/2009,ADM,OK,ASW,CE,Federal Contract Tower,0,0,0,0,0,0,0,9,0,9,0,0,9,0,9,22,0,22,31
05/14/2009,ADM,OK,ASW,CE,Federal Contract Tower,0,0,4,0,4,0,0,32,2,34,0,0,36,2,38,100,0,100,138
05/15/2009,ADM,OK,ASW,CE,Federal Contract Tower,0,0,6,0,6,0,0,32,0,32,0,0,38,0,38,13,0,13,51
05/16/2009,ADM,OK,ASW,CE,Federal Contract Tower,0,0,1,0,1,0,0,0,0,0,0,0,1,0,1,0,0,0,1
05/17/2009,ADM,OK,ASW,CE,Federal Contract Tower,0,0,2,0,2,0,0,28,0,28,0,0,30,0,30,34,0,34,64
05/18/2009,ADM,OK,ASW,CE,Federal Contract Tower,0,0,37,0,37,0,0,0,0,0,0,0,37,0,37,42,0,42,79
05/19/2009,ADM,OK,ASW,CE,Federal Contract Tower,0,0,6,0,6,0,0,55,0,55,0,0,61,0,61,32,0,32,93
05/20/2009,ADM,OK,ASW,CE,Federal Contract Tower,0,0,9,0,9,0,0,69,0,69,0,0,78,0,78,100,0,100,178
05/21/2009,ADM,OK,ASW,CE,Federal Contract Tower,0,0,10,0,10,0,0,46,0,46,0,0,56,0,56,32,0,32,88
05/22/2009,ADM,OK,ASW,CE,Federal Contract Tower,0,0,2,0,2,0,0,61,0,61,0,0,63,0,63,28,0,28,91
05/23/2009,ADM,OK,ASW,CE,Federal Contract Tower,0,0,2,0,2,0,0,12,0,12,0,0,14,0,14,6,0,6,20
05/24/2009,ADM,OK,ASW,CE,Federal Contract Tower,0,0,0,0,0,0,0,8,0,8,0,0,8,0,8,0,0,0,8
05/25/2009,ADM,OK,ASW,CE,Federal Contract Tower,0,0,2,0,2,0,0,62,0,62,0,0,64,0,64,73,0,73,137
05/26/2009,ADM,OK,ASW,CE,Federal Contract Tower,0,0,2,0,2,0,0,20,0,20,0,0,22,0,22,25,0,25,47
05/27/2009,ADM,OK,ASW,CE,Federal Contract Tower,0,0,13,0,13,0,0,29,0,29,0,0,42,0,42,44,0,44,86
05/28/2009,ADM,OK,ASW,CE,Federal Contract Tower,0,0,1,0,1,0,0,62,0,62,0,0,63,0,63,44,0,44,107
05/29/2009,ADM,OK,ASW,CE,Federal Contract Tower,0,0,2,0,2,0,0,49,1,50,0,0,51,1,52,24,18,42,94
05/30/2009,ADM,OK,ASW,CE,Federal Contract Tower,0,0,3,0,3,0,0,63,0,63,0,0,66,0,66,14,0,14,80
05/31/2009,ADM,OK,ASW,CE,Federal Contract Tower,0,0,0,1,1,0,0,7,1,8,0,0,7,2,9,18,2,20,29
06/01/2009,ADM,OK,ASW,CE,Federal Contract Tower,0,0,0,0,0,0,0,33,0,33,0,0,33,0,33,28,0,28,61
06/02/2009,ADM,OK,ASW,CE,Federal Contract Tower,0,0,1,0,1,0,0,6,0,6,0,0,7,0,7,4,0,4,11
06/03/2009,ADM,OK,ASW,CE,Federal Contract Tower,0,0,4,0,4,0,0,15,0,15,0,0,19,0,19,4,0,4,23
06/04/2009,ADM,OK,ASW,CE,Federal Contract Tower,0,0,3,0,3,0,0,46,0,46,0,0,49,0,49,61,0,61,110
06/05/2009,ADM,OK,ASW,CE,Federal Contract Tower,0,0,10,0,10,0,0,59,0,59,0,0,69,0,69,48,0,48,117
06/06/2009,ADM,OK,ASW,CE,Federal Contract Tower,0,0,4,0,4,0,0,53,0,53,0,0,57,0,57,29,0,29,86
06/07/2009,ADM,OK,ASW,CE,Federal Contract Tower,0,0,5,0,5,0,0,8,0,8,0,0,13,0,13,4,0,4,17
06/08/2009,ADM,OK,ASW,CE,Federal Contract Tower,0,0,4,0,4,0,0,43,2,45,0,0,47,2,49,64,0,64,113
06/09/2009,ADM,OK,ASW,CE,Federal Contract Tower,0,0,2,0,2,0,0,31,0,31,0,0,33,0,33,42,0,42,75
06/10/2009,ADM,OK,ASW,CE,Federal Contract Tower,0,0,5,0,5,0,0,5,0,5,0,0,10,0,10,2,0,2,12
06/11/2009,ADM,OK,ASW,CE,Federal Contract Tower,0,0,2,0,2,0,0,6,0,6,0,0,8,0,8,2,0,2,10
06/12/2009,ADM,OK,ASW,CE,Federal Contract Tower,0,0,10,0,10,0,0,44,0,44,0,0,54,0,54,6,0,6,60
06/13/2009,ADM,OK,ASW,CE,Federal Contract Tower,0,0,2,0,2,0,0,59,0,59,0,0,61,0,61,22,0,22,83
06/14/2009,ADM,OK,ASW,CE,Federal Contract Tower,0,0,3,0,3,0,0,12,0,12,0,0,15,0,15,12,0,12,27
06/15/2009,ADM,OK,ASW,CE,Federal Contract Tower,0,0,1,2,3,0,0,37,2,39,0,0,38,4,42,30,22,52,94
06/16/2009,ADM,OK,ASW,CE,Federal Contract Tower,0,0,8,8,16,0,0,68,2,70,0,0,76,10,86,66,8,74,160
06/17/2009,ADM,OK,ASW,CE,Federal Contract Tower,0,0,1,0,1,0,0,50,0,50,0,0,51,0,51,49,0,49,100
06/18/2009,ADM,OK,ASW,CE,Federal Contract Tower,0,0,8,0,8,0,0,27,0,27,0,0,35,0,35,48,0,48,83
06/19/2009,ADM,OK,ASW,CE,Federal Contract Tower,0,0,2,0,2,0,0,37,0,37,0,0,39,0,39,41,0,41,80
06/20/2009,ADM,OK,ASW,CE,Federal Contract Tower,0,0,0,0,0,0,0,38,0,38,0,0,38,0,38,31,0,31,69
06/21/2009,ADM,OK,ASW,CE,Federal Contract Tower,0,0,1,0,1,0,0,13,0,13,0,0,14,0,14,32,0,32,46
06/22/2009,ADM,OK,ASW,CE,Federal Contract Tower,0,0,6,0,6,0,0,47,0,47,0,0,53,0,53,48,0,48,101
06/23/2009,ADM,OK,ASW,CE,Federal Contract Tower,0,0,4,0,4,0,0,53,0,53,0,0,57,0,57,36,0,36,93
06/24/2009,ADM,OK,ASW,CE,Federal Contract Tower,0,0,46,0,46,0,0,50,0,50,0,0,96,0,96,0,0,0,96
06/25/2009,ADM,OK,ASW,CE,Federal Contract Tower,0,0,2,0,2,0,0,32,0,32,0,0,34,0,34,45,0,45,79
06/26/2009,ADM,OK,ASW,CE,Federal Contract Tower,0,0,10,0,10,0,0,47,0,47,0,0,57,0,57,26,0,26,83
06/27/2009,ADM,OK,ASW,CE,Federal Contract Tower,0,0,2,0,2,0,0,22,0,22,0,0,24,0,24,32,0,32,56
06/28/2009,ADM,OK,ASW,CE,Federal Contract Tower,0,0,9,0,9,0,0,17,0,17,0,0,26,0,26,24,0,24,50
06/29/2009,ADM,OK,ASW,CE,Federal Contract Tower,0,0,5,0,5,0,0,13,0,13,0,0,18,0,18,5,0,5,23
06/30/2009,ADM,OK,ASW,CE,Federal Contract Tower,0,0,8,0,8,0,0,51,0,51,0,0,59,0,59,26,0,26,85
07/01/2009,ADM,OK,ASW,CE,Federal Contract Tower,0,0,0,0,0,0,0,38,0,38,0,0,38,0,38,44,0,44,82
07/02/2009,ADM,OK,ASW,CE,Federal Contract Tower,0,0,8,0,8,0,0,63,0,63,0,0,71,0,71,42,0,42,113
07/03/2009,ADM,OK,ASW,CE,Federal Contract Tower,0,0,3,0,3,0,0,62,0,62,0,0,65,0,65,65,0,65,130
07/04/2009,ADM,OK,ASW,CE,Federal Contract Tower,0,0,2,0,2,0,0,6,0,6,0,0,8,0,8,3,0,3,11
07/05/2009,ADM,OK,ASW,CE,Federal Contract Tower,0,0,2,0,2,0,0,1,0,1,0,0,3,0,3,0,0,0,3
07/06/2009,ADM,OK,ASW,CE,Federal Contract Tower,0,0,4,0,4,0,0,31,0,31,0,0,35,0,35,76,0,76,111
07/07/2009,ADM,OK,ASW,CE,Federal Contract Tower,0,0,5,0,5,0,0,55,0,55,0,0,60,0,60,38,0,38,98
07/08/2009,ADM,OK,ASW,CE,Federal Contract Tower,0,0,8,0,8,0,0,66,6,72,0,0,74,6,80,62,0,62,142
07/09/2009,ADM,OK,ASW,CE,Federal Contract Tower,0,0,6,0,6,0,0,19,0,19,0,0,25,0,25,8,0,8,33
07/10/2009,ADM,OK,ASW,CE,Federal Contract Tower,0,0,0,0,0,0,0,27,0,27,0,0,27,0,27,10,0,10,37
07/11/2009,ADM,OK,ASW,CE,Federal Contract Tower,0,0,3,0,3,0,0,48,0,48,0,0,51,0,51,26,0,26,77
07/12/2009,ADM,OK,ASW,CE,Federal Contract Tower,0,0,4,0,4,0,0,11,0,11,0,0,15,0,15,14,0,14,29
07/13/2009,ADM,OK,ASW,CE,Federal Contract Tower,0,0,6,0,6,0,0,31,0,31,0,0,37,0,37,24,0,24,61
07/14/2009,ADM,OK,ASW,CE,Federal Contract Tower,0,0,5,6,11,0,0,23,0,23,0,0,28,6,34,34,0,34,68
07/15/2009,ADM,OK,ASW,CE,Federal Contract Tower,0,0,2,6,8,0,0,45,0,45,0,0,47,6,53,46,0,46,99
07/16/2009,ADM,OK,ASW,CE,Federal Contract Tower,0,0,12,0,12,0,0,26,10,36,0,0,38,10,48,12,0,12,60
07/17/2009,ADM,OK,ASW,CE,Federal Contract Tower,0,0,3,1,4,0,0,38,1,39,0,0,41,2,43,14,15,29,72
07/18/2009,ADM,OK,ASW,CE,Federal Contract Tower,0,0,5,0,5,0,0,52,0,52,0,0,57,0,57,49,0,49,106
07/19/2009,ADM,OK,ASW,CE,Federal Contract Tower,0,0,3,0,3,0,0,1,0,1,0,0,4,0,4,0,0,0,4
07/20/2009,ADM,OK,ASW,CE,Federal Contract Tower,0,0,5,0,5,0,0,17,0,17,0,0,22,0,22,20,0,20,42
07/21/2009,ADM,OK,ASW,CE,Federal Contract Tower,0,0,5,0,5,0,0,17,0,17,0,0,22,0,22,17,0,17,39
07/22/2009,ADM,OK,ASW,CE,Federal Contract Tower,0,0,6,0,6,0,0,63,0,63,0,0,69,0,69,50,0,50,119
07/23/2009,ADM,OK,ASW,CE,Federal Contract Tower,0,0,9,0,9,0,0,28,0,28,0,0,37,0,37,43,6,49,86
07/24/2009,ADM,OK,ASW,CE,Federal Contract Tower,0,0,14,0,14,0,0,44,2,46,0,0,58,2,60,40,4,44,104
07/25/2009,ADM,OK,ASW,CE,Federal Contract Tower,0,0,5,0,5,0,0,46,0,46,0,0,51,0,51,18,0,18,69
07/26/2009,ADM,OK,ASW,CE,Federal Contract Tower,0,0,0,0,0,0,0,7,10,17,0,0,7,10,17,4,0,4,21
07/27/2009,ADM,OK,ASW,CE,Federal Contract Tower,0,0,10,0,10,0,0,6,0,6,0,0,16,0,16,2,0,2,18
07/28/2009,ADM,OK,ASW,CE,Federal Contract Tower,0,0,3,0,3,0,0,33,0,33,0,0,36,0,36,26,0,26,62
07/29/2009,ADM,OK,ASW,CE,Federal Contract Tower,0,0,11,0,11,0,0,35,0,35,0,0,46,0,46,35,0,35,81
07/30/2009,ADM,OK,ASW,CE,Federal Contract Tower,0,0,7,0,7,0,0,11,0,11,0,0,18,0,18,20,0,20,38
07/31/2009,ADM,OK,ASW,CE,Federal Contract Tower,0,0,7,0,7,0,0,26,0,26,0,0,33,0,33,32,0,32,65
08/01/2009,ADM,OK,ASW,CE,Federal Contract Tower,0,0,2,0,2,0,0,18,0,18,0,0,20,0,20,2,0,2,22
08/02/2009,ADM,OK,ASW,CE,Federal Contract Tower,0,0,2,0,2,0,0,34,0,34,0,0,36,0,36,36,0,36,72
08/03/2009,ADM,OK,ASW,CE,Federal Contract Tower,0,0,10,0,10,0,0,27,0,27,0,0,37,0,37,24,0,24,61
08/04/2009,ADM,OK,ASW,CE,Federal Contract Tower,0,0,2,0,2,0,0,34,0,34,0,0,36,0,36,54,0,54,90
08/05/2009,ADM,OK,ASW,CE,Federal Contract Tower,0,0,3,0,3,0,0,42,0,42,0,0,45,0,45,45,0,45,90
08/06/2009,ADM,OK,ASW,CE,Federal Contract Tower,0,0,5,0,5,0,0,29,1,30,0,0,34,1,35,44,4,48,83
08/07/2009,ADM,OK,ASW,CE,Federal Contract Tower,0,0,3,0,3,0,0,58,0,58,0,0,61,0,61,70,0,70,131
08/08/2009,ADM,OK,ASW,CE,Federal Contract Tower,0,0,1,0,1,0,0,60,0,60,0,0,61,0,61,28,0,28,89
08/09/2009,ADM,OK,ASW,CE,Federal Contract Tower,0,0,2,0,2,0,0,15,0,15,0,0,17,0,17,8,0,8,25
08/10/2009,ADM,OK,ASW,CE,Federal Contract Tower,0,0,2,0,2,0,0,34,0,34,0,0,36,0,36,46,0,46,82
08/11/2009,ADM,OK,ASW,CE,Federal Contract Tower,0,0,3,0,3,0,0,9,0,9,0,0,12,0,12,12,0,12,24
08/12/2009,ADM,OK,ASW,CE,Federal Contract Tower,0,0,3,0,3,0,0,50,0,50,0,0,53,0,53,54,0,54,107
08/13/2009,ADM,OK,ASW,CE,Federal Contract Tower,0,0,9,0,9,0,0,30,0,30,0,0,39,0,39,16,0,16,55
08/14/2009,ADM,OK,ASW,CE,Federal Contract Tower,0,0,3,0,3,0,0,42,2,44,0,0,45,2,47,45,6,51,98
08/15/2009,ADM,OK,ASW,CE,Federal Contract Tower,0,0,2,0,2,0,0,52,0,52,0,0,54,0,54,38,0,38,92
08/16/2009,ADM,OK,ASW,CE,Federal Contract Tower,0,0,4,0,4,0,0,34,0,34,0,0,38,0,38,42,0,42,80
08/17/2009,ADM,OK,ASW,CE,Federal Contract Tower,0,0,2,0,2,0,0,42,2,44,0,0,44,2,46,92,18,110,156
08/18/2009,ADM,OK,ASW,CE,Federal Contract Tower,0,0,4,4,8,0,0,33,4,37,0,0,37,8,45,42,4,46,91
08/19/2009,ADM,OK,ASW,CE,Federal Contract Tower,0,0,4,5,9,0,0,68,10,78,0,0,72,15,87,76,10,86,173
08/20/2009,ADM,OK,ASW,CE,Federal Contract Tower,0,0,6,0,6,0,0,17,0,17,0,0,23,0,23,18,0,18,41
08/21/2009,ADM,OK,ASW,CE,Federal Contract Tower,0,0,3,0,3,0,0,31,2,33,0,0,34,2,36,12,10,22,58
08/22/2009,ADM,OK,ASW,CE,Federal Contract Tower,0,0,3,0,3,0,0,51,3,54,0,0,54,3,57,38,8,46,103
08/23/2009,ADM,OK,ASW,CE,Federal Contract Tower,0,0,0,0,0,0,0,3,0,3,0,0,3,0,3,24,0,24,27
08/24/2009,ADM,OK,ASW,CE,Federal Contract Tower,0,0,0,0,0,0,0,12,0,12,0,0,12,0,12,38,0,38,50
08/25/2009,ADM,OK,ASW,CE,Federal Contract Tower,0,0,0,0,0,0,0,12,0,12,0,0,12,0,12,2,0,2,14
08/26/2009,ADM,OK,ASW,CE,Federal Contract Tower,0,0,3,0,3,0,0,44,0,44,0,0,47,0,47,60,0,60,107
08/27/2009,ADM,OK,ASW,CE,Federal Contract Tower,0,0,8,0,8,0,0,22,0,22,0,0,30,0,30,28,0,28,58
08/28/2009,ADM,OK,ASW,CE,Federal Contract Tower,0,0,4,0,4,0,0,17,6,23,0,0,21,6,27,7,2,9,36
08/29/2009,ADM,OK,ASW,CE,Federal Contract Tower,0,0,0,0,0,0,0,82,6,88,0,0,82,6,88,79,0,79,167
08/30/2009,ADM,OK,ASW,CE,Federal Contract Tower,0,0,5,0,5,0,0,17,12,29,0,0,22,12,34,16,0,16,50
08/31/2009,ADM,OK,ASW,CE,Federal Contract Tower,0,0,7,0,7,0,0,26,0,26,0,0,33,0,33,22,0,22,55
09/01/2009,ADM,OK,ASW,CE,Federal Contract Tower,0,0,4,0,4,0,0,59,0,59,0,0,63,0,63,74,0,74,137
09/02/2009,ADM,OK,ASW,CE,Federal Contract Tower,0,0,2,14,16,0,0,37,0,37,0,0,39,14,53,57,0,57,110
09/03/2009,ADM,OK,ASW,CE,Federal Contract Tower,0,0,4,0,4,0,0,8,0,8,0,0,12,0,12,12,0,12,24
09/04/2009,ADM,OK,ASW,CE,Federal Contract Tower,0,0,5,0,5,0,0,15,0,15,0,0,20,0,20,8,0,8,28
09/05/2009,ADM,OK,ASW,CE,Federal Contract Tower,0,0,1,0,1,0,0,11,0,11,0,0,12,0,12,10,0,10,22
09/06/2009,ADM,OK,ASW,CE,Federal Contract Tower,0,0,4,0,4,0,0,16,0,16,0,0,20,0,20,18,0,18,38
09/07/2009,ADM,OK,ASW,CE,Federal Contract Tower,0,0,1,0,1,0,0,21,0,21,0,0,22,0,22,6,0,6,28
09/08/2009,ADM,OK,ASW,CE,Federal Contract Tower,0,0,2,0,2,0,0,18,0,18,0,0,20,0,20,10,0,10,30
09/09/2009,ADM,OK,ASW,CE,Federal Contract Tower,0,0,4,4,8,0,0,52,14,66,0,0,56,18,74,32,0,32,106
09/10/2009,ADM,OK,ASW,CE,Federal Contract Tower,0,0,8,0,8,0,0,22,3,25,0,0,30,3,33,18,14,32,65
09/11/2009,ADM,OK,ASW,CE,Federal Contract Tower,0,0,13,0,13,0,0,10,0,10,0,0,23,0,23,2,0,2,25
09/12/2009,ADM,OK,ASW,CE,Federal Contract Tower,0,0,1,0,1,0,0,1,0,1,0,0,2,0,2,0,0,0,2
09/13/2009,ADM,OK,ASW,CE,Federal Contract Tower,0,0,4,0,4,0,0,0,0,0,0,0,4,0,4,0,0,0,4
09/14/2009,ADM,OK,ASW,CE,Federal Contract Tower,0,0,9,0,9,0,0,0,0,0,0,0,9,0,9,0,0,0,9
09/15/2009,ADM,OK,ASW,CE,Federal Contract Tower,0,0,6,0,6,0,0,7,0,7,0,0,13,0,13,8,0,8,21
09/16/2009,ADM,OK,ASW,CE,Federal Contract Tower,0,0,5,0,5,0,0,2,0,2,0,0,7,0,7,0,0,0,7
09/17/2009,ADM,OK,ASW,CE,Federal Contract Tower,0,0,5,8,13,0,0,4,5,9,0,0,9,13,22,0,6,6,28
09/18/2009,ADM,OK,ASW,CE,Federal Contract Tower,0,0,9,0,9,0,0,37,0,37,0,0,46,0,46,29,0,29,75
09/19/2009,ADM,OK,ASW,CE,Federal Contract Tower,0,0,2,0,2,0,0,15,0,15,0,0,17,0,17,22,0,22,39
09/20/2009,ADM,OK,ASW,CE,Federal Contract Tower,0,0,3,1,4,0,0,11,1,12,0,0,14,2,16,21,2,23,39
09/21/2009,ADM,OK,ASW,CE,Federal Contract Tower,0,0,7,0,7,0,0,19,0,19,0,0,26,0,26,4,0,4,30
09/22/2009,ADM,OK,ASW,CE,Federal Contract Tower,0,0,0,3,3,0,0,5,0,5,0,0,5,3,8,8,12,20,28
09/23/2009,ADM,OK,ASW,CE,Federal Contract Tower,0,0,3,3,6,0,0,32,3,35,0,0,35,6,41,32,42,74,115
09/24/2009,ADM,OK,ASW,CE,Federal Contract Tower,0,0,2,0,2,0,0,31,0,31,0,0,33,0,33,44,0,44,77
09/25/2009,ADM,OK,ASW,CE,Federal Contract Tower,0,0,0,0,0,0,0,49,1,50,0,0,49,1,50,58,2,60,110
09/26/2009,ADM,OK,ASW,CE,Federal Contract Tower,0,0,2,0,2,0,0,98,0,98,0,0,100,0,100,30,0,30,130
09/27/2009,ADM,OK,ASW,CE,Federal Contract Tower,0,0,1,0,1,0,0,25,0,25,0,0,26,0,26,16,0,16,42
09/28/2009,ADM,OK,ASW,CE,Federal Contract Tower,0,0,4,0,4,0,0,29,8,37,0,0,33,8,41,10,0,10,51
09/29/2009,ADM,OK,ASW,CE,Federal Contract Tower,0,0,1,0,1,0,0,31,1,32,0,0,32,1,33,38,10,48,81
09/30/2009,ADM,OK,ASW,CE,Federal Contract Tower,0,0,4,2,6,0,0,57,6,63,0,0,61,8,69,82,0,82,151
10/01/2009,ADM,OK,ASW,CE,Federal Contract Tower,0,0,11,0,11,0,0,30,0,30,0,0,41,0,41,8,0,8,49
10/02/2009,ADM,OK,ASW,CE,Federal Contract Tower,0,0,2,0,2,0,0,35,0,35,0,0,37,0,37,20,0,20,57
10/03/2009,ADM,OK,ASW,CE,Federal Contract Tower,0,0,4,0,4,0,0,58,1,59,0,0,62,1,63,36,6,42,105
10/04/2009,ADM,OK,ASW,CE,Federal Contract Tower,0,0,0,0,0,0,0,0,0,0,0,0,0,0,0,0,0,0,0
10/05/2009,ADM,OK,ASW,CE,Federal Contract Tower,0,0,13,0,13,0,0,0,0,0,0,0,13,0,13,0,0,0,13
10/06/2009,ADM,OK,ASW,CE,Federal Contract Tower,0,0,4,0,4,0,0,4,0,4,0,0,8,0,8,0,0,0,8
10/07/2009,ADM,OK,ASW,CE,Federal Contract Tower,0,0,20,0,20,0,0,18,0,18,0,0,38,0,38,28,0,28,66
10/08/2009,ADM,OK,ASW,CE,Federal Contract Tower,0,0,5,0,5,0,0,3,0,3,0,0,8,0,8,0,0,0,8
10/09/2009,ADM,OK,ASW,CE,Federal Contract Tower,0,0,6,0,6,0,0,6,0,6,0,0,12,0,12,2,0,2,14
10/10/2009,ADM,OK,ASW,CE,Federal Contract Tower,0,0,20,0,20,0,0,50,0,50,0,0,70,0,70,0,0,0,70
10/11/2009,ADM,OK,ASW,CE,Federal Contract Tower,0,0,4,0,4,0,0,0,4,4,0,0,4,4,8,0,0,0,8
10/12/2009,ADM,OK,ASW,CE,Federal Contract Tower,0,0,2,0,2,0,0,2,0,2,0,0,4,0,4,0,0,0,4
10/13/2009,ADM,OK,ASW,CE,Federal Contract Tower,0,0,4,0,4,0,0,2,0,2,0,0,6,0,6,0,0,0,6
10/14/2009,ADM,OK,ASW,CE,Federal Contract Tower,0,0,2,0,2,0,0,0,0,0,0,0,2,0,2,0,0,0,2
10/15/2009,ADM,OK,ASW,CE,Federal Contract Tower,0,0,6,0,6,0,0,20,0,20,0,0,26,0,26,16,6,22,48
10/16/2009,ADM,OK,ASW,CE,Federal Contract Tower,0,0,0,0,0,0,0,41,2,43,0,0,41,2,43,35,6,41,84
10/17/2009,ADM,OK,ASW,CE,Federal Contract Tower,0,0,1,0,1,0,0,46,0,46,0,0,47,0,47,18,0,18,65
10/18/2009,ADM,OK,ASW,CE,Federal Contract Tower,0,0,0,0,0,0,0,18,0,18,0,0,18,0,18,40,0,40,58
10/19/2009,ADM,OK,ASW,CE,Federal Contract Tower,0,0,3,0,3,0,0,28,1,29,0,0,31,1,32,0,0,0,32
10/20/2009,ADM,OK,ASW,CE,Federal Contract Tower,0,0,3,0,3,0,0,31,2,33,0,0,34,2,36,34,6,40,76
10/21/2009,ADM,OK,ASW,CE,Federal Contract Tower,0,0,1,0,1,0,0,0,0,0,0,0,1,0,1,0,0,0,1
10/22/2009,ADM,OK,ASW,CE,Federal Contract Tower,0,0,18,3,21,0,0,22,7,29,0,0,40,10,50,1,24,25,75
10/23/2009,ADM,OK,ASW,CE,Federal Contract Tower,0,0,16,0,16,0,0,30,7,37,0,0,46,7,53,22,0,22,75
10/24/2009,ADM,OK,ASW,CE,Federal Contract Tower,0,0,5,0,5,0,0,42,11,53,0,0,47,11,58,24,0,24,82
10/25/2009,ADM,OK,ASW,CE,Federal Contract Tower,0,0,7,0,7,0,0,8,0,8,0,0,15,0,15,0,0,0,15
10/26/2009,ADM,OK,ASW,CE,Federal Contract Tower,0,0,2,1,3,0,0,10,6,16,0,0,12,7,19,0,0,0,19
10/27/2009,ADM,OK,ASW,CE,Federal Contract Tower,0,0,1,0,1,0,0,29,2,31,0,0,30,2,32,20,2,22,54
10/28/2009,ADM,OK,ASW,CE,Federal Contract Tower,0,0,13,4,17,0,0,17,6,23,0,0,30,10,40,24,0,24,64
10/29/2009,ADM,OK,ASW,CE,Federal Contract Tower,0,0,3,0,3,0,0,0,0,0,0,0,3,0,3,0,0,0,3
10/30/2009,ADM,OK,ASW,CE,Federal Contract Tower,0,0,3,5,8,0,0,34,2,36,0,0,37,7,44,16,10,26,70
10/31/2009,ADM,OK,ASW,CE,Federal Contract Tower,0,0,3,0,3,0,0,53,2,55,0,0,56,2,58,38,4,42,100
11/01/2009,ADM,OK,ASW,CE,Federal Contract Tower,0,0,2,0,2,0,0,8,2,10,0,0,10,2,12,10,6,16,28
11/02/2009,ADM,OK,ASW,CE,Federal Contract Tower,0,0,4,0,4,0,0,53,0,53,0,0,57,0,57,44,0,44,101
11/03/2009,ADM,OK,ASW,CE,Federal Contract Tower,0,0,6,0,6,0,0,51,0,51,0,0,57,0,57,56,0,56,113
11/04/2009,ADM,OK,ASW,CE,Federal Contract Tower,0,0,3,0,3,0,0,79,2,81,0,0,82,2,84,120,8,128,212
11/05/2009,ADM,OK,ASW,CE,Federal Contract Tower,0,0,12,0,12,0,0,76,0,76,0,0,88,0,88,58,0,58,146
11/06/2009,ADM,OK,ASW,CE,Federal Contract Tower,0,0,4,0,4,0,0,48,0,48,0,0,52,0,52,48,0,48,100
11/07/2009,ADM,OK,ASW,CE,Federal Contract Tower,0,0,2,0,2,0,0,61,0,61,0,0,63,0,63,42,0,42,105
11/08/2009,ADM,OK,ASW,CE,Federal Contract Tower,0,0,1,0,1,0,0,0,4,4,0,0,1,4,5,0,0,0,5
11/09/2009,ADM,OK,ASW,CE,Federal Contract Tower,0,0,0,6,6,0,0,23,20,43,0,0,23,26,49,24,106,130,179
11/10/2009,ADM,OK,ASW,CE,Federal Contract Tower,0,0,3,0,3,0,0,48,0,48,0,0,51,0,51,78,0,78,129
11/11/2009,ADM,OK,ASW,CE,Federal Contract Tower,0,0,5,0,5,0,0,59,0,59,0,0,64,0,64,48,0,48,112
11/12/2009,ADM,OK,ASW,CE,Federal Contract Tower,0,0,9,0,9,0,0,24,0,24,0,0,33,0,33,20,2,22,55
11/13/2009,ADM,OK,ASW,CE,Federal Contract Tower,0,0,3,6,9,0,0,29,5,34,0,0,32,11,43,44,10,54,97
11/14/2009,ADM,OK,ASW,CE,Federal Contract Tower,0,0,6,0,6,0,0,65,0,65,0,0,71,0,71,38,0,38,109
11/15/2009,ADM,OK,ASW,CE,Federal Contract Tower,0,0,4,0,4,0,0,0,0,0,0,0,4,0,4,0,0,0,4
11/16/2009,ADM,OK,ASW,CE,Federal Contract Tower,0,0,4,0,4,0,0,4,0,4,0,0,8,0,8,0,0,0,8
11/17/2009,ADM,OK,ASW,CE,Federal Contract Tower,0,0,1,0,1,0,0,20,0,20,0,0,21,0,21,16,0,16,37
11/18/2009,ADM,OK,ASW,CE,Federal Contract Tower,0,0,14,0,14,0,0,71,6,77,0,0,85,6,91,58,0,58,149
11/19/2009,ADM,OK,ASW,CE,Federal Contract Tower,0,0,13,0,13,0,0,50,0,50,0,0,63,0,63,50,0,50,113
11/20/2009,ADM,OK,ASW,CE,Federal Contract Tower,0,0,5,0,5,0,0,0,0,0,0,0,5,0,5,0,0,0,5
11/21/2009,ADM,OK,ASW,CE,Federal Contract Tower,0,0,3,0,3,0,0,5,0,5,0,0,8,0,8,6,0,6,14
11/22/2009,ADM,OK,ASW,CE,Federal Contract Tower,0,0,1,0,1,0,0,11,0,11,0,0,12,0,12,40,0,40,52
11/23/2009,ADM,OK,ASW,CE,Federal Contract Tower,0,0,1,0,1,0,18,0,0,18,0,18,1,0,19,40,4,44,63
11/24/2009,ADM,OK,ASW,CE,Federal Contract Tower,0,0,3,0,3,0,0,30,0,30,0,0,33,0,33,18,0,18,51
11/25/2009,ADM,OK,ASW,CE,Federal Contract Tower,0,0,4,0,4,0,0,31,0,31,0,0,35,0,35,40,0,40,75
11/26/2009,ADM,OK,ASW,CE,Federal Contract Tower,0,0,0,0,0,0,0,1,0,1,0,0,1,0,1,0,0,0,1
11/27/2009,ADM,OK,ASW,CE,Federal Contract Tower,0,0,5,0,5,0,0,17,0,17,0,0,22,0,22,32,0,32,54
11/28/2009,ADM,OK,ASW,CE,Federal Contract Tower,0,0,5,0,5,0,0,38,0,38,0,0,43,0,43,26,0,26,69
11/29/2009,ADM,OK,ASW,CE,Federal Contract Tower,0,0,7,0,7,0,0,9,0,9,0,0,16,0,16,12,0,12,28
11/30/2009,ADM,OK,ASW,CE,Federal Contract Tower,0,0,7,0,7,0,0,33,0,33,0,0,40,0,40,26,0,26,66
12/01/2009,ADM,OK,ASW,CE,Federal Contract Tower,0,0,13,0,13,0,0,17,4,21,0,0,30,4,34,4,24,28,62
12/02/2009,ADM,OK,ASW,CE,Federal Contract Tower,0,0,4,0,4,0,0,15,0,15,0,0,19,0,19,6,0,6,25
12/03/2009,ADM,OK,ASW,CE,Federal Contract Tower,0,0,1,0,1,0,0,28,0,28,0,0,29,0,29,52,0,52,81
12/04/2009,ADM,OK,ASW,CE,Federal Contract Tower,0,0,1,0,1,0,0,38,4,42,0,0,39,4,43,18,4,22,65
12/05/2009,ADM,OK,ASW,CE,Federal Contract Tower,0,0,0,0,0,0,0,53,0,53,0,0,53,0,53,42,0,42,95
12/06/2009,ADM,OK,ASW,CE,Federal Contract Tower,0,0,4,0,4,0,0,8,0,8,0,0,12,0,12,12,0,12,24
12/07/2009,ADM,OK,ASW,CE,Federal Contract Tower,0,0,11,0,11,0,0,13,0,13,0,0,24,0,24,0,0,0,24
12/08/2009,ADM,OK,ASW,CE,Federal Contract Tower,0,0,2,0,2,0,0,4,0,4,0,0,6,0,6,6,0,6,12
12/09/2009,ADM,OK,ASW,CE,Federal Contract Tower,0,0,9,0,9,0,0,46,0,46,0,0,55,0,55,66,0,66,121
12/10/2009,ADM,OK,ASW,CE,Federal Contract Tower,0,0,8,2,10,0,0,39,1,40,0,0,47,3,50,48,23,71,121
12/11/2009,ADM,OK,ASW,CE,Federal Contract Tower,0,0,4,0,4,0,0,18,0,18,0,0,22,0,22,23,0,23,45
12/12/2009,ADM,OK,ASW,CE,Federal Contract Tower,0,0,4,0,4,0,0,3,0,3,0,0,7,0,7,0,0,0,7
12/13/2009,ADM,OK,ASW,CE,Federal Contract Tower,0,0,6,0,6,0,0,25,0,25,0,0,31,0,31,34,0,34,65
12/14/2009,ADM,OK,ASW,CE,Federal Contract Tower,0,0,3,0,3,0,0,30,0,30,0,0,33,0,33,28,0,28,61
12/15/2009,ADM,OK,ASW,CE,Federal Contract Tower,0,0,5,2,7,0,0,42,2,44,0,0,47,4,51,50,6,56,107
12/16/2009,ADM,OK,ASW,CE,Federal Contract Tower,0,0,7,0,7,0,0,52,0,52,0,0,59,0,59,51,0,51,110
12/17/2009,ADM,OK,ASW,CE,Federal Contract Tower,0,0,3,0,3,0,0,48,2,50,0,0,51,2,53,42,6,48,101
12/18/2009,ADM,OK,ASW,CE,Federal Contract Tower,0,0,4,2,6,0,0,23,2,25,0,0,27,4,31,32,4,36,67
12/19/2009,ADM,OK,ASW,CE,Federal Contract Tower,0,0,1,0,1,0,0,26,4,30,0,0,27,4,31,52,16,68,99
12/20/2009,ADM,OK,ASW,CE,Federal Contract Tower,0,0,0,0,0,0,0,27,0,27,0,0,27,0,27,42,0,42,69
12/21/2009,ADM,OK,ASW,CE,Federal Contract Tower,0,0,2,1,3,0,0,41,1,42,0,0,43,2,45,48,2,50,95
12/22/2009,ADM,OK,ASW,CE,Federal Contract Tower,0,0,15,0,15,0,0,16,0,16,0,0,31,0,31,14,0,14,45
12/23/2009,ADM,OK,ASW,CE,Federal Contract Tower,0,0,4,0,4,0,0,6,0,6,0,0,10,0,10,0,0,0,10
12/24/2009,ADM,OK,ASW,CE,Federal Contract Tower,0,0,6,0,6,0,0,6,0,6,0,0,12,0,12,0,0,0,12
12/25/2009,ADM,OK,ASW,CE,Federal Contract Tower,0,0,0,0,0,0,0,0,0,0,0,0,0,0,0,0,0,0,0
12/26/2009,ADM,OK,ASW,CE,Federal Contract Tower,0,0,4,0,4,0,0,13,0,13,0,0,17,0,17,4,0,4,21
12/27/2009,ADM,OK,ASW,CE,Federal Contract Tower,0,0,5,0,5,0,0,14,0,14,0,0,19,0,19,18,0,18,37
12/28/2009,ADM,OK,ASW,CE,Federal Contract Tower,0,0,0,0,0,0,0,30,0,30,0,0,30,0,30,79,0,79,109
12/29/2009,ADM,OK,ASW,CE,Federal Contract Tower,0,0,4,0,4,0,0,6,0,6,0,0,10,0,10,0,0,0,10
12/30/2009,ADM,OK,ASW,CE,Federal Contract Tower,0,0,0,0,0,0,0,6,0,6,0,0,6,0,6,6,0,6,12
12/31/2009,ADM,OK,ASW,CE,Federal Contract Tower,0,0,5,0,5,0,0,5,0,5,0,0,10,0,10,0,0,0,10
01/01/2010,ADM,OK,ASW,CE,Federal Contract Tower,0,0,0,0,0,0,0,28,0,28,0,0,28,0,28,48,0,48,76
01/02/2010,ADM,OK,ASW,CE,Federal Contract Tower,0,0,2,0,2,0,0,71,0,71,0,0,73,0,73,48,0,48,121
01/03/2010,ADM,OK,ASW,CE,Federal Contract Tower,0,0,1,0,1,0,0,0,0,0,0,0,1,0,1,0,0,0,1
01/04/2010,ADM,OK,ASW,CE,Federal Contract Tower,0,0,1,0,1,0,0,22,0,22,0,0,23,0,23,44,0,44,67
01/05/2010,ADM,OK,ASW,CE,Federal Contract Tower,0,0,3,2,5,0,0,19,2,21,0,0,22,4,26,18,0,18,44
01/06/2010,ADM,OK,ASW,CE,Federal Contract Tower,0,0,4,0,4,0,0,5,0,5,0,0,9,0,9,10,0,10,19
01/07/2010,ADM,OK,ASW,CE,Federal Contract Tower,0,0,2,0,2,0,0,10,0,10,0,0,12,0,12,12,0,12,24
01/08/2010,ADM,OK,ASW,CE,Federal Contract Tower,0,0,0,0,0,0,0,12,0,12,0,0,12,0,12,6,0,6,18
01/09/2010,ADM,OK,ASW,CE,Federal Contract Tower,0,0,6,0,6,0,0,18,0,18,0,0,24,0,24,22,0,22,46
01/10/2010,ADM,OK,ASW,CE,Federal Contract Tower,0,0,4,0,4,0,0,14,0,14,0,0,18,0,18,18,0,18,36
01/11/2010,ADM,OK,ASW,CE,Federal Contract Tower,0,0,4,0,4,0,0,34,6,40,0,0,38,6,44,38,0,38,82
01/12/2010,ADM,OK,ASW,CE,Federal Contract Tower,0,0,3,4,7,0,0,55,0,55,0,0,58,4,62,58,0,58,120
01/13/2010,ADM,OK,ASW,CE,Federal Contract Tower,0,0,6,0,6,0,0,47,5,52,0,0,53,5,58,39,8,47,105
01/14/2010,ADM,OK,ASW,CE,Federal Contract Tower,0,0,11,4,15,0,0,11,3,14,0,0,22,7,29,2,0,2,31
01/15/2010,ADM,OK,ASW,CE,Federal Contract Tower,0,0,1,6,7,0,0,13,2,15,0,0,14,8,22,4,0,4,26
01/16/2010,ADM,OK,ASW,CE,Federal Contract Tower,0,0,0,0,0,0,0,2,0,2,0,0,2,0,2,0,0,0,2
01/17/2010,ADM,OK,ASW,CE,Federal Contract Tower,0,0,4,0,4,0,0,1,0,1,0,0,5,0,5,0,0,0,5
01/18/2010,ADM,OK,ASW,CE,Federal Contract Tower,0,0,14,0,14,0,0,61,0,61,0,0,75,0,75,22,0,22,97
01/19/2010,ADM,OK,ASW,CE,Federal Contract Tower,0,0,2,0,2,0,0,13,0,13,0,0,15,0,15,0,0,0,15
01/20/2010,ADM,OK,ASW,CE,Federal Contract Tower,0,0,12,0,12,0,0,53,0,53,0,0,65,0,65,68,0,68,133
01/21/2010,ADM,OK,ASW,CE,Federal Contract Tower,0,0,4,0,4,0,0,47,0,47,0,0,51,0,51,31,0,31,82
01/22/2010,ADM,OK,ASW,CE,Federal Contract Tower,0,0,8,4,12,0,0,95,0,95,0,0,103,4,107,80,10,90,197
01/23/2010,ADM,OK,ASW,CE,Federal Contract Tower,0,0,2,0,2,0,0,19,0,19,0,0,21,0,21,30,0,30,51
01/24/2010,ADM,OK,ASW,CE,Federal Contract Tower,0,0,5,0,5,0,0,11,0,11,0,0,16,0,16,2,0,2,18
01/25/2010,ADM,OK,ASW,CE,Federal Contract Tower,0,0,1,4,5,0,0,31,7,38,0,0,32,11,43,12,30,42,85
01/26/2010,ADM,OK,ASW,CE,Federal Contract Tower,0,0,4,0,4,0,0,59,2,61,0,0,63,2,65,66,20,86,151
01/27/2010,ADM,OK,ASW,CE,Federal Contract Tower,0,0,5,0,5,0,0,40,1,41,0,0,45,1,46,110,4,114,160
01/28/2010,ADM,OK,ASW,CE,Federal Contract Tower,0,0,0,0,0,0,0,0,0,0,0,0,0,0,0,0,0,0,0
01/29/2010,ADM,OK,ASW,CE,Federal Contract Tower,0,0,1,0,1,0,0,0,0,0,0,0,1,0,1,0,0,0,1
01/30/2010,ADM,OK,ASW,CE,Federal Contract Tower,0,0,1,0,1,0,0,6,0,6,0,0,7,0,7,0,0,0,7
01/31/2010,ADM,OK,ASW,CE,Federal Contract Tower,0,0,0,0,0,0,0,0,0,0,0,0,0,0,0,0,0,0,0
02/01/2010,ADM,OK,ASW,CE,Federal Contract Tower,0,0,6,0,6,0,0,8,0,8,0,0,14,0,14,10,0,10,24
02/02/2010,ADM,OK,ASW,CE,Federal Contract Tower,0,0,10,0,10,0,0,56,0,56,0,0,66,0,66,64,0,64,130
02/03/2010,ADM,OK,ASW,CE,Federal Contract Tower,0,5,60,0,65,0,0,73,0,73,0,5,133,0,138,136,0,136,274
02/04/2010,ADM,OK,ASW,CE,Federal Contract Tower,0,0,6,5,11,0,0,0,0,0,0,0,6,5,11,0,0,0,11
02/05/2010,ADM,OK,ASW,CE,Federal Contract Tower,0,0,0,0,0,0,0,0,0,0,0,0,0,0,0,0,0,0,0
02/06/2010,ADM,OK,ASW,CE,Federal Contract Tower,0,0,0,0,0,0,0,11,0,11,0,0,11,0,11,0,0,0,11
02/07/2010,ADM,OK,ASW,CE,Federal Contract Tower,0,0,0,0,0,0,0,3,0,3,0,0,3,0,3,16,0,16,19
02/08/2010,ADM,OK,ASW,CE,Federal Contract Tower,0,0,0,0,0,0,0,1,0,1,0,0,1,0,1,0,0,0,1
02/09/2010,ADM,OK,ASW,CE,Federal Contract Tower,0,0,6,0,6,0,0,35,32,67,0,0,41,32,73,4,0,4,77
02/10/2010,ADM,OK,ASW,CE,Federal Contract Tower,0,0,2,6,8,0,0,42,2,44,0,0,44,8,52,92,6,98,150
02/11/2010,ADM,OK,ASW,CE,Federal Contract Tower,0,0,3,0,3,0,0,0,0,0,0,0,3,0,3,0,0,0,3
02/12/2010,ADM,OK,ASW,CE,Federal Contract Tower,0,0,4,0,4,0,0,4,0,4,0,0,8,0,8,0,0,0,8
02/13/2010,ADM,OK,ASW,CE,Federal Contract Tower,0,0,0,0,0,0,0,5,0,5,0,0,5,0,5,0,0,0,5
02/14/2010,ADM,OK,ASW,CE,Federal Contract Tower,0,0,1,0,1,0,0,2,0,2,0,0,3,0,3,0,0,0,3
02/15/2010,ADM,OK,ASW,CE,Federal Contract Tower,0,0,1,0,1,0,0,11,0,11,0,0,12,0,12,16,0,16,28
02/16/2010,ADM,OK,ASW,CE,Federal Contract Tower,0,0,4,0,4,0,0,50,0,50,0,0,54,0,54,32,0,32,86
02/17/2010,ADM,OK,ASW,CE,Federal Contract Tower,0,0,4,0,4,0,0,55,0,55,0,0,59,0,59,68,0,68,127
02/18/2010,ADM,OK,ASW,CE,Federal Contract Tower,0,0,5,5,10,0,0,45,6,51,0,0,50,11,61,45,18,63,124
02/19/2010,ADM,OK,ASW,CE,Federal Contract Tower,0,0,4,4,8,0,0,5,0,5,0,0,9,4,13,2,0,2,15
02/20/2010,ADM,OK,ASW,CE,Federal Contract Tower,0,0,1,0,1,0,0,5,0,5,0,0,6,0,6,0,0,0,6
02/21/2010,ADM,OK,ASW,CE,Federal Contract Tower,0,0,0,0,0,0,0,0,0,0,0,0,0,0,0,0,0,0,0
02/22/2010,ADM,OK,ASW,CE,Federal Contract Tower,0,0,0,20,20,0,0,0,20,20,0,0,0,40,40,0,20,20,60
02/23/2010,ADM,OK,ASW,CE,Federal Contract Tower,0,0,14,0,14,0,0,21,0,21,0,0,35,0,35,16,0,16,51
02/24/2010,ADM,OK,ASW,CE,Federal Contract Tower,0,0,0,0,0,0,0,43,0,43,0,0,43,0,43,37,0,37,80
02/25/2010,ADM,OK,ASW,CE,Federal Contract Tower,0,0,4,0,4,0,0,35,0,35,0,0,39,0,39,12,0,12,51
02/26/2010,ADM,OK,ASW,CE,Federal Contract Tower,0,0,2,0,2,0,0,0,0,0,0,0,2,0,2,0,0,0,2
02/27/2010,ADM,OK,ASW,CE,Federal Contract Tower,0,0,6,0,6,0,0,53,0,53,0,0,59,0,59,52,0,52,111
02/28/2010,ADM,OK,ASW,CE,Federal Contract Tower,0,0,0,0,0,0,0,6,0,6,0,0,6,0,6,0,0,0,6
03/01/2010,ADM,OK,ASW,CE,Federal Contract Tower,0,0,0,0,0,0,0,3,0,3,0,0,3,0,3,0,0,0,3
03/02/2010,ADM,OK,ASW,CE,Federal Contract Tower,0,0,6,3,9,0,0,46,2,48,0,0,52,5,57,40,2,42,99
03/03/2010,ADM,OK,ASW,CE,Federal Contract Tower,0,0,10,0,10,0,0,59,0,59,0,0,69,0,69,58,0,58,127
03/04/2010,ADM,OK,ASW,CE,Federal Contract Tower,0,0,3,0,3,0,0,50,4,54,0,0,53,4,57,66,2,68,125
03/05/2010,ADM,OK,ASW,CE,Federal Contract Tower,0,0,3,0,3,0,0,12,0,12,0,0,15,0,15,0,0,0,15
03/06/2010,ADM,OK,ASW,CE,Federal Contract Tower,0,0,5,0,5,0,0,29,0,29,0,0,34,0,34,6,0,6,40
03/07/2010,ADM,OK,ASW,CE,Federal Contract Tower,0,0,1,2,3,0,0,1,3,4,0,0,2,5,7,0,28,28,35
03/08/2010,ADM,OK,ASW,CE,Federal Contract Tower,0,0,4,0,4,0,0,4,0,4,0,0,8,0,8,0,0,0,8
03/09/2010,ADM,OK,ASW,CE,Federal Contract Tower,0,0,2,2,4,0,0,28,2,30,0,0,30,4,34,25,2,27,61
03/10/2010,ADM,OK,ASW,CE,Federal Contract Tower,0,0,4,0,4,0,0,12,0,12,0,0,16,0,16,0,0,0,16
03/11/2010,ADM,OK,ASW,CE,Federal Contract Tower,0,0,4,1,5,0,0,53,0,53,0,0,57,1,58,46,2,48,106
03/12/2010,ADM,OK,ASW,CE,Federal Contract Tower,0,0,0,14,14,0,0,15,5,20,0,0,15,19,34,52,6,58,92
03/13/2010,ADM,OK,ASW,CE,Federal Contract Tower,0,0,1,0,1,0,0,63,0,63,0,0,64,0,64,44,0,44,108
03/14/2010,ADM,OK,ASW,CE,Federal Contract Tower,0,0,3,0,3,0,0,21,0,21,0,0,24,0,24,4,0,4,28
03/15/2010,ADM,OK,ASW,CE,Federal Contract Tower,0,0,6,0,6,0,0,32,2,34,0,0,38,2,40,8,20,28,68
03/16/2010,ADM,OK,ASW,CE,Federal Contract Tower,0,0,9,3,12,0,0,31,2,33,0,0,40,5,45,16,4,20,65
03/17/2010,ADM,OK,ASW,CE,Federal Contract Tower,0,0,5,0,5,0,0,26,0,26,0,0,31,0,31,22,0,22,53
03/18/2010,ADM,OK,ASW,CE,Federal Contract Tower,0,0,8,4,12,0,0,29,0,29,0,0,37,4,41,44,14,58,99
03/19/2010,ADM,OK,ASW,CE,Federal Contract Tower,0,0,4,0,4,0,0,14,0,14,0,0,18,0,18,8,0,8,26
03/20/2010,ADM,OK,ASW,CE,Federal Contract Tower,0,0,0,0,0,0,0,0,0,0,0,0,0,0,0,0,0,0,0
03/21/2010,ADM,OK,ASW,CE,Federal Contract Tower,0,0,0,0,0,0,0,0,0,0,0,0,0,0,0,0,0,0,0
03/22/2010,ADM,OK,ASW,CE,Federal Contract Tower,0,0,7,0,7,0,0,38,0,38,0,0,45,0,45,52,0,52,97
03/23/2010,ADM,OK,ASW,CE,Federal Contract Tower,0,0,16,0,16,0,0,31,2,33,0,0,47,2,49,36,0,36,85
03/24/2010,ADM,OK,ASW,CE,Federal Contract Tower,0,0,8,0,8,0,0,7,0,7,0,0,15,0,15,0,0,0,15
03/25/2010,ADM,OK,ASW,CE,Federal Contract Tower,0,0,32,8,40,0,0,30,3,33,0,0,62,11,73,41,10,51,124
03/26/2010,ADM,OK,ASW,CE,Federal Contract Tower,0,0,0,0,0,0,0,35,0,35,0,0,35,0,35,22,0,22,57
03/27/2010,ADM,OK,ASW,CE,Federal Contract Tower,0,0,2,2,4,0,0,1,0,1,0,0,3,2,5,2,0,2,7
03/28/2010,ADM,OK,ASW,CE,Federal Contract Tower,0,0,2,0,2,0,0,4,0,4,0,0,6,0,6,0,0,0,6
03/29/2010,ADM,OK,ASW,CE,Federal Contract Tower,0,0,0,0,0,0,0,32,2,34,0,0,32,2,34,0,0,0,34
03/30/2010,ADM,OK,ASW,CE,Federal Contract Tower,0,0,13,0,13,0,0,36,0,36,0,0,49,0,49,24,0,24,73
03/31/2010,ADM,OK,ASW,CE,Federal Contract Tower,0,0,1,10,11,0,0,21,0,21,0,0,22,10,32,10,0,10,42
04/01/2010,ADM,OK,ASW,CE,Federal Contract Tower,0,0,8,0,8,0,0,12,0,12,0,0,20,0,20,3,0,3,23
04/02/2010,ADM,OK,ASW,CE,Federal Contract Tower,0,0,4,1,5,0,0,9,1,10,0,0,13,2,15,26,17,43,58
04/03/2010,ADM,OK,ASW,CE,Federal Contract Tower,0,0,0,0,0,0,0,24,0,24,0,0,24,0,24,30,0,30,54
04/04/2010,ADM,OK,ASW,CE,Federal Contract Tower,0,0,3,0,3,0,0,1,0,1,0,0,4,0,4,18,0,18,22
04/05/2010,ADM,OK,ASW,CE,Federal Contract Tower,0,0,9,4,13,0,0,16,2,18,0,0,25,6,31,22,8,30,61
04/06/2010,ADM,OK,ASW,CE,Federal Contract Tower,0,0,8,0,8,0,0,14,0,14,0,0,22,0,22,8,0,8,30
04/07/2010,ADM,OK,ASW,CE,Federal Contract Tower,0,0,26,0,26,0,0,52,0,52,0,0,78,0,78,38,0,38,116
04/08/2010,ADM,OK,ASW,CE,Federal Contract Tower,0,0,9,1,10,0,0,36,1,37,0,0,45,2,47,86,0,86,133
04/09/2010,ADM,OK,ASW,CE,Federal Contract Tower,0,0,2,0,2,0,0,27,3,30,0,0,29,3,32,18,10,28,60
04/10/2010,ADM,OK,ASW,CE,Federal Contract Tower,0,0,2,0,2,0,0,61,0,61,0,0,63,0,63,18,0,18,81
04/11/2010,ADM,OK,ASW,CE,Federal Contract Tower,0,0,3,0,3,0,0,10,0,10,0,0,13,0,13,32,0,32,45
04/12/2010,ADM,OK,ASW,CE,Federal Contract Tower,0,0,1,0,1,0,0,15,0,15,0,0,16,0,16,10,0,10,26
04/13/2010,ADM,OK,ASW,CE,Federal Contract Tower,0,0,0,6,6,0,0,31,6,37,0,0,31,12,43,44,58,102,145
04/14/2010,ADM,OK,ASW,CE,Federal Contract Tower,0,0,8,4,12,0,0,25,4,29,0,0,33,8,41,37,4,41,82
04/15/2010,ADM,OK,ASW,CE,Federal Contract Tower,0,0,6,3,9,0,0,20,3,23,0,0,26,6,32,37,23,60,92
04/16/2010,ADM,OK,ASW,CE,Federal Contract Tower,0,0,14,9,23,0,0,38,7,45,0,0,52,16,68,38,92,130,198
04/17/2010,ADM,OK,ASW,CE,Federal Contract Tower,0,0,5,0,5,0,0,5,0,5,0,0,10,0,10,0,0,0,10
04/18/2010,ADM,OK,ASW,CE,Federal Contract Tower,0,0,0,0,0,0,0,0,0,0,0,0,0,0,0,0,0,0,0
04/19/2010,ADM,OK,ASW,CE,Federal Contract Tower,0,0,8,2,10,0,0,24,2,26,0,0,32,4,36,30,30,60,96
04/20/2010,ADM,OK,ASW,CE,Federal Contract Tower,0,0,11,4,15,0,0,29,4,33,0,0,40,8,48,44,16,60,108
04/21/2010,ADM,OK,ASW,CE,Federal Contract Tower,0,0,0,0,0,0,0,69,0,69,0,0,69,0,69,89,0,89,158
04/22/2010,ADM,OK,ASW,CE,Federal Contract Tower,0,0,4,13,17,0,0,20,7,27,0,0,24,20,44,60,272,332,376
04/23/2010,ADM,OK,ASW,CE,Federal Contract Tower,0,0,3,4,7,0,0,26,2,28,0,0,29,6,35,42,14,56,91
04/24/2010,ADM,OK,ASW,CE,Federal Contract Tower,0,0,1,0,1,0,0,40,0,40,0,0,41,0,41,18,0,18,59
04/25/2010,ADM,OK,ASW,CE,Federal Contract Tower,0,0,2,0,2,0,0,33,0,33,0,0,35,0,35,26,0,26,61
04/26/2010,ADM,OK,ASW,CE,Federal Contract Tower,0,0,3,5,8,0,0,39,8,47,0,0,42,13,55,40,20,60,115
04/27/2010,ADM,OK,ASW,CE,Federal Contract Tower,0,0,2,6,8,0,0,47,4,51,0,0,49,10,59,44,8,52,111
04/28/2010,ADM,OK,ASW,CE,Federal Contract Tower,0,0,1,1,2,0,0,53,2,55,0,0,54,3,57,63,0,63,120
04/29/2010,ADM,OK,ASW,CE,Federal Contract Tower,0,0,4,0,4,0,0,11,3,14,0,0,15,3,18,10,6,16,34
04/30/2010,ADM,OK,ASW,CE,Federal Contract Tower,0,0,2,0,2,0,0,11,0,11,0,0,13,0,13,22,0,22,35
05/01/2010,ADM,OK,ASW,CE,Federal Contract Tower,0,0,9,0,9,0,0,20,0,20,0,0,29,0,29,28,0,28,57
05/02/2010,ADM,OK,ASW,CE,Federal Contract Tower,0,0,1,0,1,0,0,6,0,6,0,0,7,0,7,6,0,6,13
05/03/2010,ADM,OK,ASW,CE,Federal Contract Tower,0,0,5,0,5,0,0,37,0,37,0,0,42,0,42,31,0,31,73
05/04/2010,ADM,OK,ASW,CE,Federal Contract Tower,0,0,4,0,4,0,0,36,0,36,0,0,40,0,40,50,0,50,90
05/05/2010,ADM,OK,ASW,CE,Federal Contract Tower,0,0,9,2,11,0,0,44,0,44,0,0,53,2,55,54,0,54,109
05/06/2010,ADM,OK,ASW,CE,Federal Contract Tower,0,0,3,0,3,0,0,23,0,23,0,0,26,0,26,43,0,43,69
05/07/2010,ADM,OK,ASW,CE,Federal Contract Tower,0,0,34,6,40,0,0,0,0,0,0,0,34,6,40,36,6,42,82
05/08/2010,ADM,OK,ASW,CE,Federal Contract Tower,0,0,2,0,2,0,0,74,0,74,0,0,76,0,76,10,0,10,86
05/09/2010,ADM,OK,ASW,CE,Federal Contract Tower,0,0,0,0,0,0,0,3,0,3,0,0,3,0,3,0,0,0,3
05/10/2010,ADM,OK,ASW,CE,Federal Contract Tower,0,0,4,0,4,0,0,6,0,6,0,0,10,0,10,0,0,0,10
05/11/2010,ADM,OK,ASW,CE,Federal Contract Tower,0,0,0,0,0,0,0,1,3,4,0,0,1,3,4,0,2,2,6
05/12/2010,ADM,OK,ASW,CE,Federal Contract Tower,0,0,0,0,0,0,0,16,0,16,0,0,16,0,16,0,0,0,16
05/13/2010,ADM,OK,ASW,CE,Federal Contract Tower,0,0,3,0,3,0,0,0,0,0,0,0,3,0,3,3,0,3,6
05/14/2010,ADM,OK,ASW,CE,Federal Contract Tower,0,0,0,0,0,0,0,0,0,0,0,0,0,0,0,0,0,0,0
05/15/2010,ADM,OK,ASW,CE,Federal Contract Tower,0,0,10,0,10,0,0,9,0,9,0,0,19,0,19,18,0,18,37
05/16/2010,ADM,OK,ASW,CE,Federal Contract Tower,0,0,3,0,3,0,0,16,0,16,0,0,19,0,19,8,0,8,27
05/17/2010,ADM,OK,ASW,CE,Federal Contract Tower,0,0,2,0,2,0,0,33,7,40,0,0,35,7,42,64,2,66,108
05/18/2010,ADM,OK,ASW,CE,Federal Contract Tower,0,0,7,0,7,0,0,34,6,40,0,0,41,6,47,44,0,44,91
05/19/2010,ADM,OK,ASW,CE,Federal Contract Tower,0,0,3,2,5,0,0,6,2,8,0,0,9,4,13,0,10,10,23
05/20/2010,ADM,OK,ASW,CE,Federal Contract Tower,0,0,7,6,13,0,0,18,9,27,0,0,25,15,40,10,61,71,111
05/21/2010,ADM,OK,ASW,CE,Federal Contract Tower,0,0,6,4,10,0,0,13,4,17,0,0,19,8,27,7,2,9,36
05/22/2010,ADM,OK,ASW,CE,Federal Contract Tower,0,0,0,0,0,0,0,4,0,4,0,0,4,0,4,0,0,0,4
05/23/2010,ADM,OK,ASW,CE,Federal Contract Tower,0,0,2,0,2,0,0,5,0,5,0,0,7,0,7,0,0,0,7
05/24/2010,ADM,OK,ASW,CE,Federal Contract Tower,0,0,2,0,2,0,0,10,0,10,0,0,12,0,12,8,0,8,20
05/25/2010,ADM,OK,ASW,CE,Federal Contract Tower,0,0,4,2,6,0,0,21,2,23,0,0,25,4,29,34,10,44,73
05/26/2010,ADM,OK,ASW,CE,Federal Contract Tower,0,0,12,0,12,0,0,43,0,43,0,0,55,0,55,51,0,51,106
05/27/2010,ADM,OK,ASW,CE,Federal Contract Tower,0,0,5,3,8,0,0,26,20,46,0,0,31,23,54,0,0,0,54
05/28/2010,ADM,OK,ASW,CE,Federal Contract Tower,0,0,3,2,5,0,0,19,1,20,0,0,22,3,25,24,4,28,53
05/29/2010,ADM,OK,ASW,CE,Federal Contract Tower,0,0,3,0,3,0,0,27,0,27,0,0,30,0,30,14,0,14,44
05/30/2010,ADM,OK,ASW,CE,Federal Contract Tower,0,0,0,0,0,0,0,2,0,2,0,0,2,0,2,0,0,0,2
05/31/2010,ADM,OK,ASW,CE,Federal Contract Tower,0,0,0,0,0,0,0,5,0,5,0,0,5,0,5,0,0,0,5
06/01/2010,ADM,OK,ASW,CE,Federal Contract Tower,0,0,8,0,8,0,0,20,0,20,0,0,28,0,28,30,0,30,58
06/02/2010,ADM,OK,ASW,CE,Federal Contract Tower,0,0,5,0,5,0,0,22,0,22,0,0,27,0,27,25,0,25,52
06/03/2010,ADM,OK,ASW,CE,Federal Contract Tower,0,0,5,0,5,0,0,11,1,12,0,0,16,1,17,14,0,14,31
06/04/2010,ADM,OK,ASW,CE,Federal Contract Tower,0,0,4,0,4,0,0,39,0,39,0,0,43,0,43,43,0,43,86
06/05/2010,ADM,OK,ASW,CE,Federal Contract Tower,0,0,2,0,2,0,0,25,0,25,0,0,27,0,27,28,0,28,55
06/06/2010,ADM,OK,ASW,CE,Federal Contract Tower,0,0,0,0,0,0,0,20,0,20,0,0,20,0,20,24,0,24,44
06/07/2010,ADM,OK,ASW,CE,Federal Contract Tower,0,0,9,2,11,0,0,21,2,23,0,0,30,4,34,4,6,10,44
06/08/2010,ADM,OK,ASW,CE,Federal Contract Tower,0,0,1,0,1,0,0,22,0,22,0,0,23,0,23,22,0,22,45
06/09/2010,ADM,OK,ASW,CE,Federal Contract Tower,0,0,6,0,6,0,0,18,0,18,0,0,24,0,24,12,0,12,36
06/10/2010,ADM,OK,ASW,CE,Federal Contract Tower,0,0,0,0,0,0,0,17,0,17,0,0,17,0,17,2,0,2,19
06/11/2010,ADM,OK,ASW,CE,Federal Contract Tower,0,0,2,0,2,0,0,8,0,8,0,0,10,0,10,16,0,16,26
06/12/2010,ADM,OK,ASW,CE,Federal Contract Tower,0,0,1,0,1,0,0,17,0,17,0,0,18,0,18,5,0,5,23
06/13/2010,ADM,OK,ASW,CE,Federal Contract Tower,0,0,1,0,1,0,0,6,0,6,0,0,7,0,7,0,0,0,7
06/14/2010,ADM,OK,ASW,CE,Federal Contract Tower,0,0,2,0,2,0,0,7,0,7,0,0,9,0,9,0,0,0,9
06/15/2010,ADM,OK,ASW,CE,Federal Contract Tower,0,0,10,0,10,0,0,34,2,36,0,0,44,2,46,23,0,23,69
06/16/2010,ADM,OK,ASW,CE,Federal Contract Tower,0,0,8,0,8,0,0,42,2,44,0,0,50,2,52,10,0,10,62
06/17/2010,ADM,OK,ASW,CE,Federal Contract Tower,0,0,2,0,2,0,0,22,0,22,0,0,24,0,24,14,0,14,38
06/18/2010,ADM,OK,ASW,CE,Federal Contract Tower,0,0,2,10,12,0,0,7,1,8,0,0,9,11,20,10,10,20,40
06/19/2010,ADM,OK,ASW,CE,Federal Contract Tower,0,0,5,0,5,0,0,29,0,29,0,0,34,0,34,20,0,20,54
06/20/2010,ADM,OK,ASW,CE,Federal Contract Tower,0,0,1,0,1,0,0,9,0,9,0,0,10,0,10,10,0,10,20
06/21/2010,ADM,OK,ASW,CE,Federal Contract Tower,0,0,2,2,4,0,0,35,2,37,0,0,37,4,41,22,8,30,71
06/22/2010,ADM,OK,ASW,CE,Federal Contract Tower,0,0,1,4,5,0,0,33,5,38,0,0,34,9,43,42,24,66,109
06/23/2010,ADM,OK,ASW,CE,Federal Contract Tower,0,0,2,4,6,0,0,43,4,47,0,0,45,8,53,42,4,46,99
06/24/2010,ADM,OK,ASW,CE,Federal Contract Tower,0,0,3,2,5,0,0,33,2,35,0,0,36,4,40,13,4,17,57
06/25/2010,ADM,OK,ASW,CE,Federal Contract Tower,0,0,3,4,7,0,0,11,3,14,0,0,14,7,21,1,10,11,32
06/26/2010,ADM,OK,ASW,CE,Federal Contract Tower,0,0,3,0,3,0,0,13,0,13,0,0,16,0,16,0,0,0,16
06/27/2010,ADM,OK,ASW,CE,Federal Contract Tower,0,0,2,0,2,0,0,8,0,8,0,0,10,0,10,0,0,0,10
06/28/2010,ADM,OK,ASW,CE,Federal Contract Tower,0,0,5,0,5,0,0,21,0,21,0,0,26,0,26,14,0,14,40
06/29/2010,ADM,OK,ASW,CE,Federal Contract Tower,0,0,3,0,3,0,0,11,0,11,0,0,14,0,14,0,0,0,14
06/30/2010,ADM,OK,ASW,CE,Federal Contract Tower,0,0,6,16,22,0,0,36,14,50,0,0,42,30,72,10,14,24,96
07/01/2010,ADM,OK,ASW,CE,Federal Contract Tower,0,0,5,0,5,0,0,29,1,30,0,0,34,1,35,34,16,50,85
07/02/2010,ADM,OK,ASW,CE,Federal Contract Tower,0,0,6,0,6,0,0,15,0,15,0,0,21,0,21,12,0,12,33
07/03/2010,ADM,OK,ASW,CE,Federal Contract Tower,0,0,3,0,3,0,0,0,0,0,0,0,3,0,3,0,0,0,3
07/04/2010,ADM,OK,ASW,CE,Federal Contract Tower,0,0,0,0,0,0,0,6,0,6,0,0,6,0,6,20,0,20,26
07/05/2010,ADM,OK,ASW,CE,Federal Contract Tower,0,0,7,0,7,0,0,11,0,11,0,0,18,0,18,6,0,6,24
07/06/2010,ADM,OK,ASW,CE,Federal Contract Tower,0,0,6,2,8,0,0,20,2,22,0,0,26,4,30,0,4,4,34
07/07/2010,ADM,OK,ASW,CE,Federal Contract Tower,0,0,7,0,7,0,0,20,0,20,0,0,27,0,27,22,0,22,49
07/08/2010,ADM,OK,ASW,CE,Federal Contract Tower,0,0,4,0,4,0,0,7,0,7,0,0,11,0,11,0,0,0,11
07/09/2010,ADM,OK,ASW,CE,Federal Contract Tower,0,0,6,0,6,0,0,1,0,1,0,0,7,0,7,0,0,0,7
07/10/2010,ADM,OK,ASW,CE,Federal Contract Tower,0,0,7,0,7,0,0,7,0,7,0,0,14,0,14,4,0,4,18
07/11/2010,ADM,OK,ASW,CE,Federal Contract Tower,0,0,0,0,0,0,0,22,0,22,0,0,22,0,22,0,0,0,22
07/12/2010,ADM,OK,ASW,CE,Federal Contract Tower,0,0,1,0,1,0,0,33,0,33,0,0,34,0,34,26,0,26,60
07/13/2010,ADM,OK,ASW,CE,Federal Contract Tower,0,0,8,0,8,0,0,50,0,50,0,0,58,0,58,34,0,34,92
07/14/2010,ADM,OK,ASW,CE,Federal Contract Tower,0,0,13,2,15,0,0,64,2,66,0,0,77,4,81,62,0,62,143
07/15/2010,ADM,OK,ASW,CE,Federal Contract Tower,0,0,8,5,13,0,0,37,15,52,0,0,45,20,65,14,102,116,181
07/16/2010,ADM,OK,ASW,CE,Federal Contract Tower,0,0,5,0,5,0,0,38,4,42,0,0,43,4,47,24,22,46,93
07/17/2010,ADM,OK,ASW,CE,Federal Contract Tower,0,0,4,0,4,0,0,30,0,30,0,0,34,0,34,34,0,34,68
07/18/2010,ADM,OK,ASW,CE,Federal Contract Tower,0,0,2,0,2,0,0,15,0,15,0,0,17,0,17,34,0,34,51
07/19/2010,ADM,OK,ASW,CE,Federal Contract Tower,0,0,0,3,3,0,0,43,5,48,0,0,43,8,51,10,12,22,73
07/20/2010,ADM,OK,ASW,CE,Federal Contract Tower,0,0,5,3,8,0,0,42,3,45,0,0,47,6,53,39,10,49,102
07/21/2010,ADM,OK,ASW,CE,Federal Contract Tower,0,0,3,4,7,0,0,59,8,67,0,0,62,12,74,36,56,92,166
07/22/2010,ADM,OK,ASW,CE,Federal Contract Tower,0,0,4,0,4,0,0,28,0,28,0,0,32,0,32,34,0,34,66
07/23/2010,ADM,OK,ASW,CE,Federal Contract Tower,0,0,4,9,13,0,0,19,2,21,0,0,23,11,34,8,8,16,50
07/24/2010,ADM,OK,ASW,CE,Federal Contract Tower,0,0,3,0,3,0,0,22,0,22,0,0,25,0,25,4,0,4,29
07/25/2010,ADM,OK,ASW,CE,Federal Contract Tower,0,0,0,0,0,0,0,14,0,14,0,0,14,0,14,15,0,15,29
07/26/2010,ADM,OK,ASW,CE,Federal Contract Tower,0,0,7,7,14,0,0,23,8,31,0,0,30,15,45,16,61,77,122
07/27/2010,ADM,OK,ASW,CE,Federal Contract Tower,0,0,7,8,15,0,0,42,10,52,0,0,49,18,67,24,70,94,161
07/28/2010,ADM,OK,ASW,CE,Federal Contract Tower,0,0,10,0,10,0,0,27,0,27,0,0,37,0,37,0,0,0,37
07/29/2010,ADM,OK,ASW,CE,Federal Contract Tower,0,0,7,2,9,0,0,42,3,45,0,0,49,5,54,30,34,64,118
07/30/2010,ADM,OK,ASW,CE,Federal Contract Tower,0,0,2,2,4,0,0,31,19,50,0,0,33,21,54,22,8,30,84
07/31/2010,ADM,OK,ASW,CE,Federal Contract Tower,0,0,2,0,2,0,0,24,0,24,0,0,26,0,26,29,0,29,55
08/01/2010,ADM,OK,ASW,CE,Federal Contract Tower,0,0,3,0,3,0,0,12,0,12,0,0,15,0,15,48,0,48,63
08/02/2010,ADM,OK,ASW,CE,Federal Contract Tower,0,0,16,3,19,0,0,51,4,55,0,0,67,7,74,34,28,62,136
08/03/2010,ADM,OK,ASW,CE,Federal Contract Tower,0,0,3,0,3,0,0,34,0,34,0,0,37,0,37,13,0,13,50
08/04/2010,ADM,OK,ASW,CE,Federal Contract Tower,0,0,2,6,8,0,0,75,6,81,0,0,77,12,89,38,22,60,149
08/05/2010,ADM,OK,ASW,CE,Federal Contract Tower,0,0,2,6,8,0,0,28,8,36,0,0,30,14,44,30,14,44,88
08/06/2010,ADM,OK,ASW,CE,Federal Contract Tower,0,0,15,6,21,0,0,59,9,68,0,0,74,15,89,52,32,84,173
08/07/2010,ADM,OK,ASW,CE,Federal Contract Tower,0,0,0,0,0,0,0,14,2,16,0,0,14,2,16,5,2,7,23
08/08/2010,ADM,OK,ASW,CE,Federal Contract Tower,0,0,6,0,6,0,0,21,0,21,0,0,27,0,27,6,0,6,33
08/09/2010,ADM,OK,ASW,CE,Federal Contract Tower,0,0,1,2,3,0,0,31,4,35,0,0,32,6,38,46,19,65,103
08/10/2010,ADM,OK,ASW,CE,Federal Contract Tower,0,0,13,5,18,0,0,58,5,63,0,0,71,10,81,23,16,39,120
08/11/2010,ADM,OK,ASW,CE,Federal Contract Tower,0,0,1,0,1,0,0,42,4,46,0,0,43,4,47,28,8,36,83
08/12/2010,ADM,OK,ASW,CE,Federal Contract Tower,0,0,8,0,8,0,0,51,1,52,0,0,59,1,60,35,2,37,97
08/13/2010,ADM,OK,ASW,CE,Federal Contract Tower,0,0,1,8,9,0,0,39,11,50,0,0,40,19,59,18,98,116,175
08/14/2010,ADM,OK,ASW,CE,Federal Contract Tower,0,0,1,0,1,0,0,91,0,91,0,0,92,0,92,41,0,41,133
08/15/2010,ADM,OK,ASW,CE,Federal Contract Tower,0,0,0,0,0,0,0,46,0,46,0,0,46,0,46,31,0,31,77
08/16/2010,ADM,OK,ASW,CE,Federal Contract Tower,0,0,0,0,0,28,0,0,0,28,28,0,0,0,28,46,0,46,74
08/17/2010,ADM,OK,ASW,CE,Federal Contract Tower,0,0,1,4,5,0,0,9,7,16,0,0,10,11,21,4,42,46,67
08/18/2010,ADM,OK,ASW,CE,Federal Contract Tower,0,0,7,4,11,0,0,48,8,56,0,0,55,12,67,14,12,26,93
08/19/2010,ADM,OK,ASW,CE,Federal Contract Tower,0,0,13,2,15,0,0,55,2,57,0,0,68,4,72,32,0,32,104
08/20/2010,ADM,OK,ASW,CE,Federal Contract Tower,0,0,9,1,10,0,0,47,7,54,0,0,56,8,64,42,20,62,126
08/21/2010,ADM,OK,ASW,CE,Federal Contract Tower,0,0,3,0,3,0,0,14,0,14,0,0,17,0,17,5,0,5,22
08/22/2010,ADM,OK,ASW,CE,Federal Contract Tower,0,0,0,0,0,0,0,9,0,9,0,0,9,0,9,7,0,7,16
08/23/2010,ADM,OK,ASW,CE,Federal Contract Tower,0,0,0,0,0,0,0,25,2,27,0,0,25,2,27,10,6,16,43
08/24/2010,ADM,OK,ASW,CE,Federal Contract Tower,0,0,3,0,3,0,0,4,0,4,0,0,7,0,7,0,0,0,7
08/25/2010,ADM,OK,ASW,CE,Federal Contract Tower,0,0,4,8,12,0,0,33,4,37,0,0,37,12,49,22,8,30,79
08/26/2010,ADM,OK,ASW,CE,Federal Contract Tower,0,0,9,2,11,0,0,41,2,43,0,0,50,4,54,50,0,50,104
08/27/2010,ADM,OK,ASW,CE,Federal Contract Tower,0,0,6,0,6,0,0,36,2,38,0,0,42,2,44,46,4,50,94
08/28/2010,ADM,OK,ASW,CE,Federal Contract Tower,0,0,3,0,3,0,0,22,0,22,0,0,25,0,25,22,0,22,47
08/29/2010,ADM,OK,ASW,CE,Federal Contract Tower,0,0,1,0,1,0,0,9,1,10,0,0,10,1,11,16,2,18,29
08/30/2010,ADM,OK,ASW,CE,Federal Contract Tower,0,0,4,0,4,0,0,14,0,14,0,0,18,0,18,27,0,27,45
08/31/2010,ADM,OK,ASW,CE,Federal Contract Tower,0,0,3,4,7,0,0,10,4,14,0,0,13,8,21,6,0,6,27
09/01/2010,ADM,OK,ASW,CE,Federal Contract Tower,0,0,3,0,3,0,0,3,0,3,0,0,6,0,6,0,0,0,6
09/02/2010,ADM,OK,ASW,CE,Federal Contract Tower,0,0,27,4,31,0,0,59,4,63,0,0,86,8,94,30,0,30,124
09/03/2010,ADM,OK,ASW,CE,Federal Contract Tower,0,0,10,0,10,0,0,29,2,31,0,0,39,2,41,30,8,38,79
09/04/2010,ADM,OK,ASW,CE,Federal Contract Tower,0,0,4,0,4,0,0,33,0,33,0,0,37,0,37,5,0,5,42
09/05/2010,ADM,OK,ASW,CE,Federal Contract Tower,0,0,0,0,0,0,0,8,0,8,0,0,8,0,8,7,0,7,15
09/06/2010,ADM,OK,ASW,CE,Federal Contract Tower,0,0,5,0,5,0,0,20,0,20,0,0,25,0,25,10,0,10,35
09/07/2010,ADM,OK,ASW,CE,Federal Contract Tower,0,0,0,0,0,0,0,1,0,1,0,0,1,0,1,0,0,0,1
09/08/2010,ADM,OK,ASW,CE,Federal Contract Tower,0,0,6,0,6,0,0,6,0,6,0,0,12,0,12,0,0,0,12
09/09/2010,ADM,OK,ASW,CE,Federal Contract Tower,0,0,9,0,9,0,0,11,0,11,0,0,20,0,20,2,10,12,32
09/10/2010,ADM,OK,ASW,CE,Federal Contract Tower,0,0,8,2,10,0,0,19,2,21,0,0,27,4,31,16,0,16,47
09/11/2010,ADM,OK,ASW,CE,Federal Contract Tower,0,0,2,0,2,0,0,40,0,40,0,0,42,0,42,26,0,26,68
09/12/2010,ADM,OK,ASW,CE,Federal Contract Tower,0,0,1,0,1,0,0,6,0,6,0,0,7,0,7,0,0,0,7
09/13/2010,ADM,OK,ASW,CE,Federal Contract Tower,0,0,2,0,2,0,0,26,0,26,0,0,28,0,28,4,0,4,32
09/14/2010,ADM,OK,ASW,CE,Federal Contract Tower,0,0,1,3,4,0,0,15,2,17,0,0,16,5,21,2,0,2,23
09/15/2010,ADM,OK,ASW,CE,Federal Contract Tower,0,0,2,0,2,0,0,35,0,35,0,0,37,0,37,18,0,18,55
09/16/2010,ADM,OK,ASW,CE,Federal Contract Tower,0,0,5,4,9,0,0,26,5,31,0,0,31,9,40,26,8,34,74
09/17/2010,ADM,OK,ASW,CE,Federal Contract Tower,0,0,2,6,8,0,0,21,6,27,0,0,23,12,35,14,0,14,49
09/18/2010,ADM,OK,ASW,CE,Federal Contract Tower,0,0,0,0,0,0,0,29,2,31,0,0,29,2,31,11,0,11,42
09/19/2010,ADM,OK,ASW,CE,Federal Contract Tower,0,0,0,0,0,0,0,11,0,11,0,0,11,0,11,8,0,8,19
09/20/2010,ADM,OK,ASW,CE,Federal Contract Tower,0,0,0,1,1,0,0,32,2,34,0,0,32,3,35,20,0,20,55
09/21/2010,ADM,OK,ASW,CE,Federal Contract Tower,0,0,2,4,6,0,0,10,6,16,0,0,12,10,22,10,12,22,44
09/22/2010,ADM,OK,ASW,CE,Federal Contract Tower,0,0,19,5,24,0,0,0,0,0,0,0,19,5,24,2,10,12,36
09/23/2010,ADM,OK,ASW,CE,Federal Contract Tower,0,0,5,2,7,0,0,12,2,14,0,0,17,4,21,8,24,32,53
09/24/2010,ADM,OK,ASW,CE,Federal Contract Tower,0,0,2,4,6,0,0,3,1,4,0,0,5,5,10,0,5,5,15
09/25/2010,ADM,OK,ASW,CE,Federal Contract Tower,0,0,18,0,18,0,0,24,0,24,0,0,42,0,42,27,0,27,69
09/26/2010,ADM,OK,ASW,CE,Federal Contract Tower,0,0,0,12,12,0,0,4,2,6,0,0,4,14,18,10,12,22,40
09/27/2010,ADM,OK,ASW,CE,Federal Contract Tower,0,0,4,0,4,0,0,44,0,44,0,0,48,0,48,58,0,58,106
09/28/2010,ADM,OK,ASW,CE,Federal Contract Tower,0,0,6,0,6,0,0,30,3,33,0,0,36,3,39,16,54,70,109
09/29/2010,ADM,OK,ASW,CE,Federal Contract Tower,0,0,9,0,9,0,0,37,1,38,0,0,46,1,47,34,0,34,81
09/30/2010,ADM,OK,ASW,CE,Federal Contract Tower,0,0,8,0,8,0,0,0,0,0,0,0,8,0,8,5,0,5,13
10/01/2010,ADM,OK,ASW,CE,Federal Contract Tower,0,0,6,4,10,0,0,40,4,44,0,0,46,8,54,56,18,74,128
10/02/2010,ADM,OK,ASW,CE,Federal Contract Tower,0,0,2,0,2,0,0,20,0,20,0,0,22,0,22,16,0,16,38
10/03/2010,ADM,OK,ASW,CE,Federal Contract Tower,0,0,2,0,2,0,0,18,0,18,0,0,20,0,20,15,0,15,35
10/04/2010,ADM,OK,ASW,CE,Federal Contract Tower,0,0,2,2,4,0,0,27,2,29,0,0,29,4,33,40,22,62,95
10/05/2010,ADM,OK,ASW,CE,Federal Contract Tower,0,0,1,0,1,0,0,35,0,35,0,0,36,0,36,30,0,30,66
10/06/2010,ADM,OK,ASW,CE,Federal Contract Tower,0,0,1,0,1,0,0,34,0,34,0,0,35,0,35,62,0,62,97
10/07/2010,ADM,OK,ASW,CE,Federal Contract Tower,0,0,9,2,11,0,0,51,2,53,0,0,60,4,64,59,10,69,133
10/08/2010,ADM,OK,ASW,CE,Federal Contract Tower,0,0,0,0,0,0,0,18,0,18,0,0,18,0,18,19,0,19,37
10/09/2010,ADM,OK,ASW,CE,Federal Contract Tower,0,0,0,0,0,0,0,54,0,54,0,0,54,0,54,31,0,31,85
10/10/2010,ADM,OK,ASW,CE,Federal Contract Tower,0,0,0,0,0,0,0,6,0,6,0,0,6,0,6,12,0,12,18
10/11/2010,ADM,OK,ASW,CE,Federal Contract Tower,0,0,2,0,2,0,0,11,0,11,0,0,13,0,13,23,0,23,36
10/12/2010,ADM,OK,ASW,CE,Federal Contract Tower,0,0,1,0,1,0,0,25,0,25,0,0,26,0,26,16,0,16,42
10/13/2010,ADM,OK,ASW,CE,Federal Contract Tower,0,0,0,0,0,0,0,43,0,43,0,0,43,0,43,47,0,47,90
10/14/2010,ADM,OK,ASW,CE,Federal Contract Tower,0,0,6,0,6,0,0,27,0,27,0,0,33,0,33,26,0,26,59
10/15/2010,ADM,OK,ASW,CE,Federal Contract Tower,0,0,3,0,3,0,0,35,1,36,0,0,38,1,39,40,8,48,87
10/16/2010,ADM,OK,ASW,CE,Federal Contract Tower,0,0,2,0,2,0,0,19,0,19,0,0,21,0,21,20,0,20,41
10/17/2010,ADM,OK,ASW,CE,Federal Contract Tower,0,0,6,0,6,0,0,26,0,26,0,0,32,0,32,10,0,10,42
10/18/2010,ADM,OK,ASW,CE,Federal Contract Tower,0,0,7,0,7,0,0,28,0,28,0,0,35,0,35,16,0,16,51
10/19/2010,ADM,OK,ASW,CE,Federal Contract Tower,0,0,6,0,6,0,0,9,0,9,0,0,15,0,15,2,0,2,17
10/20/2010,ADM,OK,ASW,CE,Federal Contract Tower,0,0,2,0,2,0,0,12,0,12,0,0,14,0,14,30,0,30,44
10/21/2010,ADM,OK,ASW,CE,Federal Contract Tower,0,0,5,0,5,0,0,21,0,21,0,0,26,0,26,20,0,20,46
10/22/2010,ADM,OK,ASW,CE,Federal Contract Tower,0,0,0,0,0,0,0,2,0,2,0,0,2,0,2,0,0,0,2
10/23/2010,ADM,OK,ASW,CE,Federal Contract Tower,0,0,0,0,0,0,0,2,0,2,0,0,2,0,2,2,0,2,4
10/24/2010,ADM,OK,ASW,CE,Federal Contract Tower,0,0,10,0,10,0,0,16,1,17,0,0,26,1,27,10,6,16,43
10/25/2010,ADM,OK,ASW,CE,Federal Contract Tower,0,0,8,0,8,0,0,24,6,30,0,0,32,6,38,12,0,12,50
10/26/2010,ADM,OK,ASW,CE,Federal Contract Tower,0,0,8,0,8,0,0,38,1,39,0,0,46,1,47,32,0,32,79
10/27/2010,ADM,OK,ASW,CE,Federal Contract Tower,0,0,6,0,6,0,0,53,0,53,0,0,59,0,59,44,0,44,103
10/28/2010,ADM,OK,ASW,CE,Federal Contract Tower,0,0,8,0,8,0,0,40,0,40,0,0,48,0,48,25,0,25,73
10/29/2010,ADM,OK,ASW,CE,Federal Contract Tower,0,0,1,11,12,0,0,30,10,40,0,0,31,21,52,22,18,40,92
10/30/2010,ADM,OK,ASW,CE,Federal Contract Tower,0,0,0,0,0,0,0,12,0,12,0,0,12,0,12,0,0,0,12
10/31/2010,ADM,OK,ASW,CE,Federal Contract Tower,0,0,1,0,1,0,0,6,0,6,0,0,7,0,7,6,0,6,13
11/01/2010,ADM,OK,ASW,CE,Federal Contract Tower,0,0,7,1,8,0,0,36,6,42,0,0,43,7,50,36,6,42,92
11/02/2010,ADM,OK,ASW,CE,Federal Contract Tower,0,0,7,0,7,0,0,16,0,16,0,0,23,0,23,2,0,2,25
11/03/2010,ADM,OK,ASW,CE,Federal Contract Tower,0,0,11,0,11,0,0,34,0,34,0,0,45,0,45,50,0,50,95
11/04/2010,ADM,OK,ASW,CE,Federal Contract Tower,0,0,16,0,16,0,0,44,0,44,0,0,60,0,60,28,0,28,88
11/05/2010,ADM,OK,ASW,CE,Federal Contract Tower,0,0,3,0,3,0,0,37,0,37,0,0,40,0,40,45,0,45,85
11/06/2010,ADM,OK,ASW,CE,Federal Contract Tower,0,0,2,1,3,0,0,23,1,24,0,0,25,2,27,14,2,16,43
11/07/2010,ADM,OK,ASW,CE,Federal Contract Tower,0,0,6,0,6,0,0,16,0,16,0,0,22,0,22,6,0,6,28
11/08/2010,ADM,OK,ASW,CE,Federal Contract Tower,0,0,9,0,9,0,0,29,0,29,0,0,38,0,38,18,0,18,56
11/09/2010,ADM,OK,ASW,CE,Federal Contract Tower,0,0,6,0,6,0,0,8,0,8,0,0,14,0,14,3,0,3,17
11/10/2010,ADM,OK,ASW,CE,Federal Contract Tower,0,0,5,0,5,0,0,27,0,27,0,0,32,0,32,2,0,2,34
11/11/2010,ADM,OK,ASW,CE,Federal Contract Tower,0,0,8,0,8,0,0,11,0,11,0,0,19,0,19,10,0,10,29
11/12/2010,ADM,OK,ASW,CE,Federal Contract Tower,0,0,7,0,7,0,0,6,0,6,0,0,13,0,13,2,0,2,15
11/13/2010,ADM,OK,ASW,CE,Federal Contract Tower,0,0,8,0,8,0,0,30,0,30,0,0,38,0,38,12,0,12,50
11/14/2010,ADM,OK,ASW,CE,Federal Contract Tower,0,0,2,0,2,0,0,19,0,19,0,0,21,0,21,9,0,9,30
11/15/2010,ADM,OK,ASW,CE,Federal Contract Tower,0,0,20,0,20,0,0,46,0,46,0,0,66,0,66,28,0,28,94
11/16/2010,ADM,OK,ASW,CE,Federal Contract Tower,0,0,14,0,14,0,0,32,0,32,0,0,46,0,46,38,0,38,84
11/17/2010,ADM,OK,ASW,CE,Federal Contract Tower,0,0,26,15,41,0,0,65,20,85,0,0,91,35,126,26,10,36,162
11/18/2010,ADM,OK,ASW,CE,Federal Contract Tower,0,0,20,1,21,0,0,48,1,49,0,0,68,2,70,38,2,40,110
11/19/2010,ADM,OK,ASW,CE,Federal Contract Tower,0,0,5,0,5,0,0,21,0,21,0,0,26,0,26,14,0,14,40
11/20/2010,ADM,OK,ASW,CE,Federal Contract Tower,0,0,2,0,2,0,0,9,0,9,0,0,11,0,11,4,0,4,15
11/21/2010,ADM,OK,ASW,CE,Federal Contract Tower,0,0,4,0,4,0,0,6,0,6,0,0,10,0,10,2,0,2,12
11/22/2010,ADM,OK,ASW,CE,Federal Contract Tower,0,0,8,0,8,0,0,12,0,12,0,0,20,0,20,7,0,7,27
11/23/2010,ADM,OK,ASW,CE,Federal Contract Tower,0,0,5,2,7,0,0,44,2,46,0,0,49,4,53,74,8,82,135
11/24/2010,ADM,OK,ASW,CE,Federal Contract Tower,0,0,4,0,4,0,0,9,0,9,0,0,13,0,13,4,0,4,17
11/25/2010,ADM,OK,ASW,CE,Federal Contract Tower,0,0,6,0,6,0,0,6,0,6,0,0,12,0,12,0,0,0,12
11/26/2010,ADM,OK,ASW,CE,Federal Contract Tower,0,0,3,0,3,0,0,19,0,19,0,0,22,0,22,6,0,6,28
11/27/2010,ADM,OK,ASW,CE,Federal Contract Tower,0,0,4,0,4,0,0,20,0,20,0,0,24,0,24,14,0,14,38
11/28/2010,ADM,OK,ASW,CE,Federal Contract Tower,0,0,0,0,0,0,0,14,0,14,0,0,14,0,14,4,0,4,18
11/29/2010,ADM,OK,ASW,CE,Federal Contract Tower,0,0,4,0,4,0,0,40,0,40,0,0,44,0,44,75,0,75,119
11/30/2010,ADM,OK,ASW,CE,Federal Contract Tower,0,0,12,6,18,0,0,32,6,38,0,0,44,12,56,10,0,10,66
12/01/2010,ADM,OK,ASW,CE,Federal Contract Tower,0,0,5,7,12,0,0,39,1,40,0,0,44,8,52,40,7,47,99
12/02/2010,ADM,OK,ASW,CE,Federal Contract Tower,0,0,15,3,18,0,0,23,7,30,0,0,38,10,48,46,6,52,100
12/03/2010,ADM,OK,ASW,CE,Federal Contract Tower,0,0,4,0,4,0,0,38,0,38,0,0,42,0,42,67,0,67,109
12/04/2010,ADM,OK,ASW,CE,Federal Contract Tower,0,0,1,0,1,0,0,7,0,7,0,0,8,0,8,17,0,17,25
12/05/2010,ADM,OK,ASW,CE,Federal Contract Tower,0,0,0,0,0,0,0,9,0,9,0,0,9,0,9,32,0,32,41
12/06/2010,ADM,OK,ASW,CE,Federal Contract Tower,0,0,10,0,10,0,0,49,0,49,0,0,59,0,59,56,0,56,115
12/07/2010,ADM,OK,ASW,CE,Federal Contract Tower,0,0,2,6,8,0,0,34,2,36,0,0,36,8,44,34,2,36,80
12/08/2010,ADM,OK,ASW,CE,Federal Contract Tower,0,0,14,7,21,0,0,28,11,39,0,0,42,18,60,8,14,22,82
12/09/2010,ADM,OK,ASW,CE,Federal Contract Tower,0,0,5,0,5,0,0,12,0,12,0,0,17,0,17,29,0,29,46
12/10/2010,ADM,OK,ASW,CE,Federal Contract Tower,0,0,9,3,12,0,0,12,1,13,0,0,21,4,25,2,33,35,60
12/11/2010,ADM,OK,ASW,CE,Federal Contract Tower,0,0,8,0,8,0,0,9,0,9,0,0,17,0,17,16,0,16,33
12/12/2010,ADM,OK,ASW,CE,Federal Contract Tower,0,0,2,2,4,0,0,11,0,11,0,0,13,2,15,6,2,8,23
12/13/2010,ADM,OK,ASW,CE,Federal Contract Tower,0,0,4,0,4,0,0,21,0,21,0,0,25,0,25,24,0,24,49
12/14/2010,ADM,OK,ASW,CE,Federal Contract Tower,0,0,6,0,6,0,0,40,3,43,0,0,46,3,49,32,0,32,81
12/15/2010,ADM,OK,ASW,CE,Federal Contract Tower,0,0,4,4,8,0,0,6,2,8,0,0,10,6,16,8,0,8,24
12/16/2010,ADM,OK,ASW,CE,Federal Contract Tower,0,0,11,3,14,0,0,29,0,29,0,0,40,3,43,20,14,34,77
12/17/2010,ADM,OK,ASW,CE,Federal Contract Tower,0,0,2,7,9,0,0,2,0,2,0,0,4,7,11,2,7,9,20
12/18/2010,ADM,OK,ASW,CE,Federal Contract Tower,0,0,0,0,0,0,0,7,0,7,0,0,7,0,7,10,0,10,17
12/19/2010,ADM,OK,ASW,CE,Federal Contract Tower,0,0,1,0,1,0,0,10,0,10,0,0,11,0,11,19,0,19,30
12/20/2010,ADM,OK,ASW,CE,Federal Contract Tower,0,0,0,5,5,0,0,9,2,11,0,0,9,7,16,2,31,33,49
12/21/2010,ADM,OK,ASW,CE,Federal Contract Tower,0,0,8,1,9,0,0,25,0,25,0,0,33,1,34,34,2,36,70
12/22/2010,ADM,OK,ASW,CE,Federal Contract Tower,0,0,5,8,13,0,0,19,2,21,0,0,24,10,34,6,0,6,40
12/23/2010,ADM,OK,ASW,CE,Federal Contract Tower,0,0,6,0,6,0,4,1,0,5,0,4,7,0,11,14,0,14,25
12/24/2010,ADM,OK,ASW,CE,Federal Contract Tower,0,0,3,0,3,0,0,1,0,1,0,0,4,0,4,0,0,0,4
12/25/2010,ADM,OK,ASW,CE,Federal Contract Tower,0,0,0,0,0,0,0,0,0,0,0,0,0,0,0,0,0,0,0
12/26/2010,ADM,OK,ASW,CE,Federal Contract Tower,0,0,5,0,5,0,0,8,0,8,0,0,13,0,13,6,0,6,19
12/27/2010,ADM,OK,ASW,CE,Federal Contract Tower,0,0,6,0,6,0,0,17,0,17,0,0,23,0,23,14,0,14,37
12/28/2010,ADM,OK,ASW,CE,Federal Contract Tower,0,0,3,0,3,0,0,0,0,0,0,0,3,0,3,0,0,0,3
12/29/2010,ADM,OK,ASW,CE,Federal Contract Tower,0,0,6,0,6,0,0,4,0,4,0,0,10,0,10,0,0,0,10
12/30/2010,ADM,OK,ASW,CE,Federal Contract Tower,0,0,3,0,3,0,0,5,0,5,0,0,8,0,8,0,0,0,8
12/31/2010,ADM,OK,ASW,CE,Federal Contract Tower,0,0,6,0,6,0,0,1,0,1,0,0,7,0,7,6,0,6,13
01/01/2011,ADM,OK,ASW,CE,Federal Contract Tower,0,0,3,0,3,0,0,7,0,7,0,0,10,0,10,18,0,18,28
01/02/2011,ADM,OK,ASW,CE,Federal Contract Tower,0,0,1,0,1,0,0,16,0,16,0,0,17,0,17,38,0,38,55
01/03/2011,ADM,OK,ASW,CE,Federal Contract Tower,0,0,9,0,9,0,0,17,2,19,0,0,26,2,28,24,0,24,52
01/04/2011,ADM,OK,ASW,CE,Federal Contract Tower,0,0,10,2,12,0,0,16,2,18,0,0,26,4,30,4,22,26,56
01/05/2011,ADM,OK,ASW,CE,Federal Contract Tower,0,0,14,10,24,0,0,14,0,14,0,0,28,10,38,2,0,2,40
01/06/2011,ADM,OK,ASW,CE,Federal Contract Tower,0,0,12,0,12,0,0,28,2,30,0,0,40,2,42,54,0,54,96
01/07/2011,ADM,OK,ASW,CE,Federal Contract Tower,0,0,7,2,9,0,0,20,0,20,0,0,27,2,29,27,2,29,58
01/08/2011,ADM,OK,ASW,CE,Federal Contract Tower,0,0,2,0,2,0,0,48,0,48,0,0,50,0,50,14,0,14,64
01/09/2011,ADM,OK,ASW,CE,Federal Contract Tower,0,0,0,0,0,0,0,0,0,0,0,0,0,0,0,0,0,0,0
01/10/2011,ADM,OK,ASW,CE,Federal Contract Tower,0,0,0,0,0,0,0,0,0,0,0,0,0,0,0,0,0,0,0
01/11/2011,ADM,OK,ASW,CE,Federal Contract Tower,0,0,8,0,8,0,0,17,0,17,0,0,25,0,25,1,0,1,26
01/12/2011,ADM,OK,ASW,CE,Federal Contract Tower,0,0,7,7,14,0,0,22,5,27,0,0,29,12,41,2,10,12,53
01/13/2011,ADM,OK,ASW,CE,Federal Contract Tower,0,0,10,0,10,0,0,21,0,21,0,0,31,0,31,12,0,12,43
01/14/2011,ADM,OK,ASW,CE,Federal Contract Tower,0,0,8,0,8,0,0,23,0,23,0,0,31,0,31,26,0,26,57
01/15/2011,ADM,OK,ASW,CE,Federal Contract Tower,0,0,7,0,7,0,0,13,0,13,0,0,20,0,20,10,0,10,30
01/16/2011,ADM,OK,ASW,CE,Federal Contract Tower,0,0,0,0,0,0,0,6,0,6,0,0,6,0,6,0,0,0,6
01/17/2011,ADM,OK,ASW,CE,Federal Contract Tower,0,0,7,0,7,0,0,6,0,6,0,0,13,0,13,24,0,24,37
01/18/2011,ADM,OK,ASW,CE,Federal Contract Tower,0,0,4,6,10,0,0,20,0,20,0,0,24,6,30,0,0,0,30
01/19/2011,ADM,OK,ASW,CE,Federal Contract Tower,0,0,10,16,26,0,0,45,11,56,0,0,55,27,82,44,132,176,258
01/20/2011,ADM,OK,ASW,CE,Federal Contract Tower,0,0,10,0,10,0,0,1,0,1,0,0,11,0,11,2,0,2,13
01/21/2011,ADM,OK,ASW,CE,Federal Contract Tower,0,0,5,0,5,0,0,25,2,27,0,0,30,2,32,16,0,16,48
01/22/2011,ADM,OK,ASW,CE,Federal Contract Tower,0,0,0,1,1,0,0,44,1,45,0,0,44,2,46,10,0,10,56
01/23/2011,ADM,OK,ASW,CE,Federal Contract Tower,0,0,4,2,6,0,0,22,2,24,0,0,26,4,30,18,13,31,61
01/24/2011,ADM,OK,ASW,CE,Federal Contract Tower,0,0,6,4,10,0,0,39,1,40,0,0,45,5,50,0,20,20,70
01/25/2011,ADM,OK,ASW,CE,Federal Contract Tower,0,0,3,0,3,0,0,35,4,39,0,0,38,4,42,22,0,22,64
01/26/2011,ADM,OK,ASW,CE,Federal Contract Tower,0,0,9,0,9,0,0,39,0,39,0,0,48,0,48,50,0,50,98
01/27/2011,ADM,OK,ASW,CE,Federal Contract Tower,0,0,16,2,18,0,0,30,0,30,0,0,46,2,48,29,2,31,79
01/28/2011,ADM,OK,ASW,CE,Federal Contract Tower,0,0,9,6,15,0,0,36,0,36,0,0,45,6,51,40,36,76,127
01/29/2011,ADM,OK,ASW,CE,Federal Contract Tower,0,0,1,0,1,0,0,28,0,28,0,0,29,0,29,48,0,48,77
01/30/2011,ADM,OK,ASW,CE,Federal Contract Tower,0,0,2,0,2,0,0,3,0,3,0,0,5,0,5,6,0,6,11
01/31/2011,ADM,OK,ASW,CE,Federal Contract Tower,0,0,7,2,9,0,0,0,0,0,0,0,7,2,9,0,0,0,9
02/01/2011,ADM,OK,ASW,CE,Federal Contract Tower,0,0,0,0,0,0,0,0,0,0,0,0,0,0,0,0,0,0,0
02/02/2011,ADM,OK,ASW,CE,Federal Contract Tower,0,0,0,0,0,0,0,0,0,0,0,0,0,0,0,0,0,0,0
02/03/2011,ADM,OK,ASW,CE,Federal Contract Tower,0,0,0,0,0,0,0,0,0,0,0,0,0,0,0,0,0,0,0
02/04/2011,ADM,OK,ASW,CE,Federal Contract Tower,0,0,0,0,0,0,0,0,0,0,0,0,0,0,0,0,0,0,0
02/05/2011,ADM,OK,ASW,CE,Federal Contract Tower,0,0,0,0,0,0,0,2,0,2,0,0,2,0,2,0,0,0,2
02/06/2011,ADM,OK,ASW,CE,Federal Contract Tower,0,0,0,0,0,0,0,2,0,2,0,0,2,0,2,0,0,0,2
02/07/2011,ADM,OK,ASW,CE,Federal Contract Tower,0,0,5,0,5,0,0,25,0,25,0,0,30,0,30,28,0,28,58
02/08/2011,ADM,OK,ASW,CE,Federal Contract Tower,0,0,12,0,12,0,0,13,0,13,0,0,25,0,25,16,0,16,41
02/09/2011,ADM,OK,ASW,CE,Federal Contract Tower,0,0,0,0,0,0,0,0,0,0,0,0,0,0,0,0,0,0,0
02/10/2011,ADM,OK,ASW,CE,Federal Contract Tower,0,0,10,0,10,0,0,7,0,7,0,0,17,0,17,12,0,12,29
02/11/2011,ADM,OK,ASW,CE,Federal Contract Tower,0,0,5,0,5,0,0,20,0,20,0,0,25,0,25,22,0,22,47
02/12/2011,ADM,OK,ASW,CE,Federal Contract Tower,0,0,2,0,2,0,0,60,0,60,0,0,62,0,62,22,0,22,84
02/13/2011,ADM,OK,ASW,CE,Federal Contract Tower,0,0,3,0,3,0,0,18,0,18,0,0,21,0,21,16,0,16,37
02/14/2011,ADM,OK,ASW,CE,Federal Contract Tower,0,0,13,8,21,0,0,38,0,38,0,0,51,8,59,28,0,28,87
02/15/2011,ADM,OK,ASW,CE,Federal Contract Tower,0,0,14,0,14,0,0,23,0,23,0,0,37,0,37,2,0,2,39
02/16/2011,ADM,OK,ASW,CE,Federal Contract Tower,0,0,8,0,8,0,0,13,2,15,0,0,21,2,23,11,0,11,34
02/17/2011,ADM,OK,ASW,CE,Federal Contract Tower,0,0,15,2,17,0,0,22,2,24,0,0,37,4,41,28,4,32,73
02/18/2011,ADM,OK,ASW,CE,Federal Contract Tower,0,0,6,0,6,0,0,15,0,15,0,0,21,0,21,36,0,36,57
02/19/2011,ADM,OK,ASW,CE,Federal Contract Tower,0,0,1,0,1,0,0,16,0,16,0,0,17,0,17,8,0,8,25
02/20/2011,ADM,OK,ASW,CE,Federal Contract Tower,0,0,2,0,2,0,0,3,0,3,0,0,5,0,5,0,0,0,5
02/21/2011,ADM,OK,ASW,CE,Federal Contract Tower,0,0,7,0,7,0,0,17,0,17,0,0,24,0,24,26,0,26,50
02/22/2011,ADM,OK,ASW,CE,Federal Contract Tower,0,0,8,0,8,0,0,44,0,44,0,0,52,0,52,48,0,48,100
02/23/2011,ADM,OK,ASW,CE,Federal Contract Tower,0,0,10,0,10,0,0,10,0,10,0,0,20,0,20,0,0,0,20
02/24/2011,ADM,OK,ASW,CE,Federal Contract Tower,0,0,7,0,7,0,0,7,2,9,0,0,14,2,16,4,6,10,26
02/25/2011,ADM,OK,ASW,CE,Federal Contract Tower,0,0,6,4,10,0,0,13,4,17,0,0,19,8,27,18,24,42,69
02/26/2011,ADM,OK,ASW,CE,Federal Contract Tower,0,0,3,0,3,0,0,21,0,21,0,0,24,0,24,6,0,6,30
02/27/2011,ADM,OK,ASW,CE,Federal Contract Tower,0,0,2,0,2,0,0,0,0,0,0,0,2,0,2,0,0,0,2
02/28/2011,ADM,OK,ASW,CE,Federal Contract Tower,0,0,12,0,12,0,0,18,0,18,0,0,30,0,30,12,0,12,42
03/01/2011,ADM,OK,ASW,CE,Federal Contract Tower,0,0,8,0,8,0,0,38,0,38,0,0,46,0,46,25,0,25,71
03/02/2011,ADM,OK,ASW,CE,Federal Contract Tower,0,0,2,0,2,0,0,42,0,42,0,0,44,0,44,82,0,82,126
03/03/2011,ADM,OK,ASW,CE,Federal Contract Tower,0,0,10,0,10,0,0,22,0,22,0,0,32,0,32,34,0,34,66
03/04/2011,ADM,OK,ASW,CE,Federal Contract Tower,0,0,9,0,9,0,0,4,0,4,0,0,13,0,13,8,0,8,21
03/05/2011,ADM,OK,ASW,CE,Federal Contract Tower,0,0,4,0,4,0,0,1,0,1,0,0,5,0,5,0,0,0,5
03/06/2011,ADM,OK,ASW,CE,Federal Contract Tower,0,0,3,0,3,0,0,19,0,19,0,0,22,0,22,19,0,19,41
03/07/2011,ADM,OK,ASW,CE,Federal Contract Tower,0,0,9,0,9,0,0,13,0,13,0,0,22,0,22,0,0,0,22
03/08/2011,ADM,OK,ASW,CE,Federal Contract Tower,0,0,3,10,13,0,0,8,0,8,0,0,11,10,21,23,0,23,44
03/09/2011,ADM,OK,ASW,CE,Federal Contract Tower,0,0,21,0,21,0,0,27,0,27,0,0,48,0,48,44,0,44,92
03/10/2011,ADM,OK,ASW,CE,Federal Contract Tower,0,0,24,0,24,0,0,27,0,27,0,0,51,0,51,30,0,30,81
03/11/2011,ADM,OK,ASW,CE,Federal Contract Tower,0,0,16,0,16,0,0,16,0,16,0,0,32,0,32,22,0,22,54
03/12/2011,ADM,OK,ASW,CE,Federal Contract Tower,0,0,3,0,3,0,0,64,0,64,0,0,67,0,67,34,0,34,101
03/13/2011,ADM,OK,ASW,CE,Federal Contract Tower,0,0,6,0,6,0,0,1,0,1,0,0,7,0,7,0,0,0,7
03/14/2011,ADM,OK,ASW,CE,Federal Contract Tower,0,0,8,4,12,0,0,11,1,12,0,0,19,5,24,44,2,46,70
03/15/2011,ADM,OK,ASW,CE,Federal Contract Tower,0,0,11,0,11,0,0,33,2,35,0,0,44,2,46,28,0,28,74
03/16/2011,ADM,OK,ASW,CE,Federal Contract Tower,0,0,13,0,13,0,0,31,0,31,0,0,44,0,44,34,0,34,78
03/17/2011,ADM,OK,ASW,CE,Federal Contract Tower,0,0,16,0,16,0,0,16,0,16,0,0,32,0,32,26,0,26,58
03/18/2011,ADM,OK,ASW,CE,Federal Contract Tower,0,0,6,0,6,0,0,9,1,10,0,0,15,1,16,25,2,27,43
03/19/2011,ADM,OK,ASW,CE,Federal Contract Tower,0,0,2,0,2,0,0,8,0,8,0,0,10,0,10,0,0,0,10
03/20/2011,ADM,OK,ASW,CE,Federal Contract Tower,0,0,1,0,1,0,0,10,0,10,0,0,11,0,11,6,0,6,17
03/21/2011,ADM,OK,ASW,CE,Federal Contract Tower,0,0,7,0,7,0,0,1,0,1,0,0,8,0,8,0,0,0,8
03/22/2011,ADM,OK,ASW,CE,Federal Contract Tower,0,0,2,0,2,0,0,3,0,3,0,0,5,0,5,0,0,0,5
03/23/2011,ADM,OK,ASW,CE,Federal Contract Tower,0,0,17,3,20,0,0,45,5,50,0,0,62,8,70,68,6,74,144
03/24/2011,ADM,OK,ASW,CE,Federal Contract Tower,0,0,5,0,5,0,0,39,0,39,0,0,44,0,44,12,0,12,56
03/25/2011,ADM,OK,ASW,CE,Federal Contract Tower,0,0,7,0,7,0,0,15,0,15,0,0,22,0,22,20,0,20,42
03/26/2011,ADM,OK,ASW,CE,Federal Contract Tower,0,0,2,0,2,0,0,0,0,0,0,0,2,0,2,0,0,0,2
03/27/2011,ADM,OK,ASW,CE,Federal Contract Tower,0,0,3,0,3,0,0,0,0,0,0,0,3,0,3,0,0,0,3
03/28/2011,ADM,OK,ASW,CE,Federal Contract Tower,0,0,16,0,16,0,0,0,0,0,0,0,16,0,16,4,0,4,20
03/29/2011,ADM,OK,ASW,CE,Federal Contract Tower,0,0,9,3,12,0,0,2,0,2,0,0,11,3,14,10,0,10,24
03/30/2011,ADM,OK,ASW,CE,Federal Contract Tower,0,0,5,8,13,0,0,0,0,0,0,0,5,8,13,0,0,0,13
03/31/2011,ADM,OK,ASW,CE,Federal Contract Tower,0,0,9,6,15,0,0,12,2,14,0,0,21,8,29,27,10,37,66
04/01/2011,ADM,OK,ASW,CE,Federal Contract Tower,0,0,2,0,2,0,0,42,0,42,0,0,44,0,44,32,0,32,76
04/02/2011,ADM,OK,ASW,CE,Federal Contract Tower,0,0,1,0,1,0,0,18,0,18,0,0,19,0,19,8,0,8,27
04/03/2011,ADM,OK,ASW,CE,Federal Contract Tower,0,0,5,0,5,0,0,3,0,3,0,0,8,0,8,0,0,0,8
04/04/2011,ADM,OK,ASW,CE,Federal Contract Tower,0,0,0,0,0,0,0,3,0,3,0,0,3,0,3,2,0,2,5
04/05/2011,ADM,OK,ASW,CE,Federal Contract Tower,0,0,5,0,5,0,0,36,0,36,0,0,41,0,41,42,0,42,83
04/06/2011,ADM,OK,ASW,CE,Federal Contract Tower,0,0,7,0,7,0,0,32,0,32,0,0,39,0,39,90,0,90,129
04/07/2011,ADM,OK,ASW,CE,Federal Contract Tower,0,0,2,0,2,0,0,20,0,20,0,0,22,0,22,12,0,12,34
04/08/2011,ADM,OK,ASW,CE,Federal Contract Tower,0,0,4,1,5,0,0,6,4,10,0,0,10,5,15,12,4,16,31
04/09/2011,ADM,OK,ASW,CE,Federal Contract Tower,0,0,2,0,2,0,0,40,0,40,0,0,42,0,42,0,0,0,42
04/10/2011,ADM,OK,ASW,CE,Federal Contract Tower,0,0,2,0,2,0,0,2,0,2,0,0,4,0,4,8,0,8,12
04/11/2011,ADM,OK,ASW,CE,Federal Contract Tower,0,0,0,0,0,0,0,15,0,15,0,0,15,0,15,6,0,6,21
04/12/2011,ADM,OK,ASW,CE,Federal Contract Tower,0,0,1,0,1,0,0,63,0,63,0,0,64,0,64,91,0,91,155
04/13/2011,ADM,OK,ASW,CE,Federal Contract Tower,0,0,10,0,10,0,0,50,0,50,0,0,60,0,60,42,0,42,102
04/14/2011,ADM,OK,ASW,CE,Federal Contract Tower,0,0,12,0,12,0,0,5,0,5,0,0,17,0,17,0,0,0,17
04/15/2011,ADM,OK,ASW,CE,Federal Contract Tower,0,0,4,0,4,0,0,11,0,11,0,0,15,0,15,12,0,12,27
04/16/2011,ADM,OK,ASW,CE,Federal Contract Tower,0,0,0,0,0,0,0,69,0,69,0,0,69,0,69,48,0,48,117
04/17/2011,ADM,OK,ASW,CE,Federal Contract Tower,0,0,1,2,3,0,0,20,0,20,0,0,21,2,23,8,0,8,31
04/18/2011,ADM,OK,ASW,CE,Federal Contract Tower,0,0,9,3,12,0,0,23,1,24,0,0,32,4,36,18,6,24,60
04/19/2011,ADM,OK,ASW,CE,Federal Contract Tower,0,0,22,0,22,0,0,11,0,11,0,0,33,0,33,4,0,4,37
04/20/2011,ADM,OK,ASW,CE,Federal Contract Tower,0,0,23,0,23,0,0,14,0,14,0,0,37,0,37,60,0,60,97
04/21/2011,ADM,OK,ASW,CE,Federal Contract Tower,0,0,13,0,13,0,0,0,0,0,0,0,13,0,13,0,0,0,13
04/22/2011,ADM,OK,ASW,CE,Federal Contract Tower,0,0,7,1,8,0,0,10,0,10,0,0,17,1,18,19,6,25,43
04/23/2011,ADM,OK,ASW,CE,Federal Contract Tower,0,0,5,0,5,0,0,13,0,13,0,0,18,0,18,34,0,34,52
04/24/2011,ADM,OK,ASW,CE,Federal Contract Tower,0,0,0,0,0,0,0,1,0,1,0,0,1,0,1,14,0,14,15
04/25/2011,ADM,OK,ASW,CE,Federal Contract Tower,0,0,12,0,12,0,0,7,5,12,0,0,19,5,24,14,4,18,42
04/26/2011,ADM,OK,ASW,CE,Federal Contract Tower,0,0,5,0,5,0,0,43,0,43,0,0,48,0,48,56,0,56,104
04/27/2011,ADM,OK,ASW,CE,Federal Contract Tower,0,0,15,2,17,0,0,46,3,49,0,0,61,5,66,87,64,151,217
04/28/2011,ADM,OK,ASW,CE,Federal Contract Tower,0,0,9,9,18,0,0,68,8,76,0,0,77,17,94,167,88,255,349
04/29/2011,ADM,OK,ASW,CE,Federal Contract Tower,0,0,9,0,9,0,0,20,0,20,0,0,29,0,29,24,0,24,53
04/30/2011,ADM,OK,ASW,CE,Federal Contract Tower,0,0,8,0,8,0,0,4,0,4,0,0,12,0,12,6,0,6,18
05/01/2011,ADM,OK,ASW,CE,Federal Contract Tower,0,0,3,0,3,0,0,0,0,0,0,0,3,0,3,0,0,0,3
05/02/2011,ADM,OK,ASW,CE,Federal Contract Tower,0,0,3,0,3,0,0,0,0,0,0,0,3,0,3,0,0,0,3
05/03/2011,ADM,OK,ASW,CE,Federal Contract Tower,0,0,8,1,9,0,0,41,8,49,0,0,49,9,58,48,0,48,106
05/04/2011,ADM,OK,ASW,CE,Federal Contract Tower,0,0,11,0,11,0,0,56,0,56,0,0,67,0,67,96,0,96,163
05/05/2011,ADM,OK,ASW,CE,Federal Contract Tower,0,0,7,0,7,0,0,50,8,58,0,0,57,8,65,102,2,104,169
05/06/2011,ADM,OK,ASW,CE,Federal Contract Tower,0,0,8,0,8,0,0,63,5,68,0,0,71,5,76,83,74,157,233
05/07/2011,ADM,OK,ASW,CE,Federal Contract Tower,0,0,0,0,0,0,0,6,0,6,0,0,6,0,6,17,0,17,23
05/08/2011,ADM,OK,ASW,CE,Federal Contract Tower,0,0,2,0,2,0,0,4,0,4,0,0,6,0,6,6,0,6,12
05/09/2011,ADM,OK,ASW,CE,Federal Contract Tower,0,0,0,0,0,0,0,4,0,4,0,0,4,0,4,2,0,2,6
05/10/2011,ADM,OK,ASW,CE,Federal Contract Tower,0,0,5,0,5,0,0,3,0,3,0,0,8,0,8,4,0,4,12
05/11/2011,ADM,OK,ASW,CE,Federal Contract Tower,0,0,2,0,2,0,0,8,0,8,0,0,10,0,10,6,0,6,16
05/12/2011,ADM,OK,ASW,CE,Federal Contract Tower,0,0,6,1,7,0,0,9,0,9,0,0,15,1,16,26,2,28,44
05/13/2011,ADM,OK,ASW,CE,Federal Contract Tower,0,0,6,0,6,0,0,24,0,24,0,0,30,0,30,34,0,34,64
05/14/2011,ADM,OK,ASW,CE,Federal Contract Tower,0,0,8,0,8,0,0,65,0,65,0,0,73,0,73,20,0,20,93
05/15/2011,ADM,OK,ASW,CE,Federal Contract Tower,0,0,1,0,1,0,0,29,0,29,0,0,30,0,30,14,0,14,44
05/16/2011,ADM,OK,ASW,CE,Federal Contract Tower,0,0,0,7,7,0,0,39,1,40,0,0,39,8,47,80,18,98,145
05/17/2011,ADM,OK,ASW,CE,Federal Contract Tower,0,0,8,0,8,0,0,44,0,44,0,0,52,0,52,60,0,60,112
05/18/2011,ADM,OK,ASW,CE,Federal Contract Tower,0,0,16,2,18,0,0,18,0,18,0,0,34,2,36,16,0,16,52
05/19/2011,ADM,OK,ASW,CE,Federal Contract Tower,0,0,17,1,18,0,0,11,0,11,0,0,28,1,29,4,4,8,37
05/20/2011,ADM,OK,ASW,CE,Federal Contract Tower,0,0,3,0,3,0,0,0,0,0,0,0,3,0,3,0,0,0,3
05/21/2011,ADM,OK,ASW,CE,Federal Contract Tower,0,0,5,0,5,0,0,4,0,4,0,0,9,0,9,4,0,4,13
05/22/2011,ADM,OK,ASW,CE,Federal Contract Tower,0,0,1,0,1,0,0,0,0,0,0,0,1,0,1,0,0,0,1
05/23/2011,ADM,OK,ASW,CE,Federal Contract Tower,0,0,6,0,6,0,0,0,0,0,0,0,6,0,6,0,0,0,6
05/24/2011,ADM,OK,ASW,CE,Federal Contract Tower,0,0,15,1,16,0,0,6,0,6,0,0,21,1,22,4,2,6,28
05/25/2011,ADM,OK,ASW,CE,Federal Contract Tower,0,0,11,0,11,0,0,22,0,22,0,0,33,0,33,54,0,54,87
05/26/2011,ADM,OK,ASW,CE,Federal Contract Tower,0,0,18,1,19,0,0,68,0,68,0,0,86,1,87,90,12,102,189
05/27/2011,ADM,OK,ASW,CE,Federal Contract Tower,0,0,11,6,17,0,0,17,0,17,0,0,28,6,34,20,10,30,64
05/28/2011,ADM,OK,ASW,CE,Federal Contract Tower,0,0,5,0,5,0,0,8,0,8,0,0,13,0,13,8,0,8,21
05/29/2011,ADM,OK,ASW,CE,Federal Contract Tower,0,0,0,0,0,0,0,3,0,3,0,0,3,0,3,4,0,4,7
05/30/2011,ADM,OK,ASW,CE,Federal Contract Tower,0,0,0,0,0,0,0,2,0,2,0,0,2,0,2,0,0,0,2
05/31/2011,ADM,OK,ASW,CE,Federal Contract Tower,0,0,3,0,3,0,0,14,0,14,0,0,17,0,17,6,0,6,23
06/01/2011,ADM,OK,ASW,CE,Federal Contract Tower,0,0,20,2,22,0,0,34,0,34,0,0,54,2,56,17,0,17,73
06/02/2011,ADM,OK,ASW,CE,Federal Contract Tower,0,0,14,2,16,0,0,40,1,41,0,0,54,3,57,67,4,71,128
06/03/2011,ADM,OK,ASW,CE,Federal Contract Tower,0,0,5,0,5,0,0,25,0,25,0,0,30,0,30,6,0,6,36
06/04/2011,ADM,OK,ASW,CE,Federal Contract Tower,0,0,0,0,0,0,0,6,0,6,0,0,6,0,6,2,0,2,8
06/05/2011,ADM,OK,ASW,CE,Federal Contract Tower,0,0,2,0,2,0,0,19,0,19,0,0,21,0,21,8,0,8,29
06/06/2011,ADM,OK,ASW,CE,Federal Contract Tower,0,0,21,2,23,0,0,36,5,41,0,0,57,7,64,30,0,30,94
06/07/2011,ADM,OK,ASW,CE,Federal Contract Tower,0,0,12,0,12,0,0,32,2,34,0,0,44,2,46,54,0,54,100
06/08/2011,ADM,OK,ASW,CE,Federal Contract Tower,0,0,7,4,11,0,0,26,3,29,0,0,33,7,40,36,0,36,76
06/09/2011,ADM,OK,ASW,CE,Federal Contract Tower,0,0,13,0,13,0,0,36,0,36,0,0,49,0,49,32,0,32,81
06/10/2011,ADM,OK,ASW,CE,Federal Contract Tower,0,0,8,0,8,0,0,27,2,29,0,0,35,2,37,21,4,25,62
06/11/2011,ADM,OK,ASW,CE,Federal Contract Tower,0,0,1,0,1,0,0,46,0,46,0,0,47,0,47,8,0,8,55
06/12/2011,ADM,OK,ASW,CE,Federal Contract Tower,0,0,2,0,2,0,0,23,0,23,0,0,25,0,25,40,0,40,65
06/13/2011,ADM,OK,ASW,CE,Federal Contract Tower,0,0,13,0,13,0,0,24,0,24,0,0,37,0,37,32,0,32,69
06/14/2011,ADM,OK,ASW,CE,Federal Contract Tower,0,0,5,1,6,0,0,32,2,34,0,0,37,3,40,20,4,24,64
06/15/2011,ADM,OK,ASW,CE,Federal Contract Tower,0,0,2,0,2,0,0,57,0,57,0,0,59,0,59,71,0,71,130
06/16/2011,ADM,OK,ASW,CE,Federal Contract Tower,0,0,12,2,14,0,0,22,1,23,0,0,34,3,37,56,12,68,105
06/17/2011,ADM,OK,ASW,CE,Federal Contract Tower,0,0,4,5,9,0,0,25,1,26,0,0,29,6,35,56,6,62,97
06/18/2011,ADM,OK,ASW,CE,Federal Contract Tower,0,0,1,0,1,0,0,25,0,25,0,0,26,0,26,40,0,40,66
06/19/2011,ADM,OK,ASW,CE,Federal Contract Tower,0,0,6,0,6,0,0,6,0,6,0,0,12,0,12,12,0,12,24
06/20/2011,ADM,OK,ASW,CE,Federal Contract Tower,0,0,1,0,1,0,0,13,0,13,0,0,14,0,14,18,0,18,32
06/21/2011,ADM,OK,ASW,CE,Federal Contract Tower,0,0,13,0,13,0,0,23,0,23,0,0,36,0,36,46,0,46,82
06/22/2011,ADM,OK,ASW,CE,Federal Contract Tower,0,0,2,0,2,0,0,42,0,42,0,0,44,0,44,82,0,82,126
06/23/2011,ADM,OK,ASW,CE,Federal Contract Tower,0,0,9,2,11,0,0,34,2,36,0,0,43,4,47,86,12,98,145
06/24/2011,ADM,OK,ASW,CE,Federal Contract Tower,0,0,11,0,11,0,0,16,0,16,0,0,27,0,27,32,0,32,59
06/25/2011,ADM,OK,ASW,CE,Federal Contract Tower,0,0,6,0,6,0,0,11,0,11,0,0,17,0,17,30,0,30,47
06/26/2011,ADM,OK,ASW,CE,Federal Contract Tower,0,0,1,0,1,0,0,12,0,12,0,0,13,0,13,14,0,14,27
06/27/2011,ADM,OK,ASW,CE,Federal Contract Tower,0,0,1,0,1,0,0,21,0,21,0,0,22,0,22,18,0,18,40
06/28/2011,ADM,OK,ASW,CE,Federal Contract Tower,0,0,7,7,14,0,0,21,2,23,0,0,28,9,37,4,2,6,43
06/29/2011,ADM,OK,ASW,CE,Federal Contract Tower,0,0,10,2,12,0,0,34,0,34,0,0,44,2,46,50,0,50,96
06/30/2011,ADM,OK,ASW,CE,Federal Contract Tower,0,0,11,0,11,0,0,11,0,11,0,0,22,0,22,36,0,36,58
07/01/2011,ADM,OK,ASW,CE,Federal Contract Tower,0,0,1,8,9,0,0,20,0,20,0,0,21,8,29,22,8,30,59
07/02/2011,ADM,OK,ASW,CE,Federal Contract Tower,0,0,5,0,5,0,0,19,0,19,0,0,24,0,24,14,0,14,38
07/03/2011,ADM,OK,ASW,CE,Federal Contract Tower,0,0,0,0,0,0,0,18,0,18,0,0,18,0,18,28,0,28,46
07/04/2011,ADM,OK,ASW,CE,Federal Contract Tower,0,0,2,0,2,0,0,13,0,13,0,0,15,0,15,4,0,4,19
07/05/2011,ADM,OK,ASW,CE,Federal Contract Tower,0,0,4,6,10,0,0,28,0,28,0,0,32,6,38,30,4,34,72
07/06/2011,ADM,OK,ASW,CE,Federal Contract Tower,0,0,3,8,11,0,0,48,4,52,0,0,51,12,63,68,18,86,149
07/07/2011,ADM,OK,ASW,CE,Federal Contract Tower,0,0,11,8,19,0,0,27,3,30,0,0,38,11,49,67,14,81,130
07/08/2011,ADM,OK,ASW,CE,Federal Contract Tower,0,0,6,0,6,0,0,36,0,36,0,0,42,0,42,70,0,70,112
07/09/2011,ADM,OK,ASW,CE,Federal Contract Tower,0,0,0,0,0,0,0,51,0,51,0,0,51,0,51,77,0,77,128
07/10/2011,ADM,OK,ASW,CE,Federal Contract Tower,0,0,8,0,8,0,0,17,0,17,0,0,25,0,25,16,0,16,41
07/11/2011,ADM,OK,ASW,CE,Federal Contract Tower,0,0,2,1,3,0,0,19,0,19,0,0,21,1,22,22,2,24,46
07/12/2011,ADM,OK,ASW,CE,Federal Contract Tower,0,0,6,0,6,0,0,15,0,15,0,0,21,0,21,13,0,13,34
07/13/2011,ADM,OK,ASW,CE,Federal Contract Tower,0,0,11,10,21,0,0,30,2,32,0,0,41,12,53,36,22,58,111
07/14/2011,ADM,OK,ASW,CE,Federal Contract Tower,0,0,17,4,21,0,0,40,3,43,0,0,57,7,64,54,0,54,118
07/15/2011,ADM,OK,ASW,CE,Federal Contract Tower,0,0,10,12,22,0,0,46,8,54,0,0,56,20,76,68,12,80,156
07/16/2011,ADM,OK,ASW,CE,Federal Contract Tower,0,0,4,0,4,0,0,35,9,44,0,0,39,9,48,22,0,22,70
07/17/2011,ADM,OK,ASW,CE,Federal Contract Tower,0,0,1,0,1,0,0,9,0,9,0,0,10,0,10,12,0,12,22
07/18/2011,ADM,OK,ASW,CE,Federal Contract Tower,0,0,3,0,3,0,0,23,0,23,0,0,26,0,26,40,0,40,66
07/19/2011,ADM,OK,ASW,CE,Federal Contract Tower,0,0,10,4,14,0,0,34,0,34,0,0,44,4,48,57,4,61,109
07/20/2011,ADM,OK,ASW,CE,Federal Contract Tower,0,0,16,6,22,0,0,59,3,62,0,0,75,9,84,76,0,76,160
07/21/2011,ADM,OK,ASW,CE,Federal Contract Tower,0,0,21,0,21,0,0,37,0,37,0,0,58,0,58,54,0,54,112
07/22/2011,ADM,OK,ASW,CE,Federal Contract Tower,0,0,10,1,11,0,0,32,1,33,0,0,42,2,44,47,2,49,93
07/23/2011,ADM,OK,ASW,CE,Federal Contract Tower,0,0,4,0,4,0,0,24,0,24,0,0,28,0,28,26,0,26,54
07/24/2011,ADM,OK,ASW,CE,Federal Contract Tower,0,0,4,1,5,0,0,28,1,29,0,0,32,2,34,69,4,73,107
07/25/2011,ADM,OK,ASW,CE,Federal Contract Tower,0,0,8,1,9,0,0,0,0,0,0,0,8,1,9,18,16,34,43
07/26/2011,ADM,OK,ASW,CE,Federal Contract Tower,0,0,14,6,20,0,0,31,2,33,0,0,45,8,53,50,36,86,139
07/27/2011,ADM,OK,ASW,CE,Federal Contract Tower,0,0,10,0,10,0,0,49,0,49,0,0,59,0,59,64,0,64,123
07/28/2011,ADM,OK,ASW,CE,Federal Contract Tower,0,0,4,1,5,0,0,50,1,51,0,0,54,2,56,46,2,48,104
07/29/2011,ADM,OK,ASW,CE,Federal Contract Tower,0,0,12,0,12,0,0,20,0,20,0,0,32,0,32,26,0,26,58
07/30/2011,ADM,OK,ASW,CE,Federal Contract Tower,0,0,5,0,5,0,0,25,0,25,0,0,30,0,30,8,0,8,38
07/31/2011,ADM,OK,ASW,CE,Federal Contract Tower,0,0,1,0,1,0,0,21,0,21,0,0,22,0,22,28,0,28,50
08/01/2011,ADM,OK,ASW,CE,Federal Contract Tower,0,0,4,0,4,0,0,46,0,46,0,0,50,0,50,82,0,82,132
08/02/2011,ADM,OK,ASW,CE,Federal Contract Tower,0,0,9,0,9,0,0,27,0,27,0,0,36,0,36,42,0,42,78
08/03/2011,ADM,OK,ASW,CE,Federal Contract Tower,0,0,8,2,10,0,0,24,0,24,0,0,32,2,34,34,0,34,68
08/04/2011,ADM,OK,ASW,CE,Federal Contract Tower,0,0,4,8,12,0,0,16,2,18,0,0,20,10,30,8,8,16,46
08/05/2011,ADM,OK,ASW,CE,Federal Contract Tower,0,0,7,0,7,0,0,17,0,17,0,0,24,0,24,30,0,30,54
08/06/2011,ADM,OK,ASW,CE,Federal Contract Tower,0,0,0,0,0,0,0,26,0,26,0,0,26,0,26,16,0,16,42
08/07/2011,ADM,OK,ASW,CE,Federal Contract Tower,0,0,2,0,2,0,0,29,0,29,0,0,31,0,31,17,0,17,48
08/08/2011,ADM,OK,ASW,CE,Federal Contract Tower,0,0,3,4,7,0,0,39,1,40,0,0,42,5,47,34,2,36,83
08/09/2011,ADM,OK,ASW,CE,Federal Contract Tower,0,0,6,3,9,0,0,18,0,18,0,0,24,3,27,30,2,32,59
08/10/2011,ADM,OK,ASW,CE,Federal Contract Tower,0,0,5,2,7,0,0,35,0,35,0,0,40,2,42,25,0,25,67
08/11/2011,ADM,OK,ASW,CE,Federal Contract Tower,0,0,6,0,6,0,0,17,0,17,0,0,23,0,23,28,0,28,51
08/12/2011,ADM,OK,ASW,CE,Federal Contract Tower,0,0,2,0,2,0,0,43,0,43,0,0,45,0,45,52,0,52,97
08/13/2011,ADM,OK,ASW,CE,Federal Contract Tower,0,0,3,0,3,0,0,19,0,19,0,0,22,0,22,0,0,0,22
08/14/2011,ADM,OK,ASW,CE,Federal Contract Tower,0,0,1,0,1,0,0,53,0,53,0,0,54,0,54,48,0,48,102
08/15/2011,ADM,OK,ASW,CE,Federal Contract Tower,0,0,10,4,14,0,0,30,2,32,0,0,40,6,46,38,30,68,114
08/16/2011,ADM,OK,ASW,CE,Federal Contract Tower,0,0,16,1,17,0,0,31,1,32,0,0,47,2,49,54,0,54,103
08/17/2011,ADM,OK,ASW,CE,Federal Contract Tower,0,0,10,4,14,0,0,50,1,51,0,0,60,5,65,68,4,72,137
08/18/2011,ADM,OK,ASW,CE,Federal Contract Tower,0,0,7,3,10,0,0,61,5,66,0,0,68,8,76,58,6,64,140
08/19/2011,ADM,OK,ASW,CE,Federal Contract Tower,0,0,6,0,6,0,0,52,0,52,0,0,58,0,58,46,0,46,104
08/20/2011,ADM,OK,ASW,CE,Federal Contract Tower,0,0,0,1,1,0,0,30,1,31,0,0,30,2,32,57,10,67,99
08/21/2011,ADM,OK,ASW,CE,Federal Contract Tower,0,0,0,0,0,0,0,18,0,18,0,0,18,0,18,6,0,6,24
08/22/2011,ADM,OK,ASW,CE,Federal Contract Tower,0,0,3,2,5,0,0,40,0,40,0,0,43,2,45,2,0,2,47
08/23/2011,ADM,OK,ASW,CE,Federal Contract Tower,0,0,6,5,11,0,0,52,0,52,0,0,58,5,63,52,8,60,123
08/24/2011,ADM,OK,ASW,CE,Federal Contract Tower,0,0,3,2,5,0,0,70,4,74,0,0,73,6,79,82,0,82,161
08/25/2011,ADM,OK,ASW,CE,Federal Contract Tower,0,0,4,0,4,0,0,33,0,33,0,0,37,0,37,44,0,44,81
08/26/2011,ADM,OK,ASW,CE,Federal Contract Tower,0,0,4,0,4,0,0,23,1,24,0,0,27,1,28,37,6,43,71
08/27/2011,ADM,OK,ASW,CE,Federal Contract Tower,0,0,4,0,4,0,0,34,0,34,0,0,38,0,38,42,0,42,80
08/28/2011,ADM,OK,ASW,CE,Federal Contract Tower,0,0,1,0,1,0,0,23,0,23,0,0,24,0,24,28,0,28,52
08/29/2011,ADM,OK,ASW,CE,Federal Contract Tower,0,0,3,3,6,0,0,41,2,43,0,0,44,5,49,12,0,12,61
08/30/2011,ADM,OK,ASW,CE,Federal Contract Tower,0,0,12,4,16,0,0,51,1,52,0,0,63,5,68,22,0,22,90
08/31/2011,ADM,OK,ASW,CE,Federal Contract Tower,0,0,8,2,10,0,0,57,0,57,0,0,65,2,67,50,0,50,117
09/01/2011,ADM,OK,ASW,CE,Federal Contract Tower,0,0,5,0,5,0,0,60,0,60,0,0,65,0,65,64,0,64,129
09/02/2011,ADM,OK,ASW,CE,Federal Contract Tower,0,0,8,4,12,0,0,41,21,62,0,0,49,25,74,81,8,89,163
09/03/2011,ADM,OK,ASW,CE,Federal Contract Tower,0,0,0,0,0,0,0,49,0,49,0,0,49,0,49,35,0,35,84
09/04/2011,ADM,OK,ASW,CE,Federal Contract Tower,0,0,0,0,0,0,0,16,0,16,0,0,16,0,16,6,0,6,22
09/05/2011,ADM,OK,ASW,CE,Federal Contract Tower,0,0,1,1,2,0,0,26,1,27,0,0,27,2,29,10,0,10,39
09/06/2011,ADM,OK,ASW,CE,Federal Contract Tower,0,0,5,1,6,0,0,101,1,102,0,0,106,2,108,74,0,74,182
09/07/2011,ADM,OK,ASW,CE,Federal Contract Tower,0,0,8,2,10,0,0,86,6,92,0,0,94,8,102,68,0,68,170
09/08/2011,ADM,OK,ASW,CE,Federal Contract Tower,0,0,5,0,5,0,0,39,0,39,0,0,44,0,44,40,0,40,84
09/09/2011,ADM,OK,ASW,CE,Federal Contract Tower,0,0,11,2,13,0,0,38,3,41,0,0,49,5,54,70,28,98,152
09/10/2011,ADM,OK,ASW,CE,Federal Contract Tower,0,0,3,0,3,0,0,72,0,72,0,0,75,0,75,24,0,24,99
09/11/2011,ADM,OK,ASW,CE,Federal Contract Tower,0,0,1,0,1,0,0,42,0,42,0,0,43,0,43,44,0,44,87
09/12/2011,ADM,OK,ASW,CE,Federal Contract Tower,0,0,0,0,0,0,0,19,0,19,0,0,19,0,19,34,0,34,53
09/13/2011,ADM,OK,ASW,CE,Federal Contract Tower,0,0,8,0,8,0,0,37,0,37,0,0,45,0,45,36,0,36,81
09/14/2011,ADM,OK,ASW,CE,Federal Contract Tower,0,0,4,6,10,0,0,19,1,20,0,0,23,7,30,14,6,20,50
09/15/2011,ADM,OK,ASW,CE,Federal Contract Tower,0,0,4,0,4,0,0,17,2,19,0,0,21,2,23,26,0,26,49
09/16/2011,ADM,OK,ASW,CE,Federal Contract Tower,0,0,12,0,12,0,0,9,0,9,0,0,21,0,21,5,0,5,26
09/17/2011,ADM,OK,ASW,CE,Federal Contract Tower,0,0,0,0,0,0,0,10,0,10,0,0,10,0,10,20,0,20,30
09/18/2011,ADM,OK,ASW,CE,Federal Contract Tower,0,0,2,0,2,0,0,7,0,7,0,0,9,0,9,4,0,4,13
09/19/2011,ADM,OK,ASW,CE,Federal Contract Tower,0,0,1,8,9,0,0,43,2,45,0,0,44,10,54,20,4,24,78
09/20/2011,ADM,OK,ASW,CE,Federal Contract Tower,0,0,3,2,5,0,0,70,2,72,0,0,73,4,77,48,4,52,129
09/21/2011,ADM,OK,ASW,CE,Federal Contract Tower,0,0,9,0,9,0,0,56,0,56,0,0,65,0,65,42,0,42,107
09/22/2011,ADM,OK,ASW,CE,Federal Contract Tower,0,0,6,0,6,0,0,10,0,10,0,0,16,0,16,32,0,32,48
09/23/2011,ADM,OK,ASW,CE,Federal Contract Tower,0,0,10,0,10,0,0,35,0,35,0,0,45,0,45,62,0,62,107
09/24/2011,ADM,OK,ASW,CE,Federal Contract Tower,0,0,3,0,3,0,0,16,0,16,0,0,19,0,19,22,0,22,41
09/25/2011,ADM,OK,ASW,CE,Federal Contract Tower,0,0,3,0,3,0,0,41,0,41,0,0,44,0,44,20,0,20,64
09/26/2011,ADM,OK,ASW,CE,Federal Contract Tower,0,0,13,0,13,0,0,7,0,7,0,0,20,0,20,22,0,22,42
09/27/2011,ADM,OK,ASW,CE,Federal Contract Tower,0,0,2,0,2,0,0,43,7,50,0,0,45,7,52,8,4,12,64
09/28/2011,ADM,OK,ASW,CE,Federal Contract Tower,0,0,0,0,0,0,0,35,0,35,0,0,35,0,35,14,0,14,49
09/29/2011,ADM,OK,ASW,CE,Federal Contract Tower,0,0,6,0,6,0,0,45,0,45,0,0,51,0,51,48,0,48,99
09/30/2011,ADM,OK,ASW,CE,Federal Contract Tower,0,0,7,0,7,0,0,17,0,17,0,0,24,0,24,35,0,35,59
10/01/2011,ADM,OK,ASW,CE,Federal Contract Tower,0,0,0,0,0,0,0,19,0,19,0,0,19,0,19,34,0,34,53
10/02/2011,ADM,OK,ASW,CE,Federal Contract Tower,0,0,2,0,2,0,0,22,0,22,0,0,24,0,24,8,0,8,32
10/03/2011,ADM,OK,ASW,CE,Federal Contract Tower,0,0,1,0,1,0,0,17,0,17,0,0,18,0,18,14,0,14,32
10/04/2011,ADM,OK,ASW,CE,Federal Contract Tower,0,0,14,0,14,0,0,31,0,31,0,0,45,0,45,8,0,8,53
10/05/2011,ADM,OK,ASW,CE,Federal Contract Tower,0,0,10,2,12,0,0,31,1,32,0,0,41,3,44,16,12,28,72
10/06/2011,ADM,OK,ASW,CE,Federal Contract Tower,0,0,11,0,11,0,0,38,0,38,0,0,49,0,49,69,0,69,118
10/07/2011,ADM,OK,ASW,CE,Federal Contract Tower,0,0,13,0,13,0,0,7,0,7,0,0,20,0,20,22,0,22,42
10/08/2011,ADM,OK,ASW,CE,Federal Contract Tower,0,0,2,0,2,0,0,12,0,12,0,0,14,0,14,6,0,6,20
10/09/2011,ADM,OK,ASW,CE,Federal Contract Tower,0,0,1,0,1,0,0,0,0,0,0,0,1,0,1,0,0,0,1
10/10/2011,ADM,OK,ASW,CE,Federal Contract Tower,0,0,4,0,4,0,0,20,0,20,0,0,24,0,24,4,0,4,28
10/11/2011,ADM,OK,ASW,CE,Federal Contract Tower,0,0,3,1,4,0,0,37,1,38,0,0,40,2,42,28,24,52,94
10/12/2011,ADM,OK,ASW,CE,Federal Contract Tower,0,0,13,0,13,0,0,32,0,32,0,0,45,0,45,22,0,22,67
10/13/2011,ADM,OK,ASW,CE,Federal Contract Tower,0,0,11,0,11,0,0,32,0,32,0,0,43,0,43,90,0,90,133
10/14/2011,ADM,OK,ASW,CE,Federal Contract Tower,0,0,9,0,9,0,0,22,2,24,0,0,31,2,33,34,4,38,71
10/15/2011,ADM,OK,ASW,CE,Federal Contract Tower,0,0,1,0,1,0,0,17,0,17,0,0,18,0,18,46,0,46,64
10/16/2011,ADM,OK,ASW,CE,Federal Contract Tower,0,0,4,0,4,0,0,14,0,14,0,0,18,0,18,10,0,10,28
10/17/2011,ADM,OK,ASW,CE,Federal Contract Tower,0,0,21,0,21,0,0,17,0,17,0,0,38,0,38,17,0,17,55
10/18/2011,ADM,OK,ASW,CE,Federal Contract Tower,0,0,11,0,11,0,0,16,0,16,0,0,27,0,27,35,0,35,62
10/19/2011,ADM,OK,ASW,CE,Federal Contract Tower,0,0,7,0,7,0,0,16,0,16,0,0,23,0,23,6,0,6,29
10/20/2011,ADM,OK,ASW,CE,Federal Contract Tower,0,0,5,0,5,0,0,44,0,44,0,0,49,0,49,22,0,22,71
10/21/2011,ADM,OK,ASW,CE,Federal Contract Tower,0,0,3,0,3,0,0,40,0,40,0,0,43,0,43,52,0,52,95
10/22/2011,ADM,OK,ASW,CE,Federal Contract Tower,0,0,2,0,2,0,0,36,0,36,0,0,38,0,38,22,0,22,60
10/23/2011,ADM,OK,ASW,CE,Federal Contract Tower,0,0,3,0,3,0,0,7,0,7,0,0,10,0,10,6,0,6,16
10/24/2011,ADM,OK,ASW,CE,Federal Contract Tower,0,0,6,0,6,0,0,29,0,29,0,0,35,0,35,16,0,16,51
10/25/2011,ADM,OK,ASW,CE,Federal Contract Tower,0,0,8,0,8,0,0,31,0,31,0,0,39,0,39,12,0,12,51
10/26/2011,ADM,OK,ASW,CE,Federal Contract Tower,0,0,12,0,12,0,0,31,0,31,0,0,43,0,43,8,8,16,59
10/27/2011,ADM,OK,ASW,CE,Federal Contract Tower,0,0,11,0,11,0,0,2,0,2,0,0,13,0,13,0,0,0,13
10/28/2011,ADM,OK,ASW,CE,Federal Contract Tower,0,0,7,0,7,0,0,44,2,46,0,0,51,2,53,38,6,44,97
10/29/2011,ADM,OK,ASW,CE,Federal Contract Tower,0,0,2,0,2,0,0,22,0,22,0,0,24,0,24,50,0,50,74
10/30/2011,ADM,OK,ASW,CE,Federal Contract Tower,0,0,2,0,2,0,0,10,0,10,0,0,12,0,12,0,0,0,12
10/31/2011,ADM,OK,ASW,CE,Federal Contract Tower,0,0,12,0,12,0,0,17,0,17,0,0,29,0,29,6,0,6,35
11/01/2011,ADM,OK,ASW,CE,Federal Contract Tower,0,0,17,10,27,0,0,44,12,56,0,0,61,22,83,32,0,32,115
11/02/2011,ADM,OK,ASW,CE,Federal Contract Tower,0,0,11,0,11,0,0,6,0,6,0,0,17,0,17,2,0,2,19
11/03/2011,ADM,OK,ASW,CE,Federal Contract Tower,0,0,10,0,10,0,0,18,0,18,0,0,28,0,28,21,0,21,49
11/04/2011,ADM,OK,ASW,CE,Federal Contract Tower,0,0,7,0,7,0,0,56,1,57,0,0,63,1,64,8,4,12,76
11/05/2011,ADM,OK,ASW,CE,Federal Contract Tower,0,0,0,0,0,0,0,12,0,12,0,0,12,0,12,4,0,4,16
11/06/2011,ADM,OK,ASW,CE,Federal Contract Tower,0,0,3,0,3,0,0,1,0,1,0,0,4,0,4,0,0,0,4
11/07/2011,ADM,OK,ASW,CE,Federal Contract Tower,0,0,3,0,3,0,0,0,0,0,0,0,3,0,3,0,0,0,3
11/08/2011,ADM,OK,ASW,CE,Federal Contract Tower,0,0,12,3,15,0,0,4,1,5,0,0,16,4,20,2,0,2,22
11/09/2011,ADM,OK,ASW,CE,Federal Contract Tower,0,0,18,0,18,0,0,78,2,80,0,0,96,2,98,16,0,16,114
11/10/2011,ADM,OK,ASW,CE,Federal Contract Tower,0,0,9,4,13,0,0,62,3,65,0,0,71,7,78,79,10,89,167
11/11/2011,ADM,OK,ASW,CE,Federal Contract Tower,0,0,2,0,2,0,0,50,0,50,0,0,52,0,52,14,0,14,66
11/12/2011,ADM,OK,ASW,CE,Federal Contract Tower,0,0,4,0,4,0,0,12,0,12,0,0,16,0,16,8,0,8,24
11/13/2011,ADM,OK,ASW,CE,Federal Contract Tower,0,0,2,0,2,0,0,17,0,17,0,0,19,0,19,16,0,16,35
11/14/2011,ADM,OK,ASW,CE,Federal Contract Tower,0,0,5,0,5,0,0,27,0,27,0,0,32,0,32,16,0,16,48
11/15/2011,ADM,OK,ASW,CE,Federal Contract Tower,0,0,9,6,15,0,0,37,1,38,0,0,46,7,53,37,2,39,92
11/16/2011,ADM,OK,ASW,CE,Federal Contract Tower,0,0,42,8,50,0,0,21,0,21,0,0,63,8,71,10,0,10,81
11/17/2011,ADM,OK,ASW,CE,Federal Contract Tower,0,0,8,13,21,0,0,50,4,54,0,0,58,17,75,93,70,163,238
11/18/2011,ADM,OK,ASW,CE,Federal Contract Tower,0,0,10,0,10,0,0,46,0,46,0,0,56,0,56,16,0,16,72
11/19/2011,ADM,OK,ASW,CE,Federal Contract Tower,0,0,0,0,0,0,0,6,0,6,0,0,6,0,6,6,0,6,12
11/20/2011,ADM,OK,ASW,CE,Federal Contract Tower,0,0,25,0,25,0,0,0,0,0,0,0,25,0,25,0,0,0,25
11/21/2011,ADM,OK,ASW,CE,Federal Contract Tower,0,0,7,0,7,0,0,0,0,0,0,0,7,0,7,0,0,0,7
11/22/2011,ADM,OK,ASW,CE,Federal Contract Tower,0,0,13,8,21,0,0,11,0,11,0,0,24,8,32,46,0,46,78
11/23/2011,ADM,OK,ASW,CE,Federal Contract Tower,0,1,5,0,6,0,0,45,0,45,0,1,50,0,51,20,12,32,83
11/24/2011,ADM,OK,ASW,CE,Federal Contract Tower,0,0,0,0,0,0,0,2,0,2,0,0,2,0,2,0,0,0,2
11/25/2011,ADM,OK,ASW,CE,Federal Contract Tower,0,0,5,0,5,0,0,0,0,0,0,0,5,0,5,0,0,0,5
11/26/2011,ADM,OK,ASW,CE,Federal Contract Tower,0,0,2,0,2,0,0,0,0,0,0,0,2,0,2,0,0,0,2
11/27/2011,ADM,OK,ASW,CE,Federal Contract Tower,0,0,0,0,0,0,0,5,0,5,0,0,5,0,5,4,0,4,9
11/28/2011,ADM,OK,ASW,CE,Federal Contract Tower,0,0,8,2,10,0,0,36,1,37,0,0,44,3,47,38,36,74,121
11/29/2011,ADM,OK,ASW,CE,Federal Contract Tower,0,0,5,0,5,0,0,36,0,36,0,0,41,0,41,27,0,27,68
11/30/2011,ADM,OK,ASW,CE,Federal Contract Tower,0,0,7,6,13,0,0,40,4,44,0,0,47,10,57,34,0,34,91
12/01/2011,ADM,OK,ASW,CE,Federal Contract Tower,0,0,20,0,20,0,0,30,3,33,0,0,50,3,53,46,28,74,127
12/02/2011,ADM,OK,ASW,CE,Federal Contract Tower,0,0,4,0,4,0,0,2,0,2,0,0,6,0,6,0,0,0,6
12/03/2011,ADM,OK,ASW,CE,Federal Contract Tower,0,0,2,0,2,0,0,0,0,0,0,0,2,0,2,0,0,0,2
12/04/2011,ADM,OK,ASW,CE,Federal Contract Tower,0,0,2,0,2,0,0,0,0,0,0,0,2,0,2,0,0,0,2
12/05/2011,ADM,OK,ASW,CE,Federal Contract Tower,0,0,4,0,4,0,0,4,0,4,0,0,8,0,8,2,0,2,10
12/06/2011,ADM,OK,ASW,CE,Federal Contract Tower,0,0,8,1,9,0,0,17,3,20,0,0,25,4,29,0,0,0,29
12/07/2011,ADM,OK,ASW,CE,Federal Contract Tower,0,0,3,0,3,0,0,41,2,43,0,0,44,2,46,20,0,20,66
12/08/2011,ADM,OK,ASW,CE,Federal Contract Tower,0,0,6,0,6,0,0,38,0,38,0,0,44,0,44,42,0,42,86
12/09/2011,ADM,OK,ASW,CE,Federal Contract Tower,0,0,9,0,9,0,0,5,0,5,0,0,14,0,14,47,0,47,61
12/10/2011,ADM,OK,ASW,CE,Federal Contract Tower,0,0,1,0,1,0,0,34,0,34,0,0,35,0,35,48,0,48,83
12/11/2011,ADM,OK,ASW,CE,Federal Contract Tower,0,0,2,0,2,0,0,12,0,12,0,0,14,0,14,2,0,2,16
12/12/2011,ADM,OK,ASW,CE,Federal Contract Tower,0,0,4,0,4,0,0,14,0,14,0,0,18,0,18,10,0,10,28
12/13/2011,ADM,OK,ASW,CE,Federal Contract Tower,0,0,20,0,20,0,0,5,0,5,0,0,25,0,25,2,0,2,27
12/14/2011,ADM,OK,ASW,CE,Federal Contract Tower,0,0,7,0,7,0,0,1,0,1,0,0,8,0,8,0,0,0,8
12/15/2011,ADM,OK,ASW,CE,Federal Contract Tower,0,0,10,0,10,0,0,4,0,4,0,0,14,0,14,0,0,0,14
12/16/2011,ADM,OK,ASW,CE,Federal Contract Tower,0,0,6,0,6,0,0,61,0,61,0,0,67,0,67,38,0,38,105
12/17/2011,ADM,OK,ASW,CE,Federal Contract Tower,0,0,10,0,10,0,0,19,0,19,0,0,29,0,29,22,0,22,51
12/18/2011,ADM,OK,ASW,CE,Federal Contract Tower,0,0,1,0,1,0,0,11,2,13,0,0,12,2,14,12,0,12,26
12/19/2011,ADM,OK,ASW,CE,Federal Contract Tower,0,0,2,0,2,0,0,0,0,0,0,0,2,0,2,0,0,0,2
12/20/2011,ADM,OK,ASW,CE,Federal Contract Tower,0,0,16,0,16,0,0,2,0,2,0,0,18,0,18,6,0,6,24
12/21/2011,ADM,OK,ASW,CE,Federal Contract Tower,0,0,2,2,4,0,0,48,0,48,0,0,50,2,52,18,0,18,70
12/22/2011,ADM,OK,ASW,CE,Federal Contract Tower,0,0,8,6,14,0,0,11,1,12,0,0,19,7,26,39,4,43,69
12/23/2011,ADM,OK,ASW,CE,Federal Contract Tower,0,0,4,0,4,0,0,12,0,12,0,0,16,0,16,24,0,24,40
12/24/2011,ADM,OK,ASW,CE,Federal Contract Tower,0,0,0,0,0,0,0,2,0,2,0,0,2,0,2,0,0,0,2
12/25/2011,ADM,OK,ASW,CE,Federal Contract Tower,0,0,1,0,1,0,0,0,0,0,0,0,1,0,1,0,0,0,1
12/26/2011,ADM,OK,ASW,CE,Federal Contract Tower,0,0,5,1,6,0,0,16,0,16,0,0,21,1,22,9,8,17,39
12/27/2011,ADM,OK,ASW,CE,Federal Contract Tower,0,0,1,0,1,0,0,23,0,23,0,0,24,0,24,31,0,31,55
12/28/2011,ADM,OK,ASW,CE,Federal Contract Tower,0,0,3,2,5,0,0,32,0,32,0,0,35,2,37,0,0,0,37
12/29/2011,ADM,OK,ASW,CE,Federal Contract Tower,0,0,8,0,8,0,0,40,0,40,0,0,48,0,48,31,0,31,79
12/30/2011,ADM,OK,ASW,CE,Federal Contract Tower,0,0,0,0,0,0,0,38,0,38,0,0,38,0,38,30,0,30,68
12/31/2011,ADM,OK,ASW,CE,Federal Contract Tower,0,0,1,0,1,0,0,16,0,16,0,0,17,0,17,22,0,22,39
01/01/2012,ADM,OK,ASW,CE,Federal Contract Tower,0,0,0,0,0,0,0,13,0,13,0,0,13,0,13,0,0,0,13
01/02/2012,ADM,OK,ASW,CE,Federal Contract Tower,0,0,6,0,6,0,0,41,0,41,0,0,47,0,47,0,0,0,47
01/03/2012,ADM,OK,ASW,CE,Federal Contract Tower,0,0,8,0,8,0,0,33,0,33,0,0,41,0,41,18,0,18,59
01/04/2012,ADM,OK,ASW,CE,Federal Contract Tower,0,0,8,6,14,0,0,45,2,47,0,0,53,8,61,40,16,56,117
01/05/2012,ADM,OK,ASW,CE,Federal Contract Tower,0,0,8,0,8,0,0,34,0,34,0,0,42,0,42,18,0,18,60
01/06/2012,ADM,OK,ASW,CE,Federal Contract Tower,0,0,4,0,4,0,0,70,4,74,0,0,74,4,78,14,4,18,96
01/07/2012,ADM,OK,ASW,CE,Federal Contract Tower,0,0,1,0,1,0,0,11,0,11,0,0,12,0,12,6,0,6,18
01/08/2012,ADM,OK,ASW,CE,Federal Contract Tower,0,0,8,0,8,0,0,4,0,4,0,0,12,0,12,0,0,0,12
01/09/2012,ADM,OK,ASW,CE,Federal Contract Tower,0,0,3,6,9,0,1,5,2,8,0,1,8,8,17,4,30,34,51
01/10/2012,ADM,OK,ASW,CE,Federal Contract Tower,0,0,7,0,7,0,0,0,0,0,0,0,7,0,7,0,0,0,7
01/11/2012,ADM,OK,ASW,CE,Federal Contract Tower,0,0,8,0,8,0,0,39,0,39,0,0,47,0,47,17,0,17,64
01/12/2012,ADM,OK,ASW,CE,Federal Contract Tower,0,0,13,4,17,0,0,43,2,45,0,0,56,6,62,78,16,94,156
01/13/2012,ADM,OK,ASW,CE,Federal Contract Tower,0,0,5,0,5,0,0,52,0,52,0,0,57,0,57,56,0,56,113
01/14/2012,ADM,OK,ASW,CE,Federal Contract Tower,0,0,5,0,5,0,0,36,1,37,0,0,41,1,42,31,2,33,75
01/15/2012,ADM,OK,ASW,CE,Federal Contract Tower,0,0,2,0,2,0,0,28,0,28,0,0,30,0,30,2,0,2,32
01/16/2012,ADM,OK,ASW,CE,Federal Contract Tower,0,0,3,0,3,0,0,5,0,5,0,0,8,0,8,0,0,0,8
01/17/2012,ADM,OK,ASW,CE,Federal Contract Tower,0,0,4,5,9,0,0,0,0,0,0,0,4,5,9,8,40,48,57
01/18/2012,ADM,OK,ASW,CE,Federal Contract Tower,0,0,9,4,13,0,0,71,0,71,0,0,80,4,84,72,0,72,156
01/19/2012,ADM,OK,ASW,CE,Federal Contract Tower,0,0,3,4,7,0,0,34,5,39,0,0,37,9,46,52,12,64,110
01/20/2012,ADM,OK,ASW,CE,Federal Contract Tower,0,0,0,1,1,0,0,13,0,13,0,0,13,1,14,31,6,37,51
01/21/2012,ADM,OK,ASW,CE,Federal Contract Tower,0,0,3,0,3,0,0,15,0,15,0,0,18,0,18,27,0,27,45
01/22/2012,ADM,OK,ASW,CE,Federal Contract Tower,0,0,3,0,3,0,0,1,0,1,0,0,4,0,4,0,0,0,4
01/23/2012,ADM,OK,ASW,CE,Federal Contract Tower,0,0,5,3,8,0,0,39,0,39,0,0,44,3,47,4,16,20,67
01/24/2012,ADM,OK,ASW,CE,Federal Contract Tower,0,0,18,5,23,0,0,40,4,44,0,0,58,9,67,28,19,47,114
01/25/2012,ADM,OK,ASW,CE,Federal Contract Tower,0,0,28,0,28,0,0,0,0,0,0,0,28,0,28,0,0,0,28
01/26/2012,ADM,OK,ASW,CE,Federal Contract Tower,0,0,10,0,10,0,0,29,0,29,0,0,39,0,39,14,0,14,53
01/27/2012,ADM,OK,ASW,CE,Federal Contract Tower,0,0,1,0,1,0,0,37,0,37,0,0,38,0,38,2,0,2,40
01/28/2012,ADM,OK,ASW,CE,Federal Contract Tower,0,0,0,0,0,0,0,13,0,13,0,0,13,0,13,22,0,22,35
01/29/2012,ADM,OK,ASW,CE,Federal Contract Tower,0,0,0,0,0,0,0,19,0,19,0,0,19,0,19,0,0,0,19
01/30/2012,ADM,OK,ASW,CE,Federal Contract Tower,0,0,9,0,9,0,0,46,0,46,0,0,55,0,55,4,0,4,59
01/31/2012,ADM,OK,ASW,CE,Federal Contract Tower,0,0,9,0,9,0,0,48,0,48,0,0,57,0,57,29,0,29,86
02/01/2012,ADM,OK,ASW,CE,Federal Contract Tower,0,0,4,6,10,0,0,32,4,36,0,0,36,10,46,26,4,30,76
02/02/2012,ADM,OK,ASW,CE,Federal Contract Tower,0,0,14,0,14,0,0,20,0,20,0,0,34,0,34,30,0,30,64
02/03/2012,ADM,OK,ASW,CE,Federal Contract Tower,0,0,4,0,4,0,0,0,0,0,0,0,4,0,4,0,0,0,4
02/04/2012,ADM,OK,ASW,CE,Federal Contract Tower,0,0,4,3,7,0,0,6,0,6,0,0,10,3,13,24,12,36,49
02/05/2012,ADM,OK,ASW,CE,Federal Contract Tower,0,0,10,2,12,0,0,13,0,13,0,0,23,2,25,0,43,43,68
02/06/2012,ADM,OK,ASW,CE,Federal Contract Tower,0,0,0,0,0,0,0,22,0,22,0,0,22,0,22,8,0,8,30
02/07/2012,ADM,OK,ASW,CE,Federal Contract Tower,0,2,10,0,12,0,0,34,0,34,0,2,44,0,46,48,0,48,94
02/08/2012,ADM,OK,ASW,CE,Federal Contract Tower,0,0,26,0,26,0,0,10,0,10,0,0,36,0,36,0,0,0,36
02/09/2012,ADM,OK,ASW,CE,Federal Contract Tower,0,0,15,2,17,0,0,19,2,21,0,0,34,4,38,18,35,53,91
02/10/2012,ADM,OK,ASW,CE,Federal Contract Tower,0,0,12,1,13,0,0,10,1,11,0,0,22,2,24,16,21,37,61
02/11/2012,ADM,OK,ASW,CE,Federal Contract Tower,0,0,1,0,1,0,0,8,0,8,0,0,9,0,9,6,0,6,15
02/12/2012,ADM,OK,ASW,CE,Federal Contract Tower,0,0,3,0,3,0,0,21,0,21,0,0,24,0,24,26,0,26,50
02/13/2012,ADM,OK,ASW,CE,Federal Contract Tower,0,0,2,0,2,0,0,0,0,0,0,0,2,0,2,0,0,0,2
02/14/2012,ADM,OK,ASW,CE,Federal Contract Tower,0,0,23,0,23,0,0,0,0,0,0,0,23,0,23,0,0,0,23
02/15/2012,ADM,OK,ASW,CE,Federal Contract Tower,0,0,3,0,3,0,0,17,4,21,0,0,20,4,24,4,0,4,28
02/16/2012,ADM,OK,ASW,CE,Federal Contract Tower,0,0,14,0,14,0,0,62,0,62,0,0,76,0,76,56,0,56,132
02/17/2012,ADM,OK,ASW,CE,Federal Contract Tower,0,0,6,0,6,0,0,10,0,10,0,0,16,0,16,0,0,0,16
02/18/2012,ADM,OK,ASW,CE,Federal Contract Tower,0,0,2,0,2,0,0,0,0,0,0,0,2,0,2,0,0,0,2
02/19/2012,ADM,OK,ASW,CE,Federal Contract Tower,0,0,3,0,3,0,0,23,0,23,0,0,26,0,26,0,0,0,26
02/20/2012,ADM,OK,ASW,CE,Federal Contract Tower,0,0,2,0,2,0,0,1,0,1,0,0,3,0,3,6,0,6,9
02/21/2012,ADM,OK,ASW,CE,Federal Contract Tower,0,0,4,0,4,0,0,54,0,54,0,0,58,0,58,36,0,36,94
02/22/2012,ADM,OK,ASW,CE,Federal Contract Tower,0,0,2,0,2,0,0,93,0,93,0,0,95,0,95,55,0,55,150
02/23/2012,ADM,OK,ASW,CE,Federal Contract Tower,0,0,21,0,21,0,0,18,4,22,0,0,39,4,43,18,4,22,65
02/24/2012,ADM,OK,ASW,CE,Federal Contract Tower,0,0,9,0,9,0,0,73,0,73,0,0,82,0,82,26,0,26,108
02/25/2012,ADM,OK,ASW,CE,Federal Contract Tower,0,0,5,3,8,0,0,29,2,31,0,0,34,5,39,56,2,58,97
02/26/2012,ADM,OK,ASW,CE,Federal Contract Tower,0,0,2,0,2,0,0,12,0,12,0,0,14,0,14,12,0,12,26
02/27/2012,ADM,OK,ASW,CE,Federal Contract Tower,0,0,5,0,5,0,0,11,0,11,0,0,16,0,16,8,0,8,24
02/28/2012,ADM,OK,ASW,CE,Federal Contract Tower,0,0,19,1,20,0,0,6,1,7,0,0,25,2,27,0,0,0,27
02/29/2012,ADM,OK,ASW,CE,Federal Contract Tower,0,0,14,4,18,0,0,144,4,148,0,0,158,8,166,38,0,38,204
03/01/2012,ADM,OK,ASW,CE,Federal Contract Tower,0,0,7,0,7,0,0,54,0,54,0,0,61,0,61,74,0,74,135
03/02/2012,ADM,OK,ASW,CE,Federal Contract Tower,0,0,11,3,14,0,0,24,3,27,0,0,35,6,41,40,4,44,85
03/03/2012,ADM,OK,ASW,CE,Federal Contract Tower,0,0,3,2,5,0,0,47,1,48,0,0,50,3,53,62,8,70,123
03/04/2012,ADM,OK,ASW,CE,Federal Contract Tower,0,0,3,5,8,0,0,45,0,45,0,0,48,5,53,26,6,32,85
03/05/2012,ADM,OK,ASW,CE,Federal Contract Tower,0,0,3,5,8,0,0,63,3,66,0,0,66,8,74,98,46,144,218
03/06/2012,ADM,OK,ASW,CE,Federal Contract Tower,0,0,16,7,23,0,0,12,4,16,0,0,28,11,39,2,58,60,99
03/07/2012,ADM,OK,ASW,CE,Federal Contract Tower,0,0,7,2,9,0,0,28,0,28,0,0,35,2,37,6,0,6,43
03/08/2012,ADM,OK,ASW,CE,Federal Contract Tower,0,0,10,0,10,0,0,1,0,1,0,0,11,0,11,2,0,2,13
03/09/2012,ADM,OK,ASW,CE,Federal Contract Tower,0,0,10,0,10,0,0,28,1,29,0,0,38,1,39,48,2,50,89
03/10/2012,ADM,OK,ASW,CE,Federal Contract Tower,0,0,0,0,0,0,0,22,0,22,0,0,22,0,22,10,0,10,32
03/11/2012,ADM,OK,ASW,CE,Federal Contract Tower,0,0,3,0,3,0,0,0,0,0,0,0,3,0,3,16,0,16,19
03/12/2012,ADM,OK,ASW,CE,Federal Contract Tower,0,0,15,1,16,0,0,77,4,81,0,0,92,5,97,52,0,52,149
03/13/2012,ADM,OK,ASW,CE,Federal Contract Tower,0,0,13,0,13,0,0,9,0,9,0,0,22,0,22,4,0,4,26
03/14/2012,ADM,OK,ASW,CE,Federal Contract Tower,0,0,12,6,18,0,0,31,18,49,0,0,43,24,67,30,0,30,97
03/15/2012,ADM,OK,ASW,CE,Federal Contract Tower,0,0,5,4,9,0,0,17,2,19,0,0,22,6,28,8,4,12,40
03/16/2012,ADM,OK,ASW,CE,Federal Contract Tower,0,0,4,0,4,0,0,36,0,36,0,0,40,0,40,32,0,32,72
03/17/2012,ADM,OK,ASW,CE,Federal Contract Tower,0,0,3,0,3,0,0,4,0,4,0,0,7,0,7,4,0,4,11
03/18/2012,ADM,OK,ASW,CE,Federal Contract Tower,0,1,2,0,3,0,0,0,0,0,0,1,2,0,3,0,0,0,3
03/19/2012,ADM,OK,ASW,CE,Federal Contract Tower,0,0,2,0,2,0,0,0,0,0,0,0,2,0,2,0,0,0,2
03/20/2012,ADM,OK,ASW,CE,Federal Contract Tower,0,2,2,0,4,0,0,11,5,16,0,2,13,5,20,0,0,0,20
03/21/2012,ADM,OK,ASW,CE,Federal Contract Tower,0,0,2,1,3,0,0,36,2,38,0,0,38,3,41,14,4,18,59
03/22/2012,ADM,OK,ASW,CE,Federal Contract Tower,0,0,6,0,6,0,0,1,0,1,0,0,7,0,7,4,0,4,11
03/23/2012,ADM,OK,ASW,CE,Federal Contract Tower,0,0,6,0,6,0,0,34,5,39,0,0,40,5,45,60,24,84,129
03/24/2012,ADM,OK,ASW,CE,Federal Contract Tower,0,0,0,0,0,0,0,52,0,52,0,0,52,0,52,56,0,56,108
03/25/2012,ADM,OK,ASW,CE,Federal Contract Tower,0,0,0,0,0,0,0,100,0,100,0,0,100,0,100,68,0,68,168
03/26/2012,ADM,OK,ASW,CE,Federal Contract Tower,0,0,2,0,2,0,0,43,1,44,0,0,45,1,46,42,16,58,104
03/27/2012,ADM,OK,ASW,CE,Federal Contract Tower,0,0,3,0,3,0,0,61,0,61,0,0,64,0,64,22,0,22,86
03/28/2012,ADM,OK,ASW,CE,Federal Contract Tower,0,0,8,12,20,0,0,39,8,47,0,0,47,20,67,76,56,132,199
03/29/2012,ADM,OK,ASW,CE,Federal Contract Tower,0,0,6,9,15,0,0,23,0,23,0,0,29,9,38,12,0,12,50
03/30/2012,ADM,OK,ASW,CE,Federal Contract Tower,0,0,4,1,5,0,0,28,11,39,0,0,32,12,44,30,22,52,96
03/31/2012,ADM,OK,ASW,CE,Federal Contract Tower,0,0,1,0,1,0,0,5,0,5,0,0,6,0,6,10,0,10,16
04/01/2012,ADM,OK,ASW,CE,Federal Contract Tower,0,0,2,0,2,0,0,20,3,23,0,0,22,3,25,2,6,8,33
04/02/2012,ADM,OK,ASW,CE,Federal Contract Tower,0,0,9,0,9,0,0,15,0,15,0,0,24,0,24,24,0,24,48
04/03/2012,ADM,OK,ASW,CE,Federal Contract Tower,0,0,2,0,2,0,0,3,0,3,0,0,5,0,5,0,0,0,5
04/04/2012,ADM,OK,ASW,CE,Federal Contract Tower,0,0,17,3,20,0,0,38,0,38,0,0,55,3,58,77,0,77,135
04/05/2012,ADM,OK,ASW,CE,Federal Contract Tower,0,0,16,4,20,0,0,57,2,59,0,0,73,6,79,36,8,44,123
04/06/2012,ADM,OK,ASW,CE,Federal Contract Tower,0,0,7,0,7,0,0,37,0,37,0,0,44,0,44,56,0,56,100
04/07/2012,ADM,OK,ASW,CE,Federal Contract Tower,0,0,4,0,4,0,0,26,0,26,0,0,30,0,30,58,0,58,88
04/08/2012,ADM,OK,ASW,CE,Federal Contract Tower,0,0,2,0,2,0,0,0,0,0,0,0,2,0,2,0,0,0,2
04/09/2012,ADM,OK,ASW,CE,Federal Contract Tower,0,0,3,0,3,0,0,4,0,4,0,0,7,0,7,54,0,54,61
04/10/2012,ADM,OK,ASW,CE,Federal Contract Tower,0,0,9,0,9,0,0,23,2,25,0,0,32,2,34,32,16,48,82
04/11/2012,ADM,OK,ASW,CE,Federal Contract Tower,0,0,15,0,15,0,0,12,0,12,0,0,27,0,27,16,0,16,43
04/12/2012,ADM,OK,ASW,CE,Federal Contract Tower,0,0,12,6,18,0,0,10,0,10,0,0,22,6,28,22,18,40,68
04/13/2012,ADM,OK,ASW,CE,Federal Contract Tower,0,0,2,2,4,0,0,10,2,12,0,0,12,4,16,12,0,12,28
04/14/2012,ADM,OK,ASW,CE,Federal Contract Tower,0,0,6,0,6,0,0,7,0,7,0,0,13,0,13,6,0,6,19
04/15/2012,ADM,OK,ASW,CE,Federal Contract Tower,0,0,0,0,0,0,0,2,0,2,0,0,2,0,2,12,0,12,14
04/16/2012,ADM,OK,ASW,CE,Federal Contract Tower,0,0,8,1,9,0,0,48,4,52,0,0,56,5,61,30,18,48,109
04/17/2012,ADM,OK,ASW,CE,Federal Contract Tower,0,0,6,6,12,0,0,68,4,72,0,0,74,10,84,74,6,80,164
04/18/2012,ADM,OK,ASW,CE,Federal Contract Tower,0,0,9,1,10,0,0,75,4,79,0,0,84,5,89,48,4,52,141
04/19/2012,ADM,OK,ASW,CE,Federal Contract Tower,0,0,7,6,13,0,0,29,0,29,0,0,36,6,42,20,0,20,62
04/20/2012,ADM,OK,ASW,CE,Federal Contract Tower,0,0,11,2,13,0,0,12,2,14,0,0,23,4,27,2,56,58,85
04/21/2012,ADM,OK,ASW,CE,Federal Contract Tower,0,0,7,2,9,0,0,32,1,33,0,0,39,3,42,34,2,36,78
04/22/2012,ADM,OK,ASW,CE,Federal Contract Tower,0,0,5,0,5,0,0,14,0,14,0,0,19,0,19,6,0,6,25
04/23/2012,ADM,OK,ASW,CE,Federal Contract Tower,0,0,2,0,2,0,0,31,0,31,0,0,33,0,33,40,0,40,73
04/24/2012,ADM,OK,ASW,CE,Federal Contract Tower,0,0,10,0,10,0,0,28,0,28,0,0,38,0,38,16,0,16,54
04/25/2012,ADM,OK,ASW,CE,Federal Contract Tower,0,0,19,4,23,0,0,33,0,33,0,0,52,4,56,8,28,36,92
04/26/2012,ADM,OK,ASW,CE,Federal Contract Tower,0,0,15,9,24,0,0,11,6,17,0,0,26,15,41,26,66,92,133
04/27/2012,ADM,OK,ASW,CE,Federal Contract Tower,0,0,14,7,21,0,0,31,0,31,0,0,45,7,52,14,52,66,118
04/28/2012,ADM,OK,ASW,CE,Federal Contract Tower,0,0,10,0,10,0,0,13,0,13,0,0,23,0,23,30,0,30,53
04/29/2012,ADM,OK,ASW,CE,Federal Contract Tower,0,0,3,0,3,0,0,3,0,3,0,0,6,0,6,0,0,0,6
04/30/2012,ADM,OK,ASW,CE,Federal Contract Tower,0,0,7,0,7,0,0,1,0,1,0,0,8,0,8,2,0,2,10
05/01/2012,ADM,OK,ASW,CE,Federal Contract Tower,0,0,12,2,14,0,0,23,3,26,0,0,35,5,40,0,144,144,184
05/02/2012,ADM,OK,ASW,CE,Federal Contract Tower,0,0,11,2,13,0,0,28,0,28,0,0,39,2,41,36,0,36,77
05/03/2012,ADM,OK,ASW,CE,Federal Contract Tower,0,0,10,2,12,0,0,46,10,56,0,0,56,12,68,90,36,126,194
05/04/2012,ADM,OK,ASW,CE,Federal Contract Tower,0,0,6,0,6,0,0,25,2,27,0,0,31,2,33,15,0,15,48
05/05/2012,ADM,OK,ASW,CE,Federal Contract Tower,0,0,4,0,4,0,0,20,0,20,0,0,24,0,24,28,0,28,52
05/06/2012,ADM,OK,ASW,CE,Federal Contract Tower,0,1,1,0,2,0,0,12,0,12,0,1,13,0,14,8,0,8,22
05/07/2012,ADM,OK,ASW,CE,Federal Contract Tower,0,0,1,5,6,0,0,1,2,3,0,0,2,7,9,2,2,4,13
05/08/2012,ADM,OK,ASW,CE,Federal Contract Tower,0,0,11,1,12,0,0,11,3,14,0,0,22,4,26,0,6,6,32
05/09/2012,ADM,OK,ASW,CE,Federal Contract Tower,0,0,9,0,9,0,0,80,4,84,0,0,89,4,93,94,0,94,187
05/10/2012,ADM,OK,ASW,CE,Federal Contract Tower,0,0,9,4,13,0,0,29,1,30,0,0,38,5,43,20,0,20,63
05/11/2012,ADM,OK,ASW,CE,Federal Contract Tower,0,0,6,0,6,0,0,4,0,4,0,0,10,0,10,0,0,0,10
05/12/2012,ADM,OK,ASW,CE,Federal Contract Tower,0,0,4,0,4,0,0,8,0,8,0,0,12,0,12,14,0,14,26
05/13/2012,ADM,OK,ASW,CE,Federal Contract Tower,0,0,3,0,3,0,0,22,0,22,0,0,25,0,25,1,0,1,26
05/14/2012,ADM,OK,ASW,CE,Federal Contract Tower,0,0,9,8,17,0,0,69,10,79,0,0,78,18,96,58,2,60,156
05/15/2012,ADM,OK,ASW,CE,Federal Contract Tower,0,0,12,0,12,0,0,73,4,77,0,0,85,4,89,55,0,55,144
05/16/2012,ADM,OK,ASW,CE,Federal Contract Tower,0,0,17,5,22,0,0,70,0,70,0,0,87,5,92,54,0,54,146
05/17/2012,ADM,OK,ASW,CE,Federal Contract Tower,0,0,16,1,17,0,0,47,1,48,0,0,63,2,65,68,0,68,133
05/18/2012,ADM,OK,ASW,CE,Federal Contract Tower,0,0,3,2,5,0,0,26,6,32,0,0,29,8,37,28,4,32,69
05/19/2012,ADM,OK,ASW,CE,Federal Contract Tower,0,0,1,0,1,0,0,13,0,13,0,0,14,0,14,59,0,59,73
05/20/2012,ADM,OK,ASW,CE,Federal Contract Tower,0,2,2,0,4,0,0,7,0,7,0,2,9,0,11,6,0,6,17
05/21/2012,ADM,OK,ASW,CE,Federal Contract Tower,0,1,6,0,7,0,0,34,4,38,0,1,40,4,45,65,0,65,110
05/22/2012,ADM,OK,ASW,CE,Federal Contract Tower,0,1,11,0,12,0,0,45,17,62,0,1,56,17,74,63,39,102,176
05/23/2012,ADM,OK,ASW,CE,Federal Contract Tower,0,0,6,0,6,0,0,56,18,74,0,0,62,18,80,56,0,56,136
05/24/2012,ADM,OK,ASW,CE,Federal Contract Tower,0,1,10,4,15,0,0,36,2,38,0,1,46,6,53,24,28,52,105
05/25/2012,ADM,OK,ASW,CE,Federal Contract Tower,0,0,13,0,13,0,0,12,0,12,0,0,25,0,25,12,0,12,37
05/26/2012,ADM,OK,ASW,CE,Federal Contract Tower,0,0,5,0,5,0,0,8,0,8,0,0,13,0,13,20,0,20,33
05/27/2012,ADM,OK,ASW,CE,Federal Contract Tower,0,0,4,0,4,0,0,6,0,6,0,0,10,0,10,6,0,6,16
05/28/2012,ADM,OK,ASW,CE,Federal Contract Tower,0,0,5,2,7,0,0,27,3,30,0,0,32,5,37,27,3,30,67
05/29/2012,ADM,OK,ASW,CE,Federal Contract Tower,0,0,7,0,7,0,0,39,0,39,0,0,46,0,46,2,0,2,48
05/30/2012,ADM,OK,ASW,CE,Federal Contract Tower,0,0,10,0,10,0,0,13,6,19,0,0,23,6,29,0,28,28,57
05/31/2012,ADM,OK,ASW,CE,Federal Contract Tower,0,0,11,4,15,0,0,27,3,30,0,0,38,7,45,35,19,54,99
06/01/2012,ADM,OK,ASW,CE,Federal Contract Tower,0,0,9,0,9,0,0,105,0,105,0,0,114,0,114,16,0,16,130
06/02/2012,ADM,OK,ASW,CE,Federal Contract Tower,0,0,4,0,4,0,0,25,0,25,0,0,29,0,29,32,0,32,61
06/03/2012,ADM,OK,ASW,CE,Federal Contract Tower,0,0,3,0,3,0,0,17,0,17,0,0,20,0,20,18,0,18,38
06/04/2012,ADM,OK,ASW,CE,Federal Contract Tower,0,0,6,0,6,0,0,6,0,6,0,0,12,0,12,6,0,6,18
06/05/2012,ADM,OK,ASW,CE,Federal Contract Tower,0,0,6,2,8,0,0,5,0,5,0,0,11,2,13,0,0,0,13
06/06/2012,ADM,OK,ASW,CE,Federal Contract Tower,0,0,13,0,13,0,0,6,0,6,0,0,19,0,19,0,0,0,19
06/07/2012,ADM,OK,ASW,CE,Federal Contract Tower,0,0,11,0,11,0,0,4,0,4,0,0,15,0,15,6,0,6,21
06/08/2012,ADM,OK,ASW,CE,Federal Contract Tower,0,0,10,0,10,0,0,65,0,65,0,0,75,0,75,34,24,58,133
06/09/2012,ADM,OK,ASW,CE,Federal Contract Tower,0,0,3,0,3,0,0,46,0,46,0,0,49,0,49,22,0,22,71
06/10/2012,ADM,OK,ASW,CE,Federal Contract Tower,0,0,2,8,10,0,0,22,4,26,0,0,24,12,36,16,0,16,52
06/11/2012,ADM,OK,ASW,CE,Federal Contract Tower,0,0,3,0,3,0,0,23,0,23,0,0,26,0,26,16,0,16,42
06/12/2012,ADM,OK,ASW,CE,Federal Contract Tower,0,0,7,0,7,0,0,10,0,10,0,0,17,0,17,8,0,8,25
06/13/2012,ADM,OK,ASW,CE,Federal Contract Tower,0,0,4,0,4,0,0,2,0,2,0,0,6,0,6,0,0,0,6
06/14/2012,ADM,OK,ASW,CE,Federal Contract Tower,0,0,43,2,45,0,0,65,4,69,0,0,108,6,114,75,0,75,189
06/15/2012,ADM,OK,ASW,CE,Federal Contract Tower,0,0,0,0,0,0,0,14,6,20,0,0,14,6,20,6,0,6,26
06/16/2012,ADM,OK,ASW,CE,Federal Contract Tower,0,0,2,0,2,0,0,4,0,4,0,0,6,0,6,8,0,8,14
06/17/2012,ADM,OK,ASW,CE,Federal Contract Tower,0,0,0,4,4,0,0,11,0,11,0,0,11,4,15,0,0,0,15
06/18/2012,ADM,OK,ASW,CE,Federal Contract Tower,0,0,18,0,18,0,0,21,4,25,0,0,39,4,43,6,0,6,49
06/19/2012,ADM,OK,ASW,CE,Federal Contract Tower,0,0,17,0,17,0,0,21,2,23,0,0,38,2,40,4,0,4,44
06/20/2012,ADM,OK,ASW,CE,Federal Contract Tower,0,0,10,6,16,0,0,24,2,26,0,0,34,8,42,29,0,29,71
06/21/2012,ADM,OK,ASW,CE,Federal Contract Tower,0,0,12,0,12,0,0,50,0,50,0,0,62,0,62,54,0,54,116
06/22/2012,ADM,OK,ASW,CE,Federal Contract Tower,0,0,6,4,10,0,0,33,4,37,0,0,39,8,47,38,0,38,85
06/23/2012,ADM,OK,ASW,CE,Federal Contract Tower,0,0,2,0,2,0,0,6,0,6,0,0,8,0,8,20,0,20,28
06/24/2012,ADM,OK,ASW,CE,Federal Contract Tower,0,0,5,0,5,0,0,23,0,23,0,0,28,0,28,10,0,10,38
06/25/2012,ADM,OK,ASW,CE,Federal Contract Tower,0,0,5,3,8,0,0,36,2,38,0,0,41,5,46,12,0,12,58
06/26/2012,ADM,OK,ASW,CE,Federal Contract Tower,0,1,5,2,8,0,0,31,0,31,0,1,36,2,39,6,0,6,45
06/27/2012,ADM,OK,ASW,CE,Federal Contract Tower,0,0,8,11,19,0,0,32,0,32,0,0,40,11,51,20,0,20,71
06/28/2012,ADM,OK,ASW,CE,Federal Contract Tower,0,0,5,0,5,0,0,16,0,16,0,0,21,0,21,10,0,10,31
06/29/2012,ADM,OK,ASW,CE,Federal Contract Tower,0,0,11,0,11,0,0,31,2,33,0,0,42,2,44,16,4,20,64
06/30/2012,ADM,OK,ASW,CE,Federal Contract Tower,0,0,1,0,1,0,0,13,0,13,0,0,14,0,14,10,0,10,24
07/01/2012,ADM,OK,ASW,CE,Federal Contract Tower,0,0,6,0,6,0,0,4,0,4,0,0,10,0,10,4,0,4,14
07/02/2012,ADM,OK,ASW,CE,Federal Contract Tower,0,0,8,4,12,0,0,13,0,13,0,0,21,4,25,14,0,14,39
07/03/2012,ADM,OK,ASW,CE,Federal Contract Tower,0,0,2,10,12,0,0,37,2,39,0,0,39,12,51,8,39,47,98
07/04/2012,ADM,OK,ASW,CE,Federal Contract Tower,0,0,2,0,2,0,0,22,1,23,0,0,24,1,25,0,0,0,25
07/05/2012,ADM,OK,ASW,CE,Federal Contract Tower,0,0,3,0,3,0,0,27,0,27,0,0,30,0,30,26,0,26,56
07/06/2012,ADM,OK,ASW,CE,Federal Contract Tower,0,0,0,0,0,0,0,20,0,20,0,0,20,0,20,32,0,32,52
07/07/2012,ADM,OK,ASW,CE,Federal Contract Tower,0,0,2,0,2,0,0,10,0,10,0,0,12,0,12,16,0,16,28
07/08/2012,ADM,OK,ASW,CE,Federal Contract Tower,0,0,2,0,2,0,0,5,0,5,0,0,7,0,7,4,0,4,11
07/09/2012,ADM,OK,ASW,CE,Federal Contract Tower,0,0,7,0,7,0,0,9,0,9,0,0,16,0,16,12,52,64,80
07/10/2012,ADM,OK,ASW,CE,Federal Contract Tower,0,0,3,3,6,0,1,14,5,20,0,1,17,8,26,28,10,38,64
07/11/2012,ADM,OK,ASW,CE,Federal Contract Tower,0,0,8,11,19,0,0,41,12,53,0,0,49,23,72,72,28,100,172
07/12/2012,ADM,OK,ASW,CE,Federal Contract Tower,0,0,12,3,15,0,0,36,5,41,0,0,48,8,56,50,0,50,106
07/13/2012,ADM,OK,ASW,CE,Federal Contract Tower,0,0,9,8,17,0,0,45,2,47,0,0,54,10,64,25,58,83,147
07/14/2012,ADM,OK,ASW,CE,Federal Contract Tower,0,0,3,0,3,0,0,63,0,63,0,0,66,0,66,22,0,22,88
07/15/2012,ADM,OK,ASW,CE,Federal Contract Tower,0,0,4,0,4,0,0,16,0,16,0,0,20,0,20,6,0,6,26
07/16/2012,ADM,OK,ASW,CE,Federal Contract Tower,0,0,7,0,7,0,0,40,10,50,0,0,47,10,57,4,92,96,153
07/17/2012,ADM,OK,ASW,CE,Federal Contract Tower,0,0,8,2,10,0,0,46,4,50,0,0,54,6,60,24,56,80,140
07/18/2012,ADM,OK,ASW,CE,Federal Contract Tower,0,0,12,0,12,0,0,50,17,67,0,0,62,17,79,30,56,86,165
07/19/2012,ADM,OK,ASW,CE,Federal Contract Tower,0,0,5,1,6,0,0,0,0,0,0,0,5,1,6,32,0,32,38
07/20/2012,ADM,OK,ASW,CE,Federal Contract Tower,0,0,19,6,25,0,0,42,0,42,0,0,61,6,67,8,12,20,87
07/21/2012,ADM,OK,ASW,CE,Federal Contract Tower,0,0,3,0,3,0,0,19,0,19,0,0,22,0,22,14,0,14,36
07/22/2012,ADM,OK,ASW,CE,Federal Contract Tower,0,0,4,0,4,0,0,15,0,15,0,0,19,0,19,16,0,16,35
07/23/2012,ADM,OK,ASW,CE,Federal Contract Tower,0,0,3,0,3,0,0,22,0,22,0,0,25,0,25,30,0,30,55
07/24/2012,ADM,OK,ASW,CE,Federal Contract Tower,0,0,7,4,11,0,0,37,1,38,0,0,44,5,49,7,24,31,80
07/25/2012,ADM,OK,ASW,CE,Federal Contract Tower,0,0,11,0,11,0,0,51,0,51,0,0,62,0,62,44,0,44,106
07/26/2012,ADM,OK,ASW,CE,Federal Contract Tower,0,0,7,0,7,0,0,11,0,11,0,0,18,0,18,18,0,18,36
07/27/2012,ADM,OK,ASW,CE,Federal Contract Tower,0,0,25,8,33,0,0,87,0,87,0,0,112,8,120,4,0,4,124
07/28/2012,ADM,OK,ASW,CE,Federal Contract Tower,0,0,8,1,9,0,0,25,0,25,0,0,33,1,34,18,4,22,56
07/29/2012,ADM,OK,ASW,CE,Federal Contract Tower,0,0,2,2,4,0,0,12,0,12,0,0,14,2,16,4,0,4,20
07/30/2012,ADM,OK,ASW,CE,Federal Contract Tower,0,0,8,5,13,0,0,25,3,28,0,0,33,8,41,13,22,35,76
07/31/2012,ADM,OK,ASW,CE,Federal Contract Tower,0,0,10,8,18,0,0,29,1,30,0,0,39,9,48,16,17,33,81
08/01/2012,ADM,OK,ASW,CE,Federal Contract Tower,0,0,15,0,15,0,0,71,6,77,0,0,86,6,92,54,18,72,164
08/02/2012,ADM,OK,ASW,CE,Federal Contract Tower,0,0,9,7,16,0,0,38,2,40,0,0,47,9,56,52,57,109,165
08/03/2012,ADM,OK,ASW,CE,Federal Contract Tower,0,0,13,0,13,0,0,20,2,22,0,0,33,2,35,29,0,29,64
08/04/2012,ADM,OK,ASW,CE,Federal Contract Tower,0,0,2,3,5,0,0,20,0,20,0,0,22,3,25,0,6,6,31
08/05/2012,ADM,OK,ASW,CE,Federal Contract Tower,0,0,1,4,5,0,2,8,0,10,0,2,9,4,15,10,0,10,25
08/06/2012,ADM,OK,ASW,CE,Federal Contract Tower,0,0,11,17,28,0,0,31,4,35,0,0,42,21,63,12,7,19,82
08/07/2012,ADM,OK,ASW,CE,Federal Contract Tower,0,0,12,10,22,0,0,48,1,49,0,0,60,11,71,0,6,6,77
08/08/2012,ADM,OK,ASW,CE,Federal Contract Tower,0,0,10,21,31,0,0,0,0,0,0,0,10,21,31,12,24,36,67
08/09/2012,ADM,OK,ASW,CE,Federal Contract Tower,0,0,11,0,11,0,0,51,6,57,0,0,62,6,68,96,2,98,166
08/10/2012,ADM,OK,ASW,CE,Federal Contract Tower,0,0,14,8,22,0,0,96,0,96,0,0,110,8,118,40,0,40,158
08/11/2012,ADM,OK,ASW,CE,Federal Contract Tower,0,0,0,0,0,0,0,0,0,0,0,0,0,0,0,38,0,38,38
08/12/2012,ADM,OK,ASW,CE,Federal Contract Tower,0,0,2,0,2,0,0,10,0,10,0,0,12,0,12,22,0,22,34
08/13/2012,ADM,OK,ASW,CE,Federal Contract Tower,0,0,10,14,24,0,0,24,2,26,0,0,34,16,50,14,24,38,88
08/14/2012,ADM,OK,ASW,CE,Federal Contract Tower,0,0,16,11,27,0,0,43,2,45,0,0,59,13,72,18,42,60,132
08/15/2012,ADM,OK,ASW,CE,Federal Contract Tower,0,2,12,1,15,0,0,18,1,19,0,2,30,2,34,21,0,21,55
08/16/2012,ADM,OK,ASW,CE,Federal Contract Tower,0,0,14,0,14,0,0,8,0,8,0,0,22,0,22,8,0,8,30
08/17/2012,ADM,OK,ASW,CE,Federal Contract Tower,0,0,6,8,14,0,0,28,3,31,0,0,34,11,45,42,90,132,177
08/18/2012,ADM,OK,ASW,CE,Federal Contract Tower,0,0,2,0,2,0,0,4,0,4,0,0,6,0,6,6,0,6,12
08/19/2012,ADM,OK,ASW,CE,Federal Contract Tower,0,0,10,6,16,0,0,6,0,6,0,0,16,6,22,4,0,4,26
08/20/2012,ADM,OK,ASW,CE,Federal Contract Tower,0,0,2,9,11,0,0,36,19,55,0,0,38,28,66,28,38,66,132
08/21/2012,ADM,OK,ASW,CE,Federal Contract Tower,0,0,14,11,25,0,0,46,8,54,0,0,60,19,79,30,26,56,135
08/22/2012,ADM,OK,ASW,CE,Federal Contract Tower,0,0,7,6,13,0,0,39,4,43,0,0,46,10,56,6,6,12,68
08/23/2012,ADM,OK,ASW,CE,Federal Contract Tower,0,0,6,17,23,0,0,25,7,32,0,0,31,24,55,28,20,48,103
08/24/2012,ADM,OK,ASW,CE,Federal Contract Tower,0,1,7,0,8,0,0,32,0,32,0,1,39,0,40,28,0,28,68
08/25/2012,ADM,OK,ASW,CE,Federal Contract Tower,0,0,3,0,3,0,0,12,0,12,0,0,15,0,15,0,0,0,15
08/26/2012,ADM,OK,ASW,CE,Federal Contract Tower,0,1,2,0,3,0,0,3,0,3,0,1,5,0,6,0,0,0,6
08/27/2012,ADM,OK,ASW,CE,Federal Contract Tower,0,0,6,6,12,0,0,31,5,36,0,0,37,11,48,22,23,45,93
08/28/2012,ADM,OK,ASW,CE,Federal Contract Tower,0,0,8,6,14,0,0,61,1,62,0,0,69,7,76,72,0,72,148
08/29/2012,ADM,OK,ASW,CE,Federal Contract Tower,0,0,6,13,19,0,0,33,9,42,0,0,39,22,61,46,32,78,139
08/30/2012,ADM,OK,ASW,CE,Federal Contract Tower,0,0,7,0,7,0,0,41,0,41,0,0,48,0,48,34,0,34,82
08/31/2012,ADM,OK,ASW,CE,Federal Contract Tower,0,1,10,7,18,0,0,22,3,25,0,1,32,10,43,36,2,38,81
09/01/2012,ADM,OK,ASW,CE,Federal Contract Tower,0,0,5,0,5,0,0,17,0,17,0,0,22,0,22,38,0,38,60
09/02/2012,ADM,OK,ASW,CE,Federal Contract Tower,0,0,2,0,2,0,0,21,0,21,0,0,23,0,23,48,0,48,71
09/03/2012,ADM,OK,ASW,CE,Federal Contract Tower,0,0,2,0,2,0,0,39,0,39,0,0,41,0,41,76,0,76,117
09/04/2012,ADM,OK,ASW,CE,Federal Contract Tower,0,0,8,2,10,0,0,28,2,30,0,0,36,4,40,56,42,98,138
09/05/2012,ADM,OK,ASW,CE,Federal Contract Tower,0,0,5,2,7,0,0,16,4,20,0,0,21,6,27,1,0,1,28
09/06/2012,ADM,OK,ASW,CE,Federal Contract Tower,0,0,13,0,13,0,1,12,0,13,0,1,25,0,26,2,0,2,28
09/07/2012,ADM,OK,ASW,CE,Federal Contract Tower,0,0,8,0,8,0,0,37,1,38,0,0,45,1,46,12,0,12,58
09/08/2012,ADM,OK,ASW,CE,Federal Contract Tower,0,0,3,4,7,0,0,44,2,46,0,0,47,6,53,4,2,6,59
09/09/2012,ADM,OK,ASW,CE,Federal Contract Tower,0,0,2,2,4,0,0,16,0,16,0,0,18,2,20,20,0,20,40
09/10/2012,ADM,OK,ASW,CE,Federal Contract Tower,0,2,8,6,16,0,0,34,1,35,0,2,42,7,51,0,2,2,53
09/11/2012,ADM,OK,ASW,CE,Federal Contract Tower,0,0,17,0,17,0,0,39,4,43,0,0,56,4,60,52,0,52,112
09/12/2012,ADM,OK,ASW,CE,Federal Contract Tower,0,0,13,15,28,0,0,48,19,67,0,0,61,34,95,7,41,48,143
09/13/2012,ADM,OK,ASW,CE,Federal Contract Tower,0,0,9,2,11,0,0,3,0,3,0,0,12,2,14,3,0,3,17
09/14/2012,ADM,OK,ASW,CE,Federal Contract Tower,0,2,12,4,18,0,0,2,0,2,0,2,14,4,20,0,0,0,20
09/15/2012,ADM,OK,ASW,CE,Federal Contract Tower,0,0,5,0,5,0,0,6,0,6,0,0,11,0,11,0,0,0,11
09/16/2012,ADM,OK,ASW,CE,Federal Contract Tower,0,0,10,0,10,0,0,4,0,4,0,0,14,0,14,0,0,0,14
09/17/2012,ADM,OK,ASW,CE,Federal Contract Tower,0,1,5,0,6,0,0,7,0,7,0,1,12,0,13,22,0,22,35
09/18/2012,ADM,OK,ASW,CE,Federal Contract Tower,0,0,2,0,2,0,0,20,4,24,0,0,22,4,26,4,0,4,30
09/19/2012,ADM,OK,ASW,CE,Federal Contract Tower,0,0,7,6,13,0,0,51,20,71,0,0,58,26,84,26,18,44,128
09/20/2012,ADM,OK,ASW,CE,Federal Contract Tower,0,2,16,2,20,0,0,53,0,53,0,2,69,2,73,12,8,20,93
09/21/2012,ADM,OK,ASW,CE,Federal Contract Tower,0,2,11,0,13,0,3,33,0,36,0,5,44,0,49,6,14,20,69
09/22/2012,ADM,OK,ASW,CE,Federal Contract Tower,0,0,5,0,5,0,0,50,0,50,0,0,55,0,55,40,0,40,95
09/23/2012,ADM,OK,ASW,CE,Federal Contract Tower,0,2,1,0,3,0,0,14,0,14,0,2,15,0,17,0,0,0,17
09/24/2012,ADM,OK,ASW,CE,Federal Contract Tower,0,2,16,1,19,0,6,47,9,62,0,8,63,10,81,8,32,40,121
09/25/2012,ADM,OK,ASW,CE,Federal Contract Tower,0,0,20,8,28,0,0,15,4,19,0,0,35,12,47,10,42,52,99
09/26/2012,ADM,OK,ASW,CE,Federal Contract Tower,0,0,4,11,15,0,0,12,10,22,0,0,16,21,37,34,60,94,131
09/27/2012,ADM,OK,ASW,CE,Federal Contract Tower,0,1,6,0,7,0,0,13,7,20,0,1,19,7,27,0,0,0,27
09/28/2012,ADM,OK,ASW,CE,Federal Contract Tower,0,0,14,0,14,0,0,10,0,10,0,0,24,0,24,14,0,14,38
09/29/2012,ADM,OK,ASW,CE,Federal Contract Tower,0,0,1,0,1,0,0,0,0,0,0,0,1,0,1,0,0,0,1
09/30/2012,ADM,OK,ASW,CE,Federal Contract Tower,0,0,6,0,6,0,0,3,0,3,0,0,9,0,9,2,0,2,11
10/01/2012,ADM,OK,ASW,CE,Federal Contract Tower,0,0,12,9,21,0,0,38,9,47,0,0,50,18,68,6,52,58,126
10/02/2012,ADM,OK,ASW,CE,Federal Contract Tower,0,0,14,7,21,0,0,35,3,38,0,0,49,10,59,44,4,48,107
10/03/2012,ADM,OK,ASW,CE,Federal Contract Tower,0,0,12,18,30,0,0,58,6,64,0,0,70,24,94,38,34,72,166
10/04/2012,ADM,OK,ASW,CE,Federal Contract Tower,0,8,11,5,24,0,0,11,4,15,0,8,22,9,39,12,0,12,51
10/05/2012,ADM,OK,ASW,CE,Federal Contract Tower,0,0,9,2,11,0,0,6,1,7,0,0,15,3,18,0,20,20,38
10/06/2012,ADM,OK,ASW,CE,Federal Contract Tower,0,0,5,0,5,0,0,13,0,13,0,0,18,0,18,4,0,4,22
10/07/2012,ADM,OK,ASW,CE,Federal Contract Tower,0,0,1,0,1,0,0,5,0,5,0,0,6,0,6,10,0,10,16
10/08/2012,ADM,OK,ASW,CE,Federal Contract Tower,0,2,5,0,7,0,0,54,1,55,0,2,59,1,62,22,0,22,84
10/09/2012,ADM,OK,ASW,CE,Federal Contract Tower,0,0,9,0,9,0,0,34,7,41,0,0,43,7,50,26,44,70,120
10/10/2012,ADM,OK,ASW,CE,Federal Contract Tower,0,0,20,4,24,0,0,8,12,20,0,0,28,16,44,10,46,56,100
10/11/2012,ADM,OK,ASW,CE,Federal Contract Tower,0,0,15,3,18,0,0,5,0,5,0,0,20,3,23,0,0,0,23
10/12/2012,ADM,OK,ASW,CE,Federal Contract Tower,0,0,18,9,27,0,5,39,15,59,0,5,57,24,86,26,50,76,162
10/13/2012,ADM,OK,ASW,CE,Federal Contract Tower,0,0,7,0,7,0,0,24,0,24,0,0,31,0,31,0,0,0,31
10/14/2012,ADM,OK,ASW,CE,Federal Contract Tower,0,0,2,0,2,0,0,34,0,34,0,0,36,0,36,2,0,2,38
10/15/2012,ADM,OK,ASW,CE,Federal Contract Tower,0,4,15,0,19,0,0,54,15,69,0,4,69,15,88,28,18,46,134
10/16/2012,ADM,OK,ASW,CE,Federal Contract Tower,0,0,10,2,12,0,0,42,4,46,0,0,52,6,58,34,48,82,140
10/17/2012,ADM,OK,ASW,CE,Federal Contract Tower,0,0,4,15,19,0,0,29,0,29,0,0,33,15,48,8,42,50,98
10/18/2012,ADM,OK,ASW,CE,Federal Contract Tower,0,2,13,6,21,0,0,48,1,49,0,2,61,7,70,10,0,10,80
10/19/2012,ADM,OK,ASW,CE,Federal Contract Tower,0,1,9,20,30,0,0,38,5,43,0,1,47,25,73,10,6,16,89
10/20/2012,ADM,OK,ASW,CE,Federal Contract Tower,0,1,0,4,5,0,0,36,0,36,0,1,36,4,41,0,2,2,43
10/21/2012,ADM,OK,ASW,CE,Federal Contract Tower,0,0,12,0,12,0,0,9,0,9,0,0,21,0,21,2,0,2,23
10/22/2012,ADM,OK,ASW,CE,Federal Contract Tower,0,2,16,0,18,0,0,8,0,8,0,2,24,0,26,4,0,4,30
10/23/2012,ADM,OK,ASW,CE,Federal Contract Tower,0,0,11,2,13,0,0,19,10,29,0,0,30,12,42,18,4,22,64
10/24/2012,ADM,OK,ASW,CE,Federal Contract Tower,0,0,19,0,19,0,0,17,8,25,0,0,36,8,44,4,10,14,58
10/25/2012,ADM,OK,ASW,CE,Federal Contract Tower,0,1,16,7,24,0,0,2,0,2,0,1,18,7,26,0,0,0,26
10/26/2012,ADM,OK,ASW,CE,Federal Contract Tower,0,0,5,3,8,0,0,10,1,11,0,0,15,4,19,2,62,64,83
10/27/2012,ADM,OK,ASW,CE,Federal Contract Tower,0,1,2,0,3,0,0,38,0,38,0,1,40,0,41,2,0,2,43
10/28/2012,ADM,OK,ASW,CE,Federal Contract Tower,0,0,7,0,7,0,0,28,0,28,0,0,35,0,35,0,0,0,35
10/29/2012,ADM,OK,ASW,CE,Federal Contract Tower,0,1,7,3,11,0,0,40,5,45,0,1,47,8,56,12,30,42,98
10/30/2012,ADM,OK,ASW,CE,Federal Contract Tower,0,0,14,6,20,0,0,61,14,75,0,0,75,20,95,36,38,74,169
10/31/2012,ADM,OK,ASW,CE,Federal Contract Tower,0,0,10,14,24,0,0,82,35,117,0,0,92,49,141,34,98,132,273
11/01/2012,ADM,OK,ASW,CE,Federal Contract Tower,0,2,14,0,16,0,0,43,2,45,0,2,57,2,61,24,16,40,101
11/02/2012,ADM,OK,ASW,CE,Federal Contract Tower,0,1,3,1,5,0,0,21,10,31,0,1,24,11,36,24,40,64,100
11/03/2012,ADM,OK,ASW,CE,Federal Contract Tower,0,0,4,0,4,0,0,29,0,29,0,0,33,0,33,32,0,32,65
11/04/2012,ADM,OK,ASW,CE,Federal Contract Tower,0,0,2,0,2,0,0,37,0,37,0,0,39,0,39,56,0,56,95
11/05/2012,ADM,OK,ASW,CE,Federal Contract Tower,0,0,8,2,10,0,0,33,10,43,0,0,41,12,53,0,30,30,83
11/06/2012,ADM,OK,ASW,CE,Federal Contract Tower,0,0,20,10,30,0,0,69,18,87,0,0,89,28,117,76,42,118,235
11/07/2012,ADM,OK,ASW,CE,Federal Contract Tower,0,0,12,22,34,0,0,79,0,79,0,0,91,22,113,36,24,60,173
11/08/2012,ADM,OK,ASW,CE,Federal Contract Tower,0,0,9,16,25,0,0,46,3,49,0,0,55,19,74,64,56,120,194
11/09/2012,ADM,OK,ASW,CE,Federal Contract Tower,0,4,17,8,29,0,0,8,3,11,0,4,25,11,40,10,10,20,60
11/10/2012,ADM,OK,ASW,CE,Federal Contract Tower,0,0,8,0,8,0,0,6,0,6,0,0,14,0,14,8,0,8,22
11/11/2012,ADM,OK,ASW,CE,Federal Contract Tower,0,0,0,0,0,0,0,0,2,2,0,0,0,2,2,0,0,0,2
11/12/2012,ADM,OK,ASW,CE,Federal Contract Tower,0,0,2,0,2,0,0,34,0,34,0,0,36,0,36,10,0,10,46
11/13/2012,ADM,OK,ASW,CE,Federal Contract Tower,0,0,3,8,11,0,0,64,8,72,0,0,67,16,83,50,84,134,217
11/14/2012,ADM,OK,ASW,CE,Federal Contract Tower,0,0,6,3,9,0,0,54,9,63,0,0,60,12,72,28,42,70,142
11/15/2012,ADM,OK,ASW,CE,Federal Contract Tower,0,0,11,5,16,0,0,95,2,97,0,0,106,7,113,32,24,56,169
11/16/2012,ADM,OK,ASW,CE,Federal Contract Tower,0,1,3,10,14,0,0,42,5,47,0,1,45,15,61,16,28,44,105
11/17/2012,ADM,OK,ASW,CE,Federal Contract Tower,0,0,4,0,4,0,0,31,0,31,0,0,35,0,35,6,0,6,41
11/18/2012,ADM,OK,ASW,CE,Federal Contract Tower,0,0,0,0,0,0,0,35,0,35,0,0,35,0,35,14,0,14,49
11/19/2012,ADM,OK,ASW,CE,Federal Contract Tower,0,0,13,1,14,0,0,26,5,31,0,0,39,6,45,2,4,6,51
11/20/2012,ADM,OK,ASW,CE,Federal Contract Tower,0,0,13,6,19,0,0,47,1,48,0,0,60,7,67,30,4,34,101
11/21/2012,ADM,OK,ASW,CE,Federal Contract Tower,0,0,15,12,27,0,0,48,13,61,0,0,63,25,88,12,50,62,150
11/22/2012,ADM,OK,ASW,CE,Federal Contract Tower,0,0,3,0,3,0,0,6,0,6,0,0,9,0,9,0,0,0,9
11/23/2012,ADM,OK,ASW,CE,Federal Contract Tower,0,1,5,0,6,0,0,15,0,15,0,1,20,0,21,0,0,0,21
11/24/2012,ADM,OK,ASW,CE,Federal Contract Tower,0,2,1,0,3,0,0,25,0,25,0,2,26,0,28,24,0,24,52
11/25/2012,ADM,OK,ASW,CE,Federal Contract Tower,0,0,4,0,4,0,2,28,0,30,0,2,32,0,34,2,0,2,36
11/26/2012,ADM,OK,ASW,CE,Federal Contract Tower,0,0,10,10,20,0,0,5,2,7,0,0,15,12,27,0,8,8,35
11/27/2012,ADM,OK,ASW,CE,Federal Contract Tower,0,0,20,9,29,0,0,44,5,49,0,0,64,14,78,30,20,50,128
11/28/2012,ADM,OK,ASW,CE,Federal Contract Tower,0,1,10,0,11,0,0,53,0,53,0,1,63,0,64,62,6,68,132
11/29/2012,ADM,OK,ASW,CE,Federal Contract Tower,0,0,14,9,23,0,0,53,2,55,0,0,67,11,78,68,24,92,170
11/30/2012,ADM,OK,ASW,CE,Federal Contract Tower,0,0,10,12,22,0,0,19,0,19,0,0,29,12,41,6,2,8,49
12/01/2012,ADM,OK,ASW,CE,Federal Contract Tower,0,0,4,0,4,0,0,8,0,8,0,0,12,0,12,14,0,14,26
12/02/2012,ADM,OK,ASW,CE,Federal Contract Tower,0,0,0,1,1,0,0,16,1,17,0,0,16,2,18,0,20,20,38
12/03/2012,ADM,OK,ASW,CE,Federal Contract Tower,0,0,13,4,17,0,0,5,0,5,0,0,18,4,22,4,0,4,26
12/04/2012,ADM,OK,ASW,CE,Federal Contract Tower,0,0,12,13,25,0,0,62,12,74,0,0,74,25,99,10,2,12,111
12/05/2012,ADM,OK,ASW,CE,Federal Contract Tower,0,0,17,8,25,0,0,72,4,76,0,0,89,12,101,32,0,32,133
12/06/2012,ADM,OK,ASW,CE,Federal Contract Tower,0,0,21,9,30,0,0,39,0,39,0,0,60,9,69,4,6,10,79
12/07/2012,ADM,OK,ASW,CE,Federal Contract Tower,0,1,20,0,21,0,0,12,0,12,0,1,32,0,33,16,0,16,49
12/08/2012,ADM,OK,ASW,CE,Federal Contract Tower,0,2,6,0,8,0,0,3,0,3,0,2,9,0,11,0,0,0,11
12/09/2012,ADM,OK,ASW,CE,Federal Contract Tower,0,0,2,0,2,0,0,0,0,0,0,0,2,0,2,0,0,0,2
12/10/2012,ADM,OK,ASW,CE,Federal Contract Tower,0,0,6,8,14,0,0,51,1,52,0,0,57,9,66,23,8,31,97
12/11/2012,ADM,OK,ASW,CE,Federal Contract Tower,0,0,12,17,29,0,0,47,8,55,0,0,59,25,84,40,33,73,157
12/12/2012,ADM,OK,ASW,CE,Federal Contract Tower,0,0,26,1,27,0,0,54,3,57,0,0,80,4,84,25,6,31,115
12/13/2012,ADM,OK,ASW,CE,Federal Contract Tower,0,0,20,16,36,0,0,38,17,55,0,0,58,33,91,30,22,52,143
12/14/2012,ADM,OK,ASW,CE,Federal Contract Tower,0,2,9,0,11,0,0,5,0,5,0,2,14,0,16,2,0,2,18
12/15/2012,ADM,OK,ASW,CE,Federal Contract Tower,0,0,1,0,1,0,0,13,0,13,0,0,14,0,14,2,0,2,16
12/16/2012,ADM,OK,ASW,CE,Federal Contract Tower,0,1,3,1,5,0,0,13,0,13,0,1,16,1,18,0,0,0,18
12/17/2012,ADM,OK,ASW,CE,Federal Contract Tower,0,1,7,0,8,0,0,41,6,47,0,1,48,6,55,28,0,28,83
12/18/2012,ADM,OK,ASW,CE,Federal Contract Tower,0,0,10,12,22,0,0,53,6,59,0,0,63,18,81,8,5,13,94
12/19/2012,ADM,OK,ASW,CE,Federal Contract Tower,0,0,10,12,22,0,0,0,4,4,0,0,10,16,26,12,0,12,38
12/20/2012,ADM,OK,ASW,CE,Federal Contract Tower,0,1,6,0,7,0,0,16,0,16,0,1,22,0,23,0,0,0,23
12/21/2012,ADM,OK,ASW,CE,Federal Contract Tower,0,0,3,0,3,0,0,52,0,52,0,0,55,0,55,6,0,6,61
12/22/2012,ADM,OK,ASW,CE,Federal Contract Tower,0,0,3,0,3,0,0,16,0,16,0,0,19,0,19,0,0,0,19
12/23/2012,ADM,OK,ASW,CE,Federal Contract Tower,0,0,2,0,2,0,0,16,0,16,0,0,18,0,18,6,0,6,24
12/24/2012,ADM,OK,ASW,CE,Federal Contract Tower,0,0,4,0,4,0,0,24,0,24,0,0,28,0,28,10,0,10,38
12/25/2012,ADM,OK,ASW,CE,Federal Contract Tower,0,0,2,0,2,0,0,0,0,0,0,0,2,0,2,0,0,0,2
12/26/2012,ADM,OK,ASW,CE,Federal Contract Tower,0,0,1,0,1,0,0,2,0,2,0,0,3,0,3,0,0,0,3
12/27/2012,ADM,OK,ASW,CE,Federal Contract Tower,0,0,9,0,9,0,0,35,0,35,0,0,44,0,44,10,0,10,54
12/28/2012,ADM,OK,ASW,CE,Federal Contract Tower,0,0,0,0,0,0,0,0,0,0,0,0,0,0,0,0,0,0,0
12/29/2012,ADM,OK,ASW,CE,Federal Contract Tower,0,0,1,0,1,0,0,64,0,64,0,0,65,0,65,0,0,0,65
12/30/2012,ADM,OK,ASW,CE,Federal Contract Tower,0,0,0,0,0,0,0,24,0,24,0,0,24,0,24,2,0,2,26
12/31/2012,ADM,OK,ASW,CE,Federal Contract Tower,0,0,0,0,0,0,0,0,0,0,0,0,0,0,0,0,0,0,0
01/01/2013,ADM,OK,ASW,CE,Federal Contract Tower,0,0,2,0,2,0,0,0,0,0,0,0,2,0,2,0,0,0,2
01/02/2013,ADM,OK,ASW,CE,Federal Contract Tower,0,0,6,2,8,0,0,5,1,6,0,0,11,3,14,0,34,34,48
01/03/2013,ADM,OK,ASW,CE,Federal Contract Tower,0,3,3,2,8,0,0,27,0,27,0,3,30,2,35,0,0,0,35
01/04/2013,ADM,OK,ASW,CE,Federal Contract Tower,0,1,7,1,9,0,0,15,1,16,0,1,22,2,25,14,10,24,49
01/05/2013,ADM,OK,ASW,CE,Federal Contract Tower,0,0,4,2,6,0,0,14,0,14,0,0,18,2,20,12,0,12,32
01/06/2013,ADM,OK,ASW,CE,Federal Contract Tower,0,0,3,0,3,0,0,44,0,44,0,0,47,0,47,26,0,26,73
01/07/2013,ADM,OK,ASW,CE,Federal Contract Tower,0,0,6,0,6,0,0,21,0,21,0,0,27,0,27,44,0,44,71
01/08/2013,ADM,OK,ASW,CE,Federal Contract Tower,0,0,31,2,33,0,0,2,0,2,0,0,33,2,35,4,0,4,39
01/09/2013,ADM,OK,ASW,CE,Federal Contract Tower,0,0,1,0,1,0,0,0,0,0,0,0,1,0,1,0,0,0,1
01/10/2013,ADM,OK,ASW,CE,Federal Contract Tower,0,0,17,0,17,0,0,3,0,3,0,0,20,0,20,10,0,10,30
01/11/2013,ADM,OK,ASW,CE,Federal Contract Tower,0,0,6,9,15,0,0,26,1,27,0,0,32,10,42,14,0,14,56
01/12/2013,ADM,OK,ASW,CE,Federal Contract Tower,0,0,0,0,0,0,0,0,0,0,0,0,0,0,0,0,0,0,0
01/13/2013,ADM,OK,ASW,CE,Federal Contract Tower,0,0,8,0,8,0,0,17,0,17,0,0,25,0,25,42,0,42,67
01/14/2013,ADM,OK,ASW,CE,Federal Contract Tower,0,0,11,5,16,0,0,69,0,69,0,0,80,5,85,20,0,20,105
01/15/2013,ADM,OK,ASW,CE,Federal Contract Tower,0,0,11,0,11,0,0,6,0,6,0,0,17,0,17,0,0,0,17
01/16/2013,ADM,OK,ASW,CE,Federal Contract Tower,0,0,17,0,17,0,0,45,4,49,0,0,62,4,66,2,0,2,68
01/17/2013,ADM,OK,ASW,CE,Federal Contract Tower,0,0,14,15,29,0,1,35,3,39,0,1,49,18,68,2,4,6,74
01/18/2013,ADM,OK,ASW,CE,Federal Contract Tower,0,0,7,0,7,0,0,92,2,94,0,0,99,2,101,52,0,52,153
01/19/2013,ADM,OK,ASW,CE,Federal Contract Tower,0,0,2,0,2,0,0,43,0,43,0,0,45,0,45,24,0,24,69
01/20/2013,ADM,OK,ASW,CE,Federal Contract Tower,0,0,0,0,0,0,0,26,0,26,0,0,26,0,26,18,0,18,44
01/21/2013,ADM,OK,ASW,CE,Federal Contract Tower,0,0,7,0,7,0,0,43,0,43,0,0,50,0,50,20,0,20,70
01/22/2013,ADM,OK,ASW,CE,Federal Contract Tower,0,0,8,0,8,0,0,60,0,60,0,0,68,0,68,42,0,42,110
01/23/2013,ADM,OK,ASW,CE,Federal Contract Tower,0,0,6,2,8,0,0,35,0,35,0,0,41,2,43,8,0,8,51
01/24/2013,ADM,OK,ASW,CE,Federal Contract Tower,0,0,10,0,10,0,0,1,2,3,0,0,11,2,13,0,2,2,15
01/25/2013,ADM,OK,ASW,CE,Federal Contract Tower,0,1,7,6,14,0,0,21,0,21,0,1,28,6,35,38,0,38,73
01/26/2013,ADM,OK,ASW,CE,Federal Contract Tower,0,0,12,0,12,0,0,0,0,0,0,0,12,0,12,0,0,0,12
01/27/2013,ADM,OK,ASW,CE,Federal Contract Tower,0,0,3,0,3,0,0,0,0,0,0,0,3,0,3,0,0,0,3
01/28/2013,ADM,OK,ASW,CE,Federal Contract Tower,0,2,14,0,16,0,0,5,0,5,0,2,19,0,21,0,0,0,21
01/29/2013,ADM,OK,ASW,CE,Federal Contract Tower,0,0,7,0,7,0,0,0,0,0,0,0,7,0,7,0,0,0,7
01/30/2013,ADM,OK,ASW,CE,Federal Contract Tower,0,0,12,1,13,0,0,5,1,6,0,0,17,2,19,0,0,0,19
01/31/2013,ADM,OK,ASW,CE,Federal Contract Tower,0,0,13,3,16,0,0,97,0,97,0,0,110,3,113,2,30,32,145
02/01/2013,ADM,OK,ASW,CE,Federal Contract Tower,0,0,10,0,10,0,0,48,0,48,0,0,58,0,58,10,0,10,68
02/02/2013,ADM,OK,ASW,CE,Federal Contract Tower,0,0,0,0,0,0,0,72,0,72,0,0,72,0,72,32,0,32,104
02/03/2013,ADM,OK,ASW,CE,Federal Contract Tower,0,0,4,4,8,0,0,22,0,22,0,0,26,4,30,0,0,0,30
02/04/2013,ADM,OK,ASW,CE,Federal Contract Tower,0,0,11,4,15,0,0,39,3,42,0,0,50,7,57,10,34,44,101
02/05/2013,ADM,OK,ASW,CE,Federal Contract Tower,0,0,16,0,16,0,0,1,0,1,0,0,17,0,17,0,0,0,17
02/06/2013,ADM,OK,ASW,CE,Federal Contract Tower,0,0,2,0,2,0,0,0,0,0,0,0,2,0,2,0,0,0,2
02/07/2013,ADM,OK,ASW,CE,Federal Contract Tower,0,0,4,4,8,0,0,35,1,36,0,0,39,5,44,24,0,24,68
02/08/2013,ADM,OK,ASW,CE,Federal Contract Tower,0,0,31,4,35,0,0,34,2,36,0,0,65,6,71,66,4,70,141
02/09/2013,ADM,OK,ASW,CE,Federal Contract Tower,0,0,3,0,3,0,0,0,0,0,0,0,3,0,3,0,0,0,3
02/10/2013,ADM,OK,ASW,CE,Federal Contract Tower,0,0,4,0,4,0,0,12,0,12,0,0,16,0,16,0,0,0,16
02/11/2013,ADM,OK,ASW,CE,Federal Contract Tower,0,0,4,0,4,0,0,30,4,34,0,0,34,4,38,18,22,40,78
02/12/2013,ADM,OK,ASW,CE,Federal Contract Tower,0,0,6,0,6,0,0,0,0,0,0,0,6,0,6,0,0,0,6
02/13/2013,ADM,OK,ASW,CE,Federal Contract Tower,0,0,15,4,19,0,0,51,8,59,0,0,66,12,78,20,8,28,106
02/14/2013,ADM,OK,ASW,CE,Federal Contract Tower,0,0,7,5,12,0,0,79,8,87,0,0,86,13,99,14,168,182,281
02/15/2013,ADM,OK,ASW,CE,Federal Contract Tower,0,1,6,1,8,0,0,40,9,49,0,1,46,10,57,6,108,114,171
02/16/2013,ADM,OK,ASW,CE,Federal Contract Tower,0,0,2,0,2,0,0,50,0,50,0,0,52,0,52,26,0,26,78
02/17/2013,ADM,OK,ASW,CE,Federal Contract Tower,0,0,1,0,1,0,0,8,0,8,0,0,9,0,9,4,0,4,13
02/18/2013,ADM,OK,ASW,CE,Federal Contract Tower,0,0,6,0,6,0,0,8,0,8,0,0,14,0,14,0,0,0,14
02/19/2013,ADM,OK,ASW,CE,Federal Contract Tower,0,0,17,6,23,0,0,51,14,65,0,0,68,20,88,28,28,56,144
02/20/2013,ADM,OK,ASW,CE,Federal Contract Tower,0,0,7,0,7,0,0,0,0,0,0,0,7,0,7,0,0,0,7
02/21/2013,ADM,OK,ASW,CE,Federal Contract Tower,0,0,16,0,16,0,0,8,0,8,0,0,24,0,24,8,0,8,32
02/22/2013,ADM,OK,ASW,CE,Federal Contract Tower,0,0,4,0,4,0,0,40,11,51,0,0,44,11,55,14,46,60,115
02/23/2013,ADM,OK,ASW,CE,Federal Contract Tower,0,0,1,0,1,0,0,18,0,18,0,0,19,0,19,26,0,26,45
02/24/2013,ADM,OK,ASW,CE,Federal Contract Tower,0,0,1,0,1,0,0,13,0,13,0,0,14,0,14,10,0,10,24
02/25/2013,ADM,OK,ASW,CE,Federal Contract Tower,0,0,2,0,2,0,0,0,0,0,0,0,2,0,2,0,0,0,2
02/26/2013,ADM,OK,ASW,CE,Federal Contract Tower,0,0,9,0,9,0,0,21,11,32,0,0,30,11,41,43,40,83,124
02/27/2013,ADM,OK,ASW,CE,Federal Contract Tower,0,0,11,2,13,0,0,46,6,52,0,0,57,8,65,36,0,36,101
02/28/2013,ADM,OK,ASW,CE,Federal Contract Tower,0,0,8,0,8,0,0,36,0,36,0,0,44,0,44,6,0,6,50
03/01/2013,ADM,OK,ASW,CE,Federal Contract Tower,0,0,6,0,6,0,0,46,8,54,0,0,52,8,60,24,16,40,100
03/02/2013,ADM,OK,ASW,CE,Federal Contract Tower,0,0,2,0,2,0,0,15,0,15,0,0,17,0,17,2,0,2,19
03/03/2013,ADM,OK,ASW,CE,Federal Contract Tower,0,0,5,0,5,0,0,13,0,13,0,0,18,0,18,0,0,0,18
03/04/2013,ADM,OK,ASW,CE,Federal Contract Tower,0,0,8,7,15,0,0,2,0,2,0,0,10,7,17,36,0,36,53
03/05/2013,ADM,OK,ASW,CE,Federal Contract Tower,0,0,9,2,11,0,0,25,0,25,0,0,34,2,36,16,0,16,52
03/06/2013,ADM,OK,ASW,CE,Federal Contract Tower,0,0,11,10,21,0,0,68,0,68,0,0,79,10,89,18,0,18,107
03/07/2013,ADM,OK,ASW,CE,Federal Contract Tower,0,0,18,7,25,0,0,53,0,53,0,0,71,7,78,22,0,22,100
03/08/2013,ADM,OK,ASW,CE,Federal Contract Tower,0,0,21,5,26,0,0,0,0,0,0,0,21,5,26,0,8,8,34
03/09/2013,ADM,OK,ASW,CE,Federal Contract Tower,0,0,2,0,2,0,0,1,0,1,0,0,3,0,3,0,0,0,3
03/10/2013,ADM,OK,ASW,CE,Federal Contract Tower,0,0,7,0,7,0,0,0,0,0,0,0,7,0,7,0,0,0,7
03/11/2013,ADM,OK,ASW,CE,Federal Contract Tower,0,0,9,0,9,0,0,25,0,25,0,0,34,0,34,2,0,2,36
03/12/2013,ADM,OK,ASW,CE,Federal Contract Tower,0,0,9,0,9,0,0,47,0,47,0,0,56,0,56,2,0,2,58
03/13/2013,ADM,OK,ASW,CE,Federal Contract Tower,0,0,11,0,11,0,0,46,0,46,0,0,57,0,57,32,0,32,89
03/14/2013,ADM,OK,ASW,CE,Federal Contract Tower,0,0,7,8,15,0,0,55,2,57,0,0,62,10,72,40,46,86,158
03/15/2013,ADM,OK,ASW,CE,Federal Contract Tower,0,0,21,2,23,0,0,50,10,60,0,0,71,12,83,44,10,54,137
03/16/2013,ADM,OK,ASW,CE,Federal Contract Tower,0,0,0,0,0,0,0,16,0,16,0,0,16,0,16,10,0,10,26
03/17/2013,ADM,OK,ASW,CE,Federal Contract Tower,0,0,8,0,8,0,0,1,0,1,0,0,9,0,9,0,0,0,9
03/18/2013,ADM,OK,ASW,CE,Federal Contract Tower,0,0,8,12,20,0,0,24,0,24,0,0,32,12,44,0,0,0,44
03/19/2013,ADM,OK,ASW,CE,Federal Contract Tower,0,0,13,8,21,0,0,54,0,54,0,0,67,8,75,26,0,26,101
03/20/2013,ADM,OK,ASW,CE,Federal Contract Tower,0,0,4,0,4,0,0,83,4,87,0,0,87,4,91,46,30,76,167
03/21/2013,ADM,OK,ASW,CE,Federal Contract Tower,0,0,6,3,9,0,0,12,0,12,0,0,18,3,21,0,60,60,81
03/22/2013,ADM,OK,ASW,CE,Federal Contract Tower,0,2,3,11,16,0,0,0,0,0,0,2,3,11,16,0,0,0,16
03/23/2013,ADM,OK,ASW,CE,Federal Contract Tower,0,0,3,0,3,0,0,0,0,0,0,0,3,0,3,0,0,0,3
03/24/2013,ADM,OK,ASW,CE,Federal Contract Tower,0,0,4,0,4,0,0,6,0,6,0,0,10,0,10,0,0,0,10
03/25/2013,ADM,OK,ASW,CE,Federal Contract Tower,0,0,10,4,14,0,0,64,12,76,0,0,74,16,90,12,0,12,102
03/26/2013,ADM,OK,ASW,CE,Federal Contract Tower,0,0,22,7,29,0,0,118,1,119,0,0,140,8,148,72,36,108,256
03/27/2013,ADM,OK,ASW,CE,Federal Contract Tower,0,0,20,10,30,0,0,60,4,64,0,0,80,14,94,10,38,48,142
03/28/2013,ADM,OK,ASW,CE,Federal Contract Tower,0,0,12,0,12,0,0,10,7,17,0,0,22,7,29,8,22,30,59
03/29/2013,ADM,OK,ASW,CE,Federal Contract Tower,0,0,12,2,14,0,0,15,5,20,0,0,27,7,34,0,33,33,67
03/30/2013,ADM,OK,ASW,CE,Federal Contract Tower,0,0,7,0,7,0,0,11,0,11,0,0,18,0,18,28,0,28,46
03/31/2013,ADM,OK,ASW,CE,Federal Contract Tower,0,0,4,0,4,0,0,1,0,1,0,0,5,0,5,0,0,0,5
04/01/2013,ADM,OK,ASW,CE,Federal Contract Tower,0,0,8,0,8,0,0,52,8,60,0,0,60,8,68,44,6,50,118
04/02/2013,ADM,OK,ASW,CE,Federal Contract Tower,0,0,4,0,4,0,0,0,0,0,0,0,4,0,4,0,0,0,4
04/03/2013,ADM,OK,ASW,CE,Federal Contract Tower,0,0,33,0,33,0,0,10,0,10,0,0,43,0,43,4,0,4,47
04/04/2013,ADM,OK,ASW,CE,Federal Contract Tower,0,0,18,2,20,0,0,10,0,10,0,0,28,2,30,2,0,2,32
04/05/2013,ADM,OK,ASW,CE,Federal Contract Tower,0,0,12,2,14,0,0,67,1,68,0,0,79,3,82,16,42,58,140
04/06/2013,ADM,OK,ASW,CE,Federal Contract Tower,0,0,3,0,3,0,0,20,0,20,0,0,23,0,23,12,0,12,35
04/07/2013,ADM,OK,ASW,CE,Federal Contract Tower,0,0,2,0,2,0,0,0,0,0,0,0,2,0,2,0,0,0,2
04/08/2013,ADM,OK,ASW,CE,Federal Contract Tower,0,0,15,0,15,0,0,2,0,2,0,0,17,0,17,0,0,0,17
04/09/2013,ADM,OK,ASW,CE,Federal Contract Tower,0,0,15,2,17,0,0,4,0,4,0,0,19,2,21,0,0,0,21
04/10/2013,ADM,OK,ASW,CE,Federal Contract Tower,0,0,3,0,3,0,0,0,0,0,0,0,3,0,3,0,0,0,3
04/11/2013,ADM,OK,ASW,CE,Federal Contract Tower,0,0,5,8,13,0,0,79,0,79,0,0,84,8,92,38,0,38,130
04/12/2013,ADM,OK,ASW,CE,Federal Contract Tower,0,2,5,2,9,0,0,89,0,89,0,2,94,2,98,34,4,38,136
04/13/2013,ADM,OK,ASW,CE,Federal Contract Tower,0,0,3,0,3,0,0,32,0,32,0,0,35,0,35,10,0,10,45
04/14/2013,ADM,OK,ASW,CE,Federal Contract Tower,0,1,1,1,3,0,0,44,5,49,0,1,45,6,52,26,20,46,98
04/15/2013,ADM,OK,ASW,CE,Federal Contract Tower,0,0,7,3,10,0,0,29,3,32,0,0,36,6,42,8,8,16,58
04/16/2013,ADM,OK,ASW,CE,Federal Contract Tower,0,0,12,9,21,0,0,23,0,23,0,0,35,9,44,16,0,16,60
04/17/2013,ADM,OK,ASW,CE,Federal Contract Tower,0,0,7,0,7,0,0,9,0,9,0,0,16,0,16,0,0,0,16
04/18/2013,ADM,OK,ASW,CE,Federal Contract Tower,0,3,23,0,26,0,0,22,0,22,0,3,45,0,48,19,0,19,67
04/19/2013,ADM,OK,ASW,CE,Federal Contract Tower,0,0,11,10,21,0,0,40,0,40,0,0,51,10,61,26,58,84,145
04/20/2013,ADM,OK,ASW,CE,Federal Contract Tower,0,0,1,0,1,0,0,32,0,32,0,0,33,0,33,12,0,12,45
04/21/2013,ADM,OK,ASW,CE,Federal Contract Tower,0,0,4,0,4,0,0,22,0,22,0,0,26,0,26,0,0,0,26
04/22/2013,ADM,OK,ASW,CE,Federal Contract Tower,0,0,12,2,14,0,0,54,0,54,0,0,66,2,68,38,0,38,106
04/23/2013,ADM,OK,ASW,CE,Federal Contract Tower,0,0,18,4,22,0,0,0,2,2,0,0,18,6,24,2,6,8,32
04/24/2013,ADM,OK,ASW,CE,Federal Contract Tower,0,0,26,6,32,0,0,81,9,90,0,0,107,15,122,44,10,54,176
04/25/2013,ADM,OK,ASW,CE,Federal Contract Tower,0,0,25,0,25,0,0,62,3,65,0,0,87,3,90,22,16,38,128
04/26/2013,ADM,OK,ASW,CE,Federal Contract Tower,0,0,10,0,10,0,0,0,0,0,0,0,10,0,10,8,0,8,18
04/27/2013,ADM,OK,ASW,CE,Federal Contract Tower,0,0,3,0,3,0,0,10,0,10,0,0,13,0,13,8,0,8,21
04/28/2013,ADM,OK,ASW,CE,Federal Contract Tower,0,0,2,0,2,0,0,29,0,29,0,0,31,0,31,6,0,6,37
04/29/2013,ADM,OK,ASW,CE,Federal Contract Tower,0,0,5,0,5,0,0,77,0,77,0,0,82,0,82,30,0,30,112
04/30/2013,ADM,OK,ASW,CE,Federal Contract Tower,0,0,13,2,15,0,0,96,6,102,0,0,109,8,117,16,32,48,165
05/01/2013,ADM,OK,ASW,CE,Federal Contract Tower,0,0,16,15,31,0,0,12,3,15,0,0,28,18,46,2,0,2,48
05/02/2013,ADM,OK,ASW,CE,Federal Contract Tower,0,0,12,0,12,0,0,0,0,0,0,0,12,0,12,0,0,0,12
05/03/2013,ADM,OK,ASW,CE,Federal Contract Tower,0,0,7,5,12,0,0,31,2,33,0,0,38,7,45,0,0,0,45
05/04/2013,ADM,OK,ASW,CE,Federal Contract Tower,0,0,5,0,5,0,0,36,0,36,0,0,41,0,41,0,0,0,41
05/05/2013,ADM,OK,ASW,CE,Federal Contract Tower,0,0,9,2,11,0,0,12,0,12,0,0,21,2,23,0,0,0,23
05/06/2013,ADM,OK,ASW,CE,Federal Contract Tower,0,0,6,7,13,0,0,53,4,57,0,0,59,11,70,47,22,69,139
05/07/2013,ADM,OK,ASW,CE,Federal Contract Tower,0,0,13,14,27,0,0,147,2,149,0,0,160,16,176,6,4,10,186
05/08/2013,ADM,OK,ASW,CE,Federal Contract Tower,0,0,4,14,18,0,0,48,16,64,0,0,52,30,82,40,66,106,188
05/09/2013,ADM,OK,ASW,CE,Federal Contract Tower,0,0,13,10,23,0,0,2,0,2,0,0,15,10,25,0,4,4,29
05/10/2013,ADM,OK,ASW,CE,Federal Contract Tower,0,0,9,5,14,0,0,23,0,23,0,0,32,5,37,8,6,14,51
05/11/2013,ADM,OK,ASW,CE,Federal Contract Tower,0,0,4,0,4,0,0,133,0,133,0,0,137,0,137,10,0,10,147
05/12/2013,ADM,OK,ASW,CE,Federal Contract Tower,0,0,0,0,0,0,0,37,0,37,0,0,37,0,37,8,0,8,45
05/13/2013,ADM,OK,ASW,CE,Federal Contract Tower,0,0,7,10,17,0,0,91,2,93,0,0,98,12,110,82,0,82,192
05/14/2013,ADM,OK,ASW,CE,Federal Contract Tower,0,0,14,2,16,0,0,86,2,88,0,0,100,4,104,6,24,30,134
05/15/2013,ADM,OK,ASW,CE,Federal Contract Tower,0,0,13,4,17,0,0,9,1,10,0,0,22,5,27,6,12,18,45
05/16/2013,ADM,OK,ASW,CE,Federal Contract Tower,0,0,17,4,21,0,0,0,0,0,0,0,17,4,21,0,0,0,21
05/17/2013,ADM,OK,ASW,CE,Federal Contract Tower,0,0,13,8,21,0,0,2,0,2,0,0,15,8,23,0,0,0,23
05/18/2013,ADM,OK,ASW,CE,Federal Contract Tower,0,0,4,0,4,0,0,4,0,4,0,0,8,0,8,0,0,0,8
05/19/2013,ADM,OK,ASW,CE,Federal Contract Tower,0,0,5,0,5,0,0,0,0,0,0,0,5,0,5,0,0,0,5
05/20/2013,ADM,OK,ASW,CE,Federal Contract Tower,0,0,3,4,7,0,0,4,2,6,0,0,7,6,13,0,0,0,13
05/21/2013,ADM,OK,ASW,CE,Federal Contract Tower,0,0,3,0,3,0,0,0,0,0,0,0,3,0,3,0,0,0,3
05/22/2013,ADM,OK,ASW,CE,Federal Contract Tower,0,0,9,13,22,0,0,84,10,94,0,0,93,23,116,67,39,106,222
05/23/2013,ADM,OK,ASW,CE,Federal Contract Tower,1,0,1,0,2,0,0,26,0,26,1,0,27,0,28,21,0,21,49
05/24/2013,ADM,OK,ASW,CE,Federal Contract Tower,0,0,14,0,14,0,0,14,0,14,0,0,28,0,28,18,0,18,46
05/25/2013,ADM,OK,ASW,CE,Federal Contract Tower,0,0,11,0,11,0,0,2,0,2,0,0,13,0,13,8,0,8,21
05/26/2013,ADM,OK,ASW,CE,Federal Contract Tower,0,0,2,0,2,0,0,7,0,7,0,0,9,0,9,0,0,0,9
05/27/2013,ADM,OK,ASW,CE,Federal Contract Tower,0,0,13,0,13,0,0,3,0,3,0,0,16,0,16,6,0,6,22
05/28/2013,ADM,OK,ASW,CE,Federal Contract Tower,0,0,21,4,25,0,0,27,0,27,0,0,48,4,52,0,0,0,52
05/29/2013,ADM,OK,ASW,CE,Federal Contract Tower,0,0,14,3,17,0,0,10,7,17,0,0,24,10,34,2,81,83,117
05/30/2013,ADM,OK,ASW,CE,Federal Contract Tower,0,2,7,6,15,0,0,9,0,9,0,2,16,6,24,2,0,2,26
05/31/2013,ADM,OK,ASW,CE,Federal Contract Tower,0,0,7,6,13,0,0,18,8,26,0,0,25,14,39,8,26,34,73
06/01/2013,ADM,OK,ASW,CE,Federal Contract Tower,0,2,2,0,4,0,0,4,0,4,0,2,6,0,8,0,0,0,8
06/02/2013,ADM,OK,ASW,CE,Federal Contract Tower,0,0,4,0,4,0,0,37,0,37,0,0,41,0,41,2,0,2,43
06/03/2013,ADM,OK,ASW,CE,Federal Contract Tower,0,0,3,4,7,0,0,50,1,51,0,0,53,5,58,28,2,30,88
06/04/2013,ADM,OK,ASW,CE,Federal Contract Tower,0,0,9,7,16,0,0,20,2,22,0,0,29,9,38,21,12,33,71
06/05/2013,ADM,OK,ASW,CE,Federal Contract Tower,0,0,11,1,12,0,0,24,3,27,0,0,35,4,39,12,2,14,53
06/06/2013,ADM,OK,ASW,CE,Federal Contract Tower,0,0,7,0,7,0,0,13,0,13,0,0,20,0,20,2,0,2,22
06/07/2013,ADM,OK,ASW,CE,Federal Contract Tower,0,0,3,0,3,0,0,28,0,28,0,0,31,0,31,30,0,30,61
06/08/2013,ADM,OK,ASW,CE,Federal Contract Tower,0,0,5,0,5,0,0,53,0,53,0,0,58,0,58,2,0,2,60
06/09/2013,ADM,OK,ASW,CE,Federal Contract Tower,0,1,8,0,9,0,0,24,0,24,0,1,32,0,33,2,0,2,35
06/10/2013,ADM,OK,ASW,CE,Federal Contract Tower,0,0,7,10,17,0,0,53,0,53,0,0,60,10,70,14,0,14,84
06/11/2013,ADM,OK,ASW,CE,Federal Contract Tower,0,1,10,2,13,0,0,94,0,94,0,1,104,2,107,75,0,75,182
06/12/2013,ADM,OK,ASW,CE,Federal Contract Tower,0,0,11,0,11,0,0,37,0,37,0,0,48,0,48,4,0,4,52
06/13/2013,ADM,OK,ASW,CE,Federal Contract Tower,0,0,8,0,8,0,0,119,0,119,0,0,127,0,127,42,0,42,169
06/14/2013,ADM,OK,ASW,CE,Federal Contract Tower,0,0,7,0,7,0,0,21,0,21,0,0,28,0,28,28,0,28,56
06/15/2013,ADM,OK,ASW,CE,Federal Contract Tower,0,0,0,0,0,0,0,8,0,8,0,0,8,0,8,2,0,2,10
06/16/2013,ADM,OK,ASW,CE,Federal Contract Tower,0,0,2,3,5,0,0,29,0,29,0,0,31,3,34,20,4,24,58
06/17/2013,ADM,OK,ASW,CE,Federal Contract Tower,0,0,9,0,9,0,0,13,0,13,0,0,22,0,22,4,0,4,26
06/18/2013,ADM,OK,ASW,CE,Federal Contract Tower,0,0,20,0,20,0,0,51,0,51,0,0,71,0,71,36,0,36,107
06/19/2013,ADM,OK,ASW,CE,Federal Contract Tower,0,0,11,0,11,0,0,26,8,34,0,0,37,8,45,24,12,36,81
06/20/2013,ADM,OK,ASW,CE,Federal Contract Tower,0,0,6,10,16,0,0,90,5,95,0,0,96,15,111,63,24,87,198
06/21/2013,ADM,OK,ASW,CE,Federal Contract Tower,0,0,12,0,12,0,0,57,2,59,0,0,69,2,71,40,24,64,135
06/22/2013,ADM,OK,ASW,CE,Federal Contract Tower,0,0,0,0,0,0,0,31,0,31,0,0,31,0,31,26,0,26,57
06/23/2013,ADM,OK,ASW,CE,Federal Contract Tower,0,0,3,0,3,0,0,22,0,22,0,0,25,0,25,16,0,16,41
06/24/2013,ADM,OK,ASW,CE,Federal Contract Tower,0,0,6,1,7,0,0,32,6,38,0,0,38,7,45,22,4,26,71
06/25/2013,ADM,OK,ASW,CE,Federal Contract Tower,0,0,16,0,16,0,0,41,8,49,0,0,57,8,65,2,8,10,75
06/26/2013,ADM,OK,ASW,CE,Federal Contract Tower,0,1,6,0,7,0,0,46,3,49,0,1,52,3,56,10,0,10,66
06/27/2013,ADM,OK,ASW,CE,Federal Contract Tower,0,0,7,0,7,0,0,77,4,81,0,0,84,4,88,12,12,24,112
06/28/2013,ADM,OK,ASW,CE,Federal Contract Tower,0,0,3,1,4,0,0,53,25,78,0,0,56,26,82,4,6,10,92
06/29/2013,ADM,OK,ASW,CE,Federal Contract Tower,0,0,0,0,0,0,0,33,16,49,0,0,33,16,49,28,0,28,77
06/30/2013,ADM,OK,ASW,CE,Federal Contract Tower,0,0,3,0,3,0,0,22,0,22,0,0,25,0,25,6,0,6,31
07/01/2013,ADM,OK,ASW,CE,Federal Contract Tower,0,0,7,0,7,0,0,54,2,56,0,0,61,2,63,28,0,28,91
07/02/2013,ADM,OK,ASW,CE,Federal Contract Tower,0,0,5,3,8,0,0,37,0,37,0,0,42,3,45,4,6,10,55
07/03/2013,ADM,OK,ASW,CE,Federal Contract Tower,0,0,2,0,2,0,0,32,0,32,0,0,34,0,34,18,0,18,52
07/04/2013,ADM,OK,ASW,CE,Federal Contract Tower,0,1,0,0,1,0,0,32,0,32,0,1,32,0,33,28,0,28,61
07/05/2013,ADM,OK,ASW,CE,Federal Contract Tower,0,0,2,0,2,0,0,29,0,29,0,0,31,0,31,8,0,8,39
07/06/2013,ADM,OK,ASW,CE,Federal Contract Tower,0,0,1,0,1,0,0,23,0,23,0,0,24,0,24,12,0,12,36
07/07/2013,ADM,OK,ASW,CE,Federal Contract Tower,0,0,2,0,2,0,0,28,0,28,0,0,30,0,30,4,0,4,34
07/08/2013,ADM,OK,ASW,CE,Federal Contract Tower,0,0,5,4,9,0,0,39,2,41,0,0,44,6,50,20,6,26,76
07/09/2013,ADM,OK,ASW,CE,Federal Contract Tower,0,0,4,5,9,0,0,38,0,38,0,0,42,5,47,30,0,30,77
07/10/2013,ADM,OK,ASW,CE,Federal Contract Tower,0,0,12,0,12,0,0,30,0,30,0,0,42,0,42,30,0,30,72
07/11/2013,ADM,OK,ASW,CE,Federal Contract Tower,0,0,8,0,8,0,0,33,0,33,0,0,41,0,41,34,0,34,75
07/12/2013,ADM,OK,ASW,CE,Federal Contract Tower,0,0,3,0,3,0,0,48,0,48,0,0,51,0,51,14,0,14,65
07/13/2013,ADM,OK,ASW,CE,Federal Contract Tower,0,0,0,0,0,0,0,45,0,45,0,0,45,0,45,34,0,34,79
07/14/2013,ADM,OK,ASW,CE,Federal Contract Tower,3,0,0,0,3,0,0,0,0,0,3,0,0,0,3,0,0,0,3
07/15/2013,ADM,OK,ASW,CE,Federal Contract Tower,0,0,8,0,8,0,0,2,0,2,0,0,10,0,10,0,0,0,10
07/16/2013,ADM,OK,ASW,CE,Federal Contract Tower,0,0,21,0,21,0,0,6,0,6,0,0,27,0,27,0,0,0,27
07/17/2013,ADM,OK,ASW,CE,Federal Contract Tower,0,1,12,15,28,0,0,18,2,20,0,1,30,17,48,0,0,0,48
07/18/2013,ADM,OK,ASW,CE,Federal Contract Tower,0,0,7,0,7,0,0,45,2,47,0,0,52,2,54,38,28,66,120
07/19/2013,ADM,OK,ASW,CE,Federal Contract Tower,0,0,4,2,6,0,0,33,4,37,0,0,37,6,43,14,10,24,67
07/20/2013,ADM,OK,ASW,CE,Federal Contract Tower,0,0,0,0,0,0,0,8,0,8,0,0,8,0,8,10,0,10,18
07/21/2013,ADM,OK,ASW,CE,Federal Contract Tower,0,0,2,0,2,0,0,26,0,26,0,0,28,0,28,30,0,30,58
07/22/2013,ADM,OK,ASW,CE,Federal Contract Tower,0,0,1,12,13,0,0,29,0,29,0,0,30,12,42,26,0,26,68
07/23/2013,ADM,OK,ASW,CE,Federal Contract Tower,0,0,22,5,27,0,0,40,1,41,0,0,62,6,68,17,0,17,85
07/24/2013,ADM,OK,ASW,CE,Federal Contract Tower,0,0,10,0,10,0,0,17,4,21,0,0,27,4,31,0,0,0,31
07/25/2013,ADM,OK,ASW,CE,Federal Contract Tower,0,2,16,0,18,0,0,41,0,41,0,2,57,0,59,0,0,0,59
07/26/2013,ADM,OK,ASW,CE,Federal Contract Tower,0,0,2,2,4,0,0,5,0,5,0,0,7,2,9,0,28,28,37
07/27/2013,ADM,OK,ASW,CE,Federal Contract Tower,0,0,0,0,0,0,0,10,0,10,0,0,10,0,10,12,0,12,22
07/28/2013,ADM,OK,ASW,CE,Federal Contract Tower,0,0,1,0,1,0,0,32,0,32,0,0,33,0,33,40,0,40,73
07/29/2013,ADM,OK,ASW,CE,Federal Contract Tower,0,0,2,11,13,0,0,1,1,2,0,0,3,12,15,0,8,8,23
07/30/2013,ADM,OK,ASW,CE,Federal Contract Tower,0,0,14,6,20,0,0,46,1,47,0,0,60,7,67,14,8,22,89
07/31/2013,ADM,OK,ASW,CE,Federal Contract Tower,0,0,16,4,20,0,0,95,3,98,0,0,111,7,118,22,44,66,184
08/01/2013,ADM,OK,ASW,CE,Federal Contract Tower,0,0,10,6,16,0,0,41,6,47,0,0,51,12,63,34,39,73,136
08/02/2013,ADM,OK,ASW,CE,Federal Contract Tower,0,0,8,0,8,0,0,22,0,22,0,0,30,0,30,16,26,42,72
08/03/2013,ADM,OK,ASW,CE,Federal Contract Tower,0,0,3,16,19,0,0,26,4,30,0,0,29,20,49,20,24,44,93
08/04/2013,ADM,OK,ASW,CE,Federal Contract Tower,0,0,7,5,12,0,0,20,3,23,0,0,27,8,35,6,30,36,71
08/05/2013,ADM,OK,ASW,CE,Federal Contract Tower,0,0,5,3,8,0,0,35,4,39,0,0,40,7,47,6,0,6,53
08/06/2013,ADM,OK,ASW,CE,Federal Contract Tower,0,0,4,0,4,0,0,39,6,45,0,0,43,6,49,14,10,24,73
08/07/2013,ADM,OK,ASW,CE,Federal Contract Tower,0,0,20,8,28,0,0,43,20,63,0,0,63,28,91,62,16,78,169
08/08/2013,ADM,OK,ASW,CE,Federal Contract Tower,0,0,6,15,21,0,0,17,9,26,0,0,23,24,47,2,8,10,57
08/09/2013,ADM,OK,ASW,CE,Federal Contract Tower,0,0,14,4,18,0,0,10,4,14,0,0,24,8,32,16,24,40,72
08/10/2013,ADM,OK,ASW,CE,Federal Contract Tower,0,0,0,0,0,0,0,13,0,13,0,0,13,0,13,12,0,12,25
08/11/2013,ADM,OK,ASW,CE,Federal Contract Tower,0,0,10,3,13,0,0,26,2,28,0,0,36,5,41,14,4,18,59
08/12/2013,ADM,OK,ASW,CE,Federal Contract Tower,0,0,4,0,4,0,0,27,0,27,0,0,31,0,31,6,0,6,37
08/13/2013,ADM,OK,ASW,CE,Federal Contract Tower,0,0,9,0,9,0,0,23,0,23,0,0,32,0,32,10,0,10,42
08/14/2013,ADM,OK,ASW,CE,Federal Contract Tower,0,0,25,0,25,0,0,12,0,12,0,0,37,0,37,60,0,60,97
08/15/2013,ADM,OK,ASW,CE,Federal Contract Tower,0,0,15,9,24,0,0,50,1,51,0,0,65,10,75,16,18,34,109
08/16/2013,ADM,OK,ASW,CE,Federal Contract Tower,0,0,11,0,11,0,0,11,0,11,0,0,22,0,22,40,0,40,62
08/17/2013,ADM,OK,ASW,CE,Federal Contract Tower,0,0,7,0,7,0,0,0,0,0,0,0,7,0,7,14,0,14,21
08/18/2013,ADM,OK,ASW,CE,Federal Contract Tower,0,0,1,0,1,0,0,17,0,17,0,0,18,0,18,20,0,20,38
08/19/2013,ADM,OK,ASW,CE,Federal Contract Tower,0,0,8,0,8,0,0,41,0,41,0,0,49,0,49,32,0,32,81
08/20/2013,ADM,OK,ASW,CE,Federal Contract Tower,0,0,41,5,46,0,0,51,2,53,0,0,92,7,99,6,4,10,109
08/21/2013,ADM,OK,ASW,CE,Federal Contract Tower,0,0,15,6,21,0,0,46,0,46,0,0,61,6,67,0,0,0,67
08/22/2013,ADM,OK,ASW,CE,Federal Contract Tower,0,0,17,5,22,0,0,54,0,54,0,0,71,5,76,18,0,18,94
08/23/2013,ADM,OK,ASW,CE,Federal Contract Tower,0,0,6,5,11,0,0,9,0,9,0,0,15,5,20,12,30,42,62
08/24/2013,ADM,OK,ASW,CE,Federal Contract Tower,0,0,0,20,20,0,0,0,0,0,0,0,0,20,20,10,4,14,34
08/25/2013,ADM,OK,ASW,CE,Federal Contract Tower,0,0,5,0,5,0,0,10,0,10,0,0,15,0,15,14,0,14,29
08/26/2013,ADM,OK,ASW,CE,Federal Contract Tower,0,0,4,2,6,0,0,32,0,32,0,0,36,2,38,18,0,18,56
08/27/2013,ADM,OK,ASW,CE,Federal Contract Tower,0,0,19,2,21,0,0,29,0,29,0,0,48,2,50,44,0,44,94
08/28/2013,ADM,OK,ASW,CE,Federal Contract Tower,0,0,14,2,16,0,0,44,4,48,0,0,58,6,64,16,0,16,80
08/29/2013,ADM,OK,ASW,CE,Federal Contract Tower,0,2,9,1,12,0,0,33,2,35,0,2,42,3,47,72,4,76,123
08/30/2013,ADM,OK,ASW,CE,Federal Contract Tower,0,0,17,0,17,0,0,71,0,71,0,0,88,0,88,28,0,28,116
08/31/2013,ADM,OK,ASW,CE,Federal Contract Tower,0,0,0,0,0,0,0,13,0,13,0,0,13,0,13,6,0,6,19
09/01/2013,ADM,OK,ASW,CE,Federal Contract Tower,0,0,2,0,2,0,0,2,0,2,0,0,4,0,4,0,0,0,4
09/02/2013,ADM,OK,ASW,CE,Federal Contract Tower,0,0,4,0,4,0,0,46,2,48,0,0,50,2,52,10,6,16,68
09/03/2013,ADM,OK,ASW,CE,Federal Contract Tower,0,0,4,0,4,0,0,36,0,36,0,0,40,0,40,41,0,41,81
09/04/2013,ADM,OK,ASW,CE,Federal Contract Tower,0,0,6,0,6,0,0,44,0,44,0,0,50,0,50,20,0,20,70
09/05/2013,ADM,OK,ASW,CE,Federal Contract Tower,0,0,10,4,14,0,0,33,6,39,0,0,43,10,53,6,22,28,81
09/06/2013,ADM,OK,ASW,CE,Federal Contract Tower,0,0,6,0,6,0,0,27,0,27,0,0,33,0,33,18,0,18,51
09/07/2013,ADM,OK,ASW,CE,Federal Contract Tower,0,0,1,0,1,0,0,19,0,19,0,0,20,0,20,8,0,8,28
09/08/2013,ADM,OK,ASW,CE,Federal Contract Tower,0,0,2,0,2,0,0,7,0,7,0,0,9,0,9,6,0,6,15
09/09/2013,ADM,OK,ASW,CE,Federal Contract Tower,0,0,4,0,4,0,0,23,0,23,0,0,27,0,27,3,0,3,30
09/10/2013,ADM,OK,ASW,CE,Federal Contract Tower,0,0,6,5,11,0,0,36,1,37,0,0,42,6,48,20,2,22,70
09/11/2013,ADM,OK,ASW,CE,Federal Contract Tower,0,0,6,3,9,0,0,38,6,44,0,0,44,9,53,22,16,38,91
09/12/2013,ADM,OK,ASW,CE,Federal Contract Tower,0,0,18,2,20,0,0,51,5,56,0,0,69,7,76,32,18,50,126
09/13/2013,ADM,OK,ASW,CE,Federal Contract Tower,0,0,10,0,10,0,0,22,4,26,0,0,32,4,36,36,0,36,72
09/14/2013,ADM,OK,ASW,CE,Federal Contract Tower,0,0,0,0,0,0,0,48,0,48,0,0,48,0,48,6,0,6,54
09/15/2013,ADM,OK,ASW,CE,Federal Contract Tower,0,0,1,0,1,0,0,32,0,32,0,0,33,0,33,24,0,24,57
09/16/2013,ADM,OK,ASW,CE,Federal Contract Tower,0,0,8,0,8,0,0,10,2,12,0,0,18,2,20,0,16,16,36
09/17/2013,ADM,OK,ASW,CE,Federal Contract Tower,0,0,10,4,14,0,0,19,6,25,0,0,29,10,39,40,0,40,79
09/18/2013,ADM,OK,ASW,CE,Federal Contract Tower,0,0,11,0,11,0,0,30,8,38,0,0,41,8,49,2,54,56,105
09/19/2013,ADM,OK,ASW,CE,Federal Contract Tower,0,0,18,4,22,0,0,43,2,45,0,0,61,6,67,34,46,80,147
09/20/2013,ADM,OK,ASW,CE,Federal Contract Tower,0,0,15,0,15,0,0,3,0,3,0,0,18,0,18,0,0,0,18
09/21/2013,ADM,OK,ASW,CE,Federal Contract Tower,0,0,3,0,3,0,0,9,0,9,0,0,12,0,12,12,0,12,24
09/22/2013,ADM,OK,ASW,CE,Federal Contract Tower,0,0,2,0,2,0,0,9,0,9,0,0,11,0,11,4,0,4,15
09/23/2013,ADM,OK,ASW,CE,Federal Contract Tower,0,0,7,0,7,0,0,35,0,35,0,0,42,0,42,12,0,12,54
09/24/2013,ADM,OK,ASW,CE,Federal Contract Tower,0,0,22,0,22,0,0,29,0,29,0,0,51,0,51,44,0,44,95
09/25/2013,ADM,OK,ASW,CE,Federal Contract Tower,0,0,21,0,21,0,0,36,0,36,0,0,57,0,57,8,0,8,65
09/26/2013,ADM,OK,ASW,CE,Federal Contract Tower,0,0,14,5,19,0,0,24,3,27,0,0,38,8,46,6,21,27,73
09/27/2013,ADM,OK,ASW,CE,Federal Contract Tower,0,0,12,0,12,0,0,0,0,0,0,0,12,0,12,18,0,18,30
09/28/2013,ADM,OK,ASW,CE,Federal Contract Tower,0,0,4,0,4,0,0,0,0,0,0,0,4,0,4,0,0,0,4
09/29/2013,ADM,OK,ASW,CE,Federal Contract Tower,0,0,3,0,3,0,0,18,0,18,0,0,21,0,21,4,0,4,25
09/30/2013,ADM,OK,ASW,CE,Federal Contract Tower,0,0,6,0,6,0,0,25,0,25,0,0,31,0,31,12,0,12,43
10/01/2013,ADM,OK,ASW,CE,Federal Contract Tower,0,0,3,4,7,0,0,12,0,12,0,0,15,4,19,12,0,12,31
10/02/2013,ADM,OK,ASW,CE,Federal Contract Tower,0,0,11,7,18,0,0,2,0,2,0,0,13,7,20,0,0,0,20
10/03/2013,ADM,OK,ASW,CE,Federal Contract Tower,0,0,14,4,18,0,0,12,1,13,0,0,26,5,31,4,2,6,37
10/04/2013,ADM,OK,ASW,CE,Federal Contract Tower,0,0,3,6,9,0,0,17,0,17,0,0,20,6,26,0,6,6,32
10/05/2013,ADM,OK,ASW,CE,Federal Contract Tower,0,0,1,6,7,0,0,0,0,0,0,0,1,6,7,0,6,6,13
10/06/2013,ADM,OK,ASW,CE,Federal Contract Tower,0,0,1,0,1,0,0,16,0,16,0,0,17,0,17,0,0,0,17
10/07/2013,ADM,OK,ASW,CE,Federal Contract Tower,0,0,7,4,11,0,0,45,0,45,0,0,52,4,56,14,0,14,70
10/08/2013,ADM,OK,ASW,CE,Federal Contract Tower,0,0,11,6,17,0,0,47,2,49,0,0,58,8,66,44,10,54,120
10/09/2013,ADM,OK,ASW,CE,Federal Contract Tower,0,0,10,5,15,0,0,52,2,54,0,0,62,7,69,45,24,69,138
10/10/2013,ADM,OK,ASW,CE,Federal Contract Tower,0,0,3,9,12,0,0,20,1,21,0,0,23,10,33,14,6,20,53
10/11/2013,ADM,OK,ASW,CE,Federal Contract Tower,0,0,21,0,21,0,0,0,0,0,0,0,21,0,21,10,0,10,31
10/12/2013,ADM,OK,ASW,CE,Federal Contract Tower,0,0,3,0,3,0,0,4,0,4,0,0,7,0,7,2,0,2,9
10/13/2013,ADM,OK,ASW,CE,Federal Contract Tower,0,0,8,0,8,0,0,1,0,1,0,0,9,0,9,0,0,0,9
10/14/2013,ADM,OK,ASW,CE,Federal Contract Tower,0,0,5,0,5,0,0,0,0,0,0,0,5,0,5,0,0,0,5
10/15/2013,ADM,OK,ASW,CE,Federal Contract Tower,0,0,4,0,4,0,0,0,0,0,0,0,4,0,4,0,0,0,4
10/16/2013,ADM,OK,ASW,CE,Federal Contract Tower,0,0,9,6,15,0,0,28,6,34,0,0,37,12,49,40,12,52,101
10/17/2013,ADM,OK,ASW,CE,Federal Contract Tower,0,0,9,13,22,0,0,67,4,71,0,0,76,17,93,12,38,50,143
10/18/2013,ADM,OK,ASW,CE,Federal Contract Tower,0,0,3,18,21,0,0,7,13,20,0,0,10,31,41,10,121,131,172
10/19/2013,ADM,OK,ASW,CE,Federal Contract Tower,0,0,5,0,5,0,0,22,2,24,0,0,27,2,29,0,8,8,37
10/20/2013,ADM,OK,ASW,CE,Federal Contract Tower,4,0,0,0,4,0,0,11,2,13,4,0,11,2,17,2,0,2,19
10/21/2013,ADM,OK,ASW,CE,Federal Contract Tower,0,0,20,2,22,0,0,11,2,13,0,0,31,4,35,0,20,20,55
10/22/2013,ADM,OK,ASW,CE,Federal Contract Tower,0,0,11,21,32,0,0,35,3,38,0,0,46,24,70,16,18,34,104
10/23/2013,ADM,OK,ASW,CE,Federal Contract Tower,0,0,3,18,21,0,0,41,1,42,0,0,44,19,63,16,45,61,124
10/24/2013,ADM,OK,ASW,CE,Federal Contract Tower,0,0,5,8,13,0,0,29,14,43,0,0,34,22,56,10,52,62,118
10/25/2013,ADM,OK,ASW,CE,Federal Contract Tower,0,0,10,4,14,0,0,28,5,33,0,0,38,9,47,4,18,22,69
10/26/2013,ADM,OK,ASW,CE,Federal Contract Tower,0,0,0,0,0,0,0,0,0,0,0,0,0,0,0,0,0,0,0
10/27/2013,ADM,OK,ASW,CE,Federal Contract Tower,0,0,3,0,3,0,0,3,0,3,0,0,6,0,6,0,0,0,6
10/28/2013,ADM,OK,ASW,CE,Federal Contract Tower,0,0,6,10,16,0,0,2,0,2,0,0,8,10,18,0,0,0,18
10/29/2013,ADM,OK,ASW,CE,Federal Contract Tower,0,0,17,13,30,0,0,6,1,7,0,0,23,14,37,0,10,10,47
10/30/2013,ADM,OK,ASW,CE,Federal Contract Tower,0,0,9,9,18,0,0,1,0,1,0,0,10,9,19,0,0,0,19
10/31/2013,ADM,OK,ASW,CE,Federal Contract Tower,0,0,5,6,11,0,0,9,5,14,0,0,14,11,25,8,48,56,81
11/01/2013,ADM,OK,ASW,CE,Federal Contract Tower,0,0,6,8,14,0,0,16,14,30,0,0,22,22,44,16,32,48,92
11/02/2013,ADM,OK,ASW,CE,Federal Contract Tower,0,0,0,0,0,0,0,19,8,27,0,0,19,8,27,38,8,46,73
11/03/2013,ADM,OK,ASW,CE,Federal Contract Tower,0,0,4,0,4,0,0,8,4,12,0,0,12,4,16,0,0,0,16
11/04/2013,ADM,OK,ASW,CE,Federal Contract Tower,0,0,5,7,12,0,0,12,4,16,0,0,17,11,28,4,0,4,32
11/05/2013,ADM,OK,ASW,CE,Federal Contract Tower,0,0,10,0,10,0,0,0,0,0,0,0,10,0,10,0,0,0,10
11/06/2013,ADM,OK,ASW,CE,Federal Contract Tower,0,0,35,6,41,0,0,23,0,23,0,0,58,6,64,2,0,2,66
11/07/2013,ADM,OK,ASW,CE,Federal Contract Tower,0,0,11,22,33,0,0,45,4,49,0,0,56,26,82,30,20,50,132
11/08/2013,ADM,OK,ASW,CE,Federal Contract Tower,0,0,10,8,18,0,0,20,6,26,0,0,30,14,44,16,10,26,70
11/09/2013,ADM,OK,ASW,CE,Federal Contract Tower,0,0,8,0,8,0,0,65,0,65,0,0,73,0,73,0,0,0,73
11/10/2013,ADM,OK,ASW,CE,Federal Contract Tower,0,0,4,0,4,0,0,24,0,24,0,0,28,0,28,12,0,12,40
11/11/2013,ADM,OK,ASW,CE,Federal Contract Tower,0,0,8,0,8,0,0,38,0,38,0,0,46,0,46,0,0,0,46
11/12/2013,ADM,OK,ASW,CE,Federal Contract Tower,0,0,2,11,13,0,0,22,0,22,0,0,24,11,35,4,4,8,43
11/13/2013,ADM,OK,ASW,CE,Federal Contract Tower,0,0,7,20,27,0,0,0,0,0,0,0,7,20,27,34,58,92,119
11/14/2013,ADM,OK,ASW,CE,Federal Contract Tower,0,0,15,4,19,0,0,50,5,55,0,0,65,9,74,26,74,100,174
11/15/2013,ADM,OK,ASW,CE,Federal Contract Tower,0,0,13,11,24,0,0,19,23,42,0,0,32,34,66,14,8,22,88
11/16/2013,ADM,OK,ASW,CE,Federal Contract Tower,0,0,3,0,3,0,0,1,0,1,0,0,4,0,4,2,0,2,6
11/17/2013,ADM,OK,ASW,CE,Federal Contract Tower,0,0,4,0,4,0,0,4,0,4,0,0,8,0,8,10,0,10,18
11/18/2013,ADM,OK,ASW,CE,Federal Contract Tower,0,0,3,7,10,0,0,17,3,20,0,0,20,10,30,2,30,32,62
11/19/2013,ADM,OK,ASW,CE,Federal Contract Tower,0,0,11,11,22,0,0,13,0,13,0,0,24,11,35,14,0,14,49
11/20/2013,ADM,OK,ASW,CE,Federal Contract Tower,0,0,19,0,19,0,0,15,0,15,0,0,34,0,34,6,0,6,40
11/21/2013,ADM,OK,ASW,CE,Federal Contract Tower,0,0,23,12,35,0,0,0,0,0,0,0,23,12,35,0,0,0,35
11/22/2013,ADM,OK,ASW,CE,Federal Contract Tower,0,0,3,0,3,0,0,0,0,0,0,0,3,0,3,0,0,0,3
11/23/2013,ADM,OK,ASW,CE,Federal Contract Tower,0,0,1,0,1,0,0,0,0,0,0,0,1,0,1,0,0,0,1
11/24/2013,ADM,OK,ASW,CE,Federal Contract Tower,0,0,1,0,1,0,0,0,0,0,0,0,1,0,1,0,0,0,1
11/25/2013,ADM,OK,ASW,CE,Federal Contract Tower,0,0,3,0,3,0,0,0,0,0,0,0,3,0,3,0,0,0,3
11/26/2013,ADM,OK,ASW,CE,Federal Contract Tower,0,0,9,6,15,0,0,20,0,20,0,0,29,6,35,16,50,66,101
11/27/2013,ADM,OK,ASW,CE,Federal Contract Tower,0,0,9,3,12,0,0,10,0,10,0,0,19,3,22,20,16,36,58
11/28/2013,ADM,OK,ASW,CE,Federal Contract Tower,0,0,2,0,2,0,0,6,0,6,0,0,8,0,8,0,0,0,8
11/29/2013,ADM,OK,ASW,CE,Federal Contract Tower,0,0,0,0,0,0,0,0,0,0,0,0,0,0,0,20,0,20,20
11/30/2013,ADM,OK,ASW,CE,Federal Contract Tower,0,0,3,0,3,0,0,11,0,11,0,0,14,0,14,0,0,0,14
12/01/2013,ADM,OK,ASW,CE,Federal Contract Tower,0,0,2,0,2,0,0,5,0,5,0,0,7,0,7,0,0,0,7
12/02/2013,ADM,OK,ASW,CE,Federal Contract Tower,0,0,4,2,6,0,0,8,1,9,0,0,12,3,15,0,3,3,18
12/03/2013,ADM,OK,ASW,CE,Federal Contract Tower,0,0,5,2,7,0,0,20,0,20,0,0,25,2,27,9,0,9,36
12/04/2013,ADM,OK,ASW,CE,Federal Contract Tower,0,0,16,5,21,0,0,18,4,22,0,0,34,9,43,17,10,27,70
12/05/2013,ADM,OK,ASW,CE,Federal Contract Tower,0,0,3,0,3,0,0,1,0,1,0,0,4,0,4,0,0,0,4
12/06/2013,ADM,OK,ASW,CE,Federal Contract Tower,0,0,0,0,0,0,0,0,0,0,0,0,0,0,0,0,0,0,0
12/07/2013,ADM,OK,ASW,CE,Federal Contract Tower,0,0,0,0,0,0,0,0,0,0,0,0,0,0,0,0,0,0,0
12/08/2013,ADM,OK,ASW,CE,Federal Contract Tower,0,0,1,0,1,0,0,0,0,0,0,0,1,0,1,0,0,0,1
12/09/2013,ADM,OK,ASW,CE,Federal Contract Tower,0,0,0,2,2,0,0,0,0,0,0,0,0,2,2,0,0,0,2
12/10/2013,ADM,OK,ASW,CE,Federal Contract Tower,0,0,3,6,9,0,0,11,0,11,0,0,14,6,20,0,0,0,20
12/11/2013,ADM,OK,ASW,CE,Federal Contract Tower,0,0,12,9,21,0,0,35,2,37,0,0,47,11,58,14,38,52,110
12/12/2013,ADM,OK,ASW,CE,Federal Contract Tower,0,0,13,0,13,0,0,24,1,25,0,0,37,1,38,16,2,18,56
12/13/2013,ADM,OK,ASW,CE,Federal Contract Tower,0,0,16,11,27,0,0,7,0,7,0,0,23,11,34,0,0,0,34
12/14/2013,ADM,OK,ASW,CE,Federal Contract Tower,0,0,7,2,9,0,0,3,0,3,0,0,10,2,12,2,0,2,14
12/15/2013,ADM,OK,ASW,CE,Federal Contract Tower,0,0,2,1,3,0,0,11,6,17,0,0,13,7,20,0,30,30,50
12/16/2013,ADM,OK,ASW,CE,Federal Contract Tower,0,0,2,4,6,0,0,25,5,30,0,0,27,9,36,18,4,22,58
12/17/2013,ADM,OK,ASW,CE,Federal Contract Tower,0,0,7,9,16,0,0,46,2,48,0,0,53,11,64,14,12,26,90
12/18/2013,ADM,OK,ASW,CE,Federal Contract Tower,0,0,12,9,21,0,0,37,0,37,0,0,49,9,58,6,0,6,64
12/19/2013,ADM,OK,ASW,CE,Federal Contract Tower,0,0,10,3,13,0,0,3,0,3,0,0,13,3,16,6,0,6,22
12/20/2013,ADM,OK,ASW,CE,Federal Contract Tower,0,0,3,0,3,0,0,0,0,0,0,0,3,0,3,0,0,0,3
12/21/2013,ADM,OK,ASW,CE,Federal Contract Tower,0,0,2,0,2,0,0,0,0,0,0,0,2,0,2,0,0,0,2
12/22/2013,ADM,OK,ASW,CE,Federal Contract Tower,0,0,2,0,2,0,0,2,0,2,0,0,4,0,4,0,0,0,4
12/23/2013,ADM,OK,ASW,CE,Federal Contract Tower,0,2,2,0,4,0,0,11,0,11,0,2,13,0,15,16,0,16,31
12/24/2013,ADM,OK,ASW,CE,Federal Contract Tower,0,0,3,0,3,0,0,4,0,4,0,0,7,0,7,32,0,32,39
12/25/2013,ADM,OK,ASW,CE,Federal Contract Tower,0,0,4,0,4,0,0,2,0,2,0,0,6,0,6,0,0,0,6
12/26/2013,ADM,OK,ASW,CE,Federal Contract Tower,0,0,11,0,11,0,0,10,0,10,0,0,21,0,21,32,0,32,53
12/27/2013,ADM,OK,ASW,CE,Federal Contract Tower,0,0,6,0,6,0,0,37,0,37,0,0,43,0,43,14,0,14,57
12/28/2013,ADM,OK,ASW,CE,Federal Contract Tower,0,0,2,0,2,0,0,19,0,19,0,0,21,0,21,20,0,20,41
12/29/2013,ADM,OK,ASW,CE,Federal Contract Tower,0,0,2,0,2,0,0,2,0,2,0,0,4,0,4,0,0,0,4
12/30/2013,ADM,OK,ASW,CE,Federal Contract Tower,0,0,6,0,6,0,0,27,0,27,0,0,33,0,33,18,0,18,51
12/31/2013,ADM,OK,ASW,CE,Federal Contract Tower,0,0,7,0,7,0,0,29,0,29,0,0,36,0,36,6,0,6,42
01/01/2014,ADM,OK,ASW,CE,Federal Contract Tower,0,0,0,0,0,0,0,14,0,14,0,0,14,0,14,6,0,6,20
01/02/2014,ADM,OK,ASW,CE,Federal Contract Tower,0,0,7,0,7,0,0,39,4,43,0,0,46,4,50,20,0,20,70
01/03/2014,ADM,OK,ASW,CE,Federal Contract Tower,0,0,10,9,19,0,0,26,5,31,0,0,36,14,50,2,24,26,76
01/04/2014,ADM,OK,ASW,CE,Federal Contract Tower,0,0,5,0,5,0,0,8,3,11,0,0,13,3,16,6,8,14,30
01/05/2014,ADM,OK,ASW,CE,Federal Contract Tower,0,0,6,0,6,0,0,7,11,18,0,0,13,11,24,0,0,0,24
01/06/2014,ADM,OK,ASW,CE,Federal Contract Tower,0,0,3,0,3,0,0,8,0,8,0,0,11,0,11,0,0,0,11
01/07/2014,ADM,OK,ASW,CE,Federal Contract Tower,0,0,15,1,16,0,0,32,0,32,0,0,47,1,48,0,6,6,54
01/08/2014,ADM,OK,ASW,CE,Federal Contract Tower,0,0,28,9,37,0,0,0,0,0,0,0,28,9,37,0,0,0,37
01/09/2014,ADM,OK,ASW,CE,Federal Contract Tower,0,0,4,0,4,0,0,0,0,0,0,0,4,0,4,0,0,0,4
01/10/2014,ADM,OK,ASW,CE,Federal Contract Tower,0,0,4,0,4,0,0,7,0,7,0,0,11,0,11,14,0,14,25
01/11/2014,ADM,OK,ASW,CE,Federal Contract Tower,0,0,5,1,6,0,0,18,2,20,0,0,23,3,26,12,2,14,40
01/12/2014,ADM,OK,ASW,CE,Federal Contract Tower,0,0,2,0,2,0,0,2,0,2,0,0,4,0,4,0,0,0,4
01/13/2014,ADM,OK,ASW,CE,Federal Contract Tower,0,0,4,2,6,0,0,15,1,16,0,0,19,3,22,14,8,22,44
01/14/2014,ADM,OK,ASW,CE,Federal Contract Tower,0,0,10,1,11,0,0,32,2,34,0,0,42,3,45,16,10,26,71
01/15/2014,ADM,OK,ASW,CE,Federal Contract Tower,0,0,8,4,12,0,0,51,7,58,0,0,59,11,70,32,6,38,108
01/16/2014,ADM,OK,ASW,CE,Federal Contract Tower,0,0,19,13,32,0,0,52,1,53,0,0,71,14,85,28,4,32,117
01/17/2014,ADM,OK,ASW,CE,Federal Contract Tower,0,0,5,0,5,0,0,20,0,20,0,0,25,0,25,30,30,60,85
01/18/2014,ADM,OK,ASW,CE,Federal Contract Tower,0,0,3,0,3,0,0,7,0,7,0,0,10,0,10,0,0,0,10
01/19/2014,ADM,OK,ASW,CE,Federal Contract Tower,0,0,16,0,16,0,0,20,0,20,0,0,36,0,36,8,0,8,44
01/20/2014,ADM,OK,ASW,CE,Federal Contract Tower,0,0,5,0,5,0,0,17,0,17,0,0,22,0,22,0,0,0,22
01/21/2014,ADM,OK,ASW,CE,Federal Contract Tower,0,0,8,10,18,0,0,29,0,29,0,0,37,10,47,0,22,22,69
01/22/2014,ADM,OK,ASW,CE,Federal Contract Tower,0,0,3,5,8,0,0,49,0,49,0,0,52,5,57,24,6,30,87
01/23/2014,ADM,OK,ASW,CE,Federal Contract Tower,0,0,9,3,12,0,0,22,0,22,0,0,31,3,34,6,0,6,40
01/24/2014,ADM,OK,ASW,CE,Federal Contract Tower,0,0,11,0,11,0,0,25,0,25,0,0,36,0,36,10,0,10,46
01/25/2014,ADM,OK,ASW,CE,Federal Contract Tower,0,0,2,0,2,0,0,40,0,40,0,0,42,0,42,8,0,8,50
01/26/2014,ADM,OK,ASW,CE,Federal Contract Tower,0,0,3,0,3,0,0,26,0,26,0,0,29,0,29,14,0,14,43
01/27/2014,ADM,OK,ASW,CE,Federal Contract Tower,0,0,10,4,14,0,0,6,0,6,0,0,16,4,20,0,6,6,26
01/28/2014,ADM,OK,ASW,CE,Federal Contract Tower,0,0,12,2,14,0,0,26,3,29,0,0,38,5,43,6,0,6,49
01/29/2014,ADM,OK,ASW,CE,Federal Contract Tower,0,0,15,8,23,0,0,39,4,43,0,0,54,12,66,0,0,0,66
01/30/2014,ADM,OK,ASW,CE,Federal Contract Tower,0,0,4,6,10,0,0,11,4,15,0,0,15,10,25,0,10,10,35
01/31/2014,ADM,OK,ASW,CE,Federal Contract Tower,0,0,11,2,13,0,0,19,1,20,0,0,30,3,33,22,0,22,55
02/01/2014,ADM,OK,ASW,CE,Federal Contract Tower,0,0,4,0,4,0,0,1,0,1,0,0,5,0,5,0,0,0,5
02/02/2014,ADM,OK,ASW,CE,Federal Contract Tower,0,0,0,0,0,0,0,0,0,0,0,0,0,0,0,0,0,0,0
02/03/2014,ADM,OK,ASW,CE,Federal Contract Tower,0,0,0,0,0,0,0,1,0,1,0,0,1,0,1,0,0,0,1
02/04/2014,ADM,OK,ASW,CE,Federal Contract Tower,0,0,3,0,3,0,0,0,0,0,0,0,3,0,3,0,0,0,3
02/05/2014,ADM,OK,ASW,CE,Federal Contract Tower,0,0,13,0,13,0,0,3,0,3,0,0,16,0,16,0,0,0,16
02/06/2014,ADM,OK,ASW,CE,Federal Contract Tower,0,0,3,0,3,0,0,0,0,0,0,0,3,0,3,0,0,0,3
02/07/2014,ADM,OK,ASW,CE,Federal Contract Tower,0,0,20,2,22,0,0,0,0,0,0,0,20,2,22,0,0,0,22
02/08/2014,ADM,OK,ASW,CE,Federal Contract Tower,0,0,2,0,2,0,0,0,0,0,0,0,2,0,2,0,0,0,2
02/09/2014,ADM,OK,ASW,CE,Federal Contract Tower,0,0,8,0,8,0,0,0,0,0,0,0,8,0,8,0,0,0,8
02/10/2014,ADM,OK,ASW,CE,Federal Contract Tower,0,0,0,0,0,0,0,0,0,0,0,0,0,0,0,0,0,0,0
02/11/2014,ADM,OK,ASW,CE,Federal Contract Tower,0,0,2,0,2,0,0,7,0,7,0,0,9,0,9,0,0,0,9
02/12/2014,ADM,OK,ASW,CE,Federal Contract Tower,0,1,18,2,21,0,0,55,1,56,0,1,73,3,77,24,48,72,149
02/13/2014,ADM,OK,ASW,CE,Federal Contract Tower,0,0,26,3,29,0,0,68,4,72,0,0,94,7,101,66,4,70,171
02/14/2014,ADM,OK,ASW,CE,Federal Contract Tower,0,0,3,3,6,0,0,13,1,14,0,0,16,4,20,10,0,10,30
02/15/2014,ADM,OK,ASW,CE,Federal Contract Tower,0,0,3,0,3,0,0,26,0,26,0,0,29,0,29,26,0,26,55
02/16/2014,ADM,OK,ASW,CE,Federal Contract Tower,0,0,13,0,13,0,0,11,0,11,0,0,24,0,24,0,0,0,24
02/17/2014,ADM,OK,ASW,CE,Federal Contract Tower,0,0,3,0,3,0,0,9,0,9,0,0,12,0,12,10,0,10,22
02/18/2014,ADM,OK,ASW,CE,Federal Contract Tower,0,0,9,12,21,0,0,43,7,50,0,0,52,19,71,26,34,60,131
02/19/2014,ADM,OK,ASW,CE,Federal Contract Tower,0,1,33,0,34,0,0,1,0,1,0,1,34,0,35,0,0,0,35
02/20/2014,ADM,OK,ASW,CE,Federal Contract Tower,0,0,12,7,19,0,0,27,18,45,0,0,39,25,64,4,0,4,68
02/21/2014,ADM,OK,ASW,CE,Federal Contract Tower,0,0,7,0,7,0,0,44,3,47,0,0,51,3,54,38,8,46,100
02/22/2014,ADM,OK,ASW,CE,Federal Contract Tower,0,0,2,0,2,0,0,24,0,24,0,0,26,0,26,26,0,26,52
02/23/2014,ADM,OK,ASW,CE,Federal Contract Tower,0,0,10,0,10,0,0,0,0,0,0,0,10,0,10,0,0,0,10
02/24/2014,ADM,OK,ASW,CE,Federal Contract Tower,0,0,15,21,36,0,0,1,7,8,0,0,16,28,44,8,6,14,58
02/25/2014,ADM,OK,ASW,CE,Federal Contract Tower,0,0,14,0,14,0,0,14,0,14,0,0,28,0,28,2,0,2,30
02/26/2014,ADM,OK,ASW,CE,Federal Contract Tower,0,0,20,2,22,0,0,37,3,40,0,0,57,5,62,10,24,34,96
02/27/2014,ADM,OK,ASW,CE,Federal Contract Tower,0,0,10,0,10,0,0,83,0,83,0,0,93,0,93,14,0,14,107
02/28/2014,ADM,OK,ASW,CE,Federal Contract Tower,0,0,6,8,14,0,0,37,1,38,0,0,43,9,52,38,0,38,90
03/01/2014,ADM,OK,ASW,CE,Federal Contract Tower,0,0,7,0,7,0,0,0,0,0,0,0,7,0,7,0,0,0,7
03/02/2014,ADM,OK,ASW,CE,Federal Contract Tower,0,0,1,0,1,0,0,0,0,0,0,0,1,0,1,0,0,0,1
03/03/2014,ADM,OK,ASW,CE,Federal Contract Tower,0,0,2,0,2,0,0,4,0,4,0,0,6,0,6,0,0,0,6
03/04/2014,ADM,OK,ASW,CE,Federal Contract Tower,0,0,17,4,21,0,0,72,5,77,0,0,89,9,98,16,0,16,114
03/05/2014,ADM,OK,ASW,CE,Federal Contract Tower,0,0,17,5,22,0,0,66,1,67,0,0,83,6,89,0,22,22,111
03/06/2014,ADM,OK,ASW,CE,Federal Contract Tower,0,0,16,8,24,0,0,37,1,38,0,0,53,9,62,26,2,28,90
03/07/2014,ADM,OK,ASW,CE,Federal Contract Tower,0,0,13,4,17,0,0,14,2,16,0,0,27,6,33,30,0,30,63
03/08/2014,ADM,OK,ASW,CE,Federal Contract Tower,0,0,2,1,3,0,0,0,0,0,0,0,2,1,3,0,0,0,3
03/09/2014,ADM,OK,ASW,CE,Federal Contract Tower,0,0,5,0,5,0,0,25,0,25,0,0,30,0,30,12,0,12,42
03/10/2014,ADM,OK,ASW,CE,Federal Contract Tower,0,0,6,0,6,0,0,37,0,37,0,0,43,0,43,14,0,14,57
03/11/2014,ADM,OK,ASW,CE,Federal Contract Tower,0,0,11,0,11,0,0,40,0,40,0,0,51,0,51,22,0,22,73
03/12/2014,ADM,OK,ASW,CE,Federal Contract Tower,0,0,11,6,17,0,0,29,0,29,0,0,40,6,46,32,0,32,78
03/13/2014,ADM,OK,ASW,CE,Federal Contract Tower,0,0,23,0,23,0,0,44,2,46,0,0,67,2,69,18,4,22,91
03/14/2014,ADM,OK,ASW,CE,Federal Contract Tower,0,0,13,7,20,0,0,30,0,30,0,0,43,7,50,2,0,2,52
03/15/2014,ADM,OK,ASW,CE,Federal Contract Tower,0,0,2,0,2,0,0,0,0,0,0,0,2,0,2,0,0,0,2
03/16/2014,ADM,OK,ASW,CE,Federal Contract Tower,0,0,0,0,0,0,0,0,0,0,0,0,0,0,0,0,0,0,0
03/17/2014,ADM,OK,ASW,CE,Federal Contract Tower,0,0,6,3,9,0,0,36,3,39,0,0,42,6,48,26,46,72,120
03/18/2014,ADM,OK,ASW,CE,Federal Contract Tower,0,0,10,3,13,0,0,14,3,17,0,0,24,6,30,0,6,6,36
03/19/2014,ADM,OK,ASW,CE,Federal Contract Tower,0,0,19,6,25,0,0,25,0,25,0,0,44,6,50,10,0,10,60
03/20/2014,ADM,OK,ASW,CE,Federal Contract Tower,0,0,13,0,13,0,0,75,0,75,0,0,88,0,88,28,0,28,116
03/21/2014,ADM,OK,ASW,CE,Federal Contract Tower,0,0,13,2,15,0,0,19,6,25,0,0,32,8,40,38,6,44,84
03/22/2014,ADM,OK,ASW,CE,Federal Contract Tower,0,0,8,0,8,0,0,0,0,0,0,0,8,0,8,0,0,0,8
03/23/2014,ADM,OK,ASW,CE,Federal Contract Tower,0,0,4,0,4,0,0,10,0,10,0,0,14,0,14,12,0,12,26
03/24/2014,ADM,OK,ASW,CE,Federal Contract Tower,0,0,5,0,5,0,0,38,4,42,0,0,43,4,47,44,0,44,91
03/25/2014,ADM,OK,ASW,CE,Federal Contract Tower,0,0,9,2,11,0,0,55,3,58,0,0,64,5,69,20,40,60,129
03/26/2014,ADM,OK,ASW,CE,Federal Contract Tower,0,0,10,12,22,0,0,2,0,2,0,0,12,12,24,0,0,0,24
03/27/2014,ADM,OK,ASW,CE,Federal Contract Tower,0,0,11,2,13,0,0,6,0,6,0,0,17,2,19,20,0,20,39
03/28/2014,ADM,OK,ASW,CE,Federal Contract Tower,0,0,17,2,19,0,0,1,13,14,0,0,18,15,33,10,0,10,43
03/29/2014,ADM,OK,ASW,CE,Federal Contract Tower,0,0,3,0,3,0,0,26,0,26,0,0,29,0,29,22,0,22,51
03/30/2014,ADM,OK,ASW,CE,Federal Contract Tower,0,0,8,0,8,0,0,10,0,10,0,0,18,0,18,0,0,0,18
03/31/2014,ADM,OK,ASW,CE,Federal Contract Tower,0,0,9,3,12,0,0,14,0,14,0,0,23,3,26,20,0,20,46
04/01/2014,ADM,OK,ASW,CE,Federal Contract Tower,0,0,13,6,19,0,0,2,0,2,0,0,15,6,21,0,0,0,21
04/02/2014,ADM,OK,ASW,CE,Federal Contract Tower,0,0,15,0,15,0,0,0,3,3,0,0,15,3,18,0,0,0,18
04/03/2014,ADM,OK,ASW,CE,Federal Contract Tower,0,0,4,10,14,0,0,0,0,0,0,0,4,10,14,0,0,0,14
04/04/2014,ADM,OK,ASW,CE,Federal Contract Tower,0,0,8,3,11,0,0,46,0,46,0,0,54,3,57,22,16,38,95
04/05/2014,ADM,OK,ASW,CE,Federal Contract Tower,0,0,6,14,20,0,0,45,1,46,0,0,51,15,66,22,6,28,94
04/06/2014,ADM,OK,ASW,CE,Federal Contract Tower,0,0,0,0,0,0,0,0,0,0,0,0,0,0,0,0,0,0,0
04/07/2014,ADM,OK,ASW,CE,Federal Contract Tower,0,0,10,0,10,0,0,2,2,4,0,0,12,2,14,0,12,12,26
04/08/2014,ADM,OK,ASW,CE,Federal Contract Tower,0,0,12,0,12,0,0,30,0,30,0,0,42,0,42,4,0,4,46
04/09/2014,ADM,OK,ASW,CE,Federal Contract Tower,0,0,11,5,16,0,0,63,1,64,0,0,74,6,80,46,0,46,126
04/10/2014,ADM,OK,ASW,CE,Federal Contract Tower,0,0,15,4,19,0,0,19,0,19,0,0,34,4,38,2,0,2,40
04/11/2014,ADM,OK,ASW,CE,Federal Contract Tower,0,0,18,0,18,0,0,15,0,15,0,0,33,0,33,0,0,0,33
04/12/2014,ADM,OK,ASW,CE,Federal Contract Tower,0,0,3,0,3,0,0,17,0,17,0,0,20,0,20,0,0,0,20
04/13/2014,ADM,OK,ASW,CE,Federal Contract Tower,0,0,2,0,2,0,0,1,0,1,0,0,3,0,3,0,0,0,3
04/14/2014,ADM,OK,ASW,CE,Federal Contract Tower,0,0,9,8,17,0,0,9,1,10,0,0,18,9,27,0,4,4,31
04/15/2014,ADM,OK,ASW,CE,Federal Contract Tower,0,0,8,3,11,0,0,59,4,63,0,0,67,7,74,24,0,24,98
04/16/2014,ADM,OK,ASW,CE,Federal Contract Tower,0,0,12,4,16,0,0,27,2,29,0,0,39,6,45,32,8,40,85
04/17/2014,ADM,OK,ASW,CE,Federal Contract Tower,0,0,11,0,11,0,0,15,0,15,0,0,26,0,26,0,0,0,26
04/18/2014,ADM,OK,ASW,CE,Federal Contract Tower,0,0,8,0,8,0,0,44,0,44,0,0,52,0,52,20,0,20,72
04/19/2014,ADM,OK,ASW,CE,Federal Contract Tower,0,0,1,0,1,0,0,28,0,28,0,0,29,0,29,22,0,22,51
04/20/2014,ADM,OK,ASW,CE,Federal Contract Tower,0,0,7,0,7,0,0,1,0,1,0,0,8,0,8,0,0,0,8
04/21/2014,ADM,OK,ASW,CE,Federal Contract Tower,0,0,6,0,6,0,0,5,0,5,0,0,11,0,11,4,0,4,15
04/22/2014,ADM,OK,ASW,CE,Federal Contract Tower,0,0,13,3,16,0,0,80,3,83,0,0,93,6,99,24,0,24,123
04/23/2014,ADM,OK,ASW,CE,Federal Contract Tower,0,0,9,6,15,0,0,36,4,40,0,0,45,10,55,10,26,36,91
04/24/2014,ADM,OK,ASW,CE,Federal Contract Tower,0,0,18,2,20,0,0,4,0,4,0,0,22,2,24,0,0,0,24
04/25/2014,ADM,OK,ASW,CE,Federal Contract Tower,0,0,14,0,14,0,0,47,2,49,0,0,61,2,63,12,0,12,75
04/26/2014,ADM,OK,ASW,CE,Federal Contract Tower,0,0,5,0,5,0,0,11,0,11,0,0,16,0,16,6,0,6,22
04/27/2014,ADM,OK,ASW,CE,Federal Contract Tower,0,0,2,0,2,0,0,1,0,1,0,0,3,0,3,0,0,0,3
04/28/2014,ADM,OK,ASW,CE,Federal Contract Tower,0,0,15,8,23,0,0,30,0,30,0,0,45,8,53,16,0,16,69
04/29/2014,ADM,OK,ASW,CE,Federal Contract Tower,0,0,13,4,17,0,0,17,2,19,0,0,30,6,36,18,0,18,54
04/30/2014,ADM,OK,ASW,CE,Federal Contract Tower,0,1,22,10,33,0,0,47,2,49,0,1,69,12,82,34,34,68,150
05/01/2014,ADM,OK,ASW,CE,Federal Contract Tower,0,1,17,8,26,0,0,63,1,64,0,1,80,9,90,36,20,56,146
05/02/2014,ADM,OK,ASW,CE,Federal Contract Tower,0,0,14,0,14,0,0,45,1,46,0,0,59,1,60,20,18,38,98
05/03/2014,ADM,OK,ASW,CE,Federal Contract Tower,0,0,7,1,8,0,0,28,0,28,0,0,35,1,36,22,0,22,58
05/04/2014,ADM,OK,ASW,CE,Federal Contract Tower,0,0,3,0,3,0,0,14,0,14,0,0,17,0,17,0,0,0,17
05/05/2014,ADM,OK,ASW,CE,Federal Contract Tower,0,0,11,8,19,0,0,27,3,30,0,0,38,11,49,0,14,14,63
05/06/2014,ADM,OK,ASW,CE,Federal Contract Tower,0,0,16,0,16,0,0,24,4,28,0,0,40,4,44,12,0,12,56
05/07/2014,ADM,OK,ASW,CE,Federal Contract Tower,0,0,16,4,20,0,0,23,2,25,0,0,39,6,45,14,0,14,59
05/08/2014,ADM,OK,ASW,CE,Federal Contract Tower,0,0,19,0,19,0,0,0,0,0,0,0,19,0,19,0,0,0,19
05/09/2014,ADM,OK,ASW,CE,Federal Contract Tower,0,0,8,3,11,0,0,36,7,43,0,0,44,10,54,24,10,34,88
05/10/2014,ADM,OK,ASW,CE,Federal Contract Tower,0,0,0,4,4,0,0,42,0,42,0,0,42,4,46,16,0,16,62
05/11/2014,ADM,OK,ASW,CE,Federal Contract Tower,0,0,2,1,3,0,0,2,0,2,0,0,4,1,5,0,0,0,5
05/12/2014,ADM,OK,ASW,CE,Federal Contract Tower,0,0,8,0,8,0,0,0,0,0,0,0,8,0,8,0,0,0,8
05/13/2014,ADM,OK,ASW,CE,Federal Contract Tower,0,0,18,12,30,0,0,20,7,27,0,0,38,19,57,0,0,0,57
05/14/2014,ADM,OK,ASW,CE,Federal Contract Tower,0,0,13,5,18,0,0,41,8,49,0,0,54,13,67,6,18,24,91
05/15/2014,ADM,OK,ASW,CE,Federal Contract Tower,0,0,6,3,9,0,0,67,4,71,0,0,73,7,80,42,0,42,122
05/16/2014,ADM,OK,ASW,CE,Federal Contract Tower,0,0,12,8,20,0,0,74,0,74,0,0,86,8,94,38,0,38,132
05/17/2014,ADM,OK,ASW,CE,Federal Contract Tower,0,0,3,0,3,0,0,19,0,19,0,0,22,0,22,0,0,0,22
05/18/2014,ADM,OK,ASW,CE,Federal Contract Tower,0,0,11,0,11,0,0,2,0,2,0,0,13,0,13,8,0,8,21
05/19/2014,ADM,OK,ASW,CE,Federal Contract Tower,0,0,7,5,12,0,0,12,9,21,0,0,19,14,33,0,0,0,33
05/20/2014,ADM,OK,ASW,CE,Federal Contract Tower,0,0,15,3,18,0,0,20,11,31,0,0,35,14,49,16,0,16,65
05/21/2014,ADM,OK,ASW,CE,Federal Contract Tower,0,0,25,2,27,0,0,38,2,40,0,0,63,4,67,4,4,8,75
05/22/2014,ADM,OK,ASW,CE,Federal Contract Tower,0,0,40,4,44,0,0,58,0,58,0,0,98,4,102,22,0,22,124
05/23/2014,ADM,OK,ASW,CE,Federal Contract Tower,0,0,9,0,9,0,0,41,0,41,0,0,50,0,50,14,0,14,64
05/24/2014,ADM,OK,ASW,CE,Federal Contract Tower,0,0,0,0,0,0,0,4,0,4,0,0,4,0,4,2,0,2,6
05/25/2014,ADM,OK,ASW,CE,Federal Contract Tower,0,0,7,0,7,0,0,0,0,0,0,0,7,0,7,0,0,0,7
05/26/2014,ADM,OK,ASW,CE,Federal Contract Tower,0,0,6,0,6,0,0,8,0,8,0,0,14,0,14,0,0,0,14
05/27/2014,ADM,OK,ASW,CE,Federal Contract Tower,0,0,4,0,4,0,0,0,3,3,0,0,4,3,7,0,14,14,21
05/28/2014,ADM,OK,ASW,CE,Federal Contract Tower,0,0,28,11,39,0,0,28,4,32,0,0,56,15,71,8,0,8,79
05/29/2014,ADM,OK,ASW,CE,Federal Contract Tower,0,0,18,8,26,0,0,85,7,92,0,0,103,15,118,54,8,62,180
05/30/2014,ADM,OK,ASW,CE,Federal Contract Tower,0,0,18,0,18,0,0,2,0,2,0,0,20,0,20,0,0,0,20
05/31/2014,ADM,OK,ASW,CE,Federal Contract Tower,0,0,5,0,5,0,0,1,0,1,0,0,6,0,6,0,0,0,6
06/01/2014,ADM,OK,ASW,CE,Federal Contract Tower,0,0,9,0,9,0,0,1,0,1,0,0,10,0,10,0,0,0,10
06/02/2014,ADM,OK,ASW,CE,Federal Contract Tower,0,0,9,20,29,0,0,16,1,17,0,0,25,21,46,0,14,14,60
06/03/2014,ADM,OK,ASW,CE,Federal Contract Tower,0,0,28,18,46,0,0,34,3,37,0,0,62,21,83,10,10,20,103
06/04/2014,ADM,OK,ASW,CE,Federal Contract Tower,0,0,14,22,36,0,0,36,3,39,0,0,50,25,75,20,0,20,95
06/05/2014,ADM,OK,ASW,CE,Federal Contract Tower,0,0,11,0,11,0,0,40,6,46,0,0,51,6,57,8,0,8,65
06/06/2014,ADM,OK,ASW,CE,Federal Contract Tower,0,0,11,6,17,0,0,10,0,10,0,0,21,6,27,0,0,0,27
06/07/2014,ADM,OK,ASW,CE,Federal Contract Tower,0,0,5,4,9,0,0,11,5,16,0,0,16,9,25,0,0,0,25
06/08/2014,ADM,OK,ASW,CE,Federal Contract Tower,0,0,8,0,8,0,0,0,0,0,0,0,8,0,8,0,0,0,8
06/09/2014,ADM,OK,ASW,CE,Federal Contract Tower,0,0,14,7,21,0,0,21,2,23,0,0,35,9,44,18,22,40,84
06/10/2014,ADM,OK,ASW,CE,Federal Contract Tower,0,0,15,22,37,0,0,28,7,35,0,0,43,29,72,22,0,22,94
06/11/2014,ADM,OK,ASW,CE,Federal Contract Tower,0,0,13,7,20,0,0,150,6,156,0,0,163,13,176,67,14,81,257
06/12/2014,ADM,OK,ASW,CE,Federal Contract Tower,0,0,9,12,21,0,0,32,5,37,0,0,41,17,58,14,0,14,72
06/13/2014,ADM,OK,ASW,CE,Federal Contract Tower,0,0,10,8,18,0,0,97,17,114,0,0,107,25,132,10,26,36,168
06/14/2014,ADM,OK,ASW,CE,Federal Contract Tower,0,0,11,0,11,0,0,22,0,22,0,0,33,0,33,0,0,0,33
06/15/2014,ADM,OK,ASW,CE,Federal Contract Tower,0,0,0,4,4,0,0,1,2,3,0,0,1,6,7,0,0,0,7
06/16/2014,ADM,OK,ASW,CE,Federal Contract Tower,0,0,15,10,25,0,0,26,2,28,0,0,41,12,53,0,0,0,53
06/17/2014,ADM,OK,ASW,CE,Federal Contract Tower,0,0,21,4,25,0,0,20,2,22,0,0,41,6,47,4,2,6,53
06/18/2014,ADM,OK,ASW,CE,Federal Contract Tower,0,0,13,0,13,0,0,18,4,22,0,0,31,4,35,10,0,10,45
06/19/2014,ADM,OK,ASW,CE,Federal Contract Tower,0,0,8,0,8,0,0,21,0,21,0,0,29,0,29,10,0,10,39
06/20/2014,ADM,OK,ASW,CE,Federal Contract Tower,0,0,0,0,0,0,0,53,9,62,0,0,53,9,62,80,4,84,146
06/21/2014,ADM,OK,ASW,CE,Federal Contract Tower,0,0,6,0,6,0,0,52,0,52,0,0,58,0,58,32,0,32,90
06/22/2014,ADM,OK,ASW,CE,Federal Contract Tower,0,0,5,0,5,0,0,10,0,10,0,0,15,0,15,0,0,0,15
06/23/2014,ADM,OK,ASW,CE,Federal Contract Tower,0,0,3,4,7,0,0,25,0,25,0,0,28,4,32,12,0,12,44
06/24/2014,ADM,OK,ASW,CE,Federal Contract Tower,0,0,6,4,10,0,0,43,5,48,0,0,49,9,58,22,32,54,112
06/25/2014,ADM,OK,ASW,CE,Federal Contract Tower,0,0,14,0,14,0,0,11,1,12,0,0,25,1,26,2,0,2,28
06/26/2014,ADM,OK,ASW,CE,Federal Contract Tower,0,0,21,4,25,0,0,42,0,42,0,0,63,4,67,4,0,4,71
06/27/2014,ADM,OK,ASW,CE,Federal Contract Tower,0,0,7,4,11,0,0,16,2,18,0,0,23,6,29,0,0,0,29
06/28/2014,ADM,OK,ASW,CE,Federal Contract Tower,0,0,2,0,2,0,0,1,0,1,0,0,3,0,3,0,0,0,3
06/29/2014,ADM,OK,ASW,CE,Federal Contract Tower,0,0,7,0,7,0,0,11,0,11,0,0,18,0,18,0,0,0,18
06/30/2014,ADM,OK,ASW,CE,Federal Contract Tower,0,0,1,3,4,0,0,13,6,19,0,0,14,9,23,2,0,2,25
07/01/2014,ADM,OK,ASW,CE,Federal Contract Tower,0,0,12,0,12,0,0,59,1,60,0,0,71,1,72,24,0,24,96
07/02/2014,ADM,OK,ASW,CE,Federal Contract Tower,0,0,1,0,1,0,0,2,0,2,0,0,3,0,3,10,0,10,13
07/03/2014,ADM,OK,ASW,CE,Federal Contract Tower,0,0,3,4,7,0,0,26,0,26,0,0,29,4,33,6,0,6,39
07/04/2014,ADM,OK,ASW,CE,Federal Contract Tower,0,0,3,0,3,0,0,39,0,39,0,0,42,0,42,24,0,24,66
07/05/2014,ADM,OK,ASW,CE,Federal Contract Tower,0,0,5,0,5,0,0,26,0,26,0,0,31,0,31,16,0,16,47
07/06/2014,ADM,OK,ASW,CE,Federal Contract Tower,0,0,1,0,1,0,0,25,0,25,0,0,26,0,26,18,0,18,44
07/07/2014,ADM,OK,ASW,CE,Federal Contract Tower,0,0,5,0,5,0,0,40,0,40,0,0,45,0,45,8,0,8,53
07/08/2014,ADM,OK,ASW,CE,Federal Contract Tower,0,0,7,0,7,0,0,81,2,83,0,0,88,2,90,37,0,37,127
07/09/2014,ADM,OK,ASW,CE,Federal Contract Tower,0,0,16,0,16,0,0,32,0,32,0,0,48,0,48,20,0,20,68
07/10/2014,ADM,OK,ASW,CE,Federal Contract Tower,0,0,10,0,10,0,0,62,0,62,0,0,72,0,72,38,0,38,110
07/11/2014,ADM,OK,ASW,CE,Federal Contract Tower,0,0,9,1,10,0,0,60,6,66,0,0,69,7,76,52,0,52,128
07/12/2014,ADM,OK,ASW,CE,Federal Contract Tower,0,0,1,1,2,0,0,24,1,25,0,0,25,2,27,36,0,36,63
07/13/2014,ADM,OK,ASW,CE,Federal Contract Tower,0,0,3,0,3,0,0,44,0,44,0,0,47,0,47,26,0,26,73
07/14/2014,ADM,OK,ASW,CE,Federal Contract Tower,0,0,8,7,15,0,0,27,0,27,0,0,35,7,42,20,0,20,62
07/15/2014,ADM,OK,ASW,CE,Federal Contract Tower,0,0,10,8,18,0,0,14,8,22,0,0,24,16,40,2,0,2,42
07/16/2014,ADM,OK,ASW,CE,Federal Contract Tower,0,0,10,0,10,0,0,27,0,27,0,0,37,0,37,0,0,0,37
07/17/2014,ADM,OK,ASW,CE,Federal Contract Tower,0,0,3,7,10,0,0,0,0,0,0,0,3,7,10,0,0,0,10
07/18/2014,ADM,OK,ASW,CE,Federal Contract Tower,0,0,5,0,5,0,0,0,0,0,0,0,5,0,5,0,0,0,5
07/19/2014,ADM,OK,ASW,CE,Federal Contract Tower,0,0,1,0,1,0,0,15,0,15,0,0,16,0,16,18,0,18,34
07/20/2014,ADM,OK,ASW,CE,Federal Contract Tower,0,0,2,2,4,0,0,39,1,40,0,0,41,3,44,4,0,4,48
07/21/2014,ADM,OK,ASW,CE,Federal Contract Tower,0,0,5,0,5,0,0,9,1,10,0,0,14,1,15,6,2,8,23
07/22/2014,ADM,OK,ASW,CE,Federal Contract Tower,0,0,10,2,12,0,0,51,2,53,0,0,61,4,65,46,46,92,157
07/23/2014,ADM,OK,ASW,CE,Federal Contract Tower,0,0,4,11,15,0,0,23,7,30,0,0,27,18,45,8,0,8,53
07/24/2014,ADM,OK,ASW,CE,Federal Contract Tower,0,0,6,0,6,0,0,41,0,41,0,0,47,0,47,0,0,0,47
07/25/2014,ADM,OK,ASW,CE,Federal Contract Tower,0,0,7,0,7,0,0,51,0,51,0,0,58,0,58,18,0,18,76
07/26/2014,ADM,OK,ASW,CE,Federal Contract Tower,0,0,8,0,8,0,0,35,0,35,0,0,43,0,43,4,0,4,47
07/27/2014,ADM,OK,ASW,CE,Federal Contract Tower,0,0,3,6,9,0,0,0,0,0,0,0,3,6,9,12,0,12,21
07/28/2014,ADM,OK,ASW,CE,Federal Contract Tower,0,0,3,0,3,0,0,15,0,15,0,0,18,0,18,0,0,0,18
07/29/2014,ADM,OK,ASW,CE,Federal Contract Tower,0,0,5,9,14,0,0,11,0,11,0,0,16,9,25,12,34,46,71
07/30/2014,ADM,OK,ASW,CE,Federal Contract Tower,0,0,9,0,9,0,0,0,0,0,0,0,9,0,9,0,0,0,9
07/31/2014,ADM,OK,ASW,CE,Federal Contract Tower,0,0,5,0,5,0,0,6,0,6,0,0,11,0,11,0,0,0,11
08/01/2014,ADM,OK,ASW,CE,Federal Contract Tower,0,0,11,8,19,0,0,27,9,36,0,0,38,17,55,10,42,52,107
08/02/2014,ADM,OK,ASW,CE,Federal Contract Tower,0,0,11,0,11,0,0,17,0,17,0,0,28,0,28,4,0,4,32
08/03/2014,ADM,OK,ASW,CE,Federal Contract Tower,0,0,7,0,7,0,0,29,2,31,0,0,36,2,38,0,0,0,38
08/04/2014,ADM,OK,ASW,CE,Federal Contract Tower,0,0,5,0,5,0,0,34,2,36,0,0,39,2,41,38,0,38,79
08/05/2014,ADM,OK,ASW,CE,Federal Contract Tower,0,0,10,0,10,0,0,35,0,35,0,0,45,0,45,6,0,6,51
08/06/2014,ADM,OK,ASW,CE,Federal Contract Tower,0,0,11,2,13,0,0,28,4,32,0,0,39,6,45,0,0,0,45
08/07/2014,ADM,OK,ASW,CE,Federal Contract Tower,0,0,12,4,16,0,0,11,2,13,0,0,23,6,29,0,0,0,29
08/08/2014,ADM,OK,ASW,CE,Federal Contract Tower,0,0,12,4,16,0,0,35,10,45,0,0,47,14,61,14,60,74,135
08/09/2014,ADM,OK,ASW,CE,Federal Contract Tower,0,0,10,0,10,0,0,34,0,34,0,0,44,0,44,22,0,22,66
08/10/2014,ADM,OK,ASW,CE,Federal Contract Tower,0,0,4,0,4,0,0,5,4,9,0,0,9,4,13,0,0,0,13
08/11/2014,ADM,OK,ASW,CE,Federal Contract Tower,0,0,1,3,4,0,0,5,7,12,0,0,6,10,16,2,0,2,18
08/12/2014,ADM,OK,ASW,CE,Federal Contract Tower,0,0,5,4,9,0,0,53,4,57,0,0,58,8,66,12,2,14,80
08/13/2014,ADM,OK,ASW,CE,Federal Contract Tower,0,0,8,5,13,0,0,67,4,71,0,0,75,9,84,24,74,98,182
08/14/2014,ADM,OK,ASW,CE,Federal Contract Tower,0,0,3,0,3,0,0,81,0,81,0,0,84,0,84,14,0,14,98
08/15/2014,ADM,OK,ASW,CE,Federal Contract Tower,0,0,6,4,10,0,0,75,4,79,0,0,81,8,89,76,6,82,171
08/16/2014,ADM,OK,ASW,CE,Federal Contract Tower,0,0,4,0,4,0,0,34,0,34,0,0,38,0,38,14,0,14,52
08/17/2014,ADM,OK,ASW,CE,Federal Contract Tower,0,0,5,0,5,0,0,3,0,3,0,0,8,0,8,0,0,0,8
08/18/2014,ADM,OK,ASW,CE,Federal Contract Tower,0,0,2,4,6,0,0,29,0,29,0,0,31,4,35,16,0,16,51
08/19/2014,ADM,OK,ASW,CE,Federal Contract Tower,0,0,6,6,12,0,0,52,1,53,0,0,58,7,65,32,24,56,121
08/20/2014,ADM,OK,ASW,CE,Federal Contract Tower,0,0,6,15,21,0,0,16,2,18,0,0,22,17,39,2,24,26,65
08/21/2014,ADM,OK,ASW,CE,Federal Contract Tower,0,0,6,4,10,0,0,47,2,49,0,0,53,6,59,20,4,24,83
08/22/2014,ADM,OK,ASW,CE,Federal Contract Tower,0,0,5,1,6,0,0,21,5,26,0,0,26,6,32,0,44,44,76
08/23/2014,ADM,OK,ASW,CE,Federal Contract Tower,0,0,2,6,8,0,0,43,0,43,0,0,45,6,51,2,0,2,53
08/24/2014,ADM,OK,ASW,CE,Federal Contract Tower,0,0,1,4,5,0,0,27,0,27,0,0,28,4,32,2,0,2,34
08/25/2014,ADM,OK,ASW,CE,Federal Contract Tower,0,0,6,0,6,0,0,38,4,42,0,0,44,4,48,4,0,4,52
08/26/2014,ADM,OK,ASW,CE,Federal Contract Tower,0,0,4,2,6,0,0,45,1,46,0,0,49,3,52,22,42,64,116
08/27/2014,ADM,OK,ASW,CE,Federal Contract Tower,0,0,6,5,11,0,0,52,10,62,0,0,58,15,73,2,84,86,159
08/28/2014,ADM,OK,ASW,CE,Federal Contract Tower,0,0,8,1,9,0,0,33,1,34,0,0,41,2,43,38,36,74,117
08/29/2014,ADM,OK,ASW,CE,Federal Contract Tower,0,0,14,1,15,0,0,36,1,37,0,0,50,2,52,24,4,28,80
08/30/2014,ADM,OK,ASW,CE,Federal Contract Tower,0,0,0,0,0,0,0,22,0,22,0,0,22,0,22,16,0,16,38
08/31/2014,ADM,OK,ASW,CE,Federal Contract Tower,0,0,3,0,3,0,0,16,0,16,0,0,19,0,19,4,0,4,23
09/01/2014,ADM,OK,ASW,CE,Federal Contract Tower,0,0,3,0,3,0,0,4,0,4,0,0,7,0,7,0,0,0,7
09/02/2014,ADM,OK,ASW,CE,Federal Contract Tower,0,0,1,0,1,0,0,10,0,10,0,0,11,0,11,18,0,18,29
09/03/2014,ADM,OK,ASW,CE,Federal Contract Tower,0,0,7,0,7,0,0,40,0,40,0,0,47,0,47,46,0,46,93
09/04/2014,ADM,OK,ASW,CE,Federal Contract Tower,0,0,2,0,2,0,0,24,2,26,0,0,26,2,28,8,2,10,38
09/05/2014,ADM,OK,ASW,CE,Federal Contract Tower,0,0,1,0,1,0,0,57,9,66,0,0,58,9,67,44,0,44,111
09/06/2014,ADM,OK,ASW,CE,Federal Contract Tower,0,0,0,0,0,0,0,0,0,0,0,0,0,0,0,0,0,0,0
09/07/2014,ADM,OK,ASW,CE,Federal Contract Tower,0,0,9,0,9,0,0,9,0,9,0,0,18,0,18,16,0,16,34
09/08/2014,ADM,OK,ASW,CE,Federal Contract Tower,0,0,3,6,9,0,0,21,12,33,0,0,24,18,42,36,30,66,108
09/09/2014,ADM,OK,ASW,CE,Federal Contract Tower,0,0,10,1,11,0,0,27,4,31,0,0,37,5,42,8,32,40,82
09/10/2014,ADM,OK,ASW,CE,Federal Contract Tower,0,0,1,4,5,0,0,20,9,29,0,0,21,13,34,0,18,18,52
09/11/2014,ADM,OK,ASW,CE,Federal Contract Tower,0,0,40,13,53,0,0,0,0,0,0,0,40,13,53,0,0,0,53
09/12/2014,ADM,OK,ASW,CE,Federal Contract Tower,0,0,8,0,8,0,0,0,0,0,0,0,8,0,8,0,0,0,8
09/13/2014,ADM,OK,ASW,CE,Federal Contract Tower,0,0,9,0,9,0,0,11,4,15,0,0,20,4,24,8,16,24,48
09/14/2014,ADM,OK,ASW,CE,Federal Contract Tower,0,0,15,0,15,0,0,2,0,2,0,0,17,0,17,0,0,0,17
09/15/2014,ADM,OK,ASW,CE,Federal Contract Tower,0,0,5,12,17,0,0,41,0,41,0,0,46,12,58,40,0,40,98
09/16/2014,ADM,OK,ASW,CE,Federal Contract Tower,0,0,5,4,9,0,0,33,2,35,0,0,38,6,44,28,2,30,74
09/17/2014,ADM,OK,ASW,CE,Federal Contract Tower,0,0,12,0,12,0,0,52,3,55,0,0,64,3,67,26,0,26,93
09/18/2014,ADM,OK,ASW,CE,Federal Contract Tower,0,0,6,8,14,0,0,17,2,19,0,0,23,10,33,26,16,42,75
09/19/2014,ADM,OK,ASW,CE,Federal Contract Tower,0,0,23,10,33,0,0,24,2,26,0,0,47,12,59,6,4,10,69
09/20/2014,ADM,OK,ASW,CE,Federal Contract Tower,0,0,17,0,17,0,0,15,0,15,0,0,32,0,32,32,0,32,64
09/21/2014,ADM,OK,ASW,CE,Federal Contract Tower,0,0,1,0,1,0,0,41,1,42,0,0,42,1,43,30,0,30,73
09/22/2014,ADM,OK,ASW,CE,Federal Contract Tower,0,0,6,16,22,0,0,65,5,70,0,0,71,21,92,32,14,46,138
09/23/2014,ADM,OK,ASW,CE,Federal Contract Tower,0,0,7,9,16,0,0,77,6,83,0,0,84,15,99,32,18,50,149
09/24/2014,ADM,OK,ASW,CE,Federal Contract Tower,0,0,8,10,18,0,0,90,3,93,0,0,98,13,111,20,4,24,135
09/25/2014,ADM,OK,ASW,CE,Federal Contract Tower,0,0,12,11,23,0,0,77,3,80,0,0,89,14,103,58,0,58,161
09/26/2014,ADM,OK,ASW,CE,Federal Contract Tower,0,0,2,0,2,0,0,67,1,68,0,0,69,1,70,40,3,43,113
09/27/2014,ADM,OK,ASW,CE,Federal Contract Tower,0,0,6,0,6,0,0,50,0,50,0,0,56,0,56,38,0,38,94
09/28/2014,ADM,OK,ASW,CE,Federal Contract Tower,0,0,6,0,6,0,0,20,0,20,0,0,26,0,26,10,0,10,36
09/29/2014,ADM,OK,ASW,CE,Federal Contract Tower,0,0,11,0,11,0,0,29,0,29,0,0,40,0,40,74,0,74,114
09/30/2014,ADM,OK,ASW,CE,Federal Contract Tower,0,0,2,2,4,0,0,54,0,54,0,0,56,2,58,66,0,66,124
10/01/2014,ADM,OK,ASW,CE,Federal Contract Tower,0,0,7,5,12,0,0,33,4,37,0,0,40,9,49,14,28,42,91
10/02/2014,ADM,OK,ASW,CE,Federal Contract Tower,0,0,5,0,5,0,0,2,4,6,0,0,7,4,11,0,12,12,23
10/03/2014,ADM,OK,ASW,CE,Federal Contract Tower,0,0,15,2,17,0,0,38,2,40,0,0,53,4,57,6,2,8,65
10/04/2014,ADM,OK,ASW,CE,Federal Contract Tower,0,0,4,0,4,0,0,18,0,18,0,0,22,0,22,6,0,6,28
10/05/2014,ADM,OK,ASW,CE,Federal Contract Tower,0,0,6,0,6,0,0,10,0,10,0,0,16,0,16,22,0,22,38
10/06/2014,ADM,OK,ASW,CE,Federal Contract Tower,0,0,0,3,3,0,0,38,5,43,0,0,38,8,46,32,0,32,78
10/07/2014,ADM,OK,ASW,CE,Federal Contract Tower,0,0,10,2,12,0,0,61,2,63,0,0,71,4,75,36,10,46,121
10/08/2014,ADM,OK,ASW,CE,Federal Contract Tower,0,0,7,0,7,0,0,22,2,24,0,0,29,2,31,24,18,42,73
10/09/2014,ADM,OK,ASW,CE,Federal Contract Tower,0,0,5,4,9,0,0,17,0,17,0,0,22,4,26,8,0,8,34
10/10/2014,ADM,OK,ASW,CE,Federal Contract Tower,0,0,5,1,6,0,0,8,1,9,0,0,13,2,15,0,42,42,57
10/11/2014,ADM,OK,ASW,CE,Federal Contract Tower,0,0,9,0,9,0,0,0,0,0,0,0,9,0,9,0,0,0,9
10/12/2014,ADM,OK,ASW,CE,Federal Contract Tower,0,0,5,0,5,0,0,27,0,27,0,0,32,0,32,14,0,14,46
10/13/2014,ADM,OK,ASW,CE,Federal Contract Tower,0,0,2,0,2,0,0,12,0,12,0,0,14,0,14,6,0,6,20
10/14/2014,ADM,OK,ASW,CE,Federal Contract Tower,0,0,1,2,3,0,0,47,4,51,0,0,48,6,54,52,38,90,144
10/15/2014,ADM,OK,ASW,CE,Federal Contract Tower,0,0,1,10,11,0,0,81,6,87,0,0,82,16,98,40,52,92,190
10/16/2014,ADM,OK,ASW,CE,Federal Contract Tower,0,0,9,5,14,0,0,75,2,77,0,0,84,7,91,68,24,92,183
10/17/2014,ADM,OK,ASW,CE,Federal Contract Tower,0,0,5,4,9,0,0,59,2,61,0,0,64,6,70,32,12,44,114
10/18/2014,ADM,OK,ASW,CE,Federal Contract Tower,0,0,0,0,0,0,0,41,0,41,0,0,41,0,41,14,0,14,55
10/19/2014,ADM,OK,ASW,CE,Federal Contract Tower,0,0,7,0,7,0,0,48,1,49,0,0,55,1,56,60,0,60,116
10/20/2014,ADM,OK,ASW,CE,Federal Contract Tower,0,0,7,7,14,0,0,38,2,40,0,0,45,9,54,54,28,82,136
10/21/2014,ADM,OK,ASW,CE,Federal Contract Tower,0,0,9,7,16,0,0,49,0,49,0,0,58,7,65,28,0,28,93
10/22/2014,ADM,OK,ASW,CE,Federal Contract Tower,0,0,1,0,1,0,0,23,2,25,0,0,24,2,26,18,2,20,46
10/23/2014,ADM,OK,ASW,CE,Federal Contract Tower,0,0,8,5,13,0,0,38,3,41,0,0,46,8,54,20,8,28,82
10/24/2014,ADM,OK,ASW,CE,Federal Contract Tower,0,0,3,1,4,0,0,41,6,47,0,0,44,7,51,16,4,20,71
10/25/2014,ADM,OK,ASW,CE,Federal Contract Tower,0,0,9,0,9,0,0,27,0,27,0,0,36,0,36,4,0,4,40
10/26/2014,ADM,OK,ASW,CE,Federal Contract Tower,0,0,8,0,8,0,0,28,2,30,0,0,36,2,38,8,0,8,46
10/27/2014,ADM,OK,ASW,CE,Federal Contract Tower,0,0,2,4,6,0,0,13,2,15,0,0,15,6,21,4,8,12,33
10/28/2014,ADM,OK,ASW,CE,Federal Contract Tower,0,0,14,4,18,0,0,23,8,31,0,0,37,12,49,38,16,54,103
10/29/2014,ADM,OK,ASW,CE,Federal Contract Tower,0,0,5,11,16,0,0,58,13,71,0,0,63,24,87,80,36,116,203
10/30/2014,ADM,OK,ASW,CE,Federal Contract Tower,0,0,7,1,8,0,0,29,12,41,0,0,36,13,49,16,10,26,75
10/31/2014,ADM,OK,ASW,CE,Federal Contract Tower,0,0,2,1,3,0,0,14,5,19,0,0,16,6,22,6,10,16,38
11/01/2014,ADM,OK,ASW,CE,Federal Contract Tower,0,0,0,0,0,0,0,36,0,36,0,0,36,0,36,10,0,10,46
11/02/2014,ADM,OK,ASW,CE,Federal Contract Tower,4,0,0,0,4,0,0,2,0,2,4,0,2,0,6,0,0,0,6
11/03/2014,ADM,OK,ASW,CE,Federal Contract Tower,0,0,9,13,22,0,0,11,1,12,0,0,20,14,34,12,4,16,50
11/04/2014,ADM,OK,ASW,CE,Federal Contract Tower,0,0,3,0,3,0,0,0,0,0,0,0,3,0,3,0,0,0,3
11/05/2014,ADM,OK,ASW,CE,Federal Contract Tower,0,0,25,7,32,0,0,35,16,51,0,0,60,23,83,8,14,22,105
11/06/2014,ADM,OK,ASW,CE,Federal Contract Tower,0,0,14,11,25,0,0,32,1,33,0,0,46,12,58,24,4,28,86
11/07/2014,ADM,OK,ASW,CE,Federal Contract Tower,0,0,7,10,17,0,0,33,14,47,0,0,40,24,64,28,4,32,96
11/08/2014,ADM,OK,ASW,CE,Federal Contract Tower,0,0,0,0,0,0,0,28,0,28,0,0,28,0,28,0,0,0,28
11/09/2014,ADM,OK,ASW,CE,Federal Contract Tower,0,0,5,0,5,0,0,33,0,33,0,0,38,0,38,20,0,20,58
11/10/2014,ADM,OK,ASW,CE,Federal Contract Tower,0,0,5,2,7,0,0,13,0,13,0,0,18,2,20,22,0,22,42
11/11/2014,ADM,OK,ASW,CE,Federal Contract Tower,0,0,8,0,8,0,0,29,0,29,0,0,37,0,37,22,0,22,59
11/12/2014,ADM,OK,ASW,CE,Federal Contract Tower,0,0,18,16,34,0,0,38,5,43,0,0,56,21,77,24,16,40,117
11/13/2014,ADM,OK,ASW,CE,Federal Contract Tower,0,0,8,34,42,0,0,38,3,41,0,0,46,37,83,18,34,52,135
11/14/2014,ADM,OK,ASW,CE,Federal Contract Tower,0,0,20,4,24,0,0,32,7,39,0,0,52,11,63,8,28,36,99
11/15/2014,ADM,OK,ASW,CE,Federal Contract Tower,0,0,6,0,6,0,0,9,0,9,0,0,15,0,15,0,0,0,15
11/16/2014,ADM,OK,ASW,CE,Federal Contract Tower,0,0,9,0,9,0,0,0,0,0,0,0,9,0,9,0,0,0,9
11/17/2014,ADM,OK,ASW,CE,Federal Contract Tower,0,0,9,3,12,0,0,13,3,16,0,0,22,6,28,8,16,24,52
11/18/2014,ADM,OK,ASW,CE,Federal Contract Tower,0,0,12,15,27,0,0,21,0,21,0,0,33,15,48,18,6,24,72
11/19/2014,ADM,OK,ASW,CE,Federal Contract Tower,0,0,12,4,16,0,0,36,0,36,0,0,48,4,52,18,0,18,70
11/20/2014,ADM,OK,ASW,CE,Federal Contract Tower,0,0,17,4,21,0,0,34,1,35,0,0,51,5,56,38,0,38,94
11/21/2014,ADM,OK,ASW,CE,Federal Contract Tower,0,0,36,2,38,0,0,2,0,2,0,0,38,2,40,0,0,0,40
11/22/2014,ADM,OK,ASW,CE,Federal Contract Tower,0,0,2,0,2,0,0,0,0,0,0,0,2,0,2,0,0,0,2
11/23/2014,ADM,OK,ASW,CE,Federal Contract Tower,0,0,0,0,0,0,0,0,0,0,0,0,0,0,0,0,0,0,0
11/24/2014,ADM,OK,ASW,CE,Federal Contract Tower,0,0,10,21,31,0,0,30,9,39,0,0,40,30,70,44,22,66,136
11/25/2014,ADM,OK,ASW,CE,Federal Contract Tower,0,0,12,20,32,0,0,40,4,44,0,0,52,24,76,18,12,30,106
11/26/2014,ADM,OK,ASW,CE,Federal Contract Tower,0,0,6,5,11,0,0,27,1,28,0,0,33,6,39,46,0,46,85
11/27/2014,ADM,OK,ASW,CE,Federal Contract Tower,0,0,2,0,2,0,0,2,0,2,0,0,4,0,4,0,0,0,4
11/28/2014,ADM,OK,ASW,CE,Federal Contract Tower,0,0,0,0,0,0,0,18,0,18,0,0,18,0,18,4,0,4,22
11/29/2014,ADM,OK,ASW,CE,Federal Contract Tower,0,0,0,0,0,0,0,15,0,15,0,0,15,0,15,12,0,12,27
11/30/2014,ADM,OK,ASW,CE,Federal Contract Tower,0,0,8,0,8,0,0,3,0,3,0,0,11,0,11,0,0,0,11
12/01/2014,ADM,OK,ASW,CE,Federal Contract Tower,0,0,17,12,29,0,0,10,4,14,0,0,27,16,43,18,14,32,75
12/02/2014,ADM,OK,ASW,CE,Federal Contract Tower,0,0,10,12,22,0,0,26,1,27,0,0,36,13,49,20,26,46,95
12/03/2014,ADM,OK,ASW,CE,Federal Contract Tower,0,0,17,6,23,0,0,0,0,0,0,0,17,6,23,0,0,0,23
12/04/2014,ADM,OK,ASW,CE,Federal Contract Tower,0,0,11,6,17,0,0,0,0,0,0,0,11,6,17,0,0,0,17
12/05/2014,ADM,OK,ASW,CE,Federal Contract Tower,0,0,12,17,29,0,0,3,3,6,0,0,15,20,35,0,0,0,35
12/06/2014,ADM,OK,ASW,CE,Federal Contract Tower,0,0,2,0,2,0,0,8,3,11,0,0,10,3,13,0,0,0,13
12/07/2014,ADM,OK,ASW,CE,Federal Contract Tower,0,0,7,0,7,0,0,0,0,0,0,0,7,0,7,0,0,0,7
12/08/2014,ADM,OK,ASW,CE,Federal Contract Tower,0,0,7,9,16,0,0,12,1,13,0,0,19,10,29,16,2,18,47
12/09/2014,ADM,OK,ASW,CE,Federal Contract Tower,0,0,4,4,8,0,0,24,0,24,0,0,28,4,32,24,0,24,56
12/10/2014,ADM,OK,ASW,CE,Federal Contract Tower,0,0,12,10,22,0,0,25,11,36,0,0,37,21,58,12,2,14,72
12/11/2014,ADM,OK,ASW,CE,Federal Contract Tower,0,0,25,15,40,0,0,13,2,15,0,0,38,17,55,16,72,88,143
12/12/2014,ADM,OK,ASW,CE,Federal Contract Tower,0,0,6,2,8,0,0,0,0,0,0,0,6,2,8,0,0,0,8
12/13/2014,ADM,OK,ASW,CE,Federal Contract Tower,0,0,3,0,3,0,0,2,0,2,0,0,5,0,5,0,0,0,5
12/14/2014,ADM,OK,ASW,CE,Federal Contract Tower,0,0,6,0,6,0,0,0,0,0,0,0,6,0,6,0,0,0,6
12/15/2014,ADM,OK,ASW,CE,Federal Contract Tower,0,0,6,24,30,0,0,24,8,32,0,0,30,32,62,0,154,154,216
12/16/2014,ADM,OK,ASW,CE,Federal Contract Tower,0,0,11,6,17,0,0,58,0,58,0,0,69,6,75,2,0,2,77
12/17/2014,ADM,OK,ASW,CE,Federal Contract Tower,0,0,10,6,16,0,0,3,3,6,0,0,13,9,22,0,12,12,34
12/18/2014,ADM,OK,ASW,CE,Federal Contract Tower,0,0,12,0,12,0,0,0,0,0,0,0,12,0,12,0,0,0,12
12/19/2014,ADM,OK,ASW,CE,Federal Contract Tower,0,0,7,0,7,0,0,2,0,2,0,0,9,0,9,0,0,0,9
12/20/2014,ADM,OK,ASW,CE,Federal Contract Tower,0,0,20,0,20,0,0,1,0,1,0,0,21,0,21,0,0,0,21
12/21/2014,ADM,OK,ASW,CE,Federal Contract Tower,0,0,10,0,10,0,0,0,0,0,0,0,10,0,10,0,0,0,10
12/22/2014,ADM,OK,ASW,CE,Federal Contract Tower,0,0,6,2,8,0,0,20,2,22,0,0,26,4,30,10,20,30,60
12/23/2014,ADM,OK,ASW,CE,Federal Contract Tower,0,0,15,0,15,0,0,23,0,23,0,0,38,0,38,22,0,22,60
12/24/2014,ADM,OK,ASW,CE,Federal Contract Tower,0,0,2,0,2,0,0,20,0,20,0,0,22,0,22,0,0,0,22
12/25/2014,ADM,OK,ASW,CE,Federal Contract Tower,0,0,2,0,2,0,0,2,0,2,0,0,4,0,4,0,0,0,4
12/26/2014,ADM,OK,ASW,CE,Federal Contract Tower,0,0,7,0,7,0,0,1,0,1,0,0,8,0,8,0,0,0,8
12/27/2014,ADM,OK,ASW,CE,Federal Contract Tower,0,0,6,0,6,0,0,0,0,0,0,0,6,0,6,0,0,0,6
12/28/2014,ADM,OK,ASW,CE,Federal Contract Tower,0,0,1,0,1,0,0,33,0,33,0,0,34,0,34,32,0,32,66
12/29/2014,ADM,OK,ASW,CE,Federal Contract Tower,0,0,5,0,5,0,0,47,0,47,0,0,52,0,52,22,0,22,74
12/30/2014,ADM,OK,ASW,CE,Federal Contract Tower,0,0,9,0,9,0,0,13,0,13,0,0,22,0,22,0,0,0,22
12/31/2014,ADM,OK,ASW,CE,Federal Contract Tower,0,0,5,0,5,0,0,5,0,5,0,0,10,0,10,0,0,0,10
01/01/2015,ADM,OK,ASW,CE,Federal Contract Tower,0,0,2,0,2,0,0,0,0,0,0,0,2,0,2,0,0,0,2
01/02/2015,ADM,OK,ASW,CE,Federal Contract Tower,0,0,4,0,4,0,0,0,0,0,0,0,4,0,4,0,0,0,4
01/03/2015,ADM,OK,ASW,CE,Federal Contract Tower,0,0,7,0,7,0,0,0,0,0,0,0,7,0,7,0,0,0,7
01/04/2015,ADM,OK,ASW,CE,Federal Contract Tower,0,0,6,0,6,0,0,0,0,0,0,0,6,0,6,0,0,0,6
01/05/2015,ADM,OK,ASW,CE,Federal Contract Tower,0,0,0,0,0,0,0,16,0,16,0,0,16,0,16,0,0,0,16
01/06/2015,ADM,OK,ASW,CE,Federal Contract Tower,0,0,5,10,15,0,0,48,2,50,0,0,53,12,65,44,0,44,109
01/07/2015,ADM,OK,ASW,CE,Federal Contract Tower,0,0,7,0,7,0,0,17,0,17,0,0,24,0,24,16,0,16,40
01/08/2015,ADM,OK,ASW,CE,Federal Contract Tower,0,0,3,4,7,0,0,32,0,32,0,0,35,4,39,42,0,42,81
01/09/2015,ADM,OK,ASW,CE,Federal Contract Tower,0,0,16,8,24,0,0,35,1,36,0,0,51,9,60,14,30,44,104
01/10/2015,ADM,OK,ASW,CE,Federal Contract Tower,0,0,8,0,8,0,0,40,0,40,0,0,48,0,48,16,0,16,64
01/11/2015,ADM,OK,ASW,CE,Federal Contract Tower,0,0,2,0,2,0,0,0,0,0,0,0,2,0,2,0,0,0,2
01/12/2015,ADM,OK,ASW,CE,Federal Contract Tower,0,0,11,4,15,0,0,1,0,1,0,0,12,4,16,0,0,0,16
01/13/2015,ADM,OK,ASW,CE,Federal Contract Tower,0,0,8,8,16,0,0,2,0,2,0,0,10,8,18,0,0,0,18
01/14/2015,ADM,OK,ASW,CE,Federal Contract Tower,0,0,14,18,32,0,0,33,3,36,0,0,47,21,68,30,6,36,104
01/15/2015,ADM,OK,ASW,CE,Federal Contract Tower,0,0,8,10,18,0,0,56,8,64,0,0,64,18,82,28,16,44,126
01/16/2015,ADM,OK,ASW,CE,Federal Contract Tower,0,0,7,4,11,0,0,64,0,64,0,0,71,4,75,36,0,36,111
01/17/2015,ADM,OK,ASW,CE,Federal Contract Tower,0,0,0,0,0,0,0,28,0,28,0,0,28,0,28,10,0,10,38
01/18/2015,ADM,OK,ASW,CE,Federal Contract Tower,0,0,4,0,4,0,0,14,0,14,0,0,18,0,18,24,0,24,42
01/19/2015,ADM,OK,ASW,CE,Federal Contract Tower,0,0,5,0,5,0,0,24,0,24,0,0,29,0,29,0,0,0,29
01/20/2015,ADM,OK,ASW,CE,Federal Contract Tower,0,0,6,8,14,0,0,61,5,66,0,0,67,13,80,26,6,32,112
01/21/2015,ADM,OK,ASW,CE,Federal Contract Tower,0,0,13,14,27,0,0,72,1,73,0,0,85,15,100,48,10,58,158
01/22/2015,ADM,OK,ASW,CE,Federal Contract Tower,0,0,17,0,17,0,0,1,0,1,0,0,18,0,18,0,0,0,18
01/23/2015,ADM,OK,ASW,CE,Federal Contract Tower,0,0,2,17,19,0,0,48,2,50,0,0,50,19,69,22,2,24,93
01/24/2015,ADM,OK,ASW,CE,Federal Contract Tower,0,0,2,0,2,0,0,48,4,52,0,0,50,4,54,8,6,14,68
01/25/2015,ADM,OK,ASW,CE,Federal Contract Tower,0,0,2,0,2,0,0,4,5,9,0,0,6,5,11,0,0,0,11
01/26/2015,ADM,OK,ASW,CE,Federal Contract Tower,0,0,14,19,33,0,0,23,10,33,0,0,37,29,66,24,0,24,90
01/27/2015,ADM,OK,ASW,CE,Federal Contract Tower,0,0,7,10,17,0,0,69,4,73,0,0,76,14,90,42,6,48,138
01/28/2015,ADM,OK,ASW,CE,Federal Contract Tower,0,0,16,5,21,0,0,34,13,47,0,0,50,18,68,36,12,48,116
01/29/2015,ADM,OK,ASW,CE,Federal Contract Tower,0,0,16,14,30,0,0,41,4,45,0,0,57,18,75,30,10,40,115
01/30/2015,ADM,OK,ASW,CE,Federal Contract Tower,0,0,15,9,24,0,0,41,7,48,0,0,56,16,72,4,24,28,100
01/31/2015,ADM,OK,ASW,CE,Federal Contract Tower,0,0,0,0,0,0,0,4,0,4,0,0,4,0,4,0,0,0,4
02/01/2015,ADM,OK,ASW,CE,Federal Contract Tower,0,0,1,0,1,0,0,0,0,0,0,0,1,0,1,0,0,0,1
02/02/2015,ADM,OK,ASW,CE,Federal Contract Tower,0,0,10,8,18,0,0,61,0,61,0,0,71,8,79,20,6,26,105
02/03/2015,ADM,OK,ASW,CE,Federal Contract Tower,0,0,18,12,30,0,0,53,6,59,0,0,71,18,89,66,12,78,167
02/04/2015,ADM,OK,ASW,CE,Federal Contract Tower,0,0,28,6,34,0,0,0,0,0,0,0,28,6,34,0,0,0,34
02/05/2015,ADM,OK,ASW,CE,Federal Contract Tower,0,0,4,2,6,0,0,2,4,6,0,0,6,6,12,0,0,0,12
02/06/2015,ADM,OK,ASW,CE,Federal Contract Tower,0,0,9,10,19,0,0,24,8,32,0,0,33,18,51,20,38,58,109
02/07/2015,ADM,OK,ASW,CE,Federal Contract Tower,0,0,2,0,2,0,0,26,0,26,0,0,28,0,28,30,0,30,58
02/08/2015,ADM,OK,ASW,CE,Federal Contract Tower,0,0,0,4,4,0,0,27,0,27,0,0,27,4,31,2,0,2,33
02/09/2015,ADM,OK,ASW,CE,Federal Contract Tower,0,0,7,25,32,0,0,84,10,94,0,0,91,35,126,36,26,62,188
02/10/2015,ADM,OK,ASW,CE,Federal Contract Tower,0,0,15,10,25,0,0,43,2,45,0,0,58,12,70,34,14,48,118
02/11/2015,ADM,OK,ASW,CE,Federal Contract Tower,0,0,17,10,27,0,0,15,6,21,0,0,32,16,48,16,8,24,72
02/12/2015,ADM,OK,ASW,CE,Federal Contract Tower,0,0,14,17,31,0,0,59,11,70,0,0,73,28,101,38,0,38,139
02/13/2015,ADM,OK,ASW,CE,Federal Contract Tower,0,0,11,2,13,0,0,69,11,80,0,0,80,13,93,4,44,48,141
02/14/2015,ADM,OK,ASW,CE,Federal Contract Tower,2,0,0,0,2,0,0,41,0,41,2,0,41,0,43,4,0,4,47
02/15/2015,ADM,OK,ASW,CE,Federal Contract Tower,0,0,2,0,2,0,0,3,0,3,0,0,5,0,5,0,0,0,5
02/16/2015,ADM,OK,ASW,CE,Federal Contract Tower,0,0,5,0,5,0,0,4,0,4,0,0,9,0,9,2,0,2,11
02/17/2015,ADM,OK,ASW,CE,Federal Contract Tower,0,0,10,12,22,0,0,26,6,32,0,0,36,18,54,20,4,24,78
02/18/2015,ADM,OK,ASW,CE,Federal Contract Tower,0,0,4,10,14,0,0,42,15,57,0,0,46,25,71,50,18,68,139
02/19/2015,ADM,OK,ASW,CE,Federal Contract Tower,0,0,14,11,25,0,0,36,10,46,0,0,50,21,71,16,18,34,105
02/20/2015,ADM,OK,ASW,CE,Federal Contract Tower,0,0,9,6,15,0,0,0,0,0,0,0,9,6,15,0,0,0,15
02/21/2015,ADM,OK,ASW,CE,Federal Contract Tower,0,0,1,4,5,0,0,0,2,2,0,0,1,6,7,0,6,6,13
02/22/2015,ADM,OK,ASW,CE,Federal Contract Tower,0,0,0,0,0,0,0,0,0,0,0,0,0,0,0,0,0,0,0
02/23/2015,ADM,OK,ASW,CE,Federal Contract Tower,0,0,0,0,0,0,0,0,0,0,0,0,0,0,0,0,0,0,0
02/24/2015,ADM,OK,ASW,CE,Federal Contract Tower,0,0,15,11,26,0,0,7,1,8,0,0,22,12,34,0,0,0,34
02/25/2015,ADM,OK,ASW,CE,Federal Contract Tower,0,0,8,4,12,0,0,35,2,37,0,0,43,6,49,54,0,54,103
02/26/2015,ADM,OK,ASW,CE,Federal Contract Tower,0,0,7,17,24,0,0,27,5,32,0,0,34,22,56,42,20,62,118
02/27/2015,ADM,OK,ASW,CE,Federal Contract Tower,0,0,0,0,0,0,0,0,0,0,0,0,0,0,0,0,0,0,0
02/28/2015,ADM,OK,ASW,CE,Federal Contract Tower,0,0,0,0,0,0,0,0,0,0,0,0,0,0,0,0,0,0,0
03/01/2015,ADM,OK,ASW,CE,Federal Contract Tower,0,0,3,0,3,0,0,0,0,0,0,0,3,0,3,0,0,0,3
03/02/2015,ADM,OK,ASW,CE,Federal Contract Tower,0,0,5,3,8,0,0,0,0,0,0,0,5,3,8,0,0,0,8
03/03/2015,ADM,OK,ASW,CE,Federal Contract Tower,0,0,13,2,15,0,0,0,0,0,0,0,13,2,15,0,0,0,15
03/04/2015,ADM,OK,ASW,CE,Federal Contract Tower,0,0,6,0,6,0,0,0,0,0,0,0,6,0,6,0,0,0,6
03/05/2015,ADM,OK,ASW,CE,Federal Contract Tower,0,0,3,14,17,0,0,29,0,29,0,0,32,14,46,64,0,64,110
03/06/2015,ADM,OK,ASW,CE,Federal Contract Tower,0,0,16,9,25,0,0,83,6,89,0,0,99,15,114,65,4,69,183
03/07/2015,ADM,OK,ASW,CE,Federal Contract Tower,0,0,7,0,7,0,0,57,0,57,0,0,64,0,64,24,0,24,88
03/08/2015,ADM,OK,ASW,CE,Federal Contract Tower,0,0,4,0,4,0,0,5,0,5,0,0,9,0,9,16,0,16,25
03/09/2015,ADM,OK,ASW,CE,Federal Contract Tower,0,0,2,2,4,0,0,0,0,0,0,0,2,2,4,0,0,0,4
03/10/2015,ADM,OK,ASW,CE,Federal Contract Tower,0,0,29,0,29,0,0,0,0,0,0,0,29,0,29,0,0,0,29
03/11/2015,ADM,OK,ASW,CE,Federal Contract Tower,0,0,16,16,32,0,0,97,3,100,0,0,113,19,132,34,24,58,190
03/12/2015,ADM,OK,ASW,CE,Federal Contract Tower,0,0,12,12,24,0,0,31,2,33,0,0,43,14,57,36,0,36,93
03/13/2015,ADM,OK,ASW,CE,Federal Contract Tower,0,0,15,6,21,0,0,0,0,0,0,0,15,6,21,0,0,0,21
03/14/2015,ADM,OK,ASW,CE,Federal Contract Tower,0,0,5,0,5,0,0,12,19,31,0,0,17,19,36,0,22,22,58
03/15/2015,ADM,OK,ASW,CE,Federal Contract Tower,0,0,7,8,15,0,0,2,0,2,0,0,9,8,17,0,0,0,17
03/16/2015,ADM,OK,ASW,CE,Federal Contract Tower,0,0,4,0,4,0,0,52,1,53,0,0,56,1,57,58,0,58,115
03/17/2015,ADM,OK,ASW,CE,Federal Contract Tower,0,0,9,18,27,0,0,64,1,65,0,0,73,19,92,54,10,64,156
03/18/2015,ADM,OK,ASW,CE,Federal Contract Tower,0,0,2,16,18,0,0,2,0,2,0,0,4,16,20,0,0,0,20
03/19/2015,ADM,OK,ASW,CE,Federal Contract Tower,0,0,3,2,5,0,0,0,0,0,0,0,3,2,5,0,0,0,5
03/20/2015,ADM,OK,ASW,CE,Federal Contract Tower,0,0,8,10,18,0,0,4,0,4,0,0,12,10,22,0,0,0,22
03/21/2015,ADM,OK,ASW,CE,Federal Contract Tower,0,0,12,4,16,0,0,0,16,16,0,0,12,20,32,0,8,8,40
03/22/2015,ADM,OK,ASW,CE,Federal Contract Tower,0,0,4,0,4,0,0,2,0,2,0,0,6,0,6,0,0,0,6
03/23/2015,ADM,OK,ASW,CE,Federal Contract Tower,0,0,10,10,20,0,0,105,0,105,0,0,115,10,125,80,0,80,205
03/24/2015,ADM,OK,ASW,CE,Federal Contract Tower,0,0,8,12,20,0,0,59,9,68,0,0,67,21,88,34,30,64,152
03/25/2015,ADM,OK,ASW,CE,Federal Contract Tower,0,0,11,16,27,0,0,7,4,11,0,0,18,20,38,6,2,8,46
03/26/2015,ADM,OK,ASW,CE,Federal Contract Tower,0,0,20,11,31,0,0,31,2,33,0,0,51,13,64,10,4,14,78
03/27/2015,ADM,OK,ASW,CE,Federal Contract Tower,0,0,15,12,27,0,0,82,0,82,0,0,97,12,109,56,0,56,165
03/28/2015,ADM,OK,ASW,CE,Federal Contract Tower,0,0,8,0,8,0,0,84,0,84,0,0,92,0,92,50,0,50,142
03/29/2015,ADM,OK,ASW,CE,Federal Contract Tower,0,0,6,0,6,0,0,33,0,33,0,0,39,0,39,26,0,26,65
03/30/2015,ADM,OK,ASW,CE,Federal Contract Tower,0,0,14,7,21,0,0,35,4,39,0,0,49,11,60,42,10,52,112
03/31/2015,ADM,OK,ASW,CE,Federal Contract Tower,0,0,14,6,20,0,0,17,17,34,0,0,31,23,54,42,8,50,104
04/01/2015,ADM,OK,ASW,CE,Federal Contract Tower,0,0,9,0,9,0,0,4,14,18,0,0,13,14,27,0,4,4,31
04/02/2015,ADM,OK,ASW,CE,Federal Contract Tower,0,0,30,0,30,0,0,31,0,31,0,0,61,0,61,28,0,28,89
04/03/2015,ADM,OK,ASW,CE,Federal Contract Tower,0,0,9,4,13,0,0,47,4,51,0,0,56,8,64,36,0,36,100
04/04/2015,ADM,OK,ASW,CE,Federal Contract Tower,0,0,2,0,2,0,0,95,0,95,0,0,97,0,97,74,0,74,171
04/05/2015,ADM,OK,ASW,CE,Federal Contract Tower,0,0,4,0,4,0,0,0,0,0,0,0,4,0,4,0,0,0,4
04/06/2015,ADM,OK,ASW,CE,Federal Contract Tower,0,0,21,1,22,0,0,10,0,10,0,0,31,1,32,32,0,32,64
04/07/2015,ADM,OK,ASW,CE,Federal Contract Tower,0,0,38,3,41,0,0,27,0,27,0,0,65,3,68,80,20,100,168
04/08/2015,ADM,OK,ASW,CE,Federal Contract Tower,0,0,15,4,19,0,0,8,0,8,0,0,23,4,27,50,0,50,77
04/09/2015,ADM,OK,ASW,CE,Federal Contract Tower,0,0,23,0,23,0,0,29,0,29,0,0,52,0,52,70,0,70,122
04/10/2015,ADM,OK,ASW,CE,Federal Contract Tower,0,0,7,8,15,0,0,153,0,153,0,0,160,8,168,92,0,92,260
04/11/2015,ADM,OK,ASW,CE,Federal Contract Tower,0,0,3,0,3,0,0,38,0,38,0,0,41,0,41,8,0,8,49
04/12/2015,ADM,OK,ASW,CE,Federal Contract Tower,0,0,5,0,5,0,0,0,0,0,0,0,5,0,5,0,0,0,5
04/13/2015,ADM,OK,ASW,CE,Federal Contract Tower,0,0,5,2,7,0,0,4,0,4,0,0,9,2,11,14,0,14,25
04/14/2015,ADM,OK,ASW,CE,Federal Contract Tower,0,0,16,0,16,0,0,0,0,0,0,0,16,0,16,0,0,0,16
04/15/2015,ADM,OK,ASW,CE,Federal Contract Tower,0,0,21,0,21,0,0,24,0,24,0,0,45,0,45,4,0,4,49
04/16/2015,ADM,OK,ASW,CE,Federal Contract Tower,0,0,34,8,42,0,0,8,0,8,0,0,42,8,50,10,0,10,60
04/17/2015,ADM,OK,ASW,CE,Federal Contract Tower,0,0,9,2,11,0,0,2,0,2,0,0,11,2,13,0,0,0,13
04/18/2015,ADM,OK,ASW,CE,Federal Contract Tower,0,0,9,0,9,0,0,18,0,18,0,0,27,0,27,10,0,10,37
04/19/2015,ADM,OK,ASW,CE,Federal Contract Tower,0,0,3,0,3,0,0,4,1,5,0,0,7,1,8,0,0,0,8
04/20/2015,ADM,OK,ASW,CE,Federal Contract Tower,0,0,8,4,12,0,0,92,3,95,0,0,100,7,107,106,0,106,213
04/21/2015,ADM,OK,ASW,CE,Federal Contract Tower,0,0,14,6,20,0,0,49,5,54,0,0,63,11,74,26,44,70,144
04/22/2015,ADM,OK,ASW,CE,Federal Contract Tower,0,0,18,2,20,0,0,4,4,8,0,0,22,6,28,0,0,0,28
04/23/2015,ADM,OK,ASW,CE,Federal Contract Tower,0,0,12,4,16,0,0,0,0,0,0,0,12,4,16,0,0,0,16
04/24/2015,ADM,OK,ASW,CE,Federal Contract Tower,0,0,4,0,4,0,0,0,0,0,0,0,4,0,4,0,0,0,4
04/25/2015,ADM,OK,ASW,CE,Federal Contract Tower,0,0,0,0,0,0,0,52,0,52,0,0,52,0,52,30,0,30,82
04/26/2015,ADM,OK,ASW,CE,Federal Contract Tower,0,0,3,4,7,0,0,44,4,48,0,0,47,8,55,22,2,24,79
04/27/2015,ADM,OK,ASW,CE,Federal Contract Tower,0,0,6,0,6,0,0,4,0,4,0,0,10,0,10,0,0,0,10
04/28/2015,ADM,OK,ASW,CE,Federal Contract Tower,0,0,22,0,22,0,0,35,0,35,0,0,57,0,57,24,0,24,81
04/29/2015,ADM,OK,ASW,CE,Federal Contract Tower,0,0,22,9,31,0,0,88,4,92,0,0,110,13,123,44,2,46,169
04/30/2015,ADM,OK,ASW,CE,Federal Contract Tower,0,0,12,12,24,0,0,75,5,80,0,0,87,17,104,16,14,30,134
05/01/2015,ADM,OK,ASW,CE,Federal Contract Tower,0,0,12,6,18,0,0,47,2,49,0,0,59,8,67,4,6,10,77
05/02/2015,ADM,OK,ASW,CE,Federal Contract Tower,0,0,2,4,6,0,0,54,0,54,0,0,56,4,60,30,4,34,94
05/03/2015,ADM,OK,ASW,CE,Federal Contract Tower,0,0,1,0,1,0,0,23,0,23,0,0,24,0,24,2,0,2,26
05/04/2015,ADM,OK,ASW,CE,Federal Contract Tower,0,0,9,14,23,0,0,37,2,39,0,0,46,16,62,12,4,16,78
05/05/2015,ADM,OK,ASW,CE,Federal Contract Tower,0,0,24,4,28,0,0,7,4,11,0,0,31,8,39,0,44,44,83
05/06/2015,ADM,OK,ASW,CE,Federal Contract Tower,0,0,23,10,33,0,0,3,0,3,0,0,26,10,36,0,0,0,36
05/07/2015,ADM,OK,ASW,CE,Federal Contract Tower,0,0,12,6,18,0,0,2,3,5,0,0,14,9,23,0,14,14,37
05/08/2015,ADM,OK,ASW,CE,Federal Contract Tower,0,0,16,6,22,0,0,0,0,0,0,0,16,6,22,0,0,0,22
05/09/2015,ADM,OK,ASW,CE,Federal Contract Tower,0,0,4,0,4,0,0,0,0,0,0,0,4,0,4,0,0,0,4
05/10/2015,ADM,OK,ASW,CE,Federal Contract Tower,0,0,2,0,2,0,0,0,0,0,0,0,2,0,2,0,0,0,2
05/11/2015,ADM,OK,ASW,CE,Federal Contract Tower,0,0,4,15,19,0,0,80,0,80,0,0,84,15,99,0,36,36,135
05/12/2015,ADM,OK,ASW,CE,Federal Contract Tower,0,0,18,27,45,0,0,46,5,51,0,0,64,32,96,16,0,16,112
05/13/2015,ADM,OK,ASW,CE,Federal Contract Tower,0,0,15,6,21,0,0,1,0,1,0,0,16,6,22,0,0,0,22
05/14/2015,ADM,OK,ASW,CE,Federal Contract Tower,0,0,27,12,39,0,0,14,6,20,0,0,41,18,59,0,16,16,75
05/15/2015,ADM,OK,ASW,CE,Federal Contract Tower,0,0,14,4,18,0,0,3,3,6,0,0,17,7,24,0,0,0,24
05/16/2015,ADM,OK,ASW,CE,Federal Contract Tower,0,0,8,0,8,0,0,1,0,1,0,0,9,0,9,0,0,0,9
05/17/2015,ADM,OK,ASW,CE,Federal Contract Tower,0,0,10,0,10,0,0,38,0,38,0,0,48,0,48,38,0,38,86
05/18/2015,ADM,OK,ASW,CE,Federal Contract Tower,0,0,12,6,18,0,0,32,3,35,0,0,44,9,53,46,4,50,103
05/19/2015,ADM,OK,ASW,CE,Federal Contract Tower,0,0,12,2,14,0,0,2,0,2,0,0,14,2,16,0,0,0,16
05/20/2015,ADM,OK,ASW,CE,Federal Contract Tower,0,0,23,0,23,0,0,4,0,4,0,0,27,0,27,0,0,0,27
05/21/2015,ADM,OK,ASW,CE,Federal Contract Tower,0,0,29,5,34,0,0,16,6,22,0,0,45,11,56,0,0,0,56
05/22/2015,ADM,OK,ASW,CE,Federal Contract Tower,0,0,6,0,6,0,0,0,0,0,0,0,6,0,6,0,0,0,6
05/23/2015,ADM,OK,ASW,CE,Federal Contract Tower,0,0,2,0,2,0,0,1,0,1,0,0,3,0,3,0,0,0,3
05/24/2015,ADM,OK,ASW,CE,Federal Contract Tower,0,0,1,0,1,0,0,0,0,0,0,0,1,0,1,0,0,0,1
05/25/2015,ADM,OK,ASW,CE,Federal Contract Tower,0,0,4,0,4,0,0,1,0,1,0,0,5,0,5,0,0,0,5
05/26/2015,ADM,OK,ASW,CE,Federal Contract Tower,0,0,11,0,11,0,0,19,0,19,0,0,30,0,30,0,0,0,30
05/27/2015,ADM,OK,ASW,CE,Federal Contract Tower,0,0,6,0,6,0,0,18,0,18,0,0,24,0,24,10,0,10,34
05/28/2015,ADM,OK,ASW,CE,Federal Contract Tower,0,0,10,12,22,0,0,9,5,14,0,0,19,17,36,6,16,22,58
05/29/2015,ADM,OK,ASW,CE,Federal Contract Tower,0,0,11,10,21,0,0,19,0,19,0,0,30,10,40,0,0,0,40
05/30/2015,ADM,OK,ASW,CE,Federal Contract Tower,0,0,6,0,6,0,0,2,12,14,0,0,8,12,20,2,0,2,22
05/31/2015,ADM,OK,ASW,CE,Federal Contract Tower,0,0,5,4,9,0,0,31,2,33,0,0,36,6,42,8,0,8,50
06/01/2015,ADM,OK,ASW,CE,Federal Contract Tower,0,0,2,18,20,0,0,74,6,80,0,0,76,24,100,44,16,60,160
06/02/2015,ADM,OK,ASW,CE,Federal Contract Tower,0,0,19,12,31,0,0,65,7,72,0,0,84,19,103,36,24,60,163
06/03/2015,ADM,OK,ASW,CE,Federal Contract Tower,0,0,7,6,13,0,0,86,3,89,0,0,93,9,102,64,32,96,198
06/04/2015,ADM,OK,ASW,CE,Federal Contract Tower,0,0,19,5,24,0,0,60,3,63,0,0,79,8,87,18,0,18,105
06/05/2015,ADM,OK,ASW,CE,Federal Contract Tower,0,0,14,3,17,0,0,72,3,75,0,0,86,6,92,48,36,84,176
06/06/2015,ADM,OK,ASW,CE,Federal Contract Tower,0,0,3,0,3,0,0,39,0,39,0,0,42,0,42,6,0,6,48
06/07/2015,ADM,OK,ASW,CE,Federal Contract Tower,0,0,3,2,5,0,0,21,0,21,0,0,24,2,26,2,16,18,44
06/08/2015,ADM,OK,ASW,CE,Federal Contract Tower,0,0,8,8,16,0,0,33,2,35,0,0,41,10,51,46,2,48,99
06/09/2015,ADM,OK,ASW,CE,Federal Contract Tower,0,0,15,10,25,0,0,68,1,69,0,0,83,11,94,10,16,26,120
06/10/2015,ADM,OK,ASW,CE,Federal Contract Tower,0,0,16,12,28,0,0,73,2,75,0,0,89,14,103,32,0,32,135
06/11/2015,ADM,OK,ASW,CE,Federal Contract Tower,0,0,10,12,22,0,0,65,0,65,0,0,75,12,87,10,0,10,97
06/12/2015,ADM,OK,ASW,CE,Federal Contract Tower,0,0,12,25,37,0,0,24,2,26,0,0,36,27,63,14,20,34,97
06/13/2015,ADM,OK,ASW,CE,Federal Contract Tower,0,0,9,1,10,0,0,4,0,4,0,0,13,1,14,12,0,12,26
06/14/2015,ADM,OK,ASW,CE,Federal Contract Tower,0,0,4,0,4,0,0,0,0,0,0,0,4,0,4,0,0,0,4
06/15/2015,ADM,OK,ASW,CE,Federal Contract Tower,0,0,12,12,24,0,0,6,0,6,0,0,18,12,30,0,42,42,72
06/16/2015,ADM,OK,ASW,CE,Federal Contract Tower,0,0,7,8,15,0,0,2,0,2,0,0,9,8,17,0,0,0,17
06/17/2015,ADM,OK,ASW,CE,Federal Contract Tower,0,0,1,0,1,0,0,0,0,0,0,0,1,0,1,0,0,0,1
06/18/2015,ADM,OK,ASW,CE,Federal Contract Tower,0,0,22,0,22,0,0,27,0,27,0,0,49,0,49,4,0,4,53
06/19/2015,ADM,OK,ASW,CE,Federal Contract Tower,0,0,7,15,22,0,0,88,5,93,0,0,95,20,115,36,12,48,163
06/20/2015,ADM,OK,ASW,CE,Federal Contract Tower,0,0,2,0,2,0,0,45,0,45,0,0,47,0,47,10,0,10,57
06/21/2015,ADM,OK,ASW,CE,Federal Contract Tower,0,0,9,3,12,0,0,3,0,3,0,0,12,3,15,0,0,0,15
06/22/2015,ADM,OK,ASW,CE,Federal Contract Tower,0,0,9,1,10,0,0,26,0,26,0,0,35,1,36,0,0,0,36
06/23/2015,ADM,OK,ASW,CE,Federal Contract Tower,0,0,24,7,31,0,0,79,7,86,0,0,103,14,117,16,12,28,145
06/24/2015,ADM,OK,ASW,CE,Federal Contract Tower,0,0,17,10,27,0,0,56,0,56,0,0,73,10,83,20,0,20,103
06/25/2015,ADM,OK,ASW,CE,Federal Contract Tower,0,0,14,10,24,0,0,107,5,112,0,0,121,15,136,8,0,8,144
06/26/2015,ADM,OK,ASW,CE,Federal Contract Tower,0,0,7,4,11,0,0,26,6,32,0,0,33,10,43,0,18,18,61
06/27/2015,ADM,OK,ASW,CE,Federal Contract Tower,0,0,3,0,3,0,0,26,0,26,0,0,29,0,29,4,0,4,33
06/28/2015,ADM,OK,ASW,CE,Federal Contract Tower,0,0,5,0,5,0,0,13,0,13,0,0,18,0,18,0,0,0,18
06/29/2015,ADM,OK,ASW,CE,Federal Contract Tower,0,0,1,8,9,0,0,21,0,21,0,0,22,8,30,12,0,12,42
06/30/2015,ADM,OK,ASW,CE,Federal Contract Tower,0,0,0,6,6,0,0,52,0,52,0,0,52,6,58,0,6,6,64
07/01/2015,ADM,OK,ASW,CE,Federal Contract Tower,0,0,20,7,27,0,0,78,2,80,0,0,98,9,107,46,12,58,165
07/02/2015,ADM,OK,ASW,CE,Federal Contract Tower,0,0,6,5,11,0,0,59,4,63,0,0,65,9,74,22,16,38,112
07/03/2015,ADM,OK,ASW,CE,Federal Contract Tower,0,0,5,0,5,0,0,2,0,2,0,0,7,0,7,0,0,0,7
07/04/2015,ADM,OK,ASW,CE,Federal Contract Tower,0,0,0,0,0,0,0,14,0,14,0,0,14,0,14,10,0,10,24
07/05/2015,ADM,OK,ASW,CE,Federal Contract Tower,0,0,4,0,4,0,0,8,0,8,0,0,12,0,12,0,0,0,12
07/06/2015,ADM,OK,ASW,CE,Federal Contract Tower,0,0,4,6,10,0,0,9,0,9,0,0,13,6,19,0,20,20,39
07/07/2015,ADM,OK,ASW,CE,Federal Contract Tower,0,0,6,6,12,0,0,2,1,3,0,0,8,7,15,0,2,2,17
07/08/2015,ADM,OK,ASW,CE,Federal Contract Tower,0,0,7,0,7,0,0,6,0,6,0,0,13,0,13,0,0,0,13
07/09/2015,ADM,OK,ASW,CE,Federal Contract Tower,0,0,16,10,26,0,0,10,1,11,0,0,26,11,37,0,0,0,37
07/10/2015,ADM,OK,ASW,CE,Federal Contract Tower,0,0,11,5,16,0,0,57,1,58,0,0,68,6,74,22,10,32,106
07/11/2015,ADM,OK,ASW,CE,Federal Contract Tower,0,0,2,0,2,0,0,73,0,73,0,0,75,0,75,44,0,44,119
07/12/2015,ADM,OK,ASW,CE,Federal Contract Tower,0,0,5,0,5,0,0,24,0,24,0,0,29,0,29,32,0,32,61
07/13/2015,ADM,OK,ASW,CE,Federal Contract Tower,0,0,1,9,10,0,0,35,3,38,0,0,36,12,48,14,8,22,70
07/14/2015,ADM,OK,ASW,CE,Federal Contract Tower,0,0,14,8,22,0,0,78,3,81,0,0,92,11,103,40,2,42,145
07/15/2015,ADM,OK,ASW,CE,Federal Contract Tower,0,0,14,3,17,0,0,23,3,26,0,0,37,6,43,34,4,38,81
07/16/2015,ADM,OK,ASW,CE,Federal Contract Tower,0,0,29,6,35,0,0,46,10,56,0,0,75,16,91,20,4,24,115
07/17/2015,ADM,OK,ASW,CE,Federal Contract Tower,0,0,3,18,21,0,0,56,0,56,0,0,59,18,77,10,8,18,95
07/18/2015,ADM,OK,ASW,CE,Federal Contract Tower,0,0,1,0,1,0,0,54,0,54,0,0,55,0,55,8,0,8,63
07/19/2015,ADM,OK,ASW,CE,Federal Contract Tower,0,0,7,0,7,0,0,35,0,35,0,0,42,0,42,14,0,14,56
07/20/2015,ADM,OK,ASW,CE,Federal Contract Tower,0,0,6,10,16,0,0,34,4,38,0,0,40,14,54,2,2,4,58
07/21/2015,ADM,OK,ASW,CE,Federal Contract Tower,0,0,14,12,26,0,0,49,2,51,0,0,63,14,77,18,0,18,95
07/22/2015,ADM,OK,ASW,CE,Federal Contract Tower,0,0,11,13,24,0,0,19,4,23,0,0,30,17,47,8,0,8,55
07/23/2015,ADM,OK,ASW,CE,Federal Contract Tower,0,0,9,13,22,0,0,47,3,50,0,0,56,16,72,4,70,74,146
07/24/2015,ADM,OK,ASW,CE,Federal Contract Tower,0,0,8,11,19,0,0,50,2,52,0,0,58,13,71,22,16,38,109
07/25/2015,ADM,OK,ASW,CE,Federal Contract Tower,0,0,6,4,10,0,0,42,0,42,0,0,48,4,52,20,0,20,72
07/26/2015,ADM,OK,ASW,CE,Federal Contract Tower,0,0,2,0,2,0,0,34,0,34,0,0,36,0,36,20,0,20,56
07/27/2015,ADM,OK,ASW,CE,Federal Contract Tower,0,0,12,2,14,0,0,41,0,41,0,0,53,2,55,66,14,80,135
07/28/2015,ADM,OK,ASW,CE,Federal Contract Tower,0,0,13,4,17,0,0,65,0,65,0,0,78,4,82,84,0,84,166
07/29/2015,ADM,OK,ASW,CE,Federal Contract Tower,0,0,19,9,28,0,0,59,6,65,0,0,78,15,93,112,0,112,205
07/30/2015,ADM,OK,ASW,CE,Federal Contract Tower,0,0,17,10,27,0,0,51,5,56,0,0,68,15,83,64,16,80,163
07/31/2015,ADM,OK,ASW,CE,Federal Contract Tower,0,0,12,2,14,0,0,33,4,37,0,0,45,6,51,82,4,86,137
08/01/2015,ADM,OK,ASW,CE,Federal Contract Tower,0,0,3,2,5,0,0,28,0,28,0,0,31,2,33,6,16,22,55
08/02/2015,ADM,OK,ASW,CE,Federal Contract Tower,0,0,0,0,0,0,0,34,0,34,0,0,34,0,34,6,0,6,40
08/03/2015,ADM,OK,ASW,CE,Federal Contract Tower,0,0,2,8,10,0,0,39,0,39,0,0,41,8,49,6,0,6,55
08/04/2015,ADM,OK,ASW,CE,Federal Contract Tower,0,0,13,4,17,0,0,17,5,22,0,0,30,9,39,8,0,8,47
08/05/2015,ADM,OK,ASW,CE,Federal Contract Tower,0,0,17,4,21,0,0,48,14,62,0,0,65,18,83,0,14,14,97
08/06/2015,ADM,OK,ASW,CE,Federal Contract Tower,0,0,14,17,31,0,0,44,4,48,0,0,58,21,79,18,4,22,101
08/07/2015,ADM,OK,ASW,CE,Federal Contract Tower,0,0,10,8,18,0,0,45,7,52,0,0,55,15,70,30,24,54,124
08/08/2015,ADM,OK,ASW,CE,Federal Contract Tower,0,0,5,0,5,0,0,74,0,74,0,0,79,0,79,2,0,2,81
08/09/2015,ADM,OK,ASW,CE,Federal Contract Tower,0,0,5,0,5,0,0,46,0,46,0,0,51,0,51,4,0,4,55
08/10/2015,ADM,OK,ASW,CE,Federal Contract Tower,0,0,16,6,22,0,0,52,9,61,0,0,68,15,83,8,8,16,99
08/11/2015,ADM,OK,ASW,CE,Federal Contract Tower,0,0,7,23,30,0,0,41,7,48,0,0,48,30,78,28,54,82,160
08/12/2015,ADM,OK,ASW,CE,Federal Contract Tower,0,0,10,2,12,0,0,86,0,86,0,0,96,2,98,48,0,48,146
08/13/2015,ADM,OK,ASW,CE,Federal Contract Tower,0,0,10,15,25,0,0,64,0,64,0,0,74,15,89,76,0,76,165
08/14/2015,ADM,OK,ASW,CE,Federal Contract Tower,0,0,14,6,20,0,0,24,3,27,0,0,38,9,47,16,0,16,63
08/15/2015,ADM,OK,ASW,CE,Federal Contract Tower,0,0,4,2,6,0,0,35,1,36,0,0,39,3,42,16,0,16,58
08/16/2015,ADM,OK,ASW,CE,Federal Contract Tower,0,0,0,0,0,0,0,33,0,33,0,0,33,0,33,30,0,30,63
08/17/2015,ADM,OK,ASW,CE,Federal Contract Tower,0,0,6,16,22,0,0,27,4,31,0,0,33,20,53,14,4,18,71
08/18/2015,ADM,OK,ASW,CE,Federal Contract Tower,0,0,9,30,39,0,0,42,2,44,0,0,51,32,83,52,28,80,163
08/19/2015,ADM,OK,ASW,CE,Federal Contract Tower,0,0,14,4,18,0,0,2,0,2,0,0,16,4,20,0,0,0,20
08/20/2015,ADM,OK,ASW,CE,Federal Contract Tower,0,0,14,18,32,0,0,132,5,137,0,0,146,23,169,54,42,96,265
08/21/2015,ADM,OK,ASW,CE,Federal Contract Tower,0,0,14,14,28,0,0,31,0,31,0,0,45,14,59,38,6,44,103
08/22/2015,ADM,OK,ASW,CE,Federal Contract Tower,0,0,5,0,5,0,0,17,0,17,0,0,22,0,22,2,0,2,24
08/23/2015,ADM,OK,ASW,CE,Federal Contract Tower,0,0,7,0,7,0,0,26,0,26,0,0,33,0,33,30,0,30,63
08/24/2015,ADM,OK,ASW,CE,Federal Contract Tower,0,0,8,12,20,0,0,93,0,93,0,0,101,12,113,56,0,56,169
08/25/2015,ADM,OK,ASW,CE,Federal Contract Tower,0,0,19,13,32,0,0,37,0,37,0,0,56,13,69,38,0,38,107
08/26/2015,ADM,OK,ASW,CE,Federal Contract Tower,0,0,21,1,22,0,0,42,1,43,0,0,63,2,65,52,0,52,117
08/27/2015,ADM,OK,ASW,CE,Federal Contract Tower,0,0,15,14,29,0,0,44,3,47,0,0,59,17,76,20,40,60,136
08/28/2015,ADM,OK,ASW,CE,Federal Contract Tower,0,0,11,0,11,0,0,30,0,30,0,0,41,0,41,66,0,66,107
08/29/2015,ADM,OK,ASW,CE,Federal Contract Tower,0,0,3,0,3,0,0,42,0,42,0,0,45,0,45,48,0,48,93
08/30/2015,ADM,OK,ASW,CE,Federal Contract Tower,0,0,4,0,4,0,0,36,0,36,0,0,40,0,40,6,0,6,46
08/31/2015,ADM,OK,ASW,CE,Federal Contract Tower,0,0,10,14,24,0,0,51,7,58,0,0,61,21,82,18,66,84,166
09/01/2015,ADM,OK,ASW,CE,Federal Contract Tower,0,0,9,2,11,0,0,41,3,44,0,0,50,5,55,36,2,38,93
09/02/2015,ADM,OK,ASW,CE,Federal Contract Tower,0,0,3,9,12,0,0,35,1,36,0,0,38,10,48,26,0,26,74
09/03/2015,ADM,OK,ASW,CE,Federal Contract Tower,0,0,6,11,17,0,0,51,1,52,0,0,57,12,69,32,6,38,107
09/04/2015,ADM,OK,ASW,CE,Federal Contract Tower,0,0,5,0,5,0,0,43,0,43,0,0,48,0,48,6,0,6,54
09/05/2015,ADM,OK,ASW,CE,Federal Contract Tower,0,0,1,0,1,0,0,15,0,15,0,0,16,0,16,8,0,8,24
09/06/2015,ADM,OK,ASW,CE,Federal Contract Tower,0,0,4,0,4,0,0,11,0,11,0,0,15,0,15,0,0,0,15
09/07/2015,ADM,OK,ASW,CE,Federal Contract Tower,0,0,2,0,2,0,0,36,0,36,0,0,38,0,38,22,0,22,60
09/08/2015,ADM,OK,ASW,CE,Federal Contract Tower,0,0,0,18,18,0,0,34,4,38,0,0,34,22,56,6,12,18,74
09/09/2015,ADM,OK,ASW,CE,Federal Contract Tower,0,0,16,13,29,0,0,16,0,16,0,0,32,13,45,0,0,0,45
09/10/2015,ADM,OK,ASW,CE,Federal Contract Tower,0,1,36,6,43,0,0,33,2,35,0,1,69,8,78,16,0,16,94
09/11/2015,ADM,OK,ASW,CE,Federal Contract Tower,0,0,6,1,7,0,0,17,4,21,0,0,23,5,28,18,0,18,46
09/12/2015,ADM,OK,ASW,CE,Federal Contract Tower,0,0,0,2,2,0,0,45,3,48,0,0,45,5,50,6,0,6,56
09/13/2015,ADM,OK,ASW,CE,Federal Contract Tower,0,0,8,2,10,0,0,31,1,32,0,0,39,3,42,14,28,42,84
09/14/2015,ADM,OK,ASW,CE,Federal Contract Tower,0,0,5,0,5,0,0,51,3,54,0,0,56,3,59,28,0,28,87
09/15/2015,ADM,OK,ASW,CE,Federal Contract Tower,0,0,20,9,29,0,0,23,9,32,0,0,43,18,61,8,10,18,79
09/16/2015,ADM,OK,ASW,CE,Federal Contract Tower,0,0,21,1,22,0,0,23,1,24,0,0,44,2,46,16,0,16,62
09/17/2015,ADM,OK,ASW,CE,Federal Contract Tower,0,0,17,7,24,0,0,22,5,27,0,0,39,12,51,28,0,28,79
09/18/2015,ADM,OK,ASW,CE,Federal Contract Tower,0,0,17,0,17,0,0,29,3,32,0,0,46,3,49,20,0,20,69
09/19/2015,ADM,OK,ASW,CE,Federal Contract Tower,0,0,6,0,6,0,0,4,0,4,0,0,10,0,10,0,0,0,10
09/20/2015,ADM,OK,ASW,CE,Federal Contract Tower,0,0,5,0,5,0,0,0,0,0,0,0,5,0,5,0,0,0,5
09/21/2015,ADM,OK,ASW,CE,Federal Contract Tower,0,0,7,2,9,0,0,51,0,51,0,0,58,2,60,8,0,8,68
09/22/2015,ADM,OK,ASW,CE,Federal Contract Tower,0,0,15,3,18,0,0,73,6,79,0,0,88,9,97,72,6,78,175
09/23/2015,ADM,OK,ASW,CE,Federal Contract Tower,0,0,13,13,26,0,0,88,1,89,0,0,101,14,115,56,22,78,193
09/24/2015,ADM,OK,ASW,CE,Federal Contract Tower,0,0,9,9,18,0,0,79,3,82,0,0,88,12,100,42,6,48,148
09/25/2015,ADM,OK,ASW,CE,Federal Contract Tower,0,0,9,12,21,0,0,69,2,71,0,0,78,14,92,42,0,42,134
09/26/2015,ADM,OK,ASW,CE,Federal Contract Tower,0,0,3,0,3,0,0,48,0,48,0,0,51,0,51,28,0,28,79
09/27/2015,ADM,OK,ASW,CE,Federal Contract Tower,0,0,2,8,10,0,0,20,0,20,0,0,22,8,30,8,0,8,38
09/28/2015,ADM,OK,ASW,CE,Federal Contract Tower,0,0,10,12,22,0,0,32,3,35,0,0,42,15,57,16,2,18,75
09/29/2015,ADM,OK,ASW,CE,Federal Contract Tower,0,0,17,10,27,0,0,45,0,45,0,0,62,10,72,12,0,12,84
09/30/2015,ADM,OK,ASW,CE,Federal Contract Tower,0,0,13,2,15,0,0,48,0,48,0,0,61,2,63,56,0,56,119
10/01/2015,ADM,OK,ASW,CE,Federal Contract Tower,0,0,4,17,21,0,0,32,8,40,0,0,36,25,61,14,16,30,91
10/02/2015,ADM,OK,ASW,CE,Federal Contract Tower,0,0,6,18,24,0,0,71,0,71,0,0,77,18,95,20,0,20,115
10/03/2015,ADM,OK,ASW,CE,Federal Contract Tower,0,0,1,0,1,0,0,32,0,32,0,0,33,0,33,10,0,10,43
10/04/2015,ADM,OK,ASW,CE,Federal Contract Tower,0,0,2,0,2,0,0,35,0,35,0,0,37,0,37,30,0,30,67
10/05/2015,ADM,OK,ASW,CE,Federal Contract Tower,0,0,7,16,23,0,0,30,7,37,0,0,37,23,60,10,18,28,88
10/06/2015,ADM,OK,ASW,CE,Federal Contract Tower,0,0,17,17,34,0,0,9,1,10,0,0,26,18,44,0,12,12,56
10/07/2015,ADM,OK,ASW,CE,Federal Contract Tower,0,0,10,4,14,0,0,79,2,81,0,0,89,6,95,56,2,58,153
10/08/2015,ADM,OK,ASW,CE,Federal Contract Tower,0,0,6,6,12,0,0,47,0,47,0,0,53,6,59,56,0,56,115
10/09/2015,ADM,OK,ASW,CE,Federal Contract Tower,0,0,6,4,10,0,0,21,0,21,0,0,27,4,31,42,0,42,73
10/10/2015,ADM,OK,ASW,CE,Federal Contract Tower,0,0,2,0,2,0,0,48,0,48,0,0,50,0,50,16,0,16,66
10/11/2015,ADM,OK,ASW,CE,Federal Contract Tower,0,0,0,0,0,0,0,24,0,24,0,0,24,0,24,10,0,10,34
10/12/2015,ADM,OK,ASW,CE,Federal Contract Tower,0,0,2,0,2,0,0,34,0,34,0,0,36,0,36,24,0,24,60
10/13/2015,ADM,OK,ASW,CE,Federal Contract Tower,0,0,6,1,7,0,0,76,1,77,0,0,82,2,84,2,2,4,88
10/14/2015,ADM,OK,ASW,CE,Federal Contract Tower,0,0,19,15,34,0,0,28,1,29,0,0,47,16,63,18,2,20,83
10/15/2015,ADM,OK,ASW,CE,Federal Contract Tower,0,0,7,13,20,0,0,60,5,65,0,0,67,18,85,34,26,60,145
10/16/2015,ADM,OK,ASW,CE,Federal Contract Tower,0,0,8,8,16,0,0,41,0,41,0,0,49,8,57,14,0,14,71
10/17/2015,ADM,OK,ASW,CE,Federal Contract Tower,0,0,4,0,4,0,0,43,0,43,0,0,47,0,47,0,0,0,47
10/18/2015,ADM,OK,ASW,CE,Federal Contract Tower,0,0,2,6,8,0,0,49,2,51,0,0,51,8,59,26,0,26,85
10/19/2015,ADM,OK,ASW,CE,Federal Contract Tower,0,0,10,8,18,0,0,71,4,75,0,0,81,12,93,20,10,30,123
10/20/2015,ADM,OK,ASW,CE,Federal Contract Tower,0,0,13,12,25,0,0,80,4,84,0,0,93,16,109,28,54,82,191
10/21/2015,ADM,OK,ASW,CE,Federal Contract Tower,0,0,23,6,29,0,0,57,8,65,0,0,80,14,94,78,12,90,184
10/22/2015,ADM,OK,ASW,CE,Federal Contract Tower,0,0,19,0,19,0,0,22,0,22,0,0,41,0,41,14,0,14,55
10/23/2015,ADM,OK,ASW,CE,Federal Contract Tower,0,0,8,6,14,0,0,1,0,1,0,0,9,6,15,0,0,0,15
10/24/2015,ADM,OK,ASW,CE,Federal Contract Tower,0,0,8,0,8,0,0,11,0,11,0,0,19,0,19,0,0,0,19
10/25/2015,ADM,OK,ASW,CE,Federal Contract Tower,0,0,6,4,10,0,0,15,0,15,0,0,21,4,25,6,0,6,31
10/26/2015,ADM,OK,ASW,CE,Federal Contract Tower,0,0,9,2,11,0,0,69,4,73,0,0,78,6,84,52,8,60,144
10/27/2015,ADM,OK,ASW,CE,Federal Contract Tower,0,0,12,10,22,0,0,89,6,95,0,0,101,16,117,56,0,56,173
10/28/2015,ADM,OK,ASW,CE,Federal Contract Tower,0,0,9,9,18,0,0,73,10,83,0,0,82,19,101,80,36,116,217
10/29/2015,ADM,OK,ASW,CE,Federal Contract Tower,0,0,14,15,29,0,0,84,4,88,0,0,98,19,117,38,28,66,183
10/30/2015,ADM,OK,ASW,CE,Federal Contract Tower,0,0,2,0,2,0,0,0,0,0,0,0,2,0,2,0,0,0,2
10/31/2015,ADM,OK,ASW,CE,Federal Contract Tower,0,0,5,2,7,0,0,0,0,0,0,0,5,2,7,0,0,0,7
11/01/2015,ADM,OK,ASW,CE,Federal Contract Tower,0,0,4,1,5,0,0,5,1,6,0,0,9,2,11,8,0,8,19
11/02/2015,ADM,OK,ASW,CE,Federal Contract Tower,0,0,5,12,17,0,0,40,1,41,0,0,45,13,58,40,20,60,118
11/03/2015,ADM,OK,ASW,CE,Federal Contract Tower,0,0,18,2,20,0,0,24,0,24,0,0,42,2,44,28,8,36,80
11/04/2015,ADM,OK,ASW,CE,Federal Contract Tower,0,0,19,17,36,0,0,9,0,9,0,0,28,17,45,26,0,26,71
11/05/2015,ADM,OK,ASW,CE,Federal Contract Tower,0,0,10,6,16,0,0,6,0,6,0,0,16,6,22,12,0,12,34
11/06/2015,ADM,OK,ASW,CE,Federal Contract Tower,0,0,12,1,13,0,0,66,3,69,0,0,78,4,82,112,16,128,210
11/07/2015,ADM,OK,ASW,CE,Federal Contract Tower,0,0,0,2,2,0,0,20,2,22,0,0,20,4,24,36,2,38,62
11/08/2015,ADM,OK,ASW,CE,Federal Contract Tower,0,0,6,0,6,0,0,48,0,48,0,0,54,0,54,8,0,8,62
11/09/2015,ADM,OK,ASW,CE,Federal Contract Tower,0,0,9,3,12,0,0,65,1,66,0,0,74,4,78,58,0,58,136
11/10/2015,ADM,OK,ASW,CE,Federal Contract Tower,0,0,9,16,25,0,0,38,3,41,0,0,47,19,66,10,0,10,76
11/11/2015,ADM,OK,ASW,CE,Federal Contract Tower,0,0,2,0,2,0,0,12,0,12,0,0,14,0,14,26,0,26,40
11/12/2015,ADM,OK,ASW,CE,Federal Contract Tower,0,0,16,9,25,0,0,50,5,55,0,0,66,14,80,30,8,38,118
11/13/2015,ADM,OK,ASW,CE,Federal Contract Tower,0,0,12,16,28,0,0,41,1,42,0,0,53,17,70,8,0,8,78
11/14/2015,ADM,OK,ASW,CE,Federal Contract Tower,0,0,2,0,2,0,0,39,0,39,0,0,41,0,41,12,0,12,53
11/15/2015,ADM,OK,ASW,CE,Federal Contract Tower,0,0,6,0,6,0,0,5,2,7,0,0,11,2,13,0,0,0,13
11/16/2015,ADM,OK,ASW,CE,Federal Contract Tower,0,0,6,0,6,0,0,0,0,0,0,0,6,0,6,0,0,0,6
11/17/2015,ADM,OK,ASW,CE,Federal Contract Tower,0,0,11,14,25,0,0,32,4,36,0,0,43,18,61,8,6,14,75
11/18/2015,ADM,OK,ASW,CE,Federal Contract Tower,0,0,16,2,18,0,0,65,9,74,0,0,81,11,92,18,0,18,110
11/19/2015,ADM,OK,ASW,CE,Federal Contract Tower,0,0,24,22,46,0,0,79,10,89,0,0,103,32,135,80,20,100,235
11/20/2015,ADM,OK,ASW,CE,Federal Contract Tower,0,0,15,6,21,0,0,48,0,48,0,0,63,6,69,22,0,22,91
11/21/2015,ADM,OK,ASW,CE,Federal Contract Tower,0,0,0,6,6,0,0,6,2,8,0,0,6,8,14,0,0,0,14
11/22/2015,ADM,OK,ASW,CE,Federal Contract Tower,0,0,3,0,3,0,0,17,1,18,0,0,20,1,21,2,0,2,23
11/23/2015,ADM,OK,ASW,CE,Federal Contract Tower,0,0,7,23,30,0,0,35,16,51,0,0,42,39,81,44,20,64,145
11/24/2015,ADM,OK,ASW,CE,Federal Contract Tower,0,0,13,20,33,0,0,27,3,30,0,0,40,23,63,26,0,26,89
11/25/2015,ADM,OK,ASW,CE,Federal Contract Tower,0,0,15,8,23,0,0,0,0,0,0,0,15,8,23,0,0,0,23
11/26/2015,ADM,OK,ASW,CE,Federal Contract Tower,0,0,0,0,0,0,0,0,0,0,0,0,0,0,0,0,0,0,0
11/27/2015,ADM,OK,ASW,CE,Federal Contract Tower,0,0,4,0,4,0,0,0,0,0,0,0,4,0,4,0,0,0,4
11/28/2015,ADM,OK,ASW,CE,Federal Contract Tower,0,0,3,0,3,0,0,0,0,0,0,0,3,0,3,0,0,0,3
11/29/2015,ADM,OK,ASW,CE,Federal Contract Tower,0,0,4,0,4,0,0,0,0,0,0,0,4,0,4,0,0,0,4
11/30/2015,ADM,OK,ASW,CE,Federal Contract Tower,0,0,13,8,21,0,0,0,0,0,0,0,13,8,21,0,0,0,21
12/01/2015,ADM,OK,ASW,CE,Federal Contract Tower,0,0,13,22,35,0,0,68,14,82,0,0,81,36,117,28,34,62,179
12/02/2015,ADM,OK,ASW,CE,Federal Contract Tower,0,0,26,14,40,0,0,60,6,66,0,0,86,20,106,38,30,68,174
12/03/2015,ADM,OK,ASW,CE,Federal Contract Tower,0,0,11,27,38,0,0,68,13,81,0,0,79,40,119,28,14,42,161
12/04/2015,ADM,OK,ASW,CE,Federal Contract Tower,0,0,30,7,37,0,0,55,2,57,0,0,85,9,94,52,6,58,152
12/05/2015,ADM,OK,ASW,CE,Federal Contract Tower,0,0,11,0,11,0,0,55,3,58,0,0,66,3,69,28,10,38,107
12/06/2015,ADM,OK,ASW,CE,Federal Contract Tower,0,0,1,0,1,0,0,36,2,38,0,0,37,2,39,16,2,18,57
12/07/2015,ADM,OK,ASW,CE,Federal Contract Tower,0,0,6,10,16,0,0,78,8,86,0,0,84,18,102,44,52,96,198
12/08/2015,ADM,OK,ASW,CE,Federal Contract Tower,0,0,15,9,24,0,0,57,7,64,0,0,72,16,88,26,24,50,138
12/09/2015,ADM,OK,ASW,CE,Federal Contract Tower,0,0,24,3,27,0,0,58,1,59,0,0,82,4,86,22,2,24,110
12/10/2015,ADM,OK,ASW,CE,Federal Contract Tower,0,0,23,5,28,0,0,35,6,41,0,0,58,11,69,22,8,30,99
12/11/2015,ADM,OK,ASW,CE,Federal Contract Tower,0,0,20,1,21,0,0,33,3,36,0,0,53,4,57,18,4,22,79
12/12/2015,ADM,OK,ASW,CE,Federal Contract Tower,0,0,2,0,2,0,0,0,0,0,0,0,2,0,2,0,0,0,2
12/13/2015,ADM,OK,ASW,CE,Federal Contract Tower,0,0,2,0,2,0,0,0,0,0,0,0,2,0,2,0,0,0,2
12/14/2015,ADM,OK,ASW,CE,Federal Contract Tower,0,0,17,6,23,0,0,46,5,51,0,0,63,11,74,18,10,28,102
12/15/2015,ADM,OK,ASW,CE,Federal Contract Tower,0,0,16,4,20,0,0,51,3,54,0,0,67,7,74,12,8,20,94
12/16/2015,ADM,OK,ASW,CE,Federal Contract Tower,0,0,12,12,24,0,0,28,4,32,0,0,40,16,56,6,0,6,62
12/17/2015,ADM,OK,ASW,CE,Federal Contract Tower,0,0,16,10,26,0,0,30,4,34,0,0,46,14,60,4,24,28,88
12/18/2015,ADM,OK,ASW,CE,Federal Contract Tower,0,0,12,8,20,0,0,21,7,28,0,0,33,15,48,12,4,16,64
12/19/2015,ADM,OK,ASW,CE,Federal Contract Tower,0,0,0,0,0,0,0,0,0,0,0,0,0,0,0,0,0,0,0
12/20/2015,ADM,OK,ASW,CE,Federal Contract Tower,0,0,0,0,0,0,0,0,0,0,0,0,0,0,0,0,0,0,0
12/21/2015,ADM,OK,ASW,CE,Federal Contract Tower,0,0,0,0,0,0,0,12,0,12,0,0,12,0,12,4,0,4,16
12/22/2015,ADM,OK,ASW,CE,Federal Contract Tower,0,0,13,0,13,0,0,21,0,21,0,0,34,0,34,14,0,14,48
12/23/2015,ADM,OK,ASW,CE,Federal Contract Tower,0,0,8,9,17,0,0,16,0,16,0,0,24,9,33,0,0,0,33
12/24/2015,ADM,OK,ASW,CE,Federal Contract Tower,0,0,4,0,4,0,0,31,0,31,0,0,35,0,35,12,0,12,47
12/25/2015,ADM,OK,ASW,CE,Federal Contract Tower,0,0,1,0,1,0,0,0,0,0,0,0,1,0,1,0,0,0,1
12/26/2015,ADM,OK,ASW,CE,Federal Contract Tower,0,0,2,0,2,0,0,0,0,0,0,0,2,0,2,0,0,0,2
12/27/2015,ADM,OK,ASW,CE,Federal Contract Tower,0,0,2,0,2,0,0,0,0,0,0,0,2,0,2,0,0,0,2
12/28/2015,ADM,OK,ASW,CE,Federal Contract Tower,0,0,5,0,5,0,0,0,0,0,0,0,5,0,5,0,0,0,5
12/29/2015,ADM,OK,ASW,CE,Federal Contract Tower,0,0,8,0,8,0,0,20,0,20,0,0,28,0,28,2,0,2,30
12/30/2015,ADM,OK,ASW,CE,Federal Contract Tower,0,0,11,1,12,0,0,46,0,46,0,0,57,1,58,8,0,8,66
12/31/2015,ADM,OK,ASW,CE,Federal Contract Tower,0,0,12,0,12,0,0,29,0,29,0,0,41,0,41,32,0,32,73
01/01/2016,ADM,OK,ASW,CE,Federal Contract Tower,0,0,1,0,1,0,0,33,0,33,0,0,34,0,34,12,0,12,46
01/02/2016,ADM,OK,ASW,CE,Federal Contract Tower,0,0,6,0,6,0,0,14,0,14,0,0,20,0,20,8,0,8,28
01/03/2016,ADM,OK,ASW,CE,Federal Contract Tower,0,0,4,0,4,0,0,20,0,20,0,0,24,0,24,30,0,30,54
01/04/2016,ADM,OK,ASW,CE,Federal Contract Tower,0,0,4,7,11,0,0,52,4,56,0,0,56,11,67,52,61,113,180
01/05/2016,ADM,OK,ASW,CE,Federal Contract Tower,0,0,9,4,13,0,0,12,1,13,0,0,21,5,26,22,14,36,62
01/06/2016,ADM,OK,ASW,CE,Federal Contract Tower,0,0,11,12,23,0,0,0,0,0,0,0,11,12,23,0,0,0,23
01/07/2016,ADM,OK,ASW,CE,Federal Contract Tower,0,0,2,0,2,0,0,6,0,6,0,0,8,0,8,0,0,0,8
01/08/2016,ADM,OK,ASW,CE,Federal Contract Tower,0,0,14,12,26,0,0,35,0,35,0,0,49,12,61,0,14,14,75
01/09/2016,ADM,OK,ASW,CE,Federal Contract Tower,0,0,4,0,4,0,0,0,0,0,0,0,4,0,4,0,0,0,4
01/10/2016,ADM,OK,ASW,CE,Federal Contract Tower,0,0,12,0,12,0,0,26,3,29,0,0,38,3,41,8,6,14,55
01/11/2016,ADM,OK,ASW,CE,Federal Contract Tower,0,0,21,5,26,0,0,31,0,31,0,0,52,5,57,26,16,42,99
01/12/2016,ADM,OK,ASW,CE,Federal Contract Tower,0,0,21,19,40,0,0,22,5,27,0,0,43,24,67,12,2,14,81
01/13/2016,ADM,OK,ASW,CE,Federal Contract Tower,0,0,7,26,33,0,0,29,4,33,0,0,36,30,66,14,0,14,80
01/14/2016,ADM,OK,ASW,CE,Federal Contract Tower,0,0,28,14,42,0,0,36,0,36,0,0,64,14,78,46,0,46,124
01/15/2016,ADM,OK,ASW,CE,Federal Contract Tower,0,0,14,8,22,0,0,68,5,73,0,0,82,13,95,66,0,66,161
01/16/2016,ADM,OK,ASW,CE,Federal Contract Tower,0,0,2,0,2,0,0,3,0,3,0,0,5,0,5,0,0,0,5
01/17/2016,ADM,OK,ASW,CE,Federal Contract Tower,0,0,4,0,4,0,0,12,0,12,0,0,16,0,16,0,0,0,16
01/18/2016,ADM,OK,ASW,CE,Federal Contract Tower,0,0,6,0,6,0,0,27,0,27,0,0,33,0,33,8,0,8,41
01/19/2016,ADM,OK,ASW,CE,Federal Contract Tower,0,0,21,2,23,0,0,0,0,0,0,0,21,2,23,0,0,0,23
01/20/2016,ADM,OK,ASW,CE,Federal Contract Tower,0,0,27,10,37,0,0,4,0,4,0,0,31,10,41,0,0,0,41
01/21/2016,ADM,OK,ASW,CE,Federal Contract Tower,0,0,2,10,12,0,0,0,0,0,0,0,2,10,12,0,0,0,12
01/22/2016,ADM,OK,ASW,CE,Federal Contract Tower,0,0,5,10,15,0,0,28,0,28,0,0,33,10,43,24,0,24,67
01/23/2016,ADM,OK,ASW,CE,Federal Contract Tower,0,0,2,0,2,0,0,37,0,37,0,0,39,0,39,12,0,12,51
01/24/2016,ADM,OK,ASW,CE,Federal Contract Tower,0,0,0,8,8,0,0,6,2,8,0,0,6,10,16,0,0,0,16
01/25/2016,ADM,OK,ASW,CE,Federal Contract Tower,0,0,13,8,21,0,0,64,0,64,0,0,77,8,85,16,34,50,135
01/26/2016,ADM,OK,ASW,CE,Federal Contract Tower,0,0,9,14,23,0,0,29,14,43,0,0,38,28,66,16,10,26,92
01/27/2016,ADM,OK,ASW,CE,Federal Contract Tower,0,0,17,10,27,0,0,64,3,67,0,0,81,13,94,58,4,62,156
01/28/2016,ADM,OK,ASW,CE,Federal Contract Tower,0,0,16,8,24,0,0,31,5,36,0,0,47,13,60,18,10,28,88
01/29/2016,ADM,OK,ASW,CE,Federal Contract Tower,0,0,7,4,11,0,0,33,4,37,0,0,40,8,48,0,2,2,50
01/30/2016,ADM,OK,ASW,CE,Federal Contract Tower,0,0,0,0,0,0,0,25,0,25,0,0,25,0,25,14,0,14,39
01/31/2016,ADM,OK,ASW,CE,Federal Contract Tower,0,0,5,0,5,0,0,37,0,37,0,0,42,0,42,22,0,22,64
02/01/2016,ADM,OK,ASW,CE,Federal Contract Tower,0,0,5,13,18,0,0,7,0,7,0,0,12,13,25,2,2,4,29
02/02/2016,ADM,OK,ASW,CE,Federal Contract Tower,0,0,11,0,11,0,0,8,0,8,0,0,19,0,19,4,0,4,23
02/03/2016,ADM,OK,ASW,CE,Federal Contract Tower,0,0,10,10,20,0,0,39,1,40,0,0,49,11,60,6,6,12,72
02/04/2016,ADM,OK,ASW,CE,Federal Contract Tower,0,0,16,0,16,0,0,67,2,69,0,0,83,2,85,18,0,18,103
02/05/2016,ADM,OK,ASW,CE,Federal Contract Tower,0,0,7,2,9,0,0,38,2,40,0,0,45,4,49,8,20,28,77
02/06/2016,ADM,OK,ASW,CE,Federal Contract Tower,0,0,8,1,9,0,0,10,1,11,0,0,18,2,20,2,2,4,24
02/07/2016,ADM,OK,ASW,CE,Federal Contract Tower,0,0,2,0,2,0,0,15,0,15,0,0,17,0,17,12,0,12,29
02/08/2016,ADM,OK,ASW,CE,Federal Contract Tower,0,0,0,3,3,0,0,4,10,14,0,0,4,13,17,0,28,28,45
02/09/2016,ADM,OK,ASW,CE,Federal Contract Tower,0,0,19,9,28,0,0,43,0,43,0,0,62,9,71,14,0,14,85
02/10/2016,ADM,OK,ASW,CE,Federal Contract Tower,0,1,14,0,15,0,0,39,4,43,0,1,53,4,58,6,4,10,68
02/11/2016,ADM,OK,ASW,CE,Federal Contract Tower,0,0,14,0,14,0,0,48,4,52,0,0,62,4,66,40,10,50,116
02/12/2016,ADM,OK,ASW,CE,Federal Contract Tower,0,0,6,0,6,0,0,28,4,32,0,0,34,4,38,4,10,14,52
02/13/2016,ADM,OK,ASW,CE,Federal Contract Tower,0,0,5,0,5,0,0,45,0,45,0,0,50,0,50,30,0,30,80
02/14/2016,ADM,OK,ASW,CE,Federal Contract Tower,0,0,9,0,9,0,0,6,0,6,0,0,15,0,15,8,0,8,23
02/15/2016,ADM,OK,ASW,CE,Federal Contract Tower,0,0,7,0,7,0,0,41,0,41,0,0,48,0,48,24,0,24,72
02/16/2016,ADM,OK,ASW,CE,Federal Contract Tower,0,0,4,2,6,0,0,38,3,41,0,0,42,5,47,6,14,20,67
02/17/2016,ADM,OK,ASW,CE,Federal Contract Tower,0,0,3,11,14,0,0,36,10,46,0,0,39,21,60,24,6,30,90
02/18/2016,ADM,OK,ASW,CE,Federal Contract Tower,0,0,19,5,24,0,0,29,0,29,0,0,48,5,53,14,0,14,67
02/19/2016,ADM,OK,ASW,CE,Federal Contract Tower,0,0,8,5,13,0,0,36,8,44,0,0,44,13,57,26,0,26,83
02/20/2016,ADM,OK,ASW,CE,Federal Contract Tower,0,0,13,0,13,0,0,20,0,20,0,0,33,0,33,4,0,4,37
02/21/2016,ADM,OK,ASW,CE,Federal Contract Tower,0,0,14,0,14,0,0,0,0,0,0,0,14,0,14,0,0,0,14
02/22/2016,ADM,OK,ASW,CE,Federal Contract Tower,0,0,21,13,34,0,0,35,1,36,0,0,56,14,70,0,2,2,72
02/23/2016,ADM,OK,ASW,CE,Federal Contract Tower,0,0,6,4,10,0,0,0,0,0,0,0,6,4,10,0,0,0,10
02/24/2016,ADM,OK,ASW,CE,Federal Contract Tower,0,0,17,23,40,0,0,33,3,36,0,0,50,26,76,0,30,30,106
02/25/2016,ADM,OK,ASW,CE,Federal Contract Tower,0,0,11,23,34,0,0,51,4,55,0,0,62,27,89,8,18,26,115
02/26/2016,ADM,OK,ASW,CE,Federal Contract Tower,0,0,10,14,24,0,0,75,1,76,0,0,85,15,100,38,20,58,158
02/27/2016,ADM,OK,ASW,CE,Federal Contract Tower,0,0,5,1,6,0,0,60,0,60,0,0,65,1,66,0,0,0,66
02/28/2016,ADM,OK,ASW,CE,Federal Contract Tower,0,0,8,0,8,0,0,35,0,35,0,0,43,0,43,14,0,14,57
02/29/2016,ADM,OK,ASW,CE,Federal Contract Tower,0,0,2,6,8,0,0,31,0,31,0,0,33,6,39,2,0,2,41
03/01/2016,ADM,OK,ASW,CE,Federal Contract Tower,0,0,12,11,23,0,0,37,1,38,0,0,49,12,61,22,6,28,89
03/02/2016,ADM,OK,ASW,CE,Federal Contract Tower,0,0,18,12,30,0,0,52,0,52,0,0,70,12,82,4,22,26,108
03/03/2016,ADM,OK,ASW,CE,Federal Contract Tower,0,0,8,15,23,0,0,42,6,48,0,0,50,21,71,36,0,36,107
03/04/2016,ADM,OK,ASW,CE,Federal Contract Tower,0,0,7,15,22,0,0,38,1,39,0,0,45,16,61,12,10,22,83
03/05/2016,ADM,OK,ASW,CE,Federal Contract Tower,0,0,5,0,5,0,0,24,0,24,0,0,29,0,29,2,0,2,31
03/06/2016,ADM,OK,ASW,CE,Federal Contract Tower,0,0,6,0,6,0,0,18,0,18,0,0,24,0,24,10,0,10,34
03/07/2016,ADM,OK,ASW,CE,Federal Contract Tower,0,0,14,14,28,0,0,2,0,2,0,0,16,14,30,0,0,0,30
03/08/2016,ADM,OK,ASW,CE,Federal Contract Tower,0,0,18,0,18,0,0,0,0,0,0,0,18,0,18,0,0,0,18
03/09/2016,ADM,OK,ASW,CE,Federal Contract Tower,0,0,23,6,29,0,0,2,0,2,0,0,25,6,31,0,0,0,31
03/10/2016,ADM,OK,ASW,CE,Federal Contract Tower,0,0,21,2,23,0,0,1,0,1,0,0,22,2,24,0,0,0,24
03/11/2016,ADM,OK,ASW,CE,Federal Contract Tower,0,0,30,13,43,0,0,0,3,3,0,0,30,16,46,0,14,14,60
03/12/2016,ADM,OK,ASW,CE,Federal Contract Tower,0,0,15,0,15,0,0,1,0,1,0,0,16,0,16,0,0,0,16
03/13/2016,ADM,OK,ASW,CE,Federal Contract Tower,0,0,4,4,8,0,0,13,0,13,0,0,17,4,21,6,0,6,27
03/14/2016,ADM,OK,ASW,CE,Federal Contract Tower,0,0,16,8,24,0,0,30,1,31,0,0,46,9,55,8,2,10,65
03/15/2016,ADM,OK,ASW,CE,Federal Contract Tower,0,0,25,4,29,0,0,65,5,70,0,0,90,9,99,54,12,66,165
03/16/2016,ADM,OK,ASW,CE,Federal Contract Tower,0,0,9,1,10,0,0,63,3,66,0,0,72,4,76,22,22,44,120
03/17/2016,ADM,OK,ASW,CE,Federal Contract Tower,0,0,9,1,10,0,0,9,3,12,0,0,18,4,22,14,20,34,56
03/18/2016,ADM,OK,ASW,CE,Federal Contract Tower,0,0,0,6,6,0,0,2,0,2,0,0,2,6,8,0,0,0,8
03/19/2016,ADM,OK,ASW,CE,Federal Contract Tower,0,0,3,0,3,0,0,18,0,18,0,0,21,0,21,8,0,8,29
03/20/2016,ADM,OK,ASW,CE,Federal Contract Tower,0,0,4,0,4,0,0,19,0,19,0,0,23,0,23,10,0,10,33
03/21/2016,ADM,OK,ASW,CE,Federal Contract Tower,0,0,9,8,17,0,0,31,3,34,0,0,40,11,51,18,14,32,83
03/22/2016,ADM,OK,ASW,CE,Federal Contract Tower,0,0,6,10,16,0,0,39,7,46,0,0,45,17,62,18,34,52,114
03/23/2016,ADM,OK,ASW,CE,Federal Contract Tower,0,0,24,3,27,0,0,7,1,8,0,0,31,4,35,0,0,0,35
03/24/2016,ADM,OK,ASW,CE,Federal Contract Tower,0,0,12,2,14,0,0,18,3,21,0,0,30,5,35,6,0,6,41
03/25/2016,ADM,OK,ASW,CE,Federal Contract Tower,0,0,13,2,15,0,0,50,2,52,0,0,63,4,67,24,0,24,91
03/26/2016,ADM,OK,ASW,CE,Federal Contract Tower,0,0,4,0,4,0,0,18,0,18,0,0,22,0,22,2,0,2,24
03/27/2016,ADM,OK,ASW,CE,Federal Contract Tower,0,0,5,0,5,0,0,7,0,7,0,0,12,0,12,6,0,6,18
03/28/2016,ADM,OK,ASW,CE,Federal Contract Tower,0,0,6,8,14,0,0,45,5,50,0,0,51,13,64,20,0,20,84
03/29/2016,ADM,OK,ASW,CE,Federal Contract Tower,0,0,19,8,27,0,0,29,4,33,0,0,48,12,60,46,50,96,156
03/30/2016,ADM,OK,ASW,CE,Federal Contract Tower,0,0,6,0,6,0,0,2,0,2,0,0,8,0,8,0,0,0,8
03/31/2016,ADM,OK,ASW,CE,Federal Contract Tower,0,0,13,4,17,0,0,37,3,40,0,0,50,7,57,30,2,32,89
04/01/2016,ADM,OK,ASW,CE,Federal Contract Tower,0,0,10,7,17,0,0,38,9,47,0,0,48,16,64,60,70,130,194
04/02/2016,ADM,OK,ASW,CE,Federal Contract Tower,0,0,13,0,13,0,0,30,0,30,0,0,43,0,43,12,0,12,55
04/03/2016,ADM,OK,ASW,CE,Federal Contract Tower,0,0,2,0,2,0,0,28,0,28,0,0,30,0,30,28,0,28,58
04/04/2016,ADM,OK,ASW,CE,Federal Contract Tower,0,0,6,8,14,0,0,60,2,62,0,0,66,10,76,30,0,30,106
04/05/2016,ADM,OK,ASW,CE,Federal Contract Tower,0,0,2,25,27,0,0,41,4,45,0,0,43,29,72,44,8,52,124
04/06/2016,ADM,OK,ASW,CE,Federal Contract Tower,0,0,8,15,23,0,0,21,6,27,0,0,29,21,50,18,0,18,68
04/07/2016,ADM,OK,ASW,CE,Federal Contract Tower,0,0,6,17,23,0,0,48,5,53,0,0,54,22,76,22,2,24,100
04/08/2016,ADM,OK,ASW,CE,Federal Contract Tower,0,0,22,22,44,0,0,59,3,62,0,0,81,25,106,22,8,30,136
04/09/2016,ADM,OK,ASW,CE,Federal Contract Tower,0,0,2,0,2,0,0,13,0,13,0,0,15,0,15,4,0,4,19
04/10/2016,ADM,OK,ASW,CE,Federal Contract Tower,0,0,6,0,6,0,0,7,0,7,0,0,13,0,13,18,0,18,31
04/11/2016,ADM,OK,ASW,CE,Federal Contract Tower,0,0,5,0,5,0,0,0,0,0,0,0,5,0,5,0,0,0,5
04/12/2016,ADM,OK,ASW,CE,Federal Contract Tower,0,0,17,15,32,0,0,30,4,34,0,0,47,19,66,16,24,40,106
04/13/2016,ADM,OK,ASW,CE,Federal Contract Tower,0,0,25,8,33,0,0,11,0,11,0,0,36,8,44,0,0,0,44
04/14/2016,ADM,OK,ASW,CE,Federal Contract Tower,0,0,29,0,29,0,0,22,4,26,0,0,51,4,55,2,0,2,57
04/15/2016,ADM,OK,ASW,CE,Federal Contract Tower,0,0,33,8,41,0,0,19,2,21,0,0,52,10,62,14,8,22,84
04/16/2016,ADM,OK,ASW,CE,Federal Contract Tower,0,0,12,0,12,0,0,2,0,2,0,0,14,0,14,2,0,2,16
04/17/2016,ADM,OK,ASW,CE,Federal Contract Tower,0,0,1,0,1,0,0,0,0,0,0,0,1,0,1,0,0,0,1
04/18/2016,ADM,OK,ASW,CE,Federal Contract Tower,0,0,33,6,39,0,0,2,0,2,0,0,35,6,41,0,0,0,41
04/19/2016,ADM,OK,ASW,CE,Federal Contract Tower,0,0,4,0,4,0,0,3,0,3,0,0,7,0,7,2,0,2,9
04/20/2016,ADM,OK,ASW,CE,Federal Contract Tower,0,0,17,13,30,0,0,7,1,8,0,0,24,14,38,2,0,2,40
04/21/2016,ADM,OK,ASW,CE,Federal Contract Tower,0,0,18,6,24,0,0,37,0,37,0,0,55,6,61,12,0,12,73
04/22/2016,ADM,OK,ASW,CE,Federal Contract Tower,0,0,6,18,24,0,0,81,8,89,0,0,87,26,113,40,12,52,165
04/23/2016,ADM,OK,ASW,CE,Federal Contract Tower,0,0,6,0,6,0,0,17,0,17,0,0,23,0,23,0,0,0,23
04/24/2016,ADM,OK,ASW,CE,Federal Contract Tower,0,0,9,0,9,0,0,15,0,15,0,0,24,0,24,6,0,6,30
04/25/2016,ADM,OK,ASW,CE,Federal Contract Tower,0,0,15,4,19,0,0,4,5,9,0,0,19,9,28,6,4,10,38
04/26/2016,ADM,OK,ASW,CE,Federal Contract Tower,0,0,19,0,19,0,0,11,0,11,0,0,30,0,30,2,0,2,32
04/27/2016,ADM,OK,ASW,CE,Federal Contract Tower,0,0,22,4,26,0,0,24,0,24,0,0,46,4,50,56,0,56,106
04/28/2016,ADM,OK,ASW,CE,Federal Contract Tower,0,0,5,7,12,0,0,19,3,22,0,0,24,10,34,18,4,22,56
04/29/2016,ADM,OK,ASW,CE,Federal Contract Tower,0,0,13,6,19,0,0,1,0,1,0,0,14,6,20,0,0,0,20
04/30/2016,ADM,OK,ASW,CE,Federal Contract Tower,0,0,10,0,10,0,0,9,0,9,0,0,19,0,19,6,0,6,25
05/01/2016,ADM,OK,ASW,CE,Federal Contract Tower,0,0,5,0,5,0,0,22,0,22,0,0,27,0,27,12,0,12,39
05/02/2016,ADM,OK,ASW,CE,Federal Contract Tower,0,0,16,8,24,0,0,20,0,20,0,0,36,8,44,12,0,12,56
05/03/2016,ADM,OK,ASW,CE,Federal Contract Tower,0,0,7,2,9,0,0,34,6,40,0,0,41,8,49,14,10,24,73
05/04/2016,ADM,OK,ASW,CE,Federal Contract Tower,0,0,17,7,24,0,0,26,1,27,0,0,43,8,51,18,2,20,71
05/05/2016,ADM,OK,ASW,CE,Federal Contract Tower,0,0,24,0,24,0,0,85,6,91,0,0,109,6,115,32,0,32,147
05/06/2016,ADM,OK,ASW,CE,Federal Contract Tower,0,0,7,2,9,0,0,39,4,43,0,0,46,6,52,30,18,48,100
05/07/2016,ADM,OK,ASW,CE,Federal Contract Tower,0,0,5,0,5,0,0,4,0,4,0,0,9,0,9,0,0,0,9
05/08/2016,ADM,OK,ASW,CE,Federal Contract Tower,0,0,3,0,3,0,0,0,0,0,0,0,3,0,3,0,0,0,3
05/09/2016,ADM,OK,ASW,CE,Federal Contract Tower,0,0,5,3,8,0,0,5,0,5,0,0,10,3,13,12,0,12,25
05/10/2016,ADM,OK,ASW,CE,Federal Contract Tower,0,0,8,8,16,0,0,13,2,15,0,0,21,10,31,18,4,22,53
05/11/2016,ADM,OK,ASW,CE,Federal Contract Tower,0,0,10,5,15,0,0,21,12,33,0,0,31,17,48,12,16,28,76
05/12/2016,ADM,OK,ASW,CE,Federal Contract Tower,0,0,17,12,29,0,0,30,0,30,0,0,47,12,59,4,4,8,67
05/13/2016,ADM,OK,ASW,CE,Federal Contract Tower,0,0,4,13,17,0,0,30,5,35,0,0,34,18,52,0,6,6,58
05/14/2016,ADM,OK,ASW,CE,Federal Contract Tower,0,0,3,0,3,0,0,5,0,5,0,0,8,0,8,0,0,0,8
05/15/2016,ADM,OK,ASW,CE,Federal Contract Tower,0,0,5,0,5,0,0,2,0,2,0,0,7,0,7,0,0,0,7
05/16/2016,ADM,OK,ASW,CE,Federal Contract Tower,0,0,17,14,31,0,0,2,0,2,0,0,19,14,33,0,42,42,75
05/17/2016,ADM,OK,ASW,CE,Federal Contract Tower,0,0,11,6,17,0,0,2,2,4,0,0,13,8,21,6,0,6,27
05/18/2016,ADM,OK,ASW,CE,Federal Contract Tower,0,0,20,6,26,0,0,6,4,10,0,0,26,10,36,0,0,0,36
05/19/2016,ADM,OK,ASW,CE,Federal Contract Tower,0,0,17,4,21,0,0,4,0,4,0,0,21,4,25,0,0,0,25
05/20/2016,ADM,OK,ASW,CE,Federal Contract Tower,0,0,18,6,24,0,0,23,0,23,0,0,41,6,47,6,0,6,53
05/21/2016,ADM,OK,ASW,CE,Federal Contract Tower,0,0,4,0,4,0,0,6,0,6,0,0,10,0,10,0,0,0,10
05/22/2016,ADM,OK,ASW,CE,Federal Contract Tower,0,0,11,0,11,0,0,7,0,7,0,0,18,0,18,0,0,0,18
05/23/2016,ADM,OK,ASW,CE,Federal Contract Tower,0,0,5,3,8,0,0,7,2,9,0,0,12,5,17,0,18,18,35
05/24/2016,ADM,OK,ASW,CE,Federal Contract Tower,0,0,21,8,29,0,0,8,7,15,0,0,29,15,44,0,64,64,108
05/25/2016,ADM,OK,ASW,CE,Federal Contract Tower,0,0,26,18,44,0,0,0,1,1,0,0,26,19,45,0,28,28,73
05/26/2016,ADM,OK,ASW,CE,Federal Contract Tower,0,0,15,12,27,0,0,12,0,12,0,0,27,12,39,28,0,28,67
05/27/2016,ADM,OK,ASW,CE,Federal Contract Tower,0,0,11,0,11,0,0,7,0,7,0,0,18,0,18,4,0,4,22
05/28/2016,ADM,OK,ASW,CE,Federal Contract Tower,0,0,16,0,16,0,0,8,0,8,0,0,24,0,24,2,0,2,26
05/29/2016,ADM,OK,ASW,CE,Federal Contract Tower,0,0,1,0,1,0,0,20,0,20,0,0,21,0,21,16,0,16,37
05/30/2016,ADM,OK,ASW,CE,Federal Contract Tower,0,0,18,0,18,0,0,18,0,18,0,0,36,0,36,12,0,12,48
05/31/2016,ADM,OK,ASW,CE,Federal Contract Tower,0,0,10,0,10,0,0,2,0,2,0,0,12,0,12,0,0,0,12
06/01/2016,ADM,OK,ASW,CE,Federal Contract Tower,0,0,21,12,33,0,0,7,4,11,0,0,28,16,44,0,2,2,46
06/02/2016,ADM,OK,ASW,CE,Federal Contract Tower,0,0,6,4,10,0,0,0,0,0,0,0,6,4,10,0,0,0,10
06/03/2016,ADM,OK,ASW,CE,Federal Contract Tower,0,0,11,2,13,0,0,2,0,2,0,0,13,2,15,0,0,0,15
06/04/2016,ADM,OK,ASW,CE,Federal Contract Tower,0,0,15,0,15,0,0,5,0,5,0,0,20,0,20,0,0,0,20
06/05/2016,ADM,OK,ASW,CE,Federal Contract Tower,0,0,7,0,7,0,0,25,0,25,0,0,32,0,32,12,0,12,44
06/06/2016,ADM,OK,ASW,CE,Federal Contract Tower,0,0,8,1,9,0,0,20,1,21,0,0,28,2,30,26,2,28,58
06/07/2016,ADM,OK,ASW,CE,Federal Contract Tower,0,0,14,2,16,0,0,41,0,41,0,0,55,2,57,6,0,6,63
06/08/2016,ADM,OK,ASW,CE,Federal Contract Tower,0,0,7,6,13,0,0,41,8,49,0,0,48,14,62,8,28,36,98
06/09/2016,ADM,OK,ASW,CE,Federal Contract Tower,0,0,11,7,18,0,0,54,2,56,0,0,65,9,74,30,12,42,116
06/10/2016,ADM,OK,ASW,CE,Federal Contract Tower,0,0,5,2,7,0,0,68,1,69,0,0,73,3,76,58,50,108,184
06/11/2016,ADM,OK,ASW,CE,Federal Contract Tower,0,0,4,0,4,0,0,34,0,34,0,0,38,0,38,22,0,22,60
06/12/2016,ADM,OK,ASW,CE,Federal Contract Tower,0,0,1,0,1,0,0,0,0,0,0,0,1,0,1,0,0,0,1
06/13/2016,ADM,OK,ASW,CE,Federal Contract Tower,0,0,11,4,15,0,0,4,0,4,0,0,15,4,19,8,0,8,27
06/14/2016,ADM,OK,ASW,CE,Federal Contract Tower,0,0,12,5,17,0,0,17,1,18,0,0,29,6,35,12,8,20,55
06/15/2016,ADM,OK,ASW,CE,Federal Contract Tower,0,0,11,4,15,0,0,65,0,65,0,0,76,4,80,10,0,10,90
06/16/2016,ADM,OK,ASW,CE,Federal Contract Tower,0,0,7,9,16,0,0,76,6,82,0,0,83,15,98,2,24,26,124
06/17/2016,ADM,OK,ASW,CE,Federal Contract Tower,0,0,12,3,15,0,0,48,4,52,0,0,60,7,67,18,8,26,93
06/18/2016,ADM,OK,ASW,CE,Federal Contract Tower,0,0,9,0,9,0,0,13,0,13,0,0,22,0,22,2,0,2,24
06/19/2016,ADM,OK,ASW,CE,Federal Contract Tower,0,0,0,0,0,0,0,17,0,17,0,0,17,0,17,2,0,2,19
06/20/2016,ADM,OK,ASW,CE,Federal Contract Tower,0,0,11,5,16,0,0,23,3,26,0,0,34,8,42,10,2,12,54
06/21/2016,ADM,OK,ASW,CE,Federal Contract Tower,0,0,12,16,28,0,0,31,2,33,0,0,43,18,61,2,4,6,67
06/22/2016,ADM,OK,ASW,CE,Federal Contract Tower,0,0,17,6,23,0,0,47,4,51,0,0,64,10,74,18,16,34,108
06/23/2016,ADM,OK,ASW,CE,Federal Contract Tower,0,0,13,5,18,0,0,45,5,50,0,0,58,10,68,20,14,34,102
06/24/2016,ADM,OK,ASW,CE,Federal Contract Tower,0,0,5,4,9,0,0,33,19,52,0,0,38,23,61,12,82,94,155
06/25/2016,ADM,OK,ASW,CE,Federal Contract Tower,0,0,2,0,2,0,0,9,0,9,0,0,11,0,11,0,0,0,11
06/26/2016,ADM,OK,ASW,CE,Federal Contract Tower,0,0,0,0,0,0,0,7,0,7,0,0,7,0,7,0,0,0,7
06/27/2016,ADM,OK,ASW,CE,Federal Contract Tower,0,0,6,8,14,0,0,8,3,11,0,0,14,11,25,0,0,0,25
06/28/2016,ADM,OK,ASW,CE,Federal Contract Tower,0,0,6,8,14,0,0,26,1,27,0,0,32,9,41,20,0,20,61
06/29/2016,ADM,OK,ASW,CE,Federal Contract Tower,0,0,3,7,10,0,0,50,10,60,0,0,53,17,70,30,20,50,120
06/30/2016,ADM,OK,ASW,CE,Federal Contract Tower,0,0,11,16,27,0,0,43,5,48,0,0,54,21,75,28,10,38,113
07/01/2016,ADM,OK,ASW,CE,Federal Contract Tower,0,0,12,14,26,0,0,33,2,35,0,0,45,16,61,12,0,12,73
07/02/2016,ADM,OK,ASW,CE,Federal Contract Tower,0,0,3,0,3,0,0,13,0,13,0,0,16,0,16,0,0,0,16
07/03/2016,ADM,OK,ASW,CE,Federal Contract Tower,0,0,0,0,0,0,0,2,0,2,0,0,2,0,2,0,0,0,2
07/04/2016,ADM,OK,ASW,CE,Federal Contract Tower,0,0,4,0,4,0,0,2,0,2,0,0,6,0,6,0,0,0,6
07/05/2016,ADM,OK,ASW,CE,Federal Contract Tower,0,0,11,0,11,0,0,16,0,16,0,0,27,0,27,16,0,16,43
07/06/2016,ADM,OK,ASW,CE,Federal Contract Tower,0,0,11,11,22,0,0,20,1,21,0,0,31,12,43,6,10,16,59
07/07/2016,ADM,OK,ASW,CE,Federal Contract Tower,0,0,4,12,16,0,0,18,16,34,0,0,22,28,50,4,40,44,94
07/08/2016,ADM,OK,ASW,CE,Federal Contract Tower,0,0,14,2,16,0,0,24,1,25,0,0,38,3,41,34,8,42,83
07/09/2016,ADM,OK,ASW,CE,Federal Contract Tower,0,0,9,0,9,0,0,30,0,30,0,0,39,0,39,0,0,0,39
07/10/2016,ADM,OK,ASW,CE,Federal Contract Tower,0,0,1,0,1,0,0,23,2,25,0,0,24,2,26,16,0,16,42
07/11/2016,ADM,OK,ASW,CE,Federal Contract Tower,0,0,5,4,9,0,0,26,0,26,0,0,31,4,35,18,0,18,53
07/12/2016,ADM,OK,ASW,CE,Federal Contract Tower,0,0,12,2,14,0,0,29,0,29,0,0,41,2,43,4,0,4,47
07/13/2016,ADM,OK,ASW,CE,Federal Contract Tower,0,0,8,16,24,0,0,36,6,42,0,0,44,22,66,4,10,14,80
07/14/2016,ADM,OK,ASW,CE,Federal Contract Tower,0,0,23,7,30,0,0,21,0,21,0,0,44,7,51,2,0,2,53
07/15/2016,ADM,OK,ASW,CE,Federal Contract Tower,0,0,13,0,13,0,0,12,2,14,0,0,25,2,27,0,0,0,27
07/16/2016,ADM,OK,ASW,CE,Federal Contract Tower,0,0,0,0,0,0,0,21,0,21,0,0,21,0,21,10,0,10,31
07/17/2016,ADM,OK,ASW,CE,Federal Contract Tower,0,0,2,0,2,0,0,8,0,8,0,0,10,0,10,0,0,0,10
07/18/2016,ADM,OK,ASW,CE,Federal Contract Tower,0,0,8,6,14,0,0,34,0,34,0,0,42,6,48,0,0,0,48
07/19/2016,ADM,OK,ASW,CE,Federal Contract Tower,0,0,8,14,22,0,0,30,0,30,0,0,38,14,52,2,0,2,54
07/20/2016,ADM,OK,ASW,CE,Federal Contract Tower,0,0,19,10,29,0,0,72,0,72,0,0,91,10,101,44,0,44,145
07/21/2016,ADM,OK,ASW,CE,Federal Contract Tower,0,0,10,8,18,0,0,55,2,57,0,0,65,10,75,70,0,70,145
07/22/2016,ADM,OK,ASW,CE,Federal Contract Tower,0,0,17,6,23,0,0,48,0,48,0,0,65,6,71,40,0,40,111
07/23/2016,ADM,OK,ASW,CE,Federal Contract Tower,0,0,4,0,4,0,0,21,0,21,0,0,25,0,25,26,0,26,51
07/24/2016,ADM,OK,ASW,CE,Federal Contract Tower,0,0,6,0,6,0,0,13,0,13,0,0,19,0,19,34,0,34,53
07/25/2016,ADM,OK,ASW,CE,Federal Contract Tower,0,0,9,10,19,0,0,4,0,4,0,0,13,10,23,2,0,2,25
07/26/2016,ADM,OK,ASW,CE,Federal Contract Tower,0,0,8,4,12,0,0,11,0,11,0,0,19,4,23,12,0,12,35
07/27/2016,ADM,OK,ASW,CE,Federal Contract Tower,0,0,10,2,12,0,0,11,0,11,0,0,21,2,23,6,0,6,29
07/28/2016,ADM,OK,ASW,CE,Federal Contract Tower,0,0,17,4,21,0,0,32,2,34,0,0,49,6,55,44,0,44,99
07/29/2016,ADM,OK,ASW,CE,Federal Contract Tower,0,0,8,4,12,0,0,18,8,26,0,0,26,12,38,56,2,58,96
07/30/2016,ADM,OK,ASW,CE,Federal Contract Tower,0,0,2,0,2,0,0,24,0,24,0,0,26,0,26,16,0,16,42
07/31/2016,ADM,OK,ASW,CE,Federal Contract Tower,0,0,7,0,7,0,0,13,0,13,0,0,20,0,20,20,0,20,40
08/01/2016,ADM,OK,ASW,CE,Federal Contract Tower,0,0,8,5,13,0,0,30,5,35,0,0,38,10,48,20,8,28,76
08/02/2016,ADM,OK,ASW,CE,Federal Contract Tower,0,0,8,7,15,0,0,35,4,39,0,0,43,11,54,4,48,52,106
08/03/2016,ADM,OK,ASW,CE,Federal Contract Tower,0,0,6,2,8,0,0,25,4,29,0,0,31,6,37,8,24,32,69
08/04/2016,ADM,OK,ASW,CE,Federal Contract Tower,0,0,7,3,10,0,0,29,6,35,0,0,36,9,45,18,0,18,63
08/05/2016,ADM,OK,ASW,CE,Federal Contract Tower,0,0,2,3,5,0,0,42,3,45,0,0,44,6,50,46,24,70,120
08/06/2016,ADM,OK,ASW,CE,Federal Contract Tower,0,0,2,0,2,0,0,30,0,30,0,0,32,0,32,56,0,56,88
08/07/2016,ADM,OK,ASW,CE,Federal Contract Tower,0,0,3,0,3,0,0,9,4,13,0,0,12,4,16,0,12,12,28
08/08/2016,ADM,OK,ASW,CE,Federal Contract Tower,0,0,0,2,2,0,0,4,0,4,0,0,4,2,6,8,0,8,14
08/09/2016,ADM,OK,ASW,CE,Federal Contract Tower,0,0,11,4,15,0,0,28,5,33,0,0,39,9,48,24,0,24,72
08/10/2016,ADM,OK,ASW,CE,Federal Contract Tower,0,0,8,1,9,0,0,18,2,20,0,0,26,3,29,4,12,16,45
08/11/2016,ADM,OK,ASW,CE,Federal Contract Tower,0,0,9,16,25,0,0,39,8,47,0,0,48,24,72,8,0,8,80
08/12/2016,ADM,OK,ASW,CE,Federal Contract Tower,0,0,7,8,15,0,0,27,0,27,0,0,34,8,42,48,6,54,96
08/13/2016,ADM,OK,ASW,CE,Federal Contract Tower,0,0,5,0,5,0,0,26,0,26,0,0,31,0,31,0,0,0,31
08/14/2016,ADM,OK,ASW,CE,Federal Contract Tower,0,0,1,0,1,0,0,3,0,3,0,0,4,0,4,0,0,0,4
08/15/2016,ADM,OK,ASW,CE,Federal Contract Tower,0,0,4,13,17,0,0,7,4,11,0,0,11,17,28,6,30,36,64
08/16/2016,ADM,OK,ASW,CE,Federal Contract Tower,0,0,17,12,29,0,0,42,10,52,0,0,59,22,81,42,4,46,127
08/17/2016,ADM,OK,ASW,CE,Federal Contract Tower,0,0,24,8,32,0,0,24,12,36,0,0,48,20,68,22,4,26,94
08/18/2016,ADM,OK,ASW,CE,Federal Contract Tower,0,0,16,19,35,0,0,6,1,7,0,0,22,20,42,0,0,0,42
08/19/2016,ADM,OK,ASW,CE,Federal Contract Tower,1,0,2,2,5,0,0,0,0,0,1,0,2,2,5,0,0,0,5
08/20/2016,ADM,OK,ASW,CE,Federal Contract Tower,0,0,3,0,3,0,0,4,0,4,0,0,7,0,7,26,0,26,33
08/21/2016,ADM,OK,ASW,CE,Federal Contract Tower,0,0,0,4,4,0,0,28,0,28,0,0,28,4,32,38,6,44,76
08/22/2016,ADM,OK,ASW,CE,Federal Contract Tower,0,0,5,6,11,0,0,0,0,0,0,0,5,6,11,0,0,0,11
08/23/2016,ADM,OK,ASW,CE,Federal Contract Tower,0,0,19,7,26,0,0,20,16,36,0,0,39,23,62,30,6,36,98
08/24/2016,ADM,OK,ASW,CE,Federal Contract Tower,0,0,10,11,21,0,0,30,2,32,0,0,40,13,53,6,6,12,65
08/25/2016,ADM,OK,ASW,CE,Federal Contract Tower,0,0,15,9,24,0,0,51,3,54,0,0,66,12,78,44,4,48,126
08/26/2016,ADM,OK,ASW,CE,Federal Contract Tower,0,0,9,0,9,0,0,26,0,26,0,0,35,0,35,0,0,0,35
08/27/2016,ADM,OK,ASW,CE,Federal Contract Tower,0,0,0,0,0,0,0,20,0,20,0,0,20,0,20,6,0,6,26
08/28/2016,ADM,OK,ASW,CE,Federal Contract Tower,0,0,2,2,4,0,0,8,0,8,0,0,10,2,12,4,0,4,16
08/29/2016,ADM,OK,ASW,CE,Federal Contract Tower,0,0,1,0,1,0,0,25,0,25,0,0,26,0,26,20,0,20,46
08/30/2016,ADM,OK,ASW,CE,Federal Contract Tower,0,0,9,4,13,0,0,34,0,34,0,0,43,4,47,38,0,38,85
08/31/2016,ADM,OK,ASW,CE,Federal Contract Tower,0,0,5,0,5,0,0,0,0,0,0,0,5,0,5,12,8,20,25
09/01/2016,ADM,OK,ASW,CE,Federal Contract Tower,0,0,7,14,21,0,0,5,0,5,0,0,12,14,26,2,0,2,28
09/02/2016,ADM,OK,ASW,CE,Federal Contract Tower,0,0,14,0,14,0,0,29,0,29,0,0,43,0,43,16,0,16,59
09/03/2016,ADM,OK,ASW,CE,Federal Contract Tower,0,0,2,0,2,0,0,16,0,16,0,0,18,0,18,8,0,8,26
09/04/2016,ADM,OK,ASW,CE,Federal Contract Tower,0,1,2,0,3,0,0,21,0,21,0,1,23,0,24,30,0,30,54
09/05/2016,ADM,OK,ASW,CE,Federal Contract Tower,0,0,2,0,2,0,0,23,0,23,0,0,25,0,25,14,0,14,39
09/07/2016,ADM,OK,ASW,CE,Federal Contract Tower,0,0,10,15,25,0,0,45,9,54,0,0,55,24,79,54,24,78,157
09/08/2016,ADM,OK,ASW,CE,Federal Contract Tower,0,0,12,5,17,0,0,44,15,59,0,0,56,20,76,26,66,92,168
09/09/2016,ADM,OK,ASW,CE,Federal Contract Tower,0,0,10,3,13,0,0,17,3,20,0,0,27,6,33,4,6,10,43
09/10/2016,ADM,OK,ASW,CE,Federal Contract Tower,0,0,10,1,11,0,0,4,1,5,0,0,14,2,16,0,0,0,16
09/11/2016,ADM,OK,ASW,CE,Federal Contract Tower,0,0,3,0,3,0,0,19,1,20,0,0,22,1,23,0,0,0,23
09/12/2016,ADM,OK,ASW,CE,Federal Contract Tower,0,0,5,0,5,0,0,12,5,17,0,0,17,5,22,0,4,4,26
09/13/2016,ADM,OK,ASW,CE,Federal Contract Tower,0,0,6,12,18,0,0,49,2,51,0,0,55,14,69,34,0,34,103
09/14/2016,ADM,OK,ASW,CE,Federal Contract Tower,0,0,8,4,12,0,0,15,0,15,0,0,23,4,27,14,0,14,41
09/15/2016,ADM,OK,ASW,CE,Federal Contract Tower,0,0,9,9,18,0,0,12,7,19,0,0,21,16,37,26,0,26,63
09/16/2016,ADM,OK,ASW,CE,Federal Contract Tower,0,0,13,0,13,0,0,6,0,6,0,0,19,0,19,2,0,2,21
09/17/2016,ADM,OK,ASW,CE,Federal Contract Tower,0,0,0,0,0,0,0,12,0,12,0,0,12,0,12,8,0,8,20
09/18/2016,ADM,OK,ASW,CE,Federal Contract Tower,0,0,1,0,1,0,0,19,0,19,0,0,20,0,20,0,0,0,20
09/19/2016,ADM,OK,ASW,CE,Federal Contract Tower,0,0,5,6,11,0,0,35,0,35,0,0,40,6,46,2,0,2,48
09/20/2016,ADM,OK,ASW,CE,Federal Contract Tower,0,0,7,0,7,0,0,15,0,15,0,0,22,0,22,16,0,16,38
09/21/2016,ADM,OK,ASW,CE,Federal Contract Tower,0,0,12,23,35,0,0,41,4,45,0,0,53,27,80,8,4,12,92
09/22/2016,ADM,OK,ASW,CE,Federal Contract Tower,0,0,7,22,29,0,0,43,9,52,0,0,50,31,81,34,52,86,167
09/23/2016,ADM,OK,ASW,CE,Federal Contract Tower,0,0,5,4,9,0,0,25,0,25,0,0,30,4,34,12,0,12,46
09/24/2016,ADM,OK,ASW,CE,Federal Contract Tower,0,0,2,0,2,0,0,7,0,7,0,0,9,0,9,0,0,0,9
09/25/2016,ADM,OK,ASW,CE,Federal Contract Tower,0,0,0,0,0,0,0,3,0,3,0,0,3,0,3,0,0,0,3
09/26/2016,ADM,OK,ASW,CE,Federal Contract Tower,0,0,9,11,20,0,0,35,1,36,0,0,44,12,56,24,0,24,80
09/27/2016,ADM,OK,ASW,CE,Federal Contract Tower,0,0,9,8,17,0,0,60,0,60,0,0,69,8,77,80,0,80,157
09/28/2016,ADM,OK,ASW,CE,Federal Contract Tower,0,0,6,8,14,0,0,65,0,65,0,0,71,8,79,36,0,36,115
09/29/2016,ADM,OK,ASW,CE,Federal Contract Tower,0,0,4,4,8,0,0,64,1,65,0,0,68,5,73,18,0,18,91
09/30/2016,ADM,OK,ASW,CE,Federal Contract Tower,0,0,7,4,11,0,0,51,0,51,0,0,58,4,62,58,0,58,120
10/01/2016,ADM,OK,ASW,CE,Federal Contract Tower,0,0,5,0,5,0,0,18,0,18,0,0,23,0,23,0,0,0,23
10/02/2016,ADM,OK,ASW,CE,Federal Contract Tower,0,0,2,0,2,0,0,24,0,24,0,0,26,0,26,6,0,6,32
10/03/2016,ADM,OK,ASW,CE,Federal Contract Tower,0,0,6,15,21,0,0,32,1,33,0,0,38,16,54,6,0,6,60
10/04/2016,ADM,OK,ASW,CE,Federal Contract Tower,0,0,29,7,36,0,0,14,5,19,0,0,43,12,55,8,4,12,67
10/05/2016,ADM,OK,ASW,CE,Federal Contract Tower,0,0,10,8,18,0,0,43,3,46,0,0,53,11,64,90,4,94,158
10/06/2016,ADM,OK,ASW,CE,Federal Contract Tower,0,0,20,10,30,0,0,12,0,12,0,0,32,10,42,20,0,20,62
10/07/2016,ADM,OK,ASW,CE,Federal Contract Tower,0,0,25,2,27,0,0,5,2,7,0,0,30,4,34,10,2,12,46
10/08/2016,ADM,OK,ASW,CE,Federal Contract Tower,0,0,7,0,7,0,0,43,0,43,0,0,50,0,50,10,0,10,60
10/09/2016,ADM,OK,ASW,CE,Federal Contract Tower,0,0,4,0,4,0,0,21,0,21,0,0,25,0,25,0,0,0,25
10/10/2016,ADM,OK,ASW,CE,Federal Contract Tower,0,0,6,0,6,0,0,25,0,25,0,0,31,0,31,0,0,0,31
10/11/2016,ADM,OK,ASW,CE,Federal Contract Tower,0,0,9,5,14,0,0,62,0,62,0,0,71,5,76,44,0,44,120
10/12/2016,ADM,OK,ASW,CE,Federal Contract Tower,0,0,13,4,17,0,0,54,1,55,0,0,67,5,72,74,0,74,146
10/13/2016,ADM,OK,ASW,CE,Federal Contract Tower,0,0,22,16,38,0,0,8,0,8,0,0,30,16,46,16,18,34,80
10/14/2016,ADM,OK,ASW,CE,Federal Contract Tower,0,0,14,0,14,0,0,11,0,11,0,0,25,0,25,0,0,0,25
10/15/2016,ADM,OK,ASW,CE,Federal Contract Tower,0,0,9,0,9,0,0,6,0,6,0,0,15,0,15,0,0,0,15
10/16/2016,ADM,OK,ASW,CE,Federal Contract Tower,0,0,9,0,9,0,0,9,0,9,0,0,18,0,18,8,0,8,26
10/17/2016,ADM,OK,ASW,CE,Federal Contract Tower,0,0,14,0,14,0,0,38,0,38,0,0,52,0,52,6,0,6,58
10/18/2016,ADM,OK,ASW,CE,Federal Contract Tower,0,0,6,4,10,0,0,45,6,51,0,0,51,10,61,4,12,16,77
10/19/2016,ADM,OK,ASW,CE,Federal Contract Tower,0,0,4,3,7,0,0,15,0,15,0,0,19,3,22,20,0,20,42
10/20/2016,ADM,OK,ASW,CE,Federal Contract Tower,0,0,11,2,13,0,0,27,7,34,0,0,38,9,47,16,12,28,75
10/21/2016,ADM,OK,ASW,CE,Federal Contract Tower,0,0,15,4,19,0,0,60,5,65,0,0,75,9,84,24,6,30,114
10/22/2016,ADM,OK,ASW,CE,Federal Contract Tower,0,0,1,0,1,0,0,6,0,6,0,0,7,0,7,2,0,2,9
10/23/2016,ADM,OK,ASW,CE,Federal Contract Tower,0,0,3,0,3,0,0,15,0,15,0,0,18,0,18,2,0,2,20
10/24/2016,ADM,OK,ASW,CE,Federal Contract Tower,0,0,5,6,11,0,0,30,7,37,0,0,35,13,48,2,24,26,74
10/25/2016,ADM,OK,ASW,CE,Federal Contract Tower,0,0,11,6,17,0,0,33,6,39,0,0,44,12,56,24,16,40,96
10/26/2016,ADM,OK,ASW,CE,Federal Contract Tower,0,0,6,8,14,0,0,8,6,14,0,0,14,14,28,32,16,48,76
10/27/2016,ADM,OK,ASW,CE,Federal Contract Tower,0,0,11,10,21,0,0,45,3,48,0,0,56,13,69,64,22,86,155
10/28/2016,ADM,OK,ASW,CE,Federal Contract Tower,0,0,13,4,17,0,0,34,0,34,0,0,47,4,51,8,0,8,59
10/29/2016,ADM,OK,ASW,CE,Federal Contract Tower,0,0,7,0,7,0,0,14,0,14,0,0,21,0,21,2,0,2,23
10/30/2016,ADM,OK,ASW,CE,Federal Contract Tower,0,0,4,2,6,0,0,30,2,32,0,0,34,4,38,23,0,23,61
10/31/2016,ADM,OK,ASW,CE,Federal Contract Tower,0,0,5,8,13,0,0,35,2,37,0,0,40,10,50,4,12,16,66
11/01/2016,ADM,OK,ASW,CE,Federal Contract Tower,0,0,23,10,33,0,0,10,2,12,0,0,33,12,45,10,0,10,55
11/02/2016,ADM,OK,ASW,CE,Federal Contract Tower,0,0,5,14,19,0,0,4,1,5,0,0,9,15,24,16,6,22,46
11/03/2016,ADM,OK,ASW,CE,Federal Contract Tower,0,0,10,7,17,0,0,7,0,7,0,0,17,7,24,0,0,0,24
11/04/2016,ADM,OK,ASW,CE,Federal Contract Tower,0,0,14,4,18,0,0,2,4,6,0,0,16,8,24,0,14,14,38
11/05/2016,ADM,OK,ASW,CE,Federal Contract Tower,0,0,5,0,5,0,0,23,0,23,0,0,28,0,28,4,0,4,32
11/06/2016,ADM,OK,ASW,CE,Federal Contract Tower,0,0,2,12,14,0,0,5,0,5,0,0,7,12,19,0,16,16,35
11/07/2016,ADM,OK,ASW,CE,Federal Contract Tower,0,0,0,6,6,0,0,0,0,0,0,0,0,6,6,0,0,0,6
11/08/2016,ADM,OK,ASW,CE,Federal Contract Tower,0,0,13,4,17,0,0,8,0,8,0,0,21,4,25,0,0,0,25
11/09/2016,ADM,OK,ASW,CE,Federal Contract Tower,0,0,20,14,34,0,0,43,2,45,0,0,63,16,79,42,12,54,133
11/10/2016,ADM,OK,ASW,CE,Federal Contract Tower,0,0,7,17,24,0,0,40,1,41,0,0,47,18,65,0,6,6,71
11/11/2016,ADM,OK,ASW,CE,Federal Contract Tower,0,0,5,0,5,0,0,42,0,42,0,0,47,0,47,28,0,28,75
11/12/2016,ADM,OK,ASW,CE,Federal Contract Tower,0,0,0,0,0,0,0,26,0,26,0,0,26,0,26,10,0,10,36
11/13/2016,ADM,OK,ASW,CE,Federal Contract Tower,0,0,2,0,2,0,0,17,0,17,0,0,19,0,19,12,0,12,31
11/14/2016,ADM,OK,ASW,CE,Federal Contract Tower,0,0,6,2,8,0,0,30,5,35,0,0,36,7,43,0,4,4,47
11/15/2016,ADM,OK,ASW,CE,Federal Contract Tower,0,0,11,9,20,0,0,67,1,68,0,0,78,10,88,4,0,4,92
11/16/2016,ADM,OK,ASW,CE,Federal Contract Tower,0,0,6,2,8,0,0,46,0,46,0,0,52,2,54,66,0,66,120
11/17/2016,ADM,OK,ASW,CE,Federal Contract Tower,0,0,18,3,21,0,0,15,3,18,0,0,33,6,39,4,6,10,49
11/18/2016,ADM,OK,ASW,CE,Federal Contract Tower,0,0,9,11,20,0,0,34,2,36,0,0,43,13,56,2,0,2,58
11/19/2016,ADM,OK,ASW,CE,Federal Contract Tower,0,0,4,2,6,0,0,29,0,29,0,0,33,2,35,2,0,2,37
11/20/2016,ADM,OK,ASW,CE,Federal Contract Tower,0,0,4,0,4,0,0,16,2,18,0,0,20,2,22,4,0,4,26
11/21/2016,ADM,OK,ASW,CE,Federal Contract Tower,0,0,8,17,25,0,0,33,5,38,0,0,41,22,63,18,0,18,81
11/22/2016,ADM,OK,ASW,CE,Federal Contract Tower,0,0,10,6,16,0,0,3,3,6,0,0,13,9,22,0,10,10,32
11/23/2016,ADM,OK,ASW,CE,Federal Contract Tower,0,0,3,4,7,0,0,26,2,28,0,0,29,6,35,28,0,28,63
11/24/2016,ADM,OK,ASW,CE,Federal Contract Tower,0,0,1,0,1,0,0,3,0,3,0,0,4,0,4,0,0,0,4
11/25/2016,ADM,OK,ASW,CE,Federal Contract Tower,0,0,4,0,4,0,0,22,2,24,0,0,26,2,28,0,0,0,28
11/26/2016,ADM,OK,ASW,CE,Federal Contract Tower,0,0,6,0,6,0,0,9,0,9,0,0,15,0,15,0,0,0,15
11/27/2016,ADM,OK,ASW,CE,Federal Contract Tower,0,0,5,0,5,0,0,0,0,0,0,0,5,0,5,0,0,0,5
11/28/2016,ADM,OK,ASW,CE,Federal Contract Tower,0,0,9,18,27,0,0,20,1,21,0,0,29,19,48,0,0,0,48
11/29/2016,ADM,OK,ASW,CE,Federal Contract Tower,0,0,6,14,20,0,0,36,9,45,0,0,42,23,65,2,14,16,81
11/30/2016,ADM,OK,ASW,CE,Federal Contract Tower,0,0,19,0,19,0,0,43,0,43,0,0,62,0,62,50,0,50,112
12/01/2016,ADM,OK,ASW,CE,Federal Contract Tower,0,0,17,3,20,0,0,29,8,37,0,0,46,11,57,4,16,20,77
12/02/2016,ADM,OK,ASW,CE,Federal Contract Tower,0,0,6,8,14,0,0,12,0,12,0,0,18,8,26,12,0,12,38
12/03/2016,ADM,OK,ASW,CE,Federal Contract Tower,0,0,2,0,2,0,0,0,0,0,0,0,2,0,2,0,0,0,2
12/04/2016,ADM,OK,ASW,CE,Federal Contract Tower,0,0,7,0,7,0,0,2,0,2,0,0,9,0,9,4,0,4,13
12/05/2016,ADM,OK,ASW,CE,Federal Contract Tower,0,0,4,4,8,0,0,4,3,7,0,0,8,7,15,18,10,28,43
12/06/2016,ADM,OK,ASW,CE,Federal Contract Tower,0,0,17,3,20,0,0,35,4,39,0,0,52,7,59,66,4,70,129
12/07/2016,ADM,OK,ASW,CE,Federal Contract Tower,0,0,8,17,25,0,0,29,5,34,0,0,37,22,59,40,10,50,109
12/08/2016,ADM,OK,ASW,CE,Federal Contract Tower,0,0,15,8,23,0,0,41,16,57,0,0,56,24,80,20,66,86,166
12/09/2016,ADM,OK,ASW,CE,Federal Contract Tower,0,0,6,8,14,0,0,46,3,49,0,0,52,11,63,26,30,56,119
12/10/2016,ADM,OK,ASW,CE,Federal Contract Tower,0,0,1,4,5,0,0,12,0,12,0,0,13,4,17,30,0,30,47
12/11/2016,ADM,OK,ASW,CE,Federal Contract Tower,0,0,0,0,0,0,0,2,0,2,0,0,2,0,2,0,0,0,2
12/12/2016,ADM,OK,ASW,CE,Federal Contract Tower,0,0,5,10,15,0,0,35,11,46,0,0,40,21,61,10,46,56,117
12/13/2016,ADM,OK,ASW,CE,Federal Contract Tower,0,0,10,15,25,0,0,30,6,36,0,0,40,21,61,32,26,58,119
12/14/2016,ADM,OK,ASW,CE,Federal Contract Tower,0,0,13,5,18,0,0,15,3,18,0,0,28,8,36,28,24,52,88
12/15/2016,ADM,OK,ASW,CE,Federal Contract Tower,0,0,21,6,27,0,0,2,2,4,0,0,23,8,31,0,4,4,35
12/16/2016,ADM,OK,ASW,CE,Federal Contract Tower,0,0,8,2,10,0,0,0,0,0,0,0,8,2,10,0,0,0,10
12/17/2016,ADM,OK,ASW,CE,Federal Contract Tower,0,0,3,0,3,0,0,0,0,0,0,0,3,0,3,0,0,0,3
12/18/2016,ADM,OK,ASW,CE,Federal Contract Tower,0,0,0,0,0,0,0,16,0,16,0,0,16,0,16,0,0,0,16
12/19/2016,ADM,OK,ASW,CE,Federal Contract Tower,0,0,10,2,12,0,0,40,1,41,0,0,50,3,53,18,2,20,73
12/20/2016,ADM,OK,ASW,CE,Federal Contract Tower,0,0,3,7,10,0,0,75,2,77,0,0,78,9,87,114,0,114,201
12/21/2016,ADM,OK,ASW,CE,Federal Contract Tower,0,0,11,14,25,0,0,53,6,59,0,0,64,20,84,32,0,32,116
12/22/2016,ADM,OK,ASW,CE,Federal Contract Tower,0,0,7,3,10,0,0,57,3,60,0,0,64,6,70,46,12,58,128
12/23/2016,ADM,OK,ASW,CE,Federal Contract Tower,0,0,1,0,1,0,0,0,0,0,0,0,1,0,1,0,0,0,1
12/24/2016,ADM,OK,ASW,CE,Federal Contract Tower,0,0,0,0,0,0,0,0,0,0,0,0,0,0,0,0,0,0,0
12/25/2016,ADM,OK,ASW,CE,Federal Contract Tower,0,0,0,0,0,0,0,0,0,0,0,0,0,0,0,0,0,0,0
12/26/2016,ADM,OK,ASW,CE,Federal Contract Tower,0,0,8,0,8,0,0,7,0,7,0,0,15,0,15,0,0,0,15
12/27/2016,ADM,OK,ASW,CE,Federal Contract Tower,0,0,6,2,8,0,0,78,4,82,0,0,84,6,90,92,0,92,182
12/28/2016,ADM,OK,ASW,CE,Federal Contract Tower,0,0,8,0,8,0,0,25,0,25,0,0,33,0,33,36,0,36,69
12/29/2016,ADM,OK,ASW,CE,Federal Contract Tower,0,0,6,0,6,0,0,36,0,36,0,0,42,0,42,28,0,28,70
12/30/2016,ADM,OK,ASW,CE,Federal Contract Tower,0,0,10,0,10,0,0,47,0,47,0,0,57,0,57,26,0,26,83
12/31/2016,ADM,OK,ASW,CE,Federal Contract Tower,0,0,4,0,4,0,0,7,0,7,0,0,11,0,11,6,0,6,17
01/01/2017,ADM,OK,ASW,CE,Federal Contract Tower,0,0,0,0,0,0,0,2,0,2,0,0,2,0,2,0,0,0,2
01/02/2017,ADM,OK,ASW,CE,Federal Contract Tower,0,0,6,0,6,0,0,22,0,22,0,0,28,0,28,42,0,42,70
01/03/2017,ADM,OK,ASW,CE,Federal Contract Tower,0,0,3,0,3,0,0,1,0,1,0,0,4,0,4,0,0,0,4
01/04/2017,ADM,OK,ASW,CE,Federal Contract Tower,0,0,9,13,22,0,0,45,3,48,0,0,54,16,70,56,0,56,126
01/05/2017,ADM,OK,ASW,CE,Federal Contract Tower,0,0,4,15,19,0,0,19,2,21,0,0,23,17,40,4,0,4,44
01/06/2017,ADM,OK,ASW,CE,Federal Contract Tower,0,0,1,0,1,0,0,0,0,0,0,0,1,0,1,0,0,0,1
01/07/2017,ADM,OK,ASW,CE,Federal Contract Tower,0,0,0,0,0,0,0,20,3,23,0,0,20,3,23,2,28,30,53
01/08/2017,ADM,OK,ASW,CE,Federal Contract Tower,0,0,3,0,3,0,0,5,6,11,0,0,8,6,14,0,0,0,14
01/09/2017,ADM,OK,ASW,CE,Federal Contract Tower,0,0,4,15,19,0,0,23,4,27,0,0,27,19,46,44,4,48,94
01/10/2017,ADM,OK,ASW,CE,Federal Contract Tower,0,0,12,8,20,0,0,13,2,15,0,0,25,10,35,22,0,22,57
01/11/2017,ADM,OK,ASW,CE,Federal Contract Tower,0,0,20,10,30,0,0,13,3,16,0,0,33,13,46,0,6,6,52
01/12/2017,ADM,OK,ASW,CE,Federal Contract Tower,0,0,13,4,17,0,0,5,0,5,0,0,18,4,22,2,0,2,24
01/13/2017,ADM,OK,ASW,CE,Federal Contract Tower,0,0,2,0,2,0,0,0,0,0,0,0,2,0,2,0,0,0,2
01/14/2017,ADM,OK,ASW,CE,Federal Contract Tower,0,0,4,0,4,0,0,0,0,0,0,0,4,0,4,0,0,0,4
01/15/2017,ADM,OK,ASW,CE,Federal Contract Tower,0,0,3,0,3,0,0,0,0,0,0,0,3,0,3,0,0,0,3
01/16/2017,ADM,OK,ASW,CE,Federal Contract Tower,0,0,6,0,6,0,0,19,0,19,0,0,25,0,25,26,0,26,51
01/17/2017,ADM,OK,ASW,CE,Federal Contract Tower,0,0,11,7,18,0,0,32,9,41,0,0,43,16,59,24,6,30,89
01/18/2017,ADM,OK,ASW,CE,Federal Contract Tower,0,0,27,4,31,0,0,0,0,0,0,0,27,4,31,0,0,0,31
01/19/2017,ADM,OK,ASW,CE,Federal Contract Tower,0,0,6,14,20,0,0,15,0,15,0,0,21,14,35,0,0,0,35
01/20/2017,ADM,OK,ASW,CE,Federal Contract Tower,0,0,10,4,14,0,0,54,0,54,0,0,64,4,68,18,0,18,86
01/21/2017,ADM,OK,ASW,CE,Federal Contract Tower,0,0,5,0,5,0,0,18,0,18,0,0,23,0,23,16,0,16,39
01/22/2017,ADM,OK,ASW,CE,Federal Contract Tower,0,0,6,10,16,0,0,0,2,2,0,0,6,12,18,0,4,4,22
01/23/2017,ADM,OK,ASW,CE,Federal Contract Tower,0,0,2,29,31,0,0,47,1,48,0,0,49,30,79,20,2,22,101
01/24/2017,ADM,OK,ASW,CE,Federal Contract Tower,0,0,18,15,33,0,0,17,0,17,0,0,35,15,50,0,0,0,50
01/25/2017,ADM,OK,ASW,CE,Federal Contract Tower,0,0,12,2,14,0,0,57,4,61,0,0,69,6,75,56,20,76,151
01/26/2017,ADM,OK,ASW,CE,Federal Contract Tower,0,0,7,4,11,0,0,68,12,80,0,0,75,16,91,24,10,34,125
01/27/2017,ADM,OK,ASW,CE,Federal Contract Tower,0,0,5,6,11,0,0,44,6,50,0,0,49,12,61,6,28,34,95
01/28/2017,ADM,OK,ASW,CE,Federal Contract Tower,0,0,3,4,7,0,0,24,7,31,0,0,27,11,38,10,6,16,54
01/29/2017,ADM,OK,ASW,CE,Federal Contract Tower,0,0,3,2,5,0,0,13,0,13,0,0,16,2,18,0,0,0,18
01/30/2017,ADM,OK,ASW,CE,Federal Contract Tower,0,0,12,8,20,0,0,49,21,70,0,0,61,29,90,72,10,82,172
01/31/2017,ADM,OK,ASW,CE,Federal Contract Tower,0,0,5,4,9,0,0,50,11,61,0,0,55,15,70,50,4,54,124
02/01/2017,ADM,OK,ASW,CE,Federal Contract Tower,0,0,7,6,13,0,0,48,2,50,0,0,55,8,63,92,12,104,167
02/02/2017,ADM,OK,ASW,CE,Federal Contract Tower,0,0,15,10,25,0,0,4,0,4,0,0,19,10,29,6,0,6,35
02/03/2017,ADM,OK,ASW,CE,Federal Contract Tower,0,0,14,6,20,0,0,21,3,24,0,0,35,9,44,20,12,32,76
02/04/2017,ADM,OK,ASW,CE,Federal Contract Tower,0,0,0,0,0,0,0,18,0,18,0,0,18,0,18,0,0,0,18
02/05/2017,ADM,OK,ASW,CE,Federal Contract Tower,0,0,6,0,6,0,0,2,0,2,0,0,8,0,8,0,0,0,8
02/06/2017,ADM,OK,ASW,CE,Federal Contract Tower,0,0,4,3,7,0,0,6,2,8,0,0,10,5,15,8,0,8,23
02/07/2017,ADM,OK,ASW,CE,Federal Contract Tower,0,0,1,14,15,0,0,35,8,43,0,0,36,22,58,14,0,14,72
02/08/2017,ADM,OK,ASW,CE,Federal Contract Tower,0,0,15,5,20,0,0,53,15,68,0,0,68,20,88,90,40,130,218
02/09/2017,ADM,OK,ASW,CE,Federal Contract Tower,0,0,3,13,16,0,0,76,17,93,0,0,79,30,109,92,54,146,255
02/10/2017,ADM,OK,ASW,CE,Federal Contract Tower,0,0,8,4,12,0,0,16,8,24,0,0,24,12,36,16,30,46,82
02/11/2017,ADM,OK,ASW,CE,Federal Contract Tower,0,0,0,0,0,0,0,14,0,14,0,0,14,0,14,12,0,12,26
02/12/2017,ADM,OK,ASW,CE,Federal Contract Tower,0,0,3,0,3,0,0,8,0,8,0,0,11,0,11,0,0,0,11
02/13/2017,ADM,OK,ASW,CE,Federal Contract Tower,0,0,11,3,14,0,0,16,6,22,0,0,27,9,36,6,14,20,56
02/14/2017,ADM,OK,ASW,CE,Federal Contract Tower,0,0,15,6,21,0,0,2,0,2,0,0,17,6,23,0,0,0,23
02/15/2017,ADM,OK,ASW,CE,Federal Contract Tower,0,0,5,6,11,0,0,39,0,39,0,0,44,6,50,58,0,58,108
02/16/2017,ADM,OK,ASW,CE,Federal Contract Tower,0,0,24,7,31,0,0,30,4,34,0,0,54,11,65,44,12,56,121
02/17/2017,ADM,OK,ASW,CE,Federal Contract Tower,0,0,6,0,6,0,0,32,0,32,0,0,38,0,38,16,0,16,54
02/18/2017,ADM,OK,ASW,CE,Federal Contract Tower,0,0,3,0,3,0,0,4,0,4,0,0,7,0,7,0,0,0,7
02/19/2017,ADM,OK,ASW,CE,Federal Contract Tower,0,0,4,0,4,0,0,0,0,0,0,0,4,0,4,0,0,0,4
02/20/2017,ADM,OK,ASW,CE,Federal Contract Tower,0,0,23,0,23,0,0,4,0,4,0,0,27,0,27,0,0,0,27
02/21/2017,ADM,OK,ASW,CE,Federal Contract Tower,0,0,10,14,24,0,0,54,0,54,0,0,64,14,78,24,0,24,102
02/22/2017,ADM,OK,ASW,CE,Federal Contract Tower,0,0,2,13,15,0,0,39,0,39,0,0,41,13,54,46,6,52,106
02/23/2017,ADM,OK,ASW,CE,Federal Contract Tower,0,0,8,13,21,0,0,35,0,35,0,0,43,13,56,38,2,40,96
02/24/2017,ADM,OK,ASW,CE,Federal Contract Tower,0,0,6,22,28,0,0,36,4,40,0,0,42,26,68,8,40,48,116
02/25/2017,ADM,OK,ASW,CE,Federal Contract Tower,0,0,13,0,13,0,0,28,0,28,0,0,41,0,41,2,0,2,43
02/26/2017,ADM,OK,ASW,CE,Federal Contract Tower,0,0,0,0,0,0,0,9,0,9,0,0,9,0,9,12,0,12,21
02/27/2017,ADM,OK,ASW,CE,Federal Contract Tower,0,0,2,4,6,0,0,0,0,0,0,0,2,4,6,0,0,0,6
02/28/2017,ADM,OK,ASW,CE,Federal Contract Tower,0,0,12,8,20,0,0,4,2,6,0,0,16,10,26,20,0,20,46
03/01/2017,ADM,OK,ASW,CE,Federal Contract Tower,0,0,17,14,31,0,0,41,2,43,0,0,58,16,74,20,24,44,118
03/02/2017,ADM,OK,ASW,CE,Federal Contract Tower,0,0,8,14,22,0,0,69,5,74,0,0,77,19,96,50,0,50,146
03/03/2017,ADM,OK,ASW,CE,Federal Contract Tower,0,0,12,10,22,0,0,47,1,48,0,0,59,11,70,48,4,52,122
03/04/2017,ADM,OK,ASW,CE,Federal Contract Tower,0,0,4,0,4,0,0,17,0,17,0,0,21,0,21,8,0,8,29
03/05/2017,ADM,OK,ASW,CE,Federal Contract Tower,0,0,9,0,9,0,0,0,0,0,0,0,9,0,9,0,0,0,9
03/06/2017,ADM,OK,ASW,CE,Federal Contract Tower,0,0,4,10,14,0,0,3,0,3,0,0,7,10,17,0,0,0,17
03/07/2017,ADM,OK,ASW,CE,Federal Contract Tower,0,0,9,10,19,0,0,43,8,51,0,0,52,18,70,18,22,40,110
03/08/2017,ADM,OK,ASW,CE,Federal Contract Tower,0,0,6,24,30,0,0,32,3,35,0,0,38,27,65,44,0,44,109
03/09/2017,ADM,OK,ASW,CE,Federal Contract Tower,0,0,12,11,23,0,0,16,6,22,0,0,28,17,45,20,46,66,111
03/10/2017,ADM,OK,ASW,CE,Federal Contract Tower,0,0,6,4,10,0,0,5,3,8,0,0,11,7,18,2,4,6,24
03/11/2017,ADM,OK,ASW,CE,Federal Contract Tower,0,0,4,0,4,0,0,0,0,0,0,0,4,0,4,0,0,0,4
03/12/2017,ADM,OK,ASW,CE,Federal Contract Tower,0,0,2,0,2,0,0,0,0,0,0,0,2,0,2,0,0,0,2
03/13/2017,ADM,OK,ASW,CE,Federal Contract Tower,0,0,1,5,6,0,0,29,6,35,0,0,30,11,41,2,4,6,47
03/14/2017,ADM,OK,ASW,CE,Federal Contract Tower,0,0,7,9,16,0,0,47,6,53,0,0,54,15,69,26,66,92,161
03/15/2017,ADM,OK,ASW,CE,Federal Contract Tower,0,0,2,8,10,0,0,35,3,38,0,0,37,11,48,22,4,26,74
03/16/2017,ADM,OK,ASW,CE,Federal Contract Tower,0,0,12,12,24,0,0,1,0,1,0,0,13,12,25,6,0,6,31
03/17/2017,ADM,OK,ASW,CE,Federal Contract Tower,0,0,9,12,21,0,0,12,2,14,0,0,21,14,35,14,2,16,51
03/18/2017,ADM,OK,ASW,CE,Federal Contract Tower,0,0,8,0,8,0,0,2,0,2,0,0,10,0,10,8,0,8,18
03/19/2017,ADM,OK,ASW,CE,Federal Contract Tower,0,0,6,0,6,0,0,13,0,13,0,0,19,0,19,0,0,0,19
03/20/2017,ADM,OK,ASW,CE,Federal Contract Tower,0,0,6,10,16,0,0,32,0,32,0,0,38,10,48,28,12,40,88
03/21/2017,ADM,OK,ASW,CE,Federal Contract Tower,0,0,8,11,19,0,0,62,0,62,0,0,70,11,81,18,12,30,111
03/22/2017,ADM,OK,ASW,CE,Federal Contract Tower,0,0,13,14,27,0,0,8,3,11,0,0,21,17,38,12,0,12,50
03/23/2017,ADM,OK,ASW,CE,Federal Contract Tower,0,0,10,0,10,0,0,10,2,12,0,0,20,2,22,2,0,2,24
03/24/2017,ADM,OK,ASW,CE,Federal Contract Tower,0,0,7,3,10,0,0,15,6,21,0,0,22,9,31,0,12,12,43
03/25/2017,ADM,OK,ASW,CE,Federal Contract Tower,0,0,12,0,12,0,0,9,0,9,0,0,21,0,21,4,0,4,25
03/26/2017,ADM,OK,ASW,CE,Federal Contract Tower,0,0,4,0,4,0,0,16,0,16,0,0,20,0,20,10,0,10,30
03/27/2017,ADM,OK,ASW,CE,Federal Contract Tower,0,0,9,15,24,0,0,21,0,21,0,0,30,15,45,44,0,44,89
03/28/2017,ADM,OK,ASW,CE,Federal Contract Tower,0,0,4,6,10,0,0,4,2,6,0,0,8,8,16,0,4,4,20
03/29/2017,ADM,OK,ASW,CE,Federal Contract Tower,0,0,12,10,22,0,0,11,2,13,0,0,23,12,35,6,16,22,57
03/30/2017,ADM,OK,ASW,CE,Federal Contract Tower,0,0,12,13,25,0,0,22,1,23,0,0,34,14,48,54,0,54,102
03/31/2017,ADM,OK,ASW,CE,Federal Contract Tower,0,0,17,7,24,0,0,61,2,63,0,0,78,9,87,6,0,6,93
04/01/2017,ADM,OK,ASW,CE,Federal Contract Tower,0,0,0,0,0,0,0,12,0,12,0,0,12,0,12,0,0,0,12
04/02/2017,ADM,OK,ASW,CE,Federal Contract Tower,0,0,1,0,1,0,0,0,0,0,0,0,1,0,1,0,0,0,1
04/03/2017,ADM,OK,ASW,CE,Federal Contract Tower,0,0,10,9,19,0,0,37,3,40,0,0,47,12,59,8,14,22,81
04/04/2017,ADM,OK,ASW,CE,Federal Contract Tower,0,0,6,6,12,0,0,18,0,18,0,0,24,6,30,0,0,0,30
04/05/2017,ADM,OK,ASW,CE,Federal Contract Tower,0,1,9,15,25,0,0,21,13,34,0,1,30,28,59,16,8,24,83
04/06/2017,ADM,OK,ASW,CE,Federal Contract Tower,0,0,5,9,14,0,0,72,1,73,0,0,77,10,87,28,8,36,123
04/07/2017,ADM,OK,ASW,CE,Federal Contract Tower,0,0,16,7,23,0,0,43,1,44,0,0,59,8,67,26,20,46,113
04/08/2017,ADM,OK,ASW,CE,Federal Contract Tower,0,0,3,4,7,0,0,20,0,20,0,0,23,4,27,14,20,34,61
04/09/2017,ADM,OK,ASW,CE,Federal Contract Tower,0,0,6,0,6,0,0,1,0,1,0,0,7,0,7,0,0,0,7
04/10/2017,ADM,OK,ASW,CE,Federal Contract Tower,0,0,10,0,10,0,0,14,2,16,0,0,24,2,26,38,0,38,64
04/11/2017,ADM,OK,ASW,CE,Federal Contract Tower,0,0,9,14,23,0,0,51,16,67,0,0,60,30,90,16,26,42,132
04/12/2017,ADM,OK,ASW,CE,Federal Contract Tower,0,0,24,4,28,0,0,16,0,16,0,0,40,4,44,0,0,0,44
04/13/2017,ADM,OK,ASW,CE,Federal Contract Tower,0,0,14,0,14,0,0,13,0,13,0,0,27,0,27,10,0,10,37
04/14/2017,ADM,OK,ASW,CE,Federal Contract Tower,0,0,12,1,13,0,0,30,0,30,0,0,42,1,43,12,6,18,61
04/15/2017,ADM,OK,ASW,CE,Federal Contract Tower,0,0,4,0,4,0,0,10,0,10,0,0,14,0,14,0,0,0,14
04/16/2017,ADM,OK,ASW,CE,Federal Contract Tower,0,0,0,0,0,0,0,0,0,0,0,0,0,0,0,0,0,0,0
04/17/2017,ADM,OK,ASW,CE,Federal Contract Tower,0,0,2,0,2,0,0,1,0,1,0,0,3,0,3,0,0,0,3
04/18/2017,ADM,OK,ASW,CE,Federal Contract Tower,0,0,15,0,15,0,0,28,0,28,0,0,43,0,43,32,0,32,75
04/19/2017,ADM,OK,ASW,CE,Federal Contract Tower,0,0,19,0,19,0,0,25,0,25,0,0,44,0,44,56,0,56,100
04/20/2017,ADM,OK,ASW,CE,Federal Contract Tower,0,0,11,4,15,0,0,8,0,8,0,0,19,4,23,0,0,0,23
04/21/2017,ADM,OK,ASW,CE,Federal Contract Tower,0,0,7,2,9,0,0,3,0,3,0,0,10,2,12,12,0,12,24
04/22/2017,ADM,OK,ASW,CE,Federal Contract Tower,0,0,5,0,5,0,0,1,0,1,0,0,6,0,6,0,0,0,6
04/23/2017,ADM,OK,ASW,CE,Federal Contract Tower,0,0,3,6,9,0,0,29,0,29,0,0,32,6,38,2,0,2,40
04/24/2017,ADM,OK,ASW,CE,Federal Contract Tower,0,0,0,5,5,0,0,37,0,37,0,0,37,5,42,38,0,38,80
04/25/2017,ADM,OK,ASW,CE,Federal Contract Tower,0,0,9,2,11,0,0,24,2,26,0,0,33,4,37,2,0,2,39
04/26/2017,ADM,OK,ASW,CE,Federal Contract Tower,0,0,14,11,25,0,0,5,5,10,0,0,19,16,35,0,12,12,47
04/27/2017,ADM,OK,ASW,CE,Federal Contract Tower,0,0,11,6,17,0,0,32,3,35,0,0,43,9,52,30,10,40,92
04/28/2017,ADM,OK,ASW,CE,Federal Contract Tower,0,0,14,3,17,0,0,10,1,11,0,0,24,4,28,14,0,14,42
04/29/2017,ADM,OK,ASW,CE,Federal Contract Tower,0,0,2,2,4,0,0,0,0,0,0,0,2,2,4,0,0,0,4
04/30/2017,ADM,OK,ASW,CE,Federal Contract Tower,0,0,1,3,4,0,0,3,3,6,0,0,4,6,10,0,22,22,32
05/01/2017,ADM,OK,ASW,CE,Federal Contract Tower,0,0,2,0,2,0,0,30,4,34,0,0,32,4,36,10,0,10,46
05/02/2017,ADM,OK,ASW,CE,Federal Contract Tower,0,0,19,0,19,0,0,41,4,45,0,0,60,4,64,32,2,34,98
05/03/2017,ADM,OK,ASW,CE,Federal Contract Tower,0,0,6,9,15,0,0,10,3,13,0,0,16,12,28,0,6,6,34
05/04/2017,ADM,OK,ASW,CE,Federal Contract Tower,0,0,7,0,7,0,0,29,2,31,0,0,36,2,38,14,2,16,54
05/05/2017,ADM,OK,ASW,CE,Federal Contract Tower,0,0,4,19,23,0,0,51,8,59,0,0,55,27,82,18,44,62,144
05/06/2017,ADM,OK,ASW,CE,Federal Contract Tower,0,0,9,2,11,0,0,21,0,21,0,0,30,2,32,0,0,0,32
05/07/2017,ADM,OK,ASW,CE,Federal Contract Tower,0,0,7,0,7,0,0,28,0,28,0,0,35,0,35,0,0,0,35
05/08/2017,ADM,OK,ASW,CE,Federal Contract Tower,0,1,5,15,21,0,0,44,5,49,0,1,49,20,70,46,14,60,130
05/09/2017,ADM,OK,ASW,CE,Federal Contract Tower,0,0,9,0,9,0,1,32,3,36,0,1,41,3,45,46,4,50,95
05/10/2017,ADM,OK,ASW,CE,Federal Contract Tower,0,0,3,8,11,0,0,1,0,1,0,0,4,8,12,0,16,16,28
05/11/2017,ADM,OK,ASW,CE,Federal Contract Tower,0,0,4,2,6,0,0,16,2,18,0,0,20,4,24,0,20,20,44
05/12/2017,ADM,OK,ASW,CE,Federal Contract Tower,0,0,8,0,8,0,0,16,0,16,0,0,24,0,24,18,0,18,42
05/13/2017,ADM,OK,ASW,CE,Federal Contract Tower,0,0,8,0,8,0,0,55,0,55,0,0,63,0,63,4,0,4,67
05/14/2017,ADM,OK,ASW,CE,Federal Contract Tower,0,0,0,0,0,0,0,12,0,12,0,0,12,0,12,2,0,2,14
05/15/2017,ADM,OK,ASW,CE,Federal Contract Tower,0,0,12,0,12,0,0,28,0,28,0,0,40,0,40,14,0,14,54
05/16/2017,ADM,OK,ASW,CE,Federal Contract Tower,0,0,10,11,21,0,0,10,3,13,0,0,20,14,34,4,4,8,42
05/17/2017,ADM,OK,ASW,CE,Federal Contract Tower,0,0,11,0,11,0,0,25,4,29,0,0,36,4,40,16,10,26,66
05/18/2017,ADM,OK,ASW,CE,Federal Contract Tower,0,0,9,6,15,0,0,9,12,21,0,0,18,18,36,20,28,48,84
05/19/2017,ADM,OK,ASW,CE,Federal Contract Tower,0,0,1,0,1,0,0,1,0,1,0,0,2,0,2,0,0,0,2
05/20/2017,ADM,OK,ASW,CE,Federal Contract Tower,0,2,1,0,3,0,0,7,0,7,0,2,8,0,10,6,0,6,16
05/21/2017,ADM,OK,ASW,CE,Federal Contract Tower,0,0,2,0,2,0,0,41,0,41,0,0,43,0,43,0,0,0,43
05/22/2017,ADM,OK,ASW,CE,Federal Contract Tower,0,0,4,13,17,0,0,30,8,38,0,0,34,21,55,6,12,18,73
05/23/2017,ADM,OK,ASW,CE,Federal Contract Tower,0,0,18,8,26,0,0,5,2,7,0,0,23,10,33,0,10,10,43
05/24/2017,ADM,OK,ASW,CE,Federal Contract Tower,0,0,7,12,19,0,0,41,16,57,0,0,48,28,76,64,30,94,170
05/25/2017,ADM,OK,ASW,CE,Federal Contract Tower,0,0,16,5,21,0,0,26,9,35,0,0,42,14,56,16,28,44,100
05/26/2017,ADM,OK,ASW,CE,Federal Contract Tower,0,0,10,0,10,0,0,31,0,31,0,0,41,0,41,0,0,0,41
05/27/2017,ADM,OK,ASW,CE,Federal Contract Tower,0,0,5,0,5,0,0,3,0,3,0,0,8,0,8,2,0,2,10
05/28/2017,ADM,OK,ASW,CE,Federal Contract Tower,0,0,3,0,3,0,0,12,0,12,0,0,15,0,15,0,0,0,15
05/29/2017,ADM,OK,ASW,CE,Federal Contract Tower,0,0,2,0,2,0,0,58,0,58,0,0,60,0,60,12,0,12,72
05/30/2017,ADM,OK,ASW,CE,Federal Contract Tower,0,0,12,11,23,0,0,42,2,44,0,0,54,13,67,22,4,26,93
05/31/2017,ADM,OK,ASW,CE,Federal Contract Tower,0,0,9,8,17,0,0,55,3,58,0,0,64,11,75,58,4,62,137
06/01/2017,ADM,OK,ASW,CE,Federal Contract Tower,0,0,13,4,17,0,0,15,1,16,0,0,28,5,33,4,8,12,45
06/02/2017,ADM,OK,ASW,CE,Federal Contract Tower,0,0,4,0,4,0,0,0,0,0,0,0,4,0,4,0,0,0,4
06/04/2017,ADM,OK,ASW,CE,Federal Contract Tower,0,0,13,0,13,0,0,1,0,1,0,0,14,0,14,0,0,0,14
06/05/2017,ADM,OK,ASW,CE,Federal Contract Tower,0,0,4,1,5,0,0,2,2,4,0,0,6,3,9,0,0,0,9
06/06/2017,ADM,OK,ASW,CE,Federal Contract Tower,0,0,11,13,24,0,0,60,3,63,0,0,71,16,87,26,2,28,115
06/07/2017,ADM,OK,ASW,CE,Federal Contract Tower,0,0,16,13,29,0,0,34,6,40,0,0,50,19,69,44,8,52,121
06/08/2017,ADM,OK,ASW,CE,Federal Contract Tower,0,0,6,2,8,0,0,45,15,60,0,0,51,17,68,2,14,16,84
06/09/2017,ADM,OK,ASW,CE,Federal Contract Tower,0,0,18,4,22,0,0,21,4,25,0,0,39,8,47,10,0,10,57
06/10/2017,ADM,OK,ASW,CE,Federal Contract Tower,0,0,4,0,4,0,0,16,0,16,0,0,20,0,20,4,0,4,24
06/11/2017,ADM,OK,ASW,CE,Federal Contract Tower,0,0,7,1,8,0,0,8,0,8,0,0,15,1,16,0,0,0,16
06/12/2017,ADM,OK,ASW,CE,Federal Contract Tower,0,0,6,3,9,0,0,13,3,16,0,0,19,6,25,0,10,10,35
06/13/2017,ADM,OK,ASW,CE,Federal Contract Tower,0,0,3,9,12,0,0,19,4,23,0,0,22,13,35,0,4,4,39
06/14/2017,ADM,OK,ASW,CE,Federal Contract Tower,0,0,8,3,11,0,0,7,3,10,0,0,15,6,21,8,0,8,29
06/15/2017,ADM,OK,ASW,CE,Federal Contract Tower,0,0,18,8,26,0,0,35,10,45,0,0,53,18,71,6,0,6,77
06/16/2017,ADM,OK,ASW,CE,Federal Contract Tower,0,0,5,10,15,0,0,0,0,0,0,0,5,10,15,8,0,8,23
06/17/2017,ADM,OK,ASW,CE,Federal Contract Tower,0,0,5,0,5,0,0,7,0,7,0,0,12,0,12,0,0,0,12
06/18/2017,ADM,OK,ASW,CE,Federal Contract Tower,0,2,5,4,11,0,0,2,0,2,0,2,7,4,13,0,0,0,13
06/19/2017,ADM,OK,ASW,CE,Federal Contract Tower,0,0,16,2,18,0,0,12,0,12,0,0,28,2,30,0,0,0,30
06/20/2017,ADM,OK,ASW,CE,Federal Contract Tower,0,0,6,7,13,0,0,34,5,39,0,0,40,12,52,20,2,22,74
06/21/2017,ADM,OK,ASW,CE,Federal Contract Tower,0,0,15,9,24,0,0,48,5,53,0,0,63,14,77,30,0,30,107
06/22/2017,ADM,OK,ASW,CE,Federal Contract Tower,0,0,15,7,22,0,0,22,5,27,0,0,37,12,49,22,18,40,89
06/23/2017,ADM,OK,ASW,CE,Federal Contract Tower,0,0,6,6,12,0,0,0,0,0,0,0,6,6,12,6,22,28,40
06/24/2017,ADM,OK,ASW,CE,Federal Contract Tower,0,0,4,0,4,0,0,4,0,4,0,0,8,0,8,0,0,0,8
06/25/2017,ADM,OK,ASW,CE,Federal Contract Tower,0,2,0,0,2,0,0,0,0,0,0,2,0,0,2,0,4,4,6
06/26/2017,ADM,OK,ASW,CE,Federal Contract Tower,0,0,10,4,14,0,0,45,8,53,0,0,55,12,67,92,2,94,161
06/27/2017,ADM,OK,ASW,CE,Federal Contract Tower,0,0,11,2,13,0,0,38,2,40,0,0,49,4,53,20,0,20,73
06/28/2017,ADM,OK,ASW,CE,Federal Contract Tower,0,0,17,2,19,0,0,19,2,21,0,0,36,4,40,10,0,10,50
06/29/2017,ADM,OK,ASW,CE,Federal Contract Tower,0,0,16,19,35,0,0,17,5,22,0,0,33,24,57,18,16,34,91
06/30/2017,ADM,OK,ASW,CE,Federal Contract Tower,0,0,13,11,24,0,0,8,1,9,0,0,21,12,33,0,16,16,49
07/01/2017,ADM,OK,ASW,CE,Federal Contract Tower,0,0,7,0,7,0,0,9,0,9,0,0,16,0,16,6,0,6,22
07/02/2017,ADM,OK,ASW,CE,Federal Contract Tower,0,0,4,4,8,0,0,8,0,8,0,0,12,4,16,6,0,6,22
07/03/2017,ADM,OK,ASW,CE,Federal Contract Tower,0,0,6,0,6,0,0,3,0,3,0,0,9,0,9,0,0,0,9
07/04/2017,ADM,OK,ASW,CE,Federal Contract Tower,0,0,3,0,3,0,0,3,0,3,0,0,6,0,6,0,0,0,6
07/05/2017,ADM,OK,ASW,CE,Federal Contract Tower,0,0,6,8,14,0,0,13,2,15,0,0,19,10,29,2,0,2,31
07/06/2017,ADM,OK,ASW,CE,Federal Contract Tower,0,0,7,17,24,0,0,29,2,31,0,0,36,19,55,2,4,6,61
07/07/2017,ADM,OK,ASW,CE,Federal Contract Tower,0,0,8,0,8,0,0,34,3,37,0,0,42,3,45,6,0,6,51
07/08/2017,ADM,OK,ASW,CE,Federal Contract Tower,0,0,4,0,4,0,0,8,3,11,0,0,12,3,15,4,0,4,19
07/09/2017,ADM,OK,ASW,CE,Federal Contract Tower,0,0,0,0,0,0,0,1,0,1,0,0,1,0,1,0,0,0,1
07/10/2017,ADM,OK,ASW,CE,Federal Contract Tower,0,0,8,26,34,0,0,36,3,39,0,0,44,29,73,46,24,70,143
07/11/2017,ADM,OK,ASW,CE,Federal Contract Tower,0,0,19,5,24,0,0,53,12,65,0,0,72,17,89,10,4,14,103
07/12/2017,ADM,OK,ASW,CE,Federal Contract Tower,0,0,14,6,20,0,0,44,2,46,0,0,58,8,66,40,0,40,106
07/13/2017,ADM,OK,ASW,CE,Federal Contract Tower,0,0,13,8,21,0,0,55,0,55,0,0,68,8,76,58,0,58,134
07/14/2017,ADM,OK,ASW,CE,Federal Contract Tower,0,1,7,4,12,0,1,42,7,50,0,2,49,11,62,6,0,6,68
07/15/2017,ADM,OK,ASW,CE,Federal Contract Tower,0,0,0,0,0,0,0,4,0,4,0,0,4,0,4,0,0,0,4
07/16/2017,ADM,OK,ASW,CE,Federal Contract Tower,0,0,0,0,0,0,0,4,0,4,0,0,4,0,4,0,0,0,4
07/17/2017,ADM,OK,ASW,CE,Federal Contract Tower,0,0,10,7,17,0,0,33,1,34,0,0,43,8,51,22,0,22,73
07/18/2017,ADM,OK,ASW,CE,Federal Contract Tower,0,0,4,8,12,0,0,1,39,40,0,0,5,47,52,22,0,22,74
07/19/2017,ADM,OK,ASW,CE,Federal Contract Tower,0,0,12,0,12,0,0,29,0,29,0,0,41,0,41,4,0,4,45
07/20/2017,ADM,OK,ASW,CE,Federal Contract Tower,0,0,6,3,9,0,0,39,2,41,0,0,45,5,50,4,0,4,54
07/21/2017,ADM,OK,ASW,CE,Federal Contract Tower,0,1,12,4,17,0,0,43,2,45,0,1,55,6,62,16,0,16,78
07/22/2017,ADM,OK,ASW,CE,Federal Contract Tower,0,0,3,0,3,0,0,11,0,11,0,0,14,0,14,0,0,0,14
07/23/2017,ADM,OK,ASW,CE,Federal Contract Tower,0,0,0,0,0,0,0,4,0,4,0,0,4,0,4,0,0,0,4
07/24/2017,ADM,OK,ASW,CE,Federal Contract Tower,0,4,4,6,14,0,0,16,6,22,0,4,20,12,36,0,0,0,36
07/25/2017,ADM,OK,ASW,CE,Federal Contract Tower,0,0,6,2,8,0,0,37,14,51,0,0,43,16,59,12,4,16,75
07/26/2017,ADM,OK,ASW,CE,Federal Contract Tower,0,1,13,8,22,0,4,29,5,38,0,5,42,13,60,10,4,14,74
07/27/2017,ADM,OK,ASW,CE,Federal Contract Tower,0,2,18,17,37,0,0,46,18,64,0,2,64,35,101,8,42,50,151
07/28/2017,ADM,OK,ASW,CE,Federal Contract Tower,0,0,6,10,16,0,0,38,8,46,0,0,44,18,62,10,24,34,96
07/29/2017,ADM,OK,ASW,CE,Federal Contract Tower,0,0,0,0,0,0,0,24,0,24,0,0,24,0,24,2,0,2,26
07/30/2017,ADM,OK,ASW,CE,Federal Contract Tower,0,0,1,0,1,0,0,9,0,9,0,0,10,0,10,2,0,2,12
07/31/2017,ADM,OK,ASW,CE,Federal Contract Tower,0,0,9,0,9,0,0,52,3,55,0,0,61,3,64,28,6,34,98
08/01/2017,ADM,OK,ASW,CE,Federal Contract Tower,0,0,9,4,13,0,2,29,2,33,0,2,38,6,46,18,2,20,66
08/02/2017,ADM,OK,ASW,CE,Federal Contract Tower,0,0,22,7,29,0,0,22,4,26,0,0,44,11,55,48,2,50,105
08/03/2017,ADM,OK,ASW,CE,Federal Contract Tower,0,0,7,5,12,0,2,51,19,72,0,2,58,24,84,30,34,64,148
08/04/2017,ADM,OK,ASW,CE,Federal Contract Tower,0,2,11,0,13,0,0,27,11,38,0,2,38,11,51,112,22,134,185
08/05/2017,ADM,OK,ASW,CE,Federal Contract Tower,0,0,3,0,3,0,0,12,0,12,0,0,15,0,15,0,0,0,15
08/06/2017,ADM,OK,ASW,CE,Federal Contract Tower,0,1,3,0,4,0,0,5,0,5,0,1,8,0,9,0,0,0,9
08/07/2017,ADM,OK,ASW,CE,Federal Contract Tower,0,1,7,0,8,0,0,25,2,27,0,1,32,2,35,40,0,40,75
08/08/2017,ADM,OK,ASW,CE,Federal Contract Tower,0,0,23,7,30,0,1,27,5,33,0,1,50,12,63,26,6,32,95
08/09/2017,ADM,OK,ASW,CE,Federal Contract Tower,0,1,7,9,17,0,0,23,25,48,0,1,30,34,65,14,10,24,89
08/10/2017,ADM,OK,ASW,CE,Federal Contract Tower,0,0,14,10,24,0,2,7,6,15,0,2,21,16,39,0,0,0,39
08/11/2017,ADM,OK,ASW,CE,Federal Contract Tower,0,0,1,8,9,0,0,19,5,24,0,0,20,13,33,2,0,2,35
08/12/2017,ADM,OK,ASW,CE,Federal Contract Tower,0,0,2,0,2,0,0,8,0,8,0,0,10,0,10,0,0,0,10
08/13/2017,ADM,OK,ASW,CE,Federal Contract Tower,0,1,4,0,5,0,0,8,0,8,0,1,12,0,13,4,0,4,17
08/14/2017,ADM,OK,ASW,CE,Federal Contract Tower,0,2,4,3,9,0,0,6,2,8,0,2,10,5,17,0,2,2,19
08/15/2017,ADM,OK,ASW,CE,Federal Contract Tower,0,2,9,10,21,0,0,25,6,31,0,2,34,16,52,12,0,12,64
08/16/2017,ADM,OK,ASW,CE,Federal Contract Tower,0,0,6,10,16,0,0,7,7,14,0,0,13,17,30,0,0,0,30
08/17/2017,ADM,OK,ASW,CE,Federal Contract Tower,0,0,13,6,19,0,2,29,12,43,0,2,42,18,62,30,10,40,102
08/18/2017,ADM,OK,ASW,CE,Federal Contract Tower,0,0,5,6,11,0,2,25,14,41,0,2,30,20,52,26,6,32,84
08/19/2017,ADM,OK,ASW,CE,Federal Contract Tower,0,1,1,0,2,0,0,31,0,31,0,1,32,0,33,4,0,4,37
08/20/2017,ADM,OK,ASW,CE,Federal Contract Tower,0,0,3,3,6,0,0,24,1,25,0,0,27,4,31,6,0,6,37
08/21/2017,ADM,OK,ASW,CE,Federal Contract Tower,0,0,14,0,14,0,0,43,0,43,0,0,57,0,57,22,0,22,79
08/22/2017,ADM,OK,ASW,CE,Federal Contract Tower,0,0,12,2,14,0,0,18,6,24,0,0,30,8,38,12,20,32,70
08/23/2017,ADM,OK,ASW,CE,Federal Contract Tower,0,2,18,6,26,0,0,11,0,11,0,2,29,6,37,26,0,26,63
08/24/2017,ADM,OK,ASW,CE,Federal Contract Tower,0,1,9,2,12,0,3,4,0,7,0,4,13,2,19,0,0,0,19
08/25/2017,ADM,OK,ASW,CE,Federal Contract Tower,0,0,6,5,11,0,0,14,0,14,0,0,20,5,25,36,0,36,61
08/26/2017,ADM,OK,ASW,CE,Federal Contract Tower,0,2,4,0,6,0,0,12,0,12,0,2,16,0,18,14,0,14,32
08/27/2017,ADM,OK,ASW,CE,Federal Contract Tower,0,0,2,2,4,0,0,6,2,8,0,0,8,4,12,6,0,6,18
08/28/2017,ADM,OK,ASW,CE,Federal Contract Tower,0,1,17,23,41,0,0,11,12,23,0,1,28,35,64,6,6,12,76
08/29/2017,ADM,OK,ASW,CE,Federal Contract Tower,0,2,17,14,33,0,0,62,11,73,0,2,79,25,106,18,8,26,132
08/30/2017,ADM,OK,ASW,CE,Federal Contract Tower,0,1,20,18,39,0,0,35,1,36,0,1,55,19,75,68,0,68,143
08/31/2017,ADM,OK,ASW,CE,Federal Contract Tower,0,1,8,9,18,0,0,33,0,33,0,1,41,9,51,10,8,18,69
09/01/2017,ADM,OK,ASW,CE,Federal Contract Tower,0,0,5,0,5,0,2,33,0,35,0,2,38,0,40,6,0,6,46
09/02/2017,ADM,OK,ASW,CE,Federal Contract Tower,0,0,2,0,2,0,0,12,0,12,0,0,14,0,14,4,0,4,18
09/03/2017,ADM,OK,ASW,CE,Federal Contract Tower,0,0,4,0,4,0,0,12,0,12,0,0,16,0,16,6,0,6,22
09/04/2017,ADM,OK,ASW,CE,Federal Contract Tower,0,0,1,0,1,0,0,9,0,9,0,0,10,0,10,18,0,18,28
09/05/2017,ADM,OK,ASW,CE,Federal Contract Tower,0,0,4,12,16,0,1,19,0,20,0,1,23,12,36,8,0,8,44
09/06/2017,ADM,OK,ASW,CE,Federal Contract Tower,0,0,7,18,25,0,0,53,16,69,0,0,60,34,94,56,48,104,198
09/07/2017,ADM,OK,ASW,CE,Federal Contract Tower,0,0,5,24,29,0,1,35,1,37,0,1,40,25,66,44,4,48,114
09/08/2017,ADM,OK,ASW,CE,Federal Contract Tower,0,1,11,6,18,0,1,33,2,36,0,2,44,8,54,0,12,12,66
09/09/2017,ADM,OK,ASW,CE,Federal Contract Tower,0,0,2,0,2,0,0,26,0,26,0,0,28,0,28,2,0,2,30
09/10/2017,ADM,OK,ASW,CE,Federal Contract Tower,0,0,0,4,4,0,0,18,0,18,0,0,18,4,22,12,0,12,34
09/11/2017,ADM,OK,ASW,CE,Federal Contract Tower,0,0,5,10,15,0,0,10,2,12,0,0,15,12,27,18,0,18,45
09/12/2017,ADM,OK,ASW,CE,Federal Contract Tower,0,0,11,4,15,0,1,26,8,35,0,1,37,12,50,76,30,106,156
09/13/2017,ADM,OK,ASW,CE,Federal Contract Tower,0,1,8,4,13,0,0,43,4,47,0,1,51,8,60,86,2,88,148
09/14/2017,ADM,OK,ASW,CE,Federal Contract Tower,0,0,7,17,24,0,2,36,12,50,0,2,43,29,74,32,40,72,146
09/15/2017,ADM,OK,ASW,CE,Federal Contract Tower,0,0,8,13,21,0,0,33,10,43,0,0,41,23,64,10,10,20,84
09/16/2017,ADM,OK,ASW,CE,Federal Contract Tower,0,0,0,0,0,0,0,13,0,13,0,0,13,0,13,4,0,4,17
09/17/2017,ADM,OK,ASW,CE,Federal Contract Tower,0,2,2,10,14,0,0,15,6,21,0,2,17,16,35,12,0,12,47
09/18/2017,ADM,OK,ASW,CE,Federal Contract Tower,0,0,1,0,1,0,0,8,7,15,0,0,9,7,16,4,0,4,20
10/12/2017,ADM,OK,ASW,CE,Federal Contract Tower,0,0,2,0,2,0,1,11,0,12,0,1,13,0,14,6,0,6,20
10/13/2017,ADM,OK,ASW,CE,Federal Contract Tower,0,0,4,0,4,0,0,27,2,29,0,0,31,2,33,16,0,16,49
10/14/2017,ADM,OK,ASW,CE,Federal Contract Tower,0,0,0,3,3,0,0,17,2,19,0,0,17,5,22,0,8,8,30
10/15/2017,ADM,OK,ASW,CE,Federal Contract Tower,0,0,4,2,6,0,0,7,1,8,0,0,11,3,14,0,2,2,16
10/16/2017,ADM,OK,ASW,CE,Federal Contract Tower,0,2,5,4,11,0,0,26,2,28,0,2,31,6,39,12,0,12,51
10/17/2017,ADM,OK,ASW,CE,Federal Contract Tower,0,0,2,3,5,0,1,9,7,17,0,1,11,10,22,0,0,0,22
10/18/2017,ADM,OK,ASW,CE,Federal Contract Tower,0,0,15,8,23,0,0,33,2,35,0,0,48,10,58,0,0,0,58
10/19/2017,ADM,OK,ASW,CE,Federal Contract Tower,0,4,11,12,27,0,2,35,8,45,0,6,46,20,72,12,6,18,90
10/20/2017,ADM,OK,ASW,CE,Federal Contract Tower,0,0,15,18,33,0,0,10,17,27,0,0,25,35,60,16,6,22,82
10/22/2017,ADM,OK,ASW,CE,Federal Contract Tower,0,0,6,2,8,0,0,7,0,7,0,0,13,2,15,2,6,8,23
10/24/2017,ADM,OK,ASW,CE,Federal Contract Tower,0,0,15,6,21,0,2,12,0,14,0,2,27,6,35,4,0,4,39
10/25/2017,ADM,OK,ASW,CE,Federal Contract Tower,0,0,6,21,27,0,0,30,0,30,0,0,36,21,57,34,0,34,91
10/26/2017,ADM,OK,ASW,CE,Federal Contract Tower,0,1,7,28,36,0,1,19,1,21,0,2,26,29,57,10,0,10,67
10/27/2017,ADM,OK,ASW,CE,Federal Contract Tower,0,0,2,16,18,0,0,18,2,20,0,0,20,18,38,6,0,6,44
10/28/2017,ADM,OK,ASW,CE,Federal Contract Tower,0,0,1,0,1,0,0,28,0,28,0,0,29,0,29,26,0,26,55
10/29/2017,ADM,OK,ASW,CE,Federal Contract Tower,0,0,2,0,2,0,0,19,0,19,0,0,21,0,21,8,0,8,29
10/30/2017,ADM,OK,ASW,CE,Federal Contract Tower,0,0,6,5,11,0,0,31,2,33,0,0,37,7,44,2,6,8,52
10/31/2017,ADM,OK,ASW,CE,Federal Contract Tower,2,2,4,12,20,0,0,15,9,24,2,2,19,21,44,14,8,22,66
11/01/2017,ADM,OK,ASW,CE,Federal Contract Tower,0,0,11,10,21,0,0,14,8,22,0,0,25,18,43,30,12,42,85
11/02/2017,ADM,OK,ASW,CE,Federal Contract Tower,0,0,5,15,20,0,0,13,9,22,0,0,18,24,42,0,0,0,42
11/03/2017,ADM,OK,ASW,CE,Federal Contract Tower,0,0,8,7,15,0,0,9,2,11,0,0,17,9,26,0,4,4,30
11/04/2017,ADM,OK,ASW,CE,Federal Contract Tower,0,1,1,1,3,0,0,5,0,5,0,1,6,1,8,4,0,4,12
11/05/2017,ADM,OK,ASW,CE,Federal Contract Tower,0,0,11,4,15,0,0,26,2,28,0,0,37,6,43,2,14,16,59
11/06/2017,ADM,OK,ASW,CE,Federal Contract Tower,0,0,6,6,12,0,0,0,0,0,0,0,6,6,12,0,0,0,12
11/07/2017,ADM,OK,ASW,CE,Federal Contract Tower,0,0,10,2,12,0,0,5,0,5,0,0,15,2,17,0,0,0,17
11/08/2017,ADM,OK,ASW,CE,Federal Contract Tower,0,0,17,3,20,0,0,2,0,2,0,0,19,3,22,2,10,12,34
11/09/2017,ADM,OK,ASW,CE,Federal Contract Tower,0,0,13,9,22,0,0,43,13,56,0,0,56,22,78,16,22,38,116
11/10/2017,ADM,OK,ASW,CE,Federal Contract Tower,0,2,11,0,13,0,0,27,0,27,0,2,38,0,40,6,0,6,46
11/11/2017,ADM,OK,ASW,CE,Federal Contract Tower,0,3,3,0,6,0,0,5,0,5,0,3,8,0,11,4,0,4,15
11/12/2017,ADM,OK,ASW,CE,Federal Contract Tower,0,0,6,0,6,0,0,0,0,0,0,0,6,0,6,0,0,0,6
11/13/2017,ADM,OK,ASW,CE,Federal Contract Tower,0,0,14,7,21,0,0,2,0,2,0,0,16,7,23,10,0,10,33
11/14/2017,ADM,OK,ASW,CE,Federal Contract Tower,0,0,10,2,12,0,0,8,1,9,0,0,18,3,21,0,10,10,31
11/15/2017,ADM,OK,ASW,CE,Federal Contract Tower,0,0,14,0,14,0,0,5,3,8,0,0,19,3,22,0,2,2,24
11/16/2017,ADM,OK,ASW,CE,Federal Contract Tower,0,0,20,1,21,0,0,4,1,5,0,0,24,2,26,2,2,4,30
11/17/2017,ADM,OK,ASW,CE,Federal Contract Tower,0,0,5,0,5,0,0,18,10,28,0,0,23,10,33,10,0,10,43
11/18/2017,ADM,OK,ASW,CE,Federal Contract Tower,0,0,5,4,9,0,0,1,2,3,0,0,6,6,12,0,0,0,12
11/19/2017,ADM,OK,ASW,CE,Federal Contract Tower,0,2,1,0,3,0,0,41,0,41,0,2,42,0,44,42,0,42,86
11/20/2017,ADM,OK,ASW,CE,Federal Contract Tower,0,5,7,8,20,0,0,44,7,51,0,5,51,15,71,28,2,30,101
11/21/2017,ADM,OK,ASW,CE,Federal Contract Tower,0,2,6,13,21,0,0,33,5,38,0,2,39,18,59,0,14,14,73
11/22/2017,ADM,OK,ASW,CE,Federal Contract Tower,0,0,4,1,5,0,0,32,0,32,0,0,36,1,37,0,0,0,37
11/23/2017,ADM,OK,ASW,CE,Federal Contract Tower,0,0,0,0,0,0,0,8,0,8,0,0,8,0,8,0,0,0,8
11/24/2017,ADM,OK,ASW,CE,Federal Contract Tower,0,0,3,0,3,0,0,16,0,16,0,0,19,0,19,0,0,0,19
11/25/2017,ADM,OK,ASW,CE,Federal Contract Tower,0,2,0,0,2,0,0,17,0,17,0,2,17,0,19,10,0,10,29
11/26/2017,ADM,OK,ASW,CE,Federal Contract Tower,0,2,6,0,8,0,0,21,0,21,0,2,27,0,29,6,0,6,35
11/27/2017,ADM,OK,ASW,CE,Federal Contract Tower,0,0,6,0,6,0,0,18,0,18,0,0,24,0,24,2,0,2,26
11/28/2017,ADM,OK,ASW,CE,Federal Contract Tower,0,3,14,0,17,0,0,16,0,16,0,3,30,0,33,4,0,4,37
11/29/2017,ADM,OK,ASW,CE,Federal Contract Tower,0,2,20,9,31,0,0,22,4,26,0,2,42,13,57,26,10,36,93
11/30/2017,ADM,OK,ASW,CE,Federal Contract Tower,0,0,8,4,12,0,0,24,2,26,0,0,32,6,38,6,0,6,44
12/01/2017,ADM,OK,ASW,CE,Federal Contract Tower,0,0,12,9,21,0,0,44,10,54,0,0,56,19,75,12,24,36,111
12/02/2017,ADM,OK,ASW,CE,Federal Contract Tower,0,1,5,0,6,0,0,24,0,24,0,1,29,0,30,0,0,0,30
12/03/2017,ADM,OK,ASW,CE,Federal Contract Tower,0,0,2,0,2,0,0,11,0,11,0,0,13,0,13,0,0,0,13
12/04/2017,ADM,OK,ASW,CE,Federal Contract Tower,0,0,0,16,16,0,0,2,0,2,0,0,2,16,18,20,0,20,38
12/05/2017,ADM,OK,ASW,CE,Federal Contract Tower,0,0,16,18,34,0,0,31,0,31,0,0,47,18,65,22,0,22,87
12/06/2017,ADM,OK,ASW,CE,Federal Contract Tower,0,0,13,11,24,0,0,38,1,39,0,0,51,12,63,42,16,58,121
12/07/2017,ADM,OK,ASW,CE,Federal Contract Tower,0,0,16,9,25,0,0,13,6,19,0,0,29,15,44,18,6,24,68
12/08/2017,ADM,OK,ASW,CE,Federal Contract Tower,0,0,6,7,13,0,0,24,0,24,0,0,30,7,37,28,0,28,65
12/09/2017,ADM,OK,ASW,CE,Federal Contract Tower,0,0,16,4,20,0,0,15,0,15,0,0,31,4,35,0,0,0,35
12/10/2017,ADM,OK,ASW,CE,Federal Contract Tower,0,0,2,0,2,0,0,16,0,16,0,0,18,0,18,28,0,28,46
12/11/2017,ADM,OK,ASW,CE,Federal Contract Tower,0,0,2,14,16,0,0,27,4,31,0,0,29,18,47,52,0,52,99
12/12/2017,ADM,OK,ASW,CE,Federal Contract Tower,0,0,3,18,21,0,2,31,6,39,0,2,34,24,60,24,0,24,84
12/13/2017,ADM,OK,ASW,CE,Federal Contract Tower,0,0,3,5,8,0,0,24,8,32,0,0,27,13,40,18,2,20,60
12/14/2017,ADM,OK,ASW,CE,Federal Contract Tower,0,0,11,5,16,0,1,33,6,40,0,1,44,11,56,12,2,14,70
12/15/2017,ADM,OK,ASW,CE,Federal Contract Tower,0,0,6,0,6,0,0,23,2,25,0,0,29,2,31,18,0,18,49
12/16/2017,ADM,OK,ASW,CE,Federal Contract Tower,0,0,9,0,9,0,0,13,0,13,0,0,22,0,22,0,0,0,22
12/17/2017,ADM,OK,ASW,CE,Federal Contract Tower,0,1,15,2,18,0,0,0,0,0,0,1,15,2,18,0,0,0,18
12/18/2017,ADM,OK,ASW,CE,Federal Contract Tower,0,0,3,0,3,0,0,0,0,0,0,0,3,0,3,0,0,0,3
12/19/2017,ADM,OK,ASW,CE,Federal Contract Tower,0,5,3,0,8,0,0,0,0,0,0,5,3,0,8,0,0,0,8
12/20/2017,ADM,OK,ASW,CE,Federal Contract Tower,0,0,14,4,18,0,0,2,0,2,0,0,16,4,20,2,0,2,22
12/21/2017,ADM,OK,ASW,CE,Federal Contract Tower,0,0,8,6,14,0,0,16,3,19,0,0,24,9,33,0,0,0,33
12/22/2017,ADM,OK,ASW,CE,Federal Contract Tower,0,1,0,0,1,0,0,0,0,0,0,1,0,0,1,0,0,0,1
12/23/2017,ADM,OK,ASW,CE,Federal Contract Tower,0,0,0,0,0,0,0,10,0,10,0,0,10,0,10,0,0,0,10
12/24/2017,ADM,OK,ASW,CE,Federal Contract Tower,0,0,0,0,0,0,0,2,0,2,0,0,2,0,2,0,0,0,2
12/25/2017,ADM,OK,ASW,CE,Federal Contract Tower,0,1,0,0,1,0,0,0,0,0,0,1,0,0,1,0,0,0,1
12/26/2017,ADM,OK,ASW,CE,Federal Contract Tower,0,0,4,0,4,0,0,0,0,0,0,0,4,0,4,0,0,0,4
12/27/2017,ADM,OK,ASW,CE,Federal Contract Tower,0,0,5,0,5,0,0,27,0,27,0,0,32,0,32,26,0,26,58
12/28/2017,ADM,OK,ASW,CE,Federal Contract Tower,0,2,2,0,4,0,0,0,0,0,0,2,2,0,4,18,0,18,22
12/29/2017,ADM,OK,ASW,CE,Federal Contract Tower,0,0,10,0,10,0,0,2,0,2,0,0,12,0,12,0,0,0,12
12/30/2017,ADM,OK,ASW,CE,Federal Contract Tower,0,0,4,0,4,0,0,1,0,1,0,0,5,0,5,0,0,0,5
01/01/2018,ADM,OK,ASW,CE,Federal Contract Tower,0,0,2,0,2,0,0,8,0,8,0,0,10,0,10,0,0,0,10
01/02/2018,ADM,OK,ASW,CE,Federal Contract Tower,1,0,2,0,3,0,0,13,0,13,1,0,15,0,16,0,0,0,16
01/03/2018,ADM,OK,ASW,CE,Federal Contract Tower,0,0,4,1,5,0,0,26,12,38,0,0,30,13,43,16,0,16,59
01/04/2018,ADM,OK,ASW,CE,Federal Contract Tower,0,3,5,10,18,0,30,43,0,73,0,33,48,10,91,16,0,16,107
01/05/2018,ADM,OK,ASW,CE,Federal Contract Tower,0,0,3,4,7,0,1,23,0,24,0,1,26,4,31,10,0,10,41
01/06/2018,ADM,OK,ASW,CE,Federal Contract Tower,0,0,9,0,9,0,1,36,0,37,0,1,45,0,46,10,0,10,56
01/07/2018,ADM,OK,ASW,CE,Federal Contract Tower,0,0,3,0,3,0,0,0,0,0,0,0,3,0,3,0,0,0,3
01/08/2018,ADM,OK,ASW,CE,Federal Contract Tower,0,1,3,2,6,0,1,38,0,39,0,2,41,2,45,10,0,10,55
01/09/2018,ADM,OK,ASW,CE,Federal Contract Tower,0,0,7,6,13,0,0,2,0,2,0,0,9,6,15,0,0,0,15
01/10/2018,ADM,OK,ASW,CE,Federal Contract Tower,0,0,16,2,18,0,0,6,0,6,0,0,22,2,24,0,0,0,24
01/11/2018,ADM,OK,ASW,CE,Federal Contract Tower,0,2,8,13,23,0,0,5,0,5,0,2,13,13,28,8,0,8,36
01/12/2018,ADM,OK,ASW,CE,Federal Contract Tower,0,0,23,13,36,0,0,48,4,52,0,0,71,17,88,10,68,78,166
01/13/2018,ADM,OK,ASW,CE,Federal Contract Tower,0,0,4,0,4,0,0,18,0,18,0,0,22,0,22,4,0,4,26
01/14/2018,ADM,OK,ASW,CE,Federal Contract Tower,0,2,2,0,4,0,0,0,2,2,0,2,2,2,6,6,0,6,12
01/15/2018,ADM,OK,ASW,CE,Federal Contract Tower,0,0,3,0,3,0,0,3,0,3,0,0,6,0,6,6,0,6,12
01/16/2018,ADM,OK,ASW,CE,Federal Contract Tower,0,0,6,5,11,0,0,10,0,10,0,0,16,5,21,0,0,0,21
01/17/2018,ADM,OK,ASW,CE,Federal Contract Tower,0,0,12,16,28,0,0,21,0,21,0,0,33,16,49,22,0,22,71
01/18/2018,ADM,OK,ASW,CE,Federal Contract Tower,0,0,3,4,7,0,0,27,0,27,0,0,30,4,34,2,0,2,36
01/19/2018,ADM,OK,ASW,CE,Federal Contract Tower,0,0,8,5,13,0,0,9,1,10,0,0,17,6,23,8,0,8,31
01/20/2018,ADM,OK,ASW,CE,Federal Contract Tower,0,1,4,12,17,0,0,10,0,10,0,1,14,12,27,10,0,10,37
01/21/2018,ADM,OK,ASW,CE,Federal Contract Tower,0,0,1,1,2,0,0,0,0,0,0,0,1,1,2,0,0,0,2
01/22/2018,ADM,OK,ASW,CE,Federal Contract Tower,0,0,2,1,3,0,0,3,5,8,0,0,5,6,11,0,18,18,29
01/23/2018,ADM,OK,ASW,CE,Federal Contract Tower,0,0,3,0,3,0,0,27,0,27,0,0,30,0,30,12,0,12,42
01/24/2018,ADM,OK,ASW,CE,Federal Contract Tower,0,0,12,2,14,0,0,35,0,35,0,0,47,2,49,46,0,46,95
01/25/2018,ADM,OK,ASW,CE,Federal Contract Tower,0,0,8,6,14,0,0,23,2,25,0,0,31,8,39,14,0,14,53
01/26/2018,ADM,OK,ASW,CE,Federal Contract Tower,0,0,12,0,12,0,0,2,0,2,0,0,14,0,14,0,0,0,14
01/27/2018,ADM,OK,ASW,CE,Federal Contract Tower,0,0,8,6,14,0,0,10,4,14,0,0,18,10,28,0,0,0,28
01/28/2018,ADM,OK,ASW,CE,Federal Contract Tower,0,0,0,0,0,0,0,31,0,31,0,0,31,0,31,8,0,8,39
01/29/2018,ADM,OK,ASW,CE,Federal Contract Tower,0,0,4,2,6,0,0,18,2,20,0,0,22,4,26,2,0,2,28
01/30/2018,ADM,OK,ASW,CE,Federal Contract Tower,0,2,5,13,20,0,0,13,1,14,0,2,18,14,34,8,0,8,42
01/31/2018,ADM,OK,ASW,CE,Federal Contract Tower,0,0,14,8,22,0,0,9,2,11,0,0,23,10,33,2,0,2,35
02/01/2018,ADM,OK,ASW,CE,Federal Contract Tower,0,0,6,6,12,0,0,12,2,14,0,0,18,8,26,2,40,42,68
02/02/2018,ADM,OK,ASW,CE,Federal Contract Tower,0,0,4,4,8,0,0,36,0,36,0,0,40,4,44,20,10,30,74
02/03/2018,ADM,OK,ASW,CE,Federal Contract Tower,0,0,4,2,6,0,0,19,4,23,0,0,23,6,29,20,0,20,49
02/04/2018,ADM,OK,ASW,CE,Federal Contract Tower,0,0,0,0,0,0,0,10,0,10,0,0,10,0,10,2,0,2,12
02/05/2018,ADM,OK,ASW,CE,Federal Contract Tower,0,0,13,2,15,0,0,6,0,6,0,0,19,2,21,0,0,0,21
02/06/2018,ADM,OK,ASW,CE,Federal Contract Tower,0,0,14,2,16,0,0,3,0,3,0,0,17,2,19,0,0,0,19
02/07/2018,ADM,OK,ASW,CE,Federal Contract Tower,0,0,6,4,10,0,0,24,2,26,0,0,30,6,36,26,4,30,66
02/08/2018,ADM,OK,ASW,CE,Federal Contract Tower,3,0,15,0,18,1,0,32,0,33,4,0,47,0,51,22,0,22,73
02/09/2018,ADM,OK,ASW,CE,Federal Contract Tower,0,0,3,2,5,0,0,33,2,35,0,0,36,4,40,26,0,26,66
02/10/2018,ADM,OK,ASW,CE,Federal Contract Tower,0,0,2,0,2,0,0,0,0,0,0,0,2,0,2,0,0,0,2
02/11/2018,ADM,OK,ASW,CE,Federal Contract Tower,0,0,0,0,0,0,0,7,0,7,0,0,7,0,7,0,0,0,7
02/12/2018,ADM,OK,ASW,CE,Federal Contract Tower,0,0,3,2,5,0,0,16,0,16,0,0,19,2,21,0,0,0,21
02/13/2018,ADM,OK,ASW,CE,Federal Contract Tower,0,0,4,0,4,0,0,6,0,6,0,0,10,0,10,0,0,0,10
02/14/2018,ADM,OK,ASW,CE,Federal Contract Tower,0,2,5,8,15,0,0,9,6,15,0,2,14,14,30,0,0,0,30
02/15/2018,ADM,OK,ASW,CE,Federal Contract Tower,0,0,21,0,21,0,0,13,0,13,0,0,34,0,34,10,0,10,44
02/16/2018,ADM,OK,ASW,CE,Federal Contract Tower,0,0,6,2,8,0,0,5,0,5,0,0,11,2,13,0,0,0,13
02/17/2018,ADM,OK,ASW,CE,Federal Contract Tower,0,10,7,0,17,0,0,11,0,11,0,10,18,0,28,4,0,4,32
02/18/2018,ADM,OK,ASW,CE,Federal Contract Tower,0,0,4,0,4,0,0,0,0,0,0,0,4,0,4,0,0,0,4
02/19/2018,ADM,OK,ASW,CE,Federal Contract Tower,0,0,3,0,3,0,0,1,0,1,0,0,4,0,4,0,0,0,4
02/20/2018,ADM,OK,ASW,CE,Federal Contract Tower,0,0,2,0,2,0,0,0,0,0,0,0,2,0,2,0,0,0,2
02/21/2018,ADM,OK,ASW,CE,Federal Contract Tower,0,0,1,0,1,0,0,0,0,0,0,0,1,0,1,0,0,0,1
02/22/2018,ADM,OK,ASW,CE,Federal Contract Tower,0,2,0,0,2,0,0,0,0,0,0,2,0,0,2,0,0,0,2
02/23/2018,ADM,OK,ASW,CE,Federal Contract Tower,0,1,5,0,6,0,0,0,0,0,0,1,5,0,6,0,0,0,6
02/24/2018,ADM,OK,ASW,CE,Federal Contract Tower,0,0,0,0,0,0,0,6,0,6,0,0,6,0,6,0,0,0,6
02/25/2018,ADM,OK,ASW,CE,Federal Contract Tower,0,0,6,1,7,0,0,43,0,43,0,0,49,1,50,12,0,12,62
02/26/2018,ADM,OK,ASW,CE,Federal Contract Tower,0,0,6,1,7,0,0,30,0,30,0,0,36,1,37,24,0,24,61
02/27/2018,ADM,OK,ASW,CE,Federal Contract Tower,0,0,10,2,12,0,0,1,0,1,0,0,11,2,13,0,0,0,13
02/28/2018,ADM,OK,ASW,CE,Federal Contract Tower,0,0,10,0,10,0,0,1,0,1,0,0,11,0,11,0,0,0,11
03/01/2018,ADM,OK,ASW,CE,Federal Contract Tower,0,0,17,3,20,0,0,21,7,28,0,0,38,10,48,28,0,28,76
03/02/2018,ADM,OK,ASW,CE,Federal Contract Tower,0,0,10,0,10,0,0,58,7,65,0,0,68,7,75,24,16,40,115
03/03/2018,ADM,OK,ASW,CE,Federal Contract Tower,0,0,2,0,2,0,0,29,0,29,0,0,31,0,31,2,0,2,33
03/04/2018,ADM,OK,ASW,CE,Federal Contract Tower,0,0,0,0,0,0,0,0,0,0,0,0,0,0,0,0,0,0,0
03/05/2018,ADM,OK,ASW,CE,Federal Contract Tower,0,0,9,11,20,0,0,14,16,30,0,0,23,27,50,6,6,12,62
03/06/2018,ADM,OK,ASW,CE,Federal Contract Tower,0,0,14,5,19,0,0,57,0,57,0,0,71,5,76,18,0,18,94
03/07/2018,ADM,OK,ASW,CE,Federal Contract Tower,0,0,15,10,25,0,0,45,2,47,0,0,60,12,72,64,0,64,136
03/08/2018,ADM,OK,ASW,CE,Federal Contract Tower,0,0,16,24,40,0,0,23,3,26,0,0,39,27,66,6,0,6,72
03/09/2018,ADM,OK,ASW,CE,Federal Contract Tower,0,0,8,15,23,0,2,16,1,19,0,2,24,16,42,8,0,8,50
03/10/2018,ADM,OK,ASW,CE,Federal Contract Tower,0,0,4,0,4,0,0,3,0,3,0,0,7,0,7,0,0,0,7
03/11/2018,ADM,OK,ASW,CE,Federal Contract Tower,0,0,7,3,10,0,0,6,1,7,0,0,13,4,17,0,2,2,19
03/12/2018,ADM,OK,ASW,CE,Federal Contract Tower,0,0,13,10,23,0,0,62,6,68,0,0,75,16,91,14,0,14,105
03/13/2018,ADM,OK,ASW,CE,Federal Contract Tower,0,0,17,23,40,0,0,33,2,35,0,0,50,25,75,14,4,18,93
03/14/2018,ADM,OK,ASW,CE,Federal Contract Tower,0,0,9,20,29,0,0,46,0,46,0,0,55,20,75,6,0,6,81
03/15/2018,ADM,OK,ASW,CE,Federal Contract Tower,0,1,9,15,25,0,0,21,1,22,0,1,30,16,47,10,12,22,69
03/16/2018,ADM,OK,ASW,CE,Federal Contract Tower,0,0,13,1,14,0,0,27,4,31,0,0,40,5,45,0,54,54,99
03/17/2018,ADM,OK,ASW,CE,Federal Contract Tower,0,0,11,0,11,0,0,28,0,28,0,0,39,0,39,12,0,12,51
03/18/2018,ADM,OK,ASW,CE,Federal Contract Tower,0,0,1,0,1,0,0,3,0,3,0,0,4,0,4,0,0,0,4
03/19/2018,ADM,OK,ASW,CE,Federal Contract Tower,0,0,10,12,22,0,0,49,4,53,0,0,59,16,75,2,46,48,123
03/20/2018,ADM,OK,ASW,CE,Federal Contract Tower,0,0,18,5,23,0,0,74,0,74,0,0,92,5,97,6,0,6,103
03/21/2018,ADM,OK,ASW,CE,Federal Contract Tower,0,0,6,16,22,0,0,44,4,48,0,0,50,20,70,6,2,8,78
03/22/2018,ADM,OK,ASW,CE,Federal Contract Tower,0,0,19,5,24,0,0,70,1,71,0,0,89,6,95,0,16,16,111
03/23/2018,ADM,OK,ASW,CE,Federal Contract Tower,0,0,12,8,20,0,0,27,1,28,0,0,39,9,48,28,8,36,84
03/24/2018,ADM,OK,ASW,CE,Federal Contract Tower,0,0,2,2,4,0,0,21,2,23,0,0,23,4,27,20,0,20,47
03/25/2018,ADM,OK,ASW,CE,Federal Contract Tower,0,0,1,0,1,0,0,4,0,4,0,0,5,0,5,0,0,0,5
03/26/2018,ADM,OK,ASW,CE,Federal Contract Tower,0,0,2,0,2,0,0,0,0,0,0,0,2,0,2,10,0,10,12
03/27/2018,ADM,OK,ASW,CE,Federal Contract Tower,0,0,2,0,2,0,0,0,0,0,0,0,2,0,2,0,0,0,2
03/28/2018,ADM,OK,ASW,CE,Federal Contract Tower,0,0,10,4,14,0,0,0,0,0,0,0,10,4,14,0,0,0,14
03/29/2018,ADM,OK,ASW,CE,Federal Contract Tower,0,0,16,10,26,0,0,28,2,30,0,0,44,12,56,26,16,42,98
03/30/2018,ADM,OK,ASW,CE,Federal Contract Tower,0,0,13,1,14,0,0,37,1,38,0,0,50,2,52,18,0,18,70
03/31/2018,ADM,OK,ASW,CE,Federal Contract Tower,0,0,2,0,2,0,0,4,0,4,0,0,6,0,6,0,0,0,6
04/01/2018,ADM,OK,ASW,CE,Federal Contract Tower,0,0,1,0,1,0,0,0,0,0,0,0,1,0,1,0,0,0,1
04/02/2018,ADM,OK,ASW,CE,Federal Contract Tower,0,0,13,15,28,0,0,0,0,0,0,0,13,15,28,0,0,0,28
04/03/2018,ADM,OK,ASW,CE,Federal Contract Tower,0,3,2,8,13,0,1,9,7,17,0,4,11,15,30,0,0,0,30
04/04/2018,ADM,OK,ASW,CE,Federal Contract Tower,0,1,3,3,7,0,0,51,3,54,0,1,54,6,61,8,6,14,75
04/05/2018,ADM,OK,ASW,CE,Federal Contract Tower,0,0,8,12,20,0,0,18,1,19,0,0,26,13,39,6,6,12,51
04/06/2018,ADM,OK,ASW,CE,Federal Contract Tower,0,0,4,0,4,0,4,1,0,5,0,4,5,0,9,0,0,0,9
04/07/2018,ADM,OK,ASW,CE,Federal Contract Tower,0,0,6,0,6,0,0,0,0,0,0,0,6,0,6,0,0,0,6
04/08/2018,ADM,OK,ASW,CE,Federal Contract Tower,0,0,5,2,7,0,0,3,0,3,0,0,8,2,10,0,0,0,10
04/09/2018,ADM,OK,ASW,CE,Federal Contract Tower,0,0,2,16,18,0,0,37,2,39,0,0,39,18,57,18,14,32,89
04/10/2018,ADM,OK,ASW,CE,Federal Contract Tower,0,0,14,13,27,0,0,36,1,37,0,0,50,14,64,22,0,22,86
04/11/2018,ADM,OK,ASW,CE,Federal Contract Tower,0,0,11,0,11,0,0,9,2,11,0,0,20,2,22,0,0,0,22
04/12/2018,ADM,OK,ASW,CE,Federal Contract Tower,0,3,14,2,19,0,0,4,7,11,0,3,18,9,30,0,0,0,30
04/13/2018,ADM,OK,ASW,CE,Federal Contract Tower,0,0,6,0,6,0,0,1,0,1,0,0,7,0,7,2,0,2,9
04/14/2018,ADM,OK,ASW,CE,Federal Contract Tower,0,0,4,0,4,0,0,12,0,12,0,0,16,0,16,0,0,0,16
04/15/2018,ADM,OK,ASW,CE,Federal Contract Tower,0,0,5,4,9,0,0,5,0,5,0,0,10,4,14,6,4,10,24
04/16/2018,ADM,OK,ASW,CE,Federal Contract Tower,0,3,2,9,14,0,1,33,6,40,0,4,35,15,54,6,0,6,60
04/17/2018,ADM,OK,ASW,CE,Federal Contract Tower,0,0,12,11,23,0,0,11,0,11,0,0,23,11,34,2,0,2,36
04/18/2018,ADM,OK,ASW,CE,Federal Contract Tower,0,0,5,15,20,0,0,25,13,38,0,0,30,28,58,8,18,26,84
04/19/2018,ADM,OK,ASW,CE,Federal Contract Tower,0,0,10,16,26,0,1,81,1,83,0,1,91,17,109,38,4,42,151
04/20/2018,ADM,OK,ASW,CE,Federal Contract Tower,0,0,10,4,14,0,0,11,2,13,0,0,21,6,27,8,0,8,35
04/21/2018,ADM,OK,ASW,CE,Federal Contract Tower,0,1,2,0,3,0,0,0,0,0,0,1,2,0,3,0,0,0,3
04/22/2018,ADM,OK,ASW,CE,Federal Contract Tower,0,0,6,0,6,0,0,8,0,8,0,0,14,0,14,0,0,0,14
04/23/2018,ADM,OK,ASW,CE,Federal Contract Tower,0,0,4,19,23,0,0,20,9,29,0,0,24,28,52,30,4,34,86
04/24/2018,ADM,OK,ASW,CE,Federal Contract Tower,0,0,13,10,23,0,0,74,4,78,0,0,87,14,101,8,22,30,131
04/25/2018,ADM,OK,ASW,CE,Federal Contract Tower,0,0,4,8,12,0,0,0,6,6,0,0,4,14,18,0,0,0,18
04/26/2018,ADM,OK,ASW,CE,Federal Contract Tower,0,0,13,5,18,0,0,66,6,72,0,0,79,11,90,20,6,26,116
04/27/2018,ADM,OK,ASW,CE,Federal Contract Tower,0,0,9,10,19,0,0,72,2,74,0,0,81,12,93,20,0,20,113
04/28/2018,ADM,OK,ASW,CE,Federal Contract Tower,0,0,1,0,1,0,0,27,0,27,0,0,28,0,28,26,0,26,54
04/29/2018,ADM,OK,ASW,CE,Federal Contract Tower,0,0,2,0,2,0,0,3,0,3,0,0,5,0,5,0,0,0,5
04/30/2018,ADM,OK,ASW,CE,Federal Contract Tower,0,0,9,12,21,0,0,0,0,0,0,0,9,12,21,14,0,14,35
05/01/2018,ADM,OK,ASW,CE,Federal Contract Tower,0,0,7,19,26,0,1,2,5,8,0,1,9,24,34,0,0,0,34
05/02/2018,ADM,OK,ASW,CE,Federal Contract Tower,0,0,29,10,39,0,0,0,0,0,0,0,29,10,39,0,0,0,39
05/03/2018,ADM,OK,ASW,CE,Federal Contract Tower,0,0,17,0,17,0,0,3,0,3,0,0,20,0,20,0,0,0,20
05/04/2018,ADM,OK,ASW,CE,Federal Contract Tower,0,2,12,12,26,0,0,26,0,26,0,2,38,12,52,22,2,24,76
05/05/2018,ADM,OK,ASW,CE,Federal Contract Tower,0,0,9,2,11,0,0,28,1,29,0,0,37,3,40,2,0,2,42
05/06/2018,ADM,OK,ASW,CE,Federal Contract Tower,0,0,2,0,2,0,0,38,0,38,0,0,40,0,40,14,0,14,54
05/07/2018,ADM,OK,ASW,CE,Federal Contract Tower,0,2,5,2,9,0,0,47,2,49,0,2,52,4,58,32,0,32,90
05/08/2018,ADM,OK,ASW,CE,Federal Contract Tower,0,0,6,7,13,0,0,16,2,18,0,0,22,9,31,0,4,4,35
05/09/2018,ADM,OK,ASW,CE,Federal Contract Tower,0,0,6,6,12,0,0,37,19,56,0,0,43,25,68,4,42,46,114
05/10/2018,ADM,OK,ASW,CE,Federal Contract Tower,0,0,2,0,2,0,0,25,2,27,0,0,27,2,29,20,0,20,49
05/11/2018,ADM,OK,ASW,CE,Federal Contract Tower,0,0,6,0,6,0,0,18,0,18,0,0,24,0,24,6,0,6,30
05/12/2018,ADM,OK,ASW,CE,Federal Contract Tower,0,0,4,0,4,0,0,11,0,11,0,0,15,0,15,8,0,8,23
05/13/2018,ADM,OK,ASW,CE,Federal Contract Tower,0,0,0,2,2,0,0,12,0,12,0,0,12,2,14,0,0,0,14
05/14/2018,ADM,OK,ASW,CE,Federal Contract Tower,2,0,5,4,11,0,0,51,0,51,2,0,56,4,62,14,0,14,76
05/15/2018,ADM,OK,ASW,CE,Federal Contract Tower,2,0,5,6,13,0,0,10,2,12,2,0,15,8,25,4,2,6,31
05/16/2018,ADM,OK,ASW,CE,Federal Contract Tower,0,0,8,2,10,0,0,57,1,58,0,0,65,3,68,42,0,42,110
05/17/2018,ADM,OK,ASW,CE,Federal Contract Tower,0,0,10,10,20,0,0,38,0,38,0,0,48,10,58,12,6,18,76
05/18/2018,ADM,OK,ASW,CE,Federal Contract Tower,0,2,11,1,14,0,0,63,1,64,0,2,74,2,78,32,4,36,114
05/19/2018,ADM,OK,ASW,CE,Federal Contract Tower,0,0,4,2,6,0,0,20,0,20,0,0,24,2,26,16,0,16,42
05/20/2018,ADM,OK,ASW,CE,Federal Contract Tower,0,4,2,0,6,0,0,0,0,0,0,4,2,0,6,0,0,0,6
05/21/2018,ADM,OK,ASW,CE,Federal Contract Tower,0,1,6,0,7,0,0,6,0,6,0,1,12,0,13,0,0,0,13
05/22/2018,ADM,OK,ASW,CE,Federal Contract Tower,0,2,14,2,18,0,0,36,0,36,0,2,50,2,54,44,0,44,98
05/23/2018,ADM,OK,ASW,CE,Federal Contract Tower,0,1,12,15,28,0,0,22,5,27,0,1,34,20,55,14,10,24,79
05/24/2018,ADM,OK,ASW,CE,Federal Contract Tower,0,1,12,0,13,0,0,35,0,35,0,1,47,0,48,46,0,46,94
05/25/2018,ADM,OK,ASW,CE,Federal Contract Tower,1,0,9,0,10,0,0,9,0,9,1,0,18,0,19,0,0,0,19
05/26/2018,ADM,OK,ASW,CE,Federal Contract Tower,0,0,0,0,0,0,0,23,0,23,0,0,23,0,23,12,0,12,35
05/27/2018,ADM,OK,ASW,CE,Federal Contract Tower,0,0,4,0,4,0,0,25,0,25,0,0,29,0,29,24,0,24,53
05/28/2018,ADM,OK,ASW,CE,Federal Contract Tower,0,2,6,0,8,0,0,26,0,26,0,2,32,0,34,18,0,18,52
05/29/2018,ADM,OK,ASW,CE,Federal Contract Tower,0,0,11,2,13,0,0,26,5,31,0,0,37,7,44,22,6,28,72
05/30/2018,ADM,OK,ASW,CE,Federal Contract Tower,0,1,6,4,11,0,0,25,4,29,0,1,31,8,40,6,0,6,46
05/31/2018,ADM,OK,ASW,CE,Federal Contract Tower,0,0,18,0,18,0,0,29,1,30,0,0,47,1,48,28,0,28,76
06/01/2018,ADM,OK,ASW,CE,Federal Contract Tower,0,0,3,4,7,0,0,37,11,48,0,0,40,15,55,12,10,22,77
06/02/2018,ADM,OK,ASW,CE,Federal Contract Tower,0,0,1,0,1,0,0,22,0,22,0,0,23,0,23,12,0,12,35
06/03/2018,ADM,OK,ASW,CE,Federal Contract Tower,1,0,5,0,6,0,0,25,2,27,1,0,30,2,33,0,0,0,33
06/04/2018,ADM,OK,ASW,CE,Federal Contract Tower,0,0,2,6,8,0,0,16,0,16,0,0,18,6,24,6,0,6,30
06/05/2018,ADM,OK,ASW,CE,Federal Contract Tower,0,0,7,0,7,0,0,30,10,40,0,0,37,10,47,36,0,36,83
06/06/2018,ADM,OK,ASW,CE,Federal Contract Tower,0,1,23,2,26,0,0,22,8,30,0,1,45,10,56,6,28,34,90
06/07/2018,ADM,OK,ASW,CE,Federal Contract Tower,0,0,7,0,7,0,0,17,0,17,0,0,24,0,24,0,0,0,24
06/08/2018,ADM,OK,ASW,CE,Federal Contract Tower,0,0,9,4,13,0,0,29,2,31,0,0,38,6,44,6,14,20,64
06/09/2018,ADM,OK,ASW,CE,Federal Contract Tower,0,1,2,0,3,0,0,9,0,9,0,1,11,0,12,0,0,0,12
06/10/2018,ADM,OK,ASW,CE,Federal Contract Tower,0,1,5,0,6,0,0,12,2,14,0,1,17,2,20,0,0,0,20
06/11/2018,ADM,OK,ASW,CE,Federal Contract Tower,0,0,3,0,3,0,0,37,2,39,0,0,40,2,42,0,0,0,42
06/12/2018,ADM,OK,ASW,CE,Federal Contract Tower,0,2,10,5,17,0,0,15,0,15,0,2,25,5,32,0,0,0,32
06/13/2018,ADM,OK,ASW,CE,Federal Contract Tower,0,0,8,2,10,0,0,32,2,34,0,0,40,4,44,0,12,12,56
06/14/2018,ADM,OK,ASW,CE,Federal Contract Tower,0,0,12,14,26,0,0,33,5,38,0,0,45,19,64,26,10,36,100
06/15/2018,ADM,OK,ASW,CE,Federal Contract Tower,0,0,19,0,19,0,0,24,0,24,0,0,43,0,43,12,0,12,55
06/16/2018,ADM,OK,ASW,CE,Federal Contract Tower,0,0,1,0,1,0,0,12,0,12,0,0,13,0,13,0,0,0,13
06/17/2018,ADM,OK,ASW,CE,Federal Contract Tower,0,3,4,0,7,0,0,2,4,6,0,3,6,4,13,0,0,0,13
06/18/2018,ADM,OK,ASW,CE,Federal Contract Tower,0,0,0,18,18,0,0,14,0,14,0,0,14,18,32,0,0,0,32
06/19/2018,ADM,OK,ASW,CE,Federal Contract Tower,0,0,17,12,29,0,1,6,0,7,0,1,23,12,36,0,8,8,44
06/20/2018,ADM,OK,ASW,CE,Federal Contract Tower,0,0,11,4,15,0,0,5,6,11,0,0,16,10,26,0,0,0,26
06/21/2018,ADM,OK,ASW,CE,Federal Contract Tower,0,1,18,14,33,0,0,53,3,56,0,1,71,17,89,10,20,30,119
06/22/2018,ADM,OK,ASW,CE,Federal Contract Tower,0,0,2,0,2,0,0,13,0,13,0,0,15,0,15,8,0,8,23
06/23/2018,ADM,OK,ASW,CE,Federal Contract Tower,0,0,1,0,1,0,0,6,0,6,0,0,7,0,7,0,0,0,7
06/24/2018,ADM,OK,ASW,CE,Federal Contract Tower,0,0,2,0,2,0,0,0,0,0,0,0,2,0,2,0,0,0,2
06/25/2018,ADM,OK,ASW,CE,Federal Contract Tower,0,0,3,8,11,0,0,16,13,29,0,0,19,21,40,12,0,12,52
06/26/2018,ADM,OK,ASW,CE,Federal Contract Tower,0,0,7,8,15,0,1,28,2,31,0,1,35,10,46,8,2,10,56
06/27/2018,ADM,OK,ASW,CE,Federal Contract Tower,0,1,8,10,19,0,0,39,0,39,0,1,47,10,58,0,0,0,58
06/28/2018,ADM,OK,ASW,CE,Federal Contract Tower,0,1,16,0,17,0,0,33,0,33,0,1,49,0,50,30,0,30,80
06/29/2018,ADM,OK,ASW,CE,Federal Contract Tower,0,0,8,1,9,0,0,33,0,33,0,0,41,1,42,10,0,10,52
06/30/2018,ADM,OK,ASW,CE,Federal Contract Tower,0,0,5,5,10,0,0,4,0,4,0,0,9,5,14,0,0,0,14
07/01/2018,ADM,OK,ASW,CE,Federal Contract Tower,0,1,2,0,3,0,0,7,0,7,0,1,9,0,10,0,0,0,10
07/02/2018,ADM,OK,ASW,CE,Federal Contract Tower,0,0,2,8,10,0,0,21,0,21,0,0,23,8,31,0,0,0,31
07/03/2018,ADM,OK,ASW,CE,Federal Contract Tower,0,0,15,4,19,0,0,29,3,32,0,0,44,7,51,14,0,14,65
07/04/2018,ADM,OK,ASW,CE,Federal Contract Tower,0,0,1,1,2,0,0,24,1,25,0,0,25,2,27,4,0,4,31
07/05/2018,ADM,OK,ASW,CE,Federal Contract Tower,0,0,4,4,8,0,0,14,0,14,0,0,18,4,22,0,0,0,22
07/06/2018,ADM,OK,ASW,CE,Federal Contract Tower,0,0,6,0,6,0,0,43,0,43,0,0,49,0,49,8,0,8,57
07/07/2018,ADM,OK,ASW,CE,Federal Contract Tower,0,0,4,0,4,0,0,14,0,14,0,0,18,0,18,16,0,16,34
07/08/2018,ADM,OK,ASW,CE,Federal Contract Tower,0,0,5,0,5,0,0,24,0,24,0,0,29,0,29,6,0,6,35
07/09/2018,ADM,OK,ASW,CE,Federal Contract Tower,0,0,1,0,1,0,0,27,0,27,0,0,28,0,28,8,0,8,36
07/10/2018,ADM,OK,ASW,CE,Federal Contract Tower,0,0,13,7,20,0,1,20,2,23,0,1,33,9,43,16,10,26,69
07/11/2018,ADM,OK,ASW,CE,Federal Contract Tower,0,0,10,2,12,0,1,21,4,26,0,1,31,6,38,20,14,34,72
07/12/2018,ADM,OK,ASW,CE,Federal Contract Tower,0,0,7,6,13,0,0,22,1,23,0,0,29,7,36,4,2,6,42
07/13/2018,ADM,OK,ASW,CE,Federal Contract Tower,0,0,7,2,9,0,1,33,0,34,0,1,40,2,43,10,0,10,53
07/14/2018,ADM,OK,ASW,CE,Federal Contract Tower,0,0,4,0,4,0,0,14,0,14,0,0,18,0,18,0,0,0,18
07/15/2018,ADM,OK,ASW,CE,Federal Contract Tower,0,0,0,0,0,0,0,11,0,11,0,0,11,0,11,2,0,2,13
07/16/2018,ADM,OK,ASW,CE,Federal Contract Tower,0,0,5,0,5,0,0,15,10,25,0,0,20,10,30,4,4,8,38
07/17/2018,ADM,OK,ASW,CE,Federal Contract Tower,0,0,14,0,14,0,0,30,8,38,0,0,44,8,52,6,0,6,58
07/18/2018,ADM,OK,ASW,CE,Federal Contract Tower,0,0,12,1,13,0,2,18,3,23,0,2,30,4,36,2,0,2,38
07/19/2018,ADM,OK,ASW,CE,Federal Contract Tower,0,1,6,2,9,0,1,18,2,21,0,2,24,4,30,10,0,10,40
07/20/2018,ADM,OK,ASW,CE,Federal Contract Tower,0,0,8,0,8,0,0,16,8,24,0,0,24,8,32,16,4,20,52
07/21/2018,ADM,OK,ASW,CE,Federal Contract Tower,0,0,3,0,3,0,0,7,0,7,0,0,10,0,10,4,0,4,14
07/22/2018,ADM,OK,ASW,CE,Federal Contract Tower,0,0,5,0,5,0,0,24,0,24,0,0,29,0,29,10,0,10,39
07/23/2018,ADM,OK,ASW,CE,Federal Contract Tower,0,0,3,0,3,0,0,16,0,16,0,0,19,0,19,4,0,4,23
07/24/2018,ADM,OK,ASW,CE,Federal Contract Tower,0,0,9,2,11,0,2,19,2,23,0,2,28,4,34,6,0,6,40
07/25/2018,ADM,OK,ASW,CE,Federal Contract Tower,0,0,11,0,11,0,0,36,5,41,0,0,47,5,52,6,10,16,68
07/26/2018,ADM,OK,ASW,CE,Federal Contract Tower,0,0,16,7,23,0,0,19,4,23,0,0,35,11,46,0,10,10,56
07/27/2018,ADM,OK,ASW,CE,Federal Contract Tower,0,0,3,7,10,0,0,34,6,40,0,0,37,13,50,14,0,14,64
07/28/2018,ADM,OK,ASW,CE,Federal Contract Tower,0,0,6,0,6,0,0,14,2,16,0,0,20,2,22,0,0,0,22
07/29/2018,ADM,OK,ASW,CE,Federal Contract Tower,0,0,2,4,6,0,0,8,0,8,0,0,10,4,14,0,0,0,14
07/30/2018,ADM,OK,ASW,CE,Federal Contract Tower,0,0,4,4,8,0,0,14,0,14,0,0,18,4,22,0,0,0,22
07/31/2018,ADM,OK,ASW,CE,Federal Contract Tower,0,4,16,0,20,0,1,30,3,34,0,5,46,3,54,32,2,34,88
08/01/2018,ADM,OK,ASW,CE,Federal Contract Tower,0,0,4,12,16,0,0,14,2,16,0,0,18,14,32,12,0,12,44
08/02/2018,ADM,OK,ASW,CE,Federal Contract Tower,0,0,10,3,13,0,0,26,2,28,0,0,36,5,41,18,4,22,63
08/03/2018,ADM,OK,ASW,CE,Federal Contract Tower,0,0,0,3,3,0,0,27,10,37,0,0,27,13,40,22,20,42,82
08/04/2018,ADM,OK,ASW,CE,Federal Contract Tower,0,0,2,2,4,0,0,17,2,19,0,0,19,4,23,0,0,0,23
08/05/2018,ADM,OK,ASW,CE,Federal Contract Tower,0,0,4,0,4,0,0,11,0,11,0,0,15,0,15,10,0,10,25
08/06/2018,ADM,OK,ASW,CE,Federal Contract Tower,0,0,10,2,12,0,1,14,2,17,0,1,24,4,29,0,0,0,29
08/07/2018,ADM,OK,ASW,CE,Federal Contract Tower,0,0,8,9,17,0,0,20,15,35,0,0,28,24,52,0,52,52,104
08/08/2018,ADM,OK,ASW,CE,Federal Contract Tower,0,0,5,0,5,0,0,13,0,13,0,0,18,0,18,18,0,18,36
08/09/2018,ADM,OK,ASW,CE,Federal Contract Tower,0,0,21,0,21,0,0,25,2,27,0,0,46,2,48,22,0,22,70
08/10/2018,ADM,OK,ASW,CE,Federal Contract Tower,0,0,5,0,5,0,0,42,2,44,0,0,47,2,49,26,0,26,75
08/11/2018,ADM,OK,ASW,CE,Federal Contract Tower,0,0,3,0,3,0,0,5,0,5,0,0,8,0,8,0,0,0,8
08/12/2018,ADM,OK,ASW,CE,Federal Contract Tower,0,0,2,0,2,0,0,0,0,0,0,0,2,0,2,0,0,0,2
08/13/2018,ADM,OK,ASW,CE,Federal Contract Tower,0,1,0,0,1,0,0,0,0,0,0,1,0,0,1,0,0,0,1
08/14/2018,ADM,OK,ASW,CE,Federal Contract Tower,0,0,0,0,0,0,0,5,0,5,0,0,5,0,5,0,0,0,5
08/15/2018,ADM,OK,ASW,CE,Federal Contract Tower,0,0,9,6,15,0,0,24,0,24,0,0,33,6,39,42,0,42,81
08/16/2018,ADM,OK,ASW,CE,Federal Contract Tower,0,0,4,12,16,0,0,32,6,38,0,0,36,18,54,13,18,31,85
08/17/2018,ADM,OK,ASW,CE,Federal Contract Tower,0,0,11,1,12,0,0,16,9,25,0,0,27,10,37,4,4,8,45
08/18/2018,ADM,OK,ASW,CE,Federal Contract Tower,0,0,3,0,3,0,0,10,0,10,0,0,13,0,13,18,0,18,31
08/19/2018,ADM,OK,ASW,CE,Federal Contract Tower,0,0,4,0,4,0,0,5,0,5,0,0,9,0,9,0,0,0,9
08/20/2018,ADM,OK,ASW,CE,Federal Contract Tower,0,0,10,10,20,0,0,26,0,26,0,0,36,10,46,20,0,20,66
08/21/2018,ADM,OK,ASW,CE,Federal Contract Tower,0,1,6,20,27,0,0,31,2,33,0,1,37,22,60,16,0,16,76
08/22/2018,ADM,OK,ASW,CE,Federal Contract Tower,0,0,20,8,28,0,0,24,0,24,0,0,44,8,52,16,0,16,68
08/23/2018,ADM,OK,ASW,CE,Federal Contract Tower,0,0,17,0,17,0,1,16,4,21,0,1,33,4,38,0,0,0,38
08/24/2018,ADM,OK,ASW,CE,Federal Contract Tower,0,0,1,4,5,0,0,31,21,52,0,0,32,25,57,24,50,74,131
08/25/2018,ADM,OK,ASW,CE,Federal Contract Tower,0,0,2,0,2,0,0,9,0,9,0,0,11,0,11,0,0,0,11
08/26/2018,ADM,OK,ASW,CE,Federal Contract Tower,0,0,0,2,2,0,0,2,0,2,0,0,2,2,4,12,0,12,16
08/27/2018,ADM,OK,ASW,CE,Federal Contract Tower,0,0,8,2,10,0,0,21,0,21,0,0,29,2,31,16,0,16,47
08/28/2018,ADM,OK,ASW,CE,Federal Contract Tower,0,0,13,8,21,0,1,32,0,33,0,1,45,8,54,0,0,0,54
08/29/2018,ADM,OK,ASW,CE,Federal Contract Tower,0,0,11,9,20,0,0,40,3,43,0,0,51,12,63,13,14,27,90
08/30/2018,ADM,OK,ASW,CE,Federal Contract Tower,0,0,5,4,9,0,1,41,7,49,0,1,46,11,58,24,14,38,96
08/31/2018,ADM,OK,ASW,CE,Federal Contract Tower,0,0,0,0,0,0,0,41,7,48,0,0,41,7,48,16,2,18,66
09/01/2018,ADM,OK,ASW,CE,Federal Contract Tower,0,2,2,0,4,0,0,28,3,31,0,2,30,3,35,32,2,34,69
09/02/2018,ADM,OK,ASW,CE,Federal Contract Tower,0,0,1,0,1,0,1,15,0,16,0,1,16,0,17,0,0,0,17
09/03/2018,ADM,OK,ASW,CE,Federal Contract Tower,0,0,1,0,1,0,0,6,0,6,0,0,7,0,7,18,0,18,25
09/04/2018,ADM,OK,ASW,CE,Federal Contract Tower,0,1,9,0,10,0,0,17,0,17,0,1,26,0,27,24,0,24,51
09/05/2018,ADM,OK,ASW,CE,Federal Contract Tower,0,3,8,14,25,0,0,42,1,43,0,3,50,15,68,18,8,26,94
09/06/2018,ADM,OK,ASW,CE,Federal Contract Tower,0,0,12,7,19,0,0,14,2,16,0,0,26,9,35,0,6,6,41
09/07/2018,ADM,OK,ASW,CE,Federal Contract Tower,0,0,3,2,5,0,0,0,0,0,0,0,3,2,5,0,0,0,5
09/08/2018,ADM,OK,ASW,CE,Federal Contract Tower,0,0,4,0,4,0,0,0,0,0,0,0,4,0,4,0,0,0,4
09/09/2018,ADM,OK,ASW,CE,Federal Contract Tower,0,0,9,0,9,0,0,0,0,0,0,0,9,0,9,0,0,0,9
09/10/2018,ADM,OK,ASW,CE,Federal Contract Tower,0,0,11,6,17,0,0,11,6,17,0,0,22,12,34,18,0,18,52
09/11/2018,ADM,OK,ASW,CE,Federal Contract Tower,0,0,7,0,7,0,0,9,0,9,0,0,16,0,16,12,0,12,28
09/12/2018,ADM,OK,ASW,CE,Federal Contract Tower,0,0,5,0,5,0,0,6,0,6,0,0,11,0,11,36,0,36,47
09/13/2018,ADM,OK,ASW,CE,Federal Contract Tower,0,0,14,4,18,0,0,18,2,20,0,0,32,6,38,28,0,28,66
09/14/2018,ADM,OK,ASW,CE,Federal Contract Tower,0,0,4,10,14,0,0,19,0,19,0,0,23,10,33,6,0,6,39
09/15/2018,ADM,OK,ASW,CE,Federal Contract Tower,0,0,0,0,0,0,0,4,0,4,0,0,4,0,4,0,0,0,4
09/16/2018,ADM,OK,ASW,CE,Federal Contract Tower,0,0,1,0,1,0,0,16,0,16,0,0,17,0,17,18,0,18,35
09/17/2018,ADM,OK,ASW,CE,Federal Contract Tower,0,0,4,8,12,0,0,34,0,34,0,0,38,8,46,60,0,60,106
09/18/2018,ADM,OK,ASW,CE,Federal Contract Tower,0,0,8,2,10,0,0,73,0,73,0,0,81,2,83,54,0,54,137
09/19/2018,ADM,OK,ASW,CE,Federal Contract Tower,0,0,6,8,14,0,0,41,0,41,0,0,47,8,55,50,0,50,105
09/20/2018,ADM,OK,ASW,CE,Federal Contract Tower,0,2,14,12,28,0,0,36,4,40,0,2,50,16,68,6,58,64,132
09/21/2018,ADM,OK,ASW,CE,Federal Contract Tower,0,0,0,3,3,0,0,0,0,0,0,0,0,3,3,0,0,0,3
09/22/2018,ADM,OK,ASW,CE,Federal Contract Tower,0,2,0,1,3,0,0,2,0,2,0,2,2,1,5,0,0,0,5
09/23/2018,ADM,OK,ASW,CE,Federal Contract Tower,0,2,6,0,8,0,0,0,0,0,0,2,6,0,8,0,0,0,8
09/24/2018,ADM,OK,ASW,CE,Federal Contract Tower,0,0,10,0,10,0,0,8,0,8,0,0,18,0,18,10,0,10,28
09/25/2018,ADM,OK,ASW,CE,Federal Contract Tower,0,0,13,0,13,0,0,24,0,24,0,0,37,0,37,14,0,14,51
09/26/2018,ADM,OK,ASW,CE,Federal Contract Tower,0,0,1,23,24,0,0,17,4,21,0,0,18,27,45,6,18,24,69
09/27/2018,ADM,OK,ASW,CE,Federal Contract Tower,0,0,2,4,6,0,0,61,0,61,0,0,63,4,67,22,0,22,89
09/28/2018,ADM,OK,ASW,CE,Federal Contract Tower,0,0,8,0,8,0,0,5,0,5,0,0,13,0,13,0,0,0,13
09/29/2018,ADM,OK,ASW,CE,Federal Contract Tower,0,0,3,1,4,0,0,2,0,2,0,0,5,1,6,4,0,4,10
09/30/2018,ADM,OK,ASW,CE,Federal Contract Tower,0,0,4,0,4,0,0,3,0,3,0,0,7,0,7,0,0,0,7
10/01/2018,ADM,OK,ASW,CE,Federal Contract Tower,0,0,18,0,18,0,0,24,0,24,0,0,42,0,42,22,0,22,64
10/02/2018,ADM,OK,ASW,CE,Federal Contract Tower,0,0,11,0,11,0,0,10,0,10,0,0,21,0,21,14,0,14,35
10/03/2018,ADM,OK,ASW,CE,Federal Contract Tower,0,0,21,2,23,0,0,35,8,43,0,0,56,10,66,10,26,36,102
10/04/2018,ADM,OK,ASW,CE,Federal Contract Tower,0,2,4,4,10,0,0,50,0,50,0,2,54,4,60,2,0,2,62
10/05/2018,ADM,OK,ASW,CE,Federal Contract Tower,0,0,3,15,18,0,0,29,6,35,0,0,32,21,53,8,0,8,61
10/06/2018,ADM,OK,ASW,CE,Federal Contract Tower,0,0,9,0,9,0,0,16,0,16,0,0,25,0,25,0,0,0,25
10/07/2018,ADM,OK,ASW,CE,Federal Contract Tower,0,0,2,2,4,0,0,0,2,2,0,0,2,4,6,0,0,0,6
10/08/2018,ADM,OK,ASW,CE,Federal Contract Tower,0,0,11,4,15,0,0,0,2,2,0,0,11,6,17,0,0,0,17
10/09/2018,ADM,OK,ASW,CE,Federal Contract Tower,0,0,2,1,3,0,0,0,0,0,0,0,2,1,3,0,0,0,3
10/10/2018,ADM,OK,ASW,CE,Federal Contract Tower,0,0,19,1,20,0,0,44,1,45,0,0,63,2,65,24,0,24,89
10/11/2018,ADM,OK,ASW,CE,Federal Contract Tower,0,0,8,14,22,0,0,46,2,48,0,0,54,16,70,10,10,20,90
10/12/2018,ADM,OK,ASW,CE,Federal Contract Tower,0,0,6,8,14,0,0,0,0,0,0,0,6,8,14,0,0,0,14
10/13/2018,ADM,OK,ASW,CE,Federal Contract Tower,0,0,2,0,2,0,0,0,0,0,0,0,2,0,2,0,0,0,2
10/14/2018,ADM,OK,ASW,CE,Federal Contract Tower,0,0,2,0,2,0,0,0,0,0,0,0,2,0,2,0,0,0,2
10/15/2018,ADM,OK,ASW,CE,Federal Contract Tower,0,0,6,12,18,0,0,1,0,1,0,0,7,12,19,0,0,0,19
10/16/2018,ADM,OK,ASW,CE,Federal Contract Tower,0,0,26,15,41,0,1,7,1,9,0,1,33,16,50,6,0,6,56
10/17/2018,ADM,OK,ASW,CE,Federal Contract Tower,0,0,17,21,38,0,0,35,14,49,0,0,52,35,87,2,6,8,95
10/18/2018,ADM,OK,ASW,CE,Federal Contract Tower,0,0,14,6,20,0,0,28,5,33,0,0,42,11,53,2,12,14,67
10/19/2018,ADM,OK,ASW,CE,Federal Contract Tower,0,0,5,6,11,0,0,0,0,0,0,0,5,6,11,0,0,0,11
10/20/2018,ADM,OK,ASW,CE,Federal Contract Tower,0,0,13,0,13,0,0,17,0,17,0,0,30,0,30,8,0,8,38
10/21/2018,ADM,OK,ASW,CE,Federal Contract Tower,0,0,2,0,2,0,0,27,0,27,0,0,29,0,29,6,0,6,35
10/22/2018,ADM,OK,ASW,CE,Federal Contract Tower,0,0,4,6,10,0,0,65,2,67,0,0,69,8,77,32,0,32,109
10/23/2018,ADM,OK,ASW,CE,Federal Contract Tower,0,3,5,4,12,0,0,73,4,77,0,3,78,8,89,12,0,12,101
10/24/2018,ADM,OK,ASW,CE,Federal Contract Tower,0,0,18,0,18,0,0,16,0,16,0,0,34,0,34,20,0,20,54
10/25/2018,ADM,OK,ASW,CE,Federal Contract Tower,0,0,23,8,31,0,0,4,0,4,0,0,27,8,35,8,0,8,43
10/26/2018,ADM,OK,ASW,CE,Federal Contract Tower,0,1,13,10,24,0,0,45,11,56,0,1,58,21,80,0,38,38,118
10/27/2018,ADM,OK,ASW,CE,Federal Contract Tower,0,0,2,0,2,0,0,39,0,39,0,0,41,0,41,12,0,12,53
10/28/2018,ADM,OK,ASW,CE,Federal Contract Tower,0,0,2,0,2,0,0,19,0,19,0,0,21,0,21,32,0,32,53
10/29/2018,ADM,OK,ASW,CE,Federal Contract Tower,0,0,2,0,2,0,0,36,2,38,0,0,38,2,40,30,6,36,76
10/30/2018,ADM,OK,ASW,CE,Federal Contract Tower,0,0,7,6,13,0,0,3,2,5,0,0,10,8,18,0,0,0,18
10/31/2018,ADM,OK,ASW,CE,Federal Contract Tower,0,1,6,4,11,0,0,0,0,0,0,1,6,4,11,2,0,2,13
11/01/2018,ADM,OK,ASW,CE,Federal Contract Tower,0,0,12,1,13,0,0,40,2,42,0,0,52,3,55,10,8,18,73
11/02/2018,ADM,OK,ASW,CE,Federal Contract Tower,0,0,15,17,32,0,0,49,4,53,0,0,64,21,85,6,0,6,91
11/03/2018,ADM,OK,ASW,CE,Federal Contract Tower,0,0,6,0,6,0,0,22,0,22,0,0,28,0,28,0,0,0,28
11/04/2018,ADM,OK,ASW,CE,Federal Contract Tower,0,0,0,0,0,0,0,36,2,38,0,0,36,2,38,14,0,14,52
11/05/2018,ADM,OK,ASW,CE,Federal Contract Tower,0,2,11,3,16,0,0,27,2,29,0,2,38,5,45,2,0,2,47
11/06/2018,ADM,OK,ASW,CE,Federal Contract Tower,0,0,19,17,36,0,1,29,3,33,0,1,48,20,69,14,34,48,117
11/07/2018,ADM,OK,ASW,CE,Federal Contract Tower,0,0,25,17,42,0,0,2,5,7,0,0,27,22,49,8,6,14,63
11/08/2018,ADM,OK,ASW,CE,Federal Contract Tower,0,0,15,21,36,0,1,3,0,4,0,1,18,21,40,0,0,0,40
11/09/2018,ADM,OK,ASW,CE,Federal Contract Tower,0,2,7,8,17,0,0,26,0,26,0,2,33,8,43,0,0,0,43
11/10/2018,ADM,OK,ASW,CE,Federal Contract Tower,0,0,2,0,2,0,0,22,0,22,0,0,24,0,24,2,0,2,26
11/11/2018,ADM,OK,ASW,CE,Federal Contract Tower,0,0,0,0,0,0,0,17,0,17,0,0,17,0,17,12,0,12,29
11/12/2018,ADM,OK,ASW,CE,Federal Contract Tower,0,0,2,0,2,0,0,0,0,0,0,0,2,0,2,0,0,0,2
11/13/2018,ADM,OK,ASW,CE,Federal Contract Tower,0,2,5,6,13,0,1,14,0,15,0,3,19,6,28,8,0,8,36
11/14/2018,ADM,OK,ASW,CE,Federal Contract Tower,0,2,12,6,20,0,0,45,0,45,0,2,57,6,65,38,0,38,103
11/15/2018,ADM,OK,ASW,CE,Federal Contract Tower,0,2,15,12,29,0,0,40,3,43,0,2,55,15,72,52,6,58,130
11/16/2018,ADM,OK,ASW,CE,Federal Contract Tower,0,2,7,17,26,0,0,44,3,47,0,2,51,20,73,18,6,24,97
11/17/2018,ADM,OK,ASW,CE,Federal Contract Tower,0,0,7,8,15,0,0,43,6,49,0,0,50,14,64,2,4,6,70
11/18/2018,ADM,OK,ASW,CE,Federal Contract Tower,0,0,4,2,6,0,0,0,0,0,0,0,4,2,6,0,0,0,6
11/19/2018,ADM,OK,ASW,CE,Federal Contract Tower,0,1,5,6,12,0,0,26,0,26,0,1,31,6,38,4,0,4,42
11/20/2018,ADM,OK,ASW,CE,Federal Contract Tower,0,2,7,5,14,0,1,39,11,51,0,3,46,16,65,0,12,12,77
11/21/2018,ADM,OK,ASW,CE,Federal Contract Tower,0,0,3,10,13,0,0,37,12,49,0,0,40,22,62,2,32,34,96
11/22/2018,ADM,OK,ASW,CE,Federal Contract Tower,0,0,2,0,2,0,0,11,0,11,0,0,13,0,13,0,0,0,13
11/23/2018,ADM,OK,ASW,CE,Federal Contract Tower,0,0,6,0,6,0,0,0,0,0,0,0,6,0,6,0,0,0,6
11/24/2018,ADM,OK,ASW,CE,Federal Contract Tower,0,0,2,0,2,0,0,11,0,11,0,0,13,0,13,32,0,32,45
11/25/2018,ADM,OK,ASW,CE,Federal Contract Tower,0,0,2,0,2,0,0,1,0,1,0,0,3,0,3,0,0,0,3
11/26/2018,ADM,OK,ASW,CE,Federal Contract Tower,0,0,6,4,10,0,0,30,6,36,0,0,36,10,46,28,0,28,74
11/27/2018,ADM,OK,ASW,CE,Federal Contract Tower,0,0,9,4,13,0,0,36,1,37,0,0,45,5,50,4,2,6,56
11/28/2018,ADM,OK,ASW,CE,Federal Contract Tower,0,0,12,7,19,0,0,18,5,23,0,0,30,12,42,36,10,46,88
11/29/2018,ADM,OK,ASW,CE,Federal Contract Tower,0,0,10,16,26,0,0,40,7,47,0,0,50,23,73,6,26,32,105
11/30/2018,ADM,OK,ASW,CE,Federal Contract Tower,0,0,7,3,10,0,0,0,5,5,0,0,7,8,15,2,0,2,17
12/01/2018,ADM,OK,ASW,CE,Federal Contract Tower,0,0,3,0,3,0,0,6,0,6,0,0,9,0,9,0,0,0,9
12/02/2018,ADM,OK,ASW,CE,Federal Contract Tower,0,0,1,0,1,0,0,24,0,24,0,0,25,0,25,14,0,14,39
12/03/2018,ADM,OK,ASW,CE,Federal Contract Tower,0,1,2,1,4,0,0,28,0,28,0,1,30,1,32,0,0,0,32
12/04/2018,ADM,OK,ASW,CE,Federal Contract Tower,0,1,1,6,8,0,0,30,7,37,0,1,31,13,45,8,42,50,95
12/05/2018,ADM,OK,ASW,CE,Federal Contract Tower,0,0,12,0,12,0,0,52,0,52,0,0,64,0,64,12,4,16,80
12/06/2018,ADM,OK,ASW,CE,Federal Contract Tower,0,1,12,0,13,0,0,4,0,4,0,1,16,0,17,0,0,0,17
12/07/2018,ADM,OK,ASW,CE,Federal Contract Tower,0,0,17,0,17,0,0,2,0,2,0,0,19,0,19,6,0,6,25
12/08/2018,ADM,OK,ASW,CE,Federal Contract Tower,0,0,3,0,3,0,0,0,0,0,0,0,3,0,3,0,0,0,3
12/09/2018,ADM,OK,ASW,CE,Federal Contract Tower,0,0,0,0,0,0,0,12,0,12,0,0,12,0,12,4,0,4,16
12/10/2018,ADM,OK,ASW,CE,Federal Contract Tower,0,0,4,6,10,0,0,51,8,59,0,0,55,14,69,20,26,46,115
12/11/2018,ADM,OK,ASW,CE,Federal Contract Tower,0,0,14,2,16,0,1,37,16,54,0,1,51,18,70,14,16,30,100
12/12/2018,ADM,OK,ASW,CE,Federal Contract Tower,0,0,22,14,36,0,0,23,2,25,0,0,45,16,61,12,16,28,89
12/13/2018,ADM,OK,ASW,CE,Federal Contract Tower,0,0,7,0,7,0,1,1,0,2,0,1,8,0,9,0,0,0,9
12/14/2018,ADM,OK,ASW,CE,Federal Contract Tower,0,0,5,6,11,0,0,2,0,2,0,0,7,6,13,6,0,6,19
12/15/2018,ADM,OK,ASW,CE,Federal Contract Tower,0,0,0,0,0,0,0,38,0,38,0,0,38,0,38,0,0,0,38
12/16/2018,ADM,OK,ASW,CE,Federal Contract Tower,0,0,4,2,6,0,0,28,0,28,0,0,32,2,34,6,0,6,40
12/17/2018,ADM,OK,ASW,CE,Federal Contract Tower,0,0,11,0,11,0,2,50,0,52,0,2,61,0,63,22,0,22,85
12/18/2018,ADM,OK,ASW,CE,Federal Contract Tower,0,1,12,3,16,0,0,28,6,34,0,1,40,9,50,22,14,36,86
12/19/2018,ADM,OK,ASW,CE,Federal Contract Tower,0,0,4,0,4,0,0,2,0,2,0,0,6,0,6,0,0,0,6
12/20/2018,ADM,OK,ASW,CE,Federal Contract Tower,0,2,8,3,13,0,0,15,1,16,0,2,23,4,29,2,0,2,31
12/21/2018,ADM,OK,ASW,CE,Federal Contract Tower,0,0,11,4,15,0,0,48,0,48,0,0,59,4,63,6,0,6,69
12/22/2018,ADM,OK,ASW,CE,Federal Contract Tower,0,0,1,0,1,0,0,25,0,25,0,0,26,0,26,6,0,6,32
12/23/2018,ADM,OK,ASW,CE,Federal Contract Tower,0,0,3,0,3,0,0,14,0,14,0,0,17,0,17,0,0,0,17
12/24/2018,ADM,OK,ASW,CE,Federal Contract Tower,0,0,2,0,2,0,0,16,0,16,0,0,18,0,18,0,0,0,18
12/25/2018,ADM,OK,ASW,CE,Federal Contract Tower,0,0,0,0,0,0,0,1,0,1,0,0,1,0,1,0,0,0,1
12/26/2018,ADM,OK,ASW,CE,Federal Contract Tower,0,0,8,0,8,0,0,0,0,0,0,0,8,0,8,0,0,0,8
12/27/2018,ADM,OK,ASW,CE,Federal Contract Tower,0,0,12,1,13,0,0,19,14,33,0,0,31,15,46,16,6,22,68
12/28/2018,ADM,OK,ASW,CE,Federal Contract Tower,0,0,8,0,8,0,0,21,9,30,0,0,29,9,38,6,6,12,50
12/29/2018,ADM,OK,ASW,CE,Federal Contract Tower,0,0,1,0,1,0,0,19,0,19,0,0,20,0,20,6,0,6,26
12/30/2018,ADM,OK,ASW,CE,Federal Contract Tower,0,0,3,0,3,0,0,2,0,2,0,0,5,0,5,0,0,0,5
12/31/2018,ADM,OK,ASW,CE,Federal Contract Tower,0,0,1,0,1,0,0,7,0,7,0,0,8,0,8,0,0,0,8
01/01/2019,ADM,OK,ASW,CE,Federal Contract Tower,0,0,3,0,3,0,0,0,0,0,0,0,3,0,3,2,0,2,5
01/02/2019,ADM,OK,ASW,CE,Federal Contract Tower,0,0,4,0,4,0,0,0,0,0,0,0,4,0,4,0,0,0,4
01/03/2019,ADM,OK,ASW,CE,Federal Contract Tower,0,0,0,0,0,0,0,1,0,1,0,0,1,0,1,0,0,0,1
01/04/2019,ADM,OK,ASW,CE,Federal Contract Tower,0,0,11,9,20,0,0,25,3,28,0,0,36,12,48,16,0,16,64
01/05/2019,ADM,OK,ASW,CE,Federal Contract Tower,0,0,6,0,6,0,0,41,0,41,0,0,47,0,47,26,0,26,73
01/06/2019,ADM,OK,ASW,CE,Federal Contract Tower,0,0,5,11,16,0,0,7,1,8,0,0,12,12,24,4,8,12,36
01/07/2019,ADM,OK,ASW,CE,Federal Contract Tower,0,0,1,0,1,0,0,28,0,28,0,0,29,0,29,18,0,18,47
01/08/2019,ADM,OK,ASW,CE,Federal Contract Tower,0,0,6,13,19,0,0,31,8,39,0,0,37,21,58,22,8,30,88
01/09/2019,ADM,OK,ASW,CE,Federal Contract Tower,0,0,4,8,12,0,0,40,2,42,0,0,44,10,54,26,0,26,80
01/10/2019,ADM,OK,ASW,CE,Federal Contract Tower,0,0,8,0,8,0,0,38,0,38,0,0,46,0,46,14,0,14,60
01/11/2019,ADM,OK,ASW,CE,Federal Contract Tower,0,0,13,0,13,0,0,0,0,0,0,0,13,0,13,0,0,0,13
01/12/2019,ADM,OK,ASW,CE,Federal Contract Tower,0,0,5,2,7,0,0,3,0,3,0,0,8,2,10,0,0,0,10
01/13/2019,ADM,OK,ASW,CE,Federal Contract Tower,0,0,6,0,6,0,0,0,0,0,0,0,6,0,6,0,0,0,6
01/14/2019,ADM,OK,ASW,CE,Federal Contract Tower,0,0,9,12,21,0,0,23,0,23,0,0,32,12,44,6,0,6,50
01/15/2019,ADM,OK,ASW,CE,Federal Contract Tower,0,0,11,4,15,0,0,4,1,5,0,0,15,5,20,0,0,0,20
01/16/2019,ADM,OK,ASW,CE,Federal Contract Tower,0,2,2,5,9,0,0,2,0,2,0,2,4,5,11,0,0,0,11
01/17/2019,ADM,OK,ASW,CE,Federal Contract Tower,0,2,17,10,29,0,0,29,3,32,0,2,46,13,61,14,1,15,76
01/18/2019,ADM,OK,ASW,CE,Federal Contract Tower,0,0,3,8,11,0,0,11,0,11,0,0,14,8,22,0,0,0,22
01/19/2019,ADM,OK,ASW,CE,Federal Contract Tower,0,0,2,0,2,0,0,0,0,0,0,0,2,0,2,0,0,0,2
01/20/2019,ADM,OK,ASW,CE,Federal Contract Tower,0,0,4,0,4,0,0,26,0,26,0,0,30,0,30,8,0,8,38
01/21/2019,ADM,OK,ASW,CE,Federal Contract Tower,0,0,17,0,17,0,0,3,0,3,0,0,20,0,20,14,0,14,34
01/22/2019,ADM,OK,ASW,CE,Federal Contract Tower,0,0,12,0,12,0,0,4,0,4,0,0,16,0,16,0,0,0,16
01/23/2019,ADM,OK,ASW,CE,Federal Contract Tower,0,0,6,3,9,0,0,33,2,35,0,0,39,5,44,38,16,54,98
01/24/2019,ADM,OK,ASW,CE,Federal Contract Tower,0,0,6,4,10,0,0,45,3,48,0,0,51,7,58,16,2,18,76
01/25/2019,ADM,OK,ASW,CE,Federal Contract Tower,0,0,6,8,14,0,0,25,0,25,0,0,31,8,39,28,0,28,67
01/26/2019,ADM,OK,ASW,CE,Federal Contract Tower,0,0,3,1,4,0,0,21,1,22,0,0,24,2,26,8,10,18,44
01/27/2019,ADM,OK,ASW,CE,Federal Contract Tower,0,0,7,4,11,0,0,25,0,25,0,0,32,4,36,0,0,0,36
01/28/2019,ADM,OK,ASW,CE,Federal Contract Tower,0,1,4,16,21,0,0,25,4,29,0,1,29,20,50,12,0,12,62
01/29/2019,ADM,OK,ASW,CE,Federal Contract Tower,0,1,11,23,35,0,0,32,0,32,0,1,43,23,67,30,0,30,97
01/30/2019,ADM,OK,ASW,CE,Federal Contract Tower,0,0,3,19,22,0,0,35,3,38,0,0,38,22,60,0,0,0,60
01/31/2019,ADM,OK,ASW,CE,Federal Contract Tower,0,0,12,22,34,0,0,12,1,13,0,0,24,23,47,6,4,10,57
02/01/2019,ADM,OK,ASW,CE,Federal Contract Tower,0,0,1,0,1,0,0,0,0,0,0,0,1,0,1,0,0,0,1
02/02/2019,ADM,OK,ASW,CE,Federal Contract Tower,0,0,12,0,12,0,0,0,0,0,0,0,12,0,12,0,0,0,12
02/03/2019,ADM,OK,ASW,CE,Federal Contract Tower,0,0,6,0,6,0,0,4,0,4,0,0,10,0,10,0,0,0,10
02/04/2019,ADM,OK,ASW,CE,Federal Contract Tower,0,2,7,20,29,0,0,34,5,39,0,2,41,25,68,6,14,20,88
02/05/2019,ADM,OK,ASW,CE,Federal Contract Tower,0,10,9,0,19,0,1,0,0,1,0,11,9,0,20,0,0,0,20
02/06/2019,ADM,OK,ASW,CE,Federal Contract Tower,0,0,16,8,24,0,0,0,0,0,0,0,16,8,24,0,4,4,28
02/07/2019,ADM,OK,ASW,CE,Federal Contract Tower,0,0,12,4,16,0,0,18,0,18,0,0,30,4,34,28,0,28,62
02/08/2019,ADM,OK,ASW,CE,Federal Contract Tower,0,2,14,3,19,0,0,23,1,24,0,2,37,4,43,12,4,16,59
02/09/2019,ADM,OK,ASW,CE,Federal Contract Tower,0,0,0,0,0,0,0,12,0,12,0,0,12,0,12,2,0,2,14
02/10/2019,ADM,OK,ASW,CE,Federal Contract Tower,0,0,4,0,4,0,0,0,0,0,0,0,4,0,4,0,0,0,4
02/11/2019,ADM,OK,ASW,CE,Federal Contract Tower,0,1,6,0,7,0,0,0,0,0,0,1,6,0,7,0,0,0,7
02/12/2019,ADM,OK,ASW,CE,Federal Contract Tower,0,0,18,12,30,0,0,41,2,43,0,0,59,14,73,0,0,0,73
02/13/2019,ADM,OK,ASW,CE,Federal Contract Tower,0,0,10,0,10,0,0,25,0,25,0,0,35,0,35,0,0,0,35
02/14/2019,ADM,OK,ASW,CE,Federal Contract Tower,0,0,24,13,37,0,0,32,3,35,0,0,56,16,72,24,22,46,118
02/15/2019,ADM,OK,ASW,CE,Federal Contract Tower,0,0,20,6,26,0,0,5,0,5,0,0,25,6,31,0,0,0,31
02/16/2019,ADM,OK,ASW,CE,Federal Contract Tower,0,0,3,0,3,0,0,0,0,0,0,0,3,0,3,0,0,0,3
02/17/2019,ADM,OK,ASW,CE,Federal Contract Tower,0,0,9,9,18,0,0,24,1,25,0,0,33,10,43,0,0,0,43
02/18/2019,ADM,OK,ASW,CE,Federal Contract Tower,0,0,17,0,17,0,0,27,4,31,0,0,44,4,48,8,4,12,60
02/19/2019,ADM,OK,ASW,CE,Federal Contract Tower,0,0,2,0,2,0,0,4,0,4,0,0,6,0,6,0,0,0,6
02/20/2019,ADM,OK,ASW,CE,Federal Contract Tower,0,2,6,8,16,0,3,44,9,56,0,5,50,17,72,30,12,42,114
02/21/2019,ADM,OK,ASW,CE,Federal Contract Tower,0,0,21,7,28,0,1,8,9,18,0,1,29,16,46,12,16,28,74
02/22/2019,ADM,OK,ASW,CE,Federal Contract Tower,0,0,2,0,2,0,0,0,0,0,0,0,2,0,2,0,0,0,2
02/23/2019,ADM,OK,ASW,CE,Federal Contract Tower,0,0,3,0,3,0,0,1,0,1,0,0,4,0,4,0,0,0,4
02/24/2019,ADM,OK,ASW,CE,Federal Contract Tower,0,2,7,4,13,0,0,34,0,34,0,2,41,4,47,0,0,0,47
02/25/2019,ADM,OK,ASW,CE,Federal Contract Tower,0,1,3,7,11,0,0,32,3,35,0,1,35,10,46,10,0,10,56
02/26/2019,ADM,OK,ASW,CE,Federal Contract Tower,0,0,30,4,34,0,1,2,0,3,0,1,32,4,37,0,0,0,37
02/27/2019,ADM,OK,ASW,CE,Federal Contract Tower,0,0,8,0,8,0,0,0,0,0,0,0,8,0,8,0,0,0,8
02/28/2019,ADM,OK,ASW,CE,Federal Contract Tower,0,0,8,8,16,0,0,0,0,0,0,0,8,8,16,0,0,0,16
03/01/2019,ADM,OK,ASW,CE,Federal Contract Tower,0,1,18,2,21,0,0,0,4,4,0,1,18,6,25,0,2,2,27
03/02/2019,ADM,OK,ASW,CE,Federal Contract Tower,0,0,4,0,4,0,0,0,0,0,0,0,4,0,4,0,0,0,4
03/03/2019,ADM,OK,ASW,CE,Federal Contract Tower,0,0,0,0,0,0,0,0,0,0,0,0,0,0,0,0,0,0,0
03/04/2019,ADM,OK,ASW,CE,Federal Contract Tower,0,0,3,6,9,0,0,17,8,25,0,0,20,14,34,0,8,8,42
03/05/2019,ADM,OK,ASW,CE,Federal Contract Tower,0,0,16,15,31,0,1,47,4,52,0,1,63,19,83,8,0,8,91
03/06/2019,ADM,OK,ASW,CE,Federal Contract Tower,0,0,5,10,15,0,0,42,0,42,0,0,47,10,57,14,0,14,71
03/07/2019,ADM,OK,ASW,CE,Federal Contract Tower,0,4,22,19,45,0,1,15,3,19,0,5,37,22,64,22,8,30,94
03/08/2019,ADM,OK,ASW,CE,Federal Contract Tower,0,0,4,4,8,0,0,8,2,10,0,0,12,6,18,0,0,0,18
03/09/2019,ADM,OK,ASW,CE,Federal Contract Tower,0,0,4,0,4,0,0,3,0,3,0,0,7,0,7,6,0,6,13
03/10/2019,ADM,OK,ASW,CE,Federal Contract Tower,0,0,2,0,2,0,0,8,5,13,0,0,10,5,15,0,4,4,19
03/11/2019,ADM,OK,ASW,CE,Federal Contract Tower,0,0,10,9,19,0,0,0,1,1,0,0,10,10,20,0,2,2,22
03/12/2019,ADM,OK,ASW,CE,Federal Contract Tower,0,1,7,0,8,0,0,0,0,0,0,1,7,0,8,0,0,0,8
03/13/2019,ADM,OK,ASW,CE,Federal Contract Tower,0,0,1,0,1,0,1,3,0,4,0,1,4,0,5,0,0,0,5
03/14/2019,ADM,OK,ASW,CE,Federal Contract Tower,0,2,11,21,34,0,0,32,1,33,0,2,43,22,67,16,0,16,83
03/15/2019,ADM,OK,ASW,CE,Federal Contract Tower,0,0,14,12,26,0,0,28,2,30,0,0,42,14,56,12,2,14,70
03/16/2019,ADM,OK,ASW,CE,Federal Contract Tower,0,0,7,6,13,0,0,33,4,37,0,0,40,10,50,26,0,26,76
03/17/2019,ADM,OK,ASW,CE,Federal Contract Tower,0,0,3,0,3,0,0,25,0,25,0,0,28,0,28,0,0,0,28
03/18/2019,ADM,OK,ASW,CE,Federal Contract Tower,0,0,6,4,10,0,1,41,0,42,0,1,47,4,52,20,0,20,72
03/19/2019,ADM,OK,ASW,CE,Federal Contract Tower,0,0,13,10,23,0,0,51,1,52,0,0,64,11,75,8,12,20,95
03/20/2019,ADM,OK,ASW,CE,Federal Contract Tower,0,2,3,6,11,0,0,16,2,18,0,2,19,8,29,12,0,12,41
03/21/2019,ADM,OK,ASW,CE,Federal Contract Tower,0,0,11,10,21,0,1,61,0,62,0,1,72,10,83,6,0,6,89
03/22/2019,ADM,OK,ASW,CE,Federal Contract Tower,0,0,16,8,24,0,0,58,4,62,0,0,74,12,86,34,10,44,130
03/23/2019,ADM,OK,ASW,CE,Federal Contract Tower,0,0,2,0,2,0,0,0,0,0,0,0,2,0,2,0,0,0,2
03/24/2019,ADM,OK,ASW,CE,Federal Contract Tower,0,2,2,2,6,0,0,8,2,10,0,2,10,4,16,6,0,6,22
03/25/2019,ADM,OK,ASW,CE,Federal Contract Tower,0,2,11,1,14,0,0,41,4,45,0,2,52,5,59,32,2,34,93
03/26/2019,ADM,OK,ASW,CE,Federal Contract Tower,0,0,9,8,17,0,0,55,6,61,0,0,64,14,78,12,30,42,120
03/27/2019,ADM,OK,ASW,CE,Federal Contract Tower,0,1,5,6,12,0,0,38,4,42,0,1,43,10,54,42,2,44,98
03/28/2019,ADM,OK,ASW,CE,Federal Contract Tower,0,0,10,12,22,0,1,46,2,49,0,1,56,14,71,0,14,14,85
03/29/2019,ADM,OK,ASW,CE,Federal Contract Tower,0,0,23,4,27,0,0,0,0,0,0,0,23,4,27,2,50,52,79
03/30/2019,ADM,OK,ASW,CE,Federal Contract Tower,0,0,2,0,2,0,0,0,0,0,0,0,2,0,2,0,0,0,2
03/31/2019,ADM,OK,ASW,CE,Federal Contract Tower,0,0,4,6,10,0,0,28,8,36,0,0,32,14,46,22,20,42,88
04/01/2019,ADM,OK,ASW,CE,Federal Contract Tower,0,0,3,9,12,0,0,35,1,36,0,0,38,10,48,10,0,10,58
04/02/2019,ADM,OK,ASW,CE,Federal Contract Tower,0,0,11,10,21,0,0,21,6,27,0,0,32,16,48,30,12,42,90
04/03/2019,ADM,OK,ASW,CE,Federal Contract Tower,0,1,14,2,17,0,0,8,4,12,0,1,22,6,29,0,0,0,29
04/04/2019,ADM,OK,ASW,CE,Federal Contract Tower,0,1,9,7,17,0,0,9,0,9,0,1,18,7,26,10,0,10,36
04/05/2019,ADM,OK,ASW,CE,Federal Contract Tower,0,0,14,0,14,0,0,51,4,55,0,0,65,4,69,22,8,30,99
04/06/2019,ADM,OK,ASW,CE,Federal Contract Tower,0,0,4,0,4,0,0,0,0,0,0,0,4,0,4,0,0,0,4
04/07/2019,ADM,OK,ASW,CE,Federal Contract Tower,0,0,1,0,1,0,0,0,0,0,0,0,1,0,1,0,0,0,1
04/08/2019,ADM,OK,ASW,CE,Federal Contract Tower,0,0,11,4,15,0,0,32,8,40,0,0,43,12,55,4,14,18,73
04/09/2019,ADM,OK,ASW,CE,Federal Contract Tower,0,0,16,6,22,0,2,47,11,60,0,2,63,17,82,52,30,82,164
04/10/2019,ADM,OK,ASW,CE,Federal Contract Tower,0,0,7,8,15,0,0,6,6,12,0,0,13,14,27,0,0,0,27
04/11/2019,ADM,OK,ASW,CE,Federal Contract Tower,0,0,8,2,10,0,0,29,0,29,0,0,37,2,39,16,0,16,55
04/12/2019,ADM,OK,ASW,CE,Federal Contract Tower,0,0,15,2,17,0,0,49,0,49,0,0,64,2,66,18,20,38,104
04/13/2019,ADM,OK,ASW,CE,Federal Contract Tower,0,0,2,0,2,0,0,0,0,0,0,0,2,0,2,0,0,0,2
04/14/2019,ADM,OK,ASW,CE,Federal Contract Tower,0,0,3,4,7,0,0,33,1,34,0,0,36,5,41,14,0,14,55
04/15/2019,ADM,OK,ASW,CE,Federal Contract Tower,0,1,5,7,13,0,0,19,9,28,0,1,24,16,41,40,10,50,91
04/16/2019,ADM,OK,ASW,CE,Federal Contract Tower,0,0,14,8,22,0,0,8,1,9,0,0,22,9,31,16,0,16,47
04/17/2019,ADM,OK,ASW,CE,Federal Contract Tower,0,1,8,2,11,0,0,3,1,4,0,1,11,3,15,0,0,0,15
04/18/2019,ADM,OK,ASW,CE,Federal Contract Tower,0,0,6,10,16,0,0,3,4,7,0,0,9,14,23,0,44,44,67
04/19/2019,ADM,OK,ASW,CE,Federal Contract Tower,0,0,11,1,12,0,0,15,5,20,0,0,26,6,32,0,0,0,32
04/20/2019,ADM,OK,ASW,CE,Federal Contract Tower,0,0,3,0,3,0,0,24,0,24,0,0,27,0,27,0,0,0,27
04/21/2019,ADM,OK,ASW,CE,Federal Contract Tower,0,0,2,6,8,0,0,5,0,5,0,0,7,6,13,8,0,8,21
04/22/2019,ADM,OK,ASW,CE,Federal Contract Tower,0,0,10,2,12,0,0,2,4,6,0,0,12,6,18,0,0,0,18
04/23/2019,ADM,OK,ASW,CE,Federal Contract Tower,0,0,16,0,16,0,1,3,0,4,0,1,19,0,20,0,0,0,20
04/24/2019,ADM,OK,ASW,CE,Federal Contract Tower,0,0,6,2,8,0,0,1,0,1,0,0,7,2,9,0,0,0,9
04/25/2019,ADM,OK,ASW,CE,Federal Contract Tower,0,0,15,4,19,0,1,49,0,50,0,1,64,4,69,0,12,12,81
04/26/2019,ADM,OK,ASW,CE,Federal Contract Tower,0,0,7,3,10,0,0,71,6,77,0,0,78,9,87,22,4,26,113
04/27/2019,ADM,OK,ASW,CE,Federal Contract Tower,0,0,2,0,2,0,0,14,0,14,0,0,16,0,16,6,0,6,22
04/28/2019,ADM,OK,ASW,CE,Federal Contract Tower,0,0,3,7,10,0,0,22,5,27,0,0,25,12,37,8,0,8,45
04/29/2019,ADM,OK,ASW,CE,Federal Contract Tower,0,10,6,0,16,0,0,10,0,10,0,10,16,0,26,0,0,0,26
04/30/2019,ADM,OK,ASW,CE,Federal Contract Tower,0,2,5,6,13,0,0,1,0,1,0,2,6,6,14,0,0,0,14
05/01/2019,ADM,OK,ASW,CE,Federal Contract Tower,0,2,11,5,18,0,0,0,0,0,0,2,11,5,18,0,0,0,18
05/02/2019,ADM,OK,ASW,CE,Federal Contract Tower,0,1,10,5,16,0,0,8,10,18,0,1,18,15,34,4,12,16,50
05/03/2019,ADM,OK,ASW,CE,Federal Contract Tower,0,0,5,0,5,0,0,3,3,6,0,0,8,3,11,0,2,2,13
05/04/2019,ADM,OK,ASW,CE,Federal Contract Tower,0,0,12,0,12,0,0,4,0,4,0,0,16,0,16,0,0,0,16
05/05/2019,ADM,OK,ASW,CE,Federal Contract Tower,0,0,2,0,2,0,0,12,0,12,0,0,14,0,14,0,0,0,14
05/06/2019,ADM,OK,ASW,CE,Federal Contract Tower,0,0,10,3,13,0,0,44,3,47,0,0,54,6,60,50,34,84,144
05/07/2019,ADM,OK,ASW,CE,Federal Contract Tower,0,0,12,6,18,0,0,10,2,12,0,0,22,8,30,16,8,24,54
05/08/2019,ADM,OK,ASW,CE,Federal Contract Tower,0,1,14,0,15,0,0,8,0,8,0,1,22,0,23,0,0,0,23
05/09/2019,ADM,OK,ASW,CE,Federal Contract Tower,0,0,23,14,37,0,0,4,0,4,0,0,27,14,41,0,10,10,51
05/10/2019,ADM,OK,ASW,CE,Federal Contract Tower,0,1,12,7,20,0,0,50,1,51,0,1,62,8,71,2,0,2,73
05/11/2019,ADM,OK,ASW,CE,Federal Contract Tower,0,0,6,0,6,0,0,1,0,1,0,0,7,0,7,0,0,0,7
05/12/2019,ADM,OK,ASW,CE,Federal Contract Tower,0,0,3,3,6,0,0,25,1,26,0,0,28,4,32,0,0,0,32
05/13/2019,ADM,OK,ASW,CE,Federal Contract Tower,0,0,13,4,17,0,0,41,0,41,0,0,54,4,58,4,0,4,62
05/14/2019,ADM,OK,ASW,CE,Federal Contract Tower,0,0,22,8,30,0,0,48,2,50,0,0,70,10,80,44,0,44,124
05/15/2019,ADM,OK,ASW,CE,Federal Contract Tower,0,0,10,12,22,0,0,0,0,0,0,0,10,12,22,10,4,14,36
05/16/2019,ADM,OK,ASW,CE,Federal Contract Tower,0,2,10,8,20,0,1,34,2,37,0,3,44,10,57,10,22,32,89
05/17/2019,ADM,OK,ASW,CE,Federal Contract Tower,0,1,8,13,22,0,0,16,3,19,0,1,24,16,41,8,22,30,71
05/18/2019,ADM,OK,ASW,CE,Federal Contract Tower,0,0,1,0,1,0,0,0,0,0,0,0,1,0,1,0,0,0,1
05/19/2019,ADM,OK,ASW,CE,Federal Contract Tower,0,0,4,0,4,0,0,24,0,24,0,0,28,0,28,10,0,10,38
05/20/2019,ADM,OK,ASW,CE,Federal Contract Tower,0,0,1,10,11,0,0,0,0,0,0,0,1,10,11,0,0,0,11
05/21/2019,ADM,OK,ASW,CE,Federal Contract Tower,0,0,2,0,2,0,0,11,4,15,0,0,13,4,17,6,2,8,25
05/22/2019,ADM,OK,ASW,CE,Federal Contract Tower,0,0,19,4,23,0,0,6,0,6,0,0,25,4,29,0,0,0,29
05/23/2019,ADM,OK,ASW,CE,Federal Contract Tower,0,2,16,2,20,0,1,8,0,9,0,3,24,2,29,0,6,6,35
05/24/2019,ADM,OK,ASW,CE,Federal Contract Tower,0,0,14,3,17,0,2,8,5,15,0,2,22,8,32,20,10,30,62
05/25/2019,ADM,OK,ASW,CE,Federal Contract Tower,0,0,3,0,3,0,0,8,0,8,0,0,11,0,11,26,0,26,37
05/26/2019,ADM,OK,ASW,CE,Federal Contract Tower,0,0,7,0,7,0,0,10,2,12,0,0,17,2,19,6,0,6,25
05/27/2019,ADM,OK,ASW,CE,Federal Contract Tower,0,0,6,0,6,0,0,18,0,18,0,0,24,0,24,26,0,26,50
05/28/2019,ADM,OK,ASW,CE,Federal Contract Tower,0,0,9,3,12,0,0,14,1,15,0,0,23,4,27,2,4,6,33
05/29/2019,ADM,OK,ASW,CE,Federal Contract Tower,0,0,1,4,5,0,0,0,0,0,0,0,1,4,5,0,0,0,5
05/30/2019,ADM,OK,ASW,CE,Federal Contract Tower,0,0,14,4,18,0,1,42,2,45,0,1,56,6,63,46,4,50,113
05/31/2019,ADM,OK,ASW,CE,Federal Contract Tower,0,0,7,8,15,0,0,32,8,40,0,0,39,16,55,16,22,38,93
06/01/2019,ADM,OK,ASW,CE,Federal Contract Tower,0,2,6,1,9,0,0,17,7,24,0,2,23,8,33,26,4,30,63
06/02/2019,ADM,OK,ASW,CE,Federal Contract Tower,0,0,1,0,1,0,0,2,0,2,0,0,3,0,3,0,0,0,3
06/03/2019,ADM,OK,ASW,CE,Federal Contract Tower,1,0,5,14,20,0,0,12,0,12,1,0,17,14,32,24,0,24,56
06/04/2019,ADM,OK,ASW,CE,Federal Contract Tower,0,0,3,0,3,0,0,9,0,9,0,0,12,0,12,0,0,0,12
06/05/2019,ADM,OK,ASW,CE,Federal Contract Tower,0,0,7,0,7,0,0,10,0,10,0,0,17,0,17,0,0,0,17
06/06/2019,ADM,OK,ASW,CE,Federal Contract Tower,0,0,5,2,7,0,0,0,0,0,0,0,5,2,7,0,0,0,7
06/07/2019,ADM,OK,ASW,CE,Federal Contract Tower,0,0,19,6,25,0,0,26,2,28,0,0,45,8,53,6,0,6,59
06/08/2019,ADM,OK,ASW,CE,Federal Contract Tower,0,2,0,1,3,0,0,41,3,44,0,2,41,4,47,16,8,24,71
06/09/2019,ADM,OK,ASW,CE,Federal Contract Tower,0,0,2,0,2,0,0,2,0,2,0,0,4,0,4,0,0,0,4
06/10/2019,ADM,OK,ASW,CE,Federal Contract Tower,0,0,4,4,8,0,0,44,0,44,0,0,48,4,52,38,0,38,90
06/11/2019,ADM,OK,ASW,CE,Federal Contract Tower,0,0,11,8,19,0,2,59,2,63,0,2,70,10,82,80,2,82,164
06/12/2019,ADM,OK,ASW,CE,Federal Contract Tower,0,0,16,4,20,0,1,34,2,37,0,1,50,6,57,26,0,26,83
06/13/2019,ADM,OK,ASW,CE,Federal Contract Tower,0,0,19,5,24,0,0,53,5,58,0,0,72,10,82,60,38,98,180
06/14/2019,ADM,OK,ASW,CE,Federal Contract Tower,0,0,4,3,7,0,0,30,4,34,0,0,34,7,41,14,20,34,75
06/15/2019,ADM,OK,ASW,CE,Federal Contract Tower,0,0,5,5,10,0,0,9,0,9,0,0,14,5,19,0,0,0,19
06/16/2019,ADM,OK,ASW,CE,Federal Contract Tower,0,0,2,2,4,0,0,2,0,2,0,0,4,2,6,6,0,6,12
06/17/2019,ADM,OK,ASW,CE,Federal Contract Tower,0,0,13,7,20,0,0,19,2,21,0,0,32,9,41,8,0,8,49
06/18/2019,ADM,OK,ASW,CE,Federal Contract Tower,0,0,18,4,22,0,2,58,0,60,0,2,76,4,82,64,0,64,146
06/19/2019,ADM,OK,ASW,CE,Federal Contract Tower,0,2,9,2,13,0,0,40,3,43,0,2,49,5,56,54,18,72,128
06/20/2019,ADM,OK,ASW,CE,Federal Contract Tower,0,0,12,2,14,0,1,59,2,62,0,1,71,4,76,48,0,48,124
06/21/2019,ADM,OK,ASW,CE,Federal Contract Tower,0,0,9,2,11,0,2,25,4,31,0,2,34,6,42,6,0,6,48
06/22/2019,ADM,OK,ASW,CE,Federal Contract Tower,0,0,0,0,0,0,0,2,0,2,0,0,2,0,2,0,0,0,2
06/23/2019,ADM,OK,ASW,CE,Federal Contract Tower,0,1,1,0,2,0,0,3,0,3,0,1,4,0,5,0,0,0,5
06/24/2019,ADM,OK,ASW,CE,Federal Contract Tower,0,0,18,2,20,0,0,28,2,30,0,0,46,4,50,18,8,26,76
06/25/2019,ADM,OK,ASW,CE,Federal Contract Tower,0,0,19,6,25,0,3,42,5,50,0,3,61,11,75,28,6,34,109
06/26/2019,ADM,OK,ASW,CE,Federal Contract Tower,0,1,12,2,15,0,1,26,0,27,0,2,38,2,42,6,0,6,48
06/27/2019,ADM,OK,ASW,CE,Federal Contract Tower,0,0,12,0,12,0,0,65,2,67,0,0,77,2,79,46,2,48,127
06/28/2019,ADM,OK,ASW,CE,Federal Contract Tower,0,0,26,4,30,0,0,54,0,54,0,0,80,4,84,54,0,54,138
06/29/2019,ADM,OK,ASW,CE,Federal Contract Tower,0,0,0,1,1,0,0,32,0,32,0,0,32,1,33,14,0,14,47
06/30/2019,ADM,OK,ASW,CE,Federal Contract Tower,0,0,5,1,6,0,0,3,1,4,0,0,8,2,10,0,10,10,20
07/01/2019,ADM,OK,ASW,CE,Federal Contract Tower,0,0,1,8,9,0,0,12,1,13,0,0,13,9,22,6,26,32,54
07/02/2019,ADM,OK,ASW,CE,Federal Contract Tower,0,0,7,1,8,0,0,41,1,42,0,0,48,2,50,36,0,36,86
07/03/2019,ADM,OK,ASW,CE,Federal Contract Tower,0,0,8,2,10,0,0,22,0,22,0,0,30,2,32,26,0,26,58
07/04/2019,ADM,OK,ASW,CE,Federal Contract Tower,0,0,3,0,3,0,0,4,0,4,0,0,7,0,7,4,0,4,11
07/05/2019,ADM,OK,ASW,CE,Federal Contract Tower,0,0,10,0,10,0,0,18,0,18,0,0,28,0,28,4,0,4,32
07/06/2019,ADM,OK,ASW,CE,Federal Contract Tower,0,0,5,0,5,0,0,13,0,13,0,0,18,0,18,6,0,6,24
07/07/2019,ADM,OK,ASW,CE,Federal Contract Tower,0,0,0,0,0,0,0,8,0,8,0,0,8,0,8,0,0,0,8
07/08/2019,ADM,OK,ASW,CE,Federal Contract Tower,0,0,9,1,10,0,0,13,0,13,0,0,22,1,23,10,0,10,33
07/09/2019,ADM,OK,ASW,CE,Federal Contract Tower,0,0,10,1,11,0,2,69,3,74,0,2,79,4,85,64,6,70,155
07/10/2019,ADM,OK,ASW,CE,Federal Contract Tower,0,0,8,1,9,0,0,15,0,15,0,0,23,1,24,20,0,20,44
07/11/2019,ADM,OK,ASW,CE,Federal Contract Tower,0,0,5,4,9,0,1,52,4,57,0,1,57,8,66,22,8,30,96
07/12/2019,ADM,OK,ASW,CE,Federal Contract Tower,0,1,7,24,32,0,0,45,3,48,0,1,52,27,80,12,0,12,92
07/13/2019,ADM,OK,ASW,CE,Federal Contract Tower,0,0,3,0,3,0,0,19,0,19,0,0,22,0,22,8,0,8,30
07/14/2019,ADM,OK,ASW,CE,Federal Contract Tower,0,0,2,0,2,0,0,4,0,4,0,0,6,0,6,0,0,0,6
07/15/2019,ADM,OK,ASW,CE,Federal Contract Tower,0,0,13,0,13,0,0,20,0,20,0,0,33,0,33,8,0,8,41
07/16/2019,ADM,OK,ASW,CE,Federal Contract Tower,0,0,8,4,12,0,0,34,0,34,0,0,42,4,46,2,0,2,48
07/17/2019,ADM,OK,ASW,CE,Federal Contract Tower,0,0,2,12,14,0,1,27,2,30,0,1,29,14,44,4,12,16,60
07/18/2019,ADM,OK,ASW,CE,Federal Contract Tower,0,1,10,0,11,0,0,37,0,37,0,1,47,0,48,106,0,106,154
07/19/2019,ADM,OK,ASW,CE,Federal Contract Tower,0,1,20,2,23,0,3,32,0,35,0,4,52,2,58,34,0,34,92
07/20/2019,ADM,OK,ASW,CE,Federal Contract Tower,0,0,0,0,0,0,0,18,0,18,0,0,18,0,18,0,0,0,18
07/21/2019,ADM,OK,ASW,CE,Federal Contract Tower,0,1,2,0,3,0,0,20,0,20,0,1,22,0,23,16,0,16,39
07/22/2019,ADM,OK,ASW,CE,Federal Contract Tower,0,0,6,9,15,0,0,8,0,8,0,0,14,9,23,0,0,0,23
07/23/2019,ADM,OK,ASW,CE,Federal Contract Tower,0,0,10,4,14,0,0,70,0,70,0,0,80,4,84,26,0,26,110
07/24/2019,ADM,OK,ASW,CE,Federal Contract Tower,0,0,7,0,7,0,2,52,2,56,0,2,59,2,63,38,2,40,103
07/25/2019,ADM,OK,ASW,CE,Federal Contract Tower,0,0,10,6,16,0,1,44,10,55,0,1,54,16,71,40,22,62,133
07/26/2019,ADM,OK,ASW,CE,Federal Contract Tower,0,0,2,2,4,0,0,35,2,37,0,0,37,4,41,12,0,12,53
07/27/2019,ADM,OK,ASW,CE,Federal Contract Tower,0,0,2,0,2,0,0,28,0,28,0,0,30,0,30,6,0,6,36
07/28/2019,ADM,OK,ASW,CE,Federal Contract Tower,0,0,6,0,6,0,0,18,0,18,0,0,24,0,24,2,0,2,26
07/29/2019,ADM,OK,ASW,CE,Federal Contract Tower,0,0,11,0,11,0,0,8,0,8,0,0,19,0,19,12,0,12,31
07/30/2019,ADM,OK,ASW,CE,Federal Contract Tower,0,0,7,10,17,0,1,14,0,15,0,1,21,10,32,6,0,6,38
07/31/2019,ADM,OK,ASW,CE,Federal Contract Tower,0,0,0,8,8,0,0,33,2,35,0,0,33,10,43,6,6,12,55
08/01/2019,ADM,OK,ASW,CE,Federal Contract Tower,0,0,18,2,20,0,2,28,1,31,0,2,46,3,51,20,8,28,79
08/02/2019,ADM,OK,ASW,CE,Federal Contract Tower,0,0,7,7,14,0,1,19,3,23,0,1,26,10,37,4,10,14,51
08/03/2019,ADM,OK,ASW,CE,Federal Contract Tower,0,0,0,0,0,0,0,7,0,7,0,0,7,0,7,2,0,2,9
08/04/2019,ADM,OK,ASW,CE,Federal Contract Tower,0,0,6,0,6,0,0,0,0,0,0,0,6,0,6,0,0,0,6
08/05/2019,ADM,OK,ASW,CE,Federal Contract Tower,0,2,2,3,7,0,0,9,9,18,0,2,11,12,25,10,8,18,43
08/06/2019,ADM,OK,ASW,CE,Federal Contract Tower,0,0,21,18,39,0,0,27,0,27,0,0,48,18,66,18,0,18,84
08/07/2019,ADM,OK,ASW,CE,Federal Contract Tower,0,1,8,16,25,0,0,25,2,27,0,1,33,18,52,14,0,14,66
08/08/2019,ADM,OK,ASW,CE,Federal Contract Tower,0,2,7,1,10,0,0,24,3,27,0,2,31,4,37,20,10,30,67
08/09/2019,ADM,OK,ASW,CE,Federal Contract Tower,0,0,0,0,0,0,0,27,0,27,0,0,27,0,27,16,0,16,43
08/10/2019,ADM,OK,ASW,CE,Federal Contract Tower,0,0,10,0,10,0,0,19,0,19,0,0,29,0,29,14,0,14,43
08/11/2019,ADM,OK,ASW,CE,Federal Contract Tower,0,0,2,0,2,0,0,13,0,13,0,0,15,0,15,8,0,8,23
08/12/2019,ADM,OK,ASW,CE,Federal Contract Tower,0,0,4,6,10,0,0,27,0,27,0,0,31,6,37,12,0,12,49
08/13/2019,ADM,OK,ASW,CE,Federal Contract Tower,0,1,4,6,11,0,0,15,0,15,0,1,19,6,26,6,0,6,32
08/14/2019,ADM,OK,ASW,CE,Federal Contract Tower,0,0,7,12,19,0,0,25,0,25,0,0,32,12,44,4,0,4,48
08/15/2019,ADM,OK,ASW,CE,Federal Contract Tower,0,0,9,10,19,0,0,15,0,15,0,0,24,10,34,10,0,10,44
08/16/2019,ADM,OK,ASW,CE,Federal Contract Tower,0,0,6,2,8,0,0,17,5,22,0,0,23,7,30,12,10,22,52
08/17/2019,ADM,OK,ASW,CE,Federal Contract Tower,0,0,0,4,4,0,0,6,0,6,0,0,6,4,10,0,0,0,10
08/18/2019,ADM,OK,ASW,CE,Federal Contract Tower,0,0,6,2,8,0,0,2,0,2,0,0,8,2,10,0,0,0,10
08/19/2019,ADM,OK,ASW,CE,Federal Contract Tower,0,0,6,27,33,0,0,22,0,22,0,0,28,27,55,30,2,32,87
08/20/2019,ADM,OK,ASW,CE,Federal Contract Tower,0,0,14,10,24,0,0,35,14,49,0,0,49,24,73,26,4,30,103
08/21/2019,ADM,OK,ASW,CE,Federal Contract Tower,0,1,6,9,16,0,1,28,0,29,0,2,34,9,45,14,0,14,59
08/22/2019,ADM,OK,ASW,CE,Federal Contract Tower,0,0,10,6,16,0,1,49,2,52,0,1,59,8,68,14,0,14,82
08/23/2019,ADM,OK,ASW,CE,Federal Contract Tower,0,0,7,0,7,0,0,7,0,7,0,0,14,0,14,34,0,34,48
08/24/2019,ADM,OK,ASW,CE,Federal Contract Tower,0,0,5,0,5,0,0,4,0,4,0,0,9,0,9,10,0,10,19
08/25/2019,ADM,OK,ASW,CE,Federal Contract Tower,0,0,5,0,5,0,0,1,0,1,0,0,6,0,6,0,0,0,6
08/26/2019,ADM,OK,ASW,CE,Federal Contract Tower,0,0,8,0,8,0,0,13,6,19,0,0,21,6,27,8,18,26,53
08/27/2019,ADM,OK,ASW,CE,Federal Contract Tower,0,0,8,0,8,0,0,5,0,5,0,0,13,0,13,6,0,6,19
08/28/2019,ADM,OK,ASW,CE,Federal Contract Tower,0,0,13,2,15,0,2,12,0,14,0,2,25,2,29,14,14,28,57
08/29/2019,ADM,OK,ASW,CE,Federal Contract Tower,0,1,15,0,16,0,0,32,2,34,0,1,47,2,50,44,0,44,94
08/30/2019,ADM,OK,ASW,CE,Federal Contract Tower,0,0,8,0,8,0,0,3,0,3,0,0,11,0,11,0,0,0,11
08/31/2019,ADM,OK,ASW,CE,Federal Contract Tower,0,0,11,0,11,0,0,3,0,3,0,0,14,0,14,0,0,0,14
09/01/2019,ADM,OK,ASW,CE,Federal Contract Tower,0,0,4,0,4,0,0,9,0,9,0,0,13,0,13,2,0,2,15
09/02/2019,ADM,OK,ASW,CE,Federal Contract Tower,0,0,4,0,4,0,0,19,0,19,0,0,23,0,23,0,0,0,23
09/03/2019,ADM,OK,ASW,CE,Federal Contract Tower,0,0,6,9,15,0,0,40,2,42,0,0,46,11,57,52,12,64,121
09/04/2019,ADM,OK,ASW,CE,Federal Contract Tower,0,2,6,4,12,0,0,28,4,32,0,2,34,8,44,4,4,8,52
09/05/2019,ADM,OK,ASW,CE,Federal Contract Tower,0,0,11,1,12,0,0,26,11,37,0,0,37,12,49,14,12,26,75
09/06/2019,ADM,OK,ASW,CE,Federal Contract Tower,0,0,7,4,11,0,0,37,6,43,0,0,44,10,54,16,0,16,70
09/07/2019,ADM,OK,ASW,CE,Federal Contract Tower,0,0,0,0,0,0,0,12,0,12,0,0,12,0,12,0,0,0,12
09/08/2019,ADM,OK,ASW,CE,Federal Contract Tower,0,0,0,0,0,0,0,26,0,26,0,0,26,0,26,10,0,10,36
09/09/2019,ADM,OK,ASW,CE,Federal Contract Tower,0,0,0,1,1,0,0,31,2,33,0,0,31,3,34,8,6,14,48
09/10/2019,ADM,OK,ASW,CE,Federal Contract Tower,0,2,5,2,9,0,2,14,2,18,0,4,19,4,27,6,8,14,41
09/11/2019,ADM,OK,ASW,CE,Federal Contract Tower,0,0,19,4,23,0,0,25,2,27,0,0,44,6,50,10,0,10,60
09/12/2019,ADM,OK,ASW,CE,Federal Contract Tower,0,0,14,3,17,0,1,37,7,45,0,1,51,10,62,4,48,52,114
09/13/2019,ADM,OK,ASW,CE,Federal Contract Tower,0,4,3,0,7,0,0,13,0,13,0,4,16,0,20,8,0,8,28
09/14/2019,ADM,OK,ASW,CE,Federal Contract Tower,0,1,6,0,7,0,0,34,0,34,0,1,40,0,41,12,0,12,53
09/15/2019,ADM,OK,ASW,CE,Federal Contract Tower,0,0,2,0,2,0,0,14,0,14,0,0,16,0,16,0,0,0,16
09/16/2019,ADM,OK,ASW,CE,Federal Contract Tower,0,0,4,4,8,0,0,21,6,27,0,0,25,10,35,4,24,28,63
09/17/2019,ADM,OK,ASW,CE,Federal Contract Tower,0,0,11,3,14,0,1,15,8,24,0,1,26,11,38,8,14,22,60
09/18/2019,ADM,OK,ASW,CE,Federal Contract Tower,0,0,16,9,25,0,0,36,8,44,0,0,52,17,69,12,32,44,113
09/19/2019,ADM,OK,ASW,CE,Federal Contract Tower,0,0,27,0,27,0,0,2,0,2,0,0,29,0,29,14,0,14,43
09/20/2019,ADM,OK,ASW,CE,Federal Contract Tower,0,0,2,4,6,0,0,0,0,0,0,0,2,4,6,0,0,0,6
09/21/2019,ADM,OK,ASW,CE,Federal Contract Tower,0,0,19,0,19,0,0,4,0,4,0,0,23,0,23,0,0,0,23
09/22/2019,ADM,OK,ASW,CE,Federal Contract Tower,0,0,5,0,5,0,0,2,0,2,0,0,7,0,7,0,0,0,7
09/23/2019,ADM,OK,ASW,CE,Federal Contract Tower,0,0,1,10,11,0,0,8,0,8,0,0,9,10,19,0,0,0,19
09/24/2019,ADM,OK,ASW,CE,Federal Contract Tower,0,0,9,4,13,0,1,14,2,17,0,1,23,6,30,0,0,0,30
09/25/2019,ADM,OK,ASW,CE,Federal Contract Tower,0,0,6,0,6,0,2,31,0,33,0,2,37,0,39,6,0,6,45
09/26/2019,ADM,OK,ASW,CE,Federal Contract Tower,0,0,2,7,9,0,0,24,0,24,0,0,26,7,33,10,0,10,43
09/27/2019,ADM,OK,ASW,CE,Federal Contract Tower,0,0,12,8,20,0,0,32,2,34,0,0,44,10,54,16,10,26,80
09/28/2019,ADM,OK,ASW,CE,Federal Contract Tower,0,0,4,0,4,0,0,14,0,14,0,0,18,0,18,12,0,12,30
09/29/2019,ADM,OK,ASW,CE,Federal Contract Tower,0,0,5,6,11,0,0,0,0,0,0,0,5,6,11,0,0,0,11
09/30/2019,ADM,OK,ASW,CE,Federal Contract Tower,0,0,6,8,14,0,0,0,16,16,0,0,6,24,30,32,0,32,62
10/01/2019,ADM,OK,ASW,CE,Federal Contract Tower,0,0,7,8,15,0,0,21,0,21,0,0,28,8,36,22,0,22,58
10/02/2019,ADM,OK,ASW,CE,Federal Contract Tower,0,0,4,5,9,0,0,31,6,37,0,0,35,11,46,6,2,8,54
10/03/2019,ADM,OK,ASW,CE,Federal Contract Tower,0,2,20,14,36,0,0,33,0,33,0,2,53,14,69,0,24,24,93
10/04/2019,ADM,OK,ASW,CE,Federal Contract Tower,0,0,20,5,25,0,0,34,1,35,0,0,54,6,60,8,6,14,74
10/05/2019,ADM,OK,ASW,CE,Federal Contract Tower,0,0,4,0,4,0,0,15,0,15,0,0,19,0,19,0,0,0,19
10/06/2019,ADM,OK,ASW,CE,Federal Contract Tower,0,0,6,0,6,0,0,10,0,10,0,0,16,0,16,6,0,6,22
10/07/2019,ADM,OK,ASW,CE,Federal Contract Tower,0,0,5,10,15,0,0,15,1,16,0,0,20,11,31,16,10,26,57
10/08/2019,ADM,OK,ASW,CE,Federal Contract Tower,0,0,15,0,15,0,0,26,0,26,0,0,41,0,41,30,0,30,71
10/09/2019,ADM,OK,ASW,CE,Federal Contract Tower,0,0,12,2,14,0,2,13,0,15,0,2,25,2,29,0,0,0,29
10/10/2019,ADM,OK,ASW,CE,Federal Contract Tower,0,0,6,0,6,0,0,6,0,6,0,0,12,0,12,0,0,0,12
10/11/2019,ADM,OK,ASW,CE,Federal Contract Tower,0,0,4,15,19,0,0,17,6,23,0,0,21,21,42,2,2,4,46
10/12/2019,ADM,OK,ASW,CE,Federal Contract Tower,0,0,4,0,4,0,0,38,4,42,0,0,42,4,46,22,0,22,68
10/13/2019,ADM,OK,ASW,CE,Federal Contract Tower,0,0,4,0,4,0,0,27,0,27,0,0,31,0,31,14,0,14,45
10/14/2019,ADM,OK,ASW,CE,Federal Contract Tower,0,1,9,0,10,0,0,14,0,14,0,1,23,0,24,14,0,14,38
10/15/2019,ADM,OK,ASW,CE,Federal Contract Tower,0,0,10,4,14,0,1,0,0,1,0,1,10,4,15,0,0,0,15
10/16/2019,ADM,OK,ASW,CE,Federal Contract Tower,0,0,9,18,27,0,0,14,0,14,0,0,23,18,41,14,0,14,55
10/17/2019,ADM,OK,ASW,CE,Federal Contract Tower,0,0,3,8,11,0,0,26,0,26,0,0,29,8,37,12,0,12,49
10/18/2019,ADM,OK,ASW,CE,Federal Contract Tower,0,0,2,21,23,0,0,51,16,67,0,0,53,37,90,12,12,24,114
10/19/2019,ADM,OK,ASW,CE,Federal Contract Tower,0,0,4,0,4,0,0,20,4,24,0,0,24,4,28,14,0,14,42
10/20/2019,ADM,OK,ASW,CE,Federal Contract Tower,0,0,7,0,7,0,0,6,0,6,0,0,13,0,13,0,0,0,13
10/21/2019,ADM,OK,ASW,CE,Federal Contract Tower,0,0,8,8,16,0,0,28,2,30,0,0,36,10,46,8,8,16,62
10/22/2019,ADM,OK,ASW,CE,Federal Contract Tower,0,0,16,8,24,0,2,18,1,21,0,2,34,9,45,8,0,8,53
10/23/2019,ADM,OK,ASW,CE,Federal Contract Tower,0,0,4,4,8,0,0,14,1,15,0,0,18,5,23,14,0,14,37
10/24/2019,ADM,OK,ASW,CE,Federal Contract Tower,0,0,2,0,2,0,0,0,0,0,0,0,2,0,2,0,0,0,2
10/25/2019,ADM,OK,ASW,CE,Federal Contract Tower,0,0,4,2,6,0,0,0,0,0,0,0,4,2,6,0,0,0,6
10/26/2019,ADM,OK,ASW,CE,Federal Contract Tower,0,0,2,0,2,0,0,8,0,8,0,0,10,0,10,6,0,6,16
10/27/2019,ADM,OK,ASW,CE,Federal Contract Tower,0,0,5,0,5,0,0,12,0,12,0,0,17,0,17,8,0,8,25
10/28/2019,ADM,OK,ASW,CE,Federal Contract Tower,0,0,10,8,18,0,0,0,0,0,0,0,10,8,18,0,0,0,18
10/29/2019,ADM,OK,ASW,CE,Federal Contract Tower,0,0,22,12,34,0,0,0,0,0,0,0,22,12,34,0,0,0,34
10/30/2019,ADM,OK,ASW,CE,Federal Contract Tower,0,0,2,0,2,0,0,0,0,0,0,0,2,0,2,0,0,0,2
10/31/2019,ADM,OK,ASW,CE,Federal Contract Tower,0,0,10,10,20,0,0,21,0,21,0,0,31,10,41,6,0,6,47
11/01/2019,ADM,OK,ASW,CE,Federal Contract Tower,0,0,7,8,15,0,0,43,4,47,0,0,50,12,62,6,4,10,72
11/02/2019,ADM,OK,ASW,CE,Federal Contract Tower,0,0,4,8,12,0,0,35,0,35,0,0,39,8,47,16,0,16,63
11/03/2019,ADM,OK,ASW,CE,Federal Contract Tower,0,0,0,6,6,0,0,13,5,18,0,0,13,11,24,6,0,6,30
11/04/2019,ADM,OK,ASW,CE,Federal Contract Tower,0,0,6,0,6,0,0,64,6,70,0,0,70,6,76,14,20,34,110
11/05/2019,ADM,OK,ASW,CE,Federal Contract Tower,0,2,8,13,23,0,0,3,14,17,0,2,11,27,40,12,40,52,92
11/06/2019,ADM,OK,ASW,CE,Federal Contract Tower,0,0,5,0,5,0,0,0,0,0,0,0,5,0,5,0,0,0,5
11/07/2019,ADM,OK,ASW,CE,Federal Contract Tower,0,0,11,0,11,0,0,4,0,4,0,0,15,0,15,10,0,10,25
11/08/2019,ADM,OK,ASW,CE,Federal Contract Tower,0,4,18,1,23,0,0,58,0,58,0,4,76,1,81,34,0,34,115
11/09/2019,ADM,OK,ASW,CE,Federal Contract Tower,0,0,0,0,0,0,0,30,0,30,0,0,30,0,30,30,0,30,60
11/10/2019,ADM,OK,ASW,CE,Federal Contract Tower,0,0,2,0,2,0,0,23,0,23,0,0,25,0,25,10,0,10,35
11/11/2019,ADM,OK,ASW,CE,Federal Contract Tower,0,6,0,0,6,0,0,0,0,0,0,6,0,0,6,0,0,0,6
11/12/2019,ADM,OK,ASW,CE,Federal Contract Tower,0,0,8,0,8,0,0,16,0,16,0,0,24,0,24,0,0,0,24
11/13/2019,ADM,OK,ASW,CE,Federal Contract Tower,0,1,11,3,15,0,0,34,0,34,0,1,45,3,49,26,4,30,79
11/14/2019,ADM,OK,ASW,CE,Federal Contract Tower,0,0,12,0,12,0,0,66,0,66,0,0,78,0,78,16,0,16,94
11/15/2019,ADM,OK,ASW,CE,Federal Contract Tower,0,0,12,22,34,0,0,56,8,64,0,0,68,30,98,20,10,30,128
11/16/2019,ADM,OK,ASW,CE,Federal Contract Tower,0,0,1,0,1,0,0,39,0,39,0,0,40,0,40,26,0,26,66
11/17/2019,ADM,OK,ASW,CE,Federal Contract Tower,0,0,6,1,7,0,0,16,3,19,0,0,22,4,26,18,0,18,44
11/18/2019,ADM,OK,ASW,CE,Federal Contract Tower,0,0,8,4,12,0,0,31,5,36,0,0,39,9,48,28,0,28,76
11/19/2019,ADM,OK,ASW,CE,Federal Contract Tower,0,0,13,16,29,0,0,59,6,65,0,0,72,22,94,8,14,22,116
11/20/2019,ADM,OK,ASW,CE,Federal Contract Tower,0,0,20,1,21,0,0,3,0,3,0,0,23,1,24,0,0,0,24
11/21/2019,ADM,OK,ASW,CE,Federal Contract Tower,0,0,8,0,8,0,0,0,0,0,0,0,8,0,8,0,0,0,8
11/22/2019,ADM,OK,ASW,CE,Federal Contract Tower,0,3,26,3,32,0,0,0,0,0,0,3,26,3,32,0,0,0,32
11/23/2019,ADM,OK,ASW,CE,Federal Contract Tower,0,0,2,0,2,0,0,14,0,14,0,0,16,0,16,4,0,4,20
11/24/2019,ADM,OK,ASW,CE,Federal Contract Tower,0,0,3,4,7,0,0,30,4,34,0,0,33,8,41,8,0,8,49
11/25/2019,ADM,OK,ASW,CE,Federal Contract Tower,0,0,6,6,12,0,0,48,0,48,0,0,54,6,60,6,0,6,66
11/26/2019,ADM,OK,ASW,CE,Federal Contract Tower,0,0,6,0,6,0,1,19,4,24,0,1,25,4,30,10,0,10,40
11/27/2019,ADM,OK,ASW,CE,Federal Contract Tower,0,0,6,18,24,0,0,32,0,32,0,0,38,18,56,6,0,6,62
11/28/2019,ADM,OK,ASW,CE,Federal Contract Tower,0,0,2,0,2,0,0,0,0,0,0,0,2,0,2,0,0,0,2
11/29/2019,ADM,OK,ASW,CE,Federal Contract Tower,0,0,4,0,4,0,0,0,0,0,0,0,4,0,4,0,0,0,4
11/30/2019,ADM,OK,ASW,CE,Federal Contract Tower,0,0,3,0,3,0,0,1,0,1,0,0,4,0,4,0,0,0,4
12/01/2019,ADM,OK,ASW,CE,Federal Contract Tower,0,0,4,0,4,0,2,5,0,7,0,2,9,0,11,0,0,0,11
12/02/2019,ADM,OK,ASW,CE,Federal Contract Tower,1,0,16,14,31,0,0,19,2,21,1,0,35,16,52,0,4,4,56
12/03/2019,ADM,OK,ASW,CE,Federal Contract Tower,0,1,11,7,19,0,0,30,11,41,0,1,41,18,60,4,0,4,64
12/04/2019,ADM,OK,ASW,CE,Federal Contract Tower,0,0,17,6,23,0,0,37,3,40,0,0,54,9,63,6,0,6,69
12/05/2019,ADM,OK,ASW,CE,Federal Contract Tower,0,0,10,7,17,0,0,27,4,31,0,0,37,11,48,16,6,22,70
12/06/2019,ADM,OK,ASW,CE,Federal Contract Tower,0,0,7,14,21,0,0,29,12,41,0,0,36,26,62,4,8,12,74
12/07/2019,ADM,OK,ASW,CE,Federal Contract Tower,0,0,9,0,9,0,0,19,0,19,0,0,28,0,28,6,0,6,34
12/08/2019,ADM,OK,ASW,CE,Federal Contract Tower,0,0,2,0,2,0,0,18,0,18,0,0,20,0,20,8,0,8,28
12/09/2019,ADM,OK,ASW,CE,Federal Contract Tower,0,0,5,4,9,0,0,13,2,15,0,0,18,6,24,2,0,2,26
12/10/2019,ADM,OK,ASW,CE,Federal Contract Tower,0,1,13,2,16,0,0,45,2,47,0,1,58,4,63,24,4,28,91
12/11/2019,ADM,OK,ASW,CE,Federal Contract Tower,0,0,11,9,20,0,0,30,3,33,0,0,41,12,53,10,10,20,73
12/12/2019,ADM,OK,ASW,CE,Federal Contract Tower,0,2,11,4,17,0,0,26,0,26,0,2,37,4,43,40,0,40,83
12/13/2019,ADM,OK,ASW,CE,Federal Contract Tower,0,0,8,4,12,0,0,13,0,13,0,0,21,4,25,10,0,10,35
12/14/2019,ADM,OK,ASW,CE,Federal Contract Tower,0,0,6,0,6,0,0,37,0,37,0,0,43,0,43,0,0,0,43
12/15/2019,ADM,OK,ASW,CE,Federal Contract Tower,0,0,2,0,2,0,0,0,0,0,0,0,2,0,2,0,0,0,2
12/16/2019,ADM,OK,ASW,CE,Federal Contract Tower,0,1,0,2,3,0,0,0,0,0,0,1,0,2,3,0,0,0,3
12/17/2019,ADM,OK,ASW,CE,Federal Contract Tower,0,0,11,4,15,0,0,67,2,69,0,0,78,6,84,20,2,22,106
12/18/2019,ADM,OK,ASW,CE,Federal Contract Tower,0,1,13,4,18,0,12,37,4,53,0,13,50,8,71,8,18,26,97
12/19/2019,ADM,OK,ASW,CE,Federal Contract Tower,0,1,13,0,14,0,0,34,3,37,0,1,47,3,51,20,0,20,71
12/20/2019,ADM,OK,ASW,CE,Federal Contract Tower,0,2,13,3,18,0,10,14,0,24,0,12,27,3,42,0,2,2,44
12/21/2019,ADM,OK,ASW,CE,Federal Contract Tower,0,0,3,0,3,0,0,0,0,0,0,0,3,0,3,0,0,0,3
12/22/2019,ADM,OK,ASW,CE,Federal Contract Tower,0,0,5,0,5,0,0,11,0,11,0,0,16,0,16,0,0,0,16
12/23/2019,ADM,OK,ASW,CE,Federal Contract Tower,0,0,8,0,8,0,0,27,0,27,0,0,35,0,35,2,0,2,37
12/24/2019,ADM,OK,ASW,CE,Federal Contract Tower,0,0,1,0,1,0,0,15,0,15,0,0,16,0,16,8,0,8,24
12/25/2019,ADM,OK,ASW,CE,Federal Contract Tower,0,0,0,0,0,0,0,7,0,7,0,0,7,0,7,0,0,0,7
12/26/2019,ADM,OK,ASW,CE,Federal Contract Tower,0,4,10,0,14,0,0,2,0,2,0,4,12,0,16,0,0,0,16
12/27/2019,ADM,OK,ASW,CE,Federal Contract Tower,0,2,10,0,12,0,0,2,0,2,0,2,12,0,14,0,0,0,14
12/28/2019,ADM,OK,ASW,CE,Federal Contract Tower,0,0,3,0,3,0,0,0,0,0,0,0,3,0,3,0,0,0,3
12/29/2019,ADM,OK,ASW,CE,Federal Contract Tower,0,0,2,0,2,0,0,9,0,9,0,0,11,0,11,2,0,2,13
12/30/2019,ADM,OK,ASW,CE,Federal Contract Tower,0,0,9,3,12,0,0,28,2,30,0,0,37,5,42,8,4,12,54
12/31/2019,ADM,OK,ASW,CE,Federal Contract Tower,0,0,6,0,6,0,0,66,0,66,0,0,72,0,72,6,0,6,78
01/01/2020,ADM,OK,ASW,CE,Federal Contract Tower,0,0,2,0,2,0,0,6,0,6,0,0,8,0,8,4,0,4,12
01/02/2020,ADM,OK,ASW,CE,Federal Contract Tower,0,2,4,1,7,0,2,31,1,34,0,4,35,2,41,28,18,46,87
01/03/2020,ADM,OK,ASW,CE,Federal Contract Tower,0,2,6,2,10,0,0,23,2,25,0,2,29,4,35,10,18,28,63
01/04/2020,ADM,OK,ASW,CE,Federal Contract Tower,0,0,2,2,4,0,0,44,0,44,0,0,46,2,48,0,0,0,48
01/05/2020,ADM,OK,ASW,CE,Federal Contract Tower,0,0,6,0,6,0,0,14,0,14,0,0,20,0,20,0,0,0,20
01/06/2020,ADM,OK,ASW,CE,Federal Contract Tower,0,0,10,4,14,0,0,36,0,36,0,0,46,4,50,8,0,8,58
01/07/2020,ADM,OK,ASW,CE,Federal Contract Tower,0,2,1,2,5,0,2,36,0,38,0,4,37,2,43,8,0,8,51
01/08/2020,ADM,OK,ASW,CE,Federal Contract Tower,0,1,8,0,9,0,1,28,0,29,0,2,36,0,38,22,0,22,60
01/09/2020,ADM,OK,ASW,CE,Federal Contract Tower,0,0,9,8,17,0,0,2,0,2,0,0,11,8,19,4,0,4,23
01/10/2020,ADM,OK,ASW,CE,Federal Contract Tower,0,2,5,0,7,0,0,0,0,0,0,2,5,0,7,0,0,0,7
01/11/2020,ADM,OK,ASW,CE,Federal Contract Tower,0,0,2,0,2,0,0,6,0,6,0,0,8,0,8,6,0,6,14
01/12/2020,ADM,OK,ASW,CE,Federal Contract Tower,0,0,4,2,6,0,0,8,0,8,0,0,12,2,14,16,0,16,30
01/13/2020,ADM,OK,ASW,CE,Federal Contract Tower,0,2,8,4,14,0,0,0,0,0,0,2,8,4,14,0,0,0,14
01/14/2020,ADM,OK,ASW,CE,Federal Contract Tower,0,0,12,5,17,0,0,14,0,14,0,0,26,5,31,12,0,12,43
01/15/2020,ADM,OK,ASW,CE,Federal Contract Tower,0,0,1,0,1,0,0,3,0,3,0,0,4,0,4,0,0,0,4
01/16/2020,ADM,OK,ASW,CE,Federal Contract Tower,0,0,9,0,9,0,0,0,0,0,0,0,9,0,9,0,0,0,9
01/17/2020,ADM,OK,ASW,CE,Federal Contract Tower,0,0,2,0,2,0,0,0,0,0,0,0,2,0,2,0,0,0,2
01/18/2020,ADM,OK,ASW,CE,Federal Contract Tower,0,0,0,0,0,0,0,12,2,14,0,0,12,2,14,2,0,2,16
01/19/2020,ADM,OK,ASW,CE,Federal Contract Tower,0,0,10,0,10,0,0,29,0,29,0,0,39,0,39,18,0,18,57
01/20/2020,ADM,OK,ASW,CE,Federal Contract Tower,0,0,4,0,4,0,1,34,0,35,0,1,38,0,39,2,0,2,41
01/21/2020,ADM,OK,ASW,CE,Federal Contract Tower,0,0,10,6,16,0,0,25,2,27,0,0,35,8,43,10,0,10,53
01/22/2020,ADM,OK,ASW,CE,Federal Contract Tower,0,0,0,0,0,0,0,0,0,0,0,0,0,0,0,0,0,0,0
01/23/2020,ADM,OK,ASW,CE,Federal Contract Tower,0,1,10,0,11,0,0,12,0,12,0,1,22,0,23,6,0,6,29
01/24/2020,ADM,OK,ASW,CE,Federal Contract Tower,0,0,5,0,5,0,0,58,0,58,0,0,63,0,63,6,0,6,69
01/25/2020,ADM,OK,ASW,CE,Federal Contract Tower,0,0,3,0,3,0,0,17,0,17,0,0,20,0,20,0,0,0,20
01/26/2020,ADM,OK,ASW,CE,Federal Contract Tower,0,0,6,0,6,0,0,6,0,6,0,0,12,0,12,0,0,0,12
01/27/2020,ADM,OK,ASW,CE,Federal Contract Tower,0,0,3,0,3,0,0,6,0,6,0,0,9,0,9,2,0,2,11
01/28/2020,ADM,OK,ASW,CE,Federal Contract Tower,0,0,4,0,4,0,0,0,0,0,0,0,4,0,4,0,0,0,4
01/29/2020,ADM,OK,ASW,CE,Federal Contract Tower,0,1,12,14,27,0,0,1,2,3,0,1,13,16,30,0,0,0,30
01/30/2020,ADM,OK,ASW,CE,Federal Contract Tower,0,0,11,18,29,0,1,3,0,4,0,1,14,18,33,0,0,0,33
01/31/2020,ADM,OK,ASW,CE,Federal Contract Tower,0,5,14,10,29,0,0,47,6,53,0,5,61,16,82,18,0,18,100
02/01/2020,ADM,OK,ASW,CE,Federal Contract Tower,0,0,5,6,11,0,0,46,6,52,0,0,51,12,63,16,0,16,79
02/02/2020,ADM,OK,ASW,CE,Federal Contract Tower,0,0,6,0,6,0,0,19,2,21,0,0,25,2,27,2,8,10,37
02/03/2020,ADM,OK,ASW,CE,Federal Contract Tower,0,0,5,5,10,0,0,10,3,13,0,0,15,8,23,0,0,0,23
02/04/2020,ADM,OK,ASW,CE,Federal Contract Tower,0,3,7,0,10,0,1,0,0,1,0,4,7,0,11,0,0,0,11
02/05/2020,ADM,OK,ASW,CE,Federal Contract Tower,0,0,0,0,0,0,0,0,0,0,0,0,0,0,0,0,0,0,0
02/06/2020,ADM,OK,ASW,CE,Federal Contract Tower,0,0,11,14,25,0,0,49,0,49,0,0,60,14,74,20,36,56,130
02/07/2020,ADM,OK,ASW,CE,Federal Contract Tower,0,0,9,13,22,0,1,65,2,68,0,1,74,15,90,12,2,14,104
02/08/2020,ADM,OK,ASW,CE,Federal Contract Tower,0,2,1,0,3,0,0,57,0,57,0,2,58,0,60,24,0,24,84
02/09/2020,ADM,OK,ASW,CE,Federal Contract Tower,0,0,5,0,5,0,0,1,0,1,0,0,6,0,6,0,0,0,6
02/10/2020,ADM,OK,ASW,CE,Federal Contract Tower,0,2,12,8,22,0,0,14,0,14,0,2,26,8,36,0,0,0,36
02/11/2020,ADM,OK,ASW,CE,Federal Contract Tower,0,0,2,29,31,0,0,0,1,1,0,0,2,30,32,0,34,34,66
02/12/2020,ADM,OK,ASW,CE,Federal Contract Tower,0,2,7,1,10,0,0,2,0,2,0,2,9,1,12,0,0,0,12
02/13/2020,ADM,OK,ASW,CE,Federal Contract Tower,0,0,6,25,31,0,0,31,2,33,0,0,37,27,64,4,0,4,68
02/14/2020,ADM,OK,ASW,CE,Federal Contract Tower,0,0,4,14,18,0,0,50,2,52,0,0,54,16,70,42,10,52,122
02/15/2020,ADM,OK,ASW,CE,Federal Contract Tower,0,0,5,0,5,0,0,20,2,22,0,0,25,2,27,20,8,28,55
02/16/2020,ADM,OK,ASW,CE,Federal Contract Tower,0,0,0,0,0,0,0,10,0,10,0,0,10,0,10,0,0,0,10
02/17/2020,ADM,OK,ASW,CE,Federal Contract Tower,0,2,7,0,9,0,0,13,0,13,0,2,20,0,22,4,0,4,26
02/18/2020,ADM,OK,ASW,CE,Federal Contract Tower,0,0,7,18,25,0,0,9,3,12,0,0,16,21,37,0,0,0,37
02/19/2020,ADM,OK,ASW,CE,Federal Contract Tower,0,0,17,19,36,0,0,36,12,48,0,0,53,31,84,0,44,44,128
02/20/2020,ADM,OK,ASW,CE,Federal Contract Tower,0,1,3,14,18,0,0,26,4,30,0,1,29,18,48,14,4,18,66
02/21/2020,ADM,OK,ASW,CE,Federal Contract Tower,0,0,14,12,26,0,0,87,0,87,0,0,101,12,113,8,0,8,121
02/22/2020,ADM,OK,ASW,CE,Federal Contract Tower,0,0,4,0,4,0,0,38,0,38,0,0,42,0,42,34,0,34,76
02/23/2020,ADM,OK,ASW,CE,Federal Contract Tower,0,0,2,2,4,0,0,1,0,1,0,0,3,2,5,0,0,0,5
02/24/2020,ADM,OK,ASW,CE,Federal Contract Tower,0,2,9,15,26,0,0,3,1,4,0,2,12,16,30,0,0,0,30
02/25/2020,ADM,OK,ASW,CE,Federal Contract Tower,0,1,11,23,35,0,1,13,12,26,0,2,24,35,61,12,122,134,195
02/26/2020,ADM,OK,ASW,CE,Federal Contract Tower,0,1,11,0,12,0,0,16,0,16,0,1,27,0,28,0,0,0,28
02/27/2020,ADM,OK,ASW,CE,Federal Contract Tower,0,0,7,6,13,0,0,63,0,63,0,0,70,6,76,28,26,54,130
02/28/2020,ADM,OK,ASW,CE,Federal Contract Tower,0,0,5,14,19,0,0,43,7,50,0,0,48,21,69,10,6,16,85
02/29/2020,ADM,OK,ASW,CE,Federal Contract Tower,0,0,2,0,2,0,0,9,0,9,0,0,11,0,11,4,0,4,15
03/01/2020,ADM,OK,ASW,CE,Federal Contract Tower,0,0,0,4,4,0,0,6,0,6,0,0,6,4,10,0,0,0,10
03/02/2020,ADM,OK,ASW,CE,Federal Contract Tower,0,1,7,0,8,0,0,17,0,17,0,1,24,0,25,2,0,2,27
03/03/2020,ADM,OK,ASW,CE,Federal Contract Tower,0,0,10,5,15,0,0,30,8,38,0,0,40,13,53,0,0,0,53
03/04/2020,ADM,OK,ASW,CE,Federal Contract Tower,0,2,2,5,9,0,0,4,2,6,0,2,6,7,15,0,24,24,39
03/05/2020,ADM,OK,ASW,CE,Federal Contract Tower,0,0,6,2,8,0,0,74,6,80,0,0,80,8,88,98,4,102,190
03/06/2020,ADM,OK,ASW,CE,Federal Contract Tower,0,0,2,3,5,0,0,61,4,65,0,0,63,7,70,20,0,20,90
03/07/2020,ADM,OK,ASW,CE,Federal Contract Tower,0,0,2,1,3,0,0,12,1,13,0,0,14,2,16,10,0,10,26
03/08/2020,ADM,OK,ASW,CE,Federal Contract Tower,0,0,6,4,10,0,0,0,0,0,0,0,6,4,10,0,0,0,10
03/09/2020,ADM,OK,ASW,CE,Federal Contract Tower,0,0,5,0,5,0,0,4,0,4,0,0,9,0,9,0,0,0,9
03/10/2020,ADM,OK,ASW,CE,Federal Contract Tower,0,0,18,2,20,0,0,90,2,92,0,0,108,4,112,40,38,78,190
03/11/2020,ADM,OK,ASW,CE,Federal Contract Tower,0,0,7,1,8,0,0,46,8,54,0,0,53,9,62,24,0,24,86
03/12/2020,ADM,OK,ASW,CE,Federal Contract Tower,0,0,13,5,18,0,0,26,2,28,0,0,39,7,46,4,0,4,50
03/13/2020,ADM,OK,ASW,CE,Federal Contract Tower,0,0,1,0,1,0,0,0,0,0,0,0,1,0,1,0,0,0,1
03/14/2020,ADM,OK,ASW,CE,Federal Contract Tower,0,2,6,0,8,0,0,0,0,0,0,2,6,0,8,0,0,0,8
03/15/2020,ADM,OK,ASW,CE,Federal Contract Tower,0,0,3,0,3,0,0,1,0,1,0,0,4,0,4,0,0,0,4
03/16/2020,ADM,OK,ASW,CE,Federal Contract Tower,0,1,0,0,1,0,0,0,0,0,0,1,0,0,1,0,0,0,1
03/17/2020,ADM,OK,ASW,CE,Federal Contract Tower,0,2,0,0,2,0,0,0,0,0,0,2,0,0,2,0,0,0,2
03/18/2020,ADM,OK,ASW,CE,Federal Contract Tower,0,0,7,4,11,0,0,0,0,0,0,0,7,4,11,16,0,16,27
03/19/2020,ADM,OK,ASW,CE,Federal Contract Tower,0,0,1,0,1,0,0,6,0,6,0,0,7,0,7,0,0,0,7
03/20/2020,ADM,OK,ASW,CE,Federal Contract Tower,0,0,6,0,6,0,0,8,0,8,0,0,14,0,14,0,0,0,14
03/21/2020,ADM,OK,ASW,CE,Federal Contract Tower,0,0,4,0,4,0,0,18,0,18,0,0,22,0,22,10,0,10,32
03/22/2020,ADM,OK,ASW,CE,Federal Contract Tower,0,2,0,0,2,0,0,0,0,0,0,2,0,0,2,0,0,0,2
03/23/2020,ADM,OK,ASW,CE,Federal Contract Tower,0,0,5,0,5,0,0,2,0,2,0,0,7,0,7,0,0,0,7
03/24/2020,ADM,OK,ASW,CE,Federal Contract Tower,0,0,9,1,10,0,2,21,0,23,0,2,30,1,33,14,0,14,47
03/25/2020,ADM,OK,ASW,CE,Federal Contract Tower,0,0,6,2,8,0,0,25,0,25,0,0,31,2,33,4,0,4,37
03/26/2020,ADM,OK,ASW,CE,Federal Contract Tower,0,0,11,4,15,0,0,27,3,30,0,0,38,7,45,8,12,20,65
03/27/2020,ADM,OK,ASW,CE,Federal Contract Tower,0,0,7,0,7,0,0,9,0,9,0,0,16,0,16,4,0,4,20
03/28/2020,ADM,OK,ASW,CE,Federal Contract Tower,0,0,2,0,2,0,0,11,0,11,0,0,13,0,13,0,0,0,13
03/29/2020,ADM,OK,ASW,CE,Federal Contract Tower,0,0,3,0,3,0,0,32,0,32,0,0,35,0,35,16,0,16,51
03/30/2020,ADM,OK,ASW,CE,Federal Contract Tower,0,0,2,0,2,0,0,0,0,0,0,0,2,0,2,0,0,0,2
03/31/2020,ADM,OK,ASW,CE,Federal Contract Tower,0,0,12,0,12,0,0,22,1,23,0,0,34,1,35,8,0,8,43
04/01/2020,ADM,OK,ASW,CE,Federal Contract Tower,0,0,3,2,5,0,0,19,18,37,0,0,22,20,42,0,8,8,50
04/02/2020,ADM,OK,ASW,CE,Federal Contract Tower,0,0,8,2,10,0,0,2,0,2,0,0,10,2,12,0,0,0,12
04/03/2020,ADM,OK,ASW,CE,Federal Contract Tower,0,0,12,1,13,0,0,0,0,0,0,0,12,1,13,0,0,0,13
04/04/2020,ADM,OK,ASW,CE,Federal Contract Tower,0,0,9,0,9,0,0,0,0,0,0,0,9,0,9,0,0,0,9
04/05/2020,ADM,OK,ASW,CE,Federal Contract Tower,0,0,9,0,9,0,0,2,0,2,0,0,11,0,11,0,0,0,11
04/06/2020,ADM,OK,ASW,CE,Federal Contract Tower,0,0,18,6,24,0,0,4,0,4,0,0,22,6,28,18,0,18,46
04/07/2020,ADM,OK,ASW,CE,Federal Contract Tower,0,0,16,0,16,0,0,32,0,32,0,0,48,0,48,0,0,0,48
04/08/2020,ADM,OK,ASW,CE,Federal Contract Tower,0,0,7,0,7,0,0,42,2,44,0,0,49,2,51,8,4,12,63
04/09/2020,ADM,OK,ASW,CE,Federal Contract Tower,0,0,3,3,6,0,0,16,1,17,0,0,19,4,23,6,0,6,29
04/10/2020,ADM,OK,ASW,CE,Federal Contract Tower,0,0,10,10,20,0,0,41,4,45,0,0,51,14,65,0,0,0,65
04/11/2020,ADM,OK,ASW,CE,Federal Contract Tower,0,0,2,0,2,0,0,4,0,4,0,0,6,0,6,30,0,30,36
04/12/2020,ADM,OK,ASW,CE,Federal Contract Tower,0,0,0,0,0,0,0,0,0,0,0,0,0,0,0,0,0,0,0
04/13/2020,ADM,OK,ASW,CE,Federal Contract Tower,0,0,6,11,17,0,0,22,10,32,0,0,28,21,49,20,8,28,77
04/14/2020,ADM,OK,ASW,CE,Federal Contract Tower,0,0,5,0,5,0,0,6,0,6,0,0,11,0,11,4,0,4,15
04/15/2020,ADM,OK,ASW,CE,Federal Contract Tower,0,0,7,0,7,0,0,61,2,63,0,0,68,2,70,40,6,46,116
04/16/2020,ADM,OK,ASW,CE,Federal Contract Tower,0,0,10,2,12,0,0,39,0,39,0,0,49,2,51,36,0,36,87
04/17/2020,ADM,OK,ASW,CE,Federal Contract Tower,0,0,14,6,20,0,0,4,1,5,0,0,18,7,25,0,0,0,25
04/18/2020,ADM,OK,ASW,CE,Federal Contract Tower,0,0,0,0,0,0,0,20,0,20,0,0,20,0,20,4,0,4,24
04/19/2020,ADM,OK,ASW,CE,Federal Contract Tower,0,0,3,2,5,0,0,0,0,0,0,0,3,2,5,0,0,0,5
04/20/2020,ADM,OK,ASW,CE,Federal Contract Tower,0,0,9,8,17,0,0,20,14,34,0,0,29,22,51,6,12,18,69
04/21/2020,ADM,OK,ASW,CE,Federal Contract Tower,0,0,12,1,13,0,1,31,3,35,0,1,43,4,48,16,0,16,64
04/22/2020,ADM,OK,ASW,CE,Federal Contract Tower,0,0,0,0,0,0,0,6,0,6,0,0,6,0,6,0,0,0,6
04/23/2020,ADM,OK,ASW,CE,Federal Contract Tower,0,0,9,12,21,0,0,40,0,40,0,0,49,12,61,22,0,22,83
04/24/2020,ADM,OK,ASW,CE,Federal Contract Tower,0,0,4,20,24,0,1,10,6,17,0,1,14,26,41,0,12,12,53
04/25/2020,ADM,OK,ASW,CE,Federal Contract Tower,0,0,7,0,7,0,0,67,0,67,0,0,74,0,74,6,0,6,80
04/26/2020,ADM,OK,ASW,CE,Federal Contract Tower,0,0,10,0,10,0,0,29,0,29,0,0,39,0,39,2,0,2,41
04/27/2020,ADM,OK,ASW,CE,Federal Contract Tower,0,0,6,9,15,0,0,26,4,30,0,0,32,13,45,12,0,12,57
04/28/2020,ADM,OK,ASW,CE,Federal Contract Tower,0,0,15,5,20,0,0,5,0,5,0,0,20,5,25,0,0,0,25
04/29/2020,ADM,OK,ASW,CE,Federal Contract Tower,0,0,0,0,0,0,0,25,0,25,0,0,25,0,25,20,0,20,45
04/30/2020,ADM,OK,ASW,CE,Federal Contract Tower,0,0,2,0,2,0,0,48,6,54,0,0,50,6,56,4,16,20,76
05/01/2020,ADM,OK,ASW,CE,Federal Contract Tower,0,0,4,0,4,0,0,26,0,26,0,0,30,0,30,26,0,26,56
05/02/2020,ADM,OK,ASW,CE,Federal Contract Tower,0,0,0,0,0,0,0,20,0,20,0,0,20,0,20,8,0,8,28
05/03/2020,ADM,OK,ASW,CE,Federal Contract Tower,0,0,3,0,3,0,0,11,0,11,0,0,14,0,14,2,0,2,16
05/04/2020,ADM,OK,ASW,CE,Federal Contract Tower,0,0,16,10,26,0,0,9,0,9,0,0,25,10,35,0,0,0,35
05/05/2020,ADM,OK,ASW,CE,Federal Contract Tower,0,2,5,15,22,0,0,32,5,37,0,2,37,20,59,6,4,10,69
05/06/2020,ADM,OK,ASW,CE,Federal Contract Tower,0,0,6,6,12,0,0,40,0,40,0,0,46,6,52,14,0,14,66
05/07/2020,ADM,OK,ASW,CE,Federal Contract Tower,0,0,2,4,6,0,0,12,0,12,0,0,14,4,18,20,0,20,38
05/08/2020,ADM,OK,ASW,CE,Federal Contract Tower,0,1,6,7,14,0,1,14,1,16,0,2,20,8,30,10,0,10,40
05/09/2020,ADM,OK,ASW,CE,Federal Contract Tower,0,0,0,0,0,0,0,34,0,34,0,0,34,0,34,24,0,24,58
05/10/2020,ADM,OK,ASW,CE,Federal Contract Tower,0,0,0,0,0,0,0,9,0,9,0,0,9,0,9,6,0,6,15
05/11/2020,ADM,OK,ASW,CE,Federal Contract Tower,0,0,3,6,9,0,0,16,0,16,0,0,19,6,25,24,14,38,63
05/12/2020,ADM,OK,ASW,CE,Federal Contract Tower,0,1,5,6,12,0,0,0,0,0,0,1,5,6,12,0,0,0,12
05/13/2020,ADM,OK,ASW,CE,Federal Contract Tower,0,0,9,6,15,0,0,7,0,7,0,0,16,6,22,10,0,10,32
05/14/2020,ADM,OK,ASW,CE,Federal Contract Tower,0,0,16,6,22,0,0,15,0,15,0,0,31,6,37,8,0,8,45
05/15/2020,ADM,OK,ASW,CE,Federal Contract Tower,0,2,7,6,15,0,0,1,0,1,0,2,8,6,16,0,0,0,16
05/16/2020,ADM,OK,ASW,CE,Federal Contract Tower,0,0,0,0,0,0,0,0,0,0,0,0,0,0,0,0,0,0,0
05/17/2020,ADM,OK,ASW,CE,Federal Contract Tower,0,0,2,9,11,0,0,17,8,25,0,0,19,17,36,20,36,56,92
05/18/2020,ADM,OK,ASW,CE,Federal Contract Tower,0,2,5,11,18,0,2,36,7,45,0,4,41,18,63,18,4,22,85
05/19/2020,ADM,OK,ASW,CE,Federal Contract Tower,0,0,4,0,4,0,0,40,4,44,0,0,44,4,48,30,0,30,78
05/20/2020,ADM,OK,ASW,CE,Federal Contract Tower,0,0,18,5,23,0,0,14,0,14,0,0,32,5,37,0,0,0,37
05/21/2020,ADM,OK,ASW,CE,Federal Contract Tower,0,0,12,4,16,0,0,0,0,0,0,0,12,4,16,0,0,0,16
05/22/2020,ADM,OK,ASW,CE,Federal Contract Tower,0,0,2,1,3,0,0,10,0,10,0,0,12,1,13,0,0,0,13
05/23/2020,ADM,OK,ASW,CE,Federal Contract Tower,0,0,3,0,3,0,0,11,0,11,0,0,14,0,14,4,0,4,18
05/24/2020,ADM,OK,ASW,CE,Federal Contract Tower,0,0,4,0,4,0,0,4,0,4,0,0,8,0,8,2,0,2,10
05/25/2020,ADM,OK,ASW,CE,Federal Contract Tower,0,0,0,0,0,0,0,0,0,0,0,0,0,0,0,0,0,0,0
05/26/2020,ADM,OK,ASW,CE,Federal Contract Tower,0,0,4,6,10,0,0,4,4,8,0,0,8,10,18,0,4,4,22
05/27/2020,ADM,OK,ASW,CE,Federal Contract Tower,0,0,7,0,7,0,0,39,2,41,0,0,46,2,48,6,0,6,54
05/28/2020,ADM,OK,ASW,CE,Federal Contract Tower,0,0,5,3,8,0,0,11,1,12,0,0,16,4,20,6,0,6,26
05/29/2020,ADM,OK,ASW,CE,Federal Contract Tower,0,0,2,0,2,0,0,56,0,56,0,0,58,0,58,6,0,6,64
05/30/2020,ADM,OK,ASW,CE,Federal Contract Tower,0,0,6,0,6,0,0,37,0,37,0,0,43,0,43,14,0,14,57
05/31/2020,ADM,OK,ASW,CE,Federal Contract Tower,0,0,2,0,2,0,0,23,0,23,0,0,25,0,25,6,0,6,31
06/01/2020,ADM,OK,ASW,CE,Federal Contract Tower,0,0,5,0,5,0,0,51,0,51,0,0,56,0,56,10,0,10,66
06/02/2020,ADM,OK,ASW,CE,Federal Contract Tower,2,0,8,0,10,0,0,26,0,26,2,0,34,0,36,12,0,12,48
06/03/2020,ADM,OK,ASW,CE,Federal Contract Tower,0,0,8,0,8,0,1,50,0,51,0,1,58,0,59,10,0,10,69
06/04/2020,ADM,OK,ASW,CE,Federal Contract Tower,0,0,2,4,6,0,0,46,2,48,0,0,48,6,54,18,0,18,72
06/05/2020,ADM,OK,ASW,CE,Federal Contract Tower,0,0,11,4,15,0,0,61,4,65,0,0,72,8,80,18,12,30,110
06/06/2020,ADM,OK,ASW,CE,Federal Contract Tower,0,0,1,0,1,0,0,33,0,33,0,0,34,0,34,4,0,4,38
06/07/2020,ADM,OK,ASW,CE,Federal Contract Tower,0,0,0,0,0,0,0,12,0,12,0,0,12,0,12,4,0,4,16
06/08/2020,ADM,OK,ASW,CE,Federal Contract Tower,0,0,16,0,16,0,0,20,0,20,0,0,36,0,36,6,0,6,42
06/09/2020,ADM,OK,ASW,CE,Federal Contract Tower,0,0,0,1,1,0,0,6,1,7,0,0,6,2,8,0,0,0,8
06/10/2020,ADM,OK,ASW,CE,Federal Contract Tower,0,1,9,0,10,0,0,21,0,21,0,1,30,0,31,8,0,8,39
06/11/2020,ADM,OK,ASW,CE,Federal Contract Tower,0,2,8,4,14,0,1,33,0,34,0,3,41,4,48,2,0,2,50
06/12/2020,ADM,OK,ASW,CE,Federal Contract Tower,0,0,4,0,4,0,0,40,0,40,0,0,44,0,44,16,0,16,60
06/13/2020,ADM,OK,ASW,CE,Federal Contract Tower,0,0,4,0,4,0,0,34,0,34,0,0,38,0,38,28,0,28,66
06/14/2020,ADM,OK,ASW,CE,Federal Contract Tower,0,2,3,0,5,0,0,21,0,21,0,2,24,0,26,14,0,14,40
06/15/2020,ADM,OK,ASW,CE,Federal Contract Tower,0,2,6,0,8,0,0,38,0,38,0,2,44,0,46,14,0,14,60
06/16/2020,ADM,OK,ASW,CE,Federal Contract Tower,2,0,7,0,9,0,0,33,0,33,2,0,40,0,42,6,0,6,48
06/17/2020,ADM,OK,ASW,CE,Federal Contract Tower,0,0,14,0,14,0,0,29,2,31,0,0,43,2,45,8,6,14,59
06/18/2020,ADM,OK,ASW,CE,Federal Contract Tower,0,0,4,2,6,0,0,40,0,40,0,0,44,2,46,8,0,8,54
06/19/2020,ADM,OK,ASW,CE,Federal Contract Tower,0,0,2,0,2,0,0,10,2,12,0,0,12,2,14,0,0,0,14
06/20/2020,ADM,OK,ASW,CE,Federal Contract Tower,0,2,13,0,15,0,0,27,0,27,0,2,40,0,42,0,0,0,42
06/21/2020,ADM,OK,ASW,CE,Federal Contract Tower,0,0,6,0,6,0,0,4,0,4,0,0,10,0,10,0,0,0,10
06/22/2020,ADM,OK,ASW,CE,Federal Contract Tower,0,0,6,4,10,0,0,14,2,16,0,0,20,6,26,0,0,0,26
06/23/2020,ADM,OK,ASW,CE,Federal Contract Tower,0,0,8,0,8,0,0,23,0,23,0,0,31,0,31,6,0,6,37
06/24/2020,ADM,OK,ASW,CE,Federal Contract Tower,0,0,15,2,17,0,0,89,1,90,0,0,104,3,107,40,6,46,153
06/25/2020,ADM,OK,ASW,CE,Federal Contract Tower,0,1,5,0,6,0,0,37,2,39,0,1,42,2,45,22,6,28,73
06/26/2020,ADM,OK,ASW,CE,Federal Contract Tower,0,0,10,0,10,0,0,16,5,21,0,0,26,5,31,8,14,22,53
06/27/2020,ADM,OK,ASW,CE,Federal Contract Tower,0,0,13,2,15,0,0,4,2,6,0,0,17,4,21,4,0,4,25
06/28/2020,ADM,OK,ASW,CE,Federal Contract Tower,0,0,5,0,5,0,0,1,0,1,0,0,6,0,6,0,0,0,6
06/29/2020,ADM,OK,ASW,CE,Federal Contract Tower,0,0,7,0,7,0,0,9,0,9,0,0,16,0,16,0,0,0,16
06/30/2020,ADM,OK,ASW,CE,Federal Contract Tower,0,0,10,0,10,0,0,14,0,14,0,0,24,0,24,8,0,8,32
07/01/2020,ADM,OK,ASW,CE,Federal Contract Tower,0,0,1,0,1,0,0,32,2,34,0,0,33,2,35,32,2,34,69
07/02/2020,ADM,OK,ASW,CE,Federal Contract Tower,0,0,5,1,6,0,0,24,2,26,0,0,29,3,32,4,0,4,36
07/03/2020,ADM,OK,ASW,CE,Federal Contract Tower,0,0,7,0,7,0,0,50,0,50,0,0,57,0,57,24,0,24,81
07/04/2020,ADM,OK,ASW,CE,Federal Contract Tower,0,1,0,0,1,0,1,0,0,1,0,2,0,0,2,0,0,0,2
07/05/2020,ADM,OK,ASW,CE,Federal Contract Tower,0,0,0,0,0,0,2,7,0,9,0,2,7,0,9,6,0,6,15
07/06/2020,ADM,OK,ASW,CE,Federal Contract Tower,0,0,6,2,8,0,0,0,0,0,0,0,6,2,8,0,0,0,8
07/07/2020,ADM,OK,ASW,CE,Federal Contract Tower,0,1,9,0,10,0,0,15,0,15,0,1,24,0,25,0,0,0,25
07/08/2020,ADM,OK,ASW,CE,Federal Contract Tower,0,0,12,2,14,0,0,43,0,43,0,0,55,2,57,40,0,40,97
07/09/2020,ADM,OK,ASW,CE,Federal Contract Tower,0,0,12,15,27,0,1,23,1,25,0,1,35,16,52,8,0,8,60
07/10/2020,ADM,OK,ASW,CE,Federal Contract Tower,0,0,2,8,10,0,0,25,4,29,0,0,27,12,39,8,8,16,55
07/11/2020,ADM,OK,ASW,CE,Federal Contract Tower,0,0,0,0,0,0,0,32,4,36,0,0,32,4,36,26,0,26,62
07/12/2020,ADM,OK,ASW,CE,Federal Contract Tower,0,0,2,0,2,0,0,10,0,10,0,0,12,0,12,2,0,2,14
07/13/2020,ADM,OK,ASW,CE,Federal Contract Tower,0,0,3,5,8,0,0,24,1,25,0,0,27,6,33,10,0,10,43
07/14/2020,ADM,OK,ASW,CE,Federal Contract Tower,0,0,9,6,15,0,0,27,0,27,0,0,36,6,42,6,0,6,48
07/15/2020,ADM,OK,ASW,CE,Federal Contract Tower,0,0,5,4,9,0,1,22,6,29,0,1,27,10,38,12,2,14,52
07/16/2020,ADM,OK,ASW,CE,Federal Contract Tower,0,0,6,20,26,0,0,28,7,35,0,0,34,27,61,12,40,52,113
07/17/2020,ADM,OK,ASW,CE,Federal Contract Tower,0,1,5,9,15,0,0,46,3,49,0,1,51,12,64,28,0,28,92
07/18/2020,ADM,OK,ASW,CE,Federal Contract Tower,0,0,6,0,6,0,0,27,0,27,0,0,33,0,33,22,0,22,55
07/19/2020,ADM,OK,ASW,CE,Federal Contract Tower,0,0,5,4,9,0,0,11,0,11,0,0,16,4,20,6,0,6,26
07/20/2020,ADM,OK,ASW,CE,Federal Contract Tower,0,0,8,19,27,0,0,19,10,29,0,0,27,29,56,0,4,4,60
07/21/2020,ADM,OK,ASW,CE,Federal Contract Tower,0,1,7,13,21,0,2,13,8,23,0,3,20,21,44,6,26,32,76
07/22/2020,ADM,OK,ASW,CE,Federal Contract Tower,0,0,2,12,14,0,0,13,6,19,0,0,15,18,33,32,0,32,65
07/23/2020,ADM,OK,ASW,CE,Federal Contract Tower,0,0,13,10,23,0,0,17,0,17,0,0,30,10,40,20,0,20,60
07/24/2020,ADM,OK,ASW,CE,Federal Contract Tower,0,0,6,18,24,0,0,34,4,38,0,0,40,22,62,6,12,18,80
07/25/2020,ADM,OK,ASW,CE,Federal Contract Tower,0,0,5,1,6,0,0,8,0,8,0,0,13,1,14,0,0,0,14
07/26/2020,ADM,OK,ASW,CE,Federal Contract Tower,0,1,4,2,7,0,0,3,0,3,0,1,7,2,10,2,0,2,12
07/27/2020,ADM,OK,ASW,CE,Federal Contract Tower,0,0,11,6,17,0,0,24,6,30,0,0,35,12,47,40,2,42,89
07/28/2020,ADM,OK,ASW,CE,Federal Contract Tower,0,0,10,6,16,0,0,6,0,6,0,0,16,6,22,14,0,14,36
07/29/2020,ADM,OK,ASW,CE,Federal Contract Tower,0,0,5,0,5,0,0,9,0,9,0,0,14,0,14,28,0,28,42
07/30/2020,ADM,OK,ASW,CE,Federal Contract Tower,0,0,3,0,3,0,0,31,4,35,0,0,34,4,38,16,8,24,62
07/31/2020,ADM,OK,ASW,CE,Federal Contract Tower,0,0,17,8,25,0,1,27,2,30,0,1,44,10,55,18,26,44,99
08/01/2020,ADM,OK,ASW,CE,Federal Contract Tower,0,4,2,0,6,0,0,36,0,36,0,4,38,0,42,6,0,6,48
08/02/2020,ADM,OK,ASW,CE,Federal Contract Tower,0,0,7,9,16,0,0,19,0,19,0,0,26,9,35,4,10,14,49
08/03/2020,ADM,OK,ASW,CE,Federal Contract Tower,0,0,11,1,12,0,0,39,0,39,0,0,50,1,51,18,0,18,69
08/04/2020,ADM,OK,ASW,CE,Federal Contract Tower,0,2,6,0,8,0,0,51,0,51,0,2,57,0,59,22,0,22,81
08/05/2020,ADM,OK,ASW,CE,Federal Contract Tower,0,0,2,0,2,0,0,20,0,20,0,0,22,0,22,4,0,4,26
08/06/2020,ADM,OK,ASW,CE,Federal Contract Tower,0,1,18,8,27,0,0,22,1,23,0,1,40,9,50,24,8,32,82
08/07/2020,ADM,OK,ASW,CE,Federal Contract Tower,0,0,1,5,6,0,1,31,0,32,0,1,32,5,38,16,0,16,54
08/08/2020,ADM,OK,ASW,CE,Federal Contract Tower,0,0,6,0,6,0,0,29,0,29,0,0,35,0,35,22,0,22,57
08/09/2020,ADM,OK,ASW,CE,Federal Contract Tower,0,0,2,0,2,0,0,24,0,24,0,0,26,0,26,6,0,6,32
08/10/2020,ADM,OK,ASW,CE,Federal Contract Tower,0,0,1,8,9,0,0,25,6,31,0,0,26,14,40,20,12,32,72
08/11/2020,ADM,OK,ASW,CE,Federal Contract Tower,0,1,4,7,12,0,0,18,7,25,0,1,22,14,37,6,26,32,69
08/12/2020,ADM,OK,ASW,CE,Federal Contract Tower,0,1,4,0,5,0,0,41,0,41,0,1,45,0,46,12,0,12,58
08/13/2020,ADM,OK,ASW,CE,Federal Contract Tower,0,0,3,10,13,0,0,27,5,32,0,0,30,15,45,10,20,30,75
08/14/2020,ADM,OK,ASW,CE,Federal Contract Tower,0,0,0,12,12,0,0,28,3,31,0,0,28,15,43,18,16,34,77
08/15/2020,ADM,OK,ASW,CE,Federal Contract Tower,0,0,6,0,6,0,0,39,0,39,0,0,45,0,45,22,0,22,67
08/16/2020,ADM,OK,ASW,CE,Federal Contract Tower,0,1,2,4,7,0,0,16,0,16,0,1,18,4,23,4,0,4,27
08/17/2020,ADM,OK,ASW,CE,Federal Contract Tower,0,0,8,14,22,0,0,20,1,21,0,0,28,15,43,18,0,18,61
08/18/2020,ADM,OK,ASW,CE,Federal Contract Tower,0,0,6,19,25,0,0,45,10,55,0,0,51,29,80,28,16,44,124
08/19/2020,ADM,OK,ASW,CE,Federal Contract Tower,0,0,5,8,13,0,2,29,3,34,0,2,34,11,47,0,24,24,71
08/20/2020,ADM,OK,ASW,CE,Federal Contract Tower,0,0,1,6,7,0,0,44,2,46,0,0,45,8,53,6,0,6,59
08/21/2020,ADM,OK,ASW,CE,Federal Contract Tower,0,0,4,8,12,0,1,45,3,49,0,1,49,11,61,8,44,52,113
08/22/2020,ADM,OK,ASW,CE,Federal Contract Tower,0,0,2,0,2,0,0,25,0,25,0,0,27,0,27,14,0,14,41
08/23/2020,ADM,OK,ASW,CE,Federal Contract Tower,0,0,0,0,0,0,0,8,0,8,0,0,8,0,8,0,0,0,8
08/24/2020,ADM,OK,ASW,CE,Federal Contract Tower,0,0,1,4,5,0,0,27,2,29,0,0,28,6,34,8,18,26,60
08/25/2020,ADM,OK,ASW,CE,Federal Contract Tower,0,0,1,30,31,0,0,40,3,43,0,0,41,33,74,14,2,16,90
08/26/2020,ADM,OK,ASW,CE,Federal Contract Tower,0,0,2,10,12,0,1,16,1,18,0,1,18,11,30,8,0,8,38
08/27/2020,ADM,OK,ASW,CE,Federal Contract Tower,0,0,12,5,17,0,0,10,4,14,0,0,22,9,31,14,12,26,57
08/28/2020,ADM,OK,ASW,CE,Federal Contract Tower,0,2,2,12,16,0,0,31,4,35,0,2,33,16,51,0,18,18,69
08/29/2020,ADM,OK,ASW,CE,Federal Contract Tower,0,0,6,0,6,0,1,27,0,28,0,1,33,0,34,28,0,28,62
08/30/2020,ADM,OK,ASW,CE,Federal Contract Tower,0,0,2,1,3,0,0,19,3,22,0,0,21,4,25,0,6,6,31
08/31/2020,ADM,OK,ASW,CE,Federal Contract Tower,0,0,2,2,4,0,0,6,0,6,0,0,8,2,10,14,0,14,24
09/01/2020,ADM,OK,ASW,CE,Federal Contract Tower,0,0,3,0,3,0,0,0,0,0,0,0,3,0,3,0,0,0,3
09/02/2020,ADM,OK,ASW,CE,Federal Contract Tower,0,0,8,0,8,0,0,2,0,2,0,0,10,0,10,0,0,0,10
09/03/2020,ADM,OK,ASW,CE,Federal Contract Tower,0,0,10,0,10,0,0,10,0,10,0,0,20,0,20,8,0,8,28
09/04/2020,ADM,OK,ASW,CE,Federal Contract Tower,0,0,3,0,3,0,1,30,0,31,0,1,33,0,34,34,0,34,68
09/05/2020,ADM,OK,ASW,CE,Federal Contract Tower,0,0,6,0,6,0,0,25,0,25,0,0,31,0,31,14,0,14,45
09/06/2020,ADM,OK,ASW,CE,Federal Contract Tower,0,0,0,0,0,0,0,2,0,2,0,0,2,0,2,0,0,0,2
09/07/2020,ADM,OK,ASW,CE,Federal Contract Tower,0,0,0,0,0,0,1,24,0,25,0,1,24,0,25,14,0,14,39
09/08/2020,ADM,OK,ASW,CE,Federal Contract Tower,0,0,2,0,2,0,0,10,0,10,0,0,12,0,12,0,0,0,12
09/09/2020,ADM,OK,ASW,CE,Federal Contract Tower,0,0,7,3,10,0,0,0,0,0,0,0,7,3,10,0,0,0,10
09/10/2020,ADM,OK,ASW,CE,Federal Contract Tower,0,0,16,5,21,0,1,6,3,10,0,1,22,8,31,2,0,2,33
09/11/2020,ADM,OK,ASW,CE,Federal Contract Tower,0,0,29,16,45,0,4,4,0,8,0,4,33,16,53,6,2,8,61
09/12/2020,ADM,OK,ASW,CE,Federal Contract Tower,0,0,10,0,10,0,0,15,3,18,0,0,25,3,28,24,0,24,52
09/13/2020,ADM,OK,ASW,CE,Federal Contract Tower,0,0,14,0,14,0,0,17,11,28,0,0,31,11,42,0,0,0,42
09/14/2020,ADM,OK,ASW,CE,Federal Contract Tower,0,0,20,9,29,0,0,38,1,39,0,0,58,10,68,24,18,42,110
09/15/2020,ADM,OK,ASW,CE,Federal Contract Tower,0,0,21,11,32,0,1,44,8,53,0,1,65,19,85,52,20,72,157
09/16/2020,ADM,OK,ASW,CE,Federal Contract Tower,0,0,6,12,18,0,0,34,4,38,0,0,40,16,56,18,4,22,78
09/17/2020,ADM,OK,ASW,CE,Federal Contract Tower,0,1,10,2,13,0,0,38,0,38,0,1,48,2,51,26,6,32,83
09/18/2020,ADM,OK,ASW,CE,Federal Contract Tower,0,2,18,24,44,0,0,26,3,29,0,2,44,27,73,20,4,24,97
09/19/2020,ADM,OK,ASW,CE,Federal Contract Tower,0,0,3,0,3,0,0,14,2,16,0,0,17,2,19,14,0,14,33
09/20/2020,ADM,OK,ASW,CE,Federal Contract Tower,0,0,4,0,4,0,0,20,0,20,0,0,24,0,24,14,0,14,38
09/21/2020,ADM,OK,ASW,CE,Federal Contract Tower,0,0,7,1,8,0,0,23,4,27,0,0,30,5,35,0,0,0,35
09/22/2020,ADM,OK,ASW,CE,Federal Contract Tower,0,1,10,20,31,0,0,0,0,0,0,1,10,20,31,0,0,0,31
09/23/2020,ADM,OK,ASW,CE,Federal Contract Tower,0,2,12,14,28,0,0,2,0,2,0,2,14,14,30,0,0,0,30
09/24/2020,ADM,OK,ASW,CE,Federal Contract Tower,0,0,10,7,17,0,0,20,1,21,0,0,30,8,38,46,0,46,84
09/25/2020,ADM,OK,ASW,CE,Federal Contract Tower,0,0,4,3,7,0,0,68,1,69,0,0,72,4,76,20,4,24,100
09/26/2020,ADM,OK,ASW,CE,Federal Contract Tower,0,0,5,2,7,0,0,17,0,17,0,0,22,2,24,10,0,10,34
09/27/2020,ADM,OK,ASW,CE,Federal Contract Tower,0,0,5,0,5,0,0,5,0,5,0,0,10,0,10,0,0,0,10
09/28/2020,ADM,OK,ASW,CE,Federal Contract Tower,0,0,5,20,25,0,0,15,14,29,0,0,20,34,54,6,70,76,130
09/29/2020,ADM,OK,ASW,CE,Federal Contract Tower,0,0,5,22,27,0,0,39,3,42,0,0,44,25,69,16,0,16,85
09/30/2020,ADM,OK,ASW,CE,Federal Contract Tower,0,0,16,13,29,0,0,52,1,53,0,0,68,14,82,38,0,38,120
10/01/2020,ADM,OK,ASW,CE,Federal Contract Tower,0,0,8,11,19,0,0,53,5,58,0,0,61,16,77,66,0,66,143
10/02/2020,ADM,OK,ASW,CE,Federal Contract Tower,0,1,6,2,9,0,1,68,11,80,0,2,74,13,89,46,40,86,175
10/03/2020,ADM,OK,ASW,CE,Federal Contract Tower,0,1,2,0,3,0,0,14,0,14,0,1,16,0,17,0,0,0,17
10/04/2020,ADM,OK,ASW,CE,Federal Contract Tower,0,0,5,8,13,0,0,14,0,14,0,0,19,8,27,10,0,10,37
10/05/2020,ADM,OK,ASW,CE,Federal Contract Tower,0,0,5,5,10,0,0,41,9,50,0,0,46,14,60,20,8,28,88
10/06/2020,ADM,OK,ASW,CE,Federal Contract Tower,0,0,6,6,12,0,0,61,7,68,0,0,67,13,80,46,38,84,164
10/07/2020,ADM,OK,ASW,CE,Federal Contract Tower,0,0,12,6,18,0,0,47,2,49,0,0,59,8,67,10,2,12,79
10/08/2020,ADM,OK,ASW,CE,Federal Contract Tower,0,0,12,5,17,0,1,42,1,44,0,1,54,6,61,18,2,20,81
10/09/2020,ADM,OK,ASW,CE,Federal Contract Tower,0,1,17,7,25,0,0,13,1,14,0,1,30,8,39,12,0,12,51
10/10/2020,ADM,OK,ASW,CE,Federal Contract Tower,0,0,4,0,4,0,0,7,0,7,0,0,11,0,11,0,0,0,11
10/11/2020,ADM,OK,ASW,CE,Federal Contract Tower,0,0,2,0,2,0,0,18,4,22,0,0,20,4,24,16,0,16,40
10/12/2020,ADM,OK,ASW,CE,Federal Contract Tower,0,0,4,0,4,0,0,24,0,24,0,0,28,0,28,22,0,22,50
10/13/2020,ADM,OK,ASW,CE,Federal Contract Tower,0,0,9,7,16,0,0,27,15,42,0,0,36,22,58,4,40,44,102
10/14/2020,ADM,OK,ASW,CE,Federal Contract Tower,0,0,5,14,19,0,0,15,12,27,0,0,20,26,46,18,76,94,140
10/15/2020,ADM,OK,ASW,CE,Federal Contract Tower,0,0,4,3,7,0,0,8,1,9,0,0,12,4,16,0,0,0,16
10/16/2020,ADM,OK,ASW,CE,Federal Contract Tower,0,0,5,7,12,0,0,31,7,38,0,0,36,14,50,14,0,14,64
10/17/2020,ADM,OK,ASW,CE,Federal Contract Tower,0,0,1,0,1,0,0,19,0,19,0,0,20,0,20,4,0,4,24
10/18/2020,ADM,OK,ASW,CE,Federal Contract Tower,0,0,3,4,7,0,0,12,4,16,0,0,15,8,23,38,4,42,65
10/19/2020,ADM,OK,ASW,CE,Federal Contract Tower,0,0,11,2,13,0,0,1,2,3,0,0,12,4,16,0,10,10,26
10/20/2020,ADM,OK,ASW,CE,Federal Contract Tower,0,0,8,18,26,0,0,6,4,10,0,0,14,22,36,2,14,16,52
10/21/2020,ADM,OK,ASW,CE,Federal Contract Tower,0,0,17,9,26,0,0,33,5,38,0,0,50,14,64,78,16,94,158
10/22/2020,ADM,OK,ASW,CE,Federal Contract Tower,0,2,17,5,24,0,0,36,5,41,0,2,53,10,65,4,0,4,69
10/23/2020,ADM,OK,ASW,CE,Federal Contract Tower,0,2,7,4,13,0,0,0,0,0,0,2,7,4,13,0,0,0,13
10/24/2020,ADM,OK,ASW,CE,Federal Contract Tower,0,0,3,2,5,0,0,36,0,36,0,0,39,2,41,8,0,8,49
10/25/2020,ADM,OK,ASW,CE,Federal Contract Tower,0,1,14,6,21,0,0,0,0,0,0,1,14,6,21,0,0,0,21
10/26/2020,ADM,OK,ASW,CE,Federal Contract Tower,0,2,0,0,2,0,0,0,0,0,0,2,0,0,2,0,0,0,2
10/27/2020,ADM,OK,ASW,CE,Federal Contract Tower,0,0,1,0,1,0,0,0,0,0,0,0,1,0,1,0,0,0,1
10/28/2020,ADM,OK,ASW,CE,Federal Contract Tower,0,1,2,0,3,0,0,0,0,0,0,1,2,0,3,0,0,0,3
10/29/2020,ADM,OK,ASW,CE,Federal Contract Tower,0,2,12,16,30,0,2,8,0,10,0,4,20,16,40,30,0,30,70
10/30/2020,ADM,OK,ASW,CE,Federal Contract Tower,0,1,12,3,16,0,1,67,1,69,0,2,79,4,85,0,4,4,89
10/31/2020,ADM,OK,ASW,CE,Federal Contract Tower,0,0,3,1,4,0,0,24,0,24,0,0,27,1,28,6,0,6,34
11/01/2020,ADM,OK,ASW,CE,Federal Contract Tower,0,0,0,0,0,0,0,20,0,20,0,0,20,0,20,0,0,0,20
11/02/2020,ADM,OK,ASW,CE,Federal Contract Tower,0,0,5,0,5,0,0,50,0,50,0,0,55,0,55,28,0,28,83
11/03/2020,ADM,OK,ASW,CE,Federal Contract Tower,0,0,5,4,9,0,0,28,0,28,0,0,33,4,37,4,0,4,41
11/04/2020,ADM,OK,ASW,CE,Federal Contract Tower,0,0,17,3,20,0,0,31,9,40,0,0,48,12,60,26,10,36,96
11/05/2020,ADM,OK,ASW,CE,Federal Contract Tower,0,0,2,17,19,0,0,37,1,38,0,0,39,18,57,12,10,22,79
11/06/2020,ADM,OK,ASW,CE,Federal Contract Tower,0,0,3,0,3,0,0,18,0,18,0,0,21,0,21,10,0,10,31
11/07/2020,ADM,OK,ASW,CE,Federal Contract Tower,0,0,0,0,0,0,0,30,0,30,0,0,30,0,30,28,0,28,58
11/08/2020,ADM,OK,ASW,CE,Federal Contract Tower,0,0,2,0,2,0,0,6,0,6,0,0,8,0,8,0,0,0,8
11/09/2020,ADM,OK,ASW,CE,Federal Contract Tower,0,0,7,13,20,0,0,10,0,10,0,0,17,13,30,0,0,0,30
11/10/2020,ADM,OK,ASW,CE,Federal Contract Tower,0,0,6,18,24,0,0,41,5,46,0,0,47,23,70,26,6,32,102
11/11/2020,ADM,OK,ASW,CE,Federal Contract Tower,0,0,8,0,8,0,0,67,0,67,0,0,75,0,75,92,0,92,167
11/12/2020,ADM,OK,ASW,CE,Federal Contract Tower,0,2,10,22,34,0,0,30,2,32,0,2,40,24,66,10,0,10,76
11/13/2020,ADM,OK,ASW,CE,Federal Contract Tower,0,0,6,5,11,0,0,25,1,26,0,0,31,6,37,6,0,6,43
11/14/2020,ADM,OK,ASW,CE,Federal Contract Tower,0,0,2,0,2,0,0,1,0,1,0,0,3,0,3,0,0,0,3
11/15/2020,ADM,OK,ASW,CE,Federal Contract Tower,0,0,2,0,2,0,0,17,2,19,0,0,19,2,21,10,8,18,39
11/16/2020,ADM,OK,ASW,CE,Federal Contract Tower,0,0,0,6,6,0,0,30,0,30,0,0,30,6,36,30,0,30,66
11/17/2020,ADM,OK,ASW,CE,Federal Contract Tower,0,0,6,11,17,0,0,71,5,76,0,0,77,16,93,8,2,10,103
11/18/2020,ADM,OK,ASW,CE,Federal Contract Tower,0,0,9,0,9,0,0,49,0,49,0,0,58,0,58,32,0,32,90
11/19/2020,ADM,OK,ASW,CE,Federal Contract Tower,0,0,4,5,9,0,0,8,5,13,0,0,12,10,22,18,0,18,40
11/20/2020,ADM,OK,ASW,CE,Federal Contract Tower,0,0,19,10,29,0,0,28,8,36,0,0,47,18,65,20,18,38,103
11/21/2020,ADM,OK,ASW,CE,Federal Contract Tower,0,2,4,2,8,0,0,9,0,9,0,2,13,2,17,6,0,6,23
11/22/2020,ADM,OK,ASW,CE,Federal Contract Tower,0,0,0,0,0,0,0,0,0,0,0,0,0,0,0,0,0,0,0
11/23/2020,ADM,OK,ASW,CE,Federal Contract Tower,0,0,7,2,9,0,0,5,0,5,0,0,12,2,14,16,0,16,30
11/24/2020,ADM,OK,ASW,CE,Federal Contract Tower,0,0,6,0,6,0,0,0,0,0,0,0,6,0,6,0,0,0,6
11/25/2020,ADM,OK,ASW,CE,Federal Contract Tower,0,0,7,4,11,0,0,42,2,44,0,0,49,6,55,52,0,52,107
11/26/2020,ADM,OK,ASW,CE,Federal Contract Tower,0,0,0,0,0,0,0,6,0,6,0,0,6,0,6,0,0,0,6
11/27/2020,ADM,OK,ASW,CE,Federal Contract Tower,0,0,6,4,10,0,0,24,0,24,0,0,30,4,34,0,0,0,34
11/28/2020,ADM,OK,ASW,CE,Federal Contract Tower,0,1,5,0,6,0,0,0,0,0,0,1,5,0,6,0,0,0,6
11/29/2020,ADM,OK,ASW,CE,Federal Contract Tower,0,0,3,0,3,0,0,1,0,1,0,0,4,0,4,0,0,0,4
11/30/2020,ADM,OK,ASW,CE,Federal Contract Tower,0,0,5,9,14,0,0,41,9,50,0,0,46,18,64,8,0,8,72
12/01/2020,ADM,OK,ASW,CE,Federal Contract Tower,0,0,4,3,7,0,0,39,7,46,0,0,43,10,53,18,0,18,71
12/02/2020,ADM,OK,ASW,CE,Federal Contract Tower,0,0,6,0,6,0,0,0,0,0,0,0,6,0,6,0,0,0,6
12/03/2020,ADM,OK,ASW,CE,Federal Contract Tower,0,0,15,0,15,0,0,1,0,1,0,0,16,0,16,0,0,0,16
12/04/2020,ADM,OK,ASW,CE,Federal Contract Tower,0,0,14,9,23,0,0,54,5,59,0,0,68,14,82,8,6,14,96
12/05/2020,ADM,OK,ASW,CE,Federal Contract Tower,0,0,3,0,3,0,0,43,0,43,0,0,46,0,46,20,0,20,66
12/06/2020,ADM,OK,ASW,CE,Federal Contract Tower,0,0,4,4,8,0,0,40,2,42,0,0,44,6,50,22,0,22,72
12/07/2020,ADM,OK,ASW,CE,Federal Contract Tower,0,0,2,7,9,0,0,33,2,35,0,0,35,9,44,20,4,24,68
12/08/2020,ADM,OK,ASW,CE,Federal Contract Tower,0,0,4,5,9,0,0,54,2,56,0,0,58,7,65,18,6,24,89
12/09/2020,ADM,OK,ASW,CE,Federal Contract Tower,0,0,9,2,11,0,0,53,1,54,0,0,62,3,65,34,8,42,107
12/10/2020,ADM,OK,ASW,CE,Federal Contract Tower,0,0,7,5,12,0,0,51,5,56,0,0,58,10,68,10,8,18,86
12/11/2020,ADM,OK,ASW,CE,Federal Contract Tower,0,0,1,4,5,0,0,4,0,4,0,0,5,4,9,12,0,12,21
12/12/2020,ADM,OK,ASW,CE,Federal Contract Tower,0,0,7,0,7,0,0,19,0,19,0,0,26,0,26,12,0,12,38
12/13/2020,ADM,OK,ASW,CE,Federal Contract Tower,0,0,2,0,2,0,0,0,0,0,0,0,2,0,2,0,0,0,2
12/14/2020,ADM,OK,ASW,CE,Federal Contract Tower,0,0,3,0,3,0,0,41,2,43,0,0,44,2,46,34,7,41,87
12/15/2020,ADM,OK,ASW,CE,Federal Contract Tower,0,0,0,0,0,0,0,0,0,0,0,0,0,0,0,0,0,0,0
12/16/2020,ADM,OK,ASW,CE,Federal Contract Tower,0,0,8,1,9,0,0,18,1,19,0,0,26,2,28,8,0,8,36
12/17/2020,ADM,OK,ASW,CE,Federal Contract Tower,0,0,3,3,6,0,0,54,6,60,0,0,57,9,66,34,0,34,100
12/18/2020,ADM,OK,ASW,CE,Federal Contract Tower,0,2,7,4,13,0,0,25,2,27,0,2,32,6,40,24,0,24,64
12/19/2020,ADM,OK,ASW,CE,Federal Contract Tower,0,0,6,0,6,0,0,8,0,8,0,0,14,0,14,0,0,0,14
12/20/2020,ADM,OK,ASW,CE,Federal Contract Tower,0,0,5,0,5,0,0,29,0,29,0,0,34,0,34,0,0,0,34
12/21/2020,ADM,OK,ASW,CE,Federal Contract Tower,0,0,6,1,7,0,0,38,1,39,0,0,44,2,46,30,8,38,84
12/22/2020,ADM,OK,ASW,CE,Federal Contract Tower,0,0,6,2,8,0,0,39,2,41,0,0,45,4,49,0,0,0,49
12/23/2020,ADM,OK,ASW,CE,Federal Contract Tower,0,0,6,0,6,0,0,5,0,5,0,0,11,0,11,0,0,0,11
12/24/2020,ADM,OK,ASW,CE,Federal Contract Tower,0,0,1,0,1,0,0,8,0,8,0,0,9,0,9,0,0,0,9
12/25/2020,ADM,OK,ASW,CE,Federal Contract Tower,0,0,0,0,0,0,0,13,0,13,0,0,13,0,13,0,0,0,13
12/26/2020,ADM,OK,ASW,CE,Federal Contract Tower,0,1,0,0,1,0,0,9,0,9,0,1,9,0,10,2,0,2,12
12/27/2020,ADM,OK,ASW,CE,Federal Contract Tower,0,0,10,0,10,0,0,18,0,18,0,0,28,0,28,14,0,14,42
12/28/2020,ADM,OK,ASW,CE,Federal Contract Tower,0,0,8,0,8,0,0,16,0,16,0,0,24,0,24,38,0,38,62
12/29/2020,ADM,OK,ASW,CE,Federal Contract Tower,0,1,12,0,13,0,0,2,0,2,0,1,14,0,15,0,0,0,15
12/30/2020,ADM,OK,ASW,CE,Federal Contract Tower,0,0,0,0,0,0,0,0,0,0,0,0,0,0,0,0,0,0,0
12/31/2020,ADM,OK,ASW,CE,Federal Contract Tower,0,0,4,0,4,0,0,2,0,2,0,0,6,0,6,0,0,0,6
01/01/2021,ADM,OK,ASW,CE,Federal Contract Tower,0,0,7,0,7,0,0,0,0,0,0,0,7,0,7,0,0,0,7
01/02/2021,ADM,OK,ASW,CE,Federal Contract Tower,0,3,1,0,4,0,0,19,0,19,0,3,20,0,23,8,0,8,31
01/03/2021,ADM,OK,ASW,CE,Federal Contract Tower,0,0,4,0,4,0,0,17,0,17,0,0,21,0,21,6,0,6,27
01/04/2021,ADM,OK,ASW,CE,Federal Contract Tower,0,0,10,4,14,0,0,43,0,43,0,0,53,4,57,14,0,14,71
01/05/2021,ADM,OK,ASW,CE,Federal Contract Tower,0,0,5,0,5,0,0,32,0,32,0,0,37,0,37,14,0,14,51
01/06/2021,ADM,OK,ASW,CE,Federal Contract Tower,0,0,7,22,29,0,0,0,0,0,0,0,7,22,29,0,28,28,57
01/07/2021,ADM,OK,ASW,CE,Federal Contract Tower,0,0,6,20,26,0,0,10,0,10,0,0,16,20,36,0,0,0,36
01/08/2021,ADM,OK,ASW,CE,Federal Contract Tower,0,2,6,32,40,0,0,6,0,6,0,2,12,32,46,6,2,8,54
01/09/2021,ADM,OK,ASW,CE,Federal Contract Tower,0,0,6,4,10,0,0,38,0,38,0,0,44,4,48,8,0,8,56
01/10/2021,ADM,OK,ASW,CE,Federal Contract Tower,0,0,4,0,4,0,0,4,0,4,0,0,8,0,8,0,0,0,8
01/11/2021,ADM,OK,ASW,CE,Federal Contract Tower,0,0,4,22,26,0,0,22,4,26,0,0,26,26,52,6,20,26,78
01/12/2021,ADM,OK,ASW,CE,Federal Contract Tower,0,0,8,13,21,0,0,36,13,49,0,0,44,26,70,16,12,28,98
01/13/2021,ADM,OK,ASW,CE,Federal Contract Tower,0,0,9,4,13,0,0,29,8,37,0,0,38,12,50,12,0,12,62
01/14/2021,ADM,OK,ASW,CE,Federal Contract Tower,0,0,6,17,23,0,0,17,5,22,0,0,23,22,45,12,44,56,101
01/15/2021,ADM,OK,ASW,CE,Federal Contract Tower,0,0,8,12,20,0,0,9,4,13,0,0,17,16,33,2,0,2,35
01/16/2021,ADM,OK,ASW,CE,Federal Contract Tower,0,0,0,0,0,0,0,34,0,34,0,0,34,0,34,16,0,16,50
01/17/2021,ADM,OK,ASW,CE,Federal Contract Tower,0,0,2,4,6,0,0,21,2,23,0,0,23,6,29,4,0,4,33
01/18/2021,ADM,OK,ASW,CE,Federal Contract Tower,0,0,5,0,5,0,0,30,0,30,0,0,35,0,35,36,0,36,71
01/19/2021,ADM,OK,ASW,CE,Federal Contract Tower,0,1,10,19,30,0,0,20,6,26,0,1,30,25,56,6,32,38,94
01/20/2021,ADM,OK,ASW,CE,Federal Contract Tower,0,0,12,23,35,0,0,5,4,9,0,0,17,27,44,0,26,26,70
01/21/2021,ADM,OK,ASW,CE,Federal Contract Tower,0,0,16,6,22,0,0,0,0,0,0,0,16,6,22,0,0,0,22
01/22/2021,ADM,OK,ASW,CE,Federal Contract Tower,0,0,20,9,29,0,0,20,0,20,0,0,40,9,49,38,0,38,87
01/23/2021,ADM,OK,ASW,CE,Federal Contract Tower,0,0,0,0,0,0,0,1,0,1,0,0,1,0,1,0,0,0,1
01/24/2021,ADM,OK,ASW,CE,Federal Contract Tower,0,0,2,0,2,0,0,0,0,0,0,0,2,0,2,0,0,0,2
01/25/2021,ADM,OK,ASW,CE,Federal Contract Tower,0,0,11,11,22,0,0,7,3,10,0,0,18,14,32,0,14,14,46
01/26/2021,ADM,OK,ASW,CE,Federal Contract Tower,0,0,2,30,32,0,0,48,30,78,0,0,50,60,110,14,72,86,196
01/27/2021,ADM,OK,ASW,CE,Federal Contract Tower,0,0,7,25,32,0,0,16,9,25,0,0,23,34,57,18,36,54,111
01/28/2021,ADM,OK,ASW,CE,Federal Contract Tower,0,0,4,19,23,0,0,23,3,26,0,0,27,22,49,4,6,10,59
01/29/2021,ADM,OK,ASW,CE,Federal Contract Tower,0,0,4,4,8,0,0,16,2,18,0,0,20,6,26,14,0,14,40
01/30/2021,ADM,OK,ASW,CE,Federal Contract Tower,0,0,0,0,0,0,3,0,0,3,0,3,0,0,3,0,0,0,3
01/31/2021,ADM,OK,ASW,CE,Federal Contract Tower,0,0,0,0,0,0,0,9,0,9,0,0,9,0,9,0,0,0,9
02/01/2021,ADM,OK,ASW,CE,Federal Contract Tower,0,0,2,8,10,0,0,28,3,31,0,0,30,11,41,28,0,28,69
02/02/2021,ADM,OK,ASW,CE,Federal Contract Tower,0,0,14,6,20,0,3,41,8,52,0,3,55,14,72,4,12,16,88
02/03/2021,ADM,OK,ASW,CE,Federal Contract Tower,0,0,4,9,13,0,2,18,3,23,0,2,22,12,36,0,44,44,80
02/04/2021,ADM,OK,ASW,CE,Federal Contract Tower,0,0,8,7,15,0,0,16,1,17,0,0,24,8,32,60,6,66,98
02/05/2021,ADM,OK,ASW,CE,Federal Contract Tower,0,0,2,13,15,0,0,47,14,61,0,0,49,27,76,6,30,36,112
02/06/2021,ADM,OK,ASW,CE,Federal Contract Tower,0,0,0,10,10,0,0,0,0,0,0,0,0,10,10,0,0,0,10
02/07/2021,ADM,OK,ASW,CE,Federal Contract Tower,0,0,5,0,5,0,0,0,0,0,0,0,5,0,5,0,0,0,5
02/08/2021,ADM,OK,ASW,CE,Federal Contract Tower,0,0,5,4,9,0,0,0,0,0,0,0,5,4,9,0,0,0,9
02/09/2021,ADM,OK,ASW,CE,Federal Contract Tower,0,0,6,0,6,0,0,0,0,0,0,0,6,0,6,0,0,0,6
02/10/2021,ADM,OK,ASW,CE,Federal Contract Tower,0,0,2,0,2,0,0,0,0,0,0,0,2,0,2,0,0,0,2
02/11/2021,ADM,OK,ASW,CE,Federal Contract Tower,0,0,4,0,4,0,0,1,0,1,0,0,5,0,5,0,0,0,5
02/12/2021,ADM,OK,ASW,CE,Federal Contract Tower,0,0,8,0,8,0,0,2,0,2,0,0,10,0,10,0,0,0,10
02/13/2021,ADM,OK,ASW,CE,Federal Contract Tower,0,0,3,0,3,0,0,0,0,0,0,0,3,0,3,0,0,0,3
02/14/2021,ADM,OK,ASW,CE,Federal Contract Tower,0,0,0,0,0,0,0,0,0,0,0,0,0,0,0,0,0,0,0
02/15/2021,ADM,OK,ASW,CE,Federal Contract Tower,0,0,0,0,0,0,0,0,0,0,0,0,0,0,0,0,0,0,0
02/16/2021,ADM,OK,ASW,CE,Federal Contract Tower,0,0,0,0,0,0,0,0,0,0,0,0,0,0,0,0,0,0,0
02/17/2021,ADM,OK,ASW,CE,Federal Contract Tower,0,0,0,0,0,0,0,0,0,0,0,0,0,0,0,0,0,0,0
02/18/2021,ADM,OK,ASW,CE,Federal Contract Tower,0,0,0,0,0,0,0,0,0,0,0,0,0,0,0,0,0,0,0
02/19/2021,ADM,OK,ASW,CE,Federal Contract Tower,0,0,0,0,0,0,0,0,0,0,0,0,0,0,0,0,0,0,0
02/20/2021,ADM,OK,ASW,CE,Federal Contract Tower,0,0,0,0,0,0,0,0,0,0,0,0,0,0,0,0,0,0,0
02/21/2021,ADM,OK,ASW,CE,Federal Contract Tower,0,0,0,0,0,0,0,5,0,5,0,0,5,0,5,4,0,4,9
02/22/2021,ADM,OK,ASW,CE,Federal Contract Tower,0,0,13,20,33,0,0,25,5,30,0,0,38,25,63,8,38,46,109
02/23/2021,ADM,OK,ASW,CE,Federal Contract Tower,0,0,14,4,18,0,2,53,0,55,0,2,67,4,73,12,0,12,85
02/24/2021,ADM,OK,ASW,CE,Federal Contract Tower,0,0,6,31,37,0,0,50,1,51,0,0,56,32,88,42,6,48,136
02/25/2021,ADM,OK,ASW,CE,Federal Contract Tower,0,0,6,0,6,0,0,14,2,16,0,0,20,2,22,28,0,28,50
02/26/2021,ADM,OK,ASW,CE,Federal Contract Tower,0,5,19,4,28,0,1,0,0,1,0,6,19,4,29,0,0,0,29
02/27/2021,ADM,OK,ASW,CE,Federal Contract Tower,0,0,0,0,0,0,0,0,0,0,0,0,0,0,0,0,0,0,0
02/28/2021,ADM,OK,ASW,CE,Federal Contract Tower,0,1,4,0,5,0,0,2,0,2,0,1,6,0,7,0,0,0,7
03/01/2021,ADM,OK,ASW,CE,Federal Contract Tower,0,0,8,7,15,0,0,36,2,38,0,0,44,9,53,34,0,34,87
03/02/2021,ADM,OK,ASW,CE,Federal Contract Tower,0,0,9,18,27,0,0,37,2,39,0,0,46,20,66,24,14,38,104
03/03/2021,ADM,OK,ASW,CE,Federal Contract Tower,0,0,5,2,7,0,0,59,0,59,0,0,64,2,66,64,0,64,130
03/04/2021,ADM,OK,ASW,CE,Federal Contract Tower,0,0,6,6,12,0,0,28,0,28,0,0,34,6,40,6,0,6,46
03/05/2021,ADM,OK,ASW,CE,Federal Contract Tower,0,0,12,9,21,0,0,1,0,1,0,0,13,9,22,0,0,0,22
03/06/2021,ADM,OK,ASW,CE,Federal Contract Tower,0,0,5,0,5,0,0,31,2,33,0,0,36,2,38,24,0,24,62
03/07/2021,ADM,OK,ASW,CE,Federal Contract Tower,0,0,6,0,6,0,0,21,0,21,0,0,27,0,27,0,0,0,27
03/08/2021,ADM,OK,ASW,CE,Federal Contract Tower,0,0,19,9,28,0,0,37,0,37,0,0,56,9,65,0,8,8,73
03/09/2021,ADM,OK,ASW,CE,Federal Contract Tower,0,1,6,16,23,0,0,8,0,8,0,1,14,16,31,0,10,10,41
03/10/2021,ADM,OK,ASW,CE,Federal Contract Tower,0,0,15,6,21,0,0,12,2,14,0,0,27,8,35,10,0,10,45
03/11/2021,ADM,OK,ASW,CE,Federal Contract Tower,0,4,7,6,17,0,0,15,1,16,0,4,22,7,33,10,8,18,51
03/12/2021,ADM,OK,ASW,CE,Federal Contract Tower,0,1,8,13,22,0,0,2,0,2,0,1,10,13,24,0,0,0,24
03/13/2021,ADM,OK,ASW,CE,Federal Contract Tower,0,0,4,0,4,0,0,0,0,0,0,0,4,0,4,0,0,0,4
03/14/2021,ADM,OK,ASW,CE,Federal Contract Tower,0,2,7,0,9,0,0,6,0,6,0,2,13,0,15,12,0,12,27
03/15/2021,ADM,OK,ASW,CE,Federal Contract Tower,0,0,6,4,10,0,0,28,0,28,0,0,34,4,38,14,0,14,52
03/16/2021,ADM,OK,ASW,CE,Federal Contract Tower,0,2,3,7,12,0,0,23,1,24,0,2,26,8,36,6,28,34,70
03/17/2021,ADM,OK,ASW,CE,Federal Contract Tower,0,0,10,26,36,0,0,6,0,6,0,0,16,26,42,0,0,0,42
03/18/2021,ADM,OK,ASW,CE,Federal Contract Tower,0,2,7,8,17,0,0,4,0,4,0,2,11,8,21,0,0,0,21
03/19/2021,ADM,OK,ASW,CE,Federal Contract Tower,0,0,12,1,13,0,0,81,2,83,0,0,93,3,96,2,0,2,98
03/20/2021,ADM,OK,ASW,CE,Federal Contract Tower,0,0,6,0,6,0,0,26,0,26,0,0,32,0,32,24,0,24,56
03/21/2021,ADM,OK,ASW,CE,Federal Contract Tower,0,0,5,1,6,0,0,15,3,18,0,0,20,4,24,16,8,24,48
03/22/2021,ADM,OK,ASW,CE,Federal Contract Tower,0,0,6,0,6,0,0,0,0,0,0,0,6,0,6,0,0,0,6
03/23/2021,ADM,OK,ASW,CE,Federal Contract Tower,0,0,13,18,31,0,0,7,6,13,0,0,20,24,44,0,4,4,48
03/24/2021,ADM,OK,ASW,CE,Federal Contract Tower,0,0,5,7,12,0,0,13,4,17,0,0,18,11,29,16,0,16,45
03/25/2021,ADM,OK,ASW,CE,Federal Contract Tower,0,0,3,0,3,0,0,10,0,10,0,0,13,0,13,4,0,4,17
03/26/2021,ADM,OK,ASW,CE,Federal Contract Tower,0,0,3,16,19,0,0,58,10,68,0,0,61,26,87,0,0,0,87
03/27/2021,ADM,OK,ASW,CE,Federal Contract Tower,0,0,9,2,11,0,0,7,0,7,0,0,16,2,18,8,0,8,26
03/28/2021,ADM,OK,ASW,CE,Federal Contract Tower,0,0,2,0,2,0,0,33,6,39,0,0,35,6,41,64,8,72,113
03/29/2021,ADM,OK,ASW,CE,Federal Contract Tower,0,0,3,9,12,0,0,13,1,14,0,0,16,10,26,0,2,2,28
03/30/2021,ADM,OK,ASW,CE,Federal Contract Tower,0,0,11,3,14,0,0,17,5,22,0,0,28,8,36,44,20,64,100
03/31/2021,ADM,OK,ASW,CE,Federal Contract Tower,0,2,1,8,11,0,0,15,2,17,0,2,16,10,28,18,6,24,52
04/01/2021,ADM,OK,ASW,CE,Federal Contract Tower,0,0,15,8,23,0,0,80,5,85,0,0,95,13,108,14,8,22,130
04/02/2021,ADM,OK,ASW,CE,Federal Contract Tower,0,0,10,8,18,0,0,37,8,45,0,0,47,16,63,4,22,26,89
04/03/2021,ADM,OK,ASW,CE,Federal Contract Tower,0,0,0,0,0,0,0,36,1,37,0,0,36,1,37,10,0,10,47
04/04/2021,ADM,OK,ASW,CE,Federal Contract Tower,0,0,3,0,3,0,0,11,0,11,0,0,14,0,14,14,0,14,28
04/05/2021,ADM,OK,ASW,CE,Federal Contract Tower,0,0,11,2,13,0,0,36,2,38,0,0,47,4,51,10,0,10,61
04/06/2021,ADM,OK,ASW,CE,Federal Contract Tower,0,0,18,4,22,0,0,2,2,4,0,0,20,6,26,0,0,0,26
04/07/2021,ADM,OK,ASW,CE,Federal Contract Tower,0,0,11,12,23,0,0,21,2,23,0,0,32,14,46,18,36,54,100
04/08/2021,ADM,OK,ASW,CE,Federal Contract Tower,0,0,17,1,18,0,0,87,1,88,0,0,104,2,106,58,14,72,178
04/09/2021,ADM,OK,ASW,CE,Federal Contract Tower,0,0,10,5,15,0,0,10,6,16,0,0,20,11,31,0,4,4,35
04/10/2021,ADM,OK,ASW,CE,Federal Contract Tower,0,0,10,2,12,0,0,21,2,23,0,0,31,4,35,20,0,20,55
04/11/2021,ADM,OK,ASW,CE,Federal Contract Tower,0,0,3,0,3,0,0,15,0,15,0,0,18,0,18,8,0,8,26
04/12/2021,ADM,OK,ASW,CE,Federal Contract Tower,0,0,10,27,37,0,0,60,2,62,0,0,70,29,99,54,20,74,173
04/13/2021,ADM,OK,ASW,CE,Federal Contract Tower,0,0,9,7,16,0,0,56,2,58,0,0,65,9,74,6,26,32,106
04/14/2021,ADM,OK,ASW,CE,Federal Contract Tower,0,0,5,3,8,0,0,0,0,0,0,0,5,3,8,0,0,0,8
04/15/2021,ADM,OK,ASW,CE,Federal Contract Tower,0,0,6,9,15,0,0,3,2,5,0,0,9,11,20,0,0,0,20
04/16/2021,ADM,OK,ASW,CE,Federal Contract Tower,0,0,3,0,3,0,0,0,0,0,0,0,3,0,3,0,0,0,3
04/17/2021,ADM,OK,ASW,CE,Federal Contract Tower,0,0,9,0,9,0,0,14,0,14,0,0,23,0,23,14,0,14,37
04/18/2021,ADM,OK,ASW,CE,Federal Contract Tower,0,0,8,0,8,0,0,51,0,51,0,0,59,0,59,2,0,2,61
04/19/2021,ADM,OK,ASW,CE,Federal Contract Tower,0,0,3,12,15,0,0,45,4,49,0,0,48,16,64,48,0,48,112
04/20/2021,ADM,OK,ASW,CE,Federal Contract Tower,0,0,11,18,29,0,0,19,0,19,0,0,30,18,48,14,0,14,62
04/21/2021,ADM,OK,ASW,CE,Federal Contract Tower,0,0,17,14,31,0,0,52,6,58,0,0,69,20,89,16,28,44,133
04/22/2021,ADM,OK,ASW,CE,Federal Contract Tower,0,1,9,14,24,0,0,27,2,29,0,1,36,16,53,2,4,6,59
04/23/2021,ADM,OK,ASW,CE,Federal Contract Tower,0,0,3,0,3,0,0,0,0,0,0,0,3,0,3,0,0,0,3
04/24/2021,ADM,OK,ASW,CE,Federal Contract Tower,0,0,13,0,13,0,0,4,0,4,0,0,17,0,17,0,0,0,17
04/25/2021,ADM,OK,ASW,CE,Federal Contract Tower,0,0,6,0,6,0,0,9,0,9,0,0,15,0,15,10,0,10,25
04/26/2021,ADM,OK,ASW,CE,Federal Contract Tower,0,0,9,4,13,0,0,22,2,24,0,0,31,6,37,0,8,8,45
04/27/2021,ADM,OK,ASW,CE,Federal Contract Tower,0,0,20,8,28,0,0,2,0,2,0,0,22,8,30,0,0,0,30
04/30/2021,ADM,OK,ASW,CE,Federal Contract Tower,0,0,15,8,23,0,0,43,10,53,0,0,58,18,76,4,6,10,86
05/01/2021,ADM,OK,ASW,CE,Federal Contract Tower,0,0,2,0,2,0,0,3,0,3,0,0,5,0,5,0,0,0,5
05/02/2021,ADM,OK,ASW,CE,Federal Contract Tower,0,1,2,0,3,0,0,9,0,9,0,1,11,0,12,18,0,18,30
05/03/2021,ADM,OK,ASW,CE,Federal Contract Tower,0,0,10,5,15,0,0,13,1,14,0,0,23,6,29,22,0,22,51
05/04/2021,ADM,OK,ASW,CE,Federal Contract Tower,0,0,17,11,28,0,0,19,0,19,0,0,36,11,47,0,0,0,47
05/05/2021,ADM,OK,ASW,CE,Federal Contract Tower,0,0,0,4,4,0,0,4,0,4,0,0,4,4,8,0,0,0,8
05/06/2021,ADM,OK,ASW,CE,Federal Contract Tower,0,0,12,1,13,0,0,44,1,45,0,0,56,2,58,4,0,4,62
05/07/2021,ADM,OK,ASW,CE,Federal Contract Tower,0,0,6,4,10,0,0,25,2,27,0,0,31,6,37,10,0,10,47
05/08/2021,ADM,OK,ASW,CE,Federal Contract Tower,0,2,5,0,7,0,0,12,0,12,0,2,17,0,19,0,0,0,19
05/09/2021,ADM,OK,ASW,CE,Federal Contract Tower,0,0,8,0,8,0,0,1,0,1,0,0,9,0,9,0,0,0,9
05/10/2021,ADM,OK,ASW,CE,Federal Contract Tower,0,0,13,5,18,0,0,2,0,2,0,0,15,5,20,0,0,0,20
05/11/2021,ADM,OK,ASW,CE,Federal Contract Tower,0,0,6,0,6,0,0,0,0,0,0,0,6,0,6,0,0,0,6
05/12/2021,ADM,OK,ASW,CE,Federal Contract Tower,0,0,21,0,21,0,0,6,2,8,0,0,27,2,29,0,14,14,43
05/13/2021,ADM,OK,ASW,CE,Federal Contract Tower,0,0,15,9,24,0,0,48,5,53,0,0,63,14,77,4,4,8,85
05/14/2021,ADM,OK,ASW,CE,Federal Contract Tower,0,0,11,8,19,0,0,37,4,41,0,0,48,12,60,10,6,16,76
05/15/2021,ADM,OK,ASW,CE,Federal Contract Tower,0,0,8,0,8,0,0,21,0,21,0,0,29,0,29,16,0,16,45
05/16/2021,ADM,OK,ASW,CE,Federal Contract Tower,0,0,5,0,5,0,0,0,1,1,0,0,5,1,6,0,0,0,6
05/17/2021,ADM,OK,ASW,CE,Federal Contract Tower,0,0,16,8,24,0,0,30,1,31,0,0,46,9,55,0,0,0,55
05/18/2021,ADM,OK,ASW,CE,Federal Contract Tower,0,0,9,2,11,0,0,4,0,4,0,0,13,2,15,14,0,14,29
05/19/2021,ADM,OK,ASW,CE,Federal Contract Tower,0,4,7,3,14,0,0,17,0,17,0,4,24,3,31,28,0,28,59
05/20/2021,ADM,OK,ASW,CE,Federal Contract Tower,0,2,11,0,13,0,0,5,0,5,0,2,16,0,18,16,0,16,34
05/21/2021,ADM,OK,ASW,CE,Federal Contract Tower,0,0,23,15,38,0,1,10,7,18,0,1,33,22,56,0,0,0,56
05/22/2021,ADM,OK,ASW,CE,Federal Contract Tower,0,0,7,0,7,0,0,4,0,4,0,0,11,0,11,0,0,0,11
05/23/2021,ADM,OK,ASW,CE,Federal Contract Tower,0,1,7,0,8,0,0,0,0,0,0,1,7,0,8,0,0,0,8
05/24/2021,ADM,OK,ASW,CE,Federal Contract Tower,0,2,2,0,4,0,0,0,0,0,0,2,2,0,4,0,0,0,4
05/25/2021,ADM,OK,ASW,CE,Federal Contract Tower,0,3,5,6,14,0,0,9,0,9,0,3,14,6,23,20,10,30,53
05/26/2021,ADM,OK,ASW,CE,Federal Contract Tower,6,0,19,6,31,0,0,20,0,20,6,0,39,6,51,18,0,18,69
05/27/2021,ADM,OK,ASW,CE,Federal Contract Tower,0,1,23,0,24,0,0,13,0,13,0,1,36,0,37,0,0,0,37
05/28/2021,ADM,OK,ASW,CE,Federal Contract Tower,0,0,13,0,13,0,0,7,0,7,0,0,20,0,20,0,0,0,20
05/29/2021,ADM,OK,ASW,CE,Federal Contract Tower,0,0,11,0,11,0,0,35,0,35,0,0,46,0,46,14,0,14,60
05/30/2021,ADM,OK,ASW,CE,Federal Contract Tower,0,0,4,8,12,0,0,8,0,8,0,0,12,8,20,0,0,0,20
05/31/2021,ADM,OK,ASW,CE,Federal Contract Tower,0,0,2,0,2,0,0,0,0,0,0,0,2,0,2,0,0,0,2
06/01/2021,ADM,OK,ASW,CE,Federal Contract Tower,0,16,16,0,32,0,0,1,0,1,0,16,17,0,33,0,0,0,33
06/02/2021,ADM,OK,ASW,CE,Federal Contract Tower,0,0,8,14,22,0,2,42,0,44,0,2,50,14,66,52,6,58,124
06/03/2021,ADM,OK,ASW,CE,Federal Contract Tower,0,0,16,4,20,0,0,51,4,55,0,0,67,8,75,6,6,12,87
06/04/2021,ADM,OK,ASW,CE,Federal Contract Tower,0,0,10,4,14,0,0,38,8,46,0,0,48,12,60,2,2,4,64
06/05/2021,ADM,OK,ASW,CE,Federal Contract Tower,0,0,0,0,0,0,0,0,0,0,0,0,0,0,0,0,0,0,0
06/06/2021,ADM,OK,ASW,CE,Federal Contract Tower,0,1,5,3,9,0,0,2,1,3,0,1,7,4,12,0,0,0,12
06/07/2021,ADM,OK,ASW,CE,Federal Contract Tower,0,0,0,1,1,0,0,11,1,12,0,0,11,2,13,0,0,0,13
06/08/2021,ADM,OK,ASW,CE,Federal Contract Tower,0,0,9,6,15,0,0,19,2,21,0,0,28,8,36,32,0,32,68
06/09/2021,ADM,OK,ASW,CE,Federal Contract Tower,0,0,18,4,22,0,0,10,6,16,0,0,28,10,38,0,6,6,44
06/10/2021,ADM,OK,ASW,CE,Federal Contract Tower,0,0,16,3,19,0,0,41,1,42,0,0,57,4,61,12,0,12,73
06/11/2021,ADM,OK,ASW,CE,Federal Contract Tower,0,0,18,3,21,0,0,23,2,25,0,0,41,5,46,8,0,8,54
06/12/2021,ADM,OK,ASW,CE,Federal Contract Tower,0,1,6,0,7,0,1,30,0,31,0,2,36,0,38,10,0,10,48
06/13/2021,ADM,OK,ASW,CE,Federal Contract Tower,0,0,8,2,10,0,0,14,1,15,0,0,22,3,25,6,0,6,31
06/14/2021,ADM,OK,ASW,CE,Federal Contract Tower,0,0,8,2,10,0,0,35,2,37,0,0,43,4,47,10,6,16,63
06/15/2021,ADM,OK,ASW,CE,Federal Contract Tower,0,0,6,10,16,0,0,59,0,59,0,0,65,10,75,36,0,36,111
06/16/2021,ADM,OK,ASW,CE,Federal Contract Tower,0,0,8,5,13,0,0,53,2,55,0,0,61,7,68,58,12,70,138
06/17/2021,ADM,OK,ASW,CE,Federal Contract Tower,0,0,8,15,23,0,0,43,4,47,0,0,51,19,70,40,6,46,116
06/18/2021,ADM,OK,ASW,CE,Federal Contract Tower,0,0,4,2,6,0,0,46,0,46,0,0,50,2,52,6,0,6,58
06/19/2021,ADM,OK,ASW,CE,Federal Contract Tower,0,0,6,0,6,0,0,33,0,33,0,0,39,0,39,6,0,6,45
06/20/2021,ADM,OK,ASW,CE,Federal Contract Tower,0,0,2,0,2,0,0,27,0,27,0,0,29,0,29,0,0,0,29
06/21/2021,ADM,OK,ASW,CE,Federal Contract Tower,0,0,10,0,10,0,0,3,0,3,0,0,13,0,13,0,0,0,13
06/22/2021,ADM,OK,ASW,CE,Federal Contract Tower,0,0,7,6,13,0,0,47,5,52,0,0,54,11,65,2,10,12,77
06/23/2021,ADM,OK,ASW,CE,Federal Contract Tower,0,0,9,6,15,0,0,13,4,17,0,0,22,10,32,22,0,22,54
06/24/2021,ADM,OK,ASW,CE,Federal Contract Tower,0,3,9,9,21,0,0,34,6,40,0,3,43,15,61,20,16,36,97
06/25/2021,ADM,OK,ASW,CE,Federal Contract Tower,0,0,7,17,24,0,0,34,4,38,0,0,41,21,62,6,16,22,84
06/26/2021,ADM,OK,ASW,CE,Federal Contract Tower,0,0,3,0,3,0,0,2,0,2,0,0,5,0,5,0,0,0,5
06/27/2021,ADM,OK,ASW,CE,Federal Contract Tower,0,0,0,4,4,0,0,11,6,17,0,0,11,10,21,2,12,14,35
06/28/2021,ADM,OK,ASW,CE,Federal Contract Tower,0,2,12,7,21,0,0,7,1,8,0,2,19,8,29,4,0,4,33
06/29/2021,ADM,OK,ASW,CE,Federal Contract Tower,0,0,8,4,12,0,0,10,0,10,0,0,18,4,22,10,0,10,32
06/30/2021,ADM,OK,ASW,CE,Federal Contract Tower,0,1,7,2,10,0,0,18,0,18,0,1,25,2,28,18,0,18,46
07/01/2021,ADM,OK,ASW,CE,Federal Contract Tower,0,2,13,6,21,0,0,30,3,33,0,2,43,9,54,0,0,0,54
07/02/2021,ADM,OK,ASW,CE,Federal Contract Tower,0,0,5,0,5,0,0,0,2,2,0,0,5,2,7,0,0,0,7
07/03/2021,ADM,OK,ASW,CE,Federal Contract Tower,0,0,5,0,5,0,0,10,0,10,0,0,15,0,15,14,0,14,29
07/04/2021,ADM,OK,ASW,CE,Federal Contract Tower,0,0,16,0,16,0,0,14,0,14,0,0,30,0,30,12,0,12,42
07/05/2021,ADM,OK,ASW,CE,Federal Contract Tower,0,0,4,0,4,0,0,43,0,43,0,0,47,0,47,16,0,16,63
07/06/2021,ADM,OK,ASW,CE,Federal Contract Tower,0,0,6,6,12,0,0,28,2,30,0,0,34,8,42,42,30,72,114
07/07/2021,ADM,OK,ASW,CE,Federal Contract Tower,0,0,13,4,17,0,0,36,3,39,0,0,49,7,56,18,0,18,74
07/08/2021,ADM,OK,ASW,CE,Federal Contract Tower,0,0,12,0,12,0,0,57,0,57,0,0,69,0,69,40,0,40,109
07/09/2021,ADM,OK,ASW,CE,Federal Contract Tower,0,0,15,4,19,0,0,34,2,36,0,0,49,6,55,16,4,20,75
07/10/2021,ADM,OK,ASW,CE,Federal Contract Tower,0,0,2,0,2,0,0,6,0,6,0,0,8,0,8,0,0,0,8
07/11/2021,ADM,OK,ASW,CE,Federal Contract Tower,0,0,2,0,2,0,0,12,0,12,0,0,14,0,14,12,0,12,26
07/12/2021,ADM,OK,ASW,CE,Federal Contract Tower,0,0,5,0,5,0,0,45,0,45,0,0,50,0,50,40,0,40,90
07/13/2021,ADM,OK,ASW,CE,Federal Contract Tower,0,0,13,0,13,0,0,42,2,44,0,0,55,2,57,26,0,26,83
07/14/2021,ADM,OK,ASW,CE,Federal Contract Tower,0,0,5,1,6,0,0,73,1,74,0,0,78,2,80,60,14,74,154
07/15/2021,ADM,OK,ASW,CE,Federal Contract Tower,0,0,15,11,26,0,0,20,2,22,0,0,35,13,48,16,10,26,74
07/16/2021,ADM,OK,ASW,CE,Federal Contract Tower,0,0,5,0,5,0,0,6,0,6,0,0,11,0,11,12,0,12,23
07/17/2021,ADM,OK,ASW,CE,Federal Contract Tower,0,0,12,0,12,0,0,27,0,27,0,0,39,0,39,20,0,20,59
07/18/2021,ADM,OK,ASW,CE,Federal Contract Tower,0,0,3,0,3,0,0,7,0,7,0,0,10,0,10,0,0,0,10
07/19/2021,ADM,OK,ASW,CE,Federal Contract Tower,0,0,10,0,10,0,0,11,0,11,0,0,21,0,21,20,0,20,41
07/20/2021,ADM,OK,ASW,CE,Federal Contract Tower,0,0,6,6,12,0,0,22,0,22,0,0,28,6,34,6,16,22,56
07/21/2021,ADM,OK,ASW,CE,Federal Contract Tower,0,2,7,6,15,0,0,43,2,45,0,2,50,8,60,28,6,34,94
07/22/2021,ADM,OK,ASW,CE,Federal Contract Tower,0,0,5,0,5,0,0,46,2,48,0,0,51,2,53,12,0,12,65
07/23/2021,ADM,OK,ASW,CE,Federal Contract Tower,0,1,21,7,29,0,0,32,1,33,0,1,53,8,62,10,12,22,84
07/24/2021,ADM,OK,ASW,CE,Federal Contract Tower,0,0,6,0,6,0,0,23,0,23,0,0,29,0,29,18,0,18,47
07/25/2021,ADM,OK,ASW,CE,Federal Contract Tower,0,0,10,0,10,0,0,22,0,22,0,0,32,0,32,0,0,0,32
07/26/2021,ADM,OK,ASW,CE,Federal Contract Tower,0,1,5,18,24,0,0,22,1,23,0,1,27,19,47,8,6,14,61
07/27/2021,ADM,OK,ASW,CE,Federal Contract Tower,0,0,0,10,10,0,0,23,2,25,0,0,23,12,35,10,0,10,45
07/28/2021,ADM,OK,ASW,CE,Federal Contract Tower,0,0,7,22,29,0,0,16,0,16,0,0,23,22,45,14,0,14,59
07/29/2021,ADM,OK,ASW,CE,Federal Contract Tower,0,0,7,24,31,0,0,44,1,45,0,0,51,25,76,0,0,0,76
07/30/2021,ADM,OK,ASW,CE,Federal Contract Tower,0,2,6,15,23,0,0,34,5,39,0,2,40,20,62,18,6,24,86
07/31/2021,ADM,OK,ASW,CE,Federal Contract Tower,0,1,2,4,7,0,0,26,3,29,0,1,28,7,36,10,0,10,46
08/01/2021,ADM,OK,ASW,CE,Federal Contract Tower,0,1,3,0,4,0,0,19,0,19,0,1,22,0,23,0,0,0,23
08/02/2021,ADM,OK,ASW,CE,Federal Contract Tower,0,0,11,20,31,0,0,47,5,52,0,0,58,25,83,40,0,40,123
08/03/2021,ADM,OK,ASW,CE,Federal Contract Tower,0,0,8,16,24,0,0,27,2,29,0,0,35,18,53,2,2,4,57
08/04/2021,ADM,OK,ASW,CE,Federal Contract Tower,0,0,8,14,22,0,0,39,0,39,0,0,47,14,61,30,0,30,91
08/05/2021,ADM,OK,ASW,CE,Federal Contract Tower,0,0,6,9,15,0,0,24,5,29,0,0,30,14,44,22,0,22,66
08/06/2021,ADM,OK,ASW,CE,Federal Contract Tower,0,0,14,12,26,0,0,37,4,41,0,0,51,16,67,20,0,20,87
08/07/2021,ADM,OK,ASW,CE,Federal Contract Tower,0,0,3,4,7,0,0,18,0,18,0,0,21,4,25,6,0,6,31
08/08/2021,ADM,OK,ASW,CE,Federal Contract Tower,0,0,2,4,6,0,0,1,0,1,0,0,3,4,7,0,0,0,7
08/09/2021,ADM,OK,ASW,CE,Federal Contract Tower,0,0,3,3,6,0,0,22,0,22,0,0,25,3,28,4,0,4,32
08/10/2021,ADM,OK,ASW,CE,Federal Contract Tower,0,0,6,0,6,0,0,36,4,40,0,0,42,4,46,20,6,26,72
08/11/2021,ADM,OK,ASW,CE,Federal Contract Tower,0,0,14,19,33,0,0,22,0,22,0,0,36,19,55,20,14,34,89
08/12/2021,ADM,OK,ASW,CE,Federal Contract Tower,0,0,10,4,14,0,0,36,2,38,0,0,46,6,52,0,0,0,52
08/13/2021,ADM,OK,ASW,CE,Federal Contract Tower,0,0,6,3,9,0,0,20,9,29,0,0,26,12,38,0,20,20,58
08/14/2021,ADM,OK,ASW,CE,Federal Contract Tower,0,1,3,2,6,0,0,0,0,0,0,1,3,2,6,0,0,0,6
08/15/2021,ADM,OK,ASW,CE,Federal Contract Tower,0,0,5,0,5,0,0,7,0,7,0,0,12,0,12,4,0,4,16
08/16/2021,ADM,OK,ASW,CE,Federal Contract Tower,0,0,4,4,8,0,0,10,0,10,0,0,14,4,18,14,0,14,32
08/17/2021,ADM,OK,ASW,CE,Federal Contract Tower,0,0,4,0,4,0,0,4,0,4,0,0,8,0,8,0,0,0,8
08/18/2021,ADM,OK,ASW,CE,Federal Contract Tower,0,0,3,0,3,0,0,1,0,1,0,0,4,0,4,18,0,18,22
08/19/2021,ADM,OK,ASW,CE,Federal Contract Tower,0,0,1,0,1,0,0,6,0,6,0,0,7,0,7,14,0,14,21
08/20/2021,ADM,OK,ASW,CE,Federal Contract Tower,0,0,10,0,10,0,0,42,2,44,0,0,52,2,54,30,0,30,84
08/21/2021,ADM,OK,ASW,CE,Federal Contract Tower,0,0,3,0,3,0,0,21,0,21,0,0,24,0,24,0,0,0,24
08/22/2021,ADM,OK,ASW,CE,Federal Contract Tower,0,0,3,4,7,0,0,20,0,20,0,0,23,4,27,8,0,8,35
08/23/2021,ADM,OK,ASW,CE,Federal Contract Tower,0,0,7,4,11,0,0,32,5,37,0,0,39,9,48,50,8,58,106
08/24/2021,ADM,OK,ASW,CE,Federal Contract Tower,0,0,16,0,16,0,0,33,8,41,0,0,49,8,57,6,16,22,79
08/25/2021,ADM,OK,ASW,CE,Federal Contract Tower,0,1,1,4,6,0,0,64,10,74,0,1,65,14,80,76,18,94,174
08/26/2021,ADM,OK,ASW,CE,Federal Contract Tower,0,0,11,4,15,0,0,27,8,35,0,0,38,12,50,38,24,62,112
08/27/2021,ADM,OK,ASW,CE,Federal Contract Tower,0,1,10,5,16,0,0,28,1,29,0,1,38,6,45,20,0,20,65
08/28/2021,ADM,OK,ASW,CE,Federal Contract Tower,0,0,3,1,4,0,0,33,0,33,0,0,36,1,37,12,0,12,49
08/29/2021,ADM,OK,ASW,CE,Federal Contract Tower,0,0,5,2,7,0,0,1,5,6,0,0,6,7,13,0,12,12,25
08/30/2021,ADM,OK,ASW,CE,Federal Contract Tower,0,0,6,16,22,0,2,15,0,17,0,2,21,16,39,26,0,26,65
08/31/2021,ADM,OK,ASW,CE,Federal Contract Tower,0,0,11,4,15,0,2,30,14,46,0,2,41,18,61,26,14,40,101
09/01/2021,ADM,OK,ASW,CE,Federal Contract Tower,0,1,1,22,24,0,0,40,0,40,0,1,41,22,64,40,6,46,110
09/02/2021,ADM,OK,ASW,CE,Federal Contract Tower,0,1,14,10,25,0,0,22,0,22,0,1,36,10,47,0,22,22,69
09/03/2021,ADM,OK,ASW,CE,Federal Contract Tower,0,0,6,0,6,0,0,32,0,32,0,0,38,0,38,16,0,16,54
09/04/2021,ADM,OK,ASW,CE,Federal Contract Tower,0,0,0,0,0,0,0,21,0,21,0,0,21,0,21,0,0,0,21
09/05/2021,ADM,OK,ASW,CE,Federal Contract Tower,0,0,2,0,2,0,0,0,0,0,0,0,2,0,2,0,0,0,2
09/06/2021,ADM,OK,ASW,CE,Federal Contract Tower,0,0,4,0,4,0,0,42,0,42,0,0,46,0,46,22,0,22,68
09/07/2021,ADM,OK,ASW,CE,Federal Contract Tower,0,0,9,12,21,0,0,32,8,40,0,0,41,20,61,2,12,14,75
09/08/2021,ADM,OK,ASW,CE,Federal Contract Tower,0,0,17,8,25,0,0,35,8,43,0,0,52,16,68,24,18,42,110
09/09/2021,ADM,OK,ASW,CE,Federal Contract Tower,0,0,8,12,20,0,0,33,2,35,0,0,41,14,55,20,2,22,77
09/10/2021,ADM,OK,ASW,CE,Federal Contract Tower,0,0,6,13,19,0,0,27,2,29,0,0,33,15,48,4,0,4,52
09/11/2021,ADM,OK,ASW,CE,Federal Contract Tower,0,0,6,0,6,0,0,16,0,16,0,0,22,0,22,0,0,0,22
09/12/2021,ADM,OK,ASW,CE,Federal Contract Tower,0,0,1,0,1,0,0,1,4,5,0,0,2,4,6,0,0,0,6
09/13/2021,ADM,OK,ASW,CE,Federal Contract Tower,0,0,9,0,9,0,0,22,4,26,0,0,31,4,35,16,0,16,51
09/14/2021,ADM,OK,ASW,CE,Federal Contract Tower,0,0,10,10,20,0,0,17,2,19,0,0,27,12,39,16,6,22,61
09/15/2021,ADM,OK,ASW,CE,Federal Contract Tower,0,0,2,2,4,0,0,26,1,27,0,0,28,3,31,20,0,20,51
09/16/2021,ADM,OK,ASW,CE,Federal Contract Tower,0,0,10,4,14,0,0,37,4,41,0,0,47,8,55,26,10,36,91
09/17/2021,ADM,OK,ASW,CE,Federal Contract Tower,0,0,9,2,11,0,0,33,6,39,0,0,42,8,50,4,12,16,66
09/18/2021,ADM,OK,ASW,CE,Federal Contract Tower,0,0,2,0,2,0,0,22,4,26,0,0,24,4,28,20,0,20,48
09/19/2021,ADM,OK,ASW,CE,Federal Contract Tower,0,0,2,4,6,0,0,14,0,14,0,0,16,4,20,10,0,10,30
09/20/2021,ADM,OK,ASW,CE,Federal Contract Tower,0,0,0,2,2,0,0,24,4,28,0,0,24,6,30,2,22,24,54
09/21/2021,ADM,OK,ASW,CE,Federal Contract Tower,0,0,11,4,15,0,0,20,5,25,0,0,31,9,40,14,2,16,56
09/22/2021,ADM,OK,ASW,CE,Federal Contract Tower,0,2,9,5,16,0,0,36,5,41,0,2,45,10,57,28,20,48,105
09/23/2021,ADM,OK,ASW,CE,Federal Contract Tower,0,0,5,4,9,0,0,51,0,51,0,0,56,4,60,14,0,14,74
09/24/2021,ADM,OK,ASW,CE,Federal Contract Tower,0,0,3,2,5,0,0,19,4,23,0,0,22,6,28,14,34,48,76
09/25/2021,ADM,OK,ASW,CE,Federal Contract Tower,0,0,9,0,9,0,0,10,0,10,0,0,19,0,19,0,0,0,19
09/26/2021,ADM,OK,ASW,CE,Federal Contract Tower,0,0,5,1,6,0,0,12,1,13,0,0,17,2,19,12,6,18,37
09/27/2021,ADM,OK,ASW,CE,Federal Contract Tower,0,0,6,0,6,0,0,31,0,31,0,0,37,0,37,10,0,10,47
09/28/2021,ADM,OK,ASW,CE,Federal Contract Tower,0,0,9,8,17,0,0,19,0,19,0,0,28,8,36,18,0,18,54
09/29/2021,ADM,OK,ASW,CE,Federal Contract Tower,0,3,15,0,18,0,0,18,0,18,0,3,33,0,36,14,0,14,50
09/30/2021,ADM,OK,ASW,CE,Federal Contract Tower,0,2,11,4,17,0,0,0,0,0,0,2,11,4,17,0,0,0,17
10/01/2021,ADM,OK,ASW,CE,Federal Contract Tower,0,0,17,0,17,0,0,4,0,4,0,0,21,0,21,0,0,0,21
10/02/2021,ADM,OK,ASW,CE,Federal Contract Tower,0,0,2,0,2,0,0,4,0,4,0,0,6,0,6,0,0,0,6
10/03/2021,ADM,OK,ASW,CE,Federal Contract Tower,0,0,10,0,10,0,0,20,0,20,0,0,30,0,30,16,0,16,46
10/04/2021,ADM,OK,ASW,CE,Federal Contract Tower,0,0,21,11,32,0,0,34,0,34,0,0,55,11,66,24,0,24,90
10/05/2021,ADM,OK,ASW,CE,Federal Contract Tower,0,0,22,9,31,0,0,52,5,57,0,0,74,14,88,0,24,24,112
10/06/2021,ADM,OK,ASW,CE,Federal Contract Tower,0,0,7,13,20,0,0,39,4,43,0,0,46,17,63,24,2,26,89
10/07/2021,ADM,OK,ASW,CE,Federal Contract Tower,0,0,9,12,21,0,0,33,8,41,0,0,42,20,62,12,30,42,104
10/08/2021,ADM,OK,ASW,CE,Federal Contract Tower,0,0,4,4,8,0,1,29,0,30,0,1,33,4,38,14,0,14,52
10/09/2021,ADM,OK,ASW,CE,Federal Contract Tower,0,0,2,0,2,0,0,3,0,3,0,0,5,0,5,0,0,0,5
10/10/2021,ADM,OK,ASW,CE,Federal Contract Tower,0,1,13,0,14,0,0,4,0,4,0,1,17,0,18,4,0,4,22
10/11/2021,ADM,OK,ASW,CE,Federal Contract Tower,0,1,6,0,7,0,0,39,0,39,0,1,45,0,46,8,0,8,54
10/12/2021,ADM,OK,ASW,CE,Federal Contract Tower,0,0,8,13,21,0,0,10,1,11,0,0,18,14,32,6,0,6,38
10/13/2021,ADM,OK,ASW,CE,Federal Contract Tower,0,1,3,4,8,0,0,0,0,0,0,1,3,4,8,0,0,0,8
10/14/2021,ADM,OK,ASW,CE,Federal Contract Tower,0,0,24,0,24,0,0,8,0,8,0,0,32,0,32,8,0,8,40
10/15/2021,ADM,OK,ASW,CE,Federal Contract Tower,0,0,13,2,15,0,0,5,0,5,0,0,18,2,20,4,0,4,24
10/16/2021,ADM,OK,ASW,CE,Federal Contract Tower,0,0,3,3,6,0,0,37,1,38,0,0,40,4,44,20,0,20,64
10/17/2021,ADM,OK,ASW,CE,Federal Contract Tower,0,0,12,0,12,0,0,30,0,30,0,0,42,0,42,14,0,14,56
10/18/2021,ADM,OK,ASW,CE,Federal Contract Tower,0,0,3,3,6,0,0,35,7,42,0,0,38,10,48,26,12,38,86
10/19/2021,ADM,OK,ASW,CE,Federal Contract Tower,0,0,9,14,23,0,0,13,5,18,0,0,22,19,41,8,28,36,77
10/20/2021,ADM,OK,ASW,CE,Federal Contract Tower,0,3,18,9,30,0,0,24,0,24,0,3,42,9,54,60,0,60,114
10/21/2021,ADM,OK,ASW,CE,Federal Contract Tower,0,0,8,5,13,0,0,29,7,36,0,0,37,12,49,44,4,48,97
10/22/2021,ADM,OK,ASW,CE,Federal Contract Tower,0,0,14,2,16,0,0,29,0,29,0,0,43,2,45,20,10,30,75
10/23/2021,ADM,OK,ASW,CE,Federal Contract Tower,0,0,2,2,4,0,0,7,0,7,0,0,9,2,11,12,0,12,23
10/24/2021,ADM,OK,ASW,CE,Federal Contract Tower,0,2,6,0,8,0,0,1,0,1,0,2,7,0,9,0,0,0,9
10/25/2021,ADM,OK,ASW,CE,Federal Contract Tower,0,0,7,5,12,0,0,42,0,42,0,0,49,5,54,16,8,24,78
10/26/2021,ADM,OK,ASW,CE,Federal Contract Tower,0,0,18,4,22,0,0,2,0,2,0,0,20,4,24,10,0,10,34
10/27/2021,ADM,OK,ASW,CE,Federal Contract Tower,0,1,8,8,17,0,0,1,0,1,0,1,9,8,18,0,0,0,18
10/28/2021,ADM,OK,ASW,CE,Federal Contract Tower,0,0,6,5,11,0,0,1,2,3,0,0,7,7,14,0,10,10,24
10/29/2021,ADM,OK,ASW,CE,Federal Contract Tower,0,1,9,3,13,0,0,10,0,10,0,1,19,3,23,8,0,8,31
10/30/2021,ADM,OK,ASW,CE,Federal Contract Tower,0,0,6,0,6,0,0,33,0,33,0,0,39,0,39,8,0,8,47
10/31/2021,ADM,OK,ASW,CE,Federal Contract Tower,0,0,6,0,6,0,0,22,0,22,0,0,28,0,28,22,0,22,50
11/01/2021,ADM,OK,ASW,CE,Federal Contract Tower,0,0,10,4,14,0,0,8,0,8,0,0,18,4,22,2,0,2,24
11/02/2021,ADM,OK,ASW,CE,Federal Contract Tower,0,0,26,0,26,0,0,2,0,2,0,0,28,0,28,0,0,0,28
11/03/2021,ADM,OK,ASW,CE,Federal Contract Tower,0,0,13,0,13,0,0,0,0,0,0,0,13,0,13,0,0,0,13
11/04/2021,ADM,OK,ASW,CE,Federal Contract Tower,0,2,26,12,40,0,0,15,0,15,0,2,41,12,55,40,0,40,95
11/05/2021,ADM,OK,ASW,CE,Federal Contract Tower,0,0,11,6,17,0,0,24,1,25,0,0,35,7,42,16,8,24,66
11/06/2021,ADM,OK,ASW,CE,Federal Contract Tower,0,0,2,0,2,0,0,116,0,116,0,0,118,0,118,8,0,8,126
11/07/2021,ADM,OK,ASW,CE,Federal Contract Tower,0,0,4,0,4,0,0,13,0,13,0,0,17,0,17,12,0,12,29
11/08/2021,ADM,OK,ASW,CE,Federal Contract Tower,0,0,5,4,9,0,0,23,0,23,0,0,28,4,32,6,0,6,38
11/09/2021,ADM,OK,ASW,CE,Federal Contract Tower,0,0,10,3,13,0,0,23,5,28,0,0,33,8,41,8,16,24,65
11/10/2021,ADM,OK,ASW,CE,Federal Contract Tower,0,0,21,6,27,0,0,2,0,2,0,0,23,6,29,0,0,0,29
11/11/2021,ADM,OK,ASW,CE,Federal Contract Tower,0,0,6,0,6,0,0,28,0,28,0,0,34,0,34,60,0,60,94
11/12/2021,ADM,OK,ASW,CE,Federal Contract Tower,0,0,5,8,13,0,0,26,2,28,0,0,31,10,41,0,2,2,43
11/13/2021,ADM,OK,ASW,CE,Federal Contract Tower,0,0,14,0,14,0,0,40,0,40,0,0,54,0,54,18,0,18,72
11/14/2021,ADM,OK,ASW,CE,Federal Contract Tower,0,1,3,4,8,0,0,39,0,39,0,1,42,4,47,0,0,0,47
11/15/2021,ADM,OK,ASW,CE,Federal Contract Tower,0,0,7,5,12,0,0,79,0,79,0,0,86,5,91,10,16,26,117
11/16/2021,ADM,OK,ASW,CE,Federal Contract Tower,0,0,15,0,15,0,0,26,0,26,0,0,41,0,41,0,0,0,41
11/17/2021,ADM,OK,ASW,CE,Federal Contract Tower,0,0,6,10,16,0,0,4,0,4,0,0,10,10,20,0,0,0,20
11/18/2021,ADM,OK,ASW,CE,Federal Contract Tower,0,0,16,5,21,0,0,29,1,30,0,0,45,6,51,12,0,12,63
11/19/2021,ADM,OK,ASW,CE,Federal Contract Tower,0,0,7,3,10,0,0,36,2,38,0,0,43,5,48,18,6,24,72
11/20/2021,ADM,OK,ASW,CE,Federal Contract Tower,0,0,2,0,2,0,0,16,0,16,0,0,18,0,18,0,0,0,18
11/21/2021,ADM,OK,ASW,CE,Federal Contract Tower,0,0,5,2,7,0,0,6,0,6,0,0,11,2,13,0,0,0,13
11/22/2021,ADM,OK,ASW,CE,Federal Contract Tower,0,0,6,10,16,0,0,54,4,58,0,0,60,14,74,14,14,28,102
11/23/2021,ADM,OK,ASW,CE,Federal Contract Tower,0,0,16,4,20,0,0,32,0,32,0,0,48,4,52,38,0,38,90
11/24/2021,ADM,OK,ASW,CE,Federal Contract Tower,0,0,2,0,2,0,0,7,0,7,0,0,9,0,9,0,0,0,9
11/25/2021,ADM,OK,ASW,CE,Federal Contract Tower,0,0,1,0,1,0,0,18,0,18,0,0,19,0,19,0,0,0,19
11/26/2021,ADM,OK,ASW,CE,Federal Contract Tower,0,0,7,0,7,0,0,44,0,44,0,0,51,0,51,22,0,22,73
11/27/2021,ADM,OK,ASW,CE,Federal Contract Tower,0,0,3,0,3,0,0,23,0,23,0,0,26,0,26,8,0,8,34
11/28/2021,ADM,OK,ASW,CE,Federal Contract Tower,0,0,2,0,2,0,0,17,0,17,0,0,19,0,19,4,0,4,23
11/29/2021,ADM,OK,ASW,CE,Federal Contract Tower,0,0,10,0,10,0,0,43,2,45,0,0,53,2,55,2,0,2,57
11/30/2021,ADM,OK,ASW,CE,Federal Contract Tower,0,0,8,6,14,0,0,52,0,52,0,0,60,6,66,22,0,22,88
12/01/2021,ADM,OK,ASW,CE,Federal Contract Tower,0,0,16,0,16,0,0,75,0,75,0,0,91,0,91,54,0,54,145
12/02/2021,ADM,OK,ASW,CE,Federal Contract Tower,0,2,8,0,10,0,0,55,4,59,0,2,63,4,69,22,10,32,101
12/03/2021,ADM,OK,ASW,CE,Federal Contract Tower,0,0,8,0,8,0,0,17,0,17,0,0,25,0,25,0,0,0,25
12/04/2021,ADM,OK,ASW,CE,Federal Contract Tower,0,0,8,0,8,0,0,2,0,2,0,0,10,0,10,0,0,0,10
12/05/2021,ADM,OK,ASW,CE,Federal Contract Tower,0,0,20,13,33,0,0,2,1,3,0,0,22,14,36,0,2,2,38
12/06/2021,ADM,OK,ASW,CE,Federal Contract Tower,0,0,2,2,4,0,0,21,14,35,0,0,23,16,39,8,4,12,51
12/07/2021,ADM,OK,ASW,CE,Federal Contract Tower,0,0,13,3,16,0,0,33,15,48,0,0,46,18,64,14,22,36,100
12/08/2021,ADM,OK,ASW,CE,Federal Contract Tower,0,1,7,0,8,0,0,16,10,26,0,1,23,10,34,0,4,4,38
12/09/2021,ADM,OK,ASW,CE,Federal Contract Tower,0,0,14,7,21,0,0,51,12,63,0,0,65,19,84,10,20,30,114
12/10/2021,ADM,OK,ASW,CE,Federal Contract Tower,0,0,1,2,3,0,0,14,3,17,0,0,15,5,20,0,0,0,20
12/11/2021,ADM,OK,ASW,CE,Federal Contract Tower,0,0,8,8,16,0,0,29,2,31,0,0,37,10,47,28,0,28,75
12/12/2021,ADM,OK,ASW,CE,Federal Contract Tower,0,0,6,0,6,0,0,16,4,20,0,0,22,4,26,30,14,44,70
12/13/2021,ADM,OK,ASW,CE,Federal Contract Tower,0,0,7,4,11,0,0,62,7,69,0,0,69,11,80,28,14,42,122
12/14/2021,ADM,OK,ASW,CE,Federal Contract Tower,0,0,11,6,17,0,0,12,0,12,0,0,23,6,29,14,0,14,43
12/15/2021,ADM,OK,ASW,CE,Federal Contract Tower,0,0,9,3,12,0,0,4,1,5,0,0,13,4,17,6,0,6,23
12/16/2021,ADM,OK,ASW,CE,Federal Contract Tower,0,1,30,12,43,0,0,8,0,8,0,1,38,12,51,4,0,4,55
12/17/2021,ADM,OK,ASW,CE,Federal Contract Tower,0,0,6,0,6,0,0,6,0,6,0,0,12,0,12,0,0,0,12
12/18/2021,ADM,OK,ASW,CE,Federal Contract Tower,0,0,0,0,0,0,0,0,0,0,0,0,0,0,0,0,0,0,0
12/19/2021,ADM,OK,ASW,CE,Federal Contract Tower,0,3,0,0,3,0,0,19,0,19,0,3,19,0,22,12,0,12,34
12/20/2021,ADM,OK,ASW,CE,Federal Contract Tower,0,0,3,2,5,0,0,27,0,27,0,0,30,2,32,32,0,32,64
12/21/2021,ADM,OK,ASW,CE,Federal Contract Tower,0,0,5,0,5,0,0,35,0,35,0,0,40,0,40,34,0,34,74
12/22/2021,ADM,OK,ASW,CE,Federal Contract Tower,0,0,8,13,21,0,1,35,9,45,0,1,43,22,66,24,18,42,108
12/23/2021,ADM,OK,ASW,CE,Federal Contract Tower,0,0,3,0,3,0,0,10,0,10,0,0,13,0,13,0,0,0,13
12/24/2021,ADM,OK,ASW,CE,Federal Contract Tower,0,0,2,0,2,0,0,2,0,2,0,0,4,0,4,0,0,0,4
12/25/2021,ADM,OK,ASW,CE,Federal Contract Tower,0,0,4,0,4,0,0,1,0,1,0,0,5,0,5,0,0,0,5
12/26/2021,ADM,OK,ASW,CE,Federal Contract Tower,0,0,12,0,12,0,0,2,0,2,0,0,14,0,14,0,0,0,14
12/27/2021,ADM,OK,ASW,CE,Federal Contract Tower,0,0,5,2,7,0,0,19,0,19,0,0,24,2,26,6,0,6,32
12/28/2021,ADM,OK,ASW,CE,Federal Contract Tower,0,0,8,4,12,0,0,24,0,24,0,0,32,4,36,22,0,22,58
12/29/2021,ADM,OK,ASW,CE,Federal Contract Tower,0,0,6,0,6,0,0,16,0,16,0,0,22,0,22,14,0,14,36
12/30/2021,ADM,OK,ASW,CE,Federal Contract Tower,0,0,15,0,15,0,0,35,0,35,0,0,50,0,50,2,0,2,52
12/31/2021,ADM,OK,ASW,CE,Federal Contract Tower,0,0,3,0,3,0,0,12,0,12,0,0,15,0,15,0,0,0,15
01/01/2022,ADM,OK,ASW,CE,Federal Contract Tower,0,0,0,0,0,0,0,0,0,0,0,0,0,0,0,0,0,0,0
01/02/2022,ADM,OK,ASW,CE,Federal Contract Tower,0,0,4,0,4,0,0,7,0,7,0,0,11,0,11,0,0,0,11
01/03/2022,ADM,OK,ASW,CE,Federal Contract Tower,0,0,12,2,14,0,0,32,0,32,0,0,44,2,46,12,0,12,58
01/04/2022,ADM,OK,ASW,CE,Federal Contract Tower,0,0,10,5,15,0,0,24,0,24,0,0,34,5,39,10,0,10,49
01/05/2022,ADM,OK,ASW,CE,Federal Contract Tower,0,0,2,20,22,0,2,29,3,34,0,2,31,23,56,44,32,76,132
01/06/2022,ADM,OK,ASW,CE,Federal Contract Tower,0,0,0,10,10,0,0,12,2,14,0,0,12,12,24,6,24,30,54
01/07/2022,ADM,OK,ASW,CE,Federal Contract Tower,0,0,9,5,14,0,0,15,2,17,0,0,24,7,31,4,4,8,39
01/08/2022,ADM,OK,ASW,CE,Federal Contract Tower,0,0,1,0,1,0,0,0,0,0,0,0,1,0,1,0,0,0,1
01/09/2022,ADM,OK,ASW,CE,Federal Contract Tower,0,0,0,0,0,0,0,8,0,8,0,0,8,0,8,0,0,0,8
01/10/2022,ADM,OK,ASW,CE,Federal Contract Tower,0,0,4,2,6,0,0,40,4,44,0,0,44,6,50,14,0,14,64
01/11/2022,ADM,OK,ASW,CE,Federal Contract Tower,0,0,8,2,10,0,0,36,0,36,0,0,44,2,46,32,0,32,78
01/12/2022,ADM,OK,ASW,CE,Federal Contract Tower,0,0,10,2,12,0,0,37,16,53,0,0,47,18,65,48,46,94,159
01/13/2022,ADM,OK,ASW,CE,Federal Contract Tower,0,0,3,9,12,0,0,37,7,44,0,0,40,16,56,0,0,0,56
01/14/2022,ADM,OK,ASW,CE,Federal Contract Tower,0,0,5,1,6,0,0,28,1,29,0,0,33,2,35,10,4,14,49
01/15/2022,ADM,OK,ASW,CE,Federal Contract Tower,0,0,2,0,2,0,0,0,2,2,0,0,2,2,4,0,0,0,4
01/16/2022,ADM,OK,ASW,CE,Federal Contract Tower,0,0,1,6,7,0,0,18,5,23,0,0,19,11,30,10,6,16,46
01/17/2022,ADM,OK,ASW,CE,Federal Contract Tower,0,0,5,0,5,0,0,49,0,49,0,0,54,0,54,34,0,34,88
01/18/2022,ADM,OK,ASW,CE,Federal Contract Tower,0,0,8,3,11,0,0,18,5,23,0,0,26,8,34,20,16,36,70
01/19/2022,ADM,OK,ASW,CE,Federal Contract Tower,0,0,8,2,10,0,0,0,0,0,0,0,8,2,10,0,0,0,10
01/20/2022,ADM,OK,ASW,CE,Federal Contract Tower,0,0,10,5,15,0,0,4,0,4,0,0,14,5,19,4,0,4,23
01/21/2022,ADM,OK,ASW,CE,Federal Contract Tower,0,0,13,12,25,0,0,44,3,47,0,0,57,15,72,14,18,32,104
01/22/2022,ADM,OK,ASW,CE,Federal Contract Tower,0,0,3,1,4,0,0,20,1,21,0,0,23,2,25,6,8,14,39
01/23/2022,ADM,OK,ASW,CE,Federal Contract Tower,0,0,4,4,8,0,0,14,4,18,0,0,18,8,26,8,0,8,34
01/24/2022,ADM,OK,ASW,CE,Federal Contract Tower,0,0,9,0,9,0,0,33,6,39,0,0,42,6,48,12,0,12,60
01/25/2022,ADM,OK,ASW,CE,Federal Contract Tower,0,0,3,4,7,0,0,39,5,44,0,0,42,9,51,0,34,34,85
01/26/2022,ADM,OK,ASW,CE,Federal Contract Tower,0,0,10,1,11,0,0,28,5,33,0,0,38,6,44,2,10,12,56
01/27/2022,ADM,OK,ASW,CE,Federal Contract Tower,0,0,11,7,18,0,0,21,8,29,0,0,32,15,47,2,18,20,67
01/28/2022,ADM,OK,ASW,CE,Federal Contract Tower,0,0,10,16,26,0,0,49,9,58,0,0,59,25,84,18,36,54,138
01/29/2022,ADM,OK,ASW,CE,Federal Contract Tower,0,0,5,6,11,0,0,18,0,18,0,0,23,6,29,0,0,0,29
01/30/2022,ADM,OK,ASW,CE,Federal Contract Tower,0,0,4,0,4,0,0,13,0,13,0,0,17,0,17,0,0,0,17
01/31/2022,ADM,OK,ASW,CE,Federal Contract Tower,0,0,11,2,13,0,0,30,6,36,0,0,41,8,49,16,0,16,65
02/01/2022,ADM,OK,ASW,CE,Federal Contract Tower,0,0,18,2,20,0,0,2,0,2,0,0,20,2,22,0,0,0,22
02/02/2022,ADM,OK,ASW,CE,Federal Contract Tower,0,0,2,0,2,0,0,0,1,1,0,0,2,1,3,0,0,0,3
02/03/2022,ADM,OK,ASW,CE,Federal Contract Tower,0,0,0,0,0,0,0,0,0,0,0,0,0,0,0,0,0,0,0
02/04/2022,ADM,OK,ASW,CE,Federal Contract Tower,0,0,0,0,0,0,0,0,0,0,0,0,0,0,0,0,0,0,0
02/05/2022,ADM,OK,ASW,CE,Federal Contract Tower,0,0,2,0,2,0,0,13,0,13,0,0,15,0,15,0,0,0,15
02/06/2022,ADM,OK,ASW,CE,Federal Contract Tower,0,0,5,0,5,0,0,10,0,10,0,0,15,0,15,0,0,0,15
02/07/2022,ADM,OK,ASW,CE,Federal Contract Tower,0,0,0,0,0,0,0,40,0,40,0,0,40,0,40,32,0,32,72
02/08/2022,ADM,OK,ASW,CE,Federal Contract Tower,0,0,8,0,8,0,0,22,3,25,0,0,30,3,33,0,0,0,33
02/09/2022,ADM,OK,ASW,CE,Federal Contract Tower,0,2,12,2,16,0,0,54,2,56,0,2,66,4,72,16,0,16,88
02/10/2022,ADM,OK,ASW,CE,Federal Contract Tower,0,0,5,2,7,0,0,47,0,47,0,0,52,2,54,14,0,14,68
02/11/2022,ADM,OK,ASW,CE,Federal Contract Tower,0,0,6,3,9,0,0,30,0,30,0,0,36,3,39,46,0,46,85
02/12/2022,ADM,OK,ASW,CE,Federal Contract Tower,0,0,1,0,1,0,0,9,0,9,0,0,10,0,10,0,0,0,10
02/13/2022,ADM,OK,ASW,CE,Federal Contract Tower,0,0,3,0,3,0,0,17,4,21,0,0,20,4,24,0,0,0,24
02/14/2022,ADM,OK,ASW,CE,Federal Contract Tower,0,0,7,0,7,0,0,33,0,33,0,0,40,0,40,8,0,8,48
02/15/2022,ADM,OK,ASW,CE,Federal Contract Tower,0,0,1,0,1,0,0,10,0,10,0,0,11,0,11,0,0,0,11
02/16/2022,ADM,OK,ASW,CE,Federal Contract Tower,0,0,4,0,4,0,0,0,0,0,0,0,4,0,4,0,0,0,4
02/17/2022,ADM,OK,ASW,CE,Federal Contract Tower,0,0,3,2,5,0,0,4,0,4,0,0,7,2,9,16,0,16,25
02/18/2022,ADM,OK,ASW,CE,Federal Contract Tower,0,0,6,1,7,0,0,52,3,55,0,0,58,4,62,18,0,18,80
02/19/2022,ADM,OK,ASW,CE,Federal Contract Tower,0,0,5,0,5,0,0,43,0,43,0,0,48,0,48,64,0,64,112
02/20/2022,ADM,OK,ASW,CE,Federal Contract Tower,0,0,1,0,1,0,0,4,0,4,0,0,5,0,5,0,0,0,5
02/21/2022,ADM,OK,ASW,CE,Federal Contract Tower,0,0,12,0,12,0,0,0,0,0,0,0,12,0,12,0,0,0,12
02/22/2022,ADM,OK,ASW,CE,Federal Contract Tower,0,0,6,8,14,0,0,11,8,19,0,0,17,16,33,24,0,24,57
02/23/2022,ADM,OK,ASW,CE,Federal Contract Tower,0,0,0,0,0,0,0,0,0,0,0,0,0,0,0,0,0,0,0
02/24/2022,ADM,OK,ASW,CE,Federal Contract Tower,0,0,0,0,0,0,0,0,0,0,0,0,0,0,0,0,0,0,0
02/25/2022,ADM,OK,ASW,CE,Federal Contract Tower,0,0,0,0,0,0,2,8,0,10,0,2,8,0,10,0,0,0,10
02/26/2022,ADM,OK,ASW,CE,Federal Contract Tower,0,0,1,0,1,0,0,0,0,0,0,0,1,0,1,0,0,0,1
02/27/2022,ADM,OK,ASW,CE,Federal Contract Tower,0,0,11,0,11,0,0,27,0,27,0,0,38,0,38,20,0,20,58
02/28/2022,ADM,OK,ASW,CE,Federal Contract Tower,0,0,6,0,6,0,0,31,0,31,0,0,37,0,37,20,0,20,57
03/01/2022,ADM,OK,ASW,CE,Federal Contract Tower,0,1,0,0,1,0,0,29,0,29,0,1,29,0,30,28,0,28,58
03/02/2022,ADM,OK,ASW,CE,Federal Contract Tower,0,0,3,0,3,0,0,37,2,39,0,0,40,2,42,16,6,22,64
03/03/2022,ADM,OK,ASW,CE,Federal Contract Tower,0,0,15,0,15,0,0,42,0,42,0,0,57,0,57,8,0,8,65
03/04/2022,ADM,OK,ASW,CE,Federal Contract Tower,0,1,9,4,14,0,0,13,0,13,0,1,22,4,27,4,0,4,31
03/05/2022,ADM,OK,ASW,CE,Federal Contract Tower,0,0,15,0,15,0,0,4,0,4,0,0,19,0,19,0,0,0,19
03/06/2022,ADM,OK,ASW,CE,Federal Contract Tower,0,0,0,0,0,0,0,0,0,0,0,0,0,0,0,0,0,0,0
03/07/2022,ADM,OK,ASW,CE,Federal Contract Tower,0,0,6,0,6,0,0,12,2,14,0,0,18,2,20,10,10,20,40
03/08/2022,ADM,OK,ASW,CE,Federal Contract Tower,0,0,15,0,15,0,0,16,2,18,0,0,31,2,33,16,0,16,49
03/09/2022,ADM,OK,ASW,CE,Federal Contract Tower,0,2,8,18,28,0,0,70,0,70,0,2,78,18,98,104,0,104,202
03/10/2022,ADM,OK,ASW,CE,Federal Contract Tower,0,0,11,8,19,0,0,46,0,46,0,0,57,8,65,26,0,26,91
03/11/2022,ADM,OK,ASW,CE,Federal Contract Tower,0,0,6,0,6,0,0,0,0,0,0,0,6,0,6,0,0,0,6
03/12/2022,ADM,OK,ASW,CE,Federal Contract Tower,0,0,8,0,8,0,0,26,0,26,0,0,34,0,34,10,0,10,44
03/13/2022,ADM,OK,ASW,CE,Federal Contract Tower,0,0,3,0,3,0,0,11,0,11,0,0,14,0,14,0,0,0,14
03/14/2022,ADM,OK,ASW,CE,Federal Contract Tower,0,1,18,2,21,0,0,3,0,3,0,1,21,2,24,0,0,0,24
03/15/2022,ADM,OK,ASW,CE,Federal Contract Tower,0,0,15,2,17,0,0,23,0,23,0,0,38,2,40,12,0,12,52
03/16/2022,ADM,OK,ASW,CE,Federal Contract Tower,0,0,14,0,14,0,0,20,0,20,0,0,34,0,34,8,0,8,42
03/17/2022,ADM,OK,ASW,CE,Federal Contract Tower,0,0,10,1,11,0,0,7,0,7,0,0,17,1,18,0,0,0,18
03/18/2022,ADM,OK,ASW,CE,Federal Contract Tower,0,0,5,0,5,0,0,6,0,6,0,0,11,0,11,0,0,0,11
03/19/2022,ADM,OK,ASW,CE,Federal Contract Tower,0,0,7,0,7,0,0,33,0,33,0,0,40,0,40,16,0,16,56
03/20/2022,ADM,OK,ASW,CE,Federal Contract Tower,0,0,1,4,5,0,0,13,0,13,0,0,14,4,18,4,0,4,22
03/21/2022,ADM,OK,ASW,CE,Federal Contract Tower,0,0,2,0,2,0,0,0,0,0,0,0,2,0,2,0,0,0,2
03/22/2022,ADM,OK,ASW,CE,Federal Contract Tower,0,0,6,0,6,0,0,9,0,9,0,0,15,0,15,0,0,0,15
03/23/2022,ADM,OK,ASW,CE,Federal Contract Tower,0,0,14,4,18,0,0,28,2,30,0,0,42,6,48,22,0,22,70
03/24/2022,ADM,OK,ASW,CE,Federal Contract Tower,0,0,11,4,15,0,0,40,5,45,0,0,51,9,60,26,6,32,92
03/25/2022,ADM,OK,ASW,CE,Federal Contract Tower,0,0,5,4,9,0,0,35,0,35,0,0,40,4,44,32,0,32,76
03/26/2022,ADM,OK,ASW,CE,Federal Contract Tower,0,0,7,0,7,0,0,19,0,19,0,0,26,0,26,62,0,62,88
03/27/2022,ADM,OK,ASW,CE,Federal Contract Tower,0,0,10,0,10,0,0,21,4,25,0,0,31,4,35,12,0,12,47
03/28/2022,ADM,OK,ASW,CE,Federal Contract Tower,0,0,3,2,5,0,0,17,5,22,0,0,20,7,27,2,0,2,29
03/29/2022,ADM,OK,ASW,CE,Federal Contract Tower,0,0,9,0,9,0,0,0,0,0,0,0,9,0,9,0,0,0,9
03/30/2022,ADM,OK,ASW,CE,Federal Contract Tower,0,0,5,0,5,0,0,10,2,12,0,0,15,2,17,30,18,48,65
03/31/2022,ADM,OK,ASW,CE,Federal Contract Tower,0,0,14,0,14,0,0,24,0,24,0,0,38,0,38,10,0,10,48
04/01/2022,ADM,OK,ASW,CE,Federal Contract Tower,0,0,4,4,8,0,0,14,4,18,0,0,18,8,26,4,12,16,42
04/02/2022,ADM,OK,ASW,CE,Federal Contract Tower,0,0,3,6,9,0,0,36,1,37,0,0,39,7,46,12,2,14,60
04/03/2022,ADM,OK,ASW,CE,Federal Contract Tower,0,1,0,0,1,0,0,17,4,21,0,1,17,4,22,0,8,8,30
04/04/2022,ADM,OK,ASW,CE,Federal Contract Tower,0,0,8,1,9,0,0,6,0,6,0,0,14,1,15,0,0,0,15
04/05/2022,ADM,OK,ASW,CE,Federal Contract Tower,0,0,9,5,14,0,0,19,0,19,0,0,28,5,33,0,0,0,33
04/06/2022,ADM,OK,ASW,CE,Federal Contract Tower,0,0,5,4,9,0,0,17,3,20,0,0,22,7,29,4,0,4,33
04/07/2022,ADM,OK,ASW,CE,Federal Contract Tower,0,0,4,0,4,0,0,14,6,20,0,0,18,6,24,8,4,12,36
04/08/2022,ADM,OK,ASW,CE,Federal Contract Tower,0,0,12,0,12,0,0,12,0,12,0,0,24,0,24,0,0,0,24
04/09/2022,ADM,OK,ASW,CE,Federal Contract Tower,0,0,5,0,5,0,0,21,0,21,0,0,26,0,26,6,0,6,32
04/10/2022,ADM,OK,ASW,CE,Federal Contract Tower,0,0,0,0,0,0,2,4,0,6,0,2,4,0,6,8,0,8,14
04/11/2022,ADM,OK,ASW,CE,Federal Contract Tower,0,0,5,2,7,0,0,14,1,15,0,0,19,3,22,8,0,8,30
04/12/2022,ADM,OK,ASW,CE,Federal Contract Tower,0,0,2,4,6,0,0,0,0,0,0,0,2,4,6,0,0,0,6
04/13/2022,ADM,OK,ASW,CE,Federal Contract Tower,0,0,22,4,26,0,0,29,0,29,0,0,51,4,55,64,0,64,119
04/14/2022,ADM,OK,ASW,CE,Federal Contract Tower,0,0,6,0,6,0,0,43,2,45,0,0,49,2,51,10,0,10,61
04/15/2022,ADM,OK,ASW,CE,Federal Contract Tower,0,0,14,1,15,0,0,12,3,15,0,0,26,4,30,16,28,44,74
04/16/2022,ADM,OK,ASW,CE,Federal Contract Tower,0,0,4,0,4,0,0,1,0,1,0,0,5,0,5,0,0,0,5
04/17/2022,ADM,OK,ASW,CE,Federal Contract Tower,0,0,2,0,2,0,0,2,0,2,0,0,4,0,4,0,0,0,4
04/18/2022,ADM,OK,ASW,CE,Federal Contract Tower,0,0,13,6,19,0,0,39,0,39,0,0,52,6,58,10,0,10,68
04/19/2022,ADM,OK,ASW,CE,Federal Contract Tower,0,0,11,4,15,0,0,22,8,30,0,0,33,12,45,18,40,58,103
04/20/2022,ADM,OK,ASW,CE,Federal Contract Tower,0,0,12,0,12,0,0,14,4,18,0,0,26,4,30,0,0,0,30
04/21/2022,ADM,OK,ASW,CE,Federal Contract Tower,0,0,25,4,29,0,0,14,5,19,0,0,39,9,48,6,26,32,80
04/22/2022,ADM,OK,ASW,CE,Federal Contract Tower,0,0,10,5,15,0,0,9,3,12,0,0,19,8,27,0,20,20,47
04/23/2022,ADM,OK,ASW,CE,Federal Contract Tower,0,0,4,0,4,0,0,0,0,0,0,0,4,0,4,0,0,0,4
04/24/2022,ADM,OK,ASW,CE,Federal Contract Tower,0,0,1,0,1,0,0,0,0,0,0,0,1,0,1,0,0,0,1
04/25/2022,ADM,OK,ASW,CE,Federal Contract Tower,0,0,7,3,10,0,0,29,3,32,0,0,36,6,42,16,10,26,68
04/26/2022,ADM,OK,ASW,CE,Federal Contract Tower,0,0,12,5,17,0,0,56,0,56,0,0,68,5,73,30,10,40,113
04/27/2022,ADM,OK,ASW,CE,Federal Contract Tower,0,0,9,11,20,0,0,27,5,32,0,0,36,16,52,6,6,12,64
04/28/2022,ADM,OK,ASW,CE,Federal Contract Tower,0,0,19,10,29,0,0,18,2,20,0,0,37,12,49,10,0,10,59
04/29/2022,ADM,OK,ASW,CE,Federal Contract Tower,0,0,13,0,13,0,0,0,0,0,0,0,13,0,13,0,0,0,13
04/30/2022,ADM,OK,ASW,CE,Federal Contract Tower,0,0,2,1,3,0,0,17,0,17,0,0,19,1,20,16,0,16,36
05/01/2022,ADM,OK,ASW,CE,Federal Contract Tower,0,0,7,0,7,0,0,31,0,31,0,0,38,0,38,0,0,0,38
05/02/2022,ADM,OK,ASW,CE,Federal Contract Tower,0,0,10,0,10,0,0,2,0,2,0,0,12,0,12,0,0,0,12
05/03/2022,ADM,OK,ASW,CE,Federal Contract Tower,0,0,22,5,27,0,0,0,0,0,0,0,22,5,27,4,0,4,31
05/04/2022,ADM,OK,ASW,CE,Federal Contract Tower,0,0,3,0,3,0,0,0,0,0,0,0,3,0,3,0,0,0,3
05/05/2022,ADM,OK,ASW,CE,Federal Contract Tower,0,0,11,2,13,0,0,0,0,0,0,0,11,2,13,0,0,0,13
05/06/2022,ADM,OK,ASW,CE,Federal Contract Tower,0,0,11,6,17,0,0,72,7,79,0,0,83,13,96,36,20,56,152
05/07/2022,ADM,OK,ASW,CE,Federal Contract Tower,0,0,6,0,6,0,0,7,0,7,0,0,13,0,13,16,0,16,29
05/08/2022,ADM,OK,ASW,CE,Federal Contract Tower,0,0,0,0,0,0,0,3,0,3,0,0,3,0,3,0,0,0,3
05/09/2022,ADM,OK,ASW,CE,Federal Contract Tower,0,0,2,8,10,0,0,7,2,9,0,0,9,10,19,16,0,16,35
05/10/2022,ADM,OK,ASW,CE,Federal Contract Tower,0,0,12,0,12,0,0,8,6,14,0,0,20,6,26,0,8,8,34
05/11/2022,ADM,OK,ASW,CE,Federal Contract Tower,0,0,7,0,7,0,0,29,8,37,0,0,36,8,44,14,44,58,102
05/12/2022,ADM,OK,ASW,CE,Federal Contract Tower,0,0,6,2,8,0,0,23,5,28,0,0,29,7,36,14,0,14,50
05/13/2022,ADM,OK,ASW,CE,Federal Contract Tower,0,0,6,1,7,0,0,24,4,28,0,0,30,5,35,6,12,18,53
05/14/2022,ADM,OK,ASW,CE,Federal Contract Tower,0,0,7,1,8,0,0,27,2,29,0,0,34,3,37,34,8,42,79
05/15/2022,ADM,OK,ASW,CE,Federal Contract Tower,0,0,7,2,9,0,0,9,0,9,0,0,16,2,18,0,0,0,18
05/16/2022,ADM,OK,ASW,CE,Federal Contract Tower,0,0,5,0,5,0,0,23,0,23,0,0,28,0,28,18,2,20,48
05/17/2022,ADM,OK,ASW,CE,Federal Contract Tower,0,0,14,4,18,0,0,19,4,23,0,0,33,8,41,6,8,14,55
05/18/2022,ADM,OK,ASW,CE,Federal Contract Tower,0,0,12,2,14,0,0,32,0,32,0,0,44,2,46,70,0,70,116
05/19/2022,ADM,OK,ASW,CE,Federal Contract Tower,0,0,14,11,25,0,0,29,0,29,0,0,43,11,54,18,18,36,90
05/20/2022,ADM,OK,ASW,CE,Federal Contract Tower,0,0,1,6,7,0,0,6,0,6,0,0,7,6,13,2,14,16,29
05/21/2022,ADM,OK,ASW,CE,Federal Contract Tower,0,0,6,0,6,0,0,2,0,2,0,0,8,0,8,0,0,0,8
05/22/2022,ADM,OK,ASW,CE,Federal Contract Tower,0,0,7,0,7,0,0,3,0,3,0,0,10,0,10,0,0,0,10
05/23/2022,ADM,OK,ASW,CE,Federal Contract Tower,0,0,2,0,2,0,0,3,0,3,0,0,5,0,5,0,0,0,5
05/24/2022,ADM,OK,ASW,CE,Federal Contract Tower,0,0,4,0,4,0,0,0,0,0,0,0,4,0,4,0,0,0,4
05/25/2022,ADM,OK,ASW,CE,Federal Contract Tower,0,0,8,3,11,0,5,1,0,6,0,5,9,3,17,20,0,20,37
05/26/2022,ADM,OK,ASW,CE,Federal Contract Tower,0,0,7,8,15,0,0,14,11,25,0,0,21,19,40,6,44,50,90
05/27/2022,ADM,OK,ASW,CE,Federal Contract Tower,0,2,17,0,19,0,0,44,0,44,0,2,61,0,63,32,0,32,95
05/28/2022,ADM,OK,ASW,CE,Federal Contract Tower,0,0,1,0,1,0,0,16,0,16,0,0,17,0,17,2,0,2,19
05/29/2022,ADM,OK,ASW,CE,Federal Contract Tower,0,0,7,0,7,0,0,17,0,17,0,0,24,0,24,0,0,0,24
05/30/2022,ADM,OK,ASW,CE,Federal Contract Tower,0,0,3,0,3,0,0,16,0,16,0,0,19,0,19,0,0,0,19
05/31/2022,ADM,OK,ASW,CE,Federal Contract Tower,0,0,7,0,7,0,0,14,8,22,0,0,21,8,29,0,10,10,39
06/01/2022,ADM,OK,ASW,CE,Federal Contract Tower,0,0,6,1,7,0,0,8,14,22,0,0,14,15,29,2,4,6,35
06/02/2022,ADM,OK,ASW,CE,Federal Contract Tower,0,0,12,2,14,0,0,4,0,4,0,0,16,2,18,2,0,2,20
06/03/2022,ADM,OK,ASW,CE,Federal Contract Tower,0,0,19,1,20,0,0,3,2,5,0,0,22,3,25,0,2,2,27
06/04/2022,ADM,OK,ASW,CE,Federal Contract Tower,0,0,6,2,8,0,0,17,2,19,0,0,23,4,27,4,6,10,37
06/05/2022,ADM,OK,ASW,CE,Federal Contract Tower,0,0,2,2,4,0,0,12,2,14,0,0,14,4,18,6,0,6,24
06/06/2022,ADM,OK,ASW,CE,Federal Contract Tower,0,0,4,11,15,0,0,27,5,32,0,0,31,16,47,36,8,44,91
06/07/2022,ADM,OK,ASW,CE,Federal Contract Tower,0,0,10,2,12,0,0,15,0,15,0,0,25,2,27,28,0,28,55
06/08/2022,ADM,OK,ASW,CE,Federal Contract Tower,0,0,1,0,1,0,0,6,0,6,0,0,7,0,7,6,0,6,13
06/09/2022,ADM,OK,ASW,CE,Federal Contract Tower,0,0,17,1,18,0,0,19,2,21,0,0,36,3,39,0,0,0,39
06/10/2022,ADM,OK,ASW,CE,Federal Contract Tower,0,0,14,0,14,0,0,88,5,93,0,0,102,5,107,10,6,16,123
06/11/2022,ADM,OK,ASW,CE,Federal Contract Tower,0,0,3,2,5,0,0,13,0,13,0,0,16,2,18,12,0,12,30
06/12/2022,ADM,OK,ASW,CE,Federal Contract Tower,0,0,4,4,8,0,0,17,2,19,0,0,21,6,27,0,0,0,27
06/13/2022,ADM,OK,ASW,CE,Federal Contract Tower,0,0,9,7,16,0,0,16,7,23,0,0,25,14,39,0,26,26,65
06/14/2022,ADM,OK,ASW,CE,Federal Contract Tower,0,0,2,0,2,0,0,6,7,13,0,0,8,7,15,8,0,8,23
06/15/2022,ADM,OK,ASW,CE,Federal Contract Tower,0,0,11,3,14,0,0,9,4,13,0,0,20,7,27,18,10,28,55
06/16/2022,ADM,OK,ASW,CE,Federal Contract Tower,0,0,13,0,13,0,0,26,7,33,0,0,39,7,46,16,6,22,68
06/17/2022,ADM,OK,ASW,CE,Federal Contract Tower,0,0,3,2,5,0,0,33,5,38,0,0,36,7,43,12,14,26,69
06/18/2022,ADM,OK,ASW,CE,Federal Contract Tower,0,0,5,0,5,0,0,39,0,39,0,0,44,0,44,52,0,52,96
06/19/2022,ADM,OK,ASW,CE,Federal Contract Tower,0,0,3,0,3,0,0,6,0,6,0,0,9,0,9,4,0,4,13
06/20/2022,ADM,OK,ASW,CE,Federal Contract Tower,0,0,5,1,6,0,0,40,0,40,0,0,45,1,46,14,0,14,60
06/21/2022,ADM,OK,ASW,CE,Federal Contract Tower,0,0,9,0,9,0,0,33,0,33,0,0,42,0,42,14,0,14,56
06/22/2022,ADM,OK,ASW,CE,Federal Contract Tower,0,0,12,7,19,0,0,35,8,43,0,0,47,15,62,50,18,68,130
06/23/2022,ADM,OK,ASW,CE,Federal Contract Tower,0,0,12,6,18,0,0,32,5,37,0,0,44,11,55,14,8,22,77
06/24/2022,ADM,OK,ASW,CE,Federal Contract Tower,0,1,9,6,16,0,3,32,11,46,0,4,41,17,62,12,28,40,102
06/25/2022,ADM,OK,ASW,CE,Federal Contract Tower,0,0,5,5,10,0,0,16,3,19,0,0,21,8,29,18,0,18,47
06/26/2022,ADM,OK,ASW,CE,Federal Contract Tower,0,0,11,2,13,0,0,15,0,15,0,0,26,2,28,10,0,10,38
06/27/2022,ADM,OK,ASW,CE,Federal Contract Tower,0,1,6,4,11,0,0,35,4,39,0,1,41,8,50,8,6,14,64
06/28/2022,ADM,OK,ASW,CE,Federal Contract Tower,0,0,3,0,3,0,0,26,0,26,0,0,29,0,29,18,0,18,47
06/29/2022,ADM,OK,ASW,CE,Federal Contract Tower,0,0,9,3,12,0,0,37,4,41,0,0,46,7,53,6,2,8,61
06/30/2022,ADM,OK,ASW,CE,Federal Contract Tower,0,0,6,4,10,0,0,47,4,51,0,0,53,8,61,32,0,32,93
07/01/2022,ADM,OK,ASW,CE,Federal Contract Tower,0,0,6,0,6,0,0,48,0,48,0,0,54,0,54,0,0,0,54
07/02/2022,ADM,OK,ASW,CE,Federal Contract Tower,0,0,4,0,4,0,0,18,0,18,0,0,22,0,22,6,0,6,28
07/03/2022,ADM,OK,ASW,CE,Federal Contract Tower,0,0,2,0,2,0,0,9,0,9,0,0,11,0,11,0,0,0,11
07/04/2022,ADM,OK,ASW,CE,Federal Contract Tower,0,0,2,0,2,0,0,20,0,20,0,0,22,0,22,0,0,0,22
07/05/2022,ADM,OK,ASW,CE,Federal Contract Tower,0,2,5,4,11,0,0,33,3,36,0,2,38,7,47,10,4,14,61
07/06/2022,ADM,OK,ASW,CE,Federal Contract Tower,0,0,2,4,6,0,0,30,10,40,0,0,32,14,46,0,28,28,74
07/07/2022,ADM,OK,ASW,CE,Federal Contract Tower,0,2,7,6,15,0,0,46,10,56,0,2,53,16,71,16,36,52,123
07/08/2022,ADM,OK,ASW,CE,Federal Contract Tower,0,0,8,9,17,0,0,25,3,28,0,0,33,12,45,20,8,28,73
07/09/2022,ADM,OK,ASW,CE,Federal Contract Tower,0,0,5,0,5,0,0,33,0,33,0,0,38,0,38,16,0,16,54
07/10/2022,ADM,OK,ASW,CE,Federal Contract Tower,0,0,5,0,5,0,0,12,0,12,0,0,17,0,17,0,0,0,17
07/11/2022,ADM,OK,ASW,CE,Federal Contract Tower,0,0,14,5,19,0,0,28,1,29,0,0,42,6,48,0,10,10,58
07/12/2022,ADM,OK,ASW,CE,Federal Contract Tower,0,0,7,1,8,0,0,42,1,43,0,0,49,2,51,26,10,36,87
07/13/2022,ADM,OK,ASW,CE,Federal Contract Tower,0,0,8,5,13,0,0,44,2,46,0,0,52,7,59,30,0,30,89
07/14/2022,ADM,OK,ASW,CE,Federal Contract Tower,0,0,10,2,12,0,0,26,15,41,0,0,36,17,53,2,14,16,69
07/15/2022,ADM,OK,ASW,CE,Federal Contract Tower,0,0,17,6,23,0,0,40,6,46,0,0,57,12,69,34,30,64,133
07/16/2022,ADM,OK,ASW,CE,Federal Contract Tower,0,0,9,0,9,0,0,39,2,41,0,0,48,2,50,14,0,14,64
07/17/2022,ADM,OK,ASW,CE,Federal Contract Tower,0,0,4,12,16,0,0,15,2,17,0,0,19,14,33,22,0,22,55
07/18/2022,ADM,OK,ASW,CE,Federal Contract Tower,0,0,11,4,15,0,0,26,6,32,0,0,37,10,47,22,14,36,83
07/19/2022,ADM,OK,ASW,CE,Federal Contract Tower,0,0,10,0,10,0,0,20,0,20,0,0,30,0,30,46,0,46,76
07/20/2022,ADM,OK,ASW,CE,Federal Contract Tower,0,0,8,0,8,0,0,10,0,10,0,0,18,0,18,20,10,30,48
07/21/2022,ADM,OK,ASW,CE,Federal Contract Tower,0,0,4,0,4,0,0,19,0,19,0,0,23,0,23,16,0,16,39
07/22/2022,ADM,OK,ASW,CE,Federal Contract Tower,0,0,14,2,16,0,0,29,0,29,0,0,43,2,45,24,22,46,91
07/23/2022,ADM,OK,ASW,CE,Federal Contract Tower,0,0,6,0,6,0,0,0,0,0,0,0,6,0,6,40,0,40,46
07/24/2022,ADM,OK,ASW,CE,Federal Contract Tower,0,0,4,0,4,0,0,21,0,21,0,0,25,0,25,8,0,8,33
07/25/2022,ADM,OK,ASW,CE,Federal Contract Tower,0,0,7,9,16,0,0,22,3,25,0,0,29,12,41,10,0,10,51
07/26/2022,ADM,OK,ASW,CE,Federal Contract Tower,0,0,3,5,8,0,0,36,1,37,0,0,39,6,45,28,2,30,75
07/27/2022,ADM,OK,ASW,CE,Federal Contract Tower,0,0,9,2,11,0,0,27,1,28,0,0,36,3,39,68,0,68,107
07/28/2022,ADM,OK,ASW,CE,Federal Contract Tower,0,0,16,0,16,0,0,47,2,49,0,0,63,2,65,24,0,24,89
07/29/2022,ADM,OK,ASW,CE,Federal Contract Tower,0,0,5,1,6,0,0,36,4,40,0,0,41,5,46,22,0,22,68
07/30/2022,ADM,OK,ASW,CE,Federal Contract Tower,0,0,5,1,6,0,0,7,0,7,0,0,12,1,13,0,0,0,13
07/31/2022,ADM,OK,ASW,CE,Federal Contract Tower,0,0,7,0,7,0,0,14,0,14,0,0,21,0,21,0,0,0,21
08/01/2022,ADM,OK,ASW,CE,Federal Contract Tower,0,0,2,0,2,0,0,23,3,26,0,0,25,3,28,44,0,44,72
08/02/2022,ADM,OK,ASW,CE,Federal Contract Tower,0,0,9,0,9,0,0,35,9,44,0,0,44,9,53,0,6,6,59
08/03/2022,ADM,OK,ASW,CE,Federal Contract Tower,0,1,3,0,4,0,0,42,8,50,0,1,45,8,54,22,8,30,84
08/04/2022,ADM,OK,ASW,CE,Federal Contract Tower,0,0,10,7,17,0,0,33,3,36,0,0,43,10,53,26,18,44,97
08/05/2022,ADM,OK,ASW,CE,Federal Contract Tower,0,0,1,3,4,0,0,36,17,53,0,0,37,20,57,16,24,40,97
08/06/2022,ADM,OK,ASW,CE,Federal Contract Tower,0,0,8,6,14,0,0,31,0,31,0,0,39,6,45,14,0,14,59
08/07/2022,ADM,OK,ASW,CE,Federal Contract Tower,0,0,2,4,6,0,0,27,0,27,0,0,29,4,33,22,0,22,55
08/08/2022,ADM,OK,ASW,CE,Federal Contract Tower,0,0,2,0,2,0,0,34,4,38,0,0,36,4,40,16,2,18,58
08/09/2022,ADM,OK,ASW,CE,Federal Contract Tower,0,0,6,1,7,0,0,11,4,15,0,0,17,5,22,0,2,2,24
08/10/2022,ADM,OK,ASW,CE,Federal Contract Tower,0,0,2,4,6,0,0,43,2,45,0,0,45,6,51,26,0,26,77
08/11/2022,ADM,OK,ASW,CE,Federal Contract Tower,0,0,12,1,13,0,0,34,2,36,0,0,46,3,49,42,0,42,91
08/12/2022,ADM,OK,ASW,CE,Federal Contract Tower,0,0,8,5,13,0,0,39,2,41,0,0,47,7,54,22,2,24,78
08/13/2022,ADM,OK,ASW,CE,Federal Contract Tower,0,0,1,0,1,0,0,26,0,26,0,0,27,0,27,34,0,34,61
08/14/2022,ADM,OK,ASW,CE,Federal Contract Tower,0,0,2,0,2,0,0,35,2,37,0,0,37,2,39,34,0,34,73
08/15/2022,ADM,OK,ASW,CE,Federal Contract Tower,0,0,8,0,8,0,0,24,3,27,0,0,32,3,35,18,4,22,57
08/16/2022,ADM,OK,ASW,CE,Federal Contract Tower,0,0,1,5,6,0,0,48,0,48,0,0,49,5,54,34,0,34,88
08/17/2022,ADM,OK,ASW,CE,Federal Contract Tower,0,0,13,6,19,0,0,20,1,21,0,0,33,7,40,16,0,16,56
08/18/2022,ADM,OK,ASW,CE,Federal Contract Tower,0,0,18,4,22,0,0,15,1,16,0,0,33,5,38,6,0,6,44
08/19/2022,ADM,OK,ASW,CE,Federal Contract Tower,0,0,8,0,8,0,0,30,2,32,0,0,38,2,40,26,6,32,72
08/20/2022,ADM,OK,ASW,CE,Federal Contract Tower,0,0,4,2,6,0,0,30,0,30,0,0,34,2,36,28,0,28,64
08/21/2022,ADM,OK,ASW,CE,Federal Contract Tower,0,0,2,0,2,0,0,0,0,0,0,0,2,0,2,0,0,0,2
08/23/2022,ADM,OK,ASW,CE,Federal Contract Tower,0,0,14,2,16,0,0,4,0,4,0,0,18,2,20,0,0,0,20
08/24/2022,ADM,OK,ASW,CE,Federal Contract Tower,0,0,14,5,19,0,0,23,5,28,0,0,37,10,47,26,16,42,89
08/25/2022,ADM,OK,ASW,CE,Federal Contract Tower,0,0,5,4,9,0,0,49,0,49,0,0,54,4,58,18,0,18,76
08/26/2022,ADM,OK,ASW,CE,Federal Contract Tower,0,0,8,17,25,0,0,64,7,71,0,0,72,24,96,26,32,58,154
08/27/2022,ADM,OK,ASW,CE,Federal Contract Tower,0,0,2,6,8,0,0,34,2,36,0,0,36,8,44,24,0,24,68
08/28/2022,ADM,OK,ASW,CE,Federal Contract Tower,0,0,3,5,8,0,0,16,0,16,0,0,19,5,24,0,0,0,24
08/29/2022,ADM,OK,ASW,CE,Federal Contract Tower,0,0,14,6,20,0,0,20,4,24,0,0,34,10,44,14,54,68,112
08/30/2022,ADM,OK,ASW,CE,Federal Contract Tower,0,0,11,0,11,0,0,5,0,5,0,0,16,0,16,6,0,6,22
08/31/2022,ADM,OK,ASW,CE,Federal Contract Tower,0,0,11,8,19,0,0,15,4,19,0,0,26,12,38,14,12,26,64
09/01/2022,ADM,OK,ASW,CE,Federal Contract Tower,0,0,0,0,0,0,0,4,0,4,0,0,4,0,4,4,0,4,8
09/02/2022,ADM,OK,ASW,CE,Federal Contract Tower,0,0,9,1,10,0,0,23,2,25,0,0,32,3,35,0,0,0,35
09/03/2022,ADM,OK,ASW,CE,Federal Contract Tower,0,0,4,0,4,0,0,20,0,20,0,0,24,0,24,38,0,38,62
09/04/2022,ADM,OK,ASW,CE,Federal Contract Tower,0,0,0,0,0,0,0,6,0,6,0,0,6,0,6,0,0,0,6
09/05/2022,ADM,OK,ASW,CE,Federal Contract Tower,0,0,5,0,5,0,0,58,0,58,0,0,63,0,63,52,0,52,115
09/06/2022,ADM,OK,ASW,CE,Federal Contract Tower,0,0,4,0,4,0,0,62,2,64,0,0,66,2,68,10,0,10,78
09/07/2022,ADM,OK,ASW,CE,Federal Contract Tower,0,2,8,3,13,0,0,84,7,91,0,2,92,10,104,58,30,88,192
09/08/2022,ADM,OK,ASW,CE,Federal Contract Tower,0,0,8,1,9,0,0,42,5,47,0,0,50,6,56,28,0,28,84
09/09/2022,ADM,OK,ASW,CE,Federal Contract Tower,0,0,8,7,15,0,0,53,19,72,0,0,61,26,87,48,20,68,155
09/10/2022,ADM,OK,ASW,CE,Federal Contract Tower,0,0,5,0,5,0,0,31,0,31,0,0,36,0,36,42,0,42,78
09/11/2022,ADM,OK,ASW,CE,Federal Contract Tower,0,0,3,9,12,0,0,3,3,6,0,0,6,12,18,12,0,12,30
09/12/2022,ADM,OK,ASW,CE,Federal Contract Tower,0,0,10,1,11,0,0,46,3,49,0,0,56,4,60,24,14,38,98
09/13/2022,ADM,OK,ASW,CE,Federal Contract Tower,0,0,6,8,14,0,0,44,2,46,0,0,50,10,60,14,8,22,82
09/14/2022,ADM,OK,ASW,CE,Federal Contract Tower,0,0,16,7,23,0,0,56,7,63,0,0,72,14,86,42,2,44,130
09/15/2022,ADM,OK,ASW,CE,Federal Contract Tower,0,0,7,0,7,0,0,34,1,35,0,0,41,1,42,12,0,12,54
09/16/2022,ADM,OK,ASW,CE,Federal Contract Tower,0,0,4,15,19,0,0,45,6,51,0,0,49,21,70,34,32,66,136
09/17/2022,ADM,OK,ASW,CE,Federal Contract Tower,0,0,7,4,11,0,0,8,0,8,0,0,15,4,19,26,4,30,49
09/18/2022,ADM,OK,ASW,CE,Federal Contract Tower,0,0,2,0,2,0,0,14,0,14,0,0,16,0,16,14,0,14,30
09/19/2022,ADM,OK,ASW,CE,Federal Contract Tower,0,0,3,4,7,0,0,22,4,26,0,0,25,8,33,62,6,68,101
09/20/2022,ADM,OK,ASW,CE,Federal Contract Tower,0,0,13,3,16,0,0,31,3,34,0,0,44,6,50,6,6,12,62
09/21/2022,ADM,OK,ASW,CE,Federal Contract Tower,0,0,9,5,14,0,0,40,10,50,0,0,49,15,64,46,14,60,124
09/22/2022,ADM,OK,ASW,CE,Federal Contract Tower,0,0,8,0,8,0,0,54,1,55,0,0,62,1,63,6,0,6,69
09/23/2022,ADM,OK,ASW,CE,Federal Contract Tower,0,0,7,4,11,0,0,50,3,53,0,0,57,7,64,14,12,26,90
09/24/2022,ADM,OK,ASW,CE,Federal Contract Tower,0,0,5,6,11,0,0,21,0,21,0,0,26,6,32,16,0,16,48
09/25/2022,ADM,OK,ASW,CE,Federal Contract Tower,0,0,2,0,2,0,0,15,4,19,0,0,17,4,21,6,0,6,27
09/26/2022,ADM,OK,ASW,CE,Federal Contract Tower,0,0,12,0,12,0,0,15,4,19,0,0,27,4,31,14,0,14,45
09/27/2022,ADM,OK,ASW,CE,Federal Contract Tower,0,0,10,2,12,0,0,25,0,25,0,0,35,2,37,8,0,8,45
09/28/2022,ADM,OK,ASW,CE,Federal Contract Tower,0,0,5,6,11,0,0,24,4,28,0,0,29,10,39,58,0,58,97
09/29/2022,ADM,OK,ASW,CE,Federal Contract Tower,0,0,17,3,20,0,0,30,7,37,0,0,47,10,57,28,40,68,125
09/30/2022,ADM,OK,ASW,CE,Federal Contract Tower,0,0,8,2,10,0,0,61,8,69,0,0,69,10,79,22,28,50,129
10/01/2022,ADM,OK,ASW,CE,Federal Contract Tower,0,0,3,0,3,0,0,20,0,20,0,0,23,0,23,28,0,28,51
10/02/2022,ADM,OK,ASW,CE,Federal Contract Tower,0,0,6,0,6,0,0,13,0,13,0,0,19,0,19,20,0,20,39
10/03/2022,ADM,OK,ASW,CE,Federal Contract Tower,0,0,5,4,9,0,0,41,2,43,0,0,46,6,52,34,0,34,86
10/04/2022,ADM,OK,ASW,CE,Federal Contract Tower,0,0,3,0,3,0,0,45,0,45,0,0,48,0,48,24,0,24,72
10/05/2022,ADM,OK,ASW,CE,Federal Contract Tower,0,0,6,8,14,0,0,27,6,33,0,0,33,14,47,32,36,68,115
10/06/2022,ADM,OK,ASW,CE,Federal Contract Tower,0,0,11,2,13,0,0,50,6,56,0,0,61,8,69,46,2,48,117
10/07/2022,ADM,OK,ASW,CE,Federal Contract Tower,0,0,10,3,13,0,0,24,5,29,0,0,34,8,42,6,22,28,70
10/08/2022,ADM,OK,ASW,CE,Federal Contract Tower,0,0,3,0,3,0,0,15,0,15,0,0,18,0,18,6,0,6,24
10/09/2022,ADM,OK,ASW,CE,Federal Contract Tower,0,0,3,0,3,0,0,10,0,10,0,0,13,0,13,6,0,6,19
10/10/2022,ADM,OK,ASW,CE,Federal Contract Tower,0,0,2,1,3,0,0,13,0,13,0,0,15,1,16,4,0,4,20
10/11/2022,ADM,OK,ASW,CE,Federal Contract Tower,0,0,10,2,12,0,0,6,6,12,0,0,16,8,24,0,22,22,46
10/12/2022,ADM,OK,ASW,CE,Federal Contract Tower,0,0,5,3,8,0,0,43,3,46,0,0,48,6,54,10,8,18,72
10/13/2022,ADM,OK,ASW,CE,Federal Contract Tower,0,0,2,10,12,0,0,41,3,44,0,0,43,13,56,40,0,40,96
10/14/2022,ADM,OK,ASW,CE,Federal Contract Tower,0,0,12,7,19,0,0,51,3,54,0,0,63,10,73,24,6,30,103
10/15/2022,ADM,OK,ASW,CE,Federal Contract Tower,0,0,3,2,5,0,0,21,0,21,0,0,24,2,26,22,10,32,58
10/16/2022,ADM,OK,ASW,CE,Federal Contract Tower,0,0,7,0,7,0,0,2,0,2,0,0,9,0,9,0,0,0,9
10/17/2022,ADM,OK,ASW,CE,Federal Contract Tower,0,0,8,13,21,0,0,29,3,32,0,0,37,16,53,2,8,10,63
10/18/2022,ADM,OK,ASW,CE,Federal Contract Tower,0,0,12,18,30,0,0,55,3,58,0,0,67,21,88,8,22,30,118
10/19/2022,ADM,OK,ASW,CE,Federal Contract Tower,0,0,10,1,11,0,0,94,4,98,0,0,104,5,109,40,0,40,149
10/20/2022,ADM,OK,ASW,CE,Federal Contract Tower,0,0,4,6,10,0,0,60,0,60,0,0,64,6,70,34,0,34,104
10/21/2022,ADM,OK,ASW,CE,Federal Contract Tower,0,0,9,3,12,0,0,80,3,83,0,0,89,6,95,10,6,16,111
10/22/2022,ADM,OK,ASW,CE,Federal Contract Tower,0,0,0,0,0,0,0,36,0,36,0,0,36,0,36,0,0,0,36
10/23/2022,ADM,OK,ASW,CE,Federal Contract Tower,0,0,5,0,5,0,0,7,0,7,0,0,12,0,12,0,0,0,12
10/24/2022,ADM,OK,ASW,CE,Federal Contract Tower,0,0,20,0,20,0,0,0,0,0,0,0,20,0,20,0,0,0,20
10/25/2022,ADM,OK,ASW,CE,Federal Contract Tower,0,0,17,1,18,0,0,20,7,27,0,0,37,8,45,0,10,10,55
10/26/2022,ADM,OK,ASW,CE,Federal Contract Tower,0,0,10,5,15,0,0,52,3,55,0,0,62,8,70,32,0,32,102
10/27/2022,ADM,OK,ASW,CE,Federal Contract Tower,0,0,8,2,10,0,0,56,10,66,0,0,64,12,76,10,0,10,86
10/28/2022,ADM,OK,ASW,CE,Federal Contract Tower,0,0,2,0,2,0,0,0,0,0,0,0,2,0,2,0,0,0,2
10/29/2022,ADM,OK,ASW,CE,Federal Contract Tower,0,0,6,4,10,0,0,2,0,2,0,0,8,4,12,0,6,6,18
10/30/2022,ADM,OK,ASW,CE,Federal Contract Tower,0,0,7,0,7,0,0,23,0,23,0,0,30,0,30,8,0,8,38
10/31/2022,ADM,OK,ASW,CE,Federal Contract Tower,0,0,10,13,23,0,0,50,3,53,0,0,60,16,76,42,16,58,134
11/01/2022,ADM,OK,ASW,CE,Federal Contract Tower,0,0,7,5,12,0,0,54,7,61,0,0,61,12,73,32,0,32,105
11/02/2022,ADM,OK,ASW,CE,Federal Contract Tower,0,0,32,7,39,0,0,16,1,17,0,0,48,8,56,4,0,4,60
11/03/2022,ADM,OK,ASW,CE,Federal Contract Tower,0,0,12,0,12,0,0,3,0,3,0,0,15,0,15,20,0,20,35
11/04/2022,ADM,OK,ASW,CE,Federal Contract Tower,0,0,4,0,4,0,0,0,0,0,0,0,4,0,4,0,0,0,4
11/05/2022,ADM,OK,ASW,CE,Federal Contract Tower,0,0,7,0,7,0,0,37,0,37,0,0,44,0,44,18,0,18,62
11/06/2022,ADM,OK,ASW,CE,Federal Contract Tower,0,0,4,0,4,0,0,15,0,15,0,0,19,0,19,4,0,4,23
11/07/2022,ADM,OK,ASW,CE,Federal Contract Tower,0,0,11,9,20,0,0,0,0,0,0,0,11,9,20,0,0,0,20
11/08/2022,ADM,OK,ASW,CE,Federal Contract Tower,0,0,18,2,20,0,0,2,2,4,0,0,20,4,24,4,0,4,28
11/09/2022,ADM,OK,ASW,CE,Federal Contract Tower,0,0,19,0,19,0,0,13,0,13,0,0,32,0,32,26,0,26,58
11/10/2022,ADM,OK,ASW,CE,Federal Contract Tower,0,0,28,0,28,0,0,3,0,3,0,0,31,0,31,4,0,4,35
11/11/2022,ADM,OK,ASW,CE,Federal Contract Tower,0,0,4,0,4,0,0,1,0,1,0,0,5,0,5,0,0,0,5
11/12/2022,ADM,OK,ASW,CE,Federal Contract Tower,0,0,6,2,8,0,0,43,0,43,0,0,49,2,51,4,0,4,55
11/13/2022,ADM,OK,ASW,CE,Federal Contract Tower,0,0,4,0,4,0,0,18,0,18,0,0,22,0,22,10,0,10,32
11/14/2022,ADM,OK,ASW,CE,Federal Contract Tower,0,0,4,0,4,0,0,0,0,0,0,0,4,0,4,0,0,0,4
11/15/2022,ADM,OK,ASW,CE,Federal Contract Tower,0,0,5,2,7,0,0,17,0,17,0,0,22,2,24,46,0,46,70
11/16/2022,ADM,OK,ASW,CE,Federal Contract Tower,0,0,13,5,18,0,0,47,1,48,0,0,60,6,66,32,0,32,98
11/17/2022,ADM,OK,ASW,CE,Federal Contract Tower,0,0,9,10,19,0,0,75,6,81,0,0,84,16,100,80,18,98,198
11/18/2022,ADM,OK,ASW,CE,Federal Contract Tower,0,0,6,2,8,0,0,8,4,12,0,0,14,6,20,0,0,0,20
11/19/2022,ADM,OK,ASW,CE,Federal Contract Tower,0,0,6,0,6,0,0,31,0,31,0,0,37,0,37,14,0,14,51
11/20/2022,ADM,OK,ASW,CE,Federal Contract Tower,0,0,4,0,4,0,0,20,0,20,0,0,24,0,24,8,0,8,32
11/21/2022,ADM,OK,ASW,CE,Federal Contract Tower,0,0,8,2,10,0,0,29,0,29,0,0,37,2,39,58,0,58,97
11/22/2022,ADM,OK,ASW,CE,Federal Contract Tower,0,0,13,0,13,0,0,37,6,43,0,0,50,6,56,36,12,48,104
11/23/2022,ADM,OK,ASW,CE,Federal Contract Tower,0,0,8,0,8,0,0,0,0,0,0,0,8,0,8,0,0,0,8
11/24/2022,ADM,OK,ASW,CE,Federal Contract Tower,0,0,0,0,0,0,0,0,0,0,0,0,0,0,0,0,0,0,0
11/25/2022,ADM,OK,ASW,CE,Federal Contract Tower,0,0,14,0,14,0,0,3,0,3,0,0,17,0,17,0,0,0,17
11/26/2022,ADM,OK,ASW,CE,Federal Contract Tower,0,0,5,0,5,0,0,0,0,0,0,0,5,0,5,0,0,0,5
11/27/2022,ADM,OK,ASW,CE,Federal Contract Tower,0,0,3,0,3,0,0,25,0,25,0,0,28,0,28,0,0,0,28
11/28/2022,ADM,OK,ASW,CE,Federal Contract Tower,0,0,6,0,6,0,0,28,0,28,0,0,34,0,34,36,0,36,70
11/29/2022,ADM,OK,ASW,CE,Federal Contract Tower,0,0,12,0,12,0,0,13,4,17,0,0,25,4,29,0,10,10,39
11/30/2022,ADM,OK,ASW,CE,Federal Contract Tower,0,0,14,0,14,0,0,100,0,100,0,0,114,0,114,16,0,16,130
12/01/2022,ADM,OK,ASW,CE,Federal Contract Tower,0,0,14,4,18,0,0,27,6,33,0,0,41,10,51,14,12,26,77
12/02/2022,ADM,OK,ASW,CE,Federal Contract Tower,0,0,4,0,4,0,0,9,0,9,0,0,13,0,13,10,0,10,23
12/03/2022,ADM,OK,ASW,CE,Federal Contract Tower,0,0,1,0,1,0,0,27,0,27,0,0,28,0,28,2,0,2,30
12/04/2022,ADM,OK,ASW,CE,Federal Contract Tower,0,0,6,0,6,0,0,12,0,12,0,0,18,0,18,16,0,16,34
12/05/2022,ADM,OK,ASW,CE,Federal Contract Tower,0,0,7,2,9,0,0,24,10,34,0,0,31,12,43,34,6,40,83
12/06/2022,ADM,OK,ASW,CE,Federal Contract Tower,0,0,10,1,11,0,0,10,9,19,0,0,20,10,30,10,0,10,40
12/07/2022,ADM,OK,ASW,CE,Federal Contract Tower,0,0,15,7,22,0,0,0,0,0,0,0,15,7,22,0,0,0,22
12/08/2022,ADM,OK,ASW,CE,Federal Contract Tower,0,0,15,4,19,0,0,0,0,0,0,0,15,4,19,0,0,0,19
12/09/2022,ADM,OK,ASW,CE,Federal Contract Tower,0,0,11,2,13,0,0,14,6,20,0,0,25,8,33,6,26,32,65
12/10/2022,ADM,OK,ASW,CE,Federal Contract Tower,0,0,6,0,6,0,0,0,0,0,0,0,6,0,6,0,0,0,6
12/11/2022,ADM,OK,ASW,CE,Federal Contract Tower,0,0,13,0,13,0,0,0,0,0,0,0,13,0,13,0,0,0,13
12/12/2022,ADM,OK,ASW,CE,Federal Contract Tower,0,0,5,0,5,0,0,0,0,0,0,0,5,0,5,0,0,0,5
12/13/2022,ADM,OK,ASW,CE,Federal Contract Tower,0,0,7,4,11,0,0,43,7,50,0,0,50,11,61,16,16,32,93
12/14/2022,ADM,OK,ASW,CE,Federal Contract Tower,0,0,13,0,13,0,0,57,0,57,0,0,70,0,70,76,0,76,146
12/15/2022,ADM,OK,ASW,CE,Federal Contract Tower,0,0,9,14,23,0,0,73,8,81,0,0,82,22,104,18,34,52,156
12/16/2022,ADM,OK,ASW,CE,Federal Contract Tower,0,0,3,0,3,0,0,42,10,52,0,0,45,10,55,2,2,4,59
12/17/2022,ADM,OK,ASW,CE,Federal Contract Tower,0,0,7,0,7,0,0,20,0,20,0,0,27,0,27,0,0,0,27
12/18/2022,ADM,OK,ASW,CE,Federal Contract Tower,0,0,1,0,1,0,0,35,0,35,0,0,36,0,36,8,0,8,44
12/19/2022,ADM,OK,ASW,CE,Federal Contract Tower,0,0,15,4,19,0,0,9,2,11,0,0,24,6,30,6,0,6,36
12/21/2022,ADM,OK,ASW,CE,Federal Contract Tower,0,0,0,0,0,0,0,6,0,6,0,0,6,0,6,0,0,0,6
12/22/2022,ADM,OK,ASW,CE,Federal Contract Tower,0,0,3,0,3,0,0,0,0,0,0,0,3,0,3,0,0,0,3
12/23/2022,ADM,OK,ASW,CE,Federal Contract Tower,0,0,5,0,5,0,0,14,0,14,0,0,19,0,19,0,0,0,19
12/24/2022,ADM,OK,ASW,CE,Federal Contract Tower,0,0,0,0,0,0,0,10,0,10,0,0,10,0,10,0,0,0,10
12/25/2022,ADM,OK,ASW,CE,Federal Contract Tower,0,0,0,0,0,0,0,5,0,5,0,0,5,0,5,0,0,0,5
12/26/2022,ADM,OK,ASW,CE,Federal Contract Tower,0,0,7,0,7,0,0,7,0,7,0,0,14,0,14,0,0,0,14
12/27/2022,ADM,OK,ASW,CE,Federal Contract Tower,0,0,7,3,10,0,0,42,1,43,0,0,49,4,53,40,0,40,93
12/28/2022,ADM,OK,ASW,CE,Federal Contract Tower,0,0,0,0,0,0,0,7,0,7,0,0,7,0,7,0,0,0,7
12/29/2022,ADM,OK,ASW,CE,Federal Contract Tower,0,0,10,0,10,0,0,24,0,24,0,0,34,0,34,4,0,4,38
12/30/2022,ADM,OK,ASW,CE,Federal Contract Tower,0,0,5,0,5,0,0,62,0,62,0,0,67,0,67,34,0,34,101
12/31/2022,ADM,OK,ASW,CE,Federal Contract Tower,0,0,1,0,1,0,0,14,0,14,0,0,15,0,15,0,0,0,15
01/01/2023,ADM,OK,ASW,CE,Federal Contract Tower,0,0,0,0,0,0,0,16,0,16,0,0,16,0,16,22,0,22,38
01/02/2023,ADM,OK,ASW,CE,Federal Contract Tower,0,0,6,0,6,0,0,0,0,0,0,0,6,0,6,0,0,0,6
01/03/2023,ADM,OK,ASW,CE,Federal Contract Tower,0,0,10,0,10,0,0,46,10,56,0,0,56,10,66,0,6,6,72
01/04/2023,ADM,OK,ASW,CE,Federal Contract Tower,0,0,4,1,5,0,0,48,5,53,0,0,52,6,58,20,14,34,92
01/05/2023,ADM,OK,ASW,CE,Federal Contract Tower,0,0,8,0,8,0,0,40,10,50,0,0,48,10,58,6,8,14,72
01/06/2023,ADM,OK,ASW,CE,Federal Contract Tower,0,0,4,5,9,0,0,19,2,21,0,0,23,7,30,12,16,28,58
01/07/2023,ADM,OK,ASW,CE,Federal Contract Tower,0,0,5,12,17,0,0,31,6,37,0,0,36,18,54,12,16,28,82
01/08/2023,ADM,OK,ASW,CE,Federal Contract Tower,0,0,1,0,1,0,0,25,0,25,0,0,26,0,26,8,0,8,34
01/09/2023,ADM,OK,ASW,CE,Federal Contract Tower,0,0,5,3,8,0,0,25,2,27,0,0,30,5,35,46,36,82,117
01/10/2023,ADM,OK,ASW,CE,Federal Contract Tower,0,0,9,2,11,0,0,41,4,45,0,0,50,6,56,22,4,26,82
01/11/2023,ADM,OK,ASW,CE,Federal Contract Tower,0,0,3,6,9,0,0,18,10,28,0,0,21,16,37,26,56,82,119
01/12/2023,ADM,OK,ASW,CE,Federal Contract Tower,0,0,6,5,11,0,0,11,1,12,0,0,17,6,23,4,0,4,27
01/13/2023,ADM,OK,ASW,CE,Federal Contract Tower,0,0,8,1,9,0,0,61,2,63,0,0,69,3,72,26,12,38,110
01/14/2023,ADM,OK,ASW,CE,Federal Contract Tower,0,0,2,0,2,0,0,30,0,30,0,0,32,0,32,30,0,30,62
01/15/2023,ADM,OK,ASW,CE,Federal Contract Tower,0,0,1,0,1,0,0,1,0,1,0,0,2,0,2,0,0,0,2
01/16/2023,ADM,OK,ASW,CE,Federal Contract Tower,0,0,7,0,7,0,0,20,0,20,0,0,27,0,27,30,0,30,57
01/17/2023,ADM,OK,ASW,CE,Federal Contract Tower,0,0,16,6,22,0,0,43,4,47,0,0,59,10,69,20,16,36,105
01/18/2023,ADM,OK,ASW,CE,Federal Contract Tower,0,0,1,5,6,0,0,9,2,11,0,0,10,7,17,14,42,56,73
01/19/2023,ADM,OK,ASW,CE,Federal Contract Tower,0,0,12,6,18,0,0,25,10,35,0,0,37,16,53,12,14,26,79
01/20/2023,ADM,OK,ASW,CE,Federal Contract Tower,0,0,10,4,14,0,0,34,9,43,0,0,44,13,57,26,36,62,119
01/21/2023,ADM,OK,ASW,CE,Federal Contract Tower,0,0,2,0,2,0,0,20,0,20,0,0,22,0,22,26,0,26,48
01/22/2023,ADM,OK,ASW,CE,Federal Contract Tower,0,0,2,10,12,0,0,9,0,9,0,0,11,10,21,0,0,0,21
01/23/2023,ADM,OK,ASW,CE,Federal Contract Tower,0,0,9,4,13,0,0,41,3,44,0,0,50,7,57,14,26,40,97
01/24/2023,ADM,OK,ASW,CE,Federal Contract Tower,0,0,2,0,2,0,0,0,0,0,0,0,2,0,2,0,0,0,2
01/25/2023,ADM,OK,ASW,CE,Federal Contract Tower,0,0,12,4,16,0,0,9,4,13,0,0,21,8,29,4,10,14,43
01/26/2023,ADM,OK,ASW,CE,Federal Contract Tower,0,0,8,0,8,0,0,65,4,69,0,0,73,4,77,4,0,4,81
01/27/2023,ADM,OK,ASW,CE,Federal Contract Tower,0,0,5,3,8,0,0,0,0,0,0,0,5,3,8,28,14,42,50
01/28/2023,ADM,OK,ASW,CE,Federal Contract Tower,0,0,4,0,4,0,0,1,0,1,0,0,5,0,5,0,0,0,5
01/29/2023,ADM,OK,ASW,CE,Federal Contract Tower,0,0,0,0,0,0,0,0,0,0,0,0,0,0,0,0,0,0,0
01/30/2023,ADM,OK,ASW,CE,Federal Contract Tower,0,0,4,0,4,0,0,0,0,0,0,0,4,0,4,0,0,0,4
01/31/2023,ADM,OK,ASW,CE,Federal Contract Tower,0,0,0,0,0,0,0,0,0,0,0,0,0,0,0,0,0,0,0
02/01/2023,ADM,OK,ASW,CE,Federal Contract Tower,0,0,0,0,0,0,0,0,0,0,0,0,0,0,0,0,0,0,0
02/02/2023,ADM,OK,ASW,CE,Federal Contract Tower,0,0,1,0,1,0,0,0,0,0,0,0,1,0,1,0,0,0,1
02/03/2023,ADM,OK,ASW,CE,Federal Contract Tower,0,0,0,0,0,0,0,36,8,44,0,0,36,8,44,20,14,34,78
02/04/2023,ADM,OK,ASW,CE,Federal Contract Tower,0,0,8,0,8,0,0,16,0,16,0,0,24,0,24,20,0,20,44
02/05/2023,ADM,OK,ASW,CE,Federal Contract Tower,0,0,2,2,4,0,0,35,7,42,0,0,37,9,46,10,2,12,58
02/06/2023,ADM,OK,ASW,CE,Federal Contract Tower,0,0,5,14,19,0,0,11,0,11,0,0,16,14,30,0,0,0,30
02/07/2023,ADM,OK,ASW,CE,Federal Contract Tower,0,0,5,0,5,0,0,0,0,0,0,0,5,0,5,0,0,0,5
02/08/2023,ADM,OK,ASW,CE,Federal Contract Tower,0,0,6,2,8,0,0,0,0,0,0,0,6,2,8,0,0,0,8
02/09/2023,ADM,OK,ASW,CE,Federal Contract Tower,0,0,2,0,2,0,0,41,6,47,0,0,43,6,49,62,10,72,121
02/10/2023,ADM,OK,ASW,CE,Federal Contract Tower,0,0,11,2,13,0,0,22,4,26,0,0,33,6,39,0,0,0,39
02/11/2023,ADM,OK,ASW,CE,Federal Contract Tower,0,0,7,8,15,0,0,46,5,51,0,0,53,13,66,68,6,74,140
02/12/2023,ADM,OK,ASW,CE,Federal Contract Tower,0,0,11,2,13,0,0,46,0,46,0,0,57,2,59,2,0,2,61
02/13/2023,ADM,OK,ASW,CE,Federal Contract Tower,0,0,6,4,10,0,0,41,6,47,0,0,47,10,57,12,26,38,95
02/14/2023,ADM,OK,ASW,CE,Federal Contract Tower,0,0,2,0,2,0,0,4,0,4,0,0,6,0,6,0,0,0,6
02/15/2023,ADM,OK,ASW,CE,Federal Contract Tower,0,0,17,3,20,0,0,35,12,47,0,0,52,15,67,8,18,26,93
02/16/2023,ADM,OK,ASW,CE,Federal Contract Tower,0,0,16,6,22,0,0,19,12,31,0,0,35,18,53,0,40,40,93
02/17/2023,ADM,OK,ASW,CE,Federal Contract Tower,0,0,12,4,16,0,0,53,2,55,0,0,65,6,71,48,26,74,145
02/18/2023,ADM,OK,ASW,CE,Federal Contract Tower,0,0,8,0,8,0,0,30,0,30,0,0,38,0,38,28,0,28,66
02/19/2023,ADM,OK,ASW,CE,Federal Contract Tower,0,0,2,0,2,0,0,27,0,27,0,0,29,0,29,4,0,4,33
02/20/2023,ADM,OK,ASW,CE,Federal Contract Tower,0,0,8,0,8,0,0,28,0,28,0,0,36,0,36,4,0,4,40
02/21/2023,ADM,OK,ASW,CE,Federal Contract Tower,0,0,3,5,8,0,0,30,3,33,0,0,33,8,41,2,6,8,49
02/22/2023,ADM,OK,ASW,CE,Federal Contract Tower,0,0,1,0,1,0,0,6,0,6,0,0,7,0,7,0,0,0,7
02/23/2023,ADM,OK,ASW,CE,Federal Contract Tower,0,0,12,3,15,0,0,50,15,65,0,0,62,18,80,28,6,34,114
02/24/2023,ADM,OK,ASW,CE,Federal Contract Tower,0,0,22,7,29,0,0,0,0,0,0,0,22,7,29,0,6,6,35
02/25/2023,ADM,OK,ASW,CE,Federal Contract Tower,0,0,1,0,1,0,0,0,0,0,0,0,1,0,1,0,0,0,1
02/26/2023,ADM,OK,ASW,CE,Federal Contract Tower,0,0,4,0,4,0,0,0,0,0,0,0,4,0,4,0,0,0,4
02/27/2023,ADM,OK,ASW,CE,Federal Contract Tower,0,0,13,7,20,0,0,39,18,57,0,0,52,25,77,38,22,60,137
02/28/2023,ADM,OK,ASW,CE,Federal Contract Tower,0,0,13,7,20,0,0,59,6,65,0,0,72,13,85,14,2,16,101
03/01/2023,ADM,OK,ASW,CE,Federal Contract Tower,0,0,20,8,28,0,0,13,3,16,0,0,33,11,44,42,8,50,94
03/02/2023,ADM,OK,ASW,CE,Federal Contract Tower,0,0,4,0,4,0,0,0,0,0,0,0,4,0,4,0,0,0,4
03/03/2023,ADM,OK,ASW,CE,Federal Contract Tower,0,0,7,4,11,0,0,59,0,59,0,0,66,4,70,44,0,44,114
03/04/2023,ADM,OK,ASW,CE,Federal Contract Tower,0,0,7,0,7,0,0,45,0,45,0,0,52,0,52,28,0,28,80
03/05/2023,ADM,OK,ASW,CE,Federal Contract Tower,0,0,8,0,8,0,0,15,0,15,0,0,23,0,23,8,0,8,31
03/06/2023,ADM,OK,ASW,CE,Federal Contract Tower,0,0,10,0,10,0,0,41,0,41,0,0,51,0,51,20,0,20,71
03/07/2023,ADM,OK,ASW,CE,Federal Contract Tower,0,0,18,10,28,0,0,8,2,10,0,0,26,12,38,36,0,36,74
03/08/2023,ADM,OK,ASW,CE,Federal Contract Tower,0,0,7,2,9,0,0,0,0,0,0,0,7,2,9,0,0,0,9
03/09/2023,ADM,OK,ASW,CE,Federal Contract Tower,0,0,6,0,6,0,0,0,0,0,0,0,6,0,6,0,0,0,6
03/10/2023,ADM,OK,ASW,CE,Federal Contract Tower,0,0,10,5,15,0,0,73,1,74,0,0,83,6,89,34,0,34,123
03/11/2023,ADM,OK,ASW,CE,Federal Contract Tower,0,0,8,2,10,0,0,5,0,5,0,0,13,2,15,6,14,20,35
03/12/2023,ADM,OK,ASW,CE,Federal Contract Tower,0,0,1,0,1,0,0,5,0,5,0,0,6,0,6,2,0,2,8
03/13/2023,ADM,OK,ASW,CE,Federal Contract Tower,0,0,3,6,9,0,0,63,0,63,0,0,66,6,72,36,0,36,108
03/14/2023,ADM,OK,ASW,CE,Federal Contract Tower,0,0,10,8,18,0,0,26,0,26,0,0,36,8,44,6,0,6,50
03/15/2023,ADM,OK,ASW,CE,Federal Contract Tower,0,0,1,1,2,0,0,39,7,46,0,0,40,8,48,40,10,50,98
03/16/2023,ADM,OK,ASW,CE,Federal Contract Tower,0,0,5,0,5,0,0,2,0,2,0,0,7,0,7,0,0,0,7
03/17/2023,ADM,OK,ASW,CE,Federal Contract Tower,0,0,8,0,8,0,0,41,0,41,0,0,49,0,49,20,0,20,69
03/18/2023,ADM,OK,ASW,CE,Federal Contract Tower,0,0,3,0,3,0,0,25,0,25,0,0,28,0,28,4,0,4,32
03/19/2023,ADM,OK,ASW,CE,Federal Contract Tower,0,0,19,2,21,0,0,20,0,20,0,0,39,2,41,0,0,0,41
03/20/2023,ADM,OK,ASW,CE,Federal Contract Tower,0,0,4,0,4,0,0,24,2,26,0,0,28,2,30,12,0,12,42
03/21/2023,ADM,OK,ASW,CE,Federal Contract Tower,0,0,4,0,4,0,0,0,0,0,0,0,4,0,4,0,0,0,4
03/22/2023,ADM,OK,ASW,CE,Federal Contract Tower,0,0,12,1,13,0,0,17,3,20,0,0,29,4,33,6,0,6,39
03/23/2023,ADM,OK,ASW,CE,Federal Contract Tower,0,0,9,0,9,0,0,6,0,6,0,0,15,0,15,4,0,4,19
03/24/2023,ADM,OK,ASW,CE,Federal Contract Tower,0,0,12,5,17,0,0,3,1,4,0,0,15,6,21,0,4,4,25
03/25/2023,ADM,OK,ASW,CE,Federal Contract Tower,0,0,2,0,2,0,0,0,0,0,0,0,2,0,2,26,0,26,28
03/26/2023,ADM,OK,ASW,CE,Federal Contract Tower,0,0,2,0,2,0,0,19,4,23,0,0,21,4,25,12,0,12,37
03/27/2023,ADM,OK,ASW,CE,Federal Contract Tower,0,0,6,3,9,0,0,37,6,43,0,0,43,9,52,14,2,16,68
03/28/2023,ADM,OK,ASW,CE,Federal Contract Tower,0,0,7,4,11,0,0,35,4,39,0,0,42,8,50,44,16,60,110
03/29/2023,ADM,OK,ASW,CE,Federal Contract Tower,0,0,9,11,20,0,0,49,5,54,0,0,58,16,74,28,8,36,110
03/30/2023,ADM,OK,ASW,CE,Federal Contract Tower,0,0,12,2,14,0,0,0,0,0,0,0,12,2,14,0,0,0,14
03/31/2023,ADM,OK,ASW,CE,Federal Contract Tower,0,0,3,0,3,0,0,5,0,5,0,0,8,0,8,2,0,2,10
04/01/2023,ADM,OK,ASW,CE,Federal Contract Tower,0,0,1,0,1,0,0,64,0,64,0,0,65,0,65,42,0,42,107
04/02/2023,ADM,OK,ASW,CE,Federal Contract Tower,0,0,2,4,6,0,0,16,6,22,0,0,18,10,28,16,30,46,74
04/03/2023,ADM,OK,ASW,CE,Federal Contract Tower,0,0,6,2,8,0,0,28,2,30,0,0,34,4,38,26,8,34,72
04/04/2023,ADM,OK,ASW,CE,Federal Contract Tower,0,0,10,10,20,0,0,10,2,12,0,0,20,12,32,44,0,44,76
04/05/2023,ADM,OK,ASW,CE,Federal Contract Tower,0,0,24,4,28,0,0,63,3,66,0,0,87,7,94,62,12,74,168
04/06/2023,ADM,OK,ASW,CE,Federal Contract Tower,0,0,15,0,15,0,0,46,2,48,0,0,61,2,63,44,0,44,107
04/07/2023,ADM,OK,ASW,CE,Federal Contract Tower,0,0,13,0,13,0,0,47,2,49,0,0,60,2,62,26,6,32,94
04/08/2023,ADM,OK,ASW,CE,Federal Contract Tower,0,0,5,4,9,0,2,43,4,49,0,2,48,8,58,60,26,86,144
04/09/2023,ADM,OK,ASW,CE,Federal Contract Tower,0,0,4,0,4,0,0,13,0,13,0,0,17,0,17,26,0,26,43
04/10/2023,ADM,OK,ASW,CE,Federal Contract Tower,0,0,4,7,11,0,0,43,14,57,0,0,47,21,68,64,54,118,186
04/11/2023,ADM,OK,ASW,CE,Federal Contract Tower,0,0,19,0,19,0,0,45,0,45,0,0,64,0,64,78,14,92,156
04/12/2023,ADM,OK,ASW,CE,Federal Contract Tower,0,0,17,1,18,0,0,65,1,66,0,0,82,2,84,126,18,144,228
04/13/2023,ADM,OK,ASW,CE,Federal Contract Tower,0,0,15,2,17,0,0,70,6,76,0,0,85,8,93,110,10,120,213
04/14/2023,ADM,OK,ASW,CE,Federal Contract Tower,0,0,13,6,19,0,0,44,2,46,0,0,57,8,65,32,0,32,97
04/15/2023,ADM,OK,ASW,CE,Federal Contract Tower,0,0,9,0,9,0,0,12,0,12,0,0,21,0,21,52,0,52,73
04/16/2023,ADM,OK,ASW,CE,Federal Contract Tower,0,0,6,0,6,0,0,51,2,53,0,0,57,2,59,60,0,60,119
04/17/2023,ADM,OK,ASW,CE,Federal Contract Tower,0,0,11,3,14,0,0,40,5,45,0,0,51,8,59,4,12,16,75
04/18/2023,ADM,OK,ASW,CE,Federal Contract Tower,0,0,15,0,15,0,0,12,4,16,0,0,27,4,31,20,20,40,71
04/19/2023,ADM,OK,ASW,CE,Federal Contract Tower,0,0,23,0,23,0,0,8,0,8,0,0,31,0,31,0,0,0,31
04/20/2023,ADM,OK,ASW,CE,Federal Contract Tower,0,0,8,6,14,0,0,14,0,14,0,0,22,6,28,32,0,32,60
04/21/2023,ADM,OK,ASW,CE,Federal Contract Tower,0,0,11,5,16,0,0,61,2,63,0,0,72,7,79,36,8,44,123
04/22/2023,ADM,OK,ASW,CE,Federal Contract Tower,0,0,10,0,10,0,0,30,0,30,0,0,40,0,40,14,0,14,54
04/23/2023,ADM,OK,ASW,CE,Federal Contract Tower,0,0,1,4,5,0,0,3,0,3,0,0,4,4,8,0,0,0,8
04/24/2023,ADM,OK,ASW,CE,Federal Contract Tower,0,0,6,3,9,0,0,42,12,54,0,0,48,15,63,36,64,100,163
04/25/2023,ADM,OK,ASW,CE,Federal Contract Tower,0,0,3,2,5,0,0,2,0,2,0,0,5,2,7,0,0,0,7
04/26/2023,ADM,OK,ASW,CE,Federal Contract Tower,0,0,6,0,6,0,0,0,0,0,0,0,6,0,6,0,0,0,6
04/27/2023,ADM,OK,ASW,CE,Federal Contract Tower,0,0,8,0,8,0,0,4,0,4,0,0,12,0,12,4,0,4,16
04/28/2023,ADM,OK,ASW,CE,Federal Contract Tower,0,0,5,7,12,0,0,25,2,27,0,0,30,9,39,26,2,28,67
04/29/2023,ADM,OK,ASW,CE,Federal Contract Tower,0,0,10,0,10,0,2,8,0,10,0,2,18,0,20,12,0,12,32
04/30/2023,ADM,OK,ASW,CE,Federal Contract Tower,0,0,2,0,2,0,0,36,0,36,0,0,38,0,38,10,0,10,48
05/01/2023,ADM,OK,ASW,CE,Federal Contract Tower,0,0,9,3,12,0,0,60,9,69,0,0,69,12,81,22,26,48,129
05/02/2023,ADM,OK,ASW,CE,Federal Contract Tower,0,0,14,3,17,0,0,75,5,80,0,0,89,8,97,36,20,56,153
05/03/2023,ADM,OK,ASW,CE,Federal Contract Tower,0,0,1,0,1,0,0,15,0,15,0,0,16,0,16,30,0,30,46
05/04/2023,ADM,OK,ASW,CE,Federal Contract Tower,0,0,1,2,3,0,0,10,0,10,0,0,11,2,13,4,0,4,17
05/05/2023,ADM,OK,ASW,CE,Federal Contract Tower,0,0,14,0,14,0,0,31,2,33,0,0,45,2,47,12,0,12,59
05/06/2023,ADM,OK,ASW,CE,Federal Contract Tower,0,0,2,0,2,0,0,24,2,26,0,0,26,2,28,34,8,42,70
05/07/2023,ADM,OK,ASW,CE,Federal Contract Tower,0,0,12,0,12,0,0,8,0,8,0,0,20,0,20,0,0,0,20
05/08/2023,ADM,OK,ASW,CE,Federal Contract Tower,0,0,17,0,17,0,0,55,0,55,0,0,72,0,72,54,0,54,126
05/09/2023,ADM,OK,ASW,CE,Federal Contract Tower,0,0,6,2,8,0,0,33,2,35,0,0,39,4,43,52,0,52,95
05/10/2023,ADM,OK,ASW,CE,Federal Contract Tower,0,0,16,0,16,0,0,5,0,5,0,0,21,0,21,2,0,2,23
05/11/2023,ADM,OK,ASW,CE,Federal Contract Tower,0,0,12,7,19,0,0,2,0,2,0,0,14,7,21,0,0,0,21
05/12/2023,ADM,OK,ASW,CE,Federal Contract Tower,0,0,18,6,24,0,0,2,0,2,0,0,20,6,26,8,0,8,34
05/13/2023,ADM,OK,ASW,CE,Federal Contract Tower,0,0,4,0,4,0,0,0,0,0,0,0,4,0,4,14,0,14,18
05/14/2023,ADM,OK,ASW,CE,Federal Contract Tower,0,0,0,0,0,0,0,0,0,0,0,0,0,0,0,0,0,0,0
05/15/2023,ADM,OK,ASW,CE,Federal Contract Tower,0,0,6,15,21,0,0,12,1,13,0,0,18,16,34,4,42,46,80
05/16/2023,ADM,OK,ASW,CE,Federal Contract Tower,0,0,21,0,21,0,0,33,0,33,0,0,54,0,54,16,0,16,70
05/17/2023,ADM,OK,ASW,CE,Federal Contract Tower,0,0,11,2,13,0,0,108,0,108,0,0,119,2,121,32,18,50,171
05/19/2023,ADM,OK,ASW,CE,Federal Contract Tower,0,0,5,0,5,0,0,11,0,11,0,0,16,0,16,0,0,0,16
05/20/2023,ADM,OK,ASW,CE,Federal Contract Tower,0,0,4,0,4,0,0,32,0,32,0,0,36,0,36,26,0,26,62
05/21/2023,ADM,OK,ASW,CE,Federal Contract Tower,0,0,2,0,2,0,0,37,0,37,0,0,39,0,39,14,0,14,53
05/22/2023,ADM,OK,ASW,CE,Federal Contract Tower,0,0,9,0,9,0,0,44,3,47,0,0,53,3,56,6,6,12,68
05/23/2023,ADM,OK,ASW,CE,Federal Contract Tower,0,0,13,0,13,0,0,53,0,53,0,0,66,0,66,6,0,6,72
05/24/2023,ADM,OK,ASW,CE,Federal Contract Tower,0,0,3,0,3,0,0,37,0,37,0,0,40,0,40,8,0,8,48
05/25/2023,ADM,OK,ASW,CE,Federal Contract Tower,0,0,16,0,16,0,0,37,0,37,0,0,53,0,53,2,0,2,55
05/26/2023,ADM,OK,ASW,CE,Federal Contract Tower,0,0,7,0,7,0,0,0,0,0,0,0,7,0,7,28,0,28,35
05/27/2023,ADM,OK,ASW,CE,Federal Contract Tower,0,0,3,0,3,0,0,21,0,21,0,0,24,0,24,4,0,4,28
05/28/2023,ADM,OK,ASW,CE,Federal Contract Tower,0,0,5,0,5,0,0,11,0,11,0,0,16,0,16,0,0,0,16
05/29/2023,ADM,OK,ASW,CE,Federal Contract Tower,0,0,4,0,4,0,0,22,0,22,0,0,26,0,26,0,0,0,26
05/30/2023,ADM,OK,ASW,CE,Federal Contract Tower,0,0,14,1,15,0,0,34,1,35,0,0,48,2,50,14,4,18,68
05/31/2023,ADM,OK,ASW,CE,Federal Contract Tower,0,0,6,11,17,0,0,0,0,0,0,0,6,11,17,20,34,54,71
06/01/2023,ADM,OK,ASW,CE,Federal Contract Tower,0,0,6,0,6,0,0,25,4,29,0,0,31,4,35,18,8,26,61
06/02/2023,ADM,OK,ASW,CE,Federal Contract Tower,0,0,4,6,10,0,0,33,4,37,0,0,37,10,47,18,24,42,89
06/03/2023,ADM,OK,ASW,CE,Federal Contract Tower,0,0,4,0,4,0,0,5,0,5,0,0,9,0,9,0,0,0,9
06/04/2023,ADM,OK,ASW,CE,Federal Contract Tower,0,0,2,0,2,0,0,15,0,15,0,0,17,0,17,0,0,0,17
06/05/2023,ADM,OK,ASW,CE,Federal Contract Tower,0,0,13,1,14,0,0,17,0,17,0,0,30,1,31,22,6,28,59
06/06/2023,ADM,OK,ASW,CE,Federal Contract Tower,0,0,5,2,7,0,0,40,0,40,0,0,45,2,47,66,2,68,115
06/07/2023,ADM,OK,ASW,CE,Federal Contract Tower,0,0,0,0,0,0,0,34,0,34,0,0,34,0,34,0,0,0,34
06/08/2023,ADM,OK,ASW,CE,Federal Contract Tower,0,0,2,0,2,0,0,52,4,56,0,0,54,4,58,50,0,50,108
06/09/2023,ADM,OK,ASW,CE,Federal Contract Tower,0,0,6,2,8,0,0,87,10,97,0,0,93,12,105,30,14,44,149
06/10/2023,ADM,OK,ASW,CE,Federal Contract Tower,0,0,1,0,1,0,0,9,0,9,0,0,10,0,10,22,0,22,32
06/11/2023,ADM,OK,ASW,CE,Federal Contract Tower,0,0,1,0,1,0,0,23,2,25,0,0,24,2,26,2,8,10,36
06/12/2023,ADM,OK,ASW,CE,Federal Contract Tower,0,0,0,0,0,0,0,0,0,0,0,0,0,0,0,0,0,0,0
06/13/2023,ADM,OK,ASW,CE,Federal Contract Tower,0,3,10,8,21,0,0,7,3,10,0,3,17,11,31,0,30,30,61
06/14/2023,ADM,OK,ASW,CE,Federal Contract Tower,0,0,11,3,14,0,0,43,3,46,0,0,54,6,60,54,8,62,122
06/15/2023,ADM,OK,ASW,CE,Federal Contract Tower,0,0,5,1,6,0,0,39,12,51,0,0,44,13,57,22,0,22,79
06/16/2023,ADM,OK,ASW,CE,Federal Contract Tower,0,0,17,5,22,0,0,17,8,25,0,0,34,13,47,16,4,20,67
06/17/2023,ADM,OK,ASW,CE,Federal Contract Tower,0,0,14,0,14,0,0,22,0,22,0,0,36,0,36,4,0,4,40
06/18/2023,ADM,OK,ASW,CE,Federal Contract Tower,0,0,0,0,0,0,0,16,0,16,0,0,16,0,16,4,0,4,20
06/19/2023,ADM,OK,ASW,CE,Federal Contract Tower,0,0,7,0,7,0,0,47,0,47,0,0,54,0,54,66,0,66,120
06/20/2023,ADM,OK,ASW,CE,Federal Contract Tower,0,0,11,2,13,0,0,26,2,28,0,0,37,4,41,22,0,22,63
06/21/2023,ADM,OK,ASW,CE,Federal Contract Tower,0,0,14,2,16,0,0,18,4,22,0,0,32,6,38,36,4,40,78
06/22/2023,ADM,OK,ASW,CE,Federal Contract Tower,0,2,14,5,21,0,0,48,14,62,0,2,62,19,83,70,12,82,165
06/23/2023,ADM,OK,ASW,CE,Federal Contract Tower,0,0,9,4,13,0,0,42,8,50,0,0,51,12,63,16,12,28,91
06/24/2023,ADM,OK,ASW,CE,Federal Contract Tower,0,0,3,0,3,0,0,29,0,29,0,0,32,0,32,34,0,34,66
06/25/2023,ADM,OK,ASW,CE,Federal Contract Tower,0,0,4,0,4,0,0,28,0,28,0,0,32,0,32,8,0,8,40
06/26/2023,ADM,OK,ASW,CE,Federal Contract Tower,0,0,6,0,6,0,0,25,2,27,0,0,31,2,33,10,8,18,51
06/27/2023,ADM,OK,ASW,CE,Federal Contract Tower,0,0,6,8,14,0,0,34,4,38,0,0,40,12,52,12,14,26,78
06/28/2023,ADM,OK,ASW,CE,Federal Contract Tower,0,0,8,8,16,0,0,62,2,64,0,0,70,10,80,46,0,46,126
06/29/2023,ADM,OK,ASW,CE,Federal Contract Tower,0,0,13,12,25,0,0,60,4,64,0,0,73,16,89,64,18,82,171
06/30/2023,ADM,OK,ASW,CE,Federal Contract Tower,0,0,16,1,17,0,0,51,1,52,0,0,67,2,69,52,2,54,123
07/01/2023,ADM,OK,ASW,CE,Federal Contract Tower,0,0,2,0,2,0,0,7,0,7,0,0,9,0,9,20,0,20,29
07/02/2023,ADM,OK,ASW,CE,Federal Contract Tower,0,0,2,0,2,0,0,40,0,40,0,0,42,0,42,2,0,2,44
07/03/2023,ADM,OK,ASW,CE,Federal Contract Tower,0,0,5,0,5,0,0,45,0,45,0,0,50,0,50,26,0,26,76
07/04/2023,ADM,OK,ASW,CE,Federal Contract Tower,0,0,3,0,3,0,0,25,2,27,0,0,28,2,30,22,0,22,52
07/05/2023,ADM,OK,ASW,CE,Federal Contract Tower,0,0,8,4,12,0,0,50,0,50,0,0,58,4,62,40,4,44,106
07/06/2023,ADM,OK,ASW,CE,Federal Contract Tower,0,0,4,0,4,0,0,18,5,23,0,0,22,5,27,12,4,16,43
07/07/2023,ADM,OK,ASW,CE,Federal Contract Tower,0,0,4,10,14,0,0,18,0,18,0,0,22,10,32,8,0,8,40
07/08/2023,ADM,OK,ASW,CE,Federal Contract Tower,0,0,3,0,3,0,0,28,0,28,0,0,31,0,31,28,0,28,59
07/09/2023,ADM,OK,ASW,CE,Federal Contract Tower,0,0,3,0,3,0,0,0,0,0,0,0,3,0,3,0,0,0,3
07/10/2023,ADM,OK,ASW,CE,Federal Contract Tower,0,0,11,0,11,0,0,51,0,51,0,0,62,0,62,18,0,18,80
07/11/2023,ADM,OK,ASW,CE,Federal Contract Tower,0,0,8,0,8,0,0,53,0,53,0,0,61,0,61,6,0,6,67
07/12/2023,ADM,OK,ASW,CE,Federal Contract Tower,0,0,11,3,14,0,0,39,11,50,0,0,50,14,64,32,16,48,112
07/13/2023,ADM,OK,ASW,CE,Federal Contract Tower,0,0,8,2,10,0,0,8,6,14,0,0,16,8,24,2,8,10,34
07/14/2023,ADM,OK,ASW,CE,Federal Contract Tower,0,0,7,10,17,0,0,49,0,49,0,0,56,10,66,2,0,2,68
07/15/2023,ADM,OK,ASW,CE,Federal Contract Tower,0,0,15,4,19,0,0,6,0,6,0,0,21,4,25,4,0,4,29
07/16/2023,ADM,OK,ASW,CE,Federal Contract Tower,0,0,5,0,5,0,0,11,0,11,0,0,16,0,16,0,0,0,16
07/17/2023,ADM,OK,ASW,CE,Federal Contract Tower,0,0,12,0,12,0,0,64,0,64,0,0,76,0,76,36,2,38,114
07/18/2023,ADM,OK,ASW,CE,Federal Contract Tower,0,0,5,6,11,0,0,25,3,28,0,0,30,9,39,24,6,30,69
07/19/2023,ADM,OK,ASW,CE,Federal Contract Tower,0,0,16,4,20,0,0,43,2,45,0,0,59,6,65,40,0,40,105
07/20/2023,ADM,OK,ASW,CE,Federal Contract Tower,0,0,3,4,7,0,0,41,5,46,0,0,44,9,53,50,12,62,115
07/21/2023,ADM,OK,ASW,CE,Federal Contract Tower,0,0,9,8,17,0,0,69,0,69,0,0,78,8,86,20,0,20,106
07/22/2023,ADM,OK,ASW,CE,Federal Contract Tower,0,0,2,1,3,0,0,48,1,49,0,0,50,2,52,52,10,62,114
07/23/2023,ADM,OK,ASW,CE,Federal Contract Tower,0,0,3,0,3,0,0,24,0,24,0,0,27,0,27,4,0,4,31
07/24/2023,ADM,OK,ASW,CE,Federal Contract Tower,0,0,12,1,13,0,0,44,4,48,0,0,56,5,61,30,10,40,101
07/25/2023,ADM,OK,ASW,CE,Federal Contract Tower,0,0,10,1,11,0,0,42,6,48,0,0,52,7,59,8,0,8,67
07/26/2023,ADM,OK,ASW,CE,Federal Contract Tower,0,0,11,2,13,0,0,51,3,54,0,0,62,5,67,6,6,12,79
07/27/2023,ADM,OK,ASW,CE,Federal Contract Tower,0,0,8,5,13,0,0,59,13,72,0,0,67,18,85,20,20,40,125
07/28/2023,ADM,OK,ASW,CE,Federal Contract Tower,0,0,9,4,13,0,0,46,4,50,0,0,55,8,63,24,0,24,87
07/29/2023,ADM,OK,ASW,CE,Federal Contract Tower,0,0,3,0,3,0,0,26,0,26,0,0,29,0,29,10,0,10,39
07/30/2023,ADM,OK,ASW,CE,Federal Contract Tower,0,0,3,0,3,0,0,25,0,25,0,0,28,0,28,16,0,16,44
07/31/2023,ADM,OK,ASW,CE,Federal Contract Tower,0,0,2,4,6,0,0,58,8,66,0,0,60,12,72,40,20,60,132
08/01/2023,ADM,OK,ASW,CE,Federal Contract Tower,0,0,6,3,9,0,0,58,4,62,0,0,64,7,71,22,40,62,133
08/02/2023,ADM,OK,ASW,CE,Federal Contract Tower,0,0,8,4,12,0,0,44,1,45,0,0,52,5,57,50,12,62,119
08/03/2023,ADM,OK,ASW,CE,Federal Contract Tower,0,0,5,3,8,0,0,44,2,46,0,0,49,5,54,6,24,30,84
08/04/2023,ADM,OK,ASW,CE,Federal Contract Tower,0,0,12,2,14,0,0,36,0,36,0,0,48,2,50,6,8,14,64
08/05/2023,ADM,OK,ASW,CE,Federal Contract Tower,0,0,0,0,0,0,0,21,0,21,0,0,21,0,21,56,0,56,77
08/06/2023,ADM,OK,ASW,CE,Federal Contract Tower,0,0,5,0,5,0,0,12,0,12,0,0,17,0,17,4,0,4,21
08/07/2023,ADM,OK,ASW,CE,Federal Contract Tower,0,0,2,7,9,0,0,50,5,55,0,0,52,12,64,14,22,36,100
08/08/2023,ADM,OK,ASW,CE,Federal Contract Tower,0,0,4,7,11,0,0,23,11,34,0,0,27,18,45,12,32,44,89
08/09/2023,ADM,OK,ASW,CE,Federal Contract Tower,0,0,4,2,6,0,0,9,0,9,0,0,13,2,15,0,0,0,15
08/10/2023,ADM,OK,ASW,CE,Federal Contract Tower,0,0,8,0,8,0,0,38,0,38,0,0,46,0,46,28,0,28,74
08/11/2023,ADM,OK,ASW,CE,Federal Contract Tower,0,0,7,8,15,0,0,25,8,33,0,0,32,16,48,20,16,36,84
08/12/2023,ADM,OK,ASW,CE,Federal Contract Tower,0,0,2,0,2,0,0,104,2,106,0,0,106,2,108,20,0,20,128
08/13/2023,ADM,OK,ASW,CE,Federal Contract Tower,0,0,7,0,7,0,0,34,0,34,0,0,41,0,41,12,0,12,53
08/14/2023,ADM,OK,ASW,CE,Federal Contract Tower,0,0,4,5,9,0,0,17,1,18,0,0,21,6,27,14,4,18,45
08/16/2023,ADM,OK,ASW,CE,Federal Contract Tower,0,0,10,2,12,0,0,45,5,50,0,0,55,7,62,18,4,22,84
08/17/2023,ADM,OK,ASW,CE,Federal Contract Tower,0,0,9,6,15,0,0,36,0,36,0,0,45,6,51,46,0,46,97
08/18/2023,ADM,OK,ASW,CE,Federal Contract Tower,0,0,10,3,13,0,0,42,0,42,0,0,52,3,55,48,2,50,105
08/19/2023,ADM,OK,ASW,CE,Federal Contract Tower,0,0,3,0,3,0,0,38,0,38,0,0,41,0,41,6,0,6,47
08/20/2023,ADM,OK,ASW,CE,Federal Contract Tower,0,0,0,0,0,0,0,26,2,28,0,0,26,2,28,16,0,16,44
08/21/2023,ADM,OK,ASW,CE,Federal Contract Tower,0,0,3,0,3,0,0,28,5,33,0,0,31,5,36,34,0,34,70
08/22/2023,ADM,OK,ASW,CE,Federal Contract Tower,0,0,19,1,20,0,0,52,0,52,0,0,71,1,72,22,14,36,108
08/23/2023,ADM,OK,ASW,CE,Federal Contract Tower,0,0,7,5,12,0,0,0,0,0,0,0,7,5,12,10,10,20,32
08/24/2023,ADM,OK,ASW,CE,Federal Contract Tower,0,0,8,3,11,0,0,74,1,75,0,0,82,4,86,12,4,16,102
08/25/2023,ADM,OK,ASW,CE,Federal Contract Tower,0,0,7,0,7,0,0,40,2,42,0,0,47,2,49,24,0,24,73
08/26/2023,ADM,OK,ASW,CE,Federal Contract Tower,0,0,1,0,1,0,0,26,2,28,0,0,27,2,29,24,0,24,53
08/27/2023,ADM,OK,ASW,CE,Federal Contract Tower,0,0,1,0,1,0,0,23,2,25,0,0,24,2,26,2,0,2,28
08/28/2023,ADM,OK,ASW,CE,Federal Contract Tower,0,0,1,10,11,0,0,65,7,72,0,0,66,17,83,8,30,38,121
08/29/2023,ADM,OK,ASW,CE,Federal Contract Tower,0,0,4,7,11,0,0,79,3,82,0,0,83,10,93,44,38,82,175
08/30/2023,ADM,OK,ASW,CE,Federal Contract Tower,0,0,15,3,18,0,0,64,2,66,0,0,79,5,84,16,0,16,100
08/31/2023,ADM,OK,ASW,CE,Federal Contract Tower,0,0,13,7,20,0,0,64,5,69,0,0,77,12,89,16,2,18,107
