01/01/2000,ADQ,AK,AAL,WE,Federal Contract Tower,0,0,0,1,1,2,0,0,3,5,2,0,0,4,6,0,14,14,20
01/02/2000,ADQ,AK,AAL,WE,Federal Contract Tower,2,3,2,0,7,2,30,0,0,32,4,33,2,0,39,0,0,0,39
01/03/2000,ADQ,AK,AAL,WE,Federal Contract Tower,2,5,2,2,11,1,30,0,5,36,3,35,2,7,47,0,53,53,100
01/04/2000,ADQ,AK,AAL,WE,Federal Contract Tower,4,6,4,2,16,1,27,6,11,45,5,33,10,13,61,0,195,195,256
01/05/2000,ADQ,AK,AAL,WE,Federal Contract Tower,4,9,4,4,21,0,9,0,12,21,4,18,4,16,42,0,42,42,84
01/06/2000,ADQ,AK,AAL,WE,Federal Contract Tower,4,6,2,1,13,2,2,0,0,4,6,8,2,1,17,0,0,0,17
01/07/2000,ADQ,AK,AAL,WE,Federal Contract Tower,4,10,6,4,24,0,18,0,11,29,4,28,6,15,53,0,130,130,183
01/08/2000,ADQ,AK,AAL,WE,Federal Contract Tower,3,6,3,2,14,2,4,0,4,10,5,10,3,6,24,0,27,27,51
01/09/2000,ADQ,AK,AAL,WE,Federal Contract Tower,2,4,2,0,8,1,23,0,0,24,3,27,2,0,32,0,70,70,102
01/10/2000,ADQ,AK,AAL,WE,Federal Contract Tower,3,7,4,2,16,0,13,0,23,36,3,20,4,25,52,0,42,42,94
01/11/2000,ADQ,AK,AAL,WE,Federal Contract Tower,5,8,4,3,20,0,25,0,15,40,5,33,4,18,60,16,114,130,190
01/12/2000,ADQ,AK,AAL,WE,Federal Contract Tower,3,6,4,2,15,2,32,1,9,44,5,38,5,11,59,0,151,151,210
01/13/2000,ADQ,AK,AAL,WE,Federal Contract Tower,4,6,3,3,16,1,32,3,18,54,5,38,6,21,70,0,110,110,180
01/14/2000,ADQ,AK,AAL,WE,Federal Contract Tower,3,6,3,4,16,0,16,8,5,29,3,22,11,9,45,0,161,161,206
01/15/2000,ADQ,AK,AAL,WE,Federal Contract Tower,4,5,2,3,14,2,16,2,3,23,6,21,4,6,37,0,43,43,80
01/16/2000,ADQ,AK,AAL,WE,Federal Contract Tower,3,3,0,2,8,1,20,0,2,23,4,23,0,4,31,0,0,0,31
01/17/2000,ADQ,AK,AAL,WE,Federal Contract Tower,3,3,2,2,10,0,27,2,2,31,3,30,4,4,41,13,55,68,109
01/18/2000,ADQ,AK,AAL,WE,Federal Contract Tower,4,6,3,3,16,0,23,9,8,40,4,29,12,11,56,0,145,145,201
01/19/2000,ADQ,AK,AAL,WE,Federal Contract Tower,4,5,2,3,14,0,21,1,4,26,4,26,3,7,40,0,121,121,161
01/20/2000,ADQ,AK,AAL,WE,Federal Contract Tower,4,4,2,3,13,1,30,6,12,49,5,34,8,15,62,2,130,132,194
01/21/2000,ADQ,AK,AAL,WE,Federal Contract Tower,5,10,5,5,25,0,32,1,4,37,5,42,6,9,62,0,46,46,108
01/22/2000,ADQ,AK,AAL,WE,Federal Contract Tower,2,2,1,2,7,3,25,5,7,40,5,27,6,9,47,0,4,4,51
01/23/2000,ADQ,AK,AAL,WE,Federal Contract Tower,4,6,3,0,13,0,8,3,0,11,4,14,6,0,24,2,0,2,26
01/24/2000,ADQ,AK,AAL,WE,Federal Contract Tower,3,3,3,2,11,0,39,9,16,64,3,42,12,18,75,8,87,95,170
01/25/2000,ADQ,AK,AAL,WE,Federal Contract Tower,5,6,4,4,19,0,29,5,5,39,5,35,9,9,58,2,115,117,175
01/26/2000,ADQ,AK,AAL,WE,Federal Contract Tower,1,4,2,3,10,0,11,4,7,22,1,15,6,10,32,0,26,26,58
01/27/2000,ADQ,AK,AAL,WE,Federal Contract Tower,2,6,4,4,16,0,14,1,8,23,2,20,5,12,39,4,12,16,55
01/28/2000,ADQ,AK,AAL,WE,Federal Contract Tower,5,6,3,2,16,0,28,4,6,38,5,34,7,8,54,8,79,87,141
01/29/2000,ADQ,AK,AAL,WE,Federal Contract Tower,3,5,2,2,12,2,21,2,4,29,5,26,4,6,41,96,11,107,148
01/30/2000,ADQ,AK,AAL,WE,Federal Contract Tower,3,4,0,1,8,1,3,0,0,4,4,7,0,1,12,0,0,0,12
01/31/2000,ADQ,AK,AAL,WE,Federal Contract Tower,3,6,2,2,13,0,3,0,12,15,3,9,2,14,28,0,61,61,89
02/01/2000,ADQ,AK,AAL,WE,Federal Contract Tower,3,7,3,4,17,1,22,1,8,32,4,29,4,12,49,6,71,77,126
02/02/2000,ADQ,AK,AAL,WE,Federal Contract Tower,0,3,0,2,5,4,15,0,0,19,4,18,0,2,24,0,93,93,117
02/03/2000,ADQ,AK,AAL,WE,Federal Contract Tower,3,8,4,5,20,1,15,2,9,27,4,23,6,14,47,2,22,24,71
02/04/2000,ADQ,AK,AAL,WE,Federal Contract Tower,3,8,4,5,20,2,36,0,11,49,5,44,4,16,69,6,46,52,121
02/05/2000,ADQ,AK,AAL,WE,Federal Contract Tower,1,1,0,2,4,1,0,0,0,1,2,1,0,2,5,0,0,0,5
02/06/2000,ADQ,AK,AAL,WE,Federal Contract Tower,2,3,2,3,10,0,5,0,1,6,2,8,2,4,16,0,0,0,16
02/07/2000,ADQ,AK,AAL,WE,Federal Contract Tower,4,6,3,5,18,0,2,0,1,3,4,8,3,6,21,0,0,0,21
02/08/2000,ADQ,AK,AAL,WE,Federal Contract Tower,0,2,3,3,8,0,0,1,0,1,0,2,4,3,9,0,0,0,9
02/09/2000,ADQ,AK,AAL,WE,Federal Contract Tower,5,7,5,5,22,1,10,10,11,32,6,17,15,16,54,0,0,0,54
02/10/2000,ADQ,AK,AAL,WE,Federal Contract Tower,5,10,4,8,27,0,5,0,12,17,5,15,4,20,44,0,96,96,140
02/11/2000,ADQ,AK,AAL,WE,Federal Contract Tower,5,8,4,6,23,0,8,0,3,11,5,16,4,9,34,0,0,0,34
02/12/2000,ADQ,AK,AAL,WE,Federal Contract Tower,3,5,2,4,14,3,4,3,0,10,6,9,5,4,24,0,42,42,66
02/13/2000,ADQ,AK,AAL,WE,Federal Contract Tower,2,2,2,0,6,1,14,6,0,21,3,16,8,0,27,23,0,23,50
02/14/2000,ADQ,AK,AAL,WE,Federal Contract Tower,3,7,4,4,18,0,8,1,14,23,3,15,5,18,41,5,12,17,58
02/15/2000,ADQ,AK,AAL,WE,Federal Contract Tower,4,7,4,4,19,0,11,3,7,21,4,18,7,11,40,0,31,31,71
02/16/2000,ADQ,AK,AAL,WE,Federal Contract Tower,5,7,5,4,21,0,12,1,15,28,5,19,6,19,49,0,82,82,131
02/17/2000,ADQ,AK,AAL,WE,Federal Contract Tower,4,5,3,3,15,1,15,11,22,49,5,20,14,25,64,0,103,103,167
02/18/2000,ADQ,AK,AAL,WE,Federal Contract Tower,6,10,4,6,26,0,0,0,1,1,6,10,4,7,27,0,0,0,27
02/19/2000,ADQ,AK,AAL,WE,Federal Contract Tower,4,7,3,3,17,1,10,5,2,18,5,17,8,5,35,0,33,33,68
02/20/2000,ADQ,AK,AAL,WE,Federal Contract Tower,3,5,2,2,12,0,3,6,0,9,3,8,8,2,21,0,8,8,29
02/21/2000,ADQ,AK,AAL,WE,Federal Contract Tower,2,5,2,2,11,2,7,4,4,17,4,12,6,6,28,0,0,0,28
02/22/2000,ADQ,AK,AAL,WE,Federal Contract Tower,3,5,2,3,13,0,15,10,1,26,3,20,12,4,39,3,135,138,177
02/23/2000,ADQ,AK,AAL,WE,Federal Contract Tower,3,9,4,4,20,0,3,4,7,14,3,12,8,11,34,6,48,54,88
02/24/2000,ADQ,AK,AAL,WE,Federal Contract Tower,6,10,4,5,25,1,8,0,3,12,7,18,4,8,37,0,10,10,47
02/25/2000,ADQ,AK,AAL,WE,Federal Contract Tower,6,10,5,5,26,0,14,1,3,18,6,24,6,8,44,38,31,69,113
02/26/2000,ADQ,AK,AAL,WE,Federal Contract Tower,2,5,2,2,11,3,7,0,4,14,5,12,2,6,25,0,6,6,31
02/27/2000,ADQ,AK,AAL,WE,Federal Contract Tower,3,6,0,2,11,0,0,0,0,0,3,6,0,2,11,0,0,0,11
02/28/2000,ADQ,AK,AAL,WE,Federal Contract Tower,3,9,4,5,21,0,4,5,15,24,3,13,9,20,45,0,38,38,83
02/29/2000,ADQ,AK,AAL,WE,Federal Contract Tower,4,8,3,4,19,0,7,3,28,38,4,15,6,32,57,0,45,45,102
03/01/2000,ADQ,AK,AAL,WE,Federal Contract Tower,5,13,4,7,29,0,0,0,13,13,5,13,4,20,42,0,26,26,68
03/02/2000,ADQ,AK,AAL,WE,Federal Contract Tower,5,12,4,1,22,1,8,0,0,9,6,20,4,1,31,0,28,28,59
03/03/2000,ADQ,AK,AAL,WE,Federal Contract Tower,3,7,5,3,18,4,12,3,6,25,7,19,8,9,43,21,66,87,130
03/04/2000,ADQ,AK,AAL,WE,Federal Contract Tower,1,3,3,1,8,4,5,1,6,16,5,8,4,7,24,58,6,64,88
03/05/2000,ADQ,AK,AAL,WE,Federal Contract Tower,2,4,0,2,8,1,6,0,4,11,3,10,0,6,19,0,0,0,19
03/06/2000,ADQ,AK,AAL,WE,Federal Contract Tower,3,7,2,3,15,0,15,0,4,19,3,22,2,7,34,0,68,68,102
03/07/2000,ADQ,AK,AAL,WE,Federal Contract Tower,5,10,5,5,25,0,8,5,18,31,5,18,10,23,56,0,62,62,118
03/08/2000,ADQ,AK,AAL,WE,Federal Contract Tower,4,8,4,3,19,2,5,1,7,15,6,13,5,10,34,0,74,74,108
03/09/2000,ADQ,AK,AAL,WE,Federal Contract Tower,3,7,4,3,17,0,15,0,13,28,3,22,4,16,45,0,108,108,153
03/10/2000,ADQ,AK,AAL,WE,Federal Contract Tower,5,10,4,4,23,0,10,0,5,15,5,20,4,9,38,0,27,27,65
03/11/2000,ADQ,AK,AAL,WE,Federal Contract Tower,3,4,1,3,11,2,9,0,4,15,5,13,1,7,26,0,0,0,26
03/12/2000,ADQ,AK,AAL,WE,Federal Contract Tower,3,5,2,3,13,0,14,3,0,17,3,19,5,3,30,2,0,2,32
03/13/2000,ADQ,AK,AAL,WE,Federal Contract Tower,4,16,2,9,31,0,1,0,0,1,4,17,2,9,32,0,16,16,48
03/14/2000,ADQ,AK,AAL,WE,Federal Contract Tower,5,7,3,5,20,0,15,4,7,26,5,22,7,12,46,0,40,40,86
03/15/2000,ADQ,AK,AAL,WE,Federal Contract Tower,6,5,4,5,20,0,0,2,8,10,6,5,6,13,30,0,0,0,30
03/16/2000,ADQ,AK,AAL,WE,Federal Contract Tower,5,8,4,5,22,0,14,4,8,26,5,22,8,13,48,10,16,26,74
03/17/2000,ADQ,AK,AAL,WE,Federal Contract Tower,1,7,3,4,15,0,19,12,15,46,1,26,15,19,61,32,5,37,98
03/18/2000,ADQ,AK,AAL,WE,Federal Contract Tower,3,4,1,3,11,4,10,6,1,21,7,14,7,4,32,32,0,32,64
03/19/2000,ADQ,AK,AAL,WE,Federal Contract Tower,3,4,1,1,9,3,2,1,0,6,6,6,2,1,15,0,0,0,15
03/20/2000,ADQ,AK,AAL,WE,Federal Contract Tower,3,4,2,3,12,0,14,3,6,23,3,18,5,9,35,0,31,31,66
03/21/2000,ADQ,AK,AAL,WE,Federal Contract Tower,4,6,2,4,16,1,9,7,6,23,5,15,9,10,39,28,102,130,169
03/22/2000,ADQ,AK,AAL,WE,Federal Contract Tower,4,5,2,4,15,1,15,4,0,20,5,20,6,4,35,0,0,0,35
03/23/2000,ADQ,AK,AAL,WE,Federal Contract Tower,5,8,4,5,22,0,10,4,6,20,5,18,8,11,42,0,7,7,49
03/24/2000,ADQ,AK,AAL,WE,Federal Contract Tower,5,6,3,4,18,0,19,1,9,29,5,25,4,13,47,0,15,15,62
03/25/2000,ADQ,AK,AAL,WE,Federal Contract Tower,3,4,2,3,12,2,7,1,3,13,5,11,3,6,25,0,2,2,27
03/26/2000,ADQ,AK,AAL,WE,Federal Contract Tower,3,4,0,0,7,1,3,0,0,4,4,7,0,0,11,0,0,0,11
03/27/2000,ADQ,AK,AAL,WE,Federal Contract Tower,4,6,2,2,14,0,12,7,10,29,4,18,9,12,43,0,84,84,127
03/28/2000,ADQ,AK,AAL,WE,Federal Contract Tower,6,8,3,4,21,1,9,2,7,19,7,17,5,11,40,0,32,32,72
03/29/2000,ADQ,AK,AAL,WE,Federal Contract Tower,6,11,4,5,26,0,6,5,10,21,6,17,9,15,47,0,70,70,117
03/30/2000,ADQ,AK,AAL,WE,Federal Contract Tower,4,5,2,2,13,2,22,8,9,41,6,27,10,11,54,34,23,57,111
03/31/2000,ADQ,AK,AAL,WE,Federal Contract Tower,3,5,2,2,12,2,15,10,11,38,5,20,12,13,50,10,74,84,134
04/01/2000,ADQ,AK,AAL,WE,Federal Contract Tower,1,3,1,3,8,0,6,5,1,12,1,9,6,4,20,5,52,57,77
04/02/2000,ADQ,AK,AAL,WE,Federal Contract Tower,2,6,0,3,11,2,1,0,0,3,4,7,0,3,14,0,36,36,50
04/03/2000,ADQ,AK,AAL,WE,Federal Contract Tower,2,3,2,2,9,1,23,12,4,40,3,26,14,6,49,0,139,139,188
04/04/2000,ADQ,AK,AAL,WE,Federal Contract Tower,3,5,3,3,14,1,26,9,4,40,4,31,12,7,54,13,80,93,147
04/05/2000,ADQ,AK,AAL,WE,Federal Contract Tower,2,4,3,3,12,3,24,6,6,39,5,28,9,9,51,0,121,121,172
04/06/2000,ADQ,AK,AAL,WE,Federal Contract Tower,3,6,2,4,15,2,17,16,7,42,5,23,18,11,57,16,54,70,127
04/07/2000,ADQ,AK,AAL,WE,Federal Contract Tower,4,7,4,4,19,1,10,3,9,23,5,17,7,13,42,48,115,163,205
04/08/2000,ADQ,AK,AAL,WE,Federal Contract Tower,1,3,2,2,8,4,7,0,1,12,5,10,2,3,20,0,0,0,20
04/09/2000,ADQ,AK,AAL,WE,Federal Contract Tower,2,5,2,2,11,1,11,0,9,21,3,16,2,11,32,12,24,36,68
04/10/2000,ADQ,AK,AAL,WE,Federal Contract Tower,3,8,2,4,17,0,22,0,10,32,3,30,2,14,49,4,138,142,191
04/11/2000,ADQ,AK,AAL,WE,Federal Contract Tower,5,7,4,4,20,0,8,0,3,11,5,15,4,7,31,0,6,6,37
04/12/2000,ADQ,AK,AAL,WE,Federal Contract Tower,2,2,0,2,6,0,0,0,5,5,2,2,0,7,11,0,0,0,11
04/13/2000,ADQ,AK,AAL,WE,Federal Contract Tower,4,7,4,4,19,0,16,1,8,25,4,23,5,12,44,0,74,74,118
04/14/2000,ADQ,AK,AAL,WE,Federal Contract Tower,4,5,4,3,16,1,28,6,7,42,5,33,10,10,58,9,130,139,197
04/15/2000,ADQ,AK,AAL,WE,Federal Contract Tower,0,4,0,0,4,4,15,16,3,38,4,19,16,3,42,22,21,43,85
04/16/2000,ADQ,AK,AAL,WE,Federal Contract Tower,2,3,3,2,10,0,13,8,0,21,2,16,11,2,31,4,0,4,35
04/17/2000,ADQ,AK,AAL,WE,Federal Contract Tower,5,17,8,11,41,0,0,0,0,0,5,17,8,11,41,2,7,9,50
04/18/2000,ADQ,AK,AAL,WE,Federal Contract Tower,4,5,3,2,14,1,17,12,4,34,5,22,15,6,48,12,41,53,101
04/19/2000,ADQ,AK,AAL,WE,Federal Contract Tower,5,9,6,5,25,0,13,17,13,43,5,22,23,18,68,0,29,29,97
04/20/2000,ADQ,AK,AAL,WE,Federal Contract Tower,5,10,6,5,26,0,7,6,15,28,5,17,12,20,54,0,5,5,59
04/21/2000,ADQ,AK,AAL,WE,Federal Contract Tower,4,6,3,4,17,1,20,10,6,37,5,26,13,10,54,9,36,45,99
04/22/2000,ADQ,AK,AAL,WE,Federal Contract Tower,4,4,2,3,13,1,14,3,2,20,5,18,5,5,33,0,0,0,33
04/23/2000,ADQ,AK,AAL,WE,Federal Contract Tower,2,2,1,0,5,1,2,5,0,8,3,4,6,0,13,0,0,0,13
04/24/2000,ADQ,AK,AAL,WE,Federal Contract Tower,3,5,2,4,14,0,19,5,7,31,3,24,7,11,45,0,20,20,65
04/25/2000,ADQ,AK,AAL,WE,Federal Contract Tower,5,7,4,5,21,0,17,11,6,34,5,24,15,11,55,3,25,28,83
04/26/2000,ADQ,AK,AAL,WE,Federal Contract Tower,4,5,3,4,16,1,10,13,10,34,5,15,16,14,50,15,25,40,90
04/27/2000,ADQ,AK,AAL,WE,Federal Contract Tower,3,4,2,2,11,2,16,17,14,49,5,20,19,16,60,16,24,40,100
04/28/2000,ADQ,AK,AAL,WE,Federal Contract Tower,4,6,2,3,15,1,18,20,6,45,5,24,22,9,60,17,18,35,95
04/29/2000,ADQ,AK,AAL,WE,Federal Contract Tower,3,4,2,2,11,2,8,2,0,12,5,12,4,2,23,0,0,0,23
04/30/2000,ADQ,AK,AAL,WE,Federal Contract Tower,3,7,0,3,13,0,9,0,2,11,3,16,0,5,24,0,0,0,24
05/01/2000,ADQ,AK,AAL,WE,Federal Contract Tower,3,5,3,3,14,0,11,5,8,24,3,16,8,11,38,0,10,10,48
05/02/2000,ADQ,AK,AAL,WE,Federal Contract Tower,5,5,3,3,16,0,14,5,10,29,5,19,8,13,45,8,0,8,53
05/03/2000,ADQ,AK,AAL,WE,Federal Contract Tower,5,3,2,3,13,0,24,8,10,42,5,27,10,13,55,0,4,4,59
05/04/2000,ADQ,AK,AAL,WE,Federal Contract Tower,5,3,2,2,12,0,22,19,0,41,5,25,21,2,53,10,12,22,75
05/05/2000,ADQ,AK,AAL,WE,Federal Contract Tower,5,3,3,3,14,0,27,3,9,39,5,30,6,12,53,0,0,0,53
05/06/2000,ADQ,AK,AAL,WE,Federal Contract Tower,5,3,1,3,12,0,17,0,0,17,5,20,1,3,29,0,0,0,29
05/07/2000,ADQ,AK,AAL,WE,Federal Contract Tower,5,3,0,3,11,0,8,0,0,8,5,11,0,3,19,0,0,0,19
05/08/2000,ADQ,AK,AAL,WE,Federal Contract Tower,5,3,3,2,13,0,13,6,0,19,5,16,9,2,32,0,20,20,52
05/09/2000,ADQ,AK,AAL,WE,Federal Contract Tower,5,3,3,3,14,0,16,7,8,31,5,19,10,11,45,16,30,46,91
05/10/2000,ADQ,AK,AAL,WE,Federal Contract Tower,3,3,3,3,12,0,15,7,21,43,3,18,10,24,55,0,40,40,95
05/11/2000,ADQ,AK,AAL,WE,Federal Contract Tower,5,1,3,2,11,0,22,12,10,44,5,23,15,12,55,31,9,40,95
05/12/2000,ADQ,AK,AAL,WE,Federal Contract Tower,3,4,2,3,12,0,29,12,9,50,3,33,14,12,62,7,3,10,72
05/13/2000,ADQ,AK,AAL,WE,Federal Contract Tower,4,1,1,2,8,0,9,2,4,15,4,10,3,6,23,6,0,6,29
05/14/2000,ADQ,AK,AAL,WE,Federal Contract Tower,3,5,2,3,13,0,3,1,2,6,3,8,3,5,19,3,0,3,22
05/15/2000,ADQ,AK,AAL,WE,Federal Contract Tower,2,9,2,1,14,1,11,6,13,31,3,20,8,14,45,5,2,7,52
05/16/2000,ADQ,AK,AAL,WE,Federal Contract Tower,2,18,4,1,25,3,3,2,20,28,5,21,6,21,53,0,10,10,63
05/17/2000,ADQ,AK,AAL,WE,Federal Contract Tower,2,16,3,1,22,1,2,5,14,22,3,18,8,15,44,0,11,11,55
05/18/2000,ADQ,AK,AAL,WE,Federal Contract Tower,2,13,3,1,19,3,4,4,9,20,5,17,7,10,39,0,0,0,39
05/19/2000,ADQ,AK,AAL,WE,Federal Contract Tower,2,9,2,1,14,1,6,5,12,24,3,15,7,13,38,0,4,4,42
05/20/2000,ADQ,AK,AAL,WE,Federal Contract Tower,2,3,1,0,6,1,9,1,0,11,3,12,2,0,17,4,2,6,23
05/21/2000,ADQ,AK,AAL,WE,Federal Contract Tower,1,5,1,2,9,2,3,3,4,12,3,8,4,6,21,0,0,0,21
05/22/2000,ADQ,AK,AAL,WE,Federal Contract Tower,1,7,2,2,12,2,20,11,13,46,3,27,13,15,58,3,75,78,136
05/23/2000,ADQ,AK,AAL,WE,Federal Contract Tower,1,6,1,2,10,4,6,12,2,24,5,12,13,4,34,0,21,21,55
05/24/2000,ADQ,AK,AAL,WE,Federal Contract Tower,1,10,3,2,16,2,6,11,14,33,3,16,14,16,49,9,5,14,63
05/25/2000,ADQ,AK,AAL,WE,Federal Contract Tower,1,7,2,2,12,4,20,7,13,44,5,27,9,15,56,0,3,3,59
05/26/2000,ADQ,AK,AAL,WE,Federal Contract Tower,1,9,2,2,14,2,17,20,8,47,3,26,22,10,61,19,0,19,80
05/27/2000,ADQ,AK,AAL,WE,Federal Contract Tower,1,5,1,2,9,5,16,1,12,34,6,21,2,14,43,0,0,0,43
05/28/2000,ADQ,AK,AAL,WE,Federal Contract Tower,1,3,1,2,7,2,14,6,10,32,3,17,7,12,39,7,0,7,46
05/29/2000,ADQ,AK,AAL,WE,Federal Contract Tower,1,4,1,2,8,2,19,5,4,30,3,23,6,6,38,0,0,0,38
05/30/2000,ADQ,AK,AAL,WE,Federal Contract Tower,1,8,2,2,13,4,12,6,7,29,5,20,8,9,42,18,4,22,64
05/31/2000,ADQ,AK,AAL,WE,Federal Contract Tower,1,9,2,1,13,2,10,12,9,33,3,19,14,10,46,8,28,36,82
06/01/2000,ADQ,AK,AAL,WE,Federal Contract Tower,2,8,3,3,16,3,16,6,9,34,5,24,9,12,50,21,3,24,74
06/02/2000,ADQ,AK,AAL,WE,Federal Contract Tower,3,7,4,3,17,0,24,14,10,48,3,31,18,13,65,0,0,0,65
06/03/2000,ADQ,AK,AAL,WE,Federal Contract Tower,2,4,3,2,11,4,3,3,1,11,6,7,6,3,22,2,16,18,40
06/04/2000,ADQ,AK,AAL,WE,Federal Contract Tower,2,3,3,2,10,1,29,7,2,39,3,32,10,4,49,4,0,4,53
06/05/2000,ADQ,AK,AAL,WE,Federal Contract Tower,1,3,3,2,9,0,30,6,6,42,1,33,9,8,51,0,33,33,84
06/06/2000,ADQ,AK,AAL,WE,Federal Contract Tower,4,6,3,3,16,2,26,5,18,51,6,32,8,21,67,0,42,42,109
06/07/2000,ADQ,AK,AAL,WE,Federal Contract Tower,4,9,6,4,23,0,17,4,8,29,4,26,10,12,52,3,18,21,73
06/08/2000,ADQ,AK,AAL,WE,Federal Contract Tower,4,7,3,3,17,1,44,9,13,67,5,51,12,16,84,4,44,48,132
06/09/2000,ADQ,AK,AAL,WE,Federal Contract Tower,3,21,10,7,41,0,8,1,2,11,3,29,11,9,52,0,0,0,52
06/10/2000,ADQ,AK,AAL,WE,Federal Contract Tower,3,5,2,2,12,2,11,9,4,26,5,16,11,6,38,1,11,12,50
06/11/2000,ADQ,AK,AAL,WE,Federal Contract Tower,3,6,3,2,14,2,10,9,0,21,5,16,12,2,35,0,0,0,35
06/12/2000,ADQ,AK,AAL,WE,Federal Contract Tower,4,17,8,7,36,0,0,0,2,2,4,17,8,9,38,0,20,20,58
06/13/2000,ADQ,AK,AAL,WE,Federal Contract Tower,5,15,7,5,32,0,11,6,10,27,5,26,13,15,59,0,0,0,59
06/14/2000,ADQ,AK,AAL,WE,Federal Contract Tower,4,10,4,3,21,0,19,9,8,36,4,29,13,11,57,17,23,40,97
06/15/2000,ADQ,AK,AAL,WE,Federal Contract Tower,3,8,5,2,18,4,21,9,11,45,7,29,14,13,63,0,1,1,64
06/16/2000,ADQ,AK,AAL,WE,Federal Contract Tower,3,6,3,1,13,0,22,5,9,36,3,28,8,10,49,7,32,39,88
06/17/2000,ADQ,AK,AAL,WE,Federal Contract Tower,7,15,8,4,34,0,10,0,2,12,7,25,8,6,46,17,0,17,63
06/18/2000,ADQ,AK,AAL,WE,Federal Contract Tower,5,17,6,4,32,0,22,0,0,22,5,39,6,4,54,0,0,0,54
06/19/2000,ADQ,AK,AAL,WE,Federal Contract Tower,4,10,5,3,22,2,22,8,14,46,6,32,13,17,68,0,44,44,112
06/20/2000,ADQ,AK,AAL,WE,Federal Contract Tower,5,11,6,3,25,2,26,12,7,47,7,37,18,10,72,43,80,123,195
06/21/2000,ADQ,AK,AAL,WE,Federal Contract Tower,3,8,5,2,18,2,34,26,10,72,5,42,31,12,90,12,10,22,112
06/22/2000,ADQ,AK,AAL,WE,Federal Contract Tower,5,15,8,4,32,0,27,20,11,58,5,42,28,15,90,16,21,37,127
06/23/2000,ADQ,AK,AAL,WE,Federal Contract Tower,5,12,6,3,26,0,26,10,8,44,5,38,16,11,70,22,0,22,92
06/24/2000,ADQ,AK,AAL,WE,Federal Contract Tower,4,9,3,2,18,0,1,0,0,1,4,10,3,2,19,0,0,0,19
06/25/2000,ADQ,AK,AAL,WE,Federal Contract Tower,3,11,5,3,22,0,27,9,8,44,3,38,14,11,66,0,0,0,66
06/26/2000,ADQ,AK,AAL,WE,Federal Contract Tower,1,13,3,3,20,0,0,0,4,4,1,13,3,7,24,0,3,3,27
06/27/2000,ADQ,AK,AAL,WE,Federal Contract Tower,6,15,7,4,32,3,8,4,9,24,9,23,11,13,56,0,20,20,76
06/28/2000,ADQ,AK,AAL,WE,Federal Contract Tower,4,9,5,2,20,0,26,15,8,49,4,35,20,10,69,0,51,51,120
06/29/2000,ADQ,AK,AAL,WE,Federal Contract Tower,3,8,5,2,18,2,26,14,13,55,5,34,19,15,73,19,58,77,150
06/30/2000,ADQ,AK,AAL,WE,Federal Contract Tower,3,9,5,2,19,1,22,17,3,43,4,31,22,5,62,17,28,45,107
07/01/2000,ADQ,AK,AAL,WE,Federal Contract Tower,1,5,2,0,8,3,35,8,0,46,4,40,10,0,54,14,0,14,68
07/02/2000,ADQ,AK,AAL,WE,Federal Contract Tower,3,9,5,0,17,1,15,2,0,18,4,24,7,0,35,2,0,2,37
07/03/2000,ADQ,AK,AAL,WE,Federal Contract Tower,4,12,6,4,26,0,17,4,0,21,4,29,10,4,47,0,0,0,47
07/04/2000,ADQ,AK,AAL,WE,Federal Contract Tower,5,10,2,2,19,0,13,0,0,13,5,23,2,2,32,0,0,0,32
07/05/2000,ADQ,AK,AAL,WE,Federal Contract Tower,6,14,6,6,32,0,18,0,8,26,6,32,6,14,58,0,144,144,202
07/06/2000,ADQ,AK,AAL,WE,Federal Contract Tower,7,19,11,9,46,0,0,10,5,15,7,19,21,14,61,8,3,11,72
07/07/2000,ADQ,AK,AAL,WE,Federal Contract Tower,1,29,10,9,49,0,2,0,0,2,1,31,10,9,51,0,0,0,51
07/08/2000,ADQ,AK,AAL,WE,Federal Contract Tower,4,8,2,3,17,3,21,7,1,32,7,29,9,4,49,8,0,8,57
07/09/2000,ADQ,AK,AAL,WE,Federal Contract Tower,3,8,2,3,16,0,28,2,1,31,3,36,4,4,47,0,0,0,47
07/10/2000,ADQ,AK,AAL,WE,Federal Contract Tower,3,7,4,2,16,2,35,11,7,55,5,42,15,9,71,46,90,136,207
07/11/2000,ADQ,AK,AAL,WE,Federal Contract Tower,3,6,3,2,14,4,21,15,17,57,7,27,18,19,71,35,80,115,186
07/12/2000,ADQ,AK,AAL,WE,Federal Contract Tower,2,6,2,1,11,1,26,14,14,55,3,32,16,15,66,0,49,49,115
07/13/2000,ADQ,AK,AAL,WE,Federal Contract Tower,1,13,4,5,23,0,0,0,4,4,1,13,4,9,27,4,0,4,31
07/14/2000,ADQ,AK,AAL,WE,Federal Contract Tower,4,12,4,4,24,2,22,7,9,40,6,34,11,13,64,0,70,70,134
07/15/2000,ADQ,AK,AAL,WE,Federal Contract Tower,4,9,3,3,19,1,14,3,6,24,5,23,6,9,43,0,0,0,43
07/16/2000,ADQ,AK,AAL,WE,Federal Contract Tower,1,8,3,2,14,0,29,11,0,40,1,37,14,2,54,42,0,42,96
07/17/2000,ADQ,AK,AAL,WE,Federal Contract Tower,2,6,2,2,12,2,26,6,9,43,4,32,8,11,55,8,38,46,101
07/18/2000,ADQ,AK,AAL,WE,Federal Contract Tower,4,9,3,3,19,1,9,5,9,24,5,18,8,12,43,0,43,43,86
07/19/2000,ADQ,AK,AAL,WE,Federal Contract Tower,2,7,1,3,13,1,19,16,9,45,3,26,17,12,58,8,38,46,104
07/20/2000,ADQ,AK,AAL,WE,Federal Contract Tower,3,11,5,3,22,3,12,6,5,26,6,23,11,8,48,0,52,52,100
07/21/2000,ADQ,AK,AAL,WE,Federal Contract Tower,4,14,6,4,28,0,24,1,6,31,4,38,7,10,59,0,42,42,101
07/22/2000,ADQ,AK,AAL,WE,Federal Contract Tower,2,7,2,2,13,4,17,3,3,27,6,24,5,5,40,0,0,0,40
07/23/2000,ADQ,AK,AAL,WE,Federal Contract Tower,2,5,2,1,10,1,23,9,3,36,3,28,11,4,46,6,0,6,52
07/24/2000,ADQ,AK,AAL,WE,Federal Contract Tower,3,10,5,3,21,1,20,4,15,40,4,30,9,18,61,0,41,41,102
07/25/2000,ADQ,AK,AAL,WE,Federal Contract Tower,2,7,3,2,14,1,24,5,16,46,3,31,8,18,60,0,10,10,70
07/26/2000,ADQ,AK,AAL,WE,Federal Contract Tower,2,8,3,2,15,1,25,4,15,45,3,33,7,17,60,0,93,93,153
07/27/2000,ADQ,AK,AAL,WE,Federal Contract Tower,3,9,4,2,18,2,22,8,17,49,5,31,12,19,67,0,61,61,128
07/28/2000,ADQ,AK,AAL,WE,Federal Contract Tower,3,9,3,2,17,0,22,14,13,49,3,31,17,15,66,3,7,10,76
07/29/2000,ADQ,AK,AAL,WE,Federal Contract Tower,2,5,2,1,10,3,13,8,2,26,5,18,10,3,36,19,19,38,74
07/30/2000,ADQ,AK,AAL,WE,Federal Contract Tower,3,9,4,2,18,0,21,3,2,26,3,30,7,4,44,0,4,4,48
07/31/2000,ADQ,AK,AAL,WE,Federal Contract Tower,3,22,3,5,33,0,13,0,0,13,3,35,3,5,46,0,9,9,55
08/01/2000,ADQ,AK,AAL,WE,Federal Contract Tower,3,6,2,2,13,1,0,2,0,3,4,6,4,2,16,0,0,0,16
08/02/2000,ADQ,AK,AAL,WE,Federal Contract Tower,4,14,5,3,26,2,24,4,18,48,6,38,9,21,74,0,10,10,84
08/03/2000,ADQ,AK,AAL,WE,Federal Contract Tower,2,9,3,3,17,3,22,6,7,38,5,31,9,10,55,0,128,128,183
08/04/2000,ADQ,AK,AAL,WE,Federal Contract Tower,4,16,5,5,30,0,12,0,1,13,4,28,5,6,43,0,3,3,46
08/05/2000,ADQ,AK,AAL,WE,Federal Contract Tower,1,4,1,0,6,4,19,7,0,30,5,23,8,0,36,0,0,0,36
08/06/2000,ADQ,AK,AAL,WE,Federal Contract Tower,3,7,3,2,15,0,19,3,4,26,3,26,6,6,41,0,6,6,47
08/07/2000,ADQ,AK,AAL,WE,Federal Contract Tower,3,8,2,4,17,0,23,10,9,42,3,31,12,13,59,0,14,14,73
08/08/2000,ADQ,AK,AAL,WE,Federal Contract Tower,4,7,2,3,16,1,30,13,8,52,5,37,15,11,68,0,22,22,90
08/09/2000,ADQ,AK,AAL,WE,Federal Contract Tower,3,4,2,2,11,0,29,15,8,52,3,33,17,10,63,0,22,22,85
08/10/2000,ADQ,AK,AAL,WE,Federal Contract Tower,4,7,2,4,17,1,10,19,17,47,5,17,21,21,64,0,77,77,141
08/11/2000,ADQ,AK,AAL,WE,Federal Contract Tower,3,6,2,3,14,0,30,17,12,59,3,36,19,15,73,2,3,5,78
08/12/2000,ADQ,AK,AAL,WE,Federal Contract Tower,3,6,2,3,14,2,24,7,5,38,5,30,9,8,52,19,4,23,75
08/13/2000,ADQ,AK,AAL,WE,Federal Contract Tower,3,4,2,2,11,0,23,4,6,33,3,27,6,8,44,18,0,18,62
08/14/2000,ADQ,AK,AAL,WE,Federal Contract Tower,3,6,2,1,12,0,21,12,4,37,3,27,14,5,49,20,17,37,86
08/15/2000,ADQ,AK,AAL,WE,Federal Contract Tower,3,8,1,2,14,0,29,8,12,49,3,37,9,14,63,0,73,73,136
08/16/2000,ADQ,AK,AAL,WE,Federal Contract Tower,2,6,1,1,10,2,33,14,7,56,4,39,15,8,66,2,5,7,73
08/17/2000,ADQ,AK,AAL,WE,Federal Contract Tower,4,8,1,2,15,1,9,9,15,34,5,17,10,17,49,2,44,46,95
08/18/2000,ADQ,AK,AAL,WE,Federal Contract Tower,3,9,1,3,16,0,27,8,18,53,3,36,9,21,69,0,0,0,69
08/19/2000,ADQ,AK,AAL,WE,Federal Contract Tower,3,7,1,1,12,2,20,12,6,40,5,27,13,7,52,40,0,40,92
08/20/2000,ADQ,AK,AAL,WE,Federal Contract Tower,2,6,1,1,10,1,22,14,0,37,3,28,15,1,47,12,0,12,59
08/21/2000,ADQ,AK,AAL,WE,Federal Contract Tower,4,9,1,2,16,0,23,11,16,50,4,32,12,18,66,0,34,34,100
08/22/2000,ADQ,AK,AAL,WE,Federal Contract Tower,3,7,1,2,13,2,32,7,15,56,5,39,8,17,69,4,1,5,74
08/23/2000,ADQ,AK,AAL,WE,Federal Contract Tower,3,8,1,2,14,0,17,22,12,51,3,25,23,14,65,4,33,37,102
08/24/2000,ADQ,AK,AAL,WE,Federal Contract Tower,5,10,2,2,19,0,20,21,22,63,5,30,23,24,82,0,28,28,110
08/25/2000,ADQ,AK,AAL,WE,Federal Contract Tower,3,7,1,2,13,0,28,16,5,49,3,35,17,7,62,17,0,17,79
08/26/2000,ADQ,AK,AAL,WE,Federal Contract Tower,5,13,2,3,23,0,11,6,4,21,5,24,8,7,44,24,8,32,76
08/27/2000,ADQ,AK,AAL,WE,Federal Contract Tower,3,19,2,5,29,0,0,0,3,3,3,19,2,8,32,0,2,2,34
08/28/2000,ADQ,AK,AAL,WE,Federal Contract Tower,3,16,3,5,27,0,7,4,9,20,3,23,7,14,47,0,47,47,94
08/29/2000,ADQ,AK,AAL,WE,Federal Contract Tower,3,8,1,2,14,2,15,11,12,40,5,23,12,14,54,0,32,32,86
08/30/2000,ADQ,AK,AAL,WE,Federal Contract Tower,3,7,1,2,13,0,18,13,13,44,3,25,14,15,57,0,71,71,128
08/31/2000,ADQ,AK,AAL,WE,Federal Contract Tower,4,8,1,2,15,1,18,12,9,40,5,26,13,11,55,2,71,73,128
09/01/2000,ADQ,AK,AAL,WE,Federal Contract Tower,3,11,3,5,22,3,9,2,3,17,6,20,5,8,39,0,74,74,113
09/02/2000,ADQ,AK,AAL,WE,Federal Contract Tower,2,8,3,3,16,3,14,6,0,23,5,22,9,3,39,0,13,13,52
09/03/2000,ADQ,AK,AAL,WE,Federal Contract Tower,0,5,2,0,7,3,15,3,0,21,3,20,5,0,28,0,0,0,28
09/04/2000,ADQ,AK,AAL,WE,Federal Contract Tower,0,5,2,2,9,3,10,6,2,21,3,15,8,4,30,0,0,0,30
09/05/2000,ADQ,AK,AAL,WE,Federal Contract Tower,3,6,2,3,14,0,13,4,10,27,3,19,6,13,41,0,85,85,126
09/06/2000,ADQ,AK,AAL,WE,Federal Contract Tower,3,8,3,4,18,3,12,1,8,24,6,20,4,12,42,0,12,12,54
09/07/2000,ADQ,AK,AAL,WE,Federal Contract Tower,2,5,2,3,12,3,20,7,14,44,5,25,9,17,56,0,31,31,87
09/08/2000,ADQ,AK,AAL,WE,Federal Contract Tower,3,6,2,3,14,2,27,10,14,53,5,33,12,17,67,4,6,10,77
09/09/2000,ADQ,AK,AAL,WE,Federal Contract Tower,2,4,2,2,10,4,14,1,5,24,6,18,3,7,34,2,0,2,36
09/10/2000,ADQ,AK,AAL,WE,Federal Contract Tower,3,6,2,3,14,2,5,1,3,11,5,11,3,6,25,0,0,0,25
09/11/2000,ADQ,AK,AAL,WE,Federal Contract Tower,3,5,2,3,13,0,18,2,11,31,3,23,4,14,44,2,49,51,95
09/12/2000,ADQ,AK,AAL,WE,Federal Contract Tower,4,5,3,3,15,0,13,5,17,35,4,18,8,20,50,15,36,51,101
09/13/2000,ADQ,AK,AAL,WE,Federal Contract Tower,3,9,3,5,20,0,11,0,12,23,3,20,3,17,43,0,33,33,76
09/14/2000,ADQ,AK,AAL,WE,Federal Contract Tower,4,6,3,3,16,3,11,15,8,37,7,17,18,11,53,17,181,198,251
09/15/2000,ADQ,AK,AAL,WE,Federal Contract Tower,3,6,3,4,16,0,30,4,15,49,3,36,7,19,65,0,0,0,65
09/16/2000,ADQ,AK,AAL,WE,Federal Contract Tower,2,4,2,1,9,3,34,4,0,41,5,38,6,1,50,0,0,0,50
09/17/2000,ADQ,AK,AAL,WE,Federal Contract Tower,3,5,1,1,10,0,10,10,1,21,3,15,11,2,31,0,0,0,31
09/18/2000,ADQ,AK,AAL,WE,Federal Contract Tower,3,5,1,1,10,0,23,5,4,32,3,28,6,5,42,36,0,36,78
09/19/2000,ADQ,AK,AAL,WE,Federal Contract Tower,5,11,3,4,23,0,8,17,10,35,5,19,20,14,58,0,40,40,98
09/20/2000,ADQ,AK,AAL,WE,Federal Contract Tower,3,14,3,5,25,0,8,1,2,11,3,22,4,7,36,0,18,18,54
09/21/2000,ADQ,AK,AAL,WE,Federal Contract Tower,5,10,2,3,20,0,13,7,5,25,5,23,9,8,45,8,52,60,105
09/22/2000,ADQ,AK,AAL,WE,Federal Contract Tower,4,21,6,8,39,0,2,5,0,7,4,23,11,8,46,0,40,40,86
09/23/2000,ADQ,AK,AAL,WE,Federal Contract Tower,2,4,1,2,9,0,0,5,2,7,2,4,6,4,16,0,0,0,16
09/24/2000,ADQ,AK,AAL,WE,Federal Contract Tower,5,9,2,3,19,1,0,6,0,7,6,9,8,3,26,0,0,0,26
09/25/2000,ADQ,AK,AAL,WE,Federal Contract Tower,3,11,3,3,20,0,0,9,0,9,3,11,12,3,29,0,18,18,47
09/26/2000,ADQ,AK,AAL,WE,Federal Contract Tower,5,11,5,12,33,0,0,0,4,4,5,11,5,16,37,0,0,0,37
09/27/2000,ADQ,AK,AAL,WE,Federal Contract Tower,3,6,1,3,13,0,16,15,6,37,3,22,16,9,50,2,85,87,137
09/28/2000,ADQ,AK,AAL,WE,Federal Contract Tower,4,7,1,2,14,1,22,10,11,44,5,29,11,13,58,2,63,65,123
09/29/2000,ADQ,AK,AAL,WE,Federal Contract Tower,4,9,2,3,18,3,28,12,11,54,7,37,14,14,72,0,79,79,151
09/30/2000,ADQ,AK,AAL,WE,Federal Contract Tower,3,5,1,1,10,2,20,10,3,35,5,25,11,4,45,0,30,30,75
10/01/2000,ADQ,AK,AAL,WE,Federal Contract Tower,4,4,1,3,12,0,7,6,3,16,4,11,7,6,28,10,44,54,82
10/02/2000,ADQ,AK,AAL,WE,Federal Contract Tower,4,8,2,5,19,0,2,0,1,3,4,10,2,6,22,0,0,0,22
10/03/2000,ADQ,AK,AAL,WE,Federal Contract Tower,8,14,3,8,33,0,5,1,9,15,8,19,4,17,48,0,2,2,50
10/04/2000,ADQ,AK,AAL,WE,Federal Contract Tower,2,14,1,8,25,0,3,0,1,4,2,17,1,9,29,0,56,56,85
10/05/2000,ADQ,AK,AAL,WE,Federal Contract Tower,6,12,3,7,28,0,4,8,7,19,6,16,11,14,47,2,96,98,145
10/06/2000,ADQ,AK,AAL,WE,Federal Contract Tower,4,10,3,6,23,0,7,2,7,16,4,17,5,13,39,0,67,67,106
10/07/2000,ADQ,AK,AAL,WE,Federal Contract Tower,4,3,0,5,12,0,11,2,0,13,4,14,2,5,25,0,20,20,45
10/08/2000,ADQ,AK,AAL,WE,Federal Contract Tower,5,1,0,2,8,1,6,4,0,11,6,7,4,2,19,0,32,32,51
10/09/2000,ADQ,AK,AAL,WE,Federal Contract Tower,4,4,3,3,14,0,10,17,0,27,4,14,20,3,41,8,134,142,183
10/10/2000,ADQ,AK,AAL,WE,Federal Contract Tower,6,9,2,6,23,0,6,0,5,11,6,15,2,11,34,0,2,2,36
10/11/2000,ADQ,AK,AAL,WE,Federal Contract Tower,5,3,3,3,14,1,14,3,23,41,6,17,6,26,55,0,88,88,143
10/12/2000,ADQ,AK,AAL,WE,Federal Contract Tower,4,4,2,3,13,0,17,7,16,40,4,21,9,19,53,0,40,40,93
10/13/2000,ADQ,AK,AAL,WE,Federal Contract Tower,4,11,3,6,24,0,2,1,6,9,4,13,4,12,33,6,86,92,125
10/14/2000,ADQ,AK,AAL,WE,Federal Contract Tower,3,1,1,3,8,3,12,20,6,41,6,13,21,9,49,14,37,51,100
10/15/2000,ADQ,AK,AAL,WE,Federal Contract Tower,0,0,0,0,0,0,0,0,0,0,0,0,0,0,0,0,0,0,0
10/16/2000,ADQ,AK,AAL,WE,Federal Contract Tower,2,5,1,5,13,0,7,2,0,9,2,12,3,5,22,0,70,70,92
10/17/2000,ADQ,AK,AAL,WE,Federal Contract Tower,5,7,1,6,19,0,15,8,5,28,5,22,9,11,47,0,26,26,73
10/18/2000,ADQ,AK,AAL,WE,Federal Contract Tower,4,7,1,4,16,0,16,6,27,49,4,23,7,31,65,8,78,86,151
10/19/2000,ADQ,AK,AAL,WE,Federal Contract Tower,4,5,1,3,13,2,10,10,12,34,6,15,11,15,47,4,27,31,78
10/20/2000,ADQ,AK,AAL,WE,Federal Contract Tower,4,5,1,3,13,4,7,12,4,27,8,12,13,7,40,0,45,45,85
10/21/2000,ADQ,AK,AAL,WE,Federal Contract Tower,1,4,0,1,6,1,0,2,5,8,2,4,2,6,14,0,0,0,14
10/22/2000,ADQ,AK,AAL,WE,Federal Contract Tower,1,10,0,1,12,5,2,6,1,14,6,12,6,2,26,0,22,22,48
10/23/2000,ADQ,AK,AAL,WE,Federal Contract Tower,1,11,1,1,14,2,2,4,8,16,3,13,5,9,30,0,48,48,78
10/24/2000,ADQ,AK,AAL,WE,Federal Contract Tower,1,12,1,1,15,5,0,1,9,15,6,12,2,10,30,0,40,40,70
10/25/2000,ADQ,AK,AAL,WE,Federal Contract Tower,1,11,1,1,14,3,1,12,12,28,4,12,13,13,42,10,95,105,147
10/26/2000,ADQ,AK,AAL,WE,Federal Contract Tower,1,17,1,1,20,5,3,7,16,31,6,20,8,17,51,2,30,32,83
10/27/2000,ADQ,AK,AAL,WE,Federal Contract Tower,1,11,1,1,14,1,7,6,9,23,2,18,7,10,37,0,4,4,41
10/28/2000,ADQ,AK,AAL,WE,Federal Contract Tower,1,7,0,1,9,5,16,7,3,31,6,23,7,4,40,0,9,9,49
10/29/2000,ADQ,AK,AAL,WE,Federal Contract Tower,1,6,0,1,8,5,0,3,2,10,6,6,3,3,18,0,0,0,18
10/30/2000,ADQ,AK,AAL,WE,Federal Contract Tower,1,11,1,1,14,3,0,0,17,20,4,11,1,18,34,0,18,18,52
10/31/2000,ADQ,AK,AAL,WE,Federal Contract Tower,1,12,1,1,15,5,0,9,11,25,6,12,10,12,40,3,15,18,58
11/01/2000,ADQ,AK,AAL,WE,Federal Contract Tower,4,9,1,1,15,0,8,6,0,14,4,17,7,1,29,1,2,3,32
11/02/2000,ADQ,AK,AAL,WE,Federal Contract Tower,4,9,2,7,22,0,0,0,0,0,4,9,2,7,22,0,83,83,105
11/03/2000,ADQ,AK,AAL,WE,Federal Contract Tower,3,8,1,4,16,3,10,12,11,36,6,18,13,15,52,13,46,59,111
11/04/2000,ADQ,AK,AAL,WE,Federal Contract Tower,2,6,1,3,12,4,6,1,1,12,6,12,2,4,24,0,0,0,24
11/05/2000,ADQ,AK,AAL,WE,Federal Contract Tower,2,6,1,3,12,2,0,4,4,10,4,6,5,7,22,14,10,24,46
11/06/2000,ADQ,AK,AAL,WE,Federal Contract Tower,4,7,1,4,16,0,4,1,3,8,4,11,2,7,24,13,2,15,39
11/07/2000,ADQ,AK,AAL,WE,Federal Contract Tower,4,6,1,4,15,2,10,8,9,29,6,16,9,13,44,2,39,41,85
11/08/2000,ADQ,AK,AAL,WE,Federal Contract Tower,4,7,1,4,16,0,17,8,0,25,4,24,9,4,41,28,22,50,91
11/09/2000,ADQ,AK,AAL,WE,Federal Contract Tower,6,13,0,5,24,0,7,0,7,14,6,20,0,12,38,0,33,33,71
11/10/2000,ADQ,AK,AAL,WE,Federal Contract Tower,4,8,2,3,17,0,13,0,1,14,4,21,2,4,31,0,42,42,73
11/11/2000,ADQ,AK,AAL,WE,Federal Contract Tower,3,5,1,3,12,3,12,5,0,20,6,17,6,3,32,14,22,36,68
11/12/2000,ADQ,AK,AAL,WE,Federal Contract Tower,3,3,1,2,9,1,8,2,1,12,4,11,3,3,21,5,2,7,28
11/13/2000,ADQ,AK,AAL,WE,Federal Contract Tower,4,6,1,3,14,0,13,2,10,25,4,19,3,13,39,16,57,73,112
11/14/2000,ADQ,AK,AAL,WE,Federal Contract Tower,4,6,0,4,14,2,21,11,8,42,6,27,11,12,56,0,37,37,93
11/15/2000,ADQ,AK,AAL,WE,Federal Contract Tower,2,6,0,3,11,0,11,2,1,14,2,17,2,4,25,0,0,0,25
11/16/2000,ADQ,AK,AAL,WE,Federal Contract Tower,5,11,2,4,22,1,17,1,7,26,6,28,3,11,48,0,146,146,194
11/17/2000,ADQ,AK,AAL,WE,Federal Contract Tower,4,9,0,3,16,0,21,4,0,25,4,30,4,3,41,6,1,7,48
11/18/2000,ADQ,AK,AAL,WE,Federal Contract Tower,3,6,0,1,10,3,23,3,0,29,6,29,3,1,39,0,56,56,95
11/19/2000,ADQ,AK,AAL,WE,Federal Contract Tower,4,8,0,3,15,0,7,1,6,14,4,15,1,9,29,0,0,0,29
11/20/2000,ADQ,AK,AAL,WE,Federal Contract Tower,4,13,1,5,23,0,0,0,0,0,4,13,1,5,23,0,22,22,45
11/21/2000,ADQ,AK,AAL,WE,Federal Contract Tower,5,11,1,3,20,1,27,4,14,46,6,38,5,17,66,2,80,82,148
11/22/2000,ADQ,AK,AAL,WE,Federal Contract Tower,4,12,1,4,21,0,35,6,16,57,4,47,7,20,78,0,24,24,102
11/23/2000,ADQ,AK,AAL,WE,Federal Contract Tower,0,0,0,0,0,0,0,3,0,3,0,0,3,0,3,0,0,0,3
11/24/2000,ADQ,AK,AAL,WE,Federal Contract Tower,4,11,1,3,19,0,22,2,3,27,4,33,3,6,46,0,8,8,54
11/25/2000,ADQ,AK,AAL,WE,Federal Contract Tower,3,7,0,2,12,3,20,2,3,28,6,27,2,5,40,0,0,0,40
11/26/2000,ADQ,AK,AAL,WE,Federal Contract Tower,3,6,0,1,10,1,18,2,2,23,4,24,2,3,33,0,0,0,33
11/27/2000,ADQ,AK,AAL,WE,Federal Contract Tower,4,12,1,4,21,0,7,1,2,10,4,19,2,6,31,0,46,46,77
11/28/2000,ADQ,AK,AAL,WE,Federal Contract Tower,5,10,1,3,19,1,8,4,23,36,6,18,5,26,55,0,66,66,121
11/29/2000,ADQ,AK,AAL,WE,Federal Contract Tower,2,8,0,3,13,0,15,8,9,32,2,23,8,12,45,0,122,122,167
11/30/2000,ADQ,AK,AAL,WE,Federal Contract Tower,4,10,1,3,18,2,17,3,6,28,6,27,4,9,46,3,60,63,109
12/01/2000,ADQ,AK,AAL,WE,Federal Contract Tower,4,9,2,2,17,0,21,2,13,36,4,30,4,15,53,16,72,88,141
12/02/2000,ADQ,AK,AAL,WE,Federal Contract Tower,2,8,1,3,14,4,17,0,2,23,6,25,1,5,37,4,0,4,41
12/03/2000,ADQ,AK,AAL,WE,Federal Contract Tower,2,8,0,2,12,0,0,0,5,5,2,8,0,7,17,0,0,0,17
12/04/2000,ADQ,AK,AAL,WE,Federal Contract Tower,1,5,0,0,6,1,14,0,0,15,2,19,0,0,21,0,23,23,44
12/05/2000,ADQ,AK,AAL,WE,Federal Contract Tower,3,9,3,2,17,3,19,3,8,33,6,28,6,10,50,9,7,16,66
12/06/2000,ADQ,AK,AAL,WE,Federal Contract Tower,4,9,2,3,18,0,10,2,10,22,4,19,4,13,40,0,18,18,58
12/07/2000,ADQ,AK,AAL,WE,Federal Contract Tower,4,6,2,3,15,2,18,2,6,28,6,24,4,9,43,0,45,45,88
12/08/2000,ADQ,AK,AAL,WE,Federal Contract Tower,4,5,0,4,13,0,21,2,10,33,4,26,2,14,46,0,18,18,64
12/09/2000,ADQ,AK,AAL,WE,Federal Contract Tower,6,10,0,5,21,0,2,0,0,2,6,12,0,5,23,0,0,0,23
12/10/2000,ADQ,AK,AAL,WE,Federal Contract Tower,2,3,0,3,8,2,15,0,0,17,4,18,0,3,25,0,20,20,45
12/11/2000,ADQ,AK,AAL,WE,Federal Contract Tower,4,9,2,4,19,0,12,1,12,25,4,21,3,16,44,0,26,26,70
12/12/2000,ADQ,AK,AAL,WE,Federal Contract Tower,6,10,0,4,20,0,14,0,2,16,6,24,0,6,36,0,0,0,36
12/13/2000,ADQ,AK,AAL,WE,Federal Contract Tower,4,8,2,3,17,0,7,0,4,11,4,15,2,7,28,0,23,23,51
12/14/2000,ADQ,AK,AAL,WE,Federal Contract Tower,5,8,2,3,18,1,18,12,1,32,6,26,14,4,50,31,160,191,241
12/15/2000,ADQ,AK,AAL,WE,Federal Contract Tower,0,9,2,3,14,0,7,0,5,12,0,16,2,8,26,0,1,1,27
12/16/2000,ADQ,AK,AAL,WE,Federal Contract Tower,3,5,0,2,10,3,19,10,0,32,6,24,10,2,42,0,6,6,48
12/17/2000,ADQ,AK,AAL,WE,Federal Contract Tower,2,6,0,2,10,0,12,2,2,16,2,18,2,4,26,0,0,0,26
12/18/2000,ADQ,AK,AAL,WE,Federal Contract Tower,4,11,1,3,19,0,7,2,3,12,4,18,3,6,31,3,8,11,42
12/19/2000,ADQ,AK,AAL,WE,Federal Contract Tower,4,10,0,2,16,0,2,0,1,3,4,12,0,3,19,0,7,7,26
12/20/2000,ADQ,AK,AAL,WE,Federal Contract Tower,4,13,1,3,21,0,6,2,9,17,4,19,3,12,38,4,24,28,66
12/21/2000,ADQ,AK,AAL,WE,Federal Contract Tower,4,10,1,3,18,0,13,9,6,28,4,23,10,9,46,6,30,36,82
12/22/2000,ADQ,AK,AAL,WE,Federal Contract Tower,4,10,1,2,17,0,13,7,6,26,4,23,8,8,43,12,6,18,61
12/23/2000,ADQ,AK,AAL,WE,Federal Contract Tower,4,7,0,0,11,2,0,0,0,2,6,7,0,0,13,0,2,2,15
12/24/2000,ADQ,AK,AAL,WE,Federal Contract Tower,4,6,0,1,11,2,0,0,0,2,6,6,0,1,13,0,0,0,13
12/25/2000,ADQ,AK,AAL,WE,Federal Contract Tower,0,0,0,0,0,2,0,0,0,2,2,0,0,0,2,0,0,0,2
12/26/2000,ADQ,AK,AAL,WE,Federal Contract Tower,4,9,1,2,16,0,10,1,2,13,4,19,2,4,29,6,4,10,39
12/27/2000,ADQ,AK,AAL,WE,Federal Contract Tower,2,8,0,2,12,0,15,0,5,20,2,23,0,7,32,0,0,0,32
12/28/2000,ADQ,AK,AAL,WE,Federal Contract Tower,6,12,1,4,23,0,10,4,0,14,6,22,5,4,37,0,47,47,84
12/29/2000,ADQ,AK,AAL,WE,Federal Contract Tower,4,10,1,2,17,0,7,1,4,12,4,17,2,6,29,0,61,61,90
12/30/2000,ADQ,AK,AAL,WE,Federal Contract Tower,4,7,0,1,12,2,10,1,1,14,6,17,1,2,26,9,25,34,60
12/31/2000,ADQ,AK,AAL,WE,Federal Contract Tower,3,6,0,0,9,1,6,8,0,15,4,12,8,0,24,8,0,8,32
01/01/2001,ADQ,AK,AAL,WE,Federal Contract Tower,1,2,1,1,5,3,0,0,3,6,4,2,1,4,11,0,0,0,11
01/02/2001,ADQ,AK,AAL,WE,Federal Contract Tower,3,8,0,3,14,1,17,0,0,18,4,25,0,3,32,0,49,49,81
01/03/2001,ADQ,AK,AAL,WE,Federal Contract Tower,3,6,1,5,15,3,14,8,7,32,6,20,9,12,47,5,26,31,78
01/04/2001,ADQ,AK,AAL,WE,Federal Contract Tower,4,7,2,5,18,2,18,3,1,24,6,25,5,6,42,0,56,56,98
01/05/2001,ADQ,AK,AAL,WE,Federal Contract Tower,4,10,2,6,22,0,14,21,7,42,4,24,23,13,64,11,137,148,212
01/06/2001,ADQ,AK,AAL,WE,Federal Contract Tower,3,7,2,3,15,3,4,5,0,12,6,11,7,3,27,0,9,9,36
01/07/2001,ADQ,AK,AAL,WE,Federal Contract Tower,2,4,0,2,8,0,14,2,0,16,2,18,2,2,24,0,18,18,42
01/08/2001,ADQ,AK,AAL,WE,Federal Contract Tower,3,7,0,4,14,1,7,6,16,30,4,14,6,20,44,22,82,104,148
01/09/2001,ADQ,AK,AAL,WE,Federal Contract Tower,5,10,0,5,20,1,15,0,11,27,6,25,0,16,47,0,58,58,105
01/10/2001,ADQ,AK,AAL,WE,Federal Contract Tower,2,5,0,3,10,0,12,6,4,22,2,17,6,7,32,0,45,45,77
01/11/2001,ADQ,AK,AAL,WE,Federal Contract Tower,2,5,0,4,11,0,5,0,0,5,2,10,0,4,16,0,7,7,23
01/12/2001,ADQ,AK,AAL,WE,Federal Contract Tower,6,10,1,5,22,0,18,0,5,23,6,28,1,10,45,5,45,50,95
01/13/2001,ADQ,AK,AAL,WE,Federal Contract Tower,5,7,2,3,17,1,5,1,4,11,6,12,3,7,28,0,0,0,28
01/14/2001,ADQ,AK,AAL,WE,Federal Contract Tower,5,8,0,3,16,1,2,0,0,3,6,10,0,3,19,0,0,0,19
01/15/2001,ADQ,AK,AAL,WE,Federal Contract Tower,4,5,0,4,13,0,22,7,4,33,4,27,7,8,46,22,10,32,78
01/16/2001,ADQ,AK,AAL,WE,Federal Contract Tower,6,9,2,4,21,0,5,0,0,5,6,14,2,4,26,0,12,12,38
01/17/2001,ADQ,AK,AAL,WE,Federal Contract Tower,4,9,0,4,17,0,20,0,4,24,4,29,0,8,41,0,29,29,70
01/18/2001,ADQ,AK,AAL,WE,Federal Contract Tower,6,9,1,5,21,2,9,0,3,14,8,18,1,8,35,0,15,15,50
01/19/2001,ADQ,AK,AAL,WE,Federal Contract Tower,2,8,2,4,16,0,21,3,5,29,2,29,5,9,45,0,62,62,107
01/20/2001,ADQ,AK,AAL,WE,Federal Contract Tower,4,6,0,5,15,2,0,4,0,6,6,6,4,5,21,0,3,3,24
01/21/2001,ADQ,AK,AAL,WE,Federal Contract Tower,4,5,0,3,12,0,3,6,0,9,4,8,6,3,21,0,64,64,85
01/22/2001,ADQ,AK,AAL,WE,Federal Contract Tower,4,5,0,4,13,0,21,10,10,41,4,26,10,14,54,6,84,90,144
01/23/2001,ADQ,AK,AAL,WE,Federal Contract Tower,4,8,1,3,16,2,8,4,2,16,6,16,5,5,32,0,40,40,72
01/24/2001,ADQ,AK,AAL,WE,Federal Contract Tower,4,10,0,4,18,0,13,0,2,15,4,23,0,6,33,21,29,50,83
01/25/2001,ADQ,AK,AAL,WE,Federal Contract Tower,5,8,0,4,17,1,7,0,2,10,6,15,0,6,27,0,45,45,72
01/26/2001,ADQ,AK,AAL,WE,Federal Contract Tower,8,17,0,8,33,0,9,0,3,12,8,26,0,11,45,0,60,60,105
01/27/2001,ADQ,AK,AAL,WE,Federal Contract Tower,4,6,0,3,13,2,8,6,0,16,6,14,6,3,29,2,44,46,75
01/28/2001,ADQ,AK,AAL,WE,Federal Contract Tower,4,7,0,3,14,2,9,1,1,13,6,16,1,4,27,12,6,18,45
01/29/2001,ADQ,AK,AAL,WE,Federal Contract Tower,4,8,1,3,16,1,13,11,10,35,5,21,12,13,51,22,24,46,97
01/30/2001,ADQ,AK,AAL,WE,Federal Contract Tower,4,8,1,3,16,0,5,4,10,19,4,13,5,13,35,0,26,26,61
01/31/2001,ADQ,AK,AAL,WE,Federal Contract Tower,4,13,1,6,24,0,2,1,11,14,4,15,2,17,38,0,9,9,47
02/01/2001,ADQ,AK,AAL,WE,Federal Contract Tower,4,7,1,2,14,4,11,10,7,32,8,18,11,9,46,6,28,34,80
02/02/2001,ADQ,AK,AAL,WE,Federal Contract Tower,4,8,1,4,17,0,26,9,10,45,4,34,10,14,62,1,85,86,148
02/03/2001,ADQ,AK,AAL,WE,Federal Contract Tower,2,6,1,3,12,5,20,7,2,34,7,26,8,5,46,36,29,65,111
02/04/2001,ADQ,AK,AAL,WE,Federal Contract Tower,2,6,0,3,11,4,9,0,0,13,6,15,0,3,24,0,0,0,24
02/05/2001,ADQ,AK,AAL,WE,Federal Contract Tower,3,7,1,4,15,1,16,1,9,27,4,23,2,13,42,0,28,28,70
02/06/2001,ADQ,AK,AAL,WE,Federal Contract Tower,4,7,1,4,16,2,15,4,8,29,6,22,5,12,45,23,100,123,168
02/07/2001,ADQ,AK,AAL,WE,Federal Contract Tower,4,6,1,1,12,0,15,9,0,24,4,21,10,1,36,0,0,0,36
02/08/2001,ADQ,AK,AAL,WE,Federal Contract Tower,4,7,1,4,16,2,10,1,10,23,6,17,2,14,39,13,109,122,161
02/09/2001,ADQ,AK,AAL,WE,Federal Contract Tower,5,5,1,4,15,1,18,3,8,30,6,23,4,12,45,2,49,51,96
02/10/2001,ADQ,AK,AAL,WE,Federal Contract Tower,6,7,1,2,16,2,1,2,0,5,8,8,3,2,21,0,0,0,21
02/11/2001,ADQ,AK,AAL,WE,Federal Contract Tower,2,3,0,0,5,2,5,0,0,7,4,8,0,0,12,0,0,0,12
02/12/2001,ADQ,AK,AAL,WE,Federal Contract Tower,4,6,1,2,13,0,28,1,5,34,4,34,2,7,47,0,0,0,47
02/13/2001,ADQ,AK,AAL,WE,Federal Contract Tower,4,6,0,0,10,2,28,0,6,36,6,34,0,6,46,10,24,34,80
02/14/2001,ADQ,AK,AAL,WE,Federal Contract Tower,0,6,1,1,8,0,12,10,7,29,0,18,11,8,37,0,29,29,66
02/15/2001,ADQ,AK,AAL,WE,Federal Contract Tower,6,9,3,3,21,0,15,3,6,24,6,24,6,9,45,0,25,25,70
02/16/2001,ADQ,AK,AAL,WE,Federal Contract Tower,2,8,2,2,14,0,4,0,0,4,2,12,2,2,18,0,3,3,21
02/17/2001,ADQ,AK,AAL,WE,Federal Contract Tower,5,7,0,2,14,1,15,3,2,21,6,22,3,4,35,0,0,0,35
02/18/2001,ADQ,AK,AAL,WE,Federal Contract Tower,4,10,0,1,15,0,10,0,0,10,4,20,0,1,25,0,30,30,55
02/19/2001,ADQ,AK,AAL,WE,Federal Contract Tower,4,6,0,3,13,0,16,1,1,18,4,22,1,4,31,0,2,2,33
02/20/2001,ADQ,AK,AAL,WE,Federal Contract Tower,4,6,0,1,11,0,16,3,7,26,4,22,3,8,37,6,49,55,92
02/21/2001,ADQ,AK,AAL,WE,Federal Contract Tower,4,6,0,2,12,0,12,12,2,26,4,18,12,4,38,0,51,51,89
02/22/2001,ADQ,AK,AAL,WE,Federal Contract Tower,8,10,2,4,24,1,9,5,16,31,9,19,7,20,55,18,40,58,113
02/23/2001,ADQ,AK,AAL,WE,Federal Contract Tower,8,11,2,4,25,0,17,2,7,26,8,28,4,11,51,26,0,26,77
02/24/2001,ADQ,AK,AAL,WE,Federal Contract Tower,5,7,0,2,14,0,5,1,4,10,5,12,1,6,24,13,9,22,46
02/25/2001,ADQ,AK,AAL,WE,Federal Contract Tower,6,4,0,3,13,0,0,3,1,4,6,4,3,4,17,0,0,0,17
02/26/2001,ADQ,AK,AAL,WE,Federal Contract Tower,2,6,0,2,10,0,6,0,6,12,2,12,0,8,22,2,35,37,59
02/27/2001,ADQ,AK,AAL,WE,Federal Contract Tower,5,7,0,3,15,1,13,3,5,22,6,20,3,8,37,7,59,66,103
02/28/2001,ADQ,AK,AAL,WE,Federal Contract Tower,4,8,0,3,15,0,13,7,6,26,4,21,7,9,41,0,68,68,109
03/01/2001,ADQ,AK,AAL,WE,Federal Contract Tower,2,8,2,2,14,4,11,0,7,22,6,19,2,9,36,6,85,91,127
03/02/2001,ADQ,AK,AAL,WE,Federal Contract Tower,3,10,3,2,18,1,15,1,8,25,4,25,4,10,43,0,81,81,124
03/03/2001,ADQ,AK,AAL,WE,Federal Contract Tower,3,6,0,2,11,3,10,0,1,14,6,16,0,3,25,0,0,0,25
03/04/2001,ADQ,AK,AAL,WE,Federal Contract Tower,0,1,0,0,1,0,1,0,2,3,0,2,0,2,4,0,0,0,4
03/05/2001,ADQ,AK,AAL,WE,Federal Contract Tower,4,8,2,2,16,0,24,0,6,30,4,32,2,8,46,0,14,14,60
03/06/2001,ADQ,AK,AAL,WE,Federal Contract Tower,6,10,3,3,22,2,12,3,9,26,8,22,6,12,48,0,88,88,136
03/07/2001,ADQ,AK,AAL,WE,Federal Contract Tower,4,5,0,4,13,0,28,7,0,35,4,33,7,4,48,16,46,62,110
03/08/2001,ADQ,AK,AAL,WE,Federal Contract Tower,4,11,2,6,23,0,0,0,14,14,4,11,2,20,37,0,9,9,46
03/09/2001,ADQ,AK,AAL,WE,Federal Contract Tower,4,10,2,4,20,0,32,6,5,43,4,42,8,9,63,0,17,17,80
03/10/2001,ADQ,AK,AAL,WE,Federal Contract Tower,4,5,0,2,11,0,13,12,0,25,4,18,12,2,36,5,68,73,109
03/11/2001,ADQ,AK,AAL,WE,Federal Contract Tower,3,4,0,0,7,3,8,0,0,11,6,12,0,0,18,0,0,0,18
03/12/2001,ADQ,AK,AAL,WE,Federal Contract Tower,3,7,2,2,14,1,15,2,3,21,4,22,4,5,35,20,158,178,213
03/13/2001,ADQ,AK,AAL,WE,Federal Contract Tower,4,6,0,2,12,2,18,16,7,43,6,24,16,9,55,8,38,46,101
03/14/2001,ADQ,AK,AAL,WE,Federal Contract Tower,4,13,2,3,22,0,13,0,2,15,4,26,2,5,37,1,47,48,85
03/15/2001,ADQ,AK,AAL,WE,Federal Contract Tower,6,10,2,2,20,0,12,6,8,26,6,22,8,10,46,0,22,22,68
03/16/2001,ADQ,AK,AAL,WE,Federal Contract Tower,4,6,0,3,13,0,25,11,3,39,4,31,11,6,52,3,4,7,59
03/17/2001,ADQ,AK,AAL,WE,Federal Contract Tower,3,7,2,1,13,9,7,2,0,18,12,14,4,1,31,10,6,16,47
03/18/2001,ADQ,AK,AAL,WE,Federal Contract Tower,5,9,2,2,18,1,29,3,2,35,6,38,5,4,53,0,6,6,59
03/19/2001,ADQ,AK,AAL,WE,Federal Contract Tower,4,9,1,2,16,0,31,3,10,44,4,40,4,12,60,2,18,20,80
03/20/2001,ADQ,AK,AAL,WE,Federal Contract Tower,3,6,0,1,10,1,23,9,4,37,4,29,9,5,47,17,12,29,76
03/21/2001,ADQ,AK,AAL,WE,Federal Contract Tower,4,9,1,2,16,3,20,11,9,43,7,29,12,11,59,0,17,17,76
03/22/2001,ADQ,AK,AAL,WE,Federal Contract Tower,4,8,1,2,15,2,18,3,31,54,6,26,4,33,69,0,34,34,103
03/23/2001,ADQ,AK,AAL,WE,Federal Contract Tower,2,13,1,4,20,0,3,5,9,17,2,16,6,13,37,3,0,3,40
03/24/2001,ADQ,AK,AAL,WE,Federal Contract Tower,4,8,1,2,15,2,4,5,2,13,6,12,6,4,28,0,0,0,28
03/25/2001,ADQ,AK,AAL,WE,Federal Contract Tower,2,5,0,0,7,2,1,0,0,3,4,6,0,0,10,0,0,0,10
03/26/2001,ADQ,AK,AAL,WE,Federal Contract Tower,4,12,1,3,20,0,24,7,11,42,4,36,8,14,62,10,4,14,76
03/27/2001,ADQ,AK,AAL,WE,Federal Contract Tower,3,8,1,2,14,3,10,10,1,24,6,18,11,3,38,21,132,153,191
03/28/2001,ADQ,AK,AAL,WE,Federal Contract Tower,4,7,0,1,12,0,7,5,17,29,4,14,5,18,41,10,63,73,114
03/29/2001,ADQ,AK,AAL,WE,Federal Contract Tower,4,11,1,2,18,0,9,9,17,35,4,20,10,19,53,0,53,53,106
03/30/2001,ADQ,AK,AAL,WE,Federal Contract Tower,2,9,1,2,14,0,8,8,2,18,2,17,9,4,32,0,178,178,210
03/31/2001,ADQ,AK,AAL,WE,Federal Contract Tower,3,6,0,0,9,5,12,1,0,18,8,18,1,0,27,0,0,0,27
04/01/2001,ADQ,AK,AAL,WE,Federal Contract Tower,3,0,2,1,6,0,29,8,0,37,3,29,10,1,43,13,0,13,56
04/02/2001,ADQ,AK,AAL,WE,Federal Contract Tower,3,0,1,4,8,0,26,3,5,34,3,26,4,9,42,1,170,171,213
04/03/2001,ADQ,AK,AAL,WE,Federal Contract Tower,5,2,0,4,11,0,25,2,6,33,5,27,2,10,44,0,70,70,114
04/04/2001,ADQ,AK,AAL,WE,Federal Contract Tower,4,11,0,3,18,1,22,2,12,37,5,33,2,15,55,0,76,76,131
04/05/2001,ADQ,AK,AAL,WE,Federal Contract Tower,4,9,0,2,15,1,18,4,7,30,5,27,4,9,45,8,100,108,153
04/06/2001,ADQ,AK,AAL,WE,Federal Contract Tower,3,8,2,2,15,0,18,8,11,37,3,26,10,13,52,0,57,57,109
04/07/2001,ADQ,AK,AAL,WE,Federal Contract Tower,4,1,0,2,7,1,25,10,1,37,5,26,10,3,44,0,26,26,70
04/08/2001,ADQ,AK,AAL,WE,Federal Contract Tower,3,6,0,2,11,0,17,4,5,26,3,23,4,7,37,4,0,4,41
04/09/2001,ADQ,AK,AAL,WE,Federal Contract Tower,3,13,0,1,17,0,2,0,2,4,3,15,0,3,21,0,63,63,84
04/10/2001,ADQ,AK,AAL,WE,Federal Contract Tower,4,15,0,3,22,2,0,0,0,2,6,15,0,3,24,0,6,6,30
04/11/2001,ADQ,AK,AAL,WE,Federal Contract Tower,5,15,0,7,27,1,10,1,2,14,6,25,1,9,41,0,14,14,55
04/12/2001,ADQ,AK,AAL,WE,Federal Contract Tower,4,12,2,3,21,1,14,1,13,29,5,26,3,16,50,0,35,35,85
04/13/2001,ADQ,AK,AAL,WE,Federal Contract Tower,3,10,0,1,14,0,28,21,7,56,3,38,21,8,70,0,14,14,84
04/14/2001,ADQ,AK,AAL,WE,Federal Contract Tower,4,3,0,1,8,1,12,12,3,28,5,15,12,4,36,2,0,2,38
04/15/2001,ADQ,AK,AAL,WE,Federal Contract Tower,3,3,0,1,7,0,4,11,1,16,3,7,11,2,23,0,0,0,23
04/16/2001,ADQ,AK,AAL,WE,Federal Contract Tower,2,8,0,1,11,0,26,12,11,49,2,34,12,12,60,6,53,59,119
04/17/2001,ADQ,AK,AAL,WE,Federal Contract Tower,3,10,5,2,20,2,23,12,8,45,5,33,17,10,65,0,20,20,85
04/18/2001,ADQ,AK,AAL,WE,Federal Contract Tower,3,8,0,2,13,2,12,12,6,32,5,20,12,8,45,2,49,51,96
04/19/2001,ADQ,AK,AAL,WE,Federal Contract Tower,3,12,0,2,17,2,19,14,10,45,5,31,14,12,62,29,67,96,158
04/20/2001,ADQ,AK,AAL,WE,Federal Contract Tower,3,12,5,6,26,2,17,3,1,23,5,29,8,7,49,0,54,54,103
04/21/2001,ADQ,AK,AAL,WE,Federal Contract Tower,3,8,1,2,14,2,8,4,2,16,5,16,5,4,30,0,0,0,30
04/22/2001,ADQ,AK,AAL,WE,Federal Contract Tower,3,6,3,2,14,0,18,2,1,21,3,24,5,3,35,4,0,4,39
04/23/2001,ADQ,AK,AAL,WE,Federal Contract Tower,3,6,0,2,11,0,16,18,14,48,3,22,18,16,59,0,98,98,157
04/24/2001,ADQ,AK,AAL,WE,Federal Contract Tower,4,10,1,3,18,1,14,1,8,24,5,24,2,11,42,0,70,70,112
04/25/2001,ADQ,AK,AAL,WE,Federal Contract Tower,3,11,9,7,30,1,10,1,7,19,4,21,10,14,49,4,15,19,68
04/26/2001,ADQ,AK,AAL,WE,Federal Contract Tower,4,14,0,2,20,1,18,2,8,29,5,32,2,10,49,20,25,45,94
04/27/2001,ADQ,AK,AAL,WE,Federal Contract Tower,3,8,0,2,13,0,25,20,7,52,3,33,20,9,65,0,0,0,65
04/28/2001,ADQ,AK,AAL,WE,Federal Contract Tower,4,5,0,2,11,1,21,0,6,28,5,26,0,8,39,0,0,0,39
04/29/2001,ADQ,AK,AAL,WE,Federal Contract Tower,3,7,2,2,14,0,8,3,2,13,3,15,5,4,27,0,0,0,27
04/30/2001,ADQ,AK,AAL,WE,Federal Contract Tower,3,7,1,2,13,0,41,17,11,69,3,48,18,13,82,0,20,20,102
05/01/2001,ADQ,AK,AAL,WE,Federal Contract Tower,4,8,1,1,14,2,34,3,2,41,6,42,4,3,55,0,0,0,55
05/02/2001,ADQ,AK,AAL,WE,Federal Contract Tower,3,8,1,9,21,0,21,5,6,32,3,29,6,15,53,0,14,14,67
05/03/2001,ADQ,AK,AAL,WE,Federal Contract Tower,2,9,2,0,13,0,22,4,2,28,2,31,6,2,41,0,2,2,43
05/04/2001,ADQ,AK,AAL,WE,Federal Contract Tower,5,13,1,1,20,0,27,4,13,44,5,40,5,14,64,0,10,10,74
05/05/2001,ADQ,AK,AAL,WE,Federal Contract Tower,6,11,5,2,24,0,2,1,1,4,6,13,6,3,28,0,0,0,28
05/06/2001,ADQ,AK,AAL,WE,Federal Contract Tower,5,7,0,2,14,0,30,8,2,40,5,37,8,4,54,0,4,4,58
05/07/2001,ADQ,AK,AAL,WE,Federal Contract Tower,3,6,0,4,13,0,39,4,5,48,3,45,4,9,61,6,40,46,107
05/08/2001,ADQ,AK,AAL,WE,Federal Contract Tower,4,10,2,3,19,1,16,8,4,29,5,26,10,7,48,2,4,6,54
05/09/2001,ADQ,AK,AAL,WE,Federal Contract Tower,3,9,3,6,21,1,22,11,3,37,4,31,14,9,58,0,11,11,69
05/10/2001,ADQ,AK,AAL,WE,Federal Contract Tower,4,7,0,3,14,2,26,9,9,46,6,33,9,12,60,0,13,13,73
05/11/2001,ADQ,AK,AAL,WE,Federal Contract Tower,3,10,2,5,20,0,21,5,10,36,3,31,7,15,56,0,42,42,98
05/12/2001,ADQ,AK,AAL,WE,Federal Contract Tower,5,6,0,1,12,0,18,9,2,29,5,24,9,3,41,32,0,32,73
05/13/2001,ADQ,AK,AAL,WE,Federal Contract Tower,3,6,2,0,11,0,15,8,5,28,3,21,10,5,39,0,25,25,64
05/14/2001,ADQ,AK,AAL,WE,Federal Contract Tower,2,7,0,2,11,1,23,3,16,43,3,30,3,18,54,0,2,2,56
05/15/2001,ADQ,AK,AAL,WE,Federal Contract Tower,4,10,2,11,27,1,17,5,4,27,5,27,7,15,54,0,22,22,76
05/16/2001,ADQ,AK,AAL,WE,Federal Contract Tower,3,10,0,5,18,0,17,10,3,30,3,27,10,8,48,2,5,7,55
05/17/2001,ADQ,AK,AAL,WE,Federal Contract Tower,4,9,2,7,22,1,18,14,6,39,5,27,16,13,61,0,9,9,70
05/18/2001,ADQ,AK,AAL,WE,Federal Contract Tower,3,9,2,5,19,0,21,11,8,40,3,30,13,13,59,20,20,40,99
05/19/2001,ADQ,AK,AAL,WE,Federal Contract Tower,4,3,2,1,10,1,6,10,1,18,5,9,12,2,28,6,0,6,34
05/20/2001,ADQ,AK,AAL,WE,Federal Contract Tower,3,8,3,2,16,0,4,2,0,6,3,12,5,2,22,0,0,0,22
05/21/2001,ADQ,AK,AAL,WE,Federal Contract Tower,3,13,3,2,21,0,8,2,8,18,3,21,5,10,39,10,0,10,49
05/22/2001,ADQ,AK,AAL,WE,Federal Contract Tower,4,9,2,4,19,1,20,11,6,38,5,29,13,10,57,27,47,74,131
05/23/2001,ADQ,AK,AAL,WE,Federal Contract Tower,3,11,1,5,20,0,14,12,13,39,3,25,13,18,59,25,41,66,125
05/24/2001,ADQ,AK,AAL,WE,Federal Contract Tower,5,9,0,4,18,0,19,4,8,31,5,28,4,12,49,0,40,40,89
05/25/2001,ADQ,AK,AAL,WE,Federal Contract Tower,3,10,2,2,17,0,13,9,10,32,3,23,11,12,49,3,39,42,91
05/26/2001,ADQ,AK,AAL,WE,Federal Contract Tower,4,9,1,3,17,0,10,5,9,24,4,19,6,12,41,1,0,1,42
05/27/2001,ADQ,AK,AAL,WE,Federal Contract Tower,3,5,0,0,8,0,14,6,4,24,3,19,6,4,32,2,0,2,34
05/28/2001,ADQ,AK,AAL,WE,Federal Contract Tower,3,8,2,0,13,0,16,15,1,32,3,24,17,1,45,0,0,0,45
05/29/2001,ADQ,AK,AAL,WE,Federal Contract Tower,4,11,0,4,19,1,8,7,4,20,5,19,7,8,39,2,22,24,63
05/30/2001,ADQ,AK,AAL,WE,Federal Contract Tower,3,6,0,1,10,0,13,3,14,30,3,19,3,15,40,31,44,75,115
05/31/2001,ADQ,AK,AAL,WE,Federal Contract Tower,5,8,0,1,14,0,14,8,12,34,5,22,8,13,48,0,4,4,52
06/01/2001,ADQ,AK,AAL,WE,Federal Contract Tower,3,9,0,2,14,0,17,6,10,33,3,26,6,12,47,37,36,73,120
06/02/2001,ADQ,AK,AAL,WE,Federal Contract Tower,5,4,0,0,9,0,12,6,9,27,5,16,6,9,36,0,27,27,63
06/03/2001,ADQ,AK,AAL,WE,Federal Contract Tower,4,16,8,4,32,0,2,2,3,7,4,18,10,7,39,0,0,0,39
06/04/2001,ADQ,AK,AAL,WE,Federal Contract Tower,3,18,2,4,27,0,11,2,0,13,3,29,4,4,40,0,25,25,65
06/05/2001,ADQ,AK,AAL,WE,Federal Contract Tower,5,18,1,5,29,0,10,3,4,17,5,28,4,9,46,0,3,3,49
06/06/2001,ADQ,AK,AAL,WE,Federal Contract Tower,3,13,2,5,23,0,24,8,6,38,3,37,10,11,61,0,2,2,63
06/07/2001,ADQ,AK,AAL,WE,Federal Contract Tower,5,18,3,4,30,0,12,6,9,27,5,30,9,13,57,12,0,12,69
06/08/2001,ADQ,AK,AAL,WE,Federal Contract Tower,3,9,0,5,17,0,31,7,4,42,3,40,7,9,59,0,10,10,69
06/09/2001,ADQ,AK,AAL,WE,Federal Contract Tower,3,1,2,1,7,1,13,20,7,41,4,14,22,8,48,0,10,10,58
06/10/2001,ADQ,AK,AAL,WE,Federal Contract Tower,3,5,0,0,8,0,23,16,2,41,3,28,16,2,49,0,0,0,49
06/11/2001,ADQ,AK,AAL,WE,Federal Contract Tower,3,7,1,0,11,0,38,15,9,62,3,45,16,9,73,0,48,48,121
06/12/2001,ADQ,AK,AAL,WE,Federal Contract Tower,7,10,4,0,21,0,32,5,7,44,7,42,9,7,65,0,31,31,96
06/13/2001,ADQ,AK,AAL,WE,Federal Contract Tower,3,7,3,6,19,0,32,12,13,57,3,39,15,19,76,0,8,8,84
06/14/2001,ADQ,AK,AAL,WE,Federal Contract Tower,4,8,3,3,18,1,26,9,16,52,5,34,12,19,70,2,13,15,85
06/15/2001,ADQ,AK,AAL,WE,Federal Contract Tower,2,9,3,0,14,1,37,13,4,55,3,46,16,4,69,0,12,12,81
06/16/2001,ADQ,AK,AAL,WE,Federal Contract Tower,4,4,1,0,9,1,35,11,5,52,5,39,12,5,61,8,0,8,69
06/17/2001,ADQ,AK,AAL,WE,Federal Contract Tower,3,5,1,0,9,0,41,18,3,62,3,46,19,3,71,0,6,6,77
06/18/2001,ADQ,AK,AAL,WE,Federal Contract Tower,5,9,1,2,17,0,45,5,8,58,5,54,6,10,75,0,52,52,127
06/19/2001,ADQ,AK,AAL,WE,Federal Contract Tower,5,8,3,4,20,1,32,6,7,46,6,40,9,11,66,1,22,23,89
06/20/2001,ADQ,AK,AAL,WE,Federal Contract Tower,5,11,2,5,23,1,19,12,10,42,6,30,14,15,65,33,53,86,151
06/21/2001,ADQ,AK,AAL,WE,Federal Contract Tower,4,10,2,2,18,2,15,21,10,48,6,25,23,12,66,0,8,8,74
06/22/2001,ADQ,AK,AAL,WE,Federal Contract Tower,4,8,3,2,17,1,37,14,6,58,5,45,17,8,75,37,28,65,140
06/23/2001,ADQ,AK,AAL,WE,Federal Contract Tower,3,6,4,2,15,2,40,4,3,49,5,46,8,5,64,0,16,16,80
06/24/2001,ADQ,AK,AAL,WE,Federal Contract Tower,3,8,1,0,12,0,35,11,1,47,3,43,12,1,59,0,0,0,59
06/25/2001,ADQ,AK,AAL,WE,Federal Contract Tower,3,6,6,3,18,0,40,11,6,57,3,46,17,9,75,0,12,12,87
06/26/2001,ADQ,AK,AAL,WE,Federal Contract Tower,5,9,3,3,20,0,30,17,6,53,5,39,20,9,73,0,45,45,118
06/27/2001,ADQ,AK,AAL,WE,Federal Contract Tower,2,10,1,3,16,1,30,23,11,65,3,40,24,14,81,0,36,36,117
06/28/2001,ADQ,AK,AAL,WE,Federal Contract Tower,2,10,2,4,18,3,29,8,16,56,5,39,10,20,74,11,15,26,100
06/29/2001,ADQ,AK,AAL,WE,Federal Contract Tower,4,13,5,4,26,0,31,3,8,42,4,44,8,12,68,8,3,11,79
06/30/2001,ADQ,AK,AAL,WE,Federal Contract Tower,6,6,2,2,16,1,20,11,2,34,7,26,13,4,50,0,0,0,50
07/01/2001,ADQ,AK,AAL,WE,Federal Contract Tower,3,5,4,0,12,0,33,27,0,60,3,38,31,0,72,0,43,43,115
07/02/2001,ADQ,AK,AAL,WE,Federal Contract Tower,4,8,0,8,20,0,39,35,7,81,4,47,35,15,101,30,2,32,133
07/03/2001,ADQ,AK,AAL,WE,Federal Contract Tower,5,9,2,5,21,0,11,14,8,33,5,20,16,13,54,5,39,44,98
07/04/2001,ADQ,AK,AAL,WE,Federal Contract Tower,3,7,3,0,13,0,5,19,2,26,3,12,22,2,39,0,2,2,41
07/05/2001,ADQ,AK,AAL,WE,Federal Contract Tower,4,9,3,4,20,1,7,7,8,23,5,16,10,12,43,0,0,0,43
07/06/2001,ADQ,AK,AAL,WE,Federal Contract Tower,3,7,1,3,14,0,19,15,9,43,3,26,16,12,57,0,0,0,57
07/07/2001,ADQ,AK,AAL,WE,Federal Contract Tower,4,5,1,0,10,1,32,25,4,62,5,37,26,4,72,4,0,4,76
07/08/2001,ADQ,AK,AAL,WE,Federal Contract Tower,3,8,3,1,15,0,30,10,2,42,3,38,13,3,57,0,0,0,57
07/09/2001,ADQ,AK,AAL,WE,Federal Contract Tower,3,20,9,4,36,0,20,2,4,26,3,40,11,8,62,0,29,29,91
07/10/2001,ADQ,AK,AAL,WE,Federal Contract Tower,5,11,6,6,28,0,20,8,5,33,5,31,14,11,61,0,9,9,70
07/11/2001,ADQ,AK,AAL,WE,Federal Contract Tower,3,33,7,10,53,0,0,0,8,8,3,33,7,18,61,0,0,0,61
07/12/2001,ADQ,AK,AAL,WE,Federal Contract Tower,5,15,5,13,38,0,15,4,5,24,5,30,9,18,62,7,18,25,87
07/13/2001,ADQ,AK,AAL,WE,Federal Contract Tower,2,12,0,2,16,1,13,9,9,32,3,25,9,11,48,0,11,11,59
07/14/2001,ADQ,AK,AAL,WE,Federal Contract Tower,3,6,0,0,9,0,23,10,3,36,3,29,10,3,45,0,13,13,58
07/15/2001,ADQ,AK,AAL,WE,Federal Contract Tower,2,16,2,4,24,1,23,0,0,24,3,39,2,4,48,0,10,10,58
07/16/2001,ADQ,AK,AAL,WE,Federal Contract Tower,3,11,1,2,17,0,25,11,5,41,3,36,12,7,58,0,82,82,140
07/17/2001,ADQ,AK,AAL,WE,Federal Contract Tower,4,10,2,7,23,1,28,9,10,48,5,38,11,17,71,9,88,97,168
07/18/2001,ADQ,AK,AAL,WE,Federal Contract Tower,3,7,7,8,25,0,14,18,11,43,3,21,25,19,68,0,93,93,161
07/19/2001,ADQ,AK,AAL,WE,Federal Contract Tower,4,11,2,1,18,1,13,5,8,27,5,24,7,9,45,10,0,10,55
07/20/2001,ADQ,AK,AAL,WE,Federal Contract Tower,3,16,11,8,38,1,12,1,2,16,4,28,12,10,54,1,23,24,78
07/21/2001,ADQ,AK,AAL,WE,Federal Contract Tower,4,11,0,1,16,1,16,11,6,34,5,27,11,7,50,0,0,0,50
07/22/2001,ADQ,AK,AAL,WE,Federal Contract Tower,3,12,8,5,28,0,5,0,0,5,3,17,8,5,33,0,27,27,60
07/23/2001,ADQ,AK,AAL,WE,Federal Contract Tower,4,12,2,2,20,0,27,12,14,53,4,39,14,16,73,3,74,77,150
07/24/2001,ADQ,AK,AAL,WE,Federal Contract Tower,6,8,1,7,22,0,29,16,16,61,6,37,17,23,83,0,69,69,152
07/25/2001,ADQ,AK,AAL,WE,Federal Contract Tower,3,10,0,7,20,0,16,10,12,38,3,26,10,19,58,0,0,0,58
07/26/2001,ADQ,AK,AAL,WE,Federal Contract Tower,3,9,2,3,17,0,18,14,12,44,3,27,16,15,61,0,24,24,85
07/27/2001,ADQ,AK,AAL,WE,Federal Contract Tower,4,8,1,6,19,1,25,17,7,50,5,33,18,13,69,2,73,75,144
07/28/2001,ADQ,AK,AAL,WE,Federal Contract Tower,3,12,1,2,18,3,7,3,2,15,6,19,4,4,33,2,32,34,67
07/29/2001,ADQ,AK,AAL,WE,Federal Contract Tower,3,5,0,2,10,0,27,13,2,42,3,32,13,4,52,0,0,0,52
07/30/2001,ADQ,AK,AAL,WE,Federal Contract Tower,3,9,4,4,20,0,14,15,12,41,3,23,19,16,61,0,36,36,97
07/31/2001,ADQ,AK,AAL,WE,Federal Contract Tower,4,17,9,4,34,1,5,2,11,19,5,22,11,15,53,10,25,35,88
08/01/2001,ADQ,AK,AAL,WE,Federal Contract Tower,2,8,4,3,17,1,19,6,14,40,3,27,10,17,57,17,28,45,102
08/02/2001,ADQ,AK,AAL,WE,Federal Contract Tower,5,9,1,3,18,0,9,5,11,25,5,18,6,14,43,0,42,42,85
08/03/2001,ADQ,AK,AAL,WE,Federal Contract Tower,3,13,8,5,29,0,0,1,0,1,3,13,9,5,30,0,0,0,30
08/04/2001,ADQ,AK,AAL,WE,Federal Contract Tower,5,34,14,0,53,0,2,0,2,4,5,36,14,2,57,0,0,0,57
08/05/2001,ADQ,AK,AAL,WE,Federal Contract Tower,2,5,0,1,8,0,29,7,4,40,2,34,7,5,48,2,0,2,50
08/06/2001,ADQ,AK,AAL,WE,Federal Contract Tower,3,7,4,1,15,0,28,12,15,55,3,35,16,16,70,2,46,48,118
08/07/2001,ADQ,AK,AAL,WE,Federal Contract Tower,6,11,6,1,24,0,39,4,13,56,6,50,10,14,80,3,112,115,195
08/08/2001,ADQ,AK,AAL,WE,Federal Contract Tower,5,14,5,5,29,0,12,12,9,33,5,26,17,14,62,0,68,68,130
08/09/2001,ADQ,AK,AAL,WE,Federal Contract Tower,3,25,5,8,41,0,0,0,1,1,3,25,5,9,42,0,2,2,44
08/10/2001,ADQ,AK,AAL,WE,Federal Contract Tower,4,13,3,5,25,0,26,19,12,57,4,39,22,17,82,0,13,13,95
08/11/2001,ADQ,AK,AAL,WE,Federal Contract Tower,5,6,1,1,13,0,18,18,2,38,5,24,19,3,51,0,54,54,105
08/12/2001,ADQ,AK,AAL,WE,Federal Contract Tower,3,8,2,0,13,0,23,11,5,39,3,31,13,5,52,0,14,14,66
08/13/2001,ADQ,AK,AAL,WE,Federal Contract Tower,2,5,1,2,10,1,28,9,5,43,3,33,10,7,53,0,76,76,129
08/14/2001,ADQ,AK,AAL,WE,Federal Contract Tower,4,9,1,3,17,0,10,12,4,26,4,19,13,7,43,6,141,147,190
08/15/2001,ADQ,AK,AAL,WE,Federal Contract Tower,3,11,1,5,20,0,17,15,13,45,3,28,16,18,65,0,86,86,151
08/16/2001,ADQ,AK,AAL,WE,Federal Contract Tower,5,11,4,6,26,0,10,5,7,22,5,21,9,13,48,0,45,45,93
08/17/2001,ADQ,AK,AAL,WE,Federal Contract Tower,4,20,7,6,37,0,4,8,3,15,4,24,15,9,52,0,38,38,90
08/18/2001,ADQ,AK,AAL,WE,Federal Contract Tower,5,6,3,3,17,0,14,19,1,34,5,20,22,4,51,0,25,25,76
08/19/2001,ADQ,AK,AAL,WE,Federal Contract Tower,3,6,2,1,12,0,19,4,0,23,3,25,6,1,35,0,0,0,35
08/20/2001,ADQ,AK,AAL,WE,Federal Contract Tower,4,10,2,2,18,0,0,2,2,4,4,10,4,4,22,0,0,0,22
08/21/2001,ADQ,AK,AAL,WE,Federal Contract Tower,2,5,2,4,13,2,35,3,10,50,4,40,5,14,63,0,3,3,66
08/22/2001,ADQ,AK,AAL,WE,Federal Contract Tower,2,7,0,4,13,1,33,21,11,66,3,40,21,15,79,4,98,102,181
08/23/2001,ADQ,AK,AAL,WE,Federal Contract Tower,3,7,0,3,13,2,16,11,14,43,5,23,11,17,56,25,43,68,124
08/24/2001,ADQ,AK,AAL,WE,Federal Contract Tower,4,30,7,4,45,0,2,4,2,8,4,32,11,6,53,9,28,37,90
08/25/2001,ADQ,AK,AAL,WE,Federal Contract Tower,5,26,9,8,48,0,0,0,0,0,5,26,9,8,48,0,0,0,48
08/26/2001,ADQ,AK,AAL,WE,Federal Contract Tower,2,14,13,2,31,0,0,0,0,0,2,14,13,2,31,0,2,2,33
08/27/2001,ADQ,AK,AAL,WE,Federal Contract Tower,3,30,7,11,51,0,0,0,0,0,3,30,7,11,51,0,4,4,55
08/28/2001,ADQ,AK,AAL,WE,Federal Contract Tower,5,12,2,5,24,0,26,33,12,71,5,38,35,17,95,0,52,52,147
08/29/2001,ADQ,AK,AAL,WE,Federal Contract Tower,3,37,6,12,58,0,0,0,10,10,3,37,6,22,68,2,0,2,70
08/30/2001,ADQ,AK,AAL,WE,Federal Contract Tower,5,9,1,6,21,1,22,20,11,54,6,31,21,17,75,2,52,54,129
08/31/2001,ADQ,AK,AAL,WE,Federal Contract Tower,3,10,3,2,18,0,19,14,9,42,3,29,17,11,60,0,37,37,97
09/01/2001,ADQ,AK,AAL,WE,Federal Contract Tower,5,7,0,1,13,0,7,14,5,26,5,14,14,6,39,0,9,9,48
09/02/2001,ADQ,AK,AAL,WE,Federal Contract Tower,2,7,2,2,13,1,14,6,4,25,3,21,8,6,38,0,0,0,38
09/03/2001,ADQ,AK,AAL,WE,Federal Contract Tower,3,5,0,0,8,0,18,7,2,27,3,23,7,2,35,0,0,0,35
09/04/2001,ADQ,AK,AAL,WE,Federal Contract Tower,4,14,6,8,32,0,14,0,2,16,4,28,6,10,48,0,21,21,69
09/05/2001,ADQ,AK,AAL,WE,Federal Contract Tower,3,4,1,1,9,1,26,4,11,42,4,30,5,12,51,0,56,56,107
09/06/2001,ADQ,AK,AAL,WE,Federal Contract Tower,1,13,0,5,19,1,49,6,7,63,2,62,6,12,82,3,52,55,137
09/07/2001,ADQ,AK,AAL,WE,Federal Contract Tower,4,9,2,2,17,0,57,13,5,75,4,66,15,7,92,0,101,101,193
09/08/2001,ADQ,AK,AAL,WE,Federal Contract Tower,6,6,5,0,17,1,22,20,3,46,7,28,25,3,63,0,11,11,74
09/09/2001,ADQ,AK,AAL,WE,Federal Contract Tower,3,4,1,2,10,0,23,4,1,28,3,27,5,3,38,2,14,16,54
09/10/2001,ADQ,AK,AAL,WE,Federal Contract Tower,1,27,5,4,37,0,0,0,0,0,1,27,5,4,37,0,6,6,43
09/11/2001,ADQ,AK,AAL,WE,Federal Contract Tower,0,0,0,0,0,0,0,0,0,0,0,0,0,0,0,0,0,0,0
09/12/2001,ADQ,AK,AAL,WE,Federal Contract Tower,0,0,0,2,2,0,0,0,1,1,0,0,0,3,3,0,0,0,3
09/13/2001,ADQ,AK,AAL,WE,Federal Contract Tower,0,3,3,6,12,0,24,15,1,40,0,27,18,7,52,0,3,3,55
09/14/2001,ADQ,AK,AAL,WE,Federal Contract Tower,4,24,6,8,42,0,22,0,0,22,4,46,6,8,64,0,28,28,92
09/15/2001,ADQ,AK,AAL,WE,Federal Contract Tower,6,11,0,2,19,0,19,5,0,24,6,30,5,2,43,0,20,20,63
09/16/2001,ADQ,AK,AAL,WE,Federal Contract Tower,4,7,0,2,13,2,0,0,0,2,6,7,0,2,15,0,2,2,17
09/17/2001,ADQ,AK,AAL,WE,Federal Contract Tower,3,11,0,5,19,0,32,2,1,35,3,43,2,6,54,0,140,140,194
09/18/2001,ADQ,AK,AAL,WE,Federal Contract Tower,5,11,2,1,19,0,39,2,9,50,5,50,4,10,69,0,29,29,98
09/19/2001,ADQ,AK,AAL,WE,Federal Contract Tower,3,9,5,4,21,0,26,1,9,36,3,35,6,13,57,11,64,75,132
09/20/2001,ADQ,AK,AAL,WE,Federal Contract Tower,6,12,2,2,22,0,21,0,4,25,6,33,2,6,47,0,39,39,86
09/21/2001,ADQ,AK,AAL,WE,Federal Contract Tower,6,12,0,6,24,0,16,1,6,23,6,28,1,12,47,0,57,57,104
09/22/2001,ADQ,AK,AAL,WE,Federal Contract Tower,4,5,1,1,11,1,25,7,6,39,5,30,8,7,50,0,19,19,69
09/23/2001,ADQ,AK,AAL,WE,Federal Contract Tower,3,7,1,2,13,0,26,0,0,26,3,33,1,2,39,0,0,0,39
09/24/2001,ADQ,AK,AAL,WE,Federal Contract Tower,4,10,0,5,19,0,28,6,2,36,4,38,6,7,55,0,14,14,69
09/25/2001,ADQ,AK,AAL,WE,Federal Contract Tower,5,10,0,0,15,0,25,0,3,28,5,35,0,3,43,0,64,64,107
09/26/2001,ADQ,AK,AAL,WE,Federal Contract Tower,3,12,0,9,24,0,23,0,6,29,3,35,0,15,53,0,35,35,88
09/27/2001,ADQ,AK,AAL,WE,Federal Contract Tower,5,12,1,4,22,0,17,0,3,20,5,29,1,7,42,0,113,113,155
09/28/2001,ADQ,AK,AAL,WE,Federal Contract Tower,3,10,0,4,17,0,33,2,9,44,3,43,2,13,61,8,48,56,117
09/29/2001,ADQ,AK,AAL,WE,Federal Contract Tower,10,4,0,1,15,0,35,9,6,50,10,39,9,7,65,0,2,2,67
09/30/2001,ADQ,AK,AAL,WE,Federal Contract Tower,4,7,0,0,11,1,27,6,0,34,5,34,6,0,45,8,78,86,131
10/01/2001,ADQ,AK,AAL,WE,Federal Contract Tower,3,8,0,1,12,1,17,15,11,44,4,25,15,12,56,0,103,103,159
10/02/2001,ADQ,AK,AAL,WE,Federal Contract Tower,6,11,3,2,22,0,15,11,6,32,6,26,14,8,54,0,109,109,163
10/03/2001,ADQ,AK,AAL,WE,Federal Contract Tower,4,11,3,3,21,0,0,1,0,1,4,11,4,3,22,0,0,0,22
10/04/2001,ADQ,AK,AAL,WE,Federal Contract Tower,4,9,0,3,16,2,2,0,6,10,6,11,0,9,26,0,0,0,26
10/05/2001,ADQ,AK,AAL,WE,Federal Contract Tower,6,5,0,2,13,0,26,18,2,46,6,31,18,4,59,0,83,83,142
10/06/2001,ADQ,AK,AAL,WE,Federal Contract Tower,5,3,0,0,8,1,7,4,2,14,6,10,4,2,22,0,61,61,83
10/07/2001,ADQ,AK,AAL,WE,Federal Contract Tower,4,3,2,1,10,0,12,12,4,28,4,15,14,5,38,0,8,8,46
10/08/2001,ADQ,AK,AAL,WE,Federal Contract Tower,4,12,2,2,20,0,11,0,1,12,4,23,2,3,32,0,77,77,109
10/09/2001,ADQ,AK,AAL,WE,Federal Contract Tower,6,13,2,3,24,0,12,0,3,15,6,25,2,6,39,10,25,35,74
10/10/2001,ADQ,AK,AAL,WE,Federal Contract Tower,6,11,1,3,21,0,6,1,1,8,6,17,2,4,29,6,69,75,104
10/11/2001,ADQ,AK,AAL,WE,Federal Contract Tower,4,10,0,2,16,0,23,2,3,28,4,33,2,5,44,7,70,77,121
10/12/2001,ADQ,AK,AAL,WE,Federal Contract Tower,6,9,0,3,18,0,18,0,2,20,6,27,0,5,38,0,71,71,109
10/13/2001,ADQ,AK,AAL,WE,Federal Contract Tower,6,2,0,1,9,0,13,2,0,15,6,15,2,1,24,0,14,14,38
10/14/2001,ADQ,AK,AAL,WE,Federal Contract Tower,4,4,2,3,13,0,5,3,1,9,4,9,5,4,22,6,4,10,32
10/15/2001,ADQ,AK,AAL,WE,Federal Contract Tower,4,9,0,0,13,0,4,1,8,13,4,13,1,8,26,0,78,78,104
10/16/2001,ADQ,AK,AAL,WE,Federal Contract Tower,6,6,0,4,16,0,14,2,4,20,6,20,2,8,36,17,52,69,105
10/17/2001,ADQ,AK,AAL,WE,Federal Contract Tower,6,7,2,0,15,0,19,0,9,28,6,26,2,9,43,0,50,50,93
10/18/2001,ADQ,AK,AAL,WE,Federal Contract Tower,6,8,0,2,16,0,21,1,5,27,6,29,1,7,43,0,47,47,90
10/19/2001,ADQ,AK,AAL,WE,Federal Contract Tower,4,6,0,1,11,0,27,0,6,33,4,33,0,7,44,0,27,27,71
10/20/2001,ADQ,AK,AAL,WE,Federal Contract Tower,4,4,0,2,10,0,13,2,10,25,4,17,2,12,35,0,22,22,57
10/21/2001,ADQ,AK,AAL,WE,Federal Contract Tower,5,5,0,0,10,1,18,6,2,27,6,23,6,2,37,0,40,40,77
10/22/2001,ADQ,AK,AAL,WE,Federal Contract Tower,4,7,3,4,18,0,16,4,9,29,4,23,7,13,47,0,29,29,76
10/23/2001,ADQ,AK,AAL,WE,Federal Contract Tower,7,8,0,1,16,1,21,2,12,36,8,29,2,13,52,0,4,4,56
10/24/2001,ADQ,AK,AAL,WE,Federal Contract Tower,4,9,0,2,15,0,36,2,7,45,4,45,2,9,60,8,72,80,140
10/25/2001,ADQ,AK,AAL,WE,Federal Contract Tower,8,7,3,2,20,0,25,1,2,28,8,32,4,4,48,0,25,25,73
10/26/2001,ADQ,AK,AAL,WE,Federal Contract Tower,4,8,0,1,13,0,22,0,5,27,4,30,0,6,40,0,0,0,40
10/27/2001,ADQ,AK,AAL,WE,Federal Contract Tower,6,5,4,5,20,0,20,10,6,36,6,25,14,11,56,44,0,44,100
10/28/2001,ADQ,AK,AAL,WE,Federal Contract Tower,4,6,2,2,14,0,9,2,2,13,4,15,4,4,27,0,8,8,35
10/29/2001,ADQ,AK,AAL,WE,Federal Contract Tower,5,7,0,5,17,0,14,8,9,31,5,21,8,14,48,10,16,26,74
10/30/2001,ADQ,AK,AAL,WE,Federal Contract Tower,8,8,0,6,22,0,35,8,9,52,8,43,8,15,74,9,57,66,140
10/31/2001,ADQ,AK,AAL,WE,Federal Contract Tower,4,10,2,2,18,0,23,2,10,35,4,33,4,12,53,4,23,27,80
11/01/2001,ADQ,AK,AAL,WE,Federal Contract Tower,6,7,2,1,16,0,31,3,4,38,6,38,5,5,54,23,2,25,79
11/02/2001,ADQ,AK,AAL,WE,Federal Contract Tower,4,9,0,3,16,0,25,4,4,33,4,34,4,7,49,12,114,126,175
11/03/2001,ADQ,AK,AAL,WE,Federal Contract Tower,6,4,2,2,14,0,18,0,0,18,6,22,2,2,32,0,2,2,34
11/04/2001,ADQ,AK,AAL,WE,Federal Contract Tower,4,3,0,2,9,0,16,3,2,21,4,19,3,4,30,7,18,25,55
11/05/2001,ADQ,AK,AAL,WE,Federal Contract Tower,4,8,0,2,14,0,26,5,2,33,4,34,5,4,47,45,80,125,172
11/06/2001,ADQ,AK,AAL,WE,Federal Contract Tower,6,9,0,2,17,0,21,1,9,31,6,30,1,11,48,0,118,118,166
11/07/2001,ADQ,AK,AAL,WE,Federal Contract Tower,4,8,2,2,16,0,21,7,3,31,4,29,9,5,47,9,68,77,124
11/08/2001,ADQ,AK,AAL,WE,Federal Contract Tower,6,14,1,5,26,0,6,5,8,19,6,20,6,13,45,15,60,75,120
11/09/2001,ADQ,AK,AAL,WE,Federal Contract Tower,4,12,2,2,20,0,18,0,6,24,4,30,2,8,44,0,44,44,88
11/10/2001,ADQ,AK,AAL,WE,Federal Contract Tower,6,4,2,4,16,0,21,2,1,24,6,25,4,5,40,10,0,10,50
11/11/2001,ADQ,AK,AAL,WE,Federal Contract Tower,4,6,0,2,12,0,12,4,2,18,4,18,4,4,30,0,10,10,40
11/12/2001,ADQ,AK,AAL,WE,Federal Contract Tower,4,8,0,0,12,0,13,0,6,19,4,21,0,6,31,0,0,0,31
11/13/2001,ADQ,AK,AAL,WE,Federal Contract Tower,5,7,0,7,19,0,22,0,7,29,5,29,0,14,48,0,57,57,105
11/14/2001,ADQ,AK,AAL,WE,Federal Contract Tower,3,7,1,6,17,1,18,5,5,29,4,25,6,11,46,0,98,98,144
11/15/2001,ADQ,AK,AAL,WE,Federal Contract Tower,6,10,4,2,22,0,7,6,0,13,6,17,10,2,35,6,176,182,217
11/16/2001,ADQ,AK,AAL,WE,Federal Contract Tower,4,8,2,2,16,0,19,4,8,31,4,27,6,10,47,18,90,108,155
11/17/2001,ADQ,AK,AAL,WE,Federal Contract Tower,2,2,0,0,4,0,0,0,0,0,2,2,0,0,4,0,0,0,4
11/18/2001,ADQ,AK,AAL,WE,Federal Contract Tower,4,5,0,3,12,0,12,0,5,17,4,17,0,8,29,0,16,16,45
11/19/2001,ADQ,AK,AAL,WE,Federal Contract Tower,4,8,0,1,13,0,2,0,2,4,4,10,0,3,17,0,68,68,85
11/20/2001,ADQ,AK,AAL,WE,Federal Contract Tower,6,11,0,6,23,0,19,0,8,27,6,30,0,14,50,0,48,48,98
11/21/2001,ADQ,AK,AAL,WE,Federal Contract Tower,4,9,2,1,16,0,27,15,6,48,4,36,17,7,64,36,72,108,172
11/22/2001,ADQ,AK,AAL,WE,Federal Contract Tower,0,0,0,0,0,0,2,4,0,6,0,2,4,0,6,0,0,0,6
11/23/2001,ADQ,AK,AAL,WE,Federal Contract Tower,4,9,1,1,15,0,28,9,0,37,4,37,10,1,52,16,0,16,68
11/24/2001,ADQ,AK,AAL,WE,Federal Contract Tower,6,6,0,1,13,0,21,2,4,27,6,27,2,5,40,0,0,0,40
11/25/2001,ADQ,AK,AAL,WE,Federal Contract Tower,4,5,0,1,10,0,17,5,6,28,4,22,5,7,38,90,0,90,128
11/26/2001,ADQ,AK,AAL,WE,Federal Contract Tower,4,9,0,7,20,0,15,3,3,21,4,24,3,10,41,0,10,10,51
11/27/2001,ADQ,AK,AAL,WE,Federal Contract Tower,2,14,0,7,23,0,0,0,0,0,2,14,0,7,23,0,5,5,28
11/28/2001,ADQ,AK,AAL,WE,Federal Contract Tower,4,9,0,5,18,0,22,4,3,29,4,31,4,8,47,42,89,131,178
11/29/2001,ADQ,AK,AAL,WE,Federal Contract Tower,4,10,0,5,19,0,28,4,11,43,4,38,4,16,62,28,64,92,154
11/30/2001,ADQ,AK,AAL,WE,Federal Contract Tower,4,11,2,7,24,2,23,3,9,37,6,34,5,16,61,3,28,31,92
12/01/2001,ADQ,AK,AAL,WE,Federal Contract Tower,4,4,0,0,8,0,26,0,0,26,4,30,0,0,34,0,0,0,34
12/02/2001,ADQ,AK,AAL,WE,Federal Contract Tower,4,8,0,1,13,0,20,0,1,21,4,28,0,2,34,10,32,42,76
12/03/2001,ADQ,AK,AAL,WE,Federal Contract Tower,4,8,2,5,19,0,26,5,7,38,4,34,7,12,57,8,19,27,84
12/04/2001,ADQ,AK,AAL,WE,Federal Contract Tower,6,7,0,2,15,0,10,0,9,19,6,17,0,11,34,0,76,76,110
12/05/2001,ADQ,AK,AAL,WE,Federal Contract Tower,6,8,1,0,15,0,20,11,0,31,6,28,12,0,46,7,0,7,53
12/06/2001,ADQ,AK,AAL,WE,Federal Contract Tower,6,6,2,2,16,0,23,6,12,41,6,29,8,14,57,19,39,58,115
12/07/2001,ADQ,AK,AAL,WE,Federal Contract Tower,4,10,3,1,18,0,21,6,7,34,4,31,9,8,52,5,32,37,89
12/08/2001,ADQ,AK,AAL,WE,Federal Contract Tower,2,4,0,2,8,0,9,2,0,11,2,13,2,2,19,0,32,32,51
12/09/2001,ADQ,AK,AAL,WE,Federal Contract Tower,4,6,2,2,14,0,8,10,9,27,4,14,12,11,41,18,0,18,59
12/10/2001,ADQ,AK,AAL,WE,Federal Contract Tower,4,11,0,4,19,0,14,1,8,23,4,25,1,12,42,11,17,28,70
12/11/2001,ADQ,AK,AAL,WE,Federal Contract Tower,6,8,0,3,17,0,11,0,3,14,6,19,0,6,31,0,90,90,121
12/12/2001,ADQ,AK,AAL,WE,Federal Contract Tower,3,9,0,2,14,1,20,2,7,30,4,29,2,9,44,0,35,35,79
12/13/2001,ADQ,AK,AAL,WE,Federal Contract Tower,4,9,0,0,13,0,3,0,1,4,4,12,0,1,17,0,68,68,85
12/14/2001,ADQ,AK,AAL,WE,Federal Contract Tower,4,10,1,2,17,0,22,1,5,28,4,32,2,7,45,26,30,56,101
12/15/2001,ADQ,AK,AAL,WE,Federal Contract Tower,4,4,0,3,11,0,6,0,0,6,4,10,0,3,17,0,20,20,37
12/16/2001,ADQ,AK,AAL,WE,Federal Contract Tower,6,5,0,2,13,0,3,0,1,4,6,8,0,3,17,0,0,0,17
12/17/2001,ADQ,AK,AAL,WE,Federal Contract Tower,3,8,0,4,15,0,28,2,2,32,3,36,2,6,47,0,95,95,142
12/18/2001,ADQ,AK,AAL,WE,Federal Contract Tower,4,9,0,1,14,0,11,0,7,18,4,20,0,8,32,0,26,26,58
12/19/2001,ADQ,AK,AAL,WE,Federal Contract Tower,4,9,0,2,15,0,16,2,5,23,4,25,2,7,38,0,15,15,53
12/20/2001,ADQ,AK,AAL,WE,Federal Contract Tower,4,15,0,1,20,0,11,0,3,14,4,26,0,4,34,0,22,22,56
12/21/2001,ADQ,AK,AAL,WE,Federal Contract Tower,7,10,0,1,18,1,22,0,6,29,8,32,0,7,47,4,0,4,51
12/22/2001,ADQ,AK,AAL,WE,Federal Contract Tower,6,2,2,0,10,0,13,8,3,24,6,15,10,3,34,0,40,40,74
12/23/2001,ADQ,AK,AAL,WE,Federal Contract Tower,4,5,0,0,9,0,1,2,2,5,4,6,2,2,14,0,32,32,46
12/24/2001,ADQ,AK,AAL,WE,Federal Contract Tower,4,7,2,0,13,0,5,3,0,8,4,12,5,0,21,0,0,0,21
12/25/2001,ADQ,AK,AAL,WE,Federal Contract Tower,0,0,0,0,0,0,0,0,0,0,0,0,0,0,0,0,0,0,0
12/26/2001,ADQ,AK,AAL,WE,Federal Contract Tower,4,9,2,0,15,0,0,0,0,0,4,9,2,0,15,0,2,2,17
12/27/2001,ADQ,AK,AAL,WE,Federal Contract Tower,6,10,1,2,19,0,14,3,9,26,6,24,4,11,45,36,10,46,91
12/28/2001,ADQ,AK,AAL,WE,Federal Contract Tower,4,9,1,2,16,0,9,2,9,20,4,18,3,11,36,0,21,21,57
12/29/2001,ADQ,AK,AAL,WE,Federal Contract Tower,2,5,0,3,10,0,7,0,1,8,2,12,0,4,18,0,0,0,18
12/30/2001,ADQ,AK,AAL,WE,Federal Contract Tower,4,4,2,0,10,0,0,0,1,1,4,4,2,1,11,0,0,0,11
12/31/2001,ADQ,AK,AAL,WE,Federal Contract Tower,4,8,0,0,12,0,4,0,0,4,4,12,0,0,16,0,0,0,16
01/01/2002,ADQ,AK,AAL,WE,Federal Contract Tower,4,0,0,0,4,0,2,2,0,4,4,2,2,0,8,28,0,28,36
01/02/2002,ADQ,AK,AAL,WE,Federal Contract Tower,4,10,0,0,14,0,2,2,2,6,4,12,2,2,20,7,17,24,44
01/03/2002,ADQ,AK,AAL,WE,Federal Contract Tower,4,11,3,3,21,0,3,6,7,16,4,14,9,10,37,0,112,112,149
01/04/2002,ADQ,AK,AAL,WE,Federal Contract Tower,2,8,0,6,16,0,0,0,5,5,2,8,0,11,21,0,122,122,143
01/05/2002,ADQ,AK,AAL,WE,Federal Contract Tower,4,6,0,2,12,0,0,0,2,2,4,6,0,4,14,0,2,2,16
01/06/2002,ADQ,AK,AAL,WE,Federal Contract Tower,4,8,0,1,13,0,0,0,0,0,4,8,0,1,13,0,0,0,13
01/07/2002,ADQ,AK,AAL,WE,Federal Contract Tower,4,7,2,1,14,0,14,7,4,25,4,21,9,5,39,34,83,117,156
01/08/2002,ADQ,AK,AAL,WE,Federal Contract Tower,6,9,4,3,22,0,2,0,0,2,6,11,4,3,24,0,51,51,75
01/09/2002,ADQ,AK,AAL,WE,Federal Contract Tower,4,7,4,3,18,0,4,2,4,10,4,11,6,7,28,0,31,31,59
01/10/2002,ADQ,AK,AAL,WE,Federal Contract Tower,6,12,2,6,26,0,9,2,8,19,6,21,4,14,45,0,24,24,69
01/11/2002,ADQ,AK,AAL,WE,Federal Contract Tower,4,11,0,2,17,0,12,2,4,18,4,23,2,6,35,28,72,100,135
01/12/2002,ADQ,AK,AAL,WE,Federal Contract Tower,4,6,0,2,12,0,1,1,1,3,4,7,1,3,15,2,0,2,17
01/13/2002,ADQ,AK,AAL,WE,Federal Contract Tower,6,6,0,4,16,0,8,1,3,12,6,14,1,7,28,6,2,8,36
01/14/2002,ADQ,AK,AAL,WE,Federal Contract Tower,4,8,0,7,19,0,15,2,8,25,4,23,2,15,44,0,45,45,89
01/15/2002,ADQ,AK,AAL,WE,Federal Contract Tower,5,10,0,4,19,1,10,6,11,28,6,20,6,15,47,19,108,127,174
01/16/2002,ADQ,AK,AAL,WE,Federal Contract Tower,4,2,2,4,12,0,0,0,1,1,4,2,2,5,13,0,0,0,13
01/17/2002,ADQ,AK,AAL,WE,Federal Contract Tower,5,7,0,8,20,0,2,0,2,4,5,9,0,10,24,7,1,8,32
01/18/2002,ADQ,AK,AAL,WE,Federal Contract Tower,4,6,1,3,14,0,30,4,8,42,4,36,5,11,56,26,88,114,170
01/19/2002,ADQ,AK,AAL,WE,Federal Contract Tower,6,3,0,4,13,0,6,2,4,12,6,9,2,8,25,2,18,20,45
01/20/2002,ADQ,AK,AAL,WE,Federal Contract Tower,4,5,0,0,9,0,3,0,1,4,4,8,0,1,13,0,0,0,13
01/21/2002,ADQ,AK,AAL,WE,Federal Contract Tower,3,8,2,1,14,0,15,5,4,24,3,23,7,5,38,2,30,32,70
01/22/2002,ADQ,AK,AAL,WE,Federal Contract Tower,2,0,0,3,5,0,0,0,0,0,2,0,0,3,5,0,0,0,5
01/23/2002,ADQ,AK,AAL,WE,Federal Contract Tower,4,7,0,2,13,0,21,0,5,26,4,28,0,7,39,3,155,158,197
01/24/2002,ADQ,AK,AAL,WE,Federal Contract Tower,4,8,0,0,12,0,2,0,1,3,4,10,0,1,15,0,16,16,31
01/25/2002,ADQ,AK,AAL,WE,Federal Contract Tower,5,11,0,1,17,1,23,0,9,33,6,34,0,10,50,4,50,54,104
01/26/2002,ADQ,AK,AAL,WE,Federal Contract Tower,6,8,0,5,19,0,2,0,4,6,6,10,0,9,25,0,0,0,25
01/27/2002,ADQ,AK,AAL,WE,Federal Contract Tower,4,6,2,2,14,0,16,0,0,16,4,22,2,2,30,64,37,101,131
01/28/2002,ADQ,AK,AAL,WE,Federal Contract Tower,4,7,0,1,12,0,12,1,11,24,4,19,1,12,36,14,78,92,128
01/29/2002,ADQ,AK,AAL,WE,Federal Contract Tower,6,9,0,3,18,0,17,0,2,19,6,26,0,5,37,22,77,99,136
01/30/2002,ADQ,AK,AAL,WE,Federal Contract Tower,5,11,0,0,16,0,16,2,9,27,5,27,2,9,43,4,97,101,144
01/31/2002,ADQ,AK,AAL,WE,Federal Contract Tower,6,8,3,10,27,0,8,1,1,10,6,16,4,11,37,0,46,46,83
02/01/2002,ADQ,AK,AAL,WE,Federal Contract Tower,6,30,0,9,45,0,0,0,0,0,6,30,0,9,45,0,0,0,45
02/02/2002,ADQ,AK,AAL,WE,Federal Contract Tower,6,23,1,2,32,0,0,2,1,3,6,23,3,3,35,16,8,24,59
02/03/2002,ADQ,AK,AAL,WE,Federal Contract Tower,3,9,0,4,16,0,3,0,0,3,3,12,0,4,19,0,0,0,19
02/04/2002,ADQ,AK,AAL,WE,Federal Contract Tower,6,8,1,3,18,0,20,1,5,26,6,28,2,8,44,0,27,27,71
02/05/2002,ADQ,AK,AAL,WE,Federal Contract Tower,5,10,0,3,18,1,9,4,7,21,6,19,4,10,39,0,28,28,67
02/06/2002,ADQ,AK,AAL,WE,Federal Contract Tower,4,9,0,8,21,0,12,2,26,40,4,21,2,34,61,0,3,3,64
02/07/2002,ADQ,AK,AAL,WE,Federal Contract Tower,9,14,0,1,24,1,12,5,9,27,10,26,5,10,51,12,56,68,119
02/08/2002,ADQ,AK,AAL,WE,Federal Contract Tower,4,3,0,6,13,0,5,0,0,5,4,8,0,6,18,0,0,0,18
02/09/2002,ADQ,AK,AAL,WE,Federal Contract Tower,6,2,0,1,9,0,4,0,1,5,6,6,0,2,14,0,0,0,14
02/10/2002,ADQ,AK,AAL,WE,Federal Contract Tower,6,5,0,1,12,0,15,7,0,22,6,20,7,1,34,32,4,36,70
02/11/2002,ADQ,AK,AAL,WE,Federal Contract Tower,6,11,0,2,19,0,6,0,4,10,6,17,0,6,29,4,3,7,36
02/12/2002,ADQ,AK,AAL,WE,Federal Contract Tower,6,6,0,2,14,0,17,4,18,39,6,23,4,20,53,0,13,13,66
02/13/2002,ADQ,AK,AAL,WE,Federal Contract Tower,6,9,0,5,20,0,11,4,9,24,6,20,4,14,44,0,2,2,46
02/14/2002,ADQ,AK,AAL,WE,Federal Contract Tower,4,8,0,4,16,0,14,6,5,25,4,22,6,9,41,34,22,56,97
02/15/2002,ADQ,AK,AAL,WE,Federal Contract Tower,4,8,0,7,19,0,20,0,5,25,4,28,0,12,44,0,0,0,44
02/16/2002,ADQ,AK,AAL,WE,Federal Contract Tower,4,1,0,0,5,0,1,0,0,1,4,2,0,0,6,0,0,0,6
02/17/2002,ADQ,AK,AAL,WE,Federal Contract Tower,2,5,0,2,9,0,0,0,0,0,2,5,0,2,9,0,0,0,9
02/18/2002,ADQ,AK,AAL,WE,Federal Contract Tower,9,10,2,1,22,0,22,0,2,24,9,32,2,3,46,10,62,72,118
02/19/2002,ADQ,AK,AAL,WE,Federal Contract Tower,5,6,3,1,15,0,8,0,10,18,5,14,3,11,33,0,37,37,70
02/20/2002,ADQ,AK,AAL,WE,Federal Contract Tower,6,5,2,2,15,0,20,4,10,34,6,25,6,12,49,0,41,41,90
02/21/2002,ADQ,AK,AAL,WE,Federal Contract Tower,6,9,0,5,20,0,13,2,7,22,6,22,2,12,42,20,79,99,141
02/22/2002,ADQ,AK,AAL,WE,Federal Contract Tower,2,6,0,7,15,0,0,0,4,4,2,6,0,11,19,0,0,0,19
02/23/2002,ADQ,AK,AAL,WE,Federal Contract Tower,6,6,0,11,23,0,3,0,2,5,6,9,0,13,28,0,0,0,28
02/24/2002,ADQ,AK,AAL,WE,Federal Contract Tower,3,0,0,1,4,0,0,0,0,0,3,0,0,1,4,0,0,0,4
02/25/2002,ADQ,AK,AAL,WE,Federal Contract Tower,6,8,0,11,25,0,25,2,0,27,6,33,2,11,52,1,6,7,59
02/26/2002,ADQ,AK,AAL,WE,Federal Contract Tower,6,10,3,2,21,0,6,1,5,12,6,16,4,7,33,30,101,131,164
02/27/2002,ADQ,AK,AAL,WE,Federal Contract Tower,2,8,1,4,15,0,5,5,2,12,2,13,6,6,27,20,30,50,77
02/28/2002,ADQ,AK,AAL,WE,Federal Contract Tower,7,7,2,0,16,0,18,6,5,29,7,25,8,5,45,25,70,95,140
03/01/2002,ADQ,AK,AAL,WE,Federal Contract Tower,6,12,0,6,24,0,3,0,0,3,6,15,0,6,27,0,26,26,53
03/02/2002,ADQ,AK,AAL,WE,Federal Contract Tower,6,2,0,1,9,0,26,6,8,40,6,28,6,9,49,0,9,9,58
03/03/2002,ADQ,AK,AAL,WE,Federal Contract Tower,4,6,2,2,14,0,6,0,2,8,4,12,2,4,22,0,16,16,38
03/04/2002,ADQ,AK,AAL,WE,Federal Contract Tower,7,8,0,0,15,1,24,9,0,34,8,32,9,0,49,24,0,24,73
03/05/2002,ADQ,AK,AAL,WE,Federal Contract Tower,7,8,0,3,18,3,20,7,9,39,10,28,7,12,57,0,38,38,95
03/06/2002,ADQ,AK,AAL,WE,Federal Contract Tower,9,12,1,4,26,1,8,2,16,27,10,20,3,20,53,3,27,30,83
03/07/2002,ADQ,AK,AAL,WE,Federal Contract Tower,8,8,1,0,17,0,16,5,8,29,8,24,6,8,46,17,104,121,167
03/08/2002,ADQ,AK,AAL,WE,Federal Contract Tower,8,12,0,5,25,0,10,0,7,17,8,22,0,12,42,19,63,82,124
03/09/2002,ADQ,AK,AAL,WE,Federal Contract Tower,8,3,0,3,14,0,8,2,1,11,8,11,2,4,25,0,55,55,80
03/10/2002,ADQ,AK,AAL,WE,Federal Contract Tower,5,6,2,3,16,1,6,2,2,11,6,12,4,5,27,0,0,0,27
03/11/2002,ADQ,AK,AAL,WE,Federal Contract Tower,8,3,3,0,14,0,23,0,3,26,8,26,3,3,40,0,166,166,206
03/12/2002,ADQ,AK,AAL,WE,Federal Contract Tower,4,6,1,1,12,2,25,4,9,40,6,31,5,10,52,19,128,147,199
03/13/2002,ADQ,AK,AAL,WE,Federal Contract Tower,6,12,2,8,28,0,13,1,0,14,6,25,3,8,42,8,17,25,67
03/14/2002,ADQ,AK,AAL,WE,Federal Contract Tower,7,10,0,5,22,1,13,6,11,31,8,23,6,16,53,12,0,12,65
03/15/2002,ADQ,AK,AAL,WE,Federal Contract Tower,4,12,0,3,19,0,0,0,0,0,4,12,0,3,19,0,0,0,19
03/16/2002,ADQ,AK,AAL,WE,Federal Contract Tower,7,12,2,3,24,0,3,0,1,4,7,15,2,4,28,0,0,0,28
03/17/2002,ADQ,AK,AAL,WE,Federal Contract Tower,2,1,0,0,3,0,11,0,0,11,2,12,0,0,14,0,0,0,14
03/18/2002,ADQ,AK,AAL,WE,Federal Contract Tower,6,10,0,1,17,0,17,3,7,27,6,27,3,8,44,0,133,133,177
03/19/2002,ADQ,AK,AAL,WE,Federal Contract Tower,10,8,4,3,25,0,24,1,8,33,10,32,5,11,58,3,70,73,131
03/20/2002,ADQ,AK,AAL,WE,Federal Contract Tower,11,6,0,5,22,0,17,0,13,30,11,23,0,18,52,14,103,117,169
03/21/2002,ADQ,AK,AAL,WE,Federal Contract Tower,10,7,3,2,22,0,13,2,6,21,10,20,5,8,43,13,77,90,133
03/22/2002,ADQ,AK,AAL,WE,Federal Contract Tower,6,8,0,1,15,0,18,2,0,20,6,26,2,1,35,9,0,9,44
03/23/2002,ADQ,AK,AAL,WE,Federal Contract Tower,8,4,0,2,14,0,6,0,3,9,8,10,0,5,23,6,16,22,45
03/24/2002,ADQ,AK,AAL,WE,Federal Contract Tower,6,9,0,0,15,0,0,0,0,0,6,9,0,0,15,0,0,0,15
03/25/2002,ADQ,AK,AAL,WE,Federal Contract Tower,10,10,0,8,28,0,17,0,2,19,10,27,0,10,47,0,42,42,89
03/26/2002,ADQ,AK,AAL,WE,Federal Contract Tower,8,7,0,2,17,0,19,5,7,31,8,26,5,9,48,0,54,54,102
03/27/2002,ADQ,AK,AAL,WE,Federal Contract Tower,5,5,0,5,15,1,16,2,7,26,6,21,2,12,41,5,97,102,143
03/28/2002,ADQ,AK,AAL,WE,Federal Contract Tower,7,7,0,4,18,1,19,7,6,33,8,26,7,10,51,18,92,110,161
03/29/2002,ADQ,AK,AAL,WE,Federal Contract Tower,6,10,0,3,19,0,17,7,4,28,6,27,7,7,47,8,50,58,105
03/30/2002,ADQ,AK,AAL,WE,Federal Contract Tower,6,4,2,2,14,0,17,5,6,28,6,21,7,8,42,18,16,34,76
03/31/2002,ADQ,AK,AAL,WE,Federal Contract Tower,6,6,0,0,12,0,4,4,0,8,6,10,4,0,20,0,0,0,20
04/01/2002,ADQ,AK,AAL,WE,Federal Contract Tower,5,11,0,4,20,0,14,8,5,27,5,25,8,9,47,5,43,48,95
04/02/2002,ADQ,AK,AAL,WE,Federal Contract Tower,7,7,1,4,19,0,12,3,1,16,7,19,4,5,35,25,40,65,100
04/03/2002,ADQ,AK,AAL,WE,Federal Contract Tower,5,7,0,8,20,0,24,8,13,45,5,31,8,21,65,31,173,204,269
04/04/2002,ADQ,AK,AAL,WE,Federal Contract Tower,5,10,2,5,22,2,17,9,8,36,7,27,11,13,58,0,141,141,199
04/05/2002,ADQ,AK,AAL,WE,Federal Contract Tower,5,7,4,4,20,0,25,7,5,37,5,32,11,9,57,21,58,79,136
04/06/2002,ADQ,AK,AAL,WE,Federal Contract Tower,6,2,2,0,10,0,18,6,0,24,6,20,8,0,34,13,19,32,66
04/07/2002,ADQ,AK,AAL,WE,Federal Contract Tower,5,5,2,3,15,1,25,5,1,32,6,30,7,4,47,0,5,5,52
04/08/2002,ADQ,AK,AAL,WE,Federal Contract Tower,5,6,2,4,17,0,16,2,8,26,5,22,4,12,43,0,138,138,181
04/09/2002,ADQ,AK,AAL,WE,Federal Contract Tower,6,9,1,1,17,0,15,3,14,32,6,24,4,15,49,58,101,159,208
04/10/2002,ADQ,AK,AAL,WE,Federal Contract Tower,4,10,0,6,20,1,16,2,5,24,5,26,2,11,44,40,177,217,261
04/11/2002,ADQ,AK,AAL,WE,Federal Contract Tower,6,9,2,3,20,1,18,7,10,36,7,27,9,13,56,0,94,94,150
04/12/2002,ADQ,AK,AAL,WE,Federal Contract Tower,5,9,2,3,19,0,59,0,8,67,5,68,2,11,86,0,89,89,175
04/13/2002,ADQ,AK,AAL,WE,Federal Contract Tower,6,2,0,0,8,1,14,0,0,15,7,16,0,0,23,0,6,6,29
04/14/2002,ADQ,AK,AAL,WE,Federal Contract Tower,3,7,0,2,12,0,11,4,0,15,3,18,4,2,27,54,50,104,131
04/15/2002,ADQ,AK,AAL,WE,Federal Contract Tower,3,7,0,2,12,0,29,1,3,33,3,36,1,5,45,0,93,93,138
04/16/2002,ADQ,AK,AAL,WE,Federal Contract Tower,5,4,2,2,13,0,40,15,7,62,5,44,17,9,75,19,89,108,183
04/17/2002,ADQ,AK,AAL,WE,Federal Contract Tower,3,11,0,6,20,0,17,6,3,26,3,28,6,9,46,0,22,22,68
04/18/2002,ADQ,AK,AAL,WE,Federal Contract Tower,3,21,3,4,31,0,0,0,0,0,3,21,3,4,31,0,38,38,69
04/19/2002,ADQ,AK,AAL,WE,Federal Contract Tower,5,10,3,2,20,0,41,10,6,57,5,51,13,8,77,2,111,113,190
04/20/2002,ADQ,AK,AAL,WE,Federal Contract Tower,5,5,0,0,10,0,34,7,8,49,5,39,7,8,59,0,0,0,59
04/21/2002,ADQ,AK,AAL,WE,Federal Contract Tower,3,4,2,1,10,0,6,0,6,12,3,10,2,7,22,0,2,2,24
04/22/2002,ADQ,AK,AAL,WE,Federal Contract Tower,2,7,1,1,11,1,32,11,10,54,3,39,12,11,65,36,47,83,148
04/23/2002,ADQ,AK,AAL,WE,Federal Contract Tower,3,4,2,1,10,2,27,12,13,54,5,31,14,14,64,75,57,132,196
04/24/2002,ADQ,AK,AAL,WE,Federal Contract Tower,3,7,1,8,19,1,24,7,9,41,4,31,8,17,60,24,28,52,112
04/25/2002,ADQ,AK,AAL,WE,Federal Contract Tower,3,7,0,3,13,2,15,14,9,40,5,22,14,12,53,10,33,43,96
04/26/2002,ADQ,AK,AAL,WE,Federal Contract Tower,2,8,1,0,11,1,27,13,11,52,3,35,14,11,63,52,38,90,153
04/27/2002,ADQ,AK,AAL,WE,Federal Contract Tower,5,4,2,0,11,0,12,10,0,22,5,16,12,0,33,0,28,28,61
04/28/2002,ADQ,AK,AAL,WE,Federal Contract Tower,2,6,0,1,9,1,14,11,4,30,3,20,11,5,39,31,6,37,76
04/29/2002,ADQ,AK,AAL,WE,Federal Contract Tower,3,7,0,0,10,0,28,15,6,49,3,35,15,6,59,4,32,36,95
04/30/2002,ADQ,AK,AAL,WE,Federal Contract Tower,5,7,0,6,18,0,18,5,13,36,5,25,5,19,54,12,20,32,86
05/01/2002,ADQ,AK,AAL,WE,Federal Contract Tower,4,9,0,6,19,1,32,2,12,47,5,41,2,18,66,0,32,32,98
05/02/2002,ADQ,AK,AAL,WE,Federal Contract Tower,5,7,0,2,14,0,28,12,5,45,5,35,12,7,59,49,57,106,165
05/03/2002,ADQ,AK,AAL,WE,Federal Contract Tower,3,14,0,1,18,0,33,6,9,48,3,47,6,10,66,16,26,42,108
05/04/2002,ADQ,AK,AAL,WE,Federal Contract Tower,4,8,4,1,17,1,33,15,3,52,5,41,19,4,69,50,0,50,119
05/05/2002,ADQ,AK,AAL,WE,Federal Contract Tower,3,12,2,6,23,0,0,0,2,2,3,12,2,8,25,0,26,26,51
05/06/2002,ADQ,AK,AAL,WE,Federal Contract Tower,3,9,2,3,17,0,35,12,16,63,3,44,14,19,80,9,9,18,98
05/07/2002,ADQ,AK,AAL,WE,Federal Contract Tower,5,10,2,5,22,0,28,8,1,37,5,38,10,6,59,25,49,74,133
05/08/2002,ADQ,AK,AAL,WE,Federal Contract Tower,5,11,4,5,25,0,23,4,11,38,5,34,8,16,63,16,8,24,87
05/09/2002,ADQ,AK,AAL,WE,Federal Contract Tower,5,9,1,2,17,0,37,7,5,49,5,46,8,7,66,9,15,24,90
05/10/2002,ADQ,AK,AAL,WE,Federal Contract Tower,5,11,0,2,18,1,27,10,8,46,6,38,10,10,64,29,0,29,93
05/11/2002,ADQ,AK,AAL,WE,Federal Contract Tower,5,4,0,1,10,0,17,5,4,26,5,21,5,5,36,7,0,7,43
05/12/2002,ADQ,AK,AAL,WE,Federal Contract Tower,3,6,0,1,10,0,12,9,3,24,3,18,9,4,34,47,22,69,103
05/13/2002,ADQ,AK,AAL,WE,Federal Contract Tower,3,6,0,4,13,0,28,9,12,49,3,34,9,16,62,49,20,69,131
05/14/2002,ADQ,AK,AAL,WE,Federal Contract Tower,5,7,2,4,18,0,18,10,3,31,5,25,12,7,49,58,30,88,137
05/15/2002,ADQ,AK,AAL,WE,Federal Contract Tower,3,13,0,4,20,0,21,3,8,32,3,34,3,12,52,16,42,58,110
05/16/2002,ADQ,AK,AAL,WE,Federal Contract Tower,5,8,0,2,15,0,23,9,16,48,5,31,9,18,63,27,37,64,127
05/17/2002,ADQ,AK,AAL,WE,Federal Contract Tower,2,9,0,2,13,0,13,14,10,37,2,22,14,12,50,25,0,25,75
05/18/2002,ADQ,AK,AAL,WE,Federal Contract Tower,4,4,0,1,9,1,21,11,2,35,5,25,11,3,44,38,7,45,89
05/19/2002,ADQ,AK,AAL,WE,Federal Contract Tower,3,5,0,2,10,0,15,11,4,30,3,20,11,6,40,2,3,5,45
05/20/2002,ADQ,AK,AAL,WE,Federal Contract Tower,3,8,1,2,14,0,18,10,12,40,3,26,11,14,54,47,83,130,184
05/21/2002,ADQ,AK,AAL,WE,Federal Contract Tower,5,7,2,2,16,0,10,17,5,32,5,17,19,7,48,31,22,53,101
05/22/2002,ADQ,AK,AAL,WE,Federal Contract Tower,3,25,0,7,35,0,7,4,3,14,3,32,4,10,49,0,53,53,102
05/23/2002,ADQ,AK,AAL,WE,Federal Contract Tower,6,13,6,7,32,1,23,2,4,30,7,36,8,11,62,67,4,71,133
05/24/2002,ADQ,AK,AAL,WE,Federal Contract Tower,3,9,2,5,19,0,34,2,8,44,3,43,4,13,63,43,32,75,138
05/25/2002,ADQ,AK,AAL,WE,Federal Contract Tower,5,4,2,9,20,0,16,5,10,31,5,20,7,19,51,0,2,2,53
05/26/2002,ADQ,AK,AAL,WE,Federal Contract Tower,3,9,2,5,19,0,6,0,0,6,3,15,2,5,25,28,0,28,53
05/27/2002,ADQ,AK,AAL,WE,Federal Contract Tower,1,10,2,2,15,0,0,0,1,1,1,10,2,3,16,0,0,0,16
05/28/2002,ADQ,AK,AAL,WE,Federal Contract Tower,4,25,5,10,44,1,0,1,2,4,5,25,6,12,48,0,52,52,100
05/29/2002,ADQ,AK,AAL,WE,Federal Contract Tower,3,16,4,3,26,0,0,2,2,4,3,16,6,5,30,0,2,2,32
05/30/2002,ADQ,AK,AAL,WE,Federal Contract Tower,5,47,0,8,60,0,0,4,0,4,5,47,4,8,64,5,0,5,69
05/31/2002,ADQ,AK,AAL,WE,Federal Contract Tower,3,31,0,7,41,0,0,5,0,5,3,31,5,7,46,0,0,0,46
06/01/2002,ADQ,AK,AAL,WE,Federal Contract Tower,5,19,2,0,26,0,5,3,3,11,5,24,5,3,37,22,43,65,102
06/02/2002,ADQ,AK,AAL,WE,Federal Contract Tower,1,11,2,4,18,0,0,0,2,2,1,11,2,6,20,0,2,2,22
06/03/2002,ADQ,AK,AAL,WE,Federal Contract Tower,3,23,1,6,33,0,0,0,0,0,3,23,1,6,33,7,5,12,45
06/04/2002,ADQ,AK,AAL,WE,Federal Contract Tower,3,8,4,0,15,0,19,8,4,31,3,27,12,4,46,47,11,58,104
06/05/2002,ADQ,AK,AAL,WE,Federal Contract Tower,2,7,4,3,16,1,41,13,9,64,3,48,17,12,80,49,103,152,232
06/06/2002,ADQ,AK,AAL,WE,Federal Contract Tower,5,7,2,1,15,0,38,7,13,58,5,45,9,14,73,5,42,47,120
06/07/2002,ADQ,AK,AAL,WE,Federal Contract Tower,3,11,2,1,17,0,24,3,5,32,3,35,5,6,49,13,91,104,153
06/08/2002,ADQ,AK,AAL,WE,Federal Contract Tower,2,14,2,2,20,0,4,0,2,6,2,18,2,4,26,0,0,0,26
06/09/2002,ADQ,AK,AAL,WE,Federal Contract Tower,3,6,0,2,11,0,35,2,0,37,3,41,2,2,48,0,27,27,75
06/10/2002,ADQ,AK,AAL,WE,Federal Contract Tower,3,8,0,5,16,0,24,4,6,34,3,32,4,11,50,0,38,38,88
06/11/2002,ADQ,AK,AAL,WE,Federal Contract Tower,5,14,8,9,36,0,18,0,6,24,5,32,8,15,60,0,28,28,88
06/12/2002,ADQ,AK,AAL,WE,Federal Contract Tower,3,10,4,10,27,0,39,9,11,59,3,49,13,21,86,0,0,0,86
06/13/2002,ADQ,AK,AAL,WE,Federal Contract Tower,4,12,1,6,23,0,32,5,7,44,4,44,6,13,67,0,27,27,94
06/14/2002,ADQ,AK,AAL,WE,Federal Contract Tower,4,18,0,4,26,0,31,18,4,53,4,49,18,8,79,15,58,73,152
06/15/2002,ADQ,AK,AAL,WE,Federal Contract Tower,5,5,2,0,12,0,30,19,3,52,5,35,21,3,64,31,25,56,120
06/16/2002,ADQ,AK,AAL,WE,Federal Contract Tower,3,33,5,3,44,0,0,0,0,0,3,33,5,3,44,0,0,0,44
06/17/2002,ADQ,AK,AAL,WE,Federal Contract Tower,2,20,5,4,31,1,19,6,8,34,3,39,11,12,65,0,66,66,131
06/18/2002,ADQ,AK,AAL,WE,Federal Contract Tower,7,6,0,4,17,0,21,14,7,42,7,27,14,11,59,4,11,15,74
06/19/2002,ADQ,AK,AAL,WE,Federal Contract Tower,4,9,6,1,20,0,28,8,7,43,4,37,14,8,63,0,59,59,122
06/20/2002,ADQ,AK,AAL,WE,Federal Contract Tower,5,25,4,5,39,0,17,2,8,27,5,42,6,13,66,17,13,30,96
06/21/2002,ADQ,AK,AAL,WE,Federal Contract Tower,6,30,2,6,44,0,0,6,0,6,6,30,8,6,50,0,11,11,61
06/22/2002,ADQ,AK,AAL,WE,Federal Contract Tower,3,7,1,1,12,2,14,3,1,20,5,21,4,2,32,16,36,52,84
06/23/2002,ADQ,AK,AAL,WE,Federal Contract Tower,3,13,2,1,19,0,0,0,0,0,3,13,2,1,19,0,0,0,19
06/24/2002,ADQ,AK,AAL,WE,Federal Contract Tower,3,20,1,5,29,0,0,0,1,1,3,20,1,6,30,0,0,0,30
06/25/2002,ADQ,AK,AAL,WE,Federal Contract Tower,5,20,1,16,42,0,0,0,1,1,5,20,1,17,43,27,28,55,98
06/26/2002,ADQ,AK,AAL,WE,Federal Contract Tower,3,23,5,8,39,0,0,0,1,1,3,23,5,9,40,0,38,38,78
06/27/2002,ADQ,AK,AAL,WE,Federal Contract Tower,5,38,2,8,53,0,0,0,0,0,5,38,2,8,53,0,8,8,61
06/28/2002,ADQ,AK,AAL,WE,Federal Contract Tower,5,27,2,3,37,0,18,5,4,27,5,45,7,7,64,0,8,8,72
06/29/2002,ADQ,AK,AAL,WE,Federal Contract Tower,5,6,0,1,12,0,38,6,5,49,5,44,6,6,61,0,0,0,61
06/30/2002,ADQ,AK,AAL,WE,Federal Contract Tower,3,6,1,0,10,0,15,8,0,23,3,21,9,0,33,26,30,56,89
07/01/2002,ADQ,AK,AAL,WE,Federal Contract Tower,4,10,2,2,18,1,25,5,1,32,5,35,7,3,50,2,14,16,66
07/02/2002,ADQ,AK,AAL,WE,Federal Contract Tower,4,18,3,1,26,0,14,0,0,14,4,32,3,1,40,0,23,23,63
07/03/2002,ADQ,AK,AAL,WE,Federal Contract Tower,6,7,2,1,16,0,35,7,12,54,6,42,9,13,70,31,64,95,165
07/04/2002,ADQ,AK,AAL,WE,Federal Contract Tower,3,4,1,0,8,0,12,1,4,17,3,16,2,4,25,0,10,10,35
07/05/2002,ADQ,AK,AAL,WE,Federal Contract Tower,3,6,0,1,10,0,42,7,4,53,3,48,7,5,63,7,55,62,125
07/06/2002,ADQ,AK,AAL,WE,Federal Contract Tower,5,20,2,6,33,0,13,5,1,19,5,33,7,7,52,0,0,0,52
07/07/2002,ADQ,AK,AAL,WE,Federal Contract Tower,3,8,6,0,17,0,9,4,5,18,3,17,10,5,35,0,27,27,62
07/08/2002,ADQ,AK,AAL,WE,Federal Contract Tower,3,10,3,3,19,0,23,1,5,29,3,33,4,8,48,8,60,68,116
07/09/2002,ADQ,AK,AAL,WE,Federal Contract Tower,5,17,2,0,24,0,7,1,11,19,5,24,3,11,43,4,25,29,72
07/10/2002,ADQ,AK,AAL,WE,Federal Contract Tower,3,11,5,4,23,0,6,0,7,13,3,17,5,11,36,0,62,62,98
07/11/2002,ADQ,AK,AAL,WE,Federal Contract Tower,5,5,1,3,14,0,50,9,11,70,5,55,10,14,84,0,9,9,93
07/12/2002,ADQ,AK,AAL,WE,Federal Contract Tower,3,8,4,2,17,0,35,5,9,49,3,43,9,11,66,0,40,40,106
07/13/2002,ADQ,AK,AAL,WE,Federal Contract Tower,5,4,2,4,15,0,29,1,0,30,5,33,3,4,45,0,20,20,65
07/14/2002,ADQ,AK,AAL,WE,Federal Contract Tower,3,9,2,1,15,0,0,0,1,1,3,9,2,2,16,0,0,0,16
07/15/2002,ADQ,AK,AAL,WE,Federal Contract Tower,2,10,2,5,19,0,21,0,0,21,2,31,2,5,40,1,9,10,50
07/16/2002,ADQ,AK,AAL,WE,Federal Contract Tower,5,7,3,4,19,0,29,10,12,51,5,36,13,16,70,9,121,130,200
07/17/2002,ADQ,AK,AAL,WE,Federal Contract Tower,3,4,3,6,16,0,44,7,7,58,3,48,10,13,74,0,20,20,94
07/18/2002,ADQ,AK,AAL,WE,Federal Contract Tower,1,17,3,3,24,0,0,0,1,1,1,17,3,4,25,0,0,0,25
07/19/2002,ADQ,AK,AAL,WE,Federal Contract Tower,2,27,6,0,35,0,0,1,2,3,2,27,7,2,38,0,0,0,38
07/20/2002,ADQ,AK,AAL,WE,Federal Contract Tower,8,42,9,5,64,0,0,0,1,1,8,42,9,6,65,2,0,2,67
07/21/2002,ADQ,AK,AAL,WE,Federal Contract Tower,2,5,2,1,10,0,3,0,1,4,2,8,2,2,14,5,0,5,19
07/22/2002,ADQ,AK,AAL,WE,Federal Contract Tower,4,1,0,3,8,0,1,0,0,1,4,2,0,3,9,0,0,0,9
07/23/2002,ADQ,AK,AAL,WE,Federal Contract Tower,3,20,5,7,35,0,0,1,3,4,3,20,6,10,39,0,0,0,39
07/24/2002,ADQ,AK,AAL,WE,Federal Contract Tower,4,9,4,8,25,0,35,4,9,48,4,44,8,17,73,9,16,25,98
07/25/2002,ADQ,AK,AAL,WE,Federal Contract Tower,5,8,5,6,24,0,22,1,7,30,5,30,6,13,54,0,12,12,66
07/26/2002,ADQ,AK,AAL,WE,Federal Contract Tower,3,10,0,4,17,0,22,10,3,35,3,32,10,7,52,0,5,5,57
07/27/2002,ADQ,AK,AAL,WE,Federal Contract Tower,6,7,2,1,16,0,28,8,6,42,6,35,10,7,58,8,0,8,66
07/28/2002,ADQ,AK,AAL,WE,Federal Contract Tower,3,8,0,0,11,0,23,4,2,29,3,31,4,2,40,9,24,33,73
07/29/2002,ADQ,AK,AAL,WE,Federal Contract Tower,3,5,0,2,10,0,38,6,6,50,3,43,6,8,60,1,29,30,90
07/30/2002,ADQ,AK,AAL,WE,Federal Contract Tower,4,8,3,7,22,1,21,10,8,40,5,29,13,15,62,9,35,44,106
07/31/2002,ADQ,AK,AAL,WE,Federal Contract Tower,3,8,1,4,16,0,16,9,2,27,3,24,10,6,43,7,42,49,92
08/01/2002,ADQ,AK,AAL,WE,Federal Contract Tower,3,9,0,4,16,1,25,9,8,43,4,34,9,12,59,10,4,14,73
08/02/2002,ADQ,AK,AAL,WE,Federal Contract Tower,3,5,0,4,12,0,29,10,6,45,3,34,10,10,57,8,7,15,72
08/03/2002,ADQ,AK,AAL,WE,Federal Contract Tower,3,3,0,2,8,0,17,7,3,27,3,20,7,5,35,2,0,2,37
08/04/2002,ADQ,AK,AAL,WE,Federal Contract Tower,3,8,5,6,22,0,15,5,0,20,3,23,10,6,42,0,0,0,42
08/05/2002,ADQ,AK,AAL,WE,Federal Contract Tower,2,14,2,8,26,0,9,0,0,9,2,23,2,8,35,0,6,6,41
08/06/2002,ADQ,AK,AAL,WE,Federal Contract Tower,5,11,3,4,23,0,29,0,3,32,5,40,3,7,55,37,5,42,97
08/07/2002,ADQ,AK,AAL,WE,Federal Contract Tower,3,7,2,4,16,0,34,7,1,42,3,41,9,5,58,2,79,81,139
08/08/2002,ADQ,AK,AAL,WE,Federal Contract Tower,5,12,0,3,20,0,25,8,9,42,5,37,8,12,62,0,38,38,100
08/09/2002,ADQ,AK,AAL,WE,Federal Contract Tower,3,6,0,1,10,0,20,8,5,33,3,26,8,6,43,0,25,25,68
08/10/2002,ADQ,AK,AAL,WE,Federal Contract Tower,5,19,2,2,28,0,4,1,3,8,5,23,3,5,36,0,0,0,36
08/11/2002,ADQ,AK,AAL,WE,Federal Contract Tower,3,8,4,2,17,0,24,0,0,24,3,32,4,2,41,0,45,45,86
08/12/2002,ADQ,AK,AAL,WE,Federal Contract Tower,3,10,1,4,18,0,29,4,0,33,3,39,5,4,51,16,25,41,92
08/13/2002,ADQ,AK,AAL,WE,Federal Contract Tower,3,9,0,0,12,2,34,14,4,54,5,43,14,4,66,31,51,82,148
08/14/2002,ADQ,AK,AAL,WE,Federal Contract Tower,3,9,2,4,18,0,43,15,7,65,3,52,17,11,83,5,6,11,94
08/15/2002,ADQ,AK,AAL,WE,Federal Contract Tower,5,11,4,3,23,0,17,4,6,27,5,28,8,9,50,0,41,41,91
08/16/2002,ADQ,AK,AAL,WE,Federal Contract Tower,3,9,2,3,17,0,31,14,9,54,3,40,16,12,71,19,0,19,90
08/17/2002,ADQ,AK,AAL,WE,Federal Contract Tower,5,6,2,2,15,0,30,15,1,46,5,36,17,3,61,13,34,47,108
08/18/2002,ADQ,AK,AAL,WE,Federal Contract Tower,3,7,3,1,14,0,43,17,1,61,3,50,20,2,75,10,24,34,109
08/19/2002,ADQ,AK,AAL,WE,Federal Contract Tower,3,10,1,5,19,0,24,2,3,29,3,34,3,8,48,0,12,12,60
08/20/2002,ADQ,AK,AAL,WE,Federal Contract Tower,5,8,1,2,16,0,40,9,6,55,5,48,10,8,71,13,66,79,150
08/21/2002,ADQ,AK,AAL,WE,Federal Contract Tower,3,9,1,6,19,0,41,4,8,53,3,50,5,14,72,48,43,91,163
08/22/2002,ADQ,AK,AAL,WE,Federal Contract Tower,5,14,5,0,24,0,59,1,5,65,5,73,6,5,89,0,71,71,160
08/23/2002,ADQ,AK,AAL,WE,Federal Contract Tower,3,48,5,9,65,0,0,1,1,2,3,48,6,10,67,0,3,3,70
08/24/2002,ADQ,AK,AAL,WE,Federal Contract Tower,5,26,6,1,38,0,10,0,2,12,5,36,6,3,50,0,0,0,50
08/25/2002,ADQ,AK,AAL,WE,Federal Contract Tower,3,7,2,2,14,0,34,4,3,41,3,41,6,5,55,5,0,5,60
08/26/2002,ADQ,AK,AAL,WE,Federal Contract Tower,3,7,3,3,16,0,41,9,3,53,3,48,12,6,69,2,30,32,101
08/27/2002,ADQ,AK,AAL,WE,Federal Contract Tower,4,6,10,5,25,0,30,3,3,36,4,36,13,8,61,10,38,48,109
08/28/2002,ADQ,AK,AAL,WE,Federal Contract Tower,3,5,4,2,14,0,49,19,11,79,3,54,23,13,93,40,8,48,141
08/29/2002,ADQ,AK,AAL,WE,Federal Contract Tower,1,29,1,6,37,0,0,6,3,9,1,29,7,9,46,0,5,5,51
08/30/2002,ADQ,AK,AAL,WE,Federal Contract Tower,6,11,4,8,29,0,31,5,3,39,6,42,9,11,68,0,1,1,69
08/31/2002,ADQ,AK,AAL,WE,Federal Contract Tower,3,8,0,0,11,0,44,9,2,55,3,52,9,2,66,16,12,28,94
09/01/2002,ADQ,AK,AAL,WE,Federal Contract Tower,2,6,0,0,8,1,23,2,4,30,3,29,2,4,38,0,0,0,38
09/02/2002,ADQ,AK,AAL,WE,Federal Contract Tower,1,7,1,2,11,2,43,0,6,51,3,50,1,8,62,0,0,0,62
09/03/2002,ADQ,AK,AAL,WE,Federal Contract Tower,4,8,2,1,15,1,35,15,3,54,5,43,17,4,69,2,0,2,71
09/04/2002,ADQ,AK,AAL,WE,Federal Contract Tower,3,9,1,5,18,0,22,5,6,33,3,31,6,11,51,2,8,10,61
09/05/2002,ADQ,AK,AAL,WE,Federal Contract Tower,7,15,1,9,32,0,11,5,9,25,7,26,6,18,57,0,19,19,76
09/06/2002,ADQ,AK,AAL,WE,Federal Contract Tower,5,7,0,4,16,0,33,8,2,43,5,40,8,6,59,10,68,78,137
09/07/2002,ADQ,AK,AAL,WE,Federal Contract Tower,6,4,2,1,13,0,30,6,6,42,6,34,8,7,55,2,0,2,57
09/08/2002,ADQ,AK,AAL,WE,Federal Contract Tower,3,8,1,2,14,0,24,5,0,29,3,32,6,2,43,13,24,37,80
09/09/2002,ADQ,AK,AAL,WE,Federal Contract Tower,3,7,0,4,14,0,40,7,9,56,3,47,7,13,70,0,3,3,73
09/10/2002,ADQ,AK,AAL,WE,Federal Contract Tower,5,8,1,2,16,0,26,5,8,39,5,34,6,10,55,0,1,1,56
09/11/2002,ADQ,AK,AAL,WE,Federal Contract Tower,3,6,0,1,10,0,55,8,4,67,3,61,8,5,77,7,22,29,106
09/12/2002,ADQ,AK,AAL,WE,Federal Contract Tower,5,12,5,0,22,0,2,3,3,8,5,14,8,3,30,3,2,5,35
09/13/2002,ADQ,AK,AAL,WE,Federal Contract Tower,3,11,1,1,16,0,43,5,7,55,3,54,6,8,71,20,12,32,103
09/14/2002,ADQ,AK,AAL,WE,Federal Contract Tower,6,7,0,4,17,0,22,2,2,26,6,29,2,6,43,0,27,27,70
09/15/2002,ADQ,AK,AAL,WE,Federal Contract Tower,3,5,0,4,12,0,37,1,1,39,3,42,1,5,51,8,48,56,107
09/16/2002,ADQ,AK,AAL,WE,Federal Contract Tower,2,7,0,1,10,1,32,5,4,42,3,39,5,5,52,10,24,34,86
09/17/2002,ADQ,AK,AAL,WE,Federal Contract Tower,4,7,2,2,15,0,19,2,3,24,4,26,4,5,39,0,18,18,57
09/18/2002,ADQ,AK,AAL,WE,Federal Contract Tower,5,7,0,1,13,0,33,4,4,41,5,40,4,5,54,0,0,0,54
09/19/2002,ADQ,AK,AAL,WE,Federal Contract Tower,5,8,1,1,15,0,22,4,1,27,5,30,5,2,42,0,2,2,44
09/20/2002,ADQ,AK,AAL,WE,Federal Contract Tower,3,7,2,2,14,0,36,13,6,55,3,43,15,8,69,0,94,94,163
09/21/2002,ADQ,AK,AAL,WE,Federal Contract Tower,5,6,0,3,14,0,16,2,0,18,5,22,2,3,32,0,31,31,63
09/22/2002,ADQ,AK,AAL,WE,Federal Contract Tower,3,13,0,0,16,0,0,0,0,0,3,13,0,0,16,0,0,0,16
09/23/2002,ADQ,AK,AAL,WE,Federal Contract Tower,3,12,4,8,27,0,32,2,4,38,3,44,6,12,65,2,64,66,131
09/24/2002,ADQ,AK,AAL,WE,Federal Contract Tower,5,14,3,6,28,0,5,3,1,9,5,19,6,7,37,23,35,58,95
09/25/2002,ADQ,AK,AAL,WE,Federal Contract Tower,3,13,1,6,23,0,28,8,12,48,3,41,9,18,71,3,38,41,112
09/26/2002,ADQ,AK,AAL,WE,Federal Contract Tower,3,9,0,2,14,1,26,3,8,38,4,35,3,10,52,0,14,14,66
09/27/2002,ADQ,AK,AAL,WE,Federal Contract Tower,3,11,1,2,17,0,40,1,7,48,3,51,2,9,65,2,55,57,122
09/28/2002,ADQ,AK,AAL,WE,Federal Contract Tower,3,7,0,2,12,2,14,8,4,28,5,21,8,6,40,0,2,2,42
09/29/2002,ADQ,AK,AAL,WE,Federal Contract Tower,3,18,1,4,26,0,2,14,0,16,3,20,15,4,42,0,41,41,83
09/30/2002,ADQ,AK,AAL,WE,Federal Contract Tower,3,16,0,4,23,0,10,0,5,15,3,26,0,9,38,0,19,19,57
10/01/2002,ADQ,AK,AAL,WE,Federal Contract Tower,5,9,1,2,17,1,21,5,6,33,6,30,6,8,50,0,36,36,86
10/02/2002,ADQ,AK,AAL,WE,Federal Contract Tower,5,5,0,4,14,1,29,15,6,51,6,34,15,10,65,8,109,117,182
10/03/2002,ADQ,AK,AAL,WE,Federal Contract Tower,5,7,3,5,20,3,31,25,6,65,8,38,28,11,85,0,58,58,143
10/04/2002,ADQ,AK,AAL,WE,Federal Contract Tower,10,8,0,4,22,0,30,8,10,48,10,38,8,14,70,0,18,18,88
10/05/2002,ADQ,AK,AAL,WE,Federal Contract Tower,6,9,0,2,17,0,0,2,0,2,6,9,2,2,19,0,0,0,19
10/06/2002,ADQ,AK,AAL,WE,Federal Contract Tower,4,5,0,3,12,0,30,8,5,43,4,35,8,8,55,12,60,72,127
10/07/2002,ADQ,AK,AAL,WE,Federal Contract Tower,4,8,0,1,13,0,26,0,6,32,4,34,0,7,45,0,32,32,77
10/08/2002,ADQ,AK,AAL,WE,Federal Contract Tower,6,9,0,2,17,0,23,2,4,29,6,32,2,6,46,0,156,156,202
10/09/2002,ADQ,AK,AAL,WE,Federal Contract Tower,4,7,3,1,15,0,61,6,4,71,4,68,9,5,86,9,20,29,115
10/10/2002,ADQ,AK,AAL,WE,Federal Contract Tower,4,19,3,6,32,0,3,0,7,10,4,22,3,13,42,0,1,1,43
10/11/2002,ADQ,AK,AAL,WE,Federal Contract Tower,4,8,5,6,23,0,46,2,14,62,4,54,7,20,85,4,0,4,89
10/12/2002,ADQ,AK,AAL,WE,Federal Contract Tower,6,4,0,5,15,0,16,7,4,27,6,20,7,9,42,24,0,24,66
10/13/2002,ADQ,AK,AAL,WE,Federal Contract Tower,4,5,0,0,9,0,5,2,2,9,4,10,2,2,18,0,37,37,55
10/14/2002,ADQ,AK,AAL,WE,Federal Contract Tower,4,8,0,3,15,0,24,0,3,27,4,32,0,6,42,0,0,0,42
10/15/2002,ADQ,AK,AAL,WE,Federal Contract Tower,4,16,2,6,28,0,0,2,1,3,4,16,4,7,31,0,84,84,115
10/16/2002,ADQ,AK,AAL,WE,Federal Contract Tower,4,8,0,4,16,0,36,6,3,45,4,44,6,7,61,5,124,129,190
10/17/2002,ADQ,AK,AAL,WE,Federal Contract Tower,2,6,2,0,10,0,0,0,0,0,2,6,2,0,10,0,0,0,10
10/18/2002,ADQ,AK,AAL,WE,Federal Contract Tower,4,10,0,4,18,0,0,0,6,6,4,10,0,10,24,0,0,0,24
10/19/2002,ADQ,AK,AAL,WE,Federal Contract Tower,6,21,3,2,32,0,0,0,0,0,6,21,3,2,32,0,0,0,32
10/20/2002,ADQ,AK,AAL,WE,Federal Contract Tower,4,15,4,4,27,0,31,0,6,37,4,46,4,10,64,0,2,2,66
10/21/2002,ADQ,AK,AAL,WE,Federal Contract Tower,4,27,2,4,37,0,14,0,0,14,4,41,2,4,51,0,73,73,124
10/22/2002,ADQ,AK,AAL,WE,Federal Contract Tower,4,8,0,1,13,0,34,2,11,47,4,42,2,12,60,0,82,82,142
10/23/2002,ADQ,AK,AAL,WE,Federal Contract Tower,4,10,2,2,18,0,38,5,11,54,4,48,7,13,72,3,20,23,95
10/24/2002,ADQ,AK,AAL,WE,Federal Contract Tower,6,5,1,4,16,0,42,1,4,47,6,47,2,8,63,0,67,67,130
10/25/2002,ADQ,AK,AAL,WE,Federal Contract Tower,4,8,3,1,16,0,31,3,3,37,4,39,6,4,53,0,0,0,53
10/26/2002,ADQ,AK,AAL,WE,Federal Contract Tower,5,4,0,0,9,1,22,1,1,25,6,26,1,1,34,0,3,3,37
10/27/2002,ADQ,AK,AAL,WE,Federal Contract Tower,7,1,0,0,8,1,26,5,2,34,8,27,5,2,42,6,0,6,48
10/28/2002,ADQ,AK,AAL,WE,Federal Contract Tower,0,3,0,1,4,0,1,0,0,1,0,4,0,1,5,0,0,0,5
10/29/2002,ADQ,AK,AAL,WE,Federal Contract Tower,6,18,0,4,28,0,8,2,12,22,6,26,2,16,50,0,36,36,86
10/30/2002,ADQ,AK,AAL,WE,Federal Contract Tower,5,25,4,10,44,1,0,0,4,5,6,25,4,14,49,0,49,49,98
10/31/2002,ADQ,AK,AAL,WE,Federal Contract Tower,5,16,2,8,31,1,13,0,5,19,6,29,2,13,50,0,42,42,92
11/01/2002,ADQ,AK,AAL,WE,Federal Contract Tower,6,13,2,2,23,0,2,0,0,2,6,15,2,2,25,0,0,0,25
11/02/2002,ADQ,AK,AAL,WE,Federal Contract Tower,6,3,0,4,13,0,30,2,3,35,6,33,2,7,48,0,2,2,50
11/03/2002,ADQ,AK,AAL,WE,Federal Contract Tower,0,2,0,1,3,0,0,0,2,2,0,2,0,3,5,0,0,0,5
11/04/2002,ADQ,AK,AAL,WE,Federal Contract Tower,4,6,0,4,14,0,16,1,7,24,4,22,1,11,38,0,11,11,49
11/05/2002,ADQ,AK,AAL,WE,Federal Contract Tower,2,7,0,1,10,0,0,2,0,2,2,7,2,1,12,0,0,0,12
11/06/2002,ADQ,AK,AAL,WE,Federal Contract Tower,5,11,2,8,26,1,33,8,7,49,6,44,10,15,75,0,21,21,96
11/07/2002,ADQ,AK,AAL,WE,Federal Contract Tower,7,5,6,3,21,1,20,0,5,26,8,25,6,8,47,0,10,10,57
11/08/2002,ADQ,AK,AAL,WE,Federal Contract Tower,7,2,2,2,13,1,23,3,11,38,8,25,5,13,51,5,23,28,79
11/09/2002,ADQ,AK,AAL,WE,Federal Contract Tower,6,0,2,0,8,0,15,2,0,17,6,15,4,0,25,4,19,23,48
11/10/2002,ADQ,AK,AAL,WE,Federal Contract Tower,6,10,4,4,24,0,17,0,0,17,6,27,4,4,41,0,0,0,41
11/11/2002,ADQ,AK,AAL,WE,Federal Contract Tower,4,14,1,2,21,0,18,3,2,23,4,32,4,4,44,0,0,0,44
11/12/2002,ADQ,AK,AAL,WE,Federal Contract Tower,8,6,0,6,20,0,14,2,4,20,8,20,2,10,40,0,3,3,43
11/13/2002,ADQ,AK,AAL,WE,Federal Contract Tower,4,5,1,5,15,0,16,1,7,24,4,21,2,12,39,0,65,65,104
11/14/2002,ADQ,AK,AAL,WE,Federal Contract Tower,8,6,0,4,18,0,17,0,11,28,8,23,0,15,46,0,123,123,169
11/15/2002,ADQ,AK,AAL,WE,Federal Contract Tower,9,3,0,5,17,3,32,7,12,54,12,35,7,17,71,26,55,81,152
11/16/2002,ADQ,AK,AAL,WE,Federal Contract Tower,2,7,0,1,10,0,13,0,4,17,2,20,0,5,27,0,0,0,27
11/17/2002,ADQ,AK,AAL,WE,Federal Contract Tower,7,1,2,0,10,1,32,14,4,51,8,33,16,4,61,0,30,30,91
11/18/2002,ADQ,AK,AAL,WE,Federal Contract Tower,6,8,0,4,18,0,14,0,7,21,6,22,0,11,39,0,30,30,69
11/19/2002,ADQ,AK,AAL,WE,Federal Contract Tower,4,9,0,0,13,0,46,2,2,50,4,55,2,2,63,0,0,0,63
11/20/2002,ADQ,AK,AAL,WE,Federal Contract Tower,8,4,2,4,18,0,38,2,12,52,8,42,4,16,70,26,5,31,101
11/21/2002,ADQ,AK,AAL,WE,Federal Contract Tower,8,10,0,4,22,0,27,0,4,31,8,37,0,8,53,0,54,54,107
11/22/2002,ADQ,AK,AAL,WE,Federal Contract Tower,4,21,0,6,31,0,0,0,4,4,4,21,0,10,35,0,16,16,51
11/23/2002,ADQ,AK,AAL,WE,Federal Contract Tower,8,2,0,3,13,0,40,2,0,42,8,42,2,3,55,0,61,61,116
11/24/2002,ADQ,AK,AAL,WE,Federal Contract Tower,6,5,0,0,11,0,18,0,0,18,6,23,0,0,29,0,38,38,67
11/25/2002,ADQ,AK,AAL,WE,Federal Contract Tower,4,12,0,1,17,0,55,4,3,62,4,67,4,4,79,0,65,65,144
11/26/2002,ADQ,AK,AAL,WE,Federal Contract Tower,6,7,0,2,15,0,35,4,13,52,6,42,4,15,67,4,116,120,187
11/27/2002,ADQ,AK,AAL,WE,Federal Contract Tower,8,3,0,3,14,0,32,7,9,48,8,35,7,12,62,7,36,43,105
11/28/2002,ADQ,AK,AAL,WE,Federal Contract Tower,0,0,0,0,0,0,10,0,0,10,0,10,0,0,10,0,0,0,10
11/29/2002,ADQ,AK,AAL,WE,Federal Contract Tower,0,14,0,2,16,6,0,0,1,7,6,14,0,3,23,0,12,12,35
11/30/2002,ADQ,AK,AAL,WE,Federal Contract Tower,1,9,0,2,12,7,32,4,2,45,8,41,4,4,57,0,30,30,87
12/01/2002,ADQ,AK,AAL,WE,Federal Contract Tower,10,0,0,2,12,0,24,0,0,24,10,24,0,2,36,7,51,58,94
12/02/2002,ADQ,AK,AAL,WE,Federal Contract Tower,2,11,0,9,22,0,0,0,3,3,2,11,0,12,25,0,0,0,25
12/03/2002,ADQ,AK,AAL,WE,Federal Contract Tower,4,8,0,1,13,0,17,1,1,19,4,25,1,2,32,9,0,9,41
12/04/2002,ADQ,AK,AAL,WE,Federal Contract Tower,4,8,1,7,20,0,21,16,10,47,4,29,17,17,67,42,78,120,187
12/05/2002,ADQ,AK,AAL,WE,Federal Contract Tower,7,9,0,2,18,1,2,2,0,5,8,11,2,2,23,0,11,11,34
12/06/2002,ADQ,AK,AAL,WE,Federal Contract Tower,8,26,0,9,43,0,0,0,0,0,8,26,0,9,43,2,42,44,87
12/07/2002,ADQ,AK,AAL,WE,Federal Contract Tower,3,8,0,4,15,0,19,6,0,25,3,27,6,4,40,7,26,33,73
12/08/2002,ADQ,AK,AAL,WE,Federal Contract Tower,6,5,0,8,19,0,7,0,1,8,6,12,0,9,27,0,0,0,27
12/09/2002,ADQ,AK,AAL,WE,Federal Contract Tower,4,11,0,6,21,0,5,2,5,12,4,16,2,11,33,30,78,108,141
12/10/2002,ADQ,AK,AAL,WE,Federal Contract Tower,6,7,4,1,18,0,25,7,11,43,6,32,11,12,61,47,48,95,156
12/11/2002,ADQ,AK,AAL,WE,Federal Contract Tower,4,4,0,2,10,0,19,4,13,36,4,23,4,15,46,29,132,161,207
12/12/2002,ADQ,AK,AAL,WE,Federal Contract Tower,4,7,6,1,18,0,31,4,8,43,4,38,10,9,61,0,169,169,230
12/13/2002,ADQ,AK,AAL,WE,Federal Contract Tower,9,3,0,1,13,1,35,4,12,52,10,38,4,13,65,11,52,63,128
12/14/2002,ADQ,AK,AAL,WE,Federal Contract Tower,8,2,0,1,11,0,43,6,6,55,8,45,6,7,66,0,0,0,66
12/15/2002,ADQ,AK,AAL,WE,Federal Contract Tower,6,2,1,0,9,0,20,2,4,26,6,22,3,4,35,16,5,21,56
12/16/2002,ADQ,AK,AAL,WE,Federal Contract Tower,4,3,0,2,9,0,5,2,3,10,4,8,2,5,19,0,23,23,42
12/17/2002,ADQ,AK,AAL,WE,Federal Contract Tower,6,6,0,4,16,0,36,3,4,43,6,42,3,8,59,30,7,37,96
12/18/2002,ADQ,AK,AAL,WE,Federal Contract Tower,4,11,0,0,15,0,21,4,19,44,4,32,4,19,59,6,106,112,171
12/19/2002,ADQ,AK,AAL,WE,Federal Contract Tower,8,5,1,3,17,0,33,2,5,40,8,38,3,8,57,16,16,32,89
12/20/2002,ADQ,AK,AAL,WE,Federal Contract Tower,6,15,4,3,28,0,6,0,0,6,6,21,4,3,34,0,2,2,36
12/21/2002,ADQ,AK,AAL,WE,Federal Contract Tower,11,2,2,3,18,1,15,0,0,16,12,17,2,3,34,0,2,2,36
12/22/2002,ADQ,AK,AAL,WE,Federal Contract Tower,6,4,0,1,11,0,6,4,0,10,6,10,4,1,21,0,28,28,49
12/23/2002,ADQ,AK,AAL,WE,Federal Contract Tower,6,5,0,2,13,0,11,2,4,17,6,16,2,6,30,0,7,7,37
12/24/2002,ADQ,AK,AAL,WE,Federal Contract Tower,5,6,0,0,11,1,12,4,6,23,6,18,4,6,34,0,0,0,34
12/25/2002,ADQ,AK,AAL,WE,Federal Contract Tower,0,0,0,0,0,0,0,0,0,0,0,0,0,0,0,0,0,0,0
12/26/2002,ADQ,AK,AAL,WE,Federal Contract Tower,6,6,3,3,18,0,12,4,2,18,6,18,7,5,36,0,58,58,94
12/27/2002,ADQ,AK,AAL,WE,Federal Contract Tower,4,6,0,3,13,0,15,4,4,23,4,21,4,7,36,0,9,9,45
12/28/2002,ADQ,AK,AAL,WE,Federal Contract Tower,6,4,0,3,13,0,3,0,0,3,6,7,0,3,16,0,28,28,44
12/29/2002,ADQ,AK,AAL,WE,Federal Contract Tower,4,6,2,1,13,0,0,5,8,13,4,6,7,9,26,0,0,0,26
12/30/2002,ADQ,AK,AAL,WE,Federal Contract Tower,4,7,2,3,16,0,11,0,7,18,4,18,2,10,34,1,8,9,43
12/31/2002,ADQ,AK,AAL,WE,Federal Contract Tower,4,8,0,0,12,0,9,5,5,19,4,17,5,5,31,0,25,25,56
01/01/2003,ADQ,AK,AAL,WE,Federal Contract Tower,4,2,2,4,12,0,0,0,2,2,4,2,2,6,14,0,0,0,14
01/02/2003,ADQ,AK,AAL,WE,Federal Contract Tower,2,9,4,4,19,0,10,0,3,13,2,19,4,7,32,0,42,42,74
01/03/2003,ADQ,AK,AAL,WE,Federal Contract Tower,4,11,0,3,18,0,7,2,6,15,4,18,2,9,33,0,1,1,34
01/04/2003,ADQ,AK,AAL,WE,Federal Contract Tower,8,2,0,1,11,0,8,4,1,13,8,10,4,2,24,0,46,46,70
01/05/2003,ADQ,AK,AAL,WE,Federal Contract Tower,6,4,0,0,10,0,8,1,1,10,6,12,1,1,20,0,11,11,31
01/06/2003,ADQ,AK,AAL,WE,Federal Contract Tower,5,6,0,3,14,1,21,9,4,35,6,27,9,7,49,5,107,112,161
01/07/2003,ADQ,AK,AAL,WE,Federal Contract Tower,6,5,0,0,11,0,15,2,1,18,6,20,2,1,29,0,0,0,29
01/08/2003,ADQ,AK,AAL,WE,Federal Contract Tower,1,6,2,0,9,1,0,0,10,11,2,6,2,10,20,0,70,70,90
01/09/2003,ADQ,AK,AAL,WE,Federal Contract Tower,2,8,0,4,14,0,0,0,1,1,2,8,0,5,15,0,12,12,27
01/10/2003,ADQ,AK,AAL,WE,Federal Contract Tower,8,12,0,6,26,1,7,4,1,13,9,19,4,7,39,0,4,4,43
01/11/2003,ADQ,AK,AAL,WE,Federal Contract Tower,7,9,0,4,20,1,8,0,0,9,8,17,0,4,29,0,0,0,29
01/12/2003,ADQ,AK,AAL,WE,Federal Contract Tower,9,2,0,2,13,1,17,1,2,21,10,19,1,4,34,5,0,5,39
01/13/2003,ADQ,AK,AAL,WE,Federal Contract Tower,4,8,2,5,19,0,22,0,7,29,4,30,2,12,48,0,76,76,124
01/14/2003,ADQ,AK,AAL,WE,Federal Contract Tower,2,10,0,3,15,0,15,0,6,21,2,25,0,9,36,0,106,106,142
01/15/2003,ADQ,AK,AAL,WE,Federal Contract Tower,1,7,2,8,18,1,1,0,0,2,2,8,2,8,20,0,7,7,27
01/16/2003,ADQ,AK,AAL,WE,Federal Contract Tower,6,7,2,7,22,0,29,3,4,36,6,36,5,11,58,10,106,116,174
01/17/2003,ADQ,AK,AAL,WE,Federal Contract Tower,8,15,0,2,25,0,11,0,4,15,8,26,0,6,40,0,60,60,100
01/18/2003,ADQ,AK,AAL,WE,Federal Contract Tower,8,2,0,3,13,0,17,3,2,22,8,19,3,5,35,14,0,14,49
01/19/2003,ADQ,AK,AAL,WE,Federal Contract Tower,6,4,3,1,14,0,6,3,1,10,6,10,6,2,24,0,0,0,24
01/20/2003,ADQ,AK,AAL,WE,Federal Contract Tower,4,15,0,2,21,0,12,0,1,13,4,27,0,3,34,0,14,14,48
01/21/2003,ADQ,AK,AAL,WE,Federal Contract Tower,6,9,0,6,21,0,24,2,2,28,6,33,2,8,49,0,13,13,62
01/22/2003,ADQ,AK,AAL,WE,Federal Contract Tower,4,12,0,6,22,0,13,2,2,17,4,25,2,8,39,0,11,11,50
01/23/2003,ADQ,AK,AAL,WE,Federal Contract Tower,4,10,2,6,22,0,16,4,7,27,4,26,6,13,49,0,30,30,79
01/24/2003,ADQ,AK,AAL,WE,Federal Contract Tower,7,15,0,7,29,1,4,0,0,5,8,19,0,7,34,0,40,40,74
01/25/2003,ADQ,AK,AAL,WE,Federal Contract Tower,8,4,2,2,16,0,13,2,2,17,8,17,4,4,33,0,0,0,33
01/26/2003,ADQ,AK,AAL,WE,Federal Contract Tower,11,2,0,2,15,1,4,0,2,7,12,6,0,4,22,0,0,0,22
01/27/2003,ADQ,AK,AAL,WE,Federal Contract Tower,2,8,0,4,14,0,9,2,4,15,2,17,2,8,29,0,67,67,96
01/28/2003,ADQ,AK,AAL,WE,Federal Contract Tower,8,13,1,5,27,0,15,1,18,34,8,28,2,23,61,6,16,22,83
01/29/2003,ADQ,AK,AAL,WE,Federal Contract Tower,6,8,4,5,23,0,18,0,6,24,6,26,4,11,47,0,46,46,93
01/30/2003,ADQ,AK,AAL,WE,Federal Contract Tower,6,7,2,2,17,0,17,1,6,24,6,24,3,8,41,10,70,80,121
01/31/2003,ADQ,AK,AAL,WE,Federal Contract Tower,9,10,3,3,25,0,11,4,6,21,9,21,7,9,46,0,3,3,49
02/01/2003,ADQ,AK,AAL,WE,Federal Contract Tower,8,0,0,2,10,0,10,0,1,11,8,10,0,3,21,0,7,7,28
02/02/2003,ADQ,AK,AAL,WE,Federal Contract Tower,5,4,0,2,11,0,6,9,3,18,5,10,9,5,29,13,33,46,75
02/03/2003,ADQ,AK,AAL,WE,Federal Contract Tower,6,9,2,5,22,0,23,0,13,36,6,32,2,18,58,2,5,7,65
02/04/2003,ADQ,AK,AAL,WE,Federal Contract Tower,6,8,4,1,19,0,3,0,0,3,6,11,4,1,22,0,0,0,22
02/05/2003,ADQ,AK,AAL,WE,Federal Contract Tower,6,7,2,3,18,0,35,0,4,39,6,42,2,7,57,0,53,53,110
02/06/2003,ADQ,AK,AAL,WE,Federal Contract Tower,6,11,2,7,26,2,12,2,6,22,8,23,4,13,48,0,26,26,74
02/07/2003,ADQ,AK,AAL,WE,Federal Contract Tower,2,10,0,2,14,0,11,0,3,14,2,21,0,5,28,0,0,0,28
02/08/2003,ADQ,AK,AAL,WE,Federal Contract Tower,8,4,0,1,13,0,22,7,4,33,8,26,7,5,46,26,12,38,84
02/09/2003,ADQ,AK,AAL,WE,Federal Contract Tower,6,5,0,1,12,0,5,4,4,13,6,10,4,5,25,0,0,0,25
02/10/2003,ADQ,AK,AAL,WE,Federal Contract Tower,2,8,0,6,16,0,24,2,8,34,2,32,2,14,50,0,75,75,125
02/11/2003,ADQ,AK,AAL,WE,Federal Contract Tower,7,22,0,13,42,0,0,0,7,7,7,22,0,20,49,0,2,2,51
02/12/2003,ADQ,AK,AAL,WE,Federal Contract Tower,8,7,0,3,18,0,24,6,11,41,8,31,6,14,59,3,33,36,95
02/13/2003,ADQ,AK,AAL,WE,Federal Contract Tower,4,10,2,2,18,0,11,2,14,27,4,21,4,16,45,0,26,26,71
02/14/2003,ADQ,AK,AAL,WE,Federal Contract Tower,4,6,2,3,15,0,7,10,6,23,4,13,12,9,38,2,46,48,86
02/15/2003,ADQ,AK,AAL,WE,Federal Contract Tower,6,3,0,0,9,0,19,10,9,38,6,22,10,9,47,21,18,39,86
02/16/2003,ADQ,AK,AAL,WE,Federal Contract Tower,4,6,0,1,11,0,0,15,3,18,4,6,15,4,29,17,0,17,46
02/17/2003,ADQ,AK,AAL,WE,Federal Contract Tower,8,4,0,1,13,0,18,6,2,26,8,22,6,3,39,0,0,0,39
02/18/2003,ADQ,AK,AAL,WE,Federal Contract Tower,2,15,2,11,30,0,0,0,0,0,2,15,2,11,30,0,57,57,87
02/19/2003,ADQ,AK,AAL,WE,Federal Contract Tower,4,7,2,2,15,0,11,6,7,24,4,18,8,9,39,2,49,51,90
02/20/2003,ADQ,AK,AAL,WE,Federal Contract Tower,6,8,0,5,19,0,12,5,19,36,6,20,5,24,55,0,98,98,153
02/21/2003,ADQ,AK,AAL,WE,Federal Contract Tower,6,10,2,5,23,0,19,6,8,33,6,29,8,13,56,0,112,112,168
02/22/2003,ADQ,AK,AAL,WE,Federal Contract Tower,6,4,2,1,13,0,17,1,7,25,6,21,3,8,38,0,6,6,44
02/23/2003,ADQ,AK,AAL,WE,Federal Contract Tower,4,6,0,3,13,0,0,0,0,0,4,6,0,3,13,0,30,30,43
02/24/2003,ADQ,AK,AAL,WE,Federal Contract Tower,5,5,0,4,14,0,10,2,10,22,5,15,2,14,36,0,157,157,193
02/25/2003,ADQ,AK,AAL,WE,Federal Contract Tower,6,8,4,5,23,0,10,7,4,21,6,18,11,9,44,18,126,144,188
02/26/2003,ADQ,AK,AAL,WE,Federal Contract Tower,4,8,0,3,15,0,17,0,3,20,4,25,0,6,35,2,74,76,111
02/27/2003,ADQ,AK,AAL,WE,Federal Contract Tower,6,8,0,1,15,0,20,2,10,32,6,28,2,11,47,0,63,63,110
02/28/2003,ADQ,AK,AAL,WE,Federal Contract Tower,2,4,0,4,10,0,4,0,0,4,2,8,0,4,14,0,6,6,20
03/01/2003,ADQ,AK,AAL,WE,Federal Contract Tower,4,6,1,1,12,0,14,14,16,44,4,20,15,17,56,14,0,14,70
03/02/2003,ADQ,AK,AAL,WE,Federal Contract Tower,5,6,0,0,11,1,0,4,2,7,6,6,4,2,18,0,10,10,28
03/03/2003,ADQ,AK,AAL,WE,Federal Contract Tower,15,3,0,1,19,1,22,4,6,33,16,25,4,7,52,0,36,36,88
03/04/2003,ADQ,AK,AAL,WE,Federal Contract Tower,4,9,0,0,13,0,22,0,0,22,4,31,0,0,35,0,0,0,35
03/05/2003,ADQ,AK,AAL,WE,Federal Contract Tower,3,6,0,3,12,1,37,0,15,53,4,43,0,18,65,6,12,18,83
03/06/2003,ADQ,AK,AAL,WE,Federal Contract Tower,3,5,2,4,14,0,19,6,12,37,3,24,8,16,51,22,46,68,119
03/07/2003,ADQ,AK,AAL,WE,Federal Contract Tower,4,11,0,4,19,0,20,5,3,28,4,31,5,7,47,0,73,73,120
03/08/2003,ADQ,AK,AAL,WE,Federal Contract Tower,6,11,0,4,21,0,0,3,1,4,6,11,3,5,25,23,27,50,75
03/09/2003,ADQ,AK,AAL,WE,Federal Contract Tower,4,4,0,2,10,0,2,4,3,9,4,6,4,5,19,0,0,0,19
03/10/2003,ADQ,AK,AAL,WE,Federal Contract Tower,0,7,0,3,10,0,3,0,1,4,0,10,0,4,14,0,22,22,36
03/11/2003,ADQ,AK,AAL,WE,Federal Contract Tower,6,8,0,6,20,0,28,6,6,40,6,36,6,12,60,3,16,19,79
03/12/2003,ADQ,AK,AAL,WE,Federal Contract Tower,6,3,0,2,11,0,24,0,4,28,6,27,0,6,39,0,51,51,90
03/13/2003,ADQ,AK,AAL,WE,Federal Contract Tower,0,6,0,0,6,0,0,0,8,8,0,6,0,8,14,0,20,20,34
03/14/2003,ADQ,AK,AAL,WE,Federal Contract Tower,0,0,0,0,0,0,0,0,0,0,0,0,0,0,0,0,0,0,0
03/15/2003,ADQ,AK,AAL,WE,Federal Contract Tower,8,4,2,1,15,0,0,0,0,0,8,4,2,1,15,0,0,0,15
03/16/2003,ADQ,AK,AAL,WE,Federal Contract Tower,6,6,2,5,19,0,29,2,3,34,6,35,4,8,53,0,9,9,62
03/17/2003,ADQ,AK,AAL,WE,Federal Contract Tower,6,6,0,2,14,0,29,8,4,41,6,35,8,6,55,16,0,16,71
03/18/2003,ADQ,AK,AAL,WE,Federal Contract Tower,6,8,1,9,24,0,20,15,5,40,6,28,16,14,64,9,0,9,73
03/19/2003,ADQ,AK,AAL,WE,Federal Contract Tower,6,8,0,2,16,0,22,10,8,40,6,30,10,10,56,19,17,36,92
03/20/2003,ADQ,AK,AAL,WE,Federal Contract Tower,5,7,7,6,25,1,24,6,11,42,6,31,13,17,67,5,19,24,91
03/21/2003,ADQ,AK,AAL,WE,Federal Contract Tower,4,11,2,4,21,0,18,5,5,28,4,29,7,9,49,0,0,0,49
03/22/2003,ADQ,AK,AAL,WE,Federal Contract Tower,6,7,0,0,13,0,12,2,2,16,6,19,2,2,29,0,0,0,29
03/23/2003,ADQ,AK,AAL,WE,Federal Contract Tower,10,1,0,0,11,0,17,14,2,33,10,18,14,2,44,0,52,52,96
03/24/2003,ADQ,AK,AAL,WE,Federal Contract Tower,4,4,2,3,13,0,8,0,1,9,4,12,2,4,22,0,51,51,73
03/25/2003,ADQ,AK,AAL,WE,Federal Contract Tower,4,8,0,0,12,0,22,0,0,22,4,30,0,0,34,0,0,0,34
03/26/2003,ADQ,AK,AAL,WE,Federal Contract Tower,4,9,2,2,17,0,10,2,16,28,4,19,4,18,45,6,76,82,127
03/27/2003,ADQ,AK,AAL,WE,Federal Contract Tower,6,10,1,7,24,0,14,0,6,20,6,24,1,13,44,0,0,0,44
03/28/2003,ADQ,AK,AAL,WE,Federal Contract Tower,4,10,0,1,15,0,16,4,15,35,4,26,4,16,50,2,62,64,114
03/29/2003,ADQ,AK,AAL,WE,Federal Contract Tower,4,4,0,0,8,0,27,4,2,33,4,31,4,2,41,0,0,0,41
03/30/2003,ADQ,AK,AAL,WE,Federal Contract Tower,6,8,0,1,15,0,0,0,1,1,6,8,0,2,16,0,39,39,55
03/31/2003,ADQ,AK,AAL,WE,Federal Contract Tower,6,8,0,3,17,0,39,8,5,52,6,47,8,8,69,0,5,5,74
04/01/2003,ADQ,AK,AAL,WE,Federal Contract Tower,5,7,2,0,14,0,22,6,1,29,5,29,8,1,43,10,5,15,58
04/02/2003,ADQ,AK,AAL,WE,Federal Contract Tower,6,8,1,6,21,0,8,7,10,25,6,16,8,16,46,12,66,78,124
04/03/2003,ADQ,AK,AAL,WE,Federal Contract Tower,12,1,3,0,16,0,19,9,14,42,12,20,12,14,58,19,48,67,125
04/04/2003,ADQ,AK,AAL,WE,Federal Contract Tower,7,9,0,4,20,0,13,0,5,18,7,22,0,9,38,0,0,0,38
04/05/2003,ADQ,AK,AAL,WE,Federal Contract Tower,6,3,0,1,10,0,22,5,1,28,6,25,5,2,38,0,5,5,43
04/06/2003,ADQ,AK,AAL,WE,Federal Contract Tower,9,1,0,5,15,0,0,0,0,0,9,1,0,5,15,0,0,0,15
04/07/2003,ADQ,AK,AAL,WE,Federal Contract Tower,4,8,0,1,13,1,7,0,3,11,5,15,0,4,24,0,7,7,31
04/08/2003,ADQ,AK,AAL,WE,Federal Contract Tower,5,16,0,6,27,0,20,8,0,28,5,36,8,6,55,2,90,92,147
04/09/2003,ADQ,AK,AAL,WE,Federal Contract Tower,3,7,4,6,20,0,21,2,0,23,3,28,6,6,43,40,105,145,188
04/10/2003,ADQ,AK,AAL,WE,Federal Contract Tower,7,7,4,5,23,0,20,2,11,33,7,27,6,16,56,0,57,57,113
04/11/2003,ADQ,AK,AAL,WE,Federal Contract Tower,3,11,2,4,20,0,17,13,17,47,3,28,15,21,67,61,35,96,163
04/12/2003,ADQ,AK,AAL,WE,Federal Contract Tower,3,4,0,2,9,0,15,5,4,24,3,19,5,6,33,9,0,9,42
04/13/2003,ADQ,AK,AAL,WE,Federal Contract Tower,4,4,0,1,9,1,28,14,5,48,5,32,14,6,57,39,3,42,99
04/14/2003,ADQ,AK,AAL,WE,Federal Contract Tower,3,8,2,1,14,0,44,11,16,71,3,52,13,17,85,20,138,158,243
04/15/2003,ADQ,AK,AAL,WE,Federal Contract Tower,3,8,2,5,18,0,38,2,13,53,3,46,4,18,71,2,49,51,122
04/16/2003,ADQ,AK,AAL,WE,Federal Contract Tower,3,8,4,5,20,0,27,12,10,49,3,35,16,15,69,14,80,94,163
04/17/2003,ADQ,AK,AAL,WE,Federal Contract Tower,6,5,1,6,18,0,22,11,16,49,6,27,12,22,67,19,42,61,128
04/18/2003,ADQ,AK,AAL,WE,Federal Contract Tower,5,10,0,2,17,0,14,2,0,16,5,24,2,2,33,22,0,22,55
04/19/2003,ADQ,AK,AAL,WE,Federal Contract Tower,6,2,0,0,8,0,26,15,2,43,6,28,15,2,51,34,14,48,99
04/20/2003,ADQ,AK,AAL,WE,Federal Contract Tower,5,4,0,0,9,0,1,3,2,6,5,5,3,2,15,0,0,0,15
04/21/2003,ADQ,AK,AAL,WE,Federal Contract Tower,7,30,2,15,54,0,0,2,5,7,7,30,4,20,61,0,8,8,69
04/22/2003,ADQ,AK,AAL,WE,Federal Contract Tower,3,12,0,6,21,0,15,2,6,23,3,27,2,12,44,6,34,40,84
04/23/2003,ADQ,AK,AAL,WE,Federal Contract Tower,2,4,0,2,8,1,34,10,7,52,3,38,10,9,60,11,79,90,150
04/24/2003,ADQ,AK,AAL,WE,Federal Contract Tower,5,5,2,3,15,0,18,7,18,43,5,23,9,21,58,8,71,79,137
04/25/2003,ADQ,AK,AAL,WE,Federal Contract Tower,7,3,0,2,12,2,34,9,5,50,9,37,9,7,62,33,7,40,102
04/26/2003,ADQ,AK,AAL,WE,Federal Contract Tower,3,3,0,0,6,2,29,29,6,66,5,32,29,6,72,31,5,36,108
04/27/2003,ADQ,AK,AAL,WE,Federal Contract Tower,3,5,0,0,8,0,16,8,4,28,3,21,8,4,36,12,3,15,51
04/28/2003,ADQ,AK,AAL,WE,Federal Contract Tower,2,5,0,5,12,1,30,18,7,56,3,35,18,12,68,15,118,133,201
04/29/2003,ADQ,AK,AAL,WE,Federal Contract Tower,5,3,0,3,11,0,31,15,5,51,5,34,15,8,62,31,25,56,118
04/30/2003,ADQ,AK,AAL,WE,Federal Contract Tower,3,6,2,1,12,0,43,13,7,63,3,49,15,8,75,29,41,70,145
05/01/2003,ADQ,AK,AAL,WE,Federal Contract Tower,5,8,0,2,15,0,30,4,4,38,5,38,4,6,53,16,24,40,93
05/02/2003,ADQ,AK,AAL,WE,Federal Contract Tower,7,7,0,3,17,0,32,7,9,48,7,39,7,12,65,4,0,4,69
05/03/2003,ADQ,AK,AAL,WE,Federal Contract Tower,7,2,0,2,11,1,33,9,7,50,8,35,9,9,61,49,28,77,138
05/04/2003,ADQ,AK,AAL,WE,Federal Contract Tower,5,4,1,4,14,0,15,0,1,16,5,19,1,5,30,0,29,29,59
05/05/2003,ADQ,AK,AAL,WE,Federal Contract Tower,4,8,4,1,17,0,27,2,15,44,4,35,6,16,61,0,61,61,122
05/06/2003,ADQ,AK,AAL,WE,Federal Contract Tower,3,10,1,0,14,0,32,0,0,32,3,42,1,0,46,0,0,0,46
05/07/2003,ADQ,AK,AAL,WE,Federal Contract Tower,3,9,0,4,16,0,28,6,7,41,3,37,6,11,57,13,67,80,137
05/08/2003,ADQ,AK,AAL,WE,Federal Contract Tower,5,9,0,4,18,0,34,2,8,44,5,43,2,12,62,8,51,59,121
05/09/2003,ADQ,AK,AAL,WE,Federal Contract Tower,6,9,0,5,20,0,16,0,6,22,6,25,0,11,42,0,0,0,42
05/10/2003,ADQ,AK,AAL,WE,Federal Contract Tower,5,7,4,2,18,0,23,6,5,34,5,30,10,7,52,10,40,50,102
05/11/2003,ADQ,AK,AAL,WE,Federal Contract Tower,5,4,0,0,9,0,11,1,3,15,5,15,1,3,24,2,23,25,49
05/12/2003,ADQ,AK,AAL,WE,Federal Contract Tower,4,3,2,1,10,1,16,8,13,38,5,19,10,14,48,21,67,88,136
05/13/2003,ADQ,AK,AAL,WE,Federal Contract Tower,6,10,0,4,20,1,17,3,10,31,7,27,3,14,51,0,0,0,51
05/14/2003,ADQ,AK,AAL,WE,Federal Contract Tower,3,9,0,4,16,0,16,5,4,25,3,25,5,8,41,12,54,66,107
05/15/2003,ADQ,AK,AAL,WE,Federal Contract Tower,7,5,0,2,14,0,25,8,18,51,7,30,8,20,65,24,37,61,126
05/16/2003,ADQ,AK,AAL,WE,Federal Contract Tower,6,7,0,5,18,1,47,1,4,53,7,54,1,9,71,0,0,0,71
05/17/2003,ADQ,AK,AAL,WE,Federal Contract Tower,5,4,2,1,12,0,10,3,3,16,5,14,5,4,28,0,2,2,30
05/18/2003,ADQ,AK,AAL,WE,Federal Contract Tower,3,7,0,1,11,0,19,0,1,20,3,26,0,2,31,0,0,0,31
05/19/2003,ADQ,AK,AAL,WE,Federal Contract Tower,5,10,2,8,25,0,18,6,8,32,5,28,8,16,57,18,0,18,75
05/20/2003,ADQ,AK,AAL,WE,Federal Contract Tower,6,11,2,3,22,0,19,10,5,34,6,30,12,8,56,2,55,57,113
05/21/2003,ADQ,AK,AAL,WE,Federal Contract Tower,2,5,5,0,12,1,33,7,15,56,3,38,12,15,68,7,32,39,107
05/22/2003,ADQ,AK,AAL,WE,Federal Contract Tower,7,7,2,5,21,0,33,2,8,43,7,40,4,13,64,7,33,40,104
05/23/2003,ADQ,AK,AAL,WE,Federal Contract Tower,8,6,2,1,17,1,23,2,4,30,9,29,4,5,47,8,36,44,91
05/24/2003,ADQ,AK,AAL,WE,Federal Contract Tower,5,6,2,1,14,1,22,4,5,32,6,28,6,6,46,16,3,19,65
05/25/2003,ADQ,AK,AAL,WE,Federal Contract Tower,3,6,2,3,14,0,28,8,4,40,3,34,10,7,54,36,0,36,90
05/26/2003,ADQ,AK,AAL,WE,Federal Contract Tower,5,5,1,1,12,1,34,9,2,46,6,39,10,3,58,6,13,19,77
05/27/2003,ADQ,AK,AAL,WE,Federal Contract Tower,3,23,4,4,34,0,10,3,10,23,3,33,7,14,57,13,1,14,71
05/28/2003,ADQ,AK,AAL,WE,Federal Contract Tower,5,10,1,4,20,0,37,4,4,45,5,47,5,8,65,32,38,70,135
05/29/2003,ADQ,AK,AAL,WE,Federal Contract Tower,6,7,1,6,20,0,30,2,10,42,6,37,3,16,62,16,0,16,78
05/30/2003,ADQ,AK,AAL,WE,Federal Contract Tower,7,11,1,7,26,0,28,2,2,32,7,39,3,9,58,0,9,9,67
05/31/2003,ADQ,AK,AAL,WE,Federal Contract Tower,4,5,1,3,13,0,20,1,1,22,4,25,2,4,35,0,30,30,65
06/01/2003,ADQ,AK,AAL,WE,Federal Contract Tower,3,7,0,0,10,0,32,9,5,46,3,39,9,5,56,14,25,39,95
06/02/2003,ADQ,AK,AAL,WE,Federal Contract Tower,5,9,2,3,19,0,19,1,6,26,5,28,3,9,45,15,20,35,80
06/03/2003,ADQ,AK,AAL,WE,Federal Contract Tower,4,11,2,0,17,1,31,8,6,46,5,42,10,6,63,4,0,4,67
06/04/2003,ADQ,AK,AAL,WE,Federal Contract Tower,3,13,4,4,24,0,2,0,0,2,3,15,4,4,26,0,32,32,58
06/05/2003,ADQ,AK,AAL,WE,Federal Contract Tower,5,33,4,5,47,0,0,1,3,4,5,33,5,8,51,15,4,19,70
06/06/2003,ADQ,AK,AAL,WE,Federal Contract Tower,5,13,2,5,25,0,21,3,5,29,5,34,5,10,54,7,0,7,61
06/07/2003,ADQ,AK,AAL,WE,Federal Contract Tower,6,20,2,3,31,0,16,7,2,25,6,36,9,5,56,0,50,50,106
06/08/2003,ADQ,AK,AAL,WE,Federal Contract Tower,1,9,0,0,10,0,0,0,0,0,1,9,0,0,10,0,0,0,10
06/09/2003,ADQ,AK,AAL,WE,Federal Contract Tower,8,29,2,4,43,3,0,0,1,4,11,29,2,5,47,0,14,14,61
06/10/2003,ADQ,AK,AAL,WE,Federal Contract Tower,12,22,5,19,58,0,0,0,1,1,12,22,5,20,59,0,0,0,59
06/11/2003,ADQ,AK,AAL,WE,Federal Contract Tower,5,20,3,7,35,0,21,0,0,21,5,41,3,7,56,0,40,40,96
06/12/2003,ADQ,AK,AAL,WE,Federal Contract Tower,7,6,6,3,22,0,46,18,16,80,7,52,24,19,102,19,24,43,145
06/13/2003,ADQ,AK,AAL,WE,Federal Contract Tower,2,9,4,1,16,1,50,2,10,63,3,59,6,11,79,2,14,16,95
06/14/2003,ADQ,AK,AAL,WE,Federal Contract Tower,4,6,3,0,13,1,31,13,1,46,5,37,16,1,59,63,21,84,143
06/15/2003,ADQ,AK,AAL,WE,Federal Contract Tower,8,2,1,0,11,1,9,0,0,10,9,11,1,0,21,0,0,0,21
06/16/2003,ADQ,AK,AAL,WE,Federal Contract Tower,3,43,8,25,79,0,0,0,6,6,3,43,8,31,85,0,0,0,85
06/17/2003,ADQ,AK,AAL,WE,Federal Contract Tower,3,27,3,14,47,0,0,1,3,4,3,27,4,17,51,0,28,28,79
06/18/2003,ADQ,AK,AAL,WE,Federal Contract Tower,5,18,4,4,31,0,36,4,7,47,5,54,8,11,78,41,93,134,212
06/19/2003,ADQ,AK,AAL,WE,Federal Contract Tower,5,8,5,7,25,0,43,5,7,55,5,51,10,14,80,6,35,41,121
06/20/2003,ADQ,AK,AAL,WE,Federal Contract Tower,3,9,2,11,25,0,46,3,13,62,3,55,5,24,87,0,36,36,123
06/21/2003,ADQ,AK,AAL,WE,Federal Contract Tower,3,8,7,2,20,0,35,19,2,56,3,43,26,4,76,10,24,34,110
06/22/2003,ADQ,AK,AAL,WE,Federal Contract Tower,3,5,1,2,11,0,45,8,1,54,3,50,9,3,65,29,9,38,103
06/23/2003,ADQ,AK,AAL,WE,Federal Contract Tower,4,11,2,5,22,1,24,2,13,40,5,35,4,18,62,0,2,2,64
06/24/2003,ADQ,AK,AAL,WE,Federal Contract Tower,6,36,9,10,61,0,0,0,0,0,6,36,9,10,61,0,32,32,93
06/25/2003,ADQ,AK,AAL,WE,Federal Contract Tower,3,12,4,7,26,0,21,5,6,32,3,33,9,13,58,2,52,54,112
06/26/2003,ADQ,AK,AAL,WE,Federal Contract Tower,7,10,1,4,22,0,37,6,8,51,7,47,7,12,73,0,27,27,100
06/27/2003,ADQ,AK,AAL,WE,Federal Contract Tower,5,29,2,3,39,0,11,16,9,36,5,40,18,12,75,2,8,10,85
06/28/2003,ADQ,AK,AAL,WE,Federal Contract Tower,5,4,1,2,12,0,47,8,5,60,5,51,9,7,72,0,15,15,87
06/29/2003,ADQ,AK,AAL,WE,Federal Contract Tower,3,5,3,0,11,0,24,15,3,42,3,29,18,3,53,6,25,31,84
06/30/2003,ADQ,AK,AAL,WE,Federal Contract Tower,3,9,0,3,15,0,42,8,11,61,3,51,8,14,76,12,75,87,163
07/01/2003,ADQ,AK,AAL,WE,Federal Contract Tower,4,39,1,0,44,0,2,0,0,2,4,41,1,0,46,0,0,0,46
07/02/2003,ADQ,AK,AAL,WE,Federal Contract Tower,3,20,1,2,26,1,25,9,7,42,4,45,10,9,68,2,32,34,102
07/03/2003,ADQ,AK,AAL,WE,Federal Contract Tower,6,6,0,2,14,1,64,5,5,75,7,70,5,7,89,0,44,44,133
07/04/2003,ADQ,AK,AAL,WE,Federal Contract Tower,3,5,0,0,8,0,25,3,2,30,3,30,3,2,38,8,16,24,62
07/05/2003,ADQ,AK,AAL,WE,Federal Contract Tower,7,38,1,3,49,0,0,0,1,1,7,38,1,4,50,0,0,0,50
07/06/2003,ADQ,AK,AAL,WE,Federal Contract Tower,5,4,0,0,9,2,51,10,3,66,7,55,10,3,75,16,7,23,98
07/07/2003,ADQ,AK,AAL,WE,Federal Contract Tower,3,4,2,2,11,0,51,12,9,72,3,55,14,11,83,0,18,18,101
07/08/2003,ADQ,AK,AAL,WE,Federal Contract Tower,2,6,0,7,15,0,57,8,4,69,2,63,8,11,84,11,36,47,131
07/09/2003,ADQ,AK,AAL,WE,Federal Contract Tower,5,28,3,7,43,0,0,0,2,2,5,28,3,9,45,0,0,0,45
07/10/2003,ADQ,AK,AAL,WE,Federal Contract Tower,3,8,2,1,14,1,36,11,11,59,4,44,13,12,73,19,41,60,133
07/11/2003,ADQ,AK,AAL,WE,Federal Contract Tower,5,14,1,3,23,0,18,2,3,23,5,32,3,6,46,0,0,0,46
07/12/2003,ADQ,AK,AAL,WE,Federal Contract Tower,4,29,0,5,38,0,0,0,1,1,4,29,0,6,39,0,0,0,39
07/13/2003,ADQ,AK,AAL,WE,Federal Contract Tower,5,6,0,1,12,0,47,12,2,61,5,53,12,3,73,0,35,35,108
07/14/2003,ADQ,AK,AAL,WE,Federal Contract Tower,3,6,0,0,9,0,31,14,7,52,3,37,14,7,61,18,33,51,112
07/15/2003,ADQ,AK,AAL,WE,Federal Contract Tower,5,10,0,3,18,0,37,12,15,64,5,47,12,18,82,14,16,30,112
07/16/2003,ADQ,AK,AAL,WE,Federal Contract Tower,4,35,0,2,41,0,0,0,0,0,4,35,0,2,41,0,5,5,46
07/17/2003,ADQ,AK,AAL,WE,Federal Contract Tower,5,16,1,4,26,0,0,0,1,1,5,16,1,5,27,0,68,68,95
07/18/2003,ADQ,AK,AAL,WE,Federal Contract Tower,5,12,0,7,24,0,28,4,1,33,5,40,4,8,57,2,50,52,109
07/19/2003,ADQ,AK,AAL,WE,Federal Contract Tower,6,10,2,1,19,0,30,6,0,36,6,40,8,1,55,0,0,0,55
07/20/2003,ADQ,AK,AAL,WE,Federal Contract Tower,6,23,2,3,34,0,0,0,0,0,6,23,2,3,34,0,0,0,34
07/21/2003,ADQ,AK,AAL,WE,Federal Contract Tower,6,20,1,5,32,0,29,2,3,34,6,49,3,8,66,31,36,67,133
07/22/2003,ADQ,AK,AAL,WE,Federal Contract Tower,4,9,2,3,18,0,36,9,8,53,4,45,11,11,71,11,23,34,105
07/23/2003,ADQ,AK,AAL,WE,Federal Contract Tower,3,9,2,2,16,0,51,8,9,68,3,60,10,11,84,0,32,32,116
07/24/2003,ADQ,AK,AAL,WE,Federal Contract Tower,7,12,7,8,34,0,35,6,8,49,7,47,13,16,83,20,8,28,111
07/25/2003,ADQ,AK,AAL,WE,Federal Contract Tower,3,15,0,1,19,1,3,0,0,4,4,18,0,1,23,0,0,0,23
07/26/2003,ADQ,AK,AAL,WE,Federal Contract Tower,8,10,3,3,24,0,45,4,2,51,8,55,7,5,75,0,0,0,75
07/27/2003,ADQ,AK,AAL,WE,Federal Contract Tower,7,6,1,2,16,0,45,0,5,50,7,51,1,7,66,0,3,3,69
07/28/2003,ADQ,AK,AAL,WE,Federal Contract Tower,3,8,0,4,15,0,47,3,11,61,3,55,3,15,76,9,61,70,146
07/29/2003,ADQ,AK,AAL,WE,Federal Contract Tower,5,11,3,3,22,0,32,0,6,38,5,43,3,9,60,0,74,74,134
07/30/2003,ADQ,AK,AAL,WE,Federal Contract Tower,4,13,0,6,23,0,37,14,5,56,4,50,14,11,79,16,33,49,128
07/31/2003,ADQ,AK,AAL,WE,Federal Contract Tower,9,8,2,1,20,0,30,14,9,53,9,38,16,10,73,37,63,100,173
08/01/2003,ADQ,AK,AAL,WE,Federal Contract Tower,6,4,0,4,14,1,78,3,2,84,7,82,3,6,98,52,6,58,156
08/02/2003,ADQ,AK,AAL,WE,Federal Contract Tower,6,5,0,3,14,1,28,12,0,41,7,33,12,3,55,18,0,18,73
08/03/2003,ADQ,AK,AAL,WE,Federal Contract Tower,4,7,2,2,15,0,43,6,4,53,4,50,8,6,68,0,27,27,95
08/04/2003,ADQ,AK,AAL,WE,Federal Contract Tower,4,6,0,3,13,1,64,14,10,89,5,70,14,13,102,34,20,54,156
08/05/2003,ADQ,AK,AAL,WE,Federal Contract Tower,4,4,4,0,12,1,49,11,4,65,5,53,15,4,77,30,0,30,107
08/06/2003,ADQ,AK,AAL,WE,Federal Contract Tower,7,8,0,3,18,0,39,1,9,49,7,47,1,12,67,5,56,61,128
08/07/2003,ADQ,AK,AAL,WE,Federal Contract Tower,8,3,3,6,20,1,50,14,13,78,9,53,17,19,98,26,48,74,172
08/08/2003,ADQ,AK,AAL,WE,Federal Contract Tower,3,6,2,1,12,2,50,15,9,76,5,56,17,10,88,9,36,45,133
08/09/2003,ADQ,AK,AAL,WE,Federal Contract Tower,8,1,2,0,11,1,55,14,2,72,9,56,16,2,83,11,33,44,127
08/10/2003,ADQ,AK,AAL,WE,Federal Contract Tower,3,7,0,2,12,1,35,5,3,44,4,42,5,5,56,8,2,10,66
08/11/2003,ADQ,AK,AAL,WE,Federal Contract Tower,6,13,0,5,24,0,12,0,5,17,6,25,0,10,41,16,108,124,165
08/12/2003,ADQ,AK,AAL,WE,Federal Contract Tower,4,12,0,3,19,0,36,2,12,50,4,48,2,15,69,0,71,71,140
08/13/2003,ADQ,AK,AAL,WE,Federal Contract Tower,6,10,2,3,21,0,23,0,8,31,6,33,2,11,52,0,79,79,131
08/14/2003,ADQ,AK,AAL,WE,Federal Contract Tower,7,16,0,2,25,0,27,3,3,33,7,43,3,5,58,34,30,64,122
08/15/2003,ADQ,AK,AAL,WE,Federal Contract Tower,8,8,1,2,19,0,47,17,7,71,8,55,18,9,90,74,4,78,168
08/16/2003,ADQ,AK,AAL,WE,Federal Contract Tower,7,6,2,3,18,2,47,13,0,62,9,53,15,3,80,21,28,49,129
08/17/2003,ADQ,AK,AAL,WE,Federal Contract Tower,6,4,0,2,12,0,36,9,9,54,6,40,9,11,66,76,25,101,167
08/18/2003,ADQ,AK,AAL,WE,Federal Contract Tower,3,8,0,4,15,0,44,5,10,59,3,52,5,14,74,19,57,76,150
08/19/2003,ADQ,AK,AAL,WE,Federal Contract Tower,3,43,0,15,61,0,0,0,2,2,3,43,0,17,63,0,0,0,63
08/20/2003,ADQ,AK,AAL,WE,Federal Contract Tower,5,10,1,8,24,0,48,3,2,53,5,58,4,10,77,0,62,62,139
08/21/2003,ADQ,AK,AAL,WE,Federal Contract Tower,5,9,2,6,22,1,51,12,11,75,6,60,14,17,97,8,2,10,107
08/22/2003,ADQ,AK,AAL,WE,Federal Contract Tower,10,3,0,2,15,1,79,23,4,107,11,82,23,6,122,37,62,99,221
08/23/2003,ADQ,AK,AAL,WE,Federal Contract Tower,11,2,2,0,15,1,61,30,4,96,12,63,32,4,111,3,31,34,145
08/24/2003,ADQ,AK,AAL,WE,Federal Contract Tower,7,3,0,2,12,0,56,25,3,84,7,59,25,5,96,37,39,76,172
08/25/2003,ADQ,AK,AAL,WE,Federal Contract Tower,3,8,0,4,15,0,58,10,4,72,3,66,10,8,87,24,98,122,209
08/26/2003,ADQ,AK,AAL,WE,Federal Contract Tower,5,9,2,7,23,0,52,9,9,70,5,61,11,16,93,12,131,143,236
08/27/2003,ADQ,AK,AAL,WE,Federal Contract Tower,5,30,4,10,49,0,14,0,2,16,5,44,4,12,65,0,39,39,104
08/28/2003,ADQ,AK,AAL,WE,Federal Contract Tower,5,25,1,7,38,0,20,6,11,37,5,45,7,18,75,0,153,153,228
08/29/2003,ADQ,AK,AAL,WE,Federal Contract Tower,10,8,2,2,22,0,45,4,11,60,10,53,6,13,82,26,16,42,124
08/30/2003,ADQ,AK,AAL,WE,Federal Contract Tower,5,9,4,4,22,0,56,9,0,65,5,65,13,4,87,33,31,64,151
08/31/2003,ADQ,AK,AAL,WE,Federal Contract Tower,3,6,0,1,10,0,36,4,3,43,3,42,4,4,53,0,54,54,107
09/01/2003,ADQ,AK,AAL,WE,Federal Contract Tower,4,5,0,1,10,1,31,3,4,39,5,36,3,5,49,0,23,23,72
09/02/2003,ADQ,AK,AAL,WE,Federal Contract Tower,6,5,0,7,18,0,43,2,9,54,6,48,2,16,72,6,34,40,112
09/03/2003,ADQ,AK,AAL,WE,Federal Contract Tower,5,7,0,2,14,1,39,8,11,59,6,46,8,13,73,31,114,145,218
09/04/2003,ADQ,AK,AAL,WE,Federal Contract Tower,5,10,0,11,26,0,38,7,11,56,5,48,7,22,82,0,74,74,156
09/05/2003,ADQ,AK,AAL,WE,Federal Contract Tower,9,6,0,4,19,0,40,5,10,55,9,46,5,14,74,2,21,23,97
09/06/2003,ADQ,AK,AAL,WE,Federal Contract Tower,6,5,0,3,14,1,60,14,7,82,7,65,14,10,96,0,0,0,96
09/07/2003,ADQ,AK,AAL,WE,Federal Contract Tower,7,1,0,0,8,2,32,1,6,41,9,33,1,6,49,0,26,26,75
09/08/2003,ADQ,AK,AAL,WE,Federal Contract Tower,3,10,5,4,22,0,44,9,28,81,3,54,14,32,103,0,70,70,173
09/09/2003,ADQ,AK,AAL,WE,Federal Contract Tower,3,14,4,3,24,0,35,1,0,36,3,49,5,3,60,0,0,0,60
09/10/2003,ADQ,AK,AAL,WE,Federal Contract Tower,3,8,0,2,13,0,55,2,14,71,3,63,2,16,84,0,57,57,141
09/11/2003,ADQ,AK,AAL,WE,Federal Contract Tower,7,4,1,4,16,1,55,16,17,89,8,59,17,21,105,14,48,62,167
09/12/2003,ADQ,AK,AAL,WE,Federal Contract Tower,7,5,0,3,15,0,53,5,13,71,7,58,5,16,86,0,60,60,146
09/13/2003,ADQ,AK,AAL,WE,Federal Contract Tower,7,7,0,0,14,0,39,13,7,59,7,46,13,7,73,6,0,6,79
09/14/2003,ADQ,AK,AAL,WE,Federal Contract Tower,8,4,4,0,16,0,27,5,2,34,8,31,9,2,50,10,0,10,60
09/15/2003,ADQ,AK,AAL,WE,Federal Contract Tower,3,8,2,2,15,0,44,12,11,67,3,52,14,13,82,0,129,129,211
09/16/2003,ADQ,AK,AAL,WE,Federal Contract Tower,4,12,0,4,20,1,35,4,6,46,5,47,4,10,66,5,97,102,168
09/17/2003,ADQ,AK,AAL,WE,Federal Contract Tower,5,7,0,9,21,0,18,1,7,26,5,25,1,16,47,0,120,120,167
09/18/2003,ADQ,AK,AAL,WE,Federal Contract Tower,5,8,0,3,16,0,22,2,22,46,5,30,2,25,62,0,118,118,180
09/19/2003,ADQ,AK,AAL,WE,Federal Contract Tower,7,7,0,5,19,1,25,6,3,35,8,32,6,8,54,6,40,46,100
09/20/2003,ADQ,AK,AAL,WE,Federal Contract Tower,5,8,0,0,13,0,30,4,4,38,5,38,4,4,51,0,20,20,71
09/21/2003,ADQ,AK,AAL,WE,Federal Contract Tower,5,6,0,2,13,0,44,11,0,55,5,50,11,2,68,6,0,6,74
09/22/2003,ADQ,AK,AAL,WE,Federal Contract Tower,5,7,0,1,13,0,44,8,9,61,5,51,8,10,74,2,67,69,143
09/23/2003,ADQ,AK,AAL,WE,Federal Contract Tower,3,7,0,0,10,0,9,0,0,9,3,16,0,0,19,0,4,4,23
09/24/2003,ADQ,AK,AAL,WE,Federal Contract Tower,3,12,2,1,18,0,45,7,19,71,3,57,9,20,89,0,70,70,159
09/25/2003,ADQ,AK,AAL,WE,Federal Contract Tower,7,6,1,3,17,0,37,1,15,53,7,43,2,18,70,4,20,24,94
09/26/2003,ADQ,AK,AAL,WE,Federal Contract Tower,5,7,1,4,17,0,45,8,6,59,5,52,9,10,76,0,3,3,79
09/27/2003,ADQ,AK,AAL,WE,Federal Contract Tower,7,6,3,3,19,0,18,0,4,22,7,24,3,7,41,0,0,0,41
09/28/2003,ADQ,AK,AAL,WE,Federal Contract Tower,6,6,0,3,15,0,16,0,2,18,6,22,0,5,33,0,14,14,47
09/29/2003,ADQ,AK,AAL,WE,Federal Contract Tower,5,16,2,2,25,0,12,0,7,19,5,28,2,9,44,0,14,14,58
09/30/2003,ADQ,AK,AAL,WE,Federal Contract Tower,0,15,0,3,18,0,1,0,0,1,0,16,0,3,19,0,0,0,19
10/01/2003,ADQ,AK,AAL,WE,Federal Contract Tower,4,20,0,0,24,0,16,2,13,31,4,36,2,13,55,0,5,5,60
10/02/2003,ADQ,AK,AAL,WE,Federal Contract Tower,6,11,0,0,17,0,33,3,17,53,6,44,3,17,70,0,36,36,106
10/03/2003,ADQ,AK,AAL,WE,Federal Contract Tower,4,8,0,0,12,0,37,12,10,59,4,45,12,10,71,8,37,45,116
10/04/2003,ADQ,AK,AAL,WE,Federal Contract Tower,3,9,0,0,12,0,7,0,5,12,3,16,0,5,24,0,0,0,24
10/05/2003,ADQ,AK,AAL,WE,Federal Contract Tower,2,2,0,2,6,0,1,0,2,3,2,3,0,4,9,0,0,0,9
10/06/2003,ADQ,AK,AAL,WE,Federal Contract Tower,6,44,3,12,65,0,0,0,1,1,6,44,3,13,66,0,4,4,70
10/07/2003,ADQ,AK,AAL,WE,Federal Contract Tower,5,20,3,5,33,1,16,3,5,25,6,36,6,10,58,0,47,47,105
10/08/2003,ADQ,AK,AAL,WE,Federal Contract Tower,4,10,2,3,19,0,44,8,12,64,4,54,10,15,83,16,62,78,161
10/09/2003,ADQ,AK,AAL,WE,Federal Contract Tower,5,8,1,2,16,1,25,16,14,56,6,33,17,16,72,0,43,43,115
10/10/2003,ADQ,AK,AAL,WE,Federal Contract Tower,5,8,1,2,16,1,39,14,13,67,6,47,15,15,83,0,74,74,157
10/11/2003,ADQ,AK,AAL,WE,Federal Contract Tower,5,2,0,0,7,1,39,8,2,50,6,41,8,2,57,0,58,58,115
10/12/2003,ADQ,AK,AAL,WE,Federal Contract Tower,5,2,0,2,9,1,23,5,0,29,6,25,5,2,38,0,40,40,78
10/13/2003,ADQ,AK,AAL,WE,Federal Contract Tower,4,8,2,2,16,0,33,1,2,36,4,41,3,4,52,11,26,37,89
10/14/2003,ADQ,AK,AAL,WE,Federal Contract Tower,4,8,0,2,14,0,0,0,2,2,4,8,0,4,16,0,10,10,26
10/15/2003,ADQ,AK,AAL,WE,Federal Contract Tower,4,11,2,3,20,0,2,0,1,3,4,13,2,4,23,0,45,45,68
10/16/2003,ADQ,AK,AAL,WE,Federal Contract Tower,5,9,2,3,19,3,62,2,14,81,8,71,4,17,100,0,76,76,176
10/17/2003,ADQ,AK,AAL,WE,Federal Contract Tower,5,10,2,3,20,1,35,0,4,40,6,45,2,7,60,6,94,100,160
10/18/2003,ADQ,AK,AAL,WE,Federal Contract Tower,5,2,0,2,9,1,40,3,0,44,6,42,3,2,53,0,0,0,53
10/19/2003,ADQ,AK,AAL,WE,Federal Contract Tower,5,2,0,4,11,5,28,2,0,35,10,30,2,4,46,7,39,46,92
10/20/2003,ADQ,AK,AAL,WE,Federal Contract Tower,5,9,2,3,19,0,31,6,4,41,5,40,8,7,60,24,42,66,126
10/21/2003,ADQ,AK,AAL,WE,Federal Contract Tower,5,10,2,2,19,1,26,0,0,27,6,36,2,2,46,0,0,0,46
10/22/2003,ADQ,AK,AAL,WE,Federal Contract Tower,5,8,2,2,17,1,18,0,6,25,6,26,2,8,42,0,37,37,79
10/23/2003,ADQ,AK,AAL,WE,Federal Contract Tower,5,12,2,3,22,1,50,0,9,60,6,62,2,12,82,2,9,11,93
10/24/2003,ADQ,AK,AAL,WE,Federal Contract Tower,5,20,2,3,30,3,22,0,0,25,8,42,2,3,55,0,31,31,86
10/25/2003,ADQ,AK,AAL,WE,Federal Contract Tower,9,31,2,2,44,1,0,0,0,1,10,31,2,2,45,2,32,34,79
10/26/2003,ADQ,AK,AAL,WE,Federal Contract Tower,5,2,0,5,12,3,29,0,1,33,8,31,0,6,45,0,21,21,66
10/27/2003,ADQ,AK,AAL,WE,Federal Contract Tower,5,9,2,2,18,1,27,5,6,39,6,36,7,8,57,31,62,93,150
10/28/2003,ADQ,AK,AAL,WE,Federal Contract Tower,4,3,0,7,14,0,40,7,2,49,4,43,7,9,63,25,92,117,180
10/29/2003,ADQ,AK,AAL,WE,Federal Contract Tower,4,2,0,7,13,2,29,4,4,39,6,31,4,11,52,19,27,46,98
10/30/2003,ADQ,AK,AAL,WE,Federal Contract Tower,4,16,1,3,24,3,33,3,17,56,7,49,4,20,80,0,51,51,131
10/31/2003,ADQ,AK,AAL,WE,Federal Contract Tower,4,11,1,3,19,2,28,6,7,43,6,39,7,10,62,0,45,45,107
11/01/2003,ADQ,AK,AAL,WE,Federal Contract Tower,3,8,1,1,13,1,8,4,4,17,4,16,5,5,30,0,64,64,94
11/02/2003,ADQ,AK,AAL,WE,Federal Contract Tower,0,0,0,0,0,0,0,0,1,1,0,0,0,1,1,0,0,0,1
11/03/2003,ADQ,AK,AAL,WE,Federal Contract Tower,8,29,1,6,44,0,17,0,4,21,8,46,1,10,65,0,14,14,79
11/04/2003,ADQ,AK,AAL,WE,Federal Contract Tower,8,26,4,2,40,0,0,0,0,0,8,26,4,2,40,0,0,0,40
11/05/2003,ADQ,AK,AAL,WE,Federal Contract Tower,8,35,0,7,50,0,0,0,0,0,8,35,0,7,50,0,0,0,50
11/06/2003,ADQ,AK,AAL,WE,Federal Contract Tower,5,10,1,3,19,1,42,0,21,64,6,52,1,24,83,0,87,87,170
11/07/2003,ADQ,AK,AAL,WE,Federal Contract Tower,5,10,1,3,19,3,33,1,4,41,8,43,2,7,60,0,11,11,71
11/08/2003,ADQ,AK,AAL,WE,Federal Contract Tower,3,6,1,2,12,3,20,3,2,28,6,26,4,4,40,0,0,0,40
11/09/2003,ADQ,AK,AAL,WE,Federal Contract Tower,3,6,1,2,12,7,35,5,6,53,10,41,6,8,65,6,17,23,88
11/10/2003,ADQ,AK,AAL,WE,Federal Contract Tower,4,6,0,2,12,0,24,0,8,32,4,30,0,10,44,4,64,68,112
11/11/2003,ADQ,AK,AAL,WE,Federal Contract Tower,4,15,3,3,25,0,37,1,1,39,4,52,4,4,64,7,12,19,83
11/12/2003,ADQ,AK,AAL,WE,Federal Contract Tower,4,5,0,2,11,0,39,0,2,41,4,44,0,4,52,0,152,152,204
11/13/2003,ADQ,AK,AAL,WE,Federal Contract Tower,5,9,0,3,17,3,54,3,18,78,8,63,3,21,95,0,100,100,195
11/14/2003,ADQ,AK,AAL,WE,Federal Contract Tower,5,8,0,3,16,1,35,4,4,44,6,43,4,7,60,0,18,18,78
11/15/2003,ADQ,AK,AAL,WE,Federal Contract Tower,4,5,0,2,11,2,34,5,4,45,6,39,5,6,56,9,11,20,76
11/16/2003,ADQ,AK,AAL,WE,Federal Contract Tower,4,6,0,2,12,2,22,9,2,35,6,28,9,4,47,0,0,0,47
11/17/2003,ADQ,AK,AAL,WE,Federal Contract Tower,4,8,0,1,13,0,14,3,11,28,4,22,3,12,41,0,77,77,118
11/18/2003,ADQ,AK,AAL,WE,Federal Contract Tower,4,9,0,1,14,0,37,5,9,51,4,46,5,10,65,10,11,21,86
11/19/2003,ADQ,AK,AAL,WE,Federal Contract Tower,4,7,0,1,12,2,30,4,15,51,6,37,4,16,63,14,60,74,137
11/20/2003,ADQ,AK,AAL,WE,Federal Contract Tower,6,11,0,2,19,2,30,10,7,49,8,41,10,9,68,2,55,57,125
11/21/2003,ADQ,AK,AAL,WE,Federal Contract Tower,5,9,0,2,16,1,38,6,3,48,6,47,6,5,64,23,30,53,117
11/22/2003,ADQ,AK,AAL,WE,Federal Contract Tower,3,4,0,0,7,0,0,3,1,4,3,4,3,1,11,0,0,0,11
11/23/2003,ADQ,AK,AAL,WE,Federal Contract Tower,4,8,0,1,13,4,41,7,6,58,8,49,7,7,71,11,6,17,88
11/24/2003,ADQ,AK,AAL,WE,Federal Contract Tower,4,7,0,1,12,2,3,0,12,17,6,10,0,13,29,0,119,119,148
11/25/2003,ADQ,AK,AAL,WE,Federal Contract Tower,4,10,0,2,16,0,28,3,8,39,4,38,3,10,55,0,55,55,110
11/26/2003,ADQ,AK,AAL,WE,Federal Contract Tower,6,10,0,2,18,0,11,3,2,16,6,21,3,4,34,0,84,84,118
11/27/2003,ADQ,AK,AAL,WE,Federal Contract Tower,0,0,0,0,0,0,19,4,0,23,0,19,4,0,23,3,0,3,26
11/28/2003,ADQ,AK,AAL,WE,Federal Contract Tower,4,6,0,1,11,2,23,1,4,30,6,29,1,5,41,0,2,2,43
11/29/2003,ADQ,AK,AAL,WE,Federal Contract Tower,4,7,0,1,12,0,41,10,2,53,4,48,10,3,65,11,9,20,85
11/30/2003,ADQ,AK,AAL,WE,Federal Contract Tower,3,5,0,1,9,3,26,7,2,38,6,31,7,3,47,3,0,3,50
12/01/2003,ADQ,AK,AAL,WE,Federal Contract Tower,3,8,1,2,14,1,27,4,12,44,4,35,5,14,58,0,85,85,143
12/02/2003,ADQ,AK,AAL,WE,Federal Contract Tower,2,7,1,1,11,2,39,4,0,45,4,46,5,1,56,0,0,0,56
12/03/2003,ADQ,AK,AAL,WE,Federal Contract Tower,2,11,1,4,18,0,19,1,3,23,2,30,2,7,41,19,40,59,100
12/04/2003,ADQ,AK,AAL,WE,Federal Contract Tower,2,7,0,3,12,2,22,0,14,38,4,29,0,17,50,0,22,22,72
12/05/2003,ADQ,AK,AAL,WE,Federal Contract Tower,5,10,1,5,21,1,35,3,12,51,6,45,4,17,72,0,7,7,79
12/06/2003,ADQ,AK,AAL,WE,Federal Contract Tower,1,4,1,2,8,3,32,8,0,43,4,36,9,2,51,3,12,15,66
12/07/2003,ADQ,AK,AAL,WE,Federal Contract Tower,3,5,1,2,11,1,14,0,3,18,4,19,1,5,29,0,0,0,29
12/08/2003,ADQ,AK,AAL,WE,Federal Contract Tower,4,15,1,4,24,0,6,0,1,7,4,21,1,5,31,0,4,4,35
12/09/2003,ADQ,AK,AAL,WE,Federal Contract Tower,4,8,1,3,16,2,17,3,22,44,6,25,4,25,60,0,5,5,65
12/10/2003,ADQ,AK,AAL,WE,Federal Contract Tower,4,8,1,3,16,2,19,1,7,29,6,27,2,10,45,6,32,38,83
12/11/2003,ADQ,AK,AAL,WE,Federal Contract Tower,4,8,0,4,16,0,11,0,5,16,4,19,0,9,32,0,50,50,82
12/12/2003,ADQ,AK,AAL,WE,Federal Contract Tower,8,14,4,3,29,0,17,1,0,18,8,31,5,3,47,0,0,0,47
12/13/2003,ADQ,AK,AAL,WE,Federal Contract Tower,2,3,1,1,7,2,39,1,2,44,4,42,2,3,51,0,21,21,72
12/14/2003,ADQ,AK,AAL,WE,Federal Contract Tower,1,2,0,0,3,1,0,0,0,1,2,2,0,0,4,0,0,0,4
12/15/2003,ADQ,AK,AAL,WE,Federal Contract Tower,6,9,1,2,18,2,38,6,6,52,8,47,7,8,70,11,71,82,152
12/16/2003,ADQ,AK,AAL,WE,Federal Contract Tower,5,9,0,2,16,0,17,0,10,27,5,26,0,12,43,0,0,0,43
12/17/2003,ADQ,AK,AAL,WE,Federal Contract Tower,4,10,0,2,16,0,18,6,10,34,4,28,6,12,50,6,78,84,134
12/18/2003,ADQ,AK,AAL,WE,Federal Contract Tower,5,11,0,3,19,0,1,2,6,9,5,12,2,9,28,2,84,86,114
12/19/2003,ADQ,AK,AAL,WE,Federal Contract Tower,6,10,0,2,18,0,28,2,6,36,6,38,2,8,54,0,0,0,54
12/20/2003,ADQ,AK,AAL,WE,Federal Contract Tower,4,7,0,1,12,0,22,6,3,31,4,29,6,4,43,0,7,7,50
12/21/2003,ADQ,AK,AAL,WE,Federal Contract Tower,4,7,0,1,12,2,8,0,0,10,6,15,0,1,22,0,17,17,39
12/22/2003,ADQ,AK,AAL,WE,Federal Contract Tower,4,7,0,2,13,0,12,2,4,18,4,19,2,6,31,0,24,24,55
12/23/2003,ADQ,AK,AAL,WE,Federal Contract Tower,4,7,0,2,13,0,11,2,3,16,4,18,2,5,29,8,12,20,49
12/24/2003,ADQ,AK,AAL,WE,Federal Contract Tower,4,7,0,1,12,0,13,0,7,20,4,20,0,8,32,0,0,0,32
12/25/2003,ADQ,AK,AAL,WE,Federal Contract Tower,0,0,0,0,0,0,0,0,0,0,0,0,0,0,0,0,0,0,0
12/26/2003,ADQ,AK,AAL,WE,Federal Contract Tower,2,7,0,1,10,0,22,2,9,33,2,29,2,10,43,0,10,10,53
12/27/2003,ADQ,AK,AAL,WE,Federal Contract Tower,4,7,0,1,12,2,11,0,4,17,6,18,0,5,29,17,0,17,46
12/28/2003,ADQ,AK,AAL,WE,Federal Contract Tower,4,6,0,1,11,0,0,0,1,1,4,6,0,2,12,0,46,46,58
12/29/2003,ADQ,AK,AAL,WE,Federal Contract Tower,4,13,2,3,22,0,2,0,6,8,4,15,2,9,30,0,17,17,47
12/30/2003,ADQ,AK,AAL,WE,Federal Contract Tower,4,7,0,1,12,0,4,1,8,13,4,11,1,9,25,0,0,0,25
12/31/2003,ADQ,AK,AAL,WE,Federal Contract Tower,4,8,0,2,14,0,25,4,2,31,4,33,4,4,45,0,28,28,73
01/01/2004,ADQ,AK,AAL,WE,Federal Contract Tower,1,3,1,0,5,3,11,8,3,25,4,14,9,3,30,0,0,0,30
01/02/2004,ADQ,AK,AAL,WE,Federal Contract Tower,3,7,3,2,15,3,32,0,10,45,6,39,3,12,60,0,3,3,63
01/03/2004,ADQ,AK,AAL,WE,Federal Contract Tower,3,4,1,3,11,1,26,5,0,32,4,30,6,3,43,13,67,80,123
01/04/2004,ADQ,AK,AAL,WE,Federal Contract Tower,3,4,1,2,10,3,10,2,1,16,6,14,3,3,26,9,15,24,50
01/05/2004,ADQ,AK,AAL,WE,Federal Contract Tower,4,7,2,3,16,2,19,8,8,37,6,26,10,11,53,0,76,76,129
01/06/2004,ADQ,AK,AAL,WE,Federal Contract Tower,4,6,0,1,11,0,28,0,0,28,4,34,0,1,39,0,0,0,39
01/07/2004,ADQ,AK,AAL,WE,Federal Contract Tower,1,1,0,0,2,1,0,0,0,1,2,1,0,0,3,0,0,0,3
01/08/2004,ADQ,AK,AAL,WE,Federal Contract Tower,7,10,2,3,22,0,3,2,2,7,7,13,4,5,29,0,6,6,35
01/09/2004,ADQ,AK,AAL,WE,Federal Contract Tower,8,10,2,3,23,0,20,2,7,29,8,30,4,10,52,0,11,11,63
01/10/2004,ADQ,AK,AAL,WE,Federal Contract Tower,4,4,0,3,11,0,30,3,6,39,4,34,3,9,50,7,5,12,62
01/11/2004,ADQ,AK,AAL,WE,Federal Contract Tower,5,6,2,2,15,1,0,1,5,7,6,6,3,7,22,7,0,7,29
01/12/2004,ADQ,AK,AAL,WE,Federal Contract Tower,4,5,0,3,12,0,27,4,10,41,4,32,4,13,53,9,169,178,231
01/13/2004,ADQ,AK,AAL,WE,Federal Contract Tower,5,7,2,2,16,1,24,1,5,31,6,31,3,7,47,3,136,139,186
01/14/2004,ADQ,AK,AAL,WE,Federal Contract Tower,2,5,0,2,9,0,22,4,6,32,2,27,4,8,41,0,183,183,224
01/15/2004,ADQ,AK,AAL,WE,Federal Contract Tower,4,6,2,2,14,0,22,6,11,39,4,28,8,13,53,22,225,247,300
01/16/2004,ADQ,AK,AAL,WE,Federal Contract Tower,6,10,2,3,21,0,20,2,7,29,6,30,4,10,50,2,13,15,65
01/17/2004,ADQ,AK,AAL,WE,Federal Contract Tower,4,4,0,2,10,2,14,2,2,20,6,18,2,4,30,0,0,0,30
01/18/2004,ADQ,AK,AAL,WE,Federal Contract Tower,5,6,0,3,14,1,12,5,1,19,6,18,5,4,33,8,0,8,41
01/19/2004,ADQ,AK,AAL,WE,Federal Contract Tower,2,3,0,0,5,0,0,0,2,2,2,3,0,2,7,0,0,0,7
01/20/2004,ADQ,AK,AAL,WE,Federal Contract Tower,4,13,3,4,24,0,16,2,6,24,4,29,5,10,48,0,90,90,138
01/21/2004,ADQ,AK,AAL,WE,Federal Contract Tower,8,10,2,3,23,0,22,1,10,33,8,32,3,13,56,0,182,182,238
01/22/2004,ADQ,AK,AAL,WE,Federal Contract Tower,6,8,2,2,18,0,29,3,11,43,6,37,5,13,61,0,82,82,143
01/23/2004,ADQ,AK,AAL,WE,Federal Contract Tower,7,9,1,3,20,4,23,5,3,35,11,32,6,6,55,6,48,54,109
01/24/2004,ADQ,AK,AAL,WE,Federal Contract Tower,5,7,0,2,14,1,13,3,4,21,6,20,3,6,35,0,0,0,35
01/25/2004,ADQ,AK,AAL,WE,Federal Contract Tower,5,7,0,0,12,3,5,0,0,8,8,12,0,0,20,0,0,0,20
01/26/2004,ADQ,AK,AAL,WE,Federal Contract Tower,2,4,0,1,7,0,0,0,4,4,2,4,0,5,11,0,7,7,18
01/27/2004,ADQ,AK,AAL,WE,Federal Contract Tower,2,3,0,0,5,0,1,0,0,1,2,4,0,0,6,0,0,0,6
01/28/2004,ADQ,AK,AAL,WE,Federal Contract Tower,8,16,2,4,30,0,15,7,5,27,8,31,9,9,57,0,78,78,135
01/29/2004,ADQ,AK,AAL,WE,Federal Contract Tower,5,8,1,2,16,5,16,4,13,38,10,24,5,15,54,9,45,54,108
01/30/2004,ADQ,AK,AAL,WE,Federal Contract Tower,2,2,0,0,4,0,0,0,1,1,2,2,0,1,5,0,21,21,26
01/31/2004,ADQ,AK,AAL,WE,Federal Contract Tower,8,10,1,3,22,0,11,1,0,12,8,21,2,3,34,2,0,2,36
02/01/2004,ADQ,AK,AAL,WE,Federal Contract Tower,3,8,0,2,13,1,8,0,7,16,4,16,0,9,29,0,0,0,29
02/02/2004,ADQ,AK,AAL,WE,Federal Contract Tower,6,11,2,3,22,0,21,1,9,31,6,32,3,12,53,2,20,22,75
02/03/2004,ADQ,AK,AAL,WE,Federal Contract Tower,4,9,2,3,18,0,5,0,2,7,4,14,2,5,25,0,0,0,25
02/04/2004,ADQ,AK,AAL,WE,Federal Contract Tower,4,9,4,8,25,0,0,0,2,2,4,9,4,10,27,0,38,38,65
02/05/2004,ADQ,AK,AAL,WE,Federal Contract Tower,4,6,1,3,14,0,48,7,6,61,4,54,8,9,75,0,36,36,111
02/06/2004,ADQ,AK,AAL,WE,Federal Contract Tower,4,5,1,3,13,2,19,1,4,26,6,24,2,7,39,0,11,11,50
02/07/2004,ADQ,AK,AAL,WE,Federal Contract Tower,3,4,1,2,10,1,10,2,4,17,4,14,3,6,27,0,0,0,27
02/08/2004,ADQ,AK,AAL,WE,Federal Contract Tower,4,6,0,3,13,4,3,0,5,12,8,9,0,8,25,0,1,1,26
02/09/2004,ADQ,AK,AAL,WE,Federal Contract Tower,4,8,2,3,17,0,13,0,7,20,4,21,2,10,37,0,14,14,51
02/10/2004,ADQ,AK,AAL,WE,Federal Contract Tower,0,6,0,4,10,0,2,2,5,9,0,8,2,9,19,0,57,57,76
02/11/2004,ADQ,AK,AAL,WE,Federal Contract Tower,4,6,0,4,14,0,20,3,3,26,4,26,3,7,40,0,80,80,120
02/12/2004,ADQ,AK,AAL,WE,Federal Contract Tower,4,8,2,4,18,0,3,3,3,9,4,11,5,7,27,0,14,14,41
02/13/2004,ADQ,AK,AAL,WE,Federal Contract Tower,6,10,2,3,21,0,11,0,0,11,6,21,2,3,32,0,0,0,32
02/14/2004,ADQ,AK,AAL,WE,Federal Contract Tower,3,5,0,3,11,1,13,2,1,17,4,18,2,4,28,0,0,0,28
02/15/2004,ADQ,AK,AAL,WE,Federal Contract Tower,3,6,0,3,12,1,11,0,1,13,4,17,0,4,25,0,0,0,25
02/16/2004,ADQ,AK,AAL,WE,Federal Contract Tower,4,8,2,2,16,2,18,2,6,28,6,26,4,8,44,2,3,5,49
02/17/2004,ADQ,AK,AAL,WE,Federal Contract Tower,4,9,2,3,18,2,17,3,18,40,6,26,5,21,58,54,110,164,222
02/18/2004,ADQ,AK,AAL,WE,Federal Contract Tower,4,11,1,3,19,0,15,6,7,28,4,26,7,10,47,0,68,68,115
02/19/2004,ADQ,AK,AAL,WE,Federal Contract Tower,5,11,1,3,20,1,19,1,18,39,6,30,2,21,59,0,18,18,77
02/20/2004,ADQ,AK,AAL,WE,Federal Contract Tower,3,6,0,1,10,1,20,8,10,39,4,26,8,11,49,30,124,154,203
02/21/2004,ADQ,AK,AAL,WE,Federal Contract Tower,4,8,0,2,14,0,6,0,5,11,4,14,0,7,25,0,25,25,50
02/22/2004,ADQ,AK,AAL,WE,Federal Contract Tower,4,8,0,3,15,0,8,1,3,12,4,16,1,6,27,0,0,0,27
02/23/2004,ADQ,AK,AAL,WE,Federal Contract Tower,4,9,0,2,15,0,20,0,5,25,4,29,0,7,40,2,37,39,79
02/24/2004,ADQ,AK,AAL,WE,Federal Contract Tower,4,13,1,4,22,0,7,3,10,20,4,20,4,14,42,0,79,79,121
02/25/2004,ADQ,AK,AAL,WE,Federal Contract Tower,3,7,0,2,12,1,13,6,12,32,4,20,6,14,44,10,91,101,145
02/26/2004,ADQ,AK,AAL,WE,Federal Contract Tower,4,11,0,3,18,0,7,0,9,16,4,18,0,12,34,0,47,47,81
02/27/2004,ADQ,AK,AAL,WE,Federal Contract Tower,4,9,1,2,16,4,13,0,5,22,8,22,1,7,38,0,66,66,104
02/28/2004,ADQ,AK,AAL,WE,Federal Contract Tower,3,7,0,2,12,1,10,2,3,16,4,17,2,5,28,16,12,28,56
02/29/2004,ADQ,AK,AAL,WE,Federal Contract Tower,4,9,1,2,16,2,1,4,8,15,6,10,5,10,31,0,41,41,72
03/01/2004,ADQ,AK,AAL,WE,Federal Contract Tower,4,6,1,2,13,0,16,3,5,24,4,22,4,7,37,0,57,57,94
03/02/2004,ADQ,AK,AAL,WE,Federal Contract Tower,4,8,0,3,15,0,12,0,1,13,4,20,0,4,28,0,0,0,28
03/03/2004,ADQ,AK,AAL,WE,Federal Contract Tower,2,5,1,3,11,2,15,7,10,34,4,20,8,13,45,0,72,72,117
03/04/2004,ADQ,AK,AAL,WE,Federal Contract Tower,3,7,1,3,14,1,10,1,16,28,4,17,2,19,42,0,15,15,57
03/05/2004,ADQ,AK,AAL,WE,Federal Contract Tower,3,6,1,3,13,3,35,1,3,42,6,41,2,6,55,0,55,55,110
03/06/2004,ADQ,AK,AAL,WE,Federal Contract Tower,4,7,0,0,11,0,1,0,0,1,4,8,0,0,12,0,4,4,16
03/07/2004,ADQ,AK,AAL,WE,Federal Contract Tower,2,4,1,2,9,4,14,3,1,22,6,18,4,3,31,5,94,99,130
03/08/2004,ADQ,AK,AAL,WE,Federal Contract Tower,4,5,1,3,13,2,21,4,3,30,6,26,5,6,43,0,192,192,235
03/09/2004,ADQ,AK,AAL,WE,Federal Contract Tower,2,8,1,4,15,0,6,0,14,20,2,14,1,18,35,6,22,28,63
03/10/2004,ADQ,AK,AAL,WE,Federal Contract Tower,4,3,1,3,11,0,35,1,5,41,4,38,2,8,52,0,76,76,128
03/11/2004,ADQ,AK,AAL,WE,Federal Contract Tower,5,10,1,6,22,0,19,1,11,31,5,29,2,17,53,0,99,99,152
03/12/2004,ADQ,AK,AAL,WE,Federal Contract Tower,6,6,1,2,15,1,19,7,5,32,7,25,8,7,47,0,17,17,64
03/13/2004,ADQ,AK,AAL,WE,Federal Contract Tower,3,7,0,3,13,0,15,0,1,16,3,22,0,4,29,0,2,2,31
03/14/2004,ADQ,AK,AAL,WE,Federal Contract Tower,4,6,0,3,13,0,20,0,8,28,4,26,0,11,41,0,0,0,41
03/15/2004,ADQ,AK,AAL,WE,Federal Contract Tower,4,6,0,3,13,0,27,2,5,34,4,33,2,8,47,0,19,19,66
03/16/2004,ADQ,AK,AAL,WE,Federal Contract Tower,4,5,0,3,12,0,19,1,7,27,4,24,1,10,39,0,58,58,97
03/17/2004,ADQ,AK,AAL,WE,Federal Contract Tower,6,11,0,5,22,0,21,1,11,33,6,32,1,16,55,0,39,39,94
03/18/2004,ADQ,AK,AAL,WE,Federal Contract Tower,4,4,0,1,9,4,0,0,2,6,8,4,0,3,15,0,0,0,15
03/19/2004,ADQ,AK,AAL,WE,Federal Contract Tower,6,7,0,2,15,2,1,2,8,13,8,8,2,10,28,0,150,150,178
03/20/2004,ADQ,AK,AAL,WE,Federal Contract Tower,6,8,0,3,17,2,0,1,3,6,8,8,1,6,23,0,30,30,53
03/21/2004,ADQ,AK,AAL,WE,Federal Contract Tower,4,6,0,2,12,6,8,0,3,17,10,14,0,5,29,0,0,0,29
03/22/2004,ADQ,AK,AAL,WE,Federal Contract Tower,4,6,0,2,12,2,14,8,3,27,6,20,8,5,39,32,94,126,165
03/23/2004,ADQ,AK,AAL,WE,Federal Contract Tower,4,8,0,2,14,0,8,7,7,22,4,16,7,9,36,11,82,93,129
03/24/2004,ADQ,AK,AAL,WE,Federal Contract Tower,4,6,0,2,12,0,20,4,15,39,4,26,4,17,51,6,93,99,150
03/25/2004,ADQ,AK,AAL,WE,Federal Contract Tower,2,8,0,3,13,0,27,6,5,38,2,35,6,8,51,0,100,100,151
03/26/2004,ADQ,AK,AAL,WE,Federal Contract Tower,6,8,0,3,17,0,18,4,4,26,6,26,4,7,43,0,106,106,149
03/27/2004,ADQ,AK,AAL,WE,Federal Contract Tower,3,5,0,1,9,1,11,9,1,22,4,16,9,2,31,10,42,52,83
03/28/2004,ADQ,AK,AAL,WE,Federal Contract Tower,4,4,0,2,10,2,0,0,0,2,6,4,0,2,12,0,36,36,48
03/29/2004,ADQ,AK,AAL,WE,Federal Contract Tower,4,6,0,2,12,0,18,1,7,26,4,24,1,9,38,25,128,153,191
03/30/2004,ADQ,AK,AAL,WE,Federal Contract Tower,4,8,0,3,15,0,5,2,14,21,4,13,2,17,36,0,157,157,193
03/31/2004,ADQ,AK,AAL,WE,Federal Contract Tower,3,5,0,1,9,1,35,7,10,53,4,40,7,11,62,33,125,158,220
04/01/2004,ADQ,AK,AAL,WE,Federal Contract Tower,2,8,0,2,12,0,2,0,7,9,2,10,0,9,21,24,70,94,115
04/02/2004,ADQ,AK,AAL,WE,Federal Contract Tower,1,3,0,2,6,5,0,0,0,5,6,3,0,2,11,0,2,2,13
04/03/2004,ADQ,AK,AAL,WE,Federal Contract Tower,2,7,1,3,13,2,24,5,3,34,4,31,6,6,47,0,0,0,47
04/04/2004,ADQ,AK,AAL,WE,Federal Contract Tower,1,6,1,2,10,3,22,3,0,28,4,28,4,2,38,0,25,25,63
04/05/2004,ADQ,AK,AAL,WE,Federal Contract Tower,4,8,1,4,17,0,3,1,6,10,4,11,2,10,27,0,49,49,76
04/06/2004,ADQ,AK,AAL,WE,Federal Contract Tower,4,24,4,9,41,0,2,6,0,8,4,26,10,9,49,0,6,6,55
04/07/2004,ADQ,AK,AAL,WE,Federal Contract Tower,3,9,1,5,18,0,28,4,5,37,3,37,5,10,55,28,22,50,105
04/08/2004,ADQ,AK,AAL,WE,Federal Contract Tower,1,2,0,0,3,3,0,0,0,3,4,2,0,0,6,0,2,2,8
04/09/2004,ADQ,AK,AAL,WE,Federal Contract Tower,5,13,2,5,25,3,24,0,7,34,8,37,2,12,59,0,17,17,76
04/10/2004,ADQ,AK,AAL,WE,Federal Contract Tower,2,5,1,3,11,1,39,6,0,46,3,44,7,3,57,15,4,19,76
04/11/2004,ADQ,AK,AAL,WE,Federal Contract Tower,3,4,1,1,9,2,7,12,0,21,5,11,13,1,30,8,0,8,38
04/12/2004,ADQ,AK,AAL,WE,Federal Contract Tower,3,5,1,3,12,0,58,17,11,86,3,63,18,14,98,8,62,70,168
04/13/2004,ADQ,AK,AAL,WE,Federal Contract Tower,4,7,1,3,15,0,43,5,23,71,4,50,6,26,86,0,16,16,102
04/14/2004,ADQ,AK,AAL,WE,Federal Contract Tower,3,5,1,2,11,0,29,5,17,51,3,34,6,19,62,39,63,102,164
04/15/2004,ADQ,AK,AAL,WE,Federal Contract Tower,5,10,0,4,19,2,34,1,15,52,7,44,1,19,71,2,60,62,133
04/16/2004,ADQ,AK,AAL,WE,Federal Contract Tower,4,8,0,2,14,0,30,2,9,41,4,38,2,11,55,0,88,88,143
04/17/2004,ADQ,AK,AAL,WE,Federal Contract Tower,3,6,0,2,11,1,34,4,1,40,4,40,4,3,51,0,22,22,73
04/18/2004,ADQ,AK,AAL,WE,Federal Contract Tower,4,8,0,3,15,2,16,6,3,27,6,24,6,6,42,14,43,57,99
04/19/2004,ADQ,AK,AAL,WE,Federal Contract Tower,4,12,0,5,21,0,40,10,5,55,4,52,10,10,76,0,48,48,124
04/20/2004,ADQ,AK,AAL,WE,Federal Contract Tower,6,12,0,4,22,2,36,11,13,62,8,48,11,17,84,12,35,47,131
04/21/2004,ADQ,AK,AAL,WE,Federal Contract Tower,2,19,0,7,28,0,7,0,16,23,2,26,0,23,51,0,0,0,51
04/22/2004,ADQ,AK,AAL,WE,Federal Contract Tower,6,12,0,5,23,0,14,3,7,24,6,26,3,12,47,0,34,34,81
04/23/2004,ADQ,AK,AAL,WE,Federal Contract Tower,5,10,0,3,18,2,24,5,6,37,7,34,5,9,55,0,12,12,67
04/24/2004,ADQ,AK,AAL,WE,Federal Contract Tower,3,15,1,2,21,0,3,0,0,3,3,18,1,2,24,0,0,0,24
04/25/2004,ADQ,AK,AAL,WE,Federal Contract Tower,4,8,0,2,14,1,11,4,0,16,5,19,4,2,30,0,0,0,30
04/26/2004,ADQ,AK,AAL,WE,Federal Contract Tower,4,8,0,3,15,1,36,2,6,45,5,44,2,9,60,0,4,4,64
04/27/2004,ADQ,AK,AAL,WE,Federal Contract Tower,3,9,0,2,14,0,18,1,0,19,3,27,1,2,33,0,0,0,33
04/28/2004,ADQ,AK,AAL,WE,Federal Contract Tower,5,21,1,8,35,0,17,3,6,26,5,38,4,14,61,0,7,7,68
04/29/2004,ADQ,AK,AAL,WE,Federal Contract Tower,10,17,0,6,33,0,0,0,0,0,10,17,0,6,33,0,0,0,33
04/30/2004,ADQ,AK,AAL,WE,Federal Contract Tower,5,9,0,3,17,4,42,1,9,56,9,51,1,12,73,2,0,2,75
05/01/2004,ADQ,AK,AAL,WE,Federal Contract Tower,3,21,0,4,28,0,0,0,0,0,3,21,0,4,28,0,0,0,28
05/02/2004,ADQ,AK,AAL,WE,Federal Contract Tower,3,8,1,3,15,2,28,0,2,32,5,36,1,5,47,0,6,6,53
05/03/2004,ADQ,AK,AAL,WE,Federal Contract Tower,3,8,1,2,14,2,64,5,9,80,5,72,6,11,94,4,23,27,121
05/04/2004,ADQ,AK,AAL,WE,Federal Contract Tower,2,6,1,2,11,1,46,10,17,74,3,52,11,19,85,0,59,59,144
05/05/2004,ADQ,AK,AAL,WE,Federal Contract Tower,4,10,1,3,18,1,55,5,14,75,5,65,6,17,93,9,32,41,134
05/06/2004,ADQ,AK,AAL,WE,Federal Contract Tower,3,8,1,2,14,3,36,13,21,73,6,44,14,23,87,6,24,30,117
05/07/2004,ADQ,AK,AAL,WE,Federal Contract Tower,2,6,1,1,10,7,36,12,9,64,9,42,13,10,74,15,22,37,111
05/08/2004,ADQ,AK,AAL,WE,Federal Contract Tower,4,10,1,3,18,3,15,7,2,27,7,25,8,5,45,0,0,0,45
05/09/2004,ADQ,AK,AAL,WE,Federal Contract Tower,2,6,1,1,10,3,18,7,2,30,5,24,8,3,40,26,15,41,81
05/10/2004,ADQ,AK,AAL,WE,Federal Contract Tower,2,6,1,1,10,1,47,1,6,55,3,53,2,7,65,0,98,98,163
05/11/2004,ADQ,AK,AAL,WE,Federal Contract Tower,3,9,1,3,16,0,40,8,5,53,3,49,9,8,69,8,194,202,271
05/12/2004,ADQ,AK,AAL,WE,Federal Contract Tower,3,8,1,3,15,2,41,4,7,54,5,49,5,10,69,5,45,50,119
05/13/2004,ADQ,AK,AAL,WE,Federal Contract Tower,6,11,1,5,23,3,44,5,10,62,9,55,6,15,85,7,35,42,127
05/14/2004,ADQ,AK,AAL,WE,Federal Contract Tower,5,9,1,4,19,0,38,1,6,45,5,47,2,10,64,5,2,7,71
05/15/2004,ADQ,AK,AAL,WE,Federal Contract Tower,0,5,0,2,7,0,7,0,3,10,0,12,0,5,17,2,0,2,19
05/16/2004,ADQ,AK,AAL,WE,Federal Contract Tower,6,10,1,3,20,2,19,1,5,27,8,29,2,8,47,0,0,0,47
05/17/2004,ADQ,AK,AAL,WE,Federal Contract Tower,3,9,1,4,17,0,30,2,9,41,3,39,3,13,58,10,25,35,93
05/18/2004,ADQ,AK,AAL,WE,Federal Contract Tower,4,7,1,0,12,0,27,4,0,31,4,34,5,0,43,8,4,12,55
05/19/2004,ADQ,AK,AAL,WE,Federal Contract Tower,4,10,1,3,18,0,31,4,13,48,4,41,5,16,66,0,24,24,90
05/20/2004,ADQ,AK,AAL,WE,Federal Contract Tower,3,8,0,3,14,0,34,8,14,56,3,42,8,17,70,2,29,31,101
05/21/2004,ADQ,AK,AAL,WE,Federal Contract Tower,3,5,0,3,11,3,37,12,4,56,6,42,12,7,67,24,58,82,149
05/22/2004,ADQ,AK,AAL,WE,Federal Contract Tower,4,8,0,3,15,0,21,2,4,27,4,29,2,7,42,4,12,16,58
05/23/2004,ADQ,AK,AAL,WE,Federal Contract Tower,3,6,0,3,12,3,13,3,1,20,6,19,3,4,32,0,0,0,32
05/24/2004,ADQ,AK,AAL,WE,Federal Contract Tower,2,11,0,6,19,0,14,0,4,18,2,25,0,10,37,0,0,0,37
05/25/2004,ADQ,AK,AAL,WE,Federal Contract Tower,3,10,0,5,18,0,31,4,5,40,3,41,4,10,58,0,5,5,63
05/26/2004,ADQ,AK,AAL,WE,Federal Contract Tower,3,19,1,7,30,0,17,1,3,21,3,36,2,10,51,0,11,11,62
05/27/2004,ADQ,AK,AAL,WE,Federal Contract Tower,7,14,1,6,28,1,47,5,12,65,8,61,6,18,93,0,32,32,125
05/28/2004,ADQ,AK,AAL,WE,Federal Contract Tower,8,15,0,5,28,5,19,0,0,24,13,34,0,5,52,0,6,6,58
05/29/2004,ADQ,AK,AAL,WE,Federal Contract Tower,4,10,0,3,17,0,15,1,3,19,4,25,1,6,36,0,6,6,42
05/30/2004,ADQ,AK,AAL,WE,Federal Contract Tower,4,7,0,2,13,1,25,2,6,34,5,32,2,8,47,0,0,0,47
05/31/2004,ADQ,AK,AAL,WE,Federal Contract Tower,5,9,0,2,16,2,34,12,3,51,7,43,12,5,67,0,0,0,67
06/01/2004,ADQ,AK,AAL,WE,Federal Contract Tower,4,14,3,3,24,1,31,4,0,36,5,45,7,3,60,0,58,58,118
06/02/2004,ADQ,AK,AAL,WE,Federal Contract Tower,3,18,2,5,28,0,28,0,7,35,3,46,2,12,63,0,2,2,65
06/03/2004,ADQ,AK,AAL,WE,Federal Contract Tower,7,36,4,10,57,0,4,0,2,6,7,40,4,12,63,0,0,0,63
06/04/2004,ADQ,AK,AAL,WE,Federal Contract Tower,3,20,5,5,33,2,25,6,5,38,5,45,11,10,71,0,7,7,78
06/05/2004,ADQ,AK,AAL,WE,Federal Contract Tower,0,9,3,2,14,4,19,1,3,27,4,28,4,5,41,0,8,8,49
06/06/2004,ADQ,AK,AAL,WE,Federal Contract Tower,1,7,3,2,13,5,3,2,4,14,6,10,5,6,27,5,0,5,32
06/07/2004,ADQ,AK,AAL,WE,Federal Contract Tower,4,10,2,2,18,1,28,3,4,36,5,38,5,6,54,0,45,45,99
06/08/2004,ADQ,AK,AAL,WE,Federal Contract Tower,4,12,2,3,21,3,33,10,9,55,7,45,12,12,76,0,18,18,94
06/09/2004,ADQ,AK,AAL,WE,Federal Contract Tower,5,14,3,3,25,0,28,0,8,36,5,42,3,11,61,0,118,118,179
06/10/2004,ADQ,AK,AAL,WE,Federal Contract Tower,5,20,0,6,31,0,28,0,6,34,5,48,0,12,65,0,54,54,119
06/11/2004,ADQ,AK,AAL,WE,Federal Contract Tower,3,11,1,3,18,0,3,4,0,7,3,14,5,3,25,0,0,0,25
06/12/2004,ADQ,AK,AAL,WE,Federal Contract Tower,5,23,3,7,38,0,15,5,0,20,5,38,8,7,58,0,0,0,58
06/13/2004,ADQ,AK,AAL,WE,Federal Contract Tower,4,10,1,4,19,2,13,4,5,24,6,23,5,9,43,0,0,0,43
06/14/2004,ADQ,AK,AAL,WE,Federal Contract Tower,7,26,1,7,41,0,23,0,0,23,7,49,1,7,64,6,9,15,79
06/15/2004,ADQ,AK,AAL,WE,Federal Contract Tower,5,20,1,6,32,0,21,0,7,28,5,41,1,13,60,0,28,28,88
06/16/2004,ADQ,AK,AAL,WE,Federal Contract Tower,5,13,2,4,24,0,29,1,3,33,5,42,3,7,57,0,10,10,67
06/17/2004,ADQ,AK,AAL,WE,Federal Contract Tower,1,21,0,3,25,0,0,0,0,0,1,21,0,3,25,0,4,4,29
06/18/2004,ADQ,AK,AAL,WE,Federal Contract Tower,5,14,2,5,26,1,0,2,6,9,6,14,4,11,35,4,0,4,39
06/19/2004,ADQ,AK,AAL,WE,Federal Contract Tower,4,10,1,4,19,4,48,11,11,74,8,58,12,15,93,0,11,11,104
06/20/2004,ADQ,AK,AAL,WE,Federal Contract Tower,2,6,0,2,10,3,27,12,5,47,5,33,12,7,57,6,19,25,82
06/21/2004,ADQ,AK,AAL,WE,Federal Contract Tower,3,10,1,3,17,0,41,8,8,57,3,51,9,11,74,10,73,83,157
06/22/2004,ADQ,AK,AAL,WE,Federal Contract Tower,2,9,1,2,14,3,40,11,6,60,5,49,12,8,74,2,61,63,137
06/23/2004,ADQ,AK,AAL,WE,Federal Contract Tower,3,10,1,3,17,4,47,5,8,64,7,57,6,11,81,0,15,15,96
06/24/2004,ADQ,AK,AAL,WE,Federal Contract Tower,3,11,1,3,18,0,55,9,10,74,3,66,10,13,92,22,20,42,134
06/25/2004,ADQ,AK,AAL,WE,Federal Contract Tower,4,11,1,2,18,4,53,8,7,72,8,64,9,9,90,0,0,0,90
06/26/2004,ADQ,AK,AAL,WE,Federal Contract Tower,2,7,1,1,11,3,41,16,1,61,5,48,17,2,72,3,10,13,85
06/27/2004,ADQ,AK,AAL,WE,Federal Contract Tower,4,11,1,1,17,0,0,2,0,2,4,11,3,1,19,0,0,0,19
06/28/2004,ADQ,AK,AAL,WE,Federal Contract Tower,8,46,4,12,70,0,8,0,2,10,8,54,4,14,80,0,30,30,110
06/29/2004,ADQ,AK,AAL,WE,Federal Contract Tower,1,20,2,4,27,0,0,0,0,0,1,20,2,4,27,0,5,5,32
06/30/2004,ADQ,AK,AAL,WE,Federal Contract Tower,2,4,1,1,8,0,0,1,3,4,2,4,2,4,12,0,0,0,12
07/01/2004,ADQ,AK,AAL,WE,Federal Contract Tower,9,22,2,9,42,4,22,0,8,34,13,44,2,17,76,5,54,59,135
07/02/2004,ADQ,AK,AAL,WE,Federal Contract Tower,0,0,0,0,0,0,0,0,2,2,0,0,0,2,2,0,0,0,2
07/03/2004,ADQ,AK,AAL,WE,Federal Contract Tower,5,9,0,2,16,1,3,0,0,4,6,12,0,2,20,0,0,0,20
07/04/2004,ADQ,AK,AAL,WE,Federal Contract Tower,4,8,1,3,16,4,28,3,0,35,8,36,4,3,51,0,25,25,76
07/05/2004,ADQ,AK,AAL,WE,Federal Contract Tower,4,7,1,2,14,4,66,10,4,84,8,73,11,6,98,8,36,44,142
07/06/2004,ADQ,AK,AAL,WE,Federal Contract Tower,3,4,0,1,8,2,48,20,15,85,5,52,20,16,93,2,81,83,176
07/07/2004,ADQ,AK,AAL,WE,Federal Contract Tower,3,5,0,3,11,2,54,7,8,71,5,59,7,11,82,2,92,94,176
07/08/2004,ADQ,AK,AAL,WE,Federal Contract Tower,5,10,1,5,21,2,55,10,22,89,7,65,11,27,110,4,5,9,119
07/09/2004,ADQ,AK,AAL,WE,Federal Contract Tower,1,5,1,3,10,6,66,6,10,88,7,71,7,13,98,15,10,25,123
07/10/2004,ADQ,AK,AAL,WE,Federal Contract Tower,2,7,2,4,15,2,34,5,5,46,4,41,7,9,61,0,41,41,102
07/11/2004,ADQ,AK,AAL,WE,Federal Contract Tower,2,4,1,2,9,3,36,9,6,54,5,40,10,8,63,8,14,22,85
07/12/2004,ADQ,AK,AAL,WE,Federal Contract Tower,3,8,2,4,17,6,34,1,7,48,9,42,3,11,65,18,34,52,117
07/13/2004,ADQ,AK,AAL,WE,Federal Contract Tower,5,16,3,7,31,0,36,6,7,49,5,52,9,14,80,7,43,50,130
07/14/2004,ADQ,AK,AAL,WE,Federal Contract Tower,3,22,4,8,37,0,25,1,0,26,3,47,5,8,63,0,73,73,136
07/15/2004,ADQ,AK,AAL,WE,Federal Contract Tower,2,4,2,5,13,0,0,1,5,6,2,4,3,10,19,0,3,3,22
07/16/2004,ADQ,AK,AAL,WE,Federal Contract Tower,9,27,5,12,53,3,25,1,3,32,12,52,6,15,85,0,0,0,85
07/17/2004,ADQ,AK,AAL,WE,Federal Contract Tower,5,15,3,1,24,0,0,0,0,0,5,15,3,1,24,0,38,38,62
07/18/2004,ADQ,AK,AAL,WE,Federal Contract Tower,5,26,5,1,37,0,11,5,0,16,5,37,10,1,53,0,0,0,53
07/19/2004,ADQ,AK,AAL,WE,Federal Contract Tower,6,20,2,7,35,0,13,0,5,18,6,33,2,12,53,0,87,87,140
07/20/2004,ADQ,AK,AAL,WE,Federal Contract Tower,4,13,3,5,25,3,29,6,4,42,7,42,9,9,67,0,138,138,205
07/21/2004,ADQ,AK,AAL,WE,Federal Contract Tower,3,40,2,16,61,0,7,0,1,8,3,47,2,17,69,0,6,6,75
07/22/2004,ADQ,AK,AAL,WE,Federal Contract Tower,5,17,3,6,31,2,9,1,5,17,7,26,4,11,48,0,106,106,154
07/23/2004,ADQ,AK,AAL,WE,Federal Contract Tower,6,15,2,9,32,0,0,0,9,9,6,15,2,18,41,0,0,0,41
07/24/2004,ADQ,AK,AAL,WE,Federal Contract Tower,2,9,2,3,16,2,39,6,0,47,4,48,8,3,63,0,27,27,90
07/25/2004,ADQ,AK,AAL,WE,Federal Contract Tower,6,16,2,6,30,0,0,0,7,7,6,16,2,13,37,0,0,0,37
07/26/2004,ADQ,AK,AAL,WE,Federal Contract Tower,6,19,3,6,34,1,32,2,0,35,7,51,5,6,69,1,4,5,74
07/27/2004,ADQ,AK,AAL,WE,Federal Contract Tower,4,14,2,6,26,1,20,2,9,32,5,34,4,15,58,0,30,30,88
07/28/2004,ADQ,AK,AAL,WE,Federal Contract Tower,5,15,2,7,29,0,43,4,4,51,5,58,6,11,80,5,61,66,146
07/29/2004,ADQ,AK,AAL,WE,Federal Contract Tower,3,11,1,5,20,0,39,4,14,57,3,50,5,19,77,0,42,42,119
07/30/2004,ADQ,AK,AAL,WE,Federal Contract Tower,6,19,2,8,35,1,17,8,7,33,7,36,10,15,68,13,1,14,82
07/31/2004,ADQ,AK,AAL,WE,Federal Contract Tower,5,15,2,6,28,1,1,2,0,4,6,16,4,6,32,6,0,6,38
08/01/2004,ADQ,AK,AAL,WE,Federal Contract Tower,3,7,1,3,14,2,25,18,5,50,5,32,19,8,64,1,5,6,70
08/02/2004,ADQ,AK,AAL,WE,Federal Contract Tower,2,9,3,4,18,3,25,33,9,70,5,34,36,13,88,5,38,43,131
08/03/2004,ADQ,AK,AAL,WE,Federal Contract Tower,2,9,3,4,18,7,38,10,3,58,9,47,13,7,76,6,51,57,133
08/04/2004,ADQ,AK,AAL,WE,Federal Contract Tower,6,17,5,7,35,0,40,4,6,50,6,57,9,13,85,0,136,136,221
08/05/2004,ADQ,AK,AAL,WE,Federal Contract Tower,7,13,0,5,25,0,2,0,0,2,7,15,0,5,27,0,0,0,27
08/06/2004,ADQ,AK,AAL,WE,Federal Contract Tower,4,9,3,4,20,7,44,6,6,63,11,53,9,10,83,0,0,0,83
08/07/2004,ADQ,AK,AAL,WE,Federal Contract Tower,2,5,2,2,11,3,33,9,1,46,5,38,11,3,57,0,0,0,57
08/08/2004,ADQ,AK,AAL,WE,Federal Contract Tower,3,9,3,4,19,0,29,2,3,34,3,38,5,7,53,2,0,2,55
08/09/2004,ADQ,AK,AAL,WE,Federal Contract Tower,2,13,0,6,21,0,16,0,7,23,2,29,0,13,44,0,10,10,54
08/10/2004,ADQ,AK,AAL,WE,Federal Contract Tower,7,11,4,5,27,1,52,4,4,61,8,63,8,9,88,5,36,41,129
08/11/2004,ADQ,AK,AAL,WE,Federal Contract Tower,5,11,4,5,25,0,35,7,4,46,5,46,11,9,71,3,55,58,129
08/12/2004,ADQ,AK,AAL,WE,Federal Contract Tower,5,13,3,6,27,0,36,22,2,60,5,49,25,8,87,0,69,69,156
08/13/2004,ADQ,AK,AAL,WE,Federal Contract Tower,5,7,2,3,17,4,48,5,7,64,9,55,7,10,81,12,56,68,149
08/14/2004,ADQ,AK,AAL,WE,Federal Contract Tower,5,7,2,3,17,4,42,6,3,55,9,49,8,6,72,12,5,17,89
08/15/2004,ADQ,AK,AAL,WE,Federal Contract Tower,2,3,0,0,5,5,37,11,3,56,7,40,11,3,61,0,31,31,92
08/16/2004,ADQ,AK,AAL,WE,Federal Contract Tower,4,6,2,2,14,1,53,7,6,67,5,59,9,8,81,0,109,109,190
08/17/2004,ADQ,AK,AAL,WE,Federal Contract Tower,6,23,2,10,41,0,20,0,10,30,6,43,2,20,71,0,52,52,123
08/18/2004,ADQ,AK,AAL,WE,Federal Contract Tower,5,13,3,5,26,0,52,1,14,67,5,65,4,19,93,0,45,45,138
08/19/2004,ADQ,AK,AAL,WE,Federal Contract Tower,10,20,1,8,39,0,0,0,10,10,10,20,1,18,49,0,99,99,148
08/20/2004,ADQ,AK,AAL,WE,Federal Contract Tower,5,9,2,3,19,4,48,4,5,61,9,57,6,8,80,0,28,28,108
08/21/2004,ADQ,AK,AAL,WE,Federal Contract Tower,5,10,2,3,20,2,32,7,4,45,7,42,9,7,65,0,0,0,65
08/22/2004,ADQ,AK,AAL,WE,Federal Contract Tower,4,7,1,3,15,1,29,0,1,31,5,36,1,4,46,0,6,6,52
08/23/2004,ADQ,AK,AAL,WE,Federal Contract Tower,5,17,3,6,31,0,15,0,6,21,5,32,3,12,52,0,1,1,53
08/24/2004,ADQ,AK,AAL,WE,Federal Contract Tower,6,10,2,3,21,2,15,8,3,28,8,25,10,6,49,0,32,32,81
08/25/2004,ADQ,AK,AAL,WE,Federal Contract Tower,5,10,2,3,20,0,52,4,12,68,5,62,6,15,88,3,87,90,178
08/26/2004,ADQ,AK,AAL,WE,Federal Contract Tower,7,13,3,5,28,3,35,6,14,58,10,48,9,19,86,4,29,33,119
08/27/2004,ADQ,AK,AAL,WE,Federal Contract Tower,7,12,2,4,25,5,50,1,14,70,12,62,3,18,95,0,36,36,131
08/28/2004,ADQ,AK,AAL,WE,Federal Contract Tower,5,8,0,3,16,0,37,0,3,40,5,45,0,6,56,0,34,34,90
08/29/2004,ADQ,AK,AAL,WE,Federal Contract Tower,7,16,3,6,32,0,2,0,0,2,7,18,3,6,34,0,28,28,62
08/30/2004,ADQ,AK,AAL,WE,Federal Contract Tower,5,21,4,7,37,0,24,5,0,29,5,45,9,7,66,0,28,28,94
08/31/2004,ADQ,AK,AAL,WE,Federal Contract Tower,5,10,2,3,20,0,36,2,8,46,5,46,4,11,66,0,110,110,176
09/01/2004,ADQ,AK,AAL,WE,Federal Contract Tower,5,17,0,4,26,0,1,0,0,1,5,18,0,4,27,4,64,68,95
09/02/2004,ADQ,AK,AAL,WE,Federal Contract Tower,3,9,0,4,16,0,35,1,6,42,3,44,1,10,58,0,74,74,132
09/03/2004,ADQ,AK,AAL,WE,Federal Contract Tower,4,5,0,3,12,5,49,1,5,60,9,54,1,8,72,0,69,69,141
09/04/2004,ADQ,AK,AAL,WE,Federal Contract Tower,4,5,0,3,12,1,68,9,1,79,5,73,9,4,91,0,0,0,91
09/05/2004,ADQ,AK,AAL,WE,Federal Contract Tower,2,3,0,2,7,1,20,5,4,30,3,23,5,6,37,0,0,0,37
09/06/2004,ADQ,AK,AAL,WE,Federal Contract Tower,4,7,0,2,13,1,42,10,3,56,5,49,10,5,69,5,53,58,127
09/07/2004,ADQ,AK,AAL,WE,Federal Contract Tower,4,6,0,1,11,1,49,6,5,61,5,55,6,6,72,0,2,2,74
09/08/2004,ADQ,AK,AAL,WE,Federal Contract Tower,4,6,0,2,12,3,73,3,18,97,7,79,3,20,109,0,80,80,189
09/09/2004,ADQ,AK,AAL,WE,Federal Contract Tower,6,9,0,3,18,1,59,3,16,79,7,68,3,19,97,0,79,79,176
09/10/2004,ADQ,AK,AAL,WE,Federal Contract Tower,6,9,0,3,18,3,37,1,10,51,9,46,1,13,69,0,60,60,129
09/11/2004,ADQ,AK,AAL,WE,Federal Contract Tower,4,7,0,1,12,3,52,4,0,59,7,59,4,1,71,0,3,3,74
09/12/2004,ADQ,AK,AAL,WE,Federal Contract Tower,4,6,0,1,11,2,26,7,6,41,6,32,7,7,52,0,14,14,66
09/13/2004,ADQ,AK,AAL,WE,Federal Contract Tower,3,6,0,2,11,0,61,7,7,75,3,67,7,9,86,0,86,86,172
09/14/2004,ADQ,AK,AAL,WE,Federal Contract Tower,3,8,0,2,13,0,59,2,8,69,3,67,2,10,82,2,189,191,273
09/15/2004,ADQ,AK,AAL,WE,Federal Contract Tower,3,9,0,2,14,0,48,6,9,63,3,57,6,11,77,0,76,76,153
09/16/2004,ADQ,AK,AAL,WE,Federal Contract Tower,6,8,0,2,16,1,37,2,13,53,7,45,2,15,69,0,66,66,135
09/17/2004,ADQ,AK,AAL,WE,Federal Contract Tower,6,8,0,2,16,3,62,6,5,76,9,70,6,7,92,0,44,44,136
09/18/2004,ADQ,AK,AAL,WE,Federal Contract Tower,0,0,3,5,8,8,47,0,0,55,8,47,3,5,63,0,0,0,63
09/19/2004,ADQ,AK,AAL,WE,Federal Contract Tower,4,6,0,1,11,3,6,0,0,9,7,12,0,1,20,0,0,0,20
09/20/2004,ADQ,AK,AAL,WE,Federal Contract Tower,6,11,0,3,20,0,66,0,6,72,6,77,0,9,92,0,88,88,180
09/21/2004,ADQ,AK,AAL,WE,Federal Contract Tower,5,9,0,2,16,0,21,0,13,34,5,30,0,15,50,0,6,6,56
09/22/2004,ADQ,AK,AAL,WE,Federal Contract Tower,5,9,0,3,17,0,41,9,5,55,5,50,9,8,72,6,5,11,83
09/23/2004,ADQ,AK,AAL,WE,Federal Contract Tower,7,11,0,3,21,0,27,3,13,43,7,38,3,16,64,0,21,21,85
09/24/2004,ADQ,AK,AAL,WE,Federal Contract Tower,6,9,0,3,18,3,69,2,5,79,9,78,2,8,97,2,9,11,108
09/25/2004,ADQ,AK,AAL,WE,Federal Contract Tower,5,8,0,2,15,0,26,2,0,28,5,34,2,2,43,0,0,0,43
09/26/2004,ADQ,AK,AAL,WE,Federal Contract Tower,3,9,0,2,14,0,27,4,0,31,3,36,4,2,45,0,0,0,45
09/27/2004,ADQ,AK,AAL,WE,Federal Contract Tower,5,9,0,3,17,0,53,4,8,65,5,62,4,11,82,12,0,12,94
09/28/2004,ADQ,AK,AAL,WE,Federal Contract Tower,3,11,0,3,17,0,37,3,6,46,3,48,3,9,63,0,9,9,72
09/29/2004,ADQ,AK,AAL,WE,Federal Contract Tower,4,11,0,3,18,0,48,2,6,56,4,59,2,9,74,0,16,16,90
09/30/2004,ADQ,AK,AAL,WE,Federal Contract Tower,4,6,0,1,11,1,33,0,5,39,5,39,0,6,50,0,48,48,98
10/01/2004,ADQ,AK,AAL,WE,Federal Contract Tower,8,22,0,4,34,0,30,1,3,34,8,52,1,7,68,0,25,25,93
10/02/2004,ADQ,AK,AAL,WE,Federal Contract Tower,3,18,0,4,25,1,6,0,2,9,4,24,0,6,34,0,0,0,34
10/03/2004,ADQ,AK,AAL,WE,Federal Contract Tower,8,7,0,2,17,0,24,2,2,28,8,31,2,4,45,0,0,0,45
10/04/2004,ADQ,AK,AAL,WE,Federal Contract Tower,5,10,0,6,21,1,39,1,3,44,6,49,1,9,65,2,74,76,141
10/05/2004,ADQ,AK,AAL,WE,Federal Contract Tower,4,14,0,4,22,0,26,4,2,32,4,40,4,6,54,0,2,2,56
10/06/2004,ADQ,AK,AAL,WE,Federal Contract Tower,4,14,0,3,21,0,42,12,4,58,4,56,12,7,79,8,103,111,190
10/07/2004,ADQ,AK,AAL,WE,Federal Contract Tower,6,8,0,3,17,0,40,16,8,64,6,48,16,11,81,0,62,62,143
10/08/2004,ADQ,AK,AAL,WE,Federal Contract Tower,5,8,0,4,17,1,45,11,9,66,6,53,11,13,83,0,13,13,96
10/09/2004,ADQ,AK,AAL,WE,Federal Contract Tower,4,6,0,1,11,0,36,5,5,46,4,42,5,6,57,0,43,43,100
10/10/2004,ADQ,AK,AAL,WE,Federal Contract Tower,6,4,0,0,10,0,15,4,2,21,6,19,4,2,31,0,34,34,65
10/11/2004,ADQ,AK,AAL,WE,Federal Contract Tower,4,10,0,2,16,0,7,0,2,9,4,17,0,4,25,0,0,0,25
10/12/2004,ADQ,AK,AAL,WE,Federal Contract Tower,4,22,1,3,30,0,28,2,5,35,4,50,3,8,65,6,100,106,171
10/13/2004,ADQ,AK,AAL,WE,Federal Contract Tower,4,12,0,3,19,0,47,0,5,52,4,59,0,8,71,0,50,50,121
10/14/2004,ADQ,AK,AAL,WE,Federal Contract Tower,6,6,0,3,15,0,45,9,7,61,6,51,9,10,76,0,47,47,123
10/15/2004,ADQ,AK,AAL,WE,Federal Contract Tower,8,8,1,4,21,0,37,15,2,54,8,45,16,6,75,12,37,49,124
10/16/2004,ADQ,AK,AAL,WE,Federal Contract Tower,4,3,2,1,10,0,26,8,3,37,4,29,10,4,47,13,8,21,68
10/17/2004,ADQ,AK,AAL,WE,Federal Contract Tower,6,4,0,0,10,0,14,4,2,20,6,18,4,2,30,0,8,8,38
10/18/2004,ADQ,AK,AAL,WE,Federal Contract Tower,4,12,0,4,20,0,28,2,3,33,4,40,2,7,53,0,44,44,97
10/19/2004,ADQ,AK,AAL,WE,Federal Contract Tower,6,9,0,5,20,0,39,0,3,42,6,48,0,8,62,0,28,28,90
10/20/2004,ADQ,AK,AAL,WE,Federal Contract Tower,4,7,3,4,18,0,32,3,8,43,4,39,6,12,61,2,14,16,77
10/21/2004,ADQ,AK,AAL,WE,Federal Contract Tower,4,10,0,2,16,0,38,1,13,52,4,48,1,15,68,0,67,67,135
10/22/2004,ADQ,AK,AAL,WE,Federal Contract Tower,5,8,0,2,15,1,31,2,4,38,6,39,2,6,53,7,38,45,98
10/23/2004,ADQ,AK,AAL,WE,Federal Contract Tower,4,9,0,1,14,0,49,2,4,55,4,58,2,5,69,10,24,34,103
10/24/2004,ADQ,AK,AAL,WE,Federal Contract Tower,4,4,0,0,8,0,0,0,1,1,4,4,0,1,9,0,16,16,25
10/25/2004,ADQ,AK,AAL,WE,Federal Contract Tower,5,13,1,1,20,1,72,2,5,80,6,85,3,6,100,0,23,23,123
10/26/2004,ADQ,AK,AAL,WE,Federal Contract Tower,4,10,0,0,14,0,33,3,6,42,4,43,3,6,56,6,48,54,110
10/27/2004,ADQ,AK,AAL,WE,Federal Contract Tower,4,12,0,6,22,2,33,1,7,43,6,45,1,13,65,0,3,3,68
10/28/2004,ADQ,AK,AAL,WE,Federal Contract Tower,4,13,4,2,23,0,44,1,4,49,4,57,5,6,72,0,39,39,111
10/29/2004,ADQ,AK,AAL,WE,Federal Contract Tower,6,9,0,5,20,0,24,0,12,36,6,33,0,17,56,0,17,17,73
10/30/2004,ADQ,AK,AAL,WE,Federal Contract Tower,6,3,0,1,10,0,57,0,7,64,6,60,0,8,74,0,1,1,75
10/31/2004,ADQ,AK,AAL,WE,Federal Contract Tower,7,4,2,5,18,0,14,1,0,15,7,18,3,5,33,0,0,0,33
11/01/2004,ADQ,AK,AAL,WE,Federal Contract Tower,6,10,4,2,22,0,18,1,9,28,6,28,5,11,50,2,90,92,142
11/02/2004,ADQ,AK,AAL,WE,Federal Contract Tower,4,20,0,1,25,0,18,1,0,19,4,38,1,1,44,0,0,0,44
11/03/2004,ADQ,AK,AAL,WE,Federal Contract Tower,4,9,0,5,18,0,9,0,4,13,4,18,0,9,31,0,50,50,81
11/04/2004,ADQ,AK,AAL,WE,Federal Contract Tower,4,8,0,0,12,0,38,1,4,43,4,46,1,4,55,0,95,95,150
11/05/2004,ADQ,AK,AAL,WE,Federal Contract Tower,4,9,0,1,14,0,71,2,7,80,4,80,2,8,94,7,121,128,222
11/06/2004,ADQ,AK,AAL,WE,Federal Contract Tower,4,12,4,2,22,0,24,1,2,27,4,36,5,4,49,0,0,0,49
11/07/2004,ADQ,AK,AAL,WE,Federal Contract Tower,5,6,0,1,12,1,36,2,2,41,6,42,2,3,53,0,40,40,93
11/08/2004,ADQ,AK,AAL,WE,Federal Contract Tower,8,10,0,2,20,0,65,2,6,73,8,75,2,8,93,9,135,144,237
11/09/2004,ADQ,AK,AAL,WE,Federal Contract Tower,6,15,2,5,28,0,22,0,4,26,6,37,2,9,54,0,24,24,78
11/10/2004,ADQ,AK,AAL,WE,Federal Contract Tower,3,13,0,4,20,1,60,2,15,78,4,73,2,19,98,3,13,16,114
11/11/2004,ADQ,AK,AAL,WE,Federal Contract Tower,2,14,0,2,18,0,36,0,3,39,2,50,0,5,57,0,5,5,62
11/12/2004,ADQ,AK,AAL,WE,Federal Contract Tower,5,13,0,8,26,0,0,0,1,1,5,13,0,9,27,0,0,0,27
11/13/2004,ADQ,AK,AAL,WE,Federal Contract Tower,6,7,0,2,15,0,64,4,4,72,6,71,4,6,87,0,0,0,87
11/14/2004,ADQ,AK,AAL,WE,Federal Contract Tower,4,1,1,1,7,0,33,4,0,37,4,34,5,1,44,0,9,9,53
11/15/2004,ADQ,AK,AAL,WE,Federal Contract Tower,8,4,2,6,20,0,31,0,0,31,8,35,2,6,51,0,10,10,61
11/16/2004,ADQ,AK,AAL,WE,Federal Contract Tower,4,11,0,0,15,0,33,1,11,45,4,44,1,11,60,0,29,29,89
11/17/2004,ADQ,AK,AAL,WE,Federal Contract Tower,4,12,0,4,20,0,56,3,6,65,4,68,3,10,85,0,30,30,115
11/18/2004,ADQ,AK,AAL,WE,Federal Contract Tower,2,9,1,1,13,0,40,1,9,50,2,49,2,10,63,0,7,7,70
11/19/2004,ADQ,AK,AAL,WE,Federal Contract Tower,6,8,0,0,14,0,56,4,6,66,6,64,4,6,80,8,24,32,112
11/20/2004,ADQ,AK,AAL,WE,Federal Contract Tower,6,5,0,1,12,0,41,5,1,47,6,46,5,2,59,0,23,23,82
11/21/2004,ADQ,AK,AAL,WE,Federal Contract Tower,6,4,0,2,12,0,15,5,2,22,6,19,5,4,34,4,32,36,70
11/22/2004,ADQ,AK,AAL,WE,Federal Contract Tower,2,41,0,5,48,0,0,0,0,0,2,41,0,5,48,0,34,34,82
11/23/2004,ADQ,AK,AAL,WE,Federal Contract Tower,2,7,2,0,11,0,0,0,0,0,2,7,2,0,11,0,0,0,11
11/24/2004,ADQ,AK,AAL,WE,Federal Contract Tower,6,9,2,2,19,0,56,3,6,65,6,65,5,8,84,0,26,26,110
11/25/2004,ADQ,AK,AAL,WE,Federal Contract Tower,0,0,0,0,0,0,2,0,0,2,0,2,0,0,2,0,0,0,2
11/26/2004,ADQ,AK,AAL,WE,Federal Contract Tower,6,8,2,1,17,0,42,0,1,43,6,50,2,2,60,0,14,14,74
11/27/2004,ADQ,AK,AAL,WE,Federal Contract Tower,6,5,0,2,13,0,19,0,0,19,6,24,0,2,32,0,10,10,42
11/28/2004,ADQ,AK,AAL,WE,Federal Contract Tower,7,2,0,0,9,0,52,2,2,56,7,54,2,2,65,0,32,32,97
11/29/2004,ADQ,AK,AAL,WE,Federal Contract Tower,4,8,0,4,16,0,44,2,9,55,4,52,2,13,71,4,35,39,110
11/30/2004,ADQ,AK,AAL,WE,Federal Contract Tower,6,8,0,4,18,0,45,5,11,61,6,53,5,15,79,6,94,100,179
12/01/2004,ADQ,AK,AAL,WE,Federal Contract Tower,4,8,0,2,14,0,28,0,4,32,4,36,0,6,46,0,8,8,54
12/02/2004,ADQ,AK,AAL,WE,Federal Contract Tower,8,10,5,2,25,0,20,1,10,31,8,30,6,12,56,0,115,115,171
12/03/2004,ADQ,AK,AAL,WE,Federal Contract Tower,6,7,0,3,16,0,24,1,12,37,6,31,1,15,53,0,3,3,56
12/04/2004,ADQ,AK,AAL,WE,Federal Contract Tower,6,7,0,1,14,0,70,4,0,74,6,77,4,1,88,6,3,9,97
12/05/2004,ADQ,AK,AAL,WE,Federal Contract Tower,9,0,0,4,13,1,30,2,2,35,10,30,2,6,48,0,0,0,48
12/06/2004,ADQ,AK,AAL,WE,Federal Contract Tower,14,3,0,5,22,0,39,0,7,46,14,42,0,12,68,0,11,11,79
12/07/2004,ADQ,AK,AAL,WE,Federal Contract Tower,4,9,0,3,16,0,34,0,4,38,4,43,0,7,54,4,2,6,60
12/08/2004,ADQ,AK,AAL,WE,Federal Contract Tower,4,9,0,4,17,0,38,2,1,41,4,47,2,5,58,0,28,28,86
12/09/2004,ADQ,AK,AAL,WE,Federal Contract Tower,4,15,0,7,26,0,30,0,5,35,4,45,0,12,61,0,2,2,63
12/10/2004,ADQ,AK,AAL,WE,Federal Contract Tower,9,7,0,4,20,0,59,3,9,71,9,66,3,13,91,0,0,0,91
12/11/2004,ADQ,AK,AAL,WE,Federal Contract Tower,4,6,2,1,13,0,35,1,3,39,4,41,3,4,52,0,0,0,52
12/12/2004,ADQ,AK,AAL,WE,Federal Contract Tower,6,7,0,2,15,0,26,0,3,29,6,33,0,5,44,0,0,0,44
12/13/2004,ADQ,AK,AAL,WE,Federal Contract Tower,4,8,0,4,16,0,44,1,10,55,4,52,1,14,71,3,5,8,79
12/14/2004,ADQ,AK,AAL,WE,Federal Contract Tower,4,10,1,10,25,0,30,0,2,32,4,40,1,12,57,5,3,8,65
12/15/2004,ADQ,AK,AAL,WE,Federal Contract Tower,4,8,2,5,19,0,0,0,0,0,4,8,2,5,19,0,4,4,23
12/16/2004,ADQ,AK,AAL,WE,Federal Contract Tower,10,5,5,3,23,1,47,2,7,57,11,52,7,10,80,5,65,70,150
12/17/2004,ADQ,AK,AAL,WE,Federal Contract Tower,7,10,2,5,24,1,37,0,0,38,8,47,2,5,62,6,7,13,75
12/18/2004,ADQ,AK,AAL,WE,Federal Contract Tower,6,7,2,1,16,0,33,0,0,33,6,40,2,1,49,0,0,0,49
12/19/2004,ADQ,AK,AAL,WE,Federal Contract Tower,4,4,0,2,10,0,22,6,0,28,4,26,6,2,38,0,17,17,55
12/20/2004,ADQ,AK,AAL,WE,Federal Contract Tower,3,11,0,1,15,1,41,10,5,57,4,52,10,6,72,10,37,47,119
12/21/2004,ADQ,AK,AAL,WE,Federal Contract Tower,3,10,0,3,16,1,6,0,2,9,4,16,0,5,25,0,0,0,25
12/22/2004,ADQ,AK,AAL,WE,Federal Contract Tower,8,8,0,3,19,0,28,2,6,36,8,36,2,9,55,2,0,2,57
12/23/2004,ADQ,AK,AAL,WE,Federal Contract Tower,7,8,3,4,22,2,16,0,2,20,9,24,3,6,42,2,26,28,70
12/24/2004,ADQ,AK,AAL,WE,Federal Contract Tower,2,9,0,1,12,0,2,1,1,4,2,11,1,2,16,0,0,0,16
12/25/2004,ADQ,AK,AAL,WE,Federal Contract Tower,0,0,0,0,0,0,6,0,2,8,0,6,0,2,8,0,0,0,8
12/26/2004,ADQ,AK,AAL,WE,Federal Contract Tower,4,6,1,1,12,0,4,1,0,5,4,10,2,1,17,8,0,8,25
12/27/2004,ADQ,AK,AAL,WE,Federal Contract Tower,4,9,0,3,16,0,33,0,3,36,4,42,0,6,52,0,12,12,64
12/28/2004,ADQ,AK,AAL,WE,Federal Contract Tower,2,5,0,0,7,0,3,0,4,7,2,8,0,4,14,0,36,36,50
12/29/2004,ADQ,AK,AAL,WE,Federal Contract Tower,3,7,3,1,14,1,35,3,8,47,4,42,6,9,61,0,26,26,87
12/30/2004,ADQ,AK,AAL,WE,Federal Contract Tower,7,6,4,0,17,0,39,3,1,43,7,45,7,1,60,0,48,48,108
12/31/2004,ADQ,AK,AAL,WE,Federal Contract Tower,6,9,1,3,19,0,16,0,0,16,6,25,1,3,35,0,0,0,35
01/01/2005,ADQ,AK,AAL,WE,Federal Contract Tower,4,0,0,0,4,0,3,0,4,7,4,3,0,4,11,0,0,0,11
01/02/2005,ADQ,AK,AAL,WE,Federal Contract Tower,4,6,0,0,10,0,3,2,4,9,4,9,2,4,19,0,0,0,19
01/03/2005,ADQ,AK,AAL,WE,Federal Contract Tower,4,10,4,4,22,0,31,2,0,33,4,41,6,4,55,0,114,114,169
01/04/2005,ADQ,AK,AAL,WE,Federal Contract Tower,6,20,0,0,26,0,30,2,2,34,6,50,2,2,60,6,0,6,66
01/05/2005,ADQ,AK,AAL,WE,Federal Contract Tower,6,8,0,4,18,0,58,8,6,72,6,66,8,10,90,0,11,11,101
01/06/2005,ADQ,AK,AAL,WE,Federal Contract Tower,7,7,3,5,22,1,32,16,3,52,8,39,19,8,74,2,102,104,178
01/07/2005,ADQ,AK,AAL,WE,Federal Contract Tower,4,10,0,3,17,0,27,4,3,34,4,37,4,6,51,14,58,72,123
01/08/2005,ADQ,AK,AAL,WE,Federal Contract Tower,6,6,0,2,14,0,16,4,0,20,6,22,4,2,34,11,39,50,84
01/09/2005,ADQ,AK,AAL,WE,Federal Contract Tower,4,9,0,0,13,0,9,9,3,21,4,18,9,3,34,15,1,16,50
01/10/2005,ADQ,AK,AAL,WE,Federal Contract Tower,5,11,0,0,16,0,27,7,8,42,5,38,7,8,58,14,92,106,164
01/11/2005,ADQ,AK,AAL,WE,Federal Contract Tower,8,16,0,4,28,0,32,4,6,42,8,48,4,10,70,0,0,0,70
01/12/2005,ADQ,AK,AAL,WE,Federal Contract Tower,8,11,2,3,24,0,23,9,1,33,8,34,11,4,57,0,98,98,155
01/13/2005,ADQ,AK,AAL,WE,Federal Contract Tower,8,16,2,3,29,0,7,0,1,8,8,23,2,4,37,0,0,0,37
01/14/2005,ADQ,AK,AAL,WE,Federal Contract Tower,5,14,0,3,22,1,28,3,7,39,6,42,3,10,61,0,4,4,65
01/15/2005,ADQ,AK,AAL,WE,Federal Contract Tower,10,12,0,2,24,0,7,1,2,10,10,19,1,4,34,0,2,2,36
01/16/2005,ADQ,AK,AAL,WE,Federal Contract Tower,4,6,2,2,14,0,9,0,3,12,4,15,2,5,26,0,0,0,26
01/17/2005,ADQ,AK,AAL,WE,Federal Contract Tower,6,9,0,0,15,0,26,4,6,36,6,35,4,6,51,0,0,0,51
01/18/2005,ADQ,AK,AAL,WE,Federal Contract Tower,4,10,1,4,19,0,5,0,0,5,4,15,1,4,24,0,46,46,70
01/19/2005,ADQ,AK,AAL,WE,Federal Contract Tower,7,10,2,11,30,1,6,0,9,16,8,16,2,20,46,0,19,19,65
01/20/2005,ADQ,AK,AAL,WE,Federal Contract Tower,4,22,2,6,34,0,25,0,0,25,4,47,2,6,59,0,6,6,65
01/21/2005,ADQ,AK,AAL,WE,Federal Contract Tower,4,23,5,3,35,0,6,0,0,6,4,29,5,3,41,1,37,38,79
01/22/2005,ADQ,AK,AAL,WE,Federal Contract Tower,14,6,0,1,21,0,29,2,1,32,14,35,2,2,53,0,39,39,92
01/23/2005,ADQ,AK,AAL,WE,Federal Contract Tower,9,5,2,4,20,0,12,1,0,13,9,17,3,4,33,11,8,19,52
01/24/2005,ADQ,AK,AAL,WE,Federal Contract Tower,6,9,0,1,16,0,6,0,2,8,6,15,0,3,24,0,4,4,28
01/25/2005,ADQ,AK,AAL,WE,Federal Contract Tower,0,4,0,4,8,0,9,0,0,9,0,13,0,4,17,0,0,0,17
01/26/2005,ADQ,AK,AAL,WE,Federal Contract Tower,14,5,4,3,26,2,38,5,7,52,16,43,9,10,78,6,78,84,162
01/27/2005,ADQ,AK,AAL,WE,Federal Contract Tower,9,12,4,1,26,0,29,11,8,48,9,41,15,9,74,0,70,70,144
01/28/2005,ADQ,AK,AAL,WE,Federal Contract Tower,10,18,2,2,32,0,16,0,1,17,10,34,2,3,49,0,129,129,178
01/29/2005,ADQ,AK,AAL,WE,Federal Contract Tower,5,11,2,5,23,1,6,0,1,8,6,17,2,6,31,0,42,42,73
01/30/2005,ADQ,AK,AAL,WE,Federal Contract Tower,4,8,0,3,15,0,26,0,1,27,4,34,0,4,42,0,0,0,42
01/31/2005,ADQ,AK,AAL,WE,Federal Contract Tower,4,7,0,3,14,0,33,6,4,43,4,40,6,7,57,12,19,31,88
02/01/2005,ADQ,AK,AAL,WE,Federal Contract Tower,6,6,0,0,12,0,28,0,0,28,6,34,0,0,40,0,8,8,48
02/02/2005,ADQ,AK,AAL,WE,Federal Contract Tower,4,11,3,7,25,0,26,10,7,43,4,37,13,14,68,13,30,43,111
02/03/2005,ADQ,AK,AAL,WE,Federal Contract Tower,4,8,0,5,17,0,18,4,9,31,4,26,4,14,48,14,70,84,132
02/04/2005,ADQ,AK,AAL,WE,Federal Contract Tower,4,10,0,1,15,0,26,9,7,42,4,36,9,8,57,22,67,89,146
02/05/2005,ADQ,AK,AAL,WE,Federal Contract Tower,4,6,1,2,13,0,26,4,2,32,4,32,5,4,45,2,4,6,51
02/06/2005,ADQ,AK,AAL,WE,Federal Contract Tower,4,7,0,0,11,0,8,0,0,8,4,15,0,0,19,0,0,0,19
02/07/2005,ADQ,AK,AAL,WE,Federal Contract Tower,6,8,0,4,18,0,39,5,10,54,6,47,5,14,72,1,103,104,176
02/08/2005,ADQ,AK,AAL,WE,Federal Contract Tower,5,9,0,1,15,0,22,0,6,28,5,31,0,7,43,11,32,43,86
02/09/2005,ADQ,AK,AAL,WE,Federal Contract Tower,3,8,0,8,19,0,1,0,0,1,3,9,0,8,20,0,0,0,20
02/10/2005,ADQ,AK,AAL,WE,Federal Contract Tower,5,7,2,2,16,0,5,1,9,15,5,12,3,11,31,0,60,60,91
02/11/2005,ADQ,AK,AAL,WE,Federal Contract Tower,4,9,4,5,22,0,40,5,1,46,4,49,9,6,68,0,40,40,108
02/12/2005,ADQ,AK,AAL,WE,Federal Contract Tower,5,4,0,1,10,1,28,4,1,34,6,32,4,2,44,0,13,13,57
02/13/2005,ADQ,AK,AAL,WE,Federal Contract Tower,4,6,0,3,13,0,23,0,7,30,4,29,0,10,43,14,1,15,58
02/14/2005,ADQ,AK,AAL,WE,Federal Contract Tower,4,10,0,3,17,0,28,2,3,33,4,38,2,6,50,2,105,107,157
02/15/2005,ADQ,AK,AAL,WE,Federal Contract Tower,6,6,0,5,17,0,32,10,8,50,6,38,10,13,67,18,6,24,91
02/16/2005,ADQ,AK,AAL,WE,Federal Contract Tower,4,11,0,5,20,0,17,0,0,17,4,28,0,5,37,0,67,67,104
02/17/2005,ADQ,AK,AAL,WE,Federal Contract Tower,2,13,2,7,24,2,24,6,9,41,4,37,8,16,65,15,45,60,125
02/18/2005,ADQ,AK,AAL,WE,Federal Contract Tower,4,13,4,2,23,0,18,0,2,20,4,31,4,4,43,0,4,4,47
02/19/2005,ADQ,AK,AAL,WE,Federal Contract Tower,4,12,0,0,16,0,0,0,0,0,4,12,0,0,16,3,26,29,45
02/20/2005,ADQ,AK,AAL,WE,Federal Contract Tower,4,8,0,3,15,0,4,0,2,6,4,12,0,5,21,0,0,0,21
02/21/2005,ADQ,AK,AAL,WE,Federal Contract Tower,4,8,0,1,13,0,36,7,2,45,4,44,7,3,58,23,0,23,81
02/22/2005,ADQ,AK,AAL,WE,Federal Contract Tower,5,10,0,6,21,1,15,0,2,18,6,25,0,8,39,0,30,30,69
02/23/2005,ADQ,AK,AAL,WE,Federal Contract Tower,6,10,0,3,19,0,19,3,0,22,6,29,3,3,41,0,42,42,83
02/24/2005,ADQ,AK,AAL,WE,Federal Contract Tower,5,13,0,5,23,1,6,0,0,7,6,19,0,5,30,0,32,32,62
02/25/2005,ADQ,AK,AAL,WE,Federal Contract Tower,6,22,3,2,33,0,29,0,4,33,6,51,3,6,66,0,4,4,70
02/26/2005,ADQ,AK,AAL,WE,Federal Contract Tower,4,8,1,1,14,0,25,1,3,29,4,33,2,4,43,0,11,11,54
02/27/2005,ADQ,AK,AAL,WE,Federal Contract Tower,3,5,0,0,8,1,20,4,4,29,4,25,4,4,37,48,0,48,85
02/28/2005,ADQ,AK,AAL,WE,Federal Contract Tower,5,9,0,5,19,0,34,2,3,39,5,43,2,8,58,9,77,86,144
03/01/2005,ADQ,AK,AAL,WE,Federal Contract Tower,4,6,0,3,13,0,24,0,0,24,4,30,0,3,37,0,8,8,45
03/02/2005,ADQ,AK,AAL,WE,Federal Contract Tower,6,12,0,4,22,0,34,3,3,40,6,46,3,7,62,0,30,30,92
03/03/2005,ADQ,AK,AAL,WE,Federal Contract Tower,4,18,0,5,27,0,11,5,0,16,4,29,5,5,43,4,60,64,107
03/04/2005,ADQ,AK,AAL,WE,Federal Contract Tower,4,14,0,2,20,0,21,0,3,24,4,35,0,5,44,24,4,28,72
03/05/2005,ADQ,AK,AAL,WE,Federal Contract Tower,4,6,2,2,14,0,21,0,0,21,4,27,2,2,35,0,62,62,97
03/06/2005,ADQ,AK,AAL,WE,Federal Contract Tower,4,0,2,0,6,2,0,0,0,2,6,0,2,0,8,0,0,0,8
03/07/2005,ADQ,AK,AAL,WE,Federal Contract Tower,4,16,0,2,22,0,8,0,0,8,4,24,0,2,30,0,57,57,87
03/08/2005,ADQ,AK,AAL,WE,Federal Contract Tower,6,12,4,6,28,0,1,0,0,1,6,13,4,6,29,0,13,13,42
03/09/2005,ADQ,AK,AAL,WE,Federal Contract Tower,4,8,0,7,19,0,39,2,5,46,4,47,2,12,65,0,16,16,81
03/10/2005,ADQ,AK,AAL,WE,Federal Contract Tower,6,10,0,2,18,0,2,0,4,6,6,12,0,6,24,0,20,20,44
03/11/2005,ADQ,AK,AAL,WE,Federal Contract Tower,5,5,3,5,18,0,47,0,13,60,5,52,3,18,78,0,51,51,129
03/12/2005,ADQ,AK,AAL,WE,Federal Contract Tower,5,9,0,3,17,1,15,0,3,19,6,24,0,6,36,0,0,0,36
03/13/2005,ADQ,AK,AAL,WE,Federal Contract Tower,4,5,0,2,11,0,15,0,5,20,4,20,0,7,31,0,28,28,59
03/14/2005,ADQ,AK,AAL,WE,Federal Contract Tower,2,9,0,0,11,2,0,0,0,2,4,9,0,0,13,0,0,0,13
03/15/2005,ADQ,AK,AAL,WE,Federal Contract Tower,4,14,0,3,21,0,7,2,0,9,4,21,2,3,30,3,6,9,39
03/16/2005,ADQ,AK,AAL,WE,Federal Contract Tower,7,8,1,0,16,2,48,1,1,52,9,56,2,1,68,12,13,25,93
03/17/2005,ADQ,AK,AAL,WE,Federal Contract Tower,6,7,0,4,17,0,28,4,4,36,6,35,4,8,53,13,71,84,137
03/18/2005,ADQ,AK,AAL,WE,Federal Contract Tower,6,11,3,3,23,0,30,5,13,48,6,41,8,16,71,5,26,31,102
03/19/2005,ADQ,AK,AAL,WE,Federal Contract Tower,4,6,0,0,10,0,23,9,3,35,4,29,9,3,45,0,0,0,45
03/20/2005,ADQ,AK,AAL,WE,Federal Contract Tower,4,6,0,3,13,0,36,1,11,48,4,42,1,14,61,0,17,17,78
03/21/2005,ADQ,AK,AAL,WE,Federal Contract Tower,4,7,0,3,14,0,32,0,13,45,4,39,0,16,59,0,46,46,105
03/22/2005,ADQ,AK,AAL,WE,Federal Contract Tower,4,8,0,5,17,0,26,0,6,32,4,34,0,11,49,0,27,27,76
03/23/2005,ADQ,AK,AAL,WE,Federal Contract Tower,4,7,0,3,14,0,29,3,7,39,4,36,3,10,53,3,9,12,65
03/24/2005,ADQ,AK,AAL,WE,Federal Contract Tower,4,10,1,3,18,0,30,0,10,40,4,40,1,13,58,0,10,10,68
03/25/2005,ADQ,AK,AAL,WE,Federal Contract Tower,4,14,2,2,22,0,12,1,2,15,4,26,3,4,37,0,2,2,39
03/26/2005,ADQ,AK,AAL,WE,Federal Contract Tower,6,5,0,1,12,0,12,1,0,13,6,17,1,1,25,0,10,10,35
03/27/2005,ADQ,AK,AAL,WE,Federal Contract Tower,2,5,0,0,7,0,3,4,4,11,2,8,4,4,18,15,9,24,42
03/28/2005,ADQ,AK,AAL,WE,Federal Contract Tower,4,8,0,0,12,0,6,3,13,22,4,14,3,13,34,0,12,12,46
03/29/2005,ADQ,AK,AAL,WE,Federal Contract Tower,4,8,0,0,12,0,32,13,2,47,4,40,13,2,59,27,36,63,122
03/30/2005,ADQ,AK,AAL,WE,Federal Contract Tower,0,0,0,0,0,0,0,0,0,0,0,0,0,0,0,0,0,0,0
03/31/2005,ADQ,AK,AAL,WE,Federal Contract Tower,0,7,0,2,9,0,0,0,7,7,0,7,0,9,16,0,46,46,62
04/01/2005,ADQ,AK,AAL,WE,Federal Contract Tower,6,14,0,15,35,0,32,1,2,35,6,46,1,17,70,0,20,20,90
04/02/2005,ADQ,AK,AAL,WE,Federal Contract Tower,4,5,0,1,10,0,33,0,0,33,4,38,0,1,43,19,0,19,62
04/03/2005,ADQ,AK,AAL,WE,Federal Contract Tower,4,5,2,3,14,0,19,0,1,20,4,24,2,4,34,0,0,0,34
04/04/2005,ADQ,AK,AAL,WE,Federal Contract Tower,4,11,2,5,22,0,28,0,2,30,4,39,2,7,52,0,82,82,134
04/05/2005,ADQ,AK,AAL,WE,Federal Contract Tower,4,6,2,3,15,0,2,0,0,2,4,8,2,3,17,0,0,0,17
04/06/2005,ADQ,AK,AAL,WE,Federal Contract Tower,5,9,1,8,23,1,37,2,1,41,6,46,3,9,64,0,90,90,154
04/07/2005,ADQ,AK,AAL,WE,Federal Contract Tower,4,6,3,1,14,0,39,3,3,45,4,45,6,4,59,17,109,126,185
04/08/2005,ADQ,AK,AAL,WE,Federal Contract Tower,4,19,3,3,29,0,28,0,1,29,4,47,3,4,58,0,72,72,130
04/09/2005,ADQ,AK,AAL,WE,Federal Contract Tower,8,12,0,2,22,0,23,0,0,23,8,35,0,2,45,0,6,6,51
04/10/2005,ADQ,AK,AAL,WE,Federal Contract Tower,4,5,0,3,12,0,32,1,3,36,4,37,1,6,48,10,2,12,60
04/11/2005,ADQ,AK,AAL,WE,Federal Contract Tower,4,9,0,0,13,0,44,0,5,49,4,53,0,5,62,0,108,108,170
04/12/2005,ADQ,AK,AAL,WE,Federal Contract Tower,4,7,0,0,11,2,55,5,5,67,6,62,5,5,78,0,43,43,121
04/13/2005,ADQ,AK,AAL,WE,Federal Contract Tower,4,5,0,0,9,0,68,11,3,82,4,73,11,3,91,29,97,126,217
04/14/2005,ADQ,AK,AAL,WE,Federal Contract Tower,4,11,0,2,17,0,34,5,5,44,4,45,5,7,61,5,78,83,144
04/15/2005,ADQ,AK,AAL,WE,Federal Contract Tower,8,9,2,2,21,0,67,10,6,83,8,76,12,8,104,5,1,6,110
04/16/2005,ADQ,AK,AAL,WE,Federal Contract Tower,4,5,0,1,10,0,30,6,3,39,4,35,6,4,49,12,3,15,64
04/17/2005,ADQ,AK,AAL,WE,Federal Contract Tower,4,6,0,0,10,0,15,5,0,20,4,21,5,0,30,0,0,0,30
04/18/2005,ADQ,AK,AAL,WE,Federal Contract Tower,4,9,0,4,17,0,26,0,7,33,4,35,0,11,50,31,47,78,128
04/19/2005,ADQ,AK,AAL,WE,Federal Contract Tower,3,13,0,2,18,3,30,4,6,43,6,43,4,8,61,11,28,39,100
04/20/2005,ADQ,AK,AAL,WE,Federal Contract Tower,4,13,0,6,23,0,41,4,6,51,4,54,4,12,74,0,45,45,119
04/21/2005,ADQ,AK,AAL,WE,Federal Contract Tower,2,12,2,5,21,0,12,0,3,15,2,24,2,8,36,2,34,36,72
04/22/2005,ADQ,AK,AAL,WE,Federal Contract Tower,4,10,3,4,21,0,38,1,3,42,4,48,4,7,63,2,24,26,89
04/23/2005,ADQ,AK,AAL,WE,Federal Contract Tower,5,7,0,4,16,1,19,0,0,20,6,26,0,4,36,2,0,2,38
04/24/2005,ADQ,AK,AAL,WE,Federal Contract Tower,3,4,1,0,8,1,39,4,4,48,4,43,5,4,56,14,18,32,88
04/25/2005,ADQ,AK,AAL,WE,Federal Contract Tower,4,10,0,3,17,0,37,15,6,58,4,47,15,9,75,13,77,90,165
04/26/2005,ADQ,AK,AAL,WE,Federal Contract Tower,4,5,0,4,13,0,36,4,3,43,4,41,4,7,56,12,87,99,155
04/27/2005,ADQ,AK,AAL,WE,Federal Contract Tower,4,14,3,3,24,0,59,6,4,69,4,73,9,7,93,0,65,65,158
04/28/2005,ADQ,AK,AAL,WE,Federal Contract Tower,4,5,0,0,9,0,45,8,7,60,4,50,8,7,69,8,22,30,99
04/29/2005,ADQ,AK,AAL,WE,Federal Contract Tower,4,16,3,1,24,0,45,3,5,53,4,61,6,6,77,6,27,33,110
04/30/2005,ADQ,AK,AAL,WE,Federal Contract Tower,4,4,1,1,10,0,30,10,4,44,4,34,11,5,54,0,2,2,56
05/01/2005,ADQ,AK,AAL,WE,Federal Contract Tower,3,7,0,0,10,0,26,4,4,34,3,33,4,4,44,0,0,0,44
05/02/2005,ADQ,AK,AAL,WE,Federal Contract Tower,4,30,0,7,41,0,0,0,0,0,4,30,0,7,41,0,11,11,52
05/03/2005,ADQ,AK,AAL,WE,Federal Contract Tower,6,10,1,1,18,0,45,0,2,47,6,55,1,3,65,11,1,12,77
05/04/2005,ADQ,AK,AAL,WE,Federal Contract Tower,3,7,0,4,14,1,55,4,5,65,4,62,4,9,79,2,43,45,124
05/05/2005,ADQ,AK,AAL,WE,Federal Contract Tower,4,17,0,1,22,0,0,0,0,0,4,17,0,1,22,0,38,38,60
05/06/2005,ADQ,AK,AAL,WE,Federal Contract Tower,1,17,0,5,23,1,0,0,0,1,2,17,0,5,24,0,0,0,24
05/07/2005,ADQ,AK,AAL,WE,Federal Contract Tower,4,33,4,5,46,0,32,5,1,38,4,65,9,6,84,2,0,2,86
05/08/2005,ADQ,AK,AAL,WE,Federal Contract Tower,3,1,0,0,4,0,17,8,0,25,3,18,8,0,29,12,30,42,71
05/09/2005,ADQ,AK,AAL,WE,Federal Contract Tower,4,6,0,1,11,0,68,14,9,91,4,74,14,10,102,15,82,97,199
05/10/2005,ADQ,AK,AAL,WE,Federal Contract Tower,3,10,2,4,19,0,37,14,8,59,3,47,16,12,78,20,12,32,110
05/11/2005,ADQ,AK,AAL,WE,Federal Contract Tower,6,6,6,6,24,0,48,6,2,56,6,54,12,8,80,0,33,33,113
05/12/2005,ADQ,AK,AAL,WE,Federal Contract Tower,5,19,0,10,34,1,0,0,4,5,6,19,0,14,39,0,23,23,62
05/13/2005,ADQ,AK,AAL,WE,Federal Contract Tower,4,28,0,9,41,0,0,1,0,1,4,28,1,9,42,0,19,19,61
05/14/2005,ADQ,AK,AAL,WE,Federal Contract Tower,4,17,3,2,26,2,20,0,5,27,6,37,3,7,53,2,0,2,55
05/15/2005,ADQ,AK,AAL,WE,Federal Contract Tower,3,4,2,2,11,0,39,7,0,46,3,43,9,2,57,18,17,35,92
05/16/2005,ADQ,AK,AAL,WE,Federal Contract Tower,3,9,0,3,15,1,44,6,6,57,4,53,6,9,72,0,60,60,132
05/17/2005,ADQ,AK,AAL,WE,Federal Contract Tower,4,11,0,3,18,0,43,4,8,55,4,54,4,11,73,1,58,59,132
05/18/2005,ADQ,AK,AAL,WE,Federal Contract Tower,3,11,0,1,15,1,41,2,9,53,4,52,2,10,68,11,34,45,113
05/19/2005,ADQ,AK,AAL,WE,Federal Contract Tower,2,8,0,1,11,0,58,3,10,71,2,66,3,11,82,26,58,84,166
05/20/2005,ADQ,AK,AAL,WE,Federal Contract Tower,4,42,2,8,56,0,0,0,0,0,4,42,2,8,56,0,0,0,56
05/21/2005,ADQ,AK,AAL,WE,Federal Contract Tower,4,8,0,5,17,0,23,0,2,25,4,31,0,7,42,0,22,22,64
05/22/2005,ADQ,AK,AAL,WE,Federal Contract Tower,3,8,0,1,12,0,26,1,1,28,3,34,1,2,40,22,9,31,71
05/23/2005,ADQ,AK,AAL,WE,Federal Contract Tower,4,9,0,2,15,0,44,6,5,55,4,53,6,7,70,12,54,66,136
05/24/2005,ADQ,AK,AAL,WE,Federal Contract Tower,4,9,0,3,16,0,39,4,7,50,4,48,4,10,66,8,11,19,85
05/25/2005,ADQ,AK,AAL,WE,Federal Contract Tower,4,9,0,2,15,0,73,6,8,87,4,82,6,10,102,31,10,41,143
05/26/2005,ADQ,AK,AAL,WE,Federal Contract Tower,5,20,2,5,32,1,20,1,0,22,6,40,3,5,54,9,29,38,92
05/27/2005,ADQ,AK,AAL,WE,Federal Contract Tower,2,40,5,4,51,0,14,2,4,20,2,54,7,8,71,2,21,23,94
05/28/2005,ADQ,AK,AAL,WE,Federal Contract Tower,4,47,5,1,57,0,8,0,0,8,4,55,5,1,65,0,5,5,70
05/29/2005,ADQ,AK,AAL,WE,Federal Contract Tower,3,22,1,0,26,0,22,0,0,22,3,44,1,0,48,2,0,2,50
05/30/2005,ADQ,AK,AAL,WE,Federal Contract Tower,4,32,6,0,42,0,42,0,0,42,4,74,6,0,84,2,0,2,86
05/31/2005,ADQ,AK,AAL,WE,Federal Contract Tower,4,8,0,1,13,0,51,5,2,58,4,59,5,3,71,14,61,75,146
06/01/2005,ADQ,AK,AAL,WE,Federal Contract Tower,4,11,0,4,19,0,57,3,3,63,4,68,3,7,82,3,41,44,126
06/02/2005,ADQ,AK,AAL,WE,Federal Contract Tower,4,13,0,5,22,0,33,4,4,41,4,46,4,9,63,27,126,153,216
06/03/2005,ADQ,AK,AAL,WE,Federal Contract Tower,4,15,0,4,23,0,50,5,8,63,4,65,5,12,86,0,3,3,89
06/04/2005,ADQ,AK,AAL,WE,Federal Contract Tower,4,9,0,0,13,0,35,4,5,44,4,44,4,5,57,6,6,12,69
06/05/2005,ADQ,AK,AAL,WE,Federal Contract Tower,3,4,0,2,9,0,46,5,7,58,3,50,5,9,67,22,0,22,89
06/06/2005,ADQ,AK,AAL,WE,Federal Contract Tower,3,18,1,4,26,0,34,2,4,40,3,52,3,8,66,2,24,26,92
06/07/2005,ADQ,AK,AAL,WE,Federal Contract Tower,2,15,0,4,21,0,1,0,0,1,2,16,0,4,22,0,4,4,26
06/08/2005,ADQ,AK,AAL,WE,Federal Contract Tower,5,18,0,10,33,0,49,1,3,53,5,67,1,13,86,12,52,64,150
06/09/2005,ADQ,AK,AAL,WE,Federal Contract Tower,4,21,4,3,32,1,0,0,0,1,5,21,4,3,33,0,11,11,44
06/10/2005,ADQ,AK,AAL,WE,Federal Contract Tower,4,17,2,13,36,2,10,0,0,12,6,27,2,13,48,0,4,4,52
06/11/2005,ADQ,AK,AAL,WE,Federal Contract Tower,4,19,1,2,26,0,25,2,1,28,4,44,3,3,54,0,4,4,58
06/12/2005,ADQ,AK,AAL,WE,Federal Contract Tower,3,24,3,1,31,1,8,3,2,14,4,32,6,3,45,3,0,3,48
06/13/2005,ADQ,AK,AAL,WE,Federal Contract Tower,4,12,1,1,18,0,64,15,9,88,4,76,16,10,106,5,50,55,161
06/14/2005,ADQ,AK,AAL,WE,Federal Contract Tower,5,10,1,3,19,0,39,4,14,57,5,49,5,17,76,19,76,95,171
06/15/2005,ADQ,AK,AAL,WE,Federal Contract Tower,6,12,0,1,19,1,80,9,7,97,7,92,9,8,116,2,78,80,196
06/16/2005,ADQ,AK,AAL,WE,Federal Contract Tower,6,14,1,1,22,0,36,4,7,47,6,50,5,8,69,7,57,64,133
06/17/2005,ADQ,AK,AAL,WE,Federal Contract Tower,3,16,1,3,23,0,34,3,2,39,3,50,4,5,62,8,61,69,131
06/18/2005,ADQ,AK,AAL,WE,Federal Contract Tower,6,9,0,2,17,0,41,3,4,48,6,50,3,6,65,9,35,44,109
06/19/2005,ADQ,AK,AAL,WE,Federal Contract Tower,3,5,1,0,9,0,28,0,1,29,3,33,1,1,38,0,0,0,38
06/20/2005,ADQ,AK,AAL,WE,Federal Contract Tower,5,10,1,1,17,0,48,6,10,64,5,58,7,11,81,3,80,83,164
06/21/2005,ADQ,AK,AAL,WE,Federal Contract Tower,5,10,0,7,22,0,48,9,4,61,5,58,9,11,83,4,27,31,114
06/22/2005,ADQ,AK,AAL,WE,Federal Contract Tower,5,20,0,4,29,0,0,0,0,0,5,20,0,4,29,0,0,0,29
06/23/2005,ADQ,AK,AAL,WE,Federal Contract Tower,3,16,5,4,28,0,49,11,6,66,3,65,16,10,94,0,56,56,150
06/24/2005,ADQ,AK,AAL,WE,Federal Contract Tower,2,19,1,0,22,2,54,8,7,71,4,73,9,7,93,2,33,35,128
06/25/2005,ADQ,AK,AAL,WE,Federal Contract Tower,1,4,0,0,5,1,0,0,0,1,2,4,0,0,6,0,0,0,6
06/26/2005,ADQ,AK,AAL,WE,Federal Contract Tower,3,46,4,1,54,1,3,0,1,5,4,49,4,2,59,8,0,8,67
06/27/2005,ADQ,AK,AAL,WE,Federal Contract Tower,6,35,5,5,51,0,22,0,6,28,6,57,5,11,79,0,23,23,102
06/28/2005,ADQ,AK,AAL,WE,Federal Contract Tower,3,18,2,2,25,0,38,3,7,48,3,56,5,9,73,4,75,79,152
06/29/2005,ADQ,AK,AAL,WE,Federal Contract Tower,3,11,4,1,19,0,59,6,12,77,3,70,10,13,96,1,19,20,116
06/30/2005,ADQ,AK,AAL,WE,Federal Contract Tower,1,25,4,2,32,0,26,0,10,36,1,51,4,12,68,0,2,2,70
07/01/2005,ADQ,AK,AAL,WE,Federal Contract Tower,3,19,1,2,25,0,68,13,9,90,3,87,14,11,115,2,10,12,127
07/02/2005,ADQ,AK,AAL,WE,Federal Contract Tower,3,6,2,1,12,0,41,1,2,44,3,47,3,3,56,0,0,0,56
07/03/2005,ADQ,AK,AAL,WE,Federal Contract Tower,3,9,2,1,15,0,24,3,1,28,3,33,5,2,43,0,0,0,43
07/04/2005,ADQ,AK,AAL,WE,Federal Contract Tower,3,9,2,1,15,0,26,4,5,35,3,35,6,6,50,0,0,0,50
07/05/2005,ADQ,AK,AAL,WE,Federal Contract Tower,3,8,5,1,17,0,51,10,8,69,3,59,15,9,86,0,46,46,132
07/06/2005,ADQ,AK,AAL,WE,Federal Contract Tower,4,4,5,2,15,0,44,2,8,54,4,48,7,10,69,0,72,72,141
07/07/2005,ADQ,AK,AAL,WE,Federal Contract Tower,3,8,5,3,19,0,54,0,8,62,3,62,5,11,81,0,47,47,128
07/08/2005,ADQ,AK,AAL,WE,Federal Contract Tower,3,17,2,4,26,0,19,3,8,30,3,36,5,12,56,6,20,26,82
07/09/2005,ADQ,AK,AAL,WE,Federal Contract Tower,4,6,3,0,13,3,36,14,3,56,7,42,17,3,69,4,15,19,88
07/10/2005,ADQ,AK,AAL,WE,Federal Contract Tower,3,4,0,1,8,0,53,4,1,58,3,57,4,2,66,0,14,14,80
07/11/2005,ADQ,AK,AAL,WE,Federal Contract Tower,3,27,1,2,33,0,33,4,5,42,3,60,5,7,75,14,37,51,126
07/12/2005,ADQ,AK,AAL,WE,Federal Contract Tower,6,16,2,8,32,0,21,0,2,23,6,37,2,10,55,0,0,0,55
07/13/2005,ADQ,AK,AAL,WE,Federal Contract Tower,3,25,0,6,34,0,7,1,5,13,3,32,1,11,47,2,2,4,51
07/14/2005,ADQ,AK,AAL,WE,Federal Contract Tower,5,8,5,4,22,1,54,3,10,68,6,62,8,14,90,2,110,112,202
07/15/2005,ADQ,AK,AAL,WE,Federal Contract Tower,2,5,2,2,11,1,45,6,4,56,3,50,8,6,67,2,45,47,114
07/16/2005,ADQ,AK,AAL,WE,Federal Contract Tower,3,12,5,2,22,0,30,0,4,34,3,42,5,6,56,0,36,36,92
07/17/2005,ADQ,AK,AAL,WE,Federal Contract Tower,3,6,2,1,12,0,33,4,1,38,3,39,6,2,50,32,27,59,109
07/18/2005,ADQ,AK,AAL,WE,Federal Contract Tower,3,15,2,3,23,0,31,2,2,35,3,46,4,5,58,0,114,114,172
07/19/2005,ADQ,AK,AAL,WE,Federal Contract Tower,5,14,0,7,26,0,43,1,5,49,5,57,1,12,75,0,28,28,103
07/20/2005,ADQ,AK,AAL,WE,Federal Contract Tower,2,12,0,3,17,1,54,6,8,69,3,66,6,11,86,12,55,67,153
07/21/2005,ADQ,AK,AAL,WE,Federal Contract Tower,5,14,0,5,24,0,37,4,11,52,5,51,4,16,76,0,38,38,114
07/22/2005,ADQ,AK,AAL,WE,Federal Contract Tower,5,12,1,5,23,0,39,1,4,44,5,51,2,9,67,20,2,22,89
07/23/2005,ADQ,AK,AAL,WE,Federal Contract Tower,3,18,5,3,29,0,7,3,0,10,3,25,8,3,39,0,0,0,39
07/24/2005,ADQ,AK,AAL,WE,Federal Contract Tower,4,10,0,3,17,1,27,0,4,32,5,37,0,7,49,0,0,0,49
07/25/2005,ADQ,AK,AAL,WE,Federal Contract Tower,3,16,0,5,24,0,36,6,5,47,3,52,6,10,71,5,10,15,86
07/26/2005,ADQ,AK,AAL,WE,Federal Contract Tower,3,20,1,10,34,0,34,2,4,40,3,54,3,14,74,7,27,34,108
07/27/2005,ADQ,AK,AAL,WE,Federal Contract Tower,3,14,2,3,22,0,56,0,3,59,3,70,2,6,81,0,36,36,117
07/28/2005,ADQ,AK,AAL,WE,Federal Contract Tower,3,7,0,4,14,0,77,3,5,85,3,84,3,9,99,6,18,24,123
07/29/2005,ADQ,AK,AAL,WE,Federal Contract Tower,3,12,3,2,20,0,58,5,9,72,3,70,8,11,92,5,12,17,109
07/30/2005,ADQ,AK,AAL,WE,Federal Contract Tower,3,10,0,3,16,0,36,4,2,42,3,46,4,5,58,0,26,26,84
07/31/2005,ADQ,AK,AAL,WE,Federal Contract Tower,3,13,0,2,18,0,12,3,1,16,3,25,3,3,34,2,7,9,43
08/01/2005,ADQ,AK,AAL,WE,Federal Contract Tower,5,14,0,2,21,0,45,1,7,53,5,59,1,9,74,3,10,13,87
08/02/2005,ADQ,AK,AAL,WE,Federal Contract Tower,3,26,4,9,42,1,0,0,3,4,4,26,4,12,46,0,1,1,47
08/03/2005,ADQ,AK,AAL,WE,Federal Contract Tower,3,19,0,12,34,0,20,0,0,20,3,39,0,12,54,6,2,8,62
08/04/2005,ADQ,AK,AAL,WE,Federal Contract Tower,3,14,4,3,24,0,56,2,9,67,3,70,6,12,91,0,24,24,115
08/05/2005,ADQ,AK,AAL,WE,Federal Contract Tower,3,11,0,3,17,0,82,1,8,91,3,93,1,11,108,2,72,74,182
08/06/2005,ADQ,AK,AAL,WE,Federal Contract Tower,3,3,2,2,10,0,53,13,5,71,3,56,15,7,81,0,0,0,81
08/07/2005,ADQ,AK,AAL,WE,Federal Contract Tower,3,7,1,3,14,0,39,6,1,46,3,46,7,4,60,10,57,67,127
08/08/2005,ADQ,AK,AAL,WE,Federal Contract Tower,4,9,2,4,19,0,46,5,9,60,4,55,7,13,79,21,15,36,115
08/09/2005,ADQ,AK,AAL,WE,Federal Contract Tower,3,48,2,5,58,0,0,0,6,6,3,48,2,11,64,0,16,16,80
08/10/2005,ADQ,AK,AAL,WE,Federal Contract Tower,3,11,3,2,19,0,58,3,10,71,3,69,6,12,90,0,73,73,163
08/11/2005,ADQ,AK,AAL,WE,Federal Contract Tower,4,13,5,3,25,1,53,6,14,74,5,66,11,17,99,8,29,37,136
08/12/2005,ADQ,AK,AAL,WE,Federal Contract Tower,3,13,3,5,24,0,38,1,4,43,3,51,4,9,67,0,3,3,70
08/13/2005,ADQ,AK,AAL,WE,Federal Contract Tower,3,14,6,2,25,0,45,3,3,51,3,59,9,5,76,0,39,39,115
08/14/2005,ADQ,AK,AAL,WE,Federal Contract Tower,4,25,6,2,37,1,0,0,0,1,5,25,6,2,38,0,0,0,38
08/15/2005,ADQ,AK,AAL,WE,Federal Contract Tower,3,38,1,12,54,1,0,0,1,2,4,38,1,13,56,0,0,0,56
08/16/2005,ADQ,AK,AAL,WE,Federal Contract Tower,3,49,2,7,61,0,11,0,4,15,3,60,2,11,76,0,82,82,158
08/17/2005,ADQ,AK,AAL,WE,Federal Contract Tower,2,11,0,6,19,0,24,0,3,27,2,35,0,9,46,0,76,76,122
08/18/2005,ADQ,AK,AAL,WE,Federal Contract Tower,3,15,2,2,22,0,51,3,11,65,3,66,5,13,87,0,59,59,146
08/19/2005,ADQ,AK,AAL,WE,Federal Contract Tower,3,12,2,2,19,0,50,9,10,69,3,62,11,12,88,11,45,56,144
08/20/2005,ADQ,AK,AAL,WE,Federal Contract Tower,3,14,3,3,23,0,21,1,1,23,3,35,4,4,46,0,2,2,48
08/21/2005,ADQ,AK,AAL,WE,Federal Contract Tower,3,10,0,0,13,0,34,7,0,41,3,44,7,0,54,22,20,42,96
08/22/2005,ADQ,AK,AAL,WE,Federal Contract Tower,3,16,0,4,23,0,38,1,11,50,3,54,1,15,73,9,63,72,145
08/23/2005,ADQ,AK,AAL,WE,Federal Contract Tower,3,13,2,3,21,0,48,1,5,54,3,61,3,8,75,0,60,60,135
08/24/2005,ADQ,AK,AAL,WE,Federal Contract Tower,3,16,1,3,23,0,60,6,7,73,3,76,7,10,96,0,104,104,200
08/25/2005,ADQ,AK,AAL,WE,Federal Contract Tower,3,10,2,5,20,0,52,4,7,63,3,62,6,12,83,0,145,145,228
08/26/2005,ADQ,AK,AAL,WE,Federal Contract Tower,4,12,0,2,18,0,45,8,9,62,4,57,8,11,80,0,46,46,126
08/27/2005,ADQ,AK,AAL,WE,Federal Contract Tower,3,7,2,0,12,0,58,7,6,71,3,65,9,6,83,0,3,3,86
08/28/2005,ADQ,AK,AAL,WE,Federal Contract Tower,5,11,0,2,18,0,29,2,3,34,5,40,2,5,52,10,13,23,75
08/29/2005,ADQ,AK,AAL,WE,Federal Contract Tower,4,17,3,2,26,0,41,1,19,61,4,58,4,21,87,4,54,58,145
08/30/2005,ADQ,AK,AAL,WE,Federal Contract Tower,7,10,0,1,18,0,52,4,8,64,7,62,4,9,82,5,116,121,203
08/31/2005,ADQ,AK,AAL,WE,Federal Contract Tower,7,13,2,1,23,0,55,3,12,70,7,68,5,13,93,6,32,38,131
09/01/2005,ADQ,AK,AAL,WE,Federal Contract Tower,3,10,1,1,15,0,43,3,14,60,3,53,4,15,75,0,41,41,116
09/02/2005,ADQ,AK,AAL,WE,Federal Contract Tower,3,8,1,2,14,0,79,7,5,91,3,87,8,7,105,10,46,56,161
09/03/2005,ADQ,AK,AAL,WE,Federal Contract Tower,3,28,0,2,33,0,0,0,0,0,3,28,0,2,33,0,0,0,33
09/04/2005,ADQ,AK,AAL,WE,Federal Contract Tower,3,10,2,2,17,0,25,2,3,30,3,35,4,5,47,8,0,8,55
09/05/2005,ADQ,AK,AAL,WE,Federal Contract Tower,4,11,2,2,19,0,52,2,0,54,4,63,4,2,73,0,1,1,74
09/06/2005,ADQ,AK,AAL,WE,Federal Contract Tower,4,12,2,1,19,0,48,1,6,55,4,60,3,7,74,0,24,24,98
09/07/2005,ADQ,AK,AAL,WE,Federal Contract Tower,7,10,2,4,23,0,43,1,10,54,7,53,3,14,77,0,23,23,100
09/08/2005,ADQ,AK,AAL,WE,Federal Contract Tower,5,11,3,1,20,0,55,2,5,62,5,66,5,6,82,2,16,18,100
09/09/2005,ADQ,AK,AAL,WE,Federal Contract Tower,3,15,1,2,21,0,20,1,0,21,3,35,2,2,42,0,33,33,75
09/10/2005,ADQ,AK,AAL,WE,Federal Contract Tower,3,6,2,1,12,0,78,2,2,82,3,84,4,3,94,0,1,1,95
09/11/2005,ADQ,AK,AAL,WE,Federal Contract Tower,3,10,0,0,13,0,28,0,4,32,3,38,0,4,45,0,0,0,45
09/12/2005,ADQ,AK,AAL,WE,Federal Contract Tower,6,7,2,2,17,0,61,1,7,69,6,68,3,9,86,0,29,29,115
09/13/2005,ADQ,AK,AAL,WE,Federal Contract Tower,5,6,0,3,14,0,59,3,3,65,5,65,3,6,79,6,62,68,147
09/14/2005,ADQ,AK,AAL,WE,Federal Contract Tower,4,7,0,2,13,1,49,3,5,58,5,56,3,7,71,6,58,64,135
09/15/2005,ADQ,AK,AAL,WE,Federal Contract Tower,6,17,0,5,28,0,28,1,1,30,6,45,1,6,58,0,62,62,120
09/16/2005,ADQ,AK,AAL,WE,Federal Contract Tower,3,13,0,2,18,0,75,3,3,81,3,88,3,5,99,0,42,42,141
09/17/2005,ADQ,AK,AAL,WE,Federal Contract Tower,3,12,0,0,15,0,44,0,1,45,3,56,0,1,60,0,24,24,84
09/18/2005,ADQ,AK,AAL,WE,Federal Contract Tower,3,6,0,0,9,0,29,1,0,30,3,35,1,0,39,0,0,0,39
09/19/2005,ADQ,AK,AAL,WE,Federal Contract Tower,3,10,0,1,14,0,54,0,3,57,3,64,0,4,71,0,59,59,130
09/20/2005,ADQ,AK,AAL,WE,Federal Contract Tower,2,6,0,2,10,0,41,3,7,51,2,47,3,9,61,0,39,39,100
09/21/2005,ADQ,AK,AAL,WE,Federal Contract Tower,3,10,0,2,15,0,62,1,4,67,3,72,1,6,82,2,46,48,130
09/22/2005,ADQ,AK,AAL,WE,Federal Contract Tower,3,13,1,4,21,0,24,1,4,29,3,37,2,8,50,0,32,32,82
09/23/2005,ADQ,AK,AAL,WE,Federal Contract Tower,3,9,0,5,17,2,44,6,5,57,5,53,6,10,74,22,0,22,96
09/24/2005,ADQ,AK,AAL,WE,Federal Contract Tower,3,8,1,0,12,0,62,5,2,69,3,70,6,2,81,0,31,31,112
09/25/2005,ADQ,AK,AAL,WE,Federal Contract Tower,4,8,0,2,14,0,30,2,0,32,4,38,2,2,46,0,0,0,46
09/26/2005,ADQ,AK,AAL,WE,Federal Contract Tower,3,12,2,3,20,0,35,2,3,40,3,47,4,6,60,0,61,61,121
09/27/2005,ADQ,AK,AAL,WE,Federal Contract Tower,3,6,0,5,14,3,15,0,0,18,6,21,0,5,32,0,56,56,88
09/28/2005,ADQ,AK,AAL,WE,Federal Contract Tower,3,13,2,5,23,0,28,2,6,36,3,41,4,11,59,2,53,55,114
09/29/2005,ADQ,AK,AAL,WE,Federal Contract Tower,3,10,0,5,18,0,33,4,5,42,3,43,4,10,60,0,5,5,65
09/30/2005,ADQ,AK,AAL,WE,Federal Contract Tower,3,9,0,1,13,0,48,1,2,51,3,57,1,3,64,6,43,49,113
10/01/2005,ADQ,AK,AAL,WE,Federal Contract Tower,6,6,0,1,13,0,47,5,0,52,6,53,5,1,65,0,1,1,66
10/02/2005,ADQ,AK,AAL,WE,Federal Contract Tower,5,5,0,0,10,1,20,20,4,45,6,25,20,4,55,0,1,1,56
10/03/2005,ADQ,AK,AAL,WE,Federal Contract Tower,5,12,0,7,24,0,40,11,11,62,5,52,11,18,86,0,108,108,194
10/04/2005,ADQ,AK,AAL,WE,Federal Contract Tower,4,19,0,8,31,0,4,2,1,7,4,23,2,9,38,0,101,101,139
10/05/2005,ADQ,AK,AAL,WE,Federal Contract Tower,5,14,0,8,27,0,25,0,1,26,5,39,0,9,53,0,133,133,186
10/06/2005,ADQ,AK,AAL,WE,Federal Contract Tower,6,12,0,3,21,0,71,15,4,90,6,83,15,7,111,0,140,140,251
10/07/2005,ADQ,AK,AAL,WE,Federal Contract Tower,4,19,3,4,30,0,39,9,4,52,4,58,12,8,82,0,60,60,142
10/08/2005,ADQ,AK,AAL,WE,Federal Contract Tower,6,7,0,2,15,0,29,3,3,35,6,36,3,5,50,0,2,2,52
10/09/2005,ADQ,AK,AAL,WE,Federal Contract Tower,4,6,0,0,10,0,18,4,2,24,4,24,4,2,34,0,27,27,61
10/10/2005,ADQ,AK,AAL,WE,Federal Contract Tower,6,8,1,0,15,0,37,6,2,45,6,45,7,2,60,19,30,49,109
10/11/2005,ADQ,AK,AAL,WE,Federal Contract Tower,6,9,0,5,20,0,35,4,10,49,6,44,4,15,69,0,43,43,112
10/12/2005,ADQ,AK,AAL,WE,Federal Contract Tower,6,11,0,2,19,0,42,0,2,44,6,53,0,4,63,0,0,0,63
10/13/2005,ADQ,AK,AAL,WE,Federal Contract Tower,4,13,1,6,24,1,47,2,5,55,5,60,3,11,79,0,26,26,105
10/14/2005,ADQ,AK,AAL,WE,Federal Contract Tower,3,12,0,6,21,1,51,16,9,77,4,63,16,15,98,32,82,114,212
10/15/2005,ADQ,AK,AAL,WE,Federal Contract Tower,4,8,0,0,12,0,11,0,1,12,4,19,0,1,24,0,12,12,36
10/16/2005,ADQ,AK,AAL,WE,Federal Contract Tower,4,2,0,2,8,0,41,1,3,45,4,43,1,5,53,1,50,51,104
10/17/2005,ADQ,AK,AAL,WE,Federal Contract Tower,3,13,2,9,27,0,16,2,5,23,3,29,4,14,50,16,29,45,95
10/18/2005,ADQ,AK,AAL,WE,Federal Contract Tower,3,9,0,4,16,0,15,1,4,20,3,24,1,8,36,4,87,91,127
10/19/2005,ADQ,AK,AAL,WE,Federal Contract Tower,4,14,2,5,25,0,34,0,5,39,4,48,2,10,64,0,41,41,105
10/20/2005,ADQ,AK,AAL,WE,Federal Contract Tower,2,10,2,0,14,0,0,0,0,0,2,10,2,0,14,2,140,142,156
10/21/2005,ADQ,AK,AAL,WE,Federal Contract Tower,3,16,1,4,24,0,46,0,7,53,3,62,1,11,77,0,8,8,85
10/22/2005,ADQ,AK,AAL,WE,Federal Contract Tower,4,8,0,1,13,0,58,1,2,61,4,66,1,3,74,0,12,12,86
10/23/2005,ADQ,AK,AAL,WE,Federal Contract Tower,3,6,0,2,11,1,52,4,2,59,4,58,4,4,70,6,14,20,90
10/24/2005,ADQ,AK,AAL,WE,Federal Contract Tower,3,9,3,5,20,1,48,0,7,56,4,57,3,12,76,0,84,84,160
10/25/2005,ADQ,AK,AAL,WE,Federal Contract Tower,4,11,0,2,17,0,43,4,5,52,4,54,4,7,69,10,24,34,103
10/26/2005,ADQ,AK,AAL,WE,Federal Contract Tower,4,10,3,4,21,0,29,4,5,38,4,39,7,9,59,2,34,36,95
10/27/2005,ADQ,AK,AAL,WE,Federal Contract Tower,4,14,0,3,21,0,31,3,8,42,4,45,3,11,63,0,25,25,88
10/28/2005,ADQ,AK,AAL,WE,Federal Contract Tower,6,11,0,3,20,0,44,3,4,51,6,55,3,7,71,5,8,13,84
10/29/2005,ADQ,AK,AAL,WE,Federal Contract Tower,6,7,0,2,15,0,27,1,0,28,6,34,1,2,43,0,12,12,55
10/30/2005,ADQ,AK,AAL,WE,Federal Contract Tower,0,10,0,2,12,0,11,0,2,13,0,21,0,4,25,0,0,0,25
10/31/2005,ADQ,AK,AAL,WE,Federal Contract Tower,4,10,0,4,18,0,60,1,4,65,4,70,1,8,83,2,99,101,184
11/01/2005,ADQ,AK,AAL,WE,Federal Contract Tower,4,13,0,2,19,0,50,2,3,55,4,63,2,5,74,5,3,8,82
11/02/2005,ADQ,AK,AAL,WE,Federal Contract Tower,6,10,1,2,19,0,44,5,7,56,6,54,6,9,75,2,18,20,95
11/03/2005,ADQ,AK,AAL,WE,Federal Contract Tower,2,9,4,2,17,0,23,3,8,34,2,32,7,10,51,0,68,68,119
11/04/2005,ADQ,AK,AAL,WE,Federal Contract Tower,3,12,0,2,17,1,27,2,11,41,4,39,2,13,58,0,43,43,101
11/05/2005,ADQ,AK,AAL,WE,Federal Contract Tower,3,6,1,1,11,0,45,1,3,49,3,51,2,4,60,2,0,2,62
11/06/2005,ADQ,AK,AAL,WE,Federal Contract Tower,2,8,1,0,11,0,0,0,1,1,2,8,1,1,12,0,0,0,12
11/07/2005,ADQ,AK,AAL,WE,Federal Contract Tower,3,17,2,7,29,0,53,0,9,62,3,70,2,16,91,0,44,44,135
11/08/2005,ADQ,AK,AAL,WE,Federal Contract Tower,3,13,0,3,19,0,2,0,0,2,3,15,0,3,21,0,2,2,23
11/09/2005,ADQ,AK,AAL,WE,Federal Contract Tower,0,1,0,2,3,0,1,0,0,1,0,2,0,2,4,0,0,0,4
11/10/2005,ADQ,AK,AAL,WE,Federal Contract Tower,4,11,0,1,16,0,50,1,5,56,4,61,1,6,72,1,26,27,99
11/11/2005,ADQ,AK,AAL,WE,Federal Contract Tower,3,12,2,1,18,0,36,0,0,36,3,48,2,1,54,0,35,35,89
11/12/2005,ADQ,AK,AAL,WE,Federal Contract Tower,2,8,0,2,12,0,38,2,2,42,2,46,2,4,54,0,2,2,56
11/13/2005,ADQ,AK,AAL,WE,Federal Contract Tower,2,8,0,1,11,0,31,3,5,39,2,39,3,6,50,0,10,10,60
11/14/2005,ADQ,AK,AAL,WE,Federal Contract Tower,2,12,0,3,17,0,15,0,2,17,2,27,0,5,34,0,30,30,64
11/15/2005,ADQ,AK,AAL,WE,Federal Contract Tower,2,15,0,2,19,0,47,2,7,56,2,62,2,9,75,0,26,26,101
11/16/2005,ADQ,AK,AAL,WE,Federal Contract Tower,2,12,0,7,21,0,20,3,4,27,2,32,3,11,48,2,29,31,79
11/17/2005,ADQ,AK,AAL,WE,Federal Contract Tower,2,14,2,2,20,0,57,2,0,59,2,71,4,2,79,46,42,88,167
11/18/2005,ADQ,AK,AAL,WE,Federal Contract Tower,2,24,2,2,30,0,19,1,7,27,2,43,3,9,57,0,19,19,76
11/19/2005,ADQ,AK,AAL,WE,Federal Contract Tower,2,9,0,0,11,0,74,3,3,80,2,83,3,3,91,4,61,65,156
11/20/2005,ADQ,AK,AAL,WE,Federal Contract Tower,2,6,0,1,9,0,0,0,1,1,2,6,0,2,10,0,34,34,44
11/21/2005,ADQ,AK,AAL,WE,Federal Contract Tower,2,10,1,5,18,0,61,1,5,67,2,71,2,10,85,0,91,91,176
11/22/2005,ADQ,AK,AAL,WE,Federal Contract Tower,2,11,0,3,16,0,42,2,5,49,2,53,2,8,65,10,120,130,195
11/23/2005,ADQ,AK,AAL,WE,Federal Contract Tower,1,11,0,3,15,1,45,2,4,52,2,56,2,7,67,11,75,86,153
11/24/2005,ADQ,AK,AAL,WE,Federal Contract Tower,0,0,0,0,0,0,1,0,0,1,0,1,0,0,1,0,0,0,1
11/25/2005,ADQ,AK,AAL,WE,Federal Contract Tower,2,13,0,4,19,0,36,0,4,40,2,49,0,8,59,2,59,61,120
11/26/2005,ADQ,AK,AAL,WE,Federal Contract Tower,2,4,0,1,7,0,47,2,2,51,2,51,2,3,58,0,7,7,65
11/27/2005,ADQ,AK,AAL,WE,Federal Contract Tower,2,11,0,1,14,0,58,1,1,60,2,69,1,2,74,0,39,39,113
11/28/2005,ADQ,AK,AAL,WE,Federal Contract Tower,2,14,0,5,21,0,48,0,3,51,2,62,0,8,72,0,101,101,173
11/29/2005,ADQ,AK,AAL,WE,Federal Contract Tower,2,8,0,3,13,0,29,0,5,34,2,37,0,8,47,0,18,18,65
11/30/2005,ADQ,AK,AAL,WE,Federal Contract Tower,2,13,0,4,19,0,37,1,4,42,2,50,1,8,61,0,71,71,132
12/01/2005,ADQ,AK,AAL,WE,Federal Contract Tower,2,10,0,1,13,0,41,2,7,50,2,51,2,8,63,0,63,63,126
12/02/2005,ADQ,AK,AAL,WE,Federal Contract Tower,2,11,0,4,17,0,40,4,7,51,2,51,4,11,68,0,60,60,128
12/03/2005,ADQ,AK,AAL,WE,Federal Contract Tower,2,7,0,3,12,0,52,0,2,54,2,59,0,5,66,0,29,29,95
12/04/2005,ADQ,AK,AAL,WE,Federal Contract Tower,2,14,0,0,16,0,8,0,2,10,2,22,0,2,26,0,6,6,32
12/05/2005,ADQ,AK,AAL,WE,Federal Contract Tower,0,6,0,0,6,0,1,0,0,1,0,7,0,0,7,0,0,0,7
12/06/2005,ADQ,AK,AAL,WE,Federal Contract Tower,4,14,0,4,22,0,45,10,6,61,4,59,10,10,83,6,2,8,91
12/07/2005,ADQ,AK,AAL,WE,Federal Contract Tower,2,16,0,8,26,0,20,0,4,24,2,36,0,12,50,0,13,13,63
12/08/2005,ADQ,AK,AAL,WE,Federal Contract Tower,2,12,0,6,20,0,33,0,4,37,2,45,0,10,57,8,31,39,96
12/09/2005,ADQ,AK,AAL,WE,Federal Contract Tower,2,16,0,6,24,0,19,0,2,21,2,35,0,8,45,0,64,64,109
12/10/2005,ADQ,AK,AAL,WE,Federal Contract Tower,2,9,0,3,14,0,22,2,0,24,2,31,2,3,38,3,2,5,43
12/11/2005,ADQ,AK,AAL,WE,Federal Contract Tower,2,7,0,1,10,0,18,2,3,23,2,25,2,4,33,4,0,4,37
12/12/2005,ADQ,AK,AAL,WE,Federal Contract Tower,4,11,0,1,16,0,43,2,20,65,4,54,2,21,81,4,60,64,145
12/13/2005,ADQ,AK,AAL,WE,Federal Contract Tower,3,0,0,4,7,0,33,0,5,38,3,33,0,9,45,0,40,40,85
12/14/2005,ADQ,AK,AAL,WE,Federal Contract Tower,3,11,0,1,15,0,0,0,0,0,3,11,0,1,15,0,9,9,24
12/15/2005,ADQ,AK,AAL,WE,Federal Contract Tower,0,14,0,7,21,0,0,0,0,0,0,14,0,7,21,0,18,18,39
12/16/2005,ADQ,AK,AAL,WE,Federal Contract Tower,3,22,0,2,27,0,44,1,1,46,3,66,1,3,73,0,21,21,94
12/17/2005,ADQ,AK,AAL,WE,Federal Contract Tower,3,19,0,1,23,0,11,0,1,12,3,30,0,2,35,0,0,0,35
12/18/2005,ADQ,AK,AAL,WE,Federal Contract Tower,2,15,0,2,19,0,10,0,0,10,2,25,0,2,29,0,2,2,31
12/19/2005,ADQ,AK,AAL,WE,Federal Contract Tower,2,8,0,3,13,0,0,0,0,0,2,8,0,3,13,0,11,11,24
12/20/2005,ADQ,AK,AAL,WE,Federal Contract Tower,3,14,0,7,24,0,30,0,5,35,3,44,0,12,59,0,19,19,78
12/21/2005,ADQ,AK,AAL,WE,Federal Contract Tower,1,14,0,2,17,0,32,2,5,39,1,46,2,7,56,0,12,12,68
12/22/2005,ADQ,AK,AAL,WE,Federal Contract Tower,3,11,0,2,16,0,25,2,1,28,3,36,2,3,44,0,30,30,74
12/23/2005,ADQ,AK,AAL,WE,Federal Contract Tower,2,8,0,3,13,0,29,2,4,35,2,37,2,7,48,0,10,10,58
12/24/2005,ADQ,AK,AAL,WE,Federal Contract Tower,4,9,0,2,15,0,7,4,0,11,4,16,4,2,26,0,0,0,26
12/25/2005,ADQ,AK,AAL,WE,Federal Contract Tower,0,2,0,0,2,0,0,0,0,0,0,2,0,0,2,0,0,0,2
12/26/2005,ADQ,AK,AAL,WE,Federal Contract Tower,2,8,0,2,12,0,5,2,3,10,2,13,2,5,22,0,3,3,25
12/27/2005,ADQ,AK,AAL,WE,Federal Contract Tower,2,12,0,5,19,0,2,0,4,6,2,14,0,9,25,0,23,23,48
12/28/2005,ADQ,AK,AAL,WE,Federal Contract Tower,2,12,0,4,18,0,0,0,1,1,2,12,0,5,19,0,20,20,39
12/29/2005,ADQ,AK,AAL,WE,Federal Contract Tower,2,12,1,12,27,0,0,0,7,7,2,12,1,19,34,0,0,0,34
12/30/2005,ADQ,AK,AAL,WE,Federal Contract Tower,3,12,0,3,18,2,1,0,2,5,5,13,0,5,23,0,40,40,63
12/31/2005,ADQ,AK,AAL,WE,Federal Contract Tower,2,8,0,2,12,0,15,0,0,15,2,23,0,2,27,0,33,33,60
01/01/2006,ADQ,AK,AAL,WE,Federal Contract Tower,2,4,0,0,6,0,0,0,0,0,2,4,0,0,6,0,0,0,6
01/02/2006,ADQ,AK,AAL,WE,Federal Contract Tower,2,10,0,2,14,0,12,0,1,13,2,22,0,3,27,0,34,34,61
01/03/2006,ADQ,AK,AAL,WE,Federal Contract Tower,2,11,0,5,18,0,33,2,5,40,2,44,2,10,58,0,60,60,118
01/04/2006,ADQ,AK,AAL,WE,Federal Contract Tower,2,11,0,7,20,0,32,1,5,38,2,43,1,12,58,0,163,163,221
01/05/2006,ADQ,AK,AAL,WE,Federal Contract Tower,6,13,2,2,23,0,19,1,9,29,6,32,3,11,52,0,101,101,153
01/06/2006,ADQ,AK,AAL,WE,Federal Contract Tower,4,14,1,7,26,0,35,0,1,36,4,49,1,8,62,0,95,95,157
01/07/2006,ADQ,AK,AAL,WE,Federal Contract Tower,4,8,0,0,12,0,13,1,1,15,4,21,1,1,27,0,26,26,53
01/08/2006,ADQ,AK,AAL,WE,Federal Contract Tower,4,10,0,2,16,0,6,5,2,13,4,16,5,4,29,0,18,18,47
01/09/2006,ADQ,AK,AAL,WE,Federal Contract Tower,4,15,0,6,25,0,31,2,17,50,4,46,2,23,75,0,40,40,115
01/10/2006,ADQ,AK,AAL,WE,Federal Contract Tower,1,9,2,0,12,1,25,2,0,28,2,34,4,0,40,0,17,17,57
01/11/2006,ADQ,AK,AAL,WE,Federal Contract Tower,4,10,0,7,21,0,31,2,12,45,4,41,2,19,66,0,115,115,181
01/12/2006,ADQ,AK,AAL,WE,Federal Contract Tower,4,10,0,2,16,0,29,4,11,44,4,39,4,13,60,11,55,66,126
01/13/2006,ADQ,AK,AAL,WE,Federal Contract Tower,2,2,0,0,4,0,30,5,3,38,2,32,5,3,42,0,98,98,140
01/14/2006,ADQ,AK,AAL,WE,Federal Contract Tower,6,7,0,4,17,0,23,0,4,27,6,30,0,8,44,0,53,53,97
01/15/2006,ADQ,AK,AAL,WE,Federal Contract Tower,2,8,0,2,12,2,1,0,1,4,4,9,0,3,16,0,2,2,18
01/16/2006,ADQ,AK,AAL,WE,Federal Contract Tower,6,19,0,3,28,0,23,0,1,24,6,42,0,4,52,0,0,0,52
01/17/2006,ADQ,AK,AAL,WE,Federal Contract Tower,2,6,0,4,12,0,43,2,2,47,2,49,2,6,59,0,56,56,115
01/18/2006,ADQ,AK,AAL,WE,Federal Contract Tower,4,17,0,5,26,0,31,3,4,38,4,48,3,9,64,8,94,102,166
01/19/2006,ADQ,AK,AAL,WE,Federal Contract Tower,2,12,0,10,24,0,42,2,4,48,2,54,2,14,72,0,85,85,157
01/20/2006,ADQ,AK,AAL,WE,Federal Contract Tower,4,13,0,4,21,0,6,0,0,6,4,19,0,4,27,0,14,14,41
01/21/2006,ADQ,AK,AAL,WE,Federal Contract Tower,6,12,0,3,21,0,25,2,1,28,6,37,2,4,49,0,16,16,65
01/22/2006,ADQ,AK,AAL,WE,Federal Contract Tower,4,8,0,2,14,0,0,0,2,2,4,8,0,4,16,0,0,0,16
01/23/2006,ADQ,AK,AAL,WE,Federal Contract Tower,5,13,0,7,25,1,37,0,1,39,6,50,0,8,64,0,111,111,175
01/24/2006,ADQ,AK,AAL,WE,Federal Contract Tower,4,7,1,4,16,0,40,4,1,45,4,47,5,5,61,2,133,135,196
01/25/2006,ADQ,AK,AAL,WE,Federal Contract Tower,2,9,0,4,15,0,45,2,2,49,2,54,2,6,64,0,130,130,194
01/26/2006,ADQ,AK,AAL,WE,Federal Contract Tower,2,10,0,2,14,0,46,3,6,55,2,56,3,8,69,0,113,113,182
01/27/2006,ADQ,AK,AAL,WE,Federal Contract Tower,0,5,0,1,6,0,0,0,0,0,0,5,0,1,6,0,45,45,51
01/28/2006,ADQ,AK,AAL,WE,Federal Contract Tower,0,0,0,0,0,0,19,1,1,21,0,19,1,1,21,0,0,0,21
01/29/2006,ADQ,AK,AAL,WE,Federal Contract Tower,0,0,0,0,0,0,13,0,1,14,0,13,0,1,14,0,0,0,14
01/30/2006,ADQ,AK,AAL,WE,Federal Contract Tower,2,19,0,5,26,0,31,0,4,35,2,50,0,9,61,0,23,23,84
01/31/2006,ADQ,AK,AAL,WE,Federal Contract Tower,4,8,0,2,14,0,0,0,0,0,4,8,0,2,14,0,1,1,15
02/01/2006,ADQ,AK,AAL,WE,Federal Contract Tower,2,9,0,2,13,0,57,4,5,66,2,66,4,7,79,0,112,112,191
02/02/2006,ADQ,AK,AAL,WE,Federal Contract Tower,6,8,4,3,21,0,69,0,7,76,6,77,4,10,97,8,33,41,138
02/03/2006,ADQ,AK,AAL,WE,Federal Contract Tower,6,11,1,3,21,0,47,2,3,52,6,58,3,6,73,0,1,1,74
02/04/2006,ADQ,AK,AAL,WE,Federal Contract Tower,0,2,0,2,4,0,2,0,0,2,0,4,0,2,6,0,0,0,6
02/05/2006,ADQ,AK,AAL,WE,Federal Contract Tower,6,16,0,5,27,0,7,1,0,8,6,23,1,5,35,0,0,0,35
02/06/2006,ADQ,AK,AAL,WE,Federal Contract Tower,4,8,0,4,16,0,46,0,4,50,4,54,0,8,66,0,98,98,164
02/07/2006,ADQ,AK,AAL,WE,Federal Contract Tower,4,7,0,0,11,0,57,2,0,59,4,64,2,0,70,0,7,7,77
02/08/2006,ADQ,AK,AAL,WE,Federal Contract Tower,4,10,0,2,16,0,42,1,2,45,4,52,1,4,61,0,109,109,170
02/09/2006,ADQ,AK,AAL,WE,Federal Contract Tower,2,9,0,0,11,0,24,0,8,32,2,33,0,8,43,0,37,37,80
02/10/2006,ADQ,AK,AAL,WE,Federal Contract Tower,5,13,2,6,26,0,49,1,3,53,5,62,3,9,79,4,21,25,104
02/11/2006,ADQ,AK,AAL,WE,Federal Contract Tower,2,6,0,8,16,0,1,0,0,1,2,7,0,8,17,0,1,1,18
02/12/2006,ADQ,AK,AAL,WE,Federal Contract Tower,1,6,0,5,12,1,21,0,2,24,2,27,0,7,36,0,3,3,39
02/13/2006,ADQ,AK,AAL,WE,Federal Contract Tower,3,12,0,3,18,0,54,3,5,62,3,66,3,8,80,11,47,58,138
02/14/2006,ADQ,AK,AAL,WE,Federal Contract Tower,2,11,0,5,18,0,47,2,6,55,2,58,2,11,73,30,46,76,149
02/15/2006,ADQ,AK,AAL,WE,Federal Contract Tower,3,12,0,7,22,0,36,0,1,37,3,48,0,8,59,0,42,42,101
02/16/2006,ADQ,AK,AAL,WE,Federal Contract Tower,3,13,0,6,22,0,64,4,7,75,3,77,4,13,97,6,25,31,128
02/17/2006,ADQ,AK,AAL,WE,Federal Contract Tower,4,14,0,2,20,0,40,0,2,42,4,54,0,4,62,0,78,78,140
02/18/2006,ADQ,AK,AAL,WE,Federal Contract Tower,8,5,0,2,15,0,46,3,3,52,8,51,3,5,67,0,2,2,69
02/19/2006,ADQ,AK,AAL,WE,Federal Contract Tower,4,8,0,0,12,0,27,6,1,34,4,35,6,1,46,12,24,36,82
02/20/2006,ADQ,AK,AAL,WE,Federal Contract Tower,4,9,0,1,14,0,31,3,1,35,4,40,3,2,49,0,3,3,52
02/21/2006,ADQ,AK,AAL,WE,Federal Contract Tower,6,11,0,0,17,1,61,3,4,69,7,72,3,4,86,0,70,70,156
02/22/2006,ADQ,AK,AAL,WE,Federal Contract Tower,3,10,0,1,14,0,54,4,1,59,3,64,4,2,73,0,49,49,122
02/23/2006,ADQ,AK,AAL,WE,Federal Contract Tower,2,9,0,4,15,0,48,0,0,48,2,57,0,4,63,0,60,60,123
02/24/2006,ADQ,AK,AAL,WE,Federal Contract Tower,2,11,0,0,13,0,75,3,5,83,2,86,3,5,96,0,70,70,166
02/25/2006,ADQ,AK,AAL,WE,Federal Contract Tower,7,6,2,1,16,0,41,3,0,44,7,47,5,1,60,0,37,37,97
02/26/2006,ADQ,AK,AAL,WE,Federal Contract Tower,4,7,0,2,13,0,22,2,0,24,4,29,2,2,37,0,33,33,70
02/27/2006,ADQ,AK,AAL,WE,Federal Contract Tower,4,10,0,5,19,0,0,0,3,3,4,10,0,8,22,0,2,2,24
02/28/2006,ADQ,AK,AAL,WE,Federal Contract Tower,3,9,0,3,15,0,16,0,6,22,3,25,0,9,37,0,120,120,157
03/01/2006,ADQ,AK,AAL,WE,Federal Contract Tower,5,7,1,2,15,0,71,1,5,77,5,78,2,7,92,0,152,152,244
03/02/2006,ADQ,AK,AAL,WE,Federal Contract Tower,3,12,2,6,23,0,29,0,5,34,3,41,2,11,57,4,8,12,69
03/03/2006,ADQ,AK,AAL,WE,Federal Contract Tower,4,16,0,1,21,0,37,0,0,37,4,53,0,1,58,2,4,6,64
03/04/2006,ADQ,AK,AAL,WE,Federal Contract Tower,3,5,0,2,10,0,29,1,2,32,3,34,1,4,42,6,62,68,110
03/05/2006,ADQ,AK,AAL,WE,Federal Contract Tower,1,7,0,4,12,1,16,0,0,17,2,23,0,4,29,0,5,5,34
03/06/2006,ADQ,AK,AAL,WE,Federal Contract Tower,2,10,0,3,15,0,43,5,6,54,2,53,5,9,69,2,56,58,127
03/07/2006,ADQ,AK,AAL,WE,Federal Contract Tower,6,11,0,2,19,0,33,2,1,36,6,44,2,3,55,0,0,0,55
03/08/2006,ADQ,AK,AAL,WE,Federal Contract Tower,2,3,0,0,5,0,1,0,0,1,2,4,0,0,6,0,0,0,6
03/09/2006,ADQ,AK,AAL,WE,Federal Contract Tower,0,5,2,0,7,0,1,0,0,1,0,6,2,0,8,0,0,0,8
03/10/2006,ADQ,AK,AAL,WE,Federal Contract Tower,3,13,0,3,19,0,76,0,6,82,3,89,0,9,101,0,65,65,166
03/11/2006,ADQ,AK,AAL,WE,Federal Contract Tower,5,7,0,1,13,0,27,0,1,28,5,34,0,2,41,0,47,47,88
03/12/2006,ADQ,AK,AAL,WE,Federal Contract Tower,2,6,0,1,9,0,0,0,0,0,2,6,0,1,9,0,0,0,9
03/13/2006,ADQ,AK,AAL,WE,Federal Contract Tower,7,11,0,1,19,0,48,2,5,55,7,59,2,6,74,0,37,37,111
03/14/2006,ADQ,AK,AAL,WE,Federal Contract Tower,6,7,2,2,17,0,58,1,4,63,6,65,3,6,80,8,53,61,141
03/15/2006,ADQ,AK,AAL,WE,Federal Contract Tower,4,9,0,5,18,0,60,2,4,66,4,69,2,9,84,60,19,79,163
03/16/2006,ADQ,AK,AAL,WE,Federal Contract Tower,4,12,0,2,18,0,56,0,4,60,4,68,0,6,78,2,22,24,102
03/17/2006,ADQ,AK,AAL,WE,Federal Contract Tower,4,18,2,2,26,0,32,0,0,32,4,50,2,2,58,0,0,0,58
03/18/2006,ADQ,AK,AAL,WE,Federal Contract Tower,5,9,0,0,14,0,26,2,2,30,5,35,2,2,44,0,0,0,44
03/19/2006,ADQ,AK,AAL,WE,Federal Contract Tower,4,7,0,1,12,0,23,4,0,27,4,30,4,1,39,3,53,56,95
03/20/2006,ADQ,AK,AAL,WE,Federal Contract Tower,5,11,0,1,17,0,57,2,7,66,5,68,2,8,83,0,13,13,96
03/21/2006,ADQ,AK,AAL,WE,Federal Contract Tower,4,5,0,0,9,0,0,0,1,1,4,5,0,1,10,0,6,6,16
03/22/2006,ADQ,AK,AAL,WE,Federal Contract Tower,4,8,2,1,15,0,71,1,2,74,4,79,3,3,89,0,98,98,187
03/23/2006,ADQ,AK,AAL,WE,Federal Contract Tower,4,11,0,3,18,0,63,9,8,80,4,74,9,11,98,28,65,93,191
03/24/2006,ADQ,AK,AAL,WE,Federal Contract Tower,3,9,0,2,14,1,84,8,5,98,4,93,8,7,112,43,83,126,238
03/25/2006,ADQ,AK,AAL,WE,Federal Contract Tower,5,4,0,3,12,0,24,0,2,26,5,28,0,5,38,5,2,7,45
03/26/2006,ADQ,AK,AAL,WE,Federal Contract Tower,4,6,0,1,11,0,32,4,3,39,4,38,4,4,50,19,36,55,105
03/27/2006,ADQ,AK,AAL,WE,Federal Contract Tower,3,7,0,4,14,1,37,4,2,44,4,44,4,6,58,18,42,60,118
03/28/2006,ADQ,AK,AAL,WE,Federal Contract Tower,4,9,0,4,17,0,46,2,3,51,4,55,2,7,68,6,12,18,86
03/29/2006,ADQ,AK,AAL,WE,Federal Contract Tower,5,7,0,1,13,0,46,4,4,54,5,53,4,5,67,3,16,19,86
03/30/2006,ADQ,AK,AAL,WE,Federal Contract Tower,5,10,1,1,17,0,42,0,1,43,5,52,1,2,60,0,48,48,108
03/31/2006,ADQ,AK,AAL,WE,Federal Contract Tower,5,13,0,11,29,0,42,0,0,42,5,55,0,11,71,1,12,13,84
04/01/2006,ADQ,AK,AAL,WE,Federal Contract Tower,3,7,0,4,14,0,40,3,0,43,3,47,3,4,57,4,46,50,107
04/02/2006,ADQ,AK,AAL,WE,Federal Contract Tower,3,8,0,2,13,0,14,8,0,22,3,22,8,2,35,17,55,72,107
04/03/2006,ADQ,AK,AAL,WE,Federal Contract Tower,3,10,0,5,18,0,43,0,4,47,3,53,0,9,65,0,116,116,181
04/04/2006,ADQ,AK,AAL,WE,Federal Contract Tower,4,18,0,7,29,0,10,0,3,13,4,28,0,10,42,0,59,59,101
04/05/2006,ADQ,AK,AAL,WE,Federal Contract Tower,3,13,4,3,23,0,69,0,3,72,3,82,4,6,95,0,92,92,187
04/06/2006,ADQ,AK,AAL,WE,Federal Contract Tower,3,11,0,1,15,1,64,8,9,82,4,75,8,10,97,0,89,89,186
04/07/2006,ADQ,AK,AAL,WE,Federal Contract Tower,3,13,0,0,16,0,67,8,3,78,3,80,8,3,94,12,39,51,145
04/08/2006,ADQ,AK,AAL,WE,Federal Contract Tower,4,7,0,2,13,0,32,0,0,32,4,39,0,2,45,0,0,0,45
04/09/2006,ADQ,AK,AAL,WE,Federal Contract Tower,3,8,5,1,17,0,21,1,0,22,3,29,6,1,39,11,15,26,65
04/10/2006,ADQ,AK,AAL,WE,Federal Contract Tower,3,7,2,1,13,0,62,0,2,64,3,69,2,3,77,3,47,50,127
04/11/2006,ADQ,AK,AAL,WE,Federal Contract Tower,3,20,1,4,28,0,37,4,2,43,3,57,5,6,71,0,73,73,144
04/12/2006,ADQ,AK,AAL,WE,Federal Contract Tower,3,11,3,3,20,0,65,1,1,67,3,76,4,4,87,43,107,150,237
04/13/2006,ADQ,AK,AAL,WE,Federal Contract Tower,4,8,6,1,19,0,8,0,1,9,4,16,6,2,28,0,97,97,125
04/14/2006,ADQ,AK,AAL,WE,Federal Contract Tower,3,10,2,3,18,0,10,0,3,13,3,20,2,6,31,0,39,39,70
04/15/2006,ADQ,AK,AAL,WE,Federal Contract Tower,3,3,1,0,7,0,55,0,2,57,3,58,1,2,64,15,4,19,83
04/16/2006,ADQ,AK,AAL,WE,Federal Contract Tower,1,12,0,0,13,0,0,4,0,4,1,12,4,0,17,0,0,0,17
04/17/2006,ADQ,AK,AAL,WE,Federal Contract Tower,3,12,0,2,17,0,75,8,7,90,3,87,8,9,107,4,40,44,151
04/18/2006,ADQ,AK,AAL,WE,Federal Contract Tower,3,11,0,1,15,0,47,2,1,50,3,58,2,2,65,0,19,19,84
04/19/2006,ADQ,AK,AAL,WE,Federal Contract Tower,3,13,0,3,19,0,66,10,4,80,3,79,10,7,99,10,10,20,119
04/20/2006,ADQ,AK,AAL,WE,Federal Contract Tower,3,12,1,2,18,0,79,5,8,92,3,91,6,10,110,6,60,66,176
04/21/2006,ADQ,AK,AAL,WE,Federal Contract Tower,3,13,0,1,17,0,70,5,9,84,3,83,5,10,101,8,19,27,128
04/22/2006,ADQ,AK,AAL,WE,Federal Contract Tower,2,3,0,0,5,1,67,3,4,75,3,70,3,4,80,12,6,18,98
04/23/2006,ADQ,AK,AAL,WE,Federal Contract Tower,3,9,0,1,13,0,19,2,0,21,3,28,2,1,34,0,2,2,36
04/24/2006,ADQ,AK,AAL,WE,Federal Contract Tower,3,11,0,0,14,0,76,4,10,90,3,87,4,10,104,45,52,97,201
04/25/2006,ADQ,AK,AAL,WE,Federal Contract Tower,3,13,0,5,21,0,63,6,4,73,3,76,6,9,94,0,35,35,129
04/26/2006,ADQ,AK,AAL,WE,Federal Contract Tower,4,18,0,4,26,0,39,2,1,42,4,57,2,5,68,0,24,24,92
04/27/2006,ADQ,AK,AAL,WE,Federal Contract Tower,3,10,0,9,22,0,26,0,5,31,3,36,0,14,53,0,9,9,62
04/28/2006,ADQ,AK,AAL,WE,Federal Contract Tower,4,13,0,7,24,0,79,4,2,85,4,92,4,9,109,2,10,12,121
04/29/2006,ADQ,AK,AAL,WE,Federal Contract Tower,3,7,0,1,11,0,64,3,2,69,3,71,3,3,80,0,1,1,81
04/30/2006,ADQ,AK,AAL,WE,Federal Contract Tower,3,8,0,1,12,0,41,2,1,44,3,49,2,2,56,2,15,17,73
05/01/2006,ADQ,AK,AAL,WE,Federal Contract Tower,4,15,0,3,22,1,6,0,0,7,5,21,0,3,29,0,17,17,46
05/02/2006,ADQ,AK,AAL,WE,Federal Contract Tower,5,12,3,1,21,0,88,3,5,96,5,100,6,6,117,10,56,66,183
05/03/2006,ADQ,AK,AAL,WE,Federal Contract Tower,3,12,0,3,18,0,33,0,1,34,3,45,0,4,52,0,45,45,97
05/04/2006,ADQ,AK,AAL,WE,Federal Contract Tower,3,10,2,7,22,0,83,6,6,95,3,93,8,13,117,10,40,50,167
05/05/2006,ADQ,AK,AAL,WE,Federal Contract Tower,3,11,2,7,23,0,60,8,7,75,3,71,10,14,98,0,15,15,113
05/06/2006,ADQ,AK,AAL,WE,Federal Contract Tower,2,10,0,0,12,0,40,2,4,46,2,50,2,4,58,0,0,0,58
05/07/2006,ADQ,AK,AAL,WE,Federal Contract Tower,3,6,0,1,10,0,27,4,6,37,3,33,4,7,47,0,2,2,49
05/08/2006,ADQ,AK,AAL,WE,Federal Contract Tower,4,15,1,2,22,0,62,0,2,64,4,77,1,4,86,0,28,28,114
05/09/2006,ADQ,AK,AAL,WE,Federal Contract Tower,5,11,1,1,18,0,68,0,1,69,5,79,1,2,87,2,0,2,89
05/10/2006,ADQ,AK,AAL,WE,Federal Contract Tower,3,13,0,8,24,0,54,4,1,59,3,67,4,9,83,0,51,51,134
05/11/2006,ADQ,AK,AAL,WE,Federal Contract Tower,5,10,2,2,19,1,76,6,6,89,6,86,8,8,108,7,44,51,159
05/12/2006,ADQ,AK,AAL,WE,Federal Contract Tower,5,6,2,1,14,0,73,7,7,87,5,79,9,8,101,0,30,30,131
05/13/2006,ADQ,AK,AAL,WE,Federal Contract Tower,5,6,0,1,12,0,55,3,1,59,5,61,3,2,71,8,2,10,81
05/14/2006,ADQ,AK,AAL,WE,Federal Contract Tower,3,4,0,0,7,0,30,2,0,32,3,34,2,0,39,0,7,7,46
05/15/2006,ADQ,AK,AAL,WE,Federal Contract Tower,4,7,0,1,12,0,84,4,6,94,4,91,4,7,106,0,45,45,151
05/16/2006,ADQ,AK,AAL,WE,Federal Contract Tower,2,9,0,2,13,0,47,2,6,55,2,56,2,8,68,19,7,26,94
05/17/2006,ADQ,AK,AAL,WE,Federal Contract Tower,3,9,0,1,13,0,63,5,8,76,3,72,5,9,89,0,60,60,149
05/18/2006,ADQ,AK,AAL,WE,Federal Contract Tower,4,11,0,5,20,0,79,8,4,91,4,90,8,9,111,15,75,90,201
05/19/2006,ADQ,AK,AAL,WE,Federal Contract Tower,3,11,0,4,18,0,69,2,1,72,3,80,2,5,90,5,10,15,105
05/20/2006,ADQ,AK,AAL,WE,Federal Contract Tower,5,17,0,3,25,0,12,0,0,12,5,29,0,3,37,0,13,13,50
05/21/2006,ADQ,AK,AAL,WE,Federal Contract Tower,3,10,1,1,15,0,41,2,2,45,3,51,3,3,60,6,0,6,66
05/22/2006,ADQ,AK,AAL,WE,Federal Contract Tower,3,9,1,0,13,0,76,3,9,88,3,85,4,9,101,5,6,11,112
05/23/2006,ADQ,AK,AAL,WE,Federal Contract Tower,3,9,0,3,15,0,54,4,7,65,3,63,4,10,80,0,8,8,88
05/24/2006,ADQ,AK,AAL,WE,Federal Contract Tower,2,9,1,2,14,1,74,11,4,90,3,83,12,6,104,2,15,17,121
05/25/2006,ADQ,AK,AAL,WE,Federal Contract Tower,5,11,3,2,21,0,64,10,8,82,5,75,13,10,103,4,16,20,123
05/26/2006,ADQ,AK,AAL,WE,Federal Contract Tower,3,14,1,3,21,0,104,6,3,113,3,118,7,6,134,0,7,7,141
05/27/2006,ADQ,AK,AAL,WE,Federal Contract Tower,3,10,0,0,13,0,71,6,3,80,3,81,6,3,93,0,3,3,96
05/28/2006,ADQ,AK,AAL,WE,Federal Contract Tower,3,6,0,0,9,0,26,10,2,38,3,32,10,2,47,0,0,0,47
05/29/2006,ADQ,AK,AAL,WE,Federal Contract Tower,3,18,0,1,22,0,55,1,0,56,3,73,1,1,78,0,0,0,78
05/30/2006,ADQ,AK,AAL,WE,Federal Contract Tower,3,11,2,3,19,0,63,0,3,66,3,74,2,6,85,0,24,24,109
05/31/2006,ADQ,AK,AAL,WE,Federal Contract Tower,3,8,2,7,20,0,71,0,1,72,3,79,2,8,92,0,98,98,190
06/01/2006,ADQ,AK,AAL,WE,Federal Contract Tower,3,11,1,1,16,0,88,3,5,96,3,99,4,6,112,1,69,70,182
06/02/2006,ADQ,AK,AAL,WE,Federal Contract Tower,5,8,0,1,14,0,78,4,6,88,5,86,4,7,102,0,47,47,149
06/03/2006,ADQ,AK,AAL,WE,Federal Contract Tower,5,5,0,0,10,0,49,7,3,59,5,54,7,3,69,0,18,18,87
06/04/2006,ADQ,AK,AAL,WE,Federal Contract Tower,3,3,1,1,8,0,30,1,3,34,3,33,2,4,42,0,2,2,44
06/05/2006,ADQ,AK,AAL,WE,Federal Contract Tower,3,9,2,1,15,0,66,4,9,79,3,75,6,10,94,12,10,22,116
06/06/2006,ADQ,AK,AAL,WE,Federal Contract Tower,3,10,0,1,14,0,64,7,5,76,3,74,7,6,90,8,68,76,166
06/07/2006,ADQ,AK,AAL,WE,Federal Contract Tower,3,15,2,9,29,0,52,2,2,56,3,67,4,11,85,0,28,28,113
06/08/2006,ADQ,AK,AAL,WE,Federal Contract Tower,3,15,2,1,21,0,5,0,2,7,3,20,2,3,28,0,65,65,93
06/09/2006,ADQ,AK,AAL,WE,Federal Contract Tower,6,30,0,7,43,0,54,0,2,56,6,84,0,9,99,0,16,16,115
06/10/2006,ADQ,AK,AAL,WE,Federal Contract Tower,4,11,0,1,16,0,81,0,1,82,4,92,0,2,98,0,6,6,104
06/11/2006,ADQ,AK,AAL,WE,Federal Contract Tower,1,19,0,0,20,0,0,0,0,0,1,19,0,0,20,0,0,0,20
06/12/2006,ADQ,AK,AAL,WE,Federal Contract Tower,4,18,0,0,22,0,47,0,1,48,4,65,0,1,70,0,19,19,89
06/13/2006,ADQ,AK,AAL,WE,Federal Contract Tower,4,42,3,4,53,0,46,0,0,46,4,88,3,4,99,0,62,62,161
06/14/2006,ADQ,AK,AAL,WE,Federal Contract Tower,3,28,6,8,45,0,9,0,0,9,3,37,6,8,54,0,11,11,65
06/15/2006,ADQ,AK,AAL,WE,Federal Contract Tower,3,24,0,5,32,0,22,0,0,22,3,46,0,5,54,0,69,69,123
06/16/2006,ADQ,AK,AAL,WE,Federal Contract Tower,4,30,3,6,43,0,47,2,1,50,4,77,5,7,93,0,7,7,100
06/17/2006,ADQ,AK,AAL,WE,Federal Contract Tower,6,81,0,2,89,0,0,0,0,0,6,81,0,2,89,0,2,2,91
06/18/2006,ADQ,AK,AAL,WE,Federal Contract Tower,3,33,3,3,42,1,6,1,1,9,4,39,4,4,51,0,0,0,51
06/19/2006,ADQ,AK,AAL,WE,Federal Contract Tower,5,19,5,4,33,0,87,1,2,90,5,106,6,6,123,0,6,6,129
06/20/2006,ADQ,AK,AAL,WE,Federal Contract Tower,3,11,1,1,16,0,73,5,4,82,3,84,6,5,98,7,56,63,161
06/21/2006,ADQ,AK,AAL,WE,Federal Contract Tower,3,12,1,4,20,0,88,5,3,96,3,100,6,7,116,2,51,53,169
06/22/2006,ADQ,AK,AAL,WE,Federal Contract Tower,3,8,0,5,16,0,85,2,9,96,3,93,2,14,112,3,23,26,138
06/23/2006,ADQ,AK,AAL,WE,Federal Contract Tower,3,13,2,2,20,0,66,11,4,81,3,79,13,6,101,0,30,30,131
06/24/2006,ADQ,AK,AAL,WE,Federal Contract Tower,3,12,2,2,19,0,69,4,2,75,3,81,6,4,94,2,10,12,106
06/25/2006,ADQ,AK,AAL,WE,Federal Contract Tower,3,10,0,0,13,0,47,1,0,48,3,57,1,0,61,0,2,2,63
06/26/2006,ADQ,AK,AAL,WE,Federal Contract Tower,4,14,0,1,19,0,65,3,2,70,4,79,3,3,89,4,32,36,125
06/27/2006,ADQ,AK,AAL,WE,Federal Contract Tower,3,9,0,4,16,0,64,3,6,73,3,73,3,10,89,22,23,45,134
06/28/2006,ADQ,AK,AAL,WE,Federal Contract Tower,3,8,5,2,18,0,75,5,9,89,3,83,10,11,107,6,46,52,159
06/29/2006,ADQ,AK,AAL,WE,Federal Contract Tower,3,11,0,2,16,0,85,7,3,95,3,96,7,5,111,12,1,13,124
06/30/2006,ADQ,AK,AAL,WE,Federal Contract Tower,6,16,0,3,25,0,78,2,1,81,6,94,2,4,106,2,4,6,112
07/01/2006,ADQ,AK,AAL,WE,Federal Contract Tower,4,58,0,1,63,1,19,7,0,27,5,77,7,1,90,0,5,5,95
07/02/2006,ADQ,AK,AAL,WE,Federal Contract Tower,5,5,0,0,10,0,53,10,2,65,5,58,10,2,75,0,0,0,75
07/03/2006,ADQ,AK,AAL,WE,Federal Contract Tower,3,21,0,0,24,0,73,2,5,80,3,94,2,5,104,0,18,18,122
07/04/2006,ADQ,AK,AAL,WE,Federal Contract Tower,4,10,1,0,15,0,2,3,0,5,4,12,4,0,20,0,2,2,22
07/05/2006,ADQ,AK,AAL,WE,Federal Contract Tower,6,15,1,5,27,0,38,0,5,43,6,53,1,10,70,2,55,57,127
07/06/2006,ADQ,AK,AAL,WE,Federal Contract Tower,2,26,2,3,33,0,27,2,0,29,2,53,4,3,62,0,18,18,80
07/07/2006,ADQ,AK,AAL,WE,Federal Contract Tower,5,17,0,1,23,1,41,0,1,43,6,58,0,2,66,0,6,6,72
07/08/2006,ADQ,AK,AAL,WE,Federal Contract Tower,4,11,3,2,20,0,66,6,2,74,4,77,9,4,94,0,6,6,100
07/09/2006,ADQ,AK,AAL,WE,Federal Contract Tower,3,9,3,2,17,0,41,5,0,46,3,50,8,2,63,0,42,42,105
07/10/2006,ADQ,AK,AAL,WE,Federal Contract Tower,2,18,3,6,29,0,27,0,2,29,2,45,3,8,58,0,18,18,76
07/11/2006,ADQ,AK,AAL,WE,Federal Contract Tower,4,19,0,7,30,0,0,0,1,1,4,19,0,8,31,0,10,10,41
07/12/2006,ADQ,AK,AAL,WE,Federal Contract Tower,3,11,1,3,18,1,107,3,13,124,4,118,4,16,142,0,52,52,194
07/13/2006,ADQ,AK,AAL,WE,Federal Contract Tower,3,8,0,0,11,1,75,12,9,97,4,83,12,9,108,2,27,29,137
07/14/2006,ADQ,AK,AAL,WE,Federal Contract Tower,3,13,3,4,23,0,70,9,3,82,3,83,12,7,105,7,38,45,150
07/15/2006,ADQ,AK,AAL,WE,Federal Contract Tower,5,8,1,2,16,0,64,8,2,74,5,72,9,4,90,0,55,55,145
07/16/2006,ADQ,AK,AAL,WE,Federal Contract Tower,3,10,2,5,20,0,24,9,1,34,3,34,11,6,54,0,34,34,88
07/17/2006,ADQ,AK,AAL,WE,Federal Contract Tower,2,43,0,8,53,0,15,9,5,29,2,58,9,13,82,0,20,20,102
07/18/2006,ADQ,AK,AAL,WE,Federal Contract Tower,5,36,1,4,46,0,23,0,0,23,5,59,1,4,69,0,4,4,73
07/19/2006,ADQ,AK,AAL,WE,Federal Contract Tower,5,23,1,6,35,1,21,0,4,26,6,44,1,10,61,0,15,15,76
07/20/2006,ADQ,AK,AAL,WE,Federal Contract Tower,2,22,3,5,32,0,22,0,0,22,2,44,3,5,54,0,10,10,64
07/21/2006,ADQ,AK,AAL,WE,Federal Contract Tower,3,21,0,9,33,2,3,0,0,5,5,24,0,9,38,0,6,6,44
07/22/2006,ADQ,AK,AAL,WE,Federal Contract Tower,3,90,0,4,97,0,0,0,0,0,3,90,0,4,97,0,1,1,98
07/23/2006,ADQ,AK,AAL,WE,Federal Contract Tower,2,68,2,0,72,0,2,1,0,3,2,70,3,0,75,0,16,16,91
07/24/2006,ADQ,AK,AAL,WE,Federal Contract Tower,4,17,0,3,24,0,40,0,2,42,4,57,0,5,66,0,2,2,68
07/25/2006,ADQ,AK,AAL,WE,Federal Contract Tower,3,37,0,5,45,0,29,0,0,29,3,66,0,5,74,0,15,15,89
07/26/2006,ADQ,AK,AAL,WE,Federal Contract Tower,3,11,0,0,14,0,91,8,7,106,3,102,8,7,120,14,66,80,200
07/27/2006,ADQ,AK,AAL,WE,Federal Contract Tower,3,11,0,1,15,0,85,8,14,107,3,96,8,15,122,0,3,3,125
07/28/2006,ADQ,AK,AAL,WE,Federal Contract Tower,3,12,2,2,19,0,99,5,8,112,3,111,7,10,131,6,9,15,146
07/29/2006,ADQ,AK,AAL,WE,Federal Contract Tower,2,5,0,2,9,1,67,2,6,76,3,72,2,8,85,2,44,46,131
07/30/2006,ADQ,AK,AAL,WE,Federal Contract Tower,3,7,0,0,10,0,32,3,2,37,3,39,3,2,47,0,2,2,49
07/31/2006,ADQ,AK,AAL,WE,Federal Contract Tower,3,10,0,0,13,0,68,3,6,77,3,78,3,6,90,5,73,78,168
08/01/2006,ADQ,AK,AAL,WE,Federal Contract Tower,3,17,2,7,29,0,63,0,4,67,3,80,2,11,96,0,11,11,107
08/02/2006,ADQ,AK,AAL,WE,Federal Contract Tower,4,16,3,5,28,0,102,10,1,113,4,118,13,6,141,0,38,38,179
08/03/2006,ADQ,AK,AAL,WE,Federal Contract Tower,2,14,8,6,30,0,0,0,1,1,2,14,8,7,31,0,0,0,31
08/04/2006,ADQ,AK,AAL,WE,Federal Contract Tower,3,13,2,4,22,0,89,2,3,94,3,102,4,7,116,0,0,0,116
08/05/2006,ADQ,AK,AAL,WE,Federal Contract Tower,2,9,1,0,12,1,56,2,2,61,3,65,3,2,73,4,0,4,77
08/06/2006,ADQ,AK,AAL,WE,Federal Contract Tower,3,13,0,0,16,0,43,5,7,55,3,56,5,7,71,0,1,1,72
08/07/2006,ADQ,AK,AAL,WE,Federal Contract Tower,5,13,3,3,24,0,51,8,8,67,5,64,11,11,91,20,70,90,181
08/08/2006,ADQ,AK,AAL,WE,Federal Contract Tower,3,11,2,2,18,0,63,10,15,88,3,74,12,17,106,12,32,44,150
08/09/2006,ADQ,AK,AAL,WE,Federal Contract Tower,3,13,2,2,20,0,67,3,2,72,3,80,5,4,92,2,11,13,105
08/10/2006,ADQ,AK,AAL,WE,Federal Contract Tower,3,28,3,5,39,0,49,3,0,52,3,77,6,5,91,3,8,11,102
08/11/2006,ADQ,AK,AAL,WE,Federal Contract Tower,4,8,5,1,18,0,83,7,21,111,4,91,12,22,129,2,19,21,150
08/12/2006,ADQ,AK,AAL,WE,Federal Contract Tower,3,10,3,0,16,0,57,10,1,68,3,67,13,1,84,0,51,51,135
08/13/2006,ADQ,AK,AAL,WE,Federal Contract Tower,3,8,2,1,14,0,34,2,3,39,3,42,4,4,53,0,21,21,74
08/14/2006,ADQ,AK,AAL,WE,Federal Contract Tower,5,16,3,1,25,0,67,13,4,84,5,83,16,5,109,0,36,36,145
08/15/2006,ADQ,AK,AAL,WE,Federal Contract Tower,3,19,1,5,28,0,66,0,11,77,3,85,1,16,105,0,32,32,137
08/16/2006,ADQ,AK,AAL,WE,Federal Contract Tower,3,21,2,4,30,0,50,0,6,56,3,71,2,10,86,2,38,40,126
08/17/2006,ADQ,AK,AAL,WE,Federal Contract Tower,6,13,2,1,22,0,68,1,5,74,6,81,3,6,96,0,12,12,108
08/18/2006,ADQ,AK,AAL,WE,Federal Contract Tower,3,9,2,4,18,0,95,3,3,101,3,104,5,7,119,0,24,24,143
08/19/2006,ADQ,AK,AAL,WE,Federal Contract Tower,2,5,1,1,9,1,102,4,0,107,3,107,5,1,116,4,0,4,120
08/20/2006,ADQ,AK,AAL,WE,Federal Contract Tower,3,7,3,2,15,0,40,3,2,45,3,47,6,4,60,0,0,0,60
08/21/2006,ADQ,AK,AAL,WE,Federal Contract Tower,3,9,2,2,16,0,76,6,9,91,3,85,8,11,107,0,6,6,113
08/22/2006,ADQ,AK,AAL,WE,Federal Contract Tower,4,9,2,5,20,0,51,2,14,67,4,60,4,19,87,3,72,75,162
08/23/2006,ADQ,AK,AAL,WE,Federal Contract Tower,5,12,0,5,22,0,84,11,7,102,5,96,11,12,124,2,29,31,155
08/24/2006,ADQ,AK,AAL,WE,Federal Contract Tower,5,16,0,8,29,0,7,0,0,7,5,23,0,8,36,0,46,46,82
08/25/2006,ADQ,AK,AAL,WE,Federal Contract Tower,3,13,2,5,23,0,128,4,8,140,3,141,6,13,163,0,106,106,269
08/26/2006,ADQ,AK,AAL,WE,Federal Contract Tower,5,47,5,2,59,0,31,0,0,31,5,78,5,2,90,0,3,3,93
08/27/2006,ADQ,AK,AAL,WE,Federal Contract Tower,3,7,2,1,13,0,42,6,2,50,3,49,8,3,63,20,24,44,107
08/28/2006,ADQ,AK,AAL,WE,Federal Contract Tower,2,7,2,3,14,1,86,6,5,98,3,93,8,8,112,0,0,0,112
08/29/2006,ADQ,AK,AAL,WE,Federal Contract Tower,3,11,0,3,17,0,92,3,8,103,3,103,3,11,120,6,87,93,213
08/30/2006,ADQ,AK,AAL,WE,Federal Contract Tower,6,19,2,3,30,2,7,0,0,9,8,26,2,3,39,0,0,0,39
08/31/2006,ADQ,AK,AAL,WE,Federal Contract Tower,3,12,1,5,21,0,89,2,6,97,3,101,3,11,118,17,48,65,183
09/01/2006,ADQ,AK,AAL,WE,Federal Contract Tower,3,14,1,2,20,0,105,3,3,111,3,119,4,5,131,0,56,56,187
09/02/2006,ADQ,AK,AAL,WE,Federal Contract Tower,3,8,2,1,14,0,81,3,2,86,3,89,5,3,100,0,31,31,131
09/03/2006,ADQ,AK,AAL,WE,Federal Contract Tower,3,10,3,2,18,0,54,0,1,55,3,64,3,3,73,0,24,24,97
09/04/2006,ADQ,AK,AAL,WE,Federal Contract Tower,3,8,0,0,11,0,55,2,1,58,3,63,2,1,69,0,46,46,115
09/05/2006,ADQ,AK,AAL,WE,Federal Contract Tower,3,13,2,6,24,0,93,7,1,101,3,106,9,7,125,0,21,21,146
09/06/2006,ADQ,AK,AAL,WE,Federal Contract Tower,3,14,1,2,20,0,81,0,12,93,3,95,1,14,113,0,17,17,130
09/07/2006,ADQ,AK,AAL,WE,Federal Contract Tower,3,12,0,7,22,0,79,0,1,80,3,91,0,8,102,3,58,61,163
09/08/2006,ADQ,AK,AAL,WE,Federal Contract Tower,5,13,0,12,30,0,104,0,5,109,5,117,0,17,139,0,19,19,158
09/09/2006,ADQ,AK,AAL,WE,Federal Contract Tower,3,11,1,5,20,0,87,0,0,87,3,98,1,5,107,0,52,52,159
09/10/2006,ADQ,AK,AAL,WE,Federal Contract Tower,2,9,3,1,15,0,54,1,2,57,2,63,4,3,72,0,30,30,102
09/11/2006,ADQ,AK,AAL,WE,Federal Contract Tower,2,10,1,5,18,0,69,3,5,77,2,79,4,10,95,0,62,62,157
09/12/2006,ADQ,AK,AAL,WE,Federal Contract Tower,2,6,0,0,8,0,84,6,5,95,2,90,6,5,103,5,0,5,108
09/13/2006,ADQ,AK,AAL,WE,Federal Contract Tower,4,9,3,4,20,0,59,4,4,67,4,68,7,8,87,0,26,26,113
09/14/2006,ADQ,AK,AAL,WE,Federal Contract Tower,2,21,0,4,27,0,14,0,6,20,2,35,0,10,47,0,0,0,47
09/15/2006,ADQ,AK,AAL,WE,Federal Contract Tower,5,22,1,9,37,1,12,0,0,13,6,34,1,9,50,0,19,19,69
09/16/2006,ADQ,AK,AAL,WE,Federal Contract Tower,2,19,0,3,24,0,52,3,1,56,2,71,3,4,80,0,13,13,93
09/17/2006,ADQ,AK,AAL,WE,Federal Contract Tower,2,14,0,1,17,0,37,1,1,39,2,51,1,2,56,0,50,50,106
09/18/2006,ADQ,AK,AAL,WE,Federal Contract Tower,3,27,0,2,32,0,7,0,0,7,3,34,0,2,39,0,30,30,69
09/19/2006,ADQ,AK,AAL,WE,Federal Contract Tower,5,8,2,6,21,0,70,2,8,80,5,78,4,14,101,2,86,88,189
09/20/2006,ADQ,AK,AAL,WE,Federal Contract Tower,2,9,0,3,14,0,96,6,3,105,2,105,6,6,119,0,15,15,134
09/21/2006,ADQ,AK,AAL,WE,Federal Contract Tower,3,13,2,5,23,3,33,0,2,38,6,46,2,7,61,0,40,40,101
09/22/2006,ADQ,AK,AAL,WE,Federal Contract Tower,2,17,0,0,19,0,76,3,5,84,2,93,3,5,103,12,26,38,141
09/23/2006,ADQ,AK,AAL,WE,Federal Contract Tower,2,9,0,2,13,0,73,16,2,91,2,82,16,4,104,18,2,20,124
09/24/2006,ADQ,AK,AAL,WE,Federal Contract Tower,2,9,0,2,13,0,36,8,0,44,2,45,8,2,57,0,18,18,75
09/25/2006,ADQ,AK,AAL,WE,Federal Contract Tower,2,10,2,1,15,0,62,4,2,68,2,72,6,3,83,0,47,47,130
09/26/2006,ADQ,AK,AAL,WE,Federal Contract Tower,2,18,0,5,25,2,15,0,0,17,4,33,0,5,42,0,55,55,97
09/27/2006,ADQ,AK,AAL,WE,Federal Contract Tower,4,22,2,7,35,0,44,0,3,47,4,66,2,10,82,8,6,14,96
09/28/2006,ADQ,AK,AAL,WE,Federal Contract Tower,6,10,0,3,19,0,76,0,2,78,6,86,0,5,97,7,82,89,186
09/29/2006,ADQ,AK,AAL,WE,Federal Contract Tower,1,8,2,0,11,1,63,4,5,73,2,71,6,5,84,0,32,32,116
09/30/2006,ADQ,AK,AAL,WE,Federal Contract Tower,2,7,0,2,11,0,75,3,1,79,2,82,3,3,90,0,26,26,116
10/01/2006,ADQ,AK,AAL,WE,Federal Contract Tower,2,10,0,2,14,0,28,0,4,32,2,38,0,6,46,0,3,3,49
10/02/2006,ADQ,AK,AAL,WE,Federal Contract Tower,3,8,0,3,14,0,74,5,6,85,3,82,5,9,99,16,41,57,156
10/03/2006,ADQ,AK,AAL,WE,Federal Contract Tower,2,6,0,2,10,0,54,2,1,57,2,60,2,3,67,0,0,0,67
10/04/2006,ADQ,AK,AAL,WE,Federal Contract Tower,2,9,2,1,14,0,52,3,6,61,2,61,5,7,75,12,23,35,110
10/05/2006,ADQ,AK,AAL,WE,Federal Contract Tower,3,9,1,1,14,0,85,10,6,101,3,94,11,7,115,26,0,26,141
10/06/2006,ADQ,AK,AAL,WE,Federal Contract Tower,2,12,0,2,16,0,75,1,6,82,2,87,1,8,98,16,71,87,185
10/07/2006,ADQ,AK,AAL,WE,Federal Contract Tower,3,6,0,3,12,0,30,1,1,32,3,36,1,4,44,0,58,58,102
10/08/2006,ADQ,AK,AAL,WE,Federal Contract Tower,2,0,1,0,3,0,0,0,0,0,2,0,1,0,3,0,0,0,3
10/09/2006,ADQ,AK,AAL,WE,Federal Contract Tower,2,14,0,0,16,0,0,0,1,1,2,14,0,1,17,0,0,0,17
10/10/2006,ADQ,AK,AAL,WE,Federal Contract Tower,1,10,1,2,14,1,77,4,9,91,2,87,5,11,105,0,89,89,194
10/11/2006,ADQ,AK,AAL,WE,Federal Contract Tower,2,8,0,4,14,0,76,6,7,89,2,84,6,11,103,32,90,122,225
10/12/2006,ADQ,AK,AAL,WE,Federal Contract Tower,2,14,2,4,22,0,40,2,3,45,2,54,4,7,67,0,110,110,177
10/13/2006,ADQ,AK,AAL,WE,Federal Contract Tower,2,9,2,4,17,0,62,0,3,65,2,71,2,7,82,0,24,24,106
10/14/2006,ADQ,AK,AAL,WE,Federal Contract Tower,3,3,0,0,6,0,70,7,1,78,3,73,7,1,84,6,5,11,95
10/15/2006,ADQ,AK,AAL,WE,Federal Contract Tower,2,6,0,4,12,0,24,5,2,31,2,30,5,6,43,10,35,45,88
10/16/2006,ADQ,AK,AAL,WE,Federal Contract Tower,3,8,0,0,11,0,47,2,3,52,3,55,2,3,63,0,73,73,136
10/17/2006,ADQ,AK,AAL,WE,Federal Contract Tower,3,7,3,1,14,0,57,11,2,70,3,64,14,3,84,19,30,49,133
10/18/2006,ADQ,AK,AAL,WE,Federal Contract Tower,4,9,0,3,16,0,33,2,1,36,4,42,2,4,52,0,58,58,110
10/19/2006,ADQ,AK,AAL,WE,Federal Contract Tower,3,8,0,3,14,1,75,13,8,97,4,83,13,11,111,5,60,65,176
10/20/2006,ADQ,AK,AAL,WE,Federal Contract Tower,2,8,0,1,11,0,75,5,5,85,2,83,5,6,96,0,75,75,171
10/21/2006,ADQ,AK,AAL,WE,Federal Contract Tower,3,4,0,2,9,0,66,2,5,73,3,70,2,7,82,4,11,15,97
10/22/2006,ADQ,AK,AAL,WE,Federal Contract Tower,2,7,0,2,11,0,35,2,3,40,2,42,2,5,51,0,4,4,55
10/23/2006,ADQ,AK,AAL,WE,Federal Contract Tower,2,9,0,0,11,0,37,0,3,40,2,46,0,3,51,0,108,108,159
10/24/2006,ADQ,AK,AAL,WE,Federal Contract Tower,2,11,2,3,18,0,48,1,3,52,2,59,3,6,70,0,80,80,150
10/25/2006,ADQ,AK,AAL,WE,Federal Contract Tower,2,8,0,5,15,0,25,0,0,25,2,33,0,5,40,0,83,83,123
10/26/2006,ADQ,AK,AAL,WE,Federal Contract Tower,3,11,0,2,16,0,46,3,2,51,3,57,3,4,67,0,46,46,113
10/27/2006,ADQ,AK,AAL,WE,Federal Contract Tower,2,9,0,2,13,0,43,2,1,46,2,52,2,3,59,0,19,19,78
10/28/2006,ADQ,AK,AAL,WE,Federal Contract Tower,2,6,0,2,10,0,61,4,3,68,2,67,4,5,78,4,18,22,100
10/29/2006,ADQ,AK,AAL,WE,Federal Contract Tower,4,6,0,0,10,0,32,3,0,35,4,38,3,0,45,5,22,27,72
10/30/2006,ADQ,AK,AAL,WE,Federal Contract Tower,6,7,1,3,17,0,67,4,3,74,6,74,5,6,91,0,44,44,135
10/31/2006,ADQ,AK,AAL,WE,Federal Contract Tower,3,6,0,3,12,1,40,6,0,47,4,46,6,3,59,0,15,15,74
11/01/2006,ADQ,AK,AAL,WE,Federal Contract Tower,5,9,0,2,16,1,59,2,3,65,6,68,2,5,81,21,8,29,110
11/02/2006,ADQ,AK,AAL,WE,Federal Contract Tower,4,10,0,0,14,0,50,5,1,56,4,60,5,1,70,0,21,21,91
11/03/2006,ADQ,AK,AAL,WE,Federal Contract Tower,5,9,0,4,18,0,50,6,2,58,5,59,6,6,76,0,12,12,88
11/04/2006,ADQ,AK,AAL,WE,Federal Contract Tower,5,4,0,0,9,0,52,6,3,61,5,56,6,3,70,0,10,10,80
11/05/2006,ADQ,AK,AAL,WE,Federal Contract Tower,3,4,0,3,10,1,15,4,3,23,4,19,4,6,33,0,1,1,34
11/06/2006,ADQ,AK,AAL,WE,Federal Contract Tower,4,9,0,1,14,0,46,1,1,48,4,55,1,2,62,17,60,77,139
11/07/2006,ADQ,AK,AAL,WE,Federal Contract Tower,4,12,0,1,17,0,16,0,0,16,4,28,0,1,33,0,60,60,93
11/08/2006,ADQ,AK,AAL,WE,Federal Contract Tower,4,12,2,3,21,0,62,1,3,66,4,74,3,6,87,4,9,13,100
11/09/2006,ADQ,AK,AAL,WE,Federal Contract Tower,5,11,0,1,17,0,59,1,8,68,5,70,1,9,85,0,50,50,135
11/10/2006,ADQ,AK,AAL,WE,Federal Contract Tower,5,4,0,2,11,0,0,0,0,0,5,4,0,2,11,0,0,0,11
11/11/2006,ADQ,AK,AAL,WE,Federal Contract Tower,4,2,0,2,8,0,73,3,4,80,4,75,3,6,88,0,0,0,88
11/12/2006,ADQ,AK,AAL,WE,Federal Contract Tower,4,3,0,0,7,0,29,0,1,30,4,32,0,1,37,0,13,13,50
11/13/2006,ADQ,AK,AAL,WE,Federal Contract Tower,4,12,2,6,24,0,32,0,2,34,4,44,2,8,58,0,18,18,76
11/14/2006,ADQ,AK,AAL,WE,Federal Contract Tower,6,9,0,0,15,0,0,0,0,0,6,9,0,0,15,0,4,4,19
11/15/2006,ADQ,AK,AAL,WE,Federal Contract Tower,6,14,0,3,23,0,0,0,0,0,6,14,0,3,23,0,39,39,62
11/16/2006,ADQ,AK,AAL,WE,Federal Contract Tower,6,13,2,1,22,0,34,0,6,40,6,47,2,7,62,0,14,14,76
11/17/2006,ADQ,AK,AAL,WE,Federal Contract Tower,4,13,0,1,18,0,58,0,2,60,4,71,0,3,78,0,8,8,86
11/18/2006,ADQ,AK,AAL,WE,Federal Contract Tower,5,5,0,1,11,0,104,2,7,113,5,109,2,8,124,0,0,0,124
11/19/2006,ADQ,AK,AAL,WE,Federal Contract Tower,4,3,0,1,8,0,7,0,0,7,4,10,0,1,15,0,16,16,31
11/20/2006,ADQ,AK,AAL,WE,Federal Contract Tower,4,9,0,6,19,0,58,0,7,65,4,67,0,13,84,0,98,98,182
11/21/2006,ADQ,AK,AAL,WE,Federal Contract Tower,6,9,1,2,18,0,70,0,5,75,6,79,1,7,93,0,11,11,104
11/22/2006,ADQ,AK,AAL,WE,Federal Contract Tower,4,5,0,4,13,0,66,1,3,70,4,71,1,7,83,0,76,76,159
11/23/2006,ADQ,AK,AAL,WE,Federal Contract Tower,0,0,0,0,0,0,4,0,0,4,0,4,0,0,4,0,0,0,4
11/24/2006,ADQ,AK,AAL,WE,Federal Contract Tower,6,10,0,2,18,0,68,6,1,75,6,78,6,3,93,0,23,23,116
11/25/2006,ADQ,AK,AAL,WE,Federal Contract Tower,4,4,0,0,8,0,65,1,2,68,4,69,1,2,76,0,22,22,98
11/26/2006,ADQ,AK,AAL,WE,Federal Contract Tower,4,8,0,1,13,0,6,0,0,6,4,14,0,1,19,0,32,32,51
11/27/2006,ADQ,AK,AAL,WE,Federal Contract Tower,1,15,2,1,19,1,0,0,0,1,2,15,2,1,20,0,0,0,20
11/28/2006,ADQ,AK,AAL,WE,Federal Contract Tower,5,13,0,7,25,0,45,0,5,50,5,58,0,12,75,0,65,65,140
11/29/2006,ADQ,AK,AAL,WE,Federal Contract Tower,4,7,0,1,12,0,60,2,10,72,4,67,2,11,84,0,70,70,154
11/30/2006,ADQ,AK,AAL,WE,Federal Contract Tower,6,12,0,5,23,0,23,0,1,24,6,35,0,6,47,0,8,8,55
12/01/2006,ADQ,AK,AAL,WE,Federal Contract Tower,8,10,1,3,22,0,78,2,5,85,8,88,3,8,107,0,3,3,110
12/02/2006,ADQ,AK,AAL,WE,Federal Contract Tower,5,4,0,4,13,0,39,0,0,39,5,43,0,4,52,0,45,45,97
12/03/2006,ADQ,AK,AAL,WE,Federal Contract Tower,4,6,0,4,14,0,17,0,0,17,4,23,0,4,31,0,2,2,33
12/04/2006,ADQ,AK,AAL,WE,Federal Contract Tower,5,9,0,4,18,0,50,2,2,54,5,59,2,6,72,9,75,84,156
12/05/2006,ADQ,AK,AAL,WE,Federal Contract Tower,3,11,0,0,14,0,14,1,0,15,3,25,1,0,29,4,0,4,33
12/06/2006,ADQ,AK,AAL,WE,Federal Contract Tower,5,15,0,7,27,0,45,0,0,45,5,60,0,7,72,2,19,21,93
12/07/2006,ADQ,AK,AAL,WE,Federal Contract Tower,5,10,0,4,19,0,30,2,2,34,5,40,2,6,53,0,84,84,137
12/08/2006,ADQ,AK,AAL,WE,Federal Contract Tower,5,12,0,4,21,0,50,4,6,60,5,62,4,10,81,0,156,156,237
12/09/2006,ADQ,AK,AAL,WE,Federal Contract Tower,2,3,0,2,7,0,46,0,0,46,2,49,0,2,53,2,28,30,83
12/10/2006,ADQ,AK,AAL,WE,Federal Contract Tower,4,11,0,0,15,0,2,0,0,2,4,13,0,0,17,0,0,0,17
12/11/2006,ADQ,AK,AAL,WE,Federal Contract Tower,6,9,0,2,17,0,53,1,2,56,6,62,1,4,73,0,44,44,117
12/12/2006,ADQ,AK,AAL,WE,Federal Contract Tower,5,9,0,7,21,0,34,4,0,38,5,43,4,7,59,0,47,47,106
12/13/2006,ADQ,AK,AAL,WE,Federal Contract Tower,3,14,2,3,22,0,30,0,5,35,3,44,2,8,57,0,12,12,69
12/14/2006,ADQ,AK,AAL,WE,Federal Contract Tower,5,9,0,2,16,0,9,0,3,12,5,18,0,5,28,0,30,30,58
12/15/2006,ADQ,AK,AAL,WE,Federal Contract Tower,3,11,0,1,15,1,67,2,2,72,4,78,2,3,87,26,44,70,157
12/16/2006,ADQ,AK,AAL,WE,Federal Contract Tower,2,10,0,1,13,0,0,0,0,0,2,10,0,1,13,0,3,3,16
12/17/2006,ADQ,AK,AAL,WE,Federal Contract Tower,6,12,0,1,19,0,9,0,0,9,6,21,0,1,28,2,9,11,39
12/18/2006,ADQ,AK,AAL,WE,Federal Contract Tower,5,8,2,4,19,0,37,0,3,40,5,45,2,7,59,3,3,6,65
12/19/2006,ADQ,AK,AAL,WE,Federal Contract Tower,3,2,0,0,5,0,0,0,0,0,3,2,0,0,5,0,0,0,5
12/20/2006,ADQ,AK,AAL,WE,Federal Contract Tower,4,14,0,0,18,0,52,0,3,55,4,66,0,3,73,0,38,38,111
12/21/2006,ADQ,AK,AAL,WE,Federal Contract Tower,4,11,0,2,17,0,48,2,10,60,4,59,2,12,77,4,0,4,81
12/22/2006,ADQ,AK,AAL,WE,Federal Contract Tower,0,2,0,0,2,0,0,0,2,2,0,2,0,2,4,0,0,0,4
12/23/2006,ADQ,AK,AAL,WE,Federal Contract Tower,6,10,0,2,18,0,51,0,4,55,6,61,0,6,73,0,18,18,91
12/24/2006,ADQ,AK,AAL,WE,Federal Contract Tower,4,8,0,0,12,0,9,0,2,11,4,17,0,2,23,0,0,0,23
12/25/2006,ADQ,AK,AAL,WE,Federal Contract Tower,0,2,0,1,3,0,0,0,1,1,0,2,0,2,4,0,0,0,4
12/26/2006,ADQ,AK,AAL,WE,Federal Contract Tower,5,8,0,1,14,0,53,9,3,65,5,61,9,4,79,0,18,18,97
12/27/2006,ADQ,AK,AAL,WE,Federal Contract Tower,0,1,0,0,1,0,0,0,0,0,0,1,0,0,1,0,0,0,1
12/28/2006,ADQ,AK,AAL,WE,Federal Contract Tower,5,8,1,2,16,1,53,3,4,61,6,61,4,6,77,0,40,40,117
12/29/2006,ADQ,AK,AAL,WE,Federal Contract Tower,2,7,0,0,9,0,0,0,0,0,2,7,0,0,9,0,0,0,9
12/30/2006,ADQ,AK,AAL,WE,Federal Contract Tower,6,3,0,2,11,0,49,1,2,52,6,52,1,4,63,0,10,10,73
12/31/2006,ADQ,AK,AAL,WE,Federal Contract Tower,4,10,0,4,18,0,0,0,1,1,4,10,0,5,19,0,0,0,19
01/01/2007,ADQ,AK,AAL,WE,Federal Contract Tower,2,0,0,0,2,0,0,0,1,1,2,0,0,1,3,0,0,0,3
01/02/2007,ADQ,AK,AAL,WE,Federal Contract Tower,4,6,0,3,13,0,45,2,2,49,4,51,2,5,62,0,1,1,63
01/03/2007,ADQ,AK,AAL,WE,Federal Contract Tower,3,11,0,3,17,0,12,2,3,17,3,23,2,6,34,0,180,180,214
01/04/2007,ADQ,AK,AAL,WE,Federal Contract Tower,5,15,0,7,27,0,8,2,0,10,5,23,2,7,37,0,142,142,179
01/05/2007,ADQ,AK,AAL,WE,Federal Contract Tower,4,7,0,3,14,0,59,2,5,66,4,66,2,8,80,0,47,47,127
01/06/2007,ADQ,AK,AAL,WE,Federal Contract Tower,5,5,0,1,11,0,33,5,1,39,5,38,5,2,50,10,64,74,124
01/07/2007,ADQ,AK,AAL,WE,Federal Contract Tower,4,8,0,1,13,0,5,0,1,6,4,13,0,2,19,0,1,1,20
01/08/2007,ADQ,AK,AAL,WE,Federal Contract Tower,6,10,0,3,19,0,19,0,2,21,6,29,0,5,40,0,30,30,70
01/09/2007,ADQ,AK,AAL,WE,Federal Contract Tower,7,8,0,1,16,0,57,2,1,60,7,65,2,2,76,0,0,0,76
01/10/2007,ADQ,AK,AAL,WE,Federal Contract Tower,3,11,0,3,17,0,23,0,4,27,3,34,0,7,44,0,31,31,75
01/11/2007,ADQ,AK,AAL,WE,Federal Contract Tower,4,6,3,2,15,0,9,0,0,9,4,15,3,2,24,0,97,97,121
01/12/2007,ADQ,AK,AAL,WE,Federal Contract Tower,3,10,0,4,17,0,30,1,1,32,3,40,1,5,49,0,10,10,59
01/13/2007,ADQ,AK,AAL,WE,Federal Contract Tower,5,5,0,3,13,0,39,4,1,44,5,44,4,4,57,0,39,39,96
01/14/2007,ADQ,AK,AAL,WE,Federal Contract Tower,4,7,0,1,12,0,15,0,1,16,4,22,0,2,28,0,31,31,59
01/15/2007,ADQ,AK,AAL,WE,Federal Contract Tower,3,5,0,2,10,0,21,0,5,26,3,26,0,7,36,0,0,0,36
01/16/2007,ADQ,AK,AAL,WE,Federal Contract Tower,2,6,0,2,10,0,5,0,0,5,2,11,0,2,15,0,1,1,16
01/17/2007,ADQ,AK,AAL,WE,Federal Contract Tower,4,9,2,6,21,0,48,3,0,51,4,57,5,6,72,0,93,93,165
01/18/2007,ADQ,AK,AAL,WE,Federal Contract Tower,6,12,0,3,21,0,21,0,1,22,6,33,0,4,43,2,0,2,45
01/19/2007,ADQ,AK,AAL,WE,Federal Contract Tower,3,6,0,4,13,0,55,2,6,63,3,61,2,10,76,2,80,82,158
01/20/2007,ADQ,AK,AAL,WE,Federal Contract Tower,2,0,0,1,3,0,3,0,0,3,2,3,0,1,6,0,0,0,6
01/21/2007,ADQ,AK,AAL,WE,Federal Contract Tower,4,5,0,2,11,0,32,2,2,36,4,37,2,4,47,0,1,1,48
01/22/2007,ADQ,AK,AAL,WE,Federal Contract Tower,5,7,0,3,15,0,54,2,3,59,5,61,2,6,74,0,120,120,194
01/23/2007,ADQ,AK,AAL,WE,Federal Contract Tower,4,8,0,2,14,0,36,3,0,39,4,44,3,2,53,11,106,117,170
01/24/2007,ADQ,AK,AAL,WE,Federal Contract Tower,3,10,0,1,14,0,48,3,4,55,3,58,3,5,69,4,11,15,84
01/25/2007,ADQ,AK,AAL,WE,Federal Contract Tower,0,0,0,1,1,0,2,0,0,2,0,2,0,1,3,0,35,35,38
01/26/2007,ADQ,AK,AAL,WE,Federal Contract Tower,5,6,0,4,15,1,32,0,1,34,6,38,0,5,49,0,38,38,87
01/27/2007,ADQ,AK,AAL,WE,Federal Contract Tower,3,6,0,2,11,0,2,0,1,3,3,8,0,3,14,2,9,11,25
01/28/2007,ADQ,AK,AAL,WE,Federal Contract Tower,4,8,0,2,14,0,26,3,2,31,4,34,3,4,45,2,30,32,77
01/29/2007,ADQ,AK,AAL,WE,Federal Contract Tower,2,5,0,3,10,0,0,0,0,0,2,5,0,3,10,3,1,4,14
01/30/2007,ADQ,AK,AAL,WE,Federal Contract Tower,1,5,0,4,10,1,0,0,3,4,2,5,0,7,14,0,0,0,14
01/31/2007,ADQ,AK,AAL,WE,Federal Contract Tower,4,9,0,1,14,0,0,0,0,0,4,9,0,1,14,0,8,8,22
02/01/2007,ADQ,AK,AAL,WE,Federal Contract Tower,5,35,1,9,50,0,0,0,3,3,5,35,1,12,53,0,0,0,53
02/02/2007,ADQ,AK,AAL,WE,Federal Contract Tower,3,11,0,6,20,0,80,2,3,85,3,91,2,9,105,0,18,18,123
02/03/2007,ADQ,AK,AAL,WE,Federal Contract Tower,5,5,0,1,11,0,54,5,1,60,5,59,5,2,71,1,45,46,117
02/04/2007,ADQ,AK,AAL,WE,Federal Contract Tower,5,4,0,2,11,0,14,2,0,16,5,18,2,2,27,0,5,5,32
02/05/2007,ADQ,AK,AAL,WE,Federal Contract Tower,5,8,0,2,15,0,15,0,0,15,5,23,0,2,30,0,32,32,62
02/06/2007,ADQ,AK,AAL,WE,Federal Contract Tower,5,12,1,1,19,0,35,0,0,35,5,47,1,1,54,0,30,30,84
02/07/2007,ADQ,AK,AAL,WE,Federal Contract Tower,0,13,0,7,20,0,4,0,0,4,0,17,0,7,24,0,0,0,24
02/08/2007,ADQ,AK,AAL,WE,Federal Contract Tower,0,4,0,3,7,0,0,0,0,0,0,4,0,3,7,0,0,0,7
02/09/2007,ADQ,AK,AAL,WE,Federal Contract Tower,5,45,0,6,56,0,1,0,0,1,5,46,0,6,57,0,28,28,85
02/10/2007,ADQ,AK,AAL,WE,Federal Contract Tower,6,10,0,2,18,0,44,2,1,47,6,54,2,3,65,0,44,44,109
02/11/2007,ADQ,AK,AAL,WE,Federal Contract Tower,4,14,0,0,18,0,2,2,0,4,4,16,2,0,22,2,42,44,66
02/12/2007,ADQ,AK,AAL,WE,Federal Contract Tower,6,13,0,9,28,0,28,2,7,37,6,41,2,16,65,0,12,12,77
02/13/2007,ADQ,AK,AAL,WE,Federal Contract Tower,8,15,0,8,31,0,17,0,0,17,8,32,0,8,48,0,36,36,84
02/14/2007,ADQ,AK,AAL,WE,Federal Contract Tower,4,12,0,9,25,0,40,1,2,43,4,52,1,11,68,0,11,11,79
02/15/2007,ADQ,AK,AAL,WE,Federal Contract Tower,2,11,2,5,20,0,41,2,1,44,2,52,4,6,64,0,118,118,182
02/16/2007,ADQ,AK,AAL,WE,Federal Contract Tower,2,12,4,2,20,0,41,2,4,47,2,53,6,6,67,0,52,52,119
02/17/2007,ADQ,AK,AAL,WE,Federal Contract Tower,4,4,0,0,8,0,40,2,3,45,4,44,2,3,53,0,34,34,87
02/18/2007,ADQ,AK,AAL,WE,Federal Contract Tower,3,8,0,0,11,1,15,2,2,20,4,23,2,2,31,0,26,26,57
02/19/2007,ADQ,AK,AAL,WE,Federal Contract Tower,6,8,0,3,17,0,32,0,2,34,6,40,0,5,51,0,30,30,81
02/20/2007,ADQ,AK,AAL,WE,Federal Contract Tower,8,11,0,1,20,0,7,0,7,14,8,18,0,8,34,0,35,35,69
02/21/2007,ADQ,AK,AAL,WE,Federal Contract Tower,2,8,2,1,13,0,54,2,4,60,2,62,4,5,73,5,55,60,133
02/22/2007,ADQ,AK,AAL,WE,Federal Contract Tower,4,8,2,2,16,0,61,0,9,70,4,69,2,11,86,2,43,45,131
02/23/2007,ADQ,AK,AAL,WE,Federal Contract Tower,0,8,4,1,13,0,36,4,4,44,0,44,8,5,57,0,44,44,101
02/24/2007,ADQ,AK,AAL,WE,Federal Contract Tower,6,5,0,1,12,0,38,3,1,42,6,43,3,2,54,0,4,4,58
02/25/2007,ADQ,AK,AAL,WE,Federal Contract Tower,6,7,0,1,14,0,3,2,2,7,6,10,2,3,21,0,33,33,54
02/26/2007,ADQ,AK,AAL,WE,Federal Contract Tower,5,6,0,1,12,0,30,0,6,36,5,36,0,7,48,0,53,53,101
02/27/2007,ADQ,AK,AAL,WE,Federal Contract Tower,6,9,1,1,17,0,53,1,2,56,6,62,2,3,73,0,124,124,197
02/28/2007,ADQ,AK,AAL,WE,Federal Contract Tower,4,11,0,4,19,0,31,0,2,33,4,42,0,6,52,0,113,113,165
03/01/2007,ADQ,AK,AAL,WE,Federal Contract Tower,3,10,0,1,14,0,4,0,7,11,3,14,0,8,25,0,48,48,73
03/02/2007,ADQ,AK,AAL,WE,Federal Contract Tower,4,13,0,3,20,0,3,1,3,7,4,16,1,6,27,0,25,25,52
03/03/2007,ADQ,AK,AAL,WE,Federal Contract Tower,4,3,0,0,7,0,93,9,2,104,4,96,9,2,111,6,27,33,144
03/04/2007,ADQ,AK,AAL,WE,Federal Contract Tower,4,4,0,0,8,0,34,2,1,37,4,38,2,1,45,20,2,22,67
03/05/2007,ADQ,AK,AAL,WE,Federal Contract Tower,2,8,0,3,13,0,6,0,7,13,2,14,0,10,26,0,40,40,66
03/06/2007,ADQ,AK,AAL,WE,Federal Contract Tower,6,9,1,0,16,0,25,0,0,25,6,34,1,0,41,2,16,18,59
03/07/2007,ADQ,AK,AAL,WE,Federal Contract Tower,4,10,2,1,17,0,55,0,5,60,4,65,2,6,77,0,44,44,121
03/08/2007,ADQ,AK,AAL,WE,Federal Contract Tower,3,9,0,3,15,0,6,0,0,6,3,15,0,3,21,0,18,18,39
03/09/2007,ADQ,AK,AAL,WE,Federal Contract Tower,0,9,0,6,15,0,6,0,2,8,0,15,0,8,23,0,38,38,61
03/10/2007,ADQ,AK,AAL,WE,Federal Contract Tower,5,7,0,2,14,0,66,0,2,68,5,73,0,4,82,0,0,0,82
03/11/2007,ADQ,AK,AAL,WE,Federal Contract Tower,4,6,0,1,11,0,17,0,4,21,4,23,0,5,32,0,98,98,130
03/12/2007,ADQ,AK,AAL,WE,Federal Contract Tower,2,9,0,2,13,0,47,2,4,53,2,56,2,6,66,25,81,106,172
03/13/2007,ADQ,AK,AAL,WE,Federal Contract Tower,5,9,0,2,16,0,0,2,10,12,5,9,2,12,28,2,102,104,132
03/14/2007,ADQ,AK,AAL,WE,Federal Contract Tower,4,9,0,0,13,0,29,0,8,37,4,38,0,8,50,0,114,114,164
03/15/2007,ADQ,AK,AAL,WE,Federal Contract Tower,5,9,0,4,18,0,47,4,6,57,5,56,4,10,75,5,51,56,131
03/16/2007,ADQ,AK,AAL,WE,Federal Contract Tower,2,14,0,1,17,0,35,1,2,38,2,49,1,3,55,0,27,27,82
03/17/2007,ADQ,AK,AAL,WE,Federal Contract Tower,5,3,0,0,8,0,51,4,4,59,5,54,4,4,67,15,51,66,133
03/18/2007,ADQ,AK,AAL,WE,Federal Contract Tower,4,8,2,0,14,0,14,0,0,14,4,22,2,0,28,0,16,16,44
03/19/2007,ADQ,AK,AAL,WE,Federal Contract Tower,3,9,1,1,14,1,71,4,5,81,4,80,5,6,95,6,94,100,195
03/20/2007,ADQ,AK,AAL,WE,Federal Contract Tower,1,6,0,0,7,0,0,0,0,0,1,6,0,0,7,0,0,0,7
03/21/2007,ADQ,AK,AAL,WE,Federal Contract Tower,2,12,2,2,18,0,46,2,4,52,2,58,4,6,70,0,148,148,218
03/22/2007,ADQ,AK,AAL,WE,Federal Contract Tower,4,10,0,2,16,0,55,2,11,68,4,65,2,13,84,0,40,40,124
03/23/2007,ADQ,AK,AAL,WE,Federal Contract Tower,3,10,1,2,16,0,57,2,3,62,3,67,3,5,78,36,90,126,204
03/24/2007,ADQ,AK,AAL,WE,Federal Contract Tower,4,1,0,0,5,0,38,7,3,48,4,39,7,3,53,37,23,60,113
03/25/2007,ADQ,AK,AAL,WE,Federal Contract Tower,4,8,2,1,15,0,6,0,1,7,4,14,2,2,22,0,51,51,73
03/26/2007,ADQ,AK,AAL,WE,Federal Contract Tower,4,10,0,1,15,0,13,0,1,14,4,23,0,2,29,0,86,86,115
03/27/2007,ADQ,AK,AAL,WE,Federal Contract Tower,3,10,0,4,17,0,40,2,5,47,3,50,2,9,64,0,16,16,80
03/28/2007,ADQ,AK,AAL,WE,Federal Contract Tower,1,8,0,1,10,1,39,0,7,47,2,47,0,8,57,2,8,10,67
03/29/2007,ADQ,AK,AAL,WE,Federal Contract Tower,2,8,0,3,13,0,41,4,9,54,2,49,4,12,67,8,25,33,100
03/30/2007,ADQ,AK,AAL,WE,Federal Contract Tower,3,9,1,2,15,0,62,7,5,74,3,71,8,7,89,20,18,38,127
03/31/2007,ADQ,AK,AAL,WE,Federal Contract Tower,5,4,1,1,11,0,43,6,2,51,5,47,7,3,62,17,37,54,116
04/01/2007,ADQ,AK,AAL,WE,Federal Contract Tower,3,5,0,1,9,0,25,6,2,33,3,30,6,3,42,0,76,76,118
04/02/2007,ADQ,AK,AAL,WE,Federal Contract Tower,3,8,2,3,16,0,50,1,3,54,3,58,3,6,70,2,89,91,161
04/03/2007,ADQ,AK,AAL,WE,Federal Contract Tower,5,6,0,4,15,0,36,0,0,36,5,42,0,4,51,6,76,82,133
04/04/2007,ADQ,AK,AAL,WE,Federal Contract Tower,2,10,1,2,15,0,4,0,2,6,2,14,1,4,21,0,37,37,58
04/05/2007,ADQ,AK,AAL,WE,Federal Contract Tower,3,6,0,7,16,0,5,0,0,5,3,11,0,7,21,0,50,50,71
04/06/2007,ADQ,AK,AAL,WE,Federal Contract Tower,4,43,0,6,53,0,4,0,0,4,4,47,0,6,57,0,56,56,113
04/07/2007,ADQ,AK,AAL,WE,Federal Contract Tower,4,9,0,5,18,0,47,2,1,50,4,56,2,6,68,8,3,11,79
04/08/2007,ADQ,AK,AAL,WE,Federal Contract Tower,2,8,0,7,17,0,1,0,0,1,2,9,0,7,18,0,7,7,25
04/09/2007,ADQ,AK,AAL,WE,Federal Contract Tower,5,10,0,2,17,0,69,1,9,79,5,79,1,11,96,0,54,54,150
04/10/2007,ADQ,AK,AAL,WE,Federal Contract Tower,3,7,0,1,11,0,57,5,1,63,3,64,5,2,74,0,52,52,126
04/11/2007,ADQ,AK,AAL,WE,Federal Contract Tower,4,10,0,4,18,0,70,7,3,80,4,80,7,7,98,15,44,59,157
04/12/2007,ADQ,AK,AAL,WE,Federal Contract Tower,4,9,0,2,15,0,31,4,1,36,4,40,4,3,51,5,57,62,113
04/13/2007,ADQ,AK,AAL,WE,Federal Contract Tower,2,12,0,3,17,0,59,5,1,65,2,71,5,4,82,2,25,27,109
04/14/2007,ADQ,AK,AAL,WE,Federal Contract Tower,3,8,0,2,13,0,42,4,4,50,3,50,4,6,63,40,2,42,105
04/15/2007,ADQ,AK,AAL,WE,Federal Contract Tower,3,8,6,3,20,0,3,0,2,5,3,11,6,5,25,0,16,16,41
04/16/2007,ADQ,AK,AAL,WE,Federal Contract Tower,3,7,1,4,15,0,63,10,3,76,3,70,11,7,91,10,12,22,113
04/17/2007,ADQ,AK,AAL,WE,Federal Contract Tower,4,10,0,8,22,0,12,1,3,16,4,22,1,11,38,0,57,57,95
04/18/2007,ADQ,AK,AAL,WE,Federal Contract Tower,4,21,0,4,29,0,2,0,0,2,4,23,0,4,31,0,0,0,31
04/19/2007,ADQ,AK,AAL,WE,Federal Contract Tower,3,19,0,12,34,0,30,3,10,43,3,49,3,22,77,0,0,0,77
04/20/2007,ADQ,AK,AAL,WE,Federal Contract Tower,4,73,2,6,85,0,0,1,0,1,4,73,3,6,86,0,0,0,86
04/21/2007,ADQ,AK,AAL,WE,Federal Contract Tower,4,56,0,8,68,0,0,0,0,0,4,56,0,8,68,2,8,10,78
04/22/2007,ADQ,AK,AAL,WE,Federal Contract Tower,3,16,0,5,24,0,0,0,0,0,3,16,0,5,24,0,10,10,34
04/23/2007,ADQ,AK,AAL,WE,Federal Contract Tower,2,68,1,2,73,0,0,0,0,0,2,68,1,2,73,0,8,8,81
04/24/2007,ADQ,AK,AAL,WE,Federal Contract Tower,3,44,1,6,54,0,7,0,0,7,3,51,1,6,61,0,52,52,113
04/25/2007,ADQ,AK,AAL,WE,Federal Contract Tower,4,24,1,6,35,0,24,3,3,30,4,48,4,9,65,8,8,16,81
04/26/2007,ADQ,AK,AAL,WE,Federal Contract Tower,5,12,2,2,21,0,45,7,3,55,5,57,9,5,76,0,34,34,110
04/27/2007,ADQ,AK,AAL,WE,Federal Contract Tower,2,14,0,1,17,0,57,6,5,68,2,71,6,6,85,0,39,39,124
04/28/2007,ADQ,AK,AAL,WE,Federal Contract Tower,3,5,0,0,8,0,53,11,4,68,3,58,11,4,76,12,19,31,107
04/29/2007,ADQ,AK,AAL,WE,Federal Contract Tower,4,8,1,1,14,0,13,4,1,18,4,21,5,2,32,0,16,16,48
04/30/2007,ADQ,AK,AAL,WE,Federal Contract Tower,3,54,7,5,69,0,3,0,2,5,3,57,7,7,74,0,0,0,74
05/01/2007,ADQ,AK,AAL,WE,Federal Contract Tower,3,9,1,3,16,0,61,5,4,70,3,70,6,7,86,2,1,3,89
05/02/2007,ADQ,AK,AAL,WE,Federal Contract Tower,3,12,0,1,16,0,37,9,4,50,3,49,9,5,66,19,39,58,124
05/03/2007,ADQ,AK,AAL,WE,Federal Contract Tower,3,8,0,0,11,0,68,15,5,88,3,76,15,5,99,41,20,61,160
05/04/2007,ADQ,AK,AAL,WE,Federal Contract Tower,3,7,2,1,13,0,84,12,7,103,3,91,14,8,116,2,36,38,154
05/05/2007,ADQ,AK,AAL,WE,Federal Contract Tower,3,3,0,0,6,0,47,10,7,64,3,50,10,7,70,2,36,38,108
05/06/2007,ADQ,AK,AAL,WE,Federal Contract Tower,3,5,0,0,8,0,19,9,2,30,3,24,9,2,38,0,12,12,50
05/07/2007,ADQ,AK,AAL,WE,Federal Contract Tower,3,8,2,2,15,0,69,12,4,85,3,77,14,6,100,16,43,59,159
05/08/2007,ADQ,AK,AAL,WE,Federal Contract Tower,4,6,0,1,11,0,62,12,2,76,4,68,12,3,87,23,31,54,141
05/09/2007,ADQ,AK,AAL,WE,Federal Contract Tower,3,13,2,6,24,1,53,2,5,61,4,66,4,11,85,0,66,66,151
05/10/2007,ADQ,AK,AAL,WE,Federal Contract Tower,3,12,0,0,15,0,58,8,9,75,3,70,8,9,90,2,10,12,102
05/11/2007,ADQ,AK,AAL,WE,Federal Contract Tower,3,12,3,3,21,0,59,4,3,66,3,71,7,6,87,0,3,3,90
05/12/2007,ADQ,AK,AAL,WE,Federal Contract Tower,3,7,0,1,11,0,43,2,3,48,3,50,2,4,59,0,0,0,59
05/13/2007,ADQ,AK,AAL,WE,Federal Contract Tower,3,29,0,2,34,0,4,1,0,5,3,33,1,2,39,0,24,24,63
05/14/2007,ADQ,AK,AAL,WE,Federal Contract Tower,3,10,0,5,18,0,58,2,5,65,3,68,2,10,83,0,38,38,121
05/15/2007,ADQ,AK,AAL,WE,Federal Contract Tower,3,10,0,4,17,0,46,5,3,54,3,56,5,7,71,2,85,87,158
05/16/2007,ADQ,AK,AAL,WE,Federal Contract Tower,3,16,1,3,23,0,24,0,0,24,3,40,1,3,47,0,53,53,100
05/17/2007,ADQ,AK,AAL,WE,Federal Contract Tower,3,9,2,6,20,0,60,3,0,63,3,69,5,6,83,0,52,52,135
05/18/2007,ADQ,AK,AAL,WE,Federal Contract Tower,4,9,0,3,16,0,74,10,6,90,4,83,10,9,106,0,61,61,167
05/19/2007,ADQ,AK,AAL,WE,Federal Contract Tower,3,3,0,0,6,0,48,14,0,62,3,51,14,0,68,4,47,51,119
05/20/2007,ADQ,AK,AAL,WE,Federal Contract Tower,3,5,0,1,9,0,20,6,3,29,3,25,6,4,38,0,9,9,47
05/21/2007,ADQ,AK,AAL,WE,Federal Contract Tower,3,9,0,4,16,0,54,2,5,61,3,63,2,9,77,0,47,47,124
05/22/2007,ADQ,AK,AAL,WE,Federal Contract Tower,3,17,1,10,31,0,1,0,0,1,3,18,1,10,32,0,5,5,37
05/23/2007,ADQ,AK,AAL,WE,Federal Contract Tower,3,11,0,5,19,0,39,0,0,39,3,50,0,5,58,0,5,5,63
05/24/2007,ADQ,AK,AAL,WE,Federal Contract Tower,3,25,1,9,38,0,0,0,1,1,3,25,1,10,39,0,6,6,45
05/25/2007,ADQ,AK,AAL,WE,Federal Contract Tower,4,13,0,9,26,0,1,0,0,1,4,14,0,9,27,0,3,3,30
05/26/2007,ADQ,AK,AAL,WE,Federal Contract Tower,4,46,2,3,55,0,9,0,0,9,4,55,2,3,64,0,4,4,68
05/27/2007,ADQ,AK,AAL,WE,Federal Contract Tower,3,15,2,1,21,0,64,0,2,66,3,79,2,3,87,4,2,6,93
05/28/2007,ADQ,AK,AAL,WE,Federal Contract Tower,3,11,0,2,16,0,43,0,2,45,3,54,0,4,61,30,6,36,97
05/29/2007,ADQ,AK,AAL,WE,Federal Contract Tower,3,18,1,7,29,0,29,2,0,31,3,47,3,7,60,0,42,42,102
05/30/2007,ADQ,AK,AAL,WE,Federal Contract Tower,4,25,1,3,33,3,5,0,0,8,7,30,1,3,41,0,48,48,89
05/31/2007,ADQ,AK,AAL,WE,Federal Contract Tower,4,24,0,1,29,1,14,0,0,15,5,38,0,1,44,0,4,4,48
06/01/2007,ADQ,AK,AAL,WE,Federal Contract Tower,3,28,2,9,42,0,53,2,0,55,3,81,4,9,97,0,6,6,103
06/02/2007,ADQ,AK,AAL,WE,Federal Contract Tower,3,6,0,2,11,0,86,3,1,90,3,92,3,3,101,0,39,39,140
06/03/2007,ADQ,AK,AAL,WE,Federal Contract Tower,3,7,1,1,12,0,18,0,0,18,3,25,1,1,30,0,25,25,55
06/04/2007,ADQ,AK,AAL,WE,Federal Contract Tower,3,29,4,10,46,0,0,0,0,0,3,29,4,10,46,0,0,0,46
06/05/2007,ADQ,AK,AAL,WE,Federal Contract Tower,3,21,1,4,29,0,63,3,0,66,3,84,4,4,95,2,0,2,97
06/06/2007,ADQ,AK,AAL,WE,Federal Contract Tower,3,19,0,11,33,0,34,0,3,37,3,53,0,14,70,0,1,1,71
06/07/2007,ADQ,AK,AAL,WE,Federal Contract Tower,3,10,1,12,26,0,84,2,2,88,3,94,3,14,114,0,65,65,179
06/08/2007,ADQ,AK,AAL,WE,Federal Contract Tower,3,12,3,7,25,0,60,1,2,63,3,72,4,9,88,0,5,5,93
06/09/2007,ADQ,AK,AAL,WE,Federal Contract Tower,3,10,0,4,17,0,63,4,4,71,3,73,4,8,88,6,0,6,94
06/10/2007,ADQ,AK,AAL,WE,Federal Contract Tower,3,6,1,0,10,0,51,12,5,68,3,57,13,5,78,14,26,40,118
06/11/2007,ADQ,AK,AAL,WE,Federal Contract Tower,6,39,0,2,47,0,21,3,0,24,6,60,3,2,71,0,36,36,107
06/12/2007,ADQ,AK,AAL,WE,Federal Contract Tower,3,38,3,10,54,0,26,0,0,26,3,64,3,10,80,0,69,69,149
06/13/2007,ADQ,AK,AAL,WE,Federal Contract Tower,3,12,1,5,21,0,71,3,4,78,3,83,4,9,99,0,56,56,155
06/14/2007,ADQ,AK,AAL,WE,Federal Contract Tower,4,5,0,5,14,0,81,2,4,87,4,86,2,9,101,33,75,108,209
06/15/2007,ADQ,AK,AAL,WE,Federal Contract Tower,3,6,0,1,10,1,88,7,4,100,4,94,7,5,110,12,32,44,154
06/16/2007,ADQ,AK,AAL,WE,Federal Contract Tower,3,5,0,3,11,0,75,6,0,81,3,80,6,3,92,0,0,0,92
06/17/2007,ADQ,AK,AAL,WE,Federal Contract Tower,3,8,1,5,17,0,49,6,1,56,3,57,7,6,73,0,9,9,82
06/18/2007,ADQ,AK,AAL,WE,Federal Contract Tower,3,36,2,9,50,0,42,0,3,45,3,78,2,12,95,0,43,43,138
06/19/2007,ADQ,AK,AAL,WE,Federal Contract Tower,3,8,0,2,13,0,61,3,4,68,3,69,3,6,81,0,15,15,96
06/20/2007,ADQ,AK,AAL,WE,Federal Contract Tower,3,8,0,0,11,0,62,6,11,79,3,70,6,11,90,0,27,27,117
06/21/2007,ADQ,AK,AAL,WE,Federal Contract Tower,3,9,0,3,15,0,75,2,7,84,3,84,2,10,99,0,2,2,101
06/22/2007,ADQ,AK,AAL,WE,Federal Contract Tower,4,41,1,5,51,0,24,1,9,34,4,65,2,14,85,0,37,37,122
06/23/2007,ADQ,AK,AAL,WE,Federal Contract Tower,6,9,4,6,25,0,54,1,2,57,6,63,5,8,82,0,3,3,85
06/24/2007,ADQ,AK,AAL,WE,Federal Contract Tower,6,25,0,2,33,0,0,0,0,0,6,25,0,2,33,0,0,0,33
06/25/2007,ADQ,AK,AAL,WE,Federal Contract Tower,3,14,2,4,23,0,56,10,4,70,3,70,12,8,93,0,72,72,165
06/26/2007,ADQ,AK,AAL,WE,Federal Contract Tower,2,22,2,3,29,1,54,2,2,59,3,76,4,5,88,0,30,30,118
06/27/2007,ADQ,AK,AAL,WE,Federal Contract Tower,3,8,0,2,13,0,85,10,5,100,3,93,10,7,113,6,19,25,138
06/28/2007,ADQ,AK,AAL,WE,Federal Contract Tower,3,11,0,3,17,0,65,0,6,71,3,76,0,9,88,9,34,43,131
06/29/2007,ADQ,AK,AAL,WE,Federal Contract Tower,3,8,2,4,17,0,84,4,4,92,3,92,6,8,109,5,18,23,132
06/30/2007,ADQ,AK,AAL,WE,Federal Contract Tower,3,5,1,1,10,0,62,4,2,68,3,67,5,3,78,2,43,45,123
07/01/2007,ADQ,AK,AAL,WE,Federal Contract Tower,3,7,1,1,12,0,19,6,0,25,3,26,7,1,37,15,7,22,59
07/02/2007,ADQ,AK,AAL,WE,Federal Contract Tower,3,10,3,3,19,0,0,0,0,0,3,10,3,3,19,0,75,75,94
07/03/2007,ADQ,AK,AAL,WE,Federal Contract Tower,3,8,1,3,15,0,78,4,3,85,3,86,5,6,100,0,37,37,137
07/04/2007,ADQ,AK,AAL,WE,Federal Contract Tower,3,12,1,1,17,0,14,2,4,20,3,26,3,5,37,0,0,0,37
07/05/2007,ADQ,AK,AAL,WE,Federal Contract Tower,2,14,2,9,27,0,78,4,2,84,2,92,6,11,111,0,48,48,159
07/06/2007,ADQ,AK,AAL,WE,Federal Contract Tower,3,35,1,8,47,0,25,3,2,30,3,60,4,10,77,0,9,9,86
07/07/2007,ADQ,AK,AAL,WE,Federal Contract Tower,3,9,1,2,15,0,42,4,1,47,3,51,5,3,62,20,0,20,82
07/08/2007,ADQ,AK,AAL,WE,Federal Contract Tower,3,6,0,1,10,0,29,8,3,40,3,35,8,4,50,14,0,14,64
07/09/2007,ADQ,AK,AAL,WE,Federal Contract Tower,3,17,1,7,28,0,31,0,3,34,3,48,1,10,62,0,10,10,72
07/10/2007,ADQ,AK,AAL,WE,Federal Contract Tower,5,29,2,1,37,0,33,0,3,36,5,62,2,4,73,0,20,20,93
07/11/2007,ADQ,AK,AAL,WE,Federal Contract Tower,3,14,3,7,27,0,64,0,6,70,3,78,3,13,97,0,26,26,123
07/12/2007,ADQ,AK,AAL,WE,Federal Contract Tower,5,14,1,2,22,0,73,4,3,80,5,87,5,5,102,10,38,48,150
07/13/2007,ADQ,AK,AAL,WE,Federal Contract Tower,6,20,0,7,33,2,56,4,2,64,8,76,4,9,97,0,28,28,125
07/14/2007,ADQ,AK,AAL,WE,Federal Contract Tower,6,9,0,3,18,0,52,5,1,58,6,61,5,4,76,11,6,17,93
07/15/2007,ADQ,AK,AAL,WE,Federal Contract Tower,3,8,2,1,14,0,36,0,2,38,3,44,2,3,52,0,2,2,54
07/16/2007,ADQ,AK,AAL,WE,Federal Contract Tower,3,11,0,2,16,0,64,4,2,70,3,75,4,4,86,0,10,10,96
07/17/2007,ADQ,AK,AAL,WE,Federal Contract Tower,4,6,0,3,13,0,54,5,5,64,4,60,5,8,77,0,108,108,185
07/18/2007,ADQ,AK,AAL,WE,Federal Contract Tower,7,36,2,7,52,0,0,0,0,0,7,36,2,7,52,0,3,3,55
07/19/2007,ADQ,AK,AAL,WE,Federal Contract Tower,5,48,1,17,71,1,0,2,0,3,6,48,3,17,74,0,10,10,84
07/20/2007,ADQ,AK,AAL,WE,Federal Contract Tower,5,15,5,8,33,0,75,1,2,78,5,90,6,10,111,0,5,5,116
07/21/2007,ADQ,AK,AAL,WE,Federal Contract Tower,4,4,1,1,10,1,96,9,2,108,5,100,10,3,118,15,22,37,155
07/22/2007,ADQ,AK,AAL,WE,Federal Contract Tower,3,24,3,4,34,0,14,3,2,19,3,38,6,6,53,2,4,6,59
07/23/2007,ADQ,AK,AAL,WE,Federal Contract Tower,3,11,1,6,21,0,55,4,1,60,3,66,5,7,81,0,14,14,95
07/24/2007,ADQ,AK,AAL,WE,Federal Contract Tower,3,10,2,7,22,0,0,0,0,0,3,10,2,7,22,0,0,0,22
07/25/2007,ADQ,AK,AAL,WE,Federal Contract Tower,3,4,0,0,7,0,1,0,0,1,3,5,0,0,8,0,2,2,10
07/26/2007,ADQ,AK,AAL,WE,Federal Contract Tower,4,14,7,7,32,0,33,1,0,34,4,47,8,7,66,0,47,47,113
07/27/2007,ADQ,AK,AAL,WE,Federal Contract Tower,4,17,0,5,26,0,105,2,4,111,4,122,2,9,137,4,10,14,151
07/28/2007,ADQ,AK,AAL,WE,Federal Contract Tower,3,7,0,0,10,0,50,6,0,56,3,57,6,0,66,0,48,48,114
07/29/2007,ADQ,AK,AAL,WE,Federal Contract Tower,3,6,0,1,10,0,47,3,1,51,3,53,3,2,61,6,35,41,102
07/30/2007,ADQ,AK,AAL,WE,Federal Contract Tower,6,6,0,0,12,0,1,1,0,2,6,7,1,0,14,0,0,0,14
07/31/2007,ADQ,AK,AAL,WE,Federal Contract Tower,8,12,3,6,29,0,73,2,0,75,8,85,5,6,104,9,15,24,128
08/01/2007,ADQ,AK,AAL,WE,Federal Contract Tower,4,14,0,6,24,0,51,4,5,60,4,65,4,11,84,40,18,58,142
08/02/2007,ADQ,AK,AAL,WE,Federal Contract Tower,5,13,0,7,25,0,43,0,2,45,5,56,0,9,70,0,46,46,116
08/03/2007,ADQ,AK,AAL,WE,Federal Contract Tower,4,20,1,5,30,0,56,1,0,57,4,76,2,5,87,0,16,16,103
08/04/2007,ADQ,AK,AAL,WE,Federal Contract Tower,5,12,2,0,19,0,41,3,0,44,5,53,5,0,63,4,0,4,67
08/05/2007,ADQ,AK,AAL,WE,Federal Contract Tower,3,6,0,0,9,0,35,1,4,40,3,41,1,4,49,2,0,2,51
08/06/2007,ADQ,AK,AAL,WE,Federal Contract Tower,3,6,4,1,14,0,50,7,5,62,3,56,11,6,76,6,30,36,112
08/07/2007,ADQ,AK,AAL,WE,Federal Contract Tower,3,8,1,1,13,0,75,1,1,77,3,83,2,2,90,6,26,32,122
08/08/2007,ADQ,AK,AAL,WE,Federal Contract Tower,3,7,1,4,15,0,94,2,0,96,3,101,3,4,111,4,6,10,121
08/09/2007,ADQ,AK,AAL,WE,Federal Contract Tower,5,7,4,2,18,0,83,3,2,88,5,90,7,4,106,10,27,37,143
08/10/2007,ADQ,AK,AAL,WE,Federal Contract Tower,3,67,3,8,81,0,37,5,3,45,3,104,8,11,126,0,18,18,144
08/11/2007,ADQ,AK,AAL,WE,Federal Contract Tower,2,5,3,0,10,0,46,2,0,48,2,51,5,0,58,0,1,1,59
08/12/2007,ADQ,AK,AAL,WE,Federal Contract Tower,5,2,1,0,8,0,39,12,2,53,5,41,13,2,61,0,52,52,113
08/13/2007,ADQ,AK,AAL,WE,Federal Contract Tower,3,6,0,2,11,0,73,4,4,81,3,79,4,6,92,12,55,67,159
08/14/2007,ADQ,AK,AAL,WE,Federal Contract Tower,5,8,2,4,19,0,52,4,2,58,5,60,6,6,77,0,22,22,99
08/15/2007,ADQ,AK,AAL,WE,Federal Contract Tower,3,10,0,2,15,0,63,0,7,70,3,73,0,9,85,2,17,19,104
08/16/2007,ADQ,AK,AAL,WE,Federal Contract Tower,3,12,2,9,26,0,63,1,6,70,3,75,3,15,96,20,26,46,142
08/17/2007,ADQ,AK,AAL,WE,Federal Contract Tower,3,26,1,5,35,1,65,7,8,81,4,91,8,13,116,0,38,38,154
08/18/2007,ADQ,AK,AAL,WE,Federal Contract Tower,3,20,0,11,34,0,8,0,0,8,3,28,0,11,42,0,0,0,42
08/19/2007,ADQ,AK,AAL,WE,Federal Contract Tower,2,23,0,3,28,0,39,1,1,41,2,62,1,4,69,0,0,0,69
08/20/2007,ADQ,AK,AAL,WE,Federal Contract Tower,3,5,3,4,15,0,88,6,7,101,3,93,9,11,116,0,15,15,131
08/21/2007,ADQ,AK,AAL,WE,Federal Contract Tower,5,9,0,2,16,0,56,1,4,61,5,65,1,6,77,0,86,86,163
08/22/2007,ADQ,AK,AAL,WE,Federal Contract Tower,3,50,3,5,61,0,8,0,1,9,3,58,3,6,70,2,0,2,72
08/23/2007,ADQ,AK,AAL,WE,Federal Contract Tower,6,14,1,4,25,0,72,0,3,75,6,86,1,7,100,0,34,34,134
08/24/2007,ADQ,AK,AAL,WE,Federal Contract Tower,4,12,2,2,20,0,88,5,6,99,4,100,7,8,119,0,31,31,150
08/25/2007,ADQ,AK,AAL,WE,Federal Contract Tower,3,4,4,0,11,0,115,7,0,122,3,119,11,0,133,0,62,62,195
08/26/2007,ADQ,AK,AAL,WE,Federal Contract Tower,3,18,1,3,25,0,15,0,2,17,3,33,1,5,42,31,21,52,94
08/27/2007,ADQ,AK,AAL,WE,Federal Contract Tower,3,27,0,4,34,0,0,0,0,0,3,27,0,4,34,0,0,0,34
08/28/2007,ADQ,AK,AAL,WE,Federal Contract Tower,5,47,4,7,63,0,12,4,6,22,5,59,8,13,85,4,13,17,102
08/29/2007,ADQ,AK,AAL,WE,Federal Contract Tower,3,12,1,2,18,0,93,7,0,100,3,105,8,2,118,0,67,67,185
08/30/2007,ADQ,AK,AAL,WE,Federal Contract Tower,4,7,0,1,12,1,76,4,5,86,5,83,4,6,98,0,45,45,143
08/31/2007,ADQ,AK,AAL,WE,Federal Contract Tower,1,17,0,1,19,0,41,0,4,45,1,58,0,5,64,0,6,6,70
09/01/2007,ADQ,AK,AAL,WE,Federal Contract Tower,6,16,2,0,24,0,69,6,0,75,6,85,8,0,99,0,2,2,101
09/02/2007,ADQ,AK,AAL,WE,Federal Contract Tower,2,16,2,0,20,1,24,0,0,25,3,40,2,0,45,0,0,0,45
09/03/2007,ADQ,AK,AAL,WE,Federal Contract Tower,3,11,0,4,18,0,21,0,0,21,3,32,0,4,39,0,32,32,71
09/04/2007,ADQ,AK,AAL,WE,Federal Contract Tower,5,18,0,0,23,0,52,0,2,54,5,70,0,2,77,0,6,6,83
09/05/2007,ADQ,AK,AAL,WE,Federal Contract Tower,4,7,3,2,16,0,74,6,2,82,4,81,9,4,98,2,42,44,142
09/06/2007,ADQ,AK,AAL,WE,Federal Contract Tower,4,7,0,0,11,0,76,2,6,84,4,83,2,6,95,20,92,112,207
09/07/2007,ADQ,AK,AAL,WE,Federal Contract Tower,3,43,2,5,53,0,0,1,0,1,3,43,3,5,54,0,4,4,58
09/08/2007,ADQ,AK,AAL,WE,Federal Contract Tower,5,9,5,1,20,0,82,1,3,86,5,91,6,4,106,0,48,48,154
09/09/2007,ADQ,AK,AAL,WE,Federal Contract Tower,3,8,0,2,13,1,27,2,0,30,4,35,2,2,43,2,25,27,70
09/10/2007,ADQ,AK,AAL,WE,Federal Contract Tower,3,7,1,2,13,0,100,4,9,113,3,107,5,11,126,6,35,41,167
09/11/2007,ADQ,AK,AAL,WE,Federal Contract Tower,5,24,2,17,48,0,17,1,2,20,5,41,3,19,68,0,5,5,73
09/12/2007,ADQ,AK,AAL,WE,Federal Contract Tower,3,11,0,2,16,0,79,2,5,86,3,90,2,7,102,0,4,4,106
09/13/2007,ADQ,AK,AAL,WE,Federal Contract Tower,4,6,0,1,11,0,85,5,9,99,4,91,5,10,110,2,0,2,112
09/14/2007,ADQ,AK,AAL,WE,Federal Contract Tower,2,11,1,3,17,1,74,1,7,83,3,85,2,10,100,0,25,25,125
09/15/2007,ADQ,AK,AAL,WE,Federal Contract Tower,9,5,1,0,15,0,37,0,5,42,9,42,1,5,57,0,0,0,57
09/16/2007,ADQ,AK,AAL,WE,Federal Contract Tower,3,3,0,1,7,0,49,3,1,53,3,52,3,2,60,6,24,30,90
09/17/2007,ADQ,AK,AAL,WE,Federal Contract Tower,3,8,0,0,11,0,78,5,1,84,3,86,5,1,95,0,0,0,95
09/18/2007,ADQ,AK,AAL,WE,Federal Contract Tower,5,15,0,5,25,0,23,0,6,29,5,38,0,11,54,0,20,20,74
09/19/2007,ADQ,AK,AAL,WE,Federal Contract Tower,3,8,0,1,12,0,70,2,7,79,3,78,2,8,91,7,2,9,100
09/20/2007,ADQ,AK,AAL,WE,Federal Contract Tower,5,11,0,4,20,0,60,1,11,72,5,71,1,15,92,7,8,15,107
09/21/2007,ADQ,AK,AAL,WE,Federal Contract Tower,3,11,0,5,19,0,62,0,6,68,3,73,0,11,87,5,21,26,113
09/22/2007,ADQ,AK,AAL,WE,Federal Contract Tower,5,17,0,0,22,0,36,0,2,38,5,53,0,2,60,0,13,13,73
09/23/2007,ADQ,AK,AAL,WE,Federal Contract Tower,3,13,0,1,17,0,33,3,1,37,3,46,3,2,54,0,7,7,61
09/24/2007,ADQ,AK,AAL,WE,Federal Contract Tower,3,10,0,4,17,0,47,7,12,66,3,57,7,16,83,0,10,10,93
09/25/2007,ADQ,AK,AAL,WE,Federal Contract Tower,2,8,0,2,12,1,51,4,9,65,3,59,4,11,77,0,41,41,118
09/26/2007,ADQ,AK,AAL,WE,Federal Contract Tower,3,7,0,3,13,0,50,2,3,55,3,57,2,6,68,0,71,71,139
09/27/2007,ADQ,AK,AAL,WE,Federal Contract Tower,5,12,0,1,18,1,50,12,12,75,6,62,12,13,93,14,63,77,170
09/28/2007,ADQ,AK,AAL,WE,Federal Contract Tower,3,12,0,3,18,0,57,4,8,69,3,69,4,11,87,0,3,3,90
09/29/2007,ADQ,AK,AAL,WE,Federal Contract Tower,5,7,1,0,13,0,72,4,1,77,5,79,5,1,90,20,0,20,110
09/30/2007,ADQ,AK,AAL,WE,Federal Contract Tower,3,6,0,1,10,0,24,9,3,36,3,30,9,4,46,14,6,20,66
10/01/2007,ADQ,AK,AAL,WE,Federal Contract Tower,4,8,0,3,15,0,48,0,5,53,4,56,0,8,68,0,5,5,73
10/02/2007,ADQ,AK,AAL,WE,Federal Contract Tower,6,7,1,1,15,0,5,1,3,9,6,12,2,4,24,0,3,3,27
10/03/2007,ADQ,AK,AAL,WE,Federal Contract Tower,4,7,0,5,16,0,53,2,5,60,4,60,2,10,76,0,22,22,98
10/04/2007,ADQ,AK,AAL,WE,Federal Contract Tower,3,36,0,9,48,3,13,0,0,16,6,49,0,9,64,0,0,0,64
10/05/2007,ADQ,AK,AAL,WE,Federal Contract Tower,3,7,1,1,12,1,27,4,2,34,4,34,5,3,46,0,40,40,86
10/06/2007,ADQ,AK,AAL,WE,Federal Contract Tower,6,2,0,1,9,0,20,0,2,22,6,22,0,3,31,0,1,1,32
10/07/2007,ADQ,AK,AAL,WE,Federal Contract Tower,4,2,1,1,8,0,22,0,3,25,4,24,1,4,33,0,0,0,33
10/08/2007,ADQ,AK,AAL,WE,Federal Contract Tower,3,7,0,1,11,1,68,3,4,76,4,75,3,5,87,0,21,21,108
10/09/2007,ADQ,AK,AAL,WE,Federal Contract Tower,6,6,0,1,13,0,70,4,8,82,6,76,4,9,95,4,41,45,140
10/10/2007,ADQ,AK,AAL,WE,Federal Contract Tower,6,9,0,1,16,0,71,6,7,84,6,80,6,8,100,6,89,95,195
10/11/2007,ADQ,AK,AAL,WE,Federal Contract Tower,8,11,0,3,22,0,57,9,0,66,8,68,9,3,88,0,94,94,182
10/12/2007,ADQ,AK,AAL,WE,Federal Contract Tower,6,15,0,6,27,0,61,1,5,67,6,76,1,11,94,2,70,72,166
10/13/2007,ADQ,AK,AAL,WE,Federal Contract Tower,6,6,0,1,13,0,55,3,1,59,6,61,3,2,72,1,5,6,78
10/14/2007,ADQ,AK,AAL,WE,Federal Contract Tower,4,6,0,2,12,0,35,2,0,37,4,41,2,2,49,0,10,10,59
10/15/2007,ADQ,AK,AAL,WE,Federal Contract Tower,4,11,0,6,21,0,44,1,2,47,4,55,1,8,68,6,36,42,110
10/16/2007,ADQ,AK,AAL,WE,Federal Contract Tower,6,11,0,2,19,0,17,0,3,20,6,28,0,5,39,0,29,29,68
10/17/2007,ADQ,AK,AAL,WE,Federal Contract Tower,6,12,0,5,23,0,37,0,5,42,6,49,0,10,65,0,1,1,66
10/18/2007,ADQ,AK,AAL,WE,Federal Contract Tower,6,11,0,3,20,0,61,7,7,75,6,72,7,10,95,0,5,5,100
10/19/2007,ADQ,AK,AAL,WE,Federal Contract Tower,4,10,0,2,16,0,59,4,4,67,4,69,4,6,83,6,36,42,125
10/20/2007,ADQ,AK,AAL,WE,Federal Contract Tower,6,8,0,2,16,0,44,1,0,45,6,52,1,2,61,0,7,7,68
10/21/2007,ADQ,AK,AAL,WE,Federal Contract Tower,4,6,0,4,14,0,18,0,0,18,4,24,0,4,32,0,6,6,38
10/22/2007,ADQ,AK,AAL,WE,Federal Contract Tower,4,10,1,1,16,0,47,7,3,57,4,57,8,4,73,2,11,13,86
10/23/2007,ADQ,AK,AAL,WE,Federal Contract Tower,5,11,0,0,16,0,67,0,10,77,5,78,0,10,93,0,107,107,200
10/24/2007,ADQ,AK,AAL,WE,Federal Contract Tower,6,8,0,3,17,0,54,5,5,64,6,62,5,8,81,8,56,64,145
10/25/2007,ADQ,AK,AAL,WE,Federal Contract Tower,4,12,0,4,20,0,6,0,6,12,4,18,0,10,32,0,3,3,35
10/26/2007,ADQ,AK,AAL,WE,Federal Contract Tower,6,5,1,4,16,0,75,3,1,79,6,80,4,5,95,0,4,4,99
10/27/2007,ADQ,AK,AAL,WE,Federal Contract Tower,6,6,0,1,13,0,66,0,1,67,6,72,0,2,80,0,39,39,119
10/28/2007,ADQ,AK,AAL,WE,Federal Contract Tower,4,4,0,2,10,0,23,3,1,27,4,27,3,3,37,0,36,36,73
10/29/2007,ADQ,AK,AAL,WE,Federal Contract Tower,2,14,2,4,22,0,23,0,2,25,2,37,2,6,47,8,54,62,109
10/30/2007,ADQ,AK,AAL,WE,Federal Contract Tower,3,12,0,1,16,1,0,0,2,3,4,12,0,3,19,0,29,29,48
10/31/2007,ADQ,AK,AAL,WE,Federal Contract Tower,6,10,0,4,20,0,51,2,1,54,6,61,2,5,74,14,29,43,117
11/01/2007,ADQ,AK,AAL,WE,Federal Contract Tower,4,12,0,2,18,0,33,3,4,40,4,45,3,6,58,0,29,29,87
11/02/2007,ADQ,AK,AAL,WE,Federal Contract Tower,5,10,4,6,25,1,66,1,5,73,6,76,5,11,98,0,58,58,156
11/03/2007,ADQ,AK,AAL,WE,Federal Contract Tower,4,5,3,0,12,0,66,7,4,77,4,71,10,4,89,11,0,11,100
11/04/2007,ADQ,AK,AAL,WE,Federal Contract Tower,4,6,0,2,12,0,27,0,1,28,4,33,0,3,40,0,59,59,99
11/05/2007,ADQ,AK,AAL,WE,Federal Contract Tower,4,10,0,5,19,0,70,0,8,78,4,80,0,13,97,0,50,50,147
11/06/2007,ADQ,AK,AAL,WE,Federal Contract Tower,6,7,0,2,15,0,19,1,0,20,6,26,1,2,35,0,35,35,70
11/07/2007,ADQ,AK,AAL,WE,Federal Contract Tower,6,10,0,4,20,0,43,2,1,46,6,53,2,5,66,0,49,49,115
11/08/2007,ADQ,AK,AAL,WE,Federal Contract Tower,6,12,0,3,21,0,17,2,4,23,6,29,2,7,44,0,68,68,112
11/09/2007,ADQ,AK,AAL,WE,Federal Contract Tower,4,12,0,3,19,0,88,10,6,104,4,100,10,9,123,2,35,37,160
11/10/2007,ADQ,AK,AAL,WE,Federal Contract Tower,6,6,0,0,12,0,76,2,4,82,6,82,2,4,94,14,4,18,112
11/11/2007,ADQ,AK,AAL,WE,Federal Contract Tower,4,6,5,2,17,0,23,0,0,23,4,29,5,2,40,0,0,0,40
11/12/2007,ADQ,AK,AAL,WE,Federal Contract Tower,3,7,0,2,12,1,64,2,1,68,4,71,2,3,80,7,0,7,87
11/13/2007,ADQ,AK,AAL,WE,Federal Contract Tower,4,7,4,1,16,0,49,6,1,56,4,56,10,2,72,0,2,2,74
11/14/2007,ADQ,AK,AAL,WE,Federal Contract Tower,6,9,0,3,18,0,54,6,6,66,6,63,6,9,84,0,90,90,174
11/15/2007,ADQ,AK,AAL,WE,Federal Contract Tower,4,11,0,4,19,0,0,0,0,0,4,11,0,4,19,0,0,0,19
11/16/2007,ADQ,AK,AAL,WE,Federal Contract Tower,6,9,0,3,18,0,58,2,4,64,6,67,2,7,82,0,39,39,121
11/17/2007,ADQ,AK,AAL,WE,Federal Contract Tower,4,3,0,1,8,0,45,1,4,50,4,48,1,5,58,0,2,2,60
11/18/2007,ADQ,AK,AAL,WE,Federal Contract Tower,4,4,2,0,10,0,52,4,2,58,4,56,6,2,68,0,75,75,143
11/19/2007,ADQ,AK,AAL,WE,Federal Contract Tower,4,14,0,2,20,0,32,0,3,35,4,46,0,5,55,0,98,98,153
11/20/2007,ADQ,AK,AAL,WE,Federal Contract Tower,4,10,2,7,23,0,4,0,0,4,4,14,2,7,27,0,31,31,58
11/21/2007,ADQ,AK,AAL,WE,Federal Contract Tower,7,7,0,8,22,1,60,2,5,68,8,67,2,13,90,0,55,55,145
11/22/2007,ADQ,AK,AAL,WE,Federal Contract Tower,0,0,0,0,0,0,0,0,0,0,0,0,0,0,0,0,0,0,0
11/23/2007,ADQ,AK,AAL,WE,Federal Contract Tower,4,6,0,1,11,1,71,2,3,77,5,77,2,4,88,2,11,13,101
11/24/2007,ADQ,AK,AAL,WE,Federal Contract Tower,6,8,0,0,14,0,32,2,1,35,6,40,2,1,49,0,18,18,67
11/25/2007,ADQ,AK,AAL,WE,Federal Contract Tower,1,0,0,0,1,0,0,0,0,0,1,0,0,0,1,0,0,0,1
11/26/2007,ADQ,AK,AAL,WE,Federal Contract Tower,4,8,0,4,16,0,60,0,4,64,4,68,0,8,80,2,2,4,84
11/27/2007,ADQ,AK,AAL,WE,Federal Contract Tower,6,14,1,4,25,0,16,0,0,16,6,30,1,4,41,0,8,8,49
11/28/2007,ADQ,AK,AAL,WE,Federal Contract Tower,6,9,0,3,18,0,69,7,6,82,6,78,7,9,100,41,48,89,189
11/29/2007,ADQ,AK,AAL,WE,Federal Contract Tower,6,19,0,6,31,0,25,1,0,26,6,44,1,6,57,0,58,58,115
11/30/2007,ADQ,AK,AAL,WE,Federal Contract Tower,6,14,0,4,24,0,24,0,2,26,6,38,0,6,50,0,39,39,89
12/01/2007,ADQ,AK,AAL,WE,Federal Contract Tower,6,14,0,2,22,0,50,3,0,53,6,64,3,2,75,0,10,10,85
12/02/2007,ADQ,AK,AAL,WE,Federal Contract Tower,4,5,0,0,9,0,23,2,1,26,4,28,2,1,35,0,36,36,71
12/03/2007,ADQ,AK,AAL,WE,Federal Contract Tower,0,14,0,7,21,0,10,0,3,13,0,24,0,10,34,0,22,22,56
12/04/2007,ADQ,AK,AAL,WE,Federal Contract Tower,4,13,2,0,19,0,46,3,6,55,4,59,5,6,74,0,15,15,89
12/05/2007,ADQ,AK,AAL,WE,Federal Contract Tower,4,10,0,2,16,0,64,3,7,74,4,74,3,9,90,0,63,63,153
12/06/2007,ADQ,AK,AAL,WE,Federal Contract Tower,6,9,0,6,21,0,32,0,10,42,6,41,0,16,63,0,39,39,102
12/07/2007,ADQ,AK,AAL,WE,Federal Contract Tower,2,21,0,4,27,0,7,0,2,9,2,28,0,6,36,0,10,10,46
12/08/2007,ADQ,AK,AAL,WE,Federal Contract Tower,6,5,0,2,13,0,65,4,1,70,6,70,4,3,83,0,32,32,115
12/09/2007,ADQ,AK,AAL,WE,Federal Contract Tower,4,5,0,1,10,0,26,0,1,27,4,31,0,2,37,0,18,18,55
12/10/2007,ADQ,AK,AAL,WE,Federal Contract Tower,4,8,0,3,15,0,21,0,0,21,4,29,0,3,36,2,40,42,78
12/11/2007,ADQ,AK,AAL,WE,Federal Contract Tower,6,7,0,2,15,0,66,3,9,78,6,73,3,11,93,0,61,61,154
12/12/2007,ADQ,AK,AAL,WE,Federal Contract Tower,4,16,0,8,28,0,0,0,3,3,4,16,0,11,31,0,18,18,49
12/13/2007,ADQ,AK,AAL,WE,Federal Contract Tower,6,21,0,10,37,0,12,0,0,12,6,33,0,10,49,0,11,11,60
12/14/2007,ADQ,AK,AAL,WE,Federal Contract Tower,6,8,0,1,15,0,63,4,3,70,6,71,4,4,85,0,52,52,137
12/15/2007,ADQ,AK,AAL,WE,Federal Contract Tower,6,5,0,0,11,0,2,0,3,5,6,7,0,3,16,0,0,0,16
12/16/2007,ADQ,AK,AAL,WE,Federal Contract Tower,4,13,0,0,17,0,39,0,4,43,4,52,0,4,60,0,23,23,83
12/17/2007,ADQ,AK,AAL,WE,Federal Contract Tower,3,13,0,0,16,1,51,1,5,58,4,64,1,5,74,0,80,80,154
12/18/2007,ADQ,AK,AAL,WE,Federal Contract Tower,6,11,0,4,21,0,56,5,4,65,6,67,5,8,86,0,36,36,122
12/19/2007,ADQ,AK,AAL,WE,Federal Contract Tower,5,9,0,0,14,1,60,2,3,66,6,69,2,3,80,0,3,3,83
12/20/2007,ADQ,AK,AAL,WE,Federal Contract Tower,4,25,0,2,31,0,2,0,0,2,4,27,0,2,33,0,31,31,64
12/21/2007,ADQ,AK,AAL,WE,Federal Contract Tower,6,9,0,0,15,0,74,2,4,80,6,83,2,4,95,0,6,6,101
12/22/2007,ADQ,AK,AAL,WE,Federal Contract Tower,6,7,0,2,15,0,48,0,2,50,6,55,0,4,65,0,0,0,65
12/23/2007,ADQ,AK,AAL,WE,Federal Contract Tower,4,10,0,1,15,0,2,0,0,2,4,12,0,1,17,0,0,0,17
12/24/2007,ADQ,AK,AAL,WE,Federal Contract Tower,0,0,0,0,0,0,0,0,0,0,0,0,0,0,0,0,0,0,0
12/25/2007,ADQ,AK,AAL,WE,Federal Contract Tower,0,0,0,0,0,0,0,0,0,0,0,0,0,0,0,0,0,0,0
12/26/2007,ADQ,AK,AAL,WE,Federal Contract Tower,2,10,0,5,17,0,24,0,1,25,2,34,0,6,42,0,5,5,47
12/27/2007,ADQ,AK,AAL,WE,Federal Contract Tower,2,13,0,3,18,0,2,0,2,4,2,15,0,5,22,0,1,1,23
12/28/2007,ADQ,AK,AAL,WE,Federal Contract Tower,6,8,0,1,15,0,48,4,1,53,6,56,4,2,68,2,15,17,85
12/29/2007,ADQ,AK,AAL,WE,Federal Contract Tower,2,7,0,1,10,0,8,0,4,12,2,15,0,5,22,0,1,1,23
12/30/2007,ADQ,AK,AAL,WE,Federal Contract Tower,2,1,0,0,3,0,3,2,0,5,2,4,2,0,8,0,0,0,8
12/31/2007,ADQ,AK,AAL,WE,Federal Contract Tower,4,11,0,3,18,0,27,0,1,28,4,38,0,4,46,0,0,0,46
01/01/2008,ADQ,AK,AAL,WE,Federal Contract Tower,4,2,0,0,6,0,0,0,0,0,4,2,0,0,6,0,0,0,6
01/02/2008,ADQ,AK,AAL,WE,Federal Contract Tower,6,10,0,4,20,0,41,6,3,50,6,51,6,7,70,5,2,7,77
01/03/2008,ADQ,AK,AAL,WE,Federal Contract Tower,6,10,0,3,19,0,32,2,7,41,6,42,2,10,60,0,127,127,187
01/04/2008,ADQ,AK,AAL,WE,Federal Contract Tower,2,15,0,4,21,0,12,0,1,13,2,27,0,5,34,4,75,79,113
01/05/2008,ADQ,AK,AAL,WE,Federal Contract Tower,6,7,0,1,14,0,17,0,1,18,6,24,0,2,32,0,55,55,87
01/06/2008,ADQ,AK,AAL,WE,Federal Contract Tower,3,6,0,1,10,1,13,0,3,17,4,19,0,4,27,0,17,17,44
01/07/2008,ADQ,AK,AAL,WE,Federal Contract Tower,6,12,0,2,20,0,24,0,1,25,6,36,0,3,45,0,187,187,232
01/08/2008,ADQ,AK,AAL,WE,Federal Contract Tower,6,8,0,0,14,0,44,2,1,47,6,52,2,1,61,2,0,2,63
01/09/2008,ADQ,AK,AAL,WE,Federal Contract Tower,4,5,2,2,13,0,30,2,3,35,4,35,4,5,48,0,137,137,185
01/10/2008,ADQ,AK,AAL,WE,Federal Contract Tower,4,9,0,5,18,0,31,2,10,43,4,40,2,15,61,0,173,173,234
01/11/2008,ADQ,AK,AAL,WE,Federal Contract Tower,6,10,0,5,21,0,25,0,5,30,6,35,0,10,51,0,112,112,163
01/12/2008,ADQ,AK,AAL,WE,Federal Contract Tower,6,5,0,0,11,0,17,0,3,20,6,22,0,3,31,0,24,24,55
01/13/2008,ADQ,AK,AAL,WE,Federal Contract Tower,4,5,0,3,12,0,3,0,1,4,4,8,0,4,16,0,34,34,50
01/14/2008,ADQ,AK,AAL,WE,Federal Contract Tower,2,11,0,2,15,0,7,4,0,11,2,18,4,2,26,2,63,65,91
01/15/2008,ADQ,AK,AAL,WE,Federal Contract Tower,5,8,0,4,17,0,31,4,2,37,5,39,4,6,54,2,27,29,83
01/16/2008,ADQ,AK,AAL,WE,Federal Contract Tower,5,6,0,4,15,2,44,4,9,59,7,50,4,13,74,0,54,54,128
01/17/2008,ADQ,AK,AAL,WE,Federal Contract Tower,2,9,1,2,14,0,12,4,5,21,2,21,5,7,35,0,60,60,95
01/18/2008,ADQ,AK,AAL,WE,Federal Contract Tower,6,5,0,3,14,0,57,5,3,65,6,62,5,6,79,0,48,48,127
01/19/2008,ADQ,AK,AAL,WE,Federal Contract Tower,6,6,0,1,13,0,6,0,2,8,6,12,0,3,21,0,29,29,50
01/20/2008,ADQ,AK,AAL,WE,Federal Contract Tower,3,4,0,2,9,0,4,0,0,4,3,8,0,2,13,0,24,24,37
01/21/2008,ADQ,AK,AAL,WE,Federal Contract Tower,2,8,0,1,11,0,0,0,0,0,2,8,0,1,11,0,0,0,11
01/22/2008,ADQ,AK,AAL,WE,Federal Contract Tower,6,2,0,1,9,0,33,0,4,37,6,35,0,5,46,0,56,56,102
01/23/2008,ADQ,AK,AAL,WE,Federal Contract Tower,6,6,0,0,12,0,6,0,1,7,6,12,0,1,19,0,0,0,19
01/24/2008,ADQ,AK,AAL,WE,Federal Contract Tower,6,5,0,3,14,0,42,2,5,49,6,47,2,8,63,0,133,133,196
01/25/2008,ADQ,AK,AAL,WE,Federal Contract Tower,4,14,1,0,19,0,5,0,7,12,4,19,1,7,31,0,47,47,78
01/26/2008,ADQ,AK,AAL,WE,Federal Contract Tower,5,4,0,1,10,1,49,3,6,59,6,53,3,7,69,7,0,7,76
01/27/2008,ADQ,AK,AAL,WE,Federal Contract Tower,0,0,0,0,0,2,0,0,0,2,2,0,0,0,2,0,0,0,2
01/28/2008,ADQ,AK,AAL,WE,Federal Contract Tower,4,6,0,1,11,0,0,0,0,0,4,6,0,1,11,0,33,33,44
01/29/2008,ADQ,AK,AAL,WE,Federal Contract Tower,8,4,4,2,18,0,50,2,6,58,8,54,6,8,76,18,92,110,186
01/30/2008,ADQ,AK,AAL,WE,Federal Contract Tower,6,9,0,0,15,0,29,3,9,41,6,38,3,9,56,0,90,90,146
01/31/2008,ADQ,AK,AAL,WE,Federal Contract Tower,6,9,0,0,15,0,29,6,11,46,6,38,6,11,61,0,82,82,143
02/01/2008,ADQ,AK,AAL,WE,Federal Contract Tower,6,11,0,6,23,2,43,6,1,52,8,54,6,7,75,0,39,39,114
02/02/2008,ADQ,AK,AAL,WE,Federal Contract Tower,6,6,0,8,20,0,36,2,1,39,6,42,2,9,59,0,43,43,102
02/03/2008,ADQ,AK,AAL,WE,Federal Contract Tower,4,5,0,0,9,0,12,0,1,13,4,17,0,1,22,0,2,2,24
02/04/2008,ADQ,AK,AAL,WE,Federal Contract Tower,10,7,0,0,17,0,31,0,2,33,10,38,0,2,50,0,36,36,86
02/05/2008,ADQ,AK,AAL,WE,Federal Contract Tower,6,10,1,0,17,0,38,0,4,42,6,48,1,4,59,0,0,0,59
02/06/2008,ADQ,AK,AAL,WE,Federal Contract Tower,8,7,0,1,16,0,24,0,5,29,8,31,0,6,45,0,22,22,67
02/07/2008,ADQ,AK,AAL,WE,Federal Contract Tower,8,8,0,0,16,0,55,5,8,68,8,63,5,8,84,5,41,46,130
02/08/2008,ADQ,AK,AAL,WE,Federal Contract Tower,4,12,0,4,20,0,22,2,2,26,4,34,2,6,46,4,10,14,60
02/09/2008,ADQ,AK,AAL,WE,Federal Contract Tower,2,0,0,1,3,0,0,0,0,0,2,0,0,1,3,0,2,2,5
02/10/2008,ADQ,AK,AAL,WE,Federal Contract Tower,6,5,0,1,12,0,37,0,4,41,6,42,0,5,53,0,20,20,73
02/11/2008,ADQ,AK,AAL,WE,Federal Contract Tower,6,10,0,4,20,0,6,0,2,8,6,16,0,6,28,0,61,61,89
02/12/2008,ADQ,AK,AAL,WE,Federal Contract Tower,6,6,0,2,14,0,60,6,5,71,6,66,6,7,85,0,41,41,126
02/13/2008,ADQ,AK,AAL,WE,Federal Contract Tower,2,22,0,4,28,0,0,0,0,0,2,22,0,4,28,0,37,37,65
02/14/2008,ADQ,AK,AAL,WE,Federal Contract Tower,6,14,0,3,23,0,10,0,5,15,6,24,0,8,38,0,53,53,91
02/15/2008,ADQ,AK,AAL,WE,Federal Contract Tower,7,11,0,1,19,1,47,2,2,52,8,58,2,3,71,0,3,3,74
02/16/2008,ADQ,AK,AAL,WE,Federal Contract Tower,2,4,0,0,6,0,14,0,0,14,2,18,0,0,20,0,0,0,20
02/17/2008,ADQ,AK,AAL,WE,Federal Contract Tower,4,8,0,3,15,0,2,0,0,2,4,10,0,3,17,0,30,30,47
02/18/2008,ADQ,AK,AAL,WE,Federal Contract Tower,3,11,0,4,18,0,10,0,0,10,3,21,0,4,28,0,28,28,56
02/19/2008,ADQ,AK,AAL,WE,Federal Contract Tower,3,7,0,10,20,1,2,0,3,6,4,9,0,13,26,0,11,11,37
02/20/2008,ADQ,AK,AAL,WE,Federal Contract Tower,5,25,0,4,34,0,0,0,0,0,5,25,0,4,34,0,30,30,64
02/21/2008,ADQ,AK,AAL,WE,Federal Contract Tower,8,23,0,5,36,0,25,0,4,29,8,48,0,9,65,0,24,24,89
02/22/2008,ADQ,AK,AAL,WE,Federal Contract Tower,5,12,0,1,18,0,38,0,5,43,5,50,0,6,61,10,3,13,74
02/23/2008,ADQ,AK,AAL,WE,Federal Contract Tower,6,8,0,2,16,0,32,2,2,36,6,40,2,4,52,0,0,0,52
02/24/2008,ADQ,AK,AAL,WE,Federal Contract Tower,4,5,0,0,9,0,14,2,2,18,4,19,2,2,27,0,5,5,32
02/25/2008,ADQ,AK,AAL,WE,Federal Contract Tower,4,8,0,3,15,0,44,4,3,51,4,52,4,6,66,8,50,58,124
02/26/2008,ADQ,AK,AAL,WE,Federal Contract Tower,5,11,0,5,21,0,3,0,5,8,5,14,0,10,29,0,2,2,31
02/27/2008,ADQ,AK,AAL,WE,Federal Contract Tower,6,15,0,11,32,0,21,0,2,23,6,36,0,13,55,0,74,74,129
02/28/2008,ADQ,AK,AAL,WE,Federal Contract Tower,4,22,0,0,26,0,21,0,1,22,4,43,0,1,48,0,18,18,66
02/29/2008,ADQ,AK,AAL,WE,Federal Contract Tower,6,9,0,3,18,0,55,11,4,70,6,64,11,7,88,10,34,44,132
03/01/2008,ADQ,AK,AAL,WE,Federal Contract Tower,4,5,1,4,14,0,12,3,1,16,4,17,4,5,30,0,6,6,36
03/02/2008,ADQ,AK,AAL,WE,Federal Contract Tower,4,8,0,2,14,0,5,2,1,8,4,13,2,3,22,0,0,0,22
03/03/2008,ADQ,AK,AAL,WE,Federal Contract Tower,6,22,4,4,36,0,27,6,1,34,6,49,10,5,70,0,108,108,178
03/04/2008,ADQ,AK,AAL,WE,Federal Contract Tower,6,13,0,7,26,0,7,2,0,9,6,20,2,7,35,0,4,4,39
03/05/2008,ADQ,AK,AAL,WE,Federal Contract Tower,5,12,0,5,22,1,25,2,9,37,6,37,2,14,59,0,36,36,95
03/06/2008,ADQ,AK,AAL,WE,Federal Contract Tower,6,10,0,9,25,0,26,2,10,38,6,36,2,19,63,3,141,144,207
03/07/2008,ADQ,AK,AAL,WE,Federal Contract Tower,6,12,4,2,24,0,17,1,7,25,6,29,5,9,49,11,26,37,86
03/08/2008,ADQ,AK,AAL,WE,Federal Contract Tower,4,4,0,12,20,0,4,0,7,11,4,8,0,19,31,0,3,3,34
03/09/2008,ADQ,AK,AAL,WE,Federal Contract Tower,4,6,0,3,13,0,51,0,13,64,4,57,0,16,77,24,0,24,101
03/10/2008,ADQ,AK,AAL,WE,Federal Contract Tower,4,21,2,8,35,0,17,2,0,19,4,38,4,8,54,0,31,31,85
03/11/2008,ADQ,AK,AAL,WE,Federal Contract Tower,6,7,0,5,18,0,51,2,2,55,6,58,2,7,73,0,0,0,73
03/12/2008,ADQ,AK,AAL,WE,Federal Contract Tower,6,9,0,3,18,0,29,2,7,38,6,38,2,10,56,0,19,19,75
03/13/2008,ADQ,AK,AAL,WE,Federal Contract Tower,8,9,0,2,19,0,33,1,11,45,8,42,1,13,64,0,21,21,85
03/14/2008,ADQ,AK,AAL,WE,Federal Contract Tower,5,11,1,2,19,1,41,9,5,56,6,52,10,7,75,0,44,44,119
03/15/2008,ADQ,AK,AAL,WE,Federal Contract Tower,8,4,1,1,14,2,14,3,1,20,10,18,4,2,34,0,39,39,73
03/16/2008,ADQ,AK,AAL,WE,Federal Contract Tower,4,4,0,0,8,0,0,0,2,2,4,4,0,2,10,0,0,0,10
03/17/2008,ADQ,AK,AAL,WE,Federal Contract Tower,4,5,0,4,13,0,45,2,3,50,4,50,2,7,63,12,38,50,113
03/18/2008,ADQ,AK,AAL,WE,Federal Contract Tower,5,7,0,1,13,1,25,2,1,29,6,32,2,2,42,0,4,4,46
03/19/2008,ADQ,AK,AAL,WE,Federal Contract Tower,4,10,0,2,16,0,33,0,7,40,4,43,0,9,56,0,59,59,115
03/20/2008,ADQ,AK,AAL,WE,Federal Contract Tower,6,11,0,5,22,0,4,2,1,7,6,15,2,6,29,0,26,26,55
03/21/2008,ADQ,AK,AAL,WE,Federal Contract Tower,4,12,0,4,20,0,30,0,7,37,4,42,0,11,57,0,0,0,57
03/22/2008,ADQ,AK,AAL,WE,Federal Contract Tower,4,8,0,1,13,0,0,0,1,1,4,8,0,2,14,0,0,0,14
03/23/2008,ADQ,AK,AAL,WE,Federal Contract Tower,4,6,0,2,12,0,3,0,1,4,4,9,0,3,16,0,0,0,16
03/24/2008,ADQ,AK,AAL,WE,Federal Contract Tower,4,10,0,4,18,0,40,0,2,42,4,50,0,6,60,0,0,0,60
03/25/2008,ADQ,AK,AAL,WE,Federal Contract Tower,7,14,0,3,24,1,37,2,1,41,8,51,2,4,65,0,9,9,74
03/26/2008,ADQ,AK,AAL,WE,Federal Contract Tower,6,13,2,5,26,0,32,0,7,39,6,45,2,12,65,0,14,14,79
03/27/2008,ADQ,AK,AAL,WE,Federal Contract Tower,4,8,1,5,18,0,41,3,3,47,4,49,4,8,65,0,19,19,84
03/28/2008,ADQ,AK,AAL,WE,Federal Contract Tower,6,10,0,1,17,0,53,3,4,60,6,63,3,5,77,11,0,11,88
03/29/2008,ADQ,AK,AAL,WE,Federal Contract Tower,6,5,0,2,13,0,19,4,3,26,6,24,4,5,39,0,2,2,41
03/30/2008,ADQ,AK,AAL,WE,Federal Contract Tower,4,4,0,3,11,0,4,0,1,5,4,8,0,4,16,0,30,30,46
03/31/2008,ADQ,AK,AAL,WE,Federal Contract Tower,4,11,0,4,19,0,26,5,1,32,4,37,5,5,51,0,17,17,68
04/01/2008,ADQ,AK,AAL,WE,Federal Contract Tower,4,28,1,3,36,0,5,1,2,8,4,33,2,5,44,0,0,0,44
04/02/2008,ADQ,AK,AAL,WE,Federal Contract Tower,5,7,0,5,17,1,49,7,6,63,6,56,7,11,80,10,44,54,134
04/03/2008,ADQ,AK,AAL,WE,Federal Contract Tower,4,9,0,3,16,0,37,0,5,42,4,46,0,8,58,0,64,64,122
04/04/2008,ADQ,AK,AAL,WE,Federal Contract Tower,4,38,0,13,55,0,12,0,0,12,4,50,0,13,67,0,4,4,71
04/05/2008,ADQ,AK,AAL,WE,Federal Contract Tower,6,5,0,0,11,0,1,0,3,4,6,6,0,3,15,0,5,5,20
04/06/2008,ADQ,AK,AAL,WE,Federal Contract Tower,4,4,0,1,9,0,29,3,2,34,4,33,3,3,43,0,24,24,67
04/07/2008,ADQ,AK,AAL,WE,Federal Contract Tower,4,7,0,0,11,0,66,8,5,79,4,73,8,5,90,6,38,44,134
04/08/2008,ADQ,AK,AAL,WE,Federal Contract Tower,6,5,0,2,13,0,48,3,6,57,6,53,3,8,70,5,57,62,132
04/09/2008,ADQ,AK,AAL,WE,Federal Contract Tower,4,7,2,1,14,0,35,5,9,49,4,42,7,10,63,2,20,22,85
04/10/2008,ADQ,AK,AAL,WE,Federal Contract Tower,6,11,1,2,20,0,40,5,7,52,6,51,6,9,72,0,57,57,129
04/11/2008,ADQ,AK,AAL,WE,Federal Contract Tower,6,6,0,0,12,0,52,5,7,64,6,58,5,7,76,2,32,34,110
04/12/2008,ADQ,AK,AAL,WE,Federal Contract Tower,4,4,0,0,8,0,28,2,1,31,4,32,2,1,39,2,24,26,65
04/13/2008,ADQ,AK,AAL,WE,Federal Contract Tower,4,8,0,0,12,0,36,4,1,41,4,44,4,1,53,0,42,42,95
04/14/2008,ADQ,AK,AAL,WE,Federal Contract Tower,4,8,0,0,12,0,31,2,6,39,4,39,2,6,51,0,47,47,98
04/15/2008,ADQ,AK,AAL,WE,Federal Contract Tower,6,11,2,4,23,0,32,2,4,38,6,43,4,8,61,2,27,29,90
04/16/2008,ADQ,AK,AAL,WE,Federal Contract Tower,2,8,0,0,10,0,2,2,3,7,2,10,2,3,17,0,18,18,35
04/17/2008,ADQ,AK,AAL,WE,Federal Contract Tower,6,8,0,1,15,0,36,7,4,47,6,44,7,5,62,0,98,98,160
04/18/2008,ADQ,AK,AAL,WE,Federal Contract Tower,4,10,0,0,14,0,65,13,0,78,4,75,13,0,92,2,0,2,94
04/19/2008,ADQ,AK,AAL,WE,Federal Contract Tower,6,9,2,2,19,0,33,7,2,42,6,42,9,4,61,12,66,78,139
04/20/2008,ADQ,AK,AAL,WE,Federal Contract Tower,4,10,0,0,14,0,6,4,1,11,4,16,4,1,25,0,7,7,32
04/21/2008,ADQ,AK,AAL,WE,Federal Contract Tower,4,8,0,1,13,0,31,7,4,42,4,39,7,5,55,0,24,24,79
04/22/2008,ADQ,AK,AAL,WE,Federal Contract Tower,4,9,0,0,13,0,29,2,9,40,4,38,2,9,53,27,48,75,128
04/23/2008,ADQ,AK,AAL,WE,Federal Contract Tower,6,6,0,0,12,0,58,13,6,77,6,64,13,6,89,0,58,58,147
04/24/2008,ADQ,AK,AAL,WE,Federal Contract Tower,3,9,0,0,12,1,37,10,10,58,4,46,10,10,70,5,38,43,113
04/25/2008,ADQ,AK,AAL,WE,Federal Contract Tower,4,9,0,5,18,0,36,3,2,41,4,45,3,7,59,2,2,4,63
04/26/2008,ADQ,AK,AAL,WE,Federal Contract Tower,0,0,0,0,0,0,0,0,1,1,0,0,0,1,1,0,0,0,1
04/27/2008,ADQ,AK,AAL,WE,Federal Contract Tower,4,6,0,3,13,0,0,3,0,3,4,6,3,3,16,0,0,0,16
04/28/2008,ADQ,AK,AAL,WE,Federal Contract Tower,4,8,1,1,14,0,58,3,4,65,4,66,4,5,79,11,67,78,157
04/29/2008,ADQ,AK,AAL,WE,Federal Contract Tower,6,10,2,0,18,0,28,6,3,37,6,38,8,3,55,0,42,42,97
04/30/2008,ADQ,AK,AAL,WE,Federal Contract Tower,4,12,0,8,24,0,55,5,5,65,4,67,5,13,89,0,50,50,139
05/01/2008,ADQ,AK,AAL,WE,Federal Contract Tower,4,12,0,7,23,0,26,0,1,27,4,38,0,8,50,0,7,7,57
05/02/2008,ADQ,AK,AAL,WE,Federal Contract Tower,4,18,0,4,26,0,28,0,2,30,4,46,0,6,56,0,6,6,62
05/03/2008,ADQ,AK,AAL,WE,Federal Contract Tower,6,8,0,2,16,0,22,6,1,29,6,30,6,3,45,20,34,54,99
05/04/2008,ADQ,AK,AAL,WE,Federal Contract Tower,4,10,0,4,18,0,10,0,0,10,4,20,0,4,28,0,38,38,66
05/05/2008,ADQ,AK,AAL,WE,Federal Contract Tower,4,9,4,4,21,0,56,2,1,59,4,65,6,5,80,0,15,15,95
05/06/2008,ADQ,AK,AAL,WE,Federal Contract Tower,4,14,0,2,20,0,42,3,3,48,4,56,3,5,68,0,2,2,70
05/07/2008,ADQ,AK,AAL,WE,Federal Contract Tower,5,18,0,4,27,1,0,0,1,2,6,18,0,5,29,0,0,0,29
05/08/2008,ADQ,AK,AAL,WE,Federal Contract Tower,2,4,0,4,10,0,0,0,0,0,2,4,0,4,10,0,1,1,11
05/09/2008,ADQ,AK,AAL,WE,Federal Contract Tower,5,39,6,6,56,1,37,0,5,43,6,76,6,11,99,2,3,5,104
05/10/2008,ADQ,AK,AAL,WE,Federal Contract Tower,7,6,1,2,16,1,77,8,4,90,8,83,9,6,106,6,0,6,112
05/11/2008,ADQ,AK,AAL,WE,Federal Contract Tower,4,5,0,2,11,0,0,0,2,2,4,5,0,4,13,0,0,0,13
05/12/2008,ADQ,AK,AAL,WE,Federal Contract Tower,4,10,2,1,17,0,56,2,2,60,4,66,4,3,77,0,78,78,155
05/13/2008,ADQ,AK,AAL,WE,Federal Contract Tower,6,11,0,0,17,0,50,3,1,54,6,61,3,1,71,0,0,0,71
05/14/2008,ADQ,AK,AAL,WE,Federal Contract Tower,4,12,0,4,20,0,0,0,5,5,4,12,0,9,25,0,20,20,45
05/15/2008,ADQ,AK,AAL,WE,Federal Contract Tower,6,8,0,6,20,0,82,3,3,88,6,90,3,9,108,16,21,37,145
05/16/2008,ADQ,AK,AAL,WE,Federal Contract Tower,4,8,0,3,15,0,65,5,6,76,4,73,5,9,91,0,3,3,94
05/17/2008,ADQ,AK,AAL,WE,Federal Contract Tower,6,5,0,1,12,0,44,9,3,56,6,49,9,4,68,6,0,6,74
05/18/2008,ADQ,AK,AAL,WE,Federal Contract Tower,4,7,1,1,13,0,27,6,1,34,4,34,7,2,47,0,25,25,72
05/19/2008,ADQ,AK,AAL,WE,Federal Contract Tower,6,7,0,3,16,0,55,3,5,63,6,62,3,8,79,0,89,89,168
05/20/2008,ADQ,AK,AAL,WE,Federal Contract Tower,6,8,0,2,16,0,63,4,6,73,6,71,4,8,89,10,71,81,170
05/21/2008,ADQ,AK,AAL,WE,Federal Contract Tower,4,10,0,3,17,0,58,2,5,65,4,68,2,8,82,2,101,103,185
05/22/2008,ADQ,AK,AAL,WE,Federal Contract Tower,6,9,0,2,17,0,74,7,5,86,6,83,7,7,103,2,100,102,205
05/23/2008,ADQ,AK,AAL,WE,Federal Contract Tower,4,20,0,4,28,0,44,4,1,49,4,64,4,5,77,0,64,64,141
05/24/2008,ADQ,AK,AAL,WE,Federal Contract Tower,6,4,0,0,10,0,61,5,1,67,6,65,5,1,77,2,9,11,88
05/25/2008,ADQ,AK,AAL,WE,Federal Contract Tower,4,5,0,0,9,0,36,4,2,42,4,41,4,2,51,0,34,34,85
05/26/2008,ADQ,AK,AAL,WE,Federal Contract Tower,4,8,0,0,12,0,57,6,0,63,4,65,6,0,75,2,0,2,77
05/27/2008,ADQ,AK,AAL,WE,Federal Contract Tower,4,7,0,1,12,0,47,13,6,66,4,54,13,7,78,0,49,49,127
05/28/2008,ADQ,AK,AAL,WE,Federal Contract Tower,4,6,0,1,11,0,70,7,2,79,4,76,7,3,90,2,94,96,186
05/29/2008,ADQ,AK,AAL,WE,Federal Contract Tower,6,6,0,1,13,0,63,3,5,71,6,69,3,6,84,0,77,77,161
05/30/2008,ADQ,AK,AAL,WE,Federal Contract Tower,4,12,0,2,18,0,65,0,5,70,4,77,0,7,88,1,23,24,112
05/31/2008,ADQ,AK,AAL,WE,Federal Contract Tower,4,9,0,2,15,0,0,0,0,0,4,9,0,2,15,0,0,0,15
06/01/2008,ADQ,AK,AAL,WE,Federal Contract Tower,5,2,0,1,8,3,0,0,0,3,8,2,0,1,11,0,0,0,11
06/02/2008,ADQ,AK,AAL,WE,Federal Contract Tower,4,55,3,5,67,0,6,0,1,7,4,61,3,6,74,2,0,2,76
06/03/2008,ADQ,AK,AAL,WE,Federal Contract Tower,4,47,0,0,51,0,22,0,4,26,4,69,0,4,77,0,0,0,77
06/04/2008,ADQ,AK,AAL,WE,Federal Contract Tower,5,14,4,8,31,1,65,0,4,70,6,79,4,12,101,2,16,18,119
06/05/2008,ADQ,AK,AAL,WE,Federal Contract Tower,6,11,0,4,21,0,54,1,4,59,6,65,1,8,80,0,2,2,82
06/06/2008,ADQ,AK,AAL,WE,Federal Contract Tower,4,13,1,6,24,0,49,0,6,55,4,62,1,12,79,0,0,0,79
06/07/2008,ADQ,AK,AAL,WE,Federal Contract Tower,6,5,0,0,11,0,61,6,3,70,6,66,6,3,81,3,4,7,88
06/08/2008,ADQ,AK,AAL,WE,Federal Contract Tower,4,6,0,1,11,0,28,1,4,33,4,34,1,5,44,16,15,31,75
06/09/2008,ADQ,AK,AAL,WE,Federal Contract Tower,6,10,0,1,17,0,55,4,8,67,6,65,4,9,84,2,52,54,138
06/10/2008,ADQ,AK,AAL,WE,Federal Contract Tower,5,13,1,4,23,0,50,1,5,56,5,63,2,9,79,0,24,24,103
06/11/2008,ADQ,AK,AAL,WE,Federal Contract Tower,6,39,0,7,52,0,28,0,2,30,6,67,0,9,82,0,0,0,82
06/12/2008,ADQ,AK,AAL,WE,Federal Contract Tower,8,12,0,4,24,0,50,3,3,56,8,62,3,7,80,0,25,25,105
06/13/2008,ADQ,AK,AAL,WE,Federal Contract Tower,3,14,0,3,20,0,60,2,6,68,3,74,2,9,88,0,4,4,92
06/14/2008,ADQ,AK,AAL,WE,Federal Contract Tower,6,8,0,1,15,0,55,5,4,64,6,63,5,5,79,0,12,12,91
06/15/2008,ADQ,AK,AAL,WE,Federal Contract Tower,6,5,0,1,12,0,42,6,4,52,6,47,6,5,64,0,0,0,64
06/16/2008,ADQ,AK,AAL,WE,Federal Contract Tower,4,26,0,3,33,0,39,3,4,46,4,65,3,7,79,2,25,27,106
06/17/2008,ADQ,AK,AAL,WE,Federal Contract Tower,4,34,0,8,46,1,24,4,3,32,5,58,4,11,78,1,8,9,87
06/18/2008,ADQ,AK,AAL,WE,Federal Contract Tower,4,12,0,3,19,1,61,12,10,84,5,73,12,13,103,4,0,4,107
06/19/2008,ADQ,AK,AAL,WE,Federal Contract Tower,8,14,0,5,27,0,57,4,7,68,8,71,4,12,95,0,0,0,95
06/20/2008,ADQ,AK,AAL,WE,Federal Contract Tower,5,14,0,8,27,0,50,2,9,61,5,64,2,17,88,0,3,3,91
06/21/2008,ADQ,AK,AAL,WE,Federal Contract Tower,6,8,0,4,18,0,48,8,5,61,6,56,8,9,79,0,7,7,86
06/22/2008,ADQ,AK,AAL,WE,Federal Contract Tower,3,10,0,2,15,0,28,2,2,32,3,38,2,4,47,0,9,9,56
06/23/2008,ADQ,AK,AAL,WE,Federal Contract Tower,3,10,0,0,13,0,74,4,6,84,3,84,4,6,97,9,46,55,152
06/24/2008,ADQ,AK,AAL,WE,Federal Contract Tower,4,18,0,5,27,0,0,0,0,0,4,18,0,5,27,0,0,0,27
06/25/2008,ADQ,AK,AAL,WE,Federal Contract Tower,4,16,0,4,24,0,0,0,0,0,4,16,0,4,24,0,0,0,24
06/26/2008,ADQ,AK,AAL,WE,Federal Contract Tower,0,27,0,5,32,0,0,0,1,1,0,27,0,6,33,0,0,0,33
06/27/2008,ADQ,AK,AAL,WE,Federal Contract Tower,8,10,3,3,24,0,100,10,5,115,8,110,13,8,139,4,30,34,173
06/28/2008,ADQ,AK,AAL,WE,Federal Contract Tower,4,7,0,1,12,0,66,10,4,80,4,73,10,5,92,0,0,0,92
06/29/2008,ADQ,AK,AAL,WE,Federal Contract Tower,3,5,0,2,10,0,42,4,6,52,3,47,4,8,62,0,2,2,64
06/30/2008,ADQ,AK,AAL,WE,Federal Contract Tower,3,12,0,1,16,0,61,5,6,72,3,73,5,7,88,0,52,52,140
07/01/2008,ADQ,AK,AAL,WE,Federal Contract Tower,6,7,0,1,14,0,82,10,5,97,6,89,10,6,111,0,0,0,111
07/02/2008,ADQ,AK,AAL,WE,Federal Contract Tower,3,18,0,9,30,0,42,0,7,49,3,60,0,16,79,2,7,9,88
07/03/2008,ADQ,AK,AAL,WE,Federal Contract Tower,3,1,0,0,4,0,0,0,0,0,3,1,0,0,4,0,0,0,4
07/04/2008,ADQ,AK,AAL,WE,Federal Contract Tower,4,30,0,1,35,0,0,0,0,0,4,30,0,1,35,0,0,0,35
07/05/2008,ADQ,AK,AAL,WE,Federal Contract Tower,3,17,0,0,20,0,0,0,0,0,3,17,0,0,20,0,0,0,20
07/06/2008,ADQ,AK,AAL,WE,Federal Contract Tower,5,14,1,0,20,0,0,0,0,0,5,14,1,0,20,0,0,0,20
07/07/2008,ADQ,AK,AAL,WE,Federal Contract Tower,5,9,2,4,20,1,91,2,7,101,6,100,4,11,121,0,15,15,136
07/08/2008,ADQ,AK,AAL,WE,Federal Contract Tower,3,10,0,2,15,0,69,3,10,82,3,79,3,12,97,2,54,56,153
07/09/2008,ADQ,AK,AAL,WE,Federal Contract Tower,3,6,1,4,14,0,54,2,6,62,3,60,3,10,76,0,51,51,127
07/10/2008,ADQ,AK,AAL,WE,Federal Contract Tower,5,10,1,2,18,1,63,1,7,72,6,73,2,9,90,0,93,93,183
07/11/2008,ADQ,AK,AAL,WE,Federal Contract Tower,3,9,2,3,17,0,57,2,4,63,3,66,4,7,80,4,2,6,86
07/12/2008,ADQ,AK,AAL,WE,Federal Contract Tower,6,7,1,2,16,0,49,2,1,52,6,56,3,3,68,0,50,50,118
07/13/2008,ADQ,AK,AAL,WE,Federal Contract Tower,4,8,1,4,17,0,34,2,1,37,4,42,3,5,54,14,25,39,93
07/14/2008,ADQ,AK,AAL,WE,Federal Contract Tower,3,10,1,3,17,0,57,1,3,61,3,67,2,6,78,0,42,42,120
07/15/2008,ADQ,AK,AAL,WE,Federal Contract Tower,5,11,0,1,17,0,62,0,7,69,5,73,0,8,86,0,0,0,86
07/16/2008,ADQ,AK,AAL,WE,Federal Contract Tower,4,15,0,6,25,0,43,2,5,50,4,58,2,11,75,0,26,26,101
07/17/2008,ADQ,AK,AAL,WE,Federal Contract Tower,5,12,0,3,20,1,70,4,6,81,6,82,4,9,101,8,86,94,195
07/18/2008,ADQ,AK,AAL,WE,Federal Contract Tower,2,7,2,1,12,1,62,0,3,66,3,69,2,4,78,2,10,12,90
07/19/2008,ADQ,AK,AAL,WE,Federal Contract Tower,6,7,0,1,14,0,53,3,1,57,6,60,3,2,71,2,16,18,89
07/20/2008,ADQ,AK,AAL,WE,Federal Contract Tower,3,6,0,0,9,3,39,8,0,50,6,45,8,0,59,2,27,29,88
07/21/2008,ADQ,AK,AAL,WE,Federal Contract Tower,3,15,2,3,23,1,60,3,3,67,4,75,5,6,90,0,35,35,125
07/22/2008,ADQ,AK,AAL,WE,Federal Contract Tower,4,13,0,9,26,0,51,2,4,57,4,64,2,13,83,0,33,33,116
07/23/2008,ADQ,AK,AAL,WE,Federal Contract Tower,4,13,1,6,24,0,65,3,7,75,4,78,4,13,99,0,16,16,115
07/24/2008,ADQ,AK,AAL,WE,Federal Contract Tower,6,16,1,4,27,0,41,3,6,50,6,57,4,10,77,0,27,27,104
07/25/2008,ADQ,AK,AAL,WE,Federal Contract Tower,3,15,0,3,21,1,59,2,6,68,4,74,2,9,89,0,0,0,89
07/26/2008,ADQ,AK,AAL,WE,Federal Contract Tower,4,15,0,0,19,0,39,5,1,45,4,54,5,1,64,0,0,0,64
07/27/2008,ADQ,AK,AAL,WE,Federal Contract Tower,3,14,0,2,19,0,11,0,3,14,3,25,0,5,33,0,2,2,35
07/28/2008,ADQ,AK,AAL,WE,Federal Contract Tower,3,9,1,3,16,0,68,4,5,77,3,77,5,8,93,0,40,40,133
07/29/2008,ADQ,AK,AAL,WE,Federal Contract Tower,3,12,0,1,16,0,41,1,5,47,3,53,1,6,63,4,35,39,102
07/30/2008,ADQ,AK,AAL,WE,Federal Contract Tower,3,10,0,1,14,0,57,3,14,74,3,67,3,15,88,2,33,35,123
07/31/2008,ADQ,AK,AAL,WE,Federal Contract Tower,5,10,0,1,16,0,51,1,8,60,5,61,1,9,76,6,58,64,140
08/01/2008,ADQ,AK,AAL,WE,Federal Contract Tower,2,41,0,7,50,0,1,0,0,1,2,42,0,7,51,0,0,0,51
08/02/2008,ADQ,AK,AAL,WE,Federal Contract Tower,6,12,0,1,19,0,57,4,1,62,6,69,4,2,81,0,0,0,81
08/03/2008,ADQ,AK,AAL,WE,Federal Contract Tower,3,10,4,0,17,0,22,2,2,26,3,32,6,2,43,0,5,5,48
08/04/2008,ADQ,AK,AAL,WE,Federal Contract Tower,4,4,0,1,9,0,0,0,0,0,4,4,0,1,9,0,0,0,9
08/05/2008,ADQ,AK,AAL,WE,Federal Contract Tower,4,14,1,1,20,0,63,1,8,72,4,77,2,9,92,0,0,0,92
08/06/2008,ADQ,AK,AAL,WE,Federal Contract Tower,4,11,1,2,18,0,47,7,1,55,4,58,8,3,73,0,0,0,73
08/07/2008,ADQ,AK,AAL,WE,Federal Contract Tower,4,10,1,0,15,0,95,6,6,107,4,105,7,6,122,0,0,0,122
08/08/2008,ADQ,AK,AAL,WE,Federal Contract Tower,3,11,0,2,16,0,74,4,4,82,3,85,4,6,98,2,0,2,100
08/09/2008,ADQ,AK,AAL,WE,Federal Contract Tower,6,9,0,1,16,0,57,7,7,71,6,66,7,8,87,0,0,0,87
08/10/2008,ADQ,AK,AAL,WE,Federal Contract Tower,4,8,1,1,14,0,19,10,3,32,4,27,11,4,46,11,13,24,70
08/11/2008,ADQ,AK,AAL,WE,Federal Contract Tower,4,11,1,3,19,0,83,7,4,94,4,94,8,7,113,0,0,0,113
08/12/2008,ADQ,AK,AAL,WE,Federal Contract Tower,3,21,1,10,35,0,15,1,2,18,3,36,2,12,53,0,8,8,61
08/13/2008,ADQ,AK,AAL,WE,Federal Contract Tower,4,19,0,9,32,0,31,1,5,37,4,50,1,14,69,0,0,0,69
08/14/2008,ADQ,AK,AAL,WE,Federal Contract Tower,6,19,2,5,32,0,28,1,5,34,6,47,3,10,66,0,0,0,66
08/15/2008,ADQ,AK,AAL,WE,Federal Contract Tower,4,25,2,2,33,0,48,0,9,57,4,73,2,11,90,0,0,0,90
08/16/2008,ADQ,AK,AAL,WE,Federal Contract Tower,6,15,2,1,24,0,46,3,2,51,6,61,5,3,75,0,32,32,107
08/17/2008,ADQ,AK,AAL,WE,Federal Contract Tower,4,7,1,1,13,0,37,7,3,47,4,44,8,4,60,0,24,24,84
08/18/2008,ADQ,AK,AAL,WE,Federal Contract Tower,4,14,1,12,31,0,0,0,2,2,4,14,1,14,33,0,24,24,57
08/19/2008,ADQ,AK,AAL,WE,Federal Contract Tower,3,12,0,1,16,0,51,5,8,64,3,63,5,9,80,0,57,57,137
08/20/2008,ADQ,AK,AAL,WE,Federal Contract Tower,3,9,1,1,14,0,56,10,14,80,3,65,11,15,94,0,10,10,104
08/21/2008,ADQ,AK,AAL,WE,Federal Contract Tower,5,10,3,2,20,0,68,10,8,86,5,78,13,10,106,0,31,31,137
08/22/2008,ADQ,AK,AAL,WE,Federal Contract Tower,3,16,2,6,27,0,53,2,13,68,3,69,4,19,95,0,28,28,123
08/23/2008,ADQ,AK,AAL,WE,Federal Contract Tower,5,6,0,2,13,0,59,0,1,60,5,65,0,3,73,0,2,2,75
08/24/2008,ADQ,AK,AAL,WE,Federal Contract Tower,3,6,2,0,11,0,47,6,2,55,3,53,8,2,66,2,31,33,99
08/25/2008,ADQ,AK,AAL,WE,Federal Contract Tower,3,20,2,3,28,0,41,3,3,47,3,61,5,6,75,0,0,0,75
08/26/2008,ADQ,AK,AAL,WE,Federal Contract Tower,6,9,1,1,17,0,68,1,5,74,6,77,2,6,91,0,6,6,97
08/27/2008,ADQ,AK,AAL,WE,Federal Contract Tower,4,8,1,0,13,0,65,2,7,74,4,73,3,7,87,0,25,25,112
08/28/2008,ADQ,AK,AAL,WE,Federal Contract Tower,5,9,1,0,15,0,62,2,15,79,5,71,3,15,94,9,62,71,165
08/29/2008,ADQ,AK,AAL,WE,Federal Contract Tower,3,12,1,3,19,0,85,5,12,102,3,97,6,15,121,0,15,15,136
08/30/2008,ADQ,AK,AAL,WE,Federal Contract Tower,6,8,1,1,16,0,85,2,5,92,6,93,3,6,108,0,0,0,108
08/31/2008,ADQ,AK,AAL,WE,Federal Contract Tower,4,7,0,1,12,0,0,0,0,0,4,7,0,1,12,0,0,0,12
09/01/2008,ADQ,AK,AAL,WE,Federal Contract Tower,3,13,0,0,16,1,33,0,0,34,4,46,0,0,50,0,0,0,50
09/02/2008,ADQ,AK,AAL,WE,Federal Contract Tower,2,28,0,12,42,0,11,0,0,11,2,39,0,12,53,0,40,40,93
09/03/2008,ADQ,AK,AAL,WE,Federal Contract Tower,5,7,1,4,17,1,81,4,7,93,6,88,5,11,110,0,29,29,139
09/04/2008,ADQ,AK,AAL,WE,Federal Contract Tower,4,9,0,1,14,0,63,2,2,67,4,72,2,3,81,0,46,46,127
09/05/2008,ADQ,AK,AAL,WE,Federal Contract Tower,3,19,0,5,27,0,62,0,8,70,3,81,0,13,97,0,0,0,97
09/06/2008,ADQ,AK,AAL,WE,Federal Contract Tower,6,11,0,2,19,0,0,0,0,0,6,11,0,2,19,0,0,0,19
09/07/2008,ADQ,AK,AAL,WE,Federal Contract Tower,4,18,0,4,26,0,58,0,2,60,4,76,0,6,86,2,28,30,116
09/08/2008,ADQ,AK,AAL,WE,Federal Contract Tower,3,17,0,8,28,0,49,0,5,54,3,66,0,13,82,0,20,20,102
09/09/2008,ADQ,AK,AAL,WE,Federal Contract Tower,4,9,0,3,16,0,75,4,6,85,4,84,4,9,101,4,5,9,110
09/10/2008,ADQ,AK,AAL,WE,Federal Contract Tower,4,11,0,3,18,1,66,4,16,87,5,77,4,19,105,0,5,5,110
09/11/2008,ADQ,AK,AAL,WE,Federal Contract Tower,3,12,0,3,18,0,80,6,11,97,3,92,6,14,115,0,20,20,135
09/12/2008,ADQ,AK,AAL,WE,Federal Contract Tower,4,17,0,2,23,0,46,0,9,55,4,63,0,11,78,0,26,26,104
09/13/2008,ADQ,AK,AAL,WE,Federal Contract Tower,7,21,0,6,34,0,7,0,0,7,7,28,0,6,41,0,0,0,41
09/14/2008,ADQ,AK,AAL,WE,Federal Contract Tower,4,12,0,0,16,0,71,1,0,72,4,83,1,0,88,0,36,36,124
09/15/2008,ADQ,AK,AAL,WE,Federal Contract Tower,4,10,0,3,17,0,92,2,2,96,4,102,2,5,113,0,41,41,154
09/16/2008,ADQ,AK,AAL,WE,Federal Contract Tower,6,13,0,1,20,0,75,7,9,91,6,88,7,10,111,3,43,46,157
09/17/2008,ADQ,AK,AAL,WE,Federal Contract Tower,3,13,0,4,20,1,52,0,3,56,4,65,0,7,76,0,29,29,105
09/18/2008,ADQ,AK,AAL,WE,Federal Contract Tower,6,16,0,0,22,0,44,2,7,53,6,60,2,7,75,0,112,112,187
09/19/2008,ADQ,AK,AAL,WE,Federal Contract Tower,3,12,0,1,16,0,58,3,4,65,3,70,3,5,81,0,9,9,90
09/20/2008,ADQ,AK,AAL,WE,Federal Contract Tower,6,8,2,1,17,0,71,9,1,81,6,79,11,2,98,0,32,32,130
09/21/2008,ADQ,AK,AAL,WE,Federal Contract Tower,4,10,0,0,14,0,58,2,0,60,4,68,2,0,74,0,54,54,128
09/22/2008,ADQ,AK,AAL,WE,Federal Contract Tower,3,11,0,0,14,0,67,3,3,73,3,78,3,3,87,0,44,44,131
09/23/2008,ADQ,AK,AAL,WE,Federal Contract Tower,6,10,0,1,17,0,67,0,8,75,6,77,0,9,92,0,59,59,151
09/24/2008,ADQ,AK,AAL,WE,Federal Contract Tower,6,14,3,0,23,0,45,0,5,50,6,59,3,5,73,0,46,46,119
09/25/2008,ADQ,AK,AAL,WE,Federal Contract Tower,6,16,3,1,26,0,37,0,5,42,6,53,3,6,68,0,23,23,91
09/26/2008,ADQ,AK,AAL,WE,Federal Contract Tower,3,15,0,7,25,0,47,0,1,48,3,62,0,8,73,0,0,0,73
09/27/2008,ADQ,AK,AAL,WE,Federal Contract Tower,5,5,0,2,12,1,59,10,2,72,6,64,10,4,84,9,0,9,93
09/28/2008,ADQ,AK,AAL,WE,Federal Contract Tower,3,6,0,0,9,0,29,14,2,45,3,35,14,2,54,2,0,2,56
09/29/2008,ADQ,AK,AAL,WE,Federal Contract Tower,4,8,0,3,15,0,68,4,4,76,4,76,4,7,91,0,15,15,106
09/30/2008,ADQ,AK,AAL,WE,Federal Contract Tower,4,8,0,1,13,0,65,1,7,73,4,73,1,8,86,2,68,70,156
10/01/2008,ADQ,AK,AAL,WE,Federal Contract Tower,6,10,0,4,20,0,55,2,6,63,6,65,2,10,83,4,4,8,91
10/02/2008,ADQ,AK,AAL,WE,Federal Contract Tower,4,9,1,4,18,0,48,0,6,54,4,57,1,10,72,6,57,63,135
10/03/2008,ADQ,AK,AAL,WE,Federal Contract Tower,6,10,0,1,17,0,76,2,15,93,6,86,2,16,110,0,98,98,208
10/04/2008,ADQ,AK,AAL,WE,Federal Contract Tower,4,6,0,0,10,0,47,0,5,52,4,53,0,5,62,0,19,19,81
10/05/2008,ADQ,AK,AAL,WE,Federal Contract Tower,4,7,0,1,12,0,23,5,6,34,4,30,5,7,46,0,23,23,69
10/06/2008,ADQ,AK,AAL,WE,Federal Contract Tower,4,10,0,2,16,0,51,2,7,60,4,61,2,9,76,0,50,50,126
10/07/2008,ADQ,AK,AAL,WE,Federal Contract Tower,3,11,1,3,18,0,55,0,2,57,3,66,1,5,75,0,63,63,138
10/08/2008,ADQ,AK,AAL,WE,Federal Contract Tower,6,8,0,5,19,0,50,1,10,61,6,58,1,15,80,0,99,99,179
10/09/2008,ADQ,AK,AAL,WE,Federal Contract Tower,4,18,0,8,30,0,5,0,11,16,4,23,0,19,46,0,21,21,67
10/10/2008,ADQ,AK,AAL,WE,Federal Contract Tower,2,10,0,2,14,0,66,10,8,84,2,76,10,10,98,0,70,70,168
10/11/2008,ADQ,AK,AAL,WE,Federal Contract Tower,4,8,0,0,12,0,49,3,3,55,4,57,3,3,67,0,0,0,67
10/12/2008,ADQ,AK,AAL,WE,Federal Contract Tower,6,3,0,3,12,0,10,1,5,16,6,13,1,8,28,0,0,0,28
10/13/2008,ADQ,AK,AAL,WE,Federal Contract Tower,4,13,0,2,19,0,42,1,4,47,4,55,1,6,66,0,0,0,66
10/14/2008,ADQ,AK,AAL,WE,Federal Contract Tower,4,10,0,3,17,0,53,0,7,60,4,63,0,10,77,0,53,53,130
10/15/2008,ADQ,AK,AAL,WE,Federal Contract Tower,6,24,0,3,33,0,71,2,8,81,6,95,2,11,114,6,105,111,225
10/16/2008,ADQ,AK,AAL,WE,Federal Contract Tower,4,9,0,0,13,0,70,2,12,84,4,79,2,12,97,0,16,16,113
10/17/2008,ADQ,AK,AAL,WE,Federal Contract Tower,6,10,0,1,17,0,58,4,8,70,6,68,4,9,87,0,19,19,106
10/18/2008,ADQ,AK,AAL,WE,Federal Contract Tower,4,6,0,0,10,0,14,0,4,18,4,20,0,4,28,0,17,17,45
10/19/2008,ADQ,AK,AAL,WE,Federal Contract Tower,4,7,0,2,13,0,5,0,2,7,4,12,0,4,20,0,0,0,20
10/20/2008,ADQ,AK,AAL,WE,Federal Contract Tower,4,11,0,2,17,0,54,5,3,62,4,65,5,5,79,0,63,63,142
10/21/2008,ADQ,AK,AAL,WE,Federal Contract Tower,4,12,1,2,19,0,42,0,5,47,4,54,1,7,66,0,44,44,110
10/22/2008,ADQ,AK,AAL,WE,Federal Contract Tower,6,8,0,1,15,0,35,0,8,43,6,43,0,9,58,0,1,1,59
10/23/2008,ADQ,AK,AAL,WE,Federal Contract Tower,4,14,1,3,22,0,13,0,3,16,4,27,1,6,38,0,7,7,45
10/24/2008,ADQ,AK,AAL,WE,Federal Contract Tower,6,14,1,1,22,0,37,1,3,41,6,51,2,4,63,0,0,0,63
10/25/2008,ADQ,AK,AAL,WE,Federal Contract Tower,4,3,0,1,8,0,46,2,0,48,4,49,2,1,56,0,0,0,56
10/26/2008,ADQ,AK,AAL,WE,Federal Contract Tower,3,7,0,1,11,0,14,0,3,17,3,21,0,4,28,0,0,0,28
10/27/2008,ADQ,AK,AAL,WE,Federal Contract Tower,4,0,7,2,13,0,72,6,6,84,4,72,13,8,97,0,10,10,107
10/28/2008,ADQ,AK,AAL,WE,Federal Contract Tower,4,8,2,1,15,0,52,5,12,69,4,60,7,13,84,2,28,30,114
10/29/2008,ADQ,AK,AAL,WE,Federal Contract Tower,4,11,0,4,19,0,44,0,14,58,4,55,0,18,77,0,12,12,89
10/30/2008,ADQ,AK,AAL,WE,Federal Contract Tower,2,9,0,3,14,0,35,0,5,40,2,44,0,8,54,0,13,13,67
10/31/2008,ADQ,AK,AAL,WE,Federal Contract Tower,6,10,0,1,17,0,49,3,5,57,6,59,3,6,74,0,0,0,74
11/01/2008,ADQ,AK,AAL,WE,Federal Contract Tower,4,6,1,3,14,0,44,5,0,49,4,50,6,3,63,2,0,2,65
11/02/2008,ADQ,AK,AAL,WE,Federal Contract Tower,4,5,0,2,11,0,18,2,5,25,4,23,2,7,36,0,4,4,40
11/03/2008,ADQ,AK,AAL,WE,Federal Contract Tower,4,9,0,2,15,0,51,0,9,60,4,60,0,11,75,2,14,16,91
11/04/2008,ADQ,AK,AAL,WE,Federal Contract Tower,4,11,0,1,16,0,44,1,0,45,4,55,1,1,61,0,21,21,82
11/05/2008,ADQ,AK,AAL,WE,Federal Contract Tower,4,10,1,3,18,0,35,3,5,43,4,45,4,8,61,11,22,33,94
11/06/2008,ADQ,AK,AAL,WE,Federal Contract Tower,2,13,2,4,21,0,27,9,2,38,2,40,11,6,59,0,11,11,70
11/07/2008,ADQ,AK,AAL,WE,Federal Contract Tower,5,9,0,1,15,1,52,4,5,62,6,61,4,6,77,14,4,18,95
11/08/2008,ADQ,AK,AAL,WE,Federal Contract Tower,4,6,0,2,12,0,49,2,1,52,4,55,2,3,64,0,1,1,65
11/09/2008,ADQ,AK,AAL,WE,Federal Contract Tower,2,14,2,1,19,0,18,0,0,18,2,32,2,1,37,0,39,39,76
11/10/2008,ADQ,AK,AAL,WE,Federal Contract Tower,4,7,3,1,15,0,49,0,2,51,4,56,3,3,66,2,6,8,74
11/11/2008,ADQ,AK,AAL,WE,Federal Contract Tower,3,8,0,3,14,1,43,2,3,49,4,51,2,6,63,0,0,0,63
11/12/2008,ADQ,AK,AAL,WE,Federal Contract Tower,6,10,0,3,19,0,41,0,11,52,6,51,0,14,71,0,30,30,101
11/13/2008,ADQ,AK,AAL,WE,Federal Contract Tower,2,10,0,0,12,0,38,0,9,47,2,48,0,9,59,0,22,22,81
11/14/2008,ADQ,AK,AAL,WE,Federal Contract Tower,6,12,0,3,21,0,49,0,7,56,6,61,0,10,77,0,0,0,77
11/15/2008,ADQ,AK,AAL,WE,Federal Contract Tower,2,6,0,0,8,0,53,2,3,58,2,59,2,3,66,2,1,3,69
11/16/2008,ADQ,AK,AAL,WE,Federal Contract Tower,2,5,0,2,9,0,28,0,0,28,2,33,0,2,37,0,2,2,39
11/17/2008,ADQ,AK,AAL,WE,Federal Contract Tower,4,12,0,3,19,0,44,2,3,49,4,56,2,6,68,0,88,88,156
11/18/2008,ADQ,AK,AAL,WE,Federal Contract Tower,4,7,2,5,18,0,41,1,7,49,4,48,3,12,67,0,89,89,156
11/19/2008,ADQ,AK,AAL,WE,Federal Contract Tower,2,2,0,2,6,0,0,0,0,0,2,2,0,2,6,0,0,0,6
11/20/2008,ADQ,AK,AAL,WE,Federal Contract Tower,2,14,0,4,20,0,30,0,3,33,2,44,0,7,53,0,88,88,141
11/21/2008,ADQ,AK,AAL,WE,Federal Contract Tower,4,9,0,0,13,0,75,10,3,88,4,84,10,3,101,0,94,94,195
11/22/2008,ADQ,AK,AAL,WE,Federal Contract Tower,2,6,0,1,9,0,62,3,2,67,2,68,3,3,76,2,18,20,96
11/23/2008,ADQ,AK,AAL,WE,Federal Contract Tower,2,3,0,2,7,0,20,4,0,24,2,23,4,2,31,0,26,26,57
11/24/2008,ADQ,AK,AAL,WE,Federal Contract Tower,4,8,0,5,17,0,46,4,3,53,4,54,4,8,70,0,64,64,134
11/25/2008,ADQ,AK,AAL,WE,Federal Contract Tower,4,13,1,7,25,0,36,1,8,45,4,49,2,15,70,0,49,49,119
11/26/2008,ADQ,AK,AAL,WE,Federal Contract Tower,6,7,0,2,15,0,69,1,13,83,6,76,1,15,98,0,26,26,124
11/27/2008,ADQ,AK,AAL,WE,Federal Contract Tower,0,0,0,0,0,0,0,0,0,0,0,0,0,0,0,0,0,0,0
11/28/2008,ADQ,AK,AAL,WE,Federal Contract Tower,2,12,0,0,14,0,20,0,0,20,2,32,0,0,34,0,6,6,40
11/29/2008,ADQ,AK,AAL,WE,Federal Contract Tower,4,6,1,1,12,0,45,0,1,46,4,51,1,2,58,0,2,2,60
11/30/2008,ADQ,AK,AAL,WE,Federal Contract Tower,2,5,0,1,8,0,31,2,5,38,2,36,2,6,46,0,16,16,62
12/01/2008,ADQ,AK,AAL,WE,Federal Contract Tower,4,4,1,2,11,0,61,2,7,70,4,65,3,9,81,0,86,86,167
12/02/2008,ADQ,AK,AAL,WE,Federal Contract Tower,4,8,0,5,17,0,27,0,10,37,4,35,0,15,54,0,3,3,57
12/03/2008,ADQ,AK,AAL,WE,Federal Contract Tower,4,3,0,9,16,0,0,0,0,0,4,3,0,9,16,0,0,0,16
12/04/2008,ADQ,AK,AAL,WE,Federal Contract Tower,2,19,0,3,24,0,30,2,1,33,2,49,2,4,57,0,15,15,72
12/05/2008,ADQ,AK,AAL,WE,Federal Contract Tower,2,4,1,2,9,0,0,0,0,0,2,4,1,2,9,0,0,0,9
12/06/2008,ADQ,AK,AAL,WE,Federal Contract Tower,1,1,0,2,4,0,0,0,0,0,1,1,0,2,4,0,0,0,4
12/07/2008,ADQ,AK,AAL,WE,Federal Contract Tower,5,6,0,2,13,0,70,11,2,83,5,76,11,4,96,5,12,17,113
12/08/2008,ADQ,AK,AAL,WE,Federal Contract Tower,4,8,0,2,14,0,0,0,0,0,4,8,0,2,14,0,0,0,14
12/09/2008,ADQ,AK,AAL,WE,Federal Contract Tower,3,14,0,4,21,1,44,1,7,53,4,58,1,11,74,0,80,80,154
12/10/2008,ADQ,AK,AAL,WE,Federal Contract Tower,6,11,0,2,19,0,45,1,7,53,6,56,1,9,72,2,75,77,149
12/11/2008,ADQ,AK,AAL,WE,Federal Contract Tower,4,12,0,0,16,0,46,5,6,57,4,58,5,6,73,0,26,26,99
12/12/2008,ADQ,AK,AAL,WE,Federal Contract Tower,6,8,0,5,19,0,49,10,6,65,6,57,10,11,84,5,90,95,179
12/13/2008,ADQ,AK,AAL,WE,Federal Contract Tower,2,5,0,0,7,0,39,2,3,44,2,44,2,3,51,0,40,40,91
12/14/2008,ADQ,AK,AAL,WE,Federal Contract Tower,2,3,1,1,7,1,8,4,5,18,3,11,5,6,25,0,34,34,59
12/15/2008,ADQ,AK,AAL,WE,Federal Contract Tower,4,10,0,4,18,0,46,4,1,51,4,56,4,5,69,0,108,108,177
12/16/2008,ADQ,AK,AAL,WE,Federal Contract Tower,4,15,0,4,23,0,49,0,5,54,4,64,0,9,77,0,95,95,172
12/17/2008,ADQ,AK,AAL,WE,Federal Contract Tower,6,16,0,4,26,0,41,2,11,54,6,57,2,15,80,0,118,118,198
12/18/2008,ADQ,AK,AAL,WE,Federal Contract Tower,2,22,0,4,28,0,29,1,9,39,2,51,1,13,67,0,16,16,83
12/19/2008,ADQ,AK,AAL,WE,Federal Contract Tower,4,16,2,2,24,0,14,0,0,14,4,30,2,2,38,0,2,2,40
12/20/2008,ADQ,AK,AAL,WE,Federal Contract Tower,6,11,0,4,21,0,51,2,1,54,6,62,2,5,75,13,21,34,109
12/21/2008,ADQ,AK,AAL,WE,Federal Contract Tower,2,7,0,0,9,0,25,2,3,30,2,32,2,3,39,0,17,17,56
12/22/2008,ADQ,AK,AAL,WE,Federal Contract Tower,4,14,0,3,21,0,76,2,1,79,4,90,2,4,100,0,21,21,121
12/23/2008,ADQ,AK,AAL,WE,Federal Contract Tower,2,8,0,0,10,0,6,0,0,6,2,14,0,0,16,0,0,0,16
12/24/2008,ADQ,AK,AAL,WE,Federal Contract Tower,6,7,0,0,13,0,32,0,0,32,6,39,0,0,45,0,38,38,83
12/25/2008,ADQ,AK,AAL,WE,Federal Contract Tower,0,0,0,0,0,0,0,0,0,0,0,0,0,0,0,0,0,0,0
12/26/2008,ADQ,AK,AAL,WE,Federal Contract Tower,0,0,0,0,0,0,0,0,0,0,0,0,0,0,0,0,0,0,0
12/27/2008,ADQ,AK,AAL,WE,Federal Contract Tower,4,7,0,0,11,0,32,0,3,35,4,39,0,3,46,0,1,1,47
12/28/2008,ADQ,AK,AAL,WE,Federal Contract Tower,2,6,0,2,10,0,14,3,1,18,2,20,3,3,28,0,0,0,28
12/29/2008,ADQ,AK,AAL,WE,Federal Contract Tower,4,11,0,4,19,0,33,1,1,35,4,44,1,5,54,5,64,69,123
12/30/2008,ADQ,AK,AAL,WE,Federal Contract Tower,4,7,0,2,13,0,55,0,4,59,4,62,0,6,72,0,0,0,72
12/31/2008,ADQ,AK,AAL,WE,Federal Contract Tower,4,9,0,2,15,0,43,3,3,49,4,52,3,5,64,0,82,82,146
01/01/2009,ADQ,AK,AAL,WE,Federal Contract Tower,2,0,0,0,2,0,10,4,0,14,2,10,4,0,16,8,0,8,24
01/02/2009,ADQ,AK,AAL,WE,Federal Contract Tower,6,8,0,0,14,0,54,6,3,63,6,62,6,3,77,0,78,78,155
01/03/2009,ADQ,AK,AAL,WE,Federal Contract Tower,4,5,0,0,9,0,53,4,1,58,4,58,4,1,67,4,31,35,102
01/04/2009,ADQ,AK,AAL,WE,Federal Contract Tower,4,5,0,0,9,0,25,2,2,29,4,30,2,2,38,0,48,48,86
01/05/2009,ADQ,AK,AAL,WE,Federal Contract Tower,6,9,0,1,16,0,22,0,2,24,6,31,0,3,40,0,2,2,42
01/06/2009,ADQ,AK,AAL,WE,Federal Contract Tower,8,11,0,2,21,0,44,2,3,49,8,55,2,5,70,0,0,0,70
01/07/2009,ADQ,AK,AAL,WE,Federal Contract Tower,6,8,0,1,15,0,48,0,10,58,6,56,0,11,73,9,164,173,246
01/08/2009,ADQ,AK,AAL,WE,Federal Contract Tower,4,10,0,9,23,0,13,1,1,15,4,23,1,10,38,0,80,80,118
01/09/2009,ADQ,AK,AAL,WE,Federal Contract Tower,6,12,0,2,20,0,47,2,10,59,6,59,2,12,79,0,79,79,158
01/10/2009,ADQ,AK,AAL,WE,Federal Contract Tower,1,2,0,0,3,0,0,0,0,0,1,2,0,0,3,0,0,0,3
01/11/2009,ADQ,AK,AAL,WE,Federal Contract Tower,10,5,0,2,17,0,0,0,0,0,10,5,0,2,17,0,0,0,17
01/12/2009,ADQ,AK,AAL,WE,Federal Contract Tower,8,7,0,3,18,0,57,0,11,68,8,64,0,14,86,0,94,94,180
01/13/2009,ADQ,AK,AAL,WE,Federal Contract Tower,1,4,0,4,9,0,0,0,2,2,1,4,0,6,11,0,0,0,11
01/14/2009,ADQ,AK,AAL,WE,Federal Contract Tower,0,28,0,3,31,0,0,0,0,0,0,28,0,3,31,0,0,0,31
01/15/2009,ADQ,AK,AAL,WE,Federal Contract Tower,12,14,0,4,30,0,27,2,2,31,12,41,2,6,61,0,50,50,111
01/16/2009,ADQ,AK,AAL,WE,Federal Contract Tower,3,6,0,3,12,0,0,0,1,1,3,6,0,4,13,0,2,2,15
01/17/2009,ADQ,AK,AAL,WE,Federal Contract Tower,5,6,0,3,14,0,57,7,2,66,5,63,7,5,80,0,0,0,80
01/18/2009,ADQ,AK,AAL,WE,Federal Contract Tower,4,0,0,3,7,0,0,0,0,0,4,0,0,3,7,0,0,0,7
01/19/2009,ADQ,AK,AAL,WE,Federal Contract Tower,4,11,0,3,18,0,37,1,2,40,4,48,1,5,58,0,0,0,58
01/20/2009,ADQ,AK,AAL,WE,Federal Contract Tower,5,11,0,1,17,0,39,2,9,50,5,50,2,10,67,0,52,52,119
01/21/2009,ADQ,AK,AAL,WE,Federal Contract Tower,6,12,0,6,24,0,42,3,10,55,6,54,3,16,79,2,91,93,172
01/22/2009,ADQ,AK,AAL,WE,Federal Contract Tower,8,12,0,5,25,0,24,2,3,29,8,36,2,8,54,0,45,45,99
01/23/2009,ADQ,AK,AAL,WE,Federal Contract Tower,6,10,0,3,19,0,40,2,3,45,6,50,2,6,64,0,26,26,90
01/24/2009,ADQ,AK,AAL,WE,Federal Contract Tower,4,9,0,2,15,0,31,1,2,34,4,40,1,4,49,2,4,6,55
01/25/2009,ADQ,AK,AAL,WE,Federal Contract Tower,6,4,0,0,10,0,6,1,3,10,6,10,1,3,20,8,1,9,29
01/26/2009,ADQ,AK,AAL,WE,Federal Contract Tower,6,11,0,3,20,0,45,0,6,51,6,56,0,9,71,0,62,62,133
01/27/2009,ADQ,AK,AAL,WE,Federal Contract Tower,5,8,4,4,21,1,38,3,9,51,6,46,7,13,72,0,41,41,113
01/28/2009,ADQ,AK,AAL,WE,Federal Contract Tower,6,13,4,5,28,0,37,2,11,50,6,50,6,16,78,0,86,86,164
01/29/2009,ADQ,AK,AAL,WE,Federal Contract Tower,6,8,0,4,18,0,33,0,6,39,6,41,0,10,57,0,80,80,137
01/30/2009,ADQ,AK,AAL,WE,Federal Contract Tower,2,6,0,2,10,0,8,2,3,13,2,14,2,5,23,0,56,56,79
01/31/2009,ADQ,AK,AAL,WE,Federal Contract Tower,4,4,0,2,10,0,49,2,2,53,4,53,2,4,63,0,15,15,78
02/01/2009,ADQ,AK,AAL,WE,Federal Contract Tower,4,4,0,1,9,0,10,0,0,10,4,14,0,1,19,0,0,0,19
02/02/2009,ADQ,AK,AAL,WE,Federal Contract Tower,4,8,0,0,12,0,39,0,10,49,4,47,0,10,61,2,82,84,145
02/03/2009,ADQ,AK,AAL,WE,Federal Contract Tower,4,7,0,2,13,0,31,6,2,39,4,38,6,4,52,0,10,10,62
02/04/2009,ADQ,AK,AAL,WE,Federal Contract Tower,0,2,0,3,5,0,0,0,0,0,0,2,0,3,5,0,0,0,5
02/05/2009,ADQ,AK,AAL,WE,Federal Contract Tower,4,10,1,4,19,0,43,4,10,57,4,53,5,14,76,0,55,55,131
02/06/2009,ADQ,AK,AAL,WE,Federal Contract Tower,6,9,0,4,19,0,47,2,4,53,6,56,2,8,72,2,73,75,147
02/07/2009,ADQ,AK,AAL,WE,Federal Contract Tower,2,2,0,1,5,0,8,3,0,11,2,10,3,1,16,0,24,24,40
02/08/2009,ADQ,AK,AAL,WE,Federal Contract Tower,6,5,0,2,13,0,19,0,1,20,6,24,0,3,33,0,24,24,57
02/09/2009,ADQ,AK,AAL,WE,Federal Contract Tower,4,12,0,3,19,0,39,2,7,48,4,51,2,10,67,0,74,74,141
02/10/2009,ADQ,AK,AAL,WE,Federal Contract Tower,4,9,1,2,16,0,30,4,7,41,4,39,5,9,57,0,62,62,119
02/11/2009,ADQ,AK,AAL,WE,Federal Contract Tower,0,13,0,6,19,0,6,0,5,11,0,19,0,11,30,0,12,12,42
02/12/2009,ADQ,AK,AAL,WE,Federal Contract Tower,4,9,0,5,18,0,36,2,10,48,4,45,2,15,66,4,42,46,112
02/13/2009,ADQ,AK,AAL,WE,Federal Contract Tower,0,6,0,1,7,0,2,0,0,2,0,8,0,1,9,0,0,0,9
02/14/2009,ADQ,AK,AAL,WE,Federal Contract Tower,4,6,0,0,10,0,44,2,2,48,4,50,2,2,58,2,43,45,103
02/15/2009,ADQ,AK,AAL,WE,Federal Contract Tower,2,3,0,2,7,0,0,0,0,0,2,3,0,2,7,0,0,0,7
02/16/2009,ADQ,AK,AAL,WE,Federal Contract Tower,4,11,0,3,18,0,33,1,3,37,4,44,1,6,55,0,12,12,67
02/17/2009,ADQ,AK,AAL,WE,Federal Contract Tower,6,10,0,1,17,0,32,2,11,45,6,42,2,12,62,0,26,26,88
02/18/2009,ADQ,AK,AAL,WE,Federal Contract Tower,4,11,0,2,17,0,32,6,9,47,4,43,6,11,64,0,113,113,177
02/19/2009,ADQ,AK,AAL,WE,Federal Contract Tower,2,10,0,3,15,0,35,1,7,43,2,45,1,10,58,0,62,62,120
02/20/2009,ADQ,AK,AAL,WE,Federal Contract Tower,2,11,2,3,18,0,18,0,0,18,2,29,2,3,36,0,0,0,36
02/21/2009,ADQ,AK,AAL,WE,Federal Contract Tower,2,4,0,0,6,0,40,4,1,45,2,44,4,1,51,2,30,32,83
02/22/2009,ADQ,AK,AAL,WE,Federal Contract Tower,3,0,0,0,3,1,14,2,2,19,4,14,2,2,22,14,44,58,80
02/23/2009,ADQ,AK,AAL,WE,Federal Contract Tower,4,12,0,3,19,0,36,4,9,49,4,48,4,12,68,0,80,80,148
02/24/2009,ADQ,AK,AAL,WE,Federal Contract Tower,4,5,0,2,11,0,34,1,18,53,4,39,1,20,64,0,103,103,167
02/25/2009,ADQ,AK,AAL,WE,Federal Contract Tower,4,9,0,1,14,0,41,2,9,52,4,50,2,10,66,0,104,104,170
02/26/2009,ADQ,AK,AAL,WE,Federal Contract Tower,2,7,0,1,10,0,5,0,5,10,2,12,0,6,20,0,36,36,56
02/27/2009,ADQ,AK,AAL,WE,Federal Contract Tower,4,10,0,2,16,0,62,5,8,75,4,72,5,10,91,0,37,37,128
02/28/2009,ADQ,AK,AAL,WE,Federal Contract Tower,2,6,0,1,9,0,27,2,1,30,2,33,2,2,39,0,4,4,43
03/01/2009,ADQ,AK,AAL,WE,Federal Contract Tower,0,6,0,0,6,0,0,0,0,0,0,6,0,0,6,0,0,0,6
03/02/2009,ADQ,AK,AAL,WE,Federal Contract Tower,4,10,0,1,15,0,53,5,8,66,4,63,5,9,81,8,15,23,104
03/03/2009,ADQ,AK,AAL,WE,Federal Contract Tower,2,12,0,0,14,0,34,0,0,34,2,46,0,0,48,2,0,2,50
03/04/2009,ADQ,AK,AAL,WE,Federal Contract Tower,0,20,0,7,27,0,28,3,6,37,0,48,3,13,64,11,9,20,84
03/05/2009,ADQ,AK,AAL,WE,Federal Contract Tower,4,12,0,0,16,0,39,5,5,49,4,51,5,5,65,0,94,94,159
03/06/2009,ADQ,AK,AAL,WE,Federal Contract Tower,1,10,0,0,11,1,2,0,15,18,2,12,0,15,29,0,13,13,42
03/07/2009,ADQ,AK,AAL,WE,Federal Contract Tower,2,3,0,1,6,0,41,4,2,47,2,44,4,3,53,0,0,0,53
03/08/2009,ADQ,AK,AAL,WE,Federal Contract Tower,4,15,0,2,21,0,5,0,2,7,4,20,0,4,28,0,0,0,28
03/09/2009,ADQ,AK,AAL,WE,Federal Contract Tower,6,7,0,1,14,0,47,2,12,61,6,54,2,13,75,0,60,60,135
03/10/2009,ADQ,AK,AAL,WE,Federal Contract Tower,6,12,0,6,24,0,28,0,4,32,6,40,0,10,56,0,39,39,95
03/11/2009,ADQ,AK,AAL,WE,Federal Contract Tower,2,15,0,7,24,0,41,0,9,50,2,56,0,16,74,0,36,36,110
03/12/2009,ADQ,AK,AAL,WE,Federal Contract Tower,2,8,0,3,13,0,29,2,5,36,2,37,2,8,49,0,34,34,83
03/13/2009,ADQ,AK,AAL,WE,Federal Contract Tower,4,7,0,1,12,0,33,2,10,45,4,40,2,11,57,0,10,10,67
03/14/2009,ADQ,AK,AAL,WE,Federal Contract Tower,2,4,0,0,6,0,26,0,2,28,2,30,0,2,34,2,0,2,36
03/15/2009,ADQ,AK,AAL,WE,Federal Contract Tower,4,5,0,0,9,0,12,0,2,14,4,17,0,2,23,0,26,26,49
03/16/2009,ADQ,AK,AAL,WE,Federal Contract Tower,4,12,0,5,21,0,22,2,7,31,4,34,2,12,52,0,23,23,75
03/17/2009,ADQ,AK,AAL,WE,Federal Contract Tower,0,11,1,0,12,0,12,1,0,13,0,23,2,0,25,0,0,0,25
03/18/2009,ADQ,AK,AAL,WE,Federal Contract Tower,2,8,0,3,13,0,0,0,0,0,2,8,0,3,13,0,30,30,43
03/19/2009,ADQ,AK,AAL,WE,Federal Contract Tower,2,15,0,4,21,0,33,0,13,46,2,48,0,17,67,14,6,20,87
03/20/2009,ADQ,AK,AAL,WE,Federal Contract Tower,4,9,0,0,13,0,38,0,11,49,4,47,0,11,62,0,69,69,131
03/21/2009,ADQ,AK,AAL,WE,Federal Contract Tower,2,3,0,1,6,0,47,4,4,55,2,50,4,5,61,10,0,10,71
03/22/2009,ADQ,AK,AAL,WE,Federal Contract Tower,4,5,0,1,10,0,1,0,2,3,4,6,0,3,13,2,12,14,27
03/23/2009,ADQ,AK,AAL,WE,Federal Contract Tower,0,1,0,3,4,0,0,0,0,0,0,1,0,3,4,0,0,0,4
03/24/2009,ADQ,AK,AAL,WE,Federal Contract Tower,2,8,0,4,14,0,0,0,0,0,2,8,0,4,14,0,0,0,14
03/25/2009,ADQ,AK,AAL,WE,Federal Contract Tower,0,6,0,3,9,0,21,0,0,21,0,27,0,3,30,0,0,0,30
03/26/2009,ADQ,AK,AAL,WE,Federal Contract Tower,2,6,0,2,10,0,35,0,6,41,2,41,0,8,51,0,7,7,58
03/27/2009,ADQ,AK,AAL,WE,Federal Contract Tower,0,3,0,0,3,0,38,0,10,48,0,41,0,10,51,0,90,90,141
03/28/2009,ADQ,AK,AAL,WE,Federal Contract Tower,0,4,0,0,4,0,41,4,1,46,0,45,4,1,50,9,28,37,87
03/29/2009,ADQ,AK,AAL,WE,Federal Contract Tower,0,4,0,0,4,0,5,2,0,7,0,9,2,0,11,0,24,24,35
03/30/2009,ADQ,AK,AAL,WE,Federal Contract Tower,2,10,0,3,15,0,15,0,28,43,2,25,0,31,58,0,2,2,60
03/31/2009,ADQ,AK,AAL,WE,Federal Contract Tower,4,15,0,3,22,0,63,1,12,76,4,78,1,15,98,9,24,33,131
04/01/2009,ADQ,AK,AAL,WE,Federal Contract Tower,2,7,0,2,11,0,59,4,14,77,2,66,4,16,88,10,30,40,128
04/02/2009,ADQ,AK,AAL,WE,Federal Contract Tower,2,9,0,3,14,0,40,2,11,53,2,49,2,14,67,0,17,17,84
04/03/2009,ADQ,AK,AAL,WE,Federal Contract Tower,0,7,1,6,14,0,0,0,0,0,0,7,1,6,14,0,0,0,14
04/04/2009,ADQ,AK,AAL,WE,Federal Contract Tower,0,5,0,0,5,0,65,0,2,67,0,70,0,2,72,0,0,0,72
04/05/2009,ADQ,AK,AAL,WE,Federal Contract Tower,3,5,0,0,8,0,31,2,4,37,3,36,2,4,45,8,16,24,69
04/06/2009,ADQ,AK,AAL,WE,Federal Contract Tower,6,21,3,5,35,0,36,0,3,39,6,57,3,8,74,0,58,58,132
04/07/2009,ADQ,AK,AAL,WE,Federal Contract Tower,4,10,2,2,18,0,41,2,3,46,4,51,4,5,64,2,0,2,66
04/08/2009,ADQ,AK,AAL,WE,Federal Contract Tower,4,8,0,2,14,0,48,7,12,67,4,56,7,14,81,11,82,93,174
04/09/2009,ADQ,AK,AAL,WE,Federal Contract Tower,2,13,1,10,26,0,8,0,2,10,2,21,1,12,36,0,8,8,44
04/10/2009,ADQ,AK,AAL,WE,Federal Contract Tower,3,15,0,0,18,1,42,7,8,58,4,57,7,8,76,0,74,74,150
04/11/2009,ADQ,AK,AAL,WE,Federal Contract Tower,0,7,0,3,10,0,3,0,0,3,0,10,0,3,13,0,0,0,13
04/12/2009,ADQ,AK,AAL,WE,Federal Contract Tower,4,7,0,0,11,0,12,0,0,12,4,19,0,0,23,0,0,0,23
04/13/2009,ADQ,AK,AAL,WE,Federal Contract Tower,4,17,0,7,28,0,41,0,10,51,4,58,0,17,79,2,35,37,116
04/14/2009,ADQ,AK,AAL,WE,Federal Contract Tower,4,32,0,23,59,0,0,0,0,0,4,32,0,23,59,0,29,29,88
04/15/2009,ADQ,AK,AAL,WE,Federal Contract Tower,4,36,1,9,50,0,8,1,4,13,4,44,2,13,63,0,0,0,63
04/16/2009,ADQ,AK,AAL,WE,Federal Contract Tower,2,19,2,6,29,0,38,3,4,45,2,57,5,10,74,2,26,28,102
04/17/2009,ADQ,AK,AAL,WE,Federal Contract Tower,2,12,0,3,17,0,71,7,3,81,2,83,7,6,98,2,0,2,100
04/18/2009,ADQ,AK,AAL,WE,Federal Contract Tower,4,20,1,2,27,0,23,2,1,26,4,43,3,3,53,0,24,24,77
04/19/2009,ADQ,AK,AAL,WE,Federal Contract Tower,4,8,1,4,17,0,24,9,1,34,4,32,10,5,51,0,23,23,74
04/20/2009,ADQ,AK,AAL,WE,Federal Contract Tower,4,7,2,3,16,0,87,3,8,98,4,94,5,11,114,0,82,82,196
04/21/2009,ADQ,AK,AAL,WE,Federal Contract Tower,4,3,0,2,9,0,70,11,10,91,4,73,11,12,100,4,89,93,193
04/22/2009,ADQ,AK,AAL,WE,Federal Contract Tower,3,5,5,3,16,1,71,7,16,95,4,76,12,19,111,0,31,31,142
04/23/2009,ADQ,AK,AAL,WE,Federal Contract Tower,2,13,3,3,21,0,39,3,3,45,2,52,6,6,66,6,49,55,121
04/24/2009,ADQ,AK,AAL,WE,Federal Contract Tower,4,11,0,2,17,0,77,4,6,87,4,88,4,8,104,0,46,46,150
04/25/2009,ADQ,AK,AAL,WE,Federal Contract Tower,2,5,0,0,7,0,20,3,1,24,2,25,3,1,31,0,49,49,80
04/26/2009,ADQ,AK,AAL,WE,Federal Contract Tower,4,6,0,2,12,0,43,4,1,48,4,49,4,3,60,2,10,12,72
04/27/2009,ADQ,AK,AAL,WE,Federal Contract Tower,8,36,1,6,51,0,33,6,6,45,8,69,7,12,96,0,45,45,141
04/28/2009,ADQ,AK,AAL,WE,Federal Contract Tower,3,13,0,4,20,1,53,6,22,82,4,66,6,26,102,2,32,34,136
04/29/2009,ADQ,AK,AAL,WE,Federal Contract Tower,3,26,1,6,36,0,28,4,2,34,3,54,5,8,70,0,15,15,85
04/30/2009,ADQ,AK,AAL,WE,Federal Contract Tower,4,13,0,5,22,0,44,5,4,53,4,57,5,9,75,27,12,39,114
05/01/2009,ADQ,AK,AAL,WE,Federal Contract Tower,2,38,2,15,57,0,48,4,2,54,2,86,6,17,111,0,19,19,130
05/02/2009,ADQ,AK,AAL,WE,Federal Contract Tower,4,1,0,1,6,0,41,3,5,49,4,42,3,6,55,0,28,28,83
05/03/2009,ADQ,AK,AAL,WE,Federal Contract Tower,4,3,0,1,8,0,23,15,2,40,4,26,15,3,48,0,15,15,63
05/04/2009,ADQ,AK,AAL,WE,Federal Contract Tower,4,8,0,0,12,0,48,5,12,65,4,56,5,12,77,0,62,62,139
05/05/2009,ADQ,AK,AAL,WE,Federal Contract Tower,3,7,0,0,10,1,49,2,4,56,4,56,2,4,66,10,31,41,107
05/06/2009,ADQ,AK,AAL,WE,Federal Contract Tower,5,6,1,2,14,1,55,9,14,79,6,61,10,16,93,2,57,59,152
05/07/2009,ADQ,AK,AAL,WE,Federal Contract Tower,2,10,1,2,15,0,54,10,5,69,2,64,11,7,84,8,37,45,129
05/08/2009,ADQ,AK,AAL,WE,Federal Contract Tower,4,9,0,1,14,0,76,8,9,93,4,85,8,10,107,7,25,32,139
05/09/2009,ADQ,AK,AAL,WE,Federal Contract Tower,2,9,0,1,12,0,43,7,4,54,2,52,7,5,66,8,8,16,82
05/10/2009,ADQ,AK,AAL,WE,Federal Contract Tower,4,6,0,1,11,0,21,13,1,35,4,27,13,2,46,14,36,50,96
05/11/2009,ADQ,AK,AAL,WE,Federal Contract Tower,4,7,0,1,12,0,45,7,9,61,4,52,7,10,73,5,129,134,207
05/12/2009,ADQ,AK,AAL,WE,Federal Contract Tower,4,5,0,1,10,0,58,3,3,64,4,63,3,4,74,4,34,38,112
05/13/2009,ADQ,AK,AAL,WE,Federal Contract Tower,1,11,1,4,17,1,43,3,11,58,2,54,4,15,75,2,14,16,91
05/14/2009,ADQ,AK,AAL,WE,Federal Contract Tower,2,29,1,0,32,0,29,0,6,35,2,58,1,6,67,0,16,16,83
05/15/2009,ADQ,AK,AAL,WE,Federal Contract Tower,2,15,0,4,21,0,67,6,2,75,2,82,6,6,96,0,8,8,104
05/16/2009,ADQ,AK,AAL,WE,Federal Contract Tower,4,9,0,0,13,0,46,8,3,57,4,55,8,3,70,6,7,13,83
05/17/2009,ADQ,AK,AAL,WE,Federal Contract Tower,3,5,0,1,9,0,23,10,5,38,3,28,10,6,47,28,15,43,90
05/18/2009,ADQ,AK,AAL,WE,Federal Contract Tower,3,7,0,2,12,0,50,2,5,57,3,57,2,7,69,0,116,116,185
05/19/2009,ADQ,AK,AAL,WE,Federal Contract Tower,4,11,0,3,18,0,69,0,4,73,4,80,0,7,91,0,2,2,93
05/20/2009,ADQ,AK,AAL,WE,Federal Contract Tower,4,10,0,4,18,0,48,9,9,66,4,58,9,13,84,6,0,6,90
05/21/2009,ADQ,AK,AAL,WE,Federal Contract Tower,3,10,0,3,16,0,60,2,9,71,3,70,2,12,87,0,0,0,87
05/22/2009,ADQ,AK,AAL,WE,Federal Contract Tower,5,18,0,3,26,0,71,2,7,80,5,89,2,10,106,2,0,2,108
05/23/2009,ADQ,AK,AAL,WE,Federal Contract Tower,0,6,0,1,7,0,0,0,0,0,0,6,0,1,7,0,32,32,39
05/24/2009,ADQ,AK,AAL,WE,Federal Contract Tower,4,12,0,3,19,0,37,2,2,41,4,49,2,5,60,17,0,17,77
05/25/2009,ADQ,AK,AAL,WE,Federal Contract Tower,4,12,0,5,21,0,9,4,2,15,4,21,4,7,36,0,0,0,36
05/26/2009,ADQ,AK,AAL,WE,Federal Contract Tower,3,7,0,3,13,1,65,4,8,78,4,72,4,11,91,20,20,40,131
05/27/2009,ADQ,AK,AAL,WE,Federal Contract Tower,4,13,0,5,22,0,68,0,10,78,4,81,0,15,100,8,28,36,136
05/28/2009,ADQ,AK,AAL,WE,Federal Contract Tower,4,12,0,10,26,0,34,1,7,42,4,46,1,17,68,0,55,55,123
05/29/2009,ADQ,AK,AAL,WE,Federal Contract Tower,6,16,3,2,27,0,59,7,8,74,6,75,10,10,101,13,8,21,122
05/30/2009,ADQ,AK,AAL,WE,Federal Contract Tower,2,7,0,5,14,0,35,4,5,44,2,42,4,10,58,17,2,19,77
05/31/2009,ADQ,AK,AAL,WE,Federal Contract Tower,3,6,0,2,11,0,26,0,0,26,3,32,0,2,37,0,12,12,49
06/01/2009,ADQ,AK,AAL,WE,Federal Contract Tower,4,16,2,6,28,0,43,1,3,47,4,59,3,9,75,0,6,6,81
06/02/2009,ADQ,AK,AAL,WE,Federal Contract Tower,6,22,0,2,30,0,25,0,2,27,6,47,0,4,57,0,0,0,57
06/03/2009,ADQ,AK,AAL,WE,Federal Contract Tower,4,13,0,2,19,0,1,0,0,1,4,14,0,2,20,0,0,0,20
06/04/2009,ADQ,AK,AAL,WE,Federal Contract Tower,3,8,2,7,20,0,31,0,4,35,3,39,2,11,55,4,42,46,101
06/05/2009,ADQ,AK,AAL,WE,Federal Contract Tower,2,9,0,2,13,2,77,1,11,91,4,86,1,13,104,0,9,9,113
06/06/2009,ADQ,AK,AAL,WE,Federal Contract Tower,4,5,1,0,10,0,59,3,2,64,4,64,4,2,74,0,15,15,89
06/07/2009,ADQ,AK,AAL,WE,Federal Contract Tower,3,3,0,0,6,0,27,7,3,37,3,30,7,3,43,0,46,46,89
06/08/2009,ADQ,AK,AAL,WE,Federal Contract Tower,4,7,0,2,13,0,55,8,10,73,4,62,8,12,86,0,75,75,161
06/09/2009,ADQ,AK,AAL,WE,Federal Contract Tower,4,6,1,2,13,1,67,18,15,101,5,73,19,17,114,0,34,34,148
06/10/2009,ADQ,AK,AAL,WE,Federal Contract Tower,3,7,1,3,14,0,54,4,6,64,3,61,5,9,78,4,67,71,149
06/11/2009,ADQ,AK,AAL,WE,Federal Contract Tower,6,44,2,8,60,0,9,0,2,11,6,53,2,10,71,0,12,12,83
06/12/2009,ADQ,AK,AAL,WE,Federal Contract Tower,6,15,1,2,24,0,78,14,9,101,6,93,15,11,125,5,3,8,133
06/13/2009,ADQ,AK,AAL,WE,Federal Contract Tower,7,3,0,0,10,0,53,2,4,59,7,56,2,4,69,0,21,21,90
06/14/2009,ADQ,AK,AAL,WE,Federal Contract Tower,3,8,0,0,11,1,29,5,4,39,4,37,5,4,50,0,17,17,67
06/15/2009,ADQ,AK,AAL,WE,Federal Contract Tower,4,4,0,1,9,0,62,6,5,73,4,66,6,6,82,0,41,41,123
06/16/2009,ADQ,AK,AAL,WE,Federal Contract Tower,7,10,0,3,20,1,53,0,8,62,8,63,0,11,82,0,19,19,101
06/17/2009,ADQ,AK,AAL,WE,Federal Contract Tower,4,21,0,6,31,0,27,2,5,34,4,48,2,11,65,0,85,85,150
06/18/2009,ADQ,AK,AAL,WE,Federal Contract Tower,7,12,2,4,25,1,46,5,9,61,8,58,7,13,86,0,147,147,233
06/19/2009,ADQ,AK,AAL,WE,Federal Contract Tower,3,6,1,1,11,0,64,7,5,76,3,70,8,6,87,2,46,48,135
06/20/2009,ADQ,AK,AAL,WE,Federal Contract Tower,4,6,0,2,12,0,43,8,4,55,4,49,8,6,67,0,20,20,87
06/21/2009,ADQ,AK,AAL,WE,Federal Contract Tower,4,10,0,2,16,0,30,2,0,32,4,40,2,2,48,0,0,0,48
06/22/2009,ADQ,AK,AAL,WE,Federal Contract Tower,4,7,0,1,12,0,76,3,4,83,4,83,3,5,95,2,4,6,101
06/23/2009,ADQ,AK,AAL,WE,Federal Contract Tower,7,7,0,3,17,0,59,4,13,76,7,66,4,16,93,0,37,37,130
06/24/2009,ADQ,AK,AAL,WE,Federal Contract Tower,5,11,2,3,21,1,63,4,9,77,6,74,6,12,98,7,25,32,130
06/25/2009,ADQ,AK,AAL,WE,Federal Contract Tower,6,9,0,2,17,0,68,5,3,76,6,77,5,5,93,0,56,56,149
06/26/2009,ADQ,AK,AAL,WE,Federal Contract Tower,4,10,0,4,18,0,58,5,1,64,4,68,5,5,82,0,0,0,82
06/27/2009,ADQ,AK,AAL,WE,Federal Contract Tower,4,5,0,0,9,0,60,13,3,76,4,65,13,3,85,42,52,94,179
06/28/2009,ADQ,AK,AAL,WE,Federal Contract Tower,3,5,0,0,8,1,29,5,2,37,4,34,5,2,45,0,29,29,74
06/29/2009,ADQ,AK,AAL,WE,Federal Contract Tower,4,8,0,2,14,0,80,15,8,103,4,88,15,10,117,4,46,50,167
06/30/2009,ADQ,AK,AAL,WE,Federal Contract Tower,5,11,1,4,21,0,42,4,7,53,5,53,5,11,74,0,0,0,74
07/01/2009,ADQ,AK,AAL,WE,Federal Contract Tower,4,9,0,3,16,0,79,12,8,99,4,88,12,11,115,12,9,21,136
07/02/2009,ADQ,AK,AAL,WE,Federal Contract Tower,6,62,8,0,76,0,31,2,0,33,6,93,10,0,109,0,2,2,111
07/03/2009,ADQ,AK,AAL,WE,Federal Contract Tower,4,32,0,2,38,0,45,2,0,47,4,77,2,2,85,2,0,2,87
07/04/2009,ADQ,AK,AAL,WE,Federal Contract Tower,3,4,0,3,10,0,13,5,3,21,3,17,5,6,31,0,0,0,31
07/05/2009,ADQ,AK,AAL,WE,Federal Contract Tower,5,4,0,0,9,0,41,8,1,50,5,45,8,1,59,0,0,0,59
07/06/2009,ADQ,AK,AAL,WE,Federal Contract Tower,4,4,0,1,9,0,79,2,15,96,4,83,2,16,105,0,19,19,124
07/07/2009,ADQ,AK,AAL,WE,Federal Contract Tower,5,8,0,4,17,1,61,3,7,72,6,69,3,11,89,0,6,6,95
07/08/2009,ADQ,AK,AAL,WE,Federal Contract Tower,3,10,0,2,15,0,52,8,12,72,3,62,8,14,87,6,12,18,105
07/09/2009,ADQ,AK,AAL,WE,Federal Contract Tower,5,7,0,4,16,0,38,4,9,51,5,45,4,13,67,2,41,43,110
07/10/2009,ADQ,AK,AAL,WE,Federal Contract Tower,4,5,0,2,11,0,70,5,8,83,4,75,5,10,94,6,21,27,121
07/11/2009,ADQ,AK,AAL,WE,Federal Contract Tower,0,6,1,1,8,0,36,5,3,44,0,42,6,4,52,0,2,2,54
07/12/2009,ADQ,AK,AAL,WE,Federal Contract Tower,4,5,1,1,11,0,18,0,2,20,4,23,1,3,31,2,0,2,33
07/13/2009,ADQ,AK,AAL,WE,Federal Contract Tower,4,32,1,14,51,0,23,8,5,36,4,55,9,19,87,30,34,64,151
07/14/2009,ADQ,AK,AAL,WE,Federal Contract Tower,5,12,1,4,22,0,78,2,10,90,5,90,3,14,112,2,93,95,207
07/15/2009,ADQ,AK,AAL,WE,Federal Contract Tower,4,6,0,3,13,0,63,1,10,74,4,69,1,13,87,0,104,104,191
07/16/2009,ADQ,AK,AAL,WE,Federal Contract Tower,7,6,3,4,20,0,62,11,14,87,7,68,14,18,107,5,81,86,193
07/17/2009,ADQ,AK,AAL,WE,Federal Contract Tower,2,14,0,4,20,0,42,0,4,46,2,56,0,8,66,2,0,2,68
07/18/2009,ADQ,AK,AAL,WE,Federal Contract Tower,0,11,0,2,13,0,18,0,0,18,0,29,0,2,31,0,0,0,31
07/19/2009,ADQ,AK,AAL,WE,Federal Contract Tower,4,19,0,5,28,0,10,0,0,10,4,29,0,5,38,0,0,0,38
07/20/2009,ADQ,AK,AAL,WE,Federal Contract Tower,3,6,0,2,11,0,79,4,13,96,3,85,4,15,107,0,72,72,179
07/21/2009,ADQ,AK,AAL,WE,Federal Contract Tower,2,8,0,6,16,0,9,0,0,9,2,17,0,6,25,0,0,0,25
07/22/2009,ADQ,AK,AAL,WE,Federal Contract Tower,4,18,0,7,29,0,40,0,8,48,4,58,0,15,77,0,36,36,113
07/23/2009,ADQ,AK,AAL,WE,Federal Contract Tower,6,27,4,4,41,0,29,1,1,31,6,56,5,5,72,0,16,16,88
07/24/2009,ADQ,AK,AAL,WE,Federal Contract Tower,3,11,0,5,19,1,82,4,6,93,4,93,4,11,112,0,26,26,138
07/25/2009,ADQ,AK,AAL,WE,Federal Contract Tower,2,11,0,2,15,0,3,0,0,3,2,14,0,2,18,0,0,0,18
07/26/2009,ADQ,AK,AAL,WE,Federal Contract Tower,3,9,0,2,14,0,39,7,5,51,3,48,7,7,65,2,8,10,75
07/27/2009,ADQ,AK,AAL,WE,Federal Contract Tower,4,14,1,5,24,0,56,3,7,66,4,70,4,12,90,0,46,46,136
07/28/2009,ADQ,AK,AAL,WE,Federal Contract Tower,4,27,0,4,35,0,0,0,0,0,4,27,0,4,35,0,0,0,35
07/29/2009,ADQ,AK,AAL,WE,Federal Contract Tower,3,5,2,0,10,1,94,0,10,105,4,99,2,10,115,0,14,14,129
07/30/2009,ADQ,AK,AAL,WE,Federal Contract Tower,6,31,1,12,50,0,9,0,1,10,6,40,1,13,60,0,0,0,60
07/31/2009,ADQ,AK,AAL,WE,Federal Contract Tower,3,8,2,3,16,1,80,10,7,98,4,88,12,10,114,2,19,21,135
08/01/2009,ADQ,AK,AAL,WE,Federal Contract Tower,4,8,1,0,13,0,41,11,7,59,4,49,12,7,72,0,0,0,72
08/02/2009,ADQ,AK,AAL,WE,Federal Contract Tower,4,7,1,0,12,0,37,10,2,49,4,44,11,2,61,6,0,6,67
08/03/2009,ADQ,AK,AAL,WE,Federal Contract Tower,4,16,1,6,27,0,16,0,0,16,4,32,1,6,43,0,4,4,47
08/04/2009,ADQ,AK,AAL,WE,Federal Contract Tower,9,14,1,5,29,0,47,5,7,59,9,61,6,12,88,0,0,0,88
08/05/2009,ADQ,AK,AAL,WE,Federal Contract Tower,4,20,0,4,28,0,72,2,4,78,4,92,2,8,106,2,65,67,173
08/06/2009,ADQ,AK,AAL,WE,Federal Contract Tower,3,7,2,1,13,1,64,5,9,79,4,71,7,10,92,0,66,66,158
08/07/2009,ADQ,AK,AAL,WE,Federal Contract Tower,4,9,2,4,19,0,87,2,4,93,4,96,4,8,112,2,0,2,114
08/08/2009,ADQ,AK,AAL,WE,Federal Contract Tower,4,8,1,0,13,0,57,8,5,70,4,65,9,5,83,2,3,5,88
08/09/2009,ADQ,AK,AAL,WE,Federal Contract Tower,4,9,0,3,16,0,38,5,2,45,4,47,5,5,61,0,0,0,61
08/10/2009,ADQ,AK,AAL,WE,Federal Contract Tower,3,8,0,1,12,0,77,5,6,88,3,85,5,7,100,0,30,30,130
08/11/2009,ADQ,AK,AAL,WE,Federal Contract Tower,4,19,1,2,26,0,57,4,4,65,4,76,5,6,91,0,12,12,103
08/12/2009,ADQ,AK,AAL,WE,Federal Contract Tower,2,7,0,3,12,0,39,4,7,50,2,46,4,10,62,2,51,53,115
08/13/2009,ADQ,AK,AAL,WE,Federal Contract Tower,5,34,0,6,45,0,45,0,4,49,5,79,0,10,94,0,13,13,107
08/14/2009,ADQ,AK,AAL,WE,Federal Contract Tower,4,10,4,4,22,0,39,5,2,46,4,49,9,6,68,2,6,8,76
08/15/2009,ADQ,AK,AAL,WE,Federal Contract Tower,4,9,0,3,16,0,59,2,2,63,4,68,2,5,79,0,40,40,119
08/16/2009,ADQ,AK,AAL,WE,Federal Contract Tower,4,8,0,4,16,0,38,2,2,42,4,46,2,6,58,0,9,9,67
08/17/2009,ADQ,AK,AAL,WE,Federal Contract Tower,3,6,0,3,12,1,75,1,3,80,4,81,1,6,92,8,9,17,109
08/18/2009,ADQ,AK,AAL,WE,Federal Contract Tower,5,8,0,1,14,0,90,0,7,97,5,98,0,8,111,0,16,16,127
08/19/2009,ADQ,AK,AAL,WE,Federal Contract Tower,3,7,0,1,11,1,83,2,11,97,4,90,2,12,108,0,27,27,135
08/20/2009,ADQ,AK,AAL,WE,Federal Contract Tower,3,11,2,1,17,0,66,2,5,73,3,77,4,6,90,0,13,13,103
08/21/2009,ADQ,AK,AAL,WE,Federal Contract Tower,3,8,0,2,13,0,60,0,7,67,3,68,0,9,80,0,13,13,93
08/22/2009,ADQ,AK,AAL,WE,Federal Contract Tower,4,8,1,0,13,0,46,4,4,54,4,54,5,4,67,0,3,3,70
08/23/2009,ADQ,AK,AAL,WE,Federal Contract Tower,3,6,0,2,11,0,57,2,4,63,3,63,2,6,74,0,12,12,86
08/24/2009,ADQ,AK,AAL,WE,Federal Contract Tower,2,8,2,2,14,1,77,7,7,92,3,85,9,9,106,2,24,26,132
08/25/2009,ADQ,AK,AAL,WE,Federal Contract Tower,4,6,0,5,15,0,73,2,17,92,4,79,2,22,107,0,10,10,117
08/26/2009,ADQ,AK,AAL,WE,Federal Contract Tower,5,29,5,7,46,0,54,0,14,68,5,83,5,21,114,0,0,0,114
08/27/2009,ADQ,AK,AAL,WE,Federal Contract Tower,5,22,3,0,30,0,18,0,2,20,5,40,3,2,50,2,17,19,69
08/28/2009,ADQ,AK,AAL,WE,Federal Contract Tower,4,19,2,0,25,0,21,0,0,21,4,40,2,0,46,0,0,0,46
08/29/2009,ADQ,AK,AAL,WE,Federal Contract Tower,4,15,0,2,21,0,68,2,3,73,4,83,2,5,94,0,0,0,94
08/30/2009,ADQ,AK,AAL,WE,Federal Contract Tower,3,3,0,0,6,1,41,4,0,46,4,44,4,0,52,23,0,23,75
08/31/2009,ADQ,AK,AAL,WE,Federal Contract Tower,3,5,1,2,11,1,82,2,12,97,4,87,3,14,108,4,0,4,112
09/01/2009,ADQ,AK,AAL,WE,Federal Contract Tower,4,33,0,7,44,0,47,0,4,51,4,80,0,11,95,0,18,18,113
09/02/2009,ADQ,AK,AAL,WE,Federal Contract Tower,3,44,0,9,56,0,30,0,3,33,3,74,0,12,89,2,27,29,118
09/03/2009,ADQ,AK,AAL,WE,Federal Contract Tower,3,13,2,4,22,0,65,0,7,72,3,78,2,11,94,0,66,66,160
09/04/2009,ADQ,AK,AAL,WE,Federal Contract Tower,4,8,0,3,15,0,87,3,16,106,4,95,3,19,121,0,0,0,121
09/05/2009,ADQ,AK,AAL,WE,Federal Contract Tower,5,9,0,2,16,0,61,1,2,64,5,70,1,4,80,0,53,53,133
09/06/2009,ADQ,AK,AAL,WE,Federal Contract Tower,3,3,0,1,7,1,40,0,3,44,4,43,0,4,51,0,17,17,68
09/07/2009,ADQ,AK,AAL,WE,Federal Contract Tower,3,12,0,2,17,0,45,0,0,45,3,57,0,2,62,0,21,21,83
09/08/2009,ADQ,AK,AAL,WE,Federal Contract Tower,4,43,0,10,57,0,0,0,0,0,4,43,0,10,57,0,0,0,57
09/09/2009,ADQ,AK,AAL,WE,Federal Contract Tower,4,21,0,7,32,0,45,5,4,54,4,66,5,11,86,0,29,29,115
09/10/2009,ADQ,AK,AAL,WE,Federal Contract Tower,0,9,1,0,10,0,0,0,1,1,0,9,1,1,11,0,17,17,28
09/11/2009,ADQ,AK,AAL,WE,Federal Contract Tower,6,14,2,5,27,0,75,2,9,86,6,89,4,14,113,0,24,24,137
09/12/2009,ADQ,AK,AAL,WE,Federal Contract Tower,2,9,0,1,12,0,73,9,2,84,2,82,9,3,96,0,20,20,116
09/13/2009,ADQ,AK,AAL,WE,Federal Contract Tower,4,34,0,0,38,0,0,0,0,0,4,34,0,0,38,0,0,0,38
09/14/2009,ADQ,AK,AAL,WE,Federal Contract Tower,5,32,1,11,49,0,45,0,6,51,5,77,1,17,100,0,15,15,115
09/15/2009,ADQ,AK,AAL,WE,Federal Contract Tower,3,37,2,8,50,0,23,0,1,24,3,60,2,9,74,0,2,2,76
09/16/2009,ADQ,AK,AAL,WE,Federal Contract Tower,0,18,0,3,21,0,0,0,0,0,0,18,0,3,21,0,0,0,21
09/17/2009,ADQ,AK,AAL,WE,Federal Contract Tower,8,8,3,5,24,0,61,1,10,72,8,69,4,15,96,10,14,24,120
09/18/2009,ADQ,AK,AAL,WE,Federal Contract Tower,4,14,0,3,21,0,64,5,3,72,4,78,5,6,93,0,6,6,99
09/19/2009,ADQ,AK,AAL,WE,Federal Contract Tower,3,8,1,1,13,0,37,11,3,51,3,45,12,4,64,0,0,0,64
09/20/2009,ADQ,AK,AAL,WE,Federal Contract Tower,0,7,0,0,7,0,1,0,0,1,0,8,0,0,8,0,0,0,8
09/21/2009,ADQ,AK,AAL,WE,Federal Contract Tower,4,8,0,2,14,0,96,7,9,112,4,104,7,11,126,9,63,72,198
09/22/2009,ADQ,AK,AAL,WE,Federal Contract Tower,3,6,3,4,16,1,86,8,16,111,4,92,11,20,127,2,10,12,139
09/23/2009,ADQ,AK,AAL,WE,Federal Contract Tower,5,7,1,3,16,0,78,11,16,105,5,85,12,19,121,10,59,69,190
09/24/2009,ADQ,AK,AAL,WE,Federal Contract Tower,2,13,0,9,24,0,9,0,4,13,2,22,0,13,37,0,38,38,75
09/25/2009,ADQ,AK,AAL,WE,Federal Contract Tower,6,12,2,1,21,0,41,0,12,53,6,53,2,13,74,0,11,11,85
09/26/2009,ADQ,AK,AAL,WE,Federal Contract Tower,4,5,0,1,10,0,53,5,1,59,4,58,5,2,69,0,5,5,74
09/27/2009,ADQ,AK,AAL,WE,Federal Contract Tower,4,10,0,3,17,0,16,5,2,23,4,26,5,5,40,3,0,3,43
09/28/2009,ADQ,AK,AAL,WE,Federal Contract Tower,3,7,0,5,15,0,68,2,10,80,3,75,2,15,95,0,69,69,164
09/29/2009,ADQ,AK,AAL,WE,Federal Contract Tower,5,18,2,8,33,0,0,0,0,0,5,18,2,8,33,0,0,0,33
09/30/2009,ADQ,AK,AAL,WE,Federal Contract Tower,3,9,1,2,15,0,70,5,17,92,3,79,6,19,107,0,34,34,141
10/01/2009,ADQ,AK,AAL,WE,Federal Contract Tower,6,7,2,2,17,0,68,13,14,95,6,75,15,16,112,2,4,6,118
10/02/2009,ADQ,AK,AAL,WE,Federal Contract Tower,4,5,0,4,13,1,57,7,3,68,5,62,7,7,81,0,152,152,233
10/03/2009,ADQ,AK,AAL,WE,Federal Contract Tower,4,11,0,5,20,0,36,0,0,36,4,47,0,5,56,2,0,2,58
10/04/2009,ADQ,AK,AAL,WE,Federal Contract Tower,4,3,0,2,9,0,21,0,3,24,4,24,0,5,33,2,22,24,57
10/05/2009,ADQ,AK,AAL,WE,Federal Contract Tower,6,6,2,2,16,0,53,6,5,64,6,59,8,7,80,0,97,97,177
10/06/2009,ADQ,AK,AAL,WE,Federal Contract Tower,2,14,0,3,19,0,22,1,3,26,2,36,1,6,45,0,42,42,87
10/07/2009,ADQ,AK,AAL,WE,Federal Contract Tower,3,7,4,7,21,0,0,0,2,2,3,7,4,9,23,0,0,0,23
10/08/2009,ADQ,AK,AAL,WE,Federal Contract Tower,4,22,0,9,35,0,7,0,4,11,4,29,0,13,46,0,1,1,47
10/09/2009,ADQ,AK,AAL,WE,Federal Contract Tower,2,20,0,0,22,0,0,0,0,0,2,20,0,0,22,0,0,0,22
10/10/2009,ADQ,AK,AAL,WE,Federal Contract Tower,2,10,0,2,14,0,61,6,1,68,2,71,6,3,82,0,6,6,88
10/11/2009,ADQ,AK,AAL,WE,Federal Contract Tower,4,4,0,2,10,0,37,0,1,38,4,41,0,3,48,6,24,30,78
10/12/2009,ADQ,AK,AAL,WE,Federal Contract Tower,3,3,0,0,6,0,0,0,0,0,3,3,0,0,6,0,0,0,6
10/13/2009,ADQ,AK,AAL,WE,Federal Contract Tower,3,33,2,5,43,1,8,0,0,9,4,41,2,5,52,0,0,0,52
10/14/2009,ADQ,AK,AAL,WE,Federal Contract Tower,5,10,0,2,17,1,62,5,11,79,6,72,5,13,96,0,16,16,112
10/15/2009,ADQ,AK,AAL,WE,Federal Contract Tower,4,22,1,4,31,0,41,2,3,46,4,63,3,7,77,0,42,42,119
10/16/2009,ADQ,AK,AAL,WE,Federal Contract Tower,6,10,1,1,18,0,85,17,8,110,6,95,18,9,128,0,9,9,137
10/17/2009,ADQ,AK,AAL,WE,Federal Contract Tower,1,6,0,2,9,1,73,8,12,94,2,79,8,14,103,0,31,31,134
10/18/2009,ADQ,AK,AAL,WE,Federal Contract Tower,4,5,0,1,10,0,53,0,3,56,4,58,0,4,66,2,0,2,68
10/19/2009,ADQ,AK,AAL,WE,Federal Contract Tower,6,9,2,1,18,0,62,3,11,76,6,71,5,12,94,8,70,78,172
10/20/2009,ADQ,AK,AAL,WE,Federal Contract Tower,4,14,0,2,20,0,7,0,11,18,4,21,0,13,38,0,0,0,38
10/21/2009,ADQ,AK,AAL,WE,Federal Contract Tower,5,13,2,4,24,0,7,0,2,9,5,20,2,6,33,0,0,0,33
10/22/2009,ADQ,AK,AAL,WE,Federal Contract Tower,4,14,0,5,23,0,54,7,2,63,4,68,7,7,86,0,25,25,111
10/23/2009,ADQ,AK,AAL,WE,Federal Contract Tower,6,13,0,3,22,0,49,0,13,62,6,62,0,16,84,0,0,0,84
10/24/2009,ADQ,AK,AAL,WE,Federal Contract Tower,2,6,2,2,12,0,58,4,4,66,2,64,6,6,78,0,6,6,84
10/25/2009,ADQ,AK,AAL,WE,Federal Contract Tower,4,6,0,1,11,0,19,2,3,24,4,25,2,4,35,12,2,14,49
10/26/2009,ADQ,AK,AAL,WE,Federal Contract Tower,4,9,0,2,15,0,60,1,10,71,4,69,1,12,86,0,0,0,86
10/27/2009,ADQ,AK,AAL,WE,Federal Contract Tower,4,7,0,2,13,0,59,4,23,86,4,66,4,25,99,2,6,8,107
10/28/2009,ADQ,AK,AAL,WE,Federal Contract Tower,6,12,0,5,23,0,57,5,13,75,6,69,5,18,98,12,38,50,148
10/29/2009,ADQ,AK,AAL,WE,Federal Contract Tower,4,7,0,4,15,0,66,1,22,89,4,73,1,26,104,4,6,10,114
10/30/2009,ADQ,AK,AAL,WE,Federal Contract Tower,4,8,2,2,16,0,58,0,5,63,4,66,2,7,79,0,18,18,97
10/31/2009,ADQ,AK,AAL,WE,Federal Contract Tower,3,4,2,2,11,1,70,4,1,76,4,74,6,3,87,0,34,34,121
11/01/2009,ADQ,AK,AAL,WE,Federal Contract Tower,4,2,1,0,7,0,40,4,3,47,4,42,5,3,54,0,39,39,93
11/02/2009,ADQ,AK,AAL,WE,Federal Contract Tower,6,9,0,0,15,0,81,12,0,93,6,90,12,0,108,0,35,35,143
11/03/2009,ADQ,AK,AAL,WE,Federal Contract Tower,3,20,0,2,25,1,28,0,3,32,4,48,0,5,57,2,0,2,59
11/04/2009,ADQ,AK,AAL,WE,Federal Contract Tower,6,11,0,2,19,0,24,0,4,28,6,35,0,6,47,0,2,2,49
11/05/2009,ADQ,AK,AAL,WE,Federal Contract Tower,4,12,0,1,17,0,26,0,10,36,4,38,0,11,53,2,0,2,55
11/06/2009,ADQ,AK,AAL,WE,Federal Contract Tower,5,12,0,5,22,1,72,5,7,85,6,84,5,12,107,0,0,0,107
11/07/2009,ADQ,AK,AAL,WE,Federal Contract Tower,2,6,0,2,10,0,57,4,5,66,2,63,4,7,76,0,0,0,76
11/08/2009,ADQ,AK,AAL,WE,Federal Contract Tower,2,5,2,2,11,0,27,2,1,30,2,32,4,3,41,0,36,36,77
11/09/2009,ADQ,AK,AAL,WE,Federal Contract Tower,5,9,0,6,20,1,46,0,7,54,6,55,0,13,74,7,9,16,90
11/10/2009,ADQ,AK,AAL,WE,Federal Contract Tower,4,7,1,2,14,0,45,7,3,55,4,52,8,5,69,0,14,14,83
11/11/2009,ADQ,AK,AAL,WE,Federal Contract Tower,6,8,1,1,16,0,46,2,1,49,6,54,3,2,65,0,0,0,65
11/12/2009,ADQ,AK,AAL,WE,Federal Contract Tower,4,12,1,3,20,0,14,1,13,28,4,26,2,16,48,0,46,46,94
11/13/2009,ADQ,AK,AAL,WE,Federal Contract Tower,2,13,0,4,19,0,39,2,5,46,2,52,2,9,65,0,50,50,115
11/14/2009,ADQ,AK,AAL,WE,Federal Contract Tower,2,4,0,1,7,0,5,0,3,8,2,9,0,4,15,0,0,0,15
11/15/2009,ADQ,AK,AAL,WE,Federal Contract Tower,4,4,0,1,9,0,55,0,3,58,4,59,0,4,67,8,10,18,85
11/16/2009,ADQ,AK,AAL,WE,Federal Contract Tower,8,7,2,3,20,0,60,3,12,75,8,67,5,15,95,8,38,46,141
11/17/2009,ADQ,AK,AAL,WE,Federal Contract Tower,4,10,0,7,21,0,52,4,11,67,4,62,4,18,88,2,30,32,120
11/18/2009,ADQ,AK,AAL,WE,Federal Contract Tower,6,12,0,3,21,0,26,0,9,35,6,38,0,12,56,0,81,81,137
11/19/2009,ADQ,AK,AAL,WE,Federal Contract Tower,4,12,0,2,18,0,53,7,26,86,4,65,7,28,104,0,52,52,156
11/20/2009,ADQ,AK,AAL,WE,Federal Contract Tower,4,18,0,7,29,0,25,0,10,35,4,43,0,17,64,0,38,38,102
11/21/2009,ADQ,AK,AAL,WE,Federal Contract Tower,4,5,0,1,10,0,63,2,7,72,4,68,2,8,82,0,6,6,88
11/22/2009,ADQ,AK,AAL,WE,Federal Contract Tower,4,4,0,2,10,0,10,0,2,12,4,14,0,4,22,0,0,0,22
11/23/2009,ADQ,AK,AAL,WE,Federal Contract Tower,4,9,0,1,14,0,57,2,12,71,4,66,2,13,85,2,80,82,167
11/24/2009,ADQ,AK,AAL,WE,Federal Contract Tower,4,10,0,2,16,0,40,2,18,60,4,50,2,20,76,0,65,65,141
11/25/2009,ADQ,AK,AAL,WE,Federal Contract Tower,6,10,1,4,21,0,48,0,6,54,6,58,1,10,75,5,6,11,86
11/26/2009,ADQ,AK,AAL,WE,Federal Contract Tower,0,2,0,0,2,0,3,0,0,3,0,5,0,0,5,0,0,0,5
11/27/2009,ADQ,AK,AAL,WE,Federal Contract Tower,0,7,0,0,7,0,49,3,1,53,0,56,3,1,60,5,34,39,99
11/28/2009,ADQ,AK,AAL,WE,Federal Contract Tower,0,3,0,0,3,0,0,0,1,1,0,3,0,1,4,0,0,0,4
11/29/2009,ADQ,AK,AAL,WE,Federal Contract Tower,4,8,0,1,13,0,48,2,0,50,4,56,2,1,63,0,26,26,89
11/30/2009,ADQ,AK,AAL,WE,Federal Contract Tower,2,5,0,3,10,0,12,0,4,16,2,17,0,7,26,0,0,0,26
12/01/2009,ADQ,AK,AAL,WE,Federal Contract Tower,4,15,0,2,21,0,52,0,10,62,4,67,0,12,83,0,8,8,91
12/02/2009,ADQ,AK,AAL,WE,Federal Contract Tower,7,12,0,8,27,0,41,2,16,59,7,53,2,24,86,0,12,12,98
12/03/2009,ADQ,AK,AAL,WE,Federal Contract Tower,4,4,0,3,11,0,57,3,15,75,4,61,3,18,86,7,92,99,185
12/04/2009,ADQ,AK,AAL,WE,Federal Contract Tower,4,8,0,2,14,0,34,0,25,59,4,42,0,27,73,0,73,73,146
12/05/2009,ADQ,AK,AAL,WE,Federal Contract Tower,2,8,0,1,11,0,0,0,0,0,2,8,0,1,11,0,15,15,26
12/06/2009,ADQ,AK,AAL,WE,Federal Contract Tower,3,6,0,0,9,1,48,0,4,53,4,54,0,4,62,0,0,0,62
12/07/2009,ADQ,AK,AAL,WE,Federal Contract Tower,6,11,0,4,21,0,75,1,17,93,6,86,1,21,114,13,77,90,204
12/08/2009,ADQ,AK,AAL,WE,Federal Contract Tower,4,10,3,5,22,0,38,7,10,55,4,48,10,15,77,0,84,84,161
12/09/2009,ADQ,AK,AAL,WE,Federal Contract Tower,6,30,0,13,49,0,36,6,10,52,6,66,6,23,101,9,7,16,117
12/10/2009,ADQ,AK,AAL,WE,Federal Contract Tower,8,13,0,3,24,0,56,3,9,68,8,69,3,12,92,0,34,34,126
12/11/2009,ADQ,AK,AAL,WE,Federal Contract Tower,6,8,0,0,14,0,55,8,18,81,6,63,8,18,95,16,35,51,146
12/12/2009,ADQ,AK,AAL,WE,Federal Contract Tower,2,5,0,1,8,0,41,7,5,53,2,46,7,6,61,0,0,0,61
12/13/2009,ADQ,AK,AAL,WE,Federal Contract Tower,4,6,0,0,10,0,32,0,0,32,4,38,0,0,42,10,22,32,74
12/14/2009,ADQ,AK,AAL,WE,Federal Contract Tower,6,10,0,3,19,0,68,7,14,89,6,78,7,17,108,2,90,92,200
12/15/2009,ADQ,AK,AAL,WE,Federal Contract Tower,4,16,0,8,28,0,14,0,6,20,4,30,0,14,48,10,49,59,107
12/16/2009,ADQ,AK,AAL,WE,Federal Contract Tower,6,7,0,2,15,0,33,2,6,41,6,40,2,8,56,0,17,17,73
12/17/2009,ADQ,AK,AAL,WE,Federal Contract Tower,4,7,0,5,16,0,42,3,9,54,4,49,3,14,70,10,77,87,157
12/18/2009,ADQ,AK,AAL,WE,Federal Contract Tower,6,9,0,0,15,0,62,4,0,66,6,71,4,0,81,0,0,0,81
12/19/2009,ADQ,AK,AAL,WE,Federal Contract Tower,2,10,0,1,13,0,36,0,1,37,2,46,0,2,50,0,11,11,61
12/20/2009,ADQ,AK,AAL,WE,Federal Contract Tower,0,3,0,1,4,0,0,0,0,0,0,3,0,1,4,0,0,0,4
12/21/2009,ADQ,AK,AAL,WE,Federal Contract Tower,0,10,0,4,14,0,0,0,0,0,0,10,0,4,14,0,0,0,14
12/22/2009,ADQ,AK,AAL,WE,Federal Contract Tower,4,10,0,2,16,0,112,10,8,130,4,122,10,10,146,0,0,0,146
12/23/2009,ADQ,AK,AAL,WE,Federal Contract Tower,6,12,0,2,20,0,50,5,6,61,6,62,5,8,81,0,6,6,87
12/24/2009,ADQ,AK,AAL,WE,Federal Contract Tower,4,8,0,2,14,0,6,0,2,8,4,14,0,4,22,0,0,0,22
12/25/2009,ADQ,AK,AAL,WE,Federal Contract Tower,0,1,0,2,3,0,0,0,0,0,0,1,0,2,3,0,0,0,3
12/26/2009,ADQ,AK,AAL,WE,Federal Contract Tower,2,15,0,1,18,0,9,0,2,11,2,24,0,3,29,0,0,0,29
12/27/2009,ADQ,AK,AAL,WE,Federal Contract Tower,4,4,0,1,9,0,18,0,2,20,4,22,0,3,29,0,7,7,36
12/28/2009,ADQ,AK,AAL,WE,Federal Contract Tower,6,10,0,3,19,0,5,0,3,8,6,15,0,6,27,0,0,0,27
12/29/2009,ADQ,AK,AAL,WE,Federal Contract Tower,4,16,0,5,25,0,1,0,0,1,4,17,0,5,26,0,19,19,45
12/30/2009,ADQ,AK,AAL,WE,Federal Contract Tower,6,10,0,1,17,0,67,8,5,80,6,77,8,6,97,0,0,0,97
12/31/2009,ADQ,AK,AAL,WE,Federal Contract Tower,2,7,0,0,9,0,48,5,3,56,2,55,5,3,65,15,26,41,106
01/01/2010,ADQ,AK,AAL,WE,Federal Contract Tower,2,1,0,0,3,0,1,2,0,3,2,2,2,0,6,0,0,0,6
01/02/2010,ADQ,AK,AAL,WE,Federal Contract Tower,2,8,0,0,10,0,39,3,0,42,2,47,3,0,52,0,26,26,78
01/03/2010,ADQ,AK,AAL,WE,Federal Contract Tower,4,6,0,1,11,0,12,0,1,13,4,18,0,2,24,0,33,33,57
01/04/2010,ADQ,AK,AAL,WE,Federal Contract Tower,4,10,2,1,17,0,10,0,0,10,4,20,2,1,27,0,0,0,27
01/05/2010,ADQ,AK,AAL,WE,Federal Contract Tower,6,14,0,7,27,0,22,0,6,28,6,36,0,13,55,0,94,94,149
01/06/2010,ADQ,AK,AAL,WE,Federal Contract Tower,2,10,0,1,13,0,0,0,0,0,2,10,0,1,13,0,10,10,23
01/07/2010,ADQ,AK,AAL,WE,Federal Contract Tower,5,16,2,3,26,0,0,0,0,0,5,16,2,3,26,0,10,10,36
01/08/2010,ADQ,AK,AAL,WE,Federal Contract Tower,8,14,2,5,29,0,50,0,12,62,8,64,2,17,91,0,80,80,171
01/09/2010,ADQ,AK,AAL,WE,Federal Contract Tower,2,16,0,1,19,0,13,0,2,15,2,29,0,3,34,0,25,25,59
01/10/2010,ADQ,AK,AAL,WE,Federal Contract Tower,4,5,0,1,10,0,0,0,0,0,4,5,0,1,10,0,0,0,10
01/11/2010,ADQ,AK,AAL,WE,Federal Contract Tower,6,10,0,1,17,0,36,0,15,51,6,46,0,16,68,0,39,39,107
01/12/2010,ADQ,AK,AAL,WE,Federal Contract Tower,4,14,0,5,23,0,29,0,11,40,4,43,0,16,63,0,67,67,130
01/13/2010,ADQ,AK,AAL,WE,Federal Contract Tower,3,6,3,6,18,1,52,9,15,77,4,58,12,21,95,0,77,77,172
01/14/2010,ADQ,AK,AAL,WE,Federal Contract Tower,2,24,1,10,37,0,6,0,0,6,2,30,1,10,43,0,47,47,90
01/15/2010,ADQ,AK,AAL,WE,Federal Contract Tower,6,12,0,1,19,0,49,2,8,59,6,61,2,9,78,12,2,14,92
01/16/2010,ADQ,AK,AAL,WE,Federal Contract Tower,6,13,0,2,21,0,7,0,1,8,6,20,0,3,29,0,0,0,29
01/17/2010,ADQ,AK,AAL,WE,Federal Contract Tower,6,5,0,0,11,0,24,9,1,34,6,29,9,1,45,20,22,42,87
01/18/2010,ADQ,AK,AAL,WE,Federal Contract Tower,6,11,0,0,17,0,43,0,3,46,6,54,0,3,63,0,36,36,99
01/19/2010,ADQ,AK,AAL,WE,Federal Contract Tower,6,8,0,4,18,0,0,0,7,7,6,8,0,11,25,0,30,30,55
01/20/2010,ADQ,AK,AAL,WE,Federal Contract Tower,7,22,2,8,39,0,43,2,4,49,7,65,4,12,88,0,20,20,108
01/21/2010,ADQ,AK,AAL,WE,Federal Contract Tower,4,10,0,1,15,1,41,1,7,50,5,51,1,8,65,0,60,60,125
01/22/2010,ADQ,AK,AAL,WE,Federal Contract Tower,4,11,0,4,19,0,30,2,0,32,4,41,2,4,51,0,0,0,51
01/23/2010,ADQ,AK,AAL,WE,Federal Contract Tower,4,4,0,0,8,0,42,8,7,57,4,46,8,7,65,2,0,2,67
01/24/2010,ADQ,AK,AAL,WE,Federal Contract Tower,6,6,0,0,12,0,12,2,0,14,6,18,2,0,26,0,0,0,26
01/25/2010,ADQ,AK,AAL,WE,Federal Contract Tower,8,6,0,4,18,0,47,5,18,70,8,53,5,22,88,2,56,58,146
01/26/2010,ADQ,AK,AAL,WE,Federal Contract Tower,8,14,0,8,30,0,48,1,9,58,8,62,1,17,88,0,66,66,154
01/27/2010,ADQ,AK,AAL,WE,Federal Contract Tower,6,12,0,7,25,0,5,2,4,11,6,17,2,11,36,24,23,47,83
01/28/2010,ADQ,AK,AAL,WE,Federal Contract Tower,7,17,0,2,26,0,0,0,0,0,7,17,0,2,26,0,0,0,26
01/29/2010,ADQ,AK,AAL,WE,Federal Contract Tower,0,0,0,1,1,0,0,0,0,0,0,0,0,1,1,0,0,0,1
01/30/2010,ADQ,AK,AAL,WE,Federal Contract Tower,2,6,0,3,11,0,0,0,0,0,2,6,0,3,11,0,0,0,11
01/31/2010,ADQ,AK,AAL,WE,Federal Contract Tower,4,8,0,7,19,0,33,0,2,35,4,41,0,9,54,0,19,19,73
02/01/2010,ADQ,AK,AAL,WE,Federal Contract Tower,6,31,0,3,40,0,3,0,1,4,6,34,0,4,44,0,0,0,44
02/02/2010,ADQ,AK,AAL,WE,Federal Contract Tower,10,13,1,3,27,0,47,4,4,55,10,60,5,7,82,8,15,23,105
02/03/2010,ADQ,AK,AAL,WE,Federal Contract Tower,8,19,1,6,34,0,35,4,5,44,8,54,5,11,78,0,49,49,127
02/04/2010,ADQ,AK,AAL,WE,Federal Contract Tower,6,11,0,5,22,0,36,7,4,47,6,47,7,9,69,0,112,112,181
02/05/2010,ADQ,AK,AAL,WE,Federal Contract Tower,4,11,0,4,19,0,20,0,6,26,4,31,0,10,45,13,20,33,78
02/06/2010,ADQ,AK,AAL,WE,Federal Contract Tower,2,7,0,0,9,0,41,8,3,52,2,48,8,3,61,25,17,42,103
02/07/2010,ADQ,AK,AAL,WE,Federal Contract Tower,4,5,0,1,10,0,9,2,1,12,4,14,2,2,22,4,0,4,26
02/08/2010,ADQ,AK,AAL,WE,Federal Contract Tower,4,6,4,3,17,0,25,1,6,32,4,31,5,9,49,7,10,17,66
02/09/2010,ADQ,AK,AAL,WE,Federal Contract Tower,2,12,2,2,18,0,17,0,8,25,2,29,2,10,43,0,58,58,101
02/10/2010,ADQ,AK,AAL,WE,Federal Contract Tower,4,22,0,8,34,0,18,1,2,21,4,40,1,10,55,0,0,0,55
02/11/2010,ADQ,AK,AAL,WE,Federal Contract Tower,4,21,0,4,29,0,13,0,0,13,4,34,0,4,42,0,0,0,42
02/12/2010,ADQ,AK,AAL,WE,Federal Contract Tower,4,14,6,2,26,0,27,0,10,37,4,41,6,12,63,0,90,90,153
02/13/2010,ADQ,AK,AAL,WE,Federal Contract Tower,2,7,0,0,9,0,21,2,0,23,2,28,2,0,32,0,0,0,32
02/14/2010,ADQ,AK,AAL,WE,Federal Contract Tower,4,6,0,2,12,0,0,0,2,2,4,6,0,4,14,0,0,0,14
02/15/2010,ADQ,AK,AAL,WE,Federal Contract Tower,5,11,1,0,17,0,45,4,0,49,5,56,5,0,66,0,0,0,66
02/16/2010,ADQ,AK,AAL,WE,Federal Contract Tower,4,11,0,7,22,0,44,0,4,48,4,55,0,11,70,0,34,34,104
02/17/2010,ADQ,AK,AAL,WE,Federal Contract Tower,6,14,0,2,22,0,33,1,15,49,6,47,1,17,71,0,39,39,110
02/18/2010,ADQ,AK,AAL,WE,Federal Contract Tower,4,13,0,1,18,0,23,2,4,29,4,36,2,5,47,0,2,2,49
02/19/2010,ADQ,AK,AAL,WE,Federal Contract Tower,4,37,3,10,54,0,19,0,3,22,4,56,3,13,76,14,19,33,109
02/20/2010,ADQ,AK,AAL,WE,Federal Contract Tower,4,10,0,4,18,0,26,4,1,31,4,36,4,5,49,8,0,8,57
02/21/2010,ADQ,AK,AAL,WE,Federal Contract Tower,4,10,0,2,16,0,1,0,0,1,4,11,0,2,17,0,0,0,17
02/22/2010,ADQ,AK,AAL,WE,Federal Contract Tower,5,10,0,4,19,0,58,0,6,64,5,68,0,10,83,9,146,155,238
02/23/2010,ADQ,AK,AAL,WE,Federal Contract Tower,4,13,0,2,19,0,33,1,11,45,4,46,1,13,64,0,97,97,161
02/24/2010,ADQ,AK,AAL,WE,Federal Contract Tower,6,10,0,2,18,0,43,2,11,56,6,53,2,13,74,4,100,104,178
02/25/2010,ADQ,AK,AAL,WE,Federal Contract Tower,7,6,0,1,14,0,51,13,7,71,7,57,13,8,85,4,84,88,173
02/26/2010,ADQ,AK,AAL,WE,Federal Contract Tower,4,8,0,1,13,0,56,5,4,65,4,64,5,5,78,24,52,76,154
02/27/2010,ADQ,AK,AAL,WE,Federal Contract Tower,2,4,0,1,7,0,17,0,2,19,2,21,0,3,26,0,0,0,26
02/28/2010,ADQ,AK,AAL,WE,Federal Contract Tower,4,6,0,3,13,0,1,0,0,1,4,7,0,3,14,5,4,9,23
03/01/2010,ADQ,AK,AAL,WE,Federal Contract Tower,4,31,0,3,38,0,23,0,10,33,4,54,0,13,71,0,0,0,71
03/02/2010,ADQ,AK,AAL,WE,Federal Contract Tower,4,23,0,0,27,0,17,2,0,19,4,40,2,0,46,0,0,0,46
03/03/2010,ADQ,AK,AAL,WE,Federal Contract Tower,6,7,1,2,16,0,70,6,10,86,6,77,7,12,102,8,76,84,186
03/04/2010,ADQ,AK,AAL,WE,Federal Contract Tower,4,8,1,2,15,0,58,10,7,75,4,66,11,9,90,18,33,51,141
03/05/2010,ADQ,AK,AAL,WE,Federal Contract Tower,4,9,0,0,13,0,20,0,7,27,4,29,0,7,40,0,11,11,51
03/06/2010,ADQ,AK,AAL,WE,Federal Contract Tower,4,6,0,1,11,0,33,0,2,35,4,39,0,3,46,13,0,13,59
03/07/2010,ADQ,AK,AAL,WE,Federal Contract Tower,2,8,0,1,11,0,19,3,1,23,2,27,3,2,34,0,21,21,55
03/08/2010,ADQ,AK,AAL,WE,Federal Contract Tower,0,5,0,0,5,0,1,0,0,1,0,6,0,0,6,0,15,15,21
03/09/2010,ADQ,AK,AAL,WE,Federal Contract Tower,4,10,0,1,15,0,0,0,0,0,4,10,0,1,15,0,0,0,15
03/10/2010,ADQ,AK,AAL,WE,Federal Contract Tower,4,7,1,5,17,0,66,2,5,73,4,73,3,10,90,0,2,2,92
03/11/2010,ADQ,AK,AAL,WE,Federal Contract Tower,6,10,0,1,17,0,23,2,6,31,6,33,2,7,48,0,12,12,60
03/12/2010,ADQ,AK,AAL,WE,Federal Contract Tower,4,12,0,1,17,0,89,3,3,95,4,101,3,4,112,6,2,8,120
03/13/2010,ADQ,AK,AAL,WE,Federal Contract Tower,0,7,0,1,8,0,0,0,0,0,0,7,0,1,8,0,0,0,8
03/14/2010,ADQ,AK,AAL,WE,Federal Contract Tower,4,5,0,3,12,0,9,0,0,9,4,14,0,3,21,0,0,0,21
03/15/2010,ADQ,AK,AAL,WE,Federal Contract Tower,5,12,0,2,19,0,23,0,11,34,5,35,0,13,53,0,10,10,63
03/16/2010,ADQ,AK,AAL,WE,Federal Contract Tower,4,21,0,5,30,0,17,0,4,21,4,38,0,9,51,0,0,0,51
03/17/2010,ADQ,AK,AAL,WE,Federal Contract Tower,6,7,0,1,14,0,81,10,22,113,6,88,10,23,127,6,26,32,159
03/18/2010,ADQ,AK,AAL,WE,Federal Contract Tower,4,14,0,3,21,0,21,0,4,25,4,35,0,7,46,0,0,0,46
03/19/2010,ADQ,AK,AAL,WE,Federal Contract Tower,6,10,0,2,18,0,48,5,6,59,6,58,5,8,77,0,21,21,98
03/20/2010,ADQ,AK,AAL,WE,Federal Contract Tower,2,6,0,0,8,0,31,4,3,38,2,37,4,3,46,0,0,0,46
03/21/2010,ADQ,AK,AAL,WE,Federal Contract Tower,4,7,0,3,14,0,24,0,2,26,4,31,0,5,40,24,0,24,64
03/22/2010,ADQ,AK,AAL,WE,Federal Contract Tower,4,8,0,3,15,0,41,2,7,50,4,49,2,10,65,0,0,0,65
03/23/2010,ADQ,AK,AAL,WE,Federal Contract Tower,4,12,0,4,20,0,32,0,6,38,4,44,0,10,58,0,0,0,58
03/24/2010,ADQ,AK,AAL,WE,Federal Contract Tower,2,11,1,3,17,1,53,4,7,65,3,64,5,10,82,0,15,15,97
03/25/2010,ADQ,AK,AAL,WE,Federal Contract Tower,5,15,0,5,25,0,44,4,19,67,5,59,4,24,92,0,30,30,122
03/26/2010,ADQ,AK,AAL,WE,Federal Contract Tower,3,11,0,1,15,1,15,2,9,27,4,26,2,10,42,0,51,51,93
03/27/2010,ADQ,AK,AAL,WE,Federal Contract Tower,2,5,1,2,10,0,35,5,2,42,2,40,6,4,52,0,0,0,52
03/28/2010,ADQ,AK,AAL,WE,Federal Contract Tower,4,6,0,2,12,0,19,5,2,26,4,25,5,4,38,5,0,5,43
03/29/2010,ADQ,AK,AAL,WE,Federal Contract Tower,4,9,0,0,13,0,4,0,0,4,4,13,0,0,17,0,0,0,17
03/30/2010,ADQ,AK,AAL,WE,Federal Contract Tower,2,6,0,2,10,0,7,0,13,20,2,13,0,15,30,0,0,0,30
03/31/2010,ADQ,AK,AAL,WE,Federal Contract Tower,6,26,1,3,36,0,60,2,8,70,6,86,3,11,106,18,16,34,140
04/01/2010,ADQ,AK,AAL,WE,Federal Contract Tower,4,13,0,3,20,0,46,4,10,60,4,59,4,13,80,0,7,7,87
04/02/2010,ADQ,AK,AAL,WE,Federal Contract Tower,0,9,0,4,13,0,1,0,0,1,0,10,0,4,14,0,33,33,47
04/03/2010,ADQ,AK,AAL,WE,Federal Contract Tower,4,10,0,1,15,0,56,9,7,72,4,66,9,8,87,32,0,32,119
04/04/2010,ADQ,AK,AAL,WE,Federal Contract Tower,3,8,0,0,11,0,0,0,1,1,3,8,0,1,12,0,0,0,12
04/05/2010,ADQ,AK,AAL,WE,Federal Contract Tower,3,9,0,1,13,0,57,8,12,77,3,66,8,13,90,9,26,35,125
04/06/2010,ADQ,AK,AAL,WE,Federal Contract Tower,4,6,0,1,11,0,71,6,11,88,4,77,6,12,99,14,4,18,117
04/07/2010,ADQ,AK,AAL,WE,Federal Contract Tower,5,8,0,2,15,0,58,8,15,81,5,66,8,17,96,19,19,38,134
04/08/2010,ADQ,AK,AAL,WE,Federal Contract Tower,3,10,0,4,17,0,51,15,11,77,3,61,15,15,94,18,29,47,141
04/09/2010,ADQ,AK,AAL,WE,Federal Contract Tower,6,5,0,3,14,0,96,8,9,113,6,101,8,12,127,2,32,34,161
04/10/2010,ADQ,AK,AAL,WE,Federal Contract Tower,1,6,0,1,8,0,31,2,2,35,1,37,2,3,43,5,0,5,48
04/11/2010,ADQ,AK,AAL,WE,Federal Contract Tower,4,5,0,3,12,0,16,1,4,21,4,21,1,7,33,0,3,3,36
04/12/2010,ADQ,AK,AAL,WE,Federal Contract Tower,3,8,0,2,13,0,43,3,13,59,3,51,3,15,72,2,4,6,78
04/13/2010,ADQ,AK,AAL,WE,Federal Contract Tower,3,9,0,3,15,0,58,6,11,75,3,67,6,14,90,19,10,29,119
04/14/2010,ADQ,AK,AAL,WE,Federal Contract Tower,5,12,0,2,19,1,58,9,9,77,6,70,9,11,96,0,36,36,132
04/15/2010,ADQ,AK,AAL,WE,Federal Contract Tower,3,7,0,3,13,0,75,5,14,94,3,82,5,17,107,0,17,17,124
04/16/2010,ADQ,AK,AAL,WE,Federal Contract Tower,6,15,0,5,26,0,32,2,6,40,6,47,2,11,66,0,0,0,66
04/17/2010,ADQ,AK,AAL,WE,Federal Contract Tower,1,6,0,0,7,0,17,0,1,18,1,23,0,1,25,0,9,9,34
04/18/2010,ADQ,AK,AAL,WE,Federal Contract Tower,4,7,0,2,13,0,2,0,2,4,4,9,0,4,17,0,0,0,17
04/19/2010,ADQ,AK,AAL,WE,Federal Contract Tower,5,7,0,5,17,0,80,12,12,104,5,87,12,17,121,18,29,47,168
04/20/2010,ADQ,AK,AAL,WE,Federal Contract Tower,4,14,1,3,22,0,43,8,4,55,4,57,9,7,77,12,3,15,92
04/21/2010,ADQ,AK,AAL,WE,Federal Contract Tower,5,10,1,2,18,0,64,10,7,81,5,74,11,9,99,14,26,40,139
04/22/2010,ADQ,AK,AAL,WE,Federal Contract Tower,3,6,0,1,10,0,52,21,7,80,3,58,21,8,90,6,53,59,149
04/23/2010,ADQ,AK,AAL,WE,Federal Contract Tower,3,10,0,3,16,0,76,22,6,104,3,86,22,9,120,0,0,0,120
04/24/2010,ADQ,AK,AAL,WE,Federal Contract Tower,3,5,0,1,9,0,31,20,7,58,3,36,20,8,67,4,8,12,79
04/25/2010,ADQ,AK,AAL,WE,Federal Contract Tower,3,4,0,1,8,0,0,0,0,0,3,4,0,1,8,0,0,0,8
04/26/2010,ADQ,AK,AAL,WE,Federal Contract Tower,3,12,0,6,21,0,30,4,3,37,3,42,4,9,58,2,46,48,106
04/27/2010,ADQ,AK,AAL,WE,Federal Contract Tower,3,12,0,7,22,0,67,11,8,86,3,79,11,15,108,0,82,82,190
04/28/2010,ADQ,AK,AAL,WE,Federal Contract Tower,5,11,0,2,18,0,48,5,6,59,5,59,5,8,77,0,8,8,85
04/29/2010,ADQ,AK,AAL,WE,Federal Contract Tower,3,10,4,1,18,0,61,11,7,79,3,71,15,8,97,2,21,23,120
04/30/2010,ADQ,AK,AAL,WE,Federal Contract Tower,5,7,0,6,18,0,59,11,3,73,5,66,11,9,91,2,0,2,93
05/01/2010,ADQ,AK,AAL,WE,Federal Contract Tower,1,6,0,0,7,0,56,10,0,66,1,62,10,0,73,14,0,14,87
05/02/2010,ADQ,AK,AAL,WE,Federal Contract Tower,3,4,0,0,7,0,8,6,2,16,3,12,6,2,23,0,23,23,46
05/03/2010,ADQ,AK,AAL,WE,Federal Contract Tower,3,6,2,2,13,0,46,0,1,47,3,52,2,3,60,2,0,2,62
05/04/2010,ADQ,AK,AAL,WE,Federal Contract Tower,3,8,0,0,11,0,63,7,4,74,3,71,7,4,85,2,8,10,95
05/05/2010,ADQ,AK,AAL,WE,Federal Contract Tower,5,7,2,0,14,0,0,0,0,0,5,7,2,0,14,0,0,0,14
05/06/2010,ADQ,AK,AAL,WE,Federal Contract Tower,3,11,0,5,19,0,42,4,5,51,3,53,4,10,70,11,0,11,81
05/07/2010,ADQ,AK,AAL,WE,Federal Contract Tower,5,8,0,3,16,0,67,5,5,77,5,75,5,8,93,6,105,111,204
05/08/2010,ADQ,AK,AAL,WE,Federal Contract Tower,1,7,2,2,12,0,47,2,8,57,1,54,4,10,69,18,2,20,89
05/09/2010,ADQ,AK,AAL,WE,Federal Contract Tower,3,4,0,0,7,0,25,6,2,33,3,29,6,2,40,0,16,16,56
05/10/2010,ADQ,AK,AAL,WE,Federal Contract Tower,2,7,0,4,13,0,23,0,4,27,2,30,0,8,40,0,5,5,45
05/11/2010,ADQ,AK,AAL,WE,Federal Contract Tower,4,16,1,3,24,1,32,3,12,48,5,48,4,15,72,0,27,27,99
05/12/2010,ADQ,AK,AAL,WE,Federal Contract Tower,5,11,0,3,19,0,57,4,12,73,5,68,4,15,92,9,58,67,159
05/13/2010,ADQ,AK,AAL,WE,Federal Contract Tower,3,14,0,5,22,0,35,0,7,42,3,49,0,12,64,2,26,28,92
05/14/2010,ADQ,AK,AAL,WE,Federal Contract Tower,3,14,0,3,20,0,48,1,3,52,3,62,1,6,72,0,7,7,79
05/15/2010,ADQ,AK,AAL,WE,Federal Contract Tower,3,4,0,4,11,0,56,4,0,60,3,60,4,4,71,11,0,11,82
05/16/2010,ADQ,AK,AAL,WE,Federal Contract Tower,0,4,0,2,6,0,14,0,1,15,0,18,0,3,21,0,0,0,21
05/17/2010,ADQ,AK,AAL,WE,Federal Contract Tower,0,11,1,3,15,0,25,2,2,29,0,36,3,5,44,0,0,0,44
05/18/2010,ADQ,AK,AAL,WE,Federal Contract Tower,3,23,0,3,29,0,46,0,16,62,3,69,0,19,91,0,12,12,103
05/19/2010,ADQ,AK,AAL,WE,Federal Contract Tower,5,12,0,4,21,0,46,4,5,55,5,58,4,9,76,0,29,29,105
05/20/2010,ADQ,AK,AAL,WE,Federal Contract Tower,3,26,1,6,36,0,0,0,0,0,3,26,1,6,36,0,7,7,43
05/21/2010,ADQ,AK,AAL,WE,Federal Contract Tower,4,8,0,2,14,0,95,6,8,109,4,103,6,10,123,7,0,7,130
05/22/2010,ADQ,AK,AAL,WE,Federal Contract Tower,4,4,0,2,10,0,65,3,2,70,4,69,3,4,80,12,0,12,92
05/23/2010,ADQ,AK,AAL,WE,Federal Contract Tower,3,7,0,2,12,0,41,0,3,44,3,48,0,5,56,6,11,17,73
05/24/2010,ADQ,AK,AAL,WE,Federal Contract Tower,3,11,0,2,16,0,54,11,16,81,3,65,11,18,97,0,23,23,120
05/25/2010,ADQ,AK,AAL,WE,Federal Contract Tower,2,5,0,2,9,1,75,3,24,103,3,80,3,26,112,0,6,6,118
05/26/2010,ADQ,AK,AAL,WE,Federal Contract Tower,4,9,0,2,15,1,80,7,21,109,5,89,7,23,124,6,5,11,135
05/27/2010,ADQ,AK,AAL,WE,Federal Contract Tower,2,12,1,4,19,1,68,5,17,91,3,80,6,21,110,0,2,2,112
05/28/2010,ADQ,AK,AAL,WE,Federal Contract Tower,4,27,1,3,35,0,76,4,4,84,4,103,5,7,119,6,0,6,125
05/29/2010,ADQ,AK,AAL,WE,Federal Contract Tower,3,22,2,2,29,0,7,0,0,7,3,29,2,2,36,0,0,0,36
05/30/2010,ADQ,AK,AAL,WE,Federal Contract Tower,0,5,0,1,6,0,0,0,0,0,0,5,0,1,6,0,0,0,6
05/31/2010,ADQ,AK,AAL,WE,Federal Contract Tower,3,11,1,3,18,0,49,0,0,49,3,60,1,3,67,0,0,0,67
06/01/2010,ADQ,AK,AAL,WE,Federal Contract Tower,3,38,0,4,45,0,29,0,0,29,3,67,0,4,74,0,0,0,74
06/02/2010,ADQ,AK,AAL,WE,Federal Contract Tower,4,12,2,3,21,1,61,0,16,78,5,73,2,19,99,4,0,4,103
06/03/2010,ADQ,AK,AAL,WE,Federal Contract Tower,3,15,6,3,27,0,82,5,22,109,3,97,11,25,136,0,19,19,155
06/04/2010,ADQ,AK,AAL,WE,Federal Contract Tower,3,14,2,2,21,0,61,1,17,79,3,75,3,19,100,0,0,0,100
06/05/2010,ADQ,AK,AAL,WE,Federal Contract Tower,3,8,0,2,13,0,7,1,1,9,3,15,1,3,22,0,12,12,34
06/06/2010,ADQ,AK,AAL,WE,Federal Contract Tower,3,6,0,0,9,1,36,1,2,40,4,42,1,2,49,0,22,22,71
06/07/2010,ADQ,AK,AAL,WE,Federal Contract Tower,3,7,0,0,10,0,59,3,14,76,3,66,3,14,86,0,49,49,135
06/08/2010,ADQ,AK,AAL,WE,Federal Contract Tower,6,11,0,1,18,0,69,4,10,83,6,80,4,11,101,2,30,32,133
06/09/2010,ADQ,AK,AAL,WE,Federal Contract Tower,3,7,0,4,14,0,83,12,12,107,3,90,12,16,121,8,1,9,130
06/10/2010,ADQ,AK,AAL,WE,Federal Contract Tower,3,9,0,1,13,0,69,10,8,87,3,78,10,9,100,2,19,21,121
06/11/2010,ADQ,AK,AAL,WE,Federal Contract Tower,4,12,0,6,22,0,13,0,3,16,4,25,0,9,38,0,19,19,57
06/12/2010,ADQ,AK,AAL,WE,Federal Contract Tower,1,6,0,0,7,0,73,20,1,94,1,79,20,1,101,5,3,8,109
06/13/2010,ADQ,AK,AAL,WE,Federal Contract Tower,7,5,0,1,13,1,30,11,1,43,8,35,11,2,56,0,20,20,76
06/14/2010,ADQ,AK,AAL,WE,Federal Contract Tower,4,10,4,12,30,0,47,2,6,55,4,57,6,18,85,0,14,14,99
06/15/2010,ADQ,AK,AAL,WE,Federal Contract Tower,6,11,1,4,22,0,98,3,9,110,6,109,4,13,132,2,57,59,191
06/16/2010,ADQ,AK,AAL,WE,Federal Contract Tower,6,8,1,3,18,0,66,3,10,79,6,74,4,13,97,2,0,2,99
06/17/2010,ADQ,AK,AAL,WE,Federal Contract Tower,6,7,0,1,14,0,60,9,9,78,6,67,9,10,92,4,108,112,204
06/18/2010,ADQ,AK,AAL,WE,Federal Contract Tower,3,11,1,2,17,0,74,2,7,83,3,85,3,9,100,0,2,2,102
06/19/2010,ADQ,AK,AAL,WE,Federal Contract Tower,2,10,0,1,13,0,47,2,4,53,2,57,2,5,66,0,0,0,66
06/20/2010,ADQ,AK,AAL,WE,Federal Contract Tower,4,3,2,0,9,0,29,12,1,42,4,32,14,1,51,22,0,22,73
06/21/2010,ADQ,AK,AAL,WE,Federal Contract Tower,3,31,1,8,43,0,14,1,3,18,3,45,2,11,61,0,11,11,72
06/22/2010,ADQ,AK,AAL,WE,Federal Contract Tower,6,11,0,5,22,1,78,3,29,111,7,89,3,34,133,0,26,26,159
06/23/2010,ADQ,AK,AAL,WE,Federal Contract Tower,3,7,0,5,15,0,76,5,24,105,3,83,5,29,120,0,33,33,153
06/24/2010,ADQ,AK,AAL,WE,Federal Contract Tower,7,9,0,4,20,0,61,6,17,84,7,70,6,21,104,14,22,36,140
06/25/2010,ADQ,AK,AAL,WE,Federal Contract Tower,4,19,0,7,30,0,26,3,1,30,4,45,3,8,60,2,8,10,70
06/26/2010,ADQ,AK,AAL,WE,Federal Contract Tower,4,7,0,2,13,0,61,12,4,77,4,68,12,6,90,0,3,3,93
06/27/2010,ADQ,AK,AAL,WE,Federal Contract Tower,4,6,0,6,16,0,30,8,1,39,4,36,8,7,55,4,12,16,71
06/28/2010,ADQ,AK,AAL,WE,Federal Contract Tower,2,11,0,2,15,0,53,5,6,64,2,64,5,8,79,2,39,41,120
06/29/2010,ADQ,AK,AAL,WE,Federal Contract Tower,4,20,0,6,30,0,43,3,4,50,4,63,3,10,80,0,0,0,80
06/30/2010,ADQ,AK,AAL,WE,Federal Contract Tower,3,45,3,4,55,0,33,6,9,48,3,78,9,13,103,10,42,52,155
07/01/2010,ADQ,AK,AAL,WE,Federal Contract Tower,2,21,0,4,27,0,0,1,0,1,2,21,1,4,28,0,0,0,28
07/02/2010,ADQ,AK,AAL,WE,Federal Contract Tower,3,48,1,13,65,0,0,0,0,0,3,48,1,13,65,0,0,0,65
07/03/2010,ADQ,AK,AAL,WE,Federal Contract Tower,3,7,2,2,14,1,105,4,4,114,4,112,6,6,128,0,0,0,128
07/04/2010,ADQ,AK,AAL,WE,Federal Contract Tower,0,5,0,2,7,0,20,6,2,28,0,25,6,4,35,0,2,2,37
07/05/2010,ADQ,AK,AAL,WE,Federal Contract Tower,4,8,0,1,13,0,58,14,1,73,4,66,14,2,86,3,0,3,89
07/06/2010,ADQ,AK,AAL,WE,Federal Contract Tower,5,10,0,0,15,0,67,8,3,78,5,77,8,3,93,0,24,24,117
07/07/2010,ADQ,AK,AAL,WE,Federal Contract Tower,3,21,0,2,26,0,0,0,0,0,3,21,0,2,26,0,0,0,26
07/08/2010,ADQ,AK,AAL,WE,Federal Contract Tower,5,21,0,3,29,0,67,13,5,85,5,88,13,8,114,4,3,7,121
07/09/2010,ADQ,AK,AAL,WE,Federal Contract Tower,4,25,0,9,38,0,0,0,0,0,4,25,0,9,38,0,0,0,38
07/10/2010,ADQ,AK,AAL,WE,Federal Contract Tower,4,10,0,1,15,0,59,11,5,75,4,69,11,6,90,0,24,24,114
07/11/2010,ADQ,AK,AAL,WE,Federal Contract Tower,4,4,0,0,8,0,30,10,4,44,4,34,10,4,52,3,0,3,55
07/12/2010,ADQ,AK,AAL,WE,Federal Contract Tower,3,13,0,2,18,0,82,14,10,106,3,95,14,12,124,20,30,50,174
07/13/2010,ADQ,AK,AAL,WE,Federal Contract Tower,3,12,1,6,22,1,53,0,8,62,4,65,1,14,84,0,50,50,134
07/14/2010,ADQ,AK,AAL,WE,Federal Contract Tower,3,6,1,3,13,0,0,0,0,0,3,6,1,3,13,0,26,26,39
07/15/2010,ADQ,AK,AAL,WE,Federal Contract Tower,3,12,1,1,17,0,63,16,14,93,3,75,17,15,110,0,67,67,177
07/16/2010,ADQ,AK,AAL,WE,Federal Contract Tower,5,22,4,7,38,0,8,2,2,12,5,30,6,9,50,0,0,0,50
07/17/2010,ADQ,AK,AAL,WE,Federal Contract Tower,4,15,2,1,22,0,24,7,4,35,4,39,9,5,57,3,0,3,60
07/18/2010,ADQ,AK,AAL,WE,Federal Contract Tower,4,7,3,2,16,0,39,8,1,48,4,46,11,3,64,0,18,18,82
07/19/2010,ADQ,AK,AAL,WE,Federal Contract Tower,4,11,0,3,18,0,63,13,10,86,4,74,13,13,104,0,94,94,198
07/20/2010,ADQ,AK,AAL,WE,Federal Contract Tower,2,11,0,4,17,0,44,5,11,60,2,55,5,15,77,0,57,57,134
07/21/2010,ADQ,AK,AAL,WE,Federal Contract Tower,3,8,1,3,15,0,67,12,16,95,3,75,13,19,110,5,29,34,144
07/22/2010,ADQ,AK,AAL,WE,Federal Contract Tower,5,12,1,3,21,0,76,7,17,100,5,88,8,20,121,5,43,48,169
07/23/2010,ADQ,AK,AAL,WE,Federal Contract Tower,3,7,2,3,15,0,67,9,9,85,3,74,11,12,100,0,87,87,187
07/24/2010,ADQ,AK,AAL,WE,Federal Contract Tower,4,8,0,1,13,0,44,8,5,57,4,52,8,6,70,0,10,10,80
07/25/2010,ADQ,AK,AAL,WE,Federal Contract Tower,3,7,4,1,15,0,22,8,2,32,3,29,12,3,47,0,0,0,47
07/26/2010,ADQ,AK,AAL,WE,Federal Contract Tower,4,10,0,3,17,0,57,3,7,67,4,67,3,10,84,2,104,106,190
07/27/2010,ADQ,AK,AAL,WE,Federal Contract Tower,3,9,3,4,19,0,80,12,5,97,3,89,15,9,116,0,14,14,130
07/28/2010,ADQ,AK,AAL,WE,Federal Contract Tower,3,10,1,2,16,0,66,15,17,98,3,76,16,19,114,0,49,49,163
07/29/2010,ADQ,AK,AAL,WE,Federal Contract Tower,3,14,0,9,26,0,6,0,2,8,3,20,0,11,34,0,0,0,34
07/30/2010,ADQ,AK,AAL,WE,Federal Contract Tower,3,31,2,4,40,0,2,0,0,2,3,33,2,4,42,0,0,0,42
07/31/2010,ADQ,AK,AAL,WE,Federal Contract Tower,3,10,3,2,18,1,73,6,7,87,4,83,9,9,105,0,0,0,105
08/01/2010,ADQ,AK,AAL,WE,Federal Contract Tower,3,8,0,2,13,0,40,11,1,52,3,48,11,3,65,0,34,34,99
08/02/2010,ADQ,AK,AAL,WE,Federal Contract Tower,4,9,0,7,20,0,30,0,3,33,4,39,0,10,53,0,0,0,53
08/03/2010,ADQ,AK,AAL,WE,Federal Contract Tower,2,16,2,2,22,0,36,0,1,37,2,52,2,3,59,0,44,44,103
08/04/2010,ADQ,AK,AAL,WE,Federal Contract Tower,4,21,2,2,29,0,79,13,15,107,4,100,15,17,136,0,78,78,214
08/05/2010,ADQ,AK,AAL,WE,Federal Contract Tower,6,8,3,1,18,0,87,12,21,120,6,95,15,22,138,12,174,186,324
08/06/2010,ADQ,AK,AAL,WE,Federal Contract Tower,4,12,2,3,21,0,86,10,12,108,4,98,12,15,129,0,0,0,129
08/07/2010,ADQ,AK,AAL,WE,Federal Contract Tower,1,10,4,0,15,1,52,9,0,62,2,62,13,0,77,2,0,2,79
08/08/2010,ADQ,AK,AAL,WE,Federal Contract Tower,3,13,1,2,19,0,24,0,0,24,3,37,1,2,43,0,26,26,69
08/09/2010,ADQ,AK,AAL,WE,Federal Contract Tower,4,11,0,4,19,0,46,7,16,69,4,57,7,20,88,0,19,19,107
08/10/2010,ADQ,AK,AAL,WE,Federal Contract Tower,5,4,0,6,15,0,71,8,21,100,5,75,8,27,115,4,2,6,121
08/11/2010,ADQ,AK,AAL,WE,Federal Contract Tower,4,6,2,5,17,0,69,18,11,98,4,75,20,16,115,2,44,46,161
08/12/2010,ADQ,AK,AAL,WE,Federal Contract Tower,3,21,1,9,34,0,0,0,0,0,3,21,1,9,34,0,0,0,34
08/13/2010,ADQ,AK,AAL,WE,Federal Contract Tower,4,31,1,7,43,0,0,0,0,0,4,31,1,7,43,0,24,24,67
08/14/2010,ADQ,AK,AAL,WE,Federal Contract Tower,0,1,0,5,6,0,0,0,0,0,0,1,0,5,6,0,0,0,6
08/15/2010,ADQ,AK,AAL,WE,Federal Contract Tower,4,13,5,2,24,0,64,9,2,75,4,77,14,4,99,0,0,0,99
08/16/2010,ADQ,AK,AAL,WE,Federal Contract Tower,4,12,1,8,25,0,57,0,8,65,4,69,1,16,90,0,53,53,143
08/17/2010,ADQ,AK,AAL,WE,Federal Contract Tower,6,10,0,2,18,0,42,1,21,64,6,52,1,23,82,0,85,85,167
08/18/2010,ADQ,AK,AAL,WE,Federal Contract Tower,4,9,1,3,17,0,47,5,7,59,4,56,6,10,76,0,35,35,111
08/19/2010,ADQ,AK,AAL,WE,Federal Contract Tower,3,9,2,3,17,0,124,10,21,155,3,133,12,24,172,0,105,105,277
08/20/2010,ADQ,AK,AAL,WE,Federal Contract Tower,3,7,3,2,15,0,106,29,5,140,3,113,32,7,155,0,0,0,155
08/21/2010,ADQ,AK,AAL,WE,Federal Contract Tower,2,7,3,1,13,1,58,6,15,80,3,65,9,16,93,0,8,8,101
08/22/2010,ADQ,AK,AAL,WE,Federal Contract Tower,6,23,3,2,34,0,10,0,0,10,6,33,3,2,44,0,0,0,44
08/23/2010,ADQ,AK,AAL,WE,Federal Contract Tower,3,7,1,2,13,1,83,10,19,113,4,90,11,21,126,0,25,25,151
08/24/2010,ADQ,AK,AAL,WE,Federal Contract Tower,4,8,1,1,14,1,80,9,12,102,5,88,10,13,116,0,25,25,141
08/25/2010,ADQ,AK,AAL,WE,Federal Contract Tower,4,6,4,2,16,0,96,19,16,131,4,102,23,18,147,13,53,66,213
08/26/2010,ADQ,AK,AAL,WE,Federal Contract Tower,6,5,1,2,14,0,74,8,22,104,6,79,9,24,118,0,68,68,186
08/27/2010,ADQ,AK,AAL,WE,Federal Contract Tower,4,22,0,3,29,0,66,1,12,79,4,88,1,15,108,0,27,27,135
08/28/2010,ADQ,AK,AAL,WE,Federal Contract Tower,5,7,1,0,13,0,46,9,7,62,5,53,10,7,75,3,34,37,112
08/29/2010,ADQ,AK,AAL,WE,Federal Contract Tower,4,8,2,0,14,0,36,1,3,40,4,44,3,3,54,0,76,76,130
08/30/2010,ADQ,AK,AAL,WE,Federal Contract Tower,3,8,0,1,12,1,48,2,6,57,4,56,2,7,69,12,55,67,136
08/31/2010,ADQ,AK,AAL,WE,Federal Contract Tower,4,6,0,1,11,0,69,10,20,99,4,75,10,21,110,20,111,131,241
09/01/2010,ADQ,AK,AAL,WE,Federal Contract Tower,4,6,2,3,15,0,80,8,14,102,4,86,10,17,117,0,45,45,162
09/02/2010,ADQ,AK,AAL,WE,Federal Contract Tower,6,8,0,2,16,1,87,5,3,96,7,95,5,5,112,0,52,52,164
09/03/2010,ADQ,AK,AAL,WE,Federal Contract Tower,4,6,1,4,15,0,104,15,11,130,4,110,16,15,145,16,8,24,169
09/04/2010,ADQ,AK,AAL,WE,Federal Contract Tower,4,8,1,3,16,0,43,3,3,49,4,51,4,6,65,4,6,10,75
09/05/2010,ADQ,AK,AAL,WE,Federal Contract Tower,4,7,1,1,13,0,36,8,2,46,4,43,9,3,59,0,2,2,61
09/06/2010,ADQ,AK,AAL,WE,Federal Contract Tower,4,7,3,2,16,0,45,10,1,56,4,52,13,3,72,5,47,52,124
09/07/2010,ADQ,AK,AAL,WE,Federal Contract Tower,2,7,0,0,9,1,85,16,11,113,3,92,16,11,122,0,31,31,153
09/08/2010,ADQ,AK,AAL,WE,Federal Contract Tower,3,10,0,1,14,0,64,16,7,87,3,74,16,8,101,0,0,0,101
09/09/2010,ADQ,AK,AAL,WE,Federal Contract Tower,5,5,1,1,12,1,49,5,16,71,6,54,6,17,83,2,9,11,94
09/10/2010,ADQ,AK,AAL,WE,Federal Contract Tower,4,9,0,2,15,0,101,21,3,125,4,110,21,5,140,26,0,26,166
09/11/2010,ADQ,AK,AAL,WE,Federal Contract Tower,2,8,0,1,11,0,71,21,7,99,2,79,21,8,110,32,19,51,161
09/12/2010,ADQ,AK,AAL,WE,Federal Contract Tower,4,4,1,1,10,0,28,9,3,40,4,32,10,4,50,12,2,14,64
09/13/2010,ADQ,AK,AAL,WE,Federal Contract Tower,0,2,0,0,2,0,0,0,0,0,0,2,0,0,2,0,0,0,2
09/14/2010,ADQ,AK,AAL,WE,Federal Contract Tower,6,16,0,4,26,0,55,4,10,69,6,71,4,14,95,19,22,41,136
09/15/2010,ADQ,AK,AAL,WE,Federal Contract Tower,4,9,0,0,13,0,84,24,20,128,4,93,24,20,141,14,76,90,231
09/16/2010,ADQ,AK,AAL,WE,Federal Contract Tower,4,7,0,4,15,0,70,13,19,102,4,77,13,23,117,2,38,40,157
09/17/2010,ADQ,AK,AAL,WE,Federal Contract Tower,3,10,0,2,15,1,92,11,2,106,4,102,11,4,121,0,8,8,129
09/18/2010,ADQ,AK,AAL,WE,Federal Contract Tower,2,6,0,1,9,0,51,17,2,70,2,57,17,3,79,9,0,9,88
09/19/2010,ADQ,AK,AAL,WE,Federal Contract Tower,4,14,2,4,24,0,31,3,0,34,4,45,5,4,58,0,4,4,62
09/20/2010,ADQ,AK,AAL,WE,Federal Contract Tower,4,16,0,5,25,0,47,2,8,57,4,63,2,13,82,0,0,0,82
09/21/2010,ADQ,AK,AAL,WE,Federal Contract Tower,4,28,0,2,34,0,8,0,0,8,4,36,0,2,42,0,2,2,44
09/22/2010,ADQ,AK,AAL,WE,Federal Contract Tower,6,15,2,4,27,0,42,11,9,62,6,57,13,13,89,16,32,48,137
09/23/2010,ADQ,AK,AAL,WE,Federal Contract Tower,4,24,0,1,29,0,18,2,9,29,4,42,2,10,58,0,0,0,58
09/24/2010,ADQ,AK,AAL,WE,Federal Contract Tower,4,11,0,2,17,0,10,0,5,15,4,21,0,7,32,0,0,0,32
09/25/2010,ADQ,AK,AAL,WE,Federal Contract Tower,4,6,0,0,10,0,35,0,0,35,4,41,0,0,45,0,0,0,45
09/26/2010,ADQ,AK,AAL,WE,Federal Contract Tower,4,5,0,0,9,0,52,4,0,56,4,57,4,0,65,0,8,8,73
09/27/2010,ADQ,AK,AAL,WE,Federal Contract Tower,4,9,1,0,14,0,70,11,21,102,4,79,12,21,116,10,60,70,186
09/28/2010,ADQ,AK,AAL,WE,Federal Contract Tower,6,27,0,4,37,0,41,5,9,55,6,68,5,13,92,2,5,7,99
09/29/2010,ADQ,AK,AAL,WE,Federal Contract Tower,4,11,1,6,22,0,54,7,9,70,4,65,8,15,92,0,23,23,115
09/30/2010,ADQ,AK,AAL,WE,Federal Contract Tower,2,11,0,3,16,0,52,6,8,66,2,63,6,11,82,0,64,64,146
10/01/2010,ADQ,AK,AAL,WE,Federal Contract Tower,7,9,0,5,21,0,35,0,4,39,7,44,0,9,60,0,17,17,77
10/02/2010,ADQ,AK,AAL,WE,Federal Contract Tower,4,8,0,2,14,0,49,5,0,54,4,57,5,2,68,10,0,10,78
10/03/2010,ADQ,AK,AAL,WE,Federal Contract Tower,3,7,0,2,12,1,16,4,2,23,4,23,4,4,35,0,0,0,35
10/04/2010,ADQ,AK,AAL,WE,Federal Contract Tower,4,5,0,2,11,0,52,10,6,68,4,57,10,8,79,4,29,33,112
10/05/2010,ADQ,AK,AAL,WE,Federal Contract Tower,6,10,0,1,17,0,44,8,10,62,6,54,8,11,79,0,26,26,105
10/06/2010,ADQ,AK,AAL,WE,Federal Contract Tower,4,9,0,2,15,0,62,10,17,89,4,71,10,19,104,8,6,14,118
10/07/2010,ADQ,AK,AAL,WE,Federal Contract Tower,4,10,2,5,21,0,55,2,11,68,4,65,4,16,89,0,29,29,118
10/08/2010,ADQ,AK,AAL,WE,Federal Contract Tower,6,12,2,4,24,0,36,5,3,44,6,48,7,7,68,2,12,14,82
10/09/2010,ADQ,AK,AAL,WE,Federal Contract Tower,4,3,1,0,8,0,69,7,2,78,4,72,8,2,86,0,40,40,126
10/10/2010,ADQ,AK,AAL,WE,Federal Contract Tower,4,5,0,1,10,0,37,13,1,51,4,42,13,2,61,2,40,42,103
10/11/2010,ADQ,AK,AAL,WE,Federal Contract Tower,4,11,0,2,17,0,53,4,2,59,4,64,4,4,76,0,21,21,97
10/12/2010,ADQ,AK,AAL,WE,Federal Contract Tower,6,7,1,3,17,0,44,1,14,59,6,51,2,17,76,0,13,13,89
10/13/2010,ADQ,AK,AAL,WE,Federal Contract Tower,4,9,0,2,15,0,60,4,10,74,4,69,4,12,89,23,18,41,130
10/14/2010,ADQ,AK,AAL,WE,Federal Contract Tower,6,8,0,2,16,0,49,5,11,65,6,57,5,13,81,17,4,21,102
10/15/2010,ADQ,AK,AAL,WE,Federal Contract Tower,4,4,0,1,9,0,91,5,16,112,4,95,5,17,121,0,28,28,149
10/16/2010,ADQ,AK,AAL,WE,Federal Contract Tower,2,13,0,0,15,0,25,0,0,25,2,38,0,0,40,0,0,0,40
10/17/2010,ADQ,AK,AAL,WE,Federal Contract Tower,4,8,0,1,13,0,32,2,2,36,4,40,2,3,49,7,0,7,56
10/18/2010,ADQ,AK,AAL,WE,Federal Contract Tower,3,8,0,5,16,1,61,3,4,69,4,69,3,9,85,10,24,34,119
10/19/2010,ADQ,AK,AAL,WE,Federal Contract Tower,6,9,1,4,20,0,45,5,5,55,6,54,6,9,75,0,45,45,120
10/20/2010,ADQ,AK,AAL,WE,Federal Contract Tower,4,7,2,2,15,0,42,4,8,54,4,49,6,10,69,0,8,8,77
10/21/2010,ADQ,AK,AAL,WE,Federal Contract Tower,2,6,1,3,12,0,34,3,5,42,2,40,4,8,54,9,43,52,106
10/22/2010,ADQ,AK,AAL,WE,Federal Contract Tower,4,10,0,0,14,0,62,13,18,93,4,72,13,18,107,0,31,31,138
10/23/2010,ADQ,AK,AAL,WE,Federal Contract Tower,2,8,6,1,17,0,55,3,0,58,2,63,9,1,75,0,0,0,75
10/24/2010,ADQ,AK,AAL,WE,Federal Contract Tower,4,6,1,1,12,0,45,7,2,54,4,51,8,3,66,0,6,6,72
10/25/2010,ADQ,AK,AAL,WE,Federal Contract Tower,4,9,0,1,14,0,60,24,7,91,4,69,24,8,105,11,52,63,168
10/26/2010,ADQ,AK,AAL,WE,Federal Contract Tower,6,7,3,3,19,0,50,13,10,73,6,57,16,13,92,18,31,49,141
10/27/2010,ADQ,AK,AAL,WE,Federal Contract Tower,4,11,0,2,17,0,54,16,9,79,4,65,16,11,96,0,49,49,145
10/28/2010,ADQ,AK,AAL,WE,Federal Contract Tower,6,14,0,3,23,0,45,3,15,63,6,59,3,18,86,4,79,83,169
10/29/2010,ADQ,AK,AAL,WE,Federal Contract Tower,4,7,1,1,13,0,63,14,7,84,4,70,15,8,97,0,18,18,115
10/30/2010,ADQ,AK,AAL,WE,Federal Contract Tower,4,9,3,0,16,0,51,9,3,63,4,60,12,3,79,16,13,29,108
10/31/2010,ADQ,AK,AAL,WE,Federal Contract Tower,4,8,2,3,17,0,0,0,0,0,4,8,2,3,17,0,0,0,17
11/01/2010,ADQ,AK,AAL,WE,Federal Contract Tower,4,9,1,1,15,0,55,2,10,67,4,64,3,11,82,0,80,80,162
11/02/2010,ADQ,AK,AAL,WE,Federal Contract Tower,4,6,0,1,11,0,65,10,2,77,4,71,10,3,88,16,0,16,104
11/03/2010,ADQ,AK,AAL,WE,Federal Contract Tower,4,10,0,4,18,0,4,0,7,11,4,14,0,11,29,0,11,11,40
11/04/2010,ADQ,AK,AAL,WE,Federal Contract Tower,6,7,0,3,16,0,50,8,9,67,6,57,8,12,83,6,6,12,95
11/05/2010,ADQ,AK,AAL,WE,Federal Contract Tower,5,7,0,4,16,0,67,14,7,88,5,74,14,11,104,0,21,21,125
11/06/2010,ADQ,AK,AAL,WE,Federal Contract Tower,4,6,0,2,12,0,19,2,7,28,4,25,2,9,40,2,0,2,42
11/07/2010,ADQ,AK,AAL,WE,Federal Contract Tower,4,5,0,3,12,0,31,1,7,39,4,36,1,10,51,0,0,0,51
11/08/2010,ADQ,AK,AAL,WE,Federal Contract Tower,4,8,1,1,14,0,90,8,11,109,4,98,9,12,123,20,42,62,185
11/09/2010,ADQ,AK,AAL,WE,Federal Contract Tower,4,12,0,3,19,0,64,9,18,91,4,76,9,21,110,4,30,34,144
11/10/2010,ADQ,AK,AAL,WE,Federal Contract Tower,2,8,0,1,11,0,0,0,3,3,2,8,0,4,14,0,0,0,14
11/11/2010,ADQ,AK,AAL,WE,Federal Contract Tower,5,14,0,2,21,0,49,0,0,49,5,63,0,2,70,9,0,9,79
11/12/2010,ADQ,AK,AAL,WE,Federal Contract Tower,4,14,2,2,22,0,54,13,16,83,4,68,15,18,105,11,57,68,173
11/13/2010,ADQ,AK,AAL,WE,Federal Contract Tower,2,5,0,1,8,0,72,18,1,91,2,77,18,2,99,4,28,32,131
11/14/2010,ADQ,AK,AAL,WE,Federal Contract Tower,4,7,0,2,13,0,28,8,2,38,4,35,8,4,51,8,0,8,59
11/15/2010,ADQ,AK,AAL,WE,Federal Contract Tower,3,8,0,4,15,1,30,4,6,41,4,38,4,10,56,0,36,36,92
11/16/2010,ADQ,AK,AAL,WE,Federal Contract Tower,4,12,0,1,17,0,19,4,6,29,4,31,4,7,46,0,36,36,82
11/17/2010,ADQ,AK,AAL,WE,Federal Contract Tower,6,10,0,4,20,0,58,2,16,76,6,68,2,20,96,0,16,16,112
11/18/2010,ADQ,AK,AAL,WE,Federal Contract Tower,4,10,0,1,15,0,59,12,13,84,4,69,12,14,99,30,0,30,129
11/19/2010,ADQ,AK,AAL,WE,Federal Contract Tower,6,5,1,2,14,0,74,10,14,98,6,79,11,16,112,28,14,42,154
11/20/2010,ADQ,AK,AAL,WE,Federal Contract Tower,2,7,0,0,9,0,77,21,6,104,2,84,21,6,113,58,17,75,188
11/21/2010,ADQ,AK,AAL,WE,Federal Contract Tower,4,6,0,0,10,0,24,16,2,42,4,30,16,2,52,33,12,45,97
11/22/2010,ADQ,AK,AAL,WE,Federal Contract Tower,2,5,1,0,8,0,9,1,2,12,2,14,2,2,20,0,0,0,20
11/23/2010,ADQ,AK,AAL,WE,Federal Contract Tower,4,10,1,2,17,0,52,5,19,76,4,62,6,21,93,6,22,28,121
11/24/2010,ADQ,AK,AAL,WE,Federal Contract Tower,5,10,0,3,18,1,53,14,10,78,6,63,14,13,96,20,0,20,116
11/25/2010,ADQ,AK,AAL,WE,Federal Contract Tower,0,1,2,0,3,0,0,0,0,0,0,1,2,0,3,0,0,0,3
11/26/2010,ADQ,AK,AAL,WE,Federal Contract Tower,2,8,1,0,11,0,45,6,0,51,2,53,7,0,62,2,0,2,64
11/27/2010,ADQ,AK,AAL,WE,Federal Contract Tower,2,4,0,0,6,0,58,13,0,71,2,62,13,0,77,12,0,12,89
11/28/2010,ADQ,AK,AAL,WE,Federal Contract Tower,4,4,0,0,8,0,29,3,0,32,4,33,3,0,40,12,0,12,52
11/29/2010,ADQ,AK,AAL,WE,Federal Contract Tower,3,13,0,1,17,1,11,0,3,15,4,24,0,4,32,0,6,6,38
11/30/2010,ADQ,AK,AAL,WE,Federal Contract Tower,4,9,0,1,14,0,67,4,21,92,4,76,4,22,106,0,17,17,123
12/01/2010,ADQ,AK,AAL,WE,Federal Contract Tower,7,11,0,2,20,0,53,21,26,100,7,64,21,28,120,25,34,59,179
12/02/2010,ADQ,AK,AAL,WE,Federal Contract Tower,4,12,0,1,17,0,48,7,15,70,4,60,7,16,87,0,132,132,219
12/03/2010,ADQ,AK,AAL,WE,Federal Contract Tower,4,14,0,1,19,0,39,8,7,54,4,53,8,8,73,0,11,11,84
12/04/2010,ADQ,AK,AAL,WE,Federal Contract Tower,2,4,0,1,7,0,42,3,3,48,2,46,3,4,55,0,2,2,57
12/05/2010,ADQ,AK,AAL,WE,Federal Contract Tower,4,4,0,4,12,0,14,3,1,18,4,18,3,5,30,0,0,0,30
12/06/2010,ADQ,AK,AAL,WE,Federal Contract Tower,3,8,0,1,12,0,50,3,12,65,3,58,3,13,77,0,38,38,115
12/07/2010,ADQ,AK,AAL,WE,Federal Contract Tower,4,14,0,1,19,0,16,2,0,18,4,30,2,1,37,0,44,44,81
12/08/2010,ADQ,AK,AAL,WE,Federal Contract Tower,6,8,2,3,19,0,56,7,16,79,6,64,9,19,98,0,58,58,156
12/09/2010,ADQ,AK,AAL,WE,Federal Contract Tower,4,7,1,4,16,0,58,0,17,75,4,65,1,21,91,6,150,156,247
12/10/2010,ADQ,AK,AAL,WE,Federal Contract Tower,6,11,0,1,18,0,48,3,13,64,6,59,3,14,82,0,0,0,82
12/11/2010,ADQ,AK,AAL,WE,Federal Contract Tower,2,10,0,0,12,0,20,0,2,22,2,30,0,2,34,0,0,0,34
12/12/2010,ADQ,AK,AAL,WE,Federal Contract Tower,2,6,0,0,8,0,30,2,6,38,2,36,2,6,46,0,6,6,52
12/13/2010,ADQ,AK,AAL,WE,Federal Contract Tower,4,6,0,0,10,0,56,3,4,63,4,62,3,4,73,0,20,20,93
12/14/2010,ADQ,AK,AAL,WE,Federal Contract Tower,4,7,0,1,12,0,9,0,12,21,4,16,0,13,33,0,0,0,33
12/15/2010,ADQ,AK,AAL,WE,Federal Contract Tower,2,7,0,0,9,0,3,1,2,6,2,10,1,2,15,0,2,2,17
12/16/2010,ADQ,AK,AAL,WE,Federal Contract Tower,4,10,0,2,16,0,56,0,9,65,4,66,0,11,81,0,34,34,115
12/17/2010,ADQ,AK,AAL,WE,Federal Contract Tower,5,7,0,2,14,1,74,2,2,79,6,81,2,4,93,0,0,0,93
12/18/2010,ADQ,AK,AAL,WE,Federal Contract Tower,3,11,0,1,15,0,50,7,4,61,3,61,7,5,76,1,10,11,87
12/19/2010,ADQ,AK,AAL,WE,Federal Contract Tower,4,9,0,4,17,0,18,8,10,36,4,27,8,14,53,28,18,46,99
12/20/2010,ADQ,AK,AAL,WE,Federal Contract Tower,4,7,0,0,11,0,9,0,7,16,4,16,0,7,27,0,4,4,31
12/21/2010,ADQ,AK,AAL,WE,Federal Contract Tower,2,8,0,1,11,0,0,0,0,0,2,8,0,1,11,0,0,0,11
12/22/2010,ADQ,AK,AAL,WE,Federal Contract Tower,6,9,0,1,16,0,62,4,4,70,6,71,4,5,86,0,27,27,113
12/23/2010,ADQ,AK,AAL,WE,Federal Contract Tower,2,8,0,2,12,1,70,3,2,76,3,78,3,4,88,0,34,34,122
12/24/2010,ADQ,AK,AAL,WE,Federal Contract Tower,6,12,0,1,19,0,28,0,5,33,6,40,0,6,52,0,16,16,68
12/25/2010,ADQ,AK,AAL,WE,Federal Contract Tower,0,0,0,0,0,0,0,0,0,0,0,0,0,0,0,0,0,0,0
12/26/2010,ADQ,AK,AAL,WE,Federal Contract Tower,4,6,0,1,11,0,4,0,1,5,4,10,0,2,16,0,10,10,26
12/27/2010,ADQ,AK,AAL,WE,Federal Contract Tower,4,9,0,1,14,0,46,1,7,54,4,55,1,8,68,0,44,44,112
12/28/2010,ADQ,AK,AAL,WE,Federal Contract Tower,4,10,0,1,15,0,67,3,7,77,4,77,3,8,92,0,60,60,152
12/29/2010,ADQ,AK,AAL,WE,Federal Contract Tower,4,12,0,3,19,0,5,0,0,5,4,17,0,3,24,0,2,2,26
12/30/2010,ADQ,AK,AAL,WE,Federal Contract Tower,3,12,0,1,16,0,22,0,0,22,3,34,0,1,38,0,30,30,68
12/31/2010,ADQ,AK,AAL,WE,Federal Contract Tower,3,19,0,1,23,0,50,3,3,56,3,69,3,4,79,14,2,16,95
01/01/2011,ADQ,AK,AAL,WE,Federal Contract Tower,0,1,0,0,1,0,0,0,0,0,0,1,0,0,1,0,0,0,1
01/02/2011,ADQ,AK,AAL,WE,Federal Contract Tower,2,8,1,0,11,0,0,0,0,0,2,8,1,0,11,0,0,0,11
01/03/2011,ADQ,AK,AAL,WE,Federal Contract Tower,4,16,0,4,24,0,28,0,2,30,4,44,0,6,54,0,52,52,106
01/04/2011,ADQ,AK,AAL,WE,Federal Contract Tower,4,12,3,0,19,0,42,0,0,42,4,54,3,0,61,0,7,7,68
01/05/2011,ADQ,AK,AAL,WE,Federal Contract Tower,3,13,1,5,22,0,51,2,27,80,3,64,3,32,102,0,19,19,121
01/06/2011,ADQ,AK,AAL,WE,Federal Contract Tower,4,12,1,3,20,0,84,0,10,94,4,96,1,13,114,14,61,75,189
01/07/2011,ADQ,AK,AAL,WE,Federal Contract Tower,6,9,0,2,17,0,66,15,15,96,6,75,15,17,113,0,67,67,180
01/08/2011,ADQ,AK,AAL,WE,Federal Contract Tower,2,5,0,0,7,0,47,4,4,55,2,52,4,4,62,0,0,0,62
01/09/2011,ADQ,AK,AAL,WE,Federal Contract Tower,6,6,0,1,13,0,30,7,2,39,6,36,7,3,52,14,10,24,76
01/10/2011,ADQ,AK,AAL,WE,Federal Contract Tower,8,13,0,7,28,0,45,4,13,62,8,58,4,20,90,0,88,88,178
01/11/2011,ADQ,AK,AAL,WE,Federal Contract Tower,8,6,0,2,16,0,39,0,16,55,8,45,0,18,71,0,129,129,200
01/12/2011,ADQ,AK,AAL,WE,Federal Contract Tower,6,8,0,1,15,0,49,0,8,57,6,57,0,9,72,0,195,195,267
01/13/2011,ADQ,AK,AAL,WE,Federal Contract Tower,2,6,0,4,12,0,4,0,0,4,2,10,0,4,16,0,0,0,16
01/14/2011,ADQ,AK,AAL,WE,Federal Contract Tower,9,15,0,2,26,0,52,3,5,60,9,67,3,7,86,0,21,21,107
01/15/2011,ADQ,AK,AAL,WE,Federal Contract Tower,4,0,6,1,11,0,47,2,3,52,4,47,8,4,63,0,0,0,63
01/16/2011,ADQ,AK,AAL,WE,Federal Contract Tower,6,4,0,1,11,0,8,3,5,16,6,12,3,6,27,6,16,22,49
01/17/2011,ADQ,AK,AAL,WE,Federal Contract Tower,2,5,0,2,9,2,62,4,6,74,4,67,4,8,83,0,10,10,93
01/18/2011,ADQ,AK,AAL,WE,Federal Contract Tower,8,7,0,2,17,0,53,2,11,66,8,60,2,13,83,0,8,8,91
01/19/2011,ADQ,AK,AAL,WE,Federal Contract Tower,2,1,0,0,3,0,0,0,2,2,2,1,0,2,5,0,0,0,5
01/20/2011,ADQ,AK,AAL,WE,Federal Contract Tower,2,0,0,0,2,0,0,0,0,0,2,0,0,0,2,0,0,0,2
01/21/2011,ADQ,AK,AAL,WE,Federal Contract Tower,6,11,0,2,19,0,78,0,5,83,6,89,0,7,102,2,44,46,148
01/22/2011,ADQ,AK,AAL,WE,Federal Contract Tower,2,0,7,2,11,0,46,8,5,59,2,46,15,7,70,2,12,14,84
01/23/2011,ADQ,AK,AAL,WE,Federal Contract Tower,6,4,0,0,10,0,6,0,0,6,6,10,0,0,16,0,0,0,16
01/24/2011,ADQ,AK,AAL,WE,Federal Contract Tower,6,18,1,3,28,0,43,2,4,49,6,61,3,7,77,0,72,72,149
01/25/2011,ADQ,AK,AAL,WE,Federal Contract Tower,5,9,3,6,23,0,48,4,12,64,5,57,7,18,87,7,66,73,160
01/26/2011,ADQ,AK,AAL,WE,Federal Contract Tower,5,11,1,2,19,0,56,3,19,78,5,67,4,21,97,20,78,98,195
01/27/2011,ADQ,AK,AAL,WE,Federal Contract Tower,7,10,2,5,24,0,56,8,10,74,7,66,10,15,98,8,20,28,126
01/28/2011,ADQ,AK,AAL,WE,Federal Contract Tower,3,10,0,4,17,0,22,0,12,34,3,32,0,16,51,0,41,41,92
01/29/2011,ADQ,AK,AAL,WE,Federal Contract Tower,2,5,0,0,7,0,0,0,0,0,2,5,0,0,7,0,0,0,7
01/30/2011,ADQ,AK,AAL,WE,Federal Contract Tower,4,10,0,0,14,0,2,0,4,6,4,12,0,4,20,0,34,34,54
01/31/2011,ADQ,AK,AAL,WE,Federal Contract Tower,7,8,0,4,19,0,74,6,5,85,7,82,6,9,104,13,28,41,145
02/01/2011,ADQ,AK,AAL,WE,Federal Contract Tower,4,8,1,0,13,0,61,2,3,66,4,69,3,3,79,0,0,0,79
02/02/2011,ADQ,AK,AAL,WE,Federal Contract Tower,4,5,0,0,9,0,52,5,16,73,4,57,5,16,82,0,112,112,194
02/03/2011,ADQ,AK,AAL,WE,Federal Contract Tower,4,11,0,4,19,0,52,1,14,67,4,63,1,18,86,20,72,92,178
02/04/2011,ADQ,AK,AAL,WE,Federal Contract Tower,4,10,0,1,15,0,82,15,14,111,4,92,15,15,126,35,68,103,229
02/05/2011,ADQ,AK,AAL,WE,Federal Contract Tower,4,4,0,3,11,0,16,0,3,19,4,20,0,6,30,0,5,5,35
02/06/2011,ADQ,AK,AAL,WE,Federal Contract Tower,4,4,0,0,8,0,24,16,0,40,4,28,16,0,48,6,0,6,54
02/07/2011,ADQ,AK,AAL,WE,Federal Contract Tower,2,8,1,4,15,0,50,2,2,54,2,58,3,6,69,2,15,17,86
02/08/2011,ADQ,AK,AAL,WE,Federal Contract Tower,3,16,0,6,25,0,4,0,5,9,3,20,0,11,34,0,23,23,57
02/09/2011,ADQ,AK,AAL,WE,Federal Contract Tower,7,11,1,3,22,0,61,5,18,84,7,72,6,21,106,0,76,76,182
02/10/2011,ADQ,AK,AAL,WE,Federal Contract Tower,3,10,1,2,16,0,23,5,0,28,3,33,6,2,44,0,3,3,47
02/11/2011,ADQ,AK,AAL,WE,Federal Contract Tower,2,14,0,1,17,0,9,0,7,16,2,23,0,8,33,0,0,0,33
02/12/2011,ADQ,AK,AAL,WE,Federal Contract Tower,3,6,1,0,10,0,51,5,6,62,3,57,6,6,72,0,24,24,96
02/13/2011,ADQ,AK,AAL,WE,Federal Contract Tower,4,3,0,3,10,0,3,0,3,6,4,6,0,6,16,0,8,8,24
02/14/2011,ADQ,AK,AAL,WE,Federal Contract Tower,4,5,0,0,9,0,5,2,0,7,4,10,2,0,16,0,54,54,70
02/15/2011,ADQ,AK,AAL,WE,Federal Contract Tower,6,11,0,1,18,0,76,12,14,102,6,87,12,15,120,0,72,72,192
02/16/2011,ADQ,AK,AAL,WE,Federal Contract Tower,2,10,1,0,13,0,5,1,7,13,2,15,2,7,26,0,39,39,65
02/17/2011,ADQ,AK,AAL,WE,Federal Contract Tower,5,5,1,2,13,0,78,6,8,92,5,83,7,10,105,3,43,46,151
02/18/2011,ADQ,AK,AAL,WE,Federal Contract Tower,6,10,0,6,22,0,56,3,2,61,6,66,3,8,83,6,4,10,93
02/19/2011,ADQ,AK,AAL,WE,Federal Contract Tower,2,2,0,0,4,0,8,3,1,12,2,10,3,1,16,0,0,0,16
02/20/2011,ADQ,AK,AAL,WE,Federal Contract Tower,4,2,0,2,8,0,18,1,2,21,4,20,1,4,29,0,0,0,29
02/21/2011,ADQ,AK,AAL,WE,Federal Contract Tower,4,9,0,0,13,0,46,2,0,48,4,55,2,0,61,0,0,0,61
02/22/2011,ADQ,AK,AAL,WE,Federal Contract Tower,4,7,0,1,12,0,55,1,15,71,4,62,1,16,83,0,36,36,119
02/23/2011,ADQ,AK,AAL,WE,Federal Contract Tower,5,5,0,9,19,0,59,6,13,78,5,64,6,22,97,2,37,39,136
02/24/2011,ADQ,AK,AAL,WE,Federal Contract Tower,4,6,0,4,14,0,48,5,13,66,4,54,5,17,80,0,54,54,134
02/25/2011,ADQ,AK,AAL,WE,Federal Contract Tower,6,5,0,0,11,0,42,0,11,53,6,47,0,11,64,0,24,24,88
02/26/2011,ADQ,AK,AAL,WE,Federal Contract Tower,2,3,0,0,5,0,2,0,0,2,2,5,0,0,7,0,0,0,7
02/27/2011,ADQ,AK,AAL,WE,Federal Contract Tower,4,5,0,1,10,0,2,0,2,4,4,7,0,3,14,0,24,24,38
02/28/2011,ADQ,AK,AAL,WE,Federal Contract Tower,4,7,0,3,14,0,54,0,7,61,4,61,0,10,75,0,64,64,139
03/01/2011,ADQ,AK,AAL,WE,Federal Contract Tower,4,8,0,3,15,0,59,6,3,68,4,67,6,6,83,0,0,0,83
03/02/2011,ADQ,AK,AAL,WE,Federal Contract Tower,7,9,0,2,18,1,63,1,10,75,8,72,1,12,93,2,29,31,124
03/03/2011,ADQ,AK,AAL,WE,Federal Contract Tower,2,13,0,2,17,0,37,1,0,38,2,50,1,2,55,6,53,59,114
03/04/2011,ADQ,AK,AAL,WE,Federal Contract Tower,3,11,0,0,14,1,28,1,2,32,4,39,1,2,46,0,0,0,46
03/05/2011,ADQ,AK,AAL,WE,Federal Contract Tower,2,5,0,2,9,0,31,0,1,32,2,36,0,3,41,0,1,1,42
03/06/2011,ADQ,AK,AAL,WE,Federal Contract Tower,0,9,0,2,11,0,4,0,2,6,0,13,0,4,17,0,0,0,17
03/07/2011,ADQ,AK,AAL,WE,Federal Contract Tower,2,10,0,2,14,0,40,3,4,47,2,50,3,6,61,0,82,82,143
03/08/2011,ADQ,AK,AAL,WE,Federal Contract Tower,4,12,0,3,19,0,57,3,9,69,4,69,3,12,88,0,32,32,120
03/09/2011,ADQ,AK,AAL,WE,Federal Contract Tower,6,8,0,3,17,0,62,2,11,75,6,70,2,14,92,0,26,26,118
03/10/2011,ADQ,AK,AAL,WE,Federal Contract Tower,4,10,0,3,17,0,55,2,14,71,4,65,2,17,88,8,65,73,161
03/11/2011,ADQ,AK,AAL,WE,Federal Contract Tower,3,8,1,3,15,0,79,2,14,95,3,87,3,17,110,0,26,26,136
03/12/2011,ADQ,AK,AAL,WE,Federal Contract Tower,2,5,1,1,9,0,49,5,5,59,2,54,6,6,68,17,0,17,85
03/13/2011,ADQ,AK,AAL,WE,Federal Contract Tower,5,6,0,0,11,0,14,1,3,18,5,20,1,3,29,2,0,2,31
03/14/2011,ADQ,AK,AAL,WE,Federal Contract Tower,4,10,0,0,14,0,42,4,6,52,4,52,4,6,66,0,0,0,66
03/15/2011,ADQ,AK,AAL,WE,Federal Contract Tower,2,19,0,5,26,0,20,0,2,22,2,39,0,7,48,0,0,0,48
03/16/2011,ADQ,AK,AAL,WE,Federal Contract Tower,4,7,0,2,13,0,10,0,4,14,4,17,0,6,27,0,14,14,41
03/17/2011,ADQ,AK,AAL,WE,Federal Contract Tower,4,12,0,3,19,0,72,5,6,83,4,84,5,9,102,4,16,20,122
03/18/2011,ADQ,AK,AAL,WE,Federal Contract Tower,6,10,0,3,19,0,38,5,1,44,6,48,5,4,63,6,0,6,69
03/19/2011,ADQ,AK,AAL,WE,Federal Contract Tower,2,6,0,0,8,0,43,14,4,61,2,49,14,4,69,8,0,8,77
03/20/2011,ADQ,AK,AAL,WE,Federal Contract Tower,4,7,0,5,16,0,11,1,2,14,4,18,1,7,30,5,34,39,69
03/21/2011,ADQ,AK,AAL,WE,Federal Contract Tower,4,10,0,1,15,0,45,2,10,57,4,55,2,11,72,28,16,44,116
03/22/2011,ADQ,AK,AAL,WE,Federal Contract Tower,4,19,0,3,26,39,0,0,3,42,43,19,0,6,68,0,38,38,106
03/23/2011,ADQ,AK,AAL,WE,Federal Contract Tower,4,13,0,6,23,0,37,0,6,43,4,50,0,12,66,0,0,0,66
03/24/2011,ADQ,AK,AAL,WE,Federal Contract Tower,6,11,0,4,21,0,44,4,12,60,6,55,4,16,81,4,0,4,85
03/25/2011,ADQ,AK,AAL,WE,Federal Contract Tower,4,9,0,1,14,0,61,4,21,86,4,70,4,22,100,0,6,6,106
03/26/2011,ADQ,AK,AAL,WE,Federal Contract Tower,0,7,0,3,10,0,49,3,3,55,0,56,3,6,65,0,40,40,105
03/27/2011,ADQ,AK,AAL,WE,Federal Contract Tower,4,3,0,0,7,0,24,0,2,26,4,27,0,2,33,12,11,23,56
03/28/2011,ADQ,AK,AAL,WE,Federal Contract Tower,4,12,0,1,17,0,28,1,13,42,4,40,1,14,59,0,36,36,95
03/29/2011,ADQ,AK,AAL,WE,Federal Contract Tower,2,27,0,7,36,0,18,1,2,21,2,45,1,9,57,0,0,0,57
03/30/2011,ADQ,AK,AAL,WE,Federal Contract Tower,6,13,0,7,26,0,42,0,5,47,6,55,0,12,73,0,16,16,89
03/31/2011,ADQ,AK,AAL,WE,Federal Contract Tower,4,9,0,5,18,0,60,2,3,65,4,69,2,8,83,0,22,22,105
04/01/2011,ADQ,AK,AAL,WE,Federal Contract Tower,4,6,1,2,13,0,84,7,27,118,4,90,8,29,131,8,37,45,176
04/02/2011,ADQ,AK,AAL,WE,Federal Contract Tower,3,6,1,1,11,0,1,0,0,1,3,7,1,1,12,0,0,0,12
04/03/2011,ADQ,AK,AAL,WE,Federal Contract Tower,4,10,2,1,17,0,0,0,0,0,4,10,2,1,17,0,0,0,17
04/04/2011,ADQ,AK,AAL,WE,Federal Contract Tower,3,10,0,2,15,0,58,3,10,71,3,68,3,12,86,0,39,39,125
04/05/2011,ADQ,AK,AAL,WE,Federal Contract Tower,4,6,1,0,11,0,37,0,12,49,4,43,1,12,60,0,0,0,60
04/06/2011,ADQ,AK,AAL,WE,Federal Contract Tower,6,7,0,4,17,46,8,0,19,73,52,15,0,23,90,2,2,4,94
04/07/2011,ADQ,AK,AAL,WE,Federal Contract Tower,4,13,0,1,18,0,25,2,21,48,4,38,2,22,66,5,36,41,107
04/08/2011,ADQ,AK,AAL,WE,Federal Contract Tower,4,12,2,3,21,0,70,6,8,84,4,82,8,11,105,0,0,0,105
04/09/2011,ADQ,AK,AAL,WE,Federal Contract Tower,4,5,0,3,12,0,39,10,3,52,4,44,10,6,64,14,0,14,78
04/10/2011,ADQ,AK,AAL,WE,Federal Contract Tower,4,6,0,0,10,0,21,2,5,28,4,27,2,5,38,0,28,28,66
04/11/2011,ADQ,AK,AAL,WE,Federal Contract Tower,4,7,0,3,14,0,52,1,15,68,4,59,1,18,82,2,46,48,130
04/12/2011,ADQ,AK,AAL,WE,Federal Contract Tower,6,10,1,5,22,0,52,5,9,66,6,62,6,14,88,0,20,20,108
04/13/2011,ADQ,AK,AAL,WE,Federal Contract Tower,4,9,0,2,15,0,78,7,21,106,4,87,7,23,121,0,58,58,179
04/14/2011,ADQ,AK,AAL,WE,Federal Contract Tower,4,15,0,7,26,0,50,6,7,63,4,65,6,14,89,0,54,54,143
04/15/2011,ADQ,AK,AAL,WE,Federal Contract Tower,4,10,1,4,19,0,94,6,9,109,4,104,7,13,128,0,18,18,146
04/16/2011,ADQ,AK,AAL,WE,Federal Contract Tower,3,6,0,1,10,0,53,9,6,68,3,59,9,7,78,19,33,52,130
04/17/2011,ADQ,AK,AAL,WE,Federal Contract Tower,4,6,0,2,12,0,21,11,4,36,4,27,11,6,48,0,38,38,86
04/18/2011,ADQ,AK,AAL,WE,Federal Contract Tower,3,8,3,3,17,1,52,14,13,80,4,60,17,16,97,0,82,82,179
04/19/2011,ADQ,AK,AAL,WE,Federal Contract Tower,4,5,0,3,12,0,58,8,10,76,4,63,8,13,88,20,99,119,207
04/20/2011,ADQ,AK,AAL,WE,Federal Contract Tower,6,5,0,2,13,0,46,10,13,69,6,51,10,15,82,6,0,6,88
04/21/2011,ADQ,AK,AAL,WE,Federal Contract Tower,4,11,0,5,20,0,52,4,8,64,4,63,4,13,84,10,4,14,98
04/22/2011,ADQ,AK,AAL,WE,Federal Contract Tower,2,10,0,1,13,0,0,0,0,0,2,10,0,1,13,0,0,0,13
04/23/2011,ADQ,AK,AAL,WE,Federal Contract Tower,2,13,0,0,15,0,13,0,0,13,2,26,0,0,28,0,0,0,28
04/24/2011,ADQ,AK,AAL,WE,Federal Contract Tower,5,12,2,4,23,0,6,2,2,10,5,18,4,6,33,0,18,18,51
04/25/2011,ADQ,AK,AAL,WE,Federal Contract Tower,4,8,3,4,19,0,66,10,6,82,4,74,13,10,101,24,130,154,255
04/26/2011,ADQ,AK,AAL,WE,Federal Contract Tower,3,15,0,5,23,0,55,8,8,71,3,70,8,13,94,3,7,10,104
04/27/2011,ADQ,AK,AAL,WE,Federal Contract Tower,4,8,0,1,13,0,47,5,11,63,4,55,5,12,76,14,52,66,142
04/28/2011,ADQ,AK,AAL,WE,Federal Contract Tower,6,12,0,6,24,0,36,0,1,37,6,48,0,7,61,0,44,44,105
04/29/2011,ADQ,AK,AAL,WE,Federal Contract Tower,4,22,1,6,33,0,44,0,1,45,4,66,1,7,78,0,0,0,78
04/30/2011,ADQ,AK,AAL,WE,Federal Contract Tower,2,5,0,0,7,0,40,6,0,46,2,45,6,0,53,8,0,8,61
05/01/2011,ADQ,AK,AAL,WE,Federal Contract Tower,4,6,0,1,11,0,23,6,2,31,4,29,6,3,42,0,16,16,58
05/02/2011,ADQ,AK,AAL,WE,Federal Contract Tower,4,7,0,3,14,0,73,7,10,90,4,80,7,13,104,2,70,72,176
05/03/2011,ADQ,AK,AAL,WE,Federal Contract Tower,5,31,0,0,36,0,36,2,0,38,5,67,2,0,74,0,0,0,74
05/04/2011,ADQ,AK,AAL,WE,Federal Contract Tower,5,9,3,3,20,1,50,16,13,80,6,59,19,16,100,12,0,12,112
05/05/2011,ADQ,AK,AAL,WE,Federal Contract Tower,4,9,1,1,15,0,62,5,4,71,4,71,6,5,86,16,0,16,102
05/06/2011,ADQ,AK,AAL,WE,Federal Contract Tower,4,7,0,4,15,0,103,18,7,128,4,110,18,11,143,0,72,72,215
05/07/2011,ADQ,AK,AAL,WE,Federal Contract Tower,1,4,0,1,6,1,42,10,3,56,2,46,10,4,62,14,0,14,76
05/08/2011,ADQ,AK,AAL,WE,Federal Contract Tower,4,5,0,1,10,0,34,2,6,42,4,39,2,7,52,0,20,20,72
05/09/2011,ADQ,AK,AAL,WE,Federal Contract Tower,4,7,1,2,14,0,65,8,11,84,4,72,9,13,98,12,77,89,187
05/10/2011,ADQ,AK,AAL,WE,Federal Contract Tower,4,6,0,1,11,0,48,0,7,55,4,54,0,8,66,0,3,3,69
05/11/2011,ADQ,AK,AAL,WE,Federal Contract Tower,5,12,0,1,18,0,49,0,12,61,5,61,0,13,79,0,84,84,163
05/12/2011,ADQ,AK,AAL,WE,Federal Contract Tower,4,10,1,0,15,0,91,9,1,101,4,101,10,1,116,2,0,2,118
05/13/2011,ADQ,AK,AAL,WE,Federal Contract Tower,4,9,0,1,14,0,83,10,14,107,4,92,10,15,121,8,35,43,164
05/14/2011,ADQ,AK,AAL,WE,Federal Contract Tower,2,6,0,1,9,0,45,5,4,54,2,51,5,5,63,4,0,4,67
05/15/2011,ADQ,AK,AAL,WE,Federal Contract Tower,4,13,2,0,19,0,12,2,0,14,4,25,4,0,33,0,0,0,33
05/16/2011,ADQ,AK,AAL,WE,Federal Contract Tower,4,65,0,4,73,0,0,0,0,0,4,65,0,4,73,0,0,0,73
05/17/2011,ADQ,AK,AAL,WE,Federal Contract Tower,4,42,0,7,53,0,16,0,1,17,4,58,0,8,70,0,0,0,70
05/18/2011,ADQ,AK,AAL,WE,Federal Contract Tower,6,8,0,4,18,0,70,2,9,81,6,78,2,13,99,17,7,24,123
05/19/2011,ADQ,AK,AAL,WE,Federal Contract Tower,4,52,0,7,63,0,0,4,0,4,4,52,4,7,67,1,0,1,68
05/20/2011,ADQ,AK,AAL,WE,Federal Contract Tower,4,24,0,4,32,0,45,0,6,51,4,69,0,10,83,0,0,0,83
05/21/2011,ADQ,AK,AAL,WE,Federal Contract Tower,2,17,0,0,19,0,0,0,0,0,2,17,0,0,19,0,0,0,19
05/22/2011,ADQ,AK,AAL,WE,Federal Contract Tower,4,31,2,4,41,0,13,4,0,17,4,44,6,4,58,0,0,0,58
05/23/2011,ADQ,AK,AAL,WE,Federal Contract Tower,3,16,0,0,19,0,0,0,0,0,3,16,0,0,19,0,0,0,19
05/24/2011,ADQ,AK,AAL,WE,Federal Contract Tower,2,15,0,1,18,0,54,2,10,66,2,69,2,11,84,0,4,4,88
05/25/2011,ADQ,AK,AAL,WE,Federal Contract Tower,6,17,0,4,27,0,11,0,3,14,6,28,0,7,41,0,2,2,43
05/26/2011,ADQ,AK,AAL,WE,Federal Contract Tower,4,55,2,7,68,0,55,2,7,64,4,110,4,14,132,0,79,79,211
05/27/2011,ADQ,AK,AAL,WE,Federal Contract Tower,5,7,0,1,13,0,114,5,10,129,5,121,5,11,142,16,14,30,172
05/28/2011,ADQ,AK,AAL,WE,Federal Contract Tower,2,6,1,0,9,0,56,7,6,69,2,62,8,6,78,0,22,22,100
05/29/2011,ADQ,AK,AAL,WE,Federal Contract Tower,4,6,0,0,10,0,46,6,3,55,4,52,6,3,65,0,0,0,65
05/30/2011,ADQ,AK,AAL,WE,Federal Contract Tower,4,4,0,0,8,0,64,15,9,88,4,68,15,9,96,4,0,4,100
05/31/2011,ADQ,AK,AAL,WE,Federal Contract Tower,4,17,1,2,24,0,25,2,2,29,4,42,3,4,53,0,0,0,53
06/01/2011,ADQ,AK,AAL,WE,Federal Contract Tower,4,13,0,6,23,0,90,0,20,110,4,103,0,26,133,0,1,1,134
06/02/2011,ADQ,AK,AAL,WE,Federal Contract Tower,3,10,0,6,19,1,81,8,11,101,4,91,8,17,120,8,30,38,158
06/03/2011,ADQ,AK,AAL,WE,Federal Contract Tower,2,20,0,3,25,0,52,0,3,55,2,72,0,6,80,6,0,6,86
06/04/2011,ADQ,AK,AAL,WE,Federal Contract Tower,2,7,0,1,10,0,54,2,6,62,2,61,2,7,72,0,4,4,76
06/05/2011,ADQ,AK,AAL,WE,Federal Contract Tower,4,6,0,2,12,0,35,8,8,51,4,41,8,10,63,0,8,8,71
06/06/2011,ADQ,AK,AAL,WE,Federal Contract Tower,4,10,1,6,21,0,55,6,7,68,4,65,7,13,89,0,24,24,113
06/07/2011,ADQ,AK,AAL,WE,Federal Contract Tower,8,23,2,0,33,0,24,2,0,26,8,47,4,0,59,0,0,0,59
06/08/2011,ADQ,AK,AAL,WE,Federal Contract Tower,4,12,0,3,19,0,79,4,8,91,4,91,4,11,110,0,12,12,122
06/09/2011,ADQ,AK,AAL,WE,Federal Contract Tower,7,12,0,1,20,0,52,8,5,65,7,64,8,6,85,0,0,0,85
06/10/2011,ADQ,AK,AAL,WE,Federal Contract Tower,4,15,0,8,27,0,70,1,2,73,4,85,1,10,100,0,0,0,100
06/11/2011,ADQ,AK,AAL,WE,Federal Contract Tower,2,2,0,0,4,0,0,0,0,0,2,2,0,0,4,0,0,0,4
06/12/2011,ADQ,AK,AAL,WE,Federal Contract Tower,0,14,0,0,14,0,0,0,0,0,0,14,0,0,14,0,0,0,14
06/13/2011,ADQ,AK,AAL,WE,Federal Contract Tower,11,37,0,3,51,0,57,1,3,61,11,94,1,6,112,0,40,40,152
06/14/2011,ADQ,AK,AAL,WE,Federal Contract Tower,8,12,2,2,24,0,0,0,0,0,8,12,2,2,24,0,5,5,29
06/15/2011,ADQ,AK,AAL,WE,Federal Contract Tower,6,9,0,2,17,0,56,19,2,77,6,65,19,4,94,9,0,9,103
06/16/2011,ADQ,AK,AAL,WE,Federal Contract Tower,4,17,1,5,27,0,61,1,5,67,4,78,2,10,94,0,15,15,109
06/17/2011,ADQ,AK,AAL,WE,Federal Contract Tower,4,45,0,11,60,0,0,0,0,0,4,45,0,11,60,0,0,0,60
06/18/2011,ADQ,AK,AAL,WE,Federal Contract Tower,4,19,2,1,26,0,48,4,2,54,4,67,6,3,80,0,0,0,80
06/19/2011,ADQ,AK,AAL,WE,Federal Contract Tower,4,7,4,0,15,0,30,10,6,46,4,37,14,6,61,18,0,18,79
06/20/2011,ADQ,AK,AAL,WE,Federal Contract Tower,3,14,1,5,23,0,62,8,1,71,3,76,9,6,94,6,24,30,124
06/21/2011,ADQ,AK,AAL,WE,Federal Contract Tower,4,26,1,3,34,0,44,7,6,57,4,70,8,9,91,44,12,56,147
06/22/2011,ADQ,AK,AAL,WE,Federal Contract Tower,8,9,1,3,21,0,102,14,8,124,8,111,15,11,145,17,59,76,221
06/23/2011,ADQ,AK,AAL,WE,Federal Contract Tower,11,7,2,6,26,0,73,4,6,83,11,80,6,12,109,0,33,33,142
06/24/2011,ADQ,AK,AAL,WE,Federal Contract Tower,3,8,0,1,12,1,69,7,9,86,4,77,7,10,98,0,4,4,102
06/25/2011,ADQ,AK,AAL,WE,Federal Contract Tower,3,10,0,3,16,0,48,4,4,56,3,58,4,7,72,0,0,0,72
06/26/2011,ADQ,AK,AAL,WE,Federal Contract Tower,4,16,2,3,25,0,20,5,5,30,4,36,7,8,55,0,0,0,55
06/27/2011,ADQ,AK,AAL,WE,Federal Contract Tower,4,11,5,9,29,0,48,2,9,59,4,59,7,18,88,0,6,6,94
06/28/2011,ADQ,AK,AAL,WE,Federal Contract Tower,5,9,6,5,25,1,59,6,2,68,6,68,12,7,93,0,0,0,93
06/29/2011,ADQ,AK,AAL,WE,Federal Contract Tower,6,6,1,2,15,0,59,5,15,79,6,65,6,17,94,12,22,34,128
06/30/2011,ADQ,AK,AAL,WE,Federal Contract Tower,3,8,2,3,16,1,71,11,10,93,4,79,13,13,109,22,80,102,211
07/01/2011,ADQ,AK,AAL,WE,Federal Contract Tower,4,12,1,1,18,0,97,22,3,122,4,109,23,4,140,0,53,53,193
07/02/2011,ADQ,AK,AAL,WE,Federal Contract Tower,2,43,3,0,48,0,61,8,2,71,2,104,11,2,119,14,0,14,133
07/03/2011,ADQ,AK,AAL,WE,Federal Contract Tower,4,5,2,0,11,0,35,7,5,47,4,40,9,5,58,0,24,24,82
07/04/2011,ADQ,AK,AAL,WE,Federal Contract Tower,2,6,0,1,9,0,7,14,3,24,2,13,14,4,33,0,1,1,34
07/05/2011,ADQ,AK,AAL,WE,Federal Contract Tower,6,8,2,2,18,0,81,12,13,106,6,89,14,15,124,6,13,19,143
07/06/2011,ADQ,AK,AAL,WE,Federal Contract Tower,3,9,1,1,14,1,69,10,17,97,4,78,11,18,111,10,37,47,158
07/07/2011,ADQ,AK,AAL,WE,Federal Contract Tower,4,8,0,5,17,0,67,5,7,79,4,75,5,12,96,0,20,20,116
07/08/2011,ADQ,AK,AAL,WE,Federal Contract Tower,4,37,0,4,45,0,15,5,5,25,4,52,5,9,70,0,10,10,80
07/09/2011,ADQ,AK,AAL,WE,Federal Contract Tower,3,8,1,4,16,0,47,7,1,55,3,55,8,5,71,2,5,7,78
07/10/2011,ADQ,AK,AAL,WE,Federal Contract Tower,4,20,2,1,27,0,18,2,1,21,4,38,4,2,48,0,0,0,48
07/11/2011,ADQ,AK,AAL,WE,Federal Contract Tower,3,10,1,3,17,0,60,7,3,70,3,70,8,6,87,3,66,69,156
07/12/2011,ADQ,AK,AAL,WE,Federal Contract Tower,6,11,3,6,26,0,63,14,19,96,6,74,17,25,122,5,121,126,248
07/13/2011,ADQ,AK,AAL,WE,Federal Contract Tower,3,12,4,2,21,0,67,13,17,97,3,79,17,19,118,0,40,40,158
07/14/2011,ADQ,AK,AAL,WE,Federal Contract Tower,5,8,3,3,19,0,62,4,26,92,5,70,7,29,111,0,48,48,159
07/15/2011,ADQ,AK,AAL,WE,Federal Contract Tower,3,8,6,4,21,0,88,18,15,121,3,96,24,19,142,0,24,24,166
07/16/2011,ADQ,AK,AAL,WE,Federal Contract Tower,2,8,3,0,13,0,53,22,4,79,2,61,25,4,92,0,2,2,94
07/17/2011,ADQ,AK,AAL,WE,Federal Contract Tower,4,6,1,2,13,0,38,9,7,54,4,44,10,9,67,12,59,71,138
07/18/2011,ADQ,AK,AAL,WE,Federal Contract Tower,4,9,0,4,17,0,64,12,8,84,4,73,12,12,101,0,18,18,119
07/19/2011,ADQ,AK,AAL,WE,Federal Contract Tower,6,8,0,5,19,0,52,21,31,104,6,60,21,36,123,0,27,27,150
07/20/2011,ADQ,AK,AAL,WE,Federal Contract Tower,4,9,0,6,19,0,75,13,22,110,4,84,13,28,129,0,12,12,141
07/21/2011,ADQ,AK,AAL,WE,Federal Contract Tower,3,9,1,10,23,1,56,6,17,80,4,65,7,27,103,0,8,8,111
07/22/2011,ADQ,AK,AAL,WE,Federal Contract Tower,6,14,0,2,22,0,55,11,12,78,6,69,11,14,100,0,42,42,142
07/23/2011,ADQ,AK,AAL,WE,Federal Contract Tower,2,6,1,3,12,0,43,6,2,51,2,49,7,5,63,0,0,0,63
07/24/2011,ADQ,AK,AAL,WE,Federal Contract Tower,3,5,1,3,12,0,45,5,3,53,3,50,6,6,65,0,2,2,67
07/25/2011,ADQ,AK,AAL,WE,Federal Contract Tower,3,11,1,5,20,0,60,8,12,80,3,71,9,17,100,0,74,74,174
07/26/2011,ADQ,AK,AAL,WE,Federal Contract Tower,6,35,1,3,45,0,33,5,4,42,6,68,6,7,87,0,2,2,89
07/27/2011,ADQ,AK,AAL,WE,Federal Contract Tower,4,14,2,3,23,0,68,2,11,81,4,82,4,14,104,0,25,25,129
07/28/2011,ADQ,AK,AAL,WE,Federal Contract Tower,5,10,1,2,18,1,66,8,18,93,6,76,9,20,111,0,14,14,125
07/29/2011,ADQ,AK,AAL,WE,Federal Contract Tower,3,9,1,3,16,4,68,15,15,102,7,77,16,18,118,0,28,28,146
07/30/2011,ADQ,AK,AAL,WE,Federal Contract Tower,2,8,2,0,12,0,54,20,5,79,2,62,22,5,91,2,0,2,93
07/31/2011,ADQ,AK,AAL,WE,Federal Contract Tower,4,7,0,0,11,0,56,10,5,71,4,63,10,5,82,0,58,58,140
08/01/2011,ADQ,AK,AAL,WE,Federal Contract Tower,4,8,0,6,18,0,54,10,9,73,4,62,10,15,91,0,18,18,109
08/02/2011,ADQ,AK,AAL,WE,Federal Contract Tower,4,14,6,1,25,0,41,4,5,50,4,55,10,6,75,0,0,0,75
08/03/2011,ADQ,AK,AAL,WE,Federal Contract Tower,3,10,1,3,17,0,71,11,14,96,3,81,12,17,113,0,0,0,113
08/04/2011,ADQ,AK,AAL,WE,Federal Contract Tower,6,19,2,5,32,0,59,1,7,67,6,78,3,12,99,0,0,0,99
08/05/2011,ADQ,AK,AAL,WE,Federal Contract Tower,4,12,0,1,17,0,72,6,15,93,4,84,6,16,110,0,14,14,124
08/06/2011,ADQ,AK,AAL,WE,Federal Contract Tower,5,9,0,5,19,0,58,4,2,64,5,67,4,7,83,0,1,1,84
08/07/2011,ADQ,AK,AAL,WE,Federal Contract Tower,4,9,2,1,16,0,40,10,8,58,4,49,12,9,74,0,0,0,74
08/08/2011,ADQ,AK,AAL,WE,Federal Contract Tower,4,9,1,1,15,0,67,19,15,101,4,76,20,16,116,2,11,13,129
08/09/2011,ADQ,AK,AAL,WE,Federal Contract Tower,6,8,1,5,20,0,66,6,13,85,6,74,7,18,105,0,27,27,132
08/10/2011,ADQ,AK,AAL,WE,Federal Contract Tower,3,8,1,1,13,1,76,7,21,105,4,84,8,22,118,2,30,32,150
08/11/2011,ADQ,AK,AAL,WE,Federal Contract Tower,4,7,3,2,16,0,89,10,16,115,4,96,13,18,131,0,6,6,137
08/12/2011,ADQ,AK,AAL,WE,Federal Contract Tower,4,10,2,2,18,0,104,13,27,144,4,114,15,29,162,0,10,10,172
08/13/2011,ADQ,AK,AAL,WE,Federal Contract Tower,4,8,1,0,13,0,79,11,10,100,4,87,12,10,113,0,0,0,113
08/14/2011,ADQ,AK,AAL,WE,Federal Contract Tower,3,7,0,1,11,1,50,20,6,77,4,57,20,7,88,0,14,14,102
08/15/2011,ADQ,AK,AAL,WE,Federal Contract Tower,4,7,1,3,15,0,69,12,10,91,4,76,13,13,106,0,14,14,120
08/16/2011,ADQ,AK,AAL,WE,Federal Contract Tower,4,6,2,4,16,0,67,7,15,89,4,73,9,19,105,0,22,22,127
08/17/2011,ADQ,AK,AAL,WE,Federal Contract Tower,4,10,0,3,17,0,72,22,13,107,4,82,22,16,124,6,46,52,176
08/18/2011,ADQ,AK,AAL,WE,Federal Contract Tower,3,13,1,5,22,0,0,0,0,0,3,13,1,5,22,0,0,0,22
08/19/2011,ADQ,AK,AAL,WE,Federal Contract Tower,2,17,2,3,24,0,17,0,0,17,2,34,2,3,41,0,0,0,41
08/20/2011,ADQ,AK,AAL,WE,Federal Contract Tower,4,11,5,2,22,0,86,3,2,91,4,97,8,4,113,0,0,0,113
08/21/2011,ADQ,AK,AAL,WE,Federal Contract Tower,4,16,6,2,28,0,46,3,0,49,4,62,9,2,77,0,0,0,77
08/22/2011,ADQ,AK,AAL,WE,Federal Contract Tower,4,20,3,8,35,0,66,4,4,74,4,86,7,12,109,0,84,84,193
08/23/2011,ADQ,AK,AAL,WE,Federal Contract Tower,5,8,1,2,16,0,81,9,3,93,5,89,10,5,109,8,0,8,117
08/24/2011,ADQ,AK,AAL,WE,Federal Contract Tower,4,8,2,3,17,0,77,7,15,99,4,85,9,18,116,0,56,56,172
08/25/2011,ADQ,AK,AAL,WE,Federal Contract Tower,4,38,4,6,52,0,20,1,1,22,4,58,5,7,74,0,0,0,74
08/26/2011,ADQ,AK,AAL,WE,Federal Contract Tower,4,53,0,2,59,0,14,0,0,14,4,67,0,2,73,0,0,0,73
08/27/2011,ADQ,AK,AAL,WE,Federal Contract Tower,2,9,2,2,15,0,22,0,1,23,2,31,2,3,38,0,0,0,38
08/28/2011,ADQ,AK,AAL,WE,Federal Contract Tower,4,10,0,1,15,0,57,21,5,83,4,67,21,6,98,0,30,30,128
08/29/2011,ADQ,AK,AAL,WE,Federal Contract Tower,6,10,0,4,20,0,86,12,8,106,6,96,12,12,126,0,78,78,204
08/30/2011,ADQ,AK,AAL,WE,Federal Contract Tower,6,28,1,6,41,0,60,5,10,75,6,88,6,16,116,0,123,123,239
08/31/2011,ADQ,AK,AAL,WE,Federal Contract Tower,4,11,2,1,18,0,61,9,10,80,4,72,11,11,98,3,105,108,206
09/01/2011,ADQ,AK,AAL,WE,Federal Contract Tower,4,7,0,2,13,0,100,13,9,122,4,107,13,11,135,0,36,36,171
09/02/2011,ADQ,AK,AAL,WE,Federal Contract Tower,6,17,0,7,30,0,8,0,0,8,6,25,0,7,38,0,18,18,56
09/03/2011,ADQ,AK,AAL,WE,Federal Contract Tower,5,9,2,2,18,0,83,21,1,105,5,92,23,3,123,6,0,6,129
09/04/2011,ADQ,AK,AAL,WE,Federal Contract Tower,4,12,0,1,17,0,42,11,1,54,4,54,11,2,71,0,18,18,89
09/05/2011,ADQ,AK,AAL,WE,Federal Contract Tower,5,7,0,1,13,0,0,0,0,0,5,7,0,1,13,0,0,0,13
09/06/2011,ADQ,AK,AAL,WE,Federal Contract Tower,6,15,2,4,27,0,88,5,9,102,6,103,7,13,129,0,8,8,137
09/07/2011,ADQ,AK,AAL,WE,Federal Contract Tower,3,11,2,5,21,1,63,2,5,71,4,74,4,10,92,0,21,21,113
09/08/2011,ADQ,AK,AAL,WE,Federal Contract Tower,5,24,1,6,36,0,48,0,7,55,5,72,1,13,91,0,8,8,99
09/09/2011,ADQ,AK,AAL,WE,Federal Contract Tower,3,55,12,6,76,0,21,2,0,23,3,76,14,6,99,0,0,0,99
09/10/2011,ADQ,AK,AAL,WE,Federal Contract Tower,4,17,0,1,22,0,68,12,4,84,4,85,12,5,106,0,2,2,108
09/11/2011,ADQ,AK,AAL,WE,Federal Contract Tower,6,8,1,4,19,0,23,4,2,29,6,31,5,6,48,4,26,30,78
09/12/2011,ADQ,AK,AAL,WE,Federal Contract Tower,4,18,3,10,35,0,15,1,2,18,4,33,4,12,53,0,0,0,53
09/13/2011,ADQ,AK,AAL,WE,Federal Contract Tower,1,11,0,0,12,0,0,0,0,0,1,11,0,0,12,0,50,50,62
09/14/2011,ADQ,AK,AAL,WE,Federal Contract Tower,4,32,2,7,45,0,44,1,5,50,4,76,3,12,95,0,25,25,120
09/15/2011,ADQ,AK,AAL,WE,Federal Contract Tower,2,14,2,3,21,0,78,1,16,95,2,92,3,19,116,0,74,74,190
09/16/2011,ADQ,AK,AAL,WE,Federal Contract Tower,3,15,0,2,20,1,74,16,15,106,4,89,16,17,126,7,22,29,155
09/17/2011,ADQ,AK,AAL,WE,Federal Contract Tower,4,5,1,3,13,0,82,16,3,101,4,87,17,6,114,0,28,28,142
09/18/2011,ADQ,AK,AAL,WE,Federal Contract Tower,4,8,0,2,14,0,34,10,1,45,4,42,10,3,59,0,30,30,89
09/19/2011,ADQ,AK,AAL,WE,Federal Contract Tower,4,6,0,3,13,0,0,0,0,0,4,6,0,3,13,0,0,0,13
09/20/2011,ADQ,AK,AAL,WE,Federal Contract Tower,6,15,1,4,26,0,77,4,17,98,6,92,5,21,124,0,12,12,136
09/21/2011,ADQ,AK,AAL,WE,Federal Contract Tower,4,11,0,5,20,0,57,2,17,76,4,68,2,22,96,0,18,18,114
09/22/2011,ADQ,AK,AAL,WE,Federal Contract Tower,4,9,2,3,18,0,62,5,17,84,4,71,7,20,102,0,33,33,135
09/23/2011,ADQ,AK,AAL,WE,Federal Contract Tower,4,11,2,3,20,0,80,21,12,113,4,91,23,15,133,3,35,38,171
09/24/2011,ADQ,AK,AAL,WE,Federal Contract Tower,4,12,5,4,25,0,42,21,10,73,4,54,26,14,98,0,0,0,98
09/25/2011,ADQ,AK,AAL,WE,Federal Contract Tower,4,6,1,3,14,0,16,6,4,26,4,22,7,7,40,0,0,0,40
09/26/2011,ADQ,AK,AAL,WE,Federal Contract Tower,3,8,0,1,12,1,48,15,11,75,4,56,15,12,87,0,98,98,185
09/27/2011,ADQ,AK,AAL,WE,Federal Contract Tower,6,7,0,1,14,0,55,17,17,89,6,62,17,18,103,0,14,14,117
09/28/2011,ADQ,AK,AAL,WE,Federal Contract Tower,3,8,0,2,13,1,57,28,19,105,4,65,28,21,118,4,6,10,128
09/29/2011,ADQ,AK,AAL,WE,Federal Contract Tower,4,6,2,3,15,0,84,20,17,121,4,90,22,20,136,0,4,4,140
09/30/2011,ADQ,AK,AAL,WE,Federal Contract Tower,4,14,3,2,23,0,36,16,4,56,4,50,19,6,79,0,0,0,79
10/01/2011,ADQ,AK,AAL,WE,Federal Contract Tower,2,11,1,2,16,0,44,0,4,48,2,55,1,6,64,0,0,0,64
10/02/2011,ADQ,AK,AAL,WE,Federal Contract Tower,4,5,2,1,12,0,24,7,2,33,4,29,9,3,45,0,6,6,51
10/03/2011,ADQ,AK,AAL,WE,Federal Contract Tower,3,11,2,2,18,1,56,7,10,74,4,67,9,12,92,0,38,38,130
10/04/2011,ADQ,AK,AAL,WE,Federal Contract Tower,6,6,0,1,13,0,44,17,11,72,6,50,17,12,85,0,0,0,85
10/05/2011,ADQ,AK,AAL,WE,Federal Contract Tower,4,9,0,4,17,0,38,6,10,54,4,47,6,14,71,0,44,44,115
10/06/2011,ADQ,AK,AAL,WE,Federal Contract Tower,4,8,0,2,14,0,78,10,7,95,4,86,10,9,109,0,0,0,109
10/07/2011,ADQ,AK,AAL,WE,Federal Contract Tower,4,12,1,3,20,0,72,9,4,85,4,84,10,7,105,0,0,0,105
10/08/2011,ADQ,AK,AAL,WE,Federal Contract Tower,4,3,0,2,9,0,63,8,4,75,4,66,8,6,84,6,0,6,90
10/09/2011,ADQ,AK,AAL,WE,Federal Contract Tower,4,6,0,1,11,0,16,2,4,22,4,22,2,5,33,0,0,0,33
10/10/2011,ADQ,AK,AAL,WE,Federal Contract Tower,4,11,0,0,15,0,54,8,3,65,4,65,8,3,80,0,0,0,80
10/11/2011,ADQ,AK,AAL,WE,Federal Contract Tower,6,6,0,1,13,0,54,16,11,81,6,60,16,12,94,0,12,12,106
10/12/2011,ADQ,AK,AAL,WE,Federal Contract Tower,4,7,0,4,15,0,66,21,24,111,4,73,21,28,126,30,67,97,223
10/13/2011,ADQ,AK,AAL,WE,Federal Contract Tower,4,8,2,3,17,0,68,12,16,96,4,76,14,19,113,5,24,29,142
10/14/2011,ADQ,AK,AAL,WE,Federal Contract Tower,3,10,1,3,17,1,32,3,5,41,4,42,4,8,58,0,66,66,124
10/15/2011,ADQ,AK,AAL,WE,Federal Contract Tower,4,7,0,1,12,0,64,6,3,73,4,71,6,4,85,0,8,8,93
10/16/2011,ADQ,AK,AAL,WE,Federal Contract Tower,4,5,0,1,10,0,42,6,1,49,4,47,6,2,59,12,0,12,71
10/17/2011,ADQ,AK,AAL,WE,Federal Contract Tower,4,8,0,3,15,0,50,14,27,91,4,58,14,30,106,14,132,146,252
10/18/2011,ADQ,AK,AAL,WE,Federal Contract Tower,4,9,0,8,21,0,39,10,27,76,4,48,10,35,97,0,30,30,127
10/19/2011,ADQ,AK,AAL,WE,Federal Contract Tower,3,6,0,2,11,1,74,19,20,114,4,80,19,22,125,0,17,17,142
10/20/2011,ADQ,AK,AAL,WE,Federal Contract Tower,0,12,0,1,13,0,0,0,2,2,0,12,0,3,15,0,2,2,17
10/21/2011,ADQ,AK,AAL,WE,Federal Contract Tower,4,9,0,3,16,0,58,3,3,64,4,67,3,6,80,0,16,16,96
10/22/2011,ADQ,AK,AAL,WE,Federal Contract Tower,4,7,0,1,12,0,56,19,4,79,4,63,19,5,91,0,0,0,91
10/23/2011,ADQ,AK,AAL,WE,Federal Contract Tower,4,4,0,1,9,0,22,2,3,27,4,26,2,4,36,0,0,0,36
10/24/2011,ADQ,AK,AAL,WE,Federal Contract Tower,4,9,0,4,17,0,40,1,2,43,4,49,1,6,60,0,16,16,76
10/25/2011,ADQ,AK,AAL,WE,Federal Contract Tower,0,10,0,2,12,0,22,2,7,31,0,32,2,9,43,0,18,18,61
10/26/2011,ADQ,AK,AAL,WE,Federal Contract Tower,4,7,1,3,15,0,61,9,14,84,4,68,10,17,99,13,0,13,112
10/27/2011,ADQ,AK,AAL,WE,Federal Contract Tower,4,12,0,6,22,0,78,5,23,106,4,90,5,29,128,0,2,2,130
10/28/2011,ADQ,AK,AAL,WE,Federal Contract Tower,4,10,0,1,15,0,58,8,5,71,4,68,8,6,86,13,14,27,113
10/29/2011,ADQ,AK,AAL,WE,Federal Contract Tower,3,3,2,1,9,0,51,2,2,55,3,54,4,3,64,0,6,6,70
10/30/2011,ADQ,AK,AAL,WE,Federal Contract Tower,6,4,0,0,10,0,25,2,1,28,6,29,2,1,38,0,0,0,38
10/31/2011,ADQ,AK,AAL,WE,Federal Contract Tower,6,10,0,3,19,0,56,5,11,72,6,66,5,14,91,16,0,16,107
11/01/2011,ADQ,AK,AAL,WE,Federal Contract Tower,2,9,0,1,12,0,11,0,12,23,2,20,0,13,35,0,6,6,41
11/02/2011,ADQ,AK,AAL,WE,Federal Contract Tower,4,7,1,3,15,0,69,0,13,82,4,76,1,16,97,0,7,7,104
11/03/2011,ADQ,AK,AAL,WE,Federal Contract Tower,3,18,1,3,25,0,0,0,6,6,3,18,1,9,31,0,0,0,31
11/04/2011,ADQ,AK,AAL,WE,Federal Contract Tower,4,9,0,2,15,0,56,6,11,73,4,65,6,13,88,0,27,27,115
11/05/2011,ADQ,AK,AAL,WE,Federal Contract Tower,4,9,1,1,15,0,68,14,2,84,4,77,15,3,99,11,5,16,115
11/06/2011,ADQ,AK,AAL,WE,Federal Contract Tower,4,6,0,0,10,0,22,0,3,25,4,28,0,3,35,0,8,8,43
11/07/2011,ADQ,AK,AAL,WE,Federal Contract Tower,4,10,0,0,14,0,60,1,15,76,4,70,1,15,90,0,68,68,158
11/08/2011,ADQ,AK,AAL,WE,Federal Contract Tower,4,10,1,1,16,0,34,1,18,53,4,44,2,19,69,0,0,0,69
11/09/2011,ADQ,AK,AAL,WE,Federal Contract Tower,6,7,0,2,15,0,59,6,16,81,6,66,6,18,96,18,17,35,131
11/10/2011,ADQ,AK,AAL,WE,Federal Contract Tower,4,6,0,1,11,0,32,3,14,49,4,38,3,15,60,0,30,30,90
11/11/2011,ADQ,AK,AAL,WE,Federal Contract Tower,0,6,2,1,9,0,0,0,0,0,0,6,2,1,9,0,0,0,9
11/12/2011,ADQ,AK,AAL,WE,Federal Contract Tower,2,9,0,0,11,0,10,0,3,13,2,19,0,3,24,0,0,0,24
11/13/2011,ADQ,AK,AAL,WE,Federal Contract Tower,4,6,0,2,12,0,50,3,1,54,4,56,3,3,66,0,26,26,92
11/14/2011,ADQ,AK,AAL,WE,Federal Contract Tower,6,14,0,0,20,0,29,1,10,40,6,43,1,10,60,0,56,56,116
11/15/2011,ADQ,AK,AAL,WE,Federal Contract Tower,0,2,0,4,6,0,0,0,0,0,0,2,0,4,6,0,28,28,34
11/16/2011,ADQ,AK,AAL,WE,Federal Contract Tower,0,13,0,2,15,0,3,0,2,5,0,16,0,4,20,0,0,0,20
11/17/2011,ADQ,AK,AAL,WE,Federal Contract Tower,4,8,0,1,13,0,85,6,23,114,4,93,6,24,127,4,70,74,201
11/18/2011,ADQ,AK,AAL,WE,Federal Contract Tower,6,9,0,2,17,0,73,10,8,91,6,82,10,10,108,9,18,27,135
11/19/2011,ADQ,AK,AAL,WE,Federal Contract Tower,2,6,0,0,8,0,32,3,2,37,2,38,3,2,45,2,18,20,65
11/20/2011,ADQ,AK,AAL,WE,Federal Contract Tower,0,5,0,3,8,0,0,0,0,0,0,5,0,3,8,0,0,0,8
11/21/2011,ADQ,AK,AAL,WE,Federal Contract Tower,0,12,1,0,13,0,36,6,2,44,0,48,7,2,57,0,0,0,57
11/22/2011,ADQ,AK,AAL,WE,Federal Contract Tower,0,1,0,0,1,0,0,0,0,0,0,1,0,0,1,0,0,0,1
11/23/2011,ADQ,AK,AAL,WE,Federal Contract Tower,7,10,0,0,17,1,65,1,11,78,8,75,1,11,95,0,66,66,161
11/24/2011,ADQ,AK,AAL,WE,Federal Contract Tower,0,2,0,0,2,0,6,3,6,15,0,8,3,6,17,4,0,4,21
11/25/2011,ADQ,AK,AAL,WE,Federal Contract Tower,4,12,0,0,16,0,51,12,8,71,4,63,12,8,87,0,43,43,130
11/26/2011,ADQ,AK,AAL,WE,Federal Contract Tower,2,5,0,0,7,0,70,4,2,76,2,75,4,2,83,13,24,37,120
11/27/2011,ADQ,AK,AAL,WE,Federal Contract Tower,4,6,0,0,10,0,2,0,0,2,4,8,0,0,12,0,18,18,30
11/28/2011,ADQ,AK,AAL,WE,Federal Contract Tower,4,9,0,2,15,0,74,14,9,97,4,83,14,11,112,10,86,96,208
11/29/2011,ADQ,AK,AAL,WE,Federal Contract Tower,2,9,0,2,13,0,24,0,9,33,2,33,0,11,46,0,21,21,67
11/30/2011,ADQ,AK,AAL,WE,Federal Contract Tower,6,9,1,4,20,0,66,0,17,83,6,75,1,21,103,0,36,36,139
12/01/2011,ADQ,AK,AAL,WE,Federal Contract Tower,3,11,0,2,16,0,60,2,17,79,3,71,2,19,95,2,28,30,125
12/02/2011,ADQ,AK,AAL,WE,Federal Contract Tower,4,16,1,3,24,0,40,5,7,52,4,56,6,10,76,0,30,30,106
12/03/2011,ADQ,AK,AAL,WE,Federal Contract Tower,0,20,0,2,22,0,22,2,0,24,0,42,2,2,46,0,0,0,46
12/04/2011,ADQ,AK,AAL,WE,Federal Contract Tower,4,6,2,3,15,0,38,8,2,48,4,44,10,5,63,0,36,36,99
12/05/2011,ADQ,AK,AAL,WE,Federal Contract Tower,4,5,0,3,12,0,67,9,11,87,4,72,9,14,99,10,0,10,109
12/06/2011,ADQ,AK,AAL,WE,Federal Contract Tower,4,8,0,2,14,0,66,9,19,94,4,74,9,21,108,16,18,34,142
12/07/2011,ADQ,AK,AAL,WE,Federal Contract Tower,4,15,1,2,22,0,15,1,24,40,4,30,2,26,62,4,0,4,66
12/08/2011,ADQ,AK,AAL,WE,Federal Contract Tower,4,11,0,3,18,0,48,5,16,69,4,59,5,19,87,0,0,0,87
12/09/2011,ADQ,AK,AAL,WE,Federal Contract Tower,5,6,2,0,13,0,86,5,15,106,5,92,7,15,119,4,14,18,137
12/10/2011,ADQ,AK,AAL,WE,Federal Contract Tower,2,6,0,0,8,0,13,0,1,14,2,19,0,1,22,0,26,26,48
12/11/2011,ADQ,AK,AAL,WE,Federal Contract Tower,2,4,0,4,10,0,0,0,0,0,2,4,0,4,10,0,0,0,10
12/12/2011,ADQ,AK,AAL,WE,Federal Contract Tower,4,9,0,4,17,0,48,4,17,69,4,57,4,21,86,4,16,20,106
12/13/2011,ADQ,AK,AAL,WE,Federal Contract Tower,5,4,0,2,11,0,55,4,14,73,5,59,4,16,84,0,38,38,122
12/14/2011,ADQ,AK,AAL,WE,Federal Contract Tower,2,11,0,4,17,0,27,2,10,39,2,38,2,14,56,0,8,8,64
12/15/2011,ADQ,AK,AAL,WE,Federal Contract Tower,4,12,0,4,20,0,26,0,7,33,4,38,0,11,53,16,13,29,82
12/16/2011,ADQ,AK,AAL,WE,Federal Contract Tower,4,15,4,0,23,0,50,0,1,51,4,65,4,1,74,8,0,8,82
12/17/2011,ADQ,AK,AAL,WE,Federal Contract Tower,2,10,0,2,14,0,19,2,2,23,2,29,2,4,37,0,0,0,37
12/18/2011,ADQ,AK,AAL,WE,Federal Contract Tower,1,7,0,0,8,1,3,0,2,6,2,10,0,2,14,0,12,12,26
12/19/2011,ADQ,AK,AAL,WE,Federal Contract Tower,4,10,0,0,14,0,42,6,5,53,4,52,6,5,67,6,28,34,101
12/20/2011,ADQ,AK,AAL,WE,Federal Contract Tower,3,13,0,2,18,0,2,0,0,2,3,15,0,2,20,0,0,0,20
12/21/2011,ADQ,AK,AAL,WE,Federal Contract Tower,5,6,1,2,14,1,80,6,2,89,6,86,7,4,103,0,48,48,151
12/22/2011,ADQ,AK,AAL,WE,Federal Contract Tower,4,8,0,1,13,0,45,2,12,59,4,53,2,13,72,0,10,10,82
12/23/2011,ADQ,AK,AAL,WE,Federal Contract Tower,4,10,0,0,14,1,52,8,6,67,5,62,8,6,81,12,0,12,93
12/24/2011,ADQ,AK,AAL,WE,Federal Contract Tower,2,9,0,0,11,0,19,1,0,20,2,28,1,0,31,0,0,0,31
12/25/2011,ADQ,AK,AAL,WE,Federal Contract Tower,0,2,2,0,4,0,2,3,0,5,0,4,5,0,9,41,0,41,50
12/26/2011,ADQ,AK,AAL,WE,Federal Contract Tower,4,7,0,1,12,0,17,0,0,17,4,24,0,1,29,0,6,6,35
12/27/2011,ADQ,AK,AAL,WE,Federal Contract Tower,3,9,0,2,14,1,53,2,4,60,4,62,2,6,74,6,0,6,80
12/28/2011,ADQ,AK,AAL,WE,Federal Contract Tower,4,7,0,0,11,0,41,2,7,50,4,48,2,7,61,14,2,16,77
12/29/2011,ADQ,AK,AAL,WE,Federal Contract Tower,4,8,0,1,13,0,34,0,16,50,4,42,0,17,63,2,10,12,75
12/30/2011,ADQ,AK,AAL,WE,Federal Contract Tower,4,10,0,0,14,0,42,2,5,49,4,52,2,5,63,0,37,37,100
12/31/2011,ADQ,AK,AAL,WE,Federal Contract Tower,4,5,1,1,11,0,42,9,4,55,4,47,10,5,66,7,0,7,73
01/01/2012,ADQ,AK,AAL,WE,Federal Contract Tower,2,1,0,1,4,0,0,0,5,5,2,1,0,6,9,0,2,2,11
01/02/2012,ADQ,AK,AAL,WE,Federal Contract Tower,6,7,0,0,13,0,41,8,5,54,6,48,8,5,67,0,6,6,73
01/03/2012,ADQ,AK,AAL,WE,Federal Contract Tower,2,11,0,0,13,0,47,1,0,48,2,58,1,0,61,0,0,0,61
01/04/2012,ADQ,AK,AAL,WE,Federal Contract Tower,7,10,0,4,21,1,45,1,22,69,8,55,1,26,90,0,67,67,157
01/05/2012,ADQ,AK,AAL,WE,Federal Contract Tower,4,5,0,2,11,0,61,0,7,68,4,66,0,9,79,0,134,134,213
01/06/2012,ADQ,AK,AAL,WE,Federal Contract Tower,6,14,0,5,25,0,45,7,4,56,6,59,7,9,81,1,0,1,82
01/07/2012,ADQ,AK,AAL,WE,Federal Contract Tower,0,2,0,1,3,0,0,0,0,0,0,2,0,1,3,0,0,0,3
01/08/2012,ADQ,AK,AAL,WE,Federal Contract Tower,2,3,0,2,7,0,3,0,3,6,2,6,0,5,13,0,7,7,20
01/09/2012,ADQ,AK,AAL,WE,Federal Contract Tower,10,12,0,2,24,0,44,2,3,49,10,56,2,5,73,0,25,25,98
01/10/2012,ADQ,AK,AAL,WE,Federal Contract Tower,0,2,0,4,6,0,2,0,14,16,0,4,0,18,22,0,8,8,30
01/11/2012,ADQ,AK,AAL,WE,Federal Contract Tower,4,15,0,3,22,0,29,0,8,37,4,44,0,11,59,0,0,0,59
01/12/2012,ADQ,AK,AAL,WE,Federal Contract Tower,2,7,0,1,10,0,15,0,2,17,2,22,0,3,27,0,0,0,27
01/13/2012,ADQ,AK,AAL,WE,Federal Contract Tower,4,7,1,0,12,0,15,0,2,17,4,22,1,2,29,0,9,9,38
01/14/2012,ADQ,AK,AAL,WE,Federal Contract Tower,2,6,0,0,8,0,86,15,5,106,2,92,15,5,114,4,6,10,124
01/15/2012,ADQ,AK,AAL,WE,Federal Contract Tower,4,5,0,2,11,0,6,14,4,24,4,11,14,6,35,0,0,0,35
01/16/2012,ADQ,AK,AAL,WE,Federal Contract Tower,4,8,0,1,13,0,34,14,1,49,4,42,14,2,62,0,14,14,76
01/17/2012,ADQ,AK,AAL,WE,Federal Contract Tower,4,12,0,2,18,0,29,2,3,34,4,41,2,5,52,0,0,0,52
01/18/2012,ADQ,AK,AAL,WE,Federal Contract Tower,2,21,0,6,29,0,22,1,6,29,2,43,1,12,58,0,23,23,81
01/19/2012,ADQ,AK,AAL,WE,Federal Contract Tower,5,15,0,4,24,0,39,3,7,49,5,54,3,11,73,2,67,69,142
01/20/2012,ADQ,AK,AAL,WE,Federal Contract Tower,4,10,0,2,16,0,48,0,5,53,4,58,0,7,69,0,17,17,86
01/21/2012,ADQ,AK,AAL,WE,Federal Contract Tower,4,8,0,0,12,0,58,9,3,70,4,66,9,3,82,8,12,20,102
01/22/2012,ADQ,AK,AAL,WE,Federal Contract Tower,6,6,0,2,14,0,4,4,1,9,6,10,4,3,23,0,26,26,49
01/23/2012,ADQ,AK,AAL,WE,Federal Contract Tower,6,11,0,2,19,0,53,22,11,86,6,64,22,13,105,6,25,31,136
01/24/2012,ADQ,AK,AAL,WE,Federal Contract Tower,2,8,0,1,11,0,23,2,6,31,2,31,2,7,42,0,62,62,104
01/25/2012,ADQ,AK,AAL,WE,Federal Contract Tower,8,5,0,5,18,2,12,0,8,22,10,17,0,13,40,0,33,33,73
01/26/2012,ADQ,AK,AAL,WE,Federal Contract Tower,8,7,0,1,16,0,34,1,6,41,8,41,1,7,57,0,27,27,84
01/27/2012,ADQ,AK,AAL,WE,Federal Contract Tower,6,8,2,1,17,0,53,4,2,59,6,61,6,3,76,0,16,16,92
01/28/2012,ADQ,AK,AAL,WE,Federal Contract Tower,2,9,0,0,11,0,31,3,4,38,2,40,3,4,49,0,20,20,69
01/29/2012,ADQ,AK,AAL,WE,Federal Contract Tower,4,8,0,2,14,0,4,2,0,6,4,12,2,2,20,0,0,0,20
01/30/2012,ADQ,AK,AAL,WE,Federal Contract Tower,0,10,1,1,12,0,0,0,0,0,0,10,1,1,12,0,0,0,12
01/31/2012,ADQ,AK,AAL,WE,Federal Contract Tower,6,10,0,4,20,0,73,6,12,91,6,83,6,16,111,3,38,41,152
02/01/2012,ADQ,AK,AAL,WE,Federal Contract Tower,2,3,0,0,5,0,0,0,4,4,2,3,0,4,9,0,0,0,9
02/02/2012,ADQ,AK,AAL,WE,Federal Contract Tower,6,13,0,5,24,0,0,0,0,0,6,13,0,5,24,0,0,0,24
02/03/2012,ADQ,AK,AAL,WE,Federal Contract Tower,2,7,0,0,9,0,25,0,2,27,2,32,0,2,36,2,43,45,81
02/04/2012,ADQ,AK,AAL,WE,Federal Contract Tower,4,7,0,1,12,0,37,0,4,41,4,44,0,5,53,2,0,2,55
02/05/2012,ADQ,AK,AAL,WE,Federal Contract Tower,2,9,0,0,11,0,1,0,0,1,2,10,0,0,12,0,0,0,12
02/06/2012,ADQ,AK,AAL,WE,Federal Contract Tower,4,25,2,3,34,0,7,1,0,8,4,32,3,3,42,0,16,16,58
02/07/2012,ADQ,AK,AAL,WE,Federal Contract Tower,4,22,0,1,27,0,3,0,0,3,4,25,0,1,30,0,16,16,46
02/08/2012,ADQ,AK,AAL,WE,Federal Contract Tower,4,25,0,0,29,0,1,0,0,1,4,26,0,0,30,0,0,0,30
02/09/2012,ADQ,AK,AAL,WE,Federal Contract Tower,3,26,2,5,36,0,58,6,7,71,3,84,8,12,107,0,12,12,119
02/10/2012,ADQ,AK,AAL,WE,Federal Contract Tower,4,7,3,3,17,0,76,11,10,97,4,83,14,13,114,12,46,58,172
02/11/2012,ADQ,AK,AAL,WE,Federal Contract Tower,2,7,0,1,10,0,15,0,1,16,2,22,0,2,26,0,31,31,57
02/12/2012,ADQ,AK,AAL,WE,Federal Contract Tower,4,8,0,4,16,0,5,0,1,6,4,13,0,5,22,5,12,17,39
02/13/2012,ADQ,AK,AAL,WE,Federal Contract Tower,4,8,0,3,15,0,64,2,7,73,4,72,2,10,88,0,50,50,138
02/14/2012,ADQ,AK,AAL,WE,Federal Contract Tower,4,10,0,2,16,0,29,0,11,40,4,39,0,13,56,0,24,24,80
02/15/2012,ADQ,AK,AAL,WE,Federal Contract Tower,5,11,0,6,22,1,54,5,6,66,6,65,5,12,88,0,63,63,151
02/16/2012,ADQ,AK,AAL,WE,Federal Contract Tower,4,14,2,7,27,0,20,0,5,25,4,34,2,12,52,0,62,62,114
02/17/2012,ADQ,AK,AAL,WE,Federal Contract Tower,4,5,0,1,10,0,71,15,15,101,4,76,15,16,111,19,20,39,150
02/18/2012,ADQ,AK,AAL,WE,Federal Contract Tower,0,9,0,0,9,0,26,3,0,29,0,35,3,0,38,0,0,0,38
02/19/2012,ADQ,AK,AAL,WE,Federal Contract Tower,4,13,0,2,19,0,13,10,3,26,4,26,10,5,45,10,16,26,71
02/20/2012,ADQ,AK,AAL,WE,Federal Contract Tower,6,10,0,1,17,0,28,2,1,31,6,38,2,2,48,0,0,0,48
02/21/2012,ADQ,AK,AAL,WE,Federal Contract Tower,5,4,0,2,11,1,47,6,8,62,6,51,6,10,73,6,15,21,94
02/22/2012,ADQ,AK,AAL,WE,Federal Contract Tower,4,7,0,2,13,0,46,6,14,66,4,53,6,16,79,12,81,93,172
02/23/2012,ADQ,AK,AAL,WE,Federal Contract Tower,6,7,0,1,14,0,63,5,13,81,6,70,5,14,95,0,80,80,175
02/24/2012,ADQ,AK,AAL,WE,Federal Contract Tower,6,11,0,1,18,0,68,7,18,93,6,79,7,19,111,0,22,22,133
02/25/2012,ADQ,AK,AAL,WE,Federal Contract Tower,4,11,0,5,20,0,35,3,0,38,4,46,3,5,58,0,6,6,64
02/26/2012,ADQ,AK,AAL,WE,Federal Contract Tower,6,5,0,0,11,0,12,0,2,14,6,17,0,2,25,6,0,6,31
02/27/2012,ADQ,AK,AAL,WE,Federal Contract Tower,3,6,0,2,11,1,26,0,12,39,4,32,0,14,50,0,68,68,118
02/28/2012,ADQ,AK,AAL,WE,Federal Contract Tower,4,9,0,1,14,0,33,1,15,49,4,42,1,16,63,0,122,122,185
02/29/2012,ADQ,AK,AAL,WE,Federal Contract Tower,6,10,0,1,17,0,52,2,4,58,6,62,2,5,75,2,16,18,93
03/01/2012,ADQ,AK,AAL,WE,Federal Contract Tower,2,14,0,0,16,0,1,0,0,1,2,15,0,0,17,0,0,0,17
03/02/2012,ADQ,AK,AAL,WE,Federal Contract Tower,3,8,0,5,16,1,57,1,6,65,4,65,1,11,81,0,38,38,119
03/03/2012,ADQ,AK,AAL,WE,Federal Contract Tower,2,5,0,1,8,0,18,2,2,22,2,23,2,3,30,0,0,0,30
03/04/2012,ADQ,AK,AAL,WE,Federal Contract Tower,4,5,0,0,9,0,47,8,6,61,4,52,8,6,70,2,6,8,78
03/05/2012,ADQ,AK,AAL,WE,Federal Contract Tower,4,10,0,2,16,0,24,0,2,26,4,34,0,4,42,10,50,60,102
03/06/2012,ADQ,AK,AAL,WE,Federal Contract Tower,2,8,0,1,11,0,61,10,5,76,2,69,10,6,87,0,22,22,109
03/07/2012,ADQ,AK,AAL,WE,Federal Contract Tower,3,8,0,3,14,0,39,9,8,56,3,47,9,11,70,0,56,56,126
03/08/2012,ADQ,AK,AAL,WE,Federal Contract Tower,4,12,1,2,19,0,39,12,7,58,4,51,13,9,77,0,36,36,113
03/09/2012,ADQ,AK,AAL,WE,Federal Contract Tower,3,7,0,3,13,1,48,4,8,61,4,55,4,11,74,0,27,27,101
03/10/2012,ADQ,AK,AAL,WE,Federal Contract Tower,2,4,0,1,7,0,27,0,4,31,2,31,0,5,38,0,0,0,38
03/11/2012,ADQ,AK,AAL,WE,Federal Contract Tower,4,2,0,2,8,0,6,0,2,8,4,8,0,4,16,2,0,2,18
03/12/2012,ADQ,AK,AAL,WE,Federal Contract Tower,4,8,0,6,18,0,74,2,2,78,4,82,2,8,96,4,18,22,118
03/13/2012,ADQ,AK,AAL,WE,Federal Contract Tower,4,11,0,2,17,0,41,3,8,52,4,52,3,10,69,0,29,29,98
03/14/2012,ADQ,AK,AAL,WE,Federal Contract Tower,6,16,0,2,24,0,25,0,4,29,6,41,0,6,53,0,48,48,101
03/15/2012,ADQ,AK,AAL,WE,Federal Contract Tower,4,7,0,4,15,0,26,0,5,31,4,33,0,9,46,0,12,12,58
03/16/2012,ADQ,AK,AAL,WE,Federal Contract Tower,4,9,0,4,17,0,42,3,5,50,4,51,3,9,67,0,31,31,98
03/17/2012,ADQ,AK,AAL,WE,Federal Contract Tower,2,4,0,2,8,0,31,0,3,34,2,35,0,5,42,0,18,18,60
03/18/2012,ADQ,AK,AAL,WE,Federal Contract Tower,4,6,0,5,15,0,12,6,0,18,4,18,6,5,33,0,24,24,57
03/19/2012,ADQ,AK,AAL,WE,Federal Contract Tower,4,7,0,0,11,0,51,2,6,59,4,58,2,6,70,2,36,38,108
03/20/2012,ADQ,AK,AAL,WE,Federal Contract Tower,4,9,0,4,17,0,23,4,17,44,4,32,4,21,61,10,64,74,135
03/21/2012,ADQ,AK,AAL,WE,Federal Contract Tower,6,10,0,3,19,0,40,4,9,53,6,50,4,12,72,10,6,16,88
03/22/2012,ADQ,AK,AAL,WE,Federal Contract Tower,4,7,0,2,13,0,0,0,0,0,4,7,0,2,13,0,45,45,58
03/23/2012,ADQ,AK,AAL,WE,Federal Contract Tower,4,8,0,3,15,0,3,0,0,3,4,11,0,3,18,0,0,0,18
03/24/2012,ADQ,AK,AAL,WE,Federal Contract Tower,4,8,0,1,13,0,43,4,2,49,4,51,4,3,62,7,0,7,69
03/25/2012,ADQ,AK,AAL,WE,Federal Contract Tower,4,4,0,1,9,0,20,4,2,26,4,24,4,3,35,8,0,8,43
03/26/2012,ADQ,AK,AAL,WE,Federal Contract Tower,4,14,0,5,23,0,22,0,8,30,4,36,0,13,53,0,2,2,55
03/27/2012,ADQ,AK,AAL,WE,Federal Contract Tower,4,24,0,11,39,0,0,0,0,0,4,24,0,11,39,0,0,0,39
03/28/2012,ADQ,AK,AAL,WE,Federal Contract Tower,4,34,1,4,43,0,15,0,0,15,4,49,1,4,58,0,0,0,58
03/29/2012,ADQ,AK,AAL,WE,Federal Contract Tower,5,32,0,12,49,0,30,2,6,38,5,62,2,18,87,0,3,3,90
03/30/2012,ADQ,AK,AAL,WE,Federal Contract Tower,4,10,0,2,16,0,74,23,7,104,4,84,23,9,120,4,0,4,124
03/31/2012,ADQ,AK,AAL,WE,Federal Contract Tower,3,5,0,2,10,0,32,7,1,40,3,37,7,3,50,4,35,39,89
04/01/2012,ADQ,AK,AAL,WE,Federal Contract Tower,4,5,1,2,12,0,28,14,4,46,4,33,15,6,58,0,0,0,58
04/02/2012,ADQ,AK,AAL,WE,Federal Contract Tower,3,8,1,1,13,1,44,0,13,58,4,52,1,14,71,0,69,69,140
04/03/2012,ADQ,AK,AAL,WE,Federal Contract Tower,4,6,0,2,12,0,78,11,11,100,4,84,11,13,112,5,14,19,131
04/04/2012,ADQ,AK,AAL,WE,Federal Contract Tower,6,11,0,13,30,0,31,1,21,53,6,42,1,34,83,0,41,41,124
04/05/2012,ADQ,AK,AAL,WE,Federal Contract Tower,4,12,0,4,20,0,54,5,21,80,4,66,5,25,100,2,11,13,113
04/06/2012,ADQ,AK,AAL,WE,Federal Contract Tower,4,9,0,5,18,0,77,7,11,95,4,86,7,16,113,0,42,42,155
04/07/2012,ADQ,AK,AAL,WE,Federal Contract Tower,2,4,3,0,9,0,42,10,2,54,2,46,13,2,63,0,53,53,116
04/08/2012,ADQ,AK,AAL,WE,Federal Contract Tower,4,5,0,2,11,0,4,2,2,8,4,9,2,4,19,0,6,6,25
04/09/2012,ADQ,AK,AAL,WE,Federal Contract Tower,4,8,0,4,16,0,60,6,8,74,4,68,6,12,90,2,54,56,146
04/10/2012,ADQ,AK,AAL,WE,Federal Contract Tower,2,10,1,9,22,1,35,0,14,50,3,45,1,23,72,0,5,5,77
04/11/2012,ADQ,AK,AAL,WE,Federal Contract Tower,6,6,0,3,15,0,56,10,11,77,6,62,10,14,92,7,6,13,105
04/12/2012,ADQ,AK,AAL,WE,Federal Contract Tower,3,3,0,3,9,1,59,16,5,81,4,62,16,8,90,0,3,3,93
04/13/2012,ADQ,AK,AAL,WE,Federal Contract Tower,4,25,2,2,33,0,38,3,14,55,4,63,5,16,88,16,52,68,156
04/14/2012,ADQ,AK,AAL,WE,Federal Contract Tower,2,8,0,1,11,0,0,0,0,0,2,8,0,1,11,0,0,0,11
04/15/2012,ADQ,AK,AAL,WE,Federal Contract Tower,4,18,0,1,23,0,6,0,1,7,4,24,0,2,30,0,0,0,30
04/16/2012,ADQ,AK,AAL,WE,Federal Contract Tower,4,41,0,3,48,0,20,1,1,22,4,61,1,4,70,0,0,0,70
04/17/2012,ADQ,AK,AAL,WE,Federal Contract Tower,4,33,1,10,48,0,20,10,9,39,4,53,11,19,87,7,0,7,94
04/18/2012,ADQ,AK,AAL,WE,Federal Contract Tower,4,59,8,9,80,0,11,2,0,13,4,70,10,9,93,0,0,0,93
04/19/2012,ADQ,AK,AAL,WE,Federal Contract Tower,4,10,0,3,17,0,41,7,18,66,4,51,7,21,83,0,13,13,96
04/20/2012,ADQ,AK,AAL,WE,Federal Contract Tower,6,9,1,2,18,0,69,30,13,112,6,78,31,15,130,6,29,35,165
04/21/2012,ADQ,AK,AAL,WE,Federal Contract Tower,1,6,0,0,7,1,49,22,4,76,2,55,22,4,83,0,0,0,83
04/22/2012,ADQ,AK,AAL,WE,Federal Contract Tower,4,6,0,3,13,0,12,19,5,36,4,18,19,8,49,0,28,28,77
04/23/2012,ADQ,AK,AAL,WE,Federal Contract Tower,4,9,0,8,21,0,48,16,6,70,4,57,16,14,91,0,0,0,91
04/24/2012,ADQ,AK,AAL,WE,Federal Contract Tower,4,8,1,4,17,0,48,20,16,84,4,56,21,20,101,0,30,30,131
04/25/2012,ADQ,AK,AAL,WE,Federal Contract Tower,7,10,0,1,18,0,57,15,21,93,7,67,15,22,111,8,6,14,125
04/26/2012,ADQ,AK,AAL,WE,Federal Contract Tower,4,4,0,2,10,0,59,17,20,96,4,63,17,22,106,0,36,36,142
04/27/2012,ADQ,AK,AAL,WE,Federal Contract Tower,7,28,2,5,42,0,35,1,8,44,7,63,3,13,86,0,42,42,128
04/28/2012,ADQ,AK,AAL,WE,Federal Contract Tower,2,23,0,0,25,0,11,1,0,12,2,34,1,0,37,0,0,0,37
04/29/2012,ADQ,AK,AAL,WE,Federal Contract Tower,4,8,0,0,12,0,16,12,2,30,4,24,12,2,42,0,0,0,42
04/30/2012,ADQ,AK,AAL,WE,Federal Contract Tower,4,5,0,2,11,0,63,19,15,97,4,68,19,17,108,0,29,29,137
05/01/2012,ADQ,AK,AAL,WE,Federal Contract Tower,3,5,0,0,8,0,36,11,13,60,3,41,11,13,68,0,0,0,68
05/02/2012,ADQ,AK,AAL,WE,Federal Contract Tower,3,8,2,3,16,1,67,14,15,97,4,75,16,18,113,0,34,34,147
05/03/2012,ADQ,AK,AAL,WE,Federal Contract Tower,4,15,7,5,31,0,33,13,3,49,4,48,20,8,80,0,30,30,110
05/04/2012,ADQ,AK,AAL,WE,Federal Contract Tower,7,15,3,4,29,0,53,15,4,72,7,68,18,8,101,0,0,0,101
05/05/2012,ADQ,AK,AAL,WE,Federal Contract Tower,2,7,0,2,11,0,46,26,4,76,2,53,26,6,87,6,0,6,93
05/06/2012,ADQ,AK,AAL,WE,Federal Contract Tower,3,5,0,1,9,1,18,12,3,34,4,23,12,4,43,0,0,0,43
05/07/2012,ADQ,AK,AAL,WE,Federal Contract Tower,4,7,1,3,15,0,56,22,4,82,4,63,23,7,97,0,44,44,141
05/08/2012,ADQ,AK,AAL,WE,Federal Contract Tower,3,6,2,1,12,0,36,19,15,70,3,42,21,16,82,0,24,24,106
05/09/2012,ADQ,AK,AAL,WE,Federal Contract Tower,2,12,0,1,15,0,21,2,17,40,2,33,2,18,55,0,17,17,72
05/10/2012,ADQ,AK,AAL,WE,Federal Contract Tower,6,10,0,3,19,0,55,4,11,70,6,65,4,14,89,2,24,26,115
05/11/2012,ADQ,AK,AAL,WE,Federal Contract Tower,4,9,1,0,14,0,68,8,11,87,4,77,9,11,101,7,0,7,108
05/12/2012,ADQ,AK,AAL,WE,Federal Contract Tower,2,6,0,2,10,0,49,8,4,61,2,55,8,6,71,18,0,18,89
05/13/2012,ADQ,AK,AAL,WE,Federal Contract Tower,4,5,0,0,9,0,11,4,2,17,4,16,4,2,26,0,0,0,26
05/14/2012,ADQ,AK,AAL,WE,Federal Contract Tower,4,7,2,6,19,0,67,14,10,91,4,74,16,16,110,0,68,68,178
05/15/2012,ADQ,AK,AAL,WE,Federal Contract Tower,2,7,1,11,21,2,68,10,17,97,4,75,11,28,118,0,43,43,161
05/16/2012,ADQ,AK,AAL,WE,Federal Contract Tower,5,8,0,4,17,0,65,4,18,87,5,73,4,22,104,0,6,6,110
05/17/2012,ADQ,AK,AAL,WE,Federal Contract Tower,2,41,2,5,50,0,23,0,6,29,2,64,2,11,79,0,25,25,104
05/18/2012,ADQ,AK,AAL,WE,Federal Contract Tower,0,13,4,2,19,0,36,3,10,49,0,49,7,12,68,0,0,0,68
05/19/2012,ADQ,AK,AAL,WE,Federal Contract Tower,2,7,0,6,15,0,36,8,3,47,2,43,8,9,62,7,8,15,77
05/20/2012,ADQ,AK,AAL,WE,Federal Contract Tower,4,5,0,6,15,0,23,2,4,29,4,28,2,10,44,0,0,0,44
05/21/2012,ADQ,AK,AAL,WE,Federal Contract Tower,4,17,1,5,27,0,62,2,18,82,4,79,3,23,109,0,32,32,141
05/22/2012,ADQ,AK,AAL,WE,Federal Contract Tower,4,4,1,1,10,0,63,13,14,90,4,67,14,15,100,0,35,35,135
05/23/2012,ADQ,AK,AAL,WE,Federal Contract Tower,1,0,10,2,13,1,59,10,14,84,2,59,20,16,97,2,66,68,165
05/24/2012,ADQ,AK,AAL,WE,Federal Contract Tower,4,5,5,2,16,0,88,6,13,107,4,93,11,15,123,6,8,14,137
05/25/2012,ADQ,AK,AAL,WE,Federal Contract Tower,4,54,0,2,60,0,0,0,0,0,4,54,0,2,60,0,0,0,60
05/26/2012,ADQ,AK,AAL,WE,Federal Contract Tower,4,9,0,1,14,0,60,12,3,75,4,69,12,4,89,6,2,8,97
05/27/2012,ADQ,AK,AAL,WE,Federal Contract Tower,4,6,0,1,11,0,26,8,3,37,4,32,8,4,48,2,0,2,50
05/28/2012,ADQ,AK,AAL,WE,Federal Contract Tower,5,6,0,1,12,0,64,2,0,66,5,70,2,1,78,14,2,16,94
05/29/2012,ADQ,AK,AAL,WE,Federal Contract Tower,2,13,0,3,18,0,47,0,18,65,2,60,0,21,83,0,0,0,83
05/30/2012,ADQ,AK,AAL,WE,Federal Contract Tower,3,26,2,5,36,0,50,3,7,60,3,76,5,12,96,0,12,12,108
05/31/2012,ADQ,AK,AAL,WE,Federal Contract Tower,5,9,0,6,20,0,62,3,11,76,5,71,3,17,96,0,72,72,168
06/01/2012,ADQ,AK,AAL,WE,Federal Contract Tower,5,25,4,4,38,1,53,3,9,66,6,78,7,13,104,2,16,18,122
06/02/2012,ADQ,AK,AAL,WE,Federal Contract Tower,2,5,1,0,8,0,68,16,3,87,2,73,17,3,95,38,20,58,153
06/03/2012,ADQ,AK,AAL,WE,Federal Contract Tower,4,7,0,2,13,0,28,4,4,36,4,35,4,6,49,0,2,2,51
06/04/2012,ADQ,AK,AAL,WE,Federal Contract Tower,3,11,1,4,19,1,61,5,11,78,4,72,6,15,97,0,0,0,97
06/05/2012,ADQ,AK,AAL,WE,Federal Contract Tower,5,6,0,3,14,1,70,9,3,83,6,76,9,6,97,6,0,6,103
06/06/2012,ADQ,AK,AAL,WE,Federal Contract Tower,4,6,4,1,15,0,63,22,15,100,4,69,26,16,115,12,20,32,147
06/07/2012,ADQ,AK,AAL,WE,Federal Contract Tower,2,11,1,1,15,0,59,14,8,81,2,70,15,9,96,10,0,10,106
06/08/2012,ADQ,AK,AAL,WE,Federal Contract Tower,4,5,2,1,12,0,74,3,16,93,4,79,5,17,105,3,6,9,114
06/09/2012,ADQ,AK,AAL,WE,Federal Contract Tower,4,9,0,3,16,0,65,7,5,77,4,74,7,8,93,19,0,19,112
06/10/2012,ADQ,AK,AAL,WE,Federal Contract Tower,4,6,1,1,12,0,20,4,5,29,4,26,5,6,41,0,6,6,47
06/11/2012,ADQ,AK,AAL,WE,Federal Contract Tower,4,11,0,4,19,0,60,6,4,70,4,71,6,8,89,0,0,0,89
06/12/2012,ADQ,AK,AAL,WE,Federal Contract Tower,6,24,1,4,35,0,52,4,8,64,6,76,5,12,99,0,22,22,121
06/13/2012,ADQ,AK,AAL,WE,Federal Contract Tower,2,14,1,3,20,0,57,12,8,77,2,71,13,11,97,0,5,5,102
06/14/2012,ADQ,AK,AAL,WE,Federal Contract Tower,6,14,2,9,31,0,48,4,14,66,6,62,6,23,97,0,20,20,117
06/15/2012,ADQ,AK,AAL,WE,Federal Contract Tower,4,37,4,5,50,0,21,4,6,31,4,58,8,11,81,0,0,0,81
06/16/2012,ADQ,AK,AAL,WE,Federal Contract Tower,2,5,0,0,7,0,61,11,3,75,2,66,11,3,82,0,14,14,96
06/17/2012,ADQ,AK,AAL,WE,Federal Contract Tower,4,3,0,0,7,0,24,1,6,31,4,27,1,6,38,0,0,0,38
06/18/2012,ADQ,AK,AAL,WE,Federal Contract Tower,4,3,0,3,10,0,72,8,12,92,4,75,8,15,102,4,34,38,140
06/19/2012,ADQ,AK,AAL,WE,Federal Contract Tower,5,7,1,5,18,0,74,22,8,104,5,81,23,13,122,4,0,4,126
06/20/2012,ADQ,AK,AAL,WE,Federal Contract Tower,4,18,0,3,25,0,52,7,12,71,4,70,7,15,96,0,50,50,146
06/21/2012,ADQ,AK,AAL,WE,Federal Contract Tower,4,5,1,1,11,0,49,9,16,74,4,54,10,17,85,4,32,36,121
06/22/2012,ADQ,AK,AAL,WE,Federal Contract Tower,4,6,0,1,11,0,89,15,12,116,4,95,15,13,127,0,34,34,161
06/23/2012,ADQ,AK,AAL,WE,Federal Contract Tower,2,5,0,1,8,0,52,4,3,59,2,57,4,4,67,0,0,0,67
06/24/2012,ADQ,AK,AAL,WE,Federal Contract Tower,4,8,1,2,15,0,38,6,4,48,4,46,7,6,63,0,26,26,89
06/25/2012,ADQ,AK,AAL,WE,Federal Contract Tower,3,30,3,6,42,0,18,3,4,25,3,48,6,10,67,0,32,32,99
06/26/2012,ADQ,AK,AAL,WE,Federal Contract Tower,6,7,1,3,17,0,62,8,3,73,6,69,9,6,90,0,19,19,109
06/27/2012,ADQ,AK,AAL,WE,Federal Contract Tower,3,6,0,4,13,0,63,2,21,86,3,69,2,25,99,6,26,32,131
06/28/2012,ADQ,AK,AAL,WE,Federal Contract Tower,4,5,0,4,13,0,68,5,23,96,4,73,5,27,109,0,46,46,155
06/29/2012,ADQ,AK,AAL,WE,Federal Contract Tower,4,6,2,2,14,0,84,8,9,101,4,90,10,11,115,0,10,10,125
06/30/2012,ADQ,AK,AAL,WE,Federal Contract Tower,3,8,2,1,14,0,57,4,7,68,3,65,6,8,82,0,6,6,88
07/01/2012,ADQ,AK,AAL,WE,Federal Contract Tower,4,6,0,1,11,0,31,6,4,41,4,37,6,5,52,0,14,14,66
07/02/2012,ADQ,AK,AAL,WE,Federal Contract Tower,3,9,2,4,18,1,78,8,14,101,4,87,10,18,119,4,54,58,177
07/03/2012,ADQ,AK,AAL,WE,Federal Contract Tower,4,8,0,4,16,0,91,5,22,118,4,99,5,26,134,0,10,10,144
07/04/2012,ADQ,AK,AAL,WE,Federal Contract Tower,1,9,0,1,11,1,13,0,4,18,2,22,0,5,29,0,2,2,31
07/05/2012,ADQ,AK,AAL,WE,Federal Contract Tower,5,11,0,2,18,0,58,3,17,78,5,69,3,19,96,0,54,54,150
07/06/2012,ADQ,AK,AAL,WE,Federal Contract Tower,4,12,0,4,20,0,43,9,10,62,4,55,9,14,82,2,0,2,84
07/07/2012,ADQ,AK,AAL,WE,Federal Contract Tower,2,13,1,2,18,0,42,0,0,42,2,55,1,2,60,0,0,0,60
07/08/2012,ADQ,AK,AAL,WE,Federal Contract Tower,4,6,1,1,12,0,26,3,10,39,4,32,4,11,51,0,28,28,79
07/09/2012,ADQ,AK,AAL,WE,Federal Contract Tower,4,7,1,2,14,0,57,6,11,74,4,64,7,13,88,0,18,18,106
07/10/2012,ADQ,AK,AAL,WE,Federal Contract Tower,6,8,2,7,23,0,59,5,14,78,6,67,7,21,101,0,27,27,128
07/11/2012,ADQ,AK,AAL,WE,Federal Contract Tower,0,17,0,7,24,0,0,0,0,0,0,17,0,7,24,0,0,0,24
07/12/2012,ADQ,AK,AAL,WE,Federal Contract Tower,2,28,6,5,41,0,45,2,7,54,2,73,8,12,95,0,0,0,95
07/13/2012,ADQ,AK,AAL,WE,Federal Contract Tower,4,29,3,1,37,0,69,6,8,83,4,98,9,9,120,0,12,12,132
07/14/2012,ADQ,AK,AAL,WE,Federal Contract Tower,1,12,2,1,16,1,46,5,1,53,2,58,7,2,69,0,0,0,69
07/15/2012,ADQ,AK,AAL,WE,Federal Contract Tower,3,5,1,1,10,1,39,7,1,48,4,44,8,2,58,8,26,34,92
07/16/2012,ADQ,AK,AAL,WE,Federal Contract Tower,4,6,2,2,14,0,70,9,13,92,4,76,11,15,106,0,54,54,160
07/17/2012,ADQ,AK,AAL,WE,Federal Contract Tower,6,7,2,1,16,0,68,4,16,88,6,75,6,17,104,0,0,0,104
07/18/2012,ADQ,AK,AAL,WE,Federal Contract Tower,3,10,1,2,16,1,72,6,19,98,4,82,7,21,114,3,16,19,133
07/19/2012,ADQ,AK,AAL,WE,Federal Contract Tower,6,9,2,1,18,0,53,15,15,83,6,62,17,16,101,0,20,20,121
07/20/2012,ADQ,AK,AAL,WE,Federal Contract Tower,4,13,1,1,19,0,56,9,3,68,4,69,10,4,87,8,0,8,95
07/21/2012,ADQ,AK,AAL,WE,Federal Contract Tower,2,17,6,1,26,0,47,4,0,51,2,64,10,1,77,0,0,0,77
07/22/2012,ADQ,AK,AAL,WE,Federal Contract Tower,4,5,1,1,11,0,32,7,4,43,4,37,8,5,54,0,18,18,72
07/23/2012,ADQ,AK,AAL,WE,Federal Contract Tower,4,8,0,2,14,0,63,1,10,74,4,71,1,12,88,0,54,54,142
07/24/2012,ADQ,AK,AAL,WE,Federal Contract Tower,6,28,2,9,45,0,32,0,9,41,6,60,2,18,86,0,20,20,106
07/25/2012,ADQ,AK,AAL,WE,Federal Contract Tower,2,8,2,2,14,0,38,6,7,51,2,46,8,9,65,0,39,39,104
07/26/2012,ADQ,AK,AAL,WE,Federal Contract Tower,5,21,0,8,34,0,31,1,6,38,5,52,1,14,72,0,2,2,74
07/27/2012,ADQ,AK,AAL,WE,Federal Contract Tower,4,8,4,2,18,0,79,7,9,95,4,87,11,11,113,0,14,14,127
07/28/2012,ADQ,AK,AAL,WE,Federal Contract Tower,2,11,0,3,16,0,60,1,2,63,2,71,1,5,79,2,8,10,89
07/29/2012,ADQ,AK,AAL,WE,Federal Contract Tower,5,7,0,2,14,0,36,4,8,48,5,43,4,10,62,0,0,0,62
07/30/2012,ADQ,AK,AAL,WE,Federal Contract Tower,4,23,4,6,37,0,38,0,4,42,4,61,4,10,79,0,18,18,97
07/31/2012,ADQ,AK,AAL,WE,Federal Contract Tower,4,15,1,2,22,0,46,1,4,51,4,61,2,6,73,0,16,16,89
08/01/2012,ADQ,AK,AAL,WE,Federal Contract Tower,4,11,1,3,19,0,50,0,8,58,4,61,1,11,77,0,8,8,85
08/02/2012,ADQ,AK,AAL,WE,Federal Contract Tower,6,10,0,2,18,0,58,6,16,80,6,68,6,18,98,0,15,15,113
08/03/2012,ADQ,AK,AAL,WE,Federal Contract Tower,3,10,0,1,14,1,65,3,9,78,4,75,3,10,92,0,47,47,139
08/04/2012,ADQ,AK,AAL,WE,Federal Contract Tower,2,12,1,2,17,0,56,2,2,60,2,68,3,4,77,2,6,8,85
08/05/2012,ADQ,AK,AAL,WE,Federal Contract Tower,4,6,1,1,12,0,30,2,1,33,4,36,3,2,45,0,0,0,45
08/06/2012,ADQ,AK,AAL,WE,Federal Contract Tower,4,12,0,7,23,0,74,6,7,87,4,86,6,14,110,0,2,2,112
08/07/2012,ADQ,AK,AAL,WE,Federal Contract Tower,4,12,1,5,22,0,47,0,4,51,4,59,1,9,73,0,11,11,84
08/08/2012,ADQ,AK,AAL,WE,Federal Contract Tower,4,8,0,4,16,0,70,3,13,86,4,78,3,17,102,0,20,20,122
08/09/2012,ADQ,AK,AAL,WE,Federal Contract Tower,4,16,2,7,29,0,56,2,9,67,4,72,4,16,96,0,42,42,138
08/10/2012,ADQ,AK,AAL,WE,Federal Contract Tower,4,14,3,1,22,0,69,7,8,84,4,83,10,9,106,0,51,51,157
08/11/2012,ADQ,AK,AAL,WE,Federal Contract Tower,0,32,0,7,39,0,14,0,0,14,0,46,0,7,53,0,0,0,53
08/12/2012,ADQ,AK,AAL,WE,Federal Contract Tower,0,11,7,1,19,0,4,3,1,8,0,15,10,2,27,0,0,0,27
08/13/2012,ADQ,AK,AAL,WE,Federal Contract Tower,6,15,2,8,31,0,50,7,6,63,6,65,9,14,94,0,0,0,94
08/14/2012,ADQ,AK,AAL,WE,Federal Contract Tower,0,7,4,0,11,0,0,0,0,0,0,7,4,0,11,0,0,0,11
08/15/2012,ADQ,AK,AAL,WE,Federal Contract Tower,2,16,2,2,22,0,57,6,21,84,2,73,8,23,106,2,43,45,151
08/16/2012,ADQ,AK,AAL,WE,Federal Contract Tower,3,36,0,9,48,0,8,0,0,8,3,44,0,9,56,0,0,0,56
08/17/2012,ADQ,AK,AAL,WE,Federal Contract Tower,6,18,3,3,30,0,78,9,12,99,6,96,12,15,129,11,78,89,218
08/18/2012,ADQ,AK,AAL,WE,Federal Contract Tower,2,10,1,0,13,0,40,8,3,51,2,50,9,3,64,0,38,38,102
08/19/2012,ADQ,AK,AAL,WE,Federal Contract Tower,4,8,0,2,14,0,34,4,2,40,4,42,4,4,54,4,28,32,86
08/20/2012,ADQ,AK,AAL,WE,Federal Contract Tower,3,7,1,2,13,1,72,4,8,85,4,79,5,10,98,0,62,62,160
08/21/2012,ADQ,AK,AAL,WE,Federal Contract Tower,6,6,3,2,17,0,78,15,13,106,6,84,18,15,123,0,60,60,183
08/22/2012,ADQ,AK,AAL,WE,Federal Contract Tower,3,7,0,2,12,1,88,5,18,112,4,95,5,20,124,6,75,81,205
08/23/2012,ADQ,AK,AAL,WE,Federal Contract Tower,3,6,0,1,10,1,69,1,14,85,4,75,1,15,95,0,25,25,120
08/24/2012,ADQ,AK,AAL,WE,Federal Contract Tower,4,8,1,0,13,0,66,4,18,88,4,74,5,18,101,0,82,82,183
08/25/2012,ADQ,AK,AAL,WE,Federal Contract Tower,1,5,0,0,6,1,62,11,3,77,2,67,11,3,83,4,9,13,96
08/26/2012,ADQ,AK,AAL,WE,Federal Contract Tower,4,6,0,2,12,0,46,2,2,50,4,52,2,4,62,0,4,4,66
08/27/2012,ADQ,AK,AAL,WE,Federal Contract Tower,4,5,1,1,11,0,36,2,13,51,4,41,3,14,62,0,18,18,80
08/28/2012,ADQ,AK,AAL,WE,Federal Contract Tower,6,5,3,0,14,0,76,6,18,100,6,81,9,18,114,0,91,91,205
08/29/2012,ADQ,AK,AAL,WE,Federal Contract Tower,4,8,2,2,16,0,59,4,17,80,4,67,6,19,96,0,66,66,162
08/30/2012,ADQ,AK,AAL,WE,Federal Contract Tower,4,17,2,4,27,0,33,1,8,42,4,50,3,12,69,6,0,6,75
08/31/2012,ADQ,AK,AAL,WE,Federal Contract Tower,4,21,0,4,29,0,66,1,9,76,4,87,1,13,105,0,0,0,105
09/01/2012,ADQ,AK,AAL,WE,Federal Contract Tower,1,9,0,0,10,0,64,7,7,78,1,73,7,7,88,0,0,0,88
09/02/2012,ADQ,AK,AAL,WE,Federal Contract Tower,4,7,0,2,13,0,45,0,2,47,4,52,0,4,60,0,0,0,60
09/03/2012,ADQ,AK,AAL,WE,Federal Contract Tower,2,7,0,0,9,0,42,0,6,48,2,49,0,6,57,0,8,8,65
09/04/2012,ADQ,AK,AAL,WE,Federal Contract Tower,4,10,3,2,19,0,31,0,12,43,4,41,3,14,62,0,2,2,64
09/05/2012,ADQ,AK,AAL,WE,Federal Contract Tower,3,8,1,1,13,1,38,3,15,57,4,46,4,16,70,0,0,0,70
09/06/2012,ADQ,AK,AAL,WE,Federal Contract Tower,5,8,2,1,16,0,73,3,23,99,5,81,5,24,115,0,2,2,117
09/07/2012,ADQ,AK,AAL,WE,Federal Contract Tower,3,7,3,2,15,1,67,4,14,86,4,74,7,16,101,0,36,36,137
09/08/2012,ADQ,AK,AAL,WE,Federal Contract Tower,2,11,1,0,14,0,57,7,4,68,2,68,8,4,82,3,0,3,85
09/09/2012,ADQ,AK,AAL,WE,Federal Contract Tower,4,7,0,1,12,0,32,2,4,38,4,39,2,5,50,0,0,0,50
09/10/2012,ADQ,AK,AAL,WE,Federal Contract Tower,4,9,1,3,17,0,66,4,6,76,4,75,5,9,93,0,20,20,113
09/11/2012,ADQ,AK,AAL,WE,Federal Contract Tower,3,23,4,0,30,0,20,0,0,20,3,43,4,0,50,0,0,0,50
09/12/2012,ADQ,AK,AAL,WE,Federal Contract Tower,4,14,0,9,27,0,66,4,16,86,4,80,4,25,113,0,0,0,113
09/13/2012,ADQ,AK,AAL,WE,Federal Contract Tower,4,10,1,3,18,0,66,5,16,87,4,76,6,19,105,12,20,32,137
09/14/2012,ADQ,AK,AAL,WE,Federal Contract Tower,4,11,0,4,19,0,76,0,11,87,4,87,0,15,106,0,14,14,120
09/15/2012,ADQ,AK,AAL,WE,Federal Contract Tower,2,4,0,2,8,0,12,0,0,12,2,16,0,2,20,0,2,2,22
09/16/2012,ADQ,AK,AAL,WE,Federal Contract Tower,3,2,0,0,5,1,6,0,4,11,4,8,0,4,16,0,20,20,36
09/17/2012,ADQ,AK,AAL,WE,Federal Contract Tower,4,11,0,4,19,0,68,8,13,89,4,79,8,17,108,0,28,28,136
09/18/2012,ADQ,AK,AAL,WE,Federal Contract Tower,4,11,0,4,19,0,34,0,5,39,4,45,0,9,58,0,11,11,69
09/19/2012,ADQ,AK,AAL,WE,Federal Contract Tower,2,13,0,6,21,0,33,0,14,47,2,46,0,20,68,0,29,29,97
09/20/2012,ADQ,AK,AAL,WE,Federal Contract Tower,7,32,0,4,43,0,16,1,10,27,7,48,1,14,70,0,16,16,86
09/21/2012,ADQ,AK,AAL,WE,Federal Contract Tower,3,21,1,3,28,0,20,1,0,21,3,41,2,3,49,4,0,4,53
09/22/2012,ADQ,AK,AAL,WE,Federal Contract Tower,3,20,0,2,25,0,16,2,0,18,3,36,2,2,43,4,0,4,47
09/23/2012,ADQ,AK,AAL,WE,Federal Contract Tower,4,6,0,1,11,0,50,8,6,64,4,56,8,7,75,10,0,10,85
09/24/2012,ADQ,AK,AAL,WE,Federal Contract Tower,2,8,0,7,17,0,60,5,6,71,2,68,5,13,88,0,12,12,100
09/25/2012,ADQ,AK,AAL,WE,Federal Contract Tower,4,21,0,2,27,0,29,2,5,36,4,50,2,7,63,0,38,38,101
09/26/2012,ADQ,AK,AAL,WE,Federal Contract Tower,0,6,0,0,6,0,0,0,0,0,0,6,0,0,6,0,0,0,6
09/27/2012,ADQ,AK,AAL,WE,Federal Contract Tower,4,13,2,1,20,0,45,3,11,59,4,58,5,12,79,0,68,68,147
09/28/2012,ADQ,AK,AAL,WE,Federal Contract Tower,5,12,1,1,19,1,54,10,14,79,6,66,11,15,98,0,94,94,192
09/29/2012,ADQ,AK,AAL,WE,Federal Contract Tower,2,9,0,3,14,0,36,9,1,46,2,45,9,4,60,6,0,6,66
09/30/2012,ADQ,AK,AAL,WE,Federal Contract Tower,2,5,0,1,8,0,28,8,1,37,2,33,8,2,45,0,30,30,75
10/01/2012,ADQ,AK,AAL,WE,Federal Contract Tower,4,10,0,2,16,0,48,6,9,63,4,58,6,11,79,4,56,60,139
10/02/2012,ADQ,AK,AAL,WE,Federal Contract Tower,4,17,0,6,27,0,27,0,9,36,4,44,0,15,63,0,4,4,67
10/03/2012,ADQ,AK,AAL,WE,Federal Contract Tower,4,29,0,6,39,0,2,0,3,5,4,31,0,9,44,0,0,0,44
10/04/2012,ADQ,AK,AAL,WE,Federal Contract Tower,3,7,0,1,11,1,56,8,22,87,4,63,8,23,98,0,80,80,178
10/05/2012,ADQ,AK,AAL,WE,Federal Contract Tower,6,13,3,3,25,0,73,5,4,82,6,86,8,7,107,0,41,41,148
10/06/2012,ADQ,AK,AAL,WE,Federal Contract Tower,2,28,0,5,35,0,12,0,3,15,2,40,0,8,50,2,6,8,58
10/07/2012,ADQ,AK,AAL,WE,Federal Contract Tower,4,6,0,1,11,0,38,4,4,46,4,44,4,5,57,0,28,28,85
10/08/2012,ADQ,AK,AAL,WE,Federal Contract Tower,2,35,0,2,39,0,0,0,0,0,2,35,0,2,39,0,0,0,39
10/09/2012,ADQ,AK,AAL,WE,Federal Contract Tower,1,1,0,5,7,0,0,0,0,0,1,1,0,5,7,0,0,0,7
10/10/2012,ADQ,AK,AAL,WE,Federal Contract Tower,2,24,2,14,42,0,4,0,1,5,2,28,2,15,47,2,40,42,89
10/11/2012,ADQ,AK,AAL,WE,Federal Contract Tower,4,21,0,3,28,0,45,3,5,53,4,66,3,8,81,0,4,4,85
10/12/2012,ADQ,AK,AAL,WE,Federal Contract Tower,6,41,0,15,62,0,0,0,0,0,6,41,0,15,62,0,0,0,62
10/13/2012,ADQ,AK,AAL,WE,Federal Contract Tower,2,19,0,3,24,0,31,0,8,39,2,50,0,11,63,0,0,0,63
10/14/2012,ADQ,AK,AAL,WE,Federal Contract Tower,5,9,0,0,14,0,48,5,6,59,5,57,5,6,73,6,0,6,79
10/15/2012,ADQ,AK,AAL,WE,Federal Contract Tower,4,11,1,5,21,0,55,2,6,63,4,66,3,11,84,0,32,32,116
10/16/2012,ADQ,AK,AAL,WE,Federal Contract Tower,4,12,0,5,21,0,31,3,14,48,4,43,3,19,69,0,33,33,102
10/17/2012,ADQ,AK,AAL,WE,Federal Contract Tower,4,6,0,1,11,0,54,1,14,69,4,60,1,15,80,16,6,22,102
10/18/2012,ADQ,AK,AAL,WE,Federal Contract Tower,4,8,1,3,16,0,56,8,13,77,4,64,9,16,93,14,30,44,137
10/19/2012,ADQ,AK,AAL,WE,Federal Contract Tower,6,8,0,2,16,0,47,0,10,57,6,55,0,12,73,0,6,6,79
10/20/2012,ADQ,AK,AAL,WE,Federal Contract Tower,2,3,0,0,5,0,37,3,5,45,2,40,3,5,50,0,8,8,58
10/21/2012,ADQ,AK,AAL,WE,Federal Contract Tower,4,8,0,0,12,0,38,4,4,46,4,46,4,4,58,0,0,0,58
10/22/2012,ADQ,AK,AAL,WE,Federal Contract Tower,4,7,0,7,18,0,62,1,11,74,4,69,1,18,92,0,48,48,140
10/23/2012,ADQ,AK,AAL,WE,Federal Contract Tower,6,8,2,4,20,0,55,2,19,76,6,63,4,23,96,13,20,33,129
10/24/2012,ADQ,AK,AAL,WE,Federal Contract Tower,3,9,1,2,15,1,71,10,22,104,4,80,11,24,119,8,34,42,161
10/25/2012,ADQ,AK,AAL,WE,Federal Contract Tower,4,11,0,5,20,0,52,0,15,67,4,63,0,20,87,0,12,12,99
10/26/2012,ADQ,AK,AAL,WE,Federal Contract Tower,4,7,2,1,14,0,53,0,4,57,4,60,2,5,71,0,0,0,71
10/27/2012,ADQ,AK,AAL,WE,Federal Contract Tower,2,6,0,0,8,0,51,4,2,57,2,57,4,2,65,20,10,30,95
10/28/2012,ADQ,AK,AAL,WE,Federal Contract Tower,4,4,0,1,9,0,20,12,1,33,4,24,12,2,42,0,40,40,82
10/29/2012,ADQ,AK,AAL,WE,Federal Contract Tower,4,9,0,2,15,0,59,10,10,79,4,68,10,12,94,0,70,70,164
10/30/2012,ADQ,AK,AAL,WE,Federal Contract Tower,4,7,1,2,14,0,12,0,11,23,4,19,1,13,37,0,18,18,55
10/31/2012,ADQ,AK,AAL,WE,Federal Contract Tower,7,6,0,4,17,0,49,4,7,60,7,55,4,11,77,6,0,6,83
11/01/2012,ADQ,AK,AAL,WE,Federal Contract Tower,5,12,0,4,21,0,26,0,1,27,5,38,0,5,48,0,24,24,72
11/02/2012,ADQ,AK,AAL,WE,Federal Contract Tower,2,8,0,0,10,0,15,0,2,17,2,23,0,2,27,0,22,22,49
11/03/2012,ADQ,AK,AAL,WE,Federal Contract Tower,2,6,0,2,10,0,55,2,3,60,2,61,2,5,70,0,28,28,98
11/04/2012,ADQ,AK,AAL,WE,Federal Contract Tower,4,8,0,1,13,0,34,4,1,39,4,42,4,2,52,0,8,8,60
11/05/2012,ADQ,AK,AAL,WE,Federal Contract Tower,6,11,1,4,22,0,44,1,8,53,6,55,2,12,75,0,46,46,121
11/06/2012,ADQ,AK,AAL,WE,Federal Contract Tower,4,12,2,1,19,0,42,0,4,46,4,54,2,5,65,0,21,21,86
11/07/2012,ADQ,AK,AAL,WE,Federal Contract Tower,4,8,0,2,14,0,60,7,16,83,4,68,7,18,97,18,1,19,116
11/08/2012,ADQ,AK,AAL,WE,Federal Contract Tower,2,9,4,2,17,0,0,0,0,0,2,9,4,2,17,0,0,0,17
11/09/2012,ADQ,AK,AAL,WE,Federal Contract Tower,5,22,2,3,32,0,10,0,1,11,5,32,2,4,43,0,0,0,43
11/10/2012,ADQ,AK,AAL,WE,Federal Contract Tower,2,29,0,4,35,0,34,2,1,37,2,63,2,5,72,0,7,7,79
11/11/2012,ADQ,AK,AAL,WE,Federal Contract Tower,0,4,6,0,10,0,30,10,8,48,0,34,16,8,58,0,20,20,78
11/12/2012,ADQ,AK,AAL,WE,Federal Contract Tower,4,7,0,2,13,0,50,12,3,65,4,57,12,5,78,0,2,2,80
11/13/2012,ADQ,AK,AAL,WE,Federal Contract Tower,4,11,1,1,17,0,39,2,31,72,4,50,3,32,89,0,69,69,158
11/14/2012,ADQ,AK,AAL,WE,Federal Contract Tower,4,12,0,6,22,0,48,5,22,75,4,60,5,28,97,8,24,32,129
11/15/2012,ADQ,AK,AAL,WE,Federal Contract Tower,4,12,1,5,22,0,47,6,23,76,4,59,7,28,98,0,22,22,120
11/16/2012,ADQ,AK,AAL,WE,Federal Contract Tower,4,7,1,2,14,0,67,2,12,81,4,74,3,14,95,2,39,41,136
11/17/2012,ADQ,AK,AAL,WE,Federal Contract Tower,2,4,0,1,7,0,53,4,5,62,2,57,4,6,69,0,0,0,69
11/18/2012,ADQ,AK,AAL,WE,Federal Contract Tower,3,5,0,1,9,0,35,2,2,39,3,40,2,3,48,0,0,0,48
11/19/2012,ADQ,AK,AAL,WE,Federal Contract Tower,3,11,0,2,16,0,0,0,0,0,3,11,0,2,16,0,80,80,96
11/20/2012,ADQ,AK,AAL,WE,Federal Contract Tower,4,12,0,7,23,0,57,3,15,75,4,69,3,22,98,0,70,70,168
11/21/2012,ADQ,AK,AAL,WE,Federal Contract Tower,2,11,0,1,14,0,55,3,5,63,2,66,3,6,77,2,74,76,153
11/22/2012,ADQ,AK,AAL,WE,Federal Contract Tower,0,4,0,0,4,0,0,0,0,0,0,4,0,0,4,0,0,0,4
11/23/2012,ADQ,AK,AAL,WE,Federal Contract Tower,4,11,1,2,18,0,21,0,0,21,4,32,1,2,39,0,0,0,39
11/24/2012,ADQ,AK,AAL,WE,Federal Contract Tower,3,9,1,1,14,0,53,4,3,60,3,62,5,4,74,2,3,5,79
11/25/2012,ADQ,AK,AAL,WE,Federal Contract Tower,4,9,0,2,15,0,34,0,2,36,4,43,0,4,51,0,0,0,51
11/26/2012,ADQ,AK,AAL,WE,Federal Contract Tower,4,19,0,9,32,0,35,0,8,43,4,54,0,17,75,0,18,18,93
11/27/2012,ADQ,AK,AAL,WE,Federal Contract Tower,4,16,2,4,26,0,34,1,7,42,4,50,3,11,68,0,52,52,120
11/28/2012,ADQ,AK,AAL,WE,Federal Contract Tower,8,5,0,4,17,0,52,1,20,73,8,57,1,24,90,0,24,24,114
11/29/2012,ADQ,AK,AAL,WE,Federal Contract Tower,2,9,0,1,12,0,52,4,28,84,2,61,4,29,96,0,24,24,120
11/30/2012,ADQ,AK,AAL,WE,Federal Contract Tower,4,9,2,4,19,0,62,5,10,77,4,71,7,14,96,0,4,4,100
12/01/2012,ADQ,AK,AAL,WE,Federal Contract Tower,1,8,0,1,10,1,46,0,4,51,2,54,0,5,61,0,0,0,61
12/02/2012,ADQ,AK,AAL,WE,Federal Contract Tower,4,5,0,1,10,0,18,1,1,20,4,23,1,2,30,0,0,0,30
12/03/2012,ADQ,AK,AAL,WE,Federal Contract Tower,4,10,2,0,16,0,46,0,0,46,4,56,2,0,62,0,0,0,62
12/04/2012,ADQ,AK,AAL,WE,Federal Contract Tower,4,13,0,3,20,0,48,0,5,53,4,61,0,8,73,0,14,14,87
12/05/2012,ADQ,AK,AAL,WE,Federal Contract Tower,0,15,0,1,16,0,9,0,14,23,0,24,0,15,39,0,40,40,79
12/06/2012,ADQ,AK,AAL,WE,Federal Contract Tower,4,10,0,1,15,0,68,4,1,73,4,78,4,2,88,0,0,0,88
12/07/2012,ADQ,AK,AAL,WE,Federal Contract Tower,4,11,3,4,22,0,66,9,17,92,4,77,12,21,114,5,16,21,135
12/08/2012,ADQ,AK,AAL,WE,Federal Contract Tower,0,10,0,1,11,0,0,0,1,1,0,10,0,2,12,0,0,0,12
12/09/2012,ADQ,AK,AAL,WE,Federal Contract Tower,2,5,0,1,8,0,18,2,0,20,2,23,2,1,28,0,0,0,28
12/10/2012,ADQ,AK,AAL,WE,Federal Contract Tower,4,8,0,2,14,0,48,6,12,66,4,56,6,14,80,0,60,60,140
12/11/2012,ADQ,AK,AAL,WE,Federal Contract Tower,4,10,0,1,15,0,50,9,10,69,4,60,9,11,84,19,62,81,165
12/12/2012,ADQ,AK,AAL,WE,Federal Contract Tower,3,9,0,2,14,1,16,0,12,29,4,25,0,14,43,2,0,2,45
12/13/2012,ADQ,AK,AAL,WE,Federal Contract Tower,4,11,1,3,19,0,46,3,33,82,4,57,4,36,101,0,30,30,131
12/14/2012,ADQ,AK,AAL,WE,Federal Contract Tower,4,10,4,1,19,0,64,5,22,91,4,74,9,23,110,0,36,36,146
12/15/2012,ADQ,AK,AAL,WE,Federal Contract Tower,2,5,0,0,7,0,32,0,5,37,2,37,0,5,44,0,2,2,46
12/16/2012,ADQ,AK,AAL,WE,Federal Contract Tower,4,6,0,0,10,0,6,0,6,12,4,12,0,6,22,0,6,6,28
12/17/2012,ADQ,AK,AAL,WE,Federal Contract Tower,4,4,0,2,10,0,77,10,25,112,4,81,10,27,122,0,89,89,211
12/18/2012,ADQ,AK,AAL,WE,Federal Contract Tower,0,2,0,0,2,0,0,0,0,0,0,2,0,0,2,0,0,0,2
12/19/2012,ADQ,AK,AAL,WE,Federal Contract Tower,4,12,0,0,16,0,7,0,1,8,4,19,0,1,24,0,0,0,24
12/20/2012,ADQ,AK,AAL,WE,Federal Contract Tower,4,12,0,1,17,0,50,1,12,63,4,62,1,13,80,0,4,4,84
12/21/2012,ADQ,AK,AAL,WE,Federal Contract Tower,4,11,0,1,16,0,80,11,13,104,4,91,11,14,120,0,14,14,134
12/22/2012,ADQ,AK,AAL,WE,Federal Contract Tower,2,6,0,1,9,0,64,0,7,71,2,70,0,8,80,17,16,33,113
12/23/2012,ADQ,AK,AAL,WE,Federal Contract Tower,4,6,0,0,10,0,17,0,4,21,4,23,0,4,31,0,13,13,44
12/24/2012,ADQ,AK,AAL,WE,Federal Contract Tower,1,10,0,0,11,1,18,0,6,25,2,28,0,6,36,0,0,0,36
12/25/2012,ADQ,AK,AAL,WE,Federal Contract Tower,0,6,0,2,8,0,0,0,21,21,0,6,0,23,29,0,0,0,29
12/26/2012,ADQ,AK,AAL,WE,Federal Contract Tower,0,3,0,0,3,0,0,0,0,0,0,3,0,0,3,0,0,0,3
12/27/2012,ADQ,AK,AAL,WE,Federal Contract Tower,5,25,0,0,30,0,33,0,5,38,5,58,0,5,68,0,61,61,129
12/28/2012,ADQ,AK,AAL,WE,Federal Contract Tower,2,12,0,5,19,0,18,0,3,21,2,30,0,8,40,0,16,16,56
12/29/2012,ADQ,AK,AAL,WE,Federal Contract Tower,2,9,1,2,14,0,31,1,15,47,2,40,2,17,61,0,0,0,61
12/30/2012,ADQ,AK,AAL,WE,Federal Contract Tower,3,6,0,2,11,0,4,0,2,6,3,10,0,4,17,0,0,0,17
12/31/2012,ADQ,AK,AAL,WE,Federal Contract Tower,2,11,4,2,19,0,18,0,3,21,2,29,4,5,40,0,0,0,40
01/01/2013,ADQ,AK,AAL,WE,Federal Contract Tower,2,14,0,3,19,0,3,0,4,7,2,17,0,7,26,0,0,0,26
01/02/2013,ADQ,AK,AAL,WE,Federal Contract Tower,2,12,0,2,16,0,23,3,7,33,2,35,3,9,49,0,4,4,53
01/03/2013,ADQ,AK,AAL,WE,Federal Contract Tower,4,15,6,0,25,0,42,2,10,54,4,57,8,10,79,0,14,14,93
01/04/2013,ADQ,AK,AAL,WE,Federal Contract Tower,4,13,2,2,21,2,64,8,14,88,6,77,10,16,109,2,12,14,123
01/05/2013,ADQ,AK,AAL,WE,Federal Contract Tower,2,11,3,3,19,0,28,1,5,34,2,39,4,8,53,0,0,0,53
01/06/2013,ADQ,AK,AAL,WE,Federal Contract Tower,4,13,0,1,18,0,4,1,4,9,4,17,1,5,27,0,0,0,27
01/07/2013,ADQ,AK,AAL,WE,Federal Contract Tower,6,13,2,0,21,0,60,0,9,69,6,73,2,9,90,0,0,0,90
01/08/2013,ADQ,AK,AAL,WE,Federal Contract Tower,4,9,2,0,15,0,42,1,10,53,4,51,3,10,68,0,105,105,173
01/09/2013,ADQ,AK,AAL,WE,Federal Contract Tower,6,13,0,3,22,0,76,5,16,97,6,89,5,19,119,0,102,102,221
01/10/2013,ADQ,AK,AAL,WE,Federal Contract Tower,4,11,0,6,21,0,58,0,13,71,4,69,0,19,92,0,41,41,133
01/11/2013,ADQ,AK,AAL,WE,Federal Contract Tower,3,14,1,4,22,1,49,1,13,64,4,63,2,17,86,0,55,55,141
01/12/2013,ADQ,AK,AAL,WE,Federal Contract Tower,6,10,1,1,18,0,8,0,2,10,6,18,1,3,28,0,0,0,28
01/13/2013,ADQ,AK,AAL,WE,Federal Contract Tower,4,7,0,4,15,0,12,0,3,15,4,19,0,7,30,0,8,8,38
01/14/2013,ADQ,AK,AAL,WE,Federal Contract Tower,5,9,0,1,15,0,38,4,15,57,5,47,4,16,72,0,100,100,172
01/15/2013,ADQ,AK,AAL,WE,Federal Contract Tower,2,12,0,2,16,0,57,6,10,73,2,69,6,12,89,4,36,40,129
01/16/2013,ADQ,AK,AAL,WE,Federal Contract Tower,4,10,0,0,14,0,43,11,14,68,4,53,11,14,82,0,137,137,219
01/17/2013,ADQ,AK,AAL,WE,Federal Contract Tower,4,9,0,1,14,0,45,5,15,65,4,54,5,16,79,8,104,112,191
01/18/2013,ADQ,AK,AAL,WE,Federal Contract Tower,4,9,0,2,15,0,51,6,5,62,4,60,6,7,77,0,57,57,134
01/19/2013,ADQ,AK,AAL,WE,Federal Contract Tower,2,4,0,0,6,0,5,0,2,7,2,9,0,2,13,0,0,0,13
01/20/2013,ADQ,AK,AAL,WE,Federal Contract Tower,4,6,2,2,14,0,34,5,4,43,4,40,7,6,57,17,0,17,74
01/21/2013,ADQ,AK,AAL,WE,Federal Contract Tower,2,14,1,0,17,0,6,0,0,6,2,20,1,0,23,0,0,0,23
01/22/2013,ADQ,AK,AAL,WE,Federal Contract Tower,4,25,0,3,32,0,12,0,7,19,4,37,0,10,51,0,30,30,81
01/23/2013,ADQ,AK,AAL,WE,Federal Contract Tower,5,19,0,7,31,0,32,1,7,40,5,51,1,14,71,0,0,0,71
01/24/2013,ADQ,AK,AAL,WE,Federal Contract Tower,4,13,0,4,21,0,45,3,12,60,4,58,3,16,81,6,28,34,115
01/25/2013,ADQ,AK,AAL,WE,Federal Contract Tower,4,10,1,1,16,0,71,4,42,117,4,81,5,43,133,7,80,87,220
01/26/2013,ADQ,AK,AAL,WE,Federal Contract Tower,6,5,2,1,14,0,37,4,3,44,6,42,6,4,58,0,0,0,58
01/27/2013,ADQ,AK,AAL,WE,Federal Contract Tower,4,6,0,1,11,0,20,2,4,26,4,26,2,5,37,2,0,2,39
01/28/2013,ADQ,AK,AAL,WE,Federal Contract Tower,2,3,0,0,5,0,0,0,0,0,2,3,0,0,5,0,0,0,5
01/29/2013,ADQ,AK,AAL,WE,Federal Contract Tower,3,12,0,5,20,0,0,0,0,0,3,12,0,5,20,0,0,0,20
01/30/2013,ADQ,AK,AAL,WE,Federal Contract Tower,9,13,0,2,24,0,62,3,14,79,9,75,3,16,103,11,69,80,183
01/31/2013,ADQ,AK,AAL,WE,Federal Contract Tower,4,12,0,5,21,0,52,5,12,69,4,64,5,17,90,2,59,61,151
02/01/2013,ADQ,AK,AAL,WE,Federal Contract Tower,0,8,2,2,12,0,0,0,0,0,0,8,2,2,12,0,17,17,29
02/02/2013,ADQ,AK,AAL,WE,Federal Contract Tower,5,16,0,3,24,0,8,0,0,8,5,24,0,3,32,0,0,0,32
02/03/2013,ADQ,AK,AAL,WE,Federal Contract Tower,4,6,1,3,14,0,32,0,3,35,4,38,1,6,49,0,20,20,69
02/04/2013,ADQ,AK,AAL,WE,Federal Contract Tower,4,14,0,6,24,0,50,0,14,64,4,64,0,20,88,0,100,100,188
02/05/2013,ADQ,AK,AAL,WE,Federal Contract Tower,4,12,1,1,18,0,51,11,0,62,4,63,12,1,80,0,33,33,113
02/06/2013,ADQ,AK,AAL,WE,Federal Contract Tower,4,11,0,4,19,49,4,0,19,72,53,15,0,23,91,2,42,44,135
02/07/2013,ADQ,AK,AAL,WE,Federal Contract Tower,4,13,2,3,22,0,28,1,20,49,4,41,3,23,71,0,20,20,91
02/08/2013,ADQ,AK,AAL,WE,Federal Contract Tower,4,12,0,2,18,0,49,1,21,71,4,61,1,23,89,0,42,42,131
02/09/2013,ADQ,AK,AAL,WE,Federal Contract Tower,5,8,0,2,15,0,8,0,5,13,5,16,0,7,28,2,4,6,34
02/10/2013,ADQ,AK,AAL,WE,Federal Contract Tower,6,6,0,2,14,0,26,2,2,30,6,32,2,4,44,6,0,6,50
02/11/2013,ADQ,AK,AAL,WE,Federal Contract Tower,3,11,0,3,17,1,30,4,11,46,4,41,4,14,63,0,136,136,199
02/12/2013,ADQ,AK,AAL,WE,Federal Contract Tower,4,16,0,5,25,0,37,2,25,64,4,53,2,30,89,0,19,19,108
02/13/2013,ADQ,AK,AAL,WE,Federal Contract Tower,5,15,1,9,30,0,25,0,8,33,5,40,1,17,63,0,33,33,96
02/14/2013,ADQ,AK,AAL,WE,Federal Contract Tower,4,16,0,4,24,0,26,1,20,47,4,42,1,24,71,0,34,34,105
02/15/2013,ADQ,AK,AAL,WE,Federal Contract Tower,2,11,1,1,15,0,46,1,18,65,2,57,2,19,80,0,88,88,168
02/16/2013,ADQ,AK,AAL,WE,Federal Contract Tower,3,4,0,5,12,0,35,7,6,48,3,39,7,11,60,0,7,7,67
02/17/2013,ADQ,AK,AAL,WE,Federal Contract Tower,2,7,0,0,9,0,3,1,1,5,2,10,1,1,14,0,0,0,14
02/18/2013,ADQ,AK,AAL,WE,Federal Contract Tower,4,8,0,1,13,0,52,6,6,64,4,60,6,7,77,28,12,40,117
02/19/2013,ADQ,AK,AAL,WE,Federal Contract Tower,2,2,0,5,9,0,0,0,0,0,2,2,0,5,9,0,0,0,9
02/20/2013,ADQ,AK,AAL,WE,Federal Contract Tower,2,8,0,3,13,0,28,0,22,50,2,36,0,25,63,0,39,39,102
02/21/2013,ADQ,AK,AAL,WE,Federal Contract Tower,4,12,3,4,23,0,35,0,24,59,4,47,3,28,82,0,24,24,106
02/22/2013,ADQ,AK,AAL,WE,Federal Contract Tower,4,9,4,1,18,0,43,2,3,48,4,52,6,4,66,0,0,0,66
02/23/2013,ADQ,AK,AAL,WE,Federal Contract Tower,4,5,0,1,10,0,20,1,4,25,4,25,1,5,35,0,3,3,38
02/24/2013,ADQ,AK,AAL,WE,Federal Contract Tower,4,6,0,0,10,0,20,2,4,26,4,26,2,4,36,0,0,0,36
02/25/2013,ADQ,AK,AAL,WE,Federal Contract Tower,2,15,2,5,24,0,14,0,8,22,2,29,2,13,46,0,46,46,92
02/26/2013,ADQ,AK,AAL,WE,Federal Contract Tower,4,18,0,4,26,0,53,1,24,78,4,71,1,28,104,0,21,21,125
02/27/2013,ADQ,AK,AAL,WE,Federal Contract Tower,5,13,0,4,22,0,32,2,25,59,5,45,2,29,81,0,18,18,99
02/28/2013,ADQ,AK,AAL,WE,Federal Contract Tower,4,6,0,1,11,0,48,5,21,74,4,54,5,22,85,0,40,40,125
03/01/2013,ADQ,AK,AAL,WE,Federal Contract Tower,4,15,0,0,19,0,75,8,21,104,4,90,8,21,123,6,30,36,159
03/02/2013,ADQ,AK,AAL,WE,Federal Contract Tower,4,8,0,1,13,0,30,6,2,38,4,38,6,3,51,0,10,10,61
03/03/2013,ADQ,AK,AAL,WE,Federal Contract Tower,4,4,0,3,11,0,1,0,0,1,4,5,0,3,12,0,16,16,28
03/04/2013,ADQ,AK,AAL,WE,Federal Contract Tower,4,22,4,12,42,0,22,0,4,26,4,44,4,16,68,0,22,22,90
03/05/2013,ADQ,AK,AAL,WE,Federal Contract Tower,4,12,0,2,18,0,35,4,3,42,4,47,4,5,60,0,0,0,60
03/06/2013,ADQ,AK,AAL,WE,Federal Contract Tower,5,15,0,7,27,0,33,2,10,45,5,48,2,17,72,4,0,4,76
03/07/2013,ADQ,AK,AAL,WE,Federal Contract Tower,2,7,0,2,11,0,2,0,4,6,2,9,0,6,17,0,0,0,17
03/08/2013,ADQ,AK,AAL,WE,Federal Contract Tower,4,10,2,3,19,0,46,0,13,59,4,56,2,16,78,0,0,0,78
03/09/2013,ADQ,AK,AAL,WE,Federal Contract Tower,4,5,0,1,10,0,42,7,2,51,4,47,7,3,61,4,24,28,89
03/10/2013,ADQ,AK,AAL,WE,Federal Contract Tower,3,5,2,0,10,1,9,0,4,14,4,14,2,4,24,0,14,14,38
03/11/2013,ADQ,AK,AAL,WE,Federal Contract Tower,8,9,0,1,18,0,14,2,0,16,8,23,2,1,34,0,6,6,40
03/12/2013,ADQ,AK,AAL,WE,Federal Contract Tower,4,12,0,1,17,0,43,2,9,54,4,55,2,10,71,0,11,11,82
03/13/2013,ADQ,AK,AAL,WE,Federal Contract Tower,3,11,0,1,15,1,69,4,7,81,4,80,4,8,96,8,10,18,114
03/14/2013,ADQ,AK,AAL,WE,Federal Contract Tower,4,14,0,6,24,0,27,6,9,42,4,41,6,15,66,0,0,0,66
03/15/2013,ADQ,AK,AAL,WE,Federal Contract Tower,3,10,0,1,14,1,49,3,4,57,4,59,3,5,71,2,0,2,73
03/16/2013,ADQ,AK,AAL,WE,Federal Contract Tower,2,7,2,0,11,0,28,6,5,39,2,35,8,5,50,19,7,26,76
03/17/2013,ADQ,AK,AAL,WE,Federal Contract Tower,4,4,0,0,8,0,22,4,4,30,4,26,4,4,38,20,2,22,60
03/18/2013,ADQ,AK,AAL,WE,Federal Contract Tower,4,10,0,2,16,0,34,1,10,45,4,44,1,12,61,0,12,12,73
03/19/2013,ADQ,AK,AAL,WE,Federal Contract Tower,4,13,0,2,19,0,27,2,13,42,4,40,2,15,61,14,31,45,106
03/20/2013,ADQ,AK,AAL,WE,Federal Contract Tower,4,10,1,1,16,0,27,1,13,41,4,37,2,14,57,10,33,43,100
03/21/2013,ADQ,AK,AAL,WE,Federal Contract Tower,6,9,0,2,17,0,54,12,10,76,6,63,12,12,93,6,0,6,99
03/22/2013,ADQ,AK,AAL,WE,Federal Contract Tower,3,11,1,2,17,1,42,6,5,54,4,53,7,7,71,5,31,36,107
03/23/2013,ADQ,AK,AAL,WE,Federal Contract Tower,2,9,0,1,12,0,33,5,7,45,2,42,5,8,57,6,0,6,63
03/24/2013,ADQ,AK,AAL,WE,Federal Contract Tower,2,2,0,0,4,0,0,0,0,0,2,2,0,0,4,0,0,0,4
03/25/2013,ADQ,AK,AAL,WE,Federal Contract Tower,4,10,0,1,15,0,6,1,15,22,4,16,1,16,37,0,18,18,55
03/26/2013,ADQ,AK,AAL,WE,Federal Contract Tower,3,13,0,2,18,1,45,7,14,67,4,58,7,16,85,2,20,22,107
03/27/2013,ADQ,AK,AAL,WE,Federal Contract Tower,4,14,0,8,26,0,35,5,6,46,4,49,5,14,72,0,0,0,72
03/28/2013,ADQ,AK,AAL,WE,Federal Contract Tower,4,17,0,9,30,0,12,0,2,14,4,29,0,11,44,0,0,0,44
03/29/2013,ADQ,AK,AAL,WE,Federal Contract Tower,4,12,1,1,18,0,45,9,8,62,4,57,10,9,80,1,30,31,111
03/30/2013,ADQ,AK,AAL,WE,Federal Contract Tower,2,6,0,0,8,0,33,5,11,49,2,39,5,11,57,0,4,4,61
03/31/2013,ADQ,AK,AAL,WE,Federal Contract Tower,4,6,0,0,10,0,2,2,0,4,4,8,2,0,14,6,0,6,20
04/01/2013,ADQ,AK,AAL,WE,Federal Contract Tower,3,7,0,0,10,0,42,4,11,57,3,49,4,11,67,0,30,30,97
04/02/2013,ADQ,AK,AAL,WE,Federal Contract Tower,4,7,0,0,11,0,41,5,6,52,4,48,5,6,63,0,0,0,63
04/03/2013,ADQ,AK,AAL,WE,Federal Contract Tower,4,11,0,2,17,0,40,3,16,59,4,51,3,18,76,0,40,40,116
04/04/2013,ADQ,AK,AAL,WE,Federal Contract Tower,4,11,0,4,19,0,28,0,15,43,4,39,0,19,62,0,42,42,104
04/05/2013,ADQ,AK,AAL,WE,Federal Contract Tower,5,8,2,1,16,0,38,5,19,62,5,46,7,20,78,0,42,42,120
04/06/2013,ADQ,AK,AAL,WE,Federal Contract Tower,2,8,0,0,10,0,16,3,2,21,2,24,3,2,31,4,0,4,35
04/07/2013,ADQ,AK,AAL,WE,Federal Contract Tower,3,6,0,0,9,1,10,2,1,14,4,16,2,1,23,0,18,18,41
04/08/2013,ADQ,AK,AAL,WE,Federal Contract Tower,4,11,0,1,16,0,44,0,12,56,4,55,0,13,72,0,60,60,132
04/09/2013,ADQ,AK,AAL,WE,Federal Contract Tower,4,8,1,2,15,0,17,1,12,30,4,25,2,14,45,0,76,76,121
04/10/2013,ADQ,AK,AAL,WE,Federal Contract Tower,4,12,0,2,18,0,43,3,18,64,4,55,3,20,82,0,46,46,128
04/11/2013,ADQ,AK,AAL,WE,Federal Contract Tower,4,11,0,0,15,0,40,6,16,62,4,51,6,16,77,2,37,39,116
04/12/2013,ADQ,AK,AAL,WE,Federal Contract Tower,4,7,7,1,19,0,52,7,15,74,4,59,14,16,93,0,49,49,142
04/13/2013,ADQ,AK,AAL,WE,Federal Contract Tower,2,6,0,0,8,0,32,14,3,49,2,38,14,3,57,0,22,22,79
04/14/2013,ADQ,AK,AAL,WE,Federal Contract Tower,4,5,0,0,9,0,26,20,3,49,4,31,20,3,58,18,14,32,90
04/15/2013,ADQ,AK,AAL,WE,Federal Contract Tower,4,8,0,4,16,0,44,18,14,76,4,52,18,18,92,0,28,28,120
04/16/2013,ADQ,AK,AAL,WE,Federal Contract Tower,4,10,0,2,16,0,28,21,20,69,4,38,21,22,85,12,16,28,113
04/17/2013,ADQ,AK,AAL,WE,Federal Contract Tower,3,9,1,2,15,1,46,25,28,100,4,55,26,30,115,12,23,35,150
04/18/2013,ADQ,AK,AAL,WE,Federal Contract Tower,4,12,0,3,19,0,32,21,18,71,4,44,21,21,90,0,26,26,116
04/19/2013,ADQ,AK,AAL,WE,Federal Contract Tower,4,11,0,2,17,0,54,18,12,84,4,65,18,14,101,8,42,50,151
04/20/2013,ADQ,AK,AAL,WE,Federal Contract Tower,2,7,1,1,11,0,24,15,3,42,2,31,16,4,53,0,0,0,53
04/21/2013,ADQ,AK,AAL,WE,Federal Contract Tower,4,8,2,0,14,0,16,0,0,16,4,24,2,0,30,0,0,0,30
04/22/2013,ADQ,AK,AAL,WE,Federal Contract Tower,4,11,0,6,21,0,42,6,8,56,4,53,6,14,77,0,24,24,101
04/23/2013,ADQ,AK,AAL,WE,Federal Contract Tower,4,21,4,11,40,0,25,12,15,52,4,46,16,26,92,0,17,17,109
04/24/2013,ADQ,AK,AAL,WE,Federal Contract Tower,3,9,0,1,13,1,43,18,27,89,4,52,18,28,102,0,0,0,102
04/25/2013,ADQ,AK,AAL,WE,Federal Contract Tower,3,9,0,0,12,0,0,0,0,0,3,9,0,0,12,0,34,34,46
04/26/2013,ADQ,AK,AAL,WE,Federal Contract Tower,3,7,0,1,11,1,66,11,5,83,4,73,11,6,94,0,0,0,94
04/27/2013,ADQ,AK,AAL,WE,Federal Contract Tower,2,8,1,1,12,0,32,14,2,48,2,40,15,3,60,0,0,0,60
04/28/2013,ADQ,AK,AAL,WE,Federal Contract Tower,4,6,0,1,11,0,24,12,9,45,4,30,12,10,56,0,4,4,60
04/29/2013,ADQ,AK,AAL,WE,Federal Contract Tower,4,9,3,0,16,0,44,18,6,68,4,53,21,6,84,0,0,0,84
04/30/2013,ADQ,AK,AAL,WE,Federal Contract Tower,4,12,2,3,21,0,41,19,5,65,4,53,21,8,86,4,6,10,96
05/01/2013,ADQ,AK,AAL,WE,Federal Contract Tower,4,21,5,5,35,0,22,4,1,27,4,43,9,6,62,0,0,0,62
05/02/2013,ADQ,AK,AAL,WE,Federal Contract Tower,3,11,4,0,18,1,40,16,4,61,4,51,20,4,79,0,0,0,79
05/03/2013,ADQ,AK,AAL,WE,Federal Contract Tower,4,23,2,4,33,0,30,11,5,46,4,53,13,9,79,2,26,28,107
05/04/2013,ADQ,AK,AAL,WE,Federal Contract Tower,2,6,0,1,9,0,40,11,5,56,2,46,11,6,65,0,0,0,65
05/05/2013,ADQ,AK,AAL,WE,Federal Contract Tower,4,6,0,0,10,0,28,16,2,46,4,34,16,2,56,0,0,0,56
05/06/2013,ADQ,AK,AAL,WE,Federal Contract Tower,4,8,0,5,17,0,56,12,17,85,4,64,12,22,102,0,22,22,124
05/07/2013,ADQ,AK,AAL,WE,Federal Contract Tower,4,10,0,0,14,0,39,12,10,61,4,49,12,10,75,4,59,63,138
05/08/2013,ADQ,AK,AAL,WE,Federal Contract Tower,4,19,2,4,29,0,26,4,19,49,4,45,6,23,78,6,6,12,90
05/09/2013,ADQ,AK,AAL,WE,Federal Contract Tower,4,15,0,2,21,0,29,2,6,37,4,44,2,8,58,0,18,18,76
05/10/2013,ADQ,AK,AAL,WE,Federal Contract Tower,4,12,0,0,16,0,73,5,11,89,4,85,5,11,105,10,24,34,139
05/11/2013,ADQ,AK,AAL,WE,Federal Contract Tower,2,10,0,0,12,0,39,3,5,47,2,49,3,5,59,8,0,8,67
05/12/2013,ADQ,AK,AAL,WE,Federal Contract Tower,4,6,0,0,10,0,16,4,0,20,4,22,4,0,30,0,0,0,30
05/13/2013,ADQ,AK,AAL,WE,Federal Contract Tower,4,10,0,0,14,0,56,2,14,72,4,66,2,14,86,0,48,48,134
05/14/2013,ADQ,AK,AAL,WE,Federal Contract Tower,4,12,2,0,18,0,39,6,4,49,4,51,8,4,67,24,8,32,99
05/15/2013,ADQ,AK,AAL,WE,Federal Contract Tower,5,11,4,3,23,0,45,19,18,82,5,56,23,21,105,0,21,21,126
05/16/2013,ADQ,AK,AAL,WE,Federal Contract Tower,4,14,0,5,23,0,41,3,20,64,4,55,3,25,87,0,31,31,118
05/17/2013,ADQ,AK,AAL,WE,Federal Contract Tower,4,10,2,2,18,0,43,3,6,52,4,53,5,8,70,0,31,31,101
05/18/2013,ADQ,AK,AAL,WE,Federal Contract Tower,2,8,0,0,10,0,31,2,2,35,2,39,2,2,45,0,0,0,45
05/19/2013,ADQ,AK,AAL,WE,Federal Contract Tower,4,4,0,0,8,0,36,12,6,54,4,40,12,6,62,0,14,14,76
05/20/2013,ADQ,AK,AAL,WE,Federal Contract Tower,3,13,0,4,20,1,46,9,10,66,4,59,9,14,86,10,38,48,134
05/21/2013,ADQ,AK,AAL,WE,Federal Contract Tower,2,11,0,4,17,1,52,7,19,79,3,63,7,23,96,16,23,39,135
05/22/2013,ADQ,AK,AAL,WE,Federal Contract Tower,4,14,2,4,24,0,55,5,13,73,4,69,7,17,97,10,43,53,150
05/23/2013,ADQ,AK,AAL,WE,Federal Contract Tower,2,20,0,5,27,0,39,5,3,47,2,59,5,8,74,0,0,0,74
05/24/2013,ADQ,AK,AAL,WE,Federal Contract Tower,4,13,0,1,18,1,64,18,11,94,5,77,18,12,112,14,52,66,178
05/25/2013,ADQ,AK,AAL,WE,Federal Contract Tower,2,24,3,1,30,0,20,7,2,29,2,44,10,3,59,2,0,2,61
05/26/2013,ADQ,AK,AAL,WE,Federal Contract Tower,4,31,1,0,36,0,8,4,0,12,4,39,5,0,48,0,0,0,48
05/27/2013,ADQ,AK,AAL,WE,Federal Contract Tower,2,36,0,0,38,0,24,0,0,24,2,60,0,0,62,0,0,0,62
05/28/2013,ADQ,AK,AAL,WE,Federal Contract Tower,4,10,2,1,17,0,71,13,20,104,4,81,15,21,121,5,28,33,154
05/29/2013,ADQ,AK,AAL,WE,Federal Contract Tower,3,12,0,1,16,1,61,12,19,93,4,73,12,20,109,4,36,40,149
05/30/2013,ADQ,AK,AAL,WE,Federal Contract Tower,4,10,0,3,17,0,39,5,15,59,4,49,5,18,76,2,16,18,94
05/31/2013,ADQ,AK,AAL,WE,Federal Contract Tower,4,19,2,5,30,0,39,1,13,53,4,58,3,18,83,16,37,53,136
06/01/2013,ADQ,AK,AAL,WE,Federal Contract Tower,2,7,1,0,10,0,52,8,2,62,2,59,9,2,72,10,0,10,82
06/02/2013,ADQ,AK,AAL,WE,Federal Contract Tower,3,4,1,0,8,0,0,0,0,0,3,4,1,0,8,0,0,0,8
06/03/2013,ADQ,AK,AAL,WE,Federal Contract Tower,4,20,2,4,30,0,10,0,0,10,4,30,2,4,40,0,0,0,40
06/04/2013,ADQ,AK,AAL,WE,Federal Contract Tower,4,22,0,4,30,0,48,0,4,52,4,70,0,8,82,0,20,20,102
06/05/2013,ADQ,AK,AAL,WE,Federal Contract Tower,4,14,1,6,25,0,78,5,19,102,4,92,6,25,127,2,38,40,167
06/06/2013,ADQ,AK,AAL,WE,Federal Contract Tower,4,12,0,6,22,0,42,1,16,59,4,54,1,22,81,0,6,6,87
06/07/2013,ADQ,AK,AAL,WE,Federal Contract Tower,4,7,0,2,13,0,0,0,0,0,4,7,0,2,13,10,87,97,110
06/08/2013,ADQ,AK,AAL,WE,Federal Contract Tower,2,10,0,1,13,0,48,10,1,59,2,58,10,2,72,6,0,6,78
06/09/2013,ADQ,AK,AAL,WE,Federal Contract Tower,10,7,0,0,17,0,38,10,2,50,10,45,10,2,67,0,8,8,75
06/10/2013,ADQ,AK,AAL,WE,Federal Contract Tower,10,9,3,2,24,1,54,5,21,81,11,63,8,23,105,15,6,21,126
06/11/2013,ADQ,AK,AAL,WE,Federal Contract Tower,3,7,5,2,17,1,61,5,14,81,4,68,10,16,98,22,8,30,128
06/12/2013,ADQ,AK,AAL,WE,Federal Contract Tower,10,9,3,2,24,2,60,11,18,91,12,69,14,20,115,20,22,42,157
06/13/2013,ADQ,AK,AAL,WE,Federal Contract Tower,7,23,5,5,40,0,33,7,1,41,7,56,12,6,81,0,0,0,81
06/14/2013,ADQ,AK,AAL,WE,Federal Contract Tower,2,11,0,1,14,0,64,14,11,89,2,75,14,12,103,0,0,0,103
06/15/2013,ADQ,AK,AAL,WE,Federal Contract Tower,0,43,3,3,49,0,12,1,0,13,0,55,4,3,62,0,0,0,62
06/16/2013,ADQ,AK,AAL,WE,Federal Contract Tower,4,6,0,1,11,0,32,12,2,46,4,38,12,3,57,0,14,14,71
06/17/2013,ADQ,AK,AAL,WE,Federal Contract Tower,7,7,2,1,17,0,66,5,10,81,7,73,7,11,98,10,58,68,166
06/18/2013,ADQ,AK,AAL,WE,Federal Contract Tower,6,12,0,10,28,0,48,13,24,85,6,60,13,34,113,0,0,0,113
06/19/2013,ADQ,AK,AAL,WE,Federal Contract Tower,5,32,3,8,48,0,33,1,8,42,5,65,4,16,90,0,0,0,90
06/20/2013,ADQ,AK,AAL,WE,Federal Contract Tower,11,17,0,4,32,1,42,6,12,61,12,59,6,16,93,0,0,0,93
06/21/2013,ADQ,AK,AAL,WE,Federal Contract Tower,3,15,4,4,26,1,44,3,7,55,4,59,7,11,81,0,26,26,107
06/22/2013,ADQ,AK,AAL,WE,Federal Contract Tower,6,22,0,0,28,0,15,0,0,15,6,37,0,0,43,0,0,0,43
06/23/2013,ADQ,AK,AAL,WE,Federal Contract Tower,4,21,0,4,29,0,12,0,0,12,4,33,0,4,41,0,17,17,58
06/24/2013,ADQ,AK,AAL,WE,Federal Contract Tower,4,24,0,2,30,0,34,0,2,36,4,58,0,4,66,2,10,12,78
06/25/2013,ADQ,AK,AAL,WE,Federal Contract Tower,2,3,12,3,20,0,44,6,11,61,2,47,18,14,81,8,26,34,115
06/26/2013,ADQ,AK,AAL,WE,Federal Contract Tower,4,8,0,3,15,0,65,8,24,97,4,73,8,27,112,0,23,23,135
06/27/2013,ADQ,AK,AAL,WE,Federal Contract Tower,2,20,3,2,27,0,51,9,9,69,2,71,12,11,96,0,41,41,137
06/28/2013,ADQ,AK,AAL,WE,Federal Contract Tower,6,10,1,4,21,0,63,8,12,83,6,73,9,16,104,0,60,60,164
06/29/2013,ADQ,AK,AAL,WE,Federal Contract Tower,4,7,0,2,13,0,53,7,9,69,4,60,7,11,82,0,0,0,82
06/30/2013,ADQ,AK,AAL,WE,Federal Contract Tower,3,6,0,2,11,1,32,1,6,40,4,38,1,8,51,0,20,20,71
07/01/2013,ADQ,AK,AAL,WE,Federal Contract Tower,4,16,5,6,31,0,44,0,8,52,4,60,5,14,83,0,30,30,113
07/02/2013,ADQ,AK,AAL,WE,Federal Contract Tower,3,14,0,0,17,1,61,7,3,72,4,75,7,3,89,0,0,0,89
07/03/2013,ADQ,AK,AAL,WE,Federal Contract Tower,4,10,1,3,18,0,89,7,12,108,4,99,8,15,126,0,61,61,187
07/04/2013,ADQ,AK,AAL,WE,Federal Contract Tower,8,6,1,1,16,0,18,11,5,34,8,24,12,6,50,10,22,32,82
07/05/2013,ADQ,AK,AAL,WE,Federal Contract Tower,4,16,1,0,21,0,47,3,4,54,4,63,4,4,75,18,0,18,93
07/06/2013,ADQ,AK,AAL,WE,Federal Contract Tower,4,9,0,0,13,0,42,5,3,50,4,51,5,3,63,0,0,0,63
07/07/2013,ADQ,AK,AAL,WE,Federal Contract Tower,4,18,0,3,25,0,32,10,0,42,4,50,10,3,67,0,0,0,67
07/08/2013,ADQ,AK,AAL,WE,Federal Contract Tower,4,17,0,2,23,0,53,6,18,77,4,70,6,20,100,0,88,88,188
07/09/2013,ADQ,AK,AAL,WE,Federal Contract Tower,3,12,1,3,19,1,42,2,21,66,4,54,3,24,85,0,50,50,135
07/10/2013,ADQ,AK,AAL,WE,Federal Contract Tower,4,9,1,3,17,0,55,8,22,85,4,64,9,25,102,20,20,40,142
07/11/2013,ADQ,AK,AAL,WE,Federal Contract Tower,4,9,2,3,18,0,47,14,14,75,4,56,16,17,93,14,30,44,137
07/12/2013,ADQ,AK,AAL,WE,Federal Contract Tower,4,8,4,0,16,0,54,6,24,84,4,62,10,24,100,0,21,21,121
07/13/2013,ADQ,AK,AAL,WE,Federal Contract Tower,0,24,5,1,30,0,0,0,0,0,0,24,5,1,30,0,0,0,30
07/14/2013,ADQ,AK,AAL,WE,Federal Contract Tower,4,30,2,7,43,0,3,0,0,3,4,33,2,7,46,0,0,0,46
07/15/2013,ADQ,AK,AAL,WE,Federal Contract Tower,4,19,0,3,26,0,44,4,10,58,4,63,4,13,84,0,38,38,122
07/16/2013,ADQ,AK,AAL,WE,Federal Contract Tower,4,10,0,2,16,0,67,4,16,87,4,77,4,18,103,0,18,18,121
07/17/2013,ADQ,AK,AAL,WE,Federal Contract Tower,3,11,0,4,18,1,63,11,23,98,4,74,11,27,116,2,33,35,151
07/18/2013,ADQ,AK,AAL,WE,Federal Contract Tower,4,12,1,2,19,0,62,2,24,88,4,74,3,26,107,0,13,13,120
07/19/2013,ADQ,AK,AAL,WE,Federal Contract Tower,4,10,0,2,16,0,70,16,9,95,4,80,16,11,111,0,16,16,127
07/20/2013,ADQ,AK,AAL,WE,Federal Contract Tower,2,8,0,0,10,0,39,8,4,51,2,47,8,4,61,0,0,0,61
07/21/2013,ADQ,AK,AAL,WE,Federal Contract Tower,3,5,0,1,9,1,48,17,9,75,4,53,17,10,84,10,0,10,94
07/22/2013,ADQ,AK,AAL,WE,Federal Contract Tower,4,8,0,2,14,0,75,10,16,101,4,83,10,18,115,0,52,52,167
07/23/2013,ADQ,AK,AAL,WE,Federal Contract Tower,4,9,5,0,18,0,52,12,7,71,4,61,17,7,89,13,0,13,102
07/24/2013,ADQ,AK,AAL,WE,Federal Contract Tower,3,6,1,1,11,1,60,8,17,86,4,66,9,18,97,0,69,69,166
07/25/2013,ADQ,AK,AAL,WE,Federal Contract Tower,4,9,0,2,15,0,67,12,13,92,4,76,12,15,107,0,2,2,109
07/26/2013,ADQ,AK,AAL,WE,Federal Contract Tower,4,11,3,4,22,0,62,7,11,80,4,73,10,15,102,0,34,34,136
07/27/2013,ADQ,AK,AAL,WE,Federal Contract Tower,2,35,0,0,37,0,2,0,0,2,2,37,0,0,39,0,0,0,39
07/28/2013,ADQ,AK,AAL,WE,Federal Contract Tower,4,23,3,2,32,0,7,28,6,41,4,30,31,8,73,0,0,0,73
07/29/2013,ADQ,AK,AAL,WE,Federal Contract Tower,4,9,0,3,16,0,52,8,16,76,4,61,8,19,92,2,58,60,152
07/30/2013,ADQ,AK,AAL,WE,Federal Contract Tower,4,9,3,4,20,0,54,4,22,80,4,63,7,26,100,0,14,14,114
07/31/2013,ADQ,AK,AAL,WE,Federal Contract Tower,4,12,0,5,21,0,33,1,11,45,4,45,1,16,66,0,16,16,82
08/01/2013,ADQ,AK,AAL,WE,Federal Contract Tower,4,22,2,0,28,0,0,0,0,0,4,22,2,0,28,0,0,0,28
08/02/2013,ADQ,AK,AAL,WE,Federal Contract Tower,3,16,1,6,26,0,2,0,0,2,3,18,1,6,28,0,0,0,28
08/03/2013,ADQ,AK,AAL,WE,Federal Contract Tower,4,22,0,4,30,0,58,3,4,65,4,80,3,8,95,0,3,3,98
08/04/2013,ADQ,AK,AAL,WE,Federal Contract Tower,4,9,1,1,15,0,48,6,1,55,4,57,7,2,70,0,23,23,93
08/05/2013,ADQ,AK,AAL,WE,Federal Contract Tower,3,25,0,9,37,0,15,1,0,16,3,40,1,9,53,0,0,0,53
08/06/2013,ADQ,AK,AAL,WE,Federal Contract Tower,4,10,0,0,14,0,8,0,0,8,4,18,0,0,22,0,0,0,22
08/07/2013,ADQ,AK,AAL,WE,Federal Contract Tower,4,38,6,6,54,0,32,6,8,46,4,70,12,14,100,0,16,16,116
08/08/2013,ADQ,AK,AAL,WE,Federal Contract Tower,4,15,3,2,24,0,43,4,9,56,4,58,7,11,80,0,34,34,114
08/09/2013,ADQ,AK,AAL,WE,Federal Contract Tower,4,9,1,0,14,0,72,9,15,96,4,81,10,15,110,0,7,7,117
08/10/2013,ADQ,AK,AAL,WE,Federal Contract Tower,2,10,0,1,13,0,53,15,5,73,2,63,15,6,86,8,6,14,100
08/11/2013,ADQ,AK,AAL,WE,Federal Contract Tower,4,10,1,1,16,0,32,6,4,42,4,42,7,5,58,0,0,0,58
08/12/2013,ADQ,AK,AAL,WE,Federal Contract Tower,4,26,2,4,36,0,38,4,8,50,4,64,6,12,86,0,72,72,158
08/13/2013,ADQ,AK,AAL,WE,Federal Contract Tower,6,9,0,4,19,0,59,8,18,85,6,68,8,22,104,5,59,64,168
08/14/2013,ADQ,AK,AAL,WE,Federal Contract Tower,4,10,0,3,17,0,49,7,8,64,4,59,7,11,81,0,44,44,125
08/15/2013,ADQ,AK,AAL,WE,Federal Contract Tower,6,8,5,1,20,0,74,7,11,92,6,82,12,12,112,0,18,18,130
08/16/2013,ADQ,AK,AAL,WE,Federal Contract Tower,4,18,0,2,24,0,0,0,0,0,4,18,0,2,24,0,0,0,24
08/17/2013,ADQ,AK,AAL,WE,Federal Contract Tower,4,18,4,2,28,0,81,3,3,87,4,99,7,5,115,0,0,0,115
08/18/2013,ADQ,AK,AAL,WE,Federal Contract Tower,3,7,3,2,15,1,50,10,4,65,4,57,13,6,80,0,0,0,80
08/19/2013,ADQ,AK,AAL,WE,Federal Contract Tower,2,13,3,4,22,0,59,2,0,61,2,72,5,4,83,0,0,0,83
08/20/2013,ADQ,AK,AAL,WE,Federal Contract Tower,4,11,1,3,19,0,80,10,6,96,4,91,11,9,115,13,0,13,128
08/21/2013,ADQ,AK,AAL,WE,Federal Contract Tower,4,11,0,6,21,0,56,9,13,78,4,67,9,19,99,6,7,13,112
08/22/2013,ADQ,AK,AAL,WE,Federal Contract Tower,6,23,1,7,37,0,34,2,6,42,6,57,3,13,79,0,0,0,79
08/23/2013,ADQ,AK,AAL,WE,Federal Contract Tower,4,10,2,1,17,0,68,16,4,88,4,78,18,5,105,0,0,0,105
08/24/2013,ADQ,AK,AAL,WE,Federal Contract Tower,2,9,0,1,12,0,50,3,5,58,2,59,3,6,70,0,0,0,70
08/25/2013,ADQ,AK,AAL,WE,Federal Contract Tower,4,5,1,1,11,0,45,5,4,54,4,50,6,5,65,0,0,0,65
08/26/2013,ADQ,AK,AAL,WE,Federal Contract Tower,2,11,0,2,15,0,76,2,14,92,2,87,2,16,107,2,12,14,121
08/27/2013,ADQ,AK,AAL,WE,Federal Contract Tower,4,7,4,1,16,0,61,9,15,85,4,68,13,16,101,0,44,44,145
08/28/2013,ADQ,AK,AAL,WE,Federal Contract Tower,5,15,0,11,31,0,57,2,15,74,5,72,2,26,105,0,55,55,160
08/29/2013,ADQ,AK,AAL,WE,Federal Contract Tower,2,12,0,2,16,0,0,0,0,0,2,12,0,2,16,0,0,0,16
08/30/2013,ADQ,AK,AAL,WE,Federal Contract Tower,4,13,1,1,19,0,78,13,5,96,4,91,14,6,115,0,14,14,129
08/31/2013,ADQ,AK,AAL,WE,Federal Contract Tower,2,10,3,1,16,0,71,8,8,87,2,81,11,9,103,0,0,0,103
09/01/2013,ADQ,AK,AAL,WE,Federal Contract Tower,4,6,0,1,11,0,38,4,11,53,4,44,4,12,64,0,23,23,87
09/02/2013,ADQ,AK,AAL,WE,Federal Contract Tower,4,12,0,2,18,0,17,1,1,19,4,29,1,3,37,0,0,0,37
09/03/2013,ADQ,AK,AAL,WE,Federal Contract Tower,4,9,1,2,16,0,68,8,16,92,4,77,9,18,108,8,31,39,147
09/04/2013,ADQ,AK,AAL,WE,Federal Contract Tower,4,10,1,3,18,0,86,12,9,107,4,96,13,12,125,16,22,38,163
09/05/2013,ADQ,AK,AAL,WE,Federal Contract Tower,3,13,2,3,21,1,56,6,15,78,4,69,8,18,99,0,20,20,119
09/06/2013,ADQ,AK,AAL,WE,Federal Contract Tower,4,20,0,5,29,0,0,2,0,2,4,20,2,5,31,0,0,0,31
09/07/2013,ADQ,AK,AAL,WE,Federal Contract Tower,2,15,1,2,20,0,77,9,6,92,2,92,10,8,112,0,32,32,144
09/08/2013,ADQ,AK,AAL,WE,Federal Contract Tower,4,7,0,2,13,0,42,4,2,48,4,49,4,4,61,0,10,10,71
09/09/2013,ADQ,AK,AAL,WE,Federal Contract Tower,4,23,0,6,33,0,33,2,10,45,4,56,2,16,78,0,18,18,96
09/10/2013,ADQ,AK,AAL,WE,Federal Contract Tower,3,12,0,3,18,0,72,8,11,91,3,84,8,14,109,0,91,91,200
09/11/2013,ADQ,AK,AAL,WE,Federal Contract Tower,4,8,0,2,14,0,66,6,13,85,4,74,6,15,99,8,16,24,123
09/12/2013,ADQ,AK,AAL,WE,Federal Contract Tower,4,13,2,7,26,0,38,0,8,46,4,51,2,15,72,0,0,0,72
09/13/2013,ADQ,AK,AAL,WE,Federal Contract Tower,4,15,0,6,25,0,60,3,10,73,4,75,3,16,98,0,10,10,108
09/14/2013,ADQ,AK,AAL,WE,Federal Contract Tower,2,13,0,3,18,0,42,0,3,45,2,55,0,6,63,0,0,0,63
09/15/2013,ADQ,AK,AAL,WE,Federal Contract Tower,4,4,1,1,10,0,56,8,4,68,4,60,9,5,78,0,2,2,80
09/16/2013,ADQ,AK,AAL,WE,Federal Contract Tower,4,6,0,1,11,0,68,8,20,96,4,74,8,21,107,0,40,40,147
09/17/2013,ADQ,AK,AAL,WE,Federal Contract Tower,4,6,0,4,14,0,78,15,37,130,4,84,15,41,144,0,38,38,182
09/18/2013,ADQ,AK,AAL,WE,Federal Contract Tower,4,9,0,0,13,0,71,7,16,94,4,80,7,16,107,14,20,34,141
09/19/2013,ADQ,AK,AAL,WE,Federal Contract Tower,4,7,2,1,14,0,69,11,5,85,4,76,13,6,99,0,0,0,99
09/20/2013,ADQ,AK,AAL,WE,Federal Contract Tower,4,7,0,2,13,0,75,11,7,93,4,82,11,9,106,0,6,6,112
09/21/2013,ADQ,AK,AAL,WE,Federal Contract Tower,2,9,0,1,12,0,3,0,0,3,2,12,0,1,15,0,0,0,15
09/22/2013,ADQ,AK,AAL,WE,Federal Contract Tower,2,0,0,0,2,0,0,0,1,1,2,0,0,1,3,0,0,0,3
09/23/2013,ADQ,AK,AAL,WE,Federal Contract Tower,4,13,0,0,17,0,15,0,0,15,4,28,0,0,32,0,0,0,32
09/24/2013,ADQ,AK,AAL,WE,Federal Contract Tower,4,12,0,3,19,0,61,5,18,84,4,73,5,21,103,0,29,29,132
09/25/2013,ADQ,AK,AAL,WE,Federal Contract Tower,4,7,2,5,18,0,36,4,9,49,4,43,6,14,67,8,20,28,95
09/26/2013,ADQ,AK,AAL,WE,Federal Contract Tower,4,10,0,1,15,0,50,12,17,79,4,60,12,18,94,2,12,14,108
09/27/2013,ADQ,AK,AAL,WE,Federal Contract Tower,4,20,0,5,29,0,31,1,4,36,4,51,1,9,65,0,0,0,65
09/28/2013,ADQ,AK,AAL,WE,Federal Contract Tower,2,10,0,0,12,0,25,1,0,26,2,35,1,0,38,0,0,0,38
09/29/2013,ADQ,AK,AAL,WE,Federal Contract Tower,4,3,0,0,7,0,3,0,1,4,4,6,0,1,11,0,0,0,11
09/30/2013,ADQ,AK,AAL,WE,Federal Contract Tower,4,10,0,1,15,0,18,0,3,21,4,28,0,4,36,0,0,0,36
10/01/2013,ADQ,AK,AAL,WE,Federal Contract Tower,4,5,0,1,10,0,70,13,15,98,4,75,13,16,108,4,43,47,155
10/02/2013,ADQ,AK,AAL,WE,Federal Contract Tower,4,9,1,4,18,0,50,5,10,65,4,59,6,14,83,2,100,102,185
10/03/2013,ADQ,AK,AAL,WE,Federal Contract Tower,2,11,0,6,19,0,1,0,3,4,2,12,0,9,23,0,6,6,29
10/04/2013,ADQ,AK,AAL,WE,Federal Contract Tower,4,9,0,2,15,0,84,8,15,107,4,93,8,17,122,0,18,18,140
10/05/2013,ADQ,AK,AAL,WE,Federal Contract Tower,2,8,0,2,12,0,55,7,3,65,2,63,7,5,77,5,0,5,82
10/06/2013,ADQ,AK,AAL,WE,Federal Contract Tower,4,6,0,0,10,0,26,6,4,36,4,32,6,4,46,15,22,37,83
10/07/2013,ADQ,AK,AAL,WE,Federal Contract Tower,4,10,0,3,17,0,57,0,11,68,4,67,0,14,85,0,52,52,137
10/08/2013,ADQ,AK,AAL,WE,Federal Contract Tower,4,8,0,1,13,0,29,3,1,33,4,37,3,2,46,0,0,0,46
10/09/2013,ADQ,AK,AAL,WE,Federal Contract Tower,4,4,0,1,9,0,29,0,9,38,4,33,0,10,47,0,18,18,65
10/10/2013,ADQ,AK,AAL,WE,Federal Contract Tower,4,9,0,2,15,0,44,8,10,62,4,53,8,12,77,4,16,20,97
10/11/2013,ADQ,AK,AAL,WE,Federal Contract Tower,4,13,2,1,20,0,59,10,16,85,4,72,12,17,105,4,38,42,147
10/12/2013,ADQ,AK,AAL,WE,Federal Contract Tower,2,9,0,0,11,0,5,1,0,6,2,14,1,0,17,0,0,0,17
10/13/2013,ADQ,AK,AAL,WE,Federal Contract Tower,4,4,0,2,10,0,46,5,4,55,4,50,5,6,65,0,12,12,77
10/14/2013,ADQ,AK,AAL,WE,Federal Contract Tower,4,10,0,1,15,0,52,3,3,58,4,62,3,4,73,0,0,0,73
10/15/2013,ADQ,AK,AAL,WE,Federal Contract Tower,3,11,0,2,16,0,26,0,10,36,3,37,0,12,52,0,69,69,121
10/16/2013,ADQ,AK,AAL,WE,Federal Contract Tower,4,12,0,2,18,0,8,0,1,9,4,20,0,3,27,0,0,0,27
10/17/2013,ADQ,AK,AAL,WE,Federal Contract Tower,4,18,2,0,24,0,0,0,0,0,4,18,2,0,24,0,0,0,24
10/18/2013,ADQ,AK,AAL,WE,Federal Contract Tower,4,15,0,3,22,0,49,0,13,62,4,64,0,16,84,0,103,103,187
10/19/2013,ADQ,AK,AAL,WE,Federal Contract Tower,2,9,0,2,13,0,52,7,6,65,2,61,7,8,78,0,4,4,82
10/20/2013,ADQ,AK,AAL,WE,Federal Contract Tower,4,10,0,1,15,0,28,6,5,39,4,38,6,6,54,8,0,8,62
10/21/2013,ADQ,AK,AAL,WE,Federal Contract Tower,4,11,0,3,18,0,50,4,6,60,4,61,4,9,78,0,54,54,132
10/22/2013,ADQ,AK,AAL,WE,Federal Contract Tower,3,9,0,2,14,1,56,7,11,75,4,65,7,13,89,0,54,54,143
10/23/2013,ADQ,AK,AAL,WE,Federal Contract Tower,4,6,0,2,12,0,54,14,17,85,4,60,14,19,97,0,52,52,149
10/24/2013,ADQ,AK,AAL,WE,Federal Contract Tower,3,11,2,2,18,0,23,0,18,41,3,34,2,20,59,0,0,0,59
10/25/2013,ADQ,AK,AAL,WE,Federal Contract Tower,4,10,0,3,17,0,61,5,16,82,4,71,5,19,99,8,52,60,159
10/26/2013,ADQ,AK,AAL,WE,Federal Contract Tower,2,10,1,0,13,0,38,11,5,54,2,48,12,5,67,0,2,2,69
10/27/2013,ADQ,AK,AAL,WE,Federal Contract Tower,4,7,0,3,14,0,7,0,3,10,4,14,0,6,24,0,0,0,24
10/28/2013,ADQ,AK,AAL,WE,Federal Contract Tower,3,13,3,1,20,0,56,4,8,68,3,69,7,9,88,2,86,88,176
10/29/2013,ADQ,AK,AAL,WE,Federal Contract Tower,4,10,0,5,19,0,26,8,12,46,4,36,8,17,65,0,8,8,73
10/30/2013,ADQ,AK,AAL,WE,Federal Contract Tower,4,18,1,3,26,0,26,0,4,30,4,44,1,7,56,0,15,15,71
10/31/2013,ADQ,AK,AAL,WE,Federal Contract Tower,4,9,1,3,17,0,38,5,16,59,4,47,6,19,76,0,2,2,78
11/01/2013,ADQ,AK,AAL,WE,Federal Contract Tower,4,8,2,3,17,0,50,10,12,72,4,58,12,15,89,13,36,49,138
11/02/2013,ADQ,AK,AAL,WE,Federal Contract Tower,2,10,2,2,16,0,30,2,2,34,2,40,4,4,50,0,0,0,50
11/03/2013,ADQ,AK,AAL,WE,Federal Contract Tower,4,9,2,4,19,0,16,2,1,19,4,25,4,5,38,0,0,0,38
11/04/2013,ADQ,AK,AAL,WE,Federal Contract Tower,4,8,1,4,17,0,30,2,12,44,4,38,3,16,61,4,102,106,167
11/05/2013,ADQ,AK,AAL,WE,Federal Contract Tower,4,9,2,2,17,0,32,0,1,33,4,41,2,3,50,0,17,17,67
11/06/2013,ADQ,AK,AAL,WE,Federal Contract Tower,2,10,0,2,14,0,49,5,10,64,2,59,5,12,78,1,60,61,139
11/07/2013,ADQ,AK,AAL,WE,Federal Contract Tower,4,17,0,2,23,0,26,0,11,37,4,43,0,13,60,6,0,6,66
11/08/2013,ADQ,AK,AAL,WE,Federal Contract Tower,4,11,0,1,16,0,46,6,14,66,4,57,6,15,82,2,102,104,186
11/09/2013,ADQ,AK,AAL,WE,Federal Contract Tower,2,11,0,0,13,0,38,7,5,50,2,49,7,5,63,8,22,30,93
11/10/2013,ADQ,AK,AAL,WE,Federal Contract Tower,4,7,0,0,11,0,12,1,2,15,4,19,1,2,26,0,16,16,42
11/11/2013,ADQ,AK,AAL,WE,Federal Contract Tower,4,10,0,0,14,0,30,1,3,34,4,40,1,3,48,0,24,24,72
11/12/2013,ADQ,AK,AAL,WE,Federal Contract Tower,4,11,0,1,16,0,33,4,10,47,4,44,4,11,63,10,82,92,155
11/13/2013,ADQ,AK,AAL,WE,Federal Contract Tower,2,11,0,2,15,0,38,5,15,58,2,49,5,17,73,6,68,74,147
11/14/2013,ADQ,AK,AAL,WE,Federal Contract Tower,4,9,0,3,16,0,37,3,13,53,4,46,3,16,69,4,43,47,116
11/15/2013,ADQ,AK,AAL,WE,Federal Contract Tower,4,9,0,2,15,0,57,4,8,69,4,66,4,10,84,0,114,114,198
11/16/2013,ADQ,AK,AAL,WE,Federal Contract Tower,2,6,1,0,9,0,30,14,5,49,2,36,15,5,58,0,3,3,61
11/17/2013,ADQ,AK,AAL,WE,Federal Contract Tower,4,8,0,0,12,0,33,1,3,37,4,41,1,3,49,0,2,2,51
11/18/2013,ADQ,AK,AAL,WE,Federal Contract Tower,4,12,0,1,17,0,38,0,18,56,4,50,0,19,73,0,18,18,91
11/19/2013,ADQ,AK,AAL,WE,Federal Contract Tower,3,7,0,6,16,1,46,2,6,55,4,53,2,12,71,0,81,81,152
11/20/2013,ADQ,AK,AAL,WE,Federal Contract Tower,0,11,0,2,13,0,3,0,1,4,0,14,0,3,17,0,0,0,17
11/21/2013,ADQ,AK,AAL,WE,Federal Contract Tower,2,18,0,4,24,0,2,0,2,4,2,20,0,6,28,0,16,16,44
11/22/2013,ADQ,AK,AAL,WE,Federal Contract Tower,4,13,0,0,17,0,57,3,15,75,4,70,3,15,92,0,89,89,181
11/23/2013,ADQ,AK,AAL,WE,Federal Contract Tower,2,7,0,1,10,0,59,5,3,67,2,66,5,4,77,2,2,4,81
11/24/2013,ADQ,AK,AAL,WE,Federal Contract Tower,4,9,0,1,14,0,16,2,2,20,4,25,2,3,34,0,20,20,54
11/25/2013,ADQ,AK,AAL,WE,Federal Contract Tower,4,11,0,2,17,0,48,3,17,68,4,59,3,19,85,2,58,60,145
11/26/2013,ADQ,AK,AAL,WE,Federal Contract Tower,4,10,0,7,21,0,42,4,12,58,4,52,4,19,79,2,35,37,116
11/27/2013,ADQ,AK,AAL,WE,Federal Contract Tower,1,10,1,2,14,1,56,1,15,73,2,66,2,17,87,2,58,60,147
11/28/2013,ADQ,AK,AAL,WE,Federal Contract Tower,0,0,0,0,0,0,0,0,0,0,0,0,0,0,0,0,0,0,0
11/29/2013,ADQ,AK,AAL,WE,Federal Contract Tower,2,10,0,0,12,0,39,1,5,45,2,49,1,5,57,0,39,39,96
11/30/2013,ADQ,AK,AAL,WE,Federal Contract Tower,2,6,0,0,8,0,49,4,5,58,2,55,4,5,66,7,20,27,93
12/01/2013,ADQ,AK,AAL,WE,Federal Contract Tower,4,4,0,0,8,0,38,2,10,50,4,42,2,10,58,0,0,0,58
12/02/2013,ADQ,AK,AAL,WE,Federal Contract Tower,4,7,0,1,12,0,46,5,22,73,4,53,5,23,85,2,52,54,139
12/03/2013,ADQ,AK,AAL,WE,Federal Contract Tower,4,11,2,2,19,0,33,1,3,37,4,44,3,5,56,0,30,30,86
12/04/2013,ADQ,AK,AAL,WE,Federal Contract Tower,3,19,1,9,32,0,11,1,2,14,3,30,2,11,46,0,0,0,46
12/05/2013,ADQ,AK,AAL,WE,Federal Contract Tower,2,8,0,4,14,0,0,0,0,0,2,8,0,4,14,0,0,0,14
12/06/2013,ADQ,AK,AAL,WE,Federal Contract Tower,2,2,0,0,4,0,0,0,1,1,2,2,0,1,5,0,27,27,32
12/07/2013,ADQ,AK,AAL,WE,Federal Contract Tower,2,10,0,1,13,0,45,5,4,54,2,55,5,5,67,0,34,34,101
12/08/2013,ADQ,AK,AAL,WE,Federal Contract Tower,4,7,0,1,12,0,20,1,2,23,4,27,1,3,35,0,16,16,51
12/09/2013,ADQ,AK,AAL,WE,Federal Contract Tower,4,10,0,7,21,0,38,2,17,57,4,48,2,24,78,0,24,24,102
12/10/2013,ADQ,AK,AAL,WE,Federal Contract Tower,4,21,0,0,25,0,0,0,0,0,4,21,0,0,25,0,0,0,25
12/11/2013,ADQ,AK,AAL,WE,Federal Contract Tower,2,13,0,2,17,0,65,0,34,99,2,78,0,36,116,0,30,30,146
12/12/2013,ADQ,AK,AAL,WE,Federal Contract Tower,4,10,0,2,16,0,43,2,25,70,4,53,2,27,86,0,114,114,200
12/13/2013,ADQ,AK,AAL,WE,Federal Contract Tower,4,12,0,2,18,0,46,1,22,69,4,58,1,24,87,0,84,84,171
12/14/2013,ADQ,AK,AAL,WE,Federal Contract Tower,2,11,0,1,14,0,29,2,4,35,2,40,2,5,49,0,0,0,49
12/15/2013,ADQ,AK,AAL,WE,Federal Contract Tower,3,7,0,1,11,1,14,1,2,18,4,21,1,3,29,0,20,20,49
12/16/2013,ADQ,AK,AAL,WE,Federal Contract Tower,4,10,0,5,19,0,40,0,8,48,4,50,0,13,67,4,50,54,121
12/17/2013,ADQ,AK,AAL,WE,Federal Contract Tower,4,9,0,2,15,0,43,0,14,57,4,52,0,16,72,0,42,42,114
12/18/2013,ADQ,AK,AAL,WE,Federal Contract Tower,0,9,0,2,11,0,8,0,0,8,0,17,0,2,19,0,0,0,19
12/19/2013,ADQ,AK,AAL,WE,Federal Contract Tower,4,14,0,2,20,0,17,0,3,20,4,31,0,5,40,0,0,0,40
12/20/2013,ADQ,AK,AAL,WE,Federal Contract Tower,2,9,0,1,12,0,45,2,9,56,2,54,2,10,68,0,23,23,91
12/21/2013,ADQ,AK,AAL,WE,Federal Contract Tower,2,18,0,0,20,0,4,1,0,5,2,22,1,0,25,0,0,0,25
12/22/2013,ADQ,AK,AAL,WE,Federal Contract Tower,4,5,0,1,10,0,20,1,5,26,4,25,1,6,36,0,0,0,36
12/23/2013,ADQ,AK,AAL,WE,Federal Contract Tower,4,7,0,2,13,0,42,10,8,60,4,49,10,10,73,0,8,8,81
12/24/2013,ADQ,AK,AAL,WE,Federal Contract Tower,0,5,0,3,8,0,0,0,0,0,0,5,0,3,8,0,0,0,8
12/25/2013,ADQ,AK,AAL,WE,Federal Contract Tower,0,2,0,1,3,0,2,0,0,2,0,4,0,1,5,0,0,0,5
12/26/2013,ADQ,AK,AAL,WE,Federal Contract Tower,4,10,0,1,15,0,50,3,8,61,4,60,3,9,76,0,0,0,76
12/27/2013,ADQ,AK,AAL,WE,Federal Contract Tower,3,3,0,0,6,0,0,0,0,0,3,3,0,0,6,0,0,0,6
12/28/2013,ADQ,AK,AAL,WE,Federal Contract Tower,2,17,0,1,20,0,31,6,3,40,2,48,6,4,60,0,0,0,60
12/29/2013,ADQ,AK,AAL,WE,Federal Contract Tower,4,10,0,0,14,0,0,0,0,0,4,10,0,0,14,0,0,0,14
12/30/2013,ADQ,AK,AAL,WE,Federal Contract Tower,8,18,0,0,26,0,18,0,4,22,8,36,0,4,48,0,6,6,54
12/31/2013,ADQ,AK,AAL,WE,Federal Contract Tower,2,6,0,0,8,0,0,0,0,0,2,6,0,0,8,0,0,0,8
01/01/2014,ADQ,AK,AAL,WE,Federal Contract Tower,2,2,0,1,5,0,0,4,2,6,2,2,4,3,11,0,0,0,11
01/02/2014,ADQ,AK,AAL,WE,Federal Contract Tower,4,8,0,2,14,0,48,6,6,60,4,56,6,8,74,2,52,54,128
01/03/2014,ADQ,AK,AAL,WE,Federal Contract Tower,4,6,0,1,11,0,52,3,7,62,4,58,3,8,73,0,37,37,110
01/04/2014,ADQ,AK,AAL,WE,Federal Contract Tower,1,0,0,0,1,0,0,0,0,0,1,0,0,0,1,0,0,0,1
01/05/2014,ADQ,AK,AAL,WE,Federal Contract Tower,4,17,0,2,23,0,20,3,1,24,4,37,3,3,47,0,38,38,85
01/06/2014,ADQ,AK,AAL,WE,Federal Contract Tower,8,10,0,2,20,0,34,4,0,38,8,44,4,2,58,0,0,0,58
01/07/2014,ADQ,AK,AAL,WE,Federal Contract Tower,4,16,2,7,29,0,22,0,9,31,4,38,2,16,60,0,50,50,110
01/08/2014,ADQ,AK,AAL,WE,Federal Contract Tower,1,12,1,4,18,0,46,5,12,63,1,58,6,16,81,0,122,122,203
01/09/2014,ADQ,AK,AAL,WE,Federal Contract Tower,4,8,0,4,16,0,30,13,28,71,4,38,13,32,87,11,91,102,189
01/10/2014,ADQ,AK,AAL,WE,Federal Contract Tower,4,8,2,1,15,0,52,16,26,94,4,60,18,27,109,13,127,140,249
01/11/2014,ADQ,AK,AAL,WE,Federal Contract Tower,3,9,0,3,15,0,27,2,2,31,3,36,2,5,46,2,0,2,48
01/12/2014,ADQ,AK,AAL,WE,Federal Contract Tower,4,5,0,1,10,0,11,0,12,23,4,16,0,13,33,2,0,2,35
01/13/2014,ADQ,AK,AAL,WE,Federal Contract Tower,2,6,0,5,13,0,28,1,2,31,2,34,1,7,44,0,24,24,68
01/14/2014,ADQ,AK,AAL,WE,Federal Contract Tower,5,13,0,3,21,0,10,0,19,29,5,23,0,22,50,0,87,87,137
01/15/2014,ADQ,AK,AAL,WE,Federal Contract Tower,4,14,0,3,21,0,30,1,9,40,4,44,1,12,61,0,102,102,163
01/16/2014,ADQ,AK,AAL,WE,Federal Contract Tower,4,9,0,6,19,0,39,3,11,53,4,48,3,17,72,6,105,111,183
01/17/2014,ADQ,AK,AAL,WE,Federal Contract Tower,2,9,0,1,12,0,9,0,7,16,2,18,0,8,28,0,63,63,91
01/18/2014,ADQ,AK,AAL,WE,Federal Contract Tower,3,7,0,1,11,0,32,8,2,42,3,39,8,3,53,0,11,11,64
01/19/2014,ADQ,AK,AAL,WE,Federal Contract Tower,4,2,0,0,6,0,0,0,0,0,4,2,0,0,6,0,0,0,6
01/20/2014,ADQ,AK,AAL,WE,Federal Contract Tower,4,2,0,3,9,0,0,0,0,0,4,2,0,3,9,0,0,0,9
01/21/2014,ADQ,AK,AAL,WE,Federal Contract Tower,4,13,0,4,21,0,43,4,19,66,4,56,4,23,87,0,12,12,99
01/22/2014,ADQ,AK,AAL,WE,Federal Contract Tower,2,10,0,6,18,0,0,0,0,0,2,10,0,6,18,0,0,0,18
01/23/2014,ADQ,AK,AAL,WE,Federal Contract Tower,3,11,0,3,17,0,17,0,10,27,3,28,0,13,44,10,46,56,100
01/24/2014,ADQ,AK,AAL,WE,Federal Contract Tower,4,17,0,8,29,0,53,7,13,73,4,70,7,21,102,0,3,3,105
01/25/2014,ADQ,AK,AAL,WE,Federal Contract Tower,3,21,0,4,28,0,0,0,0,0,3,21,0,4,28,0,0,0,28
01/26/2014,ADQ,AK,AAL,WE,Federal Contract Tower,4,2,0,0,6,0,0,0,0,0,4,2,0,0,6,0,0,0,6
01/27/2014,ADQ,AK,AAL,WE,Federal Contract Tower,2,6,0,3,11,0,2,0,2,4,2,8,0,5,15,0,5,5,20
01/28/2014,ADQ,AK,AAL,WE,Federal Contract Tower,4,13,0,6,23,0,38,0,16,54,4,51,0,22,77,0,46,46,123
01/29/2014,ADQ,AK,AAL,WE,Federal Contract Tower,2,14,2,4,22,0,41,2,16,59,2,55,4,20,81,3,52,55,136
01/30/2014,ADQ,AK,AAL,WE,Federal Contract Tower,4,16,0,7,27,0,24,4,9,37,4,40,4,16,64,0,117,117,181
01/31/2014,ADQ,AK,AAL,WE,Federal Contract Tower,2,28,1,8,39,0,0,0,0,0,2,28,1,8,39,0,0,0,39
02/01/2014,ADQ,AK,AAL,WE,Federal Contract Tower,3,8,0,0,11,0,56,9,7,72,3,64,9,7,83,2,0,2,85
02/02/2014,ADQ,AK,AAL,WE,Federal Contract Tower,4,7,0,1,12,0,8,2,2,12,4,15,2,3,24,0,0,0,24
02/03/2014,ADQ,AK,AAL,WE,Federal Contract Tower,4,8,0,8,20,0,28,8,0,36,4,36,8,8,56,0,20,20,76
02/04/2014,ADQ,AK,AAL,WE,Federal Contract Tower,5,14,0,1,20,0,32,0,3,35,5,46,0,4,55,0,0,0,55
02/05/2014,ADQ,AK,AAL,WE,Federal Contract Tower,2,13,1,3,19,0,33,13,19,65,2,46,14,22,84,2,79,81,165
02/06/2014,ADQ,AK,AAL,WE,Federal Contract Tower,4,10,0,3,17,0,33,5,14,52,4,43,5,17,69,2,64,66,135
02/07/2014,ADQ,AK,AAL,WE,Federal Contract Tower,2,2,0,0,4,0,2,0,1,3,2,4,0,1,7,0,22,22,29
02/08/2014,ADQ,AK,AAL,WE,Federal Contract Tower,4,9,0,0,13,0,21,0,3,24,4,30,0,3,37,0,0,0,37
02/09/2014,ADQ,AK,AAL,WE,Federal Contract Tower,4,6,0,0,10,0,18,0,2,20,4,24,0,2,30,0,0,0,30
02/10/2014,ADQ,AK,AAL,WE,Federal Contract Tower,4,10,0,4,18,0,24,0,8,32,4,34,0,12,50,2,14,16,66
02/11/2014,ADQ,AK,AAL,WE,Federal Contract Tower,4,7,0,4,15,1,38,4,21,64,5,45,4,25,79,6,65,71,150
02/12/2014,ADQ,AK,AAL,WE,Federal Contract Tower,2,7,0,4,13,0,14,0,21,35,2,21,0,25,48,0,8,8,56
02/13/2014,ADQ,AK,AAL,WE,Federal Contract Tower,4,13,0,7,24,0,40,0,13,53,4,53,0,20,77,5,23,28,105
02/14/2014,ADQ,AK,AAL,WE,Federal Contract Tower,4,14,0,0,18,0,41,1,20,62,4,55,1,20,80,0,50,50,130
02/15/2014,ADQ,AK,AAL,WE,Federal Contract Tower,4,8,0,1,13,0,39,2,3,44,4,47,2,4,57,0,0,0,57
02/16/2014,ADQ,AK,AAL,WE,Federal Contract Tower,4,8,0,1,13,0,14,1,3,18,4,22,1,4,31,2,20,22,53
02/17/2014,ADQ,AK,AAL,WE,Federal Contract Tower,4,10,0,0,14,0,32,4,2,38,4,42,4,2,52,0,18,18,70
02/18/2014,ADQ,AK,AAL,WE,Federal Contract Tower,4,8,0,3,15,0,44,6,12,62,4,52,6,15,77,0,74,74,151
02/19/2014,ADQ,AK,AAL,WE,Federal Contract Tower,2,8,0,2,12,0,40,6,18,64,2,48,6,20,76,0,50,50,126
02/20/2014,ADQ,AK,AAL,WE,Federal Contract Tower,3,9,0,3,15,0,27,5,21,53,3,36,5,24,68,24,66,90,158
02/21/2014,ADQ,AK,AAL,WE,Federal Contract Tower,2,25,0,8,35,0,3,0,1,4,2,28,0,9,39,0,14,14,53
02/22/2014,ADQ,AK,AAL,WE,Federal Contract Tower,2,2,0,2,6,0,0,0,0,0,2,2,0,2,6,0,6,6,12
02/23/2014,ADQ,AK,AAL,WE,Federal Contract Tower,0,0,0,0,0,0,0,0,0,0,0,0,0,0,0,0,0,0,0
02/24/2014,ADQ,AK,AAL,WE,Federal Contract Tower,4,17,2,1,24,0,12,0,15,27,4,29,2,16,51,0,0,0,51
02/25/2014,ADQ,AK,AAL,WE,Federal Contract Tower,5,12,0,3,20,0,18,0,2,20,5,30,0,5,40,0,34,34,74
02/26/2014,ADQ,AK,AAL,WE,Federal Contract Tower,0,12,0,0,12,0,0,0,0,0,0,12,0,0,12,0,0,0,12
02/27/2014,ADQ,AK,AAL,WE,Federal Contract Tower,3,17,0,2,22,1,42,2,11,56,4,59,2,13,78,0,43,43,121
02/28/2014,ADQ,AK,AAL,WE,Federal Contract Tower,4,9,0,2,15,0,44,13,12,69,4,53,13,14,84,6,21,27,111
03/01/2014,ADQ,AK,AAL,WE,Federal Contract Tower,4,8,0,1,13,0,45,11,4,60,4,53,11,5,73,4,10,14,87
03/02/2014,ADQ,AK,AAL,WE,Federal Contract Tower,4,10,0,0,14,0,12,7,0,19,4,22,7,0,33,0,24,24,57
03/03/2014,ADQ,AK,AAL,WE,Federal Contract Tower,2,13,0,2,17,0,49,6,14,69,2,62,6,16,86,4,30,34,120
03/04/2014,ADQ,AK,AAL,WE,Federal Contract Tower,3,12,0,4,19,0,40,2,19,61,3,52,2,23,80,0,13,13,93
03/05/2014,ADQ,AK,AAL,WE,Federal Contract Tower,2,13,0,2,17,0,47,2,3,52,2,60,2,5,69,0,0,0,69
03/06/2014,ADQ,AK,AAL,WE,Federal Contract Tower,2,13,0,3,18,0,25,6,23,54,2,38,6,26,72,0,50,50,122
03/07/2014,ADQ,AK,AAL,WE,Federal Contract Tower,3,15,0,5,23,0,32,0,6,38,3,47,0,11,61,0,21,21,82
03/08/2014,ADQ,AK,AAL,WE,Federal Contract Tower,2,13,0,0,15,0,32,4,2,38,2,45,4,2,53,8,5,13,66
03/09/2014,ADQ,AK,AAL,WE,Federal Contract Tower,2,7,0,0,9,0,26,9,7,42,2,33,9,7,51,2,0,2,53
03/10/2014,ADQ,AK,AAL,WE,Federal Contract Tower,2,18,0,4,24,0,19,0,15,34,2,37,0,19,58,0,28,28,86
03/11/2014,ADQ,AK,AAL,WE,Federal Contract Tower,1,11,0,4,16,1,50,1,8,60,2,61,1,12,76,0,18,18,94
03/12/2014,ADQ,AK,AAL,WE,Federal Contract Tower,0,16,0,2,18,0,25,2,10,37,0,41,2,12,55,10,21,31,86
03/13/2014,ADQ,AK,AAL,WE,Federal Contract Tower,1,23,0,6,30,0,9,0,4,13,1,32,0,10,43,0,18,18,61
03/14/2014,ADQ,AK,AAL,WE,Federal Contract Tower,2,13,0,0,15,0,3,0,2,5,2,16,0,2,20,0,21,21,41
03/15/2014,ADQ,AK,AAL,WE,Federal Contract Tower,3,8,0,0,11,0,47,5,3,55,3,55,5,3,66,0,11,11,77
03/16/2014,ADQ,AK,AAL,WE,Federal Contract Tower,2,6,0,0,8,0,0,0,0,0,2,6,0,0,8,0,0,0,8
03/17/2014,ADQ,AK,AAL,WE,Federal Contract Tower,2,14,0,1,17,0,44,4,13,61,2,58,4,14,78,24,70,94,172
03/18/2014,ADQ,AK,AAL,WE,Federal Contract Tower,2,12,0,3,17,0,44,2,27,73,2,56,2,30,90,0,36,36,126
03/19/2014,ADQ,AK,AAL,WE,Federal Contract Tower,2,11,0,3,16,0,56,5,16,77,2,67,5,19,93,0,61,61,154
03/20/2014,ADQ,AK,AAL,WE,Federal Contract Tower,2,14,0,2,18,0,45,7,10,62,2,59,7,12,80,6,0,6,86
03/21/2014,ADQ,AK,AAL,WE,Federal Contract Tower,2,14,1,0,17,0,41,2,1,44,2,55,3,1,61,5,0,5,66
03/22/2014,ADQ,AK,AAL,WE,Federal Contract Tower,2,10,0,2,14,0,25,0,2,27,2,35,0,4,41,0,0,0,41
03/23/2014,ADQ,AK,AAL,WE,Federal Contract Tower,2,11,0,3,16,0,8,0,2,10,2,19,0,5,26,0,3,3,29
03/24/2014,ADQ,AK,AAL,WE,Federal Contract Tower,2,11,0,3,16,0,45,12,20,77,2,56,12,23,93,2,19,21,114
03/25/2014,ADQ,AK,AAL,WE,Federal Contract Tower,2,13,0,0,15,0,48,3,20,71,2,61,3,20,86,0,20,20,106
03/26/2014,ADQ,AK,AAL,WE,Federal Contract Tower,2,9,0,2,13,0,59,10,17,86,2,68,10,19,99,0,56,56,155
03/27/2014,ADQ,AK,AAL,WE,Federal Contract Tower,2,11,0,0,13,0,43,9,18,70,2,54,9,18,83,0,0,0,83
03/28/2014,ADQ,AK,AAL,WE,Federal Contract Tower,2,10,0,0,12,0,55,4,16,75,2,65,4,16,87,0,0,0,87
03/29/2014,ADQ,AK,AAL,WE,Federal Contract Tower,2,7,0,0,9,0,48,4,14,66,2,55,4,14,75,6,0,6,81
03/30/2014,ADQ,AK,AAL,WE,Federal Contract Tower,1,8,0,6,15,0,24,9,4,37,1,32,9,10,52,0,0,0,52
03/31/2014,ADQ,AK,AAL,WE,Federal Contract Tower,2,12,0,1,15,0,44,6,39,89,2,56,6,40,104,0,27,27,131
04/01/2014,ADQ,AK,AAL,WE,Federal Contract Tower,2,10,0,0,12,0,31,0,8,39,2,41,0,8,51,0,12,12,63
04/02/2014,ADQ,AK,AAL,WE,Federal Contract Tower,0,16,0,7,23,0,35,2,26,63,0,51,2,33,86,0,20,20,106
04/03/2014,ADQ,AK,AAL,WE,Federal Contract Tower,2,28,2,13,45,0,15,0,5,20,2,43,2,18,65,0,25,25,90
04/04/2014,ADQ,AK,AAL,WE,Federal Contract Tower,2,31,2,12,47,0,9,0,5,14,2,40,2,17,61,0,33,33,94
04/05/2014,ADQ,AK,AAL,WE,Federal Contract Tower,2,12,0,1,15,0,47,14,10,71,2,59,14,11,86,0,14,14,100
04/06/2014,ADQ,AK,AAL,WE,Federal Contract Tower,2,10,0,0,12,0,18,3,8,29,2,28,3,8,41,0,11,11,52
04/07/2014,ADQ,AK,AAL,WE,Federal Contract Tower,2,9,0,3,14,0,52,2,17,71,2,61,2,20,85,0,24,24,109
04/08/2014,ADQ,AK,AAL,WE,Federal Contract Tower,2,12,0,3,17,0,35,0,23,58,2,47,0,26,75,0,84,84,159
04/09/2014,ADQ,AK,AAL,WE,Federal Contract Tower,2,9,1,2,14,0,56,7,32,95,2,65,8,34,109,0,57,57,166
04/10/2014,ADQ,AK,AAL,WE,Federal Contract Tower,2,13,2,1,18,0,59,9,27,95,2,72,11,28,113,6,91,97,210
04/11/2014,ADQ,AK,AAL,WE,Federal Contract Tower,2,12,0,2,16,0,49,15,10,74,2,61,15,12,90,4,62,66,156
04/12/2014,ADQ,AK,AAL,WE,Federal Contract Tower,3,8,1,0,12,0,0,0,0,0,3,8,1,0,12,0,0,0,12
04/13/2014,ADQ,AK,AAL,WE,Federal Contract Tower,2,9,1,2,14,0,23,2,2,27,2,32,3,4,41,3,24,27,68
04/14/2014,ADQ,AK,AAL,WE,Federal Contract Tower,2,11,0,1,14,0,49,17,14,80,2,60,17,15,94,0,48,48,142
04/15/2014,ADQ,AK,AAL,WE,Federal Contract Tower,2,16,1,2,21,0,46,13,23,82,2,62,14,25,103,0,74,74,177
04/16/2014,ADQ,AK,AAL,WE,Federal Contract Tower,2,14,0,9,25,0,40,11,12,63,2,54,11,21,88,0,67,67,155
04/17/2014,ADQ,AK,AAL,WE,Federal Contract Tower,2,16,0,6,24,0,52,10,12,74,2,68,10,18,98,0,44,44,142
04/18/2014,ADQ,AK,AAL,WE,Federal Contract Tower,2,13,2,2,19,0,46,8,14,68,2,59,10,16,87,4,76,80,167
04/19/2014,ADQ,AK,AAL,WE,Federal Contract Tower,2,19,0,3,24,0,6,0,0,6,2,25,0,3,30,0,0,0,30
04/20/2014,ADQ,AK,AAL,WE,Federal Contract Tower,2,7,0,0,9,0,17,0,1,18,2,24,0,1,27,0,0,0,27
04/21/2014,ADQ,AK,AAL,WE,Federal Contract Tower,2,28,2,5,37,0,36,4,8,48,2,64,6,13,85,0,16,16,101
04/22/2014,ADQ,AK,AAL,WE,Federal Contract Tower,2,15,0,2,19,0,48,11,7,66,2,63,11,9,85,8,2,10,95
04/23/2014,ADQ,AK,AAL,WE,Federal Contract Tower,2,14,5,3,24,0,62,11,19,92,2,76,16,22,116,6,60,66,182
04/24/2014,ADQ,AK,AAL,WE,Federal Contract Tower,2,16,0,6,24,0,37,13,19,69,2,53,13,25,93,4,49,53,146
04/25/2014,ADQ,AK,AAL,WE,Federal Contract Tower,2,7,0,1,10,0,22,2,5,29,2,29,2,6,39,0,10,10,49
04/26/2014,ADQ,AK,AAL,WE,Federal Contract Tower,2,26,1,2,31,0,2,0,0,2,2,28,1,2,33,0,0,0,33
04/27/2014,ADQ,AK,AAL,WE,Federal Contract Tower,2,10,0,2,14,0,37,4,3,44,2,47,4,5,58,0,0,0,58
04/28/2014,ADQ,AK,AAL,WE,Federal Contract Tower,2,10,0,3,15,0,64,7,17,88,2,74,7,20,103,0,43,43,146
04/29/2014,ADQ,AK,AAL,WE,Federal Contract Tower,2,14,0,0,16,0,47,17,25,89,2,61,17,25,105,10,6,16,121
04/30/2014,ADQ,AK,AAL,WE,Federal Contract Tower,2,11,0,1,14,0,47,11,19,77,2,58,11,20,91,10,4,14,105
05/01/2014,ADQ,AK,AAL,WE,Federal Contract Tower,4,11,0,1,16,0,58,3,17,78,4,69,3,18,94,5,12,17,111
05/02/2014,ADQ,AK,AAL,WE,Federal Contract Tower,4,8,2,0,14,0,58,7,14,79,4,66,9,14,93,0,24,24,117
05/03/2014,ADQ,AK,AAL,WE,Federal Contract Tower,4,5,0,0,9,0,47,9,0,56,4,52,9,0,65,2,0,2,67
05/04/2014,ADQ,AK,AAL,WE,Federal Contract Tower,4,7,1,0,12,0,17,6,4,27,4,24,7,4,39,6,0,6,45
05/05/2014,ADQ,AK,AAL,WE,Federal Contract Tower,4,17,4,3,28,0,30,2,9,41,4,47,6,12,69,0,24,24,93
05/06/2014,ADQ,AK,AAL,WE,Federal Contract Tower,5,39,4,2,50,0,19,0,4,23,5,58,4,6,73,0,0,0,73
05/07/2014,ADQ,AK,AAL,WE,Federal Contract Tower,4,15,0,7,26,0,1,0,0,1,4,16,0,7,27,0,0,0,27
05/08/2014,ADQ,AK,AAL,WE,Federal Contract Tower,4,10,1,1,16,0,48,8,10,66,4,58,9,11,82,26,4,30,112
05/09/2014,ADQ,AK,AAL,WE,Federal Contract Tower,4,10,0,0,14,0,51,11,12,74,4,61,11,12,88,0,55,55,143
05/10/2014,ADQ,AK,AAL,WE,Federal Contract Tower,5,6,0,1,12,0,42,14,5,61,5,48,14,6,73,2,6,8,81
05/11/2014,ADQ,AK,AAL,WE,Federal Contract Tower,2,16,2,1,21,0,13,2,1,16,2,29,4,2,37,0,0,0,37
05/12/2014,ADQ,AK,AAL,WE,Federal Contract Tower,4,13,0,3,20,0,46,3,12,61,4,59,3,15,81,0,0,0,81
05/13/2014,ADQ,AK,AAL,WE,Federal Contract Tower,4,9,0,0,13,0,47,5,4,56,4,56,5,4,69,9,0,9,78
05/14/2014,ADQ,AK,AAL,WE,Federal Contract Tower,4,10,0,2,16,0,53,10,22,85,4,63,10,24,101,21,0,21,122
05/15/2014,ADQ,AK,AAL,WE,Federal Contract Tower,2,14,1,5,22,0,15,2,5,22,2,29,3,10,44,2,0,2,46
05/16/2014,ADQ,AK,AAL,WE,Federal Contract Tower,5,20,1,0,26,0,60,13,11,84,5,80,14,11,110,4,39,43,153
05/17/2014,ADQ,AK,AAL,WE,Federal Contract Tower,4,6,0,0,10,0,64,15,4,83,4,70,15,4,93,8,0,8,101
05/18/2014,ADQ,AK,AAL,WE,Federal Contract Tower,4,9,2,1,16,0,30,2,3,35,4,39,4,4,51,0,3,3,54
05/19/2014,ADQ,AK,AAL,WE,Federal Contract Tower,4,10,0,0,14,0,37,0,26,63,4,47,0,26,77,0,42,42,119
05/20/2014,ADQ,AK,AAL,WE,Federal Contract Tower,4,8,2,2,16,0,50,7,22,79,4,58,9,24,95,2,16,18,113
05/21/2014,ADQ,AK,AAL,WE,Federal Contract Tower,4,12,1,3,20,0,57,10,15,82,4,69,11,18,102,0,41,41,143
05/22/2014,ADQ,AK,AAL,WE,Federal Contract Tower,3,12,0,1,16,1,53,10,25,89,4,65,10,26,105,5,32,37,142
05/23/2014,ADQ,AK,AAL,WE,Federal Contract Tower,4,11,0,2,17,0,57,10,12,79,4,68,10,14,96,7,2,9,105
05/24/2014,ADQ,AK,AAL,WE,Federal Contract Tower,3,11,1,3,18,1,38,4,4,47,4,49,5,7,65,2,0,2,67
05/25/2014,ADQ,AK,AAL,WE,Federal Contract Tower,3,8,0,0,11,1,43,5,6,55,4,51,5,6,66,6,4,10,76
05/26/2014,ADQ,AK,AAL,WE,Federal Contract Tower,4,10,0,1,15,0,31,2,3,36,4,41,2,4,51,0,0,0,51
05/27/2014,ADQ,AK,AAL,WE,Federal Contract Tower,4,11,1,3,19,0,41,1,15,57,4,52,2,18,76,0,10,10,86
05/28/2014,ADQ,AK,AAL,WE,Federal Contract Tower,4,9,0,2,15,0,47,4,13,64,4,56,4,15,79,2,43,45,124
05/29/2014,ADQ,AK,AAL,WE,Federal Contract Tower,4,18,2,3,27,0,36,0,2,38,4,54,2,5,65,0,10,10,75
05/30/2014,ADQ,AK,AAL,WE,Federal Contract Tower,4,10,0,2,16,0,5,1,0,6,4,15,1,2,22,0,0,0,22
05/31/2014,ADQ,AK,AAL,WE,Federal Contract Tower,4,8,0,1,13,0,89,6,4,99,4,97,6,5,112,0,0,0,112
06/01/2014,ADQ,AK,AAL,WE,Federal Contract Tower,3,8,0,0,11,1,26,6,1,34,4,34,6,1,45,0,0,0,45
06/02/2014,ADQ,AK,AAL,WE,Federal Contract Tower,4,14,0,7,25,0,61,5,29,95,4,75,5,36,120,0,4,4,124
06/03/2014,ADQ,AK,AAL,WE,Federal Contract Tower,4,11,0,2,17,0,54,10,9,73,4,65,10,11,90,0,20,20,110
06/04/2014,ADQ,AK,AAL,WE,Federal Contract Tower,3,9,2,0,14,1,61,14,28,104,4,70,16,28,118,8,18,26,144
06/05/2014,ADQ,AK,AAL,WE,Federal Contract Tower,4,24,0,3,31,0,12,0,3,15,4,36,0,6,46,0,3,3,49
06/06/2014,ADQ,AK,AAL,WE,Federal Contract Tower,4,25,0,0,29,0,0,0,0,0,4,25,0,0,29,0,0,0,29
06/07/2014,ADQ,AK,AAL,WE,Federal Contract Tower,2,31,0,0,33,0,45,2,2,49,2,76,2,2,82,2,0,2,84
06/08/2014,ADQ,AK,AAL,WE,Federal Contract Tower,4,9,0,1,14,0,38,3,6,47,4,47,3,7,61,0,0,0,61
06/09/2014,ADQ,AK,AAL,WE,Federal Contract Tower,4,10,0,2,16,0,58,1,17,76,4,68,1,19,92,0,8,8,100
06/10/2014,ADQ,AK,AAL,WE,Federal Contract Tower,4,10,0,1,15,0,75,2,25,102,4,85,2,26,117,0,0,0,117
06/11/2014,ADQ,AK,AAL,WE,Federal Contract Tower,4,11,0,0,15,0,63,8,11,82,4,74,8,11,97,4,18,22,119
06/12/2014,ADQ,AK,AAL,WE,Federal Contract Tower,4,14,0,6,24,0,48,4,12,64,4,62,4,18,88,0,29,29,117
06/13/2014,ADQ,AK,AAL,WE,Federal Contract Tower,4,22,2,1,29,0,31,3,2,36,4,53,5,3,65,0,21,21,86
06/14/2014,ADQ,AK,AAL,WE,Federal Contract Tower,2,9,0,0,11,0,61,7,1,69,2,70,7,1,80,10,31,41,121
06/15/2014,ADQ,AK,AAL,WE,Federal Contract Tower,4,8,0,0,12,0,29,6,2,37,4,37,6,2,49,0,0,0,49
06/16/2014,ADQ,AK,AAL,WE,Federal Contract Tower,4,14,0,4,22,0,35,0,17,52,4,49,0,21,74,0,62,62,136
06/17/2014,ADQ,AK,AAL,WE,Federal Contract Tower,4,10,0,2,16,0,46,4,15,65,4,56,4,17,81,0,14,14,95
06/18/2014,ADQ,AK,AAL,WE,Federal Contract Tower,4,8,0,2,14,0,67,6,17,90,4,75,6,19,104,0,0,0,104
06/19/2014,ADQ,AK,AAL,WE,Federal Contract Tower,4,12,0,2,18,0,32,5,15,52,4,44,5,17,70,2,32,34,104
06/20/2014,ADQ,AK,AAL,WE,Federal Contract Tower,4,9,1,1,15,0,67,13,15,95,4,76,14,16,110,0,54,54,164
06/21/2014,ADQ,AK,AAL,WE,Federal Contract Tower,2,32,3,1,38,0,48,6,1,55,2,80,9,2,93,0,0,0,93
06/22/2014,ADQ,AK,AAL,WE,Federal Contract Tower,4,9,0,1,14,0,28,5,3,36,4,37,5,4,50,4,0,4,54
06/23/2014,ADQ,AK,AAL,WE,Federal Contract Tower,4,10,1,1,16,0,58,5,12,75,4,68,6,13,91,0,8,8,99
06/24/2014,ADQ,AK,AAL,WE,Federal Contract Tower,4,11,0,2,17,0,61,11,27,99,4,72,11,29,116,0,11,11,127
06/25/2014,ADQ,AK,AAL,WE,Federal Contract Tower,4,9,3,4,20,0,57,8,23,88,4,66,11,27,108,0,55,55,163
06/26/2014,ADQ,AK,AAL,WE,Federal Contract Tower,4,9,0,3,16,0,56,5,22,83,4,65,5,25,99,2,51,53,152
06/27/2014,ADQ,AK,AAL,WE,Federal Contract Tower,4,12,0,2,18,0,70,4,9,83,4,82,4,11,101,0,10,10,111
06/28/2014,ADQ,AK,AAL,WE,Federal Contract Tower,2,10,4,0,16,0,66,12,3,81,2,76,16,3,97,0,0,0,97
06/29/2014,ADQ,AK,AAL,WE,Federal Contract Tower,4,7,1,0,12,0,15,8,5,28,4,22,9,5,40,0,3,3,43
06/30/2014,ADQ,AK,AAL,WE,Federal Contract Tower,8,14,4,1,27,0,57,2,18,77,8,71,6,19,104,0,14,14,118
07/01/2014,ADQ,AK,AAL,WE,Federal Contract Tower,4,12,2,2,20,0,58,1,0,59,4,70,3,2,79,0,0,0,79
07/02/2014,ADQ,AK,AAL,WE,Federal Contract Tower,4,11,2,1,18,0,76,4,24,104,4,87,6,25,122,2,42,44,166
07/03/2014,ADQ,AK,AAL,WE,Federal Contract Tower,4,11,2,1,18,0,73,10,13,96,4,84,12,14,114,0,5,5,119
07/04/2014,ADQ,AK,AAL,WE,Federal Contract Tower,4,6,0,2,12,0,12,8,4,24,4,18,8,6,36,0,2,2,38
07/05/2014,ADQ,AK,AAL,WE,Federal Contract Tower,1,12,2,0,15,1,63,6,6,76,2,75,8,6,91,0,0,0,91
07/06/2014,ADQ,AK,AAL,WE,Federal Contract Tower,4,6,0,2,12,0,48,4,0,52,4,54,4,2,64,0,0,0,64
07/07/2014,ADQ,AK,AAL,WE,Federal Contract Tower,3,16,1,3,23,0,35,0,4,39,3,51,1,7,62,0,0,0,62
07/08/2014,ADQ,AK,AAL,WE,Federal Contract Tower,2,6,0,3,11,0,41,0,1,42,2,47,0,4,53,0,0,0,53
07/09/2014,ADQ,AK,AAL,WE,Federal Contract Tower,4,19,2,11,36,0,50,4,6,60,4,69,6,17,96,0,0,0,96
07/10/2014,ADQ,AK,AAL,WE,Federal Contract Tower,5,18,0,5,28,0,0,0,0,0,5,18,0,5,28,0,0,0,28
07/11/2014,ADQ,AK,AAL,WE,Federal Contract Tower,4,28,1,5,38,0,77,4,13,94,4,105,5,18,132,4,4,8,140
07/12/2014,ADQ,AK,AAL,WE,Federal Contract Tower,2,12,1,4,19,0,58,8,0,66,2,70,9,4,85,3,30,33,118
07/13/2014,ADQ,AK,AAL,WE,Federal Contract Tower,4,9,0,1,14,0,52,2,3,57,4,61,2,4,71,0,8,8,79
07/14/2014,ADQ,AK,AAL,WE,Federal Contract Tower,4,7,0,2,13,0,64,0,21,85,4,71,0,23,98,0,23,23,121
07/15/2014,ADQ,AK,AAL,WE,Federal Contract Tower,4,10,1,1,16,0,62,7,17,86,4,72,8,18,102,0,9,9,111
07/16/2014,ADQ,AK,AAL,WE,Federal Contract Tower,4,15,1,2,22,0,47,3,15,65,4,62,4,17,87,0,3,3,90
07/17/2014,ADQ,AK,AAL,WE,Federal Contract Tower,3,11,0,1,15,0,64,7,17,88,3,75,7,18,103,0,14,14,117
07/18/2014,ADQ,AK,AAL,WE,Federal Contract Tower,3,12,3,4,22,1,66,5,13,85,4,78,8,17,107,0,42,42,149
07/19/2014,ADQ,AK,AAL,WE,Federal Contract Tower,2,10,0,0,12,0,57,3,7,67,2,67,3,7,79,0,4,4,83
07/20/2014,ADQ,AK,AAL,WE,Federal Contract Tower,4,9,0,1,14,0,43,1,3,47,4,52,1,4,61,2,0,2,63
07/21/2014,ADQ,AK,AAL,WE,Federal Contract Tower,3,8,2,5,18,1,75,10,20,106,4,83,12,25,124,0,18,18,142
07/22/2014,ADQ,AK,AAL,WE,Federal Contract Tower,4,10,1,5,20,0,59,4,18,81,4,69,5,23,101,0,6,6,107
07/23/2014,ADQ,AK,AAL,WE,Federal Contract Tower,4,10,0,3,17,0,70,3,22,95,4,80,3,25,112,0,29,29,141
07/24/2014,ADQ,AK,AAL,WE,Federal Contract Tower,4,12,0,3,19,0,58,2,13,73,4,70,2,16,92,0,58,58,150
07/25/2014,ADQ,AK,AAL,WE,Federal Contract Tower,4,17,1,0,22,0,52,1,13,66,4,69,2,13,88,6,15,21,109
07/26/2014,ADQ,AK,AAL,WE,Federal Contract Tower,2,12,0,1,15,0,51,2,3,56,2,63,2,4,71,0,0,0,71
07/27/2014,ADQ,AK,AAL,WE,Federal Contract Tower,4,8,0,1,13,0,28,4,2,34,4,36,4,3,47,0,0,0,47
07/28/2014,ADQ,AK,AAL,WE,Federal Contract Tower,4,9,0,5,18,0,59,2,20,81,4,68,2,25,99,0,16,16,115
07/29/2014,ADQ,AK,AAL,WE,Federal Contract Tower,4,15,0,4,23,0,44,3,18,65,4,59,3,22,88,2,34,36,124
07/30/2014,ADQ,AK,AAL,WE,Federal Contract Tower,4,9,0,2,15,0,63,3,31,97,4,72,3,33,112,0,12,12,124
07/31/2014,ADQ,AK,AAL,WE,Federal Contract Tower,4,8,0,2,14,0,56,6,20,82,4,64,6,22,96,0,31,31,127
08/01/2014,ADQ,AK,AAL,WE,Federal Contract Tower,4,14,1,2,21,0,55,9,4,68,4,69,10,6,89,0,0,0,89
08/02/2014,ADQ,AK,AAL,WE,Federal Contract Tower,2,13,0,0,15,0,49,1,7,57,2,62,1,7,72,0,12,12,84
08/03/2014,ADQ,AK,AAL,WE,Federal Contract Tower,4,6,2,1,13,0,37,3,2,42,4,43,5,3,55,0,6,6,61
08/04/2014,ADQ,AK,AAL,WE,Federal Contract Tower,6,7,2,1,16,0,56,2,1,59,6,63,4,2,75,0,0,0,75
08/05/2014,ADQ,AK,AAL,WE,Federal Contract Tower,3,17,1,4,25,1,47,3,0,51,4,64,4,4,76,0,0,0,76
08/06/2014,ADQ,AK,AAL,WE,Federal Contract Tower,3,14,1,5,23,1,58,4,17,80,4,72,5,22,103,0,17,17,120
08/07/2014,ADQ,AK,AAL,WE,Federal Contract Tower,4,20,5,4,33,0,16,0,2,18,4,36,5,6,51,0,0,0,51
08/08/2014,ADQ,AK,AAL,WE,Federal Contract Tower,3,3,0,4,10,0,0,0,0,0,3,3,0,4,10,0,0,0,10
08/09/2014,ADQ,AK,AAL,WE,Federal Contract Tower,0,12,0,3,15,0,0,0,0,0,0,12,0,3,15,4,0,4,19
08/10/2014,ADQ,AK,AAL,WE,Federal Contract Tower,6,23,0,4,33,0,0,0,0,0,6,23,0,4,33,0,0,0,33
08/11/2014,ADQ,AK,AAL,WE,Federal Contract Tower,4,84,2,10,100,0,16,0,2,18,4,100,2,12,118,0,8,8,126
08/12/2014,ADQ,AK,AAL,WE,Federal Contract Tower,5,10,0,3,18,0,27,1,8,36,5,37,1,11,54,4,12,16,70
08/13/2014,ADQ,AK,AAL,WE,Federal Contract Tower,4,11,3,2,20,0,56,5,19,80,4,67,8,21,100,1,4,5,105
08/14/2014,ADQ,AK,AAL,WE,Federal Contract Tower,4,13,1,4,22,0,62,6,16,84,4,75,7,20,106,0,20,20,126
08/15/2014,ADQ,AK,AAL,WE,Federal Contract Tower,5,12,0,2,19,0,93,4,13,110,5,105,4,15,129,0,21,21,150
08/16/2014,ADQ,AK,AAL,WE,Federal Contract Tower,2,11,1,0,14,0,60,2,3,65,2,71,3,3,79,3,5,8,87
08/17/2014,ADQ,AK,AAL,WE,Federal Contract Tower,5,7,0,0,12,1,41,10,2,54,6,48,10,2,66,0,0,0,66
08/18/2014,ADQ,AK,AAL,WE,Federal Contract Tower,3,8,1,1,13,1,81,8,17,107,4,89,9,18,120,0,0,0,120
08/19/2014,ADQ,AK,AAL,WE,Federal Contract Tower,4,12,2,2,20,0,67,2,13,82,4,79,4,15,102,0,10,10,112
08/20/2014,ADQ,AK,AAL,WE,Federal Contract Tower,2,34,3,4,43,0,28,1,6,35,2,62,4,10,78,0,0,0,78
08/21/2014,ADQ,AK,AAL,WE,Federal Contract Tower,4,10,0,4,18,0,61,13,10,84,4,71,13,14,102,2,0,2,104
08/22/2014,ADQ,AK,AAL,WE,Federal Contract Tower,4,15,0,3,22,0,60,5,6,71,4,75,5,9,93,30,2,32,125
08/23/2014,ADQ,AK,AAL,WE,Federal Contract Tower,2,35,3,2,42,0,15,0,0,15,2,50,3,2,57,0,0,0,57
08/24/2014,ADQ,AK,AAL,WE,Federal Contract Tower,4,15,2,2,23,0,25,5,4,34,4,40,7,6,57,0,0,0,57
08/25/2014,ADQ,AK,AAL,WE,Federal Contract Tower,3,13,1,5,22,1,69,3,16,89,4,82,4,21,111,2,30,32,143
08/26/2014,ADQ,AK,AAL,WE,Federal Contract Tower,3,11,3,3,20,0,52,10,15,77,3,63,13,18,97,0,66,66,163
08/27/2014,ADQ,AK,AAL,WE,Federal Contract Tower,4,18,4,2,28,0,35,4,8,47,4,53,8,10,75,0,20,20,95
08/28/2014,ADQ,AK,AAL,WE,Federal Contract Tower,4,16,1,8,29,0,56,4,19,79,4,72,5,27,108,0,38,38,146
08/29/2014,ADQ,AK,AAL,WE,Federal Contract Tower,3,10,1,2,16,1,87,14,12,114,4,97,15,14,130,1,32,33,163
08/30/2014,ADQ,AK,AAL,WE,Federal Contract Tower,3,9,2,1,15,0,55,6,6,67,3,64,8,7,82,0,0,0,82
08/31/2014,ADQ,AK,AAL,WE,Federal Contract Tower,3,6,1,0,10,0,28,6,1,35,3,34,7,1,45,0,0,0,45
09/01/2014,ADQ,AK,AAL,WE,Federal Contract Tower,3,10,1,0,14,0,51,5,2,58,3,61,6,2,72,0,0,0,72
09/02/2014,ADQ,AK,AAL,WE,Federal Contract Tower,3,9,0,1,13,0,80,11,7,98,3,89,11,8,111,0,0,0,111
09/03/2014,ADQ,AK,AAL,WE,Federal Contract Tower,4,12,2,5,23,0,72,4,19,95,4,84,6,24,118,0,20,20,138
09/04/2014,ADQ,AK,AAL,WE,Federal Contract Tower,2,14,1,5,22,1,31,1,10,43,3,45,2,15,65,0,6,6,71
09/05/2014,ADQ,AK,AAL,WE,Federal Contract Tower,4,18,0,2,24,0,59,3,4,66,4,77,3,6,90,2,51,53,143
09/06/2014,ADQ,AK,AAL,WE,Federal Contract Tower,3,12,0,1,16,1,73,9,1,84,4,85,9,2,100,0,9,9,109
09/07/2014,ADQ,AK,AAL,WE,Federal Contract Tower,3,8,0,0,11,0,52,8,4,64,3,60,8,4,75,0,19,19,94
09/08/2014,ADQ,AK,AAL,WE,Federal Contract Tower,3,11,1,1,16,0,69,4,28,101,3,80,5,29,117,0,37,37,154
09/09/2014,ADQ,AK,AAL,WE,Federal Contract Tower,5,20,3,4,32,0,20,2,6,28,5,40,5,10,60,0,0,0,60
09/10/2014,ADQ,AK,AAL,WE,Federal Contract Tower,3,12,3,2,20,1,56,10,11,78,4,68,13,13,98,0,21,21,119
09/11/2014,ADQ,AK,AAL,WE,Federal Contract Tower,3,25,0,3,31,0,21,0,2,23,3,46,0,5,54,0,0,0,54
09/12/2014,ADQ,AK,AAL,WE,Federal Contract Tower,2,15,0,1,18,0,18,0,2,20,2,33,0,3,38,2,0,2,40
09/13/2014,ADQ,AK,AAL,WE,Federal Contract Tower,3,9,2,2,16,0,60,3,4,67,3,69,5,6,83,0,0,0,83
09/14/2014,ADQ,AK,AAL,WE,Federal Contract Tower,4,8,0,0,12,0,8,0,2,10,4,16,0,2,22,0,0,0,22
09/15/2014,ADQ,AK,AAL,WE,Federal Contract Tower,2,10,0,1,13,1,65,15,7,88,3,75,15,8,101,0,0,0,101
09/16/2014,ADQ,AK,AAL,WE,Federal Contract Tower,3,14,0,7,24,0,108,4,15,127,3,122,4,22,151,0,28,28,179
09/17/2014,ADQ,AK,AAL,WE,Federal Contract Tower,4,13,1,1,19,0,61,2,13,76,4,74,3,14,95,6,22,28,123
09/18/2014,ADQ,AK,AAL,WE,Federal Contract Tower,4,12,0,1,17,0,65,5,12,82,4,77,5,13,99,0,51,51,150
09/19/2014,ADQ,AK,AAL,WE,Federal Contract Tower,4,13,0,2,19,0,97,5,15,117,4,110,5,17,136,0,26,26,162
09/20/2014,ADQ,AK,AAL,WE,Federal Contract Tower,4,10,0,0,14,0,63,9,12,84,4,73,9,12,98,4,0,4,102
09/21/2014,ADQ,AK,AAL,WE,Federal Contract Tower,4,9,0,1,14,0,41,3,6,50,4,50,3,7,64,0,0,0,64
09/22/2014,ADQ,AK,AAL,WE,Federal Contract Tower,4,12,0,3,19,0,60,0,12,72,4,72,0,15,91,0,46,46,137
09/23/2014,ADQ,AK,AAL,WE,Federal Contract Tower,4,12,0,1,17,0,74,3,7,84,4,86,3,8,101,0,38,38,139
09/24/2014,ADQ,AK,AAL,WE,Federal Contract Tower,4,13,0,1,18,0,79,3,16,98,4,92,3,17,116,0,60,60,176
09/25/2014,ADQ,AK,AAL,WE,Federal Contract Tower,3,11,0,2,16,0,50,12,21,83,3,61,12,23,99,2,25,27,126
09/26/2014,ADQ,AK,AAL,WE,Federal Contract Tower,6,11,0,1,18,0,46,8,12,66,6,57,8,13,84,0,16,16,100
09/27/2014,ADQ,AK,AAL,WE,Federal Contract Tower,4,11,0,2,17,0,26,1,0,27,4,37,1,2,44,0,0,0,44
09/28/2014,ADQ,AK,AAL,WE,Federal Contract Tower,4,11,0,0,15,0,25,1,4,30,4,36,1,4,45,0,0,0,45
09/29/2014,ADQ,AK,AAL,WE,Federal Contract Tower,4,9,0,1,14,0,67,4,4,75,4,76,4,5,89,0,10,10,99
09/30/2014,ADQ,AK,AAL,WE,Federal Contract Tower,4,12,0,0,16,0,65,0,18,83,4,77,0,18,99,0,22,22,121
10/01/2014,ADQ,AK,AAL,WE,Federal Contract Tower,4,12,0,2,18,0,67,5,17,89,4,79,5,19,107,0,30,30,137
10/02/2014,ADQ,AK,AAL,WE,Federal Contract Tower,4,13,0,5,22,0,15,0,10,25,4,28,0,15,47,0,28,28,75
10/03/2014,ADQ,AK,AAL,WE,Federal Contract Tower,4,11,1,2,18,0,66,5,8,79,4,77,6,10,97,0,25,25,122
10/04/2014,ADQ,AK,AAL,WE,Federal Contract Tower,4,11,0,0,15,0,36,5,4,45,4,47,5,4,60,0,0,0,60
10/05/2014,ADQ,AK,AAL,WE,Federal Contract Tower,2,12,0,1,15,0,32,0,1,33,2,44,0,2,48,2,0,2,50
10/06/2014,ADQ,AK,AAL,WE,Federal Contract Tower,4,10,0,0,14,0,91,2,23,116,4,101,2,23,130,0,6,6,136
10/07/2014,ADQ,AK,AAL,WE,Federal Contract Tower,4,8,3,0,15,0,73,5,8,86,4,81,8,8,101,0,69,69,170
10/08/2014,ADQ,AK,AAL,WE,Federal Contract Tower,4,12,0,1,17,0,74,3,5,82,4,86,3,6,99,8,4,12,111
10/09/2014,ADQ,AK,AAL,WE,Federal Contract Tower,0,15,0,0,15,0,0,0,1,1,0,15,0,1,16,0,0,0,16
10/10/2014,ADQ,AK,AAL,WE,Federal Contract Tower,4,8,0,3,15,0,65,0,7,72,4,73,0,10,87,0,46,46,133
10/11/2014,ADQ,AK,AAL,WE,Federal Contract Tower,4,8,0,0,12,0,56,4,6,66,4,64,4,6,78,0,0,0,78
10/12/2014,ADQ,AK,AAL,WE,Federal Contract Tower,2,6,0,2,10,0,13,0,1,14,2,19,0,3,24,0,0,0,24
10/13/2014,ADQ,AK,AAL,WE,Federal Contract Tower,3,11,0,1,15,0,47,4,4,55,3,58,4,5,70,0,26,26,96
10/14/2014,ADQ,AK,AAL,WE,Federal Contract Tower,4,14,0,0,18,0,44,2,12,58,4,58,2,12,76,0,27,27,103
10/15/2014,ADQ,AK,AAL,WE,Federal Contract Tower,4,14,0,1,19,0,48,1,12,61,4,62,1,13,80,0,20,20,100
10/16/2014,ADQ,AK,AAL,WE,Federal Contract Tower,4,10,2,3,19,0,53,2,13,68,4,63,4,16,87,2,0,2,89
10/17/2014,ADQ,AK,AAL,WE,Federal Contract Tower,4,13,0,3,20,0,44,1,11,56,4,57,1,14,76,0,18,18,94
10/18/2014,ADQ,AK,AAL,WE,Federal Contract Tower,4,8,0,2,14,0,46,2,3,51,4,54,2,5,65,0,0,0,65
10/19/2014,ADQ,AK,AAL,WE,Federal Contract Tower,4,14,1,1,20,0,24,3,4,31,4,38,4,5,51,5,0,5,56
10/20/2014,ADQ,AK,AAL,WE,Federal Contract Tower,4,11,1,2,18,0,43,2,20,65,4,54,3,22,83,0,46,46,129
10/21/2014,ADQ,AK,AAL,WE,Federal Contract Tower,4,9,0,1,14,0,64,2,11,77,4,73,2,12,91,0,46,46,137
10/22/2014,ADQ,AK,AAL,WE,Federal Contract Tower,4,9,0,1,14,0,63,2,17,82,4,72,2,18,96,0,19,19,115
10/23/2014,ADQ,AK,AAL,WE,Federal Contract Tower,4,10,0,1,15,0,53,1,5,59,4,63,1,6,74,0,8,8,82
10/24/2014,ADQ,AK,AAL,WE,Federal Contract Tower,3,12,0,3,18,0,51,2,9,62,3,63,2,12,80,0,4,4,84
10/25/2014,ADQ,AK,AAL,WE,Federal Contract Tower,4,10,0,1,15,0,51,5,4,60,4,61,5,5,75,4,5,9,84
10/26/2014,ADQ,AK,AAL,WE,Federal Contract Tower,4,7,0,1,12,0,27,4,1,32,4,34,4,2,44,4,0,4,48
10/27/2014,ADQ,AK,AAL,WE,Federal Contract Tower,4,13,0,2,19,0,48,3,9,60,4,61,3,11,79,0,4,4,83
10/28/2014,ADQ,AK,AAL,WE,Federal Contract Tower,4,13,1,4,22,0,40,0,10,50,4,53,1,14,72,0,22,22,94
10/29/2014,ADQ,AK,AAL,WE,Federal Contract Tower,5,12,3,3,23,0,40,1,12,53,5,52,4,15,76,0,13,13,89
10/30/2014,ADQ,AK,AAL,WE,Federal Contract Tower,4,8,1,3,16,0,66,3,13,82,4,74,4,16,98,7,16,23,121
10/31/2014,ADQ,AK,AAL,WE,Federal Contract Tower,4,16,0,4,24,0,11,0,2,13,4,27,0,6,37,0,0,0,37
11/01/2014,ADQ,AK,AAL,WE,Federal Contract Tower,2,13,3,1,19,0,49,6,7,62,2,62,9,8,81,0,0,0,81
11/02/2014,ADQ,AK,AAL,WE,Federal Contract Tower,4,7,0,3,14,0,21,2,1,24,4,28,2,4,38,0,10,10,48
11/03/2014,ADQ,AK,AAL,WE,Federal Contract Tower,4,10,0,2,16,0,71,7,16,94,4,81,7,18,110,0,46,46,156
11/04/2014,ADQ,AK,AAL,WE,Federal Contract Tower,4,14,0,0,18,0,58,6,16,80,4,72,6,16,98,0,1,1,99
11/05/2014,ADQ,AK,AAL,WE,Federal Contract Tower,4,11,0,3,18,0,48,1,13,62,4,59,1,16,80,0,82,82,162
11/06/2014,ADQ,AK,AAL,WE,Federal Contract Tower,4,8,2,1,15,0,45,3,11,59,4,53,5,12,74,0,16,16,90
11/07/2014,ADQ,AK,AAL,WE,Federal Contract Tower,4,10,1,2,17,0,29,3,11,43,4,39,4,13,60,0,30,30,90
11/08/2014,ADQ,AK,AAL,WE,Federal Contract Tower,4,5,0,0,9,0,48,3,5,56,4,53,3,5,65,0,2,2,67
11/09/2014,ADQ,AK,AAL,WE,Federal Contract Tower,4,9,5,0,18,0,0,0,0,0,4,9,5,0,18,0,0,0,18
11/10/2014,ADQ,AK,AAL,WE,Federal Contract Tower,4,11,2,1,18,0,45,0,14,59,4,56,2,15,77,0,46,46,123
11/11/2014,ADQ,AK,AAL,WE,Federal Contract Tower,1,6,0,1,8,0,0,0,0,0,1,6,0,1,8,0,0,0,8
11/12/2014,ADQ,AK,AAL,WE,Federal Contract Tower,0,10,0,1,11,0,0,0,0,0,0,10,0,1,11,0,0,0,11
11/13/2014,ADQ,AK,AAL,WE,Federal Contract Tower,2,32,0,6,40,0,26,0,3,29,2,58,0,9,69,0,0,0,69
11/14/2014,ADQ,AK,AAL,WE,Federal Contract Tower,6,12,0,5,23,0,3,0,0,3,6,15,0,5,26,0,0,0,26
11/15/2014,ADQ,AK,AAL,WE,Federal Contract Tower,6,14,0,1,21,0,26,0,3,29,6,40,0,4,50,0,16,16,66
11/16/2014,ADQ,AK,AAL,WE,Federal Contract Tower,4,21,0,2,27,0,4,0,0,4,4,25,0,2,31,0,0,0,31
11/17/2014,ADQ,AK,AAL,WE,Federal Contract Tower,4,11,0,4,19,0,53,1,10,64,4,64,1,14,83,0,0,0,83
11/18/2014,ADQ,AK,AAL,WE,Federal Contract Tower,4,12,0,5,21,0,13,1,9,23,4,25,1,14,44,0,24,24,68
11/19/2014,ADQ,AK,AAL,WE,Federal Contract Tower,3,11,0,4,18,0,67,2,14,83,3,78,2,18,101,0,45,45,146
11/20/2014,ADQ,AK,AAL,WE,Federal Contract Tower,2,3,0,0,5,0,0,0,5,5,2,3,0,5,10,0,0,0,10
11/21/2014,ADQ,AK,AAL,WE,Federal Contract Tower,4,19,0,3,26,0,71,2,14,87,4,90,2,17,113,6,22,28,141
11/22/2014,ADQ,AK,AAL,WE,Federal Contract Tower,4,7,0,2,13,0,53,5,0,58,4,60,5,2,71,6,2,8,79
11/23/2014,ADQ,AK,AAL,WE,Federal Contract Tower,4,6,0,1,11,0,33,0,0,33,4,39,0,1,44,0,0,0,44
11/24/2014,ADQ,AK,AAL,WE,Federal Contract Tower,4,9,2,3,18,0,48,5,22,75,4,57,7,25,93,4,0,4,97
11/25/2014,ADQ,AK,AAL,WE,Federal Contract Tower,4,9,0,4,17,0,47,0,27,74,4,56,0,31,91,0,66,66,157
11/26/2014,ADQ,AK,AAL,WE,Federal Contract Tower,2,14,0,3,19,0,64,6,15,85,2,78,6,18,104,0,48,48,152
11/27/2014,ADQ,AK,AAL,WE,Federal Contract Tower,0,0,0,0,0,0,2,0,0,2,0,2,0,0,2,0,0,0,2
11/28/2014,ADQ,AK,AAL,WE,Federal Contract Tower,0,14,1,2,17,0,42,3,7,52,0,56,4,9,69,2,18,20,89
11/29/2014,ADQ,AK,AAL,WE,Federal Contract Tower,4,8,0,0,12,0,40,13,6,59,4,48,13,6,71,0,11,11,82
11/30/2014,ADQ,AK,AAL,WE,Federal Contract Tower,4,7,0,2,13,0,42,5,2,49,4,49,5,4,62,4,26,30,92
12/01/2014,ADQ,AK,AAL,WE,Federal Contract Tower,6,13,0,2,21,0,33,0,13,46,6,46,0,15,67,0,80,80,147
12/02/2014,ADQ,AK,AAL,WE,Federal Contract Tower,4,9,0,1,14,0,40,0,14,54,4,49,0,15,68,0,32,32,100
12/03/2014,ADQ,AK,AAL,WE,Federal Contract Tower,2,16,0,3,21,0,36,0,23,59,2,52,0,26,80,0,44,44,124
12/04/2014,ADQ,AK,AAL,WE,Federal Contract Tower,4,14,1,5,24,0,23,1,16,40,4,37,2,21,64,0,5,5,69
12/05/2014,ADQ,AK,AAL,WE,Federal Contract Tower,4,16,0,5,25,0,26,0,0,26,4,42,0,5,51,0,0,0,51
12/06/2014,ADQ,AK,AAL,WE,Federal Contract Tower,4,12,0,2,18,0,15,0,1,16,4,27,0,3,34,0,0,0,34
12/07/2014,ADQ,AK,AAL,WE,Federal Contract Tower,2,0,0,0,2,0,0,0,1,1,2,0,0,1,3,0,4,4,7
12/08/2014,ADQ,AK,AAL,WE,Federal Contract Tower,12,8,1,4,25,0,24,0,15,39,12,32,1,19,64,0,10,10,74
12/09/2014,ADQ,AK,AAL,WE,Federal Contract Tower,4,9,1,4,18,0,38,1,18,57,4,47,2,22,75,0,16,16,91
12/10/2014,ADQ,AK,AAL,WE,Federal Contract Tower,2,14,0,3,19,0,47,10,24,81,2,61,10,27,100,0,22,22,122
12/11/2014,ADQ,AK,AAL,WE,Federal Contract Tower,4,13,1,2,20,0,39,4,15,58,4,52,5,17,78,0,117,117,195
12/12/2014,ADQ,AK,AAL,WE,Federal Contract Tower,4,15,0,0,19,0,40,4,8,52,4,55,4,8,71,4,8,12,83
12/13/2014,ADQ,AK,AAL,WE,Federal Contract Tower,4,9,0,2,15,0,20,1,2,23,4,29,1,4,38,0,18,18,56
12/14/2014,ADQ,AK,AAL,WE,Federal Contract Tower,4,8,0,4,16,0,8,0,2,10,4,16,0,6,26,0,5,5,31
12/15/2014,ADQ,AK,AAL,WE,Federal Contract Tower,3,11,0,1,15,1,40,0,24,65,4,51,0,25,80,2,22,24,104
12/16/2014,ADQ,AK,AAL,WE,Federal Contract Tower,4,9,0,1,14,0,36,2,17,55,4,45,2,18,69,0,44,44,113
12/17/2014,ADQ,AK,AAL,WE,Federal Contract Tower,2,13,0,3,18,0,50,8,15,73,2,63,8,18,91,18,18,36,127
12/18/2014,ADQ,AK,AAL,WE,Federal Contract Tower,4,15,0,1,20,0,13,0,6,19,4,28,0,7,39,0,0,0,39
12/19/2014,ADQ,AK,AAL,WE,Federal Contract Tower,4,12,0,0,16,0,31,0,0,31,4,43,0,0,47,0,0,0,47
12/20/2014,ADQ,AK,AAL,WE,Federal Contract Tower,4,10,0,2,16,0,38,0,4,42,4,48,0,6,58,0,0,0,58
12/21/2014,ADQ,AK,AAL,WE,Federal Contract Tower,4,6,0,0,10,0,16,2,6,24,4,22,2,6,34,0,0,0,34
12/22/2014,ADQ,AK,AAL,WE,Federal Contract Tower,4,12,0,4,20,0,38,7,12,57,4,50,7,16,77,0,0,0,77
12/23/2014,ADQ,AK,AAL,WE,Federal Contract Tower,4,11,0,0,15,0,41,2,5,48,4,52,2,5,63,0,10,10,73
12/24/2014,ADQ,AK,AAL,WE,Federal Contract Tower,2,12,0,1,15,0,22,1,5,28,2,34,1,6,43,0,0,0,43
12/25/2014,ADQ,AK,AAL,WE,Federal Contract Tower,0,2,0,0,2,0,0,0,0,0,0,2,0,0,2,0,0,0,2
12/26/2014,ADQ,AK,AAL,WE,Federal Contract Tower,4,12,2,0,18,0,45,12,6,63,4,57,14,6,81,4,0,4,85
12/27/2014,ADQ,AK,AAL,WE,Federal Contract Tower,4,6,0,0,10,0,37,4,2,43,4,43,4,2,53,5,0,5,58
12/28/2014,ADQ,AK,AAL,WE,Federal Contract Tower,4,4,0,0,8,0,0,0,0,0,4,4,0,0,8,0,0,0,8
12/29/2014,ADQ,AK,AAL,WE,Federal Contract Tower,0,10,1,0,11,0,0,0,0,0,0,10,1,0,11,0,0,0,11
12/30/2014,ADQ,AK,AAL,WE,Federal Contract Tower,6,16,0,1,23,0,29,0,5,34,6,45,0,6,57,0,32,32,89
12/31/2014,ADQ,AK,AAL,WE,Federal Contract Tower,0,10,0,1,11,0,39,8,7,54,0,49,8,8,65,6,2,8,73
01/01/2015,ADQ,AK,AAL,WE,Federal Contract Tower,0,0,1,0,1,0,0,0,0,0,0,0,1,0,1,6,0,6,7
01/02/2015,ADQ,AK,AAL,WE,Federal Contract Tower,4,12,1,2,19,0,43,3,7,53,4,55,4,9,72,2,8,10,82
01/03/2015,ADQ,AK,AAL,WE,Federal Contract Tower,4,11,0,1,16,0,31,2,1,34,4,42,2,2,50,0,0,0,50
01/04/2015,ADQ,AK,AAL,WE,Federal Contract Tower,4,10,0,0,14,0,20,7,1,28,4,30,7,1,42,8,0,8,50
01/05/2015,ADQ,AK,AAL,WE,Federal Contract Tower,6,11,1,3,21,0,38,1,11,50,6,49,2,14,71,0,57,57,128
01/06/2015,ADQ,AK,AAL,WE,Federal Contract Tower,5,21,0,1,27,0,16,0,0,16,5,37,0,1,43,0,0,0,43
01/07/2015,ADQ,AK,AAL,WE,Federal Contract Tower,4,19,0,4,27,0,13,0,7,20,4,32,0,11,47,0,16,16,63
01/08/2015,ADQ,AK,AAL,WE,Federal Contract Tower,4,7,0,7,18,0,2,0,0,2,4,9,0,7,20,0,0,0,20
01/09/2015,ADQ,AK,AAL,WE,Federal Contract Tower,4,17,0,4,25,0,42,2,9,53,4,59,2,13,78,0,18,18,96
01/10/2015,ADQ,AK,AAL,WE,Federal Contract Tower,2,7,1,2,12,0,6,4,0,10,2,13,5,2,22,0,0,0,22
01/11/2015,ADQ,AK,AAL,WE,Federal Contract Tower,4,14,0,2,20,0,13,0,0,13,4,27,0,2,33,0,0,0,33
01/12/2015,ADQ,AK,AAL,WE,Federal Contract Tower,0,2,0,0,2,0,0,0,0,0,0,2,0,0,2,0,0,0,2
01/13/2015,ADQ,AK,AAL,WE,Federal Contract Tower,3,19,0,6,28,0,6,0,12,18,3,25,0,18,46,0,52,52,98
01/14/2015,ADQ,AK,AAL,WE,Federal Contract Tower,4,6,0,1,11,0,0,0,0,0,4,6,0,1,11,0,0,0,11
01/15/2015,ADQ,AK,AAL,WE,Federal Contract Tower,4,17,0,5,26,0,28,1,9,38,4,45,1,14,64,0,34,34,98
01/16/2015,ADQ,AK,AAL,WE,Federal Contract Tower,4,15,2,3,24,0,38,2,10,50,4,53,4,13,74,0,0,0,74
01/17/2015,ADQ,AK,AAL,WE,Federal Contract Tower,4,5,0,1,10,0,40,4,5,49,4,45,4,6,59,35,0,35,94
01/18/2015,ADQ,AK,AAL,WE,Federal Contract Tower,4,7,0,1,12,0,13,4,1,18,4,20,4,2,30,13,0,13,43
01/19/2015,ADQ,AK,AAL,WE,Federal Contract Tower,4,14,0,2,20,0,22,2,0,24,4,36,2,2,44,0,0,0,44
01/20/2015,ADQ,AK,AAL,WE,Federal Contract Tower,4,13,0,5,22,0,36,3,11,50,4,49,3,16,72,5,121,126,198
01/21/2015,ADQ,AK,AAL,WE,Federal Contract Tower,4,10,0,2,16,0,36,18,19,73,4,46,18,21,89,30,4,34,123
01/22/2015,ADQ,AK,AAL,WE,Federal Contract Tower,4,13,0,8,25,0,15,0,12,27,4,28,0,20,52,0,48,48,100
01/23/2015,ADQ,AK,AAL,WE,Federal Contract Tower,4,14,0,5,23,0,22,3,9,34,4,36,3,14,57,4,126,130,187
01/24/2015,ADQ,AK,AAL,WE,Federal Contract Tower,4,12,0,0,16,0,59,1,5,65,4,71,1,5,81,0,0,0,81
01/25/2015,ADQ,AK,AAL,WE,Federal Contract Tower,4,9,0,0,13,0,28,1,5,34,4,37,1,5,47,4,0,4,51
01/26/2015,ADQ,AK,AAL,WE,Federal Contract Tower,4,14,0,4,22,0,30,0,7,37,4,44,0,11,59,0,16,16,75
01/27/2015,ADQ,AK,AAL,WE,Federal Contract Tower,4,12,0,5,21,0,25,3,14,42,4,37,3,19,63,0,64,64,127
01/28/2015,ADQ,AK,AAL,WE,Federal Contract Tower,4,15,0,2,21,0,6,0,8,14,4,21,0,10,35,0,83,83,118
01/29/2015,ADQ,AK,AAL,WE,Federal Contract Tower,4,14,0,2,20,0,34,4,23,61,4,48,4,25,81,2,32,34,115
01/30/2015,ADQ,AK,AAL,WE,Federal Contract Tower,2,16,0,6,24,0,38,4,13,55,2,54,4,19,79,0,4,4,83
01/31/2015,ADQ,AK,AAL,WE,Federal Contract Tower,4,8,0,2,14,0,6,0,3,9,4,14,0,5,23,0,26,26,49
02/01/2015,ADQ,AK,AAL,WE,Federal Contract Tower,4,9,0,0,13,0,14,2,0,16,4,23,2,0,29,0,0,0,29
02/02/2015,ADQ,AK,AAL,WE,Federal Contract Tower,4,10,0,1,15,0,29,8,16,53,4,39,8,17,68,6,114,120,188
02/03/2015,ADQ,AK,AAL,WE,Federal Contract Tower,4,13,0,1,18,0,48,2,5,55,4,61,2,6,73,0,4,4,77
02/04/2015,ADQ,AK,AAL,WE,Federal Contract Tower,2,12,2,6,22,0,48,2,10,60,2,60,4,16,82,0,10,10,92
02/05/2015,ADQ,AK,AAL,WE,Federal Contract Tower,4,10,0,1,15,0,26,2,10,38,4,36,2,11,53,0,22,22,75
02/06/2015,ADQ,AK,AAL,WE,Federal Contract Tower,4,9,2,1,16,0,27,0,14,41,4,36,2,15,57,0,44,44,101
02/07/2015,ADQ,AK,AAL,WE,Federal Contract Tower,4,4,0,1,9,0,11,1,0,12,4,15,1,1,21,0,0,0,21
02/08/2015,ADQ,AK,AAL,WE,Federal Contract Tower,2,7,0,3,12,0,3,0,5,8,2,10,0,8,20,0,0,0,20
02/09/2015,ADQ,AK,AAL,WE,Federal Contract Tower,3,11,0,2,16,0,12,0,1,13,3,23,0,3,29,0,0,0,29
02/10/2015,ADQ,AK,AAL,WE,Federal Contract Tower,3,2,0,0,5,0,0,0,0,0,3,2,0,0,5,0,0,0,5
02/11/2015,ADQ,AK,AAL,WE,Federal Contract Tower,2,22,0,4,28,0,40,0,11,51,2,62,0,15,79,0,2,2,81
02/12/2015,ADQ,AK,AAL,WE,Federal Contract Tower,4,11,0,4,19,0,37,5,13,55,4,48,5,17,74,0,0,0,74
02/13/2015,ADQ,AK,AAL,WE,Federal Contract Tower,4,11,0,4,19,0,55,3,4,62,4,66,3,8,81,14,0,14,95
02/14/2015,ADQ,AK,AAL,WE,Federal Contract Tower,4,8,0,2,14,0,41,3,3,47,4,49,3,5,61,0,0,0,61
02/15/2015,ADQ,AK,AAL,WE,Federal Contract Tower,2,4,0,0,6,0,0,0,0,0,2,4,0,0,6,0,0,0,6
02/16/2015,ADQ,AK,AAL,WE,Federal Contract Tower,4,14,1,2,21,0,10,0,7,17,4,24,1,9,38,0,2,2,40
02/17/2015,ADQ,AK,AAL,WE,Federal Contract Tower,4,18,0,2,24,0,35,2,20,57,4,53,2,22,81,4,60,64,145
02/18/2015,ADQ,AK,AAL,WE,Federal Contract Tower,2,12,2,2,18,0,46,9,8,63,2,58,11,10,81,0,0,0,81
02/19/2015,ADQ,AK,AAL,WE,Federal Contract Tower,4,10,2,4,20,0,41,9,17,67,4,51,11,21,87,0,46,46,133
02/20/2015,ADQ,AK,AAL,WE,Federal Contract Tower,4,7,0,1,12,0,1,0,5,6,4,8,0,6,18,0,32,32,50
02/21/2015,ADQ,AK,AAL,WE,Federal Contract Tower,4,6,0,0,10,0,0,0,0,0,4,6,0,0,10,0,0,0,10
02/22/2015,ADQ,AK,AAL,WE,Federal Contract Tower,4,13,0,2,19,0,12,0,5,17,4,25,0,7,36,0,2,2,38
02/23/2015,ADQ,AK,AAL,WE,Federal Contract Tower,4,10,0,1,15,0,40,12,10,62,4,50,12,11,77,0,26,26,103
02/24/2015,ADQ,AK,AAL,WE,Federal Contract Tower,4,12,2,9,27,0,30,4,11,45,4,42,6,20,72,0,40,40,112
02/25/2015,ADQ,AK,AAL,WE,Federal Contract Tower,2,14,0,3,19,0,39,3,6,48,2,53,3,9,67,0,9,9,76
02/26/2015,ADQ,AK,AAL,WE,Federal Contract Tower,2,9,1,1,13,0,50,7,9,66,2,59,8,10,79,0,0,0,79
02/27/2015,ADQ,AK,AAL,WE,Federal Contract Tower,6,11,0,1,18,0,29,5,17,51,6,40,5,18,69,0,32,32,101
02/28/2015,ADQ,AK,AAL,WE,Federal Contract Tower,5,11,1,2,19,0,19,1,2,22,5,30,2,4,41,0,0,0,41
03/01/2015,ADQ,AK,AAL,WE,Federal Contract Tower,4,16,0,2,22,0,11,6,2,19,4,27,6,4,41,0,22,22,63
03/02/2015,ADQ,AK,AAL,WE,Federal Contract Tower,4,4,0,0,8,0,0,0,0,0,4,4,0,0,8,0,0,0,8
03/03/2015,ADQ,AK,AAL,WE,Federal Contract Tower,4,11,0,3,18,0,57,7,23,87,4,68,7,26,105,0,110,110,215
03/04/2015,ADQ,AK,AAL,WE,Federal Contract Tower,2,15,0,8,25,0,33,1,17,51,2,48,1,25,76,0,0,0,76
03/05/2015,ADQ,AK,AAL,WE,Federal Contract Tower,4,14,0,3,21,0,40,2,28,70,4,54,2,31,91,0,30,30,121
03/06/2015,ADQ,AK,AAL,WE,Federal Contract Tower,6,12,0,2,20,0,31,6,10,47,6,43,6,12,67,0,4,4,71
03/07/2015,ADQ,AK,AAL,WE,Federal Contract Tower,4,8,0,1,13,0,27,2,5,34,4,35,2,6,47,6,34,40,87
03/08/2015,ADQ,AK,AAL,WE,Federal Contract Tower,4,8,0,0,12,0,8,1,4,13,4,16,1,4,25,0,18,18,43
03/09/2015,ADQ,AK,AAL,WE,Federal Contract Tower,4,14,1,1,20,0,41,0,13,54,4,55,1,14,74,0,8,8,82
03/10/2015,ADQ,AK,AAL,WE,Federal Contract Tower,4,11,2,1,18,0,40,0,1,41,4,51,2,2,59,4,0,4,63
03/11/2015,ADQ,AK,AAL,WE,Federal Contract Tower,2,12,0,1,15,0,50,4,18,72,2,62,4,19,87,0,71,71,158
03/12/2015,ADQ,AK,AAL,WE,Federal Contract Tower,2,7,0,2,11,0,31,1,7,39,2,38,1,9,50,0,0,0,50
03/13/2015,ADQ,AK,AAL,WE,Federal Contract Tower,6,11,1,0,18,0,12,0,8,20,6,23,1,8,38,0,34,34,72
03/14/2015,ADQ,AK,AAL,WE,Federal Contract Tower,4,4,1,0,9,0,43,4,8,55,4,47,5,8,64,0,4,4,68
03/15/2015,ADQ,AK,AAL,WE,Federal Contract Tower,4,4,0,2,10,0,0,0,0,0,4,4,0,2,10,0,0,0,10
03/16/2015,ADQ,AK,AAL,WE,Federal Contract Tower,4,12,0,2,18,0,48,4,16,68,4,60,4,18,86,22,45,67,153
03/17/2015,ADQ,AK,AAL,WE,Federal Contract Tower,4,10,0,9,23,0,29,1,11,41,4,39,1,20,64,0,0,0,64
03/18/2015,ADQ,AK,AAL,WE,Federal Contract Tower,2,11,0,3,16,0,32,0,5,37,2,43,0,8,53,0,0,0,53
03/19/2015,ADQ,AK,AAL,WE,Federal Contract Tower,4,14,0,7,25,0,25,2,11,38,4,39,2,18,63,0,10,10,73
03/20/2015,ADQ,AK,AAL,WE,Federal Contract Tower,4,9,0,2,15,0,41,0,0,41,4,50,0,2,56,0,0,0,56
03/21/2015,ADQ,AK,AAL,WE,Federal Contract Tower,4,6,0,1,11,0,41,8,4,53,4,47,8,5,64,0,0,0,64
03/22/2015,ADQ,AK,AAL,WE,Federal Contract Tower,4,8,0,3,15,0,11,0,3,14,4,19,0,6,29,0,0,0,29
03/23/2015,ADQ,AK,AAL,WE,Federal Contract Tower,4,11,0,4,19,0,56,0,17,73,4,67,0,21,92,0,8,8,100
03/24/2015,ADQ,AK,AAL,WE,Federal Contract Tower,4,14,0,3,21,0,30,0,19,49,4,44,0,22,70,0,34,34,104
03/25/2015,ADQ,AK,AAL,WE,Federal Contract Tower,2,4,0,0,6,0,0,0,0,0,2,4,0,0,6,0,0,0,6
03/26/2015,ADQ,AK,AAL,WE,Federal Contract Tower,4,24,0,5,33,0,32,3,13,48,4,56,3,18,81,8,12,20,101
03/27/2015,ADQ,AK,AAL,WE,Federal Contract Tower,4,13,0,1,18,0,38,2,26,66,4,51,2,27,84,0,70,70,154
03/28/2015,ADQ,AK,AAL,WE,Federal Contract Tower,4,14,0,0,18,0,0,0,0,0,4,14,0,0,18,0,0,0,18
03/29/2015,ADQ,AK,AAL,WE,Federal Contract Tower,4,9,0,2,15,0,18,0,2,20,4,27,0,4,35,0,30,30,65
03/30/2015,ADQ,AK,AAL,WE,Federal Contract Tower,4,10,0,1,15,0,31,7,13,51,4,41,7,14,66,2,27,29,95
03/31/2015,ADQ,AK,AAL,WE,Federal Contract Tower,4,10,0,1,15,0,38,5,19,62,4,48,5,20,77,2,16,18,95
04/01/2015,ADQ,AK,AAL,WE,Federal Contract Tower,1,14,0,5,20,1,30,2,18,51,2,44,2,23,71,0,42,42,113
04/02/2015,ADQ,AK,AAL,WE,Federal Contract Tower,4,11,0,1,16,0,28,0,22,50,4,39,0,23,66,0,90,90,156
04/03/2015,ADQ,AK,AAL,WE,Federal Contract Tower,4,10,1,0,15,0,47,11,22,80,4,57,12,22,95,0,85,85,180
04/04/2015,ADQ,AK,AAL,WE,Federal Contract Tower,4,6,0,1,11,0,41,3,3,47,4,47,3,4,58,0,14,14,72
04/05/2015,ADQ,AK,AAL,WE,Federal Contract Tower,4,11,0,0,15,0,3,7,7,17,4,14,7,7,32,0,20,20,52
04/06/2015,ADQ,AK,AAL,WE,Federal Contract Tower,4,10,1,2,17,0,38,1,7,46,4,48,2,9,63,0,72,72,135
04/07/2015,ADQ,AK,AAL,WE,Federal Contract Tower,4,12,3,3,22,0,31,2,17,50,4,43,5,20,72,0,122,122,194
04/08/2015,ADQ,AK,AAL,WE,Federal Contract Tower,4,11,2,3,20,0,62,3,11,76,4,73,5,14,96,0,64,64,160
04/09/2015,ADQ,AK,AAL,WE,Federal Contract Tower,4,11,0,1,16,0,33,0,20,53,4,44,0,21,69,4,52,56,125
04/10/2015,ADQ,AK,AAL,WE,Federal Contract Tower,5,15,0,1,21,0,18,3,20,41,5,33,3,21,62,0,55,55,117
04/11/2015,ADQ,AK,AAL,WE,Federal Contract Tower,4,11,0,0,15,0,31,8,10,49,4,42,8,10,64,16,12,28,92
04/12/2015,ADQ,AK,AAL,WE,Federal Contract Tower,4,11,0,0,15,0,32,4,7,43,4,43,4,7,58,0,14,14,72
04/13/2015,ADQ,AK,AAL,WE,Federal Contract Tower,4,12,1,1,18,0,37,14,16,67,4,49,15,17,85,4,16,20,105
04/14/2015,ADQ,AK,AAL,WE,Federal Contract Tower,2,10,0,7,19,0,4,0,1,5,2,14,0,8,24,0,0,0,24
04/15/2015,ADQ,AK,AAL,WE,Federal Contract Tower,2,16,0,4,22,0,63,17,6,86,2,79,17,10,108,0,16,16,124
04/16/2015,ADQ,AK,AAL,WE,Federal Contract Tower,4,14,0,5,23,0,40,4,5,49,4,54,4,10,72,0,8,8,80
04/17/2015,ADQ,AK,AAL,WE,Federal Contract Tower,4,5,0,0,9,21,4,5,0,30,25,9,5,0,39,0,0,0,39
04/18/2015,ADQ,AK,AAL,WE,Federal Contract Tower,4,7,0,1,12,0,41,1,4,46,4,48,1,5,58,0,0,0,58
04/19/2015,ADQ,AK,AAL,WE,Federal Contract Tower,4,8,0,1,13,0,21,1,3,25,4,29,1,4,38,0,0,0,38
04/20/2015,ADQ,AK,AAL,WE,Federal Contract Tower,4,10,1,0,15,0,55,8,16,79,4,65,9,16,94,0,26,26,120
04/21/2015,ADQ,AK,AAL,WE,Federal Contract Tower,4,14,1,2,21,0,26,5,13,44,4,40,6,15,65,10,0,10,75
04/22/2015,ADQ,AK,AAL,WE,Federal Contract Tower,2,14,0,0,16,0,27,0,15,42,2,41,0,15,58,0,2,2,60
04/23/2015,ADQ,AK,AAL,WE,Federal Contract Tower,4,16,0,3,23,0,69,10,13,92,4,85,10,16,115,0,38,38,153
04/24/2015,ADQ,AK,AAL,WE,Federal Contract Tower,4,14,0,0,18,0,62,5,13,80,4,76,5,13,98,0,32,32,130
04/25/2015,ADQ,AK,AAL,WE,Federal Contract Tower,4,6,0,2,12,0,35,6,3,44,4,41,6,5,56,0,0,0,56
04/26/2015,ADQ,AK,AAL,WE,Federal Contract Tower,4,9,0,0,13,0,26,0,4,30,4,35,0,4,43,6,0,6,49
04/27/2015,ADQ,AK,AAL,WE,Federal Contract Tower,4,9,1,2,16,0,70,6,9,85,4,79,7,11,101,8,0,8,109
04/28/2015,ADQ,AK,AAL,WE,Federal Contract Tower,4,13,0,2,19,0,67,26,26,119,4,80,26,28,138,4,38,42,180
04/29/2015,ADQ,AK,AAL,WE,Federal Contract Tower,4,11,2,5,22,0,59,9,16,84,4,70,11,21,106,12,2,14,120
04/30/2015,ADQ,AK,AAL,WE,Federal Contract Tower,4,12,3,4,23,0,36,5,11,52,4,48,8,15,75,0,28,28,103
05/01/2015,ADQ,AK,AAL,WE,Federal Contract Tower,4,14,0,1,19,0,64,8,13,85,4,78,8,14,104,14,8,22,126
05/02/2015,ADQ,AK,AAL,WE,Federal Contract Tower,4,8,0,1,13,0,48,5,3,56,4,56,5,4,69,0,0,0,69
05/03/2015,ADQ,AK,AAL,WE,Federal Contract Tower,4,11,0,0,15,0,29,4,4,37,4,40,4,4,52,0,0,0,52
05/04/2015,ADQ,AK,AAL,WE,Federal Contract Tower,3,15,2,0,20,1,68,5,18,92,4,83,7,18,112,7,8,15,127
05/05/2015,ADQ,AK,AAL,WE,Federal Contract Tower,4,17,0,6,27,0,57,2,7,66,4,74,2,13,93,0,17,17,110
05/06/2015,ADQ,AK,AAL,WE,Federal Contract Tower,5,10,0,0,15,0,0,0,0,0,5,10,0,0,15,0,0,0,15
05/07/2015,ADQ,AK,AAL,WE,Federal Contract Tower,4,15,0,5,24,0,76,10,16,102,4,91,10,21,126,0,24,24,150
05/08/2015,ADQ,AK,AAL,WE,Federal Contract Tower,3,13,1,5,22,1,57,2,14,74,4,70,3,19,96,0,10,10,106
05/09/2015,ADQ,AK,AAL,WE,Federal Contract Tower,4,7,0,2,13,0,40,6,1,47,4,47,6,3,60,0,0,0,60
05/10/2015,ADQ,AK,AAL,WE,Federal Contract Tower,4,10,0,1,15,0,22,2,1,25,4,32,2,2,40,12,0,12,52
05/11/2015,ADQ,AK,AAL,WE,Federal Contract Tower,4,11,1,0,16,0,58,2,15,75,4,69,3,15,91,8,26,34,125
05/12/2015,ADQ,AK,AAL,WE,Federal Contract Tower,3,7,0,0,10,0,63,4,4,71,3,70,4,4,81,2,6,8,89
05/13/2015,ADQ,AK,AAL,WE,Federal Contract Tower,4,14,0,2,20,0,45,2,15,62,4,59,2,17,82,20,2,22,104
05/14/2015,ADQ,AK,AAL,WE,Federal Contract Tower,4,17,2,7,30,0,0,0,0,0,4,17,2,7,30,0,0,0,30
05/15/2015,ADQ,AK,AAL,WE,Federal Contract Tower,4,9,0,2,15,0,53,0,5,58,4,62,0,7,73,8,4,12,85
05/16/2015,ADQ,AK,AAL,WE,Federal Contract Tower,4,6,0,1,11,0,53,13,4,70,4,59,13,5,81,6,26,32,113
05/17/2015,ADQ,AK,AAL,WE,Federal Contract Tower,4,9,0,2,15,0,14,0,3,17,4,23,0,5,32,0,0,0,32
05/18/2015,ADQ,AK,AAL,WE,Federal Contract Tower,4,10,1,3,18,0,63,7,12,82,4,73,8,15,100,20,44,64,164
05/19/2015,ADQ,AK,AAL,WE,Federal Contract Tower,4,29,2,8,43,0,25,7,12,44,4,54,9,20,87,0,0,0,87
05/20/2015,ADQ,AK,AAL,WE,Federal Contract Tower,4,26,0,5,35,0,28,1,13,42,4,54,1,18,77,0,0,0,77
05/21/2015,ADQ,AK,AAL,WE,Federal Contract Tower,4,17,0,3,24,0,57,10,16,83,4,74,10,19,107,4,0,4,111
05/22/2015,ADQ,AK,AAL,WE,Federal Contract Tower,4,17,0,0,21,0,19,2,2,23,4,36,2,2,44,0,0,0,44
05/23/2015,ADQ,AK,AAL,WE,Federal Contract Tower,4,8,0,2,14,0,63,9,7,79,4,71,9,9,93,0,0,0,93
05/24/2015,ADQ,AK,AAL,WE,Federal Contract Tower,4,8,0,3,15,0,23,3,6,32,4,31,3,9,47,0,0,0,47
05/25/2015,ADQ,AK,AAL,WE,Federal Contract Tower,4,8,0,1,13,0,53,13,1,67,4,61,13,2,80,10,0,10,90
05/26/2015,ADQ,AK,AAL,WE,Federal Contract Tower,3,10,0,3,16,0,47,8,22,77,3,57,8,25,93,15,36,51,144
05/27/2015,ADQ,AK,AAL,WE,Federal Contract Tower,4,10,0,2,16,0,63,6,16,85,4,73,6,18,101,0,23,23,124
05/28/2015,ADQ,AK,AAL,WE,Federal Contract Tower,4,10,1,1,16,0,55,5,25,85,4,65,6,26,101,0,0,0,101
05/29/2015,ADQ,AK,AAL,WE,Federal Contract Tower,4,11,0,1,16,0,61,5,12,78,4,72,5,13,94,16,4,20,114
05/30/2015,ADQ,AK,AAL,WE,Federal Contract Tower,4,6,1,0,11,0,45,10,8,63,4,51,11,8,74,0,12,12,86
05/31/2015,ADQ,AK,AAL,WE,Federal Contract Tower,3,7,0,0,10,0,44,17,4,65,3,51,17,4,75,0,8,8,83
06/01/2015,ADQ,AK,AAL,WE,Federal Contract Tower,4,9,2,1,16,1,73,8,14,96,5,82,10,15,112,4,2,6,118
06/02/2015,ADQ,AK,AAL,WE,Federal Contract Tower,4,11,1,1,17,0,62,11,5,78,4,73,12,6,95,0,0,0,95
06/03/2015,ADQ,AK,AAL,WE,Federal Contract Tower,2,11,1,3,17,1,44,10,12,67,3,55,11,15,84,0,0,0,84
06/04/2015,ADQ,AK,AAL,WE,Federal Contract Tower,4,17,0,6,27,0,43,0,12,55,4,60,0,18,82,0,20,20,102
06/05/2015,ADQ,AK,AAL,WE,Federal Contract Tower,4,10,0,3,17,0,67,2,5,74,4,77,2,8,91,0,0,0,91
06/06/2015,ADQ,AK,AAL,WE,Federal Contract Tower,4,7,2,2,15,0,48,2,5,55,4,55,4,7,70,0,0,0,70
06/07/2015,ADQ,AK,AAL,WE,Federal Contract Tower,3,10,0,0,13,1,44,3,4,52,4,54,3,4,65,0,4,4,69
06/08/2015,ADQ,AK,AAL,WE,Federal Contract Tower,3,12,0,2,17,1,47,0,11,59,4,59,0,13,76,0,12,12,88
06/09/2015,ADQ,AK,AAL,WE,Federal Contract Tower,4,11,1,1,17,0,57,4,10,71,4,68,5,11,88,10,18,28,116
06/10/2015,ADQ,AK,AAL,WE,Federal Contract Tower,3,9,0,3,15,1,66,6,7,80,4,75,6,10,95,0,0,0,95
06/11/2015,ADQ,AK,AAL,WE,Federal Contract Tower,4,9,1,4,18,0,65,9,13,87,4,74,10,17,105,0,18,18,123
06/12/2015,ADQ,AK,AAL,WE,Federal Contract Tower,4,12,2,2,20,0,64,10,11,85,4,76,12,13,105,0,0,0,105
06/13/2015,ADQ,AK,AAL,WE,Federal Contract Tower,2,9,0,0,11,0,48,9,4,61,2,57,9,4,72,2,0,2,74
06/14/2015,ADQ,AK,AAL,WE,Federal Contract Tower,3,10,1,2,16,1,41,16,2,60,4,51,17,4,76,0,0,0,76
06/15/2015,ADQ,AK,AAL,WE,Federal Contract Tower,4,13,2,0,19,0,58,5,16,79,4,71,7,16,98,12,36,48,146
06/16/2015,ADQ,AK,AAL,WE,Federal Contract Tower,4,14,0,2,20,0,61,6,13,80,4,75,6,15,100,0,14,14,114
06/17/2015,ADQ,AK,AAL,WE,Federal Contract Tower,3,37,0,3,43,0,4,0,0,4,3,41,0,3,47,0,0,0,47
06/18/2015,ADQ,AK,AAL,WE,Federal Contract Tower,4,13,0,0,17,0,66,6,25,97,4,79,6,25,114,18,0,18,132
06/19/2015,ADQ,AK,AAL,WE,Federal Contract Tower,6,25,3,5,39,0,30,3,6,39,6,55,6,11,78,0,0,0,78
06/20/2015,ADQ,AK,AAL,WE,Federal Contract Tower,6,10,5,2,23,0,52,6,3,61,6,62,11,5,84,0,0,0,84
06/21/2015,ADQ,AK,AAL,WE,Federal Contract Tower,8,11,1,0,20,0,40,6,1,47,8,51,7,1,67,16,2,18,85
06/22/2015,ADQ,AK,AAL,WE,Federal Contract Tower,8,8,2,1,19,0,56,4,13,73,8,64,6,14,92,0,22,22,114
06/23/2015,ADQ,AK,AAL,WE,Federal Contract Tower,6,11,6,5,28,0,46,5,17,68,6,57,11,22,96,0,0,0,96
06/24/2015,ADQ,AK,AAL,WE,Federal Contract Tower,3,14,1,2,20,1,62,7,13,83,4,76,8,15,103,0,0,0,103
06/25/2015,ADQ,AK,AAL,WE,Federal Contract Tower,5,18,1,6,30,0,0,0,0,0,5,18,1,6,30,0,0,0,30
06/26/2015,ADQ,AK,AAL,WE,Federal Contract Tower,4,10,5,1,20,0,85,5,8,98,4,95,10,9,118,12,0,12,130
06/27/2015,ADQ,AK,AAL,WE,Federal Contract Tower,2,11,0,6,19,0,34,2,5,41,2,45,2,11,60,0,0,0,60
06/28/2015,ADQ,AK,AAL,WE,Federal Contract Tower,6,11,0,2,19,0,27,4,3,34,6,38,4,5,53,0,0,0,53
06/29/2015,ADQ,AK,AAL,WE,Federal Contract Tower,4,19,0,2,25,0,37,5,3,45,4,56,5,5,70,8,14,22,92
06/30/2015,ADQ,AK,AAL,WE,Federal Contract Tower,6,16,0,2,24,0,46,1,14,61,6,62,1,16,85,14,8,22,107
07/01/2015,ADQ,AK,AAL,WE,Federal Contract Tower,3,13,0,2,18,1,74,2,10,87,4,87,2,12,105,8,0,8,113
07/02/2015,ADQ,AK,AAL,WE,Federal Contract Tower,4,9,0,1,14,0,97,4,12,113,4,106,4,13,127,10,20,30,157
07/03/2015,ADQ,AK,AAL,WE,Federal Contract Tower,3,9,0,0,12,1,79,8,6,94,4,88,8,6,106,8,0,8,114
07/04/2015,ADQ,AK,AAL,WE,Federal Contract Tower,2,7,0,0,9,0,6,0,1,7,2,13,0,1,16,0,0,0,16
07/05/2015,ADQ,AK,AAL,WE,Federal Contract Tower,3,8,0,3,14,0,0,0,0,0,3,8,0,3,14,0,0,0,14
07/06/2015,ADQ,AK,AAL,WE,Federal Contract Tower,6,8,3,0,17,0,8,0,0,8,6,16,3,0,25,0,0,0,25
07/07/2015,ADQ,AK,AAL,WE,Federal Contract Tower,4,15,2,1,22,0,88,11,13,112,4,103,13,14,134,0,0,0,134
07/08/2015,ADQ,AK,AAL,WE,Federal Contract Tower,4,22,1,2,29,0,65,6,16,87,4,87,7,18,116,0,22,22,138
07/09/2015,ADQ,AK,AAL,WE,Federal Contract Tower,4,15,3,4,26,0,48,3,14,65,4,63,6,18,91,0,0,0,91
07/10/2015,ADQ,AK,AAL,WE,Federal Contract Tower,3,11,2,2,18,1,60,2,12,75,4,71,4,14,93,0,0,0,93
07/11/2015,ADQ,AK,AAL,WE,Federal Contract Tower,2,8,0,1,11,0,60,15,3,78,2,68,15,4,89,4,2,6,95
07/12/2015,ADQ,AK,AAL,WE,Federal Contract Tower,4,10,0,1,15,0,39,8,5,52,4,49,8,6,67,0,0,0,67
07/13/2015,ADQ,AK,AAL,WE,Federal Contract Tower,3,12,1,4,20,1,61,2,19,83,4,73,3,23,103,0,16,16,119
07/14/2015,ADQ,AK,AAL,WE,Federal Contract Tower,4,8,1,6,19,0,52,6,14,72,4,60,7,20,91,0,0,0,91
07/15/2015,ADQ,AK,AAL,WE,Federal Contract Tower,4,13,2,6,25,0,70,5,10,85,4,83,7,16,110,0,0,0,110
07/16/2015,ADQ,AK,AAL,WE,Federal Contract Tower,4,10,0,3,17,0,21,1,4,26,4,31,1,7,43,0,0,0,43
07/17/2015,ADQ,AK,AAL,WE,Federal Contract Tower,2,12,0,1,15,1,80,0,17,98,3,92,0,18,113,0,34,34,147
07/18/2015,ADQ,AK,AAL,WE,Federal Contract Tower,2,7,2,0,11,0,61,6,6,73,2,68,8,6,84,2,28,30,114
07/19/2015,ADQ,AK,AAL,WE,Federal Contract Tower,4,6,0,2,12,0,47,9,4,60,4,53,9,6,72,2,0,2,74
07/20/2015,ADQ,AK,AAL,WE,Federal Contract Tower,4,11,1,1,17,0,82,9,9,100,4,93,10,10,117,0,0,0,117
07/21/2015,ADQ,AK,AAL,WE,Federal Contract Tower,4,10,2,1,17,0,51,6,16,73,4,61,8,17,90,0,0,0,90
07/22/2015,ADQ,AK,AAL,WE,Federal Contract Tower,4,11,1,3,19,0,75,2,13,90,4,86,3,16,109,0,27,27,136
07/23/2015,ADQ,AK,AAL,WE,Federal Contract Tower,3,8,0,5,16,1,71,0,21,93,4,79,0,26,109,0,28,28,137
07/24/2015,ADQ,AK,AAL,WE,Federal Contract Tower,4,11,2,0,17,109,13,9,0,131,113,24,11,0,148,0,4,4,152
07/25/2015,ADQ,AK,AAL,WE,Federal Contract Tower,2,8,1,1,12,0,59,16,3,78,2,67,17,4,90,0,0,0,90
07/26/2015,ADQ,AK,AAL,WE,Federal Contract Tower,4,8,0,2,14,0,47,3,4,54,4,55,3,6,68,0,17,17,85
07/27/2015,ADQ,AK,AAL,WE,Federal Contract Tower,3,16,0,2,21,1,43,3,12,59,4,59,3,14,80,0,0,0,80
07/28/2015,ADQ,AK,AAL,WE,Federal Contract Tower,6,12,0,1,19,0,69,13,16,98,6,81,13,17,117,0,16,16,133
07/29/2015,ADQ,AK,AAL,WE,Federal Contract Tower,4,15,3,2,24,0,59,1,18,78,4,74,4,20,102,8,0,8,110
07/30/2015,ADQ,AK,AAL,WE,Federal Contract Tower,4,19,1,4,28,0,59,7,10,76,4,78,8,14,104,14,0,14,118
07/31/2015,ADQ,AK,AAL,WE,Federal Contract Tower,4,9,0,1,14,0,86,9,12,107,4,95,9,13,121,0,0,0,121
08/01/2015,ADQ,AK,AAL,WE,Federal Contract Tower,2,7,0,0,9,0,67,9,6,82,2,74,9,6,91,0,10,10,101
08/02/2015,ADQ,AK,AAL,WE,Federal Contract Tower,4,7,0,0,11,0,51,10,5,66,4,58,10,5,77,14,14,28,105
08/03/2015,ADQ,AK,AAL,WE,Federal Contract Tower,4,8,4,2,18,0,75,5,16,96,4,83,9,18,114,0,54,54,168
08/04/2015,ADQ,AK,AAL,WE,Federal Contract Tower,2,17,0,1,20,0,47,3,0,50,2,64,3,1,70,22,0,22,92
08/05/2015,ADQ,AK,AAL,WE,Federal Contract Tower,4,27,2,5,38,0,42,2,5,49,4,69,4,10,87,0,0,0,87
08/06/2015,ADQ,AK,AAL,WE,Federal Contract Tower,4,10,0,1,15,0,72,12,27,111,4,82,12,28,126,14,35,49,175
08/07/2015,ADQ,AK,AAL,WE,Federal Contract Tower,4,10,2,0,16,0,88,15,19,122,4,98,17,19,138,24,0,24,162
08/08/2015,ADQ,AK,AAL,WE,Federal Contract Tower,2,10,0,2,14,0,52,1,8,61,2,62,1,10,75,10,0,10,85
08/09/2015,ADQ,AK,AAL,WE,Federal Contract Tower,4,10,0,1,15,0,48,2,7,57,4,58,2,8,72,4,8,12,84
08/10/2015,ADQ,AK,AAL,WE,Federal Contract Tower,6,8,2,1,17,0,74,2,14,90,6,82,4,15,107,0,22,22,129
08/11/2015,ADQ,AK,AAL,WE,Federal Contract Tower,4,12,4,3,23,0,73,13,13,99,4,85,17,16,122,16,0,16,138
08/12/2015,ADQ,AK,AAL,WE,Federal Contract Tower,4,8,2,3,17,0,68,12,21,101,4,76,14,24,118,12,6,18,136
08/13/2015,ADQ,AK,AAL,WE,Federal Contract Tower,3,8,0,1,12,0,62,16,22,100,3,70,16,23,112,0,0,0,112
08/14/2015,ADQ,AK,AAL,WE,Federal Contract Tower,4,10,0,2,16,0,61,10,6,77,4,71,10,8,93,0,12,12,105
08/15/2015,ADQ,AK,AAL,WE,Federal Contract Tower,3,16,5,6,30,0,23,2,2,27,3,39,7,8,57,0,0,0,57
08/16/2015,ADQ,AK,AAL,WE,Federal Contract Tower,4,9,0,3,16,0,61,9,3,73,4,70,9,6,89,0,20,20,109
08/17/2015,ADQ,AK,AAL,WE,Federal Contract Tower,5,13,1,7,26,0,31,0,12,43,5,44,1,19,69,0,50,50,119
08/18/2015,ADQ,AK,AAL,WE,Federal Contract Tower,4,9,0,1,14,0,68,1,23,92,4,77,1,24,106,0,4,4,110
08/19/2015,ADQ,AK,AAL,WE,Federal Contract Tower,4,10,3,3,20,0,73,13,20,106,4,83,16,23,126,10,36,46,172
08/20/2015,ADQ,AK,AAL,WE,Federal Contract Tower,4,11,2,4,21,0,57,7,17,81,4,68,9,21,102,0,24,24,126
08/21/2015,ADQ,AK,AAL,WE,Federal Contract Tower,4,11,2,2,19,0,59,4,8,71,4,70,6,10,90,0,20,20,110
08/22/2015,ADQ,AK,AAL,WE,Federal Contract Tower,2,11,2,2,17,0,39,4,4,47,2,50,6,6,64,0,0,0,64
08/23/2015,ADQ,AK,AAL,WE,Federal Contract Tower,4,7,2,0,13,0,51,5,3,59,4,58,7,3,72,0,6,6,78
08/24/2015,ADQ,AK,AAL,WE,Federal Contract Tower,4,12,0,3,19,0,70,9,12,91,4,82,9,15,110,16,0,16,126
08/25/2015,ADQ,AK,AAL,WE,Federal Contract Tower,4,10,4,1,19,0,51,9,26,86,4,61,13,27,105,14,36,50,155
08/26/2015,ADQ,AK,AAL,WE,Federal Contract Tower,4,9,1,2,16,0,54,8,10,72,4,63,9,12,88,10,34,44,132
08/27/2015,ADQ,AK,AAL,WE,Federal Contract Tower,2,8,4,0,14,0,18,8,6,32,2,26,12,6,46,4,0,4,50
08/28/2015,ADQ,AK,AAL,WE,Federal Contract Tower,2,11,3,0,16,0,32,12,6,50,2,43,15,6,66,2,20,22,88
08/29/2015,ADQ,AK,AAL,WE,Federal Contract Tower,8,25,6,4,43,0,92,22,5,119,8,117,28,9,162,2,2,4,166
08/30/2015,ADQ,AK,AAL,WE,Federal Contract Tower,3,8,2,1,14,0,3,5,5,13,3,11,7,6,27,0,6,6,33
08/31/2015,ADQ,AK,AAL,WE,Federal Contract Tower,4,10,0,2,16,0,4,3,7,14,4,14,3,9,30,0,0,0,30
09/01/2015,ADQ,AK,AAL,WE,Federal Contract Tower,4,9,1,1,15,0,124,8,9,141,4,133,9,10,156,0,20,20,176
09/02/2015,ADQ,AK,AAL,WE,Federal Contract Tower,4,10,0,3,17,0,65,7,16,88,4,75,7,19,105,0,0,0,105
09/03/2015,ADQ,AK,AAL,WE,Federal Contract Tower,4,12,3,2,21,0,49,0,3,52,4,61,3,5,73,0,31,31,104
09/04/2015,ADQ,AK,AAL,WE,Federal Contract Tower,4,13,3,3,23,0,91,6,3,100,4,104,9,6,123,2,0,2,125
09/05/2015,ADQ,AK,AAL,WE,Federal Contract Tower,2,13,2,0,17,0,63,4,5,72,2,76,6,5,89,4,16,20,109
09/06/2015,ADQ,AK,AAL,WE,Federal Contract Tower,4,10,0,1,15,0,45,4,3,52,4,55,4,4,67,3,0,3,70
09/07/2015,ADQ,AK,AAL,WE,Federal Contract Tower,4,9,1,1,15,0,48,6,7,61,4,57,7,8,76,24,0,24,100
09/08/2015,ADQ,AK,AAL,WE,Federal Contract Tower,3,10,0,1,14,1,74,4,5,84,4,84,4,6,98,0,0,0,98
09/09/2015,ADQ,AK,AAL,WE,Federal Contract Tower,4,12,3,3,22,0,27,0,5,32,4,39,3,8,54,0,0,0,54
09/10/2015,ADQ,AK,AAL,WE,Federal Contract Tower,4,10,0,3,17,0,38,8,21,67,4,48,8,24,84,0,7,7,91
09/11/2015,ADQ,AK,AAL,WE,Federal Contract Tower,4,11,0,0,15,0,71,8,13,92,4,82,8,13,107,0,0,0,107
09/12/2015,ADQ,AK,AAL,WE,Federal Contract Tower,2,11,0,1,14,0,58,4,8,70,2,69,4,9,84,2,5,7,91
09/13/2015,ADQ,AK,AAL,WE,Federal Contract Tower,4,9,0,0,13,0,41,9,4,54,4,50,9,4,67,3,12,15,82
09/14/2015,ADQ,AK,AAL,WE,Federal Contract Tower,4,10,0,2,16,0,26,6,13,45,4,36,6,15,61,0,32,32,93
09/15/2015,ADQ,AK,AAL,WE,Federal Contract Tower,3,11,2,3,19,0,91,5,13,109,3,102,7,16,128,0,60,60,188
09/16/2015,ADQ,AK,AAL,WE,Federal Contract Tower,4,9,3,3,19,0,77,9,9,95,4,86,12,12,114,4,12,16,130
09/17/2015,ADQ,AK,AAL,WE,Federal Contract Tower,3,8,2,4,17,1,73,1,12,87,4,81,3,16,104,0,8,8,112
09/18/2015,ADQ,AK,AAL,WE,Federal Contract Tower,3,17,0,3,23,1,60,5,8,74,4,77,5,11,97,0,60,60,157
09/19/2015,ADQ,AK,AAL,WE,Federal Contract Tower,2,12,0,0,14,0,34,9,3,46,2,46,9,3,60,0,6,6,66
09/20/2015,ADQ,AK,AAL,WE,Federal Contract Tower,3,12,0,2,17,1,48,6,2,57,4,60,6,4,74,3,0,3,77
09/21/2015,ADQ,AK,AAL,WE,Federal Contract Tower,4,10,4,3,21,0,50,4,18,72,4,60,8,21,93,3,67,70,163
09/22/2015,ADQ,AK,AAL,WE,Federal Contract Tower,4,7,0,1,12,0,58,2,15,75,4,65,2,16,87,0,12,12,99
09/23/2015,ADQ,AK,AAL,WE,Federal Contract Tower,4,9,4,1,18,0,61,8,25,94,4,70,12,26,112,8,36,44,156
09/24/2015,ADQ,AK,AAL,WE,Federal Contract Tower,4,13,0,2,19,0,53,4,7,64,4,66,4,9,83,8,37,45,128
09/25/2015,ADQ,AK,AAL,WE,Federal Contract Tower,3,11,0,2,16,1,79,6,15,101,4,90,6,17,117,23,43,66,183
09/26/2015,ADQ,AK,AAL,WE,Federal Contract Tower,4,9,0,1,14,0,48,8,3,59,4,57,8,4,73,5,0,5,78
09/27/2015,ADQ,AK,AAL,WE,Federal Contract Tower,4,9,0,0,13,0,16,6,5,27,4,25,6,5,40,0,18,18,58
09/28/2015,ADQ,AK,AAL,WE,Federal Contract Tower,4,7,1,6,18,0,25,6,4,35,4,32,7,10,53,0,24,24,77
09/29/2015,ADQ,AK,AAL,WE,Federal Contract Tower,4,12,0,1,17,0,8,0,8,16,4,20,0,9,33,0,22,22,55
09/30/2015,ADQ,AK,AAL,WE,Federal Contract Tower,4,9,3,0,16,0,17,1,22,40,4,26,4,22,56,0,132,132,188
10/01/2015,ADQ,AK,AAL,WE,Federal Contract Tower,4,13,3,1,21,0,87,11,12,110,4,100,14,13,131,0,71,71,202
10/02/2015,ADQ,AK,AAL,WE,Federal Contract Tower,4,14,0,6,24,0,33,0,10,43,4,47,0,16,67,0,71,71,138
10/03/2015,ADQ,AK,AAL,WE,Federal Contract Tower,4,7,0,1,12,0,50,8,3,61,4,57,8,4,73,10,0,10,83
10/04/2015,ADQ,AK,AAL,WE,Federal Contract Tower,4,14,0,4,22,0,19,1,3,23,4,33,1,7,45,0,0,0,45
10/05/2015,ADQ,AK,AAL,WE,Federal Contract Tower,6,18,1,0,25,0,27,0,1,28,6,45,1,1,53,0,0,0,53
10/06/2015,ADQ,AK,AAL,WE,Federal Contract Tower,6,20,2,3,31,0,14,0,1,15,6,34,2,4,46,0,0,0,46
10/07/2015,ADQ,AK,AAL,WE,Federal Contract Tower,4,51,4,6,65,0,21,0,0,21,4,72,4,6,86,0,0,0,86
10/08/2015,ADQ,AK,AAL,WE,Federal Contract Tower,4,17,0,6,27,0,0,0,0,0,4,17,0,6,27,0,0,0,27
10/09/2015,ADQ,AK,AAL,WE,Federal Contract Tower,4,13,1,2,20,0,77,3,4,84,4,90,4,6,104,0,0,0,104
10/10/2015,ADQ,AK,AAL,WE,Federal Contract Tower,4,8,1,1,14,0,44,2,3,49,4,52,3,4,63,0,31,31,94
10/11/2015,ADQ,AK,AAL,WE,Federal Contract Tower,4,8,0,1,13,0,41,2,4,47,4,49,2,5,60,0,10,10,70
10/12/2015,ADQ,AK,AAL,WE,Federal Contract Tower,1,11,0,0,12,1,50,3,4,58,2,61,3,4,70,2,0,2,72
10/13/2015,ADQ,AK,AAL,WE,Federal Contract Tower,4,10,3,2,19,0,70,6,17,93,4,80,9,19,112,0,26,26,138
10/14/2015,ADQ,AK,AAL,WE,Federal Contract Tower,4,37,0,9,50,0,14,0,3,17,4,51,0,12,67,0,0,0,67
10/15/2015,ADQ,AK,AAL,WE,Federal Contract Tower,2,9,1,4,16,0,9,0,1,10,2,18,1,5,26,4,0,4,30
10/16/2015,ADQ,AK,AAL,WE,Federal Contract Tower,4,21,2,4,31,0,36,7,5,48,4,57,9,9,79,0,8,8,87
10/17/2015,ADQ,AK,AAL,WE,Federal Contract Tower,4,7,0,0,11,0,69,2,5,76,4,76,2,5,87,4,0,4,91
10/18/2015,ADQ,AK,AAL,WE,Federal Contract Tower,4,10,0,0,14,0,35,10,4,49,4,45,10,4,63,0,0,0,63
10/19/2015,ADQ,AK,AAL,WE,Federal Contract Tower,4,11,0,2,17,0,32,0,3,35,4,43,0,5,52,0,4,4,56
10/20/2015,ADQ,AK,AAL,WE,Federal Contract Tower,4,36,2,6,48,0,6,0,1,7,4,42,2,7,55,0,24,24,79
10/21/2015,ADQ,AK,AAL,WE,Federal Contract Tower,4,12,6,2,24,0,66,17,22,105,4,78,23,24,129,6,31,37,166
10/22/2015,ADQ,AK,AAL,WE,Federal Contract Tower,3,9,0,0,12,1,82,9,15,107,4,91,9,15,119,0,8,8,127
10/23/2015,ADQ,AK,AAL,WE,Federal Contract Tower,4,13,0,1,18,0,31,0,5,36,4,44,0,6,54,0,0,0,54
10/24/2015,ADQ,AK,AAL,WE,Federal Contract Tower,4,8,1,0,13,0,49,5,12,66,4,57,6,12,79,1,0,1,80
10/25/2015,ADQ,AK,AAL,WE,Federal Contract Tower,4,10,0,0,14,0,30,4,5,39,4,40,4,5,53,5,6,11,64
10/26/2015,ADQ,AK,AAL,WE,Federal Contract Tower,4,6,1,10,21,0,0,1,11,12,4,6,2,21,33,0,6,6,39
10/27/2015,ADQ,AK,AAL,WE,Federal Contract Tower,2,1,0,1,4,0,0,0,0,0,2,1,0,1,4,0,0,0,4
10/28/2015,ADQ,AK,AAL,WE,Federal Contract Tower,4,27,3,19,53,0,33,1,5,39,4,60,4,24,92,9,22,31,123
10/29/2015,ADQ,AK,AAL,WE,Federal Contract Tower,4,15,1,1,21,0,60,6,24,90,4,75,7,25,111,0,13,13,124
10/30/2015,ADQ,AK,AAL,WE,Federal Contract Tower,4,9,2,0,15,0,46,1,13,60,4,55,3,13,75,0,31,31,106
10/31/2015,ADQ,AK,AAL,WE,Federal Contract Tower,4,8,1,0,13,0,39,3,4,46,4,47,4,4,59,0,4,4,63
11/01/2015,ADQ,AK,AAL,WE,Federal Contract Tower,4,8,0,2,14,0,19,2,3,24,4,27,2,5,38,0,4,4,42
11/02/2015,ADQ,AK,AAL,WE,Federal Contract Tower,4,12,2,1,19,0,32,8,20,60,4,44,10,21,79,0,166,166,245
11/03/2015,ADQ,AK,AAL,WE,Federal Contract Tower,4,7,0,0,11,0,32,0,11,43,4,39,0,11,54,0,20,20,74
11/04/2015,ADQ,AK,AAL,WE,Federal Contract Tower,4,11,0,3,18,0,78,5,20,103,4,89,5,23,121,0,53,53,174
11/05/2015,ADQ,AK,AAL,WE,Federal Contract Tower,4,12,0,2,18,0,35,4,8,47,4,47,4,10,65,0,50,50,115
11/06/2015,ADQ,AK,AAL,WE,Federal Contract Tower,4,10,1,2,17,0,54,0,11,65,4,64,1,13,82,0,24,24,106
11/07/2015,ADQ,AK,AAL,WE,Federal Contract Tower,4,6,0,0,10,0,35,1,6,42,4,41,1,6,52,2,0,2,54
11/08/2015,ADQ,AK,AAL,WE,Federal Contract Tower,4,10,1,2,17,0,30,2,3,35,4,40,3,5,52,2,0,2,54
11/09/2015,ADQ,AK,AAL,WE,Federal Contract Tower,4,9,0,2,15,0,82,4,24,110,4,91,4,26,125,0,66,66,191
11/10/2015,ADQ,AK,AAL,WE,Federal Contract Tower,4,11,1,4,20,0,45,0,22,67,4,56,1,26,87,0,24,24,111
11/11/2015,ADQ,AK,AAL,WE,Federal Contract Tower,4,13,0,0,17,0,24,2,2,28,4,37,2,2,45,0,0,0,45
11/12/2015,ADQ,AK,AAL,WE,Federal Contract Tower,4,10,0,2,16,0,44,2,13,59,4,54,2,15,75,0,46,46,121
11/13/2015,ADQ,AK,AAL,WE,Federal Contract Tower,2,6,0,0,8,0,12,1,3,16,2,18,1,3,24,0,0,0,24
11/14/2015,ADQ,AK,AAL,WE,Federal Contract Tower,3,8,0,0,11,1,98,6,7,112,4,106,6,7,123,0,4,4,127
11/15/2015,ADQ,AK,AAL,WE,Federal Contract Tower,4,10,0,1,15,0,28,5,4,37,4,38,5,5,52,0,0,0,52
11/16/2015,ADQ,AK,AAL,WE,Federal Contract Tower,4,14,0,3,21,0,38,5,13,56,4,52,5,16,77,0,30,30,107
11/17/2015,ADQ,AK,AAL,WE,Federal Contract Tower,4,8,0,2,14,0,44,7,14,65,4,52,7,16,79,0,8,8,87
11/18/2015,ADQ,AK,AAL,WE,Federal Contract Tower,4,11,0,3,18,0,51,10,22,83,4,62,10,25,101,22,56,78,179
11/19/2015,ADQ,AK,AAL,WE,Federal Contract Tower,4,10,0,1,15,0,20,2,21,43,4,30,2,22,58,0,12,12,70
11/20/2015,ADQ,AK,AAL,WE,Federal Contract Tower,4,11,1,0,16,0,44,0,13,57,4,55,1,13,73,0,64,64,137
11/21/2015,ADQ,AK,AAL,WE,Federal Contract Tower,4,5,0,2,11,0,13,0,1,14,4,18,0,3,25,0,0,0,25
11/22/2015,ADQ,AK,AAL,WE,Federal Contract Tower,2,7,0,1,10,0,54,2,6,62,2,61,2,7,72,0,4,4,76
11/23/2015,ADQ,AK,AAL,WE,Federal Contract Tower,4,11,0,1,16,0,48,9,37,94,4,59,9,38,110,0,89,89,199
11/24/2015,ADQ,AK,AAL,WE,Federal Contract Tower,4,13,0,7,24,0,29,0,20,49,4,42,0,27,73,6,46,52,125
11/25/2015,ADQ,AK,AAL,WE,Federal Contract Tower,5,20,2,2,29,0,14,0,0,14,5,34,2,2,43,0,0,0,43
11/26/2015,ADQ,AK,AAL,WE,Federal Contract Tower,0,3,0,0,3,0,2,5,1,8,0,5,5,1,11,0,0,0,11
11/27/2015,ADQ,AK,AAL,WE,Federal Contract Tower,2,13,2,2,19,0,42,0,1,43,2,55,2,3,62,0,19,19,81
11/28/2015,ADQ,AK,AAL,WE,Federal Contract Tower,4,7,1,2,14,0,40,4,1,45,4,47,5,3,59,0,14,14,73
11/29/2015,ADQ,AK,AAL,WE,Federal Contract Tower,3,9,0,1,13,1,59,6,2,68,4,68,6,3,81,0,3,3,84
11/30/2015,ADQ,AK,AAL,WE,Federal Contract Tower,4,7,2,2,15,0,12,0,10,22,4,19,2,12,37,0,37,37,74
12/01/2015,ADQ,AK,AAL,WE,Federal Contract Tower,4,17,5,1,27,0,39,3,7,49,4,56,8,8,76,0,10,10,86
12/02/2015,ADQ,AK,AAL,WE,Federal Contract Tower,4,7,0,1,12,0,45,10,17,72,4,52,10,18,84,0,30,30,114
12/03/2015,ADQ,AK,AAL,WE,Federal Contract Tower,5,9,2,0,16,1,41,6,21,69,6,50,8,21,85,0,99,99,184
12/04/2015,ADQ,AK,AAL,WE,Federal Contract Tower,4,14,0,2,20,0,54,3,17,74,4,68,3,19,94,2,4,6,100
12/05/2015,ADQ,AK,AAL,WE,Federal Contract Tower,4,8,0,2,14,0,40,5,5,50,4,48,5,7,64,0,0,0,64
12/06/2015,ADQ,AK,AAL,WE,Federal Contract Tower,4,10,0,2,16,0,15,0,0,15,4,25,0,2,31,0,0,0,31
12/07/2015,ADQ,AK,AAL,WE,Federal Contract Tower,5,8,1,4,18,0,42,0,24,66,5,50,1,28,84,0,48,48,132
12/08/2015,ADQ,AK,AAL,WE,Federal Contract Tower,2,14,1,4,21,0,8,0,14,22,2,22,1,18,43,0,8,8,51
12/09/2015,ADQ,AK,AAL,WE,Federal Contract Tower,4,9,0,5,18,0,57,3,24,84,4,66,3,29,102,0,44,44,146
12/10/2015,ADQ,AK,AAL,WE,Federal Contract Tower,4,9,6,6,25,0,39,4,18,61,4,48,10,24,86,0,0,0,86
12/11/2015,ADQ,AK,AAL,WE,Federal Contract Tower,1,12,1,2,16,0,50,8,16,74,1,62,9,18,90,0,23,23,113
12/12/2015,ADQ,AK,AAL,WE,Federal Contract Tower,4,9,0,2,15,0,39,5,2,46,4,48,5,4,61,2,0,2,63
12/13/2015,ADQ,AK,AAL,WE,Federal Contract Tower,4,6,0,1,11,0,8,0,0,8,4,14,0,1,19,0,0,0,19
12/14/2015,ADQ,AK,AAL,WE,Federal Contract Tower,4,8,0,2,14,0,56,12,19,87,4,64,12,21,101,0,22,22,123
12/15/2015,ADQ,AK,AAL,WE,Federal Contract Tower,2,6,0,3,11,0,59,1,22,82,2,65,1,25,93,0,28,28,121
12/16/2015,ADQ,AK,AAL,WE,Federal Contract Tower,2,3,3,2,10,0,2,1,0,3,2,5,4,2,13,0,0,0,13
12/17/2015,ADQ,AK,AAL,WE,Federal Contract Tower,4,11,2,3,20,0,16,0,0,16,4,27,2,3,36,0,0,0,36
12/18/2015,ADQ,AK,AAL,WE,Federal Contract Tower,2,7,0,2,11,0,27,1,13,41,2,34,1,15,52,0,27,27,79
12/19/2015,ADQ,AK,AAL,WE,Federal Contract Tower,2,6,0,0,8,0,0,0,0,0,2,6,0,0,8,0,0,0,8
12/20/2015,ADQ,AK,AAL,WE,Federal Contract Tower,4,11,0,0,15,0,39,5,6,50,4,50,5,6,65,0,0,0,65
12/21/2015,ADQ,AK,AAL,WE,Federal Contract Tower,4,12,2,0,18,0,68,9,10,87,4,80,11,10,105,2,22,24,129
12/22/2015,ADQ,AK,AAL,WE,Federal Contract Tower,4,11,0,0,15,0,50,0,11,61,4,61,0,11,76,0,48,48,124
12/23/2015,ADQ,AK,AAL,WE,Federal Contract Tower,3,10,2,0,15,1,41,0,21,63,4,51,2,21,78,0,43,43,121
12/24/2015,ADQ,AK,AAL,WE,Federal Contract Tower,4,11,0,0,15,0,22,0,15,37,4,33,0,15,52,0,40,40,92
12/25/2015,ADQ,AK,AAL,WE,Federal Contract Tower,0,2,0,0,2,0,0,0,2,2,0,2,0,2,4,0,0,0,4
12/26/2015,ADQ,AK,AAL,WE,Federal Contract Tower,4,10,0,1,15,0,40,0,2,42,4,50,0,3,57,2,16,18,75
12/27/2015,ADQ,AK,AAL,WE,Federal Contract Tower,4,10,0,2,16,0,10,2,2,14,4,20,2,4,30,0,0,0,30
12/28/2015,ADQ,AK,AAL,WE,Federal Contract Tower,4,10,1,1,16,0,37,1,6,44,4,47,2,7,60,0,0,0,60
12/29/2015,ADQ,AK,AAL,WE,Federal Contract Tower,4,9,0,0,13,0,14,0,12,26,4,23,0,12,39,0,6,6,45
12/30/2015,ADQ,AK,AAL,WE,Federal Contract Tower,2,7,2,1,12,0,18,0,8,26,2,25,2,9,38,2,20,22,60
12/31/2015,ADQ,AK,AAL,WE,Federal Contract Tower,6,11,0,0,17,0,35,5,8,48,6,46,5,8,65,0,12,12,77
01/01/2016,ADQ,AK,AAL,WE,Federal Contract Tower,0,2,0,0,2,0,0,0,0,0,0,2,0,0,2,0,0,0,2
01/02/2016,ADQ,AK,AAL,WE,Federal Contract Tower,2,6,0,0,8,0,2,0,2,4,2,8,0,2,12,0,12,12,24
01/03/2016,ADQ,AK,AAL,WE,Federal Contract Tower,2,10,0,0,12,0,6,0,0,6,2,16,0,0,18,0,35,35,53
01/04/2016,ADQ,AK,AAL,WE,Federal Contract Tower,2,14,2,0,18,0,12,0,0,12,2,26,2,0,30,0,0,0,30
01/05/2016,ADQ,AK,AAL,WE,Federal Contract Tower,4,11,4,4,23,0,58,0,15,73,4,69,4,19,96,0,44,44,140
01/06/2016,ADQ,AK,AAL,WE,Federal Contract Tower,4,12,0,2,18,0,64,2,9,75,4,76,2,11,93,5,37,42,135
01/07/2016,ADQ,AK,AAL,WE,Federal Contract Tower,4,12,0,2,18,0,26,0,14,40,4,38,0,16,58,0,38,38,96
01/08/2016,ADQ,AK,AAL,WE,Federal Contract Tower,2,2,0,0,4,0,0,0,1,1,2,2,0,1,5,0,0,0,5
01/09/2016,ADQ,AK,AAL,WE,Federal Contract Tower,0,6,0,0,6,0,2,0,3,5,0,8,0,3,11,0,0,0,11
01/10/2016,ADQ,AK,AAL,WE,Federal Contract Tower,4,4,0,1,9,0,0,0,0,0,4,4,0,1,9,0,0,0,9
01/11/2016,ADQ,AK,AAL,WE,Federal Contract Tower,6,12,0,2,20,0,71,2,16,89,6,83,2,18,109,0,78,78,187
01/12/2016,ADQ,AK,AAL,WE,Federal Contract Tower,4,10,0,0,14,0,48,5,0,53,4,58,5,0,67,14,0,14,81
01/13/2016,ADQ,AK,AAL,WE,Federal Contract Tower,4,9,1,2,16,0,36,9,23,68,4,45,10,25,84,14,63,77,161
01/14/2016,ADQ,AK,AAL,WE,Federal Contract Tower,4,10,1,3,18,0,41,4,21,66,4,51,5,24,84,6,62,68,152
01/15/2016,ADQ,AK,AAL,WE,Federal Contract Tower,4,6,0,1,11,0,8,0,3,11,4,14,0,4,22,0,16,16,38
01/16/2016,ADQ,AK,AAL,WE,Federal Contract Tower,2,10,1,0,13,0,18,0,0,18,2,28,1,0,31,0,0,0,31
01/17/2016,ADQ,AK,AAL,WE,Federal Contract Tower,6,12,0,2,20,0,27,2,3,32,6,39,2,5,52,0,0,0,52
01/18/2016,ADQ,AK,AAL,WE,Federal Contract Tower,5,14,0,1,20,0,31,4,4,39,5,45,4,5,59,0,0,0,59
01/19/2016,ADQ,AK,AAL,WE,Federal Contract Tower,4,10,0,1,15,0,30,3,3,36,4,40,3,4,51,6,63,69,120
01/20/2016,ADQ,AK,AAL,WE,Federal Contract Tower,4,9,1,3,17,0,40,1,13,54,4,49,2,16,71,0,69,69,140
01/21/2016,ADQ,AK,AAL,WE,Federal Contract Tower,4,12,0,4,20,0,8,1,9,18,4,20,1,13,38,0,9,9,47
01/22/2016,ADQ,AK,AAL,WE,Federal Contract Tower,4,15,1,3,23,0,56,5,14,75,4,71,6,17,98,4,77,81,179
01/23/2016,ADQ,AK,AAL,WE,Federal Contract Tower,4,11,0,0,15,0,27,0,1,28,4,38,0,1,43,12,0,12,55
01/24/2016,ADQ,AK,AAL,WE,Federal Contract Tower,5,7,0,1,13,0,17,0,3,20,5,24,0,4,33,0,0,0,33
01/25/2016,ADQ,AK,AAL,WE,Federal Contract Tower,0,3,0,0,3,0,1,0,11,12,0,4,0,11,15,0,0,0,15
01/26/2016,ADQ,AK,AAL,WE,Federal Contract Tower,4,13,0,1,18,0,45,0,25,70,4,58,0,26,88,0,76,76,164
01/27/2016,ADQ,AK,AAL,WE,Federal Contract Tower,3,7,0,4,14,0,24,0,13,37,3,31,0,17,51,0,62,62,113
01/28/2016,ADQ,AK,AAL,WE,Federal Contract Tower,4,9,0,2,15,0,50,12,22,84,4,59,12,24,99,2,37,39,138
01/29/2016,ADQ,AK,AAL,WE,Federal Contract Tower,4,8,0,1,13,0,54,8,13,75,4,62,8,14,88,11,89,100,188
01/30/2016,ADQ,AK,AAL,WE,Federal Contract Tower,4,5,2,0,11,0,51,3,4,58,4,56,5,4,69,0,15,15,84
01/31/2016,ADQ,AK,AAL,WE,Federal Contract Tower,3,6,0,1,10,0,6,0,4,10,3,12,0,5,20,0,38,38,58
02/01/2016,ADQ,AK,AAL,WE,Federal Contract Tower,6,17,1,0,24,0,57,9,44,110,6,74,10,44,134,2,40,42,176
02/02/2016,ADQ,AK,AAL,WE,Federal Contract Tower,4,13,0,2,19,0,45,2,13,60,4,58,2,15,79,0,0,0,79
02/03/2016,ADQ,AK,AAL,WE,Federal Contract Tower,2,5,0,2,9,0,11,0,19,30,2,16,0,21,39,0,16,16,55
02/04/2016,ADQ,AK,AAL,WE,Federal Contract Tower,4,11,0,2,17,0,21,0,10,31,4,32,0,12,48,0,36,36,84
02/05/2016,ADQ,AK,AAL,WE,Federal Contract Tower,4,8,0,0,12,0,38,5,5,48,4,46,5,5,60,0,17,17,77
02/06/2016,ADQ,AK,AAL,WE,Federal Contract Tower,4,6,0,1,11,0,34,11,3,48,4,40,11,4,59,5,36,41,100
02/07/2016,ADQ,AK,AAL,WE,Federal Contract Tower,2,2,0,1,5,0,0,0,0,0,2,2,0,1,5,0,0,0,5
02/08/2016,ADQ,AK,AAL,WE,Federal Contract Tower,2,12,1,3,18,0,13,0,10,23,2,25,1,13,41,0,0,0,41
02/09/2016,ADQ,AK,AAL,WE,Federal Contract Tower,4,14,0,0,18,0,48,5,11,64,4,62,5,11,82,2,2,4,86
02/10/2016,ADQ,AK,AAL,WE,Federal Contract Tower,2,10,3,3,18,0,38,0,11,49,2,48,3,14,67,2,28,30,97
02/11/2016,ADQ,AK,AAL,WE,Federal Contract Tower,4,21,0,9,34,0,11,0,5,16,4,32,0,14,50,0,12,12,62
02/12/2016,ADQ,AK,AAL,WE,Federal Contract Tower,4,12,0,3,19,0,53,0,9,62,4,65,0,12,81,0,33,33,114
02/13/2016,ADQ,AK,AAL,WE,Federal Contract Tower,4,10,0,1,15,0,33,0,5,38,4,43,0,6,53,2,2,4,57
02/14/2016,ADQ,AK,AAL,WE,Federal Contract Tower,4,10,0,1,15,0,20,3,5,28,4,30,3,6,43,0,0,0,43
02/15/2016,ADQ,AK,AAL,WE,Federal Contract Tower,3,12,0,1,16,1,39,9,3,52,4,51,9,4,68,4,22,26,94
02/16/2016,ADQ,AK,AAL,WE,Federal Contract Tower,4,8,1,2,15,0,53,6,29,88,4,61,7,31,103,0,94,94,197
02/17/2016,ADQ,AK,AAL,WE,Federal Contract Tower,4,8,0,2,14,0,15,0,4,19,4,23,0,6,33,0,52,52,85
02/18/2016,ADQ,AK,AAL,WE,Federal Contract Tower,4,14,0,2,20,0,34,0,8,42,4,48,0,10,62,0,70,70,132
02/19/2016,ADQ,AK,AAL,WE,Federal Contract Tower,4,15,0,2,21,0,37,0,9,46,4,52,0,11,67,0,14,14,81
02/20/2016,ADQ,AK,AAL,WE,Federal Contract Tower,2,4,0,2,8,0,22,0,2,24,2,26,0,4,32,0,0,0,32
02/21/2016,ADQ,AK,AAL,WE,Federal Contract Tower,4,12,0,2,18,0,8,0,2,10,4,20,0,4,28,0,6,6,34
02/22/2016,ADQ,AK,AAL,WE,Federal Contract Tower,4,11,0,1,16,0,47,4,18,69,4,58,4,19,85,0,98,98,183
02/23/2016,ADQ,AK,AAL,WE,Federal Contract Tower,0,4,0,0,4,0,0,0,0,0,0,4,0,0,4,0,0,0,4
02/24/2016,ADQ,AK,AAL,WE,Federal Contract Tower,4,18,0,3,25,0,38,0,16,54,4,56,0,19,79,0,0,0,79
02/25/2016,ADQ,AK,AAL,WE,Federal Contract Tower,2,19,0,3,24,0,42,0,12,54,2,61,0,15,78,0,0,0,78
02/26/2016,ADQ,AK,AAL,WE,Federal Contract Tower,4,12,0,2,18,0,39,1,3,43,4,51,1,5,61,5,20,25,86
02/27/2016,ADQ,AK,AAL,WE,Federal Contract Tower,0,0,0,0,0,0,0,0,0,0,0,0,0,0,0,0,0,0,0
02/28/2016,ADQ,AK,AAL,WE,Federal Contract Tower,4,9,0,1,14,0,27,2,10,39,4,36,2,11,53,0,22,22,75
02/29/2016,ADQ,AK,AAL,WE,Federal Contract Tower,0,7,0,0,7,0,3,0,1,4,0,10,0,1,11,0,5,5,16
03/01/2016,ADQ,AK,AAL,WE,Federal Contract Tower,4,12,0,0,16,0,0,0,0,0,4,12,0,0,16,0,76,76,92
03/02/2016,ADQ,AK,AAL,WE,Federal Contract Tower,4,14,1,6,25,0,45,6,14,65,4,59,7,20,90,0,10,10,100
03/03/2016,ADQ,AK,AAL,WE,Federal Contract Tower,4,10,1,4,19,4,48,7,15,74,8,58,8,19,93,6,4,10,103
03/04/2016,ADQ,AK,AAL,WE,Federal Contract Tower,4,11,1,4,20,0,24,0,6,30,4,35,1,10,50,0,7,7,57
03/05/2016,ADQ,AK,AAL,WE,Federal Contract Tower,4,8,0,3,15,0,38,5,3,46,4,46,5,6,61,0,0,0,61
03/06/2016,ADQ,AK,AAL,WE,Federal Contract Tower,4,11,0,0,15,0,18,1,1,20,4,29,1,1,35,0,0,0,35
03/07/2016,ADQ,AK,AAL,WE,Federal Contract Tower,4,14,2,5,25,0,42,1,9,52,4,56,3,14,77,0,14,14,91
03/08/2016,ADQ,AK,AAL,WE,Federal Contract Tower,3,13,0,0,16,1,44,4,3,52,4,57,4,3,68,0,12,12,80
03/09/2016,ADQ,AK,AAL,WE,Federal Contract Tower,2,17,3,2,24,0,37,2,11,50,2,54,5,13,74,0,24,24,98
03/10/2016,ADQ,AK,AAL,WE,Federal Contract Tower,4,17,2,2,25,0,34,3,13,50,4,51,5,15,75,2,46,48,123
03/11/2016,ADQ,AK,AAL,WE,Federal Contract Tower,4,13,0,2,19,0,45,3,10,58,4,58,3,12,77,0,50,50,127
03/12/2016,ADQ,AK,AAL,WE,Federal Contract Tower,4,8,0,1,13,0,36,1,3,40,4,44,1,4,53,8,0,8,61
03/13/2016,ADQ,AK,AAL,WE,Federal Contract Tower,4,6,0,0,10,0,22,12,6,40,4,28,12,6,50,0,0,0,50
03/14/2016,ADQ,AK,AAL,WE,Federal Contract Tower,4,12,0,4,20,0,62,5,9,76,4,74,5,13,96,0,24,24,120
03/15/2016,ADQ,AK,AAL,WE,Federal Contract Tower,4,15,0,1,20,0,43,6,10,59,4,58,6,11,79,0,14,14,93
03/16/2016,ADQ,AK,AAL,WE,Federal Contract Tower,4,10,0,2,16,0,59,18,12,89,4,69,18,14,105,2,18,20,125
03/17/2016,ADQ,AK,AAL,WE,Federal Contract Tower,5,13,0,5,23,0,33,0,9,42,5,46,0,14,65,0,34,34,99
03/18/2016,ADQ,AK,AAL,WE,Federal Contract Tower,4,27,2,0,33,0,0,0,0,0,4,27,2,0,33,0,0,0,33
03/19/2016,ADQ,AK,AAL,WE,Federal Contract Tower,4,8,0,3,15,0,28,1,2,31,4,36,1,5,46,0,0,0,46
03/20/2016,ADQ,AK,AAL,WE,Federal Contract Tower,2,8,0,1,11,0,16,2,3,21,2,24,2,4,32,0,0,0,32
03/21/2016,ADQ,AK,AAL,WE,Federal Contract Tower,4,38,0,4,46,0,16,0,2,18,4,54,0,6,64,0,0,0,64
03/22/2016,ADQ,AK,AAL,WE,Federal Contract Tower,4,25,1,4,34,0,17,1,14,32,4,42,2,18,66,0,54,54,120
03/23/2016,ADQ,AK,AAL,WE,Federal Contract Tower,4,25,1,8,38,0,32,0,1,33,4,57,1,9,71,0,0,0,71
03/24/2016,ADQ,AK,AAL,WE,Federal Contract Tower,4,18,0,2,24,0,36,6,4,46,4,54,6,6,70,0,3,3,73
03/25/2016,ADQ,AK,AAL,WE,Federal Contract Tower,3,16,0,4,23,1,58,3,8,70,4,74,3,12,93,0,13,13,106
03/26/2016,ADQ,AK,AAL,WE,Federal Contract Tower,3,6,0,0,9,1,37,16,6,60,4,43,16,6,69,0,4,4,73
03/27/2016,ADQ,AK,AAL,WE,Federal Contract Tower,4,12,0,1,17,0,4,1,3,8,4,16,1,4,25,0,0,0,25
03/28/2016,ADQ,AK,AAL,WE,Federal Contract Tower,4,19,0,6,29,0,19,1,2,22,4,38,1,8,51,0,0,0,51
03/29/2016,ADQ,AK,AAL,WE,Federal Contract Tower,4,11,2,1,18,0,47,0,10,57,4,58,2,11,75,2,18,20,95
03/30/2016,ADQ,AK,AAL,WE,Federal Contract Tower,4,6,0,9,19,0,6,0,3,9,4,12,0,12,28,0,0,0,28
03/31/2016,ADQ,AK,AAL,WE,Federal Contract Tower,4,31,0,4,39,0,19,0,9,28,4,50,0,13,67,0,0,0,67
04/01/2016,ADQ,AK,AAL,WE,Federal Contract Tower,4,10,2,4,20,0,37,0,15,52,4,47,2,19,72,0,65,65,137
04/03/2016,ADQ,AK,AAL,WE,Federal Contract Tower,4,7,0,4,15,0,21,0,4,25,4,28,0,8,40,0,12,12,52
04/04/2016,ADQ,AK,AAL,WE,Federal Contract Tower,4,18,1,13,36,0,16,0,9,25,4,34,1,22,61,0,36,36,97
04/05/2016,ADQ,AK,AAL,WE,Federal Contract Tower,4,11,1,4,20,0,43,7,43,93,4,54,8,47,113,0,36,36,149
04/06/2016,ADQ,AK,AAL,WE,Federal Contract Tower,4,10,0,1,15,0,45,18,13,76,4,55,18,14,91,19,44,63,154
04/08/2016,ADQ,AK,AAL,WE,Federal Contract Tower,4,30,0,6,40,0,45,9,19,73,4,75,9,25,113,0,36,36,149
04/09/2016,ADQ,AK,AAL,WE,Federal Contract Tower,4,9,0,0,13,0,23,1,4,28,4,32,1,4,41,0,1,1,42
04/10/2016,ADQ,AK,AAL,WE,Federal Contract Tower,4,8,0,1,13,0,24,3,9,36,4,32,3,10,49,2,10,12,61
04/11/2016,ADQ,AK,AAL,WE,Federal Contract Tower,4,11,0,8,23,0,30,1,24,55,4,41,1,32,78,4,32,36,114
04/13/2016,ADQ,AK,AAL,WE,Federal Contract Tower,4,9,0,3,16,0,81,18,30,129,4,90,18,33,145,0,32,32,177
04/14/2016,ADQ,AK,AAL,WE,Federal Contract Tower,4,14,2,6,26,0,43,7,38,88,4,57,9,44,114,8,12,20,134
04/15/2016,ADQ,AK,AAL,WE,Federal Contract Tower,4,16,2,3,25,0,74,12,21,107,4,90,14,24,132,0,0,0,132
04/16/2016,ADQ,AK,AAL,WE,Federal Contract Tower,4,6,0,0,10,0,43,13,7,63,4,49,13,7,73,0,0,0,73
04/17/2016,ADQ,AK,AAL,WE,Federal Contract Tower,4,8,0,3,15,0,41,13,7,61,4,49,13,10,76,8,0,8,84
04/18/2016,ADQ,AK,AAL,WE,Federal Contract Tower,4,12,0,2,18,0,70,5,14,89,4,82,5,16,107,0,30,30,137
04/19/2016,ADQ,AK,AAL,WE,Federal Contract Tower,2,14,0,7,23,0,36,1,6,43,2,50,1,13,66,0,0,0,66
04/20/2016,ADQ,AK,AAL,WE,Federal Contract Tower,4,16,0,5,25,0,60,9,17,86,4,76,9,22,111,0,0,0,111
04/21/2016,ADQ,AK,AAL,WE,Federal Contract Tower,4,10,0,0,14,0,59,9,22,90,4,69,9,22,104,2,30,32,136
04/22/2016,ADQ,AK,AAL,WE,Federal Contract Tower,4,11,0,3,18,0,52,13,19,84,4,63,13,22,102,0,18,18,120
04/23/2016,ADQ,AK,AAL,WE,Federal Contract Tower,4,11,1,3,19,0,23,1,1,25,4,34,2,4,44,0,21,21,65
04/24/2016,ADQ,AK,AAL,WE,Federal Contract Tower,4,8,0,5,17,0,14,1,2,17,4,22,1,7,34,0,2,2,36
04/25/2016,ADQ,AK,AAL,WE,Federal Contract Tower,1,10,2,1,14,1,34,5,14,54,2,44,7,15,68,0,24,24,92
04/26/2016,ADQ,AK,AAL,WE,Federal Contract Tower,4,9,0,0,13,0,61,22,31,114,4,70,22,31,127,6,78,84,211
04/27/2016,ADQ,AK,AAL,WE,Federal Contract Tower,4,12,0,3,19,0,67,11,15,93,4,79,11,18,112,0,2,2,114
04/28/2016,ADQ,AK,AAL,WE,Federal Contract Tower,4,21,0,7,32,0,39,2,7,48,4,60,2,14,80,0,0,0,80
04/29/2016,ADQ,AK,AAL,WE,Federal Contract Tower,4,12,0,4,20,0,73,8,13,94,4,85,8,17,114,0,0,0,114
04/30/2016,ADQ,AK,AAL,WE,Federal Contract Tower,4,9,0,1,14,0,15,0,0,15,4,24,0,1,29,0,0,0,29
05/01/2016,ADQ,AK,AAL,WE,Federal Contract Tower,4,10,0,3,17,0,32,9,2,43,4,42,9,5,60,0,0,0,60
05/02/2016,ADQ,AK,AAL,WE,Federal Contract Tower,4,12,0,2,18,0,53,12,19,84,4,65,12,21,102,0,36,36,138
05/03/2016,ADQ,AK,AAL,WE,Federal Contract Tower,4,9,3,1,17,0,68,14,22,104,4,77,17,23,121,0,52,52,173
05/04/2016,ADQ,AK,AAL,WE,Federal Contract Tower,4,11,1,2,18,0,59,8,23,90,4,70,9,25,108,0,33,33,141
05/05/2016,ADQ,AK,AAL,WE,Federal Contract Tower,4,17,0,5,26,0,11,5,4,20,4,28,5,9,46,0,0,0,46
05/06/2016,ADQ,AK,AAL,WE,Federal Contract Tower,4,15,0,1,20,0,71,17,15,103,4,86,17,16,123,0,26,26,149
05/07/2016,ADQ,AK,AAL,WE,Federal Contract Tower,4,7,0,0,11,0,46,17,4,67,4,53,17,4,78,0,12,12,90
05/08/2016,ADQ,AK,AAL,WE,Federal Contract Tower,4,10,0,1,15,0,26,2,5,33,4,36,2,6,48,0,46,46,94
05/09/2016,ADQ,AK,AAL,WE,Federal Contract Tower,3,13,0,0,16,1,74,9,30,114,4,87,9,30,130,0,14,14,144
05/10/2016,ADQ,AK,AAL,WE,Federal Contract Tower,4,12,0,1,17,0,33,0,1,34,4,45,0,2,51,0,0,0,51
05/11/2016,ADQ,AK,AAL,WE,Federal Contract Tower,4,11,0,5,20,0,44,2,9,55,4,55,2,14,75,0,12,12,87
05/12/2016,ADQ,AK,AAL,WE,Federal Contract Tower,4,12,1,0,17,0,57,3,12,72,4,69,4,12,89,12,8,20,109
05/13/2016,ADQ,AK,AAL,WE,Federal Contract Tower,4,11,1,1,17,0,75,20,11,106,4,86,21,12,123,0,8,8,131
05/14/2016,ADQ,AK,AAL,WE,Federal Contract Tower,3,8,0,0,11,1,59,18,4,82,4,67,18,4,93,0,0,0,93
05/15/2016,ADQ,AK,AAL,WE,Federal Contract Tower,4,8,0,0,12,0,38,19,9,66,4,46,19,9,78,0,28,28,106
05/16/2016,ADQ,AK,AAL,WE,Federal Contract Tower,4,28,0,7,39,0,51,9,5,65,4,79,9,12,104,0,8,8,112
05/17/2016,ADQ,AK,AAL,WE,Federal Contract Tower,4,11,0,2,17,0,62,13,25,100,4,73,13,27,117,0,52,52,169
05/18/2016,ADQ,AK,AAL,WE,Federal Contract Tower,4,10,2,0,16,0,62,12,24,98,4,72,14,24,114,5,32,37,151
05/19/2016,ADQ,AK,AAL,WE,Federal Contract Tower,3,17,0,4,24,1,53,7,14,75,4,70,7,18,99,0,47,47,146
05/20/2016,ADQ,AK,AAL,WE,Federal Contract Tower,4,17,1,2,24,0,58,0,17,75,4,75,1,19,99,0,68,68,167
05/21/2016,ADQ,AK,AAL,WE,Federal Contract Tower,2,9,0,1,12,0,49,3,13,65,2,58,3,14,77,0,7,7,84
05/22/2016,ADQ,AK,AAL,WE,Federal Contract Tower,3,10,0,2,15,1,26,8,3,38,4,36,8,5,53,0,0,0,53
05/23/2016,ADQ,AK,AAL,WE,Federal Contract Tower,4,8,0,2,14,0,72,13,26,111,4,80,13,28,125,4,50,54,179
05/24/2016,ADQ,AK,AAL,WE,Federal Contract Tower,4,8,0,2,14,0,60,10,9,79,4,68,10,11,93,0,0,0,93
05/25/2016,ADQ,AK,AAL,WE,Federal Contract Tower,3,10,1,2,16,1,58,20,17,96,4,68,21,19,112,0,42,42,154
05/26/2016,ADQ,AK,AAL,WE,Federal Contract Tower,4,11,1,0,16,0,62,7,24,93,4,73,8,24,109,0,48,48,157
05/27/2016,ADQ,AK,AAL,WE,Federal Contract Tower,4,25,6,1,36,0,60,9,5,74,4,85,15,6,110,0,0,0,110
05/28/2016,ADQ,AK,AAL,WE,Federal Contract Tower,2,9,0,0,11,0,57,12,6,75,2,66,12,6,86,0,0,0,86
05/29/2016,ADQ,AK,AAL,WE,Federal Contract Tower,2,7,0,0,9,0,47,11,2,60,2,54,11,2,69,2,0,2,71
05/30/2016,ADQ,AK,AAL,WE,Federal Contract Tower,4,10,0,1,15,0,27,3,3,33,4,37,3,4,48,0,0,0,48
05/31/2016,ADQ,AK,AAL,WE,Federal Contract Tower,4,10,0,3,17,0,6,0,4,10,4,16,0,7,27,0,0,0,27
06/01/2016,ADQ,AK,AAL,WE,Federal Contract Tower,4,27,0,6,37,0,11,0,1,12,4,38,0,7,49,0,0,0,49
06/02/2016,ADQ,AK,AAL,WE,Federal Contract Tower,4,61,3,12,80,0,11,1,3,15,4,72,4,15,95,0,0,0,95
06/03/2016,ADQ,AK,AAL,WE,Federal Contract Tower,4,17,1,6,28,0,53,11,10,74,4,70,12,16,102,2,22,24,126
06/04/2016,ADQ,AK,AAL,WE,Federal Contract Tower,2,26,1,1,30,0,37,0,3,40,2,63,1,4,70,2,10,12,82
06/05/2016,ADQ,AK,AAL,WE,Federal Contract Tower,5,26,0,2,33,1,19,1,1,22,6,45,1,3,55,0,0,0,55
06/06/2016,ADQ,AK,AAL,WE,Federal Contract Tower,3,11,0,0,14,1,79,14,24,118,4,90,14,24,132,0,42,42,174
06/07/2016,ADQ,AK,AAL,WE,Federal Contract Tower,4,7,0,4,15,0,61,0,12,73,4,68,0,16,88,0,0,0,88
06/08/2016,ADQ,AK,AAL,WE,Federal Contract Tower,4,9,0,2,15,0,67,8,18,93,4,76,8,20,108,6,8,14,122
06/09/2016,ADQ,AK,AAL,WE,Federal Contract Tower,4,10,0,5,19,0,53,15,18,86,4,63,15,23,105,0,0,0,105
06/10/2016,ADQ,AK,AAL,WE,Federal Contract Tower,4,10,2,1,17,0,47,5,12,64,4,57,7,13,81,5,21,26,107
06/11/2016,ADQ,AK,AAL,WE,Federal Contract Tower,2,12,0,0,14,0,78,7,4,89,2,90,7,4,103,21,28,49,152
06/12/2016,ADQ,AK,AAL,WE,Federal Contract Tower,14,6,0,0,20,0,46,11,2,59,14,52,11,2,79,0,46,46,125
06/13/2016,ADQ,AK,AAL,WE,Federal Contract Tower,4,13,0,2,19,0,58,8,15,81,4,71,8,17,100,0,8,8,108
06/14/2016,ADQ,AK,AAL,WE,Federal Contract Tower,12,4,0,0,16,0,67,2,7,76,12,71,2,7,92,4,26,30,122
06/15/2016,ADQ,AK,AAL,WE,Federal Contract Tower,3,9,1,1,14,1,79,15,19,114,4,88,16,20,128,0,32,32,160
06/16/2016,ADQ,AK,AAL,WE,Federal Contract Tower,4,9,1,0,14,0,87,5,20,112,4,96,6,20,126,1,41,42,168
06/17/2016,ADQ,AK,AAL,WE,Federal Contract Tower,4,16,0,2,22,0,40,7,9,56,4,56,7,11,78,0,35,35,113
06/18/2016,ADQ,AK,AAL,WE,Federal Contract Tower,2,10,1,1,14,0,52,3,3,58,2,62,4,4,72,3,0,3,75
06/19/2016,ADQ,AK,AAL,WE,Federal Contract Tower,4,9,0,0,13,0,43,0,3,46,4,52,0,3,59,0,0,0,59
06/20/2016,ADQ,AK,AAL,WE,Federal Contract Tower,4,10,1,0,15,0,79,12,18,109,4,89,13,18,124,0,18,18,142
06/21/2016,ADQ,AK,AAL,WE,Federal Contract Tower,4,14,0,3,21,0,78,7,19,104,4,92,7,22,125,0,0,0,125
06/22/2016,ADQ,AK,AAL,WE,Federal Contract Tower,4,10,1,2,17,0,69,7,20,96,4,79,8,22,113,0,4,4,117
06/23/2016,ADQ,AK,AAL,WE,Federal Contract Tower,4,16,3,7,30,0,54,3,19,76,4,70,6,26,106,0,0,0,106
06/24/2016,ADQ,AK,AAL,WE,Federal Contract Tower,5,21,0,4,30,0,32,0,1,33,5,53,0,5,63,0,0,0,63
06/25/2016,ADQ,AK,AAL,WE,Federal Contract Tower,2,11,1,4,18,0,61,3,5,69,2,72,4,9,87,0,14,14,101
06/26/2016,ADQ,AK,AAL,WE,Federal Contract Tower,4,13,5,1,23,0,25,4,3,32,4,38,9,4,55,0,0,0,55
06/27/2016,ADQ,AK,AAL,WE,Federal Contract Tower,4,38,5,4,51,0,21,0,2,23,4,59,5,6,74,0,0,0,74
06/28/2016,ADQ,AK,AAL,WE,Federal Contract Tower,4,34,0,6,44,0,41,0,10,51,4,75,0,16,95,0,0,0,95
06/29/2016,ADQ,AK,AAL,WE,Federal Contract Tower,4,27,3,8,42,0,28,1,4,33,4,55,4,12,75,0,0,0,75
06/30/2016,ADQ,AK,AAL,WE,Federal Contract Tower,4,22,1,3,30,0,58,2,9,69,4,80,3,12,99,0,0,0,99
07/01/2016,ADQ,AK,AAL,WE,Federal Contract Tower,3,15,5,0,23,0,99,5,5,109,3,114,10,5,132,0,17,17,149
07/02/2016,ADQ,AK,AAL,WE,Federal Contract Tower,2,10,0,2,14,0,68,7,4,79,2,78,7,6,93,0,8,8,101
07/03/2016,ADQ,AK,AAL,WE,Federal Contract Tower,4,7,0,0,11,0,61,8,2,71,4,68,8,2,82,0,0,0,82
07/04/2016,ADQ,AK,AAL,WE,Federal Contract Tower,3,10,1,0,14,0,4,2,0,6,3,14,3,0,20,0,0,0,20
07/05/2016,ADQ,AK,AAL,WE,Federal Contract Tower,3,20,0,0,23,0,27,1,2,30,3,47,1,2,53,0,14,14,67
07/06/2016,ADQ,AK,AAL,WE,Federal Contract Tower,4,22,0,3,29,0,52,2,9,63,4,74,2,12,92,0,8,8,100
07/07/2016,ADQ,AK,AAL,WE,Federal Contract Tower,2,9,5,1,17,2,72,11,17,102,4,81,16,18,119,0,21,21,140
07/08/2016,ADQ,AK,AAL,WE,Federal Contract Tower,4,10,0,0,14,0,60,10,5,75,4,70,10,5,89,0,0,0,89
07/09/2016,ADQ,AK,AAL,WE,Federal Contract Tower,2,15,0,2,19,0,40,3,1,44,2,55,3,3,63,0,0,0,63
07/10/2016,ADQ,AK,AAL,WE,Federal Contract Tower,3,5,1,1,10,1,39,10,5,55,4,44,11,6,65,0,0,0,65
07/11/2016,ADQ,AK,AAL,WE,Federal Contract Tower,3,8,0,0,11,1,76,4,16,97,4,84,4,16,108,0,10,10,118
07/12/2016,ADQ,AK,AAL,WE,Federal Contract Tower,4,9,0,0,13,0,76,0,7,83,4,85,0,7,96,6,32,38,134
07/13/2016,ADQ,AK,AAL,WE,Federal Contract Tower,4,14,0,5,23,0,77,0,17,94,4,91,0,22,117,4,60,64,181
07/14/2016,ADQ,AK,AAL,WE,Federal Contract Tower,5,12,3,8,28,0,39,0,1,40,5,51,3,9,68,0,0,0,68
07/15/2016,ADQ,AK,AAL,WE,Federal Contract Tower,4,10,2,0,16,0,77,2,14,93,4,87,4,14,109,0,0,0,109
07/16/2016,ADQ,AK,AAL,WE,Federal Contract Tower,2,11,1,0,14,0,62,7,3,72,2,73,8,3,86,0,4,4,90
07/17/2016,ADQ,AK,AAL,WE,Federal Contract Tower,4,8,0,0,12,0,38,6,3,47,4,46,6,3,59,0,0,0,59
07/18/2016,ADQ,AK,AAL,WE,Federal Contract Tower,3,10,0,0,13,1,37,4,18,60,4,47,4,18,73,0,18,18,91
07/19/2016,ADQ,AK,AAL,WE,Federal Contract Tower,3,8,5,3,19,1,57,2,23,83,4,65,7,26,102,0,4,4,106
07/20/2016,ADQ,AK,AAL,WE,Federal Contract Tower,6,12,0,1,19,0,65,4,12,81,6,77,4,13,100,0,0,0,100
07/21/2016,ADQ,AK,AAL,WE,Federal Contract Tower,4,9,2,0,15,0,68,8,15,91,4,77,10,15,106,0,25,25,131
07/22/2016,ADQ,AK,AAL,WE,Federal Contract Tower,4,12,0,0,16,0,47,15,4,66,4,59,15,4,82,10,48,58,140
07/23/2016,ADQ,AK,AAL,WE,Federal Contract Tower,3,13,1,0,17,0,61,5,3,69,3,74,6,3,86,0,0,0,86
07/24/2016,ADQ,AK,AAL,WE,Federal Contract Tower,3,10,1,1,15,1,57,6,3,67,4,67,7,4,82,2,0,2,84
07/25/2016,ADQ,AK,AAL,WE,Federal Contract Tower,4,29,1,2,36,0,16,0,1,17,4,45,1,3,53,0,0,0,53
07/26/2016,ADQ,AK,AAL,WE,Federal Contract Tower,4,12,1,1,18,0,84,11,6,101,4,96,12,7,119,0,14,14,133
07/27/2016,ADQ,AK,AAL,WE,Federal Contract Tower,3,28,1,2,34,0,50,9,3,62,3,78,10,5,96,0,0,0,96
07/28/2016,ADQ,AK,AAL,WE,Federal Contract Tower,4,12,4,6,26,0,64,9,10,83,4,76,13,16,109,0,38,38,147
07/29/2016,ADQ,AK,AAL,WE,Federal Contract Tower,4,11,0,1,16,0,82,16,15,113,4,93,16,16,129,2,26,28,157
07/30/2016,ADQ,AK,AAL,WE,Federal Contract Tower,2,12,0,1,15,0,59,9,5,73,2,71,9,6,88,2,18,20,108
07/31/2016,ADQ,AK,AAL,WE,Federal Contract Tower,3,8,0,0,11,1,43,5,1,50,4,51,5,1,61,0,0,0,61
08/01/2016,ADQ,AK,AAL,WE,Federal Contract Tower,5,12,0,1,18,0,44,0,10,54,5,56,0,11,72,0,34,34,106
08/02/2016,ADQ,AK,AAL,WE,Federal Contract Tower,3,8,0,5,16,1,88,2,18,109,4,96,2,23,125,28,40,68,193
08/03/2016,ADQ,AK,AAL,WE,Federal Contract Tower,3,8,0,1,12,1,69,19,16,105,4,77,19,17,117,0,69,69,186
08/04/2016,ADQ,AK,AAL,WE,Federal Contract Tower,4,15,0,3,22,0,57,3,3,63,4,72,3,6,85,0,0,0,85
08/05/2016,ADQ,AK,AAL,WE,Federal Contract Tower,4,8,1,3,16,0,67,6,10,83,4,75,7,13,99,0,6,6,105
08/06/2016,ADQ,AK,AAL,WE,Federal Contract Tower,2,16,1,0,19,0,87,14,2,103,2,103,15,2,122,2,11,13,135
08/07/2016,ADQ,AK,AAL,WE,Federal Contract Tower,4,8,0,1,13,0,59,10,3,72,4,67,10,4,85,0,0,0,85
08/08/2016,ADQ,AK,AAL,WE,Federal Contract Tower,4,11,0,1,16,0,71,9,5,85,4,82,9,6,101,0,18,18,119
08/09/2016,ADQ,AK,AAL,WE,Federal Contract Tower,4,13,0,1,18,0,70,15,7,92,4,83,15,8,110,12,8,20,130
08/10/2016,ADQ,AK,AAL,WE,Federal Contract Tower,4,9,9,5,27,0,27,1,1,29,4,36,10,6,56,0,0,0,56
08/11/2016,ADQ,AK,AAL,WE,Federal Contract Tower,3,11,0,1,15,1,104,7,13,125,4,115,7,14,140,0,38,38,178
08/12/2016,ADQ,AK,AAL,WE,Federal Contract Tower,4,21,3,1,29,0,37,2,4,43,4,58,5,5,72,0,0,0,72
08/13/2016,ADQ,AK,AAL,WE,Federal Contract Tower,2,28,0,0,30,0,47,0,0,47,2,75,0,0,77,0,0,0,77
08/14/2016,ADQ,AK,AAL,WE,Federal Contract Tower,4,17,1,0,22,0,39,1,0,40,4,56,2,0,62,0,0,0,62
08/15/2016,ADQ,AK,AAL,WE,Federal Contract Tower,4,13,1,2,20,0,85,8,17,110,4,98,9,19,130,0,106,106,236
08/16/2016,ADQ,AK,AAL,WE,Federal Contract Tower,3,17,0,2,22,1,40,0,7,48,4,57,0,9,70,0,20,20,90
08/17/2016,ADQ,AK,AAL,WE,Federal Contract Tower,3,10,1,5,19,0,54,6,9,69,3,64,7,14,88,0,0,0,88
08/18/2016,ADQ,AK,AAL,WE,Federal Contract Tower,4,12,2,4,22,0,74,14,19,107,4,86,16,23,129,0,33,33,162
08/19/2016,ADQ,AK,AAL,WE,Federal Contract Tower,3,11,0,1,15,1,73,7,13,94,4,84,7,14,109,0,42,42,151
08/20/2016,ADQ,AK,AAL,WE,Federal Contract Tower,2,11,0,0,13,0,72,21,6,99,2,83,21,6,112,0,18,18,130
08/21/2016,ADQ,AK,AAL,WE,Federal Contract Tower,3,8,1,2,14,1,50,1,4,56,4,58,2,6,70,0,0,0,70
08/22/2016,ADQ,AK,AAL,WE,Federal Contract Tower,4,21,0,8,33,0,45,5,6,56,4,66,5,14,89,0,14,14,103
08/23/2016,ADQ,AK,AAL,WE,Federal Contract Tower,3,11,2,7,23,0,93,22,23,138,3,104,24,30,161,0,52,52,213
08/24/2016,ADQ,AK,AAL,WE,Federal Contract Tower,4,12,2,1,19,0,73,8,16,97,4,85,10,17,116,0,30,30,146
08/25/2016,ADQ,AK,AAL,WE,Federal Contract Tower,4,13,1,5,23,0,53,13,14,80,4,66,14,19,103,0,54,54,157
08/26/2016,ADQ,AK,AAL,WE,Federal Contract Tower,4,10,2,1,17,0,82,35,15,132,4,92,37,16,149,0,67,67,216
08/27/2016,ADQ,AK,AAL,WE,Federal Contract Tower,2,12,2,1,17,0,73,37,0,110,2,85,39,1,127,0,0,0,127
08/28/2016,ADQ,AK,AAL,WE,Federal Contract Tower,4,7,1,0,12,0,59,9,6,74,4,66,10,6,86,0,4,4,90
08/29/2016,ADQ,AK,AAL,WE,Federal Contract Tower,3,11,0,0,14,1,71,20,9,101,4,82,20,9,115,0,0,0,115
08/30/2016,ADQ,AK,AAL,WE,Federal Contract Tower,4,11,0,0,15,0,77,29,25,131,4,88,29,25,146,10,58,68,214
08/31/2016,ADQ,AK,AAL,WE,Federal Contract Tower,4,9,0,0,13,0,67,27,11,105,4,76,27,11,118,12,7,19,137
09/01/2016,ADQ,AK,AAL,WE,Federal Contract Tower,4,9,1,1,15,0,61,21,16,98,4,70,22,17,113,9,37,46,159
09/02/2016,ADQ,AK,AAL,WE,Federal Contract Tower,4,7,0,2,13,0,76,33,10,119,4,83,33,12,132,0,26,26,158
09/03/2016,ADQ,AK,AAL,WE,Federal Contract Tower,2,31,0,2,35,0,32,16,5,53,2,63,16,7,88,0,6,6,94
09/04/2016,ADQ,AK,AAL,WE,Federal Contract Tower,4,16,4,0,24,0,14,6,1,21,4,30,10,1,45,0,0,0,45
09/05/2016,ADQ,AK,AAL,WE,Federal Contract Tower,4,9,0,0,13,0,37,17,0,54,4,46,17,0,67,0,0,0,67
09/06/2016,ADQ,AK,AAL,WE,Federal Contract Tower,5,6,0,1,12,0,49,11,13,73,5,55,11,14,85,0,24,24,109
09/07/2016,ADQ,AK,AAL,WE,Federal Contract Tower,4,9,0,1,14,0,75,28,18,121,4,84,28,19,135,0,17,17,152
09/08/2016,ADQ,AK,AAL,WE,Federal Contract Tower,4,12,0,5,21,0,62,11,17,90,4,74,11,22,111,6,43,49,160
09/09/2016,ADQ,AK,AAL,WE,Federal Contract Tower,4,15,0,1,20,0,54,8,11,73,4,69,8,12,93,0,13,13,106
09/10/2016,ADQ,AK,AAL,WE,Federal Contract Tower,2,10,0,0,12,0,70,11,5,86,2,80,11,5,98,0,38,38,136
09/11/2016,ADQ,AK,AAL,WE,Federal Contract Tower,4,6,0,0,10,0,10,0,2,12,4,16,0,2,22,0,0,0,22
09/12/2016,ADQ,AK,AAL,WE,Federal Contract Tower,4,10,3,0,17,0,51,3,11,65,4,61,6,11,82,6,14,20,102
09/13/2016,ADQ,AK,AAL,WE,Federal Contract Tower,4,7,0,0,11,0,85,12,5,102,4,92,12,5,113,0,0,0,113
09/14/2016,ADQ,AK,AAL,WE,Federal Contract Tower,4,34,3,7,48,0,18,0,4,22,4,52,3,11,70,0,0,0,70
09/15/2016,ADQ,AK,AAL,WE,Federal Contract Tower,4,10,1,3,18,0,55,7,22,84,4,65,8,25,102,0,30,30,132
09/16/2016,ADQ,AK,AAL,WE,Federal Contract Tower,3,13,2,1,19,1,50,16,13,80,4,63,18,14,99,0,21,21,120
09/17/2016,ADQ,AK,AAL,WE,Federal Contract Tower,2,8,0,0,10,0,47,13,5,65,2,55,13,5,75,0,9,9,84
09/18/2016,ADQ,AK,AAL,WE,Federal Contract Tower,4,8,0,0,12,0,24,9,3,36,4,32,9,3,48,0,0,0,48
09/19/2016,ADQ,AK,AAL,WE,Federal Contract Tower,4,9,0,2,15,0,67,13,14,94,4,76,13,16,109,0,58,58,167
09/20/2016,ADQ,AK,AAL,WE,Federal Contract Tower,2,9,0,3,14,0,5,0,4,9,2,14,0,7,23,0,22,22,45
09/21/2016,ADQ,AK,AAL,WE,Federal Contract Tower,3,13,0,1,17,0,48,2,15,65,3,61,2,16,82,0,112,112,194
09/22/2016,ADQ,AK,AAL,WE,Federal Contract Tower,4,10,0,4,18,0,56,4,16,76,4,66,4,20,94,0,2,2,96
09/23/2016,ADQ,AK,AAL,WE,Federal Contract Tower,4,10,0,1,15,0,72,5,10,87,4,82,5,11,102,0,80,80,182
09/24/2016,ADQ,AK,AAL,WE,Federal Contract Tower,2,8,0,1,11,0,52,13,3,68,2,60,13,4,79,4,10,14,93
09/25/2016,ADQ,AK,AAL,WE,Federal Contract Tower,4,7,0,1,12,0,21,5,6,32,4,28,5,7,44,0,16,16,60
09/26/2016,ADQ,AK,AAL,WE,Federal Contract Tower,4,9,0,0,13,0,41,9,16,66,4,50,9,16,79,2,64,66,145
09/27/2016,ADQ,AK,AAL,WE,Federal Contract Tower,5,10,0,1,16,0,52,8,9,69,5,62,8,10,85,2,0,2,87
09/28/2016,ADQ,AK,AAL,WE,Federal Contract Tower,4,9,0,1,14,0,55,15,9,79,4,64,15,10,93,0,26,26,119
09/29/2016,ADQ,AK,AAL,WE,Federal Contract Tower,4,8,0,0,12,0,58,12,9,79,4,66,12,9,91,10,45,55,146
09/30/2016,ADQ,AK,AAL,WE,Federal Contract Tower,4,10,1,2,17,0,65,20,8,93,4,75,21,10,110,12,6,18,128
10/01/2016,ADQ,AK,AAL,WE,Federal Contract Tower,2,7,0,0,9,0,2,0,1,3,2,9,0,1,12,0,0,0,12
10/02/2016,ADQ,AK,AAL,WE,Federal Contract Tower,4,7,0,2,13,0,31,2,0,33,4,38,2,2,46,0,0,0,46
10/03/2016,ADQ,AK,AAL,WE,Federal Contract Tower,4,10,0,0,14,0,47,2,29,78,4,57,2,29,92,0,32,32,124
10/04/2016,ADQ,AK,AAL,WE,Federal Contract Tower,4,9,0,0,13,0,60,5,6,71,4,69,5,6,84,7,0,7,91
10/05/2016,ADQ,AK,AAL,WE,Federal Contract Tower,4,8,3,0,15,0,66,13,17,96,4,74,16,17,111,0,4,4,115
10/06/2016,ADQ,AK,AAL,WE,Federal Contract Tower,4,10,1,2,17,0,55,10,10,75,4,65,11,12,92,2,18,20,112
10/07/2016,ADQ,AK,AAL,WE,Federal Contract Tower,4,13,0,0,17,0,60,7,4,71,4,73,7,4,88,13,49,62,150
10/08/2016,ADQ,AK,AAL,WE,Federal Contract Tower,1,8,1,0,10,1,49,2,2,54,2,57,3,2,64,0,21,21,85
10/09/2016,ADQ,AK,AAL,WE,Federal Contract Tower,4,5,0,0,9,0,18,2,0,20,4,23,2,0,29,0,0,0,29
10/10/2016,ADQ,AK,AAL,WE,Federal Contract Tower,4,17,0,2,23,0,27,0,3,30,4,44,0,5,53,12,0,12,65
10/11/2016,ADQ,AK,AAL,WE,Federal Contract Tower,0,3,0,1,4,0,0,0,0,0,0,3,0,1,4,0,0,0,4
10/12/2016,ADQ,AK,AAL,WE,Federal Contract Tower,4,25,1,7,37,0,0,0,0,0,4,25,1,7,37,0,0,0,37
10/13/2016,ADQ,AK,AAL,WE,Federal Contract Tower,4,24,1,4,33,0,47,4,4,55,4,71,5,8,88,0,2,2,90
10/14/2016,ADQ,AK,AAL,WE,Federal Contract Tower,3,9,0,0,12,1,93,14,12,120,4,102,14,12,132,7,20,27,159
10/15/2016,ADQ,AK,AAL,WE,Federal Contract Tower,2,8,0,0,10,0,53,5,0,58,2,61,5,0,68,0,2,2,70
10/16/2016,ADQ,AK,AAL,WE,Federal Contract Tower,4,7,0,0,11,0,41,9,1,51,4,48,9,1,62,0,4,4,66
10/17/2016,ADQ,AK,AAL,WE,Federal Contract Tower,4,8,0,0,12,0,47,3,5,55,4,55,3,5,67,0,6,6,73
10/18/2016,ADQ,AK,AAL,WE,Federal Contract Tower,2,8,2,2,14,0,3,0,5,8,2,11,2,7,22,0,10,10,32
10/19/2016,ADQ,AK,AAL,WE,Federal Contract Tower,4,17,0,4,25,0,36,4,2,42,4,53,4,6,67,0,0,0,67
10/20/2016,ADQ,AK,AAL,WE,Federal Contract Tower,4,12,0,1,17,0,46,10,12,68,4,58,10,13,85,2,7,9,94
10/21/2016,ADQ,AK,AAL,WE,Federal Contract Tower,4,9,0,0,13,0,56,7,7,70,4,65,7,7,83,0,8,8,91
10/22/2016,ADQ,AK,AAL,WE,Federal Contract Tower,2,11,1,1,15,0,33,5,3,41,2,44,6,4,56,0,22,22,78
10/23/2016,ADQ,AK,AAL,WE,Federal Contract Tower,4,8,0,0,12,0,48,4,4,56,4,56,4,4,68,0,0,0,68
10/24/2016,ADQ,AK,AAL,WE,Federal Contract Tower,4,9,0,0,13,0,82,2,16,100,4,91,2,16,113,0,20,20,133
10/25/2016,ADQ,AK,AAL,WE,Federal Contract Tower,3,9,0,1,13,2,60,8,9,79,5,69,8,10,92,16,11,27,119
10/26/2016,ADQ,AK,AAL,WE,Federal Contract Tower,4,13,0,3,20,0,43,7,4,54,4,56,7,7,74,0,0,0,74
10/27/2016,ADQ,AK,AAL,WE,Federal Contract Tower,4,10,1,1,16,0,24,2,6,32,4,34,3,7,48,0,0,0,48
10/28/2016,ADQ,AK,AAL,WE,Federal Contract Tower,4,8,1,0,13,0,50,12,12,74,4,58,13,12,87,5,19,24,111
10/29/2016,ADQ,AK,AAL,WE,Federal Contract Tower,2,17,1,5,25,0,43,5,0,48,2,60,6,5,73,0,38,38,111
10/30/2016,ADQ,AK,AAL,WE,Federal Contract Tower,4,8,0,1,13,0,39,18,3,60,4,47,18,4,73,8,6,14,87
10/31/2016,ADQ,AK,AAL,WE,Federal Contract Tower,4,13,1,1,19,0,12,0,7,19,4,25,1,8,38,0,6,6,44
11/01/2016,ADQ,AK,AAL,WE,Federal Contract Tower,4,8,0,1,13,0,75,20,12,107,4,83,20,13,120,0,0,0,120
11/02/2016,ADQ,AK,AAL,WE,Federal Contract Tower,4,10,0,1,15,0,37,16,4,57,4,47,16,5,72,0,5,5,77
11/03/2016,ADQ,AK,AAL,WE,Federal Contract Tower,4,9,1,1,15,0,56,21,7,84,4,65,22,8,99,0,24,24,123
11/04/2016,ADQ,AK,AAL,WE,Federal Contract Tower,3,8,1,1,13,1,54,16,5,76,4,62,17,6,89,11,19,30,119
11/05/2016,ADQ,AK,AAL,WE,Federal Contract Tower,2,8,0,0,10,0,72,8,3,83,2,80,8,3,93,15,4,19,112
11/06/2016,ADQ,AK,AAL,WE,Federal Contract Tower,4,8,0,0,12,0,20,0,2,22,4,28,0,2,34,0,0,0,34
11/07/2016,ADQ,AK,AAL,WE,Federal Contract Tower,2,15,1,5,23,0,17,0,4,21,2,32,1,9,44,6,0,6,50
11/08/2016,ADQ,AK,AAL,WE,Federal Contract Tower,6,21,1,6,34,0,37,5,8,50,6,58,6,14,84,0,11,11,95
11/09/2016,ADQ,AK,AAL,WE,Federal Contract Tower,2,15,0,7,24,0,21,6,3,30,2,36,6,10,54,0,0,0,54
11/10/2016,ADQ,AK,AAL,WE,Federal Contract Tower,4,12,0,1,17,0,61,15,6,82,4,73,15,7,99,0,0,0,99
11/11/2016,ADQ,AK,AAL,WE,Federal Contract Tower,4,13,0,0,17,0,40,10,5,55,4,53,10,5,72,0,13,13,85
11/12/2016,ADQ,AK,AAL,WE,Federal Contract Tower,2,8,0,0,10,0,33,2,0,35,2,41,2,0,45,0,0,0,45
11/13/2016,ADQ,AK,AAL,WE,Federal Contract Tower,4,10,0,0,14,0,34,0,1,35,4,44,0,1,49,0,0,0,49
11/14/2016,ADQ,AK,AAL,WE,Federal Contract Tower,4,17,0,4,25,0,37,10,6,53,4,54,10,10,78,0,0,0,78
11/15/2016,ADQ,AK,AAL,WE,Federal Contract Tower,4,13,1,3,21,0,25,4,17,46,4,38,5,20,67,0,8,8,75
11/16/2016,ADQ,AK,AAL,WE,Federal Contract Tower,4,12,0,1,17,0,47,16,23,86,4,59,16,24,103,7,15,22,125
11/17/2016,ADQ,AK,AAL,WE,Federal Contract Tower,3,13,2,1,19,0,58,18,14,90,3,71,20,15,109,0,26,26,135
11/18/2016,ADQ,AK,AAL,WE,Federal Contract Tower,4,12,1,0,17,0,53,20,9,82,4,65,21,9,99,2,13,15,114
11/19/2016,ADQ,AK,AAL,WE,Federal Contract Tower,2,8,0,0,10,0,75,7,4,86,2,83,7,4,96,2,0,2,98
11/20/2016,ADQ,AK,AAL,WE,Federal Contract Tower,4,6,1,1,12,0,4,1,0,5,4,10,2,1,17,0,0,0,17
11/21/2016,ADQ,AK,AAL,WE,Federal Contract Tower,4,11,1,3,19,0,44,11,16,71,4,55,12,19,90,0,25,25,115
11/22/2016,ADQ,AK,AAL,WE,Federal Contract Tower,4,10,4,4,22,0,46,13,26,85,4,56,17,30,107,0,97,97,204
11/23/2016,ADQ,AK,AAL,WE,Federal Contract Tower,4,11,0,3,18,0,31,3,0,34,4,42,3,3,52,0,0,0,52
11/24/2016,ADQ,AK,AAL,WE,Federal Contract Tower,0,2,0,0,2,0,3,7,0,10,0,5,7,0,12,0,0,0,12
11/25/2016,ADQ,AK,AAL,WE,Federal Contract Tower,2,11,2,1,16,0,42,9,3,54,2,53,11,4,70,0,2,2,72
11/26/2016,ADQ,AK,AAL,WE,Federal Contract Tower,2,6,0,0,8,0,6,0,1,7,2,12,0,1,15,0,21,21,36
11/27/2016,ADQ,AK,AAL,WE,Federal Contract Tower,3,6,0,2,11,1,12,1,2,16,4,18,1,4,27,0,0,0,27
11/28/2016,ADQ,AK,AAL,WE,Federal Contract Tower,4,11,1,1,17,0,57,15,3,75,4,68,16,4,92,0,0,0,92
11/29/2016,ADQ,AK,AAL,WE,Federal Contract Tower,4,10,0,2,16,0,44,9,13,66,4,54,9,15,82,0,14,14,96
11/30/2016,ADQ,AK,AAL,WE,Federal Contract Tower,4,14,0,2,20,0,30,7,8,45,4,44,7,10,65,0,13,13,78
12/01/2016,ADQ,AK,AAL,WE,Federal Contract Tower,3,14,0,4,21,0,29,12,7,48,3,43,12,11,69,0,2,2,71
12/02/2016,ADQ,AK,AAL,WE,Federal Contract Tower,0,2,0,0,2,0,3,0,0,3,0,5,0,0,5,0,0,0,5
12/03/2016,ADQ,AK,AAL,WE,Federal Contract Tower,0,0,0,0,0,0,0,0,0,0,0,0,0,0,0,0,0,0,0
12/04/2016,ADQ,AK,AAL,WE,Federal Contract Tower,5,17,0,0,22,1,54,7,5,67,6,71,7,5,89,0,0,0,89
12/05/2016,ADQ,AK,AAL,WE,Federal Contract Tower,6,19,4,6,35,0,18,0,5,23,6,37,4,11,58,0,0,0,58
12/06/2016,ADQ,AK,AAL,WE,Federal Contract Tower,6,13,0,0,19,0,30,6,27,63,6,43,6,27,82,0,39,39,121
12/07/2016,ADQ,AK,AAL,WE,Federal Contract Tower,4,12,0,4,20,0,11,1,6,18,4,23,1,10,38,0,0,0,38
12/08/2016,ADQ,AK,AAL,WE,Federal Contract Tower,2,10,0,8,20,0,37,7,7,51,2,47,7,15,71,0,48,48,119
12/09/2016,ADQ,AK,AAL,WE,Federal Contract Tower,3,15,2,2,22,0,37,8,12,57,3,52,10,14,79,0,8,8,87
12/10/2016,ADQ,AK,AAL,WE,Federal Contract Tower,2,8,0,0,10,0,42,11,5,58,2,50,11,5,68,1,0,1,69
12/11/2016,ADQ,AK,AAL,WE,Federal Contract Tower,3,8,0,1,12,1,34,4,1,40,4,42,4,2,52,0,0,0,52
12/12/2016,ADQ,AK,AAL,WE,Federal Contract Tower,4,8,0,2,14,0,61,4,23,88,4,69,4,25,102,0,6,6,108
12/13/2016,ADQ,AK,AAL,WE,Federal Contract Tower,4,12,0,0,16,0,32,8,18,58,4,44,8,18,74,2,43,45,119
12/14/2016,ADQ,AK,AAL,WE,Federal Contract Tower,4,16,0,0,20,0,37,8,9,54,4,53,8,9,74,0,26,26,100
12/15/2016,ADQ,AK,AAL,WE,Federal Contract Tower,4,11,0,1,16,0,39,7,0,46,4,50,7,1,62,0,0,0,62
12/16/2016,ADQ,AK,AAL,WE,Federal Contract Tower,4,16,0,0,20,0,26,11,4,41,4,42,11,4,61,0,0,0,61
12/17/2016,ADQ,AK,AAL,WE,Federal Contract Tower,2,10,0,0,12,1,42,13,4,60,3,52,13,4,72,0,0,0,72
12/18/2016,ADQ,AK,AAL,WE,Federal Contract Tower,3,10,0,0,13,0,6,0,2,8,3,16,0,2,21,0,0,0,21
12/19/2016,ADQ,AK,AAL,WE,Federal Contract Tower,5,11,0,1,17,1,39,12,12,64,6,50,12,13,81,0,40,40,121
12/20/2016,ADQ,AK,AAL,WE,Federal Contract Tower,4,9,0,1,14,0,35,14,10,59,4,44,14,11,73,0,60,60,133
12/21/2016,ADQ,AK,AAL,WE,Federal Contract Tower,0,8,1,0,9,0,27,7,7,41,0,35,8,7,50,14,5,19,69
12/22/2016,ADQ,AK,AAL,WE,Federal Contract Tower,6,9,0,0,15,0,30,9,5,44,6,39,9,5,59,0,20,20,79
12/23/2016,ADQ,AK,AAL,WE,Federal Contract Tower,4,9,0,1,14,0,48,9,8,65,4,57,9,9,79,5,33,38,117
12/24/2016,ADQ,AK,AAL,WE,Federal Contract Tower,0,3,0,0,3,0,1,0,0,1,0,4,0,0,4,0,0,0,4
12/25/2016,ADQ,AK,AAL,WE,Federal Contract Tower,0,1,0,0,1,0,1,2,0,3,0,2,2,0,4,0,0,0,4
12/26/2016,ADQ,AK,AAL,WE,Federal Contract Tower,4,11,0,0,15,0,2,0,5,7,4,13,0,5,22,0,0,0,22
12/27/2016,ADQ,AK,AAL,WE,Federal Contract Tower,6,9,0,0,15,0,46,16,2,64,6,55,16,2,79,10,0,10,89
12/28/2016,ADQ,AK,AAL,WE,Federal Contract Tower,3,13,0,1,17,1,26,9,4,40,4,39,9,5,57,0,7,7,64
12/29/2016,ADQ,AK,AAL,WE,Federal Contract Tower,4,9,0,0,13,0,33,10,3,46,4,42,10,3,59,5,8,13,72
12/30/2016,ADQ,AK,AAL,WE,Federal Contract Tower,3,8,0,0,11,0,18,1,5,24,3,26,1,5,35,0,3,3,38
12/31/2016,ADQ,AK,AAL,WE,Federal Contract Tower,2,6,0,0,8,0,24,5,0,29,2,30,5,0,37,4,0,4,41
01/01/2017,ADQ,AK,AAL,WE,Federal Contract Tower,2,2,0,0,4,0,0,3,0,3,2,2,3,0,7,0,0,0,7
01/02/2017,ADQ,AK,AAL,WE,Federal Contract Tower,4,8,0,0,12,0,22,4,3,29,4,30,4,3,41,0,12,12,53
01/03/2017,ADQ,AK,AAL,WE,Federal Contract Tower,6,11,0,1,18,0,29,9,1,39,6,40,9,2,57,0,0,0,57
01/04/2017,ADQ,AK,AAL,WE,Federal Contract Tower,3,9,0,2,14,0,34,12,5,51,3,43,12,7,65,0,14,14,79
01/05/2017,ADQ,AK,AAL,WE,Federal Contract Tower,4,9,0,0,13,0,10,1,12,23,4,19,1,12,36,0,9,9,45
01/06/2017,ADQ,AK,AAL,WE,Federal Contract Tower,3,15,0,1,19,0,16,1,8,25,3,31,1,9,44,0,0,0,44
01/07/2017,ADQ,AK,AAL,WE,Federal Contract Tower,2,8,0,0,10,0,28,1,2,31,2,36,1,2,41,6,0,6,47
01/08/2017,ADQ,AK,AAL,WE,Federal Contract Tower,4,6,0,0,10,0,23,5,5,33,4,29,5,5,43,0,0,0,43
01/09/2017,ADQ,AK,AAL,WE,Federal Contract Tower,4,12,0,1,17,0,32,2,15,49,4,44,2,16,66,0,62,62,128
01/10/2017,ADQ,AK,AAL,WE,Federal Contract Tower,4,12,0,3,19,0,37,9,10,56,4,49,9,13,75,0,26,26,101
01/11/2017,ADQ,AK,AAL,WE,Federal Contract Tower,2,9,0,1,12,0,52,7,11,70,2,61,7,12,82,6,52,58,140
01/12/2017,ADQ,AK,AAL,WE,Federal Contract Tower,4,11,0,1,16,0,33,5,8,46,4,44,5,9,62,0,36,36,98
01/13/2017,ADQ,AK,AAL,WE,Federal Contract Tower,2,14,0,2,18,0,13,6,0,19,2,27,6,2,37,0,0,0,37
01/14/2017,ADQ,AK,AAL,WE,Federal Contract Tower,2,10,0,1,13,0,32,1,8,41,2,42,1,9,54,0,2,2,56
01/15/2017,ADQ,AK,AAL,WE,Federal Contract Tower,4,8,2,1,15,0,8,0,4,12,4,16,2,5,27,0,0,0,27
01/16/2017,ADQ,AK,AAL,WE,Federal Contract Tower,4,6,0,0,10,0,11,1,12,24,4,17,1,12,34,0,4,4,38
01/17/2017,ADQ,AK,AAL,WE,Federal Contract Tower,4,12,1,0,17,0,43,13,10,66,4,55,14,10,83,0,1,1,84
01/18/2017,ADQ,AK,AAL,WE,Federal Contract Tower,2,10,1,0,13,0,29,3,8,40,2,39,4,8,53,0,13,13,66
01/19/2017,ADQ,AK,AAL,WE,Federal Contract Tower,2,5,6,0,13,0,40,10,16,66,2,45,16,16,79,0,17,17,96
01/20/2017,ADQ,AK,AAL,WE,Federal Contract Tower,2,6,0,0,8,0,8,0,5,13,2,14,0,5,21,0,4,4,25
01/21/2017,ADQ,AK,AAL,WE,Federal Contract Tower,2,8,1,2,13,0,34,3,5,42,2,42,4,7,55,0,8,8,63
01/22/2017,ADQ,AK,AAL,WE,Federal Contract Tower,4,7,0,0,11,0,22,3,5,30,4,29,3,5,41,0,0,0,41
01/23/2017,ADQ,AK,AAL,WE,Federal Contract Tower,2,3,0,0,5,0,8,0,8,16,2,11,0,8,21,0,0,0,21
01/24/2017,ADQ,AK,AAL,WE,Federal Contract Tower,2,16,0,2,20,0,30,2,12,44,2,46,2,14,64,0,10,10,74
01/25/2017,ADQ,AK,AAL,WE,Federal Contract Tower,2,14,1,5,22,0,13,0,12,25,2,27,1,17,47,1,40,41,88
01/26/2017,ADQ,AK,AAL,WE,Federal Contract Tower,4,9,0,5,18,0,22,8,14,44,4,31,8,19,62,0,28,28,90
01/27/2017,ADQ,AK,AAL,WE,Federal Contract Tower,1,11,0,0,12,1,52,14,2,69,2,63,14,2,81,0,12,12,93
01/28/2017,ADQ,AK,AAL,WE,Federal Contract Tower,2,7,0,1,10,1,53,9,6,69,3,60,9,7,79,11,2,13,92
01/29/2017,ADQ,AK,AAL,WE,Federal Contract Tower,4,8,0,0,12,0,16,0,1,17,4,24,0,1,29,4,23,27,56
01/30/2017,ADQ,AK,AAL,WE,Federal Contract Tower,2,12,0,2,16,0,9,0,8,17,2,21,0,10,33,0,12,12,45
01/31/2017,ADQ,AK,AAL,WE,Federal Contract Tower,5,13,0,1,19,0,32,17,10,59,5,45,17,11,78,14,52,66,144
02/01/2017,ADQ,AK,AAL,WE,Federal Contract Tower,2,15,0,2,19,0,33,15,10,58,2,48,15,12,77,4,2,6,83
02/02/2017,ADQ,AK,AAL,WE,Federal Contract Tower,4,9,2,2,17,0,34,18,6,58,4,43,20,8,75,0,33,33,108
02/03/2017,ADQ,AK,AAL,WE,Federal Contract Tower,2,10,2,0,14,0,50,11,8,69,2,60,13,8,83,0,73,73,156
02/04/2017,ADQ,AK,AAL,WE,Federal Contract Tower,2,10,1,0,13,0,32,12,2,46,2,42,13,2,59,2,0,2,61
02/05/2017,ADQ,AK,AAL,WE,Federal Contract Tower,4,6,0,0,10,0,24,11,0,35,4,30,11,0,45,0,0,0,45
02/06/2017,ADQ,AK,AAL,WE,Federal Contract Tower,2,14,0,0,16,0,28,0,0,28,2,42,0,0,44,6,0,6,50
02/07/2017,ADQ,AK,AAL,WE,Federal Contract Tower,4,10,1,2,17,0,27,7,1,35,4,37,8,3,52,0,2,2,54
02/08/2017,ADQ,AK,AAL,WE,Federal Contract Tower,1,10,1,1,13,1,39,11,7,58,2,49,12,8,71,0,21,21,92
02/09/2017,ADQ,AK,AAL,WE,Federal Contract Tower,4,11,0,1,16,0,16,1,2,19,4,27,1,3,35,0,34,34,69
02/10/2017,ADQ,AK,AAL,WE,Federal Contract Tower,1,11,0,3,15,1,5,3,3,12,2,16,3,6,27,0,14,14,41
02/11/2017,ADQ,AK,AAL,WE,Federal Contract Tower,2,8,1,2,13,0,56,8,2,66,2,64,9,4,79,0,0,0,79
02/12/2017,ADQ,AK,AAL,WE,Federal Contract Tower,2,2,0,1,5,0,0,0,0,0,2,2,0,1,5,0,0,0,5
02/13/2017,ADQ,AK,AAL,WE,Federal Contract Tower,2,7,0,2,11,0,14,0,5,19,2,21,0,7,30,0,0,0,30
02/14/2017,ADQ,AK,AAL,WE,Federal Contract Tower,4,10,0,0,14,0,35,12,11,58,4,45,12,11,72,4,18,22,94
02/15/2017,ADQ,AK,AAL,WE,Federal Contract Tower,2,7,0,4,13,0,4,0,0,4,2,11,0,4,17,0,0,0,17
02/16/2017,ADQ,AK,AAL,WE,Federal Contract Tower,3,12,1,2,18,1,56,11,10,78,4,68,12,12,96,0,43,43,139
02/17/2017,ADQ,AK,AAL,WE,Federal Contract Tower,2,11,0,2,15,0,37,9,7,53,2,48,9,9,68,0,26,26,94
02/18/2017,ADQ,AK,AAL,WE,Federal Contract Tower,2,7,0,0,9,0,56,15,3,74,2,63,15,3,83,5,56,61,144
02/19/2017,ADQ,AK,AAL,WE,Federal Contract Tower,4,6,0,1,11,0,20,6,3,29,4,26,6,4,40,2,0,2,42
02/20/2017,ADQ,AK,AAL,WE,Federal Contract Tower,4,12,0,1,17,0,27,11,4,42,4,39,11,5,59,0,20,20,79
02/21/2017,ADQ,AK,AAL,WE,Federal Contract Tower,4,11,0,2,17,0,35,13,15,63,4,46,13,17,80,0,40,40,120
02/22/2017,ADQ,AK,AAL,WE,Federal Contract Tower,2,9,3,2,16,0,43,16,15,74,2,52,19,17,90,4,52,56,146
02/23/2017,ADQ,AK,AAL,WE,Federal Contract Tower,7,10,0,4,21,1,33,31,11,76,8,43,31,15,97,18,44,62,159
02/24/2017,ADQ,AK,AAL,WE,Federal Contract Tower,2,9,0,0,11,0,47,22,7,76,2,56,22,7,87,8,44,52,139
02/25/2017,ADQ,AK,AAL,WE,Federal Contract Tower,2,6,0,0,8,0,40,20,3,63,2,46,20,3,71,0,5,5,76
02/26/2017,ADQ,AK,AAL,WE,Federal Contract Tower,4,6,0,0,10,0,22,5,2,29,4,28,5,2,39,0,10,10,49
02/27/2017,ADQ,AK,AAL,WE,Federal Contract Tower,4,9,0,4,17,0,34,2,6,42,4,43,2,10,59,0,18,18,77
02/28/2017,ADQ,AK,AAL,WE,Federal Contract Tower,3,11,0,0,14,1,5,0,13,19,4,16,0,13,33,1,18,19,52
03/01/2017,ADQ,AK,AAL,WE,Federal Contract Tower,2,11,0,5,18,0,25,11,8,44,2,36,11,13,62,0,47,47,109
03/02/2017,ADQ,AK,AAL,WE,Federal Contract Tower,4,10,2,0,16,0,8,1,0,9,4,18,3,0,25,0,0,0,25
03/03/2017,ADQ,AK,AAL,WE,Federal Contract Tower,2,5,0,0,7,0,6,1,5,12,2,11,1,5,19,0,25,25,44
03/04/2017,ADQ,AK,AAL,WE,Federal Contract Tower,2,8,0,0,10,0,38,11,4,53,2,46,11,4,63,0,0,0,63
03/05/2017,ADQ,AK,AAL,WE,Federal Contract Tower,4,6,0,0,10,0,30,6,2,38,4,36,6,2,48,0,0,0,48
03/06/2017,ADQ,AK,AAL,WE,Federal Contract Tower,4,12,0,0,16,0,31,8,22,61,4,43,8,22,77,0,56,56,133
03/07/2017,ADQ,AK,AAL,WE,Federal Contract Tower,4,9,0,2,15,0,36,8,20,64,4,45,8,22,79,0,29,29,108
03/08/2017,ADQ,AK,AAL,WE,Federal Contract Tower,3,8,0,0,11,0,34,7,13,54,3,42,7,13,65,0,5,5,70
03/09/2017,ADQ,AK,AAL,WE,Federal Contract Tower,4,9,0,1,14,0,62,11,12,85,4,71,11,13,99,0,35,35,134
03/10/2017,ADQ,AK,AAL,WE,Federal Contract Tower,2,11,0,0,13,0,45,9,4,58,2,56,9,4,71,0,0,0,71
03/11/2017,ADQ,AK,AAL,WE,Federal Contract Tower,2,8,0,1,11,0,29,10,4,43,2,37,10,5,54,4,0,4,58
03/12/2017,ADQ,AK,AAL,WE,Federal Contract Tower,4,11,0,0,15,0,14,2,0,16,4,25,2,0,31,0,0,0,31
03/13/2017,ADQ,AK,AAL,WE,Federal Contract Tower,5,10,0,0,15,1,55,4,13,73,6,65,4,13,88,0,2,2,90
03/14/2017,ADQ,AK,AAL,WE,Federal Contract Tower,4,9,2,1,16,0,10,2,13,25,4,19,4,14,41,0,1,1,42
03/15/2017,ADQ,AK,AAL,WE,Federal Contract Tower,4,14,2,3,23,0,21,5,10,36,4,35,7,13,59,0,3,3,62
03/16/2017,ADQ,AK,AAL,WE,Federal Contract Tower,4,10,0,0,14,0,12,4,1,17,4,22,4,1,31,0,0,0,31
03/17/2017,ADQ,AK,AAL,WE,Federal Contract Tower,3,11,0,1,15,1,64,10,0,75,4,75,10,1,90,0,0,0,90
03/18/2017,ADQ,AK,AAL,WE,Federal Contract Tower,2,11,0,2,15,0,45,6,7,58,2,56,6,9,73,0,0,0,73
03/19/2017,ADQ,AK,AAL,WE,Federal Contract Tower,4,7,0,2,13,0,28,6,2,36,4,35,6,4,49,0,8,8,57
03/20/2017,ADQ,AK,AAL,WE,Federal Contract Tower,3,10,0,3,16,1,45,9,6,61,4,55,9,9,77,2,0,2,79
03/21/2017,ADQ,AK,AAL,WE,Federal Contract Tower,4,12,0,1,17,0,44,8,23,75,4,56,8,24,92,0,28,28,120
03/22/2017,ADQ,AK,AAL,WE,Federal Contract Tower,4,8,0,0,12,0,45,7,14,66,4,53,7,14,78,0,19,19,97
03/23/2017,ADQ,AK,AAL,WE,Federal Contract Tower,4,8,0,0,12,0,54,8,12,74,4,62,8,12,86,0,10,10,96
03/24/2017,ADQ,AK,AAL,WE,Federal Contract Tower,4,10,0,1,15,0,42,19,8,69,4,52,19,9,84,4,19,23,107
03/25/2017,ADQ,AK,AAL,WE,Federal Contract Tower,2,8,1,0,11,0,35,12,8,55,2,43,13,8,66,2,21,23,89
03/26/2017,ADQ,AK,AAL,WE,Federal Contract Tower,3,6,1,2,12,1,25,5,7,38,4,31,6,9,50,0,4,4,54
03/27/2017,ADQ,AK,AAL,WE,Federal Contract Tower,4,12,0,2,18,0,35,3,18,56,4,47,3,20,74,0,18,18,92
03/28/2017,ADQ,AK,AAL,WE,Federal Contract Tower,4,9,0,0,13,0,42,20,20,82,4,51,20,20,95,0,2,2,97
03/29/2017,ADQ,AK,AAL,WE,Federal Contract Tower,4,9,0,1,14,0,49,27,16,92,4,58,27,17,106,4,1,5,111
03/30/2017,ADQ,AK,AAL,WE,Federal Contract Tower,2,3,0,2,7,0,0,0,0,0,2,3,0,2,7,0,0,0,7
03/31/2017,ADQ,AK,AAL,WE,Federal Contract Tower,3,11,1,0,15,0,0,0,0,0,3,11,1,0,15,0,0,0,15
04/01/2017,ADQ,AK,AAL,WE,Federal Contract Tower,1,12,1,1,15,1,20,10,1,32,2,32,11,2,47,0,0,0,47
04/02/2017,ADQ,AK,AAL,WE,Federal Contract Tower,3,7,0,0,10,1,44,0,13,58,4,51,0,13,68,0,26,26,94
04/03/2017,ADQ,AK,AAL,WE,Federal Contract Tower,4,5,0,0,9,0,0,0,6,6,4,5,0,6,15,0,0,0,15
04/04/2017,ADQ,AK,AAL,WE,Federal Contract Tower,4,16,0,0,20,0,34,6,9,49,4,50,6,9,69,0,26,26,95
04/05/2017,ADQ,AK,AAL,WE,Federal Contract Tower,3,13,2,1,19,0,3,1,1,5,3,16,3,2,24,0,0,0,24
04/06/2017,ADQ,AK,AAL,WE,Federal Contract Tower,4,12,0,1,17,0,53,3,3,59,4,65,3,4,76,0,28,28,104
04/07/2017,ADQ,AK,AAL,WE,Federal Contract Tower,4,12,1,1,18,0,15,6,16,37,4,27,7,17,55,0,2,2,57
04/08/2017,ADQ,AK,AAL,WE,Federal Contract Tower,2,10,0,2,14,0,59,11,12,82,2,69,11,14,96,0,4,4,100
04/09/2017,ADQ,AK,AAL,WE,Federal Contract Tower,4,10,1,4,19,0,31,3,3,37,4,41,4,7,56,0,8,8,64
04/10/2017,ADQ,AK,AAL,WE,Federal Contract Tower,4,9,0,0,13,0,56,7,22,85,4,65,7,22,98,0,77,77,175
04/11/2017,ADQ,AK,AAL,WE,Federal Contract Tower,3,11,0,2,16,1,42,21,0,64,4,53,21,2,80,0,0,0,80
04/12/2017,ADQ,AK,AAL,WE,Federal Contract Tower,4,10,1,5,20,0,47,20,25,92,4,57,21,30,112,8,71,79,191
04/13/2017,ADQ,AK,AAL,WE,Federal Contract Tower,3,12,1,0,16,1,42,15,30,88,4,54,16,30,104,0,83,83,187
04/14/2017,ADQ,AK,AAL,WE,Federal Contract Tower,3,6,1,0,10,1,37,20,4,62,4,43,21,4,72,0,43,43,115
04/15/2017,ADQ,AK,AAL,WE,Federal Contract Tower,2,11,0,1,14,0,47,20,6,73,2,58,20,7,87,25,0,25,112
04/16/2017,ADQ,AK,AAL,WE,Federal Contract Tower,4,8,0,0,12,0,19,14,0,33,4,27,14,0,45,20,0,20,65
04/17/2017,ADQ,AK,AAL,WE,Federal Contract Tower,4,10,0,1,15,0,73,17,28,118,4,83,17,29,133,16,78,94,227
04/18/2017,ADQ,AK,AAL,WE,Federal Contract Tower,4,8,0,1,13,0,75,23,34,132,4,83,23,35,145,0,58,58,203
04/19/2017,ADQ,AK,AAL,WE,Federal Contract Tower,4,10,0,0,14,0,29,36,27,92,4,39,36,27,106,0,79,79,185
04/20/2017,ADQ,AK,AAL,WE,Federal Contract Tower,4,10,0,1,15,0,47,27,21,95,4,57,27,22,110,4,71,75,185
04/21/2017,ADQ,AK,AAL,WE,Federal Contract Tower,4,17,2,5,28,0,21,7,9,37,4,38,9,14,65,0,20,20,85
04/22/2017,ADQ,AK,AAL,WE,Federal Contract Tower,2,1,0,5,8,0,0,0,0,0,2,1,0,5,8,0,0,0,8
04/23/2017,ADQ,AK,AAL,WE,Federal Contract Tower,2,2,0,0,4,0,0,0,0,0,2,2,0,0,4,0,0,0,4
04/24/2017,ADQ,AK,AAL,WE,Federal Contract Tower,4,24,2,5,35,1,57,9,14,81,5,81,11,19,116,0,30,30,146
04/25/2017,ADQ,AK,AAL,WE,Federal Contract Tower,4,12,1,4,21,0,51,16,21,88,4,63,17,25,109,0,36,36,145
04/26/2017,ADQ,AK,AAL,WE,Federal Contract Tower,4,12,0,3,19,0,46,12,8,66,4,58,12,11,85,6,3,9,94
04/27/2017,ADQ,AK,AAL,WE,Federal Contract Tower,4,11,0,0,15,0,57,18,15,90,4,68,18,15,105,0,33,33,138
04/28/2017,ADQ,AK,AAL,WE,Federal Contract Tower,4,17,3,3,27,0,52,9,10,71,4,69,12,13,98,25,18,43,141
04/29/2017,ADQ,AK,AAL,WE,Federal Contract Tower,2,12,2,2,18,0,35,5,1,41,2,47,7,3,59,8,0,8,67
04/30/2017,ADQ,AK,AAL,WE,Federal Contract Tower,4,13,0,0,17,0,25,2,0,27,4,38,2,0,44,0,0,0,44
05/01/2017,ADQ,AK,AAL,WE,Federal Contract Tower,4,12,0,3,19,0,48,17,15,80,4,60,17,18,99,0,50,50,149
05/02/2017,ADQ,AK,AAL,WE,Federal Contract Tower,3,10,0,1,14,1,26,3,0,30,4,36,3,1,44,0,0,0,44
05/03/2017,ADQ,AK,AAL,WE,Federal Contract Tower,4,12,0,2,18,0,47,8,16,71,4,59,8,18,89,0,15,15,104
05/04/2017,ADQ,AK,AAL,WE,Federal Contract Tower,4,12,2,1,19,0,40,15,9,64,4,52,17,10,83,0,4,4,87
05/05/2017,ADQ,AK,AAL,WE,Federal Contract Tower,4,10,3,2,19,0,34,23,0,57,4,44,26,2,76,0,36,36,112
05/06/2017,ADQ,AK,AAL,WE,Federal Contract Tower,2,0,0,2,4,0,0,0,0,0,2,0,0,2,4,0,0,0,4
05/07/2017,ADQ,AK,AAL,WE,Federal Contract Tower,4,8,3,2,17,0,16,11,3,30,4,24,14,5,47,0,0,0,47
05/08/2017,ADQ,AK,AAL,WE,Federal Contract Tower,4,27,0,6,37,0,29,4,3,36,4,56,4,9,73,6,12,18,91
05/09/2017,ADQ,AK,AAL,WE,Federal Contract Tower,4,13,3,4,24,0,43,24,13,80,4,56,27,17,104,8,39,47,151
05/10/2017,ADQ,AK,AAL,WE,Federal Contract Tower,2,10,1,2,15,2,28,27,20,77,4,38,28,22,92,0,72,72,164
05/11/2017,ADQ,AK,AAL,WE,Federal Contract Tower,4,14,0,2,20,0,50,31,18,99,4,64,31,20,119,18,36,54,173
05/12/2017,ADQ,AK,AAL,WE,Federal Contract Tower,4,12,0,2,18,0,35,37,14,86,4,47,37,16,104,0,36,36,140
05/13/2017,ADQ,AK,AAL,WE,Federal Contract Tower,2,10,4,3,19,0,36,28,3,67,2,46,32,6,86,0,6,6,92
05/14/2017,ADQ,AK,AAL,WE,Federal Contract Tower,4,7,0,0,11,0,28,18,2,48,4,35,18,2,59,0,12,12,71
05/15/2017,ADQ,AK,AAL,WE,Federal Contract Tower,4,9,0,2,15,0,69,21,10,100,4,78,21,12,115,0,22,22,137
05/16/2017,ADQ,AK,AAL,WE,Federal Contract Tower,4,18,2,4,28,0,18,6,4,28,4,36,8,8,56,10,0,10,66
05/17/2017,ADQ,AK,AAL,WE,Federal Contract Tower,4,12,1,2,19,0,41,9,13,63,4,53,10,15,82,0,28,28,110
05/18/2017,ADQ,AK,AAL,WE,Federal Contract Tower,4,29,0,4,37,0,25,7,4,36,4,54,7,8,73,0,0,0,73
05/19/2017,ADQ,AK,AAL,WE,Federal Contract Tower,4,13,0,2,19,0,37,19,6,62,4,50,19,8,81,6,4,10,91
05/20/2017,ADQ,AK,AAL,WE,Federal Contract Tower,2,9,0,0,11,0,40,12,0,52,2,49,12,0,63,0,0,0,63
05/21/2017,ADQ,AK,AAL,WE,Federal Contract Tower,4,5,0,0,9,0,22,16,5,43,4,27,16,5,52,0,6,6,58
05/22/2017,ADQ,AK,AAL,WE,Federal Contract Tower,4,9,0,2,15,0,66,13,18,97,4,75,13,20,112,4,24,28,140
05/23/2017,ADQ,AK,AAL,WE,Federal Contract Tower,4,10,0,4,18,0,43,5,29,77,4,53,5,33,95,0,25,25,120
05/24/2017,ADQ,AK,AAL,WE,Federal Contract Tower,4,11,5,1,21,0,49,6,12,67,4,60,11,13,88,6,38,44,132
05/25/2017,ADQ,AK,AAL,WE,Federal Contract Tower,4,12,0,1,17,0,39,20,7,66,4,51,20,8,83,2,3,5,88
05/26/2017,ADQ,AK,AAL,WE,Federal Contract Tower,4,14,1,0,19,0,48,21,6,75,4,62,22,6,94,0,3,3,97
05/27/2017,ADQ,AK,AAL,WE,Federal Contract Tower,2,11,11,3,27,0,39,8,8,55,2,50,19,11,82,0,0,0,82
05/28/2017,ADQ,AK,AAL,WE,Federal Contract Tower,4,14,0,1,19,0,25,5,4,34,4,39,5,5,53,0,0,0,53
05/29/2017,ADQ,AK,AAL,WE,Federal Contract Tower,4,14,1,0,19,0,49,22,5,76,4,63,23,5,95,10,0,10,105
05/30/2017,ADQ,AK,AAL,WE,Federal Contract Tower,4,11,0,2,17,0,53,15,15,83,4,64,15,17,100,0,20,20,120
05/31/2017,ADQ,AK,AAL,WE,Federal Contract Tower,4,11,1,0,16,0,47,18,10,75,4,58,19,10,91,8,25,33,124
06/01/2017,ADQ,AK,AAL,WE,Federal Contract Tower,4,8,1,2,15,0,49,17,6,72,4,57,18,8,87,0,0,0,87
06/02/2017,ADQ,AK,AAL,WE,Federal Contract Tower,4,13,0,0,17,0,42,19,4,65,4,55,19,4,82,2,6,8,90
06/03/2017,ADQ,AK,AAL,WE,Federal Contract Tower,2,8,1,0,11,0,53,1,4,58,2,61,2,4,69,0,8,8,77
06/04/2017,ADQ,AK,AAL,WE,Federal Contract Tower,6,9,2,0,17,0,21,8,2,31,6,30,10,2,48,0,0,0,48
06/05/2017,ADQ,AK,AAL,WE,Federal Contract Tower,3,10,0,3,16,1,31,1,4,37,4,41,1,7,53,0,0,0,53
06/06/2017,ADQ,AK,AAL,WE,Federal Contract Tower,4,20,3,2,29,0,32,13,0,45,4,52,16,2,74,0,0,0,74
06/07/2017,ADQ,AK,AAL,WE,Federal Contract Tower,6,23,0,4,33,0,42,7,8,57,6,65,7,12,90,0,27,27,117
06/08/2017,ADQ,AK,AAL,WE,Federal Contract Tower,6,11,6,5,28,0,33,16,14,63,6,44,22,19,91,4,31,35,126
06/09/2017,ADQ,AK,AAL,WE,Federal Contract Tower,4,5,0,4,13,0,2,0,0,2,4,7,0,4,15,0,0,0,15
06/10/2017,ADQ,AK,AAL,WE,Federal Contract Tower,3,18,0,2,23,0,26,5,4,35,3,44,5,6,58,0,0,0,58
06/11/2017,ADQ,AK,AAL,WE,Federal Contract Tower,5,6,0,0,11,1,52,15,8,76,6,58,15,8,87,12,0,12,99
06/12/2017,ADQ,AK,AAL,WE,Federal Contract Tower,6,15,1,1,23,0,60,16,5,81,6,75,17,6,104,0,32,32,136
06/13/2017,ADQ,AK,AAL,WE,Federal Contract Tower,4,12,0,0,16,0,62,11,8,81,4,74,11,8,97,18,28,46,143
06/14/2017,ADQ,AK,AAL,WE,Federal Contract Tower,5,14,0,5,24,1,58,23,18,100,6,72,23,23,124,0,46,46,170
06/15/2017,ADQ,AK,AAL,WE,Federal Contract Tower,4,9,1,1,15,0,59,27,16,102,4,68,28,17,117,0,9,9,126
06/16/2017,ADQ,AK,AAL,WE,Federal Contract Tower,3,13,2,2,20,0,45,28,13,86,3,58,30,15,106,0,0,0,106
06/17/2017,ADQ,AK,AAL,WE,Federal Contract Tower,2,10,1,2,15,0,40,11,5,56,2,50,12,7,71,29,21,50,121
06/18/2017,ADQ,AK,AAL,WE,Federal Contract Tower,4,11,0,0,15,0,37,7,2,46,4,48,7,2,61,0,0,0,61
06/19/2017,ADQ,AK,AAL,WE,Federal Contract Tower,3,8,4,4,19,1,45,8,16,70,4,53,12,20,89,0,26,26,115
06/20/2017,ADQ,AK,AAL,WE,Federal Contract Tower,4,9,1,2,16,0,45,5,15,65,4,54,6,17,81,0,26,26,107
06/21/2017,ADQ,AK,AAL,WE,Federal Contract Tower,4,14,2,6,26,0,29,6,7,42,4,43,8,13,68,0,7,7,75
06/22/2017,ADQ,AK,AAL,WE,Federal Contract Tower,6,12,0,4,22,0,48,17,14,79,6,60,17,18,101,0,28,28,129
06/23/2017,ADQ,AK,AAL,WE,Federal Contract Tower,4,12,0,1,17,0,41,11,14,66,4,53,11,15,83,0,28,28,111
06/24/2017,ADQ,AK,AAL,WE,Federal Contract Tower,2,11,0,0,13,0,43,22,8,73,2,54,22,8,86,0,0,0,86
06/25/2017,ADQ,AK,AAL,WE,Federal Contract Tower,6,9,0,0,15,0,38,23,7,68,6,47,23,7,83,0,8,8,91
06/26/2017,ADQ,AK,AAL,WE,Federal Contract Tower,6,16,1,4,27,0,35,1,11,47,6,51,2,15,74,0,10,10,84
06/27/2017,ADQ,AK,AAL,WE,Federal Contract Tower,4,12,2,3,21,0,29,8,13,50,4,41,10,16,71,0,8,8,79
06/28/2017,ADQ,AK,AAL,WE,Federal Contract Tower,5,6,1,4,16,0,0,0,0,0,5,6,1,4,16,0,0,0,16
06/29/2017,ADQ,AK,AAL,WE,Federal Contract Tower,4,13,2,15,34,0,0,0,0,0,4,13,2,15,34,0,0,0,34
06/30/2017,ADQ,AK,AAL,WE,Federal Contract Tower,4,24,2,7,37,0,16,2,3,21,4,40,4,10,58,0,0,0,58
07/01/2017,ADQ,AK,AAL,WE,Federal Contract Tower,2,14,0,1,17,0,54,8,3,65,2,68,8,4,82,0,19,19,101
07/02/2017,ADQ,AK,AAL,WE,Federal Contract Tower,6,24,1,8,39,0,47,5,0,52,6,71,6,8,91,4,0,4,95
07/03/2017,ADQ,AK,AAL,WE,Federal Contract Tower,4,12,0,2,18,0,54,8,3,65,4,66,8,5,83,0,0,0,83
07/04/2017,ADQ,AK,AAL,WE,Federal Contract Tower,2,9,2,0,13,0,6,16,4,26,2,15,18,4,39,0,0,0,39
07/05/2017,ADQ,AK,AAL,WE,Federal Contract Tower,3,13,0,1,17,1,72,20,11,104,4,85,20,12,121,0,52,52,173
07/06/2017,ADQ,AK,AAL,WE,Federal Contract Tower,4,11,2,2,19,0,54,23,9,86,4,65,25,11,105,0,0,0,105
07/07/2017,ADQ,AK,AAL,WE,Federal Contract Tower,4,13,1,0,18,0,50,17,6,73,4,63,18,6,91,5,0,5,96
07/08/2017,ADQ,AK,AAL,WE,Federal Contract Tower,3,13,0,0,16,1,41,10,1,53,4,54,10,1,69,0,5,5,74
07/09/2017,ADQ,AK,AAL,WE,Federal Contract Tower,4,9,0,1,14,0,31,12,4,47,4,40,12,5,61,0,4,4,65
07/10/2017,ADQ,AK,AAL,WE,Federal Contract Tower,6,35,4,7,52,0,24,0,4,28,6,59,4,11,80,0,23,23,103
07/11/2017,ADQ,AK,AAL,WE,Federal Contract Tower,4,10,0,0,14,0,54,16,21,91,4,64,16,21,105,0,41,41,146
07/12/2017,ADQ,AK,AAL,WE,Federal Contract Tower,3,12,1,0,16,0,41,16,12,69,3,53,17,12,85,0,10,10,95
07/13/2017,ADQ,AK,AAL,WE,Federal Contract Tower,4,10,4,2,20,0,51,10,4,65,4,61,14,6,85,0,2,2,87
07/14/2017,ADQ,AK,AAL,WE,Federal Contract Tower,4,20,2,4,30,0,35,3,2,40,4,55,5,6,70,0,0,0,70
07/15/2017,ADQ,AK,AAL,WE,Federal Contract Tower,2,8,0,0,10,0,0,0,4,4,2,8,0,4,14,0,0,0,14
07/16/2017,ADQ,AK,AAL,WE,Federal Contract Tower,2,7,10,2,21,0,45,7,2,54,2,52,17,4,75,0,38,38,113
07/17/2017,ADQ,AK,AAL,WE,Federal Contract Tower,4,14,2,0,20,0,30,11,5,46,4,44,13,5,66,0,6,6,72
07/18/2017,ADQ,AK,AAL,WE,Federal Contract Tower,4,14,0,5,23,0,23,6,5,34,4,37,6,10,57,0,12,12,69
07/19/2017,ADQ,AK,AAL,WE,Federal Contract Tower,4,18,4,4,30,0,15,10,1,26,4,33,14,5,56,0,0,0,56
07/20/2017,ADQ,AK,AAL,WE,Federal Contract Tower,4,14,3,8,29,0,0,0,0,0,4,14,3,8,29,0,0,0,29
07/21/2017,ADQ,AK,AAL,WE,Federal Contract Tower,3,28,6,2,39,1,37,12,10,60,4,65,18,12,99,0,0,0,99
07/22/2017,ADQ,AK,AAL,WE,Federal Contract Tower,1,8,0,0,9,1,58,23,4,86,2,66,23,4,95,0,2,2,97
07/23/2017,ADQ,AK,AAL,WE,Federal Contract Tower,4,5,3,0,12,0,53,20,3,76,4,58,23,3,88,0,0,0,88
07/24/2017,ADQ,AK,AAL,WE,Federal Contract Tower,3,13,0,2,18,1,71,9,15,96,4,84,9,17,114,6,6,12,126
07/25/2017,ADQ,AK,AAL,WE,Federal Contract Tower,4,36,6,5,51,0,31,3,1,35,4,67,9,6,86,0,0,0,86
07/26/2017,ADQ,AK,AAL,WE,Federal Contract Tower,4,11,2,5,22,0,1,0,0,1,4,12,2,5,23,0,0,0,23
07/27/2017,ADQ,AK,AAL,WE,Federal Contract Tower,4,15,3,4,26,0,56,6,10,72,4,71,9,14,98,0,30,30,128
07/28/2017,ADQ,AK,AAL,WE,Federal Contract Tower,1,8,1,2,12,0,32,12,3,47,1,40,13,5,59,0,0,0,59
07/29/2017,ADQ,AK,AAL,WE,Federal Contract Tower,2,17,3,1,23,0,37,8,0,45,2,54,11,1,68,2,0,2,70
07/30/2017,ADQ,AK,AAL,WE,Federal Contract Tower,3,9,0,0,12,1,39,14,3,57,4,48,14,3,69,0,0,0,69
07/31/2017,ADQ,AK,AAL,WE,Federal Contract Tower,6,16,4,5,31,0,49,14,7,70,6,65,18,12,101,0,47,47,148
08/01/2017,ADQ,AK,AAL,WE,Federal Contract Tower,4,14,3,4,25,0,16,3,5,24,4,30,6,9,49,0,0,0,49
08/02/2017,ADQ,AK,AAL,WE,Federal Contract Tower,2,13,1,3,19,0,57,4,13,74,2,70,5,16,93,0,56,56,149
08/03/2017,ADQ,AK,AAL,WE,Federal Contract Tower,3,9,0,2,14,1,62,4,5,72,4,71,4,7,86,0,17,17,103
08/04/2017,ADQ,AK,AAL,WE,Federal Contract Tower,2,7,2,0,11,0,0,0,0,0,2,7,2,0,11,0,0,0,11
08/05/2017,ADQ,AK,AAL,WE,Federal Contract Tower,0,0,2,0,2,0,0,0,0,0,0,0,2,0,2,0,0,0,2
08/06/2017,ADQ,AK,AAL,WE,Federal Contract Tower,8,19,9,2,38,1,35,17,7,60,9,54,26,9,98,0,0,0,98
08/07/2017,ADQ,AK,AAL,WE,Federal Contract Tower,4,12,7,7,30,0,10,4,2,16,4,22,11,9,46,0,0,0,46
08/08/2017,ADQ,AK,AAL,WE,Federal Contract Tower,2,4,6,6,18,0,0,0,0,0,2,4,6,6,18,0,0,0,18
08/09/2017,ADQ,AK,AAL,WE,Federal Contract Tower,2,11,0,3,16,0,26,1,4,31,2,37,1,7,47,0,2,2,49
08/10/2017,ADQ,AK,AAL,WE,Federal Contract Tower,4,13,0,4,21,0,53,17,16,86,4,66,17,20,107,0,32,32,139
08/11/2017,ADQ,AK,AAL,WE,Federal Contract Tower,4,15,1,1,21,0,32,15,6,53,4,47,16,7,74,0,11,11,85
08/12/2017,ADQ,AK,AAL,WE,Federal Contract Tower,4,12,0,0,16,0,59,7,4,70,4,71,7,4,86,0,9,9,95
08/13/2017,ADQ,AK,AAL,WE,Federal Contract Tower,4,9,1,0,14,0,25,15,4,44,4,34,16,4,58,0,4,4,62
08/14/2017,ADQ,AK,AAL,WE,Federal Contract Tower,3,12,1,0,16,1,62,10,18,91,4,74,11,18,107,0,29,29,136
08/15/2017,ADQ,AK,AAL,WE,Federal Contract Tower,5,11,1,3,20,1,32,16,17,66,6,43,17,20,86,0,28,28,114
08/16/2017,ADQ,AK,AAL,WE,Federal Contract Tower,3,11,2,5,21,1,56,7,8,72,4,67,9,13,93,0,22,22,115
08/17/2017,ADQ,AK,AAL,WE,Federal Contract Tower,4,10,0,6,20,0,50,13,21,84,4,60,13,27,104,2,32,34,138
08/18/2017,ADQ,AK,AAL,WE,Federal Contract Tower,5,8,0,4,17,1,39,10,11,61,6,47,10,15,78,0,29,29,107
08/19/2017,ADQ,AK,AAL,WE,Federal Contract Tower,2,12,1,0,15,0,45,16,7,68,2,57,17,7,83,0,1,1,84
08/20/2017,ADQ,AK,AAL,WE,Federal Contract Tower,4,10,4,5,23,0,19,3,2,24,4,29,7,7,47,0,31,31,78
08/21/2017,ADQ,AK,AAL,WE,Federal Contract Tower,3,12,0,3,18,1,45,4,7,57,4,57,4,10,75,0,4,4,79
08/22/2017,ADQ,AK,AAL,WE,Federal Contract Tower,6,10,0,1,17,0,38,16,13,67,6,48,16,14,84,0,6,6,90
08/23/2017,ADQ,AK,AAL,WE,Federal Contract Tower,3,11,2,2,18,1,62,16,10,89,4,73,18,12,107,0,23,23,130
08/24/2017,ADQ,AK,AAL,WE,Federal Contract Tower,4,12,2,1,19,0,47,8,9,64,4,59,10,10,83,0,77,77,160
08/25/2017,ADQ,AK,AAL,WE,Federal Contract Tower,6,10,2,1,19,0,50,11,6,67,6,60,13,7,86,0,0,0,86
08/26/2017,ADQ,AK,AAL,WE,Federal Contract Tower,2,10,1,0,13,0,45,11,5,61,2,55,12,5,74,0,9,9,83
08/27/2017,ADQ,AK,AAL,WE,Federal Contract Tower,4,9,2,3,18,0,33,23,2,58,4,42,25,5,76,0,12,12,88
08/28/2017,ADQ,AK,AAL,WE,Federal Contract Tower,2,6,0,1,9,0,17,1,4,22,2,23,1,5,31,0,2,2,33
08/29/2017,ADQ,AK,AAL,WE,Federal Contract Tower,4,19,2,7,32,0,15,12,12,39,4,34,14,19,71,0,18,18,89
08/30/2017,ADQ,AK,AAL,WE,Federal Contract Tower,6,16,0,2,24,0,37,11,16,64,6,53,11,18,88,0,8,8,96
08/31/2017,ADQ,AK,AAL,WE,Federal Contract Tower,4,10,3,5,22,0,62,19,12,93,4,72,22,17,115,0,68,68,183
09/01/2017,ADQ,AK,AAL,WE,Federal Contract Tower,4,9,0,1,14,0,58,21,7,86,4,67,21,8,100,8,16,24,124
09/02/2017,ADQ,AK,AAL,WE,Federal Contract Tower,2,10,0,2,14,0,53,9,3,65,2,63,9,5,79,0,3,3,82
09/03/2017,ADQ,AK,AAL,WE,Federal Contract Tower,2,0,0,0,2,0,0,0,0,0,2,0,0,0,2,0,0,0,2
09/04/2017,ADQ,AK,AAL,WE,Federal Contract Tower,2,34,0,1,37,0,15,0,0,15,2,49,0,1,52,0,0,0,52
09/05/2017,ADQ,AK,AAL,WE,Federal Contract Tower,4,15,8,7,34,0,14,8,3,25,4,29,16,10,59,0,41,41,100
09/06/2017,ADQ,AK,AAL,WE,Federal Contract Tower,4,13,2,1,20,0,59,5,15,79,4,72,7,16,99,0,32,32,131
09/07/2017,ADQ,AK,AAL,WE,Federal Contract Tower,4,31,3,8,46,0,28,4,11,43,4,59,7,19,89,3,0,3,92
09/08/2017,ADQ,AK,AAL,WE,Federal Contract Tower,3,15,0,0,18,0,49,13,1,63,3,64,13,1,81,0,0,0,81
09/09/2017,ADQ,AK,AAL,WE,Federal Contract Tower,2,11,1,1,15,0,46,12,2,60,2,57,13,3,75,0,0,0,75
09/10/2017,ADQ,AK,AAL,WE,Federal Contract Tower,4,9,0,1,14,0,19,15,1,35,4,28,15,2,49,0,0,0,49
09/11/2017,ADQ,AK,AAL,WE,Federal Contract Tower,4,9,1,3,17,0,47,18,19,84,4,56,19,22,101,0,73,73,174
09/12/2017,ADQ,AK,AAL,WE,Federal Contract Tower,4,12,1,3,20,0,47,7,14,68,4,59,8,17,88,0,90,90,178
09/13/2017,ADQ,AK,AAL,WE,Federal Contract Tower,4,11,0,5,20,0,42,3,2,47,4,53,3,7,67,0,93,93,160
09/14/2017,ADQ,AK,AAL,WE,Federal Contract Tower,5,14,0,3,22,0,43,2,8,53,5,57,2,11,75,0,45,45,120
09/15/2017,ADQ,AK,AAL,WE,Federal Contract Tower,4,13,0,2,19,0,40,5,2,47,4,53,5,4,66,44,29,73,139
09/16/2017,ADQ,AK,AAL,WE,Federal Contract Tower,2,14,1,2,19,0,45,8,0,53,2,59,9,2,72,2,0,2,74
09/17/2017,ADQ,AK,AAL,WE,Federal Contract Tower,3,8,0,0,11,1,29,7,0,37,4,37,7,0,48,9,22,31,79
09/18/2017,ADQ,AK,AAL,WE,Federal Contract Tower,2,10,0,0,12,1,33,8,7,49,3,43,8,7,61,0,78,78,139
09/19/2017,ADQ,AK,AAL,WE,Federal Contract Tower,3,11,0,2,16,1,40,16,18,75,4,51,16,20,91,0,28,28,119
09/20/2017,ADQ,AK,AAL,WE,Federal Contract Tower,4,10,0,2,16,0,45,14,10,69,4,55,14,12,85,15,9,24,109
09/21/2017,ADQ,AK,AAL,WE,Federal Contract Tower,4,12,0,3,19,0,9,0,6,15,4,21,0,9,34,0,18,18,52
09/22/2017,ADQ,AK,AAL,WE,Federal Contract Tower,4,12,0,1,17,0,45,1,7,53,4,57,1,8,70,0,44,44,114
09/23/2017,ADQ,AK,AAL,WE,Federal Contract Tower,2,14,3,3,22,0,20,0,2,22,2,34,3,5,44,0,22,22,66
09/24/2017,ADQ,AK,AAL,WE,Federal Contract Tower,4,8,2,0,14,0,38,15,3,56,4,46,17,3,70,1,13,14,84
09/25/2017,ADQ,AK,AAL,WE,Federal Contract Tower,4,11,3,2,20,0,72,18,12,102,4,83,21,14,122,17,56,73,195
09/26/2017,ADQ,AK,AAL,WE,Federal Contract Tower,5,12,1,5,23,0,22,8,9,39,5,34,9,14,62,0,55,55,117
09/27/2017,ADQ,AK,AAL,WE,Federal Contract Tower,4,13,1,5,23,0,2,0,0,2,4,15,1,5,25,0,15,15,40
09/28/2017,ADQ,AK,AAL,WE,Federal Contract Tower,4,10,0,2,16,0,35,1,8,44,4,45,1,10,60,17,68,85,145
09/29/2017,ADQ,AK,AAL,WE,Federal Contract Tower,4,13,1,2,20,0,32,1,9,42,4,45,2,11,62,0,40,40,102
09/30/2017,ADQ,AK,AAL,WE,Federal Contract Tower,1,11,0,1,13,1,32,17,4,54,2,43,17,5,67,24,17,41,108
10/01/2017,ADQ,AK,AAL,WE,Federal Contract Tower,4,8,0,0,12,0,16,2,0,18,4,24,2,0,30,14,0,14,44
10/02/2017,ADQ,AK,AAL,WE,Federal Contract Tower,4,13,2,2,21,0,23,3,4,30,4,36,5,6,51,0,69,69,120
10/03/2017,ADQ,AK,AAL,WE,Federal Contract Tower,5,12,5,3,25,0,17,7,1,25,5,29,12,4,50,0,0,0,50
10/04/2017,ADQ,AK,AAL,WE,Federal Contract Tower,4,12,0,2,18,0,52,15,18,85,4,64,15,20,103,0,3,3,106
10/05/2017,ADQ,AK,AAL,WE,Federal Contract Tower,4,12,0,1,17,0,16,0,11,27,4,28,0,12,44,10,0,10,54
10/06/2017,ADQ,AK,AAL,WE,Federal Contract Tower,4,5,0,0,9,0,5,2,0,7,4,10,2,0,16,0,0,0,16
10/07/2017,ADQ,AK,AAL,WE,Federal Contract Tower,2,5,0,1,8,0,37,14,4,55,2,42,14,5,63,0,11,11,74
10/08/2017,ADQ,AK,AAL,WE,Federal Contract Tower,2,4,0,0,6,0,2,2,3,7,2,6,2,3,13,0,0,0,13
10/09/2017,ADQ,AK,AAL,WE,Federal Contract Tower,4,5,2,0,11,0,25,1,0,26,4,30,3,0,37,0,35,35,72
10/10/2017,ADQ,AK,AAL,WE,Federal Contract Tower,3,11,2,2,18,1,43,12,9,65,4,54,14,11,83,0,42,42,125
10/11/2017,ADQ,AK,AAL,WE,Federal Contract Tower,4,9,0,2,15,0,58,10,14,82,4,67,10,16,97,0,29,29,126
10/12/2017,ADQ,AK,AAL,WE,Federal Contract Tower,3,10,0,2,15,1,38,7,10,56,4,48,7,12,71,0,32,32,103
10/13/2017,ADQ,AK,AAL,WE,Federal Contract Tower,4,9,0,0,13,0,54,5,7,66,4,63,5,7,79,20,21,41,120
10/14/2017,ADQ,AK,AAL,WE,Federal Contract Tower,2,8,0,2,12,0,34,1,6,41,2,42,1,8,53,0,0,0,53
10/15/2017,ADQ,AK,AAL,WE,Federal Contract Tower,4,8,0,0,12,0,45,4,2,51,4,53,4,2,63,2,12,14,77
10/16/2017,ADQ,AK,AAL,WE,Federal Contract Tower,5,11,2,3,21,2,31,8,15,56,7,42,10,18,77,8,15,23,100
10/17/2017,ADQ,AK,AAL,WE,Federal Contract Tower,4,9,1,3,17,0,38,6,14,58,4,47,7,17,75,0,27,27,102
10/18/2017,ADQ,AK,AAL,WE,Federal Contract Tower,4,7,0,0,11,0,32,2,9,43,4,39,2,9,54,0,54,54,108
10/19/2017,ADQ,AK,AAL,WE,Federal Contract Tower,4,10,0,0,14,0,12,1,15,28,4,22,1,15,42,0,65,65,107
10/20/2017,ADQ,AK,AAL,WE,Federal Contract Tower,4,6,0,2,12,0,53,11,10,74,4,59,11,12,86,0,46,46,132
10/21/2017,ADQ,AK,AAL,WE,Federal Contract Tower,1,8,0,0,9,1,40,10,5,56,2,48,10,5,65,0,26,26,91
10/22/2017,ADQ,AK,AAL,WE,Federal Contract Tower,3,6,0,0,9,1,41,11,2,55,4,47,11,2,64,0,6,6,70
10/23/2017,ADQ,AK,AAL,WE,Federal Contract Tower,4,10,0,1,15,0,33,5,17,55,4,43,5,18,70,0,23,23,93
10/24/2017,ADQ,AK,AAL,WE,Federal Contract Tower,4,10,2,3,19,0,57,6,10,73,4,67,8,13,92,0,4,4,96
10/25/2017,ADQ,AK,AAL,WE,Federal Contract Tower,4,15,0,3,22,0,11,0,8,19,4,26,0,11,41,0,16,16,57
10/26/2017,ADQ,AK,AAL,WE,Federal Contract Tower,2,12,0,2,16,0,42,6,3,51,2,54,6,5,67,1,1,2,69
10/27/2017,ADQ,AK,AAL,WE,Federal Contract Tower,4,10,1,2,17,0,52,15,11,78,4,62,16,13,95,0,39,39,134
10/28/2017,ADQ,AK,AAL,WE,Federal Contract Tower,2,8,0,0,10,0,44,12,2,58,2,52,12,2,68,0,9,9,77
10/29/2017,ADQ,AK,AAL,WE,Federal Contract Tower,4,7,1,0,12,0,11,1,0,12,4,18,2,0,24,3,46,49,73
10/30/2017,ADQ,AK,AAL,WE,Federal Contract Tower,4,11,1,2,18,0,30,2,14,46,4,41,3,16,64,0,26,26,90
10/31/2017,ADQ,AK,AAL,WE,Federal Contract Tower,4,10,3,2,19,0,37,4,3,44,4,47,7,5,63,0,0,0,63
11/01/2017,ADQ,AK,AAL,WE,Federal Contract Tower,4,9,0,1,14,0,36,13,15,64,4,45,13,16,78,4,6,10,88
11/02/2017,ADQ,AK,AAL,WE,Federal Contract Tower,4,7,0,0,11,0,33,13,10,56,4,40,13,10,67,8,6,14,81
11/03/2017,ADQ,AK,AAL,WE,Federal Contract Tower,4,13,0,0,17,0,53,14,18,85,4,66,14,18,102,4,41,45,147
11/04/2017,ADQ,AK,AAL,WE,Federal Contract Tower,2,10,1,0,13,0,34,21,3,58,2,44,22,3,71,8,13,21,92
11/05/2017,ADQ,AK,AAL,WE,Federal Contract Tower,4,9,3,2,18,0,6,1,2,9,4,15,4,4,27,0,0,0,27
11/06/2017,ADQ,AK,AAL,WE,Federal Contract Tower,4,12,0,1,17,0,24,1,17,42,4,36,1,18,59,0,30,30,89
11/07/2017,ADQ,AK,AAL,WE,Federal Contract Tower,4,11,3,1,19,0,44,13,18,75,4,55,16,19,94,0,18,18,112
11/08/2017,ADQ,AK,AAL,WE,Federal Contract Tower,2,9,0,2,13,0,45,16,13,74,2,54,16,15,87,19,41,60,147
11/09/2017,ADQ,AK,AAL,WE,Federal Contract Tower,4,8,0,1,13,0,46,4,9,59,4,54,4,10,72,0,51,51,123
11/10/2017,ADQ,AK,AAL,WE,Federal Contract Tower,3,3,0,1,7,0,7,0,5,12,3,10,0,6,19,7,0,7,26
11/11/2017,ADQ,AK,AAL,WE,Federal Contract Tower,2,8,0,0,10,0,52,5,5,62,2,60,5,5,72,0,24,24,96
11/12/2017,ADQ,AK,AAL,WE,Federal Contract Tower,4,3,1,1,9,0,14,4,2,20,4,17,5,3,29,0,6,6,35
11/13/2017,ADQ,AK,AAL,WE,Federal Contract Tower,4,7,1,3,15,0,37,2,20,59,4,44,3,23,74,0,19,19,93
11/14/2017,ADQ,AK,AAL,WE,Federal Contract Tower,5,9,0,0,14,0,40,10,24,74,5,49,10,24,88,0,24,24,112
11/15/2017,ADQ,AK,AAL,WE,Federal Contract Tower,2,10,1,3,16,0,33,25,16,74,2,43,26,19,90,21,69,90,180
11/16/2017,ADQ,AK,AAL,WE,Federal Contract Tower,4,12,0,2,18,0,6,0,20,26,4,18,0,22,44,0,10,10,54
11/17/2017,ADQ,AK,AAL,WE,Federal Contract Tower,4,2,1,1,8,0,3,4,4,11,4,5,5,5,19,0,10,10,29
11/18/2017,ADQ,AK,AAL,WE,Federal Contract Tower,2,8,1,3,14,0,62,12,6,80,2,70,13,9,94,0,18,18,112
11/19/2017,ADQ,AK,AAL,WE,Federal Contract Tower,4,5,2,1,12,0,2,2,0,4,4,7,4,1,16,0,0,0,16
11/20/2017,ADQ,AK,AAL,WE,Federal Contract Tower,0,1,0,3,4,0,1,0,6,7,0,2,0,9,11,0,0,0,11
11/21/2017,ADQ,AK,AAL,WE,Federal Contract Tower,4,10,0,2,16,0,62,14,20,96,4,72,14,22,112,0,110,110,222
11/22/2017,ADQ,AK,AAL,WE,Federal Contract Tower,1,12,0,1,14,1,44,17,0,62,2,56,17,1,76,0,0,0,76
11/23/2017,ADQ,AK,AAL,WE,Federal Contract Tower,4,0,0,1,5,0,2,1,0,3,4,2,1,1,8,0,0,0,8
11/24/2017,ADQ,AK,AAL,WE,Federal Contract Tower,4,6,0,0,10,0,9,0,1,10,4,15,0,1,20,0,0,0,20
11/25/2017,ADQ,AK,AAL,WE,Federal Contract Tower,2,10,0,0,12,0,40,18,3,61,2,50,18,3,73,0,2,2,75
11/26/2017,ADQ,AK,AAL,WE,Federal Contract Tower,4,2,2,0,8,0,11,6,0,17,4,13,8,0,25,10,0,10,35
11/27/2017,ADQ,AK,AAL,WE,Federal Contract Tower,4,15,2,1,22,0,37,8,8,53,4,52,10,9,75,0,14,14,89
11/28/2017,ADQ,AK,AAL,WE,Federal Contract Tower,2,8,2,3,15,0,6,3,15,24,2,14,5,18,39,0,18,18,57
11/29/2017,ADQ,AK,AAL,WE,Federal Contract Tower,3,14,0,3,20,0,16,11,16,43,3,30,11,19,63,0,52,52,115
11/30/2017,ADQ,AK,AAL,WE,Federal Contract Tower,2,7,0,1,10,0,40,4,12,56,2,47,4,13,66,0,36,36,102
12/01/2017,ADQ,AK,AAL,WE,Federal Contract Tower,4,11,0,1,16,0,50,2,17,69,4,61,2,18,85,0,38,38,123
12/02/2017,ADQ,AK,AAL,WE,Federal Contract Tower,2,16,0,2,20,0,17,7,1,25,2,33,7,3,45,0,4,4,49
12/04/2017,ADQ,AK,AAL,WE,Federal Contract Tower,4,10,0,1,15,0,35,9,22,66,4,45,9,23,81,0,57,57,138
12/05/2017,ADQ,AK,AAL,WE,Federal Contract Tower,4,15,0,1,20,0,23,5,17,45,4,38,5,18,65,0,22,22,87
12/06/2017,ADQ,AK,AAL,WE,Federal Contract Tower,2,12,0,1,15,0,34,14,21,69,2,46,14,22,84,0,11,11,95
12/07/2017,ADQ,AK,AAL,WE,Federal Contract Tower,4,24,0,3,31,0,14,4,13,31,4,38,4,16,62,0,37,37,99
12/08/2017,ADQ,AK,AAL,WE,Federal Contract Tower,4,8,0,1,13,0,55,10,16,81,4,63,10,17,94,0,44,44,138
12/09/2017,ADQ,AK,AAL,WE,Federal Contract Tower,4,11,0,2,17,0,7,1,1,9,4,18,1,3,26,0,20,20,46
12/10/2017,ADQ,AK,AAL,WE,Federal Contract Tower,4,12,0,0,16,0,7,3,3,13,4,19,3,3,29,0,28,28,57
12/11/2017,ADQ,AK,AAL,WE,Federal Contract Tower,4,12,0,2,18,0,29,6,21,56,4,41,6,23,74,0,39,39,113
12/12/2017,ADQ,AK,AAL,WE,Federal Contract Tower,4,13,0,2,19,0,0,2,13,15,4,13,2,15,34,0,48,48,82
12/13/2017,ADQ,AK,AAL,WE,Federal Contract Tower,1,14,0,0,15,1,43,23,20,87,2,57,23,20,102,0,39,39,141
12/14/2017,ADQ,AK,AAL,WE,Federal Contract Tower,2,12,0,1,15,0,26,19,3,48,2,38,19,4,63,8,0,8,71
12/15/2017,ADQ,AK,AAL,WE,Federal Contract Tower,5,6,0,1,12,0,14,3,8,25,5,20,3,9,37,2,22,24,61
12/16/2017,ADQ,AK,AAL,WE,Federal Contract Tower,4,12,0,0,16,0,31,14,8,53,4,43,14,8,69,0,10,10,79
12/17/2017,ADQ,AK,AAL,WE,Federal Contract Tower,2,15,0,0,17,0,3,4,3,10,2,18,4,3,27,0,10,10,37
12/18/2017,ADQ,AK,AAL,WE,Federal Contract Tower,3,10,0,1,14,1,35,19,9,64,4,45,19,10,78,0,37,37,115
12/19/2017,ADQ,AK,AAL,WE,Federal Contract Tower,4,8,0,2,14,0,14,9,5,28,4,22,9,7,42,0,12,12,54
12/20/2017,ADQ,AK,AAL,WE,Federal Contract Tower,2,9,0,2,13,0,38,6,15,59,2,47,6,17,72,0,0,0,72
12/21/2017,ADQ,AK,AAL,WE,Federal Contract Tower,5,7,0,2,14,0,1,0,5,6,5,8,0,7,20,0,0,0,20
12/22/2017,ADQ,AK,AAL,WE,Federal Contract Tower,0,0,0,0,0,0,0,0,0,0,0,0,0,0,0,0,0,0,0
12/23/2017,ADQ,AK,AAL,WE,Federal Contract Tower,4,0,0,3,7,0,0,0,0,0,4,0,0,3,7,0,0,0,7
12/24/2017,ADQ,AK,AAL,WE,Federal Contract Tower,2,17,0,0,19,0,15,13,1,29,2,32,13,1,48,0,15,15,63
12/25/2017,ADQ,AK,AAL,WE,Federal Contract Tower,0,6,0,0,6,0,3,6,0,9,0,9,6,0,15,0,0,0,15
12/26/2017,ADQ,AK,AAL,WE,Federal Contract Tower,2,11,0,0,13,0,17,33,5,55,2,28,33,5,68,0,4,4,72
12/27/2017,ADQ,AK,AAL,WE,Federal Contract Tower,2,14,0,1,17,0,14,16,10,40,2,28,16,11,57,12,23,35,92
12/28/2017,ADQ,AK,AAL,WE,Federal Contract Tower,4,10,0,2,16,0,19,26,5,50,4,29,26,7,66,14,21,35,101
12/29/2017,ADQ,AK,AAL,WE,Federal Contract Tower,3,17,0,0,20,0,18,11,6,35,3,35,11,6,55,0,26,26,81
12/30/2017,ADQ,AK,AAL,WE,Federal Contract Tower,2,4,0,1,7,0,0,0,0,0,2,4,0,1,7,0,0,0,7
12/31/2017,ADQ,AK,AAL,WE,Federal Contract Tower,4,12,0,2,18,0,19,5,0,24,4,31,5,2,42,17,0,17,59
01/01/2018,ADQ,AK,AAL,WE,Federal Contract Tower,2,2,0,0,4,0,0,0,0,0,2,2,0,0,4,0,0,0,4
01/02/2018,ADQ,AK,AAL,WE,Federal Contract Tower,6,10,0,0,16,0,16,21,3,40,6,26,21,3,56,0,15,15,71
01/03/2018,ADQ,AK,AAL,WE,Federal Contract Tower,2,8,0,1,11,0,23,45,20,88,2,31,45,21,99,0,106,106,205
01/04/2018,ADQ,AK,AAL,WE,Federal Contract Tower,4,8,0,1,13,0,16,42,14,72,4,24,42,15,85,6,40,46,131
01/05/2018,ADQ,AK,AAL,WE,Federal Contract Tower,0,12,0,4,16,0,8,3,13,24,0,20,3,17,40,0,38,38,78
01/06/2018,ADQ,AK,AAL,WE,Federal Contract Tower,3,6,0,0,9,0,3,2,3,8,3,9,2,3,17,0,10,10,27
01/07/2018,ADQ,AK,AAL,WE,Federal Contract Tower,4,10,0,0,14,0,11,3,3,17,4,21,3,3,31,0,31,31,62
01/08/2018,ADQ,AK,AAL,WE,Federal Contract Tower,2,11,0,1,14,0,33,9,21,63,2,44,9,22,77,20,169,189,266
01/09/2018,ADQ,AK,AAL,WE,Federal Contract Tower,10,6,1,2,19,0,27,8,10,45,10,33,9,12,64,15,71,86,150
01/10/2018,ADQ,AK,AAL,WE,Federal Contract Tower,2,19,0,3,24,0,19,9,11,39,2,38,9,14,63,0,114,114,177
01/11/2018,ADQ,AK,AAL,WE,Federal Contract Tower,4,11,0,2,17,0,29,3,8,40,4,40,3,10,57,21,54,75,132
01/12/2018,ADQ,AK,AAL,WE,Federal Contract Tower,4,22,0,0,26,0,20,0,7,27,4,42,0,7,53,0,65,65,118
01/13/2018,ADQ,AK,AAL,WE,Federal Contract Tower,2,0,0,0,2,0,0,0,2,2,2,0,0,2,4,0,26,26,30
01/14/2018,ADQ,AK,AAL,WE,Federal Contract Tower,4,16,0,2,22,0,19,2,2,23,4,35,2,4,45,13,0,13,58
01/15/2018,ADQ,AK,AAL,WE,Federal Contract Tower,4,9,0,0,13,0,16,14,9,39,4,25,14,9,52,0,6,6,58
01/16/2018,ADQ,AK,AAL,WE,Federal Contract Tower,4,16,0,1,21,0,0,0,8,8,4,16,0,9,29,0,8,8,37
01/17/2018,ADQ,AK,AAL,WE,Federal Contract Tower,0,12,0,2,14,13,4,1,0,18,13,16,1,2,32,0,0,0,32
01/18/2018,ADQ,AK,AAL,WE,Federal Contract Tower,3,15,0,1,19,1,42,7,12,62,4,57,7,13,81,0,56,56,137
01/19/2018,ADQ,AK,AAL,WE,Federal Contract Tower,4,13,0,2,19,0,46,7,14,67,4,59,7,16,86,0,56,56,142
01/20/2018,ADQ,AK,AAL,WE,Federal Contract Tower,4,9,0,0,13,0,21,13,2,36,4,30,13,2,49,0,0,0,49
01/21/2018,ADQ,AK,AAL,WE,Federal Contract Tower,2,0,0,1,3,0,0,0,0,0,2,0,0,1,3,0,0,0,3
01/22/2018,ADQ,AK,AAL,WE,Federal Contract Tower,4,13,0,3,20,0,22,4,0,26,4,35,4,3,46,0,0,0,46
01/23/2018,ADQ,AK,AAL,WE,Federal Contract Tower,4,9,0,0,13,0,31,4,0,35,4,40,4,0,48,0,0,0,48
01/24/2018,ADQ,AK,AAL,WE,Federal Contract Tower,2,10,2,1,15,0,28,4,20,52,2,38,6,21,67,0,70,70,137
01/25/2018,ADQ,AK,AAL,WE,Federal Contract Tower,3,3,3,0,9,0,3,0,7,10,3,6,3,7,19,0,8,8,27
01/26/2018,ADQ,AK,AAL,WE,Federal Contract Tower,4,11,0,1,16,0,51,2,1,54,4,62,2,2,70,0,0,0,70
01/27/2018,ADQ,AK,AAL,WE,Federal Contract Tower,1,8,0,0,9,1,54,13,2,70,2,62,13,2,79,0,11,11,90
01/28/2018,ADQ,AK,AAL,WE,Federal Contract Tower,2,8,0,0,10,0,6,0,1,7,2,14,0,1,17,0,0,0,17
01/29/2018,ADQ,AK,AAL,WE,Federal Contract Tower,4,8,0,2,14,0,33,2,12,47,4,41,2,14,61,0,34,34,95
01/30/2018,ADQ,AK,AAL,WE,Federal Contract Tower,4,11,0,1,16,0,43,9,29,81,4,54,9,30,97,0,34,34,131
01/31/2018,ADQ,AK,AAL,WE,Federal Contract Tower,2,9,1,2,14,0,8,1,9,18,2,17,2,11,32,0,28,28,60
02/01/2018,ADQ,AK,AAL,WE,Federal Contract Tower,0,4,0,0,4,0,0,0,3,3,0,4,0,3,7,0,4,4,11
02/02/2018,ADQ,AK,AAL,WE,Federal Contract Tower,4,11,0,2,17,0,38,15,8,61,4,49,15,10,78,0,44,44,122
02/03/2018,ADQ,AK,AAL,WE,Federal Contract Tower,4,6,0,0,10,0,4,0,2,6,4,10,0,2,16,0,0,0,16
02/04/2018,ADQ,AK,AAL,WE,Federal Contract Tower,4,9,1,2,16,0,9,9,2,20,4,18,10,4,36,0,0,0,36
02/05/2018,ADQ,AK,AAL,WE,Federal Contract Tower,5,15,0,0,20,0,3,0,0,3,5,18,0,0,23,0,0,0,23
02/06/2018,ADQ,AK,AAL,WE,Federal Contract Tower,5,7,0,0,12,0,42,15,1,58,5,49,15,1,70,0,7,7,77
02/07/2018,ADQ,AK,AAL,WE,Federal Contract Tower,2,8,2,4,16,0,54,16,16,86,2,62,18,20,102,0,26,26,128
02/08/2018,ADQ,AK,AAL,WE,Federal Contract Tower,5,9,0,6,20,0,41,10,10,61,5,50,10,16,81,2,34,36,117
02/09/2018,ADQ,AK,AAL,WE,Federal Contract Tower,3,8,0,0,11,0,2,0,9,11,3,10,0,9,22,0,19,19,41
02/10/2018,ADQ,AK,AAL,WE,Federal Contract Tower,4,2,4,0,10,0,0,0,0,0,4,2,4,0,10,0,0,0,10
02/11/2018,ADQ,AK,AAL,WE,Federal Contract Tower,4,11,0,0,15,0,13,3,1,17,4,24,3,1,32,9,0,9,41
02/12/2018,ADQ,AK,AAL,WE,Federal Contract Tower,4,12,0,2,18,0,32,3,12,47,4,44,3,14,65,1,71,72,137
02/13/2018,ADQ,AK,AAL,WE,Federal Contract Tower,4,9,0,1,14,0,32,5,17,54,4,41,5,18,68,0,13,13,81
02/14/2018,ADQ,AK,AAL,WE,Federal Contract Tower,2,9,0,3,14,0,20,9,24,53,2,29,9,27,67,0,62,62,129
02/15/2018,ADQ,AK,AAL,WE,Federal Contract Tower,4,8,0,0,12,0,29,30,10,69,4,37,30,10,81,15,33,48,129
02/16/2018,ADQ,AK,AAL,WE,Federal Contract Tower,2,12,0,0,14,0,12,16,12,40,2,24,16,12,54,0,0,0,54
02/17/2018,ADQ,AK,AAL,WE,Federal Contract Tower,4,8,0,2,14,1,1,54,4,60,5,9,54,6,74,19,34,53,127
02/18/2018,ADQ,AK,AAL,WE,Federal Contract Tower,5,6,1,1,13,0,10,10,3,23,5,16,11,4,36,0,0,0,36
02/19/2018,ADQ,AK,AAL,WE,Federal Contract Tower,3,12,1,0,16,0,0,31,2,33,3,12,32,2,49,52,0,52,101
02/20/2018,ADQ,AK,AAL,WE,Federal Contract Tower,4,11,1,3,19,0,0,55,21,76,4,11,56,24,95,35,52,87,182
02/21/2018,ADQ,AK,AAL,WE,Federal Contract Tower,2,8,0,0,10,0,0,46,17,63,2,8,46,17,73,0,92,92,165
02/22/2018,ADQ,AK,AAL,WE,Federal Contract Tower,5,5,0,0,10,0,19,0,23,42,5,24,0,23,52,0,43,43,95
02/23/2018,ADQ,AK,AAL,WE,Federal Contract Tower,4,12,2,2,20,0,34,4,3,41,4,46,6,5,61,0,26,26,87
02/24/2018,ADQ,AK,AAL,WE,Federal Contract Tower,4,0,0,0,4,0,0,0,2,2,4,0,0,2,6,0,16,16,22
02/25/2018,ADQ,AK,AAL,WE,Federal Contract Tower,4,9,0,2,15,0,9,19,2,30,4,18,19,4,45,0,0,0,45
02/26/2018,ADQ,AK,AAL,WE,Federal Contract Tower,2,4,0,0,6,0,1,0,1,2,2,5,0,1,8,0,16,16,24
02/27/2018,ADQ,AK,AAL,WE,Federal Contract Tower,4,13,0,0,17,0,1,44,17,62,4,14,44,17,79,0,8,8,87
02/28/2018,ADQ,AK,AAL,WE,Federal Contract Tower,2,12,0,2,16,1,3,42,11,57,3,15,42,13,73,12,24,36,109
03/01/2018,ADQ,AK,AAL,WE,Federal Contract Tower,9,14,0,0,23,0,0,53,12,65,9,14,53,12,88,26,50,76,164
03/02/2018,ADQ,AK,AAL,WE,Federal Contract Tower,4,12,0,0,16,0,79,2,11,92,4,91,2,11,108,17,24,41,149
03/03/2018,ADQ,AK,AAL,WE,Federal Contract Tower,4,9,0,0,13,0,2,30,0,32,4,11,30,0,45,0,0,0,45
03/05/2018,ADQ,AK,AAL,WE,Federal Contract Tower,5,12,0,1,18,0,2,68,15,85,5,14,68,16,103,8,32,40,143
03/06/2018,ADQ,AK,AAL,WE,Federal Contract Tower,4,11,0,0,15,0,0,38,2,40,4,11,38,2,55,0,0,0,55
03/07/2018,ADQ,AK,AAL,WE,Federal Contract Tower,2,12,0,0,14,0,0,35,4,39,2,12,35,4,53,0,18,18,71
03/08/2018,ADQ,AK,AAL,WE,Federal Contract Tower,4,14,3,3,24,0,17,0,9,26,4,31,3,12,50,10,30,40,90
03/09/2018,ADQ,AK,AAL,WE,Federal Contract Tower,4,14,0,0,18,0,64,8,9,81,4,78,8,9,99,22,63,85,184
03/10/2018,ADQ,AK,AAL,WE,Federal Contract Tower,4,6,0,0,10,0,0,67,5,72,4,6,67,5,82,8,0,8,90
03/11/2018,ADQ,AK,AAL,WE,Federal Contract Tower,5,5,0,0,10,0,9,18,3,30,5,14,18,3,40,4,0,4,44
03/12/2018,ADQ,AK,AAL,WE,Federal Contract Tower,4,12,0,1,17,0,23,25,11,59,4,35,25,12,76,28,56,84,160
03/13/2018,ADQ,AK,AAL,WE,Federal Contract Tower,4,7,1,2,14,0,12,19,11,42,4,19,20,13,56,16,35,51,107
03/14/2018,ADQ,AK,AAL,WE,Federal Contract Tower,2,8,1,1,12,0,7,48,12,67,2,15,49,13,79,13,43,56,135
03/15/2018,ADQ,AK,AAL,WE,Federal Contract Tower,4,12,4,1,21,0,20,9,2,31,4,32,13,3,52,10,4,14,66
03/16/2018,ADQ,AK,AAL,WE,Federal Contract Tower,4,5,0,0,9,0,69,0,9,78,4,74,0,9,87,0,23,23,110
03/17/2018,ADQ,AK,AAL,WE,Federal Contract Tower,1,7,1,0,9,1,37,0,4,42,2,44,1,4,51,0,14,14,65
03/18/2018,ADQ,AK,AAL,WE,Federal Contract Tower,2,2,0,0,4,0,5,10,4,19,2,7,10,4,23,6,38,44,67
03/19/2018,ADQ,AK,AAL,WE,Federal Contract Tower,4,6,0,2,12,0,25,11,14,50,4,31,11,16,62,30,20,50,112
03/20/2018,ADQ,AK,AAL,WE,Federal Contract Tower,4,2,0,1,7,0,4,2,3,9,4,6,2,4,16,0,2,2,18
03/21/2018,ADQ,AK,AAL,WE,Federal Contract Tower,2,9,0,1,12,0,43,15,22,80,2,52,15,23,92,0,28,28,120
03/22/2018,ADQ,AK,AAL,WE,Federal Contract Tower,4,9,0,1,14,0,27,9,12,48,4,36,9,13,62,0,4,4,66
03/23/2018,ADQ,AK,AAL,WE,Federal Contract Tower,4,7,0,0,11,0,79,2,31,112,4,86,2,31,123,0,58,58,181
03/24/2018,ADQ,AK,AAL,WE,Federal Contract Tower,4,6,0,0,10,0,33,3,5,41,4,39,3,5,51,0,6,6,57
03/25/2018,ADQ,AK,AAL,WE,Federal Contract Tower,4,6,0,1,11,0,4,4,1,9,4,10,4,2,20,0,0,0,20
03/26/2018,ADQ,AK,AAL,WE,Federal Contract Tower,4,12,0,2,18,0,4,0,7,11,4,16,0,9,29,0,12,12,41
03/27/2018,ADQ,AK,AAL,WE,Federal Contract Tower,4,8,0,1,13,0,31,23,24,78,4,39,23,25,91,13,54,67,158
03/28/2018,ADQ,AK,AAL,WE,Federal Contract Tower,2,6,0,1,9,0,54,19,20,93,2,60,19,21,102,0,40,40,142
03/29/2018,ADQ,AK,AAL,WE,Federal Contract Tower,4,8,0,2,14,0,24,22,24,70,4,32,22,26,84,0,58,58,142
03/30/2018,ADQ,AK,AAL,WE,Federal Contract Tower,3,8,0,0,11,1,50,10,10,71,4,58,10,10,82,0,30,30,112
03/31/2018,ADQ,AK,AAL,WE,Federal Contract Tower,4,5,0,1,10,0,64,6,5,75,4,69,6,6,85,0,16,16,101
04/01/2018,ADQ,AK,AAL,WE,Federal Contract Tower,3,4,0,1,8,0,3,18,2,23,3,7,18,3,31,0,0,0,31
04/02/2018,ADQ,AK,AAL,WE,Federal Contract Tower,5,16,0,0,21,0,23,25,22,70,5,39,25,22,91,0,33,33,124
04/03/2018,ADQ,AK,AAL,WE,Federal Contract Tower,3,7,0,2,12,0,63,19,18,100,3,70,19,20,112,18,36,54,166
04/04/2018,ADQ,AK,AAL,WE,Federal Contract Tower,2,9,0,1,12,0,19,37,18,74,2,28,37,19,86,6,10,16,102
04/05/2018,ADQ,AK,AAL,WE,Federal Contract Tower,3,10,0,4,17,0,30,25,21,76,3,40,25,25,93,6,10,16,109
04/06/2018,ADQ,AK,AAL,WE,Federal Contract Tower,4,11,1,1,17,0,49,29,11,89,4,60,30,12,106,18,18,36,142
04/07/2018,ADQ,AK,AAL,WE,Federal Contract Tower,4,13,0,2,19,0,12,5,2,19,4,25,5,4,38,0,2,2,40
04/08/2018,ADQ,AK,AAL,WE,Federal Contract Tower,3,7,0,0,10,0,19,25,0,44,3,26,25,0,54,6,6,12,66
04/09/2018,ADQ,AK,AAL,WE,Federal Contract Tower,4,20,1,2,27,0,15,1,0,16,4,35,2,2,43,0,0,0,43
04/10/2018,ADQ,AK,AAL,WE,Federal Contract Tower,2,12,0,0,14,0,4,0,15,19,2,16,0,15,33,0,58,58,91
04/11/2018,ADQ,AK,AAL,WE,Federal Contract Tower,4,10,2,1,17,0,18,0,8,26,4,28,2,9,43,0,0,0,43
04/12/2018,ADQ,AK,AAL,WE,Federal Contract Tower,3,12,2,3,20,0,60,7,21,88,3,72,9,24,108,0,6,6,114
04/13/2018,ADQ,AK,AAL,WE,Federal Contract Tower,3,15,0,1,19,0,49,4,10,63,3,64,4,11,82,0,34,34,116
04/14/2018,ADQ,AK,AAL,WE,Federal Contract Tower,4,9,0,1,14,0,62,6,2,70,4,71,6,3,84,0,6,6,90
04/15/2018,ADQ,AK,AAL,WE,Federal Contract Tower,3,8,3,1,15,0,21,4,3,28,3,29,7,4,43,0,0,0,43
04/16/2018,ADQ,AK,AAL,WE,Federal Contract Tower,5,7,0,0,12,0,0,0,0,0,5,7,0,0,12,0,0,0,12
04/17/2018,ADQ,AK,AAL,WE,Federal Contract Tower,3,23,0,2,28,0,69,4,8,81,3,92,4,10,109,0,26,26,135
04/18/2018,ADQ,AK,AAL,WE,Federal Contract Tower,5,17,0,3,25,0,23,8,3,34,5,40,8,6,59,6,6,12,71
04/19/2018,ADQ,AK,AAL,WE,Federal Contract Tower,3,14,2,1,20,0,52,16,30,98,3,66,18,31,118,0,86,86,204
04/20/2018,ADQ,AK,AAL,WE,Federal Contract Tower,2,6,0,0,8,0,48,12,11,71,2,54,12,11,79,0,32,32,111
04/21/2018,ADQ,AK,AAL,WE,Federal Contract Tower,4,3,1,2,10,0,41,5,3,49,4,44,6,5,59,0,30,30,89
04/22/2018,ADQ,AK,AAL,WE,Federal Contract Tower,3,7,0,0,10,0,0,0,0,0,3,7,0,0,10,0,0,0,10
04/23/2018,ADQ,AK,AAL,WE,Federal Contract Tower,8,18,0,0,26,0,44,0,7,51,8,62,0,7,77,14,54,68,145
04/24/2018,ADQ,AK,AAL,WE,Federal Contract Tower,2,7,0,0,9,0,10,0,4,14,2,17,0,4,23,0,10,10,33
04/25/2018,ADQ,AK,AAL,WE,Federal Contract Tower,2,8,0,3,13,0,61,0,21,82,2,69,0,24,95,2,32,34,129
04/26/2018,ADQ,AK,AAL,WE,Federal Contract Tower,3,11,0,1,15,0,47,8,9,64,3,58,8,10,79,14,20,34,113
04/27/2018,ADQ,AK,AAL,WE,Federal Contract Tower,3,9,1,1,14,0,32,18,8,58,3,41,19,9,72,0,24,24,96
04/28/2018,ADQ,AK,AAL,WE,Federal Contract Tower,4,8,0,1,13,1,23,24,5,53,5,31,24,6,66,38,0,38,104
04/29/2018,ADQ,AK,AAL,WE,Federal Contract Tower,3,5,0,2,10,0,37,4,0,41,3,42,4,2,51,0,0,0,51
04/30/2018,ADQ,AK,AAL,WE,Federal Contract Tower,5,7,1,2,15,0,38,38,9,85,5,45,39,11,100,12,44,56,156
05/01/2018,ADQ,AK,AAL,WE,Federal Contract Tower,4,8,1,0,13,0,49,18,9,76,4,57,19,9,89,0,10,10,99
05/02/2018,ADQ,AK,AAL,WE,Federal Contract Tower,3,10,0,1,14,0,57,7,17,81,3,67,7,18,95,0,12,12,107
05/03/2018,ADQ,AK,AAL,WE,Federal Contract Tower,3,11,1,0,15,0,60,3,19,82,3,71,4,19,97,8,36,44,141
05/04/2018,ADQ,AK,AAL,WE,Federal Contract Tower,3,9,1,0,13,0,4,2,12,18,3,13,3,12,31,0,88,88,119
05/05/2018,ADQ,AK,AAL,WE,Federal Contract Tower,4,12,0,3,19,0,27,35,2,64,4,39,35,5,83,4,18,22,105
05/06/2018,ADQ,AK,AAL,WE,Federal Contract Tower,2,10,0,0,12,1,55,3,5,64,3,65,3,5,76,0,0,0,76
05/07/2018,ADQ,AK,AAL,WE,Federal Contract Tower,4,8,0,3,15,0,47,23,8,78,4,55,23,11,93,0,18,18,111
05/08/2018,ADQ,AK,AAL,WE,Federal Contract Tower,3,10,2,2,17,0,0,0,0,0,3,10,2,2,17,0,0,0,17
05/09/2018,ADQ,AK,AAL,WE,Federal Contract Tower,4,13,9,1,27,0,56,8,13,77,4,69,17,14,104,0,38,38,142
05/10/2018,ADQ,AK,AAL,WE,Federal Contract Tower,2,3,0,12,17,0,0,0,10,10,2,3,0,22,27,0,54,54,81
05/11/2018,ADQ,AK,AAL,WE,Federal Contract Tower,4,9,2,3,18,0,76,25,20,121,4,85,27,23,139,6,58,64,203
05/12/2018,ADQ,AK,AAL,WE,Federal Contract Tower,5,10,0,2,17,0,68,54,6,128,5,78,54,8,145,0,8,8,153
05/13/2018,ADQ,AK,AAL,WE,Federal Contract Tower,3,10,0,0,13,0,80,10,3,93,3,90,10,3,106,0,28,28,134
05/14/2018,ADQ,AK,AAL,WE,Federal Contract Tower,4,7,0,1,12,0,38,39,17,94,4,45,39,18,106,12,100,112,218
05/15/2018,ADQ,AK,AAL,WE,Federal Contract Tower,3,10,0,2,15,0,43,37,13,93,3,53,37,15,108,20,40,60,168
05/16/2018,ADQ,AK,AAL,WE,Federal Contract Tower,4,8,10,6,28,0,8,18,5,31,4,16,28,11,59,0,0,0,59
05/17/2018,ADQ,AK,AAL,WE,Federal Contract Tower,3,15,4,0,22,0,8,9,2,19,3,23,13,2,41,0,0,0,41
05/18/2018,ADQ,AK,AAL,WE,Federal Contract Tower,6,20,13,0,39,0,20,16,5,41,6,40,29,5,80,0,28,28,108
05/19/2018,ADQ,AK,AAL,WE,Federal Contract Tower,8,11,4,5,28,0,61,3,1,65,8,72,7,6,93,0,0,0,93
05/20/2018,ADQ,AK,AAL,WE,Federal Contract Tower,3,34,0,4,41,0,0,0,0,0,3,34,0,4,41,0,0,0,41
05/21/2018,ADQ,AK,AAL,WE,Federal Contract Tower,4,16,0,14,34,0,17,13,4,34,4,33,13,18,68,0,54,54,122
05/22/2018,ADQ,AK,AAL,WE,Federal Contract Tower,3,14,2,2,21,0,72,34,14,120,3,86,36,16,141,0,8,8,149
05/23/2018,ADQ,AK,AAL,WE,Federal Contract Tower,5,21,16,14,56,0,20,64,6,90,5,41,80,20,146,0,4,4,150
05/24/2018,ADQ,AK,AAL,WE,Federal Contract Tower,3,15,22,7,47,0,13,29,4,46,3,28,51,11,93,0,44,44,137
05/25/2018,ADQ,AK,AAL,WE,Federal Contract Tower,3,14,2,2,21,0,38,19,0,57,3,52,21,2,78,0,0,0,78
05/26/2018,ADQ,AK,AAL,WE,Federal Contract Tower,4,13,0,1,18,0,97,0,7,104,4,110,0,8,122,4,0,4,126
05/27/2018,ADQ,AK,AAL,WE,Federal Contract Tower,2,8,1,2,13,1,65,10,2,78,3,73,11,4,91,0,6,6,97
05/28/2018,ADQ,AK,AAL,WE,Federal Contract Tower,5,10,2,0,17,0,39,26,6,71,5,49,28,6,88,20,14,34,122
05/29/2018,ADQ,AK,AAL,WE,Federal Contract Tower,3,13,3,4,23,0,58,6,9,73,3,71,9,13,96,0,22,22,118
05/30/2018,ADQ,AK,AAL,WE,Federal Contract Tower,6,36,7,3,52,0,19,6,2,27,6,55,13,5,79,0,0,0,79
05/31/2018,ADQ,AK,AAL,WE,Federal Contract Tower,4,27,2,8,41,0,42,0,18,60,4,69,2,26,101,6,16,22,123
06/01/2018,ADQ,AK,AAL,WE,Federal Contract Tower,3,17,0,6,26,0,70,14,19,103,3,87,14,25,129,4,2,6,135
06/02/2018,ADQ,AK,AAL,WE,Federal Contract Tower,6,9,4,3,22,0,55,25,6,86,6,64,29,9,108,0,0,0,108
06/03/2018,ADQ,AK,AAL,WE,Federal Contract Tower,3,11,3,2,19,0,58,2,4,64,3,69,5,6,83,0,0,0,83
06/04/2018,ADQ,AK,AAL,WE,Federal Contract Tower,5,13,3,0,21,0,68,6,27,101,5,81,9,27,122,0,28,28,150
06/05/2018,ADQ,AK,AAL,WE,Federal Contract Tower,3,10,1,6,20,0,69,5,25,99,3,79,6,31,119,14,30,44,163
06/06/2018,ADQ,AK,AAL,WE,Federal Contract Tower,1,11,3,1,16,0,91,1,26,118,1,102,4,27,134,14,44,58,192
06/07/2018,ADQ,AK,AAL,WE,Federal Contract Tower,6,13,0,2,21,0,82,1,9,92,6,95,1,11,113,14,4,18,131
06/09/2018,ADQ,AK,AAL,WE,Federal Contract Tower,4,9,20,1,34,0,72,7,4,83,4,81,27,5,117,20,4,24,141
06/10/2018,ADQ,AK,AAL,WE,Federal Contract Tower,5,9,1,2,17,0,85,3,5,93,5,94,4,7,110,0,18,18,128
06/11/2018,ADQ,AK,AAL,WE,Federal Contract Tower,3,7,2,1,13,1,47,10,6,64,4,54,12,7,77,0,8,8,85
06/12/2018,ADQ,AK,AAL,WE,Federal Contract Tower,6,3,3,0,12,0,65,15,14,94,6,68,18,14,106,0,12,12,118
06/13/2018,ADQ,AK,AAL,WE,Federal Contract Tower,6,7,0,0,13,0,69,24,11,104,6,76,24,11,117,2,28,30,147
06/14/2018,ADQ,AK,AAL,WE,Federal Contract Tower,3,12,4,0,19,0,68,7,15,90,3,80,11,15,109,16,52,68,177
06/15/2018,ADQ,AK,AAL,WE,Federal Contract Tower,6,18,0,0,24,0,33,0,0,33,6,51,0,0,57,0,0,0,57
06/16/2018,ADQ,AK,AAL,WE,Federal Contract Tower,4,22,8,2,36,0,37,0,0,37,4,59,8,2,73,0,0,0,73
06/17/2018,ADQ,AK,AAL,WE,Federal Contract Tower,4,15,0,1,20,0,25,0,0,25,4,40,0,1,45,0,0,0,45
06/18/2018,ADQ,AK,AAL,WE,Federal Contract Tower,4,15,2,3,24,0,53,15,13,81,4,68,17,16,105,0,18,18,123
06/19/2018,ADQ,AK,AAL,WE,Federal Contract Tower,3,11,1,5,20,0,49,3,8,60,3,60,4,13,80,2,2,4,84
06/20/2018,ADQ,AK,AAL,WE,Federal Contract Tower,6,14,1,5,26,0,0,0,0,0,6,14,1,5,26,0,0,0,26
06/21/2018,ADQ,AK,AAL,WE,Federal Contract Tower,4,9,1,8,22,0,100,10,1,111,4,109,11,9,133,26,0,26,159
06/22/2018,ADQ,AK,AAL,WE,Federal Contract Tower,3,11,1,2,17,0,86,15,1,102,3,97,16,3,119,2,0,2,121
06/23/2018,ADQ,AK,AAL,WE,Federal Contract Tower,4,15,0,2,21,0,90,0,2,92,4,105,0,4,113,2,4,6,119
06/24/2018,ADQ,AK,AAL,WE,Federal Contract Tower,3,9,2,2,16,0,57,0,4,61,3,66,2,6,77,2,2,4,81
06/25/2018,ADQ,AK,AAL,WE,Federal Contract Tower,7,10,3,1,21,0,66,2,11,79,7,76,5,12,100,0,24,24,124
06/26/2018,ADQ,AK,AAL,WE,Federal Contract Tower,2,13,1,5,21,0,4,0,0,4,2,17,1,5,25,0,0,0,25
06/27/2018,ADQ,AK,AAL,WE,Federal Contract Tower,7,1,5,1,14,0,0,0,0,0,7,1,5,1,14,0,0,0,14
06/28/2018,ADQ,AK,AAL,WE,Federal Contract Tower,11,26,5,5,47,0,57,10,6,73,11,83,15,11,120,0,14,14,134
06/29/2018,ADQ,AK,AAL,WE,Federal Contract Tower,4,15,2,4,25,1,94,3,6,104,5,109,5,10,129,0,0,0,129
06/30/2018,ADQ,AK,AAL,WE,Federal Contract Tower,6,14,3,1,24,0,76,8,5,89,6,90,11,6,113,0,0,0,113
07/01/2018,ADQ,AK,AAL,WE,Federal Contract Tower,2,10,0,5,17,0,64,3,5,72,2,74,3,10,89,0,0,0,89
07/02/2018,ADQ,AK,AAL,WE,Federal Contract Tower,6,11,2,0,19,0,101,2,9,112,6,112,4,9,131,0,20,20,151
07/03/2018,ADQ,AK,AAL,WE,Federal Contract Tower,3,10,4,1,18,0,82,3,17,102,3,92,7,18,120,10,18,28,148
07/04/2018,ADQ,AK,AAL,WE,Federal Contract Tower,5,9,1,0,15,0,10,0,6,16,5,19,1,6,31,0,0,0,31
07/05/2018,ADQ,AK,AAL,WE,Federal Contract Tower,3,9,1,1,14,0,100,0,7,107,3,109,1,8,121,6,18,24,145
07/06/2018,ADQ,AK,AAL,WE,Federal Contract Tower,5,7,0,0,12,0,62,0,6,68,5,69,0,6,80,0,0,0,80
07/07/2018,ADQ,AK,AAL,WE,Federal Contract Tower,4,20,4,3,31,0,42,1,4,47,4,62,5,7,78,0,0,0,78
07/08/2018,ADQ,AK,AAL,WE,Federal Contract Tower,3,10,1,0,14,0,33,0,1,34,3,43,1,1,48,0,0,0,48
07/10/2018,ADQ,AK,AAL,WE,Federal Contract Tower,3,12,0,2,17,0,82,1,11,94,3,94,1,13,111,0,34,34,145
07/11/2018,ADQ,AK,AAL,WE,Federal Contract Tower,5,9,4,1,19,0,94,1,21,116,5,103,5,22,135,0,68,68,203
07/12/2018,ADQ,AK,AAL,WE,Federal Contract Tower,4,9,2,1,16,0,71,1,20,92,4,80,3,21,108,0,46,46,154
07/13/2018,ADQ,AK,AAL,WE,Federal Contract Tower,3,14,3,6,26,0,19,0,9,28,3,33,3,15,54,0,4,4,58
07/14/2018,ADQ,AK,AAL,WE,Federal Contract Tower,4,7,2,2,15,0,59,0,6,65,4,66,2,8,80,0,18,18,98
07/15/2018,ADQ,AK,AAL,WE,Federal Contract Tower,4,9,2,0,15,0,39,0,3,42,4,48,2,3,57,0,0,0,57
07/16/2018,ADQ,AK,AAL,WE,Federal Contract Tower,3,10,1,1,15,0,55,0,11,66,3,65,1,12,81,0,48,48,129
07/17/2018,ADQ,AK,AAL,WE,Federal Contract Tower,4,6,0,1,11,0,85,0,6,91,4,91,0,7,102,0,0,0,102
07/18/2018,ADQ,AK,AAL,WE,Federal Contract Tower,8,11,1,2,22,0,90,0,9,99,8,101,1,11,121,0,26,26,147
07/19/2018,ADQ,AK,AAL,WE,Federal Contract Tower,3,12,1,3,19,0,59,0,15,74,3,71,1,18,93,0,6,6,99
07/20/2018,ADQ,AK,AAL,WE,Federal Contract Tower,2,7,2,0,11,0,69,0,14,83,2,76,2,14,94,2,0,2,96
07/21/2018,ADQ,AK,AAL,WE,Federal Contract Tower,4,10,4,3,21,0,65,4,5,74,4,75,8,8,95,0,4,4,99
07/22/2018,ADQ,AK,AAL,WE,Federal Contract Tower,3,8,1,1,13,0,0,0,0,0,3,8,1,1,13,0,0,0,13
07/23/2018,ADQ,AK,AAL,WE,Federal Contract Tower,6,11,9,2,28,0,0,0,0,0,6,11,9,2,28,0,0,0,28
07/24/2018,ADQ,AK,AAL,WE,Federal Contract Tower,4,0,3,1,8,0,0,0,0,0,4,0,3,1,8,0,0,0,8
07/25/2018,ADQ,AK,AAL,WE,Federal Contract Tower,1,16,0,8,25,0,0,0,0,0,1,16,0,8,25,0,0,0,25
07/26/2018,ADQ,AK,AAL,WE,Federal Contract Tower,4,14,2,1,21,0,0,0,0,0,4,14,2,1,21,0,0,0,21
07/27/2018,ADQ,AK,AAL,WE,Federal Contract Tower,4,8,3,3,18,0,110,0,22,132,4,118,3,25,150,0,50,50,200
07/28/2018,ADQ,AK,AAL,WE,Federal Contract Tower,4,16,2,6,28,0,9,0,0,9,4,25,2,6,37,0,34,34,71
07/29/2018,ADQ,AK,AAL,WE,Federal Contract Tower,4,5,3,3,15,0,31,0,0,31,4,36,3,3,46,0,0,0,46
07/30/2018,ADQ,AK,AAL,WE,Federal Contract Tower,3,11,0,2,16,0,80,2,5,87,3,91,2,7,103,0,6,6,109
07/31/2018,ADQ,AK,AAL,WE,Federal Contract Tower,3,15,0,4,22,0,80,0,16,96,3,95,0,20,118,0,8,8,126
08/01/2018,ADQ,AK,AAL,WE,Federal Contract Tower,5,9,1,1,16,0,89,1,12,102,5,98,2,13,118,0,82,82,200
08/02/2018,ADQ,AK,AAL,WE,Federal Contract Tower,3,17,3,4,27,0,30,0,15,45,3,47,3,19,72,0,4,4,76
08/03/2018,ADQ,AK,AAL,WE,Federal Contract Tower,3,10,1,1,15,1,60,0,4,65,4,70,1,5,80,2,0,2,82
08/04/2018,ADQ,AK,AAL,WE,Federal Contract Tower,3,8,0,0,11,1,73,0,6,80,4,81,0,6,91,16,4,20,111
08/05/2018,ADQ,AK,AAL,WE,Federal Contract Tower,2,9,2,2,15,0,54,0,5,59,2,63,2,7,74,0,10,10,84
08/06/2018,ADQ,AK,AAL,WE,Federal Contract Tower,3,13,0,3,19,0,75,1,19,95,3,88,1,22,114,0,28,28,142
08/07/2018,ADQ,AK,AAL,WE,Federal Contract Tower,3,10,1,0,14,0,61,3,7,71,3,71,4,7,85,0,10,10,95
08/08/2018,ADQ,AK,AAL,WE,Federal Contract Tower,4,9,4,5,22,0,81,4,18,103,4,90,8,23,125,0,28,28,153
08/09/2018,ADQ,AK,AAL,WE,Federal Contract Tower,3,10,1,0,14,0,82,0,12,94,3,92,1,12,108,14,16,30,138
08/10/2018,ADQ,AK,AAL,WE,Federal Contract Tower,3,6,2,2,13,0,61,0,7,68,3,67,2,9,81,2,20,22,103
08/11/2018,ADQ,AK,AAL,WE,Federal Contract Tower,3,9,3,2,17,0,79,3,2,84,3,88,6,4,101,0,14,14,115
08/12/2018,ADQ,AK,AAL,WE,Federal Contract Tower,3,7,0,0,10,0,5,0,1,6,3,12,0,1,16,0,0,0,16
08/13/2018,ADQ,AK,AAL,WE,Federal Contract Tower,3,5,1,0,9,1,90,0,21,112,4,95,1,21,121,0,35,35,156
08/14/2018,ADQ,AK,AAL,WE,Federal Contract Tower,3,13,0,2,18,0,43,0,20,63,3,56,0,22,81,0,16,16,97
08/15/2018,ADQ,AK,AAL,WE,Federal Contract Tower,6,7,0,0,13,1,66,4,6,77,7,73,4,6,90,0,28,28,118
08/16/2018,ADQ,AK,AAL,WE,Federal Contract Tower,4,11,1,3,19,0,97,1,17,115,4,108,2,20,134,0,58,58,192
08/17/2018,ADQ,AK,AAL,WE,Federal Contract Tower,4,11,1,0,16,0,69,1,14,84,4,80,2,14,100,0,50,50,150
08/18/2018,ADQ,AK,AAL,WE,Federal Contract Tower,2,2,0,0,4,0,0,0,0,0,2,2,0,0,4,0,0,0,4
08/19/2018,ADQ,AK,AAL,WE,Federal Contract Tower,4,9,3,1,17,1,68,1,2,72,5,77,4,3,89,0,0,0,89
08/20/2018,ADQ,AK,AAL,WE,Federal Contract Tower,4,31,10,0,45,0,3,0,0,3,4,34,10,0,48,0,0,0,48
08/21/2018,ADQ,AK,AAL,WE,Federal Contract Tower,3,7,0,5,15,0,82,4,6,92,3,89,4,11,107,0,34,34,141
08/22/2018,ADQ,AK,AAL,WE,Federal Contract Tower,5,11,3,1,20,0,159,0,27,186,5,170,3,28,206,0,60,60,266
08/23/2018,ADQ,AK,AAL,WE,Federal Contract Tower,3,24,2,2,31,1,95,0,25,121,4,119,2,27,152,2,100,102,254
08/24/2018,ADQ,AK,AAL,WE,Federal Contract Tower,1,8,1,0,10,2,82,0,18,102,3,90,1,18,112,6,32,38,150
08/25/2018,ADQ,AK,AAL,WE,Federal Contract Tower,7,12,1,0,20,0,55,4,8,67,7,67,5,8,87,0,20,20,107
08/26/2018,ADQ,AK,AAL,WE,Federal Contract Tower,3,8,0,0,11,0,37,0,5,42,3,45,0,5,53,0,40,40,93
08/27/2018,ADQ,AK,AAL,WE,Federal Contract Tower,5,11,0,5,21,0,60,2,9,71,5,71,2,14,92,4,14,18,110
08/28/2018,ADQ,AK,AAL,WE,Federal Contract Tower,3,9,0,2,14,55,1,20,0,76,58,10,20,2,90,0,28,28,118
08/29/2018,ADQ,AK,AAL,WE,Federal Contract Tower,2,5,3,3,13,0,97,1,16,114,2,102,4,19,127,0,6,6,133
08/30/2018,ADQ,AK,AAL,WE,Federal Contract Tower,4,7,0,2,13,0,57,0,22,79,4,64,0,24,92,0,22,22,114
08/31/2018,ADQ,AK,AAL,WE,Federal Contract Tower,4,12,0,1,17,0,85,0,9,94,4,97,0,10,111,20,24,44,155
09/01/2018,ADQ,AK,AAL,WE,Federal Contract Tower,5,11,0,0,16,0,62,0,3,65,5,73,0,3,81,0,0,0,81
09/02/2018,ADQ,AK,AAL,WE,Federal Contract Tower,4,7,0,0,11,0,52,0,4,56,4,59,0,4,67,2,34,36,103
09/03/2018,ADQ,AK,AAL,WE,Federal Contract Tower,3,6,0,0,9,0,32,2,3,37,3,38,2,3,46,0,2,2,48
09/04/2018,ADQ,AK,AAL,WE,Federal Contract Tower,3,9,0,0,12,0,76,0,4,80,3,85,0,4,92,0,4,4,96
09/05/2018,ADQ,AK,AAL,WE,Federal Contract Tower,3,8,0,3,14,1,92,0,18,111,4,100,0,21,125,0,32,32,157
09/06/2018,ADQ,AK,AAL,WE,Federal Contract Tower,3,7,2,1,13,0,77,4,16,97,3,84,6,17,110,18,30,48,158
09/07/2018,ADQ,AK,AAL,WE,Federal Contract Tower,2,12,0,2,16,0,64,9,12,85,2,76,9,14,101,0,60,60,161
09/08/2018,ADQ,AK,AAL,WE,Federal Contract Tower,3,8,0,0,11,1,57,2,6,66,4,65,2,6,77,4,0,4,81
09/09/2018,ADQ,AK,AAL,WE,Federal Contract Tower,3,7,0,0,10,0,35,1,5,41,3,42,1,5,51,0,24,24,75
09/10/2018,ADQ,AK,AAL,WE,Federal Contract Tower,5,8,1,3,17,0,70,0,16,86,5,78,1,19,103,2,26,28,131
09/11/2018,ADQ,AK,AAL,WE,Federal Contract Tower,3,8,0,0,11,0,77,3,11,91,3,85,3,11,102,14,12,26,128
09/12/2018,ADQ,AK,AAL,WE,Federal Contract Tower,2,11,0,3,16,1,67,2,14,84,3,78,2,17,100,0,26,26,126
09/13/2018,ADQ,AK,AAL,WE,Federal Contract Tower,4,9,0,1,14,0,76,0,13,89,4,85,0,14,103,0,6,6,109
09/14/2018,ADQ,AK,AAL,WE,Federal Contract Tower,3,7,0,1,11,0,87,3,13,103,3,94,3,14,114,0,14,14,128
09/15/2018,ADQ,AK,AAL,WE,Federal Contract Tower,4,12,2,1,19,0,23,0,3,26,4,35,2,4,45,0,8,8,53
09/16/2018,ADQ,AK,AAL,WE,Federal Contract Tower,3,10,0,4,17,0,45,0,0,45,3,55,0,4,62,0,0,0,62
09/17/2018,ADQ,AK,AAL,WE,Federal Contract Tower,6,10,0,6,22,0,31,0,4,35,6,41,0,10,57,0,0,0,57
09/18/2018,ADQ,AK,AAL,WE,Federal Contract Tower,3,12,1,6,22,0,39,0,10,49,3,51,1,16,71,0,58,58,129
09/19/2018,ADQ,AK,AAL,WE,Federal Contract Tower,4,8,0,1,13,0,59,2,15,76,4,67,2,16,89,0,116,116,205
09/20/2018,ADQ,AK,AAL,WE,Federal Contract Tower,3,6,0,1,10,0,67,0,14,81,3,73,0,15,91,0,18,18,109
09/21/2018,ADQ,AK,AAL,WE,Federal Contract Tower,3,8,0,3,14,0,51,0,10,61,3,59,0,13,75,0,36,36,111
09/22/2018,ADQ,AK,AAL,WE,Federal Contract Tower,4,9,1,1,15,0,49,0,1,50,4,58,1,2,65,0,0,0,65
09/23/2018,ADQ,AK,AAL,WE,Federal Contract Tower,2,5,0,1,8,1,49,1,3,54,3,54,1,4,62,0,44,44,106
09/24/2018,ADQ,AK,AAL,WE,Federal Contract Tower,4,7,0,0,11,1,35,0,9,45,5,42,0,9,56,0,2,2,58
09/25/2018,ADQ,AK,AAL,WE,Federal Contract Tower,2,7,0,1,10,1,38,2,8,49,3,45,2,9,59,0,60,60,119
09/26/2018,ADQ,AK,AAL,WE,Federal Contract Tower,3,9,1,7,20,0,63,2,5,70,3,72,3,12,90,0,4,4,94
09/27/2018,ADQ,AK,AAL,WE,Federal Contract Tower,4,23,0,0,27,0,10,0,8,18,4,33,0,8,45,0,34,34,79
09/28/2018,ADQ,AK,AAL,WE,Federal Contract Tower,3,19,0,2,24,0,48,0,4,52,3,67,0,6,76,0,2,2,78
09/29/2018,ADQ,AK,AAL,WE,Federal Contract Tower,4,18,0,3,25,0,2,0,0,2,4,20,0,3,27,0,0,0,27
09/30/2018,ADQ,AK,AAL,WE,Federal Contract Tower,3,18,0,0,21,0,31,0,1,32,3,49,0,1,53,0,0,0,53
10/01/2018,ADQ,AK,AAL,WE,Federal Contract Tower,5,11,0,0,16,0,52,0,15,67,5,63,0,15,83,0,49,49,132
10/02/2018,ADQ,AK,AAL,WE,Federal Contract Tower,4,18,0,0,22,0,0,0,0,0,4,18,0,0,22,0,0,0,22
10/03/2018,ADQ,AK,AAL,WE,Federal Contract Tower,6,18,0,4,28,2,44,0,1,47,8,62,0,5,75,0,0,0,75
10/04/2018,ADQ,AK,AAL,WE,Federal Contract Tower,5,8,0,1,14,1,81,0,13,95,6,89,0,14,109,0,6,6,115
10/05/2018,ADQ,AK,AAL,WE,Federal Contract Tower,4,10,0,0,14,0,77,1,16,94,4,87,1,16,108,0,10,10,118
10/06/2018,ADQ,AK,AAL,WE,Federal Contract Tower,4,8,0,3,15,0,50,0,2,52,4,58,0,5,67,0,10,10,77
10/07/2018,ADQ,AK,AAL,WE,Federal Contract Tower,3,12,0,1,16,0,14,0,4,18,3,26,0,5,34,0,0,0,34
10/08/2018,ADQ,AK,AAL,WE,Federal Contract Tower,5,7,1,1,14,0,39,1,2,42,5,46,2,3,56,0,12,12,68
10/09/2018,ADQ,AK,AAL,WE,Federal Contract Tower,4,8,0,3,15,0,1,0,6,7,4,9,0,9,22,0,8,8,30
10/10/2018,ADQ,AK,AAL,WE,Federal Contract Tower,2,12,0,3,17,1,30,0,5,36,3,42,0,8,53,0,2,2,55
10/11/2018,ADQ,AK,AAL,WE,Federal Contract Tower,5,13,0,1,19,0,88,2,9,99,5,101,2,10,118,0,12,12,130
10/12/2018,ADQ,AK,AAL,WE,Federal Contract Tower,4,13,0,2,19,0,53,0,6,59,4,66,0,8,78,0,26,26,104
10/13/2018,ADQ,AK,AAL,WE,Federal Contract Tower,4,10,0,0,14,0,75,0,3,78,4,85,0,3,92,4,24,28,120
10/14/2018,ADQ,AK,AAL,WE,Federal Contract Tower,5,16,0,4,25,0,5,0,0,5,5,21,0,4,30,0,0,0,30
10/15/2018,ADQ,AK,AAL,WE,Federal Contract Tower,5,11,0,2,18,0,27,2,6,35,5,38,2,8,53,8,0,8,61
10/16/2018,ADQ,AK,AAL,WE,Federal Contract Tower,5,8,0,3,16,0,39,0,12,51,5,47,0,15,67,18,18,36,103
10/17/2018,ADQ,AK,AAL,WE,Federal Contract Tower,2,8,4,2,16,0,57,2,19,78,2,65,6,21,94,10,64,74,168
10/18/2018,ADQ,AK,AAL,WE,Federal Contract Tower,4,10,0,1,15,0,48,0,12,60,4,58,0,13,75,8,56,64,139
10/19/2018,ADQ,AK,AAL,WE,Federal Contract Tower,4,11,0,0,15,0,19,0,13,32,4,30,0,13,47,12,22,34,81
10/20/2018,ADQ,AK,AAL,WE,Federal Contract Tower,4,5,0,2,11,0,26,0,6,32,4,31,0,8,43,12,22,34,77
10/21/2018,ADQ,AK,AAL,WE,Federal Contract Tower,4,11,0,2,17,0,32,0,3,35,4,43,0,5,52,0,0,0,52
10/22/2018,ADQ,AK,AAL,WE,Federal Contract Tower,4,12,4,3,23,0,38,0,6,44,4,50,4,9,67,0,32,32,99
10/23/2018,ADQ,AK,AAL,WE,Federal Contract Tower,4,10,0,1,15,0,41,0,13,54,4,51,0,14,69,6,90,96,165
10/24/2018,ADQ,AK,AAL,WE,Federal Contract Tower,2,10,0,7,19,0,78,0,20,98,2,88,0,27,117,0,18,18,135
10/25/2018,ADQ,AK,AAL,WE,Federal Contract Tower,4,14,0,6,24,0,47,0,19,66,4,61,0,25,90,0,46,46,136
10/26/2018,ADQ,AK,AAL,WE,Federal Contract Tower,4,10,0,0,14,0,46,5,2,53,4,56,5,2,67,6,0,6,73
10/27/2018,ADQ,AK,AAL,WE,Federal Contract Tower,2,7,0,0,9,2,55,1,6,64,4,62,1,6,73,0,28,28,101
10/28/2018,ADQ,AK,AAL,WE,Federal Contract Tower,4,8,0,0,12,0,22,0,2,24,4,30,0,2,36,0,14,14,50
10/29/2018,ADQ,AK,AAL,WE,Federal Contract Tower,6,8,0,0,14,30,0,18,0,48,36,8,18,0,62,0,64,64,126
10/30/2018,ADQ,AK,AAL,WE,Federal Contract Tower,4,0,9,1,14,0,55,1,16,72,4,55,10,17,86,0,56,56,142
10/31/2018,ADQ,AK,AAL,WE,Federal Contract Tower,2,12,0,2,16,0,51,2,15,68,2,63,2,17,84,18,72,90,174
11/01/2018,ADQ,AK,AAL,WE,Federal Contract Tower,4,8,0,1,13,0,69,3,14,86,4,77,3,15,99,0,62,62,161
11/02/2018,ADQ,AK,AAL,WE,Federal Contract Tower,4,5,4,0,13,0,8,0,12,20,4,13,4,12,33,4,28,32,65
11/03/2018,ADQ,AK,AAL,WE,Federal Contract Tower,4,7,2,4,17,0,52,0,1,53,4,59,2,5,70,0,0,0,70
11/04/2018,ADQ,AK,AAL,WE,Federal Contract Tower,4,7,0,0,11,0,41,4,5,50,4,48,4,5,61,0,34,34,95
11/05/2018,ADQ,AK,AAL,WE,Federal Contract Tower,4,8,1,1,14,0,58,0,17,75,4,66,1,18,89,6,0,6,95
11/06/2018,ADQ,AK,AAL,WE,Federal Contract Tower,4,8,0,5,17,0,44,0,5,49,4,52,0,10,66,0,10,10,76
11/07/2018,ADQ,AK,AAL,WE,Federal Contract Tower,2,6,2,24,34,0,2,1,17,20,2,8,3,41,54,0,108,108,162
11/08/2018,ADQ,AK,AAL,WE,Federal Contract Tower,4,9,1,2,16,0,64,1,11,76,4,73,2,13,92,0,38,38,130
11/09/2018,ADQ,AK,AAL,WE,Federal Contract Tower,4,6,3,1,14,0,71,0,14,85,4,77,3,15,99,14,30,44,143
11/10/2018,ADQ,AK,AAL,WE,Federal Contract Tower,4,2,0,2,8,0,0,0,3,3,4,2,0,5,11,0,22,22,33
11/11/2018,ADQ,AK,AAL,WE,Federal Contract Tower,4,7,0,2,13,0,0,0,1,1,4,7,0,3,14,0,0,0,14
11/12/2018,ADQ,AK,AAL,WE,Federal Contract Tower,6,16,3,2,27,0,28,0,1,29,6,44,3,3,56,0,0,0,56
11/13/2018,ADQ,AK,AAL,WE,Federal Contract Tower,4,10,0,4,18,0,46,0,11,57,4,56,0,15,75,0,50,50,125
11/14/2018,ADQ,AK,AAL,WE,Federal Contract Tower,2,6,0,1,9,0,64,1,28,93,2,70,1,29,102,0,60,60,162
11/15/2018,ADQ,AK,AAL,WE,Federal Contract Tower,4,14,0,6,24,0,35,0,12,47,4,49,0,18,71,20,30,50,121
11/16/2018,ADQ,AK,AAL,WE,Federal Contract Tower,4,2,0,1,7,0,0,0,0,0,4,2,0,1,7,0,0,0,7
11/17/2018,ADQ,AK,AAL,WE,Federal Contract Tower,4,12,0,2,18,0,29,0,3,32,4,41,0,5,50,0,0,0,50
11/18/2018,ADQ,AK,AAL,WE,Federal Contract Tower,4,10,1,2,17,0,21,0,0,21,4,31,1,2,38,0,0,0,38
11/19/2018,ADQ,AK,AAL,WE,Federal Contract Tower,4,7,0,2,13,0,47,0,10,57,4,54,0,12,70,0,34,34,104
11/20/2018,ADQ,AK,AAL,WE,Federal Contract Tower,4,4,0,2,10,0,62,1,28,91,4,66,1,30,101,0,88,88,189
11/21/2018,ADQ,AK,AAL,WE,Federal Contract Tower,2,5,1,2,10,0,52,0,14,66,2,57,1,16,76,30,20,50,126
11/22/2018,ADQ,AK,AAL,WE,Federal Contract Tower,2,4,0,0,6,0,4,1,0,5,2,8,1,0,11,0,0,0,11
11/23/2018,ADQ,AK,AAL,WE,Federal Contract Tower,4,9,0,1,14,0,34,0,0,34,4,43,0,1,48,0,16,16,64
11/24/2018,ADQ,AK,AAL,WE,Federal Contract Tower,4,12,0,0,16,0,31,0,3,34,4,43,0,3,50,0,14,14,64
11/25/2018,ADQ,AK,AAL,WE,Federal Contract Tower,3,8,0,2,13,0,21,0,6,27,3,29,0,8,40,0,12,12,52
11/26/2018,ADQ,AK,AAL,WE,Federal Contract Tower,4,7,0,5,16,0,47,0,16,63,4,54,0,21,79,0,34,34,113
11/27/2018,ADQ,AK,AAL,WE,Federal Contract Tower,4,40,0,4,48,1,29,0,20,50,5,69,0,24,98,4,22,26,124
11/28/2018,ADQ,AK,AAL,WE,Federal Contract Tower,2,7,0,3,12,0,43,0,24,67,2,50,0,27,79,0,102,102,181
11/29/2018,ADQ,AK,AAL,WE,Federal Contract Tower,4,11,0,0,15,0,61,0,12,73,4,72,0,12,88,0,2,2,90
11/30/2018,ADQ,AK,AAL,WE,Federal Contract Tower,4,0,0,1,5,0,45,0,6,51,4,45,0,7,56,1,26,27,83
12/01/2018,ADQ,AK,AAL,WE,Federal Contract Tower,3,5,0,1,9,0,32,0,3,35,3,37,0,4,44,0,14,14,58
12/02/2018,ADQ,AK,AAL,WE,Federal Contract Tower,4,8,0,1,13,0,35,0,10,45,4,43,0,11,58,0,0,0,58
12/03/2018,ADQ,AK,AAL,WE,Federal Contract Tower,4,9,0,0,13,0,40,0,16,56,4,49,0,16,69,0,12,12,81
12/04/2018,ADQ,AK,AAL,WE,Federal Contract Tower,4,10,0,1,15,0,65,0,27,92,4,75,0,28,107,14,14,28,135
12/05/2018,ADQ,AK,AAL,WE,Federal Contract Tower,2,10,0,4,16,0,29,0,3,32,2,39,0,7,48,0,0,0,48
12/06/2018,ADQ,AK,AAL,WE,Federal Contract Tower,4,10,0,5,19,0,39,0,20,59,4,49,0,25,78,2,84,86,164
12/07/2018,ADQ,AK,AAL,WE,Federal Contract Tower,4,8,1,0,13,0,41,0,12,53,4,49,1,12,66,8,12,20,86
12/08/2018,ADQ,AK,AAL,WE,Federal Contract Tower,3,9,0,0,12,1,47,0,6,54,4,56,0,6,66,0,0,0,66
12/09/2018,ADQ,AK,AAL,WE,Federal Contract Tower,2,10,0,0,12,0,0,0,2,2,2,10,0,2,14,0,0,0,14
12/10/2018,ADQ,AK,AAL,WE,Federal Contract Tower,5,14,0,3,22,0,38,0,12,50,5,52,0,15,72,6,18,24,96
12/11/2018,ADQ,AK,AAL,WE,Federal Contract Tower,4,1,0,1,6,0,0,0,8,8,4,1,0,9,14,0,0,0,14
12/12/2018,ADQ,AK,AAL,WE,Federal Contract Tower,4,11,0,1,16,0,41,0,26,67,4,52,0,27,83,0,20,20,103
12/13/2018,ADQ,AK,AAL,WE,Federal Contract Tower,4,16,2,1,23,0,32,0,21,53,4,48,2,22,76,8,58,66,142
12/14/2018,ADQ,AK,AAL,WE,Federal Contract Tower,4,8,0,2,14,0,4,0,0,4,4,12,0,2,18,0,0,0,18
12/15/2018,ADQ,AK,AAL,WE,Federal Contract Tower,5,3,0,1,9,0,10,0,2,12,5,13,0,3,21,0,0,0,21
12/16/2018,ADQ,AK,AAL,WE,Federal Contract Tower,4,12,0,0,16,0,31,2,2,35,4,43,2,2,51,0,10,10,61
12/17/2018,ADQ,AK,AAL,WE,Federal Contract Tower,4,11,0,3,18,0,27,0,11,38,4,38,0,14,56,0,27,27,83
12/18/2018,ADQ,AK,AAL,WE,Federal Contract Tower,4,9,0,1,14,0,26,0,0,26,4,35,0,1,40,0,0,0,40
12/19/2018,ADQ,AK,AAL,WE,Federal Contract Tower,1,7,5,1,14,1,48,1,14,64,2,55,6,15,78,10,24,34,112
12/20/2018,ADQ,AK,AAL,WE,Federal Contract Tower,4,11,0,3,18,0,59,2,2,63,4,70,2,5,81,0,0,0,81
12/21/2018,ADQ,AK,AAL,WE,Federal Contract Tower,2,6,0,0,8,0,23,0,9,32,2,29,0,9,40,0,2,2,42
12/22/2018,ADQ,AK,AAL,WE,Federal Contract Tower,4,6,0,4,14,0,33,0,3,36,4,39,0,7,50,0,0,0,50
12/23/2018,ADQ,AK,AAL,WE,Federal Contract Tower,4,12,0,2,18,0,15,0,7,22,4,27,0,9,40,0,10,10,50
12/24/2018,ADQ,AK,AAL,WE,Federal Contract Tower,4,4,0,0,8,0,28,1,7,36,4,32,1,7,44,34,0,34,78
12/25/2018,ADQ,AK,AAL,WE,Federal Contract Tower,1,3,0,0,4,0,0,0,0,0,1,3,0,0,4,0,0,0,4
12/26/2018,ADQ,AK,AAL,WE,Federal Contract Tower,2,11,0,1,14,0,37,4,9,50,2,48,4,10,64,4,10,14,78
12/27/2018,ADQ,AK,AAL,WE,Federal Contract Tower,4,9,0,0,13,0,30,1,7,38,4,39,1,7,51,4,4,8,59
12/28/2018,ADQ,AK,AAL,WE,Federal Contract Tower,3,4,0,4,11,1,26,0,3,30,4,30,0,7,41,0,8,8,49
12/29/2018,ADQ,AK,AAL,WE,Federal Contract Tower,2,11,0,0,13,0,26,0,6,32,2,37,0,6,45,0,8,8,53
12/30/2018,ADQ,AK,AAL,WE,Federal Contract Tower,2,2,0,0,4,0,5,0,2,7,2,7,0,2,11,0,2,2,13
12/31/2018,ADQ,AK,AAL,WE,Federal Contract Tower,4,5,0,0,9,0,32,0,5,37,4,37,0,5,46,0,6,6,52
01/01/2019,ADQ,AK,AAL,WE,Federal Contract Tower,4,3,0,2,9,0,0,0,4,4,4,3,0,6,13,0,0,0,13
01/02/2019,ADQ,AK,AAL,WE,Federal Contract Tower,4,5,0,2,11,0,34,0,10,44,4,39,0,12,55,0,8,8,63
01/03/2019,ADQ,AK,AAL,WE,Federal Contract Tower,4,10,0,0,14,0,57,1,0,58,4,67,1,0,72,0,0,0,72
01/04/2019,ADQ,AK,AAL,WE,Federal Contract Tower,4,20,0,1,25,1,44,2,17,64,5,64,2,18,89,0,62,62,151
01/05/2019,ADQ,AK,AAL,WE,Federal Contract Tower,4,9,0,0,13,0,35,0,4,39,4,44,0,4,52,16,34,50,102
01/06/2019,ADQ,AK,AAL,WE,Federal Contract Tower,4,8,0,0,12,0,12,0,6,18,4,20,0,6,30,10,40,50,80
01/07/2019,ADQ,AK,AAL,WE,Federal Contract Tower,4,11,0,2,17,0,29,0,12,41,4,40,0,14,58,0,66,66,124
01/08/2019,ADQ,AK,AAL,WE,Federal Contract Tower,4,8,0,5,17,0,31,0,15,46,4,39,0,20,63,0,102,102,165
01/09/2019,ADQ,AK,AAL,WE,Federal Contract Tower,2,9,0,4,15,0,38,0,16,54,2,47,0,20,69,0,36,36,105
01/10/2019,ADQ,AK,AAL,WE,Federal Contract Tower,4,6,0,5,15,0,61,0,26,87,4,67,0,31,102,0,56,56,158
01/11/2019,ADQ,AK,AAL,WE,Federal Contract Tower,4,11,0,3,18,0,37,0,17,54,4,48,0,20,72,0,76,76,148
01/12/2019,ADQ,AK,AAL,WE,Federal Contract Tower,4,14,0,1,19,0,8,0,5,13,4,22,0,6,32,0,16,16,48
01/13/2019,ADQ,AK,AAL,WE,Federal Contract Tower,4,9,0,0,13,0,8,0,2,10,4,17,0,2,23,0,0,0,23
01/14/2019,ADQ,AK,AAL,WE,Federal Contract Tower,4,9,3,25,41,0,12,0,11,23,4,21,3,36,64,0,42,42,106
01/15/2019,ADQ,AK,AAL,WE,Federal Contract Tower,4,11,0,12,27,0,28,0,14,42,4,39,0,26,69,0,34,34,103
01/16/2019,ADQ,AK,AAL,WE,Federal Contract Tower,2,16,0,5,23,0,23,0,15,38,2,39,0,20,61,0,54,54,115
01/17/2019,ADQ,AK,AAL,WE,Federal Contract Tower,4,8,0,4,16,0,37,2,9,48,4,45,2,13,64,0,0,0,64
01/18/2019,ADQ,AK,AAL,WE,Federal Contract Tower,4,6,0,0,10,0,36,5,4,45,4,42,5,4,55,12,0,12,67
01/19/2019,ADQ,AK,AAL,WE,Federal Contract Tower,4,5,0,0,9,0,30,8,4,42,4,35,8,4,51,4,0,4,55
01/20/2019,ADQ,AK,AAL,WE,Federal Contract Tower,4,8,0,2,14,0,27,10,3,40,4,35,10,5,54,12,0,12,66
01/21/2019,ADQ,AK,AAL,WE,Federal Contract Tower,5,19,0,0,24,0,12,0,0,12,5,31,0,0,36,0,0,0,36
01/22/2019,ADQ,AK,AAL,WE,Federal Contract Tower,4,8,0,4,16,0,32,0,12,44,4,40,0,16,60,0,58,58,118
01/23/2019,ADQ,AK,AAL,WE,Federal Contract Tower,2,7,0,2,11,0,44,1,23,68,2,51,1,25,79,8,92,100,179
01/24/2019,ADQ,AK,AAL,WE,Federal Contract Tower,4,6,0,4,14,0,35,0,19,54,4,41,0,23,68,0,34,34,102
01/25/2019,ADQ,AK,AAL,WE,Federal Contract Tower,2,7,0,2,11,2,36,3,9,50,4,43,3,11,61,14,42,56,117
01/26/2019,ADQ,AK,AAL,WE,Federal Contract Tower,4,6,0,0,10,0,25,0,2,27,4,31,0,2,37,0,26,26,63
01/27/2019,ADQ,AK,AAL,WE,Federal Contract Tower,4,7,0,1,12,0,9,0,1,10,4,16,0,2,22,0,6,6,28
01/28/2019,ADQ,AK,AAL,WE,Federal Contract Tower,4,8,0,19,31,0,0,0,3,3,4,8,0,22,34,0,14,14,48
01/29/2019,ADQ,AK,AAL,WE,Federal Contract Tower,4,7,0,1,12,0,57,3,21,81,4,64,3,22,93,0,102,102,195
01/30/2019,ADQ,AK,AAL,WE,Federal Contract Tower,2,8,0,1,11,0,49,4,13,66,2,57,4,14,77,6,26,32,109
01/31/2019,ADQ,AK,AAL,WE,Federal Contract Tower,4,4,0,0,8,0,46,0,13,59,4,50,0,13,67,0,42,42,109
02/01/2019,ADQ,AK,AAL,WE,Federal Contract Tower,4,3,0,4,11,0,38,2,5,45,4,41,2,9,56,0,14,14,70
02/02/2019,ADQ,AK,AAL,WE,Federal Contract Tower,4,8,0,0,12,0,33,0,2,35,4,41,0,2,47,0,30,30,77
02/03/2019,ADQ,AK,AAL,WE,Federal Contract Tower,4,6,0,2,12,0,17,2,5,24,4,23,2,7,36,0,6,6,42
02/04/2019,ADQ,AK,AAL,WE,Federal Contract Tower,4,10,0,1,15,0,22,0,14,36,4,32,0,15,51,0,92,92,143
02/05/2019,ADQ,AK,AAL,WE,Federal Contract Tower,4,9,0,6,19,0,43,1,27,71,4,52,1,33,90,14,58,72,162
02/06/2019,ADQ,AK,AAL,WE,Federal Contract Tower,1,5,0,2,8,1,36,16,19,72,2,41,16,21,80,10,18,28,108
02/07/2019,ADQ,AK,AAL,WE,Federal Contract Tower,4,8,0,2,14,0,38,7,13,58,4,46,7,15,72,10,104,114,186
02/08/2019,ADQ,AK,AAL,WE,Federal Contract Tower,4,5,0,2,11,0,37,2,10,49,4,42,2,12,60,0,24,24,84
02/09/2019,ADQ,AK,AAL,WE,Federal Contract Tower,3,3,0,1,7,1,26,2,3,32,4,29,2,4,39,0,20,20,59
02/10/2019,ADQ,AK,AAL,WE,Federal Contract Tower,4,8,0,3,15,0,6,0,2,8,4,14,0,5,23,0,10,10,33
02/11/2019,ADQ,AK,AAL,WE,Federal Contract Tower,4,7,0,0,11,0,40,5,18,63,4,47,5,18,74,24,26,50,124
02/12/2019,ADQ,AK,AAL,WE,Federal Contract Tower,5,6,0,6,17,0,43,0,21,64,5,49,0,27,81,0,52,52,133
02/13/2019,ADQ,AK,AAL,WE,Federal Contract Tower,0,1,0,0,1,0,0,0,1,1,0,1,0,1,2,0,0,0,2
02/14/2019,ADQ,AK,AAL,WE,Federal Contract Tower,4,9,0,1,14,0,49,0,28,77,4,58,0,29,91,0,70,70,161
02/15/2019,ADQ,AK,AAL,WE,Federal Contract Tower,4,6,0,3,13,0,48,3,14,65,4,54,3,17,78,36,12,48,126
02/16/2019,ADQ,AK,AAL,WE,Federal Contract Tower,4,6,0,0,10,0,16,0,2,18,4,22,0,2,28,0,0,0,28
02/17/2019,ADQ,AK,AAL,WE,Federal Contract Tower,4,6,0,1,11,0,15,2,3,20,4,21,2,4,31,22,8,30,61
02/18/2019,ADQ,AK,AAL,WE,Federal Contract Tower,4,10,0,1,15,0,21,0,4,25,4,31,0,5,40,12,0,12,52
02/19/2019,ADQ,AK,AAL,WE,Federal Contract Tower,4,4,0,2,10,0,42,0,14,56,4,46,0,16,66,0,4,4,70
02/20/2019,ADQ,AK,AAL,WE,Federal Contract Tower,2,12,0,2,16,0,38,3,21,62,2,50,3,23,78,14,68,82,160
02/21/2019,ADQ,AK,AAL,WE,Federal Contract Tower,4,0,0,1,5,0,4,0,13,17,4,4,0,14,22,0,8,8,30
02/22/2019,ADQ,AK,AAL,WE,Federal Contract Tower,4,4,0,1,9,0,56,3,22,81,4,60,3,23,90,0,54,54,144
02/23/2019,ADQ,AK,AAL,WE,Federal Contract Tower,3,6,0,1,10,1,42,4,11,58,4,48,4,12,68,0,16,16,84
02/24/2019,ADQ,AK,AAL,WE,Federal Contract Tower,4,9,0,1,14,0,30,9,6,45,4,39,9,7,59,0,46,46,105
02/25/2019,ADQ,AK,AAL,WE,Federal Contract Tower,6,8,1,1,16,0,38,0,12,50,6,46,1,13,66,0,4,4,70
02/26/2019,ADQ,AK,AAL,WE,Federal Contract Tower,4,9,0,4,17,0,66,5,20,91,4,75,5,24,108,10,10,20,128
02/27/2019,ADQ,AK,AAL,WE,Federal Contract Tower,2,8,0,2,12,0,40,2,30,72,2,48,2,32,84,28,36,64,148
02/28/2019,ADQ,AK,AAL,WE,Federal Contract Tower,3,6,0,3,12,1,55,7,26,89,4,61,7,29,101,56,104,160,261
03/01/2019,ADQ,AK,AAL,WE,Federal Contract Tower,3,7,0,4,14,1,57,2,6,66,4,64,2,10,80,4,22,26,106
03/02/2019,ADQ,AK,AAL,WE,Federal Contract Tower,4,8,1,2,15,0,35,2,1,38,4,43,3,3,53,0,6,6,59
03/03/2019,ADQ,AK,AAL,WE,Federal Contract Tower,2,10,0,0,12,1,12,2,5,20,3,22,2,5,32,2,26,28,60
03/04/2019,ADQ,AK,AAL,WE,Federal Contract Tower,4,9,0,3,16,1,48,0,7,56,5,57,0,10,72,0,110,110,182
03/05/2019,ADQ,AK,AAL,WE,Federal Contract Tower,4,6,0,1,11,0,37,0,1,38,4,43,0,2,49,0,12,12,61
03/06/2019,ADQ,AK,AAL,WE,Federal Contract Tower,2,10,0,8,20,0,34,0,27,61,2,44,0,35,81,0,96,96,177
03/07/2019,ADQ,AK,AAL,WE,Federal Contract Tower,4,11,0,6,21,0,35,0,15,50,4,46,0,21,71,0,78,78,149
03/08/2019,ADQ,AK,AAL,WE,Federal Contract Tower,4,9,0,0,13,0,64,0,11,75,4,73,0,11,88,0,30,30,118
03/09/2019,ADQ,AK,AAL,WE,Federal Contract Tower,0,3,0,3,6,0,0,0,0,0,0,3,0,3,6,0,0,0,6
03/10/2019,ADQ,AK,AAL,WE,Federal Contract Tower,4,10,0,0,14,0,29,1,0,30,4,39,1,0,44,0,0,0,44
03/11/2019,ADQ,AK,AAL,WE,Federal Contract Tower,5,6,0,0,11,0,33,0,12,45,5,39,0,12,56,0,54,54,110
03/12/2019,ADQ,AK,AAL,WE,Federal Contract Tower,4,2,1,2,9,0,42,0,13,55,4,44,1,15,64,1,52,53,117
03/13/2019,ADQ,AK,AAL,WE,Federal Contract Tower,2,5,0,3,10,0,10,0,6,16,2,15,0,9,26,0,30,30,56
03/14/2019,ADQ,AK,AAL,WE,Federal Contract Tower,4,5,2,2,13,0,41,6,15,62,4,46,8,17,75,0,44,44,119
03/15/2019,ADQ,AK,AAL,WE,Federal Contract Tower,4,10,0,0,14,0,6,0,0,6,4,16,0,0,20,0,0,0,20
03/16/2019,ADQ,AK,AAL,WE,Federal Contract Tower,4,6,0,2,12,0,22,0,2,24,4,28,0,4,36,18,2,20,56
03/17/2019,ADQ,AK,AAL,WE,Federal Contract Tower,4,18,0,1,23,0,5,0,1,6,4,23,0,2,29,0,0,0,29
03/18/2019,ADQ,AK,AAL,WE,Federal Contract Tower,5,31,0,5,41,0,20,2,3,25,5,51,2,8,66,6,0,6,72
03/19/2019,ADQ,AK,AAL,WE,Federal Contract Tower,4,6,0,4,14,0,50,0,16,66,4,56,0,20,80,0,38,38,118
03/20/2019,ADQ,AK,AAL,WE,Federal Contract Tower,2,11,0,8,21,0,0,0,0,0,2,11,0,8,21,0,0,0,21
03/21/2019,ADQ,AK,AAL,WE,Federal Contract Tower,4,7,0,9,20,0,0,0,6,6,4,7,0,15,26,0,48,48,74
03/22/2019,ADQ,AK,AAL,WE,Federal Contract Tower,4,8,0,3,15,0,16,0,18,34,4,24,0,21,49,20,10,30,79
03/23/2019,ADQ,AK,AAL,WE,Federal Contract Tower,4,8,0,0,12,0,63,0,2,65,4,71,0,2,77,0,30,30,107
03/24/2019,ADQ,AK,AAL,WE,Federal Contract Tower,5,9,0,0,14,0,27,0,6,33,5,36,0,6,47,0,22,22,69
03/25/2019,ADQ,AK,AAL,WE,Federal Contract Tower,5,9,1,2,17,0,34,2,10,46,5,43,3,12,63,34,104,138,201
03/26/2019,ADQ,AK,AAL,WE,Federal Contract Tower,5,7,0,2,14,0,49,6,24,79,5,56,6,26,93,14,48,62,155
03/27/2019,ADQ,AK,AAL,WE,Federal Contract Tower,2,11,0,4,17,0,45,0,15,60,2,56,0,19,77,0,72,72,149
03/28/2019,ADQ,AK,AAL,WE,Federal Contract Tower,4,13,0,4,21,0,32,0,18,50,4,45,0,22,71,0,81,81,152
03/29/2019,ADQ,AK,AAL,WE,Federal Contract Tower,4,6,0,1,11,0,34,4,20,58,4,40,4,21,69,28,96,124,193
03/30/2019,ADQ,AK,AAL,WE,Federal Contract Tower,4,7,0,1,12,0,48,8,5,61,4,55,8,6,73,0,18,18,91
03/31/2019,ADQ,AK,AAL,WE,Federal Contract Tower,3,8,0,1,12,1,13,0,3,17,4,21,0,4,29,0,0,0,29
04/01/2019,ADQ,AK,AAL,WE,Federal Contract Tower,5,7,0,2,14,0,49,8,15,72,5,56,8,17,86,8,44,52,138
04/02/2019,ADQ,AK,AAL,WE,Federal Contract Tower,4,8,0,1,13,0,46,7,24,77,4,54,7,25,90,0,104,104,194
04/03/2019,ADQ,AK,AAL,WE,Federal Contract Tower,4,7,0,0,11,0,46,10,14,70,4,53,10,14,81,14,48,62,143
04/04/2019,ADQ,AK,AAL,WE,Federal Contract Tower,4,12,0,3,19,0,46,1,28,75,4,58,1,31,94,8,64,72,166
04/05/2019,ADQ,AK,AAL,WE,Federal Contract Tower,4,13,0,0,17,0,31,0,0,31,4,44,0,0,48,0,0,0,48
04/06/2019,ADQ,AK,AAL,WE,Federal Contract Tower,4,8,0,0,12,0,16,0,2,18,4,24,0,2,30,0,0,0,30
04/07/2019,ADQ,AK,AAL,WE,Federal Contract Tower,4,9,0,1,14,0,27,0,2,29,4,36,0,3,43,0,0,0,43
04/08/2019,ADQ,AK,AAL,WE,Federal Contract Tower,5,10,0,1,16,0,40,0,17,57,5,50,0,18,73,4,78,82,155
04/09/2019,ADQ,AK,AAL,WE,Federal Contract Tower,3,16,0,3,22,0,40,0,14,54,3,56,0,17,76,8,16,24,100
04/10/2019,ADQ,AK,AAL,WE,Federal Contract Tower,2,8,1,5,16,0,38,0,30,68,2,46,1,35,84,28,36,64,148
04/11/2019,ADQ,AK,AAL,WE,Federal Contract Tower,4,14,0,0,18,0,23,2,22,47,4,37,2,22,65,14,34,48,113
04/12/2019,ADQ,AK,AAL,WE,Federal Contract Tower,3,12,0,0,15,1,58,7,2,68,4,70,7,2,83,14,0,14,97
04/13/2019,ADQ,AK,AAL,WE,Federal Contract Tower,4,9,0,0,13,0,46,7,4,57,4,55,7,4,70,40,0,40,110
04/14/2019,ADQ,AK,AAL,WE,Federal Contract Tower,4,7,0,0,11,0,26,6,2,34,4,33,6,2,45,0,0,0,45
04/15/2019,ADQ,AK,AAL,WE,Federal Contract Tower,6,10,1,2,19,0,53,3,12,68,6,63,4,14,87,12,26,38,125
04/16/2019,ADQ,AK,AAL,WE,Federal Contract Tower,4,9,0,2,15,0,45,2,22,69,4,54,2,24,84,0,82,82,166
04/17/2019,ADQ,AK,AAL,WE,Federal Contract Tower,2,9,0,3,14,1,40,3,15,59,3,49,3,18,73,8,38,46,119
04/18/2019,ADQ,AK,AAL,WE,Federal Contract Tower,4,12,0,0,16,0,59,4,31,94,4,71,4,31,110,8,26,34,144
04/19/2019,ADQ,AK,AAL,WE,Federal Contract Tower,5,5,0,0,10,0,51,2,24,77,5,56,2,24,87,20,24,44,131
04/20/2019,ADQ,AK,AAL,WE,Federal Contract Tower,2,10,0,0,12,0,37,0,2,39,2,47,0,2,51,0,0,0,51
04/21/2019,ADQ,AK,AAL,WE,Federal Contract Tower,4,8,0,1,13,0,13,1,3,17,4,21,1,4,30,0,6,6,36
04/22/2019,ADQ,AK,AAL,WE,Federal Contract Tower,6,10,0,0,16,0,41,1,24,66,6,51,1,24,82,28,48,76,158
04/23/2019,ADQ,AK,AAL,WE,Federal Contract Tower,4,9,0,5,18,0,40,6,27,73,4,49,6,32,91,12,58,70,161
04/24/2019,ADQ,AK,AAL,WE,Federal Contract Tower,1,2,2,3,8,1,11,0,12,24,2,13,2,15,32,0,30,30,62
04/25/2019,ADQ,AK,AAL,WE,Federal Contract Tower,4,10,0,2,16,0,47,2,11,60,4,57,2,13,76,0,24,24,100
04/26/2019,ADQ,AK,AAL,WE,Federal Contract Tower,4,8,0,0,12,0,95,3,2,100,4,103,3,2,112,8,6,14,126
04/27/2019,ADQ,AK,AAL,WE,Federal Contract Tower,4,10,0,2,16,0,44,5,11,60,4,54,5,13,76,0,0,0,76
04/28/2019,ADQ,AK,AAL,WE,Federal Contract Tower,4,13,0,4,21,0,9,0,2,11,4,22,0,6,32,0,0,0,32
04/29/2019,ADQ,AK,AAL,WE,Federal Contract Tower,6,21,0,6,33,0,0,10,8,18,6,21,10,14,51,6,28,34,85
04/30/2019,ADQ,AK,AAL,WE,Federal Contract Tower,4,28,0,3,35,0,2,0,0,2,4,30,0,3,37,0,0,0,37
05/01/2019,ADQ,AK,AAL,WE,Federal Contract Tower,4,10,0,2,16,0,65,8,25,98,4,75,8,27,114,18,46,64,178
05/02/2019,ADQ,AK,AAL,WE,Federal Contract Tower,4,14,0,2,20,0,40,0,35,75,4,54,0,37,95,0,30,30,125
05/03/2019,ADQ,AK,AAL,WE,Federal Contract Tower,4,7,0,0,11,1,57,1,11,70,5,64,1,11,81,0,48,48,129
05/04/2019,ADQ,AK,AAL,WE,Federal Contract Tower,4,9,0,0,13,0,43,1,3,47,4,52,1,3,60,0,20,20,80
05/05/2019,ADQ,AK,AAL,WE,Federal Contract Tower,4,10,0,1,15,0,15,1,3,19,4,25,1,4,34,0,6,6,40
05/06/2019,ADQ,AK,AAL,WE,Federal Contract Tower,6,8,2,2,18,0,35,0,14,49,6,43,2,16,67,0,8,8,75
05/07/2019,ADQ,AK,AAL,WE,Federal Contract Tower,4,10,0,7,21,0,25,0,14,39,4,35,0,21,60,0,26,26,86
05/08/2019,ADQ,AK,AAL,WE,Federal Contract Tower,4,8,1,1,14,0,59,0,18,77,4,67,1,19,91,8,50,58,149
05/09/2019,ADQ,AK,AAL,WE,Federal Contract Tower,4,10,0,4,18,0,26,0,4,30,4,36,0,8,48,0,48,48,96
05/10/2019,ADQ,AK,AAL,WE,Federal Contract Tower,4,14,0,2,20,0,48,0,16,64,4,62,0,18,84,0,22,22,106
05/11/2019,ADQ,AK,AAL,WE,Federal Contract Tower,4,10,0,0,14,0,39,4,6,49,4,49,4,6,63,20,8,28,91
05/12/2019,ADQ,AK,AAL,WE,Federal Contract Tower,4,12,0,0,16,0,20,0,1,21,4,32,0,1,37,0,14,14,51
05/13/2019,ADQ,AK,AAL,WE,Federal Contract Tower,3,10,0,6,19,0,54,0,21,75,3,64,0,27,94,0,26,26,120
05/14/2019,ADQ,AK,AAL,WE,Federal Contract Tower,4,10,0,6,20,0,65,7,11,83,4,75,7,17,103,6,16,22,125
05/15/2019,ADQ,AK,AAL,WE,Federal Contract Tower,3,8,0,3,14,0,54,10,25,89,3,62,10,28,103,20,82,102,205
05/16/2019,ADQ,AK,AAL,WE,Federal Contract Tower,4,29,0,3,36,0,60,0,13,73,4,89,0,16,109,0,68,68,177
05/17/2019,ADQ,AK,AAL,WE,Federal Contract Tower,3,10,0,1,14,0,67,3,3,73,3,77,3,4,87,8,24,32,119
05/18/2019,ADQ,AK,AAL,WE,Federal Contract Tower,4,11,0,0,15,0,55,3,7,65,4,66,3,7,80,10,32,42,122
05/19/2019,ADQ,AK,AAL,WE,Federal Contract Tower,4,35,0,4,43,0,0,0,0,0,4,35,0,4,43,0,0,0,43
05/20/2019,ADQ,AK,AAL,WE,Federal Contract Tower,4,13,2,3,22,1,41,5,13,60,5,54,7,16,82,0,42,42,124
05/21/2019,ADQ,AK,AAL,WE,Federal Contract Tower,3,7,1,2,13,0,54,6,21,81,3,61,7,23,94,0,50,50,144
05/22/2019,ADQ,AK,AAL,WE,Federal Contract Tower,4,7,0,4,15,0,13,0,11,24,4,20,0,15,39,0,36,36,75
05/23/2019,ADQ,AK,AAL,WE,Federal Contract Tower,4,21,0,6,31,0,45,2,23,70,4,66,2,29,101,0,20,20,121
05/24/2019,ADQ,AK,AAL,WE,Federal Contract Tower,2,12,0,1,15,66,10,8,0,84,68,22,8,1,99,0,8,8,107
05/25/2019,ADQ,AK,AAL,WE,Federal Contract Tower,4,3,0,3,10,0,0,0,0,0,4,3,0,3,10,0,6,6,16
05/26/2019,ADQ,AK,AAL,WE,Federal Contract Tower,4,8,0,2,14,0,25,0,0,25,4,33,0,2,39,0,0,0,39
05/27/2019,ADQ,AK,AAL,WE,Federal Contract Tower,5,13,0,1,19,0,23,0,2,25,5,36,0,3,44,0,0,0,44
05/28/2019,ADQ,AK,AAL,WE,Federal Contract Tower,4,17,0,8,29,0,59,1,8,68,4,76,1,16,97,0,54,54,151
05/29/2019,ADQ,AK,AAL,WE,Federal Contract Tower,6,19,0,2,27,0,1,1,0,2,6,20,1,2,29,10,10,20,49
05/30/2019,ADQ,AK,AAL,WE,Federal Contract Tower,3,33,0,8,44,0,0,0,0,0,3,33,0,8,44,0,0,0,44
05/31/2019,ADQ,AK,AAL,WE,Federal Contract Tower,4,13,0,1,18,0,55,2,18,75,4,68,2,19,93,6,23,29,122
06/01/2019,ADQ,AK,AAL,WE,Federal Contract Tower,4,5,0,0,9,0,41,4,5,50,4,46,4,5,59,12,26,38,97
06/02/2019,ADQ,AK,AAL,WE,Federal Contract Tower,4,9,0,1,14,1,23,0,17,41,5,32,0,18,55,0,2,2,57
06/03/2019,ADQ,AK,AAL,WE,Federal Contract Tower,5,6,0,3,14,1,39,3,15,58,6,45,3,18,72,8,12,20,92
06/04/2019,ADQ,AK,AAL,WE,Federal Contract Tower,3,8,0,0,11,1,54,9,0,64,4,62,9,0,75,0,0,0,75
06/05/2019,ADQ,AK,AAL,WE,Federal Contract Tower,4,9,2,2,17,0,48,3,20,71,4,57,5,22,88,0,10,10,98
06/06/2019,ADQ,AK,AAL,WE,Federal Contract Tower,3,9,1,0,13,1,60,8,23,92,4,69,9,23,105,0,22,22,127
06/07/2019,ADQ,AK,AAL,WE,Federal Contract Tower,3,9,0,4,16,0,70,8,10,88,3,79,8,14,104,0,6,6,110
06/08/2019,ADQ,AK,AAL,WE,Federal Contract Tower,4,12,0,9,25,0,21,1,1,23,4,33,1,10,48,0,20,20,68
06/09/2019,ADQ,AK,AAL,WE,Federal Contract Tower,3,13,0,1,17,0,24,5,2,31,3,37,5,3,48,0,0,0,48
06/10/2019,ADQ,AK,AAL,WE,Federal Contract Tower,3,8,2,0,13,0,81,8,15,104,3,89,10,15,117,0,36,36,153
06/11/2019,ADQ,AK,AAL,WE,Federal Contract Tower,5,10,0,4,19,0,22,7,25,54,5,32,7,29,73,0,42,42,115
06/12/2019,ADQ,AK,AAL,WE,Federal Contract Tower,3,18,3,4,28,0,10,1,7,18,3,28,4,11,46,0,22,22,68
06/13/2019,ADQ,AK,AAL,WE,Federal Contract Tower,3,20,1,3,27,0,19,0,3,22,3,39,1,6,49,0,0,0,49
06/14/2019,ADQ,AK,AAL,WE,Federal Contract Tower,4,30,0,0,34,0,28,0,2,30,4,58,0,2,64,0,0,0,64
06/15/2019,ADQ,AK,AAL,WE,Federal Contract Tower,5,5,0,0,10,0,21,0,0,21,5,26,0,0,31,0,0,0,31
06/16/2019,ADQ,AK,AAL,WE,Federal Contract Tower,3,13,0,2,18,0,28,0,2,30,3,41,0,4,48,0,0,0,48
06/17/2019,ADQ,AK,AAL,WE,Federal Contract Tower,5,21,3,3,32,0,18,0,0,18,5,39,3,3,50,0,0,0,50
06/18/2019,ADQ,AK,AAL,WE,Federal Contract Tower,3,5,1,1,10,0,48,6,14,68,3,53,7,15,78,0,80,80,158
06/19/2019,ADQ,AK,AAL,WE,Federal Contract Tower,4,8,6,0,18,0,61,13,10,84,4,69,19,10,102,0,58,58,160
06/20/2019,ADQ,AK,AAL,WE,Federal Contract Tower,3,30,7,6,46,0,10,1,0,11,3,40,8,6,57,0,0,0,57
06/21/2019,ADQ,AK,AAL,WE,Federal Contract Tower,5,10,5,1,21,0,4,1,0,5,5,14,6,1,26,0,10,10,36
06/22/2019,ADQ,AK,AAL,WE,Federal Contract Tower,2,8,0,1,11,0,46,28,3,77,2,54,28,4,88,0,4,4,92
06/23/2019,ADQ,AK,AAL,WE,Federal Contract Tower,1,10,0,1,12,0,48,3,2,53,1,58,3,3,65,0,0,0,65
06/24/2019,ADQ,AK,AAL,WE,Federal Contract Tower,3,14,8,1,26,0,24,6,13,43,3,38,14,14,69,0,10,10,79
06/25/2019,ADQ,AK,AAL,WE,Federal Contract Tower,2,7,3,1,13,0,51,2,6,59,2,58,5,7,72,0,0,0,72
06/26/2019,ADQ,AK,AAL,WE,Federal Contract Tower,4,9,2,2,17,0,52,6,4,62,4,61,8,6,79,2,0,2,81
06/27/2019,ADQ,AK,AAL,WE,Federal Contract Tower,4,10,2,4,20,0,76,8,12,96,4,86,10,16,116,0,6,6,122
06/28/2019,ADQ,AK,AAL,WE,Federal Contract Tower,3,8,0,1,12,0,78,3,2,83,3,86,3,3,95,0,8,8,103
06/29/2019,ADQ,AK,AAL,WE,Federal Contract Tower,4,7,0,0,11,0,49,12,3,64,4,56,12,3,75,0,0,0,75
06/30/2019,ADQ,AK,AAL,WE,Federal Contract Tower,3,11,0,1,15,0,42,2,4,48,3,53,2,5,63,4,4,8,71
07/01/2019,ADQ,AK,AAL,WE,Federal Contract Tower,3,6,1,0,10,0,51,15,15,81,3,57,16,15,91,0,54,54,145
07/02/2019,ADQ,AK,AAL,WE,Federal Contract Tower,3,8,2,0,13,0,81,3,9,93,3,89,5,9,106,12,44,56,162
07/03/2019,ADQ,AK,AAL,WE,Federal Contract Tower,3,6,5,1,15,0,81,2,4,87,3,87,7,5,102,0,2,2,104
07/04/2019,ADQ,AK,AAL,WE,Federal Contract Tower,1,11,0,0,12,0,18,5,6,29,1,29,5,6,41,0,26,26,67
07/05/2019,ADQ,AK,AAL,WE,Federal Contract Tower,2,7,36,0,45,0,0,0,0,0,2,7,36,0,45,0,0,0,45
07/06/2019,ADQ,AK,AAL,WE,Federal Contract Tower,4,8,0,0,12,0,31,3,0,34,4,39,3,0,46,0,0,0,46
07/07/2019,ADQ,AK,AAL,WE,Federal Contract Tower,3,9,0,0,12,0,58,4,2,64,3,67,4,2,76,0,0,0,76
07/08/2019,ADQ,AK,AAL,WE,Federal Contract Tower,8,8,0,0,16,0,59,1,4,64,8,67,1,4,80,0,42,42,122
07/09/2019,ADQ,AK,AAL,WE,Federal Contract Tower,5,19,0,3,27,0,11,2,2,15,5,30,2,5,42,0,2,2,44
07/10/2019,ADQ,AK,AAL,WE,Federal Contract Tower,3,19,5,3,30,0,69,0,13,82,3,88,5,16,112,0,12,12,124
07/11/2019,ADQ,AK,AAL,WE,Federal Contract Tower,3,17,0,0,20,0,50,6,13,69,3,67,6,13,89,0,48,48,137
07/12/2019,ADQ,AK,AAL,WE,Federal Contract Tower,3,22,0,2,27,0,44,0,4,48,3,66,0,6,75,0,4,4,79
07/13/2019,ADQ,AK,AAL,WE,Federal Contract Tower,3,32,4,1,40,0,6,0,0,6,3,38,4,1,46,0,0,0,46
07/14/2019,ADQ,AK,AAL,WE,Federal Contract Tower,3,8,0,0,11,0,37,0,0,37,3,45,0,0,48,0,0,0,48
07/15/2019,ADQ,AK,AAL,WE,Federal Contract Tower,4,16,0,1,21,1,72,2,13,88,5,88,2,14,109,0,84,84,193
07/16/2019,ADQ,AK,AAL,WE,Federal Contract Tower,3,7,1,5,16,0,73,2,10,85,3,80,3,15,101,0,38,38,139
07/17/2019,ADQ,AK,AAL,WE,Federal Contract Tower,3,9,0,0,12,0,88,0,12,100,3,97,0,12,112,0,36,36,148
07/18/2019,ADQ,AK,AAL,WE,Federal Contract Tower,3,8,0,1,12,0,86,0,15,101,3,94,0,16,113,0,24,24,137
07/19/2019,ADQ,AK,AAL,WE,Federal Contract Tower,3,11,1,1,16,0,53,0,9,62,3,64,1,10,78,0,78,78,156
07/20/2019,ADQ,AK,AAL,WE,Federal Contract Tower,3,21,0,0,24,0,40,1,0,41,3,61,1,0,65,0,0,0,65
07/21/2019,ADQ,AK,AAL,WE,Federal Contract Tower,3,11,0,0,14,0,57,1,6,64,3,68,1,6,78,0,22,22,100
07/22/2019,ADQ,AK,AAL,WE,Federal Contract Tower,5,6,0,0,11,0,62,4,12,78,5,68,4,12,89,0,50,50,139
07/23/2019,ADQ,AK,AAL,WE,Federal Contract Tower,4,6,4,3,17,0,85,7,18,110,4,91,11,21,127,0,32,32,159
07/24/2019,ADQ,AK,AAL,WE,Federal Contract Tower,3,7,1,1,12,0,84,7,12,103,3,91,8,13,115,0,54,54,169
07/25/2019,ADQ,AK,AAL,WE,Federal Contract Tower,3,11,0,1,15,0,90,6,23,119,3,101,6,24,134,0,54,54,188
07/26/2019,ADQ,AK,AAL,WE,Federal Contract Tower,3,12,0,2,17,0,69,0,8,77,3,81,0,10,94,0,28,28,122
07/27/2019,ADQ,AK,AAL,WE,Federal Contract Tower,4,8,1,1,14,0,73,5,6,84,4,81,6,7,98,0,20,20,118
07/28/2019,ADQ,AK,AAL,WE,Federal Contract Tower,5,9,1,3,18,0,58,3,13,74,5,67,4,16,92,2,26,28,120
07/29/2019,ADQ,AK,AAL,WE,Federal Contract Tower,5,7,0,1,13,0,66,1,12,79,5,73,1,13,92,0,64,64,156
07/30/2019,ADQ,AK,AAL,WE,Federal Contract Tower,2,5,0,3,10,0,67,8,19,94,2,72,8,22,104,6,42,48,152
07/31/2019,ADQ,AK,AAL,WE,Federal Contract Tower,4,14,0,3,21,0,48,7,7,62,4,62,7,10,83,4,36,40,123
08/01/2019,ADQ,AK,AAL,WE,Federal Contract Tower,5,9,0,1,15,0,67,1,13,81,5,76,1,14,96,6,18,24,120
08/02/2019,ADQ,AK,AAL,WE,Federal Contract Tower,2,6,0,2,10,0,57,2,1,60,2,63,2,3,70,18,0,18,88
08/03/2019,ADQ,AK,AAL,WE,Federal Contract Tower,4,5,0,0,9,0,42,5,4,51,4,47,5,4,60,0,4,4,64
08/04/2019,ADQ,AK,AAL,WE,Federal Contract Tower,3,10,0,0,13,0,23,0,6,29,3,33,0,6,42,0,0,0,42
08/05/2019,ADQ,AK,AAL,WE,Federal Contract Tower,4,17,2,2,25,0,48,1,9,58,4,65,3,11,83,0,38,38,121
08/06/2019,ADQ,AK,AAL,WE,Federal Contract Tower,3,12,1,3,19,0,60,1,15,76,3,72,2,18,95,6,6,12,107
08/07/2019,ADQ,AK,AAL,WE,Federal Contract Tower,5,8,0,0,13,24,60,0,14,98,29,68,0,14,111,0,14,14,125
08/08/2019,ADQ,AK,AAL,WE,Federal Contract Tower,4,7,0,0,11,0,58,3,11,72,4,65,3,11,83,0,30,30,113
08/09/2019,ADQ,AK,AAL,WE,Federal Contract Tower,2,5,0,2,9,0,50,2,2,54,2,55,2,4,63,0,6,6,69
08/10/2019,ADQ,AK,AAL,WE,Federal Contract Tower,4,5,0,0,9,0,42,2,1,45,4,47,2,1,54,0,14,14,68
08/11/2019,ADQ,AK,AAL,WE,Federal Contract Tower,3,8,1,0,12,0,29,1,0,30,3,37,2,0,42,0,6,6,48
08/12/2019,ADQ,AK,AAL,WE,Federal Contract Tower,5,8,0,3,16,0,52,3,8,63,5,60,3,11,79,0,10,10,89
08/13/2019,ADQ,AK,AAL,WE,Federal Contract Tower,3,10,1,0,14,0,60,2,14,76,3,70,3,14,90,0,0,0,90
08/14/2019,ADQ,AK,AAL,WE,Federal Contract Tower,4,7,0,2,13,0,49,0,16,65,4,56,0,18,78,0,22,22,100
08/15/2019,ADQ,AK,AAL,WE,Federal Contract Tower,4,8,0,0,12,0,60,2,7,69,4,68,2,7,81,0,22,22,103
08/16/2019,ADQ,AK,AAL,WE,Federal Contract Tower,1,7,0,1,9,0,57,1,7,65,1,64,1,8,74,0,10,10,84
08/17/2019,ADQ,AK,AAL,WE,Federal Contract Tower,4,3,1,0,8,0,52,0,5,57,4,55,1,5,65,0,32,32,97
08/18/2019,ADQ,AK,AAL,WE,Federal Contract Tower,3,11,0,0,14,0,52,0,6,58,3,63,0,6,72,0,0,0,72
08/19/2019,ADQ,AK,AAL,WE,Federal Contract Tower,5,11,0,3,19,0,61,6,10,77,5,72,6,13,96,18,14,32,128
08/20/2019,ADQ,AK,AAL,WE,Federal Contract Tower,4,10,0,3,17,0,59,1,23,83,4,69,1,26,100,0,59,59,159
08/21/2019,ADQ,AK,AAL,WE,Federal Contract Tower,3,9,1,4,17,0,66,0,20,86,3,75,1,24,103,0,34,34,137
08/22/2019,ADQ,AK,AAL,WE,Federal Contract Tower,2,16,0,5,23,0,49,0,16,65,2,65,0,21,88,0,28,28,116
08/23/2019,ADQ,AK,AAL,WE,Federal Contract Tower,2,9,0,0,11,0,51,0,16,67,2,60,0,16,78,0,62,62,140
08/24/2019,ADQ,AK,AAL,WE,Federal Contract Tower,4,8,0,1,13,0,47,7,5,59,4,55,7,6,72,2,16,18,90
08/25/2019,ADQ,AK,AAL,WE,Federal Contract Tower,4,7,0,0,11,0,42,0,5,47,4,49,0,5,58,0,12,12,70
08/26/2019,ADQ,AK,AAL,WE,Federal Contract Tower,5,10,0,2,17,0,45,3,7,55,5,55,3,9,72,0,20,20,92
08/27/2019,ADQ,AK,AAL,WE,Federal Contract Tower,3,12,0,1,16,0,42,1,11,54,3,54,1,12,70,0,22,22,92
08/28/2019,ADQ,AK,AAL,WE,Federal Contract Tower,2,11,0,2,15,0,56,2,9,67,2,67,2,11,82,0,32,32,114
08/29/2019,ADQ,AK,AAL,WE,Federal Contract Tower,3,17,0,2,22,1,59,0,6,66,4,76,0,8,88,0,2,2,90
08/30/2019,ADQ,AK,AAL,WE,Federal Contract Tower,3,20,0,0,23,0,0,0,2,2,3,20,0,2,25,0,0,0,25
08/31/2019,ADQ,AK,AAL,WE,Federal Contract Tower,4,27,0,2,33,0,54,2,2,58,4,81,2,4,91,0,0,0,91
09/01/2019,ADQ,AK,AAL,WE,Federal Contract Tower,3,9,0,2,14,1,26,0,2,29,4,35,0,4,43,0,2,2,45
09/02/2019,ADQ,AK,AAL,WE,Federal Contract Tower,2,6,0,0,8,1,25,0,5,31,3,31,0,5,39,0,30,30,69
09/03/2019,ADQ,AK,AAL,WE,Federal Contract Tower,4,10,0,0,14,0,31,6,0,37,4,41,6,0,51,4,0,4,55
09/04/2019,ADQ,AK,AAL,WE,Federal Contract Tower,2,12,0,0,14,0,63,3,18,84,2,75,3,18,98,0,58,58,156
09/05/2019,ADQ,AK,AAL,WE,Federal Contract Tower,3,14,3,0,20,0,54,5,20,79,3,68,8,20,99,8,8,16,115
09/06/2019,ADQ,AK,AAL,WE,Federal Contract Tower,3,10,0,0,13,0,63,0,0,63,3,73,0,0,76,0,0,0,76
09/07/2019,ADQ,AK,AAL,WE,Federal Contract Tower,4,18,0,3,25,0,19,0,0,19,4,37,0,3,44,10,0,10,54
09/08/2019,ADQ,AK,AAL,WE,Federal Contract Tower,2,12,0,0,14,1,43,0,3,47,3,55,0,3,61,0,0,0,61
09/09/2019,ADQ,AK,AAL,WE,Federal Contract Tower,5,9,0,2,16,1,61,0,13,75,6,70,0,15,91,0,46,46,137
09/10/2019,ADQ,AK,AAL,WE,Federal Contract Tower,5,8,0,2,15,0,71,0,21,92,5,79,0,23,107,0,58,58,165
09/11/2019,ADQ,AK,AAL,WE,Federal Contract Tower,4,22,0,1,27,0,38,2,6,46,4,60,2,7,73,10,42,52,125
09/12/2019,ADQ,AK,AAL,WE,Federal Contract Tower,2,9,1,4,16,0,34,2,6,42,2,43,3,10,58,8,8,16,74
09/13/2019,ADQ,AK,AAL,WE,Federal Contract Tower,3,11,0,1,15,0,47,0,17,64,3,58,0,18,79,0,38,38,117
09/14/2019,ADQ,AK,AAL,WE,Federal Contract Tower,4,14,0,1,19,0,47,1,4,52,4,61,1,5,71,6,4,10,81
09/15/2019,ADQ,AK,AAL,WE,Federal Contract Tower,3,10,0,1,14,0,27,3,1,31,3,37,3,2,45,0,14,14,59
09/16/2019,ADQ,AK,AAL,WE,Federal Contract Tower,3,11,1,0,15,0,48,0,32,80,3,59,1,32,95,0,34,34,129
09/17/2019,ADQ,AK,AAL,WE,Federal Contract Tower,3,6,0,3,12,0,41,0,12,53,3,47,0,15,65,0,98,98,163
09/18/2019,ADQ,AK,AAL,WE,Federal Contract Tower,2,11,0,1,14,0,47,0,22,69,2,58,0,23,83,0,66,66,149
09/19/2019,ADQ,AK,AAL,WE,Federal Contract Tower,3,10,0,5,18,0,64,0,16,80,3,74,0,21,98,0,66,66,164
09/20/2019,ADQ,AK,AAL,WE,Federal Contract Tower,4,9,0,2,15,1,46,1,6,54,5,55,1,8,69,0,0,0,69
09/21/2019,ADQ,AK,AAL,WE,Federal Contract Tower,3,11,0,2,16,1,18,2,2,23,4,29,2,4,39,0,24,24,63
09/22/2019,ADQ,AK,AAL,WE,Federal Contract Tower,3,9,0,0,12,0,29,1,8,38,3,38,1,8,50,0,10,10,60
09/23/2019,ADQ,AK,AAL,WE,Federal Contract Tower,5,10,0,3,18,0,2,0,6,8,5,12,0,9,26,0,74,74,100
09/24/2019,ADQ,AK,AAL,WE,Federal Contract Tower,4,7,0,5,16,0,46,0,15,61,4,53,0,20,77,0,22,22,99
09/25/2019,ADQ,AK,AAL,WE,Federal Contract Tower,2,13,0,3,18,0,51,0,10,61,2,64,0,13,79,0,0,0,79
09/26/2019,ADQ,AK,AAL,WE,Federal Contract Tower,4,12,0,2,18,0,45,2,13,60,4,57,2,15,78,0,28,28,106
09/27/2019,ADQ,AK,AAL,WE,Federal Contract Tower,4,14,0,2,20,0,42,2,13,57,4,56,2,15,77,0,0,0,77
09/28/2019,ADQ,AK,AAL,WE,Federal Contract Tower,2,1,0,1,4,0,0,0,0,0,2,1,0,1,4,0,0,0,4
09/29/2019,ADQ,AK,AAL,WE,Federal Contract Tower,4,12,0,3,19,0,22,0,3,25,4,34,0,6,44,0,0,0,44
09/30/2019,ADQ,AK,AAL,WE,Federal Contract Tower,6,10,0,1,17,0,46,0,11,57,6,56,0,12,74,0,0,0,74
10/01/2019,ADQ,AK,AAL,WE,Federal Contract Tower,0,12,0,1,13,1,0,0,1,2,1,12,0,2,15,0,6,6,21
10/02/2019,ADQ,AK,AAL,WE,Federal Contract Tower,2,10,0,1,13,0,56,0,19,75,2,66,0,20,88,0,0,0,88
10/03/2019,ADQ,AK,AAL,WE,Federal Contract Tower,4,10,0,3,17,0,77,10,13,100,4,87,10,16,117,12,10,22,139
10/04/2019,ADQ,AK,AAL,WE,Federal Contract Tower,4,7,0,3,14,0,83,3,9,95,4,90,3,12,109,0,52,52,161
10/05/2019,ADQ,AK,AAL,WE,Federal Contract Tower,4,10,0,1,15,0,25,0,1,26,4,35,0,2,41,0,4,4,45
10/06/2019,ADQ,AK,AAL,WE,Federal Contract Tower,2,8,0,0,10,1,26,0,5,32,3,34,0,5,42,0,2,2,44
10/07/2019,ADQ,AK,AAL,WE,Federal Contract Tower,4,8,0,0,12,0,55,1,10,66,4,63,1,10,78,4,22,26,104
10/08/2019,ADQ,AK,AAL,WE,Federal Contract Tower,4,8,0,1,13,0,42,2,10,54,4,50,2,11,67,0,70,70,137
10/09/2019,ADQ,AK,AAL,WE,Federal Contract Tower,2,12,0,4,18,0,46,0,15,61,2,58,0,19,79,0,28,28,107
10/10/2019,ADQ,AK,AAL,WE,Federal Contract Tower,2,10,0,2,14,0,62,2,13,77,2,72,2,15,91,0,28,28,119
10/11/2019,ADQ,AK,AAL,WE,Federal Contract Tower,2,3,0,1,6,0,4,0,1,5,2,7,0,2,11,0,0,0,11
10/12/2019,ADQ,AK,AAL,WE,Federal Contract Tower,4,9,0,1,14,0,61,4,5,70,4,70,4,6,84,0,8,8,92
10/13/2019,ADQ,AK,AAL,WE,Federal Contract Tower,4,9,0,0,13,0,19,0,4,23,4,28,0,4,36,0,0,0,36
10/14/2019,ADQ,AK,AAL,WE,Federal Contract Tower,4,10,2,3,19,0,2,0,0,2,4,12,2,3,21,0,0,0,21
10/15/2019,ADQ,AK,AAL,WE,Federal Contract Tower,4,18,1,5,28,0,36,0,8,44,4,54,1,13,72,0,22,22,94
10/16/2019,ADQ,AK,AAL,WE,Federal Contract Tower,2,18,0,1,21,0,63,1,11,75,2,81,1,12,96,8,14,22,118
10/17/2019,ADQ,AK,AAL,WE,Federal Contract Tower,4,11,1,1,17,0,46,2,16,64,4,57,3,17,81,0,46,46,127
10/18/2019,ADQ,AK,AAL,WE,Federal Contract Tower,4,8,0,2,14,0,39,0,12,51,4,47,0,14,65,0,30,30,95
10/19/2019,ADQ,AK,AAL,WE,Federal Contract Tower,3,10,0,1,14,1,46,0,9,56,4,56,0,10,70,4,0,4,74
10/20/2019,ADQ,AK,AAL,WE,Federal Contract Tower,4,10,0,0,14,0,39,0,2,41,4,49,0,2,55,2,12,14,69
10/21/2019,ADQ,AK,AAL,WE,Federal Contract Tower,6,8,0,0,14,0,50,0,6,56,6,58,0,6,70,0,12,12,82
10/22/2019,ADQ,AK,AAL,WE,Federal Contract Tower,4,10,0,2,16,0,35,0,11,46,4,45,0,13,62,0,6,6,68
10/23/2019,ADQ,AK,AAL,WE,Federal Contract Tower,2,11,0,0,13,0,0,0,7,7,2,11,0,7,20,0,8,8,28
10/24/2019,ADQ,AK,AAL,WE,Federal Contract Tower,4,9,0,2,15,0,59,1,16,76,4,68,1,18,91,0,16,16,107
10/25/2019,ADQ,AK,AAL,WE,Federal Contract Tower,4,7,0,0,11,0,66,0,8,74,4,73,0,8,85,0,8,8,93
10/26/2019,ADQ,AK,AAL,WE,Federal Contract Tower,0,6,0,0,6,0,9,0,1,10,0,15,0,1,16,0,0,0,16
10/27/2019,ADQ,AK,AAL,WE,Federal Contract Tower,0,3,0,0,3,0,0,0,0,0,0,3,0,0,3,0,0,0,3
10/28/2019,ADQ,AK,AAL,WE,Federal Contract Tower,5,10,0,2,17,0,57,0,17,74,5,67,0,19,91,0,48,48,139
10/29/2019,ADQ,AK,AAL,WE,Federal Contract Tower,4,7,1,3,15,0,31,1,23,55,4,38,2,26,70,0,6,6,76
10/30/2019,ADQ,AK,AAL,WE,Federal Contract Tower,1,6,0,1,8,1,49,2,18,70,2,55,2,19,78,0,42,42,120
10/31/2019,ADQ,AK,AAL,WE,Federal Contract Tower,2,6,0,2,10,0,7,0,1,8,2,13,0,3,18,0,0,0,18
11/01/2019,ADQ,AK,AAL,WE,Federal Contract Tower,3,4,0,1,8,1,70,0,12,83,4,74,0,13,91,0,44,44,135
11/02/2019,ADQ,AK,AAL,WE,Federal Contract Tower,4,19,3,5,31,0,23,1,0,24,4,42,4,5,55,0,0,0,55
11/03/2019,ADQ,AK,AAL,WE,Federal Contract Tower,4,13,0,0,17,0,5,0,0,5,4,18,0,0,22,0,0,0,22
11/04/2019,ADQ,AK,AAL,WE,Federal Contract Tower,2,7,0,0,9,0,7,0,6,13,2,14,0,6,22,0,8,8,30
11/05/2019,ADQ,AK,AAL,WE,Federal Contract Tower,4,11,0,0,15,0,0,0,0,0,4,11,0,0,15,0,0,0,15
11/06/2019,ADQ,AK,AAL,WE,Federal Contract Tower,0,6,0,4,10,0,3,0,0,3,0,9,0,4,13,0,0,0,13
11/07/2019,ADQ,AK,AAL,WE,Federal Contract Tower,2,3,0,3,8,0,0,0,0,0,2,3,0,3,8,0,0,0,8
11/08/2019,ADQ,AK,AAL,WE,Federal Contract Tower,4,7,0,0,11,0,0,0,0,0,4,7,0,0,11,0,0,0,11
11/09/2019,ADQ,AK,AAL,WE,Federal Contract Tower,2,9,0,0,11,0,2,0,0,2,2,11,0,0,13,0,0,0,13
11/10/2019,ADQ,AK,AAL,WE,Federal Contract Tower,4,13,0,3,20,0,3,0,0,3,4,16,0,3,23,0,0,0,23
11/11/2019,ADQ,AK,AAL,WE,Federal Contract Tower,7,35,0,1,43,0,13,0,1,14,7,48,0,2,57,0,0,0,57
11/12/2019,ADQ,AK,AAL,WE,Federal Contract Tower,2,14,0,4,20,0,0,0,0,0,2,14,0,4,20,0,0,0,20
11/13/2019,ADQ,AK,AAL,WE,Federal Contract Tower,2,29,0,3,34,0,6,0,0,6,2,35,0,3,40,0,6,6,46
11/14/2019,ADQ,AK,AAL,WE,Federal Contract Tower,5,16,0,6,27,0,25,4,10,39,5,41,4,16,66,0,12,12,78
11/15/2019,ADQ,AK,AAL,WE,Federal Contract Tower,4,12,0,2,18,0,42,28,19,89,4,54,28,21,107,10,22,32,139
11/16/2019,ADQ,AK,AAL,WE,Federal Contract Tower,4,2,0,0,6,0,0,58,3,61,4,2,58,3,67,22,6,28,95
11/17/2019,ADQ,AK,AAL,WE,Federal Contract Tower,0,8,0,0,8,0,0,40,4,44,0,8,40,4,52,0,0,0,52
11/18/2019,ADQ,AK,AAL,WE,Federal Contract Tower,3,8,10,4,25,0,1,37,3,41,3,9,47,7,66,0,7,7,73
11/19/2019,ADQ,AK,AAL,WE,Federal Contract Tower,4,8,1,3,16,0,1,31,16,48,4,9,32,19,64,0,26,26,90
11/20/2019,ADQ,AK,AAL,WE,Federal Contract Tower,3,3,1,2,9,0,0,46,29,75,3,3,47,31,84,0,0,0,84
11/21/2019,ADQ,AK,AAL,WE,Federal Contract Tower,4,11,1,1,17,0,2,55,14,71,4,13,56,15,88,0,6,6,94
11/22/2019,ADQ,AK,AAL,WE,Federal Contract Tower,3,7,1,1,12,0,4,44,15,63,3,11,45,16,75,0,52,52,127
11/23/2019,ADQ,AK,AAL,WE,Federal Contract Tower,3,4,0,0,7,1,0,47,11,59,4,4,47,11,66,18,8,26,92
11/24/2019,ADQ,AK,AAL,WE,Federal Contract Tower,2,11,0,0,13,0,0,13,2,15,2,11,13,2,28,0,0,0,28
11/25/2019,ADQ,AK,AAL,WE,Federal Contract Tower,2,7,0,0,9,0,1,83,37,121,2,8,83,37,130,0,26,26,156
11/26/2019,ADQ,AK,AAL,WE,Federal Contract Tower,4,7,0,1,12,0,4,54,31,89,4,11,54,32,101,0,10,10,111
11/27/2019,ADQ,AK,AAL,WE,Federal Contract Tower,2,5,0,0,7,0,0,0,11,11,2,5,0,11,18,0,30,30,48
11/28/2019,ADQ,AK,AAL,WE,Federal Contract Tower,2,1,3,1,7,0,0,3,1,4,2,1,6,2,11,0,0,0,11
11/29/2019,ADQ,AK,AAL,WE,Federal Contract Tower,2,9,0,1,12,0,0,20,1,21,2,9,20,2,33,10,0,10,43
11/30/2019,ADQ,AK,AAL,WE,Federal Contract Tower,2,5,0,1,8,1,0,102,3,106,3,5,102,4,114,58,0,58,172
12/01/2019,ADQ,AK,AAL,WE,Federal Contract Tower,6,12,0,2,20,0,0,42,2,44,6,12,42,4,64,4,0,4,68
12/02/2019,ADQ,AK,AAL,WE,Federal Contract Tower,3,4,0,2,9,0,0,0,9,9,3,4,0,11,18,0,36,36,54
12/03/2019,ADQ,AK,AAL,WE,Federal Contract Tower,4,8,0,2,14,0,4,66,28,98,4,12,66,30,112,0,124,124,236
12/04/2019,ADQ,AK,AAL,WE,Federal Contract Tower,3,9,0,2,14,1,1,62,25,89,4,10,62,27,103,0,16,16,119
12/05/2019,ADQ,AK,AAL,WE,Federal Contract Tower,4,8,6,9,27,0,0,17,8,25,4,8,23,17,52,0,0,0,52
12/06/2019,ADQ,AK,AAL,WE,Federal Contract Tower,4,2,0,3,9,0,0,0,0,0,4,2,0,3,9,0,0,0,9
12/07/2019,ADQ,AK,AAL,WE,Federal Contract Tower,0,4,1,4,9,0,0,1,2,3,0,4,2,6,12,0,0,0,12
12/08/2019,ADQ,AK,AAL,WE,Federal Contract Tower,4,9,0,0,13,0,29,0,2,31,4,38,0,2,44,0,0,0,44
12/09/2019,ADQ,AK,AAL,WE,Federal Contract Tower,2,13,0,2,17,0,0,51,11,62,2,13,51,13,79,0,2,2,81
12/10/2019,ADQ,AK,AAL,WE,Federal Contract Tower,4,6,16,3,29,0,0,19,3,22,4,6,35,6,51,0,4,4,55
12/11/2019,ADQ,AK,AAL,WE,Federal Contract Tower,2,10,3,2,17,0,0,20,6,26,2,10,23,8,43,0,0,0,43
12/12/2019,ADQ,AK,AAL,WE,Federal Contract Tower,4,6,5,8,23,0,0,3,11,14,4,6,8,19,37,0,10,10,47
12/15/2019,ADQ,AK,AAL,WE,Federal Contract Tower,2,8,0,1,11,0,0,17,0,17,2,8,17,1,28,0,34,34,62
12/16/2019,ADQ,AK,AAL,WE,Federal Contract Tower,4,19,0,4,27,0,0,64,13,77,4,19,64,17,104,0,0,0,104
12/17/2019,ADQ,AK,AAL,WE,Federal Contract Tower,4,9,5,11,29,0,0,50,12,62,4,9,55,23,91,0,36,36,127
12/18/2019,ADQ,AK,AAL,WE,Federal Contract Tower,2,10,1,7,20,1,0,28,17,46,3,10,29,24,66,0,0,0,66
12/19/2019,ADQ,AK,AAL,WE,Federal Contract Tower,4,5,0,0,9,0,3,56,0,59,4,8,56,0,68,0,0,0,68
12/20/2019,ADQ,AK,AAL,WE,Federal Contract Tower,3,3,0,2,8,1,3,40,23,67,4,6,40,25,75,8,4,12,87
12/21/2019,ADQ,AK,AAL,WE,Federal Contract Tower,1,6,0,2,9,1,6,25,8,40,2,12,25,10,49,0,22,22,71
12/22/2019,ADQ,AK,AAL,WE,Federal Contract Tower,4,8,1,1,14,0,0,2,0,2,4,8,3,1,16,0,0,0,16
12/23/2019,ADQ,AK,AAL,WE,Federal Contract Tower,4,9,5,3,21,0,3,23,7,33,4,12,28,10,54,0,8,8,62
12/24/2019,ADQ,AK,AAL,WE,Federal Contract Tower,4,6,0,1,11,0,1,28,4,33,4,7,28,5,44,0,10,10,54
12/25/2019,ADQ,AK,AAL,WE,Federal Contract Tower,2,2,0,0,4,0,0,0,0,0,2,2,0,0,4,0,0,0,4
12/26/2019,ADQ,AK,AAL,WE,Federal Contract Tower,0,4,0,0,4,0,0,0,0,0,0,4,0,0,4,0,0,0,4
12/27/2019,ADQ,AK,AAL,WE,Federal Contract Tower,2,2,1,1,6,0,1,19,6,26,2,3,20,7,32,0,14,14,46
12/28/2019,ADQ,AK,AAL,WE,Federal Contract Tower,4,7,0,0,11,0,2,21,3,26,4,9,21,3,37,0,0,0,37
12/29/2019,ADQ,AK,AAL,WE,Federal Contract Tower,4,0,0,0,4,0,0,0,0,0,4,0,0,0,4,0,0,0,4
12/30/2019,ADQ,AK,AAL,WE,Federal Contract Tower,6,10,1,2,19,0,1,25,4,30,6,11,26,6,49,0,2,2,51
12/31/2019,ADQ,AK,AAL,WE,Federal Contract Tower,4,6,2,1,13,0,0,1,6,7,4,6,3,7,20,0,10,10,30
01/01/2020,ADQ,AK,AAL,WE,Federal Contract Tower,2,0,0,2,4,0,0,0,3,3,2,0,0,5,7,0,0,0,7
01/02/2020,ADQ,AK,AAL,WE,Federal Contract Tower,4,2,0,2,8,0,8,30,6,44,4,10,30,8,52,10,2,12,64
01/03/2020,ADQ,AK,AAL,WE,Federal Contract Tower,2,4,0,3,9,0,0,3,2,5,2,4,3,5,14,0,8,8,22
01/04/2020,ADQ,AK,AAL,WE,Federal Contract Tower,3,4,0,0,7,1,0,40,7,48,4,4,40,7,55,0,0,0,55
01/05/2020,ADQ,AK,AAL,WE,Federal Contract Tower,6,11,0,0,17,0,16,6,0,22,6,27,6,0,39,24,0,24,63
01/06/2020,ADQ,AK,AAL,WE,Federal Contract Tower,6,2,0,2,10,0,1,45,16,62,6,3,45,18,72,0,0,0,72
01/07/2020,ADQ,AK,AAL,WE,Federal Contract Tower,4,8,0,0,12,0,2,26,17,45,4,10,26,17,57,0,52,52,109
01/08/2020,ADQ,AK,AAL,WE,Federal Contract Tower,4,4,0,2,10,0,2,30,24,56,4,6,30,26,66,6,43,49,115
01/09/2020,ADQ,AK,AAL,WE,Federal Contract Tower,4,6,0,2,12,0,2,12,15,29,4,8,12,17,41,36,0,36,77
01/10/2020,ADQ,AK,AAL,WE,Federal Contract Tower,4,9,5,9,27,0,1,12,9,22,4,10,17,18,49,0,122,122,171
01/11/2020,ADQ,AK,AAL,WE,Federal Contract Tower,4,3,0,0,7,0,1,38,8,47,4,4,38,8,54,0,2,2,56
01/12/2020,ADQ,AK,AAL,WE,Federal Contract Tower,4,4,1,0,9,0,0,7,3,10,4,4,8,3,19,0,18,18,37
01/13/2020,ADQ,AK,AAL,WE,Federal Contract Tower,4,6,3,2,15,0,3,37,30,70,4,9,40,32,85,0,92,92,177
01/14/2020,ADQ,AK,AAL,WE,Federal Contract Tower,5,4,0,0,9,0,4,32,46,82,5,8,32,46,91,0,126,126,217
01/15/2020,ADQ,AK,AAL,WE,Federal Contract Tower,4,5,0,2,11,0,3,26,36,65,4,8,26,38,76,0,52,52,128
01/16/2020,ADQ,AK,AAL,WE,Federal Contract Tower,4,6,2,1,13,0,1,30,27,58,4,7,32,28,71,0,104,104,175
01/17/2020,ADQ,AK,AAL,WE,Federal Contract Tower,4,10,1,1,16,0,1,2,2,5,4,11,3,3,21,0,0,0,21
01/18/2020,ADQ,AK,AAL,WE,Federal Contract Tower,2,0,0,1,3,0,0,0,0,0,2,0,0,1,3,0,0,0,3
01/19/2020,ADQ,AK,AAL,WE,Federal Contract Tower,4,6,0,1,11,0,0,19,4,23,4,6,19,5,34,0,18,18,52
01/20/2020,ADQ,AK,AAL,WE,Federal Contract Tower,4,4,0,0,8,0,2,12,7,21,4,6,12,7,29,0,2,2,31
01/21/2020,ADQ,AK,AAL,WE,Federal Contract Tower,4,4,0,2,10,0,2,22,34,58,4,6,22,36,68,0,38,38,106
01/22/2020,ADQ,AK,AAL,WE,Federal Contract Tower,2,5,1,1,9,0,1,39,23,63,2,6,40,24,72,0,12,12,84
01/23/2020,ADQ,AK,AAL,WE,Federal Contract Tower,2,3,0,3,8,0,7,14,11,32,2,10,14,14,40,50,0,50,90
01/24/2020,ADQ,AK,AAL,WE,Federal Contract Tower,4,7,0,3,14,0,7,34,7,48,4,14,34,10,62,0,0,0,62
01/25/2020,ADQ,AK,AAL,WE,Federal Contract Tower,4,3,0,2,9,0,0,32,4,36,4,3,32,6,45,0,0,0,45
01/26/2020,ADQ,AK,AAL,WE,Federal Contract Tower,6,6,0,2,14,0,0,9,4,13,6,6,9,6,27,0,0,0,27
01/27/2020,ADQ,AK,AAL,WE,Federal Contract Tower,4,9,0,1,14,0,1,31,10,42,4,10,31,11,56,0,20,20,76
01/28/2020,ADQ,AK,AAL,WE,Federal Contract Tower,2,4,0,1,7,0,1,8,3,12,2,5,8,4,19,0,0,0,19
01/29/2020,ADQ,AK,AAL,WE,Federal Contract Tower,0,0,0,0,0,0,0,0,0,0,0,0,0,0,0,0,0,0,0
01/30/2020,ADQ,AK,AAL,WE,Federal Contract Tower,3,13,4,3,23,0,4,18,11,33,3,17,22,14,56,0,2,2,58
01/31/2020,ADQ,AK,AAL,WE,Federal Contract Tower,4,5,0,1,10,0,2,33,17,52,4,7,33,18,62,0,52,52,114
02/01/2020,ADQ,AK,AAL,WE,Federal Contract Tower,4,6,0,0,10,0,4,0,1,5,4,10,0,1,15,0,0,0,15
02/02/2020,ADQ,AK,AAL,WE,Federal Contract Tower,2,0,0,0,2,0,0,0,0,0,2,0,0,0,2,0,0,0,2
02/03/2020,ADQ,AK,AAL,WE,Federal Contract Tower,4,8,0,3,15,0,0,0,1,1,4,8,0,4,16,0,0,0,16
02/04/2020,ADQ,AK,AAL,WE,Federal Contract Tower,4,5,0,6,15,0,0,0,4,4,4,5,0,10,19,0,0,0,19
02/05/2020,ADQ,AK,AAL,WE,Federal Contract Tower,2,6,0,2,10,0,5,25,17,47,2,11,25,19,57,0,16,16,73
02/06/2020,ADQ,AK,AAL,WE,Federal Contract Tower,4,6,0,5,15,0,5,49,7,61,4,11,49,12,76,0,22,22,98
02/07/2020,ADQ,AK,AAL,WE,Federal Contract Tower,4,9,0,2,15,0,2,50,14,66,4,11,50,16,81,12,0,12,93
02/08/2020,ADQ,AK,AAL,WE,Federal Contract Tower,2,6,0,0,8,0,3,14,5,22,2,9,14,5,30,0,0,0,30
02/09/2020,ADQ,AK,AAL,WE,Federal Contract Tower,4,8,0,0,12,0,2,21,6,29,4,10,21,6,41,0,8,8,49
02/10/2020,ADQ,AK,AAL,WE,Federal Contract Tower,4,4,0,1,9,0,2,38,14,54,4,6,38,15,63,0,26,26,89
02/11/2020,ADQ,AK,AAL,WE,Federal Contract Tower,4,4,4,2,14,0,1,18,8,27,4,5,22,10,41,0,2,2,43
02/12/2020,ADQ,AK,AAL,WE,Federal Contract Tower,2,5,5,0,12,0,0,12,14,26,2,5,17,14,38,0,8,8,46
02/13/2020,ADQ,AK,AAL,WE,Federal Contract Tower,4,6,1,3,14,0,5,37,28,70,4,11,38,31,84,0,8,8,92
02/14/2020,ADQ,AK,AAL,WE,Federal Contract Tower,4,9,0,0,13,0,0,17,4,21,4,9,17,4,34,0,0,0,34
02/15/2020,ADQ,AK,AAL,WE,Federal Contract Tower,4,8,0,1,13,0,0,30,3,33,4,8,30,4,46,0,0,0,46
02/16/2020,ADQ,AK,AAL,WE,Federal Contract Tower,4,10,1,1,16,0,0,18,5,23,4,10,19,6,39,6,22,28,67
02/17/2020,ADQ,AK,AAL,WE,Federal Contract Tower,4,7,0,2,13,0,0,10,0,10,4,7,10,2,23,14,2,16,39
02/18/2020,ADQ,AK,AAL,WE,Federal Contract Tower,8,5,0,3,16,2,2,38,21,63,10,7,38,24,79,4,48,52,131
02/19/2020,ADQ,AK,AAL,WE,Federal Contract Tower,2,7,0,0,9,0,2,36,22,60,2,9,36,22,69,0,140,140,209
02/20/2020,ADQ,AK,AAL,WE,Federal Contract Tower,2,10,0,2,14,0,3,19,25,47,2,13,19,27,61,0,14,14,75
02/21/2020,ADQ,AK,AAL,WE,Federal Contract Tower,3,8,0,0,11,1,4,9,18,32,4,12,9,18,43,4,0,4,47
02/22/2020,ADQ,AK,AAL,WE,Federal Contract Tower,2,4,1,0,7,0,1,20,5,26,2,5,21,5,33,0,6,6,39
02/23/2020,ADQ,AK,AAL,WE,Federal Contract Tower,4,7,0,0,11,0,1,9,5,15,4,8,9,5,26,0,0,0,26
02/24/2020,ADQ,AK,AAL,WE,Federal Contract Tower,6,9,0,1,16,0,0,4,8,12,6,9,4,9,28,0,16,16,44
02/25/2020,ADQ,AK,AAL,WE,Federal Contract Tower,2,2,0,0,4,0,0,0,0,0,2,2,0,0,4,0,0,0,4
02/26/2020,ADQ,AK,AAL,WE,Federal Contract Tower,4,14,1,0,19,0,7,32,22,61,4,21,33,22,80,2,12,14,94
02/27/2020,ADQ,AK,AAL,WE,Federal Contract Tower,4,12,1,2,19,0,4,32,17,53,4,16,33,19,72,0,24,24,96
02/28/2020,ADQ,AK,AAL,WE,Federal Contract Tower,4,6,0,0,10,0,4,33,8,45,4,10,33,8,55,4,20,24,79
02/29/2020,ADQ,AK,AAL,WE,Federal Contract Tower,4,6,0,0,10,0,0,0,0,0,4,6,0,0,10,0,0,0,10
03/01/2020,ADQ,AK,AAL,WE,Federal Contract Tower,4,11,0,0,15,0,0,9,4,13,4,11,9,4,28,2,0,2,30
03/02/2020,ADQ,AK,AAL,WE,Federal Contract Tower,3,5,0,1,9,1,3,42,12,58,4,8,42,13,67,4,62,66,133
03/03/2020,ADQ,AK,AAL,WE,Federal Contract Tower,4,7,0,2,13,0,3,24,23,50,4,10,24,25,63,0,18,18,81
03/04/2020,ADQ,AK,AAL,WE,Federal Contract Tower,2,4,0,0,6,0,5,0,14,19,2,9,0,14,25,0,8,8,33
03/05/2020,ADQ,AK,AAL,WE,Federal Contract Tower,4,12,0,0,16,0,1,30,35,66,4,13,30,35,82,0,48,48,130
03/06/2020,ADQ,AK,AAL,WE,Federal Contract Tower,4,5,0,4,13,0,5,48,19,72,4,10,48,23,85,0,22,22,107
03/07/2020,ADQ,AK,AAL,WE,Federal Contract Tower,2,9,0,0,11,0,0,28,3,31,2,9,28,3,42,0,0,0,42
03/08/2020,ADQ,AK,AAL,WE,Federal Contract Tower,4,11,0,0,15,0,1,24,8,33,4,12,24,8,48,0,10,10,58
03/09/2020,ADQ,AK,AAL,WE,Federal Contract Tower,4,9,0,2,15,0,7,24,13,44,4,16,24,15,59,0,12,12,71
03/10/2020,ADQ,AK,AAL,WE,Federal Contract Tower,2,11,0,0,13,0,2,4,10,16,2,13,4,10,29,0,28,28,57
03/11/2020,ADQ,AK,AAL,WE,Federal Contract Tower,2,8,2,1,13,0,9,42,40,91,2,17,44,41,104,0,46,46,150
03/12/2020,ADQ,AK,AAL,WE,Federal Contract Tower,4,7,0,2,13,0,5,40,10,55,4,12,40,12,68,0,0,0,68
03/13/2020,ADQ,AK,AAL,WE,Federal Contract Tower,4,12,0,1,17,0,4,55,51,110,4,16,55,52,127,0,0,0,127
03/14/2020,ADQ,AK,AAL,WE,Federal Contract Tower,2,12,0,0,14,0,2,50,7,59,2,14,50,7,73,0,0,0,73
03/15/2020,ADQ,AK,AAL,WE,Federal Contract Tower,4,2,0,0,6,0,0,25,6,31,4,2,25,6,37,0,0,0,37
03/16/2020,ADQ,AK,AAL,WE,Federal Contract Tower,4,9,0,3,16,0,7,34,15,56,4,16,34,18,72,31,0,31,103
03/17/2020,ADQ,AK,AAL,WE,Federal Contract Tower,4,9,0,6,19,0,3,32,26,61,4,12,32,32,80,0,38,38,118
03/18/2020,ADQ,AK,AAL,WE,Federal Contract Tower,2,7,0,1,10,0,2,31,20,53,2,9,31,21,63,0,6,6,69
03/19/2020,ADQ,AK,AAL,WE,Federal Contract Tower,6,11,3,3,23,0,5,24,15,44,6,16,27,18,67,4,12,16,83
03/20/2020,ADQ,AK,AAL,WE,Federal Contract Tower,6,5,0,0,11,0,4,50,2,56,6,9,50,2,67,16,0,16,83
03/21/2020,ADQ,AK,AAL,WE,Federal Contract Tower,4,8,0,1,13,0,0,19,3,22,4,8,19,4,35,4,0,4,39
03/22/2020,ADQ,AK,AAL,WE,Federal Contract Tower,4,4,0,0,8,0,1,5,2,8,4,5,5,2,16,14,0,14,30
03/23/2020,ADQ,AK,AAL,WE,Federal Contract Tower,5,9,0,0,14,1,2,21,11,35,6,11,21,11,49,0,0,0,49
03/24/2020,ADQ,AK,AAL,WE,Federal Contract Tower,3,4,0,0,7,1,1,13,28,43,4,5,13,28,50,0,28,28,78
03/25/2020,ADQ,AK,AAL,WE,Federal Contract Tower,2,5,0,0,7,0,2,32,11,45,2,7,32,11,52,0,40,40,92
03/26/2020,ADQ,AK,AAL,WE,Federal Contract Tower,4,6,1,0,11,0,5,11,20,36,4,11,12,20,47,0,10,10,57
03/27/2020,ADQ,AK,AAL,WE,Federal Contract Tower,4,13,1,1,19,0,2,22,18,42,4,15,23,19,61,0,56,56,117
03/28/2020,ADQ,AK,AAL,WE,Federal Contract Tower,4,4,0,2,10,0,0,4,0,4,4,4,4,2,14,0,0,0,14
03/29/2020,ADQ,AK,AAL,WE,Federal Contract Tower,2,0,0,0,2,0,0,2,5,7,2,0,2,5,9,0,32,32,41
03/30/2020,ADQ,AK,AAL,WE,Federal Contract Tower,3,3,0,1,7,1,3,35,12,51,4,6,35,13,58,0,20,20,78
03/31/2020,ADQ,AK,AAL,WE,Federal Contract Tower,4,4,0,1,9,0,4,35,20,59,4,8,35,21,68,0,40,40,108
04/01/2020,ADQ,AK,AAL,WE,Federal Contract Tower,2,10,3,3,18,0,0,9,16,25,2,10,12,19,43,0,10,10,53
04/02/2020,ADQ,AK,AAL,WE,Federal Contract Tower,2,8,2,2,14,0,0,15,32,47,2,8,17,34,61,0,16,16,77
04/03/2020,ADQ,AK,AAL,WE,Federal Contract Tower,2,3,0,0,5,0,3,35,15,53,2,6,35,15,58,2,86,88,146
04/04/2020,ADQ,AK,AAL,WE,Federal Contract Tower,0,0,0,0,0,0,0,30,6,36,0,0,30,6,36,0,2,2,38
04/05/2020,ADQ,AK,AAL,WE,Federal Contract Tower,0,4,0,0,4,0,0,9,4,13,0,4,9,4,17,0,22,22,39
04/06/2020,ADQ,AK,AAL,WE,Federal Contract Tower,0,1,0,2,3,0,3,10,12,25,0,4,10,14,28,0,18,18,46
04/07/2020,ADQ,AK,AAL,WE,Federal Contract Tower,2,5,0,2,9,0,0,0,0,0,2,5,0,2,9,0,0,0,9
04/08/2020,ADQ,AK,AAL,WE,Federal Contract Tower,2,7,0,1,10,0,0,25,13,38,2,7,25,14,48,0,10,10,58
04/09/2020,ADQ,AK,AAL,WE,Federal Contract Tower,2,2,0,1,5,0,3,37,36,76,2,5,37,37,81,0,66,66,147
04/10/2020,ADQ,AK,AAL,WE,Federal Contract Tower,2,2,0,5,9,0,3,54,32,89,2,5,54,37,98,6,52,58,156
04/11/2020,ADQ,AK,AAL,WE,Federal Contract Tower,0,1,0,1,2,0,1,18,3,22,0,2,18,4,24,0,0,0,24
04/12/2020,ADQ,AK,AAL,WE,Federal Contract Tower,0,2,3,2,7,0,0,0,0,0,0,2,3,2,7,0,0,0,7
04/13/2020,ADQ,AK,AAL,WE,Federal Contract Tower,0,8,0,1,9,0,0,0,0,0,0,8,0,1,9,0,0,0,9
04/14/2020,ADQ,AK,AAL,WE,Federal Contract Tower,2,0,0,0,2,0,0,0,0,0,2,0,0,0,2,0,0,0,2
04/15/2020,ADQ,AK,AAL,WE,Federal Contract Tower,2,9,3,0,14,0,4,45,18,67,2,13,48,18,81,0,16,16,97
04/16/2020,ADQ,AK,AAL,WE,Federal Contract Tower,2,0,1,1,4,0,2,32,17,51,2,2,33,18,55,38,0,38,93
04/17/2020,ADQ,AK,AAL,WE,Federal Contract Tower,2,10,0,2,14,0,2,58,29,89,2,12,58,31,103,0,74,74,177
04/18/2020,ADQ,AK,AAL,WE,Federal Contract Tower,0,2,0,1,3,0,0,38,5,43,0,2,38,6,46,0,0,0,46
04/19/2020,ADQ,AK,AAL,WE,Federal Contract Tower,0,5,2,0,7,0,0,9,3,12,0,5,11,3,19,0,0,0,19
04/20/2020,ADQ,AK,AAL,WE,Federal Contract Tower,4,2,0,0,6,0,0,0,0,0,4,2,0,0,6,0,0,0,6
04/21/2020,ADQ,AK,AAL,WE,Federal Contract Tower,1,3,19,3,26,0,0,1,4,5,1,3,20,7,31,0,8,8,39
04/22/2020,ADQ,AK,AAL,WE,Federal Contract Tower,2,14,1,2,19,0,0,26,16,42,2,14,27,18,61,14,84,98,159
04/23/2020,ADQ,AK,AAL,WE,Federal Contract Tower,2,2,9,0,13,0,0,0,0,0,2,2,9,0,13,0,0,0,13
04/24/2020,ADQ,AK,AAL,WE,Federal Contract Tower,2,2,0,0,4,0,0,0,0,0,2,2,0,0,4,0,0,0,4
04/25/2020,ADQ,AK,AAL,WE,Federal Contract Tower,0,6,14,6,26,0,0,17,0,17,0,6,31,6,43,0,10,10,53
04/26/2020,ADQ,AK,AAL,WE,Federal Contract Tower,0,4,0,0,4,0,1,13,9,23,0,5,13,9,27,2,16,18,45
04/27/2020,ADQ,AK,AAL,WE,Federal Contract Tower,4,1,0,1,6,0,3,38,2,43,4,4,38,3,49,14,10,24,73
04/28/2020,ADQ,AK,AAL,WE,Federal Contract Tower,2,2,2,1,7,0,5,31,34,70,2,7,33,35,77,6,20,26,103
04/29/2020,ADQ,AK,AAL,WE,Federal Contract Tower,1,2,0,2,5,1,2,25,12,40,2,4,25,14,45,10,6,16,61
04/30/2020,ADQ,AK,AAL,WE,Federal Contract Tower,2,2,0,2,6,0,4,40,17,61,2,6,40,19,67,18,28,46,113
05/01/2020,ADQ,AK,AAL,WE,Federal Contract Tower,2,3,0,2,7,0,3,39,12,54,2,6,39,14,61,28,12,40,101
05/02/2020,ADQ,AK,AAL,WE,Federal Contract Tower,2,0,0,0,2,0,0,19,6,25,2,0,19,6,27,18,20,38,65
05/03/2020,ADQ,AK,AAL,WE,Federal Contract Tower,2,2,0,0,4,0,2,11,4,17,2,4,11,4,21,0,0,0,21
05/04/2020,ADQ,AK,AAL,WE,Federal Contract Tower,4,6,2,4,16,0,0,18,2,20,4,6,20,6,36,0,2,2,38
05/05/2020,ADQ,AK,AAL,WE,Federal Contract Tower,2,7,0,2,11,0,0,26,12,38,2,7,26,14,49,0,24,24,73
05/06/2020,ADQ,AK,AAL,WE,Federal Contract Tower,2,9,3,5,19,0,1,29,3,33,2,10,32,8,52,0,0,0,52
05/07/2020,ADQ,AK,AAL,WE,Federal Contract Tower,2,4,0,0,6,0,0,0,2,2,2,4,0,2,8,0,0,0,8
05/08/2020,ADQ,AK,AAL,WE,Federal Contract Tower,2,10,28,16,56,0,0,1,0,1,2,10,29,16,57,0,0,0,57
05/09/2020,ADQ,AK,AAL,WE,Federal Contract Tower,0,2,17,0,19,0,0,7,0,7,0,2,24,0,26,0,0,0,26
05/10/2020,ADQ,AK,AAL,WE,Federal Contract Tower,0,4,3,2,9,0,0,12,9,21,0,4,15,11,30,0,0,0,30
05/11/2020,ADQ,AK,AAL,WE,Federal Contract Tower,3,4,2,3,12,1,1,43,13,58,4,5,45,16,70,38,26,64,134
05/12/2020,ADQ,AK,AAL,WE,Federal Contract Tower,2,1,0,2,5,0,4,37,35,76,2,5,37,37,81,34,18,52,133
05/13/2020,ADQ,AK,AAL,WE,Federal Contract Tower,2,5,0,3,10,0,1,33,14,48,2,6,33,17,58,34,16,50,108
05/14/2020,ADQ,AK,AAL,WE,Federal Contract Tower,7,4,0,1,12,1,3,28,17,49,8,7,28,18,61,0,40,40,101
05/15/2020,ADQ,AK,AAL,WE,Federal Contract Tower,2,5,23,7,37,0,0,0,0,0,2,5,23,7,37,4,0,4,41
05/16/2020,ADQ,AK,AAL,WE,Federal Contract Tower,0,5,0,2,7,0,0,37,4,41,0,5,37,6,48,0,0,0,48
05/17/2020,ADQ,AK,AAL,WE,Federal Contract Tower,0,0,0,0,0,0,4,16,6,26,0,4,16,6,26,90,40,130,156
05/18/2020,ADQ,AK,AAL,WE,Federal Contract Tower,4,6,0,0,10,0,0,0,0,0,4,6,0,0,10,0,0,0,10
05/19/2020,ADQ,AK,AAL,WE,Federal Contract Tower,2,6,0,2,10,0,2,40,30,72,2,8,40,32,82,0,52,52,134
05/20/2020,ADQ,AK,AAL,WE,Federal Contract Tower,2,2,2,1,7,0,5,45,20,70,2,7,47,21,77,38,22,60,137
05/21/2020,ADQ,AK,AAL,WE,Federal Contract Tower,0,7,9,7,23,0,0,0,0,0,0,7,9,7,23,0,0,0,23
05/22/2020,ADQ,AK,AAL,WE,Federal Contract Tower,4,10,13,5,32,0,1,41,5,47,4,11,54,10,79,0,0,0,79
05/23/2020,ADQ,AK,AAL,WE,Federal Contract Tower,0,0,3,2,5,0,0,20,7,27,0,0,23,9,32,4,0,4,36
05/24/2020,ADQ,AK,AAL,WE,Federal Contract Tower,0,0,0,0,0,0,4,15,5,24,0,4,15,5,24,38,0,38,62
05/25/2020,ADQ,AK,AAL,WE,Federal Contract Tower,2,0,0,0,2,0,0,24,9,33,2,0,24,9,35,12,0,12,47
05/26/2020,ADQ,AK,AAL,WE,Federal Contract Tower,2,3,1,0,6,0,4,32,26,62,2,7,33,26,68,42,2,44,112
05/27/2020,ADQ,AK,AAL,WE,Federal Contract Tower,3,4,0,3,10,1,0,45,18,64,4,4,45,21,74,40,46,86,160
05/28/2020,ADQ,AK,AAL,WE,Federal Contract Tower,2,8,1,0,11,0,4,39,26,69,2,12,40,26,80,0,0,0,80
05/29/2020,ADQ,AK,AAL,WE,Federal Contract Tower,1,2,0,4,7,1,3,55,18,77,2,5,55,22,84,0,54,54,138
05/30/2020,ADQ,AK,AAL,WE,Federal Contract Tower,0,0,0,0,0,0,0,36,6,42,0,0,36,6,42,48,32,80,122
05/31/2020,ADQ,AK,AAL,WE,Federal Contract Tower,0,4,8,1,13,0,0,13,3,16,0,4,21,4,29,0,8,8,37
06/01/2020,ADQ,AK,AAL,WE,Federal Contract Tower,3,6,16,3,28,0,0,10,4,14,3,6,26,7,42,0,0,0,42
06/02/2020,ADQ,AK,AAL,WE,Federal Contract Tower,2,12,2,0,16,0,1,28,18,47,2,13,30,18,63,0,24,24,87
06/03/2020,ADQ,AK,AAL,WE,Federal Contract Tower,2,8,2,1,13,0,0,39,17,56,2,8,41,18,69,0,50,50,119
06/04/2020,ADQ,AK,AAL,WE,Federal Contract Tower,2,6,0,2,10,0,0,54,41,95,2,6,54,43,105,30,106,136,241
06/05/2020,ADQ,AK,AAL,WE,Federal Contract Tower,2,5,4,0,11,0,2,49,17,68,2,7,53,17,79,0,0,0,79
06/06/2020,ADQ,AK,AAL,WE,Federal Contract Tower,2,0,0,1,3,0,0,33,5,38,2,0,33,6,41,17,12,29,70
06/07/2020,ADQ,AK,AAL,WE,Federal Contract Tower,2,2,0,0,4,0,2,29,5,36,2,4,29,5,40,12,4,16,56
06/08/2020,ADQ,AK,AAL,WE,Federal Contract Tower,4,1,0,1,6,0,5,54,13,72,4,6,54,14,78,30,2,32,110
06/09/2020,ADQ,AK,AAL,WE,Federal Contract Tower,2,5,1,5,13,0,1,24,19,44,2,6,25,24,57,0,34,34,91
06/10/2020,ADQ,AK,AAL,WE,Federal Contract Tower,2,2,0,3,7,0,2,42,28,72,2,4,42,31,79,0,34,34,113
06/11/2020,ADQ,AK,AAL,WE,Federal Contract Tower,2,5,0,0,7,0,1,59,23,83,2,6,59,23,90,4,58,62,152
06/12/2020,ADQ,AK,AAL,WE,Federal Contract Tower,2,6,0,1,9,0,0,56,10,66,2,6,56,11,75,30,6,36,111
06/13/2020,ADQ,AK,AAL,WE,Federal Contract Tower,2,0,0,0,2,0,3,53,4,60,2,3,53,4,62,60,0,60,122
06/14/2020,ADQ,AK,AAL,WE,Federal Contract Tower,2,1,1,0,4,0,3,27,5,35,2,4,28,5,39,0,10,10,49
06/15/2020,ADQ,AK,AAL,WE,Federal Contract Tower,3,1,2,0,6,1,3,50,39,93,4,4,52,39,99,0,18,18,117
06/16/2020,ADQ,AK,AAL,WE,Federal Contract Tower,2,7,7,2,18,0,0,4,0,4,2,7,11,2,22,0,0,0,22
06/17/2020,ADQ,AK,AAL,WE,Federal Contract Tower,2,9,12,4,27,0,0,2,0,2,2,9,14,4,29,0,0,0,29
06/18/2020,ADQ,AK,AAL,WE,Federal Contract Tower,4,3,2,3,12,0,4,49,20,73,4,7,51,23,85,0,54,54,139
06/19/2020,ADQ,AK,AAL,WE,Federal Contract Tower,2,2,0,1,5,0,2,56,25,83,2,4,56,26,88,12,54,66,154
06/20/2020,ADQ,AK,AAL,WE,Federal Contract Tower,2,4,5,9,20,0,0,31,1,32,2,4,36,10,52,0,10,10,62
06/21/2020,ADQ,AK,AAL,WE,Federal Contract Tower,2,5,10,1,18,0,0,14,3,17,2,5,24,4,35,0,2,2,37
06/22/2020,ADQ,AK,AAL,WE,Federal Contract Tower,4,9,1,2,16,0,0,33,22,55,4,9,34,24,71,0,24,24,95
06/23/2020,ADQ,AK,AAL,WE,Federal Contract Tower,2,3,6,5,16,0,1,28,16,45,2,4,34,21,61,0,2,2,63
06/24/2020,ADQ,AK,AAL,WE,Federal Contract Tower,2,1,0,1,4,0,5,48,15,68,2,6,48,16,72,48,10,58,130
06/25/2020,ADQ,AK,AAL,WE,Federal Contract Tower,2,6,4,10,22,0,1,30,17,48,2,7,34,27,70,0,34,34,104
06/26/2020,ADQ,AK,AAL,WE,Federal Contract Tower,2,1,0,1,4,0,3,58,8,69,2,4,58,9,73,0,18,18,91
06/27/2020,ADQ,AK,AAL,WE,Federal Contract Tower,2,1,1,0,4,0,0,43,4,47,2,1,44,4,51,16,2,18,69
06/28/2020,ADQ,AK,AAL,WE,Federal Contract Tower,2,0,0,0,2,0,4,41,4,49,2,4,41,4,51,8,4,12,63
06/29/2020,ADQ,AK,AAL,WE,Federal Contract Tower,4,4,0,2,10,0,1,48,25,74,4,5,48,27,84,14,22,36,120
06/30/2020,ADQ,AK,AAL,WE,Federal Contract Tower,2,2,1,0,5,0,6,47,13,66,2,8,48,13,71,8,30,38,109
07/01/2020,ADQ,AK,AAL,WE,Federal Contract Tower,2,6,1,1,10,0,2,52,18,72,2,8,53,19,82,12,44,56,138
07/02/2020,ADQ,AK,AAL,WE,Federal Contract Tower,1,8,2,1,12,0,3,48,15,66,1,11,50,16,78,26,12,38,116
07/03/2020,ADQ,AK,AAL,WE,Federal Contract Tower,2,4,0,0,6,0,2,73,11,86,2,6,73,11,92,0,0,0,92
07/04/2020,ADQ,AK,AAL,WE,Federal Contract Tower,2,0,0,0,2,0,0,37,9,46,2,0,37,9,48,0,10,10,58
07/05/2020,ADQ,AK,AAL,WE,Federal Contract Tower,2,2,1,0,5,0,0,0,0,0,2,2,1,0,5,0,0,0,5
07/06/2020,ADQ,AK,AAL,WE,Federal Contract Tower,2,9,16,4,31,0,0,6,0,6,2,9,22,4,37,14,0,14,51
07/07/2020,ADQ,AK,AAL,WE,Federal Contract Tower,3,9,0,0,12,1,1,37,15,54,4,10,37,15,66,14,32,46,112
07/08/2020,ADQ,AK,AAL,WE,Federal Contract Tower,3,3,0,1,7,1,4,31,12,48,4,7,31,13,55,6,18,24,79
07/09/2020,ADQ,AK,AAL,WE,Federal Contract Tower,2,4,0,1,7,0,3,45,11,59,2,7,45,12,66,26,10,36,102
07/10/2020,ADQ,AK,AAL,WE,Federal Contract Tower,3,2,0,1,6,1,2,48,10,61,4,4,48,11,67,18,2,20,87
07/11/2020,ADQ,AK,AAL,WE,Federal Contract Tower,4,0,0,2,6,0,0,53,8,61,4,0,53,10,67,0,46,46,113
07/12/2020,ADQ,AK,AAL,WE,Federal Contract Tower,4,5,7,2,18,1,1,32,2,36,5,6,39,4,54,0,0,0,54
07/13/2020,ADQ,AK,AAL,WE,Federal Contract Tower,4,4,20,5,33,0,0,19,9,28,4,4,39,14,61,0,0,0,61
07/14/2020,ADQ,AK,AAL,WE,Federal Contract Tower,2,1,1,0,4,0,5,58,13,76,2,6,59,13,80,0,0,0,80
07/15/2020,ADQ,AK,AAL,WE,Federal Contract Tower,2,1,1,0,4,0,3,72,13,88,2,4,73,13,92,12,8,20,112
07/16/2020,ADQ,AK,AAL,WE,Federal Contract Tower,2,3,0,0,5,0,2,61,24,87,2,5,61,24,92,12,40,52,144
07/17/2020,ADQ,AK,AAL,WE,Federal Contract Tower,2,13,8,2,25,0,0,33,9,42,2,13,41,11,67,0,12,12,79
07/18/2020,ADQ,AK,AAL,WE,Federal Contract Tower,4,1,1,2,8,0,1,34,2,37,4,2,35,4,45,0,0,0,45
07/19/2020,ADQ,AK,AAL,WE,Federal Contract Tower,6,3,10,2,21,0,0,7,1,8,6,3,17,3,29,0,0,0,29
07/20/2020,ADQ,AK,AAL,WE,Federal Contract Tower,4,1,3,6,14,0,3,50,11,64,4,4,53,17,78,4,6,10,88
07/21/2020,ADQ,AK,AAL,WE,Federal Contract Tower,2,5,3,1,11,0,3,41,22,66,2,8,44,23,77,12,28,40,117
07/22/2020,ADQ,AK,AAL,WE,Federal Contract Tower,2,1,0,0,3,0,8,30,15,53,2,9,30,15,56,0,44,44,100
07/23/2020,ADQ,AK,AAL,WE,Federal Contract Tower,1,2,0,1,4,1,3,58,18,80,2,5,58,19,84,0,28,28,112
07/24/2020,ADQ,AK,AAL,WE,Federal Contract Tower,4,8,9,3,24,0,0,37,12,49,4,8,46,15,73,0,0,0,73
07/25/2020,ADQ,AK,AAL,WE,Federal Contract Tower,4,0,2,0,6,0,0,39,4,43,4,0,41,4,49,0,0,0,49
07/26/2020,ADQ,AK,AAL,WE,Federal Contract Tower,4,0,0,0,4,0,4,48,5,57,4,4,48,5,61,6,2,8,69
07/27/2020,ADQ,AK,AAL,WE,Federal Contract Tower,4,1,4,0,9,0,4,47,21,72,4,5,51,21,81,2,26,28,109
07/28/2020,ADQ,AK,AAL,WE,Federal Contract Tower,2,6,2,0,10,0,4,52,17,73,2,10,54,17,83,6,0,6,89
07/29/2020,ADQ,AK,AAL,WE,Federal Contract Tower,2,6,0,0,8,0,8,46,12,66,2,14,46,12,74,0,5,5,79
07/30/2020,ADQ,AK,AAL,WE,Federal Contract Tower,2,1,1,2,6,0,3,60,7,70,2,4,61,9,76,0,16,16,92
07/31/2020,ADQ,AK,AAL,WE,Federal Contract Tower,4,6,35,4,49,0,0,6,3,9,4,6,41,7,58,0,20,20,78
08/01/2020,ADQ,AK,AAL,WE,Federal Contract Tower,5,2,3,4,14,0,0,25,4,29,5,2,28,8,43,0,28,28,71
08/02/2020,ADQ,AK,AAL,WE,Federal Contract Tower,4,6,1,2,13,0,0,47,6,53,4,6,48,8,66,14,0,14,80
08/03/2020,ADQ,AK,AAL,WE,Federal Contract Tower,4,4,28,0,36,0,0,2,0,2,4,4,30,0,38,0,0,0,38
08/04/2020,ADQ,AK,AAL,WE,Federal Contract Tower,2,6,7,4,19,0,0,16,6,22,2,6,23,10,41,0,4,4,45
08/05/2020,ADQ,AK,AAL,WE,Federal Contract Tower,5,6,1,0,12,3,1,48,20,72,8,7,49,20,84,0,10,10,94
08/06/2020,ADQ,AK,AAL,WE,Federal Contract Tower,2,4,0,2,8,0,1,43,21,65,2,5,43,23,73,4,16,20,93
08/07/2020,ADQ,AK,AAL,WE,Federal Contract Tower,4,2,0,2,8,0,2,51,19,72,4,4,51,21,80,12,18,30,110
08/08/2020,ADQ,AK,AAL,WE,Federal Contract Tower,4,4,1,1,10,0,0,34,1,35,4,4,35,2,45,0,0,0,45
08/09/2020,ADQ,AK,AAL,WE,Federal Contract Tower,4,7,2,0,13,0,1,26,8,35,4,8,28,8,48,0,0,0,48
08/10/2020,ADQ,AK,AAL,WE,Federal Contract Tower,4,5,3,0,12,0,3,45,11,59,4,8,48,11,71,0,0,0,71
08/11/2020,ADQ,AK,AAL,WE,Federal Contract Tower,2,8,0,1,11,0,1,50,10,61,2,9,50,11,72,0,24,24,96
08/12/2020,ADQ,AK,AAL,WE,Federal Contract Tower,4,3,8,1,16,0,1,56,9,66,4,4,64,10,82,22,2,24,106
08/13/2020,ADQ,AK,AAL,WE,Federal Contract Tower,2,4,2,3,11,0,2,51,6,59,2,6,53,9,70,0,0,0,70
08/14/2020,ADQ,AK,AAL,WE,Federal Contract Tower,4,2,0,0,6,0,2,54,8,64,4,4,54,8,70,8,8,16,86
08/15/2020,ADQ,AK,AAL,WE,Federal Contract Tower,4,3,0,0,7,0,3,36,15,54,4,6,36,15,61,0,22,22,83
08/16/2020,ADQ,AK,AAL,WE,Federal Contract Tower,4,1,1,0,6,0,5,38,6,49,4,6,39,6,55,0,0,0,55
08/17/2020,ADQ,AK,AAL,WE,Federal Contract Tower,2,1,5,1,9,0,2,47,3,52,2,3,52,4,61,2,8,10,71
08/18/2020,ADQ,AK,AAL,WE,Federal Contract Tower,2,2,0,0,4,0,2,52,5,59,2,4,52,5,63,0,0,0,63
08/19/2020,ADQ,AK,AAL,WE,Federal Contract Tower,4,5,0,1,10,0,2,73,12,87,4,7,73,13,97,0,0,0,97
08/20/2020,ADQ,AK,AAL,WE,Federal Contract Tower,2,4,1,2,9,0,13,54,21,88,2,17,55,23,97,0,2,2,99
08/21/2020,ADQ,AK,AAL,WE,Federal Contract Tower,4,1,0,0,5,0,3,58,34,95,4,4,58,34,100,0,10,10,110
08/22/2020,ADQ,AK,AAL,WE,Federal Contract Tower,4,2,1,2,9,0,0,54,12,66,4,2,55,14,75,0,0,0,75
08/23/2020,ADQ,AK,AAL,WE,Federal Contract Tower,4,2,0,1,7,0,3,34,2,39,4,5,34,3,46,0,8,8,54
08/24/2020,ADQ,AK,AAL,WE,Federal Contract Tower,4,5,2,2,13,0,3,66,14,83,4,8,68,16,96,6,16,22,118
08/25/2020,ADQ,AK,AAL,WE,Federal Contract Tower,2,2,0,0,4,0,2,49,18,69,2,4,49,18,73,0,22,22,95
08/26/2020,ADQ,AK,AAL,WE,Federal Contract Tower,3,2,0,1,6,1,2,53,19,75,4,4,53,20,81,6,26,32,113
08/27/2020,ADQ,AK,AAL,WE,Federal Contract Tower,2,3,5,2,12,0,1,57,10,68,2,4,62,12,80,0,0,0,80
08/28/2020,ADQ,AK,AAL,WE,Federal Contract Tower,4,1,2,2,9,0,3,46,20,69,4,4,48,22,78,0,18,18,96
08/29/2020,ADQ,AK,AAL,WE,Federal Contract Tower,6,4,3,3,16,0,0,10,8,18,6,4,13,11,34,0,0,0,34
08/30/2020,ADQ,AK,AAL,WE,Federal Contract Tower,4,4,7,0,15,0,0,16,1,17,4,4,23,1,32,6,34,40,72
08/31/2020,ADQ,AK,AAL,WE,Federal Contract Tower,4,4,1,1,10,0,3,39,16,58,4,7,40,17,68,0,30,30,98
09/01/2020,ADQ,AK,AAL,WE,Federal Contract Tower,2,3,0,3,8,0,2,63,15,80,2,5,63,18,88,10,6,16,104
09/02/2020,ADQ,AK,AAL,WE,Federal Contract Tower,4,5,1,1,11,0,2,49,22,73,4,7,50,23,84,8,20,28,112
09/03/2020,ADQ,AK,AAL,WE,Federal Contract Tower,2,4,5,4,15,0,5,41,12,58,2,9,46,16,73,0,0,0,73
09/04/2020,ADQ,AK,AAL,WE,Federal Contract Tower,3,1,1,0,5,1,3,79,8,91,4,4,80,8,96,4,0,4,100
09/05/2020,ADQ,AK,AAL,WE,Federal Contract Tower,4,5,0,1,10,0,1,56,9,66,4,6,56,10,76,0,20,20,96
09/06/2020,ADQ,AK,AAL,WE,Federal Contract Tower,2,2,0,1,5,0,0,1,2,3,2,2,1,3,8,0,0,0,8
09/07/2020,ADQ,AK,AAL,WE,Federal Contract Tower,4,2,0,0,6,0,0,47,6,53,4,2,47,6,59,0,0,0,59
09/08/2020,ADQ,AK,AAL,WE,Federal Contract Tower,2,1,0,0,3,0,5,59,8,72,2,6,59,8,75,2,6,8,83
09/09/2020,ADQ,AK,AAL,WE,Federal Contract Tower,4,6,1,0,11,0,1,51,24,76,4,7,52,24,87,0,12,12,99
09/10/2020,ADQ,AK,AAL,WE,Federal Contract Tower,2,1,0,4,7,0,3,57,17,77,2,4,57,21,84,0,0,0,84
09/11/2020,ADQ,AK,AAL,WE,Federal Contract Tower,4,2,1,0,7,0,4,35,13,52,4,6,36,13,59,0,36,36,95
09/12/2020,ADQ,AK,AAL,WE,Federal Contract Tower,4,0,0,0,4,0,0,55,4,59,4,0,55,4,63,0,0,0,63
09/13/2020,ADQ,AK,AAL,WE,Federal Contract Tower,4,5,0,0,9,0,1,32,8,41,4,6,32,8,50,0,22,22,72
09/14/2020,ADQ,AK,AAL,WE,Federal Contract Tower,4,1,0,2,7,0,4,43,41,88,4,5,43,43,95,26,0,26,121
09/15/2020,ADQ,AK,AAL,WE,Federal Contract Tower,2,9,0,1,12,0,0,35,21,56,2,9,35,22,68,0,52,52,120
09/16/2020,ADQ,AK,AAL,WE,Federal Contract Tower,3,5,10,8,26,1,1,34,8,44,4,6,44,16,70,4,0,4,74
09/17/2020,ADQ,AK,AAL,WE,Federal Contract Tower,2,5,1,1,9,0,3,12,15,30,2,8,13,16,39,0,38,38,77
09/18/2020,ADQ,AK,AAL,WE,Federal Contract Tower,4,1,0,1,6,0,3,54,35,92,4,4,54,36,98,8,2,10,108
09/19/2020,ADQ,AK,AAL,WE,Federal Contract Tower,4,0,2,2,8,0,0,50,2,52,4,0,52,4,60,0,0,0,60
09/20/2020,ADQ,AK,AAL,WE,Federal Contract Tower,4,3,0,0,7,0,1,41,3,45,4,4,41,3,52,0,4,4,56
09/21/2020,ADQ,AK,AAL,WE,Federal Contract Tower,4,4,2,2,12,0,0,7,12,19,4,4,9,14,31,0,24,24,55
09/22/2020,ADQ,AK,AAL,WE,Federal Contract Tower,2,2,2,0,6,0,0,0,0,0,2,2,2,0,6,0,0,0,6
09/23/2020,ADQ,AK,AAL,WE,Federal Contract Tower,4,12,13,3,32,0,0,23,8,31,4,12,36,11,63,0,2,2,65
09/24/2020,ADQ,AK,AAL,WE,Federal Contract Tower,2,3,0,4,9,0,2,41,21,64,2,5,41,25,73,0,14,14,87
09/25/2020,ADQ,AK,AAL,WE,Federal Contract Tower,4,8,0,1,13,0,1,35,17,53,4,9,35,18,66,0,2,2,68
09/26/2020,ADQ,AK,AAL,WE,Federal Contract Tower,4,2,14,1,21,0,2,25,2,29,4,4,39,3,50,0,0,0,50
09/27/2020,ADQ,AK,AAL,WE,Federal Contract Tower,3,4,1,1,9,0,0,0,0,0,3,4,1,1,9,0,0,0,9
09/28/2020,ADQ,AK,AAL,WE,Federal Contract Tower,4,5,0,4,13,0,3,46,15,64,4,8,46,19,77,0,26,26,103
09/29/2020,ADQ,AK,AAL,WE,Federal Contract Tower,0,3,0,1,4,0,0,15,2,17,0,3,15,3,21,0,3,3,24
09/30/2020,ADQ,AK,AAL,WE,Federal Contract Tower,4,6,4,1,15,0,0,11,0,11,4,6,15,1,26,0,0,0,26
10/01/2020,ADQ,AK,AAL,WE,Federal Contract Tower,0,5,4,0,9,0,0,12,2,14,0,5,16,2,23,0,0,0,23
10/02/2020,ADQ,AK,AAL,WE,Federal Contract Tower,4,13,14,0,31,0,1,6,0,7,4,14,20,0,38,0,0,0,38
10/03/2020,ADQ,AK,AAL,WE,Federal Contract Tower,2,4,0,2,8,0,3,51,8,62,2,7,51,10,70,0,2,2,72
10/04/2020,ADQ,AK,AAL,WE,Federal Contract Tower,2,5,1,2,10,0,0,19,2,21,2,5,20,4,31,0,0,0,31
10/05/2020,ADQ,AK,AAL,WE,Federal Contract Tower,3,5,0,2,10,1,4,33,7,45,4,9,33,9,55,2,0,2,57
10/06/2020,ADQ,AK,AAL,WE,Federal Contract Tower,2,1,0,1,4,2,2,53,5,62,4,3,53,6,66,0,30,30,96
10/07/2020,ADQ,AK,AAL,WE,Federal Contract Tower,4,4,0,2,10,0,1,34,3,38,4,5,34,5,48,0,0,0,48
10/08/2020,ADQ,AK,AAL,WE,Federal Contract Tower,2,6,2,3,13,0,0,26,3,29,2,6,28,6,42,0,0,0,42
10/09/2020,ADQ,AK,AAL,WE,Federal Contract Tower,4,3,2,1,10,0,2,49,5,56,4,5,51,6,66,0,0,0,66
10/10/2020,ADQ,AK,AAL,WE,Federal Contract Tower,2,0,3,0,5,0,0,49,7,56,2,0,52,7,61,0,0,0,61
10/11/2020,ADQ,AK,AAL,WE,Federal Contract Tower,2,4,1,2,9,0,0,36,2,38,2,4,37,4,47,0,12,12,59
10/12/2020,ADQ,AK,AAL,WE,Federal Contract Tower,6,3,8,0,17,0,1,26,7,34,6,4,34,7,51,0,4,4,55
10/13/2020,ADQ,AK,AAL,WE,Federal Contract Tower,1,4,4,2,11,1,1,49,12,63,2,5,53,14,74,0,18,18,92
10/14/2020,ADQ,AK,AAL,WE,Federal Contract Tower,3,3,0,1,7,1,9,46,21,77,4,12,46,22,84,4,4,8,92
10/15/2020,ADQ,AK,AAL,WE,Federal Contract Tower,2,1,2,0,5,0,2,64,21,87,2,3,66,21,92,10,60,70,162
10/16/2020,ADQ,AK,AAL,WE,Federal Contract Tower,4,6,0,0,10,0,1,65,11,77,4,7,65,11,87,0,54,54,141
10/17/2020,ADQ,AK,AAL,WE,Federal Contract Tower,4,0,0,3,7,0,0,40,8,48,4,0,40,11,55,6,6,12,67
10/18/2020,ADQ,AK,AAL,WE,Federal Contract Tower,2,2,0,0,4,0,2,36,19,57,2,4,36,19,61,6,0,6,67
10/19/2020,ADQ,AK,AAL,WE,Federal Contract Tower,2,8,0,1,11,0,2,37,29,68,2,10,37,30,79,0,0,0,79
10/20/2020,ADQ,AK,AAL,WE,Federal Contract Tower,1,6,0,3,10,1,0,44,15,60,2,6,44,18,70,0,14,14,84
10/21/2020,ADQ,AK,AAL,WE,Federal Contract Tower,4,3,0,1,8,0,0,55,10,65,4,3,55,11,73,0,10,10,83
10/22/2020,ADQ,AK,AAL,WE,Federal Contract Tower,2,8,2,0,12,0,1,13,8,22,2,9,15,8,34,0,12,12,46
10/23/2020,ADQ,AK,AAL,WE,Federal Contract Tower,4,3,3,0,10,0,0,0,0,0,4,3,3,0,10,0,2,2,12
10/24/2020,ADQ,AK,AAL,WE,Federal Contract Tower,4,16,31,6,57,0,6,28,1,35,4,22,59,7,92,0,0,0,92
10/25/2020,ADQ,AK,AAL,WE,Federal Contract Tower,2,7,0,4,13,0,0,0,0,0,2,7,0,4,13,0,0,0,13
10/26/2020,ADQ,AK,AAL,WE,Federal Contract Tower,4,2,0,0,6,0,2,23,16,41,4,4,23,16,47,0,0,0,47
10/27/2020,ADQ,AK,AAL,WE,Federal Contract Tower,2,8,3,1,14,0,4,48,18,70,2,12,51,19,84,0,0,0,84
10/28/2020,ADQ,AK,AAL,WE,Federal Contract Tower,7,4,0,0,11,0,5,47,21,73,7,9,47,21,84,0,14,14,98
10/29/2020,ADQ,AK,AAL,WE,Federal Contract Tower,1,2,0,2,5,1,8,38,13,60,2,10,38,15,65,0,0,0,65
10/30/2020,ADQ,AK,AAL,WE,Federal Contract Tower,4,13,8,1,26,0,0,18,3,21,4,13,26,4,47,0,18,18,65
10/31/2020,ADQ,AK,AAL,WE,Federal Contract Tower,4,4,0,0,8,0,1,46,7,54,4,5,46,7,62,0,12,12,74
11/01/2020,ADQ,AK,AAL,WE,Federal Contract Tower,2,6,0,0,8,0,0,15,5,20,2,6,15,5,28,0,18,18,46
11/02/2020,ADQ,AK,AAL,WE,Federal Contract Tower,4,2,0,0,6,0,5,37,35,77,4,7,37,35,83,0,30,30,113
11/03/2020,ADQ,AK,AAL,WE,Federal Contract Tower,2,5,1,0,8,0,6,40,15,61,2,11,41,15,69,0,20,20,89
11/04/2020,ADQ,AK,AAL,WE,Federal Contract Tower,2,3,1,1,7,0,4,34,7,45,2,7,35,8,52,0,0,0,52
11/05/2020,ADQ,AK,AAL,WE,Federal Contract Tower,2,4,1,0,7,0,6,51,3,60,2,10,52,3,67,6,0,6,73
11/06/2020,ADQ,AK,AAL,WE,Federal Contract Tower,4,8,2,1,15,0,3,54,17,74,4,11,56,18,89,0,2,2,91
11/07/2020,ADQ,AK,AAL,WE,Federal Contract Tower,2,5,3,0,10,0,0,22,4,26,2,5,25,4,36,0,0,0,36
11/08/2020,ADQ,AK,AAL,WE,Federal Contract Tower,0,4,0,0,4,0,2,6,0,8,0,6,6,0,12,0,0,0,12
11/09/2020,ADQ,AK,AAL,WE,Federal Contract Tower,4,8,0,4,16,0,4,37,24,65,4,12,37,28,81,18,8,26,107
11/10/2020,ADQ,AK,AAL,WE,Federal Contract Tower,2,6,1,2,11,0,4,28,28,60,2,10,29,30,71,0,26,26,97
11/11/2020,ADQ,AK,AAL,WE,Federal Contract Tower,4,5,5,1,15,0,5,31,1,37,4,10,36,2,52,0,0,0,52
11/12/2020,ADQ,AK,AAL,WE,Federal Contract Tower,3,9,1,0,13,1,1,0,9,11,4,10,1,9,24,0,0,0,24
11/13/2020,ADQ,AK,AAL,WE,Federal Contract Tower,4,2,5,2,13,0,3,37,18,58,4,5,42,20,71,0,0,0,71
11/14/2020,ADQ,AK,AAL,WE,Federal Contract Tower,4,2,0,0,6,0,0,49,6,55,4,2,49,6,61,0,4,4,65
11/15/2020,ADQ,AK,AAL,WE,Federal Contract Tower,2,1,1,1,5,0,3,37,6,46,2,4,38,7,51,0,0,0,51
11/16/2020,ADQ,AK,AAL,WE,Federal Contract Tower,4,7,0,2,13,0,2,46,26,74,4,9,46,28,87,0,0,0,87
11/17/2020,ADQ,AK,AAL,WE,Federal Contract Tower,2,8,0,1,11,0,7,41,31,79,2,15,41,32,90,0,34,34,124
11/18/2020,ADQ,AK,AAL,WE,Federal Contract Tower,4,6,2,0,12,0,3,61,25,89,4,9,63,25,101,6,36,42,143
11/19/2020,ADQ,AK,AAL,WE,Federal Contract Tower,2,12,5,5,24,0,0,28,17,45,2,12,33,22,69,0,52,52,121
11/20/2020,ADQ,AK,AAL,WE,Federal Contract Tower,0,5,0,0,5,0,0,0,4,4,0,5,0,4,9,0,28,28,37
11/21/2020,ADQ,AK,AAL,WE,Federal Contract Tower,4,2,0,1,7,0,0,29,1,30,4,2,29,2,37,0,28,28,65
11/22/2020,ADQ,AK,AAL,WE,Federal Contract Tower,0,5,0,1,6,0,1,28,5,34,0,6,28,6,40,0,0,0,40
11/23/2020,ADQ,AK,AAL,WE,Federal Contract Tower,4,6,0,1,11,0,0,0,0,0,4,6,0,1,11,0,0,0,11
11/24/2020,ADQ,AK,AAL,WE,Federal Contract Tower,2,10,0,2,14,0,6,45,26,77,2,16,45,28,91,0,8,8,99
11/25/2020,ADQ,AK,AAL,WE,Federal Contract Tower,4,2,0,1,7,0,3,27,35,65,4,5,27,36,72,4,62,66,138
11/26/2020,ADQ,AK,AAL,WE,Federal Contract Tower,0,0,0,0,0,0,0,8,0,8,0,0,8,0,8,0,0,0,8
11/27/2020,ADQ,AK,AAL,WE,Federal Contract Tower,2,6,0,0,8,0,5,40,9,54,2,11,40,9,62,16,16,32,94
11/28/2020,ADQ,AK,AAL,WE,Federal Contract Tower,4,0,0,1,5,0,0,35,3,38,4,0,35,4,43,4,6,10,53
11/29/2020,ADQ,AK,AAL,WE,Federal Contract Tower,2,4,1,0,7,0,2,36,13,51,2,6,37,13,58,4,12,16,74
11/30/2020,ADQ,AK,AAL,WE,Federal Contract Tower,3,3,0,2,8,1,1,0,18,20,4,4,0,20,28,0,18,18,46
12/01/2020,ADQ,AK,AAL,WE,Federal Contract Tower,2,11,0,2,15,0,3,30,32,65,2,14,30,34,80,0,102,102,182
12/02/2020,ADQ,AK,AAL,WE,Federal Contract Tower,2,8,0,1,11,0,7,38,28,73,2,15,38,29,84,18,62,80,164
12/03/2020,ADQ,AK,AAL,WE,Federal Contract Tower,4,5,1,2,12,0,5,42,39,86,4,10,43,41,98,20,70,90,188
12/04/2020,ADQ,AK,AAL,WE,Federal Contract Tower,6,4,0,1,11,0,2,49,24,75,6,6,49,25,86,6,74,80,166
12/05/2020,ADQ,AK,AAL,WE,Federal Contract Tower,3,8,0,1,12,1,1,30,3,35,4,9,30,4,47,24,10,34,81
12/06/2020,ADQ,AK,AAL,WE,Federal Contract Tower,2,6,2,3,13,0,0,0,0,0,2,6,2,3,13,0,0,0,13
12/07/2020,ADQ,AK,AAL,WE,Federal Contract Tower,4,6,2,1,13,0,2,25,17,44,4,8,27,18,57,0,122,122,179
12/08/2020,ADQ,AK,AAL,WE,Federal Contract Tower,2,9,0,1,12,0,1,31,34,66,2,10,31,35,78,0,0,0,78
12/09/2020,ADQ,AK,AAL,WE,Federal Contract Tower,4,8,0,2,14,0,2,45,22,69,4,10,45,24,83,0,16,16,99
12/10/2020,ADQ,AK,AAL,WE,Federal Contract Tower,2,10,0,1,13,0,2,44,28,74,2,12,44,29,87,0,14,14,101
12/11/2020,ADQ,AK,AAL,WE,Federal Contract Tower,4,5,2,1,12,0,2,16,11,29,4,7,18,12,41,0,48,48,89
12/12/2020,ADQ,AK,AAL,WE,Federal Contract Tower,4,8,9,2,23,0,0,15,0,15,4,8,24,2,38,0,4,4,42
12/13/2020,ADQ,AK,AAL,WE,Federal Contract Tower,2,2,3,0,7,0,0,0,0,0,2,2,3,0,7,0,0,0,7
12/14/2020,ADQ,AK,AAL,WE,Federal Contract Tower,4,5,0,1,10,0,3,43,26,72,4,8,43,27,82,8,6,14,96
12/15/2020,ADQ,AK,AAL,WE,Federal Contract Tower,2,4,1,3,10,0,1,30,13,44,2,5,31,16,54,0,74,74,128
12/16/2020,ADQ,AK,AAL,WE,Federal Contract Tower,4,5,0,4,13,0,4,34,20,58,4,9,34,24,71,0,100,100,171
12/17/2020,ADQ,AK,AAL,WE,Federal Contract Tower,2,11,1,0,14,0,0,10,8,18,2,11,11,8,32,0,0,0,32
12/18/2020,ADQ,AK,AAL,WE,Federal Contract Tower,4,3,2,3,12,0,4,41,8,53,4,7,43,11,65,0,16,16,81
12/19/2020,ADQ,AK,AAL,WE,Federal Contract Tower,4,7,0,0,11,0,2,26,5,33,4,9,26,5,44,0,8,8,52
12/20/2020,ADQ,AK,AAL,WE,Federal Contract Tower,2,6,0,0,8,0,0,0,4,4,2,6,0,4,12,0,0,0,12
12/21/2020,ADQ,AK,AAL,WE,Federal Contract Tower,2,17,0,0,19,0,0,1,7,8,2,17,1,7,27,0,0,0,27
12/22/2020,ADQ,AK,AAL,WE,Federal Contract Tower,2,7,1,0,10,0,10,36,13,59,2,17,37,13,69,0,22,22,91
12/23/2020,ADQ,AK,AAL,WE,Federal Contract Tower,4,4,0,0,8,0,2,47,16,65,4,6,47,16,73,0,22,22,95
12/24/2020,ADQ,AK,AAL,WE,Federal Contract Tower,0,6,0,0,6,0,1,12,0,13,0,7,12,0,19,0,0,0,19
12/25/2020,ADQ,AK,AAL,WE,Federal Contract Tower,2,1,0,1,4,0,0,0,1,1,2,1,0,2,5,0,0,0,5
12/26/2020,ADQ,AK,AAL,WE,Federal Contract Tower,4,4,0,0,8,0,0,36,7,43,4,4,36,7,51,0,32,32,83
12/27/2020,ADQ,AK,AAL,WE,Federal Contract Tower,2,0,0,0,2,0,0,0,1,1,2,0,0,1,3,0,0,0,3
12/28/2020,ADQ,AK,AAL,WE,Federal Contract Tower,4,8,0,1,13,0,2,24,13,39,4,10,24,14,52,0,10,10,62
12/29/2020,ADQ,AK,AAL,WE,Federal Contract Tower,2,6,6,1,15,0,0,6,6,12,2,6,12,7,27,0,0,0,27
12/30/2020,ADQ,AK,AAL,WE,Federal Contract Tower,3,5,0,3,11,1,2,41,9,53,4,7,41,12,64,0,8,8,72
12/31/2020,ADQ,AK,AAL,WE,Federal Contract Tower,2,5,0,0,7,0,1,23,5,29,2,6,23,5,36,0,0,0,36
01/01/2021,ADQ,AK,AAL,WE,Federal Contract Tower,2,0,0,0,2,0,0,1,0,1,2,0,1,0,3,0,0,0,3
01/02/2021,ADQ,AK,AAL,WE,Federal Contract Tower,4,2,4,1,11,0,0,14,3,17,4,2,18,4,28,0,30,30,58
01/03/2021,ADQ,AK,AAL,WE,Federal Contract Tower,2,6,0,0,8,0,4,26,11,41,2,10,26,11,49,0,24,24,73
01/04/2021,ADQ,AK,AAL,WE,Federal Contract Tower,4,8,6,1,19,0,0,20,5,25,4,8,26,6,44,0,0,0,44
01/05/2021,ADQ,AK,AAL,WE,Federal Contract Tower,2,4,0,1,7,0,1,8,18,27,2,5,8,19,34,0,68,68,102
01/06/2021,ADQ,AK,AAL,WE,Federal Contract Tower,4,8,0,3,15,0,1,21,12,34,4,9,21,15,49,0,76,76,125
01/07/2021,ADQ,AK,AAL,WE,Federal Contract Tower,4,9,3,2,18,0,0,19,11,30,4,9,22,13,48,8,76,84,132
01/08/2021,ADQ,AK,AAL,WE,Federal Contract Tower,4,3,3,0,10,0,2,27,14,43,4,5,30,14,53,0,98,98,151
01/09/2021,ADQ,AK,AAL,WE,Federal Contract Tower,4,1,0,1,6,0,0,0,0,0,4,1,0,1,6,0,0,0,6
01/10/2021,ADQ,AK,AAL,WE,Federal Contract Tower,2,4,0,1,7,0,0,13,2,15,2,4,13,3,22,0,28,28,50
01/11/2021,ADQ,AK,AAL,WE,Federal Contract Tower,4,13,0,2,19,0,0,24,22,46,4,13,24,24,65,0,74,74,139
01/12/2021,ADQ,AK,AAL,WE,Federal Contract Tower,4,6,21,8,39,0,0,7,8,15,4,6,28,16,54,0,36,36,90
01/13/2021,ADQ,AK,AAL,WE,Federal Contract Tower,6,2,2,1,11,0,2,48,33,83,6,4,50,34,94,12,60,72,166
01/14/2021,ADQ,AK,AAL,WE,Federal Contract Tower,4,1,0,2,7,0,0,0,0,0,4,1,0,2,7,0,16,16,23
01/15/2021,ADQ,AK,AAL,WE,Federal Contract Tower,6,16,6,3,31,0,6,34,11,51,6,22,40,14,82,14,70,84,166
01/16/2021,ADQ,AK,AAL,WE,Federal Contract Tower,2,2,0,0,4,0,2,5,0,7,2,4,5,0,11,0,0,0,11
01/17/2021,ADQ,AK,AAL,WE,Federal Contract Tower,4,7,1,1,13,0,3,10,7,20,4,10,11,8,33,0,0,0,33
01/18/2021,ADQ,AK,AAL,WE,Federal Contract Tower,4,8,2,2,16,0,2,8,0,10,4,10,10,2,26,0,0,0,26
01/19/2021,ADQ,AK,AAL,WE,Federal Contract Tower,2,3,1,3,9,0,8,29,26,63,2,11,30,29,72,0,18,18,90
01/20/2021,ADQ,AK,AAL,WE,Federal Contract Tower,4,5,0,3,12,0,6,47,55,108,4,11,47,58,120,10,72,82,202
01/21/2021,ADQ,AK,AAL,WE,Federal Contract Tower,2,9,0,4,15,0,1,24,23,48,2,10,24,27,63,0,110,110,173
01/22/2021,ADQ,AK,AAL,WE,Federal Contract Tower,2,8,0,9,19,0,5,7,8,20,2,13,7,17,39,0,0,0,39
01/23/2021,ADQ,AK,AAL,WE,Federal Contract Tower,3,2,0,0,5,1,6,40,7,54,4,8,40,7,59,6,0,6,65
01/24/2021,ADQ,AK,AAL,WE,Federal Contract Tower,2,0,0,0,2,0,6,1,14,21,2,6,1,14,23,0,26,26,49
01/25/2021,ADQ,AK,AAL,WE,Federal Contract Tower,4,5,0,5,14,0,1,37,30,68,4,6,37,35,82,0,52,52,134
01/26/2021,ADQ,AK,AAL,WE,Federal Contract Tower,2,8,0,1,11,0,3,49,23,75,2,11,49,24,86,8,56,64,150
01/27/2021,ADQ,AK,AAL,WE,Federal Contract Tower,4,2,0,2,8,0,1,33,25,59,4,3,33,27,67,0,36,36,103
01/28/2021,ADQ,AK,AAL,WE,Federal Contract Tower,2,12,1,9,24,0,0,10,8,18,2,12,11,17,42,0,14,14,56
01/29/2021,ADQ,AK,AAL,WE,Federal Contract Tower,4,7,0,0,11,0,8,40,21,69,4,15,40,21,80,2,70,72,152
01/30/2021,ADQ,AK,AAL,WE,Federal Contract Tower,4,1,0,0,5,0,3,22,0,25,4,4,22,0,30,0,0,0,30
01/31/2021,ADQ,AK,AAL,WE,Federal Contract Tower,2,7,0,3,12,0,1,42,12,55,2,8,42,15,67,10,0,10,77
02/01/2021,ADQ,AK,AAL,WE,Federal Contract Tower,4,4,0,1,9,0,2,27,20,49,4,6,27,21,58,0,42,42,100
02/02/2021,ADQ,AK,AAL,WE,Federal Contract Tower,2,0,0,1,3,0,0,0,0,0,2,0,0,1,3,0,0,0,3
02/03/2021,ADQ,AK,AAL,WE,Federal Contract Tower,3,6,0,1,10,1,2,36,19,58,4,8,36,20,68,12,72,84,152
02/04/2021,ADQ,AK,AAL,WE,Federal Contract Tower,2,5,3,4,14,0,10,67,35,112,2,15,70,39,126,0,30,30,156
02/05/2021,ADQ,AK,AAL,WE,Federal Contract Tower,3,3,0,0,6,1,4,54,9,68,4,7,54,9,74,24,20,44,118
02/06/2021,ADQ,AK,AAL,WE,Federal Contract Tower,3,7,0,1,11,1,1,40,5,47,4,8,40,6,58,4,30,34,92
02/07/2021,ADQ,AK,AAL,WE,Federal Contract Tower,2,5,0,0,7,0,3,34,7,44,2,8,34,7,51,0,0,0,51
02/08/2021,ADQ,AK,AAL,WE,Federal Contract Tower,4,5,0,1,10,0,5,34,34,73,4,10,34,35,83,6,72,78,161
02/09/2021,ADQ,AK,AAL,WE,Federal Contract Tower,2,7,2,6,17,0,3,38,23,64,2,10,40,29,81,20,84,104,185
02/10/2021,ADQ,AK,AAL,WE,Federal Contract Tower,4,6,0,1,11,0,0,14,7,21,4,6,14,8,32,14,20,34,66
02/12/2021,ADQ,AK,AAL,WE,Federal Contract Tower,6,16,0,2,24,0,3,33,21,57,6,19,33,23,81,10,4,14,95
02/13/2021,ADQ,AK,AAL,WE,Federal Contract Tower,4,5,0,2,11,0,1,7,1,9,4,6,7,3,20,0,4,4,24
02/14/2021,ADQ,AK,AAL,WE,Federal Contract Tower,4,4,0,1,9,0,0,19,5,24,4,4,19,6,33,6,12,18,51
02/15/2021,ADQ,AK,AAL,WE,Federal Contract Tower,6,10,0,4,20,0,3,30,6,39,6,13,30,10,59,32,4,36,95
02/16/2021,ADQ,AK,AAL,WE,Federal Contract Tower,4,2,4,0,10,0,2,27,17,46,4,4,31,17,56,26,32,58,114
02/17/2021,ADQ,AK,AAL,WE,Federal Contract Tower,7,3,0,1,11,0,2,35,18,55,7,5,35,19,66,0,60,60,126
02/18/2021,ADQ,AK,AAL,WE,Federal Contract Tower,4,4,1,2,11,0,0,28,40,68,4,4,29,42,79,0,22,22,101
02/19/2021,ADQ,AK,AAL,WE,Federal Contract Tower,6,4,0,0,10,0,1,21,13,35,6,5,21,13,45,0,0,0,45
02/20/2021,ADQ,AK,AAL,WE,Federal Contract Tower,6,4,0,0,10,0,0,0,0,0,6,4,0,0,10,0,0,0,10
02/21/2021,ADQ,AK,AAL,WE,Federal Contract Tower,4,4,0,0,8,0,2,32,4,38,4,6,32,4,46,0,0,0,46
02/22/2021,ADQ,AK,AAL,WE,Federal Contract Tower,5,1,0,0,6,1,3,0,12,16,6,4,0,12,22,0,0,0,22
02/23/2021,ADQ,AK,AAL,WE,Federal Contract Tower,3,4,0,0,7,1,3,41,31,76,4,7,41,31,83,6,70,76,159
02/24/2021,ADQ,AK,AAL,WE,Federal Contract Tower,5,1,2,2,10,1,1,6,16,24,6,2,8,18,34,0,16,16,50
02/25/2021,ADQ,AK,AAL,WE,Federal Contract Tower,4,7,1,0,12,0,5,0,9,14,4,12,1,9,26,0,4,4,30
02/26/2021,ADQ,AK,AAL,WE,Federal Contract Tower,6,13,0,1,20,0,5,43,21,69,6,18,43,22,89,6,40,46,135
02/27/2021,ADQ,AK,AAL,WE,Federal Contract Tower,6,6,4,1,17,0,0,10,4,14,6,6,14,5,31,0,20,20,51
03/01/2021,ADQ,AK,AAL,WE,Federal Contract Tower,7,13,0,0,20,0,1,7,17,25,7,14,7,17,45,2,4,6,51
03/02/2021,ADQ,AK,AAL,WE,Federal Contract Tower,4,2,0,2,8,0,2,60,18,80,4,4,60,20,88,22,18,40,128
03/03/2021,ADQ,AK,AAL,WE,Federal Contract Tower,6,5,0,1,12,2,1,34,12,49,8,6,34,13,61,0,14,14,75
03/04/2021,ADQ,AK,AAL,WE,Federal Contract Tower,3,4,1,0,8,1,2,42,38,83,4,6,43,38,91,32,56,88,179
03/05/2021,ADQ,AK,AAL,WE,Federal Contract Tower,6,2,0,1,9,0,0,0,0,0,6,2,0,1,9,0,0,0,9
03/06/2021,ADQ,AK,AAL,WE,Federal Contract Tower,6,2,0,0,8,0,1,17,2,20,6,3,17,2,28,0,0,0,28
03/07/2021,ADQ,AK,AAL,WE,Federal Contract Tower,4,4,0,1,9,0,6,45,5,56,4,10,45,6,65,20,0,20,85
03/08/2021,ADQ,AK,AAL,WE,Federal Contract Tower,5,8,0,1,14,1,4,38,26,69,6,12,38,27,83,26,60,86,169
03/09/2021,ADQ,AK,AAL,WE,Federal Contract Tower,4,7,0,0,11,0,0,19,20,39,4,7,19,20,50,0,42,42,92
03/10/2021,ADQ,AK,AAL,WE,Federal Contract Tower,6,4,0,2,12,0,2,2,21,25,6,6,2,23,37,0,2,2,39
03/11/2021,ADQ,AK,AAL,WE,Federal Contract Tower,2,0,0,0,2,0,0,0,1,1,2,0,0,1,3,0,0,0,3
03/12/2021,ADQ,AK,AAL,WE,Federal Contract Tower,6,2,0,0,8,0,4,25,21,50,6,6,25,21,58,0,6,6,64
03/13/2021,ADQ,AK,AAL,WE,Federal Contract Tower,6,1,0,1,8,0,5,52,3,60,6,6,52,4,68,0,0,0,68
03/14/2021,ADQ,AK,AAL,WE,Federal Contract Tower,4,4,0,2,10,0,0,13,6,19,4,4,13,8,29,0,0,0,29
03/15/2021,ADQ,AK,AAL,WE,Federal Contract Tower,6,7,0,0,13,0,3,43,11,57,6,10,43,11,70,0,4,4,74
03/16/2021,ADQ,AK,AAL,WE,Federal Contract Tower,4,4,0,1,9,0,4,45,29,78,4,8,45,30,87,0,22,22,109
03/17/2021,ADQ,AK,AAL,WE,Federal Contract Tower,4,6,0,2,12,0,4,34,14,52,4,10,34,16,64,0,24,24,88
03/18/2021,ADQ,AK,AAL,WE,Federal Contract Tower,3,2,2,0,7,2,6,27,26,61,5,8,29,26,68,6,12,18,86
03/19/2021,ADQ,AK,AAL,WE,Federal Contract Tower,6,3,2,1,12,0,5,45,15,65,6,8,47,16,77,10,38,48,125
03/20/2021,ADQ,AK,AAL,WE,Federal Contract Tower,6,5,0,0,11,0,0,0,0,0,6,5,0,0,11,0,0,0,11
03/21/2021,ADQ,AK,AAL,WE,Federal Contract Tower,6,3,0,0,9,0,1,37,4,42,6,4,37,4,51,0,0,0,51
03/22/2021,ADQ,AK,AAL,WE,Federal Contract Tower,6,4,9,1,20,0,3,11,20,34,6,7,20,21,54,0,26,26,80
03/23/2021,ADQ,AK,AAL,WE,Federal Contract Tower,4,2,0,0,6,0,6,20,16,42,4,8,20,16,48,6,24,30,78
03/24/2021,ADQ,AK,AAL,WE,Federal Contract Tower,5,7,1,1,14,1,4,29,23,57,6,11,30,24,71,8,2,10,81
03/25/2021,ADQ,AK,AAL,WE,Federal Contract Tower,4,3,0,1,8,0,7,42,5,54,4,10,42,6,62,0,2,2,64
03/26/2021,ADQ,AK,AAL,WE,Federal Contract Tower,4,2,0,1,7,2,7,29,14,52,6,9,29,15,59,8,10,18,77
03/27/2021,ADQ,AK,AAL,WE,Federal Contract Tower,6,0,0,1,7,0,0,12,7,19,6,0,12,8,26,0,12,12,38
03/28/2021,ADQ,AK,AAL,WE,Federal Contract Tower,6,2,0,1,9,0,2,25,6,33,6,4,25,7,42,4,18,22,64
03/29/2021,ADQ,AK,AAL,WE,Federal Contract Tower,6,4,0,2,12,0,4,46,19,69,6,8,46,21,81,12,6,18,99
03/30/2021,ADQ,AK,AAL,WE,Federal Contract Tower,4,4,0,2,10,0,0,36,22,58,4,4,36,24,68,12,20,32,100
03/31/2021,ADQ,AK,AAL,WE,Federal Contract Tower,6,2,0,2,10,0,2,20,13,35,6,4,20,15,45,0,30,30,75
04/01/2021,ADQ,AK,AAL,WE,Federal Contract Tower,2,2,0,2,6,0,3,3,8,14,2,5,3,10,20,0,6,6,26
04/02/2021,ADQ,AK,AAL,WE,Federal Contract Tower,6,2,0,0,8,0,4,54,14,72,6,6,54,14,80,16,2,18,98
04/03/2021,ADQ,AK,AAL,WE,Federal Contract Tower,4,0,0,0,4,0,0,34,13,47,4,0,34,13,51,0,16,16,67
04/04/2021,ADQ,AK,AAL,WE,Federal Contract Tower,4,8,0,0,12,0,6,21,1,28,4,14,21,1,40,0,0,0,40
04/05/2021,ADQ,AK,AAL,WE,Federal Contract Tower,6,5,0,1,12,0,3,35,25,63,6,8,35,26,75,2,34,36,111
04/06/2021,ADQ,AK,AAL,WE,Federal Contract Tower,4,5,0,0,9,0,5,49,21,75,4,10,49,21,84,0,30,30,114
04/07/2021,ADQ,AK,AAL,WE,Federal Contract Tower,6,6,3,2,17,8,2,35,22,67,14,8,38,24,84,0,38,38,122
04/08/2021,ADQ,AK,AAL,WE,Federal Contract Tower,2,3,0,0,5,0,3,8,2,13,2,6,8,2,18,0,0,0,18
04/09/2021,ADQ,AK,AAL,WE,Federal Contract Tower,5,5,0,1,11,1,11,25,17,54,6,16,25,18,65,0,26,26,91
04/10/2021,ADQ,AK,AAL,WE,Federal Contract Tower,6,0,0,2,8,0,0,47,4,51,6,0,47,6,59,4,16,20,79
04/11/2021,ADQ,AK,AAL,WE,Federal Contract Tower,6,6,0,0,12,0,0,4,2,6,6,6,4,2,18,0,34,34,52
04/12/2021,ADQ,AK,AAL,WE,Federal Contract Tower,6,2,0,1,9,0,3,45,20,68,6,5,45,21,77,38,34,72,149
04/13/2021,ADQ,AK,AAL,WE,Federal Contract Tower,4,1,0,1,6,0,3,36,23,62,4,4,36,24,68,46,0,46,114
04/14/2021,ADQ,AK,AAL,WE,Federal Contract Tower,6,5,0,4,15,0,1,39,24,64,6,6,39,28,79,4,12,16,95
04/15/2021,ADQ,AK,AAL,WE,Federal Contract Tower,4,4,5,11,24,0,0,22,10,32,4,4,27,21,56,20,36,56,112
04/16/2021,ADQ,AK,AAL,WE,Federal Contract Tower,6,5,1,0,12,0,4,63,9,76,6,9,64,9,88,42,2,44,132
04/17/2021,ADQ,AK,AAL,WE,Federal Contract Tower,6,0,0,1,7,0,0,55,4,59,6,0,55,5,66,12,4,16,82
04/18/2021,ADQ,AK,AAL,WE,Federal Contract Tower,6,5,5,2,18,0,1,22,3,26,6,6,27,5,44,2,18,20,64
04/19/2021,ADQ,AK,AAL,WE,Federal Contract Tower,6,7,7,5,25,0,0,0,0,0,6,7,7,5,25,0,50,50,75
04/20/2021,ADQ,AK,AAL,WE,Federal Contract Tower,4,4,28,6,42,0,0,22,12,34,4,4,50,18,76,0,0,0,76
04/21/2021,ADQ,AK,AAL,WE,Federal Contract Tower,6,1,0,2,9,0,0,0,0,0,6,1,0,2,9,0,0,0,9
04/22/2021,ADQ,AK,AAL,WE,Federal Contract Tower,4,6,6,2,18,0,0,0,0,0,4,6,6,2,18,0,0,0,18
04/23/2021,ADQ,AK,AAL,WE,Federal Contract Tower,6,4,10,4,24,0,0,30,0,30,6,4,40,4,54,8,0,8,62
04/24/2021,ADQ,AK,AAL,WE,Federal Contract Tower,4,0,6,1,11,0,0,34,0,34,4,0,40,1,45,8,0,8,53
04/25/2021,ADQ,AK,AAL,WE,Federal Contract Tower,6,8,12,3,29,0,2,36,1,39,6,10,48,4,68,8,0,8,76
04/26/2021,ADQ,AK,AAL,WE,Federal Contract Tower,6,4,13,5,28,0,2,20,13,35,6,6,33,18,63,0,18,18,81
04/27/2021,ADQ,AK,AAL,WE,Federal Contract Tower,4,4,10,1,19,0,0,14,1,15,4,4,24,2,34,0,0,0,34
04/28/2021,ADQ,AK,AAL,WE,Federal Contract Tower,6,3,1,2,12,0,0,0,0,0,6,3,1,2,12,0,2,2,14
04/29/2021,ADQ,AK,AAL,WE,Federal Contract Tower,4,9,5,9,27,0,2,59,52,113,4,11,64,61,140,24,102,126,266
04/30/2021,ADQ,AK,AAL,WE,Federal Contract Tower,6,3,1,3,13,0,3,68,32,103,6,6,69,35,116,4,58,62,178
05/01/2021,ADQ,AK,AAL,WE,Federal Contract Tower,6,4,2,2,14,0,2,53,6,61,6,6,55,8,75,14,0,14,89
05/02/2021,ADQ,AK,AAL,WE,Federal Contract Tower,6,6,0,1,13,0,0,17,2,19,6,6,17,3,32,0,0,0,32
05/03/2021,ADQ,AK,AAL,WE,Federal Contract Tower,6,6,0,4,16,0,0,13,4,17,6,6,13,8,33,0,18,18,51
05/04/2021,ADQ,AK,AAL,WE,Federal Contract Tower,4,3,2,11,20,0,2,69,19,90,4,5,71,30,110,24,30,54,164
05/05/2021,ADQ,AK,AAL,WE,Federal Contract Tower,5,4,3,6,18,1,2,76,28,107,6,6,79,34,125,0,10,10,135
05/06/2021,ADQ,AK,AAL,WE,Federal Contract Tower,3,2,1,2,8,1,2,60,56,119,4,4,61,58,127,4,46,50,177
05/07/2021,ADQ,AK,AAL,WE,Federal Contract Tower,6,4,6,4,20,0,1,28,11,40,6,5,34,15,60,30,24,54,114
05/08/2021,ADQ,AK,AAL,WE,Federal Contract Tower,6,4,8,1,19,0,0,14,8,22,6,4,22,9,41,0,0,0,41
05/09/2021,ADQ,AK,AAL,WE,Federal Contract Tower,3,5,3,9,20,1,0,16,6,23,4,5,19,15,43,0,0,0,43
05/10/2021,ADQ,AK,AAL,WE,Federal Contract Tower,6,4,18,23,51,0,0,17,4,21,6,4,35,27,72,0,0,0,72
05/11/2021,ADQ,AK,AAL,WE,Federal Contract Tower,4,3,2,9,18,0,5,54,39,98,4,8,56,48,116,6,66,72,188
05/12/2021,ADQ,AK,AAL,WE,Federal Contract Tower,6,9,3,2,20,0,0,51,40,91,6,9,54,42,111,0,46,46,157
05/13/2021,ADQ,AK,AAL,WE,Federal Contract Tower,4,3,0,7,14,0,1,53,46,100,4,4,53,53,114,0,32,32,146
05/14/2021,ADQ,AK,AAL,WE,Federal Contract Tower,6,4,14,9,33,0,0,6,3,9,6,4,20,12,42,0,2,2,44
05/15/2021,ADQ,AK,AAL,WE,Federal Contract Tower,5,2,0,2,9,0,0,54,7,61,5,2,54,9,70,2,18,20,90
05/16/2021,ADQ,AK,AAL,WE,Federal Contract Tower,6,5,1,6,18,1,1,36,8,46,7,6,37,14,64,12,14,26,90
05/17/2021,ADQ,AK,AAL,WE,Federal Contract Tower,6,4,1,6,17,2,2,62,27,93,8,6,63,33,110,0,8,8,118
05/18/2021,ADQ,AK,AAL,WE,Federal Contract Tower,4,9,0,2,15,0,3,89,34,126,4,12,89,36,141,14,80,94,235
05/19/2021,ADQ,AK,AAL,WE,Federal Contract Tower,6,6,3,4,19,0,0,26,7,33,6,6,29,11,52,0,28,28,80
05/20/2021,ADQ,AK,AAL,WE,Federal Contract Tower,5,7,0,1,13,0,0,0,0,0,5,7,0,1,13,0,0,0,13
05/21/2021,ADQ,AK,AAL,WE,Federal Contract Tower,4,4,0,2,10,1,0,61,12,74,5,4,61,14,84,0,60,60,144
05/22/2021,ADQ,AK,AAL,WE,Federal Contract Tower,7,0,0,0,7,0,2,71,4,77,7,2,71,4,84,6,0,6,90
05/23/2021,ADQ,AK,AAL,WE,Federal Contract Tower,5,2,0,0,7,1,4,46,11,62,6,6,46,11,69,0,10,10,79
05/24/2021,ADQ,AK,AAL,WE,Federal Contract Tower,5,3,0,0,8,1,4,77,25,107,6,7,77,25,115,18,56,74,189
05/25/2021,ADQ,AK,AAL,WE,Federal Contract Tower,5,3,2,0,10,0,3,65,25,93,5,6,67,25,103,26,80,106,209
05/26/2021,ADQ,AK,AAL,WE,Federal Contract Tower,5,5,2,0,12,0,1,77,20,98,5,6,79,20,110,0,28,28,138
05/27/2021,ADQ,AK,AAL,WE,Federal Contract Tower,5,4,0,1,10,0,2,43,21,66,5,6,43,22,76,0,40,40,116
05/28/2021,ADQ,AK,AAL,WE,Federal Contract Tower,5,5,15,1,26,0,0,35,3,38,5,5,50,4,64,0,10,10,74
05/29/2021,ADQ,AK,AAL,WE,Federal Contract Tower,6,4,2,4,16,0,0,0,0,0,6,4,2,4,16,0,0,0,16
05/30/2021,ADQ,AK,AAL,WE,Federal Contract Tower,5,6,4,1,16,0,1,51,3,55,5,7,55,4,71,4,0,4,75
05/31/2021,ADQ,AK,AAL,WE,Federal Contract Tower,6,3,6,0,15,0,0,2,0,2,6,3,8,0,17,0,0,0,17
06/01/2021,ADQ,AK,AAL,WE,Federal Contract Tower,6,8,4,7,25,0,1,52,11,64,6,9,56,18,89,0,28,28,117
06/02/2021,ADQ,AK,AAL,WE,Federal Contract Tower,5,3,11,2,21,1,4,70,24,99,6,7,81,26,120,8,26,34,154
06/03/2021,ADQ,AK,AAL,WE,Federal Contract Tower,5,5,0,2,12,0,3,57,22,82,5,8,57,24,94,0,40,40,134
06/04/2021,ADQ,AK,AAL,WE,Federal Contract Tower,4,1,0,4,9,1,3,77,17,98,5,4,77,21,107,26,26,52,159
06/05/2021,ADQ,AK,AAL,WE,Federal Contract Tower,6,1,0,0,7,1,0,45,7,53,7,1,45,7,60,0,18,18,78
06/06/2021,ADQ,AK,AAL,WE,Federal Contract Tower,4,2,0,0,6,1,4,34,7,46,5,6,34,7,52,0,0,0,52
06/07/2021,ADQ,AK,AAL,WE,Federal Contract Tower,5,2,0,2,9,0,2,73,24,99,5,4,73,26,108,0,68,68,176
06/08/2021,ADQ,AK,AAL,WE,Federal Contract Tower,5,3,0,1,9,0,2,61,24,87,5,5,61,25,96,0,86,86,182
06/09/2021,ADQ,AK,AAL,WE,Federal Contract Tower,5,4,8,2,19,0,0,0,0,0,5,4,8,2,19,0,0,0,19
06/10/2021,ADQ,AK,AAL,WE,Federal Contract Tower,5,9,28,9,51,0,0,28,5,33,5,9,56,14,84,0,0,0,84
06/11/2021,ADQ,AK,AAL,WE,Federal Contract Tower,4,2,1,2,9,1,2,74,17,94,5,4,75,19,103,0,0,0,103
06/12/2021,ADQ,AK,AAL,WE,Federal Contract Tower,8,1,0,0,9,0,0,58,4,62,8,1,58,4,71,4,12,16,87
06/13/2021,ADQ,AK,AAL,WE,Federal Contract Tower,6,3,0,0,9,1,1,48,7,57,7,4,48,7,66,26,14,40,106
06/14/2021,ADQ,AK,AAL,WE,Federal Contract Tower,10,3,0,0,13,0,4,63,28,95,10,7,63,28,108,4,34,38,146
06/15/2021,ADQ,AK,AAL,WE,Federal Contract Tower,6,4,2,0,12,0,6,78,19,103,6,10,80,19,115,8,30,38,153
06/16/2021,ADQ,AK,AAL,WE,Federal Contract Tower,7,13,6,3,29,0,0,67,14,81,7,13,73,17,110,26,10,36,146
06/17/2021,ADQ,AK,AAL,WE,Federal Contract Tower,6,9,27,6,48,0,0,5,1,6,6,9,32,7,54,0,16,16,70
06/18/2021,ADQ,AK,AAL,WE,Federal Contract Tower,5,6,31,0,42,0,0,3,0,3,5,6,34,0,45,0,0,0,45
06/19/2021,ADQ,AK,AAL,WE,Federal Contract Tower,5,0,3,0,8,0,0,0,0,0,5,0,3,0,8,0,0,0,8
06/20/2021,ADQ,AK,AAL,WE,Federal Contract Tower,8,5,3,0,16,0,0,11,0,11,8,5,14,0,27,0,0,0,27
06/21/2021,ADQ,AK,AAL,WE,Federal Contract Tower,10,5,27,4,46,0,0,17,1,18,10,5,44,5,64,0,0,0,64
06/22/2021,ADQ,AK,AAL,WE,Federal Contract Tower,5,4,9,0,18,0,0,0,0,0,5,4,9,0,18,0,0,0,18
06/23/2021,ADQ,AK,AAL,WE,Federal Contract Tower,4,0,0,1,5,0,0,0,0,0,4,0,0,1,5,0,0,0,5
06/24/2021,ADQ,AK,AAL,WE,Federal Contract Tower,6,10,1,1,18,0,4,89,17,110,6,14,90,18,128,4,36,40,168
06/25/2021,ADQ,AK,AAL,WE,Federal Contract Tower,6,6,0,0,12,0,2,66,9,77,6,8,66,9,89,0,40,40,129
06/26/2021,ADQ,AK,AAL,WE,Federal Contract Tower,7,2,3,0,12,0,0,58,0,58,7,2,61,0,70,0,0,0,70
06/27/2021,ADQ,AK,AAL,WE,Federal Contract Tower,3,2,8,0,13,0,0,24,0,24,3,2,32,0,37,0,0,0,37
06/28/2021,ADQ,AK,AAL,WE,Federal Contract Tower,5,12,0,1,18,0,5,100,25,130,5,17,100,26,148,8,38,46,194
06/29/2021,ADQ,AK,AAL,WE,Federal Contract Tower,6,0,4,1,11,0,6,71,28,105,6,6,75,29,116,0,16,16,132
06/30/2021,ADQ,AK,AAL,WE,Federal Contract Tower,4,2,1,1,8,1,2,81,17,101,5,4,82,18,109,0,0,0,109
07/01/2021,ADQ,AK,AAL,WE,Federal Contract Tower,5,5,5,1,16,0,0,0,0,0,5,5,5,1,16,0,0,0,16
07/02/2021,ADQ,AK,AAL,WE,Federal Contract Tower,5,6,3,2,16,0,1,98,6,105,5,7,101,8,121,0,0,0,121
07/03/2021,ADQ,AK,AAL,WE,Federal Contract Tower,5,0,1,0,6,1,0,67,4,72,6,0,68,4,78,20,0,20,98
07/04/2021,ADQ,AK,AAL,WE,Federal Contract Tower,5,8,1,1,15,0,0,6,0,6,5,8,7,1,21,4,0,4,25
07/05/2021,ADQ,AK,AAL,WE,Federal Contract Tower,9,1,0,2,12,1,3,68,3,75,10,4,68,5,87,12,0,12,99
07/06/2021,ADQ,AK,AAL,WE,Federal Contract Tower,5,3,0,4,12,0,4,66,37,107,5,7,66,41,119,0,82,82,201
07/07/2021,ADQ,AK,AAL,WE,Federal Contract Tower,5,7,1,1,14,4,2,65,30,101,9,9,66,31,115,6,28,34,149
07/08/2021,ADQ,AK,AAL,WE,Federal Contract Tower,9,3,2,1,15,0,3,48,33,84,9,6,50,34,99,0,36,36,135
07/09/2021,ADQ,AK,AAL,WE,Federal Contract Tower,5,4,0,0,9,0,3,35,9,47,5,7,35,9,56,0,16,16,72
07/10/2021,ADQ,AK,AAL,WE,Federal Contract Tower,7,0,0,2,9,0,0,19,3,22,7,0,19,5,31,0,6,6,37
07/11/2021,ADQ,AK,AAL,WE,Federal Contract Tower,5,4,8,0,17,0,0,14,0,14,5,4,22,0,31,0,0,0,31
07/12/2021,ADQ,AK,AAL,WE,Federal Contract Tower,6,6,0,2,14,0,1,47,9,57,6,7,47,11,71,2,24,26,97
07/13/2021,ADQ,AK,AAL,WE,Federal Contract Tower,6,4,4,0,14,0,0,64,25,89,6,4,68,25,103,22,102,124,227
07/14/2021,ADQ,AK,AAL,WE,Federal Contract Tower,4,6,1,1,12,1,3,70,7,81,5,9,71,8,93,14,14,28,121
07/15/2021,ADQ,AK,AAL,WE,Federal Contract Tower,4,5,0,0,9,0,4,69,7,80,4,9,69,7,89,18,0,18,107
07/16/2021,ADQ,AK,AAL,WE,Federal Contract Tower,5,2,0,0,7,0,5,63,6,74,5,7,63,6,81,4,2,6,87
07/17/2021,ADQ,AK,AAL,WE,Federal Contract Tower,6,3,0,1,10,1,0,62,7,70,7,3,62,8,80,0,0,0,80
07/18/2021,ADQ,AK,AAL,WE,Federal Contract Tower,6,4,3,0,13,0,1,42,4,47,6,5,45,4,60,12,0,12,72
07/19/2021,ADQ,AK,AAL,WE,Federal Contract Tower,5,6,2,2,15,1,4,67,36,108,6,10,69,38,123,0,44,44,167
07/20/2021,ADQ,AK,AAL,WE,Federal Contract Tower,5,6,0,3,14,0,2,44,11,57,5,8,44,14,71,0,0,0,71
07/21/2021,ADQ,AK,AAL,WE,Federal Contract Tower,5,7,2,0,14,0,0,47,13,60,5,7,49,13,74,0,28,28,102
07/22/2021,ADQ,AK,AAL,WE,Federal Contract Tower,6,7,1,7,21,0,0,8,16,24,6,7,9,23,45,0,26,26,71
07/23/2021,ADQ,AK,AAL,WE,Federal Contract Tower,8,7,6,3,24,0,0,41,1,42,8,7,47,4,66,0,0,0,66
07/24/2021,ADQ,AK,AAL,WE,Federal Contract Tower,8,0,1,2,11,0,0,56,9,65,8,0,57,11,76,30,24,54,130
07/25/2021,ADQ,AK,AAL,WE,Federal Contract Tower,3,4,12,0,19,0,0,25,3,28,3,4,37,3,47,0,0,0,47
07/26/2021,ADQ,AK,AAL,WE,Federal Contract Tower,5,3,0,0,8,0,3,64,15,82,5,6,64,15,90,6,28,34,124
07/27/2021,ADQ,AK,AAL,WE,Federal Contract Tower,5,3,2,1,11,1,4,97,27,129,6,7,99,28,140,4,98,102,242
07/28/2021,ADQ,AK,AAL,WE,Federal Contract Tower,5,4,2,2,13,0,4,77,10,91,5,8,79,12,104,0,0,0,104
07/29/2021,ADQ,AK,AAL,WE,Federal Contract Tower,5,9,1,0,15,0,2,67,12,81,5,11,68,12,96,30,36,66,162
07/30/2021,ADQ,AK,AAL,WE,Federal Contract Tower,5,3,0,1,9,0,2,53,13,68,5,5,53,14,77,0,4,4,81
07/31/2021,ADQ,AK,AAL,WE,Federal Contract Tower,6,4,10,1,21,0,0,30,0,30,6,4,40,1,51,8,0,8,59
08/01/2021,ADQ,AK,AAL,WE,Federal Contract Tower,2,7,5,0,14,0,0,22,0,22,2,7,27,0,36,10,0,10,46
08/02/2021,ADQ,AK,AAL,WE,Federal Contract Tower,6,11,4,2,23,0,1,46,10,57,6,12,50,12,80,0,4,4,84
08/03/2021,ADQ,AK,AAL,WE,Federal Contract Tower,6,3,0,0,9,0,1,79,17,97,6,4,79,17,106,0,16,16,122
08/04/2021,ADQ,AK,AAL,WE,Federal Contract Tower,6,6,3,0,15,0,2,66,30,98,6,8,69,30,113,0,38,38,151
08/05/2021,ADQ,AK,AAL,WE,Federal Contract Tower,5,6,4,4,19,0,3,55,10,68,5,9,59,14,87,0,12,12,99
08/06/2021,ADQ,AK,AAL,WE,Federal Contract Tower,5,5,2,1,13,1,2,62,8,73,6,7,64,9,86,14,4,18,104
08/07/2021,ADQ,AK,AAL,WE,Federal Contract Tower,8,3,6,1,18,0,2,40,7,49,8,5,46,8,67,6,8,14,81
08/08/2021,ADQ,AK,AAL,WE,Federal Contract Tower,5,9,1,1,16,1,1,36,7,45,6,10,37,8,61,0,0,0,61
08/09/2021,ADQ,AK,AAL,WE,Federal Contract Tower,5,6,0,3,14,1,2,24,14,41,6,8,24,17,55,0,30,30,85
08/10/2021,ADQ,AK,AAL,WE,Federal Contract Tower,4,4,0,1,9,1,3,72,16,92,5,7,72,17,101,0,18,18,119
08/11/2021,ADQ,AK,AAL,WE,Federal Contract Tower,6,3,4,2,15,0,1,20,2,23,6,4,24,4,38,0,0,0,38
08/12/2021,ADQ,AK,AAL,WE,Federal Contract Tower,5,1,3,1,10,0,3,66,19,88,5,4,69,20,98,4,8,12,110
08/13/2021,ADQ,AK,AAL,WE,Federal Contract Tower,5,4,1,1,11,0,2,51,3,56,5,6,52,4,67,0,0,0,67
08/14/2021,ADQ,AK,AAL,WE,Federal Contract Tower,7,2,1,0,10,0,0,68,3,71,7,2,69,3,81,10,0,10,91
08/15/2021,ADQ,AK,AAL,WE,Federal Contract Tower,5,0,2,0,7,1,4,41,3,49,6,4,43,3,56,0,0,0,56
08/16/2021,ADQ,AK,AAL,WE,Federal Contract Tower,7,6,1,1,15,0,6,59,4,69,7,12,60,5,84,0,0,0,84
08/17/2021,ADQ,AK,AAL,WE,Federal Contract Tower,6,5,3,4,18,0,0,40,11,51,6,5,43,15,69,4,6,10,79
08/18/2021,ADQ,AK,AAL,WE,Federal Contract Tower,5,3,0,0,8,0,4,89,24,117,5,7,89,24,125,0,4,4,129
08/19/2021,ADQ,AK,AAL,WE,Federal Contract Tower,3,6,0,1,10,1,3,81,15,100,4,9,81,16,110,0,22,22,132
08/20/2021,ADQ,AK,AAL,WE,Federal Contract Tower,5,7,1,1,14,1,2,70,11,84,6,9,71,12,98,0,10,10,108
08/21/2021,ADQ,AK,AAL,WE,Federal Contract Tower,5,3,3,1,12,0,0,66,12,78,5,3,69,13,90,0,0,0,90
08/22/2021,ADQ,AK,AAL,WE,Federal Contract Tower,5,0,2,0,7,0,2,5,3,10,5,2,7,3,17,0,6,6,23
08/23/2021,ADQ,AK,AAL,WE,Federal Contract Tower,6,7,0,0,13,0,2,49,18,69,6,9,49,18,82,0,0,0,82
08/24/2021,ADQ,AK,AAL,WE,Federal Contract Tower,5,4,1,1,11,1,2,74,15,92,6,6,75,16,103,0,32,32,135
08/25/2021,ADQ,AK,AAL,WE,Federal Contract Tower,6,5,2,2,15,0,2,60,21,83,6,7,62,23,98,0,32,32,130
08/26/2021,ADQ,AK,AAL,WE,Federal Contract Tower,4,4,1,2,11,0,4,42,6,52,4,8,43,8,63,0,0,0,63
08/27/2021,ADQ,AK,AAL,WE,Federal Contract Tower,5,3,5,0,13,1,4,43,9,57,6,7,48,9,70,0,28,28,98
08/28/2021,ADQ,AK,AAL,WE,Federal Contract Tower,6,4,0,0,10,0,3,54,6,63,6,7,54,6,73,0,0,0,73
08/29/2021,ADQ,AK,AAL,WE,Federal Contract Tower,5,2,0,0,7,0,6,53,9,68,5,8,53,9,75,0,0,0,75
08/30/2021,ADQ,AK,AAL,WE,Federal Contract Tower,6,3,1,0,10,0,2,76,7,85,6,5,77,7,95,0,0,0,95
08/31/2021,ADQ,AK,AAL,WE,Federal Contract Tower,6,6,6,1,19,0,0,31,4,35,6,6,37,5,54,0,24,24,78
09/01/2021,ADQ,AK,AAL,WE,Federal Contract Tower,3,3,1,0,7,0,0,0,0,0,3,3,1,0,7,0,0,0,7
09/02/2021,ADQ,AK,AAL,WE,Federal Contract Tower,2,7,2,0,11,1,2,46,20,69,3,9,48,20,80,0,28,28,108
09/03/2021,ADQ,AK,AAL,WE,Federal Contract Tower,6,8,17,0,31,0,0,0,0,0,6,8,17,0,31,0,0,0,31
09/04/2021,ADQ,AK,AAL,WE,Federal Contract Tower,2,5,15,1,23,0,0,37,1,38,2,5,52,2,61,0,0,0,61
09/05/2021,ADQ,AK,AAL,WE,Federal Contract Tower,6,9,0,0,15,0,4,47,5,56,6,13,47,5,71,0,12,12,83
09/06/2021,ADQ,AK,AAL,WE,Federal Contract Tower,7,1,1,0,9,1,3,60,6,70,8,4,61,6,79,6,0,6,85
09/07/2021,ADQ,AK,AAL,WE,Federal Contract Tower,6,1,0,0,7,0,3,64,25,92,6,4,64,25,99,0,26,26,125
09/08/2021,ADQ,AK,AAL,WE,Federal Contract Tower,5,3,3,4,15,1,4,56,2,63,6,7,59,6,78,0,0,0,78
09/09/2021,ADQ,AK,AAL,WE,Federal Contract Tower,1,7,0,0,8,0,0,0,1,1,1,7,0,1,9,0,0,0,9
09/10/2021,ADQ,AK,AAL,WE,Federal Contract Tower,5,5,1,3,14,1,5,75,25,106,6,10,76,28,120,4,78,82,202
09/11/2021,ADQ,AK,AAL,WE,Federal Contract Tower,8,1,0,2,11,0,0,65,8,73,8,1,65,10,84,4,16,20,104
09/12/2021,ADQ,AK,AAL,WE,Federal Contract Tower,6,7,0,0,13,0,0,6,2,8,6,7,6,2,21,0,0,0,21
09/13/2021,ADQ,AK,AAL,WE,Federal Contract Tower,6,4,1,1,12,0,1,46,18,65,6,5,47,19,77,0,44,44,121
09/14/2021,ADQ,AK,AAL,WE,Federal Contract Tower,5,3,1,0,9,0,2,41,5,48,5,5,42,5,57,0,8,8,65
09/15/2021,ADQ,AK,AAL,WE,Federal Contract Tower,3,8,6,3,20,1,1,28,12,42,4,9,34,15,62,0,60,60,122
09/16/2021,ADQ,AK,AAL,WE,Federal Contract Tower,6,7,0,0,13,0,0,0,2,2,6,7,0,2,15,0,0,0,15
09/17/2021,ADQ,AK,AAL,WE,Federal Contract Tower,5,4,0,1,10,1,5,65,16,87,6,9,65,17,97,0,58,58,155
09/18/2021,ADQ,AK,AAL,WE,Federal Contract Tower,10,3,0,0,13,0,2,51,6,59,10,5,51,6,72,0,4,4,76
09/19/2021,ADQ,AK,AAL,WE,Federal Contract Tower,6,2,1,0,9,0,4,40,6,50,6,6,41,6,59,0,20,20,79
09/20/2021,ADQ,AK,AAL,WE,Federal Contract Tower,5,4,0,1,10,0,2,29,12,43,5,6,29,13,53,0,36,36,89
09/21/2021,ADQ,AK,AAL,WE,Federal Contract Tower,4,0,0,0,4,0,3,0,1,4,4,3,0,1,8,0,0,0,8
09/22/2021,ADQ,AK,AAL,WE,Federal Contract Tower,5,4,0,2,11,0,4,62,12,78,5,8,62,14,89,0,18,18,107
09/23/2021,ADQ,AK,AAL,WE,Federal Contract Tower,5,5,0,3,13,0,0,0,4,4,5,5,0,7,17,0,42,42,59
09/24/2021,ADQ,AK,AAL,WE,Federal Contract Tower,0,1,0,0,1,0,4,25,0,29,0,5,25,0,30,0,0,0,30
09/25/2021,ADQ,AK,AAL,WE,Federal Contract Tower,7,2,2,0,11,0,17,68,5,90,7,19,70,5,101,0,2,2,103
09/26/2021,ADQ,AK,AAL,WE,Federal Contract Tower,6,2,1,1,10,0,7,47,3,57,6,9,48,4,67,0,0,0,67
09/27/2021,ADQ,AK,AAL,WE,Federal Contract Tower,6,1,1,1,9,1,3,60,23,87,7,4,61,24,96,0,4,4,100
09/28/2021,ADQ,AK,AAL,WE,Federal Contract Tower,6,3,3,2,14,0,6,50,23,79,6,9,53,25,93,0,50,50,143
09/29/2021,ADQ,AK,AAL,WE,Federal Contract Tower,5,1,1,1,8,0,3,52,18,73,5,4,53,19,81,0,0,0,81
09/30/2021,ADQ,AK,AAL,WE,Federal Contract Tower,6,7,0,2,15,0,0,23,14,37,6,7,23,16,52,0,34,34,86
10/01/2021,ADQ,AK,AAL,WE,Federal Contract Tower,5,8,0,3,16,1,6,33,4,44,6,14,33,7,60,0,18,18,78
10/02/2021,ADQ,AK,AAL,WE,Federal Contract Tower,2,0,0,0,2,0,0,0,0,0,2,0,0,0,2,0,0,0,2
10/03/2021,ADQ,AK,AAL,WE,Federal Contract Tower,3,7,0,2,12,1,1,24,5,31,4,8,24,7,43,0,0,0,43
10/04/2021,ADQ,AK,AAL,WE,Federal Contract Tower,8,7,0,0,15,0,5,60,19,84,8,12,60,19,99,0,14,14,113
10/05/2021,ADQ,AK,AAL,WE,Federal Contract Tower,5,2,2,2,11,0,2,43,13,58,5,4,45,15,69,0,10,10,79
10/06/2021,ADQ,AK,AAL,WE,Federal Contract Tower,4,5,0,2,11,0,1,29,16,46,4,6,29,18,57,0,30,30,87
10/07/2021,ADQ,AK,AAL,WE,Federal Contract Tower,4,5,0,1,10,0,4,57,9,70,4,9,57,10,80,4,12,16,96
10/08/2021,ADQ,AK,AAL,WE,Federal Contract Tower,7,4,0,0,11,1,2,41,16,60,8,6,41,16,71,0,0,0,71
10/09/2021,ADQ,AK,AAL,WE,Federal Contract Tower,5,3,0,1,9,0,1,0,0,1,5,4,0,1,10,0,0,0,10
10/10/2021,ADQ,AK,AAL,WE,Federal Contract Tower,4,2,0,0,6,1,5,41,10,57,5,7,41,10,63,0,22,22,85
10/11/2021,ADQ,AK,AAL,WE,Federal Contract Tower,6,4,0,3,13,0,0,22,3,25,6,4,22,6,38,0,0,0,38
10/12/2021,ADQ,AK,AAL,WE,Federal Contract Tower,6,2,0,2,10,1,3,40,16,60,7,5,40,18,70,0,50,50,120
10/13/2021,ADQ,AK,AAL,WE,Federal Contract Tower,4,2,0,1,7,1,2,33,26,62,5,4,33,27,69,0,4,4,73
10/14/2021,ADQ,AK,AAL,WE,Federal Contract Tower,4,1,1,2,8,0,3,45,18,66,4,4,46,20,74,0,26,26,100
10/15/2021,ADQ,AK,AAL,WE,Federal Contract Tower,5,4,0,1,10,1,3,60,10,74,6,7,60,11,84,0,8,8,92
10/16/2021,ADQ,AK,AAL,WE,Federal Contract Tower,6,0,1,0,7,0,0,59,5,64,6,0,60,5,71,0,6,6,77
10/17/2021,ADQ,AK,AAL,WE,Federal Contract Tower,4,0,2,0,6,0,0,0,0,0,4,0,2,0,6,0,0,0,6
10/18/2021,ADQ,AK,AAL,WE,Federal Contract Tower,6,11,0,1,18,0,1,0,4,5,6,12,0,5,23,0,8,8,31
10/19/2021,ADQ,AK,AAL,WE,Federal Contract Tower,7,5,0,2,14,0,3,58,3,64,7,8,58,5,78,0,0,0,78
10/20/2021,ADQ,AK,AAL,WE,Federal Contract Tower,5,4,0,6,15,0,1,41,10,52,5,5,41,16,67,6,10,16,83
10/21/2021,ADQ,AK,AAL,WE,Federal Contract Tower,4,5,0,4,13,0,0,58,7,65,4,5,58,11,78,2,10,12,90
10/22/2021,ADQ,AK,AAL,WE,Federal Contract Tower,6,7,2,2,17,0,2,32,12,46,6,9,34,14,63,0,68,68,131
10/23/2021,ADQ,AK,AAL,WE,Federal Contract Tower,6,0,0,1,7,0,0,27,2,29,6,0,27,3,36,0,0,0,36
10/24/2021,ADQ,AK,AAL,WE,Federal Contract Tower,4,6,0,0,10,0,2,29,3,34,4,8,29,3,44,0,0,0,44
10/25/2021,ADQ,AK,AAL,WE,Federal Contract Tower,4,13,0,1,18,0,2,54,18,74,4,15,54,19,92,2,40,42,134
10/26/2021,ADQ,AK,AAL,WE,Federal Contract Tower,6,4,0,1,11,1,2,27,20,50,7,6,27,21,61,0,8,8,69
10/27/2021,ADQ,AK,AAL,WE,Federal Contract Tower,5,1,0,2,8,0,3,51,29,83,5,4,51,31,91,0,40,40,131
10/28/2021,ADQ,AK,AAL,WE,Federal Contract Tower,4,5,0,0,9,0,3,65,25,93,4,8,65,25,102,2,26,28,130
10/29/2021,ADQ,AK,AAL,WE,Federal Contract Tower,5,7,2,2,16,0,0,8,1,9,5,7,10,3,25,0,0,0,25
10/30/2021,ADQ,AK,AAL,WE,Federal Contract Tower,2,1,0,0,3,0,0,0,0,0,2,1,0,0,3,0,0,0,3
10/31/2021,ADQ,AK,AAL,WE,Federal Contract Tower,3,6,4,3,16,0,0,12,2,14,3,6,16,5,30,0,0,0,30
11/01/2021,ADQ,AK,AAL,WE,Federal Contract Tower,6,7,0,2,15,0,0,63,11,74,6,7,63,13,89,0,20,20,109
11/02/2021,ADQ,AK,AAL,WE,Federal Contract Tower,8,3,2,1,14,0,3,64,18,85,8,6,66,19,99,0,6,6,105
11/03/2021,ADQ,AK,AAL,WE,Federal Contract Tower,4,5,2,2,13,0,1,36,17,54,4,6,38,19,67,2,10,12,79
11/04/2021,ADQ,AK,AAL,WE,Federal Contract Tower,2,9,0,3,14,0,5,55,1,61,2,14,55,4,75,0,0,0,75
11/05/2021,ADQ,AK,AAL,WE,Federal Contract Tower,3,7,0,0,10,0,2,43,14,59,3,9,43,14,69,4,30,34,103
11/06/2021,ADQ,AK,AAL,WE,Federal Contract Tower,6,1,3,0,10,0,3,49,11,63,6,4,52,11,73,4,0,4,77
11/07/2021,ADQ,AK,AAL,WE,Federal Contract Tower,4,7,0,2,13,0,0,30,3,33,4,7,30,5,46,0,8,8,54
11/08/2021,ADQ,AK,AAL,WE,Federal Contract Tower,6,5,4,0,15,1,3,41,47,92,7,8,45,47,107,4,46,50,157
11/09/2021,ADQ,AK,AAL,WE,Federal Contract Tower,3,3,2,1,9,0,2,45,30,77,3,5,47,31,86,0,60,60,146
11/10/2021,ADQ,AK,AAL,WE,Federal Contract Tower,4,6,2,2,14,0,1,13,12,26,4,7,15,14,40,0,18,18,58
11/11/2021,ADQ,AK,AAL,WE,Federal Contract Tower,2,11,0,2,15,0,0,47,2,49,2,11,47,4,64,0,0,0,64
11/12/2021,ADQ,AK,AAL,WE,Federal Contract Tower,4,3,0,1,8,0,4,53,6,63,4,7,53,7,71,8,0,8,79
11/13/2021,ADQ,AK,AAL,WE,Federal Contract Tower,6,3,0,0,9,0,0,51,4,55,6,3,51,4,64,0,0,0,64
11/14/2021,ADQ,AK,AAL,WE,Federal Contract Tower,4,3,0,0,7,0,5,49,2,56,4,8,49,2,63,0,22,22,85
11/15/2021,ADQ,AK,AAL,WE,Federal Contract Tower,3,5,1,1,10,0,3,64,22,89,3,8,65,23,99,6,30,36,135
11/16/2021,ADQ,AK,AAL,WE,Federal Contract Tower,5,6,1,3,15,0,2,38,0,40,5,8,39,3,55,0,0,0,55
11/17/2021,ADQ,AK,AAL,WE,Federal Contract Tower,3,3,0,0,6,0,3,12,8,23,3,6,12,8,29,0,12,12,41
11/18/2021,ADQ,AK,AAL,WE,Federal Contract Tower,0,7,0,2,9,0,5,40,4,49,0,12,40,6,58,0,52,52,110
11/19/2021,ADQ,AK,AAL,WE,Federal Contract Tower,5,11,0,3,19,0,2,72,20,94,5,13,72,23,113,0,28,28,141
11/20/2021,ADQ,AK,AAL,WE,Federal Contract Tower,4,2,0,0,6,0,0,0,0,0,4,2,0,0,6,0,0,0,6
11/21/2021,ADQ,AK,AAL,WE,Federal Contract Tower,5,7,0,2,14,0,1,66,4,71,5,8,66,6,85,0,18,18,103
11/22/2021,ADQ,AK,AAL,WE,Federal Contract Tower,4,3,0,0,7,0,2,34,28,64,4,5,34,28,71,0,10,10,81
11/23/2021,ADQ,AK,AAL,WE,Federal Contract Tower,4,6,0,0,10,0,1,46,25,72,4,7,46,25,82,0,78,78,160
11/24/2021,ADQ,AK,AAL,WE,Federal Contract Tower,4,5,4,1,14,0,5,34,14,53,4,10,38,15,67,0,20,20,87
11/25/2021,ADQ,AK,AAL,WE,Federal Contract Tower,1,0,0,0,1,0,1,0,0,1,1,1,0,0,2,0,0,0,2
11/26/2021,ADQ,AK,AAL,WE,Federal Contract Tower,3,4,0,3,10,0,5,28,0,33,3,9,28,3,43,0,0,0,43
11/27/2021,ADQ,AK,AAL,WE,Federal Contract Tower,7,2,0,0,9,0,0,55,4,59,7,2,55,4,68,6,0,6,74
11/28/2021,ADQ,AK,AAL,WE,Federal Contract Tower,6,2,0,0,8,0,6,39,2,47,6,8,39,2,55,0,0,0,55
11/29/2021,ADQ,AK,AAL,WE,Federal Contract Tower,1,2,0,0,3,0,0,0,8,8,1,2,0,8,11,0,0,0,11
11/30/2021,ADQ,AK,AAL,WE,Federal Contract Tower,0,10,0,0,10,0,11,39,35,85,0,21,39,35,95,0,36,36,131
12/01/2021,ADQ,AK,AAL,WE,Federal Contract Tower,2,8,2,2,14,0,0,1,1,2,2,8,3,3,16,0,0,0,16
12/02/2021,ADQ,AK,AAL,WE,Federal Contract Tower,5,6,0,0,11,0,11,8,15,34,5,17,8,15,45,2,10,12,57
12/03/2021,ADQ,AK,AAL,WE,Federal Contract Tower,4,6,0,2,12,0,6,65,18,89,4,12,65,20,101,0,12,12,113
12/04/2021,ADQ,AK,AAL,WE,Federal Contract Tower,6,5,0,0,11,0,2,61,8,71,6,7,61,8,82,2,0,2,84
12/05/2021,ADQ,AK,AAL,WE,Federal Contract Tower,8,10,0,2,20,0,2,13,4,19,8,12,13,6,39,0,20,20,59
12/06/2021,ADQ,AK,AAL,WE,Federal Contract Tower,5,8,0,0,13,0,1,0,11,12,5,9,0,11,25,0,12,12,37
12/07/2021,ADQ,AK,AAL,WE,Federal Contract Tower,2,0,0,0,2,0,0,0,0,0,2,0,0,0,2,0,0,0,2
12/08/2021,ADQ,AK,AAL,WE,Federal Contract Tower,4,5,1,1,11,0,6,4,30,40,4,11,5,31,51,0,72,72,123
12/09/2021,ADQ,AK,AAL,WE,Federal Contract Tower,5,6,0,1,12,0,5,3,17,25,5,11,3,18,37,0,46,46,83
12/10/2021,ADQ,AK,AAL,WE,Federal Contract Tower,6,11,0,0,17,0,3,11,3,17,6,14,11,3,34,0,0,0,34
12/11/2021,ADQ,AK,AAL,WE,Federal Contract Tower,0,0,1,0,1,0,0,0,0,0,0,0,1,0,1,0,0,0,1
12/12/2021,ADQ,AK,AAL,WE,Federal Contract Tower,1,3,0,0,4,0,0,2,1,3,1,3,2,1,7,0,0,0,7
12/13/2021,ADQ,AK,AAL,WE,Federal Contract Tower,6,11,2,3,22,0,3,50,7,60,6,14,52,10,82,0,4,4,86
12/14/2021,ADQ,AK,AAL,WE,Federal Contract Tower,4,7,0,0,11,0,4,51,29,84,4,11,51,29,95,0,48,48,143
12/15/2021,ADQ,AK,AAL,WE,Federal Contract Tower,4,3,0,2,9,0,3,54,20,77,4,6,54,22,86,0,18,18,104
12/16/2021,ADQ,AK,AAL,WE,Federal Contract Tower,3,5,5,2,15,0,0,0,0,0,3,5,5,2,15,0,0,0,15
12/17/2021,ADQ,AK,AAL,WE,Federal Contract Tower,10,5,2,0,17,0,9,41,14,64,10,14,43,14,81,0,24,24,105
12/18/2021,ADQ,AK,AAL,WE,Federal Contract Tower,5,3,0,0,8,0,2,42,2,46,5,5,42,2,54,0,0,0,54
12/19/2021,ADQ,AK,AAL,WE,Federal Contract Tower,8,4,0,0,12,0,9,31,6,46,8,13,31,6,58,0,32,32,90
12/20/2021,ADQ,AK,AAL,WE,Federal Contract Tower,5,6,0,4,15,0,9,43,9,61,5,15,43,13,76,0,38,38,114
12/21/2021,ADQ,AK,AAL,WE,Federal Contract Tower,2,3,0,1,6,2,6,36,11,55,4,9,36,12,61,0,12,12,73
12/22/2021,ADQ,AK,AAL,WE,Federal Contract Tower,4,5,0,0,9,0,4,29,8,41,4,9,29,8,50,0,4,4,54
12/23/2021,ADQ,AK,AAL,WE,Federal Contract Tower,4,2,0,0,6,0,7,0,0,7,4,9,0,0,13,0,0,0,13
12/24/2021,ADQ,AK,AAL,WE,Federal Contract Tower,4,3,0,0,7,0,4,24,2,30,4,7,24,2,37,0,0,0,37
12/25/2021,ADQ,AK,AAL,WE,Federal Contract Tower,2,0,0,0,2,0,0,0,0,0,2,0,0,0,2,0,0,0,2
12/26/2021,ADQ,AK,AAL,WE,Federal Contract Tower,3,2,0,0,5,0,2,25,2,29,3,4,25,2,34,0,6,6,40
12/27/2021,ADQ,AK,AAL,WE,Federal Contract Tower,5,5,0,0,10,1,5,31,13,50,6,10,31,13,60,18,34,52,112
12/28/2021,ADQ,AK,AAL,WE,Federal Contract Tower,3,2,0,0,5,1,3,31,15,50,4,5,31,15,55,0,18,18,73
12/29/2021,ADQ,AK,AAL,WE,Federal Contract Tower,4,3,0,1,8,0,3,35,9,47,4,6,35,10,55,0,2,2,57
12/30/2021,ADQ,AK,AAL,WE,Federal Contract Tower,4,6,0,0,10,0,1,27,6,34,4,7,27,6,44,0,8,8,52
12/31/2021,ADQ,AK,AAL,WE,Federal Contract Tower,4,3,0,1,8,0,3,12,2,17,4,6,12,3,25,0,0,0,25
01/01/2022,ADQ,AK,AAL,WE,Federal Contract Tower,2,0,0,0,2,0,0,0,0,0,2,0,0,0,2,0,0,0,2
01/02/2022,ADQ,AK,AAL,WE,Federal Contract Tower,5,4,0,0,9,0,0,0,2,2,5,4,0,2,11,0,0,0,11
01/03/2022,ADQ,AK,AAL,WE,Federal Contract Tower,5,4,0,0,9,0,2,27,4,33,5,6,27,4,42,0,0,0,42
01/04/2022,ADQ,AK,AAL,WE,Federal Contract Tower,3,5,0,1,9,0,2,4,3,9,3,7,4,4,18,0,0,0,18
01/05/2022,ADQ,AK,AAL,WE,Federal Contract Tower,2,7,0,3,12,0,0,11,15,26,2,7,11,18,38,0,40,40,78
01/06/2022,ADQ,AK,AAL,WE,Federal Contract Tower,4,2,1,3,10,0,2,32,16,50,4,4,33,19,60,0,108,108,168
01/07/2022,ADQ,AK,AAL,WE,Federal Contract Tower,3,8,0,2,13,0,4,46,8,58,3,12,46,10,71,0,40,40,111
01/08/2022,ADQ,AK,AAL,WE,Federal Contract Tower,4,3,0,0,7,0,1,15,3,19,4,4,15,3,26,0,0,0,26
01/09/2022,ADQ,AK,AAL,WE,Federal Contract Tower,0,2,0,2,4,0,2,6,4,12,0,4,6,6,16,0,30,30,46
01/10/2022,ADQ,AK,AAL,WE,Federal Contract Tower,6,7,0,2,15,0,6,25,15,46,6,13,25,17,61,0,20,20,81
01/11/2022,ADQ,AK,AAL,WE,Federal Contract Tower,3,6,0,5,14,0,0,0,0,0,3,6,0,5,14,0,0,0,14
01/12/2022,ADQ,AK,AAL,WE,Federal Contract Tower,4,2,0,2,8,0,5,45,12,62,4,7,45,14,70,0,30,30,100
01/13/2022,ADQ,AK,AAL,WE,Federal Contract Tower,2,4,0,0,6,0,0,0,0,0,2,4,0,0,6,0,0,0,6
01/14/2022,ADQ,AK,AAL,WE,Federal Contract Tower,4,6,2,4,16,0,3,24,3,30,4,9,26,7,46,0,14,14,60
01/15/2022,ADQ,AK,AAL,WE,Federal Contract Tower,6,1,0,1,8,0,1,39,7,47,6,2,39,8,55,0,24,24,79
01/16/2022,ADQ,AK,AAL,WE,Federal Contract Tower,4,7,0,0,11,0,4,22,3,29,4,11,22,3,40,0,12,12,52
01/17/2022,ADQ,AK,AAL,WE,Federal Contract Tower,4,3,0,1,8,0,1,34,9,44,4,4,34,10,52,0,0,0,52
01/18/2022,ADQ,AK,AAL,WE,Federal Contract Tower,4,4,0,2,10,0,0,7,2,9,4,4,7,4,19,0,0,0,19
01/19/2022,ADQ,AK,AAL,WE,Federal Contract Tower,4,3,0,3,10,0,1,18,19,38,4,4,18,22,48,0,4,4,52
01/20/2022,ADQ,AK,AAL,WE,Federal Contract Tower,4,9,1,0,14,0,0,10,0,10,4,9,11,0,24,0,0,0,24
01/21/2022,ADQ,AK,AAL,WE,Federal Contract Tower,4,6,0,1,11,0,0,2,6,8,4,6,2,7,19,10,60,70,89
01/22/2022,ADQ,AK,AAL,WE,Federal Contract Tower,3,0,0,0,3,0,0,10,0,10,3,0,10,0,13,0,0,0,13
01/23/2022,ADQ,AK,AAL,WE,Federal Contract Tower,4,10,0,2,16,0,0,2,0,2,4,10,2,2,18,0,0,0,18
01/24/2022,ADQ,AK,AAL,WE,Federal Contract Tower,7,7,0,1,15,0,2,28,31,61,7,9,28,32,76,0,22,22,98
01/25/2022,ADQ,AK,AAL,WE,Federal Contract Tower,3,3,0,1,7,1,2,73,13,89,4,5,73,14,96,0,14,14,110
01/26/2022,ADQ,AK,AAL,WE,Federal Contract Tower,2,4,0,0,6,0,0,0,0,0,2,4,0,0,6,0,0,0,6
01/27/2022,ADQ,AK,AAL,WE,Federal Contract Tower,4,12,0,2,18,0,0,0,3,3,4,12,0,5,21,0,10,10,31
01/28/2022,ADQ,AK,AAL,WE,Federal Contract Tower,4,6,4,1,15,0,1,14,13,28,4,7,18,14,43,0,10,10,53
01/29/2022,ADQ,AK,AAL,WE,Federal Contract Tower,5,4,0,1,10,1,2,31,5,39,6,6,31,6,49,0,12,12,61
01/30/2022,ADQ,AK,AAL,WE,Federal Contract Tower,4,6,0,0,10,0,2,38,4,44,4,8,38,4,54,14,0,14,68
01/31/2022,ADQ,AK,AAL,WE,Federal Contract Tower,4,4,4,5,17,0,2,27,10,39,4,6,31,15,56,0,68,68,124
02/01/2022,ADQ,AK,AAL,WE,Federal Contract Tower,4,3,0,0,7,0,0,0,6,6,4,3,0,6,13,0,44,44,57
02/02/2022,ADQ,AK,AAL,WE,Federal Contract Tower,4,6,6,4,20,0,0,12,7,19,4,6,18,11,39,0,5,5,44
02/03/2022,ADQ,AK,AAL,WE,Federal Contract Tower,4,6,0,2,12,0,0,0,4,4,4,6,0,6,16,0,6,6,22
02/04/2022,ADQ,AK,AAL,WE,Federal Contract Tower,3,3,0,1,7,1,6,41,10,58,4,9,41,11,65,0,64,64,129
02/05/2022,ADQ,AK,AAL,WE,Federal Contract Tower,6,1,1,1,9,0,1,14,3,18,6,2,15,4,27,0,18,18,45
02/06/2022,ADQ,AK,AAL,WE,Federal Contract Tower,4,3,0,1,8,0,3,23,5,31,4,6,23,6,39,0,10,10,49
02/07/2022,ADQ,AK,AAL,WE,Federal Contract Tower,1,3,0,0,4,0,0,2,4,6,1,3,2,4,10,0,2,2,12
02/08/2022,ADQ,AK,AAL,WE,Federal Contract Tower,3,6,1,0,10,0,4,45,2,51,3,10,46,2,61,12,0,12,73
02/09/2022,ADQ,AK,AAL,WE,Federal Contract Tower,4,4,0,1,9,0,6,9,17,32,4,10,9,18,41,16,0,16,57
02/10/2022,ADQ,AK,AAL,WE,Federal Contract Tower,2,3,0,1,6,0,3,44,24,71,2,6,44,25,77,0,16,16,93
02/11/2022,ADQ,AK,AAL,WE,Federal Contract Tower,5,5,2,5,17,0,0,0,0,0,5,5,2,5,17,0,0,0,17
02/12/2022,ADQ,AK,AAL,WE,Federal Contract Tower,5,4,0,1,10,1,6,39,4,50,6,10,39,5,60,0,2,2,62
02/13/2022,ADQ,AK,AAL,WE,Federal Contract Tower,3,3,0,0,6,1,1,23,2,27,4,4,23,2,33,0,10,10,43
02/14/2022,ADQ,AK,AAL,WE,Federal Contract Tower,4,4,0,0,8,0,1,28,4,33,4,5,28,4,41,4,72,76,117
02/15/2022,ADQ,AK,AAL,WE,Federal Contract Tower,3,2,1,1,7,0,3,32,18,53,3,5,33,19,60,2,18,20,80
02/16/2022,ADQ,AK,AAL,WE,Federal Contract Tower,1,6,0,0,7,2,6,63,26,97,3,12,63,26,104,4,86,90,194
02/17/2022,ADQ,AK,AAL,WE,Federal Contract Tower,3,6,0,1,10,1,1,38,24,64,4,7,38,25,74,16,10,26,100
02/18/2022,ADQ,AK,AAL,WE,Federal Contract Tower,4,0,0,0,4,0,4,44,5,53,4,4,44,5,57,4,10,14,71
02/19/2022,ADQ,AK,AAL,WE,Federal Contract Tower,5,0,1,0,6,0,0,40,4,44,5,0,41,4,50,6,0,6,56
02/20/2022,ADQ,AK,AAL,WE,Federal Contract Tower,4,6,0,0,10,0,0,25,3,28,4,6,25,3,38,0,0,0,38
02/21/2022,ADQ,AK,AAL,WE,Federal Contract Tower,4,7,0,0,11,0,3,22,1,26,4,10,22,1,37,0,4,4,41
02/22/2022,ADQ,AK,AAL,WE,Federal Contract Tower,4,1,0,2,7,0,5,50,16,71,4,6,50,18,78,0,24,24,102
02/23/2022,ADQ,AK,AAL,WE,Federal Contract Tower,4,1,0,4,9,0,0,0,0,0,4,1,0,4,9,0,0,0,9
02/24/2022,ADQ,AK,AAL,WE,Federal Contract Tower,4,7,2,2,15,0,0,1,1,2,4,7,3,3,17,0,0,0,17
02/25/2022,ADQ,AK,AAL,WE,Federal Contract Tower,4,12,2,3,21,0,0,9,8,17,4,12,11,11,38,0,30,30,68
02/26/2022,ADQ,AK,AAL,WE,Federal Contract Tower,6,0,0,0,6,0,2,61,8,71,6,2,61,8,77,0,4,4,81
02/27/2022,ADQ,AK,AAL,WE,Federal Contract Tower,3,3,0,0,6,1,4,18,7,30,4,7,18,7,36,0,0,0,36
02/28/2022,ADQ,AK,AAL,WE,Federal Contract Tower,5,3,0,2,10,1,2,34,21,58,6,5,34,23,68,0,26,26,94
03/01/2022,ADQ,AK,AAL,WE,Federal Contract Tower,4,2,0,0,6,0,5,48,20,73,4,7,48,20,79,0,71,71,150
03/02/2022,ADQ,AK,AAL,WE,Federal Contract Tower,4,5,1,3,13,0,1,14,12,27,4,6,15,15,40,6,26,32,72
03/03/2022,ADQ,AK,AAL,WE,Federal Contract Tower,3,1,2,2,8,1,5,55,31,92,4,6,57,33,100,0,50,50,150
03/04/2022,ADQ,AK,AAL,WE,Federal Contract Tower,4,5,0,0,9,0,2,35,23,60,4,7,35,23,69,4,40,44,113
03/05/2022,ADQ,AK,AAL,WE,Federal Contract Tower,6,2,0,2,10,0,0,38,2,40,6,2,38,4,50,0,0,0,50
03/06/2022,ADQ,AK,AAL,WE,Federal Contract Tower,4,4,0,1,9,0,4,21,6,31,4,8,21,7,40,8,2,10,50
03/07/2022,ADQ,AK,AAL,WE,Federal Contract Tower,6,4,0,0,10,0,0,0,0,0,6,4,0,0,10,0,0,0,10
03/08/2022,ADQ,AK,AAL,WE,Federal Contract Tower,4,4,1,6,15,0,0,0,0,0,4,4,1,6,15,0,12,12,27
03/09/2022,ADQ,AK,AAL,WE,Federal Contract Tower,4,5,0,0,9,0,0,0,0,0,4,5,0,0,9,0,0,0,9
03/10/2022,ADQ,AK,AAL,WE,Federal Contract Tower,4,1,0,1,6,0,0,9,11,20,4,1,9,12,26,0,16,16,42
03/11/2022,ADQ,AK,AAL,WE,Federal Contract Tower,4,7,2,6,19,0,1,43,21,65,4,8,45,27,84,0,40,40,124
03/12/2022,ADQ,AK,AAL,WE,Federal Contract Tower,6,2,2,3,13,0,0,28,3,31,6,2,30,6,44,0,24,24,68
03/13/2022,ADQ,AK,AAL,WE,Federal Contract Tower,4,6,0,2,12,0,0,11,2,13,4,6,11,4,25,0,38,38,63
03/14/2022,ADQ,AK,AAL,WE,Federal Contract Tower,4,6,1,3,14,0,2,35,30,67,4,8,36,33,81,0,120,120,201
03/15/2022,ADQ,AK,AAL,WE,Federal Contract Tower,4,2,0,1,7,0,3,44,3,50,4,5,44,4,57,6,0,6,63
03/16/2022,ADQ,AK,AAL,WE,Federal Contract Tower,4,7,0,2,13,0,1,23,15,39,4,8,23,17,52,0,62,62,114
03/17/2022,ADQ,AK,AAL,WE,Federal Contract Tower,4,1,1,2,8,0,3,46,11,60,4,4,47,13,68,0,0,0,68
03/18/2022,ADQ,AK,AAL,WE,Federal Contract Tower,1,1,0,0,2,0,0,0,0,0,1,1,0,0,2,0,0,0,2
03/19/2022,ADQ,AK,AAL,WE,Federal Contract Tower,7,4,1,1,13,0,1,24,9,34,7,5,25,10,47,0,0,0,47
03/20/2022,ADQ,AK,AAL,WE,Federal Contract Tower,6,8,0,4,18,0,0,7,0,7,6,8,7,4,25,0,0,0,25
03/21/2022,ADQ,AK,AAL,WE,Federal Contract Tower,4,2,0,0,6,0,5,39,17,61,4,7,39,17,67,0,2,2,69
03/22/2022,ADQ,AK,AAL,WE,Federal Contract Tower,4,5,0,2,11,0,3,21,23,47,4,8,21,25,58,0,62,62,120
03/23/2022,ADQ,AK,AAL,WE,Federal Contract Tower,3,6,0,3,12,1,6,21,10,38,4,12,21,13,50,0,52,52,102
03/24/2022,ADQ,AK,AAL,WE,Federal Contract Tower,3,2,0,2,7,0,0,0,4,4,3,2,0,6,11,0,36,36,47
03/25/2022,ADQ,AK,AAL,WE,Federal Contract Tower,5,6,0,3,14,0,1,27,11,39,5,7,27,14,53,0,6,6,59
03/26/2022,ADQ,AK,AAL,WE,Federal Contract Tower,7,0,0,0,7,1,0,55,4,60,8,0,55,4,67,34,0,34,101
03/27/2022,ADQ,AK,AAL,WE,Federal Contract Tower,1,0,0,1,2,0,0,0,0,0,1,0,0,1,2,0,0,0,2
03/28/2022,ADQ,AK,AAL,WE,Federal Contract Tower,3,14,0,5,22,0,3,12,14,29,3,17,12,19,51,0,32,32,83
03/29/2022,ADQ,AK,AAL,WE,Federal Contract Tower,5,6,4,3,18,0,0,38,15,53,5,6,42,18,71,0,84,84,155
03/30/2022,ADQ,AK,AAL,WE,Federal Contract Tower,4,3,6,4,17,0,1,33,15,49,4,4,39,19,66,0,60,60,126
03/31/2022,ADQ,AK,AAL,WE,Federal Contract Tower,4,0,2,7,13,0,0,2,1,3,4,0,4,8,16,0,28,28,44
04/01/2022,ADQ,AK,AAL,WE,Federal Contract Tower,6,14,0,2,22,0,1,41,0,42,6,15,41,2,64,6,0,6,70
04/02/2022,ADQ,AK,AAL,WE,Federal Contract Tower,6,0,2,0,8,0,1,38,4,43,6,1,40,4,51,6,18,24,75
04/03/2022,ADQ,AK,AAL,WE,Federal Contract Tower,7,5,0,1,13,0,1,15,2,18,7,6,15,3,31,6,8,14,45
04/04/2022,ADQ,AK,AAL,WE,Federal Contract Tower,5,3,1,3,12,0,2,46,26,74,5,5,47,29,86,8,60,68,154
04/05/2022,ADQ,AK,AAL,WE,Federal Contract Tower,2,2,3,1,8,1,3,38,37,79,3,5,41,38,87,10,52,62,149
04/06/2022,ADQ,AK,AAL,WE,Federal Contract Tower,4,4,1,5,14,0,4,26,22,52,4,8,27,27,66,0,36,36,102
04/07/2022,ADQ,AK,AAL,WE,Federal Contract Tower,4,8,3,5,20,0,0,36,20,56,4,8,39,25,76,0,10,10,86
04/08/2022,ADQ,AK,AAL,WE,Federal Contract Tower,5,3,0,0,8,0,3,29,16,48,5,6,29,16,56,38,16,54,110
04/09/2022,ADQ,AK,AAL,WE,Federal Contract Tower,7,0,0,0,7,0,0,49,3,52,7,0,49,3,59,8,4,12,71
04/10/2022,ADQ,AK,AAL,WE,Federal Contract Tower,6,3,0,1,10,0,5,35,2,42,6,8,35,3,52,20,0,20,72
04/11/2022,ADQ,AK,AAL,WE,Federal Contract Tower,4,2,0,0,6,1,4,53,21,79,5,6,53,21,85,58,12,70,155
04/12/2022,ADQ,AK,AAL,WE,Federal Contract Tower,2,3,1,1,7,1,2,52,33,88,3,5,53,34,95,12,44,56,151
04/13/2022,ADQ,AK,AAL,WE,Federal Contract Tower,3,2,2,0,7,0,1,32,22,55,3,3,34,22,62,20,72,92,154
04/14/2022,ADQ,AK,AAL,WE,Federal Contract Tower,4,2,0,3,9,0,3,50,28,81,4,5,50,31,90,12,14,26,116
04/15/2022,ADQ,AK,AAL,WE,Federal Contract Tower,6,9,0,2,17,0,0,28,18,46,6,9,28,20,63,0,28,28,91
04/16/2022,ADQ,AK,AAL,WE,Federal Contract Tower,8,0,1,2,11,0,0,28,2,30,8,0,29,4,41,0,0,0,41
04/17/2022,ADQ,AK,AAL,WE,Federal Contract Tower,5,4,0,1,10,1,2,26,5,34,6,6,26,6,44,0,0,0,44
04/18/2022,ADQ,AK,AAL,WE,Federal Contract Tower,6,5,2,1,14,0,1,29,21,51,6,6,31,22,65,6,16,22,87
04/19/2022,ADQ,AK,AAL,WE,Federal Contract Tower,4,7,2,0,13,0,2,42,0,44,4,9,44,0,57,0,0,0,57
04/20/2022,ADQ,AK,AAL,WE,Federal Contract Tower,4,3,2,0,9,0,4,68,24,96,4,7,70,24,105,6,28,34,139
04/21/2022,ADQ,AK,AAL,WE,Federal Contract Tower,3,3,0,2,8,0,3,32,17,52,3,6,32,19,60,0,24,24,84
04/22/2022,ADQ,AK,AAL,WE,Federal Contract Tower,6,10,1,0,17,0,2,21,3,26,6,12,22,3,43,0,0,0,43
04/23/2022,ADQ,AK,AAL,WE,Federal Contract Tower,7,2,0,0,9,0,0,23,4,27,7,2,23,4,36,2,6,8,44
04/24/2022,ADQ,AK,AAL,WE,Federal Contract Tower,5,4,0,0,9,0,2,21,6,29,5,6,21,6,38,0,0,0,38
04/25/2022,ADQ,AK,AAL,WE,Federal Contract Tower,5,1,0,0,6,0,5,50,2,57,5,6,50,2,63,0,0,0,63
04/26/2022,ADQ,AK,AAL,WE,Federal Contract Tower,3,2,0,0,5,0,4,46,0,50,3,6,46,0,55,2,0,2,57
04/27/2022,ADQ,AK,AAL,WE,Federal Contract Tower,2,1,1,3,7,1,3,49,1,54,3,4,50,4,61,24,0,24,85
04/28/2022,ADQ,AK,AAL,WE,Federal Contract Tower,3,5,0,0,8,0,3,42,0,45,3,8,42,0,53,46,0,46,99
04/29/2022,ADQ,AK,AAL,WE,Federal Contract Tower,5,5,0,0,10,0,2,23,0,25,5,7,23,0,35,0,0,0,35
04/30/2022,ADQ,AK,AAL,WE,Federal Contract Tower,6,0,1,0,7,0,0,7,0,7,6,0,8,0,14,0,0,0,14
05/01/2022,ADQ,AK,AAL,WE,Federal Contract Tower,6,10,0,2,18,0,3,28,2,33,6,13,28,4,51,0,0,0,51
05/02/2022,ADQ,AK,AAL,WE,Federal Contract Tower,4,4,1,1,10,0,0,26,2,28,4,4,27,3,38,0,0,0,38
05/03/2022,ADQ,AK,AAL,WE,Federal Contract Tower,3,7,4,1,15,0,2,32,17,51,3,9,36,18,66,0,4,4,70
05/04/2022,ADQ,AK,AAL,WE,Federal Contract Tower,3,7,2,5,17,0,1,42,11,54,3,8,44,16,71,0,36,36,107
05/05/2022,ADQ,AK,AAL,WE,Federal Contract Tower,3,7,0,3,13,0,1,30,16,47,3,8,30,19,60,0,24,24,84
05/06/2022,ADQ,AK,AAL,WE,Federal Contract Tower,5,9,0,1,15,0,0,40,3,43,5,9,40,4,58,0,0,0,58
05/07/2022,ADQ,AK,AAL,WE,Federal Contract Tower,6,1,0,0,7,1,1,63,13,78,7,2,63,13,85,4,20,24,109
05/08/2022,ADQ,AK,AAL,WE,Federal Contract Tower,6,4,0,0,10,0,3,24,14,41,6,7,24,14,51,8,0,8,59
05/09/2022,ADQ,AK,AAL,WE,Federal Contract Tower,3,3,0,0,6,0,3,11,11,25,3,6,11,11,31,0,0,0,31
05/10/2022,ADQ,AK,AAL,WE,Federal Contract Tower,4,2,0,0,6,0,4,17,8,29,4,6,17,8,35,0,0,0,35
05/11/2022,ADQ,AK,AAL,WE,Federal Contract Tower,4,3,4,0,11,0,5,66,15,86,4,8,70,15,97,22,0,22,119
05/12/2022,ADQ,AK,AAL,WE,Federal Contract Tower,3,2,2,0,7,0,5,71,13,89,3,7,73,13,96,0,0,0,96
05/13/2022,ADQ,AK,AAL,WE,Federal Contract Tower,4,4,0,0,8,1,3,21,3,28,5,7,21,3,36,0,0,0,36
05/14/2022,ADQ,AK,AAL,WE,Federal Contract Tower,6,1,1,1,9,2,1,37,6,46,8,2,38,7,55,0,0,0,55
05/15/2022,ADQ,AK,AAL,WE,Federal Contract Tower,6,4,0,0,10,0,3,34,6,43,6,7,34,6,53,14,0,14,67
05/16/2022,ADQ,AK,AAL,WE,Federal Contract Tower,3,2,2,0,7,0,3,59,28,90,3,5,61,28,97,0,46,46,143
05/17/2022,ADQ,AK,AAL,WE,Federal Contract Tower,3,4,0,3,10,0,0,46,4,50,3,4,46,7,60,0,0,0,60
05/18/2022,ADQ,AK,AAL,WE,Federal Contract Tower,3,4,3,0,10,0,0,67,15,82,3,4,70,15,92,0,12,12,104
05/19/2022,ADQ,AK,AAL,WE,Federal Contract Tower,3,1,0,0,4,0,3,72,21,96,3,4,72,21,100,14,38,52,152
05/20/2022,ADQ,AK,AAL,WE,Federal Contract Tower,2,7,26,13,48,0,0,1,2,3,2,7,27,15,51,4,14,18,69
05/21/2022,ADQ,AK,AAL,WE,Federal Contract Tower,4,0,0,1,5,0,0,6,2,8,4,0,6,3,13,0,0,0,13
05/22/2022,ADQ,AK,AAL,WE,Federal Contract Tower,3,6,3,0,12,0,0,22,6,28,3,6,25,6,40,0,0,0,40
05/23/2022,ADQ,AK,AAL,WE,Federal Contract Tower,5,7,13,9,34,0,0,10,3,13,5,7,23,12,47,0,7,7,54
05/24/2022,ADQ,AK,AAL,WE,Federal Contract Tower,2,3,2,2,9,1,2,70,13,86,3,5,72,15,95,4,16,20,115
05/25/2022,ADQ,AK,AAL,WE,Federal Contract Tower,3,5,0,1,9,0,1,67,17,85,3,6,67,18,94,0,22,22,116
05/26/2022,ADQ,AK,AAL,WE,Federal Contract Tower,4,2,0,0,6,0,4,46,10,60,4,6,46,10,66,4,0,4,70
05/27/2022,ADQ,AK,AAL,WE,Federal Contract Tower,4,4,0,0,8,0,5,47,3,55,4,9,47,3,63,6,2,8,71
05/28/2022,ADQ,AK,AAL,WE,Federal Contract Tower,4,2,0,0,6,1,1,63,12,77,5,3,63,12,83,0,6,6,89
05/29/2022,ADQ,AK,AAL,WE,Federal Contract Tower,3,2,0,0,5,1,3,42,5,51,4,5,42,5,56,0,12,12,68
05/30/2022,ADQ,AK,AAL,WE,Federal Contract Tower,4,9,18,0,31,0,0,2,0,2,4,9,20,0,33,0,0,0,33
05/31/2022,ADQ,AK,AAL,WE,Federal Contract Tower,3,6,4,3,16,0,0,53,20,73,3,6,57,23,89,0,30,30,119
06/01/2022,ADQ,AK,AAL,WE,Federal Contract Tower,3,1,9,2,15,0,3,57,21,81,3,4,66,23,96,4,52,56,152
06/02/2022,ADQ,AK,AAL,WE,Federal Contract Tower,4,2,0,0,6,0,3,65,23,91,4,5,65,23,97,2,62,64,161
06/03/2022,ADQ,AK,AAL,WE,Federal Contract Tower,5,3,2,2,12,0,4,66,14,84,5,7,68,16,96,4,22,26,122
06/04/2022,ADQ,AK,AAL,WE,Federal Contract Tower,5,0,0,0,5,0,0,45,5,50,5,0,45,5,55,18,0,18,73
06/05/2022,ADQ,AK,AAL,WE,Federal Contract Tower,5,3,0,0,8,0,2,24,5,31,5,5,24,5,39,0,16,16,55
06/06/2022,ADQ,AK,AAL,WE,Federal Contract Tower,4,5,0,4,13,0,1,65,17,83,4,6,65,21,96,0,16,16,112
06/07/2022,ADQ,AK,AAL,WE,Federal Contract Tower,5,4,5,8,22,0,0,26,11,37,5,4,31,19,59,0,0,0,59
06/08/2022,ADQ,AK,AAL,WE,Federal Contract Tower,5,3,0,1,9,0,4,56,19,79,5,7,56,20,88,12,14,26,114
06/09/2022,ADQ,AK,AAL,WE,Federal Contract Tower,5,2,2,4,13,0,4,47,21,72,5,6,49,25,85,0,36,36,121
06/10/2022,ADQ,AK,AAL,WE,Federal Contract Tower,4,1,0,0,5,0,5,61,18,84,4,6,61,18,89,14,42,56,145
06/11/2022,ADQ,AK,AAL,WE,Federal Contract Tower,7,1,1,1,10,0,1,42,3,46,7,2,43,4,56,4,0,4,60
06/12/2022,ADQ,AK,AAL,WE,Federal Contract Tower,7,6,0,2,15,0,2,34,3,39,7,8,34,5,54,0,20,20,74
06/13/2022,ADQ,AK,AAL,WE,Federal Contract Tower,9,5,7,4,25,0,0,38,10,48,9,5,45,14,73,2,38,40,113
06/14/2022,ADQ,AK,AAL,WE,Federal Contract Tower,5,5,21,17,48,0,0,9,5,14,5,5,30,22,62,0,2,2,64
06/15/2022,ADQ,AK,AAL,WE,Federal Contract Tower,5,3,4,1,13,0,2,77,18,97,5,5,81,19,110,0,50,50,160
06/16/2022,ADQ,AK,AAL,WE,Federal Contract Tower,7,5,2,1,15,0,3,49,16,68,7,8,51,17,83,0,2,2,85
06/17/2022,ADQ,AK,AAL,WE,Federal Contract Tower,10,6,4,4,24,0,0,28,1,29,10,6,32,5,53,2,0,2,55
06/18/2022,ADQ,AK,AAL,WE,Federal Contract Tower,8,3,1,0,12,0,2,51,2,55,8,5,52,2,67,0,0,0,67
06/19/2022,ADQ,AK,AAL,WE,Federal Contract Tower,7,7,11,5,30,0,0,21,1,22,7,7,32,6,52,0,0,0,52
06/20/2022,ADQ,AK,AAL,WE,Federal Contract Tower,8,5,1,2,16,0,2,74,3,79,8,7,75,5,95,18,0,18,113
06/21/2022,ADQ,AK,AAL,WE,Federal Contract Tower,7,2,0,1,10,0,3,59,7,69,7,5,59,8,79,0,4,4,83
06/22/2022,ADQ,AK,AAL,WE,Federal Contract Tower,5,3,0,2,10,0,3,50,19,72,5,6,50,21,82,22,34,56,138
06/23/2022,ADQ,AK,AAL,WE,Federal Contract Tower,7,0,2,3,12,0,2,51,17,70,7,2,53,20,82,0,8,8,90
06/24/2022,ADQ,AK,AAL,WE,Federal Contract Tower,6,6,39,5,56,0,0,0,0,0,6,6,39,5,56,0,0,0,56
06/25/2022,ADQ,AK,AAL,WE,Federal Contract Tower,10,7,3,2,22,0,1,28,1,30,10,8,31,3,52,0,0,0,52
06/26/2022,ADQ,AK,AAL,WE,Federal Contract Tower,8,5,0,0,13,0,3,31,4,38,8,8,31,4,51,0,26,26,77
06/27/2022,ADQ,AK,AAL,WE,Federal Contract Tower,7,2,1,0,10,1,2,61,25,89,8,4,62,25,99,2,56,58,157
06/28/2022,ADQ,AK,AAL,WE,Federal Contract Tower,7,3,1,1,12,1,4,61,23,89,8,7,62,24,101,0,44,44,145
06/29/2022,ADQ,AK,AAL,WE,Federal Contract Tower,6,3,1,1,11,1,3,62,21,87,7,6,63,22,98,12,64,76,174
06/30/2022,ADQ,AK,AAL,WE,Federal Contract Tower,7,3,2,4,16,0,3,37,4,44,7,6,39,8,60,0,0,0,60
07/01/2022,ADQ,AK,AAL,WE,Federal Contract Tower,8,7,1,0,16,0,0,0,0,0,8,7,1,0,16,0,0,0,16
07/02/2022,ADQ,AK,AAL,WE,Federal Contract Tower,9,5,4,0,18,0,0,0,0,0,9,5,4,0,18,0,0,0,18
07/03/2022,ADQ,AK,AAL,WE,Federal Contract Tower,9,8,1,3,21,0,0,0,2,2,9,8,1,5,23,0,0,0,23
07/04/2022,ADQ,AK,AAL,WE,Federal Contract Tower,13,3,2,2,20,0,0,66,3,69,13,3,68,5,89,0,0,0,89
07/05/2022,ADQ,AK,AAL,WE,Federal Contract Tower,12,3,0,1,16,0,4,88,20,112,12,7,88,21,128,0,50,50,178
07/06/2022,ADQ,AK,AAL,WE,Federal Contract Tower,8,6,4,3,21,0,2,60,12,74,8,8,64,15,95,0,18,18,113
07/07/2022,ADQ,AK,AAL,WE,Federal Contract Tower,7,3,2,1,13,0,0,0,0,0,7,3,2,1,13,0,0,0,13
07/08/2022,ADQ,AK,AAL,WE,Federal Contract Tower,7,6,6,3,22,0,0,0,0,0,7,6,6,3,22,0,0,0,22
07/09/2022,ADQ,AK,AAL,WE,Federal Contract Tower,9,2,4,3,18,0,4,56,1,61,9,6,60,4,79,0,0,0,79
07/10/2022,ADQ,AK,AAL,WE,Federal Contract Tower,12,11,2,0,25,0,2,69,3,74,12,13,71,3,99,26,0,26,125
07/11/2022,ADQ,AK,AAL,WE,Federal Contract Tower,14,5,0,0,19,0,4,66,16,86,14,9,66,16,105,0,36,36,141
07/12/2022,ADQ,AK,AAL,WE,Federal Contract Tower,3,5,5,5,18,0,0,0,0,0,3,5,5,5,18,0,0,0,18
07/13/2022,ADQ,AK,AAL,WE,Federal Contract Tower,10,11,4,1,26,1,2,59,22,84,11,13,63,23,110,0,52,52,162
07/14/2022,ADQ,AK,AAL,WE,Federal Contract Tower,12,4,1,0,17,0,5,64,26,95,12,9,65,26,112,20,60,80,192
07/15/2022,ADQ,AK,AAL,WE,Federal Contract Tower,7,8,5,0,20,0,8,52,6,66,7,16,57,6,86,0,0,0,86
07/16/2022,ADQ,AK,AAL,WE,Federal Contract Tower,9,4,2,0,15,0,0,35,5,40,9,4,37,5,55,0,2,2,57
07/17/2022,ADQ,AK,AAL,WE,Federal Contract Tower,7,6,2,0,15,0,6,37,3,46,7,12,39,3,61,0,0,0,61
07/18/2022,ADQ,AK,AAL,WE,Federal Contract Tower,7,1,1,0,9,0,3,55,21,79,7,4,56,21,88,0,18,18,106
07/20/2022,ADQ,AK,AAL,WE,Federal Contract Tower,6,1,1,1,9,2,5,77,20,104,8,6,78,21,113,0,38,38,151
07/21/2022,ADQ,AK,AAL,WE,Federal Contract Tower,6,2,2,1,11,1,2,62,5,70,7,4,64,6,81,0,0,0,81
07/22/2022,ADQ,AK,AAL,WE,Federal Contract Tower,6,2,0,0,8,0,5,83,4,92,6,7,83,4,100,4,0,4,104
07/23/2022,ADQ,AK,AAL,WE,Federal Contract Tower,9,0,14,7,30,0,0,22,1,23,9,0,36,8,53,0,0,0,53
07/24/2022,ADQ,AK,AAL,WE,Federal Contract Tower,5,4,2,1,12,0,0,0,0,0,5,4,2,1,12,0,0,0,12
07/25/2022,ADQ,AK,AAL,WE,Federal Contract Tower,7,2,2,3,14,0,2,89,17,108,7,4,91,20,122,4,32,36,158
07/26/2022,ADQ,AK,AAL,WE,Federal Contract Tower,8,1,0,1,10,0,3,75,8,86,8,4,75,9,96,2,0,2,98
07/27/2022,ADQ,AK,AAL,WE,Federal Contract Tower,6,3,1,2,12,1,4,102,25,132,7,7,103,27,144,34,34,68,212
07/28/2022,ADQ,AK,AAL,WE,Federal Contract Tower,6,1,3,0,10,1,8,49,32,90,7,9,52,32,100,0,16,16,116
07/29/2022,ADQ,AK,AAL,WE,Federal Contract Tower,6,5,2,3,16,0,2,25,9,36,6,7,27,12,52,10,0,10,62
07/30/2022,ADQ,AK,AAL,WE,Federal Contract Tower,9,8,1,1,19,0,1,47,4,52,9,9,48,5,71,0,20,20,91
07/31/2022,ADQ,AK,AAL,WE,Federal Contract Tower,7,5,2,2,16,0,3,53,2,58,7,8,55,4,74,0,0,0,74
08/01/2022,ADQ,AK,AAL,WE,Federal Contract Tower,5,4,3,1,13,1,2,55,15,73,6,6,58,16,86,12,2,14,100
08/02/2022,ADQ,AK,AAL,WE,Federal Contract Tower,8,6,0,2,16,0,2,37,25,64,8,8,37,27,80,0,22,22,102
08/03/2022,ADQ,AK,AAL,WE,Federal Contract Tower,6,3,2,0,11,2,3,71,20,96,8,6,73,20,107,0,2,2,109
08/04/2022,ADQ,AK,AAL,WE,Federal Contract Tower,7,2,1,1,11,0,5,63,3,71,7,7,64,4,82,6,26,32,114
08/05/2022,ADQ,AK,AAL,WE,Federal Contract Tower,7,5,1,1,14,0,4,50,8,62,7,9,51,9,76,0,0,0,76
08/06/2022,ADQ,AK,AAL,WE,Federal Contract Tower,9,1,0,0,10,0,0,56,5,61,9,1,56,5,71,0,2,2,73
08/07/2022,ADQ,AK,AAL,WE,Federal Contract Tower,5,0,1,0,6,1,6,43,4,54,6,6,44,4,60,0,0,0,60
08/08/2022,ADQ,AK,AAL,WE,Federal Contract Tower,7,1,0,4,12,2,5,55,10,72,9,6,55,14,84,8,0,8,92
08/09/2022,ADQ,AK,AAL,WE,Federal Contract Tower,6,5,8,5,24,0,1,13,3,17,6,6,21,8,41,0,30,30,71
08/10/2022,ADQ,AK,AAL,WE,Federal Contract Tower,7,4,4,4,19,0,0,10,7,17,7,4,14,11,36,0,56,56,92
08/11/2022,ADQ,AK,AAL,WE,Federal Contract Tower,5,1,3,1,10,0,0,29,10,39,5,1,32,11,49,0,14,14,63
08/12/2022,ADQ,AK,AAL,WE,Federal Contract Tower,8,11,12,2,33,0,1,51,5,57,8,12,63,7,90,0,30,30,120
08/13/2022,ADQ,AK,AAL,WE,Federal Contract Tower,5,1,0,0,6,0,0,60,4,64,5,1,60,4,70,0,0,0,70
08/14/2022,ADQ,AK,AAL,WE,Federal Contract Tower,8,7,0,0,15,1,3,36,6,46,9,10,36,6,61,0,2,2,63
08/15/2022,ADQ,AK,AAL,WE,Federal Contract Tower,10,6,1,4,21,0,3,60,4,67,10,9,61,8,88,0,0,0,88
08/16/2022,ADQ,AK,AAL,WE,Federal Contract Tower,8,4,1,3,16,0,0,0,2,2,8,4,1,5,18,0,0,0,18
08/17/2022,ADQ,AK,AAL,WE,Federal Contract Tower,7,4,2,1,14,0,3,101,26,130,7,7,103,27,144,2,34,36,180
08/18/2022,ADQ,AK,AAL,WE,Federal Contract Tower,10,10,3,4,27,0,0,54,13,67,10,10,57,17,94,4,14,18,112
08/19/2022,ADQ,AK,AAL,WE,Federal Contract Tower,7,2,8,5,22,0,0,15,4,19,7,2,23,9,41,0,20,20,61
08/20/2022,ADQ,AK,AAL,WE,Federal Contract Tower,9,2,0,1,12,0,0,50,4,54,9,2,50,5,66,0,38,38,104
08/21/2022,ADQ,AK,AAL,WE,Federal Contract Tower,3,1,1,0,5,0,0,0,0,0,3,1,1,0,5,0,0,0,5
08/22/2022,ADQ,AK,AAL,WE,Federal Contract Tower,7,4,1,2,14,0,0,17,2,19,7,4,18,4,33,0,0,0,33
08/23/2022,ADQ,AK,AAL,WE,Federal Contract Tower,8,8,13,1,30,0,0,46,12,58,8,8,59,13,88,0,34,34,122
08/24/2022,ADQ,AK,AAL,WE,Federal Contract Tower,7,8,0,2,17,0,3,53,13,69,7,11,53,15,86,0,44,44,130
08/25/2022,ADQ,AK,AAL,WE,Federal Contract Tower,5,3,6,3,17,0,7,46,8,61,5,10,52,11,78,0,14,14,92
08/26/2022,ADQ,AK,AAL,WE,Federal Contract Tower,10,2,0,0,12,0,6,64,10,80,10,8,64,10,92,0,10,10,102
08/27/2022,ADQ,AK,AAL,WE,Federal Contract Tower,8,0,2,0,10,0,0,53,5,58,8,0,55,5,68,0,0,0,68
08/28/2022,ADQ,AK,AAL,WE,Federal Contract Tower,8,7,2,2,19,0,0,26,2,28,8,7,28,4,47,0,0,0,47
08/29/2022,ADQ,AK,AAL,WE,Federal Contract Tower,7,1,2,1,11,0,4,52,2,58,7,5,54,3,69,2,1,3,72
08/30/2022,ADQ,AK,AAL,WE,Federal Contract Tower,6,2,5,0,13,0,3,45,21,69,6,5,50,21,82,0,10,10,92
08/31/2022,ADQ,AK,AAL,WE,Federal Contract Tower,8,4,1,1,14,0,0,23,21,44,8,4,24,22,58,0,52,52,110
09/01/2022,ADQ,AK,AAL,WE,Federal Contract Tower,6,4,2,0,12,1,4,50,14,69,7,8,52,14,81,2,14,16,97
09/02/2022,ADQ,AK,AAL,WE,Federal Contract Tower,6,4,0,1,11,1,1,40,1,43,7,5,40,2,54,0,2,2,56
09/03/2022,ADQ,AK,AAL,WE,Federal Contract Tower,10,2,0,1,13,0,0,59,10,69,10,2,59,11,82,8,14,22,104
09/04/2022,ADQ,AK,AAL,WE,Federal Contract Tower,7,3,3,0,13,0,1,44,6,51,7,4,47,6,64,0,0,0,64
09/05/2022,ADQ,AK,AAL,WE,Federal Contract Tower,6,3,0,0,9,0,0,44,3,47,6,3,44,3,56,0,0,0,56
09/06/2022,ADQ,AK,AAL,WE,Federal Contract Tower,7,2,1,1,11,0,2,55,11,68,7,4,56,12,79,2,20,22,101
09/07/2022,ADQ,AK,AAL,WE,Federal Contract Tower,6,2,1,4,13,0,2,39,16,57,6,4,40,20,70,0,52,52,122
09/08/2022,ADQ,AK,AAL,WE,Federal Contract Tower,5,4,0,0,9,0,5,40,7,52,5,9,40,7,61,2,0,2,63
09/09/2022,ADQ,AK,AAL,WE,Federal Contract Tower,6,2,0,0,8,0,5,32,8,45,6,7,32,8,53,0,18,18,71
09/10/2022,ADQ,AK,AAL,WE,Federal Contract Tower,6,1,1,1,9,0,0,65,5,70,6,1,66,6,79,0,0,0,79
09/11/2022,ADQ,AK,AAL,WE,Federal Contract Tower,8,7,0,0,15,0,1,44,7,52,8,8,44,7,67,0,22,22,89
09/12/2022,ADQ,AK,AAL,WE,Federal Contract Tower,5,4,0,1,10,0,2,28,16,46,5,6,28,17,56,0,38,38,94
09/13/2022,ADQ,AK,AAL,WE,Federal Contract Tower,5,4,0,2,11,0,2,67,14,83,5,6,67,16,94,28,4,32,126
09/14/2022,ADQ,AK,AAL,WE,Federal Contract Tower,6,3,0,2,11,0,4,57,8,69,6,7,57,10,80,8,12,20,100
09/15/2022,ADQ,AK,AAL,WE,Federal Contract Tower,5,8,1,1,15,0,2,42,8,52,5,10,43,9,67,0,18,18,85
09/16/2022,ADQ,AK,AAL,WE,Federal Contract Tower,6,8,1,2,17,0,1,37,5,43,6,9,38,7,60,0,2,2,62
09/17/2022,ADQ,AK,AAL,WE,Federal Contract Tower,6,3,0,0,9,0,1,64,10,75,6,4,64,10,84,2,22,24,108
09/18/2022,ADQ,AK,AAL,WE,Federal Contract Tower,5,6,0,0,11,0,2,39,9,50,5,8,39,9,61,0,6,6,67
09/19/2022,ADQ,AK,AAL,WE,Federal Contract Tower,6,4,0,2,12,0,1,35,16,52,6,5,35,18,64,6,32,38,102
09/20/2022,ADQ,AK,AAL,WE,Federal Contract Tower,5,1,1,1,8,0,3,57,3,63,5,4,58,4,71,0,6,6,77
09/21/2022,ADQ,AK,AAL,WE,Federal Contract Tower,5,1,1,1,8,0,5,53,16,74,5,6,54,17,82,0,8,8,90
09/22/2022,ADQ,AK,AAL,WE,Federal Contract Tower,5,1,0,2,8,0,5,52,7,64,5,6,52,9,72,0,6,6,78
09/23/2022,ADQ,AK,AAL,WE,Federal Contract Tower,5,1,0,0,6,0,5,46,11,62,5,6,46,11,68,0,0,0,68
09/24/2022,ADQ,AK,AAL,WE,Federal Contract Tower,5,2,0,3,10,1,0,47,2,50,6,2,47,5,60,6,0,6,66
09/25/2022,ADQ,AK,AAL,WE,Federal Contract Tower,5,5,1,0,11,0,3,31,3,37,5,8,32,3,48,6,0,6,54
09/26/2022,ADQ,AK,AAL,WE,Federal Contract Tower,5,3,1,0,9,0,2,57,29,88,5,5,58,29,97,2,4,6,103
09/27/2022,ADQ,AK,AAL,WE,Federal Contract Tower,6,5,0,3,14,0,0,30,12,42,6,5,30,15,56,0,28,28,84
09/28/2022,ADQ,AK,AAL,WE,Federal Contract Tower,5,8,0,3,16,0,1,17,14,32,5,9,17,17,48,0,14,14,62
09/29/2022,ADQ,AK,AAL,WE,Federal Contract Tower,5,8,1,1,15,0,3,64,14,81,5,11,65,15,96,2,40,42,138
09/30/2022,ADQ,AK,AAL,WE,Federal Contract Tower,6,4,5,1,16,0,5,56,15,76,6,9,61,16,92,0,18,18,110
10/01/2022,ADQ,AK,AAL,WE,Federal Contract Tower,6,2,6,0,14,0,0,38,3,41,6,2,44,3,55,6,4,10,65
10/02/2022,ADQ,AK,AAL,WE,Federal Contract Tower,8,4,0,0,12,0,2,31,3,36,8,6,31,3,48,4,4,8,56
10/03/2022,ADQ,AK,AAL,WE,Federal Contract Tower,6,7,0,1,14,0,4,29,12,45,6,11,29,13,59,0,24,24,83
10/04/2022,ADQ,AK,AAL,WE,Federal Contract Tower,6,1,0,1,8,0,0,0,0,0,6,1,0,1,8,0,0,0,8
10/05/2022,ADQ,AK,AAL,WE,Federal Contract Tower,6,5,0,7,18,0,0,0,0,0,6,5,0,7,18,0,0,0,18
10/06/2022,ADQ,AK,AAL,WE,Federal Contract Tower,4,0,4,2,10,0,0,0,0,0,4,0,4,2,10,0,0,0,10
10/07/2022,ADQ,AK,AAL,WE,Federal Contract Tower,4,12,2,1,19,0,6,39,3,48,4,18,41,4,67,0,28,28,95
10/08/2022,ADQ,AK,AAL,WE,Federal Contract Tower,4,0,0,2,6,0,0,50,2,52,4,0,50,4,58,8,20,28,86
10/09/2022,ADQ,AK,AAL,WE,Federal Contract Tower,2,4,0,0,6,0,3,9,2,14,2,7,9,2,20,20,0,20,40
10/10/2022,ADQ,AK,AAL,WE,Federal Contract Tower,4,9,0,0,13,0,4,34,6,44,4,13,34,6,57,0,12,12,69
10/11/2022,ADQ,AK,AAL,WE,Federal Contract Tower,4,2,0,0,6,0,4,72,15,91,4,6,72,15,97,0,16,16,113
10/12/2022,ADQ,AK,AAL,WE,Federal Contract Tower,3,10,0,1,14,1,1,40,21,63,4,11,40,22,77,0,24,24,101
10/13/2022,ADQ,AK,AAL,WE,Federal Contract Tower,4,2,2,1,9,0,5,66,17,88,4,7,68,18,97,0,30,30,127
10/14/2022,ADQ,AK,AAL,WE,Federal Contract Tower,4,3,0,5,12,0,3,31,6,40,4,6,31,11,52,8,26,34,86
10/15/2022,ADQ,AK,AAL,WE,Federal Contract Tower,2,4,1,1,8,1,0,46,4,51,3,4,47,5,59,0,0,0,59
10/16/2022,ADQ,AK,AAL,WE,Federal Contract Tower,6,7,1,1,15,0,0,36,5,41,6,7,37,6,56,0,26,26,82
10/17/2022,ADQ,AK,AAL,WE,Federal Contract Tower,2,3,1,0,6,2,4,64,15,85,4,7,65,15,91,4,48,52,143
10/18/2022,ADQ,AK,AAL,WE,Federal Contract Tower,5,4,0,0,9,0,1,22,0,23,5,5,22,0,32,0,0,0,32
10/19/2022,ADQ,AK,AAL,WE,Federal Contract Tower,4,2,0,2,8,0,6,42,29,77,4,8,42,31,85,0,8,8,93
10/20/2022,ADQ,AK,AAL,WE,Federal Contract Tower,3,2,0,0,5,0,5,45,24,74,3,7,45,24,79,0,4,4,83
10/21/2022,ADQ,AK,AAL,WE,Federal Contract Tower,3,2,1,0,6,0,5,44,13,62,3,7,45,13,68,0,40,40,108
10/22/2022,ADQ,AK,AAL,WE,Federal Contract Tower,3,0,0,2,5,0,0,28,0,28,3,0,28,2,33,0,0,0,33
10/23/2022,ADQ,AK,AAL,WE,Federal Contract Tower,6,3,0,1,10,0,3,49,2,54,6,6,49,3,64,0,12,12,76
10/24/2022,ADQ,AK,AAL,WE,Federal Contract Tower,4,5,0,1,10,0,2,26,20,48,4,7,26,21,58,4,28,32,90
10/25/2022,ADQ,AK,AAL,WE,Federal Contract Tower,4,4,0,2,10,0,1,31,22,54,4,5,31,24,64,0,30,30,94
10/26/2022,ADQ,AK,AAL,WE,Federal Contract Tower,4,2,0,0,6,0,3,20,7,30,4,5,20,7,36,0,0,0,36
10/27/2022,ADQ,AK,AAL,WE,Federal Contract Tower,3,2,0,1,6,1,8,0,9,18,4,10,0,10,24,0,26,26,50
10/28/2022,ADQ,AK,AAL,WE,Federal Contract Tower,3,5,0,1,9,0,8,59,13,80,3,13,59,14,89,0,38,38,127
10/29/2022,ADQ,AK,AAL,WE,Federal Contract Tower,4,5,0,3,12,0,0,0,1,1,4,5,0,4,13,0,0,0,13
10/30/2022,ADQ,AK,AAL,WE,Federal Contract Tower,4,0,0,0,4,0,0,0,0,0,4,0,0,0,4,0,0,0,4
10/31/2022,ADQ,AK,AAL,WE,Federal Contract Tower,4,4,0,0,8,0,0,1,7,8,4,4,1,7,16,0,8,8,24
11/01/2022,ADQ,AK,AAL,WE,Federal Contract Tower,4,6,0,0,10,0,8,65,27,100,4,14,65,27,110,0,70,70,180
11/02/2022,ADQ,AK,AAL,WE,Federal Contract Tower,4,4,0,1,9,0,4,45,23,72,4,8,45,24,81,0,18,18,99
11/03/2022,ADQ,AK,AAL,WE,Federal Contract Tower,5,2,2,2,11,0,8,51,13,72,5,10,53,15,83,0,64,64,147
11/04/2022,ADQ,AK,AAL,WE,Federal Contract Tower,3,5,1,0,9,0,7,4,9,20,3,12,5,9,29,0,30,30,59
11/05/2022,ADQ,AK,AAL,WE,Federal Contract Tower,3,0,0,0,3,0,0,2,2,4,3,0,2,2,7,0,0,0,7
11/06/2022,ADQ,AK,AAL,WE,Federal Contract Tower,4,4,0,0,8,0,7,63,5,75,4,11,63,5,83,0,0,0,83
11/07/2022,ADQ,AK,AAL,WE,Federal Contract Tower,6,4,0,3,13,0,2,12,13,27,6,6,12,16,40,0,58,58,98
11/08/2022,ADQ,AK,AAL,WE,Federal Contract Tower,4,4,0,1,9,0,0,1,8,9,4,4,1,9,18,0,26,26,44
11/09/2022,ADQ,AK,AAL,WE,Federal Contract Tower,6,4,3,2,15,0,0,13,20,33,6,4,16,22,48,0,22,22,70
11/10/2022,ADQ,AK,AAL,WE,Federal Contract Tower,4,1,0,0,5,0,7,66,5,78,4,8,66,5,83,0,2,2,85
11/11/2022,ADQ,AK,AAL,WE,Federal Contract Tower,3,3,0,1,7,0,2,13,2,17,3,5,13,3,24,0,4,4,28
11/12/2022,ADQ,AK,AAL,WE,Federal Contract Tower,4,2,0,0,6,0,2,41,4,47,4,4,41,4,53,0,16,16,69
11/13/2022,ADQ,AK,AAL,WE,Federal Contract Tower,4,7,0,2,13,2,0,32,2,36,6,7,32,4,49,0,0,0,49
11/14/2022,ADQ,AK,AAL,WE,Federal Contract Tower,4,2,2,4,12,0,2,67,3,72,4,4,69,7,84,0,14,14,98
11/15/2022,ADQ,AK,AAL,WE,Federal Contract Tower,4,4,2,2,12,0,3,25,1,29,4,7,27,3,41,0,0,0,41
11/16/2022,ADQ,AK,AAL,WE,Federal Contract Tower,4,10,0,4,18,0,0,0,0,0,4,10,0,4,18,0,0,0,18
11/17/2022,ADQ,AK,AAL,WE,Federal Contract Tower,4,8,6,4,22,0,0,37,21,58,4,8,43,25,80,0,22,22,102
11/18/2022,ADQ,AK,AAL,WE,Federal Contract Tower,4,5,1,0,10,0,4,43,24,71,4,9,44,24,81,8,102,110,191
11/19/2022,ADQ,AK,AAL,WE,Federal Contract Tower,6,0,3,3,12,0,0,9,2,11,6,0,12,5,23,0,0,0,23
11/20/2022,ADQ,AK,AAL,WE,Federal Contract Tower,3,8,13,1,25,0,0,14,0,14,3,8,27,1,39,0,0,0,39
11/21/2022,ADQ,AK,AAL,WE,Federal Contract Tower,3,1,0,1,5,0,3,54,25,82,3,4,54,26,87,6,6,12,99
11/22/2022,ADQ,AK,AAL,WE,Federal Contract Tower,4,2,2,1,9,0,3,47,30,80,4,5,49,31,89,0,52,52,141
11/23/2022,ADQ,AK,AAL,WE,Federal Contract Tower,5,7,2,2,16,0,1,14,9,24,5,8,16,11,40,0,14,14,54
11/24/2022,ADQ,AK,AAL,WE,Federal Contract Tower,0,3,0,0,3,0,0,0,0,0,0,3,0,0,3,0,0,0,3
11/25/2022,ADQ,AK,AAL,WE,Federal Contract Tower,3,7,1,1,12,0,6,38,6,50,3,13,39,7,62,0,32,32,94
11/26/2022,ADQ,AK,AAL,WE,Federal Contract Tower,5,2,0,1,8,0,0,44,2,46,5,2,44,3,54,0,0,0,54
11/27/2022,ADQ,AK,AAL,WE,Federal Contract Tower,3,3,0,0,6,0,8,36,4,48,3,11,36,4,54,6,16,22,76
11/28/2022,ADQ,AK,AAL,WE,Federal Contract Tower,3,2,0,0,5,0,2,0,2,4,3,4,0,2,9,0,12,12,21
11/29/2022,ADQ,AK,AAL,WE,Federal Contract Tower,4,2,0,1,7,0,12,37,15,64,4,14,37,16,71,0,4,4,75
11/30/2022,ADQ,AK,AAL,WE,Federal Contract Tower,2,2,0,3,7,0,1,43,36,80,2,3,43,39,87,0,22,22,109
12/01/2022,ADQ,AK,AAL,WE,Federal Contract Tower,4,3,0,0,7,0,8,18,25,51,4,11,18,25,58,0,4,4,62
12/02/2022,ADQ,AK,AAL,WE,Federal Contract Tower,4,2,1,0,7,0,5,46,17,68,4,7,47,17,75,0,42,42,117
12/03/2022,ADQ,AK,AAL,WE,Federal Contract Tower,4,4,0,0,8,0,6,42,3,51,4,10,42,3,59,0,4,4,63
12/04/2022,ADQ,AK,AAL,WE,Federal Contract Tower,3,6,0,0,9,0,0,17,4,21,3,6,17,4,30,0,4,4,34
12/05/2022,ADQ,AK,AAL,WE,Federal Contract Tower,4,10,0,2,16,0,1,40,28,69,4,11,40,30,85,0,50,50,135
12/06/2022,ADQ,AK,AAL,WE,Federal Contract Tower,2,4,0,2,8,0,8,39,20,67,2,12,39,22,75,4,32,36,111
12/07/2022,ADQ,AK,AAL,WE,Federal Contract Tower,2,3,0,1,6,0,6,0,20,26,2,9,0,21,32,0,68,68,100
12/08/2022,ADQ,AK,AAL,WE,Federal Contract Tower,4,2,0,0,6,0,11,42,26,79,4,13,42,26,85,0,38,38,123
12/09/2022,ADQ,AK,AAL,WE,Federal Contract Tower,4,4,0,0,8,0,11,2,4,17,4,15,2,4,25,0,0,0,25
12/10/2022,ADQ,AK,AAL,WE,Federal Contract Tower,4,6,0,0,10,0,3,32,4,39,4,9,32,4,49,0,0,0,49
12/11/2022,ADQ,AK,AAL,WE,Federal Contract Tower,3,9,0,0,12,0,0,4,0,4,3,9,4,0,16,0,0,0,16
12/12/2022,ADQ,AK,AAL,WE,Federal Contract Tower,4,3,0,0,7,0,9,0,17,26,4,12,0,17,33,0,20,20,53
12/13/2022,ADQ,AK,AAL,WE,Federal Contract Tower,2,2,0,2,6,0,5,62,24,91,2,7,62,26,97,0,12,12,109
12/14/2022,ADQ,AK,AAL,WE,Federal Contract Tower,2,14,1,2,19,0,0,13,5,18,2,14,14,7,37,4,5,9,46
12/15/2022,ADQ,AK,AAL,WE,Federal Contract Tower,4,6,8,0,18,0,4,28,0,32,4,10,36,0,50,0,0,0,50
12/16/2022,ADQ,AK,AAL,WE,Federal Contract Tower,4,5,0,0,9,0,6,43,6,55,4,11,43,6,64,0,0,0,64
12/17/2022,ADQ,AK,AAL,WE,Federal Contract Tower,4,4,2,2,12,0,1,41,6,48,4,5,43,8,60,0,0,0,60
12/18/2022,ADQ,AK,AAL,WE,Federal Contract Tower,4,5,2,1,12,0,1,15,1,17,4,6,17,2,29,0,0,0,29
12/19/2022,ADQ,AK,AAL,WE,Federal Contract Tower,3,5,0,1,9,1,6,29,10,46,4,11,29,11,55,0,16,16,71
12/20/2022,ADQ,AK,AAL,WE,Federal Contract Tower,1,3,1,2,7,0,6,32,7,45,1,9,33,9,52,0,8,8,60
12/21/2022,ADQ,AK,AAL,WE,Federal Contract Tower,2,4,0,2,8,0,0,0,3,3,2,4,0,5,11,0,0,0,11
12/22/2022,ADQ,AK,AAL,WE,Federal Contract Tower,4,4,0,0,8,0,0,0,0,0,4,4,0,0,8,0,0,0,8
12/23/2022,ADQ,AK,AAL,WE,Federal Contract Tower,2,0,0,1,3,0,0,30,10,40,2,0,30,11,43,0,4,4,47
12/24/2022,ADQ,AK,AAL,WE,Federal Contract Tower,3,8,0,1,12,0,0,0,0,0,3,8,0,1,12,0,0,0,12
12/25/2022,ADQ,AK,AAL,WE,Federal Contract Tower,0,0,0,1,1,0,0,0,0,0,0,0,0,1,1,0,0,0,1
12/26/2022,ADQ,AK,AAL,WE,Federal Contract Tower,2,17,1,1,21,0,0,5,8,13,2,17,6,9,34,0,34,34,68
12/27/2022,ADQ,AK,AAL,WE,Federal Contract Tower,1,10,0,1,12,0,4,39,7,50,1,14,39,8,62,4,0,4,66
12/28/2022,ADQ,AK,AAL,WE,Federal Contract Tower,1,4,5,4,14,0,0,0,1,1,1,4,5,5,15,0,18,18,33
12/29/2022,ADQ,AK,AAL,WE,Federal Contract Tower,5,5,0,4,14,0,0,0,1,1,5,5,0,5,15,0,0,0,15
12/30/2022,ADQ,AK,AAL,WE,Federal Contract Tower,4,7,2,2,15,0,7,47,6,60,4,14,49,8,75,0,0,0,75
12/31/2022,ADQ,AK,AAL,WE,Federal Contract Tower,1,7,0,1,9,0,0,15,6,21,1,7,15,7,30,0,4,4,34
01/01/2023,ADQ,AK,AAL,WE,Federal Contract Tower,0,1,0,0,1,0,0,0,0,0,0,1,0,0,1,0,0,0,1
01/02/2023,ADQ,AK,AAL,WE,Federal Contract Tower,4,12,0,2,18,1,1,4,6,12,5,13,4,8,30,10,12,22,52
01/03/2023,ADQ,AK,AAL,WE,Federal Contract Tower,2,16,5,6,29,0,0,24,8,32,2,16,29,14,61,0,32,32,93
01/04/2023,ADQ,AK,AAL,WE,Federal Contract Tower,2,9,0,0,11,0,0,6,0,6,2,9,6,0,17,0,0,0,17
01/05/2023,ADQ,AK,AAL,WE,Federal Contract Tower,4,3,0,2,9,0,4,55,19,78,4,7,55,21,87,0,26,26,113
01/06/2023,ADQ,AK,AAL,WE,Federal Contract Tower,5,1,0,2,8,0,3,37,12,52,5,4,37,14,60,0,16,16,76
01/07/2023,ADQ,AK,AAL,WE,Federal Contract Tower,3,2,0,0,5,0,2,31,3,36,3,4,31,3,41,10,2,12,53
01/08/2023,ADQ,AK,AAL,WE,Federal Contract Tower,3,3,0,0,6,0,1,0,6,7,3,4,0,6,13,0,14,14,27
01/09/2023,ADQ,AK,AAL,WE,Federal Contract Tower,4,5,0,5,14,0,1,6,13,20,4,6,6,18,34,0,40,40,74
01/10/2023,ADQ,AK,AAL,WE,Federal Contract Tower,4,2,1,3,10,0,2,37,32,71,4,4,38,35,81,0,44,44,125
01/11/2023,ADQ,AK,AAL,WE,Federal Contract Tower,4,5,1,3,13,0,3,42,22,67,4,8,43,25,80,0,46,46,126
01/12/2023,ADQ,AK,AAL,WE,Federal Contract Tower,4,7,0,3,14,0,0,18,11,29,4,7,18,14,43,0,2,2,45
01/13/2023,ADQ,AK,AAL,WE,Federal Contract Tower,4,9,2,3,18,0,0,11,5,16,4,9,13,8,34,0,0,0,34
01/14/2023,ADQ,AK,AAL,WE,Federal Contract Tower,2,5,0,3,10,0,0,8,1,9,2,5,8,4,19,0,0,0,19
01/15/2023,ADQ,AK,AAL,WE,Federal Contract Tower,2,8,0,1,11,0,0,2,1,3,2,8,2,2,14,0,0,0,14
01/16/2023,ADQ,AK,AAL,WE,Federal Contract Tower,4,6,0,0,10,0,0,0,1,1,4,6,0,1,11,0,14,14,25
01/17/2023,ADQ,AK,AAL,WE,Federal Contract Tower,4,3,0,2,9,0,3,30,32,65,4,6,30,34,74,0,28,28,102
01/18/2023,ADQ,AK,AAL,WE,Federal Contract Tower,4,3,0,5,12,0,4,39,22,65,4,7,39,27,77,0,40,40,117
01/19/2023,ADQ,AK,AAL,WE,Federal Contract Tower,3,11,0,4,18,0,2,7,14,23,3,13,7,18,41,0,50,50,91
01/20/2023,ADQ,AK,AAL,WE,Federal Contract Tower,4,9,0,4,17,0,0,3,6,9,4,9,3,10,26,0,2,2,28
01/21/2023,ADQ,AK,AAL,WE,Federal Contract Tower,3,6,0,2,11,0,3,35,2,40,3,9,35,4,51,8,6,14,65
01/22/2023,ADQ,AK,AAL,WE,Federal Contract Tower,2,6,0,2,10,0,0,0,1,1,2,6,0,3,11,0,20,20,31
01/23/2023,ADQ,AK,AAL,WE,Federal Contract Tower,6,7,0,1,14,0,2,6,22,30,6,9,6,23,44,0,62,62,106
01/24/2023,ADQ,AK,AAL,WE,Federal Contract Tower,1,1,0,0,2,0,0,0,0,0,1,1,0,0,2,0,0,0,2
01/25/2023,ADQ,AK,AAL,WE,Federal Contract Tower,3,1,4,4,12,0,2,46,20,68,3,3,50,24,80,6,18,24,104
01/26/2023,ADQ,AK,AAL,WE,Federal Contract Tower,4,1,0,1,6,0,3,38,11,52,4,4,38,12,58,0,18,18,76
01/27/2023,ADQ,AK,AAL,WE,Federal Contract Tower,4,5,0,2,11,0,1,30,5,36,4,6,30,7,47,0,26,26,73
01/28/2023,ADQ,AK,AAL,WE,Federal Contract Tower,1,0,0,0,1,0,0,0,0,0,1,0,0,0,1,0,0,0,1
01/29/2023,ADQ,AK,AAL,WE,Federal Contract Tower,2,9,0,1,12,0,0,0,0,0,2,9,0,1,12,0,0,0,12
01/30/2023,ADQ,AK,AAL,WE,Federal Contract Tower,6,13,0,4,23,0,0,0,5,5,6,13,0,9,28,0,6,6,34
02/01/2023,ADQ,AK,AAL,WE,Federal Contract Tower,5,2,0,1,8,0,4,39,23,66,5,6,39,24,74,0,12,12,86
02/02/2023,ADQ,AK,AAL,WE,Federal Contract Tower,4,3,2,2,11,0,4,33,39,76,4,7,35,41,87,0,36,36,123
02/03/2023,ADQ,AK,AAL,WE,Federal Contract Tower,4,5,0,2,11,0,6,19,12,37,4,11,19,14,48,0,4,4,52
02/05/2023,ADQ,AK,AAL,WE,Federal Contract Tower,2,11,0,0,13,0,0,0,0,0,2,11,0,0,13,0,0,0,13
02/06/2023,ADQ,AK,AAL,WE,Federal Contract Tower,4,1,2,0,7,0,2,30,36,68,4,3,32,36,75,8,54,62,137
02/07/2023,ADQ,AK,AAL,WE,Federal Contract Tower,4,3,0,0,7,0,3,19,33,55,4,6,19,33,62,0,52,52,114
02/08/2023,ADQ,AK,AAL,WE,Federal Contract Tower,4,5,0,2,11,0,2,38,22,62,4,7,38,24,73,0,52,52,125
02/09/2023,ADQ,AK,AAL,WE,Federal Contract Tower,4,4,0,3,11,0,4,38,19,61,4,8,38,22,72,10,34,44,116
02/10/2023,ADQ,AK,AAL,WE,Federal Contract Tower,4,8,0,1,13,0,2,6,1,9,4,10,6,2,22,0,0,0,22
02/11/2023,ADQ,AK,AAL,WE,Federal Contract Tower,2,2,0,0,4,0,0,28,4,32,2,2,28,4,36,8,20,28,64
02/12/2023,ADQ,AK,AAL,WE,Federal Contract Tower,2,3,0,0,5,0,0,0,2,2,2,3,0,2,7,0,0,0,7
02/13/2023,ADQ,AK,AAL,WE,Federal Contract Tower,4,2,0,0,6,0,10,17,24,51,4,12,17,24,57,0,8,8,65
02/14/2023,ADQ,AK,AAL,WE,Federal Contract Tower,4,6,0,0,10,0,5,17,13,35,4,11,17,13,45,0,46,46,91
02/15/2023,ADQ,AK,AAL,WE,Federal Contract Tower,4,3,0,0,7,0,3,27,30,60,4,6,27,30,67,0,46,46,113
02/16/2023,ADQ,AK,AAL,WE,Federal Contract Tower,4,3,0,0,7,0,1,20,12,33,4,4,20,12,40,0,26,26,66
02/17/2023,ADQ,AK,AAL,WE,Federal Contract Tower,4,2,0,0,6,0,8,32,2,42,4,10,32,2,48,20,10,30,78
02/18/2023,ADQ,AK,AAL,WE,Federal Contract Tower,3,4,1,0,8,1,1,9,4,15,4,5,10,4,23,0,8,8,31
02/19/2023,ADQ,AK,AAL,WE,Federal Contract Tower,2,2,0,0,4,0,6,17,7,30,2,8,17,7,34,4,16,20,54
02/20/2023,ADQ,AK,AAL,WE,Federal Contract Tower,6,3,0,0,9,0,2,18,5,25,6,5,18,5,34,0,2,2,36
02/21/2023,ADQ,AK,AAL,WE,Federal Contract Tower,4,2,0,0,6,0,3,48,19,70,4,5,48,19,76,46,24,70,146
02/22/2023,ADQ,AK,AAL,WE,Federal Contract Tower,3,3,0,2,8,0,2,32,14,48,3,5,32,16,56,2,48,50,106
02/23/2023,ADQ,AK,AAL,WE,Federal Contract Tower,4,7,0,0,11,0,1,35,16,52,4,8,35,16,63,0,8,8,71
02/24/2023,ADQ,AK,AAL,WE,Federal Contract Tower,3,2,0,2,7,0,4,32,7,43,3,6,32,9,50,20,0,20,70
02/25/2023,ADQ,AK,AAL,WE,Federal Contract Tower,1,4,0,0,5,0,0,23,3,26,1,4,23,3,31,8,0,8,39
02/26/2023,ADQ,AK,AAL,WE,Federal Contract Tower,2,4,0,0,6,0,4,5,6,15,2,8,5,6,21,0,0,0,21
02/27/2023,ADQ,AK,AAL,WE,Federal Contract Tower,6,5,1,3,15,0,4,48,12,64,6,9,49,15,79,0,22,22,101
02/28/2023,ADQ,AK,AAL,WE,Federal Contract Tower,3,7,1,1,12,0,3,0,6,9,3,10,1,7,21,0,12,12,33
03/01/2023,ADQ,AK,AAL,WE,Federal Contract Tower,0,3,0,0,3,0,5,0,6,11,0,8,0,6,14,0,18,18,32
03/02/2023,ADQ,AK,AAL,WE,Federal Contract Tower,3,4,0,2,9,0,11,0,13,24,3,15,0,15,33,0,22,22,55
03/03/2023,ADQ,AK,AAL,WE,Federal Contract Tower,1,1,0,0,2,0,0,0,0,0,1,1,0,0,2,0,0,0,2
03/04/2023,ADQ,AK,AAL,WE,Federal Contract Tower,5,2,0,0,7,0,6,48,9,63,5,8,48,9,70,20,8,28,98
03/05/2023,ADQ,AK,AAL,WE,Federal Contract Tower,2,4,0,0,6,0,6,8,5,19,2,10,8,5,25,0,0,0,25
03/06/2023,ADQ,AK,AAL,WE,Federal Contract Tower,6,1,0,1,8,0,9,53,19,81,6,10,53,20,89,0,24,24,113
03/07/2023,ADQ,AK,AAL,WE,Federal Contract Tower,4,1,2,1,8,0,3,36,15,54,4,4,38,16,62,0,22,22,84
03/08/2023,ADQ,AK,AAL,WE,Federal Contract Tower,3,2,0,0,5,1,4,48,22,75,4,6,48,22,80,24,18,42,122
03/09/2023,ADQ,AK,AAL,WE,Federal Contract Tower,4,0,2,0,6,0,4,29,22,55,4,4,31,22,61,6,10,16,77
03/10/2023,ADQ,AK,AAL,WE,Federal Contract Tower,1,1,0,1,3,0,4,18,12,34,1,5,18,13,37,0,0,0,37
03/11/2023,ADQ,AK,AAL,WE,Federal Contract Tower,4,2,0,0,6,0,3,39,3,45,4,5,39,3,51,0,0,0,51
03/12/2023,ADQ,AK,AAL,WE,Federal Contract Tower,6,3,0,0,9,0,3,6,4,13,6,6,6,4,22,6,14,20,42
03/13/2023,ADQ,AK,AAL,WE,Federal Contract Tower,5,3,0,0,8,1,4,0,12,17,6,7,0,12,25,0,6,6,31
03/14/2023,ADQ,AK,AAL,WE,Federal Contract Tower,4,1,0,2,7,0,3,45,9,57,4,4,45,11,64,0,4,4,68
03/15/2023,ADQ,AK,AAL,WE,Federal Contract Tower,4,2,0,3,9,0,4,11,12,27,4,6,11,15,36,0,0,0,36
03/16/2023,ADQ,AK,AAL,WE,Federal Contract Tower,3,7,0,2,12,0,1,18,8,27,3,8,18,10,39,0,0,0,39
03/17/2023,ADQ,AK,AAL,WE,Federal Contract Tower,2,1,0,0,3,0,0,0,0,0,2,1,0,0,3,0,0,0,3
03/18/2023,ADQ,AK,AAL,WE,Federal Contract Tower,4,2,1,0,7,0,2,40,7,49,4,4,41,7,56,0,2,2,58
03/19/2023,ADQ,AK,AAL,WE,Federal Contract Tower,4,2,0,1,7,0,3,0,2,5,4,5,0,3,12,0,0,0,12
03/20/2023,ADQ,AK,AAL,WE,Federal Contract Tower,6,2,0,8,16,0,2,16,8,26,6,4,16,16,42,8,0,8,50
03/21/2023,ADQ,AK,AAL,WE,Federal Contract Tower,5,1,0,1,7,0,7,50,28,85,5,8,50,29,92,0,32,32,124
03/22/2023,ADQ,AK,AAL,WE,Federal Contract Tower,4,10,0,0,14,0,0,0,2,2,4,10,0,2,16,0,6,6,22
03/23/2023,ADQ,AK,AAL,WE,Federal Contract Tower,4,1,0,0,5,0,9,15,25,49,4,10,15,25,54,4,26,30,84
03/24/2023,ADQ,AK,AAL,WE,Federal Contract Tower,4,3,0,1,8,0,9,37,14,60,4,12,37,15,68,0,0,0,68
03/25/2023,ADQ,AK,AAL,WE,Federal Contract Tower,2,0,0,0,2,0,0,25,4,29,2,0,25,4,31,24,2,26,57
03/26/2023,ADQ,AK,AAL,WE,Federal Contract Tower,2,0,0,0,2,0,3,5,7,15,2,3,5,7,17,0,26,26,43
03/27/2023,ADQ,AK,AAL,WE,Federal Contract Tower,5,1,0,3,9,1,4,36,25,66,6,5,36,28,75,4,34,38,113
03/28/2023,ADQ,AK,AAL,WE,Federal Contract Tower,3,3,0,1,7,1,5,35,23,64,4,8,35,24,71,8,44,52,123
03/29/2023,ADQ,AK,AAL,WE,Federal Contract Tower,4,6,0,2,12,0,0,25,13,38,4,6,25,15,50,0,16,16,66
03/30/2023,ADQ,AK,AAL,WE,Federal Contract Tower,4,12,0,1,17,0,0,19,18,37,4,12,19,19,54,0,40,40,94
03/31/2023,ADQ,AK,AAL,WE,Federal Contract Tower,4,0,0,1,5,0,6,9,27,42,4,6,9,28,47,0,64,64,111
04/01/2023,ADQ,AK,AAL,WE,Federal Contract Tower,1,2,0,1,4,0,0,3,5,8,1,2,3,6,12,0,36,36,48
04/02/2023,ADQ,AK,AAL,WE,Federal Contract Tower,4,0,0,0,4,0,8,31,6,45,4,8,31,6,49,6,10,16,65
04/03/2023,ADQ,AK,AAL,WE,Federal Contract Tower,4,5,0,3,12,0,0,0,1,1,4,5,0,4,13,0,0,0,13
04/04/2023,ADQ,AK,AAL,WE,Federal Contract Tower,3,7,0,6,16,0,2,35,19,56,3,9,35,25,72,16,12,28,100
04/05/2023,ADQ,AK,AAL,WE,Federal Contract Tower,4,2,0,2,8,0,5,23,29,57,4,7,23,31,65,8,24,32,97
04/06/2023,ADQ,AK,AAL,WE,Federal Contract Tower,3,1,0,2,6,0,4,36,28,68,3,5,36,30,74,0,52,52,126
04/07/2023,ADQ,AK,AAL,WE,Federal Contract Tower,4,1,0,0,5,0,5,42,30,77,4,6,42,30,82,18,52,70,152
04/08/2023,ADQ,AK,AAL,WE,Federal Contract Tower,2,0,0,0,2,0,0,16,5,21,2,0,16,5,23,0,0,0,23
04/09/2023,ADQ,AK,AAL,WE,Federal Contract Tower,3,2,0,0,5,0,0,0,4,4,3,2,0,4,9,0,20,20,29
04/10/2023,ADQ,AK,AAL,WE,Federal Contract Tower,6,4,0,1,11,0,11,15,11,37,6,15,15,12,48,0,36,36,84
04/11/2023,ADQ,AK,AAL,WE,Federal Contract Tower,3,5,1,4,13,0,0,31,15,46,3,5,32,19,59,0,80,80,139
04/12/2023,ADQ,AK,AAL,WE,Federal Contract Tower,3,1,0,0,4,0,5,24,20,49,3,6,24,20,53,0,92,92,145
04/13/2023,ADQ,AK,AAL,WE,Federal Contract Tower,2,4,0,3,9,0,1,41,17,59,2,5,41,20,68,0,56,56,124
04/14/2023,ADQ,AK,AAL,WE,Federal Contract Tower,4,6,0,0,10,0,6,33,11,50,4,12,33,11,60,0,6,6,66
04/15/2023,ADQ,AK,AAL,WE,Federal Contract Tower,2,1,0,0,3,0,0,0,0,0,2,1,0,0,3,0,0,0,3
04/16/2023,ADQ,AK,AAL,WE,Federal Contract Tower,2,6,0,0,8,0,2,7,8,17,2,8,7,8,25,0,20,20,45
04/17/2023,ADQ,AK,AAL,WE,Federal Contract Tower,6,2,0,0,8,0,6,22,20,48,6,8,22,20,56,0,44,44,100
04/18/2023,ADQ,AK,AAL,WE,Federal Contract Tower,3,2,0,0,5,0,9,48,0,57,3,11,48,0,62,4,0,4,66
04/19/2023,ADQ,AK,AAL,WE,Federal Contract Tower,2,1,0,2,5,1,3,37,14,55,3,4,37,16,60,8,10,18,78
04/20/2023,ADQ,AK,AAL,WE,Federal Contract Tower,4,0,0,2,6,0,4,50,27,81,4,4,50,29,87,0,34,34,121
04/21/2023,ADQ,AK,AAL,WE,Federal Contract Tower,5,0,0,0,5,0,6,48,22,76,5,6,48,22,81,6,28,34,115
04/22/2023,ADQ,AK,AAL,WE,Federal Contract Tower,6,0,0,0,6,0,0,37,5,42,6,0,37,5,48,0,0,0,48
04/23/2023,ADQ,AK,AAL,WE,Federal Contract Tower,8,1,0,0,9,0,3,15,2,20,8,4,15,2,29,0,0,0,29
04/24/2023,ADQ,AK,AAL,WE,Federal Contract Tower,3,2,0,0,5,0,4,36,14,54,3,6,36,14,59,2,28,30,89
04/25/2023,ADQ,AK,AAL,WE,Federal Contract Tower,4,6,12,2,24,0,0,19,11,30,4,6,31,13,54,4,12,16,70
04/26/2023,ADQ,AK,AAL,WE,Federal Contract Tower,3,1,5,3,12,0,3,35,24,62,3,4,40,27,74,14,16,30,104
04/27/2023,ADQ,AK,AAL,WE,Federal Contract Tower,3,1,0,1,5,0,5,36,23,64,3,6,36,24,69,8,42,50,119
04/28/2023,ADQ,AK,AAL,WE,Federal Contract Tower,5,5,5,2,17,0,0,25,5,30,5,5,30,7,47,4,32,36,83
04/29/2023,ADQ,AK,AAL,WE,Federal Contract Tower,5,2,1,0,8,0,0,51,5,56,5,2,52,5,64,6,12,18,82
04/30/2023,ADQ,AK,AAL,WE,Federal Contract Tower,7,4,1,2,14,0,0,9,1,10,7,4,10,3,24,0,30,30,54
05/01/2023,ADQ,AK,AAL,WE,Federal Contract Tower,2,11,0,1,14,0,0,12,16,28,2,11,12,17,42,0,8,8,50
05/02/2023,ADQ,AK,AAL,WE,Federal Contract Tower,3,2,0,0,5,0,3,42,14,59,3,5,42,14,64,0,16,16,80
05/03/2023,ADQ,AK,AAL,WE,Federal Contract Tower,5,6,0,3,14,0,1,46,9,56,5,7,46,12,70,0,6,6,76
05/04/2023,ADQ,AK,AAL,WE,Federal Contract Tower,4,12,1,3,20,0,0,10,1,11,4,12,11,4,31,0,4,4,35
05/05/2023,ADQ,AK,AAL,WE,Federal Contract Tower,5,4,6,8,23,0,0,20,7,27,5,4,26,15,50,0,0,0,50
05/06/2023,ADQ,AK,AAL,WE,Federal Contract Tower,5,2,0,1,8,0,0,30,10,40,5,2,30,11,48,0,16,16,64
05/07/2023,ADQ,AK,AAL,WE,Federal Contract Tower,5,4,0,1,10,0,1,22,4,27,5,5,22,5,37,4,20,24,61
05/08/2023,ADQ,AK,AAL,WE,Federal Contract Tower,3,6,0,1,10,0,0,8,6,14,3,6,8,7,24,0,0,0,24
05/09/2023,ADQ,AK,AAL,WE,Federal Contract Tower,3,8,0,5,16,0,0,1,0,1,3,8,1,5,17,0,0,0,17
05/10/2023,ADQ,AK,AAL,WE,Federal Contract Tower,3,2,0,0,5,0,0,0,0,0,3,2,0,0,5,0,0,0,5
05/11/2023,ADQ,AK,AAL,WE,Federal Contract Tower,3,11,1,5,20,0,1,44,4,49,3,12,45,9,69,0,0,0,69
05/12/2023,ADQ,AK,AAL,WE,Federal Contract Tower,5,11,0,4,20,0,0,20,4,24,5,11,20,8,44,0,0,0,44
05/13/2023,ADQ,AK,AAL,WE,Federal Contract Tower,5,1,2,1,9,0,0,12,2,14,5,1,14,3,23,0,0,0,23
05/14/2023,ADQ,AK,AAL,WE,Federal Contract Tower,7,10,0,1,18,0,0,11,2,13,7,10,11,3,31,0,0,0,31
05/15/2023,ADQ,AK,AAL,WE,Federal Contract Tower,4,5,0,5,14,0,0,14,9,23,4,5,14,14,37,0,4,4,41
05/16/2023,ADQ,AK,AAL,WE,Federal Contract Tower,3,3,0,1,7,0,5,60,6,71,3,8,60,7,78,12,0,12,90
05/17/2023,ADQ,AK,AAL,WE,Federal Contract Tower,3,3,1,2,9,0,6,48,20,74,3,9,49,22,83,20,0,20,103
05/18/2023,ADQ,AK,AAL,WE,Federal Contract Tower,6,3,0,2,11,0,8,59,18,85,6,11,59,20,96,4,20,24,120
05/19/2023,ADQ,AK,AAL,WE,Federal Contract Tower,3,4,0,0,7,0,0,2,0,2,3,4,2,0,9,0,0,0,9
05/20/2023,ADQ,AK,AAL,WE,Federal Contract Tower,5,4,4,2,15,0,4,23,0,27,5,8,27,2,42,22,0,22,64
05/21/2023,ADQ,AK,AAL,WE,Federal Contract Tower,5,9,2,2,18,0,0,9,0,9,5,9,11,2,27,0,0,0,27
05/22/2023,ADQ,AK,AAL,WE,Federal Contract Tower,7,4,6,3,20,0,0,4,4,8,7,4,10,7,28,0,8,8,36
05/23/2023,ADQ,AK,AAL,WE,Federal Contract Tower,4,10,0,7,21,0,0,0,0,0,4,10,0,7,21,0,6,6,27
05/24/2023,ADQ,AK,AAL,WE,Federal Contract Tower,3,7,0,6,16,0,1,45,21,67,3,8,45,27,83,0,40,40,123
05/25/2023,ADQ,AK,AAL,WE,Federal Contract Tower,5,4,0,1,10,0,5,63,12,80,5,9,63,13,90,10,26,36,126
05/26/2023,ADQ,AK,AAL,WE,Federal Contract Tower,5,3,1,0,9,0,5,38,4,47,5,8,39,4,56,34,0,34,90
05/27/2023,ADQ,AK,AAL,WE,Federal Contract Tower,5,0,0,3,8,0,0,13,4,17,5,0,13,7,25,0,0,0,25
05/28/2023,ADQ,AK,AAL,WE,Federal Contract Tower,4,9,0,0,13,1,6,28,4,39,5,15,28,4,52,16,16,32,84
05/29/2023,ADQ,AK,AAL,WE,Federal Contract Tower,5,0,0,1,6,0,0,69,7,76,5,0,69,8,82,0,22,22,104
05/30/2023,ADQ,AK,AAL,WE,Federal Contract Tower,3,4,3,3,13,0,3,61,8,72,3,7,64,11,85,20,8,28,113
05/31/2023,ADQ,AK,AAL,WE,Federal Contract Tower,5,3,1,1,10,0,5,55,20,80,5,8,56,21,90,0,6,6,96
06/01/2023,ADQ,AK,AAL,WE,Federal Contract Tower,4,1,0,2,7,2,5,49,18,74,6,6,49,20,81,6,4,10,91
06/02/2023,ADQ,AK,AAL,WE,Federal Contract Tower,5,5,0,0,10,0,4,49,23,76,5,9,49,23,86,0,62,62,148
06/03/2023,ADQ,AK,AAL,WE,Federal Contract Tower,5,1,0,0,6,0,1,33,6,40,5,2,33,6,46,0,12,12,58
06/04/2023,ADQ,AK,AAL,WE,Federal Contract Tower,8,9,3,3,23,0,0,7,2,9,8,9,10,5,32,0,0,0,32
06/05/2023,ADQ,AK,AAL,WE,Federal Contract Tower,5,3,0,3,11,0,0,0,0,0,5,3,0,3,11,0,0,0,11
06/06/2023,ADQ,AK,AAL,WE,Federal Contract Tower,2,7,0,0,9,0,1,1,0,2,2,8,1,0,11,0,0,0,11
06/07/2023,ADQ,AK,AAL,WE,Federal Contract Tower,3,12,0,4,19,0,0,2,3,5,3,12,2,7,24,0,0,0,24
06/08/2023,ADQ,AK,AAL,WE,Federal Contract Tower,6,7,1,1,15,0,0,0,0,0,6,7,1,1,15,0,0,0,15
06/09/2023,ADQ,AK,AAL,WE,Federal Contract Tower,5,14,20,1,40,0,1,9,2,12,5,15,29,3,52,0,0,0,52
06/10/2023,ADQ,AK,AAL,WE,Federal Contract Tower,7,4,2,4,17,0,1,40,3,44,7,5,42,7,61,0,0,0,61
06/11/2023,ADQ,AK,AAL,WE,Federal Contract Tower,6,9,0,1,16,1,0,3,3,7,7,9,3,4,23,0,0,0,23
06/12/2023,ADQ,AK,AAL,WE,Federal Contract Tower,5,4,1,4,14,4,3,62,17,86,9,7,63,21,100,2,44,46,146
06/13/2023,ADQ,AK,AAL,WE,Federal Contract Tower,4,2,0,3,9,0,3,45,20,68,4,5,45,23,77,8,0,8,85
06/14/2023,ADQ,AK,AAL,WE,Federal Contract Tower,4,7,3,2,16,0,1,23,11,35,4,8,26,13,51,0,18,18,69
06/15/2023,ADQ,AK,AAL,WE,Federal Contract Tower,5,5,0,3,13,0,0,0,0,0,5,5,0,3,13,0,0,0,13
06/16/2023,ADQ,AK,AAL,WE,Federal Contract Tower,6,2,0,1,9,0,6,58,6,70,6,8,58,7,79,0,6,6,85
06/17/2023,ADQ,AK,AAL,WE,Federal Contract Tower,5,0,0,3,8,0,3,37,2,42,5,3,37,5,50,0,0,0,50
06/18/2023,ADQ,AK,AAL,WE,Federal Contract Tower,8,1,0,0,9,0,4,18,2,24,8,5,18,2,33,0,0,0,33
06/19/2023,ADQ,AK,AAL,WE,Federal Contract Tower,7,2,2,0,11,0,3,46,2,51,7,5,48,2,62,0,0,0,62
06/20/2023,ADQ,AK,AAL,WE,Federal Contract Tower,5,3,0,3,11,0,8,30,12,50,5,11,30,15,61,2,26,28,89
06/21/2023,ADQ,AK,AAL,WE,Federal Contract Tower,4,7,6,1,18,1,1,9,1,12,5,8,15,2,30,0,0,0,30
06/22/2023,ADQ,AK,AAL,WE,Federal Contract Tower,5,7,0,1,13,0,0,0,0,0,5,7,0,1,13,0,0,0,13
06/23/2023,ADQ,AK,AAL,WE,Federal Contract Tower,6,6,2,1,15,1,6,30,2,39,7,12,32,3,54,2,0,2,56
06/24/2023,ADQ,AK,AAL,WE,Federal Contract Tower,6,4,6,3,19,0,0,4,0,4,6,4,10,3,23,0,0,0,23
06/25/2023,ADQ,AK,AAL,WE,Federal Contract Tower,5,6,2,0,13,0,3,29,5,37,5,9,31,5,50,0,0,0,50
06/26/2023,ADQ,AK,AAL,WE,Federal Contract Tower,5,6,5,2,18,0,0,33,9,42,5,6,38,11,60,0,6,6,66
06/27/2023,ADQ,AK,AAL,WE,Federal Contract Tower,3,6,6,10,25,0,0,1,7,8,3,6,7,17,33,0,24,24,57
06/28/2023,ADQ,AK,AAL,WE,Federal Contract Tower,4,6,5,7,22,0,5,58,8,71,4,11,63,15,93,0,4,4,97
06/29/2023,ADQ,AK,AAL,WE,Federal Contract Tower,6,8,0,1,15,0,6,58,16,80,6,14,58,17,95,0,58,58,153
06/30/2023,ADQ,AK,AAL,WE,Federal Contract Tower,6,8,0,0,14,0,2,56,9,67,6,10,56,9,81,30,36,66,147
07/01/2023,ADQ,AK,AAL,WE,Federal Contract Tower,6,3,5,1,15,0,0,23,5,28,6,3,28,6,43,0,0,0,43
07/02/2023,ADQ,AK,AAL,WE,Federal Contract Tower,6,6,0,1,13,0,1,9,3,13,6,7,9,4,26,0,0,0,26
07/03/2023,ADQ,AK,AAL,WE,Federal Contract Tower,5,4,0,2,11,0,0,47,1,48,5,4,47,3,59,0,0,0,59
07/04/2023,ADQ,AK,AAL,WE,Federal Contract Tower,4,2,1,0,7,0,2,15,4,21,4,4,16,4,28,0,2,2,30
07/05/2023,ADQ,AK,AAL,WE,Federal Contract Tower,3,5,1,4,13,0,0,0,6,6,3,5,1,10,19,0,4,4,23
07/06/2023,ADQ,AK,AAL,WE,Federal Contract Tower,5,3,3,2,13,0,4,47,20,71,5,7,50,22,84,24,12,36,120
07/07/2023,ADQ,AK,AAL,WE,Federal Contract Tower,5,6,0,1,12,1,1,35,15,52,6,7,35,16,64,46,34,80,144
07/08/2023,ADQ,AK,AAL,WE,Federal Contract Tower,4,2,0,0,6,0,0,53,2,55,4,2,53,2,61,2,14,16,77
07/09/2023,ADQ,AK,AAL,WE,Federal Contract Tower,7,6,1,1,15,0,0,24,5,29,7,6,25,6,44,12,0,12,56
07/10/2023,ADQ,AK,AAL,WE,Federal Contract Tower,3,8,2,2,15,0,0,4,4,8,3,8,6,6,23,0,0,0,23
07/11/2023,ADQ,AK,AAL,WE,Federal Contract Tower,6,13,3,3,25,0,0,0,17,17,6,13,3,20,42,0,92,92,134
07/12/2023,ADQ,AK,AAL,WE,Federal Contract Tower,3,6,4,1,14,1,4,74,20,99,4,10,78,21,113,6,8,14,127
07/13/2023,ADQ,AK,AAL,WE,Federal Contract Tower,5,2,1,0,8,0,4,55,18,77,5,6,56,18,85,0,32,32,117
07/14/2023,ADQ,AK,AAL,WE,Federal Contract Tower,6,3,0,1,10,0,2,51,10,63,6,5,51,11,73,0,38,38,111
07/15/2023,ADQ,AK,AAL,WE,Federal Contract Tower,3,4,2,0,9,0,0,9,3,12,3,4,11,3,21,0,6,6,27
07/16/2023,ADQ,AK,AAL,WE,Federal Contract Tower,7,6,1,0,14,1,0,49,1,51,8,6,50,1,65,0,0,0,65
07/17/2023,ADQ,AK,AAL,WE,Federal Contract Tower,5,4,1,2,12,0,0,27,13,40,5,4,28,15,52,2,18,20,72
07/18/2023,ADQ,AK,AAL,WE,Federal Contract Tower,4,6,1,2,13,0,0,45,16,61,4,6,46,18,74,2,50,52,126
07/19/2023,ADQ,AK,AAL,WE,Federal Contract Tower,4,8,11,3,26,0,0,14,5,19,4,8,25,8,45,10,4,14,59
07/20/2023,ADQ,AK,AAL,WE,Federal Contract Tower,3,3,2,2,10,0,8,49,25,82,3,11,51,27,92,6,52,58,150
07/21/2023,ADQ,AK,AAL,WE,Federal Contract Tower,5,2,4,0,11,0,6,50,12,68,5,8,54,12,79,2,0,2,81
07/22/2023,ADQ,AK,AAL,WE,Federal Contract Tower,4,6,0,1,11,0,4,28,7,39,4,10,28,8,50,20,0,20,70
07/23/2023,ADQ,AK,AAL,WE,Federal Contract Tower,8,2,0,0,10,0,4,24,3,31,8,6,24,3,41,0,0,0,41
07/24/2023,ADQ,AK,AAL,WE,Federal Contract Tower,5,3,0,0,8,0,1,53,9,63,5,4,53,9,71,0,0,0,71
07/25/2023,ADQ,AK,AAL,WE,Federal Contract Tower,3,1,2,0,6,0,3,49,13,65,3,4,51,13,71,0,16,16,87
07/26/2023,ADQ,AK,AAL,WE,Federal Contract Tower,9,5,2,2,18,0,1,56,14,71,9,6,58,16,89,0,0,0,89
07/27/2023,ADQ,AK,AAL,WE,Federal Contract Tower,5,5,0,0,10,1,0,43,16,60,6,5,43,16,70,0,0,0,70
07/28/2023,ADQ,AK,AAL,WE,Federal Contract Tower,5,6,0,0,11,0,0,15,12,27,5,6,15,12,38,0,38,38,76
07/29/2023,ADQ,AK,AAL,WE,Federal Contract Tower,4,2,0,3,9,0,0,36,2,38,4,2,36,5,47,0,0,0,47
07/30/2023,ADQ,AK,AAL,WE,Federal Contract Tower,7,2,1,1,11,0,4,40,3,47,7,6,41,4,58,0,4,4,62
07/31/2023,ADQ,AK,AAL,WE,Federal Contract Tower,5,1,0,1,7,0,4,62,17,83,5,5,62,18,90,0,24,24,114
08/01/2023,ADQ,AK,AAL,WE,Federal Contract Tower,2,4,0,1,7,1,4,58,12,75,3,8,58,13,82,0,16,16,98
08/02/2023,ADQ,AK,AAL,WE,Federal Contract Tower,4,0,4,0,8,0,6,59,24,89,4,6,63,24,97,0,66,66,163
08/03/2023,ADQ,AK,AAL,WE,Federal Contract Tower,5,7,6,3,21,0,0,31,3,34,5,7,37,6,55,0,0,0,55
08/04/2023,ADQ,AK,AAL,WE,Federal Contract Tower,6,7,3,1,17,0,2,57,3,62,6,9,60,4,79,4,28,32,111
08/05/2023,ADQ,AK,AAL,WE,Federal Contract Tower,4,2,4,0,10,0,0,51,0,51,4,2,55,0,61,38,0,38,99
08/06/2023,ADQ,AK,AAL,WE,Federal Contract Tower,6,7,2,1,16,0,0,20,6,26,6,7,22,7,42,0,0,0,42
08/07/2023,ADQ,AK,AAL,WE,Federal Contract Tower,7,7,6,8,28,0,1,32,1,34,7,8,38,9,62,0,0,0,62
08/08/2023,ADQ,AK,AAL,WE,Federal Contract Tower,4,1,6,2,13,0,3,67,17,87,4,4,73,19,100,0,6,6,106
08/09/2023,ADQ,AK,AAL,WE,Federal Contract Tower,4,6,2,3,15,0,0,46,9,55,4,6,48,12,70,6,36,42,112
08/10/2023,ADQ,AK,AAL,WE,Federal Contract Tower,6,7,1,4,18,0,2,52,11,65,6,9,53,15,83,0,4,4,87
08/11/2023,ADQ,AK,AAL,WE,Federal Contract Tower,5,6,1,4,16,0,5,53,3,61,5,11,54,7,77,0,8,8,85
08/12/2023,ADQ,AK,AAL,WE,Federal Contract Tower,3,7,1,1,12,1,0,10,1,12,4,7,11,2,24,0,0,0,24
08/13/2023,ADQ,AK,AAL,WE,Federal Contract Tower,7,4,1,0,12,0,5,21,6,32,7,9,22,6,44,2,14,16,60
08/14/2023,ADQ,AK,AAL,WE,Federal Contract Tower,5,5,3,6,19,0,0,25,3,28,5,5,28,9,47,0,0,0,47
08/15/2023,ADQ,AK,AAL,WE,Federal Contract Tower,4,3,0,4,11,0,3,35,29,67,4,6,35,33,78,0,48,48,126
08/16/2023,ADQ,AK,AAL,WE,Federal Contract Tower,4,7,3,4,18,0,2,37,24,63,4,9,40,28,81,8,8,16,97
08/17/2023,ADQ,AK,AAL,WE,Federal Contract Tower,6,1,1,5,13,0,5,56,25,86,6,6,57,30,99,0,18,18,117
08/18/2023,ADQ,AK,AAL,WE,Federal Contract Tower,6,1,0,0,7,0,4,48,15,67,6,5,48,15,74,0,0,0,74
08/19/2023,ADQ,AK,AAL,WE,Federal Contract Tower,4,3,0,0,7,0,1,41,4,46,4,4,41,4,53,0,0,0,53
08/20/2023,ADQ,AK,AAL,WE,Federal Contract Tower,6,1,0,1,8,0,2,20,10,32,6,3,20,11,40,2,26,28,68
08/21/2023,ADQ,AK,AAL,WE,Federal Contract Tower,8,3,3,0,14,0,2,41,17,60,8,5,44,17,74,0,46,46,120
08/22/2023,ADQ,AK,AAL,WE,Federal Contract Tower,4,11,2,3,20,0,4,31,1,36,4,15,33,4,56,0,0,0,56
08/23/2023,ADQ,AK,AAL,WE,Federal Contract Tower,4,4,0,2,10,0,4,53,12,69,4,8,53,14,79,0,8,8,87
08/24/2023,ADQ,AK,AAL,WE,Federal Contract Tower,6,5,0,3,14,0,4,46,11,61,6,9,46,14,75,0,26,26,101
08/25/2023,ADQ,AK,AAL,WE,Federal Contract Tower,6,6,4,1,17,0,4,38,2,44,6,10,42,3,61,0,0,0,61
08/26/2023,ADQ,AK,AAL,WE,Federal Contract Tower,4,1,3,0,8,0,0,10,7,17,4,1,13,7,25,0,0,0,25
08/27/2023,ADQ,AK,AAL,WE,Federal Contract Tower,6,4,1,0,11,1,2,46,2,51,7,6,47,2,62,0,0,0,62
08/28/2023,ADQ,AK,AAL,WE,Federal Contract Tower,5,6,1,4,16,0,0,0,0,0,5,6,1,4,16,0,0,0,16
08/29/2023,ADQ,AK,AAL,WE,Federal Contract Tower,4,2,2,1,9,0,3,63,18,84,4,5,65,19,93,8,54,62,155
08/30/2023,ADQ,AK,AAL,WE,Federal Contract Tower,4,7,1,3,15,0,1,41,5,47,4,8,42,8,62,0,6,6,68
08/31/2023,ADQ,AK,AAL,WE,Federal Contract Tower,5,3,0,1,9,1,2,6,16,25,6,5,6,17,34,0,20,20,54
