01/01/2000,ADS,TX,ASW,CE,Towers with Display (VFR),0,6,22,0,28,0,7,148,0,155,0,13,170,0,183,8,0,8,191
01/02/2000,ADS,TX,ASW,CE,Towers with Display (VFR),0,16,73,0,89,0,0,196,0,196,0,16,269,0,285,20,0,20,305
01/03/2000,ADS,TX,ASW,CE,Towers with Display (VFR),0,18,63,0,81,0,19,134,0,153,0,37,197,0,234,18,0,18,252
01/04/2000,ADS,TX,ASW,CE,Towers with Display (VFR),0,23,73,0,96,2,17,241,0,260,2,40,314,0,356,16,0,16,372
01/05/2000,ADS,TX,ASW,CE,Towers with Display (VFR),0,26,86,0,112,0,18,220,0,238,0,44,306,0,350,8,0,8,358
01/06/2000,ADS,TX,ASW,CE,Towers with Display (VFR),0,34,113,0,147,0,6,310,0,316,0,40,423,0,463,51,0,51,514
01/07/2000,ADS,TX,ASW,CE,Towers with Display (VFR),0,28,113,0,141,0,0,62,1,63,0,28,175,1,204,0,0,0,204
01/08/2000,ADS,TX,ASW,CE,Towers with Display (VFR),0,23,127,0,150,0,0,38,0,38,0,23,165,0,188,2,0,2,190
01/09/2000,ADS,TX,ASW,CE,Towers with Display (VFR),0,12,69,0,81,0,0,344,1,345,0,12,413,1,426,19,0,19,445
01/10/2000,ADS,TX,ASW,CE,Towers with Display (VFR),0,21,68,0,89,0,12,328,1,341,0,33,396,1,430,4,0,4,434
01/11/2000,ADS,TX,ASW,CE,Towers with Display (VFR),0,27,90,0,117,0,8,373,0,381,0,35,463,0,498,14,0,14,512
01/12/2000,ADS,TX,ASW,CE,Towers with Display (VFR),0,37,129,0,166,0,0,255,0,255,0,37,384,0,421,6,0,6,427
01/13/2000,ADS,TX,ASW,CE,Towers with Display (VFR),0,33,115,0,148,0,0,352,0,352,0,33,467,0,500,4,0,4,504
01/14/2000,ADS,TX,ASW,CE,Towers with Display (VFR),0,35,116,0,151,0,0,403,0,403,0,35,519,0,554,22,0,22,576
01/15/2000,ADS,TX,ASW,CE,Towers with Display (VFR),0,20,92,0,112,0,0,270,0,270,0,20,362,0,382,23,0,23,405
01/16/2000,ADS,TX,ASW,CE,Towers with Display (VFR),0,9,80,0,89,0,0,324,0,324,0,9,404,0,413,50,0,50,463
01/17/2000,ADS,TX,ASW,CE,Towers with Display (VFR),0,20,106,0,126,0,0,286,0,286,0,20,392,0,412,70,0,70,482
01/18/2000,ADS,TX,ASW,CE,Towers with Display (VFR),0,34,114,0,148,0,6,322,0,328,0,40,436,0,476,5,0,5,481
01/19/2000,ADS,TX,ASW,CE,Towers with Display (VFR),0,33,111,0,144,0,2,350,0,352,0,35,461,0,496,10,0,10,506
01/20/2000,ADS,TX,ASW,CE,Towers with Display (VFR),0,25,85,0,110,0,11,372,0,383,0,36,457,0,493,2,0,2,495
01/21/2000,ADS,TX,ASW,CE,Towers with Display (VFR),0,30,103,0,133,0,9,318,0,327,0,39,421,0,460,6,0,6,466
01/22/2000,ADS,TX,ASW,CE,Towers with Display (VFR),0,21,74,0,95,0,6,373,0,379,0,27,447,0,474,34,0,34,508
01/23/2000,ADS,TX,ASW,CE,Towers with Display (VFR),0,19,77,0,96,0,0,409,0,409,0,19,486,0,505,26,0,26,531
01/24/2000,ADS,TX,ASW,CE,Towers with Display (VFR),0,25,87,0,112,0,2,357,0,359,0,27,444,0,471,14,0,14,485
01/25/2000,ADS,TX,ASW,CE,Towers with Display (VFR),0,22,77,0,99,0,5,285,0,290,0,27,362,0,389,6,0,6,395
01/26/2000,ADS,TX,ASW,CE,Towers with Display (VFR),0,18,114,0,132,0,0,268,0,268,0,18,382,0,400,8,0,8,408
01/27/2000,ADS,TX,ASW,CE,Towers with Display (VFR),0,12,41,0,53,0,0,1,0,1,0,12,42,0,54,0,0,0,54
01/28/2000,ADS,TX,ASW,CE,Towers with Display (VFR),0,28,97,0,125,1,16,23,0,40,1,44,120,0,165,0,0,0,165
01/29/2000,ADS,TX,ASW,CE,Towers with Display (VFR),0,14,47,0,61,0,7,76,0,83,0,21,123,0,144,0,0,0,144
01/30/2000,ADS,TX,ASW,CE,Towers with Display (VFR),0,10,53,0,63,0,0,297,0,297,0,10,350,0,360,11,0,11,371
01/31/2000,ADS,TX,ASW,CE,Towers with Display (VFR),0,15,91,0,106,0,0,293,0,293,0,15,384,0,399,0,0,0,399
02/01/2000,ADS,TX,ASW,CE,Towers with Display (VFR),0,18,101,0,119,0,0,250,0,250,0,18,351,0,369,6,0,6,375
02/02/2000,ADS,TX,ASW,CE,Towers with Display (VFR),0,22,112,0,134,0,0,293,8,301,0,22,405,8,435,0,0,0,435
02/03/2000,ADS,TX,ASW,CE,Towers with Display (VFR),0,18,117,0,135,0,0,389,2,391,0,18,506,2,526,16,0,16,542
02/04/2000,ADS,TX,ASW,CE,Towers with Display (VFR),0,28,127,0,155,0,6,353,0,359,0,34,480,0,514,0,0,0,514
02/05/2000,ADS,TX,ASW,CE,Towers with Display (VFR),0,11,46,0,57,0,4,500,0,504,0,15,546,0,561,8,0,8,569
02/06/2000,ADS,TX,ASW,CE,Towers with Display (VFR),0,16,80,0,96,0,0,409,0,409,0,16,489,0,505,38,0,38,543
02/07/2000,ADS,TX,ASW,CE,Towers with Display (VFR),0,29,135,0,164,0,2,184,0,186,0,31,319,0,350,18,0,18,368
02/08/2000,ADS,TX,ASW,CE,Towers with Display (VFR),0,24,107,0,131,0,8,419,0,427,0,32,526,0,558,20,0,20,578
02/09/2000,ADS,TX,ASW,CE,Towers with Display (VFR),0,23,106,0,129,0,1,270,0,271,0,24,376,0,400,40,0,40,440
02/10/2000,ADS,TX,ASW,CE,Towers with Display (VFR),0,22,130,0,152,0,0,349,0,349,0,22,479,0,501,14,0,14,515
02/11/2000,ADS,TX,ASW,CE,Towers with Display (VFR),0,27,122,0,149,0,3,244,0,247,0,30,366,0,396,12,0,12,408
02/12/2000,ADS,TX,ASW,CE,Towers with Display (VFR),0,17,83,0,100,0,0,259,0,259,0,17,342,0,359,26,0,26,385
02/13/2000,ADS,TX,ASW,CE,Towers with Display (VFR),0,8,66,0,74,0,0,287,0,287,0,8,353,0,361,4,0,4,365
02/14/2000,ADS,TX,ASW,CE,Towers with Display (VFR),0,18,88,0,106,0,0,357,0,357,0,18,445,0,463,10,0,10,473
02/15/2000,ADS,TX,ASW,CE,Towers with Display (VFR),0,19,99,0,118,0,0,415,0,415,0,19,514,0,533,3,0,3,536
02/16/2000,ADS,TX,ASW,CE,Towers with Display (VFR),0,22,250,0,272,0,0,63,0,63,0,22,313,0,335,2,0,2,337
02/17/2000,ADS,TX,ASW,CE,Towers with Display (VFR),0,30,146,0,176,0,0,90,0,90,0,30,236,0,266,0,0,0,266
02/18/2000,ADS,TX,ASW,CE,Towers with Display (VFR),0,25,121,0,146,0,11,286,0,297,0,36,407,0,443,6,0,6,449
02/19/2000,ADS,TX,ASW,CE,Towers with Display (VFR),0,15,75,0,90,0,10,497,0,507,0,25,572,0,597,30,0,30,627
02/20/2000,ADS,TX,ASW,CE,Towers with Display (VFR),0,17,83,0,100,0,1,411,0,412,0,18,494,0,512,32,0,32,544
02/21/2000,ADS,TX,ASW,CE,Towers with Display (VFR),0,28,136,0,164,0,3,256,0,259,0,31,392,0,423,34,0,34,457
02/22/2000,ADS,TX,ASW,CE,Towers with Display (VFR),0,16,96,0,112,0,0,39,0,39,0,16,135,0,151,0,0,0,151
02/23/2000,ADS,TX,ASW,CE,Towers with Display (VFR),0,21,102,0,123,0,10,290,1,301,0,31,392,1,424,4,0,4,428
02/24/2000,ADS,TX,ASW,CE,Towers with Display (VFR),0,31,150,0,181,0,2,98,0,100,0,33,248,0,281,0,0,0,281
02/25/2000,ADS,TX,ASW,CE,Towers with Display (VFR),0,21,103,0,124,0,16,149,0,165,0,37,252,0,289,8,0,8,297
02/26/2000,ADS,TX,ASW,CE,Towers with Display (VFR),0,14,70,0,84,0,4,324,0,328,0,18,394,0,412,6,0,6,418
02/27/2000,ADS,TX,ASW,CE,Towers with Display (VFR),0,13,61,0,74,0,1,566,0,567,0,14,627,0,641,20,0,20,661
02/28/2000,ADS,TX,ASW,CE,Towers with Display (VFR),0,19,90,0,109,0,2,344,0,346,0,21,434,0,455,20,0,20,475
02/29/2000,ADS,TX,ASW,CE,Towers with Display (VFR),0,18,113,0,131,0,0,204,0,204,0,18,317,0,335,30,0,30,365
03/01/2000,ADS,TX,ASW,CE,Towers with Display (VFR),0,26,137,0,163,0,0,375,2,377,0,26,512,2,540,20,0,20,560
03/02/2000,ADS,TX,ASW,CE,Towers with Display (VFR),0,18,98,0,116,0,0,57,0,57,0,18,155,0,173,12,0,12,185
03/03/2000,ADS,TX,ASW,CE,Towers with Display (VFR),0,32,145,0,177,0,0,211,0,211,0,32,356,0,388,8,0,8,396
03/04/2000,ADS,TX,ASW,CE,Towers with Display (VFR),0,13,59,0,72,0,7,509,0,516,0,20,568,0,588,19,0,19,607
03/05/2000,ADS,TX,ASW,CE,Towers with Display (VFR),0,16,72,0,88,0,2,438,0,440,0,18,510,0,528,12,0,12,540
03/06/2000,ADS,TX,ASW,CE,Towers with Display (VFR),0,25,110,0,135,0,6,205,0,211,0,31,315,0,346,14,0,14,360
03/07/2000,ADS,TX,ASW,CE,Towers with Display (VFR),0,18,157,0,175,0,0,89,0,89,0,18,246,0,264,2,0,2,266
03/08/2000,ADS,TX,ASW,CE,Towers with Display (VFR),0,25,110,0,135,0,2,344,0,346,0,27,454,0,481,10,0,10,491
03/09/2000,ADS,TX,ASW,CE,Towers with Display (VFR),0,29,135,0,164,0,4,460,0,464,0,33,595,0,628,8,0,8,636
03/10/2000,ADS,TX,ASW,CE,Towers with Display (VFR),0,25,132,0,157,0,0,41,0,41,0,25,173,0,198,0,0,0,198
03/11/2000,ADS,TX,ASW,CE,Towers with Display (VFR),0,13,60,0,73,0,3,398,0,401,0,16,458,0,474,42,0,42,516
03/12/2000,ADS,TX,ASW,CE,Towers with Display (VFR),0,12,78,0,90,0,0,519,0,519,0,12,597,0,609,26,0,26,635
03/13/2000,ADS,TX,ASW,CE,Towers with Display (VFR),0,17,91,0,108,0,0,411,0,411,0,17,502,0,519,38,0,38,557
03/14/2000,ADS,TX,ASW,CE,Towers with Display (VFR),0,15,118,0,133,0,0,247,0,247,0,15,365,0,380,10,0,10,390
03/15/2000,ADS,TX,ASW,CE,Towers with Display (VFR),0,31,143,0,174,0,6,287,0,293,0,37,430,0,467,20,0,20,487
03/16/2000,ADS,TX,ASW,CE,Towers with Display (VFR),0,31,144,0,175,0,9,164,0,173,0,40,308,0,348,32,0,32,380
03/17/2000,ADS,TX,ASW,CE,Towers with Display (VFR),0,20,112,0,132,0,0,60,0,60,0,20,172,0,192,0,0,0,192
03/18/2000,ADS,TX,ASW,CE,Towers with Display (VFR),0,20,111,0,131,0,0,119,0,119,0,20,230,0,250,6,0,6,256
03/19/2000,ADS,TX,ASW,CE,Towers with Display (VFR),0,22,103,0,125,0,1,342,0,343,0,23,445,0,468,34,0,34,502
03/20/2000,ADS,TX,ASW,CE,Towers with Display (VFR),0,21,97,0,118,0,3,336,1,340,0,24,433,1,458,16,0,16,474
03/21/2000,ADS,TX,ASW,CE,Towers with Display (VFR),0,17,95,0,112,0,0,141,0,141,0,17,236,0,253,0,0,0,253
03/22/2000,ADS,TX,ASW,CE,Towers with Display (VFR),0,26,124,0,150,0,0,49,0,49,0,26,173,0,199,0,0,0,199
03/23/2000,ADS,TX,ASW,CE,Towers with Display (VFR),0,20,94,0,114,0,13,160,1,174,0,33,254,1,288,14,0,14,302
03/24/2000,ADS,TX,ASW,CE,Towers with Display (VFR),0,20,97,0,117,0,4,507,1,512,0,24,604,1,629,20,0,20,649
03/25/2000,ADS,TX,ASW,CE,Towers with Display (VFR),0,14,65,0,79,0,4,324,0,328,0,18,389,0,407,33,0,33,440
03/26/2000,ADS,TX,ASW,CE,Towers with Display (VFR),0,17,80,0,97,0,0,370,0,370,0,17,450,0,467,32,0,32,499
03/27/2000,ADS,TX,ASW,CE,Towers with Display (VFR),0,16,78,0,94,0,6,445,0,451,0,22,523,0,545,32,0,32,577
03/28/2000,ADS,TX,ASW,CE,Towers with Display (VFR),0,18,88,0,106,0,6,349,0,355,0,24,437,0,461,9,0,9,470
03/29/2000,ADS,TX,ASW,CE,Towers with Display (VFR),0,19,90,0,109,0,5,297,0,302,0,24,387,0,411,17,0,17,428
03/30/2000,ADS,TX,ASW,CE,Towers with Display (VFR),0,26,144,0,170,0,0,323,4,327,0,26,467,4,497,10,0,10,507
03/31/2000,ADS,TX,ASW,CE,Towers with Display (VFR),0,21,101,0,122,0,5,349,0,354,0,26,450,0,476,14,0,14,490
04/01/2000,ADS,TX,ASW,CE,Towers with Display (VFR),0,0,72,0,72,0,14,75,0,89,0,14,147,0,161,0,0,0,161
04/02/2000,ADS,TX,ASW,CE,Towers with Display (VFR),0,22,118,0,140,1,3,35,0,39,1,25,153,0,179,0,0,0,179
04/03/2000,ADS,TX,ASW,CE,Towers with Display (VFR),0,21,108,0,129,0,3,212,0,215,0,24,320,0,344,12,0,12,356
04/04/2000,ADS,TX,ASW,CE,Towers with Display (VFR),0,21,111,0,132,0,9,498,0,507,0,30,609,0,639,10,0,10,649
04/05/2000,ADS,TX,ASW,CE,Towers with Display (VFR),0,25,130,0,155,0,14,400,0,414,0,39,530,0,569,8,0,8,577
04/06/2000,ADS,TX,ASW,CE,Towers with Display (VFR),0,24,126,0,150,0,14,314,0,328,0,38,440,0,478,40,0,40,518
04/07/2000,ADS,TX,ASW,CE,Towers with Display (VFR),0,17,87,0,104,0,6,286,0,292,0,23,373,0,396,24,0,24,420
04/08/2000,ADS,TX,ASW,CE,Towers with Display (VFR),0,10,51,0,61,0,18,410,0,428,0,28,461,0,489,42,0,42,531
04/09/2000,ADS,TX,ASW,CE,Towers with Display (VFR),0,17,84,0,101,0,2,410,1,413,0,19,494,1,514,14,0,14,528
04/10/2000,ADS,TX,ASW,CE,Towers with Display (VFR),0,26,149,0,175,0,0,140,0,140,0,26,289,0,315,33,0,33,348
04/11/2000,ADS,TX,ASW,CE,Towers with Display (VFR),0,21,104,0,125,0,3,20,0,23,0,24,124,0,148,2,0,2,150
04/12/2000,ADS,TX,ASW,CE,Towers with Display (VFR),0,31,156,0,187,0,2,12,0,14,0,33,168,0,201,2,0,2,203
04/13/2000,ADS,TX,ASW,CE,Towers with Display (VFR),0,27,160,0,187,0,0,266,0,266,0,27,426,0,453,26,0,26,479
04/14/2000,ADS,TX,ASW,CE,Towers with Display (VFR),0,34,172,0,206,0,1,207,0,208,0,35,379,0,414,4,0,4,418
04/15/2000,ADS,TX,ASW,CE,Towers with Display (VFR),0,21,104,0,125,0,2,120,0,122,0,23,224,0,247,3,0,3,250
04/16/2000,ADS,TX,ASW,CE,Towers with Display (VFR),0,7,114,0,121,0,0,218,0,218,0,7,332,0,339,27,0,27,366
04/17/2000,ADS,TX,ASW,CE,Towers with Display (VFR),0,22,112,0,134,0,0,383,0,383,0,22,495,0,517,6,0,6,523
04/18/2000,ADS,TX,ASW,CE,Towers with Display (VFR),0,16,120,0,136,0,0,381,4,385,0,16,501,4,521,37,0,37,558
04/19/2000,ADS,TX,ASW,CE,Towers with Display (VFR),0,25,123,0,148,0,14,212,0,226,0,39,335,0,374,2,0,2,376
04/20/2000,ADS,TX,ASW,CE,Towers with Display (VFR),0,29,155,0,184,0,0,410,0,410,0,29,565,0,594,2,0,2,596
04/21/2000,ADS,TX,ASW,CE,Towers with Display (VFR),0,19,93,0,112,0,1,463,0,464,0,20,556,0,576,24,0,24,600
04/22/2000,ADS,TX,ASW,CE,Towers with Display (VFR),0,8,40,0,48,0,8,418,0,426,0,16,458,0,474,32,0,32,506
04/23/2000,ADS,TX,ASW,CE,Towers with Display (VFR),0,7,58,0,65,0,0,147,0,147,0,7,205,0,212,0,0,0,212
04/24/2000,ADS,TX,ASW,CE,Towers with Display (VFR),0,16,122,0,138,0,0,303,0,303,0,16,425,0,441,0,0,0,441
04/25/2000,ADS,TX,ASW,CE,Towers with Display (VFR),0,21,131,0,152,0,0,466,0,466,0,21,597,0,618,14,0,14,632
04/26/2000,ADS,TX,ASW,CE,Towers with Display (VFR),0,13,98,0,111,0,0,420,2,422,0,13,518,2,533,7,0,7,540
04/27/2000,ADS,TX,ASW,CE,Towers with Display (VFR),0,19,106,0,125,0,0,195,0,195,0,19,301,0,320,0,0,0,320
04/28/2000,ADS,TX,ASW,CE,Towers with Display (VFR),0,17,90,0,107,0,4,442,0,446,0,21,532,0,553,16,0,16,569
04/29/2000,ADS,TX,ASW,CE,Towers with Display (VFR),0,6,66,0,72,0,0,258,0,258,0,6,324,0,330,10,0,10,340
04/30/2000,ADS,TX,ASW,CE,Towers with Display (VFR),0,10,100,0,110,0,0,70,0,70,0,10,170,0,180,0,0,0,180
05/01/2000,ADS,TX,ASW,CE,Towers with Display (VFR),0,24,107,0,131,0,0,179,0,179,0,24,286,0,310,24,0,24,334
05/02/2000,ADS,TX,ASW,CE,Towers with Display (VFR),0,29,114,0,143,0,9,315,0,324,0,38,429,0,467,28,0,28,495
05/03/2000,ADS,TX,ASW,CE,Towers with Display (VFR),0,30,119,0,149,0,5,112,0,117,0,35,231,0,266,2,0,2,268
05/04/2000,ADS,TX,ASW,CE,Towers with Display (VFR),0,32,128,0,160,0,2,172,0,174,0,34,300,0,334,0,0,0,334
05/05/2000,ADS,TX,ASW,CE,Towers with Display (VFR),0,26,101,0,127,0,4,30,0,34,0,30,131,0,161,0,0,0,161
05/06/2000,ADS,TX,ASW,CE,Towers with Display (VFR),0,13,78,0,91,0,0,80,0,80,0,13,158,0,171,8,0,8,179
05/07/2000,ADS,TX,ASW,CE,Towers with Display (VFR),0,9,74,0,83,0,0,238,0,238,0,9,312,0,321,12,0,12,333
05/08/2000,ADS,TX,ASW,CE,Towers with Display (VFR),0,24,89,0,113,0,4,277,0,281,0,28,366,0,394,12,0,12,406
05/09/2000,ADS,TX,ASW,CE,Towers with Display (VFR),0,39,160,1,200,0,0,240,3,243,0,39,400,4,443,2,0,2,445
05/10/2000,ADS,TX,ASW,CE,Towers with Display (VFR),0,40,163,1,204,0,0,260,9,269,0,40,423,10,473,46,0,46,519
05/11/2000,ADS,TX,ASW,CE,Towers with Display (VFR),0,39,163,0,202,0,0,224,0,224,0,39,387,0,426,6,0,6,432
05/12/2000,ADS,TX,ASW,CE,Towers with Display (VFR),0,39,146,0,185,0,4,226,0,230,0,43,372,0,415,4,0,4,419
05/13/2000,ADS,TX,ASW,CE,Towers with Display (VFR),0,16,79,0,95,0,0,393,0,393,0,16,472,0,488,22,0,22,510
05/14/2000,ADS,TX,ASW,CE,Towers with Display (VFR),0,11,48,0,59,0,0,379,0,379,0,11,427,0,438,20,0,20,458
05/15/2000,ADS,TX,ASW,CE,Towers with Display (VFR),0,15,101,0,116,0,0,367,0,367,0,15,468,0,483,0,0,0,483
05/16/2000,ADS,TX,ASW,CE,Towers with Display (VFR),0,31,134,0,165,0,0,204,0,204,0,31,338,0,369,11,0,11,380
05/17/2000,ADS,TX,ASW,CE,Towers with Display (VFR),0,18,123,0,141,0,0,156,0,156,0,18,279,0,297,4,0,4,301
05/18/2000,ADS,TX,ASW,CE,Towers with Display (VFR),0,28,134,1,163,0,0,183,2,185,0,28,317,3,348,10,0,10,358
05/19/2000,ADS,TX,ASW,CE,Towers with Display (VFR),0,25,97,0,122,0,20,124,0,144,0,45,221,0,266,2,0,2,268
05/20/2000,ADS,TX,ASW,CE,Towers with Display (VFR),0,21,80,0,101,0,15,445,0,460,0,36,525,0,561,52,0,52,613
05/21/2000,ADS,TX,ASW,CE,Towers with Display (VFR),0,19,79,0,98,0,0,399,0,399,0,19,478,0,497,68,0,68,565
05/22/2000,ADS,TX,ASW,CE,Towers with Display (VFR),0,20,80,0,100,0,0,295,0,295,0,20,375,0,395,42,0,42,437
05/23/2000,ADS,TX,ASW,CE,Towers with Display (VFR),0,32,122,0,154,0,16,387,0,403,0,48,509,0,557,14,0,14,571
05/24/2000,ADS,TX,ASW,CE,Towers with Display (VFR),0,38,147,0,185,0,9,343,0,352,0,47,490,0,537,14,0,14,551
05/25/2000,ADS,TX,ASW,CE,Towers with Display (VFR),0,28,107,0,135,0,12,298,2,312,0,40,405,2,447,18,0,18,465
05/26/2000,ADS,TX,ASW,CE,Towers with Display (VFR),0,41,158,0,199,0,14,149,0,163,0,55,307,0,362,24,0,24,386
05/27/2000,ADS,TX,ASW,CE,Towers with Display (VFR),0,17,88,0,105,0,0,187,0,187,0,17,275,0,292,4,0,4,296
05/28/2000,ADS,TX,ASW,CE,Towers with Display (VFR),0,13,60,0,73,0,0,328,0,328,0,13,388,0,401,26,0,26,427
05/29/2000,ADS,TX,ASW,CE,Towers with Display (VFR),0,10,74,0,84,0,0,463,0,463,0,10,537,0,547,12,0,12,559
05/30/2000,ADS,TX,ASW,CE,Towers with Display (VFR),0,28,109,0,137,0,6,322,0,328,0,34,431,0,465,10,0,10,475
05/31/2000,ADS,TX,ASW,CE,Towers with Display (VFR),0,30,113,0,143,0,13,354,1,368,0,43,467,1,511,2,0,2,513
06/01/2000,ADS,TX,ASW,CE,Towers with Display (VFR),0,33,118,0,151,0,13,374,0,387,0,46,492,0,538,12,0,12,550
06/02/2000,ADS,TX,ASW,CE,Towers with Display (VFR),0,29,106,0,135,0,0,309,0,309,0,29,415,0,444,16,0,16,460
06/03/2000,ADS,TX,ASW,CE,Towers with Display (VFR),0,17,76,0,93,0,0,196,0,196,0,17,272,0,289,138,0,138,427
06/04/2000,ADS,TX,ASW,CE,Towers with Display (VFR),0,19,100,0,119,0,0,58,0,58,0,19,158,0,177,152,0,152,329
06/05/2000,ADS,TX,ASW,CE,Towers with Display (VFR),0,34,116,0,150,0,0,320,0,320,0,34,436,0,470,24,0,24,494
06/06/2000,ADS,TX,ASW,CE,Towers with Display (VFR),0,25,100,0,125,0,0,453,0,453,0,25,553,0,578,26,0,26,604
06/07/2000,ADS,TX,ASW,CE,Towers with Display (VFR),0,33,113,0,146,0,1,437,0,438,0,34,550,0,584,8,0,8,592
06/08/2000,ADS,TX,ASW,CE,Towers with Display (VFR),0,37,133,0,170,0,0,422,0,422,0,37,555,0,592,32,0,32,624
06/09/2000,ADS,TX,ASW,CE,Towers with Display (VFR),0,38,131,0,169,0,4,63,0,67,0,42,194,0,236,2,0,2,238
06/10/2000,ADS,TX,ASW,CE,Towers with Display (VFR),0,16,80,0,96,0,0,30,0,30,0,16,110,0,126,26,0,26,152
06/11/2000,ADS,TX,ASW,CE,Towers with Display (VFR),0,24,117,0,141,0,0,31,0,31,0,24,148,0,172,30,0,30,202
06/12/2000,ADS,TX,ASW,CE,Towers with Display (VFR),0,27,115,0,142,0,0,172,0,172,0,27,287,0,314,12,0,12,326
06/13/2000,ADS,TX,ASW,CE,Towers with Display (VFR),0,37,128,0,165,0,8,361,0,369,0,45,489,0,534,34,0,34,568
06/14/2000,ADS,TX,ASW,CE,Towers with Display (VFR),0,34,114,0,148,0,6,110,0,116,0,40,224,0,264,20,0,20,284
06/15/2000,ADS,TX,ASW,CE,Towers with Display (VFR),0,58,199,0,257,0,10,147,0,157,0,68,346,0,414,16,0,16,430
06/16/2000,ADS,TX,ASW,CE,Towers with Display (VFR),0,38,131,0,169,0,16,278,0,294,0,54,409,0,463,22,0,22,485
06/17/2000,ADS,TX,ASW,CE,Towers with Display (VFR),0,22,84,0,106,0,0,78,0,78,0,22,162,0,184,18,0,18,202
06/18/2000,ADS,TX,ASW,CE,Towers with Display (VFR),0,26,103,0,129,0,0,191,0,191,0,26,294,0,320,125,0,125,445
06/19/2000,ADS,TX,ASW,CE,Towers with Display (VFR),0,37,132,0,169,0,0,166,1,167,0,37,298,1,336,34,0,34,370
06/20/2000,ADS,TX,ASW,CE,Towers with Display (VFR),0,33,117,0,150,0,4,295,0,299,0,37,412,0,449,30,0,30,479
06/21/2000,ADS,TX,ASW,CE,Towers with Display (VFR),0,38,135,0,173,0,24,209,0,233,0,62,344,0,406,20,0,20,426
06/22/2000,ADS,TX,ASW,CE,Towers with Display (VFR),0,48,169,0,217,0,1,348,0,349,0,49,517,0,566,18,0,18,584
06/23/2000,ADS,TX,ASW,CE,Towers with Display (VFR),0,31,160,0,191,0,0,354,0,354,0,31,514,0,545,4,0,4,549
06/24/2000,ADS,TX,ASW,CE,Towers with Display (VFR),0,22,110,0,132,0,0,423,0,423,0,22,533,0,555,122,0,122,677
06/25/2000,ADS,TX,ASW,CE,Towers with Display (VFR),0,14,76,0,90,0,0,408,0,408,0,14,484,0,498,103,0,103,601
06/26/2000,ADS,TX,ASW,CE,Towers with Display (VFR),0,33,117,0,150,0,1,264,0,265,0,34,381,0,415,44,0,44,459
06/27/2000,ADS,TX,ASW,CE,Towers with Display (VFR),0,28,99,0,127,0,4,203,0,207,0,32,302,0,334,28,0,28,362
06/28/2000,ADS,TX,ASW,CE,Towers with Display (VFR),0,39,138,0,177,1,1,313,0,315,1,40,451,0,492,12,0,12,504
06/29/2000,ADS,TX,ASW,CE,Towers with Display (VFR),0,38,133,0,171,0,14,421,0,435,0,52,554,0,606,30,0,30,636
06/30/2000,ADS,TX,ASW,CE,Towers with Display (VFR),0,48,169,0,217,0,6,325,0,331,0,54,494,0,548,15,0,15,563
07/01/2000,ADS,TX,ASW,CE,Towers with Display (VFR),0,16,106,0,122,0,0,278,0,278,0,16,384,0,400,28,0,28,428
07/02/2000,ADS,TX,ASW,CE,Towers with Display (VFR),0,14,62,0,76,0,3,273,0,276,0,17,335,0,352,44,0,44,396
07/03/2000,ADS,TX,ASW,CE,Towers with Display (VFR),0,14,87,0,101,0,0,340,0,340,0,14,427,0,441,126,0,126,567
07/04/2000,ADS,TX,ASW,CE,Towers with Display (VFR),0,13,61,0,74,0,6,313,0,319,0,19,374,0,393,30,0,30,423
07/05/2000,ADS,TX,ASW,CE,Towers with Display (VFR),0,31,129,0,160,0,12,336,0,348,0,43,465,0,508,49,0,49,557
07/06/2000,ADS,TX,ASW,CE,Towers with Display (VFR),0,29,121,1,151,0,0,405,3,408,0,29,526,4,559,80,0,80,639
07/07/2000,ADS,TX,ASW,CE,Towers with Display (VFR),0,23,98,1,122,0,1,406,0,407,0,24,504,1,529,24,0,24,553
07/08/2000,ADS,TX,ASW,CE,Towers with Display (VFR),0,12,51,0,63,0,3,627,0,630,0,15,678,0,693,176,0,176,869
07/09/2000,ADS,TX,ASW,CE,Towers with Display (VFR),0,14,79,1,94,0,0,473,0,473,0,14,552,1,567,110,0,110,677
07/10/2000,ADS,TX,ASW,CE,Towers with Display (VFR),0,22,92,0,114,0,7,295,0,302,0,29,387,0,416,6,0,6,422
07/11/2000,ADS,TX,ASW,CE,Towers with Display (VFR),0,20,123,0,143,0,0,372,0,372,0,20,495,0,515,28,0,28,543
07/12/2000,ADS,TX,ASW,CE,Towers with Display (VFR),0,29,120,1,150,0,9,354,1,364,0,38,474,2,514,54,0,54,568
07/13/2000,ADS,TX,ASW,CE,Towers with Display (VFR),0,36,149,1,186,0,0,400,1,401,0,36,549,2,587,44,0,44,631
07/14/2000,ADS,TX,ASW,CE,Towers with Display (VFR),0,27,113,0,140,0,12,367,0,379,0,39,480,0,519,12,0,12,531
07/15/2000,ADS,TX,ASW,CE,Towers with Display (VFR),0,16,86,0,102,5,0,410,0,415,5,16,496,0,517,26,0,26,543
07/16/2000,ADS,TX,ASW,CE,Towers with Display (VFR),0,14,92,0,106,0,0,388,0,388,0,14,480,0,494,90,0,90,584
07/17/2000,ADS,TX,ASW,CE,Towers with Display (VFR),0,25,103,0,128,0,6,305,0,311,0,31,408,0,439,32,0,32,471
07/18/2000,ADS,TX,ASW,CE,Towers with Display (VFR),0,27,112,0,139,0,8,364,0,372,0,35,476,0,511,58,0,58,569
07/19/2000,ADS,TX,ASW,CE,Towers with Display (VFR),0,41,172,0,213,0,2,370,0,372,0,43,542,0,585,54,0,54,639
07/20/2000,ADS,TX,ASW,CE,Towers with Display (VFR),0,24,124,0,148,0,0,403,0,403,0,24,527,0,551,24,0,24,575
07/21/2000,ADS,TX,ASW,CE,Towers with Display (VFR),0,31,153,0,184,0,0,389,0,389,0,31,542,0,573,6,0,6,579
07/22/2000,ADS,TX,ASW,CE,Towers with Display (VFR),0,16,68,0,84,0,2,306,0,308,0,18,374,0,392,32,0,32,424
07/23/2000,ADS,TX,ASW,CE,Towers with Display (VFR),0,12,107,0,119,0,0,405,0,405,0,12,512,0,524,68,0,68,592
07/24/2000,ADS,TX,ASW,CE,Towers with Display (VFR),0,31,131,0,162,0,5,359,1,365,0,36,490,1,527,56,0,56,583
07/25/2000,ADS,TX,ASW,CE,Towers with Display (VFR),0,25,155,0,180,0,0,380,4,384,0,25,535,4,564,6,0,6,570
07/26/2000,ADS,TX,ASW,CE,Towers with Display (VFR),0,33,152,0,185,0,0,388,0,388,0,33,540,0,573,16,0,16,589
07/27/2000,ADS,TX,ASW,CE,Towers with Display (VFR),0,34,143,0,177,0,7,314,0,321,0,41,457,0,498,16,0,16,514
07/28/2000,ADS,TX,ASW,CE,Towers with Display (VFR),0,34,144,0,178,0,16,339,0,355,0,50,483,0,533,16,0,16,549
07/29/2000,ADS,TX,ASW,CE,Towers with Display (VFR),0,17,74,0,91,0,5,338,0,343,0,22,412,0,434,62,0,62,496
07/30/2000,ADS,TX,ASW,CE,Towers with Display (VFR),0,19,81,0,100,0,1,417,0,418,0,20,498,0,518,130,0,130,648
07/31/2000,ADS,TX,ASW,CE,Towers with Display (VFR),0,18,107,0,125,0,0,339,2,341,0,18,446,2,466,10,0,10,476
08/01/2000,ADS,TX,ASW,CE,Towers with Display (VFR),0,27,109,0,136,0,0,376,4,380,0,27,485,4,516,18,0,18,534
08/02/2000,ADS,TX,ASW,CE,Towers with Display (VFR),0,30,113,0,143,0,1,352,0,353,0,31,465,0,496,22,0,22,518
08/03/2000,ADS,TX,ASW,CE,Towers with Display (VFR),0,27,122,0,149,0,0,401,0,401,0,27,523,0,550,42,0,42,592
08/04/2000,ADS,TX,ASW,CE,Towers with Display (VFR),0,32,126,0,158,0,0,394,1,395,0,32,520,1,553,12,0,12,565
08/05/2000,ADS,TX,ASW,CE,Towers with Display (VFR),0,24,91,0,115,0,3,362,0,365,0,27,453,0,480,32,0,32,512
08/06/2000,ADS,TX,ASW,CE,Towers with Display (VFR),0,18,99,1,118,0,0,375,0,375,0,18,474,1,493,58,0,58,551
08/07/2000,ADS,TX,ASW,CE,Towers with Display (VFR),0,26,112,0,138,0,0,348,0,348,0,26,460,0,486,4,0,4,490
08/08/2000,ADS,TX,ASW,CE,Towers with Display (VFR),0,33,122,1,156,0,38,335,2,375,0,71,457,3,531,12,0,12,543
08/09/2000,ADS,TX,ASW,CE,Towers with Display (VFR),0,35,130,0,165,0,7,402,0,409,0,42,532,0,574,10,0,10,584
08/10/2000,ADS,TX,ASW,CE,Towers with Display (VFR),0,32,135,0,167,0,0,370,0,370,0,32,505,0,537,0,0,0,537
08/11/2000,ADS,TX,ASW,CE,Towers with Display (VFR),0,31,115,1,147,0,0,373,1,374,0,31,488,2,521,18,2,20,541
08/12/2000,ADS,TX,ASW,CE,Towers with Display (VFR),0,15,66,1,82,0,0,456,1,457,0,15,522,2,539,56,2,58,597
08/13/2000,ADS,TX,ASW,CE,Towers with Display (VFR),0,13,104,0,117,0,0,388,0,388,0,13,492,0,505,56,0,56,561
08/14/2000,ADS,TX,ASW,CE,Towers with Display (VFR),0,29,102,1,132,0,2,307,0,309,0,31,409,1,441,2,0,2,443
08/15/2000,ADS,TX,ASW,CE,Towers with Display (VFR),0,39,140,0,179,0,3,279,0,282,0,42,419,0,461,32,0,32,493
08/16/2000,ADS,TX,ASW,CE,Towers with Display (VFR),0,36,126,1,163,0,6,366,1,373,0,42,492,2,536,64,2,66,602
08/17/2000,ADS,TX,ASW,CE,Towers with Display (VFR),0,35,124,0,159,0,0,359,0,359,0,35,483,0,518,38,0,38,556
08/18/2000,ADS,TX,ASW,CE,Towers with Display (VFR),0,36,129,0,165,0,10,323,0,333,0,46,452,0,498,24,0,24,522
08/19/2000,ADS,TX,ASW,CE,Towers with Display (VFR),0,18,65,0,83,0,2,376,0,378,0,20,441,0,461,50,0,50,511
08/20/2000,ADS,TX,ASW,CE,Towers with Display (VFR),0,17,83,0,100,0,0,326,0,326,0,17,409,0,426,57,0,57,483
08/21/2000,ADS,TX,ASW,CE,Towers with Display (VFR),0,30,110,1,141,0,0,350,3,353,0,30,460,4,494,34,0,34,528
08/22/2000,ADS,TX,ASW,CE,Towers with Display (VFR),0,40,142,0,182,0,13,305,0,318,0,53,447,0,500,10,0,10,510
08/23/2000,ADS,TX,ASW,CE,Towers with Display (VFR),0,39,141,1,181,0,3,379,2,384,0,42,520,3,565,112,0,112,677
08/24/2000,ADS,TX,ASW,CE,Towers with Display (VFR),0,31,123,1,155,1,0,412,1,414,1,31,535,2,569,26,0,26,595
08/25/2000,ADS,TX,ASW,CE,Towers with Display (VFR),0,36,129,0,165,0,11,401,0,412,0,47,530,0,577,80,0,80,657
08/26/2000,ADS,TX,ASW,CE,Towers with Display (VFR),0,8,79,0,87,0,0,465,0,465,0,8,544,0,552,99,0,99,651
08/27/2000,ADS,TX,ASW,CE,Towers with Display (VFR),0,15,80,1,96,0,0,367,3,370,0,15,447,4,466,60,0,60,526
08/28/2000,ADS,TX,ASW,CE,Towers with Display (VFR),0,34,120,0,154,0,8,272,0,280,0,42,392,0,434,10,0,10,444
08/29/2000,ADS,TX,ASW,CE,Towers with Display (VFR),0,34,120,0,154,7,7,296,0,310,7,41,416,0,464,53,0,53,517
08/30/2000,ADS,TX,ASW,CE,Towers with Display (VFR),0,40,144,0,184,1,6,374,0,381,1,46,518,0,565,18,0,18,583
08/31/2000,ADS,TX,ASW,CE,Towers with Display (VFR),0,39,139,0,178,1,18,333,0,352,1,57,472,0,530,82,0,82,612
09/01/2000,ADS,TX,ASW,CE,Towers with Display (VFR),1,44,151,0,196,2,7,352,0,361,3,51,503,0,557,54,0,54,611
09/02/2000,ADS,TX,ASW,CE,Towers with Display (VFR),1,19,68,0,88,0,1,324,0,325,1,20,392,0,413,44,0,44,457
09/03/2000,ADS,TX,ASW,CE,Towers with Display (VFR),0,11,49,0,60,0,0,238,0,238,0,11,287,0,298,24,0,24,322
09/04/2000,ADS,TX,ASW,CE,Towers with Display (VFR),0,19,88,0,107,0,0,285,0,285,0,19,373,0,392,28,0,28,420
09/05/2000,ADS,TX,ASW,CE,Towers with Display (VFR),1,21,78,0,100,5,0,212,0,217,6,21,290,0,317,4,0,4,321
09/06/2000,ADS,TX,ASW,CE,Towers with Display (VFR),0,34,119,0,153,0,7,353,0,360,0,41,472,0,513,8,0,8,521
09/07/2000,ADS,TX,ASW,CE,Towers with Display (VFR),0,33,112,0,145,0,9,342,0,351,0,42,454,0,496,71,0,71,567
09/08/2000,ADS,TX,ASW,CE,Towers with Display (VFR),0,37,167,1,205,0,0,268,5,273,0,37,435,6,478,52,0,52,530
09/09/2000,ADS,TX,ASW,CE,Towers with Display (VFR),0,16,112,0,128,0,0,320,0,320,0,16,432,0,448,108,0,108,556
09/10/2000,ADS,TX,ASW,CE,Towers with Display (VFR),0,16,88,0,104,0,0,338,0,338,0,16,426,0,442,26,0,26,468
09/11/2000,ADS,TX,ASW,CE,Towers with Display (VFR),0,30,102,1,133,0,15,287,0,302,0,45,389,1,435,18,0,18,453
09/12/2000,ADS,TX,ASW,CE,Towers with Display (VFR),0,37,125,1,163,0,5,168,2,175,0,42,293,3,338,30,0,30,368
09/13/2000,ADS,TX,ASW,CE,Towers with Display (VFR),0,38,125,0,163,0,4,408,0,412,0,42,533,0,575,66,0,66,641
09/14/2000,ADS,TX,ASW,CE,Towers with Display (VFR),0,41,137,1,179,0,1,366,0,367,0,42,503,1,546,24,0,24,570
09/15/2000,ADS,TX,ASW,CE,Towers with Display (VFR),0,34,112,1,147,0,15,406,0,421,0,49,518,1,568,12,0,12,580
09/16/2000,ADS,TX,ASW,CE,Towers with Display (VFR),0,21,70,0,91,0,5,444,0,449,0,26,514,0,540,54,0,54,594
09/17/2000,ADS,TX,ASW,CE,Towers with Display (VFR),0,21,87,0,108,0,0,476,0,476,0,21,563,0,584,52,0,52,636
09/18/2000,ADS,TX,ASW,CE,Towers with Display (VFR),0,33,109,0,142,0,10,337,0,347,0,43,446,0,489,58,0,58,547
09/19/2000,ADS,TX,ASW,CE,Towers with Display (VFR),0,40,132,1,173,0,16,343,5,364,0,56,475,6,537,6,0,6,543
09/20/2000,ADS,TX,ASW,CE,Towers with Display (VFR),0,42,139,1,182,0,15,322,3,340,0,57,461,4,522,24,0,24,546
09/21/2000,ADS,TX,ASW,CE,Towers with Display (VFR),0,49,161,0,210,0,5,302,0,307,0,54,463,0,517,26,0,26,543
09/22/2000,ADS,TX,ASW,CE,Towers with Display (VFR),0,36,138,1,175,0,0,236,1,237,0,36,374,2,412,24,0,24,436
09/23/2000,ADS,TX,ASW,CE,Towers with Display (VFR),0,14,72,0,86,0,0,271,0,271,0,14,343,0,357,44,0,44,401
09/24/2000,ADS,TX,ASW,CE,Towers with Display (VFR),0,22,91,0,113,0,0,10,0,10,0,22,101,0,123,2,0,2,125
09/25/2000,ADS,TX,ASW,CE,Towers with Display (VFR),0,34,113,0,147,0,18,231,2,251,0,52,344,2,398,18,0,18,416
09/26/2000,ADS,TX,ASW,CE,Towers with Display (VFR),0,46,155,0,201,0,0,469,0,469,0,46,624,0,670,12,0,12,682
09/27/2000,ADS,TX,ASW,CE,Towers with Display (VFR),0,39,132,0,171,0,6,405,0,411,0,45,537,0,582,14,0,14,596
09/28/2000,ADS,TX,ASW,CE,Towers with Display (VFR),0,45,153,0,198,0,0,409,0,409,0,45,562,0,607,38,0,38,645
09/29/2000,ADS,TX,ASW,CE,Towers with Display (VFR),0,36,132,0,168,0,0,383,0,383,0,36,515,0,551,83,0,83,634
09/30/2000,ADS,TX,ASW,CE,Towers with Display (VFR),0,12,83,0,95,0,0,485,0,485,0,12,568,0,580,106,0,106,686
10/01/2000,ADS,TX,ASW,CE,Towers with Display (VFR),0,0,142,0,142,0,11,381,0,392,0,11,523,0,534,30,0,30,564
10/02/2000,ADS,TX,ASW,CE,Towers with Display (VFR),0,0,120,0,120,0,22,267,0,289,0,22,387,0,409,42,0,42,451
10/03/2000,ADS,TX,ASW,CE,Towers with Display (VFR),0,0,163,0,163,0,33,255,4,292,0,33,418,4,455,34,0,34,489
10/04/2000,ADS,TX,ASW,CE,Towers with Display (VFR),0,40,156,0,196,0,14,344,0,358,0,54,500,0,554,56,0,56,610
10/05/2000,ADS,TX,ASW,CE,Towers with Display (VFR),0,35,140,0,175,0,3,337,0,340,0,38,477,0,515,24,0,24,539
10/06/2000,ADS,TX,ASW,CE,Towers with Display (VFR),0,46,195,0,241,0,0,121,0,121,0,46,316,0,362,6,0,6,368
10/07/2000,ADS,TX,ASW,CE,Towers with Display (VFR),0,29,115,0,144,0,6,110,0,116,0,35,225,0,260,68,0,68,328
10/08/2000,ADS,TX,ASW,CE,Towers with Display (VFR),0,22,94,0,116,0,0,283,0,283,0,22,377,0,399,100,0,100,499
10/09/2000,ADS,TX,ASW,CE,Towers with Display (VFR),0,31,121,0,152,0,2,334,0,336,0,33,455,0,488,70,0,70,558
10/10/2000,ADS,TX,ASW,CE,Towers with Display (VFR),0,33,129,0,162,0,0,356,0,356,0,33,485,0,518,68,0,68,586
10/11/2000,ADS,TX,ASW,CE,Towers with Display (VFR),0,33,126,0,159,0,8,291,1,300,0,41,417,1,459,47,4,51,510
10/12/2000,ADS,TX,ASW,CE,Towers with Display (VFR),0,38,144,0,182,0,0,327,0,327,0,38,471,0,509,96,0,96,605
10/13/2000,ADS,TX,ASW,CE,Towers with Display (VFR),0,40,152,0,192,0,4,288,0,292,0,44,440,0,484,22,0,22,506
10/14/2000,ADS,TX,ASW,CE,Towers with Display (VFR),0,12,98,0,110,0,0,377,0,377,0,12,475,0,487,106,0,106,593
10/15/2000,ADS,TX,ASW,CE,Towers with Display (VFR),0,16,93,0,109,0,0,232,1,233,0,16,325,1,342,52,0,52,394
10/16/2000,ADS,TX,ASW,CE,Towers with Display (VFR),0,25,125,0,150,2,0,194,0,196,2,25,319,0,346,4,0,4,350
10/17/2000,ADS,TX,ASW,CE,Towers with Display (VFR),0,38,144,0,182,0,8,251,2,261,0,46,395,2,443,61,0,61,504
10/18/2000,ADS,TX,ASW,CE,Towers with Display (VFR),0,35,136,0,171,0,9,374,7,390,0,44,510,7,561,58,0,58,619
10/19/2000,ADS,TX,ASW,CE,Towers with Display (VFR),0,32,123,0,155,0,6,393,0,399,0,38,516,0,554,54,0,54,608
10/20/2000,ADS,TX,ASW,CE,Towers with Display (VFR),0,48,218,0,266,0,0,159,1,160,0,48,377,1,426,24,0,24,450
10/21/2000,ADS,TX,ASW,CE,Towers with Display (VFR),0,18,85,0,103,0,0,92,0,92,0,18,177,0,195,106,0,106,301
10/22/2000,ADS,TX,ASW,CE,Towers with Display (VFR),0,20,95,0,115,0,0,25,0,25,0,20,120,0,140,26,0,26,166
10/23/2000,ADS,TX,ASW,CE,Towers with Display (VFR),0,34,147,1,182,0,0,71,0,71,0,34,218,1,253,28,0,28,281
10/24/2000,ADS,TX,ASW,CE,Towers with Display (VFR),0,39,147,0,186,0,3,237,0,240,0,42,384,0,426,28,0,28,454
10/25/2000,ADS,TX,ASW,CE,Towers with Display (VFR),0,43,168,0,211,0,12,192,0,204,0,55,360,0,415,24,0,24,439
10/26/2000,ADS,TX,ASW,CE,Towers with Display (VFR),0,40,153,0,193,0,0,99,0,99,0,40,252,0,292,56,0,56,348
10/27/2000,ADS,TX,ASW,CE,Towers with Display (VFR),0,27,209,0,236,0,0,150,0,150,0,27,359,0,386,36,0,36,422
10/28/2000,ADS,TX,ASW,CE,Towers with Display (VFR),0,15,118,0,133,0,0,114,0,114,0,15,232,0,247,28,0,28,275
10/29/2000,ADS,TX,ASW,CE,Towers with Display (VFR),0,13,118,0,131,0,0,85,0,85,0,13,203,0,216,28,0,28,244
10/30/2000,ADS,TX,ASW,CE,Towers with Display (VFR),0,36,139,0,175,2,12,158,0,172,2,48,297,0,347,10,0,10,357
10/31/2000,ADS,TX,ASW,CE,Towers with Display (VFR),0,40,193,1,234,0,0,217,4,221,0,40,410,5,455,20,0,20,475
11/01/2000,ADS,TX,ASW,CE,Towers with Display (VFR),0,26,120,0,146,0,14,53,0,67,0,40,173,0,213,2,0,2,215
11/02/2000,ADS,TX,ASW,CE,Towers with Display (VFR),0,27,127,0,154,0,1,480,0,481,0,28,607,0,635,40,2,42,677
11/03/2000,ADS,TX,ASW,CE,Towers with Display (VFR),1,26,131,0,158,0,0,3,0,3,1,26,134,0,161,0,0,0,161
11/04/2000,ADS,TX,ASW,CE,Towers with Display (VFR),0,20,117,0,137,0,0,6,0,6,0,20,123,0,143,0,0,0,143
11/05/2000,ADS,TX,ASW,CE,Towers with Display (VFR),1,11,83,0,95,0,0,6,0,6,1,11,89,0,101,0,0,0,101
11/06/2000,ADS,TX,ASW,CE,Towers with Display (VFR),0,29,163,0,192,0,0,199,0,199,0,29,362,0,391,20,0,20,411
11/07/2000,ADS,TX,ASW,CE,Towers with Display (VFR),0,31,142,0,173,0,2,205,1,208,0,33,347,1,381,20,0,20,401
11/08/2000,ADS,TX,ASW,CE,Towers with Display (VFR),0,21,84,0,105,0,12,0,0,12,0,33,84,0,117,2,0,2,119
11/09/2000,ADS,TX,ASW,CE,Towers with Display (VFR),0,30,158,0,188,0,0,325,1,326,0,30,483,1,514,12,0,12,526
11/10/2000,ADS,TX,ASW,CE,Towers with Display (VFR),1,34,149,0,184,0,1,422,0,423,1,35,571,0,607,9,0,9,616
11/11/2000,ADS,TX,ASW,CE,Towers with Display (VFR),0,8,125,0,133,0,0,59,0,59,0,8,184,0,192,46,0,46,238
11/12/2000,ADS,TX,ASW,CE,Towers with Display (VFR),0,13,63,0,76,0,0,1,0,1,0,13,64,0,77,0,0,0,77
11/13/2000,ADS,TX,ASW,CE,Towers with Display (VFR),0,16,78,0,94,0,0,352,0,352,0,16,430,0,446,28,0,28,474
11/14/2000,ADS,TX,ASW,CE,Towers with Display (VFR),0,30,132,1,163,0,2,393,3,398,0,32,525,4,561,60,0,60,621
11/15/2000,ADS,TX,ASW,CE,Towers with Display (VFR),0,38,171,1,210,6,11,254,3,274,6,49,425,4,484,8,0,8,492
11/16/2000,ADS,TX,ASW,CE,Towers with Display (VFR),0,34,152,0,186,0,3,169,0,172,0,37,321,0,358,6,0,6,364
11/17/2000,ADS,TX,ASW,CE,Towers with Display (VFR),0,28,126,0,154,2,9,399,0,410,2,37,525,0,564,12,0,12,576
11/18/2000,ADS,TX,ASW,CE,Towers with Display (VFR),0,10,46,0,56,0,18,207,0,225,0,28,253,0,281,94,0,94,375
11/19/2000,ADS,TX,ASW,CE,Towers with Display (VFR),0,17,77,0,94,0,0,427,0,427,0,17,504,0,521,41,0,41,562
11/20/2000,ADS,TX,ASW,CE,Towers with Display (VFR),0,22,103,0,125,0,0,388,0,388,0,22,491,0,513,10,0,10,523
11/21/2000,ADS,TX,ASW,CE,Towers with Display (VFR),0,32,140,0,172,1,0,431,0,432,1,32,571,0,604,26,0,26,630
11/22/2000,ADS,TX,ASW,CE,Towers with Display (VFR),0,35,154,0,189,1,0,299,0,300,1,35,453,0,489,18,0,18,507
11/23/2000,ADS,TX,ASW,CE,Towers with Display (VFR),0,4,12,0,16,0,8,0,0,8,0,12,12,0,24,0,0,0,24
11/24/2000,ADS,TX,ASW,CE,Towers with Display (VFR),0,15,77,0,92,0,0,8,0,8,0,15,85,0,100,1,0,1,101
11/25/2000,ADS,TX,ASW,CE,Towers with Display (VFR),0,14,63,0,77,0,10,337,0,347,0,24,400,0,424,10,0,10,434
11/26/2000,ADS,TX,ASW,CE,Towers with Display (VFR),0,26,117,0,143,1,7,382,0,390,1,33,499,0,533,24,0,24,557
11/27/2000,ADS,TX,ASW,CE,Towers with Display (VFR),0,23,101,0,124,1,27,308,0,336,1,50,409,0,460,28,0,28,488
11/28/2000,ADS,TX,ASW,CE,Towers with Display (VFR),0,26,169,0,195,0,0,301,0,301,0,26,470,0,496,4,0,4,500
11/29/2000,ADS,TX,ASW,CE,Towers with Display (VFR),0,24,109,0,133,0,41,339,0,380,0,65,448,0,513,8,0,8,521
11/30/2000,ADS,TX,ASW,CE,Towers with Display (VFR),0,32,161,0,193,0,0,315,0,315,0,32,476,0,508,52,0,52,560
12/01/2000,ADS,TX,ASW,CE,Towers with Display (VFR),0,28,104,1,133,0,0,224,55,279,0,28,328,56,412,32,0,32,444
12/02/2000,ADS,TX,ASW,CE,Towers with Display (VFR),0,14,78,0,92,0,0,258,0,258,0,14,336,0,350,32,0,32,382
12/03/2000,ADS,TX,ASW,CE,Towers with Display (VFR),0,15,56,0,71,0,0,342,0,342,0,15,398,0,413,68,0,68,481
12/04/2000,ADS,TX,ASW,CE,Towers with Display (VFR),0,26,95,0,121,0,6,327,0,333,0,32,422,0,454,36,0,36,490
12/05/2000,ADS,TX,ASW,CE,Towers with Display (VFR),0,21,115,0,136,0,0,318,0,318,0,21,433,0,454,14,0,14,468
12/06/2000,ADS,TX,ASW,CE,Towers with Display (VFR),0,31,133,0,164,1,0,63,0,64,1,31,196,0,228,2,0,2,230
12/07/2000,ADS,TX,ASW,CE,Towers with Display (VFR),0,40,153,0,193,0,0,399,0,399,0,40,552,0,592,14,0,14,606
12/08/2000,ADS,TX,ASW,CE,Towers with Display (VFR),0,26,113,0,139,0,0,323,0,323,0,26,436,0,462,24,0,24,486
12/09/2000,ADS,TX,ASW,CE,Towers with Display (VFR),0,21,102,0,123,0,0,349,0,349,0,21,451,0,472,92,0,92,564
12/10/2000,ADS,TX,ASW,CE,Towers with Display (VFR),0,21,96,0,117,0,0,368,0,368,0,21,464,0,485,170,0,170,655
12/11/2000,ADS,TX,ASW,CE,Towers with Display (VFR),0,29,103,0,132,0,5,55,0,60,0,34,158,0,192,0,0,0,192
12/12/2000,ADS,TX,ASW,CE,Towers with Display (VFR),0,20,72,0,92,0,2,71,0,73,0,22,143,0,165,8,0,8,173
12/13/2000,ADS,TX,ASW,CE,Towers with Display (VFR),0,18,64,0,82,0,9,1,0,10,0,27,65,0,92,0,0,0,92
12/14/2000,ADS,TX,ASW,CE,Towers with Display (VFR),0,39,137,0,176,0,0,203,0,203,0,39,340,0,379,27,0,27,406
12/15/2000,ADS,TX,ASW,CE,Towers with Display (VFR),0,40,143,1,184,0,4,1,0,5,0,44,144,1,189,0,0,0,189
12/16/2000,ADS,TX,ASW,CE,Towers with Display (VFR),0,18,61,0,79,0,6,97,0,103,0,24,158,0,182,36,0,36,218
12/17/2000,ADS,TX,ASW,CE,Towers with Display (VFR),0,13,73,0,86,0,0,395,0,395,0,13,468,0,481,78,0,78,559
12/18/2000,ADS,TX,ASW,CE,Towers with Display (VFR),0,30,109,1,140,0,6,160,1,167,0,36,269,2,307,10,0,10,317
12/19/2000,ADS,TX,ASW,CE,Towers with Display (VFR),0,38,138,1,177,0,9,386,0,395,0,47,524,1,572,42,0,42,614
12/20/2000,ADS,TX,ASW,CE,Towers with Display (VFR),0,33,118,0,151,0,13,156,0,169,0,46,274,0,320,12,0,12,332
12/21/2000,ADS,TX,ASW,CE,Towers with Display (VFR),0,31,112,0,143,0,14,320,0,334,0,45,432,0,477,6,0,6,483
12/22/2000,ADS,TX,ASW,CE,Towers with Display (VFR),0,33,117,0,150,0,4,343,0,347,0,37,460,0,497,10,0,10,507
12/23/2000,ADS,TX,ASW,CE,Towers with Display (VFR),0,23,81,0,104,0,1,180,0,181,0,24,261,0,285,69,0,69,354
12/24/2000,ADS,TX,ASW,CE,Towers with Display (VFR),0,14,49,0,63,0,3,46,0,49,0,17,95,0,112,62,0,62,174
12/25/2000,ADS,TX,ASW,CE,Towers with Display (VFR),0,4,11,0,15,0,3,0,0,3,0,7,11,0,18,0,0,0,18
12/26/2000,ADS,TX,ASW,CE,Towers with Display (VFR),0,14,50,0,64,0,2,0,0,2,0,16,50,0,66,0,0,0,66
12/27/2000,ADS,TX,ASW,CE,Towers with Display (VFR),0,14,32,0,46,0,19,0,0,19,0,33,32,0,65,0,0,0,65
12/28/2000,ADS,TX,ASW,CE,Towers with Display (VFR),0,24,85,0,109,0,27,122,4,153,0,51,207,4,262,10,0,10,272
12/29/2000,ADS,TX,ASW,CE,Towers with Display (VFR),0,27,104,1,132,0,0,368,4,372,0,27,472,5,504,23,2,25,529
12/30/2000,ADS,TX,ASW,CE,Towers with Display (VFR),0,21,74,0,95,0,3,380,0,383,0,24,454,0,478,56,0,56,534
12/31/2000,ADS,TX,ASW,CE,Towers with Display (VFR),0,9,34,0,43,0,3,59,0,62,0,12,93,0,105,22,0,22,127
01/01/2001,ADS,TX,ASW,CE,Towers with Display (VFR),0,9,48,0,57,0,0,14,0,14,0,9,62,0,71,42,0,42,113
01/02/2001,ADS,TX,ASW,CE,Towers with Display (VFR),0,21,99,0,120,0,3,109,2,114,0,24,208,2,234,22,0,22,256
01/03/2001,ADS,TX,ASW,CE,Towers with Display (VFR),0,19,91,0,110,0,15,229,0,244,0,34,320,0,354,30,0,30,384
01/04/2001,ADS,TX,ASW,CE,Towers with Display (VFR),0,23,109,0,132,0,4,341,0,345,0,27,450,0,477,12,0,12,489
01/05/2001,ADS,TX,ASW,CE,Towers with Display (VFR),0,23,104,0,127,0,9,386,0,395,0,32,490,0,522,4,0,4,526
01/06/2001,ADS,TX,ASW,CE,Towers with Display (VFR),0,12,54,0,66,0,5,467,0,472,0,17,521,0,538,82,0,82,620
01/07/2001,ADS,TX,ASW,CE,Towers with Display (VFR),0,14,65,0,79,0,4,243,0,247,0,18,308,0,326,70,0,70,396
01/08/2001,ADS,TX,ASW,CE,Towers with Display (VFR),0,25,128,0,153,1,0,316,0,317,1,25,444,0,470,89,0,89,559
01/09/2001,ADS,TX,ASW,CE,Towers with Display (VFR),0,21,100,0,121,0,0,392,0,392,0,21,492,0,513,37,0,37,550
01/10/2001,ADS,TX,ASW,CE,Towers with Display (VFR),0,28,121,0,149,0,6,41,0,47,0,34,162,0,196,0,0,0,196
01/11/2001,ADS,TX,ASW,CE,Towers with Display (VFR),0,25,156,0,181,0,0,34,0,34,0,25,190,0,215,0,0,0,215
01/12/2001,ADS,TX,ASW,CE,Towers with Display (VFR),0,32,189,0,221,0,0,13,0,13,0,32,202,0,234,0,0,0,234
01/13/2001,ADS,TX,ASW,CE,Towers with Display (VFR),0,13,69,0,82,0,0,4,0,4,0,13,73,0,86,0,0,0,86
01/14/2001,ADS,TX,ASW,CE,Towers with Display (VFR),0,12,88,0,100,0,0,463,0,463,0,12,551,0,563,151,0,151,714
01/15/2001,ADS,TX,ASW,CE,Towers with Display (VFR),0,13,82,1,96,0,0,423,5,428,0,13,505,6,524,52,0,52,576
01/16/2001,ADS,TX,ASW,CE,Towers with Display (VFR),0,23,99,1,123,0,3,11,0,14,0,26,110,1,137,0,0,0,137
01/17/2001,ADS,TX,ASW,CE,Towers with Display (VFR),0,23,84,0,107,0,21,0,0,21,0,44,84,0,128,0,0,0,128
01/18/2001,ADS,TX,ASW,CE,Towers with Display (VFR),0,18,71,0,89,0,15,0,0,15,0,33,71,0,104,2,0,2,106
01/19/2001,ADS,TX,ASW,CE,Towers with Display (VFR),0,25,110,0,135,0,0,268,0,268,0,25,378,0,403,16,0,16,419
01/20/2001,ADS,TX,ASW,CE,Towers with Display (VFR),0,7,78,0,85,0,0,500,0,500,0,7,578,0,585,46,0,46,631
01/21/2001,ADS,TX,ASW,CE,Towers with Display (VFR),0,10,92,0,102,1,0,334,0,335,1,10,426,0,437,61,0,61,498
01/22/2001,ADS,TX,ASW,CE,Towers with Display (VFR),0,15,93,0,108,1,0,308,0,309,1,15,401,0,417,14,0,14,431
01/23/2001,ADS,TX,ASW,CE,Towers with Display (VFR),0,19,123,0,142,0,0,304,0,304,0,19,427,0,446,22,0,22,468
01/24/2001,ADS,TX,ASW,CE,Towers with Display (VFR),0,28,131,0,159,0,0,329,2,331,0,28,460,2,490,8,0,8,498
01/25/2001,ADS,TX,ASW,CE,Towers with Display (VFR),0,29,129,0,158,0,7,310,0,317,0,36,439,0,475,18,0,18,493
01/26/2001,ADS,TX,ASW,CE,Towers with Display (VFR),0,26,118,0,144,0,0,347,0,347,0,26,465,0,491,8,0,8,499
01/27/2001,ADS,TX,ASW,CE,Towers with Display (VFR),0,10,46,0,56,0,1,31,0,32,0,11,77,0,88,12,0,12,100
01/28/2001,ADS,TX,ASW,CE,Towers with Display (VFR),0,10,41,0,51,0,3,0,0,3,0,13,41,0,54,0,0,0,54
01/29/2001,ADS,TX,ASW,CE,Towers with Display (VFR),0,14,70,0,84,0,0,142,0,142,0,14,212,0,226,0,0,0,226
01/30/2001,ADS,TX,ASW,CE,Towers with Display (VFR),0,18,79,0,97,0,1,338,0,339,0,19,417,0,436,30,0,30,466
01/31/2001,ADS,TX,ASW,CE,Towers with Display (VFR),0,24,113,0,137,0,0,360,4,364,0,24,473,4,501,12,0,12,513
02/01/2001,ADS,TX,ASW,CE,Towers with Display (VFR),1,20,88,0,109,0,9,382,0,391,1,29,470,0,500,6,0,6,506
02/02/2001,ADS,TX,ASW,CE,Towers with Display (VFR),1,16,135,0,152,0,0,416,0,416,1,16,551,0,568,54,0,54,622
02/03/2001,ADS,TX,ASW,CE,Towers with Display (VFR),0,13,61,0,74,0,2,463,0,465,0,15,524,0,539,16,0,16,555
02/04/2001,ADS,TX,ASW,CE,Towers with Display (VFR),0,18,77,0,95,0,3,502,0,505,0,21,579,0,600,144,0,144,744
02/05/2001,ADS,TX,ASW,CE,Towers with Display (VFR),0,21,92,0,113,0,4,317,0,321,0,25,409,0,434,44,0,44,478
02/06/2001,ADS,TX,ASW,CE,Towers with Display (VFR),0,23,99,0,122,0,1,343,0,344,0,24,442,0,466,30,2,32,498
02/07/2001,ADS,TX,ASW,CE,Towers with Display (VFR),0,17,117,0,134,0,0,93,0,93,0,17,210,0,227,0,0,0,227
02/08/2001,ADS,TX,ASW,CE,Towers with Display (VFR),0,26,111,0,137,0,0,58,0,58,0,26,169,0,195,0,0,0,195
02/09/2001,ADS,TX,ASW,CE,Towers with Display (VFR),0,21,85,2,108,0,3,109,0,112,0,24,194,2,220,2,0,2,222
02/10/2001,ADS,TX,ASW,CE,Towers with Display (VFR),0,13,54,0,67,0,2,426,0,428,0,15,480,0,495,114,0,114,609
02/11/2001,ADS,TX,ASW,CE,Towers with Display (VFR),0,15,90,1,106,0,0,34,0,34,0,15,124,1,140,14,0,14,154
02/12/2001,ADS,TX,ASW,CE,Towers with Display (VFR),0,16,75,0,91,0,0,7,0,7,0,16,82,0,98,0,0,0,98
02/13/2001,ADS,TX,ASW,CE,Towers with Display (VFR),0,15,65,0,80,0,4,0,0,4,0,19,65,0,84,0,0,0,84
02/14/2001,ADS,TX,ASW,CE,Towers with Display (VFR),0,24,99,0,123,0,12,25,0,37,0,36,124,0,160,4,0,4,164
02/15/2001,ADS,TX,ASW,CE,Towers with Display (VFR),0,25,104,0,129,0,5,1,0,6,0,30,105,0,135,0,0,0,135
02/16/2001,ADS,TX,ASW,CE,Towers with Display (VFR),0,23,113,0,136,1,0,29,0,30,1,23,142,0,166,2,0,2,168
02/17/2001,ADS,TX,ASW,CE,Towers with Display (VFR),0,7,116,0,123,1,0,477,0,478,1,7,593,0,601,20,0,20,621
02/18/2001,ADS,TX,ASW,CE,Towers with Display (VFR),0,14,65,0,79,0,0,465,0,465,0,14,530,0,544,64,0,64,608
02/19/2001,ADS,TX,ASW,CE,Towers with Display (VFR),0,30,127,0,157,0,5,333,0,338,0,35,460,0,495,18,0,18,513
02/20/2001,ADS,TX,ASW,CE,Towers with Display (VFR),0,38,158,5,201,0,11,238,0,249,0,49,396,5,450,4,0,4,454
02/21/2001,ADS,TX,ASW,CE,Towers with Display (VFR),0,32,131,2,165,3,1,5,0,9,3,33,136,2,174,0,0,0,174
02/22/2001,ADS,TX,ASW,CE,Towers with Display (VFR),0,33,141,0,174,0,0,288,0,288,0,33,429,0,462,74,0,74,536
02/23/2001,ADS,TX,ASW,CE,Towers with Display (VFR),0,37,153,2,192,0,7,0,0,7,0,44,153,2,199,0,0,0,199
02/24/2001,ADS,TX,ASW,CE,Towers with Display (VFR),0,17,69,0,86,0,16,50,0,66,0,33,119,0,152,0,0,0,152
02/25/2001,ADS,TX,ASW,CE,Towers with Display (VFR),0,24,101,0,125,0,1,558,0,559,0,25,659,0,684,68,0,68,752
02/26/2001,ADS,TX,ASW,CE,Towers with Display (VFR),0,22,93,0,115,0,7,240,0,247,0,29,333,0,362,22,0,22,384
02/27/2001,ADS,TX,ASW,CE,Towers with Display (VFR),0,18,59,0,77,0,40,0,0,40,0,58,59,0,117,0,0,0,117
02/28/2001,ADS,TX,ASW,CE,Towers with Display (VFR),0,22,81,0,103,2,12,0,0,14,2,34,81,0,117,0,0,0,117
03/01/2001,ADS,TX,ASW,CE,Towers with Display (VFR),1,20,133,0,154,1,18,15,0,34,2,38,148,0,188,16,0,16,204
03/02/2001,ADS,TX,ASW,CE,Towers with Display (VFR),0,26,113,0,139,0,0,234,0,234,0,26,347,0,373,10,0,10,383
03/03/2001,ADS,TX,ASW,CE,Towers with Display (VFR),0,27,101,0,128,0,0,15,0,15,0,27,116,0,143,2,0,2,145
03/04/2001,ADS,TX,ASW,CE,Towers with Display (VFR),1,15,89,0,105,0,0,413,54,467,1,15,502,54,572,100,0,100,672
03/05/2001,ADS,TX,ASW,CE,Towers with Display (VFR),0,26,105,0,131,0,4,381,0,385,0,30,486,0,516,52,0,52,568
03/06/2001,ADS,TX,ASW,CE,Towers with Display (VFR),0,31,125,0,156,0,5,400,0,405,0,36,525,0,561,50,0,50,611
03/07/2001,ADS,TX,ASW,CE,Towers with Display (VFR),0,31,135,0,166,0,0,360,0,360,0,31,495,0,526,6,0,6,532
03/08/2001,ADS,TX,ASW,CE,Towers with Display (VFR),0,19,104,0,123,0,0,81,0,81,0,19,185,0,204,46,0,46,250
03/09/2001,ADS,TX,ASW,CE,Towers with Display (VFR),0,26,106,0,132,0,16,349,3,368,0,42,455,3,500,18,0,18,518
03/10/2001,ADS,TX,ASW,CE,Towers with Display (VFR),0,15,63,0,78,0,2,378,0,380,0,17,441,0,458,38,0,38,496
03/11/2001,ADS,TX,ASW,CE,Towers with Display (VFR),0,13,60,0,73,0,0,0,0,0,0,13,60,0,73,28,0,28,101
03/12/2001,ADS,TX,ASW,CE,Towers with Display (VFR),0,16,87,0,103,0,0,403,1,404,0,16,490,1,507,94,0,94,601
03/13/2001,ADS,TX,ASW,CE,Towers with Display (VFR),0,28,113,0,141,0,6,386,0,392,0,34,499,0,533,4,0,4,537
03/14/2001,ADS,TX,ASW,CE,Towers with Display (VFR),0,24,97,0,121,0,9,119,0,128,0,33,216,0,249,16,0,16,265
03/15/2001,ADS,TX,ASW,CE,Towers with Display (VFR),0,22,87,0,109,0,16,49,0,65,0,38,136,0,174,18,0,18,192
03/16/2001,ADS,TX,ASW,CE,Towers with Display (VFR),0,26,102,0,128,1,2,434,0,437,1,28,536,0,565,26,0,26,591
03/17/2001,ADS,TX,ASW,CE,Towers with Display (VFR),0,17,69,0,86,0,17,388,0,405,0,34,457,0,491,157,0,157,648
03/18/2001,ADS,TX,ASW,CE,Towers with Display (VFR),0,20,79,0,99,0,3,156,0,159,0,23,235,0,258,74,0,74,332
03/19/2001,ADS,TX,ASW,CE,Towers with Display (VFR),0,23,94,1,118,0,0,283,0,283,0,23,377,1,401,0,0,0,401
03/20/2001,ADS,TX,ASW,CE,Towers with Display (VFR),0,26,133,1,160,0,0,430,1,431,0,26,563,2,591,36,0,36,627
03/21/2001,ADS,TX,ASW,CE,Towers with Display (VFR),0,30,125,0,155,0,0,402,0,402,0,30,527,0,557,58,0,58,615
03/22/2001,ADS,TX,ASW,CE,Towers with Display (VFR),0,36,143,0,179,0,21,296,0,317,0,57,439,0,496,14,0,14,510
03/23/2001,ADS,TX,ASW,CE,Towers with Display (VFR),0,28,163,1,192,1,0,156,2,159,1,28,319,3,351,5,0,5,356
03/24/2001,ADS,TX,ASW,CE,Towers with Display (VFR),0,16,63,0,79,0,3,1,0,4,0,19,64,0,83,0,0,0,83
03/25/2001,ADS,TX,ASW,CE,Towers with Display (VFR),0,22,92,0,114,0,0,402,0,402,0,22,494,0,516,56,0,56,572
03/26/2001,ADS,TX,ASW,CE,Towers with Display (VFR),0,23,106,0,129,0,0,127,0,127,0,23,233,0,256,24,0,24,280
03/27/2001,ADS,TX,ASW,CE,Towers with Display (VFR),0,29,104,0,133,0,7,0,0,7,0,36,104,0,140,0,0,0,140
03/28/2001,ADS,TX,ASW,CE,Towers with Display (VFR),0,33,127,0,160,0,2,0,0,2,0,35,127,0,162,0,0,0,162
03/29/2001,ADS,TX,ASW,CE,Towers with Display (VFR),0,32,154,0,186,1,0,85,0,86,1,32,239,0,272,16,0,16,288
03/30/2001,ADS,TX,ASW,CE,Towers with Display (VFR),0,35,137,0,172,0,15,308,0,323,0,50,445,0,495,12,0,12,507
03/31/2001,ADS,TX,ASW,CE,Towers with Display (VFR),0,22,88,0,110,0,0,379,1,380,0,22,467,1,490,116,0,116,606
04/01/2001,ADS,TX,ASW,CE,Towers with Display (VFR),0,13,109,0,122,0,1,399,0,400,0,14,508,0,522,34,0,34,556
04/02/2001,ADS,TX,ASW,CE,Towers with Display (VFR),0,28,142,0,170,0,4,101,0,105,0,32,243,0,275,32,0,32,307
04/03/2001,ADS,TX,ASW,CE,Towers with Display (VFR),0,15,158,2,175,0,2,83,0,85,0,17,241,2,260,28,2,30,290
04/04/2001,ADS,TX,ASW,CE,Towers with Display (VFR),0,16,153,0,169,0,0,159,0,159,0,16,312,0,328,54,0,54,382
04/05/2001,ADS,TX,ASW,CE,Towers with Display (VFR),0,25,136,0,161,0,2,80,0,82,0,27,216,0,243,16,0,16,259
04/06/2001,ADS,TX,ASW,CE,Towers with Display (VFR),0,27,119,0,146,0,2,141,0,143,0,29,260,0,289,0,0,0,289
04/07/2001,ADS,TX,ASW,CE,Towers with Display (VFR),0,13,119,0,132,0,1,151,0,152,0,14,270,0,284,38,0,38,322
04/08/2001,ADS,TX,ASW,CE,Towers with Display (VFR),0,17,124,0,141,0,2,166,0,168,0,19,290,0,309,58,0,58,367
04/09/2001,ADS,TX,ASW,CE,Towers with Display (VFR),0,19,102,0,121,0,4,258,0,262,0,23,360,0,383,58,0,58,441
04/10/2001,ADS,TX,ASW,CE,Towers with Display (VFR),0,24,124,0,148,0,1,103,0,104,0,25,227,0,252,50,0,50,302
04/11/2001,ADS,TX,ASW,CE,Towers with Display (VFR),0,32,118,4,154,1,1,251,0,253,1,33,369,4,407,18,0,18,425
04/12/2001,ADS,TX,ASW,CE,Towers with Display (VFR),1,22,133,2,158,0,0,341,0,341,1,22,474,2,499,18,0,18,517
04/13/2001,ADS,TX,ASW,CE,Towers with Display (VFR),0,21,134,1,156,0,1,358,0,359,0,22,492,1,515,28,0,28,543
04/14/2001,ADS,TX,ASW,CE,Towers with Display (VFR),0,10,100,0,110,0,1,91,0,92,0,11,191,0,202,4,0,4,206
04/15/2001,ADS,TX,ASW,CE,Towers with Display (VFR),0,8,99,0,107,0,1,289,0,290,0,9,388,0,397,102,0,102,499
04/16/2001,ADS,TX,ASW,CE,Towers with Display (VFR),0,26,97,0,123,0,1,505,0,506,0,27,602,0,629,46,0,46,675
04/17/2001,ADS,TX,ASW,CE,Towers with Display (VFR),0,40,114,2,156,1,0,207,0,208,1,40,321,2,364,20,4,24,388
04/18/2001,ADS,TX,ASW,CE,Towers with Display (VFR),0,39,128,2,169,0,0,442,0,442,0,39,570,2,611,12,0,12,623
04/19/2001,ADS,TX,ASW,CE,Towers with Display (VFR),2,34,131,0,167,0,0,165,0,165,2,34,296,0,332,4,0,4,336
04/20/2001,ADS,TX,ASW,CE,Towers with Display (VFR),0,36,149,0,185,0,0,82,0,82,0,36,231,0,267,4,0,4,271
04/21/2001,ADS,TX,ASW,CE,Towers with Display (VFR),2,19,91,0,112,0,1,150,0,151,2,20,241,0,263,14,0,14,277
04/22/2001,ADS,TX,ASW,CE,Towers with Display (VFR),0,20,86,0,106,0,0,24,0,24,0,20,110,0,130,2,0,2,132
04/23/2001,ADS,TX,ASW,CE,Towers with Display (VFR),1,21,116,0,138,0,1,240,0,241,1,22,356,0,379,30,0,30,409
04/24/2001,ADS,TX,ASW,CE,Towers with Display (VFR),0,21,103,0,124,0,8,483,0,491,0,29,586,0,615,56,0,56,671
04/25/2001,ADS,TX,ASW,CE,Towers with Display (VFR),0,20,100,0,120,1,4,546,0,551,1,24,646,0,671,70,0,70,741
04/26/2001,ADS,TX,ASW,CE,Towers with Display (VFR),0,21,104,3,128,0,1,519,0,520,0,22,623,3,648,4,0,4,652
04/27/2001,ADS,TX,ASW,CE,Towers with Display (VFR),0,21,105,0,126,0,1,481,0,482,0,22,586,0,608,20,0,20,628
04/28/2001,ADS,TX,ASW,CE,Towers with Display (VFR),0,14,98,1,113,0,0,471,0,471,0,14,569,1,584,48,0,48,632
04/29/2001,ADS,TX,ASW,CE,Towers with Display (VFR),0,12,75,1,88,0,0,415,0,415,0,12,490,1,503,58,0,58,561
04/30/2001,ADS,TX,ASW,CE,Towers with Display (VFR),0,12,90,0,102,0,0,345,0,345,0,12,435,0,447,26,0,26,473
05/01/2001,ADS,TX,ASW,CE,Towers with Display (VFR),0,19,109,0,128,0,1,241,0,242,0,20,350,0,370,36,0,36,406
05/02/2001,ADS,TX,ASW,CE,Towers with Display (VFR),0,25,134,0,159,0,0,220,0,220,0,25,354,0,379,30,0,30,409
05/03/2001,ADS,TX,ASW,CE,Towers with Display (VFR),0,22,144,0,166,0,1,190,0,191,0,23,334,0,357,54,0,54,411
05/04/2001,ADS,TX,ASW,CE,Towers with Display (VFR),0,25,124,0,149,0,1,76,1,78,0,26,200,1,227,32,0,32,259
05/05/2001,ADS,TX,ASW,CE,Towers with Display (VFR),0,9,100,0,109,0,0,51,0,51,0,9,151,0,160,4,0,4,164
05/06/2001,ADS,TX,ASW,CE,Towers with Display (VFR),0,17,90,0,107,0,0,66,0,66,0,17,156,0,173,8,0,8,181
05/07/2001,ADS,TX,ASW,CE,Towers with Display (VFR),0,22,99,0,121,0,3,180,0,183,0,25,279,0,304,30,0,30,334
05/08/2001,ADS,TX,ASW,CE,Towers with Display (VFR),1,39,124,1,165,0,0,382,0,382,1,39,506,1,547,30,2,32,579
05/09/2001,ADS,TX,ASW,CE,Towers with Display (VFR),0,29,142,0,171,0,0,441,0,441,0,29,583,0,612,80,0,80,692
05/10/2001,ADS,TX,ASW,CE,Towers with Display (VFR),0,31,145,0,176,0,0,401,0,401,0,31,546,0,577,10,0,10,587
05/11/2001,ADS,TX,ASW,CE,Towers with Display (VFR),0,41,117,2,160,0,0,260,0,260,0,41,377,2,420,42,0,42,462
05/12/2001,ADS,TX,ASW,CE,Towers with Display (VFR),0,14,60,0,74,0,3,379,0,382,0,17,439,0,456,72,0,72,528
05/13/2001,ADS,TX,ASW,CE,Towers with Display (VFR),0,13,86,0,99,0,0,346,0,346,0,13,432,0,445,62,0,62,507
05/14/2001,ADS,TX,ASW,CE,Towers with Display (VFR),0,25,111,1,137,0,1,364,0,365,0,26,475,1,502,28,0,28,530
05/15/2001,ADS,TX,ASW,CE,Towers with Display (VFR),1,20,118,3,142,0,6,400,0,406,1,26,518,3,548,42,2,44,592
05/16/2001,ADS,TX,ASW,CE,Towers with Display (VFR),0,35,125,0,160,0,0,337,0,337,0,35,462,0,497,56,0,56,553
05/17/2001,ADS,TX,ASW,CE,Towers with Display (VFR),0,36,159,0,195,0,1,353,0,354,0,37,512,0,549,24,0,24,573
05/18/2001,ADS,TX,ASW,CE,Towers with Display (VFR),0,37,148,0,185,0,0,366,1,367,0,37,514,1,552,54,0,54,606
05/19/2001,ADS,TX,ASW,CE,Towers with Display (VFR),0,10,90,0,100,0,5,314,0,319,0,15,404,0,419,64,0,64,483
05/20/2001,ADS,TX,ASW,CE,Towers with Display (VFR),0,20,99,0,119,0,1,164,0,165,0,21,263,0,284,148,0,148,432
05/21/2001,ADS,TX,ASW,CE,Towers with Display (VFR),0,25,139,0,164,0,5,107,0,112,0,30,246,0,276,44,0,44,320
05/22/2001,ADS,TX,ASW,CE,Towers with Display (VFR),0,40,135,4,179,0,2,552,0,554,0,42,687,4,733,100,0,100,833
05/23/2001,ADS,TX,ASW,CE,Towers with Display (VFR),0,28,92,0,120,0,0,446,0,446,0,28,538,0,566,44,0,44,610
05/24/2001,ADS,TX,ASW,CE,Towers with Display (VFR),0,22,119,0,141,0,1,514,0,515,0,23,633,0,656,76,0,76,732
05/25/2001,ADS,TX,ASW,CE,Towers with Display (VFR),0,34,143,0,177,0,0,444,0,444,0,34,587,0,621,40,0,40,661
05/26/2001,ADS,TX,ASW,CE,Towers with Display (VFR),0,12,82,0,94,0,4,436,0,440,0,16,518,0,534,190,0,190,724
05/27/2001,ADS,TX,ASW,CE,Towers with Display (VFR),0,10,57,0,67,0,2,320,0,322,0,12,377,0,389,117,0,117,506
05/28/2001,ADS,TX,ASW,CE,Towers with Display (VFR),0,35,98,0,133,0,1,323,0,324,0,36,421,0,457,136,6,142,599
05/29/2001,ADS,TX,ASW,CE,Towers with Display (VFR),1,36,103,1,141,0,0,179,0,179,1,36,282,1,320,48,0,48,368
05/30/2001,ADS,TX,ASW,CE,Towers with Display (VFR),0,37,137,0,174,0,7,210,0,217,0,44,347,0,391,32,0,32,423
05/31/2001,ADS,TX,ASW,CE,Towers with Display (VFR),1,34,128,1,164,0,0,362,2,364,1,34,490,3,528,52,0,52,580
06/01/2001,ADS,TX,ASW,CE,Towers with Display (VFR),0,33,132,3,168,0,5,394,8,407,0,38,526,11,575,32,0,32,607
06/02/2001,ADS,TX,ASW,CE,Towers with Display (VFR),0,20,81,0,101,0,4,445,0,449,0,24,526,0,550,52,0,52,602
06/03/2001,ADS,TX,ASW,CE,Towers with Display (VFR),0,14,81,0,95,0,3,205,0,208,0,17,286,0,303,8,0,8,311
06/04/2001,ADS,TX,ASW,CE,Towers with Display (VFR),0,21,94,0,115,0,4,195,0,199,0,25,289,0,314,56,0,56,370
06/05/2001,ADS,TX,ASW,CE,Towers with Display (VFR),0,34,119,0,153,0,3,278,0,281,0,37,397,0,434,145,0,145,579
06/06/2001,ADS,TX,ASW,CE,Towers with Display (VFR),0,34,155,0,189,0,3,208,0,211,0,37,363,0,400,22,0,22,422
06/07/2001,ADS,TX,ASW,CE,Towers with Display (VFR),0,37,174,0,211,0,36,214,0,250,0,73,388,0,461,82,0,82,543
06/08/2001,ADS,TX,ASW,CE,Towers with Display (VFR),0,34,135,0,169,0,5,165,0,170,0,39,300,0,339,35,0,35,374
06/09/2001,ADS,TX,ASW,CE,Towers with Display (VFR),0,29,100,0,129,0,4,430,0,434,0,33,530,0,563,50,0,50,613
06/10/2001,ADS,TX,ASW,CE,Towers with Display (VFR),0,21,95,0,116,0,7,509,0,516,0,28,604,0,632,128,0,128,760
06/11/2001,ADS,TX,ASW,CE,Towers with Display (VFR),0,22,109,1,132,0,3,444,0,447,0,25,553,1,579,60,0,60,639
06/12/2001,ADS,TX,ASW,CE,Towers with Display (VFR),0,39,103,0,142,0,4,437,0,441,0,43,540,0,583,108,0,108,691
06/13/2001,ADS,TX,ASW,CE,Towers with Display (VFR),0,41,132,0,173,0,2,268,0,270,0,43,400,0,443,74,0,74,517
06/14/2001,ADS,TX,ASW,CE,Towers with Display (VFR),0,38,133,0,171,0,3,173,1,177,0,41,306,1,348,14,0,14,362
06/15/2001,ADS,TX,ASW,CE,Towers with Display (VFR),0,49,123,0,172,0,6,453,1,460,0,55,576,1,632,30,0,30,662
06/16/2001,ADS,TX,ASW,CE,Towers with Display (VFR),0,14,87,0,101,0,3,505,2,510,0,17,592,2,611,66,0,66,677
06/17/2001,ADS,TX,ASW,CE,Towers with Display (VFR),0,10,81,1,92,0,3,349,1,353,0,13,430,2,445,31,0,31,476
06/18/2001,ADS,TX,ASW,CE,Towers with Display (VFR),0,39,107,0,146,0,0,394,0,394,0,39,501,0,540,52,0,52,592
06/19/2001,ADS,TX,ASW,CE,Towers with Display (VFR),0,51,118,0,169,0,0,380,0,380,0,51,498,0,549,48,0,48,597
06/20/2001,ADS,TX,ASW,CE,Towers with Display (VFR),0,39,101,0,140,0,3,386,0,389,0,42,487,0,529,85,0,85,614
06/21/2001,ADS,TX,ASW,CE,Towers with Display (VFR),0,44,129,0,173,0,0,311,0,311,0,44,440,0,484,70,0,70,554
06/22/2001,ADS,TX,ASW,CE,Towers with Display (VFR),0,43,105,2,150,0,0,426,0,426,0,43,531,2,576,4,0,4,580
06/23/2001,ADS,TX,ASW,CE,Towers with Display (VFR),0,20,44,0,64,0,0,577,0,577,0,20,621,0,641,108,0,108,749
06/24/2001,ADS,TX,ASW,CE,Towers with Display (VFR),0,11,85,0,96,0,0,437,0,437,0,11,522,0,533,46,0,46,579
06/25/2001,ADS,TX,ASW,CE,Towers with Display (VFR),0,38,86,0,124,0,2,370,0,372,0,40,456,0,496,48,0,48,544
06/26/2001,ADS,TX,ASW,CE,Towers with Display (VFR),0,42,116,0,158,0,0,452,0,452,0,42,568,0,610,72,0,72,682
06/27/2001,ADS,TX,ASW,CE,Towers with Display (VFR),0,42,124,0,166,0,0,328,0,328,0,42,452,0,494,28,0,28,522
06/28/2001,ADS,TX,ASW,CE,Towers with Display (VFR),0,40,98,0,138,0,0,221,0,221,0,40,319,0,359,76,0,76,435
06/29/2001,ADS,TX,ASW,CE,Towers with Display (VFR),1,48,130,0,179,0,1,260,0,261,1,49,390,0,440,24,0,24,464
06/30/2001,ADS,TX,ASW,CE,Towers with Display (VFR),0,22,48,0,70,0,0,208,0,208,0,22,256,0,278,2,0,2,280
07/01/2001,ADS,TX,ASW,CE,Towers with Display (VFR),0,0,97,0,97,0,15,232,0,247,0,15,329,0,344,74,0,74,418
07/02/2001,ADS,TX,ASW,CE,Towers with Display (VFR),0,3,136,0,139,0,16,373,0,389,0,19,509,0,528,8,0,8,536
07/03/2001,ADS,TX,ASW,CE,Towers with Display (VFR),0,7,117,0,124,0,17,420,0,437,0,24,537,0,561,72,0,72,633
07/04/2001,ADS,TX,ASW,CE,Towers with Display (VFR),0,0,57,0,57,0,15,332,0,347,0,15,389,0,404,18,0,18,422
07/05/2001,ADS,TX,ASW,CE,Towers with Display (VFR),0,6,103,0,109,0,25,412,0,437,0,31,515,0,546,30,0,30,576
07/06/2001,ADS,TX,ASW,CE,Towers with Display (VFR),0,15,106,0,121,0,17,419,0,436,0,32,525,0,557,20,0,20,577
07/07/2001,ADS,TX,ASW,CE,Towers with Display (VFR),0,5,75,0,80,0,14,467,0,481,0,19,542,0,561,80,0,80,641
07/08/2001,ADS,TX,ASW,CE,Towers with Display (VFR),0,0,106,0,106,0,10,389,0,399,0,10,495,0,505,76,0,76,581
07/09/2001,ADS,TX,ASW,CE,Towers with Display (VFR),0,8,119,1,128,0,16,395,1,412,0,24,514,2,540,60,1,61,601
07/10/2001,ADS,TX,ASW,CE,Towers with Display (VFR),0,25,115,0,140,0,15,383,0,398,0,40,498,0,538,72,0,72,610
07/11/2001,ADS,TX,ASW,CE,Towers with Display (VFR),0,27,118,3,148,2,11,411,0,424,2,38,529,3,572,104,0,104,676
07/12/2001,ADS,TX,ASW,CE,Towers with Display (VFR),0,21,143,0,164,0,28,353,0,381,0,49,496,0,545,136,0,136,681
07/13/2001,ADS,TX,ASW,CE,Towers with Display (VFR),0,20,116,1,137,1,15,365,0,381,1,35,481,1,518,4,2,6,524
07/14/2001,ADS,TX,ASW,CE,Towers with Display (VFR),0,9,102,0,111,0,13,311,0,324,0,22,413,0,435,154,0,154,589
07/15/2001,ADS,TX,ASW,CE,Towers with Display (VFR),0,11,67,0,78,0,0,309,0,309,0,11,376,0,387,88,0,88,475
07/16/2001,ADS,TX,ASW,CE,Towers with Display (VFR),0,30,94,0,124,0,0,383,0,383,0,30,477,0,507,24,0,24,531
07/17/2001,ADS,TX,ASW,CE,Towers with Display (VFR),2,29,127,0,158,0,0,416,0,416,2,29,543,0,574,44,0,44,618
07/18/2001,ADS,TX,ASW,CE,Towers with Display (VFR),0,37,88,0,125,0,0,448,0,448,0,37,536,0,573,70,0,70,643
07/19/2001,ADS,TX,ASW,CE,Towers with Display (VFR),0,29,107,0,136,0,0,359,0,359,0,29,466,0,495,28,0,28,523
07/20/2001,ADS,TX,ASW,CE,Towers with Display (VFR),0,30,88,3,121,0,0,400,0,400,0,30,488,3,521,22,0,22,543
07/21/2001,ADS,TX,ASW,CE,Towers with Display (VFR),0,19,34,0,53,0,0,399,0,399,0,19,433,0,452,74,0,74,526
07/22/2001,ADS,TX,ASW,CE,Towers with Display (VFR),0,20,61,0,81,0,0,447,2,449,0,20,508,2,530,124,0,124,654
07/23/2001,ADS,TX,ASW,CE,Towers with Display (VFR),0,25,92,0,117,0,0,435,0,435,0,25,527,0,552,54,0,54,606
07/24/2001,ADS,TX,ASW,CE,Towers with Display (VFR),0,45,109,0,154,0,0,388,0,388,0,45,497,0,542,24,0,24,566
07/25/2001,ADS,TX,ASW,CE,Towers with Display (VFR),0,31,100,0,131,0,0,392,0,392,0,31,492,0,523,44,0,44,567
07/26/2001,ADS,TX,ASW,CE,Towers with Display (VFR),0,29,116,0,145,0,0,361,0,361,0,29,477,0,506,44,0,44,550
07/27/2001,ADS,TX,ASW,CE,Towers with Display (VFR),0,36,79,0,115,0,0,368,0,368,0,36,447,0,483,4,0,4,487
07/28/2001,ADS,TX,ASW,CE,Towers with Display (VFR),0,9,86,0,95,0,0,402,0,402,0,9,488,0,497,111,0,111,608
07/29/2001,ADS,TX,ASW,CE,Towers with Display (VFR),3,22,101,0,126,0,0,315,0,315,3,22,416,0,441,100,0,100,541
07/30/2001,ADS,TX,ASW,CE,Towers with Display (VFR),0,22,75,0,97,0,0,442,0,442,0,22,517,0,539,34,0,34,573
07/31/2001,ADS,TX,ASW,CE,Towers with Display (VFR),0,32,114,0,146,0,0,407,0,407,0,32,521,0,553,40,0,40,593
08/01/2001,ADS,TX,ASW,CE,Towers with Display (VFR),0,46,113,3,162,0,0,423,1,424,0,46,536,4,586,68,0,68,654
08/02/2001,ADS,TX,ASW,CE,Towers with Display (VFR),0,26,106,0,132,0,1,462,0,463,0,27,568,0,595,29,0,29,624
08/03/2001,ADS,TX,ASW,CE,Towers with Display (VFR),0,35,98,0,133,0,2,436,0,438,0,37,534,0,571,15,0,15,586
08/04/2001,ADS,TX,ASW,CE,Towers with Display (VFR),0,14,64,0,78,0,0,447,0,447,0,14,511,0,525,96,0,96,621
08/05/2001,ADS,TX,ASW,CE,Towers with Display (VFR),0,13,94,0,107,0,1,375,0,376,0,14,469,0,483,42,0,42,525
08/06/2001,ADS,TX,ASW,CE,Towers with Display (VFR),0,36,104,0,140,0,0,339,0,339,0,36,443,0,479,20,0,20,499
08/07/2001,ADS,TX,ASW,CE,Towers with Display (VFR),0,35,125,1,161,0,0,405,0,405,0,35,530,1,566,121,0,121,687
08/08/2001,ADS,TX,ASW,CE,Towers with Display (VFR),2,29,109,0,140,0,29,365,0,394,2,58,474,0,534,10,0,10,544
08/09/2001,ADS,TX,ASW,CE,Towers with Display (VFR),0,32,136,0,168,0,0,407,0,407,0,32,543,0,575,116,0,116,691
08/10/2001,ADS,TX,ASW,CE,Towers with Display (VFR),0,40,114,0,154,0,1,395,1,397,0,41,509,1,551,38,0,38,589
08/11/2001,ADS,TX,ASW,CE,Towers with Display (VFR),0,16,84,0,100,0,0,381,0,381,0,16,465,0,481,23,0,23,504
08/12/2001,ADS,TX,ASW,CE,Towers with Display (VFR),0,24,97,0,121,0,39,334,0,373,0,63,431,0,494,94,0,94,588
08/13/2001,ADS,TX,ASW,CE,Towers with Display (VFR),0,24,102,0,126,0,0,291,0,291,0,24,393,0,417,20,0,20,437
08/14/2001,ADS,TX,ASW,CE,Towers with Display (VFR),0,40,147,3,190,0,1,467,0,468,0,41,614,3,658,46,0,46,704
08/15/2001,ADS,TX,ASW,CE,Towers with Display (VFR),0,34,149,0,183,0,1,459,0,460,0,35,608,0,643,62,0,62,705
08/16/2001,ADS,TX,ASW,CE,Towers with Display (VFR),0,35,130,0,165,0,12,399,0,411,0,47,529,0,576,48,0,48,624
08/17/2001,ADS,TX,ASW,CE,Towers with Display (VFR),0,23,117,0,140,0,0,60,0,60,0,23,177,0,200,22,0,22,222
08/18/2001,ADS,TX,ASW,CE,Towers with Display (VFR),0,16,88,0,104,0,0,279,0,279,0,16,367,0,383,68,0,68,451
08/19/2001,ADS,TX,ASW,CE,Towers with Display (VFR),0,13,84,2,99,0,1,433,0,434,0,14,517,2,533,77,0,77,610
08/20/2001,ADS,TX,ASW,CE,Towers with Display (VFR),0,25,89,0,114,0,1,434,0,435,0,26,523,0,549,90,0,90,639
08/21/2001,ADS,TX,ASW,CE,Towers with Display (VFR),0,15,141,0,156,0,0,364,0,364,0,15,505,0,520,18,0,18,538
08/22/2001,ADS,TX,ASW,CE,Towers with Display (VFR),0,31,109,0,140,0,0,370,0,370,0,31,479,0,510,51,0,51,561
08/23/2001,ADS,TX,ASW,CE,Towers with Display (VFR),0,36,145,0,181,0,2,354,0,356,0,38,499,0,537,69,0,69,606
08/24/2001,ADS,TX,ASW,CE,Towers with Display (VFR),0,29,107,0,136,0,1,404,0,405,0,30,511,0,541,18,0,18,559
08/25/2001,ADS,TX,ASW,CE,Towers with Display (VFR),0,15,67,0,82,0,0,500,0,500,0,15,567,0,582,78,0,78,660
08/26/2001,ADS,TX,ASW,CE,Towers with Display (VFR),1,21,72,0,94,0,4,176,0,180,1,25,248,0,274,80,0,80,354
08/27/2001,ADS,TX,ASW,CE,Towers with Display (VFR),0,42,125,0,167,0,1,267,0,268,0,43,392,0,435,8,0,8,443
08/28/2001,ADS,TX,ASW,CE,Towers with Display (VFR),0,35,114,2,151,0,0,192,0,192,0,35,306,2,343,14,0,14,357
08/29/2001,ADS,TX,ASW,CE,Towers with Display (VFR),0,25,138,0,163,0,2,279,0,281,0,27,417,0,444,0,0,0,444
08/30/2001,ADS,TX,ASW,CE,Towers with Display (VFR),0,30,214,1,245,0,0,16,1,17,0,30,230,2,262,2,0,2,264
08/31/2001,ADS,TX,ASW,CE,Towers with Display (VFR),1,47,161,0,209,0,1,31,0,32,1,48,192,0,241,6,0,6,247
09/01/2001,ADS,TX,ASW,CE,Towers with Display (VFR),1,22,109,0,132,0,8,61,0,69,1,30,170,0,201,12,0,12,213
09/02/2001,ADS,TX,ASW,CE,Towers with Display (VFR),0,10,74,0,84,0,1,214,1,216,0,11,288,1,300,240,0,240,540
09/03/2001,ADS,TX,ASW,CE,Towers with Display (VFR),0,20,73,0,93,0,2,275,0,277,0,22,348,0,370,72,0,72,442
09/04/2001,ADS,TX,ASW,CE,Towers with Display (VFR),0,36,113,0,149,0,1,33,0,34,0,37,146,0,183,30,0,30,213
09/05/2001,ADS,TX,ASW,CE,Towers with Display (VFR),0,29,152,0,181,0,0,79,0,79,0,29,231,0,260,34,0,34,294
09/06/2001,ADS,TX,ASW,CE,Towers with Display (VFR),0,29,109,0,138,0,16,260,0,276,0,45,369,0,414,6,0,6,420
09/07/2001,ADS,TX,ASW,CE,Towers with Display (VFR),0,29,125,0,154,0,1,206,0,207,0,30,331,0,361,12,0,12,373
09/08/2001,ADS,TX,ASW,CE,Towers with Display (VFR),0,26,89,0,115,0,9,293,0,302,0,35,382,0,417,50,0,50,467
09/09/2001,ADS,TX,ASW,CE,Towers with Display (VFR),0,12,121,0,133,0,0,138,0,138,0,12,259,0,271,22,0,22,293
09/10/2001,ADS,TX,ASW,CE,Towers with Display (VFR),2,25,92,0,119,0,1,429,0,430,2,26,521,0,549,64,0,64,613
09/11/2001,ADS,TX,ASW,CE,Towers with Display (VFR),0,3,22,0,25,0,1,50,0,51,0,4,72,0,76,0,0,0,76
09/12/2001,ADS,TX,ASW,CE,Towers with Display (VFR),0,7,3,0,10,0,0,0,0,0,0,7,3,0,10,0,0,0,10
09/13/2001,ADS,TX,ASW,CE,Towers with Display (VFR),0,86,3,0,89,0,0,0,0,0,0,86,3,0,89,0,0,0,89
09/14/2001,ADS,TX,ASW,CE,Towers with Display (VFR),0,58,54,0,112,0,0,0,0,0,0,58,54,0,112,0,0,0,112
09/15/2001,ADS,TX,ASW,CE,Towers with Display (VFR),0,44,101,0,145,0,0,0,0,0,0,44,101,0,145,0,0,0,145
09/16/2001,ADS,TX,ASW,CE,Towers with Display (VFR),0,27,97,0,124,0,0,0,0,0,0,27,97,0,124,0,0,0,124
09/17/2001,ADS,TX,ASW,CE,Towers with Display (VFR),0,48,153,0,201,0,0,0,0,0,0,48,153,0,201,0,0,0,201
09/18/2001,ADS,TX,ASW,CE,Towers with Display (VFR),0,43,141,0,184,0,0,0,0,0,0,43,141,0,184,0,0,0,184
09/19/2001,ADS,TX,ASW,CE,Towers with Display (VFR),1,67,207,0,275,0,0,0,0,0,1,67,207,0,275,0,0,0,275
09/20/2001,ADS,TX,ASW,CE,Towers with Display (VFR),1,45,183,0,229,0,9,0,0,9,1,54,183,0,238,6,0,6,244
09/21/2001,ADS,TX,ASW,CE,Towers with Display (VFR),0,57,190,0,247,0,0,0,0,0,0,57,190,0,247,0,0,0,247
09/22/2001,ADS,TX,ASW,CE,Towers with Display (VFR),0,25,134,0,159,0,1,67,0,68,0,26,201,0,227,2,0,2,229
09/23/2001,ADS,TX,ASW,CE,Towers with Display (VFR),0,34,147,0,181,0,0,138,0,138,0,34,285,0,319,36,0,36,355
09/24/2001,ADS,TX,ASW,CE,Towers with Display (VFR),1,50,164,0,215,0,1,144,0,145,1,51,308,0,360,0,0,0,360
09/25/2001,ADS,TX,ASW,CE,Towers with Display (VFR),0,39,194,0,233,0,0,215,0,215,0,39,409,0,448,22,0,22,470
09/26/2001,ADS,TX,ASW,CE,Towers with Display (VFR),0,35,214,0,249,0,3,210,0,213,0,38,424,0,462,10,0,10,472
09/27/2001,ADS,TX,ASW,CE,Towers with Display (VFR),0,41,255,0,296,0,0,221,0,221,0,41,476,0,517,22,0,22,539
09/28/2001,ADS,TX,ASW,CE,Towers with Display (VFR),0,67,206,0,273,0,0,180,0,180,0,67,386,0,453,2,0,2,455
09/29/2001,ADS,TX,ASW,CE,Towers with Display (VFR),0,24,180,0,204,0,1,188,0,189,0,25,368,0,393,22,0,22,415
09/30/2001,ADS,TX,ASW,CE,Towers with Display (VFR),0,47,218,0,265,0,0,185,0,185,0,47,403,0,450,36,0,36,486
10/01/2001,ADS,TX,ASW,CE,Towers with Display (VFR),0,35,126,0,161,0,0,189,0,189,0,35,315,0,350,16,0,16,366
10/02/2001,ADS,TX,ASW,CE,Towers with Display (VFR),0,32,188,0,220,0,0,212,0,212,0,32,400,0,432,24,0,24,456
10/03/2001,ADS,TX,ASW,CE,Towers with Display (VFR),0,51,190,0,241,0,0,241,0,241,0,51,431,0,482,37,0,37,519
10/04/2001,ADS,TX,ASW,CE,Towers with Display (VFR),0,49,214,0,263,0,0,206,0,206,0,49,420,0,469,40,0,40,509
10/05/2001,ADS,TX,ASW,CE,Towers with Display (VFR),1,44,152,0,197,0,0,23,0,23,1,44,175,0,220,10,0,10,230
10/06/2001,ADS,TX,ASW,CE,Towers with Display (VFR),0,22,115,0,137,0,0,150,0,150,0,22,265,0,287,36,0,36,323
10/07/2001,ADS,TX,ASW,CE,Towers with Display (VFR),0,25,166,0,191,0,2,184,0,186,0,27,350,0,377,48,0,48,425
10/08/2001,ADS,TX,ASW,CE,Towers with Display (VFR),0,43,171,0,214,0,0,164,0,164,0,43,335,0,378,16,0,16,394
10/09/2001,ADS,TX,ASW,CE,Towers with Display (VFR),0,30,153,0,183,0,0,42,0,42,0,30,195,0,225,18,0,18,243
10/10/2001,ADS,TX,ASW,CE,Towers with Display (VFR),0,32,159,2,193,0,0,52,0,52,0,32,211,2,245,16,0,16,261
10/11/2001,ADS,TX,ASW,CE,Towers with Display (VFR),0,43,153,0,196,0,0,57,0,57,0,43,210,0,253,63,0,63,316
10/12/2001,ADS,TX,ASW,CE,Towers with Display (VFR),0,36,176,0,212,0,0,105,0,105,0,36,281,0,317,32,0,32,349
10/13/2001,ADS,TX,ASW,CE,Towers with Display (VFR),0,29,78,0,107,0,0,56,0,56,0,29,134,0,163,28,0,28,191
10/14/2001,ADS,TX,ASW,CE,Towers with Display (VFR),0,27,153,0,180,0,0,231,0,231,0,27,384,0,411,99,0,99,510
10/15/2001,ADS,TX,ASW,CE,Towers with Display (VFR),3,41,175,0,219,2,0,135,0,137,5,41,310,0,356,15,0,15,371
10/16/2001,ADS,TX,ASW,CE,Towers with Display (VFR),0,49,130,0,179,0,0,340,0,340,0,49,470,0,519,48,0,48,567
10/17/2001,ADS,TX,ASW,CE,Towers with Display (VFR),0,31,148,4,183,0,0,371,10,381,0,31,519,14,564,28,0,28,592
10/18/2001,ADS,TX,ASW,CE,Towers with Display (VFR),0,27,158,1,186,0,1,291,1,293,0,28,449,2,479,18,0,18,497
10/19/2001,ADS,TX,ASW,CE,Towers with Display (VFR),0,34,145,1,180,0,1,363,0,364,0,35,508,1,544,4,0,4,548
10/20/2001,ADS,TX,ASW,CE,Towers with Display (VFR),0,16,91,0,107,0,1,345,6,352,0,17,436,6,459,36,0,36,495
10/21/2001,ADS,TX,ASW,CE,Towers with Display (VFR),1,27,137,0,165,0,0,203,0,203,1,27,340,0,368,28,0,28,396
10/22/2001,ADS,TX,ASW,CE,Towers with Display (VFR),0,40,155,0,195,0,0,119,0,119,0,40,274,0,314,10,0,10,324
10/23/2001,ADS,TX,ASW,CE,Towers with Display (VFR),0,38,162,0,200,0,0,177,0,177,0,38,339,0,377,12,0,12,389
10/24/2001,ADS,TX,ASW,CE,Towers with Display (VFR),0,44,139,0,183,0,2,263,0,265,0,46,402,0,448,5,0,5,453
10/25/2001,ADS,TX,ASW,CE,Towers with Display (VFR),0,42,130,0,172,0,3,424,0,427,0,45,554,0,599,24,0,24,623
10/26/2001,ADS,TX,ASW,CE,Towers with Display (VFR),0,25,132,0,157,0,0,412,0,412,0,25,544,0,569,29,0,29,598
10/27/2001,ADS,TX,ASW,CE,Towers with Display (VFR),0,30,80,0,110,0,0,397,0,397,0,30,477,0,507,34,0,34,541
10/28/2001,ADS,TX,ASW,CE,Towers with Display (VFR),0,28,94,0,122,0,1,370,0,371,0,29,464,0,493,26,0,26,519
10/29/2001,ADS,TX,ASW,CE,Towers with Display (VFR),0,29,108,0,137,0,0,252,0,252,0,29,360,0,389,0,0,0,389
10/30/2001,ADS,TX,ASW,CE,Towers with Display (VFR),0,41,133,0,174,0,3,383,0,386,0,44,516,0,560,28,0,28,588
10/31/2001,ADS,TX,ASW,CE,Towers with Display (VFR),0,34,141,0,175,0,3,255,0,258,0,37,396,0,433,32,0,32,465
11/01/2001,ADS,TX,ASW,CE,Towers with Display (VFR),0,37,164,0,201,0,0,193,0,193,0,37,357,0,394,24,0,24,418
11/02/2001,ADS,TX,ASW,CE,Towers with Display (VFR),0,38,146,0,184,0,1,230,0,231,0,39,376,0,415,28,0,28,443
11/03/2001,ADS,TX,ASW,CE,Towers with Display (VFR),0,12,59,0,71,0,6,355,0,361,0,18,414,0,432,30,0,30,462
11/04/2001,ADS,TX,ASW,CE,Towers with Display (VFR),0,19,100,0,119,0,6,277,0,283,0,25,377,0,402,78,0,78,480
11/05/2001,ADS,TX,ASW,CE,Towers with Display (VFR),0,34,117,0,151,0,1,310,0,311,0,35,427,0,462,32,0,32,494
11/06/2001,ADS,TX,ASW,CE,Towers with Display (VFR),0,34,132,0,166,0,0,365,0,365,0,34,497,0,531,14,5,19,550
11/07/2001,ADS,TX,ASW,CE,Towers with Display (VFR),0,32,124,0,156,0,0,325,0,325,0,32,449,0,481,16,0,16,497
11/08/2001,ADS,TX,ASW,CE,Towers with Display (VFR),0,42,101,0,143,0,4,308,0,312,0,46,409,0,455,44,0,44,499
11/09/2001,ADS,TX,ASW,CE,Towers with Display (VFR),0,38,194,0,232,0,0,71,0,71,0,38,265,0,303,6,0,6,309
11/10/2001,ADS,TX,ASW,CE,Towers with Display (VFR),0,21,66,0,87,0,0,371,0,371,0,21,437,0,458,118,0,118,576
11/11/2001,ADS,TX,ASW,CE,Towers with Display (VFR),1,36,117,0,154,0,0,3,0,3,1,36,120,0,157,2,0,2,159
11/12/2001,ADS,TX,ASW,CE,Towers with Display (VFR),1,56,182,0,239,0,0,47,0,47,1,56,229,0,286,36,0,36,322
11/13/2001,ADS,TX,ASW,CE,Towers with Display (VFR),0,47,184,0,231,0,2,123,0,125,0,49,307,0,356,42,0,42,398
11/14/2001,ADS,TX,ASW,CE,Towers with Display (VFR),0,31,171,0,202,0,0,109,0,109,0,31,280,0,311,20,0,20,331
11/15/2001,ADS,TX,ASW,CE,Towers with Display (VFR),1,26,151,0,178,0,0,142,1,143,1,26,293,1,321,32,0,32,353
11/16/2001,ADS,TX,ASW,CE,Towers with Display (VFR),0,28,147,0,175,0,0,214,0,214,0,28,361,0,389,45,0,45,434
11/17/2001,ADS,TX,ASW,CE,Towers with Display (VFR),0,21,82,2,105,1,1,355,0,357,1,22,437,2,462,92,0,92,554
11/18/2001,ADS,TX,ASW,CE,Towers with Display (VFR),0,20,105,0,125,0,0,209,0,209,0,20,314,0,334,98,0,98,432
11/19/2001,ADS,TX,ASW,CE,Towers with Display (VFR),0,24,96,4,124,0,0,80,0,80,0,24,176,4,204,4,0,4,208
11/20/2001,ADS,TX,ASW,CE,Towers with Display (VFR),0,37,125,1,163,0,0,368,0,368,0,37,493,1,531,18,2,20,551
11/21/2001,ADS,TX,ASW,CE,Towers with Display (VFR),0,41,132,0,173,0,0,356,0,356,0,41,488,0,529,6,0,6,535
11/22/2001,ADS,TX,ASW,CE,Towers with Display (VFR),0,14,38,0,52,0,4,141,0,145,0,18,179,0,197,4,0,4,201
11/23/2001,ADS,TX,ASW,CE,Towers with Display (VFR),0,31,84,0,115,0,2,103,0,105,0,33,187,0,220,30,0,30,250
11/24/2001,ADS,TX,ASW,CE,Towers with Display (VFR),1,24,75,0,100,0,2,192,0,194,1,26,267,0,294,6,0,6,300
11/25/2001,ADS,TX,ASW,CE,Towers with Display (VFR),0,30,109,0,139,0,0,338,0,338,0,30,447,0,477,34,0,34,511
11/26/2001,ADS,TX,ASW,CE,Towers with Display (VFR),0,29,128,0,157,0,0,219,0,219,0,29,347,0,376,0,0,0,376
11/27/2001,ADS,TX,ASW,CE,Towers with Display (VFR),1,37,113,0,151,0,0,117,0,117,1,37,230,0,268,2,0,2,270
11/28/2001,ADS,TX,ASW,CE,Towers with Display (VFR),0,27,37,0,64,0,0,1,0,1,0,27,38,0,65,0,0,0,65
11/29/2001,ADS,TX,ASW,CE,Towers with Display (VFR),0,52,121,0,173,0,0,141,0,141,0,52,262,0,314,26,0,26,340
11/30/2001,ADS,TX,ASW,CE,Towers with Display (VFR),0,42,142,0,184,0,0,335,0,335,0,42,477,0,519,26,0,26,545
12/01/2001,ADS,TX,ASW,CE,Towers with Display (VFR),0,17,77,0,94,0,0,425,1,426,0,17,502,1,520,18,0,18,538
12/02/2001,ADS,TX,ASW,CE,Towers with Display (VFR),0,22,108,0,130,0,37,330,0,367,0,59,438,0,497,26,0,26,523
12/03/2001,ADS,TX,ASW,CE,Towers with Display (VFR),0,27,140,0,167,0,0,33,0,33,0,27,173,0,200,8,0,8,208
12/04/2001,ADS,TX,ASW,CE,Towers with Display (VFR),0,29,181,0,210,0,0,41,0,41,0,29,222,0,251,36,0,36,287
12/05/2001,ADS,TX,ASW,CE,Towers with Display (VFR),0,32,172,0,204,0,0,101,0,101,0,32,273,0,305,66,0,66,371
12/06/2001,ADS,TX,ASW,CE,Towers with Display (VFR),1,40,137,1,179,0,0,214,2,216,1,40,351,3,395,30,0,30,425
12/07/2001,ADS,TX,ASW,CE,Towers with Display (VFR),0,46,181,0,227,0,3,259,3,265,0,49,440,3,492,56,0,56,548
12/08/2001,ADS,TX,ASW,CE,Towers with Display (VFR),0,11,86,0,97,0,0,254,0,254,0,11,340,0,351,54,0,54,405
12/09/2001,ADS,TX,ASW,CE,Towers with Display (VFR),0,24,92,0,116,0,0,357,0,357,0,24,449,0,473,84,0,84,557
12/10/2001,ADS,TX,ASW,CE,Towers with Display (VFR),0,33,99,0,132,0,9,328,1,338,0,42,427,1,470,30,0,30,500
12/11/2001,ADS,TX,ASW,CE,Towers with Display (VFR),1,39,134,0,174,0,0,81,1,82,1,39,215,1,256,17,0,17,273
12/12/2001,ADS,TX,ASW,CE,Towers with Display (VFR),1,39,119,1,160,0,0,58,0,58,1,39,177,1,218,0,0,0,218
12/13/2001,ADS,TX,ASW,CE,Towers with Display (VFR),0,30,134,0,164,0,0,15,0,15,0,30,149,0,179,4,0,4,183
12/14/2001,ADS,TX,ASW,CE,Towers with Display (VFR),0,33,97,0,130,0,0,381,0,381,0,33,478,0,511,62,2,64,575
12/15/2001,ADS,TX,ASW,CE,Towers with Display (VFR),0,17,84,0,101,0,0,128,0,128,0,17,212,0,229,82,0,82,311
12/16/2001,ADS,TX,ASW,CE,Towers with Display (VFR),1,28,55,0,84,0,0,0,0,0,1,28,55,0,84,0,0,0,84
12/17/2001,ADS,TX,ASW,CE,Towers with Display (VFR),0,34,125,0,159,0,1,316,0,317,0,35,441,0,476,45,0,45,521
12/18/2001,ADS,TX,ASW,CE,Towers with Display (VFR),0,39,134,0,173,2,12,370,0,384,2,51,504,0,557,36,0,36,593
12/19/2001,ADS,TX,ASW,CE,Towers with Display (VFR),1,39,128,0,168,0,0,328,0,328,1,39,456,0,496,76,0,76,572
12/20/2001,ADS,TX,ASW,CE,Towers with Display (VFR),1,44,104,0,149,0,0,417,0,417,1,44,521,0,566,46,0,46,612
12/21/2001,ADS,TX,ASW,CE,Towers with Display (VFR),1,45,97,0,143,0,2,313,0,315,1,47,410,0,458,0,0,0,458
12/22/2001,ADS,TX,ASW,CE,Towers with Display (VFR),0,35,79,0,114,0,0,270,0,270,0,35,349,0,384,12,0,12,396
12/23/2001,ADS,TX,ASW,CE,Towers with Display (VFR),0,21,69,0,90,0,0,266,0,266,0,21,335,0,356,22,0,22,378
12/24/2001,ADS,TX,ASW,CE,Towers with Display (VFR),0,18,32,0,50,0,0,236,0,236,0,18,268,0,286,32,0,32,318
12/25/2001,ADS,TX,ASW,CE,Towers with Display (VFR),0,7,21,0,28,0,0,76,0,76,0,7,97,0,104,2,0,2,106
12/26/2001,ADS,TX,ASW,CE,Towers with Display (VFR),0,24,94,0,118,0,0,220,0,220,0,24,314,0,338,50,0,50,388
12/27/2001,ADS,TX,ASW,CE,Towers with Display (VFR),0,23,88,0,111,0,0,332,0,332,0,23,420,0,443,8,0,8,451
12/28/2001,ADS,TX,ASW,CE,Towers with Display (VFR),0,28,84,0,112,0,0,351,0,351,0,28,435,0,463,63,0,63,526
12/29/2001,ADS,TX,ASW,CE,Towers with Display (VFR),0,21,68,0,89,1,4,280,0,285,1,25,348,0,374,26,0,26,400
12/30/2001,ADS,TX,ASW,CE,Towers with Display (VFR),0,21,64,0,85,0,1,195,0,196,0,22,259,0,281,62,0,62,343
12/31/2001,ADS,TX,ASW,CE,Towers with Display (VFR),0,24,43,0,67,0,2,185,0,187,0,26,228,0,254,26,0,26,280
01/01/2002,ADS,TX,ASW,CE,Towers with Display (VFR),0,27,64,0,91,0,0,100,0,100,0,27,164,0,191,24,0,24,215
01/02/2002,ADS,TX,ASW,CE,Towers with Display (VFR),0,45,91,0,136,0,0,86,0,86,0,45,177,0,222,41,0,41,263
01/03/2002,ADS,TX,ASW,CE,Towers with Display (VFR),0,30,66,0,96,0,0,292,0,292,0,30,358,0,388,178,0,178,566
01/04/2002,ADS,TX,ASW,CE,Towers with Display (VFR),0,25,99,0,124,0,0,241,0,241,0,25,340,0,365,38,0,38,403
01/05/2002,ADS,TX,ASW,CE,Towers with Display (VFR),0,27,113,0,140,0,0,0,0,0,0,27,113,0,140,0,0,0,140
01/06/2002,ADS,TX,ASW,CE,Towers with Display (VFR),0,14,90,0,104,0,0,321,0,321,0,14,411,0,425,14,0,14,439
01/07/2002,ADS,TX,ASW,CE,Towers with Display (VFR),0,23,72,0,95,0,0,279,0,279,0,23,351,0,374,24,0,24,398
01/08/2002,ADS,TX,ASW,CE,Towers with Display (VFR),0,34,119,0,153,0,1,334,0,335,0,35,453,0,488,18,0,18,506
01/09/2002,ADS,TX,ASW,CE,Towers with Display (VFR),0,32,120,0,152,0,0,315,0,315,0,32,435,0,467,60,0,60,527
01/10/2002,ADS,TX,ASW,CE,Towers with Display (VFR),0,47,117,0,164,0,0,255,0,255,0,47,372,0,419,0,0,0,419
01/11/2002,ADS,TX,ASW,CE,Towers with Display (VFR),0,51,125,0,176,0,0,351,0,351,0,51,476,0,527,48,0,48,575
01/12/2002,ADS,TX,ASW,CE,Towers with Display (VFR),0,27,51,0,78,0,1,446,0,447,0,28,497,0,525,46,0,46,571
01/13/2002,ADS,TX,ASW,CE,Towers with Display (VFR),0,27,66,0,93,0,1,233,0,234,0,28,299,0,327,44,0,44,371
01/14/2002,ADS,TX,ASW,CE,Towers with Display (VFR),0,26,106,0,132,0,1,312,0,313,0,27,418,0,445,16,0,16,461
01/15/2002,ADS,TX,ASW,CE,Towers with Display (VFR),0,39,115,0,154,0,0,321,0,321,0,39,436,0,475,16,0,16,491
01/16/2002,ADS,TX,ASW,CE,Towers with Display (VFR),0,41,126,0,167,0,0,262,0,262,0,41,388,0,429,8,0,8,437
01/17/2002,ADS,TX,ASW,CE,Towers with Display (VFR),0,36,139,0,175,0,0,122,0,122,0,36,261,0,297,14,0,14,311
01/18/2002,ADS,TX,ASW,CE,Towers with Display (VFR),0,38,134,0,172,0,0,0,0,0,0,38,134,0,172,0,0,0,172
01/19/2002,ADS,TX,ASW,CE,Towers with Display (VFR),0,19,64,0,83,0,9,197,0,206,0,28,261,0,289,30,0,30,319
01/20/2002,ADS,TX,ASW,CE,Towers with Display (VFR),0,23,76,0,99,0,0,295,0,295,0,23,371,0,394,30,0,30,424
01/21/2002,ADS,TX,ASW,CE,Towers with Display (VFR),0,40,81,0,121,0,0,408,0,408,0,40,489,0,529,34,0,34,563
01/22/2002,ADS,TX,ASW,CE,Towers with Display (VFR),0,37,176,1,214,0,1,57,0,58,0,38,233,1,272,16,0,16,288
01/23/2002,ADS,TX,ASW,CE,Towers with Display (VFR),0,36,145,4,185,0,0,15,0,15,0,36,160,4,200,26,0,26,226
01/24/2002,ADS,TX,ASW,CE,Towers with Display (VFR),0,34,133,0,167,0,0,123,0,123,0,34,256,0,290,8,0,8,298
01/25/2002,ADS,TX,ASW,CE,Towers with Display (VFR),0,33,118,0,151,0,0,480,1,481,0,33,598,1,632,70,0,70,702
01/26/2002,ADS,TX,ASW,CE,Towers with Display (VFR),0,10,56,0,66,0,0,305,0,305,0,10,361,0,371,26,0,26,397
01/27/2002,ADS,TX,ASW,CE,Towers with Display (VFR),0,27,83,0,110,0,0,405,0,405,0,27,488,0,515,78,0,78,593
01/28/2002,ADS,TX,ASW,CE,Towers with Display (VFR),0,29,106,0,135,0,2,210,1,213,0,31,316,1,348,2,0,2,350
01/29/2002,ADS,TX,ASW,CE,Towers with Display (VFR),0,35,117,0,152,0,1,151,0,152,0,36,268,0,304,10,0,10,314
01/30/2002,ADS,TX,ASW,CE,Towers with Display (VFR),2,18,107,0,127,0,0,4,0,4,2,18,111,0,131,0,0,0,131
01/31/2002,ADS,TX,ASW,CE,Towers with Display (VFR),1,35,113,0,149,0,1,102,0,103,1,36,215,0,252,0,0,0,252
02/01/2002,ADS,TX,ASW,CE,Towers with Display (VFR),0,47,119,1,167,0,0,398,0,398,0,47,517,1,565,18,0,18,583
02/02/2002,ADS,TX,ASW,CE,Towers with Display (VFR),0,18,67,0,85,0,0,419,0,419,0,18,486,0,504,42,0,42,546
02/03/2002,ADS,TX,ASW,CE,Towers with Display (VFR),0,24,83,0,107,0,0,232,0,232,0,24,315,0,339,40,0,40,379
02/04/2002,ADS,TX,ASW,CE,Towers with Display (VFR),0,34,102,0,136,0,0,207,0,207,0,34,309,0,343,18,0,18,361
02/05/2002,ADS,TX,ASW,CE,Towers with Display (VFR),0,47,79,0,126,0,0,0,0,0,0,47,79,0,126,2,0,2,128
02/06/2002,ADS,TX,ASW,CE,Towers with Display (VFR),0,35,78,0,113,0,0,53,0,53,0,35,131,0,166,50,0,50,216
02/07/2002,ADS,TX,ASW,CE,Towers with Display (VFR),0,29,151,0,180,0,0,362,0,362,0,29,513,0,542,38,0,38,580
02/08/2002,ADS,TX,ASW,CE,Towers with Display (VFR),1,44,119,0,164,0,0,413,0,413,1,44,532,0,577,30,0,30,607
02/09/2002,ADS,TX,ASW,CE,Towers with Display (VFR),1,26,55,0,82,0,1,271,0,272,1,27,326,0,354,30,0,30,384
02/10/2002,ADS,TX,ASW,CE,Towers with Display (VFR),0,22,69,0,91,0,2,141,0,143,0,24,210,0,234,0,0,0,234
02/11/2002,ADS,TX,ASW,CE,Towers with Display (VFR),0,34,94,0,128,0,0,302,0,302,0,34,396,0,430,23,0,23,453
02/12/2002,ADS,TX,ASW,CE,Towers with Display (VFR),0,43,135,0,178,0,1,395,0,396,0,44,530,0,574,16,0,16,590
02/13/2002,ADS,TX,ASW,CE,Towers with Display (VFR),0,33,137,0,170,0,0,377,0,377,0,33,514,0,547,32,0,32,579
02/14/2002,ADS,TX,ASW,CE,Towers with Display (VFR),0,42,92,0,134,0,0,296,0,296,0,42,388,0,430,8,0,8,438
02/15/2002,ADS,TX,ASW,CE,Towers with Display (VFR),0,35,125,0,160,0,0,273,0,273,0,35,398,0,433,18,0,18,451
02/16/2002,ADS,TX,ASW,CE,Towers with Display (VFR),0,19,79,0,98,0,2,498,0,500,0,21,577,0,598,42,0,42,640
02/17/2002,ADS,TX,ASW,CE,Towers with Display (VFR),0,20,91,0,111,0,0,342,0,342,0,20,433,0,453,48,0,48,501
02/18/2002,ADS,TX,ASW,CE,Towers with Display (VFR),0,53,115,0,168,0,0,144,0,144,0,53,259,0,312,38,0,38,350
02/19/2002,ADS,TX,ASW,CE,Towers with Display (VFR),0,44,117,0,161,0,0,156,0,156,0,44,273,0,317,20,0,20,337
02/20/2002,ADS,TX,ASW,CE,Towers with Display (VFR),0,37,114,0,151,0,0,384,0,384,0,37,498,0,535,18,0,18,553
02/21/2002,ADS,TX,ASW,CE,Towers with Display (VFR),0,54,125,0,179,0,0,235,0,235,0,54,360,0,414,34,0,34,448
02/22/2002,ADS,TX,ASW,CE,Towers with Display (VFR),0,49,113,0,162,0,0,416,0,416,0,49,529,0,578,20,0,20,598
02/23/2002,ADS,TX,ASW,CE,Towers with Display (VFR),0,22,76,0,98,0,2,451,0,453,0,24,527,0,551,41,0,41,592
02/24/2002,ADS,TX,ASW,CE,Towers with Display (VFR),0,22,83,0,105,0,0,256,0,256,0,22,339,0,361,101,0,101,462
02/25/2002,ADS,TX,ASW,CE,Towers with Display (VFR),1,33,95,0,129,0,1,164,0,165,1,34,259,0,294,22,0,22,316
02/26/2002,ADS,TX,ASW,CE,Towers with Display (VFR),0,35,87,0,122,0,1,97,0,98,0,36,184,0,220,8,0,8,228
02/27/2002,ADS,TX,ASW,CE,Towers with Display (VFR),0,44,118,0,162,0,0,321,0,321,0,44,439,0,483,20,0,20,503
02/28/2002,ADS,TX,ASW,CE,Towers with Display (VFR),0,44,125,0,169,0,0,320,0,320,0,44,445,0,489,20,0,20,509
03/01/2002,ADS,TX,ASW,CE,Towers with Display (VFR),1,29,128,0,158,0,1,10,0,11,1,30,138,0,169,6,0,6,175
03/02/2002,ADS,TX,ASW,CE,Towers with Display (VFR),0,7,20,2,29,0,2,1,1,4,0,9,21,3,33,0,0,0,33
03/03/2002,ADS,TX,ASW,CE,Towers with Display (VFR),0,19,62,0,81,0,1,282,0,283,0,20,344,0,364,54,0,54,418
03/04/2002,ADS,TX,ASW,CE,Towers with Display (VFR),1,41,98,0,140,0,2,271,0,273,1,43,369,0,413,48,0,48,461
03/05/2002,ADS,TX,ASW,CE,Towers with Display (VFR),0,41,100,0,141,0,4,317,1,322,0,45,417,1,463,66,0,66,529
03/06/2002,ADS,TX,ASW,CE,Towers with Display (VFR),0,44,152,1,197,0,1,201,0,202,0,45,353,1,399,0,0,0,399
03/07/2002,ADS,TX,ASW,CE,Towers with Display (VFR),0,53,133,0,186,0,0,133,0,133,0,53,266,0,319,10,0,10,329
03/08/2002,ADS,TX,ASW,CE,Towers with Display (VFR),0,44,133,0,177,0,1,51,0,52,0,45,184,0,229,12,0,12,241
03/09/2002,ADS,TX,ASW,CE,Towers with Display (VFR),0,21,62,0,83,0,23,186,0,209,0,44,248,0,292,2,0,2,294
03/10/2002,ADS,TX,ASW,CE,Towers with Display (VFR),2,28,84,0,114,0,1,426,0,427,2,29,510,0,541,104,0,104,645
03/11/2002,ADS,TX,ASW,CE,Towers with Display (VFR),0,35,66,3,104,0,13,107,0,120,0,48,173,3,224,38,0,38,262
03/12/2002,ADS,TX,ASW,CE,Towers with Display (VFR),0,42,111,1,154,0,0,290,0,290,0,42,401,1,444,48,0,48,492
03/13/2002,ADS,TX,ASW,CE,Towers with Display (VFR),1,44,89,0,134,0,0,324,0,324,1,44,413,0,458,46,0,46,504
03/14/2002,ADS,TX,ASW,CE,Towers with Display (VFR),0,43,114,0,157,0,2,163,2,167,0,45,277,2,324,28,0,28,352
03/15/2002,ADS,TX,ASW,CE,Towers with Display (VFR),0,38,156,0,194,0,0,134,0,134,0,38,290,0,328,4,0,4,332
03/16/2002,ADS,TX,ASW,CE,Towers with Display (VFR),0,34,126,0,160,0,0,208,0,208,0,34,334,0,368,74,0,74,442
03/17/2002,ADS,TX,ASW,CE,Towers with Display (VFR),0,23,115,0,138,0,0,96,0,96,0,23,211,0,234,24,0,24,258
03/18/2002,ADS,TX,ASW,CE,Towers with Display (VFR),0,41,107,0,148,0,0,0,0,0,0,41,107,0,148,2,0,2,150
03/19/2002,ADS,TX,ASW,CE,Towers with Display (VFR),0,30,85,0,115,0,0,2,0,2,0,30,87,0,117,0,0,0,117
03/20/2002,ADS,TX,ASW,CE,Towers with Display (VFR),0,41,149,0,190,0,0,137,0,137,0,41,286,0,327,10,0,10,337
03/21/2002,ADS,TX,ASW,CE,Towers with Display (VFR),3,58,144,2,207,0,3,319,1,323,3,61,463,3,530,40,0,40,570
03/22/2002,ADS,TX,ASW,CE,Towers with Display (VFR),0,57,157,0,214,0,1,350,0,351,0,58,507,0,565,50,0,50,615
03/23/2002,ADS,TX,ASW,CE,Towers with Display (VFR),2,37,113,0,152,0,1,345,0,346,2,38,458,0,498,24,0,24,522
03/24/2002,ADS,TX,ASW,CE,Towers with Display (VFR),1,41,121,0,163,0,0,120,0,120,1,41,241,0,283,54,0,54,337
03/25/2002,ADS,TX,ASW,CE,Towers with Display (VFR),0,55,104,0,159,0,1,11,0,12,0,56,115,0,171,14,0,14,185
03/26/2002,ADS,TX,ASW,CE,Towers with Display (VFR),0,48,113,4,165,0,0,307,0,307,0,48,420,4,472,76,0,76,548
03/27/2002,ADS,TX,ASW,CE,Towers with Display (VFR),2,33,113,0,148,0,0,379,0,379,2,33,492,0,527,36,0,36,563
03/28/2002,ADS,TX,ASW,CE,Towers with Display (VFR),0,23,166,0,189,0,0,297,0,297,0,23,463,0,486,34,0,34,520
03/29/2002,ADS,TX,ASW,CE,Towers with Display (VFR),0,37,116,0,153,0,0,281,1,282,0,37,397,1,435,30,0,30,465
03/30/2002,ADS,TX,ASW,CE,Towers with Display (VFR),0,22,45,0,67,0,0,3,0,3,0,22,48,0,70,0,0,0,70
03/31/2002,ADS,TX,ASW,CE,Towers with Display (VFR),1,25,98,0,124,0,3,135,0,138,1,28,233,0,262,32,0,32,294
04/01/2002,ADS,TX,ASW,CE,Towers with Display (VFR),0,31,102,5,138,0,0,309,0,309,0,31,411,5,447,14,0,14,461
04/02/2002,ADS,TX,ASW,CE,Towers with Display (VFR),0,48,135,0,183,0,0,190,0,190,0,48,325,0,373,28,0,28,401
04/03/2002,ADS,TX,ASW,CE,Towers with Display (VFR),1,39,114,0,154,0,0,266,3,269,1,39,380,3,423,31,0,31,454
04/04/2002,ADS,TX,ASW,CE,Towers with Display (VFR),0,31,117,2,150,0,5,362,0,367,0,36,479,2,517,40,0,40,557
04/05/2002,ADS,TX,ASW,CE,Towers with Display (VFR),0,52,111,2,165,0,0,307,0,307,0,52,418,2,472,17,0,17,489
04/06/2002,ADS,TX,ASW,CE,Towers with Display (VFR),0,27,70,0,97,0,3,139,0,142,0,30,209,0,239,10,0,10,249
04/07/2002,ADS,TX,ASW,CE,Towers with Display (VFR),2,31,57,0,90,0,1,2,0,3,2,32,59,0,93,18,0,18,111
04/08/2002,ADS,TX,ASW,CE,Towers with Display (VFR),0,37,110,0,147,0,0,145,0,145,0,37,255,0,292,0,0,0,292
04/09/2002,ADS,TX,ASW,CE,Towers with Display (VFR),2,50,137,3,192,0,0,300,1,301,2,50,437,4,493,73,0,73,566
04/10/2002,ADS,TX,ASW,CE,Towers with Display (VFR),0,55,178,2,235,0,3,256,0,259,0,58,434,2,494,51,0,51,545
04/11/2002,ADS,TX,ASW,CE,Towers with Display (VFR),1,32,132,0,165,0,0,293,0,293,1,32,425,0,458,46,0,46,504
04/12/2002,ADS,TX,ASW,CE,Towers with Display (VFR),0,47,124,0,171,0,15,283,0,298,0,62,407,0,469,18,0,18,487
04/13/2002,ADS,TX,ASW,CE,Towers with Display (VFR),0,17,64,0,81,0,3,188,0,191,0,20,252,0,272,98,0,98,370
04/14/2002,ADS,TX,ASW,CE,Towers with Display (VFR),0,20,104,0,124,0,2,264,0,266,0,22,368,0,390,177,0,177,567
04/15/2002,ADS,TX,ASW,CE,Towers with Display (VFR),0,44,161,0,205,0,10,131,0,141,0,54,292,0,346,12,0,12,358
04/16/2002,ADS,TX,ASW,CE,Towers with Display (VFR),1,45,119,0,165,3,13,26,0,42,4,58,145,0,207,6,0,6,213
04/17/2002,ADS,TX,ASW,CE,Towers with Display (VFR),0,46,147,0,193,0,0,198,0,198,0,46,345,0,391,10,0,10,401
04/18/2002,ADS,TX,ASW,CE,Towers with Display (VFR),0,41,124,0,165,0,0,183,0,183,0,41,307,0,348,46,0,46,394
04/19/2002,ADS,TX,ASW,CE,Towers with Display (VFR),0,48,123,0,171,0,2,156,1,159,0,50,279,1,330,44,0,44,374
04/20/2002,ADS,TX,ASW,CE,Towers with Display (VFR),3,29,73,0,105,0,0,169,0,169,3,29,242,0,274,94,0,94,368
04/21/2002,ADS,TX,ASW,CE,Towers with Display (VFR),0,25,131,0,156,0,3,146,4,153,0,28,277,4,309,66,0,66,375
04/22/2002,ADS,TX,ASW,CE,Towers with Display (VFR),0,35,120,0,155,0,3,321,0,324,0,38,441,0,479,8,0,8,487
04/23/2002,ADS,TX,ASW,CE,Towers with Display (VFR),0,44,137,0,181,0,2,247,0,249,0,46,384,0,430,46,0,46,476
04/24/2002,ADS,TX,ASW,CE,Towers with Display (VFR),0,41,140,0,181,0,0,225,6,231,0,41,365,6,412,46,0,46,458
04/25/2002,ADS,TX,ASW,CE,Towers with Display (VFR),0,47,125,2,174,0,5,191,0,196,0,52,316,2,370,18,0,18,388
04/26/2002,ADS,TX,ASW,CE,Towers with Display (VFR),0,41,161,0,202,0,9,18,0,27,0,50,179,0,229,13,0,13,242
04/27/2002,ADS,TX,ASW,CE,Towers with Display (VFR),2,29,70,0,101,0,1,122,0,123,2,30,192,0,224,71,0,71,295
04/28/2002,ADS,TX,ASW,CE,Towers with Display (VFR),0,32,86,0,118,0,0,455,0,455,0,32,541,0,573,132,0,132,705
04/29/2002,ADS,TX,ASW,CE,Towers with Display (VFR),0,31,112,6,149,0,0,280,0,280,0,31,392,6,429,48,0,48,477
04/30/2002,ADS,TX,ASW,CE,Towers with Display (VFR),0,55,126,0,181,1,0,281,2,284,1,55,407,2,465,20,0,20,485
05/01/2002,ADS,TX,ASW,CE,Towers with Display (VFR),0,59,131,0,190,0,0,329,0,329,0,59,460,0,519,62,0,62,581
05/02/2002,ADS,TX,ASW,CE,Towers with Display (VFR),0,55,152,0,207,0,2,102,0,104,0,57,254,0,311,26,0,26,337
05/03/2002,ADS,TX,ASW,CE,Towers with Display (VFR),0,61,133,0,194,0,0,152,0,152,0,61,285,0,346,17,0,17,363
05/04/2002,ADS,TX,ASW,CE,Towers with Display (VFR),1,25,104,0,130,0,1,266,0,267,1,26,370,0,397,46,0,46,443
05/05/2002,ADS,TX,ASW,CE,Towers with Display (VFR),0,29,111,0,140,0,4,201,0,205,0,33,312,0,345,44,0,44,389
05/06/2002,ADS,TX,ASW,CE,Towers with Display (VFR),1,37,130,0,168,0,0,197,0,197,1,37,327,0,365,22,0,22,387
05/07/2002,ADS,TX,ASW,CE,Towers with Display (VFR),0,31,134,2,167,0,0,121,0,121,0,31,255,2,288,20,0,20,308
05/08/2002,ADS,TX,ASW,CE,Towers with Display (VFR),0,46,131,0,177,0,4,139,0,143,0,50,270,0,320,12,0,12,332
05/09/2002,ADS,TX,ASW,CE,Towers with Display (VFR),2,26,158,0,186,0,2,191,0,193,2,28,349,0,379,44,0,44,423
05/10/2002,ADS,TX,ASW,CE,Towers with Display (VFR),0,50,152,0,202,0,0,250,0,250,0,50,402,0,452,44,0,44,496
05/11/2002,ADS,TX,ASW,CE,Towers with Display (VFR),0,28,89,0,117,0,0,152,0,152,0,28,241,0,269,6,2,8,277
05/12/2002,ADS,TX,ASW,CE,Towers with Display (VFR),0,28,75,0,103,0,1,108,0,109,0,29,183,0,212,47,0,47,259
05/13/2002,ADS,TX,ASW,CE,Towers with Display (VFR),0,45,139,0,184,0,1,342,0,343,0,46,481,0,527,60,0,60,587
05/14/2002,ADS,TX,ASW,CE,Towers with Display (VFR),2,58,115,0,175,0,0,457,2,459,2,58,572,2,634,26,0,26,660
05/15/2002,ADS,TX,ASW,CE,Towers with Display (VFR),3,55,100,0,158,0,1,332,1,334,3,56,432,1,492,20,0,20,512
05/16/2002,ADS,TX,ASW,CE,Towers with Display (VFR),1,49,157,0,207,0,0,172,5,177,1,49,329,5,384,8,2,10,394
05/17/2002,ADS,TX,ASW,CE,Towers with Display (VFR),0,49,131,2,182,0,0,140,0,140,0,49,271,2,322,32,0,32,354
05/18/2002,ADS,TX,ASW,CE,Towers with Display (VFR),0,17,68,0,85,0,13,441,0,454,0,30,509,0,539,30,0,30,569
05/19/2002,ADS,TX,ASW,CE,Towers with Display (VFR),0,23,95,0,118,0,3,439,0,442,0,26,534,0,560,132,0,132,692
05/20/2002,ADS,TX,ASW,CE,Towers with Display (VFR),1,23,98,0,122,0,1,355,0,356,1,24,453,0,478,20,0,20,498
05/21/2002,ADS,TX,ASW,CE,Towers with Display (VFR),2,38,125,0,165,0,2,367,0,369,2,40,492,0,534,34,0,34,568
05/22/2002,ADS,TX,ASW,CE,Towers with Display (VFR),1,48,164,0,213,0,0,287,1,288,1,48,451,1,501,0,1,1,502
05/23/2002,ADS,TX,ASW,CE,Towers with Display (VFR),4,64,150,0,218,0,0,168,0,168,4,64,318,0,386,20,0,20,406
05/24/2002,ADS,TX,ASW,CE,Towers with Display (VFR),2,62,159,0,223,0,1,236,0,237,2,63,395,0,460,12,0,12,472
05/25/2002,ADS,TX,ASW,CE,Towers with Display (VFR),1,18,84,0,103,0,0,263,1,264,1,18,347,1,367,64,0,64,431
05/26/2002,ADS,TX,ASW,CE,Towers with Display (VFR),0,17,69,0,86,0,0,307,0,307,0,17,376,0,393,105,0,105,498
05/27/2002,ADS,TX,ASW,CE,Towers with Display (VFR),1,30,64,0,95,0,0,176,0,176,1,30,240,0,271,40,0,40,311
05/28/2002,ADS,TX,ASW,CE,Towers with Display (VFR),2,46,106,1,155,0,3,198,1,202,2,49,304,2,357,20,0,20,377
05/29/2002,ADS,TX,ASW,CE,Towers with Display (VFR),3,48,137,0,188,0,0,291,1,292,3,48,428,1,480,18,0,18,498
05/30/2002,ADS,TX,ASW,CE,Towers with Display (VFR),2,45,155,1,203,0,0,321,1,322,2,45,476,2,525,28,0,28,553
05/31/2002,ADS,TX,ASW,CE,Towers with Display (VFR),0,44,105,0,149,0,4,359,0,363,0,48,464,0,512,30,0,30,542
06/01/2002,ADS,TX,ASW,CE,Towers with Display (VFR),1,19,87,0,107,0,1,404,0,405,1,20,491,0,512,40,0,40,552
06/02/2002,ADS,TX,ASW,CE,Towers with Display (VFR),0,28,69,0,97,0,0,344,1,345,0,28,413,1,442,46,0,46,488
06/03/2002,ADS,TX,ASW,CE,Towers with Display (VFR),0,41,88,0,129,0,22,275,1,298,0,63,363,1,427,26,0,26,453
06/04/2002,ADS,TX,ASW,CE,Towers with Display (VFR),5,39,133,0,177,0,3,243,0,246,5,42,376,0,423,22,0,22,445
06/05/2002,ADS,TX,ASW,CE,Towers with Display (VFR),2,51,101,0,154,0,2,175,0,177,2,53,276,0,331,46,0,46,377
06/06/2002,ADS,TX,ASW,CE,Towers with Display (VFR),0,38,151,2,191,1,0,237,0,238,1,38,388,2,429,18,0,18,447
06/07/2002,ADS,TX,ASW,CE,Towers with Display (VFR),0,50,130,1,181,0,0,400,0,400,0,50,530,1,581,88,0,88,669
06/08/2002,ADS,TX,ASW,CE,Towers with Display (VFR),0,13,95,0,108,0,1,298,0,299,0,14,393,0,407,42,0,42,449
06/09/2002,ADS,TX,ASW,CE,Towers with Display (VFR),2,24,111,0,137,0,0,249,0,249,2,24,360,0,386,112,0,112,498
06/10/2002,ADS,TX,ASW,CE,Towers with Display (VFR),2,28,110,0,140,0,6,211,0,217,2,34,321,0,357,24,0,24,381
06/11/2002,ADS,TX,ASW,CE,Towers with Display (VFR),2,74,149,0,225,0,0,315,0,315,2,74,464,0,540,38,0,38,578
06/12/2002,ADS,TX,ASW,CE,Towers with Display (VFR),1,66,149,3,219,0,0,358,1,359,1,66,507,4,578,81,0,81,659
06/13/2002,ADS,TX,ASW,CE,Towers with Display (VFR),0,52,125,0,177,0,0,219,0,219,0,52,344,0,396,62,0,62,458
06/14/2002,ADS,TX,ASW,CE,Towers with Display (VFR),0,68,129,0,197,0,0,386,0,386,0,68,515,0,583,76,0,76,659
06/15/2002,ADS,TX,ASW,CE,Towers with Display (VFR),0,17,80,0,97,0,0,445,6,451,0,17,525,6,548,70,0,70,618
06/16/2002,ADS,TX,ASW,CE,Towers with Display (VFR),2,33,74,0,109,0,0,221,0,221,2,33,295,0,330,34,0,34,364
06/17/2002,ADS,TX,ASW,CE,Towers with Display (VFR),1,54,123,2,180,0,0,289,0,289,1,54,412,2,469,18,2,20,489
06/18/2002,ADS,TX,ASW,CE,Towers with Display (VFR),1,69,144,0,214,0,0,344,0,344,1,69,488,0,558,20,0,20,578
06/19/2002,ADS,TX,ASW,CE,Towers with Display (VFR),3,71,183,0,257,0,3,402,0,405,3,74,585,0,662,44,0,44,706
06/20/2002,ADS,TX,ASW,CE,Towers with Display (VFR),0,69,176,2,247,0,0,229,0,229,0,69,405,2,476,94,0,94,570
06/21/2002,ADS,TX,ASW,CE,Towers with Display (VFR),0,55,104,1,160,0,0,310,0,310,0,55,414,1,470,88,0,88,558
06/22/2002,ADS,TX,ASW,CE,Towers with Display (VFR),2,24,90,0,116,0,0,396,0,396,2,24,486,0,512,63,0,63,575
06/23/2002,ADS,TX,ASW,CE,Towers with Display (VFR),2,32,71,0,105,0,0,360,1,361,2,32,431,1,466,50,0,50,516
06/24/2002,ADS,TX,ASW,CE,Towers with Display (VFR),2,69,91,0,162,0,0,302,0,302,2,69,393,0,464,64,0,64,528
06/25/2002,ADS,TX,ASW,CE,Towers with Display (VFR),2,61,125,0,188,0,0,301,0,301,2,61,426,0,489,52,0,52,541
06/26/2002,ADS,TX,ASW,CE,Towers with Display (VFR),0,76,138,0,214,0,0,220,8,228,0,76,358,8,442,56,0,56,498
06/27/2002,ADS,TX,ASW,CE,Towers with Display (VFR),0,62,137,0,199,0,5,290,0,295,0,67,427,0,494,61,0,61,555
06/28/2002,ADS,TX,ASW,CE,Towers with Display (VFR),0,58,124,0,182,0,0,259,0,259,0,58,383,0,441,34,0,34,475
06/29/2002,ADS,TX,ASW,CE,Towers with Display (VFR),0,28,103,0,131,0,6,307,0,313,0,34,410,0,444,87,0,87,531
06/30/2002,ADS,TX,ASW,CE,Towers with Display (VFR),0,30,97,0,127,0,8,25,0,33,0,38,122,0,160,27,0,27,187
07/01/2002,ADS,TX,ASW,CE,Towers with Display (VFR),0,41,110,0,151,0,1,42,0,43,0,42,152,0,194,28,0,28,222
07/02/2002,ADS,TX,ASW,CE,Towers with Display (VFR),0,26,120,0,146,0,0,46,0,46,0,26,166,0,192,26,0,26,218
07/03/2002,ADS,TX,ASW,CE,Towers with Display (VFR),0,35,131,0,166,0,2,128,0,130,0,37,259,0,296,102,0,102,398
07/04/2002,ADS,TX,ASW,CE,Towers with Display (VFR),0,10,65,0,75,0,0,118,0,118,0,10,183,0,193,16,0,16,209
07/05/2002,ADS,TX,ASW,CE,Towers with Display (VFR),1,20,86,0,107,0,0,299,0,299,1,20,385,0,406,50,0,50,456
07/06/2002,ADS,TX,ASW,CE,Towers with Display (VFR),0,31,86,0,117,0,1,334,0,335,0,32,420,0,452,48,0,48,500
07/07/2002,ADS,TX,ASW,CE,Towers with Display (VFR),2,30,107,0,139,0,0,289,0,289,2,30,396,0,428,74,0,74,502
07/08/2002,ADS,TX,ASW,CE,Towers with Display (VFR),0,55,110,0,165,0,2,219,0,221,0,57,329,0,386,108,0,108,494
07/09/2002,ADS,TX,ASW,CE,Towers with Display (VFR),0,41,113,0,154,0,3,283,0,286,0,44,396,0,440,28,0,28,468
07/10/2002,ADS,TX,ASW,CE,Towers with Display (VFR),0,41,143,0,184,0,0,352,0,352,0,41,495,0,536,46,0,46,582
07/11/2002,ADS,TX,ASW,CE,Towers with Display (VFR),0,39,120,0,159,0,2,335,0,337,0,41,455,0,496,46,0,46,542
07/12/2002,ADS,TX,ASW,CE,Towers with Display (VFR),2,36,92,0,130,0,13,228,0,241,2,49,320,0,371,36,0,36,407
07/13/2002,ADS,TX,ASW,CE,Towers with Display (VFR),0,22,69,0,91,0,7,269,0,276,0,29,338,0,367,42,0,42,409
07/14/2002,ADS,TX,ASW,CE,Towers with Display (VFR),0,24,92,0,116,0,1,342,0,343,0,25,434,0,459,30,0,30,489
07/15/2002,ADS,TX,ASW,CE,Towers with Display (VFR),3,44,93,0,140,0,1,206,0,207,3,45,299,0,347,42,0,42,389
07/16/2002,ADS,TX,ASW,CE,Towers with Display (VFR),1,28,145,0,174,0,0,8,0,8,1,28,153,0,182,0,0,0,182
07/17/2002,ADS,TX,ASW,CE,Towers with Display (VFR),2,36,109,0,147,0,0,87,0,87,2,36,196,0,234,38,0,38,272
07/18/2002,ADS,TX,ASW,CE,Towers with Display (VFR),0,41,164,0,205,0,0,325,0,325,0,41,489,0,530,60,0,60,590
07/19/2002,ADS,TX,ASW,CE,Towers with Display (VFR),0,42,115,0,157,0,0,352,0,352,0,42,467,0,509,22,0,22,531
07/20/2002,ADS,TX,ASW,CE,Towers with Display (VFR),0,16,96,0,112,0,0,389,0,389,0,16,485,0,501,54,0,54,555
07/21/2002,ADS,TX,ASW,CE,Towers with Display (VFR),0,26,84,0,110,0,1,379,0,380,0,27,463,0,490,38,0,38,528
07/22/2002,ADS,TX,ASW,CE,Towers with Display (VFR),0,36,91,0,127,0,0,324,0,324,0,36,415,0,451,56,0,56,507
07/23/2002,ADS,TX,ASW,CE,Towers with Display (VFR),0,50,114,0,164,0,0,359,0,359,0,50,473,0,523,46,0,46,569
07/24/2002,ADS,TX,ASW,CE,Towers with Display (VFR),0,50,131,0,181,0,0,283,0,283,0,50,414,0,464,32,0,32,496
07/25/2002,ADS,TX,ASW,CE,Towers with Display (VFR),0,44,160,0,204,0,1,366,0,367,0,45,526,0,571,82,0,82,653
07/26/2002,ADS,TX,ASW,CE,Towers with Display (VFR),0,50,117,0,167,0,0,342,0,342,0,50,459,0,509,34,0,34,543
07/27/2002,ADS,TX,ASW,CE,Towers with Display (VFR),0,21,56,0,77,0,1,343,0,344,0,22,399,0,421,115,0,115,536
07/28/2002,ADS,TX,ASW,CE,Towers with Display (VFR),0,16,110,0,126,0,0,201,0,201,0,16,311,0,327,32,0,32,359
07/29/2002,ADS,TX,ASW,CE,Towers with Display (VFR),0,38,125,0,163,0,0,124,0,124,0,38,249,0,287,62,0,62,349
07/30/2002,ADS,TX,ASW,CE,Towers with Display (VFR),0,42,129,0,171,0,0,242,0,242,0,42,371,0,413,54,0,54,467
07/31/2002,ADS,TX,ASW,CE,Towers with Display (VFR),0,47,136,0,183,0,1,317,0,318,0,48,453,0,501,46,0,46,547
08/01/2002,ADS,TX,ASW,CE,Towers with Display (VFR),0,49,133,0,182,0,0,356,0,356,0,49,489,0,538,40,0,40,578
08/02/2002,ADS,TX,ASW,CE,Towers with Display (VFR),1,32,101,0,134,0,0,322,0,322,1,32,423,0,456,30,0,30,486
08/03/2002,ADS,TX,ASW,CE,Towers with Display (VFR),0,26,58,0,84,0,10,357,0,367,0,36,415,0,451,34,0,34,485
08/04/2002,ADS,TX,ASW,CE,Towers with Display (VFR),1,36,56,0,93,0,1,310,0,311,1,37,366,0,404,51,0,51,455
08/05/2002,ADS,TX,ASW,CE,Towers with Display (VFR),0,32,100,0,132,0,1,270,0,271,0,33,370,0,403,68,0,68,471
08/06/2002,ADS,TX,ASW,CE,Towers with Display (VFR),0,42,118,0,160,0,1,353,0,354,0,43,471,0,514,22,0,22,536
08/07/2002,ADS,TX,ASW,CE,Towers with Display (VFR),0,44,103,0,147,0,9,288,0,297,0,53,391,0,444,38,0,38,482
08/08/2002,ADS,TX,ASW,CE,Towers with Display (VFR),0,34,92,0,126,0,0,334,0,334,0,34,426,0,460,24,0,24,484
08/09/2002,ADS,TX,ASW,CE,Towers with Display (VFR),0,39,112,0,151,0,1,367,1,369,0,40,479,1,520,64,0,64,584
08/10/2002,ADS,TX,ASW,CE,Towers with Display (VFR),1,37,79,0,117,0,0,106,0,106,1,37,185,0,223,70,0,70,293
08/11/2002,ADS,TX,ASW,CE,Towers with Display (VFR),0,26,74,0,100,0,0,377,0,377,0,26,451,0,477,24,0,24,501
08/12/2002,ADS,TX,ASW,CE,Towers with Display (VFR),1,32,92,0,125,0,10,278,0,288,1,42,370,0,413,92,0,92,505
08/13/2002,ADS,TX,ASW,CE,Towers with Display (VFR),0,46,144,0,190,0,0,201,0,201,0,46,345,0,391,40,0,40,431
08/14/2002,ADS,TX,ASW,CE,Towers with Display (VFR),0,53,144,0,197,0,0,92,0,92,0,53,236,0,289,2,0,2,291
08/15/2002,ADS,TX,ASW,CE,Towers with Display (VFR),0,45,135,0,180,0,0,322,1,323,0,45,457,1,503,50,0,50,553
08/16/2002,ADS,TX,ASW,CE,Towers with Display (VFR),0,38,156,0,194,0,0,233,0,233,0,38,389,0,427,44,0,44,471
08/17/2002,ADS,TX,ASW,CE,Towers with Display (VFR),0,27,77,0,104,0,1,330,0,331,0,28,407,0,435,122,0,122,557
08/18/2002,ADS,TX,ASW,CE,Towers with Display (VFR),0,23,79,0,102,0,32,285,0,317,0,55,364,0,419,28,0,28,447
08/19/2002,ADS,TX,ASW,CE,Towers with Display (VFR),2,33,95,0,130,0,0,236,0,236,2,33,331,0,366,82,0,82,448
08/20/2002,ADS,TX,ASW,CE,Towers with Display (VFR),2,41,109,0,152,0,0,335,0,335,2,41,444,0,487,80,0,80,567
08/21/2002,ADS,TX,ASW,CE,Towers with Display (VFR),0,32,108,0,140,0,5,314,0,319,0,37,422,0,459,56,0,56,515
08/22/2002,ADS,TX,ASW,CE,Towers with Display (VFR),2,30,132,0,164,0,2,380,0,382,2,32,512,0,546,90,0,90,636
08/23/2002,ADS,TX,ASW,CE,Towers with Display (VFR),0,52,90,1,143,0,0,327,0,327,0,52,417,1,470,26,0,26,496
08/24/2002,ADS,TX,ASW,CE,Towers with Display (VFR),0,21,68,0,89,0,2,360,0,362,0,23,428,0,451,94,0,94,545
08/25/2002,ADS,TX,ASW,CE,Towers with Display (VFR),0,28,69,0,97,0,1,317,0,318,0,29,386,0,415,58,0,58,473
08/26/2002,ADS,TX,ASW,CE,Towers with Display (VFR),0,55,102,0,157,0,5,201,0,206,0,60,303,0,363,70,0,70,433
08/27/2002,ADS,TX,ASW,CE,Towers with Display (VFR),0,38,105,0,143,0,1,175,0,176,0,39,280,0,319,30,0,30,349
08/28/2002,ADS,TX,ASW,CE,Towers with Display (VFR),0,38,129,0,167,0,0,337,0,337,0,38,466,0,504,16,0,16,520
08/29/2002,ADS,TX,ASW,CE,Towers with Display (VFR),0,50,119,0,169,0,0,277,0,277,0,50,396,0,446,44,0,44,490
08/30/2002,ADS,TX,ASW,CE,Towers with Display (VFR),0,28,86,2,116,0,0,372,1,373,0,28,458,3,489,28,0,28,517
08/31/2002,ADS,TX,ASW,CE,Towers with Display (VFR),0,18,94,0,112,0,1,336,0,337,0,19,430,0,449,54,0,54,503
09/01/2002,ADS,TX,ASW,CE,Towers with Display (VFR),0,7,69,0,76,0,9,272,0,281,0,16,341,0,357,118,0,118,475
09/02/2002,ADS,TX,ASW,CE,Towers with Display (VFR),0,18,80,1,99,0,12,313,0,325,0,30,393,1,424,41,0,41,465
09/03/2002,ADS,TX,ASW,CE,Towers with Display (VFR),0,24,106,0,130,0,11,261,0,272,0,35,367,0,402,44,0,44,446
09/04/2002,ADS,TX,ASW,CE,Towers with Display (VFR),0,24,99,0,123,0,11,263,0,274,0,35,362,0,397,24,0,24,421
09/05/2002,ADS,TX,ASW,CE,Towers with Display (VFR),0,38,129,0,167,2,6,277,0,285,2,44,406,0,452,44,0,44,496
09/06/2002,ADS,TX,ASW,CE,Towers with Display (VFR),0,25,122,0,147,0,10,294,0,304,0,35,416,0,451,62,0,62,513
09/07/2002,ADS,TX,ASW,CE,Towers with Display (VFR),0,0,39,0,39,0,10,279,0,289,0,10,318,0,328,77,0,77,405
09/08/2002,ADS,TX,ASW,CE,Towers with Display (VFR),0,13,103,0,116,0,11,0,0,11,0,24,103,0,127,2,0,2,129
09/09/2002,ADS,TX,ASW,CE,Towers with Display (VFR),0,24,88,0,112,1,11,140,0,152,1,35,228,0,264,20,0,20,284
09/10/2002,ADS,TX,ASW,CE,Towers with Display (VFR),0,44,109,0,153,3,11,262,0,276,3,55,371,0,429,32,0,32,461
09/11/2002,ADS,TX,ASW,CE,Towers with Display (VFR),0,26,91,0,117,0,11,260,0,271,0,37,351,0,388,54,0,54,442
09/12/2002,ADS,TX,ASW,CE,Towers with Display (VFR),0,29,136,0,165,0,11,279,0,290,0,40,415,0,455,48,0,48,503
09/13/2002,ADS,TX,ASW,CE,Towers with Display (VFR),0,36,137,0,173,0,10,231,0,241,0,46,368,0,414,68,0,68,482
09/14/2002,ADS,TX,ASW,CE,Towers with Display (VFR),0,15,57,0,72,0,10,237,1,248,0,25,294,1,320,34,0,34,354
09/15/2002,ADS,TX,ASW,CE,Towers with Display (VFR),0,23,68,0,91,0,0,254,0,254,0,23,322,0,345,43,0,43,388
09/16/2002,ADS,TX,ASW,CE,Towers with Display (VFR),0,38,81,0,119,0,0,228,0,228,0,38,309,0,347,58,0,58,405
09/17/2002,ADS,TX,ASW,CE,Towers with Display (VFR),1,58,130,0,189,0,0,280,0,280,1,58,410,0,469,58,0,58,527
09/18/2002,ADS,TX,ASW,CE,Towers with Display (VFR),0,64,114,0,178,0,0,202,0,202,0,64,316,0,380,84,0,84,464
09/19/2002,ADS,TX,ASW,CE,Towers with Display (VFR),0,44,102,1,147,0,0,114,1,115,0,44,216,2,262,64,0,64,326
09/20/2002,ADS,TX,ASW,CE,Towers with Display (VFR),0,46,96,0,142,0,0,487,2,489,0,46,583,2,631,60,0,60,691
09/21/2002,ADS,TX,ASW,CE,Towers with Display (VFR),0,27,72,0,99,0,0,522,0,522,0,27,594,0,621,72,0,72,693
09/22/2002,ADS,TX,ASW,CE,Towers with Display (VFR),1,31,94,0,126,0,0,362,0,362,1,31,456,0,488,40,0,40,528
09/23/2002,ADS,TX,ASW,CE,Towers with Display (VFR),1,41,93,2,137,0,0,268,0,268,1,41,361,2,405,124,0,124,529
09/24/2002,ADS,TX,ASW,CE,Towers with Display (VFR),0,43,112,0,155,0,0,333,0,333,0,43,445,0,488,10,0,10,498
09/25/2002,ADS,TX,ASW,CE,Towers with Display (VFR),0,45,111,0,156,0,0,341,0,341,0,45,452,0,497,44,0,44,541
09/26/2002,ADS,TX,ASW,CE,Towers with Display (VFR),1,48,118,0,167,0,0,341,0,341,1,48,459,0,508,74,0,74,582
09/27/2002,ADS,TX,ASW,CE,Towers with Display (VFR),0,42,102,0,144,0,0,376,0,376,0,42,478,0,520,48,0,48,568
09/28/2002,ADS,TX,ASW,CE,Towers with Display (VFR),0,21,43,0,64,0,0,393,0,393,0,21,436,0,457,84,0,84,541
09/29/2002,ADS,TX,ASW,CE,Towers with Display (VFR),0,19,70,0,89,0,0,412,0,412,0,19,482,0,501,56,0,56,557
09/30/2002,ADS,TX,ASW,CE,Towers with Display (VFR),0,58,83,0,141,0,0,207,0,207,0,58,290,0,348,46,0,46,394
10/01/2002,ADS,TX,ASW,CE,Towers with Display (VFR),0,0,159,0,159,0,37,175,0,212,0,37,334,0,371,14,0,14,385
10/02/2002,ADS,TX,ASW,CE,Towers with Display (VFR),0,0,164,0,164,0,47,203,0,250,0,47,367,0,414,86,0,86,500
10/03/2002,ADS,TX,ASW,CE,Towers with Display (VFR),0,5,153,0,158,0,46,206,0,252,0,51,359,0,410,106,1,107,517
10/04/2002,ADS,TX,ASW,CE,Towers with Display (VFR),0,0,135,0,135,0,48,295,0,343,0,48,430,0,478,48,0,48,526
10/05/2002,ADS,TX,ASW,CE,Towers with Display (VFR),0,0,83,0,83,0,21,360,0,381,0,21,443,0,464,82,0,82,546
10/06/2002,ADS,TX,ASW,CE,Towers with Display (VFR),0,0,114,0,114,1,27,159,0,187,1,27,273,0,301,84,0,84,385
10/07/2002,ADS,TX,ASW,CE,Towers with Display (VFR),0,3,198,0,201,0,46,62,0,108,0,49,260,0,309,62,0,62,371
10/08/2002,ADS,TX,ASW,CE,Towers with Display (VFR),0,0,155,0,155,0,50,0,0,50,0,50,155,0,205,0,0,0,205
10/09/2002,ADS,TX,ASW,CE,Towers with Display (VFR),0,12,186,0,198,0,49,0,0,49,0,61,186,0,247,14,0,14,261
10/10/2002,ADS,TX,ASW,CE,Towers with Display (VFR),0,5,283,0,288,0,50,34,0,84,0,55,317,0,372,58,0,58,430
10/11/2002,ADS,TX,ASW,CE,Towers with Display (VFR),0,0,217,0,217,0,46,238,0,284,0,46,455,0,501,80,0,80,581
10/12/2002,ADS,TX,ASW,CE,Towers with Display (VFR),0,35,77,0,112,0,0,248,0,248,0,35,325,0,360,34,0,34,394
10/13/2002,ADS,TX,ASW,CE,Towers with Display (VFR),0,26,81,0,107,0,0,233,0,233,0,26,314,0,340,62,0,62,402
10/14/2002,ADS,TX,ASW,CE,Towers with Display (VFR),0,49,88,0,137,0,0,313,0,313,0,49,401,0,450,46,0,46,496
10/15/2002,ADS,TX,ASW,CE,Towers with Display (VFR),0,49,110,0,159,0,0,424,0,424,0,49,534,0,583,42,0,42,625
10/16/2002,ADS,TX,ASW,CE,Towers with Display (VFR),0,47,102,0,149,0,0,364,0,364,0,47,466,0,513,20,0,20,533
10/17/2002,ADS,TX,ASW,CE,Towers with Display (VFR),0,50,107,1,158,0,0,466,0,466,0,50,573,1,624,76,0,76,700
10/18/2002,ADS,TX,ASW,CE,Towers with Display (VFR),0,47,74,0,121,0,0,117,0,117,0,47,191,0,238,74,0,74,312
10/19/2002,ADS,TX,ASW,CE,Towers with Display (VFR),0,24,67,0,91,0,0,45,0,45,0,24,112,0,136,48,0,48,184
10/20/2002,ADS,TX,ASW,CE,Towers with Display (VFR),0,20,105,0,125,0,0,59,0,59,0,20,164,0,184,26,0,26,210
10/21/2002,ADS,TX,ASW,CE,Towers with Display (VFR),3,60,161,0,224,0,1,131,0,132,3,61,292,0,356,41,0,41,397
10/22/2002,ADS,TX,ASW,CE,Towers with Display (VFR),1,51,178,0,230,0,0,29,0,29,1,51,207,0,259,56,0,56,315
10/23/2002,ADS,TX,ASW,CE,Towers with Display (VFR),0,52,150,0,202,0,0,73,0,73,0,52,223,0,275,18,0,18,293
10/24/2002,ADS,TX,ASW,CE,Towers with Display (VFR),2,47,137,0,186,0,12,0,0,12,2,59,137,0,198,8,0,8,206
10/25/2002,ADS,TX,ASW,CE,Towers with Display (VFR),0,66,147,0,213,0,0,32,0,32,0,66,179,0,245,27,0,27,272
10/26/2002,ADS,TX,ASW,CE,Towers with Display (VFR),0,58,88,0,146,2,0,142,0,144,2,58,230,0,290,108,0,108,398
10/27/2002,ADS,TX,ASW,CE,Towers with Display (VFR),0,19,127,0,146,0,0,31,0,31,0,19,158,0,177,0,0,0,177
10/28/2002,ADS,TX,ASW,CE,Towers with Display (VFR),0,32,139,0,171,0,0,42,0,42,0,32,181,0,213,0,0,0,213
10/29/2002,ADS,TX,ASW,CE,Towers with Display (VFR),1,42,132,1,176,0,11,194,17,222,1,53,326,18,398,36,0,36,434
10/30/2002,ADS,TX,ASW,CE,Towers with Display (VFR),0,42,177,0,219,0,0,92,0,92,0,42,269,0,311,28,0,28,339
10/31/2002,ADS,TX,ASW,CE,Towers with Display (VFR),1,30,145,0,176,0,0,216,0,216,1,30,361,0,392,48,0,48,440
11/01/2002,ADS,TX,ASW,CE,Towers with Display (VFR),0,36,164,0,200,1,0,9,0,10,1,36,173,0,210,18,0,18,228
11/02/2002,ADS,TX,ASW,CE,Towers with Display (VFR),0,19,144,0,163,0,0,56,0,56,0,19,200,0,219,57,0,57,276
11/03/2002,ADS,TX,ASW,CE,Towers with Display (VFR),0,25,132,0,157,0,1,22,0,23,0,26,154,0,180,66,0,66,246
11/04/2002,ADS,TX,ASW,CE,Towers with Display (VFR),0,40,107,0,147,0,0,157,1,158,0,40,264,1,305,126,0,126,431
11/05/2002,ADS,TX,ASW,CE,Towers with Display (VFR),0,42,151,0,193,0,0,203,1,204,0,42,354,1,397,33,0,33,430
11/06/2002,ADS,TX,ASW,CE,Towers with Display (VFR),0,48,135,0,183,1,0,380,0,381,1,48,515,0,564,40,0,40,604
11/07/2002,ADS,TX,ASW,CE,Towers with Display (VFR),0,28,115,0,143,0,0,396,0,396,0,28,511,0,539,68,0,68,607
11/08/2002,ADS,TX,ASW,CE,Towers with Display (VFR),0,31,117,0,148,0,32,256,0,288,0,63,373,0,436,8,0,8,444
11/09/2002,ADS,TX,ASW,CE,Towers with Display (VFR),0,28,58,0,86,0,0,248,0,248,0,28,306,0,334,74,0,74,408
11/10/2002,ADS,TX,ASW,CE,Towers with Display (VFR),0,20,89,0,109,0,0,389,3,392,0,20,478,3,501,164,0,164,665
11/11/2002,ADS,TX,ASW,CE,Towers with Display (VFR),0,35,79,0,114,0,3,255,0,258,0,38,334,0,372,32,0,32,404
11/12/2002,ADS,TX,ASW,CE,Towers with Display (VFR),0,42,119,0,161,0,0,310,0,310,0,42,429,0,471,78,0,78,549
11/13/2002,ADS,TX,ASW,CE,Towers with Display (VFR),2,40,103,0,145,0,1,341,0,342,2,41,444,0,487,96,0,96,583
11/14/2002,ADS,TX,ASW,CE,Towers with Display (VFR),0,44,123,0,167,0,0,254,0,254,0,44,377,0,421,10,0,10,431
11/15/2002,ADS,TX,ASW,CE,Towers with Display (VFR),0,40,125,0,165,0,0,253,0,253,0,40,378,0,418,76,0,76,494
11/16/2002,ADS,TX,ASW,CE,Towers with Display (VFR),0,19,64,0,83,0,0,568,0,568,0,19,632,0,651,30,0,30,681
11/17/2002,ADS,TX,ASW,CE,Towers with Display (VFR),0,21,116,0,137,0,0,357,0,357,0,21,473,0,494,100,0,100,594
11/18/2002,ADS,TX,ASW,CE,Towers with Display (VFR),0,30,111,0,141,0,0,127,2,129,0,30,238,2,270,38,0,38,308
11/19/2002,ADS,TX,ASW,CE,Towers with Display (VFR),0,31,133,0,164,0,0,344,0,344,0,31,477,0,508,66,0,66,574
11/20/2002,ADS,TX,ASW,CE,Towers with Display (VFR),0,40,125,0,165,0,0,384,0,384,0,40,509,0,549,32,0,32,581
11/21/2002,ADS,TX,ASW,CE,Towers with Display (VFR),0,36,149,0,185,0,0,373,0,373,0,36,522,0,558,56,0,56,614
11/22/2002,ADS,TX,ASW,CE,Towers with Display (VFR),0,49,97,0,146,0,1,396,0,397,0,50,493,0,543,100,0,100,643
11/23/2002,ADS,TX,ASW,CE,Towers with Display (VFR),0,0,22,2,24,0,45,502,0,547,0,45,524,2,571,80,0,80,651
11/24/2002,ADS,TX,ASW,CE,Towers with Display (VFR),0,21,101,0,122,0,0,248,0,248,0,21,349,0,370,86,0,86,456
11/25/2002,ADS,TX,ASW,CE,Towers with Display (VFR),0,38,136,0,174,0,0,141,0,141,0,38,277,0,315,24,0,24,339
11/26/2002,ADS,TX,ASW,CE,Towers with Display (VFR),0,66,101,0,167,0,0,183,0,183,0,66,284,0,350,32,0,32,382
11/27/2002,ADS,TX,ASW,CE,Towers with Display (VFR),0,41,125,0,166,0,0,263,0,263,0,41,388,0,429,8,0,8,437
11/28/2002,ADS,TX,ASW,CE,Towers with Display (VFR),0,16,33,0,49,0,8,100,0,108,0,24,133,0,157,4,0,4,161
11/29/2002,ADS,TX,ASW,CE,Towers with Display (VFR),0,23,80,0,103,0,0,261,0,261,0,23,341,0,364,46,0,46,410
11/30/2002,ADS,TX,ASW,CE,Towers with Display (VFR),0,27,72,0,99,0,2,293,0,295,0,29,365,0,394,32,0,32,426
12/01/2002,ADS,TX,ASW,CE,Towers with Display (VFR),0,35,78,0,113,0,0,350,0,350,0,35,428,0,463,80,0,80,543
12/02/2002,ADS,TX,ASW,CE,Towers with Display (VFR),0,39,81,0,120,0,0,211,0,211,0,39,292,0,331,42,0,42,373
12/03/2002,ADS,TX,ASW,CE,Towers with Display (VFR),0,46,113,0,159,0,0,23,0,23,0,46,136,0,182,12,0,12,194
12/04/2002,ADS,TX,ASW,CE,Towers with Display (VFR),0,38,115,0,153,0,0,12,0,12,0,38,127,0,165,54,0,54,219
12/05/2002,ADS,TX,ASW,CE,Towers with Display (VFR),0,30,128,0,158,0,0,286,0,286,0,30,414,0,444,45,0,45,489
12/06/2002,ADS,TX,ASW,CE,Towers with Display (VFR),0,48,120,1,169,0,1,289,0,290,0,49,409,1,459,19,0,19,478
12/07/2002,ADS,TX,ASW,CE,Towers with Display (VFR),0,28,69,4,101,0,0,376,0,376,0,28,445,4,477,60,0,60,537
12/08/2002,ADS,TX,ASW,CE,Towers with Display (VFR),0,30,183,0,213,0,0,4,0,4,0,30,187,0,217,10,0,10,227
12/09/2002,ADS,TX,ASW,CE,Towers with Display (VFR),0,38,128,0,166,0,0,0,0,0,0,38,128,0,166,0,0,0,166
12/10/2002,ADS,TX,ASW,CE,Towers with Display (VFR),0,52,146,0,198,0,0,43,0,43,0,52,189,0,241,78,0,78,319
12/11/2002,ADS,TX,ASW,CE,Towers with Display (VFR),0,44,216,0,260,0,0,46,0,46,0,44,262,0,306,66,0,66,372
12/12/2002,ADS,TX,ASW,CE,Towers with Display (VFR),0,46,192,0,238,0,1,17,0,18,0,47,209,0,256,18,0,18,274
12/13/2002,ADS,TX,ASW,CE,Towers with Display (VFR),4,44,124,1,173,0,0,248,12,260,4,44,372,13,433,66,0,66,499
12/14/2002,ADS,TX,ASW,CE,Towers with Display (VFR),0,22,53,2,77,0,0,462,0,462,0,22,515,2,539,107,0,107,646
12/15/2002,ADS,TX,ASW,CE,Towers with Display (VFR),0,19,79,1,99,0,0,393,0,393,0,19,472,1,492,148,0,148,640
12/16/2002,ADS,TX,ASW,CE,Towers with Display (VFR),2,38,92,0,132,0,8,245,0,253,2,46,337,0,385,102,0,102,487
12/17/2002,ADS,TX,ASW,CE,Towers with Display (VFR),0,33,125,0,158,0,0,139,0,139,0,33,264,0,297,58,0,58,355
12/18/2002,ADS,TX,ASW,CE,Towers with Display (VFR),0,45,115,0,160,0,0,208,0,208,0,45,323,0,368,54,0,54,422
12/19/2002,ADS,TX,ASW,CE,Towers with Display (VFR),0,41,123,0,164,0,0,244,0,244,0,41,367,0,408,92,1,93,501
12/20/2002,ADS,TX,ASW,CE,Towers with Display (VFR),0,46,107,0,153,0,0,348,0,348,0,46,455,0,501,79,0,79,580
12/21/2002,ADS,TX,ASW,CE,Towers with Display (VFR),1,40,75,0,116,0,0,192,0,192,1,40,267,0,308,30,0,30,338
12/22/2002,ADS,TX,ASW,CE,Towers with Display (VFR),0,20,66,0,86,0,23,263,0,286,0,43,329,0,372,104,0,104,476
12/23/2002,ADS,TX,ASW,CE,Towers with Display (VFR),0,39,49,0,88,0,0,0,0,0,0,39,49,0,88,0,0,0,88
12/24/2002,ADS,TX,ASW,CE,Towers with Display (VFR),0,35,33,0,68,0,0,17,0,17,0,35,50,0,85,16,0,16,101
12/25/2002,ADS,TX,ASW,CE,Towers with Display (VFR),0,11,27,0,38,0,0,66,0,66,0,11,93,0,104,14,0,14,118
12/26/2002,ADS,TX,ASW,CE,Towers with Display (VFR),0,23,66,0,89,0,2,236,0,238,0,25,302,0,327,42,0,42,369
12/27/2002,ADS,TX,ASW,CE,Towers with Display (VFR),0,34,78,0,112,0,0,324,0,324,0,34,402,0,436,80,0,80,516
12/28/2002,ADS,TX,ASW,CE,Towers with Display (VFR),0,15,71,0,86,0,0,362,0,362,0,15,433,0,448,56,0,56,504
12/29/2002,ADS,TX,ASW,CE,Towers with Display (VFR),0,15,88,0,103,0,0,20,0,20,0,15,108,0,123,55,0,55,178
12/30/2002,ADS,TX,ASW,CE,Towers with Display (VFR),0,27,47,0,74,0,0,37,0,37,0,27,84,0,111,50,0,50,161
12/31/2002,ADS,TX,ASW,CE,Towers with Display (VFR),0,19,67,0,86,0,0,151,0,151,0,19,218,0,237,14,0,14,251
01/01/2003,ADS,TX,ASW,CE,Towers with Display (VFR),0,21,34,0,55,0,0,150,0,150,0,21,184,0,205,17,0,17,222
01/02/2003,ADS,TX,ASW,CE,Towers with Display (VFR),0,44,100,0,144,0,0,220,0,220,0,44,320,0,364,117,0,117,481
01/03/2003,ADS,TX,ASW,CE,Towers with Display (VFR),0,41,71,0,112,0,0,307,0,307,0,41,378,0,419,106,0,106,525
01/04/2003,ADS,TX,ASW,CE,Towers with Display (VFR),0,21,55,1,77,0,0,386,1,387,0,21,441,2,464,108,4,112,576
01/05/2003,ADS,TX,ASW,CE,Towers with Display (VFR),0,19,67,1,87,0,1,351,1,353,0,20,418,2,440,106,0,106,546
01/06/2003,ADS,TX,ASW,CE,Towers with Display (VFR),0,30,70,1,101,0,0,148,0,148,0,30,218,1,249,98,0,98,347
01/07/2003,ADS,TX,ASW,CE,Towers with Display (VFR),0,33,81,0,114,0,1,272,0,273,0,34,353,0,387,56,0,56,443
01/08/2003,ADS,TX,ASW,CE,Towers with Display (VFR),0,29,84,0,113,0,0,308,0,308,0,29,392,0,421,36,0,36,457
01/09/2003,ADS,TX,ASW,CE,Towers with Display (VFR),0,36,120,0,156,0,0,211,0,211,0,36,331,0,367,16,0,16,383
01/10/2003,ADS,TX,ASW,CE,Towers with Display (VFR),0,41,99,0,140,0,1,324,0,325,0,42,423,0,465,80,0,80,545
01/11/2003,ADS,TX,ASW,CE,Towers with Display (VFR),0,14,57,2,73,0,0,318,0,318,0,14,375,2,391,92,0,92,483
01/12/2003,ADS,TX,ASW,CE,Towers with Display (VFR),0,21,42,0,63,0,0,3,0,3,0,21,45,0,66,0,0,0,66
01/13/2003,ADS,TX,ASW,CE,Towers with Display (VFR),0,31,112,0,143,0,1,17,0,18,0,32,129,0,161,48,0,48,209
01/14/2003,ADS,TX,ASW,CE,Towers with Display (VFR),0,29,103,0,132,0,0,267,0,267,0,29,370,0,399,66,0,66,465
01/15/2003,ADS,TX,ASW,CE,Towers with Display (VFR),0,29,115,2,146,0,3,10,0,13,0,32,125,2,159,12,0,12,171
01/16/2003,ADS,TX,ASW,CE,Towers with Display (VFR),1,29,66,0,96,0,10,105,0,115,1,39,171,0,211,6,0,6,217
01/17/2003,ADS,TX,ASW,CE,Towers with Display (VFR),0,42,90,0,132,0,0,294,0,294,0,42,384,0,426,50,0,50,476
01/18/2003,ADS,TX,ASW,CE,Towers with Display (VFR),0,12,71,0,83,0,0,373,0,373,0,12,444,0,456,80,0,80,536
01/19/2003,ADS,TX,ASW,CE,Towers with Display (VFR),0,18,48,0,66,0,0,385,0,385,0,18,433,0,451,130,0,130,581
01/20/2003,ADS,TX,ASW,CE,Towers with Display (VFR),0,35,84,0,119,0,0,274,0,274,0,35,358,0,393,56,0,56,449
01/21/2003,ADS,TX,ASW,CE,Towers with Display (VFR),2,32,133,0,167,0,0,103,0,103,2,32,236,0,270,14,0,14,284
01/22/2003,ADS,TX,ASW,CE,Towers with Display (VFR),0,30,167,0,197,0,0,102,0,102,0,30,269,0,299,40,0,40,339
01/23/2003,ADS,TX,ASW,CE,Towers with Display (VFR),0,35,127,0,162,0,0,204,0,204,0,35,331,0,366,16,0,16,382
01/24/2003,ADS,TX,ASW,CE,Towers with Display (VFR),0,29,115,0,144,0,0,209,0,209,0,29,324,0,353,22,0,22,375
01/25/2003,ADS,TX,ASW,CE,Towers with Display (VFR),0,22,83,0,105,0,0,94,0,94,0,22,177,0,199,94,0,94,293
01/26/2003,ADS,TX,ASW,CE,Towers with Display (VFR),0,23,86,0,109,0,0,54,0,54,0,23,140,0,163,52,0,52,215
01/27/2003,ADS,TX,ASW,CE,Towers with Display (VFR),0,41,95,0,136,0,3,168,0,171,0,44,263,0,307,50,0,50,357
01/28/2003,ADS,TX,ASW,CE,Towers with Display (VFR),0,34,129,0,163,0,0,60,0,60,0,34,189,0,223,30,0,30,253
01/29/2003,ADS,TX,ASW,CE,Towers with Display (VFR),2,37,130,0,169,0,0,14,0,14,2,37,144,0,183,48,0,48,231
01/30/2003,ADS,TX,ASW,CE,Towers with Display (VFR),0,39,174,0,213,0,0,48,0,48,0,39,222,0,261,64,0,64,325
01/31/2003,ADS,TX,ASW,CE,Towers with Display (VFR),1,46,117,0,164,0,6,298,0,304,1,52,415,0,468,32,0,32,500
02/01/2003,ADS,TX,ASW,CE,Towers with Display (VFR),0,29,77,0,106,0,0,470,0,470,0,29,547,0,576,34,0,34,610
02/02/2003,ADS,TX,ASW,CE,Towers with Display (VFR),0,25,80,0,105,0,2,147,0,149,0,27,227,0,254,25,0,25,279
02/03/2003,ADS,TX,ASW,CE,Towers with Display (VFR),0,30,63,0,93,0,0,106,0,106,0,30,169,0,199,36,0,36,235
02/04/2003,ADS,TX,ASW,CE,Towers with Display (VFR),0,28,100,0,128,0,1,324,0,325,0,29,424,0,453,82,0,82,535
02/05/2003,ADS,TX,ASW,CE,Towers with Display (VFR),3,35,123,0,161,2,20,168,0,190,5,55,291,0,351,44,0,44,395
02/06/2003,ADS,TX,ASW,CE,Towers with Display (VFR),0,29,131,0,160,0,0,0,0,0,0,29,131,0,160,0,0,0,160
02/07/2003,ADS,TX,ASW,CE,Towers with Display (VFR),0,47,94,1,142,0,0,185,0,185,0,47,279,1,327,40,0,40,367
02/08/2003,ADS,TX,ASW,CE,Towers with Display (VFR),1,18,55,0,74,0,1,185,0,186,1,19,240,0,260,88,0,88,348
02/09/2003,ADS,TX,ASW,CE,Towers with Display (VFR),0,28,101,0,129,0,0,53,0,53,0,28,154,0,182,104,0,104,286
02/10/2003,ADS,TX,ASW,CE,Towers with Display (VFR),0,22,121,0,143,0,0,294,0,294,0,22,415,0,437,30,0,30,467
02/11/2003,ADS,TX,ASW,CE,Towers with Display (VFR),0,42,91,0,133,0,1,345,0,346,0,43,436,0,479,56,0,56,535
02/12/2003,ADS,TX,ASW,CE,Towers with Display (VFR),0,28,122,0,150,0,1,246,0,247,0,29,368,0,397,108,0,108,505
02/13/2003,ADS,TX,ASW,CE,Towers with Display (VFR),0,41,151,0,192,0,0,6,0,6,0,41,157,0,198,64,0,64,262
02/14/2003,ADS,TX,ASW,CE,Towers with Display (VFR),0,28,95,0,123,0,0,54,0,54,0,28,149,0,177,12,0,12,189
02/15/2003,ADS,TX,ASW,CE,Towers with Display (VFR),1,17,74,0,92,0,0,69,0,69,1,17,143,0,161,40,0,40,201
02/16/2003,ADS,TX,ASW,CE,Towers with Display (VFR),0,24,59,0,83,0,4,125,0,129,0,28,184,0,212,116,0,116,328
02/17/2003,ADS,TX,ASW,CE,Towers with Display (VFR),0,32,85,0,117,0,1,393,0,394,0,33,478,0,511,118,0,118,629
02/18/2003,ADS,TX,ASW,CE,Towers with Display (VFR),0,32,132,0,164,0,0,180,0,180,0,32,312,0,344,70,0,70,414
02/19/2003,ADS,TX,ASW,CE,Towers with Display (VFR),0,41,108,2,151,0,1,93,0,94,0,42,201,2,245,80,0,80,325
02/20/2003,ADS,TX,ASW,CE,Towers with Display (VFR),4,29,140,0,173,0,0,0,0,0,4,29,140,0,173,10,0,10,183
02/21/2003,ADS,TX,ASW,CE,Towers with Display (VFR),0,30,93,0,123,0,0,0,0,0,0,30,93,0,123,0,0,0,123
02/22/2003,ADS,TX,ASW,CE,Towers with Display (VFR),0,20,88,0,108,0,0,416,0,416,0,20,504,0,524,73,0,73,597
02/23/2003,ADS,TX,ASW,CE,Towers with Display (VFR),0,25,61,2,88,0,12,73,0,85,0,37,134,2,173,12,0,12,185
02/24/2003,ADS,TX,ASW,CE,Towers with Display (VFR),0,28,60,0,88,0,0,44,0,44,0,28,104,0,132,68,0,68,200
02/25/2003,ADS,TX,ASW,CE,Towers with Display (VFR),0,30,56,0,86,0,0,12,0,12,0,30,68,0,98,0,0,0,98
02/26/2003,ADS,TX,ASW,CE,Towers with Display (VFR),0,13,21,0,34,0,0,1,0,1,0,13,22,0,35,0,0,0,35
02/27/2003,ADS,TX,ASW,CE,Towers with Display (VFR),0,32,104,0,136,0,0,24,0,24,0,32,128,0,160,80,0,80,240
02/28/2003,ADS,TX,ASW,CE,Towers with Display (VFR),0,35,146,0,181,0,0,23,0,23,0,35,169,0,204,42,0,42,246
03/01/2003,ADS,TX,ASW,CE,Towers with Display (VFR),0,15,97,0,112,0,0,27,0,27,0,15,124,0,139,84,0,84,223
03/02/2003,ADS,TX,ASW,CE,Towers with Display (VFR),0,16,92,0,108,0,0,172,0,172,0,16,264,0,280,58,0,58,338
03/03/2003,ADS,TX,ASW,CE,Towers with Display (VFR),0,41,65,0,106,0,2,110,0,112,0,43,175,0,218,120,0,120,338
03/04/2003,ADS,TX,ASW,CE,Towers with Display (VFR),0,20,116,0,136,0,0,157,0,157,0,20,273,0,293,24,0,24,317
03/05/2003,ADS,TX,ASW,CE,Towers with Display (VFR),0,34,154,0,188,0,0,95,0,95,0,34,249,0,283,58,0,58,341
03/06/2003,ADS,TX,ASW,CE,Towers with Display (VFR),0,24,114,0,138,0,1,321,0,322,0,25,435,0,460,75,0,75,535
03/07/2003,ADS,TX,ASW,CE,Towers with Display (VFR),0,45,116,0,161,0,0,391,0,391,0,45,507,0,552,56,0,56,608
03/08/2003,ADS,TX,ASW,CE,Towers with Display (VFR),0,20,99,0,119,0,1,440,0,441,0,21,539,0,560,67,0,67,627
03/09/2003,ADS,TX,ASW,CE,Towers with Display (VFR),0,14,118,0,132,0,0,326,0,326,0,14,444,0,458,106,0,106,564
03/10/2003,ADS,TX,ASW,CE,Towers with Display (VFR),0,27,83,0,110,0,0,227,0,227,0,27,310,0,337,58,0,58,395
03/11/2003,ADS,TX,ASW,CE,Towers with Display (VFR),0,22,127,0,149,0,0,229,0,229,0,22,356,0,378,42,0,42,420
03/12/2003,ADS,TX,ASW,CE,Towers with Display (VFR),0,36,126,0,162,0,0,68,0,68,0,36,194,0,230,6,0,6,236
03/13/2003,ADS,TX,ASW,CE,Towers with Display (VFR),0,29,125,0,154,0,0,144,0,144,0,29,269,0,298,54,0,54,352
03/14/2003,ADS,TX,ASW,CE,Towers with Display (VFR),0,52,102,0,154,0,0,297,0,297,0,52,399,0,451,32,0,32,483
03/15/2003,ADS,TX,ASW,CE,Towers with Display (VFR),0,23,73,0,96,0,0,451,0,451,0,23,524,0,547,118,0,118,665
03/16/2003,ADS,TX,ASW,CE,Towers with Display (VFR),0,21,79,0,100,0,0,340,0,340,0,21,419,0,440,76,0,76,516
03/17/2003,ADS,TX,ASW,CE,Towers with Display (VFR),0,38,73,0,111,0,0,138,0,138,0,38,211,0,249,90,0,90,339
03/18/2003,ADS,TX,ASW,CE,Towers with Display (VFR),0,45,68,0,113,0,1,100,0,101,0,46,168,0,214,59,0,59,273
03/19/2003,ADS,TX,ASW,CE,Towers with Display (VFR),0,43,98,0,141,0,5,175,0,180,0,48,273,0,321,61,0,61,382
03/20/2003,ADS,TX,ASW,CE,Towers with Display (VFR),0,42,133,0,175,0,0,150,0,150,0,42,283,0,325,38,0,38,363
03/21/2003,ADS,TX,ASW,CE,Towers with Display (VFR),0,29,115,0,144,0,0,337,0,337,0,29,452,0,481,62,0,62,543
03/22/2003,ADS,TX,ASW,CE,Towers with Display (VFR),0,25,92,0,117,0,0,232,0,232,0,25,324,0,349,91,0,91,440
03/23/2003,ADS,TX,ASW,CE,Towers with Display (VFR),0,27,101,0,128,0,0,360,0,360,0,27,461,0,488,102,0,102,590
03/24/2003,ADS,TX,ASW,CE,Towers with Display (VFR),0,38,79,0,117,0,0,205,0,205,0,38,284,0,322,42,0,42,364
03/25/2003,ADS,TX,ASW,CE,Towers with Display (VFR),0,30,115,0,145,0,1,113,0,114,0,31,228,0,259,72,0,72,331
03/26/2003,ADS,TX,ASW,CE,Towers with Display (VFR),0,49,107,0,156,0,0,372,0,372,0,49,479,0,528,98,0,98,626
03/27/2003,ADS,TX,ASW,CE,Towers with Display (VFR),0,53,139,0,192,0,0,165,0,165,0,53,304,0,357,74,0,74,431
03/28/2003,ADS,TX,ASW,CE,Towers with Display (VFR),2,36,104,0,142,0,0,168,0,168,2,36,272,0,310,82,0,82,392
03/29/2003,ADS,TX,ASW,CE,Towers with Display (VFR),0,24,67,0,91,0,8,260,0,268,0,32,327,0,359,58,0,58,417
03/30/2003,ADS,TX,ASW,CE,Towers with Display (VFR),0,27,65,0,92,0,0,419,0,419,0,27,484,0,511,160,0,160,671
03/31/2003,ADS,TX,ASW,CE,Towers with Display (VFR),0,41,99,0,140,0,0,295,0,295,0,41,394,0,435,58,0,58,493
04/01/2003,ADS,TX,ASW,CE,Towers with Display (VFR),0,38,76,0,114,0,0,179,0,179,0,38,255,0,293,40,0,40,333
04/02/2003,ADS,TX,ASW,CE,Towers with Display (VFR),0,40,101,0,141,0,0,219,0,219,0,40,320,0,360,40,0,40,400
04/03/2003,ADS,TX,ASW,CE,Towers with Display (VFR),0,38,165,0,203,0,1,108,0,109,0,39,273,0,312,34,0,34,346
04/04/2003,ADS,TX,ASW,CE,Towers with Display (VFR),0,52,100,0,152,0,2,245,0,247,0,54,345,0,399,44,0,44,443
04/05/2003,ADS,TX,ASW,CE,Towers with Display (VFR),0,11,76,0,87,0,1,219,6,226,0,12,295,6,313,38,0,38,351
04/06/2003,ADS,TX,ASW,CE,Towers with Display (VFR),0,28,75,0,103,0,0,112,1,113,0,28,187,1,216,90,0,90,306
04/07/2003,ADS,TX,ASW,CE,Towers with Display (VFR),0,37,113,0,150,0,0,163,0,163,0,37,276,0,313,66,0,66,379
04/08/2003,ADS,TX,ASW,CE,Towers with Display (VFR),0,39,109,1,149,0,0,146,1,147,0,39,255,2,296,28,0,28,324
04/09/2003,ADS,TX,ASW,CE,Towers with Display (VFR),0,57,104,0,161,0,0,331,0,331,0,57,435,0,492,58,0,58,550
04/10/2003,ADS,TX,ASW,CE,Towers with Display (VFR),0,49,132,0,181,0,0,330,0,330,0,49,462,0,511,68,0,68,579
04/11/2003,ADS,TX,ASW,CE,Towers with Display (VFR),0,35,79,0,114,0,0,368,0,368,0,35,447,0,482,109,0,109,591
04/12/2003,ADS,TX,ASW,CE,Towers with Display (VFR),0,19,93,0,112,0,0,403,0,403,0,19,496,0,515,86,0,86,601
04/13/2003,ADS,TX,ASW,CE,Towers with Display (VFR),0,29,74,0,103,0,0,326,0,326,0,29,400,0,429,32,0,32,461
04/14/2003,ADS,TX,ASW,CE,Towers with Display (VFR),1,37,77,0,115,0,2,196,0,198,1,39,273,0,313,28,0,28,341
04/15/2003,ADS,TX,ASW,CE,Towers with Display (VFR),0,40,118,0,158,0,1,82,0,83,0,41,200,0,241,6,0,6,247
04/16/2003,ADS,TX,ASW,CE,Towers with Display (VFR),1,41,93,0,135,0,1,103,0,104,1,42,196,0,239,47,0,47,286
04/17/2003,ADS,TX,ASW,CE,Towers with Display (VFR),0,35,147,0,182,0,0,398,0,398,0,35,545,0,580,48,0,48,628
04/18/2003,ADS,TX,ASW,CE,Towers with Display (VFR),0,27,113,2,142,0,0,106,0,106,0,27,219,2,248,94,0,94,342
04/19/2003,ADS,TX,ASW,CE,Towers with Display (VFR),0,14,48,0,62,0,0,70,0,70,0,14,118,0,132,46,0,46,178
04/20/2003,ADS,TX,ASW,CE,Towers with Display (VFR),0,22,68,0,90,0,0,235,0,235,0,22,303,0,325,48,0,48,373
04/21/2003,ADS,TX,ASW,CE,Towers with Display (VFR),0,36,91,1,128,0,2,295,0,297,0,38,386,1,425,62,0,62,487
04/22/2003,ADS,TX,ASW,CE,Towers with Display (VFR),0,32,114,0,146,0,0,179,0,179,0,32,293,0,325,40,0,40,365
04/23/2003,ADS,TX,ASW,CE,Towers with Display (VFR),0,50,108,0,158,0,0,16,0,16,0,50,124,0,174,42,0,42,216
04/24/2003,ADS,TX,ASW,CE,Towers with Display (VFR),0,39,115,0,154,0,1,255,0,256,0,40,370,0,410,26,0,26,436
04/25/2003,ADS,TX,ASW,CE,Towers with Display (VFR),0,53,172,0,225,0,0,407,0,407,0,53,579,0,632,68,0,68,700
04/26/2003,ADS,TX,ASW,CE,Towers with Display (VFR),0,16,93,0,109,0,15,417,0,432,0,31,510,0,541,28,0,28,569
04/27/2003,ADS,TX,ASW,CE,Towers with Display (VFR),0,31,85,0,116,0,0,369,0,369,0,31,454,0,485,80,0,80,565
04/28/2003,ADS,TX,ASW,CE,Towers with Display (VFR),0,38,66,1,105,0,0,147,0,147,0,38,213,1,252,30,0,30,282
04/29/2003,ADS,TX,ASW,CE,Towers with Display (VFR),0,32,103,0,135,0,4,218,2,224,0,36,321,2,359,88,0,88,447
04/30/2003,ADS,TX,ASW,CE,Towers with Display (VFR),0,51,131,0,182,0,0,219,0,219,0,51,350,0,401,70,0,70,471
05/01/2003,ADS,TX,ASW,CE,Towers with Display (VFR),0,59,125,0,184,0,0,213,0,213,0,59,338,0,397,146,0,146,543
05/02/2003,ADS,TX,ASW,CE,Towers with Display (VFR),0,36,171,0,207,0,1,112,0,113,0,37,283,0,320,60,0,60,380
05/03/2003,ADS,TX,ASW,CE,Towers with Display (VFR),0,24,76,0,100,0,19,192,5,216,0,43,268,5,316,86,0,86,402
05/04/2003,ADS,TX,ASW,CE,Towers with Display (VFR),0,26,84,0,110,0,2,33,0,35,0,28,117,0,145,8,0,8,153
05/05/2003,ADS,TX,ASW,CE,Towers with Display (VFR),0,35,105,0,140,0,0,128,0,128,0,35,233,0,268,44,2,46,314
05/06/2003,ADS,TX,ASW,CE,Towers with Display (VFR),0,41,126,0,167,0,2,72,0,74,0,43,198,0,241,56,0,56,297
05/07/2003,ADS,TX,ASW,CE,Towers with Display (VFR),0,51,148,0,199,0,0,215,0,215,0,51,363,0,414,86,0,86,500
05/08/2003,ADS,TX,ASW,CE,Towers with Display (VFR),0,38,136,0,174,0,0,77,0,77,0,38,213,0,251,66,0,66,317
05/09/2003,ADS,TX,ASW,CE,Towers with Display (VFR),0,46,141,0,187,0,0,126,0,126,0,46,267,0,313,112,0,112,425
05/10/2003,ADS,TX,ASW,CE,Towers with Display (VFR),0,20,97,0,117,0,1,47,0,48,0,21,144,0,165,72,0,72,237
05/11/2003,ADS,TX,ASW,CE,Towers with Display (VFR),0,28,88,0,116,0,0,372,0,372,0,28,460,0,488,74,0,74,562
05/12/2003,ADS,TX,ASW,CE,Towers with Display (VFR),0,35,118,0,153,0,1,339,0,340,0,36,457,0,493,40,0,40,533
05/13/2003,ADS,TX,ASW,CE,Towers with Display (VFR),0,67,150,0,217,0,1,116,0,117,0,68,266,0,334,70,0,70,404
05/14/2003,ADS,TX,ASW,CE,Towers with Display (VFR),0,28,145,0,173,0,2,205,0,207,0,30,350,0,380,152,0,152,532
05/15/2003,ADS,TX,ASW,CE,Towers with Display (VFR),0,35,183,0,218,0,0,49,0,49,0,35,232,0,267,0,0,0,267
05/16/2003,ADS,TX,ASW,CE,Towers with Display (VFR),0,35,113,2,150,0,0,90,0,90,0,35,203,2,240,18,0,18,258
05/17/2003,ADS,TX,ASW,CE,Towers with Display (VFR),0,19,88,0,107,0,2,202,0,204,0,21,290,0,311,40,0,40,351
05/18/2003,ADS,TX,ASW,CE,Towers with Display (VFR),0,19,75,0,94,0,0,422,0,422,0,19,497,0,516,74,0,74,590
05/19/2003,ADS,TX,ASW,CE,Towers with Display (VFR),1,40,130,0,171,0,0,271,0,271,1,40,401,0,442,22,0,22,464
05/20/2003,ADS,TX,ASW,CE,Towers with Display (VFR),0,34,112,0,146,0,0,33,0,33,0,34,145,0,179,24,0,24,203
05/21/2003,ADS,TX,ASW,CE,Towers with Display (VFR),0,49,152,0,201,0,0,106,0,106,0,49,258,0,307,34,0,34,341
05/22/2003,ADS,TX,ASW,CE,Towers with Display (VFR),0,44,148,0,192,0,1,250,0,251,0,45,398,0,443,126,0,126,569
05/23/2003,ADS,TX,ASW,CE,Towers with Display (VFR),0,41,138,0,179,0,0,326,1,327,0,41,464,1,506,38,0,38,544
05/24/2003,ADS,TX,ASW,CE,Towers with Display (VFR),0,20,58,0,78,0,3,214,0,217,0,23,272,0,295,88,0,88,383
05/25/2003,ADS,TX,ASW,CE,Towers with Display (VFR),0,17,61,0,78,0,0,116,0,116,0,17,177,0,194,152,0,152,346
05/26/2003,ADS,TX,ASW,CE,Towers with Display (VFR),0,21,79,0,100,0,0,226,0,226,0,21,305,0,326,217,0,217,543
05/27/2003,ADS,TX,ASW,CE,Towers with Display (VFR),2,36,119,0,157,0,2,316,0,318,2,38,435,0,475,36,0,36,511
05/28/2003,ADS,TX,ASW,CE,Towers with Display (VFR),1,39,140,0,180,0,0,345,0,345,1,39,485,0,525,88,0,88,613
05/29/2003,ADS,TX,ASW,CE,Towers with Display (VFR),1,37,131,0,169,0,3,351,0,354,1,40,482,0,523,98,0,98,621
05/30/2003,ADS,TX,ASW,CE,Towers with Display (VFR),1,54,120,0,175,2,0,311,1,314,3,54,431,1,489,64,0,64,553
05/31/2003,ADS,TX,ASW,CE,Towers with Display (VFR),0,22,73,0,95,0,0,300,0,300,0,22,373,0,395,64,0,64,459
06/01/2003,ADS,TX,ASW,CE,Towers with Display (VFR),0,37,100,0,137,0,0,271,0,271,0,37,371,0,408,77,0,77,485
06/02/2003,ADS,TX,ASW,CE,Towers with Display (VFR),0,42,78,0,120,0,0,212,0,212,0,42,290,0,332,32,0,32,364
06/03/2003,ADS,TX,ASW,CE,Towers with Display (VFR),1,42,93,0,136,0,0,290,0,290,1,42,383,0,426,18,0,18,444
06/04/2003,ADS,TX,ASW,CE,Towers with Display (VFR),0,31,102,5,138,0,0,199,0,199,0,31,301,5,337,46,4,50,387
06/05/2003,ADS,TX,ASW,CE,Towers with Display (VFR),0,38,115,0,153,0,0,14,0,14,0,38,129,0,167,12,0,12,179
06/06/2003,ADS,TX,ASW,CE,Towers with Display (VFR),0,55,117,0,172,0,0,157,0,157,0,55,274,0,329,44,0,44,373
06/07/2003,ADS,TX,ASW,CE,Towers with Display (VFR),0,31,79,0,110,0,0,408,0,408,0,31,487,0,518,58,0,58,576
06/08/2003,ADS,TX,ASW,CE,Towers with Display (VFR),0,31,122,0,153,0,0,159,0,159,0,31,281,0,312,64,0,64,376
06/09/2003,ADS,TX,ASW,CE,Towers with Display (VFR),0,44,92,0,136,0,6,267,0,273,0,50,359,0,409,58,0,58,467
06/10/2003,ADS,TX,ASW,CE,Towers with Display (VFR),0,52,118,0,170,0,0,206,0,206,0,52,324,0,376,50,0,50,426
06/11/2003,ADS,TX,ASW,CE,Towers with Display (VFR),0,28,123,0,151,0,0,205,0,205,0,28,328,0,356,52,0,52,408
06/12/2003,ADS,TX,ASW,CE,Towers with Display (VFR),0,43,113,0,156,0,0,77,0,77,0,43,190,0,233,40,0,40,273
06/13/2003,ADS,TX,ASW,CE,Towers with Display (VFR),0,40,72,0,112,0,0,52,0,52,0,40,124,0,164,18,0,18,182
06/14/2003,ADS,TX,ASW,CE,Towers with Display (VFR),0,20,73,0,93,0,0,257,0,257,0,20,330,0,350,91,0,91,441
06/15/2003,ADS,TX,ASW,CE,Towers with Display (VFR),1,24,58,0,83,0,0,171,0,171,1,24,229,0,254,38,0,38,292
06/16/2003,ADS,TX,ASW,CE,Towers with Display (VFR),2,42,83,1,128,0,1,189,0,190,2,43,272,1,318,52,0,52,370
06/17/2003,ADS,TX,ASW,CE,Towers with Display (VFR),0,39,133,0,172,0,0,126,0,126,0,39,259,0,298,70,0,70,368
06/18/2003,ADS,TX,ASW,CE,Towers with Display (VFR),1,53,138,0,192,0,0,248,0,248,1,53,386,0,440,64,0,64,504
06/19/2003,ADS,TX,ASW,CE,Towers with Display (VFR),0,31,115,0,146,0,1,297,0,298,0,32,412,0,444,87,0,87,531
06/20/2003,ADS,TX,ASW,CE,Towers with Display (VFR),0,51,160,0,211,0,0,323,0,323,0,51,483,0,534,34,0,34,568
06/21/2003,ADS,TX,ASW,CE,Towers with Display (VFR),0,18,93,1,112,0,0,275,1,276,0,18,368,2,388,177,0,177,565
06/22/2003,ADS,TX,ASW,CE,Towers with Display (VFR),0,21,83,0,104,0,0,264,0,264,0,21,347,0,368,52,0,52,420
06/23/2003,ADS,TX,ASW,CE,Towers with Display (VFR),2,38,102,0,142,0,0,228,0,228,2,38,330,0,370,82,0,82,452
06/24/2003,ADS,TX,ASW,CE,Towers with Display (VFR),2,39,130,0,171,0,0,224,0,224,2,39,354,0,395,70,0,70,465
06/25/2003,ADS,TX,ASW,CE,Towers with Display (VFR),0,47,123,0,170,0,1,227,0,228,0,48,350,0,398,142,0,142,540
06/26/2003,ADS,TX,ASW,CE,Towers with Display (VFR),1,48,122,0,171,0,12,80,0,92,1,60,202,0,263,30,0,30,293
06/27/2003,ADS,TX,ASW,CE,Towers with Display (VFR),1,50,129,0,180,0,3,352,0,355,1,53,481,0,535,68,0,68,603
06/28/2003,ADS,TX,ASW,CE,Towers with Display (VFR),1,24,57,1,83,0,0,364,1,365,1,24,421,2,448,98,0,98,546
06/29/2003,ADS,TX,ASW,CE,Towers with Display (VFR),1,29,86,0,116,0,8,253,0,261,1,37,339,0,377,104,0,104,481
06/30/2003,ADS,TX,ASW,CE,Towers with Display (VFR),1,41,95,0,137,0,1,239,0,240,1,42,334,0,377,34,0,34,411
07/01/2003,ADS,TX,ASW,CE,Towers with Display (VFR),2,36,118,0,156,0,3,215,0,218,2,39,333,0,374,73,0,73,447
07/02/2003,ADS,TX,ASW,CE,Towers with Display (VFR),0,36,118,0,154,0,0,263,0,263,0,36,381,0,417,22,0,22,439
07/03/2003,ADS,TX,ASW,CE,Towers with Display (VFR),0,36,80,0,116,0,0,341,0,341,0,36,421,0,457,302,0,302,759
07/04/2003,ADS,TX,ASW,CE,Towers with Display (VFR),0,24,42,0,66,0,0,222,0,222,0,24,264,0,288,50,0,50,338
07/05/2003,ADS,TX,ASW,CE,Towers with Display (VFR),0,13,37,0,50,0,0,204,0,204,0,13,241,0,254,146,0,146,400
07/06/2003,ADS,TX,ASW,CE,Towers with Display (VFR),0,27,85,0,112,0,1,83,0,84,0,28,168,0,196,92,0,92,288
07/07/2003,ADS,TX,ASW,CE,Towers with Display (VFR),0,30,76,0,106,0,3,145,0,148,0,33,221,0,254,72,1,73,327
07/08/2003,ADS,TX,ASW,CE,Towers with Display (VFR),2,28,82,0,112,0,0,151,0,151,2,28,233,0,263,32,0,32,295
07/09/2003,ADS,TX,ASW,CE,Towers with Display (VFR),1,37,104,0,142,0,1,253,2,256,1,38,357,2,398,40,0,40,438
07/10/2003,ADS,TX,ASW,CE,Towers with Display (VFR),1,40,97,0,138,0,0,261,0,261,1,40,358,0,399,90,0,90,489
07/11/2003,ADS,TX,ASW,CE,Towers with Display (VFR),0,34,101,0,135,0,0,303,0,303,0,34,404,0,438,50,0,50,488
07/12/2003,ADS,TX,ASW,CE,Towers with Display (VFR),0,16,64,0,80,0,0,311,0,311,0,16,375,0,391,52,0,52,443
07/13/2003,ADS,TX,ASW,CE,Towers with Display (VFR),0,31,81,2,114,0,0,293,0,293,0,31,374,2,407,92,0,92,499
07/14/2003,ADS,TX,ASW,CE,Towers with Display (VFR),2,32,89,0,123,0,3,258,0,261,2,35,347,0,384,32,0,32,416
07/15/2003,ADS,TX,ASW,CE,Towers with Display (VFR),0,34,95,0,129,0,3,247,0,250,0,37,342,0,379,113,0,113,492
07/16/2003,ADS,TX,ASW,CE,Towers with Display (VFR),0,28,123,0,151,0,0,232,0,232,0,28,355,0,383,100,0,100,483
07/17/2003,ADS,TX,ASW,CE,Towers with Display (VFR),1,40,123,0,164,0,0,272,0,272,1,40,395,0,436,73,0,73,509
07/18/2003,ADS,TX,ASW,CE,Towers with Display (VFR),0,39,190,2,231,0,0,202,0,202,0,39,392,2,433,40,0,40,473
07/19/2003,ADS,TX,ASW,CE,Towers with Display (VFR),0,23,88,0,111,0,0,322,0,322,0,23,410,0,433,68,0,68,501
07/20/2003,ADS,TX,ASW,CE,Towers with Display (VFR),1,35,109,0,145,0,0,253,0,253,1,35,362,0,398,26,0,26,424
07/21/2003,ADS,TX,ASW,CE,Towers with Display (VFR),0,23,85,0,108,0,1,237,0,238,0,24,322,0,346,50,0,50,396
07/22/2003,ADS,TX,ASW,CE,Towers with Display (VFR),0,37,123,0,160,0,0,214,0,214,0,37,337,0,374,24,0,24,398
07/23/2003,ADS,TX,ASW,CE,Towers with Display (VFR),0,31,94,0,125,0,0,273,0,273,0,31,367,0,398,56,0,56,454
07/24/2003,ADS,TX,ASW,CE,Towers with Display (VFR),0,33,135,0,168,0,0,256,0,256,0,33,391,0,424,52,0,52,476
07/25/2003,ADS,TX,ASW,CE,Towers with Display (VFR),0,41,102,0,143,0,0,249,0,249,0,41,351,0,392,14,0,14,406
07/26/2003,ADS,TX,ASW,CE,Towers with Display (VFR),0,18,56,0,74,0,0,258,0,258,0,18,314,0,332,26,0,26,358
07/27/2003,ADS,TX,ASW,CE,Towers with Display (VFR),0,31,91,3,125,0,0,268,1,269,0,31,359,4,394,133,0,133,527
07/28/2003,ADS,TX,ASW,CE,Towers with Display (VFR),0,25,93,0,118,0,0,212,8,220,0,25,305,8,338,100,0,100,438
07/29/2003,ADS,TX,ASW,CE,Towers with Display (VFR),0,35,110,0,145,0,2,249,0,251,0,37,359,0,396,8,0,8,404
07/30/2003,ADS,TX,ASW,CE,Towers with Display (VFR),0,38,101,1,140,0,0,171,1,172,0,38,272,2,312,48,0,48,360
07/31/2003,ADS,TX,ASW,CE,Towers with Display (VFR),0,52,125,0,177,0,3,234,0,237,0,55,359,0,414,74,0,74,488
08/01/2003,ADS,TX,ASW,CE,Towers with Display (VFR),0,32,112,0,144,0,1,296,0,297,0,33,408,0,441,16,0,16,457
08/02/2003,ADS,TX,ASW,CE,Towers with Display (VFR),0,26,77,0,103,0,0,269,0,269,0,26,346,0,372,112,1,113,485
08/03/2003,ADS,TX,ASW,CE,Towers with Display (VFR),0,28,87,0,115,0,1,190,0,191,0,29,277,0,306,2,0,2,308
08/04/2003,ADS,TX,ASW,CE,Towers with Display (VFR),0,35,101,0,136,0,0,208,0,208,0,35,309,0,344,137,0,137,481
08/05/2003,ADS,TX,ASW,CE,Towers with Display (VFR),0,18,121,2,141,0,1,237,2,240,0,19,358,4,381,61,0,61,442
08/06/2003,ADS,TX,ASW,CE,Towers with Display (VFR),0,35,153,0,188,0,1,257,0,258,0,36,410,0,446,66,0,66,512
08/07/2003,ADS,TX,ASW,CE,Towers with Display (VFR),0,26,125,0,151,0,0,227,0,227,0,26,352,0,378,6,0,6,384
08/08/2003,ADS,TX,ASW,CE,Towers with Display (VFR),1,36,96,0,133,0,0,216,0,216,1,36,312,0,349,60,0,60,409
08/09/2003,ADS,TX,ASW,CE,Towers with Display (VFR),0,27,53,0,80,0,0,157,0,157,0,27,210,0,237,74,0,74,311
08/10/2003,ADS,TX,ASW,CE,Towers with Display (VFR),2,19,69,0,90,0,0,278,0,278,2,19,347,0,368,108,0,108,476
08/11/2003,ADS,TX,ASW,CE,Towers with Display (VFR),0,42,67,0,109,0,1,170,0,171,0,43,237,0,280,76,0,76,356
08/12/2003,ADS,TX,ASW,CE,Towers with Display (VFR),0,30,122,0,152,0,0,168,0,168,0,30,290,0,320,40,0,40,360
08/13/2003,ADS,TX,ASW,CE,Towers with Display (VFR),0,33,130,0,163,0,1,192,0,193,0,34,322,0,356,20,0,20,376
08/14/2003,ADS,TX,ASW,CE,Towers with Display (VFR),0,33,96,0,129,0,0,200,0,200,0,33,296,0,329,88,0,88,417
08/15/2003,ADS,TX,ASW,CE,Towers with Display (VFR),1,38,134,0,173,0,0,233,0,233,1,38,367,0,406,86,0,86,492
08/16/2003,ADS,TX,ASW,CE,Towers with Display (VFR),0,18,67,0,85,0,5,364,1,370,0,23,431,1,455,84,0,84,539
08/17/2003,ADS,TX,ASW,CE,Towers with Display (VFR),0,22,84,0,106,0,2,259,1,262,0,24,343,1,368,104,0,104,472
08/18/2003,ADS,TX,ASW,CE,Towers with Display (VFR),0,25,103,0,128,0,2,222,0,224,0,27,325,0,352,76,0,76,428
08/19/2003,ADS,TX,ASW,CE,Towers with Display (VFR),0,55,136,0,191,0,2,264,0,266,0,57,400,0,457,52,0,52,509
08/20/2003,ADS,TX,ASW,CE,Towers with Display (VFR),0,34,137,0,171,0,0,256,0,256,0,34,393,0,427,81,0,81,508
08/21/2003,ADS,TX,ASW,CE,Towers with Display (VFR),0,59,128,0,187,0,0,294,0,294,0,59,422,0,481,88,0,88,569
08/22/2003,ADS,TX,ASW,CE,Towers with Display (VFR),0,36,116,0,152,0,0,256,0,256,0,36,372,0,408,92,0,92,500
08/23/2003,ADS,TX,ASW,CE,Towers with Display (VFR),0,22,67,0,89,0,0,322,1,323,0,22,389,1,412,86,0,86,498
08/24/2003,ADS,TX,ASW,CE,Towers with Display (VFR),2,21,60,0,83,0,0,235,0,235,2,21,295,0,318,64,0,64,382
08/25/2003,ADS,TX,ASW,CE,Towers with Display (VFR),0,32,86,2,120,0,2,205,0,207,0,34,291,2,327,132,0,132,459
08/26/2003,ADS,TX,ASW,CE,Towers with Display (VFR),1,47,99,0,147,0,0,154,0,154,1,47,253,0,301,42,0,42,343
08/27/2003,ADS,TX,ASW,CE,Towers with Display (VFR),2,30,135,0,167,0,0,192,0,192,2,30,327,0,359,28,0,28,387
08/28/2003,ADS,TX,ASW,CE,Towers with Display (VFR),0,32,123,0,155,0,0,251,0,251,0,32,374,0,406,20,0,20,426
08/29/2003,ADS,TX,ASW,CE,Towers with Display (VFR),0,40,96,0,136,0,1,251,0,252,0,41,347,0,388,22,0,22,410
08/30/2003,ADS,TX,ASW,CE,Towers with Display (VFR),0,20,48,0,68,0,0,139,0,139,0,20,187,0,207,76,0,76,283
08/31/2003,ADS,TX,ASW,CE,Towers with Display (VFR),2,13,40,0,55,0,2,15,0,17,2,15,55,0,72,36,0,36,108
09/01/2003,ADS,TX,ASW,CE,Towers with Display (VFR),0,16,85,0,101,0,0,13,0,13,0,16,98,0,114,38,0,38,152
09/02/2003,ADS,TX,ASW,CE,Towers with Display (VFR),0,41,133,0,174,0,0,142,0,142,0,41,275,0,316,44,0,44,360
09/03/2003,ADS,TX,ASW,CE,Towers with Display (VFR),0,28,111,0,139,1,0,177,0,178,1,28,288,0,317,70,0,70,387
09/04/2003,ADS,TX,ASW,CE,Towers with Display (VFR),2,48,141,0,191,0,1,192,0,193,2,49,333,0,384,96,0,96,480
09/05/2003,ADS,TX,ASW,CE,Towers with Display (VFR),1,36,94,0,131,0,0,307,0,307,1,36,401,0,438,88,0,88,526
09/06/2003,ADS,TX,ASW,CE,Towers with Display (VFR),0,13,60,0,73,0,0,370,0,370,0,13,430,0,443,66,0,66,509
09/07/2003,ADS,TX,ASW,CE,Towers with Display (VFR),0,23,79,0,102,0,0,346,0,346,0,23,425,0,448,58,0,58,506
09/08/2003,ADS,TX,ASW,CE,Towers with Display (VFR),1,25,86,0,112,0,0,198,0,198,1,25,284,0,310,148,0,148,458
09/09/2003,ADS,TX,ASW,CE,Towers with Display (VFR),1,38,148,1,188,0,0,271,0,271,1,38,419,1,459,46,0,46,505
09/10/2003,ADS,TX,ASW,CE,Towers with Display (VFR),0,48,148,0,196,0,0,173,0,173,0,48,321,0,369,130,0,130,499
09/11/2003,ADS,TX,ASW,CE,Towers with Display (VFR),0,32,101,0,133,0,0,5,0,5,0,32,106,0,138,0,0,0,138
09/12/2003,ADS,TX,ASW,CE,Towers with Display (VFR),0,47,173,1,221,0,0,2,0,2,0,47,175,1,223,0,0,0,223
09/13/2003,ADS,TX,ASW,CE,Towers with Display (VFR),0,27,92,1,120,0,0,274,0,274,0,27,366,1,394,76,0,76,470
09/14/2003,ADS,TX,ASW,CE,Towers with Display (VFR),1,25,106,3,135,0,0,161,0,161,1,25,267,3,296,32,1,33,329
09/15/2003,ADS,TX,ASW,CE,Towers with Display (VFR),0,40,103,0,143,0,5,252,0,257,0,45,355,0,400,98,0,98,498
09/16/2003,ADS,TX,ASW,CE,Towers with Display (VFR),0,40,110,0,150,0,1,260,0,261,0,41,370,0,411,50,0,50,461
09/17/2003,ADS,TX,ASW,CE,Towers with Display (VFR),0,48,117,0,165,0,0,324,0,324,0,48,441,0,489,62,0,62,551
09/18/2003,ADS,TX,ASW,CE,Towers with Display (VFR),0,49,118,0,167,0,1,135,0,136,0,50,253,0,303,44,0,44,347
09/19/2003,ADS,TX,ASW,CE,Towers with Display (VFR),0,57,123,0,180,0,0,217,0,217,0,57,340,0,397,60,0,60,457
09/20/2003,ADS,TX,ASW,CE,Towers with Display (VFR),1,20,74,0,95,0,5,334,0,339,1,25,408,0,434,126,0,126,560
09/21/2003,ADS,TX,ASW,CE,Towers with Display (VFR),1,34,107,0,142,0,1,149,0,150,1,35,256,0,292,102,0,102,394
09/22/2003,ADS,TX,ASW,CE,Towers with Display (VFR),1,36,105,0,142,0,0,205,0,205,1,36,310,0,347,98,0,98,445
09/23/2003,ADS,TX,ASW,CE,Towers with Display (VFR),1,55,122,2,180,0,1,272,0,273,1,56,394,2,453,76,0,76,529
09/24/2003,ADS,TX,ASW,CE,Towers with Display (VFR),0,58,144,0,202,0,0,260,0,260,0,58,404,0,462,114,0,114,576
09/25/2003,ADS,TX,ASW,CE,Towers with Display (VFR),0,50,150,4,204,0,1,233,0,234,0,51,383,4,438,73,0,73,511
09/26/2003,ADS,TX,ASW,CE,Towers with Display (VFR),0,47,117,1,165,0,1,284,2,287,0,48,401,3,452,80,0,80,532
09/27/2003,ADS,TX,ASW,CE,Towers with Display (VFR),0,21,58,0,79,0,1,347,2,350,0,22,405,2,429,38,0,38,467
09/28/2003,ADS,TX,ASW,CE,Towers with Display (VFR),0,27,92,0,119,0,0,316,0,316,0,27,408,0,435,42,0,42,477
09/29/2003,ADS,TX,ASW,CE,Towers with Display (VFR),0,46,105,0,151,0,0,217,0,217,0,46,322,0,368,56,0,56,424
09/30/2003,ADS,TX,ASW,CE,Towers with Display (VFR),0,50,123,0,173,0,0,290,0,290,0,50,413,0,463,42,0,42,505
10/01/2003,ADS,TX,ASW,CE,Towers with Display (VFR),0,39,115,0,154,0,2,269,0,271,0,41,384,0,425,74,0,74,499
10/02/2003,ADS,TX,ASW,CE,Towers with Display (VFR),0,44,105,0,149,0,0,248,0,248,0,44,353,0,397,24,0,24,421
10/03/2003,ADS,TX,ASW,CE,Towers with Display (VFR),1,46,104,0,151,0,0,296,0,296,1,46,400,0,447,78,0,78,525
10/04/2003,ADS,TX,ASW,CE,Towers with Display (VFR),0,10,85,0,95,0,0,362,0,362,0,10,447,0,457,44,0,44,501
10/05/2003,ADS,TX,ASW,CE,Towers with Display (VFR),0,23,134,0,157,0,0,11,0,11,0,23,145,0,168,16,0,16,184
10/06/2003,ADS,TX,ASW,CE,Towers with Display (VFR),1,35,113,0,149,0,0,51,0,51,1,35,164,0,200,32,0,32,232
10/07/2003,ADS,TX,ASW,CE,Towers with Display (VFR),0,36,133,0,169,0,14,151,0,165,0,50,284,0,334,84,0,84,418
10/08/2003,ADS,TX,ASW,CE,Towers with Display (VFR),0,42,118,0,160,0,1,157,0,158,0,43,275,0,318,56,0,56,374
10/09/2003,ADS,TX,ASW,CE,Towers with Display (VFR),0,39,145,1,185,0,3,37,0,40,0,42,182,1,225,68,2,70,295
10/10/2003,ADS,TX,ASW,CE,Towers with Display (VFR),0,35,160,1,196,0,0,169,0,169,0,35,329,1,365,26,0,26,391
10/11/2003,ADS,TX,ASW,CE,Towers with Display (VFR),1,17,89,0,107,0,0,279,0,279,1,17,368,0,386,57,0,57,443
10/12/2003,ADS,TX,ASW,CE,Towers with Display (VFR),0,25,131,0,156,0,0,237,0,237,0,25,368,0,393,60,0,60,453
10/13/2003,ADS,TX,ASW,CE,Towers with Display (VFR),3,44,124,1,172,0,20,184,1,205,3,64,308,2,377,114,0,114,491
10/14/2003,ADS,TX,ASW,CE,Towers with Display (VFR),0,27,105,0,132,0,2,217,0,219,0,29,322,0,351,168,0,168,519
10/15/2003,ADS,TX,ASW,CE,Towers with Display (VFR),1,42,102,0,145,0,0,329,0,329,1,42,431,0,474,77,0,77,551
10/16/2003,ADS,TX,ASW,CE,Towers with Display (VFR),0,52,125,0,177,0,1,281,0,282,0,53,406,0,459,40,0,40,499
10/17/2003,ADS,TX,ASW,CE,Towers with Display (VFR),0,27,121,0,148,0,0,285,0,285,0,27,406,0,433,25,0,25,458
10/18/2003,ADS,TX,ASW,CE,Towers with Display (VFR),0,22,83,4,109,0,2,349,2,353,0,24,432,6,462,96,0,96,558
10/19/2003,ADS,TX,ASW,CE,Towers with Display (VFR),0,17,146,0,163,0,1,293,0,294,0,18,439,0,457,90,0,90,547
10/20/2003,ADS,TX,ASW,CE,Towers with Display (VFR),1,33,116,0,150,0,10,258,0,268,1,43,374,0,418,71,0,71,489
10/21/2003,ADS,TX,ASW,CE,Towers with Display (VFR),0,20,134,0,154,0,0,312,0,312,0,20,446,0,466,68,5,73,539
10/22/2003,ADS,TX,ASW,CE,Towers with Display (VFR),0,51,132,0,183,0,2,317,0,319,0,53,449,0,502,60,0,60,562
10/23/2003,ADS,TX,ASW,CE,Towers with Display (VFR),0,59,127,0,186,0,1,295,0,296,0,60,422,0,482,78,0,78,560
10/24/2003,ADS,TX,ASW,CE,Towers with Display (VFR),1,41,110,0,152,0,1,255,0,256,1,42,365,0,408,34,0,34,442
10/25/2003,ADS,TX,ASW,CE,Towers with Display (VFR),0,22,51,0,73,1,5,186,0,192,1,27,237,0,265,44,0,44,309
10/26/2003,ADS,TX,ASW,CE,Towers with Display (VFR),0,21,99,0,120,0,0,200,0,200,0,21,299,0,320,30,0,30,350
10/27/2003,ADS,TX,ASW,CE,Towers with Display (VFR),0,29,113,0,142,0,1,243,1,245,0,30,356,1,387,30,0,30,417
10/28/2003,ADS,TX,ASW,CE,Towers with Display (VFR),3,33,124,0,160,0,0,285,0,285,3,33,409,0,445,104,0,104,549
10/29/2003,ADS,TX,ASW,CE,Towers with Display (VFR),0,43,151,0,194,0,2,198,0,200,0,45,349,0,394,22,0,22,416
10/30/2003,ADS,TX,ASW,CE,Towers with Display (VFR),0,26,147,0,173,0,0,114,0,114,0,26,261,0,287,29,0,29,316
10/31/2003,ADS,TX,ASW,CE,Towers with Display (VFR),0,23,132,0,155,0,0,163,0,163,0,23,295,0,318,88,0,88,406
11/01/2003,ADS,TX,ASW,CE,Towers with Display (VFR),0,12,98,0,110,0,0,176,0,176,0,12,274,0,286,104,0,104,390
11/02/2003,ADS,TX,ASW,CE,Towers with Display (VFR),0,18,106,0,124,0,1,184,0,185,0,19,290,0,309,212,0,212,521
11/03/2003,ADS,TX,ASW,CE,Towers with Display (VFR),0,22,125,0,147,0,0,101,0,101,0,22,226,0,248,94,0,94,342
11/04/2003,ADS,TX,ASW,CE,Towers with Display (VFR),0,42,180,0,222,0,0,152,0,152,0,42,332,0,374,124,0,124,498
11/05/2003,ADS,TX,ASW,CE,Towers with Display (VFR),0,41,108,1,150,0,0,19,0,19,0,41,127,1,169,74,0,74,243
11/06/2003,ADS,TX,ASW,CE,Towers with Display (VFR),0,32,156,0,188,0,0,45,0,45,0,32,201,0,233,92,0,92,325
11/07/2003,ADS,TX,ASW,CE,Towers with Display (VFR),0,40,116,0,156,0,0,1,0,1,0,40,117,0,157,0,0,0,157
11/08/2003,ADS,TX,ASW,CE,Towers with Display (VFR),0,23,81,0,104,0,0,0,0,0,0,23,81,0,104,0,0,0,104
11/09/2003,ADS,TX,ASW,CE,Towers with Display (VFR),0,24,136,0,160,0,1,53,0,54,0,25,189,0,214,76,0,76,290
11/10/2003,ADS,TX,ASW,CE,Towers with Display (VFR),0,30,150,0,180,0,0,204,0,204,0,30,354,0,384,152,0,152,536
11/11/2003,ADS,TX,ASW,CE,Towers with Display (VFR),0,44,115,0,159,0,0,217,0,217,0,44,332,0,376,36,0,36,412
11/12/2003,ADS,TX,ASW,CE,Towers with Display (VFR),0,52,150,0,202,0,0,162,0,162,0,52,312,0,364,48,0,48,412
11/13/2003,ADS,TX,ASW,CE,Towers with Display (VFR),0,43,145,0,188,0,0,160,0,160,0,43,305,0,348,46,0,46,394
11/14/2003,ADS,TX,ASW,CE,Towers with Display (VFR),0,27,146,0,173,0,0,193,0,193,0,27,339,0,366,10,0,10,376
11/15/2003,ADS,TX,ASW,CE,Towers with Display (VFR),2,25,109,0,136,0,5,107,0,112,2,30,216,0,248,75,0,75,323
11/16/2003,ADS,TX,ASW,CE,Towers with Display (VFR),0,31,138,0,169,0,0,149,0,149,0,31,287,0,318,38,0,38,356
11/17/2003,ADS,TX,ASW,CE,Towers with Display (VFR),0,20,59,0,79,0,0,9,0,9,0,20,68,0,88,2,0,2,90
11/18/2003,ADS,TX,ASW,CE,Towers with Display (VFR),2,35,109,0,146,0,1,150,0,151,2,36,259,0,297,74,0,74,371
11/19/2003,ADS,TX,ASW,CE,Towers with Display (VFR),1,33,118,0,152,0,0,291,0,291,1,33,409,0,443,96,0,96,539
11/20/2003,ADS,TX,ASW,CE,Towers with Display (VFR),0,43,94,0,137,0,0,317,0,317,0,43,411,0,454,30,0,30,484
11/21/2003,ADS,TX,ASW,CE,Towers with Display (VFR),1,26,126,2,155,0,0,332,0,332,1,26,458,2,487,104,0,104,591
11/22/2003,ADS,TX,ASW,CE,Towers with Display (VFR),1,17,64,0,82,0,1,162,0,163,1,18,226,0,245,16,0,16,261
11/23/2003,ADS,TX,ASW,CE,Towers with Display (VFR),0,19,60,2,81,0,0,49,0,49,0,19,109,2,130,0,0,0,130
11/24/2003,ADS,TX,ASW,CE,Towers with Display (VFR),1,33,87,0,121,0,0,252,0,252,1,33,339,0,373,100,0,100,473
11/25/2003,ADS,TX,ASW,CE,Towers with Display (VFR),0,32,84,0,116,0,0,269,0,269,0,32,353,0,385,50,0,50,435
11/26/2003,ADS,TX,ASW,CE,Towers with Display (VFR),0,34,137,0,171,0,0,231,0,231,0,34,368,0,402,42,0,42,444
11/27/2003,ADS,TX,ASW,CE,Towers with Display (VFR),0,13,37,0,50,0,0,40,0,40,0,13,77,0,90,0,0,0,90
11/28/2003,ADS,TX,ASW,CE,Towers with Display (VFR),0,19,68,0,87,0,0,224,0,224,0,19,292,0,311,54,0,54,365
11/29/2003,ADS,TX,ASW,CE,Towers with Display (VFR),0,28,69,0,97,0,0,274,0,274,0,28,343,0,371,46,0,46,417
11/30/2003,ADS,TX,ASW,CE,Towers with Display (VFR),0,25,97,0,122,0,0,248,0,248,0,25,345,0,370,58,0,58,428
12/01/2003,ADS,TX,ASW,CE,Towers with Display (VFR),1,44,76,0,121,0,1,229,0,230,1,45,305,0,351,30,0,30,381
12/02/2003,ADS,TX,ASW,CE,Towers with Display (VFR),1,38,111,0,150,0,0,221,0,221,1,38,332,0,371,52,0,52,423
12/03/2003,ADS,TX,ASW,CE,Towers with Display (VFR),2,38,140,0,180,0,0,140,0,140,2,38,280,0,320,70,0,70,390
12/04/2003,ADS,TX,ASW,CE,Towers with Display (VFR),1,27,99,0,127,0,2,268,0,270,1,29,367,0,397,40,0,40,437
12/05/2003,ADS,TX,ASW,CE,Towers with Display (VFR),3,37,99,0,139,0,0,215,0,215,3,37,314,0,354,16,0,16,370
12/06/2003,ADS,TX,ASW,CE,Towers with Display (VFR),0,24,71,0,95,0,0,367,0,367,0,24,438,0,462,102,0,102,564
12/07/2003,ADS,TX,ASW,CE,Towers with Display (VFR),0,18,83,0,101,0,0,209,0,209,0,18,292,0,310,48,0,48,358
12/08/2003,ADS,TX,ASW,CE,Towers with Display (VFR),1,31,111,0,143,0,2,173,0,175,1,33,284,0,318,66,0,66,384
12/09/2003,ADS,TX,ASW,CE,Towers with Display (VFR),2,39,114,0,155,0,0,37,0,37,2,39,151,0,192,11,0,11,203
12/10/2003,ADS,TX,ASW,CE,Towers with Display (VFR),0,38,139,0,177,0,0,180,0,180,0,38,319,0,357,24,0,24,381
12/11/2003,ADS,TX,ASW,CE,Towers with Display (VFR),1,42,122,0,165,0,0,300,0,300,1,42,422,0,465,76,0,76,541
12/12/2003,ADS,TX,ASW,CE,Towers with Display (VFR),0,41,126,0,167,0,0,16,0,16,0,41,142,0,183,45,0,45,228
12/13/2003,ADS,TX,ASW,CE,Towers with Display (VFR),0,26,96,0,122,0,0,69,0,69,0,26,165,0,191,44,0,44,235
12/14/2003,ADS,TX,ASW,CE,Towers with Display (VFR),1,19,79,0,99,0,3,247,0,250,1,22,326,0,349,112,0,112,461
12/15/2003,ADS,TX,ASW,CE,Towers with Display (VFR),0,29,99,0,128,0,0,82,0,82,0,29,181,0,210,24,0,24,234
12/16/2003,ADS,TX,ASW,CE,Towers with Display (VFR),0,24,86,0,110,0,0,132,0,132,0,24,218,0,242,8,0,8,250
12/17/2003,ADS,TX,ASW,CE,Towers with Display (VFR),0,22,117,0,139,0,3,343,0,346,0,25,460,0,485,66,0,66,551
12/18/2003,ADS,TX,ASW,CE,Towers with Display (VFR),2,42,104,0,148,0,1,305,0,306,2,43,409,0,454,48,0,48,502
12/19/2003,ADS,TX,ASW,CE,Towers with Display (VFR),0,31,144,0,175,0,0,359,0,359,0,31,503,0,534,52,0,52,586
12/20/2003,ADS,TX,ASW,CE,Towers with Display (VFR),1,29,82,0,112,0,0,405,0,405,1,29,487,0,517,44,0,44,561
12/21/2003,ADS,TX,ASW,CE,Towers with Display (VFR),0,28,77,0,105,0,0,88,0,88,0,28,165,0,193,26,0,26,219
12/22/2003,ADS,TX,ASW,CE,Towers with Display (VFR),0,35,87,0,122,0,0,92,0,92,0,35,179,0,214,8,0,8,222
12/23/2003,ADS,TX,ASW,CE,Towers with Display (VFR),0,34,95,0,129,0,0,262,0,262,0,34,357,0,391,6,0,6,397
12/24/2003,ADS,TX,ASW,CE,Towers with Display (VFR),0,25,76,0,101,0,0,236,0,236,0,25,312,0,337,46,0,46,383
12/25/2003,ADS,TX,ASW,CE,Towers with Display (VFR),0,21,38,0,59,0,1,51,0,52,0,22,89,0,111,0,0,0,111
12/26/2003,ADS,TX,ASW,CE,Towers with Display (VFR),0,30,124,0,154,0,0,72,0,72,0,30,196,0,226,29,0,29,255
12/27/2003,ADS,TX,ASW,CE,Towers with Display (VFR),0,33,101,0,134,0,0,32,0,32,0,33,133,0,166,14,0,14,180
12/28/2003,ADS,TX,ASW,CE,Towers with Display (VFR),1,24,85,0,110,0,4,112,0,116,1,28,197,0,226,16,0,16,242
12/29/2003,ADS,TX,ASW,CE,Towers with Display (VFR),0,22,73,0,95,0,0,292,0,292,0,22,365,0,387,68,0,68,455
12/30/2003,ADS,TX,ASW,CE,Towers with Display (VFR),0,28,76,0,104,0,1,266,0,267,0,29,342,0,371,76,0,76,447
12/31/2003,ADS,TX,ASW,CE,Towers with Display (VFR),0,26,64,0,90,0,0,230,0,230,0,26,294,0,320,86,0,86,406
01/01/2004,ADS,TX,ASW,CE,Towers with Display (VFR),0,16,45,0,61,0,0,13,0,13,0,16,58,0,74,10,0,10,84
01/02/2004,ADS,TX,ASW,CE,Towers with Display (VFR),0,24,95,0,119,0,0,127,0,127,0,24,222,0,246,42,0,42,288
01/03/2004,ADS,TX,ASW,CE,Towers with Display (VFR),0,17,88,0,105,0,0,121,0,121,0,17,209,0,226,22,0,22,248
01/04/2004,ADS,TX,ASW,CE,Towers with Display (VFR),0,29,92,0,121,0,0,67,0,67,0,29,159,0,188,35,0,35,223
01/05/2004,ADS,TX,ASW,CE,Towers with Display (VFR),0,36,92,0,128,0,0,135,0,135,0,36,227,0,263,78,0,78,341
01/06/2004,ADS,TX,ASW,CE,Towers with Display (VFR),0,34,85,0,119,0,0,172,0,172,0,34,257,0,291,92,0,92,383
01/07/2004,ADS,TX,ASW,CE,Towers with Display (VFR),3,32,93,0,128,0,2,158,0,160,3,34,251,0,288,32,0,32,320
01/08/2004,ADS,TX,ASW,CE,Towers with Display (VFR),0,28,112,0,140,0,0,44,0,44,0,28,156,0,184,2,0,2,186
01/09/2004,ADS,TX,ASW,CE,Towers with Display (VFR),0,25,100,1,126,0,0,270,0,270,0,25,370,1,396,48,0,48,444
01/10/2004,ADS,TX,ASW,CE,Towers with Display (VFR),0,12,49,0,61,0,0,389,0,389,0,12,438,0,450,78,0,78,528
01/11/2004,ADS,TX,ASW,CE,Towers with Display (VFR),2,22,65,0,89,0,0,298,0,298,2,22,363,0,387,81,0,81,468
01/12/2004,ADS,TX,ASW,CE,Towers with Display (VFR),3,34,97,0,134,0,0,155,0,155,3,34,252,0,289,38,0,38,327
01/13/2004,ADS,TX,ASW,CE,Towers with Display (VFR),2,39,162,0,203,0,2,137,0,139,2,41,299,0,342,96,0,96,438
01/14/2004,ADS,TX,ASW,CE,Towers with Display (VFR),0,40,117,0,157,0,3,146,0,149,0,43,263,0,306,46,0,46,352
01/15/2004,ADS,TX,ASW,CE,Towers with Display (VFR),1,47,118,0,166,0,3,47,0,50,1,50,165,0,216,76,0,76,292
01/16/2004,ADS,TX,ASW,CE,Towers with Display (VFR),0,50,99,0,149,0,4,0,0,4,0,54,99,0,153,0,0,0,153
01/17/2004,ADS,TX,ASW,CE,Towers with Display (VFR),0,16,78,0,94,0,0,51,0,51,0,16,129,0,145,64,0,64,209
01/18/2004,ADS,TX,ASW,CE,Towers with Display (VFR),0,19,69,0,88,0,0,37,0,37,0,19,106,0,125,74,0,74,199
01/19/2004,ADS,TX,ASW,CE,Towers with Display (VFR),0,26,94,0,120,0,0,303,0,303,0,26,397,0,423,58,0,58,481
01/20/2004,ADS,TX,ASW,CE,Towers with Display (VFR),0,22,121,0,143,0,0,204,0,204,0,22,325,0,347,94,0,94,441
01/21/2004,ADS,TX,ASW,CE,Towers with Display (VFR),0,36,120,0,156,0,0,191,0,191,0,36,311,0,347,50,0,50,397
01/22/2004,ADS,TX,ASW,CE,Towers with Display (VFR),0,20,136,0,156,0,0,207,0,207,0,20,343,0,363,68,0,68,431
01/23/2004,ADS,TX,ASW,CE,Towers with Display (VFR),0,29,108,0,137,0,0,243,0,243,0,29,351,0,380,88,0,88,468
01/24/2004,ADS,TX,ASW,CE,Towers with Display (VFR),0,9,85,0,94,0,0,1,0,1,0,9,86,0,95,0,0,0,95
01/25/2004,ADS,TX,ASW,CE,Towers with Display (VFR),0,17,83,0,100,0,0,276,0,276,0,17,359,0,376,88,0,88,464
01/26/2004,ADS,TX,ASW,CE,Towers with Display (VFR),0,17,99,0,116,0,0,42,0,42,0,17,141,0,158,18,0,18,176
01/27/2004,ADS,TX,ASW,CE,Towers with Display (VFR),0,24,98,0,122,0,0,251,0,251,0,24,349,0,373,54,0,54,427
01/28/2004,ADS,TX,ASW,CE,Towers with Display (VFR),1,33,127,0,161,0,0,224,0,224,1,33,351,0,385,26,0,26,411
01/29/2004,ADS,TX,ASW,CE,Towers with Display (VFR),0,28,153,0,181,0,0,128,0,128,0,28,281,0,309,94,0,94,403
01/30/2004,ADS,TX,ASW,CE,Towers with Display (VFR),0,43,161,0,204,0,1,181,1,183,0,44,342,1,387,100,0,100,487
01/31/2004,ADS,TX,ASW,CE,Towers with Display (VFR),0,24,83,0,107,0,0,2,0,2,0,24,85,0,109,0,0,0,109
02/01/2004,ADS,TX,ASW,CE,Towers with Display (VFR),0,34,70,0,104,0,0,4,0,4,0,34,74,0,108,0,0,0,108
02/02/2004,ADS,TX,ASW,CE,Towers with Display (VFR),0,38,82,0,120,0,0,173,0,173,0,38,255,0,293,42,0,42,335
02/03/2004,ADS,TX,ASW,CE,Towers with Display (VFR),0,46,110,0,156,0,0,224,0,224,0,46,334,0,380,66,0,66,446
02/04/2004,ADS,TX,ASW,CE,Towers with Display (VFR),1,30,102,0,133,0,10,0,0,10,1,40,102,0,143,14,0,14,157
02/05/2004,ADS,TX,ASW,CE,Towers with Display (VFR),0,42,141,0,183,0,0,4,0,4,0,42,145,0,187,0,0,0,187
02/06/2004,ADS,TX,ASW,CE,Towers with Display (VFR),0,36,121,1,158,0,0,174,0,174,0,36,295,1,332,30,0,30,362
02/07/2004,ADS,TX,ASW,CE,Towers with Display (VFR),0,20,82,0,102,0,1,374,0,375,0,21,456,0,477,104,0,104,581
02/08/2004,ADS,TX,ASW,CE,Towers with Display (VFR),1,30,83,1,115,0,1,236,0,237,1,31,319,1,352,14,0,14,366
02/09/2004,ADS,TX,ASW,CE,Towers with Display (VFR),0,37,132,0,169,0,0,0,0,0,0,37,132,0,169,0,0,0,169
02/10/2004,ADS,TX,ASW,CE,Towers with Display (VFR),0,37,124,0,161,0,1,102,0,103,0,38,226,0,264,58,0,58,322
02/11/2004,ADS,TX,ASW,CE,Towers with Display (VFR),0,50,137,0,187,0,0,3,0,3,0,50,140,0,190,0,0,0,190
02/12/2004,ADS,TX,ASW,CE,Towers with Display (VFR),0,37,125,0,162,0,0,178,0,178,0,37,303,0,340,28,0,28,368
02/13/2004,ADS,TX,ASW,CE,Towers with Display (VFR),1,41,126,1,169,0,0,134,0,134,1,41,260,1,303,36,0,36,339
02/14/2004,ADS,TX,ASW,CE,Towers with Display (VFR),0,10,40,0,50,0,0,3,0,3,0,10,43,0,53,0,0,0,53
02/15/2004,ADS,TX,ASW,CE,Towers with Display (VFR),0,20,76,0,96,0,0,271,0,271,0,20,347,0,367,4,0,4,371
02/16/2004,ADS,TX,ASW,CE,Towers with Display (VFR),0,36,98,0,134,0,1,244,0,245,0,37,342,0,379,64,0,64,443
02/17/2004,ADS,TX,ASW,CE,Towers with Display (VFR),1,28,126,0,155,0,5,253,0,258,1,33,379,0,413,38,0,38,451
02/18/2004,ADS,TX,ASW,CE,Towers with Display (VFR),1,41,125,0,167,0,0,276,0,276,1,41,401,0,443,50,0,50,493
02/19/2004,ADS,TX,ASW,CE,Towers with Display (VFR),0,47,115,0,162,0,0,117,0,117,0,47,232,0,279,4,0,4,283
02/20/2004,ADS,TX,ASW,CE,Towers with Display (VFR),0,30,90,0,120,0,1,228,0,229,0,31,318,0,349,66,0,66,415
02/21/2004,ADS,TX,ASW,CE,Towers with Display (VFR),0,31,73,0,104,0,0,438,0,438,0,31,511,0,542,26,0,26,568
02/22/2004,ADS,TX,ASW,CE,Towers with Display (VFR),0,34,96,0,130,0,0,317,0,317,0,34,413,0,447,0,0,0,447
02/23/2004,ADS,TX,ASW,CE,Towers with Display (VFR),0,33,63,0,96,0,0,37,0,37,0,33,100,0,133,6,0,6,139
02/24/2004,ADS,TX,ASW,CE,Towers with Display (VFR),0,48,107,0,155,0,0,0,0,0,0,48,107,0,155,0,0,0,155
02/25/2004,ADS,TX,ASW,CE,Towers with Display (VFR),0,49,120,0,169,0,0,78,0,78,0,49,198,0,247,53,0,53,300
02/26/2004,ADS,TX,ASW,CE,Towers with Display (VFR),0,48,144,0,192,0,1,308,0,309,0,49,452,0,501,76,0,76,577
02/27/2004,ADS,TX,ASW,CE,Towers with Display (VFR),0,32,126,0,158,0,0,269,0,269,0,32,395,0,427,36,0,36,463
02/28/2004,ADS,TX,ASW,CE,Towers with Display (VFR),0,27,85,0,112,0,0,87,0,87,0,27,172,0,199,54,0,54,253
02/29/2004,ADS,TX,ASW,CE,Towers with Display (VFR),1,13,54,0,68,0,0,113,0,113,1,13,167,0,181,72,0,72,253
03/01/2004,ADS,TX,ASW,CE,Towers with Display (VFR),0,27,85,0,112,0,1,211,0,212,0,28,296,0,324,42,0,42,366
03/02/2004,ADS,TX,ASW,CE,Towers with Display (VFR),0,34,133,2,169,0,0,158,0,158,0,34,291,2,327,96,0,96,423
03/03/2004,ADS,TX,ASW,CE,Towers with Display (VFR),0,46,127,0,173,0,3,15,0,18,0,49,142,0,191,4,0,4,195
03/04/2004,ADS,TX,ASW,CE,Towers with Display (VFR),0,40,65,0,105,0,0,12,0,12,0,40,77,0,117,8,0,8,125
03/05/2004,ADS,TX,ASW,CE,Towers with Display (VFR),0,47,143,0,190,0,0,275,0,275,0,47,418,0,465,92,0,92,557
03/06/2004,ADS,TX,ASW,CE,Towers with Display (VFR),0,21,86,0,107,0,0,405,0,405,0,21,491,0,512,44,0,44,556
03/07/2004,ADS,TX,ASW,CE,Towers with Display (VFR),0,18,94,0,112,0,1,240,0,241,0,19,334,0,353,32,0,32,385
03/08/2004,ADS,TX,ASW,CE,Towers with Display (VFR),2,36,118,0,156,0,4,167,0,171,2,40,285,0,327,50,0,50,377
03/09/2004,ADS,TX,ASW,CE,Towers with Display (VFR),0,37,110,0,147,0,0,174,0,174,0,37,284,0,321,59,0,59,380
03/10/2004,ADS,TX,ASW,CE,Towers with Display (VFR),0,41,86,0,127,0,1,287,2,290,0,42,373,2,417,28,0,28,445
03/11/2004,ADS,TX,ASW,CE,Towers with Display (VFR),0,41,98,0,139,0,0,216,0,216,0,41,314,0,355,28,0,28,383
03/12/2004,ADS,TX,ASW,CE,Towers with Display (VFR),1,57,123,0,181,0,0,130,0,130,1,57,253,0,311,2,0,2,313
03/13/2004,ADS,TX,ASW,CE,Towers with Display (VFR),0,27,68,0,95,0,0,62,0,62,0,27,130,0,157,4,0,4,161
03/14/2004,ADS,TX,ASW,CE,Towers with Display (VFR),0,30,83,0,113,0,0,59,0,59,0,30,142,0,172,8,0,8,180
03/15/2004,ADS,TX,ASW,CE,Towers with Display (VFR),0,43,84,0,127,0,0,51,0,51,0,43,135,0,178,40,0,40,218
03/16/2004,ADS,TX,ASW,CE,Towers with Display (VFR),0,48,104,0,152,0,0,294,0,294,0,48,398,0,446,50,0,50,496
03/17/2004,ADS,TX,ASW,CE,Towers with Display (VFR),0,32,108,0,140,0,1,225,0,226,0,33,333,0,366,16,0,16,382
03/18/2004,ADS,TX,ASW,CE,Towers with Display (VFR),0,45,110,0,155,0,3,221,0,224,0,48,331,0,379,44,0,44,423
03/19/2004,ADS,TX,ASW,CE,Towers with Display (VFR),0,49,190,0,239,0,0,134,0,134,0,49,324,0,373,22,0,22,395
03/20/2004,ADS,TX,ASW,CE,Towers with Display (VFR),0,24,93,0,117,0,4,212,0,216,0,28,305,0,333,65,0,65,398
03/21/2004,ADS,TX,ASW,CE,Towers with Display (VFR),0,26,82,0,108,0,0,227,0,227,0,26,309,0,335,8,0,8,343
03/22/2004,ADS,TX,ASW,CE,Towers with Display (VFR),1,33,114,0,148,0,1,202,0,203,1,34,316,0,351,5,2,7,358
03/23/2004,ADS,TX,ASW,CE,Towers with Display (VFR),0,43,123,0,166,0,0,174,0,174,0,43,297,0,340,70,0,70,410
03/24/2004,ADS,TX,ASW,CE,Towers with Display (VFR),0,32,137,2,171,0,1,38,0,39,0,33,175,2,210,28,0,28,238
03/25/2004,ADS,TX,ASW,CE,Towers with Display (VFR),0,35,166,0,201,0,0,89,0,89,0,35,255,0,290,42,0,42,332
03/26/2004,ADS,TX,ASW,CE,Towers with Display (VFR),0,41,121,0,162,0,0,98,0,98,0,41,219,0,260,78,0,78,338
03/27/2004,ADS,TX,ASW,CE,Towers with Display (VFR),0,33,89,0,122,0,0,88,0,88,0,33,177,0,210,2,0,2,212
03/28/2004,ADS,TX,ASW,CE,Towers with Display (VFR),0,27,78,0,105,0,0,80,0,80,0,27,158,0,185,22,0,22,207
03/29/2004,ADS,TX,ASW,CE,Towers with Display (VFR),0,49,117,0,166,0,1,314,0,315,0,50,431,0,481,32,0,32,513
03/30/2004,ADS,TX,ASW,CE,Towers with Display (VFR),0,42,133,0,175,0,1,328,0,329,0,43,461,0,504,12,0,12,516
03/31/2004,ADS,TX,ASW,CE,Towers with Display (VFR),0,27,105,1,133,0,3,319,0,322,0,30,424,1,455,76,0,76,531
04/01/2004,ADS,TX,ASW,CE,Towers with Display (VFR),0,29,111,0,140,0,3,263,0,266,0,32,374,0,406,68,0,68,474
04/02/2004,ADS,TX,ASW,CE,Towers with Display (VFR),0,46,145,0,191,0,0,176,0,176,0,46,321,0,367,54,0,54,421
04/03/2004,ADS,TX,ASW,CE,Towers with Display (VFR),2,20,62,0,84,0,0,341,0,341,2,20,403,0,425,85,0,85,510
04/04/2004,ADS,TX,ASW,CE,Towers with Display (VFR),0,18,67,0,85,0,0,254,0,254,0,18,321,0,339,30,0,30,369
04/05/2004,ADS,TX,ASW,CE,Towers with Display (VFR),0,40,94,0,134,0,2,164,0,166,0,42,258,0,300,48,0,48,348
04/06/2004,ADS,TX,ASW,CE,Towers with Display (VFR),0,37,100,0,137,0,0,90,0,90,0,37,190,0,227,28,0,28,255
04/07/2004,ADS,TX,ASW,CE,Towers with Display (VFR),0,45,132,0,177,0,0,82,0,82,0,45,214,0,259,102,0,102,361
04/08/2004,ADS,TX,ASW,CE,Towers with Display (VFR),0,40,148,0,188,0,2,263,0,265,0,42,411,0,453,56,0,56,509
04/09/2004,ADS,TX,ASW,CE,Towers with Display (VFR),1,30,102,0,133,0,3,249,0,252,1,33,351,0,385,38,0,38,423
04/10/2004,ADS,TX,ASW,CE,Towers with Display (VFR),0,18,84,0,102,0,2,8,0,10,0,20,92,0,112,0,0,0,112
04/11/2004,ADS,TX,ASW,CE,Towers with Display (VFR),0,24,60,0,84,0,1,10,0,11,0,25,70,0,95,0,0,0,95
04/12/2004,ADS,TX,ASW,CE,Towers with Display (VFR),0,39,109,0,148,0,0,118,0,118,0,39,227,0,266,16,0,16,282
04/13/2004,ADS,TX,ASW,CE,Towers with Display (VFR),0,36,102,0,138,0,5,303,0,308,0,41,405,0,446,126,0,126,572
04/14/2004,ADS,TX,ASW,CE,Towers with Display (VFR),0,49,103,0,152,0,2,323,0,325,0,51,426,0,477,100,0,100,577
04/15/2004,ADS,TX,ASW,CE,Towers with Display (VFR),0,50,124,0,174,0,0,238,0,238,0,50,362,0,412,20,0,20,432
04/16/2004,ADS,TX,ASW,CE,Towers with Display (VFR),1,29,132,0,162,0,0,179,0,179,1,29,311,0,341,48,0,48,389
04/17/2004,ADS,TX,ASW,CE,Towers with Display (VFR),0,19,79,0,98,0,0,146,0,146,0,19,225,0,244,0,0,0,244
04/18/2004,ADS,TX,ASW,CE,Towers with Display (VFR),0,17,83,0,100,0,0,116,0,116,0,17,199,0,216,44,0,44,260
04/19/2004,ADS,TX,ASW,CE,Towers with Display (VFR),0,52,119,0,171,0,0,78,0,78,0,52,197,0,249,78,0,78,327
04/20/2004,ADS,TX,ASW,CE,Towers with Display (VFR),0,45,130,0,175,0,0,91,0,91,0,45,221,0,266,0,0,0,266
04/21/2004,ADS,TX,ASW,CE,Towers with Display (VFR),0,38,113,0,151,0,1,165,0,166,0,39,278,0,317,30,0,30,347
04/22/2004,ADS,TX,ASW,CE,Towers with Display (VFR),0,42,124,0,166,0,0,173,0,173,0,42,297,0,339,36,2,38,377
04/23/2004,ADS,TX,ASW,CE,Towers with Display (VFR),0,33,136,0,169,0,1,91,0,92,0,34,227,0,261,62,0,62,323
04/24/2004,ADS,TX,ASW,CE,Towers with Display (VFR),0,18,75,0,93,0,0,5,0,5,0,18,80,0,98,0,0,0,98
04/25/2004,ADS,TX,ASW,CE,Towers with Display (VFR),1,37,108,0,146,0,6,242,0,248,1,43,350,0,394,52,0,52,446
04/26/2004,ADS,TX,ASW,CE,Towers with Display (VFR),0,26,80,0,106,0,0,246,0,246,0,26,326,0,352,38,0,38,390
04/27/2004,ADS,TX,ASW,CE,Towers with Display (VFR),0,36,123,0,159,0,0,371,0,371,0,36,494,0,530,56,0,56,586
04/28/2004,ADS,TX,ASW,CE,Towers with Display (VFR),0,40,120,0,160,0,1,189,0,190,0,41,309,0,350,38,0,38,388
04/29/2004,ADS,TX,ASW,CE,Towers with Display (VFR),0,48,152,0,200,0,0,90,0,90,0,48,242,0,290,24,0,24,314
04/30/2004,ADS,TX,ASW,CE,Towers with Display (VFR),0,28,112,0,140,0,0,75,0,75,0,28,187,0,215,36,0,36,251
05/01/2004,ADS,TX,ASW,CE,Towers with Display (VFR),0,23,86,0,109,0,0,11,0,11,0,23,97,0,120,0,0,0,120
05/02/2004,ADS,TX,ASW,CE,Towers with Display (VFR),0,28,97,0,125,0,2,355,0,357,0,30,452,0,482,132,0,132,614
05/03/2004,ADS,TX,ASW,CE,Towers with Display (VFR),0,42,96,0,138,0,63,251,0,314,0,105,347,0,452,38,0,38,490
05/04/2004,ADS,TX,ASW,CE,Towers with Display (VFR),0,49,112,0,161,0,2,289,0,291,0,51,401,0,452,40,0,40,492
05/05/2004,ADS,TX,ASW,CE,Towers with Display (VFR),0,49,123,0,172,0,0,327,0,327,0,49,450,0,499,24,0,24,523
05/06/2004,ADS,TX,ASW,CE,Towers with Display (VFR),0,36,147,0,183,0,0,254,0,254,0,36,401,0,437,62,0,62,499
05/07/2004,ADS,TX,ASW,CE,Towers with Display (VFR),2,43,184,0,229,0,0,174,0,174,2,43,358,0,403,52,0,52,455
05/08/2004,ADS,TX,ASW,CE,Towers with Display (VFR),0,25,91,0,116,0,0,129,0,129,0,25,220,0,245,44,0,44,289
05/09/2004,ADS,TX,ASW,CE,Towers with Display (VFR),0,21,99,1,121,0,0,172,0,172,0,21,271,1,293,32,0,32,325
05/10/2004,ADS,TX,ASW,CE,Towers with Display (VFR),0,30,126,0,156,0,0,162,0,162,0,30,288,0,318,18,0,18,336
05/11/2004,ADS,TX,ASW,CE,Towers with Display (VFR),0,32,160,0,192,0,0,73,0,73,0,32,233,0,265,24,0,24,289
05/12/2004,ADS,TX,ASW,CE,Towers with Display (VFR),4,28,141,0,173,0,1,134,0,135,4,29,275,0,308,26,0,26,334
05/13/2004,ADS,TX,ASW,CE,Towers with Display (VFR),0,38,135,0,173,0,0,79,0,79,0,38,214,0,252,2,0,2,254
05/14/2004,ADS,TX,ASW,CE,Towers with Display (VFR),2,16,153,0,171,0,4,93,0,97,2,20,246,0,268,44,0,44,312
05/15/2004,ADS,TX,ASW,CE,Towers with Display (VFR),1,23,114,0,138,0,0,182,0,182,1,23,296,0,320,40,0,40,360
05/16/2004,ADS,TX,ASW,CE,Towers with Display (VFR),0,22,89,0,111,0,1,270,0,271,0,23,359,0,382,88,0,88,470
05/17/2004,ADS,TX,ASW,CE,Towers with Display (VFR),0,34,128,0,162,0,0,182,0,182,0,34,310,0,344,34,0,34,378
05/18/2004,ADS,TX,ASW,CE,Towers with Display (VFR),2,35,126,0,163,0,0,251,1,252,2,35,377,1,415,38,0,38,453
05/19/2004,ADS,TX,ASW,CE,Towers with Display (VFR),3,47,122,0,172,0,0,220,1,221,3,47,342,1,393,58,0,58,451
05/20/2004,ADS,TX,ASW,CE,Towers with Display (VFR),0,34,133,0,167,0,1,205,0,206,0,35,338,0,373,46,0,46,419
05/21/2004,ADS,TX,ASW,CE,Towers with Display (VFR),1,46,137,0,184,0,0,223,0,223,1,46,360,0,407,40,0,40,447
05/22/2004,ADS,TX,ASW,CE,Towers with Display (VFR),0,21,97,0,118,0,0,136,0,136,0,21,233,0,254,54,0,54,308
05/23/2004,ADS,TX,ASW,CE,Towers with Display (VFR),2,15,98,0,115,0,0,218,1,219,2,15,316,1,334,40,0,40,374
05/24/2004,ADS,TX,ASW,CE,Towers with Display (VFR),1,41,119,1,162,0,0,149,0,149,1,41,268,1,311,12,0,12,323
05/25/2004,ADS,TX,ASW,CE,Towers with Display (VFR),0,34,154,0,188,0,5,135,0,140,0,39,289,0,328,74,0,74,402
05/26/2004,ADS,TX,ASW,CE,Towers with Display (VFR),0,33,147,0,180,0,3,181,0,184,0,36,328,0,364,50,0,50,414
05/27/2004,ADS,TX,ASW,CE,Towers with Display (VFR),1,40,125,0,166,0,1,141,0,142,1,41,266,0,308,10,0,10,318
05/28/2004,ADS,TX,ASW,CE,Towers with Display (VFR),1,35,140,0,176,0,1,336,0,337,1,36,476,0,513,58,0,58,571
05/29/2004,ADS,TX,ASW,CE,Towers with Display (VFR),0,35,74,0,109,0,3,151,0,154,0,38,225,0,263,112,0,112,375
05/30/2004,ADS,TX,ASW,CE,Towers with Display (VFR),0,11,29,0,40,0,2,105,0,107,0,13,134,0,147,88,0,88,235
05/31/2004,ADS,TX,ASW,CE,Towers with Display (VFR),0,24,76,0,100,0,0,290,0,290,0,24,366,0,390,145,0,145,535
06/01/2004,ADS,TX,ASW,CE,Towers with Display (VFR),0,32,97,0,129,0,4,188,0,192,0,36,285,0,321,34,0,34,355
06/02/2004,ADS,TX,ASW,CE,Towers with Display (VFR),0,24,88,0,112,0,0,184,0,184,0,24,272,0,296,22,0,22,318
06/03/2004,ADS,TX,ASW,CE,Towers with Display (VFR),2,41,143,0,186,0,0,195,0,195,2,41,338,0,381,74,0,74,455
06/04/2004,ADS,TX,ASW,CE,Towers with Display (VFR),0,36,107,0,143,0,10,211,0,221,0,46,318,0,364,46,0,46,410
06/05/2004,ADS,TX,ASW,CE,Towers with Display (VFR),0,22,66,0,88,0,8,226,0,234,0,30,292,0,322,47,0,47,369
06/06/2004,ADS,TX,ASW,CE,Towers with Display (VFR),0,27,76,0,103,0,2,215,0,217,0,29,291,0,320,46,0,46,366
06/07/2004,ADS,TX,ASW,CE,Towers with Display (VFR),2,35,102,0,139,0,1,138,0,139,2,36,240,0,278,16,0,16,294
06/08/2004,ADS,TX,ASW,CE,Towers with Display (VFR),0,34,95,0,129,0,4,0,0,4,0,38,95,0,133,2,0,2,135
06/09/2004,ADS,TX,ASW,CE,Towers with Display (VFR),1,32,86,0,119,0,10,0,2,12,1,42,86,2,131,10,0,10,141
06/10/2004,ADS,TX,ASW,CE,Towers with Display (VFR),0,27,135,0,162,0,0,173,2,175,0,27,308,2,337,72,0,72,409
06/11/2004,ADS,TX,ASW,CE,Towers with Display (VFR),0,44,128,0,172,0,3,203,2,208,0,47,331,2,380,52,0,52,432
06/12/2004,ADS,TX,ASW,CE,Towers with Display (VFR),2,17,91,0,110,0,0,211,20,231,2,17,302,20,341,0,0,0,341
06/13/2004,ADS,TX,ASW,CE,Towers with Display (VFR),2,24,108,0,134,0,0,194,0,194,2,24,302,0,328,48,0,48,376
06/14/2004,ADS,TX,ASW,CE,Towers with Display (VFR),1,27,121,0,149,4,0,184,0,188,5,27,305,0,337,42,0,42,379
06/15/2004,ADS,TX,ASW,CE,Towers with Display (VFR),0,36,111,0,147,0,0,170,0,170,0,36,281,0,317,66,0,66,383
06/16/2004,ADS,TX,ASW,CE,Towers with Display (VFR),0,31,101,0,132,0,0,248,0,248,0,31,349,0,380,90,0,90,470
06/17/2004,ADS,TX,ASW,CE,Towers with Display (VFR),0,42,120,0,162,0,10,227,0,237,0,52,347,0,399,62,0,62,461
06/18/2004,ADS,TX,ASW,CE,Towers with Display (VFR),1,41,118,0,160,1,9,213,0,223,2,50,331,0,383,66,0,66,449
06/19/2004,ADS,TX,ASW,CE,Towers with Display (VFR),0,17,74,0,91,3,0,153,0,156,3,17,227,0,247,103,0,103,350
06/20/2004,ADS,TX,ASW,CE,Towers with Display (VFR),1,23,102,0,126,0,0,237,0,237,1,23,339,0,363,29,0,29,392
06/21/2004,ADS,TX,ASW,CE,Towers with Display (VFR),0,28,81,0,109,0,9,147,0,156,0,37,228,0,265,93,0,93,358
06/22/2004,ADS,TX,ASW,CE,Towers with Display (VFR),1,40,124,0,165,1,0,109,0,110,2,40,233,0,275,32,0,32,307
06/23/2004,ADS,TX,ASW,CE,Towers with Display (VFR),0,41,119,0,160,0,8,239,0,247,0,49,358,0,407,98,0,98,505
06/24/2004,ADS,TX,ASW,CE,Towers with Display (VFR),1,34,120,0,155,0,0,210,0,210,1,34,330,0,365,60,0,60,425
06/25/2004,ADS,TX,ASW,CE,Towers with Display (VFR),1,42,123,0,166,1,13,102,0,116,2,55,225,0,282,26,0,26,308
06/26/2004,ADS,TX,ASW,CE,Towers with Display (VFR),0,24,81,0,105,3,0,67,0,70,3,24,148,0,175,14,0,14,189
06/27/2004,ADS,TX,ASW,CE,Towers with Display (VFR),0,23,68,0,91,0,0,66,0,66,0,23,134,0,157,2,0,2,159
06/28/2004,ADS,TX,ASW,CE,Towers with Display (VFR),0,25,74,0,99,0,0,60,0,60,0,25,134,0,159,40,0,40,199
06/29/2004,ADS,TX,ASW,CE,Towers with Display (VFR),1,43,124,0,168,1,12,24,0,37,2,55,148,0,205,14,0,14,219
06/30/2004,ADS,TX,ASW,CE,Towers with Display (VFR),1,40,133,0,174,3,0,87,0,90,4,40,220,0,264,78,0,78,342
07/01/2004,ADS,TX,ASW,CE,Towers with Display (VFR),0,32,119,0,151,0,4,235,0,239,0,36,354,0,390,26,0,26,416
07/02/2004,ADS,TX,ASW,CE,Towers with Display (VFR),0,25,121,0,146,0,0,169,0,169,0,25,290,0,315,196,0,196,511
07/03/2004,ADS,TX,ASW,CE,Towers with Display (VFR),0,11,58,0,69,0,0,145,0,145,0,11,203,0,214,48,0,48,262
07/04/2004,ADS,TX,ASW,CE,Towers with Display (VFR),0,11,57,0,68,0,21,237,0,258,0,32,294,0,326,70,0,70,396
07/05/2004,ADS,TX,ASW,CE,Towers with Display (VFR),1,45,89,0,135,0,55,224,0,279,1,100,313,0,414,24,0,24,438
07/06/2004,ADS,TX,ASW,CE,Towers with Display (VFR),0,37,117,0,154,0,2,156,0,158,0,39,273,0,312,20,0,20,332
07/07/2004,ADS,TX,ASW,CE,Towers with Display (VFR),2,39,101,0,142,0,1,186,0,187,2,40,287,0,329,72,0,72,401
07/08/2004,ADS,TX,ASW,CE,Towers with Display (VFR),3,27,124,0,154,0,0,258,0,258,3,27,382,0,412,62,0,62,474
07/09/2004,ADS,TX,ASW,CE,Towers with Display (VFR),0,32,109,0,141,0,2,250,0,252,0,34,359,0,393,18,0,18,411
07/10/2004,ADS,TX,ASW,CE,Towers with Display (VFR),4,27,78,0,109,0,0,310,0,310,4,27,388,0,419,22,0,22,441
07/11/2004,ADS,TX,ASW,CE,Towers with Display (VFR),0,19,65,0,84,0,0,273,0,273,0,19,338,0,357,60,0,60,417
07/12/2004,ADS,TX,ASW,CE,Towers with Display (VFR),0,34,107,0,141,0,2,241,0,243,0,36,348,0,384,54,0,54,438
07/13/2004,ADS,TX,ASW,CE,Towers with Display (VFR),2,32,101,0,135,0,1,223,0,224,2,33,324,0,359,28,0,28,387
07/14/2004,ADS,TX,ASW,CE,Towers with Display (VFR),0,28,107,0,135,0,3,300,0,303,0,31,407,0,438,34,0,34,472
07/15/2004,ADS,TX,ASW,CE,Towers with Display (VFR),4,33,107,0,144,0,0,265,0,265,4,33,372,0,409,14,0,14,423
07/16/2004,ADS,TX,ASW,CE,Towers with Display (VFR),0,24,104,0,128,0,0,293,0,293,0,24,397,0,421,52,0,52,473
07/17/2004,ADS,TX,ASW,CE,Towers with Display (VFR),2,19,63,0,84,0,0,347,0,347,2,19,410,0,431,40,0,40,471
07/18/2004,ADS,TX,ASW,CE,Towers with Display (VFR),0,23,70,0,93,0,1,283,0,284,0,24,353,0,377,6,0,6,383
07/19/2004,ADS,TX,ASW,CE,Towers with Display (VFR),0,39,82,0,121,0,0,222,0,222,0,39,304,0,343,33,0,33,376
07/20/2004,ADS,TX,ASW,CE,Towers with Display (VFR),0,35,117,0,152,0,0,238,0,238,0,35,355,0,390,34,0,34,424
07/21/2004,ADS,TX,ASW,CE,Towers with Display (VFR),4,44,116,0,164,0,2,232,0,234,4,46,348,0,398,66,0,66,464
07/22/2004,ADS,TX,ASW,CE,Towers with Display (VFR),1,40,144,0,185,1,0,262,0,263,2,40,406,0,448,70,0,70,518
07/23/2004,ADS,TX,ASW,CE,Towers with Display (VFR),1,31,76,0,108,0,0,218,0,218,1,31,294,0,326,26,0,26,352
07/24/2004,ADS,TX,ASW,CE,Towers with Display (VFR),0,22,60,0,82,0,7,240,0,247,0,29,300,0,329,52,0,52,381
07/25/2004,ADS,TX,ASW,CE,Towers with Display (VFR),1,19,110,0,130,0,0,103,0,103,1,19,213,0,233,42,0,42,275
07/26/2004,ADS,TX,ASW,CE,Towers with Display (VFR),0,45,100,0,145,0,1,155,0,156,0,46,255,0,301,0,0,0,301
07/27/2004,ADS,TX,ASW,CE,Towers with Display (VFR),3,27,110,0,140,0,0,195,0,195,3,27,305,0,335,42,0,42,377
07/28/2004,ADS,TX,ASW,CE,Towers with Display (VFR),0,34,109,0,143,0,4,67,0,71,0,38,176,0,214,21,0,21,235
07/29/2004,ADS,TX,ASW,CE,Towers with Display (VFR),2,36,142,0,180,0,0,44,0,44,2,36,186,0,224,0,0,0,224
07/30/2004,ADS,TX,ASW,CE,Towers with Display (VFR),1,28,111,0,140,0,0,168,0,168,1,28,279,0,308,32,0,32,340
07/31/2004,ADS,TX,ASW,CE,Towers with Display (VFR),4,24,92,0,120,0,0,259,0,259,4,24,351,0,379,16,0,16,395
08/01/2004,ADS,TX,ASW,CE,Towers with Display (VFR),2,20,85,0,107,0,0,206,0,206,2,20,291,0,313,22,0,22,335
08/02/2004,ADS,TX,ASW,CE,Towers with Display (VFR),1,42,91,0,134,0,2,189,0,191,1,44,280,0,325,64,0,64,389
08/03/2004,ADS,TX,ASW,CE,Towers with Display (VFR),0,51,117,0,168,0,0,159,0,159,0,51,276,0,327,0,0,0,327
08/04/2004,ADS,TX,ASW,CE,Towers with Display (VFR),2,32,101,0,135,0,1,223,0,224,2,33,324,0,359,28,0,28,387
08/05/2004,ADS,TX,ASW,CE,Towers with Display (VFR),1,50,129,0,180,0,0,219,0,219,1,50,348,0,399,40,0,40,439
08/06/2004,ADS,TX,ASW,CE,Towers with Display (VFR),4,29,100,1,134,1,0,261,0,262,5,29,361,1,396,56,0,56,452
08/07/2004,ADS,TX,ASW,CE,Towers with Display (VFR),0,23,68,0,91,0,0,260,0,260,0,23,328,0,351,32,0,32,383
08/08/2004,ADS,TX,ASW,CE,Towers with Display (VFR),2,33,67,1,103,0,0,199,0,199,2,33,266,1,302,61,0,61,363
08/09/2004,ADS,TX,ASW,CE,Towers with Display (VFR),4,45,79,0,128,0,0,179,0,179,4,45,258,0,307,30,0,30,337
08/10/2004,ADS,TX,ASW,CE,Towers with Display (VFR),3,36,100,0,139,0,1,235,0,236,3,37,335,0,375,22,0,22,397
08/11/2004,ADS,TX,ASW,CE,Towers with Display (VFR),2,46,79,0,127,0,3,129,0,132,2,49,208,0,259,55,0,55,314
08/12/2004,ADS,TX,ASW,CE,Towers with Display (VFR),1,51,130,0,182,0,0,253,0,253,1,51,383,0,435,62,0,62,497
08/13/2004,ADS,TX,ASW,CE,Towers with Display (VFR),3,27,102,0,132,0,1,246,0,247,3,28,348,0,379,54,0,54,433
08/14/2004,ADS,TX,ASW,CE,Towers with Display (VFR),1,28,96,0,125,0,0,263,0,263,1,28,359,0,388,28,0,28,416
08/15/2004,ADS,TX,ASW,CE,Towers with Display (VFR),0,30,63,0,93,0,0,204,0,204,0,30,267,0,297,66,0,66,363
08/16/2004,ADS,TX,ASW,CE,Towers with Display (VFR),2,42,88,0,132,1,0,218,0,219,3,42,306,0,351,50,0,50,401
08/17/2004,ADS,TX,ASW,CE,Towers with Display (VFR),0,32,109,0,141,0,5,203,0,208,0,37,312,0,349,16,0,16,365
08/18/2004,ADS,TX,ASW,CE,Towers with Display (VFR),0,42,124,0,166,5,30,190,0,225,5,72,314,0,391,30,0,30,421
08/19/2004,ADS,TX,ASW,CE,Towers with Display (VFR),1,30,103,0,134,0,1,4,0,5,1,31,107,0,139,6,0,6,145
08/20/2004,ADS,TX,ASW,CE,Towers with Display (VFR),0,47,114,0,161,0,0,158,0,158,0,47,272,0,319,50,0,50,369
08/21/2004,ADS,TX,ASW,CE,Towers with Display (VFR),3,42,99,0,144,0,3,160,0,163,3,45,259,0,307,40,0,40,347
08/22/2004,ADS,TX,ASW,CE,Towers with Display (VFR),1,37,83,0,121,0,1,92,0,93,1,38,175,0,214,14,0,14,228
08/23/2004,ADS,TX,ASW,CE,Towers with Display (VFR),0,47,17,0,64,0,2,238,0,240,0,49,255,0,304,62,0,62,366
08/24/2004,ADS,TX,ASW,CE,Towers with Display (VFR),0,43,123,0,166,0,0,190,0,190,0,43,313,0,356,32,0,32,388
08/25/2004,ADS,TX,ASW,CE,Towers with Display (VFR),1,35,107,1,144,0,0,224,0,224,1,35,331,1,368,78,0,78,446
08/26/2004,ADS,TX,ASW,CE,Towers with Display (VFR),0,35,134,0,169,0,0,236,0,236,0,35,370,0,405,36,0,36,441
08/27/2004,ADS,TX,ASW,CE,Towers with Display (VFR),0,41,97,0,138,0,24,177,0,201,0,65,274,0,339,44,0,44,383
08/28/2004,ADS,TX,ASW,CE,Towers with Display (VFR),0,20,52,0,72,0,0,113,0,113,0,20,165,0,185,80,0,80,265
08/29/2004,ADS,TX,ASW,CE,Towers with Display (VFR),1,25,64,0,90,0,6,299,0,305,1,31,363,0,395,80,0,80,475
08/30/2004,ADS,TX,ASW,CE,Towers with Display (VFR),1,41,102,0,144,0,1,209,0,210,1,42,311,0,354,50,0,50,404
08/31/2004,ADS,TX,ASW,CE,Towers with Display (VFR),1,36,110,0,147,0,0,225,0,225,1,36,335,0,372,24,0,24,396
09/01/2004,ADS,TX,ASW,CE,Towers with Display (VFR),0,36,105,0,141,0,0,221,0,221,0,36,326,0,362,16,0,16,378
09/02/2004,ADS,TX,ASW,CE,Towers with Display (VFR),0,45,126,0,171,0,1,207,0,208,0,46,333,0,379,18,0,18,397
09/03/2004,ADS,TX,ASW,CE,Towers with Display (VFR),0,37,129,0,166,0,1,310,0,311,0,38,439,0,477,56,0,56,533
09/04/2004,ADS,TX,ASW,CE,Towers with Display (VFR),3,27,87,0,117,0,3,159,0,162,3,30,246,0,279,78,0,78,357
09/05/2004,ADS,TX,ASW,CE,Towers with Display (VFR),0,22,40,0,62,0,3,171,0,174,0,25,211,0,236,26,0,26,262
09/06/2004,ADS,TX,ASW,CE,Towers with Display (VFR),2,30,79,0,111,0,1,179,0,180,2,31,258,0,291,26,0,26,317
09/07/2004,ADS,TX,ASW,CE,Towers with Display (VFR),1,42,118,0,161,0,2,221,0,223,1,44,339,0,384,74,0,74,458
09/08/2004,ADS,TX,ASW,CE,Towers with Display (VFR),4,56,126,0,186,0,3,268,0,271,4,59,394,0,457,46,0,46,503
09/09/2004,ADS,TX,ASW,CE,Towers with Display (VFR),2,49,138,0,189,0,1,274,0,275,2,50,412,0,464,34,0,34,498
09/10/2004,ADS,TX,ASW,CE,Towers with Display (VFR),0,41,123,0,164,0,0,363,0,363,0,41,486,0,527,100,0,100,627
09/11/2004,ADS,TX,ASW,CE,Towers with Display (VFR),2,21,86,0,109,0,0,311,0,311,2,21,397,0,420,71,0,71,491
09/12/2004,ADS,TX,ASW,CE,Towers with Display (VFR),4,37,96,0,137,0,0,282,0,282,4,37,378,0,419,38,0,38,457
09/13/2004,ADS,TX,ASW,CE,Towers with Display (VFR),0,38,89,0,127,0,0,217,0,217,0,38,306,0,344,86,0,86,430
09/14/2004,ADS,TX,ASW,CE,Towers with Display (VFR),2,33,155,0,190,0,1,104,0,105,2,34,259,0,295,39,0,39,334
09/15/2004,ADS,TX,ASW,CE,Towers with Display (VFR),0,46,143,0,189,0,1,186,0,187,0,47,329,0,376,66,0,66,442
09/16/2004,ADS,TX,ASW,CE,Towers with Display (VFR),0,35,123,0,158,0,1,238,0,239,0,36,361,0,397,38,0,38,435
09/17/2004,ADS,TX,ASW,CE,Towers with Display (VFR),0,43,119,4,166,0,0,262,0,262,0,43,381,4,428,22,0,22,450
09/18/2004,ADS,TX,ASW,CE,Towers with Display (VFR),0,31,86,0,117,0,1,295,0,296,0,32,381,0,413,60,0,60,473
09/19/2004,ADS,TX,ASW,CE,Towers with Display (VFR),0,45,102,0,147,0,0,259,0,259,0,45,361,0,406,30,0,30,436
09/20/2004,ADS,TX,ASW,CE,Towers with Display (VFR),0,36,89,0,125,0,0,186,0,186,0,36,275,0,311,50,0,50,361
09/21/2004,ADS,TX,ASW,CE,Towers with Display (VFR),2,47,119,0,168,0,0,220,0,220,2,47,339,0,388,0,0,0,388
09/22/2004,ADS,TX,ASW,CE,Towers with Display (VFR),0,47,117,0,164,0,1,244,0,245,0,48,361,0,409,38,0,38,447
09/23/2004,ADS,TX,ASW,CE,Towers with Display (VFR),1,47,157,0,205,0,0,200,0,200,1,47,357,0,405,48,0,48,453
09/24/2004,ADS,TX,ASW,CE,Towers with Display (VFR),0,36,123,0,159,0,0,188,0,188,0,36,311,0,347,6,0,6,353
09/25/2004,ADS,TX,ASW,CE,Towers with Display (VFR),3,29,79,0,111,0,1,195,0,196,3,30,274,0,307,74,0,74,381
09/26/2004,ADS,TX,ASW,CE,Towers with Display (VFR),2,26,100,0,128,0,0,227,0,227,2,26,327,0,355,18,0,18,373
09/27/2004,ADS,TX,ASW,CE,Towers with Display (VFR),1,40,94,0,135,0,0,178,0,178,1,40,272,0,313,26,0,26,339
09/28/2004,ADS,TX,ASW,CE,Towers with Display (VFR),0,40,128,0,168,0,0,218,0,218,0,40,346,0,386,33,0,33,419
09/29/2004,ADS,TX,ASW,CE,Towers with Display (VFR),3,53,115,0,171,0,1,270,0,271,3,54,385,0,442,44,0,44,486
09/30/2004,ADS,TX,ASW,CE,Towers with Display (VFR),2,37,130,0,169,0,0,234,0,234,2,37,364,0,403,36,0,36,439
10/01/2004,ADS,TX,ASW,CE,Towers with Display (VFR),0,46,120,0,166,0,1,159,0,160,0,47,279,0,326,34,0,34,360
10/02/2004,ADS,TX,ASW,CE,Towers with Display (VFR),2,25,85,0,112,0,8,254,0,262,2,33,339,0,374,80,0,80,454
10/03/2004,ADS,TX,ASW,CE,Towers with Display (VFR),0,23,109,4,136,0,0,222,1,223,0,23,331,5,359,20,0,20,379
10/04/2004,ADS,TX,ASW,CE,Towers with Display (VFR),1,32,60,0,93,0,0,7,0,7,1,32,67,0,100,10,0,10,110
10/05/2004,ADS,TX,ASW,CE,Towers with Display (VFR),0,55,125,0,180,0,0,150,0,150,0,55,275,0,330,52,0,52,382
10/06/2004,ADS,TX,ASW,CE,Towers with Display (VFR),2,37,129,0,168,0,1,156,0,157,2,38,285,0,325,54,0,54,379
10/07/2004,ADS,TX,ASW,CE,Towers with Display (VFR),4,57,127,0,188,0,0,67,0,67,4,57,194,0,255,66,0,66,321
10/08/2004,ADS,TX,ASW,CE,Towers with Display (VFR),0,48,160,0,208,0,0,139,0,139,0,48,299,0,347,76,0,76,423
10/09/2004,ADS,TX,ASW,CE,Towers with Display (VFR),0,17,113,0,130,0,0,3,0,3,0,17,116,0,133,28,0,28,161
10/10/2004,ADS,TX,ASW,CE,Towers with Display (VFR),0,52,131,0,183,0,0,0,0,0,0,52,131,0,183,0,0,0,183
10/11/2004,ADS,TX,ASW,CE,Towers with Display (VFR),0,29,124,0,153,0,0,72,0,72,0,29,196,0,225,55,0,55,280
10/12/2004,ADS,TX,ASW,CE,Towers with Display (VFR),0,49,142,0,191,0,1,278,0,279,0,50,420,0,470,30,0,30,500
10/13/2004,ADS,TX,ASW,CE,Towers with Display (VFR),0,45,137,0,182,0,3,261,0,264,0,48,398,0,446,138,0,138,584
10/14/2004,ADS,TX,ASW,CE,Towers with Display (VFR),0,34,116,0,150,0,0,159,0,159,0,34,275,0,309,40,0,40,349
10/15/2004,ADS,TX,ASW,CE,Towers with Display (VFR),0,49,105,0,154,2,2,339,0,343,2,51,444,0,497,116,0,116,613
10/16/2004,ADS,TX,ASW,CE,Towers with Display (VFR),0,12,74,0,86,0,0,311,0,311,0,12,385,0,397,104,0,104,501
10/17/2004,ADS,TX,ASW,CE,Towers with Display (VFR),2,21,126,0,149,0,1,216,0,217,2,22,342,0,366,68,0,68,434
10/18/2004,ADS,TX,ASW,CE,Towers with Display (VFR),3,27,107,0,137,0,0,116,0,116,3,27,223,0,253,58,0,58,311
10/19/2004,ADS,TX,ASW,CE,Towers with Display (VFR),2,43,148,0,193,0,0,242,0,242,2,43,390,0,435,58,0,58,493
10/20/2004,ADS,TX,ASW,CE,Towers with Display (VFR),0,45,151,0,196,0,4,237,0,241,0,49,388,0,437,98,0,98,535
10/21/2004,ADS,TX,ASW,CE,Towers with Display (VFR),1,35,154,0,190,0,0,93,0,93,1,35,247,0,283,38,0,38,321
10/22/2004,ADS,TX,ASW,CE,Towers with Display (VFR),3,32,113,0,148,0,0,35,0,35,3,32,148,0,183,110,0,110,293
10/23/2004,ADS,TX,ASW,CE,Towers with Display (VFR),2,27,78,0,107,0,0,242,0,242,2,27,320,0,349,60,0,60,409
10/24/2004,ADS,TX,ASW,CE,Towers with Display (VFR),0,32,105,1,138,0,0,189,0,189,0,32,294,1,327,101,0,101,428
10/25/2004,ADS,TX,ASW,CE,Towers with Display (VFR),0,26,109,2,137,0,1,28,1,30,0,27,137,3,167,10,0,10,177
10/26/2004,ADS,TX,ASW,CE,Towers with Display (VFR),3,42,152,0,197,0,0,91,0,91,3,42,243,0,288,66,0,66,354
10/27/2004,ADS,TX,ASW,CE,Towers with Display (VFR),0,40,128,0,168,0,3,71,0,74,0,43,199,0,242,34,0,34,276
10/28/2004,ADS,TX,ASW,CE,Towers with Display (VFR),0,40,136,1,177,0,0,115,0,115,0,40,251,1,292,80,0,80,372
10/29/2004,ADS,TX,ASW,CE,Towers with Display (VFR),0,39,126,0,165,0,0,127,0,127,0,39,253,0,292,48,0,48,340
10/30/2004,ADS,TX,ASW,CE,Towers with Display (VFR),1,14,78,0,93,0,1,346,0,347,1,15,424,0,440,140,0,140,580
10/31/2004,ADS,TX,ASW,CE,Towers with Display (VFR),0,20,79,1,100,0,0,45,0,45,0,20,124,1,145,96,0,96,241
11/01/2004,ADS,TX,ASW,CE,Towers with Display (VFR),0,36,121,0,157,0,0,28,0,28,0,36,149,0,185,75,0,75,260
11/02/2004,ADS,TX,ASW,CE,Towers with Display (VFR),0,33,116,0,149,0,0,8,0,8,0,33,124,0,157,26,0,26,183
11/03/2004,ADS,TX,ASW,CE,Towers with Display (VFR),1,36,139,0,176,0,0,53,1,54,1,36,192,1,230,80,0,80,310
11/04/2004,ADS,TX,ASW,CE,Towers with Display (VFR),2,44,125,1,172,0,0,308,0,308,2,44,433,1,480,132,0,132,612
11/05/2004,ADS,TX,ASW,CE,Towers with Display (VFR),0,31,132,0,163,0,1,354,0,355,0,32,486,0,518,82,0,82,600
11/06/2004,ADS,TX,ASW,CE,Towers with Display (VFR),0,24,94,0,118,0,0,417,0,417,0,24,511,0,535,96,0,96,631
11/07/2004,ADS,TX,ASW,CE,Towers with Display (VFR),0,27,80,0,107,0,0,375,0,375,0,27,455,0,482,91,0,91,573
11/08/2004,ADS,TX,ASW,CE,Towers with Display (VFR),2,21,91,0,114,0,0,193,0,193,2,21,284,0,307,48,0,48,355
11/09/2004,ADS,TX,ASW,CE,Towers with Display (VFR),1,46,95,0,142,0,1,263,0,264,1,47,358,0,406,77,0,77,483
11/10/2004,ADS,TX,ASW,CE,Towers with Display (VFR),0,37,156,0,193,0,2,100,0,102,0,39,256,0,295,28,0,28,323
11/11/2004,ADS,TX,ASW,CE,Towers with Display (VFR),0,38,128,0,166,0,0,100,0,100,0,38,228,0,266,72,0,72,338
11/12/2004,ADS,TX,ASW,CE,Towers with Display (VFR),0,28,145,0,173,0,0,152,0,152,0,28,297,0,325,62,0,62,387
11/13/2004,ADS,TX,ASW,CE,Towers with Display (VFR),0,18,85,0,103,0,1,74,0,75,0,19,159,0,178,40,0,40,218
11/14/2004,ADS,TX,ASW,CE,Towers with Display (VFR),3,25,101,0,129,0,0,3,0,3,3,25,104,0,132,8,0,8,140
11/15/2004,ADS,TX,ASW,CE,Towers with Display (VFR),0,53,101,0,154,0,0,0,0,0,0,53,101,0,154,0,0,0,154
11/16/2004,ADS,TX,ASW,CE,Towers with Display (VFR),1,34,131,0,166,0,0,13,0,13,1,34,144,0,179,40,0,40,219
11/17/2004,ADS,TX,ASW,CE,Towers with Display (VFR),0,53,116,0,169,0,0,7,0,7,0,53,123,0,176,0,0,0,176
11/18/2004,ADS,TX,ASW,CE,Towers with Display (VFR),0,29,168,0,197,0,0,25,0,25,0,29,193,0,222,76,0,76,298
11/19/2004,ADS,TX,ASW,CE,Towers with Display (VFR),1,37,182,0,220,0,1,196,0,197,1,38,378,0,417,66,0,66,483
11/20/2004,ADS,TX,ASW,CE,Towers with Display (VFR),0,14,96,0,110,0,22,50,0,72,0,36,146,0,182,62,0,62,244
11/21/2004,ADS,TX,ASW,CE,Towers with Display (VFR),0,16,80,0,96,1,0,0,0,1,1,16,80,0,97,0,0,0,97
11/22/2004,ADS,TX,ASW,CE,Towers with Display (VFR),0,27,69,0,96,0,0,0,0,0,0,27,69,0,96,2,0,2,98
11/23/2004,ADS,TX,ASW,CE,Towers with Display (VFR),0,36,97,0,133,0,0,49,0,49,0,36,146,0,182,18,0,18,200
11/24/2004,ADS,TX,ASW,CE,Towers with Display (VFR),0,36,118,0,154,0,5,107,0,112,0,41,225,0,266,76,0,76,342
11/25/2004,ADS,TX,ASW,CE,Towers with Display (VFR),1,10,45,0,56,0,0,111,0,111,1,10,156,0,167,32,0,32,199
11/26/2004,ADS,TX,ASW,CE,Towers with Display (VFR),0,24,70,0,94,0,0,110,0,110,0,24,180,0,204,56,0,56,260
11/27/2004,ADS,TX,ASW,CE,Towers with Display (VFR),1,24,86,0,111,0,2,213,0,215,1,26,299,0,326,62,0,62,388
11/28/2004,ADS,TX,ASW,CE,Towers with Display (VFR),0,34,122,0,156,0,0,206,0,206,0,34,328,0,362,4,0,4,366
11/29/2004,ADS,TX,ASW,CE,Towers with Display (VFR),0,41,94,0,135,0,0,0,0,0,0,41,94,0,135,0,0,0,135
11/30/2004,ADS,TX,ASW,CE,Towers with Display (VFR),0,50,112,0,162,0,1,122,0,123,0,51,234,0,285,38,0,38,323
12/01/2004,ADS,TX,ASW,CE,Towers with Display (VFR),0,41,128,0,169,0,1,296,0,297,0,42,424,0,466,74,0,74,540
12/02/2004,ADS,TX,ASW,CE,Towers with Display (VFR),1,49,130,0,180,0,0,263,0,263,1,49,393,0,443,36,0,36,479
12/03/2004,ADS,TX,ASW,CE,Towers with Display (VFR),1,37,115,0,153,0,4,270,0,274,1,41,385,0,427,86,0,86,513
12/04/2004,ADS,TX,ASW,CE,Towers with Display (VFR),0,10,65,0,75,0,0,271,0,271,0,10,336,0,346,180,0,180,526
12/05/2004,ADS,TX,ASW,CE,Towers with Display (VFR),0,27,67,0,94,0,0,17,0,17,0,27,84,0,111,20,0,20,131
12/06/2004,ADS,TX,ASW,CE,Towers with Display (VFR),0,51,92,0,143,0,4,63,0,67,0,55,155,0,210,39,0,39,249
12/07/2004,ADS,TX,ASW,CE,Towers with Display (VFR),2,44,128,0,174,0,2,269,0,271,2,46,397,0,445,36,0,36,481
12/08/2004,ADS,TX,ASW,CE,Towers with Display (VFR),0,56,124,0,180,0,4,192,0,196,0,60,316,0,376,40,0,40,416
12/09/2004,ADS,TX,ASW,CE,Towers with Display (VFR),0,45,127,0,172,0,2,265,0,267,0,47,392,0,439,30,0,30,469
12/10/2004,ADS,TX,ASW,CE,Towers with Display (VFR),2,50,113,0,165,0,0,245,0,245,2,50,358,0,410,22,0,22,432
12/11/2004,ADS,TX,ASW,CE,Towers with Display (VFR),0,17,81,0,98,0,0,380,0,380,0,17,461,0,478,124,0,124,602
12/12/2004,ADS,TX,ASW,CE,Towers with Display (VFR),0,23,89,0,112,0,0,344,0,344,0,23,433,0,456,14,0,14,470
12/13/2004,ADS,TX,ASW,CE,Towers with Display (VFR),1,47,123,0,171,0,0,187,0,187,1,47,310,0,358,158,0,158,516
12/14/2004,ADS,TX,ASW,CE,Towers with Display (VFR),2,54,105,0,161,0,6,237,0,243,2,60,342,0,404,12,0,12,416
12/15/2004,ADS,TX,ASW,CE,Towers with Display (VFR),0,46,110,0,156,0,3,241,0,244,0,49,351,0,400,67,0,67,467
12/16/2004,ADS,TX,ASW,CE,Towers with Display (VFR),1,47,138,0,186,0,7,231,0,238,1,54,369,0,424,78,0,78,502
12/17/2004,ADS,TX,ASW,CE,Towers with Display (VFR),0,39,95,0,134,0,3,286,0,289,0,42,381,0,423,22,0,22,445
12/18/2004,ADS,TX,ASW,CE,Towers with Display (VFR),0,22,68,0,90,0,4,320,0,324,0,26,388,0,414,92,0,92,506
12/19/2004,ADS,TX,ASW,CE,Towers with Display (VFR),0,21,78,0,99,0,0,212,0,212,0,21,290,0,311,14,0,14,325
12/20/2004,ADS,TX,ASW,CE,Towers with Display (VFR),0,26,83,0,109,0,3,116,0,119,0,29,199,0,228,16,0,16,244
12/21/2004,ADS,TX,ASW,CE,Towers with Display (VFR),0,45,133,0,178,0,9,274,0,283,0,54,407,0,461,54,0,54,515
12/22/2004,ADS,TX,ASW,CE,Towers with Display (VFR),0,41,58,0,99,0,0,7,0,7,0,41,65,0,106,0,0,0,106
12/23/2004,ADS,TX,ASW,CE,Towers with Display (VFR),0,42,91,0,133,0,5,157,0,162,0,47,248,0,295,86,0,86,381
12/24/2004,ADS,TX,ASW,CE,Towers with Display (VFR),1,39,52,0,92,0,1,113,0,114,1,40,165,0,206,8,0,8,214
12/25/2004,ADS,TX,ASW,CE,Towers with Display (VFR),0,9,19,0,28,0,0,36,0,36,0,9,55,0,64,22,0,22,86
12/26/2004,ADS,TX,ASW,CE,Towers with Display (VFR),0,31,53,0,84,0,0,163,0,163,0,31,216,0,247,22,0,22,269
12/27/2004,ADS,TX,ASW,CE,Towers with Display (VFR),0,47,76,0,123,0,3,279,0,282,0,50,355,0,405,28,0,28,433
12/28/2004,ADS,TX,ASW,CE,Towers with Display (VFR),0,39,79,0,118,0,0,192,0,192,0,39,271,0,310,128,0,128,438
12/29/2004,ADS,TX,ASW,CE,Towers with Display (VFR),0,34,102,0,136,0,1,93,0,94,0,35,195,0,230,86,0,86,316
12/30/2004,ADS,TX,ASW,CE,Towers with Display (VFR),0,34,91,0,125,0,0,73,0,73,0,34,164,0,198,6,0,6,204
12/31/2004,ADS,TX,ASW,CE,Towers with Display (VFR),2,28,73,0,103,0,3,116,0,119,2,31,189,0,222,78,0,78,300
01/01/2005,ADS,TX,ASW,CE,Towers with Display (VFR),0,21,43,0,64,0,2,41,0,43,0,23,84,0,107,20,0,20,127
01/02/2005,ADS,TX,ASW,CE,Towers with Display (VFR),0,32,80,0,112,0,1,1,0,2,0,33,81,0,114,0,0,0,114
01/03/2005,ADS,TX,ASW,CE,Towers with Display (VFR),0,41,81,0,122,0,0,16,0,16,0,41,97,0,138,16,0,16,154
01/04/2005,ADS,TX,ASW,CE,Towers with Display (VFR),2,60,92,0,154,0,0,10,0,10,2,60,102,0,164,16,0,16,180
01/05/2005,ADS,TX,ASW,CE,Towers with Display (VFR),0,46,104,0,150,0,0,6,0,6,0,46,110,0,156,0,0,0,156
01/06/2005,ADS,TX,ASW,CE,Towers with Display (VFR),0,35,89,0,124,0,4,177,0,181,0,39,266,0,305,74,0,74,379
01/07/2005,ADS,TX,ASW,CE,Towers with Display (VFR),1,40,118,0,159,0,0,62,0,62,1,40,180,0,221,40,0,40,261
01/08/2005,ADS,TX,ASW,CE,Towers with Display (VFR),0,12,88,0,100,0,0,219,0,219,0,12,307,0,319,110,0,110,429
01/09/2005,ADS,TX,ASW,CE,Towers with Display (VFR),0,19,74,0,93,0,2,293,1,296,0,21,367,1,389,10,0,10,399
01/10/2005,ADS,TX,ASW,CE,Towers with Display (VFR),0,37,108,0,145,0,3,81,0,84,0,40,189,0,229,18,0,18,247
01/11/2005,ADS,TX,ASW,CE,Towers with Display (VFR),0,57,137,0,194,0,3,109,0,112,0,60,246,0,306,50,0,50,356
01/12/2005,ADS,TX,ASW,CE,Towers with Display (VFR),0,41,109,0,150,0,2,29,0,31,0,43,138,0,181,0,0,0,181
01/13/2005,ADS,TX,ASW,CE,Towers with Display (VFR),0,44,101,0,145,0,0,180,0,180,0,44,281,0,325,44,0,44,369
01/14/2005,ADS,TX,ASW,CE,Towers with Display (VFR),0,32,114,0,146,0,0,302,0,302,0,32,416,0,448,54,0,54,502
01/15/2005,ADS,TX,ASW,CE,Towers with Display (VFR),0,27,65,0,92,0,2,287,0,289,0,29,352,0,381,53,0,53,434
01/16/2005,ADS,TX,ASW,CE,Towers with Display (VFR),0,14,63,0,77,0,0,212,0,212,0,14,275,0,289,32,0,32,321
01/17/2005,ADS,TX,ASW,CE,Towers with Display (VFR),0,34,97,0,131,0,0,168,0,168,0,34,265,0,299,36,0,36,335
01/18/2005,ADS,TX,ASW,CE,Towers with Display (VFR),0,47,126,0,173,0,1,190,0,191,0,48,316,0,364,12,0,12,376
01/19/2005,ADS,TX,ASW,CE,Towers with Display (VFR),0,43,111,0,154,0,3,261,0,264,0,46,372,0,418,4,0,4,422
01/20/2005,ADS,TX,ASW,CE,Towers with Display (VFR),0,46,126,0,172,0,9,247,0,256,0,55,373,0,428,24,0,24,452
01/21/2005,ADS,TX,ASW,CE,Towers with Display (VFR),0,55,135,0,190,0,7,255,0,262,0,62,390,0,452,6,0,6,458
01/22/2005,ADS,TX,ASW,CE,Towers with Display (VFR),0,11,56,0,67,0,0,140,0,140,0,11,196,0,207,0,0,0,207
01/23/2005,ADS,TX,ASW,CE,Towers with Display (VFR),0,22,74,0,96,0,0,255,0,255,0,22,329,0,351,71,0,71,422
01/24/2005,ADS,TX,ASW,CE,Towers with Display (VFR),0,47,89,0,136,0,5,203,0,208,0,52,292,0,344,76,0,76,420
01/25/2005,ADS,TX,ASW,CE,Towers with Display (VFR),0,39,114,0,153,0,4,227,0,231,0,43,341,0,384,40,0,40,424
01/26/2005,ADS,TX,ASW,CE,Towers with Display (VFR),2,52,121,0,175,0,4,251,0,255,2,56,372,0,430,78,0,78,508
01/27/2005,ADS,TX,ASW,CE,Towers with Display (VFR),0,35,157,0,192,0,0,37,0,37,0,35,194,0,229,0,0,0,229
01/28/2005,ADS,TX,ASW,CE,Towers with Display (VFR),0,35,108,0,143,0,2,18,0,20,0,37,126,0,163,0,0,0,163
01/29/2005,ADS,TX,ASW,CE,Towers with Display (VFR),0,11,69,0,80,0,6,25,0,31,0,17,94,0,111,80,0,80,191
01/30/2005,ADS,TX,ASW,CE,Towers with Display (VFR),2,25,86,0,113,0,0,3,0,3,2,25,89,0,116,6,0,6,122
01/31/2005,ADS,TX,ASW,CE,Towers with Display (VFR),0,28,94,0,122,0,0,11,0,11,0,28,105,0,133,6,0,6,139
02/01/2005,ADS,TX,ASW,CE,Towers with Display (VFR),0,39,111,0,150,0,0,4,0,4,0,39,115,0,154,10,0,10,164
02/02/2005,ADS,TX,ASW,CE,Towers with Display (VFR),0,49,141,0,190,0,0,19,0,19,0,49,160,0,209,34,0,34,243
02/03/2005,ADS,TX,ASW,CE,Towers with Display (VFR),0,48,160,0,208,0,0,300,0,300,0,48,460,0,508,28,0,28,536
02/04/2005,ADS,TX,ASW,CE,Towers with Display (VFR),0,33,147,0,180,0,2,286,0,288,0,35,433,0,468,50,0,50,518
02/05/2005,ADS,TX,ASW,CE,Towers with Display (VFR),1,24,55,0,80,0,0,269,0,269,1,24,324,0,349,80,0,80,429
02/06/2005,ADS,TX,ASW,CE,Towers with Display (VFR),0,25,47,0,72,0,0,10,0,10,0,25,57,0,82,0,0,0,82
02/07/2005,ADS,TX,ASW,CE,Towers with Display (VFR),0,57,127,0,184,0,1,62,0,63,0,58,189,0,247,52,0,52,299
02/08/2005,ADS,TX,ASW,CE,Towers with Display (VFR),0,52,128,0,180,0,1,32,0,33,0,53,160,0,213,50,0,50,263
02/09/2005,ADS,TX,ASW,CE,Towers with Display (VFR),0,51,118,0,169,0,4,137,0,141,0,55,255,0,310,26,0,26,336
02/10/2005,ADS,TX,ASW,CE,Towers with Display (VFR),0,51,125,0,176,0,4,294,0,298,0,55,419,0,474,38,0,38,512
02/11/2005,ADS,TX,ASW,CE,Towers with Display (VFR),1,28,120,0,149,0,0,214,0,214,1,28,334,0,363,38,0,38,401
02/12/2005,ADS,TX,ASW,CE,Towers with Display (VFR),0,12,87,0,99,0,0,102,0,102,0,12,189,0,201,46,0,46,247
02/13/2005,ADS,TX,ASW,CE,Towers with Display (VFR),0,12,62,0,74,0,0,260,0,260,0,12,322,0,334,18,0,18,352
02/14/2005,ADS,TX,ASW,CE,Towers with Display (VFR),0,36,64,0,100,0,8,309,0,317,0,44,373,0,417,32,0,32,449
02/15/2005,ADS,TX,ASW,CE,Towers with Display (VFR),0,35,114,0,149,0,5,258,0,263,0,40,372,0,412,82,0,82,494
02/16/2005,ADS,TX,ASW,CE,Towers with Display (VFR),0,32,133,0,165,0,4,190,0,194,0,36,323,0,359,26,0,26,385
02/17/2005,ADS,TX,ASW,CE,Towers with Display (VFR),0,42,122,0,164,0,1,197,0,198,0,43,319,0,362,70,0,70,432
02/18/2005,ADS,TX,ASW,CE,Towers with Display (VFR),2,48,118,0,168,0,0,174,0,174,2,48,292,0,342,24,0,24,366
02/19/2005,ADS,TX,ASW,CE,Towers with Display (VFR),0,28,95,0,123,0,0,52,0,52,0,28,147,0,175,56,0,56,231
02/20/2005,ADS,TX,ASW,CE,Towers with Display (VFR),1,26,80,0,107,0,0,166,0,166,1,26,246,0,273,10,0,10,283
02/21/2005,ADS,TX,ASW,CE,Towers with Display (VFR),0,48,103,0,151,0,7,307,0,314,0,55,410,0,465,58,0,58,523
02/22/2005,ADS,TX,ASW,CE,Towers with Display (VFR),0,51,155,0,206,0,8,158,0,166,0,59,313,0,372,106,0,106,478
02/23/2005,ADS,TX,ASW,CE,Towers with Display (VFR),2,55,111,0,168,0,7,122,0,129,2,62,233,0,297,50,0,50,347
02/24/2005,ADS,TX,ASW,CE,Towers with Display (VFR),0,41,134,0,175,0,1,73,0,74,0,42,207,0,249,4,0,4,253
02/25/2005,ADS,TX,ASW,CE,Towers with Display (VFR),0,40,110,0,150,0,6,354,0,360,0,46,464,0,510,68,0,68,578
02/26/2005,ADS,TX,ASW,CE,Towers with Display (VFR),0,20,84,0,104,0,1,170,0,171,0,21,254,0,275,34,0,34,309
02/27/2005,ADS,TX,ASW,CE,Towers with Display (VFR),0,29,109,0,138,0,0,75,0,75,0,29,184,0,213,32,0,32,245
02/28/2005,ADS,TX,ASW,CE,Towers with Display (VFR),0,42,90,0,132,0,7,301,0,308,0,49,391,0,440,56,0,56,496
03/01/2005,ADS,TX,ASW,CE,Towers with Display (VFR),0,44,126,0,170,0,3,213,0,216,0,47,339,0,386,52,0,52,438
03/02/2005,ADS,TX,ASW,CE,Towers with Display (VFR),0,44,123,0,167,0,0,3,0,3,0,44,126,0,170,18,0,18,188
03/03/2005,ADS,TX,ASW,CE,Towers with Display (VFR),1,45,126,0,172,0,0,94,19,113,1,45,220,19,285,52,0,52,337
03/04/2005,ADS,TX,ASW,CE,Towers with Display (VFR),0,47,112,0,159,0,0,116,0,116,0,47,228,0,275,22,0,22,297
03/05/2005,ADS,TX,ASW,CE,Towers with Display (VFR),0,23,79,0,102,0,0,185,0,185,0,23,264,0,287,58,0,58,345
03/06/2005,ADS,TX,ASW,CE,Towers with Display (VFR),0,22,111,0,133,0,0,121,0,121,0,22,232,0,254,26,0,26,280
03/07/2005,ADS,TX,ASW,CE,Towers with Display (VFR),0,34,82,0,116,0,2,144,0,146,0,36,226,0,262,0,0,0,262
03/08/2005,ADS,TX,ASW,CE,Towers with Display (VFR),0,47,103,0,150,0,3,276,0,279,0,50,379,0,429,36,0,36,465
03/09/2005,ADS,TX,ASW,CE,Towers with Display (VFR),1,47,119,0,167,0,5,219,0,224,1,52,338,0,391,4,0,4,395
03/10/2005,ADS,TX,ASW,CE,Towers with Display (VFR),0,38,124,0,162,0,4,263,0,267,0,42,387,0,429,32,0,32,461
03/11/2005,ADS,TX,ASW,CE,Towers with Display (VFR),0,51,98,0,149,0,0,344,0,344,0,51,442,0,493,20,0,20,513
03/12/2005,ADS,TX,ASW,CE,Towers with Display (VFR),0,32,58,0,90,0,0,190,0,190,0,32,248,0,280,36,0,36,316
03/13/2005,ADS,TX,ASW,CE,Towers with Display (VFR),1,28,85,0,114,0,0,176,0,176,1,28,261,0,290,22,0,22,312
03/14/2005,ADS,TX,ASW,CE,Towers with Display (VFR),0,33,92,0,125,0,5,238,0,243,0,38,330,0,368,46,0,46,414
03/15/2005,ADS,TX,ASW,CE,Towers with Display (VFR),0,56,84,0,140,0,3,61,0,64,0,59,145,0,204,2,0,2,206
03/16/2005,ADS,TX,ASW,CE,Towers with Display (VFR),0,39,99,0,138,0,2,107,0,109,0,41,206,0,247,16,0,16,263
03/17/2005,ADS,TX,ASW,CE,Towers with Display (VFR),3,48,116,0,167,0,2,285,0,287,3,50,401,0,454,24,0,24,478
03/18/2005,ADS,TX,ASW,CE,Towers with Display (VFR),1,33,124,0,158,0,2,202,0,204,1,35,326,0,362,42,0,42,404
03/19/2005,ADS,TX,ASW,CE,Towers with Display (VFR),0,19,73,0,92,0,0,233,0,233,0,19,306,0,325,56,0,56,381
03/20/2005,ADS,TX,ASW,CE,Towers with Display (VFR),0,30,85,0,115,0,0,265,0,265,0,30,350,0,380,4,0,4,384
03/21/2005,ADS,TX,ASW,CE,Towers with Display (VFR),1,50,96,0,147,0,10,87,0,97,1,60,183,0,244,44,0,44,288
03/22/2005,ADS,TX,ASW,CE,Towers with Display (VFR),1,41,98,0,140,0,8,143,0,151,1,49,241,0,291,12,0,12,303
03/23/2005,ADS,TX,ASW,CE,Towers with Display (VFR),1,43,120,0,164,0,10,291,0,301,1,53,411,0,465,64,0,64,529
03/24/2005,ADS,TX,ASW,CE,Towers with Display (VFR),3,58,120,0,181,0,4,183,0,187,3,62,303,0,368,30,0,30,398
03/25/2005,ADS,TX,ASW,CE,Towers with Display (VFR),0,40,109,0,149,0,9,313,0,322,0,49,422,0,471,46,0,46,517
03/26/2005,ADS,TX,ASW,CE,Towers with Display (VFR),0,12,41,0,53,0,0,0,0,0,0,12,41,0,53,0,0,0,53
03/27/2005,ADS,TX,ASW,CE,Towers with Display (VFR),1,25,67,0,93,0,0,74,0,74,1,25,141,0,167,26,0,26,193
03/28/2005,ADS,TX,ASW,CE,Towers with Display (VFR),1,42,98,0,141,0,10,258,0,268,1,52,356,0,409,14,0,14,423
03/29/2005,ADS,TX,ASW,CE,Towers with Display (VFR),1,46,126,0,173,0,2,79,0,81,1,48,205,0,254,6,0,6,260
03/30/2005,ADS,TX,ASW,CE,Towers with Display (VFR),0,39,85,0,124,0,7,314,0,321,0,46,399,0,445,40,0,40,485
03/31/2005,ADS,TX,ASW,CE,Towers with Display (VFR),0,45,124,0,169,0,2,189,0,191,0,47,313,0,360,18,0,18,378
04/01/2005,ADS,TX,ASW,CE,Towers with Display (VFR),1,49,107,0,157,0,0,139,0,139,1,49,246,0,296,0,0,0,296
04/02/2005,ADS,TX,ASW,CE,Towers with Display (VFR),1,29,50,0,80,0,0,460,0,460,1,29,510,0,540,30,0,30,570
04/03/2005,ADS,TX,ASW,CE,Towers with Display (VFR),0,22,57,0,79,0,0,270,0,270,0,22,327,0,349,22,0,22,371
04/04/2005,ADS,TX,ASW,CE,Towers with Display (VFR),0,40,96,0,136,0,13,101,0,114,0,53,197,0,250,0,0,0,250
04/05/2005,ADS,TX,ASW,CE,Towers with Display (VFR),2,40,103,0,145,0,10,78,0,88,2,50,181,0,233,8,0,8,241
04/06/2005,ADS,TX,ASW,CE,Towers with Display (VFR),0,55,116,0,171,0,6,95,0,101,0,61,211,0,272,2,0,2,274
04/07/2005,ADS,TX,ASW,CE,Towers with Display (VFR),1,28,95,0,124,0,0,206,54,260,1,28,301,54,384,20,0,20,404
04/08/2005,ADS,TX,ASW,CE,Towers with Display (VFR),0,47,111,0,158,0,0,342,0,342,0,47,453,0,500,58,0,58,558
04/09/2005,ADS,TX,ASW,CE,Towers with Display (VFR),0,17,79,0,96,0,0,188,0,188,0,17,267,0,284,14,0,14,298
04/10/2005,ADS,TX,ASW,CE,Towers with Display (VFR),0,16,65,0,81,0,0,30,0,30,0,16,95,0,111,0,0,0,111
04/11/2005,ADS,TX,ASW,CE,Towers with Display (VFR),0,33,70,0,103,0,8,145,0,153,0,41,215,0,256,16,0,16,272
04/12/2005,ADS,TX,ASW,CE,Towers with Display (VFR),0,44,97,0,141,0,3,281,0,284,0,47,378,0,425,38,0,38,463
04/13/2005,ADS,TX,ASW,CE,Towers with Display (VFR),1,51,103,0,155,0,4,248,0,252,1,55,351,0,407,36,0,36,443
04/14/2005,ADS,TX,ASW,CE,Towers with Display (VFR),4,50,108,0,162,0,1,245,0,246,4,51,353,0,408,30,0,30,438
04/15/2005,ADS,TX,ASW,CE,Towers with Display (VFR),3,43,89,0,135,0,2,247,0,249,3,45,336,0,384,26,0,26,410
04/16/2005,ADS,TX,ASW,CE,Towers with Display (VFR),0,13,68,0,81,0,2,344,0,346,0,15,412,0,427,38,0,38,465
04/17/2005,ADS,TX,ASW,CE,Towers with Display (VFR),0,34,93,0,127,0,0,228,0,228,0,34,321,0,355,4,0,4,359
04/18/2005,ADS,TX,ASW,CE,Towers with Display (VFR),1,38,120,0,159,0,2,93,0,95,1,40,213,0,254,46,0,46,300
04/19/2005,ADS,TX,ASW,CE,Towers with Display (VFR),0,44,122,0,166,0,3,69,0,72,0,47,191,0,238,44,0,44,282
04/20/2005,ADS,TX,ASW,CE,Towers with Display (VFR),0,55,165,0,220,0,4,68,0,72,0,59,233,0,292,50,0,50,342
04/21/2005,ADS,TX,ASW,CE,Towers with Display (VFR),0,47,157,0,204,0,2,140,0,142,0,49,297,0,346,10,0,10,356
04/22/2005,ADS,TX,ASW,CE,Towers with Display (VFR),0,60,117,0,177,0,5,231,0,236,0,65,348,0,413,6,0,6,419
04/23/2005,ADS,TX,ASW,CE,Towers with Display (VFR),0,17,59,1,77,0,0,241,0,241,0,17,300,1,318,64,6,70,388
04/24/2005,ADS,TX,ASW,CE,Towers with Display (VFR),0,30,82,0,112,0,0,239,0,239,0,30,321,0,351,26,0,26,377
04/25/2005,ADS,TX,ASW,CE,Towers with Display (VFR),0,61,83,1,145,0,2,50,0,52,0,63,133,1,197,8,0,8,205
04/26/2005,ADS,TX,ASW,CE,Towers with Display (VFR),2,38,109,0,149,2,11,230,0,243,4,49,339,0,392,6,0,6,398
04/27/2005,ADS,TX,ASW,CE,Towers with Display (VFR),1,30,109,0,140,0,7,289,0,296,1,37,398,0,436,40,0,40,476
04/28/2005,ADS,TX,ASW,CE,Towers with Display (VFR),1,50,95,1,147,0,8,123,0,131,1,58,218,1,278,24,0,24,302
04/29/2005,ADS,TX,ASW,CE,Towers with Display (VFR),0,54,148,0,202,0,1,107,0,108,0,55,255,0,310,16,0,16,326
04/30/2005,ADS,TX,ASW,CE,Towers with Display (VFR),0,14,67,0,81,0,2,199,0,201,0,16,266,0,282,42,0,42,324
05/01/2005,ADS,TX,ASW,CE,Towers with Display (VFR),0,28,91,0,119,0,2,305,0,307,0,30,396,0,426,0,0,0,426
05/02/2005,ADS,TX,ASW,CE,Towers with Display (VFR),0,43,91,0,134,0,7,133,0,140,0,50,224,0,274,10,0,10,284
05/03/2005,ADS,TX,ASW,CE,Towers with Display (VFR),0,42,100,1,143,0,6,141,0,147,0,48,241,1,290,12,0,12,302
05/04/2005,ADS,TX,ASW,CE,Towers with Display (VFR),0,50,119,0,169,0,3,21,0,24,0,53,140,0,193,0,0,0,193
05/05/2005,ADS,TX,ASW,CE,Towers with Display (VFR),0,50,126,0,176,0,3,154,0,157,0,53,280,0,333,28,0,28,361
05/06/2005,ADS,TX,ASW,CE,Towers with Display (VFR),3,47,101,0,151,0,2,316,0,318,3,49,417,0,469,38,0,38,507
05/07/2005,ADS,TX,ASW,CE,Towers with Display (VFR),0,23,73,0,96,0,1,157,0,158,0,24,230,0,254,34,0,34,288
05/08/2005,ADS,TX,ASW,CE,Towers with Display (VFR),1,18,51,0,70,0,1,72,0,73,1,19,123,0,143,2,0,2,145
05/09/2005,ADS,TX,ASW,CE,Towers with Display (VFR),0,40,145,0,185,0,10,81,0,91,0,50,226,0,276,28,0,28,304
05/10/2005,ADS,TX,ASW,CE,Towers with Display (VFR),0,62,164,0,226,0,5,162,0,167,0,67,326,0,393,2,0,2,395
05/11/2005,ADS,TX,ASW,CE,Towers with Display (VFR),1,46,135,0,182,0,11,219,0,230,1,57,354,0,412,37,0,37,449
05/12/2005,ADS,TX,ASW,CE,Towers with Display (VFR),0,43,178,0,221,0,4,122,0,126,0,47,300,0,347,24,0,24,371
05/13/2005,ADS,TX,ASW,CE,Towers with Display (VFR),0,49,101,0,150,0,8,109,0,117,0,57,210,0,267,8,0,8,275
05/14/2005,ADS,TX,ASW,CE,Towers with Display (VFR),0,22,65,0,87,0,1,301,0,302,0,23,366,0,389,66,0,66,455
05/15/2005,ADS,TX,ASW,CE,Towers with Display (VFR),0,26,65,0,91,0,0,243,0,243,0,26,308,0,334,32,4,36,370
05/16/2005,ADS,TX,ASW,CE,Towers with Display (VFR),0,46,84,0,130,0,9,247,0,256,0,55,331,0,386,20,0,20,406
05/17/2005,ADS,TX,ASW,CE,Towers with Display (VFR),0,40,137,2,179,0,9,271,0,280,0,49,408,2,459,10,0,10,469
05/18/2005,ADS,TX,ASW,CE,Towers with Display (VFR),0,46,153,0,199,0,3,160,0,163,0,49,313,0,362,4,0,4,366
05/19/2005,ADS,TX,ASW,CE,Towers with Display (VFR),0,38,115,2,155,0,5,200,0,205,0,43,315,2,360,2,0,2,362
05/20/2005,ADS,TX,ASW,CE,Towers with Display (VFR),0,43,138,0,181,0,6,334,0,340,0,49,472,0,521,28,0,28,549
05/21/2005,ADS,TX,ASW,CE,Towers with Display (VFR),0,15,53,0,68,0,2,329,0,331,0,17,382,0,399,53,0,53,452
05/22/2005,ADS,TX,ASW,CE,Towers with Display (VFR),0,23,79,0,102,0,0,285,0,285,0,23,364,0,387,18,0,18,405
05/23/2005,ADS,TX,ASW,CE,Towers with Display (VFR),1,43,92,0,136,0,10,180,0,190,1,53,272,0,326,12,0,12,338
05/24/2005,ADS,TX,ASW,CE,Towers with Display (VFR),0,43,138,0,181,0,5,229,0,234,0,48,367,0,415,18,0,18,433
05/25/2005,ADS,TX,ASW,CE,Towers with Display (VFR),0,41,143,0,184,0,10,148,0,158,0,51,291,0,342,8,0,8,350
05/26/2005,ADS,TX,ASW,CE,Towers with Display (VFR),0,51,150,0,201,0,2,214,0,216,0,53,364,0,417,54,0,54,471
05/27/2005,ADS,TX,ASW,CE,Towers with Display (VFR),0,47,117,0,164,0,6,234,0,240,0,53,351,0,404,22,0,22,426
05/28/2005,ADS,TX,ASW,CE,Towers with Display (VFR),0,17,37,0,54,0,1,39,0,40,0,18,76,0,94,0,0,0,94
05/29/2005,ADS,TX,ASW,CE,Towers with Display (VFR),0,14,48,0,62,0,0,114,0,114,0,14,162,0,176,44,0,44,220
05/30/2005,ADS,TX,ASW,CE,Towers with Display (VFR),0,36,103,0,139,0,8,104,0,112,0,44,207,0,251,62,0,62,313
05/31/2005,ADS,TX,ASW,CE,Towers with Display (VFR),0,48,94,0,142,0,32,158,0,190,0,80,252,0,332,18,0,18,350
06/01/2005,ADS,TX,ASW,CE,Towers with Display (VFR),0,45,146,0,191,0,4,224,0,228,0,49,370,0,419,56,0,56,475
06/02/2005,ADS,TX,ASW,CE,Towers with Display (VFR),0,57,126,0,183,0,6,275,0,281,0,63,401,0,464,36,0,36,500
06/03/2005,ADS,TX,ASW,CE,Towers with Display (VFR),0,55,76,0,131,0,0,132,0,132,0,55,208,0,263,40,0,40,303
06/04/2005,ADS,TX,ASW,CE,Towers with Display (VFR),0,26,101,0,127,0,0,163,0,163,0,26,264,0,290,2,0,2,292
06/05/2005,ADS,TX,ASW,CE,Towers with Display (VFR),0,34,71,0,105,0,2,142,0,144,0,36,213,0,249,40,0,40,289
06/06/2005,ADS,TX,ASW,CE,Towers with Display (VFR),1,47,97,0,145,0,15,199,0,214,1,62,296,0,359,44,0,44,403
06/07/2005,ADS,TX,ASW,CE,Towers with Display (VFR),0,44,120,0,164,0,6,172,0,178,0,50,292,0,342,38,0,38,380
06/08/2005,ADS,TX,ASW,CE,Towers with Display (VFR),0,52,104,0,156,0,11,218,0,229,0,63,322,0,385,50,0,50,435
06/09/2005,ADS,TX,ASW,CE,Towers with Display (VFR),0,50,132,0,182,0,11,213,0,224,0,61,345,0,406,34,0,34,440
06/10/2005,ADS,TX,ASW,CE,Towers with Display (VFR),0,42,113,0,155,0,6,235,0,241,0,48,348,0,396,50,0,50,446
06/11/2005,ADS,TX,ASW,CE,Towers with Display (VFR),0,24,68,0,92,0,4,283,0,287,0,28,351,0,379,74,0,74,453
06/12/2005,ADS,TX,ASW,CE,Towers with Display (VFR),0,28,92,0,120,0,0,239,0,239,0,28,331,0,359,16,0,16,375
06/13/2005,ADS,TX,ASW,CE,Towers with Display (VFR),1,46,115,0,162,0,5,138,0,143,1,51,253,0,305,58,0,58,363
06/14/2005,ADS,TX,ASW,CE,Towers with Display (VFR),0,47,124,0,171,0,6,256,0,262,0,53,380,0,433,50,0,50,483
06/15/2005,ADS,TX,ASW,CE,Towers with Display (VFR),0,42,113,0,155,0,9,251,0,260,0,51,364,0,415,24,0,24,439
06/16/2005,ADS,TX,ASW,CE,Towers with Display (VFR),2,50,122,0,174,0,8,263,0,271,2,58,385,0,445,16,0,16,461
06/17/2005,ADS,TX,ASW,CE,Towers with Display (VFR),0,57,81,0,138,0,12,238,0,250,0,69,319,0,388,44,0,44,432
06/18/2005,ADS,TX,ASW,CE,Towers with Display (VFR),0,22,67,0,89,0,2,192,0,194,0,24,259,0,283,64,0,64,347
06/19/2005,ADS,TX,ASW,CE,Towers with Display (VFR),0,29,77,0,106,0,1,247,0,248,0,30,324,0,354,16,0,16,370
06/20/2005,ADS,TX,ASW,CE,Towers with Display (VFR),0,43,100,0,143,0,17,254,0,271,0,60,354,0,414,20,0,20,434
06/21/2005,ADS,TX,ASW,CE,Towers with Display (VFR),1,44,118,0,163,0,23,231,0,254,1,67,349,0,417,54,0,54,471
06/22/2005,ADS,TX,ASW,CE,Towers with Display (VFR),1,49,134,0,184,0,9,84,0,93,1,58,218,0,277,24,0,24,301
06/23/2005,ADS,TX,ASW,CE,Towers with Display (VFR),0,35,123,0,158,0,19,192,0,211,0,54,315,0,369,14,0,14,383
06/24/2005,ADS,TX,ASW,CE,Towers with Display (VFR),1,43,98,1,143,0,7,270,0,277,1,50,368,1,420,50,0,50,470
06/25/2005,ADS,TX,ASW,CE,Towers with Display (VFR),0,26,77,0,103,0,2,293,0,295,0,28,370,0,398,23,0,23,421
06/26/2005,ADS,TX,ASW,CE,Towers with Display (VFR),0,22,73,0,95,0,1,266,0,267,0,23,339,0,362,2,0,2,364
06/27/2005,ADS,TX,ASW,CE,Towers with Display (VFR),0,31,91,0,122,0,12,231,0,243,0,43,322,0,365,36,0,36,401
06/28/2005,ADS,TX,ASW,CE,Towers with Display (VFR),1,38,98,0,137,0,15,209,0,224,1,53,307,0,361,12,0,12,373
06/29/2005,ADS,TX,ASW,CE,Towers with Display (VFR),0,34,163,0,197,0,10,244,0,254,0,44,407,0,451,18,0,18,469
06/30/2005,ADS,TX,ASW,CE,Towers with Display (VFR),0,36,91,0,127,0,9,251,0,260,0,45,342,0,387,66,0,66,453
07/01/2005,ADS,TX,ASW,CE,Towers with Display (VFR),0,40,138,0,178,0,14,246,0,260,0,54,384,0,438,10,0,10,448
07/02/2005,ADS,TX,ASW,CE,Towers with Display (VFR),1,12,72,0,85,0,1,151,0,152,1,13,223,0,237,76,0,76,313
07/03/2005,ADS,TX,ASW,CE,Towers with Display (VFR),0,10,35,0,45,0,7,177,0,184,0,17,212,0,229,122,0,122,351
07/04/2005,ADS,TX,ASW,CE,Towers with Display (VFR),0,9,45,0,54,0,0,92,0,92,0,9,137,0,146,2,0,2,148
07/05/2005,ADS,TX,ASW,CE,Towers with Display (VFR),0,68,62,0,130,0,17,176,0,193,0,85,238,0,323,26,0,26,349
07/06/2005,ADS,TX,ASW,CE,Towers with Display (VFR),0,36,96,0,132,0,16,223,0,239,0,52,319,0,371,12,0,12,383
07/07/2005,ADS,TX,ASW,CE,Towers with Display (VFR),3,39,92,0,134,0,0,144,0,144,3,39,236,0,278,18,0,18,296
07/08/2005,ADS,TX,ASW,CE,Towers with Display (VFR),0,45,130,0,175,0,10,240,0,250,0,55,370,0,425,10,0,10,435
07/09/2005,ADS,TX,ASW,CE,Towers with Display (VFR),0,17,61,0,78,0,0,238,0,238,0,17,299,0,316,82,0,82,398
07/10/2005,ADS,TX,ASW,CE,Towers with Display (VFR),1,24,72,0,97,0,0,227,0,227,1,24,299,0,324,10,0,10,334
07/11/2005,ADS,TX,ASW,CE,Towers with Display (VFR),0,36,79,0,115,0,8,160,0,168,0,44,239,0,283,0,0,0,283
07/12/2005,ADS,TX,ASW,CE,Towers with Display (VFR),0,38,109,0,147,0,12,187,0,199,0,50,296,0,346,32,0,32,378
07/13/2005,ADS,TX,ASW,CE,Towers with Display (VFR),0,37,0,0,37,0,0,291,0,291,0,37,291,0,328,30,0,30,358
07/14/2005,ADS,TX,ASW,CE,Towers with Display (VFR),1,31,113,0,145,0,8,177,0,185,1,39,290,0,330,32,0,32,362
07/15/2005,ADS,TX,ASW,CE,Towers with Display (VFR),0,40,124,0,164,0,6,146,0,152,0,46,270,0,316,22,0,22,338
07/16/2005,ADS,TX,ASW,CE,Towers with Display (VFR),0,16,83,0,99,0,0,94,0,94,0,16,177,0,193,56,0,56,249
07/17/2005,ADS,TX,ASW,CE,Towers with Display (VFR),0,20,101,0,121,0,0,119,0,119,0,20,220,0,240,38,0,38,278
07/18/2005,ADS,TX,ASW,CE,Towers with Display (VFR),0,43,115,0,158,0,8,189,0,197,0,51,304,0,355,2,0,2,357
07/19/2005,ADS,TX,ASW,CE,Towers with Display (VFR),0,46,130,0,176,0,4,253,0,257,0,50,383,0,433,86,0,86,519
07/20/2005,ADS,TX,ASW,CE,Towers with Display (VFR),1,45,99,0,145,0,15,219,0,234,1,60,318,0,379,40,0,40,419
07/21/2005,ADS,TX,ASW,CE,Towers with Display (VFR),1,42,124,0,167,0,9,199,0,208,1,51,323,0,375,84,0,84,459
07/22/2005,ADS,TX,ASW,CE,Towers with Display (VFR),0,30,107,0,137,0,19,242,0,261,0,49,349,0,398,56,0,56,454
07/23/2005,ADS,TX,ASW,CE,Towers with Display (VFR),0,14,64,0,78,0,4,256,0,260,0,18,320,0,338,82,0,82,420
07/24/2005,ADS,TX,ASW,CE,Towers with Display (VFR),1,24,73,0,98,0,3,228,0,231,1,27,301,0,329,30,0,30,359
07/25/2005,ADS,TX,ASW,CE,Towers with Display (VFR),0,14,85,0,99,0,31,226,0,257,0,45,311,0,356,54,0,54,410
07/26/2005,ADS,TX,ASW,CE,Towers with Display (VFR),0,43,122,0,165,0,7,233,0,240,0,50,355,0,405,62,0,62,467
07/27/2005,ADS,TX,ASW,CE,Towers with Display (VFR),1,65,162,0,228,0,9,25,0,34,1,74,187,0,262,22,0,22,284
07/28/2005,ADS,TX,ASW,CE,Towers with Display (VFR),0,37,126,0,163,0,7,152,0,159,0,44,278,0,322,90,0,90,412
07/29/2005,ADS,TX,ASW,CE,Towers with Display (VFR),0,52,104,0,156,0,0,277,0,277,0,52,381,0,433,2,0,2,435
07/30/2005,ADS,TX,ASW,CE,Towers with Display (VFR),0,16,62,0,78,0,0,233,0,233,0,16,295,0,311,34,0,34,345
07/31/2005,ADS,TX,ASW,CE,Towers with Display (VFR),0,22,78,0,100,0,0,170,0,170,0,22,248,0,270,30,0,30,300
08/01/2005,ADS,TX,ASW,CE,Towers with Display (VFR),0,42,85,0,127,0,7,208,1,216,0,49,293,1,343,28,0,28,371
08/02/2005,ADS,TX,ASW,CE,Towers with Display (VFR),0,52,116,0,168,0,11,248,0,259,0,63,364,0,427,26,0,26,453
08/03/2005,ADS,TX,ASW,CE,Towers with Display (VFR),0,42,110,0,152,0,15,175,0,190,0,57,285,0,342,16,0,16,358
08/04/2005,ADS,TX,ASW,CE,Towers with Display (VFR),1,54,85,0,140,0,7,199,0,206,1,61,284,0,346,6,0,6,352
08/05/2005,ADS,TX,ASW,CE,Towers with Display (VFR),0,53,124,0,177,0,34,175,0,209,0,87,299,0,386,36,0,36,422
08/06/2005,ADS,TX,ASW,CE,Towers with Display (VFR),1,27,100,0,128,0,0,235,0,235,1,27,335,0,363,58,0,58,421
08/07/2005,ADS,TX,ASW,CE,Towers with Display (VFR),0,41,86,0,127,0,1,148,0,149,0,42,234,0,276,12,0,12,288
08/08/2005,ADS,TX,ASW,CE,Towers with Display (VFR),0,38,80,0,118,0,14,105,0,119,0,52,185,0,237,22,0,22,259
08/09/2005,ADS,TX,ASW,CE,Towers with Display (VFR),0,37,124,0,161,0,19,162,0,181,0,56,286,0,342,20,0,20,362
08/10/2005,ADS,TX,ASW,CE,Towers with Display (VFR),3,58,144,0,205,0,7,163,0,170,3,65,307,0,375,30,0,30,405
08/11/2005,ADS,TX,ASW,CE,Towers with Display (VFR),0,59,119,0,178,0,8,181,2,191,0,67,300,2,369,22,0,22,391
08/12/2005,ADS,TX,ASW,CE,Towers with Display (VFR),0,42,128,0,170,0,6,194,0,200,0,48,322,0,370,38,0,38,408
08/13/2005,ADS,TX,ASW,CE,Towers with Display (VFR),3,25,82,0,110,0,4,226,0,230,3,29,308,0,340,32,0,32,372
08/14/2005,ADS,TX,ASW,CE,Towers with Display (VFR),0,32,98,0,130,0,0,79,0,79,0,32,177,0,209,36,0,36,245
08/15/2005,ADS,TX,ASW,CE,Towers with Display (VFR),2,54,103,0,159,0,9,108,0,117,2,63,211,0,276,28,0,28,304
08/16/2005,ADS,TX,ASW,CE,Towers with Display (VFR),0,64,116,0,180,0,5,117,0,122,0,69,233,0,302,32,0,32,334
08/17/2005,ADS,TX,ASW,CE,Towers with Display (VFR),0,55,136,0,191,0,9,242,0,251,0,64,378,0,442,4,0,4,446
08/18/2005,ADS,TX,ASW,CE,Towers with Display (VFR),0,67,115,0,182,0,1,234,0,235,0,68,349,0,417,24,0,24,441
08/19/2005,ADS,TX,ASW,CE,Towers with Display (VFR),0,62,120,0,182,0,6,231,0,237,0,68,351,0,419,20,0,20,439
08/20/2005,ADS,TX,ASW,CE,Towers with Display (VFR),0,14,71,0,85,0,6,281,0,287,0,20,352,0,372,122,0,122,494
08/21/2005,ADS,TX,ASW,CE,Towers with Display (VFR),0,25,104,0,129,0,0,256,0,256,0,25,360,0,385,64,0,64,449
08/22/2005,ADS,TX,ASW,CE,Towers with Display (VFR),0,54,81,0,135,0,5,181,0,186,0,59,262,0,321,64,0,64,385
08/23/2005,ADS,TX,ASW,CE,Towers with Display (VFR),0,52,96,0,148,0,10,229,0,239,0,62,325,0,387,14,0,14,401
08/24/2005,ADS,TX,ASW,CE,Towers with Display (VFR),2,48,106,0,156,0,12,247,0,259,2,60,353,0,415,28,0,28,443
08/25/2005,ADS,TX,ASW,CE,Towers with Display (VFR),2,47,124,0,173,0,15,203,0,218,2,62,327,0,391,6,0,6,397
08/26/2005,ADS,TX,ASW,CE,Towers with Display (VFR),0,49,121,0,170,0,9,253,0,262,0,58,374,0,432,8,0,8,440
08/27/2005,ADS,TX,ASW,CE,Towers with Display (VFR),0,22,59,0,81,0,0,217,0,217,0,22,276,0,298,14,0,14,312
08/28/2005,ADS,TX,ASW,CE,Towers with Display (VFR),0,15,72,0,87,0,0,167,0,167,0,15,239,0,254,34,0,34,288
08/29/2005,ADS,TX,ASW,CE,Towers with Display (VFR),0,42,99,0,141,0,33,127,0,160,0,75,226,0,301,78,0,78,379
08/30/2005,ADS,TX,ASW,CE,Towers with Display (VFR),1,45,123,0,169,0,19,261,0,280,1,64,384,0,449,64,0,64,513
08/31/2005,ADS,TX,ASW,CE,Towers with Display (VFR),4,59,119,0,182,0,21,239,0,260,4,80,358,0,442,24,0,24,466
09/01/2005,ADS,TX,ASW,CE,Towers with Display (VFR),1,64,101,0,166,0,17,203,0,220,1,81,304,0,386,10,0,10,396
09/02/2005,ADS,TX,ASW,CE,Towers with Display (VFR),0,66,119,0,185,0,9,235,0,244,0,75,354,0,429,56,0,56,485
09/03/2005,ADS,TX,ASW,CE,Towers with Display (VFR),0,22,55,0,77,0,4,246,0,250,0,26,301,0,327,48,0,48,375
09/04/2005,ADS,TX,ASW,CE,Towers with Display (VFR),0,29,62,0,91,0,2,184,0,186,0,31,246,0,277,60,0,60,337
09/05/2005,ADS,TX,ASW,CE,Towers with Display (VFR),2,36,94,0,132,0,8,227,0,235,2,44,321,0,367,30,0,30,397
09/06/2005,ADS,TX,ASW,CE,Towers with Display (VFR),0,46,105,0,151,0,18,200,0,218,0,64,305,0,369,26,0,26,395
09/07/2005,ADS,TX,ASW,CE,Towers with Display (VFR),1,54,151,0,206,0,11,246,2,259,1,65,397,2,465,20,0,20,485
09/08/2005,ADS,TX,ASW,CE,Towers with Display (VFR),0,46,123,0,169,0,13,200,0,213,0,59,323,0,382,26,0,26,408
09/09/2005,ADS,TX,ASW,CE,Towers with Display (VFR),3,62,105,0,170,0,5,268,0,273,3,67,373,0,443,4,0,4,447
09/10/2005,ADS,TX,ASW,CE,Towers with Display (VFR),1,20,115,0,136,0,6,237,0,243,1,26,352,0,379,42,0,42,421
09/11/2005,ADS,TX,ASW,CE,Towers with Display (VFR),0,32,137,0,169,0,0,117,0,117,0,32,254,0,286,38,0,38,324
09/12/2005,ADS,TX,ASW,CE,Towers with Display (VFR),1,55,101,0,157,0,8,134,0,142,1,63,235,0,299,4,0,4,303
09/13/2005,ADS,TX,ASW,CE,Towers with Display (VFR),0,66,115,0,181,0,11,172,0,183,0,77,287,0,364,20,0,20,384
09/14/2005,ADS,TX,ASW,CE,Towers with Display (VFR),0,53,120,0,173,0,8,161,0,169,0,61,281,0,342,18,0,18,360
09/15/2005,ADS,TX,ASW,CE,Towers with Display (VFR),1,62,134,0,197,0,13,106,0,119,1,75,240,0,316,6,0,6,322
09/16/2005,ADS,TX,ASW,CE,Towers with Display (VFR),0,54,152,0,206,0,10,235,0,245,0,64,387,0,451,12,0,12,463
09/17/2005,ADS,TX,ASW,CE,Towers with Display (VFR),4,18,75,0,97,0,4,266,0,270,4,22,341,0,367,74,0,74,441
09/18/2005,ADS,TX,ASW,CE,Towers with Display (VFR),0,34,87,0,121,0,0,250,0,250,0,34,337,0,371,4,0,4,375
09/19/2005,ADS,TX,ASW,CE,Towers with Display (VFR),1,63,103,0,167,0,18,211,0,229,1,81,314,0,396,78,0,78,474
09/20/2005,ADS,TX,ASW,CE,Towers with Display (VFR),0,43,130,0,173,0,17,227,0,244,0,60,357,0,417,8,0,8,425
09/21/2005,ADS,TX,ASW,CE,Towers with Display (VFR),0,63,122,0,185,0,13,272,0,285,0,76,394,0,470,44,0,44,514
09/22/2005,ADS,TX,ASW,CE,Towers with Display (VFR),0,73,199,0,272,0,14,342,0,356,0,87,541,0,628,40,0,40,668
09/23/2005,ADS,TX,ASW,CE,Towers with Display (VFR),1,54,103,0,158,0,11,214,0,225,1,65,317,0,383,14,0,14,397
09/24/2005,ADS,TX,ASW,CE,Towers with Display (VFR),2,18,23,0,43,0,3,24,0,27,2,21,47,0,70,20,0,20,90
09/25/2005,ADS,TX,ASW,CE,Towers with Display (VFR),0,25,76,0,101,0,7,178,0,185,0,32,254,0,286,8,0,8,294
09/26/2005,ADS,TX,ASW,CE,Towers with Display (VFR),1,65,88,0,154,0,12,165,0,177,1,77,253,0,331,29,0,29,360
09/27/2005,ADS,TX,ASW,CE,Towers with Display (VFR),2,36,123,0,161,0,15,228,0,243,2,51,351,0,404,18,0,18,422
09/28/2005,ADS,TX,ASW,CE,Towers with Display (VFR),0,64,115,0,179,0,23,171,0,194,0,87,286,0,373,49,0,49,422
09/29/2005,ADS,TX,ASW,CE,Towers with Display (VFR),0,65,121,0,186,0,11,176,0,187,0,76,297,0,373,22,0,22,395
09/30/2005,ADS,TX,ASW,CE,Towers with Display (VFR),0,43,114,0,157,0,17,214,0,231,0,60,328,0,388,12,0,12,400
10/01/2005,ADS,TX,ASW,CE,Towers with Display (VFR),1,44,78,0,123,0,0,180,0,180,1,44,258,0,303,20,0,20,323
10/02/2005,ADS,TX,ASW,CE,Towers with Display (VFR),0,44,126,0,170,0,0,155,0,155,0,44,281,0,325,0,0,0,325
10/03/2005,ADS,TX,ASW,CE,Towers with Display (VFR),4,44,105,0,153,0,9,186,0,195,4,53,291,0,348,31,0,31,379
10/04/2005,ADS,TX,ASW,CE,Towers with Display (VFR),0,44,106,0,150,0,8,203,0,211,0,52,309,0,361,40,0,40,401
10/05/2005,ADS,TX,ASW,CE,Towers with Display (VFR),0,55,115,0,170,0,13,196,0,209,0,68,311,0,379,9,0,9,388
10/06/2005,ADS,TX,ASW,CE,Towers with Display (VFR),0,68,141,0,209,0,6,69,0,75,0,74,210,0,284,10,0,10,294
10/07/2005,ADS,TX,ASW,CE,Towers with Display (VFR),2,58,139,1,200,0,0,139,0,139,2,58,278,1,339,0,0,0,339
10/08/2005,ADS,TX,ASW,CE,Towers with Display (VFR),0,27,82,0,109,0,2,263,0,265,0,29,345,0,374,69,0,69,443
10/09/2005,ADS,TX,ASW,CE,Towers with Display (VFR),0,32,88,0,120,0,3,270,0,273,0,35,358,0,393,24,0,24,417
10/10/2005,ADS,TX,ASW,CE,Towers with Display (VFR),0,37,107,0,144,0,4,103,0,107,0,41,210,0,251,26,0,26,277
10/11/2005,ADS,TX,ASW,CE,Towers with Display (VFR),0,52,157,0,209,0,13,100,0,113,0,65,257,0,322,18,0,18,340
10/12/2005,ADS,TX,ASW,CE,Towers with Display (VFR),0,59,123,0,182,0,10,230,0,240,0,69,353,0,422,4,0,4,426
10/13/2005,ADS,TX,ASW,CE,Towers with Display (VFR),1,49,121,0,171,0,15,185,0,200,1,64,306,0,371,26,0,26,397
10/14/2005,ADS,TX,ASW,CE,Towers with Display (VFR),1,45,130,0,176,0,3,254,0,257,1,48,384,0,433,26,0,26,459
10/15/2005,ADS,TX,ASW,CE,Towers with Display (VFR),0,25,67,0,92,0,1,313,1,315,0,26,380,1,407,47,0,47,454
10/16/2005,ADS,TX,ASW,CE,Towers with Display (VFR),0,42,95,0,137,0,0,294,0,294,0,42,389,0,431,28,0,28,459
10/17/2005,ADS,TX,ASW,CE,Towers with Display (VFR),0,55,122,0,177,0,13,219,0,232,0,68,341,0,409,68,0,68,477
10/18/2005,ADS,TX,ASW,CE,Towers with Display (VFR),0,54,116,0,170,0,8,256,6,270,0,62,372,6,440,38,0,38,478
10/19/2005,ADS,TX,ASW,CE,Towers with Display (VFR),1,43,137,0,181,0,22,242,0,264,1,65,379,0,445,24,0,24,469
10/20/2005,ADS,TX,ASW,CE,Towers with Display (VFR),2,56,117,2,177,0,12,217,0,229,2,68,334,2,406,0,0,0,406
10/21/2005,ADS,TX,ASW,CE,Towers with Display (VFR),0,38,141,1,180,0,11,223,0,234,0,49,364,1,414,16,0,16,430
10/22/2005,ADS,TX,ASW,CE,Towers with Display (VFR),0,22,78,0,100,0,0,269,0,269,0,22,347,0,369,26,0,26,395
10/23/2005,ADS,TX,ASW,CE,Towers with Display (VFR),2,22,98,0,122,0,3,92,0,95,2,25,190,0,217,4,0,4,221
10/24/2005,ADS,TX,ASW,CE,Towers with Display (VFR),3,55,111,0,169,0,11,173,0,184,3,66,284,0,353,38,0,38,391
10/25/2005,ADS,TX,ASW,CE,Towers with Display (VFR),0,46,141,3,190,0,10,232,0,242,0,56,373,3,432,42,0,42,474
10/26/2005,ADS,TX,ASW,CE,Towers with Display (VFR),0,45,99,0,144,0,15,223,0,238,0,60,322,0,382,360,0,360,742
10/27/2005,ADS,TX,ASW,CE,Towers with Display (VFR),3,45,113,0,161,0,26,218,0,244,3,71,331,0,405,26,0,26,431
10/28/2005,ADS,TX,ASW,CE,Towers with Display (VFR),0,45,111,0,156,0,13,239,0,252,0,58,350,0,408,18,0,18,426
10/29/2005,ADS,TX,ASW,CE,Towers with Display (VFR),0,24,96,0,120,0,10,289,0,299,0,34,385,0,419,60,0,60,479
10/30/2005,ADS,TX,ASW,CE,Towers with Display (VFR),2,18,75,0,95,0,0,191,0,191,2,18,266,0,286,16,0,16,302
10/31/2005,ADS,TX,ASW,CE,Towers with Display (VFR),0,52,82,0,134,0,0,32,0,32,0,52,114,0,166,0,0,0,166
11/01/2005,ADS,TX,ASW,CE,Towers with Display (VFR),0,33,118,0,151,0,8,217,0,225,0,41,335,0,376,6,0,6,382
11/02/2005,ADS,TX,ASW,CE,Towers with Display (VFR),1,46,125,0,172,0,15,264,0,279,1,61,389,0,451,82,0,82,533
11/03/2005,ADS,TX,ASW,CE,Towers with Display (VFR),0,42,108,0,150,0,11,207,0,218,0,53,315,0,368,4,0,4,372
11/04/2005,ADS,TX,ASW,CE,Towers with Display (VFR),0,54,130,0,184,0,6,229,0,235,0,60,359,0,419,8,0,8,427
11/05/2005,ADS,TX,ASW,CE,Towers with Display (VFR),2,18,75,0,95,0,2,191,4,197,2,20,266,4,292,6,0,6,298
11/06/2005,ADS,TX,ASW,CE,Towers with Display (VFR),0,30,70,0,100,0,3,323,0,326,0,33,393,0,426,50,0,50,476
11/07/2005,ADS,TX,ASW,CE,Towers with Display (VFR),1,32,126,0,159,0,8,170,0,178,1,40,296,0,337,38,0,38,375
11/08/2005,ADS,TX,ASW,CE,Towers with Display (VFR),0,34,120,0,154,0,6,163,0,169,0,40,283,0,323,4,0,4,327
11/09/2005,ADS,TX,ASW,CE,Towers with Display (VFR),0,37,110,0,147,0,383,193,0,576,0,420,303,0,723,70,0,70,793
11/10/2005,ADS,TX,ASW,CE,Towers with Display (VFR),1,41,147,0,189,0,10,194,0,204,1,51,341,0,393,38,0,38,431
11/11/2005,ADS,TX,ASW,CE,Towers with Display (VFR),0,35,128,0,163,0,5,238,0,243,0,40,366,0,406,36,0,36,442
11/12/2005,ADS,TX,ASW,CE,Towers with Display (VFR),0,25,91,0,116,0,10,83,0,93,0,35,174,0,209,14,0,14,223
11/13/2005,ADS,TX,ASW,CE,Towers with Display (VFR),0,34,100,2,136,0,1,235,0,236,0,35,335,2,372,26,0,26,398
11/14/2005,ADS,TX,ASW,CE,Towers with Display (VFR),0,43,91,0,134,0,6,168,0,174,0,49,259,0,308,22,0,22,330
11/15/2005,ADS,TX,ASW,CE,Towers with Display (VFR),0,41,104,0,145,0,9,93,0,102,0,50,197,0,247,0,0,0,247
11/16/2005,ADS,TX,ASW,CE,Towers with Display (VFR),0,51,155,0,206,0,20,313,0,333,0,71,468,0,539,44,0,44,583
11/17/2005,ADS,TX,ASW,CE,Towers with Display (VFR),0,35,114,0,149,0,18,252,0,270,0,53,366,0,419,42,0,42,461
11/18/2005,ADS,TX,ASW,CE,Towers with Display (VFR),0,46,111,0,157,0,10,295,0,305,0,56,406,0,462,20,0,20,482
11/19/2005,ADS,TX,ASW,CE,Towers with Display (VFR),0,13,92,0,105,0,4,350,0,354,0,17,442,0,459,56,0,56,515
11/20/2005,ADS,TX,ASW,CE,Towers with Display (VFR),0,30,65,1,96,0,0,242,0,242,0,30,307,1,338,62,0,62,400
11/21/2005,ADS,TX,ASW,CE,Towers with Display (VFR),0,46,89,0,135,0,13,225,0,238,0,59,314,0,373,34,0,34,407
11/22/2005,ADS,TX,ASW,CE,Towers with Display (VFR),0,28,125,0,153,0,9,260,0,269,0,37,385,0,422,16,0,16,438
11/23/2005,ADS,TX,ASW,CE,Towers with Display (VFR),0,40,118,0,158,0,15,290,0,305,0,55,408,0,463,66,0,66,529
11/24/2005,ADS,TX,ASW,CE,Towers with Display (VFR),1,13,26,0,40,0,0,87,0,87,1,13,113,0,127,2,0,2,129
11/25/2005,ADS,TX,ASW,CE,Towers with Display (VFR),0,45,91,0,136,0,6,125,0,131,0,51,216,0,267,21,0,21,288
11/26/2005,ADS,TX,ASW,CE,Towers with Display (VFR),0,10,73,0,83,0,0,41,0,41,0,10,114,0,124,2,0,2,126
11/27/2005,ADS,TX,ASW,CE,Towers with Display (VFR),0,27,94,0,121,0,0,56,0,56,0,27,150,0,177,50,0,50,227
11/28/2005,ADS,TX,ASW,CE,Towers with Display (VFR),0,34,100,0,134,0,11,123,0,134,0,45,223,0,268,10,0,10,278
11/29/2005,ADS,TX,ASW,CE,Towers with Display (VFR),0,44,102,0,146,0,7,205,0,212,0,51,307,0,358,28,0,28,386
11/30/2005,ADS,TX,ASW,CE,Towers with Display (VFR),1,30,120,0,151,4,7,213,0,224,5,37,333,0,375,44,0,44,419
12/01/2005,ADS,TX,ASW,CE,Towers with Display (VFR),0,40,96,0,136,0,16,219,2,237,0,56,315,2,373,58,0,58,431
12/02/2005,ADS,TX,ASW,CE,Towers with Display (VFR),0,39,109,0,148,0,7,189,0,196,0,46,298,0,344,2,0,2,346
12/03/2005,ADS,TX,ASW,CE,Towers with Display (VFR),0,16,67,0,83,0,2,235,0,237,0,18,302,0,320,26,0,26,346
12/04/2005,ADS,TX,ASW,CE,Towers with Display (VFR),1,20,81,0,102,0,0,213,0,213,1,20,294,0,315,40,0,40,355
12/05/2005,ADS,TX,ASW,CE,Towers with Display (VFR),1,44,95,0,140,0,7,205,0,212,1,51,300,0,352,98,0,98,450
12/06/2005,ADS,TX,ASW,CE,Towers with Display (VFR),1,23,111,0,135,0,12,249,0,261,1,35,360,0,396,44,0,44,440
12/07/2005,ADS,TX,ASW,CE,Towers with Display (VFR),0,25,72,0,97,0,0,10,0,10,0,25,82,0,107,20,0,20,127
12/08/2005,ADS,TX,ASW,CE,Towers with Display (VFR),0,40,77,0,117,0,5,81,0,86,0,45,158,0,203,0,0,0,203
12/09/2005,ADS,TX,ASW,CE,Towers with Display (VFR),1,42,107,0,150,0,10,228,0,238,1,52,335,0,388,22,0,22,410
12/10/2005,ADS,TX,ASW,CE,Towers with Display (VFR),0,18,77,0,95,0,0,263,0,263,0,18,340,0,358,54,0,54,412
12/11/2005,ADS,TX,ASW,CE,Towers with Display (VFR),0,20,66,0,86,0,2,291,0,293,0,22,357,0,379,24,0,24,403
12/12/2005,ADS,TX,ASW,CE,Towers with Display (VFR),0,36,104,0,140,0,6,182,0,188,0,42,286,0,328,68,0,68,396
12/13/2005,ADS,TX,ASW,CE,Towers with Display (VFR),0,34,115,0,149,0,5,164,0,169,0,39,279,0,318,2,0,2,320
12/14/2005,ADS,TX,ASW,CE,Towers with Display (VFR),1,44,112,0,157,0,14,145,0,159,1,58,257,0,316,28,0,28,344
12/15/2005,ADS,TX,ASW,CE,Towers with Display (VFR),0,3,98,1,102,0,0,234,0,234,0,3,332,1,336,28,0,28,364
12/16/2005,ADS,TX,ASW,CE,Towers with Display (VFR),0,50,97,1,148,0,6,202,0,208,0,56,299,1,356,27,0,27,383
12/17/2005,ADS,TX,ASW,CE,Towers with Display (VFR),0,25,54,0,79,0,3,111,0,114,0,28,165,0,193,62,0,62,255
12/18/2005,ADS,TX,ASW,CE,Towers with Display (VFR),0,28,73,0,101,0,0,228,0,228,0,28,301,0,329,20,0,20,349
12/19/2005,ADS,TX,ASW,CE,Towers with Display (VFR),0,43,105,0,148,0,8,131,0,139,0,51,236,0,287,8,0,8,295
12/20/2005,ADS,TX,ASW,CE,Towers with Display (VFR),0,50,145,0,195,0,1,9,0,10,0,51,154,0,205,0,0,0,205
12/21/2005,ADS,TX,ASW,CE,Towers with Display (VFR),0,48,122,0,170,0,7,223,0,230,0,55,345,0,400,56,0,56,456
12/22/2005,ADS,TX,ASW,CE,Towers with Display (VFR),0,37,76,0,113,0,13,261,0,274,0,50,337,0,387,74,0,74,461
12/23/2005,ADS,TX,ASW,CE,Towers with Display (VFR),0,45,68,0,113,0,18,237,0,255,0,63,305,0,368,18,0,18,386
12/24/2005,ADS,TX,ASW,CE,Towers with Display (VFR),0,26,49,0,75,0,0,97,0,97,0,26,146,0,172,0,0,0,172
12/25/2005,ADS,TX,ASW,CE,Towers with Display (VFR),0,25,23,0,48,0,2,66,0,68,0,27,89,0,116,16,0,16,132
12/26/2005,ADS,TX,ASW,CE,Towers with Display (VFR),1,27,75,0,103,0,8,234,0,242,1,35,309,0,345,8,0,8,353
12/27/2005,ADS,TX,ASW,CE,Towers with Display (VFR),0,31,42,0,73,0,9,129,0,138,0,40,171,0,211,0,0,0,211
12/28/2005,ADS,TX,ASW,CE,Towers with Display (VFR),0,39,65,0,104,0,5,262,0,267,0,44,327,0,371,86,0,86,457
12/29/2005,ADS,TX,ASW,CE,Towers with Display (VFR),0,44,72,0,116,0,8,323,0,331,0,52,395,0,447,10,0,10,457
12/30/2005,ADS,TX,ASW,CE,Towers with Display (VFR),0,23,58,0,81,0,9,256,0,265,0,32,314,0,346,34,0,34,380
12/31/2005,ADS,TX,ASW,CE,Towers with Display (VFR),0,19,34,0,53,0,2,213,0,215,0,21,247,0,268,30,0,30,298
01/01/2006,ADS,TX,ASW,CE,Towers with Display (VFR),0,15,36,0,51,0,1,45,0,46,0,16,81,0,97,14,0,14,111
01/02/2006,ADS,TX,ASW,CE,Towers with Display (VFR),3,18,75,0,96,0,1,204,0,205,3,19,279,0,301,26,0,26,327
01/03/2006,ADS,TX,ASW,CE,Towers with Display (VFR),0,29,84,0,113,0,13,184,0,197,0,42,268,0,310,40,0,40,350
01/04/2006,ADS,TX,ASW,CE,Towers with Display (VFR),1,34,55,0,90,0,11,169,0,180,1,45,224,0,270,12,0,12,282
01/05/2006,ADS,TX,ASW,CE,Towers with Display (VFR),0,41,82,2,125,0,15,172,0,187,0,56,254,2,312,14,0,14,326
01/06/2006,ADS,TX,ASW,CE,Towers with Display (VFR),0,33,86,0,119,0,7,242,0,249,0,40,328,0,368,38,0,38,406
01/07/2006,ADS,TX,ASW,CE,Towers with Display (VFR),1,16,55,0,72,0,1,275,0,276,1,17,330,0,348,28,0,28,376
01/08/2006,ADS,TX,ASW,CE,Towers with Display (VFR),0,24,54,0,78,0,4,188,0,192,0,28,242,0,270,4,0,4,274
01/09/2006,ADS,TX,ASW,CE,Towers with Display (VFR),1,25,89,0,115,1,7,147,0,155,2,32,236,0,270,72,0,72,342
01/10/2006,ADS,TX,ASW,CE,Towers with Display (VFR),0,36,80,0,116,0,11,165,0,176,0,47,245,0,292,20,0,20,312
01/11/2006,ADS,TX,ASW,CE,Towers with Display (VFR),1,29,116,0,146,0,9,220,0,229,1,38,336,0,375,32,0,32,407
01/12/2006,ADS,TX,ASW,CE,Towers with Display (VFR),1,40,115,0,156,0,1,128,0,129,1,41,243,0,285,2,0,2,287
01/13/2006,ADS,TX,ASW,CE,Towers with Display (VFR),0,38,104,0,142,0,4,172,0,176,0,42,276,0,318,36,0,36,354
01/14/2006,ADS,TX,ASW,CE,Towers with Display (VFR),0,14,77,0,91,0,0,325,0,325,0,14,402,0,416,96,0,96,512
01/15/2006,ADS,TX,ASW,CE,Towers with Display (VFR),0,10,58,0,68,0,2,113,0,115,0,12,171,0,183,0,0,0,183
01/16/2006,ADS,TX,ASW,CE,Towers with Display (VFR),3,41,97,0,141,0,5,118,0,123,3,46,215,0,264,22,0,22,286
01/17/2006,ADS,TX,ASW,CE,Towers with Display (VFR),1,29,99,0,129,0,9,175,0,184,1,38,274,0,313,4,0,4,317
01/18/2006,ADS,TX,ASW,CE,Towers with Display (VFR),0,35,134,0,169,0,10,199,0,209,0,45,333,0,378,20,0,20,398
01/19/2006,ADS,TX,ASW,CE,Towers with Display (VFR),0,37,114,0,151,0,16,149,0,165,0,53,263,0,316,16,0,16,332
01/20/2006,ADS,TX,ASW,CE,Towers with Display (VFR),0,43,100,0,143,0,9,170,0,179,0,52,270,0,322,8,0,8,330
01/21/2006,ADS,TX,ASW,CE,Towers with Display (VFR),0,26,77,0,103,0,0,360,0,360,0,26,437,0,463,44,0,44,507
01/22/2006,ADS,TX,ASW,CE,Towers with Display (VFR),0,65,95,0,160,0,0,1,0,1,0,65,96,0,161,0,0,0,161
01/23/2006,ADS,TX,ASW,CE,Towers with Display (VFR),0,39,93,1,133,0,8,205,0,213,0,47,298,1,346,36,0,36,382
01/24/2006,ADS,TX,ASW,CE,Towers with Display (VFR),0,37,117,0,154,0,11,248,0,259,0,48,365,0,413,10,0,10,423
01/25/2006,ADS,TX,ASW,CE,Towers with Display (VFR),0,30,91,0,121,0,13,253,0,266,0,43,344,0,387,30,0,30,417
01/26/2006,ADS,TX,ASW,CE,Towers with Display (VFR),1,42,128,0,171,0,5,172,0,177,1,47,300,0,348,20,0,20,368
01/27/2006,ADS,TX,ASW,CE,Towers with Display (VFR),0,42,128,0,170,0,2,65,0,67,0,44,193,0,237,2,0,2,239
01/28/2006,ADS,TX,ASW,CE,Towers with Display (VFR),0,13,50,0,63,0,2,18,0,20,0,15,68,0,83,12,0,12,95
01/29/2006,ADS,TX,ASW,CE,Towers with Display (VFR),0,29,59,0,88,0,0,297,0,297,0,29,356,0,385,26,0,26,411
01/30/2006,ADS,TX,ASW,CE,Towers with Display (VFR),0,31,72,0,103,0,6,214,0,220,0,37,286,0,323,48,0,48,371
01/31/2006,ADS,TX,ASW,CE,Towers with Display (VFR),0,34,102,0,136,0,18,180,0,198,0,52,282,0,334,40,0,40,374
02/01/2006,ADS,TX,ASW,CE,Towers with Display (VFR),0,55,159,0,214,0,1,74,0,75,0,56,233,0,289,2,0,2,291
02/02/2006,ADS,TX,ASW,CE,Towers with Display (VFR),1,51,119,0,171,0,11,189,0,200,1,62,308,0,371,16,0,16,387
02/03/2006,ADS,TX,ASW,CE,Towers with Display (VFR),0,48,128,0,176,0,5,108,0,113,0,53,236,0,289,16,0,16,305
02/04/2006,ADS,TX,ASW,CE,Towers with Display (VFR),1,20,51,0,72,0,0,321,0,321,1,20,372,0,393,0,0,0,393
02/05/2006,ADS,TX,ASW,CE,Towers with Display (VFR),0,20,54,0,74,0,0,118,0,118,0,20,172,0,192,10,0,10,202
02/06/2006,ADS,TX,ASW,CE,Towers with Display (VFR),0,52,104,0,156,0,15,145,0,160,0,67,249,0,316,6,0,6,322
02/07/2006,ADS,TX,ASW,CE,Towers with Display (VFR),0,41,103,0,144,0,13,256,0,269,0,54,359,0,413,16,0,16,429
02/08/2006,ADS,TX,ASW,CE,Towers with Display (VFR),0,42,126,0,168,0,10,265,0,275,0,52,391,0,443,36,0,36,479
02/09/2006,ADS,TX,ASW,CE,Towers with Display (VFR),0,47,151,2,200,0,11,251,0,262,0,58,402,2,462,20,0,20,482
02/10/2006,ADS,TX,ASW,CE,Towers with Display (VFR),0,50,118,0,168,0,3,40,0,43,0,53,158,0,211,0,0,0,211
02/11/2006,ADS,TX,ASW,CE,Towers with Display (VFR),0,18,55,0,73,0,4,119,0,123,0,22,174,0,196,6,0,6,202
02/12/2006,ADS,TX,ASW,CE,Towers with Display (VFR),0,23,68,0,91,0,2,146,0,148,0,25,214,0,239,34,0,34,273
02/13/2006,ADS,TX,ASW,CE,Towers with Display (VFR),0,21,96,0,117,0,13,229,0,242,0,34,325,0,359,32,0,32,391
02/14/2006,ADS,TX,ASW,CE,Towers with Display (VFR),2,28,82,0,112,0,11,188,0,199,2,39,270,0,311,26,0,26,337
02/15/2006,ADS,TX,ASW,CE,Towers with Display (VFR),1,54,140,0,195,1,5,149,0,155,2,59,289,0,350,36,0,36,386
02/16/2006,ADS,TX,ASW,CE,Towers with Display (VFR),0,39,93,0,132,0,9,92,0,101,0,48,185,0,233,2,0,2,235
02/17/2006,ADS,TX,ASW,CE,Towers with Display (VFR),0,36,137,0,173,0,1,80,0,81,0,37,217,0,254,26,0,26,280
02/18/2006,ADS,TX,ASW,CE,Towers with Display (VFR),0,13,25,0,38,0,0,0,0,0,0,13,25,0,38,0,0,0,38
02/19/2006,ADS,TX,ASW,CE,Towers with Display (VFR),0,18,38,0,56,0,0,0,0,0,0,18,38,0,56,0,0,0,56
02/20/2006,ADS,TX,ASW,CE,Towers with Display (VFR),0,30,124,0,154,0,0,31,0,31,0,30,155,0,185,36,0,36,221
02/21/2006,ADS,TX,ASW,CE,Towers with Display (VFR),0,57,120,0,177,0,0,0,0,0,0,57,120,0,177,0,0,0,177
02/22/2006,ADS,TX,ASW,CE,Towers with Display (VFR),0,56,151,0,207,0,0,0,0,0,0,56,151,0,207,0,0,0,207
02/23/2006,ADS,TX,ASW,CE,Towers with Display (VFR),0,42,130,0,172,0,5,173,0,178,0,47,303,0,350,66,0,66,416
02/24/2006,ADS,TX,ASW,CE,Towers with Display (VFR),0,43,114,0,157,0,11,100,0,111,0,54,214,0,268,92,0,92,360
02/25/2006,ADS,TX,ASW,CE,Towers with Display (VFR),1,24,61,0,86,0,0,3,0,3,1,24,64,0,89,0,0,0,89
02/26/2006,ADS,TX,ASW,CE,Towers with Display (VFR),0,35,83,0,118,0,4,414,0,418,0,39,497,0,536,14,0,14,550
02/27/2006,ADS,TX,ASW,CE,Towers with Display (VFR),0,32,90,0,122,0,7,151,0,158,0,39,241,0,280,44,0,44,324
02/28/2006,ADS,TX,ASW,CE,Towers with Display (VFR),0,35,120,0,155,0,15,253,0,268,0,50,373,0,423,20,0,20,443
03/01/2006,ADS,TX,ASW,CE,Towers with Display (VFR),0,27,139,0,166,0,11,292,0,303,0,38,431,0,469,80,0,80,549
03/02/2006,ADS,TX,ASW,CE,Towers with Display (VFR),0,50,116,0,166,0,9,168,0,177,0,59,284,0,343,42,0,42,385
03/03/2006,ADS,TX,ASW,CE,Towers with Display (VFR),0,48,104,0,152,0,2,197,0,199,0,50,301,0,351,62,0,62,413
03/04/2006,ADS,TX,ASW,CE,Towers with Display (VFR),0,19,63,0,82,0,1,258,0,259,0,20,321,0,341,52,0,52,393
03/05/2006,ADS,TX,ASW,CE,Towers with Display (VFR),0,19,98,0,117,0,0,98,0,98,0,19,196,0,215,0,0,0,215
03/06/2006,ADS,TX,ASW,CE,Towers with Display (VFR),0,29,102,1,132,0,7,210,0,217,0,36,312,1,349,80,0,80,429
03/07/2006,ADS,TX,ASW,CE,Towers with Display (VFR),1,50,150,0,201,2,23,83,0,108,3,73,233,0,309,28,0,28,337
03/08/2006,ADS,TX,ASW,CE,Towers with Display (VFR),0,57,127,0,184,0,5,66,0,71,0,62,193,0,255,96,0,96,351
03/09/2006,ADS,TX,ASW,CE,Towers with Display (VFR),0,36,110,0,146,0,8,136,0,144,0,44,246,0,290,32,0,32,322
03/10/2006,ADS,TX,ASW,CE,Towers with Display (VFR),0,49,114,0,163,0,7,257,0,264,0,56,371,0,427,82,0,82,509
03/11/2006,ADS,TX,ASW,CE,Towers with Display (VFR),0,33,86,0,119,0,13,246,0,259,0,46,332,0,378,30,0,30,408
03/12/2006,ADS,TX,ASW,CE,Towers with Display (VFR),0,31,83,0,114,0,0,97,0,97,0,31,180,0,211,0,0,0,211
03/13/2006,ADS,TX,ASW,CE,Towers with Display (VFR),0,44,88,0,132,0,30,221,0,251,0,74,309,0,383,18,0,18,401
03/14/2006,ADS,TX,ASW,CE,Towers with Display (VFR),0,29,90,0,119,0,13,345,0,358,0,42,435,0,477,62,0,62,539
03/15/2006,ADS,TX,ASW,CE,Towers with Display (VFR),0,42,107,0,149,0,19,190,0,209,0,61,297,0,358,54,0,54,412
03/16/2006,ADS,TX,ASW,CE,Towers with Display (VFR),0,36,111,0,147,0,7,200,0,207,0,43,311,0,354,54,0,54,408
03/17/2006,ADS,TX,ASW,CE,Towers with Display (VFR),0,37,129,0,166,0,5,169,0,174,0,42,298,0,340,42,0,42,382
03/18/2006,ADS,TX,ASW,CE,Towers with Display (VFR),0,23,77,0,100,0,0,4,0,4,0,23,81,0,104,0,0,0,104
03/19/2006,ADS,TX,ASW,CE,Towers with Display (VFR),2,17,49,0,68,0,0,0,0,0,2,17,49,0,68,0,0,0,68
03/20/2006,ADS,TX,ASW,CE,Towers with Display (VFR),1,28,91,0,120,0,11,64,0,75,1,39,155,0,195,24,0,24,219
03/21/2006,ADS,TX,ASW,CE,Towers with Display (VFR),0,34,112,0,146,0,8,252,0,260,0,42,364,0,406,10,0,10,416
03/22/2006,ADS,TX,ASW,CE,Towers with Display (VFR),0,44,115,0,159,0,6,174,0,180,0,50,289,0,339,26,0,26,365
03/23/2006,ADS,TX,ASW,CE,Towers with Display (VFR),0,24,121,0,145,0,6,98,0,104,0,30,219,0,249,30,0,30,279
03/24/2006,ADS,TX,ASW,CE,Towers with Display (VFR),0,30,117,0,147,0,15,329,0,344,0,45,446,0,491,62,0,62,553
03/25/2006,ADS,TX,ASW,CE,Towers with Display (VFR),0,25,0,0,25,26,470,0,0,496,26,495,0,0,521,4,0,4,525
03/26/2006,ADS,TX,ASW,CE,Towers with Display (VFR),0,23,78,0,101,0,0,203,0,203,0,23,281,0,304,12,0,12,316
03/27/2006,ADS,TX,ASW,CE,Towers with Display (VFR),0,35,89,0,124,0,1,113,0,114,0,36,202,0,238,38,0,38,276
03/28/2006,ADS,TX,ASW,CE,Towers with Display (VFR),1,38,90,0,129,0,5,194,0,199,1,43,284,0,328,54,0,54,382
03/29/2006,ADS,TX,ASW,CE,Towers with Display (VFR),0,56,91,0,147,0,9,89,0,98,0,65,180,0,245,21,0,21,266
03/30/2006,ADS,TX,ASW,CE,Towers with Display (VFR),1,44,98,0,143,0,6,0,0,6,1,50,98,0,149,0,0,0,149
03/31/2006,ADS,TX,ASW,CE,Towers with Display (VFR),0,43,137,0,180,0,7,189,0,196,0,50,326,0,376,44,0,44,420
04/01/2006,ADS,TX,ASW,CE,Towers with Display (VFR),0,28,94,0,122,0,1,50,0,51,0,29,144,0,173,28,0,28,201
04/02/2006,ADS,TX,ASW,CE,Towers with Display (VFR),0,21,74,0,95,0,3,174,0,177,0,24,248,0,272,0,0,0,272
04/03/2006,ADS,TX,ASW,CE,Towers with Display (VFR),0,29,71,0,100,0,6,241,0,247,0,35,312,0,347,30,0,30,377
04/04/2006,ADS,TX,ASW,CE,Towers with Display (VFR),0,39,106,0,145,0,3,231,0,234,0,42,337,0,379,35,0,35,414
04/05/2006,ADS,TX,ASW,CE,Towers with Display (VFR),0,65,173,0,238,0,1,177,0,178,0,66,350,0,416,12,0,12,428
04/06/2006,ADS,TX,ASW,CE,Towers with Display (VFR),0,42,100,0,142,0,2,76,0,78,0,44,176,0,220,4,0,4,224
04/07/2006,ADS,TX,ASW,CE,Towers with Display (VFR),0,49,111,0,160,0,4,208,0,212,0,53,319,0,372,4,0,4,376
04/08/2006,ADS,TX,ASW,CE,Towers with Display (VFR),0,24,69,0,93,0,1,219,0,220,0,25,288,0,313,20,0,20,333
04/09/2006,ADS,TX,ASW,CE,Towers with Display (VFR),0,27,77,0,104,0,5,369,0,374,0,32,446,0,478,26,0,26,504
04/10/2006,ADS,TX,ASW,CE,Towers with Display (VFR),1,26,101,0,128,0,10,193,0,203,1,36,294,0,331,25,0,25,356
04/11/2006,ADS,TX,ASW,CE,Towers with Display (VFR),1,39,125,0,165,0,3,196,0,199,1,42,321,0,364,20,0,20,384
04/12/2006,ADS,TX,ASW,CE,Towers with Display (VFR),4,41,104,0,149,0,7,246,0,253,4,48,350,0,402,12,0,12,414
04/13/2006,ADS,TX,ASW,CE,Towers with Display (VFR),0,45,135,0,180,0,9,246,0,255,0,54,381,0,435,32,0,32,467
04/14/2006,ADS,TX,ASW,CE,Towers with Display (VFR),0,35,66,0,101,0,4,266,0,270,0,39,332,0,371,28,0,28,399
04/15/2006,ADS,TX,ASW,CE,Towers with Display (VFR),0,19,42,0,61,0,0,158,0,158,0,19,200,0,219,30,0,30,249
04/16/2006,ADS,TX,ASW,CE,Towers with Display (VFR),0,19,49,0,68,0,0,200,0,200,0,19,249,0,268,0,0,0,268
04/17/2006,ADS,TX,ASW,CE,Towers with Display (VFR),0,34,90,0,124,0,10,227,0,237,0,44,317,0,361,35,0,35,396
04/18/2006,ADS,TX,ASW,CE,Towers with Display (VFR),0,37,112,0,149,0,10,292,0,302,0,47,404,0,451,16,0,16,467
04/19/2006,ADS,TX,ASW,CE,Towers with Display (VFR),0,45,132,0,177,0,3,290,0,293,0,48,422,0,470,30,0,30,500
04/20/2006,ADS,TX,ASW,CE,Towers with Display (VFR),1,47,146,0,194,0,4,98,0,102,1,51,244,0,296,10,0,10,306
04/21/2006,ADS,TX,ASW,CE,Towers with Display (VFR),1,49,119,0,169,0,12,217,0,229,1,61,336,0,398,52,0,52,450
04/22/2006,ADS,TX,ASW,CE,Towers with Display (VFR),0,31,70,0,101,0,2,305,0,307,0,33,375,0,408,68,0,68,476
04/23/2006,ADS,TX,ASW,CE,Towers with Display (VFR),1,47,74,0,122,0,0,245,0,245,1,47,319,0,367,34,0,34,401
04/24/2006,ADS,TX,ASW,CE,Towers with Display (VFR),1,56,129,0,186,0,0,114,0,114,1,56,243,0,300,12,0,12,312
04/25/2006,ADS,TX,ASW,CE,Towers with Display (VFR),0,48,153,0,201,0,1,69,0,70,0,49,222,0,271,19,0,19,290
04/26/2006,ADS,TX,ASW,CE,Towers with Display (VFR),0,26,130,2,158,0,4,175,0,179,0,30,305,2,337,57,0,57,394
04/27/2006,ADS,TX,ASW,CE,Towers with Display (VFR),4,31,119,2,156,0,6,309,2,317,4,37,428,4,473,44,0,44,517
04/28/2006,ADS,TX,ASW,CE,Towers with Display (VFR),0,49,103,0,152,0,2,52,0,54,0,51,155,0,206,0,0,0,206
04/29/2006,ADS,TX,ASW,CE,Towers with Display (VFR),0,17,66,0,83,0,0,63,0,63,0,17,129,0,146,0,0,0,146
04/30/2006,ADS,TX,ASW,CE,Towers with Display (VFR),0,22,85,0,107,0,0,253,0,253,0,22,338,0,360,55,0,55,415
05/01/2006,ADS,TX,ASW,CE,Towers with Radar,2,31,86,3,122,0,12,197,0,209,2,43,283,3,331,4,0,4,335
05/02/2006,ADS,TX,ASW,CE,Towers with Radar,0,53,120,0,173,0,1,158,0,159,0,54,278,0,332,30,0,30,362
05/03/2006,ADS,TX,ASW,CE,Towers with Radar,1,52,114,0,167,0,9,228,0,237,1,61,342,0,404,34,0,34,438
05/04/2006,ADS,TX,ASW,CE,Towers with Radar,0,49,121,0,170,0,11,162,0,173,0,60,283,0,343,50,0,50,393
05/05/2006,ADS,TX,ASW,CE,Towers with Radar,0,88,184,0,272,0,1,95,0,96,0,89,279,0,368,20,0,20,388
05/06/2006,ADS,TX,ASW,CE,Towers with Radar,0,25,84,0,109,0,0,27,0,27,0,25,111,0,136,24,0,24,160
05/07/2006,ADS,TX,ASW,CE,Towers with Radar,0,32,131,0,163,0,0,144,0,144,0,32,275,0,307,50,0,50,357
05/08/2006,ADS,TX,ASW,CE,Towers with Radar,0,35,111,0,146,0,4,115,0,119,0,39,226,0,265,18,0,18,283
05/09/2006,ADS,TX,ASW,CE,Towers with Radar,0,47,131,0,178,0,0,172,0,172,0,47,303,0,350,44,0,44,394
05/10/2006,ADS,TX,ASW,CE,Towers with Radar,0,31,135,0,166,0,8,163,0,171,0,39,298,0,337,18,0,18,355
05/11/2006,ADS,TX,ASW,CE,Towers with Radar,0,39,96,0,135,0,12,285,0,297,0,51,381,0,432,20,0,20,452
05/12/2006,ADS,TX,ASW,CE,Towers with Radar,0,44,121,0,165,0,7,293,0,300,0,51,414,0,465,10,0,10,475
05/13/2006,ADS,TX,ASW,CE,Towers with Radar,0,18,59,0,77,0,0,278,0,278,0,18,337,0,355,45,0,45,400
05/14/2006,ADS,TX,ASW,CE,Towers with Radar,0,28,63,0,91,0,0,152,0,152,0,28,215,0,243,72,0,72,315
05/15/2006,ADS,TX,ASW,CE,Towers with Radar,0,47,104,0,151,0,13,226,0,239,0,60,330,0,390,20,0,20,410
05/16/2006,ADS,TX,ASW,CE,Towers with Radar,0,45,128,0,173,0,7,275,0,282,0,52,403,0,455,12,0,12,467
05/17/2006,ADS,TX,ASW,CE,Towers with Radar,0,51,120,0,171,0,21,307,0,328,0,72,427,0,499,10,0,10,509
05/18/2006,ADS,TX,ASW,CE,Towers with Radar,0,39,142,0,181,0,16,281,0,297,0,55,423,0,478,18,0,18,496
05/19/2006,ADS,TX,ASW,CE,Towers with Radar,0,33,106,1,140,0,9,324,0,333,0,42,430,1,473,26,0,26,499
05/20/2006,ADS,TX,ASW,CE,Towers with Radar,0,33,67,0,100,0,2,306,0,308,0,35,373,0,408,34,0,34,442
05/21/2006,ADS,TX,ASW,CE,Towers with Radar,0,24,90,0,114,0,0,208,1,209,0,24,298,1,323,10,0,10,333
05/22/2006,ADS,TX,ASW,CE,Towers with Radar,0,46,126,1,173,0,11,186,0,197,0,57,312,1,370,32,0,32,402
05/23/2006,ADS,TX,ASW,CE,Towers with Radar,0,44,160,0,204,0,6,256,0,262,0,50,416,0,466,48,0,48,514
05/24/2006,ADS,TX,ASW,CE,Towers with Radar,1,61,106,0,168,0,10,236,0,246,1,71,342,0,414,51,0,51,465
05/25/2006,ADS,TX,ASW,CE,Towers with Radar,0,30,126,0,156,0,13,213,0,226,0,43,339,0,382,42,0,42,424
05/26/2006,ADS,TX,ASW,CE,Towers with Radar,0,48,97,0,145,0,7,195,0,202,0,55,292,0,347,16,0,16,363
05/27/2006,ADS,TX,ASW,CE,Towers with Radar,0,16,49,0,65,0,2,151,0,153,0,18,200,0,218,48,0,48,266
05/28/2006,ADS,TX,ASW,CE,Towers with Radar,1,14,46,0,61,0,0,99,0,99,1,14,145,0,160,64,0,64,224
05/29/2006,ADS,TX,ASW,CE,Towers with Radar,0,18,96,0,114,0,3,166,0,169,0,21,262,0,283,126,0,126,409
05/30/2006,ADS,TX,ASW,CE,Towers with Radar,0,48,93,0,141,0,5,180,0,185,0,53,273,0,326,80,0,80,406
05/31/2006,ADS,TX,ASW,CE,Towers with Radar,2,62,89,0,153,0,5,117,0,122,2,67,206,0,275,42,0,42,317
06/01/2006,ADS,TX,ASW,CE,Towers with Radar,0,46,103,0,149,0,10,136,0,146,0,56,239,0,295,34,0,34,329
06/02/2006,ADS,TX,ASW,CE,Towers with Radar,2,45,86,0,133,0,9,255,0,264,2,54,341,0,397,22,0,22,419
06/03/2006,ADS,TX,ASW,CE,Towers with Radar,0,19,74,0,93,0,1,298,0,299,0,20,372,0,392,26,0,26,418
06/04/2006,ADS,TX,ASW,CE,Towers with Radar,0,23,68,0,91,0,0,233,0,233,0,23,301,0,324,46,0,46,370
06/05/2006,ADS,TX,ASW,CE,Towers with Radar,1,47,87,1,136,0,6,171,0,177,1,53,258,1,313,26,0,26,339
06/06/2006,ADS,TX,ASW,CE,Towers with Radar,0,50,119,0,169,0,12,226,0,238,0,62,345,0,407,0,0,0,407
06/07/2006,ADS,TX,ASW,CE,Towers with Radar,0,42,105,0,147,0,16,206,0,222,0,58,311,0,369,14,0,14,383
06/08/2006,ADS,TX,ASW,CE,Towers with Radar,0,45,103,0,148,0,24,254,0,278,0,69,357,0,426,42,0,42,468
06/09/2006,ADS,TX,ASW,CE,Towers with Radar,0,30,80,0,110,0,19,259,0,278,0,49,339,0,388,28,0,28,416
06/10/2006,ADS,TX,ASW,CE,Towers with Radar,0,25,45,0,70,0,0,268,0,268,0,25,313,0,338,38,0,38,376
06/11/2006,ADS,TX,ASW,CE,Towers with Radar,0,23,89,0,112,0,0,212,0,212,0,23,301,0,324,2,0,2,326
06/12/2006,ADS,TX,ASW,CE,Towers with Radar,0,45,88,0,133,0,16,175,0,191,0,61,263,0,324,10,0,10,334
06/13/2006,ADS,TX,ASW,CE,Towers with Radar,1,33,106,0,140,0,19,181,0,200,1,52,287,0,340,84,0,84,424
06/14/2006,ADS,TX,ASW,CE,Towers with Radar,0,51,144,0,195,0,31,211,0,242,0,82,355,0,437,34,0,34,471
06/15/2006,ADS,TX,ASW,CE,Towers with Radar,0,49,103,2,154,0,19,225,0,244,0,68,328,2,398,44,0,44,442
06/16/2006,ADS,TX,ASW,CE,Towers with Radar,0,59,105,0,164,0,7,168,0,175,0,66,273,0,339,12,0,12,351
06/17/2006,ADS,TX,ASW,CE,Towers with Radar,0,19,56,0,75,0,1,129,0,130,0,20,185,0,205,30,0,30,235
06/18/2006,ADS,TX,ASW,CE,Towers with Radar,0,33,63,0,96,0,1,200,0,201,0,34,263,0,297,34,0,34,331
06/19/2006,ADS,TX,ASW,CE,Towers with Radar,1,41,108,0,150,1,15,190,0,206,2,56,298,0,356,12,0,12,368
06/20/2006,ADS,TX,ASW,CE,Towers with Radar,0,58,148,0,206,0,12,169,1,182,0,70,317,1,388,40,0,40,428
06/21/2006,ADS,TX,ASW,CE,Towers with Radar,2,58,122,0,182,0,18,279,0,297,2,76,401,0,479,56,0,56,535
06/22/2006,ADS,TX,ASW,CE,Towers with Radar,0,56,115,0,171,0,7,198,0,205,0,63,313,0,376,58,0,58,434
06/23/2006,ADS,TX,ASW,CE,Towers with Radar,2,61,103,0,166,0,9,170,0,179,2,70,273,0,345,40,0,40,385
06/24/2006,ADS,TX,ASW,CE,Towers with Radar,0,32,85,0,117,0,1,236,0,237,0,33,321,0,354,32,0,32,386
06/25/2006,ADS,TX,ASW,CE,Towers with Radar,0,22,0,0,22,0,0,290,0,290,0,22,290,0,312,2,0,2,314
06/26/2006,ADS,TX,ASW,CE,Towers with Radar,0,41,87,0,128,0,9,214,0,223,0,50,301,0,351,20,0,20,371
06/27/2006,ADS,TX,ASW,CE,Towers with Radar,0,50,130,0,180,0,12,298,0,310,0,62,428,0,490,34,0,34,524
06/28/2006,ADS,TX,ASW,CE,Towers with Radar,0,42,116,0,158,0,8,256,0,264,0,50,372,0,422,24,0,24,446
06/29/2006,ADS,TX,ASW,CE,Towers with Radar,0,48,136,0,184,0,22,298,0,320,0,70,434,0,504,20,0,20,524
06/30/2006,ADS,TX,ASW,CE,Towers with Radar,0,54,106,0,160,0,17,282,0,299,0,71,388,0,459,8,0,8,467
07/01/2006,ADS,TX,ASW,CE,Towers with Radar,0,31,79,0,110,0,0,234,0,234,0,31,313,0,344,16,0,16,360
07/02/2006,ADS,TX,ASW,CE,Towers with Radar,0,26,50,0,76,0,5,227,0,232,0,31,277,0,308,20,0,20,328
07/03/2006,ADS,TX,ASW,CE,Towers with Radar,0,23,66,0,89,0,11,151,0,162,0,34,217,0,251,20,0,20,271
07/04/2006,ADS,TX,ASW,CE,Towers with Radar,0,20,50,0,70,0,1,87,0,88,0,21,137,0,158,12,0,12,170
07/05/2006,ADS,TX,ASW,CE,Towers with Radar,0,54,101,0,155,0,6,99,0,105,0,60,200,0,260,8,0,8,268
07/06/2006,ADS,TX,ASW,CE,Towers with Radar,0,33,153,0,186,0,19,147,0,166,0,52,300,0,352,4,0,4,356
07/07/2006,ADS,TX,ASW,CE,Towers with Radar,0,43,118,1,162,0,11,215,2,228,0,54,333,3,390,40,0,40,430
07/08/2006,ADS,TX,ASW,CE,Towers with Radar,2,18,54,0,74,0,1,235,0,236,2,19,289,0,310,26,0,26,336
07/09/2006,ADS,TX,ASW,CE,Towers with Radar,0,30,75,0,105,0,1,245,0,246,0,31,320,0,351,22,0,22,373
07/10/2006,ADS,TX,ASW,CE,Towers with Radar,0,59,99,0,158,0,8,173,0,181,0,67,272,0,339,32,0,32,371
07/11/2006,ADS,TX,ASW,CE,Towers with Radar,0,58,118,0,176,0,9,185,0,194,0,67,303,0,370,34,0,34,404
07/12/2006,ADS,TX,ASW,CE,Towers with Radar,0,43,106,0,149,0,17,177,0,194,0,60,283,0,343,2,0,2,345
07/13/2006,ADS,TX,ASW,CE,Towers with Radar,0,30,112,0,142,0,12,241,0,253,0,42,353,0,395,10,0,10,405
07/14/2006,ADS,TX,ASW,CE,Towers with Radar,0,33,103,0,136,0,13,237,0,250,0,46,340,0,386,2,0,2,388
07/15/2006,ADS,TX,ASW,CE,Towers with Radar,0,16,64,0,80,0,0,261,0,261,0,16,325,0,341,26,0,26,367
07/16/2006,ADS,TX,ASW,CE,Towers with Radar,0,26,78,0,104,0,0,245,0,245,0,26,323,0,349,4,0,4,353
07/17/2006,ADS,TX,ASW,CE,Towers with Radar,0,40,93,0,133,0,14,188,0,202,0,54,281,0,335,18,0,18,353
07/18/2006,ADS,TX,ASW,CE,Towers with Radar,0,45,81,0,126,0,10,250,0,260,0,55,331,0,386,24,0,24,410
07/19/2006,ADS,TX,ASW,CE,Towers with Radar,0,54,87,0,141,0,12,216,0,228,0,66,303,0,369,6,0,6,375
07/20/2006,ADS,TX,ASW,CE,Towers with Radar,0,46,97,1,144,0,15,203,0,218,0,61,300,1,362,16,0,16,378
07/21/2006,ADS,TX,ASW,CE,Towers with Radar,0,46,77,0,123,0,14,204,0,218,0,60,281,0,341,12,0,12,353
07/22/2006,ADS,TX,ASW,CE,Towers with Radar,0,27,74,0,101,0,1,243,0,244,0,28,317,0,345,42,0,42,387
07/23/2006,ADS,TX,ASW,CE,Towers with Radar,0,21,68,0,89,0,0,194,0,194,0,21,262,0,283,12,0,12,295
07/24/2006,ADS,TX,ASW,CE,Towers with Radar,0,38,116,0,154,0,22,229,0,251,0,60,345,0,405,10,0,10,415
07/25/2006,ADS,TX,ASW,CE,Towers with Radar,0,45,93,0,138,0,14,170,0,184,0,59,263,0,322,26,0,26,348
07/26/2006,ADS,TX,ASW,CE,Towers with Radar,0,44,123,0,167,0,13,191,0,204,0,57,314,0,371,26,0,26,397
07/27/2006,ADS,TX,ASW,CE,Towers with Radar,1,52,130,0,183,0,14,172,0,186,1,66,302,0,369,30,0,30,399
07/28/2006,ADS,TX,ASW,CE,Towers with Radar,0,44,96,0,140,0,20,184,0,204,0,64,280,0,344,2,0,2,346
07/29/2006,ADS,TX,ASW,CE,Towers with Radar,0,16,61,0,77,0,0,176,0,176,0,16,237,0,253,24,0,24,277
07/30/2006,ADS,TX,ASW,CE,Towers with Radar,0,28,62,0,90,0,0,195,0,195,0,28,257,0,285,10,0,10,295
07/31/2006,ADS,TX,ASW,CE,Towers with Radar,0,45,76,0,121,0,11,190,0,201,0,56,266,0,322,22,0,22,344
08/01/2006,ADS,TX,ASW,CE,Towers with Radar,0,55,84,0,139,0,10,208,0,218,0,65,292,0,357,0,0,0,357
08/02/2006,ADS,TX,ASW,CE,Towers with Radar,0,42,93,0,135,0,10,213,0,223,0,52,306,0,358,8,0,8,366
08/03/2006,ADS,TX,ASW,CE,Towers with Radar,1,45,82,0,128,0,17,242,0,259,1,62,324,0,387,26,0,26,413
08/04/2006,ADS,TX,ASW,CE,Towers with Radar,0,46,94,0,140,0,14,222,0,236,0,60,316,0,376,0,0,0,376
08/05/2006,ADS,TX,ASW,CE,Towers with Radar,0,11,46,0,57,0,11,253,0,264,0,22,299,0,321,26,0,26,347
08/06/2006,ADS,TX,ASW,CE,Towers with Radar,1,41,77,0,119,0,0,160,0,160,1,41,237,0,279,6,0,6,285
08/07/2006,ADS,TX,ASW,CE,Towers with Radar,0,53,99,0,152,0,7,166,0,173,0,60,265,0,325,10,0,10,335
08/08/2006,ADS,TX,ASW,CE,Towers with Radar,0,42,111,0,153,0,10,205,0,215,0,52,316,0,368,16,0,16,384
08/09/2006,ADS,TX,ASW,CE,Towers with Radar,1,46,118,0,165,1,22,246,0,269,2,68,364,0,434,24,0,24,458
08/10/2006,ADS,TX,ASW,CE,Towers with Radar,0,55,80,0,135,0,16,252,0,268,0,71,332,0,403,66,0,66,469
08/11/2006,ADS,TX,ASW,CE,Towers with Radar,0,54,106,0,160,0,9,190,0,199,0,63,296,0,359,8,0,8,367
08/12/2006,ADS,TX,ASW,CE,Towers with Radar,0,20,54,0,74,0,0,182,0,182,0,20,236,0,256,62,0,62,318
08/13/2006,ADS,TX,ASW,CE,Towers with Radar,0,29,84,0,113,0,0,220,0,220,0,29,304,0,333,28,0,28,361
08/14/2006,ADS,TX,ASW,CE,Towers with Radar,0,46,112,0,158,0,1,142,0,143,0,47,254,0,301,38,0,38,339
08/15/2006,ADS,TX,ASW,CE,Towers with Radar,1,47,100,0,148,0,13,234,0,247,1,60,334,0,395,6,0,6,401
08/16/2006,ADS,TX,ASW,CE,Towers with Radar,0,37,93,0,130,0,15,221,0,236,0,52,314,0,366,44,0,44,410
08/17/2006,ADS,TX,ASW,CE,Towers with Radar,0,31,113,0,144,0,20,189,0,209,0,51,302,0,353,12,0,12,365
08/18/2006,ADS,TX,ASW,CE,Towers with Radar,0,50,112,0,162,0,6,179,0,185,0,56,291,0,347,30,0,30,377
08/19/2006,ADS,TX,ASW,CE,Towers with Radar,0,13,15,0,28,0,6,337,0,343,0,19,352,0,371,20,0,20,391
08/20/2006,ADS,TX,ASW,CE,Towers with Radar,1,19,83,0,103,0,0,218,0,218,1,19,301,0,321,34,0,34,355
08/21/2006,ADS,TX,ASW,CE,Towers with Radar,0,45,99,0,144,0,13,229,0,242,0,58,328,0,386,6,0,6,392
08/22/2006,ADS,TX,ASW,CE,Towers with Radar,0,61,107,0,168,0,12,177,0,189,0,73,284,0,357,24,0,24,381
08/23/2006,ADS,TX,ASW,CE,Towers with Radar,0,62,96,0,158,0,5,196,0,201,0,67,292,0,359,28,0,28,387
08/24/2006,ADS,TX,ASW,CE,Towers with Radar,0,52,128,0,180,0,17,206,0,223,0,69,334,0,403,38,0,38,441
08/25/2006,ADS,TX,ASW,CE,Towers with Radar,1,49,113,0,163,0,9,247,0,256,1,58,360,0,419,2,0,2,421
08/26/2006,ADS,TX,ASW,CE,Towers with Radar,0,18,49,0,67,0,2,216,0,218,0,20,265,0,285,26,0,26,311
08/27/2006,ADS,TX,ASW,CE,Towers with Radar,0,37,76,0,113,0,7,144,0,151,0,44,220,0,264,28,0,28,292
08/28/2006,ADS,TX,ASW,CE,Towers with Radar,1,77,110,0,188,0,10,24,0,34,1,87,134,0,222,12,0,12,234
08/29/2006,ADS,TX,ASW,CE,Towers with Radar,0,42,97,0,139,0,0,221,0,221,0,42,318,0,360,54,0,54,414
08/30/2006,ADS,TX,ASW,CE,Towers with Radar,0,44,108,0,152,0,9,281,0,290,0,53,389,0,442,56,0,56,498
08/31/2006,ADS,TX,ASW,CE,Towers with Radar,0,37,101,0,138,0,10,271,0,281,0,47,372,0,419,24,0,24,443
09/01/2006,ADS,TX,ASW,CE,Towers with Radar,2,45,114,0,161,0,12,246,0,258,2,57,360,0,419,74,0,74,493
09/02/2006,ADS,TX,ASW,CE,Towers with Radar,0,20,51,0,71,0,0,219,0,219,0,20,270,0,290,36,0,36,326
09/03/2006,ADS,TX,ASW,CE,Towers with Radar,0,16,42,0,58,0,0,102,0,102,0,16,144,0,160,56,0,56,216
09/04/2006,ADS,TX,ASW,CE,Towers with Radar,0,29,113,0,142,0,0,4,0,4,0,29,117,0,146,22,0,22,168
09/05/2006,ADS,TX,ASW,CE,Towers with Radar,0,53,106,0,159,0,7,179,0,186,0,60,285,0,345,20,0,20,365
09/06/2006,ADS,TX,ASW,CE,Towers with Radar,0,50,103,0,153,0,9,304,0,313,0,59,407,0,466,14,0,14,480
09/07/2006,ADS,TX,ASW,CE,Towers with Radar,0,55,116,0,171,0,22,228,0,250,0,77,344,0,421,46,0,46,467
09/08/2006,ADS,TX,ASW,CE,Towers with Radar,0,62,134,0,196,0,14,215,0,229,0,76,349,0,425,32,0,32,457
09/09/2006,ADS,TX,ASW,CE,Towers with Radar,0,16,56,0,72,0,1,237,0,238,0,17,293,0,310,26,0,26,336
09/10/2006,ADS,TX,ASW,CE,Towers with Radar,0,29,84,0,113,0,5,200,0,205,0,34,284,0,318,20,0,20,338
09/11/2006,ADS,TX,ASW,CE,Towers with Radar,2,45,129,0,176,3,29,125,0,157,5,74,254,0,333,70,0,70,403
09/12/2006,ADS,TX,ASW,CE,Towers with Radar,0,47,107,0,154,0,8,243,0,251,0,55,350,0,405,26,0,26,431
09/13/2006,ADS,TX,ASW,CE,Towers with Radar,0,44,110,1,155,0,7,280,0,287,0,51,390,1,442,63,0,63,505
09/14/2006,ADS,TX,ASW,CE,Towers with Radar,0,27,121,0,148,0,21,292,0,313,0,48,413,0,461,46,0,46,507
09/15/2006,ADS,TX,ASW,CE,Towers with Radar,0,54,140,0,194,0,10,203,0,213,0,64,343,0,407,80,0,80,487
09/16/2006,ADS,TX,ASW,CE,Towers with Radar,0,22,82,0,104,0,1,172,0,173,0,23,254,0,277,42,0,42,319
09/17/2006,ADS,TX,ASW,CE,Towers with Radar,1,31,89,0,121,0,0,30,0,30,1,31,119,0,151,6,0,6,157
09/18/2006,ADS,TX,ASW,CE,Towers with Radar,0,46,82,0,128,0,14,177,0,191,0,60,259,0,319,54,0,54,373
09/19/2006,ADS,TX,ASW,CE,Towers with Radar,1,38,101,0,140,0,13,285,0,298,1,51,386,0,438,44,0,44,482
09/20/2006,ADS,TX,ASW,CE,Towers with Radar,2,44,114,2,162,0,5,269,0,274,2,49,383,2,436,48,0,48,484
09/21/2006,ADS,TX,ASW,CE,Towers with Radar,0,47,98,0,145,0,13,131,0,144,0,60,229,0,289,2,0,2,291
09/22/2006,ADS,TX,ASW,CE,Towers with Radar,1,53,136,0,190,0,5,159,0,164,1,58,295,0,354,12,0,12,366
09/23/2006,ADS,TX,ASW,CE,Towers with Radar,0,18,46,0,64,0,2,124,0,126,0,20,170,0,190,24,0,24,214
09/24/2006,ADS,TX,ASW,CE,Towers with Radar,1,18,111,0,130,0,2,250,0,252,1,20,361,0,382,48,0,48,430
09/25/2006,ADS,TX,ASW,CE,Towers with Radar,3,55,114,0,172,0,9,286,0,295,3,64,400,0,467,112,0,112,579
09/26/2006,ADS,TX,ASW,CE,Towers with Radar,0,61,112,0,173,0,4,295,0,299,0,65,407,0,472,42,0,42,514
09/27/2006,ADS,TX,ASW,CE,Towers with Radar,0,45,64,0,109,0,19,277,0,296,0,64,341,0,405,54,0,54,459
09/28/2006,ADS,TX,ASW,CE,Towers with Radar,4,60,113,0,177,0,6,221,0,227,4,66,334,0,404,22,0,22,426
09/29/2006,ADS,TX,ASW,CE,Towers with Radar,0,49,98,0,147,0,11,252,0,263,0,60,350,0,410,30,0,30,440
09/30/2006,ADS,TX,ASW,CE,Towers with Radar,0,31,62,0,93,0,2,234,0,236,0,33,296,0,329,0,0,0,329
10/01/2006,ADS,TX,ASW,CE,Towers with Radar,0,29,92,0,121,0,0,229,0,229,0,29,321,0,350,0,0,0,350
10/02/2006,ADS,TX,ASW,CE,Towers with Radar,0,41,82,0,123,0,13,193,0,206,0,54,275,0,329,48,0,48,377
10/03/2006,ADS,TX,ASW,CE,Towers with Radar,1,68,132,0,201,0,9,286,0,295,1,77,418,0,496,46,0,46,542
10/04/2006,ADS,TX,ASW,CE,Towers with Radar,1,49,118,0,168,0,8,288,0,296,1,57,406,0,464,140,0,140,604
10/05/2006,ADS,TX,ASW,CE,Towers with Radar,0,52,115,0,167,0,3,249,0,252,0,55,364,0,419,38,0,38,457
10/06/2006,ADS,TX,ASW,CE,Towers with Radar,0,64,156,0,220,0,6,176,0,182,0,70,332,0,402,22,0,22,424
10/07/2006,ADS,TX,ASW,CE,Towers with Radar,2,16,70,0,88,0,0,219,0,219,2,16,289,0,307,22,0,22,329
10/08/2006,ADS,TX,ASW,CE,Towers with Radar,0,35,100,0,135,0,0,281,0,281,0,35,381,0,416,30,0,30,446
10/09/2006,ADS,TX,ASW,CE,Towers with Radar,0,39,91,0,130,0,0,234,0,234,0,39,325,0,364,88,0,88,452
10/10/2006,ADS,TX,ASW,CE,Towers with Radar,0,50,115,0,165,0,5,38,0,43,0,55,153,0,208,24,0,24,232
10/11/2006,ADS,TX,ASW,CE,Towers with Radar,0,53,111,0,164,0,4,273,0,277,0,57,384,0,441,44,0,44,485
10/12/2006,ADS,TX,ASW,CE,Towers with Radar,0,57,112,0,169,0,9,127,0,136,0,66,239,0,305,18,0,18,323
10/13/2006,ADS,TX,ASW,CE,Towers with Radar,0,49,98,0,147,0,12,253,0,265,0,61,351,0,412,40,0,40,452
10/14/2006,ADS,TX,ASW,CE,Towers with Radar,0,26,83,0,109,0,0,260,0,260,0,26,343,0,369,62,0,62,431
10/15/2006,ADS,TX,ASW,CE,Towers with Radar,1,27,87,0,115,0,0,1,0,1,1,27,88,0,116,10,0,10,126
10/16/2006,ADS,TX,ASW,CE,Towers with Radar,0,70,84,0,154,0,4,59,0,63,0,74,143,0,217,4,4,8,225
10/17/2006,ADS,TX,ASW,CE,Towers with Radar,0,59,119,0,178,0,9,211,0,220,0,68,330,0,398,36,0,36,434
10/18/2006,ADS,TX,ASW,CE,Towers with Radar,0,59,132,0,191,0,5,192,0,197,0,64,324,0,388,42,0,42,430
10/19/2006,ADS,TX,ASW,CE,Towers with Radar,0,44,125,0,169,0,14,140,0,154,0,58,265,0,323,20,0,20,343
10/20/2006,ADS,TX,ASW,CE,Towers with Radar,1,39,140,0,180,0,13,260,0,273,1,52,400,0,453,54,0,54,507
10/21/2006,ADS,TX,ASW,CE,Towers with Radar,1,24,86,0,111,0,0,260,0,260,1,24,346,0,371,40,0,40,411
10/22/2006,ADS,TX,ASW,CE,Towers with Radar,0,29,117,0,146,0,0,263,0,263,0,29,380,0,409,54,0,54,463
10/23/2006,ADS,TX,ASW,CE,Towers with Radar,0,45,108,0,153,0,6,311,0,317,0,51,419,0,470,130,0,130,600
10/24/2006,ADS,TX,ASW,CE,Towers with Radar,0,65,153,0,218,0,4,179,0,183,0,69,332,0,401,56,0,56,457
10/25/2006,ADS,TX,ASW,CE,Towers with Radar,0,55,135,0,190,0,0,2,0,2,0,55,137,0,192,0,0,0,192
10/26/2006,ADS,TX,ASW,CE,Towers with Radar,0,48,114,0,162,0,11,119,0,130,0,59,233,0,292,84,0,84,376
10/27/2006,ADS,TX,ASW,CE,Towers with Radar,0,50,121,0,171,0,4,95,0,99,0,54,216,0,270,4,0,4,274
10/28/2006,ADS,TX,ASW,CE,Towers with Radar,0,22,78,0,100,0,0,285,0,285,0,22,363,0,385,72,0,72,457
10/29/2006,ADS,TX,ASW,CE,Towers with Radar,0,21,90,0,111,0,1,240,0,241,0,22,330,0,352,36,0,36,388
10/30/2006,ADS,TX,ASW,CE,Towers with Radar,0,46,109,1,156,0,1,114,0,115,0,47,223,1,271,28,0,28,299
10/31/2006,ADS,TX,ASW,CE,Towers with Radar,0,50,146,0,196,0,6,128,0,134,0,56,274,0,330,48,0,48,378
11/01/2006,ADS,TX,ASW,CE,Towers with Radar,2,51,121,2,176,0,7,192,0,199,2,58,313,2,375,48,0,48,423
11/02/2006,ADS,TX,ASW,CE,Towers with Radar,1,63,135,0,199,0,15,262,0,277,1,78,397,0,476,22,0,22,498
11/03/2006,ADS,TX,ASW,CE,Towers with Radar,2,53,101,0,156,0,9,278,0,287,2,62,379,0,443,22,0,22,465
11/04/2006,ADS,TX,ASW,CE,Towers with Radar,0,25,73,0,98,0,4,245,0,249,0,29,318,0,347,68,0,68,415
11/05/2006,ADS,TX,ASW,CE,Towers with Radar,0,31,110,0,141,0,8,41,0,49,0,39,151,0,190,45,0,45,235
11/06/2006,ADS,TX,ASW,CE,Towers with Radar,0,43,65,0,108,0,0,14,0,14,0,43,79,0,122,18,0,18,140
11/07/2006,ADS,TX,ASW,CE,Towers with Radar,2,76,163,0,241,0,5,191,0,196,2,81,354,0,437,34,0,34,471
11/08/2006,ADS,TX,ASW,CE,Towers with Radar,0,40,94,0,134,0,8,265,0,273,0,48,359,0,407,22,0,22,429
11/09/2006,ADS,TX,ASW,CE,Towers with Radar,0,41,130,0,171,0,14,177,0,191,0,55,307,0,362,60,0,60,422
11/10/2006,ADS,TX,ASW,CE,Towers with Radar,0,64,152,0,216,0,7,178,0,185,0,71,330,0,401,74,0,74,475
11/11/2006,ADS,TX,ASW,CE,Towers with Radar,1,16,85,0,102,0,0,270,0,270,1,16,355,0,372,88,0,88,460
11/12/2006,ADS,TX,ASW,CE,Towers with Radar,0,26,106,0,132,0,0,205,0,205,0,26,311,0,337,14,0,14,351
11/13/2006,ADS,TX,ASW,CE,Towers with Radar,2,50,136,0,188,0,15,171,0,186,2,65,307,0,374,82,0,82,456
11/14/2006,ADS,TX,ASW,CE,Towers with Radar,1,54,125,0,180,0,5,200,0,205,1,59,325,0,385,61,0,61,446
11/15/2006,ADS,TX,ASW,CE,Towers with Radar,2,53,82,0,137,0,4,23,0,27,2,57,105,0,164,0,0,0,164
11/16/2006,ADS,TX,ASW,CE,Towers with Radar,0,45,117,0,162,0,16,233,0,249,0,61,350,0,411,30,0,30,441
11/17/2006,ADS,TX,ASW,CE,Towers with Radar,3,60,104,0,167,0,8,332,0,340,3,68,436,0,507,20,0,20,527
11/18/2006,ADS,TX,ASW,CE,Towers with Radar,0,33,77,1,111,0,2,369,0,371,0,35,446,1,482,52,0,52,534
11/19/2006,ADS,TX,ASW,CE,Towers with Radar,0,28,98,0,126,0,0,235,0,235,0,28,333,0,361,62,0,62,423
11/20/2006,ADS,TX,ASW,CE,Towers with Radar,0,49,103,0,152,0,28,204,0,232,0,77,307,0,384,70,0,70,454
11/21/2006,ADS,TX,ASW,CE,Towers with Radar,1,45,114,0,160,0,10,195,0,205,1,55,309,0,365,13,0,13,378
11/22/2006,ADS,TX,ASW,CE,Towers with Radar,0,55,111,0,166,0,6,247,0,253,0,61,358,0,419,42,0,42,461
11/23/2006,ADS,TX,ASW,CE,Towers with Radar,0,18,24,0,42,0,2,106,0,108,0,20,130,0,150,2,0,2,152
11/24/2006,ADS,TX,ASW,CE,Towers with Radar,0,37,104,0,141,0,6,154,0,160,0,43,258,0,301,98,0,98,399
11/25/2006,ADS,TX,ASW,CE,Towers with Radar,1,25,69,0,95,0,1,158,0,159,1,26,227,0,254,112,0,112,366
11/26/2006,ADS,TX,ASW,CE,Towers with Radar,2,40,114,0,156,0,16,139,0,155,2,56,253,0,311,0,0,0,311
11/27/2006,ADS,TX,ASW,CE,Towers with Radar,1,57,145,0,203,0,0,40,0,40,1,57,185,0,243,14,0,14,257
11/28/2006,ADS,TX,ASW,CE,Towers with Radar,1,28,100,0,129,0,3,141,0,144,1,31,241,0,273,4,0,4,277
11/29/2006,ADS,TX,ASW,CE,Towers with Radar,0,52,110,0,162,0,5,62,0,67,0,57,172,0,229,36,0,36,265
11/30/2006,ADS,TX,ASW,CE,Towers with Radar,0,26,35,0,61,0,0,0,0,0,0,26,35,0,61,0,0,0,61
12/01/2006,ADS,TX,ASW,CE,Towers with Radar,0,43,102,0,145,0,4,201,0,205,0,47,303,0,350,54,0,54,404
12/02/2006,ADS,TX,ASW,CE,Towers with Radar,3,18,57,0,78,1,5,277,0,283,4,23,334,0,361,62,0,62,423
12/03/2006,ADS,TX,ASW,CE,Towers with Radar,0,30,95,0,125,0,0,176,0,176,0,30,271,0,301,52,0,52,353
12/04/2006,ADS,TX,ASW,CE,Towers with Radar,1,35,101,0,137,0,0,194,0,194,1,35,295,0,331,84,0,84,415
12/05/2006,ADS,TX,ASW,CE,Towers with Radar,7,47,91,0,145,0,6,242,0,248,7,53,333,0,393,66,0,66,459
12/06/2006,ADS,TX,ASW,CE,Towers with Radar,2,52,140,0,194,0,9,262,0,271,2,61,402,0,465,103,0,103,568
12/07/2006,ADS,TX,ASW,CE,Towers with Radar,4,61,145,0,210,0,3,138,0,141,4,64,283,0,351,26,0,26,377
12/08/2006,ADS,TX,ASW,CE,Towers with Radar,1,75,142,0,218,0,0,165,0,165,1,75,307,0,383,68,0,68,451
12/09/2006,ADS,TX,ASW,CE,Towers with Radar,0,26,82,0,108,0,0,224,0,224,0,26,306,0,332,32,0,32,364
12/10/2006,ADS,TX,ASW,CE,Towers with Radar,0,31,91,0,122,0,0,45,0,45,0,31,136,0,167,16,0,16,183
12/11/2006,ADS,TX,ASW,CE,Towers with Radar,1,44,124,1,170,0,3,145,0,148,1,47,269,1,318,66,0,66,384
12/12/2006,ADS,TX,ASW,CE,Towers with Radar,0,72,101,0,173,0,1,254,2,257,0,73,355,2,430,124,2,126,556
12/13/2006,ADS,TX,ASW,CE,Towers with Radar,0,46,110,1,157,0,3,293,0,296,0,49,403,1,453,122,0,122,575
12/14/2006,ADS,TX,ASW,CE,Towers with Radar,1,46,91,0,138,0,11,287,0,298,1,57,378,0,436,42,0,42,478
12/15/2006,ADS,TX,ASW,CE,Towers with Radar,2,86,133,0,221,0,1,203,0,204,2,87,336,0,425,52,0,52,477
12/16/2006,ADS,TX,ASW,CE,Towers with Radar,2,31,91,0,124,0,0,146,0,146,2,31,237,0,270,2,0,2,272
12/17/2006,ADS,TX,ASW,CE,Towers with Radar,1,33,66,0,100,0,0,155,0,155,1,33,221,0,255,22,0,22,277
12/18/2006,ADS,TX,ASW,CE,Towers with Radar,1,62,123,0,186,0,0,59,0,59,1,62,182,0,245,46,0,46,291
12/19/2006,ADS,TX,ASW,CE,Towers with Radar,0,57,132,0,189,0,0,0,0,0,0,57,132,0,189,0,0,0,189
12/20/2006,ADS,TX,ASW,CE,Towers with Radar,1,45,91,0,137,0,2,75,0,77,1,47,166,0,214,20,0,20,234
12/21/2006,ADS,TX,ASW,CE,Towers with Radar,0,49,103,0,152,0,8,232,0,240,0,57,335,0,392,32,0,32,424
12/22/2006,ADS,TX,ASW,CE,Towers with Radar,0,56,101,0,157,0,7,324,0,331,0,63,425,0,488,50,0,50,538
12/23/2006,ADS,TX,ASW,CE,Towers with Radar,0,50,79,0,129,0,1,226,0,227,0,51,305,0,356,28,0,28,384
12/24/2006,ADS,TX,ASW,CE,Towers with Radar,0,15,37,0,52,0,0,30,0,30,0,15,67,0,82,12,0,12,94
12/25/2006,ADS,TX,ASW,CE,Towers with Radar,0,13,24,0,37,0,0,33,0,33,0,13,57,0,70,0,0,0,70
12/26/2006,ADS,TX,ASW,CE,Towers with Radar,0,56,92,0,148,0,4,240,0,244,0,60,332,0,392,14,1,15,407
12/27/2006,ADS,TX,ASW,CE,Towers with Radar,0,42,85,0,127,0,3,229,0,232,0,45,314,0,359,46,0,46,405
12/28/2006,ADS,TX,ASW,CE,Towers with Radar,0,40,86,0,126,0,4,76,0,80,0,44,162,0,206,38,0,38,244
12/29/2006,ADS,TX,ASW,CE,Towers with Radar,0,50,39,0,89,0,0,0,0,0,0,50,39,0,89,0,0,0,89
12/30/2006,ADS,TX,ASW,CE,Towers with Radar,0,23,73,0,96,0,0,182,0,182,0,23,255,0,278,36,0,36,314
12/31/2006,ADS,TX,ASW,CE,Towers with Radar,1,20,46,0,67,0,0,120,0,120,1,20,166,0,187,62,0,62,249
01/01/2007,ADS,TX,ASW,CE,Towers with Radar,0,40,51,0,91,0,0,172,0,172,0,40,223,0,263,56,0,56,319
01/02/2007,ADS,TX,ASW,CE,Towers with Radar,0,49,106,0,155,0,4,250,0,254,0,53,356,0,409,90,0,90,499
01/03/2007,ADS,TX,ASW,CE,Towers with Radar,0,56,126,0,182,0,4,140,0,144,0,60,266,0,326,126,0,126,452
01/04/2007,ADS,TX,ASW,CE,Towers with Radar,0,54,103,0,157,0,0,29,0,29,0,54,132,0,186,46,0,46,232
01/05/2007,ADS,TX,ASW,CE,Towers with Radar,0,44,125,0,169,0,7,113,0,120,0,51,238,0,289,4,0,4,293
01/06/2007,ADS,TX,ASW,CE,Towers with Radar,0,40,83,0,123,0,3,159,0,162,0,43,242,0,285,60,0,60,345
01/07/2007,ADS,TX,ASW,CE,Towers with Radar,0,41,75,0,116,0,0,255,0,255,0,41,330,0,371,8,0,8,379
01/08/2007,ADS,TX,ASW,CE,Towers with Radar,2,35,76,0,113,0,6,223,0,229,2,41,299,0,342,92,0,92,434
01/09/2007,ADS,TX,ASW,CE,Towers with Radar,0,59,89,0,148,0,5,278,0,283,0,64,367,0,431,150,0,150,581
01/10/2007,ADS,TX,ASW,CE,Towers with Radar,0,61,124,0,185,0,7,205,2,214,0,68,329,2,399,102,0,102,501
01/11/2007,ADS,TX,ASW,CE,Towers with Radar,0,58,107,0,165,0,1,36,0,37,0,59,143,0,202,42,0,42,244
01/12/2007,ADS,TX,ASW,CE,Towers with Radar,0,49,87,0,136,0,0,1,0,1,0,49,88,0,137,0,0,0,137
01/13/2007,ADS,TX,ASW,CE,Towers with Radar,0,4,10,0,14,0,0,0,0,0,0,4,10,0,14,0,0,0,14
01/14/2007,ADS,TX,ASW,CE,Towers with Radar,0,7,14,0,21,0,0,0,0,0,0,7,14,0,21,0,0,0,21
01/15/2007,ADS,TX,ASW,CE,Towers with Radar,0,14,45,0,59,0,1,45,0,46,0,15,90,0,105,34,0,34,139
01/16/2007,ADS,TX,ASW,CE,Towers with Radar,0,39,76,0,115,0,7,115,0,122,0,46,191,0,237,56,0,56,293
01/17/2007,ADS,TX,ASW,CE,Towers with Radar,0,27,67,0,94,0,0,9,0,9,0,27,76,0,103,0,0,0,103
01/18/2007,ADS,TX,ASW,CE,Towers with Radar,1,39,80,0,120,0,1,33,0,34,1,40,113,0,154,0,0,0,154
01/19/2007,ADS,TX,ASW,CE,Towers with Radar,0,56,96,0,152,0,0,68,0,68,0,56,164,0,220,22,0,22,242
01/20/2007,ADS,TX,ASW,CE,Towers with Radar,2,20,20,0,42,0,0,3,0,3,2,20,23,0,45,0,0,0,45
01/21/2007,ADS,TX,ASW,CE,Towers with Radar,1,14,62,0,77,0,2,226,0,228,1,16,288,0,305,30,0,30,335
01/22/2007,ADS,TX,ASW,CE,Towers with Radar,0,47,55,0,102,0,5,143,0,148,0,52,198,0,250,42,0,42,292
01/23/2007,ADS,TX,ASW,CE,Towers with Radar,0,35,90,0,125,0,2,165,0,167,0,37,255,0,292,136,0,136,428
01/24/2007,ADS,TX,ASW,CE,Towers with Radar,0,51,121,0,172,0,3,174,0,177,0,54,295,0,349,68,0,68,417
01/25/2007,ADS,TX,ASW,CE,Towers with Radar,0,32,105,0,137,0,5,248,0,253,0,37,353,0,390,38,0,38,428
01/26/2007,ADS,TX,ASW,CE,Towers with Radar,0,61,138,0,199,0,3,248,0,251,0,64,386,0,450,80,0,80,530
01/27/2007,ADS,TX,ASW,CE,Towers with Radar,0,19,56,0,75,0,2,168,0,170,0,21,224,0,245,67,0,67,312
01/28/2007,ADS,TX,ASW,CE,Towers with Radar,0,18,89,0,107,0,0,253,0,253,0,18,342,0,360,76,0,76,436
01/29/2007,ADS,TX,ASW,CE,Towers with Radar,0,46,86,0,132,0,6,167,0,173,0,52,253,0,305,14,0,14,319
01/30/2007,ADS,TX,ASW,CE,Towers with Radar,0,57,109,0,166,0,3,130,0,133,0,60,239,0,299,56,0,56,355
01/31/2007,ADS,TX,ASW,CE,Towers with Radar,0,56,97,0,153,0,10,57,0,67,0,66,154,0,220,94,0,94,314
02/01/2007,ADS,TX,ASW,CE,Towers with Radar,0,41,73,0,114,0,0,0,0,0,0,41,73,0,114,0,0,0,114
02/02/2007,ADS,TX,ASW,CE,Towers with Radar,0,55,101,0,156,0,0,68,0,68,0,55,169,0,224,76,0,76,300
02/03/2007,ADS,TX,ASW,CE,Towers with Radar,0,20,79,0,99,0,1,260,0,261,0,21,339,0,360,26,0,26,386
02/04/2007,ADS,TX,ASW,CE,Towers with Radar,0,28,67,0,95,0,3,242,0,245,0,31,309,0,340,10,0,10,350
02/05/2007,ADS,TX,ASW,CE,Towers with Radar,0,41,135,0,176,0,3,231,0,234,0,44,366,0,410,48,0,48,458
02/06/2007,ADS,TX,ASW,CE,Towers with Radar,0,35,86,0,121,0,11,239,0,250,0,46,325,0,371,72,0,72,443
02/07/2007,ADS,TX,ASW,CE,Towers with Radar,0,51,140,0,191,0,6,276,0,282,0,57,416,0,473,106,0,106,579
02/08/2007,ADS,TX,ASW,CE,Towers with Radar,1,53,125,0,179,0,0,4,0,4,1,53,129,0,183,0,0,0,183
02/09/2007,ADS,TX,ASW,CE,Towers with Radar,0,54,110,0,164,0,0,26,0,26,0,54,136,0,190,26,0,26,216
02/10/2007,ADS,TX,ASW,CE,Towers with Radar,0,19,75,0,94,0,0,147,0,147,0,19,222,0,241,48,0,48,289
02/11/2007,ADS,TX,ASW,CE,Towers with Radar,0,36,96,0,132,0,0,60,0,60,0,36,156,0,192,32,0,32,224
02/12/2007,ADS,TX,ASW,CE,Towers with Radar,0,29,93,0,122,0,0,8,0,8,0,29,101,0,130,6,0,6,136
02/13/2007,ADS,TX,ASW,CE,Towers with Radar,0,56,140,0,196,0,1,34,0,35,0,57,174,0,231,2,0,2,233
02/14/2007,ADS,TX,ASW,CE,Towers with Radar,0,37,111,0,148,0,5,68,0,73,0,42,179,0,221,50,0,50,271
02/15/2007,ADS,TX,ASW,CE,Towers with Radar,0,45,132,0,177,0,2,166,0,168,0,47,298,0,345,26,0,26,371
02/16/2007,ADS,TX,ASW,CE,Towers with Radar,0,59,123,0,182,0,5,273,0,278,0,64,396,0,460,16,0,16,476
02/17/2007,ADS,TX,ASW,CE,Towers with Radar,0,27,62,0,89,0,5,176,0,181,0,32,238,0,270,10,0,10,280
02/18/2007,ADS,TX,ASW,CE,Towers with Radar,1,28,89,0,118,0,2,349,0,351,1,30,438,0,469,34,0,34,503
02/19/2007,ADS,TX,ASW,CE,Towers with Radar,0,43,86,0,129,0,6,151,0,157,0,49,237,0,286,38,0,38,324
02/20/2007,ADS,TX,ASW,CE,Towers with Radar,0,25,87,0,112,0,7,159,0,166,0,32,246,0,278,24,0,24,302
02/21/2007,ADS,TX,ASW,CE,Towers with Radar,0,41,101,0,142,0,7,304,0,311,0,48,405,0,453,48,0,48,501
02/22/2007,ADS,TX,ASW,CE,Towers with Radar,0,46,118,1,165,0,1,240,0,241,0,47,358,1,406,72,0,72,478
02/23/2007,ADS,TX,ASW,CE,Towers with Radar,1,58,178,0,237,0,0,41,0,41,1,58,219,0,278,13,0,13,291
02/24/2007,ADS,TX,ASW,CE,Towers with Radar,0,16,36,0,52,0,0,14,0,14,0,16,50,0,66,2,0,2,68
02/25/2007,ADS,TX,ASW,CE,Towers with Radar,0,26,101,0,127,0,0,361,0,361,0,26,462,0,488,26,0,26,514
02/26/2007,ADS,TX,ASW,CE,Towers with Radar,0,47,99,0,146,0,4,207,0,211,0,51,306,0,357,36,0,36,393
02/27/2007,ADS,TX,ASW,CE,Towers with Radar,2,49,122,0,173,1,10,274,0,285,3,59,396,0,458,12,0,12,470
02/28/2007,ADS,TX,ASW,CE,Towers with Radar,1,47,132,0,180,0,13,98,0,111,1,60,230,0,291,10,0,10,301
03/01/2007,ADS,TX,ASW,CE,Towers with Radar,0,71,132,0,203,0,9,109,0,118,0,80,241,0,321,28,0,28,349
03/02/2007,ADS,TX,ASW,CE,Towers with Radar,0,44,133,0,177,0,17,245,0,262,0,61,378,0,439,26,0,26,465
03/03/2007,ADS,TX,ASW,CE,Towers with Radar,2,22,88,0,112,0,0,241,0,241,2,22,329,0,353,32,0,32,385
03/04/2007,ADS,TX,ASW,CE,Towers with Radar,0,13,106,0,119,0,0,280,0,280,0,13,386,0,399,69,0,69,468
03/05/2007,ADS,TX,ASW,CE,Towers with Radar,0,65,69,0,134,0,5,235,0,240,0,70,304,0,374,64,0,64,438
03/06/2007,ADS,TX,ASW,CE,Towers with Radar,0,30,108,0,138,0,15,205,1,221,0,45,313,1,359,96,0,96,455
03/07/2007,ADS,TX,ASW,CE,Towers with Radar,0,34,108,0,142,0,5,249,0,254,0,39,357,0,396,70,0,70,466
03/08/2007,ADS,TX,ASW,CE,Towers with Radar,0,42,131,0,173,0,5,232,0,237,0,47,363,0,410,64,0,64,474
03/09/2007,ADS,TX,ASW,CE,Towers with Radar,0,59,101,0,160,0,12,154,0,166,0,71,255,0,326,88,0,88,414
03/10/2007,ADS,TX,ASW,CE,Towers with Radar,0,34,87,0,121,0,0,369,0,369,0,34,456,0,490,56,0,56,546
03/11/2007,ADS,TX,ASW,CE,Towers with Radar,5,28,76,0,109,0,0,161,0,161,5,28,237,0,270,102,0,102,372
03/12/2007,ADS,TX,ASW,CE,Towers with Radar,0,43,91,0,134,0,3,86,0,89,0,46,177,0,223,16,0,16,239
03/13/2007,ADS,TX,ASW,CE,Towers with Radar,0,41,82,0,123,0,1,46,0,47,0,42,128,0,170,12,0,12,182
03/14/2007,ADS,TX,ASW,CE,Towers with Radar,0,69,133,0,202,0,0,97,0,97,0,69,230,0,299,80,0,80,379
03/15/2007,ADS,TX,ASW,CE,Towers with Radar,2,57,114,0,173,0,3,252,0,255,2,60,366,0,428,80,0,80,508
03/16/2007,ADS,TX,ASW,CE,Towers with Radar,0,66,108,0,174,0,3,243,0,246,0,69,351,0,420,28,0,28,448
03/17/2007,ADS,TX,ASW,CE,Towers with Radar,0,33,77,0,110,0,0,257,0,257,0,33,334,0,367,80,0,80,447
03/18/2007,ADS,TX,ASW,CE,Towers with Radar,1,48,112,0,161,0,0,72,0,72,1,48,184,0,233,2,0,2,235
03/19/2007,ADS,TX,ASW,CE,Towers with Radar,0,39,98,0,137,0,6,55,0,61,0,45,153,0,198,0,0,0,198
03/20/2007,ADS,TX,ASW,CE,Towers with Radar,0,55,135,0,190,0,2,67,0,69,0,57,202,0,259,12,0,12,271
03/21/2007,ADS,TX,ASW,CE,Towers with Radar,0,42,108,0,150,0,1,34,0,35,0,43,142,0,185,0,0,0,185
03/22/2007,ADS,TX,ASW,CE,Towers with Radar,0,38,152,0,190,0,7,51,0,58,0,45,203,0,248,2,0,2,250
03/23/2007,ADS,TX,ASW,CE,Towers with Radar,0,46,92,0,138,0,1,53,0,54,0,47,145,0,192,0,0,0,192
03/24/2007,ADS,TX,ASW,CE,Towers with Radar,0,23,82,0,105,0,0,177,0,177,0,23,259,0,282,76,0,76,358
03/25/2007,ADS,TX,ASW,CE,Towers with Radar,1,34,96,0,131,0,0,48,0,48,1,34,144,0,179,30,0,30,209
03/26/2007,ADS,TX,ASW,CE,Towers with Radar,0,53,103,0,156,0,0,29,0,29,0,53,132,0,185,44,0,44,229
03/27/2007,ADS,TX,ASW,CE,Towers with Radar,0,67,111,0,178,0,0,111,0,111,0,67,222,0,289,50,0,50,339
03/28/2007,ADS,TX,ASW,CE,Towers with Radar,2,44,125,0,171,0,2,142,0,144,2,46,267,0,315,42,0,42,357
03/29/2007,ADS,TX,ASW,CE,Towers with Radar,1,39,91,0,131,0,0,35,0,35,1,39,126,0,166,22,0,22,188
03/30/2007,ADS,TX,ASW,CE,Towers with Radar,0,36,61,0,97,0,0,11,0,11,0,36,72,0,108,0,0,0,108
03/31/2007,ADS,TX,ASW,CE,Towers with Radar,0,22,71,0,93,0,1,293,0,294,0,23,364,0,387,36,0,36,423
04/01/2007,ADS,TX,ASW,CE,Towers with Radar,2,20,106,0,128,0,0,399,0,399,2,20,505,0,527,80,0,80,607
04/02/2007,ADS,TX,ASW,CE,Towers with Radar,1,42,116,0,159,0,0,85,0,85,1,42,201,0,244,50,0,50,294
04/03/2007,ADS,TX,ASW,CE,Towers with Radar,1,37,96,0,134,0,2,165,0,167,1,39,261,0,301,66,0,66,367
04/04/2007,ADS,TX,ASW,CE,Towers with Radar,1,50,112,0,163,0,3,148,0,151,1,53,260,0,314,38,0,38,352
04/05/2007,ADS,TX,ASW,CE,Towers with Radar,0,54,155,0,209,0,4,258,0,262,0,58,413,0,471,34,0,34,505
04/06/2007,ADS,TX,ASW,CE,Towers with Radar,0,54,100,0,154,0,4,190,0,194,0,58,290,0,348,69,0,69,417
04/07/2007,ADS,TX,ASW,CE,Towers with Radar,0,6,36,0,42,0,1,45,0,46,0,7,81,0,88,28,0,28,116
04/08/2007,ADS,TX,ASW,CE,Towers with Radar,0,26,55,0,81,0,0,115,0,115,0,26,170,0,196,10,0,10,206
04/09/2007,ADS,TX,ASW,CE,Towers with Radar,0,56,81,0,137,0,8,128,0,136,0,64,209,0,273,108,0,108,381
04/10/2007,ADS,TX,ASW,CE,Towers with Radar,0,76,116,0,192,0,0,74,0,74,0,76,190,0,266,36,0,36,302
04/11/2007,ADS,TX,ASW,CE,Towers with Radar,1,52,129,0,182,0,21,301,0,322,1,73,430,0,504,4,0,4,508
04/12/2007,ADS,TX,ASW,CE,Towers with Radar,0,52,119,0,171,0,2,220,0,222,0,54,339,0,393,58,0,58,451
04/13/2007,ADS,TX,ASW,CE,Towers with Radar,0,36,66,0,102,0,0,18,0,18,0,36,84,0,120,16,0,16,136
04/14/2007,ADS,TX,ASW,CE,Towers with Radar,0,22,99,0,121,0,1,54,0,55,0,23,153,0,176,8,0,8,184
04/15/2007,ADS,TX,ASW,CE,Towers with Radar,0,38,111,0,149,0,2,403,0,405,0,40,514,0,554,58,0,58,612
04/16/2007,ADS,TX,ASW,CE,Towers with Radar,2,42,111,0,155,0,3,224,0,227,2,45,335,0,382,40,0,40,422
04/17/2007,ADS,TX,ASW,CE,Towers with Radar,2,29,106,0,137,0,0,21,0,21,2,29,127,0,158,0,0,0,158
04/18/2007,ADS,TX,ASW,CE,Towers with Radar,0,41,137,0,178,0,3,154,0,157,0,44,291,0,335,76,0,76,411
04/19/2007,ADS,TX,ASW,CE,Towers with Radar,0,55,137,0,192,0,0,294,0,294,0,55,431,0,486,70,0,70,556
04/20/2007,ADS,TX,ASW,CE,Towers with Radar,0,61,123,0,184,0,6,230,0,236,0,67,353,0,420,50,0,50,470
04/21/2007,ADS,TX,ASW,CE,Towers with Radar,0,22,74,0,96,0,0,192,0,192,0,22,266,0,288,24,0,24,312
04/22/2007,ADS,TX,ASW,CE,Towers with Radar,1,27,78,0,106,0,1,91,0,92,1,28,169,0,198,35,0,35,233
04/23/2007,ADS,TX,ASW,CE,Towers with Radar,4,54,148,0,206,0,3,59,3,65,4,57,207,3,271,36,0,36,307
04/24/2007,ADS,TX,ASW,CE,Towers with Radar,1,46,92,0,139,0,8,1,0,9,1,54,93,0,148,0,0,0,148
04/25/2007,ADS,TX,ASW,CE,Towers with Radar,0,70,128,0,198,0,4,163,0,167,0,74,291,0,365,22,0,22,387
04/26/2007,ADS,TX,ASW,CE,Towers with Radar,0,64,127,1,192,0,2,301,0,303,0,66,428,1,495,0,0,0,495
04/27/2007,ADS,TX,ASW,CE,Towers with Radar,1,47,121,0,169,0,6,270,0,276,1,53,391,0,445,24,0,24,469
04/28/2007,ADS,TX,ASW,CE,Towers with Radar,2,34,81,0,117,0,0,321,0,321,2,34,402,0,438,14,0,14,452
04/29/2007,ADS,TX,ASW,CE,Towers with Radar,0,39,97,0,136,0,0,240,0,240,0,39,337,0,376,26,0,26,402
04/30/2007,ADS,TX,ASW,CE,Towers with Radar,0,43,95,1,139,0,1,93,0,94,0,44,188,1,233,28,0,28,261
05/01/2007,ADS,TX,ASW,CE,Towers with Radar,1,43,113,0,157,0,3,40,0,43,1,46,153,0,200,6,0,6,206
05/02/2007,ADS,TX,ASW,CE,Towers with Radar,0,38,157,0,195,0,1,44,0,45,0,39,201,0,240,2,0,2,242
05/03/2007,ADS,TX,ASW,CE,Towers with Radar,1,71,147,1,220,0,0,97,0,97,1,71,244,1,317,30,0,30,347
05/04/2007,ADS,TX,ASW,CE,Towers with Radar,0,55,140,0,195,0,2,132,0,134,0,57,272,0,329,16,0,16,345
05/05/2007,ADS,TX,ASW,CE,Towers with Radar,0,20,78,0,98,0,0,59,0,59,0,20,137,0,157,56,0,56,213
05/06/2007,ADS,TX,ASW,CE,Towers with Radar,0,26,99,0,125,0,1,72,0,73,0,27,171,0,198,8,0,8,206
05/07/2007,ADS,TX,ASW,CE,Towers with Radar,0,67,103,0,170,0,4,140,0,144,0,71,243,0,314,48,0,48,362
05/08/2007,ADS,TX,ASW,CE,Towers with Radar,1,39,138,0,178,0,3,192,0,195,1,42,330,0,373,26,0,26,399
05/09/2007,ADS,TX,ASW,CE,Towers with Radar,1,66,117,0,184,0,4,123,0,127,1,70,240,0,311,46,0,46,357
05/10/2007,ADS,TX,ASW,CE,Towers with Radar,0,72,133,0,205,0,0,146,0,146,0,72,279,0,351,0,0,0,351
05/11/2007,ADS,TX,ASW,CE,Towers with Radar,0,73,111,0,184,0,4,295,0,299,0,77,406,0,483,36,0,36,519
05/12/2007,ADS,TX,ASW,CE,Towers with Radar,2,24,57,0,83,0,1,275,0,276,2,25,332,0,359,52,0,52,411
05/13/2007,ADS,TX,ASW,CE,Towers with Radar,0,20,95,0,115,0,1,249,0,250,0,21,344,0,365,46,0,46,411
05/14/2007,ADS,TX,ASW,CE,Towers with Radar,0,63,121,0,184,0,7,173,0,180,0,70,294,0,364,4,0,4,368
05/15/2007,ADS,TX,ASW,CE,Towers with Radar,0,52,101,0,153,0,9,227,0,236,0,61,328,0,389,14,0,14,403
05/16/2007,ADS,TX,ASW,CE,Towers with Radar,1,55,128,0,184,0,5,219,0,224,1,60,347,0,408,44,0,44,452
05/17/2007,ADS,TX,ASW,CE,Towers with Radar,0,69,97,1,167,0,9,316,1,326,0,78,413,2,493,4,0,4,497
05/18/2007,ADS,TX,ASW,CE,Towers with Radar,1,80,153,0,234,0,2,301,0,303,1,82,454,0,537,32,0,32,569
05/19/2007,ADS,TX,ASW,CE,Towers with Radar,2,24,79,0,105,0,1,279,0,280,2,25,358,0,385,68,0,68,453
05/20/2007,ADS,TX,ASW,CE,Towers with Radar,0,21,106,0,127,0,0,263,0,263,0,21,369,0,390,12,0,12,402
05/21/2007,ADS,TX,ASW,CE,Towers with Radar,0,51,132,0,183,0,11,162,0,173,0,62,294,0,356,26,0,26,382
05/22/2007,ADS,TX,ASW,CE,Towers with Radar,0,60,138,0,198,0,8,118,0,126,0,68,256,0,324,36,0,36,360
05/23/2007,ADS,TX,ASW,CE,Towers with Radar,1,51,148,0,200,0,0,121,0,121,1,51,269,0,321,42,0,42,363
05/24/2007,ADS,TX,ASW,CE,Towers with Radar,0,53,138,0,191,0,1,60,0,61,0,54,198,0,252,32,0,32,284
05/25/2007,ADS,TX,ASW,CE,Towers with Radar,0,70,137,0,207,0,4,20,0,24,0,74,157,0,231,0,0,0,231
05/26/2007,ADS,TX,ASW,CE,Towers with Radar,0,20,60,0,80,0,0,28,0,28,0,20,88,0,108,0,0,0,108
05/27/2007,ADS,TX,ASW,CE,Towers with Radar,0,10,52,0,62,0,0,19,0,19,0,10,71,0,81,0,0,0,81
05/28/2007,ADS,TX,ASW,CE,Towers with Radar,3,25,103,0,131,0,1,36,0,37,3,26,139,0,168,0,0,0,168
05/29/2007,ADS,TX,ASW,CE,Towers with Radar,0,49,91,0,140,0,5,61,0,66,0,54,152,0,206,36,0,36,242
05/30/2007,ADS,TX,ASW,CE,Towers with Radar,0,51,110,0,161,0,4,145,0,149,0,55,255,0,310,54,0,54,364
05/31/2007,ADS,TX,ASW,CE,Towers with Radar,0,55,138,0,193,0,8,98,0,106,0,63,236,0,299,42,0,42,341
06/01/2007,ADS,TX,ASW,CE,Towers with Radar,0,68,139,0,207,0,18,187,0,205,0,86,326,0,412,111,0,111,523
06/02/2007,ADS,TX,ASW,CE,Towers with Radar,0,15,48,0,63,0,0,286,0,286,0,15,334,0,349,64,0,64,413
06/03/2007,ADS,TX,ASW,CE,Towers with Radar,1,12,64,0,77,0,4,154,0,158,1,16,218,0,235,42,0,42,277
06/04/2007,ADS,TX,ASW,CE,Towers with Radar,1,41,74,0,116,0,8,165,0,173,1,49,239,0,289,6,0,6,295
06/05/2007,ADS,TX,ASW,CE,Towers with Radar,0,58,135,0,193,0,10,331,0,341,0,68,466,0,534,16,4,20,554
06/06/2007,ADS,TX,ASW,CE,Towers with Radar,0,38,136,0,174,0,9,220,0,229,0,47,356,0,403,6,0,6,409
06/07/2007,ADS,TX,ASW,CE,Towers with Radar,0,33,127,0,160,0,13,129,0,142,0,46,256,0,302,6,0,6,308
06/08/2007,ADS,TX,ASW,CE,Towers with Radar,0,45,110,0,155,0,2,138,0,140,0,47,248,0,295,46,0,46,341
06/09/2007,ADS,TX,ASW,CE,Towers with Radar,0,19,16,0,35,0,1,266,0,267,0,20,282,0,302,20,0,20,322
06/10/2007,ADS,TX,ASW,CE,Towers with Radar,0,35,101,0,136,0,0,234,0,234,0,35,335,0,370,10,0,10,380
06/11/2007,ADS,TX,ASW,CE,Towers with Radar,0,56,83,0,139,0,9,197,0,206,0,65,280,0,345,22,0,22,367
06/12/2007,ADS,TX,ASW,CE,Towers with Radar,0,43,105,1,149,0,10,272,0,282,0,53,377,1,431,72,0,72,503
06/13/2007,ADS,TX,ASW,CE,Towers with Radar,0,45,113,0,158,0,1,177,0,178,0,46,290,0,336,60,0,60,396
06/14/2007,ADS,TX,ASW,CE,Towers with Radar,0,56,119,0,175,0,2,191,0,193,0,58,310,0,368,18,0,18,386
06/15/2007,ADS,TX,ASW,CE,Towers with Radar,0,66,91,0,157,0,6,152,0,158,0,72,243,0,315,8,0,8,323
06/16/2007,ADS,TX,ASW,CE,Towers with Radar,0,21,79,0,100,0,0,42,0,42,0,21,121,0,142,0,0,0,142
06/17/2007,ADS,TX,ASW,CE,Towers with Radar,1,24,70,0,95,0,1,27,0,28,1,25,97,0,123,0,0,0,123
06/18/2007,ADS,TX,ASW,CE,Towers with Radar,0,43,98,0,141,0,12,127,0,139,0,55,225,0,280,26,0,26,306
06/19/2007,ADS,TX,ASW,CE,Towers with Radar,1,39,110,0,150,0,9,209,0,218,1,48,319,0,368,44,0,44,412
06/20/2007,ADS,TX,ASW,CE,Towers with Radar,1,59,110,0,170,0,2,172,0,174,1,61,282,0,344,26,0,26,370
06/21/2007,ADS,TX,ASW,CE,Towers with Radar,0,77,129,0,206,0,82,138,0,220,0,159,267,0,426,40,0,40,466
06/22/2007,ADS,TX,ASW,CE,Towers with Radar,0,56,85,0,141,0,5,230,1,236,0,61,315,1,377,90,0,90,467
06/23/2007,ADS,TX,ASW,CE,Towers with Radar,0,25,65,0,90,0,2,325,0,327,0,27,390,0,417,28,0,28,445
06/24/2007,ADS,TX,ASW,CE,Towers with Radar,0,20,95,0,115,0,3,173,0,176,0,23,268,0,291,16,0,16,307
06/25/2007,ADS,TX,ASW,CE,Towers with Radar,0,69,108,0,177,0,2,78,0,80,0,71,186,0,257,12,0,12,269
06/26/2007,ADS,TX,ASW,CE,Towers with Radar,0,53,109,0,162,0,2,32,0,34,0,55,141,0,196,0,0,0,196
06/27/2007,ADS,TX,ASW,CE,Towers with Radar,0,58,124,0,182,0,0,44,0,44,0,58,168,0,226,26,0,26,252
06/28/2007,ADS,TX,ASW,CE,Towers with Radar,0,81,131,0,212,0,7,636,0,643,0,88,767,0,855,0,0,0,855
06/29/2007,ADS,TX,ASW,CE,Towers with Radar,1,57,107,0,165,0,11,170,0,181,1,68,277,0,346,36,0,36,382
06/30/2007,ADS,TX,ASW,CE,Towers with Radar,1,43,77,0,121,0,7,104,0,111,1,50,181,0,232,60,0,60,292
07/01/2007,ADS,TX,ASW,CE,Towers with Radar,0,30,92,0,122,0,0,147,0,147,0,30,239,0,269,40,0,40,309
07/02/2007,ADS,TX,ASW,CE,Towers with Radar,0,32,78,0,110,0,7,47,0,54,0,39,125,0,164,22,0,22,186
07/03/2007,ADS,TX,ASW,CE,Towers with Radar,0,26,68,0,94,0,0,53,0,53,0,26,121,0,147,12,0,12,159
07/04/2007,ADS,TX,ASW,CE,Towers with Radar,0,12,29,0,41,0,2,78,0,80,0,14,107,0,121,80,0,80,201
07/05/2007,ADS,TX,ASW,CE,Towers with Radar,2,42,90,1,135,0,2,8,0,10,2,44,98,1,145,4,0,4,149
07/06/2007,ADS,TX,ASW,CE,Towers with Radar,0,50,103,2,155,0,5,116,0,121,0,55,219,2,276,22,0,22,298
07/07/2007,ADS,TX,ASW,CE,Towers with Radar,0,22,58,0,80,0,1,300,0,301,0,23,358,0,381,0,53,53,434
07/08/2007,ADS,TX,ASW,CE,Towers with Radar,0,41,101,0,142,0,1,82,0,83,0,42,183,0,225,37,0,37,262
07/09/2007,ADS,TX,ASW,CE,Towers with Radar,3,46,124,0,173,0,17,153,0,170,3,63,277,0,343,102,0,102,445
07/10/2007,ADS,TX,ASW,CE,Towers with Radar,0,52,134,0,186,0,4,98,0,102,0,56,232,0,288,52,0,52,340
07/11/2007,ADS,TX,ASW,CE,Towers with Radar,1,46,161,0,208,0,7,153,0,160,1,53,314,0,368,34,0,34,402
07/12/2007,ADS,TX,ASW,CE,Towers with Radar,0,62,127,0,189,0,3,265,0,268,0,65,392,0,457,12,0,12,469
07/13/2007,ADS,TX,ASW,CE,Towers with Radar,0,50,87,0,137,0,1,93,0,94,0,51,180,0,231,8,0,8,239
07/14/2007,ADS,TX,ASW,CE,Towers with Radar,0,26,90,0,116,0,0,147,0,147,0,26,237,0,263,12,0,12,275
07/15/2007,ADS,TX,ASW,CE,Towers with Radar,0,23,80,0,103,0,0,247,0,247,0,23,327,0,350,22,0,22,372
07/16/2007,ADS,TX,ASW,CE,Towers with Radar,0,36,86,0,122,0,7,198,0,205,0,43,284,0,327,52,0,52,379
07/17/2007,ADS,TX,ASW,CE,Towers with Radar,0,37,80,0,117,0,9,258,0,267,0,46,338,0,384,64,0,64,448
07/18/2007,ADS,TX,ASW,CE,Towers with Radar,0,48,109,0,157,0,7,221,0,228,0,55,330,0,385,34,0,34,419
07/19/2007,ADS,TX,ASW,CE,Towers with Radar,0,44,138,0,182,0,13,213,0,226,0,57,351,0,408,85,0,85,493
07/20/2007,ADS,TX,ASW,CE,Towers with Radar,0,41,106,0,147,0,3,122,0,125,0,44,228,0,272,54,0,54,326
07/21/2007,ADS,TX,ASW,CE,Towers with Radar,0,23,78,0,101,0,0,171,0,171,0,23,249,0,272,17,0,17,289
07/22/2007,ADS,TX,ASW,CE,Towers with Radar,0,36,71,0,107,0,0,207,0,207,0,36,278,0,314,66,0,66,380
07/23/2007,ADS,TX,ASW,CE,Towers with Radar,1,44,87,1,133,0,4,151,0,155,1,48,238,1,288,40,0,40,328
07/24/2007,ADS,TX,ASW,CE,Towers with Radar,0,51,107,0,158,0,8,224,0,232,0,59,331,0,390,48,0,48,438
07/25/2007,ADS,TX,ASW,CE,Towers with Radar,0,73,112,2,187,0,13,276,0,289,0,86,388,2,476,62,0,62,538
07/26/2007,ADS,TX,ASW,CE,Towers with Radar,0,61,123,0,184,0,12,159,0,171,0,73,282,0,355,26,0,26,381
07/27/2007,ADS,TX,ASW,CE,Towers with Radar,1,54,100,0,155,0,1,144,0,145,1,55,244,0,300,66,0,66,366
07/28/2007,ADS,TX,ASW,CE,Towers with Radar,0,22,66,0,88,0,1,173,0,174,0,23,239,0,262,16,0,16,278
07/29/2007,ADS,TX,ASW,CE,Towers with Radar,0,36,74,0,110,0,1,171,0,172,0,37,245,0,282,48,0,48,330
07/30/2007,ADS,TX,ASW,CE,Towers with Radar,2,57,87,0,146,0,4,206,0,210,2,61,293,0,356,28,0,28,384
07/31/2007,ADS,TX,ASW,CE,Towers with Radar,0,62,99,0,161,0,13,125,0,138,0,75,224,0,299,48,0,48,347
08/01/2007,ADS,TX,ASW,CE,Towers with Radar,0,44,90,0,134,0,3,115,0,118,0,47,205,0,252,66,0,66,318
08/02/2007,ADS,TX,ASW,CE,Towers with Radar,1,39,109,0,149,0,4,110,0,114,1,43,219,0,263,10,0,10,273
08/03/2007,ADS,TX,ASW,CE,Towers with Radar,0,53,107,0,160,0,8,247,0,255,0,61,354,0,415,70,0,70,485
08/04/2007,ADS,TX,ASW,CE,Towers with Radar,0,25,81,0,106,0,0,193,0,193,0,25,274,0,299,26,0,26,325
08/05/2007,ADS,TX,ASW,CE,Towers with Radar,1,39,73,0,113,0,1,229,0,230,1,40,302,0,343,26,0,26,369
08/06/2007,ADS,TX,ASW,CE,Towers with Radar,0,43,68,0,111,0,10,175,0,185,0,53,243,0,296,36,0,36,332
08/07/2007,ADS,TX,ASW,CE,Towers with Radar,0,46,89,0,135,0,7,226,0,233,0,53,315,0,368,44,0,44,412
08/08/2007,ADS,TX,ASW,CE,Towers with Radar,0,52,128,0,180,1,5,274,0,280,1,57,402,0,460,38,0,38,498
08/09/2007,ADS,TX,ASW,CE,Towers with Radar,0,45,109,0,154,0,6,277,0,283,0,51,386,0,437,20,0,20,457
08/10/2007,ADS,TX,ASW,CE,Towers with Radar,0,54,96,0,150,0,6,248,0,254,0,60,344,0,404,18,0,18,422
08/11/2007,ADS,TX,ASW,CE,Towers with Radar,0,18,54,0,72,0,1,243,0,244,0,19,297,0,316,30,0,30,346
08/12/2007,ADS,TX,ASW,CE,Towers with Radar,0,26,96,0,122,0,1,238,0,239,0,27,334,0,361,60,0,60,421
08/13/2007,ADS,TX,ASW,CE,Towers with Radar,0,20,76,0,96,0,9,201,0,210,0,29,277,0,306,30,0,30,336
08/14/2007,ADS,TX,ASW,CE,Towers with Radar,0,34,109,1,144,0,10,258,1,269,0,44,367,2,413,53,0,53,466
08/15/2007,ADS,TX,ASW,CE,Towers with Radar,0,33,122,0,155,0,8,215,0,223,0,41,337,0,378,94,0,94,472
08/16/2007,ADS,TX,ASW,CE,Towers with Radar,0,54,110,0,164,0,10,181,0,191,0,64,291,0,355,64,0,64,419
08/17/2007,ADS,TX,ASW,CE,Towers with Radar,0,21,106,0,127,0,15,139,0,154,0,36,245,0,281,42,0,42,323
08/18/2007,ADS,TX,ASW,CE,Towers with Radar,1,12,66,0,79,0,0,77,0,77,1,12,143,0,156,22,0,22,178
08/19/2007,ADS,TX,ASW,CE,Towers with Radar,0,18,65,0,83,0,1,140,0,141,0,19,205,0,224,34,0,34,258
08/20/2007,ADS,TX,ASW,CE,Towers with Radar,2,36,95,0,133,0,13,202,1,216,2,49,297,1,349,60,2,62,411
08/21/2007,ADS,TX,ASW,CE,Towers with Radar,0,52,102,0,154,0,15,207,0,222,0,67,309,0,376,84,0,84,460
08/22/2007,ADS,TX,ASW,CE,Towers with Radar,0,39,127,0,166,0,10,230,0,240,0,49,357,0,406,86,0,86,492
08/23/2007,ADS,TX,ASW,CE,Towers with Radar,0,45,119,3,167,0,7,158,0,165,0,52,277,3,332,24,0,24,356
08/24/2007,ADS,TX,ASW,CE,Towers with Radar,0,38,114,0,152,0,8,218,0,226,0,46,332,0,378,36,0,36,414
08/25/2007,ADS,TX,ASW,CE,Towers with Radar,0,20,50,3,73,0,4,249,2,255,0,24,299,5,328,34,8,42,370
08/26/2007,ADS,TX,ASW,CE,Towers with Radar,0,36,71,0,107,0,1,231,0,232,0,37,302,0,339,22,0,22,361
08/27/2007,ADS,TX,ASW,CE,Towers with Radar,1,31,86,0,118,0,8,242,0,250,1,39,328,0,368,40,0,40,408
08/28/2007,ADS,TX,ASW,CE,Towers with Radar,0,50,113,0,163,0,8,240,0,248,0,58,353,0,411,110,0,110,521
08/29/2007,ADS,TX,ASW,CE,Towers with Radar,0,81,113,0,194,0,11,175,0,186,0,92,288,0,380,52,0,52,432
08/30/2007,ADS,TX,ASW,CE,Towers with Radar,2,63,103,0,168,0,2,169,0,171,2,65,272,0,339,106,0,106,445
08/31/2007,ADS,TX,ASW,CE,Towers with Radar,0,57,96,0,153,0,8,216,0,224,0,65,312,0,377,38,0,38,415
09/01/2007,ADS,TX,ASW,CE,Towers with Radar,2,24,67,0,93,1,4,217,0,222,3,28,284,0,315,20,0,20,335
09/02/2007,ADS,TX,ASW,CE,Towers with Radar,0,22,44,0,66,0,0,178,0,178,0,22,222,0,244,28,0,28,272
09/03/2007,ADS,TX,ASW,CE,Towers with Radar,0,37,85,0,122,0,2,106,0,108,0,39,191,0,230,54,0,54,284
09/04/2007,ADS,TX,ASW,CE,Towers with Radar,1,56,75,0,132,0,4,118,0,122,1,60,193,0,254,136,0,136,390
09/05/2007,ADS,TX,ASW,CE,Towers with Radar,0,60,117,0,177,0,12,75,0,87,0,72,192,0,264,26,0,26,290
09/06/2007,ADS,TX,ASW,CE,Towers with Radar,2,45,129,0,176,0,12,217,0,229,2,57,346,0,405,100,0,100,505
09/07/2007,ADS,TX,ASW,CE,Towers with Radar,0,46,109,0,155,0,5,199,0,204,0,51,308,0,359,90,0,90,449
09/08/2007,ADS,TX,ASW,CE,Towers with Radar,0,27,69,3,99,0,0,207,2,209,0,27,276,5,308,48,0,48,356
09/09/2007,ADS,TX,ASW,CE,Towers with Radar,0,36,78,8,122,0,0,85,0,85,0,36,163,8,207,6,0,6,213
09/10/2007,ADS,TX,ASW,CE,Towers with Radar,0,37,67,0,104,0,8,22,0,30,0,45,89,0,134,0,0,0,134
09/11/2007,ADS,TX,ASW,CE,Towers with Radar,1,42,127,0,170,0,10,203,0,213,1,52,330,0,383,120,0,120,503
09/12/2007,ADS,TX,ASW,CE,Towers with Radar,2,49,141,0,192,0,6,284,0,290,2,55,425,0,482,40,0,40,522
09/13/2007,ADS,TX,ASW,CE,Towers with Radar,0,36,113,0,149,0,5,145,0,150,0,41,258,0,299,34,0,34,333
09/14/2007,ADS,TX,ASW,CE,Towers with Radar,0,49,98,0,147,0,8,247,0,255,0,57,345,0,402,70,0,70,472
09/15/2007,ADS,TX,ASW,CE,Towers with Radar,0,22,70,0,92,0,0,342,0,342,0,22,412,0,434,46,0,46,480
09/16/2007,ADS,TX,ASW,CE,Towers with Radar,0,22,80,0,102,0,2,269,0,271,0,24,349,0,373,46,0,46,419
09/17/2007,ADS,TX,ASW,CE,Towers with Radar,0,29,97,0,126,0,15,269,0,284,0,44,366,0,410,78,0,78,488
09/18/2007,ADS,TX,ASW,CE,Towers with Radar,1,34,117,0,152,0,11,297,0,308,1,45,414,0,460,50,0,50,510
09/19/2007,ADS,TX,ASW,CE,Towers with Radar,0,60,119,0,179,0,4,307,0,311,0,64,426,0,490,56,0,56,546
09/20/2007,ADS,TX,ASW,CE,Towers with Radar,0,47,111,0,158,0,6,296,0,302,0,53,407,0,460,49,0,49,509
09/21/2007,ADS,TX,ASW,CE,Towers with Radar,1,55,118,0,174,0,0,309,0,309,1,55,427,0,483,91,0,91,574
09/22/2007,ADS,TX,ASW,CE,Towers with Radar,0,36,78,0,114,0,2,301,0,303,0,38,379,0,417,84,0,84,501
09/23/2007,ADS,TX,ASW,CE,Towers with Radar,0,21,86,0,107,0,0,224,0,224,0,21,310,0,331,0,0,0,331
09/24/2007,ADS,TX,ASW,CE,Towers with Radar,0,45,83,0,128,0,11,242,0,253,0,56,325,0,381,58,0,58,439
09/25/2007,ADS,TX,ASW,CE,Towers with Radar,6,49,125,0,180,0,14,211,0,225,6,63,336,0,405,82,0,82,487
09/26/2007,ADS,TX,ASW,CE,Towers with Radar,2,49,110,0,161,0,3,182,0,185,2,52,292,0,346,22,0,22,368
09/27/2007,ADS,TX,ASW,CE,Towers with Radar,2,62,151,0,215,0,3,246,0,249,2,65,397,0,464,44,0,44,508
09/28/2007,ADS,TX,ASW,CE,Towers with Radar,3,65,139,0,207,0,2,236,0,238,3,67,375,0,445,48,0,48,493
09/29/2007,ADS,TX,ASW,CE,Towers with Radar,0,34,64,0,98,0,1,293,0,294,0,35,357,0,392,112,0,112,504
09/30/2007,ADS,TX,ASW,CE,Towers with Radar,0,30,85,0,115,0,0,168,0,168,0,30,253,0,283,45,0,45,328
10/01/2007,ADS,TX,ASW,CE,Towers with Radar,0,57,77,0,134,0,12,235,0,247,0,69,312,0,381,52,0,52,433
10/02/2007,ADS,TX,ASW,CE,Towers with Radar,4,35,75,0,114,0,4,248,0,252,4,39,323,0,366,78,0,78,444
10/03/2007,ADS,TX,ASW,CE,Towers with Radar,0,50,129,0,179,0,0,187,0,187,0,50,316,0,366,46,0,46,412
10/04/2007,ADS,TX,ASW,CE,Towers with Radar,0,59,145,0,204,0,5,336,0,341,0,64,481,0,545,98,0,98,643
10/05/2007,ADS,TX,ASW,CE,Towers with Radar,0,52,125,0,177,0,2,237,0,239,0,54,362,0,416,94,0,94,510
10/06/2007,ADS,TX,ASW,CE,Towers with Radar,0,23,121,0,144,0,0,34,4,38,0,23,155,4,182,4,0,4,186
10/07/2007,ADS,TX,ASW,CE,Towers with Radar,0,23,94,0,117,0,0,115,0,115,0,23,209,0,232,34,0,34,266
10/08/2007,ADS,TX,ASW,CE,Towers with Radar,1,33,88,0,122,0,3,141,0,144,1,36,229,0,266,70,0,70,336
10/09/2007,ADS,TX,ASW,CE,Towers with Radar,0,44,127,0,171,0,3,267,0,270,0,47,394,0,441,108,0,108,549
10/10/2007,ADS,TX,ASW,CE,Towers with Radar,0,46,121,0,167,0,2,275,0,277,0,48,396,0,444,126,0,126,570
10/11/2007,ADS,TX,ASW,CE,Towers with Radar,0,55,88,0,143,0,5,259,0,264,0,60,347,0,407,73,0,73,480
10/12/2007,ADS,TX,ASW,CE,Towers with Radar,0,34,110,0,144,0,6,265,0,271,0,40,375,0,415,88,0,88,503
10/13/2007,ADS,TX,ASW,CE,Towers with Radar,0,13,63,0,76,0,0,294,0,294,0,13,357,0,370,50,0,50,420
10/14/2007,ADS,TX,ASW,CE,Towers with Radar,0,23,73,0,96,0,0,201,0,201,0,23,274,0,297,2,0,2,299
10/15/2007,ADS,TX,ASW,CE,Towers with Radar,0,65,76,0,141,0,2,10,0,12,0,67,86,0,153,11,0,11,164
10/16/2007,ADS,TX,ASW,CE,Towers with Radar,5,66,165,0,236,0,1,26,0,27,5,67,191,0,263,64,0,64,327
10/17/2007,ADS,TX,ASW,CE,Towers with Radar,1,46,117,0,164,0,3,107,0,110,1,49,224,0,274,24,0,24,298
10/18/2007,ADS,TX,ASW,CE,Towers with Radar,0,55,105,0,160,0,10,277,0,287,0,65,382,0,447,28,0,28,475
10/19/2007,ADS,TX,ASW,CE,Towers with Radar,1,44,125,0,170,0,6,332,0,338,1,50,457,0,508,93,0,93,601
10/20/2007,ADS,TX,ASW,CE,Towers with Radar,0,20,70,0,90,0,6,236,0,242,0,26,306,0,332,51,0,51,383
10/21/2007,ADS,TX,ASW,CE,Towers with Radar,2,15,64,0,81,0,0,137,0,137,2,15,201,0,218,16,0,16,234
10/22/2007,ADS,TX,ASW,CE,Towers with Radar,1,31,104,0,136,0,2,7,0,9,1,33,111,0,145,0,0,0,145
10/23/2007,ADS,TX,ASW,CE,Towers with Radar,2,40,111,0,153,0,9,217,0,226,2,49,328,0,379,126,0,126,505
10/24/2007,ADS,TX,ASW,CE,Towers with Radar,1,45,103,0,149,0,6,184,0,190,1,51,287,0,339,74,0,74,413
10/25/2007,ADS,TX,ASW,CE,Towers with Radar,0,50,112,0,162,0,14,296,0,310,0,64,408,0,472,142,0,142,614
10/26/2007,ADS,TX,ASW,CE,Towers with Radar,0,38,139,0,177,0,5,296,0,301,0,43,435,0,478,44,0,44,522
10/27/2007,ADS,TX,ASW,CE,Towers with Radar,0,29,73,0,102,0,8,326,0,334,0,37,399,0,436,72,0,72,508
10/28/2007,ADS,TX,ASW,CE,Towers with Radar,0,21,88,0,109,0,0,279,0,279,0,21,367,0,388,60,0,60,448
10/29/2007,ADS,TX,ASW,CE,Towers with Radar,1,33,91,0,125,0,7,263,0,270,1,40,354,0,395,102,0,102,497
10/30/2007,ADS,TX,ASW,CE,Towers with Radar,2,34,109,1,146,0,14,286,1,301,2,48,395,2,447,88,0,88,535
10/31/2007,ADS,TX,ASW,CE,Towers with Radar,0,45,90,0,135,0,9,290,0,299,0,54,380,0,434,104,0,104,538
11/01/2007,ADS,TX,ASW,CE,Towers with Radar,0,53,111,1,165,0,27,238,0,265,0,80,349,1,430,90,0,90,520
11/02/2007,ADS,TX,ASW,CE,Towers with Radar,2,60,130,2,194,0,1,176,0,177,2,61,306,2,371,116,0,116,487
11/03/2007,ADS,TX,ASW,CE,Towers with Radar,0,16,58,0,74,0,3,308,0,311,0,19,366,0,385,192,0,192,577
11/04/2007,ADS,TX,ASW,CE,Towers with Radar,0,33,101,0,134,0,26,383,0,409,0,59,484,0,543,74,0,74,617
11/05/2007,ADS,TX,ASW,CE,Towers with Radar,1,42,106,1,150,0,9,194,0,203,1,51,300,1,353,101,0,101,454
11/06/2007,ADS,TX,ASW,CE,Towers with Radar,5,47,88,0,140,0,4,209,0,213,5,51,297,0,353,142,0,142,495
11/07/2007,ADS,TX,ASW,CE,Towers with Radar,0,47,114,2,163,0,8,259,0,267,0,55,373,2,430,84,0,84,514
11/08/2007,ADS,TX,ASW,CE,Towers with Radar,0,46,132,0,178,0,8,250,0,258,0,54,382,0,436,130,0,130,566
11/09/2007,ADS,TX,ASW,CE,Towers with Radar,0,48,155,0,203,0,0,259,0,259,0,48,414,0,462,120,0,120,582
11/10/2007,ADS,TX,ASW,CE,Towers with Radar,0,32,76,0,108,0,0,197,0,197,0,32,273,0,305,54,0,54,359
11/11/2007,ADS,TX,ASW,CE,Towers with Radar,2,23,128,0,153,0,0,157,0,157,2,23,285,0,310,36,0,36,346
11/12/2007,ADS,TX,ASW,CE,Towers with Radar,0,36,101,0,137,0,1,183,0,184,0,37,284,0,321,154,0,154,475
11/13/2007,ADS,TX,ASW,CE,Towers with Radar,1,44,129,0,174,0,9,267,0,276,1,53,396,0,450,172,0,172,622
11/14/2007,ADS,TX,ASW,CE,Towers with Radar,0,39,114,0,153,0,2,192,0,194,0,41,306,0,347,100,0,100,447
11/15/2007,ADS,TX,ASW,CE,Towers with Radar,0,39,112,0,151,0,7,251,0,258,0,46,363,0,409,30,0,30,439
11/16/2007,ADS,TX,ASW,CE,Towers with Radar,0,46,138,0,184,0,5,279,0,284,0,51,417,0,468,136,0,136,604
11/17/2007,ADS,TX,ASW,CE,Towers with Radar,0,24,75,0,99,0,1,394,0,395,0,25,469,0,494,164,0,164,658
11/18/2007,ADS,TX,ASW,CE,Towers with Radar,0,35,93,0,128,0,2,272,0,274,0,37,365,0,402,100,0,100,502
11/19/2007,ADS,TX,ASW,CE,Towers with Radar,0,38,101,0,139,0,6,172,0,178,0,44,273,0,317,146,0,146,463
11/20/2007,ADS,TX,ASW,CE,Towers with Radar,0,45,123,0,168,0,8,138,0,146,0,53,261,0,314,46,0,46,360
11/21/2007,ADS,TX,ASW,CE,Towers with Radar,0,59,142,0,201,0,6,94,0,100,0,65,236,0,301,34,0,34,335
11/22/2007,ADS,TX,ASW,CE,Towers with Radar,0,17,28,0,45,0,1,33,0,34,0,18,61,0,79,12,0,12,91
11/23/2007,ADS,TX,ASW,CE,Towers with Radar,0,46,64,0,110,0,3,195,0,198,0,49,259,0,308,124,0,124,432
11/24/2007,ADS,TX,ASW,CE,Towers with Radar,0,20,41,0,61,0,0,0,0,0,0,20,41,0,61,0,0,0,61
11/25/2007,ADS,TX,ASW,CE,Towers with Radar,1,38,74,0,113,0,0,0,0,0,1,38,74,0,113,0,0,0,113
11/26/2007,ADS,TX,ASW,CE,Towers with Radar,0,39,104,0,143,0,3,207,0,210,0,42,311,0,353,94,0,94,447
11/27/2007,ADS,TX,ASW,CE,Towers with Radar,0,50,101,0,151,0,8,286,0,294,0,58,387,0,445,136,0,136,581
11/28/2007,ADS,TX,ASW,CE,Towers with Radar,0,43,115,0,158,0,9,252,0,261,0,52,367,0,419,138,0,138,557
11/29/2007,ADS,TX,ASW,CE,Towers with Radar,0,65,150,0,215,0,2,278,0,280,0,67,428,0,495,160,0,160,655
11/30/2007,ADS,TX,ASW,CE,Towers with Radar,0,41,137,0,178,0,4,208,0,212,0,45,345,0,390,80,0,80,470
12/01/2007,ADS,TX,ASW,CE,Towers with Radar,0,22,87,0,109,0,3,32,0,35,0,25,119,0,144,92,0,92,236
12/02/2007,ADS,TX,ASW,CE,Towers with Radar,1,18,74,0,93,0,1,129,0,130,1,19,203,0,223,18,0,18,241
12/03/2007,ADS,TX,ASW,CE,Towers with Radar,1,30,92,0,123,0,9,247,0,256,1,39,339,0,379,126,0,126,505
12/04/2007,ADS,TX,ASW,CE,Towers with Radar,0,48,115,0,163,0,15,297,0,312,0,63,412,0,475,130,0,130,605
12/05/2007,ADS,TX,ASW,CE,Towers with Radar,0,50,124,0,174,0,3,290,0,293,0,53,414,0,467,197,0,197,664
12/06/2007,ADS,TX,ASW,CE,Towers with Radar,0,67,152,0,219,0,2,290,0,292,0,69,442,0,511,155,0,155,666
12/07/2007,ADS,TX,ASW,CE,Towers with Radar,0,54,130,0,184,0,3,198,0,201,0,57,328,0,385,106,0,106,491
12/08/2007,ADS,TX,ASW,CE,Towers with Radar,0,9,86,0,95,0,4,142,0,146,0,13,228,0,241,136,0,136,377
12/09/2007,ADS,TX,ASW,CE,Towers with Radar,0,32,68,0,100,0,0,0,0,0,0,32,68,0,100,0,0,0,100
12/10/2007,ADS,TX,ASW,CE,Towers with Radar,0,45,73,0,118,0,0,0,0,0,0,45,73,0,118,0,0,0,118
12/11/2007,ADS,TX,ASW,CE,Towers with Radar,2,52,101,0,155,0,0,1,0,1,2,52,102,0,156,0,0,0,156
12/12/2007,ADS,TX,ASW,CE,Towers with Radar,0,42,91,0,133,0,0,2,0,2,0,42,93,0,135,0,0,0,135
12/13/2007,ADS,TX,ASW,CE,Towers with Radar,1,50,133,0,184,0,1,192,0,193,1,51,325,0,377,14,0,14,391
12/14/2007,ADS,TX,ASW,CE,Towers with Radar,0,41,76,1,118,0,0,0,0,0,0,41,76,1,118,0,0,0,118
12/15/2007,ADS,TX,ASW,CE,Towers with Radar,0,23,27,0,50,0,0,3,0,3,0,23,30,0,53,0,0,0,53
12/16/2007,ADS,TX,ASW,CE,Towers with Radar,1,29,100,1,131,0,0,307,0,307,1,29,407,1,438,96,0,96,534
12/17/2007,ADS,TX,ASW,CE,Towers with Radar,2,47,85,0,134,0,11,265,0,276,2,58,350,0,410,136,0,136,546
12/18/2007,ADS,TX,ASW,CE,Towers with Radar,0,47,103,0,150,0,9,272,0,281,0,56,375,0,431,128,0,128,559
12/19/2007,ADS,TX,ASW,CE,Towers with Radar,1,57,107,0,165,0,6,347,0,353,1,63,454,0,518,166,0,166,684
12/20/2007,ADS,TX,ASW,CE,Towers with Radar,0,41,77,0,118,0,7,290,0,297,0,48,367,0,415,82,0,82,497
12/21/2007,ADS,TX,ASW,CE,Towers with Radar,0,41,120,0,161,0,3,351,0,354,0,44,471,0,515,124,0,124,639
12/22/2007,ADS,TX,ASW,CE,Towers with Radar,0,16,67,0,83,0,3,83,0,86,0,19,150,0,169,24,0,24,193
12/23/2007,ADS,TX,ASW,CE,Towers with Radar,0,22,53,0,75,0,0,260,0,260,0,22,313,0,335,132,0,132,467
12/24/2007,ADS,TX,ASW,CE,Towers with Radar,0,27,39,0,66,0,7,154,0,161,0,34,193,0,227,26,0,26,253
12/25/2007,ADS,TX,ASW,CE,Towers with Radar,1,15,25,0,41,0,1,70,0,71,1,16,95,0,112,18,0,18,130
12/26/2007,ADS,TX,ASW,CE,Towers with Radar,0,51,99,0,150,0,0,42,0,42,0,51,141,0,192,2,0,2,194
12/27/2007,ADS,TX,ASW,CE,Towers with Radar,0,63,107,0,170,0,0,41,0,41,0,63,148,0,211,134,0,134,345
12/28/2007,ADS,TX,ASW,CE,Towers with Radar,0,60,110,0,170,0,0,253,0,253,0,60,363,0,423,94,0,94,517
12/29/2007,ADS,TX,ASW,CE,Towers with Radar,3,31,69,0,103,0,1,288,0,289,3,32,357,0,392,144,0,144,536
12/30/2007,ADS,TX,ASW,CE,Towers with Radar,0,16,48,0,64,0,1,203,0,204,0,17,251,0,268,80,0,80,348
12/31/2007,ADS,TX,ASW,CE,Towers with Radar,0,27,45,0,72,0,10,148,0,158,0,37,193,0,230,48,0,48,278
01/01/2008,ADS,TX,ASW,CE,Towers with Radar,0,18,62,0,80,0,1,107,0,108,0,19,169,0,188,14,0,14,202
01/02/2008,ADS,TX,ASW,CE,Towers with Radar,0,40,86,0,126,0,8,161,0,169,0,48,247,0,295,46,0,46,341
01/03/2008,ADS,TX,ASW,CE,Towers with Radar,0,39,91,0,130,0,9,204,0,213,0,48,295,0,343,155,0,155,498
01/04/2008,ADS,TX,ASW,CE,Towers with Radar,0,47,123,0,170,0,4,119,0,123,0,51,242,0,293,40,0,40,333
01/05/2008,ADS,TX,ASW,CE,Towers with Radar,0,17,54,0,71,0,0,176,0,176,0,17,230,0,247,50,0,50,297
01/06/2008,ADS,TX,ASW,CE,Towers with Radar,0,28,55,0,83,0,0,144,0,144,0,28,199,0,227,48,0,48,275
01/07/2008,ADS,TX,ASW,CE,Towers with Radar,0,44,83,0,127,0,10,81,0,91,0,54,164,0,218,20,0,20,238
01/08/2008,ADS,TX,ASW,CE,Towers with Radar,0,51,75,0,126,0,3,115,0,118,0,54,190,0,244,48,0,48,292
01/09/2008,ADS,TX,ASW,CE,Towers with Radar,1,54,80,0,135,0,4,286,0,290,1,58,366,0,425,102,0,102,527
01/10/2008,ADS,TX,ASW,CE,Towers with Radar,2,30,90,0,122,0,9,184,0,193,2,39,274,0,315,16,0,16,331
01/11/2008,ADS,TX,ASW,CE,Towers with Radar,2,24,128,0,154,0,5,317,0,322,2,29,445,0,476,158,0,158,634
01/12/2008,ADS,TX,ASW,CE,Towers with Radar,0,20,51,0,71,0,4,277,0,281,0,24,328,0,352,90,0,90,442
01/13/2008,ADS,TX,ASW,CE,Towers with Radar,0,22,75,0,97,0,3,274,0,277,0,25,349,0,374,90,0,90,464
01/14/2008,ADS,TX,ASW,CE,Towers with Radar,0,27,66,2,95,0,10,249,1,260,0,37,315,3,355,117,0,117,472
01/15/2008,ADS,TX,ASW,CE,Towers with Radar,0,40,101,0,141,0,6,250,0,256,0,46,351,0,397,44,0,44,441
01/16/2008,ADS,TX,ASW,CE,Towers with Radar,0,61,114,0,175,0,4,79,0,83,0,65,193,0,258,84,0,84,342
01/17/2008,ADS,TX,ASW,CE,Towers with Radar,1,42,96,0,139,0,4,192,0,196,1,46,288,0,335,102,0,102,437
01/18/2008,ADS,TX,ASW,CE,Towers with Radar,0,52,95,2,149,0,4,235,0,239,0,56,330,2,388,124,0,124,512
01/19/2008,ADS,TX,ASW,CE,Towers with Radar,0,44,85,0,129,0,1,251,0,252,0,45,336,0,381,132,0,132,513
01/20/2008,ADS,TX,ASW,CE,Towers with Radar,1,15,60,1,77,0,27,175,0,202,1,42,235,1,279,16,0,16,295
01/21/2008,ADS,TX,ASW,CE,Towers with Radar,0,38,62,0,100,0,9,57,0,66,0,47,119,0,166,148,0,148,314
01/22/2008,ADS,TX,ASW,CE,Towers with Radar,0,32,89,0,121,0,0,33,0,33,0,32,122,0,154,27,0,27,181
01/23/2008,ADS,TX,ASW,CE,Towers with Radar,0,57,116,0,173,0,0,157,0,157,0,57,273,0,330,120,0,120,450
01/24/2008,ADS,TX,ASW,CE,Towers with Radar,0,44,89,0,133,0,4,204,0,208,0,48,293,0,341,62,0,62,403
01/25/2008,ADS,TX,ASW,CE,Towers with Radar,0,40,72,0,112,0,0,0,0,0,0,40,72,0,112,0,0,0,112
01/26/2008,ADS,TX,ASW,CE,Towers with Radar,0,15,59,0,74,0,0,93,0,93,0,15,152,0,167,44,0,44,211
01/27/2008,ADS,TX,ASW,CE,Towers with Radar,0,26,69,0,95,0,0,218,0,218,0,26,287,0,313,114,0,114,427
01/28/2008,ADS,TX,ASW,CE,Towers with Radar,0,47,106,0,153,0,3,14,0,17,0,50,120,0,170,0,0,0,170
01/29/2008,ADS,TX,ASW,CE,Towers with Radar,0,48,74,0,122,0,7,66,1,74,0,55,140,1,196,0,0,0,196
01/30/2008,ADS,TX,ASW,CE,Towers with Radar,0,34,73,0,107,0,8,240,0,248,0,42,313,0,355,114,0,114,469
01/31/2008,ADS,TX,ASW,CE,Towers with Radar,0,36,77,0,113,0,0,76,0,76,0,36,153,0,189,14,0,14,203
02/01/2008,ADS,TX,ASW,CE,Towers with Radar,0,35,79,0,114,0,12,292,0,304,0,47,371,0,418,150,0,150,568
02/02/2008,ADS,TX,ASW,CE,Towers with Radar,0,21,47,0,68,0,3,333,0,336,0,24,380,0,404,80,0,80,484
02/03/2008,ADS,TX,ASW,CE,Towers with Radar,0,24,53,0,77,0,1,75,0,76,0,25,128,0,153,34,0,34,187
02/04/2008,ADS,TX,ASW,CE,Towers with Radar,0,42,81,0,123,0,7,66,0,73,0,49,147,0,196,28,0,28,224
02/05/2008,ADS,TX,ASW,CE,Towers with Radar,0,38,61,0,99,0,0,66,0,66,0,38,127,0,165,58,0,58,223
02/06/2008,ADS,TX,ASW,CE,Towers with Radar,0,39,97,0,136,0,8,250,0,258,0,47,347,0,394,106,0,106,500
02/07/2008,ADS,TX,ASW,CE,Towers with Radar,0,25,94,0,119,0,17,168,0,185,0,42,262,0,304,42,0,42,346
02/08/2008,ADS,TX,ASW,CE,Towers with Radar,0,20,90,0,110,0,11,243,0,254,0,31,333,0,364,52,0,52,416
02/09/2008,ADS,TX,ASW,CE,Towers with Radar,0,11,45,0,56,0,1,370,0,371,0,12,415,0,427,126,0,126,553
02/10/2008,ADS,TX,ASW,CE,Towers with Radar,0,29,106,0,135,0,0,281,0,281,0,29,387,0,416,174,0,174,590
02/11/2008,ADS,TX,ASW,CE,Towers with Radar,3,40,91,0,134,0,2,77,0,79,3,42,168,0,213,118,0,118,331
02/12/2008,ADS,TX,ASW,CE,Towers with Radar,1,43,88,0,132,0,9,190,0,199,1,52,278,0,331,142,0,142,473
02/13/2008,ADS,TX,ASW,CE,Towers with Radar,0,30,113,0,143,0,19,328,0,347,0,49,441,0,490,94,0,94,584
02/14/2008,ADS,TX,ASW,CE,Towers with Radar,0,26,85,0,111,0,13,187,2,202,0,39,272,2,313,64,0,64,377
02/15/2008,ADS,TX,ASW,CE,Towers with Radar,0,48,88,0,136,0,0,6,0,6,0,48,94,0,142,18,0,18,160
02/16/2008,ADS,TX,ASW,CE,Towers with Radar,2,13,17,0,32,0,0,0,0,0,2,13,17,0,32,0,0,0,32
02/17/2008,ADS,TX,ASW,CE,Towers with Radar,0,11,46,0,57,0,0,112,0,112,0,11,158,0,169,44,0,44,213
02/18/2008,ADS,TX,ASW,CE,Towers with Radar,0,36,101,0,137,0,3,256,0,259,0,39,357,0,396,140,0,140,536
02/19/2008,ADS,TX,ASW,CE,Towers with Radar,0,29,96,0,125,0,7,247,0,254,0,36,343,0,379,58,0,58,437
02/20/2008,ADS,TX,ASW,CE,Towers with Radar,0,47,141,0,188,0,1,169,0,170,0,48,310,0,358,82,0,82,440
02/21/2008,ADS,TX,ASW,CE,Towers with Radar,2,57,105,0,164,0,0,1,0,1,2,57,106,0,165,0,0,0,165
02/22/2008,ADS,TX,ASW,CE,Towers with Radar,0,41,125,0,166,0,7,199,0,206,0,48,324,0,372,42,0,42,414
02/23/2008,ADS,TX,ASW,CE,Towers with Radar,1,25,83,0,109,0,0,242,0,242,1,25,325,0,351,88,0,88,439
02/24/2008,ADS,TX,ASW,CE,Towers with Radar,0,31,97,0,128,0,1,242,0,243,0,32,339,0,371,84,0,84,455
02/25/2008,ADS,TX,ASW,CE,Towers with Radar,0,40,95,0,135,0,10,194,0,204,0,50,289,0,339,14,0,14,353
02/26/2008,ADS,TX,ASW,CE,Towers with Radar,0,34,93,0,127,0,9,131,0,140,0,43,224,0,267,56,0,56,323
02/27/2008,ADS,TX,ASW,CE,Towers with Radar,0,30,82,0,112,0,15,308,0,323,0,45,390,0,435,126,0,126,561
02/28/2008,ADS,TX,ASW,CE,Towers with Radar,0,35,106,2,143,0,14,191,0,205,0,49,297,2,348,42,0,42,390
02/29/2008,ADS,TX,ASW,CE,Towers with Radar,1,28,125,0,154,0,10,275,0,285,1,38,400,0,439,85,0,85,524
03/01/2008,ADS,TX,ASW,CE,Towers with Radar,0,22,115,0,137,0,0,148,0,148,0,22,263,0,285,54,0,54,339
03/02/2008,ADS,TX,ASW,CE,Towers with Radar,0,17,75,0,92,0,0,22,0,22,0,17,97,0,114,0,0,0,114
03/03/2008,ADS,TX,ASW,CE,Towers with Radar,0,38,44,0,82,0,0,6,0,6,0,38,50,0,88,48,0,48,136
03/04/2008,ADS,TX,ASW,CE,Towers with Radar,1,37,75,0,113,0,8,235,0,243,1,45,310,0,356,74,0,74,430
03/05/2008,ADS,TX,ASW,CE,Towers with Radar,0,35,122,0,157,0,9,248,0,257,0,44,370,0,414,56,0,56,470
03/06/2008,ADS,TX,ASW,CE,Towers with Radar,0,37,94,0,131,0,0,15,0,15,0,37,109,0,146,20,0,20,166
03/07/2008,ADS,TX,ASW,CE,Towers with Radar,0,58,73,0,131,0,6,177,0,183,0,64,250,0,314,74,0,74,388
03/08/2008,ADS,TX,ASW,CE,Towers with Radar,2,19,82,0,103,0,1,315,0,316,2,20,397,0,419,40,0,40,459
03/09/2008,ADS,TX,ASW,CE,Towers with Radar,0,18,80,0,98,0,0,238,0,238,0,18,318,0,336,64,0,64,400
03/10/2008,ADS,TX,ASW,CE,Towers with Radar,0,48,80,0,128,0,6,60,0,66,0,54,140,0,194,10,0,10,204
03/11/2008,ADS,TX,ASW,CE,Towers with Radar,0,36,70,1,107,0,11,224,0,235,0,47,294,1,342,72,0,72,414
03/12/2008,ADS,TX,ASW,CE,Towers with Radar,0,44,86,0,130,0,7,275,0,282,0,51,361,0,412,74,0,74,486
03/13/2008,ADS,TX,ASW,CE,Towers with Radar,2,39,117,0,158,0,5,125,0,130,2,44,242,0,288,146,0,146,434
03/14/2008,ADS,TX,ASW,CE,Towers with Radar,0,37,97,0,134,0,11,307,0,318,0,48,404,0,452,116,0,116,568
03/15/2008,ADS,TX,ASW,CE,Towers with Radar,0,24,63,0,87,0,3,258,0,261,0,27,321,0,348,214,0,214,562
03/16/2008,ADS,TX,ASW,CE,Towers with Radar,0,13,61,0,74,0,7,141,0,148,0,20,202,0,222,58,0,58,280
03/17/2008,ADS,TX,ASW,CE,Towers with Radar,0,32,70,0,102,0,2,39,0,41,0,34,109,0,143,34,0,34,177
03/18/2008,ADS,TX,ASW,CE,Towers with Radar,0,44,46,0,90,0,0,0,0,0,0,44,46,0,90,0,0,0,90
03/19/2008,ADS,TX,ASW,CE,Towers with Radar,1,59,77,0,137,0,8,297,0,305,1,67,374,0,442,76,0,76,518
03/20/2008,ADS,TX,ASW,CE,Towers with Radar,0,39,118,0,157,0,13,290,0,303,0,52,408,0,460,158,12,170,630
03/21/2008,ADS,TX,ASW,CE,Towers with Radar,0,30,71,0,101,0,8,315,0,323,0,38,386,0,424,84,0,84,508
03/22/2008,ADS,TX,ASW,CE,Towers with Radar,0,20,64,0,84,0,2,328,0,330,0,22,392,0,414,64,0,64,478
03/23/2008,ADS,TX,ASW,CE,Towers with Radar,1,23,46,0,70,0,6,97,0,103,1,29,143,0,173,20,0,20,193
03/24/2008,ADS,TX,ASW,CE,Towers with Radar,0,33,86,0,119,0,12,230,0,242,0,45,316,0,361,102,0,102,463
03/25/2008,ADS,TX,ASW,CE,Towers with Radar,0,22,61,0,83,0,10,148,0,158,0,32,209,0,241,38,0,38,279
03/26/2008,ADS,TX,ASW,CE,Towers with Radar,1,47,122,0,170,0,2,155,0,157,1,49,277,0,327,102,0,102,429
03/27/2008,ADS,TX,ASW,CE,Towers with Radar,0,35,95,0,130,0,8,146,0,154,0,43,241,0,284,30,0,30,314
03/28/2008,ADS,TX,ASW,CE,Towers with Radar,0,50,119,0,169,0,1,59,0,60,0,51,178,0,229,90,0,90,319
03/29/2008,ADS,TX,ASW,CE,Towers with Radar,0,20,70,0,90,0,0,2,0,2,0,20,72,0,92,18,0,18,110
03/30/2008,ADS,TX,ASW,CE,Towers with Radar,0,17,100,0,117,0,0,91,0,91,0,17,191,0,208,99,0,99,307
03/31/2008,ADS,TX,ASW,CE,Towers with Radar,0,47,60,0,107,0,7,38,0,45,0,54,98,0,152,0,0,0,152
04/01/2008,ADS,TX,ASW,CE,Towers with Radar,0,27,116,0,143,0,5,210,0,215,0,32,326,0,358,92,0,92,450
04/02/2008,ADS,TX,ASW,CE,Towers with Radar,0,42,137,0,179,0,0,81,0,81,0,42,218,0,260,96,0,96,356
04/03/2008,ADS,TX,ASW,CE,Towers with Radar,0,54,111,0,165,0,7,90,0,97,0,61,201,0,262,42,0,42,304
04/04/2008,ADS,TX,ASW,CE,Towers with Radar,0,46,93,0,139,0,13,185,0,198,0,59,278,0,337,88,0,88,425
04/05/2008,ADS,TX,ASW,CE,Towers with Radar,0,24,83,0,107,0,3,362,0,365,0,27,445,0,472,100,0,100,572
04/06/2008,ADS,TX,ASW,CE,Towers with Radar,0,40,93,0,133,0,21,223,0,244,0,61,316,0,377,78,0,78,455
04/07/2008,ADS,TX,ASW,CE,Towers with Radar,0,31,112,0,143,0,8,179,0,187,0,39,291,0,330,38,0,38,368
04/08/2008,ADS,TX,ASW,CE,Towers with Radar,0,59,138,0,197,0,0,143,0,143,0,59,281,0,340,94,0,94,434
04/09/2008,ADS,TX,ASW,CE,Towers with Radar,1,58,139,0,198,0,0,11,0,11,1,58,150,0,209,40,0,40,249
04/10/2008,ADS,TX,ASW,CE,Towers with Radar,0,40,90,0,130,0,3,112,0,115,0,43,202,0,245,50,0,50,295
04/11/2008,ADS,TX,ASW,CE,Towers with Radar,1,47,134,0,182,0,8,335,0,343,1,55,469,0,525,168,0,168,693
04/12/2008,ADS,TX,ASW,CE,Towers with Radar,0,10,50,0,60,0,0,277,0,277,0,10,327,0,337,118,0,118,455
04/13/2008,ADS,TX,ASW,CE,Towers with Radar,0,32,82,0,114,0,0,159,0,159,0,32,241,0,273,18,0,18,291
04/14/2008,ADS,TX,ASW,CE,Towers with Radar,1,28,87,0,116,0,11,244,0,255,1,39,331,0,371,96,0,96,467
04/15/2008,ADS,TX,ASW,CE,Towers with Radar,0,35,88,0,123,0,12,298,0,310,0,47,386,0,433,84,0,84,517
04/16/2008,ADS,TX,ASW,CE,Towers with Radar,0,36,112,0,148,0,4,133,0,137,0,40,245,0,285,12,0,12,297
04/17/2008,ADS,TX,ASW,CE,Towers with Radar,1,29,101,0,131,0,10,81,0,91,1,39,182,0,222,20,0,20,242
04/18/2008,ADS,TX,ASW,CE,Towers with Radar,0,22,109,0,131,0,22,287,0,309,0,44,396,0,440,138,0,138,578
04/19/2008,ADS,TX,ASW,CE,Towers with Radar,0,25,71,0,96,0,2,361,0,363,0,27,432,0,459,108,0,108,567
04/20/2008,ADS,TX,ASW,CE,Towers with Radar,0,24,84,0,108,0,0,228,0,228,0,24,312,0,336,108,0,108,444
04/21/2008,ADS,TX,ASW,CE,Towers with Radar,0,30,129,1,160,0,0,143,0,143,0,30,272,1,303,64,0,64,367
04/22/2008,ADS,TX,ASW,CE,Towers with Radar,0,35,111,2,148,0,14,187,0,201,0,49,298,2,349,78,0,78,427
04/23/2008,ADS,TX,ASW,CE,Towers with Radar,0,42,122,1,165,0,2,131,0,133,0,44,253,1,298,78,0,78,376
04/24/2008,ADS,TX,ASW,CE,Towers with Radar,0,28,136,1,165,0,6,206,0,212,0,34,342,1,377,58,0,58,435
04/25/2008,ADS,TX,ASW,CE,Towers with Radar,0,29,114,0,143,0,4,133,1,138,0,33,247,1,281,50,0,50,331
04/26/2008,ADS,TX,ASW,CE,Towers with Radar,0,12,65,0,77,0,1,232,0,233,0,13,297,0,310,78,0,78,388
04/27/2008,ADS,TX,ASW,CE,Towers with Radar,0,35,59,0,94,0,1,93,0,94,0,36,152,0,188,68,0,68,256
04/28/2008,ADS,TX,ASW,CE,Towers with Radar,0,34,91,0,125,0,17,282,0,299,0,51,373,0,424,120,0,120,544
04/29/2008,ADS,TX,ASW,CE,Towers with Radar,0,27,95,1,123,0,9,261,0,270,0,36,356,1,393,80,0,80,473
04/30/2008,ADS,TX,ASW,CE,Towers with Radar,0,30,89,0,119,0,10,157,0,167,0,40,246,0,286,34,0,34,320
05/01/2008,ADS,TX,ASW,CE,Towers with Radar,0,45,116,1,162,0,15,148,0,163,0,60,264,1,325,56,0,56,381
05/02/2008,ADS,TX,ASW,CE,Towers with Radar,2,32,66,0,100,0,5,309,0,314,2,37,375,0,414,96,0,96,510
05/03/2008,ADS,TX,ASW,CE,Towers with Radar,0,5,51,0,56,0,1,257,0,258,0,6,308,0,314,48,0,48,362
05/04/2008,ADS,TX,ASW,CE,Towers with Radar,1,18,68,0,87,0,0,279,0,279,1,18,347,0,366,62,0,62,428
05/05/2008,ADS,TX,ASW,CE,Towers with Radar,0,39,89,0,128,0,6,70,0,76,0,45,159,0,204,118,0,118,322
05/06/2008,ADS,TX,ASW,CE,Towers with Radar,0,32,99,0,131,0,17,51,0,68,0,49,150,0,199,30,0,30,229
05/07/2008,ADS,TX,ASW,CE,Towers with Radar,0,40,83,0,123,0,7,67,0,74,0,47,150,0,197,84,0,84,281
05/08/2008,ADS,TX,ASW,CE,Towers with Radar,0,24,111,0,135,0,14,315,0,329,0,38,426,0,464,84,0,84,548
05/09/2008,ADS,TX,ASW,CE,Towers with Radar,0,28,93,0,121,0,12,339,0,351,0,40,432,0,472,94,0,94,566
05/10/2008,ADS,TX,ASW,CE,Towers with Radar,0,11,71,0,82,0,1,2052,0,2053,0,12,2123,0,2135,70,0,70,2205
05/11/2008,ADS,TX,ASW,CE,Towers with Radar,1,17,66,0,84,0,0,248,0,248,1,17,314,0,332,106,0,106,438
05/12/2008,ADS,TX,ASW,CE,Towers with Radar,1,41,98,0,140,0,16,240,0,256,1,57,338,0,396,118,0,118,514
05/13/2008,ADS,TX,ASW,CE,Towers with Radar,0,26,103,0,129,0,11,71,0,82,0,37,174,0,211,46,0,46,257
05/14/2008,ADS,TX,ASW,CE,Towers with Radar,0,25,75,0,100,0,8,67,0,75,0,33,142,0,175,80,0,80,255
05/15/2008,ADS,TX,ASW,CE,Towers with Radar,0,36,138,0,174,0,8,169,0,177,0,44,307,0,351,78,0,78,429
05/16/2008,ADS,TX,ASW,CE,Towers with Radar,0,31,113,2,146,0,10,369,0,379,0,41,482,2,525,44,0,44,569
05/17/2008,ADS,TX,ASW,CE,Towers with Radar,0,23,68,0,91,0,1,326,0,327,0,24,394,0,418,88,0,88,506
05/18/2008,ADS,TX,ASW,CE,Towers with Radar,0,18,71,0,89,0,2,262,0,264,0,20,333,0,353,48,0,48,401
05/19/2008,ADS,TX,ASW,CE,Towers with Radar,0,45,84,0,129,0,17,229,0,246,0,62,313,0,375,40,0,40,415
05/20/2008,ADS,TX,ASW,CE,Towers with Radar,1,27,106,0,134,0,19,323,0,342,1,46,429,0,476,12,0,12,488
05/21/2008,ADS,TX,ASW,CE,Towers with Radar,1,37,113,1,152,0,12,265,1,278,1,49,378,2,430,38,0,38,468
05/22/2008,ADS,TX,ASW,CE,Towers with Radar,0,43,118,0,161,0,13,107,0,120,0,56,225,0,281,44,0,44,325
05/23/2008,ADS,TX,ASW,CE,Towers with Radar,2,39,140,0,181,0,6,207,0,213,2,45,347,0,394,82,0,82,476
05/24/2008,ADS,TX,ASW,CE,Towers with Radar,0,13,78,0,91,0,3,161,0,164,0,16,239,0,255,62,0,62,317
05/25/2008,ADS,TX,ASW,CE,Towers with Radar,0,18,62,0,80,0,1,171,0,172,0,19,233,0,252,48,0,48,300
05/26/2008,ADS,TX,ASW,CE,Towers with Radar,1,12,75,0,88,0,2,164,0,166,1,14,239,0,254,2,0,2,256
05/27/2008,ADS,TX,ASW,CE,Towers with Radar,0,23,81,0,104,0,8,85,0,93,0,31,166,0,197,38,0,38,235
05/28/2008,ADS,TX,ASW,CE,Towers with Radar,0,21,72,0,93,0,17,241,0,258,0,38,313,0,351,64,0,64,415
05/29/2008,ADS,TX,ASW,CE,Towers with Radar,0,21,121,0,142,0,22,215,0,237,0,43,336,0,379,60,0,60,439
05/30/2008,ADS,TX,ASW,CE,Towers with Radar,0,29,90,0,119,0,11,316,0,327,0,40,406,0,446,42,0,42,488
05/31/2008,ADS,TX,ASW,CE,Towers with Radar,0,12,55,0,67,0,1,337,0,338,0,13,392,0,405,252,0,252,657
06/01/2008,ADS,TX,ASW,CE,Towers with Radar,0,18,82,0,100,0,1,268,0,269,0,19,350,0,369,260,0,260,629
06/02/2008,ADS,TX,ASW,CE,Towers with Radar,0,35,74,0,109,0,12,206,0,218,0,47,280,0,327,48,0,48,375
06/03/2008,ADS,TX,ASW,CE,Towers with Radar,0,44,76,0,120,0,16,156,0,172,0,60,232,0,292,16,0,16,308
06/04/2008,ADS,TX,ASW,CE,Towers with Radar,0,28,101,0,129,0,10,111,0,121,0,38,212,0,250,36,0,36,286
06/05/2008,ADS,TX,ASW,CE,Towers with Radar,0,31,108,0,139,0,9,77,0,86,0,40,185,0,225,24,0,24,249
06/06/2008,ADS,TX,ASW,CE,Towers with Radar,0,23,104,0,127,0,9,167,0,176,0,32,271,0,303,104,0,104,407
06/07/2008,ADS,TX,ASW,CE,Towers with Radar,0,23,68,0,91,0,1,179,0,180,0,24,247,0,271,92,0,92,363
06/08/2008,ADS,TX,ASW,CE,Towers with Radar,1,23,85,0,109,0,1,164,0,165,1,24,249,0,274,0,40,40,314
06/09/2008,ADS,TX,ASW,CE,Towers with Radar,0,18,84,0,102,0,15,121,0,136,0,33,205,0,238,70,0,70,308
06/10/2008,ADS,TX,ASW,CE,Towers with Radar,0,23,105,0,128,0,12,227,0,239,0,35,332,0,367,84,0,84,451
06/11/2008,ADS,TX,ASW,CE,Towers with Radar,0,32,91,0,123,0,10,267,0,277,0,42,358,0,400,46,0,46,446
06/12/2008,ADS,TX,ASW,CE,Towers with Radar,1,32,107,0,140,0,24,262,0,286,1,56,369,0,426,44,0,44,470
06/13/2008,ADS,TX,ASW,CE,Towers with Radar,4,32,103,0,139,0,10,300,0,310,4,42,403,0,449,60,0,60,509
06/14/2008,ADS,TX,ASW,CE,Towers with Radar,0,12,56,0,68,0,3,233,0,236,0,15,289,0,304,58,0,58,362
06/15/2008,ADS,TX,ASW,CE,Towers with Radar,0,37,83,0,120,0,0,197,0,197,0,37,280,0,317,26,0,26,343
06/16/2008,ADS,TX,ASW,CE,Towers with Radar,0,44,90,0,134,0,15,232,0,247,0,59,322,0,381,8,0,8,389
06/17/2008,ADS,TX,ASW,CE,Towers with Radar,1,40,68,0,109,0,12,151,0,163,1,52,219,0,272,28,0,28,300
06/18/2008,ADS,TX,ASW,CE,Towers with Radar,0,34,112,0,146,0,7,260,0,267,0,41,372,0,413,72,0,72,485
06/19/2008,ADS,TX,ASW,CE,Towers with Radar,0,37,94,0,131,0,21,202,0,223,0,58,296,0,354,50,0,50,404
06/20/2008,ADS,TX,ASW,CE,Towers with Radar,0,21,99,0,120,0,25,329,0,354,0,46,428,0,474,126,0,126,600
06/21/2008,ADS,TX,ASW,CE,Towers with Radar,1,17,75,1,94,0,4,264,0,268,1,21,339,1,362,52,0,52,414
06/22/2008,ADS,TX,ASW,CE,Towers with Radar,0,30,65,0,95,0,0,236,0,236,0,30,301,0,331,82,0,82,413
06/23/2008,ADS,TX,ASW,CE,Towers with Radar,3,28,61,0,92,0,20,277,0,297,3,48,338,0,389,102,0,102,491
06/24/2008,ADS,TX,ASW,CE,Towers with Radar,3,21,69,0,93,0,19,270,0,289,3,40,339,0,382,66,0,66,448
06/25/2008,ADS,TX,ASW,CE,Towers with Radar,0,41,103,0,144,0,13,298,0,311,0,54,401,0,455,80,0,80,535
06/26/2008,ADS,TX,ASW,CE,Towers with Radar,0,24,103,0,127,0,16,263,0,279,0,40,366,0,406,68,2,70,476
06/27/2008,ADS,TX,ASW,CE,Towers with Radar,1,32,85,0,118,0,19,238,0,257,1,51,323,0,375,64,1,65,440
06/28/2008,ADS,TX,ASW,CE,Towers with Radar,0,16,68,0,84,0,4,252,0,256,0,20,320,0,340,14,0,14,354
06/29/2008,ADS,TX,ASW,CE,Towers with Radar,1,17,86,0,104,0,2,187,0,189,1,19,273,0,293,26,0,26,319
06/30/2008,ADS,TX,ASW,CE,Towers with Radar,1,16,92,0,109,0,16,245,0,261,1,32,337,0,370,48,4,52,422
07/01/2008,ADS,TX,ASW,CE,Towers with Radar,0,33,85,0,118,0,13,301,0,314,0,46,386,0,432,160,0,160,592
07/02/2008,ADS,TX,ASW,CE,Towers with Radar,0,29,98,0,127,0,24,274,0,298,0,53,372,0,425,0,152,152,577
07/03/2008,ADS,TX,ASW,CE,Towers with Radar,0,18,96,0,114,0,10,298,0,308,0,28,394,0,422,80,0,80,502
07/04/2008,ADS,TX,ASW,CE,Towers with Radar,0,9,39,0,48,0,0,167,0,167,0,9,206,0,215,126,0,126,341
07/05/2008,ADS,TX,ASW,CE,Towers with Radar,0,4,54,0,58,0,1,243,0,244,0,5,297,0,302,78,0,78,380
07/06/2008,ADS,TX,ASW,CE,Towers with Radar,4,20,90,0,114,0,6,273,0,279,4,26,363,0,393,104,0,104,497
07/07/2008,ADS,TX,ASW,CE,Towers with Radar,0,28,91,0,119,5,0,6,0,11,5,28,97,0,130,88,0,88,218
07/08/2008,ADS,TX,ASW,CE,Towers with Radar,1,24,135,0,160,0,17,252,0,269,1,41,387,0,429,86,0,86,515
07/09/2008,ADS,TX,ASW,CE,Towers with Radar,0,35,131,0,166,0,9,286,0,295,0,44,417,0,461,82,0,82,543
07/10/2008,ADS,TX,ASW,CE,Towers with Radar,0,43,120,0,163,0,17,256,0,273,0,60,376,0,436,74,0,74,510
07/11/2008,ADS,TX,ASW,CE,Towers with Radar,0,26,110,0,136,0,14,231,0,245,0,40,341,0,381,86,0,86,467
07/12/2008,ADS,TX,ASW,CE,Towers with Radar,0,17,64,0,81,0,10,239,0,249,0,27,303,0,330,54,0,54,384
07/13/2008,ADS,TX,ASW,CE,Towers with Radar,0,19,77,0,96,0,0,180,0,180,0,19,257,0,276,90,0,90,366
07/14/2008,ADS,TX,ASW,CE,Towers with Radar,0,26,110,0,136,0,22,177,0,199,0,48,287,0,335,64,0,64,399
07/15/2008,ADS,TX,ASW,CE,Towers with Radar,1,25,100,0,126,0,13,175,0,188,1,38,275,0,314,30,0,30,344
07/16/2008,ADS,TX,ASW,CE,Towers with Radar,0,27,133,0,160,0,19,190,0,209,0,46,323,0,369,118,0,118,487
07/17/2008,ADS,TX,ASW,CE,Towers with Radar,0,22,107,0,129,0,15,287,0,302,0,37,394,0,431,108,0,108,539
07/18/2008,ADS,TX,ASW,CE,Towers with Radar,0,22,99,0,121,0,12,260,0,272,0,34,359,0,393,92,0,92,485
07/19/2008,ADS,TX,ASW,CE,Towers with Radar,0,16,62,0,78,0,1,261,0,262,0,17,323,0,340,78,0,78,418
07/20/2008,ADS,TX,ASW,CE,Towers with Radar,1,23,66,0,90,0,3,227,0,230,1,26,293,0,320,72,0,72,392
07/21/2008,ADS,TX,ASW,CE,Towers with Radar,0,34,80,1,115,0,24,218,1,243,0,58,298,2,358,58,0,58,416
07/22/2008,ADS,TX,ASW,CE,Towers with Radar,0,23,69,0,92,0,14,263,0,277,0,37,332,0,369,96,0,96,465
07/23/2008,ADS,TX,ASW,CE,Towers with Radar,0,34,89,0,123,0,17,261,0,278,0,51,350,0,401,82,0,82,483
07/24/2008,ADS,TX,ASW,CE,Towers with Radar,0,22,104,0,126,0,12,237,0,249,0,34,341,0,375,166,0,166,541
07/25/2008,ADS,TX,ASW,CE,Towers with Radar,0,20,99,0,119,0,13,193,0,206,0,33,292,0,325,210,0,210,535
07/26/2008,ADS,TX,ASW,CE,Towers with Radar,0,8,58,0,66,0,3,276,0,279,0,11,334,0,345,90,0,90,435
07/27/2008,ADS,TX,ASW,CE,Towers with Radar,0,17,49,0,66,0,3,149,0,152,0,20,198,0,218,26,0,26,244
07/28/2008,ADS,TX,ASW,CE,Towers with Radar,1,28,69,0,98,0,18,200,0,218,1,46,269,0,316,124,0,124,440
07/29/2008,ADS,TX,ASW,CE,Towers with Radar,0,30,104,0,134,0,17,216,0,233,0,47,320,0,367,76,0,76,443
07/30/2008,ADS,TX,ASW,CE,Towers with Radar,0,42,126,0,168,0,29,203,0,232,0,71,329,0,400,74,0,74,474
07/31/2008,ADS,TX,ASW,CE,Towers with Radar,0,32,91,0,123,0,21,241,0,262,0,53,332,0,385,0,82,82,467
08/01/2008,ADS,TX,ASW,CE,Towers with Radar,1,29,84,0,114,0,27,181,0,208,1,56,265,0,322,66,0,66,388
08/02/2008,ADS,TX,ASW,CE,Towers with Radar,0,9,50,0,59,0,0,207,0,207,0,9,257,0,266,30,0,30,296
08/03/2008,ADS,TX,ASW,CE,Towers with Radar,0,18,54,0,72,0,1,185,0,186,0,19,239,0,258,54,0,54,312
08/04/2008,ADS,TX,ASW,CE,Towers with Radar,2,28,64,0,94,0,20,176,1,197,2,48,240,1,291,38,0,38,329
08/05/2008,ADS,TX,ASW,CE,Towers with Radar,0,25,100,0,125,0,19,230,0,249,0,44,330,0,374,46,0,46,420
08/06/2008,ADS,TX,ASW,CE,Towers with Radar,0,34,105,0,139,0,18,181,0,199,0,52,286,0,338,56,0,56,394
08/07/2008,ADS,TX,ASW,CE,Towers with Radar,3,27,113,0,143,0,10,247,0,257,3,37,360,0,400,86,0,86,486
08/08/2008,ADS,TX,ASW,CE,Towers with Radar,1,34,124,0,159,0,17,241,0,258,1,51,365,0,417,74,0,74,491
08/09/2008,ADS,TX,ASW,CE,Towers with Radar,0,13,51,0,64,0,2,247,0,249,0,15,298,0,313,32,0,32,345
08/10/2008,ADS,TX,ASW,CE,Towers with Radar,0,22,56,0,78,0,3,166,0,169,0,25,222,0,247,66,0,66,313
08/11/2008,ADS,TX,ASW,CE,Towers with Radar,2,18,82,0,102,0,23,108,0,131,2,41,190,0,233,55,0,55,288
08/12/2008,ADS,TX,ASW,CE,Towers with Radar,0,27,126,0,153,0,9,155,0,164,0,36,281,0,317,34,0,34,351
08/13/2008,ADS,TX,ASW,CE,Towers with Radar,0,24,121,0,145,0,24,237,0,261,0,48,358,0,406,14,0,14,420
08/14/2008,ADS,TX,ASW,CE,Towers with Radar,0,23,108,0,131,0,27,239,0,266,0,50,347,0,397,50,0,50,447
08/15/2008,ADS,TX,ASW,CE,Towers with Radar,0,28,119,0,147,0,13,136,0,149,0,41,255,0,296,28,0,28,324
08/16/2008,ADS,TX,ASW,CE,Towers with Radar,0,16,62,0,78,0,16,106,0,122,0,32,168,0,200,70,0,70,270
08/17/2008,ADS,TX,ASW,CE,Towers with Radar,0,20,77,1,98,0,1,162,0,163,0,21,239,1,261,36,0,36,297
08/18/2008,ADS,TX,ASW,CE,Towers with Radar,0,48,85,0,133,0,1,5,0,6,0,49,90,0,139,0,0,0,139
08/19/2008,ADS,TX,ASW,CE,Towers with Radar,0,28,98,0,126,0,0,11,0,11,0,28,109,0,137,34,0,34,171
08/20/2008,ADS,TX,ASW,CE,Towers with Radar,0,27,99,0,126,0,2,20,0,22,0,29,119,0,148,6,0,6,154
08/21/2008,ADS,TX,ASW,CE,Towers with Radar,0,30,146,0,176,0,7,169,0,176,0,37,315,0,352,53,0,53,405
08/22/2008,ADS,TX,ASW,CE,Towers with Radar,2,36,105,0,143,0,7,260,0,267,2,43,365,0,410,100,0,100,510
08/23/2008,ADS,TX,ASW,CE,Towers with Radar,0,18,54,0,72,0,1,238,0,239,0,19,292,0,311,26,0,26,337
08/24/2008,ADS,TX,ASW,CE,Towers with Radar,0,16,0,72,88,0,3,267,0,270,0,19,267,72,358,24,0,24,382
08/25/2008,ADS,TX,ASW,CE,Towers with Radar,0,18,83,0,101,0,16,202,0,218,0,34,285,0,319,28,0,28,347
08/26/2008,ADS,TX,ASW,CE,Towers with Radar,0,18,80,0,98,0,13,256,0,269,0,31,336,0,367,70,0,70,437
08/27/2008,ADS,TX,ASW,CE,Towers with Radar,0,29,115,0,144,0,15,296,0,311,0,44,411,0,455,78,0,78,533
08/28/2008,ADS,TX,ASW,CE,Towers with Radar,3,27,114,0,144,1,19,254,0,274,4,46,368,0,418,108,0,108,526
08/29/2008,ADS,TX,ASW,CE,Towers with Radar,2,19,108,0,129,0,8,222,0,230,2,27,330,0,359,36,0,36,395
08/30/2008,ADS,TX,ASW,CE,Towers with Radar,0,7,81,0,88,0,2,209,0,211,0,9,290,0,299,40,0,40,339
08/31/2008,ADS,TX,ASW,CE,Towers with Radar,0,13,68,0,81,0,11,186,0,197,0,24,254,0,278,76,0,76,354
09/01/2008,ADS,TX,ASW,CE,Towers with Radar,0,22,73,0,95,0,5,204,0,209,0,27,277,0,304,46,0,46,350
09/02/2008,ADS,TX,ASW,CE,Towers with Radar,0,22,58,0,80,0,8,104,0,112,0,30,162,0,192,38,0,38,230
09/03/2008,ADS,TX,ASW,CE,Towers with Radar,0,47,84,0,131,0,3,36,0,39,0,50,120,0,170,0,0,0,170
09/04/2008,ADS,TX,ASW,CE,Towers with Radar,0,28,99,0,127,0,16,234,0,250,0,44,333,0,377,100,0,100,477
09/05/2008,ADS,TX,ASW,CE,Towers with Radar,0,26,86,0,112,0,10,264,0,274,0,36,350,0,386,90,0,90,476
09/06/2008,ADS,TX,ASW,CE,Towers with Radar,0,19,82,0,101,0,0,239,0,239,0,19,321,0,340,42,0,42,382
09/07/2008,ADS,TX,ASW,CE,Towers with Radar,0,20,64,0,84,0,0,284,0,284,0,20,348,0,368,54,0,54,422
09/08/2008,ADS,TX,ASW,CE,Towers with Radar,1,25,85,0,111,0,14,175,0,189,1,39,260,0,300,92,0,92,392
09/09/2008,ADS,TX,ASW,CE,Towers with Radar,0,42,111,0,153,0,0,30,0,30,0,42,141,0,183,56,0,56,239
09/10/2008,ADS,TX,ASW,CE,Towers with Radar,0,32,115,0,147,0,1,14,0,15,0,33,129,0,162,42,0,42,204
09/11/2008,ADS,TX,ASW,CE,Towers with Radar,0,46,136,7,189,0,14,192,0,206,0,60,328,7,395,56,0,56,451
09/12/2008,ADS,TX,ASW,CE,Towers with Radar,0,33,71,0,104,0,7,241,0,248,0,40,312,0,352,96,0,96,448
09/13/2008,ADS,TX,ASW,CE,Towers with Radar,0,4,9,0,13,0,0,0,0,0,0,4,9,0,13,0,0,0,13
09/14/2008,ADS,TX,ASW,CE,Towers with Radar,0,10,46,0,56,0,0,120,0,120,0,10,166,0,176,26,0,26,202
09/15/2008,ADS,TX,ASW,CE,Towers with Radar,1,17,80,0,98,0,34,221,0,255,1,51,301,0,353,83,0,83,436
09/16/2008,ADS,TX,ASW,CE,Towers with Radar,1,24,86,0,111,0,20,296,0,316,1,44,382,0,427,121,0,121,548
09/17/2008,ADS,TX,ASW,CE,Towers with Radar,0,26,126,0,152,0,16,329,0,345,0,42,455,0,497,30,0,30,527
09/18/2008,ADS,TX,ASW,CE,Towers with Radar,1,15,112,0,128,0,16,282,0,298,1,31,394,0,426,56,0,56,482
09/19/2008,ADS,TX,ASW,CE,Towers with Radar,0,22,118,0,140,0,21,333,0,354,0,43,451,0,494,50,0,50,544
09/20/2008,ADS,TX,ASW,CE,Towers with Radar,0,9,85,0,94,0,1,328,0,329,0,10,413,0,423,90,0,90,513
09/21/2008,ADS,TX,ASW,CE,Towers with Radar,1,18,71,0,90,3,4,7,0,14,4,22,78,0,104,4,0,4,108
09/22/2008,ADS,TX,ASW,CE,Towers with Radar,0,22,83,0,105,4,0,7,0,11,4,22,90,0,116,111,0,111,227
09/23/2008,ADS,TX,ASW,CE,Towers with Radar,1,26,116,0,143,1,9,273,0,283,2,35,389,0,426,82,0,82,508
09/24/2008,ADS,TX,ASW,CE,Towers with Radar,1,30,110,0,141,0,32,239,0,271,1,62,349,0,412,48,0,48,460
09/25/2008,ADS,TX,ASW,CE,Towers with Radar,0,37,110,0,147,0,20,263,0,283,0,57,373,0,430,176,0,176,606
09/26/2008,ADS,TX,ASW,CE,Towers with Radar,1,28,123,0,152,0,23,292,0,315,1,51,415,0,467,22,0,22,489
09/27/2008,ADS,TX,ASW,CE,Towers with Radar,0,9,58,0,67,0,1,249,0,250,0,10,307,0,317,148,0,148,465
09/28/2008,ADS,TX,ASW,CE,Towers with Radar,0,29,88,0,117,5,1,2,1,9,5,30,90,1,126,116,0,116,242
09/29/2008,ADS,TX,ASW,CE,Towers with Radar,1,22,66,0,89,0,22,238,0,260,1,44,304,0,349,94,0,94,443
09/30/2008,ADS,TX,ASW,CE,Towers with Radar,0,18,98,0,116,0,15,279,0,294,0,33,377,0,410,66,0,66,476
10/01/2008,ADS,TX,ASW,CE,Towers with Radar,0,27,109,0,136,0,21,340,0,361,0,48,449,0,497,56,0,56,553
10/02/2008,ADS,TX,ASW,CE,Towers with Radar,0,31,126,0,157,0,15,281,0,296,0,46,407,0,453,70,0,70,523
10/03/2008,ADS,TX,ASW,CE,Towers with Radar,0,22,123,0,145,0,19,282,0,301,0,41,405,0,446,72,0,72,518
10/04/2008,ADS,TX,ASW,CE,Towers with Radar,0,12,66,0,78,0,2,255,0,257,0,14,321,0,335,102,0,102,437
10/05/2008,ADS,TX,ASW,CE,Towers with Radar,0,11,68,0,79,0,2,159,0,161,0,13,227,0,240,50,0,50,290
10/06/2008,ADS,TX,ASW,CE,Towers with Radar,0,26,79,0,105,0,16,57,0,73,0,42,136,0,178,50,0,50,228
10/07/2008,ADS,TX,ASW,CE,Towers with Radar,0,22,96,0,118,0,20,166,0,186,0,42,262,0,304,48,0,48,352
10/08/2008,ADS,TX,ASW,CE,Towers with Radar,0,18,96,0,114,0,16,305,0,321,0,34,401,0,435,78,0,78,513
10/09/2008,ADS,TX,ASW,CE,Towers with Radar,0,21,101,0,122,0,14,318,0,332,0,35,419,0,454,92,0,92,546
10/10/2008,ADS,TX,ASW,CE,Towers with Radar,0,23,146,0,169,0,17,318,0,335,0,40,464,0,504,76,0,76,580
10/11/2008,ADS,TX,ASW,CE,Towers with Radar,0,18,78,0,96,0,0,216,0,216,0,18,294,0,312,70,0,70,382
10/12/2008,ADS,TX,ASW,CE,Towers with Radar,0,16,103,0,119,4,2,6,0,12,4,18,109,0,131,10,0,10,141
10/13/2008,ADS,TX,ASW,CE,Towers with Radar,1,38,118,0,157,6,1,8,0,15,7,39,126,0,172,83,0,83,255
10/14/2008,ADS,TX,ASW,CE,Towers with Radar,0,33,117,0,150,0,10,33,0,43,0,43,150,0,193,84,0,84,277
10/15/2008,ADS,TX,ASW,CE,Towers with Radar,0,45,126,0,171,0,4,54,0,58,0,49,180,0,229,36,0,36,265
10/16/2008,ADS,TX,ASW,CE,Towers with Radar,2,37,151,0,190,0,6,113,0,119,2,43,264,0,309,68,0,68,377
10/17/2008,ADS,TX,ASW,CE,Towers with Radar,0,36,110,0,146,0,10,321,0,331,0,46,431,0,477,32,0,32,509
10/18/2008,ADS,TX,ASW,CE,Towers with Radar,0,27,55,0,82,0,0,300,0,300,0,27,355,0,382,106,0,106,488
10/19/2008,ADS,TX,ASW,CE,Towers with Radar,0,23,66,0,89,2,13,5,0,20,2,36,71,0,109,73,0,73,182
10/20/2008,ADS,TX,ASW,CE,Towers with Radar,0,21,91,0,112,1,15,293,0,309,1,36,384,0,421,31,0,31,452
10/21/2008,ADS,TX,ASW,CE,Towers with Radar,0,32,94,0,126,0,14,252,0,266,0,46,346,0,392,0,0,0,392
10/22/2008,ADS,TX,ASW,CE,Towers with Radar,0,39,86,0,125,0,7,72,0,79,0,46,158,0,204,22,0,22,226
10/23/2008,ADS,TX,ASW,CE,Towers with Radar,0,23,102,0,125,0,29,275,0,304,0,52,377,0,429,34,0,34,463
10/24/2008,ADS,TX,ASW,CE,Towers with Radar,0,13,84,0,97,0,11,302,0,313,0,24,386,0,410,66,0,66,476
10/25/2008,ADS,TX,ASW,CE,Towers with Radar,0,15,52,0,67,0,2,274,0,276,0,17,326,0,343,72,0,72,415
10/26/2008,ADS,TX,ASW,CE,Towers with Radar,0,2,18,71,91,0,8,230,0,238,0,10,248,71,329,116,0,116,445
10/27/2008,ADS,TX,ASW,CE,Towers with Radar,0,36,103,0,139,0,6,192,0,198,0,42,295,0,337,36,0,36,373
10/28/2008,ADS,TX,ASW,CE,Towers with Radar,0,37,88,0,125,0,13,242,0,255,0,50,330,0,380,94,0,94,474
10/29/2008,ADS,TX,ASW,CE,Towers with Radar,0,38,76,0,114,0,11,251,0,262,0,49,327,0,376,28,0,28,404
10/30/2008,ADS,TX,ASW,CE,Towers with Radar,0,24,100,0,124,0,11,251,0,262,0,35,351,0,386,40,4,44,430
10/31/2008,ADS,TX,ASW,CE,Towers with Radar,0,29,106,0,135,0,9,232,0,241,0,38,338,0,376,36,0,36,412
11/01/2008,ADS,TX,ASW,CE,Towers with Radar,0,12,64,0,76,0,3,300,0,303,0,15,364,0,379,107,0,107,486
11/02/2008,ADS,TX,ASW,CE,Towers with Radar,0,12,44,0,56,6,2,7,0,15,6,14,51,0,71,44,0,44,115
11/03/2008,ADS,TX,ASW,CE,Towers with Radar,0,25,59,0,84,3,0,5,0,8,3,25,64,0,92,88,0,88,180
11/04/2008,ADS,TX,ASW,CE,Towers with Radar,1,26,82,0,109,0,10,218,0,228,1,36,300,0,337,84,0,84,421
11/05/2008,ADS,TX,ASW,CE,Towers with Radar,0,37,78,0,115,1,7,80,0,88,1,44,158,0,203,8,0,8,211
11/06/2008,ADS,TX,ASW,CE,Towers with Radar,0,33,95,0,128,0,9,257,0,266,0,42,352,0,394,56,0,56,450
11/07/2008,ADS,TX,ASW,CE,Towers with Radar,0,25,96,0,121,0,5,321,0,326,0,30,417,0,447,68,0,68,515
11/08/2008,ADS,TX,ASW,CE,Towers with Radar,0,17,62,0,79,0,9,323,0,332,0,26,385,0,411,30,0,30,441
11/09/2008,ADS,TX,ASW,CE,Towers with Radar,0,22,77,0,99,0,2,244,0,246,0,24,321,0,345,62,0,62,407
11/10/2008,ADS,TX,ASW,CE,Towers with Radar,0,27,66,0,93,0,0,53,0,53,0,27,119,0,146,24,0,24,170
11/11/2008,ADS,TX,ASW,CE,Towers with Radar,1,35,71,0,107,0,5,122,0,127,1,40,193,0,234,24,0,24,258
11/12/2008,ADS,TX,ASW,CE,Towers with Radar,0,31,111,0,142,0,8,173,0,181,0,39,284,0,323,104,0,104,427
11/13/2008,ADS,TX,ASW,CE,Towers with Radar,0,47,107,0,154,0,13,296,0,309,0,60,403,0,463,54,0,54,517
11/14/2008,ADS,TX,ASW,CE,Towers with Radar,0,45,143,0,188,0,15,155,0,170,0,60,298,0,358,20,0,20,378
11/15/2008,ADS,TX,ASW,CE,Towers with Radar,0,14,34,0,48,0,0,129,0,129,0,14,163,0,177,2,0,2,179
11/16/2008,ADS,TX,ASW,CE,Towers with Radar,0,9,52,0,61,0,3,268,0,271,0,12,320,0,332,102,0,102,434
11/17/2008,ADS,TX,ASW,CE,Towers with Radar,0,35,75,0,110,0,17,220,0,237,0,52,295,0,347,50,0,50,397
11/18/2008,ADS,TX,ASW,CE,Towers with Radar,0,35,106,1,142,0,23,154,3,180,0,58,260,4,322,0,0,0,322
11/19/2008,ADS,TX,ASW,CE,Towers with Radar,0,27,112,0,139,0,11,275,0,286,0,38,387,0,425,32,0,32,457
11/20/2008,ADS,TX,ASW,CE,Towers with Radar,1,39,112,0,152,0,6,205,0,211,1,45,317,0,363,24,0,24,387
11/21/2008,ADS,TX,ASW,CE,Towers with Radar,0,26,96,0,122,0,9,252,0,261,0,35,348,0,383,80,0,80,463
11/22/2008,ADS,TX,ASW,CE,Towers with Radar,0,10,65,0,75,0,1,222,0,223,0,11,287,0,298,138,0,138,436
11/23/2008,ADS,TX,ASW,CE,Towers with Radar,2,26,77,0,105,2,1,10,0,13,4,27,87,0,118,0,0,0,118
11/24/2008,ADS,TX,ASW,CE,Towers with Radar,0,31,56,0,87,0,5,159,0,164,0,36,215,0,251,90,0,90,341
11/25/2008,ADS,TX,ASW,CE,Towers with Radar,0,35,79,0,114,0,14,304,0,318,0,49,383,0,432,90,0,90,522
11/26/2008,ADS,TX,ASW,CE,Towers with Radar,0,46,81,0,127,0,8,258,0,266,0,54,339,0,393,90,0,90,483
11/27/2008,ADS,TX,ASW,CE,Towers with Radar,0,15,17,0,32,0,0,40,0,40,0,15,57,0,72,46,0,46,118
11/28/2008,ADS,TX,ASW,CE,Towers with Radar,0,28,54,0,82,0,1,3,0,4,0,29,57,0,86,0,0,0,86
11/29/2008,ADS,TX,ASW,CE,Towers with Radar,1,16,64,0,81,0,1,145,0,146,1,17,209,0,227,36,0,36,263
11/30/2008,ADS,TX,ASW,CE,Towers with Radar,0,14,64,0,78,0,2,72,0,74,0,16,136,0,152,10,0,10,162
12/01/2008,ADS,TX,ASW,CE,Towers with Radar,0,47,80,0,127,0,11,144,0,155,0,58,224,0,282,77,0,77,359
12/02/2008,ADS,TX,ASW,CE,Towers with Radar,0,26,82,0,108,0,12,167,0,179,0,38,249,0,287,36,0,36,323
12/03/2008,ADS,TX,ASW,CE,Towers with Radar,0,39,82,0,121,0,6,118,0,124,0,45,200,0,245,4,0,4,249
12/04/2008,ADS,TX,ASW,CE,Towers with Radar,1,36,93,0,130,0,2,224,0,226,1,38,317,0,356,38,0,38,394
12/05/2008,ADS,TX,ASW,CE,Towers with Radar,0,37,82,0,119,0,10,284,0,294,0,47,366,0,413,82,0,82,495
12/06/2008,ADS,TX,ASW,CE,Towers with Radar,0,10,66,0,76,0,6,282,0,288,0,16,348,0,364,120,0,120,484
12/07/2008,ADS,TX,ASW,CE,Towers with Radar,0,15,71,3,89,0,4,239,0,243,0,19,310,3,332,114,0,114,446
12/08/2008,ADS,TX,ASW,CE,Towers with Radar,0,48,68,0,116,0,0,37,0,37,0,48,105,0,153,16,0,16,169
12/09/2008,ADS,TX,ASW,CE,Towers with Radar,0,37,75,0,112,0,5,34,0,39,0,42,109,0,151,0,0,0,151
12/10/2008,ADS,TX,ASW,CE,Towers with Radar,0,39,79,0,118,0,6,131,1,138,0,45,210,1,256,34,0,34,290
12/11/2008,ADS,TX,ASW,CE,Towers with Radar,1,35,85,0,121,0,4,245,0,249,1,39,330,0,370,38,0,38,408
12/12/2008,ADS,TX,ASW,CE,Towers with Radar,0,26,100,0,126,0,9,288,0,297,0,35,388,0,423,24,0,24,447
12/13/2008,ADS,TX,ASW,CE,Towers with Radar,0,9,51,0,60,0,0,98,0,98,0,9,149,0,158,32,0,32,190
12/14/2008,ADS,TX,ASW,CE,Towers with Radar,0,16,69,0,85,0,0,69,16,85,0,16,138,16,170,10,0,10,180
12/15/2008,ADS,TX,ASW,CE,Towers with Radar,1,33,75,0,109,0,4,51,0,55,1,37,126,0,164,36,0,36,200
12/16/2008,ADS,TX,ASW,CE,Towers with Radar,0,16,35,0,51,0,0,0,0,0,0,16,35,0,51,0,0,0,51
12/17/2008,ADS,TX,ASW,CE,Towers with Radar,0,38,98,0,136,0,0,0,0,0,0,38,98,0,136,0,0,0,136
12/18/2008,ADS,TX,ASW,CE,Towers with Radar,0,21,49,0,70,5,0,0,0,5,5,21,49,0,75,0,0,0,75
12/19/2008,ADS,TX,ASW,CE,Towers with Radar,3,44,120,0,167,0,4,301,0,305,3,48,421,0,472,100,0,100,572
12/20/2008,ADS,TX,ASW,CE,Towers with Radar,0,21,88,0,109,0,0,225,0,225,0,21,313,0,334,46,0,46,380
12/21/2008,ADS,TX,ASW,CE,Towers with Radar,0,13,64,0,77,0,0,105,0,105,0,13,169,0,182,66,0,66,248
12/22/2008,ADS,TX,ASW,CE,Towers with Radar,0,33,70,0,103,0,2,151,0,153,0,35,221,0,256,76,0,76,332
12/23/2008,ADS,TX,ASW,CE,Towers with Radar,0,29,44,0,73,0,0,0,0,0,0,29,44,0,73,0,0,0,73
12/24/2008,ADS,TX,ASW,CE,Towers with Radar,0,34,41,0,75,0,4,106,0,110,0,38,147,0,185,2,0,2,187
12/25/2008,ADS,TX,ASW,CE,Towers with Radar,0,17,38,0,55,0,0,22,0,22,0,17,60,0,77,28,0,28,105
12/26/2008,ADS,TX,ASW,CE,Towers with Radar,0,33,61,0,94,0,1,17,0,18,0,34,78,0,112,0,0,0,112
12/27/2008,ADS,TX,ASW,CE,Towers with Radar,0,15,46,0,61,0,0,58,0,58,0,15,104,0,119,2,0,2,121
12/28/2008,ADS,TX,ASW,CE,Towers with Radar,0,11,41,0,52,0,0,197,0,197,0,11,238,0,249,8,0,8,257
12/29/2008,ADS,TX,ASW,CE,Towers with Radar,0,23,63,0,86,0,10,177,0,187,0,33,240,0,273,100,0,100,373
12/30/2008,ADS,TX,ASW,CE,Towers with Radar,0,34,46,0,80,0,11,265,0,276,0,45,311,0,356,60,0,60,416
12/31/2008,ADS,TX,ASW,CE,Towers with Radar,0,22,35,0,57,0,10,186,0,196,0,32,221,0,253,14,0,14,267
01/01/2009,ADS,TX,ASW,CE,Towers with Radar,0,7,50,0,57,0,2,92,0,94,0,9,142,0,151,38,0,38,189
01/02/2009,ADS,TX,ASW,CE,Towers with Radar,0,26,73,0,99,0,6,204,0,210,0,32,277,0,309,62,0,62,371
01/03/2009,ADS,TX,ASW,CE,Towers with Radar,1,19,64,0,84,0,0,151,0,151,1,19,215,0,235,46,0,46,281
01/04/2009,ADS,TX,ASW,CE,Towers with Radar,0,18,75,0,93,0,2,77,0,79,0,20,152,0,172,54,0,54,226
01/05/2009,ADS,TX,ASW,CE,Towers with Radar,0,27,44,0,71,0,0,1,0,1,0,27,45,0,72,0,0,0,72
01/06/2009,ADS,TX,ASW,CE,Towers with Radar,0,34,62,0,96,0,5,115,0,120,0,39,177,0,216,28,0,28,244
01/07/2009,ADS,TX,ASW,CE,Towers with Radar,1,26,60,0,87,0,12,199,0,211,1,38,259,0,298,32,0,32,330
01/08/2009,ADS,TX,ASW,CE,Towers with Radar,0,29,71,0,100,0,6,234,0,240,0,35,305,0,340,110,0,110,450
01/09/2009,ADS,TX,ASW,CE,Towers with Radar,0,34,98,0,132,0,1,89,0,90,0,35,187,0,222,34,0,34,256
01/10/2009,ADS,TX,ASW,CE,Towers with Radar,0,7,36,0,43,0,1,113,0,114,0,8,149,0,157,12,0,12,169
01/11/2009,ADS,TX,ASW,CE,Towers with Radar,1,15,45,0,61,0,1,202,0,203,1,16,247,0,264,125,0,125,389
01/12/2009,ADS,TX,ASW,CE,Towers with Radar,0,26,74,0,100,0,5,158,0,163,0,31,232,0,263,90,0,90,353
01/13/2009,ADS,TX,ASW,CE,Towers with Radar,1,37,64,0,102,0,10,184,0,194,1,47,248,0,296,68,0,68,364
01/14/2009,ADS,TX,ASW,CE,Towers with Radar,2,35,72,0,109,0,2,208,0,210,2,37,280,0,319,10,0,10,329
01/15/2009,ADS,TX,ASW,CE,Towers with Radar,0,37,82,0,119,0,5,175,0,180,0,42,257,0,299,40,0,40,339
01/16/2009,ADS,TX,ASW,CE,Towers with Radar,0,33,55,0,88,0,4,137,0,141,0,37,192,0,229,52,0,52,281
01/17/2009,ADS,TX,ASW,CE,Towers with Radar,0,12,65,0,77,0,1,149,0,150,0,13,214,0,227,84,0,84,311
01/18/2009,ADS,TX,ASW,CE,Towers with Radar,0,13,54,0,67,0,2,218,0,220,0,15,272,0,287,56,0,56,343
01/19/2009,ADS,TX,ASW,CE,Towers with Radar,1,14,74,0,89,0,2,176,0,178,1,16,250,0,267,86,0,86,353
01/20/2009,ADS,TX,ASW,CE,Towers with Radar,0,39,92,1,132,0,8,224,0,232,0,47,316,1,364,110,0,110,474
01/21/2009,ADS,TX,ASW,CE,Towers with Radar,0,29,87,0,116,0,8,207,0,215,0,37,294,0,331,33,0,33,364
01/22/2009,ADS,TX,ASW,CE,Towers with Radar,0,37,78,0,115,0,6,235,0,241,0,43,313,0,356,30,0,30,386
01/23/2009,ADS,TX,ASW,CE,Towers with Radar,0,34,117,0,151,0,1,227,0,228,0,35,344,0,379,54,0,54,433
01/24/2009,ADS,TX,ASW,CE,Towers with Radar,0,10,55,0,65,0,1,92,0,93,0,11,147,0,158,70,0,70,228
01/25/2009,ADS,TX,ASW,CE,Towers with Radar,0,13,67,0,80,0,1,180,0,181,0,14,247,0,261,44,0,44,305
01/26/2009,ADS,TX,ASW,CE,Towers with Radar,1,26,47,0,74,0,0,6,0,6,1,26,53,0,80,0,0,0,80
01/27/2009,ADS,TX,ASW,CE,Towers with Radar,2,23,23,0,48,0,0,0,0,0,2,23,23,0,48,0,0,0,48
01/28/2009,ADS,TX,ASW,CE,Towers with Radar,1,25,45,0,71,0,5,74,0,79,1,30,119,0,150,2,0,2,152
01/29/2009,ADS,TX,ASW,CE,Towers with Radar,0,30,54,0,84,0,2,139,0,141,0,32,193,0,225,46,0,46,271
01/30/2009,ADS,TX,ASW,CE,Towers with Radar,0,25,94,0,119,0,7,214,0,221,0,32,308,0,340,72,0,72,412
01/31/2009,ADS,TX,ASW,CE,Towers with Radar,0,2,55,0,57,0,2,289,0,291,0,4,344,0,348,128,0,128,476
02/01/2009,ADS,TX,ASW,CE,Towers with Radar,0,12,40,0,52,0,1,167,0,168,0,13,207,0,220,66,0,66,286
02/02/2009,ADS,TX,ASW,CE,Towers with Radar,0,25,66,0,91,0,6,196,0,202,0,31,262,0,293,30,0,30,323
02/03/2009,ADS,TX,ASW,CE,Towers with Radar,0,25,62,0,87,0,29,166,0,195,0,54,228,0,282,82,0,82,364
02/04/2009,ADS,TX,ASW,CE,Towers with Radar,0,30,80,0,110,0,5,208,9,222,0,35,288,9,332,28,0,28,360
02/05/2009,ADS,TX,ASW,CE,Towers with Radar,1,29,96,0,126,0,4,93,0,97,1,33,189,0,223,30,0,30,253
02/06/2009,ADS,TX,ASW,CE,Towers with Radar,0,31,82,0,113,0,6,73,0,79,0,37,155,0,192,22,0,22,214
02/07/2009,ADS,TX,ASW,CE,Towers with Radar,0,6,60,0,66,0,0,68,0,68,0,6,128,0,134,18,0,18,152
02/08/2009,ADS,TX,ASW,CE,Towers with Radar,0,16,73,0,89,0,0,64,0,64,0,16,137,0,153,34,0,34,187
02/09/2009,ADS,TX,ASW,CE,Towers with Radar,0,29,82,0,111,0,6,92,0,98,0,35,174,0,209,104,0,104,313
02/10/2009,ADS,TX,ASW,CE,Towers with Radar,0,30,70,0,100,0,1,31,0,32,0,31,101,0,132,76,0,76,208
02/11/2009,ADS,TX,ASW,CE,Towers with Radar,0,38,75,0,113,0,4,166,0,170,0,42,241,0,283,12,0,12,295
02/12/2009,ADS,TX,ASW,CE,Towers with Radar,0,34,74,0,108,0,4,276,0,280,0,38,350,0,388,60,0,60,448
02/13/2009,ADS,TX,ASW,CE,Towers with Radar,0,32,105,0,137,0,2,132,0,134,0,34,237,0,271,20,0,20,291
02/14/2009,ADS,TX,ASW,CE,Towers with Radar,0,10,51,0,61,0,2,257,0,259,0,12,308,0,320,112,0,112,432
02/15/2009,ADS,TX,ASW,CE,Towers with Radar,0,9,47,0,56,0,0,205,0,205,0,9,252,0,261,53,0,53,314
02/16/2009,ADS,TX,ASW,CE,Towers with Radar,0,29,70,0,99,0,3,194,0,197,0,32,264,0,296,138,0,138,434
02/17/2009,ADS,TX,ASW,CE,Towers with Radar,0,39,119,0,158,0,0,8,0,8,0,39,127,0,166,0,0,0,166
02/18/2009,ADS,TX,ASW,CE,Towers with Radar,0,27,92,0,119,0,10,209,0,219,0,37,301,0,338,10,0,10,348
02/19/2009,ADS,TX,ASW,CE,Towers with Radar,0,25,74,0,99,0,1,254,0,255,0,26,328,0,354,114,0,114,468
02/20/2009,ADS,TX,ASW,CE,Towers with Radar,0,35,95,0,130,0,6,193,0,199,0,41,288,0,329,0,0,0,329
02/21/2009,ADS,TX,ASW,CE,Towers with Radar,0,6,40,0,46,0,1,100,0,101,0,7,140,0,147,24,0,24,171
02/22/2009,ADS,TX,ASW,CE,Towers with Radar,0,14,55,0,69,0,1,207,2,210,0,15,262,2,279,104,16,120,399
02/23/2009,ADS,TX,ASW,CE,Towers with Radar,0,26,73,0,99,0,11,183,0,194,0,37,256,0,293,48,0,48,341
02/24/2009,ADS,TX,ASW,CE,Towers with Radar,0,29,99,0,128,0,9,130,0,139,0,38,229,0,267,66,0,66,333
02/25/2009,ADS,TX,ASW,CE,Towers with Radar,0,30,109,0,139,0,6,174,0,180,0,36,283,0,319,50,0,50,369
02/26/2009,ADS,TX,ASW,CE,Towers with Radar,0,47,90,0,137,0,8,144,0,152,0,55,234,0,289,18,0,18,307
02/27/2009,ADS,TX,ASW,CE,Towers with Radar,0,41,119,0,160,0,1,66,0,67,0,42,185,0,227,18,0,18,245
02/28/2009,ADS,TX,ASW,CE,Towers with Radar,0,12,44,0,56,0,4,89,0,93,0,16,133,0,149,12,0,12,161
03/01/2009,ADS,TX,ASW,CE,Towers with Radar,0,18,51,0,69,0,1,223,0,224,0,19,274,0,293,60,0,60,353
03/02/2009,ADS,TX,ASW,CE,Towers with Radar,0,23,72,0,95,0,14,192,0,206,0,37,264,0,301,82,0,82,383
03/03/2009,ADS,TX,ASW,CE,Towers with Radar,0,29,71,2,102,0,14,177,1,192,0,43,248,3,294,44,24,68,362
03/04/2009,ADS,TX,ASW,CE,Towers with Radar,0,33,91,1,125,0,13,123,0,136,0,46,214,1,261,10,0,10,271
03/05/2009,ADS,TX,ASW,CE,Towers with Radar,0,19,82,0,101,0,12,111,0,123,0,31,193,0,224,52,0,52,276
03/06/2009,ADS,TX,ASW,CE,Towers with Radar,0,27,72,2,101,0,8,125,1,134,0,35,197,3,235,24,0,24,259
03/07/2009,ADS,TX,ASW,CE,Towers with Radar,0,6,65,0,71,0,1,95,0,96,0,7,160,0,167,44,0,44,211
03/08/2009,ADS,TX,ASW,CE,Towers with Radar,0,11,56,0,67,0,2,235,1,238,0,13,291,1,305,42,0,42,347
03/09/2009,ADS,TX,ASW,CE,Towers with Radar,0,41,88,0,129,0,1,47,2,50,0,42,135,2,179,78,0,78,257
03/10/2009,ADS,TX,ASW,CE,Towers with Radar,0,37,95,0,132,0,3,81,0,84,0,40,176,0,216,146,0,146,362
03/11/2009,ADS,TX,ASW,CE,Towers with Radar,0,32,92,0,124,0,0,2,0,2,0,32,94,0,126,0,0,0,126
03/12/2009,ADS,TX,ASW,CE,Towers with Radar,0,38,86,0,124,0,2,9,0,11,0,40,95,0,135,14,0,14,149
03/13/2009,ADS,TX,ASW,CE,Towers with Radar,0,40,85,0,125,0,0,0,0,0,0,40,85,0,125,0,0,0,125
03/14/2009,ADS,TX,ASW,CE,Towers with Radar,1,20,104,0,125,0,1,14,0,15,1,21,118,0,140,0,0,0,140
03/15/2009,ADS,TX,ASW,CE,Towers with Radar,0,12,83,0,95,0,7,144,2,153,0,19,227,2,248,30,0,30,278
03/16/2009,ADS,TX,ASW,CE,Towers with Radar,0,31,91,2,124,0,1,173,0,174,0,32,264,2,298,72,0,72,370
03/17/2009,ADS,TX,ASW,CE,Towers with Radar,1,30,81,0,112,0,2,204,1,207,1,32,285,1,319,70,0,70,389
03/18/2009,ADS,TX,ASW,CE,Towers with Radar,1,40,144,0,185,0,2,210,2,214,1,42,354,2,399,24,0,24,423
03/19/2009,ADS,TX,ASW,CE,Towers with Radar,1,40,122,0,163,0,1,194,0,195,1,41,316,0,358,65,0,65,423
03/20/2009,ADS,TX,ASW,CE,Towers with Radar,1,40,115,0,156,0,6,166,0,172,1,46,281,0,328,72,0,72,400
03/21/2009,ADS,TX,ASW,CE,Towers with Radar,0,15,87,0,102,0,3,229,0,232,0,18,316,0,334,46,0,46,380
03/22/2009,ADS,TX,ASW,CE,Towers with Radar,0,18,95,0,113,0,1,52,0,53,0,19,147,0,166,42,0,42,208
03/23/2009,ADS,TX,ASW,CE,Towers with Radar,0,40,66,0,106,0,1,23,0,24,0,41,89,0,130,6,0,6,136
03/24/2009,ADS,TX,ASW,CE,Towers with Radar,0,31,83,0,114,0,0,63,0,63,0,31,146,0,177,46,0,46,223
03/25/2009,ADS,TX,ASW,CE,Towers with Radar,1,31,77,0,109,0,2,92,0,94,1,33,169,0,203,27,0,27,230
03/26/2009,ADS,TX,ASW,CE,Towers with Radar,0,29,126,0,155,0,0,16,1,17,0,29,142,1,172,0,0,0,172
03/27/2009,ADS,TX,ASW,CE,Towers with Radar,1,29,89,0,119,0,0,13,3,16,1,29,102,3,135,3,0,3,138
03/28/2009,ADS,TX,ASW,CE,Towers with Radar,0,8,50,0,58,0,5,56,3,64,0,13,106,3,122,10,0,10,132
03/29/2009,ADS,TX,ASW,CE,Towers with Radar,0,9,110,0,119,0,1,230,1,232,0,10,340,1,351,52,0,52,403
03/30/2009,ADS,TX,ASW,CE,Towers with Radar,0,37,72,4,113,0,6,57,0,63,0,43,129,4,176,41,0,41,217
03/31/2009,ADS,TX,ASW,CE,Towers with Radar,0,34,104,0,138,0,0,170,1,171,0,34,274,1,309,46,0,46,355
04/01/2009,ADS,TX,ASW,CE,Towers with Radar,0,36,125,0,161,0,1,120,0,121,0,37,245,0,282,46,0,46,328
04/02/2009,ADS,TX,ASW,CE,Towers with Radar,0,30,61,0,91,0,3,30,2,35,0,33,91,2,126,14,0,14,140
04/03/2009,ADS,TX,ASW,CE,Towers with Radar,0,41,114,1,156,0,2,248,0,250,0,43,362,1,406,84,0,84,490
04/04/2009,ADS,TX,ASW,CE,Towers with Radar,1,6,75,4,86,0,3,108,0,111,1,9,183,4,197,6,0,6,203
04/05/2009,ADS,TX,ASW,CE,Towers with Radar,0,19,85,26,130,0,4,46,1,51,0,23,131,27,181,0,0,0,181
04/06/2009,ADS,TX,ASW,CE,Towers with Radar,0,22,80,0,102,0,10,104,0,114,0,32,184,0,216,4,0,4,220
04/07/2009,ADS,TX,ASW,CE,Towers with Radar,0,36,67,0,103,0,8,253,2,263,0,44,320,2,366,52,0,52,418
04/08/2009,ADS,TX,ASW,CE,Towers with Radar,0,29,85,0,114,0,11,231,4,246,0,40,316,4,360,88,0,88,448
04/09/2009,ADS,TX,ASW,CE,Towers with Radar,0,21,73,0,94,1,10,54,0,65,1,31,127,0,159,24,0,24,183
04/10/2009,ADS,TX,ASW,CE,Towers with Radar,0,30,59,0,89,0,5,265,0,270,0,35,324,0,359,92,0,92,451
04/11/2009,ADS,TX,ASW,CE,Towers with Radar,0,6,32,0,38,0,1,184,1,186,0,7,216,1,224,32,0,32,256
04/12/2009,ADS,TX,ASW,CE,Towers with Radar,0,12,33,0,45,0,1,36,6,43,0,13,69,6,88,1,0,1,89
04/13/2009,ADS,TX,ASW,CE,Towers with Radar,0,25,79,0,104,0,8,104,0,112,0,33,183,0,216,84,0,84,300
04/14/2009,ADS,TX,ASW,CE,Towers with Radar,0,23,71,0,94,0,7,304,0,311,0,30,375,0,405,108,0,108,513
04/15/2009,ADS,TX,ASW,CE,Towers with Radar,0,33,84,2,119,0,8,227,2,237,0,41,311,4,356,109,0,109,465
04/16/2009,ADS,TX,ASW,CE,Towers with Radar,0,30,70,2,102,0,4,139,4,147,0,34,209,6,249,80,0,80,329
04/17/2009,ADS,TX,ASW,CE,Towers with Radar,1,37,81,1,120,0,2,28,0,30,1,39,109,1,150,14,0,14,164
04/18/2009,ADS,TX,ASW,CE,Towers with Radar,0,13,61,2,76,0,2,20,0,22,0,15,81,2,98,14,0,14,112
04/19/2009,ADS,TX,ASW,CE,Towers with Radar,0,24,62,1,87,0,4,163,3,170,0,28,225,4,257,0,0,0,257
04/20/2009,ADS,TX,ASW,CE,Towers with Radar,0,26,90,2,118,0,14,224,2,240,0,40,314,4,358,52,2,54,412
04/21/2009,ADS,TX,ASW,CE,Towers with Radar,0,27,89,0,116,0,10,286,0,296,0,37,375,0,412,98,0,98,510
04/22/2009,ADS,TX,ASW,CE,Towers with Radar,0,24,76,1,101,0,15,254,1,270,0,39,330,2,371,66,0,66,437
04/23/2009,ADS,TX,ASW,CE,Towers with Radar,0,27,99,1,127,0,12,122,1,135,0,39,221,2,262,20,0,20,282
04/24/2009,ADS,TX,ASW,CE,Towers with Radar,0,33,89,0,122,0,8,76,7,91,0,41,165,7,213,8,0,8,221
04/25/2009,ADS,TX,ASW,CE,Towers with Radar,0,10,72,0,82,0,1,68,3,72,0,11,140,3,154,28,0,28,182
04/26/2009,ADS,TX,ASW,CE,Towers with Radar,0,12,83,1,96,0,1,43,6,50,0,13,126,7,146,62,0,62,208
04/27/2009,ADS,TX,ASW,CE,Towers with Radar,0,23,33,0,56,0,4,39,2,45,0,27,72,2,101,48,0,48,149
04/28/2009,ADS,TX,ASW,CE,Towers with Radar,0,35,76,0,111,0,1,68,0,69,0,36,144,0,180,80,0,80,260
04/29/2009,ADS,TX,ASW,CE,Towers with Radar,0,34,83,0,117,0,1,22,0,23,0,35,105,0,140,80,0,80,220
04/30/2009,ADS,TX,ASW,CE,Towers with Radar,0,36,116,0,152,0,6,107,0,113,0,42,223,0,265,34,0,34,299
05/01/2009,ADS,TX,ASW,CE,Towers with Radar,0,33,94,0,127,0,7,92,2,101,0,40,186,2,228,48,0,48,276
05/02/2009,ADS,TX,ASW,CE,Towers with Radar,2,7,60,0,69,0,3,30,0,33,2,10,90,0,102,32,0,32,134
05/03/2009,ADS,TX,ASW,CE,Towers with Radar,0,25,71,0,96,0,3,24,0,27,0,28,95,0,123,50,0,50,173
05/04/2009,ADS,TX,ASW,CE,Towers with Radar,0,36,78,0,114,0,7,103,0,110,0,43,181,0,224,74,0,74,298
05/05/2009,ADS,TX,ASW,CE,Towers with Radar,1,34,94,0,129,0,2,13,0,15,1,36,107,0,144,42,0,42,186
05/06/2009,ADS,TX,ASW,CE,Towers with Radar,3,40,86,0,129,0,2,106,0,108,3,42,192,0,237,30,0,30,267
05/07/2009,ADS,TX,ASW,CE,Towers with Radar,3,44,138,0,185,0,8,72,0,80,3,52,210,0,265,24,0,24,289
05/08/2009,ADS,TX,ASW,CE,Towers with Radar,1,32,83,0,116,0,11,149,7,167,1,43,232,7,283,46,0,46,329
05/09/2009,ADS,TX,ASW,CE,Towers with Radar,0,9,83,0,92,0,1,88,2,91,0,10,171,2,183,96,0,96,279
05/10/2009,ADS,TX,ASW,CE,Towers with Radar,0,14,68,0,82,0,0,37,0,37,0,14,105,0,119,62,0,62,181
05/11/2009,ADS,TX,ASW,CE,Towers with Radar,1,31,77,0,109,0,2,40,0,42,1,33,117,0,151,34,0,34,185
05/12/2009,ADS,TX,ASW,CE,Towers with Radar,1,23,109,0,133,0,8,119,0,127,1,31,228,0,260,44,0,44,304
05/13/2009,ADS,TX,ASW,CE,Towers with Radar,1,30,85,0,116,0,12,148,0,160,1,42,233,0,276,0,0,0,276
05/14/2009,ADS,TX,ASW,CE,Towers with Radar,0,32,80,0,112,0,19,216,0,235,0,51,296,0,347,146,0,146,493
05/15/2009,ADS,TX,ASW,CE,Towers with Radar,0,18,96,0,114,0,12,206,3,221,0,30,302,3,335,124,0,124,459
05/16/2009,ADS,TX,ASW,CE,Towers with Radar,0,10,61,0,71,0,0,12,0,12,0,10,73,0,83,70,0,70,153
05/17/2009,ADS,TX,ASW,CE,Towers with Radar,1,12,72,0,85,0,0,289,2,291,1,12,361,2,376,130,0,130,506
05/18/2009,ADS,TX,ASW,CE,Towers with Radar,0,36,72,0,108,0,16,268,0,284,0,52,340,0,392,130,0,130,522
05/19/2009,ADS,TX,ASW,CE,Towers with Radar,1,32,95,0,128,0,16,331,1,348,1,48,426,1,476,104,0,104,580
05/20/2009,ADS,TX,ASW,CE,Towers with Radar,0,37,94,0,131,0,14,277,0,291,0,51,371,0,422,123,0,123,545
05/21/2009,ADS,TX,ASW,CE,Towers with Radar,1,28,104,0,133,0,9,289,5,303,1,37,393,5,436,156,0,156,592
05/22/2009,ADS,TX,ASW,CE,Towers with Radar,0,28,79,0,107,0,11,235,1,247,0,39,314,1,354,166,2,168,522
05/23/2009,ADS,TX,ASW,CE,Towers with Radar,0,10,53,0,63,0,4,87,6,97,0,14,140,6,160,118,0,118,278
05/24/2009,ADS,TX,ASW,CE,Towers with Radar,0,12,37,0,49,0,3,82,0,85,0,15,119,0,134,140,0,140,274
05/25/2009,ADS,TX,ASW,CE,Towers with Radar,0,20,71,0,91,0,1,233,1,235,0,21,304,1,326,144,0,144,470
05/26/2009,ADS,TX,ASW,CE,Towers with Radar,1,31,80,0,112,0,11,147,0,158,1,42,227,0,270,52,0,52,322
05/27/2009,ADS,TX,ASW,CE,Towers with Radar,1,27,87,0,115,0,13,227,0,240,1,40,314,0,355,152,0,152,507
05/28/2009,ADS,TX,ASW,CE,Towers with Radar,0,24,93,2,119,0,11,278,1,290,0,35,371,3,409,168,0,168,577
05/29/2009,ADS,TX,ASW,CE,Towers with Radar,0,23,72,0,95,0,12,280,2,294,0,35,352,2,389,80,0,80,469
05/30/2009,ADS,TX,ASW,CE,Towers with Radar,0,8,43,1,52,0,4,272,0,276,0,12,315,1,328,134,0,134,462
05/31/2009,ADS,TX,ASW,CE,Towers with Radar,1,6,69,0,76,0,0,206,0,206,1,6,275,0,282,16,0,16,298
06/01/2009,ADS,TX,ASW,CE,Towers with Radar,0,23,64,0,87,0,13,144,0,157,0,36,208,0,244,65,0,65,309
06/02/2009,ADS,TX,ASW,CE,Towers with Radar,0,40,71,0,111,0,8,146,2,156,0,48,217,2,267,64,0,64,331
06/03/2009,ADS,TX,ASW,CE,Towers with Radar,2,41,83,0,126,0,10,122,4,136,2,51,205,4,262,80,0,80,342
06/04/2009,ADS,TX,ASW,CE,Towers with Radar,0,29,94,0,123,0,13,236,1,250,0,42,330,1,373,78,0,78,451
06/05/2009,ADS,TX,ASW,CE,Towers with Radar,0,13,124,0,137,0,15,265,5,285,0,28,389,5,422,43,0,43,465
06/06/2009,ADS,TX,ASW,CE,Towers with Radar,0,10,56,0,66,0,3,237,1,241,0,13,293,1,307,72,0,72,379
06/07/2009,ADS,TX,ASW,CE,Towers with Radar,0,11,71,0,82,0,0,193,1,194,0,11,264,1,276,52,0,52,328
06/08/2009,ADS,TX,ASW,CE,Towers with Radar,0,22,74,0,96,0,17,156,0,173,0,39,230,0,269,26,10,36,305
06/09/2009,ADS,TX,ASW,CE,Towers with Radar,0,19,65,0,84,0,11,208,1,220,0,30,273,1,304,54,0,54,358
06/10/2009,ADS,TX,ASW,CE,Towers with Radar,1,33,86,0,120,0,3,120,0,123,1,36,206,0,243,56,0,56,299
06/11/2009,ADS,TX,ASW,CE,Towers with Radar,0,26,78,0,104,0,6,93,0,99,0,32,171,0,203,20,0,20,223
06/12/2009,ADS,TX,ASW,CE,Towers with Radar,0,15,102,0,117,0,14,182,0,196,0,29,284,0,313,33,0,33,346
06/13/2009,ADS,TX,ASW,CE,Towers with Radar,0,4,53,0,57,0,2,202,0,204,0,6,255,0,261,6,0,6,267
06/14/2009,ADS,TX,ASW,CE,Towers with Radar,0,18,62,0,80,0,0,172,0,172,0,18,234,0,252,38,0,38,290
06/15/2009,ADS,TX,ASW,CE,Towers with Radar,0,15,62,0,77,0,15,170,0,185,0,30,232,0,262,68,0,68,330
06/16/2009,ADS,TX,ASW,CE,Towers with Radar,0,28,79,0,107,0,16,162,1,179,0,44,241,1,286,106,0,106,392
06/17/2009,ADS,TX,ASW,CE,Towers with Radar,0,23,88,0,111,0,14,199,7,220,0,37,287,7,331,34,0,34,365
06/18/2009,ADS,TX,ASW,CE,Towers with Radar,2,26,85,0,113,0,13,214,0,227,2,39,299,0,340,82,0,82,422
06/19/2009,ADS,TX,ASW,CE,Towers with Radar,0,25,80,0,105,0,11,168,1,180,0,36,248,1,285,38,0,38,323
06/20/2009,ADS,TX,ASW,CE,Towers with Radar,0,6,52,0,58,0,5,181,4,190,0,11,233,4,248,69,0,69,317
06/21/2009,ADS,TX,ASW,CE,Towers with Radar,0,7,54,0,61,0,5,221,0,226,0,12,275,0,287,8,0,8,295
06/22/2009,ADS,TX,ASW,CE,Towers with Radar,0,23,66,0,89,0,10,175,1,186,0,33,241,1,275,86,0,86,361
06/23/2009,ADS,TX,ASW,CE,Towers with Radar,0,23,83,0,106,0,11,258,3,272,0,34,341,3,378,74,0,74,452
06/24/2009,ADS,TX,ASW,CE,Towers with Radar,0,27,68,0,95,0,20,228,0,248,0,47,296,0,343,40,0,40,383
06/25/2009,ADS,TX,ASW,CE,Towers with Radar,2,25,89,0,116,0,17,247,1,265,2,42,336,1,381,48,0,48,429
06/26/2009,ADS,TX,ASW,CE,Towers with Radar,0,26,89,0,115,0,17,244,1,262,0,43,333,1,377,48,0,48,425
06/27/2009,ADS,TX,ASW,CE,Towers with Radar,0,13,47,0,60,0,2,203,3,208,0,15,250,3,268,32,0,32,300
06/28/2009,ADS,TX,ASW,CE,Towers with Radar,0,13,55,0,68,0,1,157,1,159,0,14,212,1,227,12,0,12,239
06/29/2009,ADS,TX,ASW,CE,Towers with Radar,0,18,61,0,79,0,6,126,1,133,0,24,187,1,212,54,0,54,266
06/30/2009,ADS,TX,ASW,CE,Towers with Radar,0,24,69,0,93,0,12,216,2,230,0,36,285,2,323,30,0,30,353
07/01/2009,ADS,TX,ASW,CE,Towers with Radar,0,27,71,0,98,0,16,180,0,196,0,43,251,0,294,44,0,44,338
07/02/2009,ADS,TX,ASW,CE,Towers with Radar,0,26,85,0,111,0,11,218,0,229,0,37,303,0,340,74,0,74,414
07/03/2009,ADS,TX,ASW,CE,Towers with Radar,0,20,35,0,55,0,6,180,5,191,0,26,215,5,246,58,0,58,304
07/04/2009,ADS,TX,ASW,CE,Towers with Radar,0,3,27,0,30,0,3,121,1,125,0,6,148,1,155,34,0,34,189
07/05/2009,ADS,TX,ASW,CE,Towers with Radar,0,9,53,0,62,0,2,55,0,57,0,11,108,0,119,10,0,10,129
07/06/2009,ADS,TX,ASW,CE,Towers with Radar,1,20,57,0,78,0,10,149,0,159,1,30,206,0,237,8,0,8,245
07/07/2009,ADS,TX,ASW,CE,Towers with Radar,1,21,78,0,100,0,14,180,1,195,1,35,258,1,295,31,0,31,326
07/08/2009,ADS,TX,ASW,CE,Towers with Radar,0,26,61,0,87,0,10,147,0,157,0,36,208,0,244,58,0,58,302
07/09/2009,ADS,TX,ASW,CE,Towers with Radar,0,27,89,0,116,0,16,151,1,168,0,43,240,1,284,2,0,2,286
07/10/2009,ADS,TX,ASW,CE,Towers with Radar,0,22,87,0,109,0,14,167,0,181,0,36,254,0,290,58,0,58,348
07/11/2009,ADS,TX,ASW,CE,Towers with Radar,0,7,53,0,60,0,5,201,0,206,0,12,254,0,266,64,0,64,330
07/12/2009,ADS,TX,ASW,CE,Towers with Radar,0,10,64,0,74,0,3,151,0,154,0,13,215,0,228,10,0,10,238
07/13/2009,ADS,TX,ASW,CE,Towers with Radar,0,24,66,0,90,0,10,154,0,164,0,34,220,0,254,22,0,22,276
07/14/2009,ADS,TX,ASW,CE,Towers with Radar,2,18,91,0,111,0,14,165,0,179,2,32,256,0,290,22,0,22,312
07/15/2009,ADS,TX,ASW,CE,Towers with Radar,1,26,75,0,102,0,18,170,0,188,1,44,245,0,290,19,0,19,309
07/16/2009,ADS,TX,ASW,CE,Towers with Radar,0,35,65,0,100,0,13,177,0,190,0,48,242,0,290,80,0,80,370
07/17/2009,ADS,TX,ASW,CE,Towers with Radar,0,33,69,0,102,0,14,139,0,153,0,47,208,0,255,80,0,80,335
07/18/2009,ADS,TX,ASW,CE,Towers with Radar,0,6,39,1,46,0,2,187,2,191,0,8,226,3,237,88,0,88,325
07/19/2009,ADS,TX,ASW,CE,Towers with Radar,0,9,51,0,60,0,2,136,0,138,0,11,187,0,198,70,0,70,268
07/20/2009,ADS,TX,ASW,CE,Towers with Radar,0,29,39,0,68,0,11,67,0,78,0,40,106,0,146,102,0,102,248
07/21/2009,ADS,TX,ASW,CE,Towers with Radar,0,22,48,0,70,0,8,121,0,129,0,30,169,0,199,66,0,66,265
07/22/2009,ADS,TX,ASW,CE,Towers with Radar,0,34,68,0,102,0,13,205,1,219,0,47,273,1,321,56,0,56,377
07/23/2009,ADS,TX,ASW,CE,Towers with Radar,0,28,91,0,119,1,8,187,3,199,1,36,278,3,318,34,0,34,352
07/24/2009,ADS,TX,ASW,CE,Towers with Radar,0,22,69,0,91,0,13,220,0,233,0,35,289,0,324,41,0,41,365
07/25/2009,ADS,TX,ASW,CE,Towers with Radar,0,4,38,0,42,0,2,218,0,220,0,6,256,0,262,40,0,40,302
07/26/2009,ADS,TX,ASW,CE,Towers with Radar,1,18,55,0,74,0,1,132,0,133,1,19,187,0,207,18,0,18,225
07/27/2009,ADS,TX,ASW,CE,Towers with Radar,0,30,51,0,81,0,8,23,0,31,0,38,74,0,112,0,0,0,112
07/28/2009,ADS,TX,ASW,CE,Towers with Radar,0,28,97,0,125,0,12,96,0,108,0,40,193,0,233,112,0,112,345
07/29/2009,ADS,TX,ASW,CE,Towers with Radar,0,29,74,0,103,0,8,115,0,123,0,37,189,0,226,74,0,74,300
07/30/2009,ADS,TX,ASW,CE,Towers with Radar,0,30,89,0,119,0,16,89,1,106,0,46,178,1,225,42,0,42,267
07/31/2009,ADS,TX,ASW,CE,Towers with Radar,0,24,80,0,104,0,11,170,1,182,0,35,250,1,286,40,0,40,326
08/01/2009,ADS,TX,ASW,CE,Towers with Radar,0,11,40,0,51,0,0,78,0,78,0,11,118,0,129,62,0,62,191
08/02/2009,ADS,TX,ASW,CE,Towers with Radar,0,14,44,0,58,0,2,179,2,183,0,16,223,2,241,60,0,60,301
08/03/2009,ADS,TX,ASW,CE,Towers with Radar,0,19,66,0,85,0,17,138,0,155,0,36,204,0,240,128,0,128,368
08/04/2009,ADS,TX,ASW,CE,Towers with Radar,0,23,72,0,95,0,15,180,0,195,0,38,252,0,290,108,0,108,398
08/05/2009,ADS,TX,ASW,CE,Towers with Radar,0,20,53,0,73,0,11,177,2,190,0,31,230,2,263,76,0,76,339
08/06/2009,ADS,TX,ASW,CE,Towers with Radar,0,15,60,0,75,0,14,259,3,276,0,29,319,3,351,72,0,72,423
08/07/2009,ADS,TX,ASW,CE,Towers with Radar,0,24,71,0,95,0,16,210,5,231,0,40,281,5,326,100,0,100,426
08/08/2009,ADS,TX,ASW,CE,Towers with Radar,0,7,58,0,65,0,3,217,3,223,0,10,275,3,288,100,0,100,388
08/09/2009,ADS,TX,ASW,CE,Towers with Radar,0,14,50,0,64,0,2,188,0,190,0,16,238,0,254,12,0,12,266
08/10/2009,ADS,TX,ASW,CE,Towers with Radar,0,20,55,0,75,0,10,166,0,176,0,30,221,0,251,64,0,64,315
08/11/2009,ADS,TX,ASW,CE,Towers with Radar,0,19,69,0,88,0,17,137,0,154,0,36,206,0,242,48,0,48,290
08/12/2009,ADS,TX,ASW,CE,Towers with Radar,0,20,81,0,101,0,15,219,0,234,0,35,300,0,335,24,0,24,359
08/13/2009,ADS,TX,ASW,CE,Towers with Radar,0,21,88,0,109,0,12,222,2,236,0,33,310,2,345,58,0,58,403
08/14/2009,ADS,TX,ASW,CE,Towers with Radar,0,31,102,0,133,0,11,174,0,185,0,42,276,0,318,43,0,43,361
08/15/2009,ADS,TX,ASW,CE,Towers with Radar,0,22,40,0,62,0,4,188,0,192,0,26,228,0,254,4,0,4,258
08/16/2009,ADS,TX,ASW,CE,Towers with Radar,0,15,61,0,76,0,0,207,0,207,0,15,268,0,283,30,0,30,313
08/17/2009,ADS,TX,ASW,CE,Towers with Radar,0,29,61,1,91,0,12,144,0,156,0,41,205,1,247,50,0,50,297
08/18/2009,ADS,TX,ASW,CE,Towers with Radar,0,32,63,0,95,0,12,131,0,143,0,44,194,0,238,16,0,16,254
08/19/2009,ADS,TX,ASW,CE,Towers with Radar,0,33,92,0,125,0,12,168,0,180,0,45,260,0,305,54,0,54,359
08/20/2009,ADS,TX,ASW,CE,Towers with Radar,0,21,81,0,102,0,12,159,1,172,0,33,240,1,274,66,0,66,340
08/21/2009,ADS,TX,ASW,CE,Towers with Radar,0,20,94,0,114,0,6,140,0,146,0,26,234,0,260,42,0,42,302
08/22/2009,ADS,TX,ASW,CE,Towers with Radar,0,5,43,0,48,0,0,194,3,197,0,5,237,3,245,0,0,0,245
08/23/2009,ADS,TX,ASW,CE,Towers with Radar,0,10,51,0,61,0,1,175,1,177,0,11,226,1,238,12,0,12,250
08/24/2009,ADS,TX,ASW,CE,Towers with Radar,0,26,66,0,92,0,13,125,0,138,0,39,191,0,230,22,0,22,252
08/25/2009,ADS,TX,ASW,CE,Towers with Radar,0,28,75,0,103,0,14,180,1,195,0,42,255,1,298,48,0,48,346
08/26/2009,ADS,TX,ASW,CE,Towers with Radar,0,24,84,0,108,0,12,187,1,200,0,36,271,1,308,18,0,18,326
08/27/2009,ADS,TX,ASW,CE,Towers with Radar,0,30,86,0,116,0,13,118,2,133,0,43,204,2,249,18,0,18,267
08/28/2009,ADS,TX,ASW,CE,Towers with Radar,0,21,74,0,95,0,12,163,0,175,0,33,237,0,270,28,0,28,298
08/29/2009,ADS,TX,ASW,CE,Towers with Radar,0,8,35,0,43,0,7,244,2,253,0,15,279,2,296,43,0,43,339
08/30/2009,ADS,TX,ASW,CE,Towers with Radar,1,11,43,0,55,0,2,176,2,180,1,13,219,2,235,34,0,34,269
08/31/2009,ADS,TX,ASW,CE,Towers with Radar,0,16,58,0,74,0,14,161,1,176,0,30,219,1,250,22,0,22,272
09/01/2009,ADS,TX,ASW,CE,Towers with Radar,0,16,78,0,94,0,18,172,0,190,0,34,250,0,284,34,0,34,318
09/02/2009,ADS,TX,ASW,CE,Towers with Radar,0,18,109,0,127,0,16,163,1,180,0,34,272,1,307,0,0,0,307
09/03/2009,ADS,TX,ASW,CE,Towers with Radar,0,21,94,0,115,0,15,149,3,167,0,36,243,3,282,12,0,12,294
09/04/2009,ADS,TX,ASW,CE,Towers with Radar,0,23,102,0,125,0,10,116,2,128,0,33,218,2,253,6,0,6,259
09/05/2009,ADS,TX,ASW,CE,Towers with Radar,0,9,50,0,59,0,0,156,3,159,0,9,206,3,218,18,0,18,236
09/06/2009,ADS,TX,ASW,CE,Towers with Radar,0,9,32,0,41,0,0,128,3,131,0,9,160,3,172,38,0,38,210
09/07/2009,ADS,TX,ASW,CE,Towers with Radar,0,15,80,0,95,1,3,160,0,164,1,18,240,0,259,4,0,4,263
09/08/2009,ADS,TX,ASW,CE,Towers with Radar,0,21,71,0,92,0,20,147,0,167,0,41,218,0,259,12,0,12,271
09/09/2009,ADS,TX,ASW,CE,Towers with Radar,0,28,66,0,94,0,20,154,2,176,0,48,220,2,270,12,0,12,282
09/10/2009,ADS,TX,ASW,CE,Towers with Radar,1,19,97,0,117,0,10,108,0,118,1,29,205,0,235,0,0,0,235
09/11/2009,ADS,TX,ASW,CE,Towers with Radar,2,35,91,0,128,0,2,18,2,22,2,37,109,2,150,14,0,14,164
09/12/2009,ADS,TX,ASW,CE,Towers with Radar,0,9,45,0,54,0,0,0,0,0,0,9,45,0,54,0,0,0,54
09/13/2009,ADS,TX,ASW,CE,Towers with Radar,0,8,63,0,71,0,0,1,0,1,0,8,64,0,72,0,0,0,72
09/14/2009,ADS,TX,ASW,CE,Towers with Radar,0,30,86,0,116,0,0,0,0,0,0,30,86,0,116,0,0,0,116
09/15/2009,ADS,TX,ASW,CE,Towers with Radar,4,33,93,0,130,0,9,47,0,56,4,42,140,0,186,2,0,2,188
09/16/2009,ADS,TX,ASW,CE,Towers with Radar,0,41,139,0,180,0,5,18,0,23,0,46,157,0,203,18,0,18,221
09/17/2009,ADS,TX,ASW,CE,Towers with Radar,1,40,122,0,163,0,3,11,0,14,1,43,133,0,177,5,0,5,182
09/18/2009,ADS,TX,ASW,CE,Towers with Radar,0,30,105,1,136,0,11,61,0,72,0,41,166,1,208,56,0,56,264
09/19/2009,ADS,TX,ASW,CE,Towers with Radar,0,3,58,0,61,0,2,200,4,206,0,5,258,4,267,24,0,24,291
09/20/2009,ADS,TX,ASW,CE,Towers with Radar,0,13,61,0,74,0,5,175,0,180,0,18,236,0,254,67,0,67,321
09/21/2009,ADS,TX,ASW,CE,Towers with Radar,0,19,69,0,88,0,11,97,4,112,0,30,166,4,200,10,0,10,210
09/22/2009,ADS,TX,ASW,CE,Towers with Radar,0,29,63,0,92,0,5,47,2,54,0,34,110,2,146,52,0,52,198
09/23/2009,ADS,TX,ASW,CE,Towers with Radar,1,25,69,0,95,0,13,160,1,174,1,38,229,1,269,36,0,36,305
09/24/2009,ADS,TX,ASW,CE,Towers with Radar,2,23,82,2,109,0,14,154,0,168,2,37,236,2,277,48,6,54,331
09/25/2009,ADS,TX,ASW,CE,Towers with Radar,2,24,102,0,128,0,8,167,0,175,2,32,269,0,303,5,0,5,308
09/26/2009,ADS,TX,ASW,CE,Towers with Radar,1,8,54,0,63,0,0,196,3,199,1,8,250,3,262,29,0,29,291
09/27/2009,ADS,TX,ASW,CE,Towers with Radar,1,13,66,0,80,0,0,174,2,176,1,13,240,2,256,1,0,1,257
09/28/2009,ADS,TX,ASW,CE,Towers with Radar,0,36,70,0,106,0,13,109,3,125,0,49,179,3,231,0,0,0,231
09/29/2009,ADS,TX,ASW,CE,Towers with Radar,0,29,105,0,134,0,16,184,1,201,0,45,289,1,335,58,0,58,393
09/30/2009,ADS,TX,ASW,CE,Towers with Radar,2,23,98,1,124,0,14,170,8,192,2,37,268,9,316,0,0,0,316
10/01/2009,ADS,TX,ASW,CE,Towers with Radar,0,27,93,0,120,0,6,45,0,51,0,33,138,0,171,0,0,0,171
10/02/2009,ADS,TX,ASW,CE,Towers with Radar,1,23,85,0,109,0,17,202,0,219,1,40,287,0,328,16,0,16,344
10/03/2009,ADS,TX,ASW,CE,Towers with Radar,2,8,45,0,55,0,1,166,0,167,2,9,211,0,222,27,0,27,249
10/04/2009,ADS,TX,ASW,CE,Towers with Radar,0,3,80,0,83,0,0,1,0,1,0,3,81,0,84,0,0,0,84
10/05/2009,ADS,TX,ASW,CE,Towers with Radar,0,28,99,0,127,0,0,5,0,5,0,28,104,0,132,0,0,0,132
10/06/2009,ADS,TX,ASW,CE,Towers with Radar,0,39,75,0,114,0,2,12,0,14,0,41,87,0,128,6,0,6,134
10/07/2009,ADS,TX,ASW,CE,Towers with Radar,0,37,120,0,157,0,2,6,0,8,0,39,126,0,165,2,0,2,167
10/08/2009,ADS,TX,ASW,CE,Towers with Radar,0,29,87,0,116,0,11,35,0,46,0,40,122,0,162,2,0,2,164
10/09/2009,ADS,TX,ASW,CE,Towers with Radar,0,45,97,0,142,0,1,7,0,8,0,46,104,0,150,6,0,6,156
10/10/2009,ADS,TX,ASW,CE,Towers with Radar,1,11,99,0,111,0,8,52,1,61,1,19,151,1,172,34,0,34,206
10/11/2009,ADS,TX,ASW,CE,Towers with Radar,0,29,101,0,130,0,0,17,0,17,0,29,118,0,147,18,0,18,165
10/12/2009,ADS,TX,ASW,CE,Towers with Radar,0,32,74,0,106,0,0,0,0,0,0,32,74,0,106,0,0,0,106
10/13/2009,ADS,TX,ASW,CE,Towers with Radar,1,39,65,0,105,0,0,0,0,0,1,39,65,0,105,0,0,0,105
10/14/2009,ADS,TX,ASW,CE,Towers with Radar,0,42,104,0,146,0,5,25,0,30,0,47,129,0,176,10,0,10,186
10/15/2009,ADS,TX,ASW,CE,Towers with Radar,0,33,106,0,139,0,7,43,4,54,0,40,149,4,193,0,0,0,193
10/16/2009,ADS,TX,ASW,CE,Towers with Radar,0,37,129,0,166,0,8,174,2,184,0,45,303,2,350,61,0,61,411
10/17/2009,ADS,TX,ASW,CE,Towers with Radar,0,14,49,0,63,0,1,230,1,232,0,15,279,1,295,0,0,0,295
10/18/2009,ADS,TX,ASW,CE,Towers with Radar,0,20,83,0,103,0,2,247,1,250,0,22,330,1,353,10,0,10,363
10/19/2009,ADS,TX,ASW,CE,Towers with Radar,0,31,83,0,114,0,19,125,2,146,0,50,208,2,260,0,0,0,260
10/20/2009,ADS,TX,ASW,CE,Towers with Radar,0,28,91,0,119,0,17,182,2,201,0,45,273,2,320,6,2,8,328
10/21/2009,ADS,TX,ASW,CE,Towers with Radar,0,34,79,0,113,0,0,1,0,1,0,34,80,0,114,0,0,0,114
10/22/2009,ADS,TX,ASW,CE,Towers with Radar,1,48,99,0,148,0,4,56,0,60,1,52,155,0,208,4,0,4,212
10/23/2009,ADS,TX,ASW,CE,Towers with Radar,1,26,106,2,135,0,14,197,1,212,1,40,303,3,347,2,0,2,349
10/24/2009,ADS,TX,ASW,CE,Towers with Radar,1,3,63,0,67,0,0,219,0,219,1,3,282,0,286,18,0,18,304
10/25/2009,ADS,TX,ASW,CE,Towers with Radar,1,19,77,0,97,0,0,102,1,103,1,19,179,1,200,0,0,0,200
10/26/2009,ADS,TX,ASW,CE,Towers with Radar,4,37,71,0,112,0,0,0,0,0,4,37,71,0,112,0,0,0,112
10/27/2009,ADS,TX,ASW,CE,Towers with Radar,1,22,103,0,126,0,14,166,1,181,1,36,269,1,307,0,0,0,307
10/28/2009,ADS,TX,ASW,CE,Towers with Radar,6,45,119,2,172,0,7,64,0,71,6,52,183,2,243,5,0,5,248
10/29/2009,ADS,TX,ASW,CE,Towers with Radar,0,37,63,0,100,0,4,3,0,7,0,41,66,0,107,0,0,0,107
10/30/2009,ADS,TX,ASW,CE,Towers with Radar,0,29,83,0,112,0,16,157,1,174,0,45,240,1,286,4,0,4,290
10/31/2009,ADS,TX,ASW,CE,Towers with Radar,1,9,63,0,73,0,3,227,0,230,1,12,290,0,303,2,0,2,305
11/01/2009,ADS,TX,ASW,CE,Towers with Radar,0,25,60,0,85,0,0,199,2,201,0,25,259,2,286,16,0,16,302
11/02/2009,ADS,TX,ASW,CE,Towers with Radar,0,23,60,1,84,0,21,199,0,220,0,44,259,1,304,20,0,20,324
11/03/2009,ADS,TX,ASW,CE,Towers with Radar,1,24,94,1,120,0,15,197,0,212,1,39,291,1,332,12,0,12,344
11/04/2009,ADS,TX,ASW,CE,Towers with Radar,2,30,116,1,149,0,17,215,0,232,2,47,331,1,381,8,0,8,389
11/05/2009,ADS,TX,ASW,CE,Towers with Radar,2,32,114,0,148,0,14,201,1,216,2,46,315,1,364,12,0,12,376
11/06/2009,ADS,TX,ASW,CE,Towers with Radar,0,29,80,2,111,0,12,196,1,209,0,41,276,3,320,6,0,6,326
11/07/2009,ADS,TX,ASW,CE,Towers with Radar,3,14,90,0,107,0,4,131,1,136,3,18,221,1,243,30,0,30,273
11/08/2009,ADS,TX,ASW,CE,Towers with Radar,3,14,105,8,130,0,10,86,2,98,3,24,191,10,228,6,0,6,234
11/09/2009,ADS,TX,ASW,CE,Towers with Radar,2,29,94,0,125,0,8,117,1,126,2,37,211,1,251,10,0,10,261
11/10/2009,ADS,TX,ASW,CE,Towers with Radar,5,27,83,0,115,0,11,192,0,203,5,38,275,0,318,14,0,14,332
11/11/2009,ADS,TX,ASW,CE,Towers with Radar,4,24,117,2,147,0,1,157,2,160,4,25,274,4,307,6,0,6,313
11/12/2009,ADS,TX,ASW,CE,Towers with Radar,0,29,108,0,137,0,14,224,0,238,0,43,332,0,375,14,0,14,389
11/13/2009,ADS,TX,ASW,CE,Towers with Radar,4,33,111,0,148,0,11,183,0,194,4,44,294,0,342,0,0,0,342
11/14/2009,ADS,TX,ASW,CE,Towers with Radar,3,6,61,1,71,0,1,183,3,187,3,7,244,4,258,4,0,4,262
11/15/2009,ADS,TX,ASW,CE,Towers with Radar,4,9,86,0,99,0,3,24,0,27,4,12,110,0,126,0,0,0,126
11/16/2009,ADS,TX,ASW,CE,Towers with Radar,2,32,64,0,98,0,13,53,1,67,2,45,117,1,165,0,0,0,165
11/17/2009,ADS,TX,ASW,CE,Towers with Radar,4,28,75,0,107,0,13,155,2,170,4,41,230,2,277,14,0,14,291
11/18/2009,ADS,TX,ASW,CE,Towers with Radar,2,32,84,0,118,0,12,195,0,207,2,44,279,0,325,0,0,0,325
11/19/2009,ADS,TX,ASW,CE,Towers with Radar,3,38,97,0,138,0,19,165,0,184,3,57,262,0,322,0,0,0,322
11/20/2009,ADS,TX,ASW,CE,Towers with Radar,2,48,120,0,170,0,0,4,0,4,2,48,124,0,174,0,0,0,174
11/21/2009,ADS,TX,ASW,CE,Towers with Radar,4,10,94,0,108,0,3,127,1,131,4,13,221,1,239,14,0,14,253
11/22/2009,ADS,TX,ASW,CE,Towers with Radar,3,9,69,0,81,0,0,197,1,198,3,9,266,1,279,12,0,12,291
11/23/2009,ADS,TX,ASW,CE,Towers with Radar,0,31,63,0,94,0,15,117,0,132,0,46,180,0,226,20,0,20,246
11/24/2009,ADS,TX,ASW,CE,Towers with Radar,2,31,61,0,94,0,15,172,1,188,2,46,233,1,282,10,0,10,292
11/25/2009,ADS,TX,ASW,CE,Towers with Radar,0,34,86,0,120,0,13,216,2,231,0,47,302,2,351,8,0,8,359
11/26/2009,ADS,TX,ASW,CE,Towers with Radar,2,4,24,0,30,0,0,72,2,74,2,4,96,2,104,30,0,30,134
11/27/2009,ADS,TX,ASW,CE,Towers with Radar,0,25,58,0,83,0,14,189,0,203,0,39,247,0,286,10,0,10,296
11/28/2009,ADS,TX,ASW,CE,Towers with Radar,0,15,56,0,71,0,3,169,0,172,0,18,225,0,243,12,0,12,255
11/29/2009,ADS,TX,ASW,CE,Towers with Radar,0,15,78,0,93,0,0,9,0,9,0,15,87,0,102,0,0,0,102
11/30/2009,ADS,TX,ASW,CE,Towers with Radar,2,36,62,0,100,0,12,140,0,152,2,48,202,0,252,4,0,4,256
12/01/2009,ADS,TX,ASW,CE,Towers with Radar,2,43,75,0,120,0,5,81,0,86,2,48,156,0,206,8,0,8,214
12/02/2009,ADS,TX,ASW,CE,Towers with Radar,1,39,68,0,108,0,5,22,1,28,1,44,90,1,136,0,0,0,136
12/03/2009,ADS,TX,ASW,CE,Towers with Radar,0,33,81,0,114,0,13,150,0,163,0,46,231,0,277,11,0,11,288
12/04/2009,ADS,TX,ASW,CE,Towers with Radar,1,32,68,1,102,0,7,103,1,111,1,39,171,2,213,6,0,6,219
12/05/2009,ADS,TX,ASW,CE,Towers with Radar,3,8,48,0,59,0,4,172,0,176,3,12,220,0,235,19,0,19,254
12/06/2009,ADS,TX,ASW,CE,Towers with Radar,4,7,53,0,64,0,0,1,0,1,4,7,54,0,65,0,0,0,65
12/07/2009,ADS,TX,ASW,CE,Towers with Radar,1,39,75,0,115,0,0,0,0,0,1,39,75,0,115,0,0,0,115
12/08/2009,ADS,TX,ASW,CE,Towers with Radar,0,52,69,1,122,0,6,32,0,38,0,58,101,1,160,12,0,12,172
12/09/2009,ADS,TX,ASW,CE,Towers with Radar,0,41,84,0,125,0,16,163,2,181,0,57,247,2,306,8,0,8,314
12/10/2009,ADS,TX,ASW,CE,Towers with Radar,0,35,86,0,121,0,14,168,1,183,0,49,254,1,304,6,0,6,310
12/11/2009,ADS,TX,ASW,CE,Towers with Radar,1,37,89,0,127,0,7,113,0,120,1,44,202,0,247,7,0,7,254
12/12/2009,ADS,TX,ASW,CE,Towers with Radar,0,10,53,0,63,0,0,5,0,5,0,10,58,0,68,0,0,0,68
12/13/2009,ADS,TX,ASW,CE,Towers with Radar,2,10,65,0,77,0,0,122,0,122,2,10,187,0,199,10,0,10,209
12/14/2009,ADS,TX,ASW,CE,Towers with Radar,0,36,82,0,118,0,15,147,0,162,0,51,229,0,280,8,0,8,288
12/15/2009,ADS,TX,ASW,CE,Towers with Radar,0,36,88,0,124,0,10,157,1,168,0,46,245,1,292,0,0,0,292
12/16/2009,ADS,TX,ASW,CE,Towers with Radar,1,33,84,0,118,0,16,199,0,215,1,49,283,0,333,4,0,4,337
12/17/2009,ADS,TX,ASW,CE,Towers with Radar,3,28,78,0,109,0,21,195,2,218,3,49,273,2,327,26,0,26,353
12/18/2009,ADS,TX,ASW,CE,Towers with Radar,2,26,87,0,115,0,16,167,2,185,2,42,254,2,300,0,0,0,300
12/19/2009,ADS,TX,ASW,CE,Towers with Radar,1,12,66,0,79,0,1,211,1,213,1,13,277,1,292,42,0,42,334
12/20/2009,ADS,TX,ASW,CE,Towers with Radar,1,14,61,0,76,0,0,224,3,227,1,14,285,3,303,18,0,18,321
12/21/2009,ADS,TX,ASW,CE,Towers with Radar,1,29,63,0,93,0,14,179,0,193,1,43,242,0,286,10,0,10,296
12/22/2009,ADS,TX,ASW,CE,Towers with Radar,0,43,103,0,146,0,2,18,0,20,0,45,121,0,166,10,0,10,176
12/23/2009,ADS,TX,ASW,CE,Towers with Radar,0,39,70,0,109,0,6,56,1,63,0,45,126,1,172,24,0,24,196
12/24/2009,ADS,TX,ASW,CE,Towers with Radar,0,33,16,0,49,0,1,0,0,1,0,34,16,0,50,0,0,0,50
12/25/2009,ADS,TX,ASW,CE,Towers with Radar,2,9,15,0,26,0,3,24,0,27,2,12,39,0,53,28,0,28,81
12/26/2009,ADS,TX,ASW,CE,Towers with Radar,0,16,69,0,85,0,4,163,1,168,0,20,232,1,253,16,0,16,269
12/27/2009,ADS,TX,ASW,CE,Towers with Radar,0,12,64,0,76,0,4,130,1,135,0,16,194,1,211,14,0,14,225
12/28/2009,ADS,TX,ASW,CE,Towers with Radar,0,19,61,0,80,0,18,169,2,189,0,37,230,2,269,2,0,2,271
12/29/2009,ADS,TX,ASW,CE,Towers with Radar,0,21,31,0,52,0,7,24,1,32,0,28,55,1,84,12,0,12,96
12/30/2009,ADS,TX,ASW,CE,Towers with Radar,0,36,78,0,114,0,7,62,0,69,0,43,140,0,183,32,0,32,215
12/31/2009,ADS,TX,ASW,CE,Towers with Radar,0,38,59,0,97,0,0,0,0,0,0,38,59,0,97,0,0,0,97
01/01/2010,ADS,TX,ASW,CE,Towers with Radar,0,18,34,0,52,0,1,99,3,103,0,19,133,3,155,18,0,18,173
01/02/2010,ADS,TX,ASW,CE,Towers with Radar,0,13,66,0,79,0,3,213,2,218,0,16,279,2,297,36,0,36,333
01/03/2010,ADS,TX,ASW,CE,Towers with Radar,0,19,74,0,93,0,0,57,2,59,0,19,131,2,152,50,0,50,202
01/04/2010,ADS,TX,ASW,CE,Towers with Radar,1,24,53,0,78,0,20,72,3,95,1,44,125,3,173,0,0,0,173
01/05/2010,ADS,TX,ASW,CE,Towers with Radar,0,26,78,0,104,0,16,115,0,131,0,42,193,0,235,28,0,28,263
01/06/2010,ADS,TX,ASW,CE,Towers with Radar,0,38,77,0,115,0,3,50,0,53,0,41,127,0,168,2,0,2,170
01/07/2010,ADS,TX,ASW,CE,Towers with Radar,0,29,38,0,67,0,9,30,1,40,0,38,68,1,107,0,0,0,107
01/08/2010,ADS,TX,ASW,CE,Towers with Radar,0,18,51,2,71,0,16,69,0,85,0,34,120,2,156,14,0,14,170
01/09/2010,ADS,TX,ASW,CE,Towers with Radar,2,12,44,8,66,0,2,151,3,156,2,14,195,11,222,14,0,14,236
01/10/2010,ADS,TX,ASW,CE,Towers with Radar,0,10,46,0,56,0,0,148,1,149,0,10,194,1,205,14,0,14,219
01/11/2010,ADS,TX,ASW,CE,Towers with Radar,1,26,61,0,88,0,17,101,6,124,1,43,162,6,212,10,0,10,222
01/12/2010,ADS,TX,ASW,CE,Towers with Radar,0,33,83,0,116,0,20,175,4,199,0,53,258,4,315,6,0,6,321
01/13/2010,ADS,TX,ASW,CE,Towers with Radar,0,41,86,0,127,0,9,124,0,133,0,50,210,0,260,20,0,20,280
01/14/2010,ADS,TX,ASW,CE,Towers with Radar,0,50,107,0,157,0,0,3,0,3,0,50,110,0,160,0,0,0,160
01/15/2010,ADS,TX,ASW,CE,Towers with Radar,0,36,64,1,101,0,3,55,0,58,0,39,119,1,159,14,0,14,173
01/16/2010,ADS,TX,ASW,CE,Towers with Radar,0,8,56,0,64,0,2,97,1,100,0,10,153,1,164,24,0,24,188
01/17/2010,ADS,TX,ASW,CE,Towers with Radar,1,14,49,0,64,0,4,121,1,126,1,18,170,1,190,0,0,0,190
01/18/2010,ADS,TX,ASW,CE,Towers with Radar,2,22,89,1,114,0,1,123,0,124,2,23,212,1,238,0,0,0,238
01/19/2010,ADS,TX,ASW,CE,Towers with Radar,0,37,99,1,137,0,10,79,1,90,0,47,178,2,227,38,0,38,265
01/20/2010,ADS,TX,ASW,CE,Towers with Radar,0,36,85,1,122,0,9,17,2,28,0,45,102,3,150,2,0,2,152
01/21/2010,ADS,TX,ASW,CE,Towers with Radar,0,29,84,1,114,0,17,188,1,206,0,46,272,2,320,34,0,34,354
01/22/2010,ADS,TX,ASW,CE,Towers with Radar,1,28,83,0,112,0,12,188,1,201,1,40,271,1,313,38,0,38,351
01/23/2010,ADS,TX,ASW,CE,Towers with Radar,0,10,57,0,67,0,2,83,0,85,0,12,140,0,152,8,0,8,160
01/24/2010,ADS,TX,ASW,CE,Towers with Radar,0,11,57,0,68,0,1,189,0,190,0,12,246,0,258,0,0,0,258
01/25/2010,ADS,TX,ASW,CE,Towers with Radar,2,34,78,0,114,0,13,133,2,148,2,47,211,2,262,0,0,0,262
01/26/2010,ADS,TX,ASW,CE,Towers with Radar,1,26,71,0,98,0,16,219,1,236,1,42,290,1,334,34,0,34,368
01/27/2010,ADS,TX,ASW,CE,Towers with Radar,0,49,92,0,141,0,4,100,2,106,0,53,192,2,247,22,0,22,269
01/28/2010,ADS,TX,ASW,CE,Towers with Radar,0,35,73,0,108,0,0,1,0,1,0,35,74,0,109,2,0,2,111
01/29/2010,ADS,TX,ASW,CE,Towers with Radar,0,26,37,1,64,0,1,0,0,1,0,27,37,1,65,0,0,0,65
01/30/2010,ADS,TX,ASW,CE,Towers with Radar,0,9,36,0,45,0,0,24,0,24,0,9,60,0,69,6,0,6,75
01/31/2010,ADS,TX,ASW,CE,Towers with Radar,0,19,49,1,69,0,0,17,2,19,0,19,66,3,88,22,0,22,110
02/01/2010,ADS,TX,ASW,CE,Towers with Radar,0,39,76,0,115,0,1,50,0,51,0,40,126,0,166,36,0,36,202
02/02/2010,ADS,TX,ASW,CE,Towers with Radar,3,35,82,0,120,0,9,111,1,121,3,44,193,1,241,32,0,32,273
02/03/2010,ADS,TX,ASW,CE,Towers with Radar,0,38,71,0,109,0,3,37,0,40,0,41,108,0,149,2,0,2,151
02/04/2010,ADS,TX,ASW,CE,Towers with Radar,0,37,89,0,126,0,0,0,0,0,0,37,89,0,126,0,0,0,126
02/05/2010,ADS,TX,ASW,CE,Towers with Radar,0,33,104,0,137,0,10,81,0,91,0,43,185,0,228,0,0,0,228
02/06/2010,ADS,TX,ASW,CE,Towers with Radar,0,6,81,0,87,0,1,112,3,116,0,7,193,3,203,38,0,38,241
02/07/2010,ADS,TX,ASW,CE,Towers with Radar,0,10,66,0,76,0,0,49,2,51,0,10,115,2,127,38,0,38,165
02/08/2010,ADS,TX,ASW,CE,Towers with Radar,0,50,53,0,103,0,0,0,0,0,0,50,53,0,103,0,0,0,103
02/09/2010,ADS,TX,ASW,CE,Towers with Radar,3,32,80,2,117,0,15,161,4,180,3,47,241,6,297,16,0,16,313
02/10/2010,ADS,TX,ASW,CE,Towers with Radar,3,36,76,0,115,0,21,131,3,155,3,57,207,3,270,17,0,17,287
02/11/2010,ADS,TX,ASW,CE,Towers with Radar,0,17,21,0,38,0,0,0,0,0,0,17,21,0,38,0,0,0,38
02/12/2010,ADS,TX,ASW,CE,Towers with Radar,0,48,69,0,117,0,0,1,0,1,0,48,70,0,118,0,0,0,118
02/13/2010,ADS,TX,ASW,CE,Towers with Radar,0,7,63,0,70,0,0,71,0,71,0,7,134,0,141,24,0,24,165
02/14/2010,ADS,TX,ASW,CE,Towers with Radar,3,11,41,0,55,0,0,41,0,41,3,11,82,0,96,22,0,22,118
02/15/2010,ADS,TX,ASW,CE,Towers with Radar,2,23,73,0,98,0,6,107,0,113,2,29,180,0,211,2,0,2,213
02/16/2010,ADS,TX,ASW,CE,Towers with Radar,0,38,65,0,103,0,15,167,0,182,0,53,232,0,285,16,0,16,301
02/17/2010,ADS,TX,ASW,CE,Towers with Radar,4,29,95,2,130,0,10,191,4,205,4,39,286,6,335,48,0,48,383
02/18/2010,ADS,TX,ASW,CE,Towers with Radar,0,36,85,0,121,0,11,189,0,200,0,47,274,0,321,38,0,38,359
02/19/2010,ADS,TX,ASW,CE,Towers with Radar,0,30,104,0,134,0,9,90,0,99,0,39,194,0,233,2,0,2,235
02/20/2010,ADS,TX,ASW,CE,Towers with Radar,0,18,63,0,81,0,7,107,2,116,0,25,170,2,197,18,0,18,215
02/21/2010,ADS,TX,ASW,CE,Towers with Radar,0,16,80,0,96,0,0,13,0,13,0,16,93,0,109,0,0,0,109
02/22/2010,ADS,TX,ASW,CE,Towers with Radar,0,47,87,0,134,0,2,19,0,21,0,49,106,0,155,22,0,22,177
02/23/2010,ADS,TX,ASW,CE,Towers with Radar,0,35,48,0,83,0,9,30,0,39,0,44,78,0,122,10,0,10,132
02/24/2010,ADS,TX,ASW,CE,Towers with Radar,0,27,99,0,126,0,17,204,3,224,0,44,303,3,350,18,0,18,368
02/25/2010,ADS,TX,ASW,CE,Towers with Radar,1,30,107,0,138,0,18,140,1,159,1,48,247,1,297,10,0,10,307
02/26/2010,ADS,TX,ASW,CE,Towers with Radar,1,33,121,0,155,0,0,6,0,6,1,33,127,0,161,0,0,0,161
02/27/2010,ADS,TX,ASW,CE,Towers with Radar,0,3,76,0,79,0,1,336,0,337,0,4,412,0,416,12,0,12,428
02/28/2010,ADS,TX,ASW,CE,Towers with Radar,0,8,71,0,79,0,0,166,0,166,0,8,237,0,245,4,0,4,249
03/01/2010,ADS,TX,ASW,CE,Towers with Radar,0,36,62,0,98,0,3,3,0,6,0,39,65,0,104,0,0,0,104
03/02/2010,ADS,TX,ASW,CE,Towers with Radar,0,21,91,0,112,0,11,180,0,191,0,32,271,0,303,60,0,60,363
03/03/2010,ADS,TX,ASW,CE,Towers with Radar,0,40,72,0,112,0,15,215,0,230,0,55,287,0,342,50,0,50,392
03/04/2010,ADS,TX,ASW,CE,Towers with Radar,0,28,74,0,102,0,14,176,1,191,0,42,250,1,293,20,0,20,313
03/05/2010,ADS,TX,ASW,CE,Towers with Radar,0,28,79,0,107,0,13,143,2,158,0,41,222,2,265,18,0,18,283
03/06/2010,ADS,TX,ASW,CE,Towers with Radar,0,10,59,0,69,0,2,169,0,171,0,12,228,0,240,16,0,16,256
03/07/2010,ADS,TX,ASW,CE,Towers with Radar,0,18,89,0,107,0,1,13,0,14,0,19,102,0,121,12,0,12,133
03/08/2010,ADS,TX,ASW,CE,Towers with Radar,1,36,58,0,95,0,5,8,1,14,1,41,66,1,109,10,0,10,119
03/09/2010,ADS,TX,ASW,CE,Towers with Radar,0,30,76,0,106,0,18,173,2,193,0,48,249,2,299,30,0,30,329
03/10/2010,ADS,TX,ASW,CE,Towers with Radar,0,24,72,0,96,0,14,74,0,88,0,38,146,0,184,6,0,6,190
03/11/2010,ADS,TX,ASW,CE,Towers with Radar,0,27,85,0,112,0,8,181,2,191,0,35,266,2,303,48,0,48,351
03/12/2010,ADS,TX,ASW,CE,Towers with Radar,1,28,95,0,124,0,15,115,2,132,1,43,210,2,256,14,0,14,270
03/13/2010,ADS,TX,ASW,CE,Towers with Radar,0,24,78,0,102,0,3,210,0,213,0,27,288,0,315,14,0,14,329
03/14/2010,ADS,TX,ASW,CE,Towers with Radar,4,17,150,0,171,0,0,371,0,371,4,17,521,0,542,8,0,8,550
03/15/2010,ADS,TX,ASW,CE,Towers with Radar,0,42,134,0,176,0,21,110,1,132,0,63,244,1,308,0,0,0,308
03/16/2010,ADS,TX,ASW,CE,Towers with Radar,1,21,78,0,100,0,8,70,3,81,1,29,148,3,181,6,0,6,187
03/17/2010,ADS,TX,ASW,CE,Towers with Radar,0,22,89,0,111,0,14,162,3,179,0,36,251,3,290,4,0,4,294
03/18/2010,ADS,TX,ASW,CE,Towers with Radar,2,21,105,0,128,0,13,182,2,197,2,34,287,2,325,34,0,34,359
03/19/2010,ADS,TX,ASW,CE,Towers with Radar,0,26,94,0,120,0,12,103,0,115,0,38,197,0,235,18,0,18,253
03/20/2010,ADS,TX,ASW,CE,Towers with Radar,0,13,37,0,50,0,0,2,0,2,0,13,39,0,52,0,0,0,52
03/21/2010,ADS,TX,ASW,CE,Towers with Radar,0,29,72,0,101,0,0,36,0,36,0,29,108,0,137,0,0,0,137
03/22/2010,ADS,TX,ASW,CE,Towers with Radar,0,39,63,0,102,0,17,182,0,199,0,56,245,0,301,10,0,10,311
03/23/2010,ADS,TX,ASW,CE,Towers with Radar,1,33,66,2,102,0,17,147,0,164,1,50,213,2,266,15,0,15,281
03/24/2010,ADS,TX,ASW,CE,Towers with Radar,0,40,103,0,143,0,3,23,0,26,0,43,126,0,169,4,0,4,173
03/25/2010,ADS,TX,ASW,CE,Towers with Radar,1,25,87,0,113,0,11,78,0,89,1,36,165,0,202,0,0,0,202
03/26/2010,ADS,TX,ASW,CE,Towers with Radar,0,33,80,0,113,0,18,223,4,245,0,51,303,4,358,24,0,24,382
03/27/2010,ADS,TX,ASW,CE,Towers with Radar,0,10,23,0,33,0,3,66,0,69,0,13,89,0,102,6,0,6,108
03/28/2010,ADS,TX,ASW,CE,Towers with Radar,1,14,49,0,64,0,1,123,1,125,1,15,172,1,189,6,0,6,195
03/29/2010,ADS,TX,ASW,CE,Towers with Radar,0,26,79,0,105,0,19,220,0,239,0,45,299,0,344,28,0,28,372
03/30/2010,ADS,TX,ASW,CE,Towers with Radar,0,33,93,0,126,0,16,129,0,145,0,49,222,0,271,6,0,6,277
03/31/2010,ADS,TX,ASW,CE,Towers with Radar,0,23,86,0,109,0,16,163,0,179,0,39,249,0,288,38,0,38,326
04/01/2010,ADS,TX,ASW,CE,Towers with Radar,0,38,103,0,141,0,13,85,0,98,0,51,188,0,239,12,0,12,251
04/02/2010,ADS,TX,ASW,CE,Towers with Radar,0,31,57,0,88,0,7,30,0,37,0,38,87,0,125,4,0,4,129
04/03/2010,ADS,TX,ASW,CE,Towers with Radar,2,5,27,0,34,0,3,277,0,280,2,8,304,0,314,24,0,24,338
04/04/2010,ADS,TX,ASW,CE,Towers with Radar,0,16,48,0,64,0,0,6,0,6,0,16,54,0,70,0,0,0,70
04/05/2010,ADS,TX,ASW,CE,Towers with Radar,0,33,86,0,119,0,15,57,0,72,0,48,143,0,191,35,0,35,226
04/06/2010,ADS,TX,ASW,CE,Towers with Radar,0,28,83,0,111,0,12,56,0,68,0,40,139,0,179,8,0,8,187
04/07/2010,ADS,TX,ASW,CE,Towers with Radar,2,22,67,0,91,0,16,121,0,137,2,38,188,0,228,22,0,22,250
04/08/2010,ADS,TX,ASW,CE,Towers with Radar,3,36,86,0,125,0,17,228,1,246,3,53,314,1,371,64,0,64,435
04/09/2010,ADS,TX,ASW,CE,Towers with Radar,0,27,94,0,121,0,21,194,2,217,0,48,288,2,338,16,0,16,354
04/10/2010,ADS,TX,ASW,CE,Towers with Radar,0,4,60,0,64,0,5,240,1,246,0,9,300,1,310,46,0,46,356
04/11/2010,ADS,TX,ASW,CE,Towers with Radar,0,10,70,0,80,0,1,130,0,131,0,11,200,0,211,42,0,42,253
04/12/2010,ADS,TX,ASW,CE,Towers with Radar,0,18,70,0,88,0,18,119,0,137,0,36,189,0,225,0,0,0,225
04/13/2010,ADS,TX,ASW,CE,Towers with Radar,0,26,79,0,105,0,27,162,0,189,0,53,241,0,294,0,0,0,294
04/14/2010,ADS,TX,ASW,CE,Towers with Radar,0,35,91,0,126,0,17,157,2,176,0,52,248,2,302,6,0,6,308
04/15/2010,ADS,TX,ASW,CE,Towers with Radar,0,34,141,0,175,0,5,85,2,92,0,39,226,2,267,26,0,26,293
04/16/2010,ADS,TX,ASW,CE,Towers with Radar,1,31,103,1,136,0,6,147,0,153,1,37,250,1,289,58,0,58,347
04/17/2010,ADS,TX,ASW,CE,Towers with Radar,0,14,73,0,87,0,3,23,2,28,0,17,96,2,115,0,0,0,115
04/18/2010,ADS,TX,ASW,CE,Towers with Radar,1,25,90,1,117,0,1,1,0,2,1,26,91,1,119,0,0,0,119
04/19/2010,ADS,TX,ASW,CE,Towers with Radar,0,46,93,1,140,0,10,95,0,105,0,56,188,1,245,8,0,8,253
04/20/2010,ADS,TX,ASW,CE,Towers with Radar,0,33,109,1,143,0,14,206,1,221,0,47,315,2,364,11,0,11,375
04/21/2010,ADS,TX,ASW,CE,Towers with Radar,0,26,96,1,123,0,17,178,0,195,0,43,274,1,318,13,0,13,331
04/22/2010,ADS,TX,ASW,CE,Towers with Radar,0,41,98,0,139,0,1,52,1,54,0,42,150,1,193,0,0,0,193
04/23/2010,ADS,TX,ASW,CE,Towers with Radar,1,25,71,1,98,0,14,126,1,141,1,39,197,2,239,10,0,10,249
04/24/2010,ADS,TX,ASW,CE,Towers with Radar,0,9,36,0,45,0,3,154,1,158,0,12,190,1,203,16,0,16,219
04/25/2010,ADS,TX,ASW,CE,Towers with Radar,0,12,60,0,72,0,3,167,0,170,0,15,227,0,242,2,0,2,244
04/26/2010,ADS,TX,ASW,CE,Towers with Radar,2,30,99,0,131,0,21,176,0,197,2,51,275,0,328,13,5,18,346
04/27/2010,ADS,TX,ASW,CE,Towers with Radar,1,17,74,0,92,0,22,204,0,226,1,39,278,0,318,16,0,16,334
04/28/2010,ADS,TX,ASW,CE,Towers with Radar,2,29,108,0,139,0,22,210,0,232,2,51,318,0,371,15,0,15,386
04/29/2010,ADS,TX,ASW,CE,Towers with Radar,0,49,106,1,156,0,14,80,1,95,0,63,186,2,251,0,0,0,251
04/30/2010,ADS,TX,ASW,CE,Towers with Radar,0,37,75,0,112,0,6,98,2,106,0,43,173,2,218,2,0,2,220
05/01/2010,ADS,TX,ASW,CE,Towers with Radar,0,11,48,0,59,0,2,139,0,141,0,13,187,0,200,8,0,8,208
05/02/2010,ADS,TX,ASW,CE,Towers with Radar,0,18,71,0,89,0,5,180,2,187,0,23,251,2,276,26,0,26,302
05/03/2010,ADS,TX,ASW,CE,Towers with Radar,0,27,53,0,80,0,15,128,1,144,0,42,181,1,224,4,0,4,228
05/04/2010,ADS,TX,ASW,CE,Towers with Radar,0,26,91,0,117,0,24,222,0,246,0,50,313,0,363,42,0,42,405
05/05/2010,ADS,TX,ASW,CE,Towers with Radar,0,16,96,0,112,0,26,191,1,218,0,42,287,1,330,22,0,22,352
05/06/2010,ADS,TX,ASW,CE,Towers with Radar,1,23,72,0,96,0,21,200,0,221,1,44,272,0,317,11,0,11,328
05/07/2010,ADS,TX,ASW,CE,Towers with Radar,1,27,110,0,138,0,14,146,3,163,1,41,256,3,301,10,0,10,311
05/08/2010,ADS,TX,ASW,CE,Towers with Radar,0,6,51,0,57,0,2,184,3,189,0,8,235,3,246,12,0,12,258
05/09/2010,ADS,TX,ASW,CE,Towers with Radar,0,6,80,0,86,0,2,53,0,55,0,8,133,0,141,8,0,8,149
05/10/2010,ADS,TX,ASW,CE,Towers with Radar,0,37,86,0,123,0,9,40,0,49,0,46,126,0,172,0,0,0,172
05/11/2010,ADS,TX,ASW,CE,Towers with Radar,0,34,107,0,141,0,13,113,2,128,0,47,220,2,269,100,0,100,369
05/12/2010,ADS,TX,ASW,CE,Towers with Radar,0,33,95,0,128,0,17,89,3,109,0,50,184,3,237,0,0,0,237
05/13/2010,ADS,TX,ASW,CE,Towers with Radar,1,30,108,0,139,0,9,131,1,141,1,39,239,1,280,32,0,32,312
05/14/2010,ADS,TX,ASW,CE,Towers with Radar,1,29,79,0,109,0,4,19,0,23,1,33,98,0,132,6,0,6,138
05/15/2010,ADS,TX,ASW,CE,Towers with Radar,0,14,64,4,82,0,2,88,4,94,0,16,152,8,176,82,0,82,258
05/16/2010,ADS,TX,ASW,CE,Towers with Radar,0,17,62,2,81,0,4,128,1,133,0,21,190,3,214,88,0,88,302
05/17/2010,ADS,TX,ASW,CE,Towers with Radar,1,35,82,0,118,0,15,161,3,179,1,50,243,3,297,18,0,18,315
05/18/2010,ADS,TX,ASW,CE,Towers with Radar,1,22,100,0,123,0,16,194,1,211,1,38,294,1,334,0,0,0,334
05/19/2010,ADS,TX,ASW,CE,Towers with Radar,1,40,94,0,135,0,14,88,2,104,1,54,182,2,239,6,0,6,245
05/20/2010,ADS,TX,ASW,CE,Towers with Radar,0,29,99,0,128,0,8,93,0,101,0,37,192,0,229,32,0,32,261
05/21/2010,ADS,TX,ASW,CE,Towers with Radar,0,27,124,0,151,0,12,127,0,139,0,39,251,0,290,56,0,56,346
05/22/2010,ADS,TX,ASW,CE,Towers with Radar,0,10,84,0,94,0,0,140,0,140,0,10,224,0,234,6,0,6,240
05/23/2010,ADS,TX,ASW,CE,Towers with Radar,2,13,94,0,109,0,3,95,0,98,2,16,189,0,207,0,0,0,207
05/24/2010,ADS,TX,ASW,CE,Towers with Radar,0,27,107,0,134,0,12,128,0,140,0,39,235,0,274,14,0,14,288
05/25/2010,ADS,TX,ASW,CE,Towers with Radar,0,28,100,2,130,0,14,185,0,199,0,42,285,2,329,46,0,46,375
05/26/2010,ADS,TX,ASW,CE,Towers with Radar,0,32,104,0,136,0,11,187,1,199,0,43,291,1,335,26,0,26,361
05/27/2010,ADS,TX,ASW,CE,Towers with Radar,0,21,113,0,134,0,16,182,2,200,0,37,295,2,334,54,0,54,388
05/28/2010,ADS,TX,ASW,CE,Towers with Radar,1,19,88,0,108,0,15,199,0,214,1,34,287,0,322,14,0,14,336
05/29/2010,ADS,TX,ASW,CE,Towers with Radar,0,11,39,0,50,0,4,231,3,238,0,15,270,3,288,34,0,34,322
05/30/2010,ADS,TX,ASW,CE,Towers with Radar,0,12,33,0,45,0,0,175,1,176,0,12,208,1,221,22,0,22,243
05/31/2010,ADS,TX,ASW,CE,Towers with Radar,1,10,57,0,68,0,7,135,2,144,1,17,192,2,212,14,0,14,226
06/01/2010,ADS,TX,ASW,CE,Towers with Radar,1,34,71,0,106,0,18,157,0,175,1,52,228,0,281,12,0,12,293
06/02/2010,ADS,TX,ASW,CE,Towers with Radar,0,26,56,0,82,0,13,151,0,164,0,39,207,0,246,53,0,53,299
06/03/2010,ADS,TX,ASW,CE,Towers with Radar,0,29,79,0,108,0,10,176,1,187,0,39,255,1,295,4,0,4,299
06/04/2010,ADS,TX,ASW,CE,Towers with Radar,0,19,89,0,108,0,15,165,1,181,0,34,254,1,289,6,0,6,295
06/05/2010,ADS,TX,ASW,CE,Towers with Radar,1,9,62,0,72,0,2,237,0,239,1,11,299,0,311,22,0,22,333
06/06/2010,ADS,TX,ASW,CE,Towers with Radar,0,8,84,0,92,0,0,116,0,116,0,8,200,0,208,34,0,34,242
06/07/2010,ADS,TX,ASW,CE,Towers with Radar,0,27,64,0,91,0,11,144,1,156,0,38,208,1,247,30,0,30,277
06/08/2010,ADS,TX,ASW,CE,Towers with Radar,1,29,103,0,133,0,9,137,0,146,1,38,240,0,279,152,0,152,431
06/09/2010,ADS,TX,ASW,CE,Towers with Radar,1,37,114,0,152,0,5,12,0,17,1,42,126,0,169,0,0,0,169
06/10/2010,ADS,TX,ASW,CE,Towers with Radar,2,32,131,0,165,0,6,79,0,85,2,38,210,0,250,45,0,45,295
06/11/2010,ADS,TX,ASW,CE,Towers with Radar,0,25,97,0,122,0,11,134,0,145,0,36,231,0,267,2,0,2,269
06/12/2010,ADS,TX,ASW,CE,Towers with Radar,1,7,67,0,75,0,1,127,0,128,1,8,194,0,203,29,0,29,232
06/13/2010,ADS,TX,ASW,CE,Towers with Radar,1,15,63,0,79,0,1,132,0,133,1,16,195,0,212,47,0,47,259
06/14/2010,ADS,TX,ASW,CE,Towers with Radar,0,33,79,0,112,0,12,125,3,140,0,45,204,3,252,30,0,30,282
06/15/2010,ADS,TX,ASW,CE,Towers with Radar,0,28,69,2,99,0,10,150,1,161,0,38,219,3,260,2,0,2,262
06/16/2010,ADS,TX,ASW,CE,Towers with Radar,2,39,62,0,103,0,20,187,0,207,2,59,249,0,310,18,0,18,328
06/17/2010,ADS,TX,ASW,CE,Towers with Radar,1,36,103,0,140,0,13,168,0,181,1,49,271,0,321,8,0,8,329
06/18/2010,ADS,TX,ASW,CE,Towers with Radar,0,23,94,0,117,0,10,176,0,186,0,33,270,0,303,2,0,2,305
06/19/2010,ADS,TX,ASW,CE,Towers with Radar,0,8,51,0,59,0,0,217,3,220,0,8,268,3,279,6,0,6,285
06/20/2010,ADS,TX,ASW,CE,Towers with Radar,0,14,58,0,72,0,0,171,1,172,0,14,229,1,244,26,0,26,270
06/21/2010,ADS,TX,ASW,CE,Towers with Radar,0,25,103,0,128,0,18,184,0,202,0,43,287,0,330,22,0,22,352
06/22/2010,ADS,TX,ASW,CE,Towers with Radar,2,25,78,0,105,0,11,206,0,217,2,36,284,0,322,48,0,48,370
06/23/2010,ADS,TX,ASW,CE,Towers with Radar,0,29,98,0,127,0,15,183,1,199,0,44,281,1,326,16,0,16,342
06/24/2010,ADS,TX,ASW,CE,Towers with Radar,0,33,83,0,116,0,12,170,0,182,0,45,253,0,298,34,0,34,332
06/25/2010,ADS,TX,ASW,CE,Towers with Radar,0,18,81,0,99,0,17,159,0,176,0,35,240,0,275,20,0,20,295
06/26/2010,ADS,TX,ASW,CE,Towers with Radar,1,11,68,0,80,0,4,212,2,218,1,15,280,2,298,12,0,12,310
06/27/2010,ADS,TX,ASW,CE,Towers with Radar,0,9,75,1,85,0,0,147,1,148,0,9,222,2,233,34,0,34,267
06/28/2010,ADS,TX,ASW,CE,Towers with Radar,0,32,84,0,116,0,5,106,0,111,0,37,190,0,227,18,0,18,245
06/29/2010,ADS,TX,ASW,CE,Towers with Radar,1,28,98,0,127,0,6,43,1,50,1,34,141,1,177,34,0,34,211
06/30/2010,ADS,TX,ASW,CE,Towers with Radar,0,31,82,0,113,0,8,96,0,104,0,39,178,0,217,22,0,22,239
07/01/2010,ADS,TX,ASW,CE,Towers with Radar,0,37,135,0,172,0,7,139,3,149,0,44,274,3,321,38,0,38,359
07/02/2010,ADS,TX,ASW,CE,Towers with Radar,0,31,100,1,132,0,2,26,0,28,0,33,126,1,160,8,0,8,168
07/03/2010,ADS,TX,ASW,CE,Towers with Radar,0,3,67,0,70,0,0,18,0,18,0,3,85,0,88,90,0,90,178
07/04/2010,ADS,TX,ASW,CE,Towers with Radar,0,9,30,0,39,0,0,58,1,59,0,9,88,1,98,7,0,7,105
07/05/2010,ADS,TX,ASW,CE,Towers with Radar,0,18,94,0,112,0,2,124,2,128,0,20,218,2,240,60,0,60,300
07/06/2010,ADS,TX,ASW,CE,Towers with Radar,0,25,77,1,103,0,12,134,0,146,0,37,211,1,249,114,0,114,363
07/07/2010,ADS,TX,ASW,CE,Towers with Radar,0,29,86,1,116,0,11,136,1,148,0,40,222,2,264,52,0,52,316
07/08/2010,ADS,TX,ASW,CE,Towers with Radar,0,35,82,0,117,0,4,31,0,35,0,39,113,0,152,4,0,4,156
07/09/2010,ADS,TX,ASW,CE,Towers with Radar,2,37,76,0,115,0,4,64,0,68,2,41,140,0,183,70,0,70,253
07/10/2010,ADS,TX,ASW,CE,Towers with Radar,0,11,54,0,65,0,1,64,0,65,0,12,118,0,130,23,0,23,153
07/11/2010,ADS,TX,ASW,CE,Towers with Radar,1,15,47,0,63,0,0,202,0,202,1,15,249,0,265,22,0,22,287
07/12/2010,ADS,TX,ASW,CE,Towers with Radar,0,30,62,0,92,0,15,138,2,155,0,45,200,2,247,54,0,54,301
07/13/2010,ADS,TX,ASW,CE,Towers with Radar,0,27,87,0,114,0,10,196,0,206,0,37,283,0,320,56,0,56,376
07/14/2010,ADS,TX,ASW,CE,Towers with Radar,1,31,104,0,136,0,8,163,1,172,1,39,267,1,308,40,0,40,348
07/15/2010,ADS,TX,ASW,CE,Towers with Radar,1,24,81,0,106,0,16,193,2,211,1,40,274,2,317,76,0,76,393
07/16/2010,ADS,TX,ASW,CE,Towers with Radar,2,21,79,0,102,0,12,204,1,217,2,33,283,1,319,18,0,18,337
07/17/2010,ADS,TX,ASW,CE,Towers with Radar,0,7,38,0,45,0,2,208,0,210,0,9,246,0,255,34,0,34,289
07/18/2010,ADS,TX,ASW,CE,Towers with Radar,0,14,63,0,77,0,1,129,0,130,0,15,192,0,207,50,0,50,257
07/19/2010,ADS,TX,ASW,CE,Towers with Radar,0,26,75,1,102,0,13,173,4,190,0,39,248,5,292,76,0,76,368
07/20/2010,ADS,TX,ASW,CE,Towers with Radar,2,20,71,0,93,0,14,155,1,170,2,34,226,1,263,44,0,44,307
07/21/2010,ADS,TX,ASW,CE,Towers with Radar,0,22,81,0,103,0,14,187,2,203,0,36,268,2,306,47,0,47,353
07/22/2010,ADS,TX,ASW,CE,Towers with Radar,0,23,91,0,114,0,13,177,0,190,0,36,268,0,304,80,0,80,384
07/23/2010,ADS,TX,ASW,CE,Towers with Radar,0,23,106,1,130,0,10,102,0,112,0,33,208,1,242,88,0,88,330
07/24/2010,ADS,TX,ASW,CE,Towers with Radar,0,12,43,0,55,0,5,194,0,199,0,17,237,0,254,44,0,44,298
07/25/2010,ADS,TX,ASW,CE,Towers with Radar,2,14,65,1,82,0,4,187,0,191,2,18,252,1,273,66,0,66,339
07/26/2010,ADS,TX,ASW,CE,Towers with Radar,0,27,68,1,96,0,10,89,0,99,0,37,157,1,195,22,0,22,217
07/27/2010,ADS,TX,ASW,CE,Towers with Radar,0,29,83,2,114,0,15,111,0,126,0,44,194,2,240,61,0,61,301
07/28/2010,ADS,TX,ASW,CE,Towers with Radar,0,39,93,1,133,0,8,102,0,110,0,47,195,1,243,70,0,70,313
07/29/2010,ADS,TX,ASW,CE,Towers with Radar,0,19,121,1,141,0,12,166,1,179,0,31,287,2,320,42,0,42,362
07/30/2010,ADS,TX,ASW,CE,Towers with Radar,0,21,79,1,101,0,12,189,0,201,0,33,268,1,302,38,4,42,344
07/31/2010,ADS,TX,ASW,CE,Towers with Radar,0,10,47,0,57,0,1,200,1,202,0,11,247,1,259,56,0,56,315
08/01/2010,ADS,TX,ASW,CE,Towers with Radar,0,8,59,1,68,0,1,164,0,165,0,9,223,1,233,46,0,46,279
08/02/2010,ADS,TX,ASW,CE,Towers with Radar,0,22,66,0,88,0,14,154,0,168,0,36,220,0,256,42,0,42,298
08/03/2010,ADS,TX,ASW,CE,Towers with Radar,0,32,71,0,103,0,14,168,1,183,0,46,239,1,286,32,0,32,318
08/04/2010,ADS,TX,ASW,CE,Towers with Radar,0,28,66,0,94,0,13,197,0,210,0,41,263,0,304,68,0,68,372
08/05/2010,ADS,TX,ASW,CE,Towers with Radar,1,30,95,2,128,0,12,163,2,177,1,42,258,4,305,56,0,56,361
08/06/2010,ADS,TX,ASW,CE,Towers with Radar,0,26,54,0,80,0,8,163,0,171,0,34,217,0,251,34,0,34,285
08/07/2010,ADS,TX,ASW,CE,Towers with Radar,2,5,52,0,59,0,1,203,0,204,2,6,255,0,263,78,0,78,341
08/08/2010,ADS,TX,ASW,CE,Towers with Radar,1,19,64,0,84,0,0,157,0,157,1,19,221,0,241,34,0,34,275
08/09/2010,ADS,TX,ASW,CE,Towers with Radar,0,33,86,1,120,0,8,103,1,112,0,41,189,2,232,42,0,42,274
08/10/2010,ADS,TX,ASW,CE,Towers with Radar,1,24,59,1,85,0,12,162,0,174,1,36,221,1,259,0,0,0,259
08/11/2010,ADS,TX,ASW,CE,Towers with Radar,0,36,81,0,117,0,9,166,0,175,0,45,247,0,292,46,0,46,338
08/12/2010,ADS,TX,ASW,CE,Towers with Radar,2,24,86,0,112,0,9,198,0,207,2,33,284,0,319,38,0,38,357
08/13/2010,ADS,TX,ASW,CE,Towers with Radar,3,22,70,0,95,0,10,138,0,148,3,32,208,0,243,10,0,10,253
08/14/2010,ADS,TX,ASW,CE,Towers with Radar,0,6,46,0,52,0,1,170,1,172,0,7,216,1,224,20,0,20,244
08/15/2010,ADS,TX,ASW,CE,Towers with Radar,1,11,61,0,73,0,1,132,1,134,1,12,193,1,207,26,0,26,233
08/16/2010,ADS,TX,ASW,CE,Towers with Radar,0,34,51,0,85,0,7,123,0,130,0,41,174,0,215,16,0,16,231
08/17/2010,ADS,TX,ASW,CE,Towers with Radar,0,24,70,0,94,0,9,168,0,177,0,33,238,0,271,28,0,28,299
08/18/2010,ADS,TX,ASW,CE,Towers with Radar,1,31,96,0,128,0,13,164,3,180,1,44,260,3,308,20,0,20,328
08/19/2010,ADS,TX,ASW,CE,Towers with Radar,0,22,100,0,122,0,11,194,1,206,0,33,294,1,328,60,0,60,388
08/20/2010,ADS,TX,ASW,CE,Towers with Radar,0,20,81,0,101,0,14,159,3,176,0,34,240,3,277,16,0,16,293
08/21/2010,ADS,TX,ASW,CE,Towers with Radar,0,4,32,0,36,0,1,187,3,191,0,5,219,3,227,2,0,2,229
08/22/2010,ADS,TX,ASW,CE,Towers with Radar,3,10,60,0,73,0,3,154,0,157,3,13,214,0,230,15,0,15,245
08/23/2010,ADS,TX,ASW,CE,Towers with Radar,0,33,71,1,105,0,15,130,0,145,0,48,201,1,250,12,0,12,262
08/24/2010,ADS,TX,ASW,CE,Towers with Radar,1,19,83,1,104,0,16,142,2,160,1,35,225,3,264,44,0,44,308
08/25/2010,ADS,TX,ASW,CE,Towers with Radar,0,29,92,0,121,0,12,155,0,167,0,41,247,0,288,62,0,62,350
08/26/2010,ADS,TX,ASW,CE,Towers with Radar,0,30,85,0,115,0,26,211,1,238,0,56,296,1,353,2,0,2,355
08/27/2010,ADS,TX,ASW,CE,Towers with Radar,0,19,76,2,97,0,22,197,2,221,0,41,273,4,318,20,0,20,338
08/28/2010,ADS,TX,ASW,CE,Towers with Radar,0,9,51,2,62,0,3,215,0,218,0,12,266,2,280,20,0,20,300
08/29/2010,ADS,TX,ASW,CE,Towers with Radar,0,7,45,2,54,0,3,141,1,145,0,10,186,3,199,22,0,22,221
08/30/2010,ADS,TX,ASW,CE,Towers with Radar,0,30,78,1,109,0,8,89,0,97,0,38,167,1,206,24,0,24,230
08/31/2010,ADS,TX,ASW,CE,Towers with Radar,0,33,86,0,119,0,11,154,0,165,0,44,240,0,284,36,0,36,320
09/01/2010,ADS,TX,ASW,CE,Towers with Radar,0,28,104,0,132,0,13,81,2,96,0,41,185,2,228,22,0,22,250
09/02/2010,ADS,TX,ASW,CE,Towers with Radar,0,22,75,0,97,0,10,67,0,77,0,32,142,0,174,10,0,10,184
09/03/2010,ADS,TX,ASW,CE,Towers with Radar,0,26,121,0,147,0,10,120,1,131,0,36,241,1,278,36,0,36,314
09/04/2010,ADS,TX,ASW,CE,Towers with Radar,0,7,36,0,43,0,1,241,3,245,0,8,277,3,288,6,0,6,294
09/05/2010,ADS,TX,ASW,CE,Towers with Radar,0,7,31,0,38,0,2,132,1,135,0,9,163,1,173,38,0,38,211
09/06/2010,ADS,TX,ASW,CE,Towers with Radar,0,20,93,0,113,0,5,141,1,147,0,25,234,1,260,8,0,8,268
09/07/2010,ADS,TX,ASW,CE,Towers with Radar,0,28,69,0,97,0,2,1,1,4,0,30,70,1,101,0,0,0,101
09/08/2010,ADS,TX,ASW,CE,Towers with Radar,1,34,74,1,110,0,1,6,0,7,1,35,80,1,117,0,0,0,117
09/09/2010,ADS,TX,ASW,CE,Towers with Radar,0,30,101,0,131,0,7,65,1,73,0,37,166,1,204,2,0,2,206
09/10/2010,ADS,TX,ASW,CE,Towers with Radar,0,25,110,0,135,0,5,155,0,160,0,30,265,0,295,56,0,56,351
09/11/2010,ADS,TX,ASW,CE,Towers with Radar,0,1,45,0,46,0,3,173,1,177,0,4,218,1,223,20,0,20,243
09/12/2010,ADS,TX,ASW,CE,Towers with Radar,0,9,69,0,78,0,1,147,1,149,0,10,216,1,227,40,0,40,267
09/13/2010,ADS,TX,ASW,CE,Towers with Radar,0,31,70,0,101,0,11,135,0,146,0,42,205,0,247,42,0,42,289
09/14/2010,ADS,TX,ASW,CE,Towers with Radar,0,32,83,0,115,0,9,146,0,155,0,41,229,0,270,20,0,20,290
09/15/2010,ADS,TX,ASW,CE,Towers with Radar,0,25,69,0,94,0,12,154,0,166,0,37,223,0,260,8,0,8,268
09/16/2010,ADS,TX,ASW,CE,Towers with Radar,1,28,76,0,105,0,9,183,3,195,1,37,259,3,300,18,0,18,318
09/17/2010,ADS,TX,ASW,CE,Towers with Radar,1,31,72,0,104,0,3,163,0,166,1,34,235,0,270,45,0,45,315
09/18/2010,ADS,TX,ASW,CE,Towers with Radar,0,9,48,0,57,0,2,193,0,195,0,11,241,0,252,16,0,16,268
09/19/2010,ADS,TX,ASW,CE,Towers with Radar,3,20,62,0,85,0,1,166,0,167,3,21,228,0,252,46,0,46,298
09/20/2010,ADS,TX,ASW,CE,Towers with Radar,0,29,85,0,114,0,6,108,0,114,0,35,193,0,228,8,0,8,236
09/21/2010,ADS,TX,ASW,CE,Towers with Radar,0,31,78,1,110,0,11,130,0,141,0,42,208,1,251,42,0,42,293
09/22/2010,ADS,TX,ASW,CE,Towers with Radar,0,36,99,0,135,0,7,106,2,115,0,43,205,2,250,42,0,42,292
09/23/2010,ADS,TX,ASW,CE,Towers with Radar,2,27,166,0,195,0,9,112,3,124,2,36,278,3,319,8,0,8,327
09/24/2010,ADS,TX,ASW,CE,Towers with Radar,1,24,108,4,137,0,8,70,0,78,1,32,178,4,215,6,0,6,221
09/25/2010,ADS,TX,ASW,CE,Towers with Radar,0,14,66,0,80,0,0,10,0,10,0,14,76,0,90,12,0,12,102
09/26/2010,ADS,TX,ASW,CE,Towers with Radar,0,13,92,0,105,0,1,81,0,82,0,14,173,0,187,18,0,18,205
09/27/2010,ADS,TX,ASW,CE,Towers with Radar,0,27,93,0,120,0,13,186,0,199,0,40,279,0,319,23,0,23,342
09/28/2010,ADS,TX,ASW,CE,Towers with Radar,1,24,106,0,131,0,12,180,2,194,1,36,286,2,325,2,0,2,327
09/29/2010,ADS,TX,ASW,CE,Towers with Radar,0,24,107,0,131,0,11,198,0,209,0,35,305,0,340,16,0,16,356
09/30/2010,ADS,TX,ASW,CE,Towers with Radar,0,34,109,0,143,0,11,192,0,203,0,45,301,0,346,0,0,0,346
10/01/2010,ADS,TX,ASW,CE,Towers with Radar,0,29,93,0,122,0,10,220,1,231,0,39,313,1,353,28,0,28,381
10/02/2010,ADS,TX,ASW,CE,Towers with Radar,0,6,48,0,54,0,6,244,0,250,0,12,292,0,304,4,0,4,308
10/03/2010,ADS,TX,ASW,CE,Towers with Radar,0,20,77,0,97,0,0,197,0,197,0,20,274,0,294,12,0,12,306
10/04/2010,ADS,TX,ASW,CE,Towers with Radar,0,27,59,0,86,0,11,109,0,120,0,38,168,0,206,2,0,2,208
10/05/2010,ADS,TX,ASW,CE,Towers with Radar,0,24,92,0,116,0,11,172,2,185,0,35,264,2,301,20,0,20,321
10/06/2010,ADS,TX,ASW,CE,Towers with Radar,0,24,63,0,87,0,12,207,2,221,0,36,270,2,308,18,0,18,326
10/07/2010,ADS,TX,ASW,CE,Towers with Radar,0,33,108,0,141,0,9,208,3,220,0,42,316,3,361,18,0,18,379
10/08/2010,ADS,TX,ASW,CE,Towers with Radar,0,30,84,2,116,0,8,198,5,211,0,38,282,7,327,29,0,29,356
10/09/2010,ADS,TX,ASW,CE,Towers with Radar,1,10,63,0,74,0,0,219,0,219,1,10,282,0,293,32,0,32,325
10/10/2010,ADS,TX,ASW,CE,Towers with Radar,0,8,66,0,74,0,2,185,1,188,0,10,251,1,262,51,0,51,313
10/11/2010,ADS,TX,ASW,CE,Towers with Radar,0,19,90,1,110,0,6,88,0,94,0,25,178,1,204,2,0,2,206
10/12/2010,ADS,TX,ASW,CE,Towers with Radar,0,31,61,0,92,0,14,166,1,181,0,45,227,1,273,46,0,46,319
10/13/2010,ADS,TX,ASW,CE,Towers with Radar,1,31,78,0,110,0,14,190,3,207,1,45,268,3,317,26,0,26,343
10/14/2010,ADS,TX,ASW,CE,Towers with Radar,2,25,83,0,110,0,11,209,3,223,2,36,292,3,333,6,0,6,339
10/15/2010,ADS,TX,ASW,CE,Towers with Radar,0,31,75,0,106,0,9,223,2,234,0,40,298,2,340,44,0,44,384
10/16/2010,ADS,TX,ASW,CE,Towers with Radar,1,7,62,0,70,0,6,260,1,267,1,13,322,1,337,8,0,8,345
10/17/2010,ADS,TX,ASW,CE,Towers with Radar,1,16,77,0,94,0,0,209,1,210,1,16,286,1,304,14,0,14,318
10/18/2010,ADS,TX,ASW,CE,Towers with Radar,0,27,99,0,126,0,15,153,1,169,0,42,252,1,295,16,0,16,311
10/19/2010,ADS,TX,ASW,CE,Towers with Radar,0,24,72,0,96,0,12,156,1,169,0,36,228,1,265,30,0,30,295
10/20/2010,ADS,TX,ASW,CE,Towers with Radar,0,29,91,1,121,0,12,177,3,192,0,41,268,4,313,26,0,26,339
10/21/2010,ADS,TX,ASW,CE,Towers with Radar,0,16,105,2,123,0,8,184,3,195,0,24,289,5,318,22,0,22,340
10/22/2010,ADS,TX,ASW,CE,Towers with Radar,0,25,107,0,132,0,5,59,2,66,0,30,166,2,198,4,0,4,202
10/23/2010,ADS,TX,ASW,CE,Towers with Radar,0,8,41,0,49,0,0,14,1,15,0,8,55,1,64,6,0,6,70
10/24/2010,ADS,TX,ASW,CE,Towers with Radar,0,15,76,0,91,0,0,113,1,114,0,15,189,1,205,10,0,10,215
10/25/2010,ADS,TX,ASW,CE,Towers with Radar,0,33,92,0,125,0,9,77,1,87,0,42,169,1,212,8,0,8,220
10/26/2010,ADS,TX,ASW,CE,Towers with Radar,0,19,103,0,122,0,15,183,1,199,0,34,286,1,321,22,0,22,343
10/27/2010,ADS,TX,ASW,CE,Towers with Radar,0,22,81,0,103,0,10,187,1,198,0,32,268,1,301,6,2,8,309
10/28/2010,ADS,TX,ASW,CE,Towers with Radar,0,26,107,0,133,0,14,187,1,202,0,40,294,1,335,8,0,8,343
10/29/2010,ADS,TX,ASW,CE,Towers with Radar,1,21,91,2,115,0,15,236,1,252,1,36,327,3,367,2,0,2,369
10/30/2010,ADS,TX,ASW,CE,Towers with Radar,0,8,55,0,63,0,1,202,0,203,0,9,257,0,266,12,0,12,278
10/31/2010,ADS,TX,ASW,CE,Towers with Radar,0,7,56,0,63,0,2,174,2,178,0,9,230,2,241,0,0,0,241
11/01/2010,ADS,TX,ASW,CE,Towers with Radar,0,31,59,1,91,0,9,149,1,159,0,40,208,2,250,12,0,12,262
11/02/2010,ADS,TX,ASW,CE,Towers with Radar,0,32,82,1,115,0,0,14,0,14,0,32,96,1,129,0,0,0,129
11/03/2010,ADS,TX,ASW,CE,Towers with Radar,0,32,102,0,134,0,9,63,0,72,0,41,165,0,206,0,0,0,206
11/04/2010,ADS,TX,ASW,CE,Towers with Radar,2,26,103,0,131,0,11,175,3,189,2,37,278,3,320,28,0,28,348
11/05/2010,ADS,TX,ASW,CE,Towers with Radar,2,25,96,1,124,0,13,209,3,225,2,38,305,4,349,10,0,10,359
11/06/2010,ADS,TX,ASW,CE,Towers with Radar,2,6,56,0,64,0,0,236,1,237,2,6,292,1,301,28,0,28,329
11/07/2010,ADS,TX,ASW,CE,Towers with Radar,1,23,88,0,112,0,6,212,1,219,1,29,300,1,331,12,0,12,343
11/08/2010,ADS,TX,ASW,CE,Towers with Radar,0,29,66,0,95,0,14,140,1,155,0,43,206,1,250,18,0,18,268
11/09/2010,ADS,TX,ASW,CE,Towers with Radar,0,31,85,2,118,0,17,145,2,164,0,48,230,4,282,22,0,22,304
11/10/2010,ADS,TX,ASW,CE,Towers with Radar,4,27,111,0,142,0,12,206,2,220,4,39,317,2,362,26,0,26,388
11/11/2010,ADS,TX,ASW,CE,Towers with Radar,4,22,122,0,148,0,1,58,0,59,4,23,180,0,207,14,0,14,221
11/12/2010,ADS,TX,ASW,CE,Towers with Radar,0,35,98,1,134,0,2,24,2,28,0,37,122,3,162,4,0,4,166
11/13/2010,ADS,TX,ASW,CE,Towers with Radar,0,15,69,0,84,0,2,263,0,265,0,17,332,0,349,8,0,8,357
11/14/2010,ADS,TX,ASW,CE,Towers with Radar,1,17,77,1,96,0,2,215,1,218,1,19,292,2,314,10,0,10,324
11/15/2010,ADS,TX,ASW,CE,Towers with Radar,0,43,71,0,114,0,1,129,0,130,0,44,200,0,244,14,0,14,258
11/16/2010,ADS,TX,ASW,CE,Towers with Radar,0,25,102,0,127,0,14,152,0,166,0,39,254,0,293,36,0,36,329
11/17/2010,ADS,TX,ASW,CE,Towers with Radar,0,23,75,0,98,0,12,137,1,150,0,35,212,1,248,26,0,26,274
11/18/2010,ADS,TX,ASW,CE,Towers with Radar,1,25,111,0,137,0,16,227,1,244,1,41,338,1,381,2,0,2,383
11/19/2010,ADS,TX,ASW,CE,Towers with Radar,0,30,109,0,139,0,10,215,5,230,0,40,324,5,369,53,0,53,422
11/20/2010,ADS,TX,ASW,CE,Towers with Radar,2,15,87,0,104,0,1,112,1,114,2,16,199,1,218,58,0,58,276
11/21/2010,ADS,TX,ASW,CE,Towers with Radar,0,13,77,0,90,0,0,54,0,54,0,13,131,0,144,8,0,8,152
11/22/2010,ADS,TX,ASW,CE,Towers with Radar,1,40,86,0,127,0,6,126,0,132,1,46,212,0,259,22,0,22,281
11/23/2010,ADS,TX,ASW,CE,Towers with Radar,0,42,111,0,153,0,7,187,0,194,0,49,298,0,347,36,0,36,383
11/24/2010,ADS,TX,ASW,CE,Towers with Radar,0,33,87,0,120,0,5,48,2,55,0,38,135,2,175,23,0,23,198
11/25/2010,ADS,TX,ASW,CE,Towers with Radar,0,8,31,0,39,0,0,4,1,5,0,8,35,1,44,6,0,6,50
11/26/2010,ADS,TX,ASW,CE,Towers with Radar,0,20,51,0,71,0,13,198,2,213,0,33,249,2,284,11,0,11,295
11/27/2010,ADS,TX,ASW,CE,Towers with Radar,0,20,49,0,69,0,1,259,1,261,0,21,308,1,330,42,0,42,372
11/28/2010,ADS,TX,ASW,CE,Towers with Radar,0,30,82,0,112,0,0,130,0,130,0,30,212,0,242,30,0,30,272
11/29/2010,ADS,TX,ASW,CE,Towers with Radar,0,49,84,0,133,0,9,106,2,117,0,58,190,2,250,44,0,44,294
11/30/2010,ADS,TX,ASW,CE,Towers with Radar,2,37,85,0,124,0,11,116,2,129,2,48,201,2,253,36,0,36,289
12/01/2010,ADS,TX,ASW,CE,Towers with Radar,0,24,79,0,103,0,8,210,3,221,0,32,289,3,324,18,0,18,342
12/02/2010,ADS,TX,ASW,CE,Towers with Radar,1,28,103,0,132,0,12,191,2,205,1,40,294,2,337,16,0,16,353
12/03/2010,ADS,TX,ASW,CE,Towers with Radar,0,28,75,1,104,0,12,248,4,264,0,40,323,5,368,14,0,14,382
12/04/2010,ADS,TX,ASW,CE,Towers with Radar,1,18,52,1,72,0,1,172,0,173,1,19,224,1,245,18,0,18,263
12/05/2010,ADS,TX,ASW,CE,Towers with Radar,0,21,44,0,65,0,2,158,2,162,0,23,202,2,227,6,0,6,233
12/06/2010,ADS,TX,ASW,CE,Towers with Radar,3,32,61,0,96,0,16,158,0,174,3,48,219,0,270,2,0,2,272
12/07/2010,ADS,TX,ASW,CE,Towers with Radar,0,43,87,0,130,0,13,131,0,144,0,56,218,0,274,20,0,20,294
12/08/2010,ADS,TX,ASW,CE,Towers with Radar,1,38,108,2,149,0,8,179,0,187,1,46,287,2,336,12,0,12,348
12/09/2010,ADS,TX,ASW,CE,Towers with Radar,0,33,111,0,144,0,14,143,0,157,0,47,254,0,301,4,0,4,305
12/10/2010,ADS,TX,ASW,CE,Towers with Radar,0,24,78,0,102,0,10,167,4,181,0,34,245,4,283,22,0,22,305
12/11/2010,ADS,TX,ASW,CE,Towers with Radar,0,6,54,0,60,0,0,84,0,84,0,6,138,0,144,16,0,16,160
12/12/2010,ADS,TX,ASW,CE,Towers with Radar,2,10,50,0,62,0,2,172,0,174,2,12,222,0,236,10,0,10,246
12/13/2010,ADS,TX,ASW,CE,Towers with Radar,0,35,85,0,120,0,16,153,2,171,0,51,238,2,291,20,0,20,311
12/14/2010,ADS,TX,ASW,CE,Towers with Radar,0,31,106,0,137,0,10,163,0,173,0,41,269,0,310,0,0,0,310
12/15/2010,ADS,TX,ASW,CE,Towers with Radar,0,36,94,0,130,0,10,96,2,108,0,46,190,2,238,12,0,12,250
12/16/2010,ADS,TX,ASW,CE,Towers with Radar,2,23,115,2,142,0,18,166,0,184,2,41,281,2,326,28,0,28,354
12/17/2010,ADS,TX,ASW,CE,Towers with Radar,0,39,95,0,134,0,7,169,1,177,0,46,264,1,311,16,0,16,327
12/18/2010,ADS,TX,ASW,CE,Towers with Radar,0,14,78,0,92,0,0,243,2,245,0,14,321,2,337,56,0,56,393
12/19/2010,ADS,TX,ASW,CE,Towers with Radar,1,12,58,0,71,0,2,151,0,153,1,14,209,0,224,0,0,0,224
12/20/2010,ADS,TX,ASW,CE,Towers with Radar,1,25,88,0,114,0,11,134,0,145,1,36,222,0,259,2,0,2,261
12/21/2010,ADS,TX,ASW,CE,Towers with Radar,4,27,81,0,112,0,16,207,1,224,4,43,288,1,336,10,0,10,346
12/22/2010,ADS,TX,ASW,CE,Towers with Radar,2,39,105,2,148,0,6,105,3,114,2,45,210,5,262,34,0,34,296
12/23/2010,ADS,TX,ASW,CE,Towers with Radar,0,37,74,2,113,0,5,107,0,112,0,42,181,2,225,52,0,52,277
12/24/2010,ADS,TX,ASW,CE,Towers with Radar,0,32,25,0,57,0,2,1,0,3,0,34,26,0,60,0,0,0,60
12/25/2010,ADS,TX,ASW,CE,Towers with Radar,0,14,14,0,28,0,3,14,0,17,0,17,28,0,45,0,0,0,45
12/26/2010,ADS,TX,ASW,CE,Towers with Radar,0,20,72,0,92,0,0,135,0,135,0,20,207,0,227,4,0,4,231
12/27/2010,ADS,TX,ASW,CE,Towers with Radar,1,29,75,0,105,0,16,189,1,206,1,45,264,1,311,41,0,41,352
12/28/2010,ADS,TX,ASW,CE,Towers with Radar,0,43,47,0,90,0,0,0,0,0,0,43,47,0,90,0,0,0,90
12/29/2010,ADS,TX,ASW,CE,Towers with Radar,0,31,62,0,93,0,2,35,0,37,0,33,97,0,130,6,0,6,136
12/30/2010,ADS,TX,ASW,CE,Towers with Radar,1,33,84,0,118,0,5,106,1,112,1,38,190,1,230,6,0,6,236
12/31/2010,ADS,TX,ASW,CE,Towers with Radar,2,21,43,0,66,0,12,85,0,97,2,33,128,0,163,0,0,0,163
01/01/2011,ADS,TX,ASW,CE,Towers with Radar,1,13,37,0,51,0,0,85,0,85,1,13,122,0,136,4,0,4,140
01/02/2011,ADS,TX,ASW,CE,Towers with Radar,0,23,79,0,102,0,0,148,2,150,0,23,227,2,252,22,0,22,274
01/03/2011,ADS,TX,ASW,CE,Towers with Radar,0,32,45,0,77,0,6,163,0,169,0,38,208,0,246,0,0,0,246
01/04/2011,ADS,TX,ASW,CE,Towers with Radar,0,28,82,0,110,0,9,132,0,141,0,37,214,0,251,16,0,16,267
01/05/2011,ADS,TX,ASW,CE,Towers with Radar,0,23,74,0,97,0,15,181,0,196,0,38,255,0,293,12,0,12,305
01/06/2011,ADS,TX,ASW,CE,Towers with Radar,0,22,93,0,115,0,12,198,2,212,0,34,291,2,327,20,0,20,347
01/07/2011,ADS,TX,ASW,CE,Towers with Radar,1,24,85,0,110,0,10,231,2,243,1,34,316,2,353,24,0,24,377
01/08/2011,ADS,TX,ASW,CE,Towers with Radar,1,7,61,0,69,0,2,311,2,315,1,9,372,2,384,30,0,30,414
01/09/2011,ADS,TX,ASW,CE,Towers with Radar,0,6,14,0,20,0,0,0,0,0,0,6,14,0,20,0,0,0,20
01/10/2011,ADS,TX,ASW,CE,Towers with Radar,0,28,43,0,71,0,2,2,0,4,0,30,45,0,75,0,0,0,75
01/11/2011,ADS,TX,ASW,CE,Towers with Radar,2,28,88,0,118,0,12,127,3,142,2,40,215,3,260,10,0,10,270
01/12/2011,ADS,TX,ASW,CE,Towers with Radar,0,23,61,0,84,0,10,127,1,138,0,33,188,1,222,12,0,12,234
01/13/2011,ADS,TX,ASW,CE,Towers with Radar,0,21,83,0,104,0,9,155,0,164,0,30,238,0,268,56,0,56,324
01/14/2011,ADS,TX,ASW,CE,Towers with Radar,0,29,86,0,115,0,3,116,0,119,0,32,202,0,234,18,0,18,252
01/15/2011,ADS,TX,ASW,CE,Towers with Radar,0,2,73,0,75,0,0,0,0,0,0,2,73,0,75,0,0,0,75
01/16/2011,ADS,TX,ASW,CE,Towers with Radar,0,11,47,0,58,0,0,0,0,0,0,11,47,0,58,0,0,0,58
01/17/2011,ADS,TX,ASW,CE,Towers with Radar,0,10,117,0,127,0,2,60,0,62,0,12,177,0,189,21,0,21,210
01/18/2011,ADS,TX,ASW,CE,Towers with Radar,0,22,110,0,132,0,11,108,0,119,0,33,218,0,251,0,0,0,251
01/19/2011,ADS,TX,ASW,CE,Towers with Radar,0,17,97,0,114,0,13,237,0,250,0,30,334,0,364,20,0,20,384
01/20/2011,ADS,TX,ASW,CE,Towers with Radar,2,20,81,0,103,0,9,35,0,44,2,29,116,0,147,0,0,0,147
01/21/2011,ADS,TX,ASW,CE,Towers with Radar,0,16,82,0,98,0,15,224,0,239,0,31,306,0,337,28,0,28,365
01/22/2011,ADS,TX,ASW,CE,Towers with Radar,0,11,64,0,75,0,2,279,2,283,0,13,343,2,358,18,0,18,376
01/23/2011,ADS,TX,ASW,CE,Towers with Radar,0,11,68,0,79,0,0,195,2,197,0,11,263,2,276,26,0,26,302
01/24/2011,ADS,TX,ASW,CE,Towers with Radar,0,36,81,0,117,0,25,139,5,169,0,61,220,5,286,10,0,10,296
01/25/2011,ADS,TX,ASW,CE,Towers with Radar,1,27,90,0,118,0,13,154,0,167,1,40,244,0,285,2,0,2,287
01/26/2011,ADS,TX,ASW,CE,Towers with Radar,0,17,92,0,109,0,11,161,2,174,0,28,253,2,283,2,0,2,285
01/27/2011,ADS,TX,ASW,CE,Towers with Radar,0,22,73,0,95,0,14,192,0,206,0,36,265,0,301,32,0,32,333
01/28/2011,ADS,TX,ASW,CE,Towers with Radar,0,27,86,1,114,0,10,209,1,220,0,37,295,2,334,18,0,18,352
01/29/2011,ADS,TX,ASW,CE,Towers with Radar,0,7,59,0,66,0,6,274,0,280,0,13,333,0,346,58,0,58,404
01/30/2011,ADS,TX,ASW,CE,Towers with Radar,0,16,65,1,82,0,0,54,3,57,0,16,119,4,139,6,0,6,145
01/31/2011,ADS,TX,ASW,CE,Towers with Radar,0,42,91,0,133,0,4,26,0,30,0,46,117,0,163,0,0,0,163
02/01/2011,ADS,TX,ASW,CE,Towers with Radar,0,24,18,0,42,0,2,0,0,2,0,26,18,0,44,0,0,0,44
02/02/2011,ADS,TX,ASW,CE,Towers with Radar,0,17,34,0,51,0,9,9,0,18,0,26,43,0,69,0,0,0,69
02/03/2011,ADS,TX,ASW,CE,Towers with Radar,0,36,65,0,101,0,11,10,0,21,0,47,75,0,122,0,0,0,122
02/04/2011,ADS,TX,ASW,CE,Towers with Radar,0,51,105,0,156,0,9,8,0,17,0,60,113,0,173,6,0,6,179
02/05/2011,ADS,TX,ASW,CE,Towers with Radar,0,19,84,0,103,0,0,83,0,83,0,19,167,0,186,10,0,10,196
02/06/2011,ADS,TX,ASW,CE,Towers with Radar,0,33,68,5,106,0,2,30,0,32,0,35,98,5,138,6,0,6,144
02/07/2011,ADS,TX,ASW,CE,Towers with Radar,1,67,194,0,262,0,15,119,0,134,1,82,313,0,396,18,0,18,414
02/08/2011,ADS,TX,ASW,CE,Towers with Radar,2,24,67,4,97,0,12,157,0,169,2,36,224,4,266,0,4,4,270
02/09/2011,ADS,TX,ASW,CE,Towers with Radar,0,27,26,0,53,0,8,8,0,16,0,35,34,0,69,0,0,0,69
02/10/2011,ADS,TX,ASW,CE,Towers with Radar,3,21,88,0,112,0,16,104,1,121,3,37,192,1,233,4,0,4,237
02/11/2011,ADS,TX,ASW,CE,Towers with Radar,0,19,69,0,88,0,13,200,1,214,0,32,269,1,302,32,0,32,334
02/12/2011,ADS,TX,ASW,CE,Towers with Radar,0,8,57,0,65,0,5,318,1,324,0,13,375,1,389,16,0,16,405
02/13/2011,ADS,TX,ASW,CE,Towers with Radar,0,17,66,0,83,0,1,271,0,272,0,18,337,0,355,4,0,4,359
02/14/2011,ADS,TX,ASW,CE,Towers with Radar,0,26,69,2,97,0,10,174,0,184,0,36,243,2,281,12,0,12,293
02/15/2011,ADS,TX,ASW,CE,Towers with Radar,0,22,97,1,120,0,9,123,1,133,0,31,220,2,253,0,0,0,253
02/16/2011,ADS,TX,ASW,CE,Towers with Radar,2,46,131,0,179,0,6,87,1,94,2,52,218,1,273,18,0,18,291
02/17/2011,ADS,TX,ASW,CE,Towers with Radar,0,35,127,0,162,0,11,97,0,108,0,46,224,0,270,2,0,2,272
02/18/2011,ADS,TX,ASW,CE,Towers with Radar,1,30,116,0,147,0,7,189,1,197,1,37,305,1,344,16,0,16,360
02/19/2011,ADS,TX,ASW,CE,Towers with Radar,1,10,64,1,76,0,1,144,0,145,1,11,208,1,221,40,0,40,261
02/20/2011,ADS,TX,ASW,CE,Towers with Radar,0,13,66,0,79,0,3,66,0,69,0,16,132,0,148,21,0,21,169
02/21/2011,ADS,TX,ASW,CE,Towers with Radar,0,25,80,0,105,0,4,139,2,145,0,29,219,2,250,25,0,25,275
02/22/2011,ADS,TX,ASW,CE,Towers with Radar,0,27,86,1,114,0,7,178,0,185,0,34,264,1,299,14,0,14,313
02/23/2011,ADS,TX,ASW,CE,Towers with Radar,2,38,121,0,161,0,2,13,0,15,2,40,134,0,176,14,0,14,190
02/24/2011,ADS,TX,ASW,CE,Towers with Radar,3,39,81,0,123,0,9,38,0,47,3,48,119,0,170,0,0,0,170
02/25/2011,ADS,TX,ASW,CE,Towers with Radar,1,22,107,0,130,0,8,233,1,242,1,30,340,1,372,24,0,24,396
02/26/2011,ADS,TX,ASW,CE,Towers with Radar,0,8,78,0,86,0,2,129,0,131,0,10,207,0,217,35,0,35,252
02/27/2011,ADS,TX,ASW,CE,Towers with Radar,1,12,71,2,86,0,0,39,0,39,1,12,110,2,125,18,0,18,143
02/28/2011,ADS,TX,ASW,CE,Towers with Radar,1,27,76,2,106,0,14,99,0,113,1,41,175,2,219,12,0,12,231
03/01/2011,ADS,TX,ASW,CE,Towers with Radar,1,26,93,0,120,0,16,254,2,272,1,42,347,2,392,52,0,52,444
03/02/2011,ADS,TX,ASW,CE,Towers with Radar,0,26,87,0,113,0,15,248,0,263,0,41,335,0,376,10,0,10,386
03/03/2011,ADS,TX,ASW,CE,Towers with Radar,0,37,118,0,155,0,25,221,1,247,0,62,339,1,402,4,0,4,406
03/04/2011,ADS,TX,ASW,CE,Towers with Radar,1,31,106,0,138,1,3,97,1,102,2,34,203,1,240,36,0,36,276
03/05/2011,ADS,TX,ASW,CE,Towers with Radar,0,10,43,4,57,0,2,123,1,126,0,12,166,5,183,24,0,24,207
03/06/2011,ADS,TX,ASW,CE,Towers with Radar,0,18,75,0,93,0,0,205,1,206,0,18,280,1,299,20,0,20,319
03/07/2011,ADS,TX,ASW,CE,Towers with Radar,0,22,103,0,125,0,8,88,0,96,0,30,191,0,221,50,0,50,271
03/08/2011,ADS,TX,ASW,CE,Towers with Radar,0,32,100,0,132,0,7,38,0,45,0,39,138,0,177,6,0,6,183
03/09/2011,ADS,TX,ASW,CE,Towers with Radar,0,38,89,0,127,0,13,169,0,182,0,51,258,0,309,20,0,20,329
03/10/2011,ADS,TX,ASW,CE,Towers with Radar,2,21,109,0,132,0,18,216,0,234,2,39,325,0,366,8,0,8,374
03/11/2011,ADS,TX,ASW,CE,Towers with Radar,0,27,90,0,117,0,12,182,3,197,0,39,272,3,314,12,0,12,326
03/12/2011,ADS,TX,ASW,CE,Towers with Radar,0,27,83,0,110,0,0,264,0,264,0,27,347,0,374,4,0,4,378
03/13/2011,ADS,TX,ASW,CE,Towers with Radar,0,12,83,0,95,0,1,85,4,90,0,13,168,4,185,28,0,28,213
03/14/2011,ADS,TX,ASW,CE,Towers with Radar,0,28,63,2,93,0,12,97,0,109,0,40,160,2,202,24,0,24,226
03/15/2011,ADS,TX,ASW,CE,Towers with Radar,0,28,68,0,96,0,11,210,0,221,0,39,278,0,317,42,0,42,359
03/16/2011,ADS,TX,ASW,CE,Towers with Radar,0,24,107,2,133,0,4,112,0,116,0,28,219,2,249,18,0,18,267
03/17/2011,ADS,TX,ASW,CE,Towers with Radar,0,34,76,0,110,0,12,90,1,103,0,46,166,1,213,16,0,16,229
03/18/2011,ADS,TX,ASW,CE,Towers with Radar,1,27,86,1,115,0,8,164,1,173,1,35,250,2,288,6,0,6,294
03/19/2011,ADS,TX,ASW,CE,Towers with Radar,3,9,92,0,104,0,4,186,0,190,3,13,278,0,294,26,0,26,320
03/20/2011,ADS,TX,ASW,CE,Towers with Radar,0,12,80,5,97,0,0,158,0,158,0,12,238,5,255,17,0,17,272
03/21/2011,ADS,TX,ASW,CE,Towers with Radar,3,25,70,2,100,0,10,69,2,81,3,35,139,4,181,18,0,18,199
03/22/2011,ADS,TX,ASW,CE,Towers with Radar,3,35,94,3,135,0,11,38,1,50,3,46,132,4,185,0,0,0,185
03/23/2011,ADS,TX,ASW,CE,Towers with Radar,1,21,72,0,94,0,14,214,2,230,1,35,286,2,324,8,0,8,332
03/24/2011,ADS,TX,ASW,CE,Towers with Radar,6,35,97,0,138,0,15,195,2,212,6,50,292,2,350,26,0,26,376
03/25/2011,ADS,TX,ASW,CE,Towers with Radar,0,31,102,1,134,0,12,176,2,190,0,43,278,3,324,28,0,28,352
03/26/2011,ADS,TX,ASW,CE,Towers with Radar,0,12,54,1,67,0,1,170,0,171,0,13,224,1,238,6,0,6,244
03/27/2011,ADS,TX,ASW,CE,Towers with Radar,0,18,86,0,104,0,0,6,0,6,0,18,92,0,110,40,0,40,150
03/28/2011,ADS,TX,ASW,CE,Towers with Radar,0,30,86,0,116,0,7,74,0,81,0,37,160,0,197,18,0,18,215
03/29/2011,ADS,TX,ASW,CE,Towers with Radar,0,34,96,0,130,0,0,0,0,0,0,34,96,0,130,0,0,0,130
03/30/2011,ADS,TX,ASW,CE,Towers with Radar,1,37,94,0,132,0,4,44,2,50,1,41,138,2,182,32,0,32,214
03/31/2011,ADS,TX,ASW,CE,Towers with Radar,0,20,106,0,126,0,12,241,3,256,0,32,347,3,382,10,0,10,392
04/01/2011,ADS,TX,ASW,CE,Towers with Radar,1,19,70,0,90,0,12,199,2,213,1,31,269,2,303,28,0,28,331
04/02/2011,ADS,TX,ASW,CE,Towers with Radar,0,3,54,0,57,0,0,210,3,213,0,3,264,3,270,13,0,13,283
04/03/2011,ADS,TX,ASW,CE,Towers with Radar,0,18,68,0,86,0,4,36,0,40,0,22,104,0,126,0,0,0,126
04/04/2011,ADS,TX,ASW,CE,Towers with Radar,0,25,56,0,81,0,13,34,0,47,0,38,90,0,128,6,0,6,134
04/05/2011,ADS,TX,ASW,CE,Towers with Radar,0,24,88,0,112,0,15,206,0,221,0,39,294,0,333,18,0,18,351
04/06/2011,ADS,TX,ASW,CE,Towers with Radar,0,20,79,0,99,0,16,123,0,139,0,36,202,0,238,28,0,28,266
04/07/2011,ADS,TX,ASW,CE,Towers with Radar,0,37,111,0,148,0,8,139,1,148,0,45,250,1,296,14,0,14,310
04/08/2011,ADS,TX,ASW,CE,Towers with Radar,0,34,128,0,162,0,7,119,1,127,0,41,247,1,289,0,0,0,289
04/09/2011,ADS,TX,ASW,CE,Towers with Radar,0,9,44,0,53,0,3,164,0,167,0,12,208,0,220,40,0,40,260
04/10/2011,ADS,TX,ASW,CE,Towers with Radar,0,18,56,0,74,1,0,93,1,95,1,18,149,1,169,12,0,12,181
04/11/2011,ADS,TX,ASW,CE,Towers with Radar,0,18,57,0,75,0,17,126,0,143,0,35,183,0,218,22,0,22,240
04/12/2011,ADS,TX,ASW,CE,Towers with Radar,0,12,83,0,95,0,18,234,2,254,0,30,317,2,349,14,0,14,363
04/13/2011,ADS,TX,ASW,CE,Towers with Radar,0,21,63,0,84,0,19,196,4,219,0,40,259,4,303,34,0,34,337
04/14/2011,ADS,TX,ASW,CE,Towers with Radar,0,20,87,0,107,0,6,78,2,86,0,26,165,2,193,24,0,24,217
04/15/2011,ADS,TX,ASW,CE,Towers with Radar,0,25,53,1,79,0,9,58,0,67,0,34,111,1,146,2,0,2,148
04/16/2011,ADS,TX,ASW,CE,Towers with Radar,2,12,47,1,62,0,2,255,0,257,2,14,302,1,319,22,0,22,341
04/17/2011,ADS,TX,ASW,CE,Towers with Radar,2,5,47,1,55,0,0,147,1,148,2,5,194,2,203,21,0,21,224
04/18/2011,ADS,TX,ASW,CE,Towers with Radar,0,14,82,1,97,0,11,106,0,117,0,25,188,1,214,10,0,10,224
04/19/2011,ADS,TX,ASW,CE,Towers with Radar,0,21,68,0,89,0,9,75,1,85,0,30,143,1,174,30,0,30,204
04/20/2011,ADS,TX,ASW,CE,Towers with Radar,0,26,111,0,137,0,3,44,2,49,0,29,155,2,186,16,0,16,202
04/21/2011,ADS,TX,ASW,CE,Towers with Radar,0,21,69,0,90,0,7,32,1,40,0,28,101,1,130,0,0,0,130
04/22/2011,ADS,TX,ASW,CE,Towers with Radar,0,22,79,0,101,0,10,99,1,110,0,32,178,1,211,8,0,8,219
04/23/2011,ADS,TX,ASW,CE,Towers with Radar,0,12,35,0,47,0,1,70,1,72,0,13,105,1,119,40,0,40,159
04/24/2011,ADS,TX,ASW,CE,Towers with Radar,0,15,47,2,64,0,1,31,3,35,0,16,78,5,99,24,0,24,123
04/25/2011,ADS,TX,ASW,CE,Towers with Radar,0,32,56,0,88,0,8,30,3,41,0,40,86,3,129,9,0,9,138
04/26/2011,ADS,TX,ASW,CE,Towers with Radar,0,24,100,1,125,0,9,52,0,61,0,33,152,1,186,14,0,14,200
04/27/2011,ADS,TX,ASW,CE,Towers with Radar,0,16,80,0,96,0,10,149,2,161,0,26,229,2,257,9,0,9,266
04/28/2011,ADS,TX,ASW,CE,Towers with Radar,1,23,72,0,96,0,14,296,2,312,1,37,368,2,408,28,0,28,436
04/29/2011,ADS,TX,ASW,CE,Towers with Radar,0,25,78,1,104,0,11,168,0,179,0,36,246,1,283,4,0,4,287
04/30/2011,ADS,TX,ASW,CE,Towers with Radar,0,4,64,0,68,0,4,118,0,122,0,8,182,0,190,80,0,80,270
05/01/2011,ADS,TX,ASW,CE,Towers with Radar,0,2,46,0,48,0,0,1,0,1,0,2,47,0,49,0,0,0,49
05/02/2011,ADS,TX,ASW,CE,Towers with Radar,0,32,31,0,63,0,1,4,0,5,0,33,35,0,68,0,0,0,68
05/03/2011,ADS,TX,ASW,CE,Towers with Radar,0,24,71,0,95,0,12,238,3,253,0,36,309,3,348,30,0,30,378
05/04/2011,ADS,TX,ASW,CE,Towers with Radar,0,28,59,0,87,0,15,213,0,228,0,43,272,0,315,52,0,52,367
05/05/2011,ADS,TX,ASW,CE,Towers with Radar,0,29,65,0,94,0,16,249,1,266,0,45,314,1,360,34,0,34,394
05/06/2011,ADS,TX,ASW,CE,Towers with Radar,0,18,73,3,94,0,16,196,0,212,0,34,269,3,306,10,0,10,316
05/07/2011,ADS,TX,ASW,CE,Towers with Radar,0,2,38,0,40,0,0,196,3,199,0,2,234,3,239,12,0,12,251
05/08/2011,ADS,TX,ASW,CE,Towers with Radar,1,12,48,0,61,0,1,114,0,115,1,13,162,0,176,20,0,20,196
05/09/2011,ADS,TX,ASW,CE,Towers with Radar,1,22,71,0,94,0,10,113,0,123,1,32,184,0,217,3,0,3,220
05/10/2011,ADS,TX,ASW,CE,Towers with Radar,0,18,93,0,111,0,3,102,3,108,0,21,195,3,219,42,0,42,261
05/11/2011,ADS,TX,ASW,CE,Towers with Radar,0,27,63,0,90,0,4,32,0,36,0,31,95,0,126,24,0,24,150
05/12/2011,ADS,TX,ASW,CE,Towers with Radar,0,25,99,0,124,0,7,64,5,76,0,32,163,5,200,12,0,12,212
05/13/2011,ADS,TX,ASW,CE,Towers with Radar,0,11,85,0,96,0,21,249,1,271,0,32,334,1,367,4,0,4,371
05/14/2011,ADS,TX,ASW,CE,Towers with Radar,0,0,2,0,2,0,0,7,0,7,0,0,9,0,9,0,0,0,9
05/15/2011,ADS,TX,ASW,CE,Towers with Radar,0,0,0,0,0,0,0,18,0,18,0,0,18,0,18,0,0,0,18
05/16/2011,ADS,TX,ASW,CE,Towers with Radar,0,20,53,0,73,0,15,260,3,278,0,35,313,3,351,25,0,25,376
05/17/2011,ADS,TX,ASW,CE,Towers with Radar,0,24,70,0,94,0,17,239,2,258,0,41,309,2,352,22,0,22,374
05/18/2011,ADS,TX,ASW,CE,Towers with Radar,0,26,97,2,125,0,3,106,3,112,0,29,203,5,237,18,0,18,255
05/19/2011,ADS,TX,ASW,CE,Towers with Radar,0,27,102,0,129,0,4,58,1,63,0,31,160,1,192,6,0,6,198
05/20/2011,ADS,TX,ASW,CE,Towers with Radar,1,24,43,0,68,0,2,38,0,40,1,26,81,0,108,0,0,0,108
05/21/2011,ADS,TX,ASW,CE,Towers with Radar,0,0,1,0,1,0,1,2,0,3,0,1,3,0,4,0,0,0,4
05/22/2011,ADS,TX,ASW,CE,Towers with Radar,0,0,0,0,0,0,0,4,0,4,0,0,4,0,4,0,0,0,4
05/23/2011,ADS,TX,ASW,CE,Towers with Radar,0,28,77,1,106,0,11,103,1,115,0,39,180,2,221,2,0,2,223
05/24/2011,ADS,TX,ASW,CE,Towers with Radar,1,24,76,1,102,0,4,58,1,63,1,28,134,2,165,8,0,8,173
05/25/2011,ADS,TX,ASW,CE,Towers with Radar,1,23,65,0,89,0,12,191,1,204,1,35,256,1,293,19,0,19,312
05/26/2011,ADS,TX,ASW,CE,Towers with Radar,0,19,79,0,98,0,16,265,0,281,0,35,344,0,379,46,0,46,425
05/27/2011,ADS,TX,ASW,CE,Towers with Radar,1,23,67,0,91,0,14,214,2,230,1,37,281,2,321,4,0,4,325
05/28/2011,ADS,TX,ASW,CE,Towers with Radar,0,0,0,0,0,0,0,5,0,5,0,0,5,0,5,0,0,0,5
05/29/2011,ADS,TX,ASW,CE,Towers with Radar,0,0,0,0,0,0,0,4,0,4,0,0,4,0,4,0,0,0,4
05/30/2011,ADS,TX,ASW,CE,Towers with Radar,0,9,41,0,50,0,0,90,0,90,0,9,131,0,140,2,0,2,142
05/31/2011,ADS,TX,ASW,CE,Towers with Radar,0,24,64,0,88,0,15,161,2,178,0,39,225,2,266,16,0,16,282
06/01/2011,ADS,TX,ASW,CE,Towers with Radar,0,28,57,0,85,0,17,175,4,196,0,45,232,4,281,38,0,38,319
06/02/2011,ADS,TX,ASW,CE,Towers with Radar,1,25,93,2,121,0,15,227,1,243,1,40,320,3,364,44,0,44,408
06/03/2011,ADS,TX,ASW,CE,Towers with Radar,0,21,54,0,75,0,15,211,0,226,0,36,265,0,301,40,0,40,341
06/04/2011,ADS,TX,ASW,CE,Towers with Radar,0,0,0,0,0,0,1,16,0,17,0,1,16,0,17,6,0,6,23
06/05/2011,ADS,TX,ASW,CE,Towers with Radar,0,0,0,0,0,0,2,26,0,28,0,2,26,0,28,0,0,0,28
06/06/2011,ADS,TX,ASW,CE,Towers with Radar,0,18,59,0,77,0,14,191,2,207,0,32,250,2,284,50,0,50,334
06/07/2011,ADS,TX,ASW,CE,Towers with Radar,0,24,62,0,86,0,13,188,2,203,0,37,250,2,289,42,0,42,331
06/08/2011,ADS,TX,ASW,CE,Towers with Radar,0,26,71,0,97,0,9,187,2,198,0,35,258,2,295,26,0,26,321
06/09/2011,ADS,TX,ASW,CE,Towers with Radar,0,28,77,2,107,0,14,170,3,187,0,42,247,5,294,43,0,43,337
06/10/2011,ADS,TX,ASW,CE,Towers with Radar,0,29,56,0,85,0,24,226,1,251,0,53,282,1,336,6,0,6,342
06/11/2011,ADS,TX,ASW,CE,Towers with Radar,0,2,1,2,5,0,0,16,0,16,0,2,17,2,21,0,0,0,21
06/12/2011,ADS,TX,ASW,CE,Towers with Radar,0,0,0,0,0,0,0,8,0,8,0,0,8,0,8,0,0,0,8
06/13/2011,ADS,TX,ASW,CE,Towers with Radar,0,18,63,2,83,0,12,213,2,227,0,30,276,4,310,17,0,17,327
06/14/2011,ADS,TX,ASW,CE,Towers with Radar,1,21,61,0,83,0,12,197,0,209,1,33,258,0,292,10,0,10,302
06/15/2011,ADS,TX,ASW,CE,Towers with Radar,0,22,68,0,90,0,11,187,3,201,0,33,255,3,291,22,0,22,313
06/16/2011,ADS,TX,ASW,CE,Towers with Radar,0,21,63,0,84,0,16,193,0,209,0,37,256,0,293,4,0,4,297
06/17/2011,ADS,TX,ASW,CE,Towers with Radar,2,15,64,0,81,0,13,189,0,202,2,28,253,0,283,8,0,8,291
06/18/2011,ADS,TX,ASW,CE,Towers with Radar,0,0,1,0,1,0,1,14,0,15,0,1,15,0,16,0,0,0,16
06/19/2011,ADS,TX,ASW,CE,Towers with Radar,0,1,0,0,1,0,0,8,0,8,0,1,8,0,9,2,0,2,11
06/20/2011,ADS,TX,ASW,CE,Towers with Radar,0,26,66,4,96,0,11,96,4,111,0,37,162,8,207,4,0,4,211
06/21/2011,ADS,TX,ASW,CE,Towers with Radar,2,27,56,0,85,0,8,111,0,119,2,35,167,0,204,48,0,48,252
06/22/2011,ADS,TX,ASW,CE,Towers with Radar,0,28,76,1,105,0,13,207,1,221,0,41,283,2,326,32,0,32,358
06/23/2011,ADS,TX,ASW,CE,Towers with Radar,0,27,87,0,114,0,12,191,1,204,0,39,278,1,318,26,0,26,344
06/24/2011,ADS,TX,ASW,CE,Towers with Radar,0,21,49,0,70,0,17,250,3,270,0,38,299,3,340,34,0,34,374
06/25/2011,ADS,TX,ASW,CE,Towers with Radar,0,0,0,0,0,0,0,10,2,12,0,0,10,2,12,14,0,14,26
06/26/2011,ADS,TX,ASW,CE,Towers with Radar,1,0,0,0,1,0,0,13,0,13,1,0,13,0,14,0,0,0,14
06/27/2011,ADS,TX,ASW,CE,Towers with Radar,0,16,53,0,69,0,13,186,1,200,0,29,239,1,269,6,0,6,275
06/28/2011,ADS,TX,ASW,CE,Towers with Radar,0,18,70,0,88,0,12,199,0,211,0,30,269,0,299,46,0,46,345
06/29/2011,ADS,TX,ASW,CE,Towers with Radar,0,22,71,1,94,0,11,170,0,181,0,33,241,1,275,2,0,2,277
06/30/2011,ADS,TX,ASW,CE,Towers with Radar,0,28,75,0,103,0,13,255,0,268,0,41,330,0,371,50,0,50,421
07/01/2011,ADS,TX,ASW,CE,Towers with Radar,0,20,67,0,87,0,11,210,0,221,0,31,277,0,308,48,0,48,356
07/02/2011,ADS,TX,ASW,CE,Towers with Radar,0,7,33,0,40,0,0,160,1,161,0,7,193,1,201,45,0,45,246
07/03/2011,ADS,TX,ASW,CE,Towers with Radar,0,1,15,0,16,0,0,106,2,108,0,1,121,2,124,46,0,46,170
07/04/2011,ADS,TX,ASW,CE,Towers with Radar,0,4,31,0,35,0,0,99,0,99,0,4,130,0,134,10,0,10,144
07/05/2011,ADS,TX,ASW,CE,Towers with Radar,0,22,64,0,86,0,9,156,0,165,0,31,220,0,251,30,0,30,281
07/06/2011,ADS,TX,ASW,CE,Towers with Radar,0,22,47,2,71,0,9,144,0,153,0,31,191,2,224,22,0,22,246
07/07/2011,ADS,TX,ASW,CE,Towers with Radar,0,24,70,0,94,0,13,182,5,200,0,37,252,5,294,22,0,22,316
07/08/2011,ADS,TX,ASW,CE,Towers with Radar,0,15,47,1,63,0,10,178,2,190,0,25,225,3,253,6,0,6,259
07/09/2011,ADS,TX,ASW,CE,Towers with Radar,0,14,39,0,53,0,0,169,1,170,0,14,208,1,223,66,0,66,289
07/10/2011,ADS,TX,ASW,CE,Towers with Radar,0,10,39,3,52,0,0,136,0,136,0,10,175,3,188,6,0,6,194
07/11/2011,ADS,TX,ASW,CE,Towers with Radar,0,24,58,0,82,0,6,146,1,153,0,30,204,1,235,36,0,36,271
07/12/2011,ADS,TX,ASW,CE,Towers with Radar,0,18,56,0,74,0,9,173,0,182,0,27,229,0,256,6,0,6,262
07/13/2011,ADS,TX,ASW,CE,Towers with Radar,0,25,73,0,98,0,9,184,4,197,0,34,257,4,295,2,0,2,297
07/14/2011,ADS,TX,ASW,CE,Towers with Radar,0,28,53,0,81,0,11,181,0,192,0,39,234,0,273,0,0,0,273
07/15/2011,ADS,TX,ASW,CE,Towers with Radar,0,30,74,0,104,0,12,203,0,215,0,42,277,0,319,20,0,20,339
07/16/2011,ADS,TX,ASW,CE,Towers with Radar,0,5,37,0,42,0,0,193,1,194,0,5,230,1,236,14,0,14,250
07/17/2011,ADS,TX,ASW,CE,Towers with Radar,0,12,41,0,53,0,0,98,0,98,0,12,139,0,151,4,0,4,155
07/18/2011,ADS,TX,ASW,CE,Towers with Radar,0,22,67,0,89,0,10,123,0,133,0,32,190,0,222,41,0,41,263
07/19/2011,ADS,TX,ASW,CE,Towers with Radar,1,21,88,0,110,0,11,163,2,176,1,32,251,2,286,37,0,37,323
07/20/2011,ADS,TX,ASW,CE,Towers with Radar,1,19,67,0,87,0,13,192,0,205,1,32,259,0,292,16,0,16,308
07/21/2011,ADS,TX,ASW,CE,Towers with Radar,0,31,99,0,130,0,12,182,0,194,0,43,281,0,324,6,0,6,330
07/22/2011,ADS,TX,ASW,CE,Towers with Radar,0,25,52,0,77,0,9,155,1,165,0,34,207,1,242,8,0,8,250
07/23/2011,ADS,TX,ASW,CE,Towers with Radar,0,4,37,0,41,0,2,159,1,162,0,6,196,1,203,0,0,0,203
07/24/2011,ADS,TX,ASW,CE,Towers with Radar,1,8,41,0,50,0,0,119,1,120,1,8,160,1,170,26,0,26,196
07/25/2011,ADS,TX,ASW,CE,Towers with Radar,0,20,65,0,85,0,16,125,2,143,0,36,190,2,228,12,0,12,240
07/26/2011,ADS,TX,ASW,CE,Towers with Radar,0,18,77,0,95,0,19,185,0,204,0,37,262,0,299,28,0,28,327
07/27/2011,ADS,TX,ASW,CE,Towers with Radar,0,14,71,4,89,0,17,159,0,176,0,31,230,4,265,22,0,22,287
07/28/2011,ADS,TX,ASW,CE,Towers with Radar,0,17,68,0,85,0,14,166,0,180,0,31,234,0,265,56,0,56,321
07/29/2011,ADS,TX,ASW,CE,Towers with Radar,0,17,74,0,91,0,12,199,0,211,0,29,273,0,302,0,0,0,302
07/30/2011,ADS,TX,ASW,CE,Towers with Radar,0,1,1,0,2,0,0,3,0,3,0,1,4,0,5,0,0,0,5
07/31/2011,ADS,TX,ASW,CE,Towers with Radar,0,0,0,0,0,0,0,7,2,9,0,0,7,2,9,0,0,0,9
08/01/2011,ADS,TX,ASW,CE,Towers with Radar,0,23,71,0,94,0,11,160,2,173,0,34,231,2,267,30,0,30,297
08/02/2011,ADS,TX,ASW,CE,Towers with Radar,0,24,68,2,94,0,12,196,0,208,0,36,264,2,302,24,0,24,326
08/03/2011,ADS,TX,ASW,CE,Towers with Radar,0,28,67,0,95,0,12,141,2,155,0,40,208,2,250,20,0,20,270
08/04/2011,ADS,TX,ASW,CE,Towers with Radar,0,27,76,0,103,0,17,167,0,184,0,44,243,0,287,10,0,10,297
08/05/2011,ADS,TX,ASW,CE,Towers with Radar,0,20,64,0,84,0,9,192,0,201,0,29,256,0,285,26,0,26,311
08/06/2011,ADS,TX,ASW,CE,Towers with Radar,0,0,1,0,1,0,0,2,0,2,0,0,3,0,3,0,0,0,3
08/07/2011,ADS,TX,ASW,CE,Towers with Radar,0,0,0,0,0,0,0,7,0,7,0,0,7,0,7,0,0,0,7
08/08/2011,ADS,TX,ASW,CE,Towers with Radar,0,21,67,2,90,0,15,135,0,150,0,36,202,2,240,4,0,4,244
08/09/2011,ADS,TX,ASW,CE,Towers with Radar,0,27,60,0,87,0,16,163,0,179,0,43,223,0,266,18,0,18,284
08/10/2011,ADS,TX,ASW,CE,Towers with Radar,0,34,82,0,116,0,14,175,2,191,0,48,257,2,307,25,0,25,332
08/11/2011,ADS,TX,ASW,CE,Towers with Radar,0,28,67,2,97,0,13,133,1,147,0,41,200,3,244,6,0,6,250
08/12/2011,ADS,TX,ASW,CE,Towers with Radar,0,29,70,0,99,0,12,164,0,176,0,41,234,0,275,20,0,20,295
08/13/2011,ADS,TX,ASW,CE,Towers with Radar,0,10,46,0,56,0,1,61,0,62,0,11,107,0,118,4,0,4,122
08/14/2011,ADS,TX,ASW,CE,Towers with Radar,0,10,59,0,69,0,0,151,0,151,0,10,210,0,220,19,0,19,239
08/15/2011,ADS,TX,ASW,CE,Towers with Radar,0,22,53,0,75,0,16,126,0,142,0,38,179,0,217,0,0,0,217
08/16/2011,ADS,TX,ASW,CE,Towers with Radar,0,22,58,0,80,0,12,171,0,183,0,34,229,0,263,8,0,8,271
08/17/2011,ADS,TX,ASW,CE,Towers with Radar,0,33,86,0,119,0,14,176,2,192,0,47,262,2,311,15,0,15,326
08/18/2011,ADS,TX,ASW,CE,Towers with Radar,0,28,80,4,112,0,16,127,0,143,0,44,207,4,255,18,0,18,273
08/19/2011,ADS,TX,ASW,CE,Towers with Radar,0,24,57,0,81,0,12,161,1,174,0,36,218,1,255,16,0,16,271
08/20/2011,ADS,TX,ASW,CE,Towers with Radar,1,5,46,0,52,0,0,147,0,147,1,5,193,0,199,14,0,14,213
08/21/2011,ADS,TX,ASW,CE,Towers with Radar,0,15,70,0,85,0,1,123,0,124,0,16,193,0,209,0,0,0,209
08/22/2011,ADS,TX,ASW,CE,Towers with Radar,0,18,48,0,66,0,13,118,5,136,0,31,166,5,202,25,0,25,227
08/23/2011,ADS,TX,ASW,CE,Towers with Radar,0,16,55,0,71,0,17,147,0,164,0,33,202,0,235,2,0,2,237
08/24/2011,ADS,TX,ASW,CE,Towers with Radar,0,22,81,0,103,0,11,146,0,157,0,33,227,0,260,68,0,68,328
08/25/2011,ADS,TX,ASW,CE,Towers with Radar,0,19,92,0,111,0,20,163,0,183,0,39,255,0,294,60,0,60,354
08/26/2011,ADS,TX,ASW,CE,Towers with Radar,0,23,73,0,96,0,15,145,0,160,0,38,218,0,256,4,0,4,260
08/27/2011,ADS,TX,ASW,CE,Towers with Radar,0,5,26,0,31,0,0,152,0,152,0,5,178,0,183,18,0,18,201
08/28/2011,ADS,TX,ASW,CE,Towers with Radar,0,11,56,0,67,0,0,143,0,143,0,11,199,0,210,17,0,17,227
08/29/2011,ADS,TX,ASW,CE,Towers with Radar,0,24,58,0,82,0,18,105,0,123,0,42,163,0,205,40,0,40,245
08/30/2011,ADS,TX,ASW,CE,Towers with Radar,0,20,65,0,85,0,14,110,0,124,0,34,175,0,209,10,0,10,219
08/31/2011,ADS,TX,ASW,CE,Towers with Radar,0,16,63,0,79,0,11,150,0,161,0,27,213,0,240,62,0,62,302
09/01/2011,ADS,TX,ASW,CE,Towers with Radar,0,23,61,0,84,0,15,167,1,183,0,38,228,1,267,28,0,28,295
09/02/2011,ADS,TX,ASW,CE,Towers with Radar,0,32,72,0,104,0,14,188,5,207,0,46,260,5,311,28,0,28,339
09/03/2011,ADS,TX,ASW,CE,Towers with Radar,0,7,41,0,48,0,0,182,1,183,0,7,223,1,231,14,0,14,245
09/04/2011,ADS,TX,ASW,CE,Towers with Radar,0,7,40,0,47,0,1,64,1,66,0,8,104,1,113,0,0,0,113
09/05/2011,ADS,TX,ASW,CE,Towers with Radar,0,20,62,0,82,0,1,128,2,131,0,21,190,2,213,18,0,18,231
09/06/2011,ADS,TX,ASW,CE,Towers with Radar,0,31,66,0,97,0,15,139,0,154,0,46,205,0,251,12,0,12,263
09/07/2011,ADS,TX,ASW,CE,Towers with Radar,2,28,68,0,98,0,17,161,0,178,2,45,229,0,276,0,0,0,276
09/08/2011,ADS,TX,ASW,CE,Towers with Radar,1,18,84,0,103,0,17,195,0,212,1,35,279,0,315,24,0,24,339
09/09/2011,ADS,TX,ASW,CE,Towers with Radar,2,17,75,0,94,0,13,173,0,186,2,30,248,0,280,14,0,14,294
09/10/2011,ADS,TX,ASW,CE,Towers with Radar,0,5,42,0,47,0,2,229,1,232,0,7,271,1,279,48,0,48,327
09/11/2011,ADS,TX,ASW,CE,Towers with Radar,0,7,64,0,71,0,2,155,1,158,0,9,219,1,229,1,0,1,230
09/12/2011,ADS,TX,ASW,CE,Towers with Radar,0,26,58,0,84,0,16,131,0,147,0,42,189,0,231,10,0,10,241
09/13/2011,ADS,TX,ASW,CE,Towers with Radar,0,33,73,0,106,0,15,113,0,128,0,48,186,0,234,4,0,4,238
09/14/2011,ADS,TX,ASW,CE,Towers with Radar,1,31,69,0,101,0,11,136,0,147,1,42,205,0,248,6,0,6,254
09/15/2011,ADS,TX,ASW,CE,Towers with Radar,0,25,79,2,106,0,19,140,0,159,0,44,219,2,265,40,0,40,305
09/16/2011,ADS,TX,ASW,CE,Towers with Radar,0,32,93,2,127,0,7,98,2,107,0,39,191,4,234,14,0,14,248
09/17/2011,ADS,TX,ASW,CE,Towers with Radar,0,7,55,0,62,0,2,71,0,73,0,9,126,0,135,68,0,68,203
09/18/2011,ADS,TX,ASW,CE,Towers with Radar,0,17,65,0,82,0,1,92,0,93,0,18,157,0,175,2,0,2,177
09/19/2011,ADS,TX,ASW,CE,Towers with Radar,0,24,55,0,79,0,15,132,0,147,0,39,187,0,226,9,0,9,235
09/20/2011,ADS,TX,ASW,CE,Towers with Radar,0,25,76,0,101,0,24,145,0,169,0,49,221,0,270,50,0,50,320
09/21/2011,ADS,TX,ASW,CE,Towers with Radar,0,22,76,0,98,0,18,202,0,220,0,40,278,0,318,14,0,14,332
09/22/2011,ADS,TX,ASW,CE,Towers with Radar,0,30,67,0,97,0,15,97,0,112,0,45,164,0,209,25,0,25,234
09/23/2011,ADS,TX,ASW,CE,Towers with Radar,0,24,83,1,108,0,13,185,2,200,0,37,268,3,308,14,0,14,322
09/24/2011,ADS,TX,ASW,CE,Towers with Radar,0,2,45,1,48,0,0,230,0,230,0,2,275,1,278,16,0,16,294
09/25/2011,ADS,TX,ASW,CE,Towers with Radar,0,18,68,0,86,0,0,156,0,156,0,18,224,0,242,2,0,2,244
09/26/2011,ADS,TX,ASW,CE,Towers with Radar,0,22,75,0,97,0,19,151,4,174,0,41,226,4,271,18,0,18,289
09/27/2011,ADS,TX,ASW,CE,Towers with Radar,0,22,78,0,100,0,23,175,2,200,0,45,253,2,300,22,0,22,322
09/28/2011,ADS,TX,ASW,CE,Towers with Radar,0,21,100,0,121,0,25,161,4,190,0,46,261,4,311,40,0,40,351
09/29/2011,ADS,TX,ASW,CE,Towers with Radar,0,18,101,0,119,0,19,162,4,185,0,37,263,4,304,14,0,14,318
09/30/2011,ADS,TX,ASW,CE,Towers with Radar,0,17,73,0,90,0,23,173,2,198,0,40,246,2,288,38,0,38,326
10/01/2011,ADS,TX,ASW,CE,Towers with Radar,0,6,38,0,44,0,3,220,6,229,0,9,258,6,273,2,0,2,275
10/02/2011,ADS,TX,ASW,CE,Towers with Radar,0,15,63,0,78,0,3,178,0,181,0,18,241,0,259,12,0,12,271
10/03/2011,ADS,TX,ASW,CE,Towers with Radar,0,23,82,0,105,0,18,152,0,170,0,41,234,0,275,4,0,4,279
10/04/2011,ADS,TX,ASW,CE,Towers with Radar,0,12,61,0,73,0,15,93,0,108,0,27,154,0,181,32,0,32,213
10/05/2011,ADS,TX,ASW,CE,Towers with Radar,0,14,80,0,94,0,17,184,3,204,0,31,264,3,298,12,0,12,310
10/06/2011,ADS,TX,ASW,CE,Towers with Radar,0,22,76,1,99,0,18,162,0,180,0,40,238,1,279,20,0,20,299
10/07/2011,ADS,TX,ASW,CE,Towers with Radar,0,26,99,0,125,0,12,120,0,132,0,38,219,0,257,2,0,2,259
10/08/2011,ADS,TX,ASW,CE,Towers with Radar,0,11,46,0,57,0,0,72,6,78,0,11,118,6,135,24,0,24,159
10/09/2011,ADS,TX,ASW,CE,Towers with Radar,0,13,92,0,105,0,0,12,0,12,0,13,104,0,117,10,0,10,127
10/10/2011,ADS,TX,ASW,CE,Towers with Radar,1,16,92,0,109,0,2,45,0,47,1,18,137,0,156,16,0,16,172
10/11/2011,ADS,TX,ASW,CE,Towers with Radar,0,32,79,0,111,0,13,200,0,213,0,45,279,0,324,32,0,32,356
10/12/2011,ADS,TX,ASW,CE,Towers with Radar,0,28,97,0,125,0,9,114,0,123,0,37,211,0,248,22,0,22,270
10/13/2011,ADS,TX,ASW,CE,Towers with Radar,0,24,49,0,73,0,17,173,0,190,0,41,222,0,263,12,0,12,275
10/14/2011,ADS,TX,ASW,CE,Towers with Radar,0,21,97,0,118,0,16,247,0,263,0,37,344,0,381,10,0,10,391
10/15/2011,ADS,TX,ASW,CE,Towers with Radar,1,6,51,5,63,0,1,276,4,281,1,7,327,9,344,78,0,78,422
10/16/2011,ADS,TX,ASW,CE,Towers with Radar,0,14,68,2,84,0,2,202,1,205,0,16,270,3,289,52,0,52,341
10/17/2011,ADS,TX,ASW,CE,Towers with Radar,0,26,58,1,85,0,16,136,2,154,0,42,194,3,239,6,0,6,245
10/18/2011,ADS,TX,ASW,CE,Towers with Radar,0,21,75,0,96,0,16,64,0,80,0,37,139,0,176,2,0,2,178
10/19/2011,ADS,TX,ASW,CE,Towers with Radar,0,21,78,0,99,0,16,176,0,192,0,37,254,0,291,4,0,4,295
10/20/2011,ADS,TX,ASW,CE,Towers with Radar,0,23,74,4,101,0,18,207,0,225,0,41,281,4,326,2,0,2,328
10/21/2011,ADS,TX,ASW,CE,Towers with Radar,0,22,80,0,102,0,16,192,3,211,0,38,272,3,313,36,0,36,349
10/22/2011,ADS,TX,ASW,CE,Towers with Radar,0,11,51,0,62,0,3,177,0,180,0,14,228,0,242,24,0,24,266
10/23/2011,ADS,TX,ASW,CE,Towers with Radar,0,19,101,0,120,0,0,55,0,55,0,19,156,0,175,22,0,22,197
10/24/2011,ADS,TX,ASW,CE,Towers with Radar,0,22,82,1,105,0,18,130,1,149,0,40,212,2,254,14,0,14,268
10/25/2011,ADS,TX,ASW,CE,Towers with Radar,0,18,85,0,103,0,18,171,3,192,0,36,256,3,295,20,0,20,315
10/26/2011,ADS,TX,ASW,CE,Towers with Radar,0,38,102,0,140,0,13,112,1,126,0,51,214,1,266,38,0,38,304
10/27/2011,ADS,TX,ASW,CE,Towers with Radar,0,35,100,0,135,0,0,21,0,21,0,35,121,0,156,10,0,10,166
10/28/2011,ADS,TX,ASW,CE,Towers with Radar,0,21,93,0,114,0,14,185,0,199,0,35,278,0,313,11,0,11,324
10/29/2011,ADS,TX,ASW,CE,Towers with Radar,0,9,46,0,55,0,3,200,0,203,0,12,246,0,258,24,0,24,282
10/30/2011,ADS,TX,ASW,CE,Towers with Radar,0,8,45,0,53,0,3,209,0,212,0,11,254,0,265,30,0,30,295
10/31/2011,ADS,TX,ASW,CE,Towers with Radar,0,17,50,2,69,0,18,179,0,197,0,35,229,2,266,14,0,14,280
11/01/2011,ADS,TX,ASW,CE,Towers with Radar,0,23,79,2,104,0,19,145,0,164,0,42,224,2,268,36,2,38,306
11/02/2011,ADS,TX,ASW,CE,Towers with Radar,0,27,98,0,125,0,11,42,0,53,0,38,140,0,178,18,0,18,196
11/03/2011,ADS,TX,ASW,CE,Towers with Radar,2,28,63,0,93,0,17,149,4,170,2,45,212,4,263,22,0,22,285
11/04/2011,ADS,TX,ASW,CE,Towers with Radar,0,22,75,2,99,0,15,244,2,261,0,37,319,4,360,38,0,38,398
11/05/2011,ADS,TX,ASW,CE,Towers with Radar,0,9,52,2,63,0,1,188,5,194,0,10,240,7,257,6,0,6,263
11/06/2011,ADS,TX,ASW,CE,Towers with Radar,0,13,73,0,86,0,0,66,2,68,0,13,139,2,154,20,0,20,174
11/07/2011,ADS,TX,ASW,CE,Towers with Radar,0,33,89,0,122,0,3,22,0,25,0,36,111,0,147,6,0,6,153
11/08/2011,ADS,TX,ASW,CE,Towers with Radar,0,30,79,0,109,0,11,40,0,51,0,41,119,0,160,42,0,42,202
11/09/2011,ADS,TX,ASW,CE,Towers with Radar,0,19,77,0,96,0,18,181,0,199,0,37,258,0,295,20,0,20,315
11/10/2011,ADS,TX,ASW,CE,Towers with Radar,4,31,95,3,133,0,20,229,1,250,4,51,324,4,383,14,0,14,397
11/11/2011,ADS,TX,ASW,CE,Towers with Radar,3,15,49,0,67,0,10,168,3,181,3,25,217,3,248,12,0,12,260
11/12/2011,ADS,TX,ASW,CE,Towers with Radar,0,11,28,0,39,0,5,95,0,100,0,16,123,0,139,8,0,8,147
11/13/2011,ADS,TX,ASW,CE,Towers with Radar,1,25,49,2,77,0,0,110,0,110,1,25,159,2,187,10,0,10,197
11/14/2011,ADS,TX,ASW,CE,Towers with Radar,0,35,75,2,112,0,11,89,0,100,0,46,164,2,212,24,0,24,236
11/15/2011,ADS,TX,ASW,CE,Towers with Radar,1,40,79,0,120,0,9,56,0,65,1,49,135,0,185,8,0,8,193
11/16/2011,ADS,TX,ASW,CE,Towers with Radar,0,36,120,0,156,0,9,127,0,136,0,45,247,0,292,57,0,57,349
11/17/2011,ADS,TX,ASW,CE,Towers with Radar,1,21,72,0,94,0,15,249,0,264,1,36,321,0,358,44,0,44,402
11/18/2011,ADS,TX,ASW,CE,Towers with Radar,1,28,76,0,105,0,9,154,2,165,1,37,230,2,270,20,0,20,290
11/19/2011,ADS,TX,ASW,CE,Towers with Radar,0,7,75,0,82,0,2,57,1,60,0,9,132,1,142,2,0,2,144
11/20/2011,ADS,TX,ASW,CE,Towers with Radar,0,9,90,0,99,0,0,28,0,28,0,9,118,0,127,72,0,72,199
11/21/2011,ADS,TX,ASW,CE,Towers with Radar,2,35,76,0,113,0,0,0,0,0,2,35,76,0,113,0,0,0,113
11/22/2011,ADS,TX,ASW,CE,Towers with Radar,2,39,91,0,132,0,3,69,1,73,2,42,160,1,205,26,0,26,231
11/23/2011,ADS,TX,ASW,CE,Towers with Radar,0,27,78,0,105,0,15,268,0,283,0,42,346,0,388,44,0,44,432
11/24/2011,ADS,TX,ASW,CE,Towers with Radar,0,5,39,0,44,0,0,2,0,2,0,5,41,0,46,0,0,0,46
11/25/2011,ADS,TX,ASW,CE,Towers with Radar,0,24,63,0,87,0,8,47,1,56,0,32,110,1,143,26,0,26,169
11/26/2011,ADS,TX,ASW,CE,Towers with Radar,0,19,42,0,61,0,1,8,0,9,0,20,50,0,70,0,0,0,70
11/27/2011,ADS,TX,ASW,CE,Towers with Radar,0,14,99,0,113,0,1,143,0,144,0,15,242,0,257,16,0,16,273
11/28/2011,ADS,TX,ASW,CE,Towers with Radar,0,18,54,2,74,0,18,170,1,189,0,36,224,3,263,28,0,28,291
11/29/2011,ADS,TX,ASW,CE,Towers with Radar,1,30,88,0,119,0,17,192,0,209,1,47,280,0,328,18,0,18,346
11/30/2011,ADS,TX,ASW,CE,Towers with Radar,0,23,86,0,109,0,15,221,0,236,0,38,307,0,345,23,0,23,368
12/01/2011,ADS,TX,ASW,CE,Towers with Radar,1,32,89,2,124,0,7,150,0,157,1,39,239,2,281,20,0,20,301
12/02/2011,ADS,TX,ASW,CE,Towers with Radar,1,32,80,0,113,0,2,1,0,3,1,34,81,0,116,0,0,0,116
12/03/2011,ADS,TX,ASW,CE,Towers with Radar,0,6,53,2,61,0,0,5,2,7,0,6,58,4,68,2,0,2,70
12/04/2011,ADS,TX,ASW,CE,Towers with Radar,1,13,42,0,56,0,0,1,0,1,1,13,43,0,57,0,0,0,57
12/05/2011,ADS,TX,ASW,CE,Towers with Radar,0,32,51,4,87,0,4,10,0,14,0,36,61,4,101,20,0,20,121
12/06/2011,ADS,TX,ASW,CE,Towers with Radar,0,40,87,4,131,0,7,67,0,74,0,47,154,4,205,8,0,8,213
12/07/2011,ADS,TX,ASW,CE,Towers with Radar,0,39,74,0,113,0,13,175,0,188,0,52,249,0,301,18,0,18,319
12/08/2011,ADS,TX,ASW,CE,Towers with Radar,1,30,101,2,134,0,13,179,0,192,1,43,280,2,326,4,0,4,330
12/09/2011,ADS,TX,ASW,CE,Towers with Radar,0,36,91,0,127,0,2,21,0,23,0,38,112,0,150,22,0,22,172
12/10/2011,ADS,TX,ASW,CE,Towers with Radar,0,8,47,0,55,0,0,241,0,241,0,8,288,0,296,32,0,32,328
12/11/2011,ADS,TX,ASW,CE,Towers with Radar,2,9,60,0,71,0,0,173,1,174,2,9,233,1,245,14,0,14,259
12/12/2011,ADS,TX,ASW,CE,Towers with Radar,0,36,78,0,114,0,4,105,0,109,0,40,183,0,223,14,0,14,237
12/13/2011,ADS,TX,ASW,CE,Towers with Radar,0,38,118,3,159,0,0,1,0,1,0,38,119,3,160,2,0,2,162
12/14/2011,ADS,TX,ASW,CE,Towers with Radar,2,40,90,0,132,0,0,0,0,0,2,40,90,0,132,0,0,0,132
12/15/2011,ADS,TX,ASW,CE,Towers with Radar,0,44,71,0,115,0,18,40,0,58,0,62,111,0,173,40,0,40,213
12/16/2011,ADS,TX,ASW,CE,Towers with Radar,1,34,84,0,119,0,11,218,1,230,1,45,302,1,349,56,0,56,405
12/17/2011,ADS,TX,ASW,CE,Towers with Radar,0,10,67,0,77,0,2,244,1,247,0,12,311,1,324,40,0,40,364
12/18/2011,ADS,TX,ASW,CE,Towers with Radar,0,18,67,0,85,0,4,112,1,117,0,22,179,1,202,2,0,2,204
12/19/2011,ADS,TX,ASW,CE,Towers with Radar,1,41,63,0,105,0,1,23,0,24,1,42,86,0,129,0,0,0,129
12/20/2011,ADS,TX,ASW,CE,Towers with Radar,2,36,66,0,104,0,6,109,1,116,2,42,175,1,220,12,0,12,232
12/21/2011,ADS,TX,ASW,CE,Towers with Radar,2,34,94,0,130,0,16,238,1,255,2,50,332,1,385,6,0,6,391
12/22/2011,ADS,TX,ASW,CE,Towers with Radar,0,41,67,0,108,0,9,187,0,196,0,50,254,0,304,54,0,54,358
12/23/2011,ADS,TX,ASW,CE,Towers with Radar,0,49,87,0,136,0,3,55,2,60,0,52,142,2,196,6,0,6,202
12/24/2011,ADS,TX,ASW,CE,Towers with Radar,0,8,24,0,32,0,1,12,0,13,0,9,36,0,45,0,0,0,45
12/25/2011,ADS,TX,ASW,CE,Towers with Radar,0,12,23,0,35,0,0,5,0,5,0,12,28,0,40,0,0,0,40
12/26/2011,ADS,TX,ASW,CE,Towers with Radar,0,26,93,0,119,0,0,27,0,27,0,26,120,0,146,12,0,12,158
12/27/2011,ADS,TX,ASW,CE,Towers with Radar,0,39,59,0,98,0,17,197,0,214,0,56,256,0,312,12,0,12,324
12/28/2011,ADS,TX,ASW,CE,Towers with Radar,0,27,51,0,78,0,13,185,0,198,0,40,236,0,276,4,0,4,280
12/29/2011,ADS,TX,ASW,CE,Towers with Radar,1,20,54,0,75,0,17,209,0,226,1,37,263,0,301,8,0,8,309
12/30/2011,ADS,TX,ASW,CE,Towers with Radar,0,21,65,0,86,0,15,222,0,237,0,36,287,0,323,8,0,8,331
12/31/2011,ADS,TX,ASW,CE,Towers with Radar,0,9,43,0,52,0,1,175,1,177,0,10,218,1,229,12,0,12,241
01/01/2012,ADS,TX,ASW,CE,Towers with Radar,0,13,37,0,50,0,0,69,0,69,0,13,106,0,119,0,0,0,119
01/02/2012,ADS,TX,ASW,CE,Towers with Radar,0,22,71,0,93,0,3,121,0,124,0,25,192,0,217,8,0,8,225
01/03/2012,ADS,TX,ASW,CE,Towers with Radar,0,23,39,0,62,0,13,116,2,131,0,36,155,2,193,18,0,18,211
01/04/2012,ADS,TX,ASW,CE,Towers with Radar,2,29,52,0,83,0,12,141,0,153,2,41,193,0,236,34,0,34,270
01/05/2012,ADS,TX,ASW,CE,Towers with Radar,0,18,84,0,102,0,14,215,0,229,0,32,299,0,331,14,0,14,345
01/06/2012,ADS,TX,ASW,CE,Towers with Radar,0,28,69,0,97,0,10,170,0,180,0,38,239,0,277,2,0,2,279
01/07/2012,ADS,TX,ASW,CE,Towers with Radar,0,14,98,0,112,0,1,102,0,103,0,15,200,0,215,70,0,70,285
01/08/2012,ADS,TX,ASW,CE,Towers with Radar,0,17,79,2,98,0,0,6,0,6,0,17,85,2,104,0,0,0,104
01/09/2012,ADS,TX,ASW,CE,Towers with Radar,0,46,48,0,94,0,0,7,0,7,0,46,55,0,101,0,0,0,101
01/10/2012,ADS,TX,ASW,CE,Towers with Radar,0,34,88,0,122,0,1,5,0,6,0,35,93,0,128,4,0,4,132
01/11/2012,ADS,TX,ASW,CE,Towers with Radar,0,22,78,0,100,0,17,207,1,225,0,39,285,1,325,4,0,4,329
01/12/2012,ADS,TX,ASW,CE,Towers with Radar,0,21,79,0,100,0,15,104,0,119,0,36,183,0,219,26,0,26,245
01/13/2012,ADS,TX,ASW,CE,Towers with Radar,0,22,76,2,100,0,13,182,2,197,0,35,258,4,297,22,0,22,319
01/14/2012,ADS,TX,ASW,CE,Towers with Radar,0,10,66,0,76,0,0,228,0,228,0,10,294,0,304,16,0,16,320
01/15/2012,ADS,TX,ASW,CE,Towers with Radar,0,13,56,0,69,0,0,134,1,135,0,13,190,1,204,0,0,0,204
01/16/2012,ADS,TX,ASW,CE,Towers with Radar,0,18,89,0,107,0,1,35,0,36,0,19,124,0,143,14,0,14,157
01/17/2012,ADS,TX,ASW,CE,Towers with Radar,0,23,78,0,101,0,14,114,0,128,0,37,192,0,229,2,0,2,231
01/18/2012,ADS,TX,ASW,CE,Towers with Radar,0,25,71,0,96,0,12,192,0,204,0,37,263,0,300,22,0,22,322
01/19/2012,ADS,TX,ASW,CE,Towers with Radar,0,26,92,0,118,0,14,200,2,216,0,40,292,2,334,14,0,14,348
01/20/2012,ADS,TX,ASW,CE,Towers with Radar,0,41,71,1,113,0,14,167,2,183,0,55,238,3,296,23,0,23,319
01/21/2012,ADS,TX,ASW,CE,Towers with Radar,0,3,55,0,58,0,2,202,0,204,0,5,257,0,262,30,0,30,292
01/22/2012,ADS,TX,ASW,CE,Towers with Radar,0,15,55,1,71,0,1,15,0,16,0,16,70,1,87,0,0,0,87
01/23/2012,ADS,TX,ASW,CE,Towers with Radar,0,20,62,0,82,0,15,204,1,220,0,35,266,1,302,10,0,10,312
01/24/2012,ADS,TX,ASW,CE,Towers with Radar,0,38,70,0,108,0,3,81,0,84,0,41,151,0,192,8,0,8,200
01/25/2012,ADS,TX,ASW,CE,Towers with Radar,0,41,54,0,95,0,0,0,2,2,0,41,54,2,97,0,0,0,97
01/26/2012,ADS,TX,ASW,CE,Towers with Radar,0,35,96,0,131,0,7,93,0,100,0,42,189,0,231,8,0,8,239
01/27/2012,ADS,TX,ASW,CE,Towers with Radar,1,26,64,0,91,0,11,184,0,195,1,37,248,0,286,2,0,2,288
01/28/2012,ADS,TX,ASW,CE,Towers with Radar,0,7,29,0,36,0,0,228,0,228,0,7,257,0,264,14,0,14,278
01/29/2012,ADS,TX,ASW,CE,Towers with Radar,0,14,53,2,69,0,0,196,0,196,0,14,249,2,265,24,0,24,289
01/30/2012,ADS,TX,ASW,CE,Towers with Radar,1,26,82,0,109,0,10,133,0,143,1,36,215,0,252,16,0,16,268
01/31/2012,ADS,TX,ASW,CE,Towers with Radar,1,32,101,0,134,0,9,106,0,115,1,41,207,0,249,12,0,12,261
02/01/2012,ADS,TX,ASW,CE,Towers with Radar,0,30,97,2,129,0,11,106,1,118,0,41,203,3,247,2,2,4,251
02/02/2012,ADS,TX,ASW,CE,Towers with Radar,0,39,119,1,159,0,2,131,0,133,0,41,250,1,292,66,0,66,358
02/03/2012,ADS,TX,ASW,CE,Towers with Radar,1,30,77,0,108,0,5,10,0,15,1,35,87,0,123,0,0,0,123
02/04/2012,ADS,TX,ASW,CE,Towers with Radar,0,1,63,0,64,0,1,180,1,182,0,2,243,1,246,10,0,10,256
02/05/2012,ADS,TX,ASW,CE,Towers with Radar,0,11,57,0,68,0,0,53,0,53,0,11,110,0,121,28,0,28,149
02/06/2012,ADS,TX,ASW,CE,Towers with Radar,0,26,64,0,90,0,11,191,1,203,0,37,255,1,293,18,0,18,311
02/07/2012,ADS,TX,ASW,CE,Towers with Radar,0,33,76,2,111,0,7,173,1,181,0,40,249,3,292,4,2,6,298
02/08/2012,ADS,TX,ASW,CE,Towers with Radar,0,36,121,0,157,0,2,52,0,54,0,38,173,0,211,44,0,44,255
02/09/2012,ADS,TX,ASW,CE,Towers with Radar,0,34,83,0,117,0,9,190,1,200,0,43,273,1,317,17,0,17,334
02/10/2012,ADS,TX,ASW,CE,Towers with Radar,0,28,65,0,93,0,7,142,1,150,0,35,207,1,243,14,0,14,257
02/11/2012,ADS,TX,ASW,CE,Towers with Radar,0,8,45,1,54,0,2,228,0,230,0,10,273,1,284,92,0,92,376
02/12/2012,ADS,TX,ASW,CE,Towers with Radar,0,12,62,0,74,0,0,140,0,140,0,12,202,0,214,14,0,14,228
02/13/2012,ADS,TX,ASW,CE,Towers with Radar,0,38,45,0,83,0,0,4,0,4,0,38,49,0,87,0,0,0,87
02/14/2012,ADS,TX,ASW,CE,Towers with Radar,0,36,84,2,122,0,6,119,10,135,0,42,203,12,257,76,0,76,333
02/15/2012,ADS,TX,ASW,CE,Towers with Radar,0,30,79,0,109,0,6,93,0,99,0,36,172,0,208,14,0,14,222
02/16/2012,ADS,TX,ASW,CE,Towers with Radar,0,43,93,0,136,0,9,134,0,143,0,52,227,0,279,83,0,83,362
02/17/2012,ADS,TX,ASW,CE,Towers with Radar,2,37,110,0,149,0,5,121,0,126,2,42,231,0,275,18,0,18,293
02/18/2012,ADS,TX,ASW,CE,Towers with Radar,0,14,54,0,68,0,0,1,0,1,0,14,55,0,69,0,0,0,69
02/19/2012,ADS,TX,ASW,CE,Towers with Radar,0,16,118,1,135,0,3,165,0,168,0,19,283,1,303,43,0,43,346
02/20/2012,ADS,TX,ASW,CE,Towers with Radar,0,26,95,0,121,0,1,51,2,54,0,27,146,2,175,6,0,6,181
02/21/2012,ADS,TX,ASW,CE,Towers with Radar,0,37,89,0,126,0,11,215,0,226,0,48,304,0,352,6,0,6,358
02/22/2012,ADS,TX,ASW,CE,Towers with Radar,0,25,92,0,117,0,8,165,0,173,0,33,257,0,290,14,0,14,304
02/23/2012,ADS,TX,ASW,CE,Towers with Radar,0,26,84,0,110,0,15,121,0,136,0,41,205,0,246,12,0,12,258
02/24/2012,ADS,TX,ASW,CE,Towers with Radar,0,35,84,0,119,0,12,205,0,217,0,47,289,0,336,27,0,27,363
02/25/2012,ADS,TX,ASW,CE,Towers with Radar,0,12,52,0,64,0,2,258,0,260,0,14,310,0,324,38,0,38,362
02/26/2012,ADS,TX,ASW,CE,Towers with Radar,0,20,50,0,70,0,0,172,1,173,0,20,222,1,243,25,0,25,268
02/27/2012,ADS,TX,ASW,CE,Towers with Radar,0,30,67,0,97,0,8,113,0,121,0,38,180,0,218,4,0,4,222
02/28/2012,ADS,TX,ASW,CE,Towers with Radar,0,32,86,0,118,0,2,22,0,24,0,34,108,0,142,6,0,6,148
02/29/2012,ADS,TX,ASW,CE,Towers with Radar,0,42,83,0,125,0,11,225,0,236,0,53,308,0,361,12,0,12,373
03/01/2012,ADS,TX,ASW,CE,Towers with Radar,0,29,78,0,107,0,9,156,0,165,0,38,234,0,272,8,0,8,280
03/02/2012,ADS,TX,ASW,CE,Towers with Radar,0,24,80,0,104,0,11,168,0,179,0,35,248,0,283,20,0,20,303
03/03/2012,ADS,TX,ASW,CE,Towers with Radar,1,10,53,0,64,0,2,247,0,249,1,12,300,0,313,6,0,6,319
03/04/2012,ADS,TX,ASW,CE,Towers with Radar,0,21,64,0,85,0,0,175,2,177,0,21,239,2,262,18,0,18,280
03/05/2012,ADS,TX,ASW,CE,Towers with Radar,1,34,55,0,90,0,17,151,2,170,1,51,206,2,260,26,0,26,286
03/06/2012,ADS,TX,ASW,CE,Towers with Radar,0,22,83,0,105,0,6,85,0,91,0,28,168,0,196,10,0,10,206
03/07/2012,ADS,TX,ASW,CE,Towers with Radar,0,34,100,0,134,0,1,42,0,43,0,35,142,0,177,18,0,18,195
03/08/2012,ADS,TX,ASW,CE,Towers with Radar,0,39,72,0,111,0,0,1,0,1,0,39,73,0,112,0,0,0,112
03/09/2012,ADS,TX,ASW,CE,Towers with Radar,0,37,81,2,120,0,2,73,2,77,0,39,154,4,197,18,0,18,215
03/10/2012,ADS,TX,ASW,CE,Towers with Radar,1,10,80,0,91,0,0,22,0,22,1,10,102,0,113,8,0,8,121
03/11/2012,ADS,TX,ASW,CE,Towers with Radar,0,19,59,2,80,0,2,61,0,63,0,21,120,2,143,0,0,0,143
03/12/2012,ADS,TX,ASW,CE,Towers with Radar,0,29,71,2,102,0,13,255,1,269,0,42,326,3,371,10,0,10,381
03/13/2012,ADS,TX,ASW,CE,Towers with Radar,0,37,99,0,136,0,3,108,0,111,0,40,207,0,247,12,0,12,259
03/14/2012,ADS,TX,ASW,CE,Towers with Radar,0,33,103,0,136,0,10,105,0,115,0,43,208,0,251,42,0,42,293
03/15/2012,ADS,TX,ASW,CE,Towers with Radar,0,25,94,0,119,0,7,141,2,150,0,32,235,2,269,40,0,40,309
03/16/2012,ADS,TX,ASW,CE,Towers with Radar,0,26,113,0,139,0,6,106,0,112,0,32,219,0,251,23,0,23,274
03/17/2012,ADS,TX,ASW,CE,Towers with Radar,0,11,68,0,79,0,2,135,0,137,0,13,203,0,216,12,0,12,228
03/18/2012,ADS,TX,ASW,CE,Towers with Radar,0,23,90,0,113,0,4,72,0,76,0,27,162,0,189,6,0,6,195
03/19/2012,ADS,TX,ASW,CE,Towers with Radar,0,29,31,0,60,0,1,8,0,9,0,30,39,0,69,0,0,0,69
03/20/2012,ADS,TX,ASW,CE,Towers with Radar,0,36,71,0,107,0,10,62,0,72,0,46,133,0,179,16,0,16,195
03/21/2012,ADS,TX,ASW,CE,Towers with Radar,0,21,82,0,103,0,17,151,0,168,0,38,233,0,271,12,0,12,283
03/22/2012,ADS,TX,ASW,CE,Towers with Radar,0,34,89,0,123,0,8,122,2,132,0,42,211,2,255,2,0,2,257
03/23/2012,ADS,TX,ASW,CE,Towers with Radar,0,16,70,0,86,0,14,288,1,303,0,30,358,1,389,32,0,32,421
03/24/2012,ADS,TX,ASW,CE,Towers with Radar,0,15,47,0,62,0,4,319,1,324,0,19,366,1,386,10,0,10,396
03/25/2012,ADS,TX,ASW,CE,Towers with Radar,0,17,55,0,72,0,1,228,1,230,0,18,283,1,302,46,0,46,348
03/26/2012,ADS,TX,ASW,CE,Towers with Radar,0,23,63,0,86,0,18,203,0,221,0,41,266,0,307,30,0,30,337
03/27/2012,ADS,TX,ASW,CE,Towers with Radar,0,30,83,2,115,0,16,183,1,200,0,46,266,3,315,12,0,12,327
03/28/2012,ADS,TX,ASW,CE,Towers with Radar,0,46,96,0,142,0,6,149,2,157,0,52,245,2,299,71,0,71,370
03/29/2012,ADS,TX,ASW,CE,Towers with Radar,1,37,110,0,148,0,7,114,2,123,1,44,224,2,271,26,0,26,297
03/30/2012,ADS,TX,ASW,CE,Towers with Radar,0,28,114,0,142,0,11,100,0,111,0,39,214,0,253,10,0,10,263
03/31/2012,ADS,TX,ASW,CE,Towers with Radar,0,19,75,0,94,0,2,125,0,127,0,21,200,0,221,11,0,11,232
04/01/2012,ADS,TX,ASW,CE,Towers with Radar,0,11,79,0,90,0,0,147,0,147,0,11,226,0,237,16,0,16,253
04/02/2012,ADS,TX,ASW,CE,Towers with Radar,0,28,83,2,113,0,11,72,0,83,0,39,155,2,196,8,0,8,204
04/03/2012,ADS,TX,ASW,CE,Towers with Radar,2,24,63,0,89,0,4,3,0,7,2,28,66,0,96,0,0,0,96
04/04/2012,ADS,TX,ASW,CE,Towers with Radar,0,31,123,0,154,0,6,151,1,158,0,37,274,1,312,18,0,18,330
04/05/2012,ADS,TX,ASW,CE,Towers with Radar,0,37,116,0,153,0,10,235,0,245,0,47,351,0,398,28,0,28,426
04/06/2012,ADS,TX,ASW,CE,Towers with Radar,0,24,81,0,105,0,12,241,2,255,0,36,322,2,360,12,0,12,372
04/07/2012,ADS,TX,ASW,CE,Towers with Radar,0,6,32,0,38,0,2,224,1,227,0,8,256,1,265,26,0,26,291
04/08/2012,ADS,TX,ASW,CE,Towers with Radar,0,13,54,0,67,0,0,40,0,40,0,13,94,0,107,30,0,30,137
04/09/2012,ADS,TX,ASW,CE,Towers with Radar,2,39,102,0,143,0,7,36,0,43,2,46,138,0,186,16,0,16,202
04/10/2012,ADS,TX,ASW,CE,Towers with Radar,0,33,95,1,129,0,10,142,0,152,0,43,237,1,281,8,0,8,289
04/11/2012,ADS,TX,ASW,CE,Towers with Radar,0,17,102,5,124,0,13,166,2,181,0,30,268,7,305,10,0,10,315
04/12/2012,ADS,TX,ASW,CE,Towers with Radar,0,42,128,3,173,0,12,103,3,118,0,54,231,6,291,34,0,34,325
04/13/2012,ADS,TX,ASW,CE,Towers with Radar,0,35,119,4,158,0,5,77,1,83,0,40,196,5,241,10,0,10,251
04/14/2012,ADS,TX,ASW,CE,Towers with Radar,0,8,63,0,71,0,1,34,2,37,0,9,97,2,108,0,0,0,108
04/15/2012,ADS,TX,ASW,CE,Towers with Radar,0,13,68,1,82,0,0,27,1,28,0,13,95,2,110,0,0,0,110
04/16/2012,ADS,TX,ASW,CE,Towers with Radar,0,24,74,0,98,0,13,136,1,150,0,37,210,1,248,10,0,10,258
04/17/2012,ADS,TX,ASW,CE,Towers with Radar,0,25,75,0,100,0,15,227,1,243,0,40,302,1,343,14,0,14,357
04/18/2012,ADS,TX,ASW,CE,Towers with Radar,0,24,91,2,117,0,14,206,1,221,0,38,297,3,338,18,0,18,356
04/19/2012,ADS,TX,ASW,CE,Towers with Radar,0,27,111,0,138,0,13,164,0,177,0,40,275,0,315,20,0,20,335
04/20/2012,ADS,TX,ASW,CE,Towers with Radar,2,33,84,0,119,0,7,53,0,60,2,40,137,0,179,12,0,12,191
04/21/2012,ADS,TX,ASW,CE,Towers with Radar,0,11,32,0,43,0,0,282,1,283,0,11,314,1,326,14,0,14,340
04/22/2012,ADS,TX,ASW,CE,Towers with Radar,0,12,58,0,70,0,0,207,0,207,0,12,265,0,277,4,0,4,281
04/23/2012,ADS,TX,ASW,CE,Towers with Radar,0,14,85,0,99,0,16,159,0,175,0,30,244,0,274,16,0,16,290
04/24/2012,ADS,TX,ASW,CE,Towers with Radar,0,29,105,0,134,0,14,190,0,204,0,43,295,0,338,30,0,30,368
04/25/2012,ADS,TX,ASW,CE,Towers with Radar,0,26,110,0,136,0,16,95,2,113,0,42,205,2,249,12,0,12,261
04/26/2012,ADS,TX,ASW,CE,Towers with Radar,0,24,106,0,130,0,19,185,1,205,0,43,291,1,335,22,0,22,357
04/27/2012,ADS,TX,ASW,CE,Towers with Radar,1,18,84,1,104,0,11,129,0,140,1,29,213,1,244,16,0,16,260
04/28/2012,ADS,TX,ASW,CE,Towers with Radar,0,4,40,0,44,0,1,130,0,131,0,5,170,0,175,22,0,22,197
04/29/2012,ADS,TX,ASW,CE,Towers with Radar,0,17,72,1,90,0,0,100,0,100,0,17,172,1,190,52,0,52,242
04/30/2012,ADS,TX,ASW,CE,Towers with Radar,0,27,112,0,139,0,9,58,0,67,0,36,170,0,206,2,0,2,208
05/01/2012,ADS,TX,ASW,CE,Towers with Radar,0,23,78,0,101,0,12,108,0,120,0,35,186,0,221,6,0,6,227
05/02/2012,ADS,TX,ASW,CE,Towers with Radar,2,26,129,0,157,0,7,119,0,126,2,33,248,0,283,2,0,2,285
05/03/2012,ADS,TX,ASW,CE,Towers with Radar,0,29,116,0,145,0,11,177,2,190,0,40,293,2,335,0,0,0,335
05/04/2012,ADS,TX,ASW,CE,Towers with Radar,0,14,90,2,106,0,13,186,4,203,0,27,276,6,309,12,0,12,321
05/05/2012,ADS,TX,ASW,CE,Towers with Radar,0,6,44,0,50,0,4,192,1,197,0,10,236,1,247,12,0,12,259
05/06/2012,ADS,TX,ASW,CE,Towers with Radar,1,16,83,0,100,0,1,163,2,166,1,17,246,2,266,10,0,10,276
05/07/2012,ADS,TX,ASW,CE,Towers with Radar,1,24,60,0,85,0,6,120,0,126,1,30,180,0,211,44,0,44,255
05/08/2012,ADS,TX,ASW,CE,Towers with Radar,1,34,85,0,120,0,3,52,0,55,1,37,137,0,175,16,0,16,191
05/09/2012,ADS,TX,ASW,CE,Towers with Radar,0,36,108,0,144,0,11,208,0,219,0,47,316,0,363,22,0,22,385
05/10/2012,ADS,TX,ASW,CE,Towers with Radar,1,31,106,0,138,0,8,181,1,190,1,39,287,1,328,28,0,28,356
05/11/2012,ADS,TX,ASW,CE,Towers with Radar,0,26,88,0,114,0,0,46,0,46,0,26,134,0,160,0,0,0,160
05/12/2012,ADS,TX,ASW,CE,Towers with Radar,0,13,80,0,93,0,1,38,0,39,0,14,118,0,132,37,0,37,169
05/13/2012,ADS,TX,ASW,CE,Towers with Radar,0,10,51,0,61,0,2,172,1,175,0,12,223,1,236,2,0,2,238
05/14/2012,ADS,TX,ASW,CE,Towers with Radar,1,30,63,0,94,0,6,173,0,179,1,36,236,0,273,16,0,16,289
05/15/2012,ADS,TX,ASW,CE,Towers with Radar,2,28,75,0,105,0,12,200,3,215,2,40,275,3,320,16,0,16,336
05/16/2012,ADS,TX,ASW,CE,Towers with Radar,0,33,112,0,145,0,10,196,0,206,0,43,308,0,351,0,0,0,351
05/17/2012,ADS,TX,ASW,CE,Towers with Radar,0,25,94,0,119,0,11,200,1,212,0,36,294,1,331,16,0,16,347
05/18/2012,ADS,TX,ASW,CE,Towers with Radar,0,29,80,2,111,0,11,173,1,185,0,40,253,3,296,0,0,0,296
05/19/2012,ADS,TX,ASW,CE,Towers with Radar,0,9,47,0,56,0,0,164,2,166,0,9,211,2,222,14,0,14,236
05/20/2012,ADS,TX,ASW,CE,Towers with Radar,0,20,69,0,89,0,5,198,0,203,0,25,267,0,292,40,0,40,332
05/21/2012,ADS,TX,ASW,CE,Towers with Radar,0,28,59,0,87,0,12,119,0,131,0,40,178,0,218,20,0,20,238
05/22/2012,ADS,TX,ASW,CE,Towers with Radar,0,25,99,1,125,0,14,170,0,184,0,39,269,1,309,12,0,12,321
05/23/2012,ADS,TX,ASW,CE,Towers with Radar,0,20,83,3,106,0,12,141,0,153,0,32,224,3,259,16,0,16,275
05/24/2012,ADS,TX,ASW,CE,Towers with Radar,2,36,95,0,133,0,13,78,0,91,2,49,173,0,224,12,0,12,236
05/25/2012,ADS,TX,ASW,CE,Towers with Radar,0,29,98,0,127,0,11,122,1,134,0,40,220,1,261,32,0,32,293
05/26/2012,ADS,TX,ASW,CE,Towers with Radar,0,4,47,0,51,0,0,122,0,122,0,4,169,0,173,24,0,24,197
05/27/2012,ADS,TX,ASW,CE,Towers with Radar,0,9,45,0,54,0,0,102,0,102,0,9,147,0,156,18,0,18,174
05/28/2012,ADS,TX,ASW,CE,Towers with Radar,0,14,54,0,68,0,1,138,0,139,0,15,192,0,207,16,0,16,223
05/29/2012,ADS,TX,ASW,CE,Towers with Radar,0,27,53,0,80,0,13,176,0,189,0,40,229,0,269,6,0,6,275
05/30/2012,ADS,TX,ASW,CE,Towers with Radar,0,22,67,0,89,0,10,42,0,52,0,32,109,0,141,2,0,2,143
05/31/2012,ADS,TX,ASW,CE,Towers with Radar,0,21,83,0,104,0,12,118,0,130,0,33,201,0,234,6,0,6,240
06/01/2012,ADS,TX,ASW,CE,Towers with Radar,0,16,71,0,87,0,12,217,0,229,0,28,288,0,316,8,0,8,324
06/02/2012,ADS,TX,ASW,CE,Towers with Radar,1,14,45,0,60,0,0,229,0,229,1,14,274,0,289,16,0,16,305
06/03/2012,ADS,TX,ASW,CE,Towers with Radar,0,13,82,0,95,0,2,156,0,158,0,15,238,0,253,26,0,26,279
06/04/2012,ADS,TX,ASW,CE,Towers with Radar,0,20,76,0,96,0,11,118,2,131,0,31,194,2,227,38,0,38,265
06/05/2012,ADS,TX,ASW,CE,Towers with Radar,2,23,66,0,91,0,7,138,0,145,2,30,204,0,236,30,0,30,266
06/06/2012,ADS,TX,ASW,CE,Towers with Radar,0,38,66,0,104,0,3,127,0,130,0,41,193,0,234,4,0,4,238
06/07/2012,ADS,TX,ASW,CE,Towers with Radar,0,35,81,0,116,0,3,43,1,47,0,38,124,1,163,6,0,6,169
06/08/2012,ADS,TX,ASW,CE,Towers with Radar,0,31,75,1,107,0,7,181,8,196,0,38,256,9,303,15,0,15,318
06/09/2012,ADS,TX,ASW,CE,Towers with Radar,2,8,45,1,56,0,0,223,1,224,2,8,268,2,280,28,0,28,308
06/10/2012,ADS,TX,ASW,CE,Towers with Radar,0,14,60,2,76,0,0,164,0,164,0,14,224,2,240,14,0,14,254
06/11/2012,ADS,TX,ASW,CE,Towers with Radar,0,34,68,0,102,0,11,131,0,142,0,45,199,0,244,30,0,30,274
06/12/2012,ADS,TX,ASW,CE,Towers with Radar,0,25,72,0,97,0,8,116,0,124,0,33,188,0,221,10,0,10,231
06/13/2012,ADS,TX,ASW,CE,Towers with Radar,3,29,92,0,124,0,9,116,0,125,3,38,208,0,249,12,0,12,261
06/14/2012,ADS,TX,ASW,CE,Towers with Radar,0,26,100,0,126,0,10,165,0,175,0,36,265,0,301,0,0,0,301
06/15/2012,ADS,TX,ASW,CE,Towers with Radar,0,23,72,1,96,0,10,134,0,144,0,33,206,1,240,2,0,2,242
06/16/2012,ADS,TX,ASW,CE,Towers with Radar,0,14,59,0,73,0,0,201,1,202,0,14,260,1,275,26,0,26,301
06/17/2012,ADS,TX,ASW,CE,Towers with Radar,0,13,76,0,89,0,0,124,1,125,0,13,200,1,214,8,0,8,222
06/18/2012,ADS,TX,ASW,CE,Towers with Radar,0,35,67,0,102,0,11,159,4,174,0,46,226,4,276,0,0,0,276
06/19/2012,ADS,TX,ASW,CE,Towers with Radar,0,26,71,0,97,0,11,92,0,103,0,37,163,0,200,9,0,9,209
06/20/2012,ADS,TX,ASW,CE,Towers with Radar,0,35,87,0,122,0,9,99,2,110,0,44,186,2,232,26,0,26,258
06/21/2012,ADS,TX,ASW,CE,Towers with Radar,1,15,92,0,108,0,14,197,0,211,1,29,289,0,319,28,0,28,347
06/22/2012,ADS,TX,ASW,CE,Towers with Radar,1,20,67,0,88,0,13,213,0,226,1,33,280,0,314,2,0,2,316
06/23/2012,ADS,TX,ASW,CE,Towers with Radar,1,6,48,0,55,0,3,228,2,233,1,9,276,2,288,0,0,0,288
06/24/2012,ADS,TX,ASW,CE,Towers with Radar,0,14,42,0,56,0,0,202,1,203,0,14,244,1,259,13,0,13,272
06/25/2012,ADS,TX,ASW,CE,Towers with Radar,0,28,90,0,118,0,14,167,0,181,0,42,257,0,299,18,0,18,317
06/26/2012,ADS,TX,ASW,CE,Towers with Radar,0,15,85,0,100,0,15,172,0,187,0,30,257,0,287,0,0,0,287
06/27/2012,ADS,TX,ASW,CE,Towers with Radar,0,16,91,0,107,0,15,168,0,183,0,31,259,0,290,0,0,0,290
06/28/2012,ADS,TX,ASW,CE,Towers with Radar,0,11,91,0,102,0,18,204,1,223,0,29,295,1,325,9,0,9,334
06/29/2012,ADS,TX,ASW,CE,Towers with Radar,0,33,80,0,113,0,17,203,1,221,0,50,283,1,334,48,0,48,382
06/30/2012,ADS,TX,ASW,CE,Towers with Radar,0,8,47,0,55,0,4,209,5,218,0,12,256,5,273,24,0,24,297
07/01/2012,ADS,TX,ASW,CE,Towers with Radar,0,16,62,2,80,0,6,112,3,121,0,22,174,5,201,41,0,41,242
07/02/2012,ADS,TX,ASW,CE,Towers with Radar,0,19,68,0,87,0,12,96,0,108,0,31,164,0,195,28,0,28,223
07/03/2012,ADS,TX,ASW,CE,Towers with Radar,0,11,51,0,62,0,9,172,0,181,0,20,223,0,243,12,0,12,255
07/04/2012,ADS,TX,ASW,CE,Towers with Radar,0,9,29,2,40,0,3,139,1,143,0,12,168,3,183,4,0,4,187
07/05/2012,ADS,TX,ASW,CE,Towers with Radar,0,18,46,0,64,0,15,181,2,198,0,33,227,2,262,2,0,2,264
07/06/2012,ADS,TX,ASW,CE,Towers with Radar,0,16,57,1,74,0,18,173,1,192,0,34,230,2,266,2,0,2,268
07/07/2012,ADS,TX,ASW,CE,Towers with Radar,0,13,29,0,42,0,0,182,3,185,0,13,211,3,227,20,0,20,247
07/08/2012,ADS,TX,ASW,CE,Towers with Radar,0,17,74,2,93,0,2,157,0,159,0,19,231,2,252,26,0,26,278
07/09/2012,ADS,TX,ASW,CE,Towers with Radar,0,25,52,0,77,0,11,104,0,115,0,36,156,0,192,2,0,2,194
07/10/2012,ADS,TX,ASW,CE,Towers with Radar,0,30,85,0,115,0,5,68,0,73,0,35,153,0,188,12,0,12,200
07/11/2012,ADS,TX,ASW,CE,Towers with Radar,0,33,82,0,115,0,10,192,0,202,0,43,274,0,317,22,0,22,339
07/12/2012,ADS,TX,ASW,CE,Towers with Radar,0,35,102,0,137,0,6,174,0,180,0,41,276,0,317,30,0,30,347
07/13/2012,ADS,TX,ASW,CE,Towers with Radar,0,28,98,0,126,0,15,163,0,178,0,43,261,0,304,12,0,12,316
07/14/2012,ADS,TX,ASW,CE,Towers with Radar,0,11,71,1,83,0,1,177,2,180,0,12,248,3,263,14,0,14,277
07/15/2012,ADS,TX,ASW,CE,Towers with Radar,0,10,67,0,77,0,0,112,0,112,0,10,179,0,189,14,0,14,203
07/16/2012,ADS,TX,ASW,CE,Towers with Radar,0,24,83,0,107,0,8,151,1,160,0,32,234,1,267,28,0,28,295
07/17/2012,ADS,TX,ASW,CE,Towers with Radar,0,20,65,0,85,0,9,180,0,189,0,29,245,0,274,30,0,30,304
07/18/2012,ADS,TX,ASW,CE,Towers with Radar,1,38,80,4,123,0,13,171,0,184,1,51,251,4,307,32,0,32,339
07/19/2012,ADS,TX,ASW,CE,Towers with Radar,0,38,88,2,128,0,11,223,1,235,0,49,311,3,363,22,0,22,385
07/20/2012,ADS,TX,ASW,CE,Towers with Radar,0,19,79,1,99,0,15,179,0,194,0,34,258,1,293,10,0,10,303
07/21/2012,ADS,TX,ASW,CE,Towers with Radar,0,10,42,0,52,0,5,225,0,230,0,15,267,0,282,64,0,64,346
07/22/2012,ADS,TX,ASW,CE,Towers with Radar,0,11,64,1,76,0,3,172,0,175,0,14,236,1,251,18,0,18,269
07/23/2012,ADS,TX,ASW,CE,Towers with Radar,0,23,72,0,95,0,17,114,0,131,0,40,186,0,226,18,0,18,244
07/24/2012,ADS,TX,ASW,CE,Towers with Radar,1,34,68,0,103,0,11,168,0,179,1,45,236,0,282,24,0,24,306
07/25/2012,ADS,TX,ASW,CE,Towers with Radar,0,27,63,0,90,0,12,149,0,161,0,39,212,0,251,16,0,16,267
07/26/2012,ADS,TX,ASW,CE,Towers with Radar,0,27,89,0,116,0,11,135,2,148,0,38,224,2,264,6,0,6,270
07/27/2012,ADS,TX,ASW,CE,Towers with Radar,0,19,85,0,104,0,12,176,0,188,0,31,261,0,292,39,0,39,331
07/28/2012,ADS,TX,ASW,CE,Towers with Radar,0,14,39,0,53,0,4,196,3,203,0,18,235,3,256,26,0,26,282
07/29/2012,ADS,TX,ASW,CE,Towers with Radar,1,17,62,0,80,0,0,143,0,143,1,17,205,0,223,25,0,25,248
07/30/2012,ADS,TX,ASW,CE,Towers with Radar,0,23,58,0,81,0,15,132,1,148,0,38,190,1,229,28,0,28,257
07/31/2012,ADS,TX,ASW,CE,Towers with Radar,0,18,71,0,89,0,15,149,0,164,0,33,220,0,253,21,0,21,274
08/01/2012,ADS,TX,ASW,CE,Towers with Radar,0,24,87,0,111,0,15,161,0,176,0,39,248,0,287,8,0,8,295
08/02/2012,ADS,TX,ASW,CE,Towers with Radar,0,25,84,0,109,0,12,178,0,190,0,37,262,0,299,20,0,20,319
08/03/2012,ADS,TX,ASW,CE,Towers with Radar,0,20,79,1,100,0,14,166,1,181,0,34,245,2,281,26,0,26,307
08/04/2012,ADS,TX,ASW,CE,Towers with Radar,0,11,55,0,66,0,2,191,0,193,0,13,246,0,259,8,0,8,267
08/05/2012,ADS,TX,ASW,CE,Towers with Radar,0,18,65,2,85,0,2,152,0,154,0,20,217,2,239,26,0,26,265
08/06/2012,ADS,TX,ASW,CE,Towers with Radar,0,25,66,0,91,0,14,117,0,131,0,39,183,0,222,14,0,14,236
08/07/2012,ADS,TX,ASW,CE,Towers with Radar,0,27,63,0,90,0,11,142,0,153,0,38,205,0,243,4,0,4,247
08/08/2012,ADS,TX,ASW,CE,Towers with Radar,0,25,66,0,91,0,13,112,0,125,0,38,178,0,216,6,0,6,222
08/09/2012,ADS,TX,ASW,CE,Towers with Radar,0,18,64,0,82,0,13,159,0,172,0,31,223,0,254,10,0,10,264
08/10/2012,ADS,TX,ASW,CE,Towers with Radar,0,22,92,0,114,0,16,165,2,183,0,38,257,2,297,18,0,18,315
08/11/2012,ADS,TX,ASW,CE,Towers with Radar,0,10,36,0,46,0,0,212,0,212,0,10,248,0,258,0,0,0,258
08/12/2012,ADS,TX,ASW,CE,Towers with Radar,0,14,60,0,74,0,0,144,0,144,0,14,204,0,218,26,0,26,244
08/13/2012,ADS,TX,ASW,CE,Towers with Radar,0,20,60,2,82,0,16,130,0,146,0,36,190,2,228,22,0,22,250
08/14/2012,ADS,TX,ASW,CE,Towers with Radar,0,24,72,0,96,0,9,160,2,171,0,33,232,2,267,4,0,4,271
08/15/2012,ADS,TX,ASW,CE,Towers with Radar,0,37,83,0,120,0,9,121,1,131,0,46,204,1,251,6,0,6,257
08/16/2012,ADS,TX,ASW,CE,Towers with Radar,1,28,69,0,98,0,13,128,0,141,1,41,197,0,239,62,0,62,301
08/17/2012,ADS,TX,ASW,CE,Towers with Radar,0,33,56,0,89,0,8,179,0,187,0,41,235,0,276,12,0,12,288
08/18/2012,ADS,TX,ASW,CE,Towers with Radar,0,11,41,0,52,0,0,137,1,138,0,11,178,1,190,28,0,28,218
08/19/2012,ADS,TX,ASW,CE,Towers with Radar,0,19,52,0,71,0,3,161,1,165,0,22,213,1,236,18,0,18,254
08/20/2012,ADS,TX,ASW,CE,Towers with Radar,0,20,54,0,74,0,14,172,0,186,0,34,226,0,260,24,0,24,284
08/21/2012,ADS,TX,ASW,CE,Towers with Radar,0,29,95,0,124,0,8,105,0,113,0,37,200,0,237,26,0,26,263
08/22/2012,ADS,TX,ASW,CE,Towers with Radar,0,28,92,0,120,0,15,171,0,186,0,43,263,0,306,20,0,20,326
08/23/2012,ADS,TX,ASW,CE,Towers with Radar,0,29,80,0,109,0,17,197,0,214,0,46,277,0,323,4,0,4,327
08/24/2012,ADS,TX,ASW,CE,Towers with Radar,0,26,83,2,111,0,11,116,0,127,0,37,199,2,238,58,0,58,296
08/25/2012,ADS,TX,ASW,CE,Towers with Radar,0,13,43,0,56,0,0,104,0,104,0,13,147,0,160,9,0,9,169
08/26/2012,ADS,TX,ASW,CE,Towers with Radar,0,19,75,0,94,0,0,42,0,42,0,19,117,0,136,74,0,74,210
08/27/2012,ADS,TX,ASW,CE,Towers with Radar,0,29,48,2,79,0,12,125,7,144,0,41,173,9,223,54,0,54,277
08/28/2012,ADS,TX,ASW,CE,Towers with Radar,1,30,87,0,118,0,10,153,0,163,1,40,240,0,281,40,0,40,321
08/29/2012,ADS,TX,ASW,CE,Towers with Radar,1,30,73,0,104,0,15,175,0,190,1,45,248,0,294,26,0,26,320
08/30/2012,ADS,TX,ASW,CE,Towers with Radar,2,31,99,0,132,0,13,141,0,154,2,44,240,0,286,34,0,34,320
08/31/2012,ADS,TX,ASW,CE,Towers with Radar,0,29,104,1,134,0,14,168,0,182,0,43,272,1,316,21,0,21,337
09/01/2012,ADS,TX,ASW,CE,Towers with Radar,0,12,50,1,63,0,0,194,1,195,0,12,244,2,258,32,0,32,290
09/02/2012,ADS,TX,ASW,CE,Towers with Radar,1,13,51,0,65,0,0,145,1,146,1,13,196,1,211,20,0,20,231
09/03/2012,ADS,TX,ASW,CE,Towers with Radar,0,19,65,0,84,0,0,145,0,145,0,19,210,0,229,16,0,16,245
09/04/2012,ADS,TX,ASW,CE,Towers with Radar,0,23,60,2,85,0,12,145,0,157,0,35,205,2,242,10,0,10,252
09/05/2012,ADS,TX,ASW,CE,Towers with Radar,0,26,74,0,100,0,13,176,0,189,0,39,250,0,289,16,0,16,305
09/06/2012,ADS,TX,ASW,CE,Towers with Radar,0,28,69,2,99,0,13,145,1,159,0,41,214,3,258,30,0,30,288
09/07/2012,ADS,TX,ASW,CE,Towers with Radar,1,30,65,0,96,0,13,173,0,186,1,43,238,0,282,30,0,30,312
09/08/2012,ADS,TX,ASW,CE,Towers with Radar,0,9,53,0,62,0,0,153,0,153,0,9,206,0,215,6,0,6,221
09/09/2012,ADS,TX,ASW,CE,Towers with Radar,0,10,65,0,75,0,5,226,1,232,0,15,291,1,307,15,0,15,322
09/10/2012,ADS,TX,ASW,CE,Towers with Radar,0,30,90,0,120,0,11,169,0,180,0,41,259,0,300,10,0,10,310
09/11/2012,ADS,TX,ASW,CE,Towers with Radar,0,19,92,0,111,0,14,149,0,163,0,33,241,0,274,2,0,2,276
09/12/2012,ADS,TX,ASW,CE,Towers with Radar,0,26,92,0,118,0,10,131,2,143,0,36,223,2,261,12,0,12,273
09/13/2012,ADS,TX,ASW,CE,Towers with Radar,0,33,109,0,142,0,5,60,0,65,0,38,169,0,207,24,0,24,231
09/14/2012,ADS,TX,ASW,CE,Towers with Radar,0,41,112,0,153,0,0,9,1,10,0,41,121,1,163,12,0,12,175
09/15/2012,ADS,TX,ASW,CE,Towers with Radar,1,20,91,0,112,1,2,57,0,60,2,22,148,0,172,0,0,0,172
09/16/2012,ADS,TX,ASW,CE,Towers with Radar,0,15,107,0,122,0,0,7,0,7,0,15,114,0,129,0,0,0,129
09/17/2012,ADS,TX,ASW,CE,Towers with Radar,0,22,85,6,113,0,9,84,4,97,0,31,169,10,210,48,0,48,258
09/18/2012,ADS,TX,ASW,CE,Towers with Radar,0,26,101,2,129,0,11,152,6,169,0,37,253,8,298,24,0,24,322
09/19/2012,ADS,TX,ASW,CE,Towers with Radar,0,24,85,4,113,0,11,217,4,232,0,35,302,8,345,12,0,12,357
09/20/2012,ADS,TX,ASW,CE,Towers with Radar,0,16,78,4,98,0,12,189,4,205,0,28,267,8,303,16,0,16,319
09/21/2012,ADS,TX,ASW,CE,Towers with Radar,0,19,76,8,103,0,12,193,4,209,0,31,269,12,312,10,0,10,322
09/22/2012,ADS,TX,ASW,CE,Towers with Radar,0,6,52,0,58,0,6,195,0,201,0,12,247,0,259,32,0,32,291
09/23/2012,ADS,TX,ASW,CE,Towers with Radar,0,18,73,0,91,0,1,159,0,160,0,19,232,0,251,4,0,4,255
09/24/2012,ADS,TX,ASW,CE,Towers with Radar,0,17,75,2,94,0,11,145,0,156,0,28,220,2,250,8,0,8,258
09/25/2012,ADS,TX,ASW,CE,Towers with Radar,0,18,95,2,115,0,9,153,0,162,0,27,248,2,277,8,0,8,285
09/26/2012,ADS,TX,ASW,CE,Towers with Radar,0,26,87,0,113,0,9,144,0,153,0,35,231,0,266,2,0,2,268
09/27/2012,ADS,TX,ASW,CE,Towers with Radar,0,24,76,1,101,0,10,165,3,178,0,34,241,4,279,34,0,34,313
09/28/2012,ADS,TX,ASW,CE,Towers with Radar,1,29,89,0,119,0,4,121,0,125,1,33,210,0,244,36,0,36,280
09/29/2012,ADS,TX,ASW,CE,Towers with Radar,0,12,66,0,78,0,0,1,0,1,0,12,67,0,79,0,0,0,79
09/30/2012,ADS,TX,ASW,CE,Towers with Radar,0,18,81,0,99,0,0,55,1,56,0,18,136,1,155,22,0,22,177
10/01/2012,ADS,TX,ASW,CE,Towers with Radar,0,25,78,0,103,0,11,136,0,147,0,36,214,0,250,8,0,8,258
10/02/2012,ADS,TX,ASW,CE,Towers with Radar,0,24,89,0,113,0,13,161,0,174,0,37,250,0,287,30,0,30,317
10/03/2012,ADS,TX,ASW,CE,Towers with Radar,0,21,86,0,107,0,12,191,4,207,0,33,277,4,314,10,0,10,324
10/04/2012,ADS,TX,ASW,CE,Towers with Radar,2,38,85,0,125,0,11,169,3,183,2,49,254,3,308,9,0,9,317
10/05/2012,ADS,TX,ASW,CE,Towers with Radar,0,33,86,3,122,0,5,119,1,125,0,38,205,4,247,0,0,0,247
10/06/2012,ADS,TX,ASW,CE,Towers with Radar,0,20,87,1,108,0,1,40,0,41,0,21,127,1,149,28,0,28,177
10/07/2012,ADS,TX,ASW,CE,Towers with Radar,0,16,80,0,96,0,0,161,0,161,0,16,241,0,257,24,0,24,281
10/08/2012,ADS,TX,ASW,CE,Towers with Radar,0,26,67,0,93,0,3,153,0,156,0,29,220,0,249,20,0,20,269
10/09/2012,ADS,TX,ASW,CE,Towers with Radar,2,26,82,1,111,0,7,118,0,125,2,33,200,1,236,64,0,64,300
10/10/2012,ADS,TX,ASW,CE,Towers with Radar,0,34,106,0,140,0,0,8,0,8,0,34,114,0,148,12,0,12,160
10/11/2012,ADS,TX,ASW,CE,Towers with Radar,0,29,99,0,128,0,3,76,0,79,0,32,175,0,207,4,0,4,211
10/12/2012,ADS,TX,ASW,CE,Towers with Radar,0,26,100,0,126,0,6,137,0,143,0,32,237,0,269,34,0,34,303
10/13/2012,ADS,TX,ASW,CE,Towers with Radar,0,16,65,0,81,0,0,35,0,35,0,16,100,0,116,14,0,14,130
10/14/2012,ADS,TX,ASW,CE,Towers with Radar,2,21,91,0,114,0,3,199,0,202,2,24,290,0,316,2,0,2,318
10/15/2012,ADS,TX,ASW,CE,Towers with Radar,0,15,72,0,87,0,12,190,0,202,0,27,262,0,289,16,0,16,305
10/16/2012,ADS,TX,ASW,CE,Towers with Radar,0,25,93,2,120,0,7,147,0,154,0,32,240,2,274,30,0,30,304
10/17/2012,ADS,TX,ASW,CE,Towers with Radar,2,30,95,0,127,0,9,98,0,107,2,39,193,0,234,8,0,8,242
10/18/2012,ADS,TX,ASW,CE,Towers with Radar,0,22,101,2,125,0,16,195,0,211,0,38,296,2,336,54,0,54,390
10/19/2012,ADS,TX,ASW,CE,Towers with Radar,0,24,96,2,122,0,10,234,1,245,0,34,330,3,367,0,0,0,367
10/20/2012,ADS,TX,ASW,CE,Towers with Radar,0,5,56,0,61,0,2,185,0,187,0,7,241,0,248,1,0,1,249
10/21/2012,ADS,TX,ASW,CE,Towers with Radar,0,18,72,1,91,0,3,80,1,84,0,21,152,2,175,6,0,6,181
10/22/2012,ADS,TX,ASW,CE,Towers with Radar,2,31,109,0,142,0,5,56,0,61,2,36,165,0,203,16,0,16,219
10/23/2012,ADS,TX,ASW,CE,Towers with Radar,0,31,101,0,132,0,5,110,0,115,0,36,211,0,247,22,0,22,269
10/24/2012,ADS,TX,ASW,CE,Towers with Radar,1,39,121,0,161,0,6,108,4,118,1,45,229,4,279,2,0,2,281
10/25/2012,ADS,TX,ASW,CE,Towers with Radar,0,28,131,1,160,0,5,97,1,103,0,33,228,2,263,22,0,22,285
10/26/2012,ADS,TX,ASW,CE,Towers with Radar,0,25,90,0,115,0,7,123,0,130,0,32,213,0,245,22,0,22,267
10/27/2012,ADS,TX,ASW,CE,Towers with Radar,0,13,54,2,69,0,3,243,3,249,0,16,297,5,318,16,0,16,334
10/28/2012,ADS,TX,ASW,CE,Towers with Radar,0,21,65,0,86,0,1,217,0,218,0,22,282,0,304,34,0,34,338
10/29/2012,ADS,TX,ASW,CE,Towers with Radar,1,9,52,4,66,0,10,164,1,175,1,19,216,5,241,18,0,18,259
10/30/2012,ADS,TX,ASW,CE,Towers with Radar,0,20,74,0,94,0,16,207,0,223,0,36,281,0,317,49,0,49,366
10/31/2012,ADS,TX,ASW,CE,Towers with Radar,0,20,71,0,91,0,11,173,0,184,0,31,244,0,275,8,0,8,283
11/01/2012,ADS,TX,ASW,CE,Towers with Radar,1,26,85,2,114,0,9,201,0,210,1,35,286,2,324,20,0,20,344
11/02/2012,ADS,TX,ASW,CE,Towers with Radar,2,24,90,0,116,0,8,203,0,211,2,32,293,0,327,20,0,20,347
11/03/2012,ADS,TX,ASW,CE,Towers with Radar,0,11,63,0,74,0,1,185,0,186,0,12,248,0,260,0,0,0,260
11/04/2012,ADS,TX,ASW,CE,Towers with Radar,0,20,69,0,89,0,1,202,1,204,0,21,271,1,293,21,0,21,314
11/05/2012,ADS,TX,ASW,CE,Towers with Radar,0,24,72,0,96,0,10,108,0,118,0,34,180,0,214,14,0,14,228
11/06/2012,ADS,TX,ASW,CE,Towers with Radar,3,24,69,0,96,0,10,183,0,193,3,34,252,0,289,15,0,15,304
11/07/2012,ADS,TX,ASW,CE,Towers with Radar,2,37,95,0,134,0,11,234,0,245,2,48,329,0,379,28,0,28,407
11/08/2012,ADS,TX,ASW,CE,Towers with Radar,0,28,104,0,132,0,14,193,0,207,0,42,297,0,339,10,0,10,349
11/09/2012,ADS,TX,ASW,CE,Towers with Radar,3,25,87,1,116,0,6,81,0,87,3,31,168,1,203,0,0,0,203
11/10/2012,ADS,TX,ASW,CE,Towers with Radar,0,6,49,0,55,0,1,46,1,48,0,7,95,1,103,4,0,4,107
11/11/2012,ADS,TX,ASW,CE,Towers with Radar,2,11,58,0,71,0,0,43,0,43,2,11,101,0,114,26,0,26,140
11/12/2012,ADS,TX,ASW,CE,Towers with Radar,0,23,61,3,87,0,4,182,0,186,0,27,243,3,273,14,0,14,287
11/13/2012,ADS,TX,ASW,CE,Towers with Radar,0,27,93,0,120,0,14,197,0,211,0,41,290,0,331,38,0,38,369
11/14/2012,ADS,TX,ASW,CE,Towers with Radar,0,17,79,0,96,0,9,228,0,237,0,26,307,0,333,16,0,16,349
11/15/2012,ADS,TX,ASW,CE,Towers with Radar,1,25,83,0,109,0,10,218,1,229,1,35,301,1,338,10,0,10,348
11/16/2012,ADS,TX,ASW,CE,Towers with Radar,0,17,91,0,108,0,12,235,0,247,0,29,326,0,355,26,0,26,381
11/17/2012,ADS,TX,ASW,CE,Towers with Radar,0,13,55,0,68,0,3,267,0,270,0,16,322,0,338,4,0,4,342
11/18/2012,ADS,TX,ASW,CE,Towers with Radar,0,23,65,0,88,0,1,198,1,200,0,24,263,1,288,22,0,22,310
11/19/2012,ADS,TX,ASW,CE,Towers with Radar,0,28,67,1,96,0,6,152,0,158,0,34,219,1,254,26,0,26,280
11/20/2012,ADS,TX,ASW,CE,Towers with Radar,0,28,83,0,111,0,7,217,0,224,0,35,300,0,335,32,0,32,367
11/21/2012,ADS,TX,ASW,CE,Towers with Radar,0,23,67,0,90,0,9,231,0,240,0,32,298,0,330,41,0,41,371
11/22/2012,ADS,TX,ASW,CE,Towers with Radar,0,3,21,0,24,0,2,60,1,63,0,5,81,1,87,2,0,2,89
11/23/2012,ADS,TX,ASW,CE,Towers with Radar,0,11,47,0,58,0,5,61,0,66,0,16,108,0,124,6,0,6,130
11/24/2012,ADS,TX,ASW,CE,Towers with Radar,0,14,53,0,67,0,1,226,1,228,0,15,279,1,295,1,0,1,296
11/25/2012,ADS,TX,ASW,CE,Towers with Radar,0,11,96,0,107,0,2,168,1,171,0,13,264,1,278,20,0,20,298
11/26/2012,ADS,TX,ASW,CE,Towers with Radar,0,33,77,0,110,0,5,113,0,118,0,38,190,0,228,28,0,28,256
11/27/2012,ADS,TX,ASW,CE,Towers with Radar,0,20,79,0,99,0,7,98,0,105,0,27,177,0,204,30,0,30,234
11/28/2012,ADS,TX,ASW,CE,Towers with Radar,1,13,75,0,89,0,10,183,0,193,1,23,258,0,282,18,0,18,300
11/29/2012,ADS,TX,ASW,CE,Towers with Radar,0,25,81,0,106,0,10,176,0,186,0,35,257,0,292,30,0,30,322
11/30/2012,ADS,TX,ASW,CE,Towers with Radar,1,25,120,0,146,0,4,101,0,105,1,29,221,0,251,6,0,6,257
12/01/2012,ADS,TX,ASW,CE,Towers with Radar,0,16,71,0,87,0,0,69,1,70,0,16,140,1,157,10,0,10,167
12/02/2012,ADS,TX,ASW,CE,Towers with Radar,0,18,64,0,82,0,1,120,0,121,0,19,184,0,203,4,0,4,207
12/03/2012,ADS,TX,ASW,CE,Towers with Radar,0,16,74,2,92,0,10,90,0,100,0,26,164,2,192,12,0,12,204
12/04/2012,ADS,TX,ASW,CE,Towers with Radar,0,27,72,0,99,0,11,147,0,158,0,38,219,0,257,22,0,22,279
12/05/2012,ADS,TX,ASW,CE,Towers with Radar,0,29,95,3,127,0,21,195,1,217,0,50,290,4,344,26,0,26,370
12/06/2012,ADS,TX,ASW,CE,Towers with Radar,0,34,103,0,137,0,8,122,0,130,0,42,225,0,267,14,0,14,281
12/07/2012,ADS,TX,ASW,CE,Towers with Radar,0,27,118,1,146,0,8,189,1,198,0,35,307,2,344,18,0,18,362
12/08/2012,ADS,TX,ASW,CE,Towers with Radar,0,10,65,0,75,0,1,135,0,136,0,11,200,0,211,81,0,81,292
12/09/2012,ADS,TX,ASW,CE,Towers with Radar,1,21,71,0,93,0,0,26,1,27,1,21,97,1,120,12,0,12,132
12/10/2012,ADS,TX,ASW,CE,Towers with Radar,0,13,76,0,89,0,10,94,0,104,0,23,170,0,193,30,0,30,223
12/11/2012,ADS,TX,ASW,CE,Towers with Radar,0,26,85,0,111,0,11,154,0,165,0,37,239,0,276,1,0,1,277
12/12/2012,ADS,TX,ASW,CE,Towers with Radar,0,29,79,0,108,0,10,178,1,189,0,39,257,1,297,26,0,26,323
12/13/2012,ADS,TX,ASW,CE,Towers with Radar,0,26,80,0,106,0,12,177,0,189,0,38,257,0,295,2,0,2,297
12/14/2012,ADS,TX,ASW,CE,Towers with Radar,3,26,92,0,121,0,2,57,0,59,3,28,149,0,180,28,0,28,208
12/15/2012,ADS,TX,ASW,CE,Towers with Radar,1,9,42,0,52,0,1,200,2,203,1,10,242,2,255,18,0,18,273
12/16/2012,ADS,TX,ASW,CE,Towers with Radar,0,9,69,0,78,0,2,172,0,174,0,11,241,0,252,30,0,30,282
12/17/2012,ADS,TX,ASW,CE,Towers with Radar,0,13,90,0,103,0,9,169,0,178,0,22,259,0,281,22,0,22,303
12/18/2012,ADS,TX,ASW,CE,Towers with Radar,0,18,78,0,96,0,19,153,0,172,0,37,231,0,268,13,0,13,281
12/19/2012,ADS,TX,ASW,CE,Towers with Radar,0,29,97,0,126,0,4,34,0,38,0,33,131,0,164,2,0,2,166
12/20/2012,ADS,TX,ASW,CE,Towers with Radar,0,22,71,0,93,0,8,79,1,88,0,30,150,1,181,6,0,6,187
12/21/2012,ADS,TX,ASW,CE,Towers with Radar,0,26,61,1,88,0,10,249,0,259,0,36,310,1,347,15,0,15,362
12/22/2012,ADS,TX,ASW,CE,Towers with Radar,0,14,75,1,90,0,5,184,2,191,0,19,259,3,281,6,0,6,287
12/23/2012,ADS,TX,ASW,CE,Towers with Radar,0,6,48,0,54,0,0,98,0,98,0,6,146,0,152,12,0,12,164
12/24/2012,ADS,TX,ASW,CE,Towers with Radar,1,9,21,0,31,0,9,109,0,118,1,18,130,0,149,32,0,32,181
12/25/2012,ADS,TX,ASW,CE,Towers with Radar,1,3,6,0,10,0,0,0,0,0,1,3,6,0,10,0,0,0,10
12/26/2012,ADS,TX,ASW,CE,Towers with Radar,0,19,56,0,75,0,6,51,0,57,0,25,107,0,132,4,0,4,136
12/27/2012,ADS,TX,ASW,CE,Towers with Radar,0,29,76,0,105,0,2,79,0,81,0,31,155,0,186,14,0,14,200
12/28/2012,ADS,TX,ASW,CE,Towers with Radar,0,25,52,0,77,0,4,29,0,33,0,29,81,0,110,2,0,2,112
12/29/2012,ADS,TX,ASW,CE,Towers with Radar,0,12,45,0,57,0,4,196,0,200,0,16,241,0,257,20,0,20,277
12/30/2012,ADS,TX,ASW,CE,Towers with Radar,0,12,50,0,62,0,0,145,0,145,0,12,195,0,207,9,0,9,216
12/31/2012,ADS,TX,ASW,CE,Towers with Radar,0,21,39,0,60,0,0,0,0,0,0,21,39,0,60,0,0,0,60
01/01/2013,ADS,TX,ASW,CE,Towers with Radar,0,14,43,0,57,0,0,6,0,6,0,14,49,0,63,6,0,6,69
01/02/2013,ADS,TX,ASW,CE,Towers with Radar,0,20,81,0,101,0,6,45,0,51,0,26,126,0,152,18,0,18,170
01/03/2013,ADS,TX,ASW,CE,Towers with Radar,0,18,69,0,87,0,10,125,0,135,0,28,194,0,222,2,0,2,224
01/04/2013,ADS,TX,ASW,CE,Towers with Radar,0,36,78,0,114,0,3,105,0,108,0,39,183,0,222,2,0,2,224
01/05/2013,ADS,TX,ASW,CE,Towers with Radar,0,17,93,1,111,0,1,116,0,117,0,18,209,1,228,32,0,32,260
01/06/2013,ADS,TX,ASW,CE,Towers with Radar,0,21,78,0,99,0,1,200,1,202,0,22,278,1,301,24,0,24,325
01/07/2013,ADS,TX,ASW,CE,Towers with Radar,0,20,78,0,98,0,7,143,0,150,0,27,221,0,248,0,0,0,248
01/08/2013,ADS,TX,ASW,CE,Towers with Radar,0,34,73,0,107,0,0,12,0,12,0,34,85,0,119,0,0,0,119
01/09/2013,ADS,TX,ASW,CE,Towers with Radar,0,29,61,0,90,0,0,0,0,0,0,29,61,0,90,0,0,0,90
01/10/2013,ADS,TX,ASW,CE,Towers with Radar,0,24,100,0,124,0,11,83,0,94,0,35,183,0,218,20,0,20,238
01/11/2013,ADS,TX,ASW,CE,Towers with Radar,0,27,75,1,103,0,8,169,1,178,0,35,244,2,281,10,0,10,291
01/12/2013,ADS,TX,ASW,CE,Towers with Radar,0,7,35,1,43,0,0,1,0,1,0,7,36,1,44,0,0,0,44
01/13/2013,ADS,TX,ASW,CE,Towers with Radar,0,14,49,0,63,0,7,119,0,126,0,21,168,0,189,28,0,28,217
01/14/2013,ADS,TX,ASW,CE,Towers with Radar,0,20,76,2,98,0,10,132,2,144,0,30,208,4,242,42,0,42,284
01/15/2013,ADS,TX,ASW,CE,Towers with Radar,1,31,60,0,92,0,5,49,0,54,1,36,109,0,146,64,0,64,210
01/16/2013,ADS,TX,ASW,CE,Towers with Radar,0,20,78,0,98,0,9,153,0,162,0,29,231,0,260,2,0,2,262
01/17/2013,ADS,TX,ASW,CE,Towers with Radar,0,24,76,0,100,0,19,194,1,214,0,43,270,1,314,18,0,18,332
01/18/2013,ADS,TX,ASW,CE,Towers with Radar,0,25,68,0,93,0,8,201,0,209,0,33,269,0,302,24,0,24,326
01/19/2013,ADS,TX,ASW,CE,Towers with Radar,0,5,45,1,51,0,2,252,0,254,0,7,297,1,305,30,0,30,335
01/20/2013,ADS,TX,ASW,CE,Towers with Radar,0,11,48,0,59,0,0,214,1,215,0,11,262,1,274,42,0,42,316
01/21/2013,ADS,TX,ASW,CE,Towers with Radar,0,14,79,0,93,0,2,154,0,156,0,16,233,0,249,14,0,14,263
01/22/2013,ADS,TX,ASW,CE,Towers with Radar,0,28,76,0,104,0,7,142,0,149,0,35,218,0,253,10,0,10,263
01/23/2013,ADS,TX,ASW,CE,Towers with Radar,0,21,116,0,137,0,13,127,1,141,0,34,243,1,278,4,0,4,282
01/24/2013,ADS,TX,ASW,CE,Towers with Radar,0,22,127,0,149,0,8,129,0,137,0,30,256,0,286,34,0,34,320
01/25/2013,ADS,TX,ASW,CE,Towers with Radar,0,29,105,2,136,0,2,19,0,21,0,31,124,2,157,14,0,14,171
01/26/2013,ADS,TX,ASW,CE,Towers with Radar,0,8,51,0,59,0,0,0,0,0,0,8,51,0,59,0,0,0,59
01/27/2013,ADS,TX,ASW,CE,Towers with Radar,0,16,85,2,103,0,1,39,1,41,0,17,124,3,144,10,0,10,154
01/28/2013,ADS,TX,ASW,CE,Towers with Radar,0,20,99,0,119,0,7,51,1,59,0,27,150,1,178,4,0,4,182
01/29/2013,ADS,TX,ASW,CE,Towers with Radar,0,37,59,0,96,0,5,8,0,13,0,42,67,0,109,0,0,0,109
01/30/2013,ADS,TX,ASW,CE,Towers with Radar,0,22,86,0,108,0,10,78,0,88,0,32,164,0,196,20,0,20,216
01/31/2013,ADS,TX,ASW,CE,Towers with Radar,1,26,89,2,118,0,11,252,0,263,1,37,341,2,381,14,0,14,395
02/01/2013,ADS,TX,ASW,CE,Towers with Radar,0,24,91,0,115,0,11,175,2,188,0,35,266,2,303,19,0,19,322
02/02/2013,ADS,TX,ASW,CE,Towers with Radar,1,6,59,1,67,0,4,232,1,237,1,10,291,2,304,53,0,53,357
02/03/2013,ADS,TX,ASW,CE,Towers with Radar,0,17,54,0,71,0,2,199,0,201,0,19,253,0,272,20,0,20,292
02/04/2013,ADS,TX,ASW,CE,Towers with Radar,0,23,98,0,121,0,7,78,0,85,0,30,176,0,206,8,0,8,214
02/05/2013,ADS,TX,ASW,CE,Towers with Radar,0,32,112,0,144,0,0,2,0,2,0,32,114,0,146,0,0,0,146
02/06/2013,ADS,TX,ASW,CE,Towers with Radar,0,29,104,2,135,0,6,58,0,64,0,35,162,2,199,74,0,74,273
02/07/2013,ADS,TX,ASW,CE,Towers with Radar,0,22,117,2,141,0,7,96,0,103,0,29,213,2,244,8,0,8,252
02/08/2013,ADS,TX,ASW,CE,Towers with Radar,0,26,86,2,114,0,10,225,0,235,0,36,311,2,349,54,0,54,403
02/09/2013,ADS,TX,ASW,CE,Towers with Radar,0,18,79,0,97,0,0,16,0,16,0,18,95,0,113,0,0,0,113
02/10/2013,ADS,TX,ASW,CE,Towers with Radar,0,16,59,2,77,0,0,169,0,169,0,16,228,2,246,12,0,12,258
02/11/2013,ADS,TX,ASW,CE,Towers with Radar,0,31,81,0,112,0,4,110,0,114,0,35,191,0,226,24,0,24,250
02/12/2013,ADS,TX,ASW,CE,Towers with Radar,3,35,96,0,134,0,2,0,0,2,3,37,96,0,136,0,0,0,136
02/13/2013,ADS,TX,ASW,CE,Towers with Radar,2,19,97,0,118,0,8,137,0,145,2,27,234,0,263,29,0,29,292
02/14/2013,ADS,TX,ASW,CE,Towers with Radar,0,11,77,3,91,0,12,219,0,231,0,23,296,3,322,46,8,54,376
02/15/2013,ADS,TX,ASW,CE,Towers with Radar,0,17,84,0,101,0,13,127,0,140,0,30,211,0,241,4,0,4,245
02/16/2013,ADS,TX,ASW,CE,Towers with Radar,0,9,49,0,58,0,3,272,2,277,0,12,321,2,335,22,0,22,357
02/17/2013,ADS,TX,ASW,CE,Towers with Radar,0,9,55,0,64,0,0,130,0,130,0,9,185,0,194,14,0,14,208
02/18/2013,ADS,TX,ASW,CE,Towers with Radar,0,19,79,0,98,0,1,46,1,48,0,20,125,1,146,6,0,6,152
02/19/2013,ADS,TX,ASW,CE,Towers with Radar,0,23,83,0,106,0,10,177,0,187,0,33,260,0,293,10,0,10,303
02/20/2013,ADS,TX,ASW,CE,Towers with Radar,0,25,77,0,102,0,2,39,0,41,0,27,116,0,143,4,0,4,147
02/21/2013,ADS,TX,ASW,CE,Towers with Radar,0,35,75,0,110,0,4,91,0,95,0,39,166,0,205,30,0,30,235
02/22/2013,ADS,TX,ASW,CE,Towers with Radar,0,33,82,2,117,0,8,203,0,211,0,41,285,2,328,10,0,10,338
02/23/2013,ADS,TX,ASW,CE,Towers with Radar,0,10,58,0,68,0,2,279,0,281,0,12,337,0,349,24,0,24,373
02/24/2013,ADS,TX,ASW,CE,Towers with Radar,0,17,57,0,74,0,4,200,0,204,0,21,257,0,278,2,0,2,280
02/25/2013,ADS,TX,ASW,CE,Towers with Radar,0,22,67,0,89,0,1,16,0,17,0,23,83,0,106,12,0,12,118
02/26/2013,ADS,TX,ASW,CE,Towers with Radar,0,25,81,0,106,0,6,87,0,93,0,31,168,0,199,22,0,22,221
02/27/2013,ADS,TX,ASW,CE,Towers with Radar,0,24,79,1,104,0,9,176,2,187,0,33,255,3,291,12,0,12,303
02/28/2013,ADS,TX,ASW,CE,Towers with Radar,0,20,76,2,98,0,13,187,1,201,0,33,263,3,299,38,0,38,337
03/01/2013,ADS,TX,ASW,CE,Towers with Radar,1,21,69,1,92,0,9,189,0,198,1,30,258,1,290,8,0,8,298
03/02/2013,ADS,TX,ASW,CE,Towers with Radar,1,6,54,0,61,0,1,187,0,188,1,7,241,0,249,30,0,30,279
03/03/2013,ADS,TX,ASW,CE,Towers with Radar,0,16,62,0,78,0,1,171,0,172,0,17,233,0,250,14,0,14,264
03/04/2013,ADS,TX,ASW,CE,Towers with Radar,0,26,55,0,81,0,12,103,0,115,0,38,158,0,196,2,0,2,198
03/05/2013,ADS,TX,ASW,CE,Towers with Radar,0,18,68,0,86,0,10,130,1,141,0,28,198,1,227,8,2,10,237
03/06/2013,ADS,TX,ASW,CE,Towers with Radar,0,19,78,0,97,0,11,235,2,248,0,30,313,2,345,4,0,4,349
03/07/2013,ADS,TX,ASW,CE,Towers with Radar,0,13,109,0,122,0,10,187,0,197,0,23,296,0,319,10,0,10,329
03/08/2013,ADS,TX,ASW,CE,Towers with Radar,1,30,136,4,171,0,1,54,0,55,1,31,190,4,226,28,0,28,254
03/09/2013,ADS,TX,ASW,CE,Towers with Radar,0,19,70,0,89,0,0,0,0,0,0,19,70,0,89,4,0,4,93
03/10/2013,ADS,TX,ASW,CE,Towers with Radar,0,18,66,0,84,0,0,34,0,34,0,18,100,0,118,14,0,14,132
03/11/2013,ADS,TX,ASW,CE,Towers with Radar,0,21,52,0,73,0,12,169,0,181,0,33,221,0,254,8,0,8,262
03/12/2013,ADS,TX,ASW,CE,Towers with Radar,1,19,67,0,87,0,11,197,2,210,1,30,264,2,297,10,0,10,307
03/13/2013,ADS,TX,ASW,CE,Towers with Radar,0,22,60,0,82,0,12,207,0,219,0,34,267,0,301,37,0,37,338
03/14/2013,ADS,TX,ASW,CE,Towers with Radar,0,14,79,0,93,0,17,175,0,192,0,31,254,0,285,26,0,26,311
03/15/2013,ADS,TX,ASW,CE,Towers with Radar,1,17,79,0,97,0,14,203,1,218,1,31,282,1,315,22,0,22,337
03/16/2013,ADS,TX,ASW,CE,Towers with Radar,0,21,66,0,87,0,3,178,0,181,0,24,244,0,268,10,0,10,278
03/17/2013,ADS,TX,ASW,CE,Towers with Radar,1,21,80,0,102,0,1,112,0,113,1,22,192,0,215,23,0,23,238
03/18/2013,ADS,TX,ASW,CE,Towers with Radar,1,18,85,0,104,0,9,116,0,125,1,27,201,0,229,0,0,0,229
03/19/2013,ADS,TX,ASW,CE,Towers with Radar,0,30,82,3,115,0,9,204,1,214,0,39,286,4,329,10,0,10,339
03/20/2013,ADS,TX,ASW,CE,Towers with Radar,0,17,69,0,86,0,13,217,1,231,0,30,286,1,317,28,0,28,345
03/21/2013,ADS,TX,ASW,CE,Towers with Radar,0,28,73,0,101,0,9,96,0,105,0,37,169,0,206,24,0,24,230
03/22/2013,ADS,TX,ASW,CE,Towers with Radar,0,37,123,0,160,0,1,5,0,6,0,38,128,0,166,2,0,2,168
03/23/2013,ADS,TX,ASW,CE,Towers with Radar,0,10,53,0,63,0,0,0,0,0,0,10,53,0,63,8,0,8,71
03/24/2013,ADS,TX,ASW,CE,Towers with Radar,0,12,44,0,56,0,0,62,1,63,0,12,106,1,119,8,0,8,127
03/25/2013,ADS,TX,ASW,CE,Towers with Radar,0,10,70,0,80,0,11,173,0,184,0,21,243,0,264,2,0,2,266
03/26/2013,ADS,TX,ASW,CE,Towers with Radar,2,11,71,0,84,0,12,248,0,260,2,23,319,0,344,37,0,37,381
03/27/2013,ADS,TX,ASW,CE,Towers with Radar,0,31,103,0,134,0,13,164,0,177,0,44,267,0,311,40,0,40,351
03/28/2013,ADS,TX,ASW,CE,Towers with Radar,0,27,103,0,130,0,6,124,2,132,0,33,227,2,262,70,0,70,332
03/29/2013,ADS,TX,ASW,CE,Towers with Radar,0,25,94,1,120,0,6,113,1,120,0,31,207,2,240,34,0,34,274
03/30/2013,ADS,TX,ASW,CE,Towers with Radar,0,11,67,4,82,0,0,103,0,103,0,11,170,4,185,65,0,65,250
03/31/2013,ADS,TX,ASW,CE,Towers with Radar,0,16,45,0,61,0,1,47,0,48,0,17,92,0,109,0,0,0,109
04/01/2013,ADS,TX,ASW,CE,Towers with Radar,0,13,76,0,89,0,11,183,0,194,0,24,259,0,283,54,0,54,337
04/02/2013,ADS,TX,ASW,CE,Towers with Radar,3,24,81,4,112,0,0,24,0,24,3,24,105,4,136,18,0,18,154
04/03/2013,ADS,TX,ASW,CE,Towers with Radar,1,25,87,8,121,0,0,0,0,0,1,25,87,8,121,0,0,0,121
04/04/2013,ADS,TX,ASW,CE,Towers with Radar,1,21,140,8,170,0,1,41,0,42,1,22,181,8,212,8,0,8,220
04/05/2013,ADS,TX,ASW,CE,Towers with Radar,1,29,85,6,121,0,13,255,3,271,1,42,340,9,392,25,0,25,417
04/06/2013,ADS,TX,ASW,CE,Towers with Radar,0,9,55,0,64,0,0,141,3,144,0,9,196,3,208,0,0,0,208
04/07/2013,ADS,TX,ASW,CE,Towers with Radar,0,16,70,0,86,0,0,39,1,40,0,16,109,1,126,6,0,6,132
04/08/2013,ADS,TX,ASW,CE,Towers with Radar,0,23,100,0,123,0,4,65,2,71,0,27,165,2,194,8,0,8,202
04/09/2013,ADS,TX,ASW,CE,Towers with Radar,0,25,87,0,112,0,7,61,0,68,0,32,148,0,180,10,0,10,190
04/10/2013,ADS,TX,ASW,CE,Towers with Radar,0,26,66,0,92,0,6,4,0,10,0,32,70,0,102,0,0,0,102
04/11/2013,ADS,TX,ASW,CE,Towers with Radar,1,30,82,2,115,0,12,229,3,244,1,42,311,5,359,8,0,8,367
04/12/2013,ADS,TX,ASW,CE,Towers with Radar,0,23,98,0,121,0,14,221,1,236,0,37,319,1,357,16,0,16,373
04/13/2013,ADS,TX,ASW,CE,Towers with Radar,1,11,68,0,80,0,6,203,0,209,1,17,271,0,289,6,0,6,295
04/14/2013,ADS,TX,ASW,CE,Towers with Radar,1,15,72,1,89,0,1,171,2,174,1,16,243,3,263,0,0,0,263
04/15/2013,ADS,TX,ASW,CE,Towers with Radar,1,25,85,0,111,0,7,100,0,107,1,32,185,0,218,26,0,26,244
04/16/2013,ADS,TX,ASW,CE,Towers with Radar,0,26,97,0,123,0,6,131,0,137,0,32,228,0,260,16,0,16,276
04/17/2013,ADS,TX,ASW,CE,Towers with Radar,0,34,74,1,109,0,8,45,1,54,0,42,119,2,163,14,0,14,177
04/18/2013,ADS,TX,ASW,CE,Towers with Radar,1,25,76,0,102,0,6,25,1,32,1,31,101,1,134,2,0,2,136
04/19/2013,ADS,TX,ASW,CE,Towers with Radar,0,21,96,1,118,0,8,234,2,244,0,29,330,3,362,26,0,26,388
04/20/2013,ADS,TX,ASW,CE,Towers with Radar,0,11,70,0,81,0,1,221,1,223,0,12,291,1,304,49,0,49,353
04/21/2013,ADS,TX,ASW,CE,Towers with Radar,0,11,90,0,101,0,0,175,0,175,0,11,265,0,276,8,0,8,284
04/22/2013,ADS,TX,ASW,CE,Towers with Radar,0,8,78,2,88,0,11,163,0,174,0,19,241,2,262,0,0,0,262
04/23/2013,ADS,TX,ASW,CE,Towers with Radar,2,25,139,0,166,0,0,4,0,4,2,25,143,0,170,0,0,0,170
04/24/2013,ADS,TX,ASW,CE,Towers with Radar,0,30,66,0,96,0,4,126,0,130,0,34,192,0,226,14,2,16,242
04/25/2013,ADS,TX,ASW,CE,Towers with Radar,0,31,76,0,107,0,5,24,0,29,0,36,100,0,136,0,0,0,136
04/26/2013,ADS,TX,ASW,CE,Towers with Radar,0,33,108,0,141,0,8,83,2,93,0,41,191,2,234,22,0,22,256
04/27/2013,ADS,TX,ASW,CE,Towers with Radar,0,14,97,0,111,0,2,99,0,101,0,16,196,0,212,18,0,18,230
04/28/2013,ADS,TX,ASW,CE,Towers with Radar,0,22,67,0,89,0,2,208,1,211,0,24,275,1,300,26,0,26,326
04/29/2013,ADS,TX,ASW,CE,Towers with Radar,1,27,91,0,119,0,10,197,0,207,1,37,288,0,326,14,0,14,340
04/30/2013,ADS,TX,ASW,CE,Towers with Radar,0,25,119,0,144,0,8,157,0,165,0,33,276,0,309,21,0,21,330
05/01/2013,ADS,TX,ASW,CE,Towers with Radar,0,24,100,0,124,0,14,110,3,127,0,38,210,3,251,4,0,4,255
05/02/2013,ADS,TX,ASW,CE,Towers with Radar,0,41,88,0,129,0,1,7,0,8,0,42,95,0,137,0,0,0,137
05/03/2013,ADS,TX,ASW,CE,Towers with Radar,0,20,88,0,108,0,14,140,3,157,0,34,228,3,265,0,0,0,265
05/04/2013,ADS,TX,ASW,CE,Towers with Radar,0,20,62,0,82,0,2,223,0,225,0,22,285,0,307,16,0,16,323
05/05/2013,ADS,TX,ASW,CE,Towers with Radar,1,21,69,0,91,0,2,179,0,181,1,23,248,0,272,0,0,0,272
05/06/2013,ADS,TX,ASW,CE,Towers with Radar,0,25,79,0,104,0,9,170,3,182,0,34,249,3,286,8,0,8,294
05/07/2013,ADS,TX,ASW,CE,Towers with Radar,0,18,56,0,74,0,12,272,5,289,0,30,328,5,363,22,0,22,385
05/08/2013,ADS,TX,ASW,CE,Towers with Radar,0,22,97,0,119,0,11,135,3,149,0,33,232,3,268,36,0,36,304
05/09/2013,ADS,TX,ASW,CE,Towers with Radar,0,20,96,0,116,0,3,23,0,26,0,23,119,0,142,42,0,42,184
05/10/2013,ADS,TX,ASW,CE,Towers with Radar,0,30,89,0,119,0,7,94,3,104,0,37,183,3,223,42,0,42,265
05/11/2013,ADS,TX,ASW,CE,Towers with Radar,0,9,45,0,54,0,3,220,1,224,0,12,265,1,278,4,0,4,282
05/12/2013,ADS,TX,ASW,CE,Towers with Radar,0,13,55,0,68,0,3,185,1,189,0,16,240,1,257,4,0,4,261
05/13/2013,ADS,TX,ASW,CE,Towers with Radar,2,20,58,4,84,0,11,187,2,200,2,31,245,6,284,8,0,8,292
05/14/2013,ADS,TX,ASW,CE,Towers with Radar,0,18,91,0,109,0,10,218,7,235,0,28,309,7,344,24,2,26,370
05/15/2013,ADS,TX,ASW,CE,Towers with Radar,0,33,103,0,136,0,0,24,1,25,0,33,127,1,161,0,0,0,161
05/16/2013,ADS,TX,ASW,CE,Towers with Radar,0,40,152,2,194,0,5,58,1,64,0,45,210,3,258,4,0,4,262
05/17/2013,ADS,TX,ASW,CE,Towers with Radar,0,34,103,0,137,0,4,88,1,93,0,38,191,1,230,4,0,4,234
05/18/2013,ADS,TX,ASW,CE,Towers with Radar,0,17,59,0,76,0,0,204,6,210,0,17,263,6,286,87,0,87,373
05/19/2013,ADS,TX,ASW,CE,Towers with Radar,2,10,77,0,89,0,0,74,8,82,2,10,151,8,171,30,0,30,201
05/20/2013,ADS,TX,ASW,CE,Towers with Radar,0,17,98,0,115,0,13,85,4,102,0,30,183,4,217,20,0,20,237
05/21/2013,ADS,TX,ASW,CE,Towers with Radar,2,31,67,0,100,0,1,16,0,17,2,32,83,0,117,7,0,7,124
05/22/2013,ADS,TX,ASW,CE,Towers with Radar,0,19,98,1,118,0,12,207,2,221,0,31,305,3,339,13,0,13,352
05/23/2013,ADS,TX,ASW,CE,Towers with Radar,0,24,132,1,157,0,7,116,1,124,0,31,248,2,281,12,0,12,293
05/24/2013,ADS,TX,ASW,CE,Towers with Radar,0,25,103,2,130,0,3,96,2,101,0,28,199,4,231,56,0,56,287
05/25/2013,ADS,TX,ASW,CE,Towers with Radar,0,15,76,0,91,0,0,43,1,44,0,15,119,1,135,8,0,8,143
05/26/2013,ADS,TX,ASW,CE,Towers with Radar,0,9,47,2,58,0,0,101,2,103,0,9,148,4,161,10,0,10,171
05/27/2013,ADS,TX,ASW,CE,Towers with Radar,0,20,68,0,88,0,1,107,0,108,0,21,175,0,196,0,0,0,196
05/28/2013,ADS,TX,ASW,CE,Towers with Radar,0,22,98,2,122,0,7,95,2,104,0,29,193,4,226,16,0,16,242
05/29/2013,ADS,TX,ASW,CE,Towers with Radar,2,25,73,0,100,0,9,48,2,59,2,34,121,2,159,26,0,26,185
05/30/2013,ADS,TX,ASW,CE,Towers with Radar,0,28,89,0,117,0,7,65,2,74,0,35,154,2,191,0,0,0,191
05/31/2013,ADS,TX,ASW,CE,Towers with Radar,0,23,105,0,128,0,6,107,2,115,0,29,212,2,243,18,0,18,261
06/01/2013,ADS,TX,ASW,CE,Towers with Radar,0,9,49,0,58,0,0,62,0,62,0,9,111,0,120,1,0,1,121
06/02/2013,ADS,TX,ASW,CE,Towers with Radar,0,15,63,0,78,0,1,320,1,322,0,16,383,1,400,30,0,30,430
06/03/2013,ADS,TX,ASW,CE,Towers with Radar,0,18,65,0,83,0,9,220,4,233,0,27,285,4,316,2,0,2,318
06/04/2013,ADS,TX,ASW,CE,Towers with Radar,0,31,81,2,114,0,11,192,3,206,0,42,273,5,320,22,0,22,342
06/05/2013,ADS,TX,ASW,CE,Towers with Radar,0,21,54,1,76,0,11,234,5,250,0,32,288,6,326,8,4,12,338
06/06/2013,ADS,TX,ASW,CE,Towers with Radar,1,20,106,0,127,0,8,79,0,87,1,28,185,0,214,24,0,24,238
06/07/2013,ADS,TX,ASW,CE,Towers with Radar,0,18,68,1,87,0,9,242,4,255,0,27,310,5,342,17,0,17,359
06/08/2013,ADS,TX,ASW,CE,Towers with Radar,0,13,52,0,65,0,2,236,0,238,0,15,288,0,303,28,0,28,331
06/09/2013,ADS,TX,ASW,CE,Towers with Radar,1,24,62,1,88,0,1,132,3,136,1,25,194,4,224,7,0,7,231
06/10/2013,ADS,TX,ASW,CE,Towers with Radar,1,26,61,0,88,0,11,197,4,212,1,37,258,4,300,36,0,36,336
06/11/2013,ADS,TX,ASW,CE,Towers with Radar,0,25,101,0,126,0,14,198,4,216,0,39,299,4,342,24,0,24,366
06/12/2013,ADS,TX,ASW,CE,Towers with Radar,0,19,95,4,118,0,10,176,2,188,0,29,271,6,306,4,0,4,310
06/13/2013,ADS,TX,ASW,CE,Towers with Radar,0,23,104,0,127,0,10,228,3,241,0,33,332,3,368,36,0,36,404
06/14/2013,ADS,TX,ASW,CE,Towers with Radar,1,11,66,2,80,0,7,186,6,199,1,18,252,8,279,22,0,22,301
06/15/2013,ADS,TX,ASW,CE,Towers with Radar,0,2,36,0,38,0,1,158,1,160,0,3,194,1,198,2,0,2,200
06/16/2013,ADS,TX,ASW,CE,Towers with Radar,0,13,53,0,66,0,0,161,2,163,0,13,214,2,229,4,0,4,233
06/17/2013,ADS,TX,ASW,CE,Towers with Radar,0,15,64,0,79,0,9,87,4,100,0,24,151,4,179,6,0,6,185
06/18/2013,ADS,TX,ASW,CE,Towers with Radar,0,29,83,2,114,0,10,134,2,146,0,39,217,4,260,26,0,26,286
06/19/2013,ADS,TX,ASW,CE,Towers with Radar,0,27,94,0,121,0,8,167,2,177,0,35,261,2,298,10,0,10,308
06/20/2013,ADS,TX,ASW,CE,Towers with Radar,1,12,99,0,112,0,12,208,7,227,1,24,307,7,339,29,0,29,368
06/21/2013,ADS,TX,ASW,CE,Towers with Radar,0,32,84,0,116,0,14,221,5,240,0,46,305,5,356,2,0,2,358
06/22/2013,ADS,TX,ASW,CE,Towers with Radar,1,6,48,0,55,0,2,201,1,204,1,8,249,1,259,28,0,28,287
06/23/2013,ADS,TX,ASW,CE,Towers with Radar,2,15,64,4,85,0,0,168,1,169,2,15,232,5,254,24,0,24,278
06/24/2013,ADS,TX,ASW,CE,Towers with Radar,2,25,76,0,103,0,13,151,4,168,2,38,227,4,271,8,0,8,279
06/25/2013,ADS,TX,ASW,CE,Towers with Radar,0,37,99,0,136,0,9,125,2,136,0,46,224,2,272,2,0,2,274
06/26/2013,ADS,TX,ASW,CE,Towers with Radar,0,26,86,1,113,0,9,175,3,187,0,35,261,4,300,26,0,26,326
06/27/2013,ADS,TX,ASW,CE,Towers with Radar,0,22,80,0,102,0,16,218,4,238,0,38,298,4,340,42,0,42,382
06/28/2013,ADS,TX,ASW,CE,Towers with Radar,0,18,73,2,93,0,11,204,3,218,0,29,277,5,311,6,0,6,317
06/29/2013,ADS,TX,ASW,CE,Towers with Radar,0,18,63,0,81,0,3,184,0,187,0,21,247,0,268,22,0,22,290
06/30/2013,ADS,TX,ASW,CE,Towers with Radar,1,8,53,0,62,0,0,167,0,167,1,8,220,0,229,18,0,18,247
07/01/2013,ADS,TX,ASW,CE,Towers with Radar,0,15,66,0,81,0,9,159,4,172,0,24,225,4,253,2,0,2,255
07/02/2013,ADS,TX,ASW,CE,Towers with Radar,1,12,63,1,77,0,13,189,4,206,1,25,252,5,283,72,0,72,355
07/03/2013,ADS,TX,ASW,CE,Towers with Radar,0,6,69,2,77,0,6,176,5,187,0,12,245,7,264,6,0,6,270
07/04/2013,ADS,TX,ASW,CE,Towers with Radar,0,6,35,0,41,0,3,118,0,121,0,9,153,0,162,7,0,7,169
07/05/2013,ADS,TX,ASW,CE,Towers with Radar,0,14,40,0,54,0,9,165,9,183,0,23,205,9,237,6,0,6,243
07/06/2013,ADS,TX,ASW,CE,Towers with Radar,0,14,46,0,60,0,1,148,5,154,0,15,194,5,214,15,0,15,229
07/07/2013,ADS,TX,ASW,CE,Towers with Radar,0,9,65,1,75,0,0,151,2,153,0,9,216,3,228,51,0,51,279
07/08/2013,ADS,TX,ASW,CE,Towers with Radar,1,12,69,0,82,0,9,128,4,141,1,21,197,4,223,6,0,6,229
07/09/2013,ADS,TX,ASW,CE,Towers with Radar,0,16,63,0,79,0,8,137,4,149,0,24,200,4,228,0,0,0,228
07/10/2013,ADS,TX,ASW,CE,Towers with Radar,1,28,81,0,110,0,15,164,6,185,1,43,245,6,295,7,0,7,302
07/11/2013,ADS,TX,ASW,CE,Towers with Radar,0,16,82,1,99,0,10,127,2,139,0,26,209,3,238,3,0,3,241
07/12/2013,ADS,TX,ASW,CE,Towers with Radar,0,18,77,1,96,0,16,166,6,188,0,34,243,7,284,34,0,34,318
07/13/2013,ADS,TX,ASW,CE,Towers with Radar,0,11,41,0,52,1,4,208,2,215,1,15,249,2,267,24,0,24,291
07/14/2013,ADS,TX,ASW,CE,Towers with Radar,0,13,63,0,76,0,0,46,0,46,0,13,109,0,122,26,0,26,148
07/15/2013,ADS,TX,ASW,CE,Towers with Radar,0,35,103,2,140,0,0,2,0,2,0,35,105,2,142,0,0,0,142
07/16/2013,ADS,TX,ASW,CE,Towers with Radar,0,29,98,0,127,0,5,60,0,65,0,34,158,0,192,4,0,4,196
07/17/2013,ADS,TX,ASW,CE,Towers with Radar,0,30,74,0,104,0,9,134,0,143,0,39,208,0,247,14,0,14,261
07/18/2013,ADS,TX,ASW,CE,Towers with Radar,0,23,70,0,93,0,12,191,1,204,0,35,261,1,297,18,0,18,315
07/19/2013,ADS,TX,ASW,CE,Towers with Radar,0,16,69,0,85,0,11,148,0,159,0,27,217,0,244,0,0,0,244
07/20/2013,ADS,TX,ASW,CE,Towers with Radar,0,11,56,0,67,0,3,219,2,224,0,14,275,2,291,18,0,18,309
07/21/2013,ADS,TX,ASW,CE,Towers with Radar,0,17,59,0,76,0,0,190,0,190,0,17,249,0,266,49,0,49,315
07/22/2013,ADS,TX,ASW,CE,Towers with Radar,0,26,88,0,114,0,8,123,0,131,0,34,211,0,245,14,0,14,259
07/23/2013,ADS,TX,ASW,CE,Towers with Radar,0,27,66,0,93,0,15,168,0,183,0,42,234,0,276,24,0,24,300
07/24/2013,ADS,TX,ASW,CE,Towers with Radar,0,22,63,0,85,0,8,125,0,133,0,30,188,0,218,12,0,12,230
07/25/2013,ADS,TX,ASW,CE,Towers with Radar,0,20,76,0,96,0,13,215,0,228,0,33,291,0,324,24,0,24,348
07/26/2013,ADS,TX,ASW,CE,Towers with Radar,0,20,83,0,103,0,10,101,0,111,0,30,184,0,214,2,0,2,216
07/27/2013,ADS,TX,ASW,CE,Towers with Radar,0,11,48,0,59,0,2,178,0,180,0,13,226,0,239,12,0,12,251
07/28/2013,ADS,TX,ASW,CE,Towers with Radar,0,17,47,0,64,0,4,178,1,183,0,21,225,1,247,24,0,24,271
07/29/2013,ADS,TX,ASW,CE,Towers with Radar,0,21,88,2,111,0,12,118,1,131,0,33,206,3,242,18,0,18,260
07/30/2013,ADS,TX,ASW,CE,Towers with Radar,0,21,76,0,97,0,8,164,0,172,0,29,240,0,269,4,0,4,273
07/31/2013,ADS,TX,ASW,CE,Towers with Radar,0,22,71,0,93,0,14,172,0,186,0,36,243,0,279,20,0,20,299
08/01/2013,ADS,TX,ASW,CE,Towers with Radar,1,17,73,0,91,0,11,145,0,156,1,28,218,0,247,22,0,22,269
08/02/2013,ADS,TX,ASW,CE,Towers with Radar,0,6,88,0,94,0,13,197,2,212,0,19,285,2,306,2,0,2,308
08/03/2013,ADS,TX,ASW,CE,Towers with Radar,1,9,40,0,50,0,4,191,0,195,1,13,231,0,245,12,0,12,257
08/04/2013,ADS,TX,ASW,CE,Towers with Radar,0,9,55,0,64,0,0,163,1,164,0,9,218,1,228,0,0,0,228
08/05/2013,ADS,TX,ASW,CE,Towers with Radar,0,13,65,0,78,0,13,167,0,180,0,26,232,0,258,24,0,24,282
08/06/2013,ADS,TX,ASW,CE,Towers with Radar,0,11,65,0,76,0,12,173,0,185,0,23,238,0,261,10,0,10,271
08/07/2013,ADS,TX,ASW,CE,Towers with Radar,0,24,69,2,95,0,7,178,0,185,0,31,247,2,280,4,0,4,284
08/08/2013,ADS,TX,ASW,CE,Towers with Radar,0,15,101,0,116,0,20,171,0,191,0,35,272,0,307,40,0,40,347
08/09/2013,ADS,TX,ASW,CE,Towers with Radar,1,8,49,0,58,0,5,143,0,148,1,13,192,0,206,2,0,2,208
08/10/2013,ADS,TX,ASW,CE,Towers with Radar,0,0,1,0,1,0,0,13,0,13,0,0,14,0,14,0,0,0,14
08/11/2013,ADS,TX,ASW,CE,Towers with Radar,0,6,27,0,33,0,0,56,1,57,0,6,83,1,90,6,0,6,96
08/12/2013,ADS,TX,ASW,CE,Towers with Radar,1,10,49,0,60,0,9,181,1,191,1,19,230,1,251,31,0,31,282
08/13/2013,ADS,TX,ASW,CE,Towers with Radar,1,18,80,0,99,0,11,157,0,168,1,29,237,0,267,30,0,30,297
08/14/2013,ADS,TX,ASW,CE,Towers with Radar,1,33,104,0,138,0,11,126,0,137,1,44,230,0,275,11,0,11,286
08/15/2013,ADS,TX,ASW,CE,Towers with Radar,0,30,93,2,125,0,7,180,0,187,0,37,273,2,312,12,0,12,324
08/16/2013,ADS,TX,ASW,CE,Towers with Radar,0,13,95,0,108,0,8,203,0,211,0,21,298,0,319,3,0,3,322
08/17/2013,ADS,TX,ASW,CE,Towers with Radar,0,12,50,0,62,0,3,202,1,206,0,15,252,1,268,20,0,20,288
08/18/2013,ADS,TX,ASW,CE,Towers with Radar,0,18,64,0,82,0,2,136,0,138,0,20,200,0,220,0,0,0,220
08/19/2013,ADS,TX,ASW,CE,Towers with Radar,0,19,72,0,91,0,21,166,0,187,0,40,238,0,278,0,0,0,278
08/20/2013,ADS,TX,ASW,CE,Towers with Radar,0,24,85,2,111,0,14,186,1,201,0,38,271,3,312,15,0,15,327
08/21/2013,ADS,TX,ASW,CE,Towers with Radar,2,12,69,0,83,0,14,176,3,193,2,26,245,3,276,6,0,6,282
08/22/2013,ADS,TX,ASW,CE,Towers with Radar,0,13,67,0,80,0,13,175,0,188,0,26,242,0,268,6,0,6,274
08/23/2013,ADS,TX,ASW,CE,Towers with Radar,0,11,71,1,83,0,12,213,0,225,0,23,284,1,308,4,0,4,312
08/24/2013,ADS,TX,ASW,CE,Towers with Radar,0,6,38,0,44,0,6,201,2,209,0,12,239,2,253,4,0,4,257
08/25/2013,ADS,TX,ASW,CE,Towers with Radar,0,11,55,1,67,0,4,153,4,161,0,15,208,5,228,12,0,12,240
08/26/2013,ADS,TX,ASW,CE,Towers with Radar,1,14,47,0,62,0,13,148,2,163,1,27,195,2,225,0,0,0,225
08/27/2013,ADS,TX,ASW,CE,Towers with Radar,0,17,93,1,111,0,11,154,4,169,0,28,247,5,280,14,0,14,294
08/28/2013,ADS,TX,ASW,CE,Towers with Radar,0,21,70,0,91,0,12,205,4,221,0,33,275,4,312,22,0,22,334
08/29/2013,ADS,TX,ASW,CE,Towers with Radar,0,26,80,0,106,0,13,218,0,231,0,39,298,0,337,20,0,20,357
08/30/2013,ADS,TX,ASW,CE,Towers with Radar,0,23,81,0,104,0,12,226,1,239,0,35,307,1,343,4,0,4,347
08/31/2013,ADS,TX,ASW,CE,Towers with Radar,0,5,46,0,51,0,1,211,2,214,0,6,257,2,265,10,0,10,275
09/01/2013,ADS,TX,ASW,CE,Towers with Radar,0,3,46,0,49,0,0,128,0,128,0,3,174,0,177,10,0,10,187
09/02/2013,ADS,TX,ASW,CE,Towers with Radar,0,11,67,0,78,0,0,94,0,94,0,11,161,0,172,0,0,0,172
09/03/2013,ADS,TX,ASW,CE,Towers with Radar,0,3,64,0,67,0,12,169,0,181,0,15,233,0,248,14,0,14,262
09/04/2013,ADS,TX,ASW,CE,Towers with Radar,0,14,80,0,94,0,16,188,3,207,0,30,268,3,301,17,0,17,318
09/05/2013,ADS,TX,ASW,CE,Towers with Radar,0,11,86,0,97,0,18,221,4,243,0,29,307,4,340,29,0,29,369
09/06/2013,ADS,TX,ASW,CE,Towers with Radar,0,12,70,0,82,0,11,188,0,199,0,23,258,0,281,14,0,14,295
09/07/2013,ADS,TX,ASW,CE,Towers with Radar,0,7,35,0,42,0,3,244,3,250,0,10,279,3,292,38,0,38,330
09/08/2013,ADS,TX,ASW,CE,Towers with Radar,0,14,54,1,69,0,1,210,1,212,0,15,264,2,281,36,0,36,317
09/09/2013,ADS,TX,ASW,CE,Towers with Radar,0,15,91,0,106,0,13,165,0,178,0,28,256,0,284,26,0,26,310
09/10/2013,ADS,TX,ASW,CE,Towers with Radar,0,11,92,0,103,0,14,191,0,205,0,25,283,0,308,2,0,2,310
09/11/2013,ADS,TX,ASW,CE,Towers with Radar,0,25,89,2,116,0,13,173,3,189,0,38,262,5,305,22,0,22,327
09/12/2013,ADS,TX,ASW,CE,Towers with Radar,0,14,82,0,96,0,14,206,2,222,0,28,288,2,318,30,0,30,348
09/13/2013,ADS,TX,ASW,CE,Towers with Radar,1,21,79,0,101,0,12,193,0,205,1,33,272,0,306,10,0,10,316
09/14/2013,ADS,TX,ASW,CE,Towers with Radar,0,8,42,0,50,0,1,223,0,224,0,9,265,0,274,24,0,24,298
09/15/2013,ADS,TX,ASW,CE,Towers with Radar,0,12,45,0,57,0,2,190,4,196,0,14,235,4,253,36,0,36,289
09/16/2013,ADS,TX,ASW,CE,Towers with Radar,0,18,62,0,80,0,8,138,0,146,0,26,200,0,226,10,0,10,236
09/17/2013,ADS,TX,ASW,CE,Towers with Radar,0,18,81,1,100,0,10,170,0,180,0,28,251,1,280,22,0,22,302
09/18/2013,ADS,TX,ASW,CE,Towers with Radar,0,22,75,0,97,0,13,179,0,192,0,35,254,0,289,25,0,25,314
09/19/2013,ADS,TX,ASW,CE,Towers with Radar,0,26,76,0,102,0,8,132,2,142,0,34,208,2,244,26,0,26,270
09/20/2013,ADS,TX,ASW,CE,Towers with Radar,0,14,78,0,92,0,1,4,0,5,0,15,82,0,97,14,0,14,111
09/21/2013,ADS,TX,ASW,CE,Towers with Radar,0,5,54,2,61,0,3,218,2,223,0,8,272,4,284,36,0,36,320
09/22/2013,ADS,TX,ASW,CE,Towers with Radar,0,16,61,0,77,0,1,213,3,217,0,17,274,3,294,16,0,16,310
09/23/2013,ADS,TX,ASW,CE,Towers with Radar,0,18,53,0,71,0,10,156,1,167,0,28,209,1,238,7,0,7,245
09/24/2013,ADS,TX,ASW,CE,Towers with Radar,0,18,76,0,94,0,12,157,0,169,0,30,233,0,263,16,0,16,279
09/25/2013,ADS,TX,ASW,CE,Towers with Radar,0,33,91,0,124,0,18,181,1,200,0,51,272,1,324,2,0,2,326
09/26/2013,ADS,TX,ASW,CE,Towers with Radar,1,23,88,0,112,0,13,193,1,207,1,36,281,1,319,18,0,18,337
09/27/2013,ADS,TX,ASW,CE,Towers with Radar,0,22,86,4,112,0,13,187,1,201,0,35,273,5,313,16,0,16,329
09/28/2013,ADS,TX,ASW,CE,Towers with Radar,0,11,50,0,61,0,0,8,0,8,0,11,58,0,69,0,0,0,69
09/29/2013,ADS,TX,ASW,CE,Towers with Radar,2,16,74,2,94,0,1,179,0,180,2,17,253,2,274,2,0,2,276
09/30/2013,ADS,TX,ASW,CE,Towers with Radar,1,14,89,0,104,0,17,191,1,209,1,31,280,1,313,8,0,8,321
10/01/2013,ADS,TX,ASW,CE,Towers with Radar,2,20,81,0,103,0,7,114,0,121,2,27,195,0,224,26,0,26,250
10/02/2013,ADS,TX,ASW,CE,Towers with Radar,0,25,97,0,122,0,8,120,0,128,0,33,217,0,250,18,0,18,268
10/03/2013,ADS,TX,ASW,CE,Towers with Radar,0,21,115,0,136,0,12,106,0,118,0,33,221,0,254,0,0,0,254
10/04/2013,ADS,TX,ASW,CE,Towers with Radar,1,21,108,0,130,0,10,166,2,178,1,31,274,2,308,14,0,14,322
10/05/2013,ADS,TX,ASW,CE,Towers with Radar,0,9,59,0,68,0,1,20,0,21,0,10,79,0,89,0,0,0,89
10/06/2013,ADS,TX,ASW,CE,Towers with Radar,0,8,64,0,72,0,0,182,0,182,0,8,246,0,254,62,0,62,316
10/07/2013,ADS,TX,ASW,CE,Towers with Radar,1,11,64,0,76,0,9,210,0,219,1,20,274,0,295,28,0,28,323
10/08/2013,ADS,TX,ASW,CE,Towers with Radar,2,24,68,0,94,0,11,204,2,217,2,35,272,2,311,4,0,4,315
10/09/2013,ADS,TX,ASW,CE,Towers with Radar,0,24,95,0,119,0,16,216,0,232,0,40,311,0,351,8,0,8,359
10/10/2013,ADS,TX,ASW,CE,Towers with Radar,1,17,84,0,102,0,10,198,2,210,1,27,282,2,312,15,0,15,327
10/11/2013,ADS,TX,ASW,CE,Towers with Radar,2,19,124,0,145,0,16,129,1,146,2,35,253,1,291,4,0,4,295
10/12/2013,ADS,TX,ASW,CE,Towers with Radar,0,12,86,0,98,0,0,78,0,78,0,12,164,0,176,33,0,33,209
10/13/2013,ADS,TX,ASW,CE,Towers with Radar,0,14,135,0,149,0,0,16,0,16,0,14,151,0,165,10,0,10,175
10/14/2013,ADS,TX,ASW,CE,Towers with Radar,0,14,108,0,122,0,1,2,0,3,0,15,110,0,125,4,0,4,129
10/15/2013,ADS,TX,ASW,CE,Towers with Radar,0,28,89,0,117,0,0,6,0,6,0,28,95,0,123,3,0,3,126
10/16/2013,ADS,TX,ASW,CE,Towers with Radar,0,31,111,0,142,0,4,75,0,79,0,35,186,0,221,2,0,2,223
10/17/2013,ADS,TX,ASW,CE,Towers with Radar,0,23,92,0,115,0,11,225,2,238,0,34,317,2,353,20,0,20,373
10/18/2013,ADS,TX,ASW,CE,Towers with Radar,1,24,108,1,134,0,8,197,0,205,1,32,305,1,339,28,0,28,367
10/19/2013,ADS,TX,ASW,CE,Towers with Radar,0,9,54,0,63,0,3,221,0,224,0,12,275,0,287,26,0,26,313
10/20/2013,ADS,TX,ASW,CE,Towers with Radar,0,20,60,1,81,0,1,196,0,197,0,21,256,1,278,8,0,8,286
10/21/2013,ADS,TX,ASW,CE,Towers with Radar,2,27,81,0,110,0,10,134,0,144,2,37,215,0,254,16,0,16,270
10/22/2013,ADS,TX,ASW,CE,Towers with Radar,1,19,66,0,86,0,11,201,1,213,1,30,267,1,299,12,0,12,311
10/23/2013,ADS,TX,ASW,CE,Towers with Radar,0,24,107,0,131,0,10,239,0,249,0,34,346,0,380,8,0,8,388
10/24/2013,ADS,TX,ASW,CE,Towers with Radar,1,16,84,0,101,0,16,190,1,207,1,32,274,1,308,12,0,12,320
10/25/2013,ADS,TX,ASW,CE,Towers with Radar,0,14,92,0,106,0,10,176,0,186,0,24,268,0,292,0,0,0,292
10/26/2013,ADS,TX,ASW,CE,Towers with Radar,0,10,74,0,84,0,0,58,0,58,0,10,132,0,142,30,0,30,172
10/27/2013,ADS,TX,ASW,CE,Towers with Radar,0,16,101,0,117,0,0,34,0,34,0,16,135,0,151,0,0,0,151
10/28/2013,ADS,TX,ASW,CE,Towers with Radar,0,21,128,0,149,0,5,60,0,65,0,26,188,0,214,2,0,2,216
10/29/2013,ADS,TX,ASW,CE,Towers with Radar,0,25,147,0,172,0,8,25,0,33,0,33,172,0,205,14,0,14,219
10/30/2013,ADS,TX,ASW,CE,Towers with Radar,0,40,66,0,106,0,0,0,0,0,0,40,66,0,106,0,0,0,106
10/31/2013,ADS,TX,ASW,CE,Towers with Radar,1,22,71,0,94,0,8,91,0,99,1,30,162,0,193,0,0,0,193
11/01/2013,ADS,TX,ASW,CE,Towers with Radar,0,24,100,0,124,0,6,235,2,243,0,30,335,2,367,6,0,6,373
11/02/2013,ADS,TX,ASW,CE,Towers with Radar,0,13,52,0,65,0,0,218,3,221,0,13,270,3,286,3,0,3,289
11/03/2013,ADS,TX,ASW,CE,Towers with Radar,0,15,71,1,87,0,0,192,4,196,0,15,263,5,283,9,0,9,292
11/04/2013,ADS,TX,ASW,CE,Towers with Radar,0,22,94,0,116,0,1,24,0,25,0,23,118,0,141,0,0,0,141
11/05/2013,ADS,TX,ASW,CE,Towers with Radar,0,23,97,0,120,0,0,0,0,0,0,23,97,0,120,0,0,0,120
11/06/2013,ADS,TX,ASW,CE,Towers with Radar,0,25,85,0,110,0,2,32,0,34,0,27,117,0,144,0,0,0,144
11/07/2013,ADS,TX,ASW,CE,Towers with Radar,2,29,116,0,147,0,11,231,0,242,2,40,347,0,389,21,0,21,410
11/08/2013,ADS,TX,ASW,CE,Towers with Radar,0,20,86,2,108,0,15,223,3,241,0,35,309,5,349,8,0,8,357
11/09/2013,ADS,TX,ASW,CE,Towers with Radar,0,16,77,1,94,0,4,148,2,154,0,20,225,3,248,0,0,0,248
11/10/2013,ADS,TX,ASW,CE,Towers with Radar,0,17,77,0,94,0,1,158,0,159,0,18,235,0,253,20,0,20,273
11/11/2013,ADS,TX,ASW,CE,Towers with Radar,0,18,82,0,100,0,4,201,1,206,0,22,283,1,306,26,0,26,332
11/12/2013,ADS,TX,ASW,CE,Towers with Radar,0,23,93,0,116,0,6,81,0,87,0,29,174,0,203,0,0,0,203
11/13/2013,ADS,TX,ASW,CE,Towers with Radar,0,25,89,0,114,0,14,206,0,220,0,39,295,0,334,16,0,16,350
11/14/2013,ADS,TX,ASW,CE,Towers with Radar,0,26,111,0,137,0,11,194,0,205,0,37,305,0,342,4,0,4,346
11/15/2013,ADS,TX,ASW,CE,Towers with Radar,2,24,118,0,144,0,7,113,1,121,2,31,231,1,265,2,0,2,267
11/16/2013,ADS,TX,ASW,CE,Towers with Radar,0,19,120,0,139,0,3,63,1,67,0,22,183,1,206,16,0,16,222
11/17/2013,ADS,TX,ASW,CE,Towers with Radar,0,20,85,0,105,0,3,202,2,207,0,23,287,2,312,2,0,2,314
11/18/2013,ADS,TX,ASW,CE,Towers with Radar,1,27,94,0,122,0,11,151,0,162,1,38,245,0,284,0,0,0,284
11/19/2013,ADS,TX,ASW,CE,Towers with Radar,0,33,88,0,121,0,17,142,0,159,0,50,230,0,280,10,0,10,290
11/20/2013,ADS,TX,ASW,CE,Towers with Radar,0,38,106,0,144,0,5,125,0,130,0,43,231,0,274,15,0,15,289
11/21/2013,ADS,TX,ASW,CE,Towers with Radar,1,32,104,0,137,0,0,8,0,8,1,32,112,0,145,4,0,4,149
11/22/2013,ADS,TX,ASW,CE,Towers with Radar,1,23,59,0,83,0,0,0,0,0,1,23,59,0,83,0,0,0,83
11/23/2013,ADS,TX,ASW,CE,Towers with Radar,1,19,70,0,90,0,1,15,0,16,1,20,85,0,106,10,0,10,116
11/24/2013,ADS,TX,ASW,CE,Towers with Radar,0,9,46,0,55,0,0,14,0,14,0,9,60,0,69,0,0,0,69
11/25/2013,ADS,TX,ASW,CE,Towers with Radar,0,19,35,0,54,0,0,0,0,0,0,19,35,0,54,0,0,0,54
11/26/2013,ADS,TX,ASW,CE,Towers with Radar,0,27,70,0,97,0,8,88,0,96,0,35,158,0,193,4,0,4,197
11/27/2013,ADS,TX,ASW,CE,Towers with Radar,0,19,94,0,113,0,9,249,0,258,0,28,343,0,371,15,0,15,386
11/28/2013,ADS,TX,ASW,CE,Towers with Radar,0,21,14,0,35,0,1,77,1,79,0,22,91,1,114,6,0,6,120
11/29/2013,ADS,TX,ASW,CE,Towers with Radar,0,31,42,0,73,0,9,180,0,189,0,40,222,0,262,8,0,8,270
11/30/2013,ADS,TX,ASW,CE,Towers with Radar,0,29,69,0,98,0,0,174,2,176,0,29,243,2,274,28,0,28,302
12/01/2013,ADS,TX,ASW,CE,Towers with Radar,0,20,113,0,133,0,1,151,0,152,0,21,264,0,285,6,0,6,291
12/02/2013,ADS,TX,ASW,CE,Towers with Radar,0,20,83,0,103,0,11,179,0,190,0,31,262,0,293,0,0,0,293
12/03/2013,ADS,TX,ASW,CE,Towers with Radar,0,21,88,2,111,0,10,196,0,206,0,31,284,2,317,4,0,4,321
12/04/2013,ADS,TX,ASW,CE,Towers with Radar,0,31,113,0,144,0,14,201,0,215,0,45,314,0,359,6,0,6,365
12/05/2013,ADS,TX,ASW,CE,Towers with Radar,1,30,76,0,107,0,2,17,0,19,1,32,93,0,126,0,0,0,126
12/06/2013,ADS,TX,ASW,CE,Towers with Radar,0,6,16,0,22,0,1,1,0,2,0,7,17,0,24,0,0,0,24
12/07/2013,ADS,TX,ASW,CE,Towers with Radar,0,10,17,0,27,0,0,2,1,3,0,10,19,1,30,0,0,0,30
12/08/2013,ADS,TX,ASW,CE,Towers with Radar,2,15,38,2,57,0,0,1,0,1,2,15,39,2,58,0,0,0,58
12/09/2013,ADS,TX,ASW,CE,Towers with Radar,0,31,52,0,83,0,2,9,0,11,0,33,61,0,94,6,0,6,100
12/10/2013,ADS,TX,ASW,CE,Towers with Radar,0,18,98,0,116,0,12,134,0,146,0,30,232,0,262,8,0,8,270
12/11/2013,ADS,TX,ASW,CE,Towers with Radar,0,29,94,0,123,0,13,179,0,192,0,42,273,0,315,10,0,10,325
12/12/2013,ADS,TX,ASW,CE,Towers with Radar,0,27,86,0,113,0,10,164,0,174,0,37,250,0,287,4,0,4,291
12/13/2013,ADS,TX,ASW,CE,Towers with Radar,0,42,102,1,145,0,3,32,0,35,0,45,134,1,180,0,0,0,180
12/14/2013,ADS,TX,ASW,CE,Towers with Radar,1,14,70,0,85,0,0,45,0,45,1,14,115,0,130,6,0,6,136
12/15/2013,ADS,TX,ASW,CE,Towers with Radar,0,20,76,0,96,1,2,235,1,239,1,22,311,1,335,8,0,8,343
12/16/2013,ADS,TX,ASW,CE,Towers with Radar,1,15,96,0,112,0,10,207,1,218,1,25,303,1,330,16,0,16,346
12/17/2013,ADS,TX,ASW,CE,Towers with Radar,2,19,80,0,101,0,15,278,0,293,2,34,358,0,394,16,0,16,410
12/18/2013,ADS,TX,ASW,CE,Towers with Radar,3,28,106,0,137,0,16,258,0,274,3,44,364,0,411,13,0,13,424
12/19/2013,ADS,TX,ASW,CE,Towers with Radar,0,32,114,0,146,0,11,69,0,80,0,43,183,0,226,20,0,20,246
12/20/2013,ADS,TX,ASW,CE,Towers with Radar,1,28,93,0,122,0,2,21,0,23,1,30,114,0,145,2,0,2,147
12/21/2013,ADS,TX,ASW,CE,Towers with Radar,0,17,35,0,52,0,0,19,0,19,0,17,54,0,71,0,0,0,71
12/22/2013,ADS,TX,ASW,CE,Towers with Radar,0,11,58,0,69,0,3,121,0,124,0,14,179,0,193,54,0,54,247
12/23/2013,ADS,TX,ASW,CE,Towers with Radar,2,24,61,0,87,0,13,190,0,203,2,37,251,0,290,10,0,10,300
12/24/2013,ADS,TX,ASW,CE,Towers with Radar,0,18,41,0,59,0,14,140,0,154,0,32,181,0,213,2,0,2,215
12/25/2013,ADS,TX,ASW,CE,Towers with Radar,0,16,23,0,39,0,0,33,0,33,0,16,56,0,72,0,0,0,72
12/26/2013,ADS,TX,ASW,CE,Towers with Radar,1,28,75,0,104,0,13,204,0,217,1,41,279,0,321,4,0,4,325
12/27/2013,ADS,TX,ASW,CE,Towers with Radar,0,19,54,0,73,0,14,199,1,214,0,33,253,1,287,12,0,12,299
12/28/2013,ADS,TX,ASW,CE,Towers with Radar,0,15,60,0,75,0,4,242,4,250,0,19,302,4,325,16,0,16,341
12/29/2013,ADS,TX,ASW,CE,Towers with Radar,0,13,38,0,51,0,0,34,0,34,0,13,72,0,85,4,0,4,89
12/30/2013,ADS,TX,ASW,CE,Towers with Radar,0,16,66,0,82,0,4,159,1,164,0,20,225,1,246,14,0,14,260
12/31/2013,ADS,TX,ASW,CE,Towers with Radar,0,11,35,0,46,0,10,172,2,184,0,21,207,2,230,6,0,6,236
01/01/2014,ADS,TX,ASW,CE,Towers with Radar,0,14,40,0,54,0,2,79,0,81,0,16,119,0,135,0,0,0,135
01/02/2014,ADS,TX,ASW,CE,Towers with Radar,0,21,73,0,94,0,7,124,0,131,0,28,197,0,225,8,0,8,233
01/03/2014,ADS,TX,ASW,CE,Towers with Radar,0,20,95,0,115,0,11,179,0,190,0,31,274,0,305,4,0,4,309
01/04/2014,ADS,TX,ASW,CE,Towers with Radar,0,10,68,0,78,0,2,95,3,100,0,12,163,3,178,10,0,10,188
01/05/2014,ADS,TX,ASW,CE,Towers with Radar,0,20,71,0,91,0,2,39,0,41,0,22,110,0,132,6,0,6,138
01/06/2014,ADS,TX,ASW,CE,Towers with Radar,0,15,47,0,62,0,6,124,0,130,0,21,171,0,192,10,0,10,202
01/07/2014,ADS,TX,ASW,CE,Towers with Radar,1,23,72,2,98,0,10,165,0,175,1,33,237,2,273,4,0,4,277
01/08/2014,ADS,TX,ASW,CE,Towers with Radar,0,29,75,2,106,0,0,0,0,0,0,29,75,2,106,0,0,0,106
01/09/2014,ADS,TX,ASW,CE,Towers with Radar,0,27,70,0,97,0,0,0,0,0,0,27,70,0,97,0,0,0,97
01/10/2014,ADS,TX,ASW,CE,Towers with Radar,0,19,79,0,98,0,3,43,0,46,0,22,122,0,144,18,0,18,162
01/11/2014,ADS,TX,ASW,CE,Towers with Radar,0,11,41,0,52,0,3,263,0,266,0,14,304,0,318,50,0,50,368
01/12/2014,ADS,TX,ASW,CE,Towers with Radar,0,15,46,2,63,0,3,111,0,114,0,18,157,2,177,6,0,6,183
01/13/2014,ADS,TX,ASW,CE,Towers with Radar,0,16,89,0,105,0,7,144,0,151,0,23,233,0,256,6,0,6,262
01/14/2014,ADS,TX,ASW,CE,Towers with Radar,0,11,82,0,93,0,7,188,1,196,0,18,270,1,289,8,0,8,297
01/15/2014,ADS,TX,ASW,CE,Towers with Radar,0,20,78,0,98,0,11,217,1,229,0,31,295,1,327,20,0,20,347
01/16/2014,ADS,TX,ASW,CE,Towers with Radar,0,10,107,0,117,0,10,181,0,191,0,20,288,0,308,6,0,6,314
01/17/2014,ADS,TX,ASW,CE,Towers with Radar,0,20,78,0,98,0,11,196,2,209,0,31,274,2,307,6,0,6,313
01/18/2014,ADS,TX,ASW,CE,Towers with Radar,0,9,46,0,55,0,3,198,0,201,0,12,244,0,256,30,0,30,286
01/19/2014,ADS,TX,ASW,CE,Towers with Radar,0,15,54,0,69,0,0,183,0,183,0,15,237,0,252,31,0,31,283
01/20/2014,ADS,TX,ASW,CE,Towers with Radar,0,17,64,0,81,0,4,222,0,226,0,21,286,0,307,22,0,22,329
01/21/2014,ADS,TX,ASW,CE,Towers with Radar,0,18,70,0,88,0,10,141,0,151,0,28,211,0,239,30,0,30,269
01/22/2014,ADS,TX,ASW,CE,Towers with Radar,0,20,88,0,108,0,11,215,0,226,0,31,303,0,334,16,0,16,350
01/23/2014,ADS,TX,ASW,CE,Towers with Radar,1,32,68,0,101,0,4,43,0,47,1,36,111,0,148,0,0,0,148
01/24/2014,ADS,TX,ASW,CE,Towers with Radar,1,30,48,4,83,0,7,146,0,153,1,37,194,4,236,20,0,20,256
01/25/2014,ADS,TX,ASW,CE,Towers with Radar,0,16,55,0,71,0,0,226,0,226,0,16,281,0,297,12,0,12,309
01/26/2014,ADS,TX,ASW,CE,Towers with Radar,0,27,53,0,80,0,0,180,0,180,0,27,233,0,260,6,0,6,266
01/27/2014,ADS,TX,ASW,CE,Towers with Radar,0,17,55,0,72,0,5,34,0,39,0,22,89,0,111,4,0,4,115
01/28/2014,ADS,TX,ASW,CE,Towers with Radar,2,20,70,0,92,0,9,126,0,135,2,29,196,0,227,6,0,6,233
01/29/2014,ADS,TX,ASW,CE,Towers with Radar,0,11,95,0,106,0,18,158,0,176,0,29,253,0,282,0,0,0,282
01/30/2014,ADS,TX,ASW,CE,Towers with Radar,0,25,70,0,95,0,7,64,0,71,0,32,134,0,166,4,0,4,170
01/31/2014,ADS,TX,ASW,CE,Towers with Radar,0,22,76,0,98,0,10,133,0,143,0,32,209,0,241,12,0,12,253
02/01/2014,ADS,TX,ASW,CE,Towers with Radar,0,10,68,0,78,0,0,22,0,22,0,10,90,0,100,6,0,6,106
02/02/2014,ADS,TX,ASW,CE,Towers with Radar,0,9,34,0,43,0,0,0,0,0,0,9,34,0,43,0,0,0,43
02/03/2014,ADS,TX,ASW,CE,Towers with Radar,1,18,76,0,95,0,2,23,0,25,1,20,99,0,120,0,0,0,120
02/04/2014,ADS,TX,ASW,CE,Towers with Radar,0,32,69,0,101,0,6,27,0,33,0,38,96,0,134,21,0,21,155
02/05/2014,ADS,TX,ASW,CE,Towers with Radar,0,17,76,0,93,0,8,107,0,115,0,25,183,0,208,0,0,0,208
02/06/2014,ADS,TX,ASW,CE,Towers with Radar,0,28,60,0,88,0,0,27,0,27,0,28,87,0,115,0,0,0,115
02/07/2014,ADS,TX,ASW,CE,Towers with Radar,0,31,43,1,75,0,5,57,0,62,0,36,100,1,137,20,0,20,157
02/08/2014,ADS,TX,ASW,CE,Towers with Radar,0,8,61,1,70,0,0,100,0,100,0,8,161,1,170,22,0,22,192
02/09/2014,ADS,TX,ASW,CE,Towers with Radar,0,19,77,5,101,0,0,0,0,0,0,19,77,5,101,0,0,0,101
02/10/2014,ADS,TX,ASW,CE,Towers with Radar,0,21,50,1,72,0,0,0,0,0,0,21,50,1,72,0,0,0,72
02/11/2014,ADS,TX,ASW,CE,Towers with Radar,1,24,29,0,54,0,0,15,0,15,1,24,44,0,69,0,0,0,69
02/12/2014,ADS,TX,ASW,CE,Towers with Radar,0,18,103,0,121,0,9,210,2,221,0,27,313,2,342,24,0,24,366
02/13/2014,ADS,TX,ASW,CE,Towers with Radar,2,30,103,1,136,0,13,245,1,259,2,43,348,2,395,3,0,3,398
02/14/2014,ADS,TX,ASW,CE,Towers with Radar,0,19,73,0,92,0,16,214,1,231,0,35,287,1,323,14,0,14,337
02/15/2014,ADS,TX,ASW,CE,Towers with Radar,0,7,49,0,56,0,3,241,0,244,0,10,290,0,300,6,0,6,306
02/16/2014,ADS,TX,ASW,CE,Towers with Radar,0,12,71,1,84,0,3,107,0,110,0,15,178,1,194,2,0,2,196
02/17/2014,ADS,TX,ASW,CE,Towers with Radar,0,22,92,0,114,0,3,173,3,179,0,25,265,3,293,24,0,24,317
02/18/2014,ADS,TX,ASW,CE,Towers with Radar,0,25,83,2,110,0,11,191,1,203,0,36,274,3,313,4,0,4,317
02/19/2014,ADS,TX,ASW,CE,Towers with Radar,0,36,128,0,164,0,3,22,0,25,0,39,150,0,189,6,0,6,195
02/20/2014,ADS,TX,ASW,CE,Towers with Radar,1,24,79,0,104,0,9,79,0,88,1,33,158,0,192,0,0,0,192
02/21/2014,ADS,TX,ASW,CE,Towers with Radar,2,11,88,1,102,0,15,254,0,269,2,26,342,1,371,27,0,27,398
02/22/2014,ADS,TX,ASW,CE,Towers with Radar,0,9,62,1,72,0,2,215,1,218,0,11,277,2,290,4,0,4,294
02/23/2014,ADS,TX,ASW,CE,Towers with Radar,0,10,97,1,108,0,1,144,0,145,0,11,241,1,253,61,0,61,314
02/24/2014,ADS,TX,ASW,CE,Towers with Radar,0,23,81,4,108,0,4,111,1,116,0,27,192,5,224,24,0,24,248
02/25/2014,ADS,TX,ASW,CE,Towers with Radar,0,35,94,6,135,0,0,7,0,7,0,35,101,6,142,0,0,0,142
02/26/2014,ADS,TX,ASW,CE,Towers with Radar,0,15,89,1,105,0,9,127,6,142,0,24,216,7,247,30,0,30,277
02/27/2014,ADS,TX,ASW,CE,Towers with Radar,0,14,116,1,131,0,16,234,7,257,0,30,350,8,388,16,0,16,404
02/28/2014,ADS,TX,ASW,CE,Towers with Radar,0,21,92,0,113,0,11,139,0,150,0,32,231,0,263,4,0,4,267
03/01/2014,ADS,TX,ASW,CE,Towers with Radar,0,12,57,0,69,0,0,212,0,212,0,12,269,0,281,14,0,14,295
03/02/2014,ADS,TX,ASW,CE,Towers with Radar,0,7,24,0,31,0,0,0,0,0,0,7,24,0,31,0,0,0,31
03/03/2014,ADS,TX,ASW,CE,Towers with Radar,1,20,60,0,81,0,13,113,0,126,1,33,173,0,207,0,0,0,207
03/04/2014,ADS,TX,ASW,CE,Towers with Radar,0,18,65,0,83,0,10,170,0,180,0,28,235,0,263,4,0,4,267
03/05/2014,ADS,TX,ASW,CE,Towers with Radar,1,14,92,0,107,0,10,151,0,161,1,24,243,0,268,0,0,0,268
03/06/2014,ADS,TX,ASW,CE,Towers with Radar,0,17,123,0,140,0,8,138,0,146,0,25,261,0,286,0,0,0,286
03/07/2014,ADS,TX,ASW,CE,Towers with Radar,3,40,100,4,147,0,11,173,0,184,3,51,273,4,331,24,0,24,355
03/08/2014,ADS,TX,ASW,CE,Towers with Radar,1,22,74,0,97,0,1,2,0,3,1,23,76,0,100,0,0,0,100
03/09/2014,ADS,TX,ASW,CE,Towers with Radar,0,26,78,3,107,0,2,150,0,152,0,28,228,3,259,8,0,8,267
03/10/2014,ADS,TX,ASW,CE,Towers with Radar,1,23,58,3,85,0,14,187,0,201,1,37,245,3,286,6,0,6,292
03/11/2014,ADS,TX,ASW,CE,Towers with Radar,0,11,59,0,70,0,8,173,1,182,0,19,232,1,252,2,0,2,254
03/12/2014,ADS,TX,ASW,CE,Towers with Radar,0,13,71,0,84,0,11,83,0,94,0,24,154,0,178,2,0,2,180
03/13/2014,ADS,TX,ASW,CE,Towers with Radar,0,13,73,2,88,0,11,240,1,252,0,24,313,3,340,4,0,4,344
03/14/2014,ADS,TX,ASW,CE,Towers with Radar,0,19,89,0,108,0,8,183,0,191,0,27,272,0,299,0,0,0,299
03/15/2014,ADS,TX,ASW,CE,Towers with Radar,1,22,73,0,96,0,0,0,0,0,1,22,73,0,96,0,0,0,96
03/16/2014,ADS,TX,ASW,CE,Towers with Radar,2,27,72,0,101,0,0,25,0,25,2,27,97,0,126,0,0,0,126
03/17/2014,ADS,TX,ASW,CE,Towers with Radar,1,27,63,0,91,0,8,221,0,229,1,35,284,0,320,14,0,14,334
03/18/2014,ADS,TX,ASW,CE,Towers with Radar,1,19,65,0,85,0,11,94,0,105,1,30,159,0,190,2,0,2,192
03/19/2014,ADS,TX,ASW,CE,Towers with Radar,0,16,85,0,101,0,13,215,0,228,0,29,300,0,329,24,0,24,353
03/20/2014,ADS,TX,ASW,CE,Towers with Radar,0,18,93,0,111,0,9,292,0,301,0,27,385,0,412,14,0,14,426
03/21/2014,ADS,TX,ASW,CE,Towers with Radar,5,31,90,0,126,0,13,194,0,207,5,44,284,0,333,16,0,16,349
03/22/2014,ADS,TX,ASW,CE,Towers with Radar,0,15,80,0,95,0,0,42,0,42,0,15,122,0,137,11,0,11,148
03/23/2014,ADS,TX,ASW,CE,Towers with Radar,0,29,81,0,110,0,3,143,0,146,0,32,224,0,256,8,0,8,264
03/24/2014,ADS,TX,ASW,CE,Towers with Radar,4,10,66,0,80,0,17,168,0,185,4,27,234,0,265,0,0,0,265
03/25/2014,ADS,TX,ASW,CE,Towers with Radar,1,8,68,0,77,0,12,222,1,235,1,20,290,1,312,6,0,6,318
03/26/2014,ADS,TX,ASW,CE,Towers with Radar,1,24,67,0,92,0,10,80,1,91,1,34,147,1,183,2,0,2,185
03/27/2014,ADS,TX,ASW,CE,Towers with Radar,1,25,110,0,136,0,5,43,0,48,1,30,153,0,184,0,0,0,184
03/28/2014,ADS,TX,ASW,CE,Towers with Radar,1,23,103,0,127,0,8,80,2,90,1,31,183,2,217,32,0,32,249
03/29/2014,ADS,TX,ASW,CE,Towers with Radar,0,6,59,0,65,0,6,321,6,333,0,12,380,6,398,20,0,20,418
03/30/2014,ADS,TX,ASW,CE,Towers with Radar,1,13,63,0,77,0,2,183,7,192,1,15,246,7,269,16,0,16,285
03/31/2014,ADS,TX,ASW,CE,Towers with Radar,0,17,76,0,93,0,10,112,2,124,0,27,188,2,217,18,0,18,235
04/01/2014,ADS,TX,ASW,CE,Towers with Radar,2,29,112,0,143,0,4,88,0,92,2,33,200,0,235,4,0,4,239
04/02/2014,ADS,TX,ASW,CE,Towers with Radar,0,34,104,2,140,0,9,44,1,54,0,43,148,3,194,20,0,20,214
04/03/2014,ADS,TX,ASW,CE,Towers with Radar,0,24,86,0,110,0,3,28,1,32,0,27,114,1,142,14,0,14,156
04/04/2014,ADS,TX,ASW,CE,Towers with Radar,0,28,92,0,120,0,13,239,0,252,0,41,331,0,372,10,0,10,382
04/05/2014,ADS,TX,ASW,CE,Towers with Radar,0,17,55,0,72,0,2,191,3,196,0,19,246,3,268,11,0,11,279
04/06/2014,ADS,TX,ASW,CE,Towers with Radar,0,26,52,0,78,0,0,1,0,1,0,26,53,0,79,0,0,0,79
04/07/2014,ADS,TX,ASW,CE,Towers with Radar,0,29,93,0,122,0,3,77,1,81,0,32,170,1,203,22,0,22,225
04/08/2014,ADS,TX,ASW,CE,Towers with Radar,0,17,89,0,106,0,12,111,0,123,0,29,200,0,229,0,0,0,229
04/09/2014,ADS,TX,ASW,CE,Towers with Radar,0,21,84,0,105,0,19,237,1,257,0,40,321,1,362,27,0,27,389
04/10/2014,ADS,TX,ASW,CE,Towers with Radar,0,25,87,0,112,0,12,121,0,133,0,37,208,0,245,6,0,6,251
04/11/2014,ADS,TX,ASW,CE,Towers with Radar,0,27,121,0,148,0,11,149,1,161,0,38,270,1,309,2,0,2,311
04/12/2014,ADS,TX,ASW,CE,Towers with Radar,0,10,53,0,63,0,1,75,0,76,0,11,128,0,139,6,0,6,145
04/13/2014,ADS,TX,ASW,CE,Towers with Radar,0,15,64,0,79,0,0,11,1,12,0,15,75,1,91,4,0,4,95
04/14/2014,ADS,TX,ASW,CE,Towers with Radar,0,21,88,0,109,0,8,29,2,39,0,29,117,2,148,8,0,8,156
04/15/2014,ADS,TX,ASW,CE,Towers with Radar,0,16,87,0,103,0,11,252,2,265,0,27,339,2,368,8,0,8,376
04/16/2014,ADS,TX,ASW,CE,Towers with Radar,0,13,79,0,92,0,10,146,0,156,0,23,225,0,248,4,0,4,252
04/17/2014,ADS,TX,ASW,CE,Towers with Radar,2,23,149,0,174,0,5,117,0,122,2,28,266,0,296,12,0,12,308
04/18/2014,ADS,TX,ASW,CE,Towers with Radar,0,15,69,0,84,0,9,197,0,206,0,24,266,0,290,14,0,14,304
04/19/2014,ADS,TX,ASW,CE,Towers with Radar,0,3,40,0,43,0,0,266,1,267,0,3,306,1,310,0,0,0,310
04/20/2014,ADS,TX,ASW,CE,Towers with Radar,0,14,41,0,55,0,0,85,0,85,0,14,126,0,140,14,0,14,154
04/21/2014,ADS,TX,ASW,CE,Towers with Radar,0,18,95,0,113,0,5,90,0,95,0,23,185,0,208,14,0,14,222
04/22/2014,ADS,TX,ASW,CE,Towers with Radar,0,12,94,0,106,0,12,230,1,243,0,24,324,1,349,21,0,21,370
04/23/2014,ADS,TX,ASW,CE,Towers with Radar,1,16,84,0,101,0,9,202,2,213,1,25,286,2,314,0,0,0,314
04/24/2014,ADS,TX,ASW,CE,Towers with Radar,2,20,92,3,117,0,6,87,1,94,2,26,179,4,211,18,0,18,229
04/25/2014,ADS,TX,ASW,CE,Towers with Radar,0,14,81,1,96,0,15,207,1,223,0,29,288,2,319,10,2,12,331
04/26/2014,ADS,TX,ASW,CE,Towers with Radar,0,13,56,0,69,0,2,149,3,154,0,15,205,3,223,34,0,34,257
04/27/2014,ADS,TX,ASW,CE,Towers with Radar,1,12,48,0,61,0,2,36,1,39,1,14,84,1,100,5,0,5,105
04/28/2014,ADS,TX,ASW,CE,Towers with Radar,0,14,70,0,84,0,9,188,0,197,0,23,258,0,281,12,0,12,293
04/29/2014,ADS,TX,ASW,CE,Towers with Radar,2,20,70,0,92,0,10,119,0,129,2,30,189,0,221,14,0,14,235
04/30/2014,ADS,TX,ASW,CE,Towers with Radar,0,7,81,0,88,0,14,163,0,177,0,21,244,0,265,6,0,6,271
05/01/2014,ADS,TX,ASW,CE,Towers with Radar,0,16,101,0,117,0,11,210,3,224,0,27,311,3,341,2,0,2,343
05/02/2014,ADS,TX,ASW,CE,Towers with Radar,1,13,79,0,93,0,12,224,0,236,1,25,303,0,329,20,0,20,349
05/03/2014,ADS,TX,ASW,CE,Towers with Radar,0,8,81,0,89,0,5,271,3,279,0,13,352,3,368,22,0,22,390
05/04/2014,ADS,TX,ASW,CE,Towers with Radar,1,24,82,1,108,0,3,179,0,182,1,27,261,1,290,6,0,6,296
05/05/2014,ADS,TX,ASW,CE,Towers with Radar,0,5,65,0,70,0,10,143,0,153,0,15,208,0,223,12,0,12,235
05/06/2014,ADS,TX,ASW,CE,Towers with Radar,1,15,83,0,99,0,10,129,0,139,1,25,212,0,238,0,0,0,238
05/07/2014,ADS,TX,ASW,CE,Towers with Radar,0,33,114,0,147,0,8,102,0,110,0,41,216,0,257,0,0,0,257
05/08/2014,ADS,TX,ASW,CE,Towers with Radar,1,24,74,0,99,0,2,6,0,8,1,26,80,0,107,0,0,0,107
05/09/2014,ADS,TX,ASW,CE,Towers with Radar,0,20,109,0,129,0,3,185,0,188,0,23,294,0,317,24,0,24,341
05/10/2014,ADS,TX,ASW,CE,Towers with Radar,0,8,62,0,70,0,1,222,0,223,0,9,284,0,293,16,0,16,309
05/11/2014,ADS,TX,ASW,CE,Towers with Radar,0,12,68,0,80,0,1,81,0,82,0,13,149,0,162,26,0,26,188
05/12/2014,ADS,TX,ASW,CE,Towers with Radar,0,24,79,0,103,0,1,13,0,14,0,25,92,0,117,6,0,6,123
05/13/2014,ADS,TX,ASW,CE,Towers with Radar,0,29,87,0,116,0,1,118,0,119,0,30,205,0,235,4,0,4,239
05/14/2014,ADS,TX,ASW,CE,Towers with Radar,0,8,127,0,135,0,13,205,1,219,0,21,332,1,354,16,0,16,370
05/15/2014,ADS,TX,ASW,CE,Towers with Radar,1,20,110,0,131,0,11,242,0,253,1,31,352,0,384,33,0,33,417
05/16/2014,ADS,TX,ASW,CE,Towers with Radar,0,28,79,0,107,0,16,228,1,245,0,44,307,1,352,22,0,22,374
05/17/2014,ADS,TX,ASW,CE,Towers with Radar,0,20,54,0,74,0,6,300,1,307,0,26,354,1,381,14,0,14,395
05/18/2014,ADS,TX,ASW,CE,Towers with Radar,0,24,78,0,102,0,2,168,0,170,0,26,246,0,272,56,0,56,328
05/19/2014,ADS,TX,ASW,CE,Towers with Radar,0,20,88,0,108,0,10,64,0,74,0,30,152,0,182,4,0,4,186
05/20/2014,ADS,TX,ASW,CE,Towers with Radar,0,28,94,0,122,0,10,102,0,112,0,38,196,0,234,2,0,2,236
05/21/2014,ADS,TX,ASW,CE,Towers with Radar,0,28,120,2,150,0,16,188,2,206,0,44,308,4,356,28,0,28,384
05/22/2014,ADS,TX,ASW,CE,Towers with Radar,2,27,121,0,150,0,14,186,1,201,2,41,307,1,351,6,0,6,357
05/23/2014,ADS,TX,ASW,CE,Towers with Radar,0,16,81,0,97,0,10,187,0,197,0,26,268,0,294,10,0,10,304
05/24/2014,ADS,TX,ASW,CE,Towers with Radar,0,9,61,0,70,0,2,153,1,156,0,11,214,1,226,12,0,12,238
05/25/2014,ADS,TX,ASW,CE,Towers with Radar,0,16,46,0,62,0,2,78,0,80,0,18,124,0,142,20,0,20,162
05/26/2014,ADS,TX,ASW,CE,Towers with Radar,0,30,71,0,101,0,2,25,0,27,0,32,96,0,128,54,0,54,182
05/27/2014,ADS,TX,ASW,CE,Towers with Radar,0,14,75,0,89,0,6,30,0,36,0,20,105,0,125,16,0,16,141
05/28/2014,ADS,TX,ASW,CE,Towers with Radar,0,19,96,0,115,0,6,108,1,115,0,25,204,1,230,16,0,16,246
05/29/2014,ADS,TX,ASW,CE,Towers with Radar,0,18,105,0,123,0,10,205,1,216,0,28,310,1,339,8,0,8,347
05/30/2014,ADS,TX,ASW,CE,Towers with Radar,0,15,96,0,111,0,7,118,0,125,0,22,214,0,236,31,0,31,267
05/31/2014,ADS,TX,ASW,CE,Towers with Radar,0,12,76,0,88,0,0,53,0,53,0,12,129,0,141,4,0,4,145
06/01/2014,ADS,TX,ASW,CE,Towers with Radar,0,14,78,0,92,0,2,152,1,155,0,16,230,1,247,14,0,14,261
06/02/2014,ADS,TX,ASW,CE,Towers with Radar,1,23,84,0,108,0,7,98,0,105,1,30,182,0,213,26,0,26,239
06/03/2014,ADS,TX,ASW,CE,Towers with Radar,0,25,78,1,104,0,10,199,7,216,0,35,277,8,320,18,0,18,338
06/04/2014,ADS,TX,ASW,CE,Towers with Radar,1,21,114,0,136,0,4,146,2,152,1,25,260,2,288,8,0,8,296
06/05/2014,ADS,TX,ASW,CE,Towers with Radar,0,26,89,0,115,0,5,124,3,132,0,31,213,3,247,24,0,24,271
06/06/2014,ADS,TX,ASW,CE,Towers with Radar,1,12,105,2,120,0,6,146,4,156,1,18,251,6,276,7,0,7,283
06/07/2014,ADS,TX,ASW,CE,Towers with Radar,0,14,54,0,68,0,2,180,3,185,0,16,234,3,253,26,0,26,279
06/08/2014,ADS,TX,ASW,CE,Towers with Radar,0,18,79,2,99,0,1,86,0,87,0,19,165,2,186,0,0,0,186
06/09/2014,ADS,TX,ASW,CE,Towers with Radar,0,19,63,0,82,0,6,53,0,59,0,25,116,0,141,4,0,4,145
06/10/2014,ADS,TX,ASW,CE,Towers with Radar,0,21,88,0,109,0,11,168,0,179,0,32,256,0,288,10,0,10,298
06/11/2014,ADS,TX,ASW,CE,Towers with Radar,0,16,89,0,105,0,14,234,0,248,0,30,323,0,353,10,0,10,363
06/12/2014,ADS,TX,ASW,CE,Towers with Radar,1,26,72,0,99,0,2,46,0,48,1,28,118,0,147,14,0,14,161
06/13/2014,ADS,TX,ASW,CE,Towers with Radar,0,28,83,0,111,0,7,208,0,215,0,35,291,0,326,8,0,8,334
06/14/2014,ADS,TX,ASW,CE,Towers with Radar,0,8,68,0,76,0,4,176,2,182,0,12,244,2,258,48,0,48,306
06/15/2014,ADS,TX,ASW,CE,Towers with Radar,0,12,68,0,80,0,1,88,1,90,0,13,156,1,170,0,0,0,170
06/16/2014,ADS,TX,ASW,CE,Towers with Radar,0,16,85,0,101,0,6,149,0,155,0,22,234,0,256,18,0,18,274
06/17/2014,ADS,TX,ASW,CE,Towers with Radar,0,14,113,0,127,0,8,122,0,130,0,22,235,0,257,2,0,2,259
06/18/2014,ADS,TX,ASW,CE,Towers with Radar,0,15,95,0,110,0,12,142,1,155,0,27,237,1,265,11,0,11,276
06/19/2014,ADS,TX,ASW,CE,Towers with Radar,0,15,114,0,129,0,10,158,1,169,0,25,272,1,298,21,0,21,319
06/20/2014,ADS,TX,ASW,CE,Towers with Radar,3,14,93,1,111,0,10,256,1,267,3,24,349,2,378,31,0,31,409
06/21/2014,ADS,TX,ASW,CE,Towers with Radar,0,5,49,0,54,0,4,218,0,222,0,9,267,0,276,48,0,48,324
06/22/2014,ADS,TX,ASW,CE,Towers with Radar,2,10,81,1,94,1,0,61,0,62,3,10,142,1,156,58,0,58,214
06/23/2014,ADS,TX,ASW,CE,Towers with Radar,0,20,67,2,89,0,7,111,1,119,0,27,178,3,208,48,0,48,256
06/24/2014,ADS,TX,ASW,CE,Towers with Radar,0,21,67,0,88,0,6,130,0,136,0,27,197,0,224,26,0,26,250
06/25/2014,ADS,TX,ASW,CE,Towers with Radar,0,20,90,0,110,0,6,45,0,51,0,26,135,0,161,34,0,34,195
06/26/2014,ADS,TX,ASW,CE,Towers with Radar,2,30,115,0,147,0,9,124,0,133,2,39,239,0,280,49,0,49,329
06/27/2014,ADS,TX,ASW,CE,Towers with Radar,0,21,120,0,141,0,12,118,0,130,0,33,238,0,271,34,0,34,305
06/28/2014,ADS,TX,ASW,CE,Towers with Radar,0,21,50,0,71,0,2,85,0,87,0,23,135,0,158,16,0,16,174
06/29/2014,ADS,TX,ASW,CE,Towers with Radar,0,9,67,0,76,0,0,114,1,115,0,9,181,1,191,20,0,20,211
06/30/2014,ADS,TX,ASW,CE,Towers with Radar,2,16,80,0,98,0,9,146,0,155,2,25,226,0,253,20,0,20,273
07/01/2014,ADS,TX,ASW,CE,Towers with Radar,2,16,77,0,95,0,12,218,1,231,2,28,295,1,326,11,0,11,337
07/02/2014,ADS,TX,ASW,CE,Towers with Radar,3,18,91,0,112,0,11,204,0,215,3,29,295,0,327,62,0,62,389
07/03/2014,ADS,TX,ASW,CE,Towers with Radar,0,24,76,0,100,0,7,115,2,124,0,31,191,2,224,12,0,12,236
07/04/2014,ADS,TX,ASW,CE,Towers with Radar,0,6,34,0,40,0,2,118,0,120,0,8,152,0,160,4,0,4,164
07/05/2014,ADS,TX,ASW,CE,Towers with Radar,0,11,51,0,62,0,1,171,1,173,0,12,222,1,235,0,0,0,235
07/06/2014,ADS,TX,ASW,CE,Towers with Radar,0,16,83,0,99,0,2,185,0,187,0,18,268,0,286,24,0,24,310
07/07/2014,ADS,TX,ASW,CE,Towers with Radar,0,15,58,0,73,0,8,160,1,169,0,23,218,1,242,32,0,32,274
07/08/2014,ADS,TX,ASW,CE,Towers with Radar,0,5,81,0,86,0,11,218,1,230,0,16,299,1,316,14,0,14,330
07/09/2014,ADS,TX,ASW,CE,Towers with Radar,0,20,52,0,72,0,14,124,1,139,0,34,176,1,211,5,0,5,216
07/10/2014,ADS,TX,ASW,CE,Towers with Radar,0,23,102,0,125,0,12,226,0,238,0,35,328,0,363,0,0,0,363
07/11/2014,ADS,TX,ASW,CE,Towers with Radar,0,11,66,0,77,0,13,237,0,250,0,24,303,0,327,14,0,14,341
07/12/2014,ADS,TX,ASW,CE,Towers with Radar,0,11,34,0,45,0,0,213,1,214,0,11,247,1,259,4,0,4,263
07/13/2014,ADS,TX,ASW,CE,Towers with Radar,1,15,49,4,69,0,0,172,0,172,1,15,221,4,241,24,0,24,265
07/14/2014,ADS,TX,ASW,CE,Towers with Radar,0,11,65,0,76,0,12,141,0,153,0,23,206,0,229,20,0,20,249
07/15/2014,ADS,TX,ASW,CE,Towers with Radar,1,17,91,0,109,0,11,131,0,142,1,28,222,0,251,2,0,2,253
07/16/2014,ADS,TX,ASW,CE,Towers with Radar,0,12,100,0,112,0,9,161,0,170,0,21,261,0,282,0,0,0,282
07/17/2014,ADS,TX,ASW,CE,Towers with Radar,1,23,44,0,68,0,0,0,0,0,1,23,44,0,68,0,0,0,68
07/18/2014,ADS,TX,ASW,CE,Towers with Radar,0,34,121,0,155,0,2,65,0,67,0,36,186,0,222,2,6,8,230
07/19/2014,ADS,TX,ASW,CE,Towers with Radar,0,10,80,0,90,0,0,109,0,109,0,10,189,0,199,28,0,28,227
07/20/2014,ADS,TX,ASW,CE,Towers with Radar,1,17,81,0,99,0,0,224,0,224,1,17,305,0,323,19,0,19,342
07/21/2014,ADS,TX,ASW,CE,Towers with Radar,0,29,90,0,119,0,6,155,0,161,0,35,245,0,280,6,0,6,286
07/22/2014,ADS,TX,ASW,CE,Towers with Radar,0,12,91,0,103,0,9,189,1,199,0,21,280,1,302,24,0,24,326
07/23/2014,ADS,TX,ASW,CE,Towers with Radar,2,18,94,0,114,0,15,207,0,222,2,33,301,0,336,0,0,0,336
07/24/2014,ADS,TX,ASW,CE,Towers with Radar,2,12,99,0,113,0,9,209,2,220,2,21,308,2,333,16,0,16,349
07/25/2014,ADS,TX,ASW,CE,Towers with Radar,1,17,88,0,106,0,12,220,0,232,1,29,308,0,338,10,0,10,348
07/26/2014,ADS,TX,ASW,CE,Towers with Radar,0,6,46,1,53,0,1,167,2,170,0,7,213,3,223,2,0,2,225
07/27/2014,ADS,TX,ASW,CE,Towers with Radar,0,18,69,0,87,0,1,167,0,168,0,19,236,0,255,25,0,25,280
07/28/2014,ADS,TX,ASW,CE,Towers with Radar,2,19,62,0,83,0,11,121,2,134,2,30,183,2,217,28,0,28,245
07/29/2014,ADS,TX,ASW,CE,Towers with Radar,2,21,83,0,106,0,10,166,2,178,2,31,249,2,284,18,0,18,302
07/30/2014,ADS,TX,ASW,CE,Towers with Radar,0,21,110,0,131,0,11,110,1,122,0,32,220,1,253,28,0,28,281
07/31/2014,ADS,TX,ASW,CE,Towers with Radar,2,27,135,0,164,0,2,25,0,27,2,29,160,0,191,2,0,2,193
08/01/2014,ADS,TX,ASW,CE,Towers with Radar,0,27,119,0,146,0,4,42,1,47,0,31,161,1,193,0,0,0,193
08/02/2014,ADS,TX,ASW,CE,Towers with Radar,0,12,67,0,79,0,0,198,0,198,0,12,265,0,277,30,0,30,307
08/03/2014,ADS,TX,ASW,CE,Towers with Radar,0,16,79,0,95,0,2,168,0,170,0,18,247,0,265,30,0,30,295
08/04/2014,ADS,TX,ASW,CE,Towers with Radar,0,9,56,0,65,0,10,189,0,199,0,19,245,0,264,22,0,22,286
08/05/2014,ADS,TX,ASW,CE,Towers with Radar,2,19,82,0,103,0,9,185,0,194,2,28,267,0,297,4,0,4,301
08/06/2014,ADS,TX,ASW,CE,Towers with Radar,0,17,73,0,90,0,8,165,2,175,0,25,238,2,265,22,0,22,287
08/07/2014,ADS,TX,ASW,CE,Towers with Radar,0,18,99,0,117,0,9,177,1,187,0,27,276,1,304,10,0,10,314
08/08/2014,ADS,TX,ASW,CE,Towers with Radar,0,19,87,0,106,0,8,179,1,188,0,27,266,1,294,8,0,8,302
08/09/2014,ADS,TX,ASW,CE,Towers with Radar,4,13,62,0,79,0,1,199,1,201,4,14,261,1,280,36,0,36,316
08/10/2014,ADS,TX,ASW,CE,Towers with Radar,0,20,67,0,87,0,2,158,4,164,0,22,225,4,251,41,0,41,292
08/11/2014,ADS,TX,ASW,CE,Towers with Radar,0,19,68,0,87,0,10,173,1,184,0,29,241,1,271,4,0,4,275
08/12/2014,ADS,TX,ASW,CE,Towers with Radar,2,14,82,0,98,0,7,180,1,188,2,21,262,1,286,12,0,12,298
08/13/2014,ADS,TX,ASW,CE,Towers with Radar,0,5,96,0,101,0,11,204,0,215,0,16,300,0,316,26,0,26,342
08/14/2014,ADS,TX,ASW,CE,Towers with Radar,0,12,93,0,105,0,12,177,0,189,0,24,270,0,294,0,0,0,294
08/15/2014,ADS,TX,ASW,CE,Towers with Radar,2,12,69,0,83,0,10,200,0,210,2,22,269,0,293,10,0,10,303
08/16/2014,ADS,TX,ASW,CE,Towers with Radar,0,6,42,0,48,0,1,189,2,192,0,7,231,2,240,8,0,8,248
08/17/2014,ADS,TX,ASW,CE,Towers with Radar,0,18,52,0,70,0,0,42,1,43,0,18,94,1,113,12,0,12,125
08/18/2014,ADS,TX,ASW,CE,Towers with Radar,1,19,73,0,93,0,10,156,0,166,1,29,229,0,259,4,0,4,263
08/19/2014,ADS,TX,ASW,CE,Towers with Radar,0,17,86,0,103,0,4,176,1,181,0,21,262,1,284,16,0,16,300
08/20/2014,ADS,TX,ASW,CE,Towers with Radar,0,11,93,0,104,0,9,164,1,174,0,20,257,1,278,6,0,6,284
08/21/2014,ADS,TX,ASW,CE,Towers with Radar,0,17,106,0,123,0,13,149,1,163,0,30,255,1,286,27,0,27,313
08/22/2014,ADS,TX,ASW,CE,Towers with Radar,0,13,81,1,95,0,12,186,1,199,0,25,267,2,294,24,0,24,318
08/23/2014,ADS,TX,ASW,CE,Towers with Radar,0,8,45,0,53,0,1,227,2,230,0,9,272,2,283,6,0,6,289
08/24/2014,ADS,TX,ASW,CE,Towers with Radar,2,18,49,1,70,0,1,180,1,182,2,19,229,2,252,50,0,50,302
08/25/2014,ADS,TX,ASW,CE,Towers with Radar,0,17,65,0,82,0,13,167,0,180,0,30,232,0,262,20,0,20,282
08/26/2014,ADS,TX,ASW,CE,Towers with Radar,0,15,94,0,109,0,9,198,0,207,0,24,292,0,316,14,0,14,330
08/27/2014,ADS,TX,ASW,CE,Towers with Radar,1,14,105,0,120,0,11,193,2,206,1,25,298,2,326,6,0,6,332
08/28/2014,ADS,TX,ASW,CE,Towers with Radar,2,26,80,0,108,0,10,206,0,216,2,36,286,0,324,4,0,4,328
08/29/2014,ADS,TX,ASW,CE,Towers with Radar,1,22,106,0,129,0,4,128,0,132,1,26,234,0,261,2,0,2,263
08/30/2014,ADS,TX,ASW,CE,Towers with Radar,0,4,61,0,65,0,1,128,0,129,0,5,189,0,194,2,0,2,196
08/31/2014,ADS,TX,ASW,CE,Towers with Radar,0,4,46,0,50,0,2,146,0,148,0,6,192,0,198,2,0,2,200
09/01/2014,ADS,TX,ASW,CE,Towers with Radar,0,24,77,0,101,0,7,147,0,154,0,31,224,0,255,4,0,4,259
09/02/2014,ADS,TX,ASW,CE,Towers with Radar,0,15,86,1,102,0,21,116,0,137,0,36,202,1,239,26,0,26,265
09/03/2014,ADS,TX,ASW,CE,Towers with Radar,1,11,94,1,107,0,8,176,0,184,1,19,270,1,291,2,0,2,293
09/04/2014,ADS,TX,ASW,CE,Towers with Radar,1,16,77,0,94,0,10,227,0,237,1,26,304,0,331,22,0,22,353
09/05/2014,ADS,TX,ASW,CE,Towers with Radar,1,19,71,0,91,0,10,202,0,212,1,29,273,0,303,20,0,20,323
09/06/2014,ADS,TX,ASW,CE,Towers with Radar,1,8,39,0,48,0,1,146,1,148,1,9,185,1,196,8,0,8,204
09/07/2014,ADS,TX,ASW,CE,Towers with Radar,1,23,60,0,84,0,2,66,1,69,1,25,126,1,153,44,0,44,197
09/08/2014,ADS,TX,ASW,CE,Towers with Radar,0,15,78,0,93,0,8,167,0,175,0,23,245,0,268,13,0,13,281
09/09/2014,ADS,TX,ASW,CE,Towers with Radar,0,20,84,0,104,0,8,219,0,227,0,28,303,0,331,16,0,16,347
09/10/2014,ADS,TX,ASW,CE,Towers with Radar,2,16,91,0,109,0,8,166,0,174,2,24,257,0,283,6,0,6,289
09/11/2014,ADS,TX,ASW,CE,Towers with Radar,2,14,110,0,126,0,2,71,0,73,2,16,181,0,199,18,0,18,217
09/12/2014,ADS,TX,ASW,CE,Towers with Radar,0,25,95,3,123,0,0,0,0,0,0,25,95,3,123,0,0,0,123
09/13/2014,ADS,TX,ASW,CE,Towers with Radar,0,12,104,0,116,0,0,57,0,57,0,12,161,0,173,18,0,18,191
09/14/2014,ADS,TX,ASW,CE,Towers with Radar,0,14,87,0,101,0,0,78,1,79,0,14,165,1,180,0,0,0,180
09/15/2014,ADS,TX,ASW,CE,Towers with Radar,1,12,76,0,89,0,5,170,0,175,1,17,246,0,264,32,0,32,296
09/16/2014,ADS,TX,ASW,CE,Towers with Radar,0,15,92,0,107,0,9,184,0,193,0,24,276,0,300,0,0,0,300
09/17/2014,ADS,TX,ASW,CE,Towers with Radar,1,24,87,0,112,0,8,143,1,152,1,32,230,1,264,0,0,0,264
09/18/2014,ADS,TX,ASW,CE,Towers with Radar,2,20,70,0,92,0,7,82,1,90,2,27,152,1,182,0,0,0,182
09/19/2014,ADS,TX,ASW,CE,Towers with Radar,1,30,96,0,127,0,12,115,2,129,1,42,211,2,256,6,0,6,262
09/20/2014,ADS,TX,ASW,CE,Towers with Radar,1,10,76,0,87,0,2,202,1,205,1,12,278,1,292,34,0,34,326
09/21/2014,ADS,TX,ASW,CE,Towers with Radar,0,12,72,0,84,0,0,183,2,185,0,12,255,2,269,44,0,44,313
09/22/2014,ADS,TX,ASW,CE,Towers with Radar,0,13,71,0,84,0,14,157,0,171,0,27,228,0,255,6,0,6,261
09/23/2014,ADS,TX,ASW,CE,Towers with Radar,2,17,95,0,114,0,12,192,0,204,2,29,287,0,318,10,0,10,328
09/24/2014,ADS,TX,ASW,CE,Towers with Radar,0,21,97,0,118,0,6,177,0,183,0,27,274,0,301,46,0,46,347
09/25/2014,ADS,TX,ASW,CE,Towers with Radar,0,20,87,0,107,0,7,224,0,231,0,27,311,0,338,14,0,14,352
09/26/2014,ADS,TX,ASW,CE,Towers with Radar,1,23,119,0,143,0,7,224,0,231,1,30,343,0,374,52,0,52,426
09/27/2014,ADS,TX,ASW,CE,Towers with Radar,0,8,55,0,63,0,6,255,3,264,0,14,310,3,327,78,0,78,405
09/28/2014,ADS,TX,ASW,CE,Towers with Radar,0,11,68,0,79,0,2,272,0,274,0,13,340,0,353,52,0,52,405
09/29/2014,ADS,TX,ASW,CE,Towers with Radar,0,24,71,0,95,0,8,183,0,191,0,32,254,0,286,10,0,10,296
09/30/2014,ADS,TX,ASW,CE,Towers with Radar,0,24,93,0,117,0,8,180,0,188,0,32,273,0,305,4,0,4,309
10/01/2014,ADS,TX,ASW,CE,Towers with Radar,2,18,105,0,125,0,4,135,2,141,2,22,240,2,266,6,0,6,272
10/02/2014,ADS,TX,ASW,CE,Towers with Radar,1,18,91,0,110,0,4,57,0,61,1,22,148,0,171,12,0,12,183
10/03/2014,ADS,TX,ASW,CE,Towers with Radar,7,13,86,0,106,0,6,229,0,235,7,19,315,0,341,30,0,30,371
10/04/2014,ADS,TX,ASW,CE,Towers with Radar,1,13,42,0,56,0,2,232,4,238,1,15,274,4,294,25,0,25,319
10/05/2014,ADS,TX,ASW,CE,Towers with Radar,1,14,61,0,76,0,4,195,0,199,1,18,256,0,275,14,0,14,289
10/06/2014,ADS,TX,ASW,CE,Towers with Radar,2,14,65,0,81,0,3,135,1,139,2,17,200,1,220,10,0,10,230
10/07/2014,ADS,TX,ASW,CE,Towers with Radar,1,15,91,0,107,0,10,172,1,183,1,25,263,1,290,40,0,40,330
10/08/2014,ADS,TX,ASW,CE,Towers with Radar,2,20,95,1,118,0,6,154,2,162,2,26,249,3,280,6,0,6,286
10/09/2014,ADS,TX,ASW,CE,Towers with Radar,2,27,95,1,125,0,5,143,0,148,2,32,238,1,273,10,0,10,283
10/10/2014,ADS,TX,ASW,CE,Towers with Radar,1,31,87,1,120,0,4,181,0,185,1,35,268,1,305,34,0,34,339
10/11/2014,ADS,TX,ASW,CE,Towers with Radar,2,14,59,0,75,0,0,9,0,9,2,14,68,0,84,24,0,24,108
10/12/2014,ADS,TX,ASW,CE,Towers with Radar,0,15,89,0,104,0,0,153,0,153,0,15,242,0,257,12,0,12,269
10/13/2014,ADS,TX,ASW,CE,Towers with Radar,2,21,43,0,66,0,4,6,0,10,2,25,49,0,76,0,0,0,76
10/14/2014,ADS,TX,ASW,CE,Towers with Radar,3,16,77,0,96,0,6,219,0,225,3,22,296,0,321,10,0,10,331
10/15/2014,ADS,TX,ASW,CE,Towers with Radar,0,20,90,0,110,0,6,259,1,266,0,26,349,1,376,30,0,30,406
10/16/2014,ADS,TX,ASW,CE,Towers with Radar,3,28,90,2,123,0,6,184,0,190,3,34,274,2,313,26,0,26,339
10/17/2014,ADS,TX,ASW,CE,Towers with Radar,2,17,80,0,99,0,6,253,0,259,2,23,333,0,358,10,0,10,368
10/18/2014,ADS,TX,ASW,CE,Towers with Radar,1,16,57,0,74,0,2,235,2,239,1,18,292,2,313,12,0,12,325
10/19/2014,ADS,TX,ASW,CE,Towers with Radar,3,20,102,0,125,0,0,240,0,240,3,20,342,0,365,20,0,20,385
10/20/2014,ADS,TX,ASW,CE,Towers with Radar,1,22,96,0,119,0,9,193,2,204,1,31,289,2,323,40,0,40,363
10/21/2014,ADS,TX,ASW,CE,Towers with Radar,0,16,98,0,114,0,9,206,1,216,0,25,304,1,330,24,0,24,354
10/22/2014,ADS,TX,ASW,CE,Towers with Radar,2,9,103,0,114,0,6,195,1,202,2,15,298,1,316,26,0,26,342
10/23/2014,ADS,TX,ASW,CE,Towers with Radar,3,16,99,0,118,0,11,169,0,180,3,27,268,0,298,14,0,14,312
10/24/2014,ADS,TX,ASW,CE,Towers with Radar,1,11,110,0,122,0,7,211,0,218,1,18,321,0,340,16,0,16,356
10/25/2014,ADS,TX,ASW,CE,Towers with Radar,1,11,62,0,74,0,1,220,0,221,1,12,282,0,295,25,0,25,320
10/26/2014,ADS,TX,ASW,CE,Towers with Radar,3,19,54,1,77,0,2,212,0,214,3,21,266,1,291,16,0,16,307
10/27/2014,ADS,TX,ASW,CE,Towers with Radar,1,33,80,1,115,0,9,146,2,157,1,42,226,3,272,6,0,6,278
10/28/2014,ADS,TX,ASW,CE,Towers with Radar,1,18,110,0,129,1,9,118,0,128,2,27,228,0,257,22,0,22,279
10/29/2014,ADS,TX,ASW,CE,Towers with Radar,0,19,77,0,96,0,6,228,4,238,0,25,305,4,334,6,0,6,340
10/30/2014,ADS,TX,ASW,CE,Towers with Radar,0,19,130,0,149,0,6,189,0,195,0,25,319,0,344,4,0,4,348
10/31/2014,ADS,TX,ASW,CE,Towers with Radar,0,17,66,0,83,0,5,166,0,171,0,22,232,0,254,30,0,30,284
11/01/2014,ADS,TX,ASW,CE,Towers with Radar,0,13,58,0,71,0,6,208,1,215,0,19,266,1,286,10,0,10,296
11/02/2014,ADS,TX,ASW,CE,Towers with Radar,0,15,88,0,103,0,3,170,3,176,0,18,258,3,279,14,0,14,293
11/03/2014,ADS,TX,ASW,CE,Towers with Radar,0,20,78,0,98,0,6,120,0,126,0,26,198,0,224,0,0,0,224
11/04/2014,ADS,TX,ASW,CE,Towers with Radar,0,29,73,0,102,0,0,0,0,0,0,29,73,0,102,0,0,0,102
11/05/2014,ADS,TX,ASW,CE,Towers with Radar,1,32,113,2,148,0,3,8,0,11,1,35,121,2,159,0,0,0,159
11/06/2014,ADS,TX,ASW,CE,Towers with Radar,0,28,132,2,162,0,6,209,1,216,0,34,341,3,378,22,0,22,400
11/07/2014,ADS,TX,ASW,CE,Towers with Radar,3,22,95,1,121,0,9,251,2,262,3,31,346,3,383,18,0,18,401
11/08/2014,ADS,TX,ASW,CE,Towers with Radar,3,19,51,0,73,0,2,200,0,202,3,21,251,0,275,2,0,2,277
11/09/2014,ADS,TX,ASW,CE,Towers with Radar,4,16,83,0,103,0,4,210,0,214,4,20,293,0,317,0,0,0,317
11/10/2014,ADS,TX,ASW,CE,Towers with Radar,0,12,64,0,76,0,8,72,0,80,0,20,136,0,156,2,0,2,158
11/11/2014,ADS,TX,ASW,CE,Towers with Radar,0,26,73,0,99,0,2,68,0,70,0,28,141,0,169,8,0,8,177
11/12/2014,ADS,TX,ASW,CE,Towers with Radar,2,12,94,0,108,0,9,160,0,169,2,21,254,0,277,2,0,2,279
11/13/2014,ADS,TX,ASW,CE,Towers with Radar,1,32,110,0,143,0,7,132,0,139,1,39,242,0,282,13,0,13,295
11/14/2014,ADS,TX,ASW,CE,Towers with Radar,7,16,87,1,111,0,5,190,4,199,7,21,277,5,310,4,0,4,314
11/15/2014,ADS,TX,ASW,CE,Towers with Radar,1,10,52,0,63,0,3,67,0,70,1,13,119,0,133,18,0,18,151
11/16/2014,ADS,TX,ASW,CE,Towers with Radar,0,12,60,1,73,0,0,1,0,1,0,12,61,1,74,0,0,0,74
11/17/2014,ADS,TX,ASW,CE,Towers with Radar,2,22,74,0,98,0,8,163,1,172,2,30,237,1,270,8,0,8,278
11/18/2014,ADS,TX,ASW,CE,Towers with Radar,1,16,97,0,114,0,6,175,0,181,1,22,272,0,295,20,0,20,315
11/19/2014,ADS,TX,ASW,CE,Towers with Radar,1,15,101,0,117,0,13,193,0,206,1,28,294,0,323,8,0,8,331
11/20/2014,ADS,TX,ASW,CE,Towers with Radar,1,19,110,0,130,0,11,205,0,216,1,30,315,0,346,17,0,17,363
11/21/2014,ADS,TX,ASW,CE,Towers with Radar,1,26,145,0,172,0,0,3,0,3,1,26,148,0,175,0,0,0,175
11/22/2014,ADS,TX,ASW,CE,Towers with Radar,1,16,46,0,63,0,0,0,0,0,1,16,46,0,63,0,0,0,63
11/23/2014,ADS,TX,ASW,CE,Towers with Radar,1,10,68,8,87,0,2,110,0,112,1,12,178,8,199,12,0,12,211
11/24/2014,ADS,TX,ASW,CE,Towers with Radar,0,12,66,1,79,0,7,204,2,213,0,19,270,3,292,32,0,32,324
11/25/2014,ADS,TX,ASW,CE,Towers with Radar,2,7,96,0,105,0,10,220,1,231,2,17,316,1,336,6,0,6,342
11/26/2014,ADS,TX,ASW,CE,Towers with Radar,0,24,93,0,117,0,7,223,3,233,0,31,316,3,350,8,0,8,358
11/27/2014,ADS,TX,ASW,CE,Towers with Radar,0,14,28,0,42,0,0,87,0,87,0,14,115,0,129,0,0,0,129
11/28/2014,ADS,TX,ASW,CE,Towers with Radar,0,11,43,0,54,0,12,113,0,125,0,23,156,0,179,12,0,12,191
11/29/2014,ADS,TX,ASW,CE,Towers with Radar,0,18,64,0,82,0,0,90,0,90,0,18,154,0,172,2,0,2,174
11/30/2014,ADS,TX,ASW,CE,Towers with Radar,1,17,85,0,103,0,1,84,0,85,1,18,169,0,188,2,0,2,190
12/01/2014,ADS,TX,ASW,CE,Towers with Radar,0,16,86,0,102,0,3,64,2,69,0,19,150,2,171,8,0,8,179
12/02/2014,ADS,TX,ASW,CE,Towers with Radar,0,20,79,2,101,0,3,153,0,156,0,23,232,2,257,24,0,24,281
12/03/2014,ADS,TX,ASW,CE,Towers with Radar,1,31,129,0,161,0,0,9,0,9,1,31,138,0,170,18,0,18,188
12/04/2014,ADS,TX,ASW,CE,Towers with Radar,0,20,133,0,153,0,1,4,0,5,0,21,137,0,158,0,0,0,158
12/05/2014,ADS,TX,ASW,CE,Towers with Radar,2,15,115,0,132,0,5,61,0,66,2,20,176,0,198,26,0,26,224
12/06/2014,ADS,TX,ASW,CE,Towers with Radar,0,6,61,0,67,0,3,206,0,209,0,9,267,0,276,29,0,29,305
12/07/2014,ADS,TX,ASW,CE,Towers with Radar,0,23,75,0,98,0,0,45,0,45,0,23,120,0,143,39,0,39,182
12/08/2014,ADS,TX,ASW,CE,Towers with Radar,1,24,111,0,136,0,6,128,1,135,1,30,239,1,271,15,0,15,286
12/09/2014,ADS,TX,ASW,CE,Towers with Radar,0,23,76,0,99,0,6,145,2,153,0,29,221,2,252,6,0,6,258
12/10/2014,ADS,TX,ASW,CE,Towers with Radar,0,24,121,0,145,0,7,120,3,130,0,31,241,3,275,0,0,0,275
12/11/2014,ADS,TX,ASW,CE,Towers with Radar,0,30,127,0,157,0,0,44,0,44,0,30,171,0,201,57,0,57,258
12/12/2014,ADS,TX,ASW,CE,Towers with Radar,1,19,118,0,138,0,5,121,1,127,1,24,239,1,265,20,0,20,285
12/13/2014,ADS,TX,ASW,CE,Towers with Radar,0,12,99,3,114,0,1,167,1,169,0,13,266,4,283,44,0,44,327
12/14/2014,ADS,TX,ASW,CE,Towers with Radar,0,17,81,3,101,0,1,7,0,8,0,18,88,3,109,0,0,0,109
12/15/2014,ADS,TX,ASW,CE,Towers with Radar,0,13,91,2,106,0,8,176,0,184,0,21,267,2,290,14,0,14,304
12/16/2014,ADS,TX,ASW,CE,Towers with Radar,0,13,118,2,133,0,5,254,4,263,0,18,372,6,396,10,0,10,406
12/17/2014,ADS,TX,ASW,CE,Towers with Radar,0,30,85,3,118,0,2,61,0,63,0,32,146,3,181,0,0,0,181
12/18/2014,ADS,TX,ASW,CE,Towers with Radar,1,31,103,8,143,0,0,0,0,0,1,31,103,8,143,0,0,0,143
12/19/2014,ADS,TX,ASW,CE,Towers with Radar,0,26,90,0,116,0,0,0,0,0,0,26,90,0,116,0,0,0,116
12/20/2014,ADS,TX,ASW,CE,Towers with Radar,0,11,103,0,114,0,0,20,0,20,0,11,123,0,134,0,0,0,134
12/21/2014,ADS,TX,ASW,CE,Towers with Radar,2,9,60,0,71,0,0,56,0,56,2,9,116,0,127,128,0,128,255
12/22/2014,ADS,TX,ASW,CE,Towers with Radar,0,25,80,0,105,0,8,214,0,222,0,33,294,0,327,41,0,41,368
12/23/2014,ADS,TX,ASW,CE,Towers with Radar,0,13,59,0,72,0,5,112,0,117,0,18,171,0,189,6,0,6,195
12/24/2014,ADS,TX,ASW,CE,Towers with Radar,0,14,39,0,53,0,6,88,0,94,0,20,127,0,147,10,0,10,157
12/25/2014,ADS,TX,ASW,CE,Towers with Radar,0,16,16,0,32,0,2,24,0,26,0,18,40,0,58,2,0,2,60
12/26/2014,ADS,TX,ASW,CE,Towers with Radar,1,19,108,0,128,0,4,39,0,43,1,23,147,0,171,4,0,4,175
12/27/2014,ADS,TX,ASW,CE,Towers with Radar,0,23,64,0,87,0,0,31,0,31,0,23,95,0,118,0,0,0,118
12/28/2014,ADS,TX,ASW,CE,Towers with Radar,1,10,65,0,76,0,0,182,0,182,1,10,247,0,258,0,0,0,258
12/29/2014,ADS,TX,ASW,CE,Towers with Radar,0,12,74,0,86,0,5,193,0,198,0,17,267,0,284,6,0,6,290
12/30/2014,ADS,TX,ASW,CE,Towers with Radar,2,16,76,0,94,0,3,106,0,109,2,19,182,0,203,0,0,0,203
12/31/2014,ADS,TX,ASW,CE,Towers with Radar,0,13,62,0,75,0,2,101,0,103,0,15,163,0,178,8,0,8,186
01/01/2015,ADS,TX,ASW,CE,Towers with Radar,0,11,12,0,23,0,0,0,0,0,0,11,12,0,23,0,0,0,23
01/02/2015,ADS,TX,ASW,CE,Towers with Radar,0,20,45,0,65,0,0,0,0,0,0,20,45,0,65,0,0,0,65
01/03/2015,ADS,TX,ASW,CE,Towers with Radar,0,17,89,0,106,0,0,104,0,104,0,17,193,0,210,12,0,12,222
01/04/2015,ADS,TX,ASW,CE,Towers with Radar,1,19,62,0,82,0,0,124,1,125,1,19,186,1,207,42,0,42,249
01/05/2015,ADS,TX,ASW,CE,Towers with Radar,1,10,55,0,66,0,6,161,0,167,1,16,216,0,233,22,0,22,255
01/06/2015,ADS,TX,ASW,CE,Towers with Radar,1,16,86,2,105,0,6,184,7,197,1,22,270,9,302,16,0,16,318
01/07/2015,ADS,TX,ASW,CE,Towers with Radar,0,10,60,0,70,0,15,63,0,78,0,25,123,0,148,2,0,2,150
01/08/2015,ADS,TX,ASW,CE,Towers with Radar,4,17,66,0,87,0,5,195,0,200,4,22,261,0,287,10,0,10,297
01/09/2015,ADS,TX,ASW,CE,Towers with Radar,1,10,62,0,73,0,6,121,0,127,1,16,183,0,200,18,0,18,218
01/10/2015,ADS,TX,ASW,CE,Towers with Radar,1,7,67,0,75,0,0,114,0,114,1,7,181,0,189,31,0,31,220
01/11/2015,ADS,TX,ASW,CE,Towers with Radar,0,13,90,0,103,0,0,0,0,0,0,13,90,0,103,0,0,0,103
01/12/2015,ADS,TX,ASW,CE,Towers with Radar,2,16,90,0,108,0,1,25,0,26,2,17,115,0,134,14,0,14,148
01/13/2015,ADS,TX,ASW,CE,Towers with Radar,2,20,82,0,104,0,2,19,0,21,2,22,101,0,125,2,0,2,127
01/14/2015,ADS,TX,ASW,CE,Towers with Radar,1,23,88,0,112,0,8,141,0,149,1,31,229,0,261,6,0,6,267
01/15/2015,ADS,TX,ASW,CE,Towers with Radar,2,18,109,0,129,0,9,238,0,247,2,27,347,0,376,4,0,4,380
01/16/2015,ADS,TX,ASW,CE,Towers with Radar,1,18,66,1,86,0,9,221,1,231,1,27,287,2,317,4,0,4,321
01/17/2015,ADS,TX,ASW,CE,Towers with Radar,1,8,54,0,63,0,4,227,0,231,1,12,281,0,294,8,0,8,302
01/18/2015,ADS,TX,ASW,CE,Towers with Radar,0,17,53,0,70,0,1,198,0,199,0,18,251,0,269,0,0,0,269
01/19/2015,ADS,TX,ASW,CE,Towers with Radar,0,17,94,2,113,0,5,218,5,228,0,22,312,7,341,2,0,2,343
01/20/2015,ADS,TX,ASW,CE,Towers with Radar,1,19,99,2,121,0,10,205,1,216,1,29,304,3,337,0,0,0,337
01/21/2015,ADS,TX,ASW,CE,Towers with Radar,0,12,113,2,127,0,3,178,0,181,0,15,291,2,308,2,0,2,310
01/22/2015,ADS,TX,ASW,CE,Towers with Radar,0,19,68,0,87,0,0,2,0,2,0,19,70,0,89,0,0,0,89
01/23/2015,ADS,TX,ASW,CE,Towers with Radar,1,23,85,1,110,0,10,138,0,148,1,33,223,1,258,16,0,16,274
01/24/2015,ADS,TX,ASW,CE,Towers with Radar,1,12,47,0,60,0,1,261,0,262,1,13,308,0,322,0,0,0,322
01/25/2015,ADS,TX,ASW,CE,Towers with Radar,0,26,50,0,76,0,7,125,0,132,0,33,175,0,208,6,0,6,214
01/26/2015,ADS,TX,ASW,CE,Towers with Radar,0,15,69,0,84,0,5,143,0,148,0,20,212,0,232,4,0,4,236
01/27/2015,ADS,TX,ASW,CE,Towers with Radar,1,15,83,0,99,0,4,261,1,266,1,19,344,1,365,12,0,12,377
01/28/2015,ADS,TX,ASW,CE,Towers with Radar,1,23,75,0,99,0,8,211,0,219,1,31,286,0,318,2,0,2,320
01/29/2015,ADS,TX,ASW,CE,Towers with Radar,2,17,77,0,96,0,7,133,0,140,2,24,210,0,236,0,0,0,236
01/30/2015,ADS,TX,ASW,CE,Towers with Radar,1,6,66,0,73,0,12,166,0,178,1,18,232,0,251,22,0,22,273
01/31/2015,ADS,TX,ASW,CE,Towers with Radar,1,10,56,0,67,0,0,84,0,84,1,10,140,0,151,4,0,4,155
02/01/2015,ADS,TX,ASW,CE,Towers with Radar,3,13,54,0,70,0,0,27,0,27,3,13,81,0,97,0,0,0,97
02/02/2015,ADS,TX,ASW,CE,Towers with Radar,1,13,63,0,77,0,4,155,0,159,1,17,218,0,236,2,0,2,238
02/03/2015,ADS,TX,ASW,CE,Towers with Radar,2,22,76,0,100,0,9,146,0,155,2,31,222,0,255,25,0,25,280
02/04/2015,ADS,TX,ASW,CE,Towers with Radar,0,21,111,0,132,0,0,32,0,32,0,21,143,0,164,2,0,2,166
02/05/2015,ADS,TX,ASW,CE,Towers with Radar,1,24,72,0,97,0,2,5,0,7,1,26,77,0,104,0,0,0,104
02/06/2015,ADS,TX,ASW,CE,Towers with Radar,4,19,102,0,125,0,8,220,1,229,4,27,322,1,354,0,0,0,354
02/07/2015,ADS,TX,ASW,CE,Towers with Radar,0,6,66,0,72,1,1,186,1,189,1,7,252,1,261,34,0,34,295
02/08/2015,ADS,TX,ASW,CE,Towers with Radar,0,16,63,0,79,0,1,229,0,230,0,17,292,0,309,24,0,24,333
02/09/2015,ADS,TX,ASW,CE,Towers with Radar,1,22,74,0,97,0,9,179,1,189,1,31,253,1,286,6,0,6,292
02/10/2015,ADS,TX,ASW,CE,Towers with Radar,0,16,71,0,87,0,9,208,0,217,0,25,279,0,304,6,0,6,310
02/11/2015,ADS,TX,ASW,CE,Towers with Radar,0,11,72,0,83,0,9,142,1,152,0,20,214,1,235,0,0,0,235
02/12/2015,ADS,TX,ASW,CE,Towers with Radar,0,22,100,0,122,0,9,199,1,209,0,31,299,1,331,2,0,2,333
02/13/2015,ADS,TX,ASW,CE,Towers with Radar,0,17,97,0,114,0,14,216,3,233,0,31,313,3,347,4,0,4,351
02/14/2015,ADS,TX,ASW,CE,Towers with Radar,0,12,42,0,54,0,3,341,0,344,0,15,383,0,398,11,0,11,409
02/15/2015,ADS,TX,ASW,CE,Towers with Radar,0,11,91,0,102,0,0,104,3,107,0,11,195,3,209,0,0,0,209
02/16/2015,ADS,TX,ASW,CE,Towers with Radar,0,21,63,0,84,0,2,8,0,10,0,23,71,0,94,0,0,0,94
02/17/2015,ADS,TX,ASW,CE,Towers with Radar,2,19,82,0,103,0,7,137,0,144,2,26,219,0,247,2,0,2,249
02/18/2015,ADS,TX,ASW,CE,Towers with Radar,0,22,97,0,119,0,12,212,0,224,0,34,309,0,343,0,0,0,343
02/19/2015,ADS,TX,ASW,CE,Towers with Radar,1,19,104,0,124,0,5,219,0,224,1,24,323,0,348,8,0,8,356
02/20/2015,ADS,TX,ASW,CE,Towers with Radar,3,20,115,0,138,0,5,18,0,23,3,25,133,0,161,2,0,2,163
02/21/2015,ADS,TX,ASW,CE,Towers with Radar,0,11,63,0,74,0,2,89,0,91,0,13,152,0,165,12,0,12,177
02/22/2015,ADS,TX,ASW,CE,Towers with Radar,0,16,65,0,81,0,0,1,0,1,0,16,66,0,82,0,0,0,82
02/23/2015,ADS,TX,ASW,CE,Towers with Radar,0,3,13,0,16,0,0,0,0,0,0,3,13,0,16,0,0,0,16
02/24/2015,ADS,TX,ASW,CE,Towers with Radar,0,17,84,0,101,0,0,20,0,20,0,17,104,0,121,0,0,0,121
02/25/2015,ADS,TX,ASW,CE,Towers with Radar,0,15,74,0,89,0,0,86,0,86,0,15,160,0,175,8,0,8,183
02/26/2015,ADS,TX,ASW,CE,Towers with Radar,0,23,99,0,122,0,1,75,0,76,0,24,174,0,198,11,0,11,209
02/27/2015,ADS,TX,ASW,CE,Towers with Radar,0,9,46,0,55,0,1,6,0,7,0,10,52,0,62,0,0,0,62
02/28/2015,ADS,TX,ASW,CE,Towers with Radar,0,0,18,0,18,0,0,0,0,0,0,0,18,0,18,0,0,0,18
03/01/2015,ADS,TX,ASW,CE,Towers with Radar,0,10,55,0,65,0,0,0,0,0,0,10,55,0,65,0,0,0,65
03/02/2015,ADS,TX,ASW,CE,Towers with Radar,0,11,53,0,64,0,0,0,0,0,0,11,53,0,64,0,0,0,64
03/03/2015,ADS,TX,ASW,CE,Towers with Radar,2,14,105,0,121,0,0,1,0,1,2,14,106,0,122,0,0,0,122
03/04/2015,ADS,TX,ASW,CE,Towers with Radar,0,7,60,0,67,0,0,0,0,0,0,7,60,0,67,0,0,0,67
03/05/2015,ADS,TX,ASW,CE,Towers with Radar,0,17,62,0,79,0,1,88,2,91,0,18,150,2,170,4,0,4,174
03/06/2015,ADS,TX,ASW,CE,Towers with Radar,2,15,96,1,114,0,13,269,0,282,2,28,365,1,396,12,0,12,408
03/07/2015,ADS,TX,ASW,CE,Towers with Radar,0,13,96,0,109,0,3,295,0,298,0,16,391,0,407,21,0,21,428
03/08/2015,ADS,TX,ASW,CE,Towers with Radar,0,15,105,0,120,0,0,19,0,19,0,15,124,0,139,0,0,0,139
03/09/2015,ADS,TX,ASW,CE,Towers with Radar,0,6,53,0,59,0,0,0,0,0,0,6,53,0,59,0,0,0,59
03/10/2015,ADS,TX,ASW,CE,Towers with Radar,0,14,97,1,112,0,2,10,2,14,0,16,107,3,126,0,0,0,126
03/11/2015,ADS,TX,ASW,CE,Towers with Radar,2,20,133,0,155,0,4,153,0,157,2,24,286,0,312,15,0,15,327
03/12/2015,ADS,TX,ASW,CE,Towers with Radar,0,21,112,0,133,0,6,161,0,167,0,27,273,0,300,26,0,26,326
03/13/2015,ADS,TX,ASW,CE,Towers with Radar,0,19,99,0,118,0,0,0,0,0,0,19,99,0,118,2,0,2,120
03/14/2015,ADS,TX,ASW,CE,Towers with Radar,1,14,103,0,118,0,2,93,0,95,1,16,196,0,213,19,0,19,232
03/15/2015,ADS,TX,ASW,CE,Towers with Radar,0,21,110,0,131,0,0,34,1,35,0,21,144,1,166,7,0,7,173
03/16/2015,ADS,TX,ASW,CE,Towers with Radar,0,15,57,1,73,0,4,241,1,246,0,19,298,2,319,6,0,6,325
03/17/2015,ADS,TX,ASW,CE,Towers with Radar,1,12,96,0,109,0,4,214,1,219,1,16,310,1,328,13,0,13,341
03/18/2015,ADS,TX,ASW,CE,Towers with Radar,0,26,119,0,145,0,0,43,0,43,0,26,162,0,188,2,0,2,190
03/19/2015,ADS,TX,ASW,CE,Towers with Radar,1,11,121,1,134,0,0,12,0,12,1,11,133,1,146,18,0,18,164
03/20/2015,ADS,TX,ASW,CE,Towers with Radar,0,22,85,0,107,0,0,1,0,1,0,22,86,0,108,6,0,6,114
03/21/2015,ADS,TX,ASW,CE,Towers with Radar,0,5,110,0,115,0,0,14,0,14,0,5,124,0,129,0,0,0,129
03/22/2015,ADS,TX,ASW,CE,Towers with Radar,0,10,85,0,95,0,0,104,0,104,0,10,189,0,199,8,0,8,207
03/23/2015,ADS,TX,ASW,CE,Towers with Radar,0,13,80,0,93,0,3,255,0,258,0,16,335,0,351,6,0,6,357
03/24/2015,ADS,TX,ASW,CE,Towers with Radar,1,10,80,0,91,0,6,170,0,176,1,16,250,0,267,12,0,12,279
03/25/2015,ADS,TX,ASW,CE,Towers with Radar,1,20,88,0,109,0,5,172,0,177,1,25,260,0,286,8,0,8,294
03/26/2015,ADS,TX,ASW,CE,Towers with Radar,1,20,96,0,117,0,5,122,0,127,1,25,218,0,244,16,0,16,260
03/27/2015,ADS,TX,ASW,CE,Towers with Radar,1,20,73,0,94,0,4,283,1,288,1,24,356,1,382,2,0,2,384
03/28/2015,ADS,TX,ASW,CE,Towers with Radar,0,12,67,0,79,0,5,254,5,264,0,17,321,5,343,8,4,12,355
03/29/2015,ADS,TX,ASW,CE,Towers with Radar,0,19,82,0,101,0,1,174,0,175,0,20,256,0,276,22,0,22,298
03/30/2015,ADS,TX,ASW,CE,Towers with Radar,1,18,130,0,149,0,6,106,0,112,1,24,236,0,261,22,0,22,283
03/31/2015,ADS,TX,ASW,CE,Towers with Radar,2,12,102,0,116,0,6,162,1,169,2,18,264,1,285,6,0,6,291
04/01/2015,ADS,TX,ASW,CE,Towers with Radar,0,32,114,0,146,0,1,67,1,69,0,33,181,1,215,22,0,22,237
04/02/2015,ADS,TX,ASW,CE,Towers with Radar,1,19,142,0,162,0,5,103,0,108,1,24,245,0,270,16,0,16,286
04/03/2015,ADS,TX,ASW,CE,Towers with Radar,1,17,82,0,100,0,3,135,0,138,1,20,217,0,238,16,0,16,254
04/04/2015,ADS,TX,ASW,CE,Towers with Radar,2,8,50,0,60,0,4,246,0,250,2,12,296,0,310,20,0,20,330
04/05/2015,ADS,TX,ASW,CE,Towers with Radar,0,10,72,0,82,0,0,1,0,1,0,10,73,0,83,0,0,0,83
04/06/2015,ADS,TX,ASW,CE,Towers with Radar,0,18,90,1,109,0,0,94,0,94,0,18,184,1,203,26,0,26,229
04/07/2015,ADS,TX,ASW,CE,Towers with Radar,1,16,126,0,143,0,5,117,0,122,1,21,243,0,265,22,0,22,287
04/08/2015,ADS,TX,ASW,CE,Towers with Radar,2,33,132,0,167,0,1,37,1,39,2,34,169,1,206,0,0,0,206
04/09/2015,ADS,TX,ASW,CE,Towers with Radar,1,23,96,0,120,0,2,61,0,63,1,25,157,0,183,0,0,0,183
04/10/2015,ADS,TX,ASW,CE,Towers with Radar,0,20,113,0,133,0,10,330,2,342,0,30,443,2,475,32,0,32,507
04/11/2015,ADS,TX,ASW,CE,Towers with Radar,0,13,82,0,95,0,4,170,0,174,0,17,252,0,269,14,0,14,283
04/12/2015,ADS,TX,ASW,CE,Towers with Radar,0,17,104,0,121,0,0,34,0,34,0,17,138,0,155,12,0,12,167
04/13/2015,ADS,TX,ASW,CE,Towers with Radar,0,33,66,0,99,0,0,14,0,14,0,33,80,0,113,0,0,0,113
04/14/2015,ADS,TX,ASW,CE,Towers with Radar,0,23,132,2,157,0,2,1,0,3,0,25,133,2,160,0,0,0,160
04/15/2015,ADS,TX,ASW,CE,Towers with Radar,0,18,103,0,121,0,7,287,0,294,0,25,390,0,415,22,0,22,437
04/16/2015,ADS,TX,ASW,CE,Towers with Radar,1,20,148,0,169,0,2,66,0,68,1,22,214,0,237,22,0,22,259
04/17/2015,ADS,TX,ASW,CE,Towers with Radar,0,25,60,2,87,0,2,25,0,27,0,27,85,2,114,20,0,20,134
04/18/2015,ADS,TX,ASW,CE,Towers with Radar,2,12,67,0,81,0,6,168,1,175,2,18,235,1,256,6,0,6,262
04/19/2015,ADS,TX,ASW,CE,Towers with Radar,0,15,109,2,126,0,1,132,0,133,0,16,241,2,259,7,0,7,266
04/20/2015,ADS,TX,ASW,CE,Towers with Radar,1,24,104,0,129,0,8,305,1,314,1,32,409,1,443,9,0,9,452
04/21/2015,ADS,TX,ASW,CE,Towers with Radar,0,17,99,0,116,0,6,132,0,138,0,23,231,0,254,8,0,8,262
04/22/2015,ADS,TX,ASW,CE,Towers with Radar,0,28,81,0,109,0,1,95,0,96,0,29,176,0,205,10,0,10,215
04/23/2015,ADS,TX,ASW,CE,Towers with Radar,0,22,128,0,150,0,1,4,0,5,0,23,132,0,155,0,0,0,155
04/24/2015,ADS,TX,ASW,CE,Towers with Radar,0,20,47,0,67,0,3,2,0,5,0,23,49,0,72,6,0,6,78
04/25/2015,ADS,TX,ASW,CE,Towers with Radar,2,8,71,0,81,0,3,285,1,289,2,11,356,1,370,10,0,10,380
04/26/2015,ADS,TX,ASW,CE,Towers with Radar,3,18,68,0,89,0,0,113,0,113,3,18,181,0,202,6,0,6,208
04/27/2015,ADS,TX,ASW,CE,Towers with Radar,2,28,68,0,98,0,1,22,0,23,2,29,90,0,121,0,0,0,121
04/28/2015,ADS,TX,ASW,CE,Towers with Radar,0,17,98,0,115,0,3,29,0,32,0,20,127,0,147,0,0,0,147
04/29/2015,ADS,TX,ASW,CE,Towers with Radar,0,16,97,0,113,0,9,279,0,288,0,25,376,0,401,4,0,4,405
04/30/2015,ADS,TX,ASW,CE,Towers with Radar,0,25,132,1,158,0,7,315,0,322,0,32,447,1,480,16,0,16,496
05/01/2015,ADS,TX,ASW,CE,Towers with Radar,0,23,72,3,98,0,12,313,0,325,0,35,385,3,423,6,0,6,429
05/02/2015,ADS,TX,ASW,CE,Towers with Radar,1,17,38,0,56,0,3,287,0,290,1,20,325,0,346,32,0,32,378
05/03/2015,ADS,TX,ASW,CE,Towers with Radar,0,21,81,0,102,0,1,216,1,218,0,22,297,1,320,2,0,2,322
05/04/2015,ADS,TX,ASW,CE,Towers with Radar,0,17,117,0,134,0,4,194,0,198,0,21,311,0,332,8,0,8,340
05/05/2015,ADS,TX,ASW,CE,Towers with Radar,1,14,101,0,116,0,1,57,0,58,1,15,158,0,174,4,0,4,178
05/06/2015,ADS,TX,ASW,CE,Towers with Radar,2,29,88,2,121,0,3,61,0,64,2,32,149,2,185,0,0,0,185
05/07/2015,ADS,TX,ASW,CE,Towers with Radar,3,16,113,2,134,0,0,43,1,44,3,16,156,3,178,20,0,20,198
05/08/2015,ADS,TX,ASW,CE,Towers with Radar,2,25,128,0,155,0,2,49,0,51,2,27,177,0,206,5,0,5,211
05/09/2015,ADS,TX,ASW,CE,Towers with Radar,0,13,55,0,68,0,0,20,0,20,0,13,75,0,88,22,0,22,110
05/10/2015,ADS,TX,ASW,CE,Towers with Radar,0,14,33,0,47,0,0,13,0,13,0,14,46,0,60,0,0,0,60
05/11/2015,ADS,TX,ASW,CE,Towers with Radar,0,20,79,0,99,0,1,254,0,255,0,21,333,0,354,15,0,15,369
05/12/2015,ADS,TX,ASW,CE,Towers with Radar,1,13,116,0,130,0,0,140,0,140,1,13,256,0,270,0,0,0,270
05/13/2015,ADS,TX,ASW,CE,Towers with Radar,2,27,99,0,128,0,0,4,0,4,2,27,103,0,132,4,0,4,136
05/14/2015,ADS,TX,ASW,CE,Towers with Radar,0,16,107,2,125,0,2,104,0,106,0,18,211,2,231,20,0,20,251
05/15/2015,ADS,TX,ASW,CE,Towers with Radar,0,25,88,0,113,0,1,69,0,70,0,26,157,0,183,8,0,8,191
05/16/2015,ADS,TX,ASW,CE,Towers with Radar,0,14,72,0,86,0,0,63,0,63,0,14,135,0,149,36,0,36,185
05/17/2015,ADS,TX,ASW,CE,Towers with Radar,3,12,90,0,105,0,1,149,1,151,3,13,239,1,256,14,0,14,270
05/18/2015,ADS,TX,ASW,CE,Towers with Radar,1,16,90,0,107,0,1,183,0,184,1,17,273,0,291,1,0,1,292
05/19/2015,ADS,TX,ASW,CE,Towers with Radar,0,16,97,0,113,0,0,43,0,43,0,16,140,0,156,0,0,0,156
05/20/2015,ADS,TX,ASW,CE,Towers with Radar,0,17,101,0,118,0,2,195,2,199,0,19,296,2,317,5,0,5,322
05/21/2015,ADS,TX,ASW,CE,Towers with Radar,0,24,112,0,136,0,0,54,2,56,0,24,166,2,192,14,0,14,206
05/22/2015,ADS,TX,ASW,CE,Towers with Radar,0,20,96,0,116,0,0,62,0,62,0,20,158,0,178,20,0,20,198
05/23/2015,ADS,TX,ASW,CE,Towers with Radar,3,13,45,0,61,0,0,5,0,5,3,13,50,0,66,1,0,1,67
05/24/2015,ADS,TX,ASW,CE,Towers with Radar,2,3,36,0,41,0,0,35,0,35,2,3,71,0,76,24,0,24,100
05/25/2015,ADS,TX,ASW,CE,Towers with Radar,1,14,52,0,67,0,0,5,0,5,1,14,57,0,72,0,0,0,72
05/26/2015,ADS,TX,ASW,CE,Towers with Radar,0,14,108,0,122,0,3,42,0,45,0,17,150,0,167,0,0,0,167
05/27/2015,ADS,TX,ASW,CE,Towers with Radar,2,23,92,0,117,0,3,227,0,230,2,26,319,0,347,12,0,12,359
05/28/2015,ADS,TX,ASW,CE,Towers with Radar,0,29,122,0,151,0,6,139,0,145,0,35,261,0,296,12,0,12,308
05/29/2015,ADS,TX,ASW,CE,Towers with Radar,0,12,110,2,124,0,3,61,0,64,0,15,171,2,188,7,0,7,195
05/30/2015,ADS,TX,ASW,CE,Towers with Radar,2,11,47,0,60,0,0,53,0,53,2,11,100,0,113,42,0,42,155
05/31/2015,ADS,TX,ASW,CE,Towers with Radar,0,10,72,0,82,0,1,264,0,265,0,11,336,0,347,36,0,36,383
06/01/2015,ADS,TX,ASW,CE,Towers with Radar,0,15,63,0,78,0,2,225,2,229,0,17,288,2,307,6,0,6,313
06/02/2015,ADS,TX,ASW,CE,Towers with Radar,0,12,90,0,102,0,0,243,2,245,0,12,333,2,347,0,0,0,347
06/03/2015,ADS,TX,ASW,CE,Towers with Radar,0,17,107,1,125,0,6,276,2,284,0,23,383,3,409,18,0,18,427
06/04/2015,ADS,TX,ASW,CE,Towers with Radar,2,23,99,3,127,0,14,285,2,301,2,37,384,5,428,26,0,26,454
06/05/2015,ADS,TX,ASW,CE,Towers with Radar,0,13,88,0,101,0,2,257,0,259,0,15,345,0,360,4,0,4,364
06/06/2015,ADS,TX,ASW,CE,Towers with Radar,0,19,62,0,81,0,3,303,0,306,0,22,365,0,387,33,0,33,420
06/07/2015,ADS,TX,ASW,CE,Towers with Radar,2,8,80,0,90,0,2,179,0,181,2,10,259,0,271,0,0,0,271
06/08/2015,ADS,TX,ASW,CE,Towers with Radar,0,15,66,1,82,0,10,193,0,203,0,25,259,1,285,38,0,38,323
06/09/2015,ADS,TX,ASW,CE,Towers with Radar,0,23,94,0,117,0,11,166,0,177,0,34,260,0,294,14,0,14,308
06/10/2015,ADS,TX,ASW,CE,Towers with Radar,0,15,76,0,91,0,6,240,0,246,0,21,316,0,337,16,0,16,353
06/11/2015,ADS,TX,ASW,CE,Towers with Radar,0,18,78,0,96,0,11,212,1,224,0,29,290,1,320,12,0,12,332
06/12/2015,ADS,TX,ASW,CE,Towers with Radar,0,6,81,0,87,0,5,168,0,173,0,11,249,0,260,16,0,16,276
06/13/2015,ADS,TX,ASW,CE,Towers with Radar,0,11,63,0,74,0,0,77,0,77,0,11,140,0,151,8,0,8,159
06/14/2015,ADS,TX,ASW,CE,Towers with Radar,1,19,72,0,92,0,1,36,0,37,1,20,108,0,129,20,0,20,149
06/15/2015,ADS,TX,ASW,CE,Towers with Radar,0,26,87,0,113,0,1,109,0,110,0,27,196,0,223,39,0,39,262
06/16/2015,ADS,TX,ASW,CE,Towers with Radar,0,19,76,0,95,0,0,16,0,16,0,19,92,0,111,3,0,3,114
06/17/2015,ADS,TX,ASW,CE,Towers with Radar,0,19,33,0,52,0,0,0,0,0,0,19,33,0,52,0,0,0,52
06/18/2015,ADS,TX,ASW,CE,Towers with Radar,0,8,90,0,98,0,4,211,1,216,0,12,301,1,314,12,0,12,326
06/19/2015,ADS,TX,ASW,CE,Towers with Radar,2,19,96,0,117,0,7,276,0,283,2,26,372,0,400,0,0,0,400
06/20/2015,ADS,TX,ASW,CE,Towers with Radar,2,6,64,0,72,0,1,231,0,232,2,7,295,0,304,4,0,4,308
06/21/2015,ADS,TX,ASW,CE,Towers with Radar,0,8,86,0,94,0,2,22,0,24,0,10,108,0,118,0,0,0,118
06/22/2015,ADS,TX,ASW,CE,Towers with Radar,0,15,105,0,120,0,4,135,0,139,0,19,240,0,259,8,0,8,267
06/23/2015,ADS,TX,ASW,CE,Towers with Radar,0,18,117,1,136,0,6,235,2,243,0,24,352,3,379,0,0,0,379
06/24/2015,ADS,TX,ASW,CE,Towers with Radar,0,21,75,0,96,0,6,276,2,284,0,27,351,2,380,0,0,0,380
06/25/2015,ADS,TX,ASW,CE,Towers with Radar,0,17,92,0,109,0,5,286,0,291,0,22,378,0,400,12,0,12,412
06/26/2015,ADS,TX,ASW,CE,Towers with Radar,0,18,93,0,111,0,4,231,0,235,0,22,324,0,346,6,0,6,352
06/27/2015,ADS,TX,ASW,CE,Towers with Radar,0,6,56,0,62,0,1,236,0,237,0,7,292,0,299,4,0,4,303
06/28/2015,ADS,TX,ASW,CE,Towers with Radar,0,10,54,0,64,0,0,211,0,211,0,10,265,0,275,0,0,0,275
06/29/2015,ADS,TX,ASW,CE,Towers with Radar,0,11,64,0,75,0,5,198,0,203,0,16,262,0,278,0,0,0,278
06/30/2015,ADS,TX,ASW,CE,Towers with Radar,0,25,93,1,119,0,11,216,1,228,0,36,309,2,347,0,0,0,347
07/01/2015,ADS,TX,ASW,CE,Towers with Radar,0,14,91,0,105,0,7,223,1,231,0,21,314,1,336,16,0,16,352
07/02/2015,ADS,TX,ASW,CE,Towers with Radar,0,13,101,0,114,0,5,181,0,186,0,18,282,0,300,12,0,12,312
07/03/2015,ADS,TX,ASW,CE,Towers with Radar,0,14,59,0,73,0,1,101,4,106,0,15,160,4,179,10,0,10,189
07/04/2015,ADS,TX,ASW,CE,Towers with Radar,0,8,30,0,38,0,0,115,4,119,0,8,145,4,157,2,0,2,159
07/05/2015,ADS,TX,ASW,CE,Towers with Radar,0,16,87,0,103,0,0,138,0,138,0,16,225,0,241,0,0,0,241
07/06/2015,ADS,TX,ASW,CE,Towers with Radar,0,21,92,0,113,0,4,114,0,118,0,25,206,0,231,48,0,48,279
07/07/2015,ADS,TX,ASW,CE,Towers with Radar,0,12,90,0,102,0,3,82,0,85,0,15,172,0,187,6,0,6,193
07/08/2015,ADS,TX,ASW,CE,Towers with Radar,0,25,100,1,126,0,3,78,1,82,0,28,178,2,208,5,0,5,213
07/09/2015,ADS,TX,ASW,CE,Towers with Radar,1,22,110,0,133,0,6,192,0,198,1,28,302,0,331,8,0,8,339
07/10/2015,ADS,TX,ASW,CE,Towers with Radar,0,14,66,1,81,0,5,257,0,262,0,19,323,1,343,2,0,2,345
07/11/2015,ADS,TX,ASW,CE,Towers with Radar,0,10,59,0,69,0,1,228,3,232,0,11,287,3,301,0,0,0,301
07/12/2015,ADS,TX,ASW,CE,Towers with Radar,0,24,59,2,85,0,1,194,0,195,0,25,253,2,280,10,0,10,290
07/13/2015,ADS,TX,ASW,CE,Towers with Radar,0,19,63,1,83,0,9,178,2,189,0,28,241,3,272,1,0,1,273
07/14/2015,ADS,TX,ASW,CE,Towers with Radar,0,15,104,1,120,0,4,204,4,212,0,19,308,5,332,2,0,2,334
07/15/2015,ADS,TX,ASW,CE,Towers with Radar,0,26,102,0,128,0,4,215,0,219,0,30,317,0,347,0,0,0,347
07/16/2015,ADS,TX,ASW,CE,Towers with Radar,2,29,113,0,144,0,6,221,0,227,2,35,334,0,371,2,0,2,373
07/17/2015,ADS,TX,ASW,CE,Towers with Radar,0,22,75,0,97,0,1,271,0,272,0,23,346,0,369,8,0,8,377
07/18/2015,ADS,TX,ASW,CE,Towers with Radar,0,9,61,1,71,0,2,229,1,232,0,11,290,2,303,40,0,40,343
07/19/2015,ADS,TX,ASW,CE,Towers with Radar,0,26,70,0,96,0,0,180,0,180,0,26,250,0,276,12,0,12,288
07/20/2015,ADS,TX,ASW,CE,Towers with Radar,1,18,82,0,101,0,2,171,1,174,1,20,253,1,275,6,0,6,281
07/21/2015,ADS,TX,ASW,CE,Towers with Radar,0,20,90,0,110,0,2,177,1,180,0,22,267,1,290,4,0,4,294
07/22/2015,ADS,TX,ASW,CE,Towers with Radar,0,12,75,2,89,0,6,218,3,227,0,18,293,5,316,8,0,8,324
07/23/2015,ADS,TX,ASW,CE,Towers with Radar,0,27,98,0,125,0,6,226,0,232,0,33,324,0,357,6,0,6,363
07/24/2015,ADS,TX,ASW,CE,Towers with Radar,0,18,71,2,91,0,21,235,0,256,0,39,306,2,347,2,0,2,349
07/25/2015,ADS,TX,ASW,CE,Towers with Radar,0,14,54,0,68,0,1,209,0,210,0,15,263,0,278,12,0,12,290
07/26/2015,ADS,TX,ASW,CE,Towers with Radar,0,21,66,0,87,0,1,185,1,187,0,22,251,1,274,0,0,0,274
07/27/2015,ADS,TX,ASW,CE,Towers with Radar,0,12,67,0,79,0,4,223,0,227,0,16,290,0,306,0,0,0,306
07/28/2015,ADS,TX,ASW,CE,Towers with Radar,0,15,56,1,72,0,4,186,0,190,0,19,242,1,262,5,0,5,267
07/29/2015,ADS,TX,ASW,CE,Towers with Radar,0,17,71,0,88,0,7,224,0,231,0,24,295,0,319,0,0,0,319
07/30/2015,ADS,TX,ASW,CE,Towers with Radar,3,21,111,0,135,0,3,186,3,192,3,24,297,3,327,4,0,4,331
07/31/2015,ADS,TX,ASW,CE,Towers with Radar,0,19,103,0,122,0,4,250,0,254,0,23,353,0,376,2,0,2,378
08/01/2015,ADS,TX,ASW,CE,Towers with Radar,0,11,60,0,71,0,0,225,0,225,0,11,285,0,296,8,0,8,304
08/02/2015,ADS,TX,ASW,CE,Towers with Radar,1,13,76,0,90,0,9,147,0,156,1,22,223,0,246,0,0,0,246
08/03/2015,ADS,TX,ASW,CE,Towers with Radar,0,9,77,0,86,0,3,181,0,184,0,12,258,0,270,4,0,4,274
08/04/2015,ADS,TX,ASW,CE,Towers with Radar,0,9,102,0,111,0,4,169,0,173,0,13,271,0,284,0,0,0,284
08/05/2015,ADS,TX,ASW,CE,Towers with Radar,0,10,84,1,95,0,5,195,1,201,0,15,279,2,296,6,0,6,302
08/06/2015,ADS,TX,ASW,CE,Towers with Radar,0,15,73,0,88,0,6,193,0,199,0,21,266,0,287,8,0,8,295
08/07/2015,ADS,TX,ASW,CE,Towers with Radar,0,12,84,0,96,0,2,245,0,247,0,14,329,0,343,0,0,0,343
08/08/2015,ADS,TX,ASW,CE,Towers with Radar,0,8,65,0,73,0,2,184,0,186,0,10,249,0,259,0,0,0,259
08/09/2015,ADS,TX,ASW,CE,Towers with Radar,0,16,76,0,92,0,2,147,0,149,0,18,223,0,241,0,0,0,241
08/10/2015,ADS,TX,ASW,CE,Towers with Radar,0,18,62,0,80,0,1,165,3,169,0,19,227,3,249,4,0,4,253
08/11/2015,ADS,TX,ASW,CE,Towers with Radar,0,7,60,1,68,0,9,156,0,165,0,16,216,1,233,2,0,2,235
08/12/2015,ADS,TX,ASW,CE,Towers with Radar,2,11,88,0,101,0,6,152,1,159,2,17,240,1,260,12,0,12,272
08/13/2015,ADS,TX,ASW,CE,Towers with Radar,0,12,91,0,103,0,2,223,2,227,0,14,314,2,330,18,0,18,348
08/14/2015,ADS,TX,ASW,CE,Towers with Radar,0,13,73,0,86,0,2,205,0,207,0,15,278,0,293,7,0,7,300
08/15/2015,ADS,TX,ASW,CE,Towers with Radar,0,11,38,0,49,0,0,215,0,215,0,11,253,0,264,16,0,16,280
08/16/2015,ADS,TX,ASW,CE,Towers with Radar,0,20,74,0,94,0,1,171,0,172,0,21,245,0,266,26,0,26,292
08/17/2015,ADS,TX,ASW,CE,Towers with Radar,0,9,85,0,94,0,3,165,0,168,0,12,250,0,262,18,0,18,280
08/18/2015,ADS,TX,ASW,CE,Towers with Radar,0,20,78,0,98,0,6,225,0,231,0,26,303,0,329,3,0,3,332
08/19/2015,ADS,TX,ASW,CE,Towers with Radar,1,16,55,0,72,0,2,102,0,104,1,18,157,0,176,18,0,18,194
08/20/2015,ADS,TX,ASW,CE,Towers with Radar,0,25,109,0,134,0,3,78,1,82,0,28,187,1,216,4,0,4,220
08/21/2015,ADS,TX,ASW,CE,Towers with Radar,2,10,83,0,95,0,7,193,0,200,2,17,276,0,295,40,0,40,335
08/22/2015,ADS,TX,ASW,CE,Towers with Radar,0,9,73,0,82,0,0,157,0,157,0,9,230,0,239,28,0,28,267
08/23/2015,ADS,TX,ASW,CE,Towers with Radar,0,20,73,0,93,0,1,149,0,150,0,21,222,0,243,6,0,6,249
08/24/2015,ADS,TX,ASW,CE,Towers with Radar,0,14,104,0,118,0,2,152,1,155,0,16,256,1,273,12,0,12,285
08/25/2015,ADS,TX,ASW,CE,Towers with Radar,0,13,66,0,79,0,3,167,3,173,0,16,233,3,252,2,0,2,254
08/26/2015,ADS,TX,ASW,CE,Towers with Radar,0,13,78,0,91,0,4,250,1,255,0,17,328,1,346,16,0,16,362
08/27/2015,ADS,TX,ASW,CE,Towers with Radar,0,14,99,0,113,0,4,216,0,220,0,18,315,0,333,0,0,0,333
08/28/2015,ADS,TX,ASW,CE,Towers with Radar,2,14,87,0,103,0,2,220,1,223,2,16,307,1,326,10,0,10,336
08/29/2015,ADS,TX,ASW,CE,Towers with Radar,0,6,59,0,65,0,0,187,0,187,0,6,246,0,252,0,0,0,252
08/30/2015,ADS,TX,ASW,CE,Towers with Radar,0,10,60,0,70,0,0,188,0,188,0,10,248,0,258,14,0,14,272
08/31/2015,ADS,TX,ASW,CE,Towers with Radar,0,11,68,0,79,0,3,196,0,199,0,14,264,0,278,0,0,0,278
09/01/2015,ADS,TX,ASW,CE,Towers with Radar,0,8,87,0,95,0,6,192,0,198,0,14,279,0,293,26,0,26,319
09/02/2015,ADS,TX,ASW,CE,Towers with Radar,0,10,70,0,80,0,7,219,2,228,0,17,289,2,308,6,0,6,314
09/03/2015,ADS,TX,ASW,CE,Towers with Radar,0,17,105,0,122,0,8,229,0,237,0,25,334,0,359,0,0,0,359
09/04/2015,ADS,TX,ASW,CE,Towers with Radar,0,8,98,0,106,0,6,256,0,262,0,14,354,0,368,16,0,16,384
09/05/2015,ADS,TX,ASW,CE,Towers with Radar,1,2,54,0,57,0,0,243,0,243,1,2,297,0,300,20,0,20,320
09/06/2015,ADS,TX,ASW,CE,Towers with Radar,3,6,45,0,54,0,1,163,0,164,3,7,208,0,218,0,0,0,218
09/07/2015,ADS,TX,ASW,CE,Towers with Radar,0,8,67,0,75,0,1,191,0,192,0,9,258,0,267,0,0,0,267
09/08/2015,ADS,TX,ASW,CE,Towers with Radar,0,17,104,0,121,0,2,182,0,184,0,19,286,0,305,0,0,0,305
09/09/2015,ADS,TX,ASW,CE,Towers with Radar,0,18,114,0,132,0,1,67,0,68,0,19,181,0,200,12,0,12,212
09/10/2015,ADS,TX,ASW,CE,Towers with Radar,1,22,157,0,180,0,7,243,0,250,1,29,400,0,430,4,0,4,434
09/11/2015,ADS,TX,ASW,CE,Towers with Radar,0,23,106,0,129,3,3,198,0,204,3,26,304,0,333,14,0,14,347
09/12/2015,ADS,TX,ASW,CE,Towers with Radar,0,15,92,0,107,0,2,233,2,237,0,17,325,2,344,0,0,0,344
09/13/2015,ADS,TX,ASW,CE,Towers with Radar,0,22,123,0,145,0,0,186,1,187,0,22,309,1,332,0,0,0,332
09/14/2015,ADS,TX,ASW,CE,Towers with Radar,1,18,83,0,102,0,4,190,1,195,1,22,273,1,297,0,0,0,297
09/15/2015,ADS,TX,ASW,CE,Towers with Radar,0,13,138,0,151,0,2,94,1,97,0,15,232,1,248,9,0,9,257
09/16/2015,ADS,TX,ASW,CE,Towers with Radar,0,17,139,0,156,0,1,137,1,139,0,18,276,1,295,2,0,2,297
09/17/2015,ADS,TX,ASW,CE,Towers with Radar,0,19,105,0,124,0,1,199,2,202,0,20,304,2,326,35,0,35,361
09/18/2015,ADS,TX,ASW,CE,Towers with Radar,1,17,93,0,111,0,4,208,0,212,1,21,301,0,323,4,0,4,327
09/19/2015,ADS,TX,ASW,CE,Towers with Radar,0,7,69,0,76,0,0,126,2,128,0,7,195,2,204,9,0,9,213
09/20/2015,ADS,TX,ASW,CE,Towers with Radar,0,17,85,1,103,0,0,156,0,156,0,17,241,1,259,6,0,6,265
09/21/2015,ADS,TX,ASW,CE,Towers with Radar,3,13,96,1,113,0,6,172,0,178,3,19,268,1,291,0,0,0,291
09/22/2015,ADS,TX,ASW,CE,Towers with Radar,1,9,111,1,122,0,3,168,1,172,1,12,279,2,294,10,0,10,304
09/23/2015,ADS,TX,ASW,CE,Towers with Radar,0,11,115,0,126,0,2,211,1,214,0,13,326,1,340,8,0,8,348
09/24/2015,ADS,TX,ASW,CE,Towers with Radar,0,10,95,1,106,0,2,223,0,225,0,12,318,1,331,16,0,16,347
09/25/2015,ADS,TX,ASW,CE,Towers with Radar,0,17,113,0,130,0,5,220,1,226,0,22,333,1,356,22,0,22,378
09/26/2015,ADS,TX,ASW,CE,Towers with Radar,1,16,62,0,79,0,0,224,3,227,1,16,286,3,306,38,0,38,344
09/27/2015,ADS,TX,ASW,CE,Towers with Radar,2,24,89,0,115,0,1,163,0,164,2,25,252,0,279,4,0,4,283
09/28/2015,ADS,TX,ASW,CE,Towers with Radar,0,14,63,0,77,0,3,145,0,148,0,17,208,0,225,0,0,0,225
09/29/2015,ADS,TX,ASW,CE,Towers with Radar,0,14,81,0,95,0,6,157,1,164,0,20,238,1,259,4,0,4,263
09/30/2015,ADS,TX,ASW,CE,Towers with Radar,3,13,103,0,119,0,4,187,1,192,3,17,290,1,311,6,0,6,317
10/01/2015,ADS,TX,ASW,CE,Towers with Radar,0,27,108,0,135,0,6,191,0,197,0,33,299,0,332,14,0,14,346
10/02/2015,ADS,TX,ASW,CE,Towers with Radar,0,13,85,0,98,0,5,238,2,245,0,18,323,2,343,46,0,46,389
10/03/2015,ADS,TX,ASW,CE,Towers with Radar,0,11,46,0,57,0,11,214,2,227,0,22,260,2,284,18,0,18,302
10/04/2015,ADS,TX,ASW,CE,Towers with Radar,0,16,64,0,80,0,1,180,3,184,0,17,244,3,264,4,0,4,268
10/05/2015,ADS,TX,ASW,CE,Towers with Radar,1,7,66,0,74,0,3,153,0,156,1,10,219,0,230,11,0,11,241
10/06/2015,ADS,TX,ASW,CE,Towers with Radar,0,8,101,0,109,0,4,178,0,182,0,12,279,0,291,4,0,4,295
10/07/2015,ADS,TX,ASW,CE,Towers with Radar,0,14,86,0,100,0,3,234,0,237,0,17,320,0,337,6,0,6,343
10/08/2015,ADS,TX,ASW,CE,Towers with Radar,0,22,101,1,124,0,2,189,1,192,0,24,290,2,316,20,0,20,336
10/09/2015,ADS,TX,ASW,CE,Towers with Radar,0,18,119,0,137,0,2,179,2,183,0,20,298,2,320,0,0,0,320
10/10/2015,ADS,TX,ASW,CE,Towers with Radar,0,14,47,0,61,0,1,304,6,311,0,15,351,6,372,48,0,48,420
10/11/2015,ADS,TX,ASW,CE,Towers with Radar,0,15,94,0,109,0,3,192,3,198,0,18,286,3,307,14,0,14,321
10/12/2015,ADS,TX,ASW,CE,Towers with Radar,1,19,70,0,90,0,6,150,0,156,1,25,220,0,246,0,0,0,246
10/13/2015,ADS,TX,ASW,CE,Towers with Radar,0,10,106,0,116,0,4,197,0,201,0,14,303,0,317,41,0,41,358
10/14/2015,ADS,TX,ASW,CE,Towers with Radar,0,20,110,0,130,1,4,206,3,214,1,24,316,3,344,14,0,14,358
10/15/2015,ADS,TX,ASW,CE,Towers with Radar,0,16,112,0,128,0,11,221,0,232,0,27,333,0,360,22,0,22,382
10/16/2015,ADS,TX,ASW,CE,Towers with Radar,0,17,94,0,111,0,6,245,0,251,0,23,339,0,362,6,0,6,368
10/17/2015,ADS,TX,ASW,CE,Towers with Radar,0,9,71,0,80,0,0,220,0,220,0,9,291,0,300,24,0,24,324
10/18/2015,ADS,TX,ASW,CE,Towers with Radar,0,13,67,0,80,1,0,223,1,225,1,13,290,1,305,14,0,14,319
10/19/2015,ADS,TX,ASW,CE,Towers with Radar,0,11,90,0,101,1,5,176,1,183,1,16,266,1,284,0,0,0,284
10/20/2015,ADS,TX,ASW,CE,Towers with Radar,0,20,87,0,107,0,5,204,0,209,0,25,291,0,316,12,0,12,328
10/21/2015,ADS,TX,ASW,CE,Towers with Radar,0,21,115,0,136,0,6,110,0,116,0,27,225,0,252,30,0,30,282
10/22/2015,ADS,TX,ASW,CE,Towers with Radar,0,32,129,0,161,0,0,21,0,21,0,32,150,0,182,3,0,3,185
10/23/2015,ADS,TX,ASW,CE,Towers with Radar,1,16,72,0,89,0,0,0,0,0,1,16,72,0,89,0,0,0,89
10/24/2015,ADS,TX,ASW,CE,Towers with Radar,0,6,51,0,57,0,0,1,0,1,0,6,52,0,58,0,0,0,58
10/25/2015,ADS,TX,ASW,CE,Towers with Radar,1,20,101,0,122,0,0,20,0,20,1,20,121,0,142,0,0,0,142
10/26/2015,ADS,TX,ASW,CE,Towers with Radar,0,16,87,0,103,0,10,144,0,154,0,26,231,0,257,2,0,2,259
10/27/2015,ADS,TX,ASW,CE,Towers with Radar,0,20,89,0,109,0,4,221,0,225,0,24,310,0,334,34,0,34,368
10/28/2015,ADS,TX,ASW,CE,Towers with Radar,0,18,102,0,120,0,8,213,1,222,0,26,315,1,342,31,0,31,373
10/29/2015,ADS,TX,ASW,CE,Towers with Radar,0,19,121,0,140,0,3,300,2,305,0,22,421,2,445,24,0,24,469
10/30/2015,ADS,TX,ASW,CE,Towers with Radar,1,14,59,0,74,0,0,2,0,2,1,14,61,0,76,0,0,0,76
10/31/2015,ADS,TX,ASW,CE,Towers with Radar,0,13,77,0,90,0,0,1,0,1,0,13,78,0,91,0,0,0,91
11/01/2015,ADS,TX,ASW,CE,Towers with Radar,0,12,86,0,98,0,3,6,0,9,0,15,92,0,107,10,0,10,117
11/02/2015,ADS,TX,ASW,CE,Towers with Radar,0,15,89,0,104,0,9,107,0,116,0,24,196,0,220,10,0,10,230
11/03/2015,ADS,TX,ASW,CE,Towers with Radar,0,10,128,0,138,0,8,81,0,89,0,18,209,0,227,33,0,33,260
11/04/2015,ADS,TX,ASW,CE,Towers with Radar,0,21,105,2,128,0,6,153,0,159,0,27,258,2,287,38,0,38,325
11/05/2015,ADS,TX,ASW,CE,Towers with Radar,0,20,89,0,109,0,0,1,0,1,0,20,90,0,110,0,0,0,110
11/06/2015,ADS,TX,ASW,CE,Towers with Radar,0,23,105,0,128,0,5,227,1,233,0,28,332,1,361,17,0,17,378
11/07/2015,ADS,TX,ASW,CE,Towers with Radar,0,17,82,0,99,0,7,114,0,121,0,24,196,0,220,0,0,0,220
11/08/2015,ADS,TX,ASW,CE,Towers with Radar,0,9,90,0,99,0,1,238,0,239,0,10,328,0,338,6,0,6,344
11/09/2015,ADS,TX,ASW,CE,Towers with Radar,0,18,98,0,116,0,2,210,0,212,0,20,308,0,328,2,0,2,330
11/10/2015,ADS,TX,ASW,CE,Towers with Radar,3,9,116,0,128,0,5,166,1,172,3,14,282,1,300,13,0,13,313
11/11/2015,ADS,TX,ASW,CE,Towers with Radar,0,18,109,0,127,0,1,60,0,61,0,19,169,0,188,8,0,8,196
11/12/2015,ADS,TX,ASW,CE,Towers with Radar,0,21,130,2,153,0,2,249,2,253,0,23,379,4,406,24,0,24,430
11/13/2015,ADS,TX,ASW,CE,Towers with Radar,1,15,94,0,110,0,2,226,0,228,1,17,320,0,338,0,0,0,338
11/14/2015,ADS,TX,ASW,CE,Towers with Radar,0,18,58,0,76,0,0,288,3,291,0,18,346,3,367,16,0,16,383
11/15/2015,ADS,TX,ASW,CE,Towers with Radar,0,13,84,0,97,0,0,118,1,119,0,13,202,1,216,24,0,24,240
11/16/2015,ADS,TX,ASW,CE,Towers with Radar,0,24,71,0,95,0,0,0,0,0,0,24,71,0,95,0,0,0,95
11/17/2015,ADS,TX,ASW,CE,Towers with Radar,0,17,80,0,97,0,3,117,0,120,0,20,197,0,217,12,0,12,229
11/18/2015,ADS,TX,ASW,CE,Towers with Radar,0,22,89,0,111,0,3,242,0,245,0,25,331,0,356,0,0,0,356
11/19/2015,ADS,TX,ASW,CE,Towers with Radar,0,18,126,0,144,0,5,234,3,242,0,23,360,3,386,0,0,0,386
11/20/2015,ADS,TX,ASW,CE,Towers with Radar,1,13,95,0,109,0,5,261,0,266,1,18,356,0,375,36,0,36,411
11/21/2015,ADS,TX,ASW,CE,Towers with Radar,0,13,68,0,81,0,0,52,0,52,0,13,120,0,133,0,0,0,133
11/22/2015,ADS,TX,ASW,CE,Towers with Radar,1,13,74,0,88,0,2,254,0,256,1,15,328,0,344,12,0,12,356
11/23/2015,ADS,TX,ASW,CE,Towers with Radar,1,5,86,0,92,0,2,241,2,245,1,7,327,2,337,14,0,14,351
11/24/2015,ADS,TX,ASW,CE,Towers with Radar,0,15,115,0,130,0,0,190,2,192,0,15,305,2,322,12,0,12,334
11/25/2015,ADS,TX,ASW,CE,Towers with Radar,1,18,118,0,137,0,4,38,0,42,1,22,156,0,179,4,0,4,183
11/26/2015,ADS,TX,ASW,CE,Towers with Radar,0,9,33,0,42,0,0,0,0,0,0,9,33,0,42,0,0,0,42
11/27/2015,ADS,TX,ASW,CE,Towers with Radar,1,7,36,0,44,0,0,1,0,1,1,7,37,0,45,0,0,0,45
11/28/2015,ADS,TX,ASW,CE,Towers with Radar,1,12,36,0,49,0,0,0,0,0,1,12,36,0,49,0,0,0,49
11/29/2015,ADS,TX,ASW,CE,Towers with Radar,0,18,89,0,107,0,0,0,0,0,0,18,89,0,107,0,0,0,107
11/30/2015,ADS,TX,ASW,CE,Towers with Radar,0,11,105,0,116,0,0,11,0,11,0,11,116,0,127,0,0,0,127
12/01/2015,ADS,TX,ASW,CE,Towers with Radar,0,14,103,0,117,0,13,196,0,209,0,27,299,0,326,6,0,6,332
12/02/2015,ADS,TX,ASW,CE,Towers with Radar,0,9,103,0,112,0,5,233,1,239,0,14,336,1,351,14,0,14,365
12/03/2015,ADS,TX,ASW,CE,Towers with Radar,0,12,93,0,105,0,5,254,0,259,0,17,347,0,364,15,0,15,379
12/04/2015,ADS,TX,ASW,CE,Towers with Radar,2,16,92,0,110,0,13,250,0,263,2,29,342,0,373,6,0,6,379
12/05/2015,ADS,TX,ASW,CE,Towers with Radar,0,8,71,0,79,0,0,263,3,266,0,8,334,3,345,6,0,6,351
12/06/2015,ADS,TX,ASW,CE,Towers with Radar,0,18,60,0,78,0,4,212,1,217,0,22,272,1,295,10,0,10,305
12/07/2015,ADS,TX,ASW,CE,Towers with Radar,0,16,70,0,86,0,4,230,1,235,0,20,300,1,321,28,0,28,349
12/08/2015,ADS,TX,ASW,CE,Towers with Radar,0,21,75,0,96,0,2,189,0,191,0,23,264,0,287,2,0,2,289
12/09/2015,ADS,TX,ASW,CE,Towers with Radar,0,30,111,0,141,0,3,214,0,217,0,33,325,0,358,6,0,6,364
12/10/2015,ADS,TX,ASW,CE,Towers with Radar,1,23,95,0,119,0,5,185,3,193,1,28,280,3,312,8,0,8,320
12/11/2015,ADS,TX,ASW,CE,Towers with Radar,1,19,101,0,121,0,4,230,1,235,1,23,331,1,356,22,0,22,378
12/12/2015,ADS,TX,ASW,CE,Towers with Radar,0,10,58,0,68,0,0,3,0,3,0,10,61,0,71,10,0,10,81
12/13/2015,ADS,TX,ASW,CE,Towers with Radar,0,14,81,0,95,0,2,56,0,58,0,16,137,0,153,5,0,5,158
12/14/2015,ADS,TX,ASW,CE,Towers with Radar,1,23,78,1,103,0,4,207,2,213,1,27,285,3,316,0,0,0,316
12/15/2015,ADS,TX,ASW,CE,Towers with Radar,1,22,104,0,127,0,2,184,0,186,1,24,288,0,313,18,0,18,331
12/16/2015,ADS,TX,ASW,CE,Towers with Radar,0,14,92,0,106,0,3,215,0,218,0,17,307,0,324,9,0,9,333
12/17/2015,ADS,TX,ASW,CE,Towers with Radar,0,10,102,0,112,0,3,234,0,237,0,13,336,0,349,0,0,0,349
12/18/2015,ADS,TX,ASW,CE,Towers with Radar,0,18,99,3,120,0,8,263,1,272,0,26,362,4,392,0,0,0,392
12/19/2015,ADS,TX,ASW,CE,Towers with Radar,0,12,72,0,84,0,3,240,0,243,0,15,312,0,327,6,0,6,333
12/20/2015,ADS,TX,ASW,CE,Towers with Radar,1,9,89,0,99,0,0,6,0,6,1,9,95,0,105,0,0,0,105
12/21/2015,ADS,TX,ASW,CE,Towers with Radar,0,16,85,0,101,0,3,174,1,178,0,19,259,1,279,4,0,4,283
12/22/2015,ADS,TX,ASW,CE,Towers with Radar,0,20,80,0,100,0,2,171,0,173,0,22,251,0,273,29,0,29,302
12/23/2015,ADS,TX,ASW,CE,Towers with Radar,0,11,54,0,65,0,3,151,0,154,0,14,205,0,219,12,0,12,231
12/24/2015,ADS,TX,ASW,CE,Towers with Radar,0,10,31,0,41,0,3,158,1,162,0,13,189,1,203,6,0,6,209
12/25/2015,ADS,TX,ASW,CE,Towers with Radar,0,12,20,0,32,0,0,27,0,27,0,12,47,0,59,0,0,0,59
12/26/2015,ADS,TX,ASW,CE,Towers with Radar,0,20,57,0,77,0,0,1,0,1,0,20,58,0,78,0,0,0,78
12/27/2015,ADS,TX,ASW,CE,Towers with Radar,0,13,39,0,52,0,0,0,0,0,0,13,39,0,52,0,0,0,52
12/28/2015,ADS,TX,ASW,CE,Towers with Radar,1,13,61,0,75,0,0,6,0,6,1,13,67,0,81,0,0,0,81
12/29/2015,ADS,TX,ASW,CE,Towers with Radar,0,13,72,0,85,0,2,177,0,179,0,15,249,0,264,12,0,12,276
12/30/2015,ADS,TX,ASW,CE,Towers with Radar,0,16,66,0,82,0,3,235,0,238,0,19,301,0,320,24,0,24,344
12/31/2015,ADS,TX,ASW,CE,Towers with Radar,1,15,65,0,81,0,1,193,0,194,1,16,258,0,275,8,0,8,283
01/01/2016,ADS,TX,ASW,CE,Towers with Radar,0,8,37,0,45,0,1,89,0,90,0,9,126,0,135,6,0,6,141
01/02/2016,ADS,TX,ASW,CE,Towers with Radar,1,20,81,0,102,0,0,205,0,205,1,20,286,0,307,14,0,14,321
01/03/2016,ADS,TX,ASW,CE,Towers with Radar,1,10,80,0,91,0,1,186,0,187,1,11,266,0,278,12,0,12,290
01/04/2016,ADS,TX,ASW,CE,Towers with Radar,0,14,49,0,63,0,4,185,0,189,0,18,234,0,252,44,0,44,296
01/05/2016,ADS,TX,ASW,CE,Towers with Radar,1,8,63,0,72,0,7,182,0,189,1,15,245,0,261,0,0,0,261
01/06/2016,ADS,TX,ASW,CE,Towers with Radar,0,18,85,0,103,0,1,32,0,33,0,19,117,0,136,0,0,0,136
01/07/2016,ADS,TX,ASW,CE,Towers with Radar,0,17,67,1,85,0,3,112,2,117,0,20,179,3,202,0,0,0,202
01/08/2016,ADS,TX,ASW,CE,Towers with Radar,0,14,103,0,117,0,1,147,0,148,0,15,250,0,265,22,0,22,287
01/09/2016,ADS,TX,ASW,CE,Towers with Radar,1,21,51,0,73,0,1,11,0,12,1,22,62,0,85,18,0,18,103
01/10/2016,ADS,TX,ASW,CE,Towers with Radar,0,12,61,1,74,0,0,216,0,216,0,12,277,1,290,1,0,1,291
01/11/2016,ADS,TX,ASW,CE,Towers with Radar,0,12,50,0,62,0,4,161,0,165,0,16,211,0,227,0,0,0,227
01/12/2016,ADS,TX,ASW,CE,Towers with Radar,0,14,75,0,89,0,6,236,1,243,0,20,311,1,332,0,0,0,332
01/13/2016,ADS,TX,ASW,CE,Towers with Radar,0,15,65,0,80,0,7,219,0,226,0,22,284,0,306,10,0,10,316
01/14/2016,ADS,TX,ASW,CE,Towers with Radar,0,14,76,0,90,0,3,158,1,162,0,17,234,1,252,4,0,4,256
01/15/2016,ADS,TX,ASW,CE,Towers with Radar,1,8,86,0,95,0,6,205,0,211,1,14,291,0,306,8,0,8,314
01/16/2016,ADS,TX,ASW,CE,Towers with Radar,1,6,69,0,76,0,0,47,0,47,1,6,116,0,123,6,0,6,129
01/17/2016,ADS,TX,ASW,CE,Towers with Radar,0,8,78,0,86,0,0,216,0,216,0,8,294,0,302,14,0,14,316
01/18/2016,ADS,TX,ASW,CE,Towers with Radar,0,9,82,0,91,0,7,225,0,232,0,16,307,0,323,2,0,2,325
01/19/2016,ADS,TX,ASW,CE,Towers with Radar,0,21,110,0,131,0,1,97,0,98,0,22,207,0,229,4,0,4,233
01/20/2016,ADS,TX,ASW,CE,Towers with Radar,0,20,107,0,127,0,6,109,1,116,0,26,216,1,243,22,0,22,265
01/21/2016,ADS,TX,ASW,CE,Towers with Radar,0,24,73,0,97,0,0,0,0,0,0,24,73,0,97,0,0,0,97
01/22/2016,ADS,TX,ASW,CE,Towers with Radar,0,23,70,14,107,0,8,166,1,175,0,31,236,15,282,0,32,32,314
01/23/2016,ADS,TX,ASW,CE,Towers with Radar,0,10,72,0,82,0,4,216,0,220,0,14,288,0,302,0,0,0,302
01/24/2016,ADS,TX,ASW,CE,Towers with Radar,0,12,62,0,74,0,1,157,1,159,0,13,219,1,233,0,0,0,233
01/25/2016,ADS,TX,ASW,CE,Towers with Radar,0,8,72,0,80,0,1,164,0,165,0,9,236,0,245,0,0,0,245
01/26/2016,ADS,TX,ASW,CE,Towers with Radar,1,9,100,0,110,0,2,179,0,181,1,11,279,0,291,0,0,0,291
01/27/2016,ADS,TX,ASW,CE,Towers with Radar,0,11,113,0,124,0,10,259,1,270,0,21,372,1,394,0,0,0,394
01/28/2016,ADS,TX,ASW,CE,Towers with Radar,0,14,89,0,103,0,5,229,1,235,0,19,318,1,338,0,0,0,338
01/29/2016,ADS,TX,ASW,CE,Towers with Radar,0,13,82,0,95,0,5,210,0,215,0,18,292,0,310,0,0,0,310
01/30/2016,ADS,TX,ASW,CE,Towers with Radar,1,14,49,0,64,0,5,260,0,265,1,19,309,0,329,0,0,0,329
01/31/2016,ADS,TX,ASW,CE,Towers with Radar,1,8,83,0,92,0,2,219,0,221,1,10,302,0,313,30,0,30,343
02/01/2016,ADS,TX,ASW,CE,Towers with Radar,0,12,90,0,102,0,0,97,0,97,0,12,187,0,199,4,0,4,203
02/02/2016,ADS,TX,ASW,CE,Towers with Radar,0,11,61,0,72,0,6,108,0,114,0,17,169,0,186,10,0,10,196
02/03/2016,ADS,TX,ASW,CE,Towers with Radar,1,11,88,0,100,0,6,171,0,177,1,17,259,0,277,18,0,18,295
02/04/2016,ADS,TX,ASW,CE,Towers with Radar,0,24,100,1,125,0,5,223,0,228,0,29,323,1,353,8,0,8,361
02/05/2016,ADS,TX,ASW,CE,Towers with Radar,0,21,89,0,110,0,4,233,0,237,0,25,322,0,347,14,0,14,361
02/06/2016,ADS,TX,ASW,CE,Towers with Radar,0,9,67,0,76,0,1,122,0,123,0,10,189,0,199,4,0,4,203
02/07/2016,ADS,TX,ASW,CE,Towers with Radar,0,11,54,0,65,0,0,213,0,213,0,11,267,0,278,8,0,8,286
02/08/2016,ADS,TX,ASW,CE,Towers with Radar,0,17,68,0,85,0,3,57,0,60,0,20,125,0,145,1,0,1,146
02/09/2016,ADS,TX,ASW,CE,Towers with Radar,1,13,71,0,85,0,3,197,2,202,1,16,268,2,287,6,0,6,293
02/10/2016,ADS,TX,ASW,CE,Towers with Radar,0,14,104,0,118,0,6,263,0,269,0,20,367,0,387,12,0,12,399
02/11/2016,ADS,TX,ASW,CE,Towers with Radar,0,21,85,0,106,0,4,247,0,251,0,25,332,0,357,4,0,4,361
02/12/2016,ADS,TX,ASW,CE,Towers with Radar,0,17,101,0,118,0,4,293,0,297,0,21,394,0,415,14,0,14,429
02/13/2016,ADS,TX,ASW,CE,Towers with Radar,1,11,65,0,77,0,1,318,0,319,1,12,383,0,396,0,0,0,396
02/14/2016,ADS,TX,ASW,CE,Towers with Radar,0,13,82,0,95,0,0,153,1,154,0,13,235,1,249,20,0,20,269
02/15/2016,ADS,TX,ASW,CE,Towers with Radar,0,12,86,0,98,0,6,173,0,179,0,18,259,0,277,19,0,19,296
02/16/2016,ADS,TX,ASW,CE,Towers with Radar,0,11,92,0,103,0,4,178,0,182,0,15,270,0,285,29,0,29,314
02/17/2016,ADS,TX,ASW,CE,Towers with Radar,0,22,87,3,112,0,6,260,5,271,0,28,347,8,383,32,0,32,415
02/18/2016,ADS,TX,ASW,CE,Towers with Radar,0,15,91,2,108,0,3,110,0,113,0,18,201,2,221,13,0,13,234
02/19/2016,ADS,TX,ASW,CE,Towers with Radar,0,21,89,2,112,0,4,149,1,154,0,25,238,3,266,22,0,22,288
02/20/2016,ADS,TX,ASW,CE,Towers with Radar,1,11,84,0,96,0,0,90,0,90,1,11,174,0,186,0,0,0,186
02/21/2016,ADS,TX,ASW,CE,Towers with Radar,0,13,118,0,131,0,2,9,0,11,0,15,127,0,142,23,0,23,165
02/22/2016,ADS,TX,ASW,CE,Towers with Radar,0,13,126,3,142,0,6,80,2,88,0,19,206,5,230,16,0,16,246
02/23/2016,ADS,TX,ASW,CE,Towers with Radar,0,14,65,0,79,0,0,0,0,0,0,14,65,0,79,0,0,0,79
02/24/2016,ADS,TX,ASW,CE,Towers with Radar,0,23,89,0,112,0,3,159,1,163,0,26,248,1,275,0,0,0,275
02/25/2016,ADS,TX,ASW,CE,Towers with Radar,0,15,113,0,128,0,9,283,0,292,0,24,396,0,420,0,0,0,420
02/26/2016,ADS,TX,ASW,CE,Towers with Radar,0,15,101,0,116,0,10,262,0,272,0,25,363,0,388,6,0,6,394
02/27/2016,ADS,TX,ASW,CE,Towers with Radar,1,12,54,0,67,0,2,319,3,324,1,14,373,3,391,26,0,26,417
02/28/2016,ADS,TX,ASW,CE,Towers with Radar,0,17,128,0,145,0,0,135,0,135,0,17,263,0,280,29,0,29,309
02/29/2016,ADS,TX,ASW,CE,Towers with Radar,1,9,120,1,131,0,1,90,0,91,1,10,210,1,222,4,0,4,226
03/01/2016,ADS,TX,ASW,CE,Towers with Radar,0,12,83,1,96,0,3,98,1,102,0,15,181,2,198,0,0,0,198
03/02/2016,ADS,TX,ASW,CE,Towers with Radar,4,15,105,0,124,0,3,188,0,191,4,18,293,0,315,6,0,6,321
03/03/2016,ADS,TX,ASW,CE,Towers with Radar,0,30,82,0,112,0,3,174,1,178,0,33,256,1,290,0,0,0,290
03/04/2016,ADS,TX,ASW,CE,Towers with Radar,0,14,99,0,113,0,4,290,4,298,0,18,389,4,411,15,0,15,426
03/05/2016,ADS,TX,ASW,CE,Towers with Radar,0,9,60,0,69,0,1,263,0,264,0,10,323,0,333,5,0,5,338
03/06/2016,ADS,TX,ASW,CE,Towers with Radar,1,17,64,0,82,0,1,98,0,99,1,18,162,0,181,2,0,2,183
03/07/2016,ADS,TX,ASW,CE,Towers with Radar,0,22,59,0,81,0,2,11,0,13,0,24,70,0,94,9,0,9,103
03/08/2016,ADS,TX,ASW,CE,Towers with Radar,0,19,36,0,55,0,0,24,0,24,0,19,60,0,79,0,0,0,79
03/09/2016,ADS,TX,ASW,CE,Towers with Radar,2,17,55,0,74,0,0,11,0,11,2,17,66,0,85,0,0,0,85
03/10/2016,ADS,TX,ASW,CE,Towers with Radar,0,21,83,0,104,0,0,1,0,1,0,21,84,0,105,0,0,0,105
03/11/2016,ADS,TX,ASW,CE,Towers with Radar,0,24,103,0,127,0,0,0,0,0,0,24,103,0,127,0,0,0,127
03/12/2016,ADS,TX,ASW,CE,Towers with Radar,0,28,109,0,137,0,0,18,0,18,0,28,127,0,155,0,0,0,155
03/13/2016,ADS,TX,ASW,CE,Towers with Radar,0,13,68,0,81,0,2,146,0,148,0,15,214,0,229,4,0,4,233
03/14/2016,ADS,TX,ASW,CE,Towers with Radar,0,18,50,0,68,0,8,208,1,217,0,26,258,1,285,8,0,8,293
03/15/2016,ADS,TX,ASW,CE,Towers with Radar,0,12,87,0,99,0,3,216,1,220,0,15,303,1,319,0,0,0,319
03/16/2016,ADS,TX,ASW,CE,Towers with Radar,1,13,89,0,103,0,4,288,0,292,1,17,377,0,395,10,0,10,405
03/17/2016,ADS,TX,ASW,CE,Towers with Radar,0,16,90,0,106,0,1,76,0,77,0,17,166,0,183,14,0,14,197
03/18/2016,ADS,TX,ASW,CE,Towers with Radar,0,20,95,0,115,0,0,12,0,12,0,20,107,0,127,0,0,0,127
03/19/2016,ADS,TX,ASW,CE,Towers with Radar,0,10,51,0,61,0,0,158,0,158,0,10,209,0,219,0,0,0,219
03/20/2016,ADS,TX,ASW,CE,Towers with Radar,0,10,82,0,92,0,0,235,1,236,0,10,317,1,328,0,0,0,328
03/21/2016,ADS,TX,ASW,CE,Towers with Radar,1,12,73,0,86,0,4,211,0,215,1,16,284,0,301,0,0,0,301
03/22/2016,ADS,TX,ASW,CE,Towers with Radar,0,17,71,2,90,0,3,62,1,66,0,20,133,3,156,0,0,0,156
03/23/2016,ADS,TX,ASW,CE,Towers with Radar,1,20,59,0,80,0,6,34,0,40,1,26,93,0,120,0,0,0,120
03/24/2016,ADS,TX,ASW,CE,Towers with Radar,0,18,98,0,116,0,3,147,0,150,0,21,245,0,266,0,0,0,266
03/25/2016,ADS,TX,ASW,CE,Towers with Radar,1,18,71,0,90,0,13,355,1,369,1,31,426,1,459,19,0,19,478
03/26/2016,ADS,TX,ASW,CE,Towers with Radar,0,10,51,0,61,0,1,218,2,221,0,11,269,2,282,2,0,2,284
03/27/2016,ADS,TX,ASW,CE,Towers with Radar,0,23,69,0,92,0,0,84,1,85,0,23,153,1,177,14,0,14,191
03/28/2016,ADS,TX,ASW,CE,Towers with Radar,0,20,78,0,98,0,8,246,0,254,0,28,324,0,352,1,0,1,353
03/29/2016,ADS,TX,ASW,CE,Towers with Radar,0,31,132,0,163,0,7,110,0,117,0,38,242,0,280,17,0,17,297
03/30/2016,ADS,TX,ASW,CE,Towers with Radar,0,24,69,0,93,0,1,7,0,8,0,25,76,0,101,6,0,6,107
03/31/2016,ADS,TX,ASW,CE,Towers with Radar,1,21,122,0,144,0,5,233,0,238,1,26,355,0,382,3,0,3,385
04/01/2016,ADS,TX,ASW,CE,Towers with Radar,0,11,90,0,101,0,5,125,0,130,0,16,215,0,231,8,0,8,239
04/02/2016,ADS,TX,ASW,CE,Towers with Radar,0,11,78,0,89,0,2,314,1,317,0,13,392,1,406,12,0,12,418
04/03/2016,ADS,TX,ASW,CE,Towers with Radar,0,14,95,0,109,0,0,255,0,255,0,14,350,0,364,31,0,31,395
04/04/2016,ADS,TX,ASW,CE,Towers with Radar,0,13,72,0,85,0,5,256,1,262,0,18,328,1,347,6,0,6,353
04/05/2016,ADS,TX,ASW,CE,Towers with Radar,0,11,88,0,99,0,9,161,4,174,0,20,249,4,273,4,0,4,277
04/06/2016,ADS,TX,ASW,CE,Towers with Radar,1,19,112,0,132,0,5,124,0,129,1,24,236,0,261,6,0,6,267
04/07/2016,ADS,TX,ASW,CE,Towers with Radar,0,15,80,0,95,0,6,266,0,272,0,21,346,0,367,12,0,12,379
04/08/2016,ADS,TX,ASW,CE,Towers with Radar,0,22,100,0,122,0,5,245,0,250,0,27,345,0,372,0,0,0,372
04/09/2016,ADS,TX,ASW,CE,Towers with Radar,0,9,47,0,56,0,0,144,0,144,0,9,191,0,200,24,0,24,224
04/10/2016,ADS,TX,ASW,CE,Towers with Radar,0,17,88,0,105,0,0,34,0,34,0,17,122,0,139,12,0,12,151
04/11/2016,ADS,TX,ASW,CE,Towers with Radar,0,24,70,0,94,0,0,33,0,33,0,24,103,0,127,11,0,11,138
04/12/2016,ADS,TX,ASW,CE,Towers with Radar,0,17,104,0,121,0,4,123,0,127,0,21,227,0,248,0,0,0,248
04/13/2016,ADS,TX,ASW,CE,Towers with Radar,0,20,108,0,128,0,2,70,0,72,0,22,178,0,200,0,0,0,200
04/14/2016,ADS,TX,ASW,CE,Towers with Radar,0,24,120,0,144,0,3,204,0,207,0,27,324,0,351,16,0,16,367
04/15/2016,ADS,TX,ASW,CE,Towers with Radar,0,21,118,0,139,0,5,219,0,224,0,26,337,0,363,30,0,30,393
04/16/2016,ADS,TX,ASW,CE,Towers with Radar,0,7,80,0,87,0,0,37,0,37,0,7,117,0,124,18,0,18,142
04/17/2016,ADS,TX,ASW,CE,Towers with Radar,0,14,35,0,49,0,0,0,0,0,0,14,35,0,49,0,0,0,49
04/18/2016,ADS,TX,ASW,CE,Towers with Radar,0,19,101,0,120,0,0,24,0,24,0,19,125,0,144,0,0,0,144
04/19/2016,ADS,TX,ASW,CE,Towers with Radar,0,7,105,0,112,0,4,84,1,89,0,11,189,1,201,22,0,22,223
04/20/2016,ADS,TX,ASW,CE,Towers with Radar,0,17,110,0,127,0,2,83,1,86,0,19,193,1,213,0,0,0,213
04/21/2016,ADS,TX,ASW,CE,Towers with Radar,0,11,90,2,103,0,7,284,2,293,0,18,374,4,396,2,0,2,398
04/22/2016,ADS,TX,ASW,CE,Towers with Radar,0,18,88,2,108,0,9,347,0,356,0,27,435,2,464,3,0,3,467
04/23/2016,ADS,TX,ASW,CE,Towers with Radar,1,7,44,0,52,0,3,331,1,335,1,10,375,1,387,12,0,12,399
04/24/2016,ADS,TX,ASW,CE,Towers with Radar,0,15,60,0,75,0,2,160,1,163,0,17,220,1,238,6,0,6,244
04/25/2016,ADS,TX,ASW,CE,Towers with Radar,0,19,115,0,134,0,4,129,7,140,0,23,244,7,274,0,0,0,274
04/26/2016,ADS,TX,ASW,CE,Towers with Radar,0,11,70,0,81,0,3,75,0,78,0,14,145,0,159,12,0,12,171
04/27/2016,ADS,TX,ASW,CE,Towers with Radar,0,14,92,0,106,0,3,226,0,229,0,17,318,0,335,7,0,7,342
04/28/2016,ADS,TX,ASW,CE,Towers with Radar,2,8,100,0,110,0,5,268,0,273,2,13,368,0,383,0,0,0,383
04/29/2016,ADS,TX,ASW,CE,Towers with Radar,0,7,73,0,80,0,1,10,0,11,0,8,83,0,91,0,0,0,91
04/30/2016,ADS,TX,ASW,CE,Towers with Radar,0,6,88,0,94,0,0,93,0,93,0,6,181,0,187,0,0,0,187
05/01/2016,ADS,TX,ASW,CE,Towers with Radar,0,11,57,0,68,0,1,209,1,211,0,12,266,1,279,6,0,6,285
05/02/2016,ADS,TX,ASW,CE,Towers with Radar,0,15,91,0,106,0,2,125,0,127,0,17,216,0,233,0,0,0,233
05/03/2016,ADS,TX,ASW,CE,Towers with Radar,0,20,83,0,103,0,5,221,0,226,0,25,304,0,329,2,0,2,331
05/04/2016,ADS,TX,ASW,CE,Towers with Radar,0,12,97,3,112,0,4,253,4,261,0,16,350,7,373,0,0,0,373
05/05/2016,ADS,TX,ASW,CE,Towers with Radar,1,18,100,3,122,0,5,262,1,268,1,23,362,4,390,2,0,2,392
05/06/2016,ADS,TX,ASW,CE,Towers with Radar,0,14,79,0,93,0,6,273,1,280,0,20,352,1,373,4,0,4,377
05/07/2016,ADS,TX,ASW,CE,Towers with Radar,0,4,59,0,63,0,3,263,1,267,0,7,322,1,330,0,0,0,330
05/08/2016,ADS,TX,ASW,CE,Towers with Radar,0,11,68,0,79,0,0,24,0,24,0,11,92,0,103,0,0,0,103
05/09/2016,ADS,TX,ASW,CE,Towers with Radar,0,17,70,0,87,0,4,47,1,52,0,21,117,1,139,10,0,10,149
05/10/2016,ADS,TX,ASW,CE,Towers with Radar,0,28,82,0,110,0,1,160,1,162,0,29,242,1,272,3,0,3,275
05/11/2016,ADS,TX,ASW,CE,Towers with Radar,1,17,93,0,111,0,8,251,1,260,1,25,344,1,371,25,0,25,396
05/12/2016,ADS,TX,ASW,CE,Towers with Radar,1,14,83,1,99,0,4,191,0,195,1,18,274,1,294,39,0,39,333
05/13/2016,ADS,TX,ASW,CE,Towers with Radar,0,10,79,0,89,0,3,292,0,295,0,13,371,0,384,20,0,20,404
05/14/2016,ADS,TX,ASW,CE,Towers with Radar,0,6,68,0,74,3,0,135,1,139,3,6,203,1,213,11,0,11,224
05/15/2016,ADS,TX,ASW,CE,Towers with Radar,0,15,71,0,86,0,0,132,0,132,0,15,203,0,218,0,0,0,218
05/16/2016,ADS,TX,ASW,CE,Towers with Radar,0,9,88,0,97,0,1,80,0,81,0,10,168,0,178,0,0,0,178
05/17/2016,ADS,TX,ASW,CE,Towers with Radar,0,26,72,0,98,0,5,128,2,135,0,31,200,2,233,2,0,2,235
05/18/2016,ADS,TX,ASW,CE,Towers with Radar,0,22,134,0,156,0,0,30,0,30,0,22,164,0,186,0,0,0,186
05/19/2016,ADS,TX,ASW,CE,Towers with Radar,0,16,113,0,129,0,1,23,1,25,0,17,136,1,154,3,0,3,157
05/20/2016,ADS,TX,ASW,CE,Towers with Radar,0,9,110,0,119,0,3,214,0,217,0,12,324,0,336,15,0,15,351
05/21/2016,ADS,TX,ASW,CE,Towers with Radar,0,17,67,0,84,0,1,323,5,329,0,18,390,5,413,33,0,33,446
05/22/2016,ADS,TX,ASW,CE,Towers with Radar,0,15,79,0,94,0,0,133,2,135,0,15,212,2,229,77,0,77,306
05/23/2016,ADS,TX,ASW,CE,Towers with Radar,0,9,70,0,79,0,1,100,0,101,0,10,170,0,180,0,0,0,180
05/24/2016,ADS,TX,ASW,CE,Towers with Radar,0,22,119,0,141,0,1,76,0,77,0,23,195,0,218,0,0,0,218
05/25/2016,ADS,TX,ASW,CE,Towers with Radar,0,21,112,0,133,0,4,107,0,111,0,25,219,0,244,3,0,3,247
05/26/2016,ADS,TX,ASW,CE,Towers with Radar,0,11,94,1,106,0,0,64,0,64,0,11,158,1,170,6,0,6,176
05/27/2016,ADS,TX,ASW,CE,Towers with Radar,0,15,63,1,79,0,5,74,0,79,0,20,137,1,158,3,0,3,161
05/28/2016,ADS,TX,ASW,CE,Towers with Radar,0,3,77,0,80,0,1,117,0,118,0,4,194,0,198,0,0,0,198
05/29/2016,ADS,TX,ASW,CE,Towers with Radar,0,8,46,0,54,0,0,117,0,117,0,8,163,0,171,0,0,0,171
05/30/2016,ADS,TX,ASW,CE,Towers with Radar,0,10,60,0,70,0,0,206,0,206,0,10,266,0,276,0,0,0,276
05/31/2016,ADS,TX,ASW,CE,Towers with Radar,0,14,76,0,90,0,2,107,0,109,0,16,183,0,199,6,0,6,205
06/01/2016,ADS,TX,ASW,CE,Towers with Radar,0,24,86,0,110,0,2,112,0,114,0,26,198,0,224,0,0,0,224
06/02/2016,ADS,TX,ASW,CE,Towers with Radar,0,14,68,0,82,0,0,0,0,0,0,14,68,0,82,0,0,0,82
06/03/2016,ADS,TX,ASW,CE,Towers with Radar,0,21,78,0,99,0,2,62,0,64,0,23,140,0,163,4,0,4,167
06/04/2016,ADS,TX,ASW,CE,Towers with Radar,0,14,64,0,78,0,0,100,1,101,0,14,164,1,179,0,0,0,179
06/05/2016,ADS,TX,ASW,CE,Towers with Radar,0,4,68,0,72,0,0,241,1,242,0,4,309,1,314,4,0,4,318
06/06/2016,ADS,TX,ASW,CE,Towers with Radar,0,8,71,0,79,0,4,293,2,299,0,12,364,2,378,0,0,0,378
06/07/2016,ADS,TX,ASW,CE,Towers with Radar,0,11,72,0,83,0,20,237,0,257,0,31,309,0,340,14,0,14,354
06/08/2016,ADS,TX,ASW,CE,Towers with Radar,0,12,88,0,100,0,4,291,2,297,0,16,379,2,397,3,0,3,400
06/09/2016,ADS,TX,ASW,CE,Towers with Radar,2,11,91,0,104,0,9,252,7,268,2,20,343,7,372,8,0,8,380
06/10/2016,ADS,TX,ASW,CE,Towers with Radar,0,10,112,0,122,0,6,293,3,302,0,16,405,3,424,13,0,13,437
06/11/2016,ADS,TX,ASW,CE,Towers with Radar,0,17,57,1,75,0,0,109,1,110,0,17,166,2,185,24,0,24,209
06/12/2016,ADS,TX,ASW,CE,Towers with Radar,1,7,86,0,94,0,0,74,0,74,1,7,160,0,168,23,0,23,191
06/13/2016,ADS,TX,ASW,CE,Towers with Radar,0,21,73,1,95,0,3,40,5,48,0,24,113,6,143,2,0,2,145
06/14/2016,ADS,TX,ASW,CE,Towers with Radar,0,29,116,0,145,0,3,127,0,130,0,32,243,0,275,6,0,6,281
06/15/2016,ADS,TX,ASW,CE,Towers with Radar,1,33,110,0,144,0,8,237,1,246,1,41,347,1,390,20,0,20,410
06/16/2016,ADS,TX,ASW,CE,Towers with Radar,0,25,80,0,105,0,6,301,0,307,0,31,381,0,412,7,0,7,419
06/17/2016,ADS,TX,ASW,CE,Towers with Radar,0,31,87,0,118,0,6,280,0,286,0,37,367,0,404,0,0,0,404
06/18/2016,ADS,TX,ASW,CE,Towers with Radar,0,8,55,0,63,0,4,250,2,256,0,12,305,2,319,10,0,10,329
06/19/2016,ADS,TX,ASW,CE,Towers with Radar,0,17,69,0,86,0,1,161,0,162,0,18,230,0,248,4,0,4,252
06/20/2016,ADS,TX,ASW,CE,Towers with Radar,0,14,84,0,98,0,5,216,0,221,0,19,300,0,319,4,0,4,323
06/21/2016,ADS,TX,ASW,CE,Towers with Radar,0,23,83,0,106,0,5,267,5,277,0,28,350,5,383,6,0,6,389
06/22/2016,ADS,TX,ASW,CE,Towers with Radar,0,20,86,0,106,0,4,232,0,236,0,24,318,0,342,10,0,10,352
06/23/2016,ADS,TX,ASW,CE,Towers with Radar,0,27,85,1,113,0,5,234,2,241,0,32,319,3,354,14,0,14,368
06/24/2016,ADS,TX,ASW,CE,Towers with Radar,0,25,96,0,121,0,4,241,2,247,0,29,337,2,368,0,0,0,368
06/25/2016,ADS,TX,ASW,CE,Towers with Radar,0,6,54,0,60,0,3,190,1,194,0,9,244,1,254,9,0,9,263
06/26/2016,ADS,TX,ASW,CE,Towers with Radar,0,12,78,0,90,0,2,220,0,222,0,14,298,0,312,0,0,0,312
06/27/2016,ADS,TX,ASW,CE,Towers with Radar,1,10,74,0,85,0,13,159,0,172,1,23,233,0,257,9,0,9,266
06/28/2016,ADS,TX,ASW,CE,Towers with Radar,0,21,87,2,110,0,2,127,0,129,0,23,214,2,239,2,0,2,241
06/29/2016,ADS,TX,ASW,CE,Towers with Radar,0,15,104,0,119,0,6,221,0,227,0,21,325,0,346,2,0,2,348
06/30/2016,ADS,TX,ASW,CE,Towers with Radar,0,26,91,0,117,0,6,293,0,299,0,32,384,0,416,0,0,0,416
07/01/2016,ADS,TX,ASW,CE,Towers with Radar,0,28,94,0,122,0,3,250,1,254,0,31,344,1,376,4,0,4,380
07/02/2016,ADS,TX,ASW,CE,Towers with Radar,0,11,48,0,59,0,3,177,2,182,0,14,225,2,241,4,0,4,245
07/03/2016,ADS,TX,ASW,CE,Towers with Radar,0,6,33,0,39,0,2,99,0,101,0,8,132,0,140,0,0,0,140
07/04/2016,ADS,TX,ASW,CE,Towers with Radar,0,10,40,0,50,0,0,105,0,105,0,10,145,0,155,0,0,0,155
07/05/2016,ADS,TX,ASW,CE,Towers with Radar,1,14,79,0,94,0,4,108,0,112,1,18,187,0,206,6,0,6,212
07/06/2016,ADS,TX,ASW,CE,Towers with Radar,0,15,67,0,82,0,7,142,0,149,0,22,209,0,231,20,0,20,251
07/07/2016,ADS,TX,ASW,CE,Towers with Radar,0,14,70,3,87,0,6,202,1,209,0,20,272,4,296,6,0,6,302
07/08/2016,ADS,TX,ASW,CE,Towers with Radar,1,16,58,0,75,0,11,167,0,178,1,27,225,0,253,4,0,4,257
07/09/2016,ADS,TX,ASW,CE,Towers with Radar,0,7,58,0,65,0,0,146,1,147,0,7,204,1,212,6,0,6,218
07/10/2016,ADS,TX,ASW,CE,Towers with Radar,0,4,76,0,80,0,0,167,0,167,0,4,243,0,247,0,0,0,247
07/11/2016,ADS,TX,ASW,CE,Towers with Radar,0,16,73,1,90,0,2,129,1,132,0,18,202,2,222,0,0,0,222
07/12/2016,ADS,TX,ASW,CE,Towers with Radar,0,8,53,0,61,0,3,83,1,87,0,11,136,1,148,0,0,0,148
07/13/2016,ADS,TX,ASW,CE,Towers with Radar,0,16,96,0,112,0,5,185,1,191,0,21,281,1,303,12,0,12,315
07/14/2016,ADS,TX,ASW,CE,Towers with Radar,0,14,94,0,108,0,3,241,0,244,0,17,335,0,352,17,0,17,369
07/15/2016,ADS,TX,ASW,CE,Towers with Radar,0,13,86,0,99,0,6,152,0,158,0,19,238,0,257,2,0,2,259
07/16/2016,ADS,TX,ASW,CE,Towers with Radar,0,11,53,0,64,0,3,246,0,249,0,14,299,0,313,5,0,5,318
07/17/2016,ADS,TX,ASW,CE,Towers with Radar,0,6,51,0,57,0,2,197,0,199,0,8,248,0,256,23,0,23,279
07/18/2016,ADS,TX,ASW,CE,Towers with Radar,0,19,59,3,81,0,5,174,1,180,0,24,233,4,261,13,0,13,274
07/19/2016,ADS,TX,ASW,CE,Towers with Radar,0,12,80,0,92,0,9,174,0,183,0,21,254,0,275,0,0,0,275
07/20/2016,ADS,TX,ASW,CE,Towers with Radar,0,21,81,0,102,0,5,247,0,252,0,26,328,0,354,0,0,0,354
07/21/2016,ADS,TX,ASW,CE,Towers with Radar,0,25,77,0,102,0,6,248,1,255,0,31,325,1,357,16,0,16,373
07/22/2016,ADS,TX,ASW,CE,Towers with Radar,2,22,78,0,102,0,4,225,1,230,2,26,303,1,332,32,0,32,364
07/23/2016,ADS,TX,ASW,CE,Towers with Radar,0,21,47,0,68,0,6,202,4,212,0,27,249,4,280,11,0,11,291
07/24/2016,ADS,TX,ASW,CE,Towers with Radar,0,21,53,0,74,0,1,173,0,174,0,22,226,0,248,20,0,20,268
07/25/2016,ADS,TX,ASW,CE,Towers with Radar,0,16,68,0,84,0,4,113,0,117,0,20,181,0,201,28,0,28,229
07/26/2016,ADS,TX,ASW,CE,Towers with Radar,0,12,80,0,92,0,7,132,0,139,0,19,212,0,231,10,0,10,241
07/27/2016,ADS,TX,ASW,CE,Towers with Radar,2,14,91,0,107,0,6,132,0,138,2,20,223,0,245,19,0,19,264
07/28/2016,ADS,TX,ASW,CE,Towers with Radar,0,12,84,0,96,0,5,207,0,212,0,17,291,0,308,13,0,13,321
07/29/2016,ADS,TX,ASW,CE,Towers with Radar,0,17,85,0,102,0,6,208,0,214,0,23,293,0,316,0,0,0,316
07/30/2016,ADS,TX,ASW,CE,Towers with Radar,0,7,54,0,61,0,2,212,0,214,0,9,266,0,275,43,0,43,318
07/31/2016,ADS,TX,ASW,CE,Towers with Radar,0,16,85,0,101,0,0,216,0,216,0,16,301,0,317,24,0,24,341
08/01/2016,ADS,TX,ASW,CE,Towers with Radar,0,18,52,0,70,0,4,221,2,227,0,22,273,2,297,6,0,6,303
08/02/2016,ADS,TX,ASW,CE,Towers with Radar,0,12,72,1,85,0,6,204,1,211,0,18,276,2,296,33,0,33,329
08/03/2016,ADS,TX,ASW,CE,Towers with Radar,0,12,69,0,81,0,3,212,0,215,0,15,281,0,296,2,0,2,298
08/04/2016,ADS,TX,ASW,CE,Towers with Radar,0,14,78,0,92,0,4,210,0,214,0,18,288,0,306,6,0,6,312
08/05/2016,ADS,TX,ASW,CE,Towers with Radar,0,9,71,0,80,0,7,222,3,232,0,16,293,3,312,6,0,6,318
08/06/2016,ADS,TX,ASW,CE,Towers with Radar,0,4,67,0,71,0,8,174,0,182,0,12,241,0,253,14,0,14,267
08/07/2016,ADS,TX,ASW,CE,Towers with Radar,0,15,57,0,72,0,1,197,0,198,0,16,254,0,270,39,0,39,309
08/08/2016,ADS,TX,ASW,CE,Towers with Radar,0,10,76,0,86,0,5,197,0,202,0,15,273,0,288,4,0,4,292
08/09/2016,ADS,TX,ASW,CE,Towers with Radar,0,6,73,0,79,0,4,185,0,189,0,10,258,0,268,10,0,10,278
08/10/2016,ADS,TX,ASW,CE,Towers with Radar,0,21,71,1,93,0,4,238,0,242,0,25,309,1,335,0,0,0,335
08/11/2016,ADS,TX,ASW,CE,Towers with Radar,0,13,92,0,105,0,5,231,2,238,0,18,323,2,343,10,0,10,353
08/12/2016,ADS,TX,ASW,CE,Towers with Radar,0,16,63,0,79,0,4,182,1,187,0,20,245,1,266,0,0,0,266
08/13/2016,ADS,TX,ASW,CE,Towers with Radar,0,9,75,1,85,0,2,132,0,134,0,11,207,1,219,69,0,69,288
08/14/2016,ADS,TX,ASW,CE,Towers with Radar,0,16,88,1,105,0,0,150,0,150,0,16,238,1,255,37,0,37,292
08/15/2016,ADS,TX,ASW,CE,Towers with Radar,0,18,82,0,100,0,1,58,0,59,0,19,140,0,159,8,0,8,167
08/16/2016,ADS,TX,ASW,CE,Towers with Radar,1,18,104,1,124,0,0,73,1,74,1,18,177,2,198,24,0,24,222
08/17/2016,ADS,TX,ASW,CE,Towers with Radar,0,16,97,0,113,0,0,9,0,9,0,16,106,0,122,4,0,4,126
08/18/2016,ADS,TX,ASW,CE,Towers with Radar,0,9,96,1,106,0,0,50,0,50,0,9,146,1,156,0,0,0,156
08/19/2016,ADS,TX,ASW,CE,Towers with Radar,0,15,87,1,103,0,1,26,2,29,0,16,113,3,132,0,0,0,132
08/20/2016,ADS,TX,ASW,CE,Towers with Radar,0,14,56,0,70,0,0,37,0,37,0,14,93,0,107,133,0,133,240
08/21/2016,ADS,TX,ASW,CE,Towers with Radar,0,18,68,0,86,0,3,214,0,217,0,21,282,0,303,8,0,8,311
08/22/2016,ADS,TX,ASW,CE,Towers with Radar,0,14,96,0,110,0,1,30,0,31,0,15,126,0,141,4,0,4,145
08/23/2016,ADS,TX,ASW,CE,Towers with Radar,0,11,88,0,99,0,3,223,0,226,0,14,311,0,325,12,0,12,337
08/24/2016,ADS,TX,ASW,CE,Towers with Radar,0,13,87,0,100,0,6,246,1,253,0,19,333,1,353,8,0,8,361
08/25/2016,ADS,TX,ASW,CE,Towers with Radar,0,20,86,0,106,0,6,263,0,269,0,26,349,0,375,21,0,21,396
08/26/2016,ADS,TX,ASW,CE,Towers with Radar,0,20,73,2,95,0,5,124,0,129,0,25,197,2,224,10,0,10,234
08/27/2016,ADS,TX,ASW,CE,Towers with Radar,0,6,65,0,71,0,2,251,0,253,0,8,316,0,324,136,0,136,460
08/28/2016,ADS,TX,ASW,CE,Towers with Radar,0,20,75,0,95,0,1,207,3,211,0,21,282,3,306,17,0,17,323
08/29/2016,ADS,TX,ASW,CE,Towers with Radar,0,10,71,0,81,0,4,196,0,200,0,14,267,0,281,45,0,45,326
08/30/2016,ADS,TX,ASW,CE,Towers with Radar,0,10,91,0,101,0,5,188,0,193,0,15,279,0,294,14,0,14,308
08/31/2016,ADS,TX,ASW,CE,Towers with Radar,1,28,83,0,112,0,6,210,0,216,1,34,293,0,328,26,0,26,354
09/01/2016,ADS,TX,ASW,CE,Towers with Radar,0,20,100,0,120,0,9,156,1,166,0,29,256,1,286,20,0,20,306
09/02/2016,ADS,TX,ASW,CE,Towers with Radar,1,23,121,0,145,0,3,177,1,181,1,26,298,1,326,0,0,0,326
09/03/2016,ADS,TX,ASW,CE,Towers with Radar,0,6,58,0,64,0,0,220,0,220,0,6,278,0,284,2,0,2,286
09/04/2016,ADS,TX,ASW,CE,Towers with Radar,0,9,53,0,62,0,0,181,0,181,0,9,234,0,243,10,0,10,253
09/05/2016,ADS,TX,ASW,CE,Towers with Radar,0,25,92,0,117,0,0,143,0,143,0,25,235,0,260,33,0,33,293
09/06/2016,ADS,TX,ASW,CE,Towers with Radar,0,17,93,0,110,0,5,143,0,148,0,22,236,0,258,22,0,22,280
09/07/2016,ADS,TX,ASW,CE,Towers with Radar,0,17,103,0,120,0,9,183,0,192,0,26,286,0,312,2,0,2,314
09/08/2016,ADS,TX,ASW,CE,Towers with Radar,0,21,89,1,111,0,6,231,4,241,0,27,320,5,352,3,0,3,355
09/09/2016,ADS,TX,ASW,CE,Towers with Radar,0,13,79,0,92,0,3,240,1,244,0,16,319,1,336,0,0,0,336
09/10/2016,ADS,TX,ASW,CE,Towers with Radar,0,7,60,0,67,0,0,128,0,128,0,7,188,0,195,25,0,25,220
09/11/2016,ADS,TX,ASW,CE,Towers with Radar,0,15,69,0,84,0,1,220,0,221,0,16,289,0,305,40,0,40,345
09/12/2016,ADS,TX,ASW,CE,Towers with Radar,0,11,81,0,92,0,4,197,2,203,0,15,278,2,295,10,0,10,305
09/13/2016,ADS,TX,ASW,CE,Towers with Radar,0,11,103,0,114,0,7,175,1,183,0,18,278,1,297,35,0,35,332
09/14/2016,ADS,TX,ASW,CE,Towers with Radar,0,25,107,0,132,0,2,142,0,144,0,27,249,0,276,0,0,0,276
09/15/2016,ADS,TX,ASW,CE,Towers with Radar,1,22,103,0,126,0,5,211,0,216,1,27,314,0,342,26,0,26,368
09/16/2016,ADS,TX,ASW,CE,Towers with Radar,0,20,82,0,102,0,3,207,0,210,0,23,289,0,312,11,0,11,323
09/17/2016,ADS,TX,ASW,CE,Towers with Radar,0,20,45,0,65,0,4,204,0,208,0,24,249,0,273,16,0,16,289
09/18/2016,ADS,TX,ASW,CE,Towers with Radar,1,22,74,0,97,0,1,172,0,173,1,23,246,0,270,6,0,6,276
09/19/2016,ADS,TX,ASW,CE,Towers with Radar,0,12,70,0,82,0,10,167,0,177,0,22,237,0,259,22,0,22,281
09/20/2016,ADS,TX,ASW,CE,Towers with Radar,1,17,86,0,104,0,8,218,4,230,1,25,304,4,334,21,0,21,355
09/21/2016,ADS,TX,ASW,CE,Towers with Radar,0,21,89,0,110,0,6,209,0,215,0,27,298,0,325,16,0,16,341
09/22/2016,ADS,TX,ASW,CE,Towers with Radar,1,35,94,0,130,0,5,232,0,237,1,40,326,0,367,8,0,8,375
09/23/2016,ADS,TX,ASW,CE,Towers with Radar,1,24,103,0,128,0,7,183,1,191,1,31,286,1,319,17,0,17,336
09/24/2016,ADS,TX,ASW,CE,Towers with Radar,0,7,73,0,80,0,1,98,0,99,0,8,171,0,179,1,0,1,180
09/25/2016,ADS,TX,ASW,CE,Towers with Radar,0,14,64,0,78,0,0,7,0,7,0,14,71,0,85,6,0,6,91
09/26/2016,ADS,TX,ASW,CE,Towers with Radar,0,25,95,0,120,0,0,65,0,65,0,25,160,0,185,6,0,6,191
09/27/2016,ADS,TX,ASW,CE,Towers with Radar,0,23,87,0,110,0,6,220,0,226,0,29,307,0,336,14,0,14,350
09/28/2016,ADS,TX,ASW,CE,Towers with Radar,0,17,91,0,108,0,4,255,0,259,0,21,346,0,367,24,0,24,391
09/29/2016,ADS,TX,ASW,CE,Towers with Radar,0,20,84,0,104,0,2,250,0,252,0,22,334,0,356,8,0,8,364
09/30/2016,ADS,TX,ASW,CE,Towers with Radar,3,7,85,0,95,0,5,228,0,233,3,12,313,0,328,10,0,10,338
10/01/2016,ADS,TX,ASW,CE,Towers with Radar,0,14,54,0,68,0,1,265,0,266,0,15,319,0,334,7,0,7,341
10/02/2016,ADS,TX,ASW,CE,Towers with Radar,0,8,60,0,68,0,0,191,0,191,0,8,251,0,259,16,0,16,275
10/03/2016,ADS,TX,ASW,CE,Towers with Radar,2,11,80,0,93,0,4,186,0,190,2,15,266,0,283,12,0,12,295
10/04/2016,ADS,TX,ASW,CE,Towers with Radar,0,17,97,0,114,0,1,149,2,152,0,18,246,2,266,22,0,22,288
10/05/2016,ADS,TX,ASW,CE,Towers with Radar,0,20,99,0,119,0,5,138,1,144,0,25,237,1,263,13,0,13,276
10/06/2016,ADS,TX,ASW,CE,Towers with Radar,0,28,130,0,158,0,5,133,1,139,0,33,263,1,297,4,0,4,301
10/07/2016,ADS,TX,ASW,CE,Towers with Radar,1,19,136,0,156,0,1,44,0,45,1,20,180,0,201,12,0,12,213
10/08/2016,ADS,TX,ASW,CE,Towers with Radar,0,14,61,0,75,0,3,307,0,310,0,17,368,0,385,47,0,47,432
10/09/2016,ADS,TX,ASW,CE,Towers with Radar,0,14,59,0,73,0,4,203,1,208,0,18,262,1,281,8,0,8,289
10/10/2016,ADS,TX,ASW,CE,Towers with Radar,0,14,86,0,100,0,9,246,2,257,0,23,332,2,357,4,0,4,361
10/11/2016,ADS,TX,ASW,CE,Towers with Radar,0,18,89,2,109,0,9,196,0,205,0,27,285,2,314,10,0,10,324
10/12/2016,ADS,TX,ASW,CE,Towers with Radar,0,24,100,0,124,0,4,143,0,147,0,28,243,0,271,6,0,6,277
10/13/2016,ADS,TX,ASW,CE,Towers with Radar,0,24,113,0,137,0,10,157,0,167,0,34,270,0,304,0,0,0,304
10/14/2016,ADS,TX,ASW,CE,Towers with Radar,1,23,106,0,130,0,4,122,0,126,1,27,228,0,256,12,0,12,268
10/15/2016,ADS,TX,ASW,CE,Towers with Radar,0,7,99,0,106,0,1,116,0,117,0,8,215,0,223,18,0,18,241
10/16/2016,ADS,TX,ASW,CE,Towers with Radar,0,14,103,0,117,0,2,118,0,120,0,16,221,0,237,5,0,5,242
10/17/2016,ADS,TX,ASW,CE,Towers with Radar,0,13,97,0,110,0,5,115,0,120,0,18,212,0,230,0,0,0,230
10/18/2016,ADS,TX,ASW,CE,Towers with Radar,1,15,110,0,126,0,4,170,1,175,1,19,280,1,301,18,0,18,319
10/19/2016,ADS,TX,ASW,CE,Towers with Radar,0,27,134,0,161,0,3,195,1,199,0,30,329,1,360,31,0,31,391
10/20/2016,ADS,TX,ASW,CE,Towers with Radar,0,13,128,0,141,0,6,108,2,116,0,19,236,2,257,1,0,1,258
10/21/2016,ADS,TX,ASW,CE,Towers with Radar,1,29,104,0,134,0,9,301,0,310,1,38,405,0,444,21,0,21,465
10/22/2016,ADS,TX,ASW,CE,Towers with Radar,0,5,88,0,93,0,0,272,1,273,0,5,360,1,366,17,0,17,383
10/23/2016,ADS,TX,ASW,CE,Towers with Radar,1,20,72,0,93,0,1,201,0,202,1,21,273,0,295,0,0,0,295
10/24/2016,ADS,TX,ASW,CE,Towers with Radar,1,11,83,0,95,0,2,193,0,195,1,13,276,0,290,1,0,1,291
10/25/2016,ADS,TX,ASW,CE,Towers with Radar,0,16,92,0,108,0,5,166,0,171,0,21,258,0,279,0,0,0,279
10/26/2016,ADS,TX,ASW,CE,Towers with Radar,0,26,87,0,113,0,3,224,0,227,0,29,311,0,340,12,0,12,352
10/27/2016,ADS,TX,ASW,CE,Towers with Radar,1,20,116,1,138,0,4,212,1,217,1,24,328,2,355,7,0,7,362
10/28/2016,ADS,TX,ASW,CE,Towers with Radar,0,13,82,0,95,0,5,248,1,254,0,18,330,1,349,11,0,11,360
10/29/2016,ADS,TX,ASW,CE,Towers with Radar,0,10,66,0,76,0,2,181,0,183,0,12,247,0,259,1,0,1,260
10/30/2016,ADS,TX,ASW,CE,Towers with Radar,2,15,76,0,93,0,2,226,1,229,2,17,302,1,322,2,0,2,324
10/31/2016,ADS,TX,ASW,CE,Towers with Radar,0,11,73,2,86,0,3,194,1,198,0,14,267,3,284,0,0,0,284
11/01/2016,ADS,TX,ASW,CE,Towers with Radar,0,13,120,0,133,0,0,91,0,91,0,13,211,0,224,0,0,0,224
11/02/2016,ADS,TX,ASW,CE,Towers with Radar,5,24,106,0,135,0,2,44,0,46,5,26,150,0,181,10,0,10,191
11/03/2016,ADS,TX,ASW,CE,Towers with Radar,0,19,113,0,132,0,2,15,0,17,0,21,128,0,149,0,0,0,149
11/04/2016,ADS,TX,ASW,CE,Towers with Radar,0,17,125,2,144,0,0,8,0,8,0,17,133,2,152,15,0,15,167
11/05/2016,ADS,TX,ASW,CE,Towers with Radar,0,5,76,0,81,0,3,181,2,186,0,8,257,2,267,0,0,0,267
11/06/2016,ADS,TX,ASW,CE,Towers with Radar,0,13,76,0,89,0,0,96,0,96,0,13,172,0,185,0,0,0,185
11/07/2016,ADS,TX,ASW,CE,Towers with Radar,0,11,63,0,74,0,0,1,0,1,0,11,64,0,75,0,0,0,75
11/08/2016,ADS,TX,ASW,CE,Towers with Radar,0,19,75,2,96,0,0,1,0,1,0,19,76,2,97,0,0,0,97
11/09/2016,ADS,TX,ASW,CE,Towers with Radar,0,16,139,0,155,0,3,80,0,83,0,19,219,0,238,4,0,4,242
11/10/2016,ADS,TX,ASW,CE,Towers with Radar,0,14,107,0,121,0,5,282,1,288,0,19,389,1,409,0,0,0,409
11/11/2016,ADS,TX,ASW,CE,Towers with Radar,1,17,81,0,99,0,4,284,0,288,1,21,365,0,387,2,0,2,389
11/12/2016,ADS,TX,ASW,CE,Towers with Radar,0,9,68,0,77,0,5,261,0,266,0,14,329,0,343,8,0,8,351
11/13/2016,ADS,TX,ASW,CE,Towers with Radar,0,6,57,0,63,0,1,205,1,207,0,7,262,1,270,11,0,11,281
11/14/2016,ADS,TX,ASW,CE,Towers with Radar,1,14,97,0,112,0,5,183,0,188,1,19,280,0,300,0,0,0,300
11/15/2016,ADS,TX,ASW,CE,Towers with Radar,0,10,92,0,102,0,5,181,1,187,0,15,273,1,289,4,0,4,293
11/16/2016,ADS,TX,ASW,CE,Towers with Radar,0,12,101,2,115,0,5,207,0,212,0,17,308,2,327,20,0,20,347
11/17/2016,ADS,TX,ASW,CE,Towers with Radar,1,13,109,1,124,0,5,82,1,88,1,18,191,2,212,0,0,0,212
11/18/2016,ADS,TX,ASW,CE,Towers with Radar,0,30,69,2,101,0,6,110,0,116,0,36,179,2,217,0,0,0,217
11/19/2016,ADS,TX,ASW,CE,Towers with Radar,0,12,66,0,78,0,3,259,3,265,0,15,325,3,343,0,0,0,343
11/20/2016,ADS,TX,ASW,CE,Towers with Radar,0,6,84,2,92,0,1,199,0,200,0,7,283,2,292,0,0,0,292
11/21/2016,ADS,TX,ASW,CE,Towers with Radar,0,16,76,0,92,0,6,209,0,215,0,22,285,0,307,0,0,0,307
11/22/2016,ADS,TX,ASW,CE,Towers with Radar,1,18,86,1,106,0,1,20,0,21,1,19,106,1,127,0,0,0,127
11/23/2016,ADS,TX,ASW,CE,Towers with Radar,0,22,89,0,111,0,12,224,0,236,0,34,313,0,347,0,0,0,347
11/24/2016,ADS,TX,ASW,CE,Towers with Radar,0,5,29,0,34,0,2,82,1,85,0,7,111,1,119,0,0,0,119
11/25/2016,ADS,TX,ASW,CE,Towers with Radar,0,15,43,0,58,0,3,153,0,156,0,18,196,0,214,4,0,4,218
11/26/2016,ADS,TX,ASW,CE,Towers with Radar,0,23,64,0,87,0,1,139,0,140,0,24,203,0,227,20,0,20,247
11/27/2016,ADS,TX,ASW,CE,Towers with Radar,0,22,96,0,118,0,0,29,0,29,0,22,125,0,147,1,0,1,148
11/28/2016,ADS,TX,ASW,CE,Towers with Radar,0,17,58,0,75,0,2,58,0,60,0,19,116,0,135,14,0,14,149
11/29/2016,ADS,TX,ASW,CE,Towers with Radar,0,14,90,0,104,0,4,198,0,202,0,18,288,0,306,12,0,12,318
11/30/2016,ADS,TX,ASW,CE,Towers with Radar,1,28,108,1,138,0,7,217,0,224,1,35,325,1,362,14,0,14,376
12/01/2016,ADS,TX,ASW,CE,Towers with Radar,0,30,94,0,124,0,5,306,0,311,0,35,400,0,435,16,0,16,451
12/02/2016,ADS,TX,ASW,CE,Towers with Radar,0,30,85,0,115,0,1,169,0,170,0,31,254,0,285,2,0,2,287
12/03/2016,ADS,TX,ASW,CE,Towers with Radar,0,9,34,0,43,0,0,0,0,0,0,9,34,0,43,0,0,0,43
12/04/2016,ADS,TX,ASW,CE,Towers with Radar,0,21,92,0,113,0,0,15,0,15,0,21,107,0,128,0,0,0,128
12/05/2016,ADS,TX,ASW,CE,Towers with Radar,1,18,76,0,95,0,0,2,0,2,1,18,78,0,97,0,0,0,97
12/06/2016,ADS,TX,ASW,CE,Towers with Radar,0,23,115,0,138,0,2,89,0,91,0,25,204,0,229,14,0,14,243
12/07/2016,ADS,TX,ASW,CE,Towers with Radar,0,24,105,0,129,0,1,144,0,145,0,25,249,0,274,5,0,5,279
12/08/2016,ADS,TX,ASW,CE,Towers with Radar,2,23,87,2,114,0,3,161,0,164,2,26,248,2,278,16,0,16,294
12/09/2016,ADS,TX,ASW,CE,Towers with Radar,0,14,86,0,100,0,5,259,0,264,0,19,345,0,364,2,0,2,366
12/10/2016,ADS,TX,ASW,CE,Towers with Radar,1,3,53,0,57,0,1,197,0,198,1,4,250,0,255,34,0,34,289
12/11/2016,ADS,TX,ASW,CE,Towers with Radar,0,20,65,0,85,0,1,57,1,59,0,21,122,1,144,0,0,0,144
12/12/2016,ADS,TX,ASW,CE,Towers with Radar,0,16,97,0,113,0,1,186,0,187,0,17,283,0,300,6,0,6,306
12/13/2016,ADS,TX,ASW,CE,Towers with Radar,0,15,105,0,120,0,4,126,0,130,0,19,231,0,250,16,0,16,266
12/14/2016,ADS,TX,ASW,CE,Towers with Radar,0,27,144,0,171,0,1,68,1,70,0,28,212,1,241,14,0,14,255
12/15/2016,ADS,TX,ASW,CE,Towers with Radar,0,24,88,0,112,0,0,0,0,0,0,24,88,0,112,0,0,0,112
12/16/2016,ADS,TX,ASW,CE,Towers with Radar,0,27,94,0,121,0,3,24,0,27,0,30,118,0,148,4,0,4,152
12/17/2016,ADS,TX,ASW,CE,Towers with Radar,0,19,69,0,88,0,0,52,0,52,0,19,121,0,140,46,0,46,186
12/18/2016,ADS,TX,ASW,CE,Towers with Radar,0,14,49,0,63,0,3,170,0,173,0,17,219,0,236,2,0,2,238
12/19/2016,ADS,TX,ASW,CE,Towers with Radar,0,12,71,0,83,0,6,219,0,225,0,18,290,0,308,8,0,8,316
12/20/2016,ADS,TX,ASW,CE,Towers with Radar,0,18,74,0,92,0,5,259,0,264,0,23,333,0,356,11,0,11,367
12/21/2016,ADS,TX,ASW,CE,Towers with Radar,0,12,84,0,96,0,5,256,0,261,0,17,340,0,357,0,0,0,357
12/22/2016,ADS,TX,ASW,CE,Towers with Radar,0,18,57,0,75,0,8,267,0,275,0,26,324,0,350,42,0,42,392
12/23/2016,ADS,TX,ASW,CE,Towers with Radar,0,22,57,0,79,0,2,1,0,3,0,24,58,0,82,0,0,0,82
12/24/2016,ADS,TX,ASW,CE,Towers with Radar,0,7,28,0,35,0,0,10,0,10,0,7,38,0,45,0,0,0,45
12/25/2016,ADS,TX,ASW,CE,Towers with Radar,0,11,16,0,27,0,0,7,0,7,0,11,23,0,34,0,0,0,34
12/26/2016,ADS,TX,ASW,CE,Towers with Radar,0,20,95,0,115,0,2,123,0,125,0,22,218,0,240,40,0,40,280
12/27/2016,ADS,TX,ASW,CE,Towers with Radar,0,24,66,0,90,0,6,207,0,213,0,30,273,0,303,5,0,5,308
12/28/2016,ADS,TX,ASW,CE,Towers with Radar,0,19,66,0,85,0,2,90,0,92,0,21,156,0,177,0,0,0,177
12/29/2016,ADS,TX,ASW,CE,Towers with Radar,0,5,54,0,59,0,5,216,2,223,0,10,270,2,282,16,0,16,298
12/30/2016,ADS,TX,ASW,CE,Towers with Radar,0,13,60,0,73,0,3,253,1,257,0,16,313,1,330,6,0,6,336
12/31/2016,ADS,TX,ASW,CE,Towers with Radar,0,8,42,0,50,0,2,131,0,133,0,10,173,0,183,4,0,4,187
01/01/2017,ADS,TX,ASW,CE,Towers with Radar,0,10,52,0,62,0,0,30,0,30,0,10,82,0,92,0,0,0,92
01/02/2017,ADS,TX,ASW,CE,Towers with Radar,0,16,76,0,92,0,0,146,0,146,0,16,222,0,238,0,0,0,238
01/03/2017,ADS,TX,ASW,CE,Towers with Radar,0,13,99,0,112,0,0,28,0,28,0,13,127,0,140,0,0,0,140
01/04/2017,ADS,TX,ASW,CE,Towers with Radar,0,13,76,1,90,0,2,200,3,205,0,15,276,4,295,4,0,4,299
01/05/2017,ADS,TX,ASW,CE,Towers with Radar,0,14,75,0,89,0,2,62,0,64,0,16,137,0,153,16,0,16,169
01/06/2017,ADS,TX,ASW,CE,Towers with Radar,0,17,47,0,64,0,2,37,0,39,0,19,84,0,103,4,0,4,107
01/07/2017,ADS,TX,ASW,CE,Towers with Radar,1,22,53,0,76,0,4,209,0,213,1,26,262,0,289,3,0,3,292
01/08/2017,ADS,TX,ASW,CE,Towers with Radar,1,9,53,0,63,0,1,213,0,214,1,10,266,0,277,0,0,0,277
01/09/2017,ADS,TX,ASW,CE,Towers with Radar,0,10,50,0,60,0,6,67,0,73,0,16,117,0,133,4,0,4,137
01/10/2017,ADS,TX,ASW,CE,Towers with Radar,0,18,57,0,75,0,3,152,0,155,0,21,209,0,230,12,0,12,242
01/11/2017,ADS,TX,ASW,CE,Towers with Radar,0,16,84,0,100,1,2,88,0,91,1,18,172,0,191,4,0,4,195
01/12/2017,ADS,TX,ASW,CE,Towers with Radar,0,25,89,0,114,0,1,147,2,150,0,26,236,2,264,14,0,14,278
01/13/2017,ADS,TX,ASW,CE,Towers with Radar,1,21,97,0,119,0,0,0,0,0,1,21,97,0,119,0,0,0,119
01/14/2017,ADS,TX,ASW,CE,Towers with Radar,0,15,44,0,59,0,0,0,0,0,0,15,44,0,59,0,0,0,59
01/15/2017,ADS,TX,ASW,CE,Towers with Radar,0,7,22,0,29,0,0,0,0,0,0,7,22,0,29,0,0,0,29
01/16/2017,ADS,TX,ASW,CE,Towers with Radar,0,21,71,0,92,0,5,199,0,204,0,26,270,0,296,5,0,5,301
01/17/2017,ADS,TX,ASW,CE,Towers with Radar,1,19,85,0,105,0,3,164,0,167,1,22,249,0,272,10,0,10,282
01/18/2017,ADS,TX,ASW,CE,Towers with Radar,0,19,124,0,143,0,0,4,0,4,0,19,128,0,147,0,0,0,147
01/19/2017,ADS,TX,ASW,CE,Towers with Radar,0,15,120,0,135,0,4,169,0,173,0,19,289,0,308,0,0,0,308
01/20/2017,ADS,TX,ASW,CE,Towers with Radar,0,22,86,0,108,0,5,247,0,252,0,27,333,0,360,4,0,4,364
01/21/2017,ADS,TX,ASW,CE,Towers with Radar,0,10,63,0,73,0,1,153,0,154,0,11,216,0,227,38,0,38,265
01/22/2017,ADS,TX,ASW,CE,Towers with Radar,0,17,56,0,73,0,0,42,0,42,0,17,98,0,115,4,0,4,119
01/23/2017,ADS,TX,ASW,CE,Towers with Radar,0,13,63,0,76,0,6,243,3,252,0,19,306,3,328,3,0,3,331
01/24/2017,ADS,TX,ASW,CE,Towers with Radar,0,13,53,0,66,0,4,217,0,221,0,17,270,0,287,1,0,1,288
01/25/2017,ADS,TX,ASW,CE,Towers with Radar,0,15,86,0,101,0,5,213,0,218,0,20,299,0,319,16,0,16,335
01/26/2017,ADS,TX,ASW,CE,Towers with Radar,0,23,102,0,125,0,4,211,0,215,0,27,313,0,340,0,0,0,340
01/27/2017,ADS,TX,ASW,CE,Towers with Radar,2,15,64,0,81,0,4,234,0,238,2,19,298,0,319,2,0,2,321
01/28/2017,ADS,TX,ASW,CE,Towers with Radar,1,17,44,0,62,0,4,276,0,280,1,21,320,0,342,40,0,40,382
01/29/2017,ADS,TX,ASW,CE,Towers with Radar,0,13,52,0,65,0,0,185,0,185,0,13,237,0,250,38,0,38,288
01/30/2017,ADS,TX,ASW,CE,Towers with Radar,0,18,56,0,74,0,6,202,0,208,0,24,258,0,282,8,0,8,290
01/31/2017,ADS,TX,ASW,CE,Towers with Radar,1,19,74,0,94,0,3,228,0,231,1,22,302,0,325,10,0,10,335
02/01/2017,ADS,TX,ASW,CE,Towers with Radar,0,19,97,0,116,0,5,260,0,265,0,24,357,0,381,1,0,1,382
02/02/2017,ADS,TX,ASW,CE,Towers with Radar,2,19,98,0,119,0,2,61,0,63,2,21,159,0,182,0,0,0,182
02/03/2017,ADS,TX,ASW,CE,Towers with Radar,1,12,103,0,116,0,3,166,0,169,1,15,269,0,285,4,0,4,289
02/04/2017,ADS,TX,ASW,CE,Towers with Radar,1,19,75,0,95,0,7,82,0,89,1,26,157,0,184,4,0,4,188
02/05/2017,ADS,TX,ASW,CE,Towers with Radar,0,13,65,0,78,0,0,59,0,59,0,13,124,0,137,0,0,0,137
02/06/2017,ADS,TX,ASW,CE,Towers with Radar,0,21,97,0,118,0,6,29,0,35,0,27,126,0,153,0,0,0,153
02/07/2017,ADS,TX,ASW,CE,Towers with Radar,0,14,74,0,88,0,6,204,0,210,0,20,278,0,298,6,0,6,304
02/08/2017,ADS,TX,ASW,CE,Towers with Radar,0,22,88,1,111,0,4,152,0,156,0,26,240,1,267,2,0,2,269
02/09/2017,ADS,TX,ASW,CE,Towers with Radar,0,23,90,0,113,0,3,252,1,256,0,26,342,1,369,11,0,11,380
02/10/2017,ADS,TX,ASW,CE,Towers with Radar,1,24,97,0,122,0,3,143,1,147,1,27,240,1,269,2,0,2,271
02/11/2017,ADS,TX,ASW,CE,Towers with Radar,1,15,53,0,69,0,0,184,0,184,1,15,237,0,253,8,0,8,261
02/12/2017,ADS,TX,ASW,CE,Towers with Radar,0,9,64,1,74,0,0,96,1,97,0,9,160,2,171,2,0,2,173
02/13/2017,ADS,TX,ASW,CE,Towers with Radar,0,21,72,0,93,0,2,115,0,117,0,23,187,0,210,0,0,0,210
02/14/2017,ADS,TX,ASW,CE,Towers with Radar,0,15,54,1,70,0,0,33,0,33,0,15,87,1,103,0,0,0,103
02/15/2017,ADS,TX,ASW,CE,Towers with Radar,2,18,112,2,134,0,4,283,0,287,2,22,395,2,421,0,0,0,421
02/16/2017,ADS,TX,ASW,CE,Towers with Radar,1,18,103,3,125,0,4,295,1,300,1,22,398,4,425,16,0,16,441
02/17/2017,ADS,TX,ASW,CE,Towers with Radar,0,18,75,0,93,0,2,269,0,271,0,20,344,0,364,21,0,21,385
02/18/2017,ADS,TX,ASW,CE,Towers with Radar,0,7,67,0,74,0,1,242,1,244,0,8,309,1,318,72,0,72,390
02/19/2017,ADS,TX,ASW,CE,Towers with Radar,0,7,43,1,51,0,0,5,0,5,0,7,48,1,56,4,0,4,60
02/20/2017,ADS,TX,ASW,CE,Towers with Radar,1,16,103,0,120,0,2,35,0,37,1,18,138,0,157,12,0,12,169
02/21/2017,ADS,TX,ASW,CE,Towers with Radar,1,25,94,0,120,0,3,238,0,241,1,28,332,0,361,0,0,0,361
02/22/2017,ADS,TX,ASW,CE,Towers with Radar,0,13,105,0,118,0,3,262,0,265,0,16,367,0,383,22,0,22,405
02/23/2017,ADS,TX,ASW,CE,Towers with Radar,0,19,91,0,110,0,5,203,0,208,0,24,294,0,318,4,0,4,322
02/24/2017,ADS,TX,ASW,CE,Towers with Radar,0,26,81,0,107,0,4,196,0,200,0,30,277,0,307,0,0,0,307
02/25/2017,ADS,TX,ASW,CE,Towers with Radar,0,7,69,4,80,0,5,274,0,279,0,12,343,4,359,8,0,8,367
02/26/2017,ADS,TX,ASW,CE,Towers with Radar,0,8,83,6,97,0,0,50,0,50,0,8,133,6,147,0,0,0,147
02/27/2017,ADS,TX,ASW,CE,Towers with Radar,1,10,68,0,79,0,3,32,0,35,1,13,100,0,114,46,0,46,160
02/28/2017,ADS,TX,ASW,CE,Towers with Radar,3,20,80,0,103,0,2,38,0,40,3,22,118,0,143,6,0,6,149
03/01/2017,ADS,TX,ASW,CE,Towers with Radar,0,27,82,0,109,0,4,174,0,178,0,31,256,0,287,1,0,1,288
03/02/2017,ADS,TX,ASW,CE,Towers with Radar,0,19,82,0,101,0,3,276,1,280,0,22,358,1,381,3,0,3,384
03/03/2017,ADS,TX,ASW,CE,Towers with Radar,0,16,58,2,76,0,8,267,2,277,0,24,325,4,353,8,0,8,361
03/04/2017,ADS,TX,ASW,CE,Towers with Radar,0,12,61,0,73,0,3,120,0,123,0,15,181,0,196,42,0,42,238
03/05/2017,ADS,TX,ASW,CE,Towers with Radar,0,13,71,2,86,0,0,0,0,0,0,13,71,2,86,0,0,0,86
03/06/2017,ADS,TX,ASW,CE,Towers with Radar,0,23,71,1,95,0,1,34,1,36,0,24,105,2,131,0,0,0,131
03/07/2017,ADS,TX,ASW,CE,Towers with Radar,1,29,78,0,108,14,2,159,1,176,15,31,237,1,284,4,0,4,288
03/08/2017,ADS,TX,ASW,CE,Towers with Radar,0,23,90,4,117,0,6,273,0,279,0,29,363,4,396,1,0,1,397
03/09/2017,ADS,TX,ASW,CE,Towers with Radar,0,22,103,1,126,0,0,102,0,102,0,22,205,1,228,8,0,8,236
03/10/2017,ADS,TX,ASW,CE,Towers with Radar,0,16,103,0,119,0,1,49,0,50,0,17,152,0,169,24,0,24,193
03/11/2017,ADS,TX,ASW,CE,Towers with Radar,0,13,68,0,81,0,4,73,0,77,0,17,141,0,158,47,0,47,205
03/12/2017,ADS,TX,ASW,CE,Towers with Radar,0,13,81,0,94,0,1,54,0,55,0,14,135,0,149,4,0,4,153
03/13/2017,ADS,TX,ASW,CE,Towers with Radar,0,15,82,0,97,0,3,114,0,117,0,18,196,0,214,13,0,13,227
03/14/2017,ADS,TX,ASW,CE,Towers with Radar,0,11,73,0,84,0,3,264,2,269,0,14,337,2,353,4,0,4,357
03/15/2017,ADS,TX,ASW,CE,Towers with Radar,0,15,54,3,72,0,5,204,2,211,0,20,258,5,283,4,0,4,287
03/16/2017,ADS,TX,ASW,CE,Towers with Radar,0,19,128,2,149,0,0,28,1,29,0,19,156,3,178,2,0,2,180
03/17/2017,ADS,TX,ASW,CE,Towers with Radar,0,15,98,1,114,0,2,112,0,114,0,17,210,1,228,4,0,4,232
03/18/2017,ADS,TX,ASW,CE,Towers with Radar,0,11,87,0,98,0,0,148,1,149,0,11,235,1,247,12,0,12,259
03/19/2017,ADS,TX,ASW,CE,Towers with Radar,0,23,99,1,123,0,0,238,1,239,0,23,337,2,362,4,0,4,366
03/20/2017,ADS,TX,ASW,CE,Towers with Radar,0,10,84,0,94,0,3,174,2,179,0,13,258,2,273,0,0,0,273
03/21/2017,ADS,TX,ASW,CE,Towers with Radar,0,17,83,0,100,0,3,243,0,246,0,20,326,0,346,16,0,16,362
03/22/2017,ADS,TX,ASW,CE,Towers with Radar,0,21,112,0,133,0,3,125,0,128,0,24,237,0,261,9,0,9,270
03/23/2017,ADS,TX,ASW,CE,Towers with Radar,2,28,93,0,123,0,4,120,0,124,2,32,213,0,247,4,0,4,251
03/24/2017,ADS,TX,ASW,CE,Towers with Radar,0,14,71,1,86,0,5,71,0,76,0,19,142,1,162,16,0,16,178
03/25/2017,ADS,TX,ASW,CE,Towers with Radar,0,13,56,1,70,0,2,296,1,299,0,15,352,2,369,18,0,18,387
03/26/2017,ADS,TX,ASW,CE,Towers with Radar,0,9,69,0,78,0,3,123,0,126,0,12,192,0,204,1,0,1,205
03/27/2017,ADS,TX,ASW,CE,Towers with Radar,0,16,102,4,122,0,4,145,1,150,0,20,247,5,272,53,2,55,327
03/28/2017,ADS,TX,ASW,CE,Towers with Radar,0,15,90,0,105,0,1,39,0,40,0,16,129,0,145,8,0,8,153
03/29/2017,ADS,TX,ASW,CE,Towers with Radar,0,19,90,1,110,0,3,187,2,192,0,22,277,3,302,26,0,26,328
03/30/2017,ADS,TX,ASW,CE,Towers with Radar,0,20,86,1,107,0,4,222,0,226,0,24,308,1,333,0,0,0,333
03/31/2017,ADS,TX,ASW,CE,Towers with Radar,0,27,79,1,107,0,4,313,0,317,0,31,392,1,424,2,0,2,426
04/01/2017,ADS,TX,ASW,CE,Towers with Radar,0,8,77,0,85,0,0,131,0,131,0,8,208,0,216,12,0,12,228
04/02/2017,ADS,TX,ASW,CE,Towers with Radar,0,15,34,1,50,0,0,8,0,8,0,15,42,1,58,0,0,0,58
04/03/2017,ADS,TX,ASW,CE,Towers with Radar,0,16,67,0,83,0,6,239,0,245,0,22,306,0,328,9,0,9,337
04/04/2017,ADS,TX,ASW,CE,Towers with Radar,0,21,71,0,92,0,6,144,0,150,0,27,215,0,242,0,0,0,242
04/05/2017,ADS,TX,ASW,CE,Towers with Radar,0,20,104,0,124,0,4,87,1,92,0,24,191,1,216,2,0,2,218
04/06/2017,ADS,TX,ASW,CE,Towers with Radar,1,22,106,0,129,0,12,305,0,317,1,34,411,0,446,15,0,15,461
04/07/2017,ADS,TX,ASW,CE,Towers with Radar,0,33,84,1,118,0,6,259,0,265,0,39,343,1,383,7,0,7,390
04/08/2017,ADS,TX,ASW,CE,Towers with Radar,0,6,39,0,45,0,1,144,0,145,0,7,183,0,190,8,0,8,198
04/09/2017,ADS,TX,ASW,CE,Towers with Radar,0,13,87,0,100,0,0,72,0,72,0,13,159,0,172,24,0,24,196
04/10/2017,ADS,TX,ASW,CE,Towers with Radar,0,12,60,0,72,0,0,20,0,20,0,12,80,0,92,16,0,16,108
04/11/2017,ADS,TX,ASW,CE,Towers with Radar,0,14,100,0,114,0,2,76,0,78,0,16,176,0,192,42,0,42,234
04/12/2017,ADS,TX,ASW,CE,Towers with Radar,0,12,110,0,122,0,1,127,0,128,0,13,237,0,250,5,0,5,255
04/13/2017,ADS,TX,ASW,CE,Towers with Radar,0,30,116,0,146,0,1,143,0,144,0,31,259,0,290,18,0,18,308
04/14/2017,ADS,TX,ASW,CE,Towers with Radar,0,15,74,0,89,0,1,250,0,251,0,16,324,0,340,12,0,12,352
04/15/2017,ADS,TX,ASW,CE,Towers with Radar,0,8,67,1,76,0,1,171,0,172,0,9,238,1,248,7,0,7,255
04/16/2017,ADS,TX,ASW,CE,Towers with Radar,0,9,44,0,53,0,0,49,0,49,0,9,93,0,102,4,0,4,106
04/17/2017,ADS,TX,ASW,CE,Towers with Radar,0,18,80,0,98,0,0,13,0,13,0,18,93,0,111,0,0,0,111
04/18/2017,ADS,TX,ASW,CE,Towers with Radar,0,26,95,1,122,0,6,124,0,130,0,32,219,1,252,0,0,0,252
04/19/2017,ADS,TX,ASW,CE,Towers with Radar,0,23,105,1,129,0,1,71,0,72,0,24,176,1,201,0,0,0,201
04/20/2017,ADS,TX,ASW,CE,Towers with Radar,1,26,127,0,154,0,1,79,0,80,1,27,206,0,234,0,0,0,234
04/21/2017,ADS,TX,ASW,CE,Towers with Radar,0,16,97,0,113,0,4,112,0,116,0,20,209,0,229,0,0,0,229
04/22/2017,ADS,TX,ASW,CE,Towers with Radar,0,7,83,1,91,0,1,102,0,103,0,8,185,1,194,30,0,30,224
04/23/2017,ADS,TX,ASW,CE,Towers with Radar,0,19,76,1,96,0,0,278,0,278,0,19,354,1,374,68,0,68,442
04/24/2017,ADS,TX,ASW,CE,Towers with Radar,0,13,87,1,101,0,3,198,1,202,0,16,285,2,303,4,0,4,307
04/25/2017,ADS,TX,ASW,CE,Towers with Radar,0,9,92,1,102,0,3,115,2,120,0,12,207,3,222,23,0,23,245
04/26/2017,ADS,TX,ASW,CE,Towers with Radar,0,20,76,1,97,0,2,34,0,36,0,22,110,1,133,44,0,44,177
04/27/2017,ADS,TX,ASW,CE,Towers with Radar,1,24,100,0,125,0,2,259,0,261,1,26,359,0,386,7,0,7,393
04/28/2017,ADS,TX,ASW,CE,Towers with Radar,0,29,106,2,137,0,3,124,0,127,0,32,230,2,264,6,0,6,270
04/29/2017,ADS,TX,ASW,CE,Towers with Radar,2,8,32,0,42,0,3,4,0,7,2,11,36,0,49,0,0,0,49
04/30/2017,ADS,TX,ASW,CE,Towers with Radar,0,24,56,3,83,0,2,30,1,33,0,26,86,4,116,0,0,0,116
05/01/2017,ADS,TX,ASW,CE,Towers with Radar,0,27,65,1,93,0,6,277,1,284,0,33,342,2,377,0,0,0,377
05/02/2017,ADS,TX,ASW,CE,Towers with Radar,0,23,75,0,98,0,2,239,0,241,0,25,314,0,339,8,0,8,347
05/03/2017,ADS,TX,ASW,CE,Towers with Radar,0,13,79,0,92,0,4,21,0,25,0,17,100,0,117,0,0,0,117
05/04/2017,ADS,TX,ASW,CE,Towers with Radar,0,19,80,2,101,0,3,184,0,187,0,22,264,2,288,0,0,0,288
05/05/2017,ADS,TX,ASW,CE,Towers with Radar,0,12,71,2,85,0,5,209,0,214,0,17,280,2,299,0,0,0,299
05/06/2017,ADS,TX,ASW,CE,Towers with Radar,0,3,54,0,57,0,1,282,1,284,0,4,336,1,341,27,0,27,368
05/07/2017,ADS,TX,ASW,CE,Towers with Radar,2,19,83,0,104,0,2,242,0,244,2,21,325,0,348,35,0,35,383
05/08/2017,ADS,TX,ASW,CE,Towers with Radar,0,15,60,0,75,0,4,232,4,240,0,19,292,4,315,6,0,6,321
05/09/2017,ADS,TX,ASW,CE,Towers with Radar,2,26,103,1,132,0,1,166,5,172,2,27,269,6,304,0,0,0,304
05/10/2017,ADS,TX,ASW,CE,Towers with Radar,0,29,123,1,153,0,3,39,1,43,0,32,162,2,196,11,0,11,207
05/11/2017,ADS,TX,ASW,CE,Towers with Radar,0,25,70,1,96,0,5,91,0,96,0,30,161,1,192,2,0,2,194
05/12/2017,ADS,TX,ASW,CE,Towers with Radar,0,19,114,2,135,0,2,170,0,172,0,21,284,2,307,2,0,2,309
05/13/2017,ADS,TX,ASW,CE,Towers with Radar,0,7,51,0,58,0,1,342,2,345,0,8,393,2,403,83,0,83,486
05/14/2017,ADS,TX,ASW,CE,Towers with Radar,0,5,51,2,58,0,1,215,0,216,0,6,266,2,274,67,0,67,341
05/15/2017,ADS,TX,ASW,CE,Towers with Radar,0,11,79,0,90,0,2,190,2,194,0,13,269,2,284,2,0,2,286
05/16/2017,ADS,TX,ASW,CE,Towers with Radar,0,14,120,3,137,0,3,79,2,84,0,17,199,5,221,4,0,4,225
05/17/2017,ADS,TX,ASW,CE,Towers with Radar,0,13,85,0,98,0,5,119,1,125,0,18,204,1,223,3,0,3,226
05/18/2017,ADS,TX,ASW,CE,Towers with Radar,0,31,96,0,127,0,2,53,0,55,0,33,149,0,182,1,0,1,183
05/19/2017,ADS,TX,ASW,CE,Towers with Radar,0,13,76,0,89,0,4,46,0,50,0,17,122,0,139,21,0,21,160
05/20/2017,ADS,TX,ASW,CE,Towers with Radar,0,12,52,1,65,0,2,65,0,67,0,14,117,1,132,40,0,40,172
05/21/2017,ADS,TX,ASW,CE,Towers with Radar,1,14,71,1,87,0,0,136,0,136,1,14,207,1,223,16,0,16,239
05/22/2017,ADS,TX,ASW,CE,Towers with Radar,0,11,59,0,70,0,1,175,1,177,0,12,234,1,247,115,0,115,362
05/23/2017,ADS,TX,ASW,CE,Towers with Radar,1,16,100,0,117,0,2,43,1,46,1,18,143,1,163,36,0,36,199
05/24/2017,ADS,TX,ASW,CE,Towers with Radar,0,15,96,2,113,0,6,251,0,257,0,21,347,2,370,43,0,43,413
05/25/2017,ADS,TX,ASW,CE,Towers with Radar,0,20,75,2,97,0,6,207,4,217,0,26,282,6,314,8,0,8,322
05/26/2017,ADS,TX,ASW,CE,Towers with Radar,0,25,90,1,116,0,2,137,0,139,0,27,227,1,255,17,0,17,272
05/27/2017,ADS,TX,ASW,CE,Towers with Radar,0,7,66,1,74,0,0,69,0,69,0,7,135,1,143,21,0,21,164
05/28/2017,ADS,TX,ASW,CE,Towers with Radar,0,11,43,1,55,0,0,18,0,18,0,11,61,1,73,0,0,0,73
05/29/2017,ADS,TX,ASW,CE,Towers with Radar,1,16,57,2,76,0,0,185,0,185,1,16,242,2,261,4,0,4,265
05/30/2017,ADS,TX,ASW,CE,Towers with Radar,0,16,76,0,92,0,4,248,0,252,0,20,324,0,344,20,0,20,364
05/31/2017,ADS,TX,ASW,CE,Towers with Radar,1,22,104,0,127,0,3,216,0,219,1,25,320,0,346,35,0,35,381
06/01/2017,ADS,TX,ASW,CE,Towers with Radar,1,21,67,0,89,0,2,72,0,74,1,23,139,0,163,14,0,14,177
06/02/2017,ADS,TX,ASW,CE,Towers with Radar,0,15,59,1,75,0,0,8,0,8,0,15,67,1,83,0,0,0,83
06/03/2017,ADS,TX,ASW,CE,Towers with Radar,0,16,50,0,66,0,0,13,0,13,0,16,63,0,79,0,0,0,79
06/04/2017,ADS,TX,ASW,CE,Towers with Radar,0,16,78,1,95,0,0,83,0,83,0,16,161,1,178,10,0,10,188
06/05/2017,ADS,TX,ASW,CE,Towers with Radar,0,23,71,1,95,0,1,29,0,30,0,24,100,1,125,10,0,10,135
06/06/2017,ADS,TX,ASW,CE,Towers with Radar,0,16,97,1,114,0,3,254,1,258,0,19,351,2,372,2,0,2,374
06/07/2017,ADS,TX,ASW,CE,Towers with Radar,0,16,72,0,88,0,3,257,0,260,0,19,329,0,348,18,0,18,366
06/08/2017,ADS,TX,ASW,CE,Towers with Radar,0,10,89,1,100,0,2,308,0,310,0,12,397,1,410,2,0,2,412
06/09/2017,ADS,TX,ASW,CE,Towers with Radar,0,19,106,0,125,0,4,98,0,102,0,23,204,0,227,61,0,61,288
06/10/2017,ADS,TX,ASW,CE,Towers with Radar,0,8,66,2,76,0,0,267,2,269,0,8,333,4,345,12,0,12,357
06/11/2017,ADS,TX,ASW,CE,Towers with Radar,1,8,64,0,73,0,1,171,0,172,1,9,235,0,245,64,0,64,309
06/12/2017,ADS,TX,ASW,CE,Towers with Radar,0,7,72,0,79,0,3,136,0,139,0,10,208,0,218,21,0,21,239
06/13/2017,ADS,TX,ASW,CE,Towers with Radar,0,23,83,0,106,0,4,157,0,161,0,27,240,0,267,5,0,5,272
06/14/2017,ADS,TX,ASW,CE,Towers with Radar,0,19,87,0,106,0,2,168,0,170,0,21,255,0,276,60,0,60,336
06/15/2017,ADS,TX,ASW,CE,Towers with Radar,0,25,93,0,118,0,4,223,0,227,0,29,316,0,345,6,0,6,351
06/16/2017,ADS,TX,ASW,CE,Towers with Radar,3,16,84,0,103,0,6,244,0,250,3,22,328,0,353,39,0,39,392
06/17/2017,ADS,TX,ASW,CE,Towers with Radar,0,15,63,1,79,0,4,197,1,202,0,19,260,2,281,27,0,27,308
06/18/2017,ADS,TX,ASW,CE,Towers with Radar,0,17,82,0,99,0,1,154,0,155,0,18,236,0,254,58,0,58,312
06/19/2017,ADS,TX,ASW,CE,Towers with Radar,0,17,68,0,85,0,4,114,0,118,0,21,182,0,203,10,0,10,213
06/20/2017,ADS,TX,ASW,CE,Towers with Radar,0,34,95,4,133,0,4,191,4,199,0,38,286,8,332,10,8,18,350
06/21/2017,ADS,TX,ASW,CE,Towers with Radar,0,25,91,0,116,0,2,272,0,274,0,27,363,0,390,18,0,18,408
06/22/2017,ADS,TX,ASW,CE,Towers with Radar,0,24,117,2,143,0,5,96,0,101,0,29,213,2,244,9,0,9,253
06/23/2017,ADS,TX,ASW,CE,Towers with Radar,0,23,86,1,110,0,2,224,1,227,0,25,310,2,337,18,0,18,355
06/24/2017,ADS,TX,ASW,CE,Towers with Radar,0,6,48,0,54,0,2,50,0,52,0,8,98,0,106,8,0,8,114
06/25/2017,ADS,TX,ASW,CE,Towers with Radar,1,16,62,2,81,0,2,191,0,193,1,18,253,2,274,0,0,0,274
06/26/2017,ADS,TX,ASW,CE,Towers with Radar,0,26,90,0,116,0,2,109,0,111,0,28,199,0,227,16,0,16,243
06/27/2017,ADS,TX,ASW,CE,Towers with Radar,0,18,77,2,97,0,4,159,0,163,0,22,236,2,260,9,0,9,269
06/28/2017,ADS,TX,ASW,CE,Towers with Radar,0,27,98,1,126,0,6,197,0,203,0,33,295,1,329,16,0,16,345
06/29/2017,ADS,TX,ASW,CE,Towers with Radar,1,16,118,0,135,0,5,128,0,133,1,21,246,0,268,20,0,20,288
06/30/2017,ADS,TX,ASW,CE,Towers with Radar,0,18,102,2,122,0,5,166,1,172,0,23,268,3,294,11,0,11,305
07/01/2017,ADS,TX,ASW,CE,Towers with Radar,0,13,55,0,68,0,1,85,0,86,0,14,140,0,154,22,0,22,176
07/02/2017,ADS,TX,ASW,CE,Towers with Radar,0,14,55,0,69,0,2,161,0,163,0,16,216,0,232,90,0,90,322
07/03/2017,ADS,TX,ASW,CE,Towers with Radar,1,7,29,0,37,0,3,105,2,110,1,10,134,2,147,5,0,5,152
07/04/2017,ADS,TX,ASW,CE,Towers with Radar,2,7,35,0,44,0,0,110,1,111,2,7,145,1,155,3,0,3,158
07/05/2017,ADS,TX,ASW,CE,Towers with Radar,0,17,80,0,97,0,5,107,0,112,0,22,187,0,209,7,0,7,216
07/06/2017,ADS,TX,ASW,CE,Towers with Radar,0,21,60,1,82,0,3,192,1,196,0,24,252,2,278,46,0,46,324
07/07/2017,ADS,TX,ASW,CE,Towers with Radar,0,9,72,0,81,0,1,194,0,195,0,10,266,0,276,13,0,13,289
07/08/2017,ADS,TX,ASW,CE,Towers with Radar,0,7,46,0,53,0,1,224,0,225,0,8,270,0,278,6,0,6,284
07/09/2017,ADS,TX,ASW,CE,Towers with Radar,0,15,52,0,67,0,0,107,0,107,0,15,159,0,174,32,0,32,206
07/10/2017,ADS,TX,ASW,CE,Towers with Radar,1,19,53,0,73,0,5,180,0,185,1,24,233,0,258,12,0,12,270
07/11/2017,ADS,TX,ASW,CE,Towers with Radar,0,19,89,0,108,0,3,226,0,229,0,22,315,0,337,22,0,22,359
07/12/2017,ADS,TX,ASW,CE,Towers with Radar,0,20,94,1,115,0,4,232,3,239,0,24,326,4,354,14,0,14,368
07/13/2017,ADS,TX,ASW,CE,Towers with Radar,0,25,86,0,111,0,7,224,3,234,0,32,310,3,345,21,0,21,366
07/14/2017,ADS,TX,ASW,CE,Towers with Radar,0,16,86,0,102,0,3,202,0,205,0,19,288,0,307,5,0,5,312
07/15/2017,ADS,TX,ASW,CE,Towers with Radar,0,7,46,0,53,0,0,114,0,114,0,7,160,0,167,37,0,37,204
07/16/2017,ADS,TX,ASW,CE,Towers with Radar,0,12,85,1,98,0,0,176,5,181,0,12,261,6,279,25,0,25,304
07/17/2017,ADS,TX,ASW,CE,Towers with Radar,0,18,97,1,116,0,4,157,1,162,0,22,254,2,278,10,0,10,288
07/18/2017,ADS,TX,ASW,CE,Towers with Radar,1,20,100,0,121,0,3,234,0,237,1,23,334,0,358,28,0,28,386
07/19/2017,ADS,TX,ASW,CE,Towers with Radar,0,21,108,0,129,0,5,236,0,241,0,26,344,0,370,0,0,0,370
07/20/2017,ADS,TX,ASW,CE,Towers with Radar,0,20,76,0,96,0,3,230,0,233,0,23,306,0,329,17,0,17,346
07/21/2017,ADS,TX,ASW,CE,Towers with Radar,0,14,84,0,98,0,4,180,0,184,0,18,264,0,282,0,0,0,282
07/22/2017,ADS,TX,ASW,CE,Towers with Radar,0,11,62,1,74,0,0,224,0,224,0,11,286,1,298,0,0,0,298
07/23/2017,ADS,TX,ASW,CE,Towers with Radar,0,15,59,0,74,0,3,180,0,183,0,18,239,0,257,26,0,26,283
07/24/2017,ADS,TX,ASW,CE,Towers with Radar,0,6,88,0,94,0,4,126,0,130,0,10,214,0,224,6,0,6,230
07/25/2017,ADS,TX,ASW,CE,Towers with Radar,0,16,109,0,125,0,7,210,0,217,0,23,319,0,342,13,0,13,355
07/26/2017,ADS,TX,ASW,CE,Towers with Radar,0,13,73,0,86,0,3,194,0,197,0,16,267,0,283,11,0,11,294
07/27/2017,ADS,TX,ASW,CE,Towers with Radar,0,13,82,1,96,0,4,216,0,220,0,17,298,1,316,8,0,8,324
07/28/2017,ADS,TX,ASW,CE,Towers with Radar,0,19,86,2,107,0,5,238,0,243,0,24,324,2,350,0,0,0,350
07/29/2017,ADS,TX,ASW,CE,Towers with Radar,0,13,57,0,70,0,0,213,2,215,0,13,270,2,285,11,0,11,296
07/30/2017,ADS,TX,ASW,CE,Towers with Radar,0,16,79,0,95,0,0,165,1,166,0,16,244,1,261,0,0,0,261
07/31/2017,ADS,TX,ASW,CE,Towers with Radar,0,15,66,0,81,0,3,153,0,156,0,18,219,0,237,0,0,0,237
08/01/2017,ADS,TX,ASW,CE,Towers with Radar,1,14,86,1,102,0,2,151,1,154,1,16,237,2,256,2,0,2,258
08/02/2017,ADS,TX,ASW,CE,Towers with Radar,0,18,94,0,112,0,0,32,0,32,0,18,126,0,144,116,0,116,260
08/03/2017,ADS,TX,ASW,CE,Towers with Radar,0,24,129,1,154,0,5,156,0,161,0,29,285,1,315,0,0,0,315
08/04/2017,ADS,TX,ASW,CE,Towers with Radar,1,13,94,0,108,0,2,179,2,183,1,15,273,2,291,9,0,9,300
08/05/2017,ADS,TX,ASW,CE,Towers with Radar,0,5,48,0,53,0,1,208,2,211,0,6,256,2,264,10,0,10,274
08/06/2017,ADS,TX,ASW,CE,Towers with Radar,0,22,70,0,92,0,0,124,0,124,0,22,194,0,216,0,0,0,216
08/07/2017,ADS,TX,ASW,CE,Towers with Radar,0,11,72,0,83,0,2,67,1,70,0,13,139,1,153,6,0,6,159
08/08/2017,ADS,TX,ASW,CE,Towers with Radar,0,24,120,0,144,0,2,122,0,124,0,26,242,0,268,12,0,12,280
08/09/2017,ADS,TX,ASW,CE,Towers with Radar,0,29,84,1,114,0,8,167,0,175,0,37,251,1,289,12,0,12,301
08/10/2017,ADS,TX,ASW,CE,Towers with Radar,0,17,108,1,126,0,5,207,0,212,0,22,315,1,338,26,0,26,364
08/11/2017,ADS,TX,ASW,CE,Towers with Radar,0,20,87,0,107,0,7,200,0,207,0,27,287,0,314,18,0,18,332
08/12/2017,ADS,TX,ASW,CE,Towers with Radar,0,7,52,0,59,0,2,163,0,165,0,9,215,0,224,5,0,5,229
08/13/2017,ADS,TX,ASW,CE,Towers with Radar,0,8,88,1,97,0,0,46,0,46,0,8,134,1,143,8,0,8,151
08/14/2017,ADS,TX,ASW,CE,Towers with Radar,0,12,65,1,78,0,4,140,0,144,0,16,205,1,222,19,0,19,241
08/15/2017,ADS,TX,ASW,CE,Towers with Radar,0,15,92,0,107,0,6,184,0,190,0,21,276,0,297,1,0,1,298
08/16/2017,ADS,TX,ASW,CE,Towers with Radar,0,14,110,2,126,0,4,156,1,161,0,18,266,3,287,120,0,120,407
08/17/2017,ADS,TX,ASW,CE,Towers with Radar,0,21,126,1,148,0,2,87,2,91,0,23,213,3,239,50,0,50,289
08/18/2017,ADS,TX,ASW,CE,Towers with Radar,1,19,96,0,116,0,3,165,0,168,1,22,261,0,284,14,0,14,298
08/19/2017,ADS,TX,ASW,CE,Towers with Radar,0,12,60,0,72,0,0,250,0,250,0,12,310,0,322,0,0,0,322
08/20/2017,ADS,TX,ASW,CE,Towers with Radar,0,12,57,0,69,0,0,203,0,203,0,12,260,0,272,0,0,0,272
08/21/2017,ADS,TX,ASW,CE,Towers with Radar,0,7,75,0,82,0,4,187,0,191,0,11,262,0,273,0,0,0,273
08/22/2017,ADS,TX,ASW,CE,Towers with Radar,0,10,72,0,82,0,3,210,0,213,0,13,282,0,295,2,0,2,297
08/23/2017,ADS,TX,ASW,CE,Towers with Radar,0,19,105,0,124,0,2,146,0,148,0,21,251,0,272,21,0,21,293
08/24/2017,ADS,TX,ASW,CE,Towers with Radar,0,23,137,2,162,0,3,81,0,84,0,26,218,2,246,4,0,4,250
08/25/2017,ADS,TX,ASW,CE,Towers with Radar,0,15,70,0,85,0,0,167,0,167,0,15,237,0,252,18,0,18,270
08/26/2017,ADS,TX,ASW,CE,Towers with Radar,0,11,43,0,54,0,2,138,1,141,0,13,181,1,195,21,0,21,216
08/27/2017,ADS,TX,ASW,CE,Towers with Radar,0,17,61,1,79,0,1,22,0,23,0,18,83,1,102,0,0,0,102
08/28/2017,ADS,TX,ASW,CE,Towers with Radar,0,18,85,0,103,0,5,70,0,75,0,23,155,0,178,7,0,7,185
08/29/2017,ADS,TX,ASW,CE,Towers with Radar,0,17,113,0,130,0,2,201,1,204,0,19,314,1,334,20,0,20,354
08/30/2017,ADS,TX,ASW,CE,Towers with Radar,0,12,80,0,92,0,10,185,0,195,0,22,265,0,287,8,0,8,295
08/31/2017,ADS,TX,ASW,CE,Towers with Radar,0,18,84,0,102,0,8,213,0,221,0,26,297,0,323,6,0,6,329
09/01/2017,ADS,TX,ASW,CE,Towers with Radar,0,13,92,1,106,0,5,249,0,254,0,18,341,1,360,17,0,17,377
09/02/2017,ADS,TX,ASW,CE,Towers with Radar,0,8,64,0,72,0,1,217,1,219,0,9,281,1,291,0,0,0,291
09/03/2017,ADS,TX,ASW,CE,Towers with Radar,0,9,62,0,71,0,1,163,0,164,0,10,225,0,235,0,0,0,235
09/04/2017,ADS,TX,ASW,CE,Towers with Radar,0,11,80,1,92,0,0,191,0,191,0,11,271,1,283,8,0,8,291
09/05/2017,ADS,TX,ASW,CE,Towers with Radar,0,19,104,0,123,0,4,186,0,190,0,23,290,0,313,6,0,6,319
09/06/2017,ADS,TX,ASW,CE,Towers with Radar,0,24,84,0,108,0,3,234,1,238,0,27,318,1,346,5,0,5,351
09/07/2017,ADS,TX,ASW,CE,Towers with Radar,0,34,103,3,140,0,6,242,2,250,0,40,345,5,390,26,0,26,416
09/08/2017,ADS,TX,ASW,CE,Towers with Radar,1,23,106,2,132,0,11,245,0,256,1,34,351,2,388,15,0,15,403
09/09/2017,ADS,TX,ASW,CE,Towers with Radar,0,7,73,0,80,0,2,213,0,215,0,9,286,0,295,13,0,13,308
09/10/2017,ADS,TX,ASW,CE,Towers with Radar,0,9,78,0,87,0,0,215,1,216,0,9,293,1,303,17,0,17,320
09/11/2017,ADS,TX,ASW,CE,Towers with Radar,0,26,71,0,97,2,7,186,0,195,2,33,257,0,292,10,0,10,302
09/12/2017,ADS,TX,ASW,CE,Towers with Radar,0,20,101,0,121,0,2,242,0,244,0,22,343,0,365,0,0,0,365
09/13/2017,ADS,TX,ASW,CE,Towers with Radar,0,15,106,0,121,0,7,255,0,262,0,22,361,0,383,8,0,8,391
09/14/2017,ADS,TX,ASW,CE,Towers with Radar,0,16,114,0,130,0,3,223,0,226,0,19,337,0,356,8,0,8,364
09/15/2017,ADS,TX,ASW,CE,Towers with Radar,0,18,120,3,141,0,5,221,1,227,0,23,341,4,368,6,0,6,374
09/16/2017,ADS,TX,ASW,CE,Towers with Radar,0,5,75,0,80,0,0,138,0,138,0,5,213,0,218,2,0,2,220
09/17/2017,ADS,TX,ASW,CE,Towers with Radar,0,11,74,1,86,0,1,228,0,229,0,12,302,1,315,10,0,10,325
09/18/2017,ADS,TX,ASW,CE,Towers with Radar,1,21,89,2,113,0,2,171,0,173,1,23,260,2,286,10,0,10,296
09/19/2017,ADS,TX,ASW,CE,Towers with Radar,0,13,100,1,114,0,5,138,0,143,0,18,238,1,257,0,0,0,257
09/20/2017,ADS,TX,ASW,CE,Towers with Radar,0,18,119,0,137,0,9,225,0,234,0,27,344,0,371,5,0,5,376
09/21/2017,ADS,TX,ASW,CE,Towers with Radar,0,21,122,0,143,0,4,184,0,188,0,25,306,0,331,16,0,16,347
09/22/2017,ADS,TX,ASW,CE,Towers with Radar,0,21,126,1,148,0,10,143,1,154,0,31,269,2,302,6,0,6,308
09/23/2017,ADS,TX,ASW,CE,Towers with Radar,0,12,64,1,77,0,2,249,0,251,0,14,313,1,328,30,0,30,358
09/24/2017,ADS,TX,ASW,CE,Towers with Radar,0,16,92,1,109,0,0,226,1,227,0,16,318,2,336,22,0,22,358
09/25/2017,ADS,TX,ASW,CE,Towers with Radar,0,16,61,0,77,0,3,159,0,162,0,19,220,0,239,0,0,0,239
09/26/2017,ADS,TX,ASW,CE,Towers with Radar,0,19,80,2,101,0,3,215,2,220,0,22,295,4,321,13,0,13,334
09/27/2017,ADS,TX,ASW,CE,Towers with Radar,0,25,88,1,114,0,3,131,0,134,0,28,219,1,248,14,0,14,262
09/28/2017,ADS,TX,ASW,CE,Towers with Radar,0,25,138,1,164,0,2,78,0,80,0,27,216,1,244,4,0,4,248
09/29/2017,ADS,TX,ASW,CE,Towers with Radar,0,27,118,0,145,0,4,151,0,155,0,31,269,0,300,0,0,0,300
09/30/2017,ADS,TX,ASW,CE,Towers with Radar,0,14,68,0,82,0,2,234,0,236,0,16,302,0,318,6,0,6,324
10/01/2017,ADS,TX,ASW,CE,Towers with Radar,0,22,47,0,69,0,1,224,0,225,0,23,271,0,294,23,0,23,317
10/02/2017,ADS,TX,ASW,CE,Towers with Radar,0,18,71,0,89,0,3,166,0,169,0,21,237,0,258,0,0,0,258
10/03/2017,ADS,TX,ASW,CE,Towers with Radar,0,26,80,0,106,0,0,14,1,15,0,26,94,1,121,0,0,0,121
10/04/2017,ADS,TX,ASW,CE,Towers with Radar,2,24,102,0,128,0,5,131,0,136,2,29,233,0,264,16,0,16,280
10/05/2017,ADS,TX,ASW,CE,Towers with Radar,0,29,88,0,117,0,6,172,0,178,0,35,260,0,295,0,0,0,295
10/06/2017,ADS,TX,ASW,CE,Towers with Radar,1,9,100,0,110,0,5,210,2,217,1,14,310,2,327,12,0,12,339
10/07/2017,ADS,TX,ASW,CE,Towers with Radar,1,13,71,0,85,0,1,194,0,195,1,14,265,0,280,0,0,0,280
10/08/2017,ADS,TX,ASW,CE,Towers with Radar,0,10,66,0,76,0,1,195,0,196,0,11,261,0,272,0,0,0,272
10/09/2017,ADS,TX,ASW,CE,Towers with Radar,0,8,93,0,101,0,1,193,1,195,0,9,286,1,296,0,0,0,296
10/10/2017,ADS,TX,ASW,CE,Towers with Radar,0,25,91,0,116,0,4,127,0,131,0,29,218,0,247,0,0,0,247
10/11/2017,ADS,TX,ASW,CE,Towers with Radar,0,19,87,0,106,0,17,205,2,224,0,36,292,2,330,0,0,0,330
10/12/2017,ADS,TX,ASW,CE,Towers with Radar,0,23,116,0,139,0,6,222,1,229,0,29,338,1,368,4,0,4,372
10/13/2017,ADS,TX,ASW,CE,Towers with Radar,0,22,92,0,114,0,4,251,0,255,0,26,343,0,369,2,0,2,371
10/14/2017,ADS,TX,ASW,CE,Towers with Radar,0,11,66,0,77,0,0,206,0,206,0,11,272,0,283,6,0,6,289
10/15/2017,ADS,TX,ASW,CE,Towers with Radar,0,25,99,2,126,0,0,70,0,70,0,25,169,2,196,0,0,0,196
10/16/2017,ADS,TX,ASW,CE,Towers with Radar,1,19,93,0,113,0,6,222,0,228,1,25,315,0,341,29,0,29,370
10/17/2017,ADS,TX,ASW,CE,Towers with Radar,0,23,97,0,120,0,5,208,0,213,0,28,305,0,333,6,0,6,339
10/18/2017,ADS,TX,ASW,CE,Towers with Radar,0,17,101,0,118,0,5,223,2,230,0,22,324,2,348,1,0,1,349
10/19/2017,ADS,TX,ASW,CE,Towers with Radar,0,19,89,0,108,0,12,221,0,233,0,31,310,0,341,2,0,2,343
10/20/2017,ADS,TX,ASW,CE,Towers with Radar,0,16,103,0,119,0,2,145,1,148,0,18,248,1,267,0,0,0,267
10/21/2017,ADS,TX,ASW,CE,Towers with Radar,0,13,66,0,79,0,0,72,0,72,0,13,138,0,151,2,0,2,153
10/22/2017,ADS,TX,ASW,CE,Towers with Radar,0,10,105,0,115,0,0,108,0,108,0,10,213,0,223,14,0,14,237
10/23/2017,ADS,TX,ASW,CE,Towers with Radar,2,9,72,0,83,0,2,172,1,175,2,11,244,1,258,0,0,0,258
10/24/2017,ADS,TX,ASW,CE,Towers with Radar,0,9,93,0,102,0,3,118,1,122,0,12,211,1,224,0,0,0,224
10/25/2017,ADS,TX,ASW,CE,Towers with Radar,0,8,102,0,110,0,3,157,2,162,0,11,259,2,272,8,0,8,280
10/26/2017,ADS,TX,ASW,CE,Towers with Radar,0,26,105,0,131,0,6,243,0,249,0,32,348,0,380,10,0,10,390
10/27/2017,ADS,TX,ASW,CE,Towers with Radar,0,19,81,0,100,0,5,81,0,86,0,24,162,0,186,2,0,2,188
10/28/2017,ADS,TX,ASW,CE,Towers with Radar,0,9,84,0,93,0,3,220,0,223,0,12,304,0,316,8,0,8,324
10/29/2017,ADS,TX,ASW,CE,Towers with Radar,1,9,71,0,81,0,0,253,0,253,1,9,324,0,334,0,0,0,334
10/30/2017,ADS,TX,ASW,CE,Towers with Radar,0,15,78,0,93,0,4,235,0,239,0,19,313,0,332,14,0,14,346
10/31/2017,ADS,TX,ASW,CE,Towers with Radar,0,16,84,0,100,0,1,113,0,114,0,17,197,0,214,16,0,16,230
11/01/2017,ADS,TX,ASW,CE,Towers with Radar,0,31,98,0,129,0,5,129,0,134,0,36,227,0,263,14,0,14,277
11/02/2017,ADS,TX,ASW,CE,Towers with Radar,0,32,101,0,133,0,8,194,0,202,0,40,295,0,335,8,0,8,343
11/03/2017,ADS,TX,ASW,CE,Towers with Radar,0,29,121,0,150,0,4,66,0,70,0,33,187,0,220,0,0,0,220
11/04/2017,ADS,TX,ASW,CE,Towers with Radar,0,12,96,0,108,0,2,161,0,163,0,14,257,0,271,4,0,4,275
11/05/2017,ADS,TX,ASW,CE,Towers with Radar,0,8,120,0,128,0,0,156,0,156,0,8,276,0,284,0,0,0,284
11/06/2017,ADS,TX,ASW,CE,Towers with Radar,0,18,112,0,130,0,2,57,0,59,0,20,169,0,189,0,0,0,189
11/07/2017,ADS,TX,ASW,CE,Towers with Radar,0,23,114,0,137,0,0,137,0,137,0,23,251,0,274,38,0,38,312
11/08/2017,ADS,TX,ASW,CE,Towers with Radar,0,31,100,0,131,0,0,0,0,0,0,31,100,0,131,0,0,0,131
11/09/2017,ADS,TX,ASW,CE,Towers with Radar,0,21,141,0,162,0,1,121,0,122,0,22,262,0,284,36,0,36,320
11/10/2017,ADS,TX,ASW,CE,Towers with Radar,3,23,107,0,133,0,2,336,0,338,3,25,443,0,471,4,0,4,475
11/11/2017,ADS,TX,ASW,CE,Towers with Radar,0,7,66,0,73,0,4,193,1,198,0,11,259,1,271,0,0,0,271
11/12/2017,ADS,TX,ASW,CE,Towers with Radar,0,10,123,0,133,0,0,14,0,14,0,10,137,0,147,12,0,12,159
11/13/2017,ADS,TX,ASW,CE,Towers with Radar,0,14,133,0,147,0,0,26,0,26,0,14,159,0,173,38,0,38,211
11/14/2017,ADS,TX,ASW,CE,Towers with Radar,0,17,107,0,124,0,3,162,0,165,0,20,269,0,289,8,0,8,297
11/15/2017,ADS,TX,ASW,CE,Towers with Radar,0,33,157,0,190,0,2,70,0,72,0,35,227,0,262,8,0,8,270
11/16/2017,ADS,TX,ASW,CE,Towers with Radar,0,35,168,0,203,0,2,70,0,72,0,37,238,0,275,16,0,16,291
11/17/2017,ADS,TX,ASW,CE,Towers with Radar,0,24,156,0,180,0,4,91,0,95,0,28,247,0,275,4,0,4,279
11/18/2017,ADS,TX,ASW,CE,Towers with Radar,1,13,64,0,78,0,1,67,0,68,1,14,131,0,146,20,0,20,166
11/19/2017,ADS,TX,ASW,CE,Towers with Radar,0,19,83,0,102,0,1,311,2,314,0,20,394,2,416,3,0,3,419
11/20/2017,ADS,TX,ASW,CE,Towers with Radar,0,16,72,0,88,0,4,231,1,236,0,20,303,1,324,10,0,10,334
11/21/2017,ADS,TX,ASW,CE,Towers with Radar,1,19,99,0,119,0,4,242,1,247,1,23,341,1,366,24,0,24,390
11/22/2017,ADS,TX,ASW,CE,Towers with Radar,0,15,110,0,125,0,5,219,1,225,0,20,329,1,350,5,0,5,355
11/23/2017,ADS,TX,ASW,CE,Towers with Radar,0,22,18,0,40,0,0,87,0,87,0,22,105,0,127,2,0,2,129
11/24/2017,ADS,TX,ASW,CE,Towers with Radar,0,20,54,0,74,0,4,213,2,219,0,24,267,2,293,1,0,1,294
11/25/2017,ADS,TX,ASW,CE,Towers with Radar,1,18,77,0,96,0,0,217,0,217,1,18,294,0,313,0,0,0,313
11/26/2017,ADS,TX,ASW,CE,Towers with Radar,0,20,80,0,100,0,0,250,0,250,0,20,330,0,350,0,0,0,350
11/27/2017,ADS,TX,ASW,CE,Towers with Radar,0,19,89,0,108,0,3,194,0,197,0,22,283,0,305,0,0,0,305
11/28/2017,ADS,TX,ASW,CE,Towers with Radar,1,18,71,0,90,0,7,170,0,177,1,25,241,0,267,14,0,14,281
11/29/2017,ADS,TX,ASW,CE,Towers with Radar,2,16,108,2,128,0,5,226,0,231,2,21,334,2,359,20,0,20,379
11/30/2017,ADS,TX,ASW,CE,Towers with Radar,0,28,96,0,124,0,7,268,0,275,0,35,364,0,399,28,0,28,427
12/01/2017,ADS,TX,ASW,CE,Towers with Radar,1,18,93,0,112,0,13,274,0,287,1,31,367,0,399,41,0,41,440
12/02/2017,ADS,TX,ASW,CE,Towers with Radar,2,4,67,0,73,0,0,291,0,291,2,4,358,0,364,16,0,16,380
12/03/2017,ADS,TX,ASW,CE,Towers with Radar,0,14,80,0,94,0,1,162,0,163,0,15,242,0,257,0,0,0,257
12/04/2017,ADS,TX,ASW,CE,Towers with Radar,1,19,92,0,112,0,1,54,0,55,1,20,146,0,167,0,0,0,167
12/05/2017,ADS,TX,ASW,CE,Towers with Radar,0,24,79,0,103,0,1,129,0,130,0,25,208,0,233,2,0,2,235
12/06/2017,ADS,TX,ASW,CE,Towers with Radar,0,25,91,0,116,0,2,217,2,221,0,27,308,2,337,8,0,8,345
12/07/2017,ADS,TX,ASW,CE,Towers with Radar,0,31,108,0,139,0,3,153,1,157,0,34,261,1,296,14,0,14,310
12/08/2017,ADS,TX,ASW,CE,Towers with Radar,0,19,76,0,95,0,4,195,1,200,0,23,271,1,295,0,0,0,295
12/09/2017,ADS,TX,ASW,CE,Towers with Radar,1,12,66,0,79,0,0,293,0,293,1,12,359,0,372,0,0,0,372
12/10/2017,ADS,TX,ASW,CE,Towers with Radar,0,14,69,0,83,0,1,216,0,217,0,15,285,0,300,12,0,12,312
12/11/2017,ADS,TX,ASW,CE,Towers with Radar,2,21,80,0,103,0,5,214,0,219,2,26,294,0,322,2,0,2,324
12/12/2017,ADS,TX,ASW,CE,Towers with Radar,0,21,93,1,115,0,4,212,0,216,0,25,305,1,331,0,0,0,331
12/13/2017,ADS,TX,ASW,CE,Towers with Radar,0,20,103,0,123,0,7,208,0,215,0,27,311,0,338,0,0,0,338
12/14/2017,ADS,TX,ASW,CE,Towers with Radar,0,21,102,0,123,0,4,234,0,238,0,25,336,0,361,0,0,0,361
12/15/2017,ADS,TX,ASW,CE,Towers with Radar,0,10,102,0,112,0,6,258,0,264,0,16,360,0,376,0,0,0,376
12/16/2017,ADS,TX,ASW,CE,Towers with Radar,0,8,63,0,71,0,1,212,1,214,0,9,275,1,285,2,0,2,287
12/17/2017,ADS,TX,ASW,CE,Towers with Radar,0,10,92,0,102,0,0,10,0,10,0,10,102,0,112,0,0,0,112
12/18/2017,ADS,TX,ASW,CE,Towers with Radar,0,24,68,0,92,0,0,0,0,0,0,24,68,0,92,0,0,0,92
12/19/2017,ADS,TX,ASW,CE,Towers with Radar,0,10,51,0,61,0,0,0,0,0,0,10,51,0,61,0,0,0,61
12/20/2017,ADS,TX,ASW,CE,Towers with Radar,0,39,140,1,180,0,3,66,0,69,0,42,206,1,249,17,0,17,266
12/21/2017,ADS,TX,ASW,CE,Towers with Radar,0,11,92,0,103,0,10,307,0,317,0,21,399,0,420,16,0,16,436
12/22/2017,ADS,TX,ASW,CE,Towers with Radar,0,11,54,0,65,0,0,0,0,0,0,11,54,0,65,0,0,0,65
12/23/2017,ADS,TX,ASW,CE,Towers with Radar,1,18,51,0,70,0,0,244,1,245,1,18,295,1,315,6,0,6,321
12/24/2017,ADS,TX,ASW,CE,Towers with Radar,0,3,23,2,28,0,0,45,0,45,0,3,68,2,73,13,0,13,86
12/25/2017,ADS,TX,ASW,CE,Towers with Radar,0,10,15,0,25,0,0,33,0,33,0,10,48,0,58,0,0,0,58
12/26/2017,ADS,TX,ASW,CE,Towers with Radar,0,16,80,0,96,0,0,0,0,0,0,16,80,0,96,0,0,0,96
12/27/2017,ADS,TX,ASW,CE,Towers with Radar,0,18,76,0,94,0,0,147,0,147,0,18,223,0,241,32,0,32,273
12/28/2017,ADS,TX,ASW,CE,Towers with Radar,0,15,72,0,87,0,1,114,0,115,0,16,186,0,202,20,0,20,222
12/29/2017,ADS,TX,ASW,CE,Towers with Radar,1,17,94,0,112,0,0,88,0,88,1,17,182,0,200,8,0,8,208
12/30/2017,ADS,TX,ASW,CE,Towers with Radar,0,9,52,0,61,0,0,0,0,0,0,9,52,0,61,0,0,0,61
12/31/2017,ADS,TX,ASW,CE,Towers with Radar,0,7,17,0,24,0,0,1,0,1,0,7,18,0,25,0,0,0,25
01/01/2018,ADS,TX,ASW,CE,Towers with Radar,1,15,43,0,59,0,0,98,0,98,1,15,141,0,157,0,0,0,157
01/02/2018,ADS,TX,ASW,CE,Towers with Radar,0,19,70,2,91,0,1,122,0,123,0,20,192,2,214,6,0,6,220
01/03/2018,ADS,TX,ASW,CE,Towers with Radar,0,11,63,0,74,0,4,172,0,176,0,15,235,0,250,0,0,0,250
01/04/2018,ADS,TX,ASW,CE,Towers with Radar,0,13,74,0,87,0,4,197,1,202,0,17,271,1,289,12,0,12,301
01/05/2018,ADS,TX,ASW,CE,Towers with Radar,0,21,84,0,105,0,4,231,0,235,0,25,315,0,340,14,0,14,354
01/06/2018,ADS,TX,ASW,CE,Towers with Radar,1,12,75,2,90,0,0,287,0,287,1,12,362,2,377,8,0,8,385
01/07/2018,ADS,TX,ASW,CE,Towers with Radar,0,7,73,0,80,0,1,2,0,3,0,8,75,0,83,0,0,0,83
01/08/2018,ADS,TX,ASW,CE,Towers with Radar,1,13,68,0,82,0,3,202,0,205,1,16,270,0,287,7,0,7,294
01/09/2018,ADS,TX,ASW,CE,Towers with Radar,1,11,89,0,101,0,0,57,0,57,1,11,146,0,158,0,0,0,158
01/10/2018,ADS,TX,ASW,CE,Towers with Radar,2,20,94,0,116,0,1,22,0,23,2,21,116,0,139,0,0,0,139
01/11/2018,ADS,TX,ASW,CE,Towers with Radar,0,15,65,2,82,0,5,23,0,28,0,20,88,2,110,0,0,0,110
01/12/2018,ADS,TX,ASW,CE,Towers with Radar,1,18,83,0,102,0,6,256,0,262,1,24,339,0,364,6,0,6,370
01/13/2018,ADS,TX,ASW,CE,Towers with Radar,0,3,55,0,58,0,1,313,0,314,0,4,368,0,372,16,0,16,388
01/14/2018,ADS,TX,ASW,CE,Towers with Radar,0,13,59,2,74,0,2,249,0,251,0,15,308,2,325,16,0,16,341
01/15/2018,ADS,TX,ASW,CE,Towers with Radar,0,13,77,0,90,0,0,112,0,112,0,13,189,0,202,2,0,2,204
01/16/2018,ADS,TX,ASW,CE,Towers with Radar,0,10,61,0,71,0,3,112,0,115,0,13,173,0,186,0,0,0,186
01/17/2018,ADS,TX,ASW,CE,Towers with Radar,0,19,77,0,96,0,7,181,0,188,0,26,258,0,284,0,0,0,284
01/18/2018,ADS,TX,ASW,CE,Towers with Radar,0,18,107,0,125,0,7,198,0,205,0,25,305,0,330,8,0,8,338
01/19/2018,ADS,TX,ASW,CE,Towers with Radar,0,23,111,0,134,0,0,107,0,107,0,23,218,0,241,2,0,2,243
01/20/2018,ADS,TX,ASW,CE,Towers with Radar,0,13,67,0,80,0,1,118,0,119,0,14,185,0,199,20,0,20,219
01/21/2018,ADS,TX,ASW,CE,Towers with Radar,0,12,66,0,78,0,0,8,0,8,0,12,74,0,86,0,0,0,86
01/22/2018,ADS,TX,ASW,CE,Towers with Radar,1,14,62,0,77,0,4,96,0,100,1,18,158,0,177,3,0,3,180
01/23/2018,ADS,TX,ASW,CE,Towers with Radar,0,13,111,0,124,0,8,254,1,263,0,21,365,1,387,4,0,4,391
01/24/2018,ADS,TX,ASW,CE,Towers with Radar,0,23,93,0,116,0,8,263,1,272,0,31,356,1,388,9,0,9,397
01/25/2018,ADS,TX,ASW,CE,Towers with Radar,0,24,95,1,120,0,4,254,0,258,0,28,349,1,378,2,0,2,380
01/26/2018,ADS,TX,ASW,CE,Towers with Radar,1,20,117,0,138,0,0,19,0,19,1,20,136,0,157,0,0,0,157
01/27/2018,ADS,TX,ASW,CE,Towers with Radar,0,12,78,0,90,0,0,82,0,82,0,12,160,0,172,2,0,2,174
01/28/2018,ADS,TX,ASW,CE,Towers with Radar,0,13,72,0,85,0,1,319,0,320,0,14,391,0,405,38,0,38,443
01/29/2018,ADS,TX,ASW,CE,Towers with Radar,0,16,73,0,89,0,7,219,0,226,0,23,292,0,315,6,0,6,321
01/30/2018,ADS,TX,ASW,CE,Towers with Radar,0,13,72,0,85,0,9,211,0,220,0,22,283,0,305,32,0,32,337
01/31/2018,ADS,TX,ASW,CE,Towers with Radar,0,19,93,0,112,0,6,104,1,111,0,25,197,1,223,1,0,1,224
02/01/2018,ADS,TX,ASW,CE,Towers with Radar,0,12,88,0,100,0,11,206,2,219,0,23,294,2,319,0,0,0,319
02/02/2018,ADS,TX,ASW,CE,Towers with Radar,1,15,92,0,108,0,6,252,0,258,1,21,344,0,366,9,0,9,375
02/03/2018,ADS,TX,ASW,CE,Towers with Radar,0,17,66,0,83,0,0,183,2,185,0,17,249,2,268,14,0,14,282
02/04/2018,ADS,TX,ASW,CE,Towers with Radar,0,20,67,0,87,0,1,111,0,112,0,21,178,0,199,0,0,0,199
02/05/2018,ADS,TX,ASW,CE,Towers with Radar,2,19,107,0,128,0,0,83,0,83,2,19,190,0,211,4,0,4,215
02/06/2018,ADS,TX,ASW,CE,Towers with Radar,1,17,80,0,98,0,0,0,0,0,1,17,80,0,98,0,0,0,98
02/07/2018,ADS,TX,ASW,CE,Towers with Radar,0,16,81,0,97,0,12,208,0,220,0,28,289,0,317,0,0,0,317
02/08/2018,ADS,TX,ASW,CE,Towers with Radar,0,12,66,0,78,0,7,280,0,287,0,19,346,0,365,8,0,8,373
02/09/2018,ADS,TX,ASW,CE,Towers with Radar,1,20,118,0,139,0,3,156,0,159,1,23,274,0,298,22,0,22,320
02/10/2018,ADS,TX,ASW,CE,Towers with Radar,0,11,32,1,44,0,0,0,0,0,0,11,32,1,44,0,0,0,44
02/11/2018,ADS,TX,ASW,CE,Towers with Radar,0,8,65,1,74,0,0,55,0,55,0,8,120,1,129,0,0,0,129
02/12/2018,ADS,TX,ASW,CE,Towers with Radar,1,9,69,0,79,0,5,145,0,150,1,14,214,0,229,0,0,0,229
02/13/2018,ADS,TX,ASW,CE,Towers with Radar,0,31,130,2,163,0,0,1,0,1,0,31,131,2,164,24,0,24,188
02/14/2018,ADS,TX,ASW,CE,Towers with Radar,1,30,106,0,137,0,3,115,0,118,1,33,221,0,255,0,0,0,255
02/15/2018,ADS,TX,ASW,CE,Towers with Radar,0,11,118,0,129,0,1,95,0,96,0,12,213,0,225,0,0,0,225
02/16/2018,ADS,TX,ASW,CE,Towers with Radar,0,18,99,0,117,0,7,137,0,144,0,25,236,0,261,2,0,2,263
02/17/2018,ADS,TX,ASW,CE,Towers with Radar,1,10,74,0,85,0,0,177,0,177,1,10,251,0,262,0,0,0,262
02/18/2018,ADS,TX,ASW,CE,Towers with Radar,1,16,71,0,88,0,0,0,0,0,1,16,71,0,88,0,0,0,88
02/19/2018,ADS,TX,ASW,CE,Towers with Radar,0,29,88,0,117,0,4,35,0,39,0,33,123,0,156,0,0,0,156
02/20/2018,ADS,TX,ASW,CE,Towers with Radar,2,26,55,0,83,0,0,1,0,1,2,26,56,0,84,0,0,0,84
02/21/2018,ADS,TX,ASW,CE,Towers with Radar,0,19,48,0,67,0,0,0,0,0,0,19,48,0,67,0,0,0,67
02/22/2018,ADS,TX,ASW,CE,Towers with Radar,0,17,64,0,81,0,0,0,0,0,0,17,64,0,81,0,0,0,81
02/23/2018,ADS,TX,ASW,CE,Towers with Radar,1,17,59,0,77,0,0,0,0,0,1,17,59,0,77,4,0,4,81
02/24/2018,ADS,TX,ASW,CE,Towers with Radar,1,5,42,0,48,0,2,97,0,99,1,7,139,0,147,10,0,10,157
02/25/2018,ADS,TX,ASW,CE,Towers with Radar,0,4,60,0,64,0,2,387,0,389,0,6,447,0,453,6,0,6,459
02/26/2018,ADS,TX,ASW,CE,Towers with Radar,0,10,112,0,122,0,7,210,0,217,0,17,322,0,339,0,0,0,339
02/27/2018,ADS,TX,ASW,CE,Towers with Radar,1,15,95,0,111,0,0,0,0,0,1,15,95,0,111,0,0,0,111
02/28/2018,ADS,TX,ASW,CE,Towers with Radar,0,33,100,0,133,0,5,12,0,17,0,38,112,0,150,0,0,0,150
03/01/2018,ADS,TX,ASW,CE,Towers with Radar,0,13,141,0,154,0,7,102,2,111,0,20,243,2,265,4,0,4,269
03/02/2018,ADS,TX,ASW,CE,Towers with Radar,1,19,80,0,100,0,7,346,1,354,1,26,426,1,454,8,0,8,462
03/03/2018,ADS,TX,ASW,CE,Towers with Radar,0,10,93,0,103,0,0,299,0,299,0,10,392,0,402,2,0,2,404
03/04/2018,ADS,TX,ASW,CE,Towers with Radar,0,14,97,0,111,0,1,23,1,25,0,15,120,1,136,20,0,20,156
03/05/2018,ADS,TX,ASW,CE,Towers with Radar,0,24,97,0,121,0,7,167,2,176,0,31,264,2,297,2,0,2,299
03/06/2018,ADS,TX,ASW,CE,Towers with Radar,1,27,71,0,99,0,6,252,0,258,1,33,323,0,357,21,0,21,378
03/07/2018,ADS,TX,ASW,CE,Towers with Radar,0,14,94,0,108,0,4,253,0,257,0,18,347,0,365,4,0,4,369
03/08/2018,ADS,TX,ASW,CE,Towers with Radar,0,29,104,0,133,0,2,265,0,267,0,31,369,0,400,4,0,4,404
03/09/2018,ADS,TX,ASW,CE,Towers with Radar,0,33,96,0,129,0,3,153,0,156,0,36,249,0,285,0,0,0,285
03/10/2018,ADS,TX,ASW,CE,Towers with Radar,0,16,102,0,118,0,3,186,0,189,0,19,288,0,307,0,0,0,307
03/11/2018,ADS,TX,ASW,CE,Towers with Radar,0,22,84,0,106,0,1,60,0,61,0,23,144,0,167,1,0,1,168
03/12/2018,ADS,TX,ASW,CE,Towers with Radar,0,15,66,0,81,0,2,205,0,207,0,17,271,0,288,0,0,0,288
03/13/2018,ADS,TX,ASW,CE,Towers with Radar,0,20,72,0,92,0,6,257,1,264,0,26,329,1,356,0,0,0,356
03/14/2018,ADS,TX,ASW,CE,Towers with Radar,0,23,77,0,100,0,5,276,1,282,0,28,353,1,382,4,0,4,386
03/15/2018,ADS,TX,ASW,CE,Towers with Radar,0,13,71,0,84,0,0,174,0,174,0,13,245,0,258,0,0,0,258
03/16/2018,ADS,TX,ASW,CE,Towers with Radar,1,17,74,0,92,0,4,163,0,167,1,21,237,0,259,10,0,10,269
03/17/2018,ADS,TX,ASW,CE,Towers with Radar,0,18,86,0,104,0,0,179,0,179,0,18,265,0,283,0,0,0,283
03/18/2018,ADS,TX,ASW,CE,Towers with Radar,0,20,86,0,106,0,1,45,0,46,0,21,131,0,152,0,0,0,152
03/19/2018,ADS,TX,ASW,CE,Towers with Radar,0,9,83,0,92,0,4,120,2,126,0,13,203,2,218,6,0,6,224
03/20/2018,ADS,TX,ASW,CE,Towers with Radar,0,15,76,0,91,0,4,236,0,240,0,19,312,0,331,4,0,4,335
03/21/2018,ADS,TX,ASW,CE,Towers with Radar,0,8,91,0,99,0,12,323,1,336,0,20,414,1,435,0,0,0,435
03/22/2018,ADS,TX,ASW,CE,Towers with Radar,0,19,113,0,132,0,4,211,0,215,0,23,324,0,347,0,0,0,347
03/23/2018,ADS,TX,ASW,CE,Towers with Radar,0,15,119,0,134,1,3,35,0,39,1,18,154,0,173,2,0,2,175
03/24/2018,ADS,TX,ASW,CE,Towers with Radar,0,11,88,0,99,0,1,262,0,263,0,12,350,0,362,6,0,6,368
03/25/2018,ADS,TX,ASW,CE,Towers with Radar,2,21,99,0,122,0,0,13,0,13,2,21,112,0,135,0,0,0,135
03/26/2018,ADS,TX,ASW,CE,Towers with Radar,0,13,84,0,97,0,1,58,3,62,0,14,142,3,159,0,0,0,159
03/27/2018,ADS,TX,ASW,CE,Towers with Radar,0,21,53,0,74,0,0,0,0,0,0,21,53,0,74,0,0,0,74
03/28/2018,ADS,TX,ASW,CE,Towers with Radar,0,24,96,3,123,0,0,4,0,4,0,24,100,3,127,0,0,0,127
03/29/2018,ADS,TX,ASW,CE,Towers with Radar,0,12,123,0,135,0,7,187,1,195,0,19,310,1,330,0,0,0,330
03/30/2018,ADS,TX,ASW,CE,Towers with Radar,0,18,82,0,100,0,6,364,2,372,0,24,446,2,472,4,0,4,476
03/31/2018,ADS,TX,ASW,CE,Towers with Radar,0,11,51,0,62,0,1,222,5,228,0,12,273,5,290,0,0,0,290
04/01/2018,ADS,TX,ASW,CE,Towers with Radar,0,5,72,0,77,0,1,43,0,44,0,6,115,0,121,12,0,12,133
04/02/2018,ADS,TX,ASW,CE,Towers with Radar,0,16,97,0,113,0,0,7,0,7,0,16,104,0,120,0,0,0,120
04/03/2018,ADS,TX,ASW,CE,Towers with Radar,2,15,90,0,107,0,3,51,1,55,2,18,141,1,162,0,0,0,162
04/04/2018,ADS,TX,ASW,CE,Towers with Radar,2,26,74,0,102,0,4,311,0,315,2,30,385,0,417,1,0,1,418
04/05/2018,ADS,TX,ASW,CE,Towers with Radar,1,25,107,0,133,0,1,233,0,234,1,26,340,0,367,2,0,2,369
04/06/2018,ADS,TX,ASW,CE,Towers with Radar,0,12,93,4,109,0,1,17,0,18,0,13,110,4,127,0,0,0,127
04/07/2018,ADS,TX,ASW,CE,Towers with Radar,0,13,34,0,47,0,0,14,0,14,0,13,48,0,61,1,0,1,62
04/08/2018,ADS,TX,ASW,CE,Towers with Radar,0,27,91,0,118,0,0,165,0,165,0,27,256,0,283,8,0,8,291
04/09/2018,ADS,TX,ASW,CE,Towers with Radar,0,13,95,0,108,0,2,221,0,223,0,15,316,0,331,0,0,0,331
04/10/2018,ADS,TX,ASW,CE,Towers with Radar,0,17,88,0,105,0,5,325,2,332,0,22,413,2,437,0,0,0,437
04/11/2018,ADS,TX,ASW,CE,Towers with Radar,0,23,84,0,107,0,2,208,0,210,0,25,292,0,317,0,0,0,317
04/12/2018,ADS,TX,ASW,CE,Towers with Radar,0,22,110,0,132,0,3,51,0,54,0,25,161,0,186,10,0,10,196
04/13/2018,ADS,TX,ASW,CE,Towers with Radar,0,21,73,0,94,0,0,19,0,19,0,21,92,0,113,0,0,0,113
04/14/2018,ADS,TX,ASW,CE,Towers with Radar,0,3,43,0,46,0,2,81,0,83,0,5,124,0,129,4,0,4,133
04/15/2018,ADS,TX,ASW,CE,Towers with Radar,0,11,57,0,68,0,0,223,0,223,0,11,280,0,291,2,0,2,293
04/16/2018,ADS,TX,ASW,CE,Towers with Radar,0,16,80,0,96,0,5,282,0,287,0,21,362,0,383,0,0,0,383
04/17/2018,ADS,TX,ASW,CE,Towers with Radar,0,14,86,0,100,0,7,97,2,106,0,21,183,2,206,0,0,0,206
04/18/2018,ADS,TX,ASW,CE,Towers with Radar,1,19,100,0,120,0,6,254,0,260,1,25,354,0,380,0,0,0,380
04/19/2018,ADS,TX,ASW,CE,Towers with Radar,0,18,96,2,116,0,8,287,1,296,0,26,383,3,412,2,0,2,414
04/20/2018,ADS,TX,ASW,CE,Towers with Radar,0,24,95,0,119,0,4,208,0,212,0,28,303,0,331,6,0,6,337
04/21/2018,ADS,TX,ASW,CE,Towers with Radar,0,7,34,0,41,0,0,4,0,4,0,7,38,0,45,0,0,0,45
04/22/2018,ADS,TX,ASW,CE,Towers with Radar,0,17,84,0,101,0,0,174,0,174,0,17,258,0,275,4,0,4,279
04/23/2018,ADS,TX,ASW,CE,Towers with Radar,0,16,101,0,117,0,5,236,1,242,0,21,337,1,359,0,0,0,359
04/24/2018,ADS,TX,ASW,CE,Towers with Radar,1,15,88,0,104,0,4,275,1,280,1,19,363,1,384,12,0,12,396
04/25/2018,ADS,TX,ASW,CE,Towers with Radar,1,29,122,0,152,0,0,44,0,44,1,29,166,0,196,10,0,10,206
04/26/2018,ADS,TX,ASW,CE,Towers with Radar,0,19,106,0,125,0,5,308,2,315,0,24,414,2,440,3,0,3,443
04/27/2018,ADS,TX,ASW,CE,Towers with Radar,0,8,82,0,90,0,3,298,1,302,0,11,380,1,392,6,0,6,398
04/28/2018,ADS,TX,ASW,CE,Towers with Radar,0,7,66,0,73,0,2,335,1,338,0,9,401,1,411,9,0,9,420
04/29/2018,ADS,TX,ASW,CE,Towers with Radar,0,23,70,0,93,0,0,240,0,240,0,23,310,0,333,6,4,10,343
04/30/2018,ADS,TX,ASW,CE,Towers with Radar,0,16,116,0,132,0,2,111,0,113,0,18,227,0,245,6,0,6,251
05/01/2018,ADS,TX,ASW,CE,Towers with Radar,0,15,106,0,121,0,0,39,0,39,0,15,145,0,160,2,0,2,162
05/02/2018,ADS,TX,ASW,CE,Towers with Radar,0,20,105,0,125,0,2,18,0,20,0,22,123,0,145,2,0,2,147
05/03/2018,ADS,TX,ASW,CE,Towers with Radar,1,25,74,0,100,0,1,38,0,39,1,26,112,0,139,2,0,2,141
05/04/2018,ADS,TX,ASW,CE,Towers with Radar,0,22,66,1,89,0,3,56,0,59,0,25,122,1,148,0,0,0,148
05/05/2018,ADS,TX,ASW,CE,Towers with Radar,0,8,74,0,82,0,0,288,0,288,0,8,362,0,370,0,0,0,370
05/06/2018,ADS,TX,ASW,CE,Towers with Radar,1,12,99,0,112,0,5,281,0,286,1,17,380,0,398,6,0,6,404
05/07/2018,ADS,TX,ASW,CE,Towers with Radar,0,25,71,2,98,0,4,292,0,296,0,29,363,2,394,4,0,4,398
05/08/2018,ADS,TX,ASW,CE,Towers with Radar,0,26,79,0,105,0,2,273,0,275,0,28,352,0,380,4,0,4,384
05/09/2018,ADS,TX,ASW,CE,Towers with Radar,0,23,88,0,111,0,7,273,5,285,0,30,361,5,396,2,0,2,398
05/10/2018,ADS,TX,ASW,CE,Towers with Radar,0,23,107,0,130,0,2,239,1,242,0,25,346,1,372,6,0,6,378
05/11/2018,ADS,TX,ASW,CE,Towers with Radar,1,23,91,0,115,0,5,108,0,113,1,28,199,0,228,17,0,17,245
05/12/2018,ADS,TX,ASW,CE,Towers with Radar,0,9,90,0,99,0,0,217,2,219,0,9,307,2,318,12,0,12,330
05/13/2018,ADS,TX,ASW,CE,Towers with Radar,0,22,100,0,122,0,1,166,0,167,0,23,266,0,289,1,0,1,290
05/14/2018,ADS,TX,ASW,CE,Towers with Radar,0,9,137,0,146,0,5,233,1,239,0,14,370,1,385,0,0,0,385
05/15/2018,ADS,TX,ASW,CE,Towers with Radar,0,18,105,2,125,0,2,152,0,154,0,20,257,2,279,0,0,0,279
05/16/2018,ADS,TX,ASW,CE,Towers with Radar,2,16,99,0,117,0,5,262,1,268,2,21,361,1,385,10,0,10,395
05/17/2018,ADS,TX,ASW,CE,Towers with Radar,1,25,94,0,120,0,5,274,0,279,1,30,368,0,399,6,0,6,405
05/18/2018,ADS,TX,ASW,CE,Towers with Radar,0,15,80,5,100,0,6,258,3,267,0,21,338,8,367,17,10,27,394
05/19/2018,ADS,TX,ASW,CE,Towers with Radar,0,9,55,0,64,0,0,241,1,242,0,9,296,1,306,12,0,12,318
05/20/2018,ADS,TX,ASW,CE,Towers with Radar,0,15,62,0,77,0,0,69,1,70,0,15,131,1,147,4,0,4,151
05/21/2018,ADS,TX,ASW,CE,Towers with Radar,1,16,101,0,118,0,1,248,0,249,1,17,349,0,367,0,0,0,367
05/22/2018,ADS,TX,ASW,CE,Towers with Radar,0,16,111,0,127,0,6,214,0,220,0,22,325,0,347,4,0,4,351
05/23/2018,ADS,TX,ASW,CE,Towers with Radar,0,19,103,0,122,0,5,273,0,278,0,24,376,0,400,15,0,15,415
05/24/2018,ADS,TX,ASW,CE,Towers with Radar,0,17,107,0,124,0,7,266,0,273,0,24,373,0,397,0,0,0,397
05/25/2018,ADS,TX,ASW,CE,Towers with Radar,0,18,121,0,139,0,4,197,0,201,0,22,318,0,340,0,0,0,340
05/26/2018,ADS,TX,ASW,CE,Towers with Radar,0,7,53,0,60,0,0,246,3,249,0,7,299,3,309,2,0,2,311
05/27/2018,ADS,TX,ASW,CE,Towers with Radar,0,11,39,0,50,0,1,203,1,205,0,12,242,1,255,0,0,0,255
05/28/2018,ADS,TX,ASW,CE,Towers with Radar,0,13,76,0,89,0,1,217,0,218,0,14,293,0,307,0,0,0,307
05/29/2018,ADS,TX,ASW,CE,Towers with Radar,1,10,77,0,88,0,6,267,0,273,1,16,344,0,361,9,0,9,370
05/30/2018,ADS,TX,ASW,CE,Towers with Radar,0,22,82,0,104,0,5,215,11,231,0,27,297,11,335,0,0,0,335
05/31/2018,ADS,TX,ASW,CE,Towers with Radar,1,15,79,0,95,0,8,156,7,171,1,23,235,7,266,18,0,18,284
06/01/2018,ADS,TX,ASW,CE,Towers with Radar,0,17,80,0,97,0,5,175,9,189,0,22,255,9,286,4,0,4,290
06/02/2018,ADS,TX,ASW,CE,Towers with Radar,0,15,53,0,68,0,1,218,19,238,0,16,271,19,306,0,0,0,306
06/03/2018,ADS,TX,ASW,CE,Towers with Radar,1,9,72,0,82,0,0,151,8,159,1,9,223,8,241,2,0,2,243
06/04/2018,ADS,TX,ASW,CE,Towers with Radar,1,11,76,0,88,0,3,104,3,110,1,14,180,3,198,0,0,0,198
06/05/2018,ADS,TX,ASW,CE,Towers with Radar,0,10,97,0,107,0,4,188,12,204,0,14,285,12,311,10,0,10,321
06/06/2018,ADS,TX,ASW,CE,Towers with Radar,0,10,91,0,101,0,5,241,10,256,0,15,332,10,357,10,0,10,367
06/07/2018,ADS,TX,ASW,CE,Towers with Radar,0,28,110,0,138,0,3,192,11,206,0,31,302,11,344,0,0,0,344
06/08/2018,ADS,TX,ASW,CE,Towers with Radar,2,21,103,0,126,0,5,249,9,263,2,26,352,9,389,6,0,6,395
06/09/2018,ADS,TX,ASW,CE,Towers with Radar,1,11,66,0,78,0,0,315,13,328,1,11,381,13,406,32,0,32,438
06/10/2018,ADS,TX,ASW,CE,Towers with Radar,0,14,90,0,104,0,1,187,9,197,0,15,277,9,301,8,0,8,309
06/11/2018,ADS,TX,ASW,CE,Towers with Radar,0,16,89,0,105,0,4,147,12,163,0,20,236,12,268,17,0,17,285
06/12/2018,ADS,TX,ASW,CE,Towers with Radar,0,31,91,0,122,0,4,177,21,202,0,35,268,21,324,0,0,0,324
06/13/2018,ADS,TX,ASW,CE,Towers with Radar,0,24,80,1,105,0,6,250,19,275,0,30,330,20,380,0,0,0,380
06/14/2018,ADS,TX,ASW,CE,Towers with Radar,1,21,87,0,109,0,8,256,16,280,1,29,343,16,389,12,0,12,401
06/15/2018,ADS,TX,ASW,CE,Towers with Radar,0,7,85,0,92,0,6,267,20,293,0,13,352,20,385,0,0,0,385
06/16/2018,ADS,TX,ASW,CE,Towers with Radar,0,11,84,0,95,0,0,210,18,228,0,11,294,18,323,6,0,6,329
06/17/2018,ADS,TX,ASW,CE,Towers with Radar,0,15,67,0,82,0,0,115,14,129,0,15,182,14,211,0,0,0,211
06/18/2018,ADS,TX,ASW,CE,Towers with Radar,0,15,100,0,115,0,3,113,13,129,0,18,213,13,244,0,0,0,244
06/19/2018,ADS,TX,ASW,CE,Towers with Radar,2,28,129,0,159,0,0,63,7,70,2,28,192,7,229,8,0,8,237
06/20/2018,ADS,TX,ASW,CE,Towers with Radar,1,22,100,0,123,0,3,100,10,113,1,25,200,10,236,14,0,14,250
06/21/2018,ADS,TX,ASW,CE,Towers with Radar,0,24,96,0,120,0,14,227,15,256,0,38,323,15,376,2,0,2,378
06/22/2018,ADS,TX,ASW,CE,Towers with Radar,0,15,87,0,102,0,6,236,20,262,0,21,323,20,364,0,0,0,364
06/23/2018,ADS,TX,ASW,CE,Towers with Radar,0,13,80,0,93,0,0,146,15,161,0,13,226,15,254,6,0,6,260
06/24/2018,ADS,TX,ASW,CE,Towers with Radar,0,17,68,2,87,0,1,118,6,125,0,18,186,8,212,0,0,0,212
06/25/2018,ADS,TX,ASW,CE,Towers with Radar,0,12,72,0,84,0,5,167,13,185,0,17,239,13,269,0,0,0,269
06/26/2018,ADS,TX,ASW,CE,Towers with Radar,0,12,119,0,131,0,5,168,13,186,0,17,287,13,317,0,0,0,317
06/27/2018,ADS,TX,ASW,CE,Towers with Radar,0,18,98,0,116,0,12,246,22,280,0,30,344,22,396,2,0,2,398
06/28/2018,ADS,TX,ASW,CE,Towers with Radar,0,22,92,0,114,0,6,252,26,284,0,28,344,26,398,6,0,6,404
06/29/2018,ADS,TX,ASW,CE,Towers with Radar,1,29,108,1,139,0,4,205,12,221,1,33,313,13,360,0,0,0,360
06/30/2018,ADS,TX,ASW,CE,Towers with Radar,0,14,73,0,87,0,1,193,15,209,0,15,266,15,296,2,0,2,298
07/01/2018,ADS,TX,ASW,CE,Towers with Radar,2,18,64,0,84,0,0,187,14,201,2,18,251,14,285,2,0,2,287
07/02/2018,ADS,TX,ASW,CE,Towers with Radar,0,19,58,0,77,0,6,202,15,223,0,25,260,15,300,0,0,0,300
07/03/2018,ADS,TX,ASW,CE,Towers with Radar,1,8,61,0,70,0,6,168,11,185,1,14,229,11,255,2,0,2,257
07/04/2018,ADS,TX,ASW,CE,Towers with Radar,0,9,30,0,39,0,0,112,11,123,0,9,142,11,162,2,0,2,164
07/05/2018,ADS,TX,ASW,CE,Towers with Radar,0,16,55,0,71,0,8,182,15,205,0,24,237,15,276,0,0,0,276
07/06/2018,ADS,TX,ASW,CE,Towers with Radar,0,17,68,0,85,0,3,150,9,162,0,20,218,9,247,0,0,0,247
07/07/2018,ADS,TX,ASW,CE,Towers with Radar,1,3,64,0,68,0,0,215,20,235,1,3,279,20,303,8,0,8,311
07/08/2018,ADS,TX,ASW,CE,Towers with Radar,3,23,77,1,104,0,2,163,8,173,3,25,240,9,277,6,0,6,283
07/09/2018,ADS,TX,ASW,CE,Towers with Radar,0,19,82,0,101,0,1,105,5,111,0,20,187,5,212,22,0,22,234
07/10/2018,ADS,TX,ASW,CE,Towers with Radar,0,28,98,0,126,0,2,141,9,152,0,30,239,9,278,0,0,0,278
07/11/2018,ADS,TX,ASW,CE,Towers with Radar,0,24,91,0,115,0,5,141,10,156,0,29,232,10,271,0,0,0,271
07/12/2018,ADS,TX,ASW,CE,Towers with Radar,0,25,82,2,109,0,6,140,10,156,0,31,222,12,265,12,0,12,277
07/13/2018,ADS,TX,ASW,CE,Towers with Radar,0,14,91,0,105,0,6,211,19,236,0,20,302,19,341,0,0,0,341
07/14/2018,ADS,TX,ASW,CE,Towers with Radar,0,13,58,0,71,0,3,243,23,269,0,16,301,23,340,0,0,0,340
07/15/2018,ADS,TX,ASW,CE,Towers with Radar,0,21,60,0,81,0,0,199,16,215,0,21,259,16,296,16,0,16,312
07/16/2018,ADS,TX,ASW,CE,Towers with Radar,0,24,81,0,105,0,5,178,14,197,0,29,259,14,302,2,0,2,304
07/17/2018,ADS,TX,ASW,CE,Towers with Radar,0,31,61,0,92,0,2,218,19,239,0,33,279,19,331,1,0,1,332
07/18/2018,ADS,TX,ASW,CE,Towers with Radar,0,24,71,0,95,0,8,230,16,254,0,32,301,16,349,1,0,1,350
07/19/2018,ADS,TX,ASW,CE,Towers with Radar,0,23,69,0,92,0,5,202,18,225,0,28,271,18,317,0,0,0,317
07/20/2018,ADS,TX,ASW,CE,Towers with Radar,0,16,90,0,106,0,1,221,14,236,0,17,311,14,342,0,0,0,342
07/21/2018,ADS,TX,ASW,CE,Towers with Radar,0,9,47,0,56,0,1,196,21,218,0,10,243,21,274,0,0,0,274
07/22/2018,ADS,TX,ASW,CE,Towers with Radar,0,13,68,0,81,0,2,165,16,183,0,15,233,16,264,4,0,4,268
07/23/2018,ADS,TX,ASW,CE,Towers with Radar,0,17,74,0,91,0,5,137,16,158,0,22,211,16,249,0,0,0,249
07/24/2018,ADS,TX,ASW,CE,Towers with Radar,0,15,91,0,106,0,4,153,16,173,0,19,244,16,279,0,0,0,279
07/25/2018,ADS,TX,ASW,CE,Towers with Radar,0,20,85,0,105,0,4,236,15,255,0,24,321,15,360,0,0,0,360
07/26/2018,ADS,TX,ASW,CE,Towers with Radar,1,16,106,0,123,0,8,201,16,225,1,24,307,16,348,6,0,6,354
07/27/2018,ADS,TX,ASW,CE,Towers with Radar,0,22,72,0,94,0,3,200,17,220,0,25,272,17,314,0,0,0,314
07/28/2018,ADS,TX,ASW,CE,Towers with Radar,0,14,64,0,78,0,2,167,18,187,0,16,231,18,265,0,0,0,265
07/29/2018,ADS,TX,ASW,CE,Towers with Radar,0,15,70,0,85,0,0,133,13,146,0,15,203,13,231,16,0,16,247
07/30/2018,ADS,TX,ASW,CE,Towers with Radar,0,24,56,0,80,0,1,78,9,88,0,25,134,9,168,4,0,4,172
07/31/2018,ADS,TX,ASW,CE,Towers with Radar,0,19,115,0,134,0,4,186,21,211,0,23,301,21,345,0,0,0,345
08/01/2018,ADS,TX,ASW,CE,Towers with Radar,0,19,101,0,120,0,8,242,5,255,0,27,343,5,375,21,0,21,396
08/02/2018,ADS,TX,ASW,CE,Towers with Radar,0,22,94,0,116,0,3,247,0,250,0,25,341,0,366,8,0,8,374
08/03/2018,ADS,TX,ASW,CE,Towers with Radar,2,12,69,0,83,0,3,254,1,258,2,15,323,1,341,0,0,0,341
08/04/2018,ADS,TX,ASW,CE,Towers with Radar,0,6,62,0,68,0,0,252,1,253,0,6,314,1,321,0,0,0,321
08/05/2018,ADS,TX,ASW,CE,Towers with Radar,0,5,81,0,86,0,0,235,0,235,0,5,316,0,321,0,0,0,321
08/06/2018,ADS,TX,ASW,CE,Towers with Radar,0,19,84,0,103,0,7,220,1,228,0,26,304,1,331,0,0,0,331
08/07/2018,ADS,TX,ASW,CE,Towers with Radar,2,15,88,0,105,0,4,227,0,231,2,19,315,0,336,10,0,10,346
08/08/2018,ADS,TX,ASW,CE,Towers with Radar,0,22,97,0,119,0,7,190,3,200,0,29,287,3,319,4,0,4,323
08/09/2018,ADS,TX,ASW,CE,Towers with Radar,0,29,90,0,119,0,1,191,0,192,0,30,281,0,311,8,0,8,319
08/10/2018,ADS,TX,ASW,CE,Towers with Radar,0,19,74,0,93,0,3,160,0,163,0,22,234,0,256,16,0,16,272
08/11/2018,ADS,TX,ASW,CE,Towers with Radar,0,11,57,0,68,0,0,40,0,40,0,11,97,0,108,0,0,0,108
08/12/2018,ADS,TX,ASW,CE,Towers with Radar,1,16,96,0,113,0,0,29,0,29,1,16,125,0,142,0,0,0,142
08/13/2018,ADS,TX,ASW,CE,Towers with Radar,2,23,69,0,94,0,2,13,0,15,2,25,82,0,109,8,0,8,117
08/14/2018,ADS,TX,ASW,CE,Towers with Radar,0,19,86,0,105,0,2,184,0,186,0,21,270,0,291,6,0,6,297
08/15/2018,ADS,TX,ASW,CE,Towers with Radar,0,19,109,0,128,0,3,280,0,283,0,22,389,0,411,0,0,0,411
08/16/2018,ADS,TX,ASW,CE,Towers with Radar,0,27,95,0,122,0,7,270,2,279,0,34,365,2,401,2,0,2,403
08/17/2018,ADS,TX,ASW,CE,Towers with Radar,0,14,80,0,94,0,4,270,0,274,0,18,350,0,368,0,0,0,368
08/18/2018,ADS,TX,ASW,CE,Towers with Radar,0,6,50,0,56,0,2,197,1,200,0,8,247,1,256,0,0,0,256
08/19/2018,ADS,TX,ASW,CE,Towers with Radar,0,7,58,0,65,0,0,142,0,142,0,7,200,0,207,0,0,0,207
08/20/2018,ADS,TX,ASW,CE,Towers with Radar,0,11,78,0,89,0,11,220,1,232,0,22,298,1,321,0,0,0,321
08/21/2018,ADS,TX,ASW,CE,Towers with Radar,1,14,87,0,102,0,5,240,0,245,1,19,327,0,347,2,0,2,349
08/22/2018,ADS,TX,ASW,CE,Towers with Radar,0,26,121,0,147,0,7,252,0,259,0,33,373,0,406,6,0,6,412
08/23/2018,ADS,TX,ASW,CE,Towers with Radar,0,19,124,0,143,0,4,256,1,261,0,23,380,1,404,0,0,0,404
08/24/2018,ADS,TX,ASW,CE,Towers with Radar,1,8,84,0,93,0,3,237,0,240,1,11,321,0,333,6,0,6,339
08/25/2018,ADS,TX,ASW,CE,Towers with Radar,1,16,47,0,64,0,2,247,0,249,1,18,294,0,313,2,0,2,315
08/26/2018,ADS,TX,ASW,CE,Towers with Radar,1,15,86,0,102,0,0,243,0,243,1,15,329,0,345,2,0,2,347
08/27/2018,ADS,TX,ASW,CE,Towers with Radar,0,21,87,0,108,0,3,199,0,202,0,24,286,0,310,2,0,2,312
08/28/2018,ADS,TX,ASW,CE,Towers with Radar,0,8,86,0,94,0,3,224,1,228,0,11,310,1,322,21,0,21,343
08/29/2018,ADS,TX,ASW,CE,Towers with Radar,1,15,120,0,136,0,3,228,0,231,1,18,348,0,367,12,0,12,379
08/30/2018,ADS,TX,ASW,CE,Towers with Radar,1,11,103,0,115,0,2,261,2,265,1,13,364,2,380,0,0,0,380
08/31/2018,ADS,TX,ASW,CE,Towers with Radar,1,18,96,0,115,0,7,211,0,218,1,25,307,0,333,6,0,6,339
09/01/2018,ADS,TX,ASW,CE,Towers with Radar,0,8,75,0,83,0,2,242,0,244,0,10,317,0,327,0,0,0,327
09/02/2018,ADS,TX,ASW,CE,Towers with Radar,0,12,66,0,78,0,0,155,1,156,0,12,221,1,234,0,0,0,234
09/03/2018,ADS,TX,ASW,CE,Towers with Radar,0,14,95,0,109,0,0,10,0,10,0,14,105,0,119,0,0,0,119
09/04/2018,ADS,TX,ASW,CE,Towers with Radar,0,21,115,0,136,0,2,87,0,89,0,23,202,0,225,11,0,11,236
09/05/2018,ADS,TX,ASW,CE,Towers with Radar,0,17,95,0,112,0,1,183,0,184,0,18,278,0,296,66,0,66,362
09/06/2018,ADS,TX,ASW,CE,Towers with Radar,0,19,112,0,131,0,4,178,0,182,0,23,290,0,313,46,0,46,359
09/07/2018,ADS,TX,ASW,CE,Towers with Radar,0,21,91,0,112,0,1,127,0,128,0,22,218,0,240,0,0,0,240
09/08/2018,ADS,TX,ASW,CE,Towers with Radar,0,11,75,1,87,0,0,2,0,2,0,11,77,1,89,0,0,0,89
09/09/2018,ADS,TX,ASW,CE,Towers with Radar,0,9,103,0,112,0,2,56,0,58,0,11,159,0,170,0,0,0,170
09/10/2018,ADS,TX,ASW,CE,Towers with Radar,0,24,131,0,155,0,0,31,0,31,0,24,162,0,186,14,0,14,200
09/11/2018,ADS,TX,ASW,CE,Towers with Radar,0,18,90,0,108,0,0,30,0,30,0,18,120,0,138,0,0,0,138
09/12/2018,ADS,TX,ASW,CE,Towers with Radar,0,18,151,0,169,0,2,82,0,84,0,20,233,0,253,0,0,0,253
09/13/2018,ADS,TX,ASW,CE,Towers with Radar,0,21,153,0,174,0,4,121,1,126,0,25,274,1,300,8,0,8,308
09/14/2018,ADS,TX,ASW,CE,Towers with Radar,0,23,110,0,133,0,4,121,1,126,0,27,231,1,259,0,0,0,259
09/15/2018,ADS,TX,ASW,CE,Towers with Radar,0,5,65,0,70,0,1,177,0,178,0,6,242,0,248,0,0,0,248
09/16/2018,ADS,TX,ASW,CE,Towers with Radar,0,19,81,0,100,0,0,250,0,250,0,19,331,0,350,0,0,0,350
09/17/2018,ADS,TX,ASW,CE,Towers with Radar,0,13,99,0,112,0,2,243,0,245,0,15,342,0,357,0,0,0,357
09/18/2018,ADS,TX,ASW,CE,Towers with Radar,0,24,106,0,130,0,2,256,0,258,0,26,362,0,388,0,0,0,388
09/19/2018,ADS,TX,ASW,CE,Towers with Radar,2,27,107,0,136,0,16,288,1,305,2,43,395,1,441,21,0,21,462
09/20/2018,ADS,TX,ASW,CE,Towers with Radar,0,24,104,0,128,0,5,222,0,227,0,29,326,0,355,2,0,2,357
09/21/2018,ADS,TX,ASW,CE,Towers with Radar,0,27,85,0,112,0,0,6,0,6,0,27,91,0,118,0,0,0,118
09/22/2018,ADS,TX,ASW,CE,Towers with Radar,0,9,62,0,71,0,0,2,0,2,0,9,64,0,73,0,0,0,73
09/23/2018,ADS,TX,ASW,CE,Towers with Radar,0,15,72,0,87,0,0,0,0,0,0,15,72,0,87,0,0,0,87
09/24/2018,ADS,TX,ASW,CE,Towers with Radar,0,16,108,0,124,0,5,75,0,80,0,21,183,0,204,30,0,30,234
09/25/2018,ADS,TX,ASW,CE,Towers with Radar,0,22,128,0,150,0,4,197,2,203,0,26,325,2,353,6,0,6,359
09/26/2018,ADS,TX,ASW,CE,Towers with Radar,0,24,133,0,157,0,1,79,0,80,0,25,212,0,237,0,0,0,237
09/27/2018,ADS,TX,ASW,CE,Towers with Radar,0,33,128,0,161,0,5,251,0,256,0,38,379,0,417,5,0,5,422
09/28/2018,ADS,TX,ASW,CE,Towers with Radar,0,14,159,0,173,0,2,87,0,89,0,16,246,0,262,2,0,2,264
09/29/2018,ADS,TX,ASW,CE,Towers with Radar,0,17,64,0,81,0,0,18,0,18,0,17,82,0,99,0,0,0,99
09/30/2018,ADS,TX,ASW,CE,Towers with Radar,0,13,131,0,144,0,0,122,0,122,0,13,253,0,266,2,0,2,268
10/01/2018,ADS,TX,ASW,CE,Towers with Radar,0,20,93,0,113,0,1,165,0,166,0,21,258,0,279,164,0,164,443
10/02/2018,ADS,TX,ASW,CE,Towers with Radar,0,24,127,1,152,0,3,135,1,139,0,27,262,2,291,16,0,16,307
10/03/2018,ADS,TX,ASW,CE,Towers with Radar,0,14,120,0,134,0,3,181,1,185,0,17,301,1,319,16,0,16,335
10/04/2018,ADS,TX,ASW,CE,Towers with Radar,0,27,131,1,159,0,8,284,1,293,0,35,415,2,452,20,0,20,472
10/05/2018,ADS,TX,ASW,CE,Towers with Radar,1,27,100,0,128,0,4,215,0,219,1,31,315,0,347,26,0,26,373
10/06/2018,ADS,TX,ASW,CE,Towers with Radar,0,17,91,0,108,0,0,85,1,86,0,17,176,1,194,10,0,10,204
10/07/2018,ADS,TX,ASW,CE,Towers with Radar,0,25,89,0,114,0,2,60,0,62,0,27,149,0,176,0,0,0,176
10/08/2018,ADS,TX,ASW,CE,Towers with Radar,0,21,113,0,134,0,3,23,0,26,0,24,136,0,160,12,0,12,172
10/09/2018,ADS,TX,ASW,CE,Towers with Radar,0,19,58,0,77,0,1,0,0,1,0,20,58,0,78,0,0,0,78
10/10/2018,ADS,TX,ASW,CE,Towers with Radar,0,24,118,0,142,0,6,310,1,317,0,30,428,1,459,10,0,10,469
10/11/2018,ADS,TX,ASW,CE,Towers with Radar,2,17,115,0,134,0,6,356,0,362,2,23,471,0,496,20,0,20,516
10/12/2018,ADS,TX,ASW,CE,Towers with Radar,0,16,134,0,150,0,1,131,1,133,0,17,265,1,283,0,0,0,283
10/13/2018,ADS,TX,ASW,CE,Towers with Radar,0,7,52,0,59,0,0,0,0,0,0,7,52,0,59,0,0,0,59
10/14/2018,ADS,TX,ASW,CE,Towers with Radar,0,21,103,0,124,0,0,18,0,18,0,21,121,0,142,12,0,12,154
10/15/2018,ADS,TX,ASW,CE,Towers with Radar,0,15,51,0,66,0,0,0,0,0,0,15,51,0,66,0,0,0,66
10/16/2018,ADS,TX,ASW,CE,Towers with Radar,3,14,108,0,125,0,0,7,0,7,3,14,115,0,132,0,0,0,132
10/17/2018,ADS,TX,ASW,CE,Towers with Radar,0,25,140,0,165,0,4,114,0,118,0,29,254,0,283,11,0,11,294
10/18/2018,ADS,TX,ASW,CE,Towers with Radar,0,29,123,0,152,0,5,220,0,225,0,34,343,0,377,6,0,6,383
10/19/2018,ADS,TX,ASW,CE,Towers with Radar,0,26,126,0,152,0,0,6,0,6,0,26,132,0,158,0,0,0,158
10/20/2018,ADS,TX,ASW,CE,Towers with Radar,0,23,95,0,118,0,1,157,0,158,0,24,252,0,276,21,0,21,297
10/21/2018,ADS,TX,ASW,CE,Towers with Radar,0,21,81,0,102,0,0,273,1,274,0,21,354,1,376,1,0,1,377
10/22/2018,ADS,TX,ASW,CE,Towers with Radar,0,15,119,0,134,0,3,200,3,206,0,18,319,3,340,0,0,0,340
10/23/2018,ADS,TX,ASW,CE,Towers with Radar,0,20,101,0,121,0,5,259,0,264,0,25,360,0,385,63,0,63,448
10/24/2018,ADS,TX,ASW,CE,Towers with Radar,0,34,135,0,169,0,0,54,0,54,0,34,189,0,223,9,0,9,232
10/25/2018,ADS,TX,ASW,CE,Towers with Radar,0,31,162,0,193,0,3,37,0,40,0,34,199,0,233,5,0,5,238
10/26/2018,ADS,TX,ASW,CE,Towers with Radar,0,31,117,0,148,0,6,296,1,303,0,37,413,1,451,13,0,13,464
10/27/2018,ADS,TX,ASW,CE,Towers with Radar,0,10,73,0,83,0,0,318,0,318,0,10,391,0,401,0,0,0,401
10/28/2018,ADS,TX,ASW,CE,Towers with Radar,0,23,94,1,118,0,1,258,0,259,0,24,352,1,377,4,0,4,381
10/29/2018,ADS,TX,ASW,CE,Towers with Radar,0,23,95,0,118,0,11,240,1,252,0,34,335,1,370,1,0,1,371
10/30/2018,ADS,TX,ASW,CE,Towers with Radar,0,24,126,0,150,0,3,74,1,78,0,27,200,1,228,7,0,7,235
10/31/2018,ADS,TX,ASW,CE,Towers with Radar,2,18,73,0,93,0,0,4,0,4,2,18,77,0,97,22,0,22,119
11/01/2018,ADS,TX,ASW,CE,Towers with Radar,1,17,130,0,148,0,7,254,0,261,1,24,384,0,409,14,0,14,423
11/02/2018,ADS,TX,ASW,CE,Towers with Radar,0,11,106,0,117,0,3,275,4,282,0,14,381,4,399,0,0,0,399
11/03/2018,ADS,TX,ASW,CE,Towers with Radar,0,11,69,0,80,0,1,122,0,123,0,12,191,0,203,0,0,0,203
11/04/2018,ADS,TX,ASW,CE,Towers with Radar,0,18,95,0,113,0,0,225,3,228,0,18,320,3,341,2,0,2,343
11/05/2018,ADS,TX,ASW,CE,Towers with Radar,0,16,99,0,115,0,4,122,0,126,0,20,221,0,241,3,0,3,244
11/06/2018,ADS,TX,ASW,CE,Towers with Radar,0,36,111,0,147,0,1,133,2,136,0,37,244,2,283,6,0,6,289
11/07/2018,ADS,TX,ASW,CE,Towers with Radar,0,29,155,0,184,0,0,7,0,7,0,29,162,0,191,0,0,0,191
11/08/2018,ADS,TX,ASW,CE,Towers with Radar,0,27,139,2,168,0,0,10,0,10,0,27,149,2,178,1,0,1,179
11/09/2018,ADS,TX,ASW,CE,Towers with Radar,0,20,116,0,136,0,2,239,6,247,0,22,355,6,383,4,0,4,387
11/10/2018,ADS,TX,ASW,CE,Towers with Radar,0,13,52,0,65,0,0,305,1,306,0,13,357,1,371,0,0,0,371
11/11/2018,ADS,TX,ASW,CE,Towers with Radar,0,17,79,0,96,0,0,143,0,143,0,17,222,0,239,4,0,4,243
11/12/2018,ADS,TX,ASW,CE,Towers with Radar,0,19,82,1,102,0,0,1,0,1,0,19,83,1,103,0,0,0,103
11/13/2018,ADS,TX,ASW,CE,Towers with Radar,1,19,96,0,116,0,7,171,6,184,1,26,267,6,300,2,0,2,302
11/14/2018,ADS,TX,ASW,CE,Towers with Radar,0,27,109,0,136,0,9,296,0,305,0,36,405,0,441,18,0,18,459
11/15/2018,ADS,TX,ASW,CE,Towers with Radar,0,32,119,2,153,0,7,302,2,311,0,39,421,4,464,0,0,0,464
11/16/2018,ADS,TX,ASW,CE,Towers with Radar,0,23,125,0,148,0,9,319,0,328,0,32,444,0,476,0,0,0,476
11/17/2018,ADS,TX,ASW,CE,Towers with Radar,0,14,71,0,85,0,1,310,1,312,0,15,381,1,397,0,0,0,397
11/18/2018,ADS,TX,ASW,CE,Towers with Radar,0,17,92,0,109,0,0,15,0,15,0,17,107,0,124,0,0,0,124
11/19/2018,ADS,TX,ASW,CE,Towers with Radar,1,21,100,0,122,0,4,257,0,261,1,25,357,0,383,6,0,6,389
11/20/2018,ADS,TX,ASW,CE,Towers with Radar,0,19,84,0,103,0,5,278,3,286,0,24,362,3,389,6,0,6,395
11/21/2018,ADS,TX,ASW,CE,Towers with Radar,1,15,84,0,100,0,3,257,0,260,1,18,341,0,360,42,0,42,402
11/22/2018,ADS,TX,ASW,CE,Towers with Radar,0,10,38,0,48,0,6,112,1,119,0,16,150,1,167,51,0,51,218
11/23/2018,ADS,TX,ASW,CE,Towers with Radar,0,12,59,0,71,0,2,64,0,66,0,14,123,0,137,10,0,10,147
11/24/2018,ADS,TX,ASW,CE,Towers with Radar,0,12,72,0,84,0,0,226,0,226,0,12,298,0,310,7,0,7,317
11/25/2018,ADS,TX,ASW,CE,Towers with Radar,0,14,78,0,92,0,0,62,0,62,0,14,140,0,154,0,0,0,154
11/26/2018,ADS,TX,ASW,CE,Towers with Radar,0,6,89,1,96,0,3,202,4,209,0,9,291,5,305,29,0,29,334
11/27/2018,ADS,TX,ASW,CE,Towers with Radar,0,12,105,0,117,0,6,275,0,281,0,18,380,0,398,35,0,35,433
11/28/2018,ADS,TX,ASW,CE,Towers with Radar,0,18,86,0,104,0,4,235,0,239,0,22,321,0,343,3,0,3,346
11/29/2018,ADS,TX,ASW,CE,Towers with Radar,0,17,119,0,136,0,6,205,0,211,0,23,324,0,347,0,0,0,347
11/30/2018,ADS,TX,ASW,CE,Towers with Radar,0,24,117,0,141,0,3,67,1,71,0,27,184,1,212,37,0,37,249
12/01/2018,ADS,TX,ASW,CE,Towers with Radar,0,12,56,0,68,0,1,193,1,195,0,13,249,1,263,0,0,0,263
12/02/2018,ADS,TX,ASW,CE,Towers with Radar,0,13,55,0,68,0,0,272,0,272,0,13,327,0,340,4,0,4,344
12/03/2018,ADS,TX,ASW,CE,Towers with Radar,0,24,103,0,127,0,5,250,2,257,0,29,353,2,384,0,0,0,384
12/04/2018,ADS,TX,ASW,CE,Towers with Radar,1,27,107,0,135,0,3,253,1,257,1,30,360,1,392,0,0,0,392
12/05/2018,ADS,TX,ASW,CE,Towers with Radar,0,27,119,0,146,0,2,273,2,277,0,29,392,2,423,19,0,19,442
12/06/2018,ADS,TX,ASW,CE,Towers with Radar,0,30,97,0,127,0,0,21,0,21,0,30,118,0,148,0,0,0,148
12/07/2018,ADS,TX,ASW,CE,Towers with Radar,0,15,62,0,77,0,0,0,0,0,0,15,62,0,77,0,0,0,77
12/08/2018,ADS,TX,ASW,CE,Towers with Radar,0,11,42,0,53,0,0,0,0,0,0,11,42,0,53,0,0,0,53
12/09/2018,ADS,TX,ASW,CE,Towers with Radar,1,15,71,0,87,0,3,213,0,216,1,18,284,0,303,0,0,0,303
12/10/2018,ADS,TX,ASW,CE,Towers with Radar,0,29,92,0,121,0,3,263,0,266,0,32,355,0,387,5,0,5,392
12/11/2018,ADS,TX,ASW,CE,Towers with Radar,0,30,89,0,119,0,3,254,0,257,0,33,343,0,376,0,0,0,376
12/12/2018,ADS,TX,ASW,CE,Towers with Radar,0,14,154,0,168,0,2,167,1,170,0,16,321,1,338,1,0,1,339
12/13/2018,ADS,TX,ASW,CE,Towers with Radar,0,25,103,0,128,0,0,4,0,4,0,25,107,0,132,0,0,0,132
12/14/2018,ADS,TX,ASW,CE,Towers with Radar,1,17,116,0,134,0,0,17,0,17,1,17,133,0,151,0,0,0,151
12/15/2018,ADS,TX,ASW,CE,Towers with Radar,0,7,71,0,78,0,5,315,0,320,0,12,386,0,398,10,0,10,408
12/16/2018,ADS,TX,ASW,CE,Towers with Radar,1,14,80,0,95,0,3,220,0,223,1,17,300,0,318,12,0,12,330
12/17/2018,ADS,TX,ASW,CE,Towers with Radar,0,19,97,0,116,0,4,234,0,238,0,23,331,0,354,2,0,2,356
12/18/2018,ADS,TX,ASW,CE,Towers with Radar,0,13,133,0,146,0,3,223,1,227,0,16,356,1,373,27,0,27,400
12/19/2018,ADS,TX,ASW,CE,Towers with Radar,0,16,110,0,126,0,1,42,0,43,0,17,152,0,169,16,0,16,185
12/20/2018,ADS,TX,ASW,CE,Towers with Radar,0,22,83,0,105,0,7,106,0,113,0,29,189,0,218,2,0,2,220
12/21/2018,ADS,TX,ASW,CE,Towers with Radar,1,16,93,0,110,0,7,334,0,341,1,23,427,0,451,7,0,7,458
12/22/2018,ADS,TX,ASW,CE,Towers with Radar,0,11,72,0,83,0,0,215,0,215,0,11,287,0,298,0,0,0,298
12/23/2018,ADS,TX,ASW,CE,Towers with Radar,0,10,75,0,85,0,0,179,1,180,0,10,254,1,265,0,0,0,265
12/24/2018,ADS,TX,ASW,CE,Towers with Radar,0,10,20,0,30,0,1,91,0,92,0,11,111,0,122,22,0,22,144
12/25/2018,ADS,TX,ASW,CE,Towers with Radar,0,12,23,0,35,0,0,3,0,3,0,12,26,0,38,34,0,34,72
12/26/2018,ADS,TX,ASW,CE,Towers with Radar,0,13,69,0,82,0,0,9,0,9,0,13,78,0,91,0,0,0,91
12/27/2018,ADS,TX,ASW,CE,Towers with Radar,0,15,92,2,109,0,5,153,0,158,0,20,245,2,267,6,0,6,273
12/28/2018,ADS,TX,ASW,CE,Towers with Radar,0,12,83,0,95,0,1,262,2,265,0,13,345,2,360,21,0,21,381
12/29/2018,ADS,TX,ASW,CE,Towers with Radar,0,17,62,0,79,0,0,177,0,177,0,17,239,0,256,23,0,23,279
12/30/2018,ADS,TX,ASW,CE,Towers with Radar,0,17,84,0,101,0,0,29,0,29,0,17,113,0,130,5,0,5,135
12/31/2018,ADS,TX,ASW,CE,Towers with Radar,0,9,38,0,47,0,3,144,0,147,0,12,182,0,194,4,0,4,198
01/01/2019,ADS,TX,ASW,CE,Towers with Radar,0,16,52,0,68,0,0,16,0,16,0,16,68,0,84,0,0,0,84
01/02/2019,ADS,TX,ASW,CE,Towers with Radar,0,11,50,0,61,0,0,0,0,0,0,11,50,0,61,0,0,0,61
01/03/2019,ADS,TX,ASW,CE,Towers with Radar,0,23,63,0,86,0,0,0,0,0,0,23,63,0,86,0,0,0,86
01/04/2019,ADS,TX,ASW,CE,Towers with Radar,1,17,107,2,127,0,3,251,4,258,1,20,358,6,385,16,0,16,401
01/05/2019,ADS,TX,ASW,CE,Towers with Radar,0,16,78,0,94,0,0,300,2,302,0,16,378,2,396,17,0,17,413
01/06/2019,ADS,TX,ASW,CE,Towers with Radar,0,13,90,2,105,0,0,218,1,219,0,13,308,3,324,31,0,31,355
01/07/2019,ADS,TX,ASW,CE,Towers with Radar,1,6,99,0,106,0,5,159,0,164,1,11,258,0,270,30,0,30,300
01/08/2019,ADS,TX,ASW,CE,Towers with Radar,0,8,88,0,96,0,4,197,1,202,0,12,285,1,298,11,0,11,309
01/09/2019,ADS,TX,ASW,CE,Towers with Radar,0,13,87,2,102,0,6,295,6,307,0,19,382,8,409,8,0,8,417
01/10/2019,ADS,TX,ASW,CE,Towers with Radar,0,22,97,0,119,0,3,214,0,217,0,25,311,0,336,6,0,6,342
01/11/2019,ADS,TX,ASW,CE,Towers with Radar,0,11,89,0,100,0,0,62,0,62,0,11,151,0,162,0,0,0,162
01/12/2019,ADS,TX,ASW,CE,Towers with Radar,1,9,44,0,54,0,2,80,0,82,1,11,124,0,136,27,0,27,163
01/13/2019,ADS,TX,ASW,CE,Towers with Radar,0,13,54,0,67,0,0,64,1,65,0,13,118,1,132,20,0,20,152
01/14/2019,ADS,TX,ASW,CE,Towers with Radar,0,25,81,0,106,0,5,117,0,122,0,30,198,0,228,3,0,3,231
01/15/2019,ADS,TX,ASW,CE,Towers with Radar,0,24,106,0,130,0,5,249,0,254,0,29,355,0,384,20,0,20,404
01/16/2019,ADS,TX,ASW,CE,Towers with Radar,0,22,135,0,157,0,1,13,0,14,0,23,148,0,171,4,0,4,175
01/17/2019,ADS,TX,ASW,CE,Towers with Radar,0,20,121,0,141,0,5,174,0,179,0,25,295,0,320,16,0,16,336
01/18/2019,ADS,TX,ASW,CE,Towers with Radar,1,23,122,0,146,0,3,97,0,100,1,26,219,0,246,33,0,33,279
01/19/2019,ADS,TX,ASW,CE,Towers with Radar,2,10,33,0,45,0,0,12,0,12,2,10,45,0,57,0,0,0,57
01/20/2019,ADS,TX,ASW,CE,Towers with Radar,0,9,64,1,74,0,0,312,0,312,0,9,376,1,386,31,0,31,417
01/21/2019,ADS,TX,ASW,CE,Towers with Radar,1,11,65,0,77,0,2,132,0,134,1,13,197,0,211,20,0,20,231
01/22/2019,ADS,TX,ASW,CE,Towers with Radar,0,25,105,0,130,0,1,41,0,42,0,26,146,0,172,44,0,44,216
01/23/2019,ADS,TX,ASW,CE,Towers with Radar,2,19,80,0,101,0,6,242,0,248,2,25,322,0,349,33,0,33,382
01/24/2019,ADS,TX,ASW,CE,Towers with Radar,0,21,122,0,143,0,6,343,0,349,0,27,465,0,492,0,0,0,492
01/25/2019,ADS,TX,ASW,CE,Towers with Radar,0,18,103,1,122,0,19,298,0,317,0,37,401,1,439,0,0,0,439
01/26/2019,ADS,TX,ASW,CE,Towers with Radar,0,14,65,0,79,0,4,288,0,292,0,18,353,0,371,4,0,4,375
01/27/2019,ADS,TX,ASW,CE,Towers with Radar,0,21,86,0,107,0,2,284,1,287,0,23,370,1,394,21,0,21,415
01/28/2019,ADS,TX,ASW,CE,Towers with Radar,0,11,89,0,100,0,2,192,0,194,0,13,281,0,294,2,0,2,296
01/29/2019,ADS,TX,ASW,CE,Towers with Radar,1,11,95,0,107,0,8,294,2,304,1,19,389,2,411,1,0,1,412
01/30/2019,ADS,TX,ASW,CE,Towers with Radar,0,23,74,0,97,0,2,259,0,261,0,25,333,0,358,25,0,25,383
01/31/2019,ADS,TX,ASW,CE,Towers with Radar,0,26,103,0,129,0,1,125,0,126,0,27,228,0,255,53,0,53,308
02/01/2019,ADS,TX,ASW,CE,Towers with Radar,0,22,107,0,129,0,1,20,0,21,0,23,127,0,150,90,0,90,240
02/02/2019,ADS,TX,ASW,CE,Towers with Radar,0,9,65,0,74,0,0,11,0,11,0,9,76,0,85,2,0,2,87
02/03/2019,ADS,TX,ASW,CE,Towers with Radar,1,12,78,0,91,0,0,54,0,54,1,12,132,0,145,34,0,34,179
02/04/2019,ADS,TX,ASW,CE,Towers with Radar,1,23,111,1,136,0,3,297,2,302,1,26,408,3,438,21,0,21,459
02/05/2019,ADS,TX,ASW,CE,Towers with Radar,0,27,114,2,143,0,7,97,0,104,0,34,211,2,247,30,0,30,277
02/06/2019,ADS,TX,ASW,CE,Towers with Radar,0,23,87,1,111,0,3,24,0,27,0,26,111,1,138,26,0,26,164
02/07/2019,ADS,TX,ASW,CE,Towers with Radar,0,18,98,0,116,0,5,65,1,71,0,23,163,1,187,8,0,8,195
02/08/2019,ADS,TX,ASW,CE,Towers with Radar,0,12,86,0,98,0,5,231,0,236,0,17,317,0,334,11,0,11,345
02/09/2019,ADS,TX,ASW,CE,Towers with Radar,0,17,66,0,83,0,0,80,0,80,0,17,146,0,163,0,0,0,163
02/10/2019,ADS,TX,ASW,CE,Towers with Radar,0,18,44,0,62,0,0,0,0,0,0,18,44,0,62,0,0,0,62
02/11/2019,ADS,TX,ASW,CE,Towers with Radar,0,16,88,2,106,0,1,5,0,6,0,17,93,2,112,0,0,0,112
02/12/2019,ADS,TX,ASW,CE,Towers with Radar,1,15,98,0,114,1,8,315,1,325,2,23,413,1,439,43,0,43,482
02/13/2019,ADS,TX,ASW,CE,Towers with Radar,0,13,102,0,115,0,11,246,1,258,0,24,348,1,373,0,0,0,373
02/14/2019,ADS,TX,ASW,CE,Towers with Radar,0,15,89,0,104,0,5,154,2,161,0,20,243,2,265,14,0,14,279
02/15/2019,ADS,TX,ASW,CE,Towers with Radar,0,13,106,1,120,0,4,315,0,319,0,17,421,1,439,6,0,6,445
02/16/2019,ADS,TX,ASW,CE,Towers with Radar,1,9,53,1,64,0,0,11,0,11,1,9,64,1,75,0,0,0,75
02/17/2019,ADS,TX,ASW,CE,Towers with Radar,0,8,76,0,84,0,2,201,1,204,0,10,277,1,288,0,0,0,288
02/18/2019,ADS,TX,ASW,CE,Towers with Radar,0,14,91,0,105,0,2,213,0,215,0,16,304,0,320,6,0,6,326
02/19/2019,ADS,TX,ASW,CE,Towers with Radar,0,18,58,0,76,0,0,3,0,3,0,18,61,0,79,0,0,0,79
02/20/2019,ADS,TX,ASW,CE,Towers with Radar,0,15,115,0,130,0,8,276,0,284,0,23,391,0,414,4,0,4,418
02/21/2019,ADS,TX,ASW,CE,Towers with Radar,0,14,94,0,108,0,2,118,0,120,0,16,212,0,228,20,0,20,248
02/22/2019,ADS,TX,ASW,CE,Towers with Radar,1,23,72,0,96,0,0,0,0,0,1,23,72,0,96,0,0,0,96
02/23/2019,ADS,TX,ASW,CE,Towers with Radar,0,13,39,0,52,0,3,44,0,47,0,16,83,0,99,1,0,1,100
02/24/2019,ADS,TX,ASW,CE,Towers with Radar,0,13,88,1,102,0,2,382,0,384,0,15,470,1,486,21,0,21,507
02/25/2019,ADS,TX,ASW,CE,Towers with Radar,0,18,86,0,104,0,6,220,2,228,0,24,306,2,332,7,0,7,339
02/26/2019,ADS,TX,ASW,CE,Towers with Radar,0,33,163,0,196,0,1,33,0,34,0,34,196,0,230,26,0,26,256
02/27/2019,ADS,TX,ASW,CE,Towers with Radar,0,12,105,1,118,0,0,0,0,0,0,12,105,1,118,0,0,0,118
02/28/2019,ADS,TX,ASW,CE,Towers with Radar,0,27,100,0,127,0,1,32,2,35,0,28,132,2,162,0,0,0,162
03/01/2019,ADS,TX,ASW,CE,Towers with Radar,1,18,107,0,126,0,1,58,0,59,1,19,165,0,185,162,0,162,347
03/02/2019,ADS,TX,ASW,CE,Towers with Radar,0,23,44,0,67,0,0,0,0,0,0,23,44,0,67,0,0,0,67
03/03/2019,ADS,TX,ASW,CE,Towers with Radar,0,12,44,1,57,0,0,30,0,30,0,12,74,1,87,0,0,0,87
03/04/2019,ADS,TX,ASW,CE,Towers with Radar,0,22,92,1,115,0,7,227,0,234,0,29,319,1,349,5,0,5,354
03/05/2019,ADS,TX,ASW,CE,Towers with Radar,0,29,99,0,128,0,5,293,1,299,0,34,392,1,427,0,0,0,427
03/06/2019,ADS,TX,ASW,CE,Towers with Radar,0,18,101,0,119,0,9,279,1,289,0,27,380,1,408,10,0,10,418
03/07/2019,ADS,TX,ASW,CE,Towers with Radar,0,27,150,0,177,0,3,112,0,115,0,30,262,0,292,4,0,4,296
03/08/2019,ADS,TX,ASW,CE,Towers with Radar,1,19,142,0,162,0,4,263,3,270,1,23,405,3,432,10,0,10,442
03/09/2019,ADS,TX,ASW,CE,Towers with Radar,0,12,73,0,85,0,4,88,0,92,0,16,161,0,177,0,0,0,177
03/10/2019,ADS,TX,ASW,CE,Towers with Radar,0,17,73,1,91,0,0,213,3,216,0,17,286,4,307,34,0,34,341
03/11/2019,ADS,TX,ASW,CE,Towers with Radar,0,25,79,1,105,0,0,50,0,50,0,25,129,1,155,28,0,28,183
03/12/2019,ADS,TX,ASW,CE,Towers with Radar,0,12,56,0,68,0,0,0,0,0,0,12,56,0,68,0,0,0,68
03/13/2019,ADS,TX,ASW,CE,Towers with Radar,0,24,47,0,71,0,2,71,0,73,0,26,118,0,144,5,0,5,149
03/14/2019,ADS,TX,ASW,CE,Towers with Radar,0,19,89,0,108,0,8,242,1,251,0,27,331,1,359,11,0,11,370
03/15/2019,ADS,TX,ASW,CE,Towers with Radar,1,23,62,0,86,0,5,278,2,285,1,28,340,2,371,0,0,0,371
03/16/2019,ADS,TX,ASW,CE,Towers with Radar,1,11,97,0,109,0,5,334,2,341,1,16,431,2,450,19,0,19,469
03/17/2019,ADS,TX,ASW,CE,Towers with Radar,0,15,96,0,111,0,0,339,2,341,0,15,435,2,452,17,0,17,469
03/18/2019,ADS,TX,ASW,CE,Towers with Radar,0,16,86,0,102,0,5,313,1,319,0,21,399,1,421,0,0,0,421
03/19/2019,ADS,TX,ASW,CE,Towers with Radar,0,12,114,0,126,0,4,261,0,265,0,16,375,0,391,0,0,0,391
03/20/2019,ADS,TX,ASW,CE,Towers with Radar,1,26,109,1,137,0,3,250,2,255,1,29,359,3,392,15,0,15,407
03/21/2019,ADS,TX,ASW,CE,Towers with Radar,1,20,89,1,111,0,6,282,2,290,1,26,371,3,401,11,0,11,412
03/22/2019,ADS,TX,ASW,CE,Towers with Radar,0,17,94,0,111,1,4,295,0,300,1,21,389,0,411,0,0,0,411
03/23/2019,ADS,TX,ASW,CE,Towers with Radar,0,12,53,1,66,0,2,89,0,91,0,14,142,1,157,16,0,16,173
03/24/2019,ADS,TX,ASW,CE,Towers with Radar,1,19,75,0,95,0,0,114,0,114,1,19,189,0,209,0,0,0,209
03/25/2019,ADS,TX,ASW,CE,Towers with Radar,0,11,92,0,103,0,7,310,3,320,0,18,402,3,423,8,0,8,431
03/26/2019,ADS,TX,ASW,CE,Towers with Radar,1,14,124,0,139,0,3,296,2,301,1,17,420,2,440,20,0,20,460
03/27/2019,ADS,TX,ASW,CE,Towers with Radar,0,21,119,3,143,0,4,283,3,290,0,25,402,6,433,6,0,6,439
03/28/2019,ADS,TX,ASW,CE,Towers with Radar,1,21,102,0,124,0,5,181,4,190,1,26,283,4,314,13,0,13,327
03/29/2019,ADS,TX,ASW,CE,Towers with Radar,0,20,98,0,118,0,4,84,1,89,0,24,182,1,207,15,0,15,222
03/30/2019,ADS,TX,ASW,CE,Towers with Radar,0,11,42,0,53,0,0,8,0,8,0,11,50,0,61,0,0,0,61
03/31/2019,ADS,TX,ASW,CE,Towers with Radar,0,17,84,0,101,0,4,239,3,246,0,21,323,3,347,2,0,2,349
04/01/2019,ADS,TX,ASW,CE,Towers with Radar,0,15,77,0,92,0,7,303,0,310,0,22,380,0,402,12,0,12,414
04/02/2019,ADS,TX,ASW,CE,Towers with Radar,0,14,91,0,105,0,9,314,1,324,0,23,405,1,429,4,0,4,433
04/03/2019,ADS,TX,ASW,CE,Towers with Radar,0,30,121,1,152,0,4,208,1,213,0,34,329,2,365,5,0,5,370
04/04/2019,ADS,TX,ASW,CE,Towers with Radar,0,26,110,2,138,0,5,103,0,108,0,31,213,2,246,20,0,20,266
04/05/2019,ADS,TX,ASW,CE,Towers with Radar,0,33,84,2,119,0,3,281,1,285,0,36,365,3,404,23,0,23,427
04/06/2019,ADS,TX,ASW,CE,Towers with Radar,0,12,30,0,42,0,0,10,0,10,0,12,40,0,52,0,0,0,52
04/07/2019,ADS,TX,ASW,CE,Towers with Radar,0,21,72,2,95,0,0,5,0,5,0,21,77,2,100,5,0,5,105
04/08/2019,ADS,TX,ASW,CE,Towers with Radar,1,18,109,2,130,0,4,284,1,289,1,22,393,3,419,4,0,4,423
04/09/2019,ADS,TX,ASW,CE,Towers with Radar,0,26,96,0,122,0,6,346,0,352,0,32,442,0,474,2,0,2,476
04/10/2019,ADS,TX,ASW,CE,Towers with Radar,1,25,98,2,126,0,5,91,0,96,1,30,189,2,222,0,0,0,222
04/11/2019,ADS,TX,ASW,CE,Towers with Radar,1,32,93,0,126,0,3,260,0,263,1,35,353,0,389,5,0,5,394
04/12/2019,ADS,TX,ASW,CE,Towers with Radar,0,23,97,0,120,0,4,304,0,308,0,27,401,0,428,18,0,18,446
04/13/2019,ADS,TX,ASW,CE,Towers with Radar,0,7,17,0,24,0,0,0,0,0,0,7,17,0,24,0,0,0,24
04/14/2019,ADS,TX,ASW,CE,Towers with Radar,0,16,79,0,95,0,0,284,4,288,0,16,363,4,383,6,0,6,389
04/15/2019,ADS,TX,ASW,CE,Towers with Radar,0,16,103,1,120,0,2,234,1,237,0,18,337,2,357,10,0,10,367
04/16/2019,ADS,TX,ASW,CE,Towers with Radar,0,11,126,2,139,0,3,102,1,106,0,14,228,3,245,39,0,39,284
04/17/2019,ADS,TX,ASW,CE,Towers with Radar,0,37,105,3,145,0,0,8,0,8,0,37,113,3,153,0,0,0,153
04/18/2019,ADS,TX,ASW,CE,Towers with Radar,0,21,131,2,154,0,3,56,0,59,0,24,187,2,213,34,0,34,247
04/19/2019,ADS,TX,ASW,CE,Towers with Radar,0,9,75,0,84,0,4,239,2,245,0,13,314,2,329,47,0,47,376
04/20/2019,ADS,TX,ASW,CE,Towers with Radar,0,5,38,0,43,0,5,303,1,309,0,10,341,1,352,0,0,0,352
04/21/2019,ADS,TX,ASW,CE,Towers with Radar,1,13,57,0,71,0,0,144,0,144,1,13,201,0,215,4,0,4,219
04/22/2019,ADS,TX,ASW,CE,Towers with Radar,0,22,123,3,148,0,6,173,2,181,0,28,296,5,329,4,0,4,333
04/23/2019,ADS,TX,ASW,CE,Towers with Radar,0,24,120,0,144,0,1,109,1,111,0,25,229,1,255,80,0,80,335
04/24/2019,ADS,TX,ASW,CE,Towers with Radar,0,31,98,0,129,0,0,5,0,5,0,31,103,0,134,0,0,0,134
04/25/2019,ADS,TX,ASW,CE,Towers with Radar,3,21,111,0,135,0,9,307,4,320,3,30,418,4,455,34,0,34,489
04/26/2019,ADS,TX,ASW,CE,Towers with Radar,0,15,101,1,117,0,5,337,0,342,0,20,438,1,459,66,0,66,525
04/27/2019,ADS,TX,ASW,CE,Towers with Radar,2,8,66,0,76,0,0,192,0,192,2,8,258,0,268,17,0,17,285
04/28/2019,ADS,TX,ASW,CE,Towers with Radar,1,19,94,0,114,0,1,169,0,170,1,20,263,0,284,0,0,0,284
04/29/2019,ADS,TX,ASW,CE,Towers with Radar,1,37,127,0,165,0,0,151,1,152,1,37,278,1,317,34,0,34,351
04/30/2019,ADS,TX,ASW,CE,Towers with Radar,0,21,107,0,128,0,1,13,1,15,0,22,120,1,143,0,0,0,143
05/01/2019,ADS,TX,ASW,CE,Towers with Radar,0,14,123,0,137,0,0,49,0,49,0,14,172,0,186,65,0,65,251
05/02/2019,ADS,TX,ASW,CE,Towers with Radar,1,21,104,0,126,0,3,97,0,100,1,24,201,0,226,23,0,23,249
05/03/2019,ADS,TX,ASW,CE,Towers with Radar,0,17,96,0,113,0,0,201,0,201,0,17,297,0,314,40,0,40,354
05/04/2019,ADS,TX,ASW,CE,Towers with Radar,0,7,59,0,66,0,0,282,2,284,0,7,341,2,350,28,0,28,378
05/05/2019,ADS,TX,ASW,CE,Towers with Radar,1,21,77,0,99,0,3,276,2,281,1,24,353,2,380,12,0,12,392
05/06/2019,ADS,TX,ASW,CE,Towers with Radar,0,24,73,0,97,0,5,250,0,255,0,29,323,0,352,5,0,5,357
05/07/2019,ADS,TX,ASW,CE,Towers with Radar,0,25,117,0,142,0,3,84,0,87,0,28,201,0,229,28,0,28,257
05/08/2019,ADS,TX,ASW,CE,Towers with Radar,0,28,70,0,98,0,2,25,0,27,0,30,95,0,125,0,0,0,125
05/09/2019,ADS,TX,ASW,CE,Towers with Radar,0,26,157,0,183,0,4,54,2,60,0,30,211,2,243,65,0,65,308
05/10/2019,ADS,TX,ASW,CE,Towers with Radar,0,15,137,0,152,0,1,99,2,102,0,16,236,2,254,40,0,40,294
05/11/2019,ADS,TX,ASW,CE,Towers with Radar,0,5,55,0,60,0,0,14,0,14,0,5,69,0,74,0,0,0,74
05/12/2019,ADS,TX,ASW,CE,Towers with Radar,0,4,65,2,71,0,0,296,0,296,0,4,361,2,367,26,0,26,393
05/13/2019,ADS,TX,ASW,CE,Towers with Radar,0,17,98,2,117,0,3,377,0,380,0,20,475,2,497,51,0,51,548
05/14/2019,ADS,TX,ASW,CE,Towers with Radar,0,25,116,1,142,0,6,308,1,315,0,31,424,2,457,42,0,42,499
05/15/2019,ADS,TX,ASW,CE,Towers with Radar,0,16,104,1,121,0,3,316,3,322,0,19,420,4,443,15,0,15,458
05/16/2019,ADS,TX,ASW,CE,Towers with Radar,1,26,113,0,140,0,8,342,1,351,1,34,455,1,491,2,0,2,493
05/17/2019,ADS,TX,ASW,CE,Towers with Radar,0,29,127,1,157,0,2,150,1,153,0,31,277,2,310,11,0,11,321
05/18/2019,ADS,TX,ASW,CE,Towers with Radar,0,7,15,0,22,0,2,8,0,10,0,9,23,0,32,0,0,0,32
05/19/2019,ADS,TX,ASW,CE,Towers with Radar,0,26,89,1,116,0,1,347,4,352,0,27,436,5,468,62,0,62,530
05/20/2019,ADS,TX,ASW,CE,Towers with Radar,1,24,110,0,135,0,0,7,0,7,1,24,117,0,142,0,0,0,142
05/21/2019,ADS,TX,ASW,CE,Towers with Radar,0,18,60,0,78,0,7,131,2,140,0,25,191,2,218,13,0,13,231
05/22/2019,ADS,TX,ASW,CE,Towers with Radar,1,31,162,0,194,0,1,64,0,65,1,32,226,0,259,0,0,0,259
05/23/2019,ADS,TX,ASW,CE,Towers with Radar,0,19,115,0,134,0,3,171,0,174,0,22,286,0,308,19,0,19,327
05/24/2019,ADS,TX,ASW,CE,Towers with Radar,0,28,118,0,146,0,7,191,0,198,0,35,309,0,344,31,0,31,375
05/25/2019,ADS,TX,ASW,CE,Towers with Radar,0,14,80,0,94,0,0,213,0,213,0,14,293,0,307,6,0,6,313
05/26/2019,ADS,TX,ASW,CE,Towers with Radar,1,16,61,0,78,0,1,131,1,133,1,17,192,1,211,14,0,14,225
05/27/2019,ADS,TX,ASW,CE,Towers with Radar,0,11,101,0,112,0,1,189,0,190,0,12,290,0,302,22,0,22,324
05/28/2019,ADS,TX,ASW,CE,Towers with Radar,0,21,115,0,136,0,2,150,0,152,0,23,265,0,288,110,0,110,398
05/29/2019,ADS,TX,ASW,CE,Towers with Radar,0,21,72,1,94,0,2,46,0,48,0,23,118,1,142,30,0,30,172
05/30/2019,ADS,TX,ASW,CE,Towers with Radar,0,14,134,0,148,0,2,347,0,349,0,16,481,0,497,22,0,22,519
05/31/2019,ADS,TX,ASW,CE,Towers with Radar,0,14,94,0,108,0,0,295,0,295,0,14,389,0,403,27,0,27,430
06/01/2019,ADS,TX,ASW,CE,Towers with Radar,0,7,56,0,63,0,2,276,0,278,0,9,332,0,341,40,0,40,381
06/02/2019,ADS,TX,ASW,CE,Towers with Radar,0,15,63,0,78,0,0,161,0,161,0,15,224,0,239,41,0,41,280
06/03/2019,ADS,TX,ASW,CE,Towers with Radar,0,8,81,0,89,0,3,227,2,232,0,11,308,2,321,0,0,0,321
06/04/2019,ADS,TX,ASW,CE,Towers with Radar,0,19,96,0,115,0,5,310,0,315,0,24,406,0,430,39,0,39,469
06/05/2019,ADS,TX,ASW,CE,Towers with Radar,0,20,105,0,125,0,2,45,0,47,0,22,150,0,172,0,0,0,172
06/06/2019,ADS,TX,ASW,CE,Towers with Radar,0,24,97,0,121,0,4,210,2,216,0,28,307,2,337,42,0,42,379
06/07/2019,ADS,TX,ASW,CE,Towers with Radar,0,13,122,0,135,0,1,255,0,256,0,14,377,0,391,5,0,5,396
06/08/2019,ADS,TX,ASW,CE,Towers with Radar,0,8,62,0,70,0,4,348,1,353,0,12,410,1,423,14,0,14,437
06/09/2019,ADS,TX,ASW,CE,Towers with Radar,0,15,58,0,73,0,2,156,0,158,0,17,214,0,231,0,0,0,231
06/10/2019,ADS,TX,ASW,CE,Towers with Radar,0,17,101,0,118,0,5,182,0,187,0,22,283,0,305,10,0,10,315
06/11/2019,ADS,TX,ASW,CE,Towers with Radar,0,11,99,1,111,0,6,284,0,290,0,17,383,1,401,10,0,10,411
06/12/2019,ADS,TX,ASW,CE,Towers with Radar,1,15,81,0,97,0,7,301,0,308,1,22,382,0,405,23,0,23,428
06/13/2019,ADS,TX,ASW,CE,Towers with Radar,0,26,101,0,127,0,5,363,1,369,0,31,464,1,496,2,0,2,498
06/14/2019,ADS,TX,ASW,CE,Towers with Radar,0,19,77,0,96,0,1,260,0,261,0,20,337,0,357,0,0,0,357
06/15/2019,ADS,TX,ASW,CE,Towers with Radar,0,14,88,0,102,0,4,141,0,145,0,18,229,0,247,2,0,2,249
06/16/2019,ADS,TX,ASW,CE,Towers with Radar,0,17,59,0,76,0,0,61,0,61,0,17,120,0,137,29,0,29,166
06/17/2019,ADS,TX,ASW,CE,Towers with Radar,1,19,128,0,148,0,7,174,0,181,1,26,302,0,329,14,0,14,343
06/18/2019,ADS,TX,ASW,CE,Towers with Radar,0,16,106,0,122,0,5,314,2,321,0,21,420,2,443,10,0,10,453
06/19/2019,ADS,TX,ASW,CE,Towers with Radar,0,28,102,0,130,0,3,186,0,189,0,31,288,0,319,7,0,7,326
06/20/2019,ADS,TX,ASW,CE,Towers with Radar,0,11,99,0,110,0,12,294,1,307,0,23,393,1,417,4,0,4,421
06/21/2019,ADS,TX,ASW,CE,Towers with Radar,0,18,93,0,111,0,2,198,0,200,0,20,291,0,311,30,0,30,341
06/22/2019,ADS,TX,ASW,CE,Towers with Radar,0,17,75,0,92,0,0,162,2,164,0,17,237,2,256,28,0,28,284
06/23/2019,ADS,TX,ASW,CE,Towers with Radar,0,15,63,0,78,0,0,76,0,76,0,15,139,0,154,57,0,57,211
06/24/2019,ADS,TX,ASW,CE,Towers with Radar,0,21,114,0,135,0,6,105,0,111,0,27,219,0,246,24,0,24,270
06/25/2019,ADS,TX,ASW,CE,Towers with Radar,0,24,106,0,130,0,5,251,0,256,0,29,357,0,386,6,0,6,392
06/26/2019,ADS,TX,ASW,CE,Towers with Radar,0,24,93,0,117,0,4,286,0,290,0,28,379,0,407,24,0,24,431
06/27/2019,ADS,TX,ASW,CE,Towers with Radar,0,15,131,0,146,0,1,205,0,206,0,16,336,0,352,41,0,41,393
06/28/2019,ADS,TX,ASW,CE,Towers with Radar,0,12,82,0,94,0,7,325,0,332,0,19,407,0,426,32,0,32,458
06/29/2019,ADS,TX,ASW,CE,Towers with Radar,0,15,55,0,70,0,0,243,1,244,0,15,298,1,314,6,0,6,320
06/30/2019,ADS,TX,ASW,CE,Towers with Radar,0,15,77,0,92,0,5,140,0,145,0,20,217,0,237,27,0,27,264
07/01/2019,ADS,TX,ASW,CE,Towers with Radar,0,22,67,0,89,0,1,209,0,210,0,23,276,0,299,1,0,1,300
07/02/2019,ADS,TX,ASW,CE,Towers with Radar,0,9,94,0,103,0,2,244,0,246,0,11,338,0,349,30,0,30,379
07/03/2019,ADS,TX,ASW,CE,Towers with Radar,0,21,76,0,97,0,3,135,1,139,0,24,211,1,236,0,0,0,236
07/04/2019,ADS,TX,ASW,CE,Towers with Radar,0,4,32,0,36,0,4,125,3,132,0,8,157,3,168,10,0,10,178
07/05/2019,ADS,TX,ASW,CE,Towers with Radar,0,6,102,0,108,0,3,202,0,205,0,9,304,0,313,16,0,16,329
07/06/2019,ADS,TX,ASW,CE,Towers with Radar,0,12,46,0,58,0,0,210,0,210,0,12,256,0,268,68,0,68,336
07/07/2019,ADS,TX,ASW,CE,Towers with Radar,1,26,72,0,99,0,0,256,1,257,1,26,328,1,356,6,0,6,362
07/08/2019,ADS,TX,ASW,CE,Towers with Radar,0,13,68,0,81,0,1,212,0,213,0,14,280,0,294,12,0,12,306
07/09/2019,ADS,TX,ASW,CE,Towers with Radar,0,11,71,0,82,0,7,309,1,317,0,18,380,1,399,23,0,23,422
07/10/2019,ADS,TX,ASW,CE,Towers with Radar,0,17,82,0,99,0,4,239,0,243,0,21,321,0,342,2,0,2,344
07/11/2019,ADS,TX,ASW,CE,Towers with Radar,0,23,104,0,127,0,7,306,5,318,0,30,410,5,445,3,0,3,448
07/12/2019,ADS,TX,ASW,CE,Towers with Radar,0,14,95,0,109,0,1,298,0,299,0,15,393,0,408,6,0,6,414
07/13/2019,ADS,TX,ASW,CE,Towers with Radar,0,11,64,0,75,0,0,268,0,268,0,11,332,0,343,0,0,0,343
07/14/2019,ADS,TX,ASW,CE,Towers with Radar,0,13,83,0,96,0,0,119,0,119,0,13,202,0,215,12,0,12,227
07/15/2019,ADS,TX,ASW,CE,Towers with Radar,0,15,78,1,94,0,5,282,1,288,0,20,360,2,382,6,0,6,388
07/16/2019,ADS,TX,ASW,CE,Towers with Radar,0,21,89,1,111,0,5,267,0,272,0,26,356,1,383,10,0,10,393
07/17/2019,ADS,TX,ASW,CE,Towers with Radar,0,23,99,0,122,0,6,263,1,270,0,29,362,1,392,7,0,7,399
07/18/2019,ADS,TX,ASW,CE,Towers with Radar,0,30,80,0,110,0,4,272,1,277,0,34,352,1,387,4,0,4,391
07/19/2019,ADS,TX,ASW,CE,Towers with Radar,0,13,100,0,113,0,2,282,1,285,0,15,382,1,398,2,0,2,400
07/20/2019,ADS,TX,ASW,CE,Towers with Radar,0,11,62,0,73,0,0,261,0,261,0,11,323,0,334,12,0,12,346
07/21/2019,ADS,TX,ASW,CE,Towers with Radar,0,20,81,0,101,0,0,268,0,268,0,20,349,0,369,0,0,0,369
07/22/2019,ADS,TX,ASW,CE,Towers with Radar,0,20,72,1,93,0,3,214,0,217,0,23,286,1,310,6,0,6,316
07/23/2019,ADS,TX,ASW,CE,Towers with Radar,1,8,95,0,104,0,3,289,2,294,1,11,384,2,398,0,0,0,398
07/24/2019,ADS,TX,ASW,CE,Towers with Radar,0,21,104,0,125,0,3,290,0,293,0,24,394,0,418,32,0,32,450
07/25/2019,ADS,TX,ASW,CE,Towers with Radar,0,17,104,0,121,0,6,298,2,306,0,23,402,2,427,15,0,15,442
07/26/2019,ADS,TX,ASW,CE,Towers with Radar,0,11,89,0,100,0,1,286,1,288,0,12,375,1,388,22,0,22,410
07/27/2019,ADS,TX,ASW,CE,Towers with Radar,0,15,62,2,79,0,0,273,0,273,0,15,335,2,352,15,0,15,367
07/28/2019,ADS,TX,ASW,CE,Towers with Radar,0,12,78,0,90,0,0,227,0,227,0,12,305,0,317,4,0,4,321
07/29/2019,ADS,TX,ASW,CE,Towers with Radar,0,15,75,0,90,0,4,182,0,186,0,19,257,0,276,0,0,0,276
07/30/2019,ADS,TX,ASW,CE,Towers with Radar,0,8,85,0,93,0,1,290,0,291,0,9,375,0,384,10,0,10,394
07/31/2019,ADS,TX,ASW,CE,Towers with Radar,0,25,95,0,120,0,2,320,0,322,0,27,415,0,442,0,0,0,442
08/01/2019,ADS,TX,ASW,CE,Towers with Radar,1,30,112,0,143,0,1,282,0,283,1,31,394,0,426,4,0,4,430
08/02/2019,ADS,TX,ASW,CE,Towers with Radar,0,26,86,0,112,0,0,275,0,275,0,26,361,0,387,8,0,8,395
08/03/2019,ADS,TX,ASW,CE,Towers with Radar,0,5,54,0,59,0,0,146,0,146,0,5,200,0,205,16,0,16,221
08/04/2019,ADS,TX,ASW,CE,Towers with Radar,0,16,94,0,110,0,0,170,1,171,0,16,264,1,281,4,0,4,285
08/05/2019,ADS,TX,ASW,CE,Towers with Radar,0,16,86,0,102,0,4,245,0,249,0,20,331,0,351,2,0,2,353
08/06/2019,ADS,TX,ASW,CE,Towers with Radar,0,16,84,0,100,0,6,276,0,282,0,22,360,0,382,84,0,84,466
08/07/2019,ADS,TX,ASW,CE,Towers with Radar,0,21,111,0,132,0,0,327,2,329,0,21,438,2,461,12,0,12,473
08/08/2019,ADS,TX,ASW,CE,Towers with Radar,0,28,107,0,135,0,8,302,0,310,0,36,409,0,445,14,0,14,459
08/09/2019,ADS,TX,ASW,CE,Towers with Radar,0,25,86,0,111,0,3,242,0,245,0,28,328,0,356,8,0,8,364
08/10/2019,ADS,TX,ASW,CE,Towers with Radar,0,11,42,0,53,0,1,275,0,276,0,12,317,0,329,21,0,21,350
08/11/2019,ADS,TX,ASW,CE,Towers with Radar,0,24,72,0,96,0,0,261,0,261,0,24,333,0,357,6,0,6,363
08/12/2019,ADS,TX,ASW,CE,Towers with Radar,0,12,88,0,100,0,3,275,1,279,0,15,363,1,379,2,0,2,381
08/13/2019,ADS,TX,ASW,CE,Towers with Radar,0,18,110,1,129,0,5,259,0,264,0,23,369,1,393,4,0,4,397
08/14/2019,ADS,TX,ASW,CE,Towers with Radar,0,21,110,0,131,0,3,196,2,201,0,24,306,2,332,0,0,0,332
08/15/2019,ADS,TX,ASW,CE,Towers with Radar,0,16,96,1,113,0,6,268,1,275,0,22,364,2,388,4,0,4,392
08/16/2019,ADS,TX,ASW,CE,Towers with Radar,0,10,102,0,112,0,3,288,0,291,0,13,390,0,403,3,0,3,406
08/17/2019,ADS,TX,ASW,CE,Towers with Radar,0,10,63,0,73,0,0,247,1,248,0,10,310,1,321,6,0,6,327
08/18/2019,ADS,TX,ASW,CE,Towers with Radar,0,14,66,1,81,0,0,259,2,261,0,14,325,3,342,0,0,0,342
08/19/2019,ADS,TX,ASW,CE,Towers with Radar,0,22,89,0,111,0,1,238,0,239,0,23,327,0,350,0,0,0,350
08/20/2019,ADS,TX,ASW,CE,Towers with Radar,0,19,108,0,127,0,3,252,0,255,0,22,360,0,382,0,0,0,382
08/21/2019,ADS,TX,ASW,CE,Towers with Radar,0,15,95,1,111,0,1,268,5,274,0,16,363,6,385,0,0,0,385
08/22/2019,ADS,TX,ASW,CE,Towers with Radar,0,23,109,3,135,0,5,301,3,309,0,28,410,6,444,0,0,0,444
08/23/2019,ADS,TX,ASW,CE,Towers with Radar,2,16,97,0,115,0,1,211,0,212,2,17,308,0,327,5,0,5,332
08/24/2019,ADS,TX,ASW,CE,Towers with Radar,0,15,52,1,68,0,0,160,0,160,0,15,212,1,228,2,0,2,230
08/25/2019,ADS,TX,ASW,CE,Towers with Radar,0,17,88,0,105,0,0,246,0,246,0,17,334,0,351,10,0,10,361
08/26/2019,ADS,TX,ASW,CE,Towers with Radar,0,8,80,1,89,0,4,235,2,241,0,12,315,3,330,8,0,8,338
08/27/2019,ADS,TX,ASW,CE,Towers with Radar,0,14,74,0,88,0,2,78,2,82,0,16,152,2,170,0,0,0,170
08/28/2019,ADS,TX,ASW,CE,Towers with Radar,0,22,99,1,122,0,2,253,0,255,0,24,352,1,377,9,0,9,386
08/29/2019,ADS,TX,ASW,CE,Towers with Radar,0,23,134,0,157,0,3,330,0,333,0,26,464,0,490,6,0,6,496
08/30/2019,ADS,TX,ASW,CE,Towers with Radar,0,21,99,0,120,0,2,199,0,201,0,23,298,0,321,0,0,0,321
08/31/2019,ADS,TX,ASW,CE,Towers with Radar,0,11,71,0,82,0,1,187,0,188,0,12,258,0,270,18,0,18,288
09/01/2019,ADS,TX,ASW,CE,Towers with Radar,0,7,43,0,50,0,0,220,0,220,0,7,263,0,270,8,0,8,278
09/02/2019,ADS,TX,ASW,CE,Towers with Radar,0,16,111,0,127,0,2,247,0,249,0,18,358,0,376,0,0,0,376
09/03/2019,ADS,TX,ASW,CE,Towers with Radar,0,13,99,0,112,0,3,270,0,273,0,16,369,0,385,0,0,0,385
09/04/2019,ADS,TX,ASW,CE,Towers with Radar,0,15,92,0,107,0,5,320,0,325,0,20,412,0,432,5,0,5,437
09/05/2019,ADS,TX,ASW,CE,Towers with Radar,0,19,116,0,135,0,7,286,4,297,0,26,402,4,432,8,0,8,440
09/06/2019,ADS,TX,ASW,CE,Towers with Radar,0,29,105,2,136,0,3,330,3,336,0,32,435,5,472,4,0,4,476
09/07/2019,ADS,TX,ASW,CE,Towers with Radar,0,7,58,0,65,0,5,264,0,269,0,12,322,0,334,12,0,12,346
09/08/2019,ADS,TX,ASW,CE,Towers with Radar,0,19,73,0,92,0,0,249,1,250,0,19,322,1,342,19,0,19,361
09/09/2019,ADS,TX,ASW,CE,Towers with Radar,0,14,111,0,125,0,3,261,0,264,0,17,372,0,389,40,0,40,429
09/10/2019,ADS,TX,ASW,CE,Towers with Radar,0,16,97,0,113,0,3,247,0,250,0,19,344,0,363,0,0,0,363
09/11/2019,ADS,TX,ASW,CE,Towers with Radar,0,16,121,0,137,0,7,211,0,218,0,23,332,0,355,27,0,27,382
09/12/2019,ADS,TX,ASW,CE,Towers with Radar,0,15,132,0,147,0,1,262,0,263,0,16,394,0,410,6,0,6,416
09/13/2019,ADS,TX,ASW,CE,Towers with Radar,0,22,99,1,122,0,1,281,0,282,0,23,380,1,404,14,0,14,418
09/14/2019,ADS,TX,ASW,CE,Towers with Radar,0,3,80,1,84,0,0,252,0,252,0,3,332,1,336,17,0,17,353
09/15/2019,ADS,TX,ASW,CE,Towers with Radar,0,15,79,0,94,0,0,238,0,238,0,15,317,0,332,16,0,16,348
09/16/2019,ADS,TX,ASW,CE,Towers with Radar,0,20,122,1,143,0,6,239,1,246,0,26,361,2,389,10,0,10,399
09/17/2019,ADS,TX,ASW,CE,Towers with Radar,0,17,114,0,131,0,7,293,0,300,0,24,407,0,431,0,0,0,431
09/18/2019,ADS,TX,ASW,CE,Towers with Radar,0,18,123,1,142,0,2,262,2,266,0,20,385,3,408,6,0,6,414
09/19/2019,ADS,TX,ASW,CE,Towers with Radar,0,28,186,0,214,0,1,37,1,39,0,29,223,1,253,4,0,4,257
09/20/2019,ADS,TX,ASW,CE,Towers with Radar,1,26,111,1,139,0,0,91,0,91,1,26,202,1,230,0,0,0,230
09/21/2019,ADS,TX,ASW,CE,Towers with Radar,0,14,121,1,136,0,0,159,4,163,0,14,280,5,299,12,0,12,311
09/22/2019,ADS,TX,ASW,CE,Towers with Radar,0,19,87,0,106,0,2,192,4,198,0,21,279,4,304,22,0,22,326
09/23/2019,ADS,TX,ASW,CE,Towers with Radar,0,25,117,1,143,0,6,239,0,245,0,31,356,1,388,6,0,6,394
09/24/2019,ADS,TX,ASW,CE,Towers with Radar,0,20,142,1,163,0,3,222,0,225,0,23,364,1,388,9,0,9,397
09/25/2019,ADS,TX,ASW,CE,Towers with Radar,0,14,128,0,142,0,3,298,0,301,0,17,426,0,443,5,0,5,448
09/26/2019,ADS,TX,ASW,CE,Towers with Radar,0,17,122,0,139,0,1,256,0,257,0,18,378,0,396,0,0,0,396
09/27/2019,ADS,TX,ASW,CE,Towers with Radar,0,22,143,0,165,0,2,318,1,321,0,24,461,1,486,0,0,0,486
09/28/2019,ADS,TX,ASW,CE,Towers with Radar,0,7,103,0,110,0,2,210,3,215,0,9,313,3,325,17,0,17,342
09/29/2019,ADS,TX,ASW,CE,Towers with Radar,0,28,157,0,185,0,0,156,0,156,0,28,313,0,341,26,0,26,367
09/30/2019,ADS,TX,ASW,CE,Towers with Radar,0,14,142,0,156,0,1,163,0,164,0,15,305,0,320,24,0,24,344
10/01/2019,ADS,TX,ASW,CE,Towers with Radar,0,26,141,0,167,0,2,220,0,222,0,28,361,0,389,6,0,6,395
10/02/2019,ADS,TX,ASW,CE,Towers with Radar,0,26,126,1,153,0,3,311,0,314,0,29,437,1,467,7,0,7,474
10/03/2019,ADS,TX,ASW,CE,Towers with Radar,0,27,131,0,158,0,4,332,4,340,0,31,463,4,498,14,0,14,512
10/04/2019,ADS,TX,ASW,CE,Towers with Radar,0,21,131,1,153,0,2,264,1,267,0,23,395,2,420,34,0,34,454
10/05/2019,ADS,TX,ASW,CE,Towers with Radar,0,14,71,0,85,0,1,306,2,309,0,15,377,2,394,2,0,2,396
10/06/2019,ADS,TX,ASW,CE,Towers with Radar,0,27,84,1,112,0,0,220,0,220,0,27,304,1,332,34,0,34,366
10/07/2019,ADS,TX,ASW,CE,Towers with Radar,0,16,98,0,114,0,1,268,0,269,0,17,366,0,383,14,0,14,397
10/08/2019,ADS,TX,ASW,CE,Towers with Radar,0,26,129,1,156,0,5,337,1,343,0,31,466,2,499,25,0,25,524
10/09/2019,ADS,TX,ASW,CE,Towers with Radar,0,15,149,0,164,0,7,214,2,223,0,22,363,2,387,4,0,4,391
10/10/2019,ADS,TX,ASW,CE,Towers with Radar,0,37,129,0,166,0,2,130,0,132,0,39,259,0,298,5,0,5,303
10/11/2019,ADS,TX,ASW,CE,Towers with Radar,0,18,95,0,113,0,2,97,1,100,0,20,192,1,213,12,0,12,225
10/12/2019,ADS,TX,ASW,CE,Towers with Radar,0,9,74,0,83,0,2,309,5,316,0,11,383,5,399,6,0,6,405
10/13/2019,ADS,TX,ASW,CE,Towers with Radar,0,14,113,0,127,0,0,241,0,241,0,14,354,0,368,10,0,10,378
10/14/2019,ADS,TX,ASW,CE,Towers with Radar,0,18,134,1,153,0,5,218,1,224,0,23,352,2,377,2,0,2,379
10/15/2019,ADS,TX,ASW,CE,Towers with Radar,0,11,90,0,101,0,1,160,1,162,0,12,250,1,263,210,0,210,473
10/16/2019,ADS,TX,ASW,CE,Towers with Radar,0,17,150,0,167,0,5,304,1,310,0,22,454,1,477,52,0,52,529
10/17/2019,ADS,TX,ASW,CE,Towers with Radar,0,17,106,1,124,0,1,206,0,207,0,18,312,1,331,6,0,6,337
10/18/2019,ADS,TX,ASW,CE,Towers with Radar,0,27,115,1,143,0,4,353,0,357,0,31,468,1,500,22,0,22,522
10/19/2019,ADS,TX,ASW,CE,Towers with Radar,2,9,85,0,96,0,5,283,0,288,2,14,368,0,384,0,0,0,384
10/20/2019,ADS,TX,ASW,CE,Towers with Radar,0,26,88,0,114,0,0,233,1,234,0,26,321,1,348,6,0,6,354
10/21/2019,ADS,TX,ASW,CE,Towers with Radar,0,16,104,0,120,0,1,250,1,252,0,17,354,1,372,29,0,29,401
10/22/2019,ADS,TX,ASW,CE,Towers with Radar,0,14,126,1,141,0,2,348,0,350,0,16,474,1,491,27,0,27,518
10/23/2019,ADS,TX,ASW,CE,Towers with Radar,0,23,111,0,134,0,1,214,6,221,0,24,325,6,355,30,0,30,385
10/24/2019,ADS,TX,ASW,CE,Towers with Radar,2,20,75,1,98,0,0,72,0,72,2,20,147,1,170,4,0,4,174
10/25/2019,ADS,TX,ASW,CE,Towers with Radar,0,10,92,0,102,0,0,0,0,0,0,10,92,0,102,0,0,0,102
10/26/2019,ADS,TX,ASW,CE,Towers with Radar,0,10,119,0,129,0,0,173,1,174,0,10,292,1,303,0,0,0,303
10/27/2019,ADS,TX,ASW,CE,Towers with Radar,0,11,78,1,90,0,2,303,0,305,0,13,381,1,395,12,0,12,407
10/28/2019,ADS,TX,ASW,CE,Towers with Radar,0,27,142,0,169,0,0,16,0,16,0,27,158,0,185,10,0,10,195
10/29/2019,ADS,TX,ASW,CE,Towers with Radar,1,20,107,1,129,0,0,0,0,0,1,20,107,1,129,0,0,0,129
10/30/2019,ADS,TX,ASW,CE,Towers with Radar,1,36,69,0,106,0,0,8,0,8,1,36,77,0,114,0,0,0,114
10/31/2019,ADS,TX,ASW,CE,Towers with Radar,2,15,82,0,99,0,4,361,0,365,2,19,443,0,464,15,0,15,479
11/01/2019,ADS,TX,ASW,CE,Towers with Radar,0,23,99,0,122,0,0,354,1,355,0,23,453,1,477,9,0,9,486
11/02/2019,ADS,TX,ASW,CE,Towers with Radar,0,7,63,0,70,0,1,343,0,344,0,8,406,0,414,0,0,0,414
11/03/2019,ADS,TX,ASW,CE,Towers with Radar,0,12,86,0,98,0,1,298,1,300,0,13,384,1,398,2,0,2,400
11/04/2019,ADS,TX,ASW,CE,Towers with Radar,1,24,111,0,136,0,5,291,0,296,1,29,402,0,432,54,0,54,486
11/05/2019,ADS,TX,ASW,CE,Towers with Radar,0,29,161,0,190,0,0,0,0,0,0,29,161,0,190,0,0,0,190
11/06/2019,ADS,TX,ASW,CE,Towers with Radar,0,20,146,0,166,0,3,143,0,146,0,23,289,0,312,0,0,0,312
11/07/2019,ADS,TX,ASW,CE,Towers with Radar,0,38,130,0,168,0,0,3,0,3,0,38,133,0,171,0,0,0,171
11/08/2019,ADS,TX,ASW,CE,Towers with Radar,1,18,163,0,182,0,5,309,0,314,1,23,472,0,496,2,0,2,498
11/09/2019,ADS,TX,ASW,CE,Towers with Radar,0,11,86,0,97,0,3,371,0,374,0,14,457,0,471,10,0,10,481
11/10/2019,ADS,TX,ASW,CE,Towers with Radar,0,21,90,0,111,0,3,316,0,319,0,24,406,0,430,13,0,13,443
11/11/2019,ADS,TX,ASW,CE,Towers with Radar,0,17,72,0,89,0,1,10,0,11,0,18,82,0,100,0,0,0,100
11/12/2019,ADS,TX,ASW,CE,Towers with Radar,0,21,114,0,135,0,3,279,1,283,0,24,393,1,418,0,0,0,418
11/13/2019,ADS,TX,ASW,CE,Towers with Radar,1,25,116,0,142,0,2,340,2,344,1,27,456,2,486,3,0,3,489
11/14/2019,ADS,TX,ASW,CE,Towers with Radar,0,35,115,2,152,0,3,336,0,339,0,38,451,2,491,8,0,8,499
11/15/2019,ADS,TX,ASW,CE,Towers with Radar,0,10,112,0,122,0,3,358,0,361,0,13,470,0,483,10,0,10,493
11/16/2019,ADS,TX,ASW,CE,Towers with Radar,0,11,77,0,88,0,2,295,2,299,0,13,372,2,387,16,0,16,403
11/17/2019,ADS,TX,ASW,CE,Towers with Radar,0,11,92,0,103,0,0,274,0,274,0,11,366,0,377,10,0,10,387
11/18/2019,ADS,TX,ASW,CE,Towers with Radar,0,15,104,0,119,0,3,301,0,304,0,18,405,0,423,0,0,0,423
11/19/2019,ADS,TX,ASW,CE,Towers with Radar,0,16,145,0,161,0,4,350,0,354,0,20,495,0,515,0,0,0,515
11/20/2019,ADS,TX,ASW,CE,Towers with Radar,0,26,154,1,181,0,3,36,1,40,0,29,190,2,221,5,0,5,226
11/21/2019,ADS,TX,ASW,CE,Towers with Radar,0,23,127,0,150,0,0,30,0,30,0,23,157,0,180,21,0,21,201
11/22/2019,ADS,TX,ASW,CE,Towers with Radar,0,23,140,0,163,0,0,11,0,11,0,23,151,0,174,1,0,1,175
11/23/2019,ADS,TX,ASW,CE,Towers with Radar,0,8,72,0,80,0,0,301,0,301,0,8,373,0,381,9,0,9,390
11/24/2019,ADS,TX,ASW,CE,Towers with Radar,0,10,86,0,96,0,0,315,1,316,0,10,401,1,412,5,0,5,417
11/25/2019,ADS,TX,ASW,CE,Towers with Radar,0,18,102,0,120,0,7,301,0,308,0,25,403,0,428,32,0,32,460
11/26/2019,ADS,TX,ASW,CE,Towers with Radar,1,13,86,0,100,0,4,190,0,194,1,17,276,0,294,26,0,26,320
11/27/2019,ADS,TX,ASW,CE,Towers with Radar,0,19,94,0,113,0,0,235,0,235,0,19,329,0,348,47,0,47,395
11/28/2019,ADS,TX,ASW,CE,Towers with Radar,0,5,26,0,31,0,0,8,0,8,0,5,34,0,39,0,0,0,39
11/29/2019,ADS,TX,ASW,CE,Towers with Radar,0,8,39,0,47,0,0,0,0,0,0,8,39,0,47,0,0,0,47
11/30/2019,ADS,TX,ASW,CE,Towers with Radar,0,18,67,0,85,0,0,142,0,142,0,18,209,0,227,75,0,75,302
12/01/2019,ADS,TX,ASW,CE,Towers with Radar,1,22,97,2,122,0,0,213,0,213,1,22,310,2,335,18,0,18,353
12/02/2019,ADS,TX,ASW,CE,Towers with Radar,0,18,96,0,114,0,4,289,0,293,0,22,385,0,407,20,0,20,427
12/03/2019,ADS,TX,ASW,CE,Towers with Radar,0,14,112,0,126,0,5,290,2,297,0,19,402,2,423,2,0,2,425
12/04/2019,ADS,TX,ASW,CE,Towers with Radar,0,22,120,1,143,0,2,315,1,318,0,24,435,2,461,14,0,14,475
12/05/2019,ADS,TX,ASW,CE,Towers with Radar,0,16,113,0,129,0,3,274,1,278,0,19,387,1,407,36,0,36,443
12/06/2019,ADS,TX,ASW,CE,Towers with Radar,0,10,113,0,123,0,2,217,1,220,0,12,330,1,343,27,0,27,370
12/07/2019,ADS,TX,ASW,CE,Towers with Radar,1,6,80,0,87,0,4,282,5,291,1,10,362,5,378,10,6,16,394
12/08/2019,ADS,TX,ASW,CE,Towers with Radar,0,18,80,0,98,0,3,172,0,175,0,21,252,0,273,9,0,9,282
12/09/2019,ADS,TX,ASW,CE,Towers with Radar,0,19,116,0,135,0,2,232,0,234,0,21,348,0,369,0,0,0,369
12/10/2019,ADS,TX,ASW,CE,Towers with Radar,0,16,106,0,122,0,3,142,0,145,0,19,248,0,267,53,0,53,320
12/11/2019,ADS,TX,ASW,CE,Towers with Radar,0,15,161,0,176,0,4,306,0,310,0,19,467,0,486,2,0,2,488
12/12/2019,ADS,TX,ASW,CE,Towers with Radar,0,24,132,0,156,0,8,334,1,343,0,32,466,1,499,40,0,40,539
12/13/2019,ADS,TX,ASW,CE,Towers with Radar,0,21,118,0,139,0,4,297,1,302,0,25,415,1,441,30,0,30,471
12/14/2019,ADS,TX,ASW,CE,Towers with Radar,2,12,101,0,115,0,1,319,0,320,2,13,420,0,435,36,0,36,471
12/15/2019,ADS,TX,ASW,CE,Towers with Radar,0,20,103,0,123,0,0,194,0,194,0,20,297,0,317,0,0,0,317
12/16/2019,ADS,TX,ASW,CE,Towers with Radar,1,24,118,0,143,0,1,8,0,9,1,25,126,0,152,0,0,0,152
12/17/2019,ADS,TX,ASW,CE,Towers with Radar,0,15,121,3,139,0,1,294,2,297,0,16,415,5,436,25,0,25,461
12/18/2019,ADS,TX,ASW,CE,Towers with Radar,0,21,148,1,170,0,6,334,1,341,0,27,482,2,511,22,0,22,533
12/19/2019,ADS,TX,ASW,CE,Towers with Radar,0,17,129,0,146,0,2,287,0,289,0,19,416,0,435,10,0,10,445
12/20/2019,ADS,TX,ASW,CE,Towers with Radar,0,24,147,1,172,0,4,185,0,189,0,28,332,1,361,30,0,30,391
12/21/2019,ADS,TX,ASW,CE,Towers with Radar,0,15,110,1,126,0,1,38,0,39,0,16,148,1,165,0,0,0,165
12/22/2019,ADS,TX,ASW,CE,Towers with Radar,0,16,111,0,127,0,0,208,0,208,0,16,319,0,335,5,0,5,340
12/23/2019,ADS,TX,ASW,CE,Towers with Radar,0,8,90,0,98,0,2,265,1,268,0,10,355,1,366,24,0,24,390
12/24/2019,ADS,TX,ASW,CE,Towers with Radar,0,8,23,0,31,0,3,137,0,140,0,11,160,0,171,12,0,12,183
12/25/2019,ADS,TX,ASW,CE,Towers with Radar,0,6,33,0,39,0,0,57,0,57,0,6,90,0,96,0,0,0,96
12/26/2019,ADS,TX,ASW,CE,Towers with Radar,0,19,116,0,135,0,4,33,0,37,0,23,149,0,172,10,0,10,182
12/27/2019,ADS,TX,ASW,CE,Towers with Radar,0,18,107,0,125,0,1,191,2,194,0,19,298,2,319,2,0,2,321
12/28/2019,ADS,TX,ASW,CE,Towers with Radar,0,8,54,0,62,0,0,22,0,22,0,8,76,0,84,0,0,0,84
12/29/2019,ADS,TX,ASW,CE,Towers with Radar,0,20,52,0,72,0,2,146,0,148,0,22,198,0,220,4,0,4,224
12/30/2019,ADS,TX,ASW,CE,Towers with Radar,0,7,67,0,74,0,3,230,2,235,0,10,297,2,309,0,0,0,309
12/31/2019,ADS,TX,ASW,CE,Towers with Radar,0,18,51,0,69,0,5,258,1,264,0,23,309,1,333,46,0,46,379
01/01/2020,ADS,TX,ASW,CE,Towers with Radar,0,13,55,0,68,0,0,80,3,83,0,13,135,3,151,10,0,10,161
01/02/2020,ADS,TX,ASW,CE,Towers with Radar,0,10,82,0,92,0,4,218,0,222,0,14,300,0,314,4,0,4,318
01/03/2020,ADS,TX,ASW,CE,Towers with Radar,0,8,83,0,91,0,2,148,0,150,0,10,231,0,241,10,0,10,251
01/04/2020,ADS,TX,ASW,CE,Towers with Radar,0,14,69,2,85,0,0,298,1,299,0,14,367,3,384,7,0,7,391
01/05/2020,ADS,TX,ASW,CE,Towers with Radar,1,10,81,0,92,0,0,246,0,246,1,10,327,0,338,14,0,14,352
01/06/2020,ADS,TX,ASW,CE,Towers with Radar,0,15,77,0,92,0,1,275,1,277,0,16,352,1,369,3,0,3,372
01/07/2020,ADS,TX,ASW,CE,Towers with Radar,0,15,91,0,106,0,5,309,4,318,0,20,400,4,424,24,0,24,448
01/08/2020,ADS,TX,ASW,CE,Towers with Radar,0,16,69,0,85,0,3,268,0,271,0,19,337,0,356,19,0,19,375
01/09/2020,ADS,TX,ASW,CE,Towers with Radar,0,29,121,0,150,0,0,9,0,9,0,29,130,0,159,2,0,2,161
01/10/2020,ADS,TX,ASW,CE,Towers with Radar,1,19,52,0,72,0,0,3,0,3,1,19,55,0,75,0,0,0,75
01/11/2020,ADS,TX,ASW,CE,Towers with Radar,0,24,56,0,80,0,0,80,1,81,0,24,136,1,161,5,0,5,166
01/12/2020,ADS,TX,ASW,CE,Towers with Radar,0,18,101,0,119,0,0,266,1,267,0,18,367,1,386,5,0,5,391
01/13/2020,ADS,TX,ASW,CE,Towers with Radar,0,12,108,2,122,0,0,12,0,12,0,12,120,2,134,0,0,0,134
01/14/2020,ADS,TX,ASW,CE,Towers with Radar,0,18,123,0,141,0,2,168,0,170,0,20,291,0,311,43,0,43,354
01/15/2020,ADS,TX,ASW,CE,Towers with Radar,0,21,131,0,152,0,1,106,0,107,0,22,237,0,259,30,0,30,289
01/16/2020,ADS,TX,ASW,CE,Towers with Radar,0,22,72,1,95,0,0,0,0,0,0,22,72,1,95,0,0,0,95
01/17/2020,ADS,TX,ASW,CE,Towers with Radar,0,10,94,1,105,0,0,0,0,0,0,10,94,1,105,0,0,0,105
01/18/2020,ADS,TX,ASW,CE,Towers with Radar,0,9,70,0,79,0,1,268,0,269,0,10,338,0,348,18,0,18,366
01/19/2020,ADS,TX,ASW,CE,Towers with Radar,0,18,88,0,106,0,0,360,0,360,0,18,448,0,466,18,0,18,484
01/20/2020,ADS,TX,ASW,CE,Towers with Radar,1,18,93,0,112,0,8,312,1,321,1,26,405,1,433,6,0,6,439
01/21/2020,ADS,TX,ASW,CE,Towers with Radar,1,12,104,0,117,0,4,328,1,333,1,16,432,1,450,2,0,2,452
01/22/2020,ADS,TX,ASW,CE,Towers with Radar,2,20,67,0,89,0,0,1,0,1,2,20,68,0,90,0,0,0,90
01/23/2020,ADS,TX,ASW,CE,Towers with Radar,1,27,105,0,133,0,4,134,2,140,1,31,239,2,273,1,0,1,274
01/24/2020,ADS,TX,ASW,CE,Towers with Radar,0,26,103,0,129,0,4,296,0,300,0,30,399,0,429,31,0,31,460
01/25/2020,ADS,TX,ASW,CE,Towers with Radar,0,12,85,0,97,0,2,241,0,243,0,14,326,0,340,13,0,13,353
01/26/2020,ADS,TX,ASW,CE,Towers with Radar,0,14,144,0,158,0,0,88,0,88,0,14,232,0,246,2,0,2,248
01/27/2020,ADS,TX,ASW,CE,Towers with Radar,1,24,84,0,109,0,1,164,3,168,1,25,248,3,277,64,0,64,341
01/28/2020,ADS,TX,ASW,CE,Towers with Radar,0,14,81,0,95,0,0,9,0,9,0,14,90,0,104,6,0,6,110
01/29/2020,ADS,TX,ASW,CE,Towers with Radar,0,24,124,9,157,0,1,26,0,27,0,25,150,9,184,48,0,48,232
01/30/2020,ADS,TX,ASW,CE,Towers with Radar,1,24,123,0,148,0,2,6,2,10,1,26,129,2,158,7,0,7,165
01/31/2020,ADS,TX,ASW,CE,Towers with Radar,0,19,93,0,112,0,5,307,1,313,0,24,400,1,425,23,0,23,448
02/01/2020,ADS,TX,ASW,CE,Towers with Radar,1,7,55,0,63,0,1,309,1,311,1,8,364,1,374,8,0,8,382
02/02/2020,ADS,TX,ASW,CE,Towers with Radar,0,23,73,0,96,0,0,291,0,291,0,23,364,0,387,0,0,0,387
02/03/2020,ADS,TX,ASW,CE,Towers with Radar,0,20,104,0,124,0,3,159,2,164,0,23,263,2,288,1,0,1,289
02/04/2020,ADS,TX,ASW,CE,Towers with Radar,0,23,114,0,137,0,0,23,1,24,0,23,137,1,161,0,0,0,161
02/05/2020,ADS,TX,ASW,CE,Towers with Radar,0,13,56,0,69,0,0,1,0,1,0,13,57,0,70,0,0,0,70
02/06/2020,ADS,TX,ASW,CE,Towers with Radar,0,21,108,2,131,0,7,306,1,314,0,28,414,3,445,15,0,15,460
02/07/2020,ADS,TX,ASW,CE,Towers with Radar,1,17,122,0,140,0,8,406,0,414,1,25,528,0,554,7,0,7,561
02/08/2020,ADS,TX,ASW,CE,Towers with Radar,1,8,77,0,86,0,3,378,0,381,1,11,455,0,467,16,0,16,483
02/09/2020,ADS,TX,ASW,CE,Towers with Radar,0,15,77,0,92,0,0,0,0,0,0,15,77,0,92,0,0,0,92
02/10/2020,ADS,TX,ASW,CE,Towers with Radar,0,11,100,0,111,0,0,37,0,37,0,11,137,0,148,58,0,58,206
02/11/2020,ADS,TX,ASW,CE,Towers with Radar,0,20,70,0,90,0,0,1,0,1,0,20,71,0,91,0,0,0,91
02/12/2020,ADS,TX,ASW,CE,Towers with Radar,0,28,134,0,162,0,1,11,0,12,0,29,145,0,174,0,0,0,174
02/13/2020,ADS,TX,ASW,CE,Towers with Radar,0,41,140,1,182,0,12,274,0,286,0,53,414,1,468,62,0,62,530
02/14/2020,ADS,TX,ASW,CE,Towers with Radar,1,17,113,0,131,0,3,395,2,400,1,20,508,2,531,2,0,2,533
02/15/2020,ADS,TX,ASW,CE,Towers with Radar,1,10,54,0,65,0,4,280,0,284,1,14,334,0,349,9,0,9,358
02/16/2020,ADS,TX,ASW,CE,Towers with Radar,0,16,92,0,108,0,1,282,0,283,0,17,374,0,391,13,0,13,404
02/17/2020,ADS,TX,ASW,CE,Towers with Radar,0,13,155,0,168,0,8,164,2,174,0,21,319,2,342,16,0,16,358
02/18/2020,ADS,TX,ASW,CE,Towers with Radar,1,20,109,0,130,0,1,80,0,81,1,21,189,0,211,2,0,2,213
02/19/2020,ADS,TX,ASW,CE,Towers with Radar,0,29,119,0,148,0,1,83,1,85,0,30,202,1,233,7,0,7,240
02/20/2020,ADS,TX,ASW,CE,Towers with Radar,0,10,119,2,131,0,2,141,4,147,0,12,260,6,278,12,0,12,290
02/21/2020,ADS,TX,ASW,CE,Towers with Radar,0,13,95,0,108,0,4,361,0,365,0,17,456,0,473,2,0,2,475
02/22/2020,ADS,TX,ASW,CE,Towers with Radar,0,9,81,0,90,0,1,289,0,290,0,10,370,0,380,0,0,0,380
02/23/2020,ADS,TX,ASW,CE,Towers with Radar,0,21,92,0,113,0,0,30,0,30,0,21,122,0,143,0,0,0,143
02/24/2020,ADS,TX,ASW,CE,Towers with Radar,3,20,70,0,93,0,2,110,0,112,3,22,180,0,205,12,0,12,217
02/25/2020,ADS,TX,ASW,CE,Towers with Radar,2,26,103,0,131,0,2,292,1,295,2,28,395,1,426,6,0,6,432
02/26/2020,ADS,TX,ASW,CE,Towers with Radar,0,22,105,0,127,0,2,101,0,103,0,24,206,0,230,0,0,0,230
02/27/2020,ADS,TX,ASW,CE,Towers with Radar,2,19,116,0,137,0,4,351,0,355,2,23,467,0,492,16,0,16,508
02/28/2020,ADS,TX,ASW,CE,Towers with Radar,3,15,95,0,113,0,3,335,0,338,3,18,430,0,451,5,0,5,456
02/29/2020,ADS,TX,ASW,CE,Towers with Radar,4,15,68,0,87,0,3,285,0,288,4,18,353,0,375,2,0,2,377
03/01/2020,ADS,TX,ASW,CE,Towers with Radar,2,10,78,0,90,0,0,38,4,42,2,10,116,4,132,2,0,2,134
03/02/2020,ADS,TX,ASW,CE,Towers with Radar,0,18,98,0,116,0,2,157,0,159,0,20,255,0,275,26,0,26,301
03/03/2020,ADS,TX,ASW,CE,Towers with Radar,1,18,98,0,117,0,1,202,0,203,1,19,300,0,320,19,0,19,339
03/04/2020,ADS,TX,ASW,CE,Towers with Radar,0,22,69,0,91,0,0,6,0,6,0,22,75,0,97,0,0,0,97
03/05/2020,ADS,TX,ASW,CE,Towers with Radar,0,17,95,0,112,0,7,378,0,385,0,24,473,0,497,30,0,30,527
03/06/2020,ADS,TX,ASW,CE,Towers with Radar,0,16,94,0,110,0,6,359,0,365,0,22,453,0,475,12,0,12,487
03/07/2020,ADS,TX,ASW,CE,Towers with Radar,1,14,61,0,76,0,0,340,0,340,1,14,401,0,416,13,0,13,429
03/08/2020,ADS,TX,ASW,CE,Towers with Radar,0,22,86,0,108,0,0,121,0,121,0,22,207,0,229,16,0,16,245
03/09/2020,ADS,TX,ASW,CE,Towers with Radar,0,22,112,0,134,0,2,30,0,32,0,24,142,0,166,8,0,8,174
03/10/2020,ADS,TX,ASW,CE,Towers with Radar,0,23,126,0,149,0,3,412,0,415,0,26,538,0,564,1,0,1,565
03/11/2020,ADS,TX,ASW,CE,Towers with Radar,1,19,109,0,129,0,5,238,0,243,1,24,347,0,372,20,0,20,392
03/12/2020,ADS,TX,ASW,CE,Towers with Radar,0,19,155,0,174,0,3,187,0,190,0,22,342,0,364,1,0,1,365
03/13/2020,ADS,TX,ASW,CE,Towers with Radar,1,17,66,0,84,0,0,0,0,0,1,17,66,0,84,0,0,0,84
03/14/2020,ADS,TX,ASW,CE,Towers with Radar,0,14,70,0,84,0,0,1,0,1,0,14,71,0,85,0,0,0,85
03/15/2020,ADS,TX,ASW,CE,Towers with Radar,0,10,67,0,77,0,0,0,0,0,0,10,67,0,77,0,0,0,77
03/16/2020,ADS,TX,ASW,CE,Towers with Radar,1,15,97,0,113,0,0,26,0,26,1,15,123,0,139,44,0,44,183
03/17/2020,ADS,TX,ASW,CE,Towers with Radar,0,21,51,0,72,0,0,0,0,0,0,21,51,0,72,0,0,0,72
03/18/2020,ADS,TX,ASW,CE,Towers with Radar,0,6,85,0,91,0,1,108,0,109,0,7,193,0,200,45,0,45,245
03/19/2020,ADS,TX,ASW,CE,Towers with Radar,0,10,35,0,45,0,0,33,0,33,0,10,68,0,78,21,0,21,99
03/20/2020,ADS,TX,ASW,CE,Towers with Radar,1,18,104,1,124,0,2,138,0,140,1,20,242,1,264,31,0,31,295
03/21/2020,ADS,TX,ASW,CE,Towers with Radar,0,12,111,0,123,0,1,88,0,89,0,13,199,0,212,8,0,8,220
03/22/2020,ADS,TX,ASW,CE,Towers with Radar,0,10,63,0,73,0,0,1,0,1,0,10,64,0,74,0,0,0,74
03/23/2020,ADS,TX,ASW,CE,Towers with Radar,0,11,63,0,74,0,0,0,0,0,0,11,63,0,74,0,0,0,74
03/24/2020,ADS,TX,ASW,CE,Towers with Radar,0,13,24,0,37,0,29,117,0,146,0,42,141,0,183,3,0,3,186
03/25/2020,ADS,TX,ASW,CE,Towers with Radar,0,4,37,0,41,0,16,228,0,244,0,20,265,0,285,4,0,4,289
03/26/2020,ADS,TX,ASW,CE,Towers with Radar,0,7,23,0,30,0,46,206,2,254,0,53,229,2,284,8,0,8,292
03/27/2020,ADS,TX,ASW,CE,Towers with Radar,1,9,41,0,51,0,5,74,0,79,1,14,115,0,130,0,0,0,130
03/28/2020,ADS,TX,ASW,CE,Towers with Radar,0,3,10,0,13,0,12,93,0,105,0,15,103,0,118,2,0,2,120
03/29/2020,ADS,TX,ASW,CE,Towers with Radar,0,2,26,0,28,0,60,200,0,260,0,62,226,0,288,0,0,0,288
03/30/2020,ADS,TX,ASW,CE,Towers with Radar,0,4,10,0,14,0,14,33,0,47,0,18,43,0,61,0,0,0,61
03/31/2020,ADS,TX,ASW,CE,Towers with Radar,0,10,41,0,51,0,36,139,0,175,0,46,180,0,226,0,0,0,226
04/01/2020,ADS,TX,ASW,CE,Towers with Radar,0,7,34,0,41,0,81,189,0,270,0,88,223,0,311,0,0,0,311
04/02/2020,ADS,TX,ASW,CE,Towers with Radar,0,11,55,0,66,0,10,69,0,79,0,21,124,0,145,0,0,0,145
04/03/2020,ADS,TX,ASW,CE,Towers with Radar,0,12,59,0,71,0,0,0,0,0,0,12,59,0,71,0,0,0,71
04/04/2020,ADS,TX,ASW,CE,Towers with Radar,0,14,21,0,35,0,0,0,0,0,0,14,21,0,35,0,0,0,35
04/05/2020,ADS,TX,ASW,CE,Towers with Radar,0,11,46,0,57,1,0,5,0,6,1,11,51,0,63,0,0,0,63
04/06/2020,ADS,TX,ASW,CE,Towers with Radar,0,13,49,0,62,0,49,79,0,128,0,62,128,0,190,0,0,0,190
04/07/2020,ADS,TX,ASW,CE,Towers with Radar,0,12,42,0,54,0,44,219,0,263,0,56,261,0,317,3,0,3,320
04/08/2020,ADS,TX,ASW,CE,Towers with Radar,0,8,19,0,27,0,28,257,0,285,0,36,276,0,312,6,0,6,318
04/09/2020,ADS,TX,ASW,CE,Towers with Radar,0,11,22,2,35,0,34,168,0,202,0,45,190,2,237,2,0,2,239
04/10/2020,ADS,TX,ASW,CE,Towers with Radar,0,9,21,0,30,0,39,257,0,296,0,48,278,0,326,6,0,6,332
04/11/2020,ADS,TX,ASW,CE,Towers with Radar,2,3,14,0,19,0,3,22,0,25,2,6,36,0,44,0,0,0,44
04/12/2020,ADS,TX,ASW,CE,Towers with Radar,0,5,11,0,16,0,7,65,2,74,0,12,76,2,90,4,0,4,94
04/13/2020,ADS,TX,ASW,CE,Towers with Radar,0,16,23,0,39,0,74,172,1,247,0,90,195,1,286,4,0,4,290
04/14/2020,ADS,TX,ASW,CE,Towers with Radar,0,10,52,0,62,0,69,136,0,205,0,79,188,0,267,2,0,2,269
04/15/2020,ADS,TX,ASW,CE,Towers with Radar,0,7,45,1,53,0,88,259,0,347,0,95,304,1,400,12,0,12,412
04/16/2020,ADS,TX,ASW,CE,Towers with Radar,0,15,38,0,53,0,77,169,2,248,0,92,207,2,301,2,0,2,303
04/17/2020,ADS,TX,ASW,CE,Towers with Radar,0,8,65,0,73,0,15,62,0,77,0,23,127,0,150,3,0,3,153
04/18/2020,ADS,TX,ASW,CE,Towers with Radar,0,4,30,2,36,0,32,171,0,203,0,36,201,2,239,0,0,0,239
04/19/2020,ADS,TX,ASW,CE,Towers with Radar,0,3,37,0,40,0,7,49,0,56,0,10,86,0,96,0,0,0,96
04/20/2020,ADS,TX,ASW,CE,Towers with Radar,0,11,58,0,69,0,22,103,0,125,0,33,161,0,194,5,0,5,199
04/21/2020,ADS,TX,ASW,CE,Towers with Radar,0,7,50,0,57,0,36,229,0,265,0,43,279,0,322,4,0,4,326
04/22/2020,ADS,TX,ASW,CE,Towers with Radar,0,2,23,0,25,0,2,8,0,10,0,4,31,0,35,0,0,0,35
04/23/2020,ADS,TX,ASW,CE,Towers with Radar,0,8,53,0,61,0,38,303,1,342,0,46,356,1,403,0,0,0,403
04/24/2020,ADS,TX,ASW,CE,Towers with Radar,0,5,42,0,47,0,22,190,0,212,0,27,232,0,259,0,0,0,259
04/25/2020,ADS,TX,ASW,CE,Towers with Radar,0,7,25,0,32,0,42,222,0,264,0,49,247,0,296,0,0,0,296
04/26/2020,ADS,TX,ASW,CE,Towers with Radar,0,9,37,0,46,0,35,266,1,302,0,44,303,1,348,0,0,0,348
04/27/2020,ADS,TX,ASW,CE,Towers with Radar,0,9,32,0,41,0,10,108,0,118,0,19,140,0,159,0,0,0,159
04/28/2020,ADS,TX,ASW,CE,Towers with Radar,0,11,33,0,44,0,20,102,0,122,0,31,135,0,166,4,0,4,170
04/29/2020,ADS,TX,ASW,CE,Towers with Radar,0,7,37,0,44,0,41,135,1,177,0,48,172,1,221,10,0,10,231
04/30/2020,ADS,TX,ASW,CE,Towers with Radar,0,5,51,0,56,0,92,327,0,419,0,97,378,0,475,0,0,0,475
05/01/2020,ADS,TX,ASW,CE,Towers with Radar,0,10,54,0,64,0,38,156,1,195,0,48,210,1,259,6,0,6,265
05/02/2020,ADS,TX,ASW,CE,Towers with Radar,0,5,33,0,38,0,15,100,0,115,0,20,133,0,153,2,0,2,155
05/03/2020,ADS,TX,ASW,CE,Towers with Radar,0,5,43,0,48,0,20,220,0,240,0,25,263,0,288,2,0,2,290
05/04/2020,ADS,TX,ASW,CE,Towers with Radar,0,11,63,0,74,0,19,182,0,201,0,30,245,0,275,0,0,0,275
05/05/2020,ADS,TX,ASW,CE,Towers with Radar,0,9,53,2,64,0,10,173,0,183,0,19,226,2,247,15,0,15,262
05/06/2020,ADS,TX,ASW,CE,Towers with Radar,0,22,67,0,89,0,49,356,0,405,0,71,423,0,494,7,0,7,501
05/07/2020,ADS,TX,ASW,CE,Towers with Radar,0,8,61,0,69,0,28,192,0,220,0,36,253,0,289,14,0,14,303
05/08/2020,ADS,TX,ASW,CE,Towers with Radar,0,16,57,0,73,0,2,34,0,36,0,18,91,0,109,0,0,0,109
05/09/2020,ADS,TX,ASW,CE,Towers with Radar,0,9,41,0,50,0,43,294,0,337,0,52,335,0,387,0,0,0,387
05/10/2020,ADS,TX,ASW,CE,Towers with Radar,0,7,45,0,52,0,40,284,0,324,0,47,329,0,376,0,0,0,376
05/11/2020,ADS,TX,ASW,CE,Towers with Radar,0,11,48,0,59,0,34,257,0,291,0,45,305,0,350,0,0,0,350
05/12/2020,ADS,TX,ASW,CE,Towers with Radar,0,15,55,0,70,0,1,13,0,14,0,16,68,0,84,4,0,4,88
05/13/2020,ADS,TX,ASW,CE,Towers with Radar,0,15,91,0,106,0,19,111,0,130,0,34,202,0,236,6,0,6,242
05/14/2020,ADS,TX,ASW,CE,Towers with Radar,0,31,90,0,121,0,49,155,4,208,0,80,245,4,329,0,0,0,329
05/15/2020,ADS,TX,ASW,CE,Towers with Radar,0,21,76,0,97,0,22,63,0,85,0,43,139,0,182,0,0,0,182
05/16/2020,ADS,TX,ASW,CE,Towers with Radar,1,14,13,0,28,0,0,1,0,1,1,14,14,0,29,0,0,0,29
05/17/2020,ADS,TX,ASW,CE,Towers with Radar,0,2,53,0,55,0,62,212,2,276,0,64,265,2,331,2,0,2,333
05/18/2020,ADS,TX,ASW,CE,Towers with Radar,0,8,60,0,68,0,40,386,0,426,0,48,446,0,494,12,0,12,506
05/19/2020,ADS,TX,ASW,CE,Towers with Radar,0,18,60,0,78,0,59,313,0,372,0,77,373,0,450,5,0,5,455
05/20/2020,ADS,TX,ASW,CE,Towers with Radar,0,22,121,2,145,0,11,85,1,97,0,33,206,3,242,0,0,0,242
05/21/2020,ADS,TX,ASW,CE,Towers with Radar,1,20,100,3,124,0,8,99,0,107,1,28,199,3,231,19,0,19,250
05/22/2020,ADS,TX,ASW,CE,Towers with Radar,0,21,71,0,92,0,24,199,2,225,0,45,270,2,317,25,0,25,342
05/23/2020,ADS,TX,ASW,CE,Towers with Radar,0,8,37,0,45,0,26,154,1,181,0,34,191,1,226,0,0,0,226
05/24/2020,ADS,TX,ASW,CE,Towers with Radar,0,8,32,0,40,0,6,25,0,31,0,14,57,0,71,0,0,0,71
05/25/2020,ADS,TX,ASW,CE,Towers with Radar,0,7,54,0,61,0,0,2,0,2,0,7,56,0,63,0,0,0,63
05/26/2020,ADS,TX,ASW,CE,Towers with Radar,0,22,94,0,116,0,32,187,0,219,0,54,281,0,335,0,0,0,335
05/27/2020,ADS,TX,ASW,CE,Towers with Radar,0,27,54,0,81,0,46,300,0,346,0,73,354,0,427,7,0,7,434
05/28/2020,ADS,TX,ASW,CE,Towers with Radar,0,19,71,0,90,0,104,263,0,367,0,123,334,0,457,6,0,6,463
05/29/2020,ADS,TX,ASW,CE,Towers with Radar,1,12,57,2,72,0,85,279,0,364,1,97,336,2,436,3,0,3,439
05/30/2020,ADS,TX,ASW,CE,Towers with Radar,0,12,56,0,68,0,64,311,0,375,0,76,367,0,443,2,0,2,445
05/31/2020,ADS,TX,ASW,CE,Towers with Radar,0,13,71,1,85,0,75,206,0,281,0,88,277,1,366,0,0,0,366
06/01/2020,ADS,TX,ASW,CE,Towers with Radar,0,22,55,0,77,0,83,228,1,312,0,105,283,1,389,11,0,11,400
06/02/2020,ADS,TX,ASW,CE,Towers with Radar,0,13,61,0,74,0,45,238,0,283,0,58,299,0,357,0,0,0,357
06/03/2020,ADS,TX,ASW,CE,Towers with Radar,0,22,63,0,85,0,40,299,0,339,0,62,362,0,424,6,0,6,430
06/04/2020,ADS,TX,ASW,CE,Towers with Radar,0,33,86,0,119,0,40,242,0,282,0,73,328,0,401,3,0,3,404
06/05/2020,ADS,TX,ASW,CE,Towers with Radar,0,14,71,1,86,0,45,278,0,323,0,59,349,1,409,3,0,3,412
06/06/2020,ADS,TX,ASW,CE,Towers with Radar,0,10,60,0,70,0,41,252,1,294,0,51,312,1,364,2,0,2,366
06/07/2020,ADS,TX,ASW,CE,Towers with Radar,0,19,72,0,91,0,27,244,0,271,0,46,316,0,362,6,0,6,368
06/08/2020,ADS,TX,ASW,CE,Towers with Radar,0,26,73,0,99,0,41,262,0,303,0,67,335,0,402,4,0,4,406
06/09/2020,ADS,TX,ASW,CE,Towers with Radar,0,12,67,0,79,0,3,95,1,99,0,15,162,1,178,0,0,0,178
06/10/2020,ADS,TX,ASW,CE,Towers with Radar,0,23,73,0,96,0,16,224,0,240,0,39,297,0,336,27,0,27,363
06/11/2020,ADS,TX,ASW,CE,Towers with Radar,0,18,65,0,83,0,26,193,0,219,0,44,258,0,302,0,0,0,302
06/12/2020,ADS,TX,ASW,CE,Towers with Radar,0,34,80,0,114,0,90,269,0,359,0,124,349,0,473,9,0,9,482
06/13/2020,ADS,TX,ASW,CE,Towers with Radar,0,27,48,0,75,0,76,250,0,326,0,103,298,0,401,0,0,0,401
06/14/2020,ADS,TX,ASW,CE,Towers with Radar,0,15,59,0,74,0,61,193,0,254,0,76,252,0,328,0,0,0,328
06/15/2020,ADS,TX,ASW,CE,Towers with Radar,0,23,68,0,91,0,75,208,0,283,0,98,276,0,374,2,0,2,376
06/16/2020,ADS,TX,ASW,CE,Towers with Radar,0,15,99,0,114,0,65,245,0,310,0,80,344,0,424,6,0,6,430
06/17/2020,ADS,TX,ASW,CE,Towers with Radar,0,22,98,0,120,0,22,299,0,321,0,44,397,0,441,6,0,6,447
06/18/2020,ADS,TX,ASW,CE,Towers with Radar,0,27,89,0,116,0,30,260,2,292,0,57,349,2,408,8,0,8,416
06/19/2020,ADS,TX,ASW,CE,Towers with Radar,0,25,94,0,119,0,24,180,0,204,0,49,274,0,323,31,0,31,354
06/20/2020,ADS,TX,ASW,CE,Towers with Radar,0,21,78,0,99,0,20,153,1,174,0,41,231,1,273,4,0,4,277
06/21/2020,ADS,TX,ASW,CE,Towers with Radar,0,21,63,0,84,0,12,77,0,89,0,33,140,0,173,2,0,2,175
06/22/2020,ADS,TX,ASW,CE,Towers with Radar,0,18,59,0,77,0,68,146,0,214,0,86,205,0,291,4,0,4,295
06/23/2020,ADS,TX,ASW,CE,Towers with Radar,1,27,72,1,101,0,6,24,0,30,1,33,96,1,131,30,0,30,161
06/24/2020,ADS,TX,ASW,CE,Towers with Radar,1,25,107,0,133,0,86,263,0,349,1,111,370,0,482,16,0,16,498
06/25/2020,ADS,TX,ASW,CE,Towers with Radar,0,34,103,2,139,0,65,155,0,220,0,99,258,2,359,11,0,11,370
06/26/2020,ADS,TX,ASW,CE,Towers with Radar,0,16,92,0,108,0,14,107,0,121,0,30,199,0,229,7,0,7,236
06/27/2020,ADS,TX,ASW,CE,Towers with Radar,0,21,66,0,87,0,11,93,3,107,0,32,159,3,194,0,0,0,194
06/28/2020,ADS,TX,ASW,CE,Towers with Radar,0,30,74,0,104,0,0,20,1,21,0,30,94,1,125,0,0,0,125
06/29/2020,ADS,TX,ASW,CE,Towers with Radar,0,21,76,0,97,0,2,70,0,72,0,23,146,0,169,0,0,0,169
06/30/2020,ADS,TX,ASW,CE,Towers with Radar,0,21,102,0,123,0,21,121,0,142,0,42,223,0,265,1,0,1,266
07/01/2020,ADS,TX,ASW,CE,Towers with Radar,0,24,99,2,125,0,21,192,2,215,0,45,291,4,340,3,0,3,343
07/02/2020,ADS,TX,ASW,CE,Towers with Radar,0,27,119,0,146,0,42,128,0,170,0,69,247,0,316,1,0,1,317
07/03/2020,ADS,TX,ASW,CE,Towers with Radar,0,25,72,0,97,0,90,287,0,377,0,115,359,0,474,0,0,0,474
07/04/2020,ADS,TX,ASW,CE,Towers with Radar,0,7,17,0,24,0,69,135,0,204,0,76,152,0,228,0,0,0,228
07/05/2020,ADS,TX,ASW,CE,Towers with Radar,0,22,74,0,96,0,31,139,0,170,0,53,213,0,266,8,0,8,274
07/06/2020,ADS,TX,ASW,CE,Towers with Radar,0,26,75,0,101,0,14,30,0,44,0,40,105,0,145,0,0,0,145
07/07/2020,ADS,TX,ASW,CE,Towers with Radar,0,30,60,0,90,0,14,93,0,107,0,44,153,0,197,5,0,5,202
07/08/2020,ADS,TX,ASW,CE,Towers with Radar,0,24,97,0,121,0,39,250,2,291,0,63,347,2,412,3,0,3,415
07/09/2020,ADS,TX,ASW,CE,Towers with Radar,0,33,94,0,127,0,33,244,0,277,0,66,338,0,404,20,0,20,424
07/10/2020,ADS,TX,ASW,CE,Towers with Radar,0,29,73,0,102,0,49,265,0,314,0,78,338,0,416,0,0,0,416
07/11/2020,ADS,TX,ASW,CE,Towers with Radar,1,17,51,0,69,0,39,253,0,292,1,56,304,0,361,0,0,0,361
07/12/2020,ADS,TX,ASW,CE,Towers with Radar,0,19,66,0,85,0,64,175,0,239,0,83,241,0,324,0,0,0,324
07/13/2020,ADS,TX,ASW,CE,Towers with Radar,0,21,61,1,83,0,85,168,0,253,0,106,229,1,336,0,0,0,336
07/14/2020,ADS,TX,ASW,CE,Towers with Radar,0,30,78,0,108,0,71,191,0,262,0,101,269,0,370,2,0,2,372
07/15/2020,ADS,TX,ASW,CE,Towers with Radar,0,22,80,1,103,0,50,168,1,219,0,72,248,2,322,10,0,10,332
07/16/2020,ADS,TX,ASW,CE,Towers with Radar,1,19,89,0,109,0,97,238,0,335,1,116,327,0,444,1,0,1,445
07/17/2020,ADS,TX,ASW,CE,Towers with Radar,0,30,63,2,95,0,34,266,2,302,0,64,329,4,397,0,0,0,397
07/18/2020,ADS,TX,ASW,CE,Towers with Radar,0,20,54,0,74,0,39,236,0,275,0,59,290,0,349,0,0,0,349
07/19/2020,ADS,TX,ASW,CE,Towers with Radar,0,22,77,0,99,0,32,242,0,274,0,54,319,0,373,0,0,0,373
07/20/2020,ADS,TX,ASW,CE,Towers with Radar,0,22,77,0,99,0,37,269,0,306,0,59,346,0,405,6,0,6,411
07/21/2020,ADS,TX,ASW,CE,Towers with Radar,0,27,92,0,119,0,16,111,1,128,0,43,203,1,247,0,0,0,247
07/22/2020,ADS,TX,ASW,CE,Towers with Radar,0,32,123,0,155,0,33,64,0,97,0,65,187,0,252,0,0,0,252
07/23/2020,ADS,TX,ASW,CE,Towers with Radar,1,44,102,0,147,0,66,189,0,255,1,110,291,0,402,4,0,4,406
07/24/2020,ADS,TX,ASW,CE,Towers with Radar,0,21,81,0,102,0,63,228,2,293,0,84,309,2,395,2,0,2,397
07/25/2020,ADS,TX,ASW,CE,Towers with Radar,0,19,63,0,82,0,40,114,0,154,0,59,177,0,236,16,0,16,252
07/26/2020,ADS,TX,ASW,CE,Towers with Radar,0,34,95,0,129,0,35,103,1,139,0,69,198,1,268,6,0,6,274
07/27/2020,ADS,TX,ASW,CE,Towers with Radar,0,31,116,0,147,0,29,161,1,191,0,60,277,1,338,1,0,1,339
07/28/2020,ADS,TX,ASW,CE,Towers with Radar,0,20,68,0,88,0,14,57,0,71,0,34,125,0,159,3,0,3,162
07/29/2020,ADS,TX,ASW,CE,Towers with Radar,0,24,77,0,101,0,39,230,0,269,0,63,307,0,370,0,0,0,370
07/30/2020,ADS,TX,ASW,CE,Towers with Radar,0,20,108,1,129,0,39,235,0,274,0,59,343,1,403,0,0,0,403
07/31/2020,ADS,TX,ASW,CE,Towers with Radar,2,28,109,0,139,0,27,175,0,202,2,55,284,0,341,14,0,14,355
08/01/2020,ADS,TX,ASW,CE,Towers with Radar,0,17,68,0,85,0,84,210,0,294,0,101,278,0,379,0,0,0,379
08/02/2020,ADS,TX,ASW,CE,Towers with Radar,0,22,64,0,86,0,68,198,0,266,0,90,262,0,352,2,0,2,354
08/03/2020,ADS,TX,ASW,CE,Towers with Radar,0,18,76,0,94,0,74,209,0,283,0,92,285,0,377,54,0,54,431
08/04/2020,ADS,TX,ASW,CE,Towers with Radar,0,17,91,0,108,0,80,284,0,364,0,97,375,0,472,0,0,0,472
08/05/2020,ADS,TX,ASW,CE,Towers with Radar,0,25,69,0,94,0,50,152,0,202,0,75,221,0,296,0,0,0,296
08/06/2020,ADS,TX,ASW,CE,Towers with Radar,1,22,78,0,101,0,37,232,0,269,1,59,310,0,370,2,0,2,372
08/07/2020,ADS,TX,ASW,CE,Towers with Radar,0,25,86,0,111,0,25,246,0,271,0,50,332,0,382,2,0,2,384
08/08/2020,ADS,TX,ASW,CE,Towers with Radar,0,18,55,0,73,0,20,208,0,228,0,38,263,0,301,0,0,0,301
08/09/2020,ADS,TX,ASW,CE,Towers with Radar,0,24,72,0,96,0,28,206,0,234,0,52,278,0,330,0,0,0,330
08/10/2020,ADS,TX,ASW,CE,Towers with Radar,0,35,63,0,98,0,23,223,0,246,0,58,286,0,344,2,0,2,346
08/11/2020,ADS,TX,ASW,CE,Towers with Radar,0,23,73,0,96,0,60,218,0,278,0,83,291,0,374,20,0,20,394
08/12/2020,ADS,TX,ASW,CE,Towers with Radar,0,27,91,1,119,0,63,201,3,267,0,90,292,4,386,7,0,7,393
08/13/2020,ADS,TX,ASW,CE,Towers with Radar,0,27,76,0,103,0,64,216,1,281,0,91,292,1,384,8,0,8,392
08/14/2020,ADS,TX,ASW,CE,Towers with Radar,0,27,82,0,109,0,38,167,0,205,0,65,249,0,314,0,0,0,314
08/15/2020,ADS,TX,ASW,CE,Towers with Radar,2,18,57,0,77,0,58,163,0,221,2,76,220,0,298,12,0,12,310
08/16/2020,ADS,TX,ASW,CE,Towers with Radar,0,25,71,0,96,0,21,170,0,191,0,46,241,0,287,0,0,0,287
08/17/2020,ADS,TX,ASW,CE,Towers with Radar,0,34,86,0,120,0,39,256,0,295,0,73,342,0,415,10,0,10,425
08/18/2020,ADS,TX,ASW,CE,Towers with Radar,1,22,82,1,106,0,47,229,0,276,1,69,311,1,382,9,0,9,391
08/19/2020,ADS,TX,ASW,CE,Towers with Radar,0,23,78,2,103,0,44,248,0,292,0,67,326,2,395,42,0,42,437
08/20/2020,ADS,TX,ASW,CE,Towers with Radar,0,34,75,0,109,0,46,264,0,310,0,80,339,0,419,10,0,10,429
08/21/2020,ADS,TX,ASW,CE,Towers with Radar,0,21,100,0,121,0,63,231,0,294,0,84,331,0,415,0,0,0,415
08/22/2020,ADS,TX,ASW,CE,Towers with Radar,0,17,60,0,77,0,65,183,0,248,0,82,243,0,325,0,0,0,325
08/23/2020,ADS,TX,ASW,CE,Towers with Radar,0,34,56,2,92,0,66,155,0,221,0,100,211,2,313,4,0,4,317
08/24/2020,ADS,TX,ASW,CE,Towers with Radar,0,23,77,0,100,0,61,185,0,246,0,84,262,0,346,6,0,6,352
08/25/2020,ADS,TX,ASW,CE,Towers with Radar,0,24,71,0,95,0,82,213,0,295,0,106,284,0,390,6,0,6,396
08/26/2020,ADS,TX,ASW,CE,Towers with Radar,0,25,54,0,79,0,13,93,0,106,0,38,147,0,185,4,0,4,189
08/27/2020,ADS,TX,ASW,CE,Towers with Radar,0,25,93,0,118,0,34,142,0,176,0,59,235,0,294,2,0,2,296
08/28/2020,ADS,TX,ASW,CE,Towers with Radar,0,31,80,0,111,0,45,264,0,309,0,76,344,0,420,15,0,15,435
08/29/2020,ADS,TX,ASW,CE,Towers with Radar,0,12,41,0,53,0,33,208,1,242,0,45,249,1,295,0,0,0,295
08/30/2020,ADS,TX,ASW,CE,Towers with Radar,0,16,68,1,85,0,15,134,0,149,0,31,202,1,234,14,0,14,248
08/31/2020,ADS,TX,ASW,CE,Towers with Radar,0,20,65,2,87,0,64,157,0,221,0,84,222,2,308,0,0,0,308
09/01/2020,ADS,TX,ASW,CE,Towers with Radar,0,22,48,0,70,0,4,20,0,24,0,26,68,0,94,19,0,19,113
09/02/2020,ADS,TX,ASW,CE,Towers with Radar,0,18,67,0,85,0,13,28,0,41,0,31,95,0,126,0,0,0,126
09/03/2020,ADS,TX,ASW,CE,Towers with Radar,1,33,104,1,139,0,13,55,0,68,1,46,159,1,207,1,0,1,208
09/04/2020,ADS,TX,ASW,CE,Towers with Radar,0,39,89,0,128,0,35,82,2,119,0,74,171,2,247,0,0,0,247
09/05/2020,ADS,TX,ASW,CE,Towers with Radar,0,11,35,0,46,0,38,216,0,254,0,49,251,0,300,6,0,6,306
09/06/2020,ADS,TX,ASW,CE,Towers with Radar,0,23,63,0,86,0,43,201,0,244,0,66,264,0,330,1,0,1,331
09/07/2020,ADS,TX,ASW,CE,Towers with Radar,0,23,77,1,101,0,68,171,0,239,0,91,248,1,340,0,0,0,340
09/08/2020,ADS,TX,ASW,CE,Towers with Radar,0,32,88,1,121,0,50,108,2,160,0,82,196,3,281,33,0,33,314
09/09/2020,ADS,TX,ASW,CE,Towers with Radar,0,38,61,2,101,0,21,34,0,55,0,59,95,2,156,5,0,5,161
09/10/2020,ADS,TX,ASW,CE,Towers with Radar,1,48,130,0,179,0,1,10,1,12,1,49,140,1,191,6,0,6,197
09/11/2020,ADS,TX,ASW,CE,Towers with Radar,2,41,105,0,148,0,58,171,1,230,2,99,276,1,378,14,0,14,392
09/12/2020,ADS,TX,ASW,CE,Towers with Radar,2,25,54,0,81,0,84,211,1,296,2,109,265,1,377,0,0,0,377
09/13/2020,ADS,TX,ASW,CE,Towers with Radar,1,29,66,0,96,0,77,193,1,271,1,106,259,1,367,2,0,2,369
09/14/2020,ADS,TX,ASW,CE,Towers with Radar,2,34,92,0,128,0,82,182,0,264,2,116,274,0,392,14,0,14,406
09/15/2020,ADS,TX,ASW,CE,Towers with Radar,1,34,87,0,122,0,95,200,0,295,1,129,287,0,417,24,0,24,441
09/16/2020,ADS,TX,ASW,CE,Towers with Radar,0,24,87,0,111,0,83,151,0,234,0,107,238,0,345,0,0,0,345
09/17/2020,ADS,TX,ASW,CE,Towers with Radar,1,35,84,1,121,0,80,144,1,225,1,115,228,2,346,10,0,10,356
09/18/2020,ADS,TX,ASW,CE,Towers with Radar,2,27,91,1,121,0,63,225,1,289,2,90,316,2,410,12,0,12,422
09/19/2020,ADS,TX,ASW,CE,Towers with Radar,0,20,57,0,77,0,62,238,2,302,0,82,295,2,379,0,0,0,379
09/20/2020,ADS,TX,ASW,CE,Towers with Radar,0,23,78,0,101,0,71,198,2,271,0,94,276,2,372,22,0,22,394
09/21/2020,ADS,TX,ASW,CE,Towers with Radar,1,40,82,0,123,0,20,75,0,95,1,60,157,0,218,0,0,0,218
09/22/2020,ADS,TX,ASW,CE,Towers with Radar,0,31,84,0,115,0,0,0,0,0,0,31,84,0,115,0,0,0,115
09/23/2020,ADS,TX,ASW,CE,Towers with Radar,0,43,103,0,146,0,7,32,0,39,0,50,135,0,185,0,0,0,185
09/24/2020,ADS,TX,ASW,CE,Towers with Radar,1,44,131,0,176,0,48,149,0,197,1,92,280,0,373,71,0,71,444
09/25/2020,ADS,TX,ASW,CE,Towers with Radar,1,29,110,0,140,0,72,233,2,307,1,101,343,2,447,7,0,7,454
09/26/2020,ADS,TX,ASW,CE,Towers with Radar,0,29,66,0,95,0,60,173,0,233,0,89,239,0,328,57,0,57,385
09/27/2020,ADS,TX,ASW,CE,Towers with Radar,0,26,84,0,110,0,4,52,0,56,0,30,136,0,166,6,0,6,172
09/28/2020,ADS,TX,ASW,CE,Towers with Radar,0,17,53,0,70,0,47,132,0,179,0,64,185,0,249,3,0,3,252
09/29/2020,ADS,TX,ASW,CE,Towers with Radar,0,26,91,1,118,0,108,253,0,361,0,134,344,1,479,7,0,7,486
09/30/2020,ADS,TX,ASW,CE,Towers with Radar,2,46,81,0,129,0,86,229,0,315,2,132,310,0,444,3,0,3,447
10/01/2020,ADS,TX,ASW,CE,Towers with Radar,1,28,86,2,117,0,66,191,1,258,1,94,277,3,375,3,0,3,378
10/02/2020,ADS,TX,ASW,CE,Towers with Radar,0,15,78,0,93,0,82,220,0,302,0,97,298,0,395,7,0,7,402
10/03/2020,ADS,TX,ASW,CE,Towers with Radar,1,18,65,1,85,0,73,203,3,279,1,91,268,4,364,24,0,24,388
10/04/2020,ADS,TX,ASW,CE,Towers with Radar,1,23,68,1,93,0,72,179,1,252,1,95,247,2,345,0,0,0,345
10/05/2020,ADS,TX,ASW,CE,Towers with Radar,0,25,75,0,100,0,75,217,0,292,0,100,292,0,392,0,0,0,392
10/06/2020,ADS,TX,ASW,CE,Towers with Radar,0,21,86,2,109,0,74,241,3,318,0,95,327,5,427,15,0,15,442
10/07/2020,ADS,TX,ASW,CE,Towers with Radar,0,26,97,3,126,0,65,206,1,272,0,91,303,4,398,27,0,27,425
10/08/2020,ADS,TX,ASW,CE,Towers with Radar,0,36,96,0,132,0,86,197,0,283,0,122,293,0,415,4,0,4,419
10/09/2020,ADS,TX,ASW,CE,Towers with Radar,0,29,105,1,135,0,29,94,2,125,0,58,199,3,260,31,0,31,291
10/10/2020,ADS,TX,ASW,CE,Towers with Radar,0,14,54,0,68,0,56,168,1,225,0,70,222,1,293,4,0,4,297
10/11/2020,ADS,TX,ASW,CE,Towers with Radar,0,7,73,1,81,0,57,203,0,260,0,64,276,1,341,0,0,0,341
10/12/2020,ADS,TX,ASW,CE,Towers with Radar,0,29,82,0,111,0,38,100,1,139,0,67,182,1,250,24,0,24,274
10/13/2020,ADS,TX,ASW,CE,Towers with Radar,0,29,83,1,113,0,92,279,1,372,0,121,362,2,485,0,0,0,485
10/14/2020,ADS,TX,ASW,CE,Towers with Radar,1,34,79,0,114,0,71,180,0,251,1,105,259,0,365,0,0,0,365
10/15/2020,ADS,TX,ASW,CE,Towers with Radar,0,31,127,0,158,0,13,44,0,57,0,44,171,0,215,4,0,4,219
10/16/2020,ADS,TX,ASW,CE,Towers with Radar,1,28,117,0,146,0,84,221,0,305,1,112,338,0,451,13,0,13,464
10/17/2020,ADS,TX,ASW,CE,Towers with Radar,0,19,68,0,87,0,39,135,0,174,0,58,203,0,261,34,0,34,295
10/18/2020,ADS,TX,ASW,CE,Towers with Radar,0,33,100,0,133,0,23,80,0,103,0,56,180,0,236,34,0,34,270
10/19/2020,ADS,TX,ASW,CE,Towers with Radar,0,33,128,0,161,0,7,30,2,39,0,40,158,2,200,27,0,27,227
10/20/2020,ADS,TX,ASW,CE,Towers with Radar,0,30,116,2,148,0,71,127,0,198,0,101,243,2,346,6,0,6,352
10/21/2020,ADS,TX,ASW,CE,Towers with Radar,0,40,137,3,180,0,70,121,0,191,0,110,258,3,371,12,0,12,383
10/22/2020,ADS,TX,ASW,CE,Towers with Radar,1,27,129,0,157,0,56,124,2,182,1,83,253,2,339,10,0,10,349
10/23/2020,ADS,TX,ASW,CE,Towers with Radar,1,23,81,2,107,0,0,8,0,8,1,23,89,2,115,0,0,0,115
10/24/2020,ADS,TX,ASW,CE,Towers with Radar,0,26,73,0,99,0,88,215,0,303,0,114,288,0,402,0,0,0,402
10/25/2020,ADS,TX,ASW,CE,Towers with Radar,1,25,130,0,156,0,0,2,0,2,1,25,132,0,158,0,0,0,158
10/26/2020,ADS,TX,ASW,CE,Towers with Radar,0,20,51,0,71,0,0,0,0,0,0,20,51,0,71,0,0,0,71
10/27/2020,ADS,TX,ASW,CE,Towers with Radar,0,15,55,0,70,0,0,0,0,0,0,15,55,0,70,0,0,0,70
10/28/2020,ADS,TX,ASW,CE,Towers with Radar,0,24,57,0,81,0,0,0,0,0,0,24,57,0,81,0,0,0,81
10/29/2020,ADS,TX,ASW,CE,Towers with Radar,1,27,110,0,138,0,25,67,0,92,1,52,177,0,230,0,0,0,230
10/30/2020,ADS,TX,ASW,CE,Towers with Radar,0,25,100,0,125,0,99,336,1,436,0,124,436,1,561,4,0,4,565
10/31/2020,ADS,TX,ASW,CE,Towers with Radar,0,18,68,0,86,0,89,247,1,337,0,107,315,1,423,0,0,0,423
11/01/2020,ADS,TX,ASW,CE,Towers with Radar,0,24,74,0,98,0,75,179,0,254,0,99,253,0,352,5,0,5,357
11/02/2020,ADS,TX,ASW,CE,Towers with Radar,1,25,84,2,112,0,78,228,0,306,1,103,312,2,418,2,0,2,420
11/03/2020,ADS,TX,ASW,CE,Towers with Radar,1,29,70,0,100,0,90,208,0,298,1,119,278,0,398,4,0,4,402
11/04/2020,ADS,TX,ASW,CE,Towers with Radar,1,22,83,0,106,0,77,186,0,263,1,99,269,0,369,0,0,0,369
11/05/2020,ADS,TX,ASW,CE,Towers with Radar,0,38,102,0,140,0,41,114,0,155,0,79,216,0,295,9,0,9,304
11/06/2020,ADS,TX,ASW,CE,Towers with Radar,1,28,85,0,114,0,63,155,0,218,1,91,240,0,332,13,0,13,345
11/07/2020,ADS,TX,ASW,CE,Towers with Radar,0,15,56,0,71,0,69,260,0,329,0,84,316,0,400,3,0,3,403
11/08/2020,ADS,TX,ASW,CE,Towers with Radar,0,32,89,0,121,0,34,53,0,87,0,66,142,0,208,0,0,0,208
11/09/2020,ADS,TX,ASW,CE,Towers with Radar,0,35,85,0,120,0,57,79,0,136,0,92,164,0,256,4,0,4,260
11/10/2020,ADS,TX,ASW,CE,Towers with Radar,0,29,81,0,110,0,74,177,0,251,0,103,258,0,361,2,0,2,363
11/11/2020,ADS,TX,ASW,CE,Towers with Radar,0,28,92,3,123,0,81,240,1,322,0,109,332,4,445,4,0,4,449
11/12/2020,ADS,TX,ASW,CE,Towers with Radar,0,24,88,0,112,0,78,188,2,268,0,102,276,2,380,4,0,4,384
11/13/2020,ADS,TX,ASW,CE,Towers with Radar,0,24,100,0,124,0,68,161,3,232,0,92,261,3,356,0,10,10,366
11/14/2020,ADS,TX,ASW,CE,Towers with Radar,0,20,63,0,83,0,2,33,1,36,0,22,96,1,119,7,0,7,126
11/15/2020,ADS,TX,ASW,CE,Towers with Radar,1,22,74,0,97,0,76,202,0,278,1,98,276,0,375,3,0,3,378
11/16/2020,ADS,TX,ASW,CE,Towers with Radar,0,26,70,0,96,0,85,199,0,284,0,111,269,0,380,2,0,2,382
11/17/2020,ADS,TX,ASW,CE,Towers with Radar,0,23,94,0,117,0,104,220,0,324,0,127,314,0,441,12,0,12,453
11/18/2020,ADS,TX,ASW,CE,Towers with Radar,0,30,83,0,113,0,61,187,0,248,0,91,270,0,361,23,0,23,384
11/19/2020,ADS,TX,ASW,CE,Towers with Radar,0,34,103,0,137,0,8,90,1,99,0,42,193,1,236,0,0,0,236
11/20/2020,ADS,TX,ASW,CE,Towers with Radar,1,41,125,0,167,0,16,102,0,118,1,57,227,0,285,12,0,12,297
11/21/2020,ADS,TX,ASW,CE,Towers with Radar,0,15,86,0,101,0,42,101,0,143,0,57,187,0,244,6,0,6,250
11/22/2020,ADS,TX,ASW,CE,Towers with Radar,0,23,93,1,117,0,4,10,0,14,0,27,103,1,131,6,0,6,137
11/23/2020,ADS,TX,ASW,CE,Towers with Radar,2,35,106,0,143,0,39,88,2,129,2,74,194,2,272,22,0,22,294
11/24/2020,ADS,TX,ASW,CE,Towers with Radar,0,26,73,0,99,0,0,11,0,11,0,26,84,0,110,3,0,3,113
11/25/2020,ADS,TX,ASW,CE,Towers with Radar,0,23,67,0,90,0,80,239,0,319,0,103,306,0,409,5,0,5,414
11/26/2020,ADS,TX,ASW,CE,Towers with Radar,0,7,14,0,21,0,14,89,0,103,0,21,103,0,124,7,0,7,131
11/27/2020,ADS,TX,ASW,CE,Towers with Radar,0,24,57,0,81,0,44,93,0,137,0,68,150,0,218,0,0,0,218
11/28/2020,ADS,TX,ASW,CE,Towers with Radar,0,24,62,1,87,0,35,41,0,76,0,59,103,1,163,0,0,0,163
11/29/2020,ADS,TX,ASW,CE,Towers with Radar,0,31,105,0,136,0,20,44,0,64,0,51,149,0,200,17,0,17,217
11/30/2020,ADS,TX,ASW,CE,Towers with Radar,0,21,70,1,92,0,58,183,3,244,0,79,253,4,336,2,0,2,338
12/01/2020,ADS,TX,ASW,CE,Towers with Radar,0,26,83,0,109,0,56,151,0,207,0,82,234,0,316,7,0,7,323
12/02/2020,ADS,TX,ASW,CE,Towers with Radar,0,36,106,0,142,0,18,33,1,52,0,54,139,1,194,0,0,0,194
12/03/2020,ADS,TX,ASW,CE,Towers with Radar,0,33,80,0,113,0,30,37,0,67,0,63,117,0,180,78,0,78,258
12/04/2020,ADS,TX,ASW,CE,Towers with Radar,0,29,96,0,125,0,75,255,0,330,0,104,351,0,455,6,0,6,461
12/05/2020,ADS,TX,ASW,CE,Towers with Radar,0,12,63,0,75,0,74,212,1,287,0,86,275,1,362,3,0,3,365
12/06/2020,ADS,TX,ASW,CE,Towers with Radar,0,17,66,0,83,0,59,185,0,244,0,76,251,0,327,6,0,6,333
12/07/2020,ADS,TX,ASW,CE,Towers with Radar,0,19,70,0,89,0,78,200,0,278,0,97,270,0,367,3,0,3,370
12/08/2020,ADS,TX,ASW,CE,Towers with Radar,0,17,77,0,94,0,83,225,0,308,0,100,302,0,402,0,0,0,402
12/09/2020,ADS,TX,ASW,CE,Towers with Radar,1,30,68,0,99,0,83,227,0,310,1,113,295,0,409,0,0,0,409
12/10/2020,ADS,TX,ASW,CE,Towers with Radar,0,37,89,3,129,0,96,209,2,307,0,133,298,5,436,0,0,0,436
12/11/2020,ADS,TX,ASW,CE,Towers with Radar,0,21,52,0,73,0,10,33,1,44,0,31,85,1,117,0,0,0,117
12/12/2020,ADS,TX,ASW,CE,Towers with Radar,0,16,46,2,64,0,77,220,5,302,0,93,266,7,366,8,0,8,374
12/13/2020,ADS,TX,ASW,CE,Towers with Radar,0,18,48,0,66,0,0,0,0,0,0,18,48,0,66,0,0,0,66
12/14/2020,ADS,TX,ASW,CE,Towers with Radar,0,34,62,0,96,0,81,204,0,285,0,115,266,0,381,11,0,11,392
12/15/2020,ADS,TX,ASW,CE,Towers with Radar,0,26,49,0,75,0,0,0,0,0,0,26,49,0,75,0,0,0,75
12/16/2020,ADS,TX,ASW,CE,Towers with Radar,0,23,120,0,143,0,56,86,0,142,0,79,206,0,285,35,0,35,320
12/17/2020,ADS,TX,ASW,CE,Towers with Radar,0,27,101,0,128,0,80,236,0,316,0,107,337,0,444,6,0,6,450
12/18/2020,ADS,TX,ASW,CE,Towers with Radar,0,24,113,0,137,0,47,143,0,190,0,71,256,0,327,8,0,8,335
12/19/2020,ADS,TX,ASW,CE,Towers with Radar,0,35,76,0,111,0,15,52,0,67,0,50,128,0,178,0,0,0,178
12/20/2020,ADS,TX,ASW,CE,Towers with Radar,0,23,71,0,94,0,79,229,0,308,0,102,300,0,402,0,0,0,402
12/21/2020,ADS,TX,ASW,CE,Towers with Radar,1,22,69,0,92,0,73,199,0,272,1,95,268,0,364,7,0,7,371
12/22/2020,ADS,TX,ASW,CE,Towers with Radar,0,30,94,0,124,0,58,155,0,213,0,88,249,0,337,0,0,0,337
12/23/2020,ADS,TX,ASW,CE,Towers with Radar,0,28,86,1,115,0,7,63,0,70,0,35,149,1,185,5,0,5,190
12/24/2020,ADS,TX,ASW,CE,Towers with Radar,0,15,19,0,34,0,25,83,0,108,0,40,102,0,142,8,0,8,150
12/25/2020,ADS,TX,ASW,CE,Towers with Radar,0,14,29,0,43,0,12,39,0,51,0,26,68,0,94,18,0,18,112
12/26/2020,ADS,TX,ASW,CE,Towers with Radar,0,19,84,0,103,0,44,181,0,225,0,63,265,0,328,0,0,0,328
12/27/2020,ADS,TX,ASW,CE,Towers with Radar,0,27,83,0,110,0,32,114,1,147,0,59,197,1,257,22,0,22,279
12/28/2020,ADS,TX,ASW,CE,Towers with Radar,2,34,78,0,114,0,60,103,0,163,2,94,181,0,277,30,0,30,307
12/29/2020,ADS,TX,ASW,CE,Towers with Radar,0,30,69,1,100,0,21,23,0,44,0,51,92,1,144,0,0,0,144
12/30/2020,ADS,TX,ASW,CE,Towers with Radar,0,15,48,0,63,0,0,1,0,1,0,15,49,0,64,0,0,0,64
12/31/2020,ADS,TX,ASW,CE,Towers with Radar,0,9,16,0,25,0,0,0,0,0,0,9,16,0,25,0,0,0,25
01/01/2021,ADS,TX,ASW,CE,Towers with Radar,0,12,30,0,42,0,3,8,0,11,0,15,38,0,53,8,0,8,61
01/02/2021,ADS,TX,ASW,CE,Towers with Radar,0,28,72,0,100,0,82,212,2,296,0,110,284,2,396,0,0,0,396
01/03/2021,ADS,TX,ASW,CE,Towers with Radar,1,14,87,0,102,0,71,184,1,256,1,85,271,1,358,5,0,5,363
01/04/2021,ADS,TX,ASW,CE,Towers with Radar,0,24,64,2,90,0,83,165,0,248,0,107,229,2,338,11,0,11,349
01/05/2021,ADS,TX,ASW,CE,Towers with Radar,1,24,61,0,86,0,72,168,0,240,1,96,229,0,326,22,0,22,348
01/06/2021,ADS,TX,ASW,CE,Towers with Radar,0,23,63,0,86,0,1,21,0,22,0,24,84,0,108,2,0,2,110
01/07/2021,ADS,TX,ASW,CE,Towers with Radar,0,36,62,0,98,0,43,113,1,157,0,79,175,1,255,49,0,49,304
01/08/2021,ADS,TX,ASW,CE,Towers with Radar,0,16,77,0,93,0,65,140,0,205,0,81,217,0,298,4,0,4,302
01/09/2021,ADS,TX,ASW,CE,Towers with Radar,1,24,57,0,82,0,92,202,0,294,1,116,259,0,376,0,0,0,376
01/10/2021,ADS,TX,ASW,CE,Towers with Radar,0,3,26,0,29,0,1,0,0,1,0,4,26,0,30,0,0,0,30
01/11/2021,ADS,TX,ASW,CE,Towers with Radar,1,22,65,0,88,0,66,143,0,209,1,88,208,0,297,0,0,0,297
01/12/2021,ADS,TX,ASW,CE,Towers with Radar,0,29,67,0,96,0,91,224,6,321,0,120,291,6,417,0,0,0,417
01/13/2021,ADS,TX,ASW,CE,Towers with Radar,0,37,77,0,114,0,72,210,0,282,0,109,287,0,396,13,0,13,409
01/14/2021,ADS,TX,ASW,CE,Towers with Radar,0,19,87,2,108,0,12,68,0,80,0,31,155,2,188,4,0,4,192
01/15/2021,ADS,TX,ASW,CE,Towers with Radar,0,23,50,0,73,0,4,34,2,40,0,27,84,2,113,0,0,0,113
01/16/2021,ADS,TX,ASW,CE,Towers with Radar,2,20,40,0,62,0,77,216,2,295,2,97,256,2,357,11,0,11,368
01/17/2021,ADS,TX,ASW,CE,Towers with Radar,0,16,57,1,74,0,74,162,1,237,0,90,219,2,311,4,0,4,315
01/18/2021,ADS,TX,ASW,CE,Towers with Radar,0,18,86,0,104,0,54,158,1,213,0,72,244,1,317,0,0,0,317
01/19/2021,ADS,TX,ASW,CE,Towers with Radar,0,12,56,0,68,0,47,65,0,112,0,59,121,0,180,2,0,2,182
01/20/2021,ADS,TX,ASW,CE,Towers with Radar,0,20,90,1,111,0,20,11,0,31,0,40,101,1,142,0,0,0,142
01/21/2021,ADS,TX,ASW,CE,Towers with Radar,2,30,87,2,121,0,57,97,0,154,2,87,184,2,275,2,0,2,277
01/22/2021,ADS,TX,ASW,CE,Towers with Radar,2,32,97,1,132,0,1,0,0,1,2,33,97,1,133,0,0,0,133
01/23/2021,ADS,TX,ASW,CE,Towers with Radar,2,15,72,0,89,0,0,1,0,1,2,15,73,0,90,0,0,0,90
01/24/2021,ADS,TX,ASW,CE,Towers with Radar,0,8,27,0,35,0,0,0,0,0,0,8,27,0,35,0,0,0,35
01/25/2021,ADS,TX,ASW,CE,Towers with Radar,0,28,59,0,87,1,39,154,0,194,1,67,213,0,281,15,0,15,296
01/26/2021,ADS,TX,ASW,CE,Towers with Radar,0,20,69,0,89,0,133,256,0,389,0,153,325,0,478,5,0,5,483
01/27/2021,ADS,TX,ASW,CE,Towers with Radar,1,25,67,0,93,1,83,206,1,291,2,108,273,1,384,5,0,5,389
01/28/2021,ADS,TX,ASW,CE,Towers with Radar,0,26,104,0,130,0,82,225,0,307,0,108,329,0,437,0,0,0,437
01/29/2021,ADS,TX,ASW,CE,Towers with Radar,0,29,79,0,108,0,53,183,0,236,0,82,262,0,344,0,0,0,344
01/30/2021,ADS,TX,ASW,CE,Towers with Radar,0,13,21,2,36,0,0,2,0,2,0,13,23,2,38,0,0,0,38
01/31/2021,ADS,TX,ASW,CE,Towers with Radar,0,21,65,0,86,0,19,88,0,107,0,40,153,0,193,0,0,0,193
02/01/2021,ADS,TX,ASW,CE,Towers with Radar,0,30,71,0,101,0,90,194,1,285,0,120,265,1,386,6,0,6,392
02/02/2021,ADS,TX,ASW,CE,Towers with Radar,0,27,87,0,114,0,109,220,0,329,0,136,307,0,443,14,0,14,457
02/03/2021,ADS,TX,ASW,CE,Towers with Radar,0,24,77,0,101,0,57,182,0,239,0,81,259,0,340,8,0,8,348
02/04/2021,ADS,TX,ASW,CE,Towers with Radar,0,21,90,0,111,0,10,86,0,96,0,31,176,0,207,11,0,11,218
02/05/2021,ADS,TX,ASW,CE,Towers with Radar,0,27,78,0,105,0,70,224,0,294,0,97,302,0,399,15,0,15,414
02/06/2021,ADS,TX,ASW,CE,Towers with Radar,0,17,83,0,100,0,20,60,0,80,0,37,143,0,180,6,0,6,186
02/07/2021,ADS,TX,ASW,CE,Towers with Radar,0,11,86,0,97,0,40,115,0,155,0,51,201,0,252,4,0,4,256
02/08/2021,ADS,TX,ASW,CE,Towers with Radar,0,28,81,0,109,0,16,27,0,43,0,44,108,0,152,0,0,0,152
02/09/2021,ADS,TX,ASW,CE,Towers with Radar,0,25,74,2,101,0,0,0,0,0,0,25,74,2,101,0,0,0,101
02/10/2021,ADS,TX,ASW,CE,Towers with Radar,0,16,40,0,56,0,0,0,0,0,0,16,40,0,56,0,0,0,56
02/11/2021,ADS,TX,ASW,CE,Towers with Radar,0,24,53,0,77,0,0,4,0,4,0,24,57,0,81,0,0,0,81
02/12/2021,ADS,TX,ASW,CE,Towers with Radar,0,25,52,0,77,0,1,23,0,24,0,26,75,0,101,18,0,18,119
02/13/2021,ADS,TX,ASW,CE,Towers with Radar,0,18,20,0,38,0,17,40,0,57,0,35,60,0,95,6,0,6,101
02/14/2021,ADS,TX,ASW,CE,Towers with Radar,0,0,5,0,5,0,0,0,0,0,0,0,5,0,5,0,0,0,5
02/15/2021,ADS,TX,ASW,CE,Towers with Radar,0,4,16,0,20,0,1,2,0,3,0,5,18,0,23,0,0,0,23
02/16/2021,ADS,TX,ASW,CE,Towers with Radar,0,14,30,0,44,0,0,8,0,8,0,14,38,0,52,0,0,0,52
02/17/2021,ADS,TX,ASW,CE,Towers with Radar,0,3,12,0,15,0,0,2,0,2,0,3,14,0,17,0,0,0,17
02/18/2021,ADS,TX,ASW,CE,Towers with Radar,0,5,31,0,36,0,4,13,0,17,0,9,44,0,53,0,0,0,53
02/19/2021,ADS,TX,ASW,CE,Towers with Radar,0,18,43,0,61,0,57,63,1,121,0,75,106,1,182,16,0,16,198
02/20/2021,ADS,TX,ASW,CE,Towers with Radar,1,16,53,0,70,0,81,179,0,260,1,97,232,0,330,5,0,5,335
02/21/2021,ADS,TX,ASW,CE,Towers with Radar,1,29,75,0,105,0,15,65,1,81,1,44,140,1,186,0,0,0,186
02/22/2021,ADS,TX,ASW,CE,Towers with Radar,0,34,53,0,87,0,83,218,1,302,0,117,271,1,389,17,0,17,406
02/23/2021,ADS,TX,ASW,CE,Towers with Radar,0,30,64,0,94,0,73,199,0,272,0,103,263,0,366,30,0,30,396
02/24/2021,ADS,TX,ASW,CE,Towers with Radar,1,26,90,0,117,0,45,226,0,271,1,71,316,0,388,10,0,10,398
02/25/2021,ADS,TX,ASW,CE,Towers with Radar,0,35,109,0,144,0,41,93,0,134,0,76,202,0,278,0,0,0,278
02/26/2021,ADS,TX,ASW,CE,Towers with Radar,0,39,136,0,175,0,0,16,0,16,0,39,152,0,191,0,0,0,191
02/27/2021,ADS,TX,ASW,CE,Towers with Radar,0,11,43,0,54,0,0,3,0,3,0,11,46,0,57,0,0,0,57
02/28/2021,ADS,TX,ASW,CE,Towers with Radar,0,17,67,0,84,0,0,10,0,10,0,17,77,0,94,4,0,4,98
03/01/2021,ADS,TX,ASW,CE,Towers with Radar,0,23,75,0,98,0,44,81,0,125,0,67,156,0,223,0,0,0,223
03/02/2021,ADS,TX,ASW,CE,Towers with Radar,0,32,96,4,132,0,92,214,0,306,0,124,310,4,438,2,0,2,440
03/03/2021,ADS,TX,ASW,CE,Towers with Radar,0,42,70,0,112,0,90,231,0,321,0,132,301,0,433,0,0,0,433
03/04/2021,ADS,TX,ASW,CE,Towers with Radar,0,32,84,1,117,0,74,223,0,297,0,106,307,1,414,0,0,0,414
03/05/2021,ADS,TX,ASW,CE,Towers with Radar,0,27,121,0,148,0,35,96,0,131,0,62,217,0,279,4,0,4,283
03/06/2021,ADS,TX,ASW,CE,Towers with Radar,1,26,65,0,92,0,70,196,0,266,1,96,261,0,358,12,0,12,370
03/07/2021,ADS,TX,ASW,CE,Towers with Radar,1,31,74,1,107,0,74,192,0,266,1,105,266,1,373,9,0,9,382
03/08/2021,ADS,TX,ASW,CE,Towers with Radar,0,21,74,0,95,0,62,182,2,246,0,83,256,2,341,7,0,7,348
03/09/2021,ADS,TX,ASW,CE,Towers with Radar,0,35,111,0,146,0,12,64,0,76,0,47,175,0,222,0,0,0,222
03/10/2021,ADS,TX,ASW,CE,Towers with Radar,1,24,88,0,113,0,3,47,0,50,1,27,135,0,163,0,0,0,163
03/11/2021,ADS,TX,ASW,CE,Towers with Radar,1,24,103,0,128,0,21,88,0,109,1,45,191,0,237,0,0,0,237
03/12/2021,ADS,TX,ASW,CE,Towers with Radar,0,32,126,0,158,0,14,33,0,47,0,46,159,0,205,0,0,0,205
03/13/2021,ADS,TX,ASW,CE,Towers with Radar,0,20,97,0,117,0,40,53,0,93,0,60,150,0,210,0,0,0,210
03/14/2021,ADS,TX,ASW,CE,Towers with Radar,0,28,70,0,98,0,44,93,0,137,0,72,163,0,235,4,0,4,239
03/15/2021,ADS,TX,ASW,CE,Towers with Radar,0,16,81,1,98,0,55,171,0,226,0,71,252,1,324,7,0,7,331
03/16/2021,ADS,TX,ASW,CE,Towers with Radar,1,35,99,1,136,0,69,123,0,192,1,104,222,1,328,43,0,43,371
03/17/2021,ADS,TX,ASW,CE,Towers with Radar,1,29,40,0,70,0,9,32,0,41,1,38,72,0,111,0,0,0,111
03/18/2021,ADS,TX,ASW,CE,Towers with Radar,0,29,81,0,110,0,38,144,0,182,0,67,225,0,292,4,0,4,296
03/19/2021,ADS,TX,ASW,CE,Towers with Radar,0,25,105,0,130,0,70,251,0,321,0,95,356,0,451,3,0,3,454
03/20/2021,ADS,TX,ASW,CE,Towers with Radar,1,18,97,0,116,0,64,235,0,299,1,82,332,0,415,17,0,17,432
03/21/2021,ADS,TX,ASW,CE,Towers with Radar,0,16,91,0,107,0,62,180,0,242,0,78,271,0,349,10,0,10,359
03/22/2021,ADS,TX,ASW,CE,Towers with Radar,0,13,76,0,89,0,2,9,0,11,0,15,85,0,100,14,0,14,114
03/23/2021,ADS,TX,ASW,CE,Towers with Radar,1,38,87,0,126,0,54,188,0,242,1,92,275,0,368,4,0,4,372
03/24/2021,ADS,TX,ASW,CE,Towers with Radar,0,32,94,0,126,0,57,135,0,192,0,89,229,0,318,10,0,10,328
03/25/2021,ADS,TX,ASW,CE,Towers with Radar,0,35,111,2,148,0,25,115,0,140,0,60,226,2,288,4,0,4,292
03/26/2021,ADS,TX,ASW,CE,Towers with Radar,0,25,101,0,126,0,60,229,0,289,0,85,330,0,415,6,0,6,421
03/27/2021,ADS,TX,ASW,CE,Towers with Radar,0,19,83,0,102,0,20,90,0,110,0,39,173,0,212,32,0,32,244
03/28/2021,ADS,TX,ASW,CE,Towers with Radar,0,31,86,1,118,0,46,165,0,211,0,77,251,1,329,41,0,41,370
03/29/2021,ADS,TX,ASW,CE,Towers with Radar,0,25,76,0,101,0,80,148,0,228,0,105,224,0,329,0,0,0,329
03/30/2021,ADS,TX,ASW,CE,Towers with Radar,0,43,100,3,146,0,21,75,0,96,0,64,175,3,242,2,0,2,244
03/31/2021,ADS,TX,ASW,CE,Towers with Radar,1,35,91,0,127,0,15,99,0,114,1,50,190,0,241,0,0,0,241
04/01/2021,ADS,TX,ASW,CE,Towers with Radar,0,31,110,0,141,0,97,226,0,323,0,128,336,0,464,0,0,0,464
04/02/2021,ADS,TX,ASW,CE,Towers with Radar,0,43,78,0,121,0,72,211,0,283,0,115,289,0,404,0,0,0,404
04/03/2021,ADS,TX,ASW,CE,Towers with Radar,0,9,67,0,76,0,59,192,2,253,0,68,259,2,329,15,0,15,344
04/04/2021,ADS,TX,ASW,CE,Towers with Radar,0,24,62,0,86,0,21,104,0,125,0,45,166,0,211,26,0,26,237
04/05/2021,ADS,TX,ASW,CE,Towers with Radar,0,30,102,0,132,0,33,134,0,167,0,63,236,0,299,1,0,1,300
04/06/2021,ADS,TX,ASW,CE,Towers with Radar,0,34,123,0,157,0,2,27,1,30,0,36,150,1,187,8,0,8,195
04/07/2021,ADS,TX,ASW,CE,Towers with Radar,0,40,112,1,153,0,10,99,0,109,0,50,211,1,262,8,0,8,270
04/08/2021,ADS,TX,ASW,CE,Towers with Radar,0,34,99,0,133,0,87,230,0,317,0,121,329,0,450,1,0,1,451
04/09/2021,ADS,TX,ASW,CE,Towers with Radar,0,21,91,1,113,0,15,51,0,66,0,36,142,1,179,12,0,12,191
04/10/2021,ADS,TX,ASW,CE,Towers with Radar,0,8,46,0,54,0,69,164,1,234,0,77,210,1,288,13,0,13,301
04/11/2021,ADS,TX,ASW,CE,Towers with Radar,0,27,72,0,99,0,58,197,0,255,0,85,269,0,354,12,0,12,366
04/12/2021,ADS,TX,ASW,CE,Towers with Radar,0,32,92,0,124,0,52,167,0,219,0,84,259,0,343,7,0,7,350
04/13/2021,ADS,TX,ASW,CE,Towers with Radar,0,11,69,4,84,0,57,147,0,204,0,68,216,4,288,18,0,18,306
04/14/2021,ADS,TX,ASW,CE,Towers with Radar,0,43,83,2,128,0,20,46,0,66,0,63,129,2,194,6,0,6,200
04/15/2021,ADS,TX,ASW,CE,Towers with Radar,1,27,110,1,139,0,13,27,0,40,1,40,137,1,179,0,0,0,179
04/16/2021,ADS,TX,ASW,CE,Towers with Radar,0,17,59,0,76,0,0,0,0,0,0,17,59,0,76,0,0,0,76
04/17/2021,ADS,TX,ASW,CE,Towers with Radar,0,10,84,0,94,0,56,124,0,180,0,66,208,0,274,3,0,3,277
04/18/2021,ADS,TX,ASW,CE,Towers with Radar,0,30,91,0,121,0,72,189,0,261,0,102,280,0,382,4,0,4,386
04/19/2021,ADS,TX,ASW,CE,Towers with Radar,1,41,77,0,119,0,63,205,2,270,1,104,282,2,389,0,0,0,389
04/20/2021,ADS,TX,ASW,CE,Towers with Radar,0,29,76,0,105,0,50,133,4,187,0,79,209,4,292,8,0,8,300
04/21/2021,ADS,TX,ASW,CE,Towers with Radar,0,23,99,0,122,0,82,240,0,322,0,105,339,0,444,15,0,15,459
04/22/2021,ADS,TX,ASW,CE,Towers with Radar,0,33,115,0,148,0,61,155,0,216,0,94,270,0,364,0,0,0,364
04/23/2021,ADS,TX,ASW,CE,Towers with Radar,0,28,57,0,85,0,0,1,0,1,0,28,58,0,86,0,0,0,86
04/24/2021,ADS,TX,ASW,CE,Towers with Radar,0,18,79,0,97,0,43,107,0,150,0,61,186,0,247,5,0,5,252
04/25/2021,ADS,TX,ASW,CE,Towers with Radar,0,13,76,1,90,0,43,199,0,242,0,56,275,1,332,13,0,13,345
04/26/2021,ADS,TX,ASW,CE,Towers with Radar,0,34,97,2,133,0,20,122,0,142,0,54,219,2,275,0,0,0,275
04/27/2021,ADS,TX,ASW,CE,Towers with Radar,0,29,126,1,156,0,8,11,0,19,0,37,137,1,175,21,0,21,196
04/28/2021,ADS,TX,ASW,CE,Towers with Radar,0,30,76,1,107,0,4,27,0,31,0,34,103,1,138,0,0,0,138
04/29/2021,ADS,TX,ASW,CE,Towers with Radar,1,29,93,3,126,0,0,5,0,5,1,29,98,3,131,0,0,0,131
04/30/2021,ADS,TX,ASW,CE,Towers with Radar,2,14,105,0,121,0,16,44,0,60,2,30,149,0,181,9,0,9,190
05/01/2021,ADS,TX,ASW,CE,Towers with Radar,0,29,52,0,81,0,9,44,0,53,0,38,96,0,134,0,0,0,134
05/02/2021,ADS,TX,ASW,CE,Towers with Radar,0,28,110,0,138,0,31,110,0,141,0,59,220,0,279,0,0,0,279
05/03/2021,ADS,TX,ASW,CE,Towers with Radar,0,26,99,2,127,0,40,126,0,166,0,66,225,2,293,0,0,0,293
05/04/2021,ADS,TX,ASW,CE,Towers with Radar,0,51,107,0,158,0,45,118,0,163,0,96,225,0,321,4,0,4,325
05/05/2021,ADS,TX,ASW,CE,Towers with Radar,0,34,112,0,146,0,80,291,0,371,0,114,403,0,517,18,0,18,535
05/06/2021,ADS,TX,ASW,CE,Towers with Radar,0,39,119,2,160,0,61,241,1,303,0,100,360,3,463,18,0,18,481
05/07/2021,ADS,TX,ASW,CE,Towers with Radar,1,19,103,1,124,0,47,202,0,249,1,66,305,1,373,0,0,0,373
05/08/2021,ADS,TX,ASW,CE,Towers with Radar,0,21,64,0,85,0,6,44,0,50,0,27,108,0,135,8,0,8,143
05/09/2021,ADS,TX,ASW,CE,Towers with Radar,0,22,55,1,78,0,18,62,0,80,0,40,117,1,158,0,0,0,158
05/10/2021,ADS,TX,ASW,CE,Towers with Radar,0,30,88,0,118,0,0,0,0,0,0,30,88,0,118,0,0,0,118
05/11/2021,ADS,TX,ASW,CE,Towers with Radar,0,10,80,0,90,0,0,0,0,0,0,10,80,0,90,0,0,0,90
05/12/2021,ADS,TX,ASW,CE,Towers with Radar,0,38,157,0,195,0,2,23,0,25,0,40,180,0,220,0,0,0,220
05/13/2021,ADS,TX,ASW,CE,Towers with Radar,0,29,118,0,147,0,90,268,0,358,0,119,386,0,505,28,0,28,533
05/14/2021,ADS,TX,ASW,CE,Towers with Radar,0,26,113,0,139,0,51,230,0,281,0,77,343,0,420,8,0,8,428
05/15/2021,ADS,TX,ASW,CE,Towers with Radar,0,21,60,0,81,0,62,222,0,284,0,83,282,0,365,35,0,35,400
05/16/2021,ADS,TX,ASW,CE,Towers with Radar,0,34,111,0,145,0,0,4,0,4,0,34,115,0,149,0,0,0,149
05/17/2021,ADS,TX,ASW,CE,Towers with Radar,0,17,88,0,105,0,23,97,0,120,0,40,185,0,225,10,0,10,235
05/18/2021,ADS,TX,ASW,CE,Towers with Radar,0,41,67,0,108,0,2,23,0,25,0,43,90,0,133,8,0,8,141
05/19/2021,ADS,TX,ASW,CE,Towers with Radar,0,26,112,0,138,0,62,186,2,250,0,88,298,2,388,5,0,5,393
05/20/2021,ADS,TX,ASW,CE,Towers with Radar,0,40,141,0,181,0,5,56,0,61,0,45,197,0,242,13,0,13,255
05/21/2021,ADS,TX,ASW,CE,Towers with Radar,0,33,100,0,133,0,19,85,1,105,0,52,185,1,238,10,0,10,248
05/22/2021,ADS,TX,ASW,CE,Towers with Radar,0,21,70,0,91,0,0,7,0,7,0,21,77,0,98,0,0,0,98
05/23/2021,ADS,TX,ASW,CE,Towers with Radar,0,29,79,0,108,0,58,114,0,172,0,87,193,0,280,20,0,20,300
05/24/2021,ADS,TX,ASW,CE,Towers with Radar,0,28,91,0,119,0,0,34,0,34,0,28,125,0,153,2,0,2,155
05/25/2021,ADS,TX,ASW,CE,Towers with Radar,0,42,93,0,135,0,30,119,0,149,0,72,212,0,284,0,0,0,284
05/26/2021,ADS,TX,ASW,CE,Towers with Radar,2,66,106,0,174,0,60,218,0,278,2,126,324,0,452,10,0,10,462
05/27/2021,ADS,TX,ASW,CE,Towers with Radar,0,51,144,0,195,0,54,177,1,232,0,105,321,1,427,3,0,3,430
05/28/2021,ADS,TX,ASW,CE,Towers with Radar,0,19,111,0,130,0,23,111,0,134,0,42,222,0,264,0,0,0,264
05/29/2021,ADS,TX,ASW,CE,Towers with Radar,0,12,53,1,66,0,57,197,0,254,0,69,250,1,320,3,0,3,323
05/30/2021,ADS,TX,ASW,CE,Towers with Radar,0,12,66,0,78,0,42,75,0,117,0,54,141,0,195,9,0,9,204
05/31/2021,ADS,TX,ASW,CE,Towers with Radar,0,5,106,1,112,0,2,12,0,14,0,7,118,1,126,7,0,7,133
06/01/2021,ADS,TX,ASW,CE,Towers with Radar,0,37,103,0,140,0,31,48,0,79,0,68,151,0,219,4,0,4,223
06/02/2021,ADS,TX,ASW,CE,Towers with Radar,0,41,105,0,146,0,73,243,0,316,0,114,348,0,462,14,0,14,476
06/03/2021,ADS,TX,ASW,CE,Towers with Radar,0,22,104,0,126,0,74,197,0,271,0,96,301,0,397,14,0,14,411
06/04/2021,ADS,TX,ASW,CE,Towers with Radar,0,28,112,0,140,0,41,188,6,235,0,69,300,6,375,26,0,26,401
06/05/2021,ADS,TX,ASW,CE,Towers with Radar,0,25,63,0,88,0,26,71,0,97,0,51,134,0,185,0,0,0,185
06/06/2021,ADS,TX,ASW,CE,Towers with Radar,0,40,114,0,154,0,54,97,0,151,0,94,211,0,305,18,0,18,323
06/07/2021,ADS,TX,ASW,CE,Towers with Radar,0,51,82,0,133,0,8,32,0,40,0,59,114,0,173,0,0,0,173
06/08/2021,ADS,TX,ASW,CE,Towers with Radar,0,52,117,0,169,0,67,149,1,217,0,119,266,1,386,0,0,0,386
06/09/2021,ADS,TX,ASW,CE,Towers with Radar,0,34,117,0,151,0,61,128,0,189,0,95,245,0,340,3,0,3,343
06/10/2021,ADS,TX,ASW,CE,Towers with Radar,0,26,142,0,168,0,51,156,0,207,0,77,298,0,375,0,0,0,375
06/11/2021,ADS,TX,ASW,CE,Towers with Radar,0,22,112,0,134,0,43,180,0,223,0,65,292,0,357,9,0,9,366
06/12/2021,ADS,TX,ASW,CE,Towers with Radar,2,9,76,1,88,0,56,184,0,240,2,65,260,1,328,6,0,6,334
06/13/2021,ADS,TX,ASW,CE,Towers with Radar,0,27,74,1,102,0,73,233,0,306,0,100,307,1,408,14,0,14,422
06/14/2021,ADS,TX,ASW,CE,Towers with Radar,0,32,87,0,119,0,67,205,3,275,0,99,292,3,394,7,0,7,401
06/15/2021,ADS,TX,ASW,CE,Towers with Radar,0,18,86,0,104,0,88,223,0,311,0,106,309,0,415,4,0,4,419
06/16/2021,ADS,TX,ASW,CE,Towers with Radar,1,32,92,0,125,0,81,202,0,283,1,113,294,0,408,2,0,2,410
06/17/2021,ADS,TX,ASW,CE,Towers with Radar,0,33,139,0,172,0,63,214,0,277,0,96,353,0,449,1,0,1,450
06/18/2021,ADS,TX,ASW,CE,Towers with Radar,0,27,101,1,129,0,65,226,2,293,0,92,327,3,422,6,0,6,428
06/19/2021,ADS,TX,ASW,CE,Towers with Radar,0,15,54,0,69,0,71,226,2,299,0,86,280,2,368,19,0,19,387
06/20/2021,ADS,TX,ASW,CE,Towers with Radar,0,15,95,0,110,0,46,155,0,201,0,61,250,0,311,4,0,4,315
06/21/2021,ADS,TX,ASW,CE,Towers with Radar,1,56,89,0,146,0,13,48,0,61,1,69,137,0,207,0,0,0,207
06/22/2021,ADS,TX,ASW,CE,Towers with Radar,1,36,104,0,141,0,91,182,0,273,1,127,286,0,414,3,0,3,417
06/23/2021,ADS,TX,ASW,CE,Towers with Radar,1,47,133,1,182,0,43,127,0,170,1,90,260,1,352,0,0,0,352
06/24/2021,ADS,TX,ASW,CE,Towers with Radar,0,55,109,2,166,0,66,185,0,251,0,121,294,2,417,0,0,0,417
06/25/2021,ADS,TX,ASW,CE,Towers with Radar,0,41,119,0,160,0,42,155,0,197,0,83,274,0,357,10,0,10,367
06/26/2021,ADS,TX,ASW,CE,Towers with Radar,0,27,76,0,103,0,42,139,0,181,0,69,215,0,284,13,0,13,297
06/27/2021,ADS,TX,ASW,CE,Towers with Radar,0,42,86,0,128,0,50,80,0,130,0,92,166,0,258,0,0,0,258
06/28/2021,ADS,TX,ASW,CE,Towers with Radar,0,28,72,2,102,0,11,26,0,37,0,39,98,2,139,0,0,0,139
06/29/2021,ADS,TX,ASW,CE,Towers with Radar,0,30,80,0,110,0,43,77,0,120,0,73,157,0,230,10,0,10,240
06/30/2021,ADS,TX,ASW,CE,Towers with Radar,0,41,122,1,164,0,62,120,1,183,0,103,242,2,347,2,0,2,349
07/01/2021,ADS,TX,ASW,CE,Towers with Radar,0,48,100,0,148,0,83,161,1,245,0,131,261,1,393,14,0,14,407
07/02/2021,ADS,TX,ASW,CE,Towers with Radar,0,23,104,1,128,0,9,40,0,49,0,32,144,1,177,11,0,11,188
07/03/2021,ADS,TX,ASW,CE,Towers with Radar,0,19,58,0,77,0,35,79,3,117,0,54,137,3,194,2,0,2,196
07/04/2021,ADS,TX,ASW,CE,Towers with Radar,0,11,31,0,42,0,59,101,0,160,0,70,132,0,202,10,0,10,212
07/05/2021,ADS,TX,ASW,CE,Towers with Radar,0,29,87,1,117,0,54,158,0,212,0,83,245,1,329,8,0,8,337
07/06/2021,ADS,TX,ASW,CE,Towers with Radar,0,38,111,0,149,0,78,132,1,211,0,116,243,1,360,5,0,5,365
07/07/2021,ADS,TX,ASW,CE,Towers with Radar,0,34,90,0,124,0,85,197,2,284,0,119,287,2,408,0,0,0,408
07/08/2021,ADS,TX,ASW,CE,Towers with Radar,0,42,99,2,143,0,75,207,0,282,0,117,306,2,425,4,0,4,429
07/09/2021,ADS,TX,ASW,CE,Towers with Radar,0,42,121,0,163,0,26,65,0,91,0,68,186,0,254,4,0,4,258
07/10/2021,ADS,TX,ASW,CE,Towers with Radar,0,20,89,0,109,0,34,98,0,132,0,54,187,0,241,2,0,2,243
07/11/2021,ADS,TX,ASW,CE,Towers with Radar,0,20,60,0,80,0,27,135,1,163,0,47,195,1,243,13,0,13,256
07/12/2021,ADS,TX,ASW,CE,Towers with Radar,0,32,93,2,127,0,50,153,0,203,0,82,246,2,330,32,0,32,362
07/13/2021,ADS,TX,ASW,CE,Towers with Radar,0,45,110,0,155,0,76,246,0,322,0,121,356,0,477,2,0,2,479
07/14/2021,ADS,TX,ASW,CE,Towers with Radar,0,38,106,0,144,0,87,189,0,276,0,125,295,0,420,2,0,2,422
07/15/2021,ADS,TX,ASW,CE,Towers with Radar,0,54,119,0,173,0,49,160,0,209,0,103,279,0,382,2,0,2,384
07/16/2021,ADS,TX,ASW,CE,Towers with Radar,0,56,137,2,195,0,38,157,1,196,0,94,294,3,391,21,0,21,412
07/17/2021,ADS,TX,ASW,CE,Towers with Radar,0,23,94,2,119,0,69,185,1,255,0,92,279,3,374,15,0,15,389
07/18/2021,ADS,TX,ASW,CE,Towers with Radar,0,30,104,1,135,0,64,131,0,195,0,94,235,1,330,0,0,0,330
07/19/2021,ADS,TX,ASW,CE,Towers with Radar,0,32,81,0,113,0,23,37,0,60,0,55,118,0,173,53,0,53,226
07/20/2021,ADS,TX,ASW,CE,Towers with Radar,0,45,107,0,152,0,60,157,1,218,0,105,264,1,370,2,0,2,372
07/21/2021,ADS,TX,ASW,CE,Towers with Radar,0,42,121,0,163,0,89,203,0,292,0,131,324,0,455,2,0,2,457
07/22/2021,ADS,TX,ASW,CE,Towers with Radar,0,43,108,1,152,0,67,215,0,282,0,110,323,1,434,4,0,4,438
07/23/2021,ADS,TX,ASW,CE,Towers with Radar,0,30,107,0,137,0,35,183,0,218,0,65,290,0,355,0,0,0,355
07/24/2021,ADS,TX,ASW,CE,Towers with Radar,0,15,62,0,77,0,76,177,0,253,0,91,239,0,330,17,0,17,347
07/25/2021,ADS,TX,ASW,CE,Towers with Radar,0,35,94,0,129,0,59,169,0,228,0,94,263,0,357,18,0,18,375
07/26/2021,ADS,TX,ASW,CE,Towers with Radar,1,43,94,0,138,0,61,154,0,215,1,104,248,0,353,2,0,2,355
07/27/2021,ADS,TX,ASW,CE,Towers with Radar,0,30,95,0,125,0,82,155,0,237,0,112,250,0,362,3,0,3,365
07/28/2021,ADS,TX,ASW,CE,Towers with Radar,0,37,95,2,134,0,73,196,0,269,0,110,291,2,403,0,0,0,403
07/29/2021,ADS,TX,ASW,CE,Towers with Radar,0,28,109,0,137,0,83,203,0,286,0,111,312,0,423,30,0,30,453
07/30/2021,ADS,TX,ASW,CE,Towers with Radar,0,30,84,1,115,0,80,191,0,271,0,110,275,1,386,7,0,7,393
07/31/2021,ADS,TX,ASW,CE,Towers with Radar,0,29,62,0,91,0,86,172,0,258,0,115,234,0,349,2,0,2,351
08/01/2021,ADS,TX,ASW,CE,Towers with Radar,0,33,85,1,119,0,47,110,0,157,0,80,195,1,276,22,0,22,298
08/02/2021,ADS,TX,ASW,CE,Towers with Radar,0,41,97,0,138,0,29,49,0,78,0,70,146,0,216,1,0,1,217
08/03/2021,ADS,TX,ASW,CE,Towers with Radar,0,31,110,0,141,0,69,190,0,259,0,100,300,0,400,0,0,0,400
08/04/2021,ADS,TX,ASW,CE,Towers with Radar,0,36,106,2,144,0,72,194,2,268,0,108,300,4,412,3,0,3,415
08/05/2021,ADS,TX,ASW,CE,Towers with Radar,0,35,101,0,136,0,61,154,0,215,0,96,255,0,351,7,0,7,358
08/06/2021,ADS,TX,ASW,CE,Towers with Radar,0,32,94,2,128,0,66,184,0,250,0,98,278,2,378,2,0,2,380
08/07/2021,ADS,TX,ASW,CE,Towers with Radar,0,25,75,0,100,0,49,113,0,162,0,74,188,0,262,0,0,0,262
08/08/2021,ADS,TX,ASW,CE,Towers with Radar,0,32,121,1,154,0,24,106,0,130,0,56,227,1,284,1,0,1,285
08/09/2021,ADS,TX,ASW,CE,Towers with Radar,0,29,90,2,121,0,28,106,2,136,0,57,196,4,257,5,0,5,262
08/10/2021,ADS,TX,ASW,CE,Towers with Radar,0,36,100,0,136,0,53,144,0,197,0,89,244,0,333,0,0,0,333
08/11/2021,ADS,TX,ASW,CE,Towers with Radar,1,33,95,2,131,0,47,193,0,240,1,80,288,2,371,9,0,9,380
08/12/2021,ADS,TX,ASW,CE,Towers with Radar,0,41,115,0,156,0,70,173,0,243,0,111,288,0,399,2,0,2,401
08/13/2021,ADS,TX,ASW,CE,Towers with Radar,0,34,88,1,123,0,76,217,0,293,0,110,305,1,416,7,0,7,423
08/14/2021,ADS,TX,ASW,CE,Towers with Radar,0,18,60,2,80,0,33,113,0,146,0,51,173,2,226,4,0,4,230
08/15/2021,ADS,TX,ASW,CE,Towers with Radar,0,26,100,0,126,0,43,130,0,173,0,69,230,0,299,16,0,16,315
08/16/2021,ADS,TX,ASW,CE,Towers with Radar,0,33,91,1,125,0,56,148,1,205,0,89,239,2,330,0,0,0,330
08/17/2021,ADS,TX,ASW,CE,Towers with Radar,0,37,68,1,106,0,32,77,1,110,0,69,145,2,216,0,0,0,216
08/18/2021,ADS,TX,ASW,CE,Towers with Radar,1,29,101,0,131,0,1,12,0,13,1,30,113,0,144,0,0,0,144
08/19/2021,ADS,TX,ASW,CE,Towers with Radar,0,28,113,2,143,0,30,103,0,133,0,58,216,2,276,0,0,0,276
08/20/2021,ADS,TX,ASW,CE,Towers with Radar,0,27,102,1,130,0,64,177,0,241,0,91,279,1,371,28,0,28,399
08/21/2021,ADS,TX,ASW,CE,Towers with Radar,0,16,45,4,65,0,84,218,0,302,0,100,263,4,367,8,0,8,375
08/22/2021,ADS,TX,ASW,CE,Towers with Radar,0,25,77,0,102,0,72,173,0,245,0,97,250,0,347,14,0,14,361
08/23/2021,ADS,TX,ASW,CE,Towers with Radar,2,23,115,3,143,0,79,154,4,237,2,102,269,7,380,2,0,2,382
08/24/2021,ADS,TX,ASW,CE,Towers with Radar,1,43,92,1,137,0,73,165,1,239,1,116,257,2,376,2,0,2,378
08/25/2021,ADS,TX,ASW,CE,Towers with Radar,0,43,91,0,134,0,80,193,0,273,0,123,284,0,407,10,0,10,417
08/26/2021,ADS,TX,ASW,CE,Towers with Radar,0,26,99,2,127,0,71,189,0,260,0,97,288,2,387,6,0,6,393
08/27/2021,ADS,TX,ASW,CE,Towers with Radar,0,29,93,2,124,0,65,171,0,236,0,94,264,2,360,3,0,3,363
08/28/2021,ADS,TX,ASW,CE,Towers with Radar,0,15,51,0,66,0,60,195,0,255,0,75,246,0,321,8,0,8,329
08/29/2021,ADS,TX,ASW,CE,Towers with Radar,0,24,109,0,133,0,30,80,0,110,0,54,189,0,243,6,0,6,249
08/30/2021,ADS,TX,ASW,CE,Towers with Radar,0,21,63,0,84,0,67,145,0,212,0,88,208,0,296,22,0,22,318
08/31/2021,ADS,TX,ASW,CE,Towers with Radar,1,36,90,0,127,0,64,175,0,239,1,100,265,0,366,12,0,12,378
09/01/2021,ADS,TX,ASW,CE,Towers with Radar,1,38,98,2,139,0,66,183,0,249,1,104,281,2,388,11,0,11,399
09/02/2021,ADS,TX,ASW,CE,Towers with Radar,0,40,142,0,182,0,79,183,0,262,0,119,325,0,444,4,0,4,448
09/03/2021,ADS,TX,ASW,CE,Towers with Radar,0,41,105,1,147,0,57,192,0,249,0,98,297,1,396,2,0,2,398
09/04/2021,ADS,TX,ASW,CE,Towers with Radar,0,21,43,0,64,0,74,176,0,250,0,95,219,0,314,8,0,8,322
09/05/2021,ADS,TX,ASW,CE,Towers with Radar,0,12,57,0,69,0,58,80,0,138,0,70,137,0,207,20,0,20,227
09/06/2021,ADS,TX,ASW,CE,Towers with Radar,0,38,144,0,182,0,42,118,0,160,0,80,262,0,342,4,0,4,346
09/07/2021,ADS,TX,ASW,CE,Towers with Radar,0,35,98,2,135,0,57,181,0,238,0,92,279,2,373,4,0,4,377
09/08/2021,ADS,TX,ASW,CE,Towers with Radar,0,39,92,0,131,0,49,158,0,207,0,88,250,0,338,22,0,22,360
09/09/2021,ADS,TX,ASW,CE,Towers with Radar,0,26,110,0,136,0,65,188,0,253,0,91,298,0,389,2,0,2,391
09/10/2021,ADS,TX,ASW,CE,Towers with Radar,0,23,118,1,142,0,64,209,0,273,0,87,327,1,415,2,0,2,417
09/11/2021,ADS,TX,ASW,CE,Towers with Radar,0,20,54,0,74,0,71,163,1,235,0,91,217,1,309,0,0,0,309
09/12/2021,ADS,TX,ASW,CE,Towers with Radar,0,31,102,1,134,0,62,211,0,273,0,93,313,1,407,22,0,22,429
09/13/2021,ADS,TX,ASW,CE,Towers with Radar,0,25,110,0,135,0,28,76,0,104,0,53,186,0,239,0,0,0,239
09/14/2021,ADS,TX,ASW,CE,Towers with Radar,0,27,105,0,132,0,53,135,0,188,0,80,240,0,320,6,0,6,326
09/15/2021,ADS,TX,ASW,CE,Towers with Radar,0,34,105,2,141,0,57,159,0,216,0,91,264,2,357,0,0,0,357
09/16/2021,ADS,TX,ASW,CE,Towers with Radar,0,43,102,1,146,0,58,182,0,240,0,101,284,1,386,2,0,2,388
09/17/2021,ADS,TX,ASW,CE,Towers with Radar,0,39,130,0,169,0,36,168,0,204,0,75,298,0,373,2,0,2,375
09/18/2021,ADS,TX,ASW,CE,Towers with Radar,0,24,58,0,82,0,53,190,1,244,0,77,248,1,326,30,0,30,356
09/19/2021,ADS,TX,ASW,CE,Towers with Radar,0,45,121,1,167,0,50,133,0,183,0,95,254,1,350,2,0,2,352
09/20/2021,ADS,TX,ASW,CE,Towers with Radar,0,34,92,0,126,0,50,128,0,178,0,84,220,0,304,10,0,10,314
09/21/2021,ADS,TX,ASW,CE,Towers with Radar,0,31,94,0,125,0,26,115,0,141,0,57,209,0,266,18,0,18,284
09/22/2021,ADS,TX,ASW,CE,Towers with Radar,0,25,118,0,143,0,73,178,0,251,0,98,296,0,394,2,0,2,396
09/23/2021,ADS,TX,ASW,CE,Towers with Radar,0,37,146,0,183,0,75,220,0,295,0,112,366,0,478,4,0,4,482
09/24/2021,ADS,TX,ASW,CE,Towers with Radar,0,31,134,0,165,0,57,212,0,269,0,88,346,0,434,2,0,2,436
09/25/2021,ADS,TX,ASW,CE,Towers with Radar,0,34,65,0,99,0,62,184,2,248,0,96,249,2,347,18,0,18,365
09/26/2021,ADS,TX,ASW,CE,Towers with Radar,0,46,146,0,192,0,45,214,0,259,0,91,360,0,451,0,0,0,451
09/27/2021,ADS,TX,ASW,CE,Towers with Radar,0,46,141,0,187,0,71,175,0,246,0,117,316,0,433,0,0,0,433
09/28/2021,ADS,TX,ASW,CE,Towers with Radar,0,41,108,0,149,0,56,170,0,226,0,97,278,0,375,0,0,0,375
09/29/2021,ADS,TX,ASW,CE,Towers with Radar,0,50,103,0,153,0,71,116,0,187,0,121,219,0,340,18,0,18,358
09/30/2021,ADS,TX,ASW,CE,Towers with Radar,0,59,121,0,180,0,24,67,0,91,0,83,188,0,271,27,0,27,298
10/01/2021,ADS,TX,ASW,CE,Towers with Radar,0,31,98,1,130,0,28,83,0,111,0,59,181,1,241,19,0,19,260
10/02/2021,ADS,TX,ASW,CE,Towers with Radar,0,26,65,0,91,0,10,57,0,67,0,36,122,0,158,15,0,15,173
10/03/2021,ADS,TX,ASW,CE,Towers with Radar,0,38,134,1,173,0,55,191,0,246,0,93,325,1,419,13,0,13,432
10/04/2021,ADS,TX,ASW,CE,Towers with Radar,0,42,106,0,148,0,54,183,0,237,0,96,289,0,385,0,0,0,385
10/05/2021,ADS,TX,ASW,CE,Towers with Radar,0,34,137,0,171,0,70,229,0,299,0,104,366,0,470,3,0,3,473
10/06/2021,ADS,TX,ASW,CE,Towers with Radar,0,33,120,0,153,0,55,211,0,266,0,88,331,0,419,3,0,3,422
10/07/2021,ADS,TX,ASW,CE,Towers with Radar,1,45,117,0,163,0,65,206,0,271,1,110,323,0,434,10,0,10,444
10/08/2021,ADS,TX,ASW,CE,Towers with Radar,3,51,200,1,255,0,26,218,0,244,3,77,418,1,499,8,0,8,507
10/09/2021,ADS,TX,ASW,CE,Towers with Radar,0,26,71,0,97,0,24,211,0,235,0,50,282,0,332,2,0,2,334
10/10/2021,ADS,TX,ASW,CE,Towers with Radar,0,39,166,1,206,0,0,39,0,39,0,39,205,1,245,17,0,17,262
10/11/2021,ADS,TX,ASW,CE,Towers with Radar,2,55,138,2,197,0,58,227,0,285,2,113,365,2,482,0,0,0,482
10/12/2021,ADS,TX,ASW,CE,Towers with Radar,0,54,138,0,192,0,10,28,0,38,0,64,166,0,230,0,0,0,230
10/13/2021,ADS,TX,ASW,CE,Towers with Radar,0,33,116,2,151,0,4,10,0,14,0,37,126,2,165,0,0,0,165
10/14/2021,ADS,TX,ASW,CE,Towers with Radar,0,65,148,0,213,0,14,40,0,54,0,79,188,0,267,24,0,24,291
10/15/2021,ADS,TX,ASW,CE,Towers with Radar,0,61,128,1,190,0,22,67,1,90,0,83,195,2,280,0,0,0,280
10/16/2021,ADS,TX,ASW,CE,Towers with Radar,0,28,71,0,99,0,64,217,0,281,0,92,288,0,380,4,0,4,384
10/17/2021,ADS,TX,ASW,CE,Towers with Radar,0,47,118,1,166,0,68,234,0,302,0,115,352,1,468,8,0,8,476
10/18/2021,ADS,TX,ASW,CE,Towers with Radar,0,31,131,1,163,0,67,235,1,303,0,98,366,2,466,6,0,6,472
10/19/2021,ADS,TX,ASW,CE,Towers with Radar,0,40,117,0,157,0,73,197,0,270,0,113,314,0,427,0,0,0,427
10/20/2021,ADS,TX,ASW,CE,Towers with Radar,0,47,162,0,209,0,70,172,0,242,0,117,334,0,451,41,0,41,492
10/21/2021,ADS,TX,ASW,CE,Towers with Radar,0,61,156,2,219,0,92,201,0,293,0,153,357,2,512,13,0,13,525
10/22/2021,ADS,TX,ASW,CE,Towers with Radar,0,35,118,0,153,0,59,202,0,261,0,94,320,0,414,14,0,14,428
10/23/2021,ADS,TX,ASW,CE,Towers with Radar,0,30,105,0,135,0,22,121,0,143,0,52,226,0,278,4,0,4,282
10/24/2021,ADS,TX,ASW,CE,Towers with Radar,1,43,157,0,201,0,13,46,0,59,1,56,203,0,260,0,0,0,260
10/25/2021,ADS,TX,ASW,CE,Towers with Radar,0,22,117,0,139,0,84,232,1,317,0,106,349,1,456,0,0,0,456
10/26/2021,ADS,TX,ASW,CE,Towers with Radar,0,46,147,0,193,0,6,42,0,48,0,52,189,0,241,0,0,0,241
10/27/2021,ADS,TX,ASW,CE,Towers with Radar,2,33,96,0,131,0,4,23,0,27,2,37,119,0,158,0,0,0,158
10/28/2021,ADS,TX,ASW,CE,Towers with Radar,1,23,121,0,145,0,4,21,0,25,1,27,142,0,170,0,0,0,170
10/29/2021,ADS,TX,ASW,CE,Towers with Radar,0,32,124,0,156,0,6,78,0,84,0,38,202,0,240,0,0,0,240
10/30/2021,ADS,TX,ASW,CE,Towers with Radar,0,25,78,1,104,0,79,251,0,330,0,104,329,1,434,15,0,15,449
10/31/2021,ADS,TX,ASW,CE,Towers with Radar,0,30,108,0,138,0,72,217,1,290,0,102,325,1,428,0,0,0,428
11/01/2021,ADS,TX,ASW,CE,Towers with Radar,0,41,106,1,148,0,87,220,1,308,0,128,326,2,456,2,0,2,458
11/02/2021,ADS,TX,ASW,CE,Towers with Radar,0,50,139,0,189,0,21,26,0,47,0,71,165,0,236,0,0,0,236
11/03/2021,ADS,TX,ASW,CE,Towers with Radar,0,48,141,0,189,0,0,0,0,0,0,48,141,0,189,0,0,0,189
11/04/2021,ADS,TX,ASW,CE,Towers with Radar,0,38,152,1,191,0,81,161,0,242,0,119,313,1,433,6,0,6,439
11/05/2021,ADS,TX,ASW,CE,Towers with Radar,1,51,170,3,225,0,55,228,0,283,1,106,398,3,508,3,0,3,511
11/06/2021,ADS,TX,ASW,CE,Towers with Radar,0,27,71,0,98,0,59,220,0,279,0,86,291,0,377,50,0,50,427
11/07/2021,ADS,TX,ASW,CE,Towers with Radar,0,39,141,0,180,0,71,181,0,252,0,110,322,0,432,34,0,34,466
11/08/2021,ADS,TX,ASW,CE,Towers with Radar,2,51,128,1,182,0,67,147,0,214,2,118,275,1,396,28,0,28,424
11/09/2021,ADS,TX,ASW,CE,Towers with Radar,0,46,134,1,181,0,80,159,0,239,0,126,293,1,420,0,0,0,420
11/10/2021,ADS,TX,ASW,CE,Towers with Radar,1,46,168,0,215,0,7,25,0,32,1,53,193,0,247,20,0,20,267
11/11/2021,ADS,TX,ASW,CE,Towers with Radar,0,64,142,0,206,0,67,233,2,302,0,131,375,2,508,24,0,24,532
11/12/2021,ADS,TX,ASW,CE,Towers with Radar,0,36,124,0,160,0,66,215,0,281,0,102,339,0,441,0,0,0,441
11/13/2021,ADS,TX,ASW,CE,Towers with Radar,0,30,84,0,114,0,68,247,0,315,0,98,331,0,429,34,0,34,463
11/14/2021,ADS,TX,ASW,CE,Towers with Radar,0,42,134,0,176,0,67,209,0,276,0,109,343,0,452,16,0,16,468
11/15/2021,ADS,TX,ASW,CE,Towers with Radar,0,41,125,2,168,0,81,189,0,270,0,122,314,2,438,2,0,2,440
11/16/2021,ADS,TX,ASW,CE,Towers with Radar,0,35,137,2,174,0,12,66,0,78,0,47,203,2,252,0,0,0,252
11/17/2021,ADS,TX,ASW,CE,Towers with Radar,0,41,160,0,201,0,18,90,0,108,0,59,250,0,309,0,0,0,309
11/18/2021,ADS,TX,ASW,CE,Towers with Radar,0,41,175,0,216,0,62,115,0,177,0,103,290,0,393,0,0,0,393
11/19/2021,ADS,TX,ASW,CE,Towers with Radar,0,55,172,0,227,0,56,216,1,273,0,111,388,1,500,0,0,0,500
11/20/2021,ADS,TX,ASW,CE,Towers with Radar,0,31,98,0,129,0,52,166,0,218,0,83,264,0,347,5,0,5,352
11/21/2021,ADS,TX,ASW,CE,Towers with Radar,0,48,120,0,168,0,23,53,0,76,0,71,173,0,244,0,0,0,244
11/22/2021,ADS,TX,ASW,CE,Towers with Radar,0,44,106,0,150,0,94,173,0,267,0,138,279,0,417,18,0,18,435
11/23/2021,ADS,TX,ASW,CE,Towers with Radar,0,36,147,0,183,0,77,199,0,276,0,113,346,0,459,38,0,38,497
11/24/2021,ADS,TX,ASW,CE,Towers with Radar,2,24,111,0,137,0,22,86,0,108,2,46,197,0,245,0,0,0,245
11/25/2021,ADS,TX,ASW,CE,Towers with Radar,0,17,17,0,34,0,0,31,0,31,0,17,48,0,65,3,0,3,68
11/26/2021,ADS,TX,ASW,CE,Towers with Radar,0,27,71,1,99,0,48,174,0,222,0,75,245,1,321,6,0,6,327
11/27/2021,ADS,TX,ASW,CE,Towers with Radar,0,37,102,0,139,0,46,56,0,102,0,83,158,0,241,15,0,15,256
11/28/2021,ADS,TX,ASW,CE,Towers with Radar,0,54,184,1,239,0,44,151,0,195,0,98,335,1,434,0,0,0,434
11/29/2021,ADS,TX,ASW,CE,Towers with Radar,1,45,117,0,163,0,70,191,0,261,1,115,308,0,424,0,0,0,424
11/30/2021,ADS,TX,ASW,CE,Towers with Radar,0,35,134,0,169,0,84,176,1,261,0,119,310,1,430,4,0,4,434
12/01/2021,ADS,TX,ASW,CE,Towers with Radar,2,39,136,1,178,0,72,197,0,269,2,111,333,1,447,10,0,10,457
12/02/2021,ADS,TX,ASW,CE,Towers with Radar,0,35,150,2,187,0,61,153,0,214,0,96,303,2,401,1,0,1,402
12/03/2021,ADS,TX,ASW,CE,Towers with Radar,1,33,133,1,168,0,26,43,0,69,1,59,176,1,237,0,0,0,237
12/04/2021,ADS,TX,ASW,CE,Towers with Radar,1,34,86,0,121,0,16,48,0,64,1,50,134,0,185,6,0,6,191
12/05/2021,ADS,TX,ASW,CE,Towers with Radar,0,33,108,0,141,0,18,41,0,59,0,51,149,0,200,0,0,0,200
12/06/2021,ADS,TX,ASW,CE,Towers with Radar,0,41,110,0,151,0,15,59,1,75,0,56,169,1,226,5,0,5,231
12/07/2021,ADS,TX,ASW,CE,Towers with Radar,0,34,126,0,160,0,88,205,0,293,0,122,331,0,453,1,0,1,454
12/08/2021,ADS,TX,ASW,CE,Towers with Radar,0,41,150,3,194,0,16,44,0,60,0,57,194,3,254,0,0,0,254
12/09/2021,ADS,TX,ASW,CE,Towers with Radar,0,37,191,0,228,0,39,144,1,184,0,76,335,1,412,19,0,19,431
12/10/2021,ADS,TX,ASW,CE,Towers with Radar,0,27,149,1,177,0,32,81,0,113,0,59,230,1,290,0,0,0,290
12/11/2021,ADS,TX,ASW,CE,Towers with Radar,0,23,93,0,116,0,49,199,0,248,0,72,292,0,364,2,0,2,366
12/12/2021,ADS,TX,ASW,CE,Towers with Radar,0,29,96,0,125,0,64,197,0,261,0,93,293,0,386,10,0,10,396
12/13/2021,ADS,TX,ASW,CE,Towers with Radar,0,35,104,0,139,0,79,184,0,263,0,114,288,0,402,0,0,0,402
12/14/2021,ADS,TX,ASW,CE,Towers with Radar,0,48,155,0,203,0,2,17,0,19,0,50,172,0,222,5,0,5,227
12/15/2021,ADS,TX,ASW,CE,Towers with Radar,0,35,140,0,175,0,4,42,2,48,0,39,182,2,223,6,0,6,229
12/16/2021,ADS,TX,ASW,CE,Towers with Radar,0,42,188,0,230,0,38,105,0,143,0,80,293,0,373,5,0,5,378
12/17/2021,ADS,TX,ASW,CE,Towers with Radar,0,34,143,0,177,0,7,46,1,54,0,41,189,1,231,0,0,0,231
12/18/2021,ADS,TX,ASW,CE,Towers with Radar,0,33,79,1,113,0,3,48,1,52,0,36,127,2,165,0,0,0,165
12/19/2021,ADS,TX,ASW,CE,Towers with Radar,1,29,89,0,119,0,50,197,0,247,1,79,286,0,366,22,0,22,388
12/20/2021,ADS,TX,ASW,CE,Towers with Radar,0,36,92,1,129,0,55,141,0,196,0,91,233,1,325,0,0,0,325
12/21/2021,ADS,TX,ASW,CE,Towers with Radar,1,29,122,0,152,0,72,189,0,261,1,101,311,0,413,20,0,20,433
12/22/2021,ADS,TX,ASW,CE,Towers with Radar,3,41,128,0,172,0,65,216,0,281,3,106,344,0,453,0,0,0,453
12/23/2021,ADS,TX,ASW,CE,Towers with Radar,1,39,113,0,153,0,21,137,0,158,1,60,250,0,311,4,0,4,315
12/24/2021,ADS,TX,ASW,CE,Towers with Radar,1,14,38,0,53,0,3,33,0,36,1,17,71,0,89,25,0,25,114
12/25/2021,ADS,TX,ASW,CE,Towers with Radar,0,25,38,0,63,0,0,19,0,19,0,25,57,0,82,0,0,0,82
12/26/2021,ADS,TX,ASW,CE,Towers with Radar,0,35,117,0,152,0,2,43,0,45,0,37,160,0,197,7,0,7,204
12/27/2021,ADS,TX,ASW,CE,Towers with Radar,0,32,125,0,157,0,43,115,0,158,0,75,240,0,315,0,0,0,315
12/28/2021,ADS,TX,ASW,CE,Towers with Radar,0,29,107,2,138,0,35,114,0,149,0,64,221,2,287,4,0,4,291
12/29/2021,ADS,TX,ASW,CE,Towers with Radar,0,29,106,2,137,0,25,63,0,88,0,54,169,2,225,8,0,8,233
12/30/2021,ADS,TX,ASW,CE,Towers with Radar,0,19,135,2,156,0,74,199,0,273,0,93,334,2,429,12,0,12,441
12/31/2021,ADS,TX,ASW,CE,Towers with Radar,0,13,68,0,81,0,1,6,0,7,0,14,74,0,88,16,0,16,104
01/01/2022,ADS,TX,ASW,CE,Towers with Radar,0,35,54,0,89,0,0,20,0,20,0,35,74,0,109,0,0,0,109
01/02/2022,ADS,TX,ASW,CE,Towers with Radar,0,29,144,0,173,0,19,70,0,89,0,48,214,0,262,4,0,4,266
01/03/2022,ADS,TX,ASW,CE,Towers with Radar,0,27,156,0,183,0,66,175,1,242,0,93,331,1,425,0,0,0,425
01/04/2022,ADS,TX,ASW,CE,Towers with Radar,0,26,119,0,145,0,40,139,0,179,0,66,258,0,324,0,0,0,324
01/05/2022,ADS,TX,ASW,CE,Towers with Radar,0,23,97,0,120,0,61,166,0,227,0,84,263,0,347,21,0,21,368
01/06/2022,ADS,TX,ASW,CE,Towers with Radar,0,19,86,0,105,0,17,119,0,136,0,36,205,0,241,0,0,0,241
01/07/2022,ADS,TX,ASW,CE,Towers with Radar,0,26,125,0,151,0,73,155,0,228,0,99,280,0,379,0,0,0,379
01/08/2022,ADS,TX,ASW,CE,Towers with Radar,0,17,64,0,81,0,0,0,0,0,0,17,64,0,81,0,0,0,81
01/09/2022,ADS,TX,ASW,CE,Towers with Radar,0,28,115,0,143,0,2,22,0,24,0,30,137,0,167,12,0,12,179
01/10/2022,ADS,TX,ASW,CE,Towers with Radar,0,27,109,0,136,0,72,167,0,239,0,99,276,0,375,2,0,2,377
01/11/2022,ADS,TX,ASW,CE,Towers with Radar,0,29,95,0,124,0,71,157,0,228,0,100,252,0,352,5,0,5,357
01/12/2022,ADS,TX,ASW,CE,Towers with Radar,0,29,108,0,137,0,67,235,0,302,0,96,343,0,439,22,0,22,461
01/13/2022,ADS,TX,ASW,CE,Towers with Radar,0,35,118,0,153,0,62,228,0,290,0,97,346,0,443,0,0,0,443
01/14/2022,ADS,TX,ASW,CE,Towers with Radar,0,23,118,0,141,0,59,175,4,238,0,82,293,4,379,4,0,4,383
01/15/2022,ADS,TX,ASW,CE,Towers with Radar,0,18,38,0,56,0,0,6,0,6,0,18,44,0,62,0,0,0,62
01/16/2022,ADS,TX,ASW,CE,Towers with Radar,0,25,78,0,103,0,68,178,0,246,0,93,256,0,349,0,0,0,349
01/17/2022,ADS,TX,ASW,CE,Towers with Radar,0,32,119,0,151,0,79,206,0,285,0,111,325,0,436,10,0,10,446
01/18/2022,ADS,TX,ASW,CE,Towers with Radar,0,37,95,4,136,0,28,117,0,145,0,65,212,4,281,0,0,0,281
01/19/2022,ADS,TX,ASW,CE,Towers with Radar,0,37,82,0,119,0,31,103,1,135,0,68,185,1,254,0,0,0,254
01/20/2022,ADS,TX,ASW,CE,Towers with Radar,0,37,101,0,138,0,33,116,1,150,0,70,217,1,288,2,0,2,290
01/21/2022,ADS,TX,ASW,CE,Towers with Radar,0,27,96,0,123,0,67,210,0,277,0,94,306,0,400,8,0,8,408
01/22/2022,ADS,TX,ASW,CE,Towers with Radar,0,19,58,0,77,0,75,233,0,308,0,94,291,0,385,28,0,28,413
01/23/2022,ADS,TX,ASW,CE,Towers with Radar,0,41,75,1,117,0,57,197,0,254,0,98,272,1,371,0,0,0,371
01/24/2022,ADS,TX,ASW,CE,Towers with Radar,0,44,80,0,124,0,57,116,0,173,0,101,196,0,297,14,0,14,311
01/25/2022,ADS,TX,ASW,CE,Towers with Radar,0,22,90,1,113,0,60,148,0,208,0,82,238,1,321,2,0,2,323
01/26/2022,ADS,TX,ASW,CE,Towers with Radar,0,28,107,0,135,0,71,174,0,245,0,99,281,0,380,12,0,12,392
01/27/2022,ADS,TX,ASW,CE,Towers with Radar,0,35,98,3,136,0,95,159,0,254,0,130,257,3,390,28,0,28,418
01/28/2022,ADS,TX,ASW,CE,Towers with Radar,0,19,116,0,135,7,66,145,0,218,7,85,261,0,353,2,0,2,355
01/29/2022,ADS,TX,ASW,CE,Towers with Radar,0,10,44,0,54,0,45,151,2,198,0,55,195,2,252,18,0,18,270
01/30/2022,ADS,TX,ASW,CE,Towers with Radar,0,45,120,1,166,0,67,174,0,241,0,112,294,1,407,16,0,16,423
01/31/2022,ADS,TX,ASW,CE,Towers with Radar,0,27,105,0,132,0,68,141,0,209,0,95,246,0,341,10,0,10,351
02/01/2022,ADS,TX,ASW,CE,Towers with Radar,0,32,129,0,161,0,28,91,0,119,0,60,220,0,280,0,0,0,280
02/02/2022,ADS,TX,ASW,CE,Towers with Radar,0,30,88,0,118,0,0,1,0,1,0,30,89,0,119,0,0,0,119
02/03/2022,ADS,TX,ASW,CE,Towers with Radar,0,2,5,0,7,0,0,0,0,0,0,2,5,0,7,0,0,0,7
02/04/2022,ADS,TX,ASW,CE,Towers with Radar,0,17,52,0,69,0,1,14,0,15,0,18,66,0,84,5,0,5,89
02/05/2022,ADS,TX,ASW,CE,Towers with Radar,2,20,73,0,95,0,55,151,0,206,2,75,224,0,301,4,0,4,305
02/06/2022,ADS,TX,ASW,CE,Towers with Radar,3,25,91,0,119,0,75,205,0,280,3,100,296,0,399,4,0,4,403
02/07/2022,ADS,TX,ASW,CE,Towers with Radar,2,38,110,1,151,0,70,197,0,267,2,108,307,1,418,0,0,0,418
02/08/2022,ADS,TX,ASW,CE,Towers with Radar,2,43,112,1,158,0,64,168,1,233,2,107,280,2,391,2,0,2,393
02/09/2022,ADS,TX,ASW,CE,Towers with Radar,1,52,103,0,156,0,76,219,2,297,1,128,322,2,453,20,0,20,473
02/10/2022,ADS,TX,ASW,CE,Towers with Radar,2,39,129,2,172,0,84,237,1,322,2,123,366,3,494,0,0,0,494
02/11/2022,ADS,TX,ASW,CE,Towers with Radar,2,34,139,1,176,0,54,204,0,258,2,88,343,1,434,0,0,0,434
02/12/2022,ADS,TX,ASW,CE,Towers with Radar,2,17,50,0,69,0,13,89,1,103,2,30,139,1,172,2,0,2,174
02/13/2022,ADS,TX,ASW,CE,Towers with Radar,3,23,82,0,108,0,67,180,1,248,3,90,262,1,356,0,0,0,356
02/14/2022,ADS,TX,ASW,CE,Towers with Radar,1,43,103,0,147,0,60,194,1,255,1,103,297,1,402,2,0,2,404
02/15/2022,ADS,TX,ASW,CE,Towers with Radar,2,22,102,0,126,0,18,92,0,110,2,40,194,0,236,2,0,2,238
02/16/2022,ADS,TX,ASW,CE,Towers with Radar,3,35,107,0,145,0,0,9,1,10,3,35,116,1,155,0,0,0,155
02/17/2022,ADS,TX,ASW,CE,Towers with Radar,5,27,132,2,166,0,1,11,0,12,5,28,143,2,178,0,0,0,178
02/18/2022,ADS,TX,ASW,CE,Towers with Radar,2,27,117,1,147,0,98,218,1,317,2,125,335,2,464,4,0,4,468
02/19/2022,ADS,TX,ASW,CE,Towers with Radar,1,16,57,0,74,0,76,259,0,335,1,92,316,0,409,0,0,0,409
02/20/2022,ADS,TX,ASW,CE,Towers with Radar,0,22,101,1,124,0,31,165,0,196,0,53,266,1,320,0,0,0,320
02/21/2022,ADS,TX,ASW,CE,Towers with Radar,0,21,159,0,180,0,21,57,0,78,0,42,216,0,258,2,0,2,260
02/22/2022,ADS,TX,ASW,CE,Towers with Radar,0,31,152,0,183,0,28,112,0,140,0,59,264,0,323,0,0,0,323
02/23/2022,ADS,TX,ASW,CE,Towers with Radar,0,9,36,0,45,0,0,0,0,0,0,9,36,0,45,0,0,0,45
02/24/2022,ADS,TX,ASW,CE,Towers with Radar,0,9,34,0,43,0,0,0,0,0,0,9,34,0,43,0,0,0,43
02/25/2022,ADS,TX,ASW,CE,Towers with Radar,0,39,101,0,140,0,64,131,2,197,0,103,232,2,337,1,0,1,338
02/26/2022,ADS,TX,ASW,CE,Towers with Radar,0,14,39,0,53,0,3,6,0,9,0,17,45,0,62,0,0,0,62
02/27/2022,ADS,TX,ASW,CE,Towers with Radar,0,26,116,0,142,0,97,212,0,309,0,123,328,0,451,10,0,10,461
02/28/2022,ADS,TX,ASW,CE,Towers with Radar,0,30,108,0,138,0,84,197,1,282,0,114,305,1,420,2,0,2,422
03/01/2022,ADS,TX,ASW,CE,Towers with Radar,0,29,112,0,141,0,89,193,2,284,0,118,305,2,425,2,0,2,427
03/02/2022,ADS,TX,ASW,CE,Towers with Radar,1,21,113,0,135,0,76,225,0,301,1,97,338,0,436,0,0,0,436
03/03/2022,ADS,TX,ASW,CE,Towers with Radar,0,36,135,1,172,0,103,231,1,335,0,139,366,2,507,4,0,4,511
03/04/2022,ADS,TX,ASW,CE,Towers with Radar,0,55,196,0,251,0,24,62,0,86,0,79,258,0,337,0,0,0,337
03/05/2022,ADS,TX,ASW,CE,Towers with Radar,0,20,110,0,130,0,6,80,0,86,0,26,190,0,216,8,0,8,224
03/06/2022,ADS,TX,ASW,CE,Towers with Radar,0,32,106,0,138,0,2,25,0,27,0,34,131,0,165,0,0,0,165
03/07/2022,ADS,TX,ASW,CE,Towers with Radar,0,34,106,0,140,0,53,141,0,194,0,87,247,0,334,0,0,0,334
03/08/2022,ADS,TX,ASW,CE,Towers with Radar,0,37,121,0,158,0,32,68,0,100,0,69,189,0,258,2,0,2,260
03/09/2022,ADS,TX,ASW,CE,Towers with Radar,0,25,118,0,143,0,92,260,8,360,0,117,378,8,503,4,0,4,507
03/10/2022,ADS,TX,ASW,CE,Towers with Radar,0,48,106,0,154,0,78,224,0,302,0,126,330,0,456,97,0,97,553
03/11/2022,ADS,TX,ASW,CE,Towers with Radar,0,32,96,0,128,0,0,9,0,9,0,32,105,0,137,0,0,0,137
03/12/2022,ADS,TX,ASW,CE,Towers with Radar,0,29,123,0,152,0,63,213,0,276,0,92,336,0,428,20,0,20,448
03/13/2022,ADS,TX,ASW,CE,Towers with Radar,0,34,99,0,133,0,59,169,1,229,0,93,268,1,362,18,0,18,380
03/14/2022,ADS,TX,ASW,CE,Towers with Radar,0,33,107,0,140,0,0,31,0,31,0,33,138,0,171,2,0,2,173
03/15/2022,ADS,TX,ASW,CE,Towers with Radar,0,19,112,0,131,0,68,171,1,240,0,87,283,1,371,12,0,12,383
03/16/2022,ADS,TX,ASW,CE,Towers with Radar,0,29,113,0,142,0,84,201,2,287,0,113,314,2,429,2,0,2,431
03/17/2022,ADS,TX,ASW,CE,Towers with Radar,0,32,93,0,125,0,13,73,0,86,0,45,166,0,211,0,0,0,211
03/18/2022,ADS,TX,ASW,CE,Towers with Radar,0,21,112,0,133,0,11,81,0,92,0,32,193,0,225,0,0,0,225
03/19/2022,ADS,TX,ASW,CE,Towers with Radar,0,38,86,2,126,0,94,270,0,364,0,132,356,2,490,0,0,0,490
03/20/2022,ADS,TX,ASW,CE,Towers with Radar,0,55,147,0,202,0,66,219,0,285,0,121,366,0,487,2,0,2,489
03/21/2022,ADS,TX,ASW,CE,Towers with Radar,0,26,59,0,85,0,0,3,0,3,0,26,62,0,88,0,0,0,88
03/22/2022,ADS,TX,ASW,CE,Towers with Radar,0,39,107,0,146,0,22,65,0,87,0,61,172,0,233,0,0,0,233
03/23/2022,ADS,TX,ASW,CE,Towers with Radar,0,40,122,0,162,0,59,169,0,228,0,99,291,0,390,2,0,2,392
03/24/2022,ADS,TX,ASW,CE,Towers with Radar,0,27,125,0,152,0,95,223,0,318,0,122,348,0,470,1,0,1,471
03/25/2022,ADS,TX,ASW,CE,Towers with Radar,0,43,139,2,184,0,90,270,0,360,0,133,409,2,544,0,0,0,544
03/26/2022,ADS,TX,ASW,CE,Towers with Radar,0,29,72,0,101,0,89,270,0,359,0,118,342,0,460,4,0,4,464
03/27/2022,ADS,TX,ASW,CE,Towers with Radar,0,29,142,2,173,0,92,208,0,300,0,121,350,2,473,6,0,6,479
03/28/2022,ADS,TX,ASW,CE,Towers with Radar,0,33,130,0,163,0,64,146,2,212,0,97,276,2,375,2,0,2,377
03/29/2022,ADS,TX,ASW,CE,Towers with Radar,4,23,117,0,144,0,4,35,0,39,4,27,152,0,183,0,0,0,183
03/30/2022,ADS,TX,ASW,CE,Towers with Radar,0,24,94,0,118,0,11,74,0,85,0,35,168,0,203,9,0,9,212
03/31/2022,ADS,TX,ASW,CE,Towers with Radar,3,30,134,0,167,0,65,208,1,274,3,95,342,1,441,4,0,4,445
04/01/2022,ADS,TX,ASW,CE,Towers with Radar,0,44,133,0,177,0,85,222,0,307,0,129,355,0,484,0,0,0,484
04/02/2022,ADS,TX,ASW,CE,Towers with Radar,0,28,64,0,92,0,94,204,1,299,0,122,268,1,391,2,0,2,393
04/03/2022,ADS,TX,ASW,CE,Towers with Radar,1,36,103,0,140,0,75,163,0,238,1,111,266,0,378,6,0,6,384
04/04/2022,ADS,TX,ASW,CE,Towers with Radar,1,28,117,0,146,0,13,42,0,55,1,41,159,0,201,10,0,10,211
04/05/2022,ADS,TX,ASW,CE,Towers with Radar,0,29,122,0,151,0,47,190,0,237,0,76,312,0,388,0,0,0,388
04/06/2022,ADS,TX,ASW,CE,Towers with Radar,3,29,109,0,141,0,21,121,0,142,3,50,230,0,283,0,0,0,283
04/07/2022,ADS,TX,ASW,CE,Towers with Radar,1,27,100,0,128,0,28,92,1,121,1,55,192,1,249,0,0,0,249
04/08/2022,ADS,TX,ASW,CE,Towers with Radar,1,31,105,0,137,0,19,107,0,126,1,50,212,0,263,0,0,0,263
04/09/2022,ADS,TX,ASW,CE,Towers with Radar,0,0,0,0,0,0,0,0,0,0,0,0,0,0,0,0,0,0,0
04/10/2022,ADS,TX,ASW,CE,Towers with Radar,0,0,0,0,0,0,0,3,0,3,0,0,3,0,3,0,0,0,3
04/11/2022,ADS,TX,ASW,CE,Towers with Radar,0,0,0,0,0,0,0,0,0,0,0,0,0,0,0,0,0,0,0
04/12/2022,ADS,TX,ASW,CE,Towers with Radar,0,0,0,0,0,0,0,0,0,0,0,0,0,0,0,0,0,0,0
04/13/2022,ADS,TX,ASW,CE,Towers with Radar,0,14,46,0,60,0,4,33,0,37,0,18,79,0,97,8,0,8,105
04/14/2022,ADS,TX,ASW,CE,Towers with Radar,0,55,143,0,198,0,85,279,0,364,0,140,422,0,562,0,0,0,562
04/15/2022,ADS,TX,ASW,CE,Towers with Radar,0,30,145,0,175,0,34,104,0,138,0,64,249,0,313,0,0,0,313
04/16/2022,ADS,TX,ASW,CE,Towers with Radar,0,26,94,0,120,0,21,48,0,69,0,47,142,0,189,26,0,26,215
04/17/2022,ADS,TX,ASW,CE,Towers with Radar,0,45,86,0,131,0,19,69,0,88,0,64,155,0,219,6,0,6,225
04/18/2022,ADS,TX,ASW,CE,Towers with Radar,0,47,148,1,196,0,56,139,0,195,0,103,287,1,391,14,0,14,405
04/19/2022,ADS,TX,ASW,CE,Towers with Radar,0,46,132,3,181,0,35,142,0,177,0,81,274,3,358,6,0,6,364
04/20/2022,ADS,TX,ASW,CE,Towers with Radar,0,40,153,1,194,0,2,33,0,35,0,42,186,1,229,0,0,0,229
04/21/2022,ADS,TX,ASW,CE,Towers with Radar,0,47,152,3,202,0,10,66,1,77,0,57,218,4,279,0,0,0,279
04/22/2022,ADS,TX,ASW,CE,Towers with Radar,0,28,128,0,156,0,8,51,0,59,0,36,179,0,215,0,0,0,215
04/23/2022,ADS,TX,ASW,CE,Towers with Radar,0,27,55,0,82,0,7,40,0,47,0,34,95,0,129,0,0,0,129
04/24/2022,ADS,TX,ASW,CE,Towers with Radar,0,45,103,0,148,0,6,33,0,39,0,51,136,0,187,19,0,19,206
04/25/2022,ADS,TX,ASW,CE,Towers with Radar,0,25,94,0,119,0,40,96,0,136,0,65,190,0,255,0,0,0,255
04/26/2022,ADS,TX,ASW,CE,Towers with Radar,0,28,111,0,139,0,93,244,0,337,0,121,355,0,476,0,0,0,476
04/27/2022,ADS,TX,ASW,CE,Towers with Radar,2,47,146,0,195,0,97,246,0,343,2,144,392,0,538,4,0,4,542
04/28/2022,ADS,TX,ASW,CE,Towers with Radar,2,38,158,1,199,0,69,144,1,214,2,107,302,2,413,0,0,0,413
04/29/2022,ADS,TX,ASW,CE,Towers with Radar,0,42,147,0,189,0,20,74,0,94,0,62,221,0,283,30,0,30,313
04/30/2022,ADS,TX,ASW,CE,Towers with Radar,0,29,68,0,97,0,54,145,0,199,0,83,213,0,296,26,0,26,322
05/01/2022,ADS,TX,ASW,CE,Towers with Radar,0,42,121,1,164,0,75,208,0,283,0,117,329,1,447,4,0,4,451
05/02/2022,ADS,TX,ASW,CE,Towers with Radar,0,25,97,1,123,0,13,51,0,64,0,38,148,1,187,0,0,0,187
05/03/2022,ADS,TX,ASW,CE,Towers with Radar,0,50,127,0,177,0,3,10,0,13,0,53,137,0,190,0,0,0,190
05/04/2022,ADS,TX,ASW,CE,Towers with Radar,0,38,136,1,175,0,22,41,0,63,0,60,177,1,238,0,0,0,238
05/05/2022,ADS,TX,ASW,CE,Towers with Radar,1,36,128,0,165,0,11,45,0,56,1,47,173,0,221,1,0,1,222
05/06/2022,ADS,TX,ASW,CE,Towers with Radar,0,35,122,0,157,0,96,267,0,363,0,131,389,0,520,18,0,18,538
05/07/2022,ADS,TX,ASW,CE,Towers with Radar,0,27,116,0,143,0,29,108,0,137,0,56,224,0,280,4,0,4,284
05/08/2022,ADS,TX,ASW,CE,Towers with Radar,1,23,91,0,115,0,11,79,0,90,1,34,170,0,205,0,0,0,205
05/09/2022,ADS,TX,ASW,CE,Towers with Radar,0,23,127,0,150,0,6,68,0,74,0,29,195,0,224,2,0,2,226
05/10/2022,ADS,TX,ASW,CE,Towers with Radar,0,34,146,0,180,0,53,129,0,182,0,87,275,0,362,0,0,0,362
05/11/2022,ADS,TX,ASW,CE,Towers with Radar,0,38,129,0,167,0,108,190,0,298,0,146,319,0,465,0,0,0,465
05/12/2022,ADS,TX,ASW,CE,Towers with Radar,2,52,132,0,186,0,80,178,0,258,2,132,310,0,444,9,0,9,453
05/13/2022,ADS,TX,ASW,CE,Towers with Radar,0,35,101,1,137,0,82,174,0,256,0,117,275,1,393,10,0,10,403
05/14/2022,ADS,TX,ASW,CE,Towers with Radar,0,28,77,0,105,0,75,182,0,257,0,103,259,0,362,49,0,49,411
05/15/2022,ADS,TX,ASW,CE,Towers with Radar,0,26,111,1,138,0,58,179,0,237,0,84,290,1,375,0,0,0,375
05/16/2022,ADS,TX,ASW,CE,Towers with Radar,0,38,117,0,155,0,65,172,0,237,0,103,289,0,392,11,0,11,403
05/17/2022,ADS,TX,ASW,CE,Towers with Radar,0,27,96,0,123,0,90,156,0,246,0,117,252,0,369,0,0,0,369
05/18/2022,ADS,TX,ASW,CE,Towers with Radar,2,25,144,2,173,0,59,147,0,206,2,84,291,2,379,0,0,0,379
05/19/2022,ADS,TX,ASW,CE,Towers with Radar,0,33,129,0,162,0,25,142,0,167,0,58,271,0,329,30,0,30,359
05/20/2022,ADS,TX,ASW,CE,Towers with Radar,0,41,98,0,139,0,5,108,0,113,0,46,206,0,252,0,0,0,252
05/21/2022,ADS,TX,ASW,CE,Towers with Radar,0,28,69,0,97,0,31,67,0,98,0,59,136,0,195,8,0,8,203
05/22/2022,ADS,TX,ASW,CE,Towers with Radar,2,40,156,0,198,0,30,76,0,106,2,70,232,0,304,20,0,20,324
05/23/2022,ADS,TX,ASW,CE,Towers with Radar,0,36,151,0,187,0,4,48,0,52,0,40,199,0,239,0,0,0,239
05/24/2022,ADS,TX,ASW,CE,Towers with Radar,0,28,74,0,102,0,0,9,0,9,0,28,83,0,111,0,0,0,111
05/25/2022,ADS,TX,ASW,CE,Towers with Radar,0,51,148,0,199,0,4,68,0,72,0,55,216,0,271,0,0,0,271
05/26/2022,ADS,TX,ASW,CE,Towers with Radar,0,30,115,0,145,0,105,232,1,338,0,135,347,1,483,3,0,3,486
05/27/2022,ADS,TX,ASW,CE,Towers with Radar,1,32,107,0,140,0,107,240,0,347,1,139,347,0,487,12,0,12,499
05/28/2022,ADS,TX,ASW,CE,Towers with Radar,0,19,41,0,60,0,79,159,0,238,0,98,200,0,298,16,0,16,314
05/29/2022,ADS,TX,ASW,CE,Towers with Radar,1,23,66,0,90,0,11,68,0,79,1,34,134,0,169,0,0,0,169
05/30/2022,ADS,TX,ASW,CE,Towers with Radar,0,19,62,0,81,0,3,60,0,63,0,22,122,0,144,12,0,12,156
05/31/2022,ADS,TX,ASW,CE,Towers with Radar,0,33,105,0,138,0,34,137,0,171,0,67,242,0,309,0,0,0,309
06/01/2022,ADS,TX,ASW,CE,Towers with Radar,0,23,120,0,143,0,39,83,0,122,0,62,203,0,265,17,0,17,282
06/02/2022,ADS,TX,ASW,CE,Towers with Radar,0,29,131,0,160,0,87,139,0,226,0,116,270,0,386,0,0,0,386
06/03/2022,ADS,TX,ASW,CE,Towers with Radar,0,39,119,0,158,0,59,112,0,171,0,98,231,0,329,4,0,4,333
06/04/2022,ADS,TX,ASW,CE,Towers with Radar,0,32,70,13,115,0,93,195,0,288,0,125,265,13,403,4,0,4,407
06/05/2022,ADS,TX,ASW,CE,Towers with Radar,0,36,109,0,145,0,61,159,0,220,0,97,268,0,365,0,0,0,365
06/06/2022,ADS,TX,ASW,CE,Towers with Radar,2,55,79,0,136,0,64,127,0,191,2,119,206,0,327,4,0,4,331
06/07/2022,ADS,TX,ASW,CE,Towers with Radar,2,32,107,2,143,0,76,161,2,239,2,108,268,4,382,4,0,4,386
06/08/2022,ADS,TX,ASW,CE,Towers with Radar,1,26,102,0,129,0,46,136,0,182,1,72,238,0,311,0,0,0,311
06/09/2022,ADS,TX,ASW,CE,Towers with Radar,0,33,131,1,165,0,85,153,0,238,0,118,284,1,403,4,0,4,407
06/10/2022,ADS,TX,ASW,CE,Towers with Radar,0,33,87,0,120,0,94,199,0,293,0,127,286,0,413,12,0,12,425
06/11/2022,ADS,TX,ASW,CE,Towers with Radar,0,35,76,1,112,0,89,169,0,258,0,124,245,1,370,0,0,0,370
06/12/2022,ADS,TX,ASW,CE,Towers with Radar,0,40,91,9,140,0,64,130,1,195,0,104,221,10,335,7,0,7,342
06/13/2022,ADS,TX,ASW,CE,Towers with Radar,0,29,97,2,128,0,57,136,0,193,0,86,233,2,321,0,0,0,321
06/14/2022,ADS,TX,ASW,CE,Towers with Radar,0,37,111,0,148,0,13,115,0,128,0,50,226,0,276,0,0,0,276
06/15/2022,ADS,TX,ASW,CE,Towers with Radar,1,31,121,0,153,0,23,101,0,124,1,54,222,0,277,0,0,0,277
06/16/2022,ADS,TX,ASW,CE,Towers with Radar,2,39,139,2,182,0,108,194,0,302,2,147,333,2,484,12,0,12,496
06/17/2022,ADS,TX,ASW,CE,Towers with Radar,0,34,85,0,119,0,83,179,0,262,0,117,264,0,381,2,0,2,383
06/18/2022,ADS,TX,ASW,CE,Towers with Radar,0,20,73,0,93,0,101,171,0,272,0,121,244,0,365,42,0,42,407
06/19/2022,ADS,TX,ASW,CE,Towers with Radar,0,19,79,0,98,0,41,112,0,153,0,60,191,0,251,6,0,6,257
06/20/2022,ADS,TX,ASW,CE,Towers with Radar,0,44,109,0,153,0,99,151,0,250,0,143,260,0,403,0,0,0,403
06/21/2022,ADS,TX,ASW,CE,Towers with Radar,0,33,99,0,132,0,125,164,2,291,0,158,263,2,423,4,0,4,427
06/22/2022,ADS,TX,ASW,CE,Towers with Radar,0,28,108,0,136,0,115,176,0,291,0,143,284,0,427,7,0,7,434
06/23/2022,ADS,TX,ASW,CE,Towers with Radar,2,29,109,0,140,0,94,177,0,271,2,123,286,0,411,0,0,0,411
06/24/2022,ADS,TX,ASW,CE,Towers with Radar,0,37,108,0,145,0,86,195,0,281,0,123,303,0,426,8,0,8,434
06/25/2022,ADS,TX,ASW,CE,Towers with Radar,0,27,69,0,96,0,100,162,0,262,0,127,231,0,358,8,0,8,366
06/26/2022,ADS,TX,ASW,CE,Towers with Radar,0,16,88,1,105,0,73,132,0,205,0,89,220,1,310,8,0,8,318
06/27/2022,ADS,TX,ASW,CE,Towers with Radar,0,32,96,0,128,0,55,135,0,190,0,87,231,0,318,0,0,0,318
06/28/2022,ADS,TX,ASW,CE,Towers with Radar,1,42,113,0,156,0,78,185,0,263,1,120,298,0,419,0,0,0,419
06/29/2022,ADS,TX,ASW,CE,Towers with Radar,0,35,119,1,155,0,96,186,0,282,0,131,305,1,437,17,0,17,454
06/30/2022,ADS,TX,ASW,CE,Towers with Radar,1,31,124,1,157,0,94,160,0,254,1,125,284,1,411,19,0,19,430
07/01/2022,ADS,TX,ASW,CE,Towers with Radar,1,21,99,0,121,0,84,192,0,276,1,105,291,0,397,6,0,6,403
07/02/2022,ADS,TX,ASW,CE,Towers with Radar,0,30,54,0,84,0,68,167,0,235,0,98,221,0,319,0,0,0,319
07/03/2022,ADS,TX,ASW,CE,Towers with Radar,0,13,49,0,62,0,54,98,3,155,0,67,147,3,217,0,0,0,217
07/04/2022,ADS,TX,ASW,CE,Towers with Radar,0,23,54,0,77,0,62,91,0,153,0,85,145,0,230,9,0,9,239
07/05/2022,ADS,TX,ASW,CE,Towers with Radar,0,33,74,1,108,0,63,142,0,205,0,96,216,1,313,0,0,0,313
07/06/2022,ADS,TX,ASW,CE,Towers with Radar,0,22,87,0,109,0,101,175,0,276,0,123,262,0,385,0,0,0,385
07/07/2022,ADS,TX,ASW,CE,Towers with Radar,0,26,85,0,111,0,79,178,0,257,0,105,263,0,368,4,0,4,372
07/08/2022,ADS,TX,ASW,CE,Towers with Radar,0,26,100,0,126,0,102,152,0,254,0,128,252,0,380,0,0,0,380
07/09/2022,ADS,TX,ASW,CE,Towers with Radar,0,6,59,0,65,0,63,133,0,196,0,69,192,0,261,2,0,2,263
07/10/2022,ADS,TX,ASW,CE,Towers with Radar,0,30,87,0,117,0,96,126,0,222,0,126,213,0,339,0,0,0,339
07/11/2022,ADS,TX,ASW,CE,Towers with Radar,0,27,73,0,100,0,68,165,0,233,0,95,238,0,333,0,0,0,333
07/12/2022,ADS,TX,ASW,CE,Towers with Radar,2,30,100,0,132,0,50,159,0,209,2,80,259,0,341,2,0,2,343
07/13/2022,ADS,TX,ASW,CE,Towers with Radar,0,39,92,0,131,0,86,176,0,262,0,125,268,0,393,4,0,4,397
07/14/2022,ADS,TX,ASW,CE,Towers with Radar,0,40,80,0,120,0,64,157,0,221,0,104,237,0,341,0,0,0,341
07/15/2022,ADS,TX,ASW,CE,Towers with Radar,0,24,78,2,104,0,67,180,0,247,0,91,258,2,351,0,0,0,351
07/16/2022,ADS,TX,ASW,CE,Towers with Radar,0,21,70,0,91,0,68,122,0,190,0,89,192,0,281,4,0,4,285
07/17/2022,ADS,TX,ASW,CE,Towers with Radar,2,22,72,0,96,0,34,114,0,148,2,56,186,0,244,0,0,0,244
07/18/2022,ADS,TX,ASW,CE,Towers with Radar,0,34,67,0,101,0,43,154,0,197,0,77,221,0,298,0,0,0,298
07/19/2022,ADS,TX,ASW,CE,Towers with Radar,0,22,103,0,125,0,42,133,0,175,0,64,236,0,300,0,0,0,300
07/20/2022,ADS,TX,ASW,CE,Towers with Radar,0,39,92,0,131,0,61,144,0,205,0,100,236,0,336,9,0,9,345
07/21/2022,ADS,TX,ASW,CE,Towers with Radar,0,45,107,0,152,0,104,148,0,252,0,149,255,0,404,16,0,16,420
07/22/2022,ADS,TX,ASW,CE,Towers with Radar,0,29,96,2,127,0,76,185,0,261,0,105,281,2,388,0,0,0,388
07/23/2022,ADS,TX,ASW,CE,Towers with Radar,0,17,59,0,76,0,87,180,0,267,0,104,239,0,343,0,0,0,343
07/24/2022,ADS,TX,ASW,CE,Towers with Radar,0,27,87,0,114,0,71,137,0,208,0,98,224,0,322,2,0,2,324
07/25/2022,ADS,TX,ASW,CE,Towers with Radar,0,33,80,1,114,0,65,131,0,196,0,98,211,1,310,0,0,0,310
07/26/2022,ADS,TX,ASW,CE,Towers with Radar,0,22,95,0,117,0,93,162,0,255,0,115,257,0,372,28,0,28,400
07/27/2022,ADS,TX,ASW,CE,Towers with Radar,0,38,115,0,153,0,97,143,0,240,0,135,258,0,393,22,0,22,415
07/28/2022,ADS,TX,ASW,CE,Towers with Radar,0,32,114,0,146,0,82,146,0,228,0,114,260,0,374,0,0,0,374
07/29/2022,ADS,TX,ASW,CE,Towers with Radar,1,33,87,0,121,0,69,144,0,213,1,102,231,0,334,23,0,23,357
07/30/2022,ADS,TX,ASW,CE,Towers with Radar,0,24,71,0,95,0,53,141,1,195,0,77,212,1,290,22,0,22,312
07/31/2022,ADS,TX,ASW,CE,Towers with Radar,0,34,91,0,125,0,80,142,0,222,0,114,233,0,347,13,0,13,360
08/01/2022,ADS,TX,ASW,CE,Towers with Radar,0,31,97,0,128,0,77,149,0,226,0,108,246,0,354,8,0,8,362
08/02/2022,ADS,TX,ASW,CE,Towers with Radar,0,34,92,0,126,0,48,155,0,203,0,82,247,0,329,12,0,12,341
08/03/2022,ADS,TX,ASW,CE,Towers with Radar,0,37,95,0,132,0,51,148,0,199,0,88,243,0,331,0,0,0,331
08/04/2022,ADS,TX,ASW,CE,Towers with Radar,0,22,130,1,153,0,87,162,0,249,0,109,292,1,402,0,0,0,402
08/05/2022,ADS,TX,ASW,CE,Towers with Radar,0,24,103,0,127,0,76,209,0,285,0,100,312,0,412,27,0,27,439
08/06/2022,ADS,TX,ASW,CE,Towers with Radar,0,21,71,0,92,0,73,181,0,254,0,94,252,0,346,8,0,8,354
08/07/2022,ADS,TX,ASW,CE,Towers with Radar,0,28,83,1,112,0,67,141,0,208,0,95,224,1,320,5,0,5,325
08/08/2022,ADS,TX,ASW,CE,Towers with Radar,0,26,100,0,126,0,72,159,0,231,0,98,259,0,357,24,0,24,381
08/09/2022,ADS,TX,ASW,CE,Towers with Radar,0,25,104,0,129,0,57,123,0,180,0,82,227,0,309,23,0,23,332
08/10/2022,ADS,TX,ASW,CE,Towers with Radar,0,28,101,0,129,0,65,133,0,198,0,93,234,0,327,0,0,0,327
08/11/2022,ADS,TX,ASW,CE,Towers with Radar,0,32,108,0,140,0,101,162,0,263,0,133,270,0,403,13,0,13,416
08/12/2022,ADS,TX,ASW,CE,Towers with Radar,0,28,94,0,122,0,82,164,1,247,0,110,258,1,369,21,0,21,390
08/13/2022,ADS,TX,ASW,CE,Towers with Radar,0,20,53,0,73,0,68,171,1,240,0,88,224,1,313,12,0,12,325
08/14/2022,ADS,TX,ASW,CE,Towers with Radar,0,33,100,1,134,0,74,159,0,233,0,107,259,1,367,13,0,13,380
08/15/2022,ADS,TX,ASW,CE,Towers with Radar,0,34,107,1,142,0,71,119,0,190,0,105,226,1,332,8,0,8,340
08/16/2022,ADS,TX,ASW,CE,Towers with Radar,0,42,96,2,140,0,72,167,0,239,0,114,263,2,379,4,0,4,383
08/17/2022,ADS,TX,ASW,CE,Towers with Radar,0,31,108,1,140,0,60,179,0,239,0,91,287,1,379,0,0,0,379
08/18/2022,ADS,TX,ASW,CE,Towers with Radar,0,38,140,0,178,0,9,41,0,50,0,47,181,0,228,19,0,19,247
08/19/2022,ADS,TX,ASW,CE,Towers with Radar,0,19,121,0,140,0,46,107,0,153,0,65,228,0,293,9,0,9,302
08/20/2022,ADS,TX,ASW,CE,Towers with Radar,0,25,90,0,115,0,52,147,0,199,0,77,237,0,314,2,0,2,316
08/21/2022,ADS,TX,ASW,CE,Towers with Radar,0,23,116,1,140,0,3,22,0,25,0,26,138,1,165,0,0,0,165
08/22/2022,ADS,TX,ASW,CE,Towers with Radar,0,36,71,1,108,0,0,1,0,1,0,36,72,1,109,0,0,0,109
08/23/2022,ADS,TX,ASW,CE,Towers with Radar,0,45,121,0,166,0,22,29,0,51,0,67,150,0,217,0,0,0,217
08/24/2022,ADS,TX,ASW,CE,Towers with Radar,0,37,110,0,147,0,65,110,1,176,0,102,220,1,323,0,0,0,323
08/25/2022,ADS,TX,ASW,CE,Towers with Radar,0,32,114,0,146,0,98,184,0,282,0,130,298,0,428,3,0,3,431
08/26/2022,ADS,TX,ASW,CE,Towers with Radar,0,22,100,0,122,0,91,201,0,292,0,113,301,0,414,28,0,28,442
08/27/2022,ADS,TX,ASW,CE,Towers with Radar,1,14,48,0,63,0,78,191,0,269,1,92,239,0,332,20,0,20,352
08/28/2022,ADS,TX,ASW,CE,Towers with Radar,0,35,78,0,113,0,83,204,0,287,0,118,282,0,400,0,0,0,400
08/29/2022,ADS,TX,ASW,CE,Towers with Radar,1,36,81,2,120,0,71,154,0,225,1,107,235,2,345,14,0,14,359
08/30/2022,ADS,TX,ASW,CE,Towers with Radar,0,36,109,0,145,0,18,37,0,55,0,54,146,0,200,18,0,18,218
08/31/2022,ADS,TX,ASW,CE,Towers with Radar,0,44,116,0,160,0,38,82,0,120,0,82,198,0,280,4,0,4,284
09/01/2022,ADS,TX,ASW,CE,Towers with Radar,0,36,127,0,163,0,48,108,0,156,0,84,235,0,319,0,0,0,319
09/02/2022,ADS,TX,ASW,CE,Towers with Radar,0,42,150,0,192,0,32,59,0,91,0,74,209,0,283,0,0,0,283
09/03/2022,ADS,TX,ASW,CE,Towers with Radar,0,20,54,1,75,0,92,164,1,257,0,112,218,2,332,0,0,0,332
09/04/2022,ADS,TX,ASW,CE,Towers with Radar,0,17,49,0,66,0,60,128,0,188,0,77,177,0,254,8,0,8,262
09/05/2022,ADS,TX,ASW,CE,Towers with Radar,0,33,92,1,126,0,82,160,0,242,0,115,252,1,368,4,0,4,372
09/06/2022,ADS,TX,ASW,CE,Towers with Radar,0,24,97,4,125,0,91,170,0,261,0,115,267,4,386,16,0,16,402
09/07/2022,ADS,TX,ASW,CE,Towers with Radar,0,37,97,0,134,0,89,169,0,258,0,126,266,0,392,23,0,23,415
09/08/2022,ADS,TX,ASW,CE,Towers with Radar,0,48,104,0,152,0,96,149,0,245,0,144,253,0,397,2,0,2,399
09/09/2022,ADS,TX,ASW,CE,Towers with Radar,0,39,107,0,146,0,87,187,1,275,0,126,294,1,421,8,0,8,429
09/10/2022,ADS,TX,ASW,CE,Towers with Radar,0,27,94,0,121,0,88,194,0,282,0,115,288,0,403,28,0,28,431
09/11/2022,ADS,TX,ASW,CE,Towers with Radar,0,24,85,0,109,0,74,150,0,224,0,98,235,0,333,10,0,10,343
09/12/2022,ADS,TX,ASW,CE,Towers with Radar,1,29,112,0,142,0,88,156,0,244,1,117,268,0,386,0,0,0,386
09/13/2022,ADS,TX,ASW,CE,Towers with Radar,0,22,104,0,126,0,116,171,0,287,0,138,275,0,413,24,0,24,437
09/14/2022,ADS,TX,ASW,CE,Towers with Radar,0,37,125,0,162,0,96,147,0,243,0,133,272,0,405,1,0,1,406
09/15/2022,ADS,TX,ASW,CE,Towers with Radar,0,26,125,2,153,0,86,202,0,288,0,112,327,2,441,6,0,6,447
09/16/2022,ADS,TX,ASW,CE,Towers with Radar,0,41,98,0,139,0,92,195,0,287,0,133,293,0,426,10,0,10,436
09/17/2022,ADS,TX,ASW,CE,Towers with Radar,0,22,105,0,127,0,28,89,0,117,0,50,194,0,244,0,0,0,244
09/18/2022,ADS,TX,ASW,CE,Towers with Radar,0,27,118,0,145,0,90,133,0,223,0,117,251,0,368,2,0,2,370
09/19/2022,ADS,TX,ASW,CE,Towers with Radar,0,38,105,0,143,0,81,164,0,245,0,119,269,0,388,2,0,2,390
09/20/2022,ADS,TX,ASW,CE,Towers with Radar,0,29,94,0,123,0,106,160,0,266,0,135,254,0,389,0,0,0,389
09/21/2022,ADS,TX,ASW,CE,Towers with Radar,0,24,117,0,141,0,87,182,0,269,0,111,299,0,410,2,0,2,412
09/22/2022,ADS,TX,ASW,CE,Towers with Radar,0,20,115,0,135,0,82,179,0,261,0,102,294,0,396,32,0,32,428
09/23/2022,ADS,TX,ASW,CE,Towers with Radar,0,37,131,1,169,0,75,169,0,244,0,112,300,1,413,2,0,2,415
09/24/2022,ADS,TX,ASW,CE,Towers with Radar,0,20,75,0,95,0,91,186,1,278,0,111,261,1,373,14,0,14,387
09/25/2022,ADS,TX,ASW,CE,Towers with Radar,0,20,124,1,145,0,59,172,0,231,0,79,296,1,376,0,0,0,376
09/26/2022,ADS,TX,ASW,CE,Towers with Radar,0,22,101,0,123,0,58,180,0,238,0,80,281,0,361,0,0,0,361
09/27/2022,ADS,TX,ASW,CE,Towers with Radar,0,39,111,2,152,0,100,165,0,265,0,139,276,2,417,0,0,0,417
09/28/2022,ADS,TX,ASW,CE,Towers with Radar,0,39,116,0,155,0,118,192,0,310,0,157,308,0,465,8,0,8,473
09/29/2022,ADS,TX,ASW,CE,Towers with Radar,0,32,107,0,139,0,74,173,0,247,0,106,280,0,386,4,0,4,390
09/30/2022,ADS,TX,ASW,CE,Towers with Radar,0,26,94,0,120,0,116,206,0,322,0,142,300,0,442,0,0,0,442
10/01/2022,ADS,TX,ASW,CE,Towers with Radar,0,18,69,0,87,0,95,209,2,306,0,113,278,2,393,4,0,4,397
10/02/2022,ADS,TX,ASW,CE,Towers with Radar,0,33,89,0,122,0,86,173,0,259,0,119,262,0,381,12,0,12,393
10/03/2022,ADS,TX,ASW,CE,Towers with Radar,0,34,90,0,124,0,99,145,0,244,0,133,235,0,368,0,0,0,368
10/04/2022,ADS,TX,ASW,CE,Towers with Radar,0,30,103,0,133,0,105,175,0,280,0,135,278,0,413,0,0,0,413
10/05/2022,ADS,TX,ASW,CE,Towers with Radar,0,39,104,0,143,0,114,164,0,278,0,153,268,0,421,0,0,0,421
10/06/2022,ADS,TX,ASW,CE,Towers with Radar,2,28,107,0,137,0,82,195,0,277,2,110,302,0,414,10,0,10,424
10/07/2022,ADS,TX,ASW,CE,Towers with Radar,0,27,141,0,168,0,102,191,0,293,0,129,332,0,461,8,0,8,469
10/08/2022,ADS,TX,ASW,CE,Towers with Radar,0,18,59,0,77,0,85,124,0,209,0,103,183,0,286,2,0,2,288
10/09/2022,ADS,TX,ASW,CE,Towers with Radar,0,29,117,0,146,0,102,185,1,288,0,131,302,1,434,12,0,12,446
10/10/2022,ADS,TX,ASW,CE,Towers with Radar,0,34,93,0,127,0,91,151,0,242,0,125,244,0,369,2,0,2,371
10/11/2022,ADS,TX,ASW,CE,Towers with Radar,0,34,104,0,138,0,81,139,0,220,0,115,243,0,358,2,0,2,360
10/12/2022,ADS,TX,ASW,CE,Towers with Radar,0,30,102,0,132,1,81,150,0,232,1,111,252,0,364,0,0,0,364
10/13/2022,ADS,TX,ASW,CE,Towers with Radar,0,26,121,0,147,0,106,176,0,282,0,132,297,0,429,15,0,15,444
10/14/2022,ADS,TX,ASW,CE,Towers with Radar,0,37,114,1,152,0,78,173,2,253,0,115,287,3,405,6,0,6,411
10/15/2022,ADS,TX,ASW,CE,Towers with Radar,0,19,57,0,76,0,79,189,0,268,0,98,246,0,344,0,0,0,344
10/16/2022,ADS,TX,ASW,CE,Towers with Radar,1,40,122,1,164,0,0,18,0,18,1,40,140,1,182,0,0,0,182
10/17/2022,ADS,TX,ASW,CE,Towers with Radar,1,35,124,1,161,0,74,108,0,182,1,109,232,1,343,4,0,4,347
10/18/2022,ADS,TX,ASW,CE,Towers with Radar,2,15,100,0,117,0,88,161,0,249,2,103,261,0,366,4,0,4,370
10/19/2022,ADS,TX,ASW,CE,Towers with Radar,0,37,126,1,164,0,108,222,2,332,0,145,348,3,496,15,0,15,511
10/20/2022,ADS,TX,ASW,CE,Towers with Radar,0,43,116,0,159,0,86,173,0,259,0,129,289,0,418,0,0,0,418
10/21/2022,ADS,TX,ASW,CE,Towers with Radar,0,27,117,0,144,0,90,204,0,294,0,117,321,0,438,8,0,8,446
10/22/2022,ADS,TX,ASW,CE,Towers with Radar,0,14,55,0,69,0,11,93,0,104,0,25,148,0,173,4,0,4,177
10/23/2022,ADS,TX,ASW,CE,Towers with Radar,0,31,102,0,133,0,8,54,0,62,0,39,156,0,195,0,0,0,195
10/24/2022,ADS,TX,ASW,CE,Towers with Radar,0,21,81,0,102,0,3,2,0,5,0,24,83,0,107,0,0,0,107
10/25/2022,ADS,TX,ASW,CE,Towers with Radar,1,29,112,1,143,0,52,105,0,157,1,81,217,1,300,0,0,0,300
10/26/2022,ADS,TX,ASW,CE,Towers with Radar,0,43,100,0,143,0,143,260,0,403,0,186,360,0,546,26,0,26,572
10/27/2022,ADS,TX,ASW,CE,Towers with Radar,0,34,105,2,141,0,114,213,2,329,0,148,318,4,470,5,0,5,475
10/28/2022,ADS,TX,ASW,CE,Towers with Radar,0,23,93,0,116,0,0,4,0,4,0,23,97,0,120,0,0,0,120
10/29/2022,ADS,TX,ASW,CE,Towers with Radar,0,39,81,0,120,0,0,4,0,4,0,39,85,0,124,0,0,0,124
10/30/2022,ADS,TX,ASW,CE,Towers with Radar,0,34,90,0,124,0,92,207,0,299,0,126,297,0,423,19,0,19,442
10/31/2022,ADS,TX,ASW,CE,Towers with Radar,0,28,85,0,113,0,103,159,0,262,0,131,244,0,375,0,0,0,375
11/01/2022,ADS,TX,ASW,CE,Towers with Radar,0,28,124,2,154,0,112,185,0,297,0,140,309,2,451,4,0,4,455
11/02/2022,ADS,TX,ASW,CE,Towers with Radar,2,56,123,2,183,0,52,117,0,169,2,108,240,2,352,20,0,20,372
11/03/2022,ADS,TX,ASW,CE,Towers with Radar,0,37,176,0,213,0,8,42,0,50,0,45,218,0,263,0,0,0,263
11/04/2022,ADS,TX,ASW,CE,Towers with Radar,0,11,63,0,74,0,2,5,0,7,0,13,68,0,81,0,0,0,81
11/05/2022,ADS,TX,ASW,CE,Towers with Radar,0,27,62,0,89,0,105,250,0,355,0,132,312,0,444,0,0,0,444
11/06/2022,ADS,TX,ASW,CE,Towers with Radar,2,37,88,1,128,0,72,207,1,280,2,109,295,2,408,12,0,12,420
11/07/2022,ADS,TX,ASW,CE,Towers with Radar,0,18,124,0,142,0,3,10,0,13,0,21,134,0,155,0,0,0,155
11/08/2022,ADS,TX,ASW,CE,Towers with Radar,0,39,137,0,176,0,29,55,0,84,0,68,192,0,260,0,0,0,260
11/09/2022,ADS,TX,ASW,CE,Towers with Radar,0,45,142,0,187,0,59,167,0,226,0,104,309,0,413,0,0,0,413
11/10/2022,ADS,TX,ASW,CE,Towers with Radar,0,44,155,0,199,0,25,88,0,113,0,69,243,0,312,0,0,0,312
11/11/2022,ADS,TX,ASW,CE,Towers with Radar,0,29,86,0,115,0,2,9,0,11,0,31,95,0,126,0,0,0,126
11/12/2022,ADS,TX,ASW,CE,Towers with Radar,0,35,81,0,116,0,93,230,0,323,0,128,311,0,439,0,0,0,439
11/13/2022,ADS,TX,ASW,CE,Towers with Radar,0,54,102,0,156,0,100,197,0,297,0,154,299,0,453,6,0,6,459
11/14/2022,ADS,TX,ASW,CE,Towers with Radar,0,34,92,1,127,0,13,3,0,16,0,47,95,1,143,0,0,0,143
11/15/2022,ADS,TX,ASW,CE,Towers with Radar,0,50,121,0,171,0,25,57,0,82,0,75,178,0,253,0,0,0,253
11/16/2022,ADS,TX,ASW,CE,Towers with Radar,0,45,128,1,174,0,97,236,0,333,0,142,364,1,507,0,0,0,507
11/17/2022,ADS,TX,ASW,CE,Towers with Radar,0,35,123,1,159,0,102,234,0,336,0,137,357,1,495,0,0,0,495
11/18/2022,ADS,TX,ASW,CE,Towers with Radar,0,44,119,1,164,0,87,202,1,290,0,131,321,2,454,4,0,4,458
11/19/2022,ADS,TX,ASW,CE,Towers with Radar,0,24,65,0,89,0,84,184,0,268,0,108,249,0,357,8,0,8,365
11/20/2022,ADS,TX,ASW,CE,Towers with Radar,0,29,92,1,122,0,81,193,0,274,0,110,285,1,396,3,0,3,399
11/21/2022,ADS,TX,ASW,CE,Towers with Radar,0,29,95,0,124,0,78,144,0,222,0,107,239,0,346,14,0,14,360
11/22/2022,ADS,TX,ASW,CE,Towers with Radar,0,29,110,0,139,0,78,160,0,238,0,107,270,0,377,0,0,0,377
11/23/2022,ADS,TX,ASW,CE,Towers with Radar,0,26,93,2,121,0,11,27,2,40,0,37,120,4,161,0,0,0,161
11/24/2022,ADS,TX,ASW,CE,Towers with Radar,0,11,14,0,25,0,0,0,0,0,0,11,14,0,25,0,0,0,25
11/25/2022,ADS,TX,ASW,CE,Towers with Radar,0,25,108,0,133,0,0,6,0,6,0,25,114,0,139,0,0,0,139
11/26/2022,ADS,TX,ASW,CE,Towers with Radar,0,21,73,1,95,0,0,1,0,1,0,21,74,1,96,0,0,0,96
11/27/2022,ADS,TX,ASW,CE,Towers with Radar,0,27,107,0,134,0,53,172,0,225,0,80,279,0,359,8,0,8,367
11/28/2022,ADS,TX,ASW,CE,Towers with Radar,2,25,112,1,140,0,71,187,0,258,2,96,299,1,398,9,0,9,407
11/29/2022,ADS,TX,ASW,CE,Towers with Radar,1,20,111,2,134,0,15,105,0,120,1,35,216,2,254,0,0,0,254
11/30/2022,ADS,TX,ASW,CE,Towers with Radar,0,38,91,0,129,0,77,218,0,295,0,115,309,0,424,0,0,0,424
12/01/2022,ADS,TX,ASW,CE,Towers with Radar,0,31,114,0,145,0,49,197,0,246,0,80,311,0,391,0,0,0,391
12/02/2022,ADS,TX,ASW,CE,Towers with Radar,0,27,100,1,128,0,1,5,0,6,0,28,105,1,134,0,0,0,134
12/03/2022,ADS,TX,ASW,CE,Towers with Radar,0,11,78,1,90,0,67,165,0,232,0,78,243,1,322,4,0,4,326
12/04/2022,ADS,TX,ASW,CE,Towers with Radar,0,36,90,0,126,0,68,131,0,199,0,104,221,0,325,0,0,0,325
12/05/2022,ADS,TX,ASW,CE,Towers with Radar,0,27,94,0,121,0,31,69,0,100,0,58,163,0,221,1,0,1,222
12/06/2022,ADS,TX,ASW,CE,Towers with Radar,0,39,117,2,158,0,110,124,0,234,0,149,241,2,392,0,0,0,392
12/07/2022,ADS,TX,ASW,CE,Towers with Radar,0,26,83,0,109,0,0,14,0,14,0,26,97,0,123,0,0,0,123
12/08/2022,ADS,TX,ASW,CE,Towers with Radar,0,39,128,0,167,0,32,56,0,88,0,71,184,0,255,20,0,20,275
12/09/2022,ADS,TX,ASW,CE,Towers with Radar,0,41,140,1,182,0,0,7,0,7,0,41,147,1,189,4,0,4,193
12/10/2022,ADS,TX,ASW,CE,Towers with Radar,0,21,46,0,67,0,0,0,0,0,0,21,46,0,67,0,0,0,67
12/11/2022,ADS,TX,ASW,CE,Towers with Radar,0,38,111,0,149,0,2,11,0,13,0,40,122,0,162,0,0,0,162
12/12/2022,ADS,TX,ASW,CE,Towers with Radar,0,32,98,0,130,0,0,0,0,0,0,32,98,0,130,0,0,0,130
12/13/2022,ADS,TX,ASW,CE,Towers with Radar,0,39,120,2,161,0,95,121,0,216,0,134,241,2,377,0,0,0,377
12/14/2022,ADS,TX,ASW,CE,Towers with Radar,0,36,118,4,158,0,102,213,3,318,0,138,331,7,476,2,0,2,478
12/15/2022,ADS,TX,ASW,CE,Towers with Radar,0,35,104,1,140,0,124,258,1,383,0,159,362,2,523,0,0,0,523
12/16/2022,ADS,TX,ASW,CE,Towers with Radar,0,39,136,0,175,0,106,216,2,324,0,145,352,2,499,2,0,2,501
12/17/2022,ADS,TX,ASW,CE,Towers with Radar,1,40,100,0,141,0,99,226,0,325,1,139,326,0,466,0,0,0,466
12/18/2022,ADS,TX,ASW,CE,Towers with Radar,0,42,101,1,144,0,84,176,0,260,0,126,277,1,404,0,0,0,404
12/19/2022,ADS,TX,ASW,CE,Towers with Radar,0,35,85,0,120,0,28,47,0,75,0,63,132,0,195,5,0,5,200
12/20/2022,ADS,TX,ASW,CE,Towers with Radar,0,28,110,3,141,0,72,151,0,223,0,100,261,3,364,0,0,0,364
12/21/2022,ADS,TX,ASW,CE,Towers with Radar,0,38,108,0,146,0,87,173,2,262,0,125,281,2,408,0,0,0,408
12/22/2022,ADS,TX,ASW,CE,Towers with Radar,0,13,47,2,62,0,0,7,0,7,0,13,54,2,69,0,0,0,69
12/23/2022,ADS,TX,ASW,CE,Towers with Radar,0,25,55,0,80,0,45,86,2,133,0,70,141,2,213,0,0,0,213
12/24/2022,ADS,TX,ASW,CE,Towers with Radar,0,14,39,1,54,0,59,78,0,137,0,73,117,1,191,16,0,16,207
12/25/2022,ADS,TX,ASW,CE,Towers with Radar,0,20,24,0,44,0,0,43,0,43,0,20,67,0,87,0,0,0,87
12/26/2022,ADS,TX,ASW,CE,Towers with Radar,0,26,122,0,148,0,60,121,0,181,0,86,243,0,329,0,0,0,329
12/27/2022,ADS,TX,ASW,CE,Towers with Radar,0,24,82,1,107,0,98,137,1,236,0,122,219,2,343,0,0,0,343
12/28/2022,ADS,TX,ASW,CE,Towers with Radar,0,28,83,0,111,0,5,99,0,104,0,33,182,0,215,4,0,4,219
12/29/2022,ADS,TX,ASW,CE,Towers with Radar,0,21,95,0,116,0,68,129,2,199,0,89,224,2,315,0,0,0,315
12/30/2022,ADS,TX,ASW,CE,Towers with Radar,0,23,79,0,102,0,105,181,2,288,0,128,260,2,390,0,0,0,390
12/31/2022,ADS,TX,ASW,CE,Towers with Radar,0,17,46,0,63,0,58,117,2,177,0,75,163,2,240,0,0,0,240
01/01/2023,ADS,TX,ASW,CE,Towers with Radar,0,9,58,0,67,0,0,69,0,69,0,9,127,0,136,6,0,6,142
01/02/2023,ADS,TX,ASW,CE,Towers with Radar,0,24,86,0,110,0,8,29,0,37,0,32,115,0,147,11,0,11,158
01/03/2023,ADS,TX,ASW,CE,Towers with Radar,0,15,99,0,114,0,79,156,1,236,0,94,255,1,350,0,0,0,350
01/04/2023,ADS,TX,ASW,CE,Towers with Radar,0,22,77,2,101,0,125,197,0,322,0,147,274,2,423,0,0,0,423
01/05/2023,ADS,TX,ASW,CE,Towers with Radar,0,27,98,0,125,0,135,169,0,304,0,162,267,0,429,8,0,8,437
01/06/2023,ADS,TX,ASW,CE,Towers with Radar,0,19,112,0,131,0,41,111,0,152,0,60,223,0,283,12,0,12,295
01/07/2023,ADS,TX,ASW,CE,Towers with Radar,0,20,74,0,94,0,98,200,0,298,0,118,274,0,392,0,0,0,392
01/08/2023,ADS,TX,ASW,CE,Towers with Radar,0,35,112,0,147,0,111,180,0,291,0,146,292,0,438,12,0,12,450
01/09/2023,ADS,TX,ASW,CE,Towers with Radar,2,24,82,0,108,0,93,164,1,258,2,117,246,1,366,0,0,0,366
01/10/2023,ADS,TX,ASW,CE,Towers with Radar,0,34,111,1,146,0,86,151,1,238,0,120,262,2,384,12,0,12,396
01/11/2023,ADS,TX,ASW,CE,Towers with Radar,0,19,115,2,136,0,94,164,0,258,0,113,279,2,394,13,0,13,407
01/12/2023,ADS,TX,ASW,CE,Towers with Radar,0,27,91,0,118,0,21,115,0,136,0,48,206,0,254,1,0,1,255
01/13/2023,ADS,TX,ASW,CE,Towers with Radar,0,19,111,0,130,0,130,256,0,386,0,149,367,0,516,11,0,11,527
01/14/2023,ADS,TX,ASW,CE,Towers with Radar,0,17,63,0,80,0,90,214,0,304,0,107,277,0,384,3,0,3,387
01/15/2023,ADS,TX,ASW,CE,Towers with Radar,0,15,85,0,100,0,13,76,0,89,0,28,161,0,189,2,0,2,191
01/16/2023,ADS,TX,ASW,CE,Towers with Radar,0,35,118,0,153,0,82,108,0,190,0,117,226,0,343,1,0,1,344
01/17/2023,ADS,TX,ASW,CE,Towers with Radar,0,26,100,0,126,0,128,169,0,297,0,154,269,0,423,0,0,0,423
01/18/2023,ADS,TX,ASW,CE,Towers with Radar,0,32,86,2,120,0,48,83,0,131,0,80,169,2,251,0,0,0,251
01/19/2023,ADS,TX,ASW,CE,Towers with Radar,0,32,96,0,128,0,115,176,1,292,0,147,272,1,420,6,0,6,426
01/20/2023,ADS,TX,ASW,CE,Towers with Radar,0,27,94,0,121,0,103,179,2,284,0,130,273,2,405,0,0,0,405
01/21/2023,ADS,TX,ASW,CE,Towers with Radar,0,15,63,0,78,0,92,126,2,220,0,107,189,2,298,0,0,0,298
01/22/2023,ADS,TX,ASW,CE,Towers with Radar,0,33,67,0,100,0,50,132,0,182,0,83,199,0,282,12,0,12,294
01/23/2023,ADS,TX,ASW,CE,Towers with Radar,0,27,88,0,115,0,116,207,0,323,0,143,295,0,438,0,0,0,438
01/24/2023,ADS,TX,ASW,CE,Towers with Radar,0,17,44,0,61,0,0,3,0,3,0,17,47,0,64,0,0,0,64
01/25/2023,ADS,TX,ASW,CE,Towers with Radar,0,20,105,0,125,0,15,50,0,65,0,35,155,0,190,6,0,6,196
01/26/2023,ADS,TX,ASW,CE,Towers with Radar,0,28,142,0,170,0,114,215,1,330,0,142,357,1,500,0,0,0,500
01/27/2023,ADS,TX,ASW,CE,Towers with Radar,0,26,125,2,153,0,97,211,2,310,0,123,336,4,463,0,0,0,463
01/28/2023,ADS,TX,ASW,CE,Towers with Radar,0,28,84,2,114,0,18,18,0,36,0,46,102,2,150,0,0,0,150
01/29/2023,ADS,TX,ASW,CE,Towers with Radar,0,19,105,0,124,0,0,3,0,3,0,19,108,0,127,2,0,2,129
01/30/2023,ADS,TX,ASW,CE,Towers with Radar,0,13,49,0,62,0,0,0,0,0,0,13,49,0,62,0,0,0,62
01/31/2023,ADS,TX,ASW,CE,Towers with Radar,0,2,7,0,9,0,0,0,0,0,0,2,7,0,9,0,0,0,9
02/01/2023,ADS,TX,ASW,CE,Towers with Radar,0,0,4,0,4,0,0,0,0,0,0,0,4,0,4,0,0,0,4
02/02/2023,ADS,TX,ASW,CE,Towers with Radar,0,9,43,0,52,0,0,1,0,1,0,9,44,0,53,0,0,0,53
02/03/2023,ADS,TX,ASW,CE,Towers with Radar,0,32,85,0,117,0,129,145,0,274,0,161,230,0,391,20,0,20,411
02/04/2023,ADS,TX,ASW,CE,Towers with Radar,0,25,53,0,78,0,114,196,0,310,0,139,249,0,388,0,0,0,388
02/05/2023,ADS,TX,ASW,CE,Towers with Radar,0,28,91,2,121,0,106,226,0,332,0,134,317,2,453,0,0,0,453
02/06/2023,ADS,TX,ASW,CE,Towers with Radar,0,44,101,0,145,0,2,38,0,40,0,46,139,0,185,7,0,7,192
02/07/2023,ADS,TX,ASW,CE,Towers with Radar,0,33,114,0,147,0,1,3,0,4,0,34,117,0,151,0,0,0,151
02/08/2023,ADS,TX,ASW,CE,Towers with Radar,0,26,105,0,131,0,0,2,0,2,0,26,107,0,133,0,0,0,133
02/09/2023,ADS,TX,ASW,CE,Towers with Radar,0,21,104,0,125,0,161,253,0,414,0,182,357,0,539,0,0,0,539
02/10/2023,ADS,TX,ASW,CE,Towers with Radar,0,28,105,0,133,0,37,96,0,133,0,65,201,0,266,10,0,10,276
02/11/2023,ADS,TX,ASW,CE,Towers with Radar,0,26,82,0,108,0,107,198,0,305,0,133,280,0,413,0,0,0,413
02/12/2023,ADS,TX,ASW,CE,Towers with Radar,0,21,64,0,85,0,145,191,2,338,0,166,255,2,423,17,0,17,440
02/13/2023,ADS,TX,ASW,CE,Towers with Radar,0,32,99,2,133,0,132,164,0,296,0,164,263,2,429,0,0,0,429
02/14/2023,ADS,TX,ASW,CE,Towers with Radar,0,20,47,0,67,0,11,31,0,42,0,31,78,0,109,0,0,0,109
02/15/2023,ADS,TX,ASW,CE,Towers with Radar,0,25,126,0,151,0,64,162,2,228,0,89,288,2,379,6,0,6,385
02/16/2023,ADS,TX,ASW,CE,Towers with Radar,0,21,118,2,141,0,21,102,0,123,0,42,220,2,264,0,0,0,264
02/17/2023,ADS,TX,ASW,CE,Towers with Radar,0,21,103,0,124,0,135,269,0,404,0,156,372,0,528,15,0,15,543
02/18/2023,ADS,TX,ASW,CE,Towers with Radar,0,18,61,0,79,0,107,193,0,300,0,125,254,0,379,0,0,0,379
02/19/2023,ADS,TX,ASW,CE,Towers with Radar,0,24,85,0,109,0,75,162,0,237,0,99,247,0,346,0,0,0,346
02/20/2023,ADS,TX,ASW,CE,Towers with Radar,0,25,103,0,128,0,76,142,0,218,0,101,245,0,346,2,0,2,348
02/21/2023,ADS,TX,ASW,CE,Towers with Radar,0,26,120,2,148,0,103,165,0,268,0,129,285,2,416,0,0,0,416
02/22/2023,ADS,TX,ASW,CE,Towers with Radar,0,23,82,0,105,0,19,53,0,72,0,42,135,0,177,11,0,11,188
02/23/2023,ADS,TX,ASW,CE,Towers with Radar,0,30,91,0,121,0,89,200,0,289,0,119,291,0,410,0,0,0,410
02/24/2023,ADS,TX,ASW,CE,Towers with Radar,0,41,121,0,162,0,21,28,2,51,0,62,149,2,213,17,0,17,230
02/25/2023,ADS,TX,ASW,CE,Towers with Radar,0,19,80,0,99,0,0,1,0,1,0,19,81,0,100,0,0,0,100
02/26/2023,ADS,TX,ASW,CE,Towers with Radar,0,16,84,0,100,0,0,6,0,6,0,16,90,0,106,0,0,0,106
02/27/2023,ADS,TX,ASW,CE,Towers with Radar,0,35,85,1,121,0,83,177,0,260,0,118,262,1,381,4,0,4,385
02/28/2023,ADS,TX,ASW,CE,Towers with Radar,0,27,92,0,119,0,151,210,2,363,0,178,302,2,482,0,0,0,482
03/01/2023,ADS,TX,ASW,CE,Towers with Radar,0,36,111,0,147,0,25,53,0,78,0,61,164,0,225,0,0,0,225
03/02/2023,ADS,TX,ASW,CE,Towers with Radar,0,18,67,0,85,0,39,25,0,64,0,57,92,0,149,0,0,0,149
03/03/2023,ADS,TX,ASW,CE,Towers with Radar,0,37,86,1,124,0,67,155,1,223,0,104,241,2,347,0,0,0,347
03/04/2023,ADS,TX,ASW,CE,Towers with Radar,0,29,75,1,105,0,124,258,1,383,0,153,333,2,488,0,0,0,488
03/05/2023,ADS,TX,ASW,CE,Towers with Radar,0,35,78,0,113,0,89,187,2,278,0,124,265,2,391,6,0,6,397
03/06/2023,ADS,TX,ASW,CE,Towers with Radar,2,18,94,0,114,0,67,116,0,183,2,85,210,0,297,3,0,3,300
03/07/2023,ADS,TX,ASW,CE,Towers with Radar,0,42,133,0,175,0,12,40,0,52,0,54,173,0,227,7,0,7,234
03/08/2023,ADS,TX,ASW,CE,Towers with Radar,0,33,99,0,132,0,0,1,0,1,0,33,100,0,133,0,0,0,133
03/09/2023,ADS,TX,ASW,CE,Towers with Radar,1,19,97,0,117,0,0,1,0,1,1,19,98,0,118,0,0,0,118
03/10/2023,ADS,TX,ASW,CE,Towers with Radar,3,29,129,0,161,0,145,235,0,380,3,174,364,0,541,0,0,0,541
03/11/2023,ADS,TX,ASW,CE,Towers with Radar,0,21,101,0,122,0,25,76,0,101,0,46,177,0,223,0,0,0,223
03/12/2023,ADS,TX,ASW,CE,Towers with Radar,0,30,101,0,131,0,80,145,0,225,0,110,246,0,356,0,0,0,356
03/13/2023,ADS,TX,ASW,CE,Towers with Radar,0,29,79,0,108,0,145,193,0,338,0,174,272,0,446,0,0,0,446
03/14/2023,ADS,TX,ASW,CE,Towers with Radar,2,21,72,0,95,0,155,223,0,378,2,176,295,0,473,1,0,1,474
03/15/2023,ADS,TX,ASW,CE,Towers with Radar,3,32,87,1,123,0,87,193,1,281,3,119,280,2,404,8,0,8,412
03/16/2023,ADS,TX,ASW,CE,Towers with Radar,0,21,54,0,75,0,0,0,0,0,0,21,54,0,75,0,0,0,75
03/17/2023,ADS,TX,ASW,CE,Towers with Radar,0,23,97,0,120,0,41,128,0,169,0,64,225,0,289,0,0,0,289
03/18/2023,ADS,TX,ASW,CE,Towers with Radar,0,30,96,0,126,0,68,116,0,184,0,98,212,0,310,0,0,0,310
03/19/2023,ADS,TX,ASW,CE,Towers with Radar,0,30,118,0,148,0,66,107,0,173,0,96,225,0,321,0,0,0,321
03/20/2023,ADS,TX,ASW,CE,Towers with Radar,0,32,93,0,125,0,89,142,0,231,0,121,235,0,356,0,0,0,356
03/21/2023,ADS,TX,ASW,CE,Towers with Radar,0,28,136,0,164,0,0,0,0,0,0,28,136,0,164,0,0,0,164
03/22/2023,ADS,TX,ASW,CE,Towers with Radar,0,43,107,0,150,0,17,78,0,95,0,60,185,0,245,0,0,0,245
03/23/2023,ADS,TX,ASW,CE,Towers with Radar,0,35,137,0,172,0,10,81,4,95,0,45,218,4,267,0,0,0,267
03/24/2023,ADS,TX,ASW,CE,Towers with Radar,0,45,94,0,139,0,19,46,0,65,0,64,140,0,204,0,0,0,204
03/25/2023,ADS,TX,ASW,CE,Towers with Radar,0,17,65,0,82,0,86,233,0,319,0,103,298,0,401,1,0,1,402
03/26/2023,ADS,TX,ASW,CE,Towers with Radar,0,25,84,0,109,0,113,236,1,350,0,138,320,1,459,20,0,20,479
03/27/2023,ADS,TX,ASW,CE,Towers with Radar,0,34,74,0,108,0,111,166,0,277,0,145,240,0,385,0,0,0,385
03/28/2023,ADS,TX,ASW,CE,Towers with Radar,1,30,84,1,116,0,90,193,0,283,1,120,277,1,399,0,0,0,399
03/29/2023,ADS,TX,ASW,CE,Towers with Radar,0,30,121,1,152,0,130,206,0,336,0,160,327,1,488,2,0,2,490
03/30/2023,ADS,TX,ASW,CE,Towers with Radar,0,25,115,0,140,0,6,24,0,30,0,31,139,0,170,0,0,0,170
03/31/2023,ADS,TX,ASW,CE,Towers with Radar,0,26,93,0,119,0,7,54,0,61,0,33,147,0,180,0,0,0,180
04/01/2023,ADS,TX,ASW,CE,Towers with Radar,0,25,65,0,90,0,155,257,0,412,0,180,322,0,502,7,0,7,509
04/02/2023,ADS,TX,ASW,CE,Towers with Radar,0,22,99,0,121,0,59,95,0,154,0,81,194,0,275,4,0,4,279
04/03/2023,ADS,TX,ASW,CE,Towers with Radar,0,26,112,1,139,0,45,123,1,169,0,71,235,2,308,0,0,0,308
04/04/2023,ADS,TX,ASW,CE,Towers with Radar,0,29,121,0,150,0,3,59,0,62,0,32,180,0,212,6,0,6,218
04/05/2023,ADS,TX,ASW,CE,Towers with Radar,0,28,89,0,117,0,89,191,0,280,0,117,280,0,397,1,0,1,398
04/06/2023,ADS,TX,ASW,CE,Towers with Radar,1,48,107,0,156,0,101,130,0,231,1,149,237,0,387,0,0,0,387
04/07/2023,ADS,TX,ASW,CE,Towers with Radar,0,36,93,0,129,0,82,100,0,182,0,118,193,0,311,0,0,0,311
04/08/2023,ADS,TX,ASW,CE,Towers with Radar,0,25,63,0,88,0,119,181,0,300,0,144,244,0,388,0,0,0,388
04/09/2023,ADS,TX,ASW,CE,Towers with Radar,1,26,70,0,97,0,20,106,0,126,1,46,176,0,223,1,0,1,224
04/10/2023,ADS,TX,ASW,CE,Towers with Radar,0,41,116,0,157,0,144,161,0,305,0,185,277,0,462,6,0,6,468
04/11/2023,ADS,TX,ASW,CE,Towers with Radar,0,26,102,3,131,0,132,181,0,313,0,158,283,3,444,0,0,0,444
04/12/2023,ADS,TX,ASW,CE,Towers with Radar,0,25,103,3,131,0,139,198,0,337,0,164,301,3,468,0,0,0,468
04/13/2023,ADS,TX,ASW,CE,Towers with Radar,0,39,105,0,144,0,113,207,0,320,0,152,312,0,464,0,0,0,464
04/14/2023,ADS,TX,ASW,CE,Towers with Radar,0,29,96,0,125,0,38,126,0,164,0,67,222,0,289,0,0,0,289
04/15/2023,ADS,TX,ASW,CE,Towers with Radar,0,23,81,2,106,0,14,85,0,99,0,37,166,2,205,0,0,0,205
04/16/2023,ADS,TX,ASW,CE,Towers with Radar,0,21,79,0,100,0,93,180,0,273,0,114,259,0,373,0,0,0,373
04/17/2023,ADS,TX,ASW,CE,Towers with Radar,2,32,77,1,112,0,113,208,1,322,2,145,285,2,434,6,0,6,440
04/18/2023,ADS,TX,ASW,CE,Towers with Radar,2,30,107,0,139,0,51,81,0,132,2,81,188,0,271,3,0,3,274
04/19/2023,ADS,TX,ASW,CE,Towers with Radar,0,29,117,0,146,0,11,43,0,54,0,40,160,0,200,0,0,0,200
04/20/2023,ADS,TX,ASW,CE,Towers with Radar,0,29,125,0,154,0,1,29,0,30,0,30,154,0,184,13,0,13,197
04/21/2023,ADS,TX,ASW,CE,Towers with Radar,0,19,88,0,107,0,86,165,0,251,0,105,253,0,358,13,0,13,371
04/22/2023,ADS,TX,ASW,CE,Towers with Radar,0,15,76,0,91,0,115,273,0,388,0,130,349,0,479,0,0,0,479
04/23/2023,ADS,TX,ASW,CE,Towers with Radar,0,27,104,0,131,0,8,20,0,28,0,35,124,0,159,0,0,0,159
04/24/2023,ADS,TX,ASW,CE,Towers with Radar,0,32,121,0,153,0,132,153,0,285,0,164,274,0,438,0,0,0,438
04/25/2023,ADS,TX,ASW,CE,Towers with Radar,0,36,100,0,136,0,90,99,0,189,0,126,199,0,325,0,0,0,325
04/26/2023,ADS,TX,ASW,CE,Towers with Radar,0,20,82,0,102,0,0,0,0,0,0,20,82,0,102,0,0,0,102
04/27/2023,ADS,TX,ASW,CE,Towers with Radar,0,47,135,0,182,0,42,98,0,140,0,89,233,0,322,0,0,0,322
04/28/2023,ADS,TX,ASW,CE,Towers with Radar,0,20,96,0,116,0,80,115,0,195,0,100,211,0,311,2,0,2,313
04/29/2023,ADS,TX,ASW,CE,Towers with Radar,0,14,64,0,78,0,8,73,0,81,0,22,137,0,159,0,0,0,159
04/30/2023,ADS,TX,ASW,CE,Towers with Radar,0,30,102,0,132,0,126,224,1,351,0,156,326,1,483,2,0,2,485
05/01/2023,ADS,TX,ASW,CE,Towers with Radar,0,37,63,0,100,0,125,203,0,328,0,162,266,0,428,0,0,0,428
05/02/2023,ADS,TX,ASW,CE,Towers with Radar,0,50,96,0,146,0,126,206,1,333,0,176,302,1,479,0,0,0,479
05/03/2023,ADS,TX,ASW,CE,Towers with Radar,0,38,113,0,151,0,121,196,0,317,0,159,309,0,468,20,0,20,488
05/04/2023,ADS,TX,ASW,CE,Towers with Radar,0,27,132,0,159,0,82,147,0,229,0,109,279,0,388,0,0,0,388
05/05/2023,ADS,TX,ASW,CE,Towers with Radar,0,53,111,2,166,0,37,115,0,152,0,90,226,2,318,0,0,0,318
05/06/2023,ADS,TX,ASW,CE,Towers with Radar,0,21,48,0,69,0,31,79,0,110,0,52,127,0,179,0,0,0,179
05/07/2023,ADS,TX,ASW,CE,Towers with Radar,0,42,107,0,149,0,52,102,2,156,0,94,209,2,305,3,0,3,308
05/08/2023,ADS,TX,ASW,CE,Towers with Radar,1,28,129,0,158,0,62,124,0,186,1,90,253,0,344,0,0,0,344
05/09/2023,ADS,TX,ASW,CE,Towers with Radar,0,48,97,0,145,0,82,132,0,214,0,130,229,0,359,0,0,0,359
05/10/2023,ADS,TX,ASW,CE,Towers with Radar,0,50,101,0,151,0,4,6,0,10,0,54,107,0,161,8,0,8,169
05/11/2023,ADS,TX,ASW,CE,Towers with Radar,0,50,117,0,167,0,33,69,0,102,0,83,186,0,269,0,0,0,269
05/12/2023,ADS,TX,ASW,CE,Towers with Radar,0,32,121,0,153,0,28,69,0,97,0,60,190,0,250,1,0,1,251
05/13/2023,ADS,TX,ASW,CE,Towers with Radar,0,16,50,0,66,0,65,114,0,179,0,81,164,0,245,3,0,3,248
05/14/2023,ADS,TX,ASW,CE,Towers with Radar,0,19,80,0,99,0,8,19,0,27,0,27,99,0,126,0,0,0,126
05/15/2023,ADS,TX,ASW,CE,Towers with Radar,0,33,93,0,126,0,70,113,0,183,0,103,206,0,309,0,0,0,309
05/16/2023,ADS,TX,ASW,CE,Towers with Radar,2,56,118,0,176,0,110,134,0,244,2,166,252,0,420,0,0,0,420
05/17/2023,ADS,TX,ASW,CE,Towers with Radar,0,55,127,0,182,0,117,249,0,366,0,172,376,0,548,19,0,19,567
05/18/2023,ADS,TX,ASW,CE,Towers with Radar,0,32,121,0,153,0,125,212,0,337,0,157,333,0,490,4,0,4,494
05/19/2023,ADS,TX,ASW,CE,Towers with Radar,0,34,89,1,124,0,67,119,0,186,0,101,208,1,310,0,0,0,310
05/20/2023,ADS,TX,ASW,CE,Towers with Radar,0,31,82,1,114,0,84,168,0,252,0,115,250,1,366,5,0,5,371
05/21/2023,ADS,TX,ASW,CE,Towers with Radar,0,44,90,0,134,0,88,186,0,274,0,132,276,0,408,14,0,14,422
05/22/2023,ADS,TX,ASW,CE,Towers with Radar,0,39,101,0,140,0,112,202,0,314,0,151,303,0,454,0,0,0,454
05/23/2023,ADS,TX,ASW,CE,Towers with Radar,0,31,114,2,147,0,96,186,1,283,0,127,300,3,430,0,0,0,430
05/24/2023,ADS,TX,ASW,CE,Towers with Radar,0,32,115,0,147,0,92,146,0,238,0,124,261,0,385,0,0,0,385
05/25/2023,ADS,TX,ASW,CE,Towers with Radar,2,41,129,2,174,0,101,165,0,266,2,142,294,2,440,0,0,0,440
05/26/2023,ADS,TX,ASW,CE,Towers with Radar,0,35,89,0,124,0,70,161,0,231,0,105,250,0,355,0,0,0,355
05/27/2023,ADS,TX,ASW,CE,Towers with Radar,0,32,50,2,84,0,86,149,0,235,0,118,199,2,319,0,0,0,319
05/28/2023,ADS,TX,ASW,CE,Towers with Radar,0,27,46,0,73,0,52,115,1,168,0,79,161,1,241,0,0,0,241
05/29/2023,ADS,TX,ASW,CE,Towers with Radar,0,28,71,0,99,0,49,103,0,152,0,77,174,0,251,10,0,10,261
05/30/2023,ADS,TX,ASW,CE,Towers with Radar,0,42,84,0,126,0,84,98,0,182,0,126,182,0,308,4,0,4,312
05/31/2023,ADS,TX,ASW,CE,Towers with Radar,0,42,102,0,144,0,94,168,0,262,0,136,270,0,406,0,0,0,406
06/01/2023,ADS,TX,ASW,CE,Towers with Radar,0,46,80,0,126,0,102,142,0,244,0,148,222,0,370,8,0,8,378
06/02/2023,ADS,TX,ASW,CE,Towers with Radar,0,35,93,0,128,0,100,143,0,243,0,135,236,0,371,0,0,0,371
06/03/2023,ADS,TX,ASW,CE,Towers with Radar,0,30,60,0,90,0,57,121,0,178,0,87,181,0,268,0,0,0,268
06/04/2023,ADS,TX,ASW,CE,Towers with Radar,0,26,75,0,101,0,72,107,0,179,0,98,182,0,280,4,0,4,284
06/05/2023,ADS,TX,ASW,CE,Towers with Radar,0,45,97,0,142,0,84,100,1,185,0,129,197,1,327,4,0,4,331
06/06/2023,ADS,TX,ASW,CE,Towers with Radar,2,31,87,0,120,0,31,65,0,96,2,62,152,0,216,0,0,0,216
06/07/2023,ADS,TX,ASW,CE,Towers with Radar,0,28,84,0,112,0,90,142,0,232,0,118,226,0,344,5,0,5,349
06/08/2023,ADS,TX,ASW,CE,Towers with Radar,0,35,75,0,110,0,84,157,0,241,0,119,232,0,351,3,0,3,354
06/09/2023,ADS,TX,ASW,CE,Towers with Radar,0,30,92,1,123,0,112,147,0,259,0,142,239,1,382,6,0,6,388
06/10/2023,ADS,TX,ASW,CE,Towers with Radar,0,19,39,0,58,0,43,96,0,139,0,62,135,0,197,3,0,3,200
06/11/2023,ADS,TX,ASW,CE,Towers with Radar,0,43,88,0,131,0,86,140,0,226,0,129,228,0,357,2,0,2,359
06/12/2023,ADS,TX,ASW,CE,Towers with Radar,0,20,110,0,130,0,38,81,0,119,0,58,191,0,249,0,0,0,249
06/13/2023,ADS,TX,ASW,CE,Towers with Radar,0,39,109,0,148,0,0,5,0,5,0,39,114,0,153,2,0,2,155
06/14/2023,ADS,TX,ASW,CE,Towers with Radar,0,37,85,0,122,0,16,43,0,59,0,53,128,0,181,26,0,26,207
06/15/2023,ADS,TX,ASW,CE,Towers with Radar,0,24,118,0,142,0,68,89,0,157,0,92,207,0,299,0,0,0,299
06/16/2023,ADS,TX,ASW,CE,Towers with Radar,1,35,101,0,137,0,75,108,0,183,1,110,209,0,320,0,0,0,320
06/17/2023,ADS,TX,ASW,CE,Towers with Radar,0,24,66,0,90,0,57,90,0,147,0,81,156,0,237,0,0,0,237
06/18/2023,ADS,TX,ASW,CE,Towers with Radar,0,36,124,0,160,0,58,73,0,131,0,94,197,0,291,0,0,0,291
06/19/2023,ADS,TX,ASW,CE,Towers with Radar,0,44,107,0,151,0,64,126,0,190,0,108,233,0,341,0,0,0,341
06/20/2023,ADS,TX,ASW,CE,Towers with Radar,0,36,98,0,134,0,69,113,0,182,0,105,211,0,316,8,0,8,324
06/21/2023,ADS,TX,ASW,CE,Towers with Radar,0,28,117,1,146,0,32,82,4,118,0,60,199,5,264,0,0,0,264
06/22/2023,ADS,TX,ASW,CE,Towers with Radar,0,32,100,1,133,0,84,140,0,224,0,116,240,1,357,4,0,4,361
06/23/2023,ADS,TX,ASW,CE,Towers with Radar,0,26,86,0,112,0,55,114,0,169,0,81,200,0,281,0,0,0,281
06/24/2023,ADS,TX,ASW,CE,Towers with Radar,0,24,52,0,76,0,101,143,0,244,0,125,195,0,320,20,0,20,340
06/25/2023,ADS,TX,ASW,CE,Towers with Radar,1,32,72,0,105,0,94,139,0,233,1,126,211,0,338,0,0,0,338
06/26/2023,ADS,TX,ASW,CE,Towers with Radar,1,38,88,2,129,0,93,145,0,238,1,131,233,2,367,0,0,0,367
06/27/2023,ADS,TX,ASW,CE,Towers with Radar,0,37,84,0,121,0,98,162,0,260,0,135,246,0,381,2,0,2,383
06/28/2023,ADS,TX,ASW,CE,Towers with Radar,0,38,96,0,134,0,121,150,0,271,0,159,246,0,405,4,0,4,409
06/29/2023,ADS,TX,ASW,CE,Towers with Radar,0,30,102,2,134,0,118,143,0,261,0,148,245,2,395,19,0,19,414
06/30/2023,ADS,TX,ASW,CE,Towers with Radar,0,45,109,0,154,0,88,148,0,236,0,133,257,0,390,2,0,2,392
07/01/2023,ADS,TX,ASW,CE,Towers with Radar,0,27,70,0,97,0,54,102,0,156,0,81,172,0,253,0,0,0,253
07/02/2023,ADS,TX,ASW,CE,Towers with Radar,0,26,51,1,78,0,52,93,0,145,0,78,144,1,223,6,0,6,229
07/03/2023,ADS,TX,ASW,CE,Towers with Radar,0,14,34,0,48,0,85,107,1,193,0,99,141,1,241,0,0,0,241
07/04/2023,ADS,TX,ASW,CE,Towers with Radar,0,14,23,1,38,0,81,101,0,182,0,95,124,1,220,4,0,4,224
07/05/2023,ADS,TX,ASW,CE,Towers with Radar,0,27,74,2,103,0,103,115,0,218,0,130,189,2,321,6,0,6,327
07/06/2023,ADS,TX,ASW,CE,Towers with Radar,0,34,84,0,118,0,83,125,1,209,0,117,209,1,327,0,0,0,327
07/07/2023,ADS,TX,ASW,CE,Towers with Radar,0,32,70,0,102,0,79,103,0,182,0,111,173,0,284,1,0,1,285
07/08/2023,ADS,TX,ASW,CE,Towers with Radar,0,27,69,0,96,0,76,139,0,215,0,103,208,0,311,0,0,0,311
07/09/2023,ADS,TX,ASW,CE,Towers with Radar,0,33,84,0,117,0,64,86,0,150,0,97,170,0,267,0,0,0,267
07/10/2023,ADS,TX,ASW,CE,Towers with Radar,0,30,110,0,140,0,50,82,0,132,0,80,192,0,272,0,0,0,272
07/11/2023,ADS,TX,ASW,CE,Towers with Radar,0,41,77,1,119,0,67,101,0,168,0,108,178,1,287,2,0,2,289
07/12/2023,ADS,TX,ASW,CE,Towers with Radar,0,45,105,0,150,0,115,163,0,278,0,160,268,0,428,6,0,6,434
07/13/2023,ADS,TX,ASW,CE,Towers with Radar,0,45,78,0,123,0,86,140,0,226,0,131,218,0,349,0,0,0,349
07/14/2023,ADS,TX,ASW,CE,Towers with Radar,0,40,79,1,120,0,82,124,0,206,0,122,203,1,326,1,0,1,327
07/15/2023,ADS,TX,ASW,CE,Towers with Radar,0,33,67,0,100,0,69,124,0,193,0,102,191,0,293,4,0,4,297
07/16/2023,ADS,TX,ASW,CE,Towers with Radar,0,38,68,1,107,0,62,78,0,140,0,100,146,1,247,0,0,0,247
07/17/2023,ADS,TX,ASW,CE,Towers with Radar,0,35,70,0,105,0,102,161,0,263,0,137,231,0,368,6,0,6,374
07/18/2023,ADS,TX,ASW,CE,Towers with Radar,0,35,94,0,129,0,90,131,0,221,0,125,225,0,350,6,0,6,356
07/19/2023,ADS,TX,ASW,CE,Towers with Radar,0,33,117,0,150,0,108,141,0,249,0,141,258,0,399,0,0,0,399
07/20/2023,ADS,TX,ASW,CE,Towers with Radar,0,39,114,2,155,0,93,169,1,263,0,132,283,3,418,2,0,2,420
07/21/2023,ADS,TX,ASW,CE,Towers with Radar,0,27,96,0,123,0,90,156,0,246,0,117,252,0,369,4,0,4,373
07/22/2023,ADS,TX,ASW,CE,Towers with Radar,0,21,61,0,82,0,80,175,0,255,0,101,236,0,337,23,0,23,360
07/23/2023,ADS,TX,ASW,CE,Towers with Radar,0,29,91,0,120,0,86,167,0,253,0,115,258,0,373,13,0,13,386
07/24/2023,ADS,TX,ASW,CE,Towers with Radar,0,27,84,0,111,0,95,122,0,217,0,122,206,0,328,8,0,8,336
07/25/2023,ADS,TX,ASW,CE,Towers with Radar,0,30,86,4,120,0,44,118,0,162,0,74,204,4,282,7,0,7,289
07/26/2023,ADS,TX,ASW,CE,Towers with Radar,0,28,89,1,118,0,90,115,1,206,0,118,204,2,324,12,0,12,336
07/27/2023,ADS,TX,ASW,CE,Towers with Radar,1,34,90,0,125,0,84,120,0,204,1,118,210,0,329,2,0,2,331
07/28/2023,ADS,TX,ASW,CE,Towers with Radar,0,31,97,0,128,0,93,134,0,227,0,124,231,0,355,2,0,2,357
07/29/2023,ADS,TX,ASW,CE,Towers with Radar,0,21,52,0,73,0,101,148,0,249,0,122,200,0,322,0,0,0,322
07/30/2023,ADS,TX,ASW,CE,Towers with Radar,0,34,84,0,118,0,90,162,0,252,0,124,246,0,370,0,0,0,370
07/31/2023,ADS,TX,ASW,CE,Towers with Radar,0,34,69,0,103,0,113,129,0,242,0,147,198,0,345,8,0,8,353
08/01/2023,ADS,TX,ASW,CE,Towers with Radar,0,19,84,0,103,0,115,123,1,239,0,134,207,1,342,0,0,0,342
08/02/2023,ADS,TX,ASW,CE,Towers with Radar,0,39,103,0,142,0,94,137,0,231,0,133,240,0,373,0,0,0,373
08/03/2023,ADS,TX,ASW,CE,Towers with Radar,0,40,87,2,129,0,115,143,1,259,0,155,230,3,388,5,0,5,393
08/04/2023,ADS,TX,ASW,CE,Towers with Radar,0,35,88,0,123,0,111,136,0,247,0,146,224,0,370,12,0,12,382
08/05/2023,ADS,TX,ASW,CE,Towers with Radar,0,30,56,0,86,0,103,155,0,258,0,133,211,0,344,0,0,0,344
08/06/2023,ADS,TX,ASW,CE,Towers with Radar,0,24,71,0,95,0,98,143,0,241,0,122,214,0,336,0,0,0,336
08/07/2023,ADS,TX,ASW,CE,Towers with Radar,0,37,77,0,114,0,115,134,1,250,0,152,211,1,364,0,0,0,364
08/08/2023,ADS,TX,ASW,CE,Towers with Radar,0,45,78,0,123,0,97,124,0,221,0,142,202,0,344,0,0,0,344
08/09/2023,ADS,TX,ASW,CE,Towers with Radar,0,45,80,0,125,0,57,91,0,148,0,102,171,0,273,0,0,0,273
08/10/2023,ADS,TX,ASW,CE,Towers with Radar,0,34,97,0,131,0,105,148,0,253,0,139,245,0,384,0,0,0,384
08/11/2023,ADS,TX,ASW,CE,Towers with Radar,0,41,110,1,152,0,90,155,0,245,0,131,265,1,397,1,0,1,398
08/12/2023,ADS,TX,ASW,CE,Towers with Radar,0,28,73,1,102,0,81,132,0,213,0,109,205,1,315,0,0,0,315
08/13/2023,ADS,TX,ASW,CE,Towers with Radar,0,40,100,0,140,0,66,147,0,213,0,106,247,0,353,0,0,0,353
08/14/2023,ADS,TX,ASW,CE,Towers with Radar,0,23,96,0,119,0,91,141,1,233,0,114,237,1,352,14,0,14,366
08/15/2023,ADS,TX,ASW,CE,Towers with Radar,0,43,94,0,137,0,99,152,0,251,0,142,246,0,388,16,0,16,404
08/16/2023,ADS,TX,ASW,CE,Towers with Radar,0,31,89,0,120,0,91,138,0,229,0,122,227,0,349,3,0,3,352
08/17/2023,ADS,TX,ASW,CE,Towers with Radar,0,33,102,0,135,0,103,135,0,238,0,136,237,0,373,11,0,11,384
08/18/2023,ADS,TX,ASW,CE,Towers with Radar,0,20,89,0,109,0,95,168,0,263,0,115,257,0,372,6,0,6,378
08/19/2023,ADS,TX,ASW,CE,Towers with Radar,0,33,56,0,89,0,82,141,0,223,0,115,197,0,312,2,0,2,314
08/20/2023,ADS,TX,ASW,CE,Towers with Radar,0,29,69,0,98,0,85,138,0,223,0,114,207,0,321,4,0,4,325
08/21/2023,ADS,TX,ASW,CE,Towers with Radar,0,39,80,0,119,0,87,125,0,212,0,126,205,0,331,0,0,0,331
08/22/2023,ADS,TX,ASW,CE,Towers with Radar,0,30,78,0,108,0,98,126,0,224,0,128,204,0,332,0,0,0,332
08/23/2023,ADS,TX,ASW,CE,Towers with Radar,0,38,98,0,136,0,114,110,0,224,0,152,208,0,360,7,0,7,367
08/24/2023,ADS,TX,ASW,CE,Towers with Radar,0,39,99,1,139,0,98,116,0,214,0,137,215,1,353,0,0,0,353
08/25/2023,ADS,TX,ASW,CE,Towers with Radar,0,32,85,2,119,0,97,147,0,244,0,129,232,2,363,0,0,0,363
08/26/2023,ADS,TX,ASW,CE,Towers with Radar,0,25,45,0,70,0,85,136,0,221,0,110,181,0,291,0,0,0,291
08/27/2023,ADS,TX,ASW,CE,Towers with Radar,0,28,77,0,105,0,80,115,0,195,0,108,192,0,300,2,0,2,302
08/28/2023,ADS,TX,ASW,CE,Towers with Radar,0,37,100,0,137,0,101,128,0,229,0,138,228,0,366,0,0,0,366
08/29/2023,ADS,TX,ASW,CE,Towers with Radar,0,46,68,0,114,0,104,143,0,247,0,150,211,0,361,4,0,4,365
08/30/2023,ADS,TX,ASW,CE,Towers with Radar,0,46,99,2,147,1,104,144,0,249,1,150,243,2,396,0,0,0,396
08/31/2023,ADS,TX,ASW,CE,Towers with Radar,0,35,105,0,140,0,134,171,1,306,0,169,276,1,446,8,0,8,454
