01/01/2000,ADW,MD,AEA,EN,Towers with Radar,0,0,0,22,22,0,0,11,2,13,0,0,11,24,35,0,38,38,73
01/02/2000,ADW,MD,AEA,EN,Towers with Radar,0,0,1,25,26,0,0,23,0,23,0,0,24,25,49,32,42,74,123
01/03/2000,ADW,MD,AEA,EN,Towers with Radar,0,0,3,103,106,0,0,12,53,65,0,0,15,156,171,0,140,140,311
01/04/2000,ADW,MD,AEA,EN,Towers with Radar,0,0,1,68,69,0,0,0,0,0,0,0,1,68,69,0,50,50,119
01/05/2000,ADW,MD,AEA,EN,Towers with Radar,0,0,4,132,136,0,0,3,36,39,0,0,7,168,175,8,162,170,345
01/06/2000,ADW,MD,AEA,EN,Towers with Radar,0,0,4,126,130,0,0,18,46,64,0,0,22,172,194,6,178,184,378
01/07/2000,ADW,MD,AEA,EN,Towers with Radar,0,0,3,94,97,0,0,4,58,62,0,0,7,152,159,0,74,74,233
01/08/2000,ADW,MD,AEA,EN,Towers with Radar,0,0,2,73,75,0,0,21,7,28,0,0,23,80,103,12,73,85,188
01/09/2000,ADW,MD,AEA,EN,Towers with Radar,0,0,3,83,86,0,0,12,27,39,0,0,15,110,125,18,112,130,255
01/10/2000,ADW,MD,AEA,EN,Towers with Radar,0,0,2,68,70,0,0,0,10,10,0,0,2,78,80,0,50,50,130
01/11/2000,ADW,MD,AEA,EN,Towers with Radar,0,0,5,117,122,0,0,3,39,42,0,0,8,156,164,14,88,102,266
01/12/2000,ADW,MD,AEA,EN,Towers with Radar,0,0,6,160,166,1,0,14,63,78,1,0,20,223,244,16,118,134,378
01/13/2000,ADW,MD,AEA,EN,Towers with Radar,0,0,4,94,98,0,0,1,36,37,0,0,5,130,135,0,94,94,229
01/14/2000,ADW,MD,AEA,EN,Towers with Radar,0,0,5,128,133,0,0,4,51,55,0,0,9,179,188,10,122,132,320
01/15/2000,ADW,MD,AEA,EN,Towers with Radar,0,0,2,58,60,0,0,13,2,15,0,0,15,60,75,6,62,68,143
01/16/2000,ADW,MD,AEA,EN,Towers with Radar,0,0,1,31,32,0,0,15,0,15,0,0,16,31,47,10,37,47,94
01/17/2000,ADW,MD,AEA,EN,Towers with Radar,0,0,2,50,52,0,0,7,5,12,0,0,9,55,64,6,6,12,76
01/18/2000,ADW,MD,AEA,EN,Towers with Radar,0,0,4,105,109,0,0,7,47,54,0,0,11,152,163,6,114,120,283
01/19/2000,ADW,MD,AEA,EN,Towers with Radar,0,0,4,110,114,0,0,5,37,42,0,0,9,147,156,2,62,64,220
01/20/2000,ADW,MD,AEA,EN,Towers with Radar,0,0,0,48,48,0,0,0,4,4,0,0,0,52,52,0,10,10,62
01/21/2000,ADW,MD,AEA,EN,Towers with Radar,0,0,5,114,119,0,0,3,25,28,0,0,8,139,147,10,82,92,239
01/22/2000,ADW,MD,AEA,EN,Towers with Radar,0,0,3,79,82,0,0,1,25,26,0,0,4,104,108,0,66,66,174
01/23/2000,ADW,MD,AEA,EN,Towers with Radar,0,0,2,46,48,0,0,8,0,8,0,0,10,46,56,0,26,26,82
01/24/2000,ADW,MD,AEA,EN,Towers with Radar,0,0,2,136,138,0,0,0,111,111,0,0,2,247,249,0,388,388,637
01/25/2000,ADW,MD,AEA,EN,Towers with Radar,0,0,0,6,6,0,0,2,0,2,0,0,2,6,8,0,0,0,8
01/26/2000,ADW,MD,AEA,EN,Towers with Radar,0,0,2,35,37,0,0,8,0,8,0,0,10,35,45,8,0,8,53
01/27/2000,ADW,MD,AEA,EN,Towers with Radar,0,0,4,109,113,0,0,1,1,2,0,0,5,110,115,0,52,52,167
01/28/2000,ADW,MD,AEA,EN,Towers with Radar,0,0,3,92,95,0,0,0,39,39,0,0,3,131,134,0,70,70,204
01/29/2000,ADW,MD,AEA,EN,Towers with Radar,0,0,3,60,63,0,0,10,4,14,0,0,13,64,77,38,6,44,121
01/30/2000,ADW,MD,AEA,EN,Towers with Radar,0,0,0,13,13,0,0,1,0,1,0,0,1,13,14,0,0,0,14
01/31/2000,ADW,MD,AEA,EN,Towers with Radar,0,0,3,59,62,0,0,0,42,42,0,0,3,101,104,0,34,34,138
02/01/2000,ADW,MD,AEA,EN,Towers with Radar,0,0,5,108,113,0,0,0,47,47,0,0,5,155,160,2,134,136,296
02/02/2000,ADW,MD,AEA,EN,Towers with Radar,0,0,5,97,102,0,0,6,48,54,0,0,11,145,156,0,129,129,285
02/03/2000,ADW,MD,AEA,EN,Towers with Radar,0,0,6,122,128,0,0,17,49,66,0,0,23,171,194,12,214,226,420
02/04/2000,ADW,MD,AEA,EN,Towers with Radar,1,0,0,104,105,0,0,0,14,14,1,0,0,118,119,0,82,82,201
02/05/2000,ADW,MD,AEA,EN,Towers with Radar,0,0,3,60,63,0,0,9,27,36,0,0,12,87,99,10,78,88,187
02/06/2000,ADW,MD,AEA,EN,Towers with Radar,0,0,4,69,73,0,0,0,29,29,0,0,4,98,102,0,72,72,174
02/07/2000,ADW,MD,AEA,EN,Towers with Radar,0,0,7,120,127,0,0,15,63,78,0,0,22,183,205,24,112,136,341
02/08/2000,ADW,MD,AEA,EN,Towers with Radar,0,0,9,145,154,0,0,0,73,73,0,0,9,218,227,8,340,348,575
02/09/2000,ADW,MD,AEA,EN,Towers with Radar,0,0,10,169,179,1,0,0,75,76,1,0,10,244,255,12,288,300,555
02/10/2000,ADW,MD,AEA,EN,Towers with Radar,0,0,9,138,147,2,0,10,32,44,2,0,19,170,191,40,234,274,465
02/11/2000,ADW,MD,AEA,EN,Towers with Radar,0,0,7,109,116,0,0,15,34,49,0,0,22,143,165,42,170,212,377
02/12/2000,ADW,MD,AEA,EN,Towers with Radar,0,0,5,65,70,0,0,21,0,21,0,0,26,65,91,24,38,62,153
02/13/2000,ADW,MD,AEA,EN,Towers with Radar,0,0,3,41,44,0,0,7,16,23,0,0,10,57,67,0,40,40,107
02/14/2000,ADW,MD,AEA,EN,Towers with Radar,0,0,3,106,109,0,0,0,55,55,0,0,3,161,164,0,242,242,406
02/15/2000,ADW,MD,AEA,EN,Towers with Radar,0,0,9,143,152,1,0,5,43,49,1,0,14,186,201,6,294,300,501
02/16/2000,ADW,MD,AEA,EN,Towers with Radar,0,0,7,139,146,0,0,0,59,59,0,0,7,198,205,0,132,132,337
02/17/2000,ADW,MD,AEA,EN,Towers with Radar,0,0,12,174,186,0,0,2,60,62,0,0,14,234,248,8,308,316,564
02/18/2000,ADW,MD,AEA,EN,Towers with Radar,0,0,2,61,63,0,0,0,7,7,0,0,2,68,70,0,0,0,70
02/19/2000,ADW,MD,AEA,EN,Towers with Radar,0,0,4,57,61,0,0,6,0,6,0,0,10,57,67,6,16,22,89
02/20/2000,ADW,MD,AEA,EN,Towers with Radar,0,0,4,40,44,0,0,21,0,21,0,0,25,40,65,26,20,46,111
02/21/2000,ADW,MD,AEA,EN,Towers with Radar,0,0,4,57,61,0,0,40,0,40,0,0,44,57,101,24,8,32,133
02/22/2000,ADW,MD,AEA,EN,Towers with Radar,0,0,7,113,120,0,0,9,36,45,0,0,16,149,165,22,118,140,305
02/23/2000,ADW,MD,AEA,EN,Towers with Radar,0,0,11,169,180,0,0,12,71,83,0,0,23,240,263,32,155,187,450
02/24/2000,ADW,MD,AEA,EN,Towers with Radar,0,0,8,133,141,0,0,12,51,63,0,0,20,184,204,24,194,218,422
02/25/2000,ADW,MD,AEA,EN,Towers with Radar,0,0,8,133,141,0,0,9,38,47,0,0,17,171,188,32,160,192,380
02/26/2000,ADW,MD,AEA,EN,Towers with Radar,0,0,5,60,65,0,0,0,0,0,0,0,5,60,65,6,4,10,75
02/27/2000,ADW,MD,AEA,EN,Towers with Radar,0,0,4,58,62,0,0,21,1,22,0,0,25,59,84,4,16,20,104
02/28/2000,ADW,MD,AEA,EN,Towers with Radar,0,0,7,98,105,0,0,3,69,72,0,0,10,167,177,6,146,152,329
02/29/2000,ADW,MD,AEA,EN,Towers with Radar,0,0,10,149,159,0,0,21,71,92,0,0,31,220,251,16,208,224,475
03/01/2000,ADW,MD,AEA,EN,Towers with Radar,0,0,8,138,146,0,0,7,74,81,0,0,15,212,227,8,140,148,375
03/02/2000,ADW,MD,AEA,EN,Towers with Radar,0,0,3,115,118,0,0,0,56,56,0,0,3,171,174,0,88,88,262
03/03/2000,ADW,MD,AEA,EN,Towers with Radar,0,0,5,113,118,0,0,7,35,42,0,0,12,148,160,0,68,68,228
03/04/2000,ADW,MD,AEA,EN,Towers with Radar,0,0,3,81,84,0,0,35,0,35,0,0,38,81,119,46,26,72,191
03/05/2000,ADW,MD,AEA,EN,Towers with Radar,1,0,4,96,101,0,0,10,5,15,1,0,14,101,116,4,4,8,124
03/06/2000,ADW,MD,AEA,EN,Towers with Radar,0,0,4,128,132,0,0,0,54,54,0,0,4,182,186,0,196,196,382
03/07/2000,ADW,MD,AEA,EN,Towers with Radar,0,0,6,120,126,0,0,6,63,69,0,0,12,183,195,12,118,130,325
03/08/2000,ADW,MD,AEA,EN,Towers with Radar,0,0,8,154,162,0,0,9,57,66,0,0,17,211,228,19,256,275,503
03/09/2000,ADW,MD,AEA,EN,Towers with Radar,0,0,9,165,174,0,0,15,44,59,0,0,24,209,233,56,260,316,549
03/10/2000,ADW,MD,AEA,EN,Towers with Radar,0,0,8,131,139,0,0,4,74,78,0,0,12,205,217,4,154,158,375
03/11/2000,ADW,MD,AEA,EN,Towers with Radar,0,0,2,46,48,0,0,0,11,11,0,0,2,57,59,0,2,2,61
03/12/2000,ADW,MD,AEA,EN,Towers with Radar,0,0,4,57,61,0,0,0,1,1,0,0,4,58,62,0,8,8,70
03/13/2000,ADW,MD,AEA,EN,Towers with Radar,0,0,7,114,121,0,0,16,29,45,0,0,23,143,166,24,76,100,266
03/14/2000,ADW,MD,AEA,EN,Towers with Radar,0,0,11,171,182,0,0,24,51,75,0,0,35,222,257,38,266,304,561
03/15/2000,ADW,MD,AEA,EN,Towers with Radar,0,0,11,178,189,2,0,2,33,37,2,0,13,211,226,28,276,304,530
03/16/2000,ADW,MD,AEA,EN,Towers with Radar,0,0,8,128,136,0,0,3,32,35,0,0,11,160,171,2,278,280,451
03/17/2000,ADW,MD,AEA,EN,Towers with Radar,0,0,7,116,123,1,0,2,23,26,1,0,9,139,149,0,78,78,227
03/18/2000,ADW,MD,AEA,EN,Towers with Radar,0,0,5,79,84,0,0,19,10,29,0,0,24,89,113,34,38,72,185
03/19/2000,ADW,MD,AEA,EN,Towers with Radar,0,0,4,51,55,0,0,11,0,11,0,0,15,51,66,6,0,6,72
03/20/2000,ADW,MD,AEA,EN,Towers with Radar,0,0,3,88,91,0,0,0,40,40,0,0,3,128,131,0,64,64,195
03/21/2000,ADW,MD,AEA,EN,Towers with Radar,0,0,0,103,103,0,0,0,20,20,0,0,0,123,123,0,86,86,209
03/22/2000,ADW,MD,AEA,EN,Towers with Radar,0,0,6,136,142,0,0,0,43,43,0,0,6,179,185,42,62,104,289
03/23/2000,ADW,MD,AEA,EN,Towers with Radar,0,0,10,157,167,0,0,9,53,62,0,0,19,210,229,16,246,262,491
03/24/2000,ADW,MD,AEA,EN,Towers with Radar,0,0,7,110,117,0,0,3,24,27,0,0,10,134,144,10,116,126,270
03/25/2000,ADW,MD,AEA,EN,Towers with Radar,0,0,4,53,57,0,0,32,0,32,0,0,36,53,89,14,24,38,127
03/26/2000,ADW,MD,AEA,EN,Towers with Radar,0,0,6,78,84,0,0,24,0,24,0,0,30,78,108,20,10,30,138
03/27/2000,ADW,MD,AEA,EN,Towers with Radar,0,0,7,101,108,1,0,3,15,19,1,0,10,116,127,6,76,82,209
03/28/2000,ADW,MD,AEA,EN,Towers with Radar,0,0,4,117,121,0,0,0,21,21,0,0,4,138,142,0,72,72,214
03/29/2000,ADW,MD,AEA,EN,Towers with Radar,0,0,11,174,185,0,0,3,44,47,0,0,14,218,232,16,212,228,460
03/30/2000,ADW,MD,AEA,EN,Towers with Radar,0,0,9,144,153,0,0,4,35,39,0,0,13,179,192,24,254,278,470
03/31/2000,ADW,MD,AEA,EN,Towers with Radar,0,0,8,119,127,0,0,9,21,30,0,0,17,140,157,16,149,165,322
04/01/2000,ADW,MD,AEA,EN,Towers with Radar,0,0,3,36,39,0,0,25,0,25,0,0,28,36,64,32,6,38,102
04/02/2000,ADW,MD,AEA,EN,Towers with Radar,1,0,3,81,85,0,0,8,0,8,1,0,11,81,93,10,32,42,135
04/03/2000,ADW,MD,AEA,EN,Towers with Radar,0,0,2,114,116,0,0,0,49,49,0,0,2,163,165,0,188,188,353
04/04/2000,ADW,MD,AEA,EN,Towers with Radar,0,0,4,115,119,0,0,3,43,46,0,0,7,158,165,0,146,146,311
04/05/2000,ADW,MD,AEA,EN,Towers with Radar,0,0,3,78,81,0,0,7,30,37,0,0,10,108,118,6,42,48,166
04/06/2000,ADW,MD,AEA,EN,Towers with Radar,0,0,5,126,131,0,0,0,44,44,0,0,5,170,175,2,78,80,255
04/07/2000,ADW,MD,AEA,EN,Towers with Radar,0,0,7,142,149,0,0,11,35,46,0,0,18,177,195,12,18,30,225
04/08/2000,ADW,MD,AEA,EN,Towers with Radar,0,0,4,62,66,0,0,4,4,8,0,0,8,66,74,6,20,26,100
04/09/2000,ADW,MD,AEA,EN,Towers with Radar,0,0,3,47,50,0,0,1,7,8,0,0,4,54,58,0,38,38,96
04/10/2000,ADW,MD,AEA,EN,Towers with Radar,0,0,5,139,144,0,0,0,50,50,0,0,5,189,194,0,154,154,348
04/11/2000,ADW,MD,AEA,EN,Towers with Radar,0,0,7,153,160,0,0,4,47,51,0,0,11,200,211,16,194,210,421
04/12/2000,ADW,MD,AEA,EN,Towers with Radar,0,0,7,143,150,1,0,7,48,56,1,0,14,191,206,4,126,130,336
04/13/2000,ADW,MD,AEA,EN,Towers with Radar,0,0,8,34,42,1,0,178,0,179,1,0,186,34,221,30,142,172,393
04/14/2000,ADW,MD,AEA,EN,Towers with Radar,0,0,8,159,167,0,0,10,26,36,0,0,18,185,203,18,140,158,361
04/15/2000,ADW,MD,AEA,EN,Towers with Radar,0,0,2,49,51,0,0,0,0,0,0,0,2,49,51,0,2,2,53
04/16/2000,ADW,MD,AEA,EN,Towers with Radar,0,0,4,66,70,0,0,31,0,31,0,0,35,66,101,36,58,94,195
04/17/2000,ADW,MD,AEA,EN,Towers with Radar,0,0,0,91,91,0,0,0,11,11,0,0,0,102,102,0,2,2,104
04/18/2000,ADW,MD,AEA,EN,Towers with Radar,0,0,2,100,102,0,0,0,0,0,0,0,2,100,102,0,0,0,102
04/19/2000,ADW,MD,AEA,EN,Towers with Radar,0,0,9,169,178,0,0,1,62,63,0,0,10,231,241,8,190,198,439
04/20/2000,ADW,MD,AEA,EN,Towers with Radar,0,0,9,180,189,1,0,17,23,41,1,0,26,203,230,24,306,330,560
04/21/2000,ADW,MD,AEA,EN,Towers with Radar,0,0,5,99,104,0,0,5,26,31,0,0,10,125,135,0,116,116,251
04/22/2000,ADW,MD,AEA,EN,Towers with Radar,0,0,3,57,60,0,0,7,0,7,0,0,10,57,67,8,52,60,127
04/23/2000,ADW,MD,AEA,EN,Towers with Radar,0,0,2,27,29,0,0,6,0,6,0,0,8,27,35,16,0,16,51
04/24/2000,ADW,MD,AEA,EN,Towers with Radar,0,0,6,126,132,0,0,22,43,65,0,0,28,169,197,18,158,176,373
04/25/2000,ADW,MD,AEA,EN,Towers with Radar,0,0,2,117,119,0,0,0,14,14,0,0,2,131,133,0,56,56,189
04/26/2000,ADW,MD,AEA,EN,Towers with Radar,0,0,8,161,169,0,0,5,61,66,0,0,13,222,235,14,226,240,475
04/27/2000,ADW,MD,AEA,EN,Towers with Radar,0,0,8,195,203,0,0,0,57,57,0,0,8,252,260,10,242,252,512
04/28/2000,ADW,MD,AEA,EN,Towers with Radar,0,0,8,151,159,0,0,5,36,41,0,0,13,187,200,2,160,162,362
04/29/2000,ADW,MD,AEA,EN,Towers with Radar,0,0,4,79,83,0,0,24,3,27,0,0,28,82,110,16,42,58,168
04/30/2000,ADW,MD,AEA,EN,Towers with Radar,0,0,5,104,109,0,0,17,21,38,0,0,22,125,147,22,46,68,215
05/01/2000,ADW,MD,AEA,EN,Towers with Radar,0,0,6,117,123,0,0,9,34,43,0,0,15,151,166,2,194,196,362
05/02/2000,ADW,MD,AEA,EN,Towers with Radar,1,0,13,258,272,0,0,2,71,73,1,0,15,329,345,18,270,288,633
05/03/2000,ADW,MD,AEA,EN,Towers with Radar,0,0,9,182,191,0,0,2,38,40,0,0,11,220,231,10,176,186,417
05/04/2000,ADW,MD,AEA,EN,Towers with Radar,0,0,9,194,203,0,0,7,61,68,0,0,16,255,271,44,280,324,595
05/05/2000,ADW,MD,AEA,EN,Towers with Radar,0,0,9,171,180,0,0,16,30,46,0,0,25,201,226,34,158,192,418
05/06/2000,ADW,MD,AEA,EN,Towers with Radar,0,0,4,79,83,0,0,19,5,24,0,0,23,84,107,26,20,46,153
05/07/2000,ADW,MD,AEA,EN,Towers with Radar,0,0,4,89,93,0,0,12,21,33,0,0,16,110,126,6,143,149,275
05/08/2000,ADW,MD,AEA,EN,Towers with Radar,0,0,8,130,138,0,0,18,45,63,0,0,26,175,201,20,156,176,377
05/09/2000,ADW,MD,AEA,EN,Towers with Radar,0,0,11,176,187,0,0,3,70,73,0,0,14,246,260,20,268,288,548
05/10/2000,ADW,MD,AEA,EN,Towers with Radar,0,0,3,111,114,0,0,0,9,9,0,0,3,120,123,6,42,48,171
05/11/2000,ADW,MD,AEA,EN,Towers with Radar,0,0,9,148,157,0,0,15,51,66,0,0,24,199,223,26,280,306,529
05/12/2000,ADW,MD,AEA,EN,Towers with Radar,0,0,5,83,88,0,0,8,118,126,0,0,13,201,214,6,174,180,394
05/13/2000,ADW,MD,AEA,EN,Towers with Radar,0,0,4,57,61,0,0,17,0,17,0,0,21,57,78,20,28,48,126
05/14/2000,ADW,MD,AEA,EN,Towers with Radar,0,0,4,65,69,0,0,15,0,15,0,0,19,65,84,22,20,42,126
05/15/2000,ADW,MD,AEA,EN,Towers with Radar,0,0,9,154,163,0,0,14,43,57,0,0,23,197,220,42,198,240,460
05/16/2000,ADW,MD,AEA,EN,Towers with Radar,0,0,8,130,138,0,0,11,69,80,0,0,19,199,218,22,204,226,444
05/17/2000,ADW,MD,AEA,EN,Towers with Radar,0,0,8,131,139,2,0,20,21,43,2,0,28,152,182,12,110,122,304
05/18/2000,ADW,MD,AEA,EN,Towers with Radar,0,0,6,104,110,0,0,14,21,35,0,0,20,125,145,6,184,190,335
05/19/2000,ADW,MD,AEA,EN,Towers with Radar,0,0,1,19,20,0,0,3,13,16,0,0,4,32,36,0,0,0,36
05/20/2000,ADW,MD,AEA,EN,Towers with Radar,0,0,0,13,13,0,0,0,0,0,0,0,0,13,13,0,2,2,15
05/21/2000,ADW,MD,AEA,EN,Towers with Radar,0,0,2,32,34,0,0,7,0,7,0,0,9,32,41,0,46,46,87
05/22/2000,ADW,MD,AEA,EN,Towers with Radar,0,0,6,89,95,0,0,5,18,23,0,0,11,107,118,12,16,28,146
05/23/2000,ADW,MD,AEA,EN,Towers with Radar,0,0,9,149,158,0,0,6,55,61,0,0,15,204,219,8,208,216,435
05/24/2000,ADW,MD,AEA,EN,Towers with Radar,0,0,7,166,173,0,0,0,74,74,0,0,7,240,247,0,178,178,425
05/25/2000,ADW,MD,AEA,EN,Towers with Radar,0,0,9,157,166,0,0,17,62,79,0,0,26,219,245,26,164,190,435
05/26/2000,ADW,MD,AEA,EN,Towers with Radar,0,0,9,149,158,0,0,35,19,54,0,0,44,168,212,50,172,222,434
05/27/2000,ADW,MD,AEA,EN,Towers with Radar,0,0,2,40,42,0,0,5,0,5,0,0,7,40,47,0,0,0,47
05/28/2000,ADW,MD,AEA,EN,Towers with Radar,0,0,0,5,5,0,0,7,39,46,0,0,7,44,51,2,2,4,55
05/29/2000,ADW,MD,AEA,EN,Towers with Radar,0,0,3,41,44,2,0,22,0,24,2,0,25,41,68,28,0,28,96
05/30/2000,ADW,MD,AEA,EN,Towers with Radar,0,0,7,129,136,0,0,5,54,59,0,0,12,183,195,12,122,134,329
05/31/2000,ADW,MD,AEA,EN,Towers with Radar,0,0,9,151,160,0,0,11,34,45,0,0,20,185,205,14,171,185,390
06/01/2000,ADW,MD,AEA,EN,Towers with Radar,0,0,7,119,126,0,0,3,27,30,0,0,10,146,156,30,106,136,292
06/02/2000,ADW,MD,AEA,EN,Towers with Radar,0,0,8,155,163,0,0,22,39,61,0,0,30,194,224,62,178,240,464
06/03/2000,ADW,MD,AEA,EN,Towers with Radar,0,0,1,65,66,0,0,17,18,35,0,0,18,83,101,2,34,36,137
06/04/2000,ADW,MD,AEA,EN,Towers with Radar,0,0,3,82,85,0,0,13,26,39,0,0,16,108,124,4,58,62,186
06/05/2000,ADW,MD,AEA,EN,Towers with Radar,0,0,7,126,133,0,0,2,55,57,0,0,9,181,190,14,177,191,381
06/06/2000,ADW,MD,AEA,EN,Towers with Radar,0,0,6,115,121,0,0,4,39,43,0,0,10,154,164,0,106,106,270
06/07/2000,ADW,MD,AEA,EN,Towers with Radar,0,0,8,149,157,0,0,17,47,64,0,0,25,196,221,2,104,106,327
06/08/2000,ADW,MD,AEA,EN,Towers with Radar,0,0,10,171,181,0,0,0,48,48,0,0,10,219,229,2,238,240,469
06/09/2000,ADW,MD,AEA,EN,Towers with Radar,0,0,8,132,140,0,0,13,30,43,0,0,21,162,183,20,122,142,325
06/10/2000,ADW,MD,AEA,EN,Towers with Radar,0,0,4,66,70,0,0,18,12,30,0,0,22,78,100,60,31,91,191
06/11/2000,ADW,MD,AEA,EN,Towers with Radar,0,0,4,64,68,0,0,16,0,16,0,0,20,64,84,20,4,24,108
06/12/2000,ADW,MD,AEA,EN,Towers with Radar,0,0,7,115,122,0,0,5,44,49,0,0,12,159,171,4,176,180,351
06/13/2000,ADW,MD,AEA,EN,Towers with Radar,0,0,0,69,69,0,0,0,4,4,0,0,0,73,73,0,6,6,79
06/14/2000,ADW,MD,AEA,EN,Towers with Radar,0,0,0,106,106,1,0,0,19,20,1,0,0,125,126,0,78,78,204
06/15/2000,ADW,MD,AEA,EN,Towers with Radar,0,0,2,144,146,0,0,0,56,56,0,0,2,200,202,16,164,180,382
06/16/2000,ADW,MD,AEA,EN,Towers with Radar,0,0,10,161,171,0,0,15,27,42,0,0,25,188,213,8,166,174,387
06/17/2000,ADW,MD,AEA,EN,Towers with Radar,0,0,4,58,62,0,0,22,29,51,0,0,26,87,113,5,19,24,137
06/18/2000,ADW,MD,AEA,EN,Towers with Radar,0,0,4,63,67,0,0,5,2,7,0,0,9,65,74,4,54,58,132
06/19/2000,ADW,MD,AEA,EN,Towers with Radar,0,0,8,129,137,0,0,3,54,57,0,0,11,183,194,0,122,122,316
06/20/2000,ADW,MD,AEA,EN,Towers with Radar,0,0,11,173,184,0,0,12,43,55,0,0,23,216,239,44,210,254,493
06/21/2000,ADW,MD,AEA,EN,Towers with Radar,0,0,8,124,132,0,0,0,37,37,0,0,8,161,169,14,216,230,399
06/22/2000,ADW,MD,AEA,EN,Towers with Radar,0,0,9,153,162,0,0,26,50,76,0,0,35,203,238,46,178,224,462
06/23/2000,ADW,MD,AEA,EN,Towers with Radar,0,0,8,119,127,0,0,19,34,53,0,0,27,153,180,18,176,194,374
06/24/2000,ADW,MD,AEA,EN,Towers with Radar,0,0,6,97,103,0,0,13,27,40,0,0,19,124,143,40,79,119,262
06/25/2000,ADW,MD,AEA,EN,Towers with Radar,0,0,6,87,93,0,0,9,18,27,0,0,15,105,120,8,39,47,167
06/26/2000,ADW,MD,AEA,EN,Towers with Radar,0,0,9,150,159,0,0,22,35,57,0,0,31,185,216,12,140,152,368
06/27/2000,ADW,MD,AEA,EN,Towers with Radar,0,0,9,153,162,0,0,8,74,82,0,0,17,227,244,0,260,260,504
06/28/2000,ADW,MD,AEA,EN,Towers with Radar,0,0,6,101,107,0,0,0,26,26,0,0,6,127,133,2,108,110,243
06/29/2000,ADW,MD,AEA,EN,Towers with Radar,0,0,5,116,121,0,0,0,65,65,0,0,5,181,186,6,148,154,340
06/30/2000,ADW,MD,AEA,EN,Towers with Radar,0,0,7,115,122,1,0,13,40,54,1,0,20,155,176,6,132,138,314
07/01/2000,ADW,MD,AEA,EN,Towers with Radar,0,0,2,42,44,0,0,21,0,21,0,0,23,42,65,10,18,28,93
07/02/2000,ADW,MD,AEA,EN,Towers with Radar,0,0,1,36,37,0,0,4,13,17,0,0,5,49,54,0,18,18,72
07/03/2000,ADW,MD,AEA,EN,Towers with Radar,0,0,2,60,62,0,0,13,0,13,0,0,15,60,75,0,40,40,115
07/04/2000,ADW,MD,AEA,EN,Towers with Radar,0,0,2,36,38,0,0,7,0,7,0,0,9,36,45,8,12,20,65
07/05/2000,ADW,MD,AEA,EN,Towers with Radar,0,0,8,136,144,0,0,0,82,82,0,0,8,218,226,4,398,402,628
07/06/2000,ADW,MD,AEA,EN,Towers with Radar,0,0,12,174,186,1,0,25,49,75,1,0,37,223,261,26,286,312,573
07/07/2000,ADW,MD,AEA,EN,Towers with Radar,0,0,11,163,174,0,0,5,63,68,0,0,16,226,242,10,274,284,526
07/08/2000,ADW,MD,AEA,EN,Towers with Radar,0,0,3,42,45,0,0,14,0,14,0,0,17,42,59,14,18,32,91
07/09/2000,ADW,MD,AEA,EN,Towers with Radar,0,0,7,100,107,0,0,23,3,26,0,0,30,103,133,18,102,120,253
07/10/2000,ADW,MD,AEA,EN,Towers with Radar,0,0,10,127,137,0,0,9,44,53,0,0,19,171,190,24,130,154,344
07/11/2000,ADW,MD,AEA,EN,Towers with Radar,0,0,9,119,128,0,0,16,53,69,0,0,25,172,197,10,296,306,503
07/12/2000,ADW,MD,AEA,EN,Towers with Radar,0,0,12,163,175,0,0,8,51,59,0,0,20,214,234,40,298,338,572
07/13/2000,ADW,MD,AEA,EN,Towers with Radar,0,0,11,144,155,0,0,23,36,59,0,0,34,180,214,24,222,246,460
07/14/2000,ADW,MD,AEA,EN,Towers with Radar,0,0,10,127,137,2,0,3,33,38,2,0,13,160,175,16,166,182,357
07/15/2000,ADW,MD,AEA,EN,Towers with Radar,0,0,5,64,69,0,0,1,14,15,0,0,6,78,84,0,70,70,154
07/16/2000,ADW,MD,AEA,EN,Towers with Radar,0,0,4,50,54,0,0,2,0,2,0,0,6,50,56,10,28,38,94
07/17/2000,ADW,MD,AEA,EN,Towers with Radar,0,0,9,118,127,0,0,14,30,44,0,0,23,148,171,16,108,124,295
07/18/2000,ADW,MD,AEA,EN,Towers with Radar,0,0,10,126,136,0,0,20,57,77,0,0,30,183,213,40,202,242,455
07/19/2000,ADW,MD,AEA,EN,Towers with Radar,0,0,8,141,149,0,0,0,56,56,0,0,8,197,205,14,254,268,473
07/20/2000,ADW,MD,AEA,EN,Towers with Radar,0,0,6,151,157,0,0,0,43,43,0,0,6,194,200,5,234,239,439
07/21/2000,ADW,MD,AEA,EN,Towers with Radar,0,0,10,142,152,0,0,0,70,70,0,0,10,212,222,8,260,268,490
07/22/2000,ADW,MD,AEA,EN,Towers with Radar,0,0,5,66,71,0,0,18,13,31,0,0,23,79,102,22,74,96,198
07/23/2000,ADW,MD,AEA,EN,Towers with Radar,0,0,6,73,79,1,0,10,12,23,1,0,16,85,102,0,20,20,122
07/24/2000,ADW,MD,AEA,EN,Towers with Radar,0,0,9,118,127,1,0,9,37,47,1,0,18,155,174,8,80,88,262
07/25/2000,ADW,MD,AEA,EN,Towers with Radar,0,0,11,149,160,0,0,11,42,53,0,0,22,191,213,26,213,239,452
07/26/2000,ADW,MD,AEA,EN,Towers with Radar,0,0,0,122,122,0,0,0,22,22,0,0,0,144,144,2,86,88,232
07/27/2000,ADW,MD,AEA,EN,Towers with Radar,0,0,12,156,168,0,0,10,51,61,0,0,22,207,229,24,160,184,413
07/28/2000,ADW,MD,AEA,EN,Towers with Radar,0,0,10,131,141,0,0,2,48,50,0,0,12,179,191,4,160,164,355
07/29/2000,ADW,MD,AEA,EN,Towers with Radar,0,0,4,61,65,0,0,15,16,31,0,0,19,77,96,8,24,32,128
07/30/2000,ADW,MD,AEA,EN,Towers with Radar,0,0,4,58,62,1,0,12,2,15,1,0,16,60,77,0,0,0,77
07/31/2000,ADW,MD,AEA,EN,Towers with Radar,0,0,9,122,131,0,0,8,26,34,0,0,17,148,165,8,102,110,275
08/01/2000,ADW,MD,AEA,EN,Towers with Radar,0,0,15,163,178,0,0,4,67,71,0,0,19,230,249,16,148,164,413
08/02/2000,ADW,MD,AEA,EN,Towers with Radar,0,0,14,156,170,0,0,8,57,65,0,0,22,213,235,24,224,248,483
08/03/2000,ADW,MD,AEA,EN,Towers with Radar,0,0,12,130,142,0,0,4,53,57,0,0,16,183,199,6,292,298,497
08/04/2000,ADW,MD,AEA,EN,Towers with Radar,0,0,11,126,137,0,0,7,27,34,0,0,18,153,171,20,84,104,275
08/05/2000,ADW,MD,AEA,EN,Towers with Radar,0,0,8,82,90,0,0,47,0,47,0,0,55,82,137,46,100,146,283
08/06/2000,ADW,MD,AEA,EN,Towers with Radar,0,0,6,67,73,0,0,6,0,6,0,0,12,67,79,0,0,0,79
08/07/2000,ADW,MD,AEA,EN,Towers with Radar,0,0,8,93,101,0,0,10,34,44,0,0,18,127,145,24,108,132,277
08/08/2000,ADW,MD,AEA,EN,Towers with Radar,0,0,14,154,168,0,0,24,31,55,0,0,38,185,223,38,227,265,488
08/09/2000,ADW,MD,AEA,EN,Towers with Radar,0,0,9,105,114,0,0,32,10,42,0,0,41,115,156,28,186,214,370
08/10/2000,ADW,MD,AEA,EN,Towers with Radar,0,0,10,118,128,0,0,3,51,54,0,0,13,169,182,26,114,140,322
08/11/2000,ADW,MD,AEA,EN,Towers with Radar,0,0,10,111,121,0,0,18,55,73,0,0,28,166,194,14,148,162,356
08/12/2000,ADW,MD,AEA,EN,Towers with Radar,0,0,6,64,70,0,0,39,0,39,0,0,45,64,109,28,16,44,153
08/13/2000,ADW,MD,AEA,EN,Towers with Radar,0,0,5,69,74,0,0,7,2,9,0,0,12,71,83,0,58,58,141
08/14/2000,ADW,MD,AEA,EN,Towers with Radar,0,0,9,99,108,0,0,34,2,36,0,0,43,101,144,13,100,113,257
08/15/2000,ADW,MD,AEA,EN,Towers with Radar,0,0,10,151,161,0,0,0,57,57,0,0,10,208,218,32,188,220,438
08/16/2000,ADW,MD,AEA,EN,Towers with Radar,0,0,15,160,175,1,0,5,40,46,1,0,20,200,221,76,232,308,529
08/17/2000,ADW,MD,AEA,EN,Towers with Radar,0,0,15,158,173,0,0,30,39,69,0,0,45,197,242,40,250,290,532
08/18/2000,ADW,MD,AEA,EN,Towers with Radar,0,0,12,123,135,0,0,3,14,17,0,0,15,137,152,12,96,108,260
08/19/2000,ADW,MD,AEA,EN,Towers with Radar,0,0,5,53,58,0,0,9,15,24,0,0,14,68,82,8,62,70,152
08/20/2000,ADW,MD,AEA,EN,Towers with Radar,0,0,5,61,66,0,0,7,8,15,0,0,12,69,81,16,38,54,135
08/21/2000,ADW,MD,AEA,EN,Towers with Radar,0,0,9,91,100,0,0,10,43,53,0,0,19,134,153,4,80,84,237
08/22/2000,ADW,MD,AEA,EN,Towers with Radar,0,0,12,122,134,0,0,15,66,81,0,0,27,188,215,22,122,144,359
08/23/2000,ADW,MD,AEA,EN,Towers with Radar,0,0,15,151,166,0,0,1,54,55,0,0,16,205,221,6,268,274,495
08/24/2000,ADW,MD,AEA,EN,Towers with Radar,0,0,13,174,187,1,0,0,31,32,1,0,13,205,219,26,237,263,482
08/25/2000,ADW,MD,AEA,EN,Towers with Radar,0,0,11,133,144,1,0,0,51,52,1,0,11,184,196,6,148,154,350
08/26/2000,ADW,MD,AEA,EN,Towers with Radar,0,0,7,71,78,0,0,16,5,21,0,0,23,76,99,12,52,64,163
08/27/2000,ADW,MD,AEA,EN,Towers with Radar,0,0,6,57,63,0,0,9,0,9,0,0,15,57,72,12,6,18,90
08/28/2000,ADW,MD,AEA,EN,Towers with Radar,0,0,11,111,122,1,0,0,46,47,1,0,11,157,169,4,152,156,325
08/29/2000,ADW,MD,AEA,EN,Towers with Radar,0,0,11,116,127,0,0,10,50,60,0,0,21,166,187,52,178,230,417
08/30/2000,ADW,MD,AEA,EN,Towers with Radar,0,0,8,131,139,0,0,0,48,48,0,0,8,179,187,4,250,254,441
08/31/2000,ADW,MD,AEA,EN,Towers with Radar,0,0,7,143,150,1,0,0,32,33,1,0,7,175,183,0,136,136,319
09/01/2000,ADW,MD,AEA,EN,Towers with Radar,1,0,5,80,86,1,0,7,14,22,2,0,12,94,108,8,34,42,150
09/02/2000,ADW,MD,AEA,EN,Towers with Radar,1,0,1,40,42,3,0,8,1,12,4,0,9,41,54,8,4,12,66
09/03/2000,ADW,MD,AEA,EN,Towers with Radar,0,0,2,42,44,0,0,7,0,7,0,0,9,42,51,2,32,34,85
09/04/2000,ADW,MD,AEA,EN,Towers with Radar,0,0,1,38,39,0,0,9,0,9,0,0,10,38,48,0,14,14,62
09/05/2000,ADW,MD,AEA,EN,Towers with Radar,0,0,7,117,124,0,0,6,40,46,0,0,13,157,170,10,170,180,350
09/06/2000,ADW,MD,AEA,EN,Towers with Radar,0,0,8,127,135,0,0,18,57,75,0,0,26,184,210,12,164,176,386
09/07/2000,ADW,MD,AEA,EN,Towers with Radar,0,0,11,147,158,0,0,7,60,67,0,0,18,207,225,24,246,270,495
09/08/2000,ADW,MD,AEA,EN,Towers with Radar,0,0,11,149,160,0,0,20,31,51,0,0,31,180,211,60,150,210,421
09/09/2000,ADW,MD,AEA,EN,Towers with Radar,0,0,7,95,102,0,0,12,16,28,0,0,19,111,130,12,34,46,176
09/10/2000,ADW,MD,AEA,EN,Towers with Radar,0,0,6,79,85,0,0,15,27,42,0,0,21,106,127,4,12,16,143
09/11/2000,ADW,MD,AEA,EN,Towers with Radar,0,0,8,160,168,0,0,0,38,38,0,0,8,198,206,14,158,172,378
09/12/2000,ADW,MD,AEA,EN,Towers with Radar,0,0,14,180,194,0,0,12,46,58,0,0,26,226,252,42,186,228,480
09/13/2000,ADW,MD,AEA,EN,Towers with Radar,0,0,12,160,172,0,0,9,64,73,0,0,21,224,245,36,146,182,427
09/14/2000,ADW,MD,AEA,EN,Towers with Radar,0,0,13,167,180,0,0,8,52,60,0,0,21,219,240,28,216,244,484
09/15/2000,ADW,MD,AEA,EN,Towers with Radar,0,0,10,138,148,0,0,11,85,96,0,0,21,223,244,12,124,136,380
09/16/2000,ADW,MD,AEA,EN,Towers with Radar,0,0,5,56,61,0,0,26,4,30,0,0,31,60,91,8,12,20,111
09/17/2000,ADW,MD,AEA,EN,Towers with Radar,0,0,5,61,66,2,0,26,0,28,2,0,31,61,94,12,12,24,118
09/18/2000,ADW,MD,AEA,EN,Towers with Radar,0,0,10,124,134,0,0,3,46,49,0,0,13,170,183,8,126,134,317
09/19/2000,ADW,MD,AEA,EN,Towers with Radar,0,0,7,129,136,0,0,0,33,33,0,0,7,162,169,4,74,78,247
09/20/2000,ADW,MD,AEA,EN,Towers with Radar,0,0,10,125,135,3,0,14,28,45,3,0,24,153,180,32,276,308,488
09/21/2000,ADW,MD,AEA,EN,Towers with Radar,0,0,14,188,202,1,0,13,37,51,1,0,27,225,253,12,180,192,445
09/22/2000,ADW,MD,AEA,EN,Towers with Radar,0,0,10,135,145,1,0,25,67,93,1,0,35,202,238,36,216,252,490
09/23/2000,ADW,MD,AEA,EN,Towers with Radar,0,0,4,48,52,2,0,5,9,16,2,0,9,57,68,4,6,10,78
09/24/2000,ADW,MD,AEA,EN,Towers with Radar,0,0,5,67,72,0,0,1,16,17,0,0,6,83,89,6,52,58,147
09/25/2000,ADW,MD,AEA,EN,Towers with Radar,0,0,0,90,90,0,0,0,23,23,0,0,0,113,113,0,88,88,201
09/26/2000,ADW,MD,AEA,EN,Towers with Radar,0,0,6,156,162,0,1,0,22,23,0,1,6,178,185,0,85,85,270
09/27/2000,ADW,MD,AEA,EN,Towers with Radar,0,0,9,117,126,0,0,10,70,80,0,0,19,187,206,16,130,146,352
09/28/2000,ADW,MD,AEA,EN,Towers with Radar,0,0,12,149,161,0,0,17,37,54,0,0,29,186,215,30,128,158,373
09/29/2000,ADW,MD,AEA,EN,Towers with Radar,0,0,9,116,125,0,0,8,23,31,0,0,17,139,156,18,148,166,322
09/30/2000,ADW,MD,AEA,EN,Towers with Radar,0,0,5,46,51,1,0,41,0,42,1,0,46,46,93,40,32,72,165
10/01/2000,ADW,MD,AEA,EN,Towers with Radar,0,0,20,44,64,0,0,0,0,0,0,0,20,44,64,14,36,50,114
10/02/2000,ADW,MD,AEA,EN,Towers with Radar,0,0,22,126,148,0,0,0,0,0,0,0,22,126,148,16,158,174,322
10/03/2000,ADW,MD,AEA,EN,Towers with Radar,0,0,26,175,201,0,0,0,0,0,0,0,26,175,201,38,192,230,431
10/04/2000,ADW,MD,AEA,EN,Towers with Radar,0,0,22,212,234,0,0,0,0,0,0,0,22,212,234,10,204,214,448
10/05/2000,ADW,MD,AEA,EN,Towers with Radar,0,0,26,5,31,0,0,100,0,100,0,0,126,5,131,0,36,36,167
10/06/2000,ADW,MD,AEA,EN,Towers with Radar,0,0,11,162,173,1,0,0,0,1,1,0,11,162,174,42,226,268,442
10/07/2000,ADW,MD,AEA,EN,Towers with Radar,0,0,26,55,81,0,0,0,0,0,0,0,26,55,81,14,14,28,109
10/08/2000,ADW,MD,AEA,EN,Towers with Radar,0,0,27,44,71,0,0,0,0,0,0,0,27,44,71,24,4,28,99
10/09/2000,ADW,MD,AEA,EN,Towers with Radar,0,0,20,34,54,0,0,7,0,7,0,0,27,34,61,6,0,6,67
10/10/2000,ADW,MD,AEA,EN,Towers with Radar,0,0,19,176,195,0,0,0,0,0,0,0,19,176,195,0,124,124,319
10/11/2000,ADW,MD,AEA,EN,Towers with Radar,0,0,24,221,245,0,0,0,0,0,0,0,24,221,245,18,194,212,457
10/12/2000,ADW,MD,AEA,EN,Towers with Radar,0,0,18,215,233,1,0,0,0,1,1,0,18,215,234,18,244,262,496
10/13/2000,ADW,MD,AEA,EN,Towers with Radar,0,0,15,160,175,1,0,0,7,8,1,0,15,167,183,6,98,104,287
10/14/2000,ADW,MD,AEA,EN,Towers with Radar,0,0,20,133,153,1,0,0,0,1,1,0,20,133,154,12,58,70,224
10/15/2000,ADW,MD,AEA,EN,Towers with Radar,0,0,27,129,156,0,0,0,0,0,0,0,27,129,156,30,52,82,238
10/16/2000,ADW,MD,AEA,EN,Towers with Radar,0,0,17,144,161,0,0,0,0,0,0,0,17,144,161,28,116,144,305
10/17/2000,ADW,MD,AEA,EN,Towers with Radar,0,0,17,100,117,0,0,0,50,50,0,0,17,150,167,20,100,120,287
10/18/2000,ADW,MD,AEA,EN,Towers with Radar,0,0,6,82,88,0,0,0,73,73,0,0,6,155,161,0,54,54,215
10/19/2000,ADW,MD,AEA,EN,Towers with Radar,0,0,38,232,270,1,0,0,0,1,1,0,38,232,271,30,164,194,465
10/20/2000,ADW,MD,AEA,EN,Towers with Radar,0,0,15,130,145,0,0,0,27,27,0,0,15,157,172,16,68,84,256
10/21/2000,ADW,MD,AEA,EN,Towers with Radar,0,0,29,101,130,0,0,0,0,0,0,0,29,101,130,38,52,90,220
10/22/2000,ADW,MD,AEA,EN,Towers with Radar,0,0,14,77,91,0,2,0,5,7,0,2,14,82,98,16,22,38,136
10/23/2000,ADW,MD,AEA,EN,Towers with Radar,0,0,23,143,166,0,0,0,0,0,0,0,23,143,166,20,150,170,336
10/24/2000,ADW,MD,AEA,EN,Towers with Radar,0,0,25,196,221,0,0,0,0,0,0,0,25,196,221,4,218,222,443
10/25/2000,ADW,MD,AEA,EN,Towers with Radar,0,0,12,200,212,0,0,0,0,0,0,0,12,200,212,20,184,204,416
10/26/2000,ADW,MD,AEA,EN,Towers with Radar,0,0,22,154,176,0,0,0,12,12,0,0,22,166,188,10,158,168,356
10/27/2000,ADW,MD,AEA,EN,Towers with Radar,0,0,13,176,189,0,0,0,31,31,0,0,13,207,220,18,182,200,420
10/28/2000,ADW,MD,AEA,EN,Towers with Radar,0,0,18,67,85,0,0,0,0,0,0,0,18,67,85,8,42,50,135
10/29/2000,ADW,MD,AEA,EN,Towers with Radar,0,0,14,75,89,0,0,0,0,0,0,0,14,75,89,4,22,26,115
10/30/2000,ADW,MD,AEA,EN,Towers with Radar,0,0,17,164,181,0,0,0,0,0,0,0,17,164,181,20,186,206,387
10/31/2000,ADW,MD,AEA,EN,Towers with Radar,0,0,16,203,219,0,0,0,0,0,0,0,16,203,219,10,346,356,575
11/01/2000,ADW,MD,AEA,EN,Towers with Radar,0,0,8,191,199,0,0,0,3,3,0,0,8,194,202,18,210,228,430
11/02/2000,ADW,MD,AEA,EN,Towers with Radar,0,0,10,211,221,0,0,0,0,0,0,0,10,211,221,36,200,236,457
11/03/2000,ADW,MD,AEA,EN,Towers with Radar,0,0,23,145,168,0,0,0,0,0,0,0,23,145,168,36,112,148,316
11/04/2000,ADW,MD,AEA,EN,Towers with Radar,0,0,26,73,99,2,0,0,0,2,2,0,26,73,101,26,36,62,163
11/05/2000,ADW,MD,AEA,EN,Towers with Radar,0,0,21,117,138,0,1,0,0,1,0,1,21,117,139,26,103,129,268
11/06/2000,ADW,MD,AEA,EN,Towers with Radar,0,0,22,167,189,0,0,0,0,0,0,0,22,167,189,26,104,130,319
11/07/2000,ADW,MD,AEA,EN,Towers with Radar,0,0,13,158,171,0,0,0,0,0,0,0,13,158,171,6,190,196,367
11/08/2000,ADW,MD,AEA,EN,Towers with Radar,0,0,29,162,191,0,0,0,0,0,0,0,29,162,191,2,162,164,355
11/09/2000,ADW,MD,AEA,EN,Towers with Radar,0,0,7,131,138,0,0,0,34,34,0,0,7,165,172,0,140,140,312
11/10/2000,ADW,MD,AEA,EN,Towers with Radar,0,0,7,36,43,0,0,0,19,19,0,0,7,55,62,6,4,10,72
11/11/2000,ADW,MD,AEA,EN,Towers with Radar,0,0,4,36,40,1,0,0,0,1,1,0,4,36,41,0,0,0,41
11/12/2000,ADW,MD,AEA,EN,Towers with Radar,0,0,20,46,66,0,0,0,0,0,0,0,20,46,66,28,12,40,106
11/13/2000,ADW,MD,AEA,EN,Towers with Radar,0,0,20,150,170,0,0,0,0,0,0,0,20,150,170,26,180,206,376
11/14/2000,ADW,MD,AEA,EN,Towers with Radar,0,0,13,187,200,0,0,0,0,0,0,0,13,187,200,8,258,266,466
11/15/2000,ADW,MD,AEA,EN,Towers with Radar,0,0,11,165,176,0,0,0,24,24,0,0,11,189,200,2,142,144,344
11/16/2000,ADW,MD,AEA,EN,Towers with Radar,0,0,10,214,224,0,0,0,0,0,0,0,10,214,224,14,354,368,592
11/17/2000,ADW,MD,AEA,EN,Towers with Radar,0,0,14,156,170,0,0,0,0,0,0,0,14,156,170,2,148,150,320
11/18/2000,ADW,MD,AEA,EN,Towers with Radar,0,0,26,85,111,0,0,0,0,0,0,0,26,85,111,36,52,88,199
11/19/2000,ADW,MD,AEA,EN,Towers with Radar,0,0,33,68,101,0,0,2,0,2,0,0,35,68,103,8,50,58,161
11/20/2000,ADW,MD,AEA,EN,Towers with Radar,0,0,7,150,157,0,0,0,0,0,0,0,7,150,157,12,189,201,358
11/21/2000,ADW,MD,AEA,EN,Towers with Radar,0,0,11,169,180,0,0,0,0,0,0,0,11,169,180,18,142,160,340
11/22/2000,ADW,MD,AEA,EN,Towers with Radar,0,0,19,111,130,0,0,0,0,0,0,0,19,111,130,6,142,148,278
11/23/2000,ADW,MD,AEA,EN,Towers with Radar,0,0,1,10,11,0,0,0,0,0,0,0,1,10,11,0,2,2,13
11/24/2000,ADW,MD,AEA,EN,Towers with Radar,0,0,22,10,32,0,0,28,0,28,0,0,50,10,60,26,0,26,86
11/25/2000,ADW,MD,AEA,EN,Towers with Radar,0,0,4,15,19,0,0,0,0,0,0,0,4,15,19,0,22,22,41
11/26/2000,ADW,MD,AEA,EN,Towers with Radar,0,0,13,28,41,0,0,0,0,0,0,0,13,28,41,20,14,34,75
11/27/2000,ADW,MD,AEA,EN,Towers with Radar,0,0,7,166,173,0,0,0,0,0,0,0,7,166,173,6,222,228,401
11/28/2000,ADW,MD,AEA,EN,Towers with Radar,0,0,20,246,266,0,0,0,0,0,0,0,20,246,266,16,304,320,586
11/29/2000,ADW,MD,AEA,EN,Towers with Radar,0,0,4,187,191,0,0,0,0,0,0,0,4,187,191,0,306,306,497
11/30/2000,ADW,MD,AEA,EN,Towers with Radar,0,0,2,141,143,0,0,0,35,35,0,0,2,176,178,0,142,142,320
12/01/2000,ADW,MD,AEA,EN,Towers with Radar,0,0,16,129,145,0,0,7,66,73,0,0,23,195,218,14,180,194,412
12/02/2000,ADW,MD,AEA,EN,Towers with Radar,0,0,9,57,66,0,0,11,0,11,0,0,20,57,77,4,18,22,99
12/03/2000,ADW,MD,AEA,EN,Towers with Radar,0,0,13,64,77,0,0,15,0,15,0,0,28,64,92,20,69,89,181
12/04/2000,ADW,MD,AEA,EN,Towers with Radar,0,0,15,130,145,0,0,0,65,65,0,0,15,195,210,30,178,208,418
12/05/2000,ADW,MD,AEA,EN,Towers with Radar,0,0,7,115,122,0,0,0,99,99,0,0,7,214,221,10,234,244,465
12/06/2000,ADW,MD,AEA,EN,Towers with Radar,0,0,18,141,159,0,0,8,70,78,0,0,26,211,237,16,256,272,509
12/07/2000,ADW,MD,AEA,EN,Towers with Radar,0,0,16,129,145,0,0,0,60,60,0,0,16,189,205,18,182,200,405
12/08/2000,ADW,MD,AEA,EN,Towers with Radar,1,0,12,97,110,1,0,15,56,72,2,0,27,153,182,20,92,112,294
12/09/2000,ADW,MD,AEA,EN,Towers with Radar,0,0,14,109,123,0,0,23,0,23,0,0,37,109,146,36,124,160,306
12/10/2000,ADW,MD,AEA,EN,Towers with Radar,0,0,7,55,62,0,0,22,6,28,0,0,29,61,90,42,78,120,210
12/11/2000,ADW,MD,AEA,EN,Towers with Radar,0,0,4,75,79,1,0,0,62,63,1,0,4,137,142,0,162,162,304
12/12/2000,ADW,MD,AEA,EN,Towers with Radar,0,0,5,39,44,0,0,1,23,24,0,0,6,62,68,0,32,32,100
12/13/2000,ADW,MD,AEA,EN,Towers with Radar,0,0,18,131,149,0,0,1,0,1,0,0,19,131,150,14,136,150,300
12/14/2000,ADW,MD,AEA,EN,Towers with Radar,0,0,3,74,77,0,0,0,46,46,0,0,3,120,123,0,82,82,205
12/15/2000,ADW,MD,AEA,EN,Towers with Radar,0,0,15,107,122,1,0,8,39,48,1,0,23,146,170,26,88,114,284
12/16/2000,ADW,MD,AEA,EN,Towers with Radar,0,0,1,14,15,0,0,3,8,11,0,0,4,22,26,0,0,0,26
12/17/2000,ADW,MD,AEA,EN,Towers with Radar,0,0,1,14,15,2,0,2,10,14,2,0,3,24,29,0,4,4,33
12/18/2000,ADW,MD,AEA,EN,Towers with Radar,0,0,17,128,145,0,0,9,23,32,0,0,26,151,177,15,134,149,326
12/19/2000,ADW,MD,AEA,EN,Towers with Radar,0,0,7,109,116,0,0,0,32,32,0,0,7,141,148,2,90,92,240
12/20/2000,ADW,MD,AEA,EN,Towers with Radar,0,0,13,92,105,0,0,0,19,19,0,0,13,111,124,35,128,163,287
12/21/2000,ADW,MD,AEA,EN,Towers with Radar,0,0,7,150,157,0,0,0,42,42,0,0,7,192,199,12,271,283,482
12/22/2000,ADW,MD,AEA,EN,Towers with Radar,0,0,0,45,45,0,0,0,5,5,0,0,0,50,50,0,16,16,66
12/23/2000,ADW,MD,AEA,EN,Towers with Radar,0,0,10,28,38,0,0,4,0,4,0,0,14,28,42,10,0,10,52
12/24/2000,ADW,MD,AEA,EN,Towers with Radar,0,0,6,5,11,0,0,0,0,0,0,0,6,5,11,0,0,0,11
12/25/2000,ADW,MD,AEA,EN,Towers with Radar,0,0,4,1,5,0,0,0,0,0,0,0,4,1,5,0,0,0,5
12/26/2000,ADW,MD,AEA,EN,Towers with Radar,0,0,7,68,75,0,0,0,0,0,0,0,7,68,75,2,60,62,137
12/27/2000,ADW,MD,AEA,EN,Towers with Radar,0,0,12,114,126,0,0,0,0,0,0,0,12,114,126,14,176,190,316
12/28/2000,ADW,MD,AEA,EN,Towers with Radar,0,0,12,107,119,0,0,0,0,0,0,0,12,107,119,6,56,62,181
12/29/2000,ADW,MD,AEA,EN,Towers with Radar,0,0,14,63,77,0,0,0,0,0,0,0,14,63,77,16,70,86,163
12/30/2000,ADW,MD,AEA,EN,Towers with Radar,0,0,7,16,23,0,0,12,0,12,0,0,19,16,35,0,12,12,47
12/31/2000,ADW,MD,AEA,EN,Towers with Radar,0,0,6,8,14,0,0,0,0,0,0,0,6,8,14,0,8,8,22
01/01/2001,ADW,MD,AEA,EN,Towers with Radar,0,0,1,0,1,0,0,27,0,27,0,0,28,0,28,26,2,28,56
01/02/2001,ADW,MD,AEA,EN,Towers with Radar,0,0,5,109,114,0,0,2,42,44,0,0,7,151,158,4,254,258,416
01/03/2001,ADW,MD,AEA,EN,Towers with Radar,0,0,6,125,131,0,0,13,48,61,0,0,19,173,192,10,194,204,396
01/04/2001,ADW,MD,AEA,EN,Towers with Radar,0,0,6,116,122,0,0,0,54,54,0,0,6,170,176,6,168,174,350
01/05/2001,ADW,MD,AEA,EN,Towers with Radar,0,0,4,96,100,0,0,0,18,18,0,0,4,114,118,0,44,44,162
01/06/2001,ADW,MD,AEA,EN,Towers with Radar,0,0,5,69,74,0,0,23,4,27,0,0,28,73,101,24,96,120,221
01/07/2001,ADW,MD,AEA,EN,Towers with Radar,0,0,6,92,98,0,0,8,22,30,0,0,14,114,128,8,172,180,308
01/08/2001,ADW,MD,AEA,EN,Towers with Radar,0,0,6,89,95,0,0,0,8,8,0,0,6,97,103,0,2,2,105
01/09/2001,ADW,MD,AEA,EN,Towers with Radar,0,0,8,128,136,1,0,0,41,42,1,0,8,169,178,4,226,230,408
01/10/2001,ADW,MD,AEA,EN,Towers with Radar,0,0,9,140,149,1,0,12,59,72,1,0,21,199,221,14,184,198,419
01/11/2001,ADW,MD,AEA,EN,Towers with Radar,0,0,9,129,138,1,0,10,0,11,1,0,19,129,149,36,198,234,383
01/12/2001,ADW,MD,AEA,EN,Towers with Radar,0,0,9,128,137,1,0,20,4,25,1,0,29,132,162,40,152,192,354
01/13/2001,ADW,MD,AEA,EN,Towers with Radar,0,0,3,43,46,0,0,26,3,29,0,0,29,46,75,24,42,66,141
01/14/2001,ADW,MD,AEA,EN,Towers with Radar,0,0,3,32,35,0,0,8,2,10,0,0,11,34,45,16,14,30,75
01/15/2001,ADW,MD,AEA,EN,Towers with Radar,0,0,0,42,42,0,0,0,0,0,0,0,0,42,42,0,0,0,42
01/16/2001,ADW,MD,AEA,EN,Towers with Radar,0,0,8,119,127,0,0,1,39,40,0,0,9,158,167,6,128,134,301
01/17/2001,ADW,MD,AEA,EN,Towers with Radar,0,0,10,149,159,3,0,1,48,52,3,0,11,197,211,8,184,192,403
01/18/2001,ADW,MD,AEA,EN,Towers with Radar,0,0,8,120,128,0,0,11,49,60,0,0,19,169,188,10,203,213,401
01/19/2001,ADW,MD,AEA,EN,Towers with Radar,0,0,2,80,82,0,0,0,1,1,0,0,2,81,83,0,2,2,85
01/20/2001,ADW,MD,AEA,EN,Towers with Radar,0,0,0,26,26,0,0,3,1,4,0,0,3,27,30,0,0,0,30
01/21/2001,ADW,MD,AEA,EN,Towers with Radar,0,0,4,48,52,0,0,8,5,13,0,0,12,53,65,0,10,10,75
01/22/2001,ADW,MD,AEA,EN,Towers with Radar,0,0,8,114,122,0,0,5,29,34,0,0,13,143,156,26,254,280,436
01/23/2001,ADW,MD,AEA,EN,Towers with Radar,0,0,10,154,164,0,0,2,39,41,0,0,12,193,205,2,344,346,551
01/24/2001,ADW,MD,AEA,EN,Towers with Radar,0,0,8,137,145,0,0,4,45,49,0,0,12,182,194,8,180,188,382
01/25/2001,ADW,MD,AEA,EN,Towers with Radar,0,0,4,123,127,0,0,0,42,42,0,0,4,165,169,0,263,263,432
01/26/2001,ADW,MD,AEA,EN,Towers with Radar,0,0,10,145,155,0,0,3,67,70,0,0,13,212,225,26,290,316,541
01/27/2001,ADW,MD,AEA,EN,Towers with Radar,0,0,3,41,44,0,0,13,3,16,0,0,16,44,60,14,28,42,102
01/28/2001,ADW,MD,AEA,EN,Towers with Radar,0,0,3,44,47,0,0,7,3,10,0,0,10,47,57,4,30,34,91
01/29/2001,ADW,MD,AEA,EN,Towers with Radar,0,0,5,107,112,0,0,0,39,39,0,0,5,146,151,8,234,242,393
01/30/2001,ADW,MD,AEA,EN,Towers with Radar,0,0,3,95,98,0,0,0,33,33,0,0,3,128,131,8,128,136,267
01/31/2001,ADW,MD,AEA,EN,Towers with Radar,0,0,0,127,127,0,0,0,45,45,0,0,0,172,172,1,35,36,208
02/01/2001,ADW,MD,AEA,EN,Towers with Radar,0,0,10,108,118,0,0,0,48,48,0,0,10,156,166,8,104,112,278
02/02/2001,ADW,MD,AEA,EN,Towers with Radar,0,0,15,145,160,0,0,1,27,28,0,0,16,172,188,28,198,226,414
02/03/2001,ADW,MD,AEA,EN,Towers with Radar,0,0,9,85,94,0,0,7,0,7,0,0,16,85,101,30,78,108,209
02/04/2001,ADW,MD,AEA,EN,Towers with Radar,0,0,11,99,110,0,0,27,0,27,0,0,38,99,137,24,102,126,263
02/05/2001,ADW,MD,AEA,EN,Towers with Radar,0,0,6,90,96,0,0,0,44,44,0,0,6,134,140,6,116,122,262
02/06/2001,ADW,MD,AEA,EN,Towers with Radar,0,0,12,130,142,0,0,2,9,11,0,0,14,139,153,12,128,140,293
02/07/2001,ADW,MD,AEA,EN,Towers with Radar,0,0,0,0,0,0,0,0,0,0,0,0,0,0,0,12,279,291,291
02/08/2001,ADW,MD,AEA,EN,Towers with Radar,0,0,12,146,158,0,0,0,23,23,0,0,12,169,181,12,279,291,472
02/09/2001,ADW,MD,AEA,EN,Towers with Radar,0,0,12,119,131,0,0,4,19,23,0,0,16,138,154,8,96,104,258
02/10/2001,ADW,MD,AEA,EN,Towers with Radar,0,0,7,38,45,0,0,8,0,8,0,0,15,38,53,0,0,0,53
02/11/2001,ADW,MD,AEA,EN,Towers with Radar,0,0,10,87,97,0,0,31,0,31,0,0,41,87,128,56,40,96,224
02/12/2001,ADW,MD,AEA,EN,Towers with Radar,0,0,7,108,115,1,1,0,52,54,1,1,7,160,169,14,152,166,335
02/13/2001,ADW,MD,AEA,EN,Towers with Radar,0,0,13,122,135,2,0,8,64,74,2,0,21,186,209,36,294,330,539
02/14/2001,ADW,MD,AEA,EN,Towers with Radar,0,0,5,82,87,0,0,0,30,30,0,0,5,112,117,4,6,10,127
02/15/2001,ADW,MD,AEA,EN,Towers with Radar,0,0,0,92,92,0,0,0,45,45,0,0,0,137,137,0,134,134,271
02/16/2001,ADW,MD,AEA,EN,Towers with Radar,0,0,1,57,58,0,0,0,23,23,0,0,1,80,81,0,60,60,141
02/17/2001,ADW,MD,AEA,EN,Towers with Radar,0,0,5,41,46,0,0,6,0,6,0,0,11,41,52,2,18,20,72
02/18/2001,ADW,MD,AEA,EN,Towers with Radar,0,0,5,43,48,0,0,21,0,21,0,0,26,43,69,32,4,36,105
02/19/2001,ADW,MD,AEA,EN,Towers with Radar,0,0,8,53,61,2,0,8,0,10,2,0,16,53,71,16,0,16,87
02/20/2001,ADW,MD,AEA,EN,Towers with Radar,0,0,17,159,176,0,0,1,52,53,0,0,18,211,229,8,250,258,487
02/21/2001,ADW,MD,AEA,EN,Towers with Radar,0,0,6,52,58,0,0,6,69,75,0,0,12,121,133,0,0,0,133
02/22/2001,ADW,MD,AEA,EN,Towers with Radar,0,0,5,66,71,0,0,0,21,21,0,0,5,87,92,16,48,64,156
02/23/2001,ADW,MD,AEA,EN,Towers with Radar,0,0,1,108,109,0,0,0,31,31,0,0,1,139,140,0,118,118,258
02/24/2001,ADW,MD,AEA,EN,Towers with Radar,0,0,12,71,83,2,0,17,0,19,2,0,29,71,102,32,22,54,156
02/25/2001,ADW,MD,AEA,EN,Towers with Radar,0,0,4,50,54,0,0,0,2,2,0,0,4,52,56,0,0,0,56
02/26/2001,ADW,MD,AEA,EN,Towers with Radar,0,0,13,160,173,0,0,0,9,9,0,0,13,169,182,48,210,258,440
02/27/2001,ADW,MD,AEA,EN,Towers with Radar,0,0,18,168,186,0,0,8,17,25,0,0,26,185,211,36,366,402,613
02/28/2001,ADW,MD,AEA,EN,Towers with Radar,0,0,17,159,176,0,0,2,58,60,0,0,19,217,236,34,186,220,456
03/01/2001,ADW,MD,AEA,EN,Towers with Radar,0,0,8,122,130,0,0,18,15,33,0,0,26,137,163,36,90,126,289
03/02/2001,ADW,MD,AEA,EN,Towers with Radar,0,0,6,136,142,0,0,17,58,75,0,0,23,194,217,18,246,264,481
03/03/2001,ADW,MD,AEA,EN,Towers with Radar,0,0,4,81,85,0,0,25,23,48,0,0,29,104,133,28,44,72,205
03/04/2001,ADW,MD,AEA,EN,Towers with Radar,1,0,0,49,50,0,0,0,8,8,1,0,0,57,58,0,4,4,62
03/05/2001,ADW,MD,AEA,EN,Towers with Radar,1,0,1,56,58,0,0,0,10,10,1,0,1,66,68,0,11,11,79
03/06/2001,ADW,MD,AEA,EN,Towers with Radar,0,0,1,45,46,1,0,4,3,8,1,0,5,48,54,0,4,4,58
03/07/2001,ADW,MD,AEA,EN,Towers with Radar,0,0,6,120,126,0,0,11,50,61,0,0,17,170,187,16,158,174,361
03/08/2001,ADW,MD,AEA,EN,Towers with Radar,0,0,11,177,188,1,0,12,51,64,1,0,23,228,252,20,286,306,558
03/09/2001,ADW,MD,AEA,EN,Towers with Radar,0,0,8,139,147,0,0,14,23,37,0,0,22,162,184,12,122,134,318
03/10/2001,ADW,MD,AEA,EN,Towers with Radar,0,0,6,86,92,0,0,14,9,23,0,0,20,95,115,20,54,74,189
03/11/2001,ADW,MD,AEA,EN,Towers with Radar,0,0,5,71,76,0,0,11,3,14,0,0,16,74,90,4,16,20,110
03/12/2001,ADW,MD,AEA,EN,Towers with Radar,0,0,4,133,137,0,0,0,40,40,0,0,4,173,177,2,144,146,323
03/13/2001,ADW,MD,AEA,EN,Towers with Radar,0,0,7,119,126,0,0,0,24,24,0,0,7,143,150,6,76,82,232
03/14/2001,ADW,MD,AEA,EN,Towers with Radar,0,0,3,132,135,0,0,0,51,51,0,0,3,183,186,6,118,124,310
03/15/2001,ADW,MD,AEA,EN,Towers with Radar,0,0,3,125,128,0,0,0,55,55,0,0,3,180,183,4,300,304,487
03/16/2001,ADW,MD,AEA,EN,Towers with Radar,0,0,7,132,139,0,0,0,55,55,0,0,7,187,194,2,150,152,346
03/17/2001,ADW,MD,AEA,EN,Towers with Radar,0,0,4,52,56,0,0,0,0,0,0,0,4,52,56,16,62,78,134
03/18/2001,ADW,MD,AEA,EN,Towers with Radar,0,0,3,40,43,0,0,11,4,15,0,0,14,44,58,10,30,40,98
03/19/2001,ADW,MD,AEA,EN,Towers with Radar,0,0,10,138,148,0,0,19,28,47,0,0,29,166,195,22,176,198,393
03/20/2001,ADW,MD,AEA,EN,Towers with Radar,0,0,10,145,155,0,0,5,51,56,0,0,15,196,211,50,146,196,407
03/21/2001,ADW,MD,AEA,EN,Towers with Radar,0,0,2,75,77,1,0,0,2,3,1,0,2,77,80,0,0,0,80
03/22/2001,ADW,MD,AEA,EN,Towers with Radar,0,0,5,94,99,0,0,0,24,24,0,0,5,118,123,2,146,148,271
03/23/2001,ADW,MD,AEA,EN,Towers with Radar,0,0,9,128,137,0,0,13,41,54,0,0,22,169,191,44,138,182,373
03/24/2001,ADW,MD,AEA,EN,Towers with Radar,0,0,4,58,62,0,0,27,0,27,0,0,31,58,89,26,42,68,157
03/25/2001,ADW,MD,AEA,EN,Towers with Radar,0,0,6,81,87,0,0,23,0,23,0,0,29,81,110,69,45,114,224
03/26/2001,ADW,MD,AEA,EN,Towers with Radar,0,0,8,117,125,0,0,6,48,54,0,0,14,165,179,18,166,184,363
03/27/2001,ADW,MD,AEA,EN,Towers with Radar,0,0,10,139,149,0,0,22,38,60,0,0,32,177,209,156,234,390,599
03/28/2001,ADW,MD,AEA,EN,Towers with Radar,0,0,10,139,149,0,0,20,25,45,0,0,30,164,194,22,182,204,398
03/29/2001,ADW,MD,AEA,EN,Towers with Radar,0,0,0,117,117,0,0,0,18,18,0,0,0,135,135,0,44,44,179
03/30/2001,ADW,MD,AEA,EN,Towers with Radar,0,0,8,120,128,0,0,1,19,20,0,0,9,139,148,4,94,98,246
03/31/2001,ADW,MD,AEA,EN,Towers with Radar,0,0,4,56,60,0,0,18,12,30,0,0,22,68,90,6,58,64,154
04/01/2001,ADW,MD,AEA,EN,Towers with Radar,0,0,5,47,52,0,0,15,0,15,0,0,20,47,67,24,14,38,105
04/02/2001,ADW,MD,AEA,EN,Towers with Radar,0,0,6,80,86,0,1,2,47,50,0,1,8,127,136,4,84,88,224
04/03/2001,ADW,MD,AEA,EN,Towers with Radar,0,0,11,121,132,0,0,36,14,50,0,0,47,135,182,34,292,326,508
04/04/2001,ADW,MD,AEA,EN,Towers with Radar,0,0,10,116,126,0,0,9,45,54,0,0,19,161,180,26,268,294,474
04/05/2001,ADW,MD,AEA,EN,Towers with Radar,0,0,9,104,113,0,0,37,27,64,0,0,46,131,177,12,78,90,267
04/06/2001,ADW,MD,AEA,EN,Towers with Radar,0,0,11,121,132,0,0,8,30,38,0,0,19,151,170,2,164,166,336
04/07/2001,ADW,MD,AEA,EN,Towers with Radar,0,0,9,96,105,0,0,20,13,33,0,0,29,109,138,28,82,110,248
04/08/2001,ADW,MD,AEA,EN,Towers with Radar,0,0,8,87,95,0,0,3,21,24,0,0,11,108,119,8,152,160,279
04/09/2001,ADW,MD,AEA,EN,Towers with Radar,0,0,8,75,83,0,0,12,34,46,0,0,20,109,129,14,54,68,197
04/10/2001,ADW,MD,AEA,EN,Towers with Radar,0,0,6,112,118,0,0,0,67,67,0,0,6,179,185,0,258,258,443
04/11/2001,ADW,MD,AEA,EN,Towers with Radar,0,0,2,59,61,0,0,0,8,8,0,0,2,67,69,0,0,0,69
04/12/2001,ADW,MD,AEA,EN,Towers with Radar,0,0,11,109,120,1,0,15,51,67,1,0,26,160,187,14,200,214,401
04/13/2001,ADW,MD,AEA,EN,Towers with Radar,0,0,11,107,118,0,0,3,13,16,0,0,14,120,134,22,134,156,290
04/14/2001,ADW,MD,AEA,EN,Towers with Radar,0,0,6,56,62,0,0,30,2,32,0,0,36,58,94,52,116,168,262
04/15/2001,ADW,MD,AEA,EN,Towers with Radar,0,0,4,40,44,0,0,19,0,19,0,0,23,40,63,2,98,100,163
04/16/2001,ADW,MD,AEA,EN,Towers with Radar,0,0,1,88,89,0,0,0,30,30,0,0,1,118,119,0,168,168,287
04/17/2001,ADW,MD,AEA,EN,Towers with Radar,0,0,7,99,106,0,0,0,47,47,0,0,7,146,153,4,170,174,327
04/18/2001,ADW,MD,AEA,EN,Towers with Radar,0,0,6,84,90,0,0,0,66,66,0,0,6,150,156,0,132,132,288
04/19/2001,ADW,MD,AEA,EN,Towers with Radar,0,0,11,101,112,0,0,9,53,62,0,0,20,154,174,16,114,130,304
04/20/2001,ADW,MD,AEA,EN,Towers with Radar,0,0,12,115,127,0,0,5,50,55,0,0,17,165,182,14,110,124,306
04/21/2001,ADW,MD,AEA,EN,Towers with Radar,0,0,8,72,80,0,0,30,5,35,0,0,38,77,115,44,60,104,219
04/22/2001,ADW,MD,AEA,EN,Towers with Radar,0,0,8,73,81,2,1,30,0,33,2,1,38,73,114,24,22,46,160
04/23/2001,ADW,MD,AEA,EN,Towers with Radar,0,0,9,86,95,0,0,10,12,22,0,0,19,98,117,14,54,68,185
04/24/2001,ADW,MD,AEA,EN,Towers with Radar,0,0,15,147,162,0,0,9,45,54,0,0,24,192,216,24,270,294,510
04/25/2001,ADW,MD,AEA,EN,Towers with Radar,0,0,13,130,143,0,0,1,72,73,0,0,14,202,216,24,154,178,394
04/26/2001,ADW,MD,AEA,EN,Towers with Radar,0,0,14,135,149,0,0,4,55,59,0,0,18,190,208,12,212,224,432
04/27/2001,ADW,MD,AEA,EN,Towers with Radar,0,0,13,128,141,0,0,5,46,51,0,0,18,174,192,8,196,204,396
04/28/2001,ADW,MD,AEA,EN,Towers with Radar,0,0,7,67,74,2,0,16,8,26,2,0,23,75,100,16,78,94,194
04/29/2001,ADW,MD,AEA,EN,Towers with Radar,0,0,8,79,87,0,0,32,5,37,0,0,40,84,124,72,12,84,208
04/30/2001,ADW,MD,AEA,EN,Towers with Radar,0,0,10,98,108,0,0,8,39,47,0,0,18,137,155,0,178,178,333
05/01/2001,ADW,MD,AEA,EN,Towers with Radar,0,0,12,119,131,0,0,6,18,24,0,0,18,137,155,0,178,178,333
05/02/2001,ADW,MD,AEA,EN,Towers with Radar,0,0,16,169,185,0,0,13,55,68,0,0,29,224,253,50,282,332,585
05/03/2001,ADW,MD,AEA,EN,Towers with Radar,0,0,11,120,131,0,0,21,62,83,0,0,32,182,214,50,234,284,498
05/04/2001,ADW,MD,AEA,EN,Towers with Radar,0,0,12,138,150,0,0,27,40,67,0,0,39,178,217,44,246,290,507
05/05/2001,ADW,MD,AEA,EN,Towers with Radar,0,0,5,62,67,0,0,27,15,42,0,0,32,77,109,8,40,48,157
05/06/2001,ADW,MD,AEA,EN,Towers with Radar,0,0,4,59,63,0,0,11,8,19,0,0,15,67,82,2,26,28,110
05/07/2001,ADW,MD,AEA,EN,Towers with Radar,0,0,10,101,111,0,0,5,36,41,0,0,15,137,152,30,158,188,340
05/08/2001,ADW,MD,AEA,EN,Towers with Radar,0,0,11,116,127,0,0,27,41,68,0,0,38,157,195,30,172,202,397
05/09/2001,ADW,MD,AEA,EN,Towers with Radar,0,0,14,140,154,0,0,10,47,57,0,0,24,187,211,72,400,472,683
05/10/2001,ADW,MD,AEA,EN,Towers with Radar,1,0,11,133,145,1,0,0,39,40,2,0,11,172,185,32,178,210,395
05/11/2001,ADW,MD,AEA,EN,Towers with Radar,0,0,12,120,132,0,0,8,12,20,0,0,20,132,152,16,146,162,314
05/12/2001,ADW,MD,AEA,EN,Towers with Radar,0,0,6,55,61,0,0,22,0,22,0,0,28,55,83,24,22,46,129
05/13/2001,ADW,MD,AEA,EN,Towers with Radar,0,0,5,51,56,0,0,8,14,22,0,0,13,65,78,14,36,50,128
05/14/2001,ADW,MD,AEA,EN,Towers with Radar,0,0,11,107,118,0,0,28,50,78,0,0,39,157,196,20,184,204,400
05/15/2001,ADW,MD,AEA,EN,Towers with Radar,0,0,14,137,151,0,0,16,56,72,0,0,30,193,223,26,244,270,493
05/16/2001,ADW,MD,AEA,EN,Towers with Radar,0,0,15,143,158,10,0,25,58,93,10,0,40,201,251,38,234,272,523
05/17/2001,ADW,MD,AEA,EN,Towers with Radar,0,0,8,78,86,0,0,19,26,45,0,0,27,104,131,26,92,118,249
05/18/2001,ADW,MD,AEA,EN,Towers with Radar,0,0,0,5,5,0,0,0,0,0,0,0,0,5,5,2,4,6,11
05/19/2001,ADW,MD,AEA,EN,Towers with Radar,0,0,2,5,7,2,0,3,0,5,2,0,5,5,12,2,4,6,18
05/20/2001,ADW,MD,AEA,EN,Towers with Radar,0,0,4,23,27,0,0,0,0,0,0,0,4,23,27,0,0,0,27
05/21/2001,ADW,MD,AEA,EN,Towers with Radar,0,0,8,110,118,0,0,0,4,4,0,0,8,114,122,0,16,16,138
05/22/2001,ADW,MD,AEA,EN,Towers with Radar,0,0,7,141,148,0,0,0,43,43,0,0,7,184,191,0,136,136,327
05/23/2001,ADW,MD,AEA,EN,Towers with Radar,0,0,25,247,272,0,0,6,63,69,0,0,31,310,341,30,238,268,609
05/24/2001,ADW,MD,AEA,EN,Towers with Radar,0,0,14,136,150,0,0,1,54,55,0,0,15,190,205,22,146,168,373
05/25/2001,ADW,MD,AEA,EN,Towers with Radar,0,0,7,70,77,0,0,0,11,11,0,0,7,81,88,0,30,30,118
05/26/2001,ADW,MD,AEA,EN,Towers with Radar,0,0,3,27,30,0,0,0,2,2,0,0,3,29,32,0,4,4,36
05/27/2001,ADW,MD,AEA,EN,Towers with Radar,0,0,5,21,26,0,0,8,0,8,0,0,13,21,34,0,6,6,40
05/28/2001,ADW,MD,AEA,EN,Towers with Radar,0,0,5,44,49,1,0,9,5,15,1,0,14,49,64,4,16,20,84
05/29/2001,ADW,MD,AEA,EN,Towers with Radar,0,0,13,120,133,0,0,24,45,69,0,0,37,165,202,44,174,218,420
05/30/2001,ADW,MD,AEA,EN,Towers with Radar,0,0,14,132,146,0,0,18,47,65,0,0,32,179,211,22,60,82,293
05/31/2001,ADW,MD,AEA,EN,Towers with Radar,0,0,11,101,112,4,0,5,39,48,4,0,16,140,160,30,116,146,306
06/01/2001,ADW,MD,AEA,EN,Towers with Radar,0,0,3,124,127,0,0,0,15,15,0,0,3,139,142,4,66,70,212
06/02/2001,ADW,MD,AEA,EN,Towers with Radar,0,0,5,75,80,0,0,10,3,13,0,0,15,78,93,28,24,52,145
06/03/2001,ADW,MD,AEA,EN,Towers with Radar,1,0,6,80,87,1,2,28,0,31,2,2,34,80,118,20,36,56,174
06/04/2001,ADW,MD,AEA,EN,Towers with Radar,1,0,8,111,120,1,0,10,42,53,2,0,18,153,173,14,152,166,339
06/05/2001,ADW,MD,AEA,EN,Towers with Radar,1,0,9,124,134,0,0,6,47,53,1,0,15,171,187,28,198,226,413
06/06/2001,ADW,MD,AEA,EN,Towers with Radar,0,0,8,118,126,0,0,5,63,68,0,0,13,181,194,6,136,142,336
06/07/2001,ADW,MD,AEA,EN,Towers with Radar,0,0,9,124,133,0,0,9,37,46,0,0,18,161,179,24,148,172,351
06/08/2001,ADW,MD,AEA,EN,Towers with Radar,0,0,10,140,150,0,0,8,45,53,0,0,18,185,203,22,138,160,363
06/09/2001,ADW,MD,AEA,EN,Towers with Radar,0,0,4,50,54,0,0,24,1,25,0,0,28,51,79,10,56,66,145
06/10/2001,ADW,MD,AEA,EN,Towers with Radar,0,0,6,84,90,0,0,18,9,27,0,0,24,93,117,44,28,72,189
06/11/2001,ADW,MD,AEA,EN,Towers with Radar,0,0,8,100,108,0,0,13,33,46,0,0,21,133,154,16,166,182,336
06/12/2001,ADW,MD,AEA,EN,Towers with Radar,0,0,12,141,153,0,0,7,63,70,0,0,19,204,223,10,244,254,477
06/13/2001,ADW,MD,AEA,EN,Towers with Radar,0,0,8,130,138,0,0,0,40,40,0,0,8,170,178,8,248,256,434
06/14/2001,ADW,MD,AEA,EN,Towers with Radar,0,0,13,153,166,1,0,10,44,55,1,0,23,197,221,30,220,250,471
06/15/2001,ADW,MD,AEA,EN,Towers with Radar,0,0,8,93,101,1,0,9,42,52,1,0,17,135,153,0,74,74,227
06/16/2001,ADW,MD,AEA,EN,Towers with Radar,0,0,4,38,42,1,0,7,0,8,1,0,11,38,50,0,0,0,50
06/17/2001,ADW,MD,AEA,EN,Towers with Radar,0,0,6,58,64,2,0,24,0,26,2,0,30,58,90,30,20,50,140
06/18/2001,ADW,MD,AEA,EN,Towers with Radar,0,0,12,134,146,0,0,26,62,88,0,0,38,196,234,38,140,178,412
06/19/2001,ADW,MD,AEA,EN,Towers with Radar,0,0,14,164,178,0,0,22,65,87,0,0,36,229,265,42,348,390,655
06/20/2001,ADW,MD,AEA,EN,Towers with Radar,0,0,11,132,143,0,0,11,33,44,0,0,22,165,187,18,230,248,435
06/21/2001,ADW,MD,AEA,EN,Towers with Radar,0,0,9,101,110,2,0,3,42,47,2,0,12,143,157,20,184,204,361
06/22/2001,ADW,MD,AEA,EN,Towers with Radar,0,0,8,95,103,0,0,1,38,39,0,0,9,133,142,0,88,88,230
06/23/2001,ADW,MD,AEA,EN,Towers with Radar,0,0,6,62,68,1,0,9,3,13,1,0,15,65,81,12,10,22,103
06/24/2001,ADW,MD,AEA,EN,Towers with Radar,0,0,6,55,61,0,0,22,0,22,0,0,28,55,83,22,42,64,147
06/25/2001,ADW,MD,AEA,EN,Towers with Radar,0,0,10,111,121,0,0,27,36,63,0,0,37,147,184,46,83,129,313
06/26/2001,ADW,MD,AEA,EN,Towers with Radar,0,0,13,217,230,0,0,0,73,73,0,0,13,290,303,42,230,272,575
06/27/2001,ADW,MD,AEA,EN,Towers with Radar,0,0,12,135,147,0,0,2,69,71,0,0,14,204,218,0,204,204,422
06/28/2001,ADW,MD,AEA,EN,Towers with Radar,0,0,12,141,153,0,0,13,34,47,0,0,25,175,200,12,206,218,418
06/29/2001,ADW,MD,AEA,EN,Towers with Radar,0,0,10,119,129,0,0,11,44,55,0,0,21,163,184,22,96,118,302
06/30/2001,ADW,MD,AEA,EN,Towers with Radar,0,0,5,42,47,0,0,11,0,11,0,0,16,42,58,14,8,22,80
07/01/2001,ADW,MD,AEA,EN,Towers with Radar,0,0,4,54,58,0,0,13,3,16,0,0,17,57,74,8,32,40,114
07/02/2001,ADW,MD,AEA,EN,Towers with Radar,0,0,6,91,97,0,0,12,37,49,0,0,18,128,146,10,128,138,284
07/03/2001,ADW,MD,AEA,EN,Towers with Radar,0,0,8,117,125,0,0,26,29,55,0,0,34,146,180,28,138,166,346
07/04/2001,ADW,MD,AEA,EN,Towers with Radar,0,0,1,25,26,0,0,17,0,17,0,0,18,25,43,12,14,26,69
07/05/2001,ADW,MD,AEA,EN,Towers with Radar,0,0,5,79,84,0,0,0,21,21,0,0,5,100,105,0,60,60,165
07/06/2001,ADW,MD,AEA,EN,Towers with Radar,0,0,10,124,134,0,0,18,47,65,0,0,28,171,199,16,298,314,513
07/07/2001,ADW,MD,AEA,EN,Towers with Radar,0,0,7,92,99,0,0,11,20,31,0,0,18,112,130,30,118,148,278
07/08/2001,ADW,MD,AEA,EN,Towers with Radar,0,0,5,68,73,1,0,5,5,11,1,0,10,73,84,6,122,128,212
07/09/2001,ADW,MD,AEA,EN,Towers with Radar,0,0,12,150,162,0,0,8,32,40,0,0,20,182,202,18,266,284,486
07/10/2001,ADW,MD,AEA,EN,Towers with Radar,0,0,9,132,141,0,0,0,50,50,0,0,9,182,191,0,324,324,515
07/11/2001,ADW,MD,AEA,EN,Towers with Radar,0,0,12,138,150,0,0,3,65,68,0,0,15,203,218,12,244,256,474
07/12/2001,ADW,MD,AEA,EN,Towers with Radar,0,0,12,140,152,0,0,6,56,62,0,0,18,196,214,4,274,278,492
07/13/2001,ADW,MD,AEA,EN,Towers with Radar,0,0,11,126,137,0,0,15,20,35,0,0,26,146,172,32,76,108,280
07/14/2001,ADW,MD,AEA,EN,Towers with Radar,0,0,8,90,98,0,0,35,0,35,0,0,43,90,133,56,30,86,219
07/15/2001,ADW,MD,AEA,EN,Towers with Radar,0,0,8,94,102,0,0,17,18,35,0,0,25,112,137,20,108,128,265
07/16/2001,ADW,MD,AEA,EN,Towers with Radar,0,0,12,139,151,0,0,3,43,46,0,0,15,182,197,16,190,206,403
07/17/2001,ADW,MD,AEA,EN,Towers with Radar,0,0,11,121,132,0,0,6,43,49,0,0,17,164,181,8,314,322,503
07/18/2001,ADW,MD,AEA,EN,Towers with Radar,0,0,2,123,125,0,0,0,28,28,0,0,2,151,153,0,92,92,245
07/19/2001,ADW,MD,AEA,EN,Towers with Radar,0,0,11,128,139,0,0,6,56,62,0,0,17,184,201,8,302,310,511
07/20/2001,ADW,MD,AEA,EN,Towers with Radar,0,0,10,108,118,0,0,13,46,59,0,0,23,154,177,30,120,150,327
07/21/2001,ADW,MD,AEA,EN,Towers with Radar,0,0,7,59,66,0,0,53,0,53,0,0,60,59,119,86,72,158,277
07/22/2001,ADW,MD,AEA,EN,Towers with Radar,0,0,7,70,77,0,0,36,0,36,0,0,43,70,113,40,48,88,201
07/23/2001,ADW,MD,AEA,EN,Towers with Radar,0,0,10,118,128,0,0,15,39,54,0,0,25,157,182,46,190,236,418
07/24/2001,ADW,MD,AEA,EN,Towers with Radar,0,0,11,122,133,0,0,7,55,62,0,0,18,177,195,32,256,288,483
07/25/2001,ADW,MD,AEA,EN,Towers with Radar,0,0,12,137,149,2,0,2,88,92,2,0,14,225,241,64,328,392,633
07/26/2001,ADW,MD,AEA,EN,Towers with Radar,0,0,10,106,116,0,0,0,38,38,0,0,10,144,154,10,104,114,268
07/27/2001,ADW,MD,AEA,EN,Towers with Radar,0,0,8,89,97,0,0,9,48,57,0,0,17,137,154,14,166,180,334
07/28/2001,ADW,MD,AEA,EN,Towers with Radar,0,0,6,69,75,0,0,16,0,16,0,0,22,69,91,6,32,38,129
07/29/2001,ADW,MD,AEA,EN,Towers with Radar,0,0,4,44,48,0,0,2,0,2,0,0,6,44,50,2,6,8,58
07/30/2001,ADW,MD,AEA,EN,Towers with Radar,0,0,10,113,123,0,0,13,38,51,0,0,23,151,174,38,266,304,478
07/31/2001,ADW,MD,AEA,EN,Towers with Radar,0,0,13,143,156,0,0,10,45,55,0,0,23,188,211,34,288,322,533
08/01/2001,ADW,MD,AEA,EN,Towers with Radar,0,0,8,140,148,0,0,35,16,51,0,0,43,156,199,26,274,300,499
08/02/2001,ADW,MD,AEA,EN,Towers with Radar,0,0,7,145,152,0,0,16,62,78,0,0,23,207,230,14,216,230,460
08/03/2001,ADW,MD,AEA,EN,Towers with Radar,0,0,7,139,146,0,0,16,24,40,0,0,23,163,186,38,158,196,382
08/04/2001,ADW,MD,AEA,EN,Towers with Radar,0,0,5,99,104,0,0,12,3,15,0,0,17,102,119,20,48,68,187
08/05/2001,ADW,MD,AEA,EN,Towers with Radar,0,0,3,68,71,0,0,9,9,18,0,0,12,77,89,4,38,42,131
08/06/2001,ADW,MD,AEA,EN,Towers with Radar,0,0,7,136,143,0,0,8,21,29,0,0,15,157,172,20,178,198,370
08/07/2001,ADW,MD,AEA,EN,Towers with Radar,0,0,7,140,147,0,0,20,63,83,0,0,27,203,230,38,334,372,602
08/08/2001,ADW,MD,AEA,EN,Towers with Radar,0,0,5,114,119,0,0,4,45,49,0,0,9,159,168,14,174,188,356
08/09/2001,ADW,MD,AEA,EN,Towers with Radar,0,0,6,123,129,0,0,20,34,54,0,0,26,157,183,24,254,278,461
08/10/2001,ADW,MD,AEA,EN,Towers with Radar,0,0,6,94,100,0,0,7,32,39,0,0,13,126,139,28,102,130,269
08/11/2001,ADW,MD,AEA,EN,Towers with Radar,0,0,4,52,56,0,0,6,6,12,0,0,10,58,68,0,22,22,90
08/12/2001,ADW,MD,AEA,EN,Towers with Radar,0,0,3,39,42,0,0,2,0,2,0,0,5,39,44,4,0,4,48
08/13/2001,ADW,MD,AEA,EN,Towers with Radar,0,0,3,109,112,0,0,0,26,26,0,0,3,135,138,30,138,168,306
08/14/2001,ADW,MD,AEA,EN,Towers with Radar,0,0,10,153,163,0,0,6,21,27,0,0,16,174,190,18,142,160,350
08/15/2001,ADW,MD,AEA,EN,Towers with Radar,0,0,9,139,148,0,0,8,27,35,0,0,17,166,183,8,170,178,361
08/16/2001,ADW,MD,AEA,EN,Towers with Radar,0,0,10,152,162,0,0,7,42,49,0,0,17,194,211,82,322,404,615
08/17/2001,ADW,MD,AEA,EN,Towers with Radar,0,0,9,134,143,0,0,15,33,48,0,0,24,167,191,33,210,243,434
08/18/2001,ADW,MD,AEA,EN,Towers with Radar,0,0,5,70,75,0,0,14,6,20,0,0,19,76,95,14,72,86,181
08/19/2001,ADW,MD,AEA,EN,Towers with Radar,0,0,5,79,84,0,0,5,0,5,0,0,10,79,89,0,12,12,101
08/20/2001,ADW,MD,AEA,EN,Towers with Radar,0,0,10,155,165,0,0,18,28,46,0,0,28,183,211,60,218,278,489
08/21/2001,ADW,MD,AEA,EN,Towers with Radar,0,0,11,162,173,0,0,11,42,53,0,0,22,204,226,18,190,208,434
08/22/2001,ADW,MD,AEA,EN,Towers with Radar,0,0,8,115,123,0,0,6,46,52,0,0,14,161,175,40,166,206,381
08/23/2001,ADW,MD,AEA,EN,Towers with Radar,0,0,8,122,130,0,0,10,36,46,0,0,18,158,176,34,188,222,398
08/24/2001,ADW,MD,AEA,EN,Towers with Radar,0,0,8,118,126,0,0,18,56,74,0,0,26,174,200,32,268,300,500
08/25/2001,ADW,MD,AEA,EN,Towers with Radar,0,0,5,66,71,0,0,28,0,28,0,0,33,66,99,24,92,116,215
08/26/2001,ADW,MD,AEA,EN,Towers with Radar,0,0,6,81,87,0,0,16,10,26,0,0,22,91,113,20,32,52,165
08/27/2001,ADW,MD,AEA,EN,Towers with Radar,0,0,8,118,126,0,0,1,32,33,0,0,9,150,159,0,164,164,323
08/28/2001,ADW,MD,AEA,EN,Towers with Radar,0,0,8,122,130,0,0,4,67,71,0,0,12,189,201,8,228,236,437
08/29/2001,ADW,MD,AEA,EN,Towers with Radar,0,0,11,170,181,0,0,13,45,58,0,0,24,215,239,42,376,418,657
08/30/2001,ADW,MD,AEA,EN,Towers with Radar,0,0,6,115,121,0,0,0,34,34,0,0,6,149,155,0,176,176,331
08/31/2001,ADW,MD,AEA,EN,Towers with Radar,0,0,7,108,115,0,0,3,14,17,0,0,10,122,132,0,116,116,248
09/01/2001,ADW,MD,AEA,EN,Towers with Radar,0,0,1,47,48,0,0,13,2,15,0,0,14,49,63,0,30,30,93
09/02/2001,ADW,MD,AEA,EN,Towers with Radar,1,0,0,28,29,0,0,22,0,22,1,0,22,28,51,50,8,58,109
09/03/2001,ADW,MD,AEA,EN,Towers with Radar,1,0,2,47,50,1,0,29,0,30,2,0,31,47,80,34,22,56,136
09/04/2001,ADW,MD,AEA,EN,Towers with Radar,0,0,5,133,138,0,0,7,45,52,0,0,12,178,190,8,206,214,404
09/05/2001,ADW,MD,AEA,EN,Towers with Radar,0,0,6,169,175,0,0,11,37,48,0,0,17,206,223,18,236,254,477
09/06/2001,ADW,MD,AEA,EN,Towers with Radar,0,0,5,150,155,0,0,7,58,65,0,0,12,208,220,8,192,200,420
09/07/2001,ADW,MD,AEA,EN,Towers with Radar,0,0,5,134,139,0,0,8,12,20,0,0,13,146,159,14,82,96,255
09/08/2001,ADW,MD,AEA,EN,Towers with Radar,0,0,3,81,84,0,0,30,2,32,0,0,33,83,116,16,106,122,238
09/09/2001,ADW,MD,AEA,EN,Towers with Radar,0,0,4,102,106,0,0,38,0,38,0,0,42,102,144,38,30,68,212
09/10/2001,ADW,MD,AEA,EN,Towers with Radar,0,0,5,143,148,2,0,6,34,42,2,0,11,177,190,6,216,222,412
09/11/2001,ADW,MD,AEA,EN,Towers with Radar,0,0,2,73,75,0,0,2,95,97,0,0,4,168,172,0,6,6,178
09/12/2001,ADW,MD,AEA,EN,Towers with Radar,0,0,2,81,83,0,0,0,48,48,0,0,2,129,131,0,0,0,131
09/13/2001,ADW,MD,AEA,EN,Towers with Radar,0,0,2,95,97,0,0,0,14,14,0,0,2,109,111,0,10,10,121
09/14/2001,ADW,MD,AEA,EN,Towers with Radar,0,0,1,100,101,0,0,0,22,22,0,0,1,122,123,0,96,96,219
09/15/2001,ADW,MD,AEA,EN,Towers with Radar,0,0,0,55,55,0,0,0,10,10,0,0,0,65,65,0,8,8,73
09/16/2001,ADW,MD,AEA,EN,Towers with Radar,0,0,2,48,50,0,0,0,5,5,0,0,2,53,55,0,8,8,63
09/17/2001,ADW,MD,AEA,EN,Towers with Radar,0,0,0,76,76,0,0,0,21,21,0,0,0,97,97,0,56,56,153
09/18/2001,ADW,MD,AEA,EN,Towers with Radar,0,0,3,102,105,0,0,0,16,16,0,0,3,118,121,0,120,120,241
09/19/2001,ADW,MD,AEA,EN,Towers with Radar,0,0,3,112,115,0,0,0,24,24,0,0,3,136,139,0,84,84,223
09/20/2001,ADW,MD,AEA,EN,Towers with Radar,0,0,1,140,141,0,0,0,16,16,0,0,1,156,157,0,116,116,273
09/21/2001,ADW,MD,AEA,EN,Towers with Radar,0,0,0,134,134,0,0,0,35,35,0,0,0,169,169,0,304,304,473
09/22/2001,ADW,MD,AEA,EN,Towers with Radar,0,0,2,48,50,0,0,2,22,24,0,0,4,70,74,0,140,140,214
09/23/2001,ADW,MD,AEA,EN,Towers with Radar,0,0,2,41,43,0,0,2,10,12,0,0,4,51,55,0,20,20,75
09/24/2001,ADW,MD,AEA,EN,Towers with Radar,0,0,0,99,99,0,0,0,14,14,0,0,0,113,113,0,94,94,207
09/25/2001,ADW,MD,AEA,EN,Towers with Radar,0,0,2,139,141,0,0,0,47,47,0,0,2,186,188,0,176,176,364
09/26/2001,ADW,MD,AEA,EN,Towers with Radar,0,0,2,118,120,0,0,0,39,39,0,0,2,157,159,0,174,174,333
09/27/2001,ADW,MD,AEA,EN,Towers with Radar,0,0,4,124,128,0,0,0,42,42,0,0,4,166,170,0,186,186,356
09/28/2001,ADW,MD,AEA,EN,Towers with Radar,0,0,5,113,118,0,0,0,53,53,0,0,5,166,171,214,0,214,385
09/29/2001,ADW,MD,AEA,EN,Towers with Radar,0,0,2,36,38,0,0,6,14,20,0,0,8,50,58,0,44,44,102
09/30/2001,ADW,MD,AEA,EN,Towers with Radar,0,0,2,32,34,0,0,6,15,21,0,0,8,47,55,0,18,18,73
10/01/2001,ADW,MD,AEA,EN,Towers with Radar,0,0,0,121,121,0,0,7,42,49,0,0,7,163,170,0,184,184,354
10/02/2001,ADW,MD,AEA,EN,Towers with Radar,0,0,0,118,118,0,0,6,49,55,0,0,6,167,173,24,164,188,361
10/03/2001,ADW,MD,AEA,EN,Towers with Radar,0,0,0,146,146,0,1,13,23,37,0,1,13,169,183,0,112,112,295
10/04/2001,ADW,MD,AEA,EN,Towers with Radar,0,0,0,147,147,1,0,10,33,44,1,0,10,180,191,0,244,244,435
10/05/2001,ADW,MD,AEA,EN,Towers with Radar,0,0,0,144,144,0,0,16,56,72,0,0,16,200,216,0,204,204,420
10/06/2001,ADW,MD,AEA,EN,Towers with Radar,0,0,1,54,55,0,0,9,15,24,0,0,10,69,79,0,60,60,139
10/07/2001,ADW,MD,AEA,EN,Towers with Radar,0,0,1,40,41,0,0,13,0,13,0,0,14,40,54,0,34,34,88
10/08/2001,ADW,MD,AEA,EN,Towers with Radar,0,0,1,45,46,0,0,10,0,10,0,0,11,45,56,0,80,80,136
10/09/2001,ADW,MD,AEA,EN,Towers with Radar,0,0,1,115,116,0,1,2,10,13,0,1,3,125,129,20,94,114,243
10/10/2001,ADW,MD,AEA,EN,Towers with Radar,0,0,1,161,162,0,0,3,32,35,0,0,4,193,197,0,268,268,465
10/11/2001,ADW,MD,AEA,EN,Towers with Radar,0,0,4,183,187,0,0,0,57,57,0,0,4,240,244,0,376,376,620
10/12/2001,ADW,MD,AEA,EN,Towers with Radar,0,0,1,166,167,0,0,4,70,74,0,0,5,236,241,0,332,332,573
10/13/2001,ADW,MD,AEA,EN,Towers with Radar,0,0,1,62,63,0,0,10,31,41,0,0,11,93,104,0,56,56,160
10/14/2001,ADW,MD,AEA,EN,Towers with Radar,0,0,1,104,105,0,0,9,11,20,0,0,10,115,125,0,8,8,133
10/15/2001,ADW,MD,AEA,EN,Towers with Radar,0,0,1,155,156,0,0,11,38,49,0,0,12,193,205,2,300,302,507
10/16/2001,ADW,MD,AEA,EN,Towers with Radar,0,0,0,112,112,0,0,0,25,25,0,0,0,137,137,5,122,127,264
10/17/2001,ADW,MD,AEA,EN,Towers with Radar,0,0,1,104,105,1,0,5,27,33,1,0,6,131,138,0,98,98,236
10/18/2001,ADW,MD,AEA,EN,Towers with Radar,0,0,1,123,124,0,0,9,54,63,0,0,10,177,187,0,278,278,465
10/19/2001,ADW,MD,AEA,EN,Towers with Radar,0,0,1,92,93,0,0,8,53,61,0,0,9,145,154,1,374,375,529
10/20/2001,ADW,MD,AEA,EN,Towers with Radar,0,0,1,43,44,0,0,6,38,44,0,0,7,81,88,0,84,84,172
10/21/2001,ADW,MD,AEA,EN,Towers with Radar,0,0,1,65,66,0,0,11,15,26,0,0,12,80,92,0,46,46,138
10/22/2001,ADW,MD,AEA,EN,Towers with Radar,0,0,1,120,121,1,0,5,33,39,1,0,6,153,160,0,174,174,334
10/23/2001,ADW,MD,AEA,EN,Towers with Radar,0,0,1,149,150,0,0,4,53,57,0,0,5,202,207,0,196,196,403
10/24/2001,ADW,MD,AEA,EN,Towers with Radar,0,0,0,158,158,0,0,13,44,57,0,0,13,202,215,10,164,174,389
10/25/2001,ADW,MD,AEA,EN,Towers with Radar,0,0,0,166,166,0,0,22,25,47,0,0,22,191,213,0,338,338,551
10/26/2001,ADW,MD,AEA,EN,Towers with Radar,0,0,0,127,127,0,0,8,35,43,0,0,8,162,170,0,274,274,444
10/27/2001,ADW,MD,AEA,EN,Towers with Radar,0,0,0,65,65,0,0,12,38,50,0,0,12,103,115,0,104,104,219
10/28/2001,ADW,MD,AEA,EN,Towers with Radar,0,0,0,61,61,0,0,9,15,24,0,0,9,76,85,0,78,78,163
10/29/2001,ADW,MD,AEA,EN,Towers with Radar,0,0,0,134,134,0,0,17,53,70,0,0,17,187,204,0,222,222,426
10/30/2001,ADW,MD,AEA,EN,Towers with Radar,0,0,0,151,151,0,0,14,46,60,0,0,14,197,211,0,228,228,439
10/31/2001,ADW,MD,AEA,EN,Towers with Radar,0,0,0,114,114,0,0,12,14,26,0,0,12,128,140,0,100,100,240
11/01/2001,ADW,MD,AEA,EN,Towers with Radar,0,0,2,183,185,0,0,11,43,54,0,0,13,226,239,0,388,388,627
11/02/2001,ADW,MD,AEA,EN,Towers with Radar,0,0,0,116,116,0,0,7,15,22,0,0,7,131,138,0,192,192,330
11/03/2001,ADW,MD,AEA,EN,Towers with Radar,0,0,0,50,50,0,0,10,25,35,0,0,10,75,85,0,80,80,165
11/04/2001,ADW,MD,AEA,EN,Towers with Radar,0,0,0,73,73,0,0,11,16,27,0,0,11,89,100,0,60,60,160
11/05/2001,ADW,MD,AEA,EN,Towers with Radar,0,0,2,144,146,0,0,9,39,48,0,0,11,183,194,0,282,282,476
11/06/2001,ADW,MD,AEA,EN,Towers with Radar,0,0,2,142,144,0,0,7,25,32,0,0,9,167,176,0,168,168,344
11/07/2001,ADW,MD,AEA,EN,Towers with Radar,0,0,3,167,170,0,0,6,46,52,0,0,9,213,222,0,248,248,470
11/08/2001,ADW,MD,AEA,EN,Towers with Radar,0,0,1,126,127,2,0,8,41,51,2,0,9,167,178,0,230,230,408
11/09/2001,ADW,MD,AEA,EN,Towers with Radar,0,0,2,132,134,0,0,5,37,42,0,0,7,169,176,0,180,180,356
11/10/2001,ADW,MD,AEA,EN,Towers with Radar,0,0,1,55,56,1,0,12,45,58,1,0,13,100,114,0,332,332,446
11/11/2001,ADW,MD,AEA,EN,Towers with Radar,0,0,1,49,50,0,0,9,33,42,0,0,10,82,92,0,200,200,292
11/12/2001,ADW,MD,AEA,EN,Towers with Radar,0,0,1,65,66,0,0,11,11,22,0,0,12,76,88,0,92,92,180
11/13/2001,ADW,MD,AEA,EN,Towers with Radar,0,0,2,161,163,0,0,2,51,53,0,0,4,212,216,0,286,286,502
11/14/2001,ADW,MD,AEA,EN,Towers with Radar,0,0,2,143,145,0,0,7,40,47,0,0,9,183,192,8,178,186,378
11/15/2001,ADW,MD,AEA,EN,Towers with Radar,0,0,0,110,110,0,0,6,36,42,0,0,6,146,152,0,154,154,306
11/16/2001,ADW,MD,AEA,EN,Towers with Radar,0,0,2,134,136,0,0,13,39,52,0,0,15,173,188,0,288,288,476
11/17/2001,ADW,MD,AEA,EN,Towers with Radar,0,0,0,41,41,0,0,10,27,37,0,0,10,68,78,0,70,70,148
11/18/2001,ADW,MD,AEA,EN,Towers with Radar,0,0,0,82,82,2,0,14,12,28,2,0,14,94,110,0,16,16,126
11/19/2001,ADW,MD,AEA,EN,Towers with Radar,0,0,0,120,120,0,0,9,40,49,0,0,9,160,169,6,238,244,413
11/20/2001,ADW,MD,AEA,EN,Towers with Radar,0,0,0,120,120,0,0,20,31,51,0,0,20,151,171,0,206,206,377
11/21/2001,ADW,MD,AEA,EN,Towers with Radar,0,0,0,102,102,2,0,5,37,44,2,0,5,139,146,0,268,268,414
11/22/2001,ADW,MD,AEA,EN,Towers with Radar,0,0,0,9,9,1,0,6,0,7,1,0,6,9,16,0,8,8,24
11/23/2001,ADW,MD,AEA,EN,Towers with Radar,0,0,0,20,20,0,0,7,15,22,0,0,7,35,42,0,18,18,60
11/24/2001,ADW,MD,AEA,EN,Towers with Radar,0,0,0,20,20,0,0,0,5,5,0,0,0,25,25,0,28,28,53
11/25/2001,ADW,MD,AEA,EN,Towers with Radar,0,0,0,44,44,0,0,5,4,9,0,0,5,48,53,0,46,46,99
11/26/2001,ADW,MD,AEA,EN,Towers with Radar,0,0,0,105,105,0,0,6,26,32,0,0,6,131,137,2,226,228,365
11/27/2001,ADW,MD,AEA,EN,Towers with Radar,0,0,0,127,127,0,0,6,15,21,0,0,6,142,148,0,200,200,348
11/28/2001,ADW,MD,AEA,EN,Towers with Radar,0,0,2,148,150,0,0,1,30,31,0,0,3,178,181,0,230,230,411
11/29/2001,ADW,MD,AEA,EN,Towers with Radar,0,0,0,86,86,0,0,2,14,16,0,0,2,100,102,0,86,86,188
11/30/2001,ADW,MD,AEA,EN,Towers with Radar,0,0,0,128,128,1,0,5,27,33,1,0,5,155,161,0,94,94,255
12/01/2001,ADW,MD,AEA,EN,Towers with Radar,0,0,1,64,65,0,0,9,18,27,0,0,10,82,92,0,172,172,264
12/02/2001,ADW,MD,AEA,EN,Towers with Radar,0,0,0,78,78,0,0,9,16,25,0,0,9,94,103,0,10,10,113
12/03/2001,ADW,MD,AEA,EN,Towers with Radar,0,0,1,138,139,0,0,6,26,32,0,0,7,164,171,0,238,238,409
12/04/2001,ADW,MD,AEA,EN,Towers with Radar,1,0,3,171,175,3,0,19,47,69,4,0,22,218,244,6,242,248,492
12/05/2001,ADW,MD,AEA,EN,Towers with Radar,0,0,2,163,165,0,0,7,51,58,0,0,9,214,223,0,320,320,543
12/06/2001,ADW,MD,AEA,EN,Towers with Radar,0,0,3,182,185,0,0,3,57,60,0,0,6,239,245,4,360,364,609
12/07/2001,ADW,MD,AEA,EN,Towers with Radar,0,0,2,134,136,0,0,19,25,44,0,0,21,159,180,0,128,128,308
12/08/2001,ADW,MD,AEA,EN,Towers with Radar,0,0,2,58,60,1,0,0,0,1,1,0,2,58,61,0,36,36,97
12/09/2001,ADW,MD,AEA,EN,Towers with Radar,0,0,2,75,77,0,0,6,20,26,0,0,8,95,103,0,108,108,211
12/10/2001,ADW,MD,AEA,EN,Towers with Radar,0,0,3,147,150,0,0,21,21,42,0,0,24,168,192,4,228,232,424
12/11/2001,ADW,MD,AEA,EN,Towers with Radar,0,0,3,122,125,0,0,7,58,65,0,0,10,180,190,0,132,132,322
12/12/2001,ADW,MD,AEA,EN,Towers with Radar,0,0,3,129,132,0,0,9,44,53,0,0,12,173,185,14,174,188,373
12/13/2001,ADW,MD,AEA,EN,Towers with Radar,0,0,4,180,184,0,0,14,36,50,0,0,18,216,234,24,176,200,434
12/14/2001,ADW,MD,AEA,EN,Towers with Radar,0,0,2,104,106,0,0,3,13,16,0,0,5,117,122,0,62,62,184
12/15/2001,ADW,MD,AEA,EN,Towers with Radar,0,0,0,28,28,0,0,10,8,18,0,0,10,36,46,4,4,8,54
12/16/2001,ADW,MD,AEA,EN,Towers with Radar,0,0,0,57,57,0,0,10,15,25,0,0,10,72,82,0,2,2,84
12/17/2001,ADW,MD,AEA,EN,Towers with Radar,0,0,2,108,110,0,0,1,81,82,0,0,3,189,192,0,182,182,374
12/18/2001,ADW,MD,AEA,EN,Towers with Radar,0,0,2,114,116,0,0,1,21,22,0,0,3,135,138,0,110,110,248
12/19/2001,ADW,MD,AEA,EN,Towers with Radar,0,0,4,173,177,0,0,3,50,53,0,0,7,223,230,4,306,310,540
12/20/2001,ADW,MD,AEA,EN,Towers with Radar,0,0,2,107,109,0,0,1,19,20,0,0,3,126,129,0,60,60,189
12/21/2001,ADW,MD,AEA,EN,Towers with Radar,0,0,3,117,120,0,0,7,48,55,0,0,10,165,175,4,240,244,419
12/22/2001,ADW,MD,AEA,EN,Towers with Radar,0,0,0,36,36,0,0,12,11,23,0,0,12,47,59,0,52,52,111
12/23/2001,ADW,MD,AEA,EN,Towers with Radar,0,0,0,24,24,0,0,7,12,19,0,0,7,36,43,0,36,36,79
12/24/2001,ADW,MD,AEA,EN,Towers with Radar,0,0,0,9,9,0,0,10,0,10,0,0,10,9,19,0,0,0,19
12/25/2001,ADW,MD,AEA,EN,Towers with Radar,0,0,0,6,6,0,1,2,0,3,0,1,2,6,9,0,0,0,9
12/26/2001,ADW,MD,AEA,EN,Towers with Radar,0,0,2,60,62,0,0,1,35,36,0,0,3,95,98,0,66,66,164
12/27/2001,ADW,MD,AEA,EN,Towers with Radar,0,0,2,107,109,0,0,5,98,103,0,0,7,205,212,0,312,312,524
12/28/2001,ADW,MD,AEA,EN,Towers with Radar,0,0,2,75,77,0,0,3,17,20,0,0,5,92,97,0,156,156,253
12/29/2001,ADW,MD,AEA,EN,Towers with Radar,0,0,0,19,19,0,0,7,8,15,0,0,7,27,34,2,2,4,38
12/30/2001,ADW,MD,AEA,EN,Towers with Radar,0,0,0,21,21,0,0,10,1,11,0,0,10,22,32,0,22,22,54
12/31/2001,ADW,MD,AEA,EN,Towers with Radar,0,0,0,16,16,0,0,7,11,18,0,0,7,27,34,0,12,12,46
01/01/2002,ADW,MD,AEA,EN,Towers with Radar,0,0,0,6,6,0,0,9,0,9,0,0,9,6,15,0,0,0,15
01/02/2002,ADW,MD,AEA,EN,Towers with Radar,0,0,2,92,94,0,0,6,51,57,0,0,8,143,151,2,240,242,393
01/03/2002,ADW,MD,AEA,EN,Towers with Radar,0,0,2,100,102,0,0,0,30,30,0,0,2,130,132,0,254,254,386
01/04/2002,ADW,MD,AEA,EN,Towers with Radar,0,0,3,126,129,0,0,3,50,53,0,0,6,176,182,0,294,294,476
01/05/2002,ADW,MD,AEA,EN,Towers with Radar,0,0,2,71,73,0,0,5,28,33,0,0,7,99,106,0,186,186,292
01/06/2002,ADW,MD,AEA,EN,Towers with Radar,0,0,0,35,35,0,0,6,0,6,0,0,6,35,41,14,2,16,57
01/07/2002,ADW,MD,AEA,EN,Towers with Radar,0,0,3,130,133,1,0,3,19,23,1,0,6,149,156,0,50,50,206
01/08/2002,ADW,MD,AEA,EN,Towers with Radar,0,0,3,135,138,0,0,3,40,43,0,0,6,175,181,4,176,180,361
01/09/2002,ADW,MD,AEA,EN,Towers with Radar,0,0,1,141,142,0,0,15,32,47,0,0,16,173,189,0,290,290,479
01/10/2002,ADW,MD,AEA,EN,Towers with Radar,0,0,1,187,188,0,0,8,59,67,0,0,9,246,255,0,290,290,545
01/11/2002,ADW,MD,AEA,EN,Towers with Radar,0,0,2,119,121,0,0,3,48,51,0,0,5,167,172,2,158,160,332
01/12/2002,ADW,MD,AEA,EN,Towers with Radar,0,0,0,67,67,0,0,10,39,49,0,0,10,106,116,0,154,154,270
01/13/2002,ADW,MD,AEA,EN,Towers with Radar,0,0,0,68,68,0,0,2,4,6,0,0,2,72,74,0,30,30,104
01/14/2002,ADW,MD,AEA,EN,Towers with Radar,0,0,2,106,108,0,0,5,44,49,0,0,7,150,157,42,111,153,310
01/15/2002,ADW,MD,AEA,EN,Towers with Radar,0,0,2,112,114,0,0,8,30,38,0,0,10,142,152,0,202,202,354
01/16/2002,ADW,MD,AEA,EN,Towers with Radar,0,0,3,128,131,0,0,8,23,31,0,0,11,151,162,0,208,208,370
01/17/2002,ADW,MD,AEA,EN,Towers with Radar,0,0,1,166,167,1,0,5,23,29,1,0,6,189,196,6,360,366,562
01/18/2002,ADW,MD,AEA,EN,Towers with Radar,0,0,3,134,137,0,0,4,8,12,0,0,7,142,149,0,192,192,341
01/19/2002,ADW,MD,AEA,EN,Towers with Radar,0,0,0,30,30,0,0,0,0,0,0,0,0,30,30,4,0,4,34
01/20/2002,ADW,MD,AEA,EN,Towers with Radar,0,0,0,43,43,0,0,6,20,26,0,0,6,63,69,0,42,42,111
01/21/2002,ADW,MD,AEA,EN,Towers with Radar,0,0,0,61,61,0,0,7,19,26,0,0,7,80,87,0,60,60,147
01/22/2002,ADW,MD,AEA,EN,Towers with Radar,0,0,1,141,142,1,0,8,54,63,1,0,9,195,205,0,220,220,425
01/23/2002,ADW,MD,AEA,EN,Towers with Radar,0,0,3,139,142,0,0,5,25,30,0,0,8,164,172,4,110,114,286
01/24/2002,ADW,MD,AEA,EN,Towers with Radar,0,0,2,150,152,0,0,5,51,56,0,0,7,201,208,0,274,274,482
01/25/2002,ADW,MD,AEA,EN,Towers with Radar,0,0,2,166,168,1,0,13,28,42,1,0,15,194,210,6,216,222,432
01/26/2002,ADW,MD,AEA,EN,Towers with Radar,0,0,2,68,70,0,0,8,34,42,0,0,10,102,112,24,164,188,300
01/27/2002,ADW,MD,AEA,EN,Towers with Radar,0,0,2,90,92,0,0,12,11,23,0,0,14,101,115,0,54,54,169
01/28/2002,ADW,MD,AEA,EN,Towers with Radar,0,0,2,115,117,0,0,5,40,45,0,0,7,155,162,0,182,182,344
01/29/2002,ADW,MD,AEA,EN,Towers with Radar,0,0,3,131,134,0,0,8,28,36,0,0,11,159,170,0,300,300,470
01/30/2002,ADW,MD,AEA,EN,Towers with Radar,0,0,2,186,188,0,0,6,46,52,0,0,8,232,240,0,238,238,478
01/31/2002,ADW,MD,AEA,EN,Towers with Radar,2,0,3,116,121,0,0,1,3,4,2,0,4,119,125,0,12,12,137
02/01/2002,ADW,MD,AEA,EN,Towers with Radar,1,0,2,126,129,2,0,4,13,19,3,0,6,139,148,0,108,108,256
02/02/2002,ADW,MD,AEA,EN,Towers with Radar,0,0,0,35,35,0,0,5,0,5,0,0,5,35,40,0,192,192,232
02/03/2002,ADW,MD,AEA,EN,Towers with Radar,0,0,0,72,72,0,0,11,33,44,0,0,11,105,116,2,6,8,124
02/04/2002,ADW,MD,AEA,EN,Towers with Radar,1,0,2,110,113,0,0,8,27,35,1,0,10,137,148,4,44,48,196
02/05/2002,ADW,MD,AEA,EN,Towers with Radar,1,0,3,134,138,0,0,0,49,49,1,0,3,183,187,0,212,212,399
02/06/2002,ADW,MD,AEA,EN,Towers with Radar,0,0,1,148,149,0,0,6,48,54,0,0,7,196,203,0,248,248,451
02/07/2002,ADW,MD,AEA,EN,Towers with Radar,0,0,0,115,115,0,0,0,3,3,0,0,0,118,118,18,30,48,166
02/08/2002,ADW,MD,AEA,EN,Towers with Radar,0,0,1,139,140,0,0,7,18,25,0,0,8,157,165,0,12,12,177
02/09/2002,ADW,MD,AEA,EN,Towers with Radar,1,0,0,64,65,0,0,16,21,37,1,0,16,85,102,2,62,64,166
02/10/2002,ADW,MD,AEA,EN,Towers with Radar,0,0,0,63,63,0,0,6,9,15,0,0,6,72,78,0,32,32,110
02/11/2002,ADW,MD,AEA,EN,Towers with Radar,0,0,1,108,109,0,0,4,31,35,0,0,5,139,144,0,92,92,236
02/12/2002,ADW,MD,AEA,EN,Towers with Radar,0,0,2,156,158,0,0,4,55,59,0,0,6,211,217,0,334,334,551
02/13/2002,ADW,MD,AEA,EN,Towers with Radar,0,0,3,125,128,0,0,6,51,57,0,0,9,176,185,0,210,210,395
02/14/2002,ADW,MD,AEA,EN,Towers with Radar,0,0,2,137,139,0,0,13,23,36,0,0,15,160,175,8,144,152,327
02/15/2002,ADW,MD,AEA,EN,Towers with Radar,0,0,1,88,89,0,0,0,41,41,0,0,1,129,130,0,148,148,278
02/16/2002,ADW,MD,AEA,EN,Towers with Radar,0,0,0,66,66,2,0,11,22,35,2,0,11,88,101,0,76,76,177
02/17/2002,ADW,MD,AEA,EN,Towers with Radar,0,0,0,52,52,0,0,3,3,6,0,0,3,55,58,0,32,32,90
02/18/2002,ADW,MD,AEA,EN,Towers with Radar,0,0,0,56,56,0,0,10,28,38,0,0,10,84,94,0,154,154,248
02/19/2002,ADW,MD,AEA,EN,Towers with Radar,0,0,2,123,125,0,0,5,48,53,0,0,7,171,178,0,214,214,392
02/20/2002,ADW,MD,AEA,EN,Towers with Radar,0,0,2,166,168,0,0,1,57,58,0,0,3,223,226,0,268,268,494
02/21/2002,ADW,MD,AEA,EN,Towers with Radar,0,0,2,184,186,0,0,9,60,69,0,0,11,244,255,0,390,390,645
02/22/2002,ADW,MD,AEA,EN,Towers with Radar,0,0,2,122,124,2,0,3,42,47,2,0,5,164,171,0,226,226,397
02/23/2002,ADW,MD,AEA,EN,Towers with Radar,0,0,0,61,61,0,0,7,46,53,0,0,7,107,114,0,86,86,200
02/24/2002,ADW,MD,AEA,EN,Towers with Radar,0,0,0,57,57,0,0,11,5,16,0,0,11,62,73,0,76,76,149
02/25/2002,ADW,MD,AEA,EN,Towers with Radar,0,0,2,165,167,0,0,13,49,62,0,0,15,214,229,0,294,294,523
02/26/2002,ADW,MD,AEA,EN,Towers with Radar,0,0,1,147,148,0,0,14,8,22,0,0,15,155,170,0,234,234,404
02/27/2002,ADW,MD,AEA,EN,Towers with Radar,0,0,0,54,54,0,0,5,33,38,0,0,5,87,92,0,186,186,278
02/28/2002,ADW,MD,AEA,EN,Towers with Radar,0,0,1,141,142,0,0,6,36,42,0,0,7,177,184,0,220,220,404
03/01/2002,ADW,MD,AEA,EN,Towers with Radar,0,0,2,147,149,0,0,6,31,37,0,0,8,178,186,0,62,62,248
03/02/2002,ADW,MD,AEA,EN,Towers with Radar,0,0,0,47,47,0,0,4,24,28,0,0,4,71,75,0,38,38,113
03/03/2002,ADW,MD,AEA,EN,Towers with Radar,0,0,0,59,59,0,0,12,12,24,0,0,12,71,83,0,122,122,205
03/04/2002,ADW,MD,AEA,EN,Towers with Radar,0,0,2,103,105,0,0,7,34,41,0,0,9,137,146,2,132,134,280
03/05/2002,ADW,MD,AEA,EN,Towers with Radar,0,0,2,169,171,0,0,18,39,57,0,0,20,208,228,10,292,302,530
03/06/2002,ADW,MD,AEA,EN,Towers with Radar,1,0,3,129,133,0,0,11,38,49,1,0,14,167,182,2,114,116,298
03/07/2002,ADW,MD,AEA,EN,Towers with Radar,0,0,3,144,147,0,0,7,22,29,0,0,10,166,176,4,232,236,412
03/08/2002,ADW,MD,AEA,EN,Towers with Radar,1,0,2,119,122,1,0,2,43,46,2,0,4,162,168,0,38,38,206
03/09/2002,ADW,MD,AEA,EN,Towers with Radar,0,0,2,75,77,0,0,11,0,11,0,0,13,75,88,0,14,14,102
03/10/2002,ADW,MD,AEA,EN,Towers with Radar,0,0,0,52,52,0,0,8,0,8,0,0,8,52,60,0,0,0,60
03/11/2002,ADW,MD,AEA,EN,Towers with Radar,0,0,2,108,110,0,0,5,48,53,0,0,7,156,163,0,152,152,315
03/12/2002,ADW,MD,AEA,EN,Towers with Radar,0,0,3,141,144,0,0,5,57,62,0,0,8,198,206,0,314,314,520
03/13/2002,ADW,MD,AEA,EN,Towers with Radar,0,0,0,115,115,0,0,0,2,2,0,0,0,117,117,0,0,0,117
03/14/2002,ADW,MD,AEA,EN,Towers with Radar,0,0,3,146,149,1,2,1,34,38,1,2,4,180,187,0,260,260,447
03/15/2002,ADW,MD,AEA,EN,Towers with Radar,0,0,3,174,177,1,0,4,41,46,1,0,7,215,223,0,244,244,467
03/16/2002,ADW,MD,AEA,EN,Towers with Radar,0,0,2,88,90,0,0,16,20,36,0,0,18,108,126,6,86,92,218
03/17/2002,ADW,MD,AEA,EN,Towers with Radar,0,0,0,64,64,0,0,2,4,6,0,0,2,68,70,0,0,0,70
03/18/2002,ADW,MD,AEA,EN,Towers with Radar,0,0,0,106,106,0,0,0,6,6,0,0,0,112,112,0,20,20,132
03/19/2002,ADW,MD,AEA,EN,Towers with Radar,0,0,2,122,124,0,0,3,40,43,0,0,5,162,167,0,222,222,389
03/20/2002,ADW,MD,AEA,EN,Towers with Radar,0,0,1,114,115,0,0,0,11,11,0,0,1,125,126,0,54,54,180
03/21/2002,ADW,MD,AEA,EN,Towers with Radar,0,0,3,176,179,0,0,6,52,58,0,0,9,228,237,0,206,206,443
03/22/2002,ADW,MD,AEA,EN,Towers with Radar,0,0,2,142,144,0,0,0,36,36,0,0,2,178,180,0,78,78,258
03/23/2002,ADW,MD,AEA,EN,Towers with Radar,0,0,0,56,56,0,0,17,17,34,0,0,17,73,90,0,48,48,138
03/24/2002,ADW,MD,AEA,EN,Towers with Radar,0,0,0,57,57,1,0,6,0,7,1,0,6,57,64,0,30,30,94
03/25/2002,ADW,MD,AEA,EN,Towers with Radar,0,0,2,118,120,1,0,10,44,55,1,0,12,162,175,0,170,170,345
03/26/2002,ADW,MD,AEA,EN,Towers with Radar,0,0,0,42,42,0,0,0,0,0,0,0,0,42,42,0,0,0,42
03/27/2002,ADW,MD,AEA,EN,Towers with Radar,0,0,3,138,141,1,0,11,53,65,1,0,14,191,206,0,188,188,394
03/28/2002,ADW,MD,AEA,EN,Towers with Radar,0,0,2,111,113,0,0,6,27,33,0,0,8,138,146,2,136,138,284
03/29/2002,ADW,MD,AEA,EN,Towers with Radar,0,0,2,101,103,0,0,26,29,55,0,0,28,130,158,0,190,190,348
03/30/2002,ADW,MD,AEA,EN,Towers with Radar,0,0,0,30,30,0,0,11,17,28,0,0,11,47,58,0,16,16,74
03/31/2002,ADW,MD,AEA,EN,Towers with Radar,0,0,0,30,30,0,0,3,10,13,0,0,3,40,43,0,26,26,69
04/01/2002,ADW,MD,AEA,EN,Towers with Radar,0,0,0,103,103,0,0,14,28,42,0,0,14,131,145,0,166,166,311
04/02/2002,ADW,MD,AEA,EN,Towers with Radar,0,0,0,126,126,0,0,18,51,69,0,0,18,177,195,14,326,340,535
04/03/2002,ADW,MD,AEA,EN,Towers with Radar,0,0,0,116,116,0,0,14,49,63,0,0,14,165,179,36,184,220,399
04/04/2002,ADW,MD,AEA,EN,Towers with Radar,0,0,0,100,100,0,0,13,40,53,0,0,13,140,153,0,136,136,289
04/05/2002,ADW,MD,AEA,EN,Towers with Radar,0,0,0,110,110,0,0,10,33,43,0,0,10,143,153,0,164,164,317
04/06/2002,ADW,MD,AEA,EN,Towers with Radar,0,0,0,46,46,0,0,20,14,34,0,0,20,60,80,0,76,76,156
04/07/2002,ADW,MD,AEA,EN,Towers with Radar,0,0,0,96,96,0,0,12,17,29,0,0,12,113,125,0,52,52,177
04/08/2002,ADW,MD,AEA,EN,Towers with Radar,0,0,2,142,144,0,0,3,43,46,0,0,5,185,190,60,148,208,398
04/09/2002,ADW,MD,AEA,EN,Towers with Radar,0,0,0,115,115,0,0,6,14,20,0,0,6,129,135,20,23,43,178
04/10/2002,ADW,MD,AEA,EN,Towers with Radar,0,0,0,122,122,0,0,8,43,51,0,0,8,165,173,4,170,174,347
04/11/2002,ADW,MD,AEA,EN,Towers with Radar,0,0,3,171,174,0,0,11,59,70,0,0,14,230,244,0,330,330,574
04/12/2002,ADW,MD,AEA,EN,Towers with Radar,0,0,0,127,127,0,0,11,30,41,0,0,11,157,168,2,164,166,334
04/13/2002,ADW,MD,AEA,EN,Towers with Radar,0,0,0,61,61,0,0,10,31,41,0,0,10,92,102,0,34,34,136
04/14/2002,ADW,MD,AEA,EN,Towers with Radar,0,0,0,66,66,0,0,12,10,22,0,0,12,76,88,2,40,42,130
04/15/2002,ADW,MD,AEA,EN,Towers with Radar,0,0,3,130,133,1,0,3,58,62,1,0,6,188,195,0,264,264,459
04/16/2002,ADW,MD,AEA,EN,Towers with Radar,0,0,3,172,175,1,0,11,39,51,1,0,14,211,226,24,246,270,496
04/17/2002,ADW,MD,AEA,EN,Towers with Radar,0,0,3,130,133,3,0,9,45,57,3,0,12,175,190,0,306,306,496
04/18/2002,ADW,MD,AEA,EN,Towers with Radar,0,0,3,162,165,0,0,1,33,34,0,0,4,195,199,0,184,184,383
04/19/2002,ADW,MD,AEA,EN,Towers with Radar,0,0,0,127,127,2,0,10,53,65,2,0,10,180,192,0,146,146,338
04/20/2002,ADW,MD,AEA,EN,Towers with Radar,0,0,0,83,83,0,0,11,30,41,0,0,11,113,124,0,190,190,314
04/21/2002,ADW,MD,AEA,EN,Towers with Radar,0,0,0,75,75,0,0,6,9,15,0,0,6,84,90,0,26,26,116
04/22/2002,ADW,MD,AEA,EN,Towers with Radar,0,0,0,144,144,1,0,0,31,32,1,0,0,175,176,0,146,146,322
04/23/2002,ADW,MD,AEA,EN,Towers with Radar,0,0,2,155,157,0,0,7,26,33,0,0,9,181,190,0,238,238,428
04/24/2002,ADW,MD,AEA,EN,Towers with Radar,0,0,2,156,158,2,0,9,50,61,2,0,11,206,219,0,160,160,379
04/25/2002,ADW,MD,AEA,EN,Towers with Radar,0,0,3,135,138,0,0,2,23,25,0,0,5,158,163,0,66,66,229
04/26/2002,ADW,MD,AEA,EN,Towers with Radar,0,0,1,156,157,0,0,15,57,72,0,0,16,213,229,0,292,292,521
04/27/2002,ADW,MD,AEA,EN,Towers with Radar,0,0,0,81,81,0,0,6,24,30,0,0,6,105,111,0,180,180,291
04/28/2002,ADW,MD,AEA,EN,Towers with Radar,0,0,0,54,54,0,0,10,0,10,0,0,10,54,64,0,0,0,64
04/29/2002,ADW,MD,AEA,EN,Towers with Radar,0,0,0,122,122,0,0,13,52,65,0,0,13,174,187,0,238,238,425
04/30/2002,ADW,MD,AEA,EN,Towers with Radar,0,0,0,118,118,0,0,9,35,44,0,0,9,153,162,0,270,270,432
05/01/2002,ADW,MD,AEA,EN,Towers with Radar,0,0,1,150,151,0,0,12,45,57,0,0,13,195,208,0,330,330,538
05/02/2002,ADW,MD,AEA,EN,Towers with Radar,0,0,0,81,81,0,0,3,24,27,0,0,3,105,108,0,80,80,188
05/03/2002,ADW,MD,AEA,EN,Towers with Radar,1,0,2,139,142,0,0,11,48,59,1,0,13,187,201,0,128,128,329
05/04/2002,ADW,MD,AEA,EN,Towers with Radar,0,0,0,60,60,0,0,13,24,37,0,0,13,84,97,0,26,26,123
05/05/2002,ADW,MD,AEA,EN,Towers with Radar,0,0,0,66,66,0,0,13,9,22,0,0,13,75,88,12,70,82,170
05/06/2002,ADW,MD,AEA,EN,Towers with Radar,1,0,3,117,121,0,0,11,32,43,1,0,14,149,164,0,176,176,340
05/07/2002,ADW,MD,AEA,EN,Towers with Radar,0,0,2,101,103,0,0,10,53,63,0,0,12,154,166,0,286,286,452
05/08/2002,ADW,MD,AEA,EN,Towers with Radar,1,0,3,118,122,0,0,8,57,65,1,0,11,175,187,0,157,157,344
05/09/2002,ADW,MD,AEA,EN,Towers with Radar,0,0,2,95,97,0,0,5,0,5,0,0,7,95,102,0,32,32,134
05/10/2002,ADW,MD,AEA,EN,Towers with Radar,1,0,2,141,144,0,0,6,49,55,1,0,8,190,199,0,138,138,337
05/11/2002,ADW,MD,AEA,EN,Towers with Radar,0,0,0,39,39,0,0,6,29,35,0,0,6,68,74,0,94,94,168
05/12/2002,ADW,MD,AEA,EN,Towers with Radar,0,0,1,47,48,0,0,8,1,9,0,0,9,48,57,0,16,16,73
05/13/2002,ADW,MD,AEA,EN,Towers with Radar,0,0,1,87,88,2,0,8,26,36,2,0,9,113,124,6,158,164,288
05/14/2002,ADW,MD,AEA,EN,Towers with Radar,0,0,3,125,128,0,0,5,46,51,0,0,8,171,179,0,238,238,417
05/15/2002,ADW,MD,AEA,EN,Towers with Radar,0,0,2,139,141,0,1,14,39,54,0,1,16,178,195,0,114,114,309
05/16/2002,ADW,MD,AEA,EN,Towers with Radar,0,0,0,80,80,0,0,21,25,46,0,0,21,105,126,58,374,432,558
05/17/2002,ADW,MD,AEA,EN,Towers with Radar,0,0,0,22,22,0,0,1,0,1,0,0,1,22,23,0,8,8,31
05/18/2002,ADW,MD,AEA,EN,Towers with Radar,0,0,0,19,19,0,0,19,0,19,0,0,19,19,38,0,40,40,78
05/19/2002,ADW,MD,AEA,EN,Towers with Radar,0,0,0,86,86,0,0,13,24,37,0,0,13,110,123,0,30,30,153
05/20/2002,ADW,MD,AEA,EN,Towers with Radar,0,0,1,126,127,2,0,11,42,55,2,0,12,168,182,0,233,233,415
05/21/2002,ADW,MD,AEA,EN,Towers with Radar,0,0,1,124,125,1,0,9,50,60,1,0,10,174,185,0,256,256,441
05/22/2002,ADW,MD,AEA,EN,Towers with Radar,0,0,2,187,189,0,0,8,77,85,0,0,10,264,274,0,334,334,608
05/23/2002,ADW,MD,AEA,EN,Towers with Radar,0,0,1,139,140,0,0,10,28,38,0,0,11,167,178,0,188,188,366
05/24/2002,ADW,MD,AEA,EN,Towers with Radar,0,0,0,93,93,0,0,10,50,60,0,0,10,143,153,0,186,186,339
05/25/2002,ADW,MD,AEA,EN,Towers with Radar,0,0,0,31,31,0,0,13,27,40,0,0,13,58,71,0,82,82,153
05/26/2002,ADW,MD,AEA,EN,Towers with Radar,0,0,0,25,25,0,0,13,8,21,0,0,13,33,46,0,0,0,46
05/27/2002,ADW,MD,AEA,EN,Towers with Radar,0,0,0,35,35,0,0,0,15,15,0,0,0,50,50,0,104,104,154
05/28/2002,ADW,MD,AEA,EN,Towers with Radar,0,0,1,149,150,0,0,11,55,66,0,0,12,204,216,2,230,232,448
05/29/2002,ADW,MD,AEA,EN,Towers with Radar,0,0,1,148,149,0,0,10,43,53,0,0,11,191,202,2,260,262,464
05/30/2002,ADW,MD,AEA,EN,Towers with Radar,0,0,2,174,176,0,0,5,51,56,0,0,7,225,232,0,356,356,588
05/31/2002,ADW,MD,AEA,EN,Towers with Radar,0,0,1,137,138,1,0,6,43,50,1,0,7,180,188,0,244,244,432
06/01/2002,ADW,MD,AEA,EN,Towers with Radar,1,0,0,48,49,1,0,10,12,23,2,0,10,60,72,0,66,66,138
06/02/2002,ADW,MD,AEA,EN,Towers with Radar,0,0,0,57,57,0,0,19,8,27,0,0,19,65,84,0,0,0,84
06/03/2002,ADW,MD,AEA,EN,Towers with Radar,0,0,0,101,101,0,0,7,47,54,0,0,7,148,155,0,264,264,419
06/04/2002,ADW,MD,AEA,EN,Towers with Radar,1,0,2,155,158,0,0,8,25,33,1,0,10,180,191,0,270,270,461
06/05/2002,ADW,MD,AEA,EN,Towers with Radar,0,0,0,102,102,0,0,8,33,41,0,0,8,135,143,4,164,168,311
06/06/2002,ADW,MD,AEA,EN,Towers with Radar,0,0,0,109,109,0,0,9,17,26,0,0,9,126,135,2,134,136,271
06/07/2002,ADW,MD,AEA,EN,Towers with Radar,1,0,0,118,119,1,0,10,24,35,2,0,10,142,154,0,106,106,260
06/08/2002,ADW,MD,AEA,EN,Towers with Radar,0,0,0,63,63,0,0,15,20,35,0,0,15,83,98,0,112,112,210
06/09/2002,ADW,MD,AEA,EN,Towers with Radar,0,0,0,51,51,0,0,9,16,25,0,0,9,67,76,0,30,30,106
06/10/2002,ADW,MD,AEA,EN,Towers with Radar,0,0,0,113,113,0,0,17,35,52,0,0,17,148,165,6,302,308,473
06/11/2002,ADW,MD,AEA,EN,Towers with Radar,0,0,3,118,121,0,0,2,38,40,0,0,5,156,161,0,246,246,407
06/12/2002,ADW,MD,AEA,EN,Towers with Radar,0,0,1,111,112,2,0,10,46,58,2,0,11,157,170,104,356,460,630
06/13/2002,ADW,MD,AEA,EN,Towers with Radar,0,0,0,116,116,0,0,6,6,12,0,0,6,122,128,0,60,60,188
06/14/2002,ADW,MD,AEA,EN,Towers with Radar,0,0,0,101,101,1,0,1,0,2,1,0,1,101,103,0,12,12,115
06/15/2002,ADW,MD,AEA,EN,Towers with Radar,0,0,0,56,56,0,0,3,11,14,0,0,3,67,70,0,90,90,160
06/16/2002,ADW,MD,AEA,EN,Towers with Radar,0,0,0,38,38,0,0,17,0,17,0,0,17,38,55,6,44,50,105
06/17/2002,ADW,MD,AEA,EN,Towers with Radar,0,0,2,136,138,0,0,12,37,49,0,0,14,173,187,0,180,180,367
06/18/2002,ADW,MD,AEA,EN,Towers with Radar,0,0,2,127,129,0,0,10,27,37,0,0,12,154,166,0,326,326,492
06/19/2002,ADW,MD,AEA,EN,Towers with Radar,0,0,2,128,130,0,0,6,35,41,0,0,8,163,171,0,232,232,403
06/20/2002,ADW,MD,AEA,EN,Towers with Radar,0,0,2,136,138,0,0,7,44,51,0,0,9,180,189,0,238,238,427
06/21/2002,ADW,MD,AEA,EN,Towers with Radar,0,0,2,141,143,0,0,7,47,54,0,0,9,188,197,0,164,164,361
06/22/2002,ADW,MD,AEA,EN,Towers with Radar,0,0,0,51,51,0,0,21,9,30,0,0,21,60,81,0,44,44,125
06/23/2002,ADW,MD,AEA,EN,Towers with Radar,0,0,0,60,60,1,0,15,7,23,1,0,15,67,83,0,60,60,143
06/24/2002,ADW,MD,AEA,EN,Towers with Radar,0,0,2,120,122,1,0,20,41,62,1,0,22,161,184,4,232,236,420
06/25/2002,ADW,MD,AEA,EN,Towers with Radar,0,0,2,130,132,0,0,15,34,49,0,0,17,164,181,0,338,338,519
06/26/2002,ADW,MD,AEA,EN,Towers with Radar,0,0,2,173,175,0,0,14,62,76,0,0,16,235,251,0,484,484,735
06/27/2002,ADW,MD,AEA,EN,Towers with Radar,0,0,2,139,141,0,0,9,29,38,0,0,11,168,179,0,226,226,405
06/28/2002,ADW,MD,AEA,EN,Towers with Radar,0,0,2,160,162,0,0,14,47,61,0,0,16,207,223,2,290,292,515
06/29/2002,ADW,MD,AEA,EN,Towers with Radar,0,0,0,60,60,0,0,16,4,20,0,0,16,64,80,3,8,11,91
06/30/2002,ADW,MD,AEA,EN,Towers with Radar,0,0,0,50,50,0,0,14,3,17,0,0,14,53,67,0,28,28,95
07/01/2002,ADW,MD,AEA,EN,Towers with Radar,0,0,1,122,123,0,0,15,42,57,0,0,16,164,180,0,264,264,444
07/02/2002,ADW,MD,AEA,EN,Towers with Radar,0,0,2,125,127,0,0,5,47,52,0,0,7,172,179,0,202,202,381
07/03/2002,ADW,MD,AEA,EN,Towers with Radar,0,0,2,90,92,0,0,6,45,51,0,0,8,135,143,0,152,152,295
07/04/2002,ADW,MD,AEA,EN,Towers with Radar,0,0,0,27,27,0,0,16,1,17,0,0,16,28,44,2,18,20,64
07/05/2002,ADW,MD,AEA,EN,Towers with Radar,1,0,0,36,37,1,0,18,16,35,2,0,18,52,72,8,130,138,210
07/06/2002,ADW,MD,AEA,EN,Towers with Radar,0,0,0,23,23,0,0,8,0,8,0,0,8,23,31,0,30,30,61
07/07/2002,ADW,MD,AEA,EN,Towers with Radar,0,0,0,48,48,0,0,11,0,11,0,0,11,48,59,2,8,10,69
07/08/2002,ADW,MD,AEA,EN,Towers with Radar,0,0,1,140,141,0,0,6,26,32,0,0,7,166,173,0,212,212,385
07/09/2002,ADW,MD,AEA,EN,Towers with Radar,0,0,2,145,147,0,0,11,43,54,0,0,13,188,201,0,172,172,373
07/10/2002,ADW,MD,AEA,EN,Towers with Radar,0,0,3,137,140,0,0,9,46,55,0,0,12,183,195,0,152,152,347
07/11/2002,ADW,MD,AEA,EN,Towers with Radar,0,0,3,122,125,0,0,6,34,40,0,0,9,156,165,0,196,196,361
07/12/2002,ADW,MD,AEA,EN,Towers with Radar,0,0,2,120,122,0,0,4,53,57,0,0,6,173,179,0,246,246,425
07/13/2002,ADW,MD,AEA,EN,Towers with Radar,1,0,0,56,57,0,0,4,19,23,1,0,4,75,80,0,144,144,224
07/14/2002,ADW,MD,AEA,EN,Towers with Radar,1,0,0,54,55,0,0,10,0,10,1,0,10,54,65,0,0,0,65
07/15/2002,ADW,MD,AEA,EN,Towers with Radar,1,0,2,134,137,3,2,14,66,85,4,2,16,200,222,4,224,228,450
07/16/2002,ADW,MD,AEA,EN,Towers with Radar,0,0,2,133,135,0,0,22,30,52,0,0,24,163,187,0,178,178,365
07/17/2002,ADW,MD,AEA,EN,Towers with Radar,0,0,2,133,135,0,0,24,60,84,0,0,26,193,219,2,322,324,543
07/18/2002,ADW,MD,AEA,EN,Towers with Radar,0,0,2,122,124,0,0,5,37,42,0,0,7,159,166,0,156,156,322
07/19/2002,ADW,MD,AEA,EN,Towers with Radar,0,0,2,134,136,1,0,8,58,67,1,0,10,192,203,0,166,166,369
07/20/2002,ADW,MD,AEA,EN,Towers with Radar,0,0,0,48,48,0,0,13,12,25,0,0,13,60,73,0,98,98,171
07/21/2002,ADW,MD,AEA,EN,Towers with Radar,0,0,0,50,50,0,0,11,8,19,0,0,11,58,69,0,38,38,107
07/22/2002,ADW,MD,AEA,EN,Towers with Radar,0,0,1,108,109,1,0,4,49,54,1,0,5,157,163,0,224,224,387
07/23/2002,ADW,MD,AEA,EN,Towers with Radar,0,0,2,113,115,0,0,10,47,57,0,0,12,160,172,0,294,294,466
07/24/2002,ADW,MD,AEA,EN,Towers with Radar,0,0,2,139,141,0,0,7,49,56,0,0,9,188,197,0,226,226,423
07/25/2002,ADW,MD,AEA,EN,Towers with Radar,0,0,2,132,134,1,0,10,33,44,1,0,12,165,178,0,140,140,318
07/26/2002,ADW,MD,AEA,EN,Towers with Radar,0,0,1,95,96,0,0,2,24,26,0,0,3,119,122,2,98,100,222
07/27/2002,ADW,MD,AEA,EN,Towers with Radar,0,0,0,77,77,0,0,3,7,10,0,0,3,84,87,0,130,130,217
07/28/2002,ADW,MD,AEA,EN,Towers with Radar,0,0,0,42,42,0,3,17,0,20,0,3,17,42,62,0,18,18,80
07/29/2002,ADW,MD,AEA,EN,Towers with Radar,0,0,2,111,113,2,0,5,51,58,2,0,7,162,171,0,154,154,325
07/30/2002,ADW,MD,AEA,EN,Towers with Radar,0,0,1,109,110,0,0,3,39,42,0,0,4,148,152,0,146,146,298
07/31/2002,ADW,MD,AEA,EN,Towers with Radar,0,0,2,126,128,1,0,12,55,68,1,0,14,181,196,0,280,280,476
08/01/2002,ADW,MD,AEA,EN,Towers with Radar,0,0,0,109,109,0,0,12,38,50,0,0,12,147,159,0,276,276,435
08/02/2002,ADW,MD,AEA,EN,Towers with Radar,1,0,2,145,148,0,0,11,34,45,1,0,13,179,193,0,278,278,471
08/03/2002,ADW,MD,AEA,EN,Towers with Radar,0,0,0,75,75,0,0,10,11,21,0,0,10,86,96,0,68,68,164
08/04/2002,ADW,MD,AEA,EN,Towers with Radar,0,0,0,49,49,0,0,15,0,15,0,0,15,49,64,4,2,6,70
08/05/2002,ADW,MD,AEA,EN,Towers with Radar,0,0,1,96,97,1,0,15,32,48,1,0,16,128,145,2,168,170,315
08/06/2002,ADW,MD,AEA,EN,Towers with Radar,0,0,3,125,128,2,0,19,50,71,2,0,22,175,199,32,278,310,509
08/07/2002,ADW,MD,AEA,EN,Towers with Radar,0,0,3,134,137,0,0,3,58,61,0,0,6,192,198,0,288,288,486
08/08/2002,ADW,MD,AEA,EN,Towers with Radar,0,0,3,122,125,0,0,11,36,47,0,0,14,158,172,0,266,266,438
08/09/2002,ADW,MD,AEA,EN,Towers with Radar,0,0,1,95,96,0,0,19,30,49,0,0,20,125,145,6,120,126,271
08/10/2002,ADW,MD,AEA,EN,Towers with Radar,0,0,1,45,46,0,0,22,8,30,0,0,23,53,76,0,18,18,94
08/11/2002,ADW,MD,AEA,EN,Towers with Radar,0,0,1,52,53,0,0,9,0,9,0,0,10,52,62,0,24,24,86
08/12/2002,ADW,MD,AEA,EN,Towers with Radar,0,0,1,106,107,0,0,22,52,74,0,0,23,158,181,10,146,156,337
08/13/2002,ADW,MD,AEA,EN,Towers with Radar,0,0,1,110,111,0,0,10,30,40,0,0,11,140,151,2,196,198,349
08/14/2002,ADW,MD,AEA,EN,Towers with Radar,0,0,3,147,150,0,0,17,44,61,0,0,20,191,211,0,376,376,587
08/15/2002,ADW,MD,AEA,EN,Towers with Radar,0,0,1,138,139,0,0,11,24,35,0,0,12,162,174,0,190,190,364
08/16/2002,ADW,MD,AEA,EN,Towers with Radar,0,0,0,101,101,0,0,10,42,52,0,0,10,143,153,0,206,206,359
08/17/2002,ADW,MD,AEA,EN,Towers with Radar,0,0,0,25,25,0,0,7,0,7,0,0,7,25,32,0,26,26,58
08/18/2002,ADW,MD,AEA,EN,Towers with Radar,0,0,0,35,35,0,0,9,12,21,0,0,9,47,56,0,20,20,76
08/19/2002,ADW,MD,AEA,EN,Towers with Radar,0,0,1,128,129,0,0,8,48,56,0,0,9,176,185,0,200,200,385
08/20/2002,ADW,MD,AEA,EN,Towers with Radar,0,0,1,123,124,0,0,10,41,51,0,0,11,164,175,0,164,164,339
08/21/2002,ADW,MD,AEA,EN,Towers with Radar,0,0,0,123,123,0,0,0,48,48,0,0,0,171,171,1,258,259,430
08/22/2002,ADW,MD,AEA,EN,Towers with Radar,0,0,1,130,131,0,0,11,36,47,0,0,12,166,178,0,296,296,474
08/23/2002,ADW,MD,AEA,EN,Towers with Radar,0,0,0,86,86,0,0,6,34,40,0,0,6,120,126,0,174,174,300
08/24/2002,ADW,MD,AEA,EN,Towers with Radar,0,0,0,43,43,0,0,3,12,15,0,0,3,55,58,0,66,66,124
08/25/2002,ADW,MD,AEA,EN,Towers with Radar,0,0,0,75,75,0,0,9,4,13,0,0,9,79,88,0,10,10,98
08/26/2002,ADW,MD,AEA,EN,Towers with Radar,0,0,0,85,85,0,0,6,41,47,0,0,6,126,132,0,168,168,300
08/27/2002,ADW,MD,AEA,EN,Towers with Radar,0,0,0,115,115,0,0,9,21,30,0,0,9,136,145,0,190,190,335
08/28/2002,ADW,MD,AEA,EN,Towers with Radar,0,0,0,109,109,0,0,2,19,21,0,0,2,128,130,4,72,76,206
08/29/2002,ADW,MD,AEA,EN,Towers with Radar,0,0,0,106,106,0,0,8,26,34,0,0,8,132,140,0,138,138,278
08/30/2002,ADW,MD,AEA,EN,Towers with Radar,0,0,0,90,90,0,0,11,27,38,0,0,11,117,128,2,164,166,294
08/31/2002,ADW,MD,AEA,EN,Towers with Radar,0,0,0,27,27,0,0,5,20,25,0,0,5,47,52,0,53,53,105
09/01/2002,ADW,MD,AEA,EN,Towers with Radar,0,0,0,0,0,0,0,0,34,34,0,0,0,34,34,0,0,0,34
09/02/2002,ADW,MD,AEA,EN,Towers with Radar,0,0,0,49,49,0,0,8,7,15,0,0,8,56,64,0,52,52,116
09/03/2002,ADW,MD,AEA,EN,Towers with Radar,0,0,3,172,175,0,0,8,22,30,0,0,11,194,205,0,344,344,549
09/04/2002,ADW,MD,AEA,EN,Towers with Radar,0,0,4,164,168,0,0,2,56,58,0,0,6,220,226,0,284,284,510
09/05/2002,ADW,MD,AEA,EN,Towers with Radar,1,0,0,125,126,0,1,11,36,48,1,1,11,161,174,0,318,318,492
09/06/2002,ADW,MD,AEA,EN,Towers with Radar,0,0,3,140,143,0,0,13,45,58,0,0,16,185,201,0,270,270,471
09/07/2002,ADW,MD,AEA,EN,Towers with Radar,1,0,0,82,83,0,1,27,19,47,1,1,27,101,130,6,60,66,196
09/08/2002,ADW,MD,AEA,EN,Towers with Radar,0,0,0,72,72,0,0,14,10,24,0,0,14,82,96,0,66,66,162
09/09/2002,ADW,MD,AEA,EN,Towers with Radar,0,0,0,115,115,1,0,18,3,22,1,0,18,118,137,10,230,240,377
09/10/2002,ADW,MD,AEA,EN,Towers with Radar,0,0,3,136,139,0,0,7,44,51,0,0,10,180,190,0,292,292,482
09/11/2002,ADW,MD,AEA,EN,Towers with Radar,0,0,0,123,123,1,0,9,24,34,1,0,9,147,157,0,180,180,337
09/12/2002,ADW,MD,AEA,EN,Towers with Radar,0,0,0,129,129,0,0,9,32,41,0,0,9,161,170,0,250,250,420
09/13/2002,ADW,MD,AEA,EN,Towers with Radar,0,0,0,130,130,1,0,14,37,52,1,0,14,167,182,0,302,302,484
09/14/2002,ADW,MD,AEA,EN,Towers with Radar,0,0,0,52,52,0,0,8,7,15,0,0,8,59,67,18,4,22,89
09/15/2002,ADW,MD,AEA,EN,Towers with Radar,0,0,0,53,53,0,0,8,3,11,0,0,8,56,64,0,34,34,98
09/16/2002,ADW,MD,AEA,EN,Towers with Radar,0,0,0,106,106,1,0,10,31,42,1,0,10,137,148,8,230,238,386
09/17/2002,ADW,MD,AEA,EN,Towers with Radar,0,0,0,122,122,2,0,12,28,42,2,0,12,150,164,10,176,186,350
09/18/2002,ADW,MD,AEA,EN,Towers with Radar,0,0,3,155,158,0,0,9,46,55,0,0,12,201,213,0,264,264,477
09/19/2002,ADW,MD,AEA,EN,Towers with Radar,0,0,3,155,158,0,0,6,36,42,0,0,9,191,200,0,192,192,392
09/20/2002,ADW,MD,AEA,EN,Towers with Radar,0,0,2,197,199,0,0,3,50,53,0,0,5,247,252,0,280,280,532
09/21/2002,ADW,MD,AEA,EN,Towers with Radar,0,0,0,46,46,0,0,4,7,11,0,0,4,53,57,0,8,8,65
09/22/2002,ADW,MD,AEA,EN,Towers with Radar,0,0,0,55,55,0,0,0,7,7,0,0,0,62,62,0,60,60,122
09/23/2002,ADW,MD,AEA,EN,Towers with Radar,0,0,0,131,131,0,0,15,48,63,0,0,15,179,194,10,290,300,494
09/24/2002,ADW,MD,AEA,EN,Towers with Radar,0,0,2,145,147,0,0,14,39,53,0,0,16,184,200,18,246,264,464
09/25/2002,ADW,MD,AEA,EN,Towers with Radar,0,0,2,171,173,0,0,11,52,63,0,0,13,223,236,4,284,288,524
09/26/2002,ADW,MD,AEA,EN,Towers with Radar,0,0,0,123,123,0,0,3,12,15,0,0,3,135,138,0,94,94,232
09/27/2002,ADW,MD,AEA,EN,Towers with Radar,0,0,0,116,116,0,0,6,21,27,0,0,6,137,143,0,86,86,229
09/28/2002,ADW,MD,AEA,EN,Towers with Radar,0,0,0,57,57,0,0,28,35,63,0,0,28,92,120,12,68,80,200
09/29/2002,ADW,MD,AEA,EN,Towers with Radar,0,0,0,52,52,0,0,12,1,13,0,0,12,53,65,8,28,36,101
09/30/2002,ADW,MD,AEA,EN,Towers with Radar,0,0,0,106,106,0,0,22,41,63,0,0,22,147,169,0,234,234,403
10/01/2002,ADW,MD,AEA,EN,Towers with Radar,0,0,1,128,129,0,0,8,29,37,0,0,9,157,166,36,310,346,512
10/02/2002,ADW,MD,AEA,EN,Towers with Radar,0,0,0,137,137,0,0,8,3,11,0,0,8,140,148,4,192,196,344
10/03/2002,ADW,MD,AEA,EN,Towers with Radar,0,0,1,131,132,0,0,16,40,56,0,0,17,171,188,40,228,268,456
10/04/2002,ADW,MD,AEA,EN,Towers with Radar,0,0,1,125,126,0,0,10,48,58,0,0,11,173,184,0,144,144,328
10/05/2002,ADW,MD,AEA,EN,Towers with Radar,0,0,0,63,63,0,0,12,20,32,0,0,12,83,95,0,58,58,153
10/06/2002,ADW,MD,AEA,EN,Towers with Radar,1,0,0,87,88,1,0,8,8,17,2,0,8,95,105,0,88,88,193
10/07/2002,ADW,MD,AEA,EN,Towers with Radar,0,0,2,110,112,0,0,8,34,42,0,0,10,144,154,0,162,162,316
10/08/2002,ADW,MD,AEA,EN,Towers with Radar,0,0,2,119,121,0,3,14,26,43,0,3,16,145,164,0,144,144,308
10/09/2002,ADW,MD,AEA,EN,Towers with Radar,0,0,2,137,139,0,0,7,42,49,0,0,9,179,188,0,226,226,414
10/10/2002,ADW,MD,AEA,EN,Towers with Radar,0,0,2,126,128,0,0,3,9,12,0,0,5,135,140,0,36,36,176
10/11/2002,ADW,MD,AEA,EN,Towers with Radar,0,0,0,68,68,0,0,4,0,4,0,0,4,68,72,0,20,20,92
10/12/2002,ADW,MD,AEA,EN,Towers with Radar,0,0,0,34,34,0,0,12,0,12,0,0,12,34,46,0,38,38,84
10/13/2002,ADW,MD,AEA,EN,Towers with Radar,0,0,0,36,36,0,0,0,7,7,0,0,0,43,43,0,0,0,43
10/14/2002,ADW,MD,AEA,EN,Towers with Radar,0,0,0,49,49,3,0,8,23,34,3,0,8,72,83,0,28,28,111
10/15/2002,ADW,MD,AEA,EN,Towers with Radar,0,0,2,153,155,1,0,12,33,46,1,0,14,186,201,0,260,260,461
10/16/2002,ADW,MD,AEA,EN,Towers with Radar,0,0,2,115,117,0,0,3,14,17,0,0,5,129,134,0,46,46,180
10/17/2002,ADW,MD,AEA,EN,Towers with Radar,0,0,2,144,146,0,0,18,42,60,0,0,20,186,206,0,152,152,358
10/18/2002,ADW,MD,AEA,EN,Towers with Radar,0,0,2,168,170,1,0,6,35,42,1,0,8,203,212,0,198,198,410
10/19/2002,ADW,MD,AEA,EN,Towers with Radar,0,0,0,75,75,0,0,13,3,16,0,0,13,78,91,2,86,88,179
10/20/2002,ADW,MD,AEA,EN,Towers with Radar,0,0,0,72,72,0,0,13,12,25,0,0,13,84,97,4,14,18,115
10/21/2002,ADW,MD,AEA,EN,Towers with Radar,0,0,1,124,125,1,0,10,32,43,1,0,11,156,168,0,326,326,494
10/22/2002,ADW,MD,AEA,EN,Towers with Radar,0,0,2,157,159,3,0,12,49,64,3,0,14,206,223,0,308,308,531
10/23/2002,ADW,MD,AEA,EN,Towers with Radar,0,0,2,168,170,0,0,15,54,69,0,0,17,222,239,0,407,407,646
10/24/2002,ADW,MD,AEA,EN,Towers with Radar,0,0,1,148,149,1,0,5,51,57,1,0,6,199,206,0,252,252,458
10/25/2002,ADW,MD,AEA,EN,Towers with Radar,0,0,2,127,129,1,0,4,48,53,1,0,6,175,182,0,198,198,380
10/26/2002,ADW,MD,AEA,EN,Towers with Radar,0,0,0,43,43,0,0,10,1,11,0,0,10,44,54,0,20,20,74
10/27/2002,ADW,MD,AEA,EN,Towers with Radar,0,0,0,50,50,0,0,8,3,11,0,0,8,53,61,0,6,6,67
10/28/2002,ADW,MD,AEA,EN,Towers with Radar,0,0,2,162,164,0,0,4,49,53,0,0,6,211,217,0,280,280,497
10/29/2002,ADW,MD,AEA,EN,Towers with Radar,0,0,1,120,121,0,0,6,13,19,0,0,7,133,140,0,124,124,264
10/30/2002,ADW,MD,AEA,EN,Towers with Radar,0,0,0,120,120,0,0,0,1,1,0,0,0,121,121,0,58,58,179
10/31/2002,ADW,MD,AEA,EN,Towers with Radar,0,0,2,132,134,2,0,11,40,53,2,0,13,172,187,8,268,276,463
11/01/2002,ADW,MD,AEA,EN,Towers with Radar,1,0,2,113,116,0,0,8,72,80,1,0,10,185,196,0,232,232,428
11/02/2002,ADW,MD,AEA,EN,Towers with Radar,1,0,1,63,65,0,0,10,36,46,1,0,11,99,111,2,98,100,211
11/03/2002,ADW,MD,AEA,EN,Towers with Radar,0,0,0,51,51,0,0,13,2,15,0,0,13,53,66,0,2,2,68
11/04/2002,ADW,MD,AEA,EN,Towers with Radar,0,0,2,101,103,0,0,1,52,53,0,0,3,153,156,0,154,154,310
11/05/2002,ADW,MD,AEA,EN,Towers with Radar,1,0,3,102,106,0,0,11,33,44,1,0,14,135,150,2,234,236,386
11/06/2002,ADW,MD,AEA,EN,Towers with Radar,0,0,2,106,108,0,0,1,50,51,0,0,3,156,159,0,218,218,377
11/07/2002,ADW,MD,AEA,EN,Towers with Radar,0,0,3,145,148,0,0,7,73,80,0,0,10,218,228,40,234,274,502
11/08/2002,ADW,MD,AEA,EN,Towers with Radar,0,0,3,114,117,0,0,10,43,53,0,0,13,157,170,0,152,152,322
11/09/2002,ADW,MD,AEA,EN,Towers with Radar,0,0,0,46,46,0,0,14,10,24,0,0,14,56,70,0,74,74,144
11/10/2002,ADW,MD,AEA,EN,Towers with Radar,0,0,0,36,36,0,0,11,1,12,0,0,11,37,48,0,6,6,54
11/11/2002,ADW,MD,AEA,EN,Towers with Radar,0,0,0,43,43,0,0,8,9,17,0,0,8,52,60,0,34,34,94
11/12/2002,ADW,MD,AEA,EN,Towers with Radar,0,0,0,90,90,0,0,0,14,14,0,0,0,104,104,0,30,30,134
11/13/2002,ADW,MD,AEA,EN,Towers with Radar,0,0,3,148,151,0,0,8,59,67,0,0,11,207,218,8,330,338,556
11/14/2002,ADW,MD,AEA,EN,Towers with Radar,2,0,3,144,149,0,0,13,71,84,2,0,16,215,233,38,320,358,591
11/15/2002,ADW,MD,AEA,EN,Towers with Radar,0,0,2,138,140,0,0,8,34,42,0,0,10,172,182,0,221,221,403
11/16/2002,ADW,MD,AEA,EN,Towers with Radar,0,0,2,58,60,0,0,4,0,4,0,0,6,58,64,0,2,2,66
11/17/2002,ADW,MD,AEA,EN,Towers with Radar,0,0,0,52,52,0,0,0,10,10,0,0,0,62,62,0,0,0,62
11/18/2002,ADW,MD,AEA,EN,Towers with Radar,1,0,2,121,124,0,0,2,60,62,1,0,4,181,186,0,100,100,286
11/19/2002,ADW,MD,AEA,EN,Towers with Radar,0,0,4,178,182,0,0,8,21,29,0,0,12,199,211,42,288,330,541
11/20/2002,ADW,MD,AEA,EN,Towers with Radar,0,0,3,151,154,0,0,5,47,52,0,0,8,198,206,2,216,218,424
11/21/2002,ADW,MD,AEA,EN,Towers with Radar,0,0,3,115,118,0,0,1,34,35,0,0,4,149,153,0,156,156,309
11/22/2002,ADW,MD,AEA,EN,Towers with Radar,0,0,2,118,120,0,0,7,0,7,0,0,9,118,127,0,174,174,301
11/23/2002,ADW,MD,AEA,EN,Towers with Radar,0,0,0,49,49,1,0,13,25,39,1,0,13,74,88,0,62,62,150
11/24/2002,ADW,MD,AEA,EN,Towers with Radar,0,0,2,56,58,1,0,6,20,27,1,0,8,76,85,0,110,110,195
11/25/2002,ADW,MD,AEA,EN,Towers with Radar,0,0,3,152,155,0,0,15,21,36,0,0,18,173,191,10,204,214,405
11/26/2002,ADW,MD,AEA,EN,Towers with Radar,0,0,2,135,137,0,0,12,10,22,0,0,14,145,159,28,200,228,387
11/27/2002,ADW,MD,AEA,EN,Towers with Radar,0,0,2,83,85,0,0,2,49,51,0,0,4,132,136,8,110,118,254
11/28/2002,ADW,MD,AEA,EN,Towers with Radar,0,0,0,7,7,0,0,2,0,2,0,0,2,7,9,0,0,0,9
11/29/2002,ADW,MD,AEA,EN,Towers with Radar,0,0,0,22,22,0,0,8,21,29,0,0,8,43,51,0,26,26,77
11/30/2002,ADW,MD,AEA,EN,Towers with Radar,0,0,0,14,14,0,0,20,10,30,0,0,20,24,44,2,0,2,46
12/01/2002,ADW,MD,AEA,EN,Towers with Radar,1,0,0,53,54,0,0,15,5,20,1,0,15,58,74,8,36,44,118
12/02/2002,ADW,MD,AEA,EN,Towers with Radar,0,0,2,118,120,0,0,10,44,54,0,0,12,162,174,0,146,146,320
12/03/2002,ADW,MD,AEA,EN,Towers with Radar,1,0,3,161,165,0,0,6,66,72,1,0,9,227,237,0,320,320,557
12/04/2002,ADW,MD,AEA,EN,Towers with Radar,0,0,4,162,166,0,0,7,48,55,0,0,11,210,221,4,269,273,494
12/05/2002,ADW,MD,AEA,EN,Towers with Radar,0,0,1,28,29,0,0,3,3,6,0,0,4,31,35,0,0,0,35
12/06/2002,ADW,MD,AEA,EN,Towers with Radar,0,0,3,87,90,0,0,2,48,50,0,0,5,135,140,0,78,78,218
12/07/2002,ADW,MD,AEA,EN,Towers with Radar,0,0,0,57,57,0,0,18,16,34,0,0,18,73,91,0,100,100,191
12/08/2002,ADW,MD,AEA,EN,Towers with Radar,0,0,0,50,50,0,0,14,14,28,0,0,14,64,78,0,60,60,138
12/09/2002,ADW,MD,AEA,EN,Towers with Radar,0,0,0,88,88,0,0,0,54,54,0,0,0,142,142,0,204,204,346
12/10/2002,ADW,MD,AEA,EN,Towers with Radar,0,0,3,168,171,0,0,3,31,34,0,0,6,199,205,0,406,406,611
12/11/2002,ADW,MD,AEA,EN,Towers with Radar,0,0,0,75,75,0,0,0,0,0,0,0,0,75,75,0,50,50,125
12/12/2002,ADW,MD,AEA,EN,Towers with Radar,0,0,3,164,167,0,0,8,45,53,0,0,11,209,220,0,262,262,482
12/13/2002,ADW,MD,AEA,EN,Towers with Radar,0,0,2,80,82,0,0,10,20,30,0,0,12,100,112,0,38,38,150
12/14/2002,ADW,MD,AEA,EN,Towers with Radar,0,0,0,46,46,0,0,4,18,22,0,0,4,64,68,0,50,50,118
12/15/2002,ADW,MD,AEA,EN,Towers with Radar,0,0,0,48,48,0,0,8,14,22,0,0,8,62,70,0,14,14,84
12/16/2002,ADW,MD,AEA,EN,Towers with Radar,0,0,1,118,119,0,0,16,26,42,0,0,17,144,161,4,172,176,337
12/17/2002,ADW,MD,AEA,EN,Towers with Radar,0,0,1,129,130,0,0,14,70,84,0,0,15,199,214,22,384,406,620
12/18/2002,ADW,MD,AEA,EN,Towers with Radar,0,0,3,182,185,0,0,3,16,19,0,0,6,198,204,0,356,356,560
12/19/2002,ADW,MD,AEA,EN,Towers with Radar,0,0,1,142,143,0,0,2,34,36,0,0,3,176,179,0,302,302,481
12/20/2002,ADW,MD,AEA,EN,Towers with Radar,0,0,1,93,94,0,0,7,25,32,0,0,8,118,126,28,184,212,338
12/21/2002,ADW,MD,AEA,EN,Towers with Radar,0,0,0,34,34,0,0,8,27,35,0,0,8,61,69,20,74,94,163
12/22/2002,ADW,MD,AEA,EN,Towers with Radar,0,0,0,33,33,1,0,18,0,19,1,0,18,33,52,12,8,20,72
12/23/2002,ADW,MD,AEA,EN,Towers with Radar,0,0,1,132,133,0,0,8,42,50,0,0,9,174,183,0,332,332,515
12/24/2002,ADW,MD,AEA,EN,Towers with Radar,0,0,0,22,22,0,0,8,7,15,0,0,8,29,37,0,84,84,121
12/25/2002,ADW,MD,AEA,EN,Towers with Radar,0,0,0,5,5,0,0,2,0,2,0,0,2,5,7,0,6,6,13
12/26/2002,ADW,MD,AEA,EN,Towers with Radar,0,0,0,42,42,0,0,9,20,29,0,0,9,62,71,0,122,122,193
12/27/2002,ADW,MD,AEA,EN,Towers with Radar,0,0,1,92,93,0,0,9,35,44,0,0,10,127,137,0,252,252,389
12/28/2002,ADW,MD,AEA,EN,Towers with Radar,0,0,0,29,29,0,0,6,9,15,0,0,6,38,44,0,14,14,58
12/29/2002,ADW,MD,AEA,EN,Towers with Radar,0,0,0,32,32,0,0,11,9,20,0,0,11,41,52,0,58,58,110
12/30/2002,ADW,MD,AEA,EN,Towers with Radar,0,0,1,84,85,0,0,6,37,43,0,0,7,121,128,8,174,182,310
12/31/2002,ADW,MD,AEA,EN,Towers with Radar,0,0,0,49,49,0,0,4,17,21,0,0,4,66,70,0,220,220,290
01/01/2003,ADW,MD,AEA,EN,Towers with Radar,0,0,0,9,9,0,0,0,0,0,0,0,0,9,9,0,2,2,11
01/02/2003,ADW,MD,AEA,EN,Towers with Radar,0,0,0,93,93,0,0,2,45,47,0,0,2,138,140,2,314,316,456
01/03/2003,ADW,MD,AEA,EN,Towers with Radar,0,0,0,64,64,0,0,4,3,7,0,0,4,67,71,0,16,16,87
01/04/2003,ADW,MD,AEA,EN,Towers with Radar,0,0,0,21,21,0,0,13,17,30,0,0,13,38,51,0,38,38,89
01/05/2003,ADW,MD,AEA,EN,Towers with Radar,0,0,0,39,39,0,0,1,1,2,0,0,1,40,41,0,8,8,49
01/06/2003,ADW,MD,AEA,EN,Towers with Radar,1,0,2,118,121,1,0,3,17,21,2,0,5,135,142,0,258,258,400
01/07/2003,ADW,MD,AEA,EN,Towers with Radar,0,0,2,167,169,0,0,13,46,59,0,0,15,213,228,0,360,360,588
01/08/2003,ADW,MD,AEA,EN,Towers with Radar,0,0,3,214,217,0,0,6,32,38,0,0,9,246,255,0,364,364,619
01/09/2003,ADW,MD,AEA,EN,Towers with Radar,0,0,3,167,170,0,0,8,60,68,0,0,11,227,238,18,368,386,624
01/10/2003,ADW,MD,AEA,EN,Towers with Radar,0,0,2,122,124,0,0,2,28,30,0,0,4,150,154,0,248,248,402
01/11/2003,ADW,MD,AEA,EN,Towers with Radar,0,0,0,52,52,1,0,4,20,25,1,0,4,72,77,0,58,58,135
01/12/2003,ADW,MD,AEA,EN,Towers with Radar,0,0,0,62,62,0,0,5,21,26,0,0,5,83,88,2,70,72,160
01/13/2003,ADW,MD,AEA,EN,Towers with Radar,0,0,2,125,127,0,0,10,26,36,0,0,12,151,163,0,378,378,541
01/14/2003,ADW,MD,AEA,EN,Towers with Radar,0,0,0,112,112,0,0,11,38,49,0,0,11,150,161,0,316,316,477
01/15/2003,ADW,MD,AEA,EN,Towers with Radar,0,0,0,114,114,0,0,9,41,50,0,0,9,155,164,0,202,202,366
01/16/2003,ADW,MD,AEA,EN,Towers with Radar,0,0,0,106,106,1,0,3,56,60,1,0,3,162,166,4,186,190,356
01/17/2003,ADW,MD,AEA,EN,Towers with Radar,0,0,0,69,69,0,0,2,39,41,0,0,2,108,110,2,28,30,140
01/18/2003,ADW,MD,AEA,EN,Towers with Radar,0,0,0,44,44,0,0,10,7,17,0,0,10,51,61,0,42,42,103
01/19/2003,ADW,MD,AEA,EN,Towers with Radar,0,0,0,30,30,0,0,8,6,14,0,0,8,36,44,0,8,8,52
01/20/2003,ADW,MD,AEA,EN,Towers with Radar,0,0,0,51,51,0,0,1,0,1,0,0,1,51,52,0,40,40,92
01/21/2003,ADW,MD,AEA,EN,Towers with Radar,0,0,2,118,120,0,0,7,47,54,0,0,9,165,174,0,176,176,350
01/22/2003,ADW,MD,AEA,EN,Towers with Radar,0,0,2,175,177,0,1,0,34,35,0,1,2,209,212,0,320,320,532
01/23/2003,ADW,MD,AEA,EN,Towers with Radar,0,0,2,147,149,0,0,0,32,32,0,0,2,179,181,0,224,224,405
01/24/2003,ADW,MD,AEA,EN,Towers with Radar,0,0,2,144,146,0,0,0,39,39,0,0,2,183,185,2,30,32,217
01/25/2003,ADW,MD,AEA,EN,Towers with Radar,0,0,0,44,44,0,0,13,6,19,0,0,13,50,63,0,54,54,117
01/26/2003,ADW,MD,AEA,EN,Towers with Radar,0,0,0,48,48,0,0,11,6,17,0,0,11,54,65,2,18,20,85
01/27/2003,ADW,MD,AEA,EN,Towers with Radar,0,0,2,121,123,0,0,7,45,52,0,0,9,166,175,30,168,198,373
01/28/2003,ADW,MD,AEA,EN,Towers with Radar,0,0,2,199,201,0,0,6,0,6,0,0,8,199,207,14,270,284,491
01/29/2003,ADW,MD,AEA,EN,Towers with Radar,0,0,0,116,116,1,0,4,14,19,1,0,4,130,135,0,86,86,221
01/30/2003,ADW,MD,AEA,EN,Towers with Radar,0,0,0,108,108,1,0,4,46,51,1,0,4,154,159,0,190,190,349
01/31/2003,ADW,MD,AEA,EN,Towers with Radar,0,0,0,66,66,0,0,0,5,5,0,0,0,71,71,0,0,0,71
02/01/2003,ADW,MD,AEA,EN,Towers with Radar,0,0,1,62,63,0,0,3,19,22,0,0,4,81,85,0,88,88,173
02/02/2003,ADW,MD,AEA,EN,Towers with Radar,0,0,1,53,54,0,0,9,25,34,0,0,10,78,88,0,70,70,158
02/03/2003,ADW,MD,AEA,EN,Towers with Radar,1,0,3,98,102,0,0,7,25,32,1,0,10,123,134,0,194,194,328
02/04/2003,ADW,MD,AEA,EN,Towers with Radar,1,0,0,106,107,0,0,5,17,22,1,0,5,123,129,0,64,64,193
02/05/2003,ADW,MD,AEA,EN,Towers with Radar,1,0,5,14,20,0,0,6,142,148,1,0,11,156,168,0,226,226,394
02/06/2003,ADW,MD,AEA,EN,Towers with Radar,0,0,3,112,115,0,0,12,49,61,0,0,15,161,176,26,220,246,422
02/07/2003,ADW,MD,AEA,EN,Towers with Radar,0,1,0,56,57,0,1,4,8,13,0,2,4,64,70,0,20,20,90
02/08/2003,ADW,MD,AEA,EN,Towers with Radar,0,0,0,40,40,0,0,10,26,36,0,0,10,66,76,2,72,74,150
02/09/2003,ADW,MD,AEA,EN,Towers with Radar,0,0,0,83,83,0,0,4,17,21,0,0,4,100,104,0,48,48,152
02/10/2003,ADW,MD,AEA,EN,Towers with Radar,0,0,0,71,71,0,0,5,5,10,0,0,5,76,81,0,14,14,95
02/11/2003,ADW,MD,AEA,EN,Towers with Radar,0,0,1,133,134,0,0,5,52,57,0,0,6,185,191,2,282,284,475
02/12/2003,ADW,MD,AEA,EN,Towers with Radar,0,0,0,100,100,0,0,5,39,44,0,0,5,139,144,0,124,124,268
02/13/2003,ADW,MD,AEA,EN,Towers with Radar,0,0,2,140,142,1,0,7,29,37,1,0,9,169,179,0,152,152,331
02/14/2003,ADW,MD,AEA,EN,Towers with Radar,0,0,0,120,120,0,0,14,29,43,0,0,14,149,163,6,128,134,297
02/15/2003,ADW,MD,AEA,EN,Towers with Radar,0,0,0,38,38,0,0,0,2,2,0,0,0,40,40,0,14,14,54
02/16/2003,ADW,MD,AEA,EN,Towers with Radar,0,0,0,0,0,0,0,0,3,3,0,0,0,3,3,0,0,0,3
02/17/2003,ADW,MD,AEA,EN,Towers with Radar,0,0,0,4,4,0,0,2,0,2,0,0,2,4,6,2,2,4,10
02/18/2003,ADW,MD,AEA,EN,Towers with Radar,0,0,0,14,14,0,0,5,0,5,0,0,5,14,19,0,0,0,19
02/19/2003,ADW,MD,AEA,EN,Towers with Radar,2,0,1,80,83,0,0,5,11,16,2,0,6,91,99,0,50,50,149
02/20/2003,ADW,MD,AEA,EN,Towers with Radar,0,0,2,93,95,0,0,3,57,60,0,0,5,150,155,0,170,170,325
02/21/2003,ADW,MD,AEA,EN,Towers with Radar,0,0,0,87,87,0,0,4,25,29,0,0,4,112,116,6,150,156,272
02/22/2003,ADW,MD,AEA,EN,Towers with Radar,1,0,0,21,22,0,0,0,0,0,1,0,0,21,22,0,0,0,22
02/23/2003,ADW,MD,AEA,EN,Towers with Radar,1,0,0,34,35,0,0,4,7,11,1,0,4,41,46,0,4,4,50
02/24/2003,ADW,MD,AEA,EN,Towers with Radar,0,0,0,137,137,0,0,14,33,47,0,0,14,170,184,2,294,296,480
02/25/2003,ADW,MD,AEA,EN,Towers with Radar,0,0,0,135,135,0,0,7,41,48,0,0,7,176,183,0,288,288,471
02/26/2003,ADW,MD,AEA,EN,Towers with Radar,2,0,0,58,60,0,0,0,0,0,2,0,0,58,60,0,12,12,72
02/27/2003,ADW,MD,AEA,EN,Towers with Radar,0,0,0,70,70,0,0,3,0,3,0,0,3,70,73,0,24,24,97
02/28/2003,ADW,MD,AEA,EN,Towers with Radar,0,0,0,57,57,0,0,0,24,24,0,0,0,81,81,0,70,70,151
03/01/2003,ADW,MD,AEA,EN,Towers with Radar,0,0,0,49,49,0,0,4,6,10,0,0,4,55,59,0,12,12,71
03/02/2003,ADW,MD,AEA,EN,Towers with Radar,0,0,0,37,37,0,0,4,6,10,0,0,4,43,47,0,26,26,73
03/03/2003,ADW,MD,AEA,EN,Towers with Radar,0,0,0,113,113,0,0,5,47,52,0,0,5,160,165,0,162,162,327
03/04/2003,ADW,MD,AEA,EN,Towers with Radar,0,0,2,119,121,0,0,0,42,42,0,0,2,161,163,0,250,250,413
03/05/2003,ADW,MD,AEA,EN,Towers with Radar,0,0,0,119,119,0,0,19,39,58,0,0,19,158,177,0,330,330,507
03/06/2003,ADW,MD,AEA,EN,Towers with Radar,0,0,0,88,88,0,0,0,35,35,0,0,0,123,123,0,34,34,157
03/07/2003,ADW,MD,AEA,EN,Towers with Radar,0,0,0,137,137,2,0,0,19,21,2,0,0,156,158,0,186,186,344
03/08/2003,ADW,MD,AEA,EN,Towers with Radar,0,0,3,50,53,0,0,6,24,30,0,0,9,74,83,0,78,78,161
03/09/2003,ADW,MD,AEA,EN,Towers with Radar,0,0,0,34,34,0,0,10,1,11,0,0,10,35,45,0,4,4,49
03/10/2003,ADW,MD,AEA,EN,Towers with Radar,0,0,3,140,143,0,0,12,42,54,0,0,15,182,197,4,220,224,421
03/11/2003,ADW,MD,AEA,EN,Towers with Radar,0,0,0,158,158,0,0,1,25,26,0,0,1,183,184,0,316,316,500
03/12/2003,ADW,MD,AEA,EN,Towers with Radar,0,0,0,120,120,1,0,9,17,27,1,0,9,137,147,0,160,160,307
03/13/2003,ADW,MD,AEA,EN,Towers with Radar,0,0,0,129,129,0,0,10,46,56,0,0,10,175,185,2,234,236,421
03/14/2003,ADW,MD,AEA,EN,Towers with Radar,0,0,0,104,104,0,0,12,39,51,0,0,12,143,155,0,68,68,223
03/15/2003,ADW,MD,AEA,EN,Towers with Radar,0,0,0,22,22,0,0,11,17,28,0,0,11,39,50,0,48,48,98
03/16/2003,ADW,MD,AEA,EN,Towers with Radar,0,0,0,40,40,0,0,9,12,21,0,0,9,52,61,0,40,40,101
03/17/2003,ADW,MD,AEA,EN,Towers with Radar,0,0,3,83,86,0,0,4,22,26,0,0,7,105,112,2,76,78,190
03/18/2003,ADW,MD,AEA,EN,Towers with Radar,0,0,0,127,127,0,0,12,34,46,0,0,12,161,173,0,108,108,281
03/19/2003,ADW,MD,AEA,EN,Towers with Radar,0,0,2,97,99,0,0,11,26,37,0,0,13,123,136,0,118,118,254
03/20/2003,ADW,MD,AEA,EN,Towers with Radar,0,0,2,54,56,0,0,0,0,0,0,0,2,54,56,0,2,2,58
03/21/2003,ADW,MD,AEA,EN,Towers with Radar,0,0,0,92,92,0,0,4,3,7,0,0,4,95,99,0,2,2,101
03/22/2003,ADW,MD,AEA,EN,Towers with Radar,0,0,0,36,36,0,0,3,18,21,0,0,3,54,57,0,28,28,85
03/23/2003,ADW,MD,AEA,EN,Towers with Radar,0,0,0,30,30,0,0,2,13,15,0,0,2,43,45,0,8,8,53
03/24/2003,ADW,MD,AEA,EN,Towers with Radar,0,0,3,122,125,0,0,6,42,48,0,0,9,164,173,2,182,184,357
03/25/2003,ADW,MD,AEA,EN,Towers with Radar,0,0,3,108,111,1,0,11,33,45,1,0,14,141,156,0,204,204,360
03/26/2003,ADW,MD,AEA,EN,Towers with Radar,1,0,1,138,140,0,0,7,34,41,1,0,8,172,181,0,154,154,335
03/27/2003,ADW,MD,AEA,EN,Towers with Radar,0,0,0,108,108,0,0,7,44,51,0,0,7,152,159,16,158,174,333
03/28/2003,ADW,MD,AEA,EN,Towers with Radar,0,0,0,107,107,0,0,1,48,49,0,0,1,155,156,0,150,150,306
03/29/2003,ADW,MD,AEA,EN,Towers with Radar,0,0,0,28,28,0,0,0,10,10,0,0,0,38,38,0,12,12,50
03/30/2003,ADW,MD,AEA,EN,Towers with Radar,0,0,1,32,33,0,0,0,0,0,0,0,1,32,33,0,0,0,33
03/31/2003,ADW,MD,AEA,EN,Towers with Radar,0,0,0,97,97,0,0,7,36,43,0,0,7,133,140,0,46,46,186
04/01/2003,ADW,MD,AEA,EN,Towers with Radar,0,0,1,120,121,0,0,13,28,41,0,0,14,148,162,0,140,140,302
04/02/2003,ADW,MD,AEA,EN,Towers with Radar,0,0,0,102,102,0,0,3,57,60,0,0,3,159,162,0,202,202,364
04/03/2003,ADW,MD,AEA,EN,Towers with Radar,1,0,1,99,101,0,0,19,66,85,1,0,20,165,186,0,140,140,326
04/04/2003,ADW,MD,AEA,EN,Towers with Radar,0,0,1,94,95,0,0,4,2,6,0,0,5,96,101,0,12,12,113
04/05/2003,ADW,MD,AEA,EN,Towers with Radar,0,0,0,36,36,0,0,2,16,18,0,0,2,52,54,0,14,14,68
04/06/2003,ADW,MD,AEA,EN,Towers with Radar,0,0,1,52,53,0,0,6,6,12,0,0,7,58,65,0,0,0,65
04/07/2003,ADW,MD,AEA,EN,Towers with Radar,0,0,2,87,89,0,0,1,2,3,0,0,3,89,92,0,2,2,94
04/08/2003,ADW,MD,AEA,EN,Towers with Radar,2,0,0,95,97,0,0,0,1,1,2,0,0,96,98,0,2,2,100
04/09/2003,ADW,MD,AEA,EN,Towers with Radar,0,0,0,0,0,0,0,0,84,84,0,0,0,84,84,0,0,0,84
04/10/2003,ADW,MD,AEA,EN,Towers with Radar,0,0,0,111,111,0,0,3,62,65,0,0,3,173,176,0,114,114,290
04/11/2003,ADW,MD,AEA,EN,Towers with Radar,0,0,0,89,89,0,0,0,0,0,0,0,0,89,89,0,8,8,97
04/12/2003,ADW,MD,AEA,EN,Towers with Radar,0,0,0,62,62,0,0,2,24,26,0,0,2,86,88,0,34,34,122
04/13/2003,ADW,MD,AEA,EN,Towers with Radar,0,0,0,55,55,0,0,9,12,21,0,0,9,67,76,0,28,28,104
04/14/2003,ADW,MD,AEA,EN,Towers with Radar,2,0,0,118,120,0,0,6,38,44,2,0,6,156,164,0,142,142,306
04/15/2003,ADW,MD,AEA,EN,Towers with Radar,0,0,0,115,115,0,0,6,42,48,0,0,6,157,163,0,126,126,289
04/16/2003,ADW,MD,AEA,EN,Towers with Radar,0,0,0,104,104,0,0,8,36,44,0,0,8,140,148,0,134,134,282
04/17/2003,ADW,MD,AEA,EN,Towers with Radar,0,0,0,79,79,0,0,11,46,57,0,0,11,125,136,0,110,110,246
04/18/2003,ADW,MD,AEA,EN,Towers with Radar,0,0,0,51,51,0,0,0,0,0,0,0,0,51,51,0,2,2,53
04/19/2003,ADW,MD,AEA,EN,Towers with Radar,0,0,0,20,20,0,0,6,10,16,0,0,6,30,36,0,46,46,82
04/20/2003,ADW,MD,AEA,EN,Towers with Radar,0,0,0,17,17,0,0,9,3,12,0,0,9,20,29,0,16,16,45
04/21/2003,ADW,MD,AEA,EN,Towers with Radar,0,0,0,83,83,0,0,8,41,49,0,0,8,124,132,0,32,32,164
04/22/2003,ADW,MD,AEA,EN,Towers with Radar,0,0,2,102,104,0,0,6,40,46,0,0,8,142,150,0,62,62,212
04/23/2003,ADW,MD,AEA,EN,Towers with Radar,0,0,0,116,116,0,0,11,35,46,0,0,11,151,162,0,44,44,206
04/24/2003,ADW,MD,AEA,EN,Towers with Radar,0,0,0,109,109,0,0,14,29,43,0,0,14,138,152,4,106,110,262
04/25/2003,ADW,MD,AEA,EN,Towers with Radar,0,0,0,90,90,0,0,14,56,70,0,0,14,146,160,0,168,168,328
04/26/2003,ADW,MD,AEA,EN,Towers with Radar,0,0,0,54,54,0,0,1,24,25,0,0,1,78,79,0,68,68,147
04/27/2003,ADW,MD,AEA,EN,Towers with Radar,0,0,0,58,58,0,0,15,19,34,0,0,15,77,92,0,38,38,130
04/28/2003,ADW,MD,AEA,EN,Towers with Radar,0,0,1,109,110,0,0,7,42,49,0,0,8,151,159,2,70,72,231
04/29/2003,ADW,MD,AEA,EN,Towers with Radar,0,0,1,110,111,0,0,16,33,49,0,0,17,143,160,2,138,140,300
04/30/2003,ADW,MD,AEA,EN,Towers with Radar,2,0,0,105,107,0,0,0,32,32,2,0,0,137,139,0,46,46,185
05/01/2003,ADW,MD,AEA,EN,Towers with Radar,2,0,1,133,136,0,0,5,27,32,2,0,6,160,168,0,176,176,344
05/02/2003,ADW,MD,AEA,EN,Towers with Radar,1,0,1,100,102,0,0,12,48,60,1,0,13,148,162,0,156,156,318
05/03/2003,ADW,MD,AEA,EN,Towers with Radar,0,0,0,34,34,1,0,17,25,43,1,0,17,59,77,0,38,38,115
05/04/2003,ADW,MD,AEA,EN,Towers with Radar,0,0,0,46,46,0,0,12,8,20,0,0,12,54,66,0,22,22,88
05/05/2003,ADW,MD,AEA,EN,Towers with Radar,0,0,0,104,104,0,0,12,45,57,0,0,12,149,161,0,240,240,401
05/06/2003,ADW,MD,AEA,EN,Towers with Radar,0,0,4,94,98,0,0,3,19,22,0,0,7,113,120,0,142,142,262
05/07/2003,ADW,MD,AEA,EN,Towers with Radar,0,0,0,133,133,0,0,4,42,46,0,0,4,175,179,0,138,138,317
05/08/2003,ADW,MD,AEA,EN,Towers with Radar,0,0,3,109,112,0,0,6,50,56,0,0,9,159,168,4,122,126,294
05/09/2003,ADW,MD,AEA,EN,Towers with Radar,0,0,0,99,99,5,0,0,0,5,5,0,0,99,104,0,2,2,106
05/10/2003,ADW,MD,AEA,EN,Towers with Radar,2,0,0,29,31,0,0,5,7,12,2,0,5,36,43,0,4,4,47
05/11/2003,ADW,MD,AEA,EN,Towers with Radar,0,0,0,44,44,0,0,6,0,6,0,0,6,44,50,0,0,0,50
05/12/2003,ADW,MD,AEA,EN,Towers with Radar,0,0,0,84,84,0,0,8,38,46,0,0,8,122,130,2,70,72,202
05/13/2003,ADW,MD,AEA,EN,Towers with Radar,1,0,5,118,124,0,0,11,46,57,1,0,16,164,181,0,52,52,233
05/14/2003,ADW,MD,AEA,EN,Towers with Radar,0,0,2,131,133,0,0,36,37,73,0,0,38,168,206,0,164,164,370
05/15/2003,ADW,MD,AEA,EN,Towers with Radar,1,0,5,70,76,0,0,34,37,71,1,0,39,107,147,18,186,204,351
05/16/2003,ADW,MD,AEA,EN,Towers with Radar,0,0,0,11,11,0,0,2,0,2,0,0,2,11,13,0,18,18,31
05/17/2003,ADW,MD,AEA,EN,Towers with Radar,0,0,2,17,19,0,0,1,0,1,0,0,3,17,20,10,86,96,116
05/18/2003,ADW,MD,AEA,EN,Towers with Radar,0,0,0,16,16,0,0,11,8,19,0,0,11,24,35,6,36,42,77
05/19/2003,ADW,MD,AEA,EN,Towers with Radar,0,0,8,135,143,0,0,8,51,59,0,0,16,186,202,0,112,112,314
05/20/2003,ADW,MD,AEA,EN,Towers with Radar,0,0,2,131,133,0,0,11,68,79,0,0,13,199,212,0,42,42,254
05/21/2003,ADW,MD,AEA,EN,Towers with Radar,0,0,0,124,124,2,2,4,21,29,2,2,4,145,153,0,68,68,221
05/22/2003,ADW,MD,AEA,EN,Towers with Radar,0,0,1,120,121,0,0,6,38,44,0,0,7,158,165,0,178,178,343
05/23/2003,ADW,MD,AEA,EN,Towers with Radar,0,0,0,1,1,0,0,0,69,69,0,0,0,70,70,0,8,8,78
05/24/2003,ADW,MD,AEA,EN,Towers with Radar,0,0,0,29,29,0,0,6,19,25,0,0,6,48,54,0,60,60,114
05/25/2003,ADW,MD,AEA,EN,Towers with Radar,0,0,0,53,53,0,0,2,6,8,0,0,2,59,61,0,0,0,61
05/26/2003,ADW,MD,AEA,EN,Towers with Radar,0,0,1,46,47,0,0,2,6,8,0,0,3,52,55,0,18,18,73
05/27/2003,ADW,MD,AEA,EN,Towers with Radar,0,0,0,101,101,0,0,6,58,64,0,0,6,159,165,2,174,176,341
05/28/2003,ADW,MD,AEA,EN,Towers with Radar,0,0,0,81,81,0,0,3,23,26,0,0,3,104,107,0,70,70,177
05/29/2003,ADW,MD,AEA,EN,Towers with Radar,1,0,1,124,126,0,0,4,40,44,1,0,5,164,170,0,126,126,296
05/30/2003,ADW,MD,AEA,EN,Towers with Radar,0,0,0,107,107,0,0,11,34,45,0,0,11,141,152,0,52,52,204
05/31/2003,ADW,MD,AEA,EN,Towers with Radar,0,0,0,46,46,0,0,9,8,17,0,0,9,54,63,0,6,6,69
06/01/2003,ADW,MD,AEA,EN,Towers with Radar,0,0,1,45,46,0,0,1,11,12,0,0,2,56,58,0,20,20,78
06/02/2003,ADW,MD,AEA,EN,Towers with Radar,0,0,0,119,119,0,0,10,35,45,0,0,10,154,164,0,102,102,266
06/03/2003,ADW,MD,AEA,EN,Towers with Radar,0,0,0,133,133,0,0,8,49,57,0,0,8,182,190,0,166,166,356
06/04/2003,ADW,MD,AEA,EN,Towers with Radar,0,0,0,93,93,0,0,0,0,0,0,0,0,93,93,2,18,20,113
06/05/2003,ADW,MD,AEA,EN,Towers with Radar,0,0,5,143,148,0,0,6,64,70,0,0,11,207,218,0,160,160,378
06/06/2003,ADW,MD,AEA,EN,Towers with Radar,0,0,3,130,133,0,0,7,49,56,0,0,10,179,189,0,140,140,329
06/07/2003,ADW,MD,AEA,EN,Towers with Radar,0,0,0,39,39,0,0,5,8,13,0,0,5,47,52,0,10,10,62
06/08/2003,ADW,MD,AEA,EN,Towers with Radar,2,0,1,57,60,0,0,8,8,16,2,0,9,65,76,0,0,0,76
06/09/2003,ADW,MD,AEA,EN,Towers with Radar,0,0,1,115,116,0,0,12,37,49,0,0,13,152,165,0,112,112,277
06/10/2003,ADW,MD,AEA,EN,Towers with Radar,1,0,4,147,152,0,0,16,40,56,1,0,20,187,208,0,190,190,398
06/11/2003,ADW,MD,AEA,EN,Towers with Radar,2,0,1,137,140,0,0,8,48,56,2,0,9,185,196,0,172,172,368
06/12/2003,ADW,MD,AEA,EN,Towers with Radar,0,0,3,129,132,0,0,0,0,0,0,0,3,129,132,10,142,152,284
06/13/2003,ADW,MD,AEA,EN,Towers with Radar,0,0,1,104,105,0,0,3,22,25,0,0,4,126,130,0,80,80,210
06/14/2003,ADW,MD,AEA,EN,Towers with Radar,0,0,0,40,40,0,0,0,0,0,0,0,0,40,40,4,32,36,76
06/15/2003,ADW,MD,AEA,EN,Towers with Radar,1,0,1,53,55,0,0,12,5,17,1,0,13,58,72,0,6,6,78
06/16/2003,ADW,MD,AEA,EN,Towers with Radar,0,0,1,110,111,0,0,16,53,69,0,0,17,163,180,0,116,116,296
06/17/2003,ADW,MD,AEA,EN,Towers with Radar,0,0,1,112,113,0,0,8,28,36,0,0,9,140,149,0,58,58,207
06/18/2003,ADW,MD,AEA,EN,Towers with Radar,0,0,1,90,91,0,0,10,15,25,0,0,11,105,116,0,70,70,186
06/19/2003,ADW,MD,AEA,EN,Towers with Radar,1,3,0,107,111,0,0,0,0,0,1,3,0,107,111,0,24,24,135
06/20/2003,ADW,MD,AEA,EN,Towers with Radar,0,0,6,127,133,0,0,0,0,0,0,0,6,127,133,0,118,118,251
06/21/2003,ADW,MD,AEA,EN,Towers with Radar,1,0,1,59,61,0,0,4,17,21,1,0,5,76,82,0,58,58,140
06/22/2003,ADW,MD,AEA,EN,Towers with Radar,0,0,0,11,11,0,0,65,0,65,0,0,65,11,76,0,14,14,90
06/23/2003,ADW,MD,AEA,EN,Towers with Radar,0,0,0,92,92,0,0,18,48,66,0,0,18,140,158,0,68,68,226
06/24/2003,ADW,MD,AEA,EN,Towers with Radar,2,0,0,94,96,0,0,7,44,51,2,0,7,138,147,0,122,122,269
06/25/2003,ADW,MD,AEA,EN,Towers with Radar,0,2,1,143,146,0,0,7,34,41,0,2,8,177,187,0,124,124,311
06/26/2003,ADW,MD,AEA,EN,Towers with Radar,0,0,0,145,145,0,0,4,43,47,0,0,4,188,192,0,100,100,292
06/27/2003,ADW,MD,AEA,EN,Towers with Radar,1,0,0,121,122,0,0,0,0,0,1,0,0,121,122,0,64,64,186
06/28/2003,ADW,MD,AEA,EN,Towers with Radar,0,0,0,55,55,0,0,14,16,30,0,0,14,71,85,0,30,30,115
06/29/2003,ADW,MD,AEA,EN,Towers with Radar,0,0,0,57,57,0,0,12,3,15,0,0,12,60,72,0,0,0,72
06/30/2003,ADW,MD,AEA,EN,Towers with Radar,1,0,0,136,137,0,0,8,44,52,1,0,8,180,189,0,104,104,293
07/01/2003,ADW,MD,AEA,EN,Towers with Radar,0,0,0,127,127,0,0,9,45,54,0,0,9,172,181,0,120,120,301
07/02/2003,ADW,MD,AEA,EN,Towers with Radar,0,0,0,128,128,0,0,0,18,18,0,0,0,146,146,0,128,128,274
07/03/2003,ADW,MD,AEA,EN,Towers with Radar,0,0,0,68,68,0,0,4,11,15,0,0,4,79,83,0,8,8,91
07/04/2003,ADW,MD,AEA,EN,Towers with Radar,3,0,0,29,32,0,0,0,0,0,3,0,0,29,32,12,17,29,61
07/05/2003,ADW,MD,AEA,EN,Towers with Radar,0,0,0,25,25,0,0,9,12,21,0,0,9,37,46,0,0,0,46
07/06/2003,ADW,MD,AEA,EN,Towers with Radar,0,0,0,44,44,0,0,9,8,17,0,0,9,52,61,0,32,32,93
07/07/2003,ADW,MD,AEA,EN,Towers with Radar,1,0,2,81,84,0,0,9,50,59,1,0,11,131,143,0,164,164,307
07/08/2003,ADW,MD,AEA,EN,Towers with Radar,0,0,4,113,117,0,0,8,41,49,0,0,12,154,166,6,252,258,424
07/09/2003,ADW,MD,AEA,EN,Towers with Radar,1,0,0,121,122,0,0,10,41,51,1,0,10,162,173,0,144,144,317
07/10/2003,ADW,MD,AEA,EN,Towers with Radar,0,0,2,124,126,0,0,3,8,11,0,0,5,132,137,0,26,26,163
07/11/2003,ADW,MD,AEA,EN,Towers with Radar,0,0,0,120,120,0,0,13,33,46,0,0,13,153,166,0,132,132,298
07/12/2003,ADW,MD,AEA,EN,Towers with Radar,1,0,0,61,62,0,0,8,26,34,1,0,8,87,96,0,26,26,122
07/13/2003,ADW,MD,AEA,EN,Towers with Radar,0,0,5,68,73,0,0,14,12,26,0,0,19,80,99,0,20,20,119
07/14/2003,ADW,MD,AEA,EN,Towers with Radar,0,0,0,112,112,0,0,17,43,60,0,0,17,155,172,2,74,76,248
07/15/2003,ADW,MD,AEA,EN,Towers with Radar,0,0,2,138,140,0,0,6,40,46,0,0,8,178,186,0,118,118,304
07/16/2003,ADW,MD,AEA,EN,Towers with Radar,0,0,5,130,135,0,0,3,38,41,0,0,8,168,176,10,142,152,328
07/17/2003,ADW,MD,AEA,EN,Towers with Radar,3,0,4,127,134,0,0,13,50,63,3,0,17,177,197,0,86,86,283
07/18/2003,ADW,MD,AEA,EN,Towers with Radar,0,0,2,98,100,0,0,7,12,19,0,0,9,110,119,4,26,30,149
07/19/2003,ADW,MD,AEA,EN,Towers with Radar,0,0,1,54,55,0,0,14,12,26,0,0,15,66,81,0,56,56,137
07/20/2003,ADW,MD,AEA,EN,Towers with Radar,0,0,1,68,69,0,0,18,10,28,0,0,19,78,97,0,14,14,111
07/21/2003,ADW,MD,AEA,EN,Towers with Radar,2,0,7,115,124,0,0,13,39,52,2,0,20,154,176,14,106,120,296
07/22/2003,ADW,MD,AEA,EN,Towers with Radar,0,0,0,134,134,0,0,10,50,60,0,0,10,184,194,2,128,130,324
07/23/2003,ADW,MD,AEA,EN,Towers with Radar,1,0,11,141,153,0,0,0,31,31,1,0,11,172,184,2,138,140,324
07/24/2003,ADW,MD,AEA,EN,Towers with Radar,1,0,4,132,137,0,0,17,44,61,1,0,21,176,198,18,152,170,368
07/25/2003,ADW,MD,AEA,EN,Towers with Radar,0,0,2,120,122,0,0,6,46,52,0,0,8,166,174,0,142,142,316
07/26/2003,ADW,MD,AEA,EN,Towers with Radar,0,0,0,28,28,0,0,8,13,21,0,0,8,41,49,0,0,0,49
07/27/2003,ADW,MD,AEA,EN,Towers with Radar,0,0,0,48,48,0,0,7,4,11,0,0,7,52,59,0,18,18,77
07/28/2003,ADW,MD,AEA,EN,Towers with Radar,0,0,0,93,93,0,0,11,45,56,0,0,11,138,149,0,120,120,269
07/29/2003,ADW,MD,AEA,EN,Towers with Radar,0,0,0,92,92,0,0,10,40,50,0,0,10,132,142,0,130,130,272
07/30/2003,ADW,MD,AEA,EN,Towers with Radar,0,0,1,93,94,0,0,10,34,44,0,0,11,127,138,4,38,42,180
07/31/2003,ADW,MD,AEA,EN,Towers with Radar,0,0,3,142,145,0,0,11,38,49,0,0,14,180,194,8,134,142,336
08/01/2003,ADW,MD,AEA,EN,Towers with Radar,0,0,0,107,107,0,0,1,23,24,0,0,1,130,131,0,70,70,201
08/02/2003,ADW,MD,AEA,EN,Towers with Radar,0,0,1,47,48,0,0,5,12,17,0,0,6,59,65,0,14,14,79
08/03/2003,ADW,MD,AEA,EN,Towers with Radar,0,0,0,59,59,0,0,11,8,19,0,0,11,67,78,0,24,24,102
08/04/2003,ADW,MD,AEA,EN,Towers with Radar,0,0,5,67,72,0,0,7,36,43,0,0,12,103,115,26,68,94,209
08/05/2003,ADW,MD,AEA,EN,Towers with Radar,0,1,1,108,110,0,0,11,31,42,0,1,12,139,152,14,22,36,188
08/06/2003,ADW,MD,AEA,EN,Towers with Radar,0,0,1,121,122,0,0,6,37,43,0,0,7,158,165,0,44,44,209
08/07/2003,ADW,MD,AEA,EN,Towers with Radar,0,0,0,127,127,0,0,8,22,30,0,0,8,149,157,0,46,46,203
08/08/2003,ADW,MD,AEA,EN,Towers with Radar,0,0,1,119,120,0,0,2,55,57,0,0,3,174,177,0,96,96,273
08/09/2003,ADW,MD,AEA,EN,Towers with Radar,0,0,0,41,41,0,0,5,9,14,0,0,5,50,55,0,42,42,97
08/10/2003,ADW,MD,AEA,EN,Towers with Radar,0,0,1,75,76,0,0,11,6,17,0,0,12,81,93,0,6,6,99
08/11/2003,ADW,MD,AEA,EN,Towers with Radar,0,0,0,65,65,0,0,3,25,28,0,0,3,90,93,0,74,74,167
08/12/2003,ADW,MD,AEA,EN,Towers with Radar,0,0,2,89,91,0,0,6,38,44,0,0,8,127,135,0,156,156,291
08/13/2003,ADW,MD,AEA,EN,Towers with Radar,0,2,0,99,101,0,0,13,27,40,0,2,13,126,141,0,52,52,193
08/14/2003,ADW,MD,AEA,EN,Towers with Radar,0,1,4,137,142,0,0,4,32,36,0,1,8,169,178,0,86,86,264
08/15/2003,ADW,MD,AEA,EN,Towers with Radar,0,0,1,106,107,0,0,9,19,28,0,0,10,125,135,0,140,140,275
08/16/2003,ADW,MD,AEA,EN,Towers with Radar,0,0,1,62,63,0,0,11,5,16,0,0,12,67,79,2,6,8,87
08/17/2003,ADW,MD,AEA,EN,Towers with Radar,0,0,1,46,47,0,0,18,10,28,0,0,19,56,75,0,10,10,85
08/18/2003,ADW,MD,AEA,EN,Towers with Radar,0,0,0,80,80,0,0,5,43,48,0,0,5,123,128,0,72,72,200
08/19/2003,ADW,MD,AEA,EN,Towers with Radar,0,0,1,90,91,0,0,17,37,54,0,0,18,127,145,0,52,52,197
08/20/2003,ADW,MD,AEA,EN,Towers with Radar,0,0,3,108,111,0,0,8,21,29,0,0,11,129,140,0,44,44,184
08/21/2003,ADW,MD,AEA,EN,Towers with Radar,0,1,2,100,103,0,0,10,35,45,0,1,12,135,148,0,56,56,204
08/22/2003,ADW,MD,AEA,EN,Towers with Radar,0,0,4,95,99,0,0,4,24,28,0,0,8,119,127,0,140,140,267
08/23/2003,ADW,MD,AEA,EN,Towers with Radar,0,0,0,41,41,0,0,12,34,46,0,0,12,75,87,0,38,38,125
08/24/2003,ADW,MD,AEA,EN,Towers with Radar,0,0,0,57,57,0,0,9,12,21,0,0,9,69,78,0,34,34,112
08/25/2003,ADW,MD,AEA,EN,Towers with Radar,0,0,0,101,101,0,0,8,63,71,0,0,8,164,172,2,68,70,242
08/26/2003,ADW,MD,AEA,EN,Towers with Radar,0,0,5,75,80,0,0,2,35,37,0,0,7,110,117,0,72,72,189
08/27/2003,ADW,MD,AEA,EN,Towers with Radar,0,0,1,110,111,0,0,10,41,51,0,0,11,151,162,0,128,128,290
08/28/2003,ADW,MD,AEA,EN,Towers with Radar,0,0,0,103,103,0,0,8,34,42,0,0,8,137,145,0,38,38,183
08/29/2003,ADW,MD,AEA,EN,Towers with Radar,0,0,1,77,78,0,0,7,12,19,0,0,8,89,97,0,32,32,129
08/30/2003,ADW,MD,AEA,EN,Towers with Radar,0,0,0,44,44,0,0,12,16,28,0,0,12,60,72,0,10,10,82
08/31/2003,ADW,MD,AEA,EN,Towers with Radar,0,0,0,28,28,0,0,10,10,20,0,0,10,38,48,0,16,16,64
09/01/2003,ADW,MD,AEA,EN,Towers with Radar,1,0,1,47,49,0,0,9,16,25,1,0,10,63,74,0,8,8,82
09/02/2003,ADW,MD,AEA,EN,Towers with Radar,1,0,0,77,78,0,0,5,38,43,1,0,5,115,121,0,56,56,177
09/03/2003,ADW,MD,AEA,EN,Towers with Radar,0,0,2,101,103,0,0,0,12,12,0,0,2,113,115,0,28,28,143
09/04/2003,ADW,MD,AEA,EN,Towers with Radar,1,0,1,109,111,0,0,4,40,44,1,0,5,149,155,0,66,66,221
09/05/2003,ADW,MD,AEA,EN,Towers with Radar,2,0,0,100,102,0,0,9,40,49,2,0,9,140,151,0,10,10,161
09/06/2003,ADW,MD,AEA,EN,Towers with Radar,0,0,0,71,71,0,0,9,13,22,0,0,9,84,93,0,30,30,123
09/07/2003,ADW,MD,AEA,EN,Towers with Radar,0,0,0,88,88,0,0,12,8,20,0,0,12,96,108,0,2,2,110
09/08/2003,ADW,MD,AEA,EN,Towers with Radar,1,0,0,118,119,0,0,10,52,62,1,0,10,170,181,0,78,78,259
09/09/2003,ADW,MD,AEA,EN,Towers with Radar,1,0,1,116,118,0,0,5,52,57,1,0,6,168,175,0,82,82,257
09/10/2003,ADW,MD,AEA,EN,Towers with Radar,0,0,1,147,148,0,0,5,30,35,0,0,6,177,183,0,180,180,363
09/11/2003,ADW,MD,AEA,EN,Towers with Radar,2,0,0,140,142,0,0,15,41,56,2,0,15,181,198,4,70,74,272
09/12/2003,ADW,MD,AEA,EN,Towers with Radar,0,0,2,137,139,0,0,5,31,36,0,0,7,168,175,5,30,35,210
09/13/2003,ADW,MD,AEA,EN,Towers with Radar,1,0,0,61,62,0,0,3,7,10,1,0,3,68,72,0,0,0,72
09/14/2003,ADW,MD,AEA,EN,Towers with Radar,0,0,1,82,83,0,0,1,2,3,0,0,2,84,86,0,0,0,86
09/15/2003,ADW,MD,AEA,EN,Towers with Radar,1,0,0,130,131,0,0,4,22,26,1,0,4,152,157,0,68,68,225
09/16/2003,ADW,MD,AEA,EN,Towers with Radar,0,0,2,67,69,0,0,4,4,8,0,0,6,71,77,0,68,68,145
09/17/2003,ADW,MD,AEA,EN,Towers with Radar,0,0,0,81,81,0,0,8,5,13,0,0,8,86,94,0,0,0,94
09/18/2003,ADW,MD,AEA,EN,Towers with Radar,0,0,0,0,0,0,0,0,1,1,0,0,0,1,1,0,0,0,1
09/19/2003,ADW,MD,AEA,EN,Towers with Radar,0,0,1,40,41,0,0,0,0,0,0,0,1,40,41,0,2,2,43
09/20/2003,ADW,MD,AEA,EN,Towers with Radar,0,0,0,46,46,0,0,10,1,11,0,0,10,47,57,0,10,10,67
09/21/2003,ADW,MD,AEA,EN,Towers with Radar,0,0,1,48,49,0,0,11,1,12,0,0,12,49,61,12,4,16,77
09/22/2003,ADW,MD,AEA,EN,Towers with Radar,0,0,2,114,116,0,0,6,12,18,0,0,8,126,134,18,76,94,228
09/23/2003,ADW,MD,AEA,EN,Towers with Radar,0,0,4,32,36,0,0,0,85,85,0,0,4,117,121,0,96,96,217
09/24/2003,ADW,MD,AEA,EN,Towers with Radar,0,0,1,111,112,0,0,8,30,38,0,0,9,141,150,0,72,72,222
09/25/2003,ADW,MD,AEA,EN,Towers with Radar,0,0,2,148,150,0,0,12,29,41,0,0,14,177,191,0,148,148,339
09/26/2003,ADW,MD,AEA,EN,Towers with Radar,0,0,16,36,52,2,0,0,100,102,2,0,16,136,154,22,46,68,222
09/27/2003,ADW,MD,AEA,EN,Towers with Radar,0,0,0,0,0,49,0,15,0,64,49,0,15,0,64,0,30,30,94
09/28/2003,ADW,MD,AEA,EN,Towers with Radar,0,0,0,52,52,0,0,11,4,15,0,0,11,56,67,0,16,16,83
09/29/2003,ADW,MD,AEA,EN,Towers with Radar,0,0,4,106,110,0,0,5,5,10,0,0,9,111,120,0,16,16,136
09/30/2003,ADW,MD,AEA,EN,Towers with Radar,0,0,0,124,124,0,0,5,43,48,0,0,5,167,172,0,110,110,282
10/01/2003,ADW,MD,AEA,EN,Towers with Radar,1,0,0,123,124,0,0,8,40,48,1,0,8,163,172,2,118,120,292
10/02/2003,ADW,MD,AEA,EN,Towers with Radar,0,0,0,133,133,0,0,20,46,66,0,0,20,179,199,0,162,162,361
10/03/2003,ADW,MD,AEA,EN,Towers with Radar,1,0,4,154,159,0,0,8,52,60,1,0,12,206,219,0,94,94,313
10/04/2003,ADW,MD,AEA,EN,Towers with Radar,1,0,0,57,58,0,0,8,15,23,1,0,8,72,81,0,18,18,99
10/05/2003,ADW,MD,AEA,EN,Towers with Radar,0,0,0,74,74,0,0,11,6,17,0,0,11,80,91,2,6,8,99
10/06/2003,ADW,MD,AEA,EN,Towers with Radar,0,0,0,119,119,0,0,9,34,43,0,0,9,153,162,0,80,80,242
10/07/2003,ADW,MD,AEA,EN,Towers with Radar,0,0,0,122,122,0,0,11,39,50,0,0,11,161,172,0,70,70,242
10/08/2003,ADW,MD,AEA,EN,Towers with Radar,0,0,0,109,109,0,0,2,21,23,0,0,2,130,132,0,10,10,142
10/09/2003,ADW,MD,AEA,EN,Towers with Radar,2,0,0,122,124,0,0,9,47,56,2,0,9,169,180,0,88,88,268
10/10/2003,ADW,MD,AEA,EN,Towers with Radar,2,0,2,98,102,0,0,5,25,30,2,0,7,123,132,0,70,70,202
10/11/2003,ADW,MD,AEA,EN,Towers with Radar,0,0,1,43,44,0,0,17,32,49,0,0,18,75,93,0,64,64,157
10/12/2003,ADW,MD,AEA,EN,Towers with Radar,1,0,0,38,39,0,0,9,9,18,1,0,9,47,57,0,26,26,83
10/13/2003,ADW,MD,AEA,EN,Towers with Radar,0,0,0,69,69,0,0,5,8,13,0,0,5,77,82,0,36,36,118
10/14/2003,ADW,MD,AEA,EN,Towers with Radar,0,0,1,105,106,0,0,10,28,38,0,0,11,133,144,8,96,104,248
10/15/2003,ADW,MD,AEA,EN,Towers with Radar,0,0,5,88,93,0,0,11,36,47,0,0,16,124,140,8,44,52,192
10/16/2003,ADW,MD,AEA,EN,Towers with Radar,0,2,1,129,132,0,0,6,36,42,0,2,7,165,174,0,114,114,288
10/17/2003,ADW,MD,AEA,EN,Towers with Radar,0,0,0,108,108,0,0,4,26,30,0,0,4,134,138,0,86,86,224
10/18/2003,ADW,MD,AEA,EN,Towers with Radar,0,0,0,65,65,0,0,15,18,33,0,0,15,83,98,0,34,34,132
10/19/2003,ADW,MD,AEA,EN,Towers with Radar,0,0,1,68,69,0,0,21,12,33,0,0,22,80,102,0,16,16,118
10/20/2003,ADW,MD,AEA,EN,Towers with Radar,0,0,1,110,111,0,0,11,35,46,0,0,12,145,157,0,80,80,237
10/21/2003,ADW,MD,AEA,EN,Towers with Radar,0,0,0,109,109,0,0,8,45,53,0,0,8,154,162,0,188,188,350
10/22/2003,ADW,MD,AEA,EN,Towers with Radar,0,0,1,111,112,0,0,15,22,37,0,0,16,133,149,0,76,76,225
10/23/2003,ADW,MD,AEA,EN,Towers with Radar,0,0,5,115,120,0,0,4,37,41,0,0,9,152,161,0,60,60,221
10/24/2003,ADW,MD,AEA,EN,Towers with Radar,0,0,0,115,115,0,0,6,63,69,0,0,6,178,184,0,98,98,282
10/25/2003,ADW,MD,AEA,EN,Towers with Radar,2,0,2,42,46,0,0,13,18,31,2,0,15,60,77,6,18,24,101
10/26/2003,ADW,MD,AEA,EN,Towers with Radar,0,0,1,57,58,0,0,7,14,21,0,0,8,71,79,0,0,0,79
10/27/2003,ADW,MD,AEA,EN,Towers with Radar,0,0,0,85,85,0,0,1,10,11,0,0,1,95,96,0,14,14,110
10/28/2003,ADW,MD,AEA,EN,Towers with Radar,0,0,3,117,120,0,0,7,30,37,0,0,10,147,157,6,154,160,317
10/29/2003,ADW,MD,AEA,EN,Towers with Radar,1,0,8,106,115,0,0,16,38,54,1,0,24,144,169,4,80,84,253
10/30/2003,ADW,MD,AEA,EN,Towers with Radar,0,0,2,117,119,0,0,7,39,46,0,0,9,156,165,0,120,120,285
10/31/2003,ADW,MD,AEA,EN,Towers with Radar,0,3,1,100,104,0,0,5,40,45,0,3,6,140,149,2,50,52,201
11/01/2003,ADW,MD,AEA,EN,Towers with Radar,0,0,0,55,55,0,0,15,14,29,0,0,15,69,84,0,20,20,104
11/02/2003,ADW,MD,AEA,EN,Towers with Radar,0,0,0,61,61,0,0,9,3,12,0,0,9,64,73,0,0,0,73
11/03/2003,ADW,MD,AEA,EN,Towers with Radar,0,0,0,102,102,0,0,4,25,29,0,0,4,127,131,0,98,98,229
11/04/2003,ADW,MD,AEA,EN,Towers with Radar,0,0,0,109,109,0,0,6,35,41,0,0,6,144,150,0,60,60,210
11/05/2003,ADW,MD,AEA,EN,Towers with Radar,0,0,2,133,135,0,0,9,39,48,0,0,11,172,183,22,36,58,241
11/06/2003,ADW,MD,AEA,EN,Towers with Radar,2,2,0,119,123,0,0,0,1,1,2,2,0,120,124,0,2,2,126
11/07/2003,ADW,MD,AEA,EN,Towers with Radar,4,0,0,122,126,0,0,6,36,42,4,0,6,158,168,0,84,84,252
11/08/2003,ADW,MD,AEA,EN,Towers with Radar,0,0,2,47,49,0,0,17,20,37,0,0,19,67,86,0,72,72,158
11/09/2003,ADW,MD,AEA,EN,Towers with Radar,0,0,1,45,46,0,0,9,7,16,0,0,10,52,62,0,0,0,62
11/10/2003,ADW,MD,AEA,EN,Towers with Radar,2,0,0,60,62,0,0,6,35,41,2,0,6,95,103,2,24,26,129
11/11/2003,ADW,MD,AEA,EN,Towers with Radar,0,0,0,48,48,0,0,11,17,28,0,0,11,65,76,0,10,10,86
11/12/2003,ADW,MD,AEA,EN,Towers with Radar,0,1,0,104,105,0,0,0,36,36,0,1,0,140,141,0,102,102,243
11/13/2003,ADW,MD,AEA,EN,Towers with Radar,1,0,1,58,60,0,0,4,33,37,1,0,5,91,97,6,24,30,127
11/14/2003,ADW,MD,AEA,EN,Towers with Radar,0,0,9,93,102,0,0,17,26,43,0,0,26,119,145,106,54,160,305
11/15/2003,ADW,MD,AEA,EN,Towers with Radar,0,1,4,52,57,0,0,9,11,20,0,1,13,63,77,0,10,10,87
11/16/2003,ADW,MD,AEA,EN,Towers with Radar,0,0,0,52,52,0,0,5,9,14,0,0,5,61,66,0,18,18,84
11/17/2003,ADW,MD,AEA,EN,Towers with Radar,2,0,0,130,132,0,0,10,25,35,2,0,10,155,167,0,50,50,217
11/18/2003,ADW,MD,AEA,EN,Towers with Radar,0,0,10,140,150,0,0,0,17,17,0,0,10,157,167,8,116,124,291
11/19/2003,ADW,MD,AEA,EN,Towers with Radar,0,0,1,56,57,0,0,2,16,18,0,0,3,72,75,0,44,44,119
11/20/2003,ADW,MD,AEA,EN,Towers with Radar,0,0,1,143,144,0,0,10,39,49,0,0,11,182,193,26,122,148,341
11/21/2003,ADW,MD,AEA,EN,Towers with Radar,5,0,0,129,134,0,0,13,42,55,5,0,13,171,189,0,102,102,291
11/22/2003,ADW,MD,AEA,EN,Towers with Radar,0,0,1,49,50,0,0,5,16,21,0,0,6,65,71,0,26,26,97
11/23/2003,ADW,MD,AEA,EN,Towers with Radar,0,0,2,57,59,0,0,4,15,19,0,0,6,72,78,0,24,24,102
11/24/2003,ADW,MD,AEA,EN,Towers with Radar,0,0,2,121,123,0,0,2,40,42,0,0,4,161,165,4,78,82,247
11/25/2003,ADW,MD,AEA,EN,Towers with Radar,0,0,2,94,96,0,0,6,42,48,0,0,8,136,144,0,116,116,260
11/26/2003,ADW,MD,AEA,EN,Towers with Radar,0,0,1,47,48,0,0,4,42,46,0,0,5,89,94,0,116,116,210
11/27/2003,ADW,MD,AEA,EN,Towers with Radar,0,0,6,6,12,0,0,7,0,7,0,0,13,6,19,0,0,0,19
11/28/2003,ADW,MD,AEA,EN,Towers with Radar,0,0,0,19,19,0,0,12,2,14,0,0,12,21,33,0,8,8,41
11/29/2003,ADW,MD,AEA,EN,Towers with Radar,0,0,10,6,16,0,0,0,11,11,0,0,10,17,27,0,18,18,45
11/30/2003,ADW,MD,AEA,EN,Towers with Radar,0,0,4,36,40,0,0,12,8,20,0,0,16,44,60,0,6,6,66
12/01/2003,ADW,MD,AEA,EN,Towers with Radar,0,0,0,99,99,0,0,5,35,40,0,0,5,134,139,0,66,66,205
12/02/2003,ADW,MD,AEA,EN,Towers with Radar,2,0,0,118,120,0,0,3,45,48,2,0,3,163,168,0,28,28,196
12/03/2003,ADW,MD,AEA,EN,Towers with Radar,0,0,1,90,91,0,0,9,35,44,0,0,10,125,135,0,62,62,197
12/04/2003,ADW,MD,AEA,EN,Towers with Radar,0,0,4,119,123,0,0,7,27,34,0,0,11,146,157,0,102,102,259
12/05/2003,ADW,MD,AEA,EN,Towers with Radar,0,0,0,0,0,0,2,0,64,66,0,2,0,64,66,0,8,8,74
12/06/2003,ADW,MD,AEA,EN,Towers with Radar,0,0,0,21,21,0,0,1,2,3,0,0,1,23,24,0,0,0,24
12/07/2003,ADW,MD,AEA,EN,Towers with Radar,0,0,2,52,54,0,0,5,8,13,0,0,7,60,67,0,10,10,77
12/08/2003,ADW,MD,AEA,EN,Towers with Radar,0,0,1,117,118,0,0,8,27,35,0,0,9,144,153,0,122,122,275
12/09/2003,ADW,MD,AEA,EN,Towers with Radar,0,0,1,123,124,0,0,11,27,38,0,0,12,150,162,0,112,112,274
12/10/2003,ADW,MD,AEA,EN,Towers with Radar,2,0,0,101,103,0,0,4,23,27,2,0,4,124,130,0,80,80,210
12/11/2003,ADW,MD,AEA,EN,Towers with Radar,0,0,0,127,127,0,0,6,36,42,0,0,6,163,169,0,84,84,253
12/12/2003,ADW,MD,AEA,EN,Towers with Radar,0,0,0,118,118,0,0,6,44,50,0,0,6,162,168,0,42,42,210
12/13/2003,ADW,MD,AEA,EN,Towers with Radar,0,0,2,52,54,0,0,4,0,4,0,0,6,52,58,0,10,10,68
12/14/2003,ADW,MD,AEA,EN,Towers with Radar,0,0,0,26,26,0,0,2,0,2,0,0,2,26,28,0,2,2,30
12/15/2003,ADW,MD,AEA,EN,Towers with Radar,1,0,2,104,107,0,0,2,25,27,1,0,4,129,134,0,100,100,234
12/16/2003,ADW,MD,AEA,EN,Towers with Radar,0,0,1,97,98,0,0,8,33,41,0,0,9,130,139,2,52,54,193
12/17/2003,ADW,MD,AEA,EN,Towers with Radar,2,0,0,87,89,0,1,1,7,9,2,1,1,94,98,0,0,0,98
12/18/2003,ADW,MD,AEA,EN,Towers with Radar,1,0,2,120,123,0,0,14,28,42,1,0,16,148,165,6,78,84,249
12/19/2003,ADW,MD,AEA,EN,Towers with Radar,0,0,0,80,80,0,0,15,29,44,0,0,15,109,124,0,70,70,194
12/20/2003,ADW,MD,AEA,EN,Towers with Radar,0,0,0,27,27,0,0,7,11,18,0,0,7,38,45,0,52,52,97
12/21/2003,ADW,MD,AEA,EN,Towers with Radar,0,0,0,20,20,0,0,11,5,16,0,0,11,25,36,0,6,6,42
12/22/2003,ADW,MD,AEA,EN,Towers with Radar,0,0,0,76,76,0,0,7,18,25,0,0,7,94,101,4,90,94,195
12/23/2003,ADW,MD,AEA,EN,Towers with Radar,0,1,1,67,69,0,0,5,27,32,0,1,6,94,101,0,36,36,137
12/24/2003,ADW,MD,AEA,EN,Towers with Radar,0,0,0,19,19,0,0,3,0,3,0,0,3,19,22,0,2,2,24
12/25/2003,ADW,MD,AEA,EN,Towers with Radar,0,0,0,10,10,0,0,7,0,7,0,0,7,10,17,0,0,0,17
12/26/2003,ADW,MD,AEA,EN,Towers with Radar,3,0,0,19,22,0,0,4,12,16,3,0,4,31,38,0,8,8,46
12/27/2003,ADW,MD,AEA,EN,Towers with Radar,0,0,0,18,18,0,0,8,9,17,0,0,8,27,35,0,4,4,39
12/28/2003,ADW,MD,AEA,EN,Towers with Radar,0,0,0,16,16,0,0,13,3,16,0,0,13,19,32,0,4,4,36
12/29/2003,ADW,MD,AEA,EN,Towers with Radar,0,0,0,58,58,0,0,13,33,46,0,0,13,91,104,0,38,38,142
12/30/2003,ADW,MD,AEA,EN,Towers with Radar,0,0,0,57,57,0,0,6,24,30,0,0,6,81,87,0,52,52,139
12/31/2003,ADW,MD,AEA,EN,Towers with Radar,0,0,0,37,37,0,0,9,20,29,0,0,9,57,66,2,12,14,80
01/01/2004,ADW,MD,AEA,EN,Towers with Radar,0,0,2,16,18,0,0,9,0,9,0,0,11,16,27,0,0,0,27
01/02/2004,ADW,MD,AEA,EN,Towers with Radar,0,0,0,23,23,0,0,6,20,26,0,0,6,43,49,0,158,158,207
01/03/2004,ADW,MD,AEA,EN,Towers with Radar,2,0,32,8,42,0,0,7,14,21,2,0,39,22,63,0,0,0,63
01/04/2004,ADW,MD,AEA,EN,Towers with Radar,1,0,0,31,32,0,0,7,4,11,1,0,7,35,43,0,10,10,53
01/05/2004,ADW,MD,AEA,EN,Towers with Radar,1,0,0,61,62,0,0,7,3,10,1,0,7,64,72,0,6,6,78
01/06/2004,ADW,MD,AEA,EN,Towers with Radar,0,0,0,102,102,0,0,8,44,52,0,0,8,146,154,0,80,80,234
01/07/2004,ADW,MD,AEA,EN,Towers with Radar,0,0,1,131,132,0,0,4,45,49,0,0,5,176,181,0,116,116,297
01/08/2004,ADW,MD,AEA,EN,Towers with Radar,1,0,2,127,130,0,0,2,53,55,1,0,4,180,185,0,168,168,353
01/09/2004,ADW,MD,AEA,EN,Towers with Radar,2,0,0,96,98,0,0,9,0,9,2,0,9,96,107,0,4,4,111
01/10/2004,ADW,MD,AEA,EN,Towers with Radar,0,1,0,57,58,0,0,5,11,16,0,1,5,68,74,0,12,12,86
01/11/2004,ADW,MD,AEA,EN,Towers with Radar,0,0,0,68,68,0,0,2,3,5,0,0,2,71,73,0,16,16,89
01/12/2004,ADW,MD,AEA,EN,Towers with Radar,0,0,1,88,89,0,0,6,57,63,0,0,7,145,152,0,142,142,294
01/13/2004,ADW,MD,AEA,EN,Towers with Radar,0,0,0,119,119,0,0,4,28,32,0,0,4,147,151,0,102,102,253
01/14/2004,ADW,MD,AEA,EN,Towers with Radar,0,0,4,105,109,0,0,4,28,32,0,0,8,133,141,14,112,126,267
01/15/2004,ADW,MD,AEA,EN,Towers with Radar,2,0,2,105,109,0,0,13,52,65,2,0,15,157,174,18,142,160,334
01/16/2004,ADW,MD,AEA,EN,Towers with Radar,0,0,0,94,94,2,0,14,48,64,2,0,14,142,158,2,44,46,204
01/17/2004,ADW,MD,AEA,EN,Towers with Radar,0,0,5,23,28,0,0,16,10,26,0,0,21,33,54,0,10,10,64
01/18/2004,ADW,MD,AEA,EN,Towers with Radar,1,0,0,33,34,0,0,4,0,4,1,0,4,33,38,0,0,0,38
01/19/2004,ADW,MD,AEA,EN,Towers with Radar,0,0,0,33,33,0,0,5,9,14,0,0,5,42,47,0,14,14,61
01/20/2004,ADW,MD,AEA,EN,Towers with Radar,0,0,0,102,102,0,0,5,32,37,0,0,5,134,139,0,64,64,203
01/21/2004,ADW,MD,AEA,EN,Towers with Radar,1,0,1,123,125,0,0,5,44,49,1,0,6,167,174,0,118,118,292
01/22/2004,ADW,MD,AEA,EN,Towers with Radar,2,0,0,113,115,0,0,7,48,55,2,0,7,161,170,0,146,146,316
01/23/2004,ADW,MD,AEA,EN,Towers with Radar,0,0,0,85,85,0,0,2,8,10,0,0,2,93,95,0,30,30,125
01/24/2004,ADW,MD,AEA,EN,Towers with Radar,0,0,1,48,49,0,0,9,10,19,0,0,10,58,68,0,24,24,92
01/25/2004,ADW,MD,AEA,EN,Towers with Radar,0,0,0,62,62,0,0,4,13,17,0,0,4,75,79,0,12,12,91
01/26/2004,ADW,MD,AEA,EN,Towers with Radar,0,0,0,0,0,0,0,0,31,31,0,0,0,31,31,0,0,0,31
01/27/2004,ADW,MD,AEA,EN,Towers with Radar,1,0,0,19,20,0,0,0,0,0,1,0,0,19,20,0,0,0,20
01/28/2004,ADW,MD,AEA,EN,Towers with Radar,0,0,2,22,24,0,0,0,7,7,0,0,2,29,31,0,56,56,87
01/29/2004,ADW,MD,AEA,EN,Towers with Radar,1,0,0,107,108,0,0,13,53,66,1,0,13,160,174,6,84,90,264
01/30/2004,ADW,MD,AEA,EN,Towers with Radar,0,0,1,115,116,0,0,9,30,39,0,0,10,145,155,0,70,70,225
01/31/2004,ADW,MD,AEA,EN,Towers with Radar,0,0,2,40,42,0,0,9,23,32,0,0,11,63,74,2,12,14,88
02/01/2004,ADW,MD,AEA,EN,Combined TRACON& Tower with Radar,0,0,3,41,44,0,0,3,9,12,0,0,6,50,56,0,26,26,82
02/02/2004,ADW,MD,AEA,EN,Combined TRACON& Tower with Radar,0,0,0,93,93,0,0,15,45,60,0,0,15,138,153,0,92,92,245
02/03/2004,ADW,MD,AEA,EN,Combined TRACON& Tower with Radar,0,0,0,67,67,0,0,6,22,28,0,0,6,89,95,0,30,30,125
02/04/2004,ADW,MD,AEA,EN,Combined TRACON& Tower with Radar,0,1,1,120,122,0,0,14,43,57,0,1,15,163,179,4,98,102,281
02/05/2004,ADW,MD,AEA,EN,Combined TRACON& Tower with Radar,2,0,3,136,141,0,0,9,15,24,2,0,12,151,165,0,76,76,241
02/06/2004,ADW,MD,AEA,EN,Combined TRACON& Tower with Radar,0,0,0,0,0,0,0,0,74,74,0,0,0,74,74,0,0,0,74
02/07/2004,ADW,MD,AEA,EN,Combined TRACON& Tower with Radar,0,0,0,65,65,0,0,8,22,30,0,0,8,87,95,0,38,38,133
02/08/2004,ADW,MD,AEA,EN,Combined TRACON& Tower with Radar,0,0,0,62,62,0,0,5,11,16,0,0,5,73,78,0,40,40,118
02/09/2004,ADW,MD,AEA,EN,Combined TRACON& Tower with Radar,2,0,3,134,139,0,0,6,47,53,2,0,9,181,192,0,146,146,338
02/10/2004,ADW,MD,AEA,EN,Combined TRACON& Tower with Radar,1,0,1,133,135,0,0,10,37,47,1,0,11,170,182,12,126,138,320
02/11/2004,ADW,MD,AEA,EN,Combined TRACON& Tower with Radar,1,0,2,142,145,0,0,18,37,55,1,0,20,179,200,0,194,194,394
02/12/2004,ADW,MD,AEA,EN,Combined TRACON& Tower with Radar,2,0,2,140,144,0,0,6,38,44,2,0,8,178,188,0,88,88,276
02/13/2004,ADW,MD,AEA,EN,Combined TRACON& Tower with Radar,0,0,2,97,99,0,0,14,35,49,0,0,16,132,148,0,128,128,276
02/14/2004,ADW,MD,AEA,EN,Combined TRACON& Tower with Radar,1,0,1,41,43,0,0,9,8,17,1,0,10,49,60,0,46,46,106
02/15/2004,ADW,MD,AEA,EN,Combined TRACON& Tower with Radar,0,0,0,0,0,0,0,9,33,42,0,0,9,33,42,0,0,0,42
02/16/2004,ADW,MD,AEA,EN,Combined TRACON& Tower with Radar,0,0,0,52,52,0,0,6,15,21,0,0,6,67,73,0,4,4,77
02/17/2004,ADW,MD,AEA,EN,Combined TRACON& Tower with Radar,0,0,0,95,95,0,2,2,31,35,0,2,2,126,130,0,68,68,198
02/18/2004,ADW,MD,AEA,EN,Combined TRACON& Tower with Radar,1,1,0,118,120,0,0,8,31,39,1,1,8,149,159,0,102,102,261
02/19/2004,ADW,MD,AEA,EN,Combined TRACON& Tower with Radar,0,0,0,115,115,0,0,5,29,34,0,0,5,144,149,0,38,38,187
02/20/2004,ADW,MD,AEA,EN,Combined TRACON& Tower with Radar,0,0,1,100,101,0,0,6,46,52,0,0,7,146,153,0,66,66,219
02/21/2004,ADW,MD,AEA,EN,Combined TRACON& Tower with Radar,4,0,0,49,53,0,0,9,6,15,4,0,9,55,68,0,14,14,82
02/22/2004,ADW,MD,AEA,EN,Combined TRACON& Tower with Radar,0,0,0,8,8,0,0,0,0,0,0,0,0,8,8,49,0,49,57
02/23/2004,ADW,MD,AEA,EN,Combined TRACON& Tower with Radar,0,0,1,103,104,0,0,17,27,44,0,0,18,130,148,0,100,100,248
02/24/2004,ADW,MD,AEA,EN,Combined TRACON& Tower with Radar,0,0,0,132,132,0,0,5,39,44,0,0,5,171,176,0,56,56,232
02/25/2004,ADW,MD,AEA,EN,Combined TRACON& Tower with Radar,0,0,5,125,130,0,0,12,45,57,0,0,17,170,187,0,80,80,267
02/26/2004,ADW,MD,AEA,EN,Combined TRACON& Tower with Radar,2,0,1,134,137,0,0,6,49,55,2,0,7,183,192,0,72,72,264
02/27/2004,ADW,MD,AEA,EN,Combined TRACON& Tower with Radar,0,0,0,106,106,0,0,7,45,52,0,0,7,151,158,0,42,42,200
02/28/2004,ADW,MD,AEA,EN,Combined TRACON& Tower with Radar,0,0,0,58,58,0,0,4,16,20,0,0,4,74,78,2,38,40,118
02/29/2004,ADW,MD,AEA,EN,Combined TRACON& Tower with Radar,0,0,1,33,34,0,0,7,8,15,0,0,8,41,49,0,26,26,75
03/01/2004,ADW,MD,AEA,EN,Combined TRACON& Tower with Radar,0,0,0,125,125,0,0,6,37,43,0,0,6,162,168,0,236,236,404
03/02/2004,ADW,MD,AEA,EN,Combined TRACON& Tower with Radar,0,0,3,125,128,0,0,12,23,35,0,0,15,148,163,0,66,66,229
03/03/2004,ADW,MD,AEA,EN,Combined TRACON& Tower with Radar,0,0,4,125,129,0,0,13,37,50,0,0,17,162,179,0,34,34,213
03/04/2004,ADW,MD,AEA,EN,Combined TRACON& Tower with Radar,0,0,2,123,125,0,0,7,36,43,0,0,9,159,168,2,34,36,204
03/05/2004,ADW,MD,AEA,EN,Combined TRACON& Tower with Radar,0,0,5,19,24,0,0,2,121,123,0,0,7,140,147,0,60,60,207
03/06/2004,ADW,MD,AEA,EN,Combined TRACON& Tower with Radar,0,0,0,39,39,0,0,8,7,15,0,0,8,46,54,0,18,18,72
03/07/2004,ADW,MD,AEA,EN,Combined TRACON& Tower with Radar,0,0,1,68,69,0,0,4,5,9,0,0,5,73,78,0,32,32,110
03/08/2004,ADW,MD,AEA,EN,Combined TRACON& Tower with Radar,1,0,2,122,125,0,0,4,44,48,1,0,6,166,173,8,30,38,211
03/09/2004,ADW,MD,AEA,EN,Combined TRACON& Tower with Radar,0,0,0,106,106,0,0,7,37,44,0,0,7,143,150,0,114,114,264
03/10/2004,ADW,MD,AEA,EN,Combined TRACON& Tower with Radar,1,0,1,14,16,0,0,3,130,133,1,0,4,144,149,16,30,46,195
03/11/2004,ADW,MD,AEA,EN,Combined TRACON& Tower with Radar,3,0,0,121,124,0,0,2,48,50,3,0,2,169,174,0,88,88,262
03/12/2004,ADW,MD,AEA,EN,Combined TRACON& Tower with Radar,0,0,1,118,119,0,0,4,41,45,0,0,5,159,164,0,64,64,228
03/13/2004,ADW,MD,AEA,EN,Combined TRACON& Tower with Radar,0,0,2,40,42,0,0,8,15,23,0,0,10,55,65,0,32,32,97
03/14/2004,ADW,MD,AEA,EN,Combined TRACON& Tower with Radar,0,0,0,48,48,0,0,8,8,16,0,0,8,56,64,0,24,24,88
03/15/2004,ADW,MD,AEA,EN,Combined TRACON& Tower with Radar,0,0,0,82,82,0,0,7,34,41,0,0,7,116,123,4,10,14,137
03/16/2004,ADW,MD,AEA,EN,Combined TRACON& Tower with Radar,0,0,0,97,97,0,0,3,6,9,0,0,3,103,106,0,16,16,122
03/17/2004,ADW,MD,AEA,EN,Combined TRACON& Tower with Radar,0,0,1,126,127,0,0,7,44,51,0,0,8,170,178,0,78,78,256
03/18/2004,ADW,MD,AEA,EN,Combined TRACON& Tower with Radar,1,0,0,117,118,0,0,4,45,49,1,0,4,162,167,0,106,106,273
03/19/2004,ADW,MD,AEA,EN,Combined TRACON& Tower with Radar,0,0,0,102,102,0,0,2,9,11,0,0,2,111,113,0,18,18,131
03/20/2004,ADW,MD,AEA,EN,Combined TRACON& Tower with Radar,0,0,3,48,51,0,0,6,8,14,0,0,9,56,65,0,4,4,69
03/21/2004,ADW,MD,AEA,EN,Combined TRACON& Tower with Radar,0,0,0,40,40,0,0,5,9,14,0,0,5,49,54,0,32,32,86
03/22/2004,ADW,MD,AEA,EN,Combined TRACON& Tower with Radar,0,0,0,112,112,0,0,37,0,37,0,0,37,112,149,0,144,144,293
03/23/2004,ADW,MD,AEA,EN,Combined TRACON& Tower with Radar,0,0,0,125,125,0,0,6,30,36,0,0,6,155,161,0,90,90,251
03/24/2004,ADW,MD,AEA,EN,Combined TRACON& Tower with Radar,0,0,0,149,149,0,0,6,37,43,0,0,6,186,192,2,160,162,354
03/25/2004,ADW,MD,AEA,EN,Combined TRACON& Tower with Radar,1,0,0,165,166,0,0,11,46,57,1,0,11,211,223,0,72,72,295
03/26/2004,ADW,MD,AEA,EN,Combined TRACON& Tower with Radar,0,0,1,140,141,0,0,11,46,57,0,0,12,186,198,0,106,106,304
03/27/2004,ADW,MD,AEA,EN,Combined TRACON& Tower with Radar,0,0,15,57,72,0,0,15,6,21,0,0,30,63,93,2,14,16,109
03/28/2004,ADW,MD,AEA,EN,Combined TRACON& Tower with Radar,0,0,1,75,76,0,0,14,4,18,0,0,15,79,94,2,6,8,102
03/29/2004,ADW,MD,AEA,EN,Combined TRACON& Tower with Radar,0,0,0,116,116,0,0,12,34,46,0,0,12,150,162,4,82,86,248
03/30/2004,ADW,MD,AEA,EN,Combined TRACON& Tower with Radar,2,0,0,127,129,0,0,8,39,47,2,0,8,166,176,0,46,46,222
03/31/2004,ADW,MD,AEA,EN,Combined TRACON& Tower with Radar,0,0,2,87,89,0,0,0,2,2,0,0,2,89,91,0,2,2,93
04/01/2004,ADW,MD,AEA,EN,Combined TRACON& Tower with Radar,1,0,0,111,112,0,0,2,29,31,1,0,2,140,143,0,44,44,187
04/02/2004,ADW,MD,AEA,EN,Combined TRACON& Tower with Radar,0,0,1,131,132,0,0,7,29,36,0,0,8,160,168,2,142,144,312
04/03/2004,ADW,MD,AEA,EN,Combined TRACON& Tower with Radar,0,0,5,59,64,0,0,12,13,25,0,0,17,72,89,0,22,22,111
04/04/2004,ADW,MD,AEA,EN,Combined TRACON& Tower with Radar,0,0,0,71,71,0,0,3,1,4,0,0,3,72,75,0,26,26,101
04/05/2004,ADW,MD,AEA,EN,Combined TRACON& Tower with Radar,3,0,0,75,78,0,0,4,58,62,3,0,4,133,140,4,58,62,202
04/06/2004,ADW,MD,AEA,EN,Combined TRACON& Tower with Radar,0,0,0,101,101,0,0,4,33,37,0,0,4,134,138,2,72,74,212
04/07/2004,ADW,MD,AEA,EN,Combined TRACON& Tower with Radar,0,0,1,116,117,0,0,5,43,48,0,0,6,159,165,0,144,144,309
04/08/2004,ADW,MD,AEA,EN,Combined TRACON& Tower with Radar,0,0,1,103,104,0,0,14,42,56,0,0,15,145,160,0,108,108,268
04/09/2004,ADW,MD,AEA,EN,Combined TRACON& Tower with Radar,0,0,2,91,93,0,0,16,34,50,0,0,18,125,143,0,122,122,265
04/10/2004,ADW,MD,AEA,EN,Combined TRACON& Tower with Radar,0,0,0,30,30,0,0,6,8,14,0,0,6,38,44,0,16,16,60
04/11/2004,ADW,MD,AEA,EN,Combined TRACON& Tower with Radar,0,0,0,27,27,0,0,3,0,3,0,0,3,27,30,0,0,0,30
04/12/2004,ADW,MD,AEA,EN,Combined TRACON& Tower with Radar,0,0,3,87,90,0,0,0,0,0,0,0,3,87,90,0,8,8,98
04/13/2004,ADW,MD,AEA,EN,Combined TRACON& Tower with Radar,0,0,0,61,61,0,0,0,0,0,0,0,0,61,61,0,8,8,69
04/14/2004,ADW,MD,AEA,EN,Combined TRACON& Tower with Radar,0,0,0,149,149,0,0,1,25,26,0,0,1,174,175,0,58,58,233
04/15/2004,ADW,MD,AEA,EN,Combined TRACON& Tower with Radar,3,0,4,163,170,0,0,8,41,49,3,0,12,204,219,0,132,132,351
04/16/2004,ADW,MD,AEA,EN,Combined TRACON& Tower with Radar,0,0,5,153,158,0,0,10,35,45,0,0,15,188,203,8,126,134,337
04/17/2004,ADW,MD,AEA,EN,Combined TRACON& Tower with Radar,0,0,0,69,69,0,0,5,10,15,0,0,5,79,84,0,32,32,116
04/18/2004,ADW,MD,AEA,EN,Combined TRACON& Tower with Radar,1,0,0,58,59,0,0,14,22,36,1,0,14,80,95,0,68,68,163
04/19/2004,ADW,MD,AEA,EN,Combined TRACON& Tower with Radar,0,0,0,145,145,0,0,7,42,49,0,0,7,187,194,6,112,118,312
04/20/2004,ADW,MD,AEA,EN,Combined TRACON& Tower with Radar,1,0,1,111,113,0,0,7,40,47,1,0,8,151,160,4,86,90,250
04/21/2004,ADW,MD,AEA,EN,Combined TRACON& Tower with Radar,0,0,1,184,185,0,2,20,42,64,0,2,21,226,249,14,242,256,505
04/22/2004,ADW,MD,AEA,EN,Combined TRACON& Tower with Radar,1,0,0,152,153,0,0,10,57,67,1,0,10,209,220,0,164,164,384
04/23/2004,ADW,MD,AEA,EN,Combined TRACON& Tower with Radar,0,1,0,118,119,0,0,11,44,55,0,1,11,162,174,0,192,192,366
04/24/2004,ADW,MD,AEA,EN,Combined TRACON& Tower with Radar,0,0,2,99,101,0,0,19,19,38,0,0,21,118,139,10,144,154,293
04/25/2004,ADW,MD,AEA,EN,Combined TRACON& Tower with Radar,0,0,0,58,58,0,0,4,10,14,0,0,4,68,72,0,18,18,90
04/26/2004,ADW,MD,AEA,EN,Combined TRACON& Tower with Radar,0,0,0,104,104,0,0,10,35,45,0,0,10,139,149,0,114,114,263
04/27/2004,ADW,MD,AEA,EN,Combined TRACON& Tower with Radar,0,0,4,100,104,0,0,19,20,39,0,0,23,120,143,0,90,90,233
04/28/2004,ADW,MD,AEA,EN,Combined TRACON& Tower with Radar,0,0,1,125,126,0,0,9,40,49,0,0,10,165,175,0,150,150,325
04/29/2004,ADW,MD,AEA,EN,Combined TRACON& Tower with Radar,0,0,0,123,123,0,0,8,35,43,0,0,8,158,166,0,148,148,314
04/30/2004,ADW,MD,AEA,EN,Combined TRACON& Tower with Radar,0,0,4,118,122,0,0,12,43,55,0,0,16,161,177,0,146,146,323
05/01/2004,ADW,MD,AEA,EN,Combined TRACON& Tower with Radar,0,0,3,73,76,0,0,19,12,31,0,0,22,85,107,0,60,60,167
05/02/2004,ADW,MD,AEA,EN,Combined TRACON& Tower with Radar,0,0,0,54,54,0,0,7,6,13,0,0,7,60,67,0,8,8,75
05/03/2004,ADW,MD,AEA,EN,Combined TRACON& Tower with Radar,6,0,0,94,100,0,0,9,43,52,6,0,9,137,152,0,82,82,234
05/04/2004,ADW,MD,AEA,EN,Combined TRACON& Tower with Radar,2,0,1,125,128,0,0,3,52,55,2,0,4,177,183,0,190,190,373
05/05/2004,ADW,MD,AEA,EN,Combined TRACON& Tower with Radar,0,1,1,181,183,0,0,13,43,56,0,1,14,224,239,0,280,280,519
05/06/2004,ADW,MD,AEA,EN,Combined TRACON& Tower with Radar,1,0,1,128,130,0,0,9,32,41,1,0,10,160,171,0,56,56,227
05/07/2004,ADW,MD,AEA,EN,Combined TRACON& Tower with Radar,3,0,0,139,142,0,0,4,29,33,3,0,4,168,175,0,44,44,219
05/08/2004,ADW,MD,AEA,EN,Combined TRACON& Tower with Radar,0,0,0,68,68,0,1,19,17,37,0,1,19,85,105,0,10,10,115
05/09/2004,ADW,MD,AEA,EN,Combined TRACON& Tower with Radar,0,0,2,45,47,0,0,10,9,19,0,0,12,54,66,0,0,0,66
05/10/2004,ADW,MD,AEA,EN,Combined TRACON& Tower with Radar,0,1,11,141,153,0,0,0,37,37,0,1,11,178,190,0,196,196,386
05/11/2004,ADW,MD,AEA,EN,Combined TRACON& Tower with Radar,6,1,6,158,171,0,0,3,43,46,6,1,9,201,217,0,92,92,309
05/12/2004,ADW,MD,AEA,EN,Combined TRACON& Tower with Radar,1,0,9,98,108,0,0,6,17,23,1,0,15,115,131,0,74,74,205
05/13/2004,ADW,MD,AEA,EN,Combined TRACON& Tower with Radar,2,4,1,49,56,0,0,10,25,35,2,4,11,74,91,0,108,108,199
05/14/2004,ADW,MD,AEA,EN,Combined TRACON& Tower with Radar,5,0,0,37,42,0,0,6,9,15,5,0,6,46,57,0,18,18,75
05/15/2004,ADW,MD,AEA,EN,Combined TRACON& Tower with Radar,0,0,0,0,0,0,0,7,12,19,0,0,7,12,19,5,0,5,24
05/16/2004,ADW,MD,AEA,EN,Combined TRACON& Tower with Radar,0,0,10,23,33,0,0,4,1,5,0,0,14,24,38,0,0,0,38
05/17/2004,ADW,MD,AEA,EN,Combined TRACON& Tower with Radar,2,0,10,116,128,0,0,19,26,45,2,0,29,142,173,2,70,72,245
05/18/2004,ADW,MD,AEA,EN,Combined TRACON& Tower with Radar,0,0,1,142,143,0,0,9,40,49,0,0,10,182,192,0,137,137,329
05/19/2004,ADW,MD,AEA,EN,Combined TRACON& Tower with Radar,0,0,2,134,136,0,0,5,41,46,0,0,7,175,182,0,216,216,398
05/20/2004,ADW,MD,AEA,EN,Combined TRACON& Tower with Radar,0,0,0,176,176,0,0,8,54,62,0,0,8,230,238,0,158,158,396
05/21/2004,ADW,MD,AEA,EN,Combined TRACON& Tower with Radar,0,0,1,112,113,0,0,1,20,21,0,0,2,132,134,0,78,78,212
05/22/2004,ADW,MD,AEA,EN,Combined TRACON& Tower with Radar,0,0,0,75,75,0,0,11,11,22,0,0,11,86,97,0,34,34,131
05/23/2004,ADW,MD,AEA,EN,Combined TRACON& Tower with Radar,0,0,0,88,88,0,0,10,7,17,0,0,10,95,105,0,8,8,113
05/24/2004,ADW,MD,AEA,EN,Combined TRACON& Tower with Radar,0,0,0,124,124,0,0,5,42,47,0,0,5,166,171,0,102,102,273
05/25/2004,ADW,MD,AEA,EN,Combined TRACON& Tower with Radar,1,1,1,127,130,0,0,4,57,61,1,1,5,184,191,0,64,64,255
05/26/2004,ADW,MD,AEA,EN,Combined TRACON& Tower with Radar,0,0,0,134,134,0,0,4,55,59,0,0,4,189,193,0,90,90,283
05/27/2004,ADW,MD,AEA,EN,Combined TRACON& Tower with Radar,2,0,0,137,139,0,0,12,48,60,2,0,12,185,199,22,48,70,269
05/28/2004,ADW,MD,AEA,EN,Combined TRACON& Tower with Radar,0,0,0,92,92,0,0,9,45,54,0,0,9,137,146,0,130,130,276
05/29/2004,ADW,MD,AEA,EN,Combined TRACON& Tower with Radar,0,0,1,41,42,0,0,16,7,23,0,0,17,48,65,2,6,8,73
05/30/2004,ADW,MD,AEA,EN,Combined TRACON& Tower with Radar,0,0,2,27,29,0,0,14,5,19,0,0,16,32,48,0,18,18,66
05/31/2004,ADW,MD,AEA,EN,Combined TRACON& Tower with Radar,0,0,0,11,11,0,2,129,0,131,0,2,129,11,142,0,0,0,142
06/01/2004,ADW,MD,AEA,EN,Combined TRACON& Tower with Radar,0,0,2,129,131,0,0,9,40,49,0,0,11,169,180,0,160,160,340
06/02/2004,ADW,MD,AEA,EN,Combined TRACON& Tower with Radar,2,0,5,138,145,0,0,8,37,45,2,0,13,175,190,16,100,116,306
06/03/2004,ADW,MD,AEA,EN,Combined TRACON& Tower with Radar,0,0,2,138,140,0,0,0,0,0,0,0,2,138,140,0,136,136,276
06/04/2004,ADW,MD,AEA,EN,Combined TRACON& Tower with Radar,1,0,2,103,106,0,0,11,36,47,1,0,13,139,153,2,70,72,225
06/05/2004,ADW,MD,AEA,EN,Combined TRACON& Tower with Radar,0,0,2,45,47,0,0,0,0,0,0,0,2,45,47,0,0,0,47
06/06/2004,ADW,MD,AEA,EN,Combined TRACON& Tower with Radar,0,0,1,60,61,0,0,2,3,5,0,0,3,63,66,0,40,40,106
06/07/2004,ADW,MD,AEA,EN,Combined TRACON& Tower with Radar,0,0,1,86,87,0,0,2,27,29,0,0,3,113,116,2,27,29,145
06/08/2004,ADW,MD,AEA,EN,Combined TRACON& Tower with Radar,0,0,1,108,109,0,0,8,37,45,0,0,9,145,154,0,66,66,220
06/09/2004,ADW,MD,AEA,EN,Combined TRACON& Tower with Radar,0,0,3,79,82,0,0,6,53,59,0,0,9,132,141,0,38,38,179
06/10/2004,ADW,MD,AEA,EN,Combined TRACON& Tower with Radar,1,0,2,106,109,0,0,10,48,58,1,0,12,154,167,0,118,118,285
06/11/2004,ADW,MD,AEA,EN,Combined TRACON& Tower with Radar,1,0,2,78,81,0,0,0,9,9,1,0,2,87,90,0,8,8,98
06/12/2004,ADW,MD,AEA,EN,Combined TRACON& Tower with Radar,2,0,1,51,54,0,0,9,10,19,2,0,10,61,73,0,2,2,75
06/13/2004,ADW,MD,AEA,EN,Combined TRACON& Tower with Radar,0,0,0,64,64,0,0,2,6,8,0,0,2,70,72,0,4,4,76
06/14/2004,ADW,MD,AEA,EN,Combined TRACON& Tower with Radar,0,0,0,146,146,0,0,11,47,58,0,0,11,193,204,0,284,284,488
06/15/2004,ADW,MD,AEA,EN,Combined TRACON& Tower with Radar,0,0,8,135,143,0,0,3,35,38,0,0,11,170,181,26,192,218,399
06/16/2004,ADW,MD,AEA,EN,Combined TRACON& Tower with Radar,0,0,1,158,159,0,0,11,61,72,0,0,12,219,231,2,178,180,411
06/17/2004,ADW,MD,AEA,EN,Combined TRACON& Tower with Radar,0,0,0,117,117,0,0,3,30,33,0,0,3,147,150,0,32,32,182
06/18/2004,ADW,MD,AEA,EN,Combined TRACON& Tower with Radar,0,0,0,124,124,0,0,4,44,48,0,0,4,168,172,0,164,164,336
06/19/2004,ADW,MD,AEA,EN,Combined TRACON& Tower with Radar,1,0,4,77,82,0,0,14,20,34,1,0,18,97,116,12,36,48,164
06/20/2004,ADW,MD,AEA,EN,Combined TRACON& Tower with Radar,0,0,0,47,47,0,0,12,7,19,0,0,12,54,66,0,38,38,104
06/21/2004,ADW,MD,AEA,EN,Combined TRACON& Tower with Radar,0,0,2,94,96,0,0,12,45,57,0,0,14,139,153,0,62,62,215
06/22/2004,ADW,MD,AEA,EN,Combined TRACON& Tower with Radar,0,0,1,119,120,0,0,5,56,61,0,0,6,175,181,0,166,166,347
06/23/2004,ADW,MD,AEA,EN,Combined TRACON& Tower with Radar,0,0,0,134,134,0,0,5,41,46,0,0,5,175,180,0,120,120,300
06/24/2004,ADW,MD,AEA,EN,Combined TRACON& Tower with Radar,2,0,0,148,150,0,0,12,43,55,2,0,12,191,205,4,244,248,453
06/25/2004,ADW,MD,AEA,EN,Combined TRACON& Tower with Radar,1,0,2,120,123,0,0,7,44,51,1,0,9,164,174,0,120,120,294
06/26/2004,ADW,MD,AEA,EN,Combined TRACON& Tower with Radar,0,0,4,61,65,0,0,9,18,27,0,0,13,79,92,0,64,64,156
06/27/2004,ADW,MD,AEA,EN,Combined TRACON& Tower with Radar,0,0,3,37,40,0,0,12,6,18,0,0,15,43,58,6,36,42,100
06/28/2004,ADW,MD,AEA,EN,Combined TRACON& Tower with Radar,0,3,1,101,105,0,0,10,52,62,0,3,11,153,167,0,186,186,353
06/29/2004,ADW,MD,AEA,EN,Combined TRACON& Tower with Radar,0,0,0,138,138,0,0,13,56,69,0,0,13,194,207,0,212,212,419
06/30/2004,ADW,MD,AEA,EN,Combined TRACON& Tower with Radar,0,0,2,146,148,0,0,4,45,49,0,0,6,191,197,6,284,290,487
07/01/2004,ADW,MD,AEA,EN,Combined TRACON& Tower with Radar,0,0,0,119,119,0,0,5,17,22,0,0,5,136,141,3,90,93,234
07/02/2004,ADW,MD,AEA,EN,Combined TRACON& Tower with Radar,0,0,0,66,66,0,0,13,25,38,0,0,13,91,104,0,60,60,164
07/03/2004,ADW,MD,AEA,EN,Combined TRACON& Tower with Radar,0,0,2,26,28,0,0,9,15,24,0,0,11,41,52,0,6,6,58
07/04/2004,ADW,MD,AEA,EN,Combined TRACON& Tower with Radar,0,0,0,30,30,0,0,5,6,11,0,0,5,36,41,0,0,0,41
07/05/2004,ADW,MD,AEA,EN,Combined TRACON& Tower with Radar,0,0,0,38,38,0,0,14,14,28,0,0,14,52,66,0,32,32,98
07/06/2004,ADW,MD,AEA,EN,Combined TRACON& Tower with Radar,0,0,4,100,104,0,0,7,41,48,0,0,11,141,152,10,142,152,304
07/07/2004,ADW,MD,AEA,EN,Combined TRACON& Tower with Radar,0,0,0,113,113,0,0,12,25,37,0,0,12,138,150,0,46,46,196
07/08/2004,ADW,MD,AEA,EN,Combined TRACON& Tower with Radar,0,0,3,111,114,0,0,7,34,41,0,0,10,145,155,0,132,132,287
07/09/2004,ADW,MD,AEA,EN,Combined TRACON& Tower with Radar,0,0,0,106,106,0,0,13,34,47,0,0,13,140,153,0,112,112,265
07/10/2004,ADW,MD,AEA,EN,Combined TRACON& Tower with Radar,0,0,3,56,59,0,0,13,10,23,0,0,16,66,82,0,22,22,104
07/11/2004,ADW,MD,AEA,EN,Combined TRACON& Tower with Radar,0,0,0,70,70,0,0,19,9,28,0,0,19,79,98,0,70,70,168
07/12/2004,ADW,MD,AEA,EN,Combined TRACON& Tower with Radar,0,0,1,143,144,0,0,6,46,52,0,0,7,189,196,0,188,188,384
07/13/2004,ADW,MD,AEA,EN,Combined TRACON& Tower with Radar,0,0,0,137,137,0,0,0,0,0,0,0,0,137,137,176,0,176,313
07/14/2004,ADW,MD,AEA,EN,Combined TRACON& Tower with Radar,1,0,1,168,170,0,0,1,32,33,1,0,2,200,203,0,110,110,313
07/15/2004,ADW,MD,AEA,EN,Combined TRACON& Tower with Radar,0,0,0,162,162,0,0,10,51,61,0,0,10,213,223,0,226,226,449
07/16/2004,ADW,MD,AEA,EN,Combined TRACON& Tower with Radar,2,0,1,141,144,0,0,14,42,56,2,0,15,183,200,0,242,242,442
07/17/2004,ADW,MD,AEA,EN,Combined TRACON& Tower with Radar,0,0,0,51,51,0,0,15,6,21,0,0,15,57,72,0,42,42,114
07/18/2004,ADW,MD,AEA,EN,Combined TRACON& Tower with Radar,0,0,0,51,51,0,0,3,6,9,0,0,3,57,60,0,16,16,76
07/19/2004,ADW,MD,AEA,EN,Combined TRACON& Tower with Radar,0,0,0,108,108,0,0,9,44,53,0,0,9,152,161,0,98,98,259
07/20/2004,ADW,MD,AEA,EN,Combined TRACON& Tower with Radar,1,0,1,124,126,0,0,8,55,63,1,0,9,179,189,0,214,214,403
07/21/2004,ADW,MD,AEA,EN,Combined TRACON& Tower with Radar,0,0,0,166,166,0,0,10,39,49,0,0,10,205,215,0,206,206,421
07/22/2004,ADW,MD,AEA,EN,Combined TRACON& Tower with Radar,0,0,0,134,134,0,0,4,42,46,0,0,4,176,180,0,104,104,284
07/23/2004,ADW,MD,AEA,EN,Combined TRACON& Tower with Radar,0,0,0,153,153,0,0,12,26,38,0,0,12,179,191,0,174,174,365
07/24/2004,ADW,MD,AEA,EN,Combined TRACON& Tower with Radar,0,0,0,64,64,0,0,9,14,23,0,0,9,78,87,0,54,54,141
07/25/2004,ADW,MD,AEA,EN,Combined TRACON& Tower with Radar,0,0,4,29,33,0,0,6,0,6,0,0,10,29,39,0,0,0,39
07/26/2004,ADW,MD,AEA,EN,Combined TRACON& Tower with Radar,0,0,4,79,83,0,0,9,21,30,0,0,13,100,113,20,86,106,219
07/27/2004,ADW,MD,AEA,EN,Combined TRACON& Tower with Radar,0,0,1,109,110,0,0,4,20,24,0,0,5,129,134,0,108,108,242
07/28/2004,ADW,MD,AEA,EN,Combined TRACON& Tower with Radar,0,0,0,121,121,0,0,13,31,44,0,0,13,152,165,0,204,204,369
07/29/2004,ADW,MD,AEA,EN,Combined TRACON& Tower with Radar,0,0,5,153,158,0,0,10,41,51,0,0,15,194,209,4,198,202,411
07/30/2004,ADW,MD,AEA,EN,Combined TRACON& Tower with Radar,0,0,0,128,128,0,0,8,43,51,0,0,8,171,179,0,102,102,281
07/31/2004,ADW,MD,AEA,EN,Combined TRACON& Tower with Radar,0,0,0,46,46,1,0,10,9,20,1,0,10,55,66,0,16,16,82
08/01/2004,ADW,MD,AEA,EN,Combined TRACON& Tower with Radar,0,0,1,44,45,0,0,8,7,15,0,0,9,51,60,1,8,9,69
08/02/2004,ADW,MD,AEA,EN,Combined TRACON& Tower with Radar,0,0,0,126,126,0,0,3,15,18,0,0,3,141,144,0,68,68,212
08/03/2004,ADW,MD,AEA,EN,Combined TRACON& Tower with Radar,0,0,0,134,134,0,0,5,45,50,0,0,5,179,184,0,156,156,340
08/04/2004,ADW,MD,AEA,EN,Combined TRACON& Tower with Radar,0,0,0,140,140,0,0,8,44,52,0,0,8,184,192,0,150,150,342
08/05/2004,ADW,MD,AEA,EN,Combined TRACON& Tower with Radar,1,2,3,148,154,0,0,8,54,62,1,2,11,202,216,0,188,188,404
08/06/2004,ADW,MD,AEA,EN,Combined TRACON& Tower with Radar,0,0,0,104,104,0,0,16,40,56,0,0,16,144,160,0,82,82,242
08/07/2004,ADW,MD,AEA,EN,Combined TRACON& Tower with Radar,0,0,1,65,66,0,0,5,10,15,0,0,6,75,81,0,38,38,119
08/08/2004,ADW,MD,AEA,EN,Combined TRACON& Tower with Radar,0,0,0,70,70,0,0,15,19,34,0,0,15,89,104,0,34,34,138
08/09/2004,ADW,MD,AEA,EN,Combined TRACON& Tower with Radar,0,0,1,113,114,0,0,8,52,60,0,0,9,165,174,0,198,198,372
08/10/2004,ADW,MD,AEA,EN,Combined TRACON& Tower with Radar,0,0,1,90,91,0,0,11,40,51,0,0,12,130,142,0,238,238,380
08/11/2004,ADW,MD,AEA,EN,Combined TRACON& Tower with Radar,0,0,1,108,109,0,1,8,32,41,0,1,9,140,150,0,130,130,280
08/12/2004,ADW,MD,AEA,EN,Combined TRACON& Tower with Radar,0,0,0,117,117,0,0,2,37,39,0,0,2,154,156,0,186,186,342
08/13/2004,ADW,MD,AEA,EN,Combined TRACON& Tower with Radar,0,0,0,88,88,0,0,8,33,41,0,0,8,121,129,0,158,158,287
08/14/2004,ADW,MD,AEA,EN,Combined TRACON& Tower with Radar,0,0,0,38,38,0,0,7,11,18,0,0,7,49,56,0,14,14,70
08/15/2004,ADW,MD,AEA,EN,Combined TRACON& Tower with Radar,0,0,1,99,100,0,0,12,33,45,0,0,13,132,145,0,70,70,215
08/16/2004,ADW,MD,AEA,EN,Combined TRACON& Tower with Radar,0,0,0,74,74,0,0,11,11,22,0,0,11,85,96,0,30,30,126
08/17/2004,ADW,MD,AEA,EN,Combined TRACON& Tower with Radar,0,0,1,132,133,0,0,6,40,46,0,0,7,172,179,0,132,132,311
08/18/2004,ADW,MD,AEA,EN,Combined TRACON& Tower with Radar,0,0,1,137,138,0,0,8,38,46,0,0,9,175,184,0,112,112,296
08/19/2004,ADW,MD,AEA,EN,Combined TRACON& Tower with Radar,0,0,0,150,150,0,0,7,31,38,0,0,7,181,188,0,134,134,322
08/20/2004,ADW,MD,AEA,EN,Combined TRACON& Tower with Radar,0,1,0,108,109,0,0,13,31,44,0,1,13,139,153,0,186,186,339
08/21/2004,ADW,MD,AEA,EN,Combined TRACON& Tower with Radar,0,0,0,63,63,0,0,7,7,14,0,0,7,70,77,0,42,42,119
08/22/2004,ADW,MD,AEA,EN,Combined TRACON& Tower with Radar,0,0,0,43,43,0,0,12,13,25,0,0,12,56,68,6,56,62,130
08/23/2004,ADW,MD,AEA,EN,Combined TRACON& Tower with Radar,0,0,2,128,130,0,0,4,36,40,0,0,6,164,170,0,184,184,354
08/24/2004,ADW,MD,AEA,EN,Combined TRACON& Tower with Radar,1,0,0,127,128,0,0,28,38,66,1,0,28,165,194,0,236,236,430
08/25/2004,ADW,MD,AEA,EN,Combined TRACON& Tower with Radar,0,0,0,128,128,0,0,6,36,42,0,0,6,164,170,0,150,150,320
08/26/2004,ADW,MD,AEA,EN,Combined TRACON& Tower with Radar,0,0,0,125,125,0,0,12,47,59,0,0,12,172,184,12,284,296,480
08/27/2004,ADW,MD,AEA,EN,Combined TRACON& Tower with Radar,0,0,3,107,110,0,0,5,44,49,0,0,8,151,159,0,142,142,301
08/28/2004,ADW,MD,AEA,EN,Combined TRACON& Tower with Radar,0,0,0,65,65,0,0,10,11,21,0,0,10,76,86,0,12,12,98
08/29/2004,ADW,MD,AEA,EN,Combined TRACON& Tower with Radar,0,0,1,49,50,0,0,3,22,25,0,0,4,71,75,6,28,34,109
08/30/2004,ADW,MD,AEA,EN,Combined TRACON& Tower with Radar,0,0,1,122,123,0,0,1,24,25,0,0,2,146,148,0,158,158,306
08/31/2004,ADW,MD,AEA,EN,Combined TRACON& Tower with Radar,0,0,0,131,131,0,0,10,29,39,0,0,10,160,170,0,98,98,268
09/01/2004,ADW,MD,AEA,EN,Combined TRACON& Tower with Radar,0,0,1,138,139,0,0,3,34,37,0,0,4,172,176,0,104,104,280
09/02/2004,ADW,MD,AEA,EN,Combined TRACON& Tower with Radar,0,0,0,143,143,0,0,7,45,52,0,0,7,188,195,0,184,184,379
09/03/2004,ADW,MD,AEA,EN,Combined TRACON& Tower with Radar,0,0,0,99,99,0,0,7,18,25,0,0,7,117,124,0,82,82,206
09/04/2004,ADW,MD,AEA,EN,Combined TRACON& Tower with Radar,0,0,0,53,53,0,0,9,14,23,0,0,9,67,76,0,10,10,86
09/05/2004,ADW,MD,AEA,EN,Combined TRACON& Tower with Radar,0,0,0,43,43,0,1,0,0,1,0,1,0,43,44,12,16,28,72
09/06/2004,ADW,MD,AEA,EN,Combined TRACON& Tower with Radar,0,0,0,46,46,0,0,6,11,17,0,0,6,57,63,0,0,0,63
09/07/2004,ADW,MD,AEA,EN,Combined TRACON& Tower with Radar,2,0,1,129,132,0,0,7,57,64,2,0,8,186,196,0,108,108,304
09/08/2004,ADW,MD,AEA,EN,Combined TRACON& Tower with Radar,0,0,4,167,171,0,0,2,4,6,0,0,6,171,177,8,112,120,297
09/09/2004,ADW,MD,AEA,EN,Combined TRACON& Tower with Radar,0,0,0,171,171,0,0,4,60,64,0,0,4,231,235,8,220,228,463
09/10/2004,ADW,MD,AEA,EN,Combined TRACON& Tower with Radar,0,0,0,156,156,0,0,4,54,58,0,0,4,210,214,0,170,170,384
09/11/2004,ADW,MD,AEA,EN,Combined TRACON& Tower with Radar,0,0,2,45,47,0,0,17,19,36,0,0,19,64,83,2,40,42,125
09/12/2004,ADW,MD,AEA,EN,Combined TRACON& Tower with Radar,0,0,0,84,84,0,0,11,12,23,0,0,11,96,107,0,30,30,137
09/13/2004,ADW,MD,AEA,EN,Combined TRACON& Tower with Radar,0,0,1,149,150,0,0,14,29,43,0,0,15,178,193,30,96,126,319
09/14/2004,ADW,MD,AEA,EN,Combined TRACON& Tower with Radar,0,0,0,151,151,0,0,11,57,68,0,0,11,208,219,0,108,108,327
09/15/2004,ADW,MD,AEA,EN,Combined TRACON& Tower with Radar,0,0,1,129,130,0,0,0,12,12,0,0,1,141,142,0,50,50,192
09/16/2004,ADW,MD,AEA,EN,Combined TRACON& Tower with Radar,0,0,0,158,158,0,0,11,58,69,0,0,11,216,227,0,146,146,373
09/17/2004,ADW,MD,AEA,EN,Combined TRACON& Tower with Radar,0,0,1,115,116,0,0,7,23,30,0,0,8,138,146,0,44,44,190
09/18/2004,ADW,MD,AEA,EN,Combined TRACON& Tower with Radar,0,0,1,55,56,0,0,0,17,17,0,0,1,72,73,10,0,10,83
09/19/2004,ADW,MD,AEA,EN,Combined TRACON& Tower with Radar,0,0,0,85,85,0,0,7,12,19,0,0,7,97,104,0,48,48,152
09/20/2004,ADW,MD,AEA,EN,Combined TRACON& Tower with Radar,0,0,0,128,128,0,0,6,35,41,0,0,6,163,169,0,66,66,235
09/21/2004,ADW,MD,AEA,EN,Combined TRACON& Tower with Radar,0,0,0,140,140,0,0,10,48,58,0,0,10,188,198,2,246,248,446
09/22/2004,ADW,MD,AEA,EN,Combined TRACON& Tower with Radar,0,0,0,157,157,0,0,8,42,50,0,0,8,199,207,0,138,138,345
09/23/2004,ADW,MD,AEA,EN,Combined TRACON& Tower with Radar,0,0,2,164,166,0,0,13,53,66,0,0,15,217,232,0,246,246,478
09/24/2004,ADW,MD,AEA,EN,Combined TRACON& Tower with Radar,0,0,1,120,121,0,0,9,38,47,0,0,10,158,168,0,38,38,206
09/25/2004,ADW,MD,AEA,EN,Combined TRACON& Tower with Radar,0,0,8,68,76,0,0,8,13,21,0,0,16,81,97,0,14,14,111
09/26/2004,ADW,MD,AEA,EN,Combined TRACON& Tower with Radar,0,0,0,43,43,0,0,8,9,17,0,0,8,52,60,0,60,60,120
09/27/2004,ADW,MD,AEA,EN,Combined TRACON& Tower with Radar,0,0,1,107,108,0,0,7,34,41,0,0,8,141,149,0,186,186,335
09/28/2004,ADW,MD,AEA,EN,Combined TRACON& Tower with Radar,0,0,0,93,93,0,0,0,0,0,0,0,0,93,93,0,2,2,95
09/29/2004,ADW,MD,AEA,EN,Combined TRACON& Tower with Radar,0,0,3,101,104,0,0,5,44,49,0,0,8,145,153,0,128,128,281
09/30/2004,ADW,MD,AEA,EN,Combined TRACON& Tower with Radar,0,0,0,142,142,0,0,4,71,75,0,0,4,213,217,0,112,112,329
10/01/2004,ADW,MD,AEA,EN,Combined TRACON& Tower with Radar,0,0,2,102,104,0,0,15,23,38,0,0,17,125,142,0,30,30,172
10/02/2004,ADW,MD,AEA,EN,Combined TRACON& Tower with Radar,0,0,1,47,48,0,0,3,8,11,0,0,4,55,59,0,0,0,59
10/03/2004,ADW,MD,AEA,EN,Combined TRACON& Tower with Radar,2,0,1,36,39,0,0,9,21,30,2,0,10,57,69,0,6,6,75
10/04/2004,ADW,MD,AEA,EN,Combined TRACON& Tower with Radar,1,0,2,118,121,0,0,7,37,44,1,0,9,155,165,0,146,146,311
10/05/2004,ADW,MD,AEA,EN,Combined TRACON& Tower with Radar,0,0,1,103,104,0,0,0,0,0,0,0,1,103,104,44,100,144,248
10/06/2004,ADW,MD,AEA,EN,Combined TRACON& Tower with Radar,1,0,3,114,118,0,0,12,35,47,1,0,15,149,165,6,110,116,281
10/07/2004,ADW,MD,AEA,EN,Combined TRACON& Tower with Radar,0,0,0,110,110,0,0,9,42,51,0,0,9,152,161,0,114,114,275
10/08/2004,ADW,MD,AEA,EN,Combined TRACON& Tower with Radar,0,0,0,110,110,0,0,5,35,40,0,0,5,145,150,0,184,184,334
10/09/2004,ADW,MD,AEA,EN,Combined TRACON& Tower with Radar,0,0,0,40,40,0,0,9,13,22,0,0,9,53,62,2,0,2,64
10/10/2004,ADW,MD,AEA,EN,Combined TRACON& Tower with Radar,1,1,0,38,40,0,0,6,12,18,1,1,6,50,58,2,24,26,84
10/11/2004,ADW,MD,AEA,EN,Combined TRACON& Tower with Radar,0,0,0,42,42,0,0,10,11,21,0,0,10,53,63,0,8,8,71
10/12/2004,ADW,MD,AEA,EN,Combined TRACON& Tower with Radar,0,0,0,132,132,0,0,14,44,58,0,0,14,176,190,0,115,115,305
10/13/2004,ADW,MD,AEA,EN,Combined TRACON& Tower with Radar,0,0,0,117,117,0,0,5,41,46,0,0,5,158,163,2,102,104,267
10/14/2004,ADW,MD,AEA,EN,Combined TRACON& Tower with Radar,0,0,0,119,119,0,0,6,42,48,0,0,6,161,167,0,202,202,369
10/15/2004,ADW,MD,AEA,EN,Combined TRACON& Tower with Radar,1,0,0,152,153,0,0,3,46,49,1,0,3,198,202,2,144,146,348
10/16/2004,ADW,MD,AEA,EN,Combined TRACON& Tower with Radar,2,0,0,61,63,0,0,12,17,29,2,0,12,78,92,0,58,58,150
10/17/2004,ADW,MD,AEA,EN,Combined TRACON& Tower with Radar,0,0,0,80,80,0,0,6,13,19,0,0,6,93,99,0,42,42,141
10/18/2004,ADW,MD,AEA,EN,Combined TRACON& Tower with Radar,1,0,4,115,120,0,0,5,26,31,1,0,9,141,151,0,98,98,249
10/19/2004,ADW,MD,AEA,EN,Combined TRACON& Tower with Radar,0,0,0,123,123,0,0,1,1,2,0,0,1,124,125,0,12,12,137
10/20/2004,ADW,MD,AEA,EN,Combined TRACON& Tower with Radar,0,0,0,123,123,0,0,0,0,0,0,0,0,123,123,0,4,4,127
10/21/2004,ADW,MD,AEA,EN,Combined TRACON& Tower with Radar,1,0,3,124,128,0,0,0,14,14,1,0,3,138,142,0,28,28,170
10/22/2004,ADW,MD,AEA,EN,Combined TRACON& Tower with Radar,1,0,3,127,131,0,0,4,38,42,1,0,7,165,173,0,108,108,281
10/23/2004,ADW,MD,AEA,EN,Combined TRACON& Tower with Radar,0,0,1,76,77,0,0,11,11,22,0,0,12,87,99,2,62,64,163
10/24/2004,ADW,MD,AEA,EN,Combined TRACON& Tower with Radar,0,0,6,63,69,0,0,3,16,19,0,0,9,79,88,6,16,22,110
10/25/2004,ADW,MD,AEA,EN,Combined TRACON& Tower with Radar,0,0,0,145,145,0,0,4,16,20,0,0,4,161,165,0,90,90,255
10/26/2004,ADW,MD,AEA,EN,Combined TRACON& Tower with Radar,0,0,0,162,162,0,0,5,59,64,0,0,5,221,226,0,308,308,534
10/27/2004,ADW,MD,AEA,EN,Combined TRACON& Tower with Radar,0,0,1,149,150,0,0,9,35,44,0,0,10,184,194,0,186,186,380
10/28/2004,ADW,MD,AEA,EN,Combined TRACON& Tower with Radar,0,0,0,169,169,0,0,14,53,67,0,0,14,222,236,2,260,262,498
10/29/2004,ADW,MD,AEA,EN,Combined TRACON& Tower with Radar,0,0,2,149,151,0,0,6,17,23,0,0,8,166,174,0,180,180,354
10/30/2004,ADW,MD,AEA,EN,Combined TRACON& Tower with Radar,0,0,0,42,42,0,0,10,11,21,0,0,10,53,63,0,2,2,65
10/31/2004,ADW,MD,AEA,EN,Combined TRACON& Tower with Radar,0,0,0,61,61,0,0,16,13,29,0,0,16,74,90,0,4,4,94
11/01/2004,ADW,MD,AEA,EN,Towers with Radar,0,0,0,117,117,0,0,11,30,41,0,0,11,147,158,0,120,120,278
11/02/2004,ADW,MD,AEA,EN,Towers with Radar,0,0,0,154,154,0,0,13,45,58,0,0,13,199,212,0,256,256,468
11/03/2004,ADW,MD,AEA,EN,Towers with Radar,0,0,1,153,154,0,0,3,41,44,0,0,4,194,198,0,230,230,428
11/04/2004,ADW,MD,AEA,EN,Towers with Radar,0,0,1,99,100,0,0,4,18,22,0,0,5,117,122,0,104,104,226
11/05/2004,ADW,MD,AEA,EN,Towers with Radar,0,1,1,115,117,0,0,8,54,62,0,1,9,169,179,0,65,65,244
11/06/2004,ADW,MD,AEA,EN,Towers with Radar,0,0,0,89,89,0,0,18,14,32,0,0,18,103,121,0,82,82,203
11/07/2004,ADW,MD,AEA,EN,Towers with Radar,0,0,1,55,56,0,0,7,17,24,0,0,8,72,80,0,94,94,174
11/08/2004,ADW,MD,AEA,EN,Towers with Radar,0,0,0,112,112,0,0,7,19,26,0,0,7,131,138,0,16,16,154
11/09/2004,ADW,MD,AEA,EN,Towers with Radar,0,0,4,149,153,0,0,13,36,49,0,0,17,185,202,2,168,170,372
11/10/2004,ADW,MD,AEA,EN,Towers with Radar,0,0,3,66,69,0,0,7,36,43,0,0,10,102,112,0,76,76,188
11/11/2004,ADW,MD,AEA,EN,Towers with Radar,0,0,0,60,60,0,0,5,12,17,0,0,5,72,77,0,70,70,147
11/12/2004,ADW,MD,AEA,EN,Towers with Radar,0,0,0,61,61,0,0,0,0,0,0,0,0,61,61,0,6,6,67
11/13/2004,ADW,MD,AEA,EN,Towers with Radar,0,0,0,44,44,0,0,5,15,20,0,0,5,59,64,0,50,50,114
11/14/2004,ADW,MD,AEA,EN,Towers with Radar,0,2,0,46,48,0,0,4,7,11,0,2,4,53,59,0,22,22,81
11/15/2004,ADW,MD,AEA,EN,Towers with Radar,1,0,2,105,108,0,0,13,30,43,1,0,15,135,151,0,118,118,269
11/16/2004,ADW,MD,AEA,EN,Towers with Radar,0,0,2,117,119,0,0,7,39,46,0,0,9,156,165,20,138,158,323
11/17/2004,ADW,MD,AEA,EN,Towers with Radar,0,0,0,142,142,0,0,12,39,51,0,0,12,181,193,2,152,154,347
11/18/2004,ADW,MD,AEA,EN,Towers with Radar,0,0,1,117,118,0,0,10,51,61,0,0,11,168,179,30,140,170,349
11/19/2004,ADW,MD,AEA,EN,Towers with Radar,0,0,1,110,111,0,0,6,29,35,0,0,7,139,146,0,108,108,254
11/20/2004,ADW,MD,AEA,EN,Towers with Radar,0,0,1,86,87,0,0,6,15,21,0,0,7,101,108,0,120,120,228
11/21/2004,ADW,MD,AEA,EN,Towers with Radar,0,0,1,52,53,0,0,10,9,19,0,0,11,61,72,8,20,28,100
11/22/2004,ADW,MD,AEA,EN,Towers with Radar,0,0,6,100,106,0,0,7,9,16,0,0,13,109,122,32,44,76,198
11/23/2004,ADW,MD,AEA,EN,Towers with Radar,0,0,0,69,69,0,0,0,0,0,0,0,0,69,69,0,4,4,73
11/24/2004,ADW,MD,AEA,EN,Towers with Radar,0,0,1,79,80,0,0,0,18,18,0,0,1,97,98,0,0,0,98
11/25/2004,ADW,MD,AEA,EN,Towers with Radar,0,0,0,13,13,0,0,5,0,5,0,0,5,13,18,0,0,0,18
11/26/2004,ADW,MD,AEA,EN,Towers with Radar,0,0,0,17,17,0,0,7,19,26,0,0,7,36,43,8,44,52,95
11/27/2004,ADW,MD,AEA,EN,Towers with Radar,0,0,0,29,29,0,0,3,12,15,0,0,3,41,44,0,84,84,128
11/28/2004,ADW,MD,AEA,EN,Towers with Radar,0,0,2,36,38,0,0,7,15,22,0,0,9,51,60,0,28,28,88
11/29/2004,ADW,MD,AEA,EN,Towers with Radar,0,0,0,117,117,0,0,10,37,47,0,0,10,154,164,0,128,128,292
11/30/2004,ADW,MD,AEA,EN,Towers with Radar,0,0,0,133,133,0,0,15,39,54,0,0,15,172,187,2,86,88,275
12/01/2004,ADW,MD,AEA,EN,Towers with Radar,0,0,0,89,89,0,0,4,23,27,0,0,4,112,116,0,28,28,144
12/02/2004,ADW,MD,AEA,EN,Towers with Radar,0,0,1,135,136,0,0,6,55,61,0,0,7,190,197,2,162,164,361
12/03/2004,ADW,MD,AEA,EN,Towers with Radar,2,0,0,128,130,0,0,9,31,40,2,0,9,159,170,0,198,198,368
12/04/2004,ADW,MD,AEA,EN,Towers with Radar,0,0,2,75,77,0,0,14,20,34,0,0,16,95,111,0,136,136,247
12/05/2004,ADW,MD,AEA,EN,Towers with Radar,0,0,0,61,61,0,0,3,21,24,0,0,3,82,85,0,68,68,153
12/06/2004,ADW,MD,AEA,EN,Towers with Radar,0,0,0,84,84,0,0,6,27,33,0,0,6,111,117,0,118,118,235
12/07/2004,ADW,MD,AEA,EN,Towers with Radar,0,0,0,84,84,0,0,0,0,0,0,0,0,84,84,0,18,18,102
12/08/2004,ADW,MD,AEA,EN,Towers with Radar,0,0,5,147,152,0,0,6,38,44,0,0,11,185,196,4,212,216,412
12/09/2004,ADW,MD,AEA,EN,Towers with Radar,0,0,2,164,166,0,1,4,20,25,0,1,6,184,191,0,172,172,363
12/10/2004,ADW,MD,AEA,EN,Towers with Radar,0,0,0,66,66,0,0,0,0,0,0,0,0,66,66,0,4,4,70
12/11/2004,ADW,MD,AEA,EN,Towers with Radar,0,0,0,0,0,85,0,0,0,85,85,0,0,0,85,0,76,76,161
12/12/2004,ADW,MD,AEA,EN,Towers with Radar,0,0,1,24,25,0,0,8,18,26,0,0,9,42,51,0,0,0,51
12/13/2004,ADW,MD,AEA,EN,Towers with Radar,0,0,1,118,119,0,0,5,31,36,0,0,6,149,155,0,204,204,359
12/14/2004,ADW,MD,AEA,EN,Towers with Radar,0,0,0,129,129,0,0,1,38,39,0,0,1,167,168,0,209,209,377
12/15/2004,ADW,MD,AEA,EN,Towers with Radar,0,0,0,135,135,0,0,4,31,35,0,0,4,166,170,0,262,262,432
12/16/2004,ADW,MD,AEA,EN,Towers with Radar,0,0,3,144,147,0,0,5,47,52,0,0,8,191,199,0,222,222,421
12/17/2004,ADW,MD,AEA,EN,Towers with Radar,0,0,1,124,125,0,0,6,34,40,0,0,7,158,165,10,188,198,363
12/18/2004,ADW,MD,AEA,EN,Towers with Radar,0,0,0,46,46,0,0,4,10,14,0,0,4,56,60,6,106,112,172
12/19/2004,ADW,MD,AEA,EN,Towers with Radar,0,0,1,38,39,0,0,4,11,15,0,0,5,49,54,0,82,82,136
12/20/2004,ADW,MD,AEA,EN,Towers with Radar,3,0,2,62,67,0,0,15,7,22,3,0,17,69,89,0,32,32,121
12/21/2004,ADW,MD,AEA,EN,Towers with Radar,0,0,1,106,107,0,0,5,31,36,0,0,6,137,143,0,174,174,317
12/22/2004,ADW,MD,AEA,EN,Towers with Radar,0,0,2,110,112,0,0,12,23,35,0,0,14,133,147,0,186,186,333
12/23/2004,ADW,MD,AEA,EN,Towers with Radar,0,0,0,63,63,0,0,10,16,26,0,0,10,79,89,0,44,44,133
12/24/2004,ADW,MD,AEA,EN,Towers with Radar,0,1,1,9,11,0,0,13,6,19,0,1,14,15,30,2,0,2,32
12/25/2004,ADW,MD,AEA,EN,Towers with Radar,0,0,1,8,9,0,0,12,0,12,0,0,13,8,21,18,0,18,39
12/26/2004,ADW,MD,AEA,EN,Towers with Radar,0,0,1,9,10,0,0,5,10,15,0,0,6,19,25,0,0,0,25
12/27/2004,ADW,MD,AEA,EN,Towers with Radar,0,0,0,50,50,0,0,11,22,33,0,0,11,72,83,0,114,114,197
12/28/2004,ADW,MD,AEA,EN,Towers with Radar,0,0,2,86,88,0,0,7,33,40,0,0,9,119,128,0,103,103,231
12/29/2004,ADW,MD,AEA,EN,Towers with Radar,0,0,0,44,44,0,0,1,26,27,0,0,1,70,71,0,54,54,125
12/30/2004,ADW,MD,AEA,EN,Towers with Radar,0,0,0,75,75,0,0,7,27,34,0,0,7,102,109,0,146,146,255
12/31/2004,ADW,MD,AEA,EN,Towers with Radar,0,0,0,24,24,0,0,7,5,12,0,0,7,29,36,0,32,32,68
01/01/2005,ADW,MD,AEA,EN,Towers with Radar,0,0,0,11,11,0,0,13,0,13,0,0,13,11,24,0,0,0,24
01/02/2005,ADW,MD,AEA,EN,Towers with Radar,0,0,1,30,31,0,0,2,15,17,0,0,3,45,48,0,20,20,68
01/03/2005,ADW,MD,AEA,EN,Towers with Radar,0,0,0,89,89,0,0,8,19,27,0,0,8,108,116,12,60,72,188
01/04/2005,ADW,MD,AEA,EN,Towers with Radar,0,0,0,82,82,0,0,7,29,36,0,0,7,111,118,0,274,274,392
01/05/2005,ADW,MD,AEA,EN,Towers with Radar,1,0,1,77,79,0,0,0,0,0,1,0,1,77,79,0,8,8,87
01/06/2005,ADW,MD,AEA,EN,Towers with Radar,0,0,0,56,56,0,0,0,0,0,0,0,0,56,56,0,4,4,60
01/07/2005,ADW,MD,AEA,EN,Towers with Radar,1,0,3,112,116,0,0,13,35,48,1,0,16,147,164,0,220,220,384
01/08/2005,ADW,MD,AEA,EN,Towers with Radar,0,0,0,31,31,0,0,7,3,10,0,0,7,34,41,0,0,0,41
01/09/2005,ADW,MD,AEA,EN,Towers with Radar,0,0,0,62,62,0,0,8,12,20,0,0,8,74,82,0,90,90,172
01/10/2005,ADW,MD,AEA,EN,Towers with Radar,0,0,1,116,117,0,0,8,38,46,0,0,9,154,163,0,204,204,367
01/11/2005,ADW,MD,AEA,EN,Towers with Radar,0,0,3,109,112,0,0,17,22,39,0,0,20,131,151,6,116,122,273
01/12/2005,ADW,MD,AEA,EN,Towers with Radar,0,0,0,76,76,0,0,3,14,17,0,0,3,90,93,0,74,74,167
01/13/2005,ADW,MD,AEA,EN,Towers with Radar,0,0,0,122,122,0,0,0,52,52,0,0,0,174,174,0,213,213,387
01/14/2005,ADW,MD,AEA,EN,Towers with Radar,1,0,0,105,106,0,0,1,33,34,1,0,1,138,140,0,76,76,216
01/15/2005,ADW,MD,AEA,EN,Towers with Radar,0,0,1,46,47,0,0,2,14,16,0,0,3,60,63,0,76,76,139
01/16/2005,ADW,MD,AEA,EN,Towers with Radar,0,0,0,30,30,0,0,8,14,22,0,0,8,44,52,0,8,8,60
01/17/2005,ADW,MD,AEA,EN,Towers with Radar,0,0,0,34,34,0,0,11,9,20,0,0,11,43,54,0,16,16,70
01/18/2005,ADW,MD,AEA,EN,Towers with Radar,0,0,0,131,131,0,0,8,20,28,0,0,8,151,159,0,204,204,363
01/19/2005,ADW,MD,AEA,EN,Towers with Radar,0,0,1,85,86,0,0,4,43,47,0,0,5,128,133,0,128,128,261
01/20/2005,ADW,MD,AEA,EN,Towers with Radar,0,0,0,67,67,0,0,15,0,15,0,0,15,67,82,0,22,22,104
01/21/2005,ADW,MD,AEA,EN,Towers with Radar,0,0,1,116,117,0,0,15,55,70,0,0,16,171,187,0,268,268,455
01/22/2005,ADW,MD,AEA,EN,Towers with Radar,0,0,0,17,17,0,0,1,0,1,0,0,1,17,18,0,0,0,18
01/23/2005,ADW,MD,AEA,EN,Towers with Radar,0,0,1,26,27,0,0,0,0,0,0,0,1,26,27,0,0,0,27
01/24/2005,ADW,MD,AEA,EN,Towers with Radar,0,0,3,121,124,0,0,3,22,25,0,0,6,143,149,16,212,228,377
01/25/2005,ADW,MD,AEA,EN,Towers with Radar,1,0,2,135,138,0,0,3,41,44,1,0,5,176,182,2,146,148,330
01/26/2005,ADW,MD,AEA,EN,Towers with Radar,0,0,3,110,113,0,0,5,23,28,0,0,8,133,141,0,138,138,279
01/27/2005,ADW,MD,AEA,EN,Towers with Radar,1,0,6,152,159,0,0,4,44,48,1,0,10,196,207,0,200,200,407
01/28/2005,ADW,MD,AEA,EN,Towers with Radar,0,0,1,123,124,0,0,12,39,51,0,0,13,162,175,8,158,166,341
01/29/2005,ADW,MD,AEA,EN,Towers with Radar,0,0,1,56,57,0,0,10,9,19,0,0,11,65,76,0,54,54,130
01/30/2005,ADW,MD,AEA,EN,Towers with Radar,0,1,1,27,29,0,0,0,0,0,0,1,1,27,29,0,2,2,31
01/31/2005,ADW,MD,AEA,EN,Towers with Radar,0,0,0,127,127,0,0,9,23,32,0,0,9,150,159,0,224,224,383
02/01/2005,ADW,MD,AEA,EN,Towers with Radar,0,0,4,134,138,0,0,6,48,54,0,0,10,182,192,2,162,164,356
02/02/2005,ADW,MD,AEA,EN,Towers with Radar,0,1,0,133,134,0,0,3,14,17,0,1,3,147,151,0,86,86,237
02/03/2005,ADW,MD,AEA,EN,Towers with Radar,0,0,0,122,122,0,0,4,20,24,0,0,4,142,146,0,52,52,198
02/04/2005,ADW,MD,AEA,EN,Towers with Radar,2,0,0,131,133,0,0,6,35,41,2,0,6,166,174,0,142,142,316
02/05/2005,ADW,MD,AEA,EN,Towers with Radar,0,0,1,65,66,0,0,19,8,27,0,0,20,73,93,0,168,168,261
02/06/2005,ADW,MD,AEA,EN,Towers with Radar,0,0,0,64,64,0,0,11,1,12,0,0,11,65,76,0,86,86,162
02/07/2005,ADW,MD,AEA,EN,Towers with Radar,0,0,0,104,104,0,0,0,0,0,0,0,0,104,104,10,36,46,150
02/08/2005,ADW,MD,AEA,EN,Towers with Radar,1,0,6,118,125,0,0,7,43,50,1,0,13,161,175,0,232,232,407
02/09/2005,ADW,MD,AEA,EN,Towers with Radar,1,0,2,133,136,0,0,5,23,28,1,0,7,156,164,0,110,110,274
02/10/2005,ADW,MD,AEA,EN,Towers with Radar,2,0,0,114,116,0,0,8,42,50,2,0,8,156,166,0,82,82,248
02/11/2005,ADW,MD,AEA,EN,Towers with Radar,0,0,1,119,120,0,0,6,24,30,0,0,7,143,150,0,76,76,226
02/12/2005,ADW,MD,AEA,EN,Towers with Radar,0,0,0,61,61,0,0,8,17,25,0,0,8,78,86,0,44,44,130
02/13/2005,ADW,MD,AEA,EN,Towers with Radar,0,0,0,56,56,0,0,9,18,27,0,0,9,74,83,0,12,12,95
02/14/2005,ADW,MD,AEA,EN,Towers with Radar,0,0,0,96,96,0,0,0,0,0,0,0,0,96,96,0,42,42,138
02/15/2005,ADW,MD,AEA,EN,Towers with Radar,0,0,10,141,151,0,0,8,38,46,0,0,18,179,197,16,246,262,459
02/16/2005,ADW,MD,AEA,EN,Towers with Radar,2,0,3,120,125,0,0,4,37,41,2,0,7,157,166,0,128,128,294
02/17/2005,ADW,MD,AEA,EN,Towers with Radar,0,0,0,149,149,0,0,4,44,48,0,0,4,193,197,12,172,184,381
02/18/2005,ADW,MD,AEA,EN,Towers with Radar,0,0,0,103,103,0,0,12,27,39,0,0,12,130,142,0,90,90,232
02/19/2005,ADW,MD,AEA,EN,Towers with Radar,1,0,2,41,44,0,0,11,13,24,1,0,13,54,68,6,14,20,88
02/20/2005,ADW,MD,AEA,EN,Towers with Radar,1,0,0,38,39,0,0,8,23,31,1,0,8,61,70,0,10,10,80
02/21/2005,ADW,MD,AEA,EN,Towers with Radar,0,0,0,26,26,0,0,0,12,12,0,0,0,38,38,0,30,30,68
02/22/2005,ADW,MD,AEA,EN,Towers with Radar,0,0,2,91,93,0,0,0,59,59,0,0,2,150,152,3,126,129,281
02/23/2005,ADW,MD,AEA,EN,Towers with Radar,0,0,8,102,110,0,0,8,20,28,0,0,16,122,138,12,96,108,246
02/24/2005,ADW,MD,AEA,EN,Towers with Radar,0,0,0,39,39,0,0,0,1,1,0,0,0,40,40,0,0,0,40
02/25/2005,ADW,MD,AEA,EN,Towers with Radar,1,0,1,101,103,0,0,6,33,39,1,0,7,134,142,0,76,76,218
02/26/2005,ADW,MD,AEA,EN,Towers with Radar,0,0,0,63,63,0,0,7,16,23,0,0,7,79,86,0,138,138,224
02/27/2005,ADW,MD,AEA,EN,Towers with Radar,0,0,0,54,54,0,0,7,19,26,0,0,7,73,80,0,4,4,84
02/28/2005,ADW,MD,AEA,EN,Towers with Radar,0,0,0,44,44,0,0,2,0,2,0,0,2,44,46,0,2,2,48
03/01/2005,ADW,MD,AEA,EN,Towers with Radar,0,0,1,101,102,0,0,7,23,30,0,0,8,124,132,0,172,172,304
03/02/2005,ADW,MD,AEA,EN,Towers with Radar,0,0,0,83,83,0,0,7,26,33,0,0,7,109,116,0,76,76,192
03/03/2005,ADW,MD,AEA,EN,Towers with Radar,0,0,1,124,125,0,0,2,57,59,0,0,3,181,184,0,234,234,418
03/04/2005,ADW,MD,AEA,EN,Towers with Radar,3,0,1,130,134,0,0,8,32,40,3,0,9,162,174,0,278,278,452
03/05/2005,ADW,MD,AEA,EN,Towers with Radar,0,0,0,32,32,0,0,1,22,23,0,0,1,54,55,0,60,60,115
03/06/2005,ADW,MD,AEA,EN,Towers with Radar,0,0,0,39,39,0,0,9,21,30,0,0,9,60,69,0,42,42,111
03/07/2005,ADW,MD,AEA,EN,Towers with Radar,0,0,0,108,108,0,0,9,58,67,0,0,9,166,175,0,204,204,379
03/08/2005,ADW,MD,AEA,EN,Towers with Radar,0,0,3,60,63,0,0,7,11,18,0,0,10,71,81,0,4,4,85
03/09/2005,ADW,MD,AEA,EN,Towers with Radar,1,0,2,147,150,0,0,5,28,33,1,0,7,175,183,0,88,88,271
03/10/2005,ADW,MD,AEA,EN,Towers with Radar,0,0,2,119,121,0,0,10,52,62,0,0,12,171,183,0,110,110,293
03/11/2005,ADW,MD,AEA,EN,Towers with Radar,2,0,1,97,100,0,0,4,35,39,2,0,5,132,139,0,154,154,293
03/12/2005,ADW,MD,AEA,EN,Towers with Radar,0,0,0,50,50,0,0,9,14,23,0,0,9,64,73,0,40,40,113
03/13/2005,ADW,MD,AEA,EN,Towers with Radar,0,0,1,45,46,0,0,17,10,27,0,0,18,55,73,4,20,24,97
03/14/2005,ADW,MD,AEA,EN,Towers with Radar,0,0,0,0,0,0,0,2136,0,2136,0,0,2136,0,2136,0,112,112,2248
03/15/2005,ADW,MD,AEA,EN,Towers with Radar,0,0,1,127,128,0,0,8,49,57,0,0,9,176,185,0,158,158,343
03/16/2005,ADW,MD,AEA,EN,Towers with Radar,0,0,2,115,117,0,0,7,41,48,0,0,9,156,165,2,158,160,325
03/17/2005,ADW,MD,AEA,EN,Towers with Radar,0,0,3,126,129,0,0,10,37,47,0,0,13,163,176,0,160,160,336
03/18/2005,ADW,MD,AEA,EN,Towers with Radar,2,0,4,105,111,0,0,10,29,39,2,0,14,134,150,0,94,94,244
03/19/2005,ADW,MD,AEA,EN,Towers with Radar,0,0,0,60,60,0,0,4,12,16,0,0,4,72,76,0,122,122,198
03/20/2005,ADW,MD,AEA,EN,Towers with Radar,0,0,0,57,57,0,0,1,16,17,0,0,1,73,74,0,0,0,74
03/21/2005,ADW,MD,AEA,EN,Towers with Radar,0,0,0,100,100,0,0,4,43,47,0,0,4,143,147,10,90,100,247
03/22/2005,ADW,MD,AEA,EN,Towers with Radar,0,0,2,137,139,0,0,7,54,61,0,0,9,191,200,0,248,248,448
03/23/2005,ADW,MD,AEA,EN,Towers with Radar,0,0,1,80,81,0,0,0,0,0,0,0,1,80,81,0,0,0,81
03/24/2005,ADW,MD,AEA,EN,Towers with Radar,0,0,0,142,142,0,0,10,54,64,0,0,10,196,206,0,214,214,420
03/25/2005,ADW,MD,AEA,EN,Towers with Radar,0,0,0,80,80,0,0,5,31,36,0,0,5,111,116,0,146,146,262
03/26/2005,ADW,MD,AEA,EN,Towers with Radar,0,0,1,32,33,0,0,3,12,15,0,0,4,44,48,0,6,6,54
03/27/2005,ADW,MD,AEA,EN,Towers with Radar,0,0,0,13,13,0,0,4,2,6,0,0,4,15,19,0,0,0,19
03/28/2005,ADW,MD,AEA,EN,Towers with Radar,0,0,1,53,54,0,0,2,0,2,0,0,3,53,56,0,0,0,56
03/29/2005,ADW,MD,AEA,EN,Towers with Radar,0,2,0,124,126,0,0,8,38,46,0,2,8,162,172,0,254,254,426
03/30/2005,ADW,MD,AEA,EN,Towers with Radar,2,0,3,129,134,0,0,2,49,51,2,0,5,178,185,0,208,208,393
03/31/2005,ADW,MD,AEA,EN,Towers with Radar,2,0,3,10,15,0,0,183,0,183,2,0,186,10,198,0,160,160,358
04/01/2005,ADW,MD,AEA,EN,Towers with Radar,0,0,2,91,93,0,0,6,51,57,0,0,8,142,150,2,98,100,250
04/02/2005,ADW,MD,AEA,EN,Towers with Radar,2,0,3,27,32,0,0,0,0,0,2,0,3,27,32,0,2,2,34
04/03/2005,ADW,MD,AEA,EN,Towers with Radar,0,0,1,28,29,0,0,6,2,8,0,0,7,30,37,0,4,4,41
04/04/2005,ADW,MD,AEA,EN,Towers with Radar,0,0,1,92,93,0,0,6,36,42,0,0,7,128,135,2,112,114,249
04/05/2005,ADW,MD,AEA,EN,Towers with Radar,2,0,2,148,152,0,0,17,43,60,2,0,19,191,212,0,258,258,470
04/06/2005,ADW,MD,AEA,EN,Towers with Radar,0,0,7,129,136,0,0,16,19,35,0,0,23,148,171,0,248,248,419
04/07/2005,ADW,MD,AEA,EN,Towers with Radar,1,0,0,141,142,0,0,4,34,38,1,0,4,175,180,0,154,154,334
04/08/2005,ADW,MD,AEA,EN,Towers with Radar,2,0,0,126,128,0,0,3,31,34,2,0,3,157,162,0,168,168,330
04/09/2005,ADW,MD,AEA,EN,Towers with Radar,0,0,0,87,87,0,0,6,10,16,0,0,6,97,103,0,104,104,207
04/10/2005,ADW,MD,AEA,EN,Towers with Radar,0,0,0,72,72,0,0,11,24,35,0,0,11,96,107,0,88,88,195
04/11/2005,ADW,MD,AEA,EN,Towers with Radar,0,0,1,95,96,0,0,11,33,44,0,0,12,128,140,0,148,148,288
04/12/2005,ADW,MD,AEA,EN,Towers with Radar,0,0,3,135,138,0,0,12,28,40,0,0,15,163,178,0,184,184,362
04/13/2005,ADW,MD,AEA,EN,Towers with Radar,0,0,0,138,138,0,0,10,37,47,0,0,10,175,185,0,404,404,589
04/14/2005,ADW,MD,AEA,EN,Towers with Radar,0,0,0,132,132,0,0,6,32,38,0,0,6,164,170,16,168,184,354
04/15/2005,ADW,MD,AEA,EN,Towers with Radar,4,1,2,131,138,0,0,4,36,40,4,1,6,167,178,0,126,126,304
04/16/2005,ADW,MD,AEA,EN,Towers with Radar,0,0,0,61,61,0,0,11,18,29,0,0,11,79,90,0,0,0,90
04/17/2005,ADW,MD,AEA,EN,Towers with Radar,0,0,0,53,53,0,0,8,11,19,0,0,8,64,72,0,14,14,86
04/18/2005,ADW,MD,AEA,EN,Towers with Radar,0,0,2,108,110,0,0,11,24,35,0,0,13,132,145,0,74,74,219
04/19/2005,ADW,MD,AEA,EN,Towers with Radar,1,1,1,163,166,0,0,5,43,48,1,1,6,206,214,0,152,152,366
04/20/2005,ADW,MD,AEA,EN,Towers with Radar,0,0,0,143,143,0,0,10,32,42,0,0,10,175,185,0,174,174,359
04/21/2005,ADW,MD,AEA,EN,Towers with Radar,0,0,0,123,123,0,0,5,32,37,0,0,5,155,160,0,276,276,436
04/22/2005,ADW,MD,AEA,EN,Towers with Radar,0,0,1,114,115,0,0,3,19,22,0,0,4,133,137,0,14,14,151
04/23/2005,ADW,MD,AEA,EN,Towers with Radar,0,0,5,40,45,0,0,3,10,13,0,0,8,50,58,0,68,68,126
04/24/2005,ADW,MD,AEA,EN,Towers with Radar,2,0,0,58,60,0,0,13,9,22,2,0,13,67,82,0,4,4,86
04/25/2005,ADW,MD,AEA,EN,Towers with Radar,0,0,0,119,119,0,0,6,23,29,0,0,6,142,148,0,92,92,240
04/26/2005,ADW,MD,AEA,EN,Towers with Radar,0,0,0,181,181,0,0,9,40,49,0,0,9,221,230,0,262,262,492
04/27/2005,ADW,MD,AEA,EN,Towers with Radar,1,0,0,133,134,0,0,3,29,32,1,0,3,162,166,0,242,242,408
04/28/2005,ADW,MD,AEA,EN,Towers with Radar,0,0,1,123,124,0,0,12,46,58,0,0,13,169,182,0,182,182,364
04/29/2005,ADW,MD,AEA,EN,Towers with Radar,0,0,1,99,100,0,0,7,20,27,0,0,8,119,127,0,192,192,319
04/30/2005,ADW,MD,AEA,EN,Towers with Radar,0,0,5,46,51,0,0,19,1,20,0,0,24,47,71,2,58,60,131
05/01/2005,ADW,MD,AEA,EN,Towers with Radar,0,0,0,38,38,0,0,8,8,16,0,0,8,46,54,52,16,68,122
05/02/2005,ADW,MD,AEA,EN,Towers with Radar,0,0,0,111,111,0,0,4,36,40,0,0,4,147,151,0,98,98,249
05/03/2005,ADW,MD,AEA,EN,Towers with Radar,2,0,10,136,148,0,0,16,45,61,2,0,26,181,209,18,246,264,473
05/04/2005,ADW,MD,AEA,EN,Towers with Radar,0,0,2,152,154,0,0,8,27,35,0,0,10,179,189,0,244,244,433
05/05/2005,ADW,MD,AEA,EN,Towers with Radar,1,0,5,108,114,0,0,13,23,36,1,0,18,131,150,4,174,178,328
05/06/2005,ADW,MD,AEA,EN,Towers with Radar,0,0,0,136,136,0,0,8,33,41,0,0,8,169,177,0,156,156,333
05/07/2005,ADW,MD,AEA,EN,Towers with Radar,0,0,0,58,58,0,0,17,9,26,0,0,17,67,84,0,10,10,94
05/08/2005,ADW,MD,AEA,EN,Towers with Radar,0,0,4,44,48,0,0,7,9,16,0,0,11,53,64,14,10,24,88
05/09/2005,ADW,MD,AEA,EN,Towers with Radar,0,0,0,111,111,0,0,16,34,50,0,0,16,145,161,0,310,310,471
05/10/2005,ADW,MD,AEA,EN,Towers with Radar,0,0,2,176,178,0,0,16,45,61,0,0,18,221,239,4,272,276,515
05/11/2005,ADW,MD,AEA,EN,Towers with Radar,0,0,0,160,160,0,0,10,33,43,0,0,10,193,203,2,256,258,461
05/12/2005,ADW,MD,AEA,EN,Towers with Radar,0,0,1,123,124,0,0,8,27,35,0,0,9,150,159,0,146,146,305
05/13/2005,ADW,MD,AEA,EN,Towers with Radar,0,0,1,124,125,0,0,9,30,39,0,0,10,154,164,0,118,118,282
05/14/2005,ADW,MD,AEA,EN,Towers with Radar,0,0,1,77,78,0,0,5,15,20,0,0,6,92,98,4,142,146,244
05/15/2005,ADW,MD,AEA,EN,Towers with Radar,0,0,1,45,46,0,0,7,8,15,0,0,8,53,61,0,24,24,85
05/16/2005,ADW,MD,AEA,EN,Towers with Radar,0,0,1,115,116,0,0,7,37,44,0,0,8,152,160,4,250,254,414
05/17/2005,ADW,MD,AEA,EN,Towers with Radar,0,0,4,139,143,0,0,18,31,49,0,0,22,170,192,20,190,210,402
05/18/2005,ADW,MD,AEA,EN,Towers with Radar,0,2,0,95,97,0,0,14,13,27,0,2,14,108,124,12,132,144,268
05/19/2005,ADW,MD,AEA,EN,Towers with Radar,0,0,14,91,105,0,0,9,16,25,0,0,23,107,130,48,132,180,310
05/20/2005,ADW,MD,AEA,EN,Towers with Radar,0,0,0,13,13,0,0,0,2,2,0,0,0,15,15,0,0,0,15
05/21/2005,ADW,MD,AEA,EN,Towers with Radar,0,0,1,10,11,0,0,3,5,8,0,0,4,15,19,0,0,0,19
05/22/2005,ADW,MD,AEA,EN,Towers with Radar,0,0,36,38,74,0,0,23,2,25,0,0,59,40,99,44,68,112,211
05/23/2005,ADW,MD,AEA,EN,Towers with Radar,0,0,11,106,117,0,0,5,25,30,0,0,16,131,147,2,106,108,255
05/24/2005,ADW,MD,AEA,EN,Towers with Radar,1,0,0,117,118,0,0,0,11,11,1,0,0,128,129,0,18,18,147
05/25/2005,ADW,MD,AEA,EN,Towers with Radar,0,0,3,113,116,0,0,5,11,16,0,0,8,124,132,0,94,94,226
05/26/2005,ADW,MD,AEA,EN,Towers with Radar,0,0,3,114,117,0,0,13,37,50,0,0,16,151,167,24,222,246,413
05/27/2005,ADW,MD,AEA,EN,Towers with Radar,0,0,0,99,99,0,0,10,9,19,0,0,10,108,118,0,84,84,202
05/28/2005,ADW,MD,AEA,EN,Towers with Radar,0,0,0,42,42,0,0,4,16,20,0,0,4,58,62,3,66,69,131
05/29/2005,ADW,MD,AEA,EN,Towers with Radar,0,0,0,23,23,0,0,15,13,28,0,0,15,36,51,0,46,46,97
05/30/2005,ADW,MD,AEA,EN,Towers with Radar,0,0,0,21,21,0,0,11,7,18,0,0,11,28,39,0,10,10,49
05/31/2005,ADW,MD,AEA,EN,Towers with Radar,0,0,2,95,97,0,0,4,24,28,0,0,6,119,125,0,102,102,227
06/01/2005,ADW,MD,AEA,EN,Towers with Radar,0,0,1,120,121,0,0,12,29,41,0,0,13,149,162,0,178,178,340
06/02/2005,ADW,MD,AEA,EN,Towers with Radar,0,0,6,139,145,0,0,7,34,41,0,0,13,173,186,14,200,214,400
06/03/2005,ADW,MD,AEA,EN,Towers with Radar,0,0,4,79,83,0,0,0,1,1,0,0,4,80,84,0,2,2,86
06/04/2005,ADW,MD,AEA,EN,Towers with Radar,0,0,4,40,44,0,0,2,13,15,0,0,6,53,59,2,32,34,93
06/05/2005,ADW,MD,AEA,EN,Towers with Radar,0,0,0,63,63,0,0,18,14,32,0,0,18,77,95,0,14,14,109
06/06/2005,ADW,MD,AEA,EN,Towers with Radar,0,0,1,99,100,0,0,20,23,43,0,0,21,122,143,0,92,92,235
06/07/2005,ADW,MD,AEA,EN,Towers with Radar,3,0,1,111,115,0,0,9,34,43,3,0,10,145,158,0,238,238,396
06/08/2005,ADW,MD,AEA,EN,Towers with Radar,0,0,1,99,100,0,0,10,21,31,0,0,11,120,131,0,92,92,223
06/09/2005,ADW,MD,AEA,EN,Towers with Radar,2,0,1,118,121,0,0,10,16,26,2,0,11,134,147,0,96,96,243
06/10/2005,ADW,MD,AEA,EN,Towers with Radar,0,0,1,87,88,0,0,8,20,28,0,0,9,107,116,0,204,204,320
06/11/2005,ADW,MD,AEA,EN,Towers with Radar,0,0,1,57,58,0,0,13,12,25,0,0,14,69,83,0,98,98,181
06/12/2005,ADW,MD,AEA,EN,Towers with Radar,0,0,1,60,61,0,0,12,10,22,0,0,13,70,83,12,22,34,117
06/13/2005,ADW,MD,AEA,EN,Towers with Radar,0,0,1,132,133,0,0,13,23,36,0,0,14,155,169,0,200,200,369
06/14/2005,ADW,MD,AEA,EN,Towers with Radar,0,0,7,107,114,0,0,7,37,44,0,0,14,144,158,0,236,236,394
06/15/2005,ADW,MD,AEA,EN,Towers with Radar,0,0,3,131,134,0,0,13,23,36,0,0,16,154,170,0,176,176,346
06/16/2005,ADW,MD,AEA,EN,Towers with Radar,0,0,0,112,112,0,0,3,20,23,0,0,3,132,135,0,164,164,299
06/17/2005,ADW,MD,AEA,EN,Towers with Radar,0,2,9,111,122,0,0,16,30,46,0,2,25,141,168,10,152,162,330
06/18/2005,ADW,MD,AEA,EN,Towers with Radar,0,0,3,24,27,0,0,13,18,31,0,0,16,42,58,2,36,38,96
06/19/2005,ADW,MD,AEA,EN,Towers with Radar,0,0,0,37,37,0,0,10,7,17,0,0,10,44,54,0,10,10,64
06/20/2005,ADW,MD,AEA,EN,Towers with Radar,1,0,6,103,110,0,0,14,19,33,1,0,20,122,143,0,144,144,287
06/21/2005,ADW,MD,AEA,EN,Towers with Radar,1,0,4,124,129,0,0,6,46,52,1,0,10,170,181,0,202,202,383
06/22/2005,ADW,MD,AEA,EN,Towers with Radar,0,0,2,124,126,0,0,0,0,0,0,0,2,124,126,0,158,158,284
06/23/2005,ADW,MD,AEA,EN,Towers with Radar,1,0,6,108,115,0,0,8,35,43,1,0,14,143,158,0,116,116,274
06/24/2005,ADW,MD,AEA,EN,Towers with Radar,0,0,2,113,115,0,0,14,26,40,0,0,16,139,155,6,126,132,287
06/25/2005,ADW,MD,AEA,EN,Towers with Radar,0,0,1,12,13,0,0,8,22,30,0,0,9,34,43,2,94,96,139
06/26/2005,ADW,MD,AEA,EN,Towers with Radar,0,1,3,58,62,0,0,4,9,13,0,1,7,67,75,2,14,16,91
06/27/2005,ADW,MD,AEA,EN,Towers with Radar,0,0,3,156,159,0,0,15,41,56,0,0,18,197,215,22,288,310,525
06/28/2005,ADW,MD,AEA,EN,Towers with Radar,1,0,3,137,141,0,0,14,30,44,1,0,17,167,185,0,210,210,395
06/29/2005,ADW,MD,AEA,EN,Towers with Radar,2,0,2,113,117,0,0,3,17,20,2,0,5,130,137,16,102,118,255
06/30/2005,ADW,MD,AEA,EN,Towers with Radar,0,0,0,152,152,0,0,6,22,28,0,0,6,174,180,0,244,244,424
07/01/2005,ADW,MD,AEA,EN,Towers with Radar,0,0,2,66,68,0,0,4,6,10,0,0,6,72,78,0,44,44,122
07/02/2005,ADW,MD,AEA,EN,Towers with Radar,0,0,0,26,26,0,0,9,14,23,0,0,9,40,49,0,4,4,53
07/03/2005,ADW,MD,AEA,EN,Towers with Radar,0,0,2,33,35,0,0,19,8,27,0,0,21,41,62,6,36,42,104
07/04/2005,ADW,MD,AEA,EN,Towers with Radar,1,0,0,25,26,0,0,15,9,24,1,0,15,34,50,0,0,0,50
07/05/2005,ADW,MD,AEA,EN,Towers with Radar,1,0,0,95,96,0,0,25,25,50,1,0,25,120,146,0,170,170,316
07/06/2005,ADW,MD,AEA,EN,Towers with Radar,0,0,2,134,136,0,0,15,18,33,0,0,17,152,169,2,212,214,383
07/07/2005,ADW,MD,AEA,EN,Towers with Radar,0,0,2,132,134,0,0,8,15,23,0,0,10,147,157,2,190,192,349
07/08/2005,ADW,MD,AEA,EN,Towers with Radar,0,0,0,122,122,0,0,2,13,15,0,0,2,135,137,0,138,138,275
07/09/2005,ADW,MD,AEA,EN,Towers with Radar,2,0,2,0,4,0,0,11,61,72,2,0,13,61,76,0,14,14,90
07/10/2005,ADW,MD,AEA,EN,Towers with Radar,0,0,0,49,49,0,0,11,9,20,0,0,11,58,69,0,8,8,77
07/11/2005,ADW,MD,AEA,EN,Towers with Radar,0,0,0,95,95,0,0,9,22,31,0,0,9,117,126,0,114,114,240
07/12/2005,ADW,MD,AEA,EN,Towers with Radar,0,0,3,134,137,0,0,5,35,40,0,0,8,169,177,0,242,242,419
07/13/2005,ADW,MD,AEA,EN,Towers with Radar,0,0,2,84,86,0,0,11,23,34,0,0,13,107,120,0,186,186,306
07/14/2005,ADW,MD,AEA,EN,Towers with Radar,0,0,0,147,147,0,0,4,39,43,0,0,4,186,190,0,194,194,384
07/15/2005,ADW,MD,AEA,EN,Towers with Radar,2,0,2,141,145,0,0,3,9,12,2,0,5,150,157,0,94,94,251
07/16/2005,ADW,MD,AEA,EN,Towers with Radar,2,0,2,43,47,0,0,9,0,9,2,0,11,43,56,0,0,0,56
07/17/2005,ADW,MD,AEA,EN,Towers with Radar,0,0,0,34,34,0,0,5,11,16,0,0,5,45,50,0,18,18,68
07/18/2005,ADW,MD,AEA,EN,Towers with Radar,0,0,0,127,127,0,0,4,34,38,0,0,4,161,165,0,234,234,399
07/19/2005,ADW,MD,AEA,EN,Towers with Radar,1,0,1,110,112,0,0,8,29,37,1,0,9,139,149,0,114,114,263
07/20/2005,ADW,MD,AEA,EN,Towers with Radar,1,0,2,127,130,0,0,8,22,30,1,0,10,149,160,10,170,180,340
07/21/2005,ADW,MD,AEA,EN,Towers with Radar,0,0,0,129,129,0,0,9,0,9,0,0,9,129,138,0,288,288,426
07/22/2005,ADW,MD,AEA,EN,Towers with Radar,6,0,0,152,158,0,0,4,27,31,6,0,4,179,189,0,232,232,421
07/23/2005,ADW,MD,AEA,EN,Towers with Radar,0,0,4,85,89,0,0,24,14,38,0,0,28,99,127,0,142,142,269
07/24/2005,ADW,MD,AEA,EN,Towers with Radar,0,0,0,43,43,0,0,12,10,22,0,0,12,53,65,0,18,18,83
07/25/2005,ADW,MD,AEA,EN,Towers with Radar,0,0,2,140,142,0,0,9,30,39,0,0,11,170,181,0,272,272,453
07/26/2005,ADW,MD,AEA,EN,Towers with Radar,0,0,2,118,120,0,0,3,29,32,0,0,5,147,152,0,210,210,362
07/27/2005,ADW,MD,AEA,EN,Towers with Radar,1,0,0,120,121,0,0,3,19,22,1,0,3,139,143,0,186,186,329
07/28/2005,ADW,MD,AEA,EN,Towers with Radar,0,0,0,124,124,0,0,12,26,38,0,0,12,150,162,10,168,178,340
07/29/2005,ADW,MD,AEA,EN,Towers with Radar,2,0,0,86,88,0,0,9,19,28,2,0,9,105,116,0,96,96,212
07/30/2005,ADW,MD,AEA,EN,Towers with Radar,0,0,0,55,55,0,0,10,11,21,0,0,10,66,76,0,8,8,84
07/31/2005,ADW,MD,AEA,EN,Towers with Radar,0,0,0,42,42,0,0,5,8,13,0,0,5,50,55,0,56,56,111
08/01/2005,ADW,MD,AEA,EN,Towers with Radar,0,0,2,121,123,0,0,9,12,21,0,0,11,133,144,0,174,174,318
08/02/2005,ADW,MD,AEA,EN,Towers with Radar,2,0,0,102,104,0,0,11,28,39,2,0,11,130,143,0,174,174,317
08/03/2005,ADW,MD,AEA,EN,Towers with Radar,0,0,1,100,101,0,0,16,19,35,0,0,17,119,136,0,100,100,236
08/04/2005,ADW,MD,AEA,EN,Towers with Radar,0,0,2,87,89,0,0,9,20,29,0,0,11,107,118,5,146,151,269
08/05/2005,ADW,MD,AEA,EN,Towers with Radar,0,0,0,124,124,0,0,8,19,27,0,0,8,143,151,0,176,176,327
08/06/2005,ADW,MD,AEA,EN,Towers with Radar,1,0,1,44,46,0,0,4,13,17,1,0,5,57,63,0,14,14,77
08/07/2005,ADW,MD,AEA,EN,Towers with Radar,0,0,0,75,75,0,0,4,9,13,0,0,4,84,88,0,52,52,140
08/08/2005,ADW,MD,AEA,EN,Towers with Radar,0,0,1,103,104,0,0,4,21,25,0,0,5,124,129,0,232,232,361
08/09/2005,ADW,MD,AEA,EN,Towers with Radar,0,0,0,102,102,0,0,2,21,23,0,0,2,123,125,0,136,136,261
08/10/2005,ADW,MD,AEA,EN,Towers with Radar,0,0,9,128,137,0,0,4,8,12,0,0,13,136,149,4,156,160,309
08/11/2005,ADW,MD,AEA,EN,Towers with Radar,0,0,1,122,123,0,0,19,26,45,0,0,20,148,168,0,180,180,348
08/12/2005,ADW,MD,AEA,EN,Towers with Radar,0,0,1,114,115,0,0,12,10,22,0,0,13,124,137,0,116,116,253
08/13/2005,ADW,MD,AEA,EN,Towers with Radar,0,0,2,48,50,0,0,7,14,21,0,0,9,62,71,0,40,40,111
08/14/2005,ADW,MD,AEA,EN,Towers with Radar,0,0,0,61,61,0,0,4,9,13,0,0,4,70,74,0,20,20,94
08/15/2005,ADW,MD,AEA,EN,Towers with Radar,0,0,1,94,95,0,0,6,15,21,0,0,7,109,116,2,134,136,252
08/16/2005,ADW,MD,AEA,EN,Towers with Radar,0,0,0,94,94,0,0,4,2,6,0,0,4,96,100,0,58,58,158
08/17/2005,ADW,MD,AEA,EN,Towers with Radar,0,0,1,99,100,0,0,12,9,21,0,0,13,108,121,0,110,110,231
08/18/2005,ADW,MD,AEA,EN,Towers with Radar,0,0,0,93,93,0,0,13,15,28,0,0,13,108,121,0,60,60,181
08/19/2005,ADW,MD,AEA,EN,Towers with Radar,0,0,0,109,109,0,0,1,2,3,0,0,1,111,112,0,58,58,170
08/20/2005,ADW,MD,AEA,EN,Towers with Radar,0,0,0,58,58,0,0,6,11,17,0,0,6,69,75,0,28,28,103
08/21/2005,ADW,MD,AEA,EN,Towers with Radar,0,0,1,63,64,0,0,18,4,22,0,0,19,67,86,0,40,40,126
08/22/2005,ADW,MD,AEA,EN,Towers with Radar,0,0,2,101,103,0,0,5,16,21,0,0,7,117,124,0,98,98,222
08/23/2005,ADW,MD,AEA,EN,Towers with Radar,0,0,0,115,115,0,0,2,24,26,0,0,2,139,141,0,282,282,423
08/24/2005,ADW,MD,AEA,EN,Towers with Radar,0,0,0,100,100,0,0,3,18,21,0,0,3,118,121,0,116,116,237
08/25/2005,ADW,MD,AEA,EN,Towers with Radar,0,0,1,138,139,0,0,6,31,37,0,0,7,169,176,0,192,192,368
08/26/2005,ADW,MD,AEA,EN,Towers with Radar,0,0,0,115,115,0,0,16,14,30,0,0,16,129,145,0,196,196,341
08/27/2005,ADW,MD,AEA,EN,Towers with Radar,0,0,2,40,42,0,0,22,15,37,0,0,24,55,79,0,124,124,203
08/28/2005,ADW,MD,AEA,EN,Towers with Radar,0,0,0,44,44,0,0,9,9,18,0,0,9,53,62,0,16,16,78
08/29/2005,ADW,MD,AEA,EN,Towers with Radar,0,0,2,91,93,0,0,6,29,35,0,0,8,120,128,0,48,48,176
08/30/2005,ADW,MD,AEA,EN,Towers with Radar,0,0,1,121,122,0,0,0,0,0,0,0,1,121,122,550,127,677,799
08/31/2005,ADW,MD,AEA,EN,Towers with Radar,0,0,1,144,145,0,0,3,22,25,0,0,4,166,170,0,152,152,322
09/01/2005,ADW,MD,AEA,EN,Towers with Radar,0,0,2,130,132,0,0,5,39,44,0,0,7,169,176,0,114,114,290
09/02/2005,ADW,MD,AEA,EN,Towers with Radar,0,0,8,107,115,0,0,10,29,39,0,0,18,136,154,0,86,86,240
09/03/2005,ADW,MD,AEA,EN,Towers with Radar,0,0,2,36,38,0,0,13,12,25,0,0,15,48,63,0,10,10,73
09/04/2005,ADW,MD,AEA,EN,Towers with Radar,0,0,0,35,35,0,0,16,7,23,0,0,16,42,58,0,16,16,74
09/05/2005,ADW,MD,AEA,EN,Towers with Radar,0,0,4,41,45,0,0,11,5,16,0,0,15,46,61,4,18,22,83
09/06/2005,ADW,MD,AEA,EN,Towers with Radar,1,0,1,97,99,0,0,12,19,31,1,0,13,116,130,0,154,154,284
09/07/2005,ADW,MD,AEA,EN,Towers with Radar,0,0,3,118,121,0,0,6,26,32,0,0,9,144,153,36,136,172,325
09/08/2005,ADW,MD,AEA,EN,Towers with Radar,0,0,0,141,141,0,0,15,26,41,0,0,15,167,182,0,264,264,446
09/09/2005,ADW,MD,AEA,EN,Towers with Radar,1,0,1,172,174,0,0,13,19,32,1,0,14,191,206,10,202,212,418
09/10/2005,ADW,MD,AEA,EN,Towers with Radar,0,0,1,72,73,0,0,14,17,31,0,0,15,89,104,10,72,82,186
09/11/2005,ADW,MD,AEA,EN,Towers with Radar,0,0,1,100,101,0,0,15,17,32,0,0,16,117,133,0,72,72,205
09/12/2005,ADW,MD,AEA,EN,Towers with Radar,2,0,3,193,198,0,0,12,18,30,2,0,15,211,228,0,82,82,310
09/13/2005,ADW,MD,AEA,EN,Towers with Radar,0,0,0,129,129,0,0,8,30,38,0,0,8,159,167,0,236,236,403
09/14/2005,ADW,MD,AEA,EN,Towers with Radar,0,0,0,124,124,0,0,8,27,35,0,0,8,151,159,0,148,148,307
09/15/2005,ADW,MD,AEA,EN,Towers with Radar,0,0,0,132,132,0,0,9,27,36,0,0,9,159,168,0,210,210,378
09/16/2005,ADW,MD,AEA,EN,Towers with Radar,0,0,1,150,151,0,0,5,23,28,0,0,6,173,179,0,170,170,349
09/17/2005,ADW,MD,AEA,EN,Towers with Radar,0,0,0,39,39,0,0,6,13,19,0,0,6,52,58,0,12,12,70
09/18/2005,ADW,MD,AEA,EN,Towers with Radar,0,0,1,26,27,0,0,10,11,21,0,0,11,37,48,0,10,10,58
09/19/2005,ADW,MD,AEA,EN,Towers with Radar,0,0,1,110,111,0,0,8,14,22,0,0,9,124,133,30,172,202,335
09/20/2005,ADW,MD,AEA,EN,Towers with Radar,0,2,1,153,156,0,0,15,32,47,0,2,16,185,203,0,188,188,391
09/21/2005,ADW,MD,AEA,EN,Towers with Radar,0,0,5,120,125,0,0,18,16,34,0,0,23,136,159,12,226,238,397
09/22/2005,ADW,MD,AEA,EN,Towers with Radar,1,0,0,123,124,0,0,11,5,16,1,0,11,128,140,0,184,184,324
09/23/2005,ADW,MD,AEA,EN,Towers with Radar,0,0,2,105,107,0,0,16,18,34,0,0,18,123,141,4,122,126,267
09/24/2005,ADW,MD,AEA,EN,Towers with Radar,0,0,0,38,38,0,0,5,18,23,0,0,5,56,61,0,108,108,169
09/25/2005,ADW,MD,AEA,EN,Towers with Radar,0,0,0,62,62,0,0,8,10,18,0,0,8,72,80,0,2,2,82
09/26/2005,ADW,MD,AEA,EN,Towers with Radar,0,0,0,78,78,0,0,14,23,37,0,0,14,101,115,4,50,54,169
09/27/2005,ADW,MD,AEA,EN,Towers with Radar,0,0,3,135,138,0,0,9,30,39,0,0,12,165,177,10,82,92,269
09/28/2005,ADW,MD,AEA,EN,Towers with Radar,0,0,1,115,116,0,0,18,22,40,0,0,19,137,156,40,110,150,306
09/29/2005,ADW,MD,AEA,EN,Towers with Radar,0,0,7,214,221,0,0,11,21,32,0,0,18,235,253,0,172,172,425
09/30/2005,ADW,MD,AEA,EN,Towers with Radar,0,0,1,142,143,0,0,10,20,30,0,0,11,162,173,0,194,194,367
10/01/2005,ADW,MD,AEA,EN,Towers with Radar,0,0,0,68,68,0,0,16,29,45,0,0,16,97,113,0,158,158,271
10/02/2005,ADW,MD,AEA,EN,Towers with Radar,0,0,1,51,52,0,0,20,6,26,0,0,21,57,78,0,58,58,136
10/03/2005,ADW,MD,AEA,EN,Towers with Radar,0,0,0,160,160,0,0,14,24,38,0,0,14,184,198,0,258,258,456
10/04/2005,ADW,MD,AEA,EN,Towers with Radar,0,0,3,128,131,0,0,6,6,12,0,0,9,134,143,0,56,56,199
10/05/2005,ADW,MD,AEA,EN,Towers with Radar,0,0,0,139,139,0,0,5,22,27,0,0,5,161,166,2,134,136,302
10/06/2005,ADW,MD,AEA,EN,Towers with Radar,0,0,5,147,152,0,0,6,31,37,0,0,11,178,189,0,178,178,367
10/07/2005,ADW,MD,AEA,EN,Towers with Radar,2,0,6,88,96,0,0,0,0,0,2,0,6,88,96,0,6,6,102
10/08/2005,ADW,MD,AEA,EN,Towers with Radar,0,0,0,30,30,0,0,0,0,0,0,0,0,30,30,0,2,2,32
10/09/2005,ADW,MD,AEA,EN,Towers with Radar,2,0,1,48,51,0,0,14,19,33,2,0,15,67,84,4,84,88,172
10/10/2005,ADW,MD,AEA,EN,Towers with Radar,2,0,6,64,72,0,0,8,0,8,2,0,14,64,80,0,62,62,142
10/11/2005,ADW,MD,AEA,EN,Towers with Radar,1,0,1,136,138,0,0,4,21,25,1,0,5,157,163,0,70,70,233
10/12/2005,ADW,MD,AEA,EN,Towers with Radar,1,0,4,102,107,0,0,18,19,37,1,0,22,121,144,0,62,62,206
10/13/2005,ADW,MD,AEA,EN,Towers with Radar,0,0,5,106,111,0,0,0,3,3,0,0,5,109,114,0,24,24,138
10/14/2005,ADW,MD,AEA,EN,Towers with Radar,0,0,1,139,140,0,0,9,8,17,0,0,10,147,157,0,128,128,285
10/15/2005,ADW,MD,AEA,EN,Towers with Radar,0,0,3,65,68,0,0,13,19,32,0,0,16,84,100,0,162,162,262
10/16/2005,ADW,MD,AEA,EN,Towers with Radar,0,0,1,62,63,0,0,8,18,26,0,0,9,80,89,2,76,78,167
10/17/2005,ADW,MD,AEA,EN,Towers with Radar,1,0,3,118,122,0,0,10,25,35,1,0,13,143,157,12,163,175,332
10/18/2005,ADW,MD,AEA,EN,Towers with Radar,1,0,0,125,126,0,0,5,26,31,1,0,5,151,157,0,240,240,397
10/19/2005,ADW,MD,AEA,EN,Towers with Radar,0,0,3,113,116,0,0,3,34,37,0,0,6,147,153,6,134,140,293
10/20/2005,ADW,MD,AEA,EN,Towers with Radar,0,0,0,112,112,0,0,9,42,51,0,0,9,154,163,0,122,122,285
10/21/2005,ADW,MD,AEA,EN,Towers with Radar,0,0,0,81,81,0,0,3,5,8,0,0,3,86,89,0,4,4,93
10/22/2005,ADW,MD,AEA,EN,Towers with Radar,3,0,1,33,37,0,0,1,0,1,3,0,2,33,38,0,4,4,42
10/23/2005,ADW,MD,AEA,EN,Towers with Radar,0,0,3,57,60,0,0,17,17,34,0,0,20,74,94,0,42,42,136
10/24/2005,ADW,MD,AEA,EN,Towers with Radar,0,0,0,108,108,0,0,6,14,20,0,0,6,122,128,0,134,134,262
10/25/2005,ADW,MD,AEA,EN,Towers with Radar,0,0,0,115,115,0,0,0,0,0,0,0,0,115,115,0,34,34,149
10/26/2005,ADW,MD,AEA,EN,Towers with Radar,0,0,1,137,138,0,0,6,22,28,0,0,7,159,166,0,164,164,330
10/27/2005,ADW,MD,AEA,EN,Towers with Radar,0,0,2,137,139,0,0,10,35,45,0,0,12,172,184,0,192,192,376
10/28/2005,ADW,MD,AEA,EN,Towers with Radar,0,0,4,108,112,0,0,19,31,50,0,0,23,139,162,0,182,182,344
10/29/2005,ADW,MD,AEA,EN,Towers with Radar,0,0,0,55,55,0,0,6,11,17,0,0,6,66,72,0,36,36,108
10/30/2005,ADW,MD,AEA,EN,Towers with Radar,0,0,0,50,50,0,0,9,14,23,0,0,9,64,73,6,30,36,109
10/31/2005,ADW,MD,AEA,EN,Towers with Radar,0,0,0,79,79,0,0,6,29,35,0,0,6,108,114,0,126,126,240
11/01/2005,ADW,MD,AEA,EN,Towers with Radar,0,0,1,108,109,0,0,8,26,34,0,0,9,134,143,0,96,96,239
11/02/2005,ADW,MD,AEA,EN,Towers with Radar,2,1,3,127,133,0,0,11,22,33,2,1,14,149,166,6,212,218,384
11/03/2005,ADW,MD,AEA,EN,Towers with Radar,3,0,12,103,118,0,0,5,37,42,3,0,17,140,160,0,142,142,302
11/04/2005,ADW,MD,AEA,EN,Towers with Radar,0,0,0,138,138,0,0,6,26,32,0,0,6,164,170,0,260,260,430
11/05/2005,ADW,MD,AEA,EN,Towers with Radar,2,0,2,76,80,0,0,14,13,27,2,0,16,89,107,0,108,108,215
11/06/2005,ADW,MD,AEA,EN,Towers with Radar,0,0,1,60,61,0,0,14,19,33,0,0,15,79,94,0,60,60,154
11/07/2005,ADW,MD,AEA,EN,Towers with Radar,0,0,0,129,129,0,0,5,22,27,0,0,5,151,156,0,146,146,302
11/08/2005,ADW,MD,AEA,EN,Towers with Radar,2,0,2,130,134,0,0,15,17,32,2,0,17,147,166,0,138,138,304
11/09/2005,ADW,MD,AEA,EN,Towers with Radar,0,0,1,144,145,0,0,3,18,21,0,0,4,162,166,0,140,140,306
11/10/2005,ADW,MD,AEA,EN,Towers with Radar,0,0,0,90,90,0,0,4,12,16,0,0,4,102,106,0,16,16,122
11/11/2005,ADW,MD,AEA,EN,Towers with Radar,0,0,1,67,68,0,0,4,18,22,0,0,5,85,90,2,66,68,158
11/12/2005,ADW,MD,AEA,EN,Towers with Radar,0,0,0,41,41,0,0,12,14,26,0,0,12,55,67,0,20,20,87
11/13/2005,ADW,MD,AEA,EN,Towers with Radar,2,0,0,50,52,0,0,18,12,30,2,0,18,62,82,16,94,110,192
11/14/2005,ADW,MD,AEA,EN,Towers with Radar,0,0,0,115,115,0,0,11,27,38,0,0,11,142,153,2,78,80,233
11/15/2005,ADW,MD,AEA,EN,Towers with Radar,0,0,12,136,148,0,0,14,34,48,0,0,26,170,196,62,106,168,364
11/16/2005,ADW,MD,AEA,EN,Towers with Radar,0,0,0,93,93,0,0,8,15,23,0,0,8,108,116,0,78,78,194
11/17/2005,ADW,MD,AEA,EN,Towers with Radar,0,0,0,9,9,0,0,158,0,158,0,0,158,9,167,4,180,184,351
11/18/2005,ADW,MD,AEA,EN,Towers with Radar,0,0,0,115,115,0,0,14,8,22,0,0,14,123,137,4,148,152,289
11/19/2005,ADW,MD,AEA,EN,Towers with Radar,0,0,0,60,60,0,0,3,11,14,0,0,3,71,74,2,68,70,144
11/20/2005,ADW,MD,AEA,EN,Towers with Radar,0,0,0,67,67,0,0,6,12,18,0,0,6,79,85,0,66,66,151
11/21/2005,ADW,MD,AEA,EN,Towers with Radar,0,0,2,128,130,0,0,11,30,41,0,0,13,158,171,18,246,264,435
11/22/2005,ADW,MD,AEA,EN,Towers with Radar,1,0,6,118,125,0,0,6,15,21,1,0,12,133,146,0,60,60,206
11/23/2005,ADW,MD,AEA,EN,Towers with Radar,0,0,0,66,66,0,0,7,4,11,0,0,7,70,77,0,90,90,167
11/24/2005,ADW,MD,AEA,EN,Towers with Radar,0,0,0,8,8,0,0,4,14,18,0,0,4,22,26,0,12,12,38
11/25/2005,ADW,MD,AEA,EN,Towers with Radar,0,0,0,15,15,0,0,8,8,16,0,0,8,23,31,0,10,10,41
11/26/2005,ADW,MD,AEA,EN,Towers with Radar,0,0,1,12,13,0,0,13,9,22,0,0,14,21,35,0,22,22,57
11/27/2005,ADW,MD,AEA,EN,Towers with Radar,0,0,0,28,28,0,0,5,10,15,0,0,5,38,43,0,16,16,59
11/28/2005,ADW,MD,AEA,EN,Towers with Radar,0,0,1,90,91,0,0,12,13,25,0,0,13,103,116,0,96,96,212
11/29/2005,ADW,MD,AEA,EN,Towers with Radar,0,0,2,139,141,0,0,6,46,52,0,0,8,185,193,0,166,166,359
11/30/2005,ADW,MD,AEA,EN,Towers with Radar,1,0,2,110,113,0,0,8,40,48,1,0,10,150,161,0,178,178,339
12/01/2005,ADW,MD,AEA,EN,Towers with Radar,0,0,18,147,165,0,0,7,31,38,0,0,25,178,203,4,152,156,359
12/02/2005,ADW,MD,AEA,EN,Towers with Radar,0,0,0,101,101,0,0,8,26,34,0,0,8,127,135,0,74,74,209
12/03/2005,ADW,MD,AEA,EN,Towers with Radar,0,0,0,39,39,0,0,0,14,14,0,0,0,53,53,2,56,58,111
12/04/2005,ADW,MD,AEA,EN,Towers with Radar,0,0,0,51,51,0,0,13,22,35,0,0,13,73,86,0,64,64,150
12/05/2005,ADW,MD,AEA,EN,Towers with Radar,2,0,0,63,65,0,0,7,7,14,2,0,7,70,79,2,0,2,81
12/06/2005,ADW,MD,AEA,EN,Towers with Radar,0,0,3,127,130,0,0,11,27,38,0,0,14,154,168,6,190,196,364
12/07/2005,ADW,MD,AEA,EN,Towers with Radar,0,0,1,127,128,0,0,10,22,32,0,0,11,149,160,0,136,136,296
12/08/2005,ADW,MD,AEA,EN,Towers with Radar,0,0,0,166,166,0,0,0,48,48,0,0,0,214,214,0,236,236,450
12/09/2005,ADW,MD,AEA,EN,Towers with Radar,0,0,1,95,96,0,0,0,31,31,0,0,1,126,127,0,80,80,207
12/10/2005,ADW,MD,AEA,EN,Towers with Radar,0,0,2,54,56,0,0,10,15,25,0,0,12,69,81,0,88,88,169
12/11/2005,ADW,MD,AEA,EN,Towers with Radar,0,0,0,48,48,0,0,7,19,26,0,0,7,67,74,0,70,70,144
12/12/2005,ADW,MD,AEA,EN,Towers with Radar,0,0,2,121,123,0,0,4,32,36,0,0,6,153,159,0,304,304,463
12/13/2005,ADW,MD,AEA,EN,Towers with Radar,0,0,0,140,140,0,0,3,25,28,0,0,3,165,168,0,182,182,350
12/14/2005,ADW,MD,AEA,EN,Towers with Radar,0,0,3,139,142,0,0,5,32,37,0,0,8,171,179,6,388,394,573
12/15/2005,ADW,MD,AEA,EN,Towers with Radar,0,0,0,5,5,0,0,62,0,62,0,0,62,5,67,0,78,78,145
12/16/2005,ADW,MD,AEA,EN,Towers with Radar,0,0,1,102,103,0,0,7,23,30,0,0,8,125,133,0,176,176,309
12/17/2005,ADW,MD,AEA,EN,Towers with Radar,0,0,0,32,32,0,0,12,15,27,0,0,12,47,59,0,46,46,105
12/18/2005,ADW,MD,AEA,EN,Towers with Radar,0,0,0,29,29,0,0,8,11,19,0,0,8,40,48,0,14,14,62
12/19/2005,ADW,MD,AEA,EN,Towers with Radar,0,0,0,90,90,0,0,6,16,22,0,0,6,106,112,0,118,118,230
12/20/2005,ADW,MD,AEA,EN,Towers with Radar,0,0,1,130,131,0,0,8,35,43,0,0,9,165,174,0,256,256,430
12/21/2005,ADW,MD,AEA,EN,Towers with Radar,0,0,6,96,102,0,0,9,14,23,0,0,15,110,125,4,76,80,205
12/22/2005,ADW,MD,AEA,EN,Towers with Radar,0,0,0,4,4,0,0,164,0,164,0,0,164,4,168,0,292,292,460
12/23/2005,ADW,MD,AEA,EN,Towers with Radar,0,0,1,52,53,0,0,4,20,24,0,0,5,72,77,0,48,48,125
12/24/2005,ADW,MD,AEA,EN,Towers with Radar,0,0,2,11,13,0,0,11,6,17,0,0,13,17,30,2,8,10,40
12/25/2005,ADW,MD,AEA,EN,Towers with Radar,0,0,0,13,13,0,0,2,2,4,0,0,2,15,17,0,2,2,19
12/26/2005,ADW,MD,AEA,EN,Towers with Radar,0,0,0,27,27,0,0,1,8,9,0,0,1,35,36,0,30,30,66
12/27/2005,ADW,MD,AEA,EN,Towers with Radar,0,0,2,62,64,0,0,11,17,28,0,0,13,79,92,8,52,60,152
12/28/2005,ADW,MD,AEA,EN,Towers with Radar,0,0,0,90,90,0,0,4,9,13,0,0,4,99,103,12,124,136,239
12/29/2005,ADW,MD,AEA,EN,Towers with Radar,0,0,1,76,77,0,0,5,17,22,0,0,6,93,99,24,100,124,223
12/30/2005,ADW,MD,AEA,EN,Towers with Radar,0,0,0,62,62,0,0,6,9,15,0,0,6,71,77,0,96,96,173
12/31/2005,ADW,MD,AEA,EN,Towers with Radar,0,0,0,12,12,0,0,4,7,11,0,0,4,19,23,0,0,0,23
01/01/2006,ADW,MD,AEA,EN,Towers with Radar,1,0,0,18,19,0,0,8,18,26,1,0,8,36,45,0,16,16,61
01/02/2006,ADW,MD,AEA,EN,Towers with Radar,0,0,0,35,35,0,0,2,2,4,0,0,2,37,39,0,20,20,59
01/03/2006,ADW,MD,AEA,EN,Towers with Radar,0,0,1,69,70,0,0,1,11,12,0,0,2,80,82,0,42,42,124
01/04/2006,ADW,MD,AEA,EN,Towers with Radar,0,0,2,136,138,0,0,12,26,38,0,0,14,162,176,0,280,280,456
01/05/2006,ADW,MD,AEA,EN,Towers with Radar,0,0,1,166,167,0,0,4,59,63,0,0,5,225,230,0,388,388,618
01/06/2006,ADW,MD,AEA,EN,Towers with Radar,0,0,1,128,129,0,0,9,33,42,0,0,10,161,171,0,170,170,341
01/07/2006,ADW,MD,AEA,EN,Towers with Radar,0,0,0,54,54,0,0,0,13,13,0,0,0,67,67,0,50,50,117
01/08/2006,ADW,MD,AEA,EN,Towers with Radar,0,0,0,76,76,0,0,10,8,18,0,0,10,84,94,0,78,78,172
01/09/2006,ADW,MD,AEA,EN,Towers with Radar,5,0,1,114,120,0,0,10,22,32,5,0,11,136,152,6,176,182,334
01/10/2006,ADW,MD,AEA,EN,Towers with Radar,0,0,3,131,134,0,0,8,43,51,0,0,11,174,185,12,212,224,409
01/11/2006,ADW,MD,AEA,EN,Towers with Radar,0,0,3,103,106,0,0,2,0,2,0,0,5,103,108,0,2,2,110
01/12/2006,ADW,MD,AEA,EN,Towers with Radar,0,0,0,144,144,0,0,5,28,33,0,0,5,172,177,0,114,114,291
01/13/2006,ADW,MD,AEA,EN,Towers with Radar,0,0,0,94,94,0,0,3,26,29,0,0,3,120,123,0,174,174,297
01/14/2006,ADW,MD,AEA,EN,Towers with Radar,0,0,0,29,29,0,0,0,12,12,0,0,0,41,41,0,18,18,59
01/15/2006,ADW,MD,AEA,EN,Towers with Radar,0,0,0,34,34,0,0,6,12,18,0,0,6,46,52,0,0,0,52
01/16/2006,ADW,MD,AEA,EN,Towers with Radar,0,0,0,33,33,0,0,9,0,9,0,0,9,33,42,0,7,7,49
01/17/2006,ADW,MD,AEA,EN,Towers with Radar,0,0,1,128,129,0,0,5,27,32,0,0,6,155,161,0,160,160,321
01/18/2006,ADW,MD,AEA,EN,Towers with Radar,0,0,0,63,63,0,0,8,22,30,0,0,8,85,93,0,84,84,177
01/19/2006,ADW,MD,AEA,EN,Towers with Radar,0,0,0,149,149,0,0,9,36,45,0,0,9,185,194,2,186,188,382
01/20/2006,ADW,MD,AEA,EN,Towers with Radar,0,0,1,138,139,0,0,8,21,29,0,0,9,159,168,0,212,212,380
01/21/2006,ADW,MD,AEA,EN,Towers with Radar,0,0,0,41,41,0,0,9,19,28,0,0,9,60,69,0,42,42,111
01/22/2006,ADW,MD,AEA,EN,Towers with Radar,0,0,3,41,44,0,0,7,24,31,0,0,10,65,75,0,66,66,141
01/23/2006,ADW,MD,AEA,EN,Towers with Radar,0,0,0,121,121,0,0,7,3,10,0,0,7,124,131,0,100,100,231
01/24/2006,ADW,MD,AEA,EN,Towers with Radar,0,0,2,152,154,0,0,11,47,58,0,0,13,199,212,0,294,294,506
01/25/2006,ADW,MD,AEA,EN,Towers with Radar,0,0,2,65,67,0,0,2,23,25,0,0,4,88,92,0,34,34,126
01/26/2006,ADW,MD,AEA,EN,Towers with Radar,1,0,1,131,133,0,0,8,35,43,1,0,9,166,176,0,132,132,308
01/27/2006,ADW,MD,AEA,EN,Towers with Radar,0,0,1,104,105,0,0,5,31,36,0,0,6,135,141,0,72,72,213
01/28/2006,ADW,MD,AEA,EN,Towers with Radar,0,0,0,41,41,0,0,4,10,14,0,0,4,51,55,0,30,30,85
01/29/2006,ADW,MD,AEA,EN,Towers with Radar,0,0,6,36,42,0,0,10,16,26,0,0,16,52,68,0,16,16,84
01/30/2006,ADW,MD,AEA,EN,Towers with Radar,0,0,0,112,112,0,0,0,33,33,0,0,0,145,145,0,232,232,377
01/31/2006,ADW,MD,AEA,EN,Towers with Radar,0,0,2,104,106,0,0,11,16,27,0,0,13,120,133,5,72,77,210
02/01/2006,ADW,MD,AEA,EN,Towers with Radar,2,0,10,123,135,0,0,6,31,37,2,0,16,154,172,20,184,204,376
02/02/2006,ADW,MD,AEA,EN,Towers with Radar,0,0,1,144,145,0,0,5,31,36,0,0,6,175,181,0,110,110,291
02/03/2006,ADW,MD,AEA,EN,Towers with Radar,0,0,4,125,129,0,0,15,30,45,0,0,19,155,174,0,226,226,400
02/04/2006,ADW,MD,AEA,EN,Towers with Radar,0,0,2,50,52,0,0,8,2,10,0,0,10,52,62,2,18,20,82
02/05/2006,ADW,MD,AEA,EN,Towers with Radar,0,0,1,77,78,0,0,6,9,15,0,0,7,86,93,0,54,54,147
02/06/2006,ADW,MD,AEA,EN,Towers with Radar,0,0,1,126,127,0,0,12,30,42,0,0,13,156,169,0,160,160,329
02/07/2006,ADW,MD,AEA,EN,Towers with Radar,0,0,5,183,188,0,0,9,55,64,0,0,14,238,252,0,236,236,488
02/08/2006,ADW,MD,AEA,EN,Towers with Radar,1,0,5,157,163,0,0,7,43,50,1,0,12,200,213,0,168,168,381
02/09/2006,ADW,MD,AEA,EN,Towers with Radar,0,1,3,153,157,0,0,5,30,35,0,1,8,183,192,0,116,116,308
02/10/2006,ADW,MD,AEA,EN,Towers with Radar,0,0,6,102,108,0,0,6,29,35,0,0,12,131,143,0,126,126,269
02/11/2006,ADW,MD,AEA,EN,Towers with Radar,0,0,0,23,23,0,0,0,2,2,0,0,0,25,25,0,0,0,25
02/12/2006,ADW,MD,AEA,EN,Towers with Radar,0,0,0,39,39,0,0,2,17,19,0,0,2,56,58,0,34,34,92
02/13/2006,ADW,MD,AEA,EN,Towers with Radar,0,0,0,70,70,0,0,3,24,27,0,0,3,94,97,0,46,46,143
02/14/2006,ADW,MD,AEA,EN,Towers with Radar,0,0,0,137,137,0,0,10,40,50,0,0,10,177,187,2,206,208,395
02/15/2006,ADW,MD,AEA,EN,Towers with Radar,1,0,3,148,152,0,0,7,26,33,1,0,10,174,185,2,130,132,317
02/16/2006,ADW,MD,AEA,EN,Towers with Radar,0,0,0,147,147,0,0,5,31,36,0,0,5,178,183,0,256,256,439
02/17/2006,ADW,MD,AEA,EN,Towers with Radar,2,0,1,95,98,0,0,6,19,25,2,0,7,114,123,6,20,26,149
02/18/2006,ADW,MD,AEA,EN,Towers with Radar,0,0,4,35,39,0,0,10,10,20,0,0,14,45,59,0,26,26,85
02/19/2006,ADW,MD,AEA,EN,Towers with Radar,0,0,0,27,27,0,0,11,13,24,0,0,11,40,51,0,28,28,79
02/20/2006,ADW,MD,AEA,EN,Towers with Radar,1,0,0,51,52,0,0,8,10,18,1,0,8,61,70,0,1,1,71
02/21/2006,ADW,MD,AEA,EN,Towers with Radar,2,0,5,137,144,0,0,0,0,0,2,0,5,137,144,8,78,86,230
02/22/2006,ADW,MD,AEA,EN,Towers with Radar,0,0,0,107,107,0,0,2,0,2,0,0,2,107,109,0,12,12,121
02/23/2006,ADW,MD,AEA,EN,Towers with Radar,0,0,1,125,126,0,0,5,33,38,0,0,6,158,164,0,174,174,338
02/24/2006,ADW,MD,AEA,EN,Towers with Radar,0,0,0,119,119,0,0,11,15,26,0,0,11,134,145,0,40,40,185
02/25/2006,ADW,MD,AEA,EN,Towers with Radar,0,0,1,46,47,0,0,12,13,25,0,0,13,59,72,0,50,50,122
02/26/2006,ADW,MD,AEA,EN,Towers with Radar,0,0,0,51,51,0,0,7,11,18,0,0,7,62,69,0,16,16,85
02/27/2006,ADW,MD,AEA,EN,Towers with Radar,0,0,2,139,141,0,0,3,33,36,0,0,5,172,177,0,222,222,399
02/28/2006,ADW,MD,AEA,EN,Towers with Radar,0,0,2,148,150,0,0,14,38,52,0,0,16,186,202,0,314,314,516
03/01/2006,ADW,MD,AEA,EN,Towers with Radar,0,0,0,144,144,0,0,8,38,46,0,0,8,182,190,0,242,242,432
03/02/2006,ADW,MD,AEA,EN,Towers with Radar,0,0,0,124,124,0,0,3,42,45,0,0,3,166,169,0,276,276,445
03/03/2006,ADW,MD,AEA,EN,Towers with Radar,0,0,0,82,82,0,0,10,15,25,0,0,10,97,107,0,92,92,199
03/04/2006,ADW,MD,AEA,EN,Towers with Radar,0,0,0,48,48,0,0,2,11,13,0,0,2,59,61,0,2,2,63
03/05/2006,ADW,MD,AEA,EN,Towers with Radar,1,0,0,67,68,0,0,7,15,22,1,0,7,82,90,0,64,64,154
03/06/2006,ADW,MD,AEA,EN,Towers with Radar,0,0,12,107,119,0,0,6,27,33,0,0,18,134,152,30,74,104,256
03/07/2006,ADW,MD,AEA,EN,Towers with Radar,0,0,2,152,154,0,0,7,30,37,0,0,9,182,191,36,276,312,503
03/08/2006,ADW,MD,AEA,EN,Towers with Radar,0,0,2,151,153,0,0,4,33,37,0,0,6,184,190,0,224,224,414
03/09/2006,ADW,MD,AEA,EN,Towers with Radar,0,0,2,133,135,0,0,6,31,37,0,0,8,164,172,0,142,142,314
03/10/2006,ADW,MD,AEA,EN,Towers with Radar,0,0,7,82,89,0,0,14,22,36,0,0,21,104,125,6,60,66,191
03/11/2006,ADW,MD,AEA,EN,Towers with Radar,0,0,0,91,91,0,0,27,14,41,0,0,27,105,132,0,104,104,236
03/12/2006,ADW,MD,AEA,EN,Towers with Radar,2,0,3,65,70,0,0,14,14,28,2,0,17,79,98,0,22,22,120
03/13/2006,ADW,MD,AEA,EN,Towers with Radar,0,0,3,97,100,0,0,11,22,33,0,0,14,119,133,8,206,214,347
03/14/2006,ADW,MD,AEA,EN,Towers with Radar,2,0,1,112,115,0,0,7,28,35,2,0,8,140,150,0,132,132,282
03/15/2006,ADW,MD,AEA,EN,Towers with Radar,0,0,1,66,67,0,0,6,19,25,0,0,7,85,92,0,4,4,96
03/16/2006,ADW,MD,AEA,EN,Towers with Radar,0,0,1,181,182,0,0,9,39,48,0,0,10,220,230,34,346,380,610
03/17/2006,ADW,MD,AEA,EN,Towers with Radar,0,0,4,151,155,0,0,7,28,35,0,0,11,179,190,0,184,184,374
03/18/2006,ADW,MD,AEA,EN,Towers with Radar,0,0,0,32,32,0,0,5,13,18,0,0,5,45,50,0,64,64,114
03/19/2006,ADW,MD,AEA,EN,Towers with Radar,0,0,2,55,57,0,0,9,8,17,0,0,11,63,74,0,12,12,86
03/20/2006,ADW,MD,AEA,EN,Towers with Radar,2,0,0,129,131,0,0,4,40,44,2,0,4,169,175,0,86,86,261
03/21/2006,ADW,MD,AEA,EN,Towers with Radar,0,0,0,135,135,0,0,3,50,53,0,0,3,185,188,0,212,212,400
03/22/2006,ADW,MD,AEA,EN,Towers with Radar,2,0,0,150,152,0,0,4,40,44,2,0,4,190,196,4,206,210,406
03/23/2006,ADW,MD,AEA,EN,Towers with Radar,0,0,4,132,136,0,0,8,30,38,0,0,12,162,174,2,266,268,442
03/24/2006,ADW,MD,AEA,EN,Towers with Radar,3,0,1,172,176,0,0,5,44,49,3,0,6,216,225,0,278,278,503
03/25/2006,ADW,MD,AEA,EN,Towers with Radar,0,0,1,45,46,0,0,5,12,17,0,0,6,57,63,0,36,36,99
03/26/2006,ADW,MD,AEA,EN,Towers with Radar,0,0,3,53,56,0,0,8,11,19,0,0,11,64,75,0,0,0,75
03/27/2006,ADW,MD,AEA,EN,Towers with Radar,0,0,6,34,40,0,0,139,0,139,0,0,145,34,179,0,184,184,363
03/28/2006,ADW,MD,AEA,EN,Towers with Radar,0,0,0,138,138,0,0,10,45,55,0,0,10,183,193,0,236,236,429
03/29/2006,ADW,MD,AEA,EN,Towers with Radar,0,1,4,113,118,0,0,12,35,47,0,1,16,148,165,0,152,152,317
03/30/2006,ADW,MD,AEA,EN,Towers with Radar,0,0,0,167,167,0,0,4,24,28,0,0,4,191,195,0,302,302,497
03/31/2006,ADW,MD,AEA,EN,Towers with Radar,0,0,0,128,128,0,0,12,39,51,0,0,12,167,179,0,164,164,343
04/01/2006,ADW,MD,AEA,EN,Towers with Radar,0,0,5,57,62,0,0,20,5,25,0,0,25,62,87,16,12,28,115
04/02/2006,ADW,MD,AEA,EN,Towers with Radar,0,0,4,63,67,0,0,4,13,17,0,0,8,76,84,0,24,24,108
04/03/2006,ADW,MD,AEA,EN,Towers with Radar,0,0,0,105,105,0,0,9,25,34,0,0,9,130,139,0,88,88,227
04/04/2006,ADW,MD,AEA,EN,Towers with Radar,0,0,2,99,101,0,0,6,24,30,0,0,8,123,131,18,36,54,185
04/05/2006,ADW,MD,AEA,EN,Towers with Radar,2,0,2,126,130,0,0,15,26,41,2,0,17,152,171,0,92,92,263
04/06/2006,ADW,MD,AEA,EN,Towers with Radar,2,0,2,118,122,0,0,15,32,47,2,0,17,150,169,24,130,154,323
04/07/2006,ADW,MD,AEA,EN,Towers with Radar,0,0,0,119,119,0,0,2,23,25,0,0,2,142,144,0,140,140,284
04/08/2006,ADW,MD,AEA,EN,Towers with Radar,0,0,0,33,33,0,0,11,7,18,0,0,11,40,51,0,0,0,51
04/09/2006,ADW,MD,AEA,EN,Towers with Radar,0,0,0,42,42,0,0,3,19,22,0,0,3,61,64,0,92,92,156
04/10/2006,ADW,MD,AEA,EN,Towers with Radar,0,0,2,135,137,0,0,9,24,33,0,0,11,159,170,0,152,152,322
04/11/2006,ADW,MD,AEA,EN,Towers with Radar,2,0,4,164,170,0,0,6,0,6,2,0,10,164,176,4,216,220,396
04/12/2006,ADW,MD,AEA,EN,Towers with Radar,0,0,3,118,121,0,0,13,21,34,0,0,16,139,155,20,134,154,309
04/13/2006,ADW,MD,AEA,EN,Towers with Radar,0,0,5,115,120,0,0,7,39,46,0,0,12,154,166,0,218,218,384
04/14/2006,ADW,MD,AEA,EN,Towers with Radar,0,0,0,118,118,0,0,2,38,40,0,0,2,156,158,1,180,181,339
04/15/2006,ADW,MD,AEA,EN,Towers with Radar,0,0,0,41,41,0,0,4,15,19,0,0,4,56,60,0,78,78,138
04/16/2006,ADW,MD,AEA,EN,Towers with Radar,0,0,0,21,21,0,0,17,17,34,0,0,17,38,55,0,22,22,77
04/17/2006,ADW,MD,AEA,EN,Towers with Radar,0,0,1,108,109,0,0,13,24,37,0,0,14,132,146,0,242,242,388
04/18/2006,ADW,MD,AEA,EN,Towers with Radar,1,0,15,160,176,0,0,0,0,0,1,0,15,160,176,0,202,202,378
04/19/2006,ADW,MD,AEA,EN,Towers with Radar,3,0,1,112,116,0,0,5,28,33,3,0,6,140,149,0,126,126,275
04/20/2006,ADW,MD,AEA,EN,Towers with Radar,1,0,2,113,116,0,0,5,21,26,1,0,7,134,142,0,160,160,302
04/21/2006,ADW,MD,AEA,EN,Towers with Radar,2,0,3,129,134,0,0,6,25,31,2,0,9,154,165,0,146,146,311
04/22/2006,ADW,MD,AEA,EN,Towers with Radar,0,0,0,52,52,0,0,0,3,3,0,0,0,55,55,0,14,14,69
04/23/2006,ADW,MD,AEA,EN,Towers with Radar,0,0,0,96,96,0,0,7,12,19,0,0,7,108,115,0,50,50,165
04/24/2006,ADW,MD,AEA,EN,Towers with Radar,0,0,1,119,120,0,0,7,19,26,0,0,8,138,146,0,62,62,208
04/25/2006,ADW,MD,AEA,EN,Towers with Radar,1,0,1,159,161,0,0,6,0,6,1,0,7,159,167,0,212,212,379
04/26/2006,ADW,MD,AEA,EN,Towers with Radar,0,0,10,187,197,0,0,8,31,39,0,0,18,218,236,16,238,254,490
04/27/2006,ADW,MD,AEA,EN,Towers with Radar,1,0,3,136,140,0,0,8,48,56,1,0,11,184,196,0,92,92,288
04/28/2006,ADW,MD,AEA,EN,Towers with Radar,0,0,5,110,115,0,0,14,30,44,0,0,19,140,159,24,144,168,327
04/29/2006,ADW,MD,AEA,EN,Towers with Radar,1,0,1,60,62,0,0,13,8,21,1,0,14,68,83,0,44,44,127
04/30/2006,ADW,MD,AEA,EN,Towers with Radar,0,0,3,52,55,0,0,11,11,22,0,0,14,63,77,4,62,66,143
05/01/2006,ADW,MD,AEA,EN,Towers with Radar,0,0,1,110,111,0,0,15,19,34,0,0,16,129,145,2,98,100,245
05/02/2006,ADW,MD,AEA,EN,Towers with Radar,0,0,3,133,136,0,0,9,51,60,0,0,12,184,196,0,260,260,456
05/03/2006,ADW,MD,AEA,EN,Towers with Radar,0,0,3,149,152,0,0,25,25,50,0,0,28,174,202,0,286,286,488
05/04/2006,ADW,MD,AEA,EN,Towers with Radar,0,0,1,116,117,0,0,17,34,51,0,0,18,150,168,0,180,180,348
05/05/2006,ADW,MD,AEA,EN,Towers with Radar,2,0,25,125,152,0,0,12,25,37,2,0,37,150,189,4,114,118,307
05/06/2006,ADW,MD,AEA,EN,Towers with Radar,2,0,4,43,49,0,0,16,14,30,2,0,20,57,79,0,14,14,93
05/07/2006,ADW,MD,AEA,EN,Towers with Radar,0,0,0,88,88,0,0,3,6,9,0,0,3,94,97,0,46,46,143
05/08/2006,ADW,MD,AEA,EN,Towers with Radar,0,0,3,18,21,0,0,14,126,140,0,0,17,144,161,8,66,74,235
05/09/2006,ADW,MD,AEA,EN,Towers with Radar,0,0,4,148,152,0,0,12,25,37,0,0,16,173,189,0,160,160,349
05/10/2006,ADW,MD,AEA,EN,Towers with Radar,0,0,2,136,138,0,0,12,30,42,0,0,14,166,180,0,122,122,302
05/11/2006,ADW,MD,AEA,EN,Towers with Radar,0,0,3,140,143,0,0,7,15,22,0,0,10,155,165,0,54,54,219
05/12/2006,ADW,MD,AEA,EN,Towers with Radar,0,0,2,110,112,0,0,14,19,33,0,0,16,129,145,0,76,76,221
05/13/2006,ADW,MD,AEA,EN,Towers with Radar,0,0,0,40,40,0,0,6,20,26,0,0,6,60,66,0,16,16,82
05/14/2006,ADW,MD,AEA,EN,Towers with Radar,0,0,1,29,30,0,0,5,6,11,0,0,6,35,41,0,2,2,43
05/15/2006,ADW,MD,AEA,EN,Towers with Radar,0,0,0,115,115,0,0,5,20,25,0,0,5,135,140,0,122,122,262
05/16/2006,ADW,MD,AEA,EN,Towers with Radar,0,0,1,108,109,0,0,3,36,39,0,0,4,144,148,14,134,148,296
05/17/2006,ADW,MD,AEA,EN,Towers with Radar,1,0,8,92,101,0,0,10,16,26,1,0,18,108,127,0,136,136,263
05/18/2006,ADW,MD,AEA,EN,Towers with Radar,0,0,14,95,109,0,0,13,35,48,0,0,27,130,157,0,228,228,385
05/19/2006,ADW,MD,AEA,EN,Towers with Radar,0,0,2,46,48,0,0,6,10,16,0,0,8,56,64,90,136,226,290
05/20/2006,ADW,MD,AEA,EN,Towers with Radar,0,0,0,17,17,0,0,8,1,9,0,0,8,18,26,0,0,0,26
05/21/2006,ADW,MD,AEA,EN,Towers with Radar,0,0,25,38,63,0,0,14,4,18,0,0,39,42,81,96,100,196,277
05/22/2006,ADW,MD,AEA,EN,Towers with Radar,0,0,18,135,153,0,0,12,23,35,0,0,30,158,188,0,60,60,248
05/23/2006,ADW,MD,AEA,EN,Towers with Radar,0,0,9,173,182,0,0,0,0,0,0,0,9,173,182,2,172,174,356
05/24/2006,ADW,MD,AEA,EN,Towers with Radar,1,0,3,142,146,0,0,9,33,42,1,0,12,175,188,6,224,230,418
05/25/2006,ADW,MD,AEA,EN,Towers with Radar,0,0,1,133,134,0,0,12,35,47,0,0,13,168,181,0,196,196,377
05/26/2006,ADW,MD,AEA,EN,Towers with Radar,1,0,0,98,99,0,0,6,14,20,1,0,6,112,119,0,64,64,183
05/27/2006,ADW,MD,AEA,EN,Towers with Radar,3,0,1,47,51,0,0,11,13,24,3,0,12,60,75,0,0,0,75
05/28/2006,ADW,MD,AEA,EN,Towers with Radar,0,0,1,29,30,0,0,24,6,30,0,0,25,35,60,10,12,22,82
05/29/2006,ADW,MD,AEA,EN,Towers with Radar,0,0,0,38,38,0,0,8,16,24,0,0,8,54,62,0,48,48,110
05/30/2006,ADW,MD,AEA,EN,Towers with Radar,0,0,5,99,104,0,0,13,30,43,0,0,18,129,147,0,140,140,287
05/31/2006,ADW,MD,AEA,EN,Towers with Radar,2,0,2,109,113,0,0,18,22,40,2,0,20,131,153,6,106,112,265
06/01/2006,ADW,MD,AEA,EN,Towers with Radar,0,0,2,147,149,0,0,20,34,54,0,0,22,181,203,12,172,184,387
06/02/2006,ADW,MD,AEA,EN,Towers with Radar,0,0,6,103,109,0,0,5,10,15,0,0,11,113,124,28,146,174,298
06/03/2006,ADW,MD,AEA,EN,Towers with Radar,0,0,1,32,33,0,0,7,15,22,0,0,8,47,55,0,66,66,121
06/04/2006,ADW,MD,AEA,EN,Towers with Radar,1,0,1,28,30,0,0,11,10,21,1,0,12,38,51,0,20,20,71
06/05/2006,ADW,MD,AEA,EN,Towers with Radar,1,0,3,98,102,0,0,14,55,69,1,0,17,153,171,20,300,320,491
06/06/2006,ADW,MD,AEA,EN,Towers with Radar,0,0,0,141,141,0,0,14,47,61,0,0,14,188,202,0,396,396,598
06/07/2006,ADW,MD,AEA,EN,Towers with Radar,2,0,0,84,86,0,0,4,22,26,2,0,4,106,112,0,124,124,236
06/08/2006,ADW,MD,AEA,EN,Towers with Radar,0,0,0,134,134,0,0,11,41,52,0,0,11,175,186,0,180,180,366
06/09/2006,ADW,MD,AEA,EN,Towers with Radar,0,0,1,103,104,0,0,4,30,34,0,0,5,133,138,0,88,88,226
06/10/2006,ADW,MD,AEA,EN,Towers with Radar,0,0,2,48,50,0,0,11,17,28,0,0,13,65,78,2,32,34,112
06/11/2006,ADW,MD,AEA,EN,Towers with Radar,0,0,0,58,58,0,0,9,14,23,0,0,9,72,81,0,52,52,133
06/12/2006,ADW,MD,AEA,EN,Towers with Radar,0,0,1,92,93,0,0,4,33,37,0,0,5,125,130,0,120,120,250
06/13/2006,ADW,MD,AEA,EN,Towers with Radar,0,0,0,171,171,0,0,13,0,13,0,0,13,171,184,0,210,210,394
06/14/2006,ADW,MD,AEA,EN,Towers with Radar,0,0,1,113,114,0,0,8,38,46,0,0,9,151,160,0,162,162,322
06/15/2006,ADW,MD,AEA,EN,Towers with Radar,0,0,0,133,133,0,0,12,39,51,0,0,12,172,184,46,88,134,318
06/16/2006,ADW,MD,AEA,EN,Towers with Radar,2,0,3,147,152,0,0,11,49,60,2,0,14,196,212,0,292,292,504
06/17/2006,ADW,MD,AEA,EN,Towers with Radar,0,0,0,56,56,0,0,17,8,25,0,0,17,64,81,20,8,28,109
06/18/2006,ADW,MD,AEA,EN,Towers with Radar,2,0,1,58,61,0,0,14,18,32,2,0,15,76,93,0,36,36,129
06/19/2006,ADW,MD,AEA,EN,Towers with Radar,0,0,2,126,128,0,0,11,25,36,0,0,13,151,164,0,68,68,232
06/20/2006,ADW,MD,AEA,EN,Towers with Radar,0,0,2,158,160,0,0,5,58,63,0,0,7,216,223,0,266,266,489
06/21/2006,ADW,MD,AEA,EN,Towers with Radar,0,0,2,131,133,0,0,4,30,34,0,0,6,161,167,0,192,192,359
06/22/2006,ADW,MD,AEA,EN,Towers with Radar,1,2,7,109,119,0,0,9,30,39,1,2,16,139,158,0,186,186,344
06/23/2006,ADW,MD,AEA,EN,Towers with Radar,2,0,1,113,116,0,0,12,24,36,2,0,13,137,152,4,84,88,240
06/24/2006,ADW,MD,AEA,EN,Towers with Radar,1,0,8,55,64,0,0,9,8,17,1,0,17,63,81,0,40,40,121
06/25/2006,ADW,MD,AEA,EN,Towers with Radar,0,0,0,30,30,0,0,1,0,1,0,0,1,30,31,0,0,0,31
06/26/2006,ADW,MD,AEA,EN,Towers with Radar,0,0,5,90,95,0,0,10,12,22,0,0,15,102,117,4,48,52,169
06/27/2006,ADW,MD,AEA,EN,Towers with Radar,0,0,5,87,92,0,0,4,7,11,0,0,9,94,103,8,2,10,113
06/28/2006,ADW,MD,AEA,EN,Towers with Radar,0,0,1,127,128,0,0,6,24,30,0,0,7,151,158,0,118,118,276
06/29/2006,ADW,MD,AEA,EN,Towers with Radar,0,2,1,125,128,0,0,12,28,40,0,2,13,153,168,0,162,162,330
06/30/2006,ADW,MD,AEA,EN,Towers with Radar,1,0,6,116,123,0,0,19,37,56,1,0,25,153,179,4,112,116,295
07/01/2006,ADW,MD,AEA,EN,Towers with Radar,0,0,0,35,35,0,0,10,14,24,0,0,10,49,59,0,60,60,119
07/02/2006,ADW,MD,AEA,EN,Towers with Radar,0,0,2,27,29,0,0,12,9,21,0,0,14,36,50,0,14,14,64
07/03/2006,ADW,MD,AEA,EN,Towers with Radar,0,0,0,23,23,0,0,9,5,14,0,0,9,28,37,0,4,4,41
07/04/2006,ADW,MD,AEA,EN,Towers with Radar,0,0,0,26,26,0,0,11,15,26,0,0,11,41,52,0,26,26,78
07/05/2006,ADW,MD,AEA,EN,Towers with Radar,0,0,2,108,110,0,0,11,15,26,0,0,13,123,136,0,180,180,316
07/06/2006,ADW,MD,AEA,EN,Towers with Radar,0,0,2,123,125,0,0,12,36,48,0,0,14,159,173,0,220,220,393
07/07/2006,ADW,MD,AEA,EN,Towers with Radar,0,0,5,87,92,0,0,8,35,43,0,0,13,122,135,20,88,108,243
07/08/2006,ADW,MD,AEA,EN,Towers with Radar,0,0,1,38,39,0,0,11,10,21,0,0,12,48,60,0,26,26,86
07/09/2006,ADW,MD,AEA,EN,Towers with Radar,0,0,1,54,55,0,0,10,11,21,0,0,11,65,76,0,40,40,116
07/10/2006,ADW,MD,AEA,EN,Towers with Radar,0,0,4,143,147,0,0,7,20,27,0,0,11,163,174,0,172,172,346
07/11/2006,ADW,MD,AEA,EN,Towers with Radar,2,0,2,172,176,0,0,7,0,7,2,0,9,172,183,0,160,160,343
07/12/2006,ADW,MD,AEA,EN,Towers with Radar,0,0,2,105,107,0,0,6,11,17,0,0,8,116,124,0,130,130,254
07/13/2006,ADW,MD,AEA,EN,Towers with Radar,0,0,0,105,105,0,0,7,22,29,0,0,7,127,134,0,90,90,224
07/14/2006,ADW,MD,AEA,EN,Towers with Radar,0,0,2,118,120,0,0,3,27,30,0,0,5,145,150,0,4,4,154
07/15/2006,ADW,MD,AEA,EN,Towers with Radar,0,0,1,40,41,0,0,9,44,53,0,0,10,84,94,0,44,44,138
07/16/2006,ADW,MD,AEA,EN,Towers with Radar,0,0,0,60,60,0,0,11,11,22,0,0,11,71,82,0,0,0,82
07/17/2006,ADW,MD,AEA,EN,Towers with Radar,0,0,0,91,91,0,0,7,25,32,0,0,7,116,123,0,92,92,215
07/18/2006,ADW,MD,AEA,EN,Towers with Radar,0,0,2,104,106,0,0,8,43,51,0,0,10,147,157,12,88,100,257
07/19/2006,ADW,MD,AEA,EN,Towers with Radar,0,0,2,106,108,0,0,8,26,34,0,0,10,132,142,16,208,224,366
07/20/2006,ADW,MD,AEA,EN,Towers with Radar,0,0,2,125,127,0,0,6,36,42,0,0,8,161,169,0,168,168,337
07/21/2006,ADW,MD,AEA,EN,Towers with Radar,1,0,0,111,112,0,0,15,40,55,1,0,15,151,167,0,160,160,327
07/22/2006,ADW,MD,AEA,EN,Towers with Radar,0,0,0,32,32,0,0,4,11,15,0,0,4,43,47,0,64,64,111
07/23/2006,ADW,MD,AEA,EN,Towers with Radar,0,1,1,58,60,0,0,9,17,26,0,1,10,75,86,0,140,140,226
07/24/2006,ADW,MD,AEA,EN,Towers with Radar,0,0,2,143,145,0,0,13,29,42,0,0,15,172,187,0,248,248,435
07/25/2006,ADW,MD,AEA,EN,Towers with Radar,0,0,4,137,141,0,0,12,29,41,0,0,16,166,182,0,228,228,410
07/26/2006,ADW,MD,AEA,EN,Towers with Radar,0,0,0,135,135,0,0,5,33,38,0,0,5,168,173,0,148,148,321
07/27/2006,ADW,MD,AEA,EN,Towers with Radar,0,0,1,117,118,0,0,18,40,58,0,0,19,157,176,0,242,242,418
07/28/2006,ADW,MD,AEA,EN,Towers with Radar,1,0,0,83,84,0,0,7,25,32,1,0,7,108,116,0,44,44,160
07/29/2006,ADW,MD,AEA,EN,Towers with Radar,0,0,0,70,70,0,0,12,12,24,0,0,12,82,94,0,28,28,122
07/30/2006,ADW,MD,AEA,EN,Towers with Radar,0,0,0,33,33,0,0,0,12,12,0,0,0,45,45,0,12,12,57
07/31/2006,ADW,MD,AEA,EN,Towers with Radar,0,0,0,118,118,0,0,3,29,32,0,0,3,147,150,0,110,110,260
08/01/2006,ADW,MD,AEA,EN,Towers with Radar,0,0,6,176,182,10,0,0,0,10,10,0,6,176,192,0,314,314,506
08/02/2006,ADW,MD,AEA,EN,Towers with Radar,0,0,0,113,113,0,0,5,37,42,0,0,5,150,155,0,94,94,249
08/03/2006,ADW,MD,AEA,EN,Towers with Radar,0,0,2,145,147,0,0,11,61,72,0,0,13,206,219,0,192,192,411
08/04/2006,ADW,MD,AEA,EN,Towers with Radar,0,0,2,96,98,0,0,13,17,30,0,0,15,113,128,6,62,68,196
08/05/2006,ADW,MD,AEA,EN,Towers with Radar,0,0,0,38,38,0,0,12,14,26,0,0,12,52,64,0,18,18,82
08/06/2006,ADW,MD,AEA,EN,Towers with Radar,0,0,1,34,35,0,0,13,15,28,0,0,14,49,63,0,28,28,91
08/07/2006,ADW,MD,AEA,EN,Towers with Radar,0,0,3,84,87,0,0,6,20,26,0,0,9,104,113,0,158,158,271
08/08/2006,ADW,MD,AEA,EN,Towers with Radar,0,0,0,154,154,0,0,8,0,8,0,0,8,154,162,0,162,162,324
08/09/2006,ADW,MD,AEA,EN,Towers with Radar,0,0,1,91,92,0,0,2,22,24,0,0,3,113,116,0,132,132,248
08/10/2006,ADW,MD,AEA,EN,Towers with Radar,0,0,2,120,122,0,0,10,16,26,0,0,12,136,148,0,112,112,260
08/11/2006,ADW,MD,AEA,EN,Towers with Radar,0,0,2,101,103,0,0,4,37,41,0,0,6,138,144,0,230,230,374
08/12/2006,ADW,MD,AEA,EN,Towers with Radar,0,0,2,31,33,0,0,10,13,23,0,0,12,44,56,0,20,20,76
08/13/2006,ADW,MD,AEA,EN,Towers with Radar,2,1,3,62,68,0,0,14,24,38,2,1,17,86,106,0,14,14,120
08/14/2006,ADW,MD,AEA,EN,Towers with Radar,0,0,0,87,87,0,0,16,25,41,0,0,16,112,128,0,162,162,290
08/15/2006,ADW,MD,AEA,EN,Towers with Radar,0,0,2,135,137,0,0,4,35,39,0,0,6,170,176,0,272,272,448
08/16/2006,ADW,MD,AEA,EN,Towers with Radar,0,0,2,109,111,0,0,14,20,34,0,0,16,129,145,18,146,164,309
08/17/2006,ADW,MD,AEA,EN,Towers with Radar,0,0,3,146,149,0,0,10,35,45,0,0,13,181,194,2,164,166,360
08/18/2006,ADW,MD,AEA,EN,Towers with Radar,0,0,3,97,100,0,0,6,23,29,0,0,9,120,129,0,52,52,181
08/19/2006,ADW,MD,AEA,EN,Towers with Radar,0,0,0,34,34,0,0,11,8,19,0,0,11,42,53,0,22,22,75
08/20/2006,ADW,MD,AEA,EN,Towers with Radar,0,0,12,54,66,0,0,4,11,15,0,0,16,65,81,4,124,128,209
08/21/2006,ADW,MD,AEA,EN,Towers with Radar,0,0,6,101,107,0,0,12,20,32,0,0,18,121,139,16,222,238,377
08/22/2006,ADW,MD,AEA,EN,Towers with Radar,0,0,8,177,185,0,0,0,0,0,0,0,8,177,185,12,300,312,497
08/23/2006,ADW,MD,AEA,EN,Towers with Radar,0,0,3,111,114,0,0,12,23,35,0,0,15,134,149,4,88,92,241
08/24/2006,ADW,MD,AEA,EN,Towers with Radar,0,0,0,118,118,0,0,10,139,149,0,0,10,257,267,15,142,157,424
08/25/2006,ADW,MD,AEA,EN,Towers with Radar,0,0,4,117,121,0,0,14,15,29,0,0,18,132,150,0,80,80,230
08/26/2006,ADW,MD,AEA,EN,Towers with Radar,0,0,1,31,32,0,0,19,11,30,0,0,20,42,62,0,34,34,96
08/27/2006,ADW,MD,AEA,EN,Towers with Radar,0,0,1,61,62,0,0,5,16,21,0,0,6,77,83,0,46,46,129
08/28/2006,ADW,MD,AEA,EN,Towers with Radar,0,0,1,63,64,0,0,11,21,32,0,0,12,84,96,8,14,22,118
08/29/2006,ADW,MD,AEA,EN,Towers with Radar,0,0,18,164,182,0,0,0,0,0,0,0,18,164,182,32,146,178,360
08/30/2006,ADW,MD,AEA,EN,Towers with Radar,0,0,3,104,107,0,0,2,10,12,0,0,5,114,119,0,66,66,185
08/31/2006,ADW,MD,AEA,EN,Towers with Radar,0,0,2,122,124,0,0,9,22,31,0,0,11,144,155,0,104,104,259
09/01/2006,ADW,MD,AEA,EN,Towers with Radar,0,0,0,30,30,0,0,2,0,2,0,0,2,30,32,0,4,4,36
09/02/2006,ADW,MD,AEA,EN,Towers with Radar,0,0,0,16,16,0,0,2,4,6,0,0,2,20,22,0,0,0,22
09/03/2006,ADW,MD,AEA,EN,Towers with Radar,0,0,0,18,18,0,0,13,11,24,0,0,13,29,42,0,50,50,92
09/04/2006,ADW,MD,AEA,EN,Towers with Radar,1,0,0,28,29,0,0,8,13,21,1,0,8,41,50,0,32,32,82
09/05/2006,ADW,MD,AEA,EN,Towers with Radar,2,0,0,102,104,0,0,2,0,2,2,0,2,102,106,0,38,38,144
09/06/2006,ADW,MD,AEA,EN,Towers with Radar,0,0,2,130,132,0,0,13,24,37,0,0,15,154,169,0,190,190,359
09/07/2006,ADW,MD,AEA,EN,Towers with Radar,0,0,6,138,144,0,0,13,39,52,0,0,19,177,196,12,184,196,392
09/08/2006,ADW,MD,AEA,EN,Towers with Radar,0,0,1,129,130,0,0,9,37,46,0,0,10,166,176,0,104,104,280
09/09/2006,ADW,MD,AEA,EN,Towers with Radar,0,0,2,59,61,0,0,11,12,23,0,0,13,71,84,0,58,58,142
09/10/2006,ADW,MD,AEA,EN,Towers with Radar,0,0,1,49,50,0,0,12,17,29,0,0,13,66,79,0,34,34,113
09/11/2006,ADW,MD,AEA,EN,Towers with Radar,2,0,0,88,90,0,0,13,17,30,2,0,13,105,120,0,106,106,226
09/12/2006,ADW,MD,AEA,EN,Towers with Radar,2,0,2,132,136,0,0,7,0,7,2,0,9,132,143,0,116,116,259
09/13/2006,ADW,MD,AEA,EN,Towers with Radar,2,0,2,119,123,0,0,10,15,25,2,0,12,134,148,0,116,116,264
09/14/2006,ADW,MD,AEA,EN,Towers with Radar,0,0,0,116,116,0,0,3,8,11,0,0,3,124,127,0,80,80,207
09/15/2006,ADW,MD,AEA,EN,Towers with Radar,0,0,0,119,119,0,0,2,19,21,0,0,2,138,140,0,84,84,224
09/16/2006,ADW,MD,AEA,EN,Towers with Radar,0,0,0,59,59,0,0,3,13,16,0,0,3,72,75,0,36,36,111
09/17/2006,ADW,MD,AEA,EN,Towers with Radar,0,0,1,58,59,0,0,9,11,20,0,0,10,69,79,0,4,4,83
09/18/2006,ADW,MD,AEA,EN,Towers with Radar,0,0,4,106,110,0,0,14,29,43,0,0,18,135,153,0,158,158,311
09/19/2006,ADW,MD,AEA,EN,Towers with Radar,0,0,0,186,186,0,0,8,0,8,0,0,8,186,194,0,188,188,382
09/20/2006,ADW,MD,AEA,EN,Towers with Radar,0,0,3,125,128,0,0,6,24,30,0,0,9,149,158,0,148,148,306
09/21/2006,ADW,MD,AEA,EN,Towers with Radar,2,0,4,126,132,0,0,12,51,63,2,0,16,177,195,0,242,242,437
09/22/2006,ADW,MD,AEA,EN,Towers with Radar,0,0,11,99,110,0,0,10,20,30,0,0,21,119,140,12,124,136,276
09/23/2006,ADW,MD,AEA,EN,Towers with Radar,0,0,4,34,38,0,0,19,8,27,0,0,23,42,65,0,0,0,65
09/24/2006,ADW,MD,AEA,EN,Towers with Radar,0,0,0,73,73,0,0,7,11,18,0,0,7,84,91,0,16,16,107
09/25/2006,ADW,MD,AEA,EN,Towers with Radar,0,0,2,112,114,0,0,9,35,44,0,0,11,147,158,0,180,180,338
09/26/2006,ADW,MD,AEA,EN,Towers with Radar,0,0,2,155,157,0,0,15,0,15,0,0,17,155,172,0,306,306,478
09/27/2006,ADW,MD,AEA,EN,Towers with Radar,2,0,2,122,126,0,0,10,23,33,2,0,12,145,159,0,134,134,293
09/28/2006,ADW,MD,AEA,EN,Towers with Radar,2,0,0,100,102,0,0,8,28,36,2,0,8,128,138,0,122,122,260
09/29/2006,ADW,MD,AEA,EN,Towers with Radar,0,0,0,98,98,0,0,5,17,22,0,0,5,115,120,0,32,32,152
09/30/2006,ADW,MD,AEA,EN,Towers with Radar,0,0,0,40,40,0,0,8,13,21,0,0,8,53,61,0,60,60,121
10/01/2006,ADW,MD,AEA,EN,Towers with Radar,0,0,0,58,58,0,0,15,18,33,0,0,15,76,91,0,42,42,133
10/02/2006,ADW,MD,AEA,EN,Towers with Radar,1,0,0,107,108,0,0,15,32,47,1,0,15,139,155,0,188,188,343
10/03/2006,ADW,MD,AEA,EN,Towers with Radar,0,0,0,156,156,0,0,0,0,0,0,0,0,156,156,0,198,198,354
10/04/2006,ADW,MD,AEA,EN,Towers with Radar,0,0,4,113,117,0,0,14,24,38,0,0,18,137,155,0,84,84,239
10/05/2006,ADW,MD,AEA,EN,Towers with Radar,0,0,0,130,130,0,0,12,29,41,0,0,12,159,171,0,194,194,365
10/06/2006,ADW,MD,AEA,EN,Towers with Radar,0,0,1,114,115,0,0,1,5,6,0,0,2,119,121,0,12,12,133
10/07/2006,ADW,MD,AEA,EN,Towers with Radar,0,0,0,79,79,0,0,3,10,13,0,0,3,89,92,0,56,56,148
10/08/2006,ADW,MD,AEA,EN,Towers with Radar,0,0,0,43,43,0,0,4,14,18,0,0,4,57,61,0,20,20,81
10/09/2006,ADW,MD,AEA,EN,Towers with Radar,0,0,0,47,47,0,0,8,19,27,0,0,8,66,74,0,164,164,238
10/10/2006,ADW,MD,AEA,EN,Towers with Radar,3,0,4,142,149,0,0,13,0,13,3,0,17,142,162,0,156,156,318
10/11/2006,ADW,MD,AEA,EN,Towers with Radar,0,0,2,143,145,0,0,7,14,21,0,0,9,157,166,0,120,120,286
10/12/2006,ADW,MD,AEA,EN,Towers with Radar,0,0,5,151,156,0,0,3,43,46,0,0,8,194,202,0,174,174,376
10/13/2006,ADW,MD,AEA,EN,Towers with Radar,0,0,0,153,153,0,0,8,43,51,0,0,8,196,204,0,296,296,500
10/14/2006,ADW,MD,AEA,EN,Towers with Radar,0,0,7,121,128,0,0,10,31,41,0,0,17,152,169,0,160,160,329
10/15/2006,ADW,MD,AEA,EN,Towers with Radar,0,0,0,70,70,0,0,9,25,34,0,0,9,95,104,0,48,48,152
10/16/2006,ADW,MD,AEA,EN,Towers with Radar,0,0,0,114,114,0,0,8,40,48,0,0,8,154,162,0,140,140,302
10/17/2006,ADW,MD,AEA,EN,Towers with Radar,0,3,0,115,118,0,0,0,12,12,0,3,0,127,130,0,152,152,282
10/18/2006,ADW,MD,AEA,EN,Towers with Radar,1,0,0,117,118,0,0,2,31,33,1,0,2,148,151,0,88,88,239
10/19/2006,ADW,MD,AEA,EN,Towers with Radar,1,0,3,110,114,0,0,2,22,24,1,0,5,132,138,0,82,82,220
10/20/2006,ADW,MD,AEA,EN,Towers with Radar,0,0,0,104,104,0,0,5,23,28,0,0,5,127,132,0,148,148,280
10/21/2006,ADW,MD,AEA,EN,Towers with Radar,0,0,0,44,44,0,0,5,10,15,0,0,5,54,59,2,24,26,85
10/22/2006,ADW,MD,AEA,EN,Towers with Radar,0,0,1,50,51,0,0,8,14,22,0,0,9,64,73,0,86,86,159
10/23/2006,ADW,MD,AEA,EN,Towers with Radar,1,0,0,125,126,0,0,3,28,31,1,0,3,153,157,0,124,124,281
10/24/2006,ADW,MD,AEA,EN,Towers with Radar,1,0,1,179,181,0,0,0,0,0,1,0,1,179,181,0,306,306,487
10/25/2006,ADW,MD,AEA,EN,Towers with Radar,0,0,1,136,137,0,0,10,28,38,0,0,11,164,175,0,158,158,333
10/26/2006,ADW,MD,AEA,EN,Towers with Radar,1,0,0,169,170,0,0,6,35,41,1,0,6,204,211,0,182,182,393
10/27/2006,ADW,MD,AEA,EN,Towers with Radar,3,0,6,120,129,0,0,8,10,18,3,0,14,130,147,0,94,94,241
10/28/2006,ADW,MD,AEA,EN,Towers with Radar,0,0,2,68,70,0,0,1,11,12,0,0,3,79,82,0,10,10,92
10/29/2006,ADW,MD,AEA,EN,Towers with Radar,0,0,1,69,70,0,0,8,15,23,0,0,9,84,93,0,52,52,145
10/30/2006,ADW,MD,AEA,EN,Towers with Radar,1,0,2,85,88,0,0,4,28,32,1,0,6,113,120,0,124,124,244
10/31/2006,ADW,MD,AEA,EN,Towers with Radar,2,0,5,135,142,0,0,14,0,14,2,0,19,135,156,0,106,106,262
11/01/2006,ADW,MD,AEA,EN,Towers with Radar,0,0,2,141,143,0,0,12,25,37,0,0,14,166,180,24,112,136,316
11/02/2006,ADW,MD,AEA,EN,Towers with Radar,4,0,3,138,145,0,0,12,36,48,4,0,15,174,193,2,204,206,399
11/03/2006,ADW,MD,AEA,EN,Towers with Radar,0,0,6,147,153,0,0,12,31,43,0,0,18,178,196,0,214,214,410
11/04/2006,ADW,MD,AEA,EN,Towers with Radar,0,0,0,73,73,0,0,7,14,21,0,0,7,87,94,0,82,82,176
11/05/2006,ADW,MD,AEA,EN,Towers with Radar,0,0,2,71,73,0,0,6,13,19,0,0,8,84,92,4,80,84,176
11/06/2006,ADW,MD,AEA,EN,Towers with Radar,0,0,2,104,106,0,0,4,28,32,0,0,6,132,138,8,62,70,208
11/07/2006,ADW,MD,AEA,EN,Towers with Radar,1,0,7,150,158,0,0,0,0,0,1,0,7,150,158,16,214,230,388
11/08/2006,ADW,MD,AEA,EN,Towers with Radar,1,1,0,72,74,0,0,0,4,4,1,1,0,76,78,0,6,6,84
11/09/2006,ADW,MD,AEA,EN,Towers with Radar,0,0,2,141,143,0,0,4,26,30,0,0,6,167,173,0,1,1,174
11/10/2006,ADW,MD,AEA,EN,Towers with Radar,0,0,1,43,44,0,0,4,17,21,0,0,5,60,65,0,76,76,141
11/11/2006,ADW,MD,AEA,EN,Towers with Radar,0,0,0,41,41,0,0,5,17,22,0,0,5,58,63,0,62,62,125
11/12/2006,ADW,MD,AEA,EN,Towers with Radar,0,0,0,55,55,0,0,0,3,3,0,0,0,58,58,0,14,14,72
11/13/2006,ADW,MD,AEA,EN,Towers with Radar,0,0,0,122,122,0,0,0,2,2,0,0,0,124,124,0,38,38,162
11/14/2006,ADW,MD,AEA,EN,Towers with Radar,1,0,6,221,228,0,0,0,0,0,1,0,6,221,228,0,248,248,476
11/15/2006,ADW,MD,AEA,EN,Towers with Radar,0,0,3,127,130,0,0,8,26,34,0,0,11,153,164,32,132,164,328
11/16/2006,ADW,MD,AEA,EN,Towers with Radar,0,0,0,66,66,0,0,7,12,19,0,0,7,78,85,0,8,8,93
11/17/2006,ADW,MD,AEA,EN,Towers with Radar,0,0,7,139,146,0,0,9,36,45,0,0,16,175,191,34,148,182,373
11/18/2006,ADW,MD,AEA,EN,Towers with Radar,0,0,0,56,56,0,0,8,20,28,0,0,8,76,84,0,40,40,124
11/19/2006,ADW,MD,AEA,EN,Towers with Radar,0,0,2,46,48,0,0,16,14,30,0,0,18,60,78,14,6,20,98
11/20/2006,ADW,MD,AEA,EN,Towers with Radar,0,0,3,94,97,0,0,3,32,35,0,0,6,126,132,0,162,162,294
11/21/2006,ADW,MD,AEA,EN,Towers with Radar,0,0,7,185,192,0,0,0,0,0,0,0,7,185,192,12,312,324,516
11/22/2006,ADW,MD,AEA,EN,Towers with Radar,0,0,0,107,107,0,0,2,21,23,0,0,2,128,130,0,58,58,188
11/23/2006,ADW,MD,AEA,EN,Towers with Radar,0,0,0,10,10,0,0,0,3,3,0,0,0,13,13,0,0,0,13
11/24/2006,ADW,MD,AEA,EN,Towers with Radar,0,0,17,13,30,0,0,4,16,20,0,0,21,29,50,18,58,76,126
11/25/2006,ADW,MD,AEA,EN,Towers with Radar,0,0,0,27,27,0,0,15,12,27,0,0,15,39,54,0,34,34,88
11/26/2006,ADW,MD,AEA,EN,Towers with Radar,2,0,0,35,37,0,0,11,17,28,2,0,11,52,65,2,50,52,117
11/27/2006,ADW,MD,AEA,EN,Towers with Radar,0,0,3,125,128,0,0,9,42,51,0,0,12,167,179,0,216,216,395
11/28/2006,ADW,MD,AEA,EN,Towers with Radar,0,0,7,159,166,0,0,12,32,44,0,0,19,191,210,24,334,358,568
11/29/2006,ADW,MD,AEA,EN,Towers with Radar,0,0,15,104,119,0,0,5,29,34,0,0,20,133,153,30,130,160,313
11/30/2006,ADW,MD,AEA,EN,Towers with Radar,0,0,3,140,143,0,0,7,38,45,0,0,10,178,188,0,198,198,386
12/01/2006,ADW,MD,AEA,EN,Towers with Radar,0,0,1,108,109,0,0,6,18,24,0,0,7,126,133,0,87,87,220
12/02/2006,ADW,MD,AEA,EN,Towers with Radar,0,0,0,70,70,0,0,9,13,22,0,0,9,83,92,4,62,66,158
12/03/2006,ADW,MD,AEA,EN,Towers with Radar,0,0,0,51,51,0,0,14,13,27,0,0,14,64,78,0,42,42,120
12/04/2006,ADW,MD,AEA,EN,Towers with Radar,0,0,3,93,96,0,0,4,32,36,0,0,7,125,132,2,218,220,352
12/05/2006,ADW,MD,AEA,EN,Towers with Radar,0,0,3,143,146,0,0,4,49,53,0,0,7,192,199,0,318,318,517
12/06/2006,ADW,MD,AEA,EN,Towers with Radar,0,0,4,119,123,0,0,4,33,37,0,0,8,152,160,0,120,120,280
12/07/2006,ADW,MD,AEA,EN,Towers with Radar,0,0,1,134,135,0,0,7,40,47,0,0,8,174,182,0,198,198,380
12/08/2006,ADW,MD,AEA,EN,Towers with Radar,0,0,0,106,106,0,0,5,22,27,0,0,5,128,133,0,82,82,215
12/09/2006,ADW,MD,AEA,EN,Towers with Radar,0,0,0,51,51,0,0,1,15,16,0,0,1,66,67,0,62,62,129
12/10/2006,ADW,MD,AEA,EN,Towers with Radar,0,0,2,60,62,0,0,11,20,31,0,0,13,80,93,4,112,116,209
12/11/2006,ADW,MD,AEA,EN,Towers with Radar,1,0,1,120,122,0,0,9,33,42,1,0,10,153,164,0,212,212,376
12/12/2006,ADW,MD,AEA,EN,Towers with Radar,1,0,11,147,159,0,0,17,49,66,1,0,28,196,225,12,262,274,499
12/13/2006,ADW,MD,AEA,EN,Towers with Radar,0,0,3,117,120,0,0,4,39,43,0,0,7,156,163,0,132,132,295
12/14/2006,ADW,MD,AEA,EN,Towers with Radar,1,0,1,138,140,0,0,8,28,36,1,0,9,166,176,6,232,238,414
12/15/2006,ADW,MD,AEA,EN,Towers with Radar,0,0,2,141,143,0,0,2,28,30,0,0,4,169,173,0,138,138,311
12/16/2006,ADW,MD,AEA,EN,Towers with Radar,0,0,2,22,24,0,0,11,17,28,0,0,13,39,52,2,36,38,90
12/17/2006,ADW,MD,AEA,EN,Towers with Radar,0,0,2,48,50,0,0,7,16,23,0,0,9,64,73,0,56,56,129
12/18/2006,ADW,MD,AEA,EN,Towers with Radar,1,0,4,119,124,0,0,0,24,24,1,0,4,143,148,0,140,140,288
12/19/2006,ADW,MD,AEA,EN,Towers with Radar,0,0,1,162,163,0,0,7,15,22,0,0,8,177,185,14,234,248,433
12/20/2006,ADW,MD,AEA,EN,Towers with Radar,0,0,0,123,123,0,0,9,34,43,0,0,9,157,166,0,248,248,414
12/21/2006,ADW,MD,AEA,EN,Towers with Radar,0,0,1,65,66,0,0,8,26,34,0,0,9,91,100,30,116,146,246
12/22/2006,ADW,MD,AEA,EN,Towers with Radar,0,0,2,41,43,0,0,0,8,8,0,0,2,49,51,0,66,66,117
12/23/2006,ADW,MD,AEA,EN,Towers with Radar,0,0,1,19,20,0,0,0,8,8,0,0,1,27,28,0,16,16,44
12/24/2006,ADW,MD,AEA,EN,Towers with Radar,0,0,4,9,13,0,0,9,11,20,0,0,13,20,33,4,22,26,59
12/25/2006,ADW,MD,AEA,EN,Towers with Radar,0,0,0,5,5,0,0,9,0,9,0,0,9,5,14,0,0,0,14
12/26/2006,ADW,MD,AEA,EN,Towers with Radar,1,0,1,30,32,0,0,9,9,18,1,0,10,39,50,0,10,10,60
12/27/2006,ADW,MD,AEA,EN,Towers with Radar,0,0,6,53,59,0,0,5,22,27,0,0,11,75,86,6,120,126,212
12/28/2006,ADW,MD,AEA,EN,Towers with Radar,0,0,2,112,114,0,0,5,20,25,0,0,7,132,139,0,0,0,139
12/29/2006,ADW,MD,AEA,EN,Towers with Radar,0,0,0,50,50,0,0,2,20,22,0,0,2,70,72,0,74,74,146
12/30/2006,ADW,MD,AEA,EN,Towers with Radar,0,0,0,23,23,0,0,3,19,22,0,0,3,42,45,0,44,44,89
12/31/2006,ADW,MD,AEA,EN,Towers with Radar,0,0,0,7,7,0,0,11,8,19,0,0,11,15,26,0,6,6,32
01/01/2007,ADW,MD,AEA,EN,Towers with Radar,1,0,1,1,3,0,0,1,22,23,1,0,2,23,26,0,0,0,26
01/02/2007,ADW,MD,AEA,EN,Towers with Radar,0,0,0,34,34,0,0,3,10,13,0,0,3,44,47,0,52,52,99
01/03/2007,ADW,MD,AEA,EN,Towers with Radar,0,0,6,87,93,0,0,5,25,30,0,0,11,112,123,8,150,158,281
01/04/2007,ADW,MD,AEA,EN,Towers with Radar,0,0,2,136,138,0,0,3,35,38,0,0,5,171,176,0,256,256,432
01/05/2007,ADW,MD,AEA,EN,Towers with Radar,0,0,2,77,79,0,0,2,5,7,0,0,4,82,86,0,42,42,128
01/06/2007,ADW,MD,AEA,EN,Towers with Radar,0,0,0,73,73,0,0,6,14,20,0,0,6,87,93,2,46,48,141
01/07/2007,ADW,MD,AEA,EN,Towers with Radar,0,0,2,36,38,0,0,4,17,21,0,0,6,53,59,4,56,60,119
01/08/2007,ADW,MD,AEA,EN,Towers with Radar,0,0,0,88,88,0,0,4,16,20,0,0,4,104,108,0,78,78,186
01/09/2007,ADW,MD,AEA,EN,Towers with Radar,0,0,0,126,126,0,0,7,33,40,0,0,7,159,166,0,176,176,342
01/10/2007,ADW,MD,AEA,EN,Towers with Radar,0,0,0,131,131,0,0,12,20,32,0,0,12,151,163,0,152,152,315
01/11/2007,ADW,MD,AEA,EN,Towers with Radar,1,0,2,171,174,9,0,6,36,51,10,0,8,207,225,0,222,222,447
01/12/2007,ADW,MD,AEA,EN,Towers with Radar,0,0,2,112,114,0,0,6,29,35,0,0,8,141,149,0,194,194,343
01/13/2007,ADW,MD,AEA,EN,Towers with Radar,0,0,1,22,23,0,0,13,11,24,0,0,14,33,47,0,32,32,79
01/14/2007,ADW,MD,AEA,EN,Towers with Radar,0,0,1,27,28,0,0,11,13,24,0,0,12,40,52,4,42,46,98
01/15/2007,ADW,MD,AEA,EN,Towers with Radar,0,0,0,29,29,0,0,8,8,16,0,0,8,37,45,0,126,126,171
01/16/2007,ADW,MD,AEA,EN,Towers with Radar,0,0,0,82,82,0,0,12,27,39,0,0,12,109,121,0,112,112,233
01/17/2007,ADW,MD,AEA,EN,Towers with Radar,0,1,4,169,174,0,0,12,27,39,0,1,16,196,213,18,416,434,647
01/18/2007,ADW,MD,AEA,EN,Towers with Radar,0,0,9,130,139,0,0,12,45,57,0,0,21,175,196,16,390,406,602
01/19/2007,ADW,MD,AEA,EN,Towers with Radar,0,0,0,77,77,0,0,3,28,31,0,0,3,105,108,0,92,92,200
01/20/2007,ADW,MD,AEA,EN,Towers with Radar,0,0,1,50,51,0,0,3,17,20,0,0,4,67,71,0,62,62,133
01/21/2007,ADW,MD,AEA,EN,Towers with Radar,0,0,0,37,37,0,0,2,5,7,0,0,2,42,44,0,30,30,74
01/22/2007,ADW,MD,AEA,EN,Towers with Radar,0,0,0,75,75,0,0,0,0,0,0,0,0,75,75,0,2,2,77
01/23/2007,ADW,MD,AEA,EN,Towers with Radar,0,0,2,121,123,0,0,21,15,36,0,0,23,136,159,0,104,104,263
01/24/2007,ADW,MD,AEA,EN,Towers with Radar,0,0,4,114,118,0,0,11,26,37,0,0,15,140,155,38,182,220,375
01/25/2007,ADW,MD,AEA,EN,Towers with Radar,1,0,3,109,113,0,0,7,43,50,1,0,10,152,163,0,230,230,393
01/26/2007,ADW,MD,AEA,EN,Towers with Radar,0,0,7,107,114,0,0,7,18,25,0,0,14,125,139,20,68,88,227
01/27/2007,ADW,MD,AEA,EN,Towers with Radar,0,0,1,45,46,0,0,7,10,17,0,0,8,55,63,0,62,62,125
01/28/2007,ADW,MD,AEA,EN,Towers with Radar,0,0,0,39,39,0,0,5,7,12,0,0,5,46,51,0,14,14,65
01/29/2007,ADW,MD,AEA,EN,Towers with Radar,0,0,1,136,137,0,0,3,23,26,0,0,4,159,163,0,178,178,341
01/30/2007,ADW,MD,AEA,EN,Towers with Radar,0,0,2,149,151,0,0,4,37,41,0,0,6,186,192,0,256,256,448
01/31/2007,ADW,MD,AEA,EN,Towers with Radar,0,0,5,127,132,0,0,11,35,46,0,0,16,162,178,32,154,186,364
02/01/2007,ADW,MD,AEA,EN,Towers with Radar,1,0,0,132,133,0,0,4,41,45,1,0,4,173,178,42,260,302,480
02/02/2007,ADW,MD,AEA,EN,Towers with Radar,1,0,0,69,70,0,0,0,0,0,1,0,0,69,70,0,8,8,78
02/03/2007,ADW,MD,AEA,EN,Towers with Radar,0,0,2,70,72,0,0,6,20,26,0,0,8,90,98,8,96,104,202
02/04/2007,ADW,MD,AEA,EN,Towers with Radar,0,0,0,50,50,0,0,10,26,36,0,0,10,76,86,0,86,86,172
02/05/2007,ADW,MD,AEA,EN,Towers with Radar,0,0,6,92,98,0,0,15,21,36,0,0,21,113,134,36,108,144,278
02/06/2007,ADW,MD,AEA,EN,Towers with Radar,0,0,1,114,115,0,0,1,31,32,0,0,2,145,147,18,204,222,369
02/07/2007,ADW,MD,AEA,EN,Towers with Radar,2,0,0,102,104,0,0,5,23,28,2,0,5,125,132,2,108,110,242
02/08/2007,ADW,MD,AEA,EN,Towers with Radar,0,0,4,124,128,0,0,10,31,41,0,0,14,155,169,0,136,136,305
02/09/2007,ADW,MD,AEA,EN,Towers with Radar,0,0,9,102,111,0,0,4,30,34,0,0,13,132,145,6,150,156,301
02/10/2007,ADW,MD,AEA,EN,Towers with Radar,0,0,7,50,57,0,0,3,15,18,0,0,10,65,75,4,124,128,203
02/11/2007,ADW,MD,AEA,EN,Towers with Radar,0,0,3,55,58,0,0,7,21,28,0,0,10,76,86,0,94,94,180
02/12/2007,ADW,MD,AEA,EN,Towers with Radar,0,0,6,83,89,0,0,9,37,46,0,0,15,120,135,0,212,212,347
02/13/2007,ADW,MD,AEA,EN,Towers with Radar,0,0,0,0,0,0,0,0,10,10,0,0,0,10,10,0,0,0,10
02/14/2007,ADW,MD,AEA,EN,Towers with Radar,0,0,1,43,44,0,0,8,1,9,0,0,9,44,53,0,12,12,65
02/15/2007,ADW,MD,AEA,EN,Towers with Radar,0,0,0,72,72,0,0,8,32,40,0,0,8,104,112,0,54,54,166
02/16/2007,ADW,MD,AEA,EN,Towers with Radar,0,1,3,80,84,0,0,9,37,46,0,1,12,117,130,4,100,104,234
02/17/2007,ADW,MD,AEA,EN,Towers with Radar,0,0,0,41,41,0,0,6,12,18,0,0,6,53,59,0,10,10,69
02/18/2007,ADW,MD,AEA,EN,Towers with Radar,0,0,0,28,28,0,0,9,8,17,0,0,9,36,45,16,40,56,101
02/19/2007,ADW,MD,AEA,EN,Towers with Radar,0,0,3,40,43,0,0,4,23,27,0,0,7,63,70,0,138,138,208
02/20/2007,ADW,MD,AEA,EN,Towers with Radar,0,0,0,67,67,0,0,6,36,42,0,0,6,103,109,0,138,138,247
02/21/2007,ADW,MD,AEA,EN,Towers with Radar,1,0,10,133,144,0,0,7,44,51,1,0,17,177,195,0,216,216,411
02/22/2007,ADW,MD,AEA,EN,Towers with Radar,2,0,3,95,100,0,0,6,42,48,2,0,9,137,148,32,124,156,304
02/23/2007,ADW,MD,AEA,EN,Towers with Radar,0,0,0,88,88,0,0,5,20,25,0,0,5,108,113,0,88,88,201
02/24/2007,ADW,MD,AEA,EN,Towers with Radar,0,0,0,65,65,0,0,10,11,21,0,0,10,76,86,2,124,126,212
02/25/2007,ADW,MD,AEA,EN,Towers with Radar,0,0,0,35,35,0,0,4,2,6,0,0,4,37,41,0,6,6,47
02/26/2007,ADW,MD,AEA,EN,Towers with Radar,0,0,4,78,82,0,0,8,15,23,0,0,12,93,105,38,124,162,267
02/27/2007,ADW,MD,AEA,EN,Towers with Radar,1,0,10,128,139,0,0,12,58,70,1,0,22,186,209,20,376,396,605
02/28/2007,ADW,MD,AEA,EN,Towers with Radar,0,0,14,148,162,0,0,11,35,46,0,0,25,183,208,20,280,300,508
03/01/2007,ADW,MD,AEA,EN,Towers with Radar,2,0,3,150,155,0,0,8,42,50,2,0,11,192,205,0,256,256,461
03/02/2007,ADW,MD,AEA,EN,Towers with Radar,0,0,0,116,116,0,0,3,41,44,0,0,3,157,160,0,128,128,288
03/03/2007,ADW,MD,AEA,EN,Towers with Radar,0,0,0,63,63,0,0,8,30,38,0,0,8,93,101,0,98,98,199
03/04/2007,ADW,MD,AEA,EN,Towers with Radar,0,0,0,37,37,0,0,10,13,23,0,0,10,50,60,0,36,36,96
03/05/2007,ADW,MD,AEA,EN,Towers with Radar,0,0,0,85,85,0,0,9,26,35,0,0,9,111,120,32,0,32,152
03/06/2007,ADW,MD,AEA,EN,Towers with Radar,0,0,3,101,104,0,0,9,30,39,0,0,12,131,143,4,156,160,303
03/07/2007,ADW,MD,AEA,EN,Towers with Radar,1,0,0,80,81,0,0,1,5,6,1,0,1,85,87,0,8,8,95
03/08/2007,ADW,MD,AEA,EN,Towers with Radar,2,0,11,127,140,0,0,14,50,64,2,0,25,177,204,20,172,192,396
03/09/2007,ADW,MD,AEA,EN,Towers with Radar,0,0,3,117,120,0,0,17,28,45,0,0,20,145,165,26,178,204,369
03/10/2007,ADW,MD,AEA,EN,Towers with Radar,0,0,4,47,51,0,0,10,16,26,0,0,14,63,77,12,72,84,161
03/11/2007,ADW,MD,AEA,EN,Towers with Radar,0,0,5,38,43,0,0,9,13,22,0,0,14,51,65,0,32,32,97
03/12/2007,ADW,MD,AEA,EN,Towers with Radar,1,0,3,87,91,0,0,4,27,31,1,0,7,114,122,4,146,150,272
03/13/2007,ADW,MD,AEA,EN,Towers with Radar,0,0,4,118,122,0,0,14,29,43,0,0,18,147,165,0,224,224,389
03/14/2007,ADW,MD,AEA,EN,Towers with Radar,0,1,4,147,152,0,0,15,37,52,0,1,19,184,204,46,206,252,456
03/15/2007,ADW,MD,AEA,EN,Towers with Radar,0,0,6,108,114,0,0,7,24,31,0,0,13,132,145,8,142,150,295
03/16/2007,ADW,MD,AEA,EN,Towers with Radar,0,0,0,60,60,0,0,1,0,1,0,0,1,60,61,0,4,4,65
03/17/2007,ADW,MD,AEA,EN,Towers with Radar,0,0,0,25,25,0,0,3,10,13,0,0,3,35,38,0,0,0,38
03/18/2007,ADW,MD,AEA,EN,Towers with Radar,0,2,0,41,43,0,0,14,19,33,0,2,14,60,76,0,132,132,208
03/19/2007,ADW,MD,AEA,EN,Towers with Radar,0,0,1,74,75,0,0,5,31,36,0,0,6,105,111,2,38,40,151
03/20/2007,ADW,MD,AEA,EN,Towers with Radar,0,0,5,130,135,0,0,6,31,37,0,0,11,161,172,0,214,214,386
03/21/2007,ADW,MD,AEA,EN,Towers with Radar,1,0,3,108,112,0,0,7,4,11,1,0,10,112,123,0,56,56,179
03/22/2007,ADW,MD,AEA,EN,Towers with Radar,0,0,0,146,146,0,0,10,35,45,0,0,10,181,191,0,236,236,427
03/23/2007,ADW,MD,AEA,EN,Towers with Radar,0,0,0,89,89,0,0,4,30,34,0,0,4,119,123,0,138,138,261
03/24/2007,ADW,MD,AEA,EN,Towers with Radar,0,0,0,29,29,0,0,3,7,10,0,0,3,36,39,0,6,6,45
03/25/2007,ADW,MD,AEA,EN,Towers with Radar,0,0,6,37,43,0,0,6,23,29,0,0,12,60,72,4,138,142,214
03/26/2007,ADW,MD,AEA,EN,Towers with Radar,0,0,3,96,99,0,0,4,20,24,0,0,7,116,123,0,284,284,407
03/27/2007,ADW,MD,AEA,EN,Towers with Radar,0,0,0,78,78,0,0,6,29,35,0,0,6,107,113,0,178,178,291
03/28/2007,ADW,MD,AEA,EN,Towers with Radar,0,0,0,115,115,0,0,6,28,34,0,0,6,143,149,0,178,178,327
03/29/2007,ADW,MD,AEA,EN,Towers with Radar,0,0,2,92,94,0,0,17,27,44,0,0,19,119,138,4,202,206,344
03/30/2007,ADW,MD,AEA,EN,Towers with Radar,0,0,2,100,102,0,0,5,20,25,0,0,7,120,127,2,152,154,281
03/31/2007,ADW,MD,AEA,EN,Towers with Radar,0,0,0,49,49,0,0,6,20,26,0,0,6,69,75,0,58,58,133
04/01/2007,ADW,MD,AEA,EN,Towers with Radar,0,0,0,31,31,0,0,4,9,13,0,0,4,40,44,0,0,0,44
04/02/2007,ADW,MD,AEA,EN,Towers with Radar,0,0,1,86,87,0,0,16,32,48,0,0,17,118,135,44,92,136,271
04/03/2007,ADW,MD,AEA,EN,Towers with Radar,0,0,2,106,108,0,0,8,25,33,0,0,10,131,141,0,314,314,455
04/04/2007,ADW,MD,AEA,EN,Towers with Radar,1,0,0,78,79,0,0,2,1,3,1,0,2,79,82,0,26,26,108
04/05/2007,ADW,MD,AEA,EN,Towers with Radar,0,0,1,88,89,0,0,7,33,40,0,0,8,121,129,0,80,80,209
04/06/2007,ADW,MD,AEA,EN,Towers with Radar,0,0,9,68,77,0,0,8,22,30,0,0,17,90,107,4,62,66,173
04/07/2007,ADW,MD,AEA,EN,Towers with Radar,0,0,0,30,30,0,0,11,10,21,0,0,11,40,51,10,98,108,159
04/08/2007,ADW,MD,AEA,EN,Towers with Radar,0,0,5,32,37,0,0,7,16,23,0,0,12,48,60,6,124,130,190
04/09/2007,ADW,MD,AEA,EN,Towers with Radar,2,0,0,108,110,0,0,14,30,44,2,0,14,138,154,0,188,188,342
04/10/2007,ADW,MD,AEA,EN,Towers with Radar,0,0,0,112,112,0,0,4,36,40,0,0,4,148,152,0,370,370,522
04/11/2007,ADW,MD,AEA,EN,Towers with Radar,0,0,2,135,137,0,0,2,19,21,0,0,4,154,158,10,326,336,494
04/12/2007,ADW,MD,AEA,EN,Towers with Radar,0,0,1,97,98,0,0,5,20,25,0,0,6,117,123,0,110,110,233
04/13/2007,ADW,MD,AEA,EN,Towers with Radar,0,0,0,78,78,0,0,9,20,29,0,0,9,98,107,0,88,88,195
04/14/2007,ADW,MD,AEA,EN,Towers with Radar,8,0,4,44,56,0,0,16,20,36,8,0,20,64,92,2,176,178,270
04/15/2007,ADW,MD,AEA,EN,Towers with Radar,0,0,0,25,25,0,0,0,4,4,0,0,0,29,29,0,0,0,29
04/16/2007,ADW,MD,AEA,EN,Towers with Radar,0,0,0,11,11,0,0,0,2,2,0,0,0,13,13,0,0,0,13
04/17/2007,ADW,MD,AEA,EN,Towers with Radar,0,0,1,106,107,0,0,4,53,57,0,0,5,159,164,0,110,110,274
04/18/2007,ADW,MD,AEA,EN,Towers with Radar,0,0,4,125,129,0,0,2,42,44,0,0,6,167,173,0,318,318,491
04/19/2007,ADW,MD,AEA,EN,Towers with Radar,2,0,0,124,126,0,0,4,39,43,2,0,4,163,169,0,160,160,329
04/20/2007,ADW,MD,AEA,EN,Towers with Radar,3,0,0,99,102,0,0,14,27,41,3,0,14,126,143,6,108,114,257
04/21/2007,ADW,MD,AEA,EN,Towers with Radar,0,0,1,57,58,0,0,10,12,22,0,0,11,69,80,0,56,56,136
04/22/2007,ADW,MD,AEA,EN,Towers with Radar,0,0,4,52,56,0,0,23,9,32,0,0,27,61,88,0,48,48,136
04/23/2007,ADW,MD,AEA,EN,Towers with Radar,0,0,1,79,80,0,0,16,32,48,0,0,17,111,128,0,138,138,266
04/24/2007,ADW,MD,AEA,EN,Towers with Radar,0,0,2,103,105,0,0,10,37,47,0,0,12,140,152,0,264,264,416
04/25/2007,ADW,MD,AEA,EN,Towers with Radar,0,0,3,111,114,0,0,8,27,35,0,0,11,138,149,92,216,308,457
04/26/2007,ADW,MD,AEA,EN,Towers with Radar,2,0,0,141,143,0,0,15,23,38,2,0,15,164,181,64,116,180,361
04/27/2007,ADW,MD,AEA,EN,Towers with Radar,0,0,2,112,114,0,0,7,14,21,0,0,9,126,135,14,56,70,205
04/28/2007,ADW,MD,AEA,EN,Towers with Radar,1,0,0,57,58,0,0,10,29,39,1,0,10,86,97,0,32,32,129
04/29/2007,ADW,MD,AEA,EN,Towers with Radar,1,0,3,72,76,0,0,11,11,22,1,0,14,83,98,8,88,96,194
04/30/2007,ADW,MD,AEA,EN,Towers with Radar,1,0,2,97,100,0,0,11,26,37,1,0,13,123,137,54,122,176,313
05/01/2007,ADW,MD,AEA,EN,Towers with Radar,2,0,3,138,143,0,0,13,41,54,2,0,16,179,197,30,202,232,429
05/02/2007,ADW,MD,AEA,EN,Towers with Radar,1,0,1,139,141,0,0,6,21,27,1,0,7,160,168,0,106,106,274
05/03/2007,ADW,MD,AEA,EN,Towers with Radar,0,0,12,138,150,0,0,15,86,101,0,0,27,224,251,20,184,204,455
05/04/2007,ADW,MD,AEA,EN,Towers with Radar,0,0,0,126,126,0,0,4,47,51,0,0,4,173,177,0,160,160,337
05/05/2007,ADW,MD,AEA,EN,Towers with Radar,0,0,0,48,48,0,0,8,15,23,0,0,8,63,71,0,66,66,137
05/06/2007,ADW,MD,AEA,EN,Towers with Radar,0,0,3,50,53,0,0,15,13,28,0,0,18,63,81,42,30,72,153
05/07/2007,ADW,MD,AEA,EN,Towers with Radar,0,0,0,100,100,0,0,17,33,50,0,0,17,133,150,40,264,304,454
05/08/2007,ADW,MD,AEA,EN,Towers with Radar,1,0,8,111,120,0,0,12,32,44,1,0,20,143,164,14,250,264,428
05/09/2007,ADW,MD,AEA,EN,Towers with Radar,0,0,5,129,134,0,0,13,30,43,0,0,18,159,177,2,114,116,293
05/10/2007,ADW,MD,AEA,EN,Towers with Radar,0,0,1,128,129,0,0,8,46,54,0,0,9,174,183,6,110,116,299
05/11/2007,ADW,MD,AEA,EN,Towers with Radar,2,0,1,75,78,0,0,109,0,109,2,0,110,75,187,0,134,134,321
05/12/2007,ADW,MD,AEA,EN,Towers with Radar,2,0,0,36,38,0,0,24,2,26,2,0,24,38,64,40,54,94,158
05/13/2007,ADW,MD,AEA,EN,Towers with Radar,0,0,4,41,45,0,0,12,17,29,0,0,16,58,74,4,2,6,80
05/14/2007,ADW,MD,AEA,EN,Towers with Radar,0,0,0,111,111,0,0,10,38,48,0,0,10,149,159,2,270,272,431
05/15/2007,ADW,MD,AEA,EN,Towers with Radar,0,0,0,0,0,0,0,15,199,214,0,0,15,199,214,12,590,602,816
05/16/2007,ADW,MD,AEA,EN,Towers with Radar,1,0,5,100,106,0,0,7,14,21,1,0,12,114,127,12,234,246,373
05/17/2007,ADW,MD,AEA,EN,Towers with Radar,2,0,5,102,109,0,0,24,23,47,2,0,29,125,156,22,158,180,336
05/18/2007,ADW,MD,AEA,EN,Towers with Radar,0,0,5,25,30,0,0,20,13,33,0,0,25,38,63,208,78,286,349
05/19/2007,ADW,MD,AEA,EN,Towers with Radar,0,0,9,28,37,0,0,82,38,120,0,0,91,66,157,298,252,550,707
05/20/2007,ADW,MD,AEA,EN,Towers with Radar,0,0,8,28,36,0,0,22,9,31,0,0,30,37,67,100,4,104,171
05/21/2007,ADW,MD,AEA,EN,Towers with Radar,0,0,18,108,126,0,0,14,37,51,0,0,32,145,177,0,160,160,337
05/22/2007,ADW,MD,AEA,EN,Towers with Radar,0,0,1,188,189,0,0,8,49,57,0,0,9,237,246,10,356,366,612
05/23/2007,ADW,MD,AEA,EN,Towers with Radar,2,0,6,146,154,0,0,15,30,45,2,0,21,176,199,0,188,188,387
05/24/2007,ADW,MD,AEA,EN,Towers with Radar,0,0,1,99,100,0,0,28,51,79,0,0,29,150,179,62,282,344,523
05/25/2007,ADW,MD,AEA,EN,Towers with Radar,1,0,0,79,80,0,0,12,32,44,1,0,12,111,124,0,56,56,180
05/26/2007,ADW,MD,AEA,EN,Towers with Radar,1,0,3,28,32,0,0,11,14,25,1,0,14,42,57,0,46,46,103
05/27/2007,ADW,MD,AEA,EN,Towers with Radar,0,0,4,27,31,0,0,11,16,27,0,0,15,43,58,0,50,50,108
05/28/2007,ADW,MD,AEA,EN,Towers with Radar,0,0,0,20,20,0,0,9,4,13,0,0,9,24,33,0,0,0,33
05/29/2007,ADW,MD,AEA,EN,Towers with Radar,3,0,2,128,133,0,0,5,32,37,3,0,7,160,170,0,198,198,368
05/30/2007,ADW,MD,AEA,EN,Towers with Radar,3,0,1,166,170,0,0,0,43,43,3,0,1,209,213,4,224,228,441
05/31/2007,ADW,MD,AEA,EN,Towers with Radar,0,0,3,133,136,0,0,11,45,56,0,0,14,178,192,10,306,316,508
06/01/2007,ADW,MD,AEA,EN,Towers with Radar,0,0,6,117,123,0,0,11,31,42,0,0,17,148,165,6,178,184,349
06/02/2007,ADW,MD,AEA,EN,Towers with Radar,2,0,0,73,75,0,0,10,15,25,2,0,10,88,100,0,40,40,140
06/03/2007,ADW,MD,AEA,EN,Towers with Radar,1,0,0,65,66,0,0,6,7,13,1,0,6,72,79,0,58,58,137
06/04/2007,ADW,MD,AEA,EN,Towers with Radar,0,0,1,67,68,0,0,5,32,37,0,0,6,99,105,18,152,170,275
06/05/2007,ADW,MD,AEA,EN,Towers with Radar,0,0,0,0,0,0,0,25,157,182,0,0,25,157,182,90,292,382,564
06/06/2007,ADW,MD,AEA,EN,Towers with Radar,1,0,0,99,100,0,0,3,20,23,1,0,3,119,123,14,108,122,245
06/07/2007,ADW,MD,AEA,EN,Towers with Radar,0,0,3,88,91,0,0,16,29,45,0,0,19,117,136,128,198,326,462
06/08/2007,ADW,MD,AEA,EN,Towers with Radar,0,0,3,93,96,0,0,6,35,41,0,0,9,128,137,20,120,140,277
06/09/2007,ADW,MD,AEA,EN,Towers with Radar,0,0,1,52,53,0,0,16,16,32,0,0,17,68,85,24,38,62,147
06/10/2007,ADW,MD,AEA,EN,Towers with Radar,0,0,2,48,50,0,0,12,10,22,0,0,14,58,72,4,94,98,170
06/11/2007,ADW,MD,AEA,EN,Towers with Radar,1,0,6,101,108,0,0,5,17,22,1,0,11,118,130,28,88,116,246
06/12/2007,ADW,MD,AEA,EN,Towers with Radar,0,0,2,129,131,0,0,8,45,53,0,0,10,174,184,0,306,306,490
06/13/2007,ADW,MD,AEA,EN,Towers with Radar,0,0,4,89,93,0,0,2,14,16,0,0,6,103,109,0,166,166,275
06/14/2007,ADW,MD,AEA,EN,Towers with Radar,1,0,0,135,136,0,0,4,47,51,1,0,4,182,187,0,300,300,487
06/15/2007,ADW,MD,AEA,EN,Towers with Radar,1,0,2,84,87,0,0,11,31,42,1,0,13,115,129,0,148,148,277
06/16/2007,ADW,MD,AEA,EN,Towers with Radar,0,0,2,26,28,0,0,18,13,31,0,0,20,39,59,18,36,54,113
06/17/2007,ADW,MD,AEA,EN,Towers with Radar,3,0,1,35,39,0,0,17,15,32,3,0,18,50,71,68,4,72,143
06/18/2007,ADW,MD,AEA,EN,Towers with Radar,2,0,0,84,86,0,0,0,21,21,2,0,0,105,107,36,126,162,269
06/19/2007,ADW,MD,AEA,EN,Towers with Radar,0,0,7,150,157,0,0,10,31,41,0,0,17,181,198,34,350,384,582
06/20/2007,ADW,MD,AEA,EN,Towers with Radar,2,0,3,110,115,0,0,13,28,41,2,0,16,138,156,28,186,214,370
06/21/2007,ADW,MD,AEA,EN,Towers with Radar,2,0,21,178,201,0,0,0,0,0,2,0,21,178,201,66,182,248,449
06/22/2007,ADW,MD,AEA,EN,Towers with Radar,1,0,0,77,78,0,0,8,20,28,1,0,8,97,106,0,50,50,156
06/23/2007,ADW,MD,AEA,EN,Towers with Radar,2,0,3,51,56,0,0,15,12,27,2,0,18,63,83,2,88,90,173
06/24/2007,ADW,MD,AEA,EN,Towers with Radar,0,0,0,50,50,0,0,12,17,29,0,0,12,67,79,10,58,68,147
06/25/2007,ADW,MD,AEA,EN,Towers with Radar,2,0,0,91,93,0,0,7,33,40,2,0,7,124,133,0,284,284,417
06/26/2007,ADW,MD,AEA,EN,Towers with Radar,0,0,0,0,0,0,0,11,127,138,0,0,11,127,138,3,76,79,217
06/27/2007,ADW,MD,AEA,EN,Towers with Radar,2,0,4,114,120,0,0,10,16,26,2,0,14,130,146,0,134,134,280
06/28/2007,ADW,MD,AEA,EN,Towers with Radar,1,0,3,74,78,0,0,15,23,38,1,0,18,97,116,10,52,62,178
06/29/2007,ADW,MD,AEA,EN,Towers with Radar,0,0,1,96,97,0,0,5,16,21,0,0,6,112,118,0,96,96,214
06/30/2007,ADW,MD,AEA,EN,Towers with Radar,0,0,4,41,45,0,0,13,27,40,0,0,17,68,85,0,82,82,167
07/01/2007,ADW,MD,AEA,EN,Towers with Radar,0,0,4,32,36,0,0,18,10,28,0,0,22,42,64,12,10,22,86
07/02/2007,ADW,MD,AEA,EN,Towers with Radar,2,2,4,81,89,0,0,11,23,34,2,2,15,104,123,4,124,128,251
07/03/2007,ADW,MD,AEA,EN,Towers with Radar,1,3,8,82,94,0,0,0,0,0,1,3,8,82,94,380,206,586,680
07/04/2007,ADW,MD,AEA,EN,Towers with Radar,0,0,2,15,17,0,0,17,5,22,0,0,19,20,39,28,6,34,73
07/05/2007,ADW,MD,AEA,EN,Towers with Radar,0,0,2,69,71,0,0,9,18,27,0,0,11,87,98,54,94,148,246
07/06/2007,ADW,MD,AEA,EN,Towers with Radar,0,0,2,78,80,0,0,9,21,30,0,0,11,99,110,34,106,140,250
07/07/2007,ADW,MD,AEA,EN,Towers with Radar,0,0,1,47,48,0,0,10,12,22,0,0,11,59,70,0,58,58,128
07/08/2007,ADW,MD,AEA,EN,Towers with Radar,0,0,2,46,48,0,0,12,16,28,0,0,14,62,76,12,42,54,130
07/09/2007,ADW,MD,AEA,EN,Towers with Radar,0,0,0,90,90,0,0,2,24,26,0,0,2,114,116,20,138,158,274
07/10/2007,ADW,MD,AEA,EN,Towers with Radar,4,1,5,122,132,0,0,7,34,41,4,1,12,156,173,10,138,148,321
07/11/2007,ADW,MD,AEA,EN,Towers with Radar,0,0,5,63,68,0,0,6,13,19,0,0,11,76,87,0,194,194,281
07/12/2007,ADW,MD,AEA,EN,Towers with Radar,0,0,8,182,190,0,0,21,47,68,0,0,29,229,258,92,246,338,596
07/13/2007,ADW,MD,AEA,EN,Towers with Radar,0,0,4,124,128,0,0,16,28,44,0,0,20,152,172,42,252,294,466
07/14/2007,ADW,MD,AEA,EN,Towers with Radar,0,0,2,52,54,0,0,11,11,22,0,0,13,63,76,44,50,94,170
07/15/2007,ADW,MD,AEA,EN,Towers with Radar,0,0,8,54,62,0,0,10,9,19,0,0,18,63,81,26,74,100,181
07/16/2007,ADW,MD,AEA,EN,Towers with Radar,0,0,0,78,78,0,0,21,38,59,0,0,21,116,137,0,232,232,369
07/17/2007,ADW,MD,AEA,EN,Towers with Radar,0,0,6,125,131,0,0,21,30,51,0,0,27,155,182,52,312,364,546
07/18/2007,ADW,MD,AEA,EN,Towers with Radar,0,0,5,126,131,0,0,22,22,44,0,0,27,148,175,40,116,156,331
07/19/2007,ADW,MD,AEA,EN,Towers with Radar,3,0,7,134,144,0,0,9,38,47,3,0,16,172,191,14,208,222,413
07/20/2007,ADW,MD,AEA,EN,Towers with Radar,0,0,0,102,102,0,0,6,31,37,0,0,6,133,139,46,246,292,431
07/21/2007,ADW,MD,AEA,EN,Towers with Radar,1,0,3,42,46,0,0,17,10,27,1,0,20,52,73,8,64,72,145
07/22/2007,ADW,MD,AEA,EN,Towers with Radar,0,0,2,39,41,0,0,15,20,35,0,0,17,59,76,16,108,124,200
07/23/2007,ADW,MD,AEA,EN,Towers with Radar,1,0,3,91,95,0,0,12,9,21,1,0,15,100,116,64,134,198,314
07/24/2007,ADW,MD,AEA,EN,Towers with Radar,3,0,3,88,94,0,0,5,37,42,3,0,8,125,136,0,126,126,262
07/25/2007,ADW,MD,AEA,EN,Towers with Radar,0,0,2,111,113,0,0,9,23,32,0,0,11,134,145,8,280,288,433
07/26/2007,ADW,MD,AEA,EN,Towers with Radar,0,0,8,93,101,0,0,23,25,48,0,0,31,118,149,38,66,104,253
07/27/2007,ADW,MD,AEA,EN,Towers with Radar,0,0,10,97,107,0,0,10,15,25,0,0,20,112,132,42,68,110,242
07/28/2007,ADW,MD,AEA,EN,Towers with Radar,0,0,1,68,69,0,0,18,8,26,0,0,19,76,95,74,28,102,197
07/29/2007,ADW,MD,AEA,EN,Towers with Radar,0,0,0,25,25,0,0,9,14,23,0,0,9,39,48,0,22,22,70
07/30/2007,ADW,MD,AEA,EN,Towers with Radar,1,0,5,81,87,0,0,5,22,27,1,0,10,103,114,50,80,130,244
07/31/2007,ADW,MD,AEA,EN,Towers with Radar,0,0,2,125,127,0,0,9,22,31,0,0,11,147,158,50,224,274,432
08/01/2007,ADW,MD,AEA,EN,Towers with Radar,0,0,9,141,150,0,0,15,21,36,0,0,24,162,186,82,206,288,474
08/02/2007,ADW,MD,AEA,EN,Towers with Radar,0,0,2,163,165,0,0,21,35,56,0,0,23,198,221,122,266,388,609
08/03/2007,ADW,MD,AEA,EN,Towers with Radar,0,0,1,88,89,0,0,15,28,43,0,0,16,116,132,42,118,160,292
08/04/2007,ADW,MD,AEA,EN,Towers with Radar,0,0,0,46,46,0,0,10,13,23,0,0,10,59,69,0,2,2,71
08/05/2007,ADW,MD,AEA,EN,Towers with Radar,0,0,5,59,64,0,0,11,11,22,0,0,16,70,86,18,86,104,190
08/06/2007,ADW,MD,AEA,EN,Towers with Radar,0,0,1,54,55,0,0,11,22,33,0,0,12,76,88,0,50,50,138
08/07/2007,ADW,MD,AEA,EN,Towers with Radar,0,0,1,74,75,0,0,12,21,33,0,0,13,95,108,6,266,272,380
08/08/2007,ADW,MD,AEA,EN,Towers with Radar,0,0,1,90,91,0,0,7,35,42,0,0,8,125,133,22,234,256,389
08/09/2007,ADW,MD,AEA,EN,Towers with Radar,2,0,9,110,121,0,0,5,12,17,2,0,14,122,138,10,128,138,276
08/10/2007,ADW,MD,AEA,EN,Towers with Radar,0,0,6,88,94,0,0,9,9,18,0,0,15,97,112,62,124,186,298
08/11/2007,ADW,MD,AEA,EN,Towers with Radar,0,0,20,45,65,0,0,18,7,25,0,0,38,52,90,58,108,166,256
08/12/2007,ADW,MD,AEA,EN,Towers with Radar,0,0,0,61,61,0,0,17,23,40,0,0,17,84,101,10,52,62,163
08/13/2007,ADW,MD,AEA,EN,Towers with Radar,1,0,3,94,98,0,0,14,25,39,1,0,17,119,137,14,172,186,323
08/14/2007,ADW,MD,AEA,EN,Towers with Radar,0,0,11,132,143,0,0,11,39,50,0,0,22,171,193,30,338,368,561
08/15/2007,ADW,MD,AEA,EN,Towers with Radar,0,0,3,109,112,0,0,18,19,37,0,0,21,128,149,10,190,200,349
08/16/2007,ADW,MD,AEA,EN,Towers with Radar,0,0,7,116,123,0,0,9,14,23,0,0,16,130,146,14,136,150,296
08/17/2007,ADW,MD,AEA,EN,Towers with Radar,0,0,2,96,98,0,0,13,28,41,0,0,15,124,139,68,88,156,295
08/18/2007,ADW,MD,AEA,EN,Towers with Radar,0,0,13,63,76,0,0,27,16,43,0,0,40,79,119,70,76,146,265
08/19/2007,ADW,MD,AEA,EN,Towers with Radar,0,0,3,38,41,0,0,8,15,23,0,0,11,53,64,2,74,76,140
08/20/2007,ADW,MD,AEA,EN,Towers with Radar,0,0,1,75,76,0,0,6,9,15,0,0,7,84,91,10,58,68,159
08/21/2007,ADW,MD,AEA,EN,Towers with Radar,0,0,0,86,86,0,0,0,1,1,0,0,0,87,87,0,30,30,117
08/22/2007,ADW,MD,AEA,EN,Towers with Radar,0,0,1,101,102,0,0,5,19,24,0,0,6,120,126,0,84,84,210
08/23/2007,ADW,MD,AEA,EN,Towers with Radar,0,0,2,110,112,0,0,17,24,41,0,0,19,134,153,30,178,208,361
08/24/2007,ADW,MD,AEA,EN,Towers with Radar,0,3,5,89,97,0,0,11,31,42,0,3,16,120,139,0,112,112,251
08/25/2007,ADW,MD,AEA,EN,Towers with Radar,0,0,2,41,43,0,0,10,6,16,0,0,12,47,59,18,56,74,133
08/26/2007,ADW,MD,AEA,EN,Towers with Radar,0,0,1,62,63,0,0,8,21,29,0,0,9,83,92,0,92,92,184
08/27/2007,ADW,MD,AEA,EN,Towers with Radar,0,0,0,106,106,0,0,0,29,29,0,0,0,135,135,0,152,152,287
08/28/2007,ADW,MD,AEA,EN,Towers with Radar,0,0,3,131,134,0,0,14,28,42,0,0,17,159,176,20,294,314,490
08/29/2007,ADW,MD,AEA,EN,Towers with Radar,0,0,5,131,136,0,0,19,35,54,0,0,24,166,190,56,180,236,426
08/30/2007,ADW,MD,AEA,EN,Towers with Radar,0,0,2,115,117,0,0,8,27,35,0,0,10,142,152,30,278,308,460
08/31/2007,ADW,MD,AEA,EN,Towers with Radar,0,0,7,83,90,0,0,36,23,59,0,0,43,106,149,134,158,292,441
09/01/2007,ADW,MD,AEA,EN,Towers with Radar,0,0,7,46,53,0,0,10,11,21,0,0,17,57,74,6,26,32,106
09/02/2007,ADW,MD,AEA,EN,Towers with Radar,2,0,2,40,44,0,0,16,17,33,2,0,18,57,77,2,44,46,123
09/03/2007,ADW,MD,AEA,EN,Towers with Radar,0,0,2,25,27,0,0,15,8,23,0,0,17,33,50,108,52,160,210
09/04/2007,ADW,MD,AEA,EN,Towers with Radar,0,0,2,121,123,0,0,6,35,41,0,0,8,156,164,2,264,266,430
09/05/2007,ADW,MD,AEA,EN,Towers with Radar,0,0,5,123,128,0,0,13,23,36,0,0,18,146,164,134,216,350,514
09/06/2007,ADW,MD,AEA,EN,Towers with Radar,0,0,0,134,134,0,0,15,48,63,0,0,15,182,197,46,322,368,565
09/07/2007,ADW,MD,AEA,EN,Towers with Radar,0,0,8,136,144,0,0,10,34,44,0,0,18,170,188,50,290,340,528
09/08/2007,ADW,MD,AEA,EN,Towers with Radar,0,0,7,40,47,0,0,11,11,22,0,0,18,51,69,14,128,142,211
09/09/2007,ADW,MD,AEA,EN,Towers with Radar,0,0,6,38,44,0,0,17,16,33,0,0,23,54,77,42,80,122,199
09/10/2007,ADW,MD,AEA,EN,Towers with Radar,0,0,1,94,95,0,0,13,32,45,0,0,14,126,140,0,258,258,398
09/11/2007,ADW,MD,AEA,EN,Towers with Radar,0,0,1,98,99,0,0,5,21,26,0,0,6,119,125,0,150,150,275
09/12/2007,ADW,MD,AEA,EN,Towers with Radar,0,0,2,111,113,0,0,34,34,68,0,0,36,145,181,70,194,264,445
09/13/2007,ADW,MD,AEA,EN,Towers with Radar,0,0,13,165,178,0,0,18,47,65,0,0,31,212,243,52,374,426,669
09/14/2007,ADW,MD,AEA,EN,Towers with Radar,1,0,5,114,120,0,0,8,26,34,1,0,13,140,154,12,178,190,344
09/15/2007,ADW,MD,AEA,EN,Towers with Radar,0,0,0,57,57,0,0,18,17,35,0,0,18,74,92,8,134,142,234
09/16/2007,ADW,MD,AEA,EN,Towers with Radar,3,0,8,52,63,0,0,11,10,21,3,0,19,62,84,26,50,76,160
09/17/2007,ADW,MD,AEA,EN,Towers with Radar,0,1,3,109,113,0,0,13,27,40,0,1,16,136,153,0,240,240,393
09/18/2007,ADW,MD,AEA,EN,Towers with Radar,0,0,2,118,120,0,0,10,28,38,0,0,12,146,158,0,136,136,294
09/19/2007,ADW,MD,AEA,EN,Towers with Radar,0,0,2,135,137,0,0,10,33,43,0,0,12,168,180,0,172,172,352
09/20/2007,ADW,MD,AEA,EN,Towers with Radar,0,1,10,119,130,0,0,10,31,41,0,1,20,150,171,44,210,254,425
09/21/2007,ADW,MD,AEA,EN,Towers with Radar,0,0,2,166,168,0,0,20,29,49,0,0,22,195,217,22,186,208,425
09/22/2007,ADW,MD,AEA,EN,Towers with Radar,0,0,11,32,43,0,0,27,14,41,0,0,38,46,84,84,58,142,226
09/23/2007,ADW,MD,AEA,EN,Towers with Radar,0,0,2,37,39,0,0,15,16,31,0,0,17,53,70,18,90,108,178
09/24/2007,ADW,MD,AEA,EN,Towers with Radar,0,0,4,87,91,0,0,11,32,43,0,0,15,119,134,32,294,326,460
09/25/2007,ADW,MD,AEA,EN,Towers with Radar,2,0,1,129,132,0,0,6,20,26,2,0,7,149,158,42,160,202,360
09/26/2007,ADW,MD,AEA,EN,Towers with Radar,0,0,2,106,108,0,0,6,24,30,0,0,8,130,138,0,126,126,264
09/27/2007,ADW,MD,AEA,EN,Towers with Radar,1,0,3,127,131,0,0,8,10,18,1,0,11,137,149,18,156,174,323
09/28/2007,ADW,MD,AEA,EN,Towers with Radar,3,0,4,124,131,0,0,4,3,7,3,0,8,127,138,4,98,102,240
09/29/2007,ADW,MD,AEA,EN,Towers with Radar,2,0,4,53,59,0,0,12,12,24,2,0,16,65,83,32,78,110,193
09/30/2007,ADW,MD,AEA,EN,Towers with Radar,0,0,0,68,68,0,0,14,19,33,0,0,14,87,101,68,38,106,207
10/01/2007,ADW,MD,AEA,EN,Towers with Radar,0,0,1,118,119,0,0,20,22,42,0,0,21,140,161,0,306,306,500
10/02/2007,ADW,MD,AEA,EN,Towers with Radar,1,0,3,140,144,0,0,11,36,47,1,0,14,176,191,0,336,336,542
10/03/2007,ADW,MD,AEA,EN,Towers with Radar,0,2,0,128,130,0,0,5,25,30,0,3,5,153,161,10,184,194,383
10/04/2007,ADW,MD,AEA,EN,Towers with Radar,0,0,1,106,107,0,0,4,31,35,0,0,5,137,142,0,150,150,323
10/05/2007,ADW,MD,AEA,EN,Towers with Radar,0,0,4,112,116,0,0,11,9,20,0,0,15,121,136,54,128,182,335
10/06/2007,ADW,MD,AEA,EN,Towers with Radar,0,0,1,41,42,0,0,4,16,20,0,1,5,57,63,0,90,90,177
10/07/2007,ADW,MD,AEA,EN,Towers with Radar,0,0,1,57,58,0,0,7,28,35,0,0,8,85,93,30,198,228,339
10/08/2007,ADW,MD,AEA,EN,Towers with Radar,0,0,0,43,43,0,0,3,9,12,0,0,3,52,55,0,64,64,139
10/09/2007,ADW,MD,AEA,EN,Towers with Radar,0,0,1,140,141,0,0,6,38,44,0,1,7,178,186,14,194,208,416
10/10/2007,ADW,MD,AEA,EN,Towers with Radar,1,0,0,161,162,0,0,14,21,35,1,1,14,182,198,48,222,270,498
10/11/2007,ADW,MD,AEA,EN,Towers with Radar,0,0,3,122,125,0,0,17,40,57,0,1,20,162,183,2,204,206,412
10/12/2007,ADW,MD,AEA,EN,Towers with Radar,1,0,4,126,131,0,0,4,22,26,1,1,8,148,158,13,106,119,310
10/13/2007,ADW,MD,AEA,EN,Towers with Radar,0,0,6,105,111,0,0,11,18,29,0,0,17,123,140,34,204,238,403
10/14/2007,ADW,MD,AEA,EN,Towers with Radar,0,0,6,94,100,0,0,10,29,39,0,0,16,123,139,18,184,202,378
10/15/2007,ADW,MD,AEA,EN,Towers with Radar,1,0,1,90,92,0,0,20,28,48,1,1,21,118,141,370,116,486,661
10/16/2007,ADW,MD,AEA,EN,Towers with Radar,0,0,5,169,174,0,0,5,28,33,0,2,10,197,209,0,292,292,524
10/17/2007,ADW,MD,AEA,EN,Towers with Radar,0,0,6,109,115,0,0,7,26,33,0,0,13,135,148,2,230,232,419
10/18/2007,ADW,MD,AEA,EN,Towers with Radar,0,0,6,142,148,0,0,10,47,57,0,1,16,189,206,24,210,234,473
10/19/2007,ADW,MD,AEA,EN,Towers with Radar,0,0,3,104,107,0,0,7,21,28,3,0,10,125,138,14,110,124,275
10/20/2007,ADW,MD,AEA,EN,Towers with Radar,2,0,6,61,69,0,0,14,19,33,5,0,20,80,105,24,86,110,251
10/21/2007,ADW,MD,AEA,EN,Towers with Radar,0,0,2,49,51,0,0,11,27,38,0,0,13,76,89,0,96,96,221
10/22/2007,ADW,MD,AEA,EN,Towers with Radar,0,0,1,82,83,0,0,20,19,39,0,0,21,101,122,28,122,150,309
10/23/2007,ADW,MD,AEA,EN,Towers with Radar,0,0,7,128,135,0,0,11,39,50,0,0,18,167,185,18,264,282,501
10/24/2007,ADW,MD,AEA,EN,Towers with Radar,0,0,2,91,93,0,0,5,13,18,0,0,7,104,111,0,104,104,233
10/25/2007,ADW,MD,AEA,EN,Towers with Radar,3,0,0,129,132,0,0,0,0,0,3,0,0,129,132,0,40,40,173
10/26/2007,ADW,MD,AEA,EN,Towers with Radar,0,0,0,109,109,0,0,0,0,0,0,0,0,109,109,0,24,24,133
10/27/2007,ADW,MD,AEA,EN,Towers with Radar,0,0,3,49,52,0,0,4,8,12,1,0,7,57,65,38,70,108,195
10/28/2007,ADW,MD,AEA,EN,Towers with Radar,0,0,2,50,52,0,0,16,10,26,0,0,18,60,78,28,64,92,191
10/29/2007,ADW,MD,AEA,EN,Towers with Radar,0,0,3,82,85,0,0,5,48,53,0,0,8,130,138,15,222,237,411
10/30/2007,ADW,MD,AEA,EN,Towers with Radar,0,0,0,95,95,0,0,9,35,44,0,1,9,130,140,0,220,220,391
10/31/2007,ADW,MD,AEA,EN,Towers with Radar,0,0,14,133,147,0,0,6,22,28,0,0,20,155,175,22,260,282,504
11/01/2007,ADW,MD,AEA,EN,Towers with Radar,1,0,1,102,104,0,0,7,53,60,1,0,8,155,164,10,252,262,456
11/02/2007,ADW,MD,AEA,EN,Towers with Radar,2,0,4,82,88,0,0,6,38,44,2,0,10,120,132,8,182,190,366
11/03/2007,ADW,MD,AEA,EN,Towers with Radar,1,0,6,75,82,0,0,17,19,36,1,0,23,94,118,74,138,212,344
11/04/2007,ADW,MD,AEA,EN,Towers with Radar,0,0,0,65,65,0,0,8,12,20,1,0,8,77,86,32,84,116,220
11/05/2007,ADW,MD,AEA,EN,Towers with Radar,0,0,1,83,84,0,0,5,21,26,0,0,6,104,110,0,140,140,279
11/06/2007,ADW,MD,AEA,EN,Towers with Radar,0,0,0,100,100,0,0,4,36,40,0,1,4,136,141,0,290,290,457
11/07/2007,ADW,MD,AEA,EN,Towers with Radar,4,0,2,132,138,0,0,8,18,26,4,1,10,150,165,34,118,152,328
11/08/2007,ADW,MD,AEA,EN,Towers with Radar,3,2,8,173,186,0,0,14,39,53,3,3,22,212,240,42,216,258,522
11/09/2007,ADW,MD,AEA,EN,Towers with Radar,0,0,0,109,109,0,0,10,37,47,0,0,10,146,156,14,212,226,408
11/10/2007,ADW,MD,AEA,EN,Towers with Radar,0,0,1,28,29,0,0,12,9,21,0,0,13,37,50,58,70,128,193
11/11/2007,ADW,MD,AEA,EN,Towers with Radar,1,0,5,34,40,0,0,11,14,25,1,0,16,48,65,26,18,44,145
11/12/2007,ADW,MD,AEA,EN,Towers with Radar,1,0,3,50,54,0,0,19,11,30,1,0,22,61,84,84,20,104,212
11/13/2007,ADW,MD,AEA,EN,Towers with Radar,4,0,5,166,175,0,0,17,32,49,4,0,22,198,224,0,300,300,555
11/14/2007,ADW,MD,AEA,EN,Towers with Radar,0,0,2,146,148,0,0,0,15,15,0,0,2,161,163,0,240,240,428
11/15/2007,ADW,MD,AEA,EN,Towers with Radar,0,0,3,111,114,0,0,9,11,20,0,1,12,122,135,16,100,116,270
11/16/2007,ADW,MD,AEA,EN,Towers with Radar,0,0,9,106,115,0,0,5,24,29,0,1,14,130,145,50,96,146,325
11/17/2007,ADW,MD,AEA,EN,Towers with Radar,0,0,6,40,46,0,0,23,11,34,0,0,29,51,80,70,78,148,251
11/18/2007,ADW,MD,AEA,EN,Towers with Radar,0,0,2,52,54,0,0,6,15,21,0,0,8,67,75,32,80,112,212
11/19/2007,ADW,MD,AEA,EN,Towers with Radar,0,0,1,116,117,0,0,0,4,4,0,0,1,120,121,0,82,82,206
11/20/2007,ADW,MD,AEA,EN,Towers with Radar,0,0,1,134,135,0,0,14,29,43,0,0,15,163,178,2,298,300,832
11/21/2007,ADW,MD,AEA,EN,Towers with Radar,0,0,0,36,36,0,0,9,9,18,0,2,9,45,56,4,32,36,124
11/22/2007,ADW,MD,AEA,EN,Towers with Radar,0,0,0,5,5,0,0,6,3,9,0,0,6,8,14,0,6,6,36
11/23/2007,ADW,MD,AEA,EN,Towers with Radar,0,0,2,14,16,0,0,6,3,9,0,0,8,17,25,0,0,0,45
11/24/2007,ADW,MD,AEA,EN,Towers with Radar,0,0,5,18,23,0,0,13,7,20,0,0,18,25,43,6,22,28,89
11/25/2007,ADW,MD,AEA,EN,Towers with Radar,0,0,16,25,41,0,0,15,0,15,1,0,31,25,57,44,76,120,202
11/26/2007,ADW,MD,AEA,EN,Towers with Radar,0,0,0,56,56,0,0,2,9,11,0,0,2,65,67,0,18,18,89
11/27/2007,ADW,MD,AEA,EN,Towers with Radar,1,0,8,119,128,0,0,14,28,42,1,2,22,147,172,10,248,258,477
11/28/2007,ADW,MD,AEA,EN,Towers with Radar,0,0,9,92,101,0,0,16,42,58,0,1,25,134,160,30,138,168,376
11/29/2007,ADW,MD,AEA,EN,Towers with Radar,0,0,2,145,147,0,0,5,49,54,1,0,7,194,202,8,246,254,501
11/30/2007,ADW,MD,AEA,EN,Towers with Radar,0,0,6,137,143,0,0,7,35,42,0,2,13,172,187,34,224,258,479
12/01/2007,ADW,MD,AEA,EN,Towers with Radar,0,0,0,46,46,0,0,6,8,14,0,0,6,54,60,0,52,52,118
12/02/2007,ADW,MD,AEA,EN,Towers with Radar,0,0,1,53,54,0,0,6,9,15,0,0,7,62,69,6,44,50,134
12/03/2007,ADW,MD,AEA,EN,Towers with Radar,2,0,2,34,38,0,0,4,1,5,2,1,6,35,44,34,14,48,109
12/04/2007,ADW,MD,AEA,EN,Towers with Radar,0,3,0,113,116,0,0,9,25,34,0,6,9,138,153,6,136,142,321
12/05/2007,ADW,MD,AEA,EN,Towers with Radar,0,2,0,84,86,0,0,5,4,9,0,2,5,88,95,36,48,84,190
12/06/2007,ADW,MD,AEA,EN,Towers with Radar,1,1,1,83,86,0,0,16,21,37,1,3,17,104,125,26,140,166,341
12/07/2007,ADW,MD,AEA,EN,Towers with Radar,4,2,0,59,65,0,0,7,5,12,4,2,7,64,77,0,32,32,133
12/08/2007,ADW,MD,AEA,EN,Towers with Radar,0,1,6,35,42,0,0,7,9,16,0,2,13,44,59,2,32,34,113
12/09/2007,ADW,MD,AEA,EN,Towers with Radar,0,0,2,28,30,0,0,2,0,2,0,0,4,28,32,0,0,0,41
12/10/2007,ADW,MD,AEA,EN,Towers with Radar,0,2,3,85,90,0,0,19,9,28,0,2,22,94,118,46,92,138,273
12/11/2007,ADW,MD,AEA,EN,Towers with Radar,8,1,1,157,167,0,0,0,2,2,8,1,1,159,169,0,80,80,259
12/12/2007,ADW,MD,AEA,EN,Towers with Radar,1,2,4,127,134,0,0,11,61,72,1,3,15,188,207,18,124,142,390
12/13/2007,ADW,MD,AEA,EN,Towers with Radar,0,14,1,88,103,0,0,6,5,11,0,14,7,93,114,28,108,136,271
12/14/2007,ADW,MD,AEA,EN,Towers with Radar,6,4,0,85,95,0,1,12,10,23,6,5,12,95,118,14,162,176,316
12/15/2007,ADW,MD,AEA,EN,Towers with Radar,1,0,2,27,30,0,0,4,7,11,1,0,6,34,41,0,32,32,90
12/16/2007,ADW,MD,AEA,EN,Towers with Radar,0,2,1,13,16,0,0,2,5,7,1,4,3,18,26,0,36,36,68
12/17/2007,ADW,MD,AEA,EN,Towers with Radar,0,3,6,50,59,0,0,6,14,20,0,3,12,64,79,24,100,124,229
12/18/2007,ADW,MD,AEA,EN,Towers with Radar,0,1,0,130,131,0,0,3,27,30,0,2,3,157,162,20,298,318,529
12/19/2007,ADW,MD,AEA,EN,Towers with Radar,1,5,2,145,153,0,0,11,20,31,1,6,13,165,185,82,506,588,820
12/20/2007,ADW,MD,AEA,EN,Towers with Radar,11,7,2,128,148,0,0,18,27,45,11,9,20,155,195,0,250,250,476
12/21/2007,ADW,MD,AEA,EN,Towers with Radar,1,0,0,79,80,0,0,8,25,33,1,0,8,104,113,30,94,124,269
12/22/2007,ADW,MD,AEA,EN,Towers with Radar,0,0,0,12,12,0,0,12,8,20,0,0,12,20,32,0,6,6,52
12/23/2007,ADW,MD,AEA,EN,Towers with Radar,1,1,4,11,17,0,0,5,0,5,1,2,9,11,23,0,0,0,35
12/24/2007,ADW,MD,AEA,EN,Towers with Radar,0,0,2,15,17,0,0,16,14,30,0,0,18,29,47,28,62,90,183
12/25/2007,ADW,MD,AEA,EN,Towers with Radar,0,0,0,5,5,0,0,4,0,4,0,0,4,5,9,2,0,2,22
12/26/2007,ADW,MD,AEA,EN,Towers with Radar,2,0,4,47,53,0,0,8,5,13,2,0,12,52,66,20,28,48,134
12/27/2007,ADW,MD,AEA,EN,Towers with Radar,0,2,1,42,45,0,0,11,18,29,0,2,12,60,74,70,86,156,281
12/28/2007,ADW,MD,AEA,EN,Towers with Radar,0,3,4,51,58,0,0,9,10,19,0,3,13,61,77,30,184,214,326
12/29/2007,ADW,MD,AEA,EN,Towers with Radar,0,1,0,12,13,0,0,2,7,9,0,1,2,19,22,26,2,28,81
12/30/2007,ADW,MD,AEA,EN,Towers with Radar,0,1,0,11,12,0,0,5,6,11,0,1,5,17,23,20,22,42,88
12/31/2007,ADW,MD,AEA,EN,Towers with Radar,0,0,1,19,20,0,0,2,10,12,0,1,3,29,33,10,36,46,116
01/01/2008,ADW,MD,AEA,EN,Towers with Radar,2,0,0,15,17,0,0,11,3,14,2,0,11,18,31,0,4,4,48
01/02/2008,ADW,MD,AEA,EN,Towers with Radar,1,0,2,27,30,0,0,4,12,16,1,1,6,39,47,24,68,92,164
01/03/2008,ADW,MD,AEA,EN,Towers with Radar,0,1,4,87,92,0,0,10,18,28,0,1,14,105,120,64,232,296,456
01/04/2008,ADW,MD,AEA,EN,Towers with Radar,1,2,8,99,110,0,0,16,15,31,2,2,24,114,142,28,242,270,456
01/05/2008,ADW,MD,AEA,EN,Towers with Radar,0,0,0,38,38,0,0,5,11,16,0,0,5,49,54,56,10,66,152
01/06/2008,ADW,MD,AEA,EN,Towers with Radar,0,1,0,41,42,0,0,18,9,27,0,1,18,50,69,6,70,76,199
01/07/2008,ADW,MD,AEA,EN,Towers with Radar,2,0,1,93,96,0,0,14,15,29,2,1,15,108,126,76,202,278,448
01/08/2008,ADW,MD,AEA,EN,Towers with Radar,3,7,1,119,130,0,0,2,30,32,3,8,3,149,163,8,270,278,479
01/09/2008,ADW,MD,AEA,EN,Towers with Radar,2,1,1,103,107,0,0,11,13,24,2,3,12,116,133,0,146,146,306
01/10/2008,ADW,MD,AEA,EN,Towers with Radar,0,1,2,84,87,0,2,12,15,29,0,4,14,99,117,52,184,236,388
01/11/2008,ADW,MD,AEA,EN,Towers with Radar,0,4,0,73,77,0,0,2,17,19,0,5,2,90,97,84,24,108,220
01/12/2008,ADW,MD,AEA,EN,Towers with Radar,0,0,1,25,26,0,0,13,13,26,0,0,14,38,52,26,58,84,162
01/13/2008,ADW,MD,AEA,EN,Towers with Radar,1,1,0,53,55,0,0,4,15,19,1,1,4,68,74,0,62,62,160
01/14/2008,ADW,MD,AEA,EN,Towers with Radar,0,3,1,114,118,0,1,16,12,29,0,5,17,126,148,46,170,216,401
01/15/2008,ADW,MD,AEA,EN,Towers with Radar,0,5,1,138,144,0,0,5,28,33,0,6,6,166,178,14,180,194,422
01/16/2008,ADW,MD,AEA,EN,Towers with Radar,0,11,1,112,124,0,0,6,26,32,0,13,7,138,158,70,260,330,543
01/17/2008,ADW,MD,AEA,EN,Towers with Radar,2,5,0,58,65,0,0,0,0,0,2,5,0,58,65,0,38,38,115
01/18/2008,ADW,MD,AEA,EN,Towers with Radar,1,2,0,90,93,0,0,2,13,15,1,2,2,103,108,24,66,90,226
01/19/2008,ADW,MD,AEA,EN,Towers with Radar,0,1,2,21,24,0,0,11,10,21,0,3,13,31,47,122,14,136,210
01/20/2008,ADW,MD,AEA,EN,Towers with Radar,0,1,1,22,24,0,0,4,15,19,0,1,5,37,43,26,42,68,157
01/21/2008,ADW,MD,AEA,EN,Towers with Radar,0,0,0,25,25,0,0,9,6,15,0,0,9,31,40,0,22,22,89
01/22/2008,ADW,MD,AEA,EN,Towers with Radar,10,4,1,116,131,0,0,6,14,20,10,5,7,130,152,4,210,214,380
01/23/2008,ADW,MD,AEA,EN,Towers with Radar,1,4,1,152,158,0,0,13,18,31,1,4,14,170,189,40,246,286,512
01/24/2008,ADW,MD,AEA,EN,Towers with Radar,0,23,0,87,110,0,3,7,26,36,0,27,7,113,147,58,250,308,499
01/25/2008,ADW,MD,AEA,EN,Towers with Radar,4,0,2,78,84,2,0,9,24,35,7,1,11,102,121,94,170,264,443
01/26/2008,ADW,MD,AEA,EN,Towers with Radar,0,0,0,19,19,0,0,11,6,17,0,2,11,25,38,26,24,50,120
01/27/2008,ADW,MD,AEA,EN,Towers with Radar,0,0,0,35,35,0,0,4,13,17,0,0,4,48,52,6,96,102,177
01/28/2008,ADW,MD,AEA,EN,Towers with Radar,0,1,0,96,97,0,0,5,8,13,0,4,5,104,113,20,78,98,244
01/29/2008,ADW,MD,AEA,EN,Towers with Radar,1,1,0,123,125,0,0,8,15,23,1,1,8,138,148,36,88,124,310
01/30/2008,ADW,MD,AEA,EN,Towers with Radar,1,0,0,76,77,0,0,6,14,20,1,0,6,90,97,12,68,80,206
01/31/2008,ADW,MD,AEA,EN,Towers with Radar,8,8,5,117,138,0,0,15,18,33,8,8,20,135,171,92,206,298,517
02/01/2008,ADW,MD,AEA,EN,Towers with Radar,2,0,0,43,45,0,0,4,1,5,2,0,4,44,50,0,2,2,62
02/02/2008,ADW,MD,AEA,EN,Towers with Radar,2,0,0,53,55,0,0,7,14,21,2,1,7,67,77,76,58,134,254
02/03/2008,ADW,MD,AEA,EN,Towers with Radar,0,0,0,44,44,0,0,20,9,29,0,0,20,53,73,10,132,142,260
02/04/2008,ADW,MD,AEA,EN,Towers with Radar,0,2,0,87,89,0,0,10,12,22,0,2,10,99,111,40,136,176,333
02/05/2008,ADW,MD,AEA,EN,Towers with Radar,0,6,4,69,79,0,0,10,22,32,0,6,14,91,111,22,90,112,258
02/06/2008,ADW,MD,AEA,EN,Towers with Radar,0,9,7,113,129,0,0,9,25,34,0,10,16,138,164,128,116,244,442
02/07/2008,ADW,MD,AEA,EN,Towers with Radar,1,4,2,116,123,0,0,8,18,26,1,4,10,134,149,0,228,228,438
02/08/2008,ADW,MD,AEA,EN,Towers with Radar,0,0,5,119,124,0,0,19,27,46,0,1,24,146,171,30,114,144,359
02/09/2008,ADW,MD,AEA,EN,Towers with Radar,3,3,2,37,45,0,0,17,9,26,3,3,19,46,71,24,26,50,156
02/10/2008,ADW,MD,AEA,EN,Towers with Radar,0,0,0,24,24,0,0,3,9,12,0,0,3,33,36,0,36,36,93
02/11/2008,ADW,MD,AEA,EN,Towers with Radar,13,22,0,89,124,0,0,7,26,33,14,26,7,115,162,2,146,148,338
02/12/2008,ADW,MD,AEA,EN,Towers with Radar,0,1,1,50,52,2,0,3,8,13,3,1,4,58,66,0,164,164,277
02/13/2008,ADW,MD,AEA,EN,Towers with Radar,0,3,0,75,78,0,0,2,5,7,0,3,2,80,85,0,24,24,121
02/14/2008,ADW,MD,AEA,EN,Towers with Radar,2,6,0,112,120,0,3,15,34,52,2,9,15,146,172,0,140,140,353
02/15/2008,ADW,MD,AEA,EN,Towers with Radar,0,7,6,144,157,0,2,6,24,32,0,9,12,168,189,80,228,308,547
02/16/2008,ADW,MD,AEA,EN,Towers with Radar,0,1,2,35,38,0,2,17,10,29,0,3,19,45,67,52,34,86,180
02/17/2008,ADW,MD,AEA,EN,Towers with Radar,0,3,1,28,32,0,0,10,6,16,0,4,11,34,49,54,32,86,158
02/18/2008,ADW,MD,AEA,EN,Towers with Radar,0,2,0,28,30,0,0,7,8,15,0,3,7,36,46,96,34,130,223
02/19/2008,ADW,MD,AEA,EN,Towers with Radar,0,0,0,85,85,0,0,5,23,28,0,0,5,108,113,26,112,138,280
02/20/2008,ADW,MD,AEA,EN,Towers with Radar,0,2,2,72,76,0,0,7,17,24,0,2,9,89,100,16,164,180,323
02/21/2008,ADW,MD,AEA,EN,Towers with Radar,1,3,8,97,109,0,4,18,26,48,1,8,26,123,158,64,184,248,461
02/22/2008,ADW,MD,AEA,EN,Towers with Radar,1,0,0,32,33,0,0,0,0,0,1,0,0,32,33,0,0,0,34
02/23/2008,ADW,MD,AEA,EN,Towers with Radar,0,1,0,58,59,0,1,4,12,17,0,2,4,70,76,10,14,24,122
02/24/2008,ADW,MD,AEA,EN,Towers with Radar,0,0,0,64,64,0,0,3,15,18,0,1,3,79,83,40,64,104,233
02/25/2008,ADW,MD,AEA,EN,Towers with Radar,1,5,1,91,98,0,0,4,27,31,1,5,5,118,129,44,120,164,340
02/26/2008,ADW,MD,AEA,EN,Towers with Radar,0,8,0,108,116,0,8,4,8,20,0,16,4,116,136,0,228,228,377
02/27/2008,ADW,MD,AEA,EN,Towers with Radar,2,4,3,113,122,0,1,16,17,34,2,7,19,130,158,146,282,428,637
02/28/2008,ADW,MD,AEA,EN,Towers with Radar,2,5,2,129,138,0,0,6,22,28,2,6,8,151,167,74,190,264,484
02/29/2008,ADW,MD,AEA,EN,Towers with Radar,3,15,3,95,116,0,0,6,19,25,3,15,9,114,141,100,178,278,475
03/01/2008,ADW,MD,AEA,EN,Towers with Radar,0,0,0,49,49,0,0,6,12,18,0,1,6,61,68,44,12,56,151
03/02/2008,ADW,MD,AEA,EN,Towers with Radar,3,1,0,44,48,0,0,10,12,22,3,1,10,56,70,4,34,38,146
03/03/2008,ADW,MD,AEA,EN,Towers with Radar,3,14,6,93,116,0,0,8,20,28,3,14,14,113,144,36,284,320,517
03/04/2008,ADW,MD,AEA,EN,Towers with Radar,1,3,1,95,100,0,1,7,14,22,1,4,8,109,122,4,170,174,334
03/05/2008,ADW,MD,AEA,EN,Towers with Radar,6,4,1,85,96,0,0,7,16,23,6,7,8,101,122,214,172,386,541
03/06/2008,ADW,MD,AEA,EN,Towers with Radar,1,1,0,114,116,0,0,5,16,21,1,2,5,130,138,336,136,472,676
03/07/2008,ADW,MD,AEA,EN,Towers with Radar,0,1,1,138,140,0,0,9,10,19,0,1,10,148,159,0,230,230,403
03/08/2008,ADW,MD,AEA,EN,Towers with Radar,0,1,0,25,26,0,0,1,11,12,0,2,1,36,39,0,0,0,43
03/09/2008,ADW,MD,AEA,EN,Towers with Radar,0,4,0,45,49,0,0,5,12,17,0,4,5,57,66,0,42,42,139
03/10/2008,ADW,MD,AEA,EN,Towers with Radar,2,3,0,103,108,0,0,8,16,24,2,3,8,119,132,48,224,272,455
03/11/2008,ADW,MD,AEA,EN,Towers with Radar,5,3,6,121,135,0,0,10,25,35,5,3,16,146,170,74,194,268,483
03/12/2008,ADW,MD,AEA,EN,Towers with Radar,1,7,3,138,149,0,0,10,16,26,1,9,13,154,177,10,221,231,442
03/13/2008,ADW,MD,AEA,EN,Towers with Radar,1,1,2,111,115,0,0,13,22,35,1,1,15,133,150,58,224,282,481
03/14/2008,ADW,MD,AEA,EN,Towers with Radar,3,1,1,96,101,0,0,8,19,27,3,3,9,115,130,60,238,298,490
03/15/2008,ADW,MD,AEA,EN,Towers with Radar,0,1,3,33,37,0,0,9,7,16,0,1,12,40,53,20,12,32,131
03/16/2008,ADW,MD,AEA,EN,Towers with Radar,1,2,0,56,59,0,0,7,16,23,1,2,7,72,82,0,78,78,193
03/17/2008,ADW,MD,AEA,EN,Towers with Radar,1,0,1,99,101,0,0,16,24,40,1,0,17,123,141,76,208,284,462
03/18/2008,ADW,MD,AEA,EN,Towers with Radar,7,4,6,101,118,0,0,12,27,39,7,6,18,128,159,52,136,188,386
03/19/2008,ADW,MD,AEA,EN,Towers with Radar,0,0,1,80,81,0,0,5,16,21,0,0,6,96,102,10,142,152,284
03/20/2008,ADW,MD,AEA,EN,Towers with Radar,0,1,2,56,59,0,0,9,5,14,0,3,11,61,75,2,24,26,133
03/21/2008,ADW,MD,AEA,EN,Towers with Radar,0,5,3,70,78,0,0,16,2,18,0,5,19,72,96,12,70,82,227
03/22/2008,ADW,MD,AEA,EN,Towers with Radar,2,5,0,18,25,0,0,4,12,16,2,5,4,30,41,22,38,60,123
03/23/2008,ADW,MD,AEA,EN,Towers with Radar,0,1,0,34,35,0,0,6,10,16,0,1,6,44,51,0,32,32,108
03/24/2008,ADW,MD,AEA,EN,Towers with Radar,2,4,9,84,99,0,0,3,25,28,2,4,12,109,127,58,206,264,433
03/25/2008,ADW,MD,AEA,EN,Towers with Radar,2,3,6,104,115,0,0,11,26,37,2,3,17,130,152,26,250,276,465
03/26/2008,ADW,MD,AEA,EN,Towers with Radar,4,2,1,87,94,0,0,14,21,35,4,2,15,108,129,4,142,146,330
03/27/2008,ADW,MD,AEA,EN,Towers with Radar,8,0,0,116,124,0,0,12,22,34,8,1,12,138,159,58,196,254,461
03/28/2008,ADW,MD,AEA,EN,Towers with Radar,0,1,0,69,70,0,0,6,4,10,0,1,6,73,80,50,54,104,229
03/29/2008,ADW,MD,AEA,EN,Towers with Radar,2,0,1,37,40,0,6,7,10,23,2,6,8,47,63,68,10,78,168
03/30/2008,ADW,MD,AEA,EN,Towers with Radar,5,1,0,46,52,0,0,11,13,24,5,2,11,59,77,30,66,96,205
03/31/2008,ADW,MD,AEA,EN,Towers with Radar,1,0,0,95,96,0,0,5,6,11,1,0,5,101,107,10,116,126,242
04/01/2008,ADW,MD,AEA,EN,Towers with Radar,3,0,0,103,106,0,0,5,19,24,3,0,5,122,130,0,78,78,237
04/02/2008,ADW,MD,AEA,EN,Towers with Radar,4,1,2,130,137,0,0,14,11,25,4,1,16,141,162,46,238,284,494
04/03/2008,ADW,MD,AEA,EN,Towers with Radar,1,3,1,128,133,0,2,8,15,25,1,6,9,143,159,22,218,240,430
04/04/2008,ADW,MD,AEA,EN,Towers with Radar,1,2,0,92,95,0,0,10,12,22,1,2,10,104,117,50,76,126,255
04/05/2008,ADW,MD,AEA,EN,Towers with Radar,0,0,0,50,50,0,0,13,12,25,0,1,13,62,76,62,52,114,224
04/06/2008,ADW,MD,AEA,EN,Towers with Radar,2,4,0,38,44,0,0,5,6,11,2,4,5,44,55,0,4,4,79
04/07/2008,ADW,MD,AEA,EN,Towers with Radar,0,0,3,137,140,0,0,3,3,6,0,0,6,140,146,2,68,70,230
04/08/2008,ADW,MD,AEA,EN,Towers with Radar,0,3,3,84,90,0,0,7,12,19,0,4,10,96,110,0,82,82,206
04/09/2008,ADW,MD,AEA,EN,Towers with Radar,1,1,1,122,125,0,0,5,14,19,1,1,6,136,144,0,194,194,384
04/10/2008,ADW,MD,AEA,EN,Towers with Radar,1,4,1,111,117,0,0,13,18,31,1,5,14,129,149,64,156,220,403
04/11/2008,ADW,MD,AEA,EN,Towers with Radar,0,2,3,100,105,0,0,8,12,20,0,2,11,112,125,28,122,150,306
04/12/2008,ADW,MD,AEA,EN,Towers with Radar,0,1,0,27,28,0,0,16,14,30,0,1,16,41,58,4,24,28,134
04/13/2008,ADW,MD,AEA,EN,Towers with Radar,2,1,1,50,54,0,0,8,21,29,2,1,9,71,83,0,0,0,118
04/14/2008,ADW,MD,AEA,EN,Towers with Radar,1,0,2,85,88,0,0,12,19,31,1,0,14,104,119,0,196,196,362
04/15/2008,ADW,MD,AEA,EN,Towers with Radar,2,0,1,64,67,0,0,13,20,33,2,2,14,84,102,28,88,116,268
04/16/2008,ADW,MD,AEA,EN,Towers with Radar,10,6,2,109,127,0,0,8,22,30,10,7,10,131,158,34,180,214,417
04/17/2008,ADW,MD,AEA,EN,Towers with Radar,0,5,0,109,114,0,0,9,28,37,0,6,9,137,152,70,226,296,513
04/18/2008,ADW,MD,AEA,EN,Towers with Radar,2,6,1,102,111,0,0,4,22,26,2,6,5,124,137,16,128,144,329
04/19/2008,ADW,MD,AEA,EN,Towers with Radar,4,0,0,25,29,0,0,16,12,28,4,0,16,37,57,12,12,24,140
04/20/2008,ADW,MD,AEA,EN,Towers with Radar,2,0,0,42,44,0,0,3,7,10,3,0,3,49,55,0,0,0,65
04/21/2008,ADW,MD,AEA,EN,Towers with Radar,1,0,1,72,74,0,0,4,2,6,1,0,5,74,80,0,2,2,84
04/22/2008,ADW,MD,AEA,EN,Towers with Radar,4,2,19,97,122,0,0,6,18,24,4,2,25,115,146,52,198,250,424
04/23/2008,ADW,MD,AEA,EN,Towers with Radar,1,3,1,95,100,0,0,13,18,31,1,4,14,113,132,10,156,166,344
04/24/2008,ADW,MD,AEA,EN,Towers with Radar,1,5,1,89,96,0,0,9,22,31,1,5,10,111,127,14,172,186,360
04/25/2008,ADW,MD,AEA,EN,Towers with Radar,2,2,2,73,79,0,0,10,29,39,2,3,12,102,119,42,70,112,275
04/26/2008,ADW,MD,AEA,EN,Towers with Radar,3,1,2,67,73,0,0,6,15,21,4,2,8,82,96,0,36,36,161
04/27/2008,ADW,MD,AEA,EN,Towers with Radar,0,0,2,64,66,0,0,0,2,2,0,0,2,66,68,0,24,24,97
04/28/2008,ADW,MD,AEA,EN,Towers with Radar,0,0,1,65,66,0,0,3,4,7,0,0,4,69,73,0,0,0,78
04/29/2008,ADW,MD,AEA,EN,Towers with Radar,0,4,5,131,140,0,0,10,29,39,0,6,15,160,181,22,210,232,501
04/30/2008,ADW,MD,AEA,EN,Towers with Radar,2,6,1,82,91,0,0,12,13,25,2,6,13,95,116,46,174,220,384
05/01/2008,ADW,MD,AEA,EN,Towers with Radar,1,2,5,93,101,0,0,12,23,35,1,2,17,116,136,54,92,146,333
05/02/2008,ADW,MD,AEA,EN,Towers with Radar,7,15,0,72,94,0,1,14,31,46,7,16,14,103,140,62,102,164,353
05/03/2008,ADW,MD,AEA,EN,Towers with Radar,1,4,1,46,52,0,1,11,12,24,1,5,12,58,76,26,124,150,268
05/04/2008,ADW,MD,AEA,EN,Towers with Radar,3,0,1,36,40,0,0,10,14,24,3,0,11,50,64,52,70,122,218
05/05/2008,ADW,MD,AEA,EN,Towers with Radar,1,1,3,102,107,0,1,12,18,31,1,2,15,120,138,0,176,176,358
05/06/2008,ADW,MD,AEA,EN,Towers with Radar,5,2,1,104,112,0,0,21,27,48,5,3,22,131,161,60,222,282,487
05/07/2008,ADW,MD,AEA,EN,Towers with Radar,1,5,10,127,143,0,0,8,21,29,1,5,18,148,172,34,314,348,569
05/08/2008,ADW,MD,AEA,EN,Towers with Radar,3,5,1,78,87,0,0,16,37,53,3,5,17,115,140,16,216,232,403
05/09/2008,ADW,MD,AEA,EN,Towers with Radar,0,2,1,75,78,0,0,4,2,6,0,2,5,77,84,0,32,32,123
05/10/2008,ADW,MD,AEA,EN,Towers with Radar,2,0,3,33,38,0,0,10,8,18,2,0,13,41,56,0,0,0,77
05/11/2008,ADW,MD,AEA,EN,Towers with Radar,4,0,0,38,42,0,0,6,10,16,4,0,6,48,58,0,8,8,92
05/12/2008,ADW,MD,AEA,EN,Towers with Radar,1,1,0,88,90,0,0,3,3,6,1,1,3,91,96,0,6,6,117
05/13/2008,ADW,MD,AEA,EN,Towers with Radar,6,7,10,97,120,0,0,6,30,36,6,10,16,127,159,92,286,378,597
05/14/2008,ADW,MD,AEA,EN,Towers with Radar,0,4,5,77,86,0,0,25,23,48,0,4,30,100,134,36,50,86,296
05/15/2008,ADW,MD,AEA,EN,Towers with Radar,1,2,3,62,68,0,1,24,24,49,1,4,27,86,118,80,350,430,591
05/16/2008,ADW,MD,AEA,EN,Towers with Radar,4,1,0,15,20,0,0,12,8,20,4,1,12,23,40,216,198,414,467
05/17/2008,ADW,MD,AEA,EN,Towers with Radar,0,0,0,11,11,0,0,35,19,54,0,0,35,30,65,450,272,722,821
05/18/2008,ADW,MD,AEA,EN,Towers with Radar,1,1,3,12,17,0,0,43,6,49,1,1,46,18,66,394,244,638,725
05/19/2008,ADW,MD,AEA,EN,Towers with Radar,2,1,32,103,138,0,1,35,14,50,2,2,67,117,188,24,72,96,328
05/20/2008,ADW,MD,AEA,EN,Towers with Radar,1,2,0,106,109,0,0,5,16,21,1,4,5,122,132,80,118,198,359
05/21/2008,ADW,MD,AEA,EN,Towers with Radar,1,3,0,134,138,0,1,7,28,36,1,5,7,162,175,34,402,436,651
05/22/2008,ADW,MD,AEA,EN,Towers with Radar,4,2,0,90,96,0,0,8,10,18,4,4,8,100,116,14,64,78,229
05/23/2008,ADW,MD,AEA,EN,Towers with Radar,1,0,0,80,81,0,0,17,9,26,1,0,17,89,107,42,98,140,276
05/24/2008,ADW,MD,AEA,EN,Towers with Radar,1,0,0,23,24,0,0,14,7,21,1,0,14,30,45,44,26,70,146
05/25/2008,ADW,MD,AEA,EN,Towers with Radar,0,0,0,21,21,0,0,14,9,23,0,0,14,30,44,20,36,56,162
05/26/2008,ADW,MD,AEA,EN,Towers with Radar,1,0,0,33,34,0,0,11,6,17,1,0,11,39,51,2,110,112,198
05/27/2008,ADW,MD,AEA,EN,Towers with Radar,1,1,1,98,101,0,0,12,25,37,1,1,13,123,138,26,126,152,339
05/28/2008,ADW,MD,AEA,EN,Towers with Radar,0,0,2,137,139,0,0,11,21,32,0,0,13,158,171,50,226,276,490
05/29/2008,ADW,MD,AEA,EN,Towers with Radar,4,5,2,112,123,0,0,15,15,30,4,6,17,127,154,112,262,374,577
05/30/2008,ADW,MD,AEA,EN,Towers with Radar,0,2,3,97,102,0,0,12,20,32,0,2,15,117,134,12,176,188,366
05/31/2008,ADW,MD,AEA,EN,Towers with Radar,3,3,0,41,47,0,0,8,7,15,3,3,8,48,62,82,40,122,207
06/01/2008,ADW,MD,AEA,EN,Towers with Radar,1,0,0,30,31,0,0,12,10,22,1,0,12,40,53,24,22,46,142
06/02/2008,ADW,MD,AEA,EN,Towers with Radar,0,0,1,51,52,0,0,10,12,22,0,0,11,63,74,0,152,152,264
06/03/2008,ADW,MD,AEA,EN,Towers with Radar,5,2,1,98,106,0,0,8,14,22,5,2,9,112,128,272,218,490,670
06/04/2008,ADW,MD,AEA,EN,Towers with Radar,0,4,2,84,90,0,0,6,13,19,0,4,8,97,109,164,80,244,383
06/05/2008,ADW,MD,AEA,EN,Towers with Radar,10,1,2,86,99,0,0,9,17,26,10,1,11,103,125,22,204,226,396
06/06/2008,ADW,MD,AEA,EN,Towers with Radar,0,0,0,124,124,0,0,9,20,29,0,0,9,144,153,0,66,66,256
06/07/2008,ADW,MD,AEA,EN,Towers with Radar,3,0,0,51,54,0,0,6,8,14,4,0,6,59,69,0,8,8,97
06/08/2008,ADW,MD,AEA,EN,Towers with Radar,2,1,2,53,58,0,0,7,13,20,2,1,9,66,78,0,40,40,213
06/09/2008,ADW,MD,AEA,EN,Towers with Radar,0,0,0,107,107,0,0,14,22,36,0,0,14,129,143,22,138,160,346
06/10/2008,ADW,MD,AEA,EN,Towers with Radar,0,4,0,88,92,0,0,5,30,35,0,4,5,118,127,12,136,148,302
06/11/2008,ADW,MD,AEA,EN,Towers with Radar,0,4,2,88,94,0,0,9,21,30,0,5,11,109,125,34,216,250,431
06/12/2008,ADW,MD,AEA,EN,Towers with Radar,0,2,2,109,113,0,0,7,20,27,0,3,9,129,141,68,186,254,451
06/13/2008,ADW,MD,AEA,EN,Towers with Radar,0,0,1,87,88,0,0,8,20,28,0,0,9,107,116,56,102,158,341
06/14/2008,ADW,MD,AEA,EN,Towers with Radar,0,1,3,39,43,0,0,9,7,16,2,3,12,46,63,12,42,54,138
06/15/2008,ADW,MD,AEA,EN,Towers with Radar,0,1,0,25,26,0,0,6,13,19,0,1,6,38,45,4,50,54,122
06/16/2008,ADW,MD,AEA,EN,Towers with Radar,1,0,0,71,72,0,0,5,10,15,1,0,5,81,87,26,76,102,237
06/17/2008,ADW,MD,AEA,EN,Towers with Radar,3,5,2,121,131,0,0,8,20,28,3,6,10,141,160,80,126,206,401
06/18/2008,ADW,MD,AEA,EN,Towers with Radar,0,3,1,92,96,0,0,6,22,28,0,3,7,114,124,8,248,256,414
06/19/2008,ADW,MD,AEA,EN,Towers with Radar,2,2,4,120,128,0,0,8,29,37,2,3,12,149,166,48,198,246,464
06/20/2008,ADW,MD,AEA,EN,Towers with Radar,2,3,0,112,117,0,0,15,28,43,2,3,15,140,160,0,198,198,418
06/21/2008,ADW,MD,AEA,EN,Towers with Radar,1,3,1,32,37,0,0,10,9,19,1,3,11,41,56,18,24,42,144
06/22/2008,ADW,MD,AEA,EN,Towers with Radar,1,1,0,77,79,0,0,5,6,11,1,2,5,83,91,22,106,128,251
06/23/2008,ADW,MD,AEA,EN,Towers with Radar,2,1,1,90,94,0,0,12,12,24,3,1,13,102,119,36,100,136,280
06/24/2008,ADW,MD,AEA,EN,Towers with Radar,1,3,2,99,105,0,0,19,27,46,1,5,21,126,153,90,100,190,404
06/25/2008,ADW,MD,AEA,EN,Towers with Radar,2,3,5,135,145,0,0,9,31,40,2,4,14,166,186,38,184,222,457
06/26/2008,ADW,MD,AEA,EN,Towers with Radar,1,2,0,77,80,0,0,10,29,39,1,2,10,106,119,14,200,214,373
06/27/2008,ADW,MD,AEA,EN,Towers with Radar,0,2,1,83,86,0,0,4,6,10,0,2,5,89,96,2,166,168,308
06/28/2008,ADW,MD,AEA,EN,Towers with Radar,2,0,2,26,30,0,0,22,8,30,2,0,24,34,60,60,0,60,160
06/29/2008,ADW,MD,AEA,EN,Towers with Radar,0,0,0,31,31,0,0,9,10,19,0,0,9,41,50,44,76,120,202
06/30/2008,ADW,MD,AEA,EN,Towers with Radar,0,1,1,92,94,0,0,15,19,34,0,3,16,111,130,2,168,170,345
07/01/2008,ADW,MD,AEA,EN,Towers with Radar,0,0,0,94,94,0,0,9,33,42,0,0,9,127,136,68,180,248,384
07/02/2008,ADW,MD,AEA,EN,Towers with Radar,0,5,0,75,80,0,0,12,19,31,0,5,12,94,111,30,128,158,269
07/03/2008,ADW,MD,AEA,EN,Towers with Radar,0,0,2,63,65,0,0,19,15,34,0,0,21,78,99,72,154,226,325
07/04/2008,ADW,MD,AEA,EN,Towers with Radar,2,0,0,16,18,0,0,14,12,26,2,0,14,28,44,8,38,46,90
07/05/2008,ADW,MD,AEA,EN,Towers with Radar,0,0,0,17,17,0,0,3,8,11,0,0,3,25,28,16,6,22,50
07/06/2008,ADW,MD,AEA,EN,Towers with Radar,0,2,2,18,22,0,0,6,12,18,0,2,8,30,40,0,22,22,62
07/07/2008,ADW,MD,AEA,EN,Towers with Radar,0,1,0,65,66,0,0,12,18,30,0,1,12,83,96,22,122,144,240
07/08/2008,ADW,MD,AEA,EN,Towers with Radar,1,5,5,104,115,0,0,13,36,49,1,5,18,140,164,30,224,254,418
07/09/2008,ADW,MD,AEA,EN,Towers with Radar,2,6,2,91,101,0,0,11,25,36,2,6,13,116,137,18,168,186,323
07/10/2008,ADW,MD,AEA,EN,Towers with Radar,1,4,1,75,81,0,0,10,26,36,1,4,11,101,117,68,128,196,313
07/11/2008,ADW,MD,AEA,EN,Towers with Radar,0,5,0,96,101,0,0,7,23,30,0,5,7,119,131,52,150,202,333
07/12/2008,ADW,MD,AEA,EN,Towers with Radar,0,2,0,42,44,0,0,14,8,22,0,2,14,50,66,74,36,110,176
07/13/2008,ADW,MD,AEA,EN,Towers with Radar,1,0,0,26,27,0,0,10,10,20,1,0,10,36,47,34,10,44,91
07/14/2008,ADW,MD,AEA,EN,Towers with Radar,0,2,0,89,91,0,0,9,19,28,0,2,9,108,119,26,112,138,257
07/15/2008,ADW,MD,AEA,EN,Towers with Radar,1,11,1,84,97,0,0,6,21,27,1,11,7,105,124,0,126,126,250
07/16/2008,ADW,MD,AEA,EN,Towers with Radar,2,2,4,95,103,0,0,4,18,22,2,2,8,113,125,66,92,158,283
07/17/2008,ADW,MD,AEA,EN,Towers with Radar,3,0,0,88,91,0,0,15,13,28,3,0,15,101,119,28,114,142,261
07/18/2008,ADW,MD,AEA,EN,Towers with Radar,1,1,2,73,77,0,0,12,11,23,1,1,14,84,100,38,70,108,208
07/19/2008,ADW,MD,AEA,EN,Towers with Radar,0,0,1,27,28,0,0,13,14,27,0,0,14,41,55,0,0,0,55
07/20/2008,ADW,MD,AEA,EN,Towers with Radar,4,7,0,55,66,0,0,9,9,18,4,7,9,64,84,0,40,40,124
07/21/2008,ADW,MD,AEA,EN,Towers with Radar,2,1,1,89,93,0,0,3,21,24,2,1,4,110,117,68,250,318,435
07/22/2008,ADW,MD,AEA,EN,Towers with Radar,2,0,6,100,108,0,0,9,26,35,2,0,15,126,143,102,344,446,589
07/23/2008,ADW,MD,AEA,EN,Towers with Radar,1,0,0,111,112,0,0,5,24,29,1,0,5,135,141,36,210,246,387
07/24/2008,ADW,MD,AEA,EN,Towers with Radar,2,1,2,106,111,0,0,9,20,29,2,1,11,126,140,60,108,168,308
07/25/2008,ADW,MD,AEA,EN,Towers with Radar,0,0,1,88,89,0,0,9,29,38,0,0,10,117,127,2,58,60,187
07/26/2008,ADW,MD,AEA,EN,Towers with Radar,1,4,2,21,28,0,0,9,14,23,1,4,11,35,51,52,56,108,159
07/27/2008,ADW,MD,AEA,EN,Towers with Radar,1,0,1,38,40,0,0,9,7,16,1,0,10,45,56,116,62,178,234
07/28/2008,ADW,MD,AEA,EN,Towers with Radar,0,2,3,83,88,0,0,7,21,28,0,2,10,104,116,20,232,252,368
07/29/2008,ADW,MD,AEA,EN,Towers with Radar,0,4,1,103,108,0,0,13,31,44,0,4,14,134,152,128,204,332,484
07/30/2008,ADW,MD,AEA,EN,Towers with Radar,1,3,1,111,116,0,0,14,17,31,1,3,15,128,147,152,266,418,565
07/31/2008,ADW,MD,AEA,EN,Towers with Radar,2,0,2,96,100,0,0,9,19,28,2,0,11,115,128,110,132,242,370
08/01/2008,ADW,MD,AEA,EN,Towers with Radar,0,0,2,97,99,0,0,16,28,44,0,0,18,125,143,22,122,144,287
08/02/2008,ADW,MD,AEA,EN,Towers with Radar,2,1,2,42,47,0,0,5,12,17,2,1,7,54,64,0,8,8,72
08/03/2008,ADW,MD,AEA,EN,Towers with Radar,4,0,0,49,53,0,0,10,15,25,4,0,10,64,78,70,38,108,186
08/04/2008,ADW,MD,AEA,EN,Towers with Radar,2,0,2,78,82,0,0,7,35,42,2,0,9,113,124,2,112,114,238
08/05/2008,ADW,MD,AEA,EN,Towers with Radar,0,2,1,93,96,0,0,9,23,32,0,2,10,116,128,136,186,322,450
08/06/2008,ADW,MD,AEA,EN,Towers with Radar,0,0,4,71,75,0,0,7,22,29,0,0,11,93,104,8,198,206,310
08/07/2008,ADW,MD,AEA,EN,Towers with Radar,0,1,1,98,100,0,0,7,15,22,0,1,8,113,122,60,196,256,378
08/08/2008,ADW,MD,AEA,EN,Towers with Radar,14,2,0,91,107,0,0,10,23,33,14,2,10,114,140,18,180,198,338
08/09/2008,ADW,MD,AEA,EN,Towers with Radar,2,0,2,43,47,0,0,15,17,32,2,0,17,60,79,0,0,0,79
08/10/2008,ADW,MD,AEA,EN,Towers with Radar,1,1,1,33,36,0,0,9,9,18,1,1,10,42,54,0,18,18,72
08/11/2008,ADW,MD,AEA,EN,Towers with Radar,4,7,2,87,100,0,0,1,10,11,4,7,3,97,111,16,238,254,365
08/12/2008,ADW,MD,AEA,EN,Towers with Radar,1,6,0,124,131,0,2,8,23,33,1,8,8,147,164,20,230,250,414
08/13/2008,ADW,MD,AEA,EN,Towers with Radar,0,2,3,117,122,0,0,11,27,38,0,2,14,144,160,100,270,370,530
08/14/2008,ADW,MD,AEA,EN,Towers with Radar,0,1,0,73,74,0,0,3,11,14,0,1,3,84,88,26,118,144,232
08/15/2008,ADW,MD,AEA,EN,Towers with Radar,6,0,0,90,96,0,0,11,9,20,6,0,11,99,116,42,70,112,228
08/16/2008,ADW,MD,AEA,EN,Towers with Radar,1,4,1,49,55,0,6,30,8,44,1,10,31,57,99,88,46,134,233
08/17/2008,ADW,MD,AEA,EN,Towers with Radar,1,3,1,45,50,0,0,9,11,20,1,3,10,56,70,48,84,132,202
08/18/2008,ADW,MD,AEA,EN,Towers with Radar,2,0,1,64,67,0,0,12,14,26,2,0,13,78,93,0,184,184,277
08/19/2008,ADW,MD,AEA,EN,Towers with Radar,0,7,2,107,116,0,0,12,27,39,0,7,14,134,155,118,194,312,467
08/20/2008,ADW,MD,AEA,EN,Towers with Radar,2,9,1,125,137,0,2,10,12,24,2,11,11,137,161,46,286,332,493
08/21/2008,ADW,MD,AEA,EN,Towers with Radar,0,4,5,73,82,0,1,14,16,31,0,5,19,89,113,96,158,254,367
08/22/2008,ADW,MD,AEA,EN,Towers with Radar,0,0,6,120,126,0,0,17,19,36,0,0,23,139,162,98,144,242,404
08/23/2008,ADW,MD,AEA,EN,Towers with Radar,1,0,0,28,29,0,0,16,13,29,1,0,16,41,58,96,16,112,170
08/24/2008,ADW,MD,AEA,EN,Towers with Radar,3,0,0,35,38,0,0,14,15,29,3,0,14,50,67,42,72,114,181
08/25/2008,ADW,MD,AEA,EN,Towers with Radar,2,0,0,78,80,0,0,16,10,26,2,0,16,88,106,48,66,114,220
08/26/2008,ADW,MD,AEA,EN,Towers with Radar,0,0,3,84,87,0,0,2,9,11,0,0,5,93,98,46,170,216,314
08/27/2008,ADW,MD,AEA,EN,Towers with Radar,1,6,1,97,105,0,0,17,10,27,1,6,18,107,132,183,58,241,373
08/28/2008,ADW,MD,AEA,EN,Towers with Radar,0,0,0,74,74,0,0,5,2,7,0,0,5,76,81,176,24,200,281
08/29/2008,ADW,MD,AEA,EN,Towers with Radar,0,2,1,53,56,0,0,7,0,7,0,2,8,53,63,36,14,50,113
08/30/2008,ADW,MD,AEA,EN,Towers with Radar,0,0,2,37,39,0,0,12,11,23,0,0,14,48,62,0,16,16,78
08/31/2008,ADW,MD,AEA,EN,Towers with Radar,0,0,0,44,44,0,0,9,10,19,0,0,9,54,63,112,42,154,217
09/01/2008,ADW,MD,AEA,EN,Towers with Radar,0,0,0,29,29,0,0,9,5,14,0,0,9,34,43,24,2,26,69
09/02/2008,ADW,MD,AEA,EN,Towers with Radar,2,4,0,73,79,0,0,12,21,33,2,4,12,94,112,92,182,274,386
09/03/2008,ADW,MD,AEA,EN,Towers with Radar,0,3,1,101,105,0,0,16,14,30,0,3,17,115,135,154,208,362,497
09/04/2008,ADW,MD,AEA,EN,Towers with Radar,0,3,3,109,115,0,0,6,12,18,0,3,9,121,133,234,126,360,493
09/05/2008,ADW,MD,AEA,EN,Towers with Radar,4,2,5,84,95,0,0,2,24,26,4,2,7,108,121,8,110,118,239
09/06/2008,ADW,MD,AEA,EN,Towers with Radar,0,0,1,21,22,0,0,1,0,1,0,0,2,21,23,0,0,0,23
09/07/2008,ADW,MD,AEA,EN,Towers with Radar,2,1,4,62,69,0,0,3,6,9,2,1,7,68,78,70,52,122,200
09/08/2008,ADW,MD,AEA,EN,Towers with Radar,1,3,0,123,127,0,1,11,23,35,1,4,11,146,162,10,170,180,342
09/09/2008,ADW,MD,AEA,EN,Towers with Radar,0,6,0,102,108,0,5,6,11,22,0,11,6,113,130,38,140,178,308
09/10/2008,ADW,MD,AEA,EN,Towers with Radar,1,7,1,109,118,0,2,9,7,18,1,9,10,116,136,204,166,370,506
09/11/2008,ADW,MD,AEA,EN,Towers with Radar,0,2,2,126,130,0,0,15,7,22,0,2,17,133,152,18,74,92,244
09/12/2008,ADW,MD,AEA,EN,Towers with Radar,0,2,0,87,89,0,0,11,5,16,0,2,11,92,105,96,100,196,301
09/13/2008,ADW,MD,AEA,EN,Towers with Radar,0,3,0,35,38,0,0,7,10,17,0,3,7,45,55,90,16,106,161
09/14/2008,ADW,MD,AEA,EN,Towers with Radar,0,0,0,82,82,0,0,8,7,15,0,0,8,89,97,4,134,138,235
09/15/2008,ADW,MD,AEA,EN,Towers with Radar,0,2,1,75,78,0,0,14,10,24,0,2,15,85,102,66,130,196,298
09/16/2008,ADW,MD,AEA,EN,Towers with Radar,1,6,0,113,120,0,0,12,34,46,1,6,12,147,166,104,224,328,494
09/17/2008,ADW,MD,AEA,EN,Towers with Radar,6,0,1,111,118,0,0,14,6,20,6,0,15,117,138,40,86,126,264
09/18/2008,ADW,MD,AEA,EN,Towers with Radar,2,4,0,111,117,0,2,10,22,34,2,6,10,133,151,48,318,366,517
09/19/2008,ADW,MD,AEA,EN,Towers with Radar,2,1,0,111,114,0,1,11,13,25,2,2,11,124,139,162,196,358,497
09/20/2008,ADW,MD,AEA,EN,Towers with Radar,0,0,1,19,20,0,0,14,2,16,0,0,15,21,36,18,18,36,72
09/21/2008,ADW,MD,AEA,EN,Towers with Radar,2,0,0,39,41,0,0,12,3,15,2,0,12,42,56,32,0,32,88
09/22/2008,ADW,MD,AEA,EN,Towers with Radar,0,10,3,88,101,0,0,6,15,21,0,10,9,103,122,36,164,200,322
09/23/2008,ADW,MD,AEA,EN,Towers with Radar,1,4,0,103,108,0,0,6,4,10,1,4,6,107,118,40,152,192,310
09/24/2008,ADW,MD,AEA,EN,Towers with Radar,2,1,4,132,139,0,0,13,14,27,2,1,17,146,166,88,162,250,416
09/25/2008,ADW,MD,AEA,EN,Towers with Radar,6,18,5,80,109,0,0,4,8,12,6,18,9,88,121,42,114,156,277
09/26/2008,ADW,MD,AEA,EN,Towers with Radar,3,2,1,74,80,0,0,2,2,4,3,2,3,76,84,0,8,8,92
09/27/2008,ADW,MD,AEA,EN,Towers with Radar,1,0,1,36,38,0,0,1,4,5,1,0,2,40,43,22,0,22,65
09/28/2008,ADW,MD,AEA,EN,Towers with Radar,1,0,1,27,29,0,0,0,5,5,1,0,1,32,34,38,20,58,92
09/29/2008,ADW,MD,AEA,EN,Towers with Radar,1,3,6,106,116,0,2,7,13,22,1,5,13,119,138,50,140,190,328
09/30/2008,ADW,MD,AEA,EN,Towers with Radar,0,0,4,89,93,0,0,2,6,8,0,0,6,95,101,70,64,134,235
10/01/2008,ADW,MD,AEA,EN,Towers with Radar,0,7,6,89,102,0,6,5,20,31,0,13,11,109,133,56,216,272,405
10/02/2008,ADW,MD,AEA,EN,Towers with Radar,0,1,12,90,103,0,0,11,16,27,0,1,23,106,130,26,132,158,288
10/03/2008,ADW,MD,AEA,EN,Towers with Radar,0,2,5,109,116,0,0,8,9,17,0,2,13,118,133,78,116,194,327
10/04/2008,ADW,MD,AEA,EN,Towers with Radar,0,4,3,42,49,0,1,12,8,21,0,5,15,50,70,40,86,126,196
10/05/2008,ADW,MD,AEA,EN,Towers with Radar,0,0,5,37,42,0,0,11,15,26,0,0,16,52,68,80,56,136,204
10/06/2008,ADW,MD,AEA,EN,Towers with Radar,0,8,1,65,74,0,0,11,27,38,0,8,12,92,112,80,134,214,326
10/07/2008,ADW,MD,AEA,EN,Towers with Radar,1,0,0,79,80,0,0,6,17,23,1,0,6,96,103,0,46,46,149
10/08/2008,ADW,MD,AEA,EN,Towers with Radar,0,4,3,119,126,0,0,2,29,31,0,4,5,148,157,110,310,420,577
10/09/2008,ADW,MD,AEA,EN,Towers with Radar,2,2,3,124,131,0,0,8,25,33,2,2,11,149,164,118,230,348,512
10/10/2008,ADW,MD,AEA,EN,Towers with Radar,1,16,2,86,105,0,0,4,13,17,1,16,6,99,122,0,80,80,202
10/11/2008,ADW,MD,AEA,EN,Towers with Radar,0,1,4,47,52,0,0,5,12,17,0,1,9,59,69,0,0,0,69
10/12/2008,ADW,MD,AEA,EN,Towers with Radar,4,2,0,72,78,0,0,5,15,20,4,2,5,87,98,76,72,148,246
10/13/2008,ADW,MD,AEA,EN,Towers with Radar,1,1,2,44,48,0,0,6,13,19,1,1,8,57,67,56,80,136,203
10/14/2008,ADW,MD,AEA,EN,Towers with Radar,0,9,2,104,115,0,4,7,23,34,0,13,9,127,149,144,124,268,417
10/15/2008,ADW,MD,AEA,EN,Towers with Radar,0,6,1,126,133,0,0,7,21,28,0,6,8,147,161,78,194,272,433
10/16/2008,ADW,MD,AEA,EN,Towers with Radar,0,6,5,126,137,0,0,7,33,40,0,6,12,159,177,14,196,210,387
10/17/2008,ADW,MD,AEA,EN,Towers with Radar,0,0,2,112,114,0,0,0,20,20,0,0,2,132,134,80,192,272,406
10/18/2008,ADW,MD,AEA,EN,Towers with Radar,4,2,1,45,52,0,0,5,12,17,4,2,6,57,69,71,46,117,186
10/19/2008,ADW,MD,AEA,EN,Towers with Radar,2,2,2,56,62,0,0,5,12,17,2,2,7,68,79,66,24,90,169
10/20/2008,ADW,MD,AEA,EN,Towers with Radar,1,2,6,99,108,0,0,9,21,30,1,2,15,120,138,76,228,304,442
10/21/2008,ADW,MD,AEA,EN,Towers with Radar,2,6,1,87,96,0,0,5,20,25,2,6,6,107,121,128,162,290,411
10/22/2008,ADW,MD,AEA,EN,Towers with Radar,0,0,3,111,114,0,0,5,24,29,0,0,8,135,143,50,274,324,467
10/23/2008,ADW,MD,AEA,EN,Towers with Radar,2,3,9,153,167,0,0,9,24,33,2,3,18,177,200,66,246,312,512
10/24/2008,ADW,MD,AEA,EN,Towers with Radar,0,8,1,104,113,0,0,3,8,11,0,8,4,112,124,28,96,124,248
10/25/2008,ADW,MD,AEA,EN,Towers with Radar,2,0,2,26,30,0,0,4,5,9,2,0,6,31,39,0,10,10,49
10/26/2008,ADW,MD,AEA,EN,Towers with Radar,0,0,0,35,35,0,0,6,12,18,0,0,6,47,53,14,124,138,191
10/27/2008,ADW,MD,AEA,EN,Towers with Radar,0,1,5,91,97,0,0,5,14,19,0,1,10,105,116,32,128,160,276
10/28/2008,ADW,MD,AEA,EN,Towers with Radar,0,1,1,68,70,0,0,5,0,5,0,1,6,68,75,10,32,42,117
10/29/2008,ADW,MD,AEA,EN,Towers with Radar,0,7,1,136,144,0,0,4,15,19,0,7,5,151,163,52,148,200,363
10/30/2008,ADW,MD,AEA,EN,Towers with Radar,0,6,1,123,130,0,0,7,24,31,0,6,8,147,161,134,136,270,431
10/31/2008,ADW,MD,AEA,EN,Towers with Radar,0,1,2,93,96,0,0,4,12,16,0,1,6,105,112,38,216,254,366
11/01/2008,ADW,MD,AEA,EN,Towers with Radar,0,0,0,41,41,0,2,7,10,19,0,2,7,51,60,60,58,118,178
11/02/2008,ADW,MD,AEA,EN,Towers with Radar,0,1,2,45,48,0,0,10,12,22,0,1,12,57,70,30,64,94,164
11/03/2008,ADW,MD,AEA,EN,Towers with Radar,0,4,1,115,120,0,0,12,24,36,0,4,13,139,156,98,144,242,398
11/04/2008,ADW,MD,AEA,EN,Towers with Radar,1,2,1,106,110,0,0,0,1,1,1,2,1,107,111,6,36,42,153
11/05/2008,ADW,MD,AEA,EN,Towers with Radar,0,0,7,89,96,0,0,5,17,22,0,0,12,106,118,14,224,238,356
11/06/2008,ADW,MD,AEA,EN,Towers with Radar,0,2,1,104,107,0,0,5,27,32,0,2,6,131,139,0,18,18,157
11/07/2008,ADW,MD,AEA,EN,Towers with Radar,0,1,2,101,104,0,0,7,20,27,0,1,9,121,131,0,0,0,131
11/08/2008,ADW,MD,AEA,EN,Towers with Radar,0,0,2,30,32,0,0,4,15,19,0,0,6,45,51,32,2,34,85
11/09/2008,ADW,MD,AEA,EN,Towers with Radar,1,0,0,36,37,0,0,5,13,18,1,0,5,49,55,28,68,96,151
11/10/2008,ADW,MD,AEA,EN,Towers with Radar,2,0,0,67,69,0,0,9,18,27,2,0,9,85,96,22,214,236,332
11/11/2008,ADW,MD,AEA,EN,Towers with Radar,3,3,3,47,56,0,0,10,13,23,3,3,13,60,79,146,74,220,299
11/12/2008,ADW,MD,AEA,EN,Towers with Radar,0,1,1,117,119,0,1,5,17,23,0,2,6,134,142,62,264,326,468
11/13/2008,ADW,MD,AEA,EN,Towers with Radar,4,1,2,57,64,0,0,1,7,8,4,1,3,64,72,8,16,24,96
11/14/2008,ADW,MD,AEA,EN,Towers with Radar,11,2,2,49,64,1,0,1,1,3,12,2,3,50,67,0,0,0,67
11/15/2008,ADW,MD,AEA,EN,Towers with Radar,16,4,2,22,44,0,0,0,6,6,16,4,2,28,50,54,10,64,114
11/16/2008,ADW,MD,AEA,EN,Towers with Radar,6,0,1,39,46,0,0,9,11,20,6,0,10,50,66,36,56,92,158
11/17/2008,ADW,MD,AEA,EN,Towers with Radar,1,1,0,114,116,0,0,10,20,30,1,1,10,134,146,48,130,178,324
11/18/2008,ADW,MD,AEA,EN,Towers with Radar,0,3,3,103,109,0,0,13,26,39,0,3,16,129,148,80,102,182,330
11/19/2008,ADW,MD,AEA,EN,Towers with Radar,1,3,2,111,117,0,5,9,12,26,1,8,11,123,143,96,178,274,417
11/20/2008,ADW,MD,AEA,EN,Towers with Radar,5,4,2,106,117,0,0,8,26,34,5,4,10,132,151,44,136,180,331
11/21/2008,ADW,MD,AEA,EN,Towers with Radar,1,1,0,116,118,0,0,5,9,14,1,1,5,125,132,24,0,24,156
11/22/2008,ADW,MD,AEA,EN,Towers with Radar,2,0,0,27,29,0,0,15,13,28,2,0,15,40,57,124,10,134,191
11/23/2008,ADW,MD,AEA,EN,Towers with Radar,1,1,0,29,31,0,0,9,18,27,1,1,9,47,58,42,40,82,140
11/24/2008,ADW,MD,AEA,EN,Towers with Radar,1,7,0,127,135,0,0,3,21,24,1,7,3,148,159,30,208,238,397
11/25/2008,ADW,MD,AEA,EN,Towers with Radar,1,0,0,93,94,0,0,9,30,39,1,0,9,123,133,96,212,308,441
11/26/2008,ADW,MD,AEA,EN,Towers with Radar,0,0,0,48,48,0,0,5,9,14,0,0,5,57,62,14,132,146,208
11/27/2008,ADW,MD,AEA,EN,Towers with Radar,0,0,0,4,4,0,0,4,4,8,0,0,4,8,12,34,0,34,46
11/28/2008,ADW,MD,AEA,EN,Towers with Radar,0,1,1,18,20,0,0,7,5,12,0,1,8,23,32,78,38,116,148
11/29/2008,ADW,MD,AEA,EN,Towers with Radar,1,0,0,19,20,0,0,6,6,12,1,0,6,25,32,64,18,82,114
11/30/2008,ADW,MD,AEA,EN,Towers with Radar,1,2,0,22,25,0,0,0,0,0,1,2,0,22,25,4,2,6,31
12/01/2008,ADW,MD,AEA,EN,Towers with Radar,0,0,0,70,70,0,0,3,17,20,0,0,3,87,90,112,60,172,262
12/02/2008,ADW,MD,AEA,EN,Towers with Radar,0,2,0,103,105,0,0,6,28,34,0,2,6,131,139,80,166,246,385
12/03/2008,ADW,MD,AEA,EN,Towers with Radar,0,10,0,119,129,0,0,4,16,20,0,10,4,135,149,186,224,410,559
12/04/2008,ADW,MD,AEA,EN,Towers with Radar,1,3,2,113,119,0,0,4,28,32,1,3,6,141,151,76,168,244,395
12/05/2008,ADW,MD,AEA,EN,Towers with Radar,1,7,1,95,104,0,0,6,9,15,1,7,7,104,119,0,150,150,269
12/06/2008,ADW,MD,AEA,EN,Towers with Radar,1,3,1,39,44,0,0,1,6,7,1,3,2,45,51,4,20,24,75
12/07/2008,ADW,MD,AEA,EN,Towers with Radar,3,0,0,31,34,0,0,1,7,8,3,0,1,38,42,0,12,12,54
12/08/2008,ADW,MD,AEA,EN,Towers with Radar,0,4,0,107,111,0,0,5,25,30,0,4,5,132,141,79,102,181,322
12/09/2008,ADW,MD,AEA,EN,Towers with Radar,9,1,1,127,138,0,0,3,23,26,9,1,4,150,164,108,174,282,446
12/10/2008,ADW,MD,AEA,EN,Towers with Radar,2,1,0,90,93,0,0,3,14,17,2,1,3,104,110,60,100,160,270
12/11/2008,ADW,MD,AEA,EN,Towers with Radar,4,0,0,60,64,0,0,0,0,0,4,0,0,60,64,0,20,20,84
12/12/2008,ADW,MD,AEA,EN,Towers with Radar,0,1,0,83,84,0,0,9,26,35,0,1,9,109,119,108,50,158,277
12/13/2008,ADW,MD,AEA,EN,Towers with Radar,2,0,0,28,30,0,0,3,12,15,2,0,3,40,45,12,0,12,57
12/14/2008,ADW,MD,AEA,EN,Towers with Radar,1,0,0,27,28,0,0,3,15,18,1,0,3,42,46,36,48,84,130
12/15/2008,ADW,MD,AEA,EN,Towers with Radar,0,6,0,71,77,0,0,11,28,39,0,6,11,99,116,58,160,218,334
12/16/2008,ADW,MD,AEA,EN,Towers with Radar,1,0,0,79,80,0,0,1,21,22,1,0,1,100,102,0,164,164,266
12/17/2008,ADW,MD,AEA,EN,Towers with Radar,10,2,0,91,103,0,0,1,6,7,10,2,1,97,110,78,62,140,250
12/18/2008,ADW,MD,AEA,EN,Towers with Radar,4,4,4,142,154,0,0,8,37,45,4,4,12,179,199,184,362,546,745
12/19/2008,ADW,MD,AEA,EN,Towers with Radar,1,4,1,58,64,0,0,0,0,0,1,4,1,58,64,0,6,6,70
12/20/2008,ADW,MD,AEA,EN,Towers with Radar,0,2,3,25,30,0,0,3,13,16,0,2,6,38,46,24,24,48,94
12/21/2008,ADW,MD,AEA,EN,Towers with Radar,1,0,0,17,18,0,0,3,3,6,1,0,3,20,24,26,4,30,54
12/22/2008,ADW,MD,AEA,EN,Towers with Radar,0,7,0,64,71,0,0,7,17,24,0,7,7,81,95,26,108,134,229
12/23/2008,ADW,MD,AEA,EN,Towers with Radar,1,1,2,80,84,0,0,11,20,31,1,1,13,100,115,18,170,188,303
12/24/2008,ADW,MD,AEA,EN,Towers with Radar,0,3,0,19,22,0,0,3,9,12,0,3,3,28,34,0,6,6,40
12/25/2008,ADW,MD,AEA,EN,Towers with Radar,0,0,0,6,6,0,0,1,9,10,0,0,1,15,16,4,12,16,32
12/26/2008,ADW,MD,AEA,EN,Towers with Radar,0,0,0,18,18,0,0,6,12,18,0,0,6,30,36,26,2,28,64
12/27/2008,ADW,MD,AEA,EN,Towers with Radar,0,0,0,8,8,0,0,3,8,11,0,0,3,16,19,2,0,2,21
12/28/2008,ADW,MD,AEA,EN,Towers with Radar,0,0,0,21,21,0,0,6,10,16,0,0,6,31,37,42,38,80,117
12/29/2008,ADW,MD,AEA,EN,Towers with Radar,0,2,0,41,43,0,0,0,11,11,0,2,0,52,54,42,170,212,266
12/30/2008,ADW,MD,AEA,EN,Towers with Radar,0,1,0,80,81,0,0,5,20,25,0,1,5,100,106,72,298,370,476
12/31/2008,ADW,MD,AEA,EN,Towers with Radar,0,0,0,9,9,0,0,5,0,5,0,0,5,9,14,0,0,0,14
01/01/2009,ADW,MD,AEA,EN,Towers with Radar,0,0,0,21,21,0,0,2,12,14,0,0,2,33,35,92,42,134,169
01/02/2009,ADW,MD,AEA,EN,Towers with Radar,1,0,0,25,26,0,0,4,11,15,1,0,4,36,41,8,86,94,135
01/03/2009,ADW,MD,AEA,EN,Towers with Radar,0,0,0,21,21,0,0,4,6,10,0,0,4,27,31,52,0,52,83
01/04/2009,ADW,MD,AEA,EN,Towers with Radar,1,0,0,34,35,0,0,5,13,18,1,0,5,47,53,48,46,94,147
01/05/2009,ADW,MD,AEA,EN,Towers with Radar,1,5,2,104,112,0,0,11,25,36,1,5,13,129,148,42,230,272,420
01/06/2009,ADW,MD,AEA,EN,Towers with Radar,0,0,0,49,49,0,0,4,0,4,0,0,4,49,53,0,4,4,57
01/07/2009,ADW,MD,AEA,EN,Towers with Radar,1,0,0,74,75,0,0,3,2,5,1,0,3,76,80,0,46,46,126
01/08/2009,ADW,MD,AEA,EN,Towers with Radar,2,0,1,163,166,0,0,8,53,61,2,0,9,216,227,100,178,278,505
01/09/2009,ADW,MD,AEA,EN,Towers with Radar,1,7,0,73,81,0,1,12,17,30,1,8,12,90,111,62,130,192,303
01/10/2009,ADW,MD,AEA,EN,Towers with Radar,1,0,0,68,69,0,0,17,9,26,1,0,17,77,95,28,20,48,143
01/11/2009,ADW,MD,AEA,EN,Towers with Radar,1,0,0,78,79,0,0,2,17,19,1,0,2,95,98,46,132,178,276
01/12/2009,ADW,MD,AEA,EN,Towers with Radar,0,3,0,49,52,0,0,13,21,34,0,3,13,70,86,196,178,374,460
01/13/2009,ADW,MD,AEA,EN,Towers with Radar,8,9,7,93,117,0,0,7,18,25,8,9,14,111,142,44,256,300,442
01/14/2009,ADW,MD,AEA,EN,Towers with Radar,3,7,2,141,153,0,0,7,13,20,3,7,9,154,173,128,204,332,505
01/15/2009,ADW,MD,AEA,EN,Towers with Radar,3,5,0,109,117,0,0,5,17,22,3,5,5,126,139,172,200,372,511
01/16/2009,ADW,MD,AEA,EN,Towers with Radar,2,7,0,95,104,0,0,2,14,16,2,7,2,109,120,8,124,132,252
01/17/2009,ADW,MD,AEA,EN,Towers with Radar,3,0,0,32,35,0,0,10,9,19,3,0,10,41,54,108,30,138,192
01/18/2009,ADW,MD,AEA,EN,Towers with Radar,0,0,1,38,39,0,0,9,8,17,0,0,10,46,56,134,42,176,232
01/19/2009,ADW,MD,AEA,EN,Towers with Radar,0,0,0,20,20,0,0,1,10,11,0,0,1,30,31,76,32,108,139
01/20/2009,ADW,MD,AEA,EN,Towers with Radar,0,3,0,11,14,0,1,3,18,22,0,4,3,29,36,0,0,0,36
01/21/2009,ADW,MD,AEA,EN,Towers with Radar,1,7,3,116,127,0,0,11,20,31,1,7,14,136,158,80,160,240,398
01/22/2009,ADW,MD,AEA,EN,Towers with Radar,0,0,4,114,118,0,0,8,34,42,0,0,12,148,160,60,340,400,560
01/23/2009,ADW,MD,AEA,EN,Towers with Radar,0,1,6,75,82,0,0,5,16,21,0,1,11,91,103,12,142,154,257
01/24/2009,ADW,MD,AEA,EN,Towers with Radar,2,0,1,33,36,0,0,11,8,19,2,0,12,41,55,12,42,54,109
01/25/2009,ADW,MD,AEA,EN,Towers with Radar,0,0,1,29,30,0,0,10,15,25,0,0,11,44,55,100,78,178,233
01/26/2009,ADW,MD,AEA,EN,Towers with Radar,4,0,5,82,91,0,0,10,19,29,4,0,15,101,120,16,212,228,348
01/27/2009,ADW,MD,AEA,EN,Towers with Radar,2,0,0,30,32,0,0,0,10,10,2,0,0,40,42,8,50,58,100
01/28/2009,ADW,MD,AEA,EN,Towers with Radar,2,0,0,40,42,0,0,3,0,3,2,0,3,40,45,50,0,50,95
01/29/2009,ADW,MD,AEA,EN,Towers with Radar,8,2,0,144,154,0,0,8,24,32,8,2,8,168,186,74,310,384,570
01/30/2009,ADW,MD,AEA,EN,Towers with Radar,2,0,2,120,124,0,0,5,35,40,2,0,7,155,164,56,242,298,462
01/31/2009,ADW,MD,AEA,EN,Towers with Radar,2,0,2,22,26,0,0,10,7,17,2,0,12,29,43,24,112,136,179
02/01/2009,ADW,MD,AEA,EN,Towers with Radar,0,2,0,26,28,0,0,2,8,10,0,2,2,34,38,4,54,58,96
02/02/2009,ADW,MD,AEA,EN,Towers with Radar,0,2,1,96,99,0,0,7,15,22,0,2,8,111,121,50,148,198,319
02/03/2009,ADW,MD,AEA,EN,Towers with Radar,0,1,0,78,79,0,0,3,18,21,0,1,3,96,100,0,182,182,282
02/04/2009,ADW,MD,AEA,EN,Towers with Radar,1,2,4,90,97,0,0,11,11,22,1,2,15,101,119,44,56,100,219
02/05/2009,ADW,MD,AEA,EN,Towers with Radar,0,0,0,134,134,0,1,14,17,32,0,1,14,151,166,124,142,266,432
02/06/2009,ADW,MD,AEA,EN,Towers with Radar,10,8,3,113,134,0,0,7,11,18,10,8,10,124,152,136,236,372,524
02/07/2009,ADW,MD,AEA,EN,Towers with Radar,1,0,0,26,27,0,0,4,16,20,1,0,4,42,47,18,16,34,81
02/08/2009,ADW,MD,AEA,EN,Towers with Radar,5,0,0,48,53,0,0,9,9,18,5,0,9,57,71,32,38,70,141
02/09/2009,ADW,MD,AEA,EN,Towers with Radar,2,3,0,135,140,0,3,5,40,48,2,6,5,175,188,74,136,210,398
02/10/2009,ADW,MD,AEA,EN,Towers with Radar,7,8,0,149,164,0,0,5,36,41,7,8,5,185,205,70,284,354,559
02/11/2009,ADW,MD,AEA,EN,Towers with Radar,2,11,0,96,109,0,0,11,20,31,2,11,11,116,140,32,156,188,328
02/12/2009,ADW,MD,AEA,EN,Towers with Radar,3,0,0,34,37,0,0,5,0,5,3,0,5,34,42,50,18,68,110
02/13/2009,ADW,MD,AEA,EN,Towers with Radar,2,1,1,114,118,0,0,7,14,21,2,1,8,128,139,34,102,136,275
02/14/2009,ADW,MD,AEA,EN,Towers with Radar,0,0,1,26,27,0,0,7,13,20,0,0,8,39,47,36,32,68,115
02/15/2009,ADW,MD,AEA,EN,Towers with Radar,0,3,7,20,30,0,0,1,14,15,0,3,8,34,45,140,4,144,189
02/16/2009,ADW,MD,AEA,EN,Towers with Radar,1,0,3,27,31,0,0,6,11,17,1,0,9,38,48,16,20,36,84
02/17/2009,ADW,MD,AEA,EN,Towers with Radar,1,6,2,114,123,0,0,10,33,43,1,6,12,147,166,32,188,220,386
02/18/2009,ADW,MD,AEA,EN,Towers with Radar,4,1,1,80,86,0,0,1,6,7,4,1,2,86,93,38,12,50,143
02/19/2009,ADW,MD,AEA,EN,Towers with Radar,3,2,1,99,105,0,0,2,20,22,3,2,3,119,127,70,132,202,329
02/20/2009,ADW,MD,AEA,EN,Towers with Radar,0,4,0,77,81,0,0,0,20,20,0,4,0,97,101,98,224,322,423
02/21/2009,ADW,MD,AEA,EN,Towers with Radar,2,0,6,57,65,0,0,2,9,11,2,0,8,66,76,70,38,108,184
02/22/2009,ADW,MD,AEA,EN,Towers with Radar,0,1,2,76,79,0,0,0,11,11,0,1,2,87,90,0,48,48,138
02/23/2009,ADW,MD,AEA,EN,Towers with Radar,4,4,6,77,91,0,0,6,17,23,4,4,12,94,114,92,74,166,280
02/24/2009,ADW,MD,AEA,EN,Towers with Radar,4,4,2,120,130,0,0,5,15,20,4,4,7,135,150,30,136,166,316
02/25/2009,ADW,MD,AEA,EN,Towers with Radar,0,3,4,119,126,0,0,3,13,16,0,3,7,132,142,62,184,246,388
02/26/2009,ADW,MD,AEA,EN,Towers with Radar,3,3,5,114,125,0,0,12,21,33,3,3,17,135,158,152,178,330,488
02/27/2009,ADW,MD,AEA,EN,Towers with Radar,3,4,2,91,100,0,0,6,15,21,3,4,8,106,121,141,208,349,470
02/28/2009,ADW,MD,AEA,EN,Towers with Radar,1,0,2,39,42,0,0,2,11,13,1,0,4,50,55,36,22,58,113
03/01/2009,ADW,MD,AEA,EN,Towers with Radar,2,0,0,28,30,0,0,0,0,0,2,0,0,28,30,0,4,4,34
03/02/2009,ADW,MD,AEA,EN,Towers with Radar,1,0,0,20,21,0,0,6,8,14,1,0,6,28,35,38,8,46,81
03/03/2009,ADW,MD,AEA,EN,Towers with Radar,0,3,0,85,88,0,0,2,26,28,0,3,2,111,116,84,86,170,286
03/04/2009,ADW,MD,AEA,EN,Towers with Radar,2,2,3,114,121,0,0,7,18,25,2,2,10,132,146,60,210,270,416
03/05/2009,ADW,MD,AEA,EN,Towers with Radar,1,1,3,94,99,0,0,5,28,33,1,1,8,122,132,26,124,150,282
03/06/2009,ADW,MD,AEA,EN,Towers with Radar,4,4,7,105,120,0,0,11,15,26,4,4,18,120,146,10,110,120,266
03/07/2009,ADW,MD,AEA,EN,Towers with Radar,1,5,6,47,59,0,0,6,12,18,1,5,12,59,77,18,142,160,237
03/08/2009,ADW,MD,AEA,EN,Towers with Radar,1,2,1,51,55,0,0,5,9,14,1,2,6,60,69,36,56,92,161
03/09/2009,ADW,MD,AEA,EN,Towers with Radar,0,0,4,85,89,0,0,5,24,29,0,0,9,109,118,36,110,146,264
03/10/2009,ADW,MD,AEA,EN,Towers with Radar,0,4,5,126,135,0,0,5,23,28,0,4,10,149,163,72,104,176,339
03/11/2009,ADW,MD,AEA,EN,Towers with Radar,1,1,1,137,140,0,0,2,9,11,1,1,3,146,151,32,230,262,413
03/12/2009,ADW,MD,AEA,EN,Towers with Radar,2,6,8,118,134,0,0,6,20,26,2,6,14,138,160,160,346,506,666
03/13/2009,ADW,MD,AEA,EN,Towers with Radar,0,0,8,115,123,0,0,7,13,20,0,0,15,128,143,22,202,224,367
03/14/2009,ADW,MD,AEA,EN,Towers with Radar,4,1,1,39,45,1,0,1,7,9,5,1,2,46,54,72,54,126,180
03/15/2009,ADW,MD,AEA,EN,Towers with Radar,1,0,2,37,40,0,0,0,0,0,1,0,2,37,40,0,0,0,40
03/16/2009,ADW,MD,AEA,EN,Towers with Radar,4,3,3,80,90,0,0,0,26,26,4,3,3,106,116,0,106,106,222
03/17/2009,ADW,MD,AEA,EN,Towers with Radar,2,4,0,141,147,0,0,4,12,16,2,4,4,153,163,86,120,206,369
03/18/2009,ADW,MD,AEA,EN,Towers with Radar,4,3,4,110,121,0,0,9,21,30,4,3,13,131,151,104,174,278,429
03/19/2009,ADW,MD,AEA,EN,Towers with Radar,2,2,2,116,122,0,0,1,22,23,2,2,3,138,145,72,124,196,341
03/20/2009,ADW,MD,AEA,EN,Towers with Radar,2,4,6,98,110,0,1,8,22,31,2,5,14,120,141,110,160,270,411
03/21/2009,ADW,MD,AEA,EN,Towers with Radar,0,1,5,29,35,0,0,4,10,14,0,1,9,39,49,160,26,186,235
03/22/2009,ADW,MD,AEA,EN,Towers with Radar,0,4,2,42,48,0,0,9,14,23,0,4,11,56,71,20,28,48,119
03/23/2009,ADW,MD,AEA,EN,Towers with Radar,3,0,2,97,102,0,0,12,22,34,3,0,14,119,136,12,126,138,274
03/24/2009,ADW,MD,AEA,EN,Towers with Radar,0,1,1,132,134,0,1,11,19,31,0,2,12,151,165,38,160,198,363
03/25/2009,ADW,MD,AEA,EN,Towers with Radar,0,1,7,85,93,0,0,8,16,24,0,1,15,101,117,42,184,226,343
03/26/2009,ADW,MD,AEA,EN,Towers with Radar,0,6,1,74,81,0,0,0,2,2,0,6,1,76,83,0,0,0,83
03/27/2009,ADW,MD,AEA,EN,Towers with Radar,3,0,7,103,113,0,0,9,21,30,3,0,16,124,143,80,114,194,337
03/28/2009,ADW,MD,AEA,EN,Towers with Radar,0,2,0,24,26,0,0,0,0,0,0,2,0,24,26,0,0,0,26
03/29/2009,ADW,MD,AEA,EN,Towers with Radar,2,4,1,52,59,0,0,2,12,14,2,4,3,64,73,6,28,34,107
03/30/2009,ADW,MD,AEA,EN,Towers with Radar,5,7,1,90,103,0,0,8,24,32,5,7,9,114,135,58,130,188,323
03/31/2009,ADW,MD,AEA,EN,Towers with Radar,3,1,4,130,138,0,1,8,26,35,3,2,12,156,173,102,216,318,491
04/01/2009,ADW,MD,AEA,EN,Towers with Radar,0,1,1,71,73,0,0,5,13,18,0,1,6,84,91,0,72,72,163
04/02/2009,ADW,MD,AEA,EN,Towers with Radar,1,0,4,96,101,0,0,0,3,3,1,0,4,99,104,2,40,42,146
04/03/2009,ADW,MD,AEA,EN,Towers with Radar,1,3,2,62,68,0,0,7,5,12,1,3,9,67,80,100,16,116,196
04/04/2009,ADW,MD,AEA,EN,Towers with Radar,2,0,7,37,46,0,0,2,10,12,2,0,9,47,58,42,19,61,119
04/05/2009,ADW,MD,AEA,EN,Towers with Radar,0,0,6,27,33,0,0,8,9,17,0,0,14,36,50,0,0,0,50
04/06/2009,ADW,MD,AEA,EN,Towers with Radar,1,1,6,56,64,0,0,4,23,27,1,1,10,79,91,78,104,182,273
04/07/2009,ADW,MD,AEA,EN,Towers with Radar,0,1,2,84,87,0,0,3,17,20,0,1,5,101,107,54,18,72,179
04/08/2009,ADW,MD,AEA,EN,Towers with Radar,3,2,1,115,121,0,0,9,17,26,3,2,10,132,147,62,112,174,321
04/09/2009,ADW,MD,AEA,EN,Towers with Radar,1,0,4,109,114,0,0,4,23,27,1,0,8,132,141,4,172,176,317
04/10/2009,ADW,MD,AEA,EN,Towers with Radar,0,2,1,85,88,0,0,2,20,22,0,2,3,105,110,36,196,232,342
04/11/2009,ADW,MD,AEA,EN,Towers with Radar,2,0,0,16,18,0,0,4,4,8,2,0,4,20,26,14,82,96,122
04/12/2009,ADW,MD,AEA,EN,Towers with Radar,0,1,0,12,13,0,0,8,10,18,0,1,8,22,31,52,20,72,103
04/13/2009,ADW,MD,AEA,EN,Towers with Radar,0,1,0,70,71,0,0,6,17,23,0,1,6,87,94,52,114,166,260
04/14/2009,ADW,MD,AEA,EN,Towers with Radar,5,0,3,61,69,0,0,0,1,1,5,0,3,62,70,0,8,8,78
04/15/2009,ADW,MD,AEA,EN,Towers with Radar,3,4,0,89,96,0,0,0,7,7,3,4,0,96,103,0,14,14,117
04/16/2009,ADW,MD,AEA,EN,Towers with Radar,2,4,6,80,92,0,0,6,17,23,2,4,12,97,115,6,74,80,195
04/17/2009,ADW,MD,AEA,EN,Towers with Radar,2,3,7,94,106,0,0,14,18,32,2,3,21,112,138,66,282,348,486
04/18/2009,ADW,MD,AEA,EN,Towers with Radar,0,2,3,42,47,0,0,13,8,21,0,2,16,50,68,46,118,164,232
04/19/2009,ADW,MD,AEA,EN,Towers with Radar,5,2,0,65,72,0,0,7,16,23,5,2,7,81,95,80,54,134,229
04/20/2009,ADW,MD,AEA,EN,Towers with Radar,1,4,0,71,76,0,0,1,1,2,1,4,1,72,78,0,2,2,80
04/21/2009,ADW,MD,AEA,EN,Towers with Radar,1,4,3,96,104,0,0,7,28,35,1,4,10,124,139,88,150,238,377
04/22/2009,ADW,MD,AEA,EN,Towers with Radar,3,4,0,89,96,0,0,2,18,20,3,4,2,107,116,134,60,194,310
04/23/2009,ADW,MD,AEA,EN,Towers with Radar,5,1,7,90,103,0,0,2,19,21,5,1,9,109,124,102,176,278,402
04/24/2009,ADW,MD,AEA,EN,Towers with Radar,7,4,0,109,120,0,0,10,21,31,7,4,10,130,151,20,166,186,337
04/25/2009,ADW,MD,AEA,EN,Towers with Radar,1,1,2,36,40,0,0,18,11,29,1,1,20,47,69,40,24,64,133
04/26/2009,ADW,MD,AEA,EN,Towers with Radar,3,1,3,30,37,0,0,7,16,23,3,1,10,46,60,0,30,30,90
04/27/2009,ADW,MD,AEA,EN,Towers with Radar,0,2,1,99,102,0,0,6,35,41,0,2,7,134,143,122,212,334,477
04/28/2009,ADW,MD,AEA,EN,Towers with Radar,2,3,6,86,97,0,0,15,28,43,2,3,21,114,140,94,316,410,550
04/29/2009,ADW,MD,AEA,EN,Towers with Radar,0,5,6,101,112,0,0,10,19,29,0,5,16,120,141,44,116,160,301
04/30/2009,ADW,MD,AEA,EN,Towers with Radar,2,1,1,113,117,0,1,4,34,39,2,2,5,147,156,78,192,270,426
05/01/2009,ADW,MD,AEA,EN,Towers with Radar,0,2,0,97,99,0,0,4,11,15,0,2,4,108,114,106,80,186,300
05/02/2009,ADW,MD,AEA,EN,Towers with Radar,4,0,2,67,73,0,0,7,2,9,4,0,9,69,82,38,154,192,274
05/03/2009,ADW,MD,AEA,EN,Towers with Radar,2,0,2,33,37,0,0,0,0,0,2,0,2,33,37,28,4,32,69
05/04/2009,ADW,MD,AEA,EN,Towers with Radar,0,2,0,97,99,0,0,0,1,1,0,2,0,98,100,0,8,8,108
05/05/2009,ADW,MD,AEA,EN,Towers with Radar,0,1,2,106,109,0,0,2,9,11,0,1,4,115,120,0,68,68,188
05/06/2009,ADW,MD,AEA,EN,Towers with Radar,6,1,1,120,128,0,0,6,2,8,6,1,7,122,136,0,80,80,216
05/07/2009,ADW,MD,AEA,EN,Towers with Radar,1,0,3,109,113,0,0,3,20,23,1,0,6,129,136,80,68,148,284
05/08/2009,ADW,MD,AEA,EN,Towers with Radar,2,4,8,109,123,0,0,3,12,15,2,4,11,121,138,60,164,224,362
05/09/2009,ADW,MD,AEA,EN,Towers with Radar,1,1,5,40,47,0,0,0,5,5,1,1,5,45,52,60,88,148,200
05/10/2009,ADW,MD,AEA,EN,Towers with Radar,3,0,2,36,41,0,1,1,6,8,3,1,3,42,49,60,44,104,153
05/11/2009,ADW,MD,AEA,EN,Towers with Radar,1,0,0,107,108,0,0,4,17,21,1,0,4,124,129,10,56,66,195
05/12/2009,ADW,MD,AEA,EN,Towers with Radar,1,0,2,111,114,0,0,6,20,26,1,0,8,131,140,10,190,200,340
05/13/2009,ADW,MD,AEA,EN,Towers with Radar,6,5,6,113,130,0,1,37,17,55,6,6,43,130,185,102,268,370,555
05/14/2009,ADW,MD,AEA,EN,Towers with Radar,2,2,9,70,83,0,4,30,8,42,2,6,39,78,125,192,274,466,591
05/15/2009,ADW,MD,AEA,EN,Towers with Radar,1,0,0,23,24,0,0,13,19,32,1,0,13,42,56,396,332,728,784
05/16/2009,ADW,MD,AEA,EN,Towers with Radar,0,0,0,9,9,0,0,16,16,32,0,0,16,25,41,226,284,510,551
05/17/2009,ADW,MD,AEA,EN,Towers with Radar,2,1,3,23,29,0,5,29,13,47,2,6,32,36,76,120,30,150,226
05/18/2009,ADW,MD,AEA,EN,Towers with Radar,1,6,11,103,121,0,0,24,20,44,1,6,35,123,165,126,104,230,395
05/19/2009,ADW,MD,AEA,EN,Towers with Radar,1,6,14,121,142,0,0,9,20,29,1,6,23,141,171,96,210,306,477
05/20/2009,ADW,MD,AEA,EN,Towers with Radar,4,2,4,139,149,0,2,7,15,24,4,4,11,154,173,100,176,276,449
05/21/2009,ADW,MD,AEA,EN,Towers with Radar,0,6,7,102,115,0,0,8,10,18,0,6,15,112,133,76,246,322,455
05/22/2009,ADW,MD,AEA,EN,Towers with Radar,0,4,2,61,67,0,0,2,10,12,0,4,4,71,79,28,2,30,109
05/23/2009,ADW,MD,AEA,EN,Towers with Radar,0,0,0,28,28,0,0,3,3,6,0,0,3,31,34,0,96,96,130
05/24/2009,ADW,MD,AEA,EN,Towers with Radar,2,0,4,25,31,0,0,0,5,5,2,0,4,30,36,18,0,18,54
05/25/2009,ADW,MD,AEA,EN,Towers with Radar,0,0,0,34,34,0,0,2,4,6,0,0,2,38,40,10,98,108,148
05/26/2009,ADW,MD,AEA,EN,Towers with Radar,2,0,4,105,111,0,0,1,0,1,2,0,5,105,112,12,34,46,158
05/27/2009,ADW,MD,AEA,EN,Towers with Radar,0,2,2,84,88,0,0,1,5,6,0,2,3,89,94,76,106,182,276
05/28/2009,ADW,MD,AEA,EN,Towers with Radar,2,2,0,132,136,0,0,2,12,14,2,2,2,144,150,12,214,226,376
05/29/2009,ADW,MD,AEA,EN,Towers with Radar,2,2,0,84,88,0,0,2,11,13,2,2,2,95,101,34,84,118,219
05/30/2009,ADW,MD,AEA,EN,Towers with Radar,2,0,5,41,48,0,0,2,3,5,2,0,7,44,53,36,36,72,125
05/31/2009,ADW,MD,AEA,EN,Towers with Radar,0,0,4,48,52,0,0,2,2,4,0,0,6,50,56,40,10,50,106
06/01/2009,ADW,MD,AEA,EN,Towers with Radar,0,6,1,94,101,0,3,3,16,22,0,9,4,110,123,86,248,334,457
06/02/2009,ADW,MD,AEA,EN,Towers with Radar,6,1,11,127,145,0,0,3,13,16,6,1,14,140,161,32,228,260,421
06/03/2009,ADW,MD,AEA,EN,Towers with Radar,0,4,0,80,84,0,2,1,5,8,0,6,1,85,92,24,104,128,220
06/04/2009,ADW,MD,AEA,EN,Towers with Radar,2,2,0,98,102,0,0,0,12,12,2,2,0,110,114,14,40,54,168
06/05/2009,ADW,MD,AEA,EN,Towers with Radar,0,0,0,76,76,0,0,0,0,0,0,0,0,76,76,0,24,24,100
06/06/2009,ADW,MD,AEA,EN,Towers with Radar,0,0,3,71,74,0,0,4,2,6,0,0,7,73,80,62,50,112,192
06/07/2009,ADW,MD,AEA,EN,Towers with Radar,4,0,0,60,64,0,0,4,3,7,4,0,4,63,71,4,46,50,121
06/08/2009,ADW,MD,AEA,EN,Towers with Radar,2,0,5,87,94,0,0,4,20,24,2,0,9,107,118,86,154,240,358
06/09/2009,ADW,MD,AEA,EN,Towers with Radar,0,7,0,100,107,0,1,0,11,12,0,8,0,111,119,60,178,238,357
06/10/2009,ADW,MD,AEA,EN,Towers with Radar,1,6,1,115,123,0,0,2,12,14,1,6,3,127,137,60,184,244,381
06/11/2009,ADW,MD,AEA,EN,Towers with Radar,5,2,3,96,106,0,0,1,13,14,5,2,4,109,120,96,288,384,504
06/12/2009,ADW,MD,AEA,EN,Towers with Radar,0,3,6,91,100,0,0,1,12,13,0,3,7,103,113,100,130,230,343
06/13/2009,ADW,MD,AEA,EN,Towers with Radar,2,0,0,55,57,0,0,1,10,11,2,0,1,65,68,40,116,156,224
06/14/2009,ADW,MD,AEA,EN,Towers with Radar,2,0,1,64,67,0,0,2,4,6,2,0,3,68,73,0,52,52,125
06/15/2009,ADW,MD,AEA,EN,Towers with Radar,3,2,4,93,102,0,0,9,14,23,3,2,13,107,125,62,108,170,295
06/16/2009,ADW,MD,AEA,EN,Towers with Radar,3,1,2,96,102,0,0,2,20,22,3,1,4,116,124,0,190,190,314
06/17/2009,ADW,MD,AEA,EN,Towers with Radar,3,1,0,122,126,0,0,0,8,8,3,1,0,130,134,66,208,274,408
06/18/2009,ADW,MD,AEA,EN,Towers with Radar,2,5,0,88,95,0,0,1,8,9,2,5,1,96,104,64,24,88,192
06/19/2009,ADW,MD,AEA,EN,Towers with Radar,1,15,2,119,137,0,0,7,13,20,1,15,9,132,157,250,226,476,633
06/20/2009,ADW,MD,AEA,EN,Towers with Radar,1,0,2,23,26,0,0,7,8,15,1,0,9,31,41,0,28,28,69
06/21/2009,ADW,MD,AEA,EN,Towers with Radar,2,1,1,34,38,0,0,0,7,7,2,1,1,41,45,52,94,146,191
06/22/2009,ADW,MD,AEA,EN,Towers with Radar,2,12,1,131,146,0,0,3,18,21,2,12,4,149,167,28,354,382,549
06/23/2009,ADW,MD,AEA,EN,Towers with Radar,0,3,4,122,129,0,3,4,17,24,0,6,8,139,153,36,236,272,425
06/24/2009,ADW,MD,AEA,EN,Towers with Radar,1,4,0,133,138,0,0,6,17,23,1,4,6,150,161,36,152,188,349
06/25/2009,ADW,MD,AEA,EN,Towers with Radar,6,1,0,130,137,0,0,1,10,11,6,1,1,140,148,38,174,212,360
06/26/2009,ADW,MD,AEA,EN,Towers with Radar,1,0,0,96,97,0,1,4,14,19,1,1,4,110,116,4,190,194,310
06/27/2009,ADW,MD,AEA,EN,Towers with Radar,1,0,0,16,17,0,0,2,1,3,1,0,2,17,20,4,56,60,80
06/28/2009,ADW,MD,AEA,EN,Towers with Radar,3,1,0,50,54,0,0,4,9,13,3,1,4,59,67,46,40,86,153
06/29/2009,ADW,MD,AEA,EN,Towers with Radar,6,2,0,72,80,0,0,4,10,14,6,2,4,82,94,66,74,140,234
06/30/2009,ADW,MD,AEA,EN,Towers with Radar,2,7,6,97,112,0,0,8,20,28,2,7,14,117,140,114,246,360,500
07/01/2009,ADW,MD,AEA,EN,Towers with Radar,0,2,1,73,76,0,0,3,11,14,0,2,4,84,90,20,100,120,210
07/02/2009,ADW,MD,AEA,EN,Towers with Radar,2,8,4,65,79,0,0,2,7,9,2,8,6,72,88,88,50,138,226
07/03/2009,ADW,MD,AEA,EN,Towers with Radar,0,0,1,20,21,0,0,0,9,9,0,0,1,29,30,0,48,48,78
07/04/2009,ADW,MD,AEA,EN,Towers with Radar,2,4,1,16,23,0,0,2,5,7,2,4,3,21,30,4,14,18,48
07/05/2009,ADW,MD,AEA,EN,Towers with Radar,4,3,1,26,34,0,0,1,4,5,4,3,2,30,39,88,2,90,129
07/06/2009,ADW,MD,AEA,EN,Towers with Radar,1,0,1,63,65,0,0,5,13,18,1,0,6,76,83,20,184,204,287
07/07/2009,ADW,MD,AEA,EN,Towers with Radar,2,8,4,129,143,0,0,0,12,12,2,8,4,141,155,84,256,340,495
07/08/2009,ADW,MD,AEA,EN,Towers with Radar,0,0,0,106,106,0,0,2,7,9,0,0,2,113,115,90,124,214,329
07/09/2009,ADW,MD,AEA,EN,Towers with Radar,2,0,1,115,118,0,0,2,16,18,2,0,3,131,136,112,86,198,334
07/10/2009,ADW,MD,AEA,EN,Towers with Radar,0,5,5,72,82,0,0,4,5,9,0,5,9,77,91,78,72,150,241
07/11/2009,ADW,MD,AEA,EN,Towers with Radar,0,0,3,38,41,0,0,3,9,12,0,0,6,47,53,70,20,90,143
07/12/2009,ADW,MD,AEA,EN,Towers with Radar,2,2,5,66,75,0,0,2,1,3,2,2,7,67,78,66,52,118,196
07/13/2009,ADW,MD,AEA,EN,Towers with Radar,1,10,3,113,127,0,2,5,17,24,1,12,8,130,151,60,128,188,339
07/14/2009,ADW,MD,AEA,EN,Towers with Radar,7,4,2,119,132,0,0,2,11,13,7,4,4,130,145,24,144,168,313
07/15/2009,ADW,MD,AEA,EN,Towers with Radar,0,1,2,101,104,0,0,7,12,19,0,1,9,113,123,90,158,248,371
07/16/2009,ADW,MD,AEA,EN,Towers with Radar,3,0,0,88,91,0,2,0,20,22,3,2,0,108,113,12,42,54,167
07/17/2009,ADW,MD,AEA,EN,Towers with Radar,3,1,0,72,76,0,0,0,6,6,3,1,0,78,82,0,94,94,176
07/18/2009,ADW,MD,AEA,EN,Towers with Radar,2,7,3,57,69,0,0,3,3,6,2,7,6,60,75,44,134,178,253
07/19/2009,ADW,MD,AEA,EN,Towers with Radar,0,2,0,68,70,0,0,4,11,15,0,2,4,79,85,36,50,86,171
07/20/2009,ADW,MD,AEA,EN,Towers with Radar,0,5,0,94,99,0,0,0,20,20,0,5,0,114,119,8,188,196,315
07/21/2009,ADW,MD,AEA,EN,Towers with Radar,2,1,2,80,85,0,0,4,9,13,2,1,6,89,98,40,36,76,174
07/22/2009,ADW,MD,AEA,EN,Towers with Radar,3,4,3,105,115,0,0,2,22,24,3,4,5,127,139,32,216,248,387
07/23/2009,ADW,MD,AEA,EN,Towers with Radar,5,6,0,84,95,0,0,0,20,20,5,6,0,104,115,16,122,138,253
07/24/2009,ADW,MD,AEA,EN,Towers with Radar,3,2,2,143,150,0,0,0,6,6,3,2,2,149,156,36,212,248,404
07/25/2009,ADW,MD,AEA,EN,Towers with Radar,2,0,4,47,53,0,0,6,4,10,2,0,10,51,63,6,18,24,87
07/26/2009,ADW,MD,AEA,EN,Towers with Radar,0,0,2,36,38,0,0,2,4,6,0,0,4,40,44,42,14,56,100
07/27/2009,ADW,MD,AEA,EN,Towers with Radar,2,1,2,91,96,0,0,6,19,25,2,1,8,110,121,12,164,176,297
07/28/2009,ADW,MD,AEA,EN,Towers with Radar,2,6,1,107,116,0,0,3,13,16,2,6,4,120,132,76,158,234,366
07/29/2009,ADW,MD,AEA,EN,Towers with Radar,6,0,0,95,101,0,0,0,12,12,6,0,0,107,113,16,152,168,281
07/30/2009,ADW,MD,AEA,EN,Towers with Radar,2,6,0,132,140,0,1,5,5,11,2,7,5,137,151,66,210,276,427
07/31/2009,ADW,MD,AEA,EN,Towers with Radar,4,5,1,115,125,0,0,0,6,6,4,5,1,121,131,38,164,202,333
08/01/2009,ADW,MD,AEA,EN,Towers with Radar,0,6,4,51,61,0,0,2,12,14,0,6,6,63,75,8,124,132,207
08/02/2009,ADW,MD,AEA,EN,Towers with Radar,4,2,5,64,75,0,0,1,4,5,4,2,6,68,80,48,34,82,162
08/03/2009,ADW,MD,AEA,EN,Towers with Radar,3,6,2,146,157,0,0,3,11,14,3,6,5,157,171,38,330,368,539
08/04/2009,ADW,MD,AEA,EN,Towers with Radar,2,6,1,112,121,0,0,3,11,14,2,6,4,123,135,16,128,144,279
08/05/2009,ADW,MD,AEA,EN,Towers with Radar,4,2,0,130,136,0,0,2,18,20,4,2,2,148,156,112,194,306,462
08/06/2009,ADW,MD,AEA,EN,Towers with Radar,3,2,7,120,132,0,0,2,10,12,3,2,9,130,144,74,144,218,362
08/07/2009,ADW,MD,AEA,EN,Towers with Radar,0,1,1,75,77,0,0,4,5,9,0,1,5,80,86,60,76,136,222
08/08/2009,ADW,MD,AEA,EN,Towers with Radar,4,0,6,29,39,0,0,3,6,9,4,0,9,35,48,52,120,172,220
08/09/2009,ADW,MD,AEA,EN,Towers with Radar,1,0,0,34,35,0,0,4,4,8,1,0,4,38,43,48,76,124,167
08/10/2009,ADW,MD,AEA,EN,Towers with Radar,2,0,0,85,87,0,0,3,28,31,2,0,3,113,118,34,142,176,294
08/11/2009,ADW,MD,AEA,EN,Towers with Radar,4,0,2,115,121,0,0,1,11,12,4,0,3,126,133,80,162,242,375
08/12/2009,ADW,MD,AEA,EN,Towers with Radar,0,0,0,98,98,0,0,0,11,11,0,0,0,109,109,42,256,298,407
08/13/2009,ADW,MD,AEA,EN,Towers with Radar,3,0,3,144,150,0,2,1,11,14,3,2,4,155,164,18,220,238,402
08/14/2009,ADW,MD,AEA,EN,Towers with Radar,1,0,4,89,94,0,0,0,5,5,1,0,4,94,99,74,70,144,243
08/15/2009,ADW,MD,AEA,EN,Towers with Radar,9,2,4,44,59,0,0,2,4,6,9,2,6,48,65,10,10,20,85
08/16/2009,ADW,MD,AEA,EN,Towers with Radar,0,1,0,27,28,0,0,1,1,2,0,1,1,28,30,34,48,82,112
08/17/2009,ADW,MD,AEA,EN,Towers with Radar,6,5,0,81,92,0,0,6,10,16,6,5,6,91,108,94,80,174,282
08/18/2009,ADW,MD,AEA,EN,Towers with Radar,2,0,0,114,116,0,0,2,16,18,2,0,2,130,134,20,128,148,282
08/19/2009,ADW,MD,AEA,EN,Towers with Radar,1,1,3,106,111,0,0,4,12,16,1,1,7,118,127,12,164,176,303
08/20/2009,ADW,MD,AEA,EN,Towers with Radar,2,2,6,98,108,0,0,1,11,12,2,2,7,109,120,4,188,192,312
08/21/2009,ADW,MD,AEA,EN,Towers with Radar,1,0,2,89,92,0,2,0,2,4,1,2,2,91,96,42,118,160,256
08/22/2009,ADW,MD,AEA,EN,Towers with Radar,4,1,1,22,28,0,0,0,4,4,4,1,1,26,32,0,48,48,80
08/23/2009,ADW,MD,AEA,EN,Towers with Radar,1,1,2,30,34,0,0,1,8,9,1,1,3,38,43,0,108,108,151
08/24/2009,ADW,MD,AEA,EN,Towers with Radar,2,3,0,113,118,0,0,3,13,16,2,3,3,126,134,84,118,202,336
08/25/2009,ADW,MD,AEA,EN,Towers with Radar,0,0,1,140,141,0,0,2,18,20,0,0,3,158,161,64,202,266,427
08/26/2009,ADW,MD,AEA,EN,Towers with Radar,1,4,3,97,105,0,0,1,19,20,1,4,4,116,125,124,168,292,417
08/27/2009,ADW,MD,AEA,EN,Towers with Radar,2,4,1,113,120,0,0,7,16,23,2,4,8,129,143,76,186,262,405
08/28/2009,ADW,MD,AEA,EN,Towers with Radar,0,3,0,90,93,0,0,1,0,1,0,3,1,90,94,26,6,32,126
08/29/2009,ADW,MD,AEA,EN,Towers with Radar,3,2,1,53,59,0,0,1,2,3,3,2,2,55,62,12,24,36,98
08/30/2009,ADW,MD,AEA,EN,Towers with Radar,0,1,3,45,49,0,0,4,5,9,0,1,7,50,58,26,48,74,132
08/31/2009,ADW,MD,AEA,EN,Towers with Radar,0,6,2,119,127,0,0,4,28,32,0,6,6,147,159,24,206,230,389
09/01/2009,ADW,MD,AEA,EN,Towers with Radar,2,23,1,86,112,0,0,3,19,22,2,23,4,105,134,40,200,240,374
09/02/2009,ADW,MD,AEA,EN,Towers with Radar,0,4,1,134,139,0,0,3,11,14,0,4,4,145,153,166,208,374,527
09/03/2009,ADW,MD,AEA,EN,Towers with Radar,3,0,8,102,113,0,0,19,8,27,3,0,27,110,140,58,66,124,264
09/04/2009,ADW,MD,AEA,EN,Towers with Radar,1,0,4,47,52,0,0,2,4,6,1,0,6,51,58,84,30,114,172
09/05/2009,ADW,MD,AEA,EN,Towers with Radar,0,0,3,16,19,0,0,7,0,7,0,0,10,16,26,20,72,92,118
09/06/2009,ADW,MD,AEA,EN,Towers with Radar,2,2,2,25,31,0,0,0,5,5,2,2,2,30,36,16,26,42,78
09/07/2009,ADW,MD,AEA,EN,Towers with Radar,4,0,1,44,49,0,0,0,1,1,4,0,1,45,50,46,30,76,126
09/08/2009,ADW,MD,AEA,EN,Towers with Radar,4,6,0,95,105,0,1,1,11,13,4,7,1,106,118,84,102,186,304
09/09/2009,ADW,MD,AEA,EN,Towers with Radar,0,16,1,144,161,0,0,0,9,9,0,16,1,153,170,4,236,240,410
09/10/2009,ADW,MD,AEA,EN,Towers with Radar,2,12,4,140,158,0,1,4,16,21,2,13,8,156,179,0,238,238,417
09/11/2009,ADW,MD,AEA,EN,Towers with Radar,2,7,0,110,119,0,0,0,0,0,2,7,0,110,119,0,36,36,155
09/12/2009,ADW,MD,AEA,EN,Towers with Radar,4,1,2,60,67,0,0,3,2,5,4,1,5,62,72,56,84,140,212
09/13/2009,ADW,MD,AEA,EN,Towers with Radar,0,0,6,66,72,0,0,3,4,7,0,0,9,70,79,40,88,128,207
09/14/2009,ADW,MD,AEA,EN,Towers with Radar,6,0,10,118,134,0,0,6,13,19,6,0,16,131,153,114,288,402,555
09/15/2009,ADW,MD,AEA,EN,Towers with Radar,7,6,2,130,145,0,0,4,20,24,7,6,6,150,169,92,222,314,483
09/16/2009,ADW,MD,AEA,EN,Towers with Radar,2,1,0,112,115,0,0,0,8,8,2,1,0,120,123,12,86,98,221
09/17/2009,ADW,MD,AEA,EN,Towers with Radar,3,4,0,110,117,0,0,1,14,15,3,4,1,124,132,28,116,144,276
09/18/2009,ADW,MD,AEA,EN,Towers with Radar,4,1,3,110,118,0,0,5,2,7,4,1,8,112,125,146,124,270,395
09/19/2009,ADW,MD,AEA,EN,Towers with Radar,0,0,0,40,40,0,0,1,3,4,0,0,1,43,44,4,38,42,86
09/20/2009,ADW,MD,AEA,EN,Towers with Radar,3,2,4,48,57,0,0,4,5,9,3,2,8,53,66,6,22,28,94
09/21/2009,ADW,MD,AEA,EN,Towers with Radar,4,2,1,77,84,0,0,2,1,3,4,2,3,78,87,68,138,206,293
09/22/2009,ADW,MD,AEA,EN,Towers with Radar,2,0,1,109,112,0,0,0,5,5,2,0,1,114,117,12,98,110,227
09/23/2009,ADW,MD,AEA,EN,Towers with Radar,0,3,2,95,100,0,0,9,7,16,0,3,11,102,116,110,60,170,286
09/24/2009,ADW,MD,AEA,EN,Towers with Radar,3,6,3,138,150,0,2,8,5,15,3,8,11,143,165,140,140,280,445
09/25/2009,ADW,MD,AEA,EN,Towers with Radar,3,2,31,66,102,0,0,6,7,13,3,2,37,73,115,42,118,160,275
09/26/2009,ADW,MD,AEA,EN,Towers with Radar,0,2,0,32,34,0,0,6,0,6,0,2,6,32,40,66,2,68,108
09/27/2009,ADW,MD,AEA,EN,Towers with Radar,0,0,2,38,40,0,0,4,8,12,0,0,6,46,52,80,4,84,136
09/28/2009,ADW,MD,AEA,EN,Towers with Radar,1,10,12,97,120,0,0,6,6,12,1,10,18,103,132,80,116,196,328
09/29/2009,ADW,MD,AEA,EN,Towers with Radar,4,2,7,77,90,0,0,12,6,18,4,2,19,83,108,104,56,160,268
09/30/2009,ADW,MD,AEA,EN,Towers with Radar,7,0,13,72,92,0,0,9,13,22,7,0,22,85,114,66,104,170,284
10/01/2009,ADW,MD,AEA,EN,Towers with Radar,4,0,5,96,105,0,0,5,10,15,4,0,10,106,120,90,176,266,386
10/02/2009,ADW,MD,AEA,EN,Towers with Radar,1,0,6,115,122,0,0,8,12,20,1,0,14,127,142,108,96,204,346
10/03/2009,ADW,MD,AEA,EN,Towers with Radar,2,0,3,33,38,0,0,9,16,25,2,0,12,49,63,30,16,46,109
10/04/2009,ADW,MD,AEA,EN,Towers with Radar,4,0,0,47,51,0,0,6,8,14,4,0,6,55,65,48,42,90,155
10/05/2009,ADW,MD,AEA,EN,Towers with Radar,2,1,5,77,85,0,0,12,21,33,2,1,17,98,118,134,198,332,450
10/06/2009,ADW,MD,AEA,EN,Towers with Radar,2,1,18,102,123,0,0,4,25,29,2,1,22,127,152,140,230,370,522
10/07/2009,ADW,MD,AEA,EN,Towers with Radar,0,3,9,58,70,0,0,2,6,8,0,3,11,64,78,10,58,68,146
10/08/2009,ADW,MD,AEA,EN,Towers with Radar,3,2,13,108,126,0,1,7,20,28,3,3,20,128,154,68,216,284,438
10/09/2009,ADW,MD,AEA,EN,Towers with Radar,2,3,5,68,78,0,0,12,6,18,2,3,17,74,96,24,46,70,166
10/10/2009,ADW,MD,AEA,EN,Towers with Radar,0,2,2,22,26,0,0,7,6,13,0,2,9,28,39,0,36,36,75
10/11/2009,ADW,MD,AEA,EN,Towers with Radar,2,0,0,19,21,0,0,14,16,30,2,0,14,35,51,34,14,48,99
10/12/2009,ADW,MD,AEA,EN,Towers with Radar,2,0,2,33,37,0,0,8,10,18,2,0,10,43,55,100,44,144,199
10/13/2009,ADW,MD,AEA,EN,Towers with Radar,4,0,7,87,98,0,0,7,21,28,4,0,14,108,126,124,138,262,388
10/14/2009,ADW,MD,AEA,EN,Towers with Radar,2,3,2,83,90,0,0,5,16,21,2,3,7,99,111,12,94,106,217
10/15/2009,ADW,MD,AEA,EN,Towers with Radar,2,4,7,94,107,0,0,3,0,3,2,4,10,94,110,0,20,20,130
10/16/2009,ADW,MD,AEA,EN,Towers with Radar,1,4,7,71,83,0,0,0,0,0,1,4,7,71,83,0,0,0,83
10/17/2009,ADW,MD,AEA,EN,Towers with Radar,2,0,3,36,41,0,0,0,0,0,2,0,3,36,41,0,0,0,41
10/18/2009,ADW,MD,AEA,EN,Towers with Radar,2,0,1,64,67,0,0,0,10,10,2,0,1,74,77,26,98,124,201
10/19/2009,ADW,MD,AEA,EN,Towers with Radar,2,4,4,65,75,0,0,10,34,44,2,4,14,99,119,20,244,264,383
10/20/2009,ADW,MD,AEA,EN,Towers with Radar,0,2,19,123,144,0,1,7,52,60,0,3,26,175,204,88,186,274,478
10/21/2009,ADW,MD,AEA,EN,Towers with Radar,3,1,5,76,85,0,0,7,22,29,3,1,12,98,114,102,104,206,320
10/22/2009,ADW,MD,AEA,EN,Towers with Radar,5,5,15,96,121,0,0,5,51,56,5,5,20,147,177,96,204,300,477
10/23/2009,ADW,MD,AEA,EN,Towers with Radar,10,1,13,81,105,0,0,3,8,11,10,1,16,89,116,34,84,118,234
10/24/2009,ADW,MD,AEA,EN,Towers with Radar,10,2,1,35,48,0,0,3,15,18,10,2,4,50,66,16,32,48,114
10/25/2009,ADW,MD,AEA,EN,Towers with Radar,1,0,2,44,47,0,0,3,36,39,1,0,5,80,86,12,8,20,106
10/26/2009,ADW,MD,AEA,EN,Towers with Radar,2,0,4,87,93,0,0,6,46,52,2,0,10,133,145,210,108,318,463
10/27/2009,ADW,MD,AEA,EN,Towers with Radar,5,2,4,93,104,0,0,2,0,2,5,2,6,93,106,0,24,24,130
10/28/2009,ADW,MD,AEA,EN,Towers with Radar,0,2,6,87,95,0,0,5,45,50,0,2,11,132,145,90,162,252,397
10/29/2009,ADW,MD,AEA,EN,Towers with Radar,2,2,6,73,83,0,0,6,46,52,2,2,12,119,135,60,178,238,373
10/30/2009,ADW,MD,AEA,EN,Towers with Radar,0,9,11,87,107,0,0,0,13,13,0,9,11,100,120,36,112,148,268
10/31/2009,ADW,MD,AEA,EN,Towers with Radar,2,0,0,27,29,0,0,1,1,2,2,0,1,28,31,0,0,0,31
11/01/2009,ADW,MD,AEA,EN,Towers with Radar,0,3,0,55,58,0,0,8,14,22,0,3,8,69,80,52,36,88,168
11/02/2009,ADW,MD,AEA,EN,Towers with Radar,2,4,16,66,88,0,2,7,85,94,2,6,23,151,182,62,234,296,478
11/03/2009,ADW,MD,AEA,EN,Towers with Radar,3,10,21,128,162,0,2,5,47,54,3,12,26,175,216,58,248,306,522
11/04/2009,ADW,MD,AEA,EN,Towers with Radar,4,4,4,118,130,0,0,2,40,42,4,4,6,158,172,86,218,304,476
11/05/2009,ADW,MD,AEA,EN,Towers with Radar,2,4,13,113,132,0,0,5,49,54,2,4,18,162,186,6,164,170,356
11/06/2009,ADW,MD,AEA,EN,Towers with Radar,2,2,9,94,107,0,0,2,10,12,2,2,11,104,119,0,142,142,261
11/07/2009,ADW,MD,AEA,EN,Towers with Radar,13,0,8,44,65,0,0,9,36,45,13,0,17,80,110,4,60,64,174
11/08/2009,ADW,MD,AEA,EN,Towers with Radar,1,0,0,47,48,0,0,2,36,38,1,0,2,83,86,50,20,70,156
11/09/2009,ADW,MD,AEA,EN,Towers with Radar,1,0,11,92,104,0,0,2,75,77,1,0,13,167,181,0,180,180,361
11/10/2009,ADW,MD,AEA,EN,Towers with Radar,1,3,4,122,130,0,0,5,66,71,1,3,9,188,201,60,154,214,415
11/11/2009,ADW,MD,AEA,EN,Towers with Radar,3,0,3,36,42,0,0,0,9,9,3,0,3,45,51,0,76,76,127
11/12/2009,ADW,MD,AEA,EN,Towers with Radar,2,0,2,64,68,0,0,0,14,14,2,0,2,78,82,0,112,112,194
11/13/2009,ADW,MD,AEA,EN,Towers with Radar,0,6,2,67,75,0,0,2,4,6,0,6,4,71,81,0,42,42,123
11/14/2009,ADW,MD,AEA,EN,Towers with Radar,0,1,5,45,51,0,0,1,30,31,0,1,6,75,82,0,42,42,124
11/15/2009,ADW,MD,AEA,EN,Towers with Radar,1,1,1,44,47,0,0,10,23,33,1,1,11,67,80,34,42,76,156
11/16/2009,ADW,MD,AEA,EN,Towers with Radar,4,2,5,89,100,0,1,2,68,71,4,3,7,157,171,102,174,276,447
11/17/2009,ADW,MD,AEA,EN,Towers with Radar,1,1,9,122,133,0,0,10,66,76,1,1,19,188,209,22,126,148,357
11/18/2009,ADW,MD,AEA,EN,Towers with Radar,0,2,4,167,173,0,0,7,52,59,0,2,11,219,232,20,200,220,452
11/19/2009,ADW,MD,AEA,EN,Towers with Radar,4,0,4,75,83,0,0,1,0,1,4,0,5,75,84,0,2,2,86
11/20/2009,ADW,MD,AEA,EN,Towers with Radar,2,8,13,110,133,0,0,4,4,8,2,8,17,114,141,54,62,116,257
11/21/2009,ADW,MD,AEA,EN,Towers with Radar,0,0,1,65,66,0,0,7,16,23,0,0,8,81,89,0,0,0,89
11/22/2009,ADW,MD,AEA,EN,Towers with Radar,1,1,6,61,69,0,2,8,28,38,1,3,14,89,107,26,116,142,249
11/23/2009,ADW,MD,AEA,EN,Towers with Radar,0,0,4,93,97,0,0,5,5,10,0,0,9,98,107,44,100,144,251
11/24/2009,ADW,MD,AEA,EN,Towers with Radar,0,2,26,63,91,0,0,0,0,0,0,2,26,63,91,0,48,48,139
11/25/2009,ADW,MD,AEA,EN,Towers with Radar,2,0,10,35,47,0,0,1,3,4,2,0,11,38,51,122,20,142,193
11/26/2009,ADW,MD,AEA,EN,Towers with Radar,1,0,0,0,1,0,0,0,0,0,1,0,0,0,1,0,0,0,1
11/27/2009,ADW,MD,AEA,EN,Towers with Radar,0,0,1,13,14,0,0,7,6,13,0,0,8,19,27,92,16,108,135
11/28/2009,ADW,MD,AEA,EN,Towers with Radar,2,0,0,21,23,0,0,6,24,30,2,0,6,45,53,0,0,0,53
11/29/2009,ADW,MD,AEA,EN,Towers with Radar,1,0,1,33,35,0,0,6,15,21,1,0,7,48,56,0,16,16,72
11/30/2009,ADW,MD,AEA,EN,Towers with Radar,3,2,10,102,117,0,0,4,51,55,3,2,14,153,172,48,128,176,348
12/01/2009,ADW,MD,AEA,EN,Towers with Radar,5,0,5,124,134,0,0,12,56,68,5,0,17,180,202,130,116,246,448
12/02/2009,ADW,MD,AEA,EN,Towers with Radar,2,1,7,72,82,0,0,5,21,26,2,1,12,93,108,40,134,174,282
12/03/2009,ADW,MD,AEA,EN,Towers with Radar,1,4,9,100,114,0,0,5,58,63,1,4,14,158,177,84,154,238,415
12/04/2009,ADW,MD,AEA,EN,Towers with Radar,5,2,13,85,105,0,0,6,9,15,5,2,19,94,120,82,90,172,292
12/05/2009,ADW,MD,AEA,EN,Towers with Radar,0,0,1,26,27,0,0,0,1,1,0,0,1,27,28,0,0,0,28
12/06/2009,ADW,MD,AEA,EN,Towers with Radar,0,0,3,47,50,0,0,3,11,14,0,0,6,58,64,24,42,66,130
12/07/2009,ADW,MD,AEA,EN,Towers with Radar,1,4,5,83,93,0,0,2,68,70,1,4,7,151,163,34,194,228,391
12/08/2009,ADW,MD,AEA,EN,Towers with Radar,1,4,13,109,127,0,0,6,44,50,1,4,19,153,177,74,132,206,383
12/09/2009,ADW,MD,AEA,EN,Towers with Radar,6,6,6,73,91,0,0,1,2,3,6,6,7,75,94,14,60,74,168
12/10/2009,ADW,MD,AEA,EN,Towers with Radar,2,4,8,91,105,0,0,4,46,50,2,4,12,137,155,20,90,110,265
12/11/2009,ADW,MD,AEA,EN,Towers with Radar,2,2,12,94,110,0,0,5,9,14,2,2,17,103,124,50,56,106,230
12/12/2009,ADW,MD,AEA,EN,Towers with Radar,1,0,1,29,31,0,0,2,30,32,1,0,3,59,63,42,60,102,165
12/13/2009,ADW,MD,AEA,EN,Towers with Radar,1,0,7,21,29,0,0,0,6,6,1,0,7,27,35,0,4,4,39
12/14/2009,ADW,MD,AEA,EN,Towers with Radar,2,10,23,87,122,0,0,3,105,108,2,10,26,192,230,0,390,390,620
12/15/2009,ADW,MD,AEA,EN,Towers with Radar,1,0,13,95,109,0,0,3,50,53,1,0,16,145,162,56,146,202,364
12/16/2009,ADW,MD,AEA,EN,Towers with Radar,1,2,4,112,119,0,5,4,84,93,1,7,8,196,212,6,120,126,338
12/17/2009,ADW,MD,AEA,EN,Towers with Radar,1,0,0,97,98,0,0,5,112,117,1,0,5,209,215,6,176,182,397
12/18/2009,ADW,MD,AEA,EN,Towers with Radar,1,0,2,70,73,0,0,3,9,12,1,0,5,79,85,96,80,176,261
12/19/2009,ADW,MD,AEA,EN,Towers with Radar,0,0,0,5,5,0,0,0,0,0,0,0,0,5,5,0,0,0,5
12/20/2009,ADW,MD,AEA,EN,Towers with Radar,0,0,2,27,29,0,0,4,10,14,0,0,6,37,43,64,14,78,121
12/21/2009,ADW,MD,AEA,EN,Towers with Radar,0,0,2,31,33,0,0,1,13,14,0,0,3,44,47,12,20,32,79
12/22/2009,ADW,MD,AEA,EN,Towers with Radar,0,0,5,51,56,0,0,9,35,44,0,0,14,86,100,178,110,288,388
12/23/2009,ADW,MD,AEA,EN,Towers with Radar,0,0,10,42,52,0,0,2,37,39,0,0,12,79,91,40,110,150,241
12/24/2009,ADW,MD,AEA,EN,Towers with Radar,0,0,1,19,20,0,0,5,25,30,0,0,6,44,50,2,6,8,58
12/25/2009,ADW,MD,AEA,EN,Towers with Radar,0,0,0,4,4,0,0,0,0,0,0,0,0,4,4,0,0,0,4
12/26/2009,ADW,MD,AEA,EN,Towers with Radar,0,0,0,10,10,0,0,0,2,2,0,0,0,12,12,0,0,0,12
12/27/2009,ADW,MD,AEA,EN,Towers with Radar,0,1,0,12,13,0,0,1,7,8,0,1,1,19,21,18,0,18,39
12/28/2009,ADW,MD,AEA,EN,Towers with Radar,2,0,6,33,41,0,0,5,39,44,2,0,11,72,85,54,54,108,193
12/29/2009,ADW,MD,AEA,EN,Towers with Radar,0,4,4,27,35,0,0,4,22,26,0,4,8,49,61,80,46,126,187
12/30/2009,ADW,MD,AEA,EN,Towers with Radar,1,3,10,57,71,0,0,9,28,37,1,3,19,85,108,114,100,214,322
12/31/2009,ADW,MD,AEA,EN,Towers with Radar,0,0,0,11,11,0,0,0,0,0,0,0,0,11,11,0,0,0,11
01/01/2010,ADW,MD,AEA,EN,Towers with Radar,0,0,0,5,5,0,0,2,3,5,0,0,2,8,10,0,20,20,30
01/02/2010,ADW,MD,AEA,EN,Towers with Radar,0,0,0,7,7,0,0,0,1,1,0,0,0,8,8,20,0,20,28
01/03/2010,ADW,MD,AEA,EN,Towers with Radar,2,0,1,8,11,0,0,5,2,7,2,0,6,10,18,28,2,30,48
01/04/2010,ADW,MD,AEA,EN,Towers with Radar,1,0,6,76,83,0,0,2,51,53,1,0,8,127,136,28,100,128,264
01/05/2010,ADW,MD,AEA,EN,Towers with Radar,6,1,11,87,105,0,3,7,44,54,6,4,18,131,159,0,142,142,301
01/06/2010,ADW,MD,AEA,EN,Towers with Radar,2,0,8,107,117,0,0,5,43,48,2,0,13,150,165,50,74,124,289
01/07/2010,ADW,MD,AEA,EN,Towers with Radar,2,6,10,96,114,0,0,1,43,44,2,6,11,139,158,46,182,228,386
01/08/2010,ADW,MD,AEA,EN,Towers with Radar,1,7,12,44,64,0,0,3,20,23,1,7,15,64,87,54,14,68,155
01/09/2010,ADW,MD,AEA,EN,Towers with Radar,0,0,8,51,59,0,0,6,10,16,0,0,14,61,75,10,130,140,215
01/10/2010,ADW,MD,AEA,EN,Towers with Radar,1,0,0,71,72,0,0,3,39,42,1,0,3,110,114,106,138,244,358
01/11/2010,ADW,MD,AEA,EN,Towers with Radar,1,3,4,63,71,0,0,3,38,41,1,3,7,101,112,56,196,252,364
01/12/2010,ADW,MD,AEA,EN,Towers with Radar,0,2,12,85,99,0,0,6,40,46,0,2,18,125,145,78,88,166,311
01/13/2010,ADW,MD,AEA,EN,Towers with Radar,0,4,3,118,125,0,0,2,53,55,0,4,5,171,180,86,218,304,484
01/14/2010,ADW,MD,AEA,EN,Towers with Radar,4,3,8,100,115,0,0,6,61,67,4,3,14,161,182,0,0,0,182
01/15/2010,ADW,MD,AEA,EN,Towers with Radar,0,0,7,99,106,0,0,3,14,17,0,0,10,113,123,20,274,294,417
01/16/2010,ADW,MD,AEA,EN,Towers with Radar,0,5,1,50,56,0,0,6,9,15,0,5,7,59,71,70,108,178,249
01/17/2010,ADW,MD,AEA,EN,Towers with Radar,0,1,3,39,43,0,0,1,0,1,0,1,4,39,44,30,12,42,86
01/18/2010,ADW,MD,AEA,EN,Towers with Radar,0,1,10,32,43,0,0,5,26,31,0,1,15,58,74,86,108,194,268
01/19/2010,ADW,MD,AEA,EN,Towers with Radar,0,4,26,88,118,0,0,6,19,25,0,4,32,107,143,14,162,176,319
01/20/2010,ADW,MD,AEA,EN,Towers with Radar,0,5,12,76,93,0,0,3,61,64,0,5,15,137,157,98,122,220,377
01/21/2010,ADW,MD,AEA,EN,Towers with Radar,0,3,4,93,100,0,0,1,52,53,0,3,5,145,153,12,134,146,299
01/22/2010,ADW,MD,AEA,EN,Towers with Radar,4,1,4,85,94,0,0,8,7,15,4,1,12,92,109,48,70,118,227
01/23/2010,ADW,MD,AEA,EN,Towers with Radar,1,0,3,12,16,0,0,3,5,8,1,0,6,17,24,40,44,84,108
01/24/2010,ADW,MD,AEA,EN,Towers with Radar,0,0,1,21,22,0,0,2,0,2,0,0,3,21,24,24,6,30,54
01/25/2010,ADW,MD,AEA,EN,Towers with Radar,2,0,8,109,119,0,0,2,37,39,2,0,10,146,158,94,132,226,384
01/26/2010,ADW,MD,AEA,EN,Towers with Radar,3,7,15,136,161,0,0,5,68,73,3,7,20,204,234,60,352,412,646
01/27/2010,ADW,MD,AEA,EN,Towers with Radar,2,6,12,96,116,0,0,1,18,19,2,6,13,114,135,30,62,92,227
01/28/2010,ADW,MD,AEA,EN,Towers with Radar,6,2,11,73,92,0,0,7,45,52,6,2,18,118,144,104,46,150,294
01/29/2010,ADW,MD,AEA,EN,Towers with Radar,1,2,3,86,92,0,0,3,6,9,1,2,6,92,101,20,116,136,237
01/30/2010,ADW,MD,AEA,EN,Towers with Radar,0,0,0,17,17,0,0,1,10,11,0,0,1,27,28,20,16,36,64
01/31/2010,ADW,MD,AEA,EN,Towers with Radar,0,0,0,26,26,0,0,0,7,7,0,0,0,33,33,42,2,44,77
02/01/2010,ADW,MD,AEA,EN,Towers with Radar,5,0,10,64,79,0,0,3,37,40,5,0,13,101,119,114,54,168,287
02/02/2010,ADW,MD,AEA,EN,Towers with Radar,7,2,8,88,105,0,0,1,51,52,7,2,9,139,157,26,158,184,341
02/03/2010,ADW,MD,AEA,EN,Towers with Radar,9,0,12,69,90,0,0,1,32,33,9,0,13,101,123,54,86,140,263
02/04/2010,ADW,MD,AEA,EN,Towers with Radar,7,0,10,106,123,0,0,4,51,55,7,0,14,157,178,178,272,450,628
02/05/2010,ADW,MD,AEA,EN,Towers with Radar,0,0,2,56,58,0,0,3,7,10,0,0,5,63,68,22,34,56,124
02/06/2010,ADW,MD,AEA,EN,Towers with Radar,0,0,0,0,0,0,0,1,0,1,0,0,1,0,1,0,0,0,1
02/07/2010,ADW,MD,AEA,EN,Towers with Radar,0,0,0,21,21,0,0,4,5,9,0,0,4,26,30,0,2,2,32
02/08/2010,ADW,MD,AEA,EN,Towers with Radar,2,0,0,29,31,0,0,2,5,7,2,0,2,34,38,6,34,40,78
02/09/2010,ADW,MD,AEA,EN,Towers with Radar,0,0,0,33,33,0,0,3,0,3,0,0,3,33,36,54,12,66,102
02/10/2010,ADW,MD,AEA,EN,Towers with Radar,0,0,0,1,1,0,0,0,0,0,0,0,0,1,1,0,0,0,1
02/11/2010,ADW,MD,AEA,EN,Towers with Radar,4,0,1,28,33,0,0,5,0,5,4,0,6,28,38,18,80,98,136
02/12/2010,ADW,MD,AEA,EN,Towers with Radar,0,4,4,47,55,0,0,1,58,59,0,4,5,105,114,22,310,332,446
02/13/2010,ADW,MD,AEA,EN,Towers with Radar,0,0,0,22,22,0,0,3,28,31,0,0,3,50,53,36,160,196,249
02/14/2010,ADW,MD,AEA,EN,Towers with Radar,0,0,0,8,8,0,0,2,26,28,0,0,2,34,36,24,82,106,142
02/15/2010,ADW,MD,AEA,EN,Towers with Radar,0,0,3,29,32,0,0,1,30,31,0,0,4,59,63,32,68,100,163
02/16/2010,ADW,MD,AEA,EN,Towers with Radar,2,5,17,79,103,0,10,4,77,91,2,15,21,156,194,6,170,176,370
02/17/2010,ADW,MD,AEA,EN,Towers with Radar,2,1,3,105,111,0,0,4,57,61,2,1,7,162,172,74,176,250,422
02/18/2010,ADW,MD,AEA,EN,Towers with Radar,6,1,8,101,116,0,0,4,85,89,6,1,12,186,205,58,124,182,387
02/19/2010,ADW,MD,AEA,EN,Towers with Radar,3,0,5,100,108,0,0,7,23,30,3,0,12,123,138,158,104,262,400
02/20/2010,ADW,MD,AEA,EN,Towers with Radar,0,0,1,30,31,0,0,4,19,23,0,0,5,49,54,74,134,208,262
02/21/2010,ADW,MD,AEA,EN,Towers with Radar,1,1,0,51,53,0,0,2,11,13,1,1,2,62,66,52,84,136,202
02/22/2010,ADW,MD,AEA,EN,Towers with Radar,2,3,12,62,79,0,0,4,37,41,2,3,16,99,120,76,58,134,254
02/23/2010,ADW,MD,AEA,EN,Towers with Radar,0,1,2,55,58,0,0,3,33,36,0,1,5,88,94,36,32,68,162
02/24/2010,ADW,MD,AEA,EN,Towers with Radar,0,0,20,84,104,0,0,3,31,34,0,0,23,115,138,28,68,96,234
02/25/2010,ADW,MD,AEA,EN,Towers with Radar,3,3,5,37,48,0,0,0,22,22,3,3,5,59,70,116,56,172,242
02/26/2010,ADW,MD,AEA,EN,Towers with Radar,0,0,0,19,19,0,0,1,2,3,0,0,1,21,22,0,26,26,48
02/27/2010,ADW,MD,AEA,EN,Towers with Radar,2,2,4,29,37,0,0,7,26,33,2,2,11,55,70,30,44,74,144
02/28/2010,ADW,MD,AEA,EN,Towers with Radar,1,0,0,30,31,0,0,2,18,20,1,0,2,48,51,40,56,96,147
03/01/2010,ADW,MD,AEA,EN,Towers with Radar,4,1,0,55,60,0,0,4,52,56,4,1,4,107,116,66,140,206,322
03/02/2010,ADW,MD,AEA,EN,Towers with Radar,5,2,4,93,104,0,0,3,59,62,5,2,7,152,166,40,46,86,252
03/03/2010,ADW,MD,AEA,EN,Towers with Radar,0,14,9,63,86,0,0,2,59,61,0,14,11,122,147,0,218,218,365
03/04/2010,ADW,MD,AEA,EN,Towers with Radar,7,3,18,103,131,0,2,8,61,71,7,5,26,164,202,154,458,612,814
03/05/2010,ADW,MD,AEA,EN,Towers with Radar,1,1,17,79,98,0,0,7,19,26,1,1,24,98,124,132,146,278,402
03/06/2010,ADW,MD,AEA,EN,Towers with Radar,1,1,1,20,23,0,0,7,6,13,1,1,8,26,36,10,10,20,56
03/07/2010,ADW,MD,AEA,EN,Towers with Radar,3,2,0,47,52,0,4,5,9,18,3,6,5,56,70,26,20,46,116
03/08/2010,ADW,MD,AEA,EN,Towers with Radar,4,2,8,106,120,0,0,6,93,99,4,2,14,199,219,102,360,462,681
03/09/2010,ADW,MD,AEA,EN,Towers with Radar,1,0,10,82,93,0,0,5,56,61,1,0,15,138,154,112,238,350,504
03/10/2010,ADW,MD,AEA,EN,Towers with Radar,4,1,4,79,88,0,0,6,44,50,4,1,10,123,138,118,146,264,402
03/11/2010,ADW,MD,AEA,EN,Towers with Radar,6,1,18,88,113,0,0,1,61,62,6,1,19,149,175,38,186,224,399
03/12/2010,ADW,MD,AEA,EN,Towers with Radar,0,0,4,99,103,0,0,0,0,0,0,0,4,99,103,0,26,26,129
03/13/2010,ADW,MD,AEA,EN,Towers with Radar,1,0,2,30,33,0,0,0,0,0,1,0,2,30,33,0,0,0,33
03/14/2010,ADW,MD,AEA,EN,Towers with Radar,2,1,11,33,47,0,0,0,2,2,2,1,11,35,49,0,12,12,61
03/15/2010,ADW,MD,AEA,EN,Towers with Radar,2,4,7,82,95,0,0,6,35,41,2,4,13,117,136,4,174,178,314
03/16/2010,ADW,MD,AEA,EN,Towers with Radar,0,4,28,95,127,2,0,3,57,62,2,4,31,152,189,88,202,290,479
03/17/2010,ADW,MD,AEA,EN,Towers with Radar,2,0,33,97,132,0,0,9,58,67,2,0,42,155,199,78,198,276,475
03/18/2010,ADW,MD,AEA,EN,Towers with Radar,2,2,10,121,135,0,0,2,56,58,2,2,12,177,193,150,214,364,557
03/19/2010,ADW,MD,AEA,EN,Towers with Radar,2,0,5,84,91,0,0,8,6,14,2,0,13,90,105,112,90,202,307
03/20/2010,ADW,MD,AEA,EN,Towers with Radar,0,1,0,17,18,0,0,11,32,43,0,1,11,49,61,26,38,64,125
03/21/2010,ADW,MD,AEA,EN,Towers with Radar,1,1,0,36,38,0,0,3,17,20,1,1,3,53,58,48,52,100,158
03/22/2010,ADW,MD,AEA,EN,Towers with Radar,6,0,6,60,72,0,0,0,29,29,6,0,6,89,101,86,82,168,269
03/23/2010,ADW,MD,AEA,EN,Towers with Radar,0,1,14,83,98,0,0,7,28,35,0,1,21,111,133,26,118,144,277
03/24/2010,ADW,MD,AEA,EN,Towers with Radar,8,0,5,78,91,0,0,4,44,48,8,0,9,122,139,70,88,158,297
03/25/2010,ADW,MD,AEA,EN,Towers with Radar,9,0,9,92,110,0,0,8,71,79,9,0,17,163,189,178,152,330,519
03/26/2010,ADW,MD,AEA,EN,Towers with Radar,3,1,1,65,70,0,0,3,5,8,3,1,4,70,78,86,38,124,202
03/27/2010,ADW,MD,AEA,EN,Towers with Radar,1,0,3,39,43,0,0,6,8,14,1,0,9,47,57,138,80,218,275
03/28/2010,ADW,MD,AEA,EN,Towers with Radar,0,0,0,20,20,0,0,1,1,2,0,0,1,21,22,34,0,34,56
03/29/2010,ADW,MD,AEA,EN,Towers with Radar,1,0,4,69,74,0,0,1,32,33,1,0,5,101,107,16,68,84,191
03/30/2010,ADW,MD,AEA,EN,Towers with Radar,4,5,3,69,81,0,0,6,33,39,4,5,9,102,120,24,112,136,256
03/31/2010,ADW,MD,AEA,EN,Towers with Radar,2,1,6,93,102,0,0,6,38,44,2,1,12,131,146,98,102,200,346
04/01/2010,ADW,MD,AEA,EN,Towers with Radar,4,3,4,75,86,0,0,4,36,40,4,3,8,111,126,174,34,208,334
04/02/2010,ADW,MD,AEA,EN,Towers with Radar,5,2,5,77,89,0,0,7,28,35,5,2,12,105,124,134,60,194,318
04/03/2010,ADW,MD,AEA,EN,Towers with Radar,0,0,1,14,15,0,0,6,10,16,0,0,7,24,31,4,30,34,65
04/04/2010,ADW,MD,AEA,EN,Towers with Radar,0,0,1,15,16,0,0,2,7,9,0,0,3,22,25,82,12,94,119
04/05/2010,ADW,MD,AEA,EN,Towers with Radar,0,0,6,82,88,0,0,4,55,59,0,0,10,137,147,50,166,216,363
04/06/2010,ADW,MD,AEA,EN,Towers with Radar,6,5,2,119,132,0,0,3,61,64,6,5,5,180,196,94,214,308,504
04/07/2010,ADW,MD,AEA,EN,Towers with Radar,1,1,0,77,79,0,0,9,1,10,1,1,9,78,89,34,32,66,155
04/08/2010,ADW,MD,AEA,EN,Towers with Radar,5,3,0,108,116,0,0,6,59,65,5,3,6,167,181,102,172,274,455
04/09/2010,ADW,MD,AEA,EN,Towers with Radar,2,3,2,75,82,1,0,6,40,47,3,3,8,115,129,98,78,176,305
04/10/2010,ADW,MD,AEA,EN,Towers with Radar,2,1,4,18,25,0,0,3,12,15,2,1,7,30,40,90,2,92,132
04/11/2010,ADW,MD,AEA,EN,Towers with Radar,5,0,3,34,42,0,0,2,9,11,5,0,5,43,53,72,10,82,135
04/12/2010,ADW,MD,AEA,EN,Towers with Radar,11,3,5,31,50,0,0,1,14,15,11,3,6,45,65,0,0,0,65
04/13/2010,ADW,MD,AEA,EN,Towers with Radar,14,4,4,44,66,0,0,1,14,15,14,4,5,58,81,0,0,0,81
04/14/2010,ADW,MD,AEA,EN,Towers with Radar,12,2,12,58,84,0,0,4,28,32,12,2,16,86,116,24,70,94,210
04/15/2010,ADW,MD,AEA,EN,Towers with Radar,1,3,8,95,107,0,6,11,34,51,1,9,19,129,158,110,160,270,428
04/16/2010,ADW,MD,AEA,EN,Towers with Radar,1,2,6,104,113,0,0,3,3,6,1,2,9,107,119,60,62,122,241
04/17/2010,ADW,MD,AEA,EN,Towers with Radar,0,1,0,31,32,0,0,9,18,27,0,1,9,49,59,62,42,104,163
04/18/2010,ADW,MD,AEA,EN,Towers with Radar,1,0,0,41,42,0,0,3,11,14,1,0,3,52,56,18,56,74,130
04/19/2010,ADW,MD,AEA,EN,Towers with Radar,2,0,6,65,73,0,0,3,39,42,2,0,9,104,115,2,102,104,219
04/20/2010,ADW,MD,AEA,EN,Towers with Radar,4,2,7,81,94,0,0,4,59,63,4,2,11,140,157,52,154,206,363
04/21/2010,ADW,MD,AEA,EN,Towers with Radar,1,0,10,68,79,0,0,0,20,20,1,0,10,88,99,12,60,72,171
04/22/2010,ADW,MD,AEA,EN,Towers with Radar,4,1,6,113,124,0,4,4,51,59,4,5,10,164,183,36,228,264,447
04/23/2010,ADW,MD,AEA,EN,Towers with Radar,1,2,7,69,79,0,0,6,23,29,1,2,13,92,108,10,140,150,258
04/24/2010,ADW,MD,AEA,EN,Towers with Radar,3,2,5,55,65,0,0,5,14,19,3,2,10,69,84,128,58,186,270
04/25/2010,ADW,MD,AEA,EN,Towers with Radar,0,4,1,83,88,0,0,4,10,14,0,4,5,93,102,92,52,144,246
04/26/2010,ADW,MD,AEA,EN,Towers with Radar,4,1,4,54,63,0,0,0,1,1,4,1,4,55,64,0,0,0,64
04/27/2010,ADW,MD,AEA,EN,Towers with Radar,4,0,4,75,83,0,0,4,12,16,4,0,8,87,99,14,148,162,261
04/28/2010,ADW,MD,AEA,EN,Towers with Radar,4,0,13,76,93,0,0,5,42,47,4,0,18,118,140,38,40,78,218
04/29/2010,ADW,MD,AEA,EN,Towers with Radar,4,5,11,103,123,0,3,5,8,16,4,8,16,111,139,106,132,238,377
04/30/2010,ADW,MD,AEA,EN,Towers with Radar,6,2,10,79,97,0,0,4,3,7,6,2,14,82,104,124,114,238,342
05/01/2010,ADW,MD,AEA,EN,Towers with Radar,4,2,0,41,47,0,0,9,10,19,4,2,9,51,66,6,102,108,174
05/02/2010,ADW,MD,AEA,EN,Towers with Radar,0,2,0,35,37,0,0,8,16,24,0,2,8,51,61,68,36,104,165
05/03/2010,ADW,MD,AEA,EN,Towers with Radar,5,3,8,63,79,0,1,4,50,55,5,4,12,113,134,46,212,258,392
05/04/2010,ADW,MD,AEA,EN,Towers with Radar,2,4,11,60,77,0,0,8,39,47,2,4,19,99,124,4,58,62,186
05/05/2010,ADW,MD,AEA,EN,Towers with Radar,1,0,20,78,99,0,0,8,47,55,1,0,28,125,154,92,170,262,416
05/06/2010,ADW,MD,AEA,EN,Towers with Radar,3,2,10,99,114,0,0,5,39,44,3,2,15,138,158,70,124,194,352
05/07/2010,ADW,MD,AEA,EN,Towers with Radar,2,0,6,97,105,0,0,4,19,23,2,0,10,116,128,8,178,186,314
05/08/2010,ADW,MD,AEA,EN,Towers with Radar,1,0,0,30,31,0,0,1,4,5,1,0,1,34,36,0,10,10,46
05/09/2010,ADW,MD,AEA,EN,Towers with Radar,0,0,0,34,34,0,0,5,25,30,0,0,5,59,64,88,64,152,216
05/10/2010,ADW,MD,AEA,EN,Towers with Radar,2,0,10,70,82,0,0,4,78,82,2,0,14,148,164,38,218,256,420
05/11/2010,ADW,MD,AEA,EN,Towers with Radar,0,0,7,90,97,0,0,5,59,64,0,0,12,149,161,12,50,62,223
05/12/2010,ADW,MD,AEA,EN,Towers with Radar,0,2,22,130,154,0,0,32,49,81,0,2,54,179,235,12,304,316,551
05/13/2010,ADW,MD,AEA,EN,Towers with Radar,2,1,11,67,81,0,1,33,5,39,2,2,44,72,120,60,454,514,634
05/14/2010,ADW,MD,AEA,EN,Towers with Radar,0,1,3,14,18,0,1,47,8,56,0,2,50,22,74,366,90,456,530
05/15/2010,ADW,MD,AEA,EN,Towers with Radar,0,0,0,8,8,0,0,26,21,47,0,0,26,29,55,388,668,1056,1111
05/16/2010,ADW,MD,AEA,EN,Towers with Radar,0,1,4,12,17,0,0,36,16,52,0,1,40,28,69,410,548,958,1027
05/17/2010,ADW,MD,AEA,EN,Towers with Radar,0,3,16,112,131,0,1,14,10,25,0,4,30,122,156,40,28,68,224
05/18/2010,ADW,MD,AEA,EN,Towers with Radar,1,3,2,81,87,0,0,2,20,22,1,3,4,101,109,0,34,34,143
05/19/2010,ADW,MD,AEA,EN,Towers with Radar,4,6,36,84,130,0,0,7,38,45,4,6,43,122,175,184,84,268,443
05/20/2010,ADW,MD,AEA,EN,Towers with Radar,3,8,14,112,137,0,0,9,37,46,3,8,23,149,183,130,216,346,529
05/21/2010,ADW,MD,AEA,EN,Towers with Radar,0,5,9,98,112,0,0,7,31,38,0,5,16,129,150,2,284,286,436
05/22/2010,ADW,MD,AEA,EN,Towers with Radar,6,5,5,56,72,0,0,6,1,7,6,5,11,57,79,58,22,80,159
05/23/2010,ADW,MD,AEA,EN,Towers with Radar,0,2,2,58,62,0,0,4,9,13,0,2,6,67,75,2,16,18,93
05/24/2010,ADW,MD,AEA,EN,Towers with Radar,3,0,15,69,87,0,0,8,22,30,3,0,23,91,117,70,74,144,261
05/25/2010,ADW,MD,AEA,EN,Towers with Radar,0,3,12,103,118,0,0,7,68,75,0,3,19,171,193,56,210,266,459
05/26/2010,ADW,MD,AEA,EN,Towers with Radar,2,2,14,116,134,0,0,6,51,57,2,2,20,167,191,82,190,272,463
05/27/2010,ADW,MD,AEA,EN,Towers with Radar,2,0,7,94,103,0,0,5,30,35,2,0,12,124,138,100,70,170,308
05/28/2010,ADW,MD,AEA,EN,Towers with Radar,1,3,1,83,88,0,0,4,14,18,1,3,5,97,106,0,96,96,202
05/29/2010,ADW,MD,AEA,EN,Towers with Radar,2,1,0,15,18,0,0,7,11,18,2,1,7,26,36,12,22,34,70
05/30/2010,ADW,MD,AEA,EN,Towers with Radar,1,2,0,13,16,0,0,11,29,40,1,2,11,42,56,113,94,207,263
05/31/2010,ADW,MD,AEA,EN,Towers with Radar,1,0,1,30,32,0,0,6,11,17,1,0,7,41,49,38,38,76,125
06/01/2010,ADW,MD,AEA,EN,Towers with Radar,0,2,9,83,94,0,0,4,38,42,0,2,13,121,136,78,182,260,396
06/02/2010,ADW,MD,AEA,EN,Towers with Radar,3,0,4,111,118,0,0,3,37,40,3,0,7,148,158,74,126,200,358
06/03/2010,ADW,MD,AEA,EN,Towers with Radar,2,0,10,87,99,0,0,4,35,39,2,0,14,122,138,52,96,148,286
06/04/2010,ADW,MD,AEA,EN,Towers with Radar,0,0,0,85,85,0,0,3,13,16,0,0,3,98,101,94,34,128,229
06/05/2010,ADW,MD,AEA,EN,Towers with Radar,2,0,5,42,49,0,0,7,12,19,2,0,12,54,68,2,54,56,124
06/06/2010,ADW,MD,AEA,EN,Towers with Radar,0,1,0,63,64,0,0,2,8,10,0,1,2,71,74,128,42,170,244
06/07/2010,ADW,MD,AEA,EN,Towers with Radar,2,0,10,49,61,0,0,5,35,40,2,0,15,84,101,26,60,86,187
06/08/2010,ADW,MD,AEA,EN,Towers with Radar,2,1,8,105,116,0,0,7,43,50,2,1,15,148,166,40,236,276,442
06/09/2010,ADW,MD,AEA,EN,Towers with Radar,3,2,12,92,109,0,0,4,35,39,3,2,16,127,148,0,60,60,208
06/10/2010,ADW,MD,AEA,EN,Towers with Radar,2,1,6,91,100,0,0,0,63,63,2,1,6,154,163,62,114,176,339
06/11/2010,ADW,MD,AEA,EN,Towers with Radar,1,3,8,97,109,0,0,12,10,22,1,3,20,107,131,34,116,150,281
06/12/2010,ADW,MD,AEA,EN,Towers with Radar,1,3,10,20,34,0,0,3,15,18,1,3,13,35,52,36,32,68,120
06/13/2010,ADW,MD,AEA,EN,Towers with Radar,2,3,1,53,59,0,0,2,32,34,2,3,3,85,93,54,96,150,243
06/14/2010,ADW,MD,AEA,EN,Towers with Radar,6,3,8,102,119,0,0,5,62,67,6,3,13,164,186,48,174,222,408
06/15/2010,ADW,MD,AEA,EN,Towers with Radar,3,2,8,89,102,0,0,6,49,55,3,2,14,138,157,106,124,230,387
06/16/2010,ADW,MD,AEA,EN,Towers with Radar,1,3,45,79,128,0,0,4,37,41,1,3,49,116,169,22,182,204,373
06/17/2010,ADW,MD,AEA,EN,Towers with Radar,4,7,3,73,87,0,0,2,44,46,4,7,5,117,133,160,108,268,401
06/18/2010,ADW,MD,AEA,EN,Towers with Radar,0,1,9,81,91,0,0,7,26,33,0,1,16,107,124,102,92,194,318
06/19/2010,ADW,MD,AEA,EN,Towers with Radar,1,4,1,20,26,0,0,7,7,14,1,4,8,27,40,254,14,268,308
06/20/2010,ADW,MD,AEA,EN,Towers with Radar,1,1,0,30,32,0,0,8,7,15,1,1,8,37,47,0,12,12,59
06/21/2010,ADW,MD,AEA,EN,Towers with Radar,4,2,17,89,112,0,0,8,45,53,4,2,25,134,165,20,120,140,305
06/22/2010,ADW,MD,AEA,EN,Towers with Radar,3,3,10,101,117,0,0,2,57,59,3,3,12,158,176,4,72,76,252
06/23/2010,ADW,MD,AEA,EN,Towers with Radar,6,2,25,103,136,0,0,8,40,48,6,2,33,143,184,84,410,494,678
06/24/2010,ADW,MD,AEA,EN,Towers with Radar,10,5,8,103,126,0,0,9,35,44,10,5,17,138,170,34,146,180,350
06/25/2010,ADW,MD,AEA,EN,Towers with Radar,3,0,1,88,92,0,0,6,30,36,3,0,7,118,128,46,158,204,332
06/26/2010,ADW,MD,AEA,EN,Towers with Radar,1,0,0,31,32,0,2,3,5,10,1,2,3,36,42,62,100,162,204
06/27/2010,ADW,MD,AEA,EN,Towers with Radar,1,3,0,38,42,0,0,3,8,11,1,3,3,46,53,50,74,124,177
06/28/2010,ADW,MD,AEA,EN,Towers with Radar,7,2,6,100,115,0,0,2,30,32,7,2,8,130,147,94,194,288,435
06/29/2010,ADW,MD,AEA,EN,Towers with Radar,0,1,2,95,98,0,0,5,27,32,0,1,7,122,130,0,156,156,286
06/30/2010,ADW,MD,AEA,EN,Towers with Radar,0,3,0,98,101,0,2,8,30,40,0,5,8,128,141,38,54,92,233
07/01/2010,ADW,MD,AEA,EN,Towers with Radar,3,2,10,70,85,0,0,11,53,64,3,2,21,123,149,112,162,274,423
07/02/2010,ADW,MD,AEA,EN,Towers with Radar,0,0,0,62,62,0,0,6,8,14,0,0,6,70,76,70,102,172,248
07/03/2010,ADW,MD,AEA,EN,Towers with Radar,0,0,0,18,18,0,0,2,8,10,0,0,2,26,28,72,20,92,120
07/04/2010,ADW,MD,AEA,EN,Towers with Radar,0,0,0,12,12,0,0,7,4,11,0,0,7,16,23,0,64,64,87
07/05/2010,ADW,MD,AEA,EN,Towers with Radar,0,0,1,22,23,0,0,0,8,8,0,0,1,30,31,102,0,102,133
07/06/2010,ADW,MD,AEA,EN,Towers with Radar,5,0,11,91,107,0,0,8,43,51,5,0,19,134,158,42,132,174,332
07/07/2010,ADW,MD,AEA,EN,Towers with Radar,3,2,7,79,91,0,0,4,38,42,3,2,11,117,133,60,32,92,225
07/08/2010,ADW,MD,AEA,EN,Towers with Radar,2,1,0,86,89,0,0,3,59,62,2,1,3,145,151,79,98,177,328
07/09/2010,ADW,MD,AEA,EN,Towers with Radar,5,0,8,111,124,0,0,4,39,43,5,0,12,150,167,40,182,222,389
07/10/2010,ADW,MD,AEA,EN,Towers with Radar,0,0,0,20,20,0,0,7,2,9,0,0,7,22,29,32,72,104,133
07/11/2010,ADW,MD,AEA,EN,Towers with Radar,2,0,2,35,39,0,0,3,10,13,2,0,5,45,52,156,24,180,232
07/12/2010,ADW,MD,AEA,EN,Towers with Radar,0,0,4,67,71,0,0,5,52,57,0,0,9,119,128,10,154,164,292
07/13/2010,ADW,MD,AEA,EN,Towers with Radar,2,12,24,62,100,0,0,4,16,20,2,12,28,78,120,0,102,102,222
07/14/2010,ADW,MD,AEA,EN,Towers with Radar,2,1,6,63,72,0,0,3,32,35,2,1,9,95,107,0,4,4,111
07/15/2010,ADW,MD,AEA,EN,Towers with Radar,0,6,6,77,89,0,0,2,47,49,0,6,8,124,138,140,64,204,342
07/16/2010,ADW,MD,AEA,EN,Towers with Radar,0,0,18,77,95,0,0,1,29,30,0,0,19,106,125,138,204,342,467
07/17/2010,ADW,MD,AEA,EN,Towers with Radar,2,0,0,34,36,0,0,2,28,30,2,0,2,62,66,0,32,32,98
07/18/2010,ADW,MD,AEA,EN,Towers with Radar,0,0,2,50,52,0,0,7,11,18,0,0,9,61,70,14,132,146,216
07/19/2010,ADW,MD,AEA,EN,Towers with Radar,0,1,4,48,53,0,0,5,55,60,0,1,9,103,113,0,90,90,203
07/20/2010,ADW,MD,AEA,EN,Towers with Radar,2,0,6,62,70,0,0,3,56,59,2,0,9,118,129,28,132,160,289
07/21/2010,ADW,MD,AEA,EN,Towers with Radar,2,0,6,62,70,0,0,2,55,57,2,0,8,117,127,48,348,396,523
07/22/2010,ADW,MD,AEA,EN,Towers with Radar,2,0,6,79,87,0,0,3,65,68,2,0,9,144,155,138,238,376,531
07/23/2010,ADW,MD,AEA,EN,Towers with Radar,2,0,15,97,114,0,0,5,8,13,2,0,20,105,127,88,240,328,455
07/24/2010,ADW,MD,AEA,EN,Towers with Radar,1,2,0,32,35,0,0,4,18,22,1,2,4,50,57,32,14,46,103
07/25/2010,ADW,MD,AEA,EN,Towers with Radar,0,0,4,32,36,0,0,7,8,15,0,0,11,40,51,96,10,106,157
07/26/2010,ADW,MD,AEA,EN,Towers with Radar,2,4,20,58,84,0,0,5,41,46,2,4,25,99,130,90,176,266,396
07/27/2010,ADW,MD,AEA,EN,Towers with Radar,3,2,9,89,103,0,0,5,36,41,3,2,14,125,144,50,100,150,294
07/28/2010,ADW,MD,AEA,EN,Towers with Radar,1,1,10,108,120,0,0,10,45,55,1,1,20,153,175,114,198,312,487
07/29/2010,ADW,MD,AEA,EN,Towers with Radar,2,1,5,98,106,0,0,5,45,50,2,1,10,143,156,2,144,146,302
07/30/2010,ADW,MD,AEA,EN,Towers with Radar,2,1,1,85,89,0,0,6,58,64,2,1,7,143,153,166,134,300,453
07/31/2010,ADW,MD,AEA,EN,Towers with Radar,2,0,2,45,49,0,0,3,8,11,2,0,5,53,60,60,12,72,132
08/01/2010,ADW,MD,AEA,EN,Towers with Radar,0,0,0,28,28,0,0,3,16,19,0,0,3,44,47,70,66,136,183
08/02/2010,ADW,MD,AEA,EN,Towers with Radar,2,1,12,76,91,0,0,5,52,57,2,1,17,128,148,46,128,174,322
08/03/2010,ADW,MD,AEA,EN,Towers with Radar,1,4,6,72,83,0,0,6,36,42,1,4,12,108,125,74,104,178,303
08/04/2010,ADW,MD,AEA,EN,Towers with Radar,0,13,6,70,89,0,0,5,35,40,0,13,11,105,129,32,130,162,291
08/05/2010,ADW,MD,AEA,EN,Towers with Radar,1,2,4,89,96,0,0,2,45,47,1,2,6,134,143,68,224,292,435
08/06/2010,ADW,MD,AEA,EN,Towers with Radar,0,0,6,96,102,0,0,2,2,4,0,0,8,98,106,90,112,202,308
08/07/2010,ADW,MD,AEA,EN,Towers with Radar,4,1,1,42,48,0,0,7,26,33,4,1,8,68,81,20,92,112,193
08/08/2010,ADW,MD,AEA,EN,Towers with Radar,2,1,0,33,36,0,0,4,15,19,2,1,4,48,55,60,10,70,125
08/09/2010,ADW,MD,AEA,EN,Towers with Radar,0,4,8,83,95,0,0,5,57,62,0,4,13,140,157,26,208,234,391
08/10/2010,ADW,MD,AEA,EN,Towers with Radar,0,3,20,66,89,0,0,4,39,43,0,3,24,105,132,84,120,204,336
08/11/2010,ADW,MD,AEA,EN,Towers with Radar,0,4,9,95,108,0,0,4,18,22,0,4,13,113,130,24,88,112,242
08/12/2010,ADW,MD,AEA,EN,Towers with Radar,2,1,8,78,89,0,0,3,43,46,2,1,11,121,135,8,216,224,359
08/13/2010,ADW,MD,AEA,EN,Towers with Radar,1,1,6,85,93,0,0,2,42,44,1,1,8,127,137,152,194,346,483
08/14/2010,ADW,MD,AEA,EN,Towers with Radar,3,2,12,38,55,0,0,4,12,16,3,2,16,50,71,82,180,262,333
08/15/2010,ADW,MD,AEA,EN,Towers with Radar,1,0,0,35,36,0,0,4,5,9,1,0,4,40,45,34,2,36,81
08/16/2010,ADW,MD,AEA,EN,Towers with Radar,1,10,13,69,93,0,0,2,40,42,1,10,15,109,135,52,120,172,307
08/17/2010,ADW,MD,AEA,EN,Towers with Radar,2,0,7,91,100,0,0,5,26,31,2,0,12,117,131,42,98,140,271
08/18/2010,ADW,MD,AEA,EN,Towers with Radar,3,6,5,72,86,0,0,2,4,6,3,6,7,76,92,0,14,14,106
08/19/2010,ADW,MD,AEA,EN,Towers with Radar,3,5,18,82,108,0,0,2,60,62,3,5,20,142,170,98,256,354,524
08/20/2010,ADW,MD,AEA,EN,Towers with Radar,1,4,10,90,105,0,0,6,14,20,1,4,16,104,125,112,162,274,399
08/21/2010,ADW,MD,AEA,EN,Towers with Radar,0,1,0,17,18,0,0,6,10,16,0,1,6,27,34,54,10,64,98
08/22/2010,ADW,MD,AEA,EN,Towers with Radar,1,0,1,34,36,0,0,4,14,18,1,0,5,48,54,80,36,116,170
08/23/2010,ADW,MD,AEA,EN,Towers with Radar,1,10,25,74,110,0,0,1,14,15,1,10,26,88,125,58,232,290,415
08/24/2010,ADW,MD,AEA,EN,Towers with Radar,0,3,8,78,89,0,0,2,63,65,0,3,10,141,154,32,140,172,326
08/25/2010,ADW,MD,AEA,EN,Towers with Radar,0,1,10,83,94,0,0,3,28,31,0,1,13,111,125,24,72,96,221
08/26/2010,ADW,MD,AEA,EN,Towers with Radar,0,2,5,84,91,0,0,5,77,82,0,2,10,161,173,74,200,274,447
08/27/2010,ADW,MD,AEA,EN,Towers with Radar,0,2,2,86,90,0,0,5,42,47,0,2,7,128,137,64,164,228,365
08/28/2010,ADW,MD,AEA,EN,Towers with Radar,2,1,0,17,20,0,0,7,20,27,2,1,7,37,47,60,74,134,181
08/29/2010,ADW,MD,AEA,EN,Towers with Radar,4,1,0,57,62,0,0,4,10,14,4,1,4,67,76,14,66,80,156
08/30/2010,ADW,MD,AEA,EN,Towers with Radar,2,0,6,83,91,0,0,6,41,47,2,0,12,124,138,56,104,160,298
08/31/2010,ADW,MD,AEA,EN,Towers with Radar,2,0,9,98,109,0,0,7,66,73,2,0,16,164,182,70,158,228,410
09/01/2010,ADW,MD,AEA,EN,Towers with Radar,1,0,5,65,71,0,0,6,33,39,1,0,11,98,110,72,158,230,340
09/02/2010,ADW,MD,AEA,EN,Towers with Radar,1,0,11,90,102,0,0,5,19,24,1,0,16,109,126,78,112,190,316
09/03/2010,ADW,MD,AEA,EN,Towers with Radar,1,1,1,33,36,0,0,1,16,17,1,1,2,49,53,0,36,36,89
09/04/2010,ADW,MD,AEA,EN,Towers with Radar,2,0,1,17,20,0,0,4,5,9,2,0,5,22,29,8,40,48,77
09/05/2010,ADW,MD,AEA,EN,Towers with Radar,0,0,0,11,11,0,0,7,9,16,0,0,7,20,27,82,2,84,111
09/06/2010,ADW,MD,AEA,EN,Towers with Radar,0,0,0,31,31,0,0,6,6,12,0,0,6,37,43,44,16,60,103
09/07/2010,ADW,MD,AEA,EN,Towers with Radar,0,0,7,106,113,0,0,4,50,54,0,0,11,156,167,80,178,258,425
09/08/2010,ADW,MD,AEA,EN,Towers with Radar,0,0,10,116,126,0,0,10,41,51,0,0,20,157,177,104,198,302,479
09/09/2010,ADW,MD,AEA,EN,Towers with Radar,0,4,21,91,116,0,0,5,37,42,0,4,26,128,158,124,174,298,456
09/10/2010,ADW,MD,AEA,EN,Towers with Radar,1,1,26,70,98,0,0,4,17,21,1,1,30,87,119,74,196,270,389
09/11/2010,ADW,MD,AEA,EN,Towers with Radar,0,1,0,52,53,0,0,8,30,38,0,1,8,82,91,0,112,112,203
09/12/2010,ADW,MD,AEA,EN,Towers with Radar,0,4,4,68,76,0,0,2,0,2,0,4,6,68,78,14,0,14,92
09/13/2010,ADW,MD,AEA,EN,Towers with Radar,4,4,11,69,88,0,0,3,29,32,4,4,14,98,120,16,102,118,238
09/14/2010,ADW,MD,AEA,EN,Towers with Radar,0,1,10,101,112,0,2,6,55,63,0,3,16,156,175,84,80,164,339
09/15/2010,ADW,MD,AEA,EN,Towers with Radar,0,0,16,110,126,0,0,7,45,52,0,0,23,155,178,82,198,280,458
09/16/2010,ADW,MD,AEA,EN,Towers with Radar,4,3,14,112,133,0,0,3,57,60,4,3,17,169,193,34,258,292,485
09/17/2010,ADW,MD,AEA,EN,Towers with Radar,3,1,4,89,97,0,0,3,33,36,3,1,7,122,133,112,156,268,401
09/18/2010,ADW,MD,AEA,EN,Towers with Radar,2,1,0,20,23,0,0,4,10,14,2,1,4,30,37,64,14,78,115
09/19/2010,ADW,MD,AEA,EN,Towers with Radar,2,3,0,41,46,0,0,2,5,7,2,3,2,46,53,116,18,134,187
09/20/2010,ADW,MD,AEA,EN,Towers with Radar,2,0,12,94,108,0,0,8,30,38,2,0,20,124,146,60,108,168,314
09/21/2010,ADW,MD,AEA,EN,Towers with Radar,2,3,6,80,91,0,0,3,24,27,2,3,9,104,118,0,92,92,210
09/22/2010,ADW,MD,AEA,EN,Towers with Radar,3,2,5,99,109,0,0,4,36,40,3,2,9,135,149,52,94,146,295
09/23/2010,ADW,MD,AEA,EN,Towers with Radar,2,0,7,111,120,0,0,3,55,58,2,0,10,166,178,10,218,228,406
09/24/2010,ADW,MD,AEA,EN,Towers with Radar,5,1,13,67,86,0,0,3,25,28,5,1,16,92,114,100,52,152,266
09/25/2010,ADW,MD,AEA,EN,Towers with Radar,0,2,0,22,24,0,0,12,9,21,0,2,12,31,45,190,24,214,259
09/26/2010,ADW,MD,AEA,EN,Towers with Radar,0,1,0,35,36,0,0,2,5,7,0,1,2,40,43,34,4,38,81
09/27/2010,ADW,MD,AEA,EN,Towers with Radar,3,7,5,83,98,0,0,5,1,6,3,7,10,84,104,0,36,36,140
09/28/2010,ADW,MD,AEA,EN,Towers with Radar,1,1,5,73,80,0,0,8,35,43,1,1,13,108,123,16,90,106,229
09/29/2010,ADW,MD,AEA,EN,Towers with Radar,4,1,6,111,122,0,0,5,19,24,4,1,11,130,146,60,96,156,302
09/30/2010,ADW,MD,AEA,EN,Towers with Radar,0,1,6,41,48,0,0,0,0,0,0,1,6,41,48,0,8,8,56
10/01/2010,ADW,MD,AEA,EN,Towers with Radar,4,2,5,76,87,0,0,4,17,21,4,2,9,93,108,50,176,226,334
10/02/2010,ADW,MD,AEA,EN,Towers with Radar,0,1,0,24,25,0,0,9,6,15,0,1,9,30,40,110,24,134,174
10/03/2010,ADW,MD,AEA,EN,Towers with Radar,2,1,6,34,43,0,0,7,7,14,2,1,13,41,57,39,14,53,110
10/04/2010,ADW,MD,AEA,EN,Towers with Radar,5,0,4,54,63,0,0,1,32,33,5,0,5,86,96,0,86,86,182
10/05/2010,ADW,MD,AEA,EN,Towers with Radar,0,1,16,110,127,0,0,0,66,66,0,1,16,176,193,66,198,264,457
10/06/2010,ADW,MD,AEA,EN,Towers with Radar,1,1,11,102,115,0,0,3,14,17,1,1,14,116,132,8,66,74,206
10/07/2010,ADW,MD,AEA,EN,Towers with Radar,2,3,4,93,102,0,0,9,33,42,2,3,13,126,144,130,122,252,396
10/08/2010,ADW,MD,AEA,EN,Towers with Radar,2,1,11,68,82,0,0,9,12,21,2,1,20,80,103,124,128,252,355
10/09/2010,ADW,MD,AEA,EN,Towers with Radar,0,0,1,13,14,0,0,10,7,17,0,0,11,20,31,106,6,112,143
10/10/2010,ADW,MD,AEA,EN,Towers with Radar,0,1,1,28,30,0,0,8,14,22,0,1,9,42,52,4,4,8,60
10/11/2010,ADW,MD,AEA,EN,Towers with Radar,0,0,1,38,39,0,0,9,16,25,0,0,10,54,64,26,148,174,238
10/12/2010,ADW,MD,AEA,EN,Towers with Radar,14,0,18,114,146,0,0,5,34,39,14,0,23,148,185,6,296,302,487
10/13/2010,ADW,MD,AEA,EN,Towers with Radar,2,5,15,101,123,0,0,6,30,36,2,5,21,131,159,84,186,270,429
10/14/2010,ADW,MD,AEA,EN,Towers with Radar,0,0,7,70,77,0,0,4,7,11,0,0,11,77,88,70,52,122,210
10/15/2010,ADW,MD,AEA,EN,Towers with Radar,2,3,9,98,112,0,0,6,9,15,2,3,15,107,127,90,152,242,369
10/16/2010,ADW,MD,AEA,EN,Towers with Radar,2,0,0,51,53,0,0,1,13,14,2,0,1,64,67,40,102,142,209
10/17/2010,ADW,MD,AEA,EN,Towers with Radar,5,3,1,38,47,0,0,6,13,19,5,3,7,51,66,32,38,70,136
10/18/2010,ADW,MD,AEA,EN,Towers with Radar,4,2,7,85,98,0,0,8,26,34,4,2,15,111,132,76,224,300,432
10/19/2010,ADW,MD,AEA,EN,Towers with Radar,1,4,16,114,135,0,0,9,24,33,1,4,25,138,168,40,152,192,360
10/20/2010,ADW,MD,AEA,EN,Towers with Radar,2,6,13,108,129,0,0,11,22,33,2,6,24,130,162,0,112,112,274
10/21/2010,ADW,MD,AEA,EN,Towers with Radar,0,2,9,102,113,0,0,4,31,35,0,2,13,133,148,54,432,486,634
10/22/2010,ADW,MD,AEA,EN,Towers with Radar,3,0,8,64,75,0,0,13,6,19,3,0,21,70,94,48,98,146,240
10/23/2010,ADW,MD,AEA,EN,Towers with Radar,4,2,0,30,36,0,0,8,12,20,4,2,8,42,56,54,16,70,126
10/24/2010,ADW,MD,AEA,EN,Towers with Radar,2,1,0,47,50,0,0,7,5,12,2,1,7,52,62,108,0,108,170
10/25/2010,ADW,MD,AEA,EN,Towers with Radar,2,0,6,99,107,0,0,6,34,40,2,0,12,133,147,60,252,312,459
10/26/2010,ADW,MD,AEA,EN,Towers with Radar,1,0,10,96,107,0,0,2,25,27,1,0,12,121,134,34,258,292,426
10/27/2010,ADW,MD,AEA,EN,Towers with Radar,0,2,7,93,102,0,0,2,4,6,0,2,9,97,108,20,48,68,176
10/28/2010,ADW,MD,AEA,EN,Towers with Radar,2,2,12,104,120,0,0,4,31,35,2,2,16,135,155,58,271,329,484
10/29/2010,ADW,MD,AEA,EN,Towers with Radar,1,2,2,85,90,0,0,7,18,25,1,2,9,103,115,118,122,240,355
10/30/2010,ADW,MD,AEA,EN,Towers with Radar,2,1,3,35,41,0,0,6,9,15,2,1,9,44,56,172,4,176,232
10/31/2010,ADW,MD,AEA,EN,Towers with Radar,1,0,1,51,53,0,0,9,8,17,1,0,10,59,70,44,4,48,118
11/01/2010,ADW,MD,AEA,EN,Towers with Radar,3,0,6,81,90,0,0,6,16,22,3,0,12,97,112,72,72,144,256
11/02/2010,ADW,MD,AEA,EN,Towers with Radar,0,4,6,116,126,0,0,9,22,31,0,4,15,138,157,0,312,312,469
11/03/2010,ADW,MD,AEA,EN,Towers with Radar,1,4,14,70,89,0,0,7,16,23,1,4,21,86,112,46,84,130,242
11/04/2010,ADW,MD,AEA,EN,Towers with Radar,1,0,3,85,89,0,0,0,0,0,1,0,3,85,89,0,10,10,99
11/05/2010,ADW,MD,AEA,EN,Towers with Radar,0,1,8,77,86,0,0,1,10,11,0,1,9,87,97,60,48,108,205
11/06/2010,ADW,MD,AEA,EN,Towers with Radar,0,0,0,41,41,0,0,15,9,24,0,0,15,50,65,26,30,56,121
11/07/2010,ADW,MD,AEA,EN,Towers with Radar,7,3,0,45,55,0,0,7,11,18,7,3,7,56,73,60,64,124,197
11/08/2010,ADW,MD,AEA,EN,Towers with Radar,2,0,12,64,78,0,0,8,19,27,2,0,20,83,105,32,52,84,189
11/09/2010,ADW,MD,AEA,EN,Towers with Radar,0,2,17,88,107,0,0,6,24,30,0,2,23,112,137,6,208,214,351
11/10/2010,ADW,MD,AEA,EN,Towers with Radar,6,0,6,94,106,0,0,4,22,26,6,0,10,116,132,0,114,114,246
11/11/2010,ADW,MD,AEA,EN,Towers with Radar,0,0,0,35,35,0,0,7,6,13,0,0,7,41,48,58,34,92,140
11/12/2010,ADW,MD,AEA,EN,Towers with Radar,0,0,3,71,74,0,0,9,18,27,0,0,12,89,101,18,158,176,277
11/13/2010,ADW,MD,AEA,EN,Towers with Radar,2,0,1,28,31,0,0,7,4,11,2,0,8,32,42,116,138,254,296
11/14/2010,ADW,MD,AEA,EN,Towers with Radar,2,0,3,48,53,0,0,9,12,21,2,0,12,60,74,72,78,150,224
11/15/2010,ADW,MD,AEA,EN,Towers with Radar,7,0,12,115,134,0,0,5,19,24,7,0,17,134,158,14,248,262,420
11/16/2010,ADW,MD,AEA,EN,Towers with Radar,0,0,2,101,103,0,0,1,8,9,0,0,3,109,112,0,60,60,172
11/17/2010,ADW,MD,AEA,EN,Towers with Radar,1,6,8,69,84,0,0,8,21,29,1,6,16,90,113,16,40,56,169
11/18/2010,ADW,MD,AEA,EN,Towers with Radar,3,6,3,100,112,0,0,7,29,36,3,6,10,129,148,38,104,142,290
11/19/2010,ADW,MD,AEA,EN,Towers with Radar,0,2,8,104,114,0,0,9,13,22,0,2,17,117,136,194,58,252,388
11/20/2010,ADW,MD,AEA,EN,Towers with Radar,4,0,0,15,19,0,0,13,11,24,4,0,13,26,43,310,2,312,355
11/21/2010,ADW,MD,AEA,EN,Towers with Radar,0,0,4,31,35,0,0,7,10,17,0,0,11,41,52,0,0,0,52
11/22/2010,ADW,MD,AEA,EN,Towers with Radar,1,0,16,74,91,0,0,3,15,18,1,0,19,89,109,60,90,150,259
11/23/2010,ADW,MD,AEA,EN,Towers with Radar,0,4,4,84,92,0,0,15,27,42,0,4,19,111,134,82,76,158,292
11/24/2010,ADW,MD,AEA,EN,Towers with Radar,1,0,4,46,51,0,0,3,18,21,1,0,7,64,72,0,106,106,178
11/25/2010,ADW,MD,AEA,EN,Towers with Radar,0,0,3,6,9,0,0,4,0,4,0,0,7,6,13,0,0,0,13
11/26/2010,ADW,MD,AEA,EN,Towers with Radar,0,0,0,8,8,0,0,6,5,11,0,0,6,13,19,100,0,100,119
11/27/2010,ADW,MD,AEA,EN,Towers with Radar,0,0,0,8,8,0,0,3,5,8,0,0,3,13,16,56,122,178,194
11/28/2010,ADW,MD,AEA,EN,Towers with Radar,0,0,0,18,18,0,0,7,8,15,0,0,7,26,33,42,20,62,95
11/29/2010,ADW,MD,AEA,EN,Towers with Radar,2,1,11,65,79,0,0,4,18,22,2,1,15,83,101,62,80,142,243
11/30/2010,ADW,MD,AEA,EN,Towers with Radar,0,1,8,74,83,0,0,5,8,13,0,1,13,82,96,16,104,120,216
12/01/2010,ADW,MD,AEA,EN,Towers with Radar,0,0,2,54,56,0,0,7,14,21,0,0,9,68,77,40,48,88,165
12/02/2010,ADW,MD,AEA,EN,Towers with Radar,0,0,10,82,92,0,0,5,17,22,0,0,15,99,114,0,114,114,228
12/03/2010,ADW,MD,AEA,EN,Towers with Radar,1,2,6,76,85,0,0,2,6,8,1,2,8,82,93,48,76,124,217
12/04/2010,ADW,MD,AEA,EN,Towers with Radar,1,0,1,31,33,0,0,10,15,25,1,0,11,46,58,70,34,104,162
12/05/2010,ADW,MD,AEA,EN,Towers with Radar,0,0,0,24,24,0,0,3,10,13,0,0,3,34,37,22,68,90,127
12/06/2010,ADW,MD,AEA,EN,Towers with Radar,2,2,10,52,66,0,0,7,20,27,2,2,17,72,93,76,50,126,219
12/07/2010,ADW,MD,AEA,EN,Towers with Radar,0,1,8,68,77,0,0,4,23,27,0,1,12,91,104,44,128,172,276
12/08/2010,ADW,MD,AEA,EN,Towers with Radar,0,0,20,84,104,0,0,5,26,31,0,0,25,110,135,114,164,278,413
12/09/2010,ADW,MD,AEA,EN,Towers with Radar,2,0,12,85,99,0,0,10,19,29,2,0,22,104,128,198,138,336,464
12/10/2010,ADW,MD,AEA,EN,Towers with Radar,0,5,11,78,94,0,0,4,16,20,0,5,15,94,114,72,120,192,306
12/11/2010,ADW,MD,AEA,EN,Towers with Radar,2,0,1,41,44,0,0,3,6,9,2,0,4,47,53,14,170,184,237
12/12/2010,ADW,MD,AEA,EN,Towers with Radar,0,0,0,30,30,0,0,0,0,0,0,0,0,30,30,0,0,0,30
12/13/2010,ADW,MD,AEA,EN,Towers with Radar,5,4,6,55,70,0,0,2,36,38,5,4,8,91,108,44,78,122,230
12/14/2010,ADW,MD,AEA,EN,Towers with Radar,1,0,5,42,48,0,2,4,24,30,1,2,9,66,78,74,128,202,280
12/15/2010,ADW,MD,AEA,EN,Towers with Radar,0,6,5,67,78,0,0,7,18,25,0,6,12,85,103,4,54,58,161
12/16/2010,ADW,MD,AEA,EN,Towers with Radar,5,1,3,45,54,0,0,1,0,1,5,1,4,45,55,36,2,38,93
12/17/2010,ADW,MD,AEA,EN,Towers with Radar,1,0,8,67,76,0,0,5,23,28,1,0,13,90,104,44,198,242,346
12/18/2010,ADW,MD,AEA,EN,Towers with Radar,0,2,2,19,23,0,0,5,16,21,0,2,7,35,44,56,176,232,276
12/19/2010,ADW,MD,AEA,EN,Towers with Radar,0,0,0,20,20,0,0,3,9,12,0,0,3,29,32,60,4,64,96
12/20/2010,ADW,MD,AEA,EN,Towers with Radar,0,1,15,91,107,0,0,6,11,17,0,1,21,102,124,4,150,154,278
12/21/2010,ADW,MD,AEA,EN,Towers with Radar,0,0,11,71,82,0,0,3,22,25,0,0,14,93,107,54,108,162,269
12/22/2010,ADW,MD,AEA,EN,Towers with Radar,1,0,3,90,94,0,0,6,17,23,1,0,9,107,117,94,200,294,411
12/23/2010,ADW,MD,AEA,EN,Towers with Radar,0,1,2,23,26,0,0,1,14,15,0,1,3,37,41,0,58,58,99
12/24/2010,ADW,MD,AEA,EN,Towers with Radar,0,2,0,8,10,0,0,6,4,10,0,2,6,12,20,0,0,0,20
12/25/2010,ADW,MD,AEA,EN,Towers with Radar,0,0,0,6,6,0,0,2,0,2,0,0,2,6,8,0,0,0,8
12/26/2010,ADW,MD,AEA,EN,Towers with Radar,0,0,0,5,5,0,0,0,0,0,0,0,0,5,5,0,0,0,5
12/27/2010,ADW,MD,AEA,EN,Towers with Radar,2,0,0,6,8,0,0,5,2,7,2,0,5,8,15,0,20,20,35
12/28/2010,ADW,MD,AEA,EN,Towers with Radar,0,1,7,41,49,0,0,5,15,20,0,1,12,56,69,38,190,228,297
12/29/2010,ADW,MD,AEA,EN,Towers with Radar,0,0,2,58,60,0,0,4,15,19,0,0,6,73,79,0,118,118,197
12/30/2010,ADW,MD,AEA,EN,Towers with Radar,0,0,4,47,51,0,0,5,12,17,0,0,9,59,68,48,138,186,254
12/31/2010,ADW,MD,AEA,EN,Towers with Radar,0,1,0,12,13,0,0,7,4,11,0,1,7,16,24,0,58,58,82
01/01/2011,ADW,MD,AEA,EN,Towers with Radar,0,0,2,11,13,0,0,3,4,7,0,0,5,15,20,0,62,62,82
01/02/2011,ADW,MD,AEA,EN,Towers with Radar,3,0,0,7,10,0,0,0,7,7,3,0,0,14,17,38,76,114,131
01/03/2011,ADW,MD,AEA,EN,Towers with Radar,0,0,5,44,49,0,0,5,18,23,0,0,10,62,72,18,156,174,246
01/04/2011,ADW,MD,AEA,EN,Towers with Radar,1,0,6,108,115,0,0,9,20,29,1,0,15,128,144,42,178,220,364
01/05/2011,ADW,MD,AEA,EN,Towers with Radar,1,0,6,111,118,1,0,11,15,27,2,0,17,126,145,6,298,304,449
01/06/2011,ADW,MD,AEA,EN,Towers with Radar,0,0,13,95,108,0,0,9,25,34,0,0,22,120,142,72,147,219,361
01/07/2011,ADW,MD,AEA,EN,Towers with Radar,0,1,3,54,58,0,0,4,6,10,0,1,7,60,68,58,44,102,170
01/08/2011,ADW,MD,AEA,EN,Towers with Radar,0,3,3,53,59,0,0,3,7,10,0,3,6,60,69,8,68,76,145
01/09/2011,ADW,MD,AEA,EN,Towers with Radar,2,0,0,57,59,0,0,1,7,8,2,0,1,64,67,0,68,68,135
01/10/2011,ADW,MD,AEA,EN,Towers with Radar,4,3,0,65,72,0,0,5,41,46,4,3,5,106,118,24,62,86,204
01/11/2011,ADW,MD,AEA,EN,Towers with Radar,0,2,0,54,56,0,1,2,16,19,0,3,2,70,75,0,148,148,223
01/12/2011,ADW,MD,AEA,EN,Towers with Radar,2,1,3,44,50,0,0,0,15,15,2,1,3,59,65,16,144,160,225
01/13/2011,ADW,MD,AEA,EN,Towers with Radar,3,4,2,85,94,0,0,7,32,39,3,4,9,117,133,76,190,266,399
01/14/2011,ADW,MD,AEA,EN,Towers with Radar,4,7,12,90,113,0,0,4,4,8,4,7,16,94,121,78,162,240,361
01/15/2011,ADW,MD,AEA,EN,Towers with Radar,0,3,5,12,20,0,0,8,9,17,0,3,13,21,37,22,48,70,107
01/16/2011,ADW,MD,AEA,EN,Towers with Radar,0,0,0,16,16,0,0,4,6,10,0,0,4,22,26,66,90,156,182
01/17/2011,ADW,MD,AEA,EN,Towers with Radar,5,3,0,36,44,0,0,2,6,8,5,3,2,42,52,6,62,68,120
01/18/2011,ADW,MD,AEA,EN,Towers with Radar,4,0,2,57,63,0,0,0,0,0,4,0,2,57,63,0,12,12,75
01/19/2011,ADW,MD,AEA,EN,Towers with Radar,0,2,12,98,112,0,0,3,20,23,0,2,15,118,135,34,220,254,389
01/20/2011,ADW,MD,AEA,EN,Towers with Radar,3,1,12,85,101,0,0,7,23,30,3,1,19,108,131,20,214,234,365
01/21/2011,ADW,MD,AEA,EN,Towers with Radar,0,1,2,56,59,0,0,6,15,21,0,1,8,71,80,108,90,198,278
01/22/2011,ADW,MD,AEA,EN,Towers with Radar,0,0,0,27,27,0,0,7,10,17,0,0,7,37,44,44,14,58,102
01/23/2011,ADW,MD,AEA,EN,Towers with Radar,0,0,0,27,27,0,0,5,15,20,0,0,5,42,47,4,14,18,65
01/24/2011,ADW,MD,AEA,EN,Towers with Radar,3,0,26,51,80,0,0,6,0,6,3,0,32,51,86,44,44,88,174
01/25/2011,ADW,MD,AEA,EN,Towers with Radar,1,0,5,84,90,0,0,4,14,18,1,0,9,98,108,36,44,80,188
01/26/2011,ADW,MD,AEA,EN,Towers with Radar,0,3,2,26,31,0,0,0,0,0,0,3,2,26,31,0,0,0,31
01/27/2011,ADW,MD,AEA,EN,Towers with Radar,5,5,3,80,93,0,0,0,17,17,5,5,3,97,110,10,72,82,192
01/28/2011,ADW,MD,AEA,EN,Towers with Radar,1,0,10,82,93,0,0,4,12,16,1,0,14,94,109,18,66,84,193
01/29/2011,ADW,MD,AEA,EN,Towers with Radar,0,0,1,22,23,0,0,4,10,14,0,0,5,32,37,68,18,86,123
01/30/2011,ADW,MD,AEA,EN,Towers with Radar,0,0,2,33,35,0,0,10,8,18,0,0,12,41,53,74,84,158,211
01/31/2011,ADW,MD,AEA,EN,Towers with Radar,0,0,8,72,80,0,0,6,20,26,0,0,14,92,106,94,174,268,374
02/01/2011,ADW,MD,AEA,EN,Towers with Radar,0,0,6,60,66,0,0,0,0,0,0,0,6,60,66,0,28,28,94
02/02/2011,ADW,MD,AEA,EN,Towers with Radar,0,0,4,40,44,0,0,1,15,16,0,0,5,55,60,2,94,96,156
02/03/2011,ADW,MD,AEA,EN,Towers with Radar,1,0,6,66,73,0,0,6,23,29,1,0,12,89,102,72,52,124,226
02/04/2011,ADW,MD,AEA,EN,Towers with Radar,3,6,9,65,83,0,0,6,13,19,3,6,15,78,102,102,236,338,440
02/05/2011,ADW,MD,AEA,EN,Towers with Radar,0,0,0,22,22,0,0,3,0,3,0,0,3,22,25,0,2,2,27
02/06/2011,ADW,MD,AEA,EN,Towers with Radar,0,0,0,18,18,0,0,2,5,7,0,0,2,23,25,128,182,310,335
02/07/2011,ADW,MD,AEA,EN,Towers with Radar,2,0,13,60,75,0,0,6,18,24,2,0,19,78,99,2,132,134,233
02/08/2011,ADW,MD,AEA,EN,Towers with Radar,2,0,4,31,37,0,0,8,18,26,2,0,12,49,63,6,96,102,165
02/09/2011,ADW,MD,AEA,EN,Towers with Radar,2,10,19,88,119,0,0,5,19,24,2,10,24,107,143,0,152,152,295
02/10/2011,ADW,MD,AEA,EN,Towers with Radar,5,4,7,85,101,0,0,3,23,26,5,4,10,108,127,92,132,224,351
02/11/2011,ADW,MD,AEA,EN,Towers with Radar,0,1,16,68,85,0,0,5,18,23,0,1,21,86,108,32,64,96,204
02/12/2011,ADW,MD,AEA,EN,Towers with Radar,0,3,6,39,48,0,0,5,8,13,0,3,11,47,61,146,130,276,337
02/13/2011,ADW,MD,AEA,EN,Towers with Radar,0,1,1,36,38,0,0,0,12,12,0,1,1,48,50,0,72,72,122
02/14/2011,ADW,MD,AEA,EN,Towers with Radar,2,1,7,41,51,0,0,8,19,27,2,1,15,60,78,6,28,34,112
02/15/2011,ADW,MD,AEA,EN,Towers with Radar,4,2,25,109,140,0,0,5,25,30,4,2,30,134,170,20,210,230,400
02/16/2011,ADW,MD,AEA,EN,Towers with Radar,0,4,8,95,107,0,0,8,19,27,0,4,16,114,134,84,216,300,434
02/17/2011,ADW,MD,AEA,EN,Towers with Radar,0,1,0,84,85,0,0,4,28,32,0,1,4,112,117,54,102,156,273
02/18/2011,ADW,MD,AEA,EN,Towers with Radar,2,10,5,87,104,0,1,8,16,25,2,11,13,103,129,56,114,170,299
02/19/2011,ADW,MD,AEA,EN,Towers with Radar,2,0,0,17,19,0,0,4,3,7,2,0,4,20,26,0,0,0,26
02/20/2011,ADW,MD,AEA,EN,Towers with Radar,0,0,0,18,18,0,0,9,6,15,0,0,9,24,33,30,42,72,105
02/21/2011,ADW,MD,AEA,EN,Towers with Radar,0,1,0,21,22,0,0,3,13,16,0,1,3,34,38,58,56,114,152
02/22/2011,ADW,MD,AEA,EN,Towers with Radar,2,1,11,73,87,0,0,6,19,25,2,1,17,92,112,26,54,80,192
02/23/2011,ADW,MD,AEA,EN,Towers with Radar,0,1,6,87,94,0,0,14,24,38,0,1,20,111,132,12,198,210,342
02/24/2011,ADW,MD,AEA,EN,Towers with Radar,2,0,8,126,136,0,0,7,22,29,2,0,15,148,165,2,338,340,505
02/25/2011,ADW,MD,AEA,EN,Towers with Radar,0,3,1,61,65,0,0,2,0,2,0,3,3,61,67,2,58,60,127
02/26/2011,ADW,MD,AEA,EN,Towers with Radar,0,1,3,22,26,0,0,3,9,12,0,1,6,31,38,62,14,76,114
02/27/2011,ADW,MD,AEA,EN,Towers with Radar,4,0,2,30,36,0,0,8,10,18,4,0,10,40,54,16,138,154,208
02/28/2011,ADW,MD,AEA,EN,Towers with Radar,0,2,5,81,88,0,1,5,15,21,0,3,10,96,109,118,86,204,313
03/01/2011,ADW,MD,AEA,EN,Towers with Radar,2,2,14,73,91,0,0,4,24,28,2,2,18,97,119,30,218,248,367
03/02/2011,ADW,MD,AEA,EN,Towers with Radar,1,0,11,77,89,0,0,5,15,20,1,0,16,92,109,20,116,136,245
03/03/2011,ADW,MD,AEA,EN,Towers with Radar,3,2,5,91,101,0,0,8,26,34,3,2,13,117,135,6,166,172,307
03/04/2011,ADW,MD,AEA,EN,Towers with Radar,1,0,2,82,85,0,0,3,28,31,1,0,5,110,116,160,214,374,490
03/05/2011,ADW,MD,AEA,EN,Towers with Radar,1,2,0,59,62,0,0,9,10,19,1,2,9,69,81,38,100,138,219
03/06/2011,ADW,MD,AEA,EN,Towers with Radar,0,1,0,34,35,0,0,0,0,0,0,1,0,34,35,8,4,12,47
03/07/2011,ADW,MD,AEA,EN,Towers with Radar,2,2,7,72,83,0,0,10,21,31,2,2,17,93,114,20,128,148,262
03/08/2011,ADW,MD,AEA,EN,Towers with Radar,0,0,5,76,81,0,0,6,23,29,0,0,11,99,110,18,188,206,316
03/09/2011,ADW,MD,AEA,EN,Towers with Radar,1,6,10,90,107,0,0,2,10,12,1,6,12,100,119,14,110,124,243
03/10/2011,ADW,MD,AEA,EN,Towers with Radar,4,0,1,45,50,0,0,0,0,0,4,0,1,45,50,0,0,0,50
03/11/2011,ADW,MD,AEA,EN,Towers with Radar,0,0,15,74,89,0,0,8,14,22,0,0,23,88,111,110,142,252,363
03/12/2011,ADW,MD,AEA,EN,Towers with Radar,3,0,0,41,44,0,0,6,13,19,3,0,6,54,63,62,42,104,167
03/13/2011,ADW,MD,AEA,EN,Towers with Radar,1,0,0,36,37,0,0,2,10,12,1,0,2,46,49,4,34,38,87
03/14/2011,ADW,MD,AEA,EN,Towers with Radar,2,2,13,66,83,0,0,5,20,25,2,2,18,86,108,10,140,150,258
03/15/2011,ADW,MD,AEA,EN,Towers with Radar,1,1,14,93,109,0,1,7,14,22,1,2,21,107,131,108,142,250,381
03/16/2011,ADW,MD,AEA,EN,Towers with Radar,1,0,10,92,103,0,0,4,15,19,1,0,14,107,122,50,202,252,374
03/17/2011,ADW,MD,AEA,EN,Towers with Radar,3,0,5,87,95,0,0,3,20,23,3,0,8,107,118,60,238,298,416
03/18/2011,ADW,MD,AEA,EN,Towers with Radar,3,5,19,73,100,0,0,12,20,32,3,5,31,93,132,32,146,178,310
03/19/2011,ADW,MD,AEA,EN,Towers with Radar,0,0,0,17,17,0,0,0,13,13,0,0,0,30,30,36,10,46,76
03/20/2011,ADW,MD,AEA,EN,Towers with Radar,1,0,1,34,36,0,0,13,10,23,1,0,14,44,59,30,26,56,115
03/21/2011,ADW,MD,AEA,EN,Towers with Radar,4,2,3,77,86,0,0,2,18,20,4,2,5,95,106,4,110,114,220
03/22/2011,ADW,MD,AEA,EN,Towers with Radar,2,3,18,82,105,0,0,9,21,30,2,3,27,103,135,34,218,252,387
03/23/2011,ADW,MD,AEA,EN,Towers with Radar,2,4,12,132,150,0,0,9,17,26,2,4,21,149,176,30,134,164,340
03/24/2011,ADW,MD,AEA,EN,Towers with Radar,2,2,12,124,140,0,0,14,15,29,2,2,26,139,169,76,312,388,557
03/25/2011,ADW,MD,AEA,EN,Towers with Radar,2,4,5,113,124,0,0,17,14,31,2,4,22,127,155,76,314,390,545
03/26/2011,ADW,MD,AEA,EN,Towers with Radar,0,1,0,22,23,0,0,11,8,19,0,1,11,30,42,144,28,172,214
03/27/2011,ADW,MD,AEA,EN,Towers with Radar,0,0,0,23,23,0,0,4,14,18,0,0,4,37,41,58,24,82,123
03/28/2011,ADW,MD,AEA,EN,Towers with Radar,2,0,8,73,83,0,0,5,26,31,2,0,13,99,114,38,242,280,394
03/29/2011,ADW,MD,AEA,EN,Towers with Radar,0,2,7,84,93,0,0,8,22,30,0,2,15,106,123,58,104,162,285
03/30/2011,ADW,MD,AEA,EN,Towers with Radar,0,4,9,78,91,0,0,3,15,18,0,4,12,93,109,18,124,142,251
03/31/2011,ADW,MD,AEA,EN,Towers with Radar,2,1,17,82,102,0,0,0,0,0,2,1,17,82,102,0,10,10,112
04/01/2011,ADW,MD,AEA,EN,Towers with Radar,0,0,6,83,89,0,0,4,18,22,0,0,10,101,111,40,216,256,367
04/02/2011,ADW,MD,AEA,EN,Towers with Radar,0,1,3,23,27,0,0,7,10,17,0,1,10,33,44,132,60,192,236
04/03/2011,ADW,MD,AEA,EN,Towers with Radar,0,1,0,45,46,0,0,4,8,12,0,1,4,53,58,30,28,58,116
04/04/2011,ADW,MD,AEA,EN,Towers with Radar,2,1,7,77,87,0,0,9,21,30,2,1,16,98,117,40,180,220,337
04/05/2011,ADW,MD,AEA,EN,Towers with Radar,0,2,5,62,69,0,0,8,4,12,0,2,13,66,81,36,66,102,183
04/06/2011,ADW,MD,AEA,EN,Towers with Radar,3,8,19,112,142,0,0,7,21,28,3,8,26,133,170,60,306,366,536
04/07/2011,ADW,MD,AEA,EN,Towers with Radar,1,4,19,96,120,0,0,10,1,11,1,4,29,97,131,4,106,110,241
04/08/2011,ADW,MD,AEA,EN,Towers with Radar,0,1,8,82,91,0,0,7,0,7,0,1,15,82,98,0,112,112,210
04/09/2011,ADW,MD,AEA,EN,Towers with Radar,0,0,0,30,30,0,0,2,3,5,0,0,2,33,35,56,4,60,95
04/10/2011,ADW,MD,AEA,EN,Towers with Radar,1,0,3,35,39,0,0,7,0,7,1,0,10,35,46,14,0,14,60
04/11/2011,ADW,MD,AEA,EN,Towers with Radar,1,4,12,54,71,0,0,11,9,20,1,4,23,63,91,58,154,212,303
04/12/2011,ADW,MD,AEA,EN,Towers with Radar,2,4,8,70,84,0,1,7,0,8,2,5,15,70,92,12,30,42,134
04/13/2011,ADW,MD,AEA,EN,Towers with Radar,1,0,9,77,87,0,0,11,6,17,1,0,20,83,104,0,80,80,184
04/14/2011,ADW,MD,AEA,EN,Towers with Radar,3,4,13,83,103,0,0,9,13,22,3,4,22,96,125,138,218,356,481
04/15/2011,ADW,MD,AEA,EN,Towers with Radar,2,5,7,91,105,0,0,6,11,17,2,5,13,102,122,112,212,324,446
04/16/2011,ADW,MD,AEA,EN,Towers with Radar,0,1,0,43,44,0,0,3,0,3,0,1,3,43,47,0,36,36,83
04/17/2011,ADW,MD,AEA,EN,Towers with Radar,0,2,1,49,52,0,0,9,12,21,0,2,10,61,73,16,148,164,237
04/18/2011,ADW,MD,AEA,EN,Towers with Radar,2,0,12,72,86,0,0,12,17,29,2,0,24,89,115,92,246,338,453
04/19/2011,ADW,MD,AEA,EN,Towers with Radar,2,2,9,73,86,0,0,8,19,27,2,2,17,92,113,96,176,272,385
04/20/2011,ADW,MD,AEA,EN,Towers with Radar,2,3,4,53,62,0,0,5,24,29,2,3,9,77,91,8,146,154,245
04/21/2011,ADW,MD,AEA,EN,Towers with Radar,2,3,6,91,102,0,0,8,18,26,2,3,14,109,128,122,102,224,352
04/22/2011,ADW,MD,AEA,EN,Towers with Radar,2,0,10,64,76,0,0,1,3,4,2,0,11,67,80,24,58,82,162
04/23/2011,ADW,MD,AEA,EN,Towers with Radar,1,0,0,13,14,0,0,5,6,11,1,0,5,19,25,80,48,128,153
04/24/2011,ADW,MD,AEA,EN,Towers with Radar,0,1,1,8,10,0,0,6,8,14,0,1,7,16,24,0,6,6,30
04/25/2011,ADW,MD,AEA,EN,Towers with Radar,2,0,9,79,90,0,0,4,25,29,2,0,13,104,119,6,100,106,225
04/26/2011,ADW,MD,AEA,EN,Towers with Radar,0,0,14,96,110,0,0,6,19,25,0,0,20,115,135,86,166,252,387
04/27/2011,ADW,MD,AEA,EN,Towers with Radar,0,0,4,80,84,0,0,6,10,16,0,0,10,90,100,0,40,40,140
04/28/2011,ADW,MD,AEA,EN,Towers with Radar,3,10,4,77,94,0,0,3,11,14,3,10,7,88,108,12,72,84,192
04/29/2011,ADW,MD,AEA,EN,Towers with Radar,2,1,1,106,110,0,0,11,19,30,2,1,12,125,140,122,142,264,404
04/30/2011,ADW,MD,AEA,EN,Towers with Radar,3,2,2,26,33,0,0,7,13,20,3,2,9,39,53,2,300,302,355
05/01/2011,ADW,MD,AEA,EN,Towers with Radar,0,1,2,28,31,0,0,8,10,18,0,1,10,38,49,80,16,96,145
05/02/2011,ADW,MD,AEA,EN,Towers with Radar,5,1,7,79,92,0,0,6,21,27,5,1,13,100,119,126,152,278,397
05/03/2011,ADW,MD,AEA,EN,Towers with Radar,0,2,16,78,96,0,0,15,18,33,0,2,31,96,129,54,98,152,281
05/04/2011,ADW,MD,AEA,EN,Towers with Radar,1,0,6,84,91,0,0,4,25,29,1,0,10,109,120,56,144,200,320
05/05/2011,ADW,MD,AEA,EN,Towers with Radar,3,0,6,99,108,0,0,4,26,30,3,0,10,125,138,46,88,134,272
05/06/2011,ADW,MD,AEA,EN,Towers with Radar,0,4,5,120,129,0,0,14,16,30,0,4,19,136,159,56,80,136,295
05/07/2011,ADW,MD,AEA,EN,Towers with Radar,4,3,2,35,44,0,0,14,6,20,4,3,16,41,64,0,0,0,64
05/08/2011,ADW,MD,AEA,EN,Towers with Radar,2,1,0,30,33,0,0,3,7,10,2,1,3,37,43,36,46,82,125
05/09/2011,ADW,MD,AEA,EN,Towers with Radar,3,0,10,85,98,0,0,11,28,39,3,0,21,113,137,6,182,188,325
05/10/2011,ADW,MD,AEA,EN,Towers with Radar,0,6,9,82,97,0,0,15,18,33,0,6,24,100,130,64,208,272,402
05/11/2011,ADW,MD,AEA,EN,Towers with Radar,4,6,6,79,95,0,0,15,32,47,4,6,21,111,142,88,172,260,402
05/12/2011,ADW,MD,AEA,EN,Towers with Radar,1,0,14,77,92,0,0,10,26,36,1,0,24,103,128,5,230,235,363
05/13/2011,ADW,MD,AEA,EN,Towers with Radar,1,1,7,69,78,0,0,4,15,19,1,1,11,84,97,4,98,102,199
05/14/2011,ADW,MD,AEA,EN,Towers with Radar,4,0,2,21,27,0,0,0,0,0,4,0,2,21,27,0,18,18,45
05/15/2011,ADW,MD,AEA,EN,Towers with Radar,1,0,0,49,50,0,0,0,12,12,1,0,0,61,62,36,8,44,106
05/16/2011,ADW,MD,AEA,EN,Towers with Radar,2,3,20,100,125,0,0,9,15,24,2,3,29,115,149,58,130,188,337
05/17/2011,ADW,MD,AEA,EN,Towers with Radar,0,1,6,69,76,0,0,4,14,18,0,1,10,83,94,26,114,140,234
05/18/2011,ADW,MD,AEA,EN,Towers with Radar,1,3,9,55,68,0,0,22,16,38,1,3,31,71,106,44,66,110,216
05/19/2011,ADW,MD,AEA,EN,Towers with Radar,0,1,9,66,76,0,0,35,4,39,0,1,44,70,115,10,178,188,303
05/20/2011,ADW,MD,AEA,EN,Towers with Radar,2,1,0,20,23,0,2,46,22,70,2,3,46,42,93,426,300,726,819
05/21/2011,ADW,MD,AEA,EN,Towers with Radar,2,0,0,8,10,0,5,44,22,71,2,5,44,30,81,454,332,786,867
05/22/2011,ADW,MD,AEA,EN,Towers with Radar,1,0,3,25,29,0,3,46,26,75,1,3,49,51,104,0,6,6,110
05/23/2011,ADW,MD,AEA,EN,Towers with Radar,7,1,11,99,118,0,1,23,14,38,7,2,34,113,156,14,88,102,258
05/24/2011,ADW,MD,AEA,EN,Towers with Radar,0,0,8,102,110,0,0,8,25,33,0,0,16,127,143,0,132,132,275
05/25/2011,ADW,MD,AEA,EN,Towers with Radar,1,0,6,74,81,0,0,6,32,38,1,0,12,106,119,44,132,176,295
05/26/2011,ADW,MD,AEA,EN,Towers with Radar,2,1,3,98,104,0,0,9,28,37,2,1,12,126,141,38,280,318,459
05/27/2011,ADW,MD,AEA,EN,Towers with Radar,5,0,0,54,59,0,0,7,23,30,5,0,7,77,89,64,192,256,345
05/28/2011,ADW,MD,AEA,EN,Towers with Radar,2,0,0,32,34,0,0,11,8,19,2,0,11,40,53,12,4,16,69
05/29/2011,ADW,MD,AEA,EN,Towers with Radar,2,0,0,29,31,0,0,10,17,27,2,0,10,46,58,2,38,40,98
05/30/2011,ADW,MD,AEA,EN,Towers with Radar,2,0,0,40,42,0,0,10,6,16,2,0,10,46,58,58,82,140,198
05/31/2011,ADW,MD,AEA,EN,Towers with Radar,1,2,21,69,93,0,0,6,19,25,1,2,27,88,118,80,136,216,334
06/01/2011,ADW,MD,AEA,EN,Towers with Radar,16,2,11,66,95,0,0,5,11,16,16,2,16,77,111,12,210,222,333
06/02/2011,ADW,MD,AEA,EN,Towers with Radar,3,8,14,104,129,0,0,11,13,24,3,8,25,117,153,148,204,352,505
06/03/2011,ADW,MD,AEA,EN,Towers with Radar,2,7,5,111,125,0,0,8,17,25,2,7,13,128,150,110,296,406,556
06/04/2011,ADW,MD,AEA,EN,Towers with Radar,1,1,8,28,38,0,0,15,6,21,1,1,23,34,59,6,22,28,87
06/05/2011,ADW,MD,AEA,EN,Towers with Radar,0,1,2,38,41,0,0,5,8,13,0,1,7,46,54,16,18,34,88
06/06/2011,ADW,MD,AEA,EN,Towers with Radar,3,2,18,82,105,0,0,5,12,17,3,2,23,94,122,112,166,278,400
06/07/2011,ADW,MD,AEA,EN,Towers with Radar,0,1,11,84,96,0,0,10,13,23,0,1,21,97,119,12,232,244,363
06/08/2011,ADW,MD,AEA,EN,Towers with Radar,3,5,10,83,101,0,0,7,10,17,3,5,17,93,118,42,184,226,344
06/09/2011,ADW,MD,AEA,EN,Towers with Radar,3,3,11,107,124,0,0,9,8,17,3,3,20,115,141,38,220,258,399
06/10/2011,ADW,MD,AEA,EN,Towers with Radar,1,0,15,94,110,0,0,0,13,13,1,0,15,107,123,96,126,222,345
06/11/2011,ADW,MD,AEA,EN,Towers with Radar,2,5,0,49,56,0,0,5,11,16,2,5,5,60,72,10,110,120,192
06/12/2011,ADW,MD,AEA,EN,Towers with Radar,1,2,1,37,41,0,0,11,5,16,1,2,12,42,57,54,24,78,135
06/13/2011,ADW,MD,AEA,EN,Towers with Radar,3,6,8,81,98,0,0,5,11,16,3,6,13,92,114,0,116,116,230
06/14/2011,ADW,MD,AEA,EN,Towers with Radar,1,0,5,106,112,0,0,10,12,22,1,0,15,118,134,74,246,320,454
06/15/2011,ADW,MD,AEA,EN,Towers with Radar,2,0,5,72,79,0,0,4,13,17,2,0,9,85,96,60,116,176,272
06/16/2011,ADW,MD,AEA,EN,Towers with Radar,1,2,8,105,116,0,0,5,14,19,1,2,13,119,135,0,148,148,283
06/17/2011,ADW,MD,AEA,EN,Towers with Radar,6,0,5,90,101,0,0,8,10,18,6,0,13,100,119,0,154,154,273
06/18/2011,ADW,MD,AEA,EN,Towers with Radar,0,1,2,30,33,0,0,6,11,17,0,1,8,41,50,50,86,136,186
06/19/2011,ADW,MD,AEA,EN,Towers with Radar,0,2,0,32,34,0,0,5,10,15,0,2,5,42,49,12,0,12,61
06/20/2011,ADW,MD,AEA,EN,Towers with Radar,2,1,3,76,82,0,0,4,9,13,2,1,7,85,95,42,68,110,205
06/21/2011,ADW,MD,AEA,EN,Towers with Radar,2,2,13,95,112,0,0,11,13,24,2,2,24,108,136,2,138,140,276
06/22/2011,ADW,MD,AEA,EN,Towers with Radar,0,3,9,120,132,0,0,4,14,18,0,3,13,134,150,72,164,236,386
06/23/2011,ADW,MD,AEA,EN,Towers with Radar,0,3,4,118,125,0,0,14,10,24,0,3,18,128,149,38,162,200,349
06/24/2011,ADW,MD,AEA,EN,Towers with Radar,0,5,5,80,90,0,0,7,10,17,0,5,12,90,107,4,66,70,177
06/25/2011,ADW,MD,AEA,EN,Towers with Radar,0,0,0,18,18,0,0,7,8,15,0,0,7,26,33,76,46,122,155
06/26/2011,ADW,MD,AEA,EN,Towers with Radar,2,1,2,22,27,0,0,10,6,16,2,1,12,28,43,0,20,20,63
06/27/2011,ADW,MD,AEA,EN,Towers with Radar,5,2,11,87,105,0,0,7,11,18,5,2,18,98,123,18,160,178,301
06/28/2011,ADW,MD,AEA,EN,Towers with Radar,0,0,21,81,102,0,4,1,11,16,0,4,22,92,118,8,160,168,286
06/29/2011,ADW,MD,AEA,EN,Towers with Radar,2,0,8,91,101,0,1,6,8,15,2,1,14,99,116,14,246,260,376
06/30/2011,ADW,MD,AEA,EN,Towers with Radar,2,3,9,99,113,0,1,10,23,34,2,4,19,122,147,86,114,200,347
07/01/2011,ADW,MD,AEA,EN,Towers with Radar,0,2,3,50,55,0,0,3,22,25,0,2,6,72,80,0,210,210,290
07/02/2011,ADW,MD,AEA,EN,Towers with Radar,0,0,3,17,20,0,0,6,10,16,0,0,9,27,36,88,70,158,194
07/03/2011,ADW,MD,AEA,EN,Towers with Radar,0,0,0,20,20,0,0,0,8,8,0,0,0,28,28,0,82,82,110
07/04/2011,ADW,MD,AEA,EN,Towers with Radar,0,2,0,12,14,0,0,0,9,9,0,2,0,21,23,0,4,4,27
07/05/2011,ADW,MD,AEA,EN,Towers with Radar,4,2,25,69,100,0,0,4,27,31,4,2,29,96,131,44,252,296,427
07/06/2011,ADW,MD,AEA,EN,Towers with Radar,0,2,9,80,91,0,0,2,23,25,0,2,11,103,116,12,136,148,264
07/07/2011,ADW,MD,AEA,EN,Towers with Radar,0,6,6,92,104,0,0,3,24,27,0,6,9,116,131,0,170,170,301
07/08/2011,ADW,MD,AEA,EN,Towers with Radar,2,1,4,88,95,0,0,7,22,29,2,1,11,110,124,18,160,178,302
07/09/2011,ADW,MD,AEA,EN,Towers with Radar,0,0,0,16,16,0,0,6,14,20,0,0,6,30,36,14,36,50,86
07/10/2011,ADW,MD,AEA,EN,Towers with Radar,0,0,0,32,32,0,0,5,14,19,0,0,5,46,51,90,122,212,263
07/11/2011,ADW,MD,AEA,EN,Towers with Radar,4,4,8,91,107,0,0,9,21,30,4,4,17,112,137,92,260,352,489
07/12/2011,ADW,MD,AEA,EN,Towers with Radar,2,4,12,92,110,0,0,9,29,38,2,4,21,121,148,56,176,232,380
07/13/2011,ADW,MD,AEA,EN,Towers with Radar,1,2,7,105,115,0,0,3,30,33,1,2,10,135,148,0,180,180,328
07/14/2011,ADW,MD,AEA,EN,Towers with Radar,2,2,16,111,131,0,0,4,27,31,2,2,20,138,162,68,302,370,532
07/15/2011,ADW,MD,AEA,EN,Towers with Radar,0,2,4,60,66,0,0,6,19,25,0,2,10,79,91,72,190,262,353
07/16/2011,ADW,MD,AEA,EN,Towers with Radar,0,0,0,48,48,0,0,11,14,25,0,0,11,62,73,40,48,88,161
07/17/2011,ADW,MD,AEA,EN,Towers with Radar,1,4,0,34,39,0,0,9,11,20,1,4,9,45,59,8,72,80,139
07/18/2011,ADW,MD,AEA,EN,Towers with Radar,1,1,1,72,75,0,0,6,23,29,1,1,7,95,104,20,98,118,222
07/19/2011,ADW,MD,AEA,EN,Towers with Radar,0,2,7,91,100,0,0,8,25,33,0,2,15,116,133,24,124,148,281
07/20/2011,ADW,MD,AEA,EN,Towers with Radar,0,1,11,71,83,0,0,4,27,31,0,1,15,98,114,8,154,162,276
07/21/2011,ADW,MD,AEA,EN,Towers with Radar,2,1,11,83,97,0,0,4,29,33,2,1,15,112,130,68,196,264,394
07/22/2011,ADW,MD,AEA,EN,Towers with Radar,3,4,6,52,65,0,0,8,20,28,3,4,14,72,93,0,88,88,181
07/23/2011,ADW,MD,AEA,EN,Towers with Radar,1,0,0,21,22,0,0,1,8,9,1,0,1,29,31,0,12,12,43
07/24/2011,ADW,MD,AEA,EN,Towers with Radar,2,8,0,34,44,0,0,10,6,16,2,8,10,40,60,12,72,84,144
07/25/2011,ADW,MD,AEA,EN,Towers with Radar,4,6,20,67,97,0,0,5,22,27,4,6,25,89,124,24,72,96,220
07/26/2011,ADW,MD,AEA,EN,Towers with Radar,0,3,10,77,90,0,0,4,24,28,0,3,14,101,118,120,154,274,392
07/27/2011,ADW,MD,AEA,EN,Towers with Radar,3,2,6,66,77,0,2,9,30,41,3,4,15,96,118,90,232,322,440
07/28/2011,ADW,MD,AEA,EN,Towers with Radar,2,4,13,88,107,0,0,10,25,35,2,4,23,113,142,48,174,222,364
07/29/2011,ADW,MD,AEA,EN,Towers with Radar,3,2,10,75,90,0,0,2,11,13,3,2,12,86,103,92,140,232,335
07/30/2011,ADW,MD,AEA,EN,Towers with Radar,0,0,3,32,35,0,0,9,12,21,0,0,12,44,56,68,22,90,146
07/31/2011,ADW,MD,AEA,EN,Towers with Radar,2,1,0,30,33,0,0,10,13,23,2,1,10,43,56,8,50,58,114
08/01/2011,ADW,MD,AEA,EN,Towers with Radar,2,5,15,49,71,0,0,4,21,25,2,5,19,70,96,20,54,74,170
08/02/2011,ADW,MD,AEA,EN,Towers with Radar,2,9,12,82,105,0,0,7,26,33,2,9,19,108,138,60,188,248,386
08/03/2011,ADW,MD,AEA,EN,Towers with Radar,0,2,5,61,68,0,0,11,21,32,0,2,16,82,100,20,44,64,164
08/04/2011,ADW,MD,AEA,EN,Towers with Radar,0,4,13,81,98,0,0,6,30,36,0,4,19,111,134,60,182,242,376
08/05/2011,ADW,MD,AEA,EN,Towers with Radar,2,9,12,77,100,0,0,5,19,24,2,9,17,96,124,86,252,338,462
08/06/2011,ADW,MD,AEA,EN,Towers with Radar,0,0,0,23,23,0,0,7,7,14,0,0,7,30,37,66,44,110,147
08/07/2011,ADW,MD,AEA,EN,Towers with Radar,0,2,0,31,33,0,0,6,6,12,0,2,6,37,45,6,38,44,89
08/08/2011,ADW,MD,AEA,EN,Towers with Radar,0,2,9,56,67,0,0,4,22,26,0,2,13,78,93,20,140,160,253
08/09/2011,ADW,MD,AEA,EN,Towers with Radar,0,0,3,80,83,0,0,6,23,29,0,0,9,103,112,16,80,96,208
08/10/2011,ADW,MD,AEA,EN,Towers with Radar,0,2,10,72,84,0,0,14,16,30,0,2,24,88,114,122,84,206,320
08/11/2011,ADW,MD,AEA,EN,Towers with Radar,2,3,7,68,80,0,0,6,24,30,2,3,13,92,110,88,104,192,302
08/12/2011,ADW,MD,AEA,EN,Towers with Radar,0,5,20,74,99,0,0,14,16,30,0,5,34,90,129,46,110,156,285
08/13/2011,ADW,MD,AEA,EN,Towers with Radar,0,5,0,45,50,0,0,8,19,27,0,5,8,64,77,78,84,162,239
08/14/2011,ADW,MD,AEA,EN,Towers with Radar,0,0,0,30,30,0,0,4,7,11,0,0,4,37,41,32,12,44,85
08/15/2011,ADW,MD,AEA,EN,Towers with Radar,4,0,18,46,68,0,0,1,12,13,4,0,19,58,81,0,14,14,95
08/16/2011,ADW,MD,AEA,EN,Towers with Radar,0,2,6,73,81,0,0,6,30,36,0,2,12,103,117,10,200,210,327
08/17/2011,ADW,MD,AEA,EN,Towers with Radar,3,1,4,88,96,0,0,6,32,38,3,1,10,120,134,52,144,196,330
08/18/2011,ADW,MD,AEA,EN,Towers with Radar,3,7,2,90,102,0,0,6,24,30,3,7,8,114,132,20,56,76,208
08/19/2011,ADW,MD,AEA,EN,Towers with Radar,2,2,6,58,68,0,0,2,19,21,2,2,8,77,89,70,82,152,241
08/20/2011,ADW,MD,AEA,EN,Towers with Radar,0,0,0,24,24,0,0,1,9,10,0,0,1,33,34,54,68,122,156
08/21/2011,ADW,MD,AEA,EN,Towers with Radar,0,0,2,50,52,0,0,6,12,18,0,0,8,62,70,6,112,118,188
08/22/2011,ADW,MD,AEA,EN,Towers with Radar,5,2,5,40,52,0,0,8,22,30,5,2,13,62,82,0,22,22,104
08/23/2011,ADW,MD,AEA,EN,Towers with Radar,0,5,14,62,81,0,0,5,17,22,0,5,19,79,103,0,64,64,167
08/24/2011,ADW,MD,AEA,EN,Towers with Radar,5,0,9,97,111,0,0,11,22,33,5,0,20,119,144,40,126,166,310
08/25/2011,ADW,MD,AEA,EN,Towers with Radar,0,3,5,60,68,0,0,1,3,4,0,3,6,63,72,76,8,84,156
08/26/2011,ADW,MD,AEA,EN,Towers with Radar,0,2,8,108,118,0,0,5,20,25,0,2,13,128,143,70,182,252,395
08/27/2011,ADW,MD,AEA,EN,Towers with Radar,0,0,0,19,19,0,0,0,1,1,0,0,0,20,20,0,0,0,20
08/28/2011,ADW,MD,AEA,EN,Towers with Radar,0,0,1,23,24,0,0,7,10,17,0,0,8,33,41,0,0,0,41
08/29/2011,ADW,MD,AEA,EN,Towers with Radar,4,1,10,57,72,0,0,7,10,17,4,1,17,67,89,10,14,24,113
08/30/2011,ADW,MD,AEA,EN,Towers with Radar,0,5,19,97,121,0,0,11,32,43,0,5,30,129,164,16,114,130,294
08/31/2011,ADW,MD,AEA,EN,Towers with Radar,4,2,12,85,103,0,0,7,20,27,4,2,19,105,130,4,192,196,326
09/01/2011,ADW,MD,AEA,EN,Towers with Radar,2,0,16,90,108,0,0,12,25,37,2,0,28,115,145,30,216,246,391
09/02/2011,ADW,MD,AEA,EN,Towers with Radar,0,1,0,50,51,0,0,5,8,13,0,1,5,58,64,0,18,18,82
09/03/2011,ADW,MD,AEA,EN,Towers with Radar,0,2,4,20,26,0,0,17,7,24,0,2,21,27,50,80,10,90,140
09/04/2011,ADW,MD,AEA,EN,Towers with Radar,1,0,4,25,30,0,0,14,16,30,1,0,18,41,60,106,26,132,192
09/05/2011,ADW,MD,AEA,EN,Towers with Radar,0,0,0,35,35,0,0,8,15,23,0,0,8,50,58,40,8,48,106
09/06/2011,ADW,MD,AEA,EN,Towers with Radar,0,0,4,77,81,0,0,0,1,1,0,0,4,78,82,0,22,22,104
09/07/2011,ADW,MD,AEA,EN,Towers with Radar,0,5,6,39,50,0,0,0,1,1,0,5,6,40,51,12,4,16,67
09/08/2011,ADW,MD,AEA,EN,Towers with Radar,2,1,1,71,75,0,0,0,6,6,2,1,1,77,81,0,56,56,137
09/09/2011,ADW,MD,AEA,EN,Towers with Radar,0,0,20,67,87,0,0,3,16,19,0,0,23,83,106,76,124,200,306
09/10/2011,ADW,MD,AEA,EN,Towers with Radar,0,2,2,38,42,0,0,5,9,14,0,2,7,47,56,12,82,94,150
09/11/2011,ADW,MD,AEA,EN,Towers with Radar,0,0,0,49,49,0,0,9,21,30,0,0,9,70,79,26,42,68,147
09/12/2011,ADW,MD,AEA,EN,Towers with Radar,0,3,1,50,54,0,0,7,28,35,0,3,8,78,89,22,92,114,203
09/13/2011,ADW,MD,AEA,EN,Towers with Radar,10,1,12,77,100,0,0,10,37,47,10,1,22,114,147,156,126,282,429
09/14/2011,ADW,MD,AEA,EN,Towers with Radar,2,2,0,69,73,0,0,10,30,40,2,2,10,99,113,170,174,344,457
09/15/2011,ADW,MD,AEA,EN,Towers with Radar,4,15,30,110,159,0,3,6,36,45,4,18,36,146,204,82,310,392,596
09/16/2011,ADW,MD,AEA,EN,Towers with Radar,0,0,0,82,82,0,0,9,23,32,0,0,9,105,114,118,140,258,372
09/17/2011,ADW,MD,AEA,EN,Towers with Radar,0,1,1,19,21,0,0,6,15,21,0,1,7,34,42,92,98,190,232
09/18/2011,ADW,MD,AEA,EN,Towers with Radar,0,1,2,38,41,0,0,10,16,26,0,1,12,54,67,38,108,146,213
09/19/2011,ADW,MD,AEA,EN,Towers with Radar,3,4,11,55,73,0,0,6,30,36,3,4,17,85,109,88,148,236,345
09/20/2011,ADW,MD,AEA,EN,Towers with Radar,1,0,5,76,82,0,0,6,15,21,1,0,11,91,103,2,8,10,113
09/21/2011,ADW,MD,AEA,EN,Towers with Radar,4,0,7,64,75,0,0,2,19,21,4,0,9,83,96,58,62,120,216
09/22/2011,ADW,MD,AEA,EN,Towers with Radar,1,6,4,83,94,0,0,5,22,27,1,6,9,105,121,90,36,126,247
09/23/2011,ADW,MD,AEA,EN,Towers with Radar,3,2,1,54,60,0,0,0,0,0,3,2,1,54,60,46,38,84,144
09/24/2011,ADW,MD,AEA,EN,Towers with Radar,3,0,4,31,38,0,0,1,10,11,3,0,5,41,49,52,14,66,115
09/25/2011,ADW,MD,AEA,EN,Towers with Radar,8,0,4,45,57,0,0,3,14,17,8,0,7,59,74,38,40,78,152
09/26/2011,ADW,MD,AEA,EN,Towers with Radar,2,4,2,62,70,0,0,6,20,26,2,4,8,82,96,0,160,160,256
09/27/2011,ADW,MD,AEA,EN,Towers with Radar,4,2,2,87,95,0,0,7,19,26,4,2,9,106,121,12,106,118,239
09/28/2011,ADW,MD,AEA,EN,Towers with Radar,6,6,34,69,115,0,0,3,17,20,6,6,37,86,135,12,156,168,303
09/29/2011,ADW,MD,AEA,EN,Towers with Radar,3,5,15,96,119,0,0,4,30,34,3,5,19,126,153,78,176,254,407
09/30/2011,ADW,MD,AEA,EN,Towers with Radar,5,0,3,48,56,0,0,6,12,18,5,0,9,60,74,86,50,136,210
10/01/2011,ADW,MD,AEA,EN,Towers with Radar,0,0,1,24,25,0,0,4,12,16,0,0,5,36,41,52,26,78,119
10/02/2011,ADW,MD,AEA,EN,Towers with Radar,2,1,0,36,39,0,0,0,14,14,2,1,0,50,53,114,22,136,189
10/03/2011,ADW,MD,AEA,EN,Towers with Radar,1,2,5,71,79,0,0,12,29,41,1,2,17,100,120,52,88,140,260
10/04/2011,ADW,MD,AEA,EN,Towers with Radar,1,1,8,63,73,0,0,5,36,41,1,1,13,99,114,122,86,208,322
10/05/2011,ADW,MD,AEA,EN,Towers with Radar,0,5,14,68,87,0,0,9,23,32,0,5,23,91,119,92,264,356,475
10/06/2011,ADW,MD,AEA,EN,Towers with Radar,2,7,7,64,80,0,0,2,30,32,2,7,9,94,112,100,114,214,326
10/07/2011,ADW,MD,AEA,EN,Towers with Radar,0,2,17,66,85,0,0,9,19,28,0,2,26,85,113,126,166,292,405
10/08/2011,ADW,MD,AEA,EN,Towers with Radar,1,2,1,20,24,0,0,17,13,30,1,2,18,33,54,128,12,140,194
10/09/2011,ADW,MD,AEA,EN,Towers with Radar,1,1,0,14,16,0,0,7,10,17,1,1,7,24,33,0,34,34,67
10/10/2011,ADW,MD,AEA,EN,Towers with Radar,3,4,4,36,47,0,0,9,6,15,3,4,13,42,62,38,32,70,132
10/11/2011,ADW,MD,AEA,EN,Towers with Radar,4,0,28,56,88,0,0,15,35,50,4,0,43,91,138,22,122,144,282
10/12/2011,ADW,MD,AEA,EN,Towers with Radar,2,4,8,73,87,0,0,3,4,7,2,4,11,77,94,0,0,0,94
10/13/2011,ADW,MD,AEA,EN,Towers with Radar,0,2,4,71,77,0,0,2,9,11,0,2,6,80,88,0,78,78,166
10/14/2011,ADW,MD,AEA,EN,Towers with Radar,7,2,13,83,105,0,0,3,17,20,7,2,16,100,125,6,148,154,279
10/15/2011,ADW,MD,AEA,EN,Towers with Radar,0,2,1,56,59,0,0,14,12,26,0,2,15,68,85,47,32,79,164
10/16/2011,ADW,MD,AEA,EN,Towers with Radar,0,2,4,40,46,0,0,5,11,16,0,2,9,51,62,46,62,108,170
10/17/2011,ADW,MD,AEA,EN,Towers with Radar,2,2,7,62,73,0,0,4,45,49,2,2,11,107,122,24,202,226,348
10/18/2011,ADW,MD,AEA,EN,Towers with Radar,0,0,9,73,82,0,0,11,35,46,0,0,20,108,128,74,48,122,250
10/19/2011,ADW,MD,AEA,EN,Towers with Radar,2,2,16,58,78,0,0,2,9,11,2,2,18,67,89,0,18,18,107
10/20/2011,ADW,MD,AEA,EN,Towers with Radar,1,4,14,78,97,0,0,8,34,42,1,4,22,112,139,54,126,180,319
10/21/2011,ADW,MD,AEA,EN,Towers with Radar,3,7,23,71,104,0,0,6,29,35,3,7,29,100,139,130,228,358,497
10/22/2011,ADW,MD,AEA,EN,Towers with Radar,0,1,0,30,31,0,0,6,12,18,0,1,6,42,49,44,36,80,129
10/23/2011,ADW,MD,AEA,EN,Towers with Radar,0,0,0,41,41,0,0,6,14,20,0,0,6,55,61,8,228,236,297
10/24/2011,ADW,MD,AEA,EN,Towers with Radar,5,2,21,52,80,0,0,3,31,34,5,2,24,83,114,0,104,104,218
10/25/2011,ADW,MD,AEA,EN,Towers with Radar,1,1,0,103,105,0,0,9,29,38,1,1,9,132,143,0,186,186,329
10/26/2011,ADW,MD,AEA,EN,Towers with Radar,5,4,12,63,84,0,0,4,34,38,5,4,16,97,122,108,128,236,358
10/27/2011,ADW,MD,AEA,EN,Towers with Radar,0,0,15,72,87,0,0,8,30,38,0,0,23,102,125,86,188,274,399
10/28/2011,ADW,MD,AEA,EN,Towers with Radar,4,0,18,112,134,0,0,0,20,20,4,0,18,132,154,12,238,250,404
10/29/2011,ADW,MD,AEA,EN,Towers with Radar,1,2,0,32,35,0,0,0,0,0,1,2,0,32,35,0,0,0,35
10/30/2011,ADW,MD,AEA,EN,Towers with Radar,6,0,0,26,32,0,0,7,14,21,6,0,7,40,53,0,0,0,53
10/31/2011,ADW,MD,AEA,EN,Towers with Radar,0,5,6,56,67,0,0,10,26,36,0,5,16,82,103,52,190,242,345
11/01/2011,ADW,MD,AEA,EN,Towers with Radar,2,2,4,74,82,0,0,4,37,41,2,2,8,111,123,28,96,124,247
11/02/2011,ADW,MD,AEA,EN,Towers with Radar,1,2,6,56,65,0,0,7,30,37,1,2,13,86,102,31,80,111,213
11/03/2011,ADW,MD,AEA,EN,Towers with Radar,0,0,4,78,82,0,0,8,34,42,0,0,12,112,124,8,196,204,328
11/04/2011,ADW,MD,AEA,EN,Towers with Radar,2,0,2,72,76,0,0,9,29,38,2,0,11,101,114,14,326,340,454
11/05/2011,ADW,MD,AEA,EN,Towers with Radar,4,0,0,55,59,0,0,9,13,22,4,0,9,68,81,60,4,64,145
11/06/2011,ADW,MD,AEA,EN,Towers with Radar,0,0,2,75,77,0,0,9,9,18,0,0,11,84,95,0,0,0,95
11/07/2011,ADW,MD,AEA,EN,Towers with Radar,2,3,13,68,86,0,0,6,32,38,2,3,19,100,124,16,192,208,332
11/08/2011,ADW,MD,AEA,EN,Towers with Radar,0,2,10,67,79,0,0,9,37,46,0,2,19,104,125,6,144,150,275
11/09/2011,ADW,MD,AEA,EN,Towers with Radar,0,3,18,98,119,0,0,5,30,35,0,3,23,128,154,124,216,340,494
11/10/2011,ADW,MD,AEA,EN,Towers with Radar,1,2,1,85,89,0,0,2,23,25,1,2,3,108,114,20,164,184,298
11/11/2011,ADW,MD,AEA,EN,Towers with Radar,3,0,0,22,25,0,0,11,14,25,3,0,11,36,50,52,16,68,118
11/12/2011,ADW,MD,AEA,EN,Towers with Radar,5,0,0,27,32,0,0,8,9,17,5,0,8,36,49,48,42,90,139
11/13/2011,ADW,MD,AEA,EN,Towers with Radar,3,1,1,27,32,0,0,11,14,25,3,1,12,41,57,118,66,184,241
11/14/2011,ADW,MD,AEA,EN,Towers with Radar,6,0,8,53,67,0,0,8,31,39,6,0,16,84,106,40,160,200,306
11/15/2011,ADW,MD,AEA,EN,Towers with Radar,0,0,2,63,65,0,0,7,22,29,0,0,9,85,94,26,204,230,324
11/16/2011,ADW,MD,AEA,EN,Towers with Radar,2,4,5,55,66,0,0,0,8,8,2,4,5,63,74,0,0,0,74
11/17/2011,ADW,MD,AEA,EN,Towers with Radar,1,3,18,95,117,0,0,3,22,25,1,3,21,117,142,46,300,346,488
11/18/2011,ADW,MD,AEA,EN,Towers with Radar,1,0,16,74,91,0,0,12,19,31,1,0,28,93,122,86,144,230,352
11/19/2011,ADW,MD,AEA,EN,Towers with Radar,3,0,4,39,46,0,0,12,10,22,3,0,16,49,68,48,46,94,162
11/20/2011,ADW,MD,AEA,EN,Towers with Radar,5,1,2,43,51,0,0,10,17,27,5,1,12,60,78,0,0,0,78
11/21/2011,ADW,MD,AEA,EN,Towers with Radar,0,3,6,62,71,0,0,3,11,14,0,3,9,73,85,0,70,70,155
11/22/2011,ADW,MD,AEA,EN,Towers with Radar,2,0,6,50,58,0,0,1,0,1,2,0,7,50,59,0,0,0,59
11/23/2011,ADW,MD,AEA,EN,Towers with Radar,3,0,1,40,44,0,0,3,20,23,3,0,4,60,67,18,136,154,221
11/24/2011,ADW,MD,AEA,EN,Towers with Radar,0,0,0,11,11,0,0,3,2,5,0,0,3,13,16,0,0,0,16
11/25/2011,ADW,MD,AEA,EN,Towers with Radar,0,1,0,10,11,0,0,7,10,17,0,1,7,20,28,70,58,128,156
11/26/2011,ADW,MD,AEA,EN,Towers with Radar,0,1,0,12,13,0,0,12,9,21,0,1,12,21,34,0,0,0,34
11/27/2011,ADW,MD,AEA,EN,Towers with Radar,0,0,0,28,28,0,0,8,17,25,0,0,8,45,53,112,78,190,243
11/28/2011,ADW,MD,AEA,EN,Towers with Radar,2,2,1,70,75,0,0,6,35,41,2,2,7,105,116,0,102,102,218
11/29/2011,ADW,MD,AEA,EN,Towers with Radar,0,0,0,72,72,0,0,1,9,10,0,0,1,81,82,0,16,16,98
11/30/2011,ADW,MD,AEA,EN,Towers with Radar,0,1,3,78,82,0,0,4,34,38,0,1,7,112,120,60,166,226,346
12/01/2011,ADW,MD,AEA,EN,Towers with Radar,1,0,0,83,84,0,0,10,42,52,1,0,10,125,136,56,258,314,450
12/02/2011,ADW,MD,AEA,EN,Towers with Radar,0,5,3,80,88,0,0,10,29,39,0,5,13,109,127,0,0,0,127
12/03/2011,ADW,MD,AEA,EN,Towers with Radar,1,1,0,62,64,0,0,6,12,18,1,1,6,74,82,48,100,148,230
12/04/2011,ADW,MD,AEA,EN,Towers with Radar,0,1,0,25,26,0,0,5,12,17,0,1,5,37,43,0,72,72,115
12/05/2011,ADW,MD,AEA,EN,Towers with Radar,1,0,2,53,56,0,0,3,36,39,1,0,5,89,95,46,194,240,335
12/06/2011,ADW,MD,AEA,EN,Towers with Radar,1,2,1,65,69,0,0,1,14,15,1,2,2,79,84,4,16,20,104
12/07/2011,ADW,MD,AEA,EN,Towers with Radar,0,2,0,54,56,0,0,0,0,0,0,2,0,54,56,4,56,60,116
12/08/2011,ADW,MD,AEA,EN,Towers with Radar,2,6,3,106,117,1,2,6,34,43,3,8,9,140,160,10,218,228,388
12/09/2011,ADW,MD,AEA,EN,Towers with Radar,2,0,1,55,58,0,0,4,31,35,2,0,5,86,93,74,138,212,305
12/10/2011,ADW,MD,AEA,EN,Towers with Radar,0,0,0,25,25,0,2,3,17,22,0,2,3,42,47,40,70,110,157
12/11/2011,ADW,MD,AEA,EN,Towers with Radar,1,1,1,54,57,0,0,4,17,21,1,1,5,71,78,0,134,134,212
12/12/2011,ADW,MD,AEA,EN,Towers with Radar,2,1,0,43,46,0,0,2,14,16,2,1,2,57,62,0,0,0,62
12/13/2011,ADW,MD,AEA,EN,Towers with Radar,0,5,2,84,91,0,0,9,19,28,0,5,11,103,119,24,206,230,349
12/14/2011,ADW,MD,AEA,EN,Towers with Radar,4,8,1,92,105,0,0,11,25,36,4,8,12,117,141,18,86,104,245
12/15/2011,ADW,MD,AEA,EN,Towers with Radar,1,3,0,97,101,0,0,8,26,34,1,3,8,123,135,36,170,206,341
12/16/2011,ADW,MD,AEA,EN,Towers with Radar,0,1,0,30,31,0,0,8,24,32,0,1,8,54,63,4,30,34,97
12/17/2011,ADW,MD,AEA,EN,Towers with Radar,0,4,0,11,15,0,0,9,14,23,0,4,9,25,38,40,54,94,132
12/18/2011,ADW,MD,AEA,EN,Towers with Radar,0,0,0,26,26,0,0,6,12,18,0,0,6,38,44,82,60,142,186
12/19/2011,ADW,MD,AEA,EN,Towers with Radar,3,3,0,53,59,0,0,5,35,40,3,3,5,88,99,20,194,214,313
12/20/2011,ADW,MD,AEA,EN,Towers with Radar,0,0,0,60,60,0,0,10,23,33,0,0,10,83,93,4,42,46,139
12/21/2011,ADW,MD,AEA,EN,Towers with Radar,2,3,6,86,97,0,0,1,18,19,2,3,7,104,116,0,50,50,166
12/22/2011,ADW,MD,AEA,EN,Towers with Radar,0,0,1,52,53,0,0,9,26,35,0,0,10,78,88,46,178,224,312
12/23/2011,ADW,MD,AEA,EN,Towers with Radar,2,2,0,17,21,0,0,5,31,36,2,2,5,48,57,34,78,112,169
12/24/2011,ADW,MD,AEA,EN,Towers with Radar,0,0,0,5,5,0,0,5,6,11,0,0,5,11,16,56,32,88,104
12/25/2011,ADW,MD,AEA,EN,Towers with Radar,0,0,0,3,3,0,0,1,0,1,0,0,1,3,4,0,0,0,4
12/26/2011,ADW,MD,AEA,EN,Towers with Radar,0,0,0,18,18,0,0,4,6,10,0,0,4,24,28,62,54,116,144
12/27/2011,ADW,MD,AEA,EN,Towers with Radar,1,4,1,38,44,0,0,3,12,15,1,4,4,50,59,78,116,194,253
12/28/2011,ADW,MD,AEA,EN,Towers with Radar,0,4,0,33,37,0,0,5,22,27,0,4,5,55,64,42,50,92,156
12/29/2011,ADW,MD,AEA,EN,Towers with Radar,3,3,2,48,56,0,0,5,16,21,3,3,7,64,77,56,110,166,243
12/30/2011,ADW,MD,AEA,EN,Towers with Radar,1,1,1,19,22,0,0,9,10,19,1,1,10,29,41,20,142,162,203
12/31/2011,ADW,MD,AEA,EN,Towers with Radar,0,1,1,8,10,0,0,6,2,8,0,1,7,10,18,0,0,0,18
01/01/2012,ADW,MD,AEA,EN,Towers with Radar,1,0,0,3,4,0,0,3,5,8,1,0,3,8,12,0,4,4,16
01/02/2012,ADW,MD,AEA,EN,Towers with Radar,0,0,0,12,12,0,0,4,6,10,0,0,4,18,22,0,0,0,22
01/03/2012,ADW,MD,AEA,EN,Towers with Radar,0,4,2,73,79,0,1,9,27,37,0,5,11,100,116,50,80,130,246
01/04/2012,ADW,MD,AEA,EN,Towers with Radar,2,4,2,93,101,0,0,7,26,33,2,4,9,119,134,60,202,262,396
01/05/2012,ADW,MD,AEA,EN,Towers with Radar,3,2,0,96,101,0,0,3,23,26,3,2,3,119,127,56,270,326,453
01/06/2012,ADW,MD,AEA,EN,Towers with Radar,2,1,1,63,67,0,0,4,17,21,2,1,5,80,88,32,96,128,216
01/07/2012,ADW,MD,AEA,EN,Towers with Radar,2,0,0,23,25,0,0,6,15,21,2,0,6,38,46,18,90,108,154
01/08/2012,ADW,MD,AEA,EN,Towers with Radar,0,1,1,25,27,0,2,2,12,16,0,3,3,37,43,22,202,224,267
01/09/2012,ADW,MD,AEA,EN,Towers with Radar,0,0,2,52,54,0,0,3,7,10,0,0,5,59,64,0,2,2,66
01/10/2012,ADW,MD,AEA,EN,Towers with Radar,1,1,4,92,98,0,0,4,28,32,1,1,8,120,130,44,266,310,440
01/11/2012,ADW,MD,AEA,EN,Towers with Radar,5,3,2,82,92,0,0,0,10,10,5,3,2,92,102,0,82,82,184
01/12/2012,ADW,MD,AEA,EN,Towers with Radar,0,0,0,82,82,0,0,1,25,26,0,0,1,107,108,0,186,186,294
01/13/2012,ADW,MD,AEA,EN,Towers with Radar,2,1,0,45,48,0,0,4,6,10,2,1,4,51,58,28,70,98,156
01/14/2012,ADW,MD,AEA,EN,Towers with Radar,0,0,0,20,20,0,0,3,11,14,0,0,3,31,34,46,136,182,216
01/15/2012,ADW,MD,AEA,EN,Towers with Radar,1,1,1,20,23,0,0,2,11,13,1,1,3,31,36,4,54,58,94
01/16/2012,ADW,MD,AEA,EN,Towers with Radar,8,3,1,26,38,0,0,6,14,20,8,3,7,40,58,44,16,60,118
01/17/2012,ADW,MD,AEA,EN,Towers with Radar,0,2,2,75,79,0,0,12,35,47,0,2,14,110,126,80,212,292,418
01/18/2012,ADW,MD,AEA,EN,Towers with Radar,1,3,2,95,101,0,0,1,35,36,1,3,3,130,137,8,238,246,383
01/19/2012,ADW,MD,AEA,EN,Towers with Radar,3,2,4,93,102,0,0,10,39,49,3,2,14,132,151,10,220,230,381
01/20/2012,ADW,MD,AEA,EN,Towers with Radar,1,1,1,77,80,0,0,6,25,31,1,1,7,102,111,100,186,286,397
01/21/2012,ADW,MD,AEA,EN,Towers with Radar,0,0,0,20,20,0,0,1,0,1,0,0,1,20,21,0,24,24,45
01/22/2012,ADW,MD,AEA,EN,Towers with Radar,0,0,0,22,22,0,0,0,4,4,0,0,0,26,26,0,0,0,26
01/23/2012,ADW,MD,AEA,EN,Towers with Radar,3,3,2,22,30,0,0,0,0,0,3,3,2,22,30,0,0,0,30
01/24/2012,ADW,MD,AEA,EN,Towers with Radar,1,4,3,84,92,0,0,7,7,14,1,4,10,91,106,36,72,108,214
01/25/2012,ADW,MD,AEA,EN,Towers with Radar,2,0,1,97,100,0,0,10,14,24,2,0,11,111,124,80,60,140,264
01/26/2012,ADW,MD,AEA,EN,Towers with Radar,0,0,2,86,88,0,0,5,28,33,0,0,7,114,121,22,178,200,321
01/27/2012,ADW,MD,AEA,EN,Towers with Radar,2,1,0,62,65,0,0,9,17,26,2,1,9,79,91,8,40,48,139
01/28/2012,ADW,MD,AEA,EN,Towers with Radar,4,0,2,28,34,0,0,5,9,14,4,0,7,37,48,72,124,196,244
01/29/2012,ADW,MD,AEA,EN,Towers with Radar,0,2,0,29,31,0,0,2,8,10,0,2,2,37,41,74,80,154,195
01/30/2012,ADW,MD,AEA,EN,Towers with Radar,2,1,1,96,100,0,0,8,35,43,2,1,9,131,143,72,184,256,399
01/31/2012,ADW,MD,AEA,EN,Towers with Radar,0,0,5,107,112,0,2,12,37,51,0,2,17,144,163,18,254,272,435
02/01/2012,ADW,MD,AEA,EN,Towers with Radar,2,4,4,86,96,0,0,7,25,32,2,4,11,111,128,20,216,236,364
02/02/2012,ADW,MD,AEA,EN,Towers with Radar,2,0,15,110,127,0,0,7,28,35,2,0,22,138,162,32,184,216,378
02/03/2012,ADW,MD,AEA,EN,Towers with Radar,0,3,1,89,93,0,0,9,23,32,0,3,10,112,125,136,134,270,395
02/04/2012,ADW,MD,AEA,EN,Towers with Radar,0,4,0,24,28,0,0,2,8,10,0,4,2,32,38,6,26,32,70
02/05/2012,ADW,MD,AEA,EN,Towers with Radar,2,0,0,34,36,0,0,4,11,15,2,0,4,45,51,8,88,96,147
02/06/2012,ADW,MD,AEA,EN,Towers with Radar,4,2,4,72,82,0,0,4,23,27,4,2,8,95,109,0,118,118,227
02/07/2012,ADW,MD,AEA,EN,Towers with Radar,0,4,3,104,111,0,0,7,24,31,0,4,10,128,142,126,230,356,498
02/08/2012,ADW,MD,AEA,EN,Towers with Radar,0,2,2,118,122,0,0,3,13,16,0,2,5,131,138,26,140,166,304
02/09/2012,ADW,MD,AEA,EN,Towers with Radar,0,2,1,104,107,0,0,6,37,43,0,2,7,141,150,92,162,254,404
02/10/2012,ADW,MD,AEA,EN,Towers with Radar,2,11,2,77,92,0,0,4,18,22,2,11,6,95,114,0,74,74,188
02/11/2012,ADW,MD,AEA,EN,Towers with Radar,2,0,1,51,54,0,0,0,7,7,2,0,1,58,61,26,8,34,95
02/12/2012,ADW,MD,AEA,EN,Towers with Radar,2,1,1,44,48,0,0,2,9,11,2,1,3,53,59,0,68,68,127
02/13/2012,ADW,MD,AEA,EN,Towers with Radar,5,1,1,58,65,0,0,6,23,29,5,1,7,81,94,0,0,0,94
02/14/2012,ADW,MD,AEA,EN,Towers with Radar,0,2,3,72,77,0,0,9,29,38,0,2,12,101,115,40,140,180,295
02/15/2012,ADW,MD,AEA,EN,Towers with Radar,3,0,0,101,104,0,0,5,33,38,3,0,5,134,142,12,122,134,276
02/16/2012,ADW,MD,AEA,EN,Towers with Radar,0,1,4,99,104,0,0,5,41,46,0,1,9,140,150,6,316,322,472
02/17/2012,ADW,MD,AEA,EN,Towers with Radar,0,1,0,87,88,0,0,2,28,30,0,1,2,115,118,16,152,168,286
02/18/2012,ADW,MD,AEA,EN,Towers with Radar,2,3,1,27,33,0,0,6,11,17,2,3,7,38,50,36,40,76,126
02/19/2012,ADW,MD,AEA,EN,Towers with Radar,1,0,0,7,8,0,0,2,10,12,1,0,2,17,20,0,0,0,20
02/20/2012,ADW,MD,AEA,EN,Towers with Radar,0,2,0,38,40,0,0,2,10,12,0,2,2,48,52,28,52,80,132
02/21/2012,ADW,MD,AEA,EN,Towers with Radar,0,3,3,96,102,0,0,10,30,40,0,3,13,126,142,66,250,316,458
02/22/2012,ADW,MD,AEA,EN,Towers with Radar,2,2,0,78,82,0,0,4,29,33,2,2,4,107,115,54,222,276,391
02/23/2012,ADW,MD,AEA,EN,Towers with Radar,0,2,2,71,75,0,0,8,30,38,0,2,10,101,113,60,114,174,287
02/24/2012,ADW,MD,AEA,EN,Towers with Radar,1,4,0,119,124,0,0,4,10,14,1,4,4,129,138,18,62,80,218
02/25/2012,ADW,MD,AEA,EN,Towers with Radar,1,0,0,41,42,0,0,3,8,11,1,0,3,49,53,0,0,0,53
02/26/2012,ADW,MD,AEA,EN,Towers with Radar,0,3,0,39,42,0,0,6,11,17,0,3,6,50,59,18,16,34,93
02/27/2012,ADW,MD,AEA,EN,Towers with Radar,2,1,2,96,101,0,0,7,23,30,2,1,9,119,131,40,172,212,343
02/28/2012,ADW,MD,AEA,EN,Towers with Radar,0,1,2,111,114,0,0,9,33,42,0,1,11,144,156,74,268,342,498
02/29/2012,ADW,MD,AEA,EN,Towers with Radar,1,2,8,52,63,0,0,0,1,1,1,2,8,53,64,14,40,54,118
03/01/2012,ADW,MD,AEA,EN,Towers with Radar,2,2,2,107,113,0,0,9,36,45,2,2,11,143,158,100,152,252,410
03/02/2012,ADW,MD,AEA,EN,Towers with Radar,3,1,3,119,126,0,0,2,26,28,3,1,5,145,154,86,30,116,270
03/03/2012,ADW,MD,AEA,EN,Towers with Radar,1,0,1,26,28,0,0,7,4,11,1,0,8,30,39,32,4,36,75
03/04/2012,ADW,MD,AEA,EN,Towers with Radar,2,0,1,31,34,0,0,3,10,13,2,0,4,41,47,28,10,38,85
03/05/2012,ADW,MD,AEA,EN,Towers with Radar,0,0,3,92,95,0,0,11,37,48,0,0,14,129,143,0,0,0,143
03/06/2012,ADW,MD,AEA,EN,Towers with Radar,3,1,7,75,86,0,0,3,29,32,3,1,10,104,118,0,78,78,196
03/07/2012,ADW,MD,AEA,EN,Towers with Radar,1,1,2,74,78,0,0,2,29,31,1,1,4,103,109,0,160,160,269
03/08/2012,ADW,MD,AEA,EN,Towers with Radar,1,1,0,111,113,0,0,7,19,26,1,1,7,130,139,58,146,204,343
03/09/2012,ADW,MD,AEA,EN,Towers with Radar,1,0,1,84,86,0,0,5,20,25,1,0,6,104,111,0,140,140,251
03/10/2012,ADW,MD,AEA,EN,Towers with Radar,2,0,2,68,72,0,0,4,13,17,2,0,6,81,89,64,104,168,257
03/11/2012,ADW,MD,AEA,EN,Towers with Radar,2,0,0,40,42,0,0,8,12,20,2,0,8,52,62,40,10,50,112
03/12/2012,ADW,MD,AEA,EN,Towers with Radar,3,0,2,85,90,0,0,5,33,38,3,0,7,118,128,0,214,214,342
03/13/2012,ADW,MD,AEA,EN,Towers with Radar,1,0,5,94,100,0,0,9,37,46,1,0,14,131,146,0,112,112,258
03/14/2012,ADW,MD,AEA,EN,Towers with Radar,1,0,0,107,108,0,0,6,39,45,1,0,6,146,153,34,216,250,403
03/15/2012,ADW,MD,AEA,EN,Towers with Radar,3,0,3,84,90,0,0,7,28,35,3,0,10,112,125,60,180,240,365
03/16/2012,ADW,MD,AEA,EN,Towers with Radar,0,0,0,81,81,2,0,4,6,12,2,0,4,87,93,0,22,22,115
03/17/2012,ADW,MD,AEA,EN,Towers with Radar,0,0,0,26,26,0,0,8,14,22,0,0,8,40,48,44,56,100,148
03/18/2012,ADW,MD,AEA,EN,Towers with Radar,1,0,0,31,32,0,0,3,6,9,1,0,3,37,41,46,34,80,121
03/19/2012,ADW,MD,AEA,EN,Towers with Radar,0,2,0,57,59,0,0,7,29,36,0,2,7,86,95,66,52,118,213
03/20/2012,ADW,MD,AEA,EN,Towers with Radar,1,1,0,96,98,0,0,2,17,19,1,1,2,113,117,6,88,94,211
03/21/2012,ADW,MD,AEA,EN,Towers with Radar,1,2,7,89,99,0,0,3,18,21,1,2,10,107,120,6,86,92,212
03/22/2012,ADW,MD,AEA,EN,Towers with Radar,4,1,2,109,116,0,0,13,22,35,4,1,15,131,151,8,112,120,271
03/23/2012,ADW,MD,AEA,EN,Towers with Radar,0,3,2,96,101,0,0,5,28,33,0,3,7,124,134,0,172,172,306
03/24/2012,ADW,MD,AEA,EN,Towers with Radar,0,0,0,25,25,0,0,3,3,6,0,0,3,28,31,0,0,0,31
03/25/2012,ADW,MD,AEA,EN,Towers with Radar,0,0,0,36,36,0,0,1,11,12,0,0,1,47,48,10,50,60,108
03/26/2012,ADW,MD,AEA,EN,Towers with Radar,4,0,0,60,64,0,0,9,27,36,4,0,9,87,100,90,46,136,236
03/27/2012,ADW,MD,AEA,EN,Towers with Radar,0,2,4,114,120,0,0,6,29,35,0,2,10,143,155,18,184,202,357
03/28/2012,ADW,MD,AEA,EN,Towers with Radar,1,0,2,90,93,0,0,6,20,26,1,0,8,110,119,4,94,98,217
03/29/2012,ADW,MD,AEA,EN,Towers with Radar,1,3,0,126,130,0,0,17,35,52,1,3,17,161,182,150,136,286,468
03/30/2012,ADW,MD,AEA,EN,Towers with Radar,4,8,2,87,101,0,0,5,18,23,4,8,7,105,124,38,242,280,404
03/31/2012,ADW,MD,AEA,EN,Towers with Radar,1,1,0,36,38,0,0,6,8,14,1,1,6,44,52,10,108,118,170
04/01/2012,ADW,MD,AEA,EN,Towers with Radar,1,5,1,18,25,0,0,7,8,15,1,5,8,26,40,12,44,56,96
04/02/2012,ADW,MD,AEA,EN,Towers with Radar,4,7,0,84,95,0,0,8,26,34,4,7,8,110,129,0,182,182,311
04/03/2012,ADW,MD,AEA,EN,Towers with Radar,4,6,4,90,104,0,0,11,31,42,4,6,15,121,146,24,180,204,350
04/04/2012,ADW,MD,AEA,EN,Towers with Radar,0,4,4,77,85,0,0,11,26,37,0,4,15,103,122,38,248,286,408
04/05/2012,ADW,MD,AEA,EN,Towers with Radar,0,0,2,101,103,0,0,12,30,42,0,0,14,131,145,56,246,302,447
04/06/2012,ADW,MD,AEA,EN,Towers with Radar,0,0,1,58,59,0,0,5,29,34,0,0,6,87,93,36,192,228,321
04/07/2012,ADW,MD,AEA,EN,Towers with Radar,0,0,0,13,13,0,0,4,14,18,0,0,4,27,31,60,38,98,129
04/08/2012,ADW,MD,AEA,EN,Towers with Radar,2,2,1,10,15,0,0,6,10,16,2,2,7,20,31,56,66,122,153
04/09/2012,ADW,MD,AEA,EN,Towers with Radar,0,1,0,51,52,0,0,14,26,40,0,1,14,77,92,18,22,40,132
04/10/2012,ADW,MD,AEA,EN,Towers with Radar,6,1,3,82,92,0,0,3,37,40,6,1,6,119,132,46,60,106,238
04/11/2012,ADW,MD,AEA,EN,Towers with Radar,2,2,4,95,103,0,0,8,30,38,2,2,12,125,141,42,110,152,293
04/12/2012,ADW,MD,AEA,EN,Towers with Radar,3,2,0,78,83,0,0,8,31,39,3,2,8,109,122,48,148,196,318
04/13/2012,ADW,MD,AEA,EN,Towers with Radar,6,0,1,97,104,0,0,8,29,37,6,0,9,126,141,64,196,260,401
04/14/2012,ADW,MD,AEA,EN,Towers with Radar,0,0,1,51,52,0,0,12,13,25,0,0,13,64,77,18,106,124,201
04/15/2012,ADW,MD,AEA,EN,Towers with Radar,0,0,0,38,38,0,0,16,15,31,0,0,16,53,69,84,74,158,227
04/16/2012,ADW,MD,AEA,EN,Towers with Radar,2,3,0,84,89,0,0,5,27,32,2,3,5,111,121,24,114,138,259
04/17/2012,ADW,MD,AEA,EN,Towers with Radar,2,0,3,105,110,0,0,12,30,42,2,0,15,135,152,6,166,172,324
04/18/2012,ADW,MD,AEA,EN,Towers with Radar,2,1,2,98,103,0,1,10,31,42,2,2,12,129,145,12,136,148,293
04/19/2012,ADW,MD,AEA,EN,Towers with Radar,0,3,2,106,111,0,0,6,33,39,0,3,8,139,150,76,264,340,490
04/20/2012,ADW,MD,AEA,EN,Towers with Radar,2,4,0,106,112,0,0,7,28,35,2,4,7,134,147,28,150,178,325
04/21/2012,ADW,MD,AEA,EN,Towers with Radar,0,1,1,30,32,0,0,8,11,19,0,1,9,41,51,0,114,114,165
04/22/2012,ADW,MD,AEA,EN,Towers with Radar,0,0,0,40,40,0,0,2,0,2,0,0,2,40,42,0,0,0,42
04/23/2012,ADW,MD,AEA,EN,Towers with Radar,4,2,1,77,84,0,0,6,27,33,4,2,7,104,117,20,142,162,279
04/24/2012,ADW,MD,AEA,EN,Towers with Radar,4,0,2,88,94,0,0,2,34,36,4,0,4,122,130,44,140,184,314
04/25/2012,ADW,MD,AEA,EN,Towers with Radar,3,1,0,97,101,0,0,4,35,39,3,1,4,132,140,10,282,292,432
04/26/2012,ADW,MD,AEA,EN,Towers with Radar,1,0,0,74,75,0,0,8,32,40,1,0,8,106,115,0,86,86,201
04/27/2012,ADW,MD,AEA,EN,Towers with Radar,4,0,0,100,104,0,2,8,33,43,4,2,8,133,147,40,56,96,243
04/28/2012,ADW,MD,AEA,EN,Towers with Radar,1,0,0,20,21,0,0,4,9,13,1,0,4,29,34,40,8,48,82
04/29/2012,ADW,MD,AEA,EN,Towers with Radar,2,0,2,48,52,0,0,6,13,19,2,0,8,61,71,0,36,36,107
04/30/2012,ADW,MD,AEA,EN,Towers with Radar,3,0,1,84,88,0,0,10,25,35,3,0,11,109,123,0,110,110,233
05/01/2012,ADW,MD,AEA,EN,Towers with Radar,4,1,2,77,84,0,0,5,25,30,4,1,7,102,114,38,82,120,234
05/02/2012,ADW,MD,AEA,EN,Towers with Radar,5,1,1,73,80,0,0,8,27,35,5,1,9,100,115,0,50,50,165
05/03/2012,ADW,MD,AEA,EN,Towers with Radar,3,3,1,81,88,0,0,1,24,25,3,3,2,105,113,74,160,234,347
05/04/2012,ADW,MD,AEA,EN,Towers with Radar,1,2,0,74,77,0,0,13,24,37,1,2,13,98,114,16,192,208,322
05/05/2012,ADW,MD,AEA,EN,Towers with Radar,0,4,1,43,48,0,0,7,13,20,0,4,8,56,68,10,102,112,180
05/06/2012,ADW,MD,AEA,EN,Towers with Radar,6,0,0,38,44,0,0,7,9,16,6,0,7,47,60,46,26,72,132
05/07/2012,ADW,MD,AEA,EN,Towers with Radar,4,3,2,85,94,0,0,13,23,36,4,3,15,108,130,64,158,222,352
05/08/2012,ADW,MD,AEA,EN,Towers with Radar,2,5,4,114,125,0,0,5,42,47,2,5,9,156,172,26,114,140,312
05/09/2012,ADW,MD,AEA,EN,Towers with Radar,1,0,0,106,107,0,0,1,32,33,1,0,1,138,140,30,151,181,321
05/10/2012,ADW,MD,AEA,EN,Towers with Radar,2,0,1,108,111,0,0,3,35,38,2,0,4,143,149,16,180,196,345
05/11/2012,ADW,MD,AEA,EN,Towers with Radar,0,1,3,89,93,0,0,16,18,34,0,1,19,107,127,114,92,206,333
05/12/2012,ADW,MD,AEA,EN,Towers with Radar,4,0,0,24,28,0,0,7,11,18,4,0,7,35,46,40,86,126,172
05/13/2012,ADW,MD,AEA,EN,Towers with Radar,3,1,0,40,44,0,0,13,11,24,3,1,13,51,68,40,72,112,180
05/14/2012,ADW,MD,AEA,EN,Towers with Radar,5,1,5,96,107,0,0,3,22,25,5,1,8,118,132,0,100,100,232
05/15/2012,ADW,MD,AEA,EN,Towers with Radar,1,1,3,88,93,0,0,9,14,23,1,1,12,102,116,48,72,120,236
05/16/2012,ADW,MD,AEA,EN,Towers with Radar,5,0,5,80,90,0,0,21,32,53,5,0,26,112,143,0,64,64,207
05/17/2012,ADW,MD,AEA,EN,Towers with Radar,1,2,6,50,59,0,0,41,10,51,1,2,47,60,110,0,16,16,126
05/18/2012,ADW,MD,AEA,EN,Towers with Radar,1,0,0,18,19,0,0,22,16,38,1,0,22,34,57,0,16,16,73
05/19/2012,ADW,MD,AEA,EN,Towers with Radar,1,0,0,12,13,0,0,51,18,69,1,0,51,30,82,0,0,0,82
05/20/2012,ADW,MD,AEA,EN,Towers with Radar,0,1,3,15,19,0,1,60,19,80,0,2,63,34,99,0,8,8,107
05/21/2012,ADW,MD,AEA,EN,Towers with Radar,2,4,10,101,117,0,0,8,16,24,2,4,18,117,141,0,4,4,145
05/22/2012,ADW,MD,AEA,EN,Towers with Radar,0,5,2,123,130,0,0,12,26,38,0,5,14,149,168,2,106,108,276
05/23/2012,ADW,MD,AEA,EN,Towers with Radar,2,0,2,88,92,0,0,2,26,28,2,0,4,114,120,76,166,242,362
05/24/2012,ADW,MD,AEA,EN,Towers with Radar,6,1,3,107,117,0,0,9,26,35,6,1,12,133,152,0,234,234,386
05/25/2012,ADW,MD,AEA,EN,Towers with Radar,5,6,3,47,61,0,0,8,15,23,5,6,11,62,84,78,88,166,250
05/26/2012,ADW,MD,AEA,EN,Towers with Radar,1,3,1,27,32,0,0,11,13,24,1,3,12,40,56,44,76,120,176
05/27/2012,ADW,MD,AEA,EN,Towers with Radar,0,0,0,9,9,0,0,12,10,22,0,0,12,19,31,30,0,30,61
05/28/2012,ADW,MD,AEA,EN,Towers with Radar,0,0,2,29,31,0,0,6,12,18,0,0,8,41,49,40,40,80,129
05/29/2012,ADW,MD,AEA,EN,Towers with Radar,0,4,0,85,89,0,0,6,13,19,0,4,6,98,108,0,84,84,192
05/30/2012,ADW,MD,AEA,EN,Towers with Radar,4,0,0,82,86,0,0,3,30,33,4,0,3,112,119,100,146,246,365
05/31/2012,ADW,MD,AEA,EN,Towers with Radar,1,0,0,106,107,0,0,7,33,40,1,0,7,139,147,78,220,298,445
06/01/2012,ADW,MD,AEA,EN,Towers with Radar,0,1,1,56,58,0,0,6,15,21,0,1,7,71,79,0,14,14,93
06/02/2012,ADW,MD,AEA,EN,Towers with Radar,2,0,0,44,46,0,0,7,15,22,2,0,7,59,68,60,24,84,152
06/03/2012,ADW,MD,AEA,EN,Towers with Radar,0,0,0,30,30,0,0,5,14,19,0,0,5,44,49,26,74,100,149
06/04/2012,ADW,MD,AEA,EN,Towers with Radar,2,4,0,79,85,0,0,11,34,45,2,4,11,113,130,18,102,120,250
06/05/2012,ADW,MD,AEA,EN,Towers with Radar,2,4,0,136,142,0,0,8,24,32,2,4,8,160,174,36,128,164,338
06/06/2012,ADW,MD,AEA,EN,Towers with Radar,1,2,0,55,58,0,0,10,31,41,1,2,10,86,99,0,162,162,261
06/07/2012,ADW,MD,AEA,EN,Towers with Radar,0,0,1,94,95,0,0,7,26,33,0,0,8,120,128,8,118,126,254
06/08/2012,ADW,MD,AEA,EN,Towers with Radar,4,2,0,56,62,0,0,6,18,24,4,2,6,74,86,22,193,215,301
06/09/2012,ADW,MD,AEA,EN,Towers with Radar,0,1,1,44,46,0,0,9,10,19,0,1,10,54,65,68,44,112,177
06/10/2012,ADW,MD,AEA,EN,Towers with Radar,0,0,1,34,35,0,0,9,8,17,0,0,10,42,52,10,16,26,78
06/11/2012,ADW,MD,AEA,EN,Towers with Radar,5,0,0,71,76,0,0,12,22,34,5,0,12,93,110,90,102,192,302
06/12/2012,ADW,MD,AEA,EN,Towers with Radar,0,1,2,68,71,0,0,6,19,25,0,1,8,87,96,2,42,44,140
06/13/2012,ADW,MD,AEA,EN,Towers with Radar,2,3,3,80,88,0,0,6,24,30,2,3,9,104,118,38,174,212,330
06/14/2012,ADW,MD,AEA,EN,Towers with Radar,1,3,2,98,104,0,1,9,24,34,1,4,11,122,138,0,172,172,310
06/15/2012,ADW,MD,AEA,EN,Towers with Radar,0,1,0,80,81,0,0,7,21,28,0,1,7,101,109,0,84,84,193
06/16/2012,ADW,MD,AEA,EN,Towers with Radar,0,1,0,27,28,0,0,7,10,17,0,1,7,37,45,0,0,0,45
06/17/2012,ADW,MD,AEA,EN,Towers with Radar,4,0,0,42,46,0,0,9,11,20,4,0,9,53,66,44,18,62,128
06/18/2012,ADW,MD,AEA,EN,Towers with Radar,4,11,0,71,86,0,0,5,20,25,4,11,5,91,111,0,154,154,265
06/19/2012,ADW,MD,AEA,EN,Towers with Radar,0,2,4,67,73,0,0,11,25,36,0,2,15,92,109,0,106,106,215
06/20/2012,ADW,MD,AEA,EN,Towers with Radar,4,2,2,112,120,0,0,12,24,36,4,2,14,136,156,44,164,208,364
06/21/2012,ADW,MD,AEA,EN,Towers with Radar,1,3,12,105,121,0,0,13,29,42,1,3,25,134,163,8,122,130,293
06/22/2012,ADW,MD,AEA,EN,Towers with Radar,5,4,2,95,106,0,0,6,15,21,5,4,8,110,127,2,208,210,337
06/23/2012,ADW,MD,AEA,EN,Towers with Radar,2,2,0,22,26,0,0,9,12,21,2,2,9,34,47,0,0,0,47
06/24/2012,ADW,MD,AEA,EN,Towers with Radar,5,1,0,32,38,0,0,7,10,17,5,1,7,42,55,0,0,0,55
06/25/2012,ADW,MD,AEA,EN,Towers with Radar,5,0,1,71,77,0,0,6,33,39,5,0,7,104,116,26,230,256,372
06/26/2012,ADW,MD,AEA,EN,Towers with Radar,0,3,0,113,116,0,0,12,28,40,0,3,12,141,156,64,186,250,406
06/27/2012,ADW,MD,AEA,EN,Towers with Radar,2,1,0,95,98,0,0,16,37,53,2,1,16,132,151,80,216,296,447
06/28/2012,ADW,MD,AEA,EN,Towers with Radar,3,6,1,100,110,0,0,15,25,40,3,6,16,125,150,36,158,194,344
06/29/2012,ADW,MD,AEA,EN,Towers with Radar,0,0,2,79,81,0,0,7,16,23,0,0,9,95,104,4,80,84,188
06/30/2012,ADW,MD,AEA,EN,Towers with Radar,0,4,0,18,22,0,0,9,10,19,0,4,9,28,41,40,86,126,167
07/01/2012,ADW,MD,AEA,EN,Towers with Radar,0,0,0,15,15,0,0,7,9,16,0,0,7,24,31,50,10,60,91
07/02/2012,ADW,MD,AEA,EN,Towers with Radar,2,9,0,55,66,0,0,12,29,41,2,9,12,84,107,0,62,62,169
07/03/2012,ADW,MD,AEA,EN,Towers with Radar,2,0,0,66,68,0,0,5,25,30,2,0,5,91,98,0,106,106,204
07/04/2012,ADW,MD,AEA,EN,Towers with Radar,0,0,0,19,19,0,0,9,11,20,0,0,9,30,39,0,42,42,81
07/05/2012,ADW,MD,AEA,EN,Towers with Radar,2,0,0,54,56,0,0,2,9,11,2,0,2,63,67,42,122,164,231
07/06/2012,ADW,MD,AEA,EN,Towers with Radar,2,0,2,51,55,0,0,7,23,30,2,0,9,74,85,100,136,236,321
07/07/2012,ADW,MD,AEA,EN,Towers with Radar,0,0,0,32,32,0,0,5,8,13,0,0,5,40,45,14,32,46,91
07/08/2012,ADW,MD,AEA,EN,Towers with Radar,0,2,0,36,38,0,0,1,11,12,0,2,1,47,50,0,0,0,50
07/09/2012,ADW,MD,AEA,EN,Towers with Radar,0,1,1,97,99,0,0,4,26,30,0,1,5,123,129,54,120,174,303
07/10/2012,ADW,MD,AEA,EN,Towers with Radar,1,1,0,100,102,0,0,6,21,27,1,1,6,121,129,0,188,188,317
07/11/2012,ADW,MD,AEA,EN,Towers with Radar,3,1,3,57,64,0,0,11,32,43,3,1,14,89,107,278,294,572,679
07/12/2012,ADW,MD,AEA,EN,Towers with Radar,0,0,0,105,105,0,0,16,26,42,0,0,16,131,147,32,272,304,451
07/13/2012,ADW,MD,AEA,EN,Towers with Radar,5,0,0,83,88,0,0,1,23,24,5,0,1,106,112,0,154,154,266
07/14/2012,ADW,MD,AEA,EN,Towers with Radar,0,2,0,25,27,0,0,5,8,13,0,2,5,33,40,20,44,64,104
07/15/2012,ADW,MD,AEA,EN,Towers with Radar,1,1,0,29,31,0,0,6,10,16,1,1,6,39,47,106,2,108,155
07/16/2012,ADW,MD,AEA,EN,Towers with Radar,1,2,1,86,90,0,0,15,39,54,1,2,16,125,144,20,74,94,238
07/17/2012,ADW,MD,AEA,EN,Towers with Radar,1,0,2,76,79,0,0,11,36,47,1,0,13,112,126,92,150,242,368
07/18/2012,ADW,MD,AEA,EN,Towers with Radar,1,0,1,58,60,0,0,4,29,33,1,0,5,87,93,124,154,278,371
07/19/2012,ADW,MD,AEA,EN,Towers with Radar,4,3,0,68,75,0,0,7,28,35,4,3,7,96,110,26,120,146,256
07/20/2012,ADW,MD,AEA,EN,Towers with Radar,13,2,0,73,88,0,0,6,9,15,13,2,6,82,103,2,70,72,175
07/21/2012,ADW,MD,AEA,EN,Towers with Radar,2,2,0,34,38,0,0,0,2,2,2,2,0,36,40,0,0,0,40
07/22/2012,ADW,MD,AEA,EN,Towers with Radar,4,2,1,42,49,0,0,3,16,19,4,2,4,58,68,0,54,54,122
07/23/2012,ADW,MD,AEA,EN,Towers with Radar,6,1,4,94,105,0,0,10,31,41,6,1,14,125,146,114,110,224,370
07/24/2012,ADW,MD,AEA,EN,Towers with Radar,1,0,1,85,87,0,0,11,27,38,1,0,12,112,125,20,166,186,311
07/25/2012,ADW,MD,AEA,EN,Towers with Radar,2,0,0,97,99,0,0,6,44,50,2,0,6,141,149,58,292,350,499
07/26/2012,ADW,MD,AEA,EN,Towers with Radar,6,2,0,110,118,0,0,8,36,44,6,2,8,146,162,120,284,404,566
07/27/2012,ADW,MD,AEA,EN,Towers with Radar,2,2,2,70,76,0,0,7,23,30,2,2,9,93,106,0,20,20,126
07/28/2012,ADW,MD,AEA,EN,Towers with Radar,4,0,0,31,35,0,0,15,8,23,4,0,15,39,58,10,10,20,78
07/29/2012,ADW,MD,AEA,EN,Towers with Radar,0,0,1,42,43,0,0,7,14,21,0,0,8,56,64,104,152,256,320
07/30/2012,ADW,MD,AEA,EN,Towers with Radar,0,2,0,52,54,0,0,15,37,52,0,2,15,89,106,38,168,206,312
07/31/2012,ADW,MD,AEA,EN,Towers with Radar,0,2,2,117,121,0,0,7,40,47,0,2,9,157,168,2,234,236,404
08/01/2012,ADW,MD,AEA,EN,Towers with Radar,0,4,2,88,94,0,0,11,42,53,0,4,13,130,147,126,196,322,469
08/02/2012,ADW,MD,AEA,EN,Towers with Radar,0,6,1,121,128,0,1,2,30,33,0,7,3,151,161,26,158,184,345
08/03/2012,ADW,MD,AEA,EN,Towers with Radar,2,1,1,83,87,0,0,10,10,20,2,1,11,93,107,104,84,188,295
08/04/2012,ADW,MD,AEA,EN,Towers with Radar,0,0,0,35,35,0,0,16,14,30,0,0,16,49,65,62,76,138,203
08/05/2012,ADW,MD,AEA,EN,Towers with Radar,0,0,0,23,23,0,0,3,15,18,0,0,3,38,41,0,54,54,95
08/06/2012,ADW,MD,AEA,EN,Towers with Radar,2,0,0,75,77,0,0,5,36,41,2,0,5,111,118,8,264,272,390
08/07/2012,ADW,MD,AEA,EN,Towers with Radar,0,5,0,110,115,0,0,5,32,37,0,5,5,142,152,66,92,158,310
08/08/2012,ADW,MD,AEA,EN,Towers with Radar,3,2,0,85,90,0,0,3,27,30,3,2,3,112,120,60,78,138,258
08/09/2012,ADW,MD,AEA,EN,Towers with Radar,1,4,1,113,119,0,0,9,31,40,1,4,10,144,159,10,208,218,377
08/10/2012,ADW,MD,AEA,EN,Towers with Radar,1,0,0,67,68,0,0,10,12,22,1,0,10,79,90,60,16,76,166
08/11/2012,ADW,MD,AEA,EN,Towers with Radar,2,0,0,27,29,0,0,13,14,27,2,0,13,41,56,2,12,14,70
08/12/2012,ADW,MD,AEA,EN,Towers with Radar,0,0,0,31,31,0,0,1,10,11,0,0,1,41,42,58,54,112,154
08/13/2012,ADW,MD,AEA,EN,Towers with Radar,4,1,1,69,75,0,0,2,24,26,4,1,3,93,101,64,152,216,317
08/14/2012,ADW,MD,AEA,EN,Towers with Radar,1,3,2,106,112,0,2,1,23,26,1,5,3,129,138,10,164,174,312
08/15/2012,ADW,MD,AEA,EN,Towers with Radar,7,2,2,77,88,0,0,6,32,38,7,2,8,109,126,80,124,204,330
08/16/2012,ADW,MD,AEA,EN,Towers with Radar,2,11,1,110,124,0,0,22,34,56,2,11,23,144,180,114,142,256,436
08/17/2012,ADW,MD,AEA,EN,Towers with Radar,3,3,1,66,73,0,0,7,17,24,3,3,8,83,97,70,164,234,331
08/18/2012,ADW,MD,AEA,EN,Towers with Radar,1,1,3,31,36,0,0,14,18,32,1,1,17,49,68,0,0,0,68
08/19/2012,ADW,MD,AEA,EN,Towers with Radar,1,1,0,26,28,0,0,10,6,16,1,1,10,32,44,32,0,32,76
08/20/2012,ADW,MD,AEA,EN,Towers with Radar,5,3,0,95,103,0,0,3,14,17,5,3,3,109,120,0,0,0,120
08/21/2012,ADW,MD,AEA,EN,Towers with Radar,4,0,2,120,126,0,0,6,38,44,4,0,8,158,170,12,184,196,366
08/22/2012,ADW,MD,AEA,EN,Towers with Radar,4,0,2,70,76,0,0,16,31,47,4,0,18,101,123,60,200,260,383
08/23/2012,ADW,MD,AEA,EN,Towers with Radar,6,1,1,109,117,0,0,9,38,47,6,1,10,147,164,96,188,284,448
08/24/2012,ADW,MD,AEA,EN,Towers with Radar,0,2,0,86,88,0,0,8,14,22,0,2,8,100,110,10,80,90,200
08/25/2012,ADW,MD,AEA,EN,Towers with Radar,0,2,0,33,35,0,0,1,10,11,0,2,1,43,46,0,0,0,46
08/26/2012,ADW,MD,AEA,EN,Towers with Radar,0,1,1,30,32,0,0,2,5,7,0,1,3,35,39,0,38,38,77
08/27/2012,ADW,MD,AEA,EN,Towers with Radar,0,0,0,83,83,0,0,3,27,30,0,0,3,110,113,34,174,208,321
08/28/2012,ADW,MD,AEA,EN,Towers with Radar,2,0,1,111,114,0,0,11,25,36,2,0,12,136,150,52,176,228,378
08/29/2012,ADW,MD,AEA,EN,Towers with Radar,4,0,5,90,99,0,0,12,20,32,4,0,17,110,131,60,48,108,239
08/30/2012,ADW,MD,AEA,EN,Towers with Radar,0,3,1,85,89,0,0,6,16,22,0,3,7,101,111,14,196,210,321
08/31/2012,ADW,MD,AEA,EN,Towers with Radar,2,2,0,45,49,0,0,5,16,21,2,2,5,61,70,60,36,96,166
09/01/2012,ADW,MD,AEA,EN,Towers with Radar,0,0,0,39,39,0,0,7,15,22,0,0,7,54,61,104,16,120,181
09/02/2012,ADW,MD,AEA,EN,Towers with Radar,0,0,0,34,34,0,0,1,1,2,0,0,1,35,36,0,0,0,36
09/03/2012,ADW,MD,AEA,EN,Towers with Radar,1,0,0,38,39,0,0,3,10,13,1,0,3,48,52,64,26,90,142
09/04/2012,ADW,MD,AEA,EN,Towers with Radar,0,0,0,88,88,0,0,3,28,31,0,0,3,116,119,42,118,160,279
09/05/2012,ADW,MD,AEA,EN,Towers with Radar,3,2,0,69,74,0,0,7,23,30,3,2,7,92,104,0,58,58,162
09/06/2012,ADW,MD,AEA,EN,Towers with Radar,0,1,1,101,103,0,0,5,13,18,0,1,6,114,121,10,122,132,253
09/07/2012,ADW,MD,AEA,EN,Towers with Radar,0,0,0,7,7,0,0,0,2,2,0,0,0,9,9,0,196,196,205
09/08/2012,ADW,MD,AEA,EN,Towers with Radar,0,2,0,51,53,0,0,2,8,10,0,2,2,59,63,0,24,24,87
09/09/2012,ADW,MD,AEA,EN,Towers with Radar,3,0,0,43,46,0,0,9,18,27,3,0,9,61,73,82,6,88,161
09/10/2012,ADW,MD,AEA,EN,Towers with Radar,0,2,2,84,88,0,0,3,30,33,0,2,5,114,121,56,186,242,363
09/11/2012,ADW,MD,AEA,EN,Towers with Radar,0,0,1,106,107,0,0,9,37,46,0,0,10,143,153,60,260,320,473
09/12/2012,ADW,MD,AEA,EN,Towers with Radar,0,0,4,91,95,0,0,5,28,33,0,0,9,119,128,0,0,0,128
09/13/2012,ADW,MD,AEA,EN,Towers with Radar,6,2,1,133,142,0,0,6,33,39,6,2,7,166,181,0,0,0,181
09/14/2012,ADW,MD,AEA,EN,Towers with Radar,2,0,0,86,88,1,0,5,12,18,3,0,5,98,106,0,0,0,106
09/15/2012,ADW,MD,AEA,EN,Towers with Radar,1,0,0,25,26,0,0,5,15,20,1,0,5,40,46,0,0,0,46
09/16/2012,ADW,MD,AEA,EN,Towers with Radar,2,0,1,51,54,0,0,6,8,14,2,0,7,59,68,0,0,0,68
09/17/2012,ADW,MD,AEA,EN,Towers with Radar,7,4,0,76,87,0,0,6,15,21,7,4,6,91,108,0,0,0,108
09/18/2012,ADW,MD,AEA,EN,Towers with Radar,1,2,4,69,76,0,0,2,14,16,1,2,6,83,92,0,0,0,92
09/19/2012,ADW,MD,AEA,EN,Towers with Radar,4,1,2,107,114,0,0,7,34,41,4,1,9,141,155,92,200,292,447
09/20/2012,ADW,MD,AEA,EN,Towers with Radar,0,0,2,103,105,0,0,4,27,31,0,0,6,130,136,0,20,20,156
09/21/2012,ADW,MD,AEA,EN,Towers with Radar,4,0,1,84,89,0,0,10,15,25,4,0,11,99,114,0,0,0,114
09/22/2012,ADW,MD,AEA,EN,Towers with Radar,2,1,0,26,29,0,0,9,15,24,2,1,9,41,53,16,44,60,113
09/23/2012,ADW,MD,AEA,EN,Towers with Radar,5,2,1,52,60,0,0,0,5,5,5,2,1,57,65,52,76,128,193
09/24/2012,ADW,MD,AEA,EN,Towers with Radar,3,5,1,63,72,0,0,0,18,18,3,5,1,81,90,4,34,38,128
09/25/2012,ADW,MD,AEA,EN,Towers with Radar,1,1,1,89,92,0,0,8,29,37,1,1,9,118,129,50,44,94,223
09/26/2012,ADW,MD,AEA,EN,Towers with Radar,5,5,2,77,89,0,0,2,18,20,5,5,4,95,109,4,80,84,193
09/27/2012,ADW,MD,AEA,EN,Towers with Radar,4,12,2,99,117,0,0,8,23,31,4,12,10,122,148,16,138,154,302
09/28/2012,ADW,MD,AEA,EN,Towers with Radar,7,2,0,75,84,0,0,5,8,13,7,2,5,83,97,54,38,92,189
09/29/2012,ADW,MD,AEA,EN,Towers with Radar,1,1,1,28,31,0,0,3,11,14,1,1,4,39,45,60,48,108,153
09/30/2012,ADW,MD,AEA,EN,Towers with Radar,1,2,0,26,29,0,0,10,14,24,1,2,10,40,53,26,14,40,93
10/01/2012,ADW,MD,AEA,EN,Towers with Radar,0,0,0,102,102,0,0,7,32,39,0,0,7,134,141,0,0,0,141
10/02/2012,ADW,MD,AEA,EN,Towers with Radar,0,0,2,64,66,0,0,1,2,3,0,0,3,66,69,0,4,4,73
10/03/2012,ADW,MD,AEA,EN,Towers with Radar,0,2,2,88,92,0,0,6,24,30,0,2,8,112,122,26,148,174,296
10/04/2012,ADW,MD,AEA,EN,Towers with Radar,3,0,0,104,107,0,1,6,33,40,3,1,6,137,147,48,134,182,329
10/05/2012,ADW,MD,AEA,EN,Towers with Radar,2,0,1,85,88,0,0,8,25,33,2,0,9,110,121,76,50,126,247
10/06/2012,ADW,MD,AEA,EN,Towers with Radar,0,0,1,29,30,0,0,5,14,19,0,0,6,43,49,76,70,146,195
10/07/2012,ADW,MD,AEA,EN,Towers with Radar,3,0,0,29,32,0,0,10,11,21,3,0,10,40,53,110,6,116,169
10/08/2012,ADW,MD,AEA,EN,Towers with Radar,0,0,0,38,38,0,0,6,13,19,0,0,6,51,57,58,34,92,149
10/09/2012,ADW,MD,AEA,EN,Towers with Radar,3,1,0,76,80,0,0,1,39,40,3,1,1,115,120,62,66,128,248
10/10/2012,ADW,MD,AEA,EN,Towers with Radar,0,0,3,71,74,0,0,4,97,101,0,0,7,168,175,98,158,256,431
10/11/2012,ADW,MD,AEA,EN,Towers with Radar,3,0,0,82,85,0,0,3,40,43,3,0,3,122,128,74,170,244,372
10/12/2012,ADW,MD,AEA,EN,Towers with Radar,2,2,0,101,105,0,0,5,13,18,2,2,5,114,123,0,16,16,139
10/13/2012,ADW,MD,AEA,EN,Towers with Radar,6,2,1,79,88,0,0,5,1,6,6,2,6,80,94,0,0,0,94
10/14/2012,ADW,MD,AEA,EN,Towers with Radar,1,3,0,71,75,1,0,4,2,7,2,3,4,73,82,78,20,98,180
10/15/2012,ADW,MD,AEA,EN,Towers with Radar,1,3,0,72,76,0,0,2,30,32,1,3,2,102,108,0,210,210,318
10/16/2012,ADW,MD,AEA,EN,Towers with Radar,1,0,2,100,103,0,0,7,39,46,1,0,9,139,149,44,124,168,317
10/17/2012,ADW,MD,AEA,EN,Towers with Radar,5,1,2,90,98,0,0,10,38,48,5,1,12,128,146,122,170,292,438
10/18/2012,ADW,MD,AEA,EN,Towers with Radar,3,0,1,147,151,0,0,7,29,36,3,0,8,176,187,0,302,302,489
10/19/2012,ADW,MD,AEA,EN,Towers with Radar,1,4,2,102,109,0,0,5,18,23,1,4,7,120,132,0,110,110,242
10/20/2012,ADW,MD,AEA,EN,Towers with Radar,3,1,0,32,36,0,0,5,10,15,3,1,5,42,51,74,52,126,177
10/21/2012,ADW,MD,AEA,EN,Towers with Radar,4,0,0,28,32,0,0,1,10,11,4,0,1,38,43,0,0,0,43
10/22/2012,ADW,MD,AEA,EN,Towers with Radar,2,0,0,85,87,0,0,6,33,39,2,0,6,118,126,24,74,98,224
10/23/2012,ADW,MD,AEA,EN,Towers with Radar,1,2,2,136,141,0,0,3,30,33,1,2,5,166,174,18,200,218,392
10/24/2012,ADW,MD,AEA,EN,Towers with Radar,2,5,5,95,107,0,0,4,33,37,2,5,9,128,144,58,68,126,270
10/25/2012,ADW,MD,AEA,EN,Towers with Radar,3,1,1,108,113,0,0,3,28,31,3,1,4,136,144,20,164,184,328
10/26/2012,ADW,MD,AEA,EN,Towers with Radar,6,0,0,99,105,0,0,3,19,22,6,0,3,118,127,20,100,120,247
10/27/2012,ADW,MD,AEA,EN,Towers with Radar,4,0,0,53,57,0,0,5,14,19,4,0,5,67,76,64,38,102,178
10/28/2012,ADW,MD,AEA,EN,Towers with Radar,4,0,0,64,68,0,0,0,6,6,4,0,0,70,74,0,0,0,74
10/29/2012,ADW,MD,AEA,EN,Towers with Radar,0,0,0,2,2,0,0,0,0,0,0,0,0,2,2,0,0,0,2
10/30/2012,ADW,MD,AEA,EN,Towers with Radar,1,0,0,12,13,0,0,1,0,1,1,0,1,12,14,0,0,0,14
10/31/2012,ADW,MD,AEA,EN,Towers with Radar,0,0,0,62,62,0,0,6,13,19,0,0,6,75,81,40,74,114,195
11/01/2012,ADW,MD,AEA,EN,Towers with Radar,2,3,4,97,106,0,0,2,19,21,2,3,6,116,127,36,146,182,309
11/02/2012,ADW,MD,AEA,EN,Towers with Radar,0,2,2,99,103,0,0,4,24,28,0,2,6,123,131,34,90,124,255
11/03/2012,ADW,MD,AEA,EN,Towers with Radar,2,2,0,58,62,0,0,2,19,21,2,2,2,77,83,0,0,0,83
11/04/2012,ADW,MD,AEA,EN,Towers with Radar,0,0,0,81,81,0,0,3,16,19,0,0,3,97,100,0,0,0,100
11/05/2012,ADW,MD,AEA,EN,Towers with Radar,2,0,3,114,119,0,0,4,39,43,2,0,7,153,162,118,124,242,404
11/06/2012,ADW,MD,AEA,EN,Towers with Radar,2,3,5,123,133,0,1,4,30,35,2,4,9,153,168,0,216,216,384
11/07/2012,ADW,MD,AEA,EN,Towers with Radar,5,0,0,100,105,0,0,1,20,21,5,0,1,120,126,8,116,124,250
11/08/2012,ADW,MD,AEA,EN,Towers with Radar,0,4,2,90,96,0,0,2,33,35,0,4,4,123,131,114,132,246,377
11/09/2012,ADW,MD,AEA,EN,Towers with Radar,2,0,0,105,107,0,0,2,22,24,2,0,2,127,131,18,164,182,313
11/10/2012,ADW,MD,AEA,EN,Towers with Radar,0,0,0,27,27,0,0,2,15,17,0,0,2,42,44,74,50,124,168
11/11/2012,ADW,MD,AEA,EN,Towers with Radar,2,0,0,24,26,0,0,7,13,20,2,0,7,37,46,66,22,88,134
11/12/2012,ADW,MD,AEA,EN,Towers with Radar,0,0,0,33,33,0,0,4,10,14,0,0,4,43,47,20,8,28,75
11/13/2012,ADW,MD,AEA,EN,Towers with Radar,4,1,3,95,103,0,0,5,19,24,4,1,8,114,127,40,140,180,307
11/14/2012,ADW,MD,AEA,EN,Towers with Radar,1,0,2,91,94,0,0,3,40,43,1,0,5,131,137,104,174,278,415
11/15/2012,ADW,MD,AEA,EN,Towers with Radar,1,0,2,113,116,0,0,6,29,35,1,0,8,142,151,70,98,168,319
11/16/2012,ADW,MD,AEA,EN,Towers with Radar,6,0,0,104,110,0,0,4,19,23,6,0,4,123,133,6,32,38,171
11/17/2012,ADW,MD,AEA,EN,Towers with Radar,0,0,0,20,20,0,0,2,11,13,0,0,2,31,33,52,78,130,163
11/18/2012,ADW,MD,AEA,EN,Towers with Radar,0,0,0,29,29,0,0,3,9,12,0,0,3,38,41,22,76,98,139
11/19/2012,ADW,MD,AEA,EN,Towers with Radar,1,1,4,71,77,0,0,7,20,27,1,1,11,91,104,0,104,104,208
11/20/2012,ADW,MD,AEA,EN,Towers with Radar,1,1,3,77,82,0,0,6,25,31,1,1,9,102,113,0,0,0,113
11/21/2012,ADW,MD,AEA,EN,Towers with Radar,4,1,5,36,46,0,0,8,25,33,4,1,13,61,79,144,78,222,301
11/22/2012,ADW,MD,AEA,EN,Towers with Radar,0,0,0,13,13,0,0,7,0,7,0,0,7,13,20,0,0,0,20
11/23/2012,ADW,MD,AEA,EN,Towers with Radar,0,0,1,13,14,0,0,10,8,18,0,0,11,21,32,0,0,0,32
11/24/2012,ADW,MD,AEA,EN,Towers with Radar,0,0,0,3,3,0,0,4,7,11,0,0,4,10,14,70,10,80,94
11/25/2012,ADW,MD,AEA,EN,Towers with Radar,0,1,0,16,17,0,0,7,8,15,0,1,7,24,32,0,0,0,32
11/26/2012,ADW,MD,AEA,EN,Towers with Radar,3,2,2,61,68,0,0,8,27,35,3,2,10,88,103,22,96,118,221
11/27/2012,ADW,MD,AEA,EN,Towers with Radar,0,2,0,107,109,0,0,1,9,10,0,2,1,116,119,0,28,28,147
11/28/2012,ADW,MD,AEA,EN,Towers with Radar,0,0,2,82,84,0,0,0,24,24,0,0,2,106,108,0,94,94,202
11/29/2012,ADW,MD,AEA,EN,Towers with Radar,0,0,2,99,101,0,0,2,32,34,0,0,4,131,135,0,144,144,279
11/30/2012,ADW,MD,AEA,EN,Towers with Radar,0,5,1,88,94,0,0,6,26,32,0,5,7,114,126,4,200,204,330
12/01/2012,ADW,MD,AEA,EN,Towers with Radar,0,0,0,25,25,0,0,2,6,8,0,0,2,31,33,0,26,26,59
12/02/2012,ADW,MD,AEA,EN,Towers with Radar,2,0,2,29,33,0,0,4,10,14,2,0,6,39,47,82,10,92,139
12/03/2012,ADW,MD,AEA,EN,Towers with Radar,2,0,0,76,78,0,0,5,27,32,2,0,5,103,110,172,212,384,494
12/04/2012,ADW,MD,AEA,EN,Towers with Radar,4,1,3,105,113,0,0,4,25,29,4,1,7,130,142,258,158,416,558
12/05/2012,ADW,MD,AEA,EN,Towers with Radar,0,0,3,92,95,0,0,4,25,29,0,0,7,117,124,114,212,326,450
12/06/2012,ADW,MD,AEA,EN,Towers with Radar,0,1,0,137,138,0,0,4,30,34,0,1,4,167,172,0,220,220,392
12/07/2012,ADW,MD,AEA,EN,Towers with Radar,2,0,4,90,96,0,0,6,36,42,2,0,10,126,138,0,0,0,138
12/08/2012,ADW,MD,AEA,EN,Towers with Radar,2,0,0,33,35,0,0,1,0,1,2,0,1,33,36,0,6,6,42
12/09/2012,ADW,MD,AEA,EN,Towers with Radar,0,0,0,15,15,0,0,1,0,1,0,0,1,15,16,0,0,0,16
12/10/2012,ADW,MD,AEA,EN,Towers with Radar,3,1,1,59,64,0,0,2,22,24,3,1,3,81,88,16,86,102,190
12/11/2012,ADW,MD,AEA,EN,Towers with Radar,0,1,3,109,113,0,0,9,40,49,0,1,12,149,162,48,274,322,484
12/12/2012,ADW,MD,AEA,EN,Towers with Radar,2,1,2,89,94,0,0,7,33,40,2,1,9,122,134,0,330,330,464
12/13/2012,ADW,MD,AEA,EN,Towers with Radar,2,0,18,103,123,0,0,10,34,44,2,0,28,137,167,72,226,298,465
12/14/2012,ADW,MD,AEA,EN,Towers with Radar,3,0,0,88,91,0,0,5,24,29,3,0,5,112,120,0,154,154,274
12/15/2012,ADW,MD,AEA,EN,Towers with Radar,0,1,2,29,32,0,0,5,10,15,0,1,7,39,47,0,0,0,47
12/16/2012,ADW,MD,AEA,EN,Towers with Radar,0,0,0,28,28,0,0,4,13,17,0,0,4,41,45,56,34,90,135
12/17/2012,ADW,MD,AEA,EN,Towers with Radar,3,0,0,53,56,0,0,0,0,0,3,0,0,53,56,0,0,0,56
12/18/2012,ADW,MD,AEA,EN,Towers with Radar,3,0,4,100,107,0,0,3,35,38,3,0,7,135,145,22,200,222,367
12/19/2012,ADW,MD,AEA,EN,Towers with Radar,2,1,0,71,74,0,0,6,33,39,2,1,6,104,113,26,194,220,333
12/20/2012,ADW,MD,AEA,EN,Towers with Radar,1,0,0,71,72,0,0,10,23,33,1,0,10,94,105,0,62,62,167
12/21/2012,ADW,MD,AEA,EN,Towers with Radar,3,0,4,45,52,0,0,6,19,25,3,0,10,64,77,0,0,0,77
12/22/2012,ADW,MD,AEA,EN,Towers with Radar,0,0,0,5,5,0,0,5,0,5,0,0,5,5,10,0,0,0,10
12/23/2012,ADW,MD,AEA,EN,Towers with Radar,0,2,0,9,11,0,0,1,6,7,0,2,1,15,18,0,80,80,98
12/24/2012,ADW,MD,AEA,EN,Towers with Radar,0,0,0,12,12,0,0,1,7,8,0,0,1,19,20,0,0,0,20
12/25/2012,ADW,MD,AEA,EN,Towers with Radar,0,0,0,3,3,0,0,0,3,3,0,0,0,6,6,0,0,0,6
12/26/2012,ADW,MD,AEA,EN,Towers with Radar,0,0,0,7,7,0,0,1,0,1,0,0,1,7,8,0,0,0,8
12/27/2012,ADW,MD,AEA,EN,Towers with Radar,0,0,1,57,58,0,0,4,14,18,0,0,5,71,76,0,0,0,76
12/28/2012,ADW,MD,AEA,EN,Towers with Radar,0,1,0,64,65,0,0,7,23,30,0,1,7,87,95,0,184,184,279
12/29/2012,ADW,MD,AEA,EN,Towers with Radar,0,0,0,6,6,0,0,2,7,9,0,0,2,13,15,0,0,0,15
12/30/2012,ADW,MD,AEA,EN,Towers with Radar,0,0,0,11,11,0,0,1,10,11,0,0,1,21,22,170,0,170,192
12/31/2012,ADW,MD,AEA,EN,Towers with Radar,0,2,0,9,11,0,0,5,11,16,0,2,5,20,27,22,70,92,119
01/01/2013,ADW,MD,AEA,EN,Towers with Radar,0,0,0,2,2,0,0,1,5,6,0,0,1,7,8,0,2,2,10
01/02/2013,ADW,MD,AEA,EN,Towers with Radar,0,2,0,42,44,0,0,6,20,26,0,2,6,62,70,100,52,152,222
01/03/2013,ADW,MD,AEA,EN,Towers with Radar,0,2,4,86,92,0,0,11,26,37,0,2,15,112,129,65,224,289,418
01/04/2013,ADW,MD,AEA,EN,Towers with Radar,0,1,2,58,61,0,0,6,28,34,0,1,8,86,95,8,216,224,319
01/05/2013,ADW,MD,AEA,EN,Towers with Radar,0,2,0,14,16,0,0,5,6,11,0,2,5,20,27,72,12,84,111
01/06/2013,ADW,MD,AEA,EN,Towers with Radar,0,0,0,25,25,0,0,1,12,13,0,0,1,37,38,70,38,108,146
01/07/2013,ADW,MD,AEA,EN,Towers with Radar,2,0,2,91,95,0,0,5,39,44,2,0,7,130,139,104,152,256,395
01/08/2013,ADW,MD,AEA,EN,Towers with Radar,0,2,4,95,101,0,0,10,35,45,0,2,14,130,146,32,172,204,350
01/09/2013,ADW,MD,AEA,EN,Towers with Radar,0,1,1,108,110,0,0,12,33,45,0,1,13,141,155,48,328,376,531
01/10/2013,ADW,MD,AEA,EN,Towers with Radar,0,1,2,97,100,0,0,5,28,33,0,1,7,125,133,202,376,578,711
01/11/2013,ADW,MD,AEA,EN,Towers with Radar,2,0,0,70,72,0,0,0,12,12,2,0,0,82,84,8,112,120,204
01/12/2013,ADW,MD,AEA,EN,Towers with Radar,0,0,0,18,18,0,0,1,11,12,0,0,1,29,30,0,0,0,30
01/13/2013,ADW,MD,AEA,EN,Towers with Radar,0,0,0,22,22,0,0,0,0,0,0,0,0,22,22,0,0,0,22
01/14/2013,ADW,MD,AEA,EN,Towers with Radar,0,0,0,78,78,0,0,3,23,26,0,0,3,101,104,96,174,270,374
01/15/2013,ADW,MD,AEA,EN,Towers with Radar,0,0,0,74,74,0,0,0,3,3,0,0,0,77,77,0,20,20,97
01/16/2013,ADW,MD,AEA,EN,Towers with Radar,0,0,0,56,56,0,0,1,10,11,0,0,1,66,67,80,2,82,149
01/17/2013,ADW,MD,AEA,EN,Towers with Radar,2,1,3,77,83,0,0,2,31,33,2,1,5,108,116,80,150,230,346
01/18/2013,ADW,MD,AEA,EN,Towers with Radar,0,2,1,80,83,0,1,10,14,25,0,3,11,94,108,72,170,242,350
01/19/2013,ADW,MD,AEA,EN,Towers with Radar,0,0,1,30,31,0,0,7,13,20,0,0,8,43,51,0,0,0,51
01/20/2013,ADW,MD,AEA,EN,Towers with Radar,1,0,3,10,14,0,0,6,0,6,1,0,9,10,20,100,34,134,154
01/21/2013,ADW,MD,AEA,EN,Towers with Radar,0,0,1,4,5,0,0,1,0,1,0,0,2,4,6,0,0,0,6
01/22/2013,ADW,MD,AEA,EN,Towers with Radar,3,2,2,84,91,0,0,5,31,36,3,2,7,115,127,46,200,246,373
01/23/2013,ADW,MD,AEA,EN,Towers with Radar,0,7,2,101,110,0,0,5,36,41,0,7,7,137,151,82,346,428,579
01/24/2013,ADW,MD,AEA,EN,Towers with Radar,0,0,13,72,85,0,0,9,27,36,0,0,22,99,121,72,104,176,297
01/25/2013,ADW,MD,AEA,EN,Towers with Radar,2,0,14,89,105,0,0,3,8,11,2,0,17,97,116,36,168,204,320
01/26/2013,ADW,MD,AEA,EN,Towers with Radar,2,0,22,27,51,0,0,3,18,21,2,0,25,45,72,166,120,286,358
01/27/2013,ADW,MD,AEA,EN,Towers with Radar,4,0,0,24,28,0,0,3,9,12,4,0,3,33,40,42,62,104,144
01/28/2013,ADW,MD,AEA,EN,Towers with Radar,0,0,0,51,51,0,0,4,15,19,0,0,4,66,70,52,136,188,258
01/29/2013,ADW,MD,AEA,EN,Towers with Radar,2,2,7,99,110,0,0,21,32,53,2,2,28,131,163,154,262,416,579
01/30/2013,ADW,MD,AEA,EN,Towers with Radar,5,1,1,41,48,0,0,5,26,31,5,1,6,67,79,126,82,208,287
01/31/2013,ADW,MD,AEA,EN,Towers with Radar,1,0,0,91,92,0,0,1,34,35,1,0,1,125,127,18,86,104,231
02/01/2013,ADW,MD,AEA,EN,Towers with Radar,4,0,0,48,52,0,0,4,10,14,4,0,4,58,66,0,0,0,66
02/02/2013,ADW,MD,AEA,EN,Towers with Radar,0,2,26,10,38,0,0,3,14,17,0,2,29,24,55,54,52,106,161
02/03/2013,ADW,MD,AEA,EN,Towers with Radar,4,0,0,24,28,0,0,2,10,12,4,0,2,34,40,32,26,58,98
02/04/2013,ADW,MD,AEA,EN,Towers with Radar,0,0,18,79,97,0,0,2,38,40,0,0,20,117,137,152,218,370,507
02/05/2013,ADW,MD,AEA,EN,Towers with Radar,0,2,28,87,117,0,0,5,37,42,0,2,33,124,159,156,178,334,493
02/06/2013,ADW,MD,AEA,EN,Towers with Radar,0,2,0,63,65,0,0,4,25,29,0,2,4,88,94,50,108,158,252
02/07/2013,ADW,MD,AEA,EN,Towers with Radar,0,3,1,93,97,0,0,3,41,44,0,3,4,134,141,48,88,136,277
02/08/2013,ADW,MD,AEA,EN,Towers with Radar,4,3,1,41,49,0,0,1,3,4,4,3,2,44,53,0,0,0,53
02/09/2013,ADW,MD,AEA,EN,Towers with Radar,4,0,0,22,26,0,0,1,9,10,4,0,1,31,36,102,58,160,196
02/10/2013,ADW,MD,AEA,EN,Towers with Radar,1,2,0,26,29,0,0,8,12,20,1,2,8,38,49,76,38,114,163
02/11/2013,ADW,MD,AEA,EN,Towers with Radar,5,2,1,64,72,0,0,1,2,3,5,2,2,66,75,40,98,138,213
02/12/2013,ADW,MD,AEA,EN,Towers with Radar,0,0,1,86,87,0,0,2,2,4,0,0,3,88,91,2,46,48,139
02/13/2013,ADW,MD,AEA,EN,Towers with Radar,1,5,13,91,110,0,0,3,26,29,1,5,16,117,139,34,236,270,409
02/14/2013,ADW,MD,AEA,EN,Towers with Radar,4,0,4,95,103,0,0,3,35,38,4,0,7,130,141,0,70,70,211
02/15/2013,ADW,MD,AEA,EN,Towers with Radar,4,0,1,78,83,0,0,2,12,14,4,0,3,90,97,66,62,128,225
02/16/2013,ADW,MD,AEA,EN,Towers with Radar,1,0,0,17,18,0,0,2,5,7,1,0,2,22,25,0,0,0,25
02/17/2013,ADW,MD,AEA,EN,Towers with Radar,0,0,0,10,10,0,0,0,8,8,0,0,0,18,18,0,22,22,40
02/18/2013,ADW,MD,AEA,EN,Towers with Radar,0,0,1,42,43,0,0,2,12,14,0,0,3,54,57,72,54,126,183
02/19/2013,ADW,MD,AEA,EN,Towers with Radar,2,0,4,73,79,0,0,1,8,9,2,0,5,81,88,0,16,16,104
02/20/2013,ADW,MD,AEA,EN,Towers with Radar,0,3,19,63,85,0,0,11,23,34,0,3,30,86,119,56,228,284,403
02/21/2013,ADW,MD,AEA,EN,Towers with Radar,0,0,4,76,80,0,0,21,29,50,0,0,25,105,130,44,162,206,336
02/22/2013,ADW,MD,AEA,EN,Towers with Radar,5,2,3,74,84,0,0,3,14,17,5,2,6,88,101,40,36,76,177
02/23/2013,ADW,MD,AEA,EN,Towers with Radar,0,3,2,23,28,0,0,0,0,0,0,3,2,23,28,0,0,0,28
02/24/2013,ADW,MD,AEA,EN,Towers with Radar,0,4,0,77,81,0,0,2,12,14,0,4,2,89,95,50,166,216,311
02/25/2013,ADW,MD,AEA,EN,Towers with Radar,5,0,0,88,93,0,0,5,33,38,5,0,5,121,131,144,158,302,433
02/26/2013,ADW,MD,AEA,EN,Towers with Radar,1,0,0,90,91,0,0,1,17,18,1,0,1,107,109,32,88,120,229
02/27/2013,ADW,MD,AEA,EN,Towers with Radar,1,4,0,56,61,0,0,2,34,36,1,4,2,90,97,0,0,0,97
02/28/2013,ADW,MD,AEA,EN,Towers with Radar,0,1,0,63,64,0,0,2,8,10,0,1,2,71,74,0,0,0,74
03/01/2013,ADW,MD,AEA,EN,Towers with Radar,5,2,0,76,83,0,0,0,3,3,5,2,0,79,86,0,0,0,86
03/02/2013,ADW,MD,AEA,EN,Towers with Radar,0,2,0,20,22,0,0,5,1,6,0,2,5,21,28,56,14,70,98
03/03/2013,ADW,MD,AEA,EN,Towers with Radar,1,0,0,26,27,0,0,7,2,9,1,0,7,28,36,0,0,0,36
03/04/2013,ADW,MD,AEA,EN,Towers with Radar,4,0,2,56,62,0,0,0,1,1,4,0,2,57,63,0,0,0,63
03/05/2013,ADW,MD,AEA,EN,Towers with Radar,0,0,2,108,110,0,0,34,159,193,0,0,36,267,303,32,78,110,413
03/06/2013,ADW,MD,AEA,EN,Towers with Radar,0,0,0,4,4,0,0,0,0,0,0,0,0,4,4,0,0,0,4
03/07/2013,ADW,MD,AEA,EN,Towers with Radar,2,0,2,121,125,0,0,3,23,26,2,0,5,144,151,8,152,160,311
03/08/2013,ADW,MD,AEA,EN,Towers with Radar,9,1,0,65,75,0,0,3,17,20,9,1,3,82,95,68,224,292,387
03/09/2013,ADW,MD,AEA,EN,Towers with Radar,0,0,2,13,15,0,0,2,10,12,0,0,4,23,27,100,82,182,209
03/10/2013,ADW,MD,AEA,EN,Towers with Radar,0,0,1,14,15,0,0,5,8,13,0,0,6,22,28,0,0,0,28
03/11/2013,ADW,MD,AEA,EN,Towers with Radar,4,2,0,77,83,0,0,4,29,33,4,2,4,106,116,112,246,358,474
03/12/2013,ADW,MD,AEA,EN,Towers with Radar,0,0,4,61,65,0,0,2,24,26,0,0,6,85,91,94,158,252,343
03/13/2013,ADW,MD,AEA,EN,Towers with Radar,2,0,2,66,70,0,0,8,25,33,2,0,10,91,103,8,54,62,165
03/14/2013,ADW,MD,AEA,EN,Towers with Radar,0,0,1,85,86,0,0,10,37,47,0,0,11,122,133,0,0,0,133
03/15/2013,ADW,MD,AEA,EN,Towers with Radar,2,0,1,82,85,0,0,8,20,28,2,0,9,102,113,76,150,226,339
03/16/2013,ADW,MD,AEA,EN,Towers with Radar,0,0,0,33,33,0,0,10,10,20,0,0,10,43,53,66,74,140,193
03/17/2013,ADW,MD,AEA,EN,Towers with Radar,0,0,0,21,21,0,0,6,11,17,0,0,6,32,38,22,124,146,184
03/18/2013,ADW,MD,AEA,EN,Towers with Radar,4,1,0,52,57,0,0,1,1,2,4,1,1,53,59,0,0,0,59
03/19/2013,ADW,MD,AEA,EN,Towers with Radar,0,2,2,70,74,0,0,4,34,38,0,2,6,104,112,54,78,132,244
03/20/2013,ADW,MD,AEA,EN,Towers with Radar,0,5,3,62,70,0,0,0,25,25,0,5,3,87,95,0,0,0,95
03/21/2013,ADW,MD,AEA,EN,Towers with Radar,0,1,0,84,85,0,0,5,33,38,0,1,5,117,123,0,108,108,231
03/22/2013,ADW,MD,AEA,EN,Towers with Radar,2,1,1,52,56,0,0,1,29,30,2,1,2,81,86,0,44,44,130
03/23/2013,ADW,MD,AEA,EN,Towers with Radar,2,0,0,15,17,0,0,8,12,20,2,0,8,27,37,142,80,222,259
03/24/2013,ADW,MD,AEA,EN,Towers with Radar,2,0,0,42,44,0,0,2,7,9,2,0,2,49,53,60,102,162,215
03/25/2013,ADW,MD,AEA,EN,Towers with Radar,4,0,0,33,37,0,0,0,0,0,4,0,0,33,37,0,4,4,41
03/26/2013,ADW,MD,AEA,EN,Towers with Radar,2,0,2,69,73,0,0,7,23,30,2,0,9,92,103,74,66,140,243
03/27/2013,ADW,MD,AEA,EN,Towers with Radar,0,2,3,51,56,0,0,5,18,23,0,2,8,69,79,17,148,165,244
03/28/2013,ADW,MD,AEA,EN,Towers with Radar,2,0,6,78,86,0,0,16,17,33,2,0,22,95,119,118,106,224,343
03/29/2013,ADW,MD,AEA,EN,Towers with Radar,6,0,1,59,66,0,0,5,16,21,6,0,6,75,87,0,0,0,87
03/30/2013,ADW,MD,AEA,EN,Towers with Radar,0,2,0,13,15,0,0,7,6,13,0,2,7,19,28,36,54,90,118
03/31/2013,ADW,MD,AEA,EN,Towers with Radar,0,0,0,13,13,0,0,1,7,8,0,0,1,20,21,0,0,0,21
04/01/2013,ADW,MD,AEA,EN,Towers with Radar,2,1,0,44,47,0,0,6,20,26,2,1,6,64,73,6,172,178,251
04/02/2013,ADW,MD,AEA,EN,Towers with Radar,0,1,0,77,78,0,0,5,20,25,0,1,5,97,103,0,204,204,307
04/03/2013,ADW,MD,AEA,EN,Towers with Radar,2,0,2,65,69,0,0,4,26,30,2,0,6,91,99,0,0,0,99
04/04/2013,ADW,MD,AEA,EN,Towers with Radar,0,0,1,79,80,0,0,1,22,23,0,0,2,101,103,0,0,0,103
04/05/2013,ADW,MD,AEA,EN,Towers with Radar,2,0,0,61,63,0,0,4,10,14,2,0,4,71,77,26,98,124,201
04/06/2013,ADW,MD,AEA,EN,Towers with Radar,0,3,0,17,20,0,0,7,8,15,0,3,7,25,35,0,0,0,35
04/07/2013,ADW,MD,AEA,EN,Towers with Radar,0,0,0,30,30,0,0,2,9,11,0,0,2,39,41,0,0,0,41
04/08/2013,ADW,MD,AEA,EN,Towers with Radar,4,2,2,61,69,0,0,8,23,31,4,2,10,84,100,102,70,172,272
04/09/2013,ADW,MD,AEA,EN,Towers with Radar,1,0,1,73,75,0,0,2,24,26,1,0,3,97,101,0,32,32,133
04/10/2013,ADW,MD,AEA,EN,Towers with Radar,0,0,2,68,70,0,0,6,20,26,0,0,8,88,96,0,26,26,122
04/11/2013,ADW,MD,AEA,EN,Towers with Radar,4,2,2,93,101,0,0,7,16,23,4,2,9,109,124,48,206,254,378
04/12/2013,ADW,MD,AEA,EN,Towers with Radar,2,3,0,59,64,0,0,0,11,11,2,3,0,70,75,0,0,0,75
04/13/2013,ADW,MD,AEA,EN,Towers with Radar,0,3,2,21,26,0,0,5,8,13,0,3,7,29,39,26,84,110,149
04/14/2013,ADW,MD,AEA,EN,Towers with Radar,1,0,0,25,26,0,0,5,15,20,1,0,5,40,46,0,0,0,46
04/15/2013,ADW,MD,AEA,EN,Towers with Radar,1,0,1,58,60,0,0,12,14,26,1,0,13,72,86,4,110,114,200
04/16/2013,ADW,MD,AEA,EN,Towers with Radar,0,2,3,100,105,0,0,5,20,25,0,2,8,120,130,34,54,88,218
04/17/2013,ADW,MD,AEA,EN,Towers with Radar,4,1,2,72,79,0,0,12,20,32,4,1,14,92,111,34,44,78,189
04/18/2013,ADW,MD,AEA,EN,Towers with Radar,2,1,0,77,80,0,0,5,32,37,2,1,5,109,117,0,0,0,117
04/19/2013,ADW,MD,AEA,EN,Towers with Radar,2,2,0,75,79,0,0,6,3,9,2,2,6,78,88,0,110,110,198
04/20/2013,ADW,MD,AEA,EN,Towers with Radar,2,4,0,29,35,0,0,3,8,11,2,4,3,37,46,64,52,116,162
04/21/2013,ADW,MD,AEA,EN,Towers with Radar,2,1,3,20,26,0,0,1,12,13,2,1,4,32,39,32,104,136,175
04/22/2013,ADW,MD,AEA,EN,Towers with Radar,3,0,0,62,65,0,0,9,28,37,3,0,9,90,102,38,152,190,292
04/23/2013,ADW,MD,AEA,EN,Towers with Radar,0,0,2,71,73,0,0,14,19,33,0,0,16,90,106,52,146,198,304
04/24/2013,ADW,MD,AEA,EN,Towers with Radar,3,1,0,74,78,0,2,4,26,32,3,3,4,100,110,56,80,136,246
04/25/2013,ADW,MD,AEA,EN,Towers with Radar,0,0,1,101,102,0,0,8,25,33,0,0,9,126,135,22,100,122,257
04/26/2013,ADW,MD,AEA,EN,Towers with Radar,0,2,0,57,59,0,0,5,8,13,0,2,5,65,72,0,0,0,72
04/27/2013,ADW,MD,AEA,EN,Towers with Radar,1,0,0,22,23,0,0,10,9,19,1,0,10,31,42,0,0,0,42
04/28/2013,ADW,MD,AEA,EN,Towers with Radar,1,0,0,15,16,0,0,4,7,11,1,0,4,22,27,0,0,0,27
04/29/2013,ADW,MD,AEA,EN,Towers with Radar,5,0,2,84,91,0,0,0,6,6,5,0,2,90,97,0,0,0,97
04/30/2013,ADW,MD,AEA,EN,Towers with Radar,0,2,0,65,67,0,1,2,11,14,0,3,2,76,81,0,0,0,81
05/01/2013,ADW,MD,AEA,EN,Towers with Radar,2,0,3,91,96,0,0,7,18,25,2,0,10,109,121,44,156,200,321
05/02/2013,ADW,MD,AEA,EN,Towers with Radar,1,0,3,62,66,0,0,16,19,35,1,0,19,81,101,66,184,250,351
05/03/2013,ADW,MD,AEA,EN,Towers with Radar,4,2,0,67,73,0,1,9,5,15,4,3,9,72,88,0,44,44,132
05/04/2013,ADW,MD,AEA,EN,Towers with Radar,0,0,1,43,44,0,0,5,12,17,0,0,6,55,61,122,20,142,203
05/05/2013,ADW,MD,AEA,EN,Towers with Radar,3,0,4,24,31,0,1,7,14,22,3,1,11,38,53,78,62,140,193
05/06/2013,ADW,MD,AEA,EN,Towers with Radar,4,0,0,55,59,0,0,1,10,11,4,0,1,65,70,0,0,0,70
05/07/2013,ADW,MD,AEA,EN,Towers with Radar,0,0,4,56,60,0,0,0,0,0,0,0,4,56,60,0,0,0,60
05/08/2013,ADW,MD,AEA,EN,Towers with Radar,1,16,0,71,88,0,0,2,19,21,1,16,2,90,109,12,20,32,141
05/09/2013,ADW,MD,AEA,EN,Towers with Radar,0,2,0,80,82,0,0,5,35,40,0,2,5,115,122,16,158,174,296
05/10/2013,ADW,MD,AEA,EN,Towers with Radar,4,0,0,68,72,0,0,7,8,15,4,0,7,76,87,10,100,110,197
05/11/2013,ADW,MD,AEA,EN,Towers with Radar,1,2,0,20,23,0,0,1,0,1,1,2,1,20,24,60,0,60,84
05/12/2013,ADW,MD,AEA,EN,Towers with Radar,4,0,0,14,18,0,0,6,0,6,4,0,6,14,24,0,0,0,24
05/13/2013,ADW,MD,AEA,EN,Towers with Radar,6,0,2,35,43,0,0,7,8,15,6,0,9,43,58,72,24,96,154
05/14/2013,ADW,MD,AEA,EN,Towers with Radar,2,0,1,62,65,0,0,14,32,46,2,0,15,94,111,26,62,88,199
05/15/2013,ADW,MD,AEA,EN,Towers with Radar,7,1,2,45,55,0,0,6,38,44,7,1,8,83,99,64,84,148,247
05/16/2013,ADW,MD,AEA,EN,Towers with Radar,0,0,0,73,73,0,0,7,34,41,0,0,7,107,114,0,0,0,114
05/17/2013,ADW,MD,AEA,EN,Towers with Radar,8,0,1,66,75,0,0,5,11,16,8,0,6,77,91,12,152,164,255
05/18/2013,ADW,MD,AEA,EN,Towers with Radar,1,0,0,24,25,0,0,1,3,4,1,0,1,27,29,0,0,0,29
05/19/2013,ADW,MD,AEA,EN,Towers with Radar,2,1,2,27,32,0,1,0,8,9,2,2,2,35,41,0,40,40,81
05/20/2013,ADW,MD,AEA,EN,Towers with Radar,2,7,2,57,68,0,0,6,21,27,2,7,8,78,95,0,0,0,95
05/21/2013,ADW,MD,AEA,EN,Towers with Radar,5,4,0,93,102,0,0,7,29,36,5,4,7,122,138,94,272,366,504
05/22/2013,ADW,MD,AEA,EN,Towers with Radar,2,6,0,69,77,0,0,9,20,29,2,6,9,89,106,44,68,112,218
05/23/2013,ADW,MD,AEA,EN,Towers with Radar,1,2,0,65,68,0,0,3,20,23,1,2,3,85,91,24,176,200,291
05/24/2013,ADW,MD,AEA,EN,Towers with Radar,4,2,0,44,50,0,0,1,7,8,4,2,1,51,58,0,0,0,58
05/25/2013,ADW,MD,AEA,EN,Towers with Radar,0,0,0,28,28,0,0,1,10,11,0,0,1,38,39,54,56,110,149
05/26/2013,ADW,MD,AEA,EN,Towers with Radar,2,0,0,24,26,0,0,13,15,28,2,0,13,39,54,42,54,96,150
05/27/2013,ADW,MD,AEA,EN,Towers with Radar,0,0,0,16,16,0,1,4,3,8,0,1,4,19,24,0,0,0,24
05/28/2013,ADW,MD,AEA,EN,Towers with Radar,2,2,1,84,89,0,0,5,25,30,2,2,6,109,119,42,104,146,265
05/29/2013,ADW,MD,AEA,EN,Towers with Radar,2,4,2,76,84,0,1,10,26,37,2,5,12,102,121,20,144,164,285
05/30/2013,ADW,MD,AEA,EN,Towers with Radar,0,0,0,96,96,0,0,13,28,41,0,0,13,124,137,64,200,264,401
05/31/2013,ADW,MD,AEA,EN,Towers with Radar,0,2,0,54,56,0,0,8,16,24,0,2,8,70,80,26,136,162,242
06/01/2013,ADW,MD,AEA,EN,Towers with Radar,0,0,0,29,29,0,0,9,9,18,0,0,9,38,47,100,36,136,183
06/02/2013,ADW,MD,AEA,EN,Towers with Radar,3,1,0,16,20,0,2,8,14,24,3,3,8,30,44,0,0,0,44
06/03/2013,ADW,MD,AEA,EN,Towers with Radar,2,3,0,69,74,0,0,4,23,27,2,3,4,92,101,38,84,122,223
06/04/2013,ADW,MD,AEA,EN,Towers with Radar,1,1,2,84,88,0,1,7,9,17,1,2,9,93,105,8,78,86,191
06/05/2013,ADW,MD,AEA,EN,Towers with Radar,0,2,1,79,82,0,0,7,23,30,0,2,8,102,112,86,110,196,308
06/06/2013,ADW,MD,AEA,EN,Towers with Radar,2,0,0,78,80,0,1,2,20,23,2,1,2,98,103,120,104,224,327
06/07/2013,ADW,MD,AEA,EN,Towers with Radar,2,1,0,47,50,0,0,0,1,1,2,1,0,48,51,0,0,0,51
06/08/2013,ADW,MD,AEA,EN,Towers with Radar,2,0,0,18,20,0,0,4,9,13,2,0,4,27,33,0,0,0,33
06/09/2013,ADW,MD,AEA,EN,Towers with Radar,2,0,0,24,26,0,0,12,17,29,2,0,12,41,55,0,0,0,55
06/10/2013,ADW,MD,AEA,EN,Towers with Radar,5,0,1,57,63,0,0,2,2,4,5,0,3,59,67,0,34,34,101
06/11/2013,ADW,MD,AEA,EN,Towers with Radar,0,0,1,53,54,0,0,15,28,43,0,0,16,81,97,24,132,156,253
06/12/2013,ADW,MD,AEA,EN,Towers with Radar,1,0,0,74,75,0,0,11,29,40,1,0,11,103,115,98,144,242,357
06/13/2013,ADW,MD,AEA,EN,Towers with Radar,0,0,0,24,24,0,0,2,17,19,0,0,2,41,43,78,74,152,195
06/14/2013,ADW,MD,AEA,EN,Towers with Radar,4,0,4,106,114,0,1,6,26,33,4,1,10,132,147,18,194,212,359
06/15/2013,ADW,MD,AEA,EN,Towers with Radar,5,1,1,33,40,0,0,12,5,17,5,1,13,38,57,0,34,34,91
06/16/2013,ADW,MD,AEA,EN,Towers with Radar,3,0,0,18,21,0,0,4,14,18,3,0,4,32,39,30,44,74,113
06/17/2013,ADW,MD,AEA,EN,Towers with Radar,3,2,5,63,73,0,0,5,27,32,3,2,10,90,105,20,192,212,317
06/18/2013,ADW,MD,AEA,EN,Towers with Radar,0,0,5,65,70,0,0,2,13,15,0,0,7,78,85,4,64,68,153
06/19/2013,ADW,MD,AEA,EN,Towers with Radar,0,0,2,85,87,0,0,8,24,32,0,0,10,109,119,24,22,46,165
06/20/2013,ADW,MD,AEA,EN,Towers with Radar,2,0,0,103,105,0,1,5,37,43,2,1,5,140,148,0,181,181,329
06/21/2013,ADW,MD,AEA,EN,Towers with Radar,0,0,2,66,68,0,1,7,9,17,0,1,9,75,85,2,70,72,157
06/22/2013,ADW,MD,AEA,EN,Towers with Radar,2,0,0,31,33,0,0,3,8,11,2,0,3,39,44,36,34,70,114
06/23/2013,ADW,MD,AEA,EN,Towers with Radar,2,0,0,22,24,0,0,10,12,22,2,0,10,34,46,0,54,54,100
06/24/2013,ADW,MD,AEA,EN,Towers with Radar,6,3,2,51,62,0,0,11,25,36,6,3,13,76,98,44,164,208,306
06/25/2013,ADW,MD,AEA,EN,Towers with Radar,4,4,1,102,111,0,1,9,34,44,4,5,10,136,155,52,146,198,353
06/26/2013,ADW,MD,AEA,EN,Towers with Radar,0,1,4,69,74,0,0,8,33,41,0,1,12,102,115,0,0,0,115
06/27/2013,ADW,MD,AEA,EN,Towers with Radar,4,1,2,90,97,0,0,2,24,26,4,1,4,114,123,6,16,22,145
06/28/2013,ADW,MD,AEA,EN,Towers with Radar,2,2,0,68,72,0,0,7,17,24,2,2,7,85,96,0,48,48,144
06/29/2013,ADW,MD,AEA,EN,Towers with Radar,7,0,3,18,28,3,0,8,7,18,10,0,11,25,46,0,76,76,122
06/30/2013,ADW,MD,AEA,EN,Towers with Radar,0,0,0,19,19,0,0,3,8,11,0,0,3,27,30,0,0,0,30
07/01/2013,ADW,MD,AEA,EN,Towers with Radar,1,4,0,66,71,0,0,4,16,20,1,4,4,82,91,0,0,0,91
07/02/2013,ADW,MD,AEA,EN,Towers with Radar,0,0,6,94,100,0,0,2,26,28,0,0,8,120,128,0,78,78,206
07/03/2013,ADW,MD,AEA,EN,Towers with Radar,3,0,0,69,72,0,0,5,15,20,3,0,5,84,92,62,72,134,226
07/04/2013,ADW,MD,AEA,EN,Towers with Radar,0,0,2,8,10,0,0,20,17,37,0,0,22,25,47,64,28,92,139
07/05/2013,ADW,MD,AEA,EN,Towers with Radar,2,0,1,11,14,0,0,6,19,25,2,0,7,30,39,0,0,0,39
07/06/2013,ADW,MD,AEA,EN,Towers with Radar,0,0,0,4,4,0,0,5,7,12,0,0,5,11,16,68,0,68,84
07/07/2013,ADW,MD,AEA,EN,Towers with Radar,0,0,0,4,4,0,0,4,8,12,0,0,4,12,16,0,0,0,16
07/08/2013,ADW,MD,AEA,EN,Towers with Radar,2,0,2,86,90,0,3,9,20,32,2,3,11,106,122,0,206,206,328
07/09/2013,ADW,MD,AEA,EN,Towers with Radar,1,1,2,65,69,0,0,11,42,53,1,1,13,107,122,140,98,238,360
07/10/2013,ADW,MD,AEA,EN,Towers with Radar,2,6,0,84,92,0,1,16,42,59,2,7,16,126,151,12,37,49,200
07/11/2013,ADW,MD,AEA,EN,Towers with Radar,0,0,0,67,67,0,0,8,34,42,0,0,8,101,109,76,132,208,317
07/12/2013,ADW,MD,AEA,EN,Towers with Radar,3,1,8,97,109,0,1,6,39,46,3,2,14,136,155,44,66,110,265
07/13/2013,ADW,MD,AEA,EN,Towers with Radar,1,3,1,25,30,0,0,3,7,10,1,3,4,32,40,124,128,252,292
07/14/2013,ADW,MD,AEA,EN,Towers with Radar,0,1,0,39,40,0,0,11,6,17,0,1,11,45,57,66,184,250,307
07/15/2013,ADW,MD,AEA,EN,Towers with Radar,2,0,1,66,69,0,1,5,25,31,2,1,6,91,100,54,154,208,308
07/16/2013,ADW,MD,AEA,EN,Towers with Radar,1,2,2,82,87,0,1,3,18,22,1,3,5,100,109,52,86,138,247
07/17/2013,ADW,MD,AEA,EN,Towers with Radar,0,0,0,33,33,0,0,5,3,8,0,0,5,36,41,162,48,210,251
07/18/2013,ADW,MD,AEA,EN,Towers with Radar,2,1,0,39,42,0,0,13,46,59,2,1,13,85,101,168,74,242,343
07/19/2013,ADW,MD,AEA,EN,Towers with Radar,4,0,0,66,70,0,1,18,56,75,4,1,18,122,145,8,240,248,393
07/20/2013,ADW,MD,AEA,EN,Towers with Radar,2,0,0,30,32,0,0,12,12,24,2,0,12,42,56,16,20,36,92
07/21/2013,ADW,MD,AEA,EN,Towers with Radar,2,0,0,26,28,0,0,10,6,16,2,0,10,32,44,18,4,22,66
07/22/2013,ADW,MD,AEA,EN,Towers with Radar,2,2,1,71,76,0,2,9,34,45,2,4,10,105,121,122,228,350,471
07/23/2013,ADW,MD,AEA,EN,Towers with Radar,4,0,0,74,78,0,1,4,27,32,4,1,4,101,110,120,146,266,376
07/24/2013,ADW,MD,AEA,EN,Towers with Radar,4,0,0,72,76,0,1,5,32,38,4,1,5,104,114,0,56,56,170
07/25/2013,ADW,MD,AEA,EN,Towers with Radar,2,0,4,85,91,0,0,11,86,97,2,0,15,171,188,80,208,288,476
07/26/2013,ADW,MD,AEA,EN,Towers with Radar,0,0,3,67,70,0,0,6,7,13,0,0,9,74,83,0,0,0,83
07/27/2013,ADW,MD,AEA,EN,Towers with Radar,0,0,0,16,16,0,2,2,8,12,0,2,2,24,28,0,0,0,28
07/28/2013,ADW,MD,AEA,EN,Towers with Radar,1,0,0,23,24,0,0,4,6,10,1,0,4,29,34,0,0,0,34
07/29/2013,ADW,MD,AEA,EN,Towers with Radar,2,1,2,70,75,0,0,5,25,30,2,1,7,95,105,2,130,132,237
07/30/2013,ADW,MD,AEA,EN,Towers with Radar,0,2,1,74,77,0,0,16,44,60,0,2,17,118,137,82,170,252,389
07/31/2013,ADW,MD,AEA,EN,Towers with Radar,1,0,4,55,60,0,2,8,24,34,1,2,12,79,94,60,184,244,338
08/01/2013,ADW,MD,AEA,EN,Towers with Radar,0,1,0,67,68,0,2,16,74,92,0,3,16,141,160,40,122,162,322
08/02/2013,ADW,MD,AEA,EN,Towers with Radar,4,0,0,45,49,0,0,18,11,29,4,0,18,56,78,162,60,222,300
08/03/2013,ADW,MD,AEA,EN,Towers with Radar,0,0,0,19,19,0,1,2,8,11,0,1,2,27,30,0,28,28,58
08/04/2013,ADW,MD,AEA,EN,Towers with Radar,0,0,0,24,24,0,1,2,14,17,0,1,2,38,41,34,2,36,77
08/05/2013,ADW,MD,AEA,EN,Towers with Radar,0,0,2,58,60,0,0,3,19,22,0,0,5,77,82,12,100,112,194
08/06/2013,ADW,MD,AEA,EN,Towers with Radar,0,3,0,79,82,0,0,6,35,41,0,3,6,114,123,20,66,86,209
08/07/2013,ADW,MD,AEA,EN,Towers with Radar,0,2,0,72,74,0,0,3,26,29,0,2,3,98,103,0,8,8,111
08/08/2013,ADW,MD,AEA,EN,Towers with Radar,2,1,0,66,69,0,0,12,52,64,2,1,12,118,133,68,252,320,453
08/09/2013,ADW,MD,AEA,EN,Towers with Radar,2,0,2,75,79,0,0,9,48,57,2,0,11,123,136,32,262,294,430
08/10/2013,ADW,MD,AEA,EN,Towers with Radar,0,0,2,43,45,0,0,4,11,15,0,0,6,54,60,36,54,90,150
08/11/2013,ADW,MD,AEA,EN,Towers with Radar,2,0,0,19,21,0,0,12,8,20,2,0,12,27,41,0,0,0,41
08/12/2013,ADW,MD,AEA,EN,Towers with Radar,2,3,3,55,63,0,1,7,31,39,2,4,10,86,102,6,152,158,260
08/13/2013,ADW,MD,AEA,EN,Towers with Radar,2,0,2,65,69,0,1,6,20,27,2,1,8,85,96,14,132,146,242
08/14/2013,ADW,MD,AEA,EN,Towers with Radar,0,0,2,41,43,0,0,5,25,30,0,0,7,66,73,90,86,176,249
08/15/2013,ADW,MD,AEA,EN,Towers with Radar,0,0,3,39,42,0,1,9,45,55,0,1,12,84,97,70,116,186,283
08/16/2013,ADW,MD,AEA,EN,Towers with Radar,2,0,2,58,62,0,0,6,26,32,2,0,8,84,94,78,148,226,320
08/17/2013,ADW,MD,AEA,EN,Towers with Radar,2,0,0,21,23,0,0,1,7,8,2,0,1,28,31,52,22,74,105
08/18/2013,ADW,MD,AEA,EN,Towers with Radar,2,0,0,20,22,0,0,7,16,23,2,0,7,36,45,52,58,110,155
08/19/2013,ADW,MD,AEA,EN,Towers with Radar,0,0,2,63,65,0,0,6,27,33,0,0,8,90,98,0,0,0,98
08/20/2013,ADW,MD,AEA,EN,Towers with Radar,2,2,10,123,137,0,0,25,39,64,2,2,35,162,201,80,82,162,363
08/21/2013,ADW,MD,AEA,EN,Towers with Radar,5,2,7,98,112,0,0,11,43,54,5,2,18,141,166,64,124,188,354
08/22/2013,ADW,MD,AEA,EN,Towers with Radar,1,0,1,107,109,0,0,7,49,56,1,0,8,156,165,40,110,150,315
08/23/2013,ADW,MD,AEA,EN,Towers with Radar,2,0,0,101,103,0,1,27,22,50,2,1,27,123,153,64,64,128,281
08/24/2013,ADW,MD,AEA,EN,Towers with Radar,2,0,0,24,26,0,0,7,8,15,2,0,7,32,41,142,36,178,219
08/25/2013,ADW,MD,AEA,EN,Towers with Radar,2,2,0,23,27,0,0,9,16,25,2,2,9,39,52,52,74,126,178
08/26/2013,ADW,MD,AEA,EN,Towers with Radar,0,0,3,95,98,0,0,5,66,71,0,0,8,161,169,42,190,232,401
08/27/2013,ADW,MD,AEA,EN,Towers with Radar,0,0,1,89,90,0,0,17,50,67,0,0,18,139,157,88,220,308,465
08/28/2013,ADW,MD,AEA,EN,Towers with Radar,0,0,0,73,73,0,0,3,31,34,0,0,3,104,107,20,82,102,209
08/29/2013,ADW,MD,AEA,EN,Towers with Radar,3,0,5,81,89,0,0,18,53,71,3,0,23,134,160,70,152,222,382
08/30/2013,ADW,MD,AEA,EN,Towers with Radar,0,0,0,46,46,0,0,27,19,46,0,0,27,65,92,100,60,160,252
08/31/2013,ADW,MD,AEA,EN,Towers with Radar,1,2,2,18,23,0,1,10,11,22,1,3,12,29,45,64,54,118,163
09/01/2013,ADW,MD,AEA,EN,Towers with Radar,0,0,0,15,15,0,0,0,12,12,0,0,0,27,27,0,0,0,27
09/02/2013,ADW,MD,AEA,EN,Towers with Radar,1,0,0,17,18,0,1,4,7,12,1,1,4,24,30,0,0,0,30
09/03/2013,ADW,MD,AEA,EN,Towers with Radar,1,0,3,58,62,0,0,2,15,17,1,0,5,73,79,28,0,28,107
09/04/2013,ADW,MD,AEA,EN,Towers with Radar,0,1,5,89,95,0,1,25,49,75,0,2,30,138,170,86,136,222,392
09/05/2013,ADW,MD,AEA,EN,Towers with Radar,0,1,2,91,94,0,0,26,43,69,0,1,28,134,163,32,236,268,431
09/06/2013,ADW,MD,AEA,EN,Towers with Radar,0,1,0,65,66,0,0,19,19,38,0,1,19,84,104,30,64,94,198
09/07/2013,ADW,MD,AEA,EN,Towers with Radar,2,3,0,34,39,0,0,11,13,24,2,3,11,47,63,60,190,250,313
09/08/2013,ADW,MD,AEA,EN,Towers with Radar,0,1,0,18,19,0,0,7,17,24,0,1,7,35,43,0,162,162,205
09/09/2013,ADW,MD,AEA,EN,Towers with Radar,2,0,3,60,65,0,0,7,36,43,2,0,10,96,108,242,24,266,374
09/10/2013,ADW,MD,AEA,EN,Towers with Radar,0,3,0,67,70,0,0,5,31,36,0,3,5,98,106,82,102,184,290
09/11/2013,ADW,MD,AEA,EN,Towers with Radar,0,0,2,64,66,0,0,7,24,31,0,0,9,88,97,78,92,170,267
09/12/2013,ADW,MD,AEA,EN,Towers with Radar,3,1,0,61,65,0,1,4,42,47,3,2,4,103,112,0,108,108,220
09/13/2013,ADW,MD,AEA,EN,Towers with Radar,5,0,0,93,98,0,0,10,40,50,5,0,10,133,148,56,144,200,348
09/14/2013,ADW,MD,AEA,EN,Towers with Radar,2,0,5,43,50,0,0,12,7,19,2,0,17,50,69,68,26,94,163
09/15/2013,ADW,MD,AEA,EN,Towers with Radar,0,0,0,46,46,0,0,5,17,22,0,0,5,63,68,0,62,62,130
09/16/2013,ADW,MD,AEA,EN,Towers with Radar,0,0,0,64,64,0,0,6,32,38,0,0,6,96,102,0,118,118,220
09/17/2013,ADW,MD,AEA,EN,Towers with Radar,0,0,12,98,110,0,0,24,59,83,0,0,36,157,193,96,192,288,481
09/18/2013,ADW,MD,AEA,EN,Towers with Radar,1,2,4,95,102,0,0,7,65,72,1,2,11,160,174,24,256,280,454
09/19/2013,ADW,MD,AEA,EN,Towers with Radar,0,3,1,131,135,0,0,14,73,87,0,3,15,204,222,40,244,284,506
09/20/2013,ADW,MD,AEA,EN,Towers with Radar,6,8,0,120,134,0,1,16,35,52,6,9,16,155,186,44,70,114,300
09/21/2013,ADW,MD,AEA,EN,Towers with Radar,3,0,4,36,43,0,0,10,5,15,3,0,14,41,58,16,34,50,108
09/22/2013,ADW,MD,AEA,EN,Towers with Radar,0,2,0,28,30,0,0,5,15,20,0,2,5,43,50,78,4,82,132
09/23/2013,ADW,MD,AEA,EN,Towers with Radar,3,1,1,46,51,0,0,3,18,21,3,1,4,64,72,4,126,130,202
09/24/2013,ADW,MD,AEA,EN,Towers with Radar,4,3,2,90,99,0,1,2,29,32,4,4,4,119,131,40,118,158,289
09/25/2013,ADW,MD,AEA,EN,Towers with Radar,4,1,1,96,102,0,0,21,38,59,4,1,22,134,161,32,172,204,365
09/26/2013,ADW,MD,AEA,EN,Towers with Radar,5,1,2,107,115,0,0,28,33,61,5,1,30,140,176,62,38,100,276
09/27/2013,ADW,MD,AEA,EN,Towers with Radar,7,2,0,77,86,0,0,10,18,28,7,2,10,95,114,24,52,76,190
09/28/2013,ADW,MD,AEA,EN,Towers with Radar,1,1,0,22,24,0,0,6,2,8,1,1,6,24,32,2,42,44,76
09/29/2013,ADW,MD,AEA,EN,Towers with Radar,3,1,0,8,12,0,0,15,8,23,3,1,15,16,35,54,0,54,89
09/30/2013,ADW,MD,AEA,EN,Towers with Radar,2,0,1,90,93,0,0,9,24,33,2,0,10,114,126,14,98,112,238
10/01/2013,ADW,MD,AEA,EN,Towers with Radar,2,1,3,66,72,0,0,18,53,71,2,1,21,119,143,66,130,196,339
10/02/2013,ADW,MD,AEA,EN,Towers with Radar,0,0,2,29,31,0,0,8,31,39,0,0,10,60,70,0,46,46,116
10/03/2013,ADW,MD,AEA,EN,Towers with Radar,1,1,0,51,53,0,0,14,32,46,1,1,14,83,99,42,50,92,191
10/04/2013,ADW,MD,AEA,EN,Towers with Radar,0,3,8,30,41,0,0,16,10,26,0,3,24,40,67,36,10,46,113
10/05/2013,ADW,MD,AEA,EN,Towers with Radar,0,0,0,12,12,0,0,11,11,22,0,0,11,23,34,62,30,92,126
10/06/2013,ADW,MD,AEA,EN,Towers with Radar,0,0,0,14,14,0,0,8,8,16,0,0,8,22,30,118,98,216,246
10/07/2013,ADW,MD,AEA,EN,Towers with Radar,2,0,0,23,25,0,0,1,8,9,2,0,1,31,34,0,0,0,34
10/08/2013,ADW,MD,AEA,EN,Towers with Radar,0,2,0,65,67,0,0,12,35,47,0,2,12,100,114,14,202,216,330
10/09/2013,ADW,MD,AEA,EN,Towers with Radar,0,7,0,64,71,0,0,2,50,52,0,7,2,114,123,58,170,228,351
10/10/2013,ADW,MD,AEA,EN,Towers with Radar,2,1,0,19,22,0,0,0,0,0,2,1,0,19,22,0,2,2,24
10/11/2013,ADW,MD,AEA,EN,Towers with Radar,0,1,0,38,39,0,0,0,1,1,0,1,0,39,40,0,14,14,54
10/12/2013,ADW,MD,AEA,EN,Towers with Radar,0,1,0,10,11,0,0,3,10,13,0,1,3,20,24,0,0,0,24
10/13/2013,ADW,MD,AEA,EN,Towers with Radar,0,1,0,2,3,0,0,1,7,8,0,1,1,9,11,60,54,114,125
10/14/2013,ADW,MD,AEA,EN,Towers with Radar,0,0,2,5,7,0,0,7,30,37,0,0,9,35,44,92,28,120,164
10/15/2013,ADW,MD,AEA,EN,Towers with Radar,2,0,1,84,87,0,1,10,47,58,2,1,11,131,145,74,236,310,455
10/16/2013,ADW,MD,AEA,EN,Towers with Radar,1,1,0,58,60,0,0,6,47,53,1,1,6,105,113,24,84,108,221
10/17/2013,ADW,MD,AEA,EN,Towers with Radar,1,0,0,75,76,0,0,8,41,49,1,0,8,116,125,4,38,42,167
10/18/2013,ADW,MD,AEA,EN,Towers with Radar,2,1,7,58,68,0,3,3,24,30,2,4,10,82,98,2,258,260,358
10/19/2013,ADW,MD,AEA,EN,Towers with Radar,0,0,0,22,22,0,0,13,7,20,0,0,13,29,42,6,40,46,88
10/20/2013,ADW,MD,AEA,EN,Towers with Radar,2,3,0,13,18,0,2,6,16,24,2,5,6,29,42,86,10,96,138
10/21/2013,ADW,MD,AEA,EN,Towers with Radar,1,1,8,48,58,0,0,12,35,47,1,1,20,83,105,0,292,292,397
10/22/2013,ADW,MD,AEA,EN,Towers with Radar,1,0,4,89,94,0,0,10,35,45,1,0,14,124,139,0,214,214,353
10/23/2013,ADW,MD,AEA,EN,Towers with Radar,1,1,0,93,95,0,1,24,56,81,1,2,24,149,176,82,162,244,420
10/24/2013,ADW,MD,AEA,EN,Towers with Radar,1,1,5,110,117,0,2,18,46,66,1,3,23,156,183,88,122,210,393
10/25/2013,ADW,MD,AEA,EN,Towers with Radar,0,0,1,85,86,0,0,17,24,41,0,0,18,109,127,110,94,204,331
10/26/2013,ADW,MD,AEA,EN,Towers with Radar,2,2,0,19,23,0,0,11,5,16,2,2,11,24,39,14,0,14,53
10/27/2013,ADW,MD,AEA,EN,Towers with Radar,0,0,0,16,16,0,0,5,14,19,0,0,5,30,35,0,0,0,35
10/28/2013,ADW,MD,AEA,EN,Towers with Radar,0,0,2,65,67,0,0,24,43,67,0,0,26,108,134,0,68,68,202
10/29/2013,ADW,MD,AEA,EN,Towers with Radar,1,1,6,82,90,0,1,12,58,71,1,2,18,140,161,56,160,216,377
10/30/2013,ADW,MD,AEA,EN,Towers with Radar,0,3,2,59,64,0,1,6,31,38,0,4,8,90,102,24,20,44,146
10/31/2013,ADW,MD,AEA,EN,Towers with Radar,0,2,0,59,61,0,0,16,67,83,0,2,16,126,144,22,248,270,414
11/01/2013,ADW,MD,AEA,EN,Towers with Radar,2,6,0,86,94,0,1,8,23,32,2,7,8,109,126,0,154,154,280
11/02/2013,ADW,MD,AEA,EN,Towers with Radar,0,0,0,36,36,0,1,2,16,19,0,1,2,52,55,0,42,42,97
11/03/2013,ADW,MD,AEA,EN,Towers with Radar,3,1,0,38,42,0,1,15,17,33,3,2,15,55,75,54,0,54,129
11/04/2013,ADW,MD,AEA,EN,Towers with Radar,3,2,3,54,62,0,0,10,34,44,3,2,13,88,106,34,56,90,196
11/05/2013,ADW,MD,AEA,EN,Towers with Radar,0,0,0,89,89,0,2,0,37,39,0,2,0,126,128,0,154,154,282
11/06/2013,ADW,MD,AEA,EN,Towers with Radar,0,2,1,59,62,0,0,7,20,27,0,2,8,79,89,0,60,60,149
11/07/2013,ADW,MD,AEA,EN,Towers with Radar,0,3,1,105,109,0,1,4,31,36,0,4,5,136,145,0,0,0,145
11/08/2013,ADW,MD,AEA,EN,Towers with Radar,0,1,0,89,90,0,1,4,25,30,0,2,4,114,120,0,44,44,164
11/09/2013,ADW,MD,AEA,EN,Towers with Radar,2,2,0,26,30,0,0,9,10,19,2,2,9,36,49,0,0,0,49
11/10/2013,ADW,MD,AEA,EN,Towers with Radar,0,0,0,21,21,0,0,8,24,32,0,0,8,45,53,124,124,248,301
11/11/2013,ADW,MD,AEA,EN,Towers with Radar,0,1,0,21,22,0,0,3,8,11,0,1,3,29,33,60,14,74,107
11/12/2013,ADW,MD,AEA,EN,Towers with Radar,1,2,2,104,109,0,0,7,51,58,1,2,9,155,167,46,190,236,403
11/13/2013,ADW,MD,AEA,EN,Towers with Radar,0,0,2,58,60,0,0,9,38,47,0,0,11,96,107,14,154,168,275
11/14/2013,ADW,MD,AEA,EN,Towers with Radar,1,2,0,79,82,0,1,15,41,57,1,3,15,120,139,16,64,80,219
11/15/2013,ADW,MD,AEA,EN,Towers with Radar,0,0,0,93,93,0,0,25,38,63,0,0,25,131,156,64,198,262,418
11/16/2013,ADW,MD,AEA,EN,Towers with Radar,0,0,0,21,21,0,0,0,0,0,0,0,0,21,21,0,0,0,21
11/17/2013,ADW,MD,AEA,EN,Towers with Radar,0,0,0,28,28,0,0,4,10,14,0,0,4,38,42,0,0,0,42
11/18/2013,ADW,MD,AEA,EN,Towers with Radar,4,1,2,78,85,0,3,8,23,34,4,4,10,101,119,68,78,146,265
11/19/2013,ADW,MD,AEA,EN,Towers with Radar,3,4,4,114,125,0,0,4,31,35,3,4,8,145,160,76,202,278,438
11/20/2013,ADW,MD,AEA,EN,Towers with Radar,1,0,0,84,85,0,1,18,27,46,1,1,18,111,131,10,114,124,255
11/21/2013,ADW,MD,AEA,EN,Towers with Radar,2,0,3,96,101,0,0,9,33,42,2,0,12,129,143,72,168,240,383
11/22/2013,ADW,MD,AEA,EN,Towers with Radar,1,2,2,75,80,0,0,5,15,20,1,2,7,90,100,0,196,196,296
11/23/2013,ADW,MD,AEA,EN,Towers with Radar,3,0,0,25,28,0,2,8,4,14,3,2,8,29,42,0,68,68,110
11/24/2013,ADW,MD,AEA,EN,Towers with Radar,2,0,0,23,25,0,0,4,12,16,2,0,4,35,41,0,0,0,41
11/25/2013,ADW,MD,AEA,EN,Towers with Radar,0,0,3,73,76,0,2,13,23,38,0,2,16,96,114,2,148,150,264
11/26/2013,ADW,MD,AEA,EN,Towers with Radar,0,1,0,43,44,0,0,0,2,2,0,1,0,45,46,0,2,2,48
11/27/2013,ADW,MD,AEA,EN,Towers with Radar,0,2,1,18,21,0,0,1,7,8,0,2,2,25,29,0,0,0,29
11/28/2013,ADW,MD,AEA,EN,Towers with Radar,0,0,0,3,3,0,0,8,0,8,0,0,8,3,11,26,0,26,37
11/29/2013,ADW,MD,AEA,EN,Towers with Radar,0,0,14,12,26,0,0,10,11,21,0,0,24,23,47,52,50,102,149
11/30/2013,ADW,MD,AEA,EN,Towers with Radar,0,0,0,8,8,0,0,4,8,12,0,0,4,16,20,0,0,0,20
12/01/2013,ADW,MD,AEA,EN,Towers with Radar,0,2,0,26,28,0,0,4,10,14,0,2,4,36,42,0,0,0,42
12/02/2013,ADW,MD,AEA,EN,Towers with Radar,3,3,0,79,85,0,0,6,27,33,3,3,6,106,118,0,0,0,118
12/03/2013,ADW,MD,AEA,EN,Towers with Radar,1,0,3,82,86,0,2,4,23,29,1,2,7,105,115,12,62,74,189
12/04/2013,ADW,MD,AEA,EN,Towers with Radar,2,0,14,93,109,0,0,4,26,30,2,0,18,119,139,12,88,100,239
12/05/2013,ADW,MD,AEA,EN,Towers with Radar,1,1,1,119,122,0,0,12,40,52,1,1,13,159,174,62,192,254,428
12/06/2013,ADW,MD,AEA,EN,Towers with Radar,0,0,13,53,66,0,0,3,0,3,0,0,16,53,69,0,43,43,112
12/07/2013,ADW,MD,AEA,EN,Towers with Radar,1,5,3,36,45,0,0,17,0,17,1,5,20,36,62,116,8,124,186
12/08/2013,ADW,MD,AEA,EN,Towers with Radar,2,0,2,12,16,0,0,0,0,0,2,0,2,12,16,0,0,0,16
12/09/2013,ADW,MD,AEA,EN,Towers with Radar,3,0,4,36,43,0,0,0,0,0,3,0,4,36,43,0,0,0,43
12/10/2013,ADW,MD,AEA,EN,Towers with Radar,0,1,6,46,53,0,0,7,0,7,0,1,13,46,60,62,66,128,188
12/11/2013,ADW,MD,AEA,EN,Towers with Radar,0,0,16,67,83,0,0,35,6,41,0,0,51,73,124,0,22,22,146
12/12/2013,ADW,MD,AEA,EN,Towers with Radar,0,1,29,79,109,0,0,33,27,60,0,1,62,106,169,84,184,268,437
12/13/2013,ADW,MD,AEA,EN,Towers with Radar,3,0,14,79,96,0,0,20,17,37,3,0,34,96,133,0,128,128,261
12/14/2013,ADW,MD,AEA,EN,Towers with Radar,1,2,2,9,14,0,0,4,0,4,1,2,6,9,18,0,0,0,18
12/15/2013,ADW,MD,AEA,EN,Towers with Radar,0,1,3,25,29,0,0,13,0,13,0,1,16,25,42,0,0,0,42
12/16/2013,ADW,MD,AEA,EN,Towers with Radar,0,1,22,122,145,0,1,33,22,56,0,2,55,144,201,18,148,166,367
12/17/2013,ADW,MD,AEA,EN,Towers with Radar,2,1,12,123,138,0,0,17,16,33,2,1,29,139,171,0,136,136,307
12/18/2013,ADW,MD,AEA,EN,Towers with Radar,0,0,25,91,116,0,0,32,23,55,0,0,57,114,171,4,98,102,273
12/19/2013,ADW,MD,AEA,EN,Towers with Radar,2,0,27,73,102,0,0,39,0,39,2,0,66,73,141,0,120,120,261
12/20/2013,ADW,MD,AEA,EN,Towers with Radar,0,0,18,41,59,0,0,4,0,4,0,0,22,41,63,10,100,110,173
12/21/2013,ADW,MD,AEA,EN,Towers with Radar,2,0,11,3,16,0,0,8,0,8,2,0,19,3,24,60,12,72,96
12/22/2013,ADW,MD,AEA,EN,Towers with Radar,0,0,1,6,7,0,0,8,0,8,0,0,9,6,15,0,0,0,15
12/23/2013,ADW,MD,AEA,EN,Towers with Radar,0,8,13,58,79,0,0,3,3,6,0,8,16,61,85,0,20,20,105
12/24/2013,ADW,MD,AEA,EN,Towers with Radar,0,0,4,8,12,0,0,17,4,21,0,0,21,12,33,20,20,40,73
12/25/2013,ADW,MD,AEA,EN,Towers with Radar,0,0,2,4,6,0,0,1,0,1,0,0,3,4,7,0,0,0,7
12/26/2013,ADW,MD,AEA,EN,Towers with Radar,0,0,1,12,13,0,0,15,5,20,0,0,16,17,33,16,4,20,53
12/27/2013,ADW,MD,AEA,EN,Towers with Radar,0,0,12,44,56,0,0,11,0,11,0,0,23,44,67,0,166,166,233
12/28/2013,ADW,MD,AEA,EN,Towers with Radar,0,0,2,4,6,0,0,11,0,11,0,0,13,4,17,60,0,60,77
12/29/2013,ADW,MD,AEA,EN,Towers with Radar,0,0,0,7,7,0,0,6,0,6,0,0,6,7,13,0,0,0,13
12/30/2013,ADW,MD,AEA,EN,Towers with Radar,0,2,13,67,82,0,0,20,12,32,0,2,33,79,114,16,80,96,210
12/31/2013,ADW,MD,AEA,EN,Towers with Radar,0,0,4,18,22,0,0,12,1,13,0,0,16,19,35,8,52,60,95
01/01/2014,ADW,MD,AEA,EN,Towers with Radar,0,0,4,6,10,0,0,10,0,10,0,0,14,6,20,24,48,72,92
01/02/2014,ADW,MD,AEA,EN,Towers with Radar,0,0,0,44,44,0,0,2,0,2,0,0,2,44,46,0,0,0,46
01/03/2014,ADW,MD,AEA,EN,Towers with Radar,0,0,0,13,13,0,0,2,0,2,0,0,2,13,15,0,52,52,67
01/04/2014,ADW,MD,AEA,EN,Towers with Radar,0,0,1,5,6,0,0,6,0,6,0,0,7,5,12,56,28,84,96
01/05/2014,ADW,MD,AEA,EN,Towers with Radar,0,0,1,14,15,0,0,4,0,4,0,0,5,14,19,0,16,16,35
01/06/2014,ADW,MD,AEA,EN,Towers with Radar,1,0,8,40,49,0,0,24,0,24,1,0,32,40,73,90,104,194,267
01/07/2014,ADW,MD,AEA,EN,Towers with Radar,0,4,19,49,72,0,0,43,0,43,0,4,62,49,115,30,130,160,275
01/08/2014,ADW,MD,AEA,EN,Towers with Radar,1,1,35,28,65,0,0,31,2,33,1,1,66,30,98,0,0,0,98
01/09/2014,ADW,MD,AEA,EN,Towers with Radar,0,1,24,40,65,0,0,33,1,34,0,1,57,41,99,142,222,364,463
01/10/2014,ADW,MD,AEA,EN,Towers with Radar,0,0,4,34,38,0,0,0,0,0,0,0,4,34,38,0,0,0,38
01/11/2014,ADW,MD,AEA,EN,Towers with Radar,0,3,0,12,15,0,0,6,0,6,0,3,6,12,21,0,0,0,21
01/12/2014,ADW,MD,AEA,EN,Towers with Radar,2,0,6,58,66,0,0,19,0,19,2,0,25,58,85,0,28,28,113
01/13/2014,ADW,MD,AEA,EN,Towers with Radar,0,0,29,80,109,0,0,46,27,73,0,0,75,107,182,74,162,236,418
01/14/2014,ADW,MD,AEA,EN,Towers with Radar,4,0,20,103,127,0,0,23,5,28,4,0,43,108,155,44,74,118,273
01/15/2014,ADW,MD,AEA,EN,Towers with Radar,2,2,43,50,97,0,0,21,0,21,2,2,64,50,118,0,14,14,132
01/16/2014,ADW,MD,AEA,EN,Towers with Radar,0,0,27,78,105,0,0,34,12,46,0,0,61,90,151,0,152,152,303
01/17/2014,ADW,MD,AEA,EN,Towers with Radar,7,1,22,70,100,0,0,28,16,44,7,1,50,86,144,50,236,286,430
01/18/2014,ADW,MD,AEA,EN,Towers with Radar,2,0,6,5,13,0,0,15,0,15,2,0,21,5,28,65,32,97,125
01/19/2014,ADW,MD,AEA,EN,Towers with Radar,0,0,6,8,14,0,0,19,0,19,0,0,25,8,33,42,36,78,111
01/20/2014,ADW,MD,AEA,EN,Towers with Radar,0,0,6,37,43,0,0,16,11,27,0,0,22,48,70,84,58,142,212
01/21/2014,ADW,MD,AEA,EN,Towers with Radar,1,0,6,13,20,0,0,5,0,5,1,0,11,13,25,16,0,16,41
01/22/2014,ADW,MD,AEA,EN,Towers with Radar,0,1,7,38,46,0,0,5,0,5,0,1,12,38,51,60,12,72,123
01/23/2014,ADW,MD,AEA,EN,Towers with Radar,0,2,19,58,79,0,1,19,0,20,0,3,38,58,99,34,138,172,271
01/24/2014,ADW,MD,AEA,EN,Towers with Radar,0,0,25,59,84,0,0,32,0,32,0,0,57,59,116,2,178,180,296
01/25/2014,ADW,MD,AEA,EN,Towers with Radar,0,0,4,7,11,0,0,15,0,15,0,0,19,7,26,44,10,54,80
01/26/2014,ADW,MD,AEA,EN,Towers with Radar,0,0,5,16,21,0,0,17,0,17,0,0,22,16,38,46,68,114,152
01/27/2014,ADW,MD,AEA,EN,Towers with Radar,3,0,20,64,87,0,0,12,1,13,3,0,32,65,100,80,18,98,198
01/28/2014,ADW,MD,AEA,EN,Towers with Radar,3,0,14,65,82,0,0,5,0,5,3,0,19,65,87,2,36,38,125
01/29/2014,ADW,MD,AEA,EN,Towers with Radar,1,2,25,54,82,0,0,32,0,32,1,2,57,54,114,0,0,0,114
01/30/2014,ADW,MD,AEA,EN,Towers with Radar,3,5,11,73,92,0,0,39,14,53,3,5,50,87,145,68,150,218,363
01/31/2014,ADW,MD,AEA,EN,Towers with Radar,2,0,5,67,74,0,0,40,20,60,2,0,45,87,134,24,192,216,350
02/01/2014,ADW,MD,AEA,EN,Towers with Radar,1,0,2,20,23,0,0,12,0,12,1,0,14,20,35,58,44,102,137
02/02/2014,ADW,MD,AEA,EN,Towers with Radar,0,0,0,16,16,0,0,21,0,21,0,0,21,16,37,0,0,0,37
02/03/2014,ADW,MD,AEA,EN,Towers with Radar,4,0,0,32,36,0,0,2,8,10,4,0,2,40,46,0,30,30,76
02/04/2014,ADW,MD,AEA,EN,Towers with Radar,1,0,8,106,115,0,0,3,42,45,1,0,11,148,160,86,266,352,512
02/05/2014,ADW,MD,AEA,EN,Towers with Radar,2,1,3,68,74,0,0,0,15,15,2,1,3,83,89,0,78,78,167
02/06/2014,ADW,MD,AEA,EN,Towers with Radar,3,2,6,107,118,0,2,7,48,57,3,4,13,155,175,70,136,206,381
02/07/2014,ADW,MD,AEA,EN,Towers with Radar,5,0,0,82,87,0,0,2,48,50,5,0,2,130,137,44,84,128,265
02/08/2014,ADW,MD,AEA,EN,Towers with Radar,0,0,0,35,35,0,0,2,19,21,0,0,2,54,56,40,82,122,178
02/09/2014,ADW,MD,AEA,EN,Towers with Radar,1,1,1,24,27,0,0,2,14,16,1,1,3,38,43,0,0,0,43
02/10/2014,ADW,MD,AEA,EN,Towers with Radar,4,0,4,76,84,0,0,4,42,46,4,0,8,118,130,0,0,0,130
02/11/2014,ADW,MD,AEA,EN,Towers with Radar,3,11,2,57,73,0,0,5,32,37,3,11,7,89,110,40,258,298,408
02/12/2014,ADW,MD,AEA,EN,Towers with Radar,1,0,2,66,69,0,0,6,38,44,1,0,8,104,113,0,176,176,289
02/13/2014,ADW,MD,AEA,EN,Towers with Radar,0,1,0,3,4,0,0,0,0,0,0,1,0,3,4,0,0,0,4
02/14/2014,ADW,MD,AEA,EN,Towers with Radar,1,0,4,52,57,0,0,6,15,21,1,0,10,67,78,12,20,32,110
02/15/2014,ADW,MD,AEA,EN,Towers with Radar,2,1,0,22,25,0,0,0,5,5,2,1,0,27,30,0,10,10,40
02/16/2014,ADW,MD,AEA,EN,Towers with Radar,2,1,0,19,22,0,0,1,17,18,2,1,1,36,40,8,0,8,48
02/17/2014,ADW,MD,AEA,EN,Towers with Radar,0,2,1,30,33,0,0,9,25,34,0,2,10,55,67,86,56,142,209
02/18/2014,ADW,MD,AEA,EN,Towers with Radar,2,1,0,90,93,0,0,1,28,29,2,1,1,118,122,2,128,130,252
02/19/2014,ADW,MD,AEA,EN,Towers with Radar,0,0,5,72,77,0,2,5,45,52,0,2,10,117,129,38,110,148,277
02/20/2014,ADW,MD,AEA,EN,Towers with Radar,3,0,7,78,88,0,0,3,49,52,3,0,10,127,140,72,140,212,352
02/21/2014,ADW,MD,AEA,EN,Towers with Radar,0,0,3,60,63,0,2,1,21,24,0,2,4,81,87,0,30,30,117
02/22/2014,ADW,MD,AEA,EN,Towers with Radar,2,0,1,50,53,0,0,4,13,17,2,0,5,63,70,6,46,52,122
02/23/2014,ADW,MD,AEA,EN,Towers with Radar,2,1,1,31,35,0,0,6,21,27,2,1,7,52,62,0,20,20,82
02/24/2014,ADW,MD,AEA,EN,Towers with Radar,0,7,14,90,111,0,0,11,38,49,0,7,25,128,160,66,112,178,338
02/25/2014,ADW,MD,AEA,EN,Towers with Radar,0,0,2,105,107,0,0,2,40,42,0,0,4,145,149,12,90,102,251
02/26/2014,ADW,MD,AEA,EN,Towers with Radar,0,4,7,102,113,0,1,16,57,74,0,5,23,159,187,50,154,204,391
02/27/2014,ADW,MD,AEA,EN,Towers with Radar,2,0,6,81,89,0,0,11,50,61,2,0,17,131,150,82,123,205,355
02/28/2014,ADW,MD,AEA,EN,Towers with Radar,0,1,5,73,79,0,0,6,39,45,0,1,11,112,124,46,40,86,210
03/01/2014,ADW,MD,AEA,EN,Towers with Radar,0,0,0,20,20,0,0,4,18,22,0,0,4,38,42,60,86,146,188
03/02/2014,ADW,MD,AEA,EN,Towers with Radar,1,4,0,32,37,0,0,3,9,12,1,4,3,41,49,0,16,16,65
03/03/2014,ADW,MD,AEA,EN,Towers with Radar,0,0,0,5,5,0,0,0,0,0,0,0,0,5,5,12,8,20,25
03/04/2014,ADW,MD,AEA,EN,Towers with Radar,1,1,1,58,61,0,0,4,21,25,1,1,5,79,86,66,44,110,196
03/05/2014,ADW,MD,AEA,EN,Towers with Radar,0,0,1,93,94,0,0,5,56,61,0,0,6,149,155,46,126,172,327
03/06/2014,ADW,MD,AEA,EN,Towers with Radar,0,0,2,88,90,0,0,11,25,36,0,0,13,113,126,72,66,138,264
03/07/2014,ADW,MD,AEA,EN,Towers with Radar,0,5,3,77,85,0,0,10,27,37,0,5,13,104,122,0,50,50,172
03/08/2014,ADW,MD,AEA,EN,Towers with Radar,0,0,1,23,24,0,0,4,24,28,0,0,5,47,52,26,36,62,114
03/09/2014,ADW,MD,AEA,EN,Towers with Radar,2,3,1,33,39,0,0,4,21,25,2,3,5,54,64,6,32,38,102
03/10/2014,ADW,MD,AEA,EN,Towers with Radar,2,1,1,86,90,0,2,6,31,39,2,3,7,117,129,4,72,76,205
03/11/2014,ADW,MD,AEA,EN,Towers with Radar,0,2,2,96,100,0,1,2,44,47,0,3,4,140,147,0,0,0,147
03/12/2014,ADW,MD,AEA,EN,Towers with Radar,0,0,2,57,59,0,0,4,7,11,0,0,6,64,70,44,16,60,130
03/13/2014,ADW,MD,AEA,EN,Towers with Radar,4,1,0,46,51,0,0,3,8,11,4,1,3,54,62,0,40,40,102
03/14/2014,ADW,MD,AEA,EN,Towers with Radar,0,7,1,72,80,3,2,3,14,22,3,9,4,86,102,0,54,54,156
03/15/2014,ADW,MD,AEA,EN,Towers with Radar,0,0,1,31,32,0,1,4,6,11,0,1,5,37,43,50,0,50,93
03/16/2014,ADW,MD,AEA,EN,Towers with Radar,0,2,0,45,47,0,0,7,10,17,0,2,7,55,64,58,88,146,210
03/17/2014,ADW,MD,AEA,EN,Towers with Radar,1,1,1,18,21,0,0,0,1,1,1,1,1,19,22,0,0,0,22
03/18/2014,ADW,MD,AEA,EN,Towers with Radar,2,0,7,91,100,0,0,7,42,49,2,0,14,133,149,0,0,0,149
03/19/2014,ADW,MD,AEA,EN,Towers with Radar,1,0,0,56,57,0,0,2,13,15,1,0,2,69,72,28,26,54,126
03/20/2014,ADW,MD,AEA,EN,Towers with Radar,0,0,1,92,93,0,0,2,50,52,0,0,3,142,145,0,170,170,315
03/21/2014,ADW,MD,AEA,EN,Towers with Radar,2,5,2,104,113,0,2,6,43,51,2,7,8,147,164,2,154,156,320
03/22/2014,ADW,MD,AEA,EN,Towers with Radar,3,0,0,37,40,0,1,4,10,15,3,1,4,47,55,50,46,96,151
03/23/2014,ADW,MD,AEA,EN,Towers with Radar,1,0,0,41,42,0,0,7,16,23,1,0,7,57,65,0,0,0,65
03/24/2014,ADW,MD,AEA,EN,Towers with Radar,2,0,3,87,92,0,0,7,47,54,2,0,10,134,146,0,282,282,428
03/25/2014,ADW,MD,AEA,EN,Towers with Radar,0,0,0,38,38,0,0,0,0,0,0,0,0,38,38,0,0,0,38
03/26/2014,ADW,MD,AEA,EN,Towers with Radar,2,0,2,59,63,0,0,4,31,35,2,0,6,90,98,46,56,102,200
03/27/2014,ADW,MD,AEA,EN,Towers with Radar,3,3,6,128,140,0,0,8,31,39,3,3,14,159,179,10,186,196,375
03/28/2014,ADW,MD,AEA,EN,Towers with Radar,0,2,2,66,70,0,1,5,35,41,0,3,7,101,111,0,0,0,111
03/29/2014,ADW,MD,AEA,EN,Towers with Radar,2,2,2,15,21,0,0,1,0,1,2,2,3,15,22,0,0,0,22
03/30/2014,ADW,MD,AEA,EN,Towers with Radar,1,3,0,28,32,0,0,0,2,2,1,3,0,30,34,0,0,0,34
03/31/2014,ADW,MD,AEA,EN,Towers with Radar,2,1,1,55,59,0,0,1,47,48,2,1,2,102,107,0,60,60,167
04/01/2014,ADW,MD,AEA,EN,Towers with Radar,1,3,3,82,89,0,0,6,37,43,1,3,9,119,132,16,206,222,354
04/02/2014,ADW,MD,AEA,EN,Towers with Radar,2,7,0,70,79,0,0,8,52,60,2,7,8,122,139,34,140,174,313
04/03/2014,ADW,MD,AEA,EN,Towers with Radar,1,5,2,104,112,0,1,2,47,50,1,6,4,151,162,30,190,220,382
04/04/2014,ADW,MD,AEA,EN,Towers with Radar,0,3,6,55,64,0,0,1,11,12,0,3,7,66,76,10,70,80,156
04/05/2014,ADW,MD,AEA,EN,Towers with Radar,2,0,0,33,35,0,0,11,11,22,2,0,11,44,57,40,6,46,103
04/06/2014,ADW,MD,AEA,EN,Towers with Radar,3,3,0,30,36,0,0,5,16,21,3,3,5,46,57,106,10,116,173
04/07/2014,ADW,MD,AEA,EN,Towers with Radar,4,4,5,45,58,0,0,3,7,10,4,4,8,52,68,54,120,174,242
04/08/2014,ADW,MD,AEA,EN,Towers with Radar,0,3,0,86,89,0,0,6,46,52,0,3,6,132,141,22,116,138,279
04/09/2014,ADW,MD,AEA,EN,Towers with Radar,4,8,0,84,96,0,0,15,74,89,4,8,15,158,185,64,150,214,399
04/10/2014,ADW,MD,AEA,EN,Towers with Radar,2,2,4,109,117,0,1,6,45,52,2,3,10,154,169,10,88,98,267
04/11/2014,ADW,MD,AEA,EN,Towers with Radar,6,6,0,87,99,0,0,15,48,63,6,6,15,135,162,36,198,234,396
04/12/2014,ADW,MD,AEA,EN,Towers with Radar,3,1,1,19,24,0,0,7,10,17,3,1,8,29,41,2,20,22,63
04/13/2014,ADW,MD,AEA,EN,Towers with Radar,0,2,0,27,29,0,0,4,19,23,0,2,4,46,52,30,8,38,90
04/14/2014,ADW,MD,AEA,EN,Towers with Radar,1,4,4,71,80,0,0,11,57,68,1,4,15,128,148,2,242,244,392
04/15/2014,ADW,MD,AEA,EN,Towers with Radar,2,6,0,39,47,0,0,0,5,5,2,6,0,44,52,0,46,46,98
04/16/2014,ADW,MD,AEA,EN,Towers with Radar,5,1,0,81,87,0,0,4,53,57,5,1,4,134,144,0,120,120,264
04/17/2014,ADW,MD,AEA,EN,Towers with Radar,3,6,0,100,109,0,0,4,38,42,3,6,4,138,151,2,218,220,371
04/18/2014,ADW,MD,AEA,EN,Towers with Radar,2,2,0,40,44,0,0,5,29,34,2,2,5,69,78,10,178,188,266
04/19/2014,ADW,MD,AEA,EN,Towers with Radar,2,0,2,21,25,0,0,12,8,20,2,0,14,29,45,2,0,2,47
04/20/2014,ADW,MD,AEA,EN,Towers with Radar,1,1,0,13,15,0,0,0,18,18,1,1,0,31,33,0,42,42,75
04/21/2014,ADW,MD,AEA,EN,Towers with Radar,4,4,2,68,78,0,0,5,38,43,4,4,7,106,121,14,152,166,287
04/22/2014,ADW,MD,AEA,EN,Towers with Radar,5,5,4,90,104,0,1,10,44,55,5,6,14,134,159,12,130,142,301
04/23/2014,ADW,MD,AEA,EN,Towers with Radar,1,4,1,66,72,0,2,5,43,50,1,6,6,109,122,0,32,32,154
04/24/2014,ADW,MD,AEA,EN,Towers with Radar,0,4,1,62,67,0,1,1,44,46,0,5,2,106,113,6,170,176,289
04/25/2014,ADW,MD,AEA,EN,Towers with Radar,4,2,0,65,71,0,1,3,19,23,4,3,3,84,94,6,70,76,170
04/26/2014,ADW,MD,AEA,EN,Towers with Radar,2,2,1,18,23,0,1,3,7,11,2,3,4,25,34,0,42,42,76
04/27/2014,ADW,MD,AEA,EN,Towers with Radar,4,1,1,26,32,0,0,10,11,21,4,1,11,37,53,0,0,0,53
04/28/2014,ADW,MD,AEA,EN,Towers with Radar,9,4,1,65,79,0,1,4,17,22,9,5,5,82,101,6,100,106,207
04/29/2014,ADW,MD,AEA,EN,Towers with Radar,5,5,2,37,49,0,0,0,2,2,5,5,2,39,51,0,0,0,51
04/30/2014,ADW,MD,AEA,EN,Towers with Radar,3,2,0,42,47,0,0,0,2,2,3,2,0,44,49,0,0,0,49
05/01/2014,ADW,MD,AEA,EN,Towers with Radar,3,4,0,71,78,0,0,6,35,41,3,4,6,106,119,22,156,178,297
05/02/2014,ADW,MD,AEA,EN,Towers with Radar,0,6,0,56,62,0,1,5,16,22,0,7,5,72,84,18,92,110,194
05/03/2014,ADW,MD,AEA,EN,Towers with Radar,5,1,3,46,55,0,0,7,9,16,5,1,10,55,71,2,90,92,163
05/04/2014,ADW,MD,AEA,EN,Towers with Radar,0,2,0,25,27,0,0,8,15,23,0,2,8,40,50,26,28,54,104
05/05/2014,ADW,MD,AEA,EN,Towers with Radar,4,7,0,57,68,0,0,2,37,39,4,7,2,94,107,22,48,70,177
05/06/2014,ADW,MD,AEA,EN,Towers with Radar,2,4,2,94,102,0,1,8,40,49,2,5,10,134,151,42,90,132,283
05/07/2014,ADW,MD,AEA,EN,Towers with Radar,2,6,1,39,48,0,0,3,31,34,2,6,4,70,82,0,24,24,106
05/08/2014,ADW,MD,AEA,EN,Towers with Radar,4,7,3,58,72,0,2,3,34,39,4,9,6,92,111,0,12,12,123
05/09/2014,ADW,MD,AEA,EN,Towers with Radar,4,9,0,67,80,0,1,4,38,43,4,10,4,105,123,0,0,0,123
05/10/2014,ADW,MD,AEA,EN,Towers with Radar,0,3,0,26,29,0,0,1,4,5,0,3,1,30,34,0,18,18,52
05/11/2014,ADW,MD,AEA,EN,Towers with Radar,1,7,0,12,20,0,0,7,14,21,1,7,7,26,41,0,0,0,41
05/12/2014,ADW,MD,AEA,EN,Towers with Radar,1,5,0,54,60,0,0,2,28,30,1,5,2,82,90,0,98,98,188
05/13/2014,ADW,MD,AEA,EN,Towers with Radar,0,5,2,63,70,0,0,2,66,68,0,5,4,129,138,0,0,0,138
05/14/2014,ADW,MD,AEA,EN,Towers with Radar,4,5,0,67,76,0,0,0,16,16,4,5,0,83,92,0,0,0,92
05/15/2014,ADW,MD,AEA,EN,Towers with Radar,3,9,0,66,78,0,1,1,37,39,3,10,1,103,117,26,82,108,225
05/16/2014,ADW,MD,AEA,EN,Towers with Radar,4,5,2,75,86,0,0,0,33,33,4,5,2,108,119,8,178,186,305
05/17/2014,ADW,MD,AEA,EN,Towers with Radar,0,2,0,28,30,0,0,2,16,18,0,2,2,44,48,26,20,46,94
05/18/2014,ADW,MD,AEA,EN,Towers with Radar,2,3,0,24,29,0,0,0,12,12,2,3,0,36,41,30,10,40,81
05/19/2014,ADW,MD,AEA,EN,Towers with Radar,9,6,0,62,77,0,0,5,31,36,9,6,5,93,113,48,236,284,397
05/20/2014,ADW,MD,AEA,EN,Towers with Radar,1,1,0,67,69,0,1,6,43,50,1,2,6,110,119,69,146,215,334
05/21/2014,ADW,MD,AEA,EN,Towers with Radar,2,4,3,43,52,0,1,6,33,40,2,5,9,76,92,14,72,86,178
05/22/2014,ADW,MD,AEA,EN,Towers with Radar,7,7,0,54,68,0,1,1,12,14,7,8,1,66,82,4,42,46,128
05/23/2014,ADW,MD,AEA,EN,Towers with Radar,3,3,0,29,35,0,0,4,27,31,3,3,4,56,66,24,78,102,168
05/24/2014,ADW,MD,AEA,EN,Towers with Radar,2,0,0,22,24,0,0,2,8,10,2,0,2,30,34,38,8,46,80
05/25/2014,ADW,MD,AEA,EN,Towers with Radar,0,1,2,20,23,0,0,0,17,17,0,1,2,37,40,0,36,36,76
05/26/2014,ADW,MD,AEA,EN,Towers with Radar,1,2,0,27,30,0,0,0,12,12,1,2,0,39,42,0,40,40,82
05/27/2014,ADW,MD,AEA,EN,Towers with Radar,4,3,2,62,71,0,2,5,32,39,4,5,7,94,110,0,82,82,192
05/28/2014,ADW,MD,AEA,EN,Towers with Radar,4,6,4,56,70,0,1,1,33,35,4,7,5,89,105,0,70,70,175
05/29/2014,ADW,MD,AEA,EN,Towers with Radar,0,3,2,87,92,0,0,0,0,0,0,3,2,87,92,0,0,0,92
05/30/2014,ADW,MD,AEA,EN,Towers with Radar,1,4,0,80,85,0,0,0,20,20,1,4,0,100,105,0,50,50,155
05/31/2014,ADW,MD,AEA,EN,Towers with Radar,3,3,1,15,22,0,0,2,7,9,3,3,3,22,31,0,25,25,56
06/01/2014,ADW,MD,AEA,EN,Towers with Radar,5,0,0,25,30,0,0,2,11,13,5,0,2,36,43,108,4,112,155
06/02/2014,ADW,MD,AEA,EN,Towers with Radar,4,2,0,60,66,0,0,2,34,36,4,2,2,94,102,14,162,176,278
06/03/2014,ADW,MD,AEA,EN,Towers with Radar,1,6,0,52,59,0,0,0,39,39,1,6,0,91,98,6,42,48,146
06/04/2014,ADW,MD,AEA,EN,Towers with Radar,1,0,0,61,62,0,0,0,30,30,1,0,0,91,92,8,143,151,243
06/05/2014,ADW,MD,AEA,EN,Towers with Radar,0,5,2,70,77,0,3,2,39,44,0,8,4,109,121,52,124,176,297
06/06/2014,ADW,MD,AEA,EN,Towers with Radar,3,7,2,62,74,0,1,6,35,42,3,8,8,97,116,4,54,58,174
06/07/2014,ADW,MD,AEA,EN,Towers with Radar,3,0,3,44,50,0,1,2,10,13,3,1,5,54,63,16,10,26,89
06/08/2014,ADW,MD,AEA,EN,Towers with Radar,2,4,1,35,42,0,2,2,11,15,2,6,3,46,57,8,0,8,65
06/09/2014,ADW,MD,AEA,EN,Towers with Radar,1,1,5,53,60,0,1,0,35,36,1,2,5,88,96,18,176,194,290
06/10/2014,ADW,MD,AEA,EN,Towers with Radar,0,3,0,65,68,0,0,1,27,28,0,3,1,92,96,0,172,172,268
06/11/2014,ADW,MD,AEA,EN,Towers with Radar,4,2,1,41,48,0,1,0,20,21,4,3,1,61,69,0,42,42,111
06/12/2014,ADW,MD,AEA,EN,Towers with Radar,3,5,0,52,60,0,0,0,4,4,3,5,0,56,64,0,14,14,78
06/13/2014,ADW,MD,AEA,EN,Towers with Radar,3,5,1,47,56,0,0,0,15,15,3,5,1,62,71,0,54,54,125
06/14/2014,ADW,MD,AEA,EN,Towers with Radar,2,0,3,24,29,0,0,4,6,10,2,0,7,30,39,52,12,64,103
06/15/2014,ADW,MD,AEA,EN,Towers with Radar,0,4,5,13,22,0,0,4,9,13,0,4,9,22,35,58,48,106,141
06/16/2014,ADW,MD,AEA,EN,Towers with Radar,3,4,13,92,112,0,1,2,44,47,3,5,15,136,159,56,212,268,427
06/17/2014,ADW,MD,AEA,EN,Towers with Radar,6,3,7,72,88,0,0,1,41,42,6,3,8,113,130,60,74,134,264
06/18/2014,ADW,MD,AEA,EN,Towers with Radar,0,2,2,79,83,0,0,0,37,37,0,2,2,116,120,4,96,100,220
06/19/2014,ADW,MD,AEA,EN,Towers with Radar,1,8,3,95,107,0,2,3,42,47,1,10,6,137,154,0,232,232,386
06/20/2014,ADW,MD,AEA,EN,Towers with Radar,5,10,5,81,101,0,0,0,31,31,5,10,5,112,132,0,126,126,258
06/21/2014,ADW,MD,AEA,EN,Towers with Radar,6,3,0,30,39,0,0,0,11,11,6,3,0,41,50,18,30,48,98
06/22/2014,ADW,MD,AEA,EN,Towers with Radar,0,2,1,24,27,0,1,1,13,15,0,3,2,37,42,0,60,60,102
06/23/2014,ADW,MD,AEA,EN,Towers with Radar,0,6,5,51,62,0,2,7,25,34,0,8,12,76,96,42,74,116,212
06/24/2014,ADW,MD,AEA,EN,Towers with Radar,2,4,2,87,95,0,0,2,49,51,2,4,4,136,146,0,130,130,276
06/25/2014,ADW,MD,AEA,EN,Towers with Radar,3,6,2,81,92,0,0,0,38,38,3,6,2,119,130,4,120,124,254
06/26/2014,ADW,MD,AEA,EN,Towers with Radar,2,6,0,77,85,0,0,3,44,47,2,6,3,121,132,28,22,50,182
06/27/2014,ADW,MD,AEA,EN,Towers with Radar,2,2,0,62,66,0,0,4,32,36,2,2,4,94,102,0,52,52,154
06/28/2014,ADW,MD,AEA,EN,Towers with Radar,3,6,3,17,29,0,0,12,6,18,3,6,15,23,47,0,14,14,61
06/29/2014,ADW,MD,AEA,EN,Towers with Radar,2,3,0,15,20,0,0,8,11,19,2,3,8,26,39,0,140,140,179
06/30/2014,ADW,MD,AEA,EN,Towers with Radar,2,8,8,71,89,0,4,6,41,51,2,12,14,112,140,46,158,204,344
07/01/2014,ADW,MD,AEA,EN,Towers with Radar,1,5,5,73,84,0,1,3,54,58,1,6,8,127,142,90,96,186,328
07/02/2014,ADW,MD,AEA,EN,Towers with Radar,2,11,4,69,86,0,0,0,22,22,2,11,4,91,108,0,56,56,164
07/03/2014,ADW,MD,AEA,EN,Towers with Radar,2,4,0,29,35,0,0,3,14,17,2,4,3,43,52,0,76,76,128
07/04/2014,ADW,MD,AEA,EN,Towers with Radar,0,1,0,8,9,0,0,4,9,13,0,1,4,17,22,10,8,18,40
07/05/2014,ADW,MD,AEA,EN,Towers with Radar,1,1,0,5,7,0,0,6,6,12,1,1,6,11,19,0,0,0,19
07/06/2014,ADW,MD,AEA,EN,Towers with Radar,4,2,0,21,27,0,0,2,17,19,4,2,2,38,46,22,82,104,150
07/07/2014,ADW,MD,AEA,EN,Towers with Radar,4,1,0,42,47,0,0,8,33,41,4,1,8,75,88,32,84,116,204
07/08/2014,ADW,MD,AEA,EN,Towers with Radar,2,0,0,77,79,0,0,2,38,40,2,0,2,115,119,0,90,90,209
07/09/2014,ADW,MD,AEA,EN,Towers with Radar,4,4,3,46,57,0,1,4,37,42,4,5,7,83,99,2,50,52,151
07/10/2014,ADW,MD,AEA,EN,Towers with Radar,4,5,1,58,68,0,0,4,40,44,4,5,5,98,112,2,102,104,216
07/11/2014,ADW,MD,AEA,EN,Towers with Radar,8,9,0,71,88,0,0,4,16,20,8,9,4,87,108,44,14,58,166
07/12/2014,ADW,MD,AEA,EN,Towers with Radar,0,3,0,13,16,0,0,10,8,18,0,3,10,21,34,20,26,46,80
07/13/2014,ADW,MD,AEA,EN,Towers with Radar,0,5,4,34,43,0,0,0,10,10,0,5,4,44,53,10,24,34,87
07/14/2014,ADW,MD,AEA,EN,Towers with Radar,3,2,0,59,64,0,0,6,47,53,3,2,6,106,117,4,148,152,269
07/15/2014,ADW,MD,AEA,EN,Towers with Radar,2,4,1,52,59,0,0,3,36,39,2,4,4,88,98,0,74,74,172
07/16/2014,ADW,MD,AEA,EN,Towers with Radar,3,2,6,97,108,0,0,9,38,47,3,2,15,135,155,0,136,136,291
07/17/2014,ADW,MD,AEA,EN,Towers with Radar,9,3,0,71,83,0,0,11,54,65,9,3,11,125,148,92,40,132,280
07/18/2014,ADW,MD,AEA,EN,Towers with Radar,2,6,0,56,64,0,0,7,19,26,2,6,7,75,90,0,86,86,176
07/19/2014,ADW,MD,AEA,EN,Towers with Radar,2,3,0,31,36,0,1,9,12,22,2,4,9,43,58,12,44,56,114
07/20/2014,ADW,MD,AEA,EN,Towers with Radar,3,4,0,27,34,0,0,3,15,18,3,4,3,42,52,42,0,42,94
07/21/2014,ADW,MD,AEA,EN,Towers with Radar,5,6,3,76,90,0,0,4,30,34,5,6,7,106,124,14,106,120,244
07/22/2014,ADW,MD,AEA,EN,Towers with Radar,1,6,2,92,101,0,0,7,54,61,1,6,9,146,162,0,222,222,384
07/23/2014,ADW,MD,AEA,EN,Towers with Radar,1,2,2,57,62,0,0,14,32,46,1,2,16,89,108,4,86,90,198
07/24/2014,ADW,MD,AEA,EN,Towers with Radar,1,1,2,55,59,0,0,8,48,56,1,1,10,103,115,0,170,170,285
07/25/2014,ADW,MD,AEA,EN,Towers with Radar,2,6,5,46,59,0,0,9,39,48,2,6,14,85,107,58,146,204,311
07/26/2014,ADW,MD,AEA,EN,Towers with Radar,2,1,0,27,30,0,0,11,17,28,2,1,11,44,58,8,12,20,78
07/27/2014,ADW,MD,AEA,EN,Towers with Radar,3,6,0,17,26,0,0,6,9,15,3,6,6,26,41,34,30,64,105
07/28/2014,ADW,MD,AEA,EN,Towers with Radar,3,7,1,48,59,0,1,2,32,35,3,8,3,80,94,34,60,94,188
07/29/2014,ADW,MD,AEA,EN,Towers with Radar,3,6,4,90,103,0,1,6,41,48,3,7,10,131,151,0,155,155,306
07/30/2014,ADW,MD,AEA,EN,Towers with Radar,1,13,2,115,131,0,0,3,71,74,1,13,5,186,205,0,126,126,331
07/31/2014,ADW,MD,AEA,EN,Towers with Radar,4,6,6,82,98,0,3,13,37,53,4,9,19,119,151,64,26,90,241
08/01/2014,ADW,MD,AEA,EN,Towers with Radar,2,7,2,42,53,0,0,11,25,36,2,7,13,67,89,18,94,112,201
08/02/2014,ADW,MD,AEA,EN,Towers with Radar,2,3,10,22,37,0,0,4,13,17,2,3,14,35,54,0,14,14,68
08/03/2014,ADW,MD,AEA,EN,Towers with Radar,9,6,12,25,52,0,1,2,16,19,9,7,14,41,71,4,0,4,75
08/04/2014,ADW,MD,AEA,EN,Towers with Radar,2,8,2,37,49,0,0,2,0,2,2,8,4,37,51,0,0,0,51
08/05/2014,ADW,MD,AEA,EN,Towers with Radar,1,4,0,54,59,0,0,4,4,8,1,4,4,58,67,0,2,2,69
08/06/2014,ADW,MD,AEA,EN,Towers with Radar,5,4,1,57,67,0,0,1,0,1,5,4,2,57,68,0,22,22,90
08/07/2014,ADW,MD,AEA,EN,Towers with Radar,6,7,2,63,78,0,0,5,4,9,6,7,7,67,87,78,24,102,189
08/08/2014,ADW,MD,AEA,EN,Towers with Radar,1,1,0,61,63,0,0,4,10,14,1,1,4,71,77,18,54,72,149
08/09/2014,ADW,MD,AEA,EN,Towers with Radar,6,1,2,21,30,0,0,4,12,16,6,1,6,33,46,0,10,10,56
08/10/2014,ADW,MD,AEA,EN,Towers with Radar,2,0,0,23,25,0,0,4,11,15,2,0,4,34,40,0,56,56,96
08/11/2014,ADW,MD,AEA,EN,Towers with Radar,2,5,2,76,85,0,0,3,32,35,2,5,5,108,120,0,80,80,200
08/12/2014,ADW,MD,AEA,EN,Towers with Radar,1,4,0,64,69,0,0,0,25,25,1,4,0,89,94,0,36,36,130
08/13/2014,ADW,MD,AEA,EN,Towers with Radar,1,5,9,66,81,0,0,7,27,34,1,5,16,93,115,24,70,94,209
08/14/2014,ADW,MD,AEA,EN,Towers with Radar,0,8,0,75,83,0,0,6,48,54,0,8,6,123,137,0,114,114,251
08/15/2014,ADW,MD,AEA,EN,Towers with Radar,1,6,0,48,55,0,0,1,18,19,1,6,1,66,74,40,92,132,206
08/16/2014,ADW,MD,AEA,EN,Towers with Radar,3,1,0,31,35,0,0,7,18,25,3,1,7,49,60,24,40,64,124
08/17/2014,ADW,MD,AEA,EN,Towers with Radar,4,3,0,21,28,0,0,4,14,18,4,3,4,35,46,0,10,10,56
08/18/2014,ADW,MD,AEA,EN,Towers with Radar,0,0,5,54,59,0,0,2,27,29,0,0,7,81,88,40,122,162,250
08/19/2014,ADW,MD,AEA,EN,Towers with Radar,2,4,0,85,91,0,0,3,31,34,2,4,3,116,125,0,52,52,177
08/20/2014,ADW,MD,AEA,EN,Towers with Radar,3,10,2,39,54,0,1,6,41,48,3,11,8,80,102,4,264,268,370
08/21/2014,ADW,MD,AEA,EN,Towers with Radar,2,2,3,78,85,0,0,1,35,36,2,2,4,113,121,6,160,166,287
08/22/2014,ADW,MD,AEA,EN,Towers with Radar,1,10,0,62,73,0,0,4,29,33,1,10,4,91,106,0,0,0,106
08/23/2014,ADW,MD,AEA,EN,Towers with Radar,1,5,3,15,24,0,0,4,7,11,1,5,7,22,35,0,0,0,35
08/24/2014,ADW,MD,AEA,EN,Towers with Radar,3,7,0,32,42,0,0,7,22,29,3,7,7,54,71,0,0,0,71
08/25/2014,ADW,MD,AEA,EN,Towers with Radar,1,4,4,67,76,0,1,8,46,55,1,5,12,113,131,0,0,0,131
08/26/2014,ADW,MD,AEA,EN,Towers with Radar,2,3,2,84,91,0,0,6,48,54,2,3,8,132,145,108,4,112,257
08/27/2014,ADW,MD,AEA,EN,Towers with Radar,1,3,1,57,62,0,0,4,29,33,1,3,5,86,95,0,64,64,159
08/28/2014,ADW,MD,AEA,EN,Towers with Radar,4,5,2,48,59,0,0,5,24,29,4,5,7,72,88,0,46,46,134
08/29/2014,ADW,MD,AEA,EN,Towers with Radar,3,2,0,28,33,0,1,0,16,17,3,3,0,44,50,12,12,24,74
08/30/2014,ADW,MD,AEA,EN,Towers with Radar,1,2,0,19,22,0,0,5,15,20,1,2,5,34,42,0,0,0,42
08/31/2014,ADW,MD,AEA,EN,Towers with Radar,3,0,0,24,27,0,0,6,16,22,3,0,6,40,49,0,10,10,59
09/01/2014,ADW,MD,AEA,EN,Towers with Radar,4,4,0,16,24,0,1,2,19,22,4,5,2,35,46,0,0,0,46
09/02/2014,ADW,MD,AEA,EN,Towers with Radar,5,4,2,49,60,0,0,2,34,36,5,4,4,83,96,0,66,66,162
09/03/2014,ADW,MD,AEA,EN,Towers with Radar,2,8,3,60,73,0,0,2,31,33,2,8,5,91,106,0,66,66,172
09/04/2014,ADW,MD,AEA,EN,Towers with Radar,0,5,0,85,90,0,1,11,30,42,0,6,11,115,132,14,98,112,244
09/05/2014,ADW,MD,AEA,EN,Towers with Radar,3,4,0,70,77,0,0,2,6,8,3,4,2,76,85,44,42,86,171
09/06/2014,ADW,MD,AEA,EN,Towers with Radar,3,2,0,30,35,0,0,3,0,3,3,2,3,30,38,0,0,0,38
09/07/2014,ADW,MD,AEA,EN,Towers with Radar,1,4,0,36,41,0,0,8,16,24,1,4,8,52,65,8,6,14,79
09/08/2014,ADW,MD,AEA,EN,Towers with Radar,2,9,4,56,71,0,2,4,40,46,2,11,8,96,117,0,104,104,221
09/09/2014,ADW,MD,AEA,EN,Towers with Radar,3,4,3,75,85,0,0,4,29,33,3,4,7,104,118,16,238,254,372
09/10/2014,ADW,MD,AEA,EN,Towers with Radar,0,6,3,48,57,0,1,2,56,59,0,7,5,104,116,2,140,142,258
09/11/2014,ADW,MD,AEA,EN,Towers with Radar,4,6,2,74,86,0,0,8,37,45,4,6,10,111,131,54,104,158,289
09/12/2014,ADW,MD,AEA,EN,Towers with Radar,1,2,0,63,66,0,0,7,20,27,1,2,7,83,93,6,76,82,175
09/13/2014,ADW,MD,AEA,EN,Towers with Radar,5,3,0,29,37,0,0,17,24,41,5,3,17,53,78,2,0,2,80
09/14/2014,ADW,MD,AEA,EN,Towers with Radar,2,5,0,38,45,0,0,8,26,34,2,5,8,64,79,22,82,104,183
09/15/2014,ADW,MD,AEA,EN,Towers with Radar,0,9,7,88,104,0,0,2,26,28,0,9,9,114,132,54,384,438,570
09/16/2014,ADW,MD,AEA,EN,Towers with Radar,6,4,0,51,61,0,1,4,30,35,6,5,4,81,96,2,22,24,120
09/17/2014,ADW,MD,AEA,EN,Towers with Radar,4,7,5,96,112,0,0,5,30,35,4,7,10,126,147,10,126,136,283
09/18/2014,ADW,MD,AEA,EN,Towers with Radar,2,18,0,79,99,0,1,3,35,39,2,19,3,114,138,58,216,274,412
09/19/2014,ADW,MD,AEA,EN,Towers with Radar,4,7,0,88,99,0,0,8,21,29,4,7,8,109,128,30,118,148,276
09/20/2014,ADW,MD,AEA,EN,Towers with Radar,3,3,1,13,20,0,0,3,9,12,3,3,4,22,32,58,2,60,92
09/21/2014,ADW,MD,AEA,EN,Towers with Radar,4,7,2,18,31,0,0,7,22,29,4,7,9,40,60,10,0,10,70
09/22/2014,ADW,MD,AEA,EN,Towers with Radar,7,4,7,66,84,0,0,10,34,44,7,4,17,100,128,24,122,146,274
09/23/2014,ADW,MD,AEA,EN,Towers with Radar,4,9,1,63,77,0,3,3,29,35,4,12,4,92,112,34,174,208,320
09/24/2014,ADW,MD,AEA,EN,Towers with Radar,3,9,5,60,77,0,0,9,29,38,3,9,14,89,115,1,128,129,244
09/25/2014,ADW,MD,AEA,EN,Towers with Radar,4,8,5,57,74,0,0,4,32,36,4,8,9,89,110,34,42,76,186
09/26/2014,ADW,MD,AEA,EN,Towers with Radar,2,17,6,63,88,0,2,5,38,45,2,19,11,101,133,34,42,76,209
09/27/2014,ADW,MD,AEA,EN,Towers with Radar,5,3,0,10,18,0,0,11,16,27,5,3,11,26,45,0,0,0,45
09/28/2014,ADW,MD,AEA,EN,Towers with Radar,6,3,0,20,29,0,0,6,20,26,6,3,6,40,55,0,0,0,55
09/29/2014,ADW,MD,AEA,EN,Towers with Radar,1,7,7,78,93,0,0,7,25,32,1,7,14,103,125,0,0,0,125
09/30/2014,ADW,MD,AEA,EN,Towers with Radar,2,8,1,88,99,0,0,2,6,8,2,8,3,94,107,0,0,0,107
10/01/2014,ADW,MD,AEA,EN,Towers with Radar,3,5,0,48,56,0,0,5,37,42,3,5,5,85,98,0,0,0,98
10/02/2014,ADW,MD,AEA,EN,Towers with Radar,1,5,4,72,82,1,0,2,55,58,2,5,6,127,140,46,110,156,296
10/03/2014,ADW,MD,AEA,EN,Towers with Radar,5,4,1,81,91,0,0,6,36,42,5,4,7,117,133,0,64,64,197
10/04/2014,ADW,MD,AEA,EN,Towers with Radar,0,2,0,17,19,0,0,6,9,15,0,2,6,26,34,30,66,96,130
10/05/2014,ADW,MD,AEA,EN,Towers with Radar,3,2,2,45,52,0,0,7,22,29,3,2,9,67,81,18,76,94,175
10/06/2014,ADW,MD,AEA,EN,Towers with Radar,2,10,0,80,92,0,0,10,35,45,2,10,10,115,137,38,126,164,301
10/07/2014,ADW,MD,AEA,EN,Towers with Radar,2,4,1,62,69,0,2,10,61,73,2,6,11,123,142,12,74,86,228
10/08/2014,ADW,MD,AEA,EN,Towers with Radar,2,11,0,70,83,0,2,5,34,41,2,13,5,104,124,0,0,0,124
10/09/2014,ADW,MD,AEA,EN,Towers with Radar,10,5,7,83,105,0,0,3,48,51,10,5,10,131,156,22,120,142,298
10/10/2014,ADW,MD,AEA,EN,Towers with Radar,1,2,4,59,66,0,0,8,14,22,1,2,12,73,88,16,18,34,122
10/11/2014,ADW,MD,AEA,EN,Towers with Radar,4,5,0,28,37,0,0,0,13,13,4,5,0,41,50,16,0,16,66
10/12/2014,ADW,MD,AEA,EN,Towers with Radar,1,5,0,23,29,0,4,3,15,22,1,9,3,38,51,10,6,16,67
10/13/2014,ADW,MD,AEA,EN,Towers with Radar,1,5,0,15,21,0,0,1,4,5,1,5,1,19,26,0,0,0,26
10/14/2014,ADW,MD,AEA,EN,Towers with Radar,3,5,1,84,93,0,0,6,51,57,3,5,7,135,150,8,180,188,338
10/15/2014,ADW,MD,AEA,EN,Towers with Radar,2,3,3,63,71,0,0,4,11,15,2,3,7,74,86,0,0,0,86
10/16/2014,ADW,MD,AEA,EN,Towers with Radar,0,4,0,71,75,0,0,6,41,47,0,4,6,112,122,0,0,0,122
10/17/2014,ADW,MD,AEA,EN,Towers with Radar,3,3,0,69,75,0,1,9,33,43,3,4,9,102,118,4,24,28,146
10/18/2014,ADW,MD,AEA,EN,Towers with Radar,2,4,0,21,27,0,0,12,11,23,2,4,12,32,50,0,0,0,50
10/19/2014,ADW,MD,AEA,EN,Towers with Radar,1,2,1,51,55,0,0,9,22,31,1,2,10,73,86,0,0,0,86
10/20/2014,ADW,MD,AEA,EN,Towers with Radar,2,8,2,79,91,0,1,5,53,59,2,9,7,132,150,0,0,0,150
10/21/2014,ADW,MD,AEA,EN,Towers with Radar,1,4,6,65,76,0,0,6,30,36,1,4,12,95,112,0,0,0,112
10/22/2014,ADW,MD,AEA,EN,Towers with Radar,4,5,1,68,78,0,0,0,14,14,4,5,1,82,92,0,16,16,108
10/23/2014,ADW,MD,AEA,EN,Towers with Radar,1,2,0,57,60,0,0,7,33,40,1,2,7,90,100,0,0,0,100
10/24/2014,ADW,MD,AEA,EN,Towers with Radar,1,8,2,67,78,0,0,11,36,47,1,8,13,103,125,0,0,0,125
10/25/2014,ADW,MD,AEA,EN,Towers with Radar,4,5,0,29,38,0,0,4,12,16,4,5,4,41,54,0,0,0,54
10/26/2014,ADW,MD,AEA,EN,Towers with Radar,1,4,0,31,36,0,0,11,12,23,1,4,11,43,59,0,0,0,59
10/27/2014,ADW,MD,AEA,EN,Towers with Radar,2,3,2,79,86,0,0,6,36,42,2,3,8,115,128,48,122,170,298
10/28/2014,ADW,MD,AEA,EN,Towers with Radar,4,1,2,66,73,0,0,7,49,56,4,1,9,115,129,38,178,216,345
10/29/2014,ADW,MD,AEA,EN,Towers with Radar,2,1,1,53,57,0,0,4,41,45,2,1,5,94,102,26,100,126,228
10/30/2014,ADW,MD,AEA,EN,Towers with Radar,3,3,1,71,78,0,0,4,51,55,3,3,5,122,133,2,138,140,273
10/31/2014,ADW,MD,AEA,EN,Towers with Radar,4,5,1,72,82,0,0,4,32,36,4,5,5,104,118,18,108,126,244
11/01/2014,ADW,MD,AEA,EN,Towers with Radar,4,3,0,34,41,0,0,2,6,8,4,3,2,40,49,0,0,0,49
11/02/2014,ADW,MD,AEA,EN,Towers with Radar,5,2,4,38,49,0,0,7,14,21,5,2,11,52,70,12,8,20,90
11/03/2014,ADW,MD,AEA,EN,Towers with Radar,4,4,0,60,68,0,0,4,34,38,4,4,4,94,106,6,88,94,200
11/04/2014,ADW,MD,AEA,EN,Towers with Radar,3,3,0,73,79,0,0,9,36,45,3,3,9,109,124,34,106,140,264
11/05/2014,ADW,MD,AEA,EN,Towers with Radar,0,4,4,43,51,0,0,10,37,47,0,4,14,80,98,34,96,130,228
11/06/2014,ADW,MD,AEA,EN,Towers with Radar,1,2,1,71,75,0,0,2,19,21,1,2,3,90,96,0,110,110,206
11/07/2014,ADW,MD,AEA,EN,Towers with Radar,1,6,5,74,86,0,0,5,27,32,1,6,10,101,118,2,126,128,246
11/08/2014,ADW,MD,AEA,EN,Towers with Radar,6,6,1,18,31,0,0,23,4,27,6,6,24,22,58,6,8,14,72
11/09/2014,ADW,MD,AEA,EN,Towers with Radar,2,0,2,25,29,0,1,1,19,21,2,1,3,44,50,0,74,74,124
11/10/2014,ADW,MD,AEA,EN,Towers with Radar,1,2,2,34,39,0,0,9,32,41,1,2,11,66,80,0,156,156,236
11/11/2014,ADW,MD,AEA,EN,Towers with Radar,3,3,0,20,26,0,0,6,2,8,3,3,6,22,34,0,10,10,44
11/12/2014,ADW,MD,AEA,EN,Towers with Radar,1,2,2,70,75,0,1,4,53,58,1,3,6,123,133,18,50,68,201
11/13/2014,ADW,MD,AEA,EN,Towers with Radar,0,4,7,67,78,0,0,4,5,9,0,4,11,72,87,0,34,34,121
11/14/2014,ADW,MD,AEA,EN,Towers with Radar,3,2,0,49,54,0,0,4,23,27,3,2,4,72,81,0,0,0,81
11/15/2014,ADW,MD,AEA,EN,Towers with Radar,0,4,2,29,35,0,0,4,4,8,0,4,6,33,43,0,0,0,43
11/16/2014,ADW,MD,AEA,EN,Towers with Radar,8,5,0,39,52,0,0,1,21,22,8,5,1,60,74,0,0,0,74
11/17/2014,ADW,MD,AEA,EN,Towers with Radar,6,6,0,97,109,0,0,1,8,9,6,6,1,105,118,0,0,0,118
11/18/2014,ADW,MD,AEA,EN,Towers with Radar,4,0,3,62,69,0,0,4,45,49,4,0,7,107,118,0,70,70,188
11/19/2014,ADW,MD,AEA,EN,Towers with Radar,1,1,0,67,69,0,0,7,26,33,1,1,7,93,102,26,160,186,288
11/20/2014,ADW,MD,AEA,EN,Towers with Radar,4,6,0,85,95,0,0,6,36,42,4,6,6,121,137,0,218,218,355
11/21/2014,ADW,MD,AEA,EN,Towers with Radar,4,3,1,65,73,0,0,1,13,14,4,3,2,78,87,0,86,86,173
11/22/2014,ADW,MD,AEA,EN,Towers with Radar,0,3,0,19,22,0,0,7,5,12,0,3,7,24,34,2,0,2,36
11/23/2014,ADW,MD,AEA,EN,Towers with Radar,2,4,0,21,27,0,0,3,26,29,2,4,3,47,56,6,8,14,70
11/24/2014,ADW,MD,AEA,EN,Towers with Radar,1,2,1,74,78,0,0,4,13,17,1,2,5,87,95,12,30,42,137
11/25/2014,ADW,MD,AEA,EN,Towers with Radar,5,3,2,72,82,0,0,4,35,39,5,3,6,107,121,6,102,108,229
11/26/2014,ADW,MD,AEA,EN,Towers with Radar,1,2,0,6,9,0,0,2,0,2,1,2,2,6,11,0,32,32,43
11/27/2014,ADW,MD,AEA,EN,Towers with Radar,0,0,0,6,6,0,0,4,0,4,0,0,4,6,10,0,0,0,10
11/28/2014,ADW,MD,AEA,EN,Towers with Radar,1,1,2,11,15,0,0,2,9,11,1,1,4,20,26,42,26,68,94
11/29/2014,ADW,MD,AEA,EN,Towers with Radar,1,0,0,4,5,0,0,5,5,10,1,0,5,9,15,70,20,90,105
11/30/2014,ADW,MD,AEA,EN,Towers with Radar,3,3,0,9,15,0,0,1,15,16,3,3,1,24,31,0,0,0,31
12/01/2014,ADW,MD,AEA,EN,Towers with Radar,3,9,8,62,82,0,0,5,28,33,3,9,13,90,115,36,46,82,197
12/02/2014,ADW,MD,AEA,EN,Towers with Radar,2,6,0,47,55,0,0,0,2,2,2,6,0,49,57,0,0,0,57
12/03/2014,ADW,MD,AEA,EN,Towers with Radar,0,1,5,101,107,0,0,4,28,32,0,1,9,129,139,48,224,272,411
12/04/2014,ADW,MD,AEA,EN,Towers with Radar,3,6,1,89,99,0,0,5,26,31,3,6,6,115,130,0,118,118,248
12/05/2014,ADW,MD,AEA,EN,Towers with Radar,6,3,0,61,70,0,0,7,23,30,6,3,7,84,100,4,64,68,168
12/06/2014,ADW,MD,AEA,EN,Towers with Radar,1,2,0,17,20,0,0,0,4,4,1,2,0,21,24,0,0,0,24
12/07/2014,ADW,MD,AEA,EN,Towers with Radar,3,3,0,19,25,0,0,4,6,10,3,3,4,25,35,0,40,40,75
12/08/2014,ADW,MD,AEA,EN,Towers with Radar,1,3,2,63,69,0,0,8,42,50,1,3,10,105,119,6,244,250,369
12/09/2014,ADW,MD,AEA,EN,Towers with Radar,2,4,0,44,50,0,0,0,22,22,2,4,0,66,72,0,36,36,108
12/10/2014,ADW,MD,AEA,EN,Towers with Radar,0,6,3,71,80,0,2,10,27,39,0,8,13,98,119,0,68,68,187
12/11/2014,ADW,MD,AEA,EN,Towers with Radar,5,4,0,77,86,0,2,2,40,44,5,6,2,117,130,0,132,132,262
12/12/2014,ADW,MD,AEA,EN,Towers with Radar,5,3,4,66,78,0,0,8,3,11,5,3,12,69,89,46,52,98,187
12/13/2014,ADW,MD,AEA,EN,Towers with Radar,4,2,0,13,19,0,0,2,0,2,4,2,2,13,21,0,12,12,33
12/14/2014,ADW,MD,AEA,EN,Towers with Radar,1,3,0,19,23,0,0,3,19,22,1,3,3,38,45,10,126,136,181
12/15/2014,ADW,MD,AEA,EN,Towers with Radar,5,0,0,67,72,0,0,10,44,54,5,0,10,111,126,28,140,168,294
12/16/2014,ADW,MD,AEA,EN,Towers with Radar,0,3,3,71,77,0,0,0,7,7,0,3,3,78,84,0,28,28,112
12/17/2014,ADW,MD,AEA,EN,Towers with Radar,5,5,5,72,87,0,0,10,35,45,5,5,15,107,132,4,182,186,318
12/18/2014,ADW,MD,AEA,EN,Towers with Radar,4,6,0,65,75,0,2,4,40,46,4,8,4,105,121,28,120,148,269
12/19/2014,ADW,MD,AEA,EN,Towers with Radar,1,8,4,40,53,0,2,8,25,35,1,10,12,65,88,0,148,148,236
12/20/2014,ADW,MD,AEA,EN,Towers with Radar,1,2,0,9,12,0,1,7,1,9,1,3,7,10,21,24,0,24,45
12/21/2014,ADW,MD,AEA,EN,Towers with Radar,0,4,2,7,13,0,0,3,14,17,0,4,5,21,30,38,178,216,246
12/22/2014,ADW,MD,AEA,EN,Towers with Radar,0,2,1,38,41,0,0,0,14,14,0,2,1,52,55,0,74,74,129
12/23/2014,ADW,MD,AEA,EN,Towers with Radar,0,1,0,24,25,0,0,0,0,0,0,1,0,24,25,0,0,0,25
12/24/2014,ADW,MD,AEA,EN,Towers with Radar,0,0,0,4,4,0,0,0,0,0,0,0,0,4,4,0,0,0,4
12/25/2014,ADW,MD,AEA,EN,Towers with Radar,3,0,0,5,8,0,0,0,2,2,3,0,0,7,10,6,0,6,16
12/26/2014,ADW,MD,AEA,EN,Towers with Radar,0,0,0,14,14,0,0,7,15,22,0,0,7,29,36,20,12,32,68
12/27/2014,ADW,MD,AEA,EN,Towers with Radar,2,2,0,3,7,0,0,3,2,5,2,2,3,5,12,68,30,98,110
12/28/2014,ADW,MD,AEA,EN,Towers with Radar,0,0,0,4,4,0,0,0,15,15,0,0,0,19,19,0,80,80,99
12/29/2014,ADW,MD,AEA,EN,Towers with Radar,0,0,0,48,48,0,0,0,21,21,0,0,0,69,69,4,174,178,247
12/30/2014,ADW,MD,AEA,EN,Towers with Radar,0,6,0,68,74,0,3,6,32,41,0,9,6,100,115,110,248,358,473
12/31/2014,ADW,MD,AEA,EN,Towers with Radar,2,1,0,10,13,0,0,2,6,8,2,1,2,16,21,4,38,42,63
01/01/2015,ADW,MD,AEA,EN,Towers with Radar,1,2,0,9,12,0,3,4,9,16,1,5,4,18,28,6,0,6,34
01/02/2015,ADW,MD,AEA,EN,Towers with Radar,1,0,0,18,19,0,0,4,7,11,1,0,4,25,30,68,54,122,152
01/03/2015,ADW,MD,AEA,EN,Towers with Radar,0,0,0,5,5,0,0,1,0,1,0,0,1,5,6,0,0,0,6
01/04/2015,ADW,MD,AEA,EN,Towers with Radar,2,4,0,21,27,0,0,1,17,18,2,4,1,38,45,50,34,84,129
01/05/2015,ADW,MD,AEA,EN,Towers with Radar,1,0,4,55,60,0,0,0,29,29,1,0,4,84,89,4,28,32,121
01/06/2015,ADW,MD,AEA,EN,Towers with Radar,1,4,1,37,43,0,2,0,30,32,1,6,1,67,75,0,32,32,107
01/07/2015,ADW,MD,AEA,EN,Towers with Radar,2,2,1,45,50,0,1,1,28,30,2,3,2,73,80,2,76,78,158
01/08/2015,ADW,MD,AEA,EN,Towers with Radar,2,6,0,85,93,0,0,0,34,34,2,6,0,119,127,0,102,102,229
01/09/2015,ADW,MD,AEA,EN,Towers with Radar,4,6,1,54,65,0,0,1,24,25,4,6,2,78,90,24,44,68,158
01/10/2015,ADW,MD,AEA,EN,Towers with Radar,7,5,0,49,61,0,0,2,6,8,7,5,2,55,69,6,4,10,79
01/11/2015,ADW,MD,AEA,EN,Towers with Radar,2,2,1,23,28,0,0,2,14,16,2,2,3,37,44,18,36,54,98
01/12/2015,ADW,MD,AEA,EN,Towers with Radar,1,2,0,32,35,0,0,0,0,0,1,2,0,32,35,0,4,4,39
01/13/2015,ADW,MD,AEA,EN,Towers with Radar,3,1,0,102,106,0,0,3,35,38,3,1,3,137,144,8,136,144,288
01/14/2015,ADW,MD,AEA,EN,Towers with Radar,3,0,0,65,68,0,0,6,39,45,3,0,6,104,113,32,52,84,197
01/15/2015,ADW,MD,AEA,EN,Towers with Radar,5,6,4,65,80,0,0,6,35,41,5,6,10,100,121,6,108,114,235
01/16/2015,ADW,MD,AEA,EN,Towers with Radar,2,4,0,72,78,0,0,6,28,34,2,4,6,100,112,2,178,180,292
01/17/2015,ADW,MD,AEA,EN,Towers with Radar,4,0,1,7,12,0,0,5,4,9,4,0,6,11,21,18,0,18,39
01/18/2015,ADW,MD,AEA,EN,Towers with Radar,0,0,0,10,10,0,0,2,9,11,0,0,2,19,21,0,0,0,21
01/19/2015,ADW,MD,AEA,EN,Towers with Radar,0,2,6,15,23,0,0,4,4,8,0,2,10,19,31,20,0,20,51
01/20/2015,ADW,MD,AEA,EN,Towers with Radar,0,4,6,78,88,0,0,6,20,26,0,4,12,98,114,0,116,116,230
01/21/2015,ADW,MD,AEA,EN,Towers with Radar,4,2,1,53,60,0,0,5,4,9,4,2,6,57,69,10,16,26,95
01/22/2015,ADW,MD,AEA,EN,Towers with Radar,5,3,0,68,76,0,2,8,41,51,5,5,8,109,127,0,112,112,239
01/23/2015,ADW,MD,AEA,EN,Towers with Radar,2,0,3,85,90,0,0,3,27,30,2,0,6,112,120,2,66,68,188
01/24/2015,ADW,MD,AEA,EN,Towers with Radar,2,1,0,16,19,0,0,0,6,6,2,1,0,22,25,34,0,34,59
01/25/2015,ADW,MD,AEA,EN,Towers with Radar,5,3,0,32,40,0,0,6,12,18,5,3,6,44,58,12,50,62,120
01/26/2015,ADW,MD,AEA,EN,Towers with Radar,1,5,1,31,38,0,0,0,0,0,1,5,1,31,38,0,0,0,38
01/27/2015,ADW,MD,AEA,EN,Towers with Radar,0,2,0,62,64,0,0,4,33,37,0,2,4,95,101,0,98,98,199
01/28/2015,ADW,MD,AEA,EN,Towers with Radar,8,4,3,71,86,0,0,6,33,39,8,4,9,104,125,0,58,58,183
01/29/2015,ADW,MD,AEA,EN,Towers with Radar,8,5,2,55,70,0,0,5,39,44,8,5,7,94,114,12,138,150,264
01/30/2015,ADW,MD,AEA,EN,Towers with Radar,0,4,0,41,45,0,0,0,34,34,0,4,0,75,79,16,272,288,367
01/31/2015,ADW,MD,AEA,EN,Towers with Radar,2,1,0,20,23,0,0,2,7,9,2,1,2,27,32,0,34,34,66
02/01/2015,ADW,MD,AEA,EN,Towers with Radar,0,5,0,12,17,0,0,4,11,15,0,5,4,23,32,4,26,30,62
02/02/2015,ADW,MD,AEA,EN,Towers with Radar,1,3,0,48,52,0,1,3,22,26,1,4,3,70,78,8,108,116,194
02/03/2015,ADW,MD,AEA,EN,Towers with Radar,0,4,2,84,90,0,0,6,45,51,0,4,8,129,141,0,82,82,223
02/04/2015,ADW,MD,AEA,EN,Towers with Radar,3,4,2,53,62,0,0,5,43,48,3,4,7,96,110,0,96,96,206
02/05/2015,ADW,MD,AEA,EN,Towers with Radar,3,5,0,59,67,0,0,5,30,35,3,5,5,89,102,2,158,160,262
02/06/2015,ADW,MD,AEA,EN,Towers with Radar,8,6,0,74,88,0,0,4,29,33,8,6,4,103,121,0,212,212,333
02/07/2015,ADW,MD,AEA,EN,Towers with Radar,5,3,0,37,45,0,1,2,8,11,5,4,2,45,56,2,124,126,182
02/08/2015,ADW,MD,AEA,EN,Towers with Radar,3,3,2,36,44,0,0,2,15,17,3,3,4,51,61,38,62,100,161
02/09/2015,ADW,MD,AEA,EN,Towers with Radar,3,3,0,65,71,0,0,0,0,0,3,3,0,65,71,0,12,12,83
02/10/2015,ADW,MD,AEA,EN,Towers with Radar,2,0,1,62,65,0,0,0,43,43,2,0,1,105,108,18,116,134,242
02/11/2015,ADW,MD,AEA,EN,Towers with Radar,3,1,6,56,66,0,0,1,37,38,3,1,7,93,104,16,226,242,346
02/12/2015,ADW,MD,AEA,EN,Towers with Radar,2,4,3,60,69,0,0,0,55,55,2,4,3,115,124,50,172,222,346
02/13/2015,ADW,MD,AEA,EN,Towers with Radar,2,1,0,58,61,0,0,2,9,11,2,1,2,67,72,0,82,82,154
02/14/2015,ADW,MD,AEA,EN,Towers with Radar,3,5,0,23,31,0,0,2,5,7,3,5,2,28,38,0,10,10,48
02/15/2015,ADW,MD,AEA,EN,Towers with Radar,1,0,0,6,7,0,0,2,10,12,1,0,2,16,19,12,14,26,45
02/16/2015,ADW,MD,AEA,EN,Towers with Radar,3,3,0,13,19,0,0,1,5,6,3,3,1,18,25,16,12,28,53
02/17/2015,ADW,MD,AEA,EN,Towers with Radar,0,6,0,33,39,0,0,2,14,16,0,6,2,47,55,2,20,22,77
02/18/2015,ADW,MD,AEA,EN,Towers with Radar,1,3,1,66,71,0,0,2,27,29,1,3,3,93,100,20,132,152,252
02/19/2015,ADW,MD,AEA,EN,Towers with Radar,5,5,0,46,56,0,0,4,51,55,5,5,4,97,111,106,136,242,353
02/20/2015,ADW,MD,AEA,EN,Towers with Radar,1,3,2,66,72,0,0,2,27,29,1,3,4,93,101,46,63,109,210
02/21/2015,ADW,MD,AEA,EN,Towers with Radar,1,0,4,20,25,0,0,0,7,7,1,0,4,27,32,0,12,12,44
02/22/2015,ADW,MD,AEA,EN,Towers with Radar,3,1,0,30,34,0,0,3,20,23,3,1,3,50,57,0,28,28,85
02/23/2015,ADW,MD,AEA,EN,Towers with Radar,5,0,0,50,55,0,0,0,27,27,5,0,0,77,82,0,60,60,142
02/24/2015,ADW,MD,AEA,EN,Towers with Radar,0,1,2,78,81,0,1,4,46,51,0,2,6,124,132,24,128,152,284
02/25/2015,ADW,MD,AEA,EN,Towers with Radar,8,2,1,67,78,0,0,5,47,52,8,2,6,114,130,10,190,200,330
02/26/2015,ADW,MD,AEA,EN,Towers with Radar,6,2,0,32,40,0,0,1,28,29,6,2,1,60,69,12,96,108,177
02/27/2015,ADW,MD,AEA,EN,Towers with Radar,0,0,0,65,65,0,0,4,19,23,0,0,4,84,88,4,152,156,244
02/28/2015,ADW,MD,AEA,EN,Towers with Radar,3,4,0,15,22,0,0,3,4,7,3,4,3,19,29,0,6,6,35
03/01/2015,ADW,MD,AEA,EN,Towers with Radar,4,1,1,11,17,0,0,3,2,5,4,1,4,13,22,2,0,2,24
03/02/2015,ADW,MD,AEA,EN,Towers with Radar,7,6,6,35,54,0,0,10,41,51,7,6,16,76,105,24,88,112,217
03/03/2015,ADW,MD,AEA,EN,Towers with Radar,2,3,2,50,57,0,0,4,15,19,2,3,6,65,76,18,52,70,146
03/04/2015,ADW,MD,AEA,EN,Towers with Radar,2,6,1,51,60,0,0,0,10,10,2,6,1,61,70,0,106,106,176
03/05/2015,ADW,MD,AEA,EN,Towers with Radar,1,3,0,6,10,0,0,0,0,0,1,3,0,6,10,0,0,0,10
03/06/2015,ADW,MD,AEA,EN,Towers with Radar,9,2,0,49,60,0,0,2,29,31,9,2,2,78,91,13,60,73,164
03/07/2015,ADW,MD,AEA,EN,Towers with Radar,6,1,1,19,27,0,0,7,15,22,6,1,8,34,49,12,34,46,95
03/08/2015,ADW,MD,AEA,EN,Towers with Radar,2,1,3,18,24,0,0,6,12,18,2,1,9,30,42,20,90,110,152
03/09/2015,ADW,MD,AEA,EN,Towers with Radar,1,5,1,63,70,0,0,9,35,44,1,5,10,98,114,14,184,198,312
03/10/2015,ADW,MD,AEA,EN,Towers with Radar,4,4,2,61,71,0,0,3,42,45,4,4,5,103,116,24,260,284,400
03/11/2015,ADW,MD,AEA,EN,Towers with Radar,2,2,1,61,66,0,2,2,50,54,2,4,3,111,120,26,300,326,446
03/12/2015,ADW,MD,AEA,EN,Towers with Radar,6,4,1,72,83,0,0,6,39,45,6,4,7,111,128,0,132,132,260
03/13/2015,ADW,MD,AEA,EN,Towers with Radar,3,1,0,70,74,0,0,6,21,27,3,1,6,91,101,30,50,80,181
03/14/2015,ADW,MD,AEA,EN,Towers with Radar,1,2,0,23,26,0,0,0,2,2,1,2,0,25,28,0,20,20,48
03/15/2015,ADW,MD,AEA,EN,Towers with Radar,3,2,0,11,16,0,0,8,19,27,3,2,8,30,43,12,76,88,131
03/16/2015,ADW,MD,AEA,EN,Towers with Radar,0,4,3,64,71,0,0,10,34,44,0,4,13,98,115,12,146,158,273
03/17/2015,ADW,MD,AEA,EN,Towers with Radar,2,4,3,88,97,0,0,8,34,42,2,4,11,122,139,0,52,52,191
03/18/2015,ADW,MD,AEA,EN,Towers with Radar,2,5,2,70,79,0,0,10,48,58,2,5,12,118,137,0,142,142,279
03/19/2015,ADW,MD,AEA,EN,Towers with Radar,2,0,0,85,87,0,0,9,38,47,2,0,9,123,134,10,192,202,336
03/20/2015,ADW,MD,AEA,EN,Towers with Radar,3,8,0,39,50,0,0,0,4,4,3,8,0,43,54,0,2,2,56
03/21/2015,ADW,MD,AEA,EN,Towers with Radar,1,0,0,16,17,0,0,4,1,5,1,0,4,17,22,0,6,6,28
03/22/2015,ADW,MD,AEA,EN,Towers with Radar,7,2,0,26,35,0,0,10,9,19,7,2,10,35,54,0,86,86,140
03/23/2015,ADW,MD,AEA,EN,Towers with Radar,2,3,2,47,54,0,1,6,44,51,2,4,8,91,105,18,146,164,269
03/24/2015,ADW,MD,AEA,EN,Towers with Radar,6,3,17,88,114,0,0,14,44,58,6,3,31,132,172,48,274,322,494
03/25/2015,ADW,MD,AEA,EN,Towers with Radar,2,2,4,62,70,0,0,6,35,41,2,2,10,97,111,12,184,196,307
03/26/2015,ADW,MD,AEA,EN,Towers with Radar,14,6,5,62,87,0,1,0,42,43,14,7,5,104,130,32,215,247,377
03/27/2015,ADW,MD,AEA,EN,Towers with Radar,2,5,2,55,64,0,0,3,21,24,2,5,5,76,88,4,158,162,250
03/28/2015,ADW,MD,AEA,EN,Towers with Radar,5,1,0,20,26,0,0,3,7,10,5,1,3,27,36,4,8,12,48
03/29/2015,ADW,MD,AEA,EN,Towers with Radar,3,3,1,25,32,0,0,5,18,23,3,3,6,43,55,20,74,94,149
03/30/2015,ADW,MD,AEA,EN,Towers with Radar,10,4,0,49,63,0,0,4,43,47,10,4,4,92,110,10,108,118,228
03/31/2015,ADW,MD,AEA,EN,Towers with Radar,1,4,2,48,55,0,0,8,25,33,1,4,10,73,88,0,137,137,225
04/01/2015,ADW,MD,AEA,EN,Towers with Radar,0,4,4,43,51,0,0,3,36,39,0,4,7,79,90,18,80,98,188
04/02/2015,ADW,MD,AEA,EN,Towers with Radar,3,3,0,60,66,0,0,7,31,38,3,3,7,91,104,0,244,244,348
04/03/2015,ADW,MD,AEA,EN,Towers with Radar,3,13,1,39,56,0,0,3,26,29,3,13,4,65,85,20,106,126,211
04/04/2015,ADW,MD,AEA,EN,Towers with Radar,4,2,2,19,27,0,0,2,2,4,4,2,4,21,31,2,14,16,47
04/05/2015,ADW,MD,AEA,EN,Towers with Radar,0,3,1,15,19,0,0,5,14,19,0,3,6,29,38,14,20,34,72
04/06/2015,ADW,MD,AEA,EN,Towers with Radar,2,3,2,71,78,0,0,5,35,40,2,3,7,106,118,10,68,78,196
04/07/2015,ADW,MD,AEA,EN,Towers with Radar,1,6,2,89,98,0,0,5,41,46,1,6,7,130,144,0,174,174,318
04/08/2015,ADW,MD,AEA,EN,Towers with Radar,1,4,6,39,50,0,0,0,9,9,1,4,6,48,59,2,56,58,117
04/09/2015,ADW,MD,AEA,EN,Towers with Radar,1,1,0,68,70,0,0,0,14,14,1,1,0,82,84,0,24,24,108
04/10/2015,ADW,MD,AEA,EN,Towers with Radar,0,3,0,56,59,0,0,2,7,9,0,3,2,63,68,0,4,4,72
04/11/2015,ADW,MD,AEA,EN,Towers with Radar,5,8,1,17,31,0,1,8,31,40,5,9,9,48,71,0,0,0,71
04/12/2015,ADW,MD,AEA,EN,Towers with Radar,1,2,0,34,37,0,0,8,18,26,1,2,8,52,63,0,4,4,67
04/13/2015,ADW,MD,AEA,EN,Towers with Radar,2,4,1,57,64,0,0,10,21,31,2,4,11,78,95,6,126,132,227
04/14/2015,ADW,MD,AEA,EN,Towers with Radar,6,7,4,65,82,0,0,3,30,33,6,7,7,95,115,0,98,98,213
04/15/2015,ADW,MD,AEA,EN,Towers with Radar,8,5,0,65,78,0,0,7,51,58,8,5,7,116,136,0,176,176,312
04/16/2015,ADW,MD,AEA,EN,Towers with Radar,2,4,0,86,92,0,0,8,24,32,2,4,8,110,124,34,150,184,308
04/17/2015,ADW,MD,AEA,EN,Towers with Radar,3,4,0,81,88,0,0,5,18,23,3,4,5,99,111,2,116,118,229
04/18/2015,ADW,MD,AEA,EN,Towers with Radar,3,5,0,13,21,0,0,7,0,7,3,5,7,13,28,4,2,6,34
04/19/2015,ADW,MD,AEA,EN,Towers with Radar,0,5,0,26,31,0,0,2,9,11,0,5,2,35,42,10,10,20,62
04/20/2015,ADW,MD,AEA,EN,Towers with Radar,2,2,2,46,52,0,0,12,8,20,2,2,14,54,72,0,100,100,172
04/21/2015,ADW,MD,AEA,EN,Towers with Radar,3,2,4,50,59,0,2,10,19,31,3,4,14,69,90,24,64,88,178
04/22/2015,ADW,MD,AEA,EN,Towers with Radar,4,4,4,49,61,0,2,12,37,51,4,6,16,86,112,14,52,66,178
04/23/2015,ADW,MD,AEA,EN,Towers with Radar,3,2,4,55,64,0,2,10,12,24,3,4,14,67,88,0,70,70,158
04/24/2015,ADW,MD,AEA,EN,Towers with Radar,5,5,1,66,77,0,0,4,17,21,5,5,5,83,98,2,84,86,184
04/25/2015,ADW,MD,AEA,EN,Towers with Radar,5,2,0,16,23,0,0,4,0,4,5,2,4,16,27,0,8,8,35
04/26/2015,ADW,MD,AEA,EN,Towers with Radar,1,3,0,22,26,0,0,4,13,17,1,3,4,35,43,20,16,36,79
04/27/2015,ADW,MD,AEA,EN,Towers with Radar,2,8,2,61,73,0,0,7,27,34,2,8,9,88,107,1,134,135,242
04/28/2015,ADW,MD,AEA,EN,Towers with Radar,7,3,2,60,72,0,0,12,38,50,7,3,14,98,122,32,120,152,274
04/29/2015,ADW,MD,AEA,EN,Towers with Radar,2,5,1,70,78,0,0,15,38,53,2,5,16,108,131,20,98,118,249
04/30/2015,ADW,MD,AEA,EN,Towers with Radar,3,4,2,77,86,0,0,8,33,41,3,4,10,110,127,6,68,74,201
05/01/2015,ADW,MD,AEA,EN,Towers with Radar,1,2,4,66,73,0,0,7,25,32,1,2,11,91,105,21,62,83,188
05/02/2015,ADW,MD,AEA,EN,Towers with Radar,5,5,0,19,29,0,0,6,0,6,5,5,6,19,35,0,0,0,35
05/03/2015,ADW,MD,AEA,EN,Towers with Radar,2,2,2,15,21,0,1,8,16,25,2,3,10,31,46,50,70,120,166
05/04/2015,ADW,MD,AEA,EN,Towers with Radar,5,7,0,47,59,0,0,6,33,39,5,7,6,80,98,11,75,86,184
05/05/2015,ADW,MD,AEA,EN,Towers with Radar,5,3,2,55,65,0,1,6,18,25,5,4,8,73,90,2,107,109,199
05/06/2015,ADW,MD,AEA,EN,Towers with Radar,0,6,1,54,61,0,0,4,25,29,0,6,5,79,90,14,80,94,184
05/07/2015,ADW,MD,AEA,EN,Towers with Radar,4,3,5,50,62,0,0,1,39,40,4,3,6,89,102,2,132,134,236
05/08/2015,ADW,MD,AEA,EN,Towers with Radar,6,2,0,56,64,0,0,2,13,15,6,2,2,69,79,0,39,39,118
05/09/2015,ADW,MD,AEA,EN,Towers with Radar,2,3,1,29,35,0,0,0,10,10,2,3,1,39,45,36,44,80,125
05/10/2015,ADW,MD,AEA,EN,Towers with Radar,1,6,0,11,18,0,0,2,7,9,1,6,2,18,27,0,32,32,59
05/11/2015,ADW,MD,AEA,EN,Towers with Radar,4,7,1,53,65,0,0,5,24,29,4,7,6,77,94,0,155,155,249
05/12/2015,ADW,MD,AEA,EN,Towers with Radar,5,2,2,66,75,0,1,15,61,77,5,3,17,127,152,32,206,238,390
05/13/2015,ADW,MD,AEA,EN,Towers with Radar,3,6,1,20,30,0,0,9,24,33,3,6,10,44,63,0,94,94,157
05/14/2015,ADW,MD,AEA,EN,Towers with Radar,11,8,4,47,70,0,0,7,27,34,11,8,11,74,104,14,91,105,209
05/15/2015,ADW,MD,AEA,EN,Towers with Radar,2,4,4,51,61,0,0,6,28,34,2,4,10,79,95,2,74,76,171
05/16/2015,ADW,MD,AEA,EN,Towers with Radar,2,2,0,15,19,0,0,2,5,7,2,2,2,20,26,4,16,20,46
05/17/2015,ADW,MD,AEA,EN,Towers with Radar,3,7,0,25,35,0,0,0,14,14,3,7,0,39,49,0,92,92,141
05/18/2015,ADW,MD,AEA,EN,Towers with Radar,5,1,1,51,58,0,1,4,38,43,5,2,5,89,101,4,244,248,349
05/19/2015,ADW,MD,AEA,EN,Towers with Radar,3,2,3,63,71,0,0,9,59,68,3,2,12,122,139,76,128,204,343
05/20/2015,ADW,MD,AEA,EN,Towers with Radar,4,7,2,68,81,0,0,4,44,48,4,7,6,112,129,2,38,40,169
05/21/2015,ADW,MD,AEA,EN,Towers with Radar,5,5,4,80,94,0,1,0,8,9,5,6,4,88,103,0,54,54,157
05/22/2015,ADW,MD,AEA,EN,Towers with Radar,1,3,4,24,32,0,0,11,18,29,1,3,15,42,61,16,100,116,177
05/23/2015,ADW,MD,AEA,EN,Towers with Radar,3,2,0,12,17,0,0,18,3,21,3,2,18,15,38,12,0,12,50
05/24/2015,ADW,MD,AEA,EN,Towers with Radar,0,1,1,15,17,0,0,10,9,19,0,1,11,24,36,0,2,2,38
05/25/2015,ADW,MD,AEA,EN,Towers with Radar,2,2,3,18,25,0,0,8,5,13,2,2,11,23,38,0,34,34,72
05/26/2015,ADW,MD,AEA,EN,Towers with Radar,1,3,2,76,82,0,2,0,27,29,1,5,2,103,111,0,96,96,207
05/27/2015,ADW,MD,AEA,EN,Towers with Radar,1,3,1,54,59,0,0,2,36,38,1,3,3,90,97,24,116,140,237
05/28/2015,ADW,MD,AEA,EN,Towers with Radar,2,3,5,81,91,0,1,0,40,41,2,4,5,121,132,0,262,262,394
05/29/2015,ADW,MD,AEA,EN,Towers with Radar,1,2,1,63,67,0,0,0,28,28,1,2,1,91,95,28,54,82,177
05/30/2015,ADW,MD,AEA,EN,Towers with Radar,2,2,1,16,21,0,0,0,0,0,2,2,1,16,21,0,0,0,21
05/31/2015,ADW,MD,AEA,EN,Towers with Radar,3,1,0,20,24,0,0,3,15,18,3,1,3,35,42,18,36,54,96
06/01/2015,ADW,MD,AEA,EN,Towers with Radar,1,3,3,53,60,0,0,3,26,29,1,3,6,79,89,0,140,140,229
06/02/2015,ADW,MD,AEA,EN,Towers with Radar,3,0,1,97,101,0,0,0,0,0,3,0,1,97,101,0,65,65,166
06/03/2015,ADW,MD,AEA,EN,Towers with Radar,0,3,2,53,58,0,0,0,11,11,0,3,2,64,69,8,74,82,151
06/04/2015,ADW,MD,AEA,EN,Towers with Radar,3,4,5,83,95,0,0,0,5,5,3,4,5,88,100,0,0,0,100
06/05/2015,ADW,MD,AEA,EN,Towers with Radar,4,0,0,40,44,0,0,3,32,35,4,0,3,72,79,2,100,102,181
06/06/2015,ADW,MD,AEA,EN,Towers with Radar,4,1,0,23,28,0,0,2,21,23,4,1,2,44,51,0,4,4,55
06/07/2015,ADW,MD,AEA,EN,Towers with Radar,1,2,0,14,17,0,0,8,14,22,1,2,8,28,39,4,92,96,135
06/08/2015,ADW,MD,AEA,EN,Towers with Radar,4,2,0,40,46,0,0,1,38,39,4,2,1,78,85,64,276,340,425
06/09/2015,ADW,MD,AEA,EN,Towers with Radar,0,4,4,93,101,0,0,4,28,32,0,4,8,121,133,32,264,296,429
06/10/2015,ADW,MD,AEA,EN,Towers with Radar,4,9,2,86,101,0,2,0,43,45,4,11,2,129,146,16,48,64,210
06/11/2015,ADW,MD,AEA,EN,Towers with Radar,1,7,2,79,89,0,0,5,40,45,1,7,7,119,134,54,134,188,322
06/12/2015,ADW,MD,AEA,EN,Towers with Radar,0,6,2,56,64,0,0,4,14,18,0,6,6,70,82,24,22,46,128
06/13/2015,ADW,MD,AEA,EN,Towers with Radar,0,5,2,31,38,0,0,6,1,7,0,5,8,32,45,0,52,52,97
06/14/2015,ADW,MD,AEA,EN,Towers with Radar,1,3,0,27,31,0,0,2,22,24,1,3,2,49,55,32,28,60,115
06/15/2015,ADW,MD,AEA,EN,Towers with Radar,4,4,7,44,59,0,0,9,34,43,4,4,16,78,102,28,72,100,202
06/16/2015,ADW,MD,AEA,EN,Towers with Radar,5,5,0,86,96,0,0,0,47,47,5,5,0,133,143,28,80,108,251
06/17/2015,ADW,MD,AEA,EN,Towers with Radar,0,5,4,62,71,0,0,8,48,56,0,5,12,110,127,22,106,128,255
06/18/2015,ADW,MD,AEA,EN,Towers with Radar,6,6,2,47,61,0,1,0,42,43,6,7,2,89,104,30,134,164,268
06/19/2015,ADW,MD,AEA,EN,Towers with Radar,2,2,2,59,65,0,0,4,34,38,2,2,6,93,103,6,60,66,169
06/20/2015,ADW,MD,AEA,EN,Towers with Radar,3,2,0,8,13,0,0,6,5,11,3,2,6,13,24,0,0,0,24
06/21/2015,ADW,MD,AEA,EN,Towers with Radar,3,0,4,26,33,0,0,2,21,23,3,0,6,47,56,6,100,106,162
06/22/2015,ADW,MD,AEA,EN,Towers with Radar,2,2,1,78,83,0,1,6,47,54,2,3,7,125,137,8,197,205,342
06/23/2015,ADW,MD,AEA,EN,Towers with Radar,1,3,0,76,80,0,0,2,14,16,1,3,2,90,96,52,76,128,224
06/24/2015,ADW,MD,AEA,EN,Towers with Radar,1,2,0,61,64,0,2,3,35,40,1,4,3,96,104,2,68,70,174
06/25/2015,ADW,MD,AEA,EN,Towers with Radar,2,2,0,43,47,0,0,3,31,34,2,2,3,74,81,0,68,68,149
06/26/2015,ADW,MD,AEA,EN,Towers with Radar,6,4,2,48,60,0,0,6,39,45,6,4,8,87,105,46,116,162,267
06/27/2015,ADW,MD,AEA,EN,Towers with Radar,1,3,0,12,16,0,0,2,0,2,1,3,2,12,18,0,0,0,18
06/28/2015,ADW,MD,AEA,EN,Towers with Radar,1,2,2,17,22,0,0,8,11,19,1,2,10,28,41,0,72,72,113
06/29/2015,ADW,MD,AEA,EN,Towers with Radar,4,3,3,54,64,0,0,11,35,46,4,3,14,89,110,14,64,78,188
06/30/2015,ADW,MD,AEA,EN,Towers with Radar,3,9,1,70,83,0,2,2,29,33,3,11,3,99,116,22,148,170,286
07/01/2015,ADW,MD,AEA,EN,Towers with Radar,6,4,1,54,65,0,1,7,17,25,6,5,8,71,90,32,18,50,140
07/02/2015,ADW,MD,AEA,EN,Towers with Radar,2,0,0,41,43,0,1,5,14,20,2,1,5,55,63,2,148,150,213
07/03/2015,ADW,MD,AEA,EN,Towers with Radar,0,1,2,7,10,0,0,8,4,12,0,1,10,11,22,24,2,26,48
07/04/2015,ADW,MD,AEA,EN,Towers with Radar,0,0,0,2,2,0,0,2,2,4,0,0,2,4,6,12,0,12,18
07/05/2015,ADW,MD,AEA,EN,Towers with Radar,0,1,1,14,16,0,0,1,19,20,0,1,2,33,36,36,58,94,130
07/06/2015,ADW,MD,AEA,EN,Towers with Radar,2,2,0,39,43,0,0,8,38,46,2,2,8,77,89,6,150,156,245
07/07/2015,ADW,MD,AEA,EN,Towers with Radar,1,2,6,71,80,0,0,5,39,44,1,2,11,110,124,32,144,176,300
07/08/2015,ADW,MD,AEA,EN,Towers with Radar,3,2,1,56,62,0,0,1,34,35,3,2,2,90,97,0,62,62,159
07/09/2015,ADW,MD,AEA,EN,Towers with Radar,2,7,0,82,91,0,0,10,44,54,2,7,10,126,145,0,144,144,289
07/10/2015,ADW,MD,AEA,EN,Towers with Radar,4,0,2,46,52,0,0,8,11,19,4,0,10,57,71,0,68,68,139
07/11/2015,ADW,MD,AEA,EN,Towers with Radar,1,4,2,6,13,0,0,2,6,8,1,4,4,12,21,0,0,0,21
07/12/2015,ADW,MD,AEA,EN,Towers with Radar,2,0,0,21,23,0,0,1,11,12,2,0,1,32,35,0,146,146,181
07/13/2015,ADW,MD,AEA,EN,Towers with Radar,3,7,4,67,81,0,0,7,47,54,3,7,11,114,135,18,324,342,477
07/14/2015,ADW,MD,AEA,EN,Towers with Radar,5,2,0,76,83,0,0,4,49,53,5,2,4,125,136,10,158,168,304
07/15/2015,ADW,MD,AEA,EN,Towers with Radar,4,8,5,57,74,0,0,2,35,37,4,8,7,92,111,10,106,116,227
07/16/2015,ADW,MD,AEA,EN,Towers with Radar,6,1,12,91,110,0,0,9,52,61,6,1,21,143,171,55,186,241,412
07/17/2015,ADW,MD,AEA,EN,Towers with Radar,2,6,2,59,69,0,0,9,32,41,2,6,11,91,110,42,38,80,190
07/18/2015,ADW,MD,AEA,EN,Towers with Radar,2,1,0,17,20,0,0,5,10,15,2,1,5,27,35,10,8,18,53
07/19/2015,ADW,MD,AEA,EN,Towers with Radar,4,3,2,27,36,0,0,6,21,27,4,3,8,48,63,8,86,94,157
07/20/2015,ADW,MD,AEA,EN,Towers with Radar,1,3,1,81,86,0,0,6,42,48,1,3,7,123,134,0,128,128,262
07/21/2015,ADW,MD,AEA,EN,Towers with Radar,5,3,4,92,104,0,1,4,55,60,5,4,8,147,164,26,100,126,290
07/22/2015,ADW,MD,AEA,EN,Towers with Radar,2,4,5,65,76,0,0,8,30,38,2,4,13,95,114,0,44,44,158
07/23/2015,ADW,MD,AEA,EN,Towers with Radar,4,5,5,56,70,0,0,11,39,50,4,5,16,95,120,20,174,194,314
07/24/2015,ADW,MD,AEA,EN,Towers with Radar,3,6,5,70,84,0,1,5,35,41,3,7,10,105,125,11,71,82,207
07/25/2015,ADW,MD,AEA,EN,Towers with Radar,1,4,1,21,27,0,0,5,0,5,1,4,6,21,32,0,22,22,54
07/26/2015,ADW,MD,AEA,EN,Towers with Radar,2,3,0,20,25,0,0,0,11,11,2,3,0,31,36,0,84,84,120
07/27/2015,ADW,MD,AEA,EN,Towers with Radar,1,6,0,70,77,0,0,2,34,36,1,6,2,104,113,0,70,70,183
07/28/2015,ADW,MD,AEA,EN,Towers with Radar,0,3,3,63,69,0,0,3,46,49,0,3,6,109,118,6,112,118,236
07/29/2015,ADW,MD,AEA,EN,Towers with Radar,4,2,3,67,76,0,0,7,41,48,4,2,10,108,124,22,52,74,198
07/30/2015,ADW,MD,AEA,EN,Towers with Radar,0,2,5,47,54,0,0,9,32,41,0,2,14,79,95,12,58,70,165
07/31/2015,ADW,MD,AEA,EN,Towers with Radar,3,2,6,68,79,0,1,3,23,27,3,3,9,91,106,0,0,0,106
08/01/2015,ADW,MD,AEA,EN,Towers with Radar,1,2,9,19,31,0,0,12,14,26,1,2,21,33,57,26,0,26,83
08/02/2015,ADW,MD,AEA,EN,Towers with Radar,0,2,0,4,6,0,0,4,11,15,0,2,4,15,21,34,164,198,219
08/03/2015,ADW,MD,AEA,EN,Towers with Radar,1,3,3,48,55,0,0,2,27,29,1,3,5,75,84,24,54,78,162
08/04/2015,ADW,MD,AEA,EN,Towers with Radar,3,3,2,105,113,0,1,7,29,37,3,4,9,134,150,4,228,232,382
08/05/2015,ADW,MD,AEA,EN,Towers with Radar,0,1,2,62,65,0,0,6,31,37,0,1,8,93,102,20,56,76,178
08/06/2015,ADW,MD,AEA,EN,Towers with Radar,1,1,9,93,104,0,0,7,35,42,1,1,16,128,146,26,178,204,350
08/07/2015,ADW,MD,AEA,EN,Towers with Radar,4,0,2,63,69,0,0,9,39,48,4,0,11,102,117,34,116,150,267
08/08/2015,ADW,MD,AEA,EN,Towers with Radar,5,3,1,28,37,0,0,11,1,12,5,3,12,29,49,0,6,6,55
08/09/2015,ADW,MD,AEA,EN,Towers with Radar,1,1,1,13,16,0,0,8,15,23,1,1,9,28,39,46,86,132,171
08/10/2015,ADW,MD,AEA,EN,Towers with Radar,1,7,10,49,67,0,1,6,27,34,1,8,16,76,101,0,170,170,271
08/11/2015,ADW,MD,AEA,EN,Towers with Radar,0,4,0,77,81,0,0,4,36,40,0,4,4,113,121,0,112,112,233
08/12/2015,ADW,MD,AEA,EN,Towers with Radar,0,1,0,62,63,0,0,7,49,56,0,1,7,111,119,24,92,116,235
08/13/2015,ADW,MD,AEA,EN,Towers with Radar,4,5,0,72,81,0,0,6,41,47,4,5,6,113,128,18,74,92,220
08/14/2015,ADW,MD,AEA,EN,Towers with Radar,7,2,0,65,74,0,0,4,8,12,7,2,4,73,86,0,32,32,118
08/15/2015,ADW,MD,AEA,EN,Towers with Radar,4,2,0,22,28,0,0,19,0,19,4,2,19,22,47,0,14,14,61
08/16/2015,ADW,MD,AEA,EN,Towers with Radar,1,0,0,10,11,0,0,7,17,24,1,0,7,27,35,24,34,58,93
08/17/2015,ADW,MD,AEA,EN,Towers with Radar,3,0,0,52,55,0,0,6,48,54,3,0,6,100,109,38,154,192,301
08/18/2015,ADW,MD,AEA,EN,Towers with Radar,3,1,4,80,88,0,0,2,34,36,3,1,6,114,124,0,192,192,316
08/19/2015,ADW,MD,AEA,EN,Towers with Radar,1,3,4,71,79,0,0,6,45,51,1,3,10,116,130,0,166,166,296
08/20/2015,ADW,MD,AEA,EN,Towers with Radar,1,2,0,64,67,0,0,4,29,33,1,2,4,93,100,0,150,150,250
08/21/2015,ADW,MD,AEA,EN,Towers with Radar,3,3,0,57,63,0,0,8,29,37,3,3,8,86,100,0,68,68,168
08/22/2015,ADW,MD,AEA,EN,Towers with Radar,2,0,0,12,14,0,1,8,0,9,2,1,8,12,23,2,0,2,25
08/23/2015,ADW,MD,AEA,EN,Towers with Radar,1,1,0,21,23,0,0,6,20,26,1,1,6,41,49,6,16,22,71
08/24/2015,ADW,MD,AEA,EN,Towers with Radar,1,9,3,78,91,0,0,8,45,53,1,9,11,123,144,0,229,229,373
08/25/2015,ADW,MD,AEA,EN,Towers with Radar,1,3,1,90,95,0,0,8,50,58,1,3,9,140,153,12,190,202,355
08/26/2015,ADW,MD,AEA,EN,Towers with Radar,2,3,0,72,77,0,0,10,43,53,2,3,10,115,130,14,192,206,336
08/27/2015,ADW,MD,AEA,EN,Towers with Radar,2,2,1,55,60,0,0,4,45,49,2,2,5,100,109,0,168,168,277
08/28/2015,ADW,MD,AEA,EN,Towers with Radar,1,4,0,47,52,0,0,2,46,48,1,4,2,93,100,0,148,148,248
08/29/2015,ADW,MD,AEA,EN,Towers with Radar,1,3,0,21,25,0,0,7,9,16,1,3,7,30,41,30,0,30,71
08/30/2015,ADW,MD,AEA,EN,Towers with Radar,4,3,0,17,24,0,1,5,16,22,4,4,5,33,46,40,76,116,162
08/31/2015,ADW,MD,AEA,EN,Towers with Radar,3,1,0,57,61,0,0,6,28,34,3,1,6,85,95,18,114,132,227
09/01/2015,ADW,MD,AEA,EN,Towers with Radar,4,4,0,68,76,0,0,5,33,38,4,4,5,101,114,25,104,129,243
09/02/2015,ADW,MD,AEA,EN,Towers with Radar,0,2,0,61,63,0,0,2,28,30,0,2,2,89,93,8,44,52,145
09/03/2015,ADW,MD,AEA,EN,Towers with Radar,6,1,0,74,81,0,0,5,55,60,6,1,5,129,141,22,141,163,304
09/04/2015,ADW,MD,AEA,EN,Towers with Radar,1,5,1,25,32,0,0,5,11,16,1,5,6,36,48,8,51,59,107
09/05/2015,ADW,MD,AEA,EN,Towers with Radar,6,0,4,9,19,0,0,16,3,19,6,0,20,12,38,12,0,12,50
09/06/2015,ADW,MD,AEA,EN,Towers with Radar,2,0,3,5,10,0,2,13,17,32,2,2,16,22,42,0,40,40,82
09/07/2015,ADW,MD,AEA,EN,Towers with Radar,3,4,2,22,31,0,0,3,30,33,3,4,5,52,64,2,8,10,74
09/08/2015,ADW,MD,AEA,EN,Towers with Radar,4,6,7,70,87,0,4,7,23,34,4,10,14,93,121,12,78,90,211
09/09/2015,ADW,MD,AEA,EN,Towers with Radar,8,4,4,49,65,0,0,8,38,46,8,4,12,87,111,30,182,212,323
09/10/2015,ADW,MD,AEA,EN,Towers with Radar,2,4,6,61,73,0,2,0,27,29,2,6,6,88,102,70,100,170,272
09/11/2015,ADW,MD,AEA,EN,Towers with Radar,1,4,1,56,62,0,0,12,11,23,1,4,13,67,85,10,104,114,199
09/12/2015,ADW,MD,AEA,EN,Towers with Radar,1,4,0,12,17,0,0,3,8,11,1,4,3,20,28,0,33,33,61
09/13/2015,ADW,MD,AEA,EN,Towers with Radar,4,4,1,34,43,0,0,4,19,23,4,4,5,53,66,0,108,108,174
09/14/2015,ADW,MD,AEA,EN,Towers with Radar,4,4,3,104,115,0,1,3,55,59,4,5,6,159,174,10,126,136,310
09/15/2015,ADW,MD,AEA,EN,Towers with Radar,2,2,5,107,116,0,0,1,52,53,2,2,6,159,169,0,244,244,413
09/16/2015,ADW,MD,AEA,EN,Towers with Radar,2,12,8,54,76,0,0,9,43,52,2,12,17,97,128,0,48,48,176
09/17/2015,ADW,MD,AEA,EN,Towers with Radar,5,4,8,38,55,0,0,38,58,96,5,4,46,96,151,1,15,16,167
09/18/2015,ADW,MD,AEA,EN,Towers with Radar,7,2,2,27,38,0,6,9,39,54,7,8,11,66,92,0,0,0,92
09/19/2015,ADW,MD,AEA,EN,Towers with Radar,1,0,4,7,12,0,0,22,33,55,1,0,26,40,67,0,2,2,69
09/20/2015,ADW,MD,AEA,EN,Towers with Radar,3,1,10,26,40,0,0,22,21,43,3,1,32,47,83,12,52,64,147
09/21/2015,ADW,MD,AEA,EN,Towers with Radar,3,0,7,67,77,0,0,8,35,43,3,0,15,102,120,0,100,100,220
09/22/2015,ADW,MD,AEA,EN,Towers with Radar,10,4,6,94,114,0,1,4,29,34,10,5,10,123,148,1,86,87,235
09/23/2015,ADW,MD,AEA,EN,Towers with Radar,8,2,4,48,62,0,0,6,3,9,8,2,10,51,71,12,16,28,99
09/24/2015,ADW,MD,AEA,EN,Towers with Radar,8,3,1,90,102,0,0,3,27,30,8,3,4,117,132,4,32,36,168
09/25/2015,ADW,MD,AEA,EN,Towers with Radar,8,4,1,76,89,0,0,13,37,50,8,4,14,113,139,67,69,136,275
09/26/2015,ADW,MD,AEA,EN,Towers with Radar,2,1,0,21,24,0,0,9,14,23,2,1,9,35,47,1,36,37,84
09/27/2015,ADW,MD,AEA,EN,Towers with Radar,1,2,0,12,15,0,0,9,20,29,1,2,9,32,44,12,14,26,70
09/28/2015,ADW,MD,AEA,EN,Towers with Radar,7,5,2,54,68,0,1,1,18,20,7,6,3,72,88,2,47,49,137
09/29/2015,ADW,MD,AEA,EN,Towers with Radar,5,3,1,48,57,0,0,5,15,20,5,3,6,63,77,3,62,65,142
09/30/2015,ADW,MD,AEA,EN,Towers with Radar,0,6,0,42,48,0,0,2,8,10,0,6,2,50,58,0,42,42,100
10/01/2015,ADW,MD,AEA,EN,Towers with Radar,4,3,0,137,144,0,0,0,34,34,4,3,0,171,178,0,46,46,224
10/02/2015,ADW,MD,AEA,EN,Towers with Radar,5,2,0,45,52,0,0,0,13,13,5,2,0,58,65,0,42,42,107
10/03/2015,ADW,MD,AEA,EN,Towers with Radar,2,3,0,16,21,0,0,0,2,2,2,3,0,18,23,0,24,24,47
10/04/2015,ADW,MD,AEA,EN,Towers with Radar,3,1,0,14,18,0,0,3,27,30,3,1,3,41,48,0,38,38,86
10/05/2015,ADW,MD,AEA,EN,Towers with Radar,5,3,2,60,70,0,1,6,34,41,5,4,8,94,111,0,0,0,111
10/06/2015,ADW,MD,AEA,EN,Towers with Radar,2,1,0,62,65,0,0,8,23,31,2,1,8,85,96,6,120,126,222
10/07/2015,ADW,MD,AEA,EN,Towers with Radar,1,2,5,68,76,0,0,1,33,34,1,2,6,101,110,0,64,64,174
10/08/2015,ADW,MD,AEA,EN,Towers with Radar,4,1,1,88,94,0,0,7,37,44,4,1,8,125,138,2,154,156,294
10/09/2015,ADW,MD,AEA,EN,Towers with Radar,1,2,0,41,44,0,0,4,27,31,1,2,4,68,75,0,36,36,111
10/10/2015,ADW,MD,AEA,EN,Towers with Radar,0,0,0,23,23,0,0,4,19,23,0,0,4,42,46,0,4,4,50
10/11/2015,ADW,MD,AEA,EN,Towers with Radar,1,0,0,19,20,0,0,4,16,20,1,0,4,35,40,0,6,6,46
10/12/2015,ADW,MD,AEA,EN,Towers with Radar,2,3,2,18,25,0,0,5,19,24,2,3,7,37,49,0,18,18,67
10/13/2015,ADW,MD,AEA,EN,Towers with Radar,7,4,1,68,80,0,0,5,35,40,7,4,6,103,120,0,98,98,218
10/14/2015,ADW,MD,AEA,EN,Towers with Radar,2,2,2,78,84,0,0,6,31,37,2,2,8,109,121,4,144,148,269
10/15/2015,ADW,MD,AEA,EN,Towers with Radar,4,0,5,100,109,0,0,5,44,49,4,0,10,144,158,16,161,177,335
10/16/2015,ADW,MD,AEA,EN,Towers with Radar,9,1,0,85,95,0,0,2,26,28,9,1,2,111,123,30,38,68,191
10/17/2015,ADW,MD,AEA,EN,Towers with Radar,5,3,1,43,52,0,0,2,19,21,5,3,3,62,73,0,86,86,159
10/18/2015,ADW,MD,AEA,EN,Towers with Radar,3,1,0,27,31,0,0,15,14,29,3,1,15,41,60,0,34,34,94
10/19/2015,ADW,MD,AEA,EN,Towers with Radar,1,5,0,64,70,0,0,6,52,58,1,5,6,116,128,2,206,208,336
10/20/2015,ADW,MD,AEA,EN,Towers with Radar,1,2,6,95,104,0,0,2,32,34,1,2,8,127,138,2,72,74,212
10/21/2015,ADW,MD,AEA,EN,Towers with Radar,9,4,1,90,104,0,0,8,57,65,9,4,9,147,169,24,64,88,257
10/22/2015,ADW,MD,AEA,EN,Towers with Radar,2,1,2,85,90,0,0,10,47,57,2,1,12,132,147,0,160,160,307
10/23/2015,ADW,MD,AEA,EN,Towers with Radar,1,4,0,73,78,0,0,4,45,49,1,4,4,118,127,0,72,72,199
10/24/2015,ADW,MD,AEA,EN,Towers with Radar,5,2,5,21,33,0,0,12,18,30,5,2,17,39,63,6,30,36,99
10/25/2015,ADW,MD,AEA,EN,Towers with Radar,7,3,1,26,37,0,0,11,16,27,7,3,12,42,64,2,46,48,112
10/26/2015,ADW,MD,AEA,EN,Towers with Radar,1,3,4,73,81,0,0,6,24,30,1,3,10,97,111,10,102,112,223
10/27/2015,ADW,MD,AEA,EN,Towers with Radar,2,2,8,76,88,0,0,9,45,54,2,2,17,121,142,6,212,218,360
10/28/2015,ADW,MD,AEA,EN,Towers with Radar,2,3,0,48,53,0,0,2,11,13,2,3,2,59,66,0,14,14,80
10/29/2015,ADW,MD,AEA,EN,Towers with Radar,2,5,0,51,58,0,0,4,45,49,2,5,4,96,107,0,176,176,283
10/30/2015,ADW,MD,AEA,EN,Towers with Radar,6,7,2,63,78,0,0,2,20,22,6,7,4,83,100,0,146,146,246
10/31/2015,ADW,MD,AEA,EN,Towers with Radar,5,0,0,27,32,0,0,4,12,16,5,0,4,39,48,0,26,26,74
11/01/2015,ADW,MD,AEA,EN,Towers with Radar,2,1,1,25,29,0,0,7,10,17,2,1,8,35,46,0,66,66,112
11/02/2015,ADW,MD,AEA,EN,Towers with Radar,5,2,3,55,65,0,0,2,44,46,5,2,5,99,111,0,64,64,175
11/03/2015,ADW,MD,AEA,EN,Towers with Radar,1,0,3,62,66,0,0,4,44,48,1,0,7,106,114,0,132,132,246
11/04/2015,ADW,MD,AEA,EN,Towers with Radar,4,3,3,40,50,0,0,3,39,42,4,3,6,79,92,0,234,234,326
11/05/2015,ADW,MD,AEA,EN,Towers with Radar,4,1,1,52,58,0,0,1,30,31,4,1,2,82,89,0,82,82,171
11/06/2015,ADW,MD,AEA,EN,Towers with Radar,2,6,1,82,91,0,0,10,39,49,2,6,11,121,140,0,114,114,254
11/07/2015,ADW,MD,AEA,EN,Towers with Radar,3,3,2,51,59,0,0,3,22,25,3,3,5,73,84,0,58,58,142
11/08/2015,ADW,MD,AEA,EN,Towers with Radar,3,8,0,58,69,0,2,5,19,26,3,10,5,77,95,0,132,132,227
11/09/2015,ADW,MD,AEA,EN,Towers with Radar,2,4,0,57,63,0,0,6,53,59,2,4,6,110,122,8,200,208,330
11/10/2015,ADW,MD,AEA,EN,Towers with Radar,2,0,0,38,40,0,0,0,2,2,2,0,0,40,42,0,0,0,42
11/11/2015,ADW,MD,AEA,EN,Towers with Radar,2,4,0,24,30,0,0,6,12,18,2,4,6,36,48,2,82,84,132
11/12/2015,ADW,MD,AEA,EN,Towers with Radar,6,2,0,84,92,0,0,6,44,50,6,2,6,128,142,0,82,82,224
11/13/2015,ADW,MD,AEA,EN,Towers with Radar,4,5,1,70,80,0,0,5,39,44,4,5,6,109,124,0,96,96,220
11/14/2015,ADW,MD,AEA,EN,Towers with Radar,1,3,0,18,22,0,2,8,19,29,1,5,8,37,51,0,38,38,89
11/15/2015,ADW,MD,AEA,EN,Towers with Radar,3,3,0,30,36,0,0,3,13,16,3,3,3,43,52,0,66,66,118
11/16/2015,ADW,MD,AEA,EN,Towers with Radar,4,4,8,45,61,0,2,8,26,36,4,6,16,71,97,36,74,110,207
11/17/2015,ADW,MD,AEA,EN,Towers with Radar,1,0,7,73,81,0,0,13,48,61,1,0,20,121,142,0,66,66,208
11/18/2015,ADW,MD,AEA,EN,Towers with Radar,1,1,17,79,98,0,0,4,61,65,1,1,21,140,163,0,86,86,249
11/19/2015,ADW,MD,AEA,EN,Towers with Radar,4,3,2,47,56,0,0,0,6,6,4,3,2,53,62,0,94,94,156
11/20/2015,ADW,MD,AEA,EN,Towers with Radar,1,5,2,61,69,0,0,2,26,28,1,5,4,87,97,0,0,0,97
11/21/2015,ADW,MD,AEA,EN,Towers with Radar,2,2,0,27,31,0,0,0,10,10,2,2,0,37,41,0,4,4,45
11/22/2015,ADW,MD,AEA,EN,Towers with Radar,1,2,0,28,31,0,1,6,20,27,1,3,6,48,58,0,36,36,94
11/23/2015,ADW,MD,AEA,EN,Towers with Radar,2,5,10,67,84,0,1,9,61,71,2,6,19,128,155,0,176,176,331
11/24/2015,ADW,MD,AEA,EN,Towers with Radar,3,4,3,58,68,0,0,12,41,53,3,4,15,99,121,8,190,198,319
11/25/2015,ADW,MD,AEA,EN,Towers with Radar,2,3,1,42,48,0,0,10,29,39,2,3,11,71,87,0,62,62,149
11/26/2015,ADW,MD,AEA,EN,Towers with Radar,0,3,0,7,10,0,0,6,2,8,0,3,6,9,18,0,16,16,34
11/27/2015,ADW,MD,AEA,EN,Towers with Radar,2,1,3,12,18,0,0,13,12,25,2,1,16,24,43,5,30,35,78
11/28/2015,ADW,MD,AEA,EN,Towers with Radar,2,5,2,7,16,0,1,7,7,15,2,6,9,14,31,0,36,36,67
11/29/2015,ADW,MD,AEA,EN,Towers with Radar,3,1,0,12,16,0,0,0,5,5,3,1,0,17,21,0,0,0,21
11/30/2015,ADW,MD,AEA,EN,Towers with Radar,4,2,1,48,55,0,0,1,15,16,4,2,2,63,71,0,22,22,93
12/01/2015,ADW,MD,AEA,EN,Towers with Radar,4,4,0,48,56,0,0,0,0,0,4,4,0,48,56,0,0,0,56
12/02/2015,ADW,MD,AEA,EN,Towers with Radar,1,2,1,48,52,0,0,2,1,3,1,2,3,49,55,0,10,10,65
12/03/2015,ADW,MD,AEA,EN,Towers with Radar,2,3,3,67,75,0,0,4,38,42,2,3,7,105,117,0,86,86,203
12/04/2015,ADW,MD,AEA,EN,Towers with Radar,3,2,1,73,79,0,0,5,35,40,3,2,6,108,119,0,168,168,287
12/05/2015,ADW,MD,AEA,EN,Towers with Radar,2,0,0,8,10,0,0,7,10,17,2,0,7,18,27,0,88,88,115
12/06/2015,ADW,MD,AEA,EN,Towers with Radar,5,0,0,32,37,0,0,4,15,19,5,0,4,47,56,0,48,48,104
12/07/2015,ADW,MD,AEA,EN,Towers with Radar,1,1,1,41,44,0,1,9,40,50,1,2,10,81,94,0,42,42,136
12/08/2015,ADW,MD,AEA,EN,Towers with Radar,0,4,3,87,94,0,0,7,43,50,0,4,10,130,144,0,18,18,162
12/09/2015,ADW,MD,AEA,EN,Towers with Radar,3,7,7,51,68,0,0,9,25,34,3,7,16,76,102,30,100,130,232
12/10/2015,ADW,MD,AEA,EN,Towers with Radar,5,6,4,91,106,0,5,7,47,59,5,11,11,138,165,12,112,124,289
12/11/2015,ADW,MD,AEA,EN,Towers with Radar,1,5,2,75,83,0,0,1,10,11,1,5,3,85,94,0,30,30,124
12/12/2015,ADW,MD,AEA,EN,Towers with Radar,2,5,0,17,24,0,1,4,17,22,2,6,4,34,46,0,28,28,74
12/13/2015,ADW,MD,AEA,EN,Towers with Radar,1,4,2,19,26,0,0,4,15,19,1,4,6,34,45,6,154,160,205
12/14/2015,ADW,MD,AEA,EN,Towers with Radar,3,9,4,75,91,0,0,1,24,25,3,9,5,99,116,0,120,120,236
12/15/2015,ADW,MD,AEA,EN,Towers with Radar,1,5,1,64,71,0,0,5,36,41,1,5,6,100,112,0,68,68,180
12/16/2015,ADW,MD,AEA,EN,Towers with Radar,4,3,1,59,67,0,0,4,54,58,4,3,5,113,125,2,70,72,197
12/17/2015,ADW,MD,AEA,EN,Towers with Radar,2,6,2,46,56,0,0,1,2,3,2,6,3,48,59,0,24,24,83
12/18/2015,ADW,MD,AEA,EN,Towers with Radar,7,4,12,80,103,0,3,8,41,52,7,7,20,121,155,8,194,202,357
12/19/2015,ADW,MD,AEA,EN,Towers with Radar,1,1,0,11,13,0,0,5,13,18,1,1,5,24,31,0,24,24,55
12/20/2015,ADW,MD,AEA,EN,Towers with Radar,0,3,1,11,15,0,0,6,18,24,0,3,7,29,39,0,82,82,121
12/21/2015,ADW,MD,AEA,EN,Towers with Radar,0,6,0,52,58,0,0,4,29,33,0,6,4,81,91,0,86,86,177
12/22/2015,ADW,MD,AEA,EN,Towers with Radar,0,4,4,40,48,0,1,5,10,16,0,5,9,50,64,0,22,22,86
12/23/2015,ADW,MD,AEA,EN,Towers with Radar,2,5,2,11,20,0,0,0,0,0,2,5,2,11,20,0,0,0,20
12/24/2015,ADW,MD,AEA,EN,Towers with Radar,0,2,0,5,7,0,0,4,15,19,0,2,4,20,26,0,60,60,86
12/25/2015,ADW,MD,AEA,EN,Towers with Radar,0,2,0,3,5,0,0,0,0,0,0,2,0,3,5,0,0,0,5
12/26/2015,ADW,MD,AEA,EN,Towers with Radar,0,4,0,6,10,0,0,0,6,6,0,4,0,12,16,0,0,0,16
12/27/2015,ADW,MD,AEA,EN,Towers with Radar,2,3,0,5,10,0,0,3,12,15,2,3,3,17,25,0,40,40,65
12/28/2015,ADW,MD,AEA,EN,Towers with Radar,1,3,2,30,36,0,1,4,16,21,1,4,6,46,57,2,62,64,121
12/29/2015,ADW,MD,AEA,EN,Towers with Radar,0,0,4,27,31,0,0,0,10,10,0,0,4,37,41,0,50,50,91
12/30/2015,ADW,MD,AEA,EN,Towers with Radar,1,3,2,16,22,0,0,0,2,2,1,3,2,18,24,0,14,14,38
12/31/2015,ADW,MD,AEA,EN,Towers with Radar,1,1,1,2,5,0,0,3,12,15,1,1,4,14,20,6,0,6,26
01/01/2016,ADW,MD,AEA,EN,Towers with Radar,0,2,2,6,10,0,0,6,7,13,0,2,8,13,23,0,0,0,23
01/02/2016,ADW,MD,AEA,EN,Towers with Radar,2,2,0,9,13,0,0,6,9,15,2,2,6,18,28,0,8,8,36
01/03/2016,ADW,MD,AEA,EN,Towers with Radar,5,0,0,12,17,0,0,4,29,33,5,0,4,41,50,0,72,72,122
01/04/2016,ADW,MD,AEA,EN,Towers with Radar,1,0,0,49,50,0,0,4,4,8,1,0,4,53,58,0,70,70,128
01/05/2016,ADW,MD,AEA,EN,Towers with Radar,0,3,2,81,86,0,0,2,40,42,0,3,4,121,128,0,58,58,186
01/06/2016,ADW,MD,AEA,EN,Towers with Radar,2,2,2,70,76,0,0,10,9,19,2,2,12,79,95,0,38,38,133
01/07/2016,ADW,MD,AEA,EN,Towers with Radar,2,2,4,65,73,0,0,2,9,11,2,2,6,74,84,1,48,49,133
01/08/2016,ADW,MD,AEA,EN,Towers with Radar,3,3,0,54,60,0,0,0,0,0,3,3,0,54,60,0,0,0,60
01/09/2016,ADW,MD,AEA,EN,Towers with Radar,1,2,0,39,42,0,0,1,9,10,1,2,1,48,52,38,24,62,114
01/10/2016,ADW,MD,AEA,EN,Towers with Radar,1,3,2,24,30,0,0,3,16,19,1,3,5,40,49,0,138,138,187
01/11/2016,ADW,MD,AEA,EN,Towers with Radar,3,4,2,77,86,0,0,9,12,21,3,4,11,89,107,4,44,48,155
01/12/2016,ADW,MD,AEA,EN,Towers with Radar,0,0,2,56,58,0,0,2,15,17,0,0,4,71,75,0,14,14,89
01/13/2016,ADW,MD,AEA,EN,Towers with Radar,9,4,0,60,73,0,2,6,33,41,9,6,6,93,114,0,72,72,186
01/14/2016,ADW,MD,AEA,EN,Towers with Radar,6,0,3,69,78,0,0,8,39,47,6,0,11,108,125,0,104,104,229
01/15/2016,ADW,MD,AEA,EN,Towers with Radar,2,4,4,49,59,0,0,12,26,38,2,4,16,75,97,0,102,102,199
01/16/2016,ADW,MD,AEA,EN,Towers with Radar,1,2,2,12,17,0,0,2,12,14,1,2,4,24,31,0,118,118,149
01/17/2016,ADW,MD,AEA,EN,Towers with Radar,4,1,0,21,26,0,0,5,13,18,4,1,5,34,44,0,36,36,80
01/18/2016,ADW,MD,AEA,EN,Towers with Radar,5,4,0,11,20,0,0,2,18,20,5,4,2,29,40,0,70,70,110
01/19/2016,ADW,MD,AEA,EN,Towers with Radar,4,3,4,57,68,0,0,8,36,44,4,3,12,93,112,0,152,152,264
01/20/2016,ADW,MD,AEA,EN,Towers with Radar,2,3,4,46,55,0,2,6,50,58,2,5,10,96,113,12,124,136,249
01/21/2016,ADW,MD,AEA,EN,Towers with Radar,2,2,0,66,70,0,0,5,44,49,2,2,5,110,119,0,26,26,145
01/22/2016,ADW,MD,AEA,EN,Towers with Radar,2,2,0,15,19,0,0,1,21,22,2,2,1,36,41,0,84,84,125
01/23/2016,ADW,MD,AEA,EN,Towers with Radar,0,0,0,0,0,0,0,0,0,0,0,0,0,0,0,0,0,0,0
01/24/2016,ADW,MD,AEA,EN,Towers with Radar,1,2,0,7,10,0,0,2,13,15,1,2,2,20,25,0,36,36,61
01/25/2016,ADW,MD,AEA,EN,Towers with Radar,2,4,3,42,51,0,0,7,24,31,2,4,10,66,82,0,16,16,98
01/26/2016,ADW,MD,AEA,EN,Towers with Radar,1,5,0,27,33,0,0,4,21,25,1,5,4,48,58,0,12,12,70
01/27/2016,ADW,MD,AEA,EN,Towers with Radar,3,2,0,60,65,0,0,5,34,39,3,2,5,94,104,0,26,26,130
01/28/2016,ADW,MD,AEA,EN,Towers with Radar,5,2,7,54,68,0,0,5,36,41,5,2,12,90,109,0,52,52,161
01/29/2016,ADW,MD,AEA,EN,Towers with Radar,5,3,0,70,78,0,0,2,38,40,5,3,2,108,118,0,84,84,202
01/30/2016,ADW,MD,AEA,EN,Towers with Radar,0,0,0,21,21,0,0,9,14,23,0,0,9,35,44,0,66,66,110
01/31/2016,ADW,MD,AEA,EN,Towers with Radar,3,2,0,31,36,0,0,2,13,15,3,2,2,44,51,0,86,86,137
02/01/2016,ADW,MD,AEA,EN,Towers with Radar,0,3,2,45,50,0,0,4,41,45,0,3,6,86,95,0,146,146,241
02/02/2016,ADW,MD,AEA,EN,Towers with Radar,5,0,3,59,67,0,1,5,45,51,5,1,8,104,118,10,130,140,258
02/03/2016,ADW,MD,AEA,EN,Towers with Radar,0,3,0,37,40,0,0,0,13,13,0,3,0,50,53,0,14,14,67
02/04/2016,ADW,MD,AEA,EN,Towers with Radar,2,2,1,67,72,0,0,18,33,51,2,2,19,100,123,0,246,246,369
02/05/2016,ADW,MD,AEA,EN,Towers with Radar,4,1,2,76,83,0,0,6,21,27,4,1,8,97,110,0,73,73,183
02/06/2016,ADW,MD,AEA,EN,Towers with Radar,1,1,0,11,13,0,0,4,22,26,1,1,4,33,39,10,106,116,155
02/07/2016,ADW,MD,AEA,EN,Towers with Radar,3,0,0,24,27,0,0,8,7,15,3,0,8,31,42,2,104,106,148
02/08/2016,ADW,MD,AEA,EN,Towers with Radar,7,0,2,61,70,0,0,10,46,56,7,0,12,107,126,0,144,144,270
02/09/2016,ADW,MD,AEA,EN,Towers with Radar,4,5,2,47,58,0,0,0,17,17,4,5,2,64,75,0,58,58,133
02/10/2016,ADW,MD,AEA,EN,Towers with Radar,2,4,4,159,169,0,0,12,98,110,2,4,16,257,279,0,146,146,425
02/11/2016,ADW,MD,AEA,EN,Towers with Radar,4,2,0,65,71,0,0,5,44,49,4,2,5,109,120,22,88,110,230
02/12/2016,ADW,MD,AEA,EN,Towers with Radar,4,3,1,50,58,0,0,9,18,27,4,3,10,68,85,14,116,130,215
02/13/2016,ADW,MD,AEA,EN,Towers with Radar,1,0,0,10,11,0,0,6,13,19,1,0,6,23,30,0,36,36,66
02/14/2016,ADW,MD,AEA,EN,Towers with Radar,5,1,1,13,20,0,0,11,12,23,5,1,12,25,43,2,70,72,115
02/15/2016,ADW,MD,AEA,EN,Towers with Radar,0,1,1,7,9,0,0,0,0,0,0,1,1,7,9,0,0,0,9
02/16/2016,ADW,MD,AEA,EN,Towers with Radar,5,3,0,49,57,0,3,3,38,44,5,6,3,87,101,0,48,48,149
02/17/2016,ADW,MD,AEA,EN,Towers with Radar,1,2,0,103,106,0,1,4,42,47,1,3,4,145,153,0,58,58,211
02/18/2016,ADW,MD,AEA,EN,Towers with Radar,2,4,2,79,87,0,0,5,39,44,2,4,7,118,131,0,132,132,263
02/19/2016,ADW,MD,AEA,EN,Towers with Radar,3,3,0,50,56,0,2,4,46,52,3,5,4,96,108,0,110,110,218
02/20/2016,ADW,MD,AEA,EN,Towers with Radar,4,3,3,51,61,0,0,13,32,45,4,3,16,83,106,0,132,132,238
02/21/2016,ADW,MD,AEA,EN,Towers with Radar,2,2,0,27,31,0,0,1,9,10,2,2,1,36,41,0,64,64,105
02/22/2016,ADW,MD,AEA,EN,Towers with Radar,2,8,2,82,94,0,0,3,35,38,2,8,5,117,132,0,110,110,242
02/23/2016,ADW,MD,AEA,EN,Towers with Radar,1,4,0,59,64,0,0,0,1,1,1,4,0,60,65,8,2,10,75
02/24/2016,ADW,MD,AEA,EN,Towers with Radar,3,1,0,26,30,0,0,0,8,8,3,1,0,34,38,0,30,30,68
02/25/2016,ADW,MD,AEA,EN,Towers with Radar,0,4,1,63,68,0,1,4,41,46,0,5,5,104,114,0,158,158,272
02/26/2016,ADW,MD,AEA,EN,Towers with Radar,5,2,0,74,81,0,2,0,48,50,5,4,0,122,131,0,64,64,195
02/27/2016,ADW,MD,AEA,EN,Towers with Radar,3,0,0,21,24,0,0,10,21,31,3,0,10,42,55,0,116,116,171
02/28/2016,ADW,MD,AEA,EN,Towers with Radar,0,1,3,13,17,0,0,6,13,19,0,1,9,26,36,10,38,48,84
02/29/2016,ADW,MD,AEA,EN,Towers with Radar,2,6,6,56,70,0,2,9,64,75,2,8,15,120,145,0,140,140,285
03/01/2016,ADW,MD,AEA,EN,Towers with Radar,0,1,3,79,83,0,2,5,52,59,0,3,8,131,142,0,216,216,358
03/02/2016,ADW,MD,AEA,EN,Towers with Radar,3,5,0,48,56,0,0,7,42,49,3,5,7,90,105,0,234,234,339
03/03/2016,ADW,MD,AEA,EN,Towers with Radar,8,2,3,68,81,0,2,6,56,64,8,4,9,124,145,0,80,80,225
03/04/2016,ADW,MD,AEA,EN,Towers with Radar,2,5,4,73,84,0,0,0,43,43,2,5,4,116,127,0,140,140,267
03/05/2016,ADW,MD,AEA,EN,Towers with Radar,2,3,3,29,37,0,0,8,16,24,2,3,11,45,61,0,86,86,147
03/06/2016,ADW,MD,AEA,EN,Towers with Radar,4,2,0,19,25,0,1,9,11,21,4,3,9,30,46,0,8,8,54
03/07/2016,ADW,MD,AEA,EN,Towers with Radar,2,3,3,70,78,0,1,8,34,43,2,4,11,104,121,0,146,146,267
03/08/2016,ADW,MD,AEA,EN,Towers with Radar,6,4,4,68,82,0,0,4,44,48,6,4,8,112,130,0,102,102,232
03/09/2016,ADW,MD,AEA,EN,Towers with Radar,1,4,9,63,77,0,0,2,28,30,1,4,11,91,107,0,188,188,295
03/10/2016,ADW,MD,AEA,EN,Towers with Radar,3,4,9,76,92,0,0,11,30,41,3,4,20,106,133,0,78,78,211
03/11/2016,ADW,MD,AEA,EN,Towers with Radar,3,8,2,63,76,0,2,9,27,38,3,10,11,90,114,2,116,118,232
03/12/2016,ADW,MD,AEA,EN,Towers with Radar,4,1,0,42,47,0,0,2,27,29,4,1,2,69,76,0,120,120,196
03/13/2016,ADW,MD,AEA,EN,Towers with Radar,1,1,0,13,15,0,0,6,11,17,1,1,6,24,32,0,106,106,138
03/14/2016,ADW,MD,AEA,EN,Towers with Radar,5,7,0,50,62,0,0,0,10,10,5,7,0,60,72,0,34,34,106
03/15/2016,ADW,MD,AEA,EN,Towers with Radar,1,4,2,82,89,0,2,4,29,35,1,6,6,111,124,2,118,120,244
03/16/2016,ADW,MD,AEA,EN,Towers with Radar,1,5,2,49,57,0,0,3,45,48,1,5,5,94,105,0,216,216,321
03/17/2016,ADW,MD,AEA,EN,Towers with Radar,4,7,2,76,89,0,0,4,35,39,4,7,6,111,128,0,192,192,320
03/18/2016,ADW,MD,AEA,EN,Towers with Radar,4,4,5,77,90,0,0,5,33,38,4,4,10,110,128,0,76,76,204
03/19/2016,ADW,MD,AEA,EN,Towers with Radar,2,0,0,21,23,0,1,4,9,14,2,1,4,30,37,0,2,2,39
03/20/2016,ADW,MD,AEA,EN,Towers with Radar,7,5,0,20,32,0,0,7,21,28,7,5,7,41,60,0,76,76,136
03/21/2016,ADW,MD,AEA,EN,Towers with Radar,4,5,2,34,45,0,1,5,37,43,4,6,7,71,88,0,90,90,178
03/22/2016,ADW,MD,AEA,EN,Towers with Radar,3,3,0,103,109,0,3,6,12,21,3,6,6,115,130,0,68,68,198
03/23/2016,ADW,MD,AEA,EN,Towers with Radar,3,5,0,88,96,0,3,15,20,38,3,8,15,108,134,0,52,52,186
03/24/2016,ADW,MD,AEA,EN,Towers with Radar,3,5,2,126,136,0,1,12,12,25,3,6,14,138,161,0,157,157,318
03/25/2016,ADW,MD,AEA,EN,Towers with Radar,6,4,0,127,137,0,11,6,11,28,6,15,6,138,165,0,216,216,381
03/26/2016,ADW,MD,AEA,EN,Towers with Radar,2,0,0,21,23,0,0,22,7,29,2,0,22,28,52,0,122,122,174
03/27/2016,ADW,MD,AEA,EN,Towers with Radar,1,2,0,14,17,0,0,4,0,4,1,2,4,14,21,4,0,4,25
03/28/2016,ADW,MD,AEA,EN,Towers with Radar,1,5,1,82,89,0,1,5,5,11,1,6,6,87,100,0,38,38,138
03/29/2016,ADW,MD,AEA,EN,Towers with Radar,3,3,1,108,115,0,1,2,11,14,3,4,3,119,129,0,164,164,293
03/30/2016,ADW,MD,AEA,EN,Towers with Radar,10,6,3,109,128,0,1,9,21,31,10,7,12,130,159,0,120,120,279
03/31/2016,ADW,MD,AEA,EN,Towers with Radar,5,6,0,42,53,0,0,6,4,10,5,6,6,46,63,0,0,0,63
04/01/2016,ADW,MD,AEA,EN,Towers with Radar,7,9,0,33,49,0,0,7,3,10,7,9,7,36,59,0,12,12,71
04/02/2016,ADW,MD,AEA,EN,Towers with Radar,6,5,3,35,49,0,0,10,6,16,6,5,13,41,65,0,28,28,93
04/03/2016,ADW,MD,AEA,EN,Towers with Radar,3,2,0,33,38,0,0,2,6,8,3,2,2,39,46,0,0,0,46
04/04/2016,ADW,MD,AEA,EN,Towers with Radar,2,12,0,114,128,0,1,10,13,24,2,13,10,127,152,0,152,152,304
04/05/2016,ADW,MD,AEA,EN,Towers with Radar,3,3,3,154,163,0,0,10,17,27,3,3,13,171,190,0,138,138,328
04/06/2016,ADW,MD,AEA,EN,Towers with Radar,4,3,3,99,109,0,0,19,14,33,4,3,22,113,142,14,92,106,248
04/07/2016,ADW,MD,AEA,EN,Towers with Radar,3,3,0,95,101,0,1,2,16,19,3,4,2,111,120,0,110,110,230
04/08/2016,ADW,MD,AEA,EN,Towers with Radar,2,1,5,87,95,0,0,15,19,34,2,1,20,106,129,4,66,70,199
04/09/2016,ADW,MD,AEA,EN,Towers with Radar,6,1,0,36,43,0,1,5,1,7,6,2,5,37,50,0,2,2,52
04/10/2016,ADW,MD,AEA,EN,Towers with Radar,4,4,2,44,54,0,0,7,8,15,4,4,9,52,69,0,32,32,101
04/11/2016,ADW,MD,AEA,EN,Towers with Radar,2,2,1,151,156,0,0,7,17,24,2,2,8,168,180,0,192,192,372
04/12/2016,ADW,MD,AEA,EN,Towers with Radar,4,3,4,102,113,0,0,7,14,21,4,3,11,116,134,0,192,192,326
04/13/2016,ADW,MD,AEA,EN,Towers with Radar,1,4,0,101,106,0,1,9,14,24,1,5,9,115,130,2,76,78,208
04/14/2016,ADW,MD,AEA,EN,Towers with Radar,4,2,1,105,112,0,4,7,11,22,4,6,8,116,134,4,38,42,176
04/15/2016,ADW,MD,AEA,EN,Towers with Radar,2,1,2,92,97,0,0,12,11,23,2,1,14,103,120,12,112,124,244
04/16/2016,ADW,MD,AEA,EN,Towers with Radar,4,0,2,24,30,0,1,6,6,13,4,1,8,30,43,0,10,10,53
04/17/2016,ADW,MD,AEA,EN,Towers with Radar,2,1,0,42,45,0,0,7,8,15,2,1,7,50,60,0,18,18,78
04/18/2016,ADW,MD,AEA,EN,Towers with Radar,1,8,0,106,115,0,0,17,9,26,1,8,17,115,141,0,48,48,189
04/19/2016,ADW,MD,AEA,EN,Towers with Radar,3,1,1,99,104,0,3,11,16,30,3,4,12,115,134,0,106,106,240
04/20/2016,ADW,MD,AEA,EN,Towers with Radar,2,0,0,105,107,0,1,15,17,33,2,1,15,122,140,12,78,90,230
04/21/2016,ADW,MD,AEA,EN,Towers with Radar,2,6,2,147,157,0,2,14,12,28,2,8,16,159,185,18,76,94,279
04/22/2016,ADW,MD,AEA,EN,Towers with Radar,0,2,3,116,121,0,0,3,10,13,0,2,6,126,134,0,61,61,195
04/23/2016,ADW,MD,AEA,EN,Towers with Radar,4,4,2,45,55,0,1,6,4,11,4,5,8,49,66,0,42,42,108
04/24/2016,ADW,MD,AEA,EN,Towers with Radar,3,2,0,34,39,0,0,8,16,24,3,2,8,50,63,0,24,24,87
04/25/2016,ADW,MD,AEA,EN,Towers with Radar,3,1,5,130,139,0,2,10,15,27,3,3,15,145,166,12,208,220,386
04/26/2016,ADW,MD,AEA,EN,Towers with Radar,1,1,6,122,130,0,0,8,16,24,1,1,14,138,154,0,88,88,242
04/27/2016,ADW,MD,AEA,EN,Towers with Radar,0,5,7,55,67,0,0,4,11,15,0,5,11,66,82,0,0,0,82
04/28/2016,ADW,MD,AEA,EN,Towers with Radar,2,3,0,74,79,0,0,0,0,0,2,3,0,74,79,0,20,20,99
04/29/2016,ADW,MD,AEA,EN,Towers with Radar,2,4,2,63,71,0,0,0,1,1,2,4,2,64,72,0,52,52,124
04/30/2016,ADW,MD,AEA,EN,Towers with Radar,2,3,0,34,39,0,2,7,2,11,2,5,7,36,50,0,72,72,122
05/01/2016,ADW,MD,AEA,EN,Towers with Radar,4,0,0,19,23,0,0,0,0,0,4,0,0,19,23,0,0,0,23
05/02/2016,ADW,MD,AEA,EN,Towers with Radar,3,4,5,69,81,0,0,2,6,8,3,4,7,75,89,0,135,135,224
05/03/2016,ADW,MD,AEA,EN,Towers with Radar,0,5,2,120,127,0,0,7,4,11,0,5,9,124,138,4,138,142,280
05/04/2016,ADW,MD,AEA,EN,Towers with Radar,3,3,2,77,85,0,2,1,3,6,3,5,3,80,91,0,32,32,123
05/05/2016,ADW,MD,AEA,EN,Towers with Radar,2,4,3,73,82,0,2,2,12,16,2,6,5,85,98,2,4,6,104
05/06/2016,ADW,MD,AEA,EN,Towers with Radar,0,3,0,82,85,0,0,0,2,2,0,3,0,84,87,0,14,14,101
05/07/2016,ADW,MD,AEA,EN,Towers with Radar,4,3,2,52,61,0,0,7,8,15,4,3,9,60,76,0,42,42,118
05/08/2016,ADW,MD,AEA,EN,Towers with Radar,3,3,2,30,38,0,1,11,6,18,3,4,13,36,56,8,24,32,88
05/09/2016,ADW,MD,AEA,EN,Towers with Radar,1,3,3,54,61,0,1,15,62,78,1,4,18,116,139,0,110,110,249
05/10/2016,ADW,MD,AEA,EN,Towers with Radar,1,5,7,72,85,0,2,6,72,80,1,7,13,144,165,4,178,182,347
05/11/2016,ADW,MD,AEA,EN,Towers with Radar,0,6,0,45,51,0,0,0,8,8,0,6,0,53,59,0,0,0,59
05/12/2016,ADW,MD,AEA,EN,Towers with Radar,3,5,6,52,66,0,0,3,25,28,3,5,9,77,94,0,18,18,112
05/13/2016,ADW,MD,AEA,EN,Towers with Radar,2,3,2,72,79,0,0,12,17,29,2,3,14,89,108,12,22,34,142
05/14/2016,ADW,MD,AEA,EN,Towers with Radar,1,1,0,23,25,0,0,6,10,16,1,1,6,33,41,0,4,4,45
05/15/2016,ADW,MD,AEA,EN,Towers with Radar,8,3,0,27,38,0,0,6,27,33,8,3,6,54,71,0,20,20,91
05/16/2016,ADW,MD,AEA,EN,Towers with Radar,2,3,6,72,83,0,3,16,76,95,2,6,22,148,178,4,98,102,280
05/17/2016,ADW,MD,AEA,EN,Towers with Radar,2,4,2,88,96,0,0,6,50,56,2,4,8,138,152,0,132,132,284
05/18/2016,ADW,MD,AEA,EN,Towers with Radar,3,0,6,66,75,0,0,10,67,77,3,0,16,133,152,0,120,120,272
05/19/2016,ADW,MD,AEA,EN,Towers with Radar,4,8,3,74,89,0,5,13,47,65,4,13,16,121,154,2,192,194,348
05/20/2016,ADW,MD,AEA,EN,Towers with Radar,5,1,0,55,61,0,0,12,30,42,5,1,12,85,103,0,70,70,173
05/21/2016,ADW,MD,AEA,EN,Towers with Radar,5,3,1,38,47,0,0,2,8,10,5,3,3,46,57,0,2,2,59
05/22/2016,ADW,MD,AEA,EN,Towers with Radar,1,5,0,39,45,0,0,0,0,0,1,5,0,39,45,0,0,0,45
05/23/2016,ADW,MD,AEA,EN,Towers with Radar,5,0,4,51,60,0,0,3,64,67,5,0,7,115,127,0,90,90,217
05/24/2016,ADW,MD,AEA,EN,Towers with Radar,0,0,1,62,63,0,0,25,52,77,0,0,26,114,140,18,144,162,302
05/25/2016,ADW,MD,AEA,EN,Towers with Radar,2,7,1,65,75,0,0,12,53,65,2,7,13,118,140,0,104,104,244
05/26/2016,ADW,MD,AEA,EN,Towers with Radar,1,3,1,116,121,0,0,20,39,59,1,3,21,155,180,0,146,146,326
05/27/2016,ADW,MD,AEA,EN,Towers with Radar,3,2,0,56,61,0,2,6,23,31,3,4,6,79,92,0,90,90,182
05/28/2016,ADW,MD,AEA,EN,Towers with Radar,4,0,0,34,38,0,0,7,16,23,4,0,7,50,61,0,52,52,113
05/29/2016,ADW,MD,AEA,EN,Towers with Radar,0,0,0,15,15,0,0,5,8,13,0,0,5,23,28,0,16,16,44
05/30/2016,ADW,MD,AEA,EN,Towers with Radar,2,4,1,19,26,0,0,9,10,19,2,4,10,29,45,0,26,26,71
05/31/2016,ADW,MD,AEA,EN,Towers with Radar,1,5,1,63,70,0,2,6,52,60,1,7,7,115,130,0,98,98,228
06/01/2016,ADW,MD,AEA,EN,Towers with Radar,3,2,4,67,76,0,2,7,54,63,3,4,11,121,139,0,144,144,283
06/02/2016,ADW,MD,AEA,EN,Towers with Radar,4,6,0,85,95,0,1,8,74,83,4,7,8,159,178,0,176,176,354
06/03/2016,ADW,MD,AEA,EN,Towers with Radar,2,6,2,53,63,0,0,0,14,14,2,6,2,67,77,2,4,6,83
06/04/2016,ADW,MD,AEA,EN,Towers with Radar,2,1,2,18,23,0,0,4,28,32,2,1,6,46,55,0,66,66,121
06/05/2016,ADW,MD,AEA,EN,Towers with Radar,3,4,0,21,28,0,1,5,17,23,3,5,5,38,51,0,50,50,101
06/06/2016,ADW,MD,AEA,EN,Towers with Radar,2,7,2,97,108,0,0,5,69,74,2,7,7,166,182,0,114,114,296
06/07/2016,ADW,MD,AEA,EN,Towers with Radar,1,3,2,81,87,0,0,5,40,45,1,3,7,121,132,0,114,114,246
06/08/2016,ADW,MD,AEA,EN,Towers with Radar,5,3,0,51,59,0,1,6,67,74,5,4,6,118,133,4,62,66,199
06/09/2016,ADW,MD,AEA,EN,Towers with Radar,0,2,4,67,73,0,1,8,47,56,0,3,12,114,129,0,44,44,173
06/10/2016,ADW,MD,AEA,EN,Towers with Radar,0,0,12,67,79,0,0,10,42,52,0,0,22,109,131,0,58,58,189
06/11/2016,ADW,MD,AEA,EN,Towers with Radar,0,0,0,32,32,0,0,14,18,32,0,0,14,50,64,4,8,12,76
06/12/2016,ADW,MD,AEA,EN,Towers with Radar,0,1,3,16,20,0,3,10,14,27,0,4,13,30,47,4,22,26,73
06/13/2016,ADW,MD,AEA,EN,Towers with Radar,5,0,16,55,76,0,0,16,61,77,5,0,32,116,153,0,142,142,295
06/14/2016,ADW,MD,AEA,EN,Towers with Radar,1,0,20,81,102,0,2,6,47,55,1,2,26,128,157,0,44,44,201
06/15/2016,ADW,MD,AEA,EN,Towers with Radar,6,0,12,59,77,0,0,13,46,59,6,0,25,105,136,0,66,66,202
06/16/2016,ADW,MD,AEA,EN,Towers with Radar,1,0,11,88,100,0,0,1,42,43,1,0,12,130,143,2,20,22,165
06/17/2016,ADW,MD,AEA,EN,Towers with Radar,1,4,10,62,77,0,4,12,29,45,1,8,22,91,122,2,76,78,200
06/18/2016,ADW,MD,AEA,EN,Towers with Radar,1,0,5,20,26,0,0,6,14,20,1,0,11,34,46,0,0,0,46
06/19/2016,ADW,MD,AEA,EN,Towers with Radar,0,1,2,41,44,0,2,1,27,30,0,3,3,68,74,4,24,28,102
06/20/2016,ADW,MD,AEA,EN,Towers with Radar,0,2,13,65,80,0,0,3,63,66,0,2,16,128,146,8,84,92,238
06/21/2016,ADW,MD,AEA,EN,Towers with Radar,1,0,4,80,85,0,1,11,60,72,1,1,15,140,157,0,114,114,271
06/22/2016,ADW,MD,AEA,EN,Towers with Radar,1,7,4,68,80,0,5,14,62,81,1,12,18,130,161,0,96,96,257
06/23/2016,ADW,MD,AEA,EN,Towers with Radar,2,0,1,74,77,0,2,2,56,60,2,2,3,130,137,0,50,50,187
06/24/2016,ADW,MD,AEA,EN,Towers with Radar,0,0,3,49,52,0,0,5,29,34,0,0,8,78,86,0,110,110,196
06/25/2016,ADW,MD,AEA,EN,Towers with Radar,2,0,0,26,28,0,0,10,24,34,2,0,10,50,62,0,50,50,112
06/26/2016,ADW,MD,AEA,EN,Towers with Radar,1,0,2,18,21,0,0,2,15,17,1,0,4,33,38,0,12,12,50
06/27/2016,ADW,MD,AEA,EN,Towers with Radar,1,0,8,66,75,0,0,9,81,90,1,0,17,147,165,0,98,98,263
06/28/2016,ADW,MD,AEA,EN,Towers with Radar,2,0,8,68,78,0,0,3,32,35,2,0,11,100,113,0,48,48,161
06/29/2016,ADW,MD,AEA,EN,Towers with Radar,0,6,4,95,105,0,7,5,86,98,0,13,9,181,203,2,140,142,345
06/30/2016,ADW,MD,AEA,EN,Towers with Radar,4,0,6,99,109,0,3,5,48,56,4,3,11,147,165,0,122,122,287
07/01/2016,ADW,MD,AEA,EN,Towers with Radar,0,1,16,56,73,0,2,3,38,43,0,3,19,94,116,0,86,86,202
07/02/2016,ADW,MD,AEA,EN,Towers with Radar,2,0,0,7,9,0,3,14,10,27,2,3,14,17,36,0,0,0,36
07/03/2016,ADW,MD,AEA,EN,Towers with Radar,0,1,0,11,12,0,0,1,15,16,0,1,1,26,28,0,58,58,86
07/04/2016,ADW,MD,AEA,EN,Towers with Radar,0,0,4,9,13,0,0,2,9,11,0,0,6,18,24,0,10,10,34
07/05/2016,ADW,MD,AEA,EN,Towers with Radar,3,0,6,60,69,0,1,5,43,49,3,1,11,103,118,0,70,70,188
07/06/2016,ADW,MD,AEA,EN,Towers with Radar,0,0,16,76,92,0,0,6,73,79,0,0,22,149,171,0,90,90,261
07/07/2016,ADW,MD,AEA,EN,Towers with Radar,5,0,17,88,110,0,3,5,75,83,5,3,22,163,193,2,92,94,287
07/08/2016,ADW,MD,AEA,EN,Towers with Radar,0,0,14,79,93,0,0,5,31,36,0,0,19,110,129,0,84,84,213
07/09/2016,ADW,MD,AEA,EN,Towers with Radar,4,0,0,16,20,0,2,5,30,37,4,2,5,46,57,0,24,24,81
07/10/2016,ADW,MD,AEA,EN,Towers with Radar,2,0,0,23,25,0,5,10,20,35,2,5,10,43,60,0,0,0,60
07/11/2016,ADW,MD,AEA,EN,Towers with Radar,0,1,6,77,84,0,2,6,91,99,0,3,12,168,183,12,84,96,279
07/12/2016,ADW,MD,AEA,EN,Towers with Radar,0,2,12,84,98,0,10,13,54,77,0,12,25,138,175,10,52,62,237
07/13/2016,ADW,MD,AEA,EN,Towers with Radar,3,1,10,65,79,0,0,11,51,62,3,1,21,116,141,6,62,68,209
07/14/2016,ADW,MD,AEA,EN,Towers with Radar,4,0,16,98,118,0,0,14,48,62,4,0,30,146,180,6,130,136,316
07/15/2016,ADW,MD,AEA,EN,Towers with Radar,0,0,4,49,53,0,1,14,31,46,0,1,18,80,99,0,72,72,171
07/16/2016,ADW,MD,AEA,EN,Towers with Radar,2,0,1,11,14,0,0,5,20,25,2,0,6,31,39,0,50,50,89
07/17/2016,ADW,MD,AEA,EN,Towers with Radar,0,0,0,14,14,0,0,17,19,36,0,0,17,33,50,0,8,8,58
07/18/2016,ADW,MD,AEA,EN,Towers with Radar,0,3,12,45,60,0,3,12,35,50,0,6,24,80,110,0,38,38,148
07/19/2016,ADW,MD,AEA,EN,Towers with Radar,3,4,9,89,105,0,3,7,38,48,3,7,16,127,153,4,100,104,257
07/20/2016,ADW,MD,AEA,EN,Towers with Radar,1,2,12,56,71,0,1,14,36,51,1,3,26,92,122,0,156,156,278
07/21/2016,ADW,MD,AEA,EN,Towers with Radar,4,16,5,50,75,0,3,10,38,51,4,19,15,88,126,0,134,134,260
07/22/2016,ADW,MD,AEA,EN,Towers with Radar,3,0,8,67,78,0,1,10,30,41,3,1,18,97,119,0,126,126,245
07/23/2016,ADW,MD,AEA,EN,Towers with Radar,1,0,4,19,24,0,1,2,18,21,1,1,6,37,45,0,14,14,59
07/24/2016,ADW,MD,AEA,EN,Towers with Radar,4,0,2,31,37,0,2,8,15,25,4,2,10,46,62,0,22,22,84
07/25/2016,ADW,MD,AEA,EN,Towers with Radar,0,0,16,50,66,0,1,8,10,19,0,1,24,60,85,0,38,38,123
07/26/2016,ADW,MD,AEA,EN,Towers with Radar,0,2,12,73,87,0,1,9,14,24,0,3,21,87,111,0,156,156,267
07/27/2016,ADW,MD,AEA,EN,Towers with Radar,0,3,7,79,89,0,5,1,8,14,0,8,8,87,103,0,106,106,209
07/28/2016,ADW,MD,AEA,EN,Towers with Radar,0,0,6,75,81,0,1,3,10,14,0,1,9,85,95,0,121,121,216
07/29/2016,ADW,MD,AEA,EN,Towers with Radar,0,2,5,70,77,0,2,2,19,23,0,4,7,89,100,2,108,110,210
07/30/2016,ADW,MD,AEA,EN,Towers with Radar,2,1,2,25,30,0,0,0,12,12,2,1,2,37,42,0,16,16,58
07/31/2016,ADW,MD,AEA,EN,Towers with Radar,0,0,0,23,23,0,0,2,5,7,0,0,2,28,30,0,86,86,116
08/01/2016,ADW,MD,AEA,EN,Towers with Radar,0,0,19,42,61,0,4,10,8,22,0,4,29,50,83,0,168,168,251
08/02/2016,ADW,MD,AEA,EN,Towers with Radar,0,3,18,65,86,0,2,2,8,12,0,5,20,73,98,0,122,122,220
08/03/2016,ADW,MD,AEA,EN,Towers with Radar,4,0,11,44,59,0,1,2,9,12,4,1,13,53,71,0,80,80,151
08/04/2016,ADW,MD,AEA,EN,Towers with Radar,0,1,19,49,69,0,0,8,7,15,0,1,27,56,84,6,88,94,178
08/05/2016,ADW,MD,AEA,EN,Towers with Radar,0,0,8,55,63,0,0,2,5,7,0,0,10,60,70,0,118,118,188
08/06/2016,ADW,MD,AEA,EN,Towers with Radar,0,0,3,17,20,0,1,0,2,3,0,1,3,19,23,2,88,90,113
08/07/2016,ADW,MD,AEA,EN,Towers with Radar,1,0,4,27,32,0,0,3,12,15,1,0,7,39,47,0,20,20,67
08/08/2016,ADW,MD,AEA,EN,Towers with Radar,1,0,22,40,63,0,2,1,8,11,1,2,23,48,74,8,112,120,194
08/09/2016,ADW,MD,AEA,EN,Towers with Radar,0,1,9,78,88,0,1,8,15,24,0,2,17,93,112,0,88,88,200
08/10/2016,ADW,MD,AEA,EN,Towers with Radar,0,0,5,40,45,0,5,2,6,13,0,5,7,46,58,0,58,58,116
08/11/2016,ADW,MD,AEA,EN,Towers with Radar,2,0,4,65,71,0,1,9,7,17,2,1,13,72,88,0,56,56,144
08/12/2016,ADW,MD,AEA,EN,Towers with Radar,0,0,8,79,87,0,1,3,5,9,0,1,11,84,96,0,92,92,188
08/13/2016,ADW,MD,AEA,EN,Towers with Radar,2,2,2,22,28,0,0,2,8,10,2,2,4,30,38,0,2,2,40
08/14/2016,ADW,MD,AEA,EN,Towers with Radar,2,0,3,12,17,0,0,1,5,6,2,0,4,17,23,2,6,8,31
08/15/2016,ADW,MD,AEA,EN,Towers with Radar,0,7,10,45,62,0,0,2,13,15,0,7,12,58,77,2,100,102,179
08/16/2016,ADW,MD,AEA,EN,Towers with Radar,0,0,12,55,67,0,1,6,6,13,0,1,18,61,80,10,44,54,134
08/17/2016,ADW,MD,AEA,EN,Towers with Radar,0,0,13,62,75,0,0,3,14,17,0,0,16,76,92,6,98,104,196
08/18/2016,ADW,MD,AEA,EN,Towers with Radar,0,2,6,66,74,0,3,6,7,16,0,5,12,73,90,0,30,30,120
08/19/2016,ADW,MD,AEA,EN,Towers with Radar,1,2,13,44,60,0,0,2,5,7,1,2,15,49,67,0,42,42,109
08/20/2016,ADW,MD,AEA,EN,Towers with Radar,2,0,2,23,27,0,0,4,5,9,2,0,6,28,36,0,66,66,102
08/21/2016,ADW,MD,AEA,EN,Towers with Radar,0,0,0,28,28,0,0,1,3,4,0,0,1,31,32,0,48,48,80
08/22/2016,ADW,MD,AEA,EN,Towers with Radar,6,4,12,83,105,0,0,2,8,10,6,4,14,91,115,0,120,120,235
08/23/2016,ADW,MD,AEA,EN,Towers with Radar,2,3,7,111,123,0,3,3,9,15,2,6,10,120,138,24,128,152,290
08/24/2016,ADW,MD,AEA,EN,Towers with Radar,0,0,9,69,78,0,0,1,9,10,0,0,10,78,88,0,104,104,192
08/25/2016,ADW,MD,AEA,EN,Towers with Radar,4,0,4,74,82,0,0,4,15,19,4,0,8,89,101,0,110,110,211
08/26/2016,ADW,MD,AEA,EN,Towers with Radar,2,0,14,67,83,0,1,3,3,7,2,1,17,70,90,0,16,16,106
08/27/2016,ADW,MD,AEA,EN,Towers with Radar,0,0,2,20,22,0,2,8,9,19,0,2,10,29,41,0,6,6,47
08/28/2016,ADW,MD,AEA,EN,Towers with Radar,0,0,4,23,27,0,0,3,4,7,0,0,7,27,34,0,36,36,70
08/29/2016,ADW,MD,AEA,EN,Towers with Radar,0,4,18,88,110,0,0,4,19,23,0,4,22,107,133,0,78,78,211
08/30/2016,ADW,MD,AEA,EN,Towers with Radar,0,1,9,85,95,0,2,0,10,12,0,3,9,95,107,0,86,86,193
08/31/2016,ADW,MD,AEA,EN,Towers with Radar,0,0,10,75,85,0,0,7,11,18,0,0,17,86,103,0,50,50,153
09/01/2016,ADW,MD,AEA,EN,Towers with Radar,0,0,4,90,94,0,1,0,10,11,0,1,4,100,105,4,64,68,173
09/02/2016,ADW,MD,AEA,EN,Towers with Radar,0,0,0,45,45,0,1,4,8,13,0,1,4,53,58,0,78,78,136
09/03/2016,ADW,MD,AEA,EN,Towers with Radar,0,0,0,12,12,0,2,2,6,10,0,2,2,18,22,0,10,10,32
09/04/2016,ADW,MD,AEA,EN,Towers with Radar,0,4,0,16,20,0,5,5,4,14,0,9,5,20,34,8,14,22,56
09/05/2016,ADW,MD,AEA,EN,Towers with Radar,2,0,0,19,21,0,1,3,3,7,2,1,3,22,28,2,26,28,56
09/06/2016,ADW,MD,AEA,EN,Towers with Radar,3,3,24,79,109,0,3,3,14,20,3,6,27,93,129,4,162,166,295
09/07/2016,ADW,MD,AEA,EN,Towers with Radar,0,1,14,69,84,0,0,4,21,25,0,1,18,90,109,0,136,136,245
09/08/2016,ADW,MD,AEA,EN,Towers with Radar,0,0,6,73,79,0,0,5,14,19,0,0,11,87,98,0,72,72,170
09/09/2016,ADW,MD,AEA,EN,Towers with Radar,1,2,24,82,109,0,2,3,9,14,1,4,27,91,123,10,38,48,171
09/10/2016,ADW,MD,AEA,EN,Towers with Radar,2,0,2,21,25,0,1,5,5,11,2,1,7,26,36,0,40,40,76
09/11/2016,ADW,MD,AEA,EN,Towers with Radar,2,0,4,35,41,0,1,3,3,7,2,1,7,38,48,0,10,10,58
09/12/2016,ADW,MD,AEA,EN,Towers with Radar,2,1,6,65,74,0,0,1,12,13,2,1,7,77,87,12,86,98,185
09/13/2016,ADW,MD,AEA,EN,Towers with Radar,0,0,12,79,91,0,2,8,24,34,0,2,20,103,125,0,168,168,293
09/14/2016,ADW,MD,AEA,EN,Towers with Radar,1,0,9,42,52,0,0,1,19,20,1,0,10,61,72,0,46,46,118
09/15/2016,ADW,MD,AEA,EN,Towers with Radar,3,0,10,69,82,0,0,2,9,11,3,0,12,78,93,0,84,84,177
09/16/2016,ADW,MD,AEA,EN,Towers with Radar,0,0,12,54,66,0,0,3,7,10,0,0,15,61,76,0,36,36,112
09/17/2016,ADW,MD,AEA,EN,Towers with Radar,3,0,4,25,32,0,3,4,2,9,3,3,8,27,41,0,16,16,57
09/18/2016,ADW,MD,AEA,EN,Towers with Radar,1,0,0,37,38,0,0,3,3,6,1,0,3,40,44,0,6,6,50
09/19/2016,ADW,MD,AEA,EN,Towers with Radar,2,6,8,42,58,0,0,0,4,4,2,6,8,46,62,0,44,44,106
09/20/2016,ADW,MD,AEA,EN,Towers with Radar,5,1,15,79,100,0,0,0,9,9,5,1,15,88,109,0,93,93,202
09/21/2016,ADW,MD,AEA,EN,Towers with Radar,2,0,11,74,87,0,0,3,18,21,2,0,14,92,108,0,142,142,250
09/22/2016,ADW,MD,AEA,EN,Towers with Radar,5,2,13,111,131,0,13,0,29,42,5,15,13,140,173,0,110,110,283
09/23/2016,ADW,MD,AEA,EN,Towers with Radar,4,2,7,81,94,0,1,4,10,15,4,3,11,91,109,0,38,38,147
09/24/2016,ADW,MD,AEA,EN,Towers with Radar,4,0,0,18,22,0,1,1,2,4,4,1,1,20,26,0,38,38,64
09/25/2016,ADW,MD,AEA,EN,Towers with Radar,3,0,1,21,25,0,0,1,3,4,3,0,2,24,29,0,0,0,29
09/26/2016,ADW,MD,AEA,EN,Towers with Radar,1,2,9,52,64,0,2,2,7,11,1,4,11,59,75,0,36,36,111
09/27/2016,ADW,MD,AEA,EN,Towers with Radar,0,1,4,104,109,0,0,3,24,27,0,1,7,128,136,0,172,172,308
09/28/2016,ADW,MD,AEA,EN,Towers with Radar,3,2,4,47,56,0,0,1,3,4,3,2,5,50,60,0,2,2,62
09/29/2016,ADW,MD,AEA,EN,Towers with Radar,1,0,0,53,54,0,0,0,7,7,1,0,0,60,61,0,0,0,61
09/30/2016,ADW,MD,AEA,EN,Towers with Radar,1,0,5,36,42,0,0,0,0,0,1,0,5,36,42,0,0,0,42
10/01/2016,ADW,MD,AEA,EN,Towers with Radar,1,0,3,24,28,0,0,0,0,0,1,0,3,24,28,0,0,0,28
10/02/2016,ADW,MD,AEA,EN,Towers with Radar,0,0,3,21,24,0,0,2,4,6,0,0,5,25,30,0,10,10,40
10/03/2016,ADW,MD,AEA,EN,Towers with Radar,0,2,7,67,76,0,0,6,11,17,0,2,13,78,93,0,46,46,139
10/04/2016,ADW,MD,AEA,EN,Towers with Radar,0,0,8,94,102,0,0,2,17,19,0,0,10,111,121,0,178,178,299
10/05/2016,ADW,MD,AEA,EN,Towers with Radar,0,1,7,80,88,0,3,1,26,30,0,4,8,106,118,0,196,196,314
10/06/2016,ADW,MD,AEA,EN,Towers with Radar,1,1,2,73,77,0,4,2,22,28,1,5,4,95,105,0,62,62,167
10/07/2016,ADW,MD,AEA,EN,Towers with Radar,2,0,8,24,34,0,1,6,23,30,2,1,14,47,64,2,10,12,76
10/08/2016,ADW,MD,AEA,EN,Towers with Radar,2,2,0,8,12,0,0,0,0,0,2,2,0,8,12,0,0,0,12
10/09/2016,ADW,MD,AEA,EN,Towers with Radar,0,1,0,22,23,0,1,4,7,12,0,2,4,29,35,0,10,10,45
10/10/2016,ADW,MD,AEA,EN,Towers with Radar,0,5,1,15,21,0,1,5,4,10,0,6,6,19,31,16,0,16,47
10/11/2016,ADW,MD,AEA,EN,Towers with Radar,2,2,13,64,81,0,2,4,22,28,2,4,17,86,109,0,62,62,171
10/12/2016,ADW,MD,AEA,EN,Towers with Radar,0,0,6,79,85,0,2,3,24,29,0,2,9,103,114,0,38,38,152
10/13/2016,ADW,MD,AEA,EN,Towers with Radar,0,2,6,99,107,0,0,2,34,36,0,2,8,133,143,0,212,212,355
10/14/2016,ADW,MD,AEA,EN,Towers with Radar,0,0,8,90,98,0,0,3,13,16,0,0,11,103,114,0,102,102,216
10/15/2016,ADW,MD,AEA,EN,Towers with Radar,4,0,7,31,42,0,0,4,10,14,4,0,11,41,56,0,32,32,88
10/16/2016,ADW,MD,AEA,EN,Towers with Radar,3,3,3,42,51,0,0,2,13,15,3,3,5,55,66,2,64,66,132
10/17/2016,ADW,MD,AEA,EN,Towers with Radar,2,5,17,40,64,0,0,3,27,30,2,5,20,67,94,0,112,112,206
10/18/2016,ADW,MD,AEA,EN,Towers with Radar,1,4,11,71,87,0,2,6,4,12,1,6,17,75,99,0,72,72,171
10/19/2016,ADW,MD,AEA,EN,Towers with Radar,2,0,8,69,79,0,2,3,24,29,2,2,11,93,108,0,26,26,134
10/20/2016,ADW,MD,AEA,EN,Towers with Radar,4,0,12,104,120,0,5,5,13,23,4,5,17,117,143,0,48,48,191
10/21/2016,ADW,MD,AEA,EN,Towers with Radar,1,2,10,64,77,0,2,4,18,24,1,4,14,82,101,0,64,64,165
10/22/2016,ADW,MD,AEA,EN,Towers with Radar,3,0,2,28,33,0,0,2,10,12,3,0,4,38,45,0,8,8,53
10/23/2016,ADW,MD,AEA,EN,Towers with Radar,1,5,0,37,43,0,2,2,4,8,1,7,2,41,51,0,16,16,67
10/24/2016,ADW,MD,AEA,EN,Towers with Radar,0,1,15,67,83,0,4,6,29,39,0,5,21,96,122,36,116,152,274
10/25/2016,ADW,MD,AEA,EN,Towers with Radar,1,1,2,67,71,0,0,2,25,27,1,1,4,92,98,0,40,40,138
10/26/2016,ADW,MD,AEA,EN,Towers with Radar,1,3,9,109,122,0,0,5,24,29,1,3,14,133,151,0,46,46,197
10/27/2016,ADW,MD,AEA,EN,Towers with Radar,5,3,8,46,62,0,5,0,23,28,5,8,8,69,90,0,20,20,110
10/28/2016,ADW,MD,AEA,EN,Towers with Radar,5,2,5,49,61,0,4,9,35,48,5,6,14,84,109,6,68,74,183
10/29/2016,ADW,MD,AEA,EN,Towers with Radar,10,1,1,20,32,0,0,5,5,10,10,1,6,25,42,2,16,18,60
10/30/2016,ADW,MD,AEA,EN,Towers with Radar,5,0,0,25,30,0,2,5,5,12,5,2,5,30,42,0,70,70,112
10/31/2016,ADW,MD,AEA,EN,Towers with Radar,5,1,1,58,65,0,1,2,20,23,5,2,3,78,88,0,0,0,88
11/01/2016,ADW,MD,AEA,EN,Towers with Radar,0,1,3,59,63,0,2,2,22,26,0,3,5,81,89,0,102,102,191
11/02/2016,ADW,MD,AEA,EN,Towers with Radar,0,2,2,100,104,0,2,4,22,28,0,4,6,122,132,0,54,54,186
11/03/2016,ADW,MD,AEA,EN,Towers with Radar,3,0,13,89,105,0,4,7,40,51,3,4,20,129,156,0,70,70,226
11/04/2016,ADW,MD,AEA,EN,Towers with Radar,0,1,3,53,57,0,4,4,26,34,0,5,7,79,91,0,6,6,97
11/05/2016,ADW,MD,AEA,EN,Towers with Radar,2,0,2,42,46,0,3,4,9,16,2,3,6,51,62,0,74,74,136
11/06/2016,ADW,MD,AEA,EN,Towers with Radar,0,0,0,29,29,0,9,2,21,32,0,9,2,50,61,0,12,12,73
11/07/2016,ADW,MD,AEA,EN,Towers with Radar,0,1,14,47,62,0,0,4,19,23,0,1,18,66,85,0,78,78,163
11/08/2016,ADW,MD,AEA,EN,Towers with Radar,0,1,17,45,63,0,0,4,11,15,0,1,21,56,78,0,96,96,174
11/09/2016,ADW,MD,AEA,EN,Towers with Radar,0,1,11,54,66,0,1,0,36,37,0,2,11,90,103,0,42,42,145
11/10/2016,ADW,MD,AEA,EN,Towers with Radar,0,1,3,63,67,0,0,10,31,41,0,1,13,94,108,0,66,66,174
11/11/2016,ADW,MD,AEA,EN,Towers with Radar,0,0,3,34,37,0,2,0,14,16,0,2,3,48,53,0,0,0,53
11/12/2016,ADW,MD,AEA,EN,Towers with Radar,0,0,0,18,18,0,7,3,4,14,0,7,3,22,32,0,6,6,38
11/13/2016,ADW,MD,AEA,EN,Towers with Radar,0,0,0,17,17,0,0,1,8,9,0,0,1,25,26,0,0,0,26
11/14/2016,ADW,MD,AEA,EN,Towers with Radar,2,1,9,41,53,0,2,7,25,34,2,3,16,66,87,0,98,98,185
11/15/2016,ADW,MD,AEA,EN,Towers with Radar,0,0,14,80,94,0,0,2,24,26,0,0,16,104,120,0,64,64,184
11/16/2016,ADW,MD,AEA,EN,Towers with Radar,1,0,9,31,41,0,0,6,25,31,1,0,15,56,72,0,78,78,150
11/17/2016,ADW,MD,AEA,EN,Towers with Radar,2,0,18,74,94,0,0,9,22,31,2,0,27,96,125,0,98,98,223
11/18/2016,ADW,MD,AEA,EN,Towers with Radar,1,0,11,56,68,0,0,1,23,24,1,0,12,79,92,0,92,92,184
11/19/2016,ADW,MD,AEA,EN,Towers with Radar,0,0,0,16,16,0,0,8,4,12,0,0,8,20,28,0,64,64,92
11/20/2016,ADW,MD,AEA,EN,Towers with Radar,0,0,0,22,22,0,0,4,0,4,0,0,4,22,26,0,60,60,86
11/21/2016,ADW,MD,AEA,EN,Towers with Radar,0,2,3,43,48,0,2,4,18,24,0,4,7,61,72,0,38,38,110
11/22/2016,ADW,MD,AEA,EN,Towers with Radar,0,1,7,47,55,0,1,6,31,38,0,2,13,78,93,0,124,124,217
11/23/2016,ADW,MD,AEA,EN,Towers with Radar,0,0,4,51,55,0,1,1,19,21,0,1,5,70,76,0,68,68,144
11/24/2016,ADW,MD,AEA,EN,Towers with Radar,0,0,0,5,5,0,0,2,1,3,0,0,2,6,8,0,68,68,76
11/25/2016,ADW,MD,AEA,EN,Towers with Radar,0,0,1,16,17,0,2,0,11,13,0,2,1,27,30,0,46,46,76
11/26/2016,ADW,MD,AEA,EN,Towers with Radar,0,0,2,11,13,0,0,3,16,19,0,0,5,27,32,0,0,0,32
11/27/2016,ADW,MD,AEA,EN,Towers with Radar,1,0,3,15,19,0,1,2,10,13,1,1,5,25,32,0,22,22,54
11/28/2016,ADW,MD,AEA,EN,Towers with Radar,1,0,13,44,58,0,3,7,35,45,1,3,20,79,103,10,142,152,255
11/29/2016,ADW,MD,AEA,EN,Towers with Radar,0,0,14,76,90,0,1,2,13,16,0,1,16,89,106,0,118,118,224
11/30/2016,ADW,MD,AEA,EN,Towers with Radar,2,0,4,42,48,0,0,1,8,9,2,0,5,50,57,0,85,85,142
12/01/2016,ADW,MD,AEA,EN,Towers with Radar,2,0,39,71,112,0,1,5,35,41,2,1,44,106,153,8,80,88,241
12/02/2016,ADW,MD,AEA,EN,Towers with Radar,1,0,5,50,56,0,4,2,24,30,1,4,7,74,86,0,74,74,160
12/03/2016,ADW,MD,AEA,EN,Towers with Radar,2,0,2,11,15,0,3,5,19,27,2,3,7,30,42,0,0,0,42
12/04/2016,ADW,MD,AEA,EN,Towers with Radar,1,0,0,26,27,0,0,3,8,11,1,0,3,34,38,0,24,24,62
12/05/2016,ADW,MD,AEA,EN,Towers with Radar,0,1,12,52,65,0,0,1,22,23,0,1,13,74,88,0,148,148,236
12/06/2016,ADW,MD,AEA,EN,Towers with Radar,0,0,7,64,71,0,0,0,11,11,0,0,7,75,82,0,48,48,130
12/07/2016,ADW,MD,AEA,EN,Towers with Radar,0,1,19,56,76,0,2,7,28,37,0,3,26,84,113,0,198,198,311
12/08/2016,ADW,MD,AEA,EN,Towers with Radar,2,6,21,110,139,0,1,3,27,31,2,7,24,137,170,58,220,278,448
12/09/2016,ADW,MD,AEA,EN,Towers with Radar,0,2,10,47,59,0,0,2,19,21,0,2,12,66,80,0,12,12,92
12/10/2016,ADW,MD,AEA,EN,Towers with Radar,2,1,2,12,17,0,3,2,7,12,2,4,4,19,29,0,0,0,29
12/11/2016,ADW,MD,AEA,EN,Towers with Radar,4,2,4,15,25,0,1,2,3,6,4,3,6,18,31,0,48,48,79
12/12/2016,ADW,MD,AEA,EN,Towers with Radar,4,0,18,60,82,0,0,0,24,24,4,0,18,84,106,0,0,0,106
12/13/2016,ADW,MD,AEA,EN,Towers with Radar,0,0,13,76,89,0,2,6,34,42,0,2,19,110,131,0,98,98,229
12/14/2016,ADW,MD,AEA,EN,Towers with Radar,0,0,15,54,69,0,1,15,49,65,0,1,30,103,134,10,124,134,268
12/15/2016,ADW,MD,AEA,EN,Towers with Radar,0,0,4,31,35,0,0,2,10,12,0,0,6,41,47,0,10,10,57
12/16/2016,ADW,MD,AEA,EN,Towers with Radar,2,0,13,51,66,0,4,3,27,34,2,4,16,78,100,10,56,66,166
12/17/2016,ADW,MD,AEA,EN,Towers with Radar,2,2,1,23,28,0,0,2,0,2,2,2,3,23,30,0,0,0,30
12/18/2016,ADW,MD,AEA,EN,Towers with Radar,0,0,2,13,15,0,0,37,26,63,0,0,39,39,78,0,48,48,126
12/19/2016,ADW,MD,AEA,EN,Towers with Radar,0,1,15,42,58,0,3,4,28,35,0,4,19,70,93,0,38,38,131
12/20/2016,ADW,MD,AEA,EN,Towers with Radar,0,6,17,64,87,0,0,2,19,21,0,6,19,83,108,0,140,140,248
12/21/2016,ADW,MD,AEA,EN,Towers with Radar,0,0,17,42,59,0,0,0,12,12,0,0,17,54,71,0,130,130,201
12/22/2016,ADW,MD,AEA,EN,Towers with Radar,0,1,2,47,50,0,2,5,33,40,0,3,7,80,90,0,62,62,152
12/23/2016,ADW,MD,AEA,EN,Towers with Radar,0,2,13,18,33,0,0,3,8,11,0,2,16,26,44,0,0,0,44
12/24/2016,ADW,MD,AEA,EN,Towers with Radar,0,0,0,1,1,0,1,0,0,1,0,1,0,1,2,6,20,26,28
12/25/2016,ADW,MD,AEA,EN,Towers with Radar,0,0,0,2,2,0,0,3,0,3,0,0,3,2,5,0,0,0,5
12/26/2016,ADW,MD,AEA,EN,Towers with Radar,0,5,1,6,12,0,0,0,3,3,0,5,1,9,15,0,10,10,25
12/27/2016,ADW,MD,AEA,EN,Towers with Radar,2,0,0,33,35,0,2,0,7,9,2,2,0,40,44,0,20,20,64
12/28/2016,ADW,MD,AEA,EN,Towers with Radar,0,0,4,44,48,0,0,6,15,21,0,0,10,59,69,0,78,78,147
12/29/2016,ADW,MD,AEA,EN,Towers with Radar,2,0,2,16,20,0,2,0,2,4,2,2,2,18,24,0,86,86,110
12/30/2016,ADW,MD,AEA,EN,Towers with Radar,0,0,0,19,19,0,2,4,11,17,0,2,4,30,36,0,34,34,70
12/31/2016,ADW,MD,AEA,EN,Towers with Radar,0,0,3,10,13,0,2,3,6,11,0,2,6,16,24,0,36,36,60
01/01/2017,ADW,MD,AEA,EN,Towers with Radar,0,0,0,7,7,0,1,0,0,1,0,1,0,7,8,0,0,0,8
01/02/2017,ADW,MD,AEA,EN,Towers with Radar,0,0,2,12,14,0,0,0,0,0,0,0,2,12,14,0,0,0,14
01/03/2017,ADW,MD,AEA,EN,Towers with Radar,0,0,2,32,34,0,0,0,0,0,0,0,2,32,34,0,2,2,36
01/04/2017,ADW,MD,AEA,EN,Towers with Radar,0,1,13,60,74,0,0,3,24,27,0,1,16,84,101,0,102,102,203
01/05/2017,ADW,MD,AEA,EN,Towers with Radar,0,0,15,54,69,0,0,5,24,29,0,0,20,78,98,0,170,170,268
01/06/2017,ADW,MD,AEA,EN,Towers with Radar,1,0,12,30,43,0,1,1,30,32,1,1,13,60,75,0,76,76,151
01/07/2017,ADW,MD,AEA,EN,Towers with Radar,1,0,0,11,12,0,1,0,8,9,1,1,0,19,21,0,118,118,139
01/08/2017,ADW,MD,AEA,EN,Towers with Radar,2,0,0,32,34,0,5,9,12,26,2,5,9,44,60,0,36,36,96
01/09/2017,ADW,MD,AEA,EN,Towers with Radar,0,1,8,29,38,0,0,5,7,12,0,1,13,36,50,0,24,24,74
01/10/2017,ADW,MD,AEA,EN,Towers with Radar,0,0,9,74,83,0,2,0,24,26,0,2,9,98,109,0,90,90,199
01/11/2017,ADW,MD,AEA,EN,Towers with Radar,4,0,8,39,51,0,2,3,1,6,4,2,11,40,57,0,2,2,59
01/12/2017,ADW,MD,AEA,EN,Towers with Radar,1,1,9,58,69,0,0,4,28,32,1,1,13,86,101,0,62,62,163
01/13/2017,ADW,MD,AEA,EN,Towers with Radar,1,1,8,46,56,0,0,6,22,28,1,1,14,68,84,0,60,60,144
01/14/2017,ADW,MD,AEA,EN,Towers with Radar,0,0,0,5,5,0,0,1,0,1,0,0,1,5,6,0,0,0,6
01/15/2017,ADW,MD,AEA,EN,Towers with Radar,2,0,0,20,22,0,0,2,28,30,2,0,2,48,52,0,50,50,102
01/16/2017,ADW,MD,AEA,EN,Towers with Radar,0,0,0,19,19,0,1,2,12,15,0,1,2,31,34,0,80,80,114
01/17/2017,ADW,MD,AEA,EN,Towers with Radar,0,1,11,43,55,0,0,0,9,9,0,1,11,52,64,0,12,12,76
01/18/2017,ADW,MD,AEA,EN,Towers with Radar,6,1,9,62,78,0,2,2,18,22,6,3,11,80,100,0,40,40,140
01/19/2017,ADW,MD,AEA,EN,Towers with Radar,0,1,9,25,35,0,2,2,8,12,0,3,11,33,47,0,16,16,63
01/20/2017,ADW,MD,AEA,EN,Towers with Radar,1,2,4,25,32,0,0,1,1,2,1,2,5,26,34,0,0,0,34
01/21/2017,ADW,MD,AEA,EN,Towers with Radar,5,1,1,39,46,0,0,0,1,1,5,1,1,40,47,0,0,0,47
01/22/2017,ADW,MD,AEA,EN,Towers with Radar,0,0,0,16,16,0,0,0,0,0,0,0,0,16,16,0,0,0,16
01/23/2017,ADW,MD,AEA,EN,Towers with Radar,2,3,5,20,30,0,0,0,0,0,2,3,5,20,30,0,0,0,30
01/24/2017,ADW,MD,AEA,EN,Towers with Radar,0,1,12,59,72,0,0,3,32,35,0,1,15,91,107,0,102,102,209
01/25/2017,ADW,MD,AEA,EN,Towers with Radar,0,1,32,56,89,0,1,3,28,32,0,2,35,84,121,0,142,142,263
01/26/2017,ADW,MD,AEA,EN,Towers with Radar,1,4,13,70,88,0,3,4,27,34,1,7,17,97,122,0,48,48,170
01/27/2017,ADW,MD,AEA,EN,Towers with Radar,1,0,16,44,61,0,0,3,17,20,1,0,19,61,81,0,66,66,147
01/28/2017,ADW,MD,AEA,EN,Towers with Radar,2,3,1,16,22,0,3,1,10,14,2,6,2,26,36,0,38,38,74
01/29/2017,ADW,MD,AEA,EN,Towers with Radar,0,1,2,14,17,0,1,1,9,11,0,2,3,23,28,0,40,40,68
01/30/2017,ADW,MD,AEA,EN,Towers with Radar,0,1,21,51,73,0,0,1,10,11,0,1,22,61,84,0,74,74,158
01/31/2017,ADW,MD,AEA,EN,Towers with Radar,0,2,14,54,70,0,1,4,33,38,0,3,18,87,108,0,148,148,256
02/01/2017,ADW,MD,AEA,EN,Towers with Radar,2,0,6,46,54,0,2,4,25,31,2,2,10,71,85,0,130,130,215
02/02/2017,ADW,MD,AEA,EN,Towers with Radar,0,2,19,46,67,0,3,4,29,36,0,5,23,75,103,2,130,132,235
02/03/2017,ADW,MD,AEA,EN,Towers with Radar,0,0,25,43,68,0,2,4,24,30,0,2,29,67,98,2,128,130,228
02/04/2017,ADW,MD,AEA,EN,Towers with Radar,0,0,5,16,21,0,0,8,11,19,0,0,13,27,40,2,4,6,46
02/05/2017,ADW,MD,AEA,EN,Towers with Radar,2,0,2,11,15,0,0,3,7,10,2,0,5,18,25,0,34,34,59
02/06/2017,ADW,MD,AEA,EN,Towers with Radar,4,3,19,62,88,0,2,8,43,53,4,5,27,105,141,0,216,216,357
02/07/2017,ADW,MD,AEA,EN,Towers with Radar,0,4,3,76,83,0,1,4,42,47,0,5,7,118,130,0,116,116,246
02/08/2017,ADW,MD,AEA,EN,Towers with Radar,2,0,17,58,77,0,0,0,32,32,2,0,17,90,109,0,58,58,167
02/09/2017,ADW,MD,AEA,EN,Towers with Radar,3,1,10,33,47,0,0,7,22,29,3,1,17,55,76,0,76,76,152
02/10/2017,ADW,MD,AEA,EN,Towers with Radar,3,2,22,48,75,0,0,3,17,20,3,2,25,65,95,0,116,116,211
02/11/2017,ADW,MD,AEA,EN,Towers with Radar,0,0,5,30,35,0,0,2,23,25,0,0,7,53,60,0,46,46,106
02/12/2017,ADW,MD,AEA,EN,Towers with Radar,2,1,0,37,40,0,3,5,10,18,2,4,5,47,58,0,60,60,118
02/13/2017,ADW,MD,AEA,EN,Towers with Radar,1,4,2,31,38,0,0,0,15,15,1,4,2,46,53,0,38,38,91
02/14/2017,ADW,MD,AEA,EN,Towers with Radar,0,2,10,67,79,0,2,3,27,32,0,4,13,94,111,0,144,144,255
02/15/2017,ADW,MD,AEA,EN,Towers with Radar,1,0,8,41,50,0,0,3,26,29,1,0,11,67,79,0,86,86,165
02/16/2017,ADW,MD,AEA,EN,Towers with Radar,2,0,5,64,71,0,1,4,26,31,2,1,9,90,102,0,54,54,156
02/17/2017,ADW,MD,AEA,EN,Towers with Radar,2,0,12,62,76,0,4,5,23,32,2,4,17,85,108,2,58,60,168
02/18/2017,ADW,MD,AEA,EN,Towers with Radar,0,0,0,12,12,0,0,3,11,14,0,0,3,23,26,0,10,10,36
02/19/2017,ADW,MD,AEA,EN,Towers with Radar,1,0,0,23,24,0,0,3,13,16,1,0,3,36,40,0,48,48,88
02/20/2017,ADW,MD,AEA,EN,Towers with Radar,1,3,0,23,27,0,10,8,14,32,1,13,8,37,59,0,48,48,107
02/21/2017,ADW,MD,AEA,EN,Towers with Radar,4,2,5,66,77,0,1,3,34,38,4,3,8,100,115,0,100,100,215
02/22/2017,ADW,MD,AEA,EN,Towers with Radar,0,1,20,47,68,0,2,2,5,9,0,3,22,52,77,0,26,26,103
02/23/2017,ADW,MD,AEA,EN,Towers with Radar,5,0,40,128,173,0,0,5,24,29,5,0,45,152,202,0,156,156,358
02/24/2017,ADW,MD,AEA,EN,Towers with Radar,1,0,8,44,53,0,2,1,21,24,1,2,9,65,77,0,150,150,227
02/25/2017,ADW,MD,AEA,EN,Towers with Radar,2,0,0,39,41,0,1,3,16,20,2,1,3,55,61,0,54,54,115
02/26/2017,ADW,MD,AEA,EN,Towers with Radar,2,0,0,20,22,0,2,3,7,12,2,2,3,27,34,2,42,44,78
02/27/2017,ADW,MD,AEA,EN,Towers with Radar,2,2,19,46,69,0,1,6,3,10,2,3,25,49,79,0,28,28,107
02/28/2017,ADW,MD,AEA,EN,Towers with Radar,0,0,15,65,80,0,2,0,7,9,0,2,15,72,89,0,56,56,145
03/01/2017,ADW,MD,AEA,EN,Towers with Radar,0,0,10,44,54,0,0,4,22,26,0,0,14,66,80,0,160,160,240
03/02/2017,ADW,MD,AEA,EN,Towers with Radar,0,0,2,46,48,0,5,5,24,34,0,5,7,70,82,0,68,68,150
03/03/2017,ADW,MD,AEA,EN,Towers with Radar,0,2,10,58,70,0,2,0,23,25,0,4,10,81,95,0,32,32,127
03/04/2017,ADW,MD,AEA,EN,Towers with Radar,0,4,2,9,15,0,1,3,11,15,0,5,5,20,30,0,20,20,50
03/05/2017,ADW,MD,AEA,EN,Towers with Radar,2,1,3,21,27,0,8,10,15,33,2,9,13,36,60,0,58,58,118
03/06/2017,ADW,MD,AEA,EN,Towers with Radar,4,2,21,40,67,0,0,3,42,45,4,2,24,82,112,0,130,130,242
03/07/2017,ADW,MD,AEA,EN,Towers with Radar,0,1,32,73,106,0,0,4,36,40,0,1,36,109,146,0,90,90,236
03/08/2017,ADW,MD,AEA,EN,Towers with Radar,2,1,14,56,73,0,0,3,37,40,2,1,17,93,113,0,112,112,225
03/09/2017,ADW,MD,AEA,EN,Towers with Radar,4,1,38,83,126,0,0,4,16,20,4,1,42,99,146,0,120,120,266
03/10/2017,ADW,MD,AEA,EN,Towers with Radar,0,6,4,30,40,0,0,0,8,8,0,6,4,38,48,0,48,48,96
03/11/2017,ADW,MD,AEA,EN,Towers with Radar,3,0,0,26,29,0,0,1,13,14,3,0,1,39,43,0,18,18,61
03/12/2017,ADW,MD,AEA,EN,Towers with Radar,1,0,0,20,21,0,3,1,11,15,1,3,1,31,36,0,14,14,50
03/13/2017,ADW,MD,AEA,EN,Towers with Radar,1,0,18,51,70,0,1,4,27,32,1,1,22,78,102,0,138,138,240
03/14/2017,ADW,MD,AEA,EN,Towers with Radar,2,0,0,11,13,0,0,1,1,2,2,0,1,12,15,0,0,0,15
03/15/2017,ADW,MD,AEA,EN,Towers with Radar,0,0,2,26,28,0,4,3,18,25,0,4,5,44,53,0,0,0,53
03/16/2017,ADW,MD,AEA,EN,Towers with Radar,0,0,10,65,75,0,2,6,40,48,0,2,16,105,123,0,66,66,189
03/17/2017,ADW,MD,AEA,EN,Towers with Radar,2,0,4,42,48,0,0,3,25,28,2,0,7,67,76,0,236,236,312
03/18/2017,ADW,MD,AEA,EN,Towers with Radar,3,0,1,33,37,0,0,1,23,24,3,0,2,56,61,4,128,132,193
03/19/2017,ADW,MD,AEA,EN,Towers with Radar,1,1,2,27,31,0,3,4,8,15,1,4,6,35,46,0,0,0,46
03/20/2017,ADW,MD,AEA,EN,Towers with Radar,3,3,2,49,57,0,3,5,31,39,3,6,7,80,96,2,210,212,308
03/21/2017,ADW,MD,AEA,EN,Towers with Radar,2,0,14,69,85,0,0,19,22,41,2,0,33,91,126,0,110,110,236
03/22/2017,ADW,MD,AEA,EN,Towers with Radar,5,1,10,54,70,0,2,3,38,43,5,3,13,92,113,0,126,126,239
03/23/2017,ADW,MD,AEA,EN,Towers with Radar,1,2,22,69,94,0,0,4,35,39,1,2,26,104,133,0,144,144,277
03/24/2017,ADW,MD,AEA,EN,Towers with Radar,0,2,39,55,96,0,0,1,15,16,0,2,40,70,112,0,80,80,192
03/25/2017,ADW,MD,AEA,EN,Towers with Radar,4,0,3,12,19,0,0,5,13,18,4,0,8,25,37,0,44,44,81
03/26/2017,ADW,MD,AEA,EN,Towers with Radar,0,4,1,10,15,0,2,0,1,3,0,6,1,11,18,0,0,0,18
03/27/2017,ADW,MD,AEA,EN,Towers with Radar,0,3,27,44,74,0,3,2,17,22,0,6,29,61,96,0,122,122,218
03/28/2017,ADW,MD,AEA,EN,Towers with Radar,0,10,11,72,93,0,2,0,34,36,0,12,11,106,129,0,120,120,249
03/29/2017,ADW,MD,AEA,EN,Towers with Radar,0,2,34,55,91,0,0,9,26,35,0,2,43,81,126,0,102,102,228
03/30/2017,ADW,MD,AEA,EN,Towers with Radar,0,2,6,80,88,0,1,2,27,30,0,3,8,107,118,0,114,114,232
03/31/2017,ADW,MD,AEA,EN,Towers with Radar,0,0,8,41,49,0,0,0,1,1,0,0,8,42,50,0,0,0,50
04/01/2017,ADW,MD,AEA,EN,Towers with Radar,1,0,0,16,17,0,3,3,13,19,1,3,3,29,36,2,26,28,64
04/02/2017,ADW,MD,AEA,EN,Towers with Radar,2,1,0,27,30,0,0,3,18,21,2,1,3,45,51,0,0,0,51
04/03/2017,ADW,MD,AEA,EN,Towers with Radar,0,3,15,45,63,0,0,2,21,23,0,3,17,66,86,0,106,106,192
04/04/2017,ADW,MD,AEA,EN,Towers with Radar,0,0,25,62,87,0,1,5,22,28,0,1,30,84,115,0,148,148,263
04/05/2017,ADW,MD,AEA,EN,Towers with Radar,2,2,8,47,59,0,0,5,15,20,2,2,13,62,79,0,0,0,79
04/06/2017,ADW,MD,AEA,EN,Towers with Radar,1,0,3,37,41,0,0,1,3,4,1,0,4,40,45,0,0,0,45
04/07/2017,ADW,MD,AEA,EN,Towers with Radar,0,0,5,41,46,0,3,4,11,18,0,3,9,52,64,0,74,74,138
04/08/2017,ADW,MD,AEA,EN,Towers with Radar,2,0,0,15,17,0,2,2,8,12,2,2,2,23,29,0,22,22,51
04/09/2017,ADW,MD,AEA,EN,Towers with Radar,2,0,2,36,40,0,2,1,17,20,2,2,3,53,60,0,102,102,162
04/10/2017,ADW,MD,AEA,EN,Towers with Radar,2,1,7,33,43,0,0,6,18,24,2,1,13,51,67,0,116,116,183
04/11/2017,ADW,MD,AEA,EN,Towers with Radar,2,0,8,67,77,0,0,5,31,36,2,0,13,98,113,0,174,174,287
04/12/2017,ADW,MD,AEA,EN,Towers with Radar,0,0,16,35,51,0,0,4,33,37,0,0,20,68,88,0,138,138,226
04/13/2017,ADW,MD,AEA,EN,Towers with Radar,0,0,8,57,65,0,2,7,10,19,0,2,15,67,84,4,34,38,122
04/14/2017,ADW,MD,AEA,EN,Towers with Radar,0,2,9,55,66,0,3,5,24,32,0,5,14,79,98,0,104,104,202
04/15/2017,ADW,MD,AEA,EN,Towers with Radar,0,1,0,21,22,0,1,9,5,15,0,2,9,26,37,0,74,74,111
04/16/2017,ADW,MD,AEA,EN,Towers with Radar,0,0,1,19,20,0,0,2,7,9,0,0,3,26,29,0,30,30,59
04/17/2017,ADW,MD,AEA,EN,Towers with Radar,5,0,3,43,51,0,0,5,23,28,5,0,8,66,79,0,102,102,181
04/18/2017,ADW,MD,AEA,EN,Towers with Radar,1,0,9,61,71,0,2,2,24,28,1,2,11,85,99,0,76,76,175
04/19/2017,ADW,MD,AEA,EN,Towers with Radar,3,2,12,70,87,0,2,3,28,33,3,4,15,98,120,0,124,124,244
04/20/2017,ADW,MD,AEA,EN,Towers with Radar,6,0,13,84,103,0,1,4,13,18,6,1,17,97,121,0,118,118,239
04/21/2017,ADW,MD,AEA,EN,Towers with Radar,4,0,2,41,47,0,1,2,15,18,4,1,4,56,65,0,80,80,145
04/22/2017,ADW,MD,AEA,EN,Towers with Radar,1,1,3,16,21,0,0,0,0,0,1,1,3,16,21,0,0,0,21
04/23/2017,ADW,MD,AEA,EN,Towers with Radar,2,0,2,10,14,0,1,4,5,10,2,1,6,15,24,0,48,48,72
04/24/2017,ADW,MD,AEA,EN,Towers with Radar,2,3,15,48,68,0,1,4,28,33,2,4,19,76,101,0,96,96,197
04/25/2017,ADW,MD,AEA,EN,Towers with Radar,1,1,6,44,52,0,0,0,0,0,1,1,6,44,52,0,0,0,52
04/26/2017,ADW,MD,AEA,EN,Towers with Radar,0,1,14,68,83,0,2,5,35,42,0,3,19,103,125,0,100,100,225
04/27/2017,ADW,MD,AEA,EN,Towers with Radar,0,1,19,52,72,0,1,6,32,39,0,2,25,84,111,0,122,122,233
04/28/2017,ADW,MD,AEA,EN,Towers with Radar,1,0,0,66,67,0,4,5,29,38,1,4,5,95,105,0,84,84,189
04/29/2017,ADW,MD,AEA,EN,Towers with Radar,3,0,0,27,30,0,7,3,35,45,3,7,3,62,75,6,32,38,113
04/30/2017,ADW,MD,AEA,EN,Towers with Radar,4,0,0,18,22,0,1,11,13,25,4,1,11,31,47,0,16,16,63
05/01/2017,ADW,MD,AEA,EN,Towers with Radar,7,2,18,49,76,0,2,3,42,47,7,4,21,91,123,0,160,160,283
05/02/2017,ADW,MD,AEA,EN,Towers with Radar,3,3,25,79,110,0,4,2,46,52,3,7,27,125,162,2,80,82,244
05/03/2017,ADW,MD,AEA,EN,Towers with Radar,0,1,8,60,69,0,0,6,19,25,0,1,14,79,94,0,54,54,148
05/04/2017,ADW,MD,AEA,EN,Towers with Radar,5,0,19,66,90,0,1,6,39,46,5,1,25,105,136,0,86,86,222
05/05/2017,ADW,MD,AEA,EN,Towers with Radar,1,1,15,40,57,0,0,0,8,8,1,1,15,48,65,0,28,28,93
05/06/2017,ADW,MD,AEA,EN,Towers with Radar,2,0,0,32,34,0,0,5,11,16,2,0,5,43,50,0,54,54,104
05/07/2017,ADW,MD,AEA,EN,Towers with Radar,3,0,3,33,39,0,2,2,12,16,3,2,5,45,55,0,0,0,55
05/08/2017,ADW,MD,AEA,EN,Towers with Radar,1,1,10,37,49,0,0,8,9,17,1,1,18,46,66,0,28,28,94
05/09/2017,ADW,MD,AEA,EN,Towers with Radar,0,0,11,103,114,0,0,7,38,45,0,0,18,141,159,0,82,82,241
05/10/2017,ADW,MD,AEA,EN,Towers with Radar,0,0,7,66,73,0,4,6,48,58,0,4,13,114,131,0,94,94,225
05/11/2017,ADW,MD,AEA,EN,Towers with Radar,2,0,8,55,65,0,0,0,3,3,2,0,8,58,68,0,0,0,68
05/12/2017,ADW,MD,AEA,EN,Towers with Radar,1,0,0,78,79,0,1,4,34,39,1,1,4,112,118,0,74,74,192
05/13/2017,ADW,MD,AEA,EN,Towers with Radar,5,1,1,26,33,0,0,1,9,10,5,1,2,35,43,0,76,76,119
05/14/2017,ADW,MD,AEA,EN,Towers with Radar,0,0,1,19,20,0,2,9,11,22,0,2,10,30,42,0,38,38,80
05/15/2017,ADW,MD,AEA,EN,Towers with Radar,2,4,14,41,61,0,1,3,37,41,2,5,17,78,102,0,48,48,150
05/16/2017,ADW,MD,AEA,EN,Towers with Radar,5,0,5,75,85,0,4,8,35,47,5,4,13,110,132,0,76,76,208
05/17/2017,ADW,MD,AEA,EN,Towers with Radar,2,0,4,64,70,0,3,7,33,43,2,3,11,97,113,0,74,74,187
05/18/2017,ADW,MD,AEA,EN,Towers with Radar,2,0,17,71,90,0,0,4,32,36,2,0,21,103,126,0,30,30,156
05/19/2017,ADW,MD,AEA,EN,Towers with Radar,2,2,7,51,62,0,1,4,33,38,2,3,11,84,100,0,98,98,198
05/20/2017,ADW,MD,AEA,EN,Towers with Radar,3,0,0,34,37,0,1,9,13,23,3,1,9,47,60,0,20,20,80
05/21/2017,ADW,MD,AEA,EN,Towers with Radar,0,2,0,23,25,0,0,1,15,16,0,2,1,38,41,0,28,28,69
05/22/2017,ADW,MD,AEA,EN,Towers with Radar,0,0,4,29,33,0,0,1,12,13,0,0,5,41,46,0,24,24,70
05/23/2017,ADW,MD,AEA,EN,Towers with Radar,0,2,2,67,71,0,1,7,39,47,0,3,9,106,118,0,106,106,224
05/24/2017,ADW,MD,AEA,EN,Towers with Radar,0,1,10,54,65,0,1,5,51,57,0,2,15,105,122,0,86,86,208
05/25/2017,ADW,MD,AEA,EN,Towers with Radar,0,0,6,56,62,0,0,0,5,5,0,0,6,61,67,0,48,48,115
05/26/2017,ADW,MD,AEA,EN,Towers with Radar,0,2,0,45,47,0,0,4,16,20,0,2,4,61,67,0,22,22,89
05/27/2017,ADW,MD,AEA,EN,Towers with Radar,2,0,0,28,30,0,0,0,20,20,2,0,0,48,50,0,4,4,54
05/28/2017,ADW,MD,AEA,EN,Towers with Radar,2,0,0,26,28,0,0,0,8,8,2,0,0,34,36,0,2,2,38
05/29/2017,ADW,MD,AEA,EN,Towers with Radar,2,0,0,22,24,0,0,1,11,12,2,0,1,33,36,0,16,16,52
05/30/2017,ADW,MD,AEA,EN,Towers with Radar,3,0,2,39,44,0,0,1,5,6,3,0,3,44,50,0,14,14,64
05/31/2017,ADW,MD,AEA,EN,Towers with Radar,1,2,7,66,76,0,2,8,45,55,1,4,15,111,131,0,64,64,195
06/01/2017,ADW,MD,AEA,EN,Towers with Radar,2,0,11,74,87,0,0,8,59,67,2,0,19,133,154,0,192,192,346
06/02/2017,ADW,MD,AEA,EN,Towers with Radar,0,2,14,55,71,0,0,5,21,26,0,2,19,76,97,0,56,56,153
06/03/2017,ADW,MD,AEA,EN,Towers with Radar,0,1,2,15,18,0,0,5,11,16,0,1,7,26,34,0,0,0,34
06/04/2017,ADW,MD,AEA,EN,Towers with Radar,0,1,3,10,14,0,2,3,13,18,0,3,6,23,32,0,0,0,32
06/05/2017,ADW,MD,AEA,EN,Towers with Radar,2,5,9,46,62,0,2,4,36,42,2,7,13,82,104,0,62,62,166
06/06/2017,ADW,MD,AEA,EN,Towers with Radar,1,0,5,89,95,0,3,8,27,38,1,3,13,116,133,0,88,88,221
06/07/2017,ADW,MD,AEA,EN,Towers with Radar,0,2,11,51,64,0,6,6,35,47,0,8,17,86,111,0,30,30,141
06/08/2017,ADW,MD,AEA,EN,Towers with Radar,1,0,10,78,89,0,2,12,30,44,1,2,22,108,133,0,78,78,211
06/09/2017,ADW,MD,AEA,EN,Towers with Radar,1,0,7,75,83,0,0,3,33,36,1,0,10,108,119,0,120,120,239
06/10/2017,ADW,MD,AEA,EN,Towers with Radar,0,1,0,37,38,0,0,7,6,13,0,1,7,43,51,0,50,50,101
06/11/2017,ADW,MD,AEA,EN,Towers with Radar,3,0,0,31,34,0,1,4,13,18,3,1,4,44,52,0,12,12,64
06/12/2017,ADW,MD,AEA,EN,Towers with Radar,2,0,7,61,70,0,1,3,35,39,2,1,10,96,109,0,68,68,177
06/13/2017,ADW,MD,AEA,EN,Towers with Radar,1,1,8,116,126,0,4,8,38,50,1,5,16,154,176,0,125,125,301
06/14/2017,ADW,MD,AEA,EN,Towers with Radar,6,0,16,64,86,0,2,2,45,49,6,2,18,109,135,0,140,140,275
06/15/2017,ADW,MD,AEA,EN,Towers with Radar,3,0,4,122,129,0,2,5,29,36,3,2,9,151,165,0,78,78,243
06/16/2017,ADW,MD,AEA,EN,Towers with Radar,0,0,10,52,62,0,2,2,36,40,0,2,12,88,102,0,76,76,178
06/17/2017,ADW,MD,AEA,EN,Towers with Radar,0,0,0,11,11,0,0,2,12,14,0,0,2,23,25,0,0,0,25
06/18/2017,ADW,MD,AEA,EN,Towers with Radar,0,2,1,18,21,0,5,4,15,24,0,7,5,33,45,0,12,12,57
06/19/2017,ADW,MD,AEA,EN,Towers with Radar,3,0,8,35,46,0,1,5,39,45,3,1,13,74,91,0,65,65,156
06/20/2017,ADW,MD,AEA,EN,Towers with Radar,1,3,18,90,112,0,3,6,42,51,1,6,24,132,163,0,126,126,289
06/21/2017,ADW,MD,AEA,EN,Towers with Radar,4,0,20,72,96,0,5,5,62,72,4,5,25,134,168,0,174,174,342
06/22/2017,ADW,MD,AEA,EN,Towers with Radar,2,0,7,80,89,0,2,8,55,65,2,2,15,135,154,0,132,132,286
06/23/2017,ADW,MD,AEA,EN,Towers with Radar,2,0,5,64,71,0,2,5,33,40,2,2,10,97,111,0,44,44,155
06/24/2017,ADW,MD,AEA,EN,Towers with Radar,1,1,1,16,19,0,5,3,12,20,1,6,4,28,39,0,50,50,89
06/25/2017,ADW,MD,AEA,EN,Towers with Radar,0,1,0,18,19,0,1,3,8,12,0,2,3,26,31,0,26,26,57
06/26/2017,ADW,MD,AEA,EN,Towers with Radar,2,1,19,52,74,0,8,10,48,66,2,9,29,100,140,0,124,124,264
06/27/2017,ADW,MD,AEA,EN,Towers with Radar,2,2,5,62,71,0,5,9,53,67,2,7,14,115,138,0,24,24,162
06/28/2017,ADW,MD,AEA,EN,Towers with Radar,1,1,5,48,55,0,2,5,24,31,1,3,10,72,86,0,26,26,112
06/29/2017,ADW,MD,AEA,EN,Towers with Radar,1,1,4,58,64,0,0,4,43,47,1,1,8,101,111,0,40,40,151
06/30/2017,ADW,MD,AEA,EN,Towers with Radar,0,3,10,32,45,0,0,3,10,13,0,3,13,42,58,0,14,14,72
07/01/2017,ADW,MD,AEA,EN,Towers with Radar,3,0,0,27,30,0,7,1,13,21,3,7,1,40,51,0,12,12,63
07/02/2017,ADW,MD,AEA,EN,Towers with Radar,0,1,0,22,23,0,1,2,19,22,0,2,2,41,45,0,52,52,97
07/03/2017,ADW,MD,AEA,EN,Towers with Radar,0,0,1,21,22,0,1,3,20,24,0,1,4,41,46,0,44,44,90
07/04/2017,ADW,MD,AEA,EN,Towers with Radar,0,1,0,13,14,0,0,1,8,9,0,1,1,21,23,0,0,0,23
07/05/2017,ADW,MD,AEA,EN,Towers with Radar,0,1,9,38,48,0,6,3,25,34,0,7,12,63,82,0,84,84,166
07/06/2017,ADW,MD,AEA,EN,Towers with Radar,4,2,6,49,61,0,2,0,22,24,4,4,6,71,85,0,0,0,85
07/07/2017,ADW,MD,AEA,EN,Towers with Radar,3,2,13,44,62,0,0,3,9,12,3,2,16,53,74,0,0,0,74
07/08/2017,ADW,MD,AEA,EN,Towers with Radar,2,0,0,19,21,0,1,6,11,18,2,1,6,30,39,0,0,0,39
07/09/2017,ADW,MD,AEA,EN,Towers with Radar,2,0,0,17,19,0,0,6,8,14,2,0,6,25,33,0,6,6,39
07/10/2017,ADW,MD,AEA,EN,Towers with Radar,1,0,5,60,66,0,2,3,42,47,1,2,8,102,113,0,52,52,165
07/11/2017,ADW,MD,AEA,EN,Towers with Radar,1,0,10,88,99,0,0,5,51,56,1,0,15,139,155,0,82,82,237
07/12/2017,ADW,MD,AEA,EN,Towers with Radar,2,0,23,63,88,0,2,5,48,55,2,2,28,111,143,0,42,42,185
07/13/2017,ADW,MD,AEA,EN,Towers with Radar,2,0,19,50,71,0,4,6,31,41,2,4,25,81,112,0,0,0,112
07/14/2017,ADW,MD,AEA,EN,Towers with Radar,0,0,10,39,49,0,0,3,18,21,0,0,13,57,70,0,66,66,136
07/15/2017,ADW,MD,AEA,EN,Towers with Radar,2,0,1,16,19,0,0,5,9,14,2,0,6,25,33,0,46,46,79
07/16/2017,ADW,MD,AEA,EN,Towers with Radar,0,1,4,51,56,0,5,5,19,29,0,6,9,70,85,0,28,28,113
07/17/2017,ADW,MD,AEA,EN,Towers with Radar,0,0,14,39,53,0,2,3,28,33,0,2,17,67,86,0,38,38,124
07/18/2017,ADW,MD,AEA,EN,Towers with Radar,0,1,15,75,91,0,0,6,30,36,0,1,21,105,127,12,18,30,157
07/19/2017,ADW,MD,AEA,EN,Towers with Radar,0,2,7,43,52,0,1,10,42,53,0,3,17,85,105,4,0,4,109
07/20/2017,ADW,MD,AEA,EN,Towers with Radar,0,1,12,66,79,0,0,4,54,58,0,1,16,120,137,0,68,68,205
07/21/2017,ADW,MD,AEA,EN,Towers with Radar,1,0,5,76,82,0,0,11,28,39,1,0,16,104,121,0,18,18,139
07/22/2017,ADW,MD,AEA,EN,Towers with Radar,1,0,5,23,29,0,1,6,12,19,1,1,11,35,48,0,2,2,50
07/23/2017,ADW,MD,AEA,EN,Towers with Radar,1,0,1,18,20,0,0,3,16,19,1,0,4,34,39,0,12,12,51
07/24/2017,ADW,MD,AEA,EN,Towers with Radar,2,0,9,68,79,0,4,1,53,58,2,4,10,121,137,0,126,126,263
07/25/2017,ADW,MD,AEA,EN,Towers with Radar,0,2,6,68,76,0,4,7,44,55,0,6,13,112,131,2,74,76,207
07/26/2017,ADW,MD,AEA,EN,Towers with Radar,0,1,9,70,80,0,3,5,47,55,0,4,14,117,135,0,50,50,185
07/27/2017,ADW,MD,AEA,EN,Towers with Radar,1,0,6,95,102,0,0,8,44,52,1,0,14,139,154,0,66,66,220
07/28/2017,ADW,MD,AEA,EN,Towers with Radar,2,0,6,48,56,0,0,1,12,13,2,0,7,60,69,0,6,6,75
07/29/2017,ADW,MD,AEA,EN,Towers with Radar,3,0,2,21,26,0,0,0,7,7,3,0,2,28,33,0,28,28,61
07/30/2017,ADW,MD,AEA,EN,Towers with Radar,3,0,2,13,18,0,0,8,10,18,3,0,10,23,36,0,160,160,196
07/31/2017,ADW,MD,AEA,EN,Towers with Radar,0,1,11,47,59,0,0,11,60,71,0,1,22,107,130,0,74,74,204
08/01/2017,ADW,MD,AEA,EN,Towers with Radar,0,0,12,34,46,0,2,2,34,38,0,2,14,68,84,0,62,62,146
08/02/2017,ADW,MD,AEA,EN,Towers with Radar,0,0,17,60,77,0,2,6,45,53,0,2,23,105,130,10,70,80,210
08/03/2017,ADW,MD,AEA,EN,Towers with Radar,0,0,6,63,69,0,1,0,47,48,0,1,6,110,117,0,70,70,187
08/04/2017,ADW,MD,AEA,EN,Towers with Radar,1,0,6,63,70,0,4,10,34,48,1,4,16,97,118,0,120,120,238
08/05/2017,ADW,MD,AEA,EN,Towers with Radar,3,1,1,30,35,0,0,7,5,12,3,1,8,35,47,0,16,16,63
08/06/2017,ADW,MD,AEA,EN,Towers with Radar,1,0,0,24,25,0,0,7,12,19,1,0,7,36,44,0,20,20,64
08/07/2017,ADW,MD,AEA,EN,Towers with Radar,1,3,3,24,31,0,0,4,11,15,1,3,7,35,46,0,26,26,72
08/08/2017,ADW,MD,AEA,EN,Towers with Radar,0,0,8,98,106,0,1,2,39,42,0,1,10,137,148,0,100,100,248
08/09/2017,ADW,MD,AEA,EN,Towers with Radar,0,0,21,26,47,0,1,12,35,48,0,1,33,61,95,0,84,84,179
08/10/2017,ADW,MD,AEA,EN,Towers with Radar,1,0,9,58,68,0,0,2,43,45,1,0,11,101,113,0,0,0,113
08/11/2017,ADW,MD,AEA,EN,Towers with Radar,1,2,4,53,60,0,3,3,29,35,1,5,7,82,95,0,116,116,211
08/12/2017,ADW,MD,AEA,EN,Towers with Radar,3,0,0,20,23,0,1,0,4,5,3,1,0,24,28,0,20,20,48
08/13/2017,ADW,MD,AEA,EN,Towers with Radar,1,0,0,13,14,0,2,2,8,12,1,2,2,21,26,0,2,2,28
08/14/2017,ADW,MD,AEA,EN,Towers with Radar,0,1,16,39,56,0,7,3,41,51,0,8,19,80,107,0,150,150,257
08/15/2017,ADW,MD,AEA,EN,Towers with Radar,0,0,5,38,43,0,0,9,9,18,0,0,14,47,61,4,38,42,103
08/16/2017,ADW,MD,AEA,EN,Towers with Radar,0,1,15,37,53,0,0,7,46,53,0,1,22,83,106,14,98,112,218
08/17/2017,ADW,MD,AEA,EN,Towers with Radar,0,0,6,65,71,0,1,3,23,27,0,1,9,88,98,14,158,172,270
08/18/2017,ADW,MD,AEA,EN,Towers with Radar,0,1,2,61,64,0,0,4,21,25,0,1,6,82,89,10,56,66,155
08/19/2017,ADW,MD,AEA,EN,Towers with Radar,3,0,0,19,22,0,0,1,23,24,3,0,1,42,46,0,58,58,104
08/20/2017,ADW,MD,AEA,EN,Towers with Radar,1,0,2,19,22,0,4,1,13,18,1,4,3,32,40,0,10,10,50
08/21/2017,ADW,MD,AEA,EN,Towers with Radar,2,3,15,59,79,0,0,7,27,34,2,3,22,86,113,14,94,108,221
08/22/2017,ADW,MD,AEA,EN,Towers with Radar,1,0,10,52,63,0,1,9,30,40,1,1,19,82,103,0,146,146,249
08/23/2017,ADW,MD,AEA,EN,Towers with Radar,0,4,8,91,103,0,3,13,46,62,0,7,21,137,165,0,106,106,271
08/24/2017,ADW,MD,AEA,EN,Towers with Radar,1,0,4,50,55,0,0,3,32,35,1,0,7,82,90,0,110,110,200
08/25/2017,ADW,MD,AEA,EN,Towers with Radar,1,0,2,43,46,0,0,1,14,15,1,0,3,57,61,0,10,10,71
08/26/2017,ADW,MD,AEA,EN,Towers with Radar,1,1,5,14,21,0,0,5,6,11,1,1,10,20,32,0,0,0,32
08/27/2017,ADW,MD,AEA,EN,Towers with Radar,2,0,6,28,36,0,2,2,11,15,2,2,8,39,51,0,0,0,51
08/28/2017,ADW,MD,AEA,EN,Towers with Radar,1,0,10,53,64,0,0,7,33,40,1,0,17,86,104,0,60,60,164
08/29/2017,ADW,MD,AEA,EN,Towers with Radar,0,0,6,75,81,0,0,3,14,17,0,0,9,89,98,0,0,0,98
08/30/2017,ADW,MD,AEA,EN,Towers with Radar,0,0,7,54,61,0,0,13,54,67,0,0,20,108,128,0,29,29,157
08/31/2017,ADW,MD,AEA,EN,Towers with Radar,0,0,3,106,109,0,2,1,30,33,0,2,4,136,142,8,51,59,201
09/01/2017,ADW,MD,AEA,EN,Towers with Radar,0,0,9,28,37,0,0,13,12,25,0,0,22,40,62,0,22,22,84
09/02/2017,ADW,MD,AEA,EN,Towers with Radar,0,0,2,15,17,0,0,0,5,5,0,0,2,20,22,0,0,0,22
09/03/2017,ADW,MD,AEA,EN,Towers with Radar,0,2,0,17,19,0,0,10,5,15,0,2,10,22,34,0,0,0,34
09/04/2017,ADW,MD,AEA,EN,Towers with Radar,0,0,5,12,17,0,0,8,9,17,0,0,13,21,34,0,34,34,68
09/05/2017,ADW,MD,AEA,EN,Towers with Radar,0,0,2,44,46,0,0,7,35,42,0,0,9,79,88,0,42,42,130
09/06/2017,ADW,MD,AEA,EN,Towers with Radar,1,0,8,30,39,0,0,0,13,13,1,0,8,43,52,0,48,48,100
09/07/2017,ADW,MD,AEA,EN,Towers with Radar,1,2,5,81,89,0,0,6,56,62,1,2,11,137,151,0,140,140,291
09/08/2017,ADW,MD,AEA,EN,Towers with Radar,0,0,19,49,68,0,0,6,35,41,0,0,25,84,109,0,64,64,173
09/09/2017,ADW,MD,AEA,EN,Towers with Radar,0,1,0,35,36,0,1,4,8,13,0,2,4,43,49,0,0,0,49
09/10/2017,ADW,MD,AEA,EN,Towers with Radar,0,2,2,23,27,0,2,5,6,13,0,4,7,29,40,0,6,6,46
09/11/2017,ADW,MD,AEA,EN,Towers with Radar,0,0,18,46,64,0,1,6,30,37,0,1,24,76,101,0,80,80,181
09/12/2017,ADW,MD,AEA,EN,Towers with Radar,0,0,28,94,122,0,1,7,37,45,0,1,35,131,167,0,98,98,265
09/13/2017,ADW,MD,AEA,EN,Towers with Radar,1,2,6,54,63,0,0,10,15,25,1,2,16,69,88,0,0,0,88
09/14/2017,ADW,MD,AEA,EN,Towers with Radar,1,5,10,75,91,0,0,26,47,73,1,5,36,122,164,0,0,0,164
09/15/2017,ADW,MD,AEA,EN,Towers with Radar,0,0,3,21,24,0,5,20,95,120,0,5,23,116,144,10,0,10,154
09/16/2017,ADW,MD,AEA,EN,Towers with Radar,1,0,1,21,23,0,46,42,95,183,1,46,43,116,206,8,0,8,214
09/17/2017,ADW,MD,AEA,EN,Towers with Radar,0,1,7,20,28,0,7,89,103,199,0,8,96,123,227,0,0,0,227
09/18/2017,ADW,MD,AEA,EN,Towers with Radar,0,5,17,49,71,0,3,14,56,73,0,8,31,105,144,0,0,0,144
09/19/2017,ADW,MD,AEA,EN,Towers with Radar,1,6,12,50,69,0,5,6,32,43,1,11,18,82,112,0,62,62,174
09/20/2017,ADW,MD,AEA,EN,Towers with Radar,4,2,30,72,108,0,1,6,42,49,4,3,36,114,157,0,136,136,293
09/21/2017,ADW,MD,AEA,EN,Towers with Radar,4,1,8,85,98,0,0,0,45,45,4,1,8,130,143,0,174,174,317
09/22/2017,ADW,MD,AEA,EN,Towers with Radar,2,0,6,62,70,0,2,2,33,37,2,2,8,95,107,0,38,38,145
09/23/2017,ADW,MD,AEA,EN,Towers with Radar,1,0,3,26,30,0,0,7,10,17,1,0,10,36,47,8,66,74,121
09/24/2017,ADW,MD,AEA,EN,Towers with Radar,2,0,1,33,36,0,3,9,14,26,2,3,10,47,62,0,0,0,62
09/25/2017,ADW,MD,AEA,EN,Towers with Radar,4,2,11,75,92,0,4,2,46,52,4,6,13,121,144,0,144,144,288
09/26/2017,ADW,MD,AEA,EN,Towers with Radar,3,2,9,77,91,0,2,4,25,31,3,4,13,102,122,0,6,6,128
09/27/2017,ADW,MD,AEA,EN,Towers with Radar,0,1,14,68,83,0,3,20,43,66,0,4,34,111,149,10,42,52,201
09/28/2017,ADW,MD,AEA,EN,Towers with Radar,2,2,9,73,86,0,0,11,38,49,2,2,20,111,135,0,94,94,229
09/29/2017,ADW,MD,AEA,EN,Towers with Radar,1,0,10,39,50,0,3,4,3,10,1,3,14,42,60,0,0,0,60
09/30/2017,ADW,MD,AEA,EN,Towers with Radar,3,0,2,10,15,0,0,4,2,6,3,0,6,12,21,0,0,0,21
10/01/2017,ADW,MD,AEA,EN,Towers with Radar,0,0,2,27,29,0,3,5,17,25,0,3,7,44,54,0,8,8,62
10/02/2017,ADW,MD,AEA,EN,Towers with Radar,0,1,10,74,85,0,2,3,45,50,0,3,13,119,135,0,154,154,289
10/03/2017,ADW,MD,AEA,EN,Towers with Radar,0,0,7,98,105,0,6,6,41,53,0,6,13,139,158,0,102,102,260
10/04/2017,ADW,MD,AEA,EN,Towers with Radar,0,0,6,82,88,0,2,5,48,55,0,2,11,130,143,0,32,32,175
10/05/2017,ADW,MD,AEA,EN,Towers with Radar,0,0,12,70,82,0,1,9,56,66,0,1,21,126,148,0,84,84,232
10/06/2017,ADW,MD,AEA,EN,Towers with Radar,0,1,4,52,57,0,1,5,26,32,0,2,9,78,89,0,72,72,161
10/07/2017,ADW,MD,AEA,EN,Towers with Radar,0,0,0,38,38,0,4,5,19,28,0,4,5,57,66,0,0,0,66
10/08/2017,ADW,MD,AEA,EN,Towers with Radar,0,0,2,16,18,0,0,5,10,15,0,0,7,26,33,0,0,0,33
10/09/2017,ADW,MD,AEA,EN,Towers with Radar,0,1,2,27,30,0,1,6,10,17,0,2,8,37,47,0,24,24,71
10/10/2017,ADW,MD,AEA,EN,Towers with Radar,1,0,14,70,85,0,0,7,59,66,1,0,21,129,151,0,42,42,193
10/11/2017,ADW,MD,AEA,EN,Towers with Radar,2,1,2,44,49,0,0,2,10,12,2,1,4,54,61,0,42,42,103
10/12/2017,ADW,MD,AEA,EN,Towers with Radar,1,1,12,55,69,0,0,0,20,20,1,1,12,75,89,0,42,42,131
10/13/2017,ADW,MD,AEA,EN,Towers with Radar,0,0,12,45,57,0,0,1,12,13,0,0,13,57,70,0,48,48,118
10/14/2017,ADW,MD,AEA,EN,Towers with Radar,4,1,0,24,29,0,1,0,14,15,4,2,0,38,44,0,40,40,84
10/15/2017,ADW,MD,AEA,EN,Towers with Radar,0,1,6,26,33,0,0,1,14,15,0,1,7,40,48,0,0,0,48
10/16/2017,ADW,MD,AEA,EN,Towers with Radar,1,3,6,53,63,0,10,6,41,57,1,13,12,94,120,0,0,0,120
10/17/2017,ADW,MD,AEA,EN,Towers with Radar,0,1,10,95,106,0,0,3,44,47,0,1,13,139,153,0,126,126,279
10/18/2017,ADW,MD,AEA,EN,Towers with Radar,2,1,13,72,88,0,0,12,50,62,2,1,25,122,150,0,66,66,216
10/19/2017,ADW,MD,AEA,EN,Towers with Radar,3,1,4,70,78,0,0,5,42,47,3,1,9,112,125,0,122,122,247
10/20/2017,ADW,MD,AEA,EN,Towers with Radar,0,1,22,55,78,0,0,4,29,33,0,1,26,84,111,0,90,90,201
10/21/2017,ADW,MD,AEA,EN,Towers with Radar,3,2,2,23,30,0,0,3,21,24,3,2,5,44,54,0,0,0,54
10/22/2017,ADW,MD,AEA,EN,Towers with Radar,0,0,2,26,28,0,0,1,8,9,0,0,3,34,37,0,0,0,37
10/23/2017,ADW,MD,AEA,EN,Towers with Radar,0,4,14,55,73,0,3,5,32,40,0,7,19,87,113,0,146,146,259
10/24/2017,ADW,MD,AEA,EN,Towers with Radar,1,3,12,75,91,0,2,0,17,19,1,5,12,92,110,0,28,28,138
10/25/2017,ADW,MD,AEA,EN,Towers with Radar,2,1,8,53,64,0,1,2,50,53,2,2,10,103,117,2,124,126,243
10/26/2017,ADW,MD,AEA,EN,Towers with Radar,1,0,20,90,111,0,1,8,36,45,1,1,28,126,156,0,48,48,204
10/27/2017,ADW,MD,AEA,EN,Towers with Radar,1,1,11,62,75,0,0,1,25,26,1,1,12,87,101,2,48,50,151
10/28/2017,ADW,MD,AEA,EN,Towers with Radar,0,2,1,11,14,0,3,5,7,15,0,5,6,18,29,0,20,20,49
10/29/2017,ADW,MD,AEA,EN,Towers with Radar,4,0,0,15,19,0,0,1,4,5,4,0,1,19,24,0,0,0,24
10/30/2017,ADW,MD,AEA,EN,Towers with Radar,0,5,9,33,47,0,3,12,29,44,0,8,21,62,91,0,124,124,215
10/31/2017,ADW,MD,AEA,EN,Towers with Radar,0,1,8,48,57,0,0,8,35,43,0,1,16,83,100,0,0,0,100
11/01/2017,ADW,MD,AEA,EN,Towers with Radar,0,1,15,59,75,0,0,7,24,31,0,1,22,83,106,0,32,32,138
11/02/2017,ADW,MD,AEA,EN,Towers with Radar,3,3,6,85,97,0,1,2,30,33,3,4,8,115,130,0,84,84,214
11/03/2017,ADW,MD,AEA,EN,Towers with Radar,1,1,3,46,51,0,1,5,18,24,1,2,8,64,75,2,98,100,175
11/04/2017,ADW,MD,AEA,EN,Towers with Radar,6,0,0,33,39,0,0,2,12,14,6,0,2,45,53,0,10,10,63
11/05/2017,ADW,MD,AEA,EN,Towers with Radar,0,0,0,16,16,0,0,0,0,0,0,0,0,16,16,0,0,0,16
11/06/2017,ADW,MD,AEA,EN,Towers with Radar,2,3,6,44,55,0,1,8,32,41,2,4,14,76,96,1,114,115,211
11/07/2017,ADW,MD,AEA,EN,Towers with Radar,1,0,6,70,77,0,0,2,10,12,1,0,8,80,89,0,50,50,139
11/08/2017,ADW,MD,AEA,EN,Towers with Radar,2,2,5,46,55,0,2,4,37,43,2,4,9,83,98,2,82,84,182
11/09/2017,ADW,MD,AEA,EN,Towers with Radar,3,0,7,52,62,0,4,2,21,27,3,4,9,73,89,0,38,38,127
11/10/2017,ADW,MD,AEA,EN,Towers with Radar,2,1,6,22,31,0,0,5,7,12,2,1,11,29,43,0,0,0,43
11/11/2017,ADW,MD,AEA,EN,Towers with Radar,6,0,0,9,15,0,1,0,8,9,6,1,0,17,24,0,18,18,42
11/12/2017,ADW,MD,AEA,EN,Towers with Radar,3,3,3,24,33,0,2,6,14,22,3,5,9,38,55,0,6,6,61
11/13/2017,ADW,MD,AEA,EN,Towers with Radar,2,0,4,43,49,0,0,2,36,38,2,0,6,79,87,0,132,132,219
11/14/2017,ADW,MD,AEA,EN,Towers with Radar,1,1,4,85,91,0,4,5,46,55,1,5,9,131,146,0,94,94,240
11/15/2017,ADW,MD,AEA,EN,Towers with Radar,2,1,7,72,82,0,1,4,56,61,2,2,11,128,143,2,106,108,251
11/16/2017,ADW,MD,AEA,EN,Towers with Radar,0,1,4,81,86,0,1,2,48,51,0,2,6,129,137,0,106,106,243
11/17/2017,ADW,MD,AEA,EN,Towers with Radar,0,0,5,46,51,0,0,4,32,36,0,0,9,78,87,0,88,88,175
11/18/2017,ADW,MD,AEA,EN,Towers with Radar,4,1,1,18,24,0,0,4,13,17,4,1,5,31,41,0,18,18,59
11/19/2017,ADW,MD,AEA,EN,Towers with Radar,0,1,3,15,19,0,2,2,13,17,0,3,5,28,36,0,12,12,48
11/20/2017,ADW,MD,AEA,EN,Towers with Radar,0,0,7,53,60,0,0,6,44,50,0,0,13,97,110,0,100,100,210
11/21/2017,ADW,MD,AEA,EN,Towers with Radar,0,0,6,115,121,0,0,8,41,49,0,0,14,156,170,0,142,142,312
11/22/2017,ADW,MD,AEA,EN,Towers with Radar,0,0,2,30,32,0,0,2,23,25,0,0,4,53,57,0,62,62,119
11/23/2017,ADW,MD,AEA,EN,Towers with Radar,0,1,0,4,5,0,0,4,6,10,0,1,4,10,15,0,24,24,39
11/24/2017,ADW,MD,AEA,EN,Towers with Radar,0,1,3,10,14,0,2,2,11,15,0,3,5,21,29,0,56,56,85
11/25/2017,ADW,MD,AEA,EN,Towers with Radar,0,1,0,11,12,0,1,8,16,25,0,2,8,27,37,2,6,8,45
11/26/2017,ADW,MD,AEA,EN,Towers with Radar,1,2,1,15,19,0,0,4,16,20,1,2,5,31,39,6,2,8,47
11/27/2017,ADW,MD,AEA,EN,Towers with Radar,2,3,9,63,77,0,1,4,36,41,2,4,13,99,118,0,136,136,254
11/28/2017,ADW,MD,AEA,EN,Towers with Radar,1,2,13,69,85,0,4,10,52,66,1,6,23,121,151,2,68,70,221
11/29/2017,ADW,MD,AEA,EN,Towers with Radar,0,2,8,59,69,0,5,6,33,44,0,7,14,92,113,0,86,86,199
11/30/2017,ADW,MD,AEA,EN,Towers with Radar,5,1,20,71,97,0,0,2,45,47,5,1,22,116,144,0,150,150,294
12/01/2017,ADW,MD,AEA,EN,Towers with Radar,0,2,1,46,49,0,2,2,35,39,0,4,3,81,88,19,131,150,238
12/02/2017,ADW,MD,AEA,EN,Towers with Radar,2,1,2,19,24,0,8,0,10,18,2,9,2,29,42,0,38,38,80
12/03/2017,ADW,MD,AEA,EN,Towers with Radar,1,0,2,20,23,0,2,4,2,8,1,2,6,22,31,0,0,0,31
12/04/2017,ADW,MD,AEA,EN,Towers with Radar,0,0,11,36,47,0,3,7,48,58,0,3,18,84,105,2,102,104,209
12/05/2017,ADW,MD,AEA,EN,Towers with Radar,0,1,8,65,74,0,3,0,28,31,0,4,8,93,105,0,0,0,105
12/06/2017,ADW,MD,AEA,EN,Towers with Radar,0,0,8,47,55,0,0,9,55,64,0,0,17,102,119,0,110,110,229
12/07/2017,ADW,MD,AEA,EN,Towers with Radar,0,0,8,61,69,0,0,12,33,45,0,0,20,94,114,0,72,72,186
12/08/2017,ADW,MD,AEA,EN,Towers with Radar,0,1,4,37,42,0,4,1,27,32,0,5,5,64,74,0,80,80,154
12/09/2017,ADW,MD,AEA,EN,Towers with Radar,2,0,0,19,21,0,0,1,0,1,2,0,1,19,22,0,0,0,22
12/10/2017,ADW,MD,AEA,EN,Towers with Radar,3,0,1,17,21,0,4,2,13,19,3,4,3,30,40,0,0,0,40
12/11/2017,ADW,MD,AEA,EN,Towers with Radar,0,1,13,39,53,0,3,10,57,70,0,4,23,96,123,2,104,106,229
12/12/2017,ADW,MD,AEA,EN,Towers with Radar,2,0,4,28,34,0,0,1,41,42,2,0,5,69,76,0,68,68,144
12/13/2017,ADW,MD,AEA,EN,Towers with Radar,0,0,14,36,50,0,0,2,47,49,0,0,16,83,99,0,78,78,177
12/14/2017,ADW,MD,AEA,EN,Towers with Radar,0,0,13,57,70,0,2,4,42,48,0,2,17,99,118,0,134,134,252
12/15/2017,ADW,MD,AEA,EN,Towers with Radar,2,0,2,31,35,0,0,4,24,28,2,0,6,55,63,0,10,10,73
12/16/2017,ADW,MD,AEA,EN,Towers with Radar,0,0,0,20,20,0,0,2,13,15,0,0,2,33,35,12,0,12,47
12/17/2017,ADW,MD,AEA,EN,Towers with Radar,0,0,1,11,12,0,0,0,7,7,0,0,1,18,19,0,12,12,31
12/18/2017,ADW,MD,AEA,EN,Towers with Radar,0,2,36,49,87,0,0,0,36,36,0,2,36,85,123,0,66,66,189
12/19/2017,ADW,MD,AEA,EN,Towers with Radar,1,0,8,85,94,0,0,5,39,44,1,0,13,124,138,0,180,180,318
12/20/2017,ADW,MD,AEA,EN,Towers with Radar,1,0,1,63,65,0,0,5,43,48,1,0,6,106,113,0,104,104,217
12/21/2017,ADW,MD,AEA,EN,Towers with Radar,2,0,6,76,84,0,2,3,38,43,2,2,9,114,127,0,164,164,291
12/22/2017,ADW,MD,AEA,EN,Towers with Radar,0,1,2,26,29,0,0,3,26,29,0,1,5,52,58,0,10,10,68
12/23/2017,ADW,MD,AEA,EN,Towers with Radar,0,0,1,10,11,0,0,3,14,17,0,0,4,24,28,0,12,12,40
12/24/2017,ADW,MD,AEA,EN,Towers with Radar,0,0,1,10,11,0,0,3,10,13,0,0,4,20,24,0,46,46,70
12/25/2017,ADW,MD,AEA,EN,Towers with Radar,0,0,0,4,4,0,1,5,0,6,0,1,5,4,10,0,0,0,10
12/26/2017,ADW,MD,AEA,EN,Towers with Radar,0,0,1,16,17,0,0,9,9,18,0,0,10,25,35,0,46,46,81
12/27/2017,ADW,MD,AEA,EN,Towers with Radar,0,1,4,32,37,0,0,1,7,8,0,1,5,39,45,0,0,0,45
12/28/2017,ADW,MD,AEA,EN,Towers with Radar,0,0,0,34,34,0,0,2,16,18,0,0,2,50,52,0,40,40,92
12/29/2017,ADW,MD,AEA,EN,Towers with Radar,0,0,1,15,16,0,1,11,13,25,0,1,12,28,41,0,34,34,75
12/30/2017,ADW,MD,AEA,EN,Towers with Radar,0,0,0,10,10,0,0,1,8,9,0,0,1,18,19,0,8,8,27
12/31/2017,ADW,MD,AEA,EN,Towers with Radar,0,0,3,2,5,0,0,2,6,8,0,0,5,8,13,0,0,0,13
01/01/2018,ADW,MD,AEA,EN,Towers with Radar,0,0,0,16,16,0,6,0,9,15,0,6,0,25,31,0,0,0,31
01/02/2018,ADW,MD,AEA,EN,Towers with Radar,0,0,2,32,34,0,2,5,30,37,0,2,7,62,71,0,44,44,115
01/03/2018,ADW,MD,AEA,EN,Towers with Radar,0,0,2,57,59,0,0,8,44,52,0,0,10,101,111,0,168,168,279
01/04/2018,ADW,MD,AEA,EN,Towers with Radar,1,0,0,8,9,0,0,1,10,11,1,0,1,18,20,0,6,6,26
01/05/2018,ADW,MD,AEA,EN,Towers with Radar,4,0,2,23,29,0,0,4,22,26,4,0,6,45,55,0,22,22,77
01/06/2018,ADW,MD,AEA,EN,Towers with Radar,1,0,2,22,25,0,0,2,8,10,1,0,4,30,35,0,4,4,39
01/07/2018,ADW,MD,AEA,EN,Towers with Radar,0,0,3,24,27,0,0,4,16,20,0,0,7,40,47,0,0,0,47
01/08/2018,ADW,MD,AEA,EN,Towers with Radar,0,0,3,31,34,0,2,2,25,29,0,2,5,56,63,0,50,50,113
01/09/2018,ADW,MD,AEA,EN,Towers with Radar,2,1,5,71,79,0,1,15,39,55,2,2,20,110,134,0,142,142,276
01/10/2018,ADW,MD,AEA,EN,Towers with Radar,0,1,7,63,71,0,0,1,63,64,0,1,8,126,135,0,38,38,173
01/11/2018,ADW,MD,AEA,EN,Towers with Radar,0,1,15,70,86,0,0,4,39,43,0,1,19,109,129,0,86,86,215
01/12/2018,ADW,MD,AEA,EN,Towers with Radar,0,0,4,46,50,0,0,1,4,5,0,0,5,50,55,0,0,0,55
01/13/2018,ADW,MD,AEA,EN,Towers with Radar,2,0,1,19,22,0,0,3,10,13,2,0,4,29,35,2,12,14,49
01/14/2018,ADW,MD,AEA,EN,Towers with Radar,3,0,3,13,19,0,0,1,11,12,3,0,4,24,31,0,22,22,53
01/15/2018,ADW,MD,AEA,EN,Towers with Radar,2,1,4,13,20,0,3,5,19,27,2,4,9,32,47,2,54,56,103
01/16/2018,ADW,MD,AEA,EN,Towers with Radar,4,0,11,48,63,0,2,2,47,51,4,2,13,95,114,0,140,140,254
01/17/2018,ADW,MD,AEA,EN,Towers with Radar,6,1,9,29,45,0,0,7,36,43,6,1,16,65,88,0,112,112,200
01/18/2018,ADW,MD,AEA,EN,Towers with Radar,0,0,21,52,73,0,2,8,51,61,0,2,29,103,134,0,78,78,212
01/19/2018,ADW,MD,AEA,EN,Towers with Radar,1,3,8,45,57,0,0,4,26,30,1,3,12,71,87,0,36,36,123
01/20/2018,ADW,MD,AEA,EN,Towers with Radar,0,1,0,25,26,0,2,4,22,28,0,3,4,47,54,0,48,48,102
01/21/2018,ADW,MD,AEA,EN,Towers with Radar,0,0,1,35,36,0,2,0,18,20,0,2,1,53,56,0,92,92,148
01/22/2018,ADW,MD,AEA,EN,Towers with Radar,0,1,4,46,51,0,0,9,50,59,0,1,13,96,110,2,160,162,272
01/23/2018,ADW,MD,AEA,EN,Towers with Radar,0,1,5,53,59,0,0,2,36,38,0,1,7,89,97,0,80,80,177
01/24/2018,ADW,MD,AEA,EN,Towers with Radar,1,0,8,64,73,0,0,7,22,29,1,0,15,86,102,0,38,38,140
01/25/2018,ADW,MD,AEA,EN,Towers with Radar,0,0,17,64,81,0,0,9,42,51,0,0,26,106,132,0,108,108,240
01/26/2018,ADW,MD,AEA,EN,Towers with Radar,1,0,4,48,53,0,0,7,30,37,1,0,11,78,90,0,76,76,166
01/27/2018,ADW,MD,AEA,EN,Towers with Radar,1,0,3,28,32,0,0,8,15,23,1,0,11,43,55,0,8,8,63
01/28/2018,ADW,MD,AEA,EN,Towers with Radar,1,0,0,16,17,0,0,1,2,3,1,0,1,18,20,0,0,0,20
01/29/2018,ADW,MD,AEA,EN,Towers with Radar,0,0,18,48,66,0,0,9,14,23,0,0,27,62,89,0,40,40,129
01/30/2018,ADW,MD,AEA,EN,Towers with Radar,0,1,6,38,45,0,2,0,2,4,0,3,6,40,49,0,40,40,89
01/31/2018,ADW,MD,AEA,EN,Towers with Radar,2,1,6,49,58,0,0,3,49,52,2,1,9,98,110,2,76,78,188
02/01/2018,ADW,MD,AEA,EN,Towers with Radar,0,1,16,81,98,0,1,2,32,35,0,2,18,113,133,0,58,58,191
02/02/2018,ADW,MD,AEA,EN,Towers with Radar,0,0,5,49,54,0,6,2,35,43,0,6,7,84,97,0,46,46,143
02/03/2018,ADW,MD,AEA,EN,Towers with Radar,4,0,1,20,25,0,0,1,6,7,4,0,2,26,32,0,70,70,102
02/04/2018,ADW,MD,AEA,EN,Towers with Radar,0,0,0,12,12,0,0,0,0,0,0,0,0,12,12,0,0,0,12
02/05/2018,ADW,MD,AEA,EN,Towers with Radar,2,0,7,46,55,0,0,3,59,62,2,0,10,105,117,0,126,126,243
02/06/2018,ADW,MD,AEA,EN,Towers with Radar,0,0,12,69,81,0,0,5,48,53,0,0,17,117,134,0,160,160,294
02/07/2018,ADW,MD,AEA,EN,Towers with Radar,0,0,0,31,31,0,0,0,2,2,0,0,0,33,33,0,0,0,33
02/08/2018,ADW,MD,AEA,EN,Towers with Radar,0,0,11,73,84,0,0,4,43,47,0,0,15,116,131,0,114,114,245
02/09/2018,ADW,MD,AEA,EN,Towers with Radar,2,0,20,58,80,0,0,11,11,22,2,0,31,69,102,0,48,48,150
02/10/2018,ADW,MD,AEA,EN,Towers with Radar,2,0,0,24,26,0,0,0,6,6,2,0,0,30,32,0,0,0,32
02/11/2018,ADW,MD,AEA,EN,Towers with Radar,2,0,0,16,18,0,2,4,2,8,2,2,4,18,26,0,0,0,26
02/12/2018,ADW,MD,AEA,EN,Towers with Radar,12,0,18,50,80,0,0,13,44,57,12,0,31,94,137,0,92,92,229
02/13/2018,ADW,MD,AEA,EN,Towers with Radar,0,0,4,70,74,0,1,3,39,43,0,1,7,109,117,0,162,162,279
02/14/2018,ADW,MD,AEA,EN,Towers with Radar,1,0,4,70,75,0,2,11,55,68,1,2,15,125,143,0,132,132,275
02/15/2018,ADW,MD,AEA,EN,Towers with Radar,2,0,12,87,101,0,2,5,43,50,2,2,17,130,151,0,88,88,239
02/16/2018,ADW,MD,AEA,EN,Towers with Radar,1,0,3,79,83,0,0,4,36,40,1,0,7,115,123,0,96,96,219
02/17/2018,ADW,MD,AEA,EN,Towers with Radar,2,0,1,19,22,0,0,1,4,5,2,0,2,23,27,0,4,4,31
02/18/2018,ADW,MD,AEA,EN,Towers with Radar,1,0,0,25,26,0,2,4,10,16,1,2,4,35,42,0,4,4,46
02/19/2018,ADW,MD,AEA,EN,Towers with Radar,1,0,2,22,25,0,0,0,8,8,1,0,2,30,33,0,16,16,49
02/20/2018,ADW,MD,AEA,EN,Towers with Radar,1,1,3,46,51,0,0,4,44,48,1,1,7,90,99,0,122,122,221
02/21/2018,ADW,MD,AEA,EN,Towers with Radar,4,4,5,60,73,0,2,10,35,47,4,6,15,95,120,0,84,84,204
02/22/2018,ADW,MD,AEA,EN,Towers with Radar,0,0,11,30,41,0,0,6,30,36,0,0,17,60,77,0,68,68,145
02/23/2018,ADW,MD,AEA,EN,Towers with Radar,0,0,6,30,36,0,0,0,3,3,0,0,6,33,39,0,0,0,39
02/24/2018,ADW,MD,AEA,EN,Towers with Radar,7,0,5,8,20,0,0,0,0,0,7,0,5,8,20,0,0,0,20
02/25/2018,ADW,MD,AEA,EN,Towers with Radar,2,0,2,29,33,0,0,0,0,0,2,0,2,29,33,0,0,0,33
02/26/2018,ADW,MD,AEA,EN,Towers with Radar,0,0,15,40,55,0,0,5,47,52,0,0,20,87,107,0,200,200,307
02/27/2018,ADW,MD,AEA,EN,Towers with Radar,0,1,20,44,65,0,4,5,57,66,0,5,25,101,131,0,74,74,205
02/28/2018,ADW,MD,AEA,EN,Towers with Radar,0,1,9,44,54,0,0,10,52,62,0,1,19,96,116,0,86,86,202
03/01/2018,ADW,MD,AEA,EN,Towers with Radar,0,2,9,54,65,0,0,2,29,31,0,2,11,83,96,0,108,108,204
03/02/2018,ADW,MD,AEA,EN,Towers with Radar,0,0,0,4,4,0,0,0,0,0,0,0,0,4,4,0,0,0,4
03/03/2018,ADW,MD,AEA,EN,Towers with Radar,3,0,7,22,32,0,0,5,13,18,3,0,12,35,50,0,12,12,62
03/04/2018,ADW,MD,AEA,EN,Towers with Radar,1,4,6,33,44,0,0,3,8,11,1,4,9,41,55,0,26,26,81
03/05/2018,ADW,MD,AEA,EN,Towers with Radar,3,0,4,34,41,0,2,7,36,45,3,2,11,70,86,0,58,58,144
03/06/2018,ADW,MD,AEA,EN,Towers with Radar,1,0,3,55,59,0,0,4,31,35,1,0,7,86,94,0,86,86,180
03/07/2018,ADW,MD,AEA,EN,Towers with Radar,1,0,8,43,52,0,1,2,24,27,1,1,10,67,79,0,46,46,125
03/08/2018,ADW,MD,AEA,EN,Towers with Radar,2,0,3,52,57,0,0,7,41,48,2,0,10,93,105,0,62,62,167
03/09/2018,ADW,MD,AEA,EN,Towers with Radar,0,0,2,48,50,0,0,6,32,38,0,0,8,80,88,0,68,68,156
03/10/2018,ADW,MD,AEA,EN,Towers with Radar,0,0,2,36,38,0,3,9,20,32,0,3,11,56,70,0,32,32,102
03/11/2018,ADW,MD,AEA,EN,Towers with Radar,0,1,2,25,28,0,1,4,18,23,0,2,6,43,51,0,28,28,79
03/12/2018,ADW,MD,AEA,EN,Towers with Radar,2,2,10,37,51,0,5,6,51,62,2,7,16,88,113,0,78,78,191
03/13/2018,ADW,MD,AEA,EN,Towers with Radar,0,0,4,62,66,0,0,2,37,39,0,0,6,99,105,0,202,202,307
03/14/2018,ADW,MD,AEA,EN,Towers with Radar,0,0,6,43,49,0,2,4,20,26,0,2,10,63,75,0,36,36,111
03/15/2018,ADW,MD,AEA,EN,Towers with Radar,4,1,16,78,99,0,2,13,34,49,4,3,29,112,148,0,91,91,239
03/16/2018,ADW,MD,AEA,EN,Towers with Radar,0,0,4,43,47,0,0,0,45,45,0,0,4,88,92,0,84,84,176
03/17/2018,ADW,MD,AEA,EN,Towers with Radar,0,0,0,16,16,0,0,10,17,27,0,0,10,33,43,0,12,12,55
03/18/2018,ADW,MD,AEA,EN,Towers with Radar,1,1,0,27,29,0,0,3,24,27,1,1,3,51,56,0,30,30,86
03/19/2018,ADW,MD,AEA,EN,Towers with Radar,3,7,8,67,85,0,12,4,54,70,3,19,12,121,155,10,182,192,347
03/20/2018,ADW,MD,AEA,EN,Towers with Radar,5,0,8,18,31,0,0,0,0,0,5,0,8,18,31,0,0,0,31
03/21/2018,ADW,MD,AEA,EN,Towers with Radar,2,0,2,8,12,0,0,0,0,0,2,0,2,8,12,0,0,0,12
03/22/2018,ADW,MD,AEA,EN,Towers with Radar,2,2,25,35,64,0,0,4,56,60,2,2,29,91,124,0,104,104,228
03/23/2018,ADW,MD,AEA,EN,Towers with Radar,4,1,2,54,61,0,5,10,31,46,4,6,12,85,107,2,66,68,175
03/24/2018,ADW,MD,AEA,EN,Towers with Radar,1,1,0,17,19,0,0,6,8,14,1,1,6,25,33,0,2,2,35
03/25/2018,ADW,MD,AEA,EN,Towers with Radar,0,0,2,30,32,0,4,0,26,30,0,4,2,56,62,2,48,50,112
03/26/2018,ADW,MD,AEA,EN,Towers with Radar,0,3,11,24,38,0,5,8,26,39,0,8,19,50,77,0,84,84,161
03/27/2018,ADW,MD,AEA,EN,Towers with Radar,2,2,12,73,89,0,1,12,48,61,2,3,24,121,150,0,104,104,254
03/28/2018,ADW,MD,AEA,EN,Towers with Radar,0,0,12,44,56,0,0,10,40,50,0,0,22,84,106,6,104,110,216
03/29/2018,ADW,MD,AEA,EN,Towers with Radar,0,0,6,39,45,0,1,0,42,43,0,1,6,81,88,2,94,96,184
03/30/2018,ADW,MD,AEA,EN,Towers with Radar,0,0,4,31,35,0,0,4,14,18,0,0,8,45,53,0,56,56,109
03/31/2018,ADW,MD,AEA,EN,Towers with Radar,0,0,1,5,6,0,0,3,10,13,0,0,4,15,19,0,24,24,43
04/01/2018,ADW,MD,AEA,EN,Towers with Radar,0,0,0,16,16,0,2,0,9,11,0,2,0,25,27,0,10,10,37
04/02/2018,ADW,MD,AEA,EN,Towers with Radar,0,0,11,35,46,0,3,4,36,43,0,3,15,71,89,0,64,64,153
04/03/2018,ADW,MD,AEA,EN,Towers with Radar,0,0,7,46,53,0,0,4,36,40,0,0,11,82,93,4,84,88,181
04/04/2018,ADW,MD,AEA,EN,Towers with Radar,0,0,21,28,49,0,0,4,20,24,0,0,25,48,73,0,42,42,115
04/05/2018,ADW,MD,AEA,EN,Towers with Radar,0,0,7,52,59,0,1,2,40,43,0,1,9,92,102,0,34,34,136
04/06/2018,ADW,MD,AEA,EN,Towers with Radar,0,0,2,36,38,0,0,3,11,14,0,0,5,47,52,0,84,84,136
04/07/2018,ADW,MD,AEA,EN,Towers with Radar,2,0,0,16,18,0,1,5,10,16,2,1,5,26,34,0,46,46,80
04/08/2018,ADW,MD,AEA,EN,Towers with Radar,3,2,0,23,28,0,0,3,9,12,3,2,3,32,40,0,16,16,56
04/09/2018,ADW,MD,AEA,EN,Towers with Radar,0,0,12,29,41,0,0,1,47,48,0,0,13,76,89,0,144,144,233
04/10/2018,ADW,MD,AEA,EN,Towers with Radar,0,0,20,80,100,0,2,6,37,45,0,2,26,117,145,0,126,126,271
04/11/2018,ADW,MD,AEA,EN,Towers with Radar,0,0,12,43,55,0,0,4,28,32,0,0,16,71,87,0,128,128,215
04/12/2018,ADW,MD,AEA,EN,Towers with Radar,0,2,22,51,75,0,0,4,48,52,0,2,26,99,127,0,166,166,293
04/13/2018,ADW,MD,AEA,EN,Towers with Radar,3,0,12,42,57,0,1,13,20,34,3,1,25,62,91,0,46,46,137
04/14/2018,ADW,MD,AEA,EN,Towers with Radar,2,4,2,24,32,0,0,10,25,35,2,4,12,49,67,0,0,0,67
04/15/2018,ADW,MD,AEA,EN,Towers with Radar,1,0,0,33,34,0,0,2,2,4,1,0,2,35,38,0,0,0,38
04/16/2018,ADW,MD,AEA,EN,Towers with Radar,1,0,8,42,51,0,0,0,45,45,1,0,8,87,96,0,164,164,260
04/17/2018,ADW,MD,AEA,EN,Towers with Radar,2,0,10,46,58,0,0,1,31,32,2,0,11,77,90,0,110,110,200
04/18/2018,ADW,MD,AEA,EN,Towers with Radar,2,2,8,65,77,0,2,5,39,46,2,4,13,104,123,0,90,90,213
04/19/2018,ADW,MD,AEA,EN,Towers with Radar,2,1,7,47,57,0,0,4,20,24,2,1,11,67,81,0,82,82,163
04/20/2018,ADW,MD,AEA,EN,Towers with Radar,2,0,3,48,53,0,0,3,25,28,2,0,6,73,81,0,140,140,221
04/21/2018,ADW,MD,AEA,EN,Towers with Radar,2,0,4,12,18,0,0,3,2,5,2,0,7,14,23,0,0,0,23
04/22/2018,ADW,MD,AEA,EN,Towers with Radar,1,1,4,21,27,0,0,5,10,15,1,1,9,31,42,0,28,28,70
04/23/2018,ADW,MD,AEA,EN,Towers with Radar,1,0,17,38,56,0,0,8,30,38,1,0,25,68,94,6,124,130,224
04/24/2018,ADW,MD,AEA,EN,Towers with Radar,0,0,11,48,59,0,0,4,30,34,0,0,15,78,93,0,110,110,203
04/25/2018,ADW,MD,AEA,EN,Towers with Radar,2,0,0,37,39,0,0,0,17,17,2,0,0,54,56,0,0,0,56
04/26/2018,ADW,MD,AEA,EN,Towers with Radar,0,0,8,60,68,0,6,7,43,56,0,6,15,103,124,0,94,94,218
04/27/2018,ADW,MD,AEA,EN,Towers with Radar,3,0,6,30,39,0,1,2,1,4,3,1,8,31,43,0,94,94,137
04/28/2018,ADW,MD,AEA,EN,Towers with Radar,1,0,1,14,16,0,5,7,24,36,1,5,8,38,52,0,14,14,66
04/29/2018,ADW,MD,AEA,EN,Towers with Radar,0,1,0,13,14,0,2,5,8,15,0,3,5,21,29,0,10,10,39
04/30/2018,ADW,MD,AEA,EN,Towers with Radar,2,1,7,68,78,0,1,10,43,54,2,2,17,111,132,0,52,52,184
05/01/2018,ADW,MD,AEA,EN,Towers with Radar,2,1,11,47,61,0,0,19,22,41,2,1,30,69,102,0,74,74,176
05/02/2018,ADW,MD,AEA,EN,Towers with Radar,0,0,9,47,56,0,0,7,44,51,0,0,16,91,107,0,80,80,187
05/03/2018,ADW,MD,AEA,EN,Towers with Radar,1,2,6,55,64,0,7,7,42,56,1,9,13,97,120,0,102,102,222
05/04/2018,ADW,MD,AEA,EN,Towers with Radar,0,0,4,55,59,0,0,6,47,53,0,0,10,102,112,0,42,42,154
05/05/2018,ADW,MD,AEA,EN,Towers with Radar,3,0,0,28,31,0,0,7,16,23,3,0,7,44,54,0,0,0,54
05/06/2018,ADW,MD,AEA,EN,Towers with Radar,1,0,0,29,30,0,0,7,8,15,1,0,7,37,45,0,0,0,45
05/07/2018,ADW,MD,AEA,EN,Towers with Radar,2,0,6,42,50,0,0,2,25,27,2,0,8,67,77,0,66,66,143
05/08/2018,ADW,MD,AEA,EN,Towers with Radar,0,0,4,53,57,0,0,6,70,76,0,0,10,123,133,0,78,78,211
05/09/2018,ADW,MD,AEA,EN,Towers with Radar,0,0,19,66,85,0,0,9,44,53,0,0,28,110,138,0,148,148,286
05/10/2018,ADW,MD,AEA,EN,Towers with Radar,2,0,0,69,71,0,0,14,56,70,2,0,14,125,141,0,158,158,299
05/11/2018,ADW,MD,AEA,EN,Towers with Radar,0,0,14,49,63,0,0,6,25,31,0,0,20,74,94,0,58,58,152
05/12/2018,ADW,MD,AEA,EN,Towers with Radar,2,1,1,34,38,0,0,7,10,17,2,1,8,44,55,0,14,14,69
05/13/2018,ADW,MD,AEA,EN,Towers with Radar,0,0,0,12,12,0,0,1,0,1,0,0,1,12,13,0,14,14,27
05/14/2018,ADW,MD,AEA,EN,Towers with Radar,0,0,7,44,51,0,0,2,20,22,0,0,9,64,73,0,42,42,115
05/15/2018,ADW,MD,AEA,EN,Towers with Radar,1,1,6,38,46,0,2,9,39,50,1,3,15,77,96,0,160,160,256
05/16/2018,ADW,MD,AEA,EN,Towers with Radar,6,0,18,54,78,0,0,2,13,15,6,0,20,67,93,0,184,184,277
05/17/2018,ADW,MD,AEA,EN,Towers with Radar,3,1,8,42,54,0,0,0,1,1,3,1,8,43,55,0,0,0,55
05/18/2018,ADW,MD,AEA,EN,Towers with Radar,0,0,5,37,42,0,0,0,0,0,0,0,5,37,42,0,0,0,42
05/19/2018,ADW,MD,AEA,EN,Towers with Radar,0,0,4,11,15,0,0,0,0,0,0,0,4,11,15,0,0,0,15
05/20/2018,ADW,MD,AEA,EN,Towers with Radar,0,0,0,13,13,0,0,7,7,14,0,0,7,20,27,0,2,2,29
05/21/2018,ADW,MD,AEA,EN,Towers with Radar,1,0,1,35,37,0,0,7,15,22,1,0,8,50,59,0,36,36,95
05/22/2018,ADW,MD,AEA,EN,Towers with Radar,1,0,2,59,62,0,0,2,59,61,1,0,4,118,123,0,112,112,235
05/23/2018,ADW,MD,AEA,EN,Towers with Radar,2,1,5,47,55,0,0,9,75,84,2,1,14,122,139,2,56,58,197
05/24/2018,ADW,MD,AEA,EN,Towers with Radar,0,0,5,98,103,0,0,10,74,84,0,0,15,172,187,0,136,136,323
05/25/2018,ADW,MD,AEA,EN,Towers with Radar,0,0,2,29,31,0,0,6,18,24,0,0,8,47,55,0,4,4,59
05/26/2018,ADW,MD,AEA,EN,Towers with Radar,0,0,0,8,8,0,0,5,7,12,0,0,5,15,20,0,10,10,30
05/27/2018,ADW,MD,AEA,EN,Towers with Radar,0,0,0,10,10,0,0,6,4,10,0,0,6,14,20,0,0,0,20
05/28/2018,ADW,MD,AEA,EN,Towers with Radar,2,0,0,17,19,0,0,0,6,6,2,0,0,23,25,0,0,0,25
05/29/2018,ADW,MD,AEA,EN,Towers with Radar,0,1,8,64,73,0,2,6,40,48,0,3,14,104,121,0,92,92,213
05/30/2018,ADW,MD,AEA,EN,Towers with Radar,0,2,18,89,109,0,0,5,8,13,0,2,23,97,122,0,38,38,160
05/31/2018,ADW,MD,AEA,EN,Towers with Radar,0,0,2,54,56,0,0,4,18,22,0,0,6,72,78,0,72,72,150
06/01/2018,ADW,MD,AEA,EN,Towers with Radar,0,0,10,76,86,0,0,5,20,25,0,0,15,96,111,0,132,132,243
06/02/2018,ADW,MD,AEA,EN,Towers with Radar,0,1,3,10,14,0,0,2,10,12,0,1,5,20,26,0,0,0,26
06/03/2018,ADW,MD,AEA,EN,Towers with Radar,0,0,3,16,19,0,0,0,0,0,0,0,3,16,19,0,0,0,19
06/04/2018,ADW,MD,AEA,EN,Towers with Radar,4,1,13,49,67,0,2,8,34,44,4,3,21,83,111,0,114,114,225
06/05/2018,ADW,MD,AEA,EN,Towers with Radar,0,1,5,73,79,0,1,7,49,57,0,2,12,122,136,0,104,104,240
06/06/2018,ADW,MD,AEA,EN,Towers with Radar,0,3,5,69,77,0,0,6,53,59,0,3,11,122,136,0,140,140,276
06/07/2018,ADW,MD,AEA,EN,Towers with Radar,2,0,5,84,91,0,2,12,49,63,2,2,17,133,154,2,132,134,288
06/08/2018,ADW,MD,AEA,EN,Towers with Radar,2,0,4,80,86,0,0,8,21,29,2,0,12,101,115,0,62,62,177
06/09/2018,ADW,MD,AEA,EN,Towers with Radar,0,3,2,23,28,0,0,4,4,8,0,3,6,27,36,0,44,44,80
06/10/2018,ADW,MD,AEA,EN,Towers with Radar,0,0,0,36,36,0,3,1,7,11,0,3,1,43,47,0,26,26,73
06/11/2018,ADW,MD,AEA,EN,Towers with Radar,2,0,6,47,55,0,0,10,26,36,2,0,16,73,91,0,46,46,137
06/12/2018,ADW,MD,AEA,EN,Towers with Radar,0,1,26,91,118,0,2,13,43,58,0,3,39,134,176,0,134,134,310
06/13/2018,ADW,MD,AEA,EN,Towers with Radar,2,0,10,57,69,0,0,8,38,46,2,0,18,95,115,0,140,140,255
06/14/2018,ADW,MD,AEA,EN,Towers with Radar,0,0,10,93,103,0,2,35,49,86,0,2,45,142,189,0,109,109,298
06/15/2018,ADW,MD,AEA,EN,Towers with Radar,0,1,5,68,74,0,1,9,31,41,0,2,14,99,115,0,68,68,183
06/16/2018,ADW,MD,AEA,EN,Towers with Radar,2,0,0,10,12,0,0,6,8,14,2,0,6,18,26,0,0,0,26
06/17/2018,ADW,MD,AEA,EN,Towers with Radar,0,0,0,22,22,0,2,5,12,19,0,2,5,34,41,0,0,0,41
06/18/2018,ADW,MD,AEA,EN,Towers with Radar,4,2,19,43,68,0,1,13,52,66,4,3,32,95,134,0,50,50,184
06/19/2018,ADW,MD,AEA,EN,Towers with Radar,2,2,16,60,80,0,3,4,41,48,2,5,20,101,128,0,82,82,210
06/20/2018,ADW,MD,AEA,EN,Towers with Radar,1,2,3,55,61,0,0,8,36,44,1,2,11,91,105,0,116,116,221
06/21/2018,ADW,MD,AEA,EN,Towers with Radar,1,3,32,50,86,0,2,10,40,52,1,5,42,90,138,0,0,0,138
06/22/2018,ADW,MD,AEA,EN,Towers with Radar,4,2,4,31,41,0,0,0,12,12,4,2,4,43,53,0,0,0,53
06/23/2018,ADW,MD,AEA,EN,Towers with Radar,0,0,1,29,30,0,3,5,14,22,0,3,6,43,52,0,0,0,52
06/24/2018,ADW,MD,AEA,EN,Towers with Radar,0,0,1,26,27,0,1,9,7,17,0,1,10,33,44,0,12,12,56
06/25/2018,ADW,MD,AEA,EN,Towers with Radar,1,6,1,58,66,0,8,4,67,79,1,14,5,125,145,0,176,176,321
06/26/2018,ADW,MD,AEA,EN,Towers with Radar,2,2,11,56,71,0,6,16,19,41,2,8,27,75,112,0,18,18,130
06/27/2018,ADW,MD,AEA,EN,Towers with Radar,0,4,3,35,42,0,6,8,46,60,0,10,11,81,102,0,0,0,102
06/28/2018,ADW,MD,AEA,EN,Towers with Radar,0,1,14,65,80,0,1,13,40,54,0,2,27,105,134,0,0,0,134
06/29/2018,ADW,MD,AEA,EN,Towers with Radar,0,0,6,49,55,0,0,8,37,45,0,0,14,86,100,0,42,42,142
06/30/2018,ADW,MD,AEA,EN,Towers with Radar,1,2,0,31,34,0,0,15,8,23,1,2,15,39,57,0,30,30,87
07/01/2018,ADW,MD,AEA,EN,Towers with Radar,0,0,0,21,21,0,2,11,15,28,0,2,11,36,49,0,6,6,55
07/02/2018,ADW,MD,AEA,EN,Towers with Radar,0,0,16,57,73,0,3,4,43,50,0,3,20,100,123,0,60,60,183
07/03/2018,ADW,MD,AEA,EN,Towers with Radar,0,0,0,70,70,0,1,5,23,29,0,1,5,93,99,0,62,62,161
07/04/2018,ADW,MD,AEA,EN,Towers with Radar,0,0,0,12,12,0,0,3,8,11,0,0,3,20,23,0,0,0,23
07/05/2018,ADW,MD,AEA,EN,Towers with Radar,0,1,1,24,26,0,2,4,8,14,0,3,5,32,40,0,12,12,52
07/06/2018,ADW,MD,AEA,EN,Towers with Radar,0,1,2,64,67,0,0,6,28,34,0,1,8,92,101,0,90,90,191
07/07/2018,ADW,MD,AEA,EN,Towers with Radar,0,3,0,16,19,0,2,4,15,21,0,5,4,31,40,0,6,6,46
07/08/2018,ADW,MD,AEA,EN,Towers with Radar,0,0,2,25,27,0,0,6,11,17,0,0,8,36,44,0,0,0,44
07/09/2018,ADW,MD,AEA,EN,Towers with Radar,0,2,10,42,54,0,0,9,65,74,0,2,19,107,128,8,100,108,236
07/10/2018,ADW,MD,AEA,EN,Towers with Radar,0,0,4,48,52,0,3,5,30,38,0,3,9,78,90,0,92,92,182
07/11/2018,ADW,MD,AEA,EN,Towers with Radar,0,1,0,52,53,0,1,5,38,44,0,2,5,90,97,0,88,88,185
07/12/2018,ADW,MD,AEA,EN,Towers with Radar,0,1,4,89,94,0,1,1,21,23,0,2,5,110,117,0,24,24,141
07/13/2018,ADW,MD,AEA,EN,Towers with Radar,0,0,0,42,42,0,0,4,20,24,0,0,4,62,66,4,88,92,158
07/14/2018,ADW,MD,AEA,EN,Towers with Radar,0,0,0,19,19,0,0,8,12,20,0,0,8,31,39,0,0,0,39
07/15/2018,ADW,MD,AEA,EN,Towers with Radar,0,0,0,21,21,0,1,3,11,15,0,1,3,32,36,0,8,8,44
07/16/2018,ADW,MD,AEA,EN,Towers with Radar,2,0,6,67,75,0,0,4,40,44,2,0,10,107,119,0,104,104,223
07/17/2018,ADW,MD,AEA,EN,Towers with Radar,0,0,13,92,105,0,0,2,34,36,0,0,15,126,141,0,148,148,289
07/18/2018,ADW,MD,AEA,EN,Towers with Radar,2,2,18,67,89,0,2,6,51,59,2,4,24,118,148,0,84,84,232
07/19/2018,ADW,MD,AEA,EN,Towers with Radar,2,2,6,71,81,0,0,3,45,48,2,2,9,116,129,0,140,140,269
07/20/2018,ADW,MD,AEA,EN,Towers with Radar,0,0,2,73,75,0,0,7,31,38,0,0,9,104,113,0,114,114,227
07/21/2018,ADW,MD,AEA,EN,Towers with Radar,2,0,0,21,23,0,0,0,6,6,2,0,0,27,29,0,0,0,29
07/22/2018,ADW,MD,AEA,EN,Towers with Radar,0,0,4,32,36,0,0,3,14,17,0,0,7,46,53,0,80,80,133
07/23/2018,ADW,MD,AEA,EN,Towers with Radar,0,0,13,34,47,0,0,3,27,30,0,0,16,61,77,0,114,114,191
07/24/2018,ADW,MD,AEA,EN,Towers with Radar,0,0,4,65,69,0,2,7,22,31,0,2,11,87,100,0,0,0,100
07/25/2018,ADW,MD,AEA,EN,Towers with Radar,0,0,6,61,67,0,0,1,20,21,0,0,7,81,88,0,166,166,254
07/26/2018,ADW,MD,AEA,EN,Towers with Radar,0,0,6,91,97,0,2,6,50,58,0,2,12,141,155,0,100,100,255
07/27/2018,ADW,MD,AEA,EN,Towers with Radar,2,2,7,38,49,0,0,4,33,37,2,2,11,71,86,0,50,50,136
07/28/2018,ADW,MD,AEA,EN,Towers with Radar,4,2,1,13,20,0,0,9,8,17,4,2,10,21,37,0,0,0,37
07/29/2018,ADW,MD,AEA,EN,Towers with Radar,1,0,1,37,39,0,3,5,19,27,1,3,6,56,66,0,14,14,80
07/30/2018,ADW,MD,AEA,EN,Towers with Radar,5,0,4,50,59,0,0,5,41,46,5,0,9,91,105,0,144,144,249
07/31/2018,ADW,MD,AEA,EN,Towers with Radar,0,2,10,40,52,0,4,10,38,52,0,6,20,78,104,0,40,40,144
08/01/2018,ADW,MD,AEA,EN,Towers with Radar,0,0,4,41,45,0,1,11,33,45,0,1,15,74,90,0,72,72,162
08/02/2018,ADW,MD,AEA,EN,Towers with Radar,0,0,2,30,32,0,0,4,38,42,0,0,6,68,74,0,52,52,126
08/03/2018,ADW,MD,AEA,EN,Towers with Radar,2,1,4,32,39,0,0,2,15,17,2,1,6,47,56,0,52,52,108
08/04/2018,ADW,MD,AEA,EN,Towers with Radar,0,0,1,14,15,0,0,4,9,13,0,0,5,23,28,0,0,0,28
08/05/2018,ADW,MD,AEA,EN,Towers with Radar,0,1,0,21,22,0,0,3,10,13,0,1,3,31,35,0,18,18,53
08/06/2018,ADW,MD,AEA,EN,Towers with Radar,0,1,13,50,64,0,4,7,35,46,0,5,20,85,110,0,86,86,196
08/07/2018,ADW,MD,AEA,EN,Towers with Radar,1,0,8,43,52,0,0,7,50,57,1,0,15,93,109,0,92,92,201
08/08/2018,ADW,MD,AEA,EN,Towers with Radar,1,0,6,34,41,0,0,6,32,38,1,0,12,66,79,0,80,80,159
08/09/2018,ADW,MD,AEA,EN,Towers with Radar,0,0,9,39,48,0,0,18,44,62,0,0,27,83,110,0,108,108,218
08/10/2018,ADW,MD,AEA,EN,Towers with Radar,0,0,2,43,45,0,0,8,25,33,0,0,10,68,78,0,44,44,122
08/11/2018,ADW,MD,AEA,EN,Towers with Radar,4,1,0,19,24,0,2,7,5,14,4,3,7,24,38,0,56,56,94
08/12/2018,ADW,MD,AEA,EN,Towers with Radar,0,0,4,22,26,0,2,0,15,17,0,2,4,37,43,0,28,28,71
08/13/2018,ADW,MD,AEA,EN,Towers with Radar,0,3,3,44,50,0,3,4,45,52,0,6,7,89,102,0,88,88,190
08/14/2018,ADW,MD,AEA,EN,Towers with Radar,0,1,11,59,71,0,0,4,36,40,0,1,15,95,111,0,72,72,183
08/15/2018,ADW,MD,AEA,EN,Towers with Radar,0,0,7,54,61,0,0,4,36,40,0,0,11,90,101,0,0,0,101
08/16/2018,ADW,MD,AEA,EN,Towers with Radar,0,0,13,49,62,0,0,9,49,58,0,0,22,98,120,0,84,84,204
08/17/2018,ADW,MD,AEA,EN,Towers with Radar,0,0,2,43,45,0,0,4,29,33,0,0,6,72,78,0,98,98,176
08/18/2018,ADW,MD,AEA,EN,Towers with Radar,0,0,0,16,16,0,0,6,9,15,0,0,6,25,31,0,52,52,83
08/19/2018,ADW,MD,AEA,EN,Towers with Radar,0,0,0,27,27,0,2,8,22,32,0,2,8,49,59,0,28,28,87
08/20/2018,ADW,MD,AEA,EN,Towers with Radar,2,1,8,32,43,0,0,3,32,35,2,1,11,64,78,0,100,100,178
08/21/2018,ADW,MD,AEA,EN,Towers with Radar,1,0,2,42,45,0,3,2,13,18,1,3,4,55,63,0,42,42,105
08/22/2018,ADW,MD,AEA,EN,Towers with Radar,0,0,28,55,83,0,1,8,33,42,0,1,36,88,125,0,118,118,243
08/23/2018,ADW,MD,AEA,EN,Towers with Radar,2,0,2,49,53,0,0,10,44,54,2,0,12,93,107,0,154,154,261
08/24/2018,ADW,MD,AEA,EN,Towers with Radar,1,0,2,35,38,0,2,7,21,30,1,2,9,56,68,0,74,74,142
08/25/2018,ADW,MD,AEA,EN,Towers with Radar,0,0,0,20,20,0,0,7,13,20,0,0,7,33,40,0,52,52,92
08/26/2018,ADW,MD,AEA,EN,Towers with Radar,0,0,0,20,20,0,2,6,11,19,0,2,6,31,39,0,18,18,57
08/27/2018,ADW,MD,AEA,EN,Towers with Radar,0,1,13,69,83,0,0,2,61,63,0,1,15,130,146,0,244,244,390
08/28/2018,ADW,MD,AEA,EN,Towers with Radar,0,0,15,80,95,0,0,15,60,75,0,0,30,140,170,0,160,160,330
08/29/2018,ADW,MD,AEA,EN,Towers with Radar,0,0,2,51,53,0,0,6,28,34,0,0,8,79,87,0,0,0,87
08/30/2018,ADW,MD,AEA,EN,Towers with Radar,0,0,16,64,80,0,0,11,43,54,0,0,27,107,134,0,160,160,294
08/31/2018,ADW,MD,AEA,EN,Towers with Radar,0,0,0,27,27,0,1,5,29,35,0,1,5,56,62,0,26,26,88
09/01/2018,ADW,MD,AEA,EN,Towers with Radar,0,0,0,8,8,0,0,2,4,6,0,0,2,12,14,0,0,0,14
09/02/2018,ADW,MD,AEA,EN,Towers with Radar,0,2,1,15,18,0,0,3,18,21,0,2,4,33,39,0,14,14,53
09/03/2018,ADW,MD,AEA,EN,Towers with Radar,1,1,0,8,10,0,2,2,8,12,1,3,2,16,22,0,0,0,22
09/04/2018,ADW,MD,AEA,EN,Towers with Radar,0,0,5,47,52,0,0,5,47,52,0,0,10,94,104,0,74,74,178
09/05/2018,ADW,MD,AEA,EN,Towers with Radar,5,0,11,73,89,0,1,6,35,42,5,1,17,108,131,0,0,0,131
09/06/2018,ADW,MD,AEA,EN,Towers with Radar,0,0,8,45,53,0,0,6,41,47,0,0,14,86,100,0,110,110,210
09/07/2018,ADW,MD,AEA,EN,Towers with Radar,2,0,8,67,77,0,2,8,21,31,2,2,16,88,108,0,56,56,164
09/08/2018,ADW,MD,AEA,EN,Towers with Radar,2,0,0,12,14,0,0,0,5,5,2,0,0,17,19,0,0,0,19
09/09/2018,ADW,MD,AEA,EN,Towers with Radar,0,1,0,20,21,0,0,1,2,3,0,1,1,22,24,0,0,0,24
09/10/2018,ADW,MD,AEA,EN,Towers with Radar,0,0,26,34,60,0,0,0,0,0,0,0,26,34,60,0,4,4,64
09/11/2018,ADW,MD,AEA,EN,Towers with Radar,2,1,2,57,62,0,0,0,1,1,2,1,2,58,63,0,0,0,63
09/12/2018,ADW,MD,AEA,EN,Towers with Radar,1,0,12,41,54,0,0,2,19,21,1,0,14,60,75,0,0,0,75
09/13/2018,ADW,MD,AEA,EN,Towers with Radar,3,0,3,28,34,0,0,0,6,6,3,0,3,34,40,0,24,24,64
09/14/2018,ADW,MD,AEA,EN,Towers with Radar,0,1,0,36,37,0,0,0,2,2,0,1,0,38,39,0,4,4,43
09/15/2018,ADW,MD,AEA,EN,Towers with Radar,3,0,0,20,23,0,2,6,19,27,3,2,6,39,50,0,30,30,80
09/16/2018,ADW,MD,AEA,EN,Towers with Radar,1,0,1,31,33,0,0,6,8,14,1,0,7,39,47,0,12,12,59
09/17/2018,ADW,MD,AEA,EN,Towers with Radar,2,2,8,37,49,0,0,0,21,21,2,2,8,58,70,0,12,12,82
09/18/2018,ADW,MD,AEA,EN,Towers with Radar,2,3,13,64,82,0,0,2,39,41,2,3,15,103,123,0,114,114,237
09/19/2018,ADW,MD,AEA,EN,Towers with Radar,2,3,13,58,76,0,2,20,49,71,2,5,33,107,147,0,82,82,229
09/20/2018,ADW,MD,AEA,EN,Towers with Radar,0,3,11,79,93,0,2,7,29,38,0,5,18,108,131,0,90,90,221
09/21/2018,ADW,MD,AEA,EN,Towers with Radar,4,1,5,45,55,0,2,1,27,30,4,3,6,72,85,0,58,58,143
09/22/2018,ADW,MD,AEA,EN,Towers with Radar,1,1,0,28,30,0,0,11,5,16,1,1,11,33,46,0,0,0,46
09/23/2018,ADW,MD,AEA,EN,Towers with Radar,2,0,1,19,22,0,0,0,1,1,2,0,1,20,23,0,0,0,23
09/24/2018,ADW,MD,AEA,EN,Towers with Radar,1,0,6,39,46,0,0,0,0,0,1,0,6,39,46,0,0,0,46
09/25/2018,ADW,MD,AEA,EN,Towers with Radar,0,0,11,55,66,0,0,4,17,21,0,0,15,72,87,0,12,12,99
09/26/2018,ADW,MD,AEA,EN,Towers with Radar,0,1,5,48,54,0,3,10,35,48,0,4,15,83,102,0,112,112,214
09/27/2018,ADW,MD,AEA,EN,Towers with Radar,3,2,8,58,71,0,1,8,31,40,3,3,16,89,111,0,42,42,153
09/28/2018,ADW,MD,AEA,EN,Towers with Radar,2,1,14,43,60,0,2,10,26,38,2,3,24,69,98,0,78,78,176
09/29/2018,ADW,MD,AEA,EN,Towers with Radar,2,1,1,20,24,0,4,6,21,31,2,5,7,41,55,0,0,0,55
09/30/2018,ADW,MD,AEA,EN,Towers with Radar,1,1,2,28,32,0,0,6,16,22,1,1,8,44,54,0,78,78,132
10/01/2018,ADW,MD,AEA,EN,Towers with Radar,1,0,6,67,74,0,2,7,51,60,1,2,13,118,134,0,96,96,230
10/02/2018,ADW,MD,AEA,EN,Towers with Radar,0,2,5,73,80,0,2,10,53,65,0,4,15,126,145,0,88,88,233
10/03/2018,ADW,MD,AEA,EN,Towers with Radar,0,2,20,69,91,0,0,16,42,58,0,2,36,111,149,20,111,131,280
10/04/2018,ADW,MD,AEA,EN,Towers with Radar,0,0,9,66,75,0,0,7,38,45,0,0,16,104,120,2,140,142,262
10/05/2018,ADW,MD,AEA,EN,Towers with Radar,0,0,13,34,47,0,0,2,37,39,0,0,15,71,86,0,74,74,160
10/06/2018,ADW,MD,AEA,EN,Towers with Radar,0,0,2,18,20,0,3,1,29,33,0,3,3,47,53,0,80,80,133
10/07/2018,ADW,MD,AEA,EN,Towers with Radar,0,1,2,18,21,0,2,0,9,11,0,3,2,27,32,0,0,0,32
10/08/2018,ADW,MD,AEA,EN,Towers with Radar,1,2,3,19,25,0,2,4,33,39,1,4,7,52,64,0,64,64,128
10/09/2018,ADW,MD,AEA,EN,Towers with Radar,3,2,12,73,90,0,7,9,44,60,3,9,21,117,150,0,28,28,178
10/10/2018,ADW,MD,AEA,EN,Towers with Radar,0,3,2,44,49,0,4,0,40,44,0,7,2,84,93,0,136,136,229
10/11/2018,ADW,MD,AEA,EN,Towers with Radar,2,5,22,66,95,0,0,2,18,20,2,5,24,84,115,0,0,0,115
10/12/2018,ADW,MD,AEA,EN,Towers with Radar,1,4,14,54,73,0,5,2,47,54,1,9,16,101,127,4,70,74,201
10/13/2018,ADW,MD,AEA,EN,Towers with Radar,3,1,0,32,36,0,3,5,26,34,3,4,5,58,70,0,16,16,86
10/14/2018,ADW,MD,AEA,EN,Towers with Radar,0,3,2,42,47,0,0,8,8,16,0,3,10,50,63,0,0,0,63
10/15/2018,ADW,MD,AEA,EN,Towers with Radar,0,2,14,44,60,0,0,1,43,44,0,2,15,87,104,0,116,116,220
10/16/2018,ADW,MD,AEA,EN,Towers with Radar,0,3,9,54,66,0,0,9,43,52,0,3,18,97,118,0,116,116,234
10/17/2018,ADW,MD,AEA,EN,Towers with Radar,2,2,4,80,88,0,0,7,38,45,2,2,11,118,133,70,0,70,203
10/18/2018,ADW,MD,AEA,EN,Towers with Radar,6,0,9,55,70,0,0,7,35,42,6,0,16,90,112,0,104,104,216
10/19/2018,ADW,MD,AEA,EN,Towers with Radar,0,0,7,65,72,0,2,5,27,34,0,2,12,92,106,0,84,84,190
10/20/2018,ADW,MD,AEA,EN,Towers with Radar,0,0,1,29,30,0,1,7,30,38,0,1,8,59,68,0,68,68,136
10/21/2018,ADW,MD,AEA,EN,Towers with Radar,4,1,3,30,38,0,0,2,17,19,4,1,5,47,57,0,0,0,57
10/22/2018,ADW,MD,AEA,EN,Towers with Radar,1,0,7,51,59,0,0,5,43,48,1,0,12,94,107,0,100,100,207
10/23/2018,ADW,MD,AEA,EN,Towers with Radar,0,0,14,58,72,0,0,8,41,49,0,0,22,99,121,0,184,184,305
10/24/2018,ADW,MD,AEA,EN,Towers with Radar,0,1,16,55,72,0,9,3,36,48,0,10,19,91,120,4,56,60,180
10/25/2018,ADW,MD,AEA,EN,Towers with Radar,2,0,16,57,75,0,0,3,30,33,2,0,19,87,108,0,0,0,108
10/26/2018,ADW,MD,AEA,EN,Towers with Radar,0,0,5,48,53,0,0,8,15,23,0,0,13,63,76,0,0,0,76
10/27/2018,ADW,MD,AEA,EN,Towers with Radar,3,0,0,20,23,0,0,4,2,6,3,0,4,22,29,0,0,0,29
10/28/2018,ADW,MD,AEA,EN,Towers with Radar,1,0,1,21,23,0,0,7,10,17,1,0,8,31,40,0,0,0,40
10/29/2018,ADW,MD,AEA,EN,Towers with Radar,0,1,11,47,59,0,0,4,42,46,0,1,15,89,105,0,40,40,145
10/30/2018,ADW,MD,AEA,EN,Towers with Radar,0,0,6,58,64,0,3,5,42,50,0,3,11,100,114,0,48,48,162
10/31/2018,ADW,MD,AEA,EN,Towers with Radar,0,0,12,58,70,0,0,6,50,56,0,0,18,108,126,2,130,132,258
11/01/2018,ADW,MD,AEA,EN,Towers with Radar,0,0,4,86,90,0,4,12,48,64,0,4,16,134,154,0,48,48,202
11/02/2018,ADW,MD,AEA,EN,Towers with Radar,1,0,12,55,68,0,3,10,17,30,1,3,22,72,98,0,36,36,134
11/03/2018,ADW,MD,AEA,EN,Towers with Radar,1,0,0,50,51,0,0,4,20,24,1,0,4,70,75,0,0,0,75
11/04/2018,ADW,MD,AEA,EN,Towers with Radar,2,0,6,35,43,0,4,3,18,25,2,4,9,53,68,0,0,0,68
11/05/2018,ADW,MD,AEA,EN,Towers with Radar,6,2,2,43,53,0,0,0,2,2,6,2,2,45,55,0,0,0,55
11/06/2018,ADW,MD,AEA,EN,Towers with Radar,0,0,7,40,47,0,0,4,11,15,0,0,11,51,62,0,74,74,136
11/07/2018,ADW,MD,AEA,EN,Towers with Radar,0,0,19,34,53,0,0,6,33,39,0,0,25,67,92,0,142,142,234
11/08/2018,ADW,MD,AEA,EN,Towers with Radar,0,2,7,46,55,0,2,2,39,43,0,4,9,85,98,0,51,51,149
11/09/2018,ADW,MD,AEA,EN,Towers with Radar,3,0,9,30,42,0,0,0,21,21,3,0,9,51,63,6,58,64,127
11/10/2018,ADW,MD,AEA,EN,Towers with Radar,3,3,0,18,24,0,3,4,9,16,3,6,4,27,40,0,6,6,46
11/11/2018,ADW,MD,AEA,EN,Towers with Radar,0,0,1,17,18,0,0,0,20,20,0,0,1,37,38,0,18,18,56
11/12/2018,ADW,MD,AEA,EN,Towers with Radar,0,0,3,28,31,0,0,2,7,9,0,0,5,35,40,0,0,0,40
11/13/2018,ADW,MD,AEA,EN,Towers with Radar,4,1,7,47,59,0,0,3,30,33,4,1,10,77,92,0,22,22,114
11/14/2018,ADW,MD,AEA,EN,Towers with Radar,0,0,19,58,77,0,0,7,37,44,0,0,26,95,121,0,142,142,263
11/15/2018,ADW,MD,AEA,EN,Towers with Radar,0,0,0,24,24,0,0,0,0,0,0,0,0,24,24,0,0,0,24
11/16/2018,ADW,MD,AEA,EN,Towers with Radar,0,0,24,78,102,0,0,1,24,25,0,0,25,102,127,0,96,96,223
11/17/2018,ADW,MD,AEA,EN,Towers with Radar,2,0,0,18,20,0,2,3,17,22,2,2,3,35,42,0,6,6,48
11/18/2018,ADW,MD,AEA,EN,Towers with Radar,2,0,1,31,34,0,1,2,15,18,2,1,3,46,52,0,0,0,52
11/19/2018,ADW,MD,AEA,EN,Towers with Radar,0,1,8,50,59,0,2,4,46,52,0,3,12,96,111,0,162,162,273
11/20/2018,ADW,MD,AEA,EN,Towers with Radar,0,0,1,65,66,0,0,5,37,42,0,0,6,102,108,0,118,118,226
11/21/2018,ADW,MD,AEA,EN,Towers with Radar,0,0,0,24,24,0,0,8,13,21,0,0,8,37,45,0,76,76,121
11/22/2018,ADW,MD,AEA,EN,Towers with Radar,0,0,0,6,6,0,0,4,7,11,0,0,4,13,17,0,0,0,17
11/23/2018,ADW,MD,AEA,EN,Towers with Radar,2,0,14,7,23,0,1,8,8,17,2,1,22,15,40,0,0,0,40
11/24/2018,ADW,MD,AEA,EN,Towers with Radar,2,0,2,10,14,0,0,0,0,0,2,0,2,10,14,0,0,0,14
11/25/2018,ADW,MD,AEA,EN,Towers with Radar,1,0,2,23,26,0,0,0,17,17,1,0,2,40,43,0,0,0,43
11/26/2018,ADW,MD,AEA,EN,Towers with Radar,1,0,5,48,54,0,0,4,41,45,1,0,9,89,99,0,56,56,155
11/27/2018,ADW,MD,AEA,EN,Towers with Radar,4,1,7,55,67,0,0,6,29,35,4,1,13,84,102,0,0,0,102
11/28/2018,ADW,MD,AEA,EN,Towers with Radar,0,0,0,52,52,0,0,1,31,32,0,0,1,83,84,0,46,46,130
11/29/2018,ADW,MD,AEA,EN,Towers with Radar,0,1,8,69,78,0,0,13,21,34,0,1,21,90,112,2,80,82,194
11/30/2018,ADW,MD,AEA,EN,Towers with Radar,0,0,4,46,50,0,2,2,34,38,0,2,6,80,88,0,100,100,188
12/01/2018,ADW,MD,AEA,EN,Towers with Radar,0,0,0,20,20,0,0,1,3,4,0,0,1,23,24,0,0,0,24
12/02/2018,ADW,MD,AEA,EN,Towers with Radar,0,0,0,33,33,0,0,0,0,0,0,0,0,33,33,0,0,0,33
12/03/2018,ADW,MD,AEA,EN,Towers with Radar,0,5,4,26,35,0,4,4,10,18,0,9,8,36,53,0,22,22,75
12/04/2018,ADW,MD,AEA,EN,Towers with Radar,0,1,4,53,58,0,0,7,16,23,0,1,11,69,81,0,118,118,199
12/05/2018,ADW,MD,AEA,EN,Towers with Radar,0,2,13,29,44,0,0,3,2,5,0,2,16,31,49,0,0,0,49
12/06/2018,ADW,MD,AEA,EN,Towers with Radar,0,0,11,69,80,0,1,5,65,71,0,1,16,134,151,0,124,124,275
12/07/2018,ADW,MD,AEA,EN,Towers with Radar,0,0,4,46,50,0,1,4,27,32,0,1,8,73,82,0,0,0,82
12/08/2018,ADW,MD,AEA,EN,Towers with Radar,0,1,1,29,31,0,3,0,21,24,0,4,1,50,55,0,0,0,55
12/09/2018,ADW,MD,AEA,EN,Towers with Radar,3,0,0,7,10,0,0,0,8,8,3,0,0,15,18,0,0,0,18
12/10/2018,ADW,MD,AEA,EN,Towers with Radar,0,0,5,32,37,0,0,7,45,52,0,0,12,77,89,0,106,106,195
12/11/2018,ADW,MD,AEA,EN,Towers with Radar,1,0,21,46,68,0,0,6,36,42,1,0,27,82,110,0,78,78,188
12/12/2018,ADW,MD,AEA,EN,Towers with Radar,0,0,18,33,51,0,1,9,26,36,0,1,27,59,87,0,0,0,87
12/13/2018,ADW,MD,AEA,EN,Towers with Radar,0,0,10,74,84,0,2,4,54,60,0,2,14,128,144,0,74,74,218
12/14/2018,ADW,MD,AEA,EN,Towers with Radar,0,1,18,23,42,0,0,0,13,13,0,1,18,36,55,0,14,14,69
12/15/2018,ADW,MD,AEA,EN,Towers with Radar,2,1,0,6,9,0,0,0,0,0,2,1,0,6,9,0,0,0,9
12/16/2018,ADW,MD,AEA,EN,Towers with Radar,0,1,2,9,12,0,0,1,3,4,0,1,3,12,16,0,0,0,16
12/17/2018,ADW,MD,AEA,EN,Towers with Radar,2,1,32,37,72,0,3,7,35,45,2,4,39,72,117,0,116,116,233
12/18/2018,ADW,MD,AEA,EN,Towers with Radar,0,0,25,41,66,0,0,6,36,42,0,0,31,77,108,0,176,176,284
12/19/2018,ADW,MD,AEA,EN,Towers with Radar,0,1,20,58,79,0,0,13,49,62,0,1,33,107,141,0,144,144,285
12/20/2018,ADW,MD,AEA,EN,Towers with Radar,2,0,2,35,39,0,0,4,13,17,2,0,6,48,56,0,0,0,56
12/21/2018,ADW,MD,AEA,EN,Towers with Radar,0,2,7,35,44,0,0,0,31,31,0,2,7,66,75,0,66,66,141
12/22/2018,ADW,MD,AEA,EN,Towers with Radar,0,0,0,9,9,0,0,2,21,23,0,0,2,30,32,0,40,40,72
12/23/2018,ADW,MD,AEA,EN,Towers with Radar,0,0,0,8,8,0,0,2,9,11,0,0,2,17,19,0,22,22,41
12/24/2018,ADW,MD,AEA,EN,Towers with Radar,0,0,4,12,16,0,0,1,3,4,0,0,5,15,20,0,0,0,20
12/25/2018,ADW,MD,AEA,EN,Towers with Radar,0,0,0,3,3,0,0,2,0,2,0,0,2,3,5,0,0,0,5
12/26/2018,ADW,MD,AEA,EN,Towers with Radar,0,1,3,14,18,0,2,2,19,23,0,3,5,33,41,0,40,40,81
12/27/2018,ADW,MD,AEA,EN,Towers with Radar,0,0,3,66,69,0,0,9,17,26,0,0,12,83,95,0,54,54,149
12/28/2018,ADW,MD,AEA,EN,Towers with Radar,0,0,0,12,12,0,0,0,0,0,0,0,0,12,12,0,0,0,12
12/29/2018,ADW,MD,AEA,EN,Towers with Radar,0,0,2,3,5,0,0,6,12,18,0,0,8,15,23,0,42,42,65
12/30/2018,ADW,MD,AEA,EN,Towers with Radar,0,0,0,12,12,0,3,13,11,27,0,3,13,23,39,0,42,42,81
12/31/2018,ADW,MD,AEA,EN,Towers with Radar,0,0,0,4,4,0,0,0,3,3,0,0,0,7,7,0,30,30,37
01/01/2019,ADW,MD,AEA,EN,Towers with Radar,0,0,0,11,11,0,0,2,17,19,0,0,2,28,30,0,0,0,30
01/02/2019,ADW,MD,AEA,EN,Towers with Radar,0,0,5,33,38,0,0,4,30,34,0,0,9,63,72,0,98,98,170
01/03/2019,ADW,MD,AEA,EN,Towers with Radar,0,0,8,49,57,0,0,4,32,36,0,0,12,81,93,0,86,86,179
01/04/2019,ADW,MD,AEA,EN,Towers with Radar,0,0,14,32,46,0,0,4,30,34,0,0,18,62,80,0,88,88,168
01/05/2019,ADW,MD,AEA,EN,Towers with Radar,0,0,0,15,15,0,1,1,18,20,0,1,1,33,35,0,18,18,53
01/06/2019,ADW,MD,AEA,EN,Towers with Radar,2,0,0,13,15,0,0,3,10,13,2,0,3,23,28,0,0,0,28
01/07/2019,ADW,MD,AEA,EN,Towers with Radar,0,0,23,17,40,0,0,3,41,44,0,0,26,58,84,0,150,150,234
01/08/2019,ADW,MD,AEA,EN,Towers with Radar,2,0,6,55,63,0,1,1,58,60,2,1,7,113,123,0,106,106,229
01/09/2019,ADW,MD,AEA,EN,Towers with Radar,0,2,3,30,35,0,1,4,24,29,0,3,7,54,64,0,56,56,120
01/10/2019,ADW,MD,AEA,EN,Towers with Radar,0,2,2,32,36,0,2,2,23,27,0,4,4,55,63,0,38,38,101
01/11/2019,ADW,MD,AEA,EN,Towers with Radar,0,0,7,20,27,0,0,9,29,38,0,0,16,49,65,0,88,88,153
01/12/2019,ADW,MD,AEA,EN,Towers with Radar,0,0,0,7,7,0,2,4,9,15,0,2,4,16,22,0,40,40,62
01/13/2019,ADW,MD,AEA,EN,Towers with Radar,0,0,3,8,11,0,0,0,0,0,0,0,3,8,11,0,0,0,11
01/14/2019,ADW,MD,AEA,EN,Towers with Radar,2,1,2,25,30,0,0,7,38,45,2,1,9,63,75,0,0,0,75
01/15/2019,ADW,MD,AEA,EN,Towers with Radar,2,2,3,40,47,0,0,2,57,59,2,2,5,97,106,0,0,0,106
01/16/2019,ADW,MD,AEA,EN,Towers with Radar,2,0,8,28,38,0,0,8,40,48,2,0,16,68,86,0,124,124,210
01/17/2019,ADW,MD,AEA,EN,Towers with Radar,0,2,27,46,75,0,0,5,44,49,0,2,32,90,124,0,198,198,322
01/18/2019,ADW,MD,AEA,EN,Towers with Radar,0,0,6,19,25,0,0,2,17,19,0,0,8,36,44,0,22,22,66
01/19/2019,ADW,MD,AEA,EN,Towers with Radar,0,0,0,20,20,0,0,4,26,30,0,0,4,46,50,0,72,72,122
01/20/2019,ADW,MD,AEA,EN,Towers with Radar,0,0,0,13,13,0,0,0,13,13,0,0,0,26,26,0,0,0,26
01/21/2019,ADW,MD,AEA,EN,Towers with Radar,0,0,1,7,8,0,0,3,11,14,0,0,4,18,22,0,0,0,22
01/22/2019,ADW,MD,AEA,EN,Towers with Radar,0,5,11,59,75,0,3,7,29,39,0,8,18,88,114,0,100,100,214
01/23/2019,ADW,MD,AEA,EN,Towers with Radar,2,0,12,97,111,0,0,10,42,52,2,0,22,139,163,0,106,106,269
01/24/2019,ADW,MD,AEA,EN,Towers with Radar,0,1,3,37,41,0,0,2,15,17,0,1,5,52,58,0,0,0,58
01/25/2019,ADW,MD,AEA,EN,Towers with Radar,0,2,34,37,73,0,0,7,47,54,0,2,41,84,127,0,90,90,217
01/26/2019,ADW,MD,AEA,EN,Towers with Radar,2,0,0,14,16,0,0,7,8,15,2,0,7,22,31,0,14,14,45
01/27/2019,ADW,MD,AEA,EN,Towers with Radar,0,0,4,12,16,0,2,1,18,21,0,2,5,30,37,0,16,16,53
01/28/2019,ADW,MD,AEA,EN,Towers with Radar,0,1,21,39,61,0,1,2,49,52,0,2,23,88,113,0,170,170,283
01/29/2019,ADW,MD,AEA,EN,Towers with Radar,0,0,7,42,49,0,0,3,28,31,0,0,10,70,80,0,136,136,216
01/30/2019,ADW,MD,AEA,EN,Towers with Radar,0,0,5,20,25,0,0,3,22,25,0,0,8,42,50,0,30,30,80
01/31/2019,ADW,MD,AEA,EN,Towers with Radar,0,0,6,57,63,0,0,7,46,53,0,0,13,103,116,0,88,88,204
02/01/2019,ADW,MD,AEA,EN,Towers with Radar,0,0,8,23,31,0,0,2,9,11,0,0,10,32,42,0,0,0,42
02/02/2019,ADW,MD,AEA,EN,Towers with Radar,2,0,0,11,13,0,0,12,6,18,2,0,12,17,31,0,0,0,31
02/03/2019,ADW,MD,AEA,EN,Towers with Radar,0,0,0,19,19,0,1,4,18,23,0,1,4,37,42,0,0,0,42
02/04/2019,ADW,MD,AEA,EN,Towers with Radar,0,2,8,45,55,0,1,3,34,38,0,3,11,79,93,0,84,84,177
02/05/2019,ADW,MD,AEA,EN,Towers with Radar,0,0,6,91,97,0,0,3,8,11,0,0,9,99,108,0,48,48,156
02/06/2019,ADW,MD,AEA,EN,Towers with Radar,0,0,6,56,62,0,0,3,42,45,0,0,9,98,107,0,158,158,265
02/07/2019,ADW,MD,AEA,EN,Towers with Radar,0,0,8,66,74,0,0,4,61,65,0,0,12,127,139,0,206,206,345
02/08/2019,ADW,MD,AEA,EN,Towers with Radar,2,2,7,44,55,0,2,1,41,44,2,4,8,85,99,0,122,122,221
02/09/2019,ADW,MD,AEA,EN,Towers with Radar,1,0,0,26,27,0,0,4,16,20,1,0,4,42,47,0,0,0,47
02/10/2019,ADW,MD,AEA,EN,Towers with Radar,2,0,0,20,22,0,0,0,6,6,2,0,0,26,28,0,0,0,28
02/11/2019,ADW,MD,AEA,EN,Towers with Radar,5,1,3,28,37,0,0,0,3,3,5,1,3,31,40,0,0,0,40
02/12/2019,ADW,MD,AEA,EN,Towers with Radar,0,0,1,50,51,0,0,0,0,0,0,0,1,50,51,0,0,0,51
02/13/2019,ADW,MD,AEA,EN,Towers with Radar,1,0,12,54,67,0,0,15,47,62,1,0,27,101,129,0,88,88,217
02/14/2019,ADW,MD,AEA,EN,Towers with Radar,4,0,0,69,73,0,0,6,54,60,4,0,6,123,133,0,0,0,133
02/15/2019,ADW,MD,AEA,EN,Towers with Radar,2,0,4,28,34,0,1,3,33,37,2,1,7,61,71,0,140,140,211
02/16/2019,ADW,MD,AEA,EN,Towers with Radar,0,0,1,26,27,0,1,3,15,19,0,1,4,41,46,0,0,0,46
02/17/2019,ADW,MD,AEA,EN,Towers with Radar,3,0,0,13,16,0,0,2,17,19,3,0,2,30,35,0,0,0,35
02/18/2019,ADW,MD,AEA,EN,Towers with Radar,0,0,1,29,30,0,0,7,23,30,0,0,8,52,60,0,52,52,112
02/19/2019,ADW,MD,AEA,EN,Towers with Radar,0,0,10,50,60,0,0,9,52,61,0,0,19,102,121,0,178,178,299
02/20/2019,ADW,MD,AEA,EN,Towers with Radar,0,0,0,12,12,0,0,0,0,0,0,0,0,12,12,0,0,0,12
02/21/2019,ADW,MD,AEA,EN,Towers with Radar,1,0,16,101,118,0,0,10,55,65,1,0,26,156,183,0,202,202,385
02/22/2019,ADW,MD,AEA,EN,Towers with Radar,0,1,8,38,47,0,1,4,35,40,0,2,12,73,87,0,74,74,161
02/23/2019,ADW,MD,AEA,EN,Towers with Radar,5,1,1,39,46,0,0,3,7,10,5,1,4,46,56,0,76,76,132
02/24/2019,ADW,MD,AEA,EN,Towers with Radar,0,0,0,30,30,0,0,0,13,13,0,0,0,43,43,0,30,30,73
02/25/2019,ADW,MD,AEA,EN,Towers with Radar,6,0,0,26,32,0,0,0,12,12,6,0,0,38,44,0,0,0,44
02/26/2019,ADW,MD,AEA,EN,Towers with Radar,2,0,2,60,64,0,0,7,53,60,2,0,9,113,124,0,162,162,286
02/27/2019,ADW,MD,AEA,EN,Towers with Radar,0,1,7,42,50,0,0,8,67,75,0,1,15,109,125,0,154,154,279
02/28/2019,ADW,MD,AEA,EN,Towers with Radar,3,4,8,43,58,0,0,4,58,62,3,4,12,101,120,0,198,198,318
03/01/2019,ADW,MD,AEA,EN,Towers with Radar,1,1,2,28,32,0,0,0,6,6,1,1,2,34,38,0,18,18,56
03/02/2019,ADW,MD,AEA,EN,Towers with Radar,0,0,0,15,15,0,0,2,3,5,0,0,2,18,20,0,0,0,20
03/03/2019,ADW,MD,AEA,EN,Towers with Radar,1,0,1,50,52,0,0,2,5,7,1,0,3,55,59,0,0,0,59
03/04/2019,ADW,MD,AEA,EN,Towers with Radar,5,1,13,31,50,0,2,4,21,27,5,3,17,52,77,0,30,30,107
03/05/2019,ADW,MD,AEA,EN,Towers with Radar,1,0,5,55,61,0,1,3,40,44,1,1,8,95,105,0,120,120,225
03/06/2019,ADW,MD,AEA,EN,Towers with Radar,0,0,8,47,55,0,0,2,28,30,0,0,10,75,85,0,0,0,85
03/07/2019,ADW,MD,AEA,EN,Towers with Radar,0,0,8,62,70,0,0,3,32,35,0,0,11,94,105,0,144,144,249
03/08/2019,ADW,MD,AEA,EN,Towers with Radar,3,0,9,35,47,0,0,1,29,30,3,0,10,64,77,0,68,68,145
03/09/2019,ADW,MD,AEA,EN,Towers with Radar,0,0,1,8,9,0,0,1,11,12,0,0,2,19,21,0,58,58,79
03/10/2019,ADW,MD,AEA,EN,Towers with Radar,2,1,0,10,13,0,1,4,14,19,2,2,4,24,32,0,52,52,84
03/11/2019,ADW,MD,AEA,EN,Towers with Radar,1,1,26,35,63,0,1,9,52,62,1,2,35,87,125,0,196,196,321
03/12/2019,ADW,MD,AEA,EN,Towers with Radar,1,2,6,52,61,0,0,7,59,66,1,2,13,111,127,0,132,132,259
03/13/2019,ADW,MD,AEA,EN,Towers with Radar,2,2,14,57,75,0,3,5,25,33,2,5,19,82,108,0,0,0,108
03/14/2019,ADW,MD,AEA,EN,Towers with Radar,2,0,6,77,85,0,0,5,74,79,2,0,11,151,164,0,140,140,304
03/15/2019,ADW,MD,AEA,EN,Towers with Radar,2,1,7,22,32,0,2,2,18,22,2,3,9,40,54,0,24,24,78
03/16/2019,ADW,MD,AEA,EN,Towers with Radar,0,0,0,17,17,0,0,6,13,19,0,0,6,30,36,0,10,10,46
03/17/2019,ADW,MD,AEA,EN,Towers with Radar,1,1,0,17,19,0,0,8,12,20,1,1,8,29,39,0,0,0,39
03/18/2019,ADW,MD,AEA,EN,Towers with Radar,2,0,14,42,58,0,0,5,30,35,2,0,19,72,93,0,100,100,193
03/19/2019,ADW,MD,AEA,EN,Towers with Radar,5,0,22,50,77,0,1,6,39,46,5,1,28,89,123,0,96,96,219
03/20/2019,ADW,MD,AEA,EN,Towers with Radar,2,0,3,49,54,0,0,7,38,45,2,0,10,87,99,0,68,68,167
03/21/2019,ADW,MD,AEA,EN,Towers with Radar,2,0,4,28,34,0,0,1,0,1,2,0,5,28,35,0,0,0,35
03/22/2019,ADW,MD,AEA,EN,Towers with Radar,1,1,0,27,29,0,1,2,13,16,1,2,2,40,45,0,16,16,61
03/23/2019,ADW,MD,AEA,EN,Towers with Radar,1,0,1,13,15,0,0,8,6,14,1,0,9,19,29,0,0,0,29
03/24/2019,ADW,MD,AEA,EN,Towers with Radar,3,0,0,22,25,0,0,13,22,35,3,0,13,44,60,0,38,38,98
03/25/2019,ADW,MD,AEA,EN,Towers with Radar,1,0,12,34,47,0,0,7,44,51,1,0,19,78,98,0,136,136,234
03/26/2019,ADW,MD,AEA,EN,Towers with Radar,0,4,9,73,86,0,1,5,42,48,0,5,14,115,134,0,164,164,298
03/27/2019,ADW,MD,AEA,EN,Towers with Radar,2,0,2,69,73,0,2,6,35,43,2,2,8,104,116,0,48,48,164
03/28/2019,ADW,MD,AEA,EN,Towers with Radar,0,0,12,68,80,0,2,14,49,65,0,2,26,117,145,0,100,100,245
03/29/2019,ADW,MD,AEA,EN,Towers with Radar,0,3,3,49,55,0,0,7,54,61,0,3,10,103,116,0,146,146,262
03/30/2019,ADW,MD,AEA,EN,Towers with Radar,2,0,0,19,21,0,2,4,22,28,2,2,4,41,49,0,72,72,121
03/31/2019,ADW,MD,AEA,EN,Towers with Radar,2,2,0,30,34,0,2,2,21,25,2,4,2,51,59,0,0,0,59
04/01/2019,ADW,MD,AEA,EN,Towers with Radar,0,2,16,35,53,0,0,3,29,32,0,2,19,64,85,0,100,100,185
04/02/2019,ADW,MD,AEA,EN,Towers with Radar,1,1,7,69,78,0,1,6,39,46,1,2,13,108,124,0,88,88,212
04/03/2019,ADW,MD,AEA,EN,Towers with Radar,0,2,7,29,38,0,2,3,18,23,0,4,10,47,61,0,0,0,61
04/04/2019,ADW,MD,AEA,EN,Towers with Radar,3,0,6,54,63,0,2,5,44,51,3,2,11,98,114,0,0,0,114
04/05/2019,ADW,MD,AEA,EN,Towers with Radar,0,0,4,27,31,0,0,3,13,16,0,0,7,40,47,0,0,0,47
04/06/2019,ADW,MD,AEA,EN,Towers with Radar,0,0,0,21,21,0,1,12,14,27,0,1,12,35,48,0,88,88,136
04/07/2019,ADW,MD,AEA,EN,Towers with Radar,0,1,0,60,61,0,0,5,17,22,0,1,5,77,83,0,80,80,163
04/08/2019,ADW,MD,AEA,EN,Towers with Radar,1,0,12,47,60,0,0,3,46,49,1,0,15,93,109,0,140,140,249
04/09/2019,ADW,MD,AEA,EN,Towers with Radar,0,6,4,43,53,0,0,4,40,44,0,6,8,83,97,0,102,102,199
04/10/2019,ADW,MD,AEA,EN,Towers with Radar,3,1,5,51,60,0,1,10,59,70,3,2,15,110,130,6,46,52,182
04/11/2019,ADW,MD,AEA,EN,Towers with Radar,0,1,4,44,49,0,1,6,56,63,0,2,10,100,112,0,70,70,182
04/12/2019,ADW,MD,AEA,EN,Towers with Radar,0,0,16,48,64,0,0,4,16,20,0,0,20,64,84,0,0,0,84
04/13/2019,ADW,MD,AEA,EN,Towers with Radar,0,1,1,25,27,0,0,2,23,25,0,1,3,48,52,0,0,0,52
04/14/2019,ADW,MD,AEA,EN,Towers with Radar,0,0,1,11,12,0,2,1,14,17,0,2,2,25,29,0,0,0,29
04/15/2019,ADW,MD,AEA,EN,Towers with Radar,2,0,0,50,52,0,0,8,46,54,2,0,8,96,106,0,48,48,154
04/16/2019,ADW,MD,AEA,EN,Towers with Radar,0,0,5,71,76,0,0,0,34,34,0,0,5,105,110,0,18,18,128
04/17/2019,ADW,MD,AEA,EN,Towers with Radar,2,0,4,42,48,0,3,4,25,32,2,3,8,67,80,0,0,0,80
04/18/2019,ADW,MD,AEA,EN,Towers with Radar,0,0,4,65,69,0,0,4,56,60,0,0,8,121,129,0,172,172,301
04/19/2019,ADW,MD,AEA,EN,Towers with Radar,2,0,36,59,97,0,0,2,35,37,2,0,38,94,134,0,158,158,292
04/20/2019,ADW,MD,AEA,EN,Towers with Radar,0,1,8,13,22,0,2,6,11,19,0,3,14,24,41,0,10,10,51
04/21/2019,ADW,MD,AEA,EN,Towers with Radar,0,0,0,26,26,0,0,12,21,33,0,0,12,47,59,0,0,0,59
04/22/2019,ADW,MD,AEA,EN,Towers with Radar,0,1,6,38,45,0,2,10,51,63,0,3,16,89,108,0,204,204,312
04/23/2019,ADW,MD,AEA,EN,Towers with Radar,1,0,16,60,77,0,0,7,76,83,1,0,23,136,160,0,210,210,370
04/24/2019,ADW,MD,AEA,EN,Towers with Radar,0,0,8,69,77,0,0,4,60,64,0,0,12,129,141,0,94,94,235
04/25/2019,ADW,MD,AEA,EN,Towers with Radar,1,0,6,55,62,0,0,2,51,53,1,0,8,106,115,0,198,198,313
04/26/2019,ADW,MD,AEA,EN,Towers with Radar,1,0,16,29,46,0,1,7,14,22,1,1,23,43,68,0,32,32,100
04/27/2019,ADW,MD,AEA,EN,Towers with Radar,1,0,2,26,29,0,1,3,16,20,1,1,5,42,49,0,0,0,49
04/28/2019,ADW,MD,AEA,EN,Towers with Radar,2,0,0,40,42,0,2,7,22,31,2,2,7,62,73,0,0,0,73
04/29/2019,ADW,MD,AEA,EN,Towers with Radar,6,4,22,36,68,0,0,2,69,71,6,4,24,105,139,0,250,250,389
04/30/2019,ADW,MD,AEA,EN,Towers with Radar,0,2,7,51,60,0,0,3,36,39,0,2,10,87,99,0,0,0,99
05/01/2019,ADW,MD,AEA,EN,Towers with Radar,0,0,5,35,40,0,0,2,19,21,0,0,7,54,61,0,0,0,61
05/02/2019,ADW,MD,AEA,EN,Towers with Radar,0,0,2,52,54,0,0,3,40,43,0,0,5,92,97,0,100,100,197
05/03/2019,ADW,MD,AEA,EN,Towers with Radar,2,0,5,51,58,0,0,5,25,30,2,0,10,76,88,0,28,28,116
05/04/2019,ADW,MD,AEA,EN,Towers with Radar,1,0,2,19,22,0,0,2,7,9,1,0,4,26,31,0,20,20,51
05/05/2019,ADW,MD,AEA,EN,Towers with Radar,3,0,0,8,11,0,0,0,4,4,3,0,0,12,15,0,0,0,15
05/06/2019,ADW,MD,AEA,EN,Towers with Radar,1,0,10,56,67,0,0,4,35,39,1,0,14,91,106,0,66,66,172
05/07/2019,ADW,MD,AEA,EN,Towers with Radar,3,0,2,64,69,0,0,7,48,55,3,0,9,112,124,0,214,214,338
05/08/2019,ADW,MD,AEA,EN,Towers with Radar,0,0,5,45,50,0,0,5,57,62,0,0,10,102,112,0,0,0,112
05/09/2019,ADW,MD,AEA,EN,Towers with Radar,0,1,10,55,66,0,2,17,70,89,0,3,27,125,155,0,26,26,181
05/10/2019,ADW,MD,AEA,EN,Towers with Radar,4,1,3,14,22,0,0,72,92,164,4,1,75,106,186,0,0,0,186
05/11/2019,ADW,MD,AEA,EN,Towers with Radar,0,0,2,11,13,0,2,34,54,90,0,2,36,65,103,0,0,0,103
05/12/2019,ADW,MD,AEA,EN,Towers with Radar,0,0,1,9,10,0,0,0,0,0,0,0,1,9,10,0,0,0,10
05/13/2019,ADW,MD,AEA,EN,Towers with Radar,0,1,8,44,53,0,3,4,16,23,0,4,12,60,76,0,34,34,110
05/14/2019,ADW,MD,AEA,EN,Towers with Radar,1,0,4,72,77,0,0,4,78,82,1,0,8,150,159,2,206,208,367
05/15/2019,ADW,MD,AEA,EN,Towers with Radar,1,0,14,47,62,0,0,6,7,13,1,0,20,54,75,0,0,0,75
05/16/2019,ADW,MD,AEA,EN,Towers with Radar,0,0,0,65,65,0,1,5,47,53,0,1,5,112,118,0,130,130,248
05/17/2019,ADW,MD,AEA,EN,Towers with Radar,0,0,7,58,65,0,1,10,41,52,0,1,17,99,117,0,132,132,249
05/18/2019,ADW,MD,AEA,EN,Towers with Radar,0,0,9,18,27,0,0,5,33,38,0,0,14,51,65,0,52,52,117
05/19/2019,ADW,MD,AEA,EN,Towers with Radar,3,1,0,22,26,0,3,4,9,16,3,4,4,31,42,0,30,30,72
05/20/2019,ADW,MD,AEA,EN,Towers with Radar,1,0,6,58,65,0,0,13,46,59,1,0,19,104,124,0,114,114,238
05/21/2019,ADW,MD,AEA,EN,Towers with Radar,0,0,7,85,92,0,0,9,35,44,0,0,16,120,136,0,46,46,182
05/22/2019,ADW,MD,AEA,EN,Towers with Radar,0,0,20,69,89,0,1,4,59,64,0,1,24,128,153,0,72,72,225
05/23/2019,ADW,MD,AEA,EN,Towers with Radar,3,1,11,69,84,0,2,5,41,48,3,3,16,110,132,0,244,244,376
05/24/2019,ADW,MD,AEA,EN,Towers with Radar,1,0,4,39,44,0,0,13,44,57,1,0,17,83,101,0,62,62,163
05/25/2019,ADW,MD,AEA,EN,Towers with Radar,0,0,0,21,21,0,0,5,16,21,0,0,5,37,42,0,0,0,42
05/26/2019,ADW,MD,AEA,EN,Towers with Radar,0,4,0,27,31,0,0,3,21,24,0,4,3,48,55,0,22,22,77
05/27/2019,ADW,MD,AEA,EN,Towers with Radar,2,5,0,15,22,0,2,5,14,21,2,7,5,29,43,0,22,22,65
05/28/2019,ADW,MD,AEA,EN,Towers with Radar,0,0,14,46,60,0,2,4,51,57,0,2,18,97,117,0,146,146,263
05/29/2019,ADW,MD,AEA,EN,Towers with Radar,0,1,14,55,70,0,1,8,39,48,0,2,22,94,118,0,76,76,194
05/30/2019,ADW,MD,AEA,EN,Towers with Radar,0,2,14,72,88,0,1,1,58,60,0,3,15,130,148,0,124,124,272
05/31/2019,ADW,MD,AEA,EN,Towers with Radar,0,0,4,49,53,0,1,1,46,48,0,1,5,95,101,0,68,68,169
06/01/2019,ADW,MD,AEA,EN,Towers with Radar,0,0,0,23,23,0,0,7,6,13,0,0,7,29,36,0,10,10,46
06/02/2019,ADW,MD,AEA,EN,Towers with Radar,0,0,0,31,31,0,0,3,19,22,0,0,3,50,53,0,36,36,89
06/03/2019,ADW,MD,AEA,EN,Towers with Radar,4,0,4,38,46,0,4,13,56,73,4,4,17,94,119,0,172,172,291
06/04/2019,ADW,MD,AEA,EN,Towers with Radar,0,0,5,101,106,0,2,14,54,70,0,2,19,155,176,0,178,178,354
06/05/2019,ADW,MD,AEA,EN,Towers with Radar,0,0,3,58,61,0,2,3,45,50,0,2,6,103,111,0,76,76,187
06/06/2019,ADW,MD,AEA,EN,Towers with Radar,2,0,17,69,88,0,2,10,69,81,2,2,27,138,169,0,139,139,308
06/07/2019,ADW,MD,AEA,EN,Towers with Radar,5,0,7,73,85,0,0,14,38,52,5,0,21,111,137,0,116,116,253
06/08/2019,ADW,MD,AEA,EN,Towers with Radar,0,0,0,21,21,0,0,7,14,21,0,0,7,35,42,0,54,54,96
06/09/2019,ADW,MD,AEA,EN,Towers with Radar,0,0,0,34,34,0,0,3,0,3,0,0,3,34,37,0,0,0,37
06/10/2019,ADW,MD,AEA,EN,Towers with Radar,1,0,5,39,45,0,0,2,8,10,1,0,7,47,55,0,26,26,81
06/11/2019,ADW,MD,AEA,EN,Towers with Radar,0,1,5,75,81,0,0,5,47,52,0,1,10,122,133,0,112,112,245
06/12/2019,ADW,MD,AEA,EN,Towers with Radar,0,1,3,37,41,0,3,12,53,68,0,4,15,90,109,0,116,116,225
06/13/2019,ADW,MD,AEA,EN,Towers with Radar,0,1,8,63,72,0,0,2,21,23,0,1,10,84,95,0,0,0,95
06/14/2019,ADW,MD,AEA,EN,Towers with Radar,1,0,2,49,52,0,0,10,30,40,1,0,12,79,92,0,72,72,164
06/15/2019,ADW,MD,AEA,EN,Towers with Radar,2,3,0,12,17,0,0,12,12,24,2,3,12,24,41,0,0,0,41
06/16/2019,ADW,MD,AEA,EN,Towers with Radar,1,0,0,13,14,0,0,0,10,10,1,0,0,23,24,0,26,26,50
06/17/2019,ADW,MD,AEA,EN,Towers with Radar,5,1,6,41,53,0,0,8,8,16,5,1,14,49,69,0,0,0,69
06/18/2019,ADW,MD,AEA,EN,Towers with Radar,2,3,5,76,86,0,0,6,45,51,2,3,11,121,137,0,0,0,137
06/19/2019,ADW,MD,AEA,EN,Towers with Radar,5,2,16,116,139,0,0,8,43,51,5,2,24,159,190,0,306,306,496
06/20/2019,ADW,MD,AEA,EN,Towers with Radar,2,1,29,51,83,0,0,7,47,54,2,1,36,98,137,0,212,212,349
06/21/2019,ADW,MD,AEA,EN,Towers with Radar,2,1,5,33,41,0,0,3,48,51,2,1,8,81,92,0,92,92,184
06/22/2019,ADW,MD,AEA,EN,Towers with Radar,2,1,0,17,20,0,0,6,26,32,2,1,6,43,52,0,46,46,98
06/23/2019,ADW,MD,AEA,EN,Towers with Radar,0,2,2,16,20,0,0,10,18,28,0,2,12,34,48,0,60,60,108
06/24/2019,ADW,MD,AEA,EN,Towers with Radar,2,2,10,47,61,0,0,15,47,62,2,2,25,94,123,0,130,130,253
06/25/2019,ADW,MD,AEA,EN,Towers with Radar,0,1,18,106,125,0,0,9,67,76,0,1,27,173,201,82,132,214,415
06/26/2019,ADW,MD,AEA,EN,Towers with Radar,0,5,10,46,61,0,4,3,34,41,0,9,13,80,102,0,108,108,210
06/27/2019,ADW,MD,AEA,EN,Towers with Radar,0,0,0,75,75,0,1,8,48,57,0,1,8,123,132,0,230,230,362
06/28/2019,ADW,MD,AEA,EN,Towers with Radar,0,0,6,32,38,0,0,10,13,23,0,0,16,45,61,0,22,22,83
06/29/2019,ADW,MD,AEA,EN,Towers with Radar,2,0,0,4,6,0,0,8,8,16,2,0,8,12,22,0,46,46,68
06/30/2019,ADW,MD,AEA,EN,Towers with Radar,0,0,0,11,11,0,0,7,20,27,0,0,7,31,38,0,62,62,100
07/01/2019,ADW,MD,AEA,EN,Towers with Radar,0,0,2,49,51,0,0,11,29,40,0,0,13,78,91,0,60,60,151
07/02/2019,ADW,MD,AEA,EN,Towers with Radar,1,0,7,61,69,0,0,8,39,47,1,0,15,100,116,0,114,114,230
07/03/2019,ADW,MD,AEA,EN,Towers with Radar,0,0,13,29,42,0,1,7,32,40,0,1,20,61,82,0,82,82,164
07/04/2019,ADW,MD,AEA,EN,Towers with Radar,0,1,0,18,19,0,3,2,10,15,0,4,2,28,34,0,0,0,34
07/05/2019,ADW,MD,AEA,EN,Towers with Radar,2,0,5,10,17,0,0,0,12,12,2,0,5,22,29,0,6,6,35
07/06/2019,ADW,MD,AEA,EN,Towers with Radar,1,0,1,3,5,0,1,4,2,7,1,1,5,5,12,0,20,20,32
07/07/2019,ADW,MD,AEA,EN,Towers with Radar,1,0,1,25,27,0,0,1,27,28,1,0,2,52,55,0,48,48,103
07/08/2019,ADW,MD,AEA,EN,Towers with Radar,3,0,0,28,31,0,0,7,10,17,3,0,7,38,48,0,40,40,88
07/09/2019,ADW,MD,AEA,EN,Towers with Radar,0,0,30,77,107,0,0,14,41,55,0,0,44,118,162,0,144,144,306
07/10/2019,ADW,MD,AEA,EN,Towers with Radar,2,0,6,54,62,0,0,5,54,59,2,0,11,108,121,0,122,122,243
07/11/2019,ADW,MD,AEA,EN,Towers with Radar,2,0,16,46,64,0,2,2,20,24,2,2,18,66,88,0,78,78,166
07/12/2019,ADW,MD,AEA,EN,Towers with Radar,2,0,13,65,80,0,0,8,37,45,2,0,21,102,125,0,98,98,223
07/13/2019,ADW,MD,AEA,EN,Towers with Radar,1,0,0,45,46,0,0,10,18,28,1,0,10,63,74,0,68,68,142
07/14/2019,ADW,MD,AEA,EN,Towers with Radar,0,0,0,35,35,0,0,0,11,11,0,0,0,46,46,0,30,30,76
07/15/2019,ADW,MD,AEA,EN,Towers with Radar,0,0,7,55,62,0,1,12,59,72,0,1,19,114,134,0,162,162,296
07/16/2019,ADW,MD,AEA,EN,Towers with Radar,0,0,5,45,50,0,0,2,59,61,0,0,7,104,111,0,194,194,305
07/17/2019,ADW,MD,AEA,EN,Towers with Radar,3,1,2,55,61,0,1,0,54,55,3,2,2,109,116,0,184,184,300
07/18/2019,ADW,MD,AEA,EN,Towers with Radar,1,1,4,74,80,0,2,6,35,43,1,3,10,109,123,0,120,120,243
07/19/2019,ADW,MD,AEA,EN,Towers with Radar,0,0,9,46,55,0,0,12,42,54,0,0,21,88,109,0,50,50,159
07/20/2019,ADW,MD,AEA,EN,Towers with Radar,1,0,0,28,29,0,0,0,14,14,1,0,0,42,43,0,58,58,101
07/21/2019,ADW,MD,AEA,EN,Towers with Radar,1,0,2,34,37,0,0,5,12,17,1,0,7,46,54,0,8,8,62
07/22/2019,ADW,MD,AEA,EN,Towers with Radar,0,2,3,30,35,0,0,2,50,52,0,2,5,80,87,0,84,84,171
07/23/2019,ADW,MD,AEA,EN,Towers with Radar,0,0,8,44,52,0,0,4,44,48,0,0,12,88,100,0,134,134,234
07/24/2019,ADW,MD,AEA,EN,Towers with Radar,0,3,10,44,57,0,0,5,55,60,0,3,15,99,117,0,116,116,233
07/25/2019,ADW,MD,AEA,EN,Towers with Radar,1,0,6,62,69,0,1,1,36,38,1,1,7,98,107,0,114,114,221
07/26/2019,ADW,MD,AEA,EN,Towers with Radar,3,1,5,43,52,0,2,5,58,65,3,3,10,101,117,0,110,110,227
07/27/2019,ADW,MD,AEA,EN,Towers with Radar,3,0,0,18,21,0,0,3,21,24,3,0,3,39,45,0,40,40,85
07/28/2019,ADW,MD,AEA,EN,Towers with Radar,1,0,0,23,24,0,0,10,25,35,1,0,10,48,59,0,78,78,137
07/29/2019,ADW,MD,AEA,EN,Towers with Radar,5,2,11,42,60,0,3,13,37,53,5,5,24,79,113,0,0,0,113
07/30/2019,ADW,MD,AEA,EN,Towers with Radar,0,2,9,82,93,0,0,17,55,72,0,2,26,137,165,0,152,152,317
07/31/2019,ADW,MD,AEA,EN,Towers with Radar,0,2,3,56,61,0,2,4,39,45,0,4,7,95,106,0,110,110,216
08/01/2019,ADW,MD,AEA,EN,Towers with Radar,2,2,2,53,59,0,1,4,62,67,2,3,6,115,126,0,76,76,202
08/02/2019,ADW,MD,AEA,EN,Towers with Radar,0,1,0,55,56,0,0,3,55,58,0,1,3,110,114,0,130,130,244
08/03/2019,ADW,MD,AEA,EN,Towers with Radar,2,0,0,26,28,0,0,9,10,19,2,0,9,36,47,0,16,16,63
08/04/2019,ADW,MD,AEA,EN,Towers with Radar,0,0,0,26,26,0,0,4,11,15,0,0,4,37,41,0,0,0,41
08/05/2019,ADW,MD,AEA,EN,Towers with Radar,0,1,3,35,39,0,1,11,37,49,0,2,14,72,88,0,86,86,174
08/06/2019,ADW,MD,AEA,EN,Towers with Radar,2,1,3,47,53,0,1,6,56,63,2,2,9,103,116,0,176,176,292
08/07/2019,ADW,MD,AEA,EN,Towers with Radar,0,3,5,48,56,0,0,6,37,43,0,3,11,85,99,0,124,124,223
08/08/2019,ADW,MD,AEA,EN,Towers with Radar,2,0,2,49,53,0,0,5,37,42,2,0,7,86,95,0,82,82,177
08/09/2019,ADW,MD,AEA,EN,Towers with Radar,4,0,6,69,79,0,2,8,33,43,4,2,14,102,122,0,164,164,286
08/10/2019,ADW,MD,AEA,EN,Towers with Radar,0,1,0,22,23,0,1,3,15,19,0,2,3,37,42,0,2,2,44
08/11/2019,ADW,MD,AEA,EN,Towers with Radar,0,0,2,16,18,0,0,9,12,21,0,0,11,28,39,0,24,24,63
08/12/2019,ADW,MD,AEA,EN,Towers with Radar,0,3,15,46,64,0,2,3,61,66,0,5,18,107,130,0,114,114,244
08/13/2019,ADW,MD,AEA,EN,Towers with Radar,0,4,1,79,84,0,3,5,44,52,0,7,6,123,136,12,92,104,240
08/14/2019,ADW,MD,AEA,EN,Towers with Radar,0,0,13,75,88,0,0,18,34,52,0,0,31,109,140,0,144,144,284
08/15/2019,ADW,MD,AEA,EN,Towers with Radar,0,1,4,50,55,0,1,2,31,34,0,2,6,81,89,0,104,104,193
08/16/2019,ADW,MD,AEA,EN,Towers with Radar,0,0,7,50,57,0,1,2,33,36,0,1,9,83,93,0,100,100,193
08/17/2019,ADW,MD,AEA,EN,Towers with Radar,0,0,1,8,9,0,0,2,9,11,0,0,3,17,20,0,10,10,30
08/18/2019,ADW,MD,AEA,EN,Towers with Radar,0,0,0,12,12,0,0,6,13,19,0,0,6,25,31,0,0,0,31
08/19/2019,ADW,MD,AEA,EN,Towers with Radar,2,1,6,29,38,0,0,6,28,34,2,1,12,57,72,0,36,36,108
08/20/2019,ADW,MD,AEA,EN,Towers with Radar,0,1,8,46,55,0,0,6,27,33,0,1,14,73,88,0,50,50,138
08/21/2019,ADW,MD,AEA,EN,Towers with Radar,0,1,3,51,55,0,0,3,27,30,0,1,6,78,85,0,84,84,169
08/22/2019,ADW,MD,AEA,EN,Towers with Radar,0,4,5,58,67,0,1,0,45,46,0,5,5,103,113,0,120,120,233
08/23/2019,ADW,MD,AEA,EN,Towers with Radar,0,0,4,48,52,0,0,0,15,15,0,0,4,63,67,0,0,0,67
08/24/2019,ADW,MD,AEA,EN,Towers with Radar,0,0,0,14,14,0,0,17,16,33,0,0,17,30,47,0,6,6,53
08/25/2019,ADW,MD,AEA,EN,Towers with Radar,2,1,1,13,17,0,1,3,14,18,2,2,4,27,35,0,6,6,41
08/26/2019,ADW,MD,AEA,EN,Towers with Radar,0,1,2,43,46,0,0,10,58,68,0,1,12,101,114,0,178,178,292
08/27/2019,ADW,MD,AEA,EN,Towers with Radar,1,3,12,78,94,0,3,8,47,58,1,6,20,125,152,0,144,144,296
08/28/2019,ADW,MD,AEA,EN,Towers with Radar,1,0,17,60,78,0,0,4,36,40,1,0,21,96,118,0,148,148,266
08/29/2019,ADW,MD,AEA,EN,Towers with Radar,2,0,14,58,74,0,4,5,15,24,2,4,19,73,98,0,82,82,180
08/30/2019,ADW,MD,AEA,EN,Towers with Radar,2,1,0,39,42,0,0,1,14,15,2,1,1,53,57,0,42,42,99
08/31/2019,ADW,MD,AEA,EN,Towers with Radar,0,1,0,21,22,0,0,6,16,22,0,1,6,37,44,0,0,0,44
09/01/2019,ADW,MD,AEA,EN,Towers with Radar,0,0,0,22,22,0,0,6,20,26,0,0,6,42,48,0,20,20,68
09/02/2019,ADW,MD,AEA,EN,Towers with Radar,0,0,0,22,22,0,0,10,12,22,0,0,10,34,44,0,4,4,48
09/03/2019,ADW,MD,AEA,EN,Towers with Radar,3,0,6,67,76,0,0,5,53,58,3,0,11,120,134,0,154,154,288
09/04/2019,ADW,MD,AEA,EN,Towers with Radar,1,0,4,73,78,0,0,2,43,45,1,0,6,116,123,0,132,132,255
09/05/2019,ADW,MD,AEA,EN,Towers with Radar,0,1,27,51,79,0,1,11,36,48,0,2,38,87,127,4,282,286,413
09/06/2019,ADW,MD,AEA,EN,Towers with Radar,0,0,2,39,41,0,0,5,36,41,0,0,7,75,82,0,160,160,242
09/07/2019,ADW,MD,AEA,EN,Towers with Radar,2,1,4,16,23,0,0,6,10,16,2,1,10,26,39,0,38,38,77
09/08/2019,ADW,MD,AEA,EN,Towers with Radar,0,1,2,23,26,0,0,3,18,21,0,1,5,41,47,0,6,6,53
09/09/2019,ADW,MD,AEA,EN,Towers with Radar,0,0,3,34,37,0,0,6,43,49,0,0,9,77,86,0,88,88,174
09/10/2019,ADW,MD,AEA,EN,Towers with Radar,0,1,3,61,65,0,0,4,61,65,0,1,7,122,130,0,132,132,262
09/11/2019,ADW,MD,AEA,EN,Towers with Radar,0,0,7,66,73,0,0,7,63,70,0,0,14,129,143,0,168,168,311
09/12/2019,ADW,MD,AEA,EN,Towers with Radar,4,1,11,46,62,0,0,5,36,41,4,1,16,82,103,0,112,112,215
09/13/2019,ADW,MD,AEA,EN,Towers with Radar,2,0,6,28,36,0,0,4,12,16,2,0,10,40,52,0,14,14,66
09/14/2019,ADW,MD,AEA,EN,Towers with Radar,3,1,0,18,22,0,0,9,30,39,3,1,9,48,61,0,6,6,67
09/15/2019,ADW,MD,AEA,EN,Towers with Radar,1,1,0,40,42,0,2,6,27,35,1,3,6,67,77,0,38,38,115
09/16/2019,ADW,MD,AEA,EN,Towers with Radar,0,1,5,36,42,0,0,2,47,49,0,1,7,83,91,0,156,156,247
09/17/2019,ADW,MD,AEA,EN,Towers with Radar,4,1,4,52,61,0,0,0,30,30,4,1,4,82,91,0,94,94,185
09/18/2019,ADW,MD,AEA,EN,Towers with Radar,1,3,5,55,64,0,0,0,30,30,1,3,5,85,94,0,120,120,214
09/19/2019,ADW,MD,AEA,EN,Towers with Radar,2,1,0,66,69,0,0,3,48,51,2,1,3,114,120,0,64,64,184
09/20/2019,ADW,MD,AEA,EN,Towers with Radar,2,2,32,46,82,0,4,15,40,59,2,6,47,86,141,0,54,54,195
09/21/2019,ADW,MD,AEA,EN,Towers with Radar,4,1,1,24,30,0,5,2,32,39,4,6,3,56,69,0,20,20,89
09/22/2019,ADW,MD,AEA,EN,Towers with Radar,1,1,0,23,25,0,3,10,20,33,1,4,10,43,58,0,70,70,128
09/23/2019,ADW,MD,AEA,EN,Towers with Radar,0,1,9,36,46,0,2,10,49,61,0,3,19,85,107,0,148,148,255
09/24/2019,ADW,MD,AEA,EN,Towers with Radar,2,0,0,32,34,0,0,4,52,56,2,0,4,84,90,0,106,106,196
09/25/2019,ADW,MD,AEA,EN,Towers with Radar,2,0,3,34,39,0,0,8,57,65,2,0,11,91,104,0,200,200,304
09/26/2019,ADW,MD,AEA,EN,Towers with Radar,1,1,0,50,52,0,0,6,51,57,1,1,6,101,109,0,154,154,263
09/27/2019,ADW,MD,AEA,EN,Towers with Radar,1,2,8,38,49,0,2,6,17,25,1,4,14,55,74,0,84,84,158
09/28/2019,ADW,MD,AEA,EN,Towers with Radar,2,1,0,15,18,0,1,3,19,23,2,2,3,34,41,0,50,50,91
09/29/2019,ADW,MD,AEA,EN,Towers with Radar,2,4,0,17,23,0,6,3,11,20,2,10,3,28,43,0,26,26,69
09/30/2019,ADW,MD,AEA,EN,Towers with Radar,0,4,6,35,45,0,2,0,27,29,0,6,6,62,74,0,174,174,248
10/01/2019,ADW,MD,AEA,EN,Towers with Radar,0,0,2,52,54,0,0,4,26,30,0,0,6,78,84,0,146,146,230
10/02/2019,ADW,MD,AEA,EN,Towers with Radar,0,1,24,46,71,0,3,18,35,56,0,4,42,81,127,0,50,50,177
10/03/2019,ADW,MD,AEA,EN,Towers with Radar,0,0,3,46,49,0,0,2,47,49,0,0,5,93,98,0,70,70,168
10/04/2019,ADW,MD,AEA,EN,Towers with Radar,2,1,14,55,72,0,0,3,28,31,2,1,17,83,103,0,126,126,229
10/05/2019,ADW,MD,AEA,EN,Towers with Radar,2,0,0,46,48,0,2,5,27,34,2,2,5,73,82,0,0,0,82
10/06/2019,ADW,MD,AEA,EN,Towers with Radar,0,1,0,60,61,0,0,0,29,29,0,1,0,89,90,0,70,70,160
10/07/2019,ADW,MD,AEA,EN,Towers with Radar,4,2,14,49,69,0,3,5,39,47,4,5,19,88,116,0,124,124,240
10/08/2019,ADW,MD,AEA,EN,Towers with Radar,2,0,24,57,83,0,0,5,36,41,2,0,29,93,124,0,104,104,228
10/09/2019,ADW,MD,AEA,EN,Towers with Radar,0,0,6,72,78,0,0,7,77,84,0,0,13,149,162,0,128,128,290
10/10/2019,ADW,MD,AEA,EN,Towers with Radar,0,0,14,67,81,0,0,7,41,48,0,0,21,108,129,0,92,92,221
10/11/2019,ADW,MD,AEA,EN,Towers with Radar,2,1,2,33,38,0,0,6,50,56,2,1,8,83,94,0,88,88,182
10/12/2019,ADW,MD,AEA,EN,Towers with Radar,0,0,0,21,21,0,0,2,9,11,0,0,2,30,32,0,96,96,128
10/13/2019,ADW,MD,AEA,EN,Towers with Radar,0,1,0,31,32,0,0,5,10,15,0,1,5,41,47,0,0,0,47
10/14/2019,ADW,MD,AEA,EN,Towers with Radar,0,0,2,29,31,0,0,4,13,17,0,0,6,42,48,0,14,14,62
10/15/2019,ADW,MD,AEA,EN,Towers with Radar,1,1,2,74,78,0,0,4,54,58,1,1,6,128,136,0,144,144,280
10/16/2019,ADW,MD,AEA,EN,Towers with Radar,0,0,2,53,55,0,2,1,20,23,0,2,3,73,78,0,8,8,86
10/17/2019,ADW,MD,AEA,EN,Towers with Radar,1,0,0,29,30,0,0,0,19,19,1,0,0,48,49,0,100,100,149
10/18/2019,ADW,MD,AEA,EN,Towers with Radar,0,0,6,66,72,0,0,6,22,28,0,0,12,88,100,0,50,50,150
10/19/2019,ADW,MD,AEA,EN,Towers with Radar,2,0,0,27,29,0,0,13,20,33,2,0,13,47,62,0,68,68,130
10/20/2019,ADW,MD,AEA,EN,Towers with Radar,0,0,0,20,20,0,0,2,0,2,0,0,2,20,22,0,0,0,22
10/21/2019,ADW,MD,AEA,EN,Towers with Radar,0,0,6,63,69,0,1,5,47,53,0,1,11,110,122,0,120,120,242
10/22/2019,ADW,MD,AEA,EN,Towers with Radar,5,0,8,57,70,0,0,0,1,1,5,0,8,58,71,0,0,0,71
10/23/2019,ADW,MD,AEA,EN,Towers with Radar,7,0,2,58,67,0,0,9,57,66,7,0,11,115,133,0,188,188,321
10/24/2019,ADW,MD,AEA,EN,Towers with Radar,4,0,14,63,81,0,0,4,53,57,4,0,18,116,138,0,152,152,290
10/25/2019,ADW,MD,AEA,EN,Towers with Radar,0,2,10,58,70,0,1,2,48,51,0,3,12,106,121,0,44,44,165
10/26/2019,ADW,MD,AEA,EN,Towers with Radar,2,0,2,21,25,0,0,5,12,17,2,0,7,33,42,0,32,32,74
10/27/2019,ADW,MD,AEA,EN,Towers with Radar,4,1,0,33,38,0,1,2,6,9,4,2,2,39,47,0,0,0,47
10/28/2019,ADW,MD,AEA,EN,Towers with Radar,2,3,8,43,56,0,0,8,47,55,2,3,16,90,111,0,134,134,245
10/29/2019,ADW,MD,AEA,EN,Towers with Radar,6,0,7,120,133,0,0,2,53,55,6,0,9,173,188,0,160,160,348
10/30/2019,ADW,MD,AEA,EN,Towers with Radar,0,1,14,69,84,0,0,2,38,40,0,1,16,107,124,0,190,190,314
10/31/2019,ADW,MD,AEA,EN,Towers with Radar,0,0,18,50,68,0,0,0,29,29,0,0,18,79,97,0,166,166,263
11/01/2019,ADW,MD,AEA,EN,Towers with Radar,1,0,5,58,64,0,0,4,43,47,1,0,9,101,111,0,18,18,129
11/02/2019,ADW,MD,AEA,EN,Towers with Radar,5,0,0,65,70,0,0,10,24,34,5,0,10,89,104,0,24,24,128
11/03/2019,ADW,MD,AEA,EN,Towers with Radar,0,0,0,19,19,0,0,4,25,29,0,0,4,44,48,0,42,42,90
11/04/2019,ADW,MD,AEA,EN,Towers with Radar,0,0,2,41,43,0,0,5,46,51,0,0,7,87,94,0,92,92,186
11/05/2019,ADW,MD,AEA,EN,Towers with Radar,0,0,7,78,85,0,3,3,47,53,0,3,10,125,138,0,0,0,138
11/06/2019,ADW,MD,AEA,EN,Towers with Radar,0,0,0,65,65,0,0,12,57,69,0,0,12,122,134,0,214,214,348
11/07/2019,ADW,MD,AEA,EN,Towers with Radar,0,0,8,76,84,0,0,5,49,54,0,0,13,125,138,0,212,212,350
11/08/2019,ADW,MD,AEA,EN,Towers with Radar,0,1,4,81,86,0,2,7,36,45,0,3,11,117,131,0,70,70,201
11/09/2019,ADW,MD,AEA,EN,Towers with Radar,6,0,0,15,21,0,0,8,13,21,6,0,8,28,42,0,22,22,64
11/10/2019,ADW,MD,AEA,EN,Towers with Radar,0,0,0,19,19,0,0,10,15,25,0,0,10,34,44,0,26,26,70
11/11/2019,ADW,MD,AEA,EN,Towers with Radar,0,1,2,19,22,0,1,2,19,22,0,2,4,38,44,0,38,38,82
11/12/2019,ADW,MD,AEA,EN,Towers with Radar,4,1,5,59,69,0,0,3,38,41,4,1,8,97,110,0,20,20,130
11/13/2019,ADW,MD,AEA,EN,Towers with Radar,4,3,6,52,65,0,0,2,46,48,4,3,8,98,113,0,154,154,267
11/14/2019,ADW,MD,AEA,EN,Towers with Radar,1,1,3,67,72,0,6,10,46,62,1,7,13,113,134,0,138,138,272
11/15/2019,ADW,MD,AEA,EN,Towers with Radar,3,0,3,41,47,0,0,7,33,40,3,0,10,74,87,0,134,134,221
11/16/2019,ADW,MD,AEA,EN,Towers with Radar,0,1,0,12,13,0,1,3,18,22,0,2,3,30,35,0,54,54,89
11/17/2019,ADW,MD,AEA,EN,Towers with Radar,4,0,0,23,27,0,0,3,29,32,4,0,3,52,59,0,60,60,119
11/18/2019,ADW,MD,AEA,EN,Towers with Radar,4,1,11,42,58,0,0,3,21,24,4,1,14,63,82,0,246,246,328
11/19/2019,ADW,MD,AEA,EN,Towers with Radar,0,1,12,59,72,0,0,5,49,54,0,1,17,108,126,0,220,220,346
11/20/2019,ADW,MD,AEA,EN,Towers with Radar,0,3,14,61,78,0,0,7,56,63,0,3,21,117,141,0,0,0,141
11/21/2019,ADW,MD,AEA,EN,Towers with Radar,2,0,28,72,102,0,0,6,47,53,2,0,34,119,155,0,154,154,309
11/22/2019,ADW,MD,AEA,EN,Towers with Radar,0,0,29,51,80,0,0,10,18,28,0,0,39,69,108,0,92,92,200
11/23/2019,ADW,MD,AEA,EN,Towers with Radar,2,0,0,21,23,0,0,4,24,28,2,0,4,45,51,0,78,78,129
11/24/2019,ADW,MD,AEA,EN,Towers with Radar,1,0,1,24,26,0,2,1,23,26,1,2,2,47,52,0,24,24,76
11/25/2019,ADW,MD,AEA,EN,Towers with Radar,1,0,12,64,77,0,5,7,54,66,1,5,19,118,143,0,148,148,291
11/26/2019,ADW,MD,AEA,EN,Towers with Radar,0,0,2,64,66,0,0,5,58,63,0,0,7,122,129,2,94,96,225
11/27/2019,ADW,MD,AEA,EN,Towers with Radar,0,0,1,44,45,0,0,1,21,22,0,0,2,65,67,0,70,70,137
11/28/2019,ADW,MD,AEA,EN,Towers with Radar,0,0,0,4,4,0,0,2,6,8,0,0,2,10,12,0,0,0,12
11/29/2019,ADW,MD,AEA,EN,Towers with Radar,0,0,3,21,24,0,0,6,20,26,0,0,9,41,50,0,36,36,86
11/30/2019,ADW,MD,AEA,EN,Towers with Radar,0,0,0,11,11,0,1,0,20,21,0,1,0,31,32,0,102,102,134
12/01/2019,ADW,MD,AEA,EN,Towers with Radar,0,0,0,10,10,0,0,0,0,0,0,0,0,10,10,0,0,0,10
12/02/2019,ADW,MD,AEA,EN,Towers with Radar,4,0,0,46,50,0,0,3,33,36,4,0,3,79,86,0,64,64,150
12/03/2019,ADW,MD,AEA,EN,Towers with Radar,1,0,0,68,69,0,0,7,38,45,1,0,7,106,114,0,74,74,188
12/04/2019,ADW,MD,AEA,EN,Towers with Radar,0,0,14,49,63,0,0,6,42,48,0,0,20,91,111,0,170,170,281
12/05/2019,ADW,MD,AEA,EN,Towers with Radar,1,0,2,92,95,0,0,0,37,37,1,0,2,129,132,0,112,112,244
12/06/2019,ADW,MD,AEA,EN,Towers with Radar,0,2,17,68,87,0,0,4,13,17,0,2,21,81,104,0,44,44,148
12/07/2019,ADW,MD,AEA,EN,Towers with Radar,2,0,0,25,27,0,0,4,11,15,2,0,4,36,42,0,48,48,90
12/08/2019,ADW,MD,AEA,EN,Towers with Radar,2,2,2,36,42,0,3,2,36,41,2,5,4,72,83,0,76,76,159
12/09/2019,ADW,MD,AEA,EN,Towers with Radar,0,0,2,17,19,0,0,0,0,0,0,0,2,17,19,0,0,0,19
12/10/2019,ADW,MD,AEA,EN,Towers with Radar,1,1,2,80,84,0,0,2,38,40,1,1,4,118,124,0,50,50,174
12/11/2019,ADW,MD,AEA,EN,Towers with Radar,0,0,10,46,56,0,1,5,49,55,0,1,15,95,111,0,174,174,285
12/12/2019,ADW,MD,AEA,EN,Towers with Radar,1,0,20,113,134,0,0,5,56,61,1,0,25,169,195,0,176,176,371
12/13/2019,ADW,MD,AEA,EN,Towers with Radar,2,0,2,24,28,0,0,0,0,0,2,0,2,24,28,0,0,0,28
12/14/2019,ADW,MD,AEA,EN,Towers with Radar,0,1,2,23,26,0,0,0,8,8,0,1,2,31,34,0,0,0,34
12/15/2019,ADW,MD,AEA,EN,Towers with Radar,1,0,1,31,33,0,1,3,24,28,1,1,4,55,61,0,40,40,101
12/16/2019,ADW,MD,AEA,EN,Towers with Radar,1,0,10,21,32,0,0,0,1,1,1,0,10,22,33,0,0,0,33
12/17/2019,ADW,MD,AEA,EN,Towers with Radar,0,0,8,36,44,0,0,0,10,10,0,0,8,46,54,0,0,0,54
12/18/2019,ADW,MD,AEA,EN,Towers with Radar,0,1,12,64,77,0,0,3,58,61,0,1,15,122,138,0,0,0,138
12/19/2019,ADW,MD,AEA,EN,Towers with Radar,2,1,7,85,95,0,1,4,41,46,2,2,11,126,141,0,204,204,345
12/20/2019,ADW,MD,AEA,EN,Towers with Radar,0,6,7,45,58,0,4,2,25,31,0,10,9,70,89,2,12,14,103
12/21/2019,ADW,MD,AEA,EN,Towers with Radar,0,0,0,13,13,0,1,1,17,19,0,1,1,30,32,0,16,16,48
12/22/2019,ADW,MD,AEA,EN,Towers with Radar,0,0,0,7,7,0,0,6,12,18,0,0,6,19,25,0,0,0,25
12/23/2019,ADW,MD,AEA,EN,Towers with Radar,0,0,0,29,29,0,0,2,28,30,0,0,2,57,59,0,42,42,101
12/24/2019,ADW,MD,AEA,EN,Towers with Radar,0,0,0,4,4,0,0,4,15,19,0,0,4,19,23,0,28,28,51
12/25/2019,ADW,MD,AEA,EN,Towers with Radar,0,0,0,3,3,0,0,4,4,8,0,0,4,7,11,0,0,0,11
12/26/2019,ADW,MD,AEA,EN,Towers with Radar,0,0,2,17,19,0,0,0,10,10,0,0,2,27,29,0,0,0,29
12/27/2019,ADW,MD,AEA,EN,Towers with Radar,0,0,6,14,20,0,0,6,17,23,0,0,12,31,43,0,38,38,81
12/28/2019,ADW,MD,AEA,EN,Towers with Radar,0,0,0,4,4,0,0,6,27,33,0,0,6,31,37,0,0,0,37
12/29/2019,ADW,MD,AEA,EN,Towers with Radar,0,0,0,6,6,0,0,0,6,6,0,0,0,12,12,0,0,0,12
12/30/2019,ADW,MD,AEA,EN,Towers with Radar,0,0,8,13,21,0,0,0,6,6,0,0,8,19,27,0,0,0,27
12/31/2019,ADW,MD,AEA,EN,Towers with Radar,0,0,2,3,5,0,0,2,8,10,0,0,4,11,15,0,20,20,35
01/01/2020,ADW,MD,AEA,EN,Towers with Radar,0,0,0,6,6,0,0,7,12,19,0,0,7,18,25,0,26,26,51
01/02/2020,ADW,MD,AEA,EN,Towers with Radar,0,0,2,46,48,0,0,4,37,41,0,0,6,83,89,0,118,118,207
01/03/2020,ADW,MD,AEA,EN,Towers with Radar,0,2,10,25,37,0,0,0,16,16,0,2,10,41,53,0,20,20,73
01/04/2020,ADW,MD,AEA,EN,Towers with Radar,0,0,0,13,13,0,0,0,12,12,0,0,0,25,25,0,68,68,93
01/05/2020,ADW,MD,AEA,EN,Towers with Radar,2,1,0,22,25,0,2,3,35,40,2,3,3,57,65,0,28,28,93
01/06/2020,ADW,MD,AEA,EN,Towers with Radar,0,1,8,55,64,0,0,4,50,54,0,1,12,105,118,0,208,208,326
01/07/2020,ADW,MD,AEA,EN,Towers with Radar,0,0,6,40,46,0,0,2,19,21,0,0,8,59,67,0,140,140,207
01/08/2020,ADW,MD,AEA,EN,Towers with Radar,0,1,4,32,37,0,1,7,34,42,0,2,11,66,79,0,98,98,177
01/09/2020,ADW,MD,AEA,EN,Towers with Radar,0,0,4,89,93,0,0,2,73,75,0,0,6,162,168,0,166,166,334
01/10/2020,ADW,MD,AEA,EN,Towers with Radar,0,0,4,54,58,0,0,2,19,21,0,0,6,73,79,0,20,20,99
01/11/2020,ADW,MD,AEA,EN,Towers with Radar,2,0,5,39,46,0,0,0,23,23,2,0,5,62,69,0,82,82,151
01/12/2020,ADW,MD,AEA,EN,Towers with Radar,0,0,0,39,39,0,0,0,12,12,0,0,0,51,51,0,34,34,85
01/13/2020,ADW,MD,AEA,EN,Towers with Radar,0,0,11,59,70,0,1,3,58,62,0,1,14,117,132,0,150,150,282
01/14/2020,ADW,MD,AEA,EN,Towers with Radar,2,0,0,40,42,0,0,0,3,3,2,0,0,43,45,0,0,0,45
01/15/2020,ADW,MD,AEA,EN,Towers with Radar,1,0,11,51,63,0,3,7,58,68,1,3,18,109,131,0,80,80,211
01/16/2020,ADW,MD,AEA,EN,Towers with Radar,1,3,0,57,61,0,3,6,61,70,1,6,6,118,131,0,126,126,257
01/17/2020,ADW,MD,AEA,EN,Towers with Radar,2,0,10,41,53,0,0,6,33,39,2,0,16,74,92,0,58,58,150
01/18/2020,ADW,MD,AEA,EN,Towers with Radar,2,0,0,17,19,0,0,2,9,11,2,0,2,26,30,0,0,0,30
01/19/2020,ADW,MD,AEA,EN,Towers with Radar,2,0,0,24,26,0,0,5,19,24,2,0,5,43,50,0,2,2,52
01/20/2020,ADW,MD,AEA,EN,Towers with Radar,0,0,1,21,22,0,1,3,13,17,0,1,4,34,39,0,4,4,43
01/21/2020,ADW,MD,AEA,EN,Towers with Radar,0,0,8,40,48,0,1,7,51,59,0,1,15,91,107,0,138,138,245
01/22/2020,ADW,MD,AEA,EN,Towers with Radar,0,0,8,79,87,0,0,7,69,76,0,0,15,148,163,0,170,170,333
01/23/2020,ADW,MD,AEA,EN,Towers with Radar,1,1,3,118,123,0,1,4,52,57,1,2,7,170,180,0,138,138,318
01/24/2020,ADW,MD,AEA,EN,Towers with Radar,0,0,19,53,72,0,0,5,36,41,0,0,24,89,113,0,94,94,207
01/25/2020,ADW,MD,AEA,EN,Towers with Radar,4,0,0,9,13,0,0,0,16,16,4,0,0,25,29,0,36,36,65
01/26/2020,ADW,MD,AEA,EN,Towers with Radar,2,2,1,27,32,0,0,16,11,27,2,2,17,38,59,0,48,48,107
01/27/2020,ADW,MD,AEA,EN,Towers with Radar,0,0,21,39,60,0,0,9,10,19,0,0,30,49,79,0,88,88,167
01/28/2020,ADW,MD,AEA,EN,Towers with Radar,0,0,13,60,73,0,3,7,51,61,0,3,20,111,134,0,38,38,172
01/29/2020,ADW,MD,AEA,EN,Towers with Radar,5,0,13,70,88,0,1,2,48,51,5,1,15,118,139,0,70,70,209
01/30/2020,ADW,MD,AEA,EN,Towers with Radar,0,0,0,94,94,0,0,1,60,61,0,0,1,154,155,0,116,116,271
01/31/2020,ADW,MD,AEA,EN,Towers with Radar,1,0,2,53,56,0,0,2,38,40,1,0,4,91,96,0,30,30,126
02/01/2020,ADW,MD,AEA,EN,Towers with Radar,2,0,2,13,17,0,0,0,11,11,2,0,2,24,28,0,16,16,44
02/02/2020,ADW,MD,AEA,EN,Towers with Radar,0,0,0,10,10,0,0,4,15,19,0,0,4,25,29,0,44,44,73
02/03/2020,ADW,MD,AEA,EN,Towers with Radar,2,1,0,41,44,0,1,6,24,31,2,2,6,65,75,0,58,58,133
02/04/2020,ADW,MD,AEA,EN,Towers with Radar,0,0,5,66,71,0,0,2,7,9,0,0,7,73,80,0,58,58,138
02/05/2020,ADW,MD,AEA,EN,Towers with Radar,0,1,3,44,48,0,0,0,18,18,0,1,3,62,66,0,22,22,88
02/06/2020,ADW,MD,AEA,EN,Towers with Radar,0,0,0,21,21,0,0,0,0,0,0,0,0,21,21,0,0,0,21
02/07/2020,ADW,MD,AEA,EN,Towers with Radar,3,1,0,24,28,0,0,2,33,35,3,1,2,57,63,0,12,12,75
02/08/2020,ADW,MD,AEA,EN,Towers with Radar,2,0,0,34,36,0,0,3,19,22,2,0,3,53,58,0,66,66,124
02/09/2020,ADW,MD,AEA,EN,Towers with Radar,2,0,2,63,67,0,0,0,14,14,2,0,2,77,81,0,62,62,143
02/10/2020,ADW,MD,AEA,EN,Towers with Radar,2,2,0,41,45,0,0,1,46,47,2,2,1,87,92,0,223,223,315
02/11/2020,ADW,MD,AEA,EN,Towers with Radar,1,1,3,63,68,0,0,1,27,28,1,1,4,90,96,0,70,70,166
02/12/2020,ADW,MD,AEA,EN,Towers with Radar,0,0,16,48,64,0,0,15,36,51,0,0,31,84,115,0,68,68,183
02/13/2020,ADW,MD,AEA,EN,Towers with Radar,3,2,4,58,67,0,0,5,24,29,3,2,9,82,96,0,108,108,204
02/14/2020,ADW,MD,AEA,EN,Towers with Radar,0,0,7,43,50,0,0,2,30,32,0,0,9,73,82,0,70,70,152
02/15/2020,ADW,MD,AEA,EN,Towers with Radar,4,1,0,15,20,0,0,5,7,12,4,1,5,22,32,0,0,0,32
02/16/2020,ADW,MD,AEA,EN,Towers with Radar,2,0,0,15,17,0,0,7,13,20,2,0,7,28,37,0,40,40,77
02/17/2020,ADW,MD,AEA,EN,Towers with Radar,0,0,3,23,26,0,4,7,11,22,0,4,10,34,48,0,46,46,94
02/18/2020,ADW,MD,AEA,EN,Towers with Radar,0,0,9,74,83,0,2,3,51,56,0,2,12,125,139,0,0,0,139
02/19/2020,ADW,MD,AEA,EN,Towers with Radar,1,1,6,86,94,0,2,6,39,47,1,3,12,125,141,0,148,148,289
02/20/2020,ADW,MD,AEA,EN,Towers with Radar,3,0,6,119,128,0,2,3,45,50,3,2,9,164,178,0,142,142,320
02/21/2020,ADW,MD,AEA,EN,Towers with Radar,0,2,6,73,81,0,1,1,65,67,0,3,7,138,148,0,62,62,210
02/22/2020,ADW,MD,AEA,EN,Towers with Radar,2,0,1,22,25,0,1,2,23,26,2,1,3,45,51,0,0,0,51
02/23/2020,ADW,MD,AEA,EN,Towers with Radar,2,0,0,25,27,0,0,3,11,14,2,0,3,36,41,0,14,14,55
02/24/2020,ADW,MD,AEA,EN,Towers with Radar,2,1,2,49,54,0,1,6,60,67,2,2,8,109,121,0,80,80,201
02/25/2020,ADW,MD,AEA,EN,Towers with Radar,0,0,4,52,56,0,2,0,2,4,0,2,4,54,60,0,12,12,72
02/26/2020,ADW,MD,AEA,EN,Towers with Radar,0,0,2,53,55,0,0,0,0,0,0,0,2,53,55,0,0,0,55
02/27/2020,ADW,MD,AEA,EN,Towers with Radar,0,1,2,58,61,0,0,8,53,61,0,1,10,111,122,28,32,60,182
02/28/2020,ADW,MD,AEA,EN,Towers with Radar,2,1,4,70,77,0,1,3,49,53,2,2,7,119,130,0,106,106,236
02/29/2020,ADW,MD,AEA,EN,Towers with Radar,0,1,4,21,26,0,0,8,17,25,0,1,12,38,51,0,28,28,79
03/01/2020,ADW,MD,AEA,EN,Towers with Radar,0,0,2,18,20,0,0,5,26,31,0,0,7,44,51,0,92,92,143
03/02/2020,ADW,MD,AEA,EN,Towers with Radar,1,1,28,40,70,0,0,12,70,82,1,1,40,110,152,0,162,162,314
03/03/2020,ADW,MD,AEA,EN,Towers with Radar,1,1,5,62,69,0,2,2,41,45,1,3,7,103,114,0,0,0,114
03/04/2020,ADW,MD,AEA,EN,Towers with Radar,0,0,7,63,70,0,0,4,63,67,0,0,11,126,137,0,60,60,197
03/05/2020,ADW,MD,AEA,EN,Towers with Radar,0,1,4,97,102,0,2,3,91,96,0,3,7,188,198,0,142,142,340
03/06/2020,ADW,MD,AEA,EN,Towers with Radar,2,0,8,79,89,0,0,4,45,49,2,0,12,124,138,0,84,84,222
03/07/2020,ADW,MD,AEA,EN,Towers with Radar,2,0,0,18,20,0,0,5,7,12,2,0,5,25,32,0,0,0,32
03/08/2020,ADW,MD,AEA,EN,Towers with Radar,4,0,6,33,43,0,0,1,8,9,4,0,7,41,52,0,22,22,74
03/09/2020,ADW,MD,AEA,EN,Towers with Radar,4,1,4,54,63,0,2,3,53,58,4,3,7,107,121,0,124,124,245
03/10/2020,ADW,MD,AEA,EN,Towers with Radar,0,1,10,34,45,0,0,2,34,36,0,1,12,68,81,0,0,0,81
03/11/2020,ADW,MD,AEA,EN,Towers with Radar,2,0,4,38,44,0,0,4,45,49,2,0,8,83,93,0,88,88,181
03/12/2020,ADW,MD,AEA,EN,Towers with Radar,2,1,6,67,76,0,2,5,47,54,2,3,11,114,130,0,198,198,328
03/13/2020,ADW,MD,AEA,EN,Towers with Radar,0,0,6,38,44,0,2,3,39,44,0,2,9,77,88,0,50,50,138
03/14/2020,ADW,MD,AEA,EN,Towers with Radar,0,2,2,27,31,0,0,6,10,16,0,2,8,37,47,0,22,22,69
03/15/2020,ADW,MD,AEA,EN,Towers with Radar,0,0,0,8,8,0,0,3,12,15,0,0,3,20,23,0,0,0,23
03/16/2020,ADW,MD,AEA,EN,Towers with Radar,2,0,8,44,54,0,0,9,31,40,2,0,17,75,94,0,142,142,236
03/17/2020,ADW,MD,AEA,EN,Towers with Radar,0,0,12,70,82,0,0,8,35,43,0,0,20,105,125,0,228,228,353
03/18/2020,ADW,MD,AEA,EN,Towers with Radar,0,4,30,64,98,0,1,5,35,41,0,5,35,99,139,0,108,108,247
03/19/2020,ADW,MD,AEA,EN,Towers with Radar,0,0,19,75,94,0,0,0,28,28,0,0,19,103,122,0,110,110,232
03/20/2020,ADW,MD,AEA,EN,Towers with Radar,0,0,2,25,27,0,0,0,14,14,0,0,2,39,41,0,38,38,79
03/21/2020,ADW,MD,AEA,EN,Towers with Radar,1,1,0,10,12,0,0,6,24,30,1,1,6,34,42,0,60,60,102
03/22/2020,ADW,MD,AEA,EN,Towers with Radar,3,2,0,7,12,0,0,2,14,16,3,2,2,21,28,0,0,0,28
03/23/2020,ADW,MD,AEA,EN,Towers with Radar,2,2,2,5,11,0,0,0,2,2,2,2,2,7,13,0,12,12,25
03/24/2020,ADW,MD,AEA,EN,Towers with Radar,0,0,4,24,28,0,0,2,31,33,0,0,6,55,61,0,0,0,61
03/25/2020,ADW,MD,AEA,EN,Towers with Radar,4,0,4,29,37,0,0,2,4,6,4,0,6,33,43,0,0,0,43
03/26/2020,ADW,MD,AEA,EN,Towers with Radar,0,0,16,53,69,0,0,3,27,30,0,0,19,80,99,0,0,0,99
03/27/2020,ADW,MD,AEA,EN,Towers with Radar,2,1,11,24,38,0,0,0,36,36,2,1,11,60,74,0,86,86,160
03/28/2020,ADW,MD,AEA,EN,Towers with Radar,4,0,0,6,10,0,0,2,8,10,4,0,2,14,20,0,0,0,20
03/29/2020,ADW,MD,AEA,EN,Towers with Radar,2,2,0,2,6,0,0,2,8,10,2,2,2,10,16,0,0,0,16
03/30/2020,ADW,MD,AEA,EN,Towers with Radar,0,0,5,22,27,0,0,10,49,59,0,0,15,71,86,0,127,127,213
03/31/2020,ADW,MD,AEA,EN,Towers with Radar,0,0,4,47,51,0,0,1,31,32,0,0,5,78,83,0,108,108,191
04/01/2020,ADW,MD,AEA,EN,Towers with Radar,0,0,58,24,82,0,0,4,47,51,0,0,62,71,133,0,174,174,307
04/02/2020,ADW,MD,AEA,EN,Towers with Radar,0,2,31,26,59,0,3,10,36,49,0,5,41,62,108,0,150,150,258
04/03/2020,ADW,MD,AEA,EN,Towers with Radar,0,0,22,23,45,0,0,5,33,38,0,0,27,56,83,0,124,124,207
04/04/2020,ADW,MD,AEA,EN,Towers with Radar,0,0,1,4,5,0,0,3,10,13,0,0,4,14,18,0,14,14,32
04/05/2020,ADW,MD,AEA,EN,Towers with Radar,0,0,0,7,7,0,0,0,21,21,0,0,0,28,28,0,14,14,42
04/06/2020,ADW,MD,AEA,EN,Towers with Radar,0,0,22,20,42,0,0,8,42,50,0,0,30,62,92,0,146,146,238
04/07/2020,ADW,MD,AEA,EN,Towers with Radar,0,0,0,26,26,0,0,0,35,35,0,0,0,61,61,0,0,0,61
04/08/2020,ADW,MD,AEA,EN,Towers with Radar,0,0,30,18,48,0,2,5,27,34,0,2,35,45,82,0,108,108,190
04/09/2020,ADW,MD,AEA,EN,Towers with Radar,0,0,0,23,23,0,0,1,17,18,0,0,1,40,41,0,26,26,67
04/10/2020,ADW,MD,AEA,EN,Towers with Radar,0,1,3,15,19,0,0,3,15,18,0,1,6,30,37,0,0,0,37
04/11/2020,ADW,MD,AEA,EN,Towers with Radar,0,0,0,1,1,0,2,0,14,16,0,2,0,15,17,0,26,26,43
04/12/2020,ADW,MD,AEA,EN,Towers with Radar,0,0,0,1,1,0,1,8,6,15,0,1,8,7,16,0,0,0,16
04/13/2020,ADW,MD,AEA,EN,Towers with Radar,0,0,0,4,4,0,0,3,24,27,0,0,3,28,31,0,74,74,105
04/14/2020,ADW,MD,AEA,EN,Towers with Radar,0,0,57,64,121,0,0,6,46,52,0,0,63,110,173,0,0,0,173
04/15/2020,ADW,MD,AEA,EN,Towers with Radar,1,0,5,20,26,0,1,5,29,35,1,1,10,49,61,0,0,0,61
04/16/2020,ADW,MD,AEA,EN,Towers with Radar,3,1,0,35,39,0,3,4,38,45,3,4,4,73,84,0,0,0,84
04/17/2020,ADW,MD,AEA,EN,Towers with Radar,2,0,30,66,98,0,1,5,21,27,2,1,35,87,125,0,160,160,285
04/18/2020,ADW,MD,AEA,EN,Towers with Radar,0,0,0,16,16,0,1,0,13,14,0,1,0,29,30,0,0,0,30
04/19/2020,ADW,MD,AEA,EN,Towers with Radar,0,0,1,14,15,0,0,3,20,23,0,0,4,34,38,0,40,40,78
04/20/2020,ADW,MD,AEA,EN,Towers with Radar,0,0,0,26,26,0,0,1,46,47,0,0,1,72,73,0,82,82,155
04/21/2020,ADW,MD,AEA,EN,Towers with Radar,0,0,28,51,79,0,0,7,22,29,0,0,35,73,108,0,146,146,254
04/22/2020,ADW,MD,AEA,EN,Towers with Radar,0,0,0,49,49,0,0,11,36,47,0,0,11,85,96,0,204,204,300
04/23/2020,ADW,MD,AEA,EN,Towers with Radar,0,0,20,48,68,0,0,5,38,43,0,0,25,86,111,0,134,134,245
04/24/2020,ADW,MD,AEA,EN,Towers with Radar,0,0,0,52,52,0,0,0,23,23,0,0,0,75,75,0,0,0,75
04/25/2020,ADW,MD,AEA,EN,Towers with Radar,0,1,4,14,19,0,0,2,7,9,0,1,6,21,28,0,18,18,46
04/26/2020,ADW,MD,AEA,EN,Towers with Radar,0,0,0,6,6,0,0,0,5,5,0,0,0,11,11,0,0,0,11
04/27/2020,ADW,MD,AEA,EN,Towers with Radar,0,1,3,23,27,0,0,8,35,43,0,1,11,58,70,0,4,4,74
04/28/2020,ADW,MD,AEA,EN,Towers with Radar,0,1,4,57,62,0,4,18,37,59,0,5,22,94,121,0,246,246,367
04/29/2020,ADW,MD,AEA,EN,Towers with Radar,2,7,8,49,66,0,6,6,40,52,2,13,14,89,118,0,186,186,304
04/30/2020,ADW,MD,AEA,EN,Towers with Radar,0,0,0,44,44,0,0,0,7,7,0,0,0,51,51,0,14,14,65
05/01/2020,ADW,MD,AEA,EN,Towers with Radar,0,0,16,44,60,0,0,2,42,44,0,0,18,86,104,0,58,58,162
05/02/2020,ADW,MD,AEA,EN,Towers with Radar,0,0,0,13,13,0,2,1,16,19,0,2,1,29,32,0,32,32,64
05/03/2020,ADW,MD,AEA,EN,Towers with Radar,0,0,0,15,15,0,2,4,22,28,0,2,4,37,43,0,32,32,75
05/04/2020,ADW,MD,AEA,EN,Towers with Radar,0,0,0,24,24,0,2,10,38,50,0,2,10,62,74,0,0,0,74
05/05/2020,ADW,MD,AEA,EN,Towers with Radar,1,0,2,78,81,0,0,6,38,44,1,0,8,116,125,0,74,74,199
05/06/2020,ADW,MD,AEA,EN,Towers with Radar,0,0,2,48,50,0,0,0,41,41,0,0,2,89,91,0,91,91,182
05/07/2020,ADW,MD,AEA,EN,Towers with Radar,2,0,8,75,85,0,0,9,45,54,2,0,17,120,139,0,0,0,139
05/08/2020,ADW,MD,AEA,EN,Towers with Radar,0,0,4,33,37,0,2,5,36,43,0,2,9,69,80,0,78,78,158
05/09/2020,ADW,MD,AEA,EN,Towers with Radar,0,2,0,7,9,0,1,0,3,4,0,3,0,10,13,0,14,14,27
05/10/2020,ADW,MD,AEA,EN,Towers with Radar,0,0,0,11,11,0,0,0,19,19,0,0,0,30,30,0,20,20,50
05/11/2020,ADW,MD,AEA,EN,Towers with Radar,0,0,0,44,44,0,1,7,33,41,0,1,7,77,85,0,118,118,203
05/12/2020,ADW,MD,AEA,EN,Towers with Radar,0,0,2,53,55,0,1,3,39,43,0,1,5,92,98,0,162,162,260
05/13/2020,ADW,MD,AEA,EN,Towers with Radar,0,0,10,62,72,0,1,5,27,33,0,1,15,89,105,0,82,82,187
05/14/2020,ADW,MD,AEA,EN,Towers with Radar,2,0,10,58,70,0,0,7,38,45,2,0,17,96,115,0,136,136,251
05/15/2020,ADW,MD,AEA,EN,Towers with Radar,0,0,10,77,87,0,0,8,28,36,0,0,18,105,123,0,0,0,123
05/16/2020,ADW,MD,AEA,EN,Towers with Radar,0,0,0,6,6,0,1,8,12,21,0,1,8,18,27,0,32,32,59
05/17/2020,ADW,MD,AEA,EN,Towers with Radar,0,0,0,10,10,0,0,4,16,20,0,0,4,26,30,0,0,0,30
05/18/2020,ADW,MD,AEA,EN,Towers with Radar,0,0,18,31,49,0,0,2,22,24,0,0,20,53,73,0,98,98,171
05/19/2020,ADW,MD,AEA,EN,Towers with Radar,0,0,3,44,47,0,0,4,20,24,0,0,7,64,71,0,54,54,125
05/20/2020,ADW,MD,AEA,EN,Towers with Radar,2,0,9,62,73,0,1,3,40,44,2,1,12,102,117,0,152,152,269
05/21/2020,ADW,MD,AEA,EN,Towers with Radar,0,0,1,72,73,0,1,6,51,58,0,1,7,123,131,0,64,64,195
05/22/2020,ADW,MD,AEA,EN,Towers with Radar,0,0,14,37,51,0,0,2,14,16,0,0,16,51,67,0,6,6,73
05/23/2020,ADW,MD,AEA,EN,Towers with Radar,2,0,0,10,12,0,0,4,8,12,2,0,4,18,24,0,4,4,28
05/24/2020,ADW,MD,AEA,EN,Towers with Radar,2,0,0,6,8,0,0,2,8,10,2,0,2,14,18,0,0,0,18
05/25/2020,ADW,MD,AEA,EN,Towers with Radar,2,0,0,7,9,0,0,2,12,14,2,0,2,19,23,0,60,60,83
05/26/2020,ADW,MD,AEA,EN,Towers with Radar,2,0,3,66,71,0,0,5,27,32,2,0,8,93,103,0,104,104,207
05/27/2020,ADW,MD,AEA,EN,Towers with Radar,0,0,13,69,82,0,0,4,48,52,0,0,17,117,134,0,74,74,208
05/28/2020,ADW,MD,AEA,EN,Towers with Radar,0,0,16,57,73,0,0,0,28,28,0,0,16,85,101,0,134,134,235
05/29/2020,ADW,MD,AEA,EN,Towers with Radar,2,0,8,56,66,0,1,5,49,55,2,1,13,105,121,0,124,124,245
05/30/2020,ADW,MD,AEA,EN,Towers with Radar,0,3,3,29,35,0,0,6,12,18,0,3,9,41,53,0,0,0,53
05/31/2020,ADW,MD,AEA,EN,Towers with Radar,0,0,0,29,29,0,2,5,10,17,0,2,5,39,46,0,24,24,70
06/01/2020,ADW,MD,AEA,EN,Towers with Radar,0,0,10,65,75,0,0,5,23,28,0,0,15,88,103,0,144,144,247
06/02/2020,ADW,MD,AEA,EN,Towers with Radar,0,0,6,128,134,0,0,4,7,11,0,0,10,135,145,0,22,22,167
06/03/2020,ADW,MD,AEA,EN,Towers with Radar,2,0,14,87,103,0,0,0,19,19,2,0,14,106,122,0,76,76,198
06/04/2020,ADW,MD,AEA,EN,Towers with Radar,0,0,2,69,71,0,0,2,31,33,0,0,4,100,104,0,122,122,226
06/05/2020,ADW,MD,AEA,EN,Towers with Radar,0,0,12,59,71,0,0,7,32,39,0,0,19,91,110,4,112,116,226
06/06/2020,ADW,MD,AEA,EN,Towers with Radar,2,0,2,17,21,0,0,1,4,5,2,0,3,21,26,0,32,32,58
06/07/2020,ADW,MD,AEA,EN,Towers with Radar,2,0,0,42,44,0,2,10,11,23,2,2,10,53,67,0,98,98,165
06/08/2020,ADW,MD,AEA,EN,Towers with Radar,0,0,8,63,71,0,0,6,43,49,0,0,14,106,120,0,278,278,398
06/09/2020,ADW,MD,AEA,EN,Towers with Radar,0,0,27,70,97,0,0,5,30,35,0,0,32,100,132,0,46,46,178
06/10/2020,ADW,MD,AEA,EN,Towers with Radar,0,0,10,55,65,0,0,4,30,34,0,0,14,85,99,0,204,204,303
06/11/2020,ADW,MD,AEA,EN,Towers with Radar,0,0,0,68,68,0,0,3,34,37,0,0,3,102,105,0,182,182,287
06/12/2020,ADW,MD,AEA,EN,Towers with Radar,2,5,6,75,88,0,1,7,42,50,2,6,13,117,138,0,56,56,194
06/13/2020,ADW,MD,AEA,EN,Towers with Radar,2,0,0,24,26,0,0,5,8,13,2,0,5,32,39,0,10,10,49
06/14/2020,ADW,MD,AEA,EN,Towers with Radar,0,0,0,33,33,0,0,10,16,26,0,0,10,49,59,0,38,38,97
06/15/2020,ADW,MD,AEA,EN,Towers with Radar,3,1,4,34,42,0,0,5,43,48,3,1,9,77,90,0,112,112,202
06/16/2020,ADW,MD,AEA,EN,Towers with Radar,0,0,10,96,106,0,0,6,43,49,0,0,16,139,155,0,160,160,315
06/17/2020,ADW,MD,AEA,EN,Towers with Radar,0,0,10,72,82,0,0,2,12,14,0,0,12,84,96,0,92,92,188
06/18/2020,ADW,MD,AEA,EN,Towers with Radar,0,0,8,63,71,0,0,3,36,39,0,0,11,99,110,0,112,112,222
06/19/2020,ADW,MD,AEA,EN,Towers with Radar,0,0,8,52,60,0,1,6,20,27,0,1,14,72,87,0,52,52,139
06/20/2020,ADW,MD,AEA,EN,Towers with Radar,0,1,0,19,20,0,0,6,9,15,0,1,6,28,35,0,0,0,35
06/21/2020,ADW,MD,AEA,EN,Towers with Radar,0,1,6,17,24,0,0,2,14,16,0,1,8,31,40,0,44,44,84
06/22/2020,ADW,MD,AEA,EN,Towers with Radar,0,1,5,39,45,0,0,5,33,38,0,1,10,72,83,0,82,82,165
06/23/2020,ADW,MD,AEA,EN,Towers with Radar,3,3,9,60,75,0,0,5,56,61,3,3,14,116,136,0,164,164,300
06/24/2020,ADW,MD,AEA,EN,Towers with Radar,1,4,20,92,117,0,3,23,53,79,1,7,43,145,196,0,124,124,320
06/25/2020,ADW,MD,AEA,EN,Towers with Radar,2,1,4,125,132,0,0,7,30,37,2,1,11,155,169,0,96,96,265
06/26/2020,ADW,MD,AEA,EN,Towers with Radar,0,0,2,75,77,0,1,0,33,34,0,1,2,108,111,0,52,52,163
06/27/2020,ADW,MD,AEA,EN,Towers with Radar,0,0,5,36,41,0,0,10,7,17,0,0,15,43,58,0,18,18,76
06/28/2020,ADW,MD,AEA,EN,Towers with Radar,1,0,3,17,21,0,1,6,25,32,1,1,9,42,53,0,18,18,71
06/29/2020,ADW,MD,AEA,EN,Towers with Radar,3,0,10,41,54,0,0,6,57,63,3,0,16,98,117,0,194,194,311
06/30/2020,ADW,MD,AEA,EN,Towers with Radar,0,0,8,89,97,0,1,6,43,50,0,1,14,132,147,0,0,0,147
07/01/2020,ADW,MD,AEA,EN,Towers with Radar,0,0,12,72,84,0,0,5,34,39,0,0,17,106,123,0,172,172,295
07/02/2020,ADW,MD,AEA,EN,Towers with Radar,2,0,6,84,92,0,0,9,43,52,2,0,15,127,144,0,130,130,274
07/03/2020,ADW,MD,AEA,EN,Towers with Radar,0,1,4,21,26,0,1,4,15,20,0,2,8,36,46,0,28,28,74
07/04/2020,ADW,MD,AEA,EN,Towers with Radar,0,0,0,24,24,0,2,0,12,14,0,2,0,36,38,0,22,22,60
07/05/2020,ADW,MD,AEA,EN,Towers with Radar,0,1,0,23,24,0,0,8,15,23,0,1,8,38,47,0,0,0,47
07/06/2020,ADW,MD,AEA,EN,Towers with Radar,0,0,2,36,38,0,0,2,11,13,0,0,4,47,51,0,0,0,51
07/07/2020,ADW,MD,AEA,EN,Towers with Radar,0,2,21,83,106,0,0,1,41,42,0,2,22,124,148,0,0,0,148
07/08/2020,ADW,MD,AEA,EN,Towers with Radar,2,0,15,116,133,0,0,8,47,55,2,0,23,163,188,0,80,80,268
07/09/2020,ADW,MD,AEA,EN,Towers with Radar,0,1,6,90,97,0,2,5,45,52,0,3,11,135,149,0,74,74,223
07/10/2020,ADW,MD,AEA,EN,Towers with Radar,0,0,0,70,70,0,1,10,40,51,0,1,10,110,121,0,30,30,151
07/11/2020,ADW,MD,AEA,EN,Towers with Radar,0,0,0,17,17,0,2,2,12,16,0,2,2,29,33,0,4,4,37
07/12/2020,ADW,MD,AEA,EN,Towers with Radar,0,0,0,23,23,0,0,6,12,18,0,0,6,35,41,0,6,6,47
07/13/2020,ADW,MD,AEA,EN,Towers with Radar,0,0,8,63,71,0,0,7,40,47,0,0,15,103,118,0,170,170,288
07/14/2020,ADW,MD,AEA,EN,Towers with Radar,0,0,5,95,100,0,4,4,43,51,0,4,9,138,151,0,42,42,193
07/15/2020,ADW,MD,AEA,EN,Towers with Radar,2,0,2,76,80,0,3,8,54,65,2,3,10,130,145,0,104,104,249
07/16/2020,ADW,MD,AEA,EN,Towers with Radar,1,0,6,85,92,0,1,9,28,38,1,1,15,113,130,0,42,42,172
07/17/2020,ADW,MD,AEA,EN,Towers with Radar,1,0,25,53,79,0,0,2,67,69,1,0,27,120,148,0,128,128,276
07/18/2020,ADW,MD,AEA,EN,Towers with Radar,2,0,2,12,16,0,0,6,11,17,2,0,8,23,33,0,26,26,59
07/19/2020,ADW,MD,AEA,EN,Towers with Radar,0,0,0,19,19,0,0,7,10,17,0,0,7,29,36,0,22,22,58
07/20/2020,ADW,MD,AEA,EN,Towers with Radar,2,0,21,38,61,0,0,13,14,27,2,0,34,52,88,0,0,0,88
07/21/2020,ADW,MD,AEA,EN,Towers with Radar,2,0,6,73,81,0,0,5,27,32,2,0,11,100,113,0,82,82,195
07/22/2020,ADW,MD,AEA,EN,Towers with Radar,0,0,10,122,132,0,0,2,30,32,0,0,12,152,164,0,94,94,258
07/23/2020,ADW,MD,AEA,EN,Towers with Radar,1,0,7,78,86,0,0,2,25,27,1,0,9,103,113,0,0,0,113
07/24/2020,ADW,MD,AEA,EN,Towers with Radar,3,0,2,61,66,0,0,0,38,38,3,0,2,99,104,0,14,14,118
07/25/2020,ADW,MD,AEA,EN,Towers with Radar,0,0,2,15,17,0,0,5,8,13,0,0,7,23,30,0,0,0,30
07/26/2020,ADW,MD,AEA,EN,Towers with Radar,1,0,2,35,38,0,2,6,13,21,1,2,8,48,59,0,52,52,111
07/27/2020,ADW,MD,AEA,EN,Towers with Radar,1,1,2,82,86,0,2,1,39,42,1,3,3,121,128,0,102,102,230
07/28/2020,ADW,MD,AEA,EN,Towers with Radar,1,0,4,78,83,0,0,2,49,51,1,0,6,127,134,0,192,192,326
07/29/2020,ADW,MD,AEA,EN,Towers with Radar,3,0,2,121,126,0,0,2,51,53,3,0,4,172,179,0,148,148,327
07/30/2020,ADW,MD,AEA,EN,Towers with Radar,0,0,3,91,94,0,0,3,43,46,0,0,6,134,140,0,52,52,192
07/31/2020,ADW,MD,AEA,EN,Towers with Radar,0,1,13,54,68,0,0,7,22,29,0,1,20,76,97,0,72,72,169
08/01/2020,ADW,MD,AEA,EN,Towers with Radar,0,1,2,15,18,0,0,10,17,27,0,1,12,32,45,0,0,0,45
08/02/2020,ADW,MD,AEA,EN,Towers with Radar,2,0,0,19,21,0,0,0,16,16,2,0,0,35,37,0,44,44,81
08/03/2020,ADW,MD,AEA,EN,Towers with Radar,0,0,27,28,55,0,0,13,22,35,0,0,40,50,90,0,112,112,202
08/04/2020,ADW,MD,AEA,EN,Towers with Radar,0,0,2,37,39,0,0,2,12,14,0,0,4,49,53,0,0,0,53
08/05/2020,ADW,MD,AEA,EN,Towers with Radar,0,1,19,114,134,0,2,2,38,42,0,3,21,152,176,0,0,0,176
08/06/2020,ADW,MD,AEA,EN,Towers with Radar,0,0,3,96,99,0,0,8,36,44,0,0,11,132,143,0,0,0,143
08/07/2020,ADW,MD,AEA,EN,Towers with Radar,0,7,24,100,131,0,4,3,51,58,0,11,27,151,189,0,184,184,373
08/08/2020,ADW,MD,AEA,EN,Towers with Radar,2,0,1,17,20,0,0,5,17,22,2,0,6,34,42,0,36,36,78
08/09/2020,ADW,MD,AEA,EN,Towers with Radar,0,0,2,27,29,0,0,6,18,24,0,0,8,45,53,0,94,94,147
08/10/2020,ADW,MD,AEA,EN,Towers with Radar,0,0,5,86,91,0,1,5,28,34,0,1,10,114,125,0,84,84,209
08/11/2020,ADW,MD,AEA,EN,Towers with Radar,0,0,44,88,132,0,0,14,53,67,0,0,58,141,199,0,234,234,433
08/12/2020,ADW,MD,AEA,EN,Towers with Radar,0,0,4,106,110,0,0,5,29,34,0,0,9,135,144,0,78,78,222
08/13/2020,ADW,MD,AEA,EN,Towers with Radar,2,0,21,70,93,0,0,7,25,32,2,0,28,95,125,0,38,38,163
08/14/2020,ADW,MD,AEA,EN,Towers with Radar,0,0,10,50,60,0,0,4,29,33,0,0,14,79,93,0,30,30,123
08/15/2020,ADW,MD,AEA,EN,Towers with Radar,0,0,0,17,17,0,0,5,10,15,0,0,5,27,32,0,8,8,40
08/16/2020,ADW,MD,AEA,EN,Towers with Radar,2,0,0,23,25,0,0,3,12,15,2,0,3,35,40,0,60,60,100
08/17/2020,ADW,MD,AEA,EN,Towers with Radar,4,0,2,50,56,0,0,8,39,47,4,0,10,89,103,0,140,140,243
08/18/2020,ADW,MD,AEA,EN,Towers with Radar,1,0,6,99,106,0,0,6,37,43,1,0,12,136,149,0,112,112,261
08/19/2020,ADW,MD,AEA,EN,Towers with Radar,0,0,8,71,79,0,0,4,35,39,0,0,12,106,118,0,52,52,170
08/20/2020,ADW,MD,AEA,EN,Towers with Radar,0,0,4,111,115,0,0,9,37,46,0,0,13,148,161,0,22,22,183
08/21/2020,ADW,MD,AEA,EN,Towers with Radar,4,0,4,92,100,0,0,2,45,47,4,0,6,137,147,0,0,0,147
08/22/2020,ADW,MD,AEA,EN,Towers with Radar,1,0,0,23,24,0,0,6,12,18,1,0,6,35,42,0,0,0,42
08/23/2020,ADW,MD,AEA,EN,Towers with Radar,0,0,0,24,24,0,0,5,10,15,0,0,5,34,39,0,10,10,49
08/24/2020,ADW,MD,AEA,EN,Towers with Radar,0,2,3,85,90,0,1,9,37,47,0,3,12,122,137,0,0,0,137
08/25/2020,ADW,MD,AEA,EN,Towers with Radar,0,0,10,79,89,0,2,5,46,53,0,2,15,125,142,0,258,258,400
08/26/2020,ADW,MD,AEA,EN,Towers with Radar,0,2,9,59,70,0,0,7,40,47,0,2,16,99,117,0,74,74,191
08/27/2020,ADW,MD,AEA,EN,Towers with Radar,0,0,11,88,99,0,0,6,50,56,0,0,17,138,155,0,182,182,337
08/28/2020,ADW,MD,AEA,EN,Towers with Radar,1,0,6,51,58,0,2,2,16,20,1,2,8,67,78,0,36,36,114
08/29/2020,ADW,MD,AEA,EN,Towers with Radar,1,0,0,31,32,0,0,0,0,0,1,0,0,31,32,0,0,0,32
08/30/2020,ADW,MD,AEA,EN,Towers with Radar,0,0,4,32,36,0,0,12,24,36,0,0,16,56,72,0,34,34,106
08/31/2020,ADW,MD,AEA,EN,Towers with Radar,0,0,21,59,80,0,0,9,37,46,0,0,30,96,126,0,104,104,230
09/01/2020,ADW,MD,AEA,EN,Towers with Radar,0,0,2,87,89,0,0,4,35,39,0,0,6,122,128,0,70,70,198
09/02/2020,ADW,MD,AEA,EN,Towers with Radar,0,0,4,86,90,0,0,6,31,37,0,0,10,117,127,0,58,58,185
09/03/2020,ADW,MD,AEA,EN,Towers with Radar,0,0,6,82,88,0,0,13,38,51,0,0,19,120,139,0,104,104,243
09/04/2020,ADW,MD,AEA,EN,Towers with Radar,0,0,0,24,24,0,0,9,31,40,0,0,9,55,64,0,64,64,128
09/05/2020,ADW,MD,AEA,EN,Towers with Radar,2,2,2,3,9,0,0,6,19,25,2,2,8,22,34,2,30,32,66
09/06/2020,ADW,MD,AEA,EN,Towers with Radar,0,0,0,21,21,0,0,4,21,25,0,0,4,42,46,0,42,42,88
09/07/2020,ADW,MD,AEA,EN,Towers with Radar,0,0,1,25,26,0,0,4,25,29,0,0,5,50,55,0,0,0,55
09/08/2020,ADW,MD,AEA,EN,Towers with Radar,0,0,41,69,110,0,0,24,43,67,0,0,65,112,177,2,160,162,339
09/09/2020,ADW,MD,AEA,EN,Towers with Radar,2,0,5,55,62,0,1,1,18,20,2,1,6,73,82,0,16,16,98
09/10/2020,ADW,MD,AEA,EN,Towers with Radar,0,0,0,62,62,0,0,1,19,20,0,0,1,81,82,0,0,0,82
09/11/2020,ADW,MD,AEA,EN,Towers with Radar,0,1,4,57,62,0,1,1,29,31,0,2,5,86,93,0,54,54,147
09/12/2020,ADW,MD,AEA,EN,Towers with Radar,0,0,2,43,45,0,0,5,9,14,0,0,7,52,59,0,30,30,89
09/13/2020,ADW,MD,AEA,EN,Towers with Radar,1,3,0,33,37,0,2,5,11,18,1,5,5,44,55,0,56,56,111
09/14/2020,ADW,MD,AEA,EN,Towers with Radar,2,0,4,56,62,0,0,3,51,54,2,0,7,107,116,0,48,48,164
09/15/2020,ADW,MD,AEA,EN,Towers with Radar,2,1,0,99,102,0,0,8,47,55,2,1,8,146,157,0,0,0,157
09/16/2020,ADW,MD,AEA,EN,Towers with Radar,1,1,9,95,106,0,0,2,42,44,1,1,11,137,150,0,0,0,150
09/17/2020,ADW,MD,AEA,EN,Towers with Radar,0,0,17,75,92,0,0,5,51,56,0,0,22,126,148,0,104,104,252
09/18/2020,ADW,MD,AEA,EN,Towers with Radar,0,2,2,63,67,0,0,3,35,38,0,2,5,98,105,4,54,58,163
09/19/2020,ADW,MD,AEA,EN,Towers with Radar,3,0,2,42,47,0,0,6,20,26,3,0,8,62,73,0,0,0,73
09/20/2020,ADW,MD,AEA,EN,Towers with Radar,0,0,2,27,29,0,0,5,15,20,0,0,7,42,49,0,22,22,71
09/21/2020,ADW,MD,AEA,EN,Towers with Radar,4,0,8,44,56,0,0,7,50,57,4,0,15,94,113,0,86,86,199
09/22/2020,ADW,MD,AEA,EN,Towers with Radar,3,1,4,96,104,0,0,4,49,53,3,1,8,145,157,0,100,100,257
09/23/2020,ADW,MD,AEA,EN,Towers with Radar,2,0,11,78,91,0,0,3,34,37,2,0,14,112,128,0,76,76,204
09/24/2020,ADW,MD,AEA,EN,Towers with Radar,0,0,32,109,141,0,0,6,43,49,0,0,38,152,190,0,36,36,226
09/25/2020,ADW,MD,AEA,EN,Towers with Radar,0,0,7,67,74,0,0,9,15,24,0,0,16,82,98,0,28,28,126
09/26/2020,ADW,MD,AEA,EN,Towers with Radar,0,2,2,23,27,0,0,1,3,4,0,2,3,26,31,0,4,4,35
09/27/2020,ADW,MD,AEA,EN,Towers with Radar,4,1,0,22,27,0,0,5,5,10,4,1,5,27,37,0,0,0,37
09/28/2020,ADW,MD,AEA,EN,Towers with Radar,0,2,19,67,88,0,0,6,14,20,0,2,25,81,108,0,28,28,136
09/29/2020,ADW,MD,AEA,EN,Towers with Radar,2,0,5,59,66,0,2,9,14,25,2,2,14,73,91,10,28,38,129
09/30/2020,ADW,MD,AEA,EN,Towers with Radar,0,1,2,48,51,0,0,4,17,21,0,1,6,65,72,0,6,6,78
10/01/2020,ADW,MD,AEA,EN,Towers with Radar,0,0,8,70,78,0,0,12,38,50,0,0,20,108,128,0,46,46,174
10/02/2020,ADW,MD,AEA,EN,Towers with Radar,2,0,4,47,53,0,0,1,31,32,2,0,5,78,85,0,52,52,137
10/03/2020,ADW,MD,AEA,EN,Towers with Radar,0,0,4,27,31,0,0,2,7,9,0,0,6,34,40,0,0,0,40
10/04/2020,ADW,MD,AEA,EN,Towers with Radar,0,0,0,23,23,0,0,1,10,11,0,0,1,33,34,0,40,40,74
10/05/2020,ADW,MD,AEA,EN,Towers with Radar,0,0,4,25,29,0,3,6,58,67,0,3,10,83,96,0,72,72,168
10/06/2020,ADW,MD,AEA,EN,Towers with Radar,0,0,2,56,58,0,1,5,55,61,0,1,7,111,119,0,158,158,277
10/07/2020,ADW,MD,AEA,EN,Towers with Radar,0,0,4,46,50,0,0,8,27,35,0,0,12,73,85,0,68,68,153
10/08/2020,ADW,MD,AEA,EN,Towers with Radar,0,0,3,65,68,0,0,3,46,49,0,0,6,111,117,0,96,96,213
10/09/2020,ADW,MD,AEA,EN,Towers with Radar,0,2,10,29,41,0,0,2,51,53,0,2,12,80,94,0,122,122,216
10/10/2020,ADW,MD,AEA,EN,Towers with Radar,2,1,2,16,21,0,0,0,16,16,2,1,2,32,37,0,28,28,65
10/11/2020,ADW,MD,AEA,EN,Towers with Radar,0,0,0,9,9,0,0,0,18,18,0,0,0,27,27,0,66,66,93
10/12/2020,ADW,MD,AEA,EN,Towers with Radar,0,0,4,19,23,0,0,0,0,0,0,0,4,19,23,0,0,0,23
10/13/2020,ADW,MD,AEA,EN,Towers with Radar,0,0,8,60,68,0,0,0,41,41,0,0,8,101,109,0,56,56,165
10/14/2020,ADW,MD,AEA,EN,Towers with Radar,0,0,0,87,87,0,1,3,73,77,0,1,3,160,164,0,142,142,306
10/15/2020,ADW,MD,AEA,EN,Towers with Radar,2,0,3,87,92,0,1,16,72,89,2,1,19,159,181,0,50,50,231
10/16/2020,ADW,MD,AEA,EN,Towers with Radar,0,0,2,53,55,0,0,8,37,45,0,0,10,90,100,0,100,100,200
10/17/2020,ADW,MD,AEA,EN,Towers with Radar,0,0,0,28,28,0,0,10,27,37,0,0,10,55,65,0,66,66,131
10/18/2020,ADW,MD,AEA,EN,Towers with Radar,0,0,0,39,39,0,0,5,23,28,0,0,5,62,67,0,0,0,67
10/19/2020,ADW,MD,AEA,EN,Towers with Radar,0,0,12,52,64,0,0,9,51,60,0,0,21,103,124,0,76,76,200
10/20/2020,ADW,MD,AEA,EN,Towers with Radar,0,0,8,79,87,0,0,9,42,51,0,0,17,121,138,0,178,178,316
10/21/2020,ADW,MD,AEA,EN,Towers with Radar,0,0,2,92,94,0,0,3,56,59,0,0,5,148,153,0,92,92,245
10/22/2020,ADW,MD,AEA,EN,Towers with Radar,2,1,11,86,100,0,0,6,51,57,2,1,17,137,157,0,0,0,157
10/23/2020,ADW,MD,AEA,EN,Towers with Radar,0,2,9,82,93,0,1,6,29,36,0,3,15,111,129,0,38,38,167
10/24/2020,ADW,MD,AEA,EN,Towers with Radar,0,3,0,32,35,0,0,9,14,23,0,3,9,46,58,0,0,0,58
10/25/2020,ADW,MD,AEA,EN,Towers with Radar,2,1,0,47,50,0,1,0,11,12,2,2,0,58,62,0,0,0,62
10/26/2020,ADW,MD,AEA,EN,Towers with Radar,2,0,6,100,108,0,0,0,13,13,2,0,6,113,121,0,42,42,163
10/27/2020,ADW,MD,AEA,EN,Towers with Radar,0,0,1,107,108,0,0,4,56,60,0,0,5,163,168,0,0,0,168
10/28/2020,ADW,MD,AEA,EN,Towers with Radar,4,0,4,54,62,0,0,2,40,42,4,0,6,94,104,0,100,100,204
10/29/2020,ADW,MD,AEA,EN,Towers with Radar,0,0,0,65,65,0,0,0,0,0,0,0,0,65,65,0,0,0,65
10/30/2020,ADW,MD,AEA,EN,Towers with Radar,0,0,0,61,61,0,0,4,29,33,0,0,4,90,94,0,62,62,156
10/31/2020,ADW,MD,AEA,EN,Towers with Radar,0,2,3,43,48,0,0,9,8,17,0,2,12,51,65,0,26,26,91
11/01/2020,ADW,MD,AEA,EN,Towers with Radar,2,2,2,23,29,0,0,5,6,11,2,2,7,29,40,0,0,0,40
11/02/2020,ADW,MD,AEA,EN,Towers with Radar,2,0,5,73,80,0,2,7,63,72,2,2,12,136,152,0,122,122,274
11/03/2020,ADW,MD,AEA,EN,Towers with Radar,0,0,0,86,86,0,0,5,62,67,0,0,5,148,153,0,0,0,153
11/04/2020,ADW,MD,AEA,EN,Towers with Radar,0,0,6,41,47,0,0,0,53,53,0,0,6,94,100,0,80,80,180
11/05/2020,ADW,MD,AEA,EN,Towers with Radar,0,0,5,56,61,0,0,2,45,47,0,0,7,101,108,0,42,42,150
11/06/2020,ADW,MD,AEA,EN,Towers with Radar,2,0,14,41,57,0,0,0,36,36,2,0,14,77,93,0,14,14,107
11/07/2020,ADW,MD,AEA,EN,Towers with Radar,0,1,1,9,11,0,0,6,16,22,0,1,7,25,33,0,64,64,97
11/08/2020,ADW,MD,AEA,EN,Towers with Radar,0,0,0,15,15,0,0,1,16,17,0,0,1,31,32,0,0,0,32
11/09/2020,ADW,MD,AEA,EN,Towers with Radar,0,0,3,40,43,0,0,7,67,74,0,0,10,107,117,0,82,82,199
11/10/2020,ADW,MD,AEA,EN,Towers with Radar,0,0,9,45,54,0,0,6,50,56,0,0,15,95,110,0,152,152,262
11/11/2020,ADW,MD,AEA,EN,Towers with Radar,0,0,0,5,5,0,0,0,0,0,0,0,0,5,5,0,0,0,5
11/12/2020,ADW,MD,AEA,EN,Towers with Radar,0,0,17,43,60,0,0,6,17,23,0,0,23,60,83,0,40,40,123
11/13/2020,ADW,MD,AEA,EN,Towers with Radar,0,0,8,58,66,0,1,0,35,36,0,1,8,93,102,0,82,82,184
11/14/2020,ADW,MD,AEA,EN,Towers with Radar,0,0,0,40,40,0,0,2,25,27,0,0,2,65,67,0,0,0,67
11/15/2020,ADW,MD,AEA,EN,Towers with Radar,0,0,0,21,21,0,0,5,15,20,0,0,5,36,41,0,12,12,53
11/16/2020,ADW,MD,AEA,EN,Towers with Radar,1,0,4,36,41,0,0,2,31,33,1,0,6,67,74,0,44,44,118
11/17/2020,ADW,MD,AEA,EN,Towers with Radar,4,0,6,63,73,0,0,0,47,47,4,0,6,110,120,0,0,0,120
11/18/2020,ADW,MD,AEA,EN,Towers with Radar,1,1,3,68,73,0,1,8,28,37,1,2,11,96,110,0,83,83,193
11/19/2020,ADW,MD,AEA,EN,Towers with Radar,0,4,8,74,86,0,4,2,53,59,0,8,10,127,145,0,106,106,251
11/20/2020,ADW,MD,AEA,EN,Towers with Radar,0,2,3,46,51,0,0,0,31,31,0,2,3,77,82,0,28,28,110
11/21/2020,ADW,MD,AEA,EN,Towers with Radar,4,1,0,14,19,0,0,6,13,19,4,1,6,27,38,0,0,0,38
11/22/2020,ADW,MD,AEA,EN,Towers with Radar,0,1,0,5,6,0,0,2,11,13,0,1,2,16,19,0,24,24,43
11/23/2020,ADW,MD,AEA,EN,Towers with Radar,0,1,7,36,44,0,0,2,44,46,0,1,9,80,90,0,72,72,162
11/24/2020,ADW,MD,AEA,EN,Towers with Radar,0,1,10,77,88,0,2,2,40,44,0,3,12,117,132,0,200,200,332
11/25/2020,ADW,MD,AEA,EN,Towers with Radar,2,0,6,62,70,0,0,0,15,15,2,0,6,77,85,0,30,30,115
11/26/2020,ADW,MD,AEA,EN,Towers with Radar,0,0,0,4,4,0,0,3,4,7,0,0,3,8,11,0,4,4,15
11/27/2020,ADW,MD,AEA,EN,Towers with Radar,0,0,4,2,6,0,1,3,14,18,0,1,7,16,24,0,0,0,24
11/28/2020,ADW,MD,AEA,EN,Towers with Radar,2,0,0,11,13,0,0,2,13,15,2,0,2,24,28,0,10,10,38
11/29/2020,ADW,MD,AEA,EN,Towers with Radar,2,0,0,32,34,0,4,2,19,25,2,4,2,51,59,0,30,30,89
11/30/2020,ADW,MD,AEA,EN,Towers with Radar,0,0,6,19,25,0,0,3,40,43,0,0,9,59,68,0,76,76,144
12/01/2020,ADW,MD,AEA,EN,Towers with Radar,0,2,3,39,44,0,0,5,58,63,0,2,8,97,107,0,0,0,107
12/02/2020,ADW,MD,AEA,EN,Towers with Radar,0,1,2,38,41,0,0,0,89,89,0,1,2,127,130,0,164,164,294
12/03/2020,ADW,MD,AEA,EN,Towers with Radar,0,0,17,66,83,0,0,7,52,59,0,0,24,118,142,0,94,94,236
12/04/2020,ADW,MD,AEA,EN,Towers with Radar,0,0,3,41,44,0,0,6,40,46,0,0,9,81,90,0,36,36,126
12/05/2020,ADW,MD,AEA,EN,Towers with Radar,0,1,0,21,22,0,0,6,13,19,0,1,6,34,41,0,36,36,77
12/06/2020,ADW,MD,AEA,EN,Towers with Radar,2,0,0,18,20,0,0,4,8,12,2,0,4,26,32,0,50,50,82
12/07/2020,ADW,MD,AEA,EN,Towers with Radar,0,2,19,37,58,0,0,35,24,59,0,2,54,61,117,0,42,42,159
12/08/2020,ADW,MD,AEA,EN,Towers with Radar,2,0,11,56,69,0,0,29,43,72,2,0,40,99,141,0,29,29,170
12/09/2020,ADW,MD,AEA,EN,Towers with Radar,0,0,9,56,65,0,0,3,44,47,0,0,12,100,112,0,145,145,257
12/10/2020,ADW,MD,AEA,EN,Towers with Radar,0,0,4,58,62,0,0,2,53,55,0,0,6,111,117,0,116,116,233
12/11/2020,ADW,MD,AEA,EN,Towers with Radar,0,2,8,43,53,0,2,6,23,31,0,4,14,66,84,0,20,20,104
12/12/2020,ADW,MD,AEA,EN,Towers with Radar,2,0,2,25,29,0,4,2,17,23,2,4,4,42,52,0,24,24,76
12/13/2020,ADW,MD,AEA,EN,Towers with Radar,0,0,2,22,24,0,0,12,16,28,0,0,14,38,52,0,74,74,126
12/14/2020,ADW,MD,AEA,EN,Towers with Radar,0,0,2,48,50,0,0,2,29,31,0,0,4,77,81,0,26,26,107
12/15/2020,ADW,MD,AEA,EN,Towers with Radar,0,1,5,95,101,0,0,2,55,57,0,1,7,150,158,0,42,42,200
12/16/2020,ADW,MD,AEA,EN,Towers with Radar,0,1,0,19,20,0,0,1,12,13,0,1,1,31,33,1,16,17,50
12/17/2020,ADW,MD,AEA,EN,Towers with Radar,0,1,15,49,65,0,0,10,46,56,0,1,25,95,121,0,152,152,273
12/18/2020,ADW,MD,AEA,EN,Towers with Radar,0,0,31,39,70,0,2,8,22,32,0,2,39,61,102,0,0,0,102
12/19/2020,ADW,MD,AEA,EN,Towers with Radar,0,0,1,24,25,0,0,4,10,14,0,0,5,34,39,6,30,36,75
12/20/2020,ADW,MD,AEA,EN,Towers with Radar,0,0,0,13,13,0,1,2,11,14,0,1,2,24,27,0,0,0,27
12/21/2020,ADW,MD,AEA,EN,Towers with Radar,2,0,11,46,59,0,0,1,27,28,2,0,12,73,87,0,168,168,255
12/22/2020,ADW,MD,AEA,EN,Towers with Radar,5,1,5,37,48,0,0,5,22,27,5,1,10,59,75,0,72,72,147
12/23/2020,ADW,MD,AEA,EN,Towers with Radar,1,2,4,45,52,0,1,7,34,42,1,3,11,79,94,0,132,132,226
12/24/2020,ADW,MD,AEA,EN,Towers with Radar,0,0,2,9,11,0,0,1,7,8,0,0,3,16,19,0,0,0,19
12/25/2020,ADW,MD,AEA,EN,Towers with Radar,0,0,0,4,4,0,0,1,2,3,0,0,1,6,7,0,0,0,7
12/26/2020,ADW,MD,AEA,EN,Towers with Radar,0,0,3,0,3,0,0,5,0,5,0,0,8,0,8,0,0,0,8
12/27/2020,ADW,MD,AEA,EN,Towers with Radar,1,0,1,2,4,0,0,3,9,12,1,0,4,11,16,0,0,0,16
12/28/2020,ADW,MD,AEA,EN,Towers with Radar,1,0,2,32,35,0,1,6,25,32,1,1,8,57,67,0,58,58,125
12/29/2020,ADW,MD,AEA,EN,Towers with Radar,0,0,8,42,50,0,2,6,18,26,0,2,14,60,76,0,104,104,180
12/30/2020,ADW,MD,AEA,EN,Towers with Radar,0,0,6,50,56,0,0,0,12,12,0,0,6,62,68,0,54,54,122
12/31/2020,ADW,MD,AEA,EN,Towers with Radar,0,0,0,12,12,0,0,5,16,21,0,0,5,28,33,0,64,64,97
01/01/2021,ADW,MD,AEA,EN,Towers with Radar,0,0,2,15,17,0,0,1,5,6,0,0,3,20,23,0,0,0,23
01/02/2021,ADW,MD,AEA,EN,Towers with Radar,0,0,0,12,12,0,0,1,28,29,0,0,1,40,41,0,0,0,41
01/03/2021,ADW,MD,AEA,EN,Towers with Radar,2,0,0,12,14,0,0,0,0,0,2,0,0,12,14,0,0,0,14
01/04/2021,ADW,MD,AEA,EN,Towers with Radar,0,0,5,34,39,0,1,2,49,52,0,1,7,83,91,0,90,90,181
01/05/2021,ADW,MD,AEA,EN,Towers with Radar,0,0,4,76,80,0,0,12,47,59,0,0,16,123,139,0,186,186,325
01/06/2021,ADW,MD,AEA,EN,Towers with Radar,2,0,12,44,58,0,0,0,25,25,2,0,12,69,83,0,38,38,121
01/07/2021,ADW,MD,AEA,EN,Towers with Radar,0,0,3,87,90,0,2,2,57,61,0,2,5,144,151,0,114,114,265
01/08/2021,ADW,MD,AEA,EN,Towers with Radar,0,0,4,39,43,0,0,3,29,32,0,0,7,68,75,0,0,0,75
01/09/2021,ADW,MD,AEA,EN,Towers with Radar,0,0,0,16,16,0,0,0,1,1,0,0,0,17,17,0,0,0,17
01/10/2021,ADW,MD,AEA,EN,Towers with Radar,2,0,0,22,24,0,0,1,23,24,2,0,1,45,48,0,56,56,104
01/11/2021,ADW,MD,AEA,EN,Towers with Radar,2,0,4,40,46,0,0,6,61,67,2,0,10,101,113,0,104,104,217
01/12/2021,ADW,MD,AEA,EN,Towers with Radar,2,0,4,59,65,0,0,2,74,76,2,0,6,133,141,0,148,148,289
01/13/2021,ADW,MD,AEA,EN,Towers with Radar,0,0,2,55,57,0,1,6,72,79,0,1,8,127,136,0,76,76,212
01/14/2021,ADW,MD,AEA,EN,Towers with Radar,2,0,8,70,80,0,1,10,65,76,2,1,18,135,156,0,152,152,308
01/15/2021,ADW,MD,AEA,EN,Towers with Radar,0,0,6,81,87,0,1,1,20,22,0,1,7,101,109,0,21,21,130
01/16/2021,ADW,MD,AEA,EN,Towers with Radar,0,0,0,119,119,0,0,0,16,16,0,0,0,135,135,0,136,136,271
01/17/2021,ADW,MD,AEA,EN,Towers with Radar,0,0,2,102,104,0,0,5,23,28,0,0,7,125,132,0,104,104,236
01/18/2021,ADW,MD,AEA,EN,Towers with Radar,0,1,0,76,77,0,1,7,7,15,0,2,7,83,92,0,58,58,150
01/19/2021,ADW,MD,AEA,EN,Towers with Radar,5,2,5,52,64,0,0,5,22,27,5,2,10,74,91,0,36,36,127
01/20/2021,ADW,MD,AEA,EN,Towers with Radar,0,0,0,26,26,0,1,4,15,20,0,1,4,41,46,0,24,24,70
01/21/2021,ADW,MD,AEA,EN,Towers with Radar,1,0,18,49,68,0,2,2,27,31,1,2,20,76,99,0,46,46,145
01/22/2021,ADW,MD,AEA,EN,Towers with Radar,2,0,30,56,88,0,2,2,49,53,2,2,32,105,141,0,184,184,325
01/23/2021,ADW,MD,AEA,EN,Towers with Radar,0,0,0,50,50,0,0,2,2,4,0,0,2,52,54,0,6,6,60
01/24/2021,ADW,MD,AEA,EN,Towers with Radar,0,2,1,71,74,0,0,5,30,35,0,2,6,101,109,0,30,30,139
01/25/2021,ADW,MD,AEA,EN,Towers with Radar,0,0,29,69,98,0,0,5,34,39,0,0,34,103,137,0,150,150,287
01/26/2021,ADW,MD,AEA,EN,Towers with Radar,0,2,2,63,67,0,0,0,0,0,0,2,2,63,67,0,0,0,67
01/27/2021,ADW,MD,AEA,EN,Towers with Radar,0,1,46,73,120,0,0,19,39,58,0,1,65,112,178,0,0,0,178
01/28/2021,ADW,MD,AEA,EN,Towers with Radar,4,0,5,51,60,0,0,2,58,60,4,0,7,109,120,0,62,62,182
01/29/2021,ADW,MD,AEA,EN,Towers with Radar,1,0,8,46,55,0,0,4,21,25,1,0,12,67,80,0,22,22,102
01/30/2021,ADW,MD,AEA,EN,Towers with Radar,1,2,2,15,20,0,0,11,12,23,1,2,13,27,43,0,18,18,61
01/31/2021,ADW,MD,AEA,EN,Towers with Radar,4,0,0,2,6,0,0,1,0,1,4,0,1,2,7,0,0,0,7
02/01/2021,ADW,MD,AEA,EN,Towers with Radar,0,2,0,4,6,0,0,0,1,1,0,2,0,5,7,0,0,0,7
02/02/2021,ADW,MD,AEA,EN,Towers with Radar,0,0,2,16,18,0,0,3,37,40,0,0,5,53,58,0,46,46,104
02/03/2021,ADW,MD,AEA,EN,Towers with Radar,0,0,7,63,70,0,0,0,53,53,0,0,7,116,123,0,132,132,255
02/04/2021,ADW,MD,AEA,EN,Towers with Radar,1,2,36,54,93,0,2,12,42,56,1,4,48,96,149,0,0,0,149
02/05/2021,ADW,MD,AEA,EN,Towers with Radar,0,0,2,41,43,0,0,1,49,50,0,0,3,90,93,0,114,114,207
02/06/2021,ADW,MD,AEA,EN,Towers with Radar,0,1,9,10,20,0,0,7,22,29,0,1,16,32,49,0,50,50,99
02/07/2021,ADW,MD,AEA,EN,Towers with Radar,0,0,0,14,14,0,0,1,8,9,0,0,1,22,23,0,0,0,23
02/08/2021,ADW,MD,AEA,EN,Towers with Radar,0,0,8,38,46,0,0,14,37,51,0,0,22,75,97,0,142,142,239
02/09/2021,ADW,MD,AEA,EN,Towers with Radar,0,0,14,75,89,0,2,8,37,47,0,2,22,112,136,0,180,180,316
02/10/2021,ADW,MD,AEA,EN,Towers with Radar,0,0,1,52,53,0,1,12,35,48,0,1,13,87,101,0,66,66,167
02/11/2021,ADW,MD,AEA,EN,Towers with Radar,0,1,5,16,22,0,0,0,19,19,0,1,5,35,41,0,34,34,75
02/12/2021,ADW,MD,AEA,EN,Towers with Radar,0,4,5,14,23,0,0,3,38,41,0,4,8,52,64,0,96,96,160
02/13/2021,ADW,MD,AEA,EN,Towers with Radar,0,1,0,4,5,0,0,0,0,0,0,1,0,4,5,0,0,0,5
02/14/2021,ADW,MD,AEA,EN,Towers with Radar,0,0,0,8,8,0,0,0,0,0,0,0,0,8,8,0,0,0,8
02/15/2021,ADW,MD,AEA,EN,Towers with Radar,1,1,2,11,15,0,0,0,12,12,1,1,2,23,27,0,78,78,105
02/16/2021,ADW,MD,AEA,EN,Towers with Radar,1,0,2,56,59,0,0,2,35,37,1,0,4,91,96,0,0,0,96
02/17/2021,ADW,MD,AEA,EN,Towers with Radar,0,6,14,79,99,0,8,3,45,56,0,14,17,124,155,0,90,90,245
02/18/2021,ADW,MD,AEA,EN,Towers with Radar,0,0,0,0,0,0,0,0,0,0,0,0,0,0,0,0,0,0,0
02/19/2021,ADW,MD,AEA,EN,Towers with Radar,0,4,0,34,38,0,0,3,22,25,0,4,3,56,63,0,0,0,63
02/20/2021,ADW,MD,AEA,EN,Towers with Radar,0,0,2,15,17,0,0,2,25,27,0,0,4,40,44,0,69,69,113
02/21/2021,ADW,MD,AEA,EN,Towers with Radar,0,0,3,41,44,0,0,2,19,21,0,0,5,60,65,0,44,44,109
02/22/2021,ADW,MD,AEA,EN,Towers with Radar,0,0,5,26,31,0,0,2,9,11,0,0,7,35,42,0,0,0,42
02/23/2021,ADW,MD,AEA,EN,Towers with Radar,0,0,18,44,62,0,1,11,58,70,0,1,29,102,132,0,106,106,238
02/24/2021,ADW,MD,AEA,EN,Towers with Radar,2,1,6,51,60,0,1,0,58,59,2,2,6,109,119,0,190,190,309
02/25/2021,ADW,MD,AEA,EN,Towers with Radar,0,0,22,73,95,0,1,3,49,53,0,1,25,122,148,0,120,120,268
02/26/2021,ADW,MD,AEA,EN,Towers with Radar,0,0,2,63,65,0,0,8,22,30,0,0,10,85,95,0,42,42,137
02/27/2021,ADW,MD,AEA,EN,Towers with Radar,0,0,0,10,10,0,1,3,19,23,0,1,3,29,33,0,46,46,79
02/28/2021,ADW,MD,AEA,EN,Towers with Radar,0,1,1,11,13,0,0,0,2,2,0,1,1,13,15,0,12,12,27
03/01/2021,ADW,MD,AEA,EN,Towers with Radar,9,0,4,46,59,0,0,0,42,42,9,0,4,88,101,0,84,84,185
03/02/2021,ADW,MD,AEA,EN,Towers with Radar,1,0,14,63,78,0,12,14,60,86,1,12,28,123,164,0,275,275,439
03/03/2021,ADW,MD,AEA,EN,Towers with Radar,1,0,25,44,70,0,0,2,56,58,1,0,27,100,128,0,164,164,292
03/04/2021,ADW,MD,AEA,EN,Towers with Radar,0,0,4,62,66,0,0,5,44,49,0,0,9,106,115,0,68,68,183
03/05/2021,ADW,MD,AEA,EN,Towers with Radar,0,1,14,44,59,0,0,3,35,38,0,1,17,79,97,0,112,112,209
03/06/2021,ADW,MD,AEA,EN,Towers with Radar,0,0,0,15,15,0,0,1,9,10,0,0,1,24,25,0,2,2,27
03/07/2021,ADW,MD,AEA,EN,Towers with Radar,0,0,0,39,39,0,0,4,32,36,0,0,4,71,75,0,82,82,157
03/08/2021,ADW,MD,AEA,EN,Towers with Radar,2,0,2,40,44,0,0,6,52,58,2,0,8,92,102,0,88,88,190
03/09/2021,ADW,MD,AEA,EN,Towers with Radar,0,0,11,60,71,0,1,0,70,71,0,1,11,130,142,0,154,154,296
03/10/2021,ADW,MD,AEA,EN,Towers with Radar,0,2,12,52,66,0,2,2,74,78,0,4,14,126,144,0,0,0,144
03/11/2021,ADW,MD,AEA,EN,Towers with Radar,2,1,8,83,94,0,2,15,25,42,2,3,23,108,136,0,182,182,318
03/12/2021,ADW,MD,AEA,EN,Towers with Radar,2,0,10,76,88,0,0,0,46,46,2,0,10,122,134,0,98,98,232
03/13/2021,ADW,MD,AEA,EN,Towers with Radar,0,0,0,22,22,0,2,2,24,28,0,2,2,46,50,0,26,26,76
03/14/2021,ADW,MD,AEA,EN,Towers with Radar,3,0,0,37,40,0,0,0,13,13,3,0,0,50,53,0,14,14,67
03/15/2021,ADW,MD,AEA,EN,Towers with Radar,8,1,1,86,96,0,0,17,46,63,8,1,18,132,159,6,94,100,259
03/16/2021,ADW,MD,AEA,EN,Towers with Radar,0,0,3,73,76,0,0,3,43,46,0,0,6,116,122,0,126,126,248
03/17/2021,ADW,MD,AEA,EN,Towers with Radar,0,0,8,56,64,0,0,6,34,40,0,0,14,90,104,0,32,32,136
03/18/2021,ADW,MD,AEA,EN,Towers with Radar,1,0,4,29,34,0,0,0,0,0,1,0,4,29,34,0,0,0,34
03/19/2021,ADW,MD,AEA,EN,Towers with Radar,3,3,0,54,60,0,1,5,39,45,3,4,5,93,105,0,0,0,105
03/20/2021,ADW,MD,AEA,EN,Towers with Radar,0,0,4,51,55,0,0,2,8,10,0,0,6,59,65,0,70,70,135
03/21/2021,ADW,MD,AEA,EN,Towers with Radar,2,0,2,26,30,0,1,2,23,26,2,1,4,49,56,0,80,80,136
03/22/2021,ADW,MD,AEA,EN,Towers with Radar,0,2,9,31,42,0,0,7,49,56,0,2,16,80,98,0,34,34,132
03/23/2021,ADW,MD,AEA,EN,Towers with Radar,0,0,9,76,85,0,0,9,84,93,0,0,18,160,178,2,154,156,334
03/24/2021,ADW,MD,AEA,EN,Towers with Radar,2,1,4,20,27,0,0,0,0,0,2,1,4,20,27,0,0,0,27
03/25/2021,ADW,MD,AEA,EN,Towers with Radar,0,2,9,57,68,0,0,3,29,32,0,2,12,86,100,0,44,44,144
03/26/2021,ADW,MD,AEA,EN,Towers with Radar,0,0,6,30,36,0,0,5,35,40,0,0,11,65,76,0,54,54,130
03/27/2021,ADW,MD,AEA,EN,Towers with Radar,0,0,2,16,18,0,0,4,21,25,0,0,6,37,43,0,0,0,43
03/28/2021,ADW,MD,AEA,EN,Towers with Radar,0,0,0,19,19,0,0,2,10,12,0,0,2,29,31,0,0,0,31
03/29/2021,ADW,MD,AEA,EN,Towers with Radar,1,0,16,59,76,0,1,1,64,66,1,1,17,123,142,0,142,142,284
03/30/2021,ADW,MD,AEA,EN,Towers with Radar,0,0,6,83,89,0,0,8,71,79,0,0,14,154,168,0,110,110,278
03/31/2021,ADW,MD,AEA,EN,Towers with Radar,0,0,4,43,47,0,0,2,26,28,0,0,6,69,75,0,68,68,143
04/01/2021,ADW,MD,AEA,EN,Towers with Radar,0,0,6,53,59,0,0,4,48,52,0,0,10,101,111,0,96,96,207
04/02/2021,ADW,MD,AEA,EN,Towers with Radar,0,0,6,16,22,0,1,2,33,36,0,1,8,49,58,0,32,32,90
04/03/2021,ADW,MD,AEA,EN,Towers with Radar,0,0,0,5,5,0,1,10,19,30,0,1,10,24,35,0,44,44,79
04/04/2021,ADW,MD,AEA,EN,Towers with Radar,0,0,0,15,15,0,0,3,6,9,0,0,3,21,24,0,10,10,34
04/05/2021,ADW,MD,AEA,EN,Towers with Radar,0,2,2,33,37,0,0,4,56,60,0,2,6,89,97,0,134,134,231
04/06/2021,ADW,MD,AEA,EN,Towers with Radar,0,0,10,64,74,0,0,5,64,69,0,0,15,128,143,0,146,146,289
04/07/2021,ADW,MD,AEA,EN,Towers with Radar,0,0,10,26,36,0,1,13,37,51,0,1,23,63,87,0,0,0,87
04/08/2021,ADW,MD,AEA,EN,Towers with Radar,0,0,9,37,46,0,0,3,56,59,0,0,12,93,105,0,46,46,151
04/09/2021,ADW,MD,AEA,EN,Towers with Radar,0,2,2,28,32,0,0,3,26,29,0,2,5,54,61,0,32,32,93
04/10/2021,ADW,MD,AEA,EN,Towers with Radar,0,0,0,16,16,0,0,10,20,30,0,0,10,36,46,0,38,38,84
04/11/2021,ADW,MD,AEA,EN,Towers with Radar,1,0,0,14,15,0,1,2,9,12,1,1,2,23,27,0,16,16,43
04/12/2021,ADW,MD,AEA,EN,Towers with Radar,0,1,8,21,30,0,0,1,38,39,0,1,9,59,69,0,72,72,141
04/13/2021,ADW,MD,AEA,EN,Towers with Radar,1,0,11,51,63,0,0,4,55,59,1,0,15,106,122,0,86,86,208
04/14/2021,ADW,MD,AEA,EN,Towers with Radar,0,0,5,69,74,0,0,7,36,43,0,0,12,105,117,0,118,118,235
04/15/2021,ADW,MD,AEA,EN,Towers with Radar,0,0,8,64,72,0,0,2,57,59,0,0,10,121,131,0,0,0,131
04/16/2021,ADW,MD,AEA,EN,Towers with Radar,1,0,15,39,55,0,0,8,28,36,1,0,23,67,91,0,40,40,131
04/17/2021,ADW,MD,AEA,EN,Towers with Radar,1,0,5,20,26,0,2,9,13,24,1,2,14,33,50,0,58,58,108
04/18/2021,ADW,MD,AEA,EN,Towers with Radar,0,0,0,20,20,0,0,4,9,13,0,0,4,29,33,0,0,0,33
04/19/2021,ADW,MD,AEA,EN,Towers with Radar,0,1,19,42,62,0,2,7,62,71,0,3,26,104,133,0,188,188,321
04/20/2021,ADW,MD,AEA,EN,Towers with Radar,0,1,13,64,78,0,0,8,37,45,0,1,21,101,123,0,110,110,233
04/21/2021,ADW,MD,AEA,EN,Towers with Radar,0,0,8,45,53,0,1,2,43,46,0,1,10,88,99,0,0,0,99
04/22/2021,ADW,MD,AEA,EN,Towers with Radar,0,1,7,55,63,0,0,11,46,57,0,1,18,101,120,0,68,68,188
04/23/2021,ADW,MD,AEA,EN,Towers with Radar,0,1,5,47,53,0,0,7,31,38,0,1,12,78,91,0,0,0,91
04/24/2021,ADW,MD,AEA,EN,Towers with Radar,0,0,0,28,28,0,0,0,23,23,0,0,0,51,51,0,0,0,51
04/25/2021,ADW,MD,AEA,EN,Towers with Radar,1,0,0,15,16,0,0,1,7,8,1,0,1,22,24,0,18,18,42
04/26/2021,ADW,MD,AEA,EN,Towers with Radar,3,0,15,39,57,0,0,6,62,68,3,0,21,101,125,0,94,94,219
04/27/2021,ADW,MD,AEA,EN,Towers with Radar,0,0,4,82,86,0,0,1,28,29,0,0,5,110,115,0,40,40,155
04/28/2021,ADW,MD,AEA,EN,Towers with Radar,0,0,5,47,52,0,2,11,22,35,0,2,16,69,87,0,6,6,93
04/29/2021,ADW,MD,AEA,EN,Towers with Radar,0,0,3,68,71,0,0,9,30,39,0,0,12,98,110,0,74,74,184
04/30/2021,ADW,MD,AEA,EN,Towers with Radar,0,0,5,26,31,0,1,4,11,16,0,1,9,37,47,0,56,56,103
05/01/2021,ADW,MD,AEA,EN,Towers with Radar,0,0,2,38,40,0,2,2,6,10,0,2,4,44,50,0,0,0,50
05/02/2021,ADW,MD,AEA,EN,Towers with Radar,2,0,0,17,19,0,0,0,17,17,2,0,0,34,36,0,58,58,94
05/03/2021,ADW,MD,AEA,EN,Towers with Radar,0,0,4,40,44,0,0,4,58,62,0,0,8,98,106,0,74,74,180
05/04/2021,ADW,MD,AEA,EN,Towers with Radar,2,0,20,62,84,0,0,7,47,54,2,0,27,109,138,0,160,160,298
05/05/2021,ADW,MD,AEA,EN,Towers with Radar,0,0,0,69,69,0,0,4,22,26,0,0,4,91,95,0,0,0,95
05/06/2021,ADW,MD,AEA,EN,Towers with Radar,1,2,3,89,95,0,0,12,55,67,1,2,15,144,162,0,104,104,266
05/07/2021,ADW,MD,AEA,EN,Towers with Radar,0,0,6,67,73,0,0,3,24,27,0,0,9,91,100,0,58,58,158
05/08/2021,ADW,MD,AEA,EN,Towers with Radar,1,1,0,33,35,0,1,2,12,15,1,2,2,45,50,0,100,100,150
05/09/2021,ADW,MD,AEA,EN,Towers with Radar,0,1,0,15,16,0,0,0,8,8,0,1,0,23,24,0,76,76,100
05/10/2021,ADW,MD,AEA,EN,Towers with Radar,1,1,2,57,61,0,0,3,55,58,1,1,5,112,119,0,202,202,321
05/11/2021,ADW,MD,AEA,EN,Towers with Radar,1,1,8,40,50,0,1,7,32,40,1,2,15,72,90,0,104,104,194
05/12/2021,ADW,MD,AEA,EN,Towers with Radar,0,0,16,48,64,0,1,2,42,45,0,1,18,90,109,0,126,126,235
05/13/2021,ADW,MD,AEA,EN,Towers with Radar,0,1,8,62,71,0,0,4,61,65,0,1,12,123,136,0,154,154,290
05/14/2021,ADW,MD,AEA,EN,Towers with Radar,0,0,4,61,65,0,0,6,31,37,0,0,10,92,102,0,112,112,214
05/15/2021,ADW,MD,AEA,EN,Towers with Radar,0,0,6,27,33,0,1,5,15,21,0,1,11,42,54,0,28,28,82
05/16/2021,ADW,MD,AEA,EN,Towers with Radar,0,0,2,15,17,0,0,2,11,13,0,0,4,26,30,0,30,30,60
05/17/2021,ADW,MD,AEA,EN,Towers with Radar,0,0,3,31,34,0,0,7,60,67,0,0,10,91,101,0,128,128,229
05/18/2021,ADW,MD,AEA,EN,Towers with Radar,2,0,6,64,72,0,2,9,50,61,2,2,15,114,133,0,104,104,237
05/19/2021,ADW,MD,AEA,EN,Towers with Radar,5,0,12,40,57,0,2,10,28,40,5,2,22,68,97,0,0,0,97
05/20/2021,ADW,MD,AEA,EN,Towers with Radar,0,1,11,62,74,0,0,3,30,33,0,1,14,92,107,0,16,16,123
05/21/2021,ADW,MD,AEA,EN,Towers with Radar,0,0,8,34,42,0,0,5,29,34,0,0,13,63,76,0,42,42,118
05/22/2021,ADW,MD,AEA,EN,Towers with Radar,1,0,0,22,23,0,0,2,17,19,1,0,2,39,42,0,58,58,100
05/23/2021,ADW,MD,AEA,EN,Towers with Radar,0,0,4,19,23,0,0,5,10,15,0,0,9,29,38,0,36,36,74
05/24/2021,ADW,MD,AEA,EN,Towers with Radar,0,0,13,64,77,0,0,1,58,59,0,0,14,122,136,0,216,216,352
05/25/2021,ADW,MD,AEA,EN,Towers with Radar,4,0,9,60,73,0,0,4,79,83,4,0,13,139,156,0,176,176,332
05/26/2021,ADW,MD,AEA,EN,Towers with Radar,0,0,8,53,61,0,0,5,48,53,0,0,13,101,114,0,118,118,232
05/27/2021,ADW,MD,AEA,EN,Towers with Radar,0,0,2,66,68,0,0,3,55,58,0,0,5,121,126,0,24,24,150
05/28/2021,ADW,MD,AEA,EN,Towers with Radar,2,0,4,19,25,0,0,8,6,14,2,0,12,25,39,0,0,0,39
05/29/2021,ADW,MD,AEA,EN,Towers with Radar,0,0,2,10,12,0,0,0,0,0,0,0,2,10,12,0,0,0,12
05/30/2021,ADW,MD,AEA,EN,Towers with Radar,4,0,0,10,14,0,0,3,18,21,4,0,3,28,35,0,40,40,75
05/31/2021,ADW,MD,AEA,EN,Towers with Radar,0,0,0,8,8,0,0,4,23,27,0,0,4,31,35,0,68,68,103
06/01/2021,ADW,MD,AEA,EN,Towers with Radar,0,0,18,42,60,0,0,10,49,59,0,0,28,91,119,0,78,78,197
06/02/2021,ADW,MD,AEA,EN,Towers with Radar,0,1,2,60,63,0,6,2,52,60,0,7,4,112,123,0,136,136,259
06/03/2021,ADW,MD,AEA,EN,Towers with Radar,0,0,31,59,90,0,0,5,28,33,0,0,36,87,123,0,142,142,265
06/04/2021,ADW,MD,AEA,EN,Towers with Radar,0,0,4,42,46,0,0,2,20,22,0,0,6,62,68,0,0,0,68
06/05/2021,ADW,MD,AEA,EN,Towers with Radar,1,0,0,26,27,0,0,2,12,14,1,0,2,38,41,0,0,0,41
06/06/2021,ADW,MD,AEA,EN,Towers with Radar,1,1,0,40,42,0,1,8,9,18,1,2,8,49,60,0,44,44,104
06/07/2021,ADW,MD,AEA,EN,Towers with Radar,0,1,2,24,27,0,0,4,45,49,0,1,6,69,76,0,88,88,164
06/08/2021,ADW,MD,AEA,EN,Towers with Radar,0,0,0,64,64,0,0,4,45,49,0,0,4,109,113,0,180,180,293
06/09/2021,ADW,MD,AEA,EN,Towers with Radar,0,1,10,53,64,0,0,5,33,38,0,1,15,86,102,0,0,0,102
06/10/2021,ADW,MD,AEA,EN,Towers with Radar,0,0,0,63,63,0,0,0,20,20,0,0,0,83,83,0,48,48,131
06/11/2021,ADW,MD,AEA,EN,Towers with Radar,1,0,2,35,38,0,0,0,0,0,1,0,2,35,38,0,0,0,38
06/12/2021,ADW,MD,AEA,EN,Towers with Radar,0,0,3,26,29,0,1,1,6,8,0,1,4,32,37,0,50,50,87
06/13/2021,ADW,MD,AEA,EN,Towers with Radar,0,0,0,19,19,0,1,2,11,14,0,1,2,30,33,0,24,24,57
06/14/2021,ADW,MD,AEA,EN,Towers with Radar,2,2,4,55,63,0,2,7,57,66,2,4,11,112,129,0,104,104,233
06/15/2021,ADW,MD,AEA,EN,Towers with Radar,1,2,2,58,63,0,0,2,53,55,1,2,4,111,118,0,82,82,200
06/16/2021,ADW,MD,AEA,EN,Towers with Radar,0,1,0,60,61,0,1,7,46,54,0,2,7,106,115,0,0,0,115
06/17/2021,ADW,MD,AEA,EN,Towers with Radar,0,3,4,62,69,0,1,3,67,71,0,4,7,129,140,0,132,132,272
06/18/2021,ADW,MD,AEA,EN,Towers with Radar,2,1,13,22,38,0,1,6,15,22,2,2,19,37,60,0,18,18,78
06/19/2021,ADW,MD,AEA,EN,Towers with Radar,0,1,0,11,12,0,0,3,7,10,0,1,3,18,22,0,42,42,64
06/20/2021,ADW,MD,AEA,EN,Towers with Radar,2,0,2,13,17,0,0,4,17,21,2,0,6,30,38,0,38,38,76
06/21/2021,ADW,MD,AEA,EN,Towers with Radar,0,0,12,39,51,0,0,12,54,66,0,0,24,93,117,0,112,112,229
06/22/2021,ADW,MD,AEA,EN,Towers with Radar,0,1,26,30,57,0,2,2,37,41,0,3,28,67,98,0,110,110,208
06/23/2021,ADW,MD,AEA,EN,Towers with Radar,0,0,8,45,53,0,0,7,51,58,0,0,15,96,111,0,82,82,193
06/24/2021,ADW,MD,AEA,EN,Towers with Radar,1,0,4,76,81,0,0,8,73,81,1,0,12,149,162,0,116,116,278
06/25/2021,ADW,MD,AEA,EN,Towers with Radar,3,0,8,37,48,0,0,4,19,23,3,0,12,56,71,0,24,24,95
06/26/2021,ADW,MD,AEA,EN,Towers with Radar,4,1,0,15,20,0,2,6,20,28,4,3,6,35,48,0,22,22,70
06/27/2021,ADW,MD,AEA,EN,Towers with Radar,0,0,0,21,21,0,1,0,17,18,0,1,0,38,39,0,22,22,61
06/28/2021,ADW,MD,AEA,EN,Towers with Radar,4,0,9,50,63,0,2,17,38,57,4,2,26,88,120,0,0,0,120
06/29/2021,ADW,MD,AEA,EN,Towers with Radar,0,0,8,69,77,0,0,5,43,48,0,0,13,112,125,0,100,100,225
06/30/2021,ADW,MD,AEA,EN,Towers with Radar,0,2,0,29,31,0,1,5,23,29,0,3,5,52,60,0,38,38,98
07/01/2021,ADW,MD,AEA,EN,Towers with Radar,4,0,10,59,73,0,0,4,36,40,4,0,14,95,113,0,54,54,167
07/02/2021,ADW,MD,AEA,EN,Towers with Radar,0,0,6,40,46,0,0,3,13,16,0,0,9,53,62,0,18,18,80
07/03/2021,ADW,MD,AEA,EN,Towers with Radar,2,0,0,26,28,0,0,5,10,15,2,0,5,36,43,0,36,36,79
07/04/2021,ADW,MD,AEA,EN,Towers with Radar,0,0,0,10,10,0,0,12,11,23,0,0,12,21,33,0,0,0,33
07/05/2021,ADW,MD,AEA,EN,Towers with Radar,0,0,0,9,9,0,0,7,10,17,0,0,7,19,26,0,0,0,26
07/06/2021,ADW,MD,AEA,EN,Towers with Radar,1,0,4,32,37,0,1,10,39,50,1,1,14,71,87,0,60,60,147
07/07/2021,ADW,MD,AEA,EN,Towers with Radar,1,2,2,38,43,0,0,3,38,41,1,2,5,76,84,0,0,0,84
07/08/2021,ADW,MD,AEA,EN,Towers with Radar,0,0,12,37,49,0,0,1,33,34,0,0,13,70,83,0,20,20,103
07/09/2021,ADW,MD,AEA,EN,Towers with Radar,1,1,22,39,63,0,0,5,37,42,1,1,27,76,105,0,0,0,105
07/10/2021,ADW,MD,AEA,EN,Towers with Radar,1,0,0,13,14,0,0,8,9,17,1,0,8,22,31,0,58,58,89
07/11/2021,ADW,MD,AEA,EN,Towers with Radar,1,0,0,22,23,0,0,4,27,31,1,0,4,49,54,0,36,36,90
07/12/2021,ADW,MD,AEA,EN,Towers with Radar,2,0,1,42,45,0,0,4,54,58,2,0,5,96,103,0,122,122,225
07/13/2021,ADW,MD,AEA,EN,Towers with Radar,0,1,6,74,81,0,0,3,61,64,0,1,9,135,145,0,64,64,209
07/14/2021,ADW,MD,AEA,EN,Towers with Radar,4,4,4,38,50,0,3,3,31,37,4,7,7,69,87,0,68,68,155
07/15/2021,ADW,MD,AEA,EN,Towers with Radar,3,0,19,35,57,0,0,7,47,54,3,0,26,82,111,0,58,58,169
07/16/2021,ADW,MD,AEA,EN,Towers with Radar,0,0,22,32,54,0,0,1,37,38,0,0,23,69,92,0,36,36,128
07/17/2021,ADW,MD,AEA,EN,Towers with Radar,1,3,4,10,18,0,0,4,9,13,1,3,8,19,31,0,40,40,71
07/18/2021,ADW,MD,AEA,EN,Towers with Radar,0,0,1,25,26,0,0,3,8,11,0,0,4,33,37,0,0,0,37
07/19/2021,ADW,MD,AEA,EN,Towers with Radar,0,0,10,46,56,0,1,10,54,65,0,1,20,100,121,0,196,196,317
07/20/2021,ADW,MD,AEA,EN,Towers with Radar,0,1,6,55,62,0,0,7,48,55,0,1,13,103,117,0,134,134,251
07/21/2021,ADW,MD,AEA,EN,Towers with Radar,0,0,5,55,60,0,1,4,67,72,0,1,9,122,132,0,84,84,216
07/22/2021,ADW,MD,AEA,EN,Towers with Radar,0,1,2,47,50,0,1,6,67,74,0,2,8,114,124,0,116,116,240
07/23/2021,ADW,MD,AEA,EN,Towers with Radar,3,1,6,35,45,0,0,8,45,53,3,1,14,80,98,0,44,44,142
07/24/2021,ADW,MD,AEA,EN,Towers with Radar,0,0,4,24,28,0,1,3,18,22,0,1,7,42,50,0,50,50,100
07/25/2021,ADW,MD,AEA,EN,Towers with Radar,1,0,0,26,27,0,0,8,22,30,1,0,8,48,57,0,0,0,57
07/26/2021,ADW,MD,AEA,EN,Towers with Radar,2,0,14,49,65,0,0,8,37,45,2,0,22,86,110,0,92,92,202
07/27/2021,ADW,MD,AEA,EN,Towers with Radar,2,1,4,66,73,0,0,8,27,35,2,1,12,93,108,0,106,106,214
07/28/2021,ADW,MD,AEA,EN,Towers with Radar,1,0,8,47,56,0,0,9,36,45,1,0,17,83,101,0,0,0,101
07/29/2021,ADW,MD,AEA,EN,Towers with Radar,4,0,9,47,60,0,0,6,29,35,4,0,15,76,95,0,86,86,181
07/30/2021,ADW,MD,AEA,EN,Towers with Radar,0,0,9,42,51,0,0,6,42,48,0,0,15,84,99,0,12,12,111
07/31/2021,ADW,MD,AEA,EN,Towers with Radar,0,0,1,13,14,0,0,4,17,21,0,0,5,30,35,0,0,0,35
08/01/2021,ADW,MD,AEA,EN,Towers with Radar,0,0,0,7,7,0,0,0,22,22,0,0,0,29,29,0,58,58,87
08/02/2021,ADW,MD,AEA,EN,Towers with Radar,0,0,30,45,75,0,0,4,43,47,0,0,34,88,122,0,158,158,280
08/03/2021,ADW,MD,AEA,EN,Towers with Radar,0,0,9,55,64,0,0,1,32,33,0,0,10,87,97,0,71,71,168
08/04/2021,ADW,MD,AEA,EN,Towers with Radar,0,0,6,42,48,0,0,6,37,43,0,0,12,79,91,0,36,36,127
08/05/2021,ADW,MD,AEA,EN,Towers with Radar,0,0,5,39,44,0,0,0,33,33,0,0,5,72,77,0,136,136,213
08/06/2021,ADW,MD,AEA,EN,Towers with Radar,0,0,24,30,54,0,0,7,39,46,0,0,31,69,100,0,26,26,126
08/07/2021,ADW,MD,AEA,EN,Towers with Radar,0,0,2,14,16,0,1,0,10,11,0,1,2,24,27,0,0,0,27
08/08/2021,ADW,MD,AEA,EN,Towers with Radar,0,0,2,20,22,0,0,0,5,5,0,0,2,25,27,0,0,0,27
08/09/2021,ADW,MD,AEA,EN,Towers with Radar,0,0,0,36,36,0,0,0,23,23,0,0,0,59,59,0,18,18,77
08/10/2021,ADW,MD,AEA,EN,Towers with Radar,0,3,9,42,54,0,1,7,17,25,0,4,16,59,79,0,0,0,79
08/11/2021,ADW,MD,AEA,EN,Towers with Radar,0,2,2,31,35,0,0,0,22,22,0,2,2,53,57,0,0,0,57
08/12/2021,ADW,MD,AEA,EN,Towers with Radar,0,0,15,43,58,0,1,1,21,23,0,1,16,64,81,0,18,18,99
08/13/2021,ADW,MD,AEA,EN,Towers with Radar,0,0,4,30,34,0,0,0,8,8,0,0,4,38,42,0,0,0,42
08/14/2021,ADW,MD,AEA,EN,Towers with Radar,0,0,2,20,22,0,0,0,16,16,0,0,2,36,38,0,50,50,88
08/15/2021,ADW,MD,AEA,EN,Towers with Radar,0,0,0,18,18,0,0,0,19,19,0,0,0,37,37,0,0,0,37
08/16/2021,ADW,MD,AEA,EN,Towers with Radar,0,0,2,40,42,0,0,0,40,40,0,0,2,80,82,0,142,142,224
08/17/2021,ADW,MD,AEA,EN,Towers with Radar,0,1,6,47,54,0,0,1,50,51,0,1,7,97,105,0,0,0,105
08/18/2021,ADW,MD,AEA,EN,Towers with Radar,0,1,2,42,45,0,2,0,31,33,0,3,2,73,78,0,0,0,78
08/19/2021,ADW,MD,AEA,EN,Towers with Radar,0,1,20,41,62,0,0,0,54,54,0,1,20,95,116,0,114,114,230
08/20/2021,ADW,MD,AEA,EN,Towers with Radar,1,0,9,23,33,0,1,0,14,15,1,1,9,37,48,0,8,8,56
08/21/2021,ADW,MD,AEA,EN,Towers with Radar,0,0,3,13,16,0,0,1,8,9,0,0,4,21,25,0,0,0,25
08/22/2021,ADW,MD,AEA,EN,Towers with Radar,0,1,0,14,15,0,2,3,25,30,0,3,3,39,45,0,58,58,103
08/23/2021,ADW,MD,AEA,EN,Towers with Radar,0,0,7,28,35,0,0,6,41,47,0,0,13,69,82,0,154,154,236
08/24/2021,ADW,MD,AEA,EN,Towers with Radar,2,0,6,29,37,0,0,2,40,42,2,0,8,69,79,0,120,120,199
08/25/2021,ADW,MD,AEA,EN,Towers with Radar,2,0,6,37,45,0,0,2,31,33,2,0,8,68,78,0,138,138,216
08/26/2021,ADW,MD,AEA,EN,Towers with Radar,2,0,6,53,61,0,0,6,54,60,2,0,12,107,121,0,86,86,207
08/27/2021,ADW,MD,AEA,EN,Towers with Radar,0,0,10,42,52,0,1,1,29,31,0,1,11,71,83,0,22,22,105
08/28/2021,ADW,MD,AEA,EN,Towers with Radar,0,0,0,23,23,0,0,2,20,22,0,0,2,43,45,0,22,22,67
08/29/2021,ADW,MD,AEA,EN,Towers with Radar,1,0,0,33,34,0,0,4,12,16,1,0,4,45,50,0,84,84,134
08/30/2021,ADW,MD,AEA,EN,Towers with Radar,2,0,7,42,51,0,0,6,38,44,2,0,13,80,95,0,136,136,231
08/31/2021,ADW,MD,AEA,EN,Towers with Radar,0,0,6,38,44,0,1,2,52,55,0,1,8,90,99,0,104,104,203
09/01/2021,ADW,MD,AEA,EN,Towers with Radar,3,0,4,27,34,0,0,2,6,8,3,0,6,33,42,0,48,48,90
09/02/2021,ADW,MD,AEA,EN,Towers with Radar,1,6,22,59,88,0,8,4,35,47,1,14,26,94,135,0,118,118,253
09/03/2021,ADW,MD,AEA,EN,Towers with Radar,1,0,0,15,16,0,3,7,27,37,1,3,7,42,53,0,20,20,73
09/04/2021,ADW,MD,AEA,EN,Towers with Radar,2,0,1,20,23,0,0,4,17,21,2,0,5,37,44,0,0,0,44
09/05/2021,ADW,MD,AEA,EN,Towers with Radar,0,0,2,14,16,0,0,13,15,28,0,0,15,29,44,0,98,98,142
09/06/2021,ADW,MD,AEA,EN,Towers with Radar,1,2,0,9,12,0,4,6,11,21,1,6,6,20,33,0,8,8,41
09/07/2021,ADW,MD,AEA,EN,Towers with Radar,1,0,6,60,67,0,1,12,31,44,1,1,18,91,111,0,26,26,137
09/08/2021,ADW,MD,AEA,EN,Towers with Radar,0,0,11,41,52,0,0,0,25,25,0,0,11,66,77,0,0,0,77
09/09/2021,ADW,MD,AEA,EN,Towers with Radar,0,0,3,53,56,0,0,4,38,42,0,0,7,91,98,0,40,40,138
09/10/2021,ADW,MD,AEA,EN,Towers with Radar,0,0,6,41,47,0,0,7,27,34,0,0,13,68,81,0,28,28,109
09/11/2021,ADW,MD,AEA,EN,Towers with Radar,1,1,1,34,37,0,0,5,25,30,1,1,6,59,67,0,0,0,67
09/12/2021,ADW,MD,AEA,EN,Towers with Radar,4,0,0,35,39,0,0,4,20,24,4,0,4,55,63,0,0,0,63
09/13/2021,ADW,MD,AEA,EN,Towers with Radar,1,0,7,43,51,0,0,7,34,41,1,0,14,77,92,0,135,135,227
09/14/2021,ADW,MD,AEA,EN,Towers with Radar,1,1,2,49,53,0,1,8,42,51,1,2,10,91,104,0,130,130,234
09/15/2021,ADW,MD,AEA,EN,Towers with Radar,0,0,8,34,42,0,2,3,18,23,0,2,11,52,65,0,0,0,65
09/16/2021,ADW,MD,AEA,EN,Towers with Radar,0,0,12,43,55,0,0,2,30,32,0,0,14,73,87,0,60,60,147
09/17/2021,ADW,MD,AEA,EN,Towers with Radar,0,0,3,39,42,0,0,2,15,17,0,0,5,54,59,0,10,10,69
09/18/2021,ADW,MD,AEA,EN,Towers with Radar,3,0,0,11,14,0,0,0,18,18,3,0,0,29,32,0,0,0,32
09/19/2021,ADW,MD,AEA,EN,Towers with Radar,1,0,1,19,21,0,0,6,12,18,1,0,7,31,39,0,36,36,75
09/20/2021,ADW,MD,AEA,EN,Towers with Radar,4,0,9,34,47,0,0,4,24,28,4,0,13,58,75,0,54,54,129
09/21/2021,ADW,MD,AEA,EN,Towers with Radar,4,3,2,80,89,0,1,4,9,14,4,4,6,89,103,0,36,36,139
09/22/2021,ADW,MD,AEA,EN,Towers with Radar,0,0,2,32,34,0,0,3,4,7,0,0,5,36,41,0,0,0,41
09/23/2021,ADW,MD,AEA,EN,Towers with Radar,0,0,5,50,55,0,0,1,1,2,0,0,6,51,57,0,0,0,57
09/24/2021,ADW,MD,AEA,EN,Towers with Radar,0,0,11,33,44,0,0,5,15,20,0,0,16,48,64,0,12,12,76
09/25/2021,ADW,MD,AEA,EN,Towers with Radar,2,0,1,23,26,0,0,5,9,14,2,0,6,32,40,0,34,34,74
09/26/2021,ADW,MD,AEA,EN,Towers with Radar,2,1,2,12,17,0,0,5,16,21,2,1,7,28,38,0,30,30,68
09/27/2021,ADW,MD,AEA,EN,Towers with Radar,2,0,12,32,46,0,0,7,19,26,2,0,19,51,72,0,72,72,144
09/28/2021,ADW,MD,AEA,EN,Towers with Radar,1,3,5,20,29,0,0,9,21,30,1,3,14,41,59,0,84,84,143
09/29/2021,ADW,MD,AEA,EN,Towers with Radar,0,0,3,23,26,0,0,6,22,28,0,0,9,45,54,0,64,64,118
09/30/2021,ADW,MD,AEA,EN,Towers with Radar,0,1,20,50,71,0,0,2,18,20,0,1,22,68,91,0,104,104,195
10/01/2021,ADW,MD,AEA,EN,Towers with Radar,1,0,4,37,42,0,2,3,36,41,1,2,7,73,83,0,50,50,133
10/02/2021,ADW,MD,AEA,EN,Towers with Radar,3,0,2,23,28,0,0,3,16,19,3,0,5,39,47,0,0,0,47
10/03/2021,ADW,MD,AEA,EN,Towers with Radar,0,0,0,19,19,0,0,1,16,17,0,0,1,35,36,0,24,24,60
10/04/2021,ADW,MD,AEA,EN,Towers with Radar,0,0,4,57,61,0,0,3,70,73,0,0,7,127,134,0,134,134,268
10/05/2021,ADW,MD,AEA,EN,Towers with Radar,0,1,5,55,61,0,0,0,34,34,0,1,5,89,95,0,158,158,253
10/06/2021,ADW,MD,AEA,EN,Towers with Radar,0,1,6,60,67,0,0,0,30,30,0,1,6,90,97,0,0,0,97
10/07/2021,ADW,MD,AEA,EN,Towers with Radar,0,2,4,62,68,0,0,7,53,60,0,2,11,115,128,0,70,70,198
10/08/2021,ADW,MD,AEA,EN,Towers with Radar,0,0,4,46,50,0,0,0,40,40,0,0,4,86,90,0,0,0,90
10/09/2021,ADW,MD,AEA,EN,Towers with Radar,0,2,0,32,34,0,1,5,10,16,0,3,5,42,50,0,18,18,68
10/10/2021,ADW,MD,AEA,EN,Towers with Radar,0,0,0,11,11,0,0,2,15,17,0,0,2,26,28,0,70,70,98
10/11/2021,ADW,MD,AEA,EN,Towers with Radar,3,1,4,14,22,0,0,0,9,9,3,1,4,23,31,0,0,0,31
10/12/2021,ADW,MD,AEA,EN,Towers with Radar,1,2,2,69,74,0,0,1,1,2,1,2,3,70,76,0,110,110,186
10/13/2021,ADW,MD,AEA,EN,Towers with Radar,0,1,8,75,84,0,0,7,74,81,0,1,15,149,165,0,98,98,263
10/14/2021,ADW,MD,AEA,EN,Towers with Radar,2,2,2,61,67,0,0,7,65,72,2,2,9,126,139,0,0,0,139
10/15/2021,ADW,MD,AEA,EN,Towers with Radar,0,1,5,55,61,0,0,10,40,50,0,1,15,95,111,0,0,0,111
10/16/2021,ADW,MD,AEA,EN,Towers with Radar,0,0,8,16,24,0,0,6,12,18,0,0,14,28,42,0,10,10,52
10/17/2021,ADW,MD,AEA,EN,Towers with Radar,0,0,2,37,39,0,0,4,11,15,0,0,6,48,54,0,10,10,64
10/18/2021,ADW,MD,AEA,EN,Towers with Radar,2,0,11,29,42,0,0,3,59,62,2,0,14,88,104,0,26,26,130
10/19/2021,ADW,MD,AEA,EN,Towers with Radar,0,2,13,86,101,0,2,2,59,63,0,4,15,145,164,0,136,136,300
10/20/2021,ADW,MD,AEA,EN,Towers with Radar,0,0,3,52,55,0,0,7,47,54,0,0,10,99,109,0,66,66,175
10/21/2021,ADW,MD,AEA,EN,Towers with Radar,2,1,24,58,85,0,0,12,44,56,2,1,36,102,141,0,120,120,261
10/22/2021,ADW,MD,AEA,EN,Towers with Radar,3,1,21,45,70,0,1,1,48,50,3,2,22,93,120,0,96,96,216
10/23/2021,ADW,MD,AEA,EN,Towers with Radar,1,2,0,6,9,0,0,2,9,11,1,2,2,15,20,0,44,44,64
10/24/2021,ADW,MD,AEA,EN,Towers with Radar,2,1,1,32,36,0,1,1,10,12,2,2,2,42,48,0,68,68,116
10/25/2021,ADW,MD,AEA,EN,Towers with Radar,0,1,4,53,58,0,2,5,33,40,0,3,9,86,98,0,108,108,206
10/26/2021,ADW,MD,AEA,EN,Towers with Radar,1,1,7,39,48,0,0,5,36,41,1,1,12,75,89,0,86,86,175
10/27/2021,ADW,MD,AEA,EN,Towers with Radar,2,1,4,58,65,0,0,4,47,51,2,1,8,105,116,0,80,80,196
10/28/2021,ADW,MD,AEA,EN,Towers with Radar,2,0,14,81,97,0,0,7,65,72,2,0,21,146,169,0,70,70,239
10/29/2021,ADW,MD,AEA,EN,Towers with Radar,1,0,0,25,26,0,0,0,1,1,1,0,0,26,27,0,0,0,27
10/30/2021,ADW,MD,AEA,EN,Towers with Radar,3,0,2,18,23,0,0,5,22,27,3,0,7,40,50,0,0,0,50
10/31/2021,ADW,MD,AEA,EN,Towers with Radar,0,0,0,14,14,0,1,0,11,12,0,1,0,25,26,0,10,10,36
11/01/2021,ADW,MD,AEA,EN,Towers with Radar,1,1,4,35,41,0,0,5,40,45,1,1,9,75,86,0,68,68,154
11/02/2021,ADW,MD,AEA,EN,Towers with Radar,0,1,5,59,65,0,1,1,59,61,0,2,6,118,126,0,54,54,180
11/03/2021,ADW,MD,AEA,EN,Towers with Radar,0,0,8,67,75,0,1,3,47,51,0,1,11,114,126,0,66,66,192
11/04/2021,ADW,MD,AEA,EN,Towers with Radar,0,1,4,58,63,0,0,0,56,56,0,1,4,114,119,0,114,114,233
11/05/2021,ADW,MD,AEA,EN,Towers with Radar,1,0,12,44,57,0,2,2,54,58,1,2,14,98,115,0,26,26,141
11/06/2021,ADW,MD,AEA,EN,Towers with Radar,4,0,4,29,37,0,0,0,20,20,4,0,4,49,57,0,58,58,115
11/07/2021,ADW,MD,AEA,EN,Towers with Radar,1,0,0,28,29,0,0,0,6,6,1,0,0,34,35,0,8,8,43
11/08/2021,ADW,MD,AEA,EN,Towers with Radar,1,0,4,43,48,0,0,0,68,68,1,0,4,111,116,0,156,156,272
11/09/2021,ADW,MD,AEA,EN,Towers with Radar,0,0,15,62,77,0,1,1,66,68,0,1,16,128,145,0,126,126,271
11/10/2021,ADW,MD,AEA,EN,Towers with Radar,4,1,4,41,50,0,0,9,69,78,4,1,13,110,128,0,46,46,174
11/11/2021,ADW,MD,AEA,EN,Towers with Radar,0,1,4,17,22,0,0,6,15,21,0,1,10,32,43,0,0,0,43
11/12/2021,ADW,MD,AEA,EN,Towers with Radar,0,0,0,21,21,0,0,3,24,27,0,0,3,45,48,0,46,46,94
11/13/2021,ADW,MD,AEA,EN,Towers with Radar,4,0,0,11,15,0,0,2,29,31,4,0,2,40,46,0,0,0,46
11/14/2021,ADW,MD,AEA,EN,Towers with Radar,0,2,6,24,32,0,1,4,31,36,0,3,10,55,68,0,0,0,68
11/15/2021,ADW,MD,AEA,EN,Towers with Radar,0,1,2,35,38,0,0,3,46,49,0,1,5,81,87,0,112,112,199
11/16/2021,ADW,MD,AEA,EN,Towers with Radar,0,1,5,70,76,0,2,2,64,68,0,3,7,134,144,0,180,180,324
11/17/2021,ADW,MD,AEA,EN,Towers with Radar,1,1,6,49,57,0,0,8,56,64,1,1,14,105,121,0,162,162,283
11/18/2021,ADW,MD,AEA,EN,Towers with Radar,0,0,12,54,66,0,3,3,52,58,0,3,15,106,124,0,102,102,226
11/19/2021,ADW,MD,AEA,EN,Towers with Radar,1,1,4,46,52,0,0,4,27,31,1,1,8,73,83,0,46,46,129
11/20/2021,ADW,MD,AEA,EN,Towers with Radar,1,2,0,16,19,0,1,2,17,20,1,3,2,33,39,0,0,0,39
11/21/2021,ADW,MD,AEA,EN,Towers with Radar,0,0,0,30,30,0,0,5,21,26,0,0,5,51,56,0,42,42,98
11/22/2021,ADW,MD,AEA,EN,Towers with Radar,0,0,4,59,63,0,0,6,50,56,0,0,10,109,119,0,120,120,239
11/23/2021,ADW,MD,AEA,EN,Towers with Radar,0,0,14,52,66,0,0,4,63,67,0,0,18,115,133,0,120,120,253
11/24/2021,ADW,MD,AEA,EN,Towers with Radar,1,0,2,24,27,0,0,0,42,42,1,0,2,66,69,0,42,42,111
11/25/2021,ADW,MD,AEA,EN,Towers with Radar,0,0,0,1,1,0,0,2,5,7,0,0,2,6,8,0,12,12,20
11/26/2021,ADW,MD,AEA,EN,Towers with Radar,0,0,2,6,8,0,0,1,15,16,0,0,3,21,24,0,22,22,46
11/27/2021,ADW,MD,AEA,EN,Towers with Radar,0,0,0,4,4,0,0,5,19,24,0,0,5,23,28,0,48,48,76
11/28/2021,ADW,MD,AEA,EN,Towers with Radar,0,1,0,21,22,0,2,0,12,14,0,3,0,33,36,0,0,0,36
11/29/2021,ADW,MD,AEA,EN,Towers with Radar,0,0,18,36,54,0,0,8,52,60,0,0,26,88,114,0,110,110,224
11/30/2021,ADW,MD,AEA,EN,Towers with Radar,0,0,10,56,66,0,1,9,52,62,0,1,19,108,128,0,70,70,198
12/01/2021,ADW,MD,AEA,EN,Towers with Radar,0,0,11,61,72,0,0,7,43,50,0,0,18,104,122,0,144,144,266
12/02/2021,ADW,MD,AEA,EN,Towers with Radar,0,0,22,54,76,0,0,5,42,47,0,0,27,96,123,0,104,104,227
12/03/2021,ADW,MD,AEA,EN,Towers with Radar,0,0,4,47,51,0,0,3,37,40,0,0,7,84,91,0,18,18,109
12/04/2021,ADW,MD,AEA,EN,Towers with Radar,0,1,0,29,30,0,1,1,27,29,0,2,1,56,59,0,26,26,85
12/05/2021,ADW,MD,AEA,EN,Towers with Radar,2,4,0,30,36,0,4,2,16,22,2,8,2,46,58,0,0,0,58
12/06/2021,ADW,MD,AEA,EN,Towers with Radar,0,0,10,24,34,0,0,3,53,56,0,0,13,77,90,0,44,44,134
12/07/2021,ADW,MD,AEA,EN,Towers with Radar,1,0,5,86,92,0,1,8,60,69,1,1,13,146,161,0,136,136,297
12/08/2021,ADW,MD,AEA,EN,Towers with Radar,2,2,3,40,47,0,0,9,43,52,2,2,12,83,99,2,96,98,197
12/09/2021,ADW,MD,AEA,EN,Towers with Radar,1,1,2,96,100,0,0,11,72,83,1,1,13,168,183,0,168,168,351
12/10/2021,ADW,MD,AEA,EN,Towers with Radar,2,0,2,48,52,0,0,7,28,35,2,0,9,76,87,0,0,0,87
12/11/2021,ADW,MD,AEA,EN,Towers with Radar,4,0,6,21,31,0,0,0,9,9,4,0,6,30,40,0,12,12,52
12/12/2021,ADW,MD,AEA,EN,Towers with Radar,0,1,0,19,20,0,0,0,19,19,0,1,0,38,39,0,40,40,79
12/13/2021,ADW,MD,AEA,EN,Towers with Radar,0,1,0,52,53,0,0,7,48,55,0,1,7,100,108,0,0,0,108
12/14/2021,ADW,MD,AEA,EN,Towers with Radar,1,0,26,80,107,0,2,8,77,87,1,2,34,157,194,0,142,142,336
12/15/2021,ADW,MD,AEA,EN,Towers with Radar,0,0,1,66,67,0,0,12,43,55,0,0,13,109,122,0,30,30,152
12/16/2021,ADW,MD,AEA,EN,Towers with Radar,1,3,6,76,86,0,3,9,48,60,1,6,15,124,146,0,66,66,212
12/17/2021,ADW,MD,AEA,EN,Towers with Radar,0,4,2,44,50,0,4,1,49,54,0,8,3,93,104,0,10,10,114
12/18/2021,ADW,MD,AEA,EN,Towers with Radar,3,0,2,5,10,0,0,0,12,12,3,0,2,17,22,0,0,0,22
12/19/2021,ADW,MD,AEA,EN,Towers with Radar,1,0,0,8,9,0,0,0,15,15,1,0,0,23,24,0,20,20,44
12/20/2021,ADW,MD,AEA,EN,Towers with Radar,0,0,2,31,33,0,0,2,36,38,0,0,4,67,71,0,46,46,117
12/21/2021,ADW,MD,AEA,EN,Towers with Radar,0,0,15,48,63,0,1,3,15,19,0,1,18,63,82,0,62,62,144
12/22/2021,ADW,MD,AEA,EN,Towers with Radar,0,0,6,22,28,0,3,3,10,16,0,3,9,32,44,0,0,0,44
12/23/2021,ADW,MD,AEA,EN,Towers with Radar,0,0,2,16,18,0,2,0,19,21,0,2,2,35,39,0,28,28,67
12/24/2021,ADW,MD,AEA,EN,Towers with Radar,0,0,3,2,5,0,0,1,14,15,0,0,4,16,20,0,0,0,20
12/25/2021,ADW,MD,AEA,EN,Towers with Radar,0,0,0,1,1,0,0,0,0,0,0,0,0,1,1,0,0,0,1
12/26/2021,ADW,MD,AEA,EN,Towers with Radar,0,0,0,4,4,0,0,1,8,9,0,0,1,12,13,0,0,0,13
12/27/2021,ADW,MD,AEA,EN,Towers with Radar,0,0,2,14,16,0,0,0,10,10,0,0,2,24,26,0,36,36,62
12/28/2021,ADW,MD,AEA,EN,Towers with Radar,0,0,9,28,37,0,0,0,32,32,0,0,9,60,69,0,134,134,203
12/29/2021,ADW,MD,AEA,EN,Towers with Radar,0,1,2,37,40,0,2,2,16,20,0,3,4,53,60,0,36,36,96
12/30/2021,ADW,MD,AEA,EN,Towers with Radar,0,0,4,7,11,0,0,0,7,7,0,0,4,14,18,0,0,0,18
12/31/2021,ADW,MD,AEA,EN,Towers with Radar,0,0,2,4,6,0,0,1,9,10,0,0,3,13,16,0,12,12,28
01/01/2022,ADW,MD,AEA,EN,Towers with Radar,0,0,0,8,8,0,0,0,0,0,0,0,0,8,8,0,0,0,8
01/02/2022,ADW,MD,AEA,EN,Towers with Radar,0,0,0,18,18,0,0,1,12,13,0,0,1,30,31,0,0,0,31
01/03/2022,ADW,MD,AEA,EN,Towers with Radar,0,0,0,9,9,0,0,1,3,4,0,0,1,12,13,0,0,0,13
01/04/2022,ADW,MD,AEA,EN,Towers with Radar,0,0,0,14,14,0,0,6,31,37,0,0,6,45,51,0,48,48,99
01/05/2022,ADW,MD,AEA,EN,Towers with Radar,0,0,2,10,12,0,0,0,41,41,0,0,2,51,53,0,0,0,53
01/06/2022,ADW,MD,AEA,EN,Towers with Radar,0,0,10,63,73,0,0,1,45,46,0,0,11,108,119,0,30,30,149
01/07/2022,ADW,MD,AEA,EN,Towers with Radar,0,0,2,14,16,0,0,5,24,29,0,0,7,38,45,0,0,0,45
01/08/2022,ADW,MD,AEA,EN,Towers with Radar,2,1,0,48,51,0,0,4,14,18,2,1,4,62,69,0,18,18,87
01/09/2022,ADW,MD,AEA,EN,Towers with Radar,0,0,0,25,25,0,0,0,12,12,0,0,0,37,37,0,0,0,37
01/10/2022,ADW,MD,AEA,EN,Towers with Radar,0,0,2,54,56,0,0,0,31,31,0,0,2,85,87,0,118,118,205
01/11/2022,ADW,MD,AEA,EN,Towers with Radar,0,1,6,65,72,0,1,9,55,65,0,2,15,120,137,0,94,94,231
01/12/2022,ADW,MD,AEA,EN,Towers with Radar,1,0,5,43,49,0,0,5,43,48,1,0,10,86,97,0,84,84,181
01/13/2022,ADW,MD,AEA,EN,Towers with Radar,1,0,8,40,49,0,0,5,23,28,1,0,13,63,77,0,0,0,77
01/14/2022,ADW,MD,AEA,EN,Towers with Radar,0,0,3,21,24,0,0,2,26,28,0,0,5,47,52,0,0,0,52
01/15/2022,ADW,MD,AEA,EN,Towers with Radar,0,0,2,10,12,0,0,0,14,14,0,0,2,24,26,0,24,24,50
01/16/2022,ADW,MD,AEA,EN,Towers with Radar,0,0,0,8,8,0,0,0,2,2,0,0,0,10,10,0,0,0,10
01/17/2022,ADW,MD,AEA,EN,Towers with Radar,1,0,0,8,9,0,0,3,7,10,1,0,3,15,19,0,0,0,19
01/18/2022,ADW,MD,AEA,EN,Towers with Radar,0,2,31,46,79,0,0,4,45,49,0,2,35,91,128,0,98,98,226
01/19/2022,ADW,MD,AEA,EN,Towers with Radar,1,0,7,51,59,0,0,5,42,47,1,0,12,93,106,0,0,0,106
01/20/2022,ADW,MD,AEA,EN,Towers with Radar,0,0,4,48,52,0,0,6,28,34,0,0,10,76,86,0,26,26,112
01/21/2022,ADW,MD,AEA,EN,Towers with Radar,0,0,10,34,44,0,0,3,42,45,0,0,13,76,89,0,0,0,89
01/22/2022,ADW,MD,AEA,EN,Towers with Radar,0,0,8,3,11,0,0,7,12,19,0,0,15,15,30,0,0,0,30
01/23/2022,ADW,MD,AEA,EN,Towers with Radar,0,0,2,11,13,0,0,2,17,19,0,0,4,28,32,0,56,56,88
01/24/2022,ADW,MD,AEA,EN,Towers with Radar,0,0,27,34,61,0,0,18,53,71,0,0,45,87,132,0,118,118,250
01/25/2022,ADW,MD,AEA,EN,Towers with Radar,0,0,20,52,72,0,0,6,62,68,0,0,26,114,140,0,134,134,274
01/26/2022,ADW,MD,AEA,EN,Towers with Radar,0,0,6,67,73,0,1,7,49,57,0,1,13,116,130,0,132,132,262
01/27/2022,ADW,MD,AEA,EN,Towers with Radar,0,0,5,65,70,0,0,3,52,55,0,0,8,117,125,0,0,0,125
01/28/2022,ADW,MD,AEA,EN,Towers with Radar,0,0,4,42,46,0,0,2,27,29,0,0,6,69,75,0,50,50,125
01/29/2022,ADW,MD,AEA,EN,Towers with Radar,0,0,0,14,14,0,0,1,13,14,0,0,1,27,28,0,0,0,28
01/30/2022,ADW,MD,AEA,EN,Towers with Radar,3,0,0,16,19,0,1,3,12,16,3,1,3,28,35,0,0,0,35
01/31/2022,ADW,MD,AEA,EN,Towers with Radar,1,0,12,43,56,0,0,8,82,90,1,0,20,125,146,0,0,0,146
02/01/2022,ADW,MD,AEA,EN,Towers with Radar,0,0,6,42,48,0,0,4,71,75,0,0,10,113,123,0,160,160,283
02/02/2022,ADW,MD,AEA,EN,Towers with Radar,0,0,15,45,60,0,0,3,49,52,0,0,18,94,112,0,88,88,200
02/03/2022,ADW,MD,AEA,EN,Towers with Radar,0,0,6,39,45,0,0,0,0,0,0,0,6,39,45,0,0,0,45
02/04/2022,ADW,MD,AEA,EN,Towers with Radar,0,0,2,37,39,0,0,0,9,9,0,0,2,46,48,0,0,0,48
02/05/2022,ADW,MD,AEA,EN,Towers with Radar,0,1,4,20,25,0,1,0,15,16,0,2,4,35,41,0,0,0,41
02/06/2022,ADW,MD,AEA,EN,Towers with Radar,0,0,0,15,15,0,0,5,20,25,0,0,5,35,40,0,64,64,104
02/07/2022,ADW,MD,AEA,EN,Towers with Radar,1,0,5,47,53,0,1,2,56,59,1,1,7,103,112,0,0,0,112
02/08/2022,ADW,MD,AEA,EN,Towers with Radar,1,0,5,77,83,0,0,5,67,72,1,0,10,144,155,0,148,148,303
02/09/2022,ADW,MD,AEA,EN,Towers with Radar,0,0,6,62,68,0,0,6,52,58,0,0,12,114,126,0,0,0,126
02/10/2022,ADW,MD,AEA,EN,Towers with Radar,0,0,10,57,67,0,0,2,52,54,0,0,12,109,121,0,0,0,121
02/11/2022,ADW,MD,AEA,EN,Towers with Radar,2,0,18,31,51,0,0,5,39,44,2,0,23,70,95,0,0,0,95
02/12/2022,ADW,MD,AEA,EN,Towers with Radar,0,0,14,22,36,0,0,6,21,27,0,0,20,43,63,0,0,0,63
02/13/2022,ADW,MD,AEA,EN,Towers with Radar,0,1,0,15,16,0,1,0,0,1,0,2,0,15,17,0,0,0,17
02/14/2022,ADW,MD,AEA,EN,Towers with Radar,0,0,5,36,41,0,3,2,27,32,0,3,7,63,73,0,126,126,199
02/15/2022,ADW,MD,AEA,EN,Towers with Radar,0,0,12,59,71,0,1,4,49,54,0,1,16,108,125,0,154,154,279
02/16/2022,ADW,MD,AEA,EN,Towers with Radar,0,0,14,58,72,0,0,5,55,60,0,0,19,113,132,0,108,108,240
02/17/2022,ADW,MD,AEA,EN,Towers with Radar,0,0,0,72,72,0,0,6,42,48,0,0,6,114,120,0,0,0,120
02/18/2022,ADW,MD,AEA,EN,Towers with Radar,0,0,0,22,22,0,0,3,21,24,0,0,3,43,46,0,18,18,64
02/19/2022,ADW,MD,AEA,EN,Towers with Radar,0,0,0,18,18,0,0,5,10,15,0,0,5,28,33,0,10,10,43
02/20/2022,ADW,MD,AEA,EN,Towers with Radar,1,0,2,16,19,0,3,2,19,24,1,3,4,35,43,0,66,66,109
02/21/2022,ADW,MD,AEA,EN,Towers with Radar,1,0,1,16,18,0,0,2,10,12,1,0,3,26,30,0,0,0,30
02/22/2022,ADW,MD,AEA,EN,Towers with Radar,0,2,6,41,49,0,0,0,47,47,0,2,6,88,96,0,182,182,278
02/23/2022,ADW,MD,AEA,EN,Towers with Radar,0,2,6,50,58,0,2,3,35,40,0,4,9,85,98,0,158,158,256
02/24/2022,ADW,MD,AEA,EN,Towers with Radar,1,2,3,42,48,0,0,2,8,10,1,2,5,50,58,0,48,48,106
02/25/2022,ADW,MD,AEA,EN,Towers with Radar,1,1,4,50,56,0,0,2,23,25,1,1,6,73,81,0,38,38,119
02/26/2022,ADW,MD,AEA,EN,Towers with Radar,1,0,0,9,10,0,0,2,11,13,1,0,2,20,23,0,40,40,63
02/27/2022,ADW,MD,AEA,EN,Towers with Radar,0,0,0,29,29,0,0,3,14,17,0,0,3,43,46,0,54,54,100
02/28/2022,ADW,MD,AEA,EN,Towers with Radar,0,0,17,34,51,0,0,0,16,16,0,0,17,50,67,0,116,116,183
03/01/2022,ADW,MD,AEA,EN,Towers with Radar,0,1,5,86,92,0,1,1,11,13,0,2,6,97,105,0,94,94,199
03/02/2022,ADW,MD,AEA,EN,Towers with Radar,0,0,1,62,63,0,2,18,69,89,0,2,19,131,152,0,140,140,292
03/03/2022,ADW,MD,AEA,EN,Towers with Radar,0,0,7,51,58,0,0,2,57,59,0,0,9,108,117,0,86,86,203
03/04/2022,ADW,MD,AEA,EN,Towers with Radar,0,1,0,50,51,0,0,1,30,31,0,1,1,80,82,0,72,72,154
03/05/2022,ADW,MD,AEA,EN,Towers with Radar,4,0,0,20,24,0,2,6,36,44,4,2,6,56,68,0,138,138,206
03/06/2022,ADW,MD,AEA,EN,Towers with Radar,0,0,0,16,16,0,0,12,28,40,0,0,12,44,56,0,32,32,88
03/07/2022,ADW,MD,AEA,EN,Towers with Radar,0,0,2,32,34,0,0,2,27,29,0,0,4,59,63,0,94,94,157
03/08/2022,ADW,MD,AEA,EN,Towers with Radar,0,1,2,76,79,0,0,4,68,72,0,1,6,144,151,0,178,178,329
03/09/2022,ADW,MD,AEA,EN,Towers with Radar,1,0,6,38,45,0,2,1,18,21,1,2,7,56,66,0,22,22,88
03/10/2022,ADW,MD,AEA,EN,Towers with Radar,0,1,4,94,99,0,1,1,80,82,0,2,5,174,181,0,122,122,303
03/11/2022,ADW,MD,AEA,EN,Towers with Radar,1,0,4,36,41,0,0,4,31,35,1,0,8,67,76,0,44,44,120
03/12/2022,ADW,MD,AEA,EN,Towers with Radar,4,0,0,14,18,0,0,3,2,5,4,0,3,16,23,0,0,0,23
03/13/2022,ADW,MD,AEA,EN,Towers with Radar,0,0,6,17,23,0,0,2,12,14,0,0,8,29,37,0,0,0,37
03/14/2022,ADW,MD,AEA,EN,Towers with Radar,0,0,6,57,63,0,0,0,58,58,0,0,6,115,121,0,0,0,121
03/15/2022,ADW,MD,AEA,EN,Towers with Radar,0,0,6,77,83,0,0,7,76,83,0,0,13,153,166,0,200,200,366
03/16/2022,ADW,MD,AEA,EN,Towers with Radar,0,0,6,55,61,0,0,4,47,51,0,0,10,102,112,0,0,0,112
03/17/2022,ADW,MD,AEA,EN,Towers with Radar,0,0,0,52,52,0,0,0,18,18,0,0,0,70,70,0,0,0,70
03/18/2022,ADW,MD,AEA,EN,Towers with Radar,0,0,14,57,71,0,0,7,42,49,0,0,21,99,120,0,38,38,158
03/19/2022,ADW,MD,AEA,EN,Towers with Radar,4,2,14,39,59,0,1,4,21,26,4,3,18,60,85,0,22,22,107
03/20/2022,ADW,MD,AEA,EN,Towers with Radar,0,2,0,30,32,0,0,8,17,25,0,2,8,47,57,0,0,0,57
03/21/2022,ADW,MD,AEA,EN,Towers with Radar,0,1,8,36,45,0,0,3,48,51,0,1,11,84,96,0,0,0,96
03/22/2022,ADW,MD,AEA,EN,Towers with Radar,0,0,6,64,70,0,0,3,60,63,0,0,9,124,133,0,146,146,279
03/23/2022,ADW,MD,AEA,EN,Towers with Radar,0,0,0,55,55,0,3,5,24,32,0,3,5,79,87,0,0,0,87
03/24/2022,ADW,MD,AEA,EN,Towers with Radar,0,1,3,28,32,0,0,0,2,2,0,1,3,30,34,0,0,0,34
03/25/2022,ADW,MD,AEA,EN,Towers with Radar,0,0,2,42,44,0,0,4,42,46,0,0,6,84,90,0,50,50,140
03/26/2022,ADW,MD,AEA,EN,Towers with Radar,4,0,1,29,34,0,2,2,29,33,4,2,3,58,67,0,0,0,67
03/27/2022,ADW,MD,AEA,EN,Towers with Radar,0,0,0,43,43,0,0,2,20,22,0,0,2,63,65,0,0,0,65
03/28/2022,ADW,MD,AEA,EN,Towers with Radar,0,0,1,40,41,0,0,1,48,49,0,0,2,88,90,0,0,0,90
03/29/2022,ADW,MD,AEA,EN,Towers with Radar,0,0,4,54,58,0,1,4,60,65,0,1,8,114,123,0,106,106,229
03/30/2022,ADW,MD,AEA,EN,Towers with Radar,0,0,13,42,55,0,1,5,56,62,0,1,18,98,117,0,0,0,117
03/31/2022,ADW,MD,AEA,EN,Towers with Radar,0,2,26,65,93,0,2,1,9,12,0,4,27,74,105,0,74,74,179
04/01/2022,ADW,MD,AEA,EN,Towers with Radar,0,0,3,50,53,0,0,1,46,47,0,0,4,96,100,0,18,18,118
04/02/2022,ADW,MD,AEA,EN,Towers with Radar,2,0,2,27,31,0,1,2,13,16,2,1,4,40,47,0,14,14,61
04/03/2022,ADW,MD,AEA,EN,Towers with Radar,0,0,6,16,22,0,2,2,17,21,0,2,8,33,43,0,0,0,43
04/04/2022,ADW,MD,AEA,EN,Towers with Radar,2,0,7,41,50,0,0,0,60,60,2,0,7,101,110,0,226,226,336
04/05/2022,ADW,MD,AEA,EN,Towers with Radar,0,1,13,68,82,0,0,0,35,35,0,1,13,103,117,0,140,140,257
04/06/2022,ADW,MD,AEA,EN,Towers with Radar,0,0,7,48,55,0,0,0,20,20,0,0,7,68,75,0,0,0,75
04/07/2022,ADW,MD,AEA,EN,Towers with Radar,0,1,6,50,57,0,0,0,22,22,0,1,6,72,79,0,20,20,99
04/08/2022,ADW,MD,AEA,EN,Towers with Radar,2,0,0,73,75,0,0,2,41,43,2,0,2,114,118,0,0,0,118
04/09/2022,ADW,MD,AEA,EN,Towers with Radar,0,0,6,19,25,0,0,3,24,27,0,0,9,43,52,0,4,4,56
04/10/2022,ADW,MD,AEA,EN,Towers with Radar,0,0,0,14,14,0,0,4,12,16,0,0,4,26,30,0,0,0,30
04/11/2022,ADW,MD,AEA,EN,Towers with Radar,0,0,4,42,46,0,0,2,59,61,0,0,6,101,107,0,0,0,107
04/12/2022,ADW,MD,AEA,EN,Towers with Radar,0,1,3,82,86,0,1,11,59,71,0,2,14,141,157,0,0,0,157
04/13/2022,ADW,MD,AEA,EN,Towers with Radar,2,2,2,54,60,0,1,10,47,58,2,3,12,101,118,2,148,150,268
04/14/2022,ADW,MD,AEA,EN,Towers with Radar,0,1,4,61,66,0,1,4,47,52,0,2,8,108,118,0,0,0,118
04/15/2022,ADW,MD,AEA,EN,Towers with Radar,0,0,14,52,66,0,0,2,30,32,0,0,16,82,98,0,40,40,138
04/16/2022,ADW,MD,AEA,EN,Towers with Radar,0,0,0,9,9,0,0,0,17,17,0,0,0,26,26,0,16,16,42
04/17/2022,ADW,MD,AEA,EN,Towers with Radar,0,0,0,24,24,0,2,2,21,25,0,2,2,45,49,0,0,0,49
04/18/2022,ADW,MD,AEA,EN,Towers with Radar,0,0,0,35,35,0,0,1,29,30,0,0,1,64,65,0,138,138,203
04/19/2022,ADW,MD,AEA,EN,Towers with Radar,1,0,0,79,80,0,0,9,48,57,1,0,9,127,137,2,154,156,293
04/20/2022,ADW,MD,AEA,EN,Towers with Radar,3,1,9,75,88,0,2,4,35,41,3,3,13,110,129,0,0,0,129
04/21/2022,ADW,MD,AEA,EN,Towers with Radar,2,1,4,54,61,0,2,3,51,56,2,3,7,105,117,0,104,104,221
04/22/2022,ADW,MD,AEA,EN,Towers with Radar,1,0,0,54,55,0,0,6,33,39,1,0,6,87,94,0,76,76,170
04/23/2022,ADW,MD,AEA,EN,Towers with Radar,2,0,0,33,35,0,0,9,11,20,2,0,9,44,55,0,0,0,55
04/24/2022,ADW,MD,AEA,EN,Towers with Radar,0,0,0,15,15,0,0,3,13,16,0,0,3,28,31,0,14,14,45
04/25/2022,ADW,MD,AEA,EN,Towers with Radar,1,1,2,43,47,0,0,1,40,41,1,1,3,83,88,0,166,166,254
04/26/2022,ADW,MD,AEA,EN,Towers with Radar,1,0,20,46,67,0,0,3,38,41,1,0,23,84,108,0,150,150,258
04/27/2022,ADW,MD,AEA,EN,Towers with Radar,1,3,8,47,59,0,5,0,36,41,1,8,8,83,100,0,48,48,148
04/28/2022,ADW,MD,AEA,EN,Towers with Radar,2,1,27,57,87,0,0,4,66,70,2,1,31,123,157,0,184,184,341
04/29/2022,ADW,MD,AEA,EN,Towers with Radar,0,3,2,33,38,0,1,7,35,43,0,4,9,68,81,0,134,134,215
04/30/2022,ADW,MD,AEA,EN,Towers with Radar,6,0,0,14,20,0,0,5,10,15,6,0,5,24,35,0,22,22,57
05/01/2022,ADW,MD,AEA,EN,Towers with Radar,2,0,0,10,12,0,2,4,19,25,2,2,4,29,37,0,2,2,39
05/02/2022,ADW,MD,AEA,EN,Towers with Radar,0,0,8,47,55,0,0,8,66,74,0,0,16,113,129,0,98,98,227
05/03/2022,ADW,MD,AEA,EN,Towers with Radar,0,0,4,70,74,0,0,2,41,43,0,0,6,111,117,0,126,126,243
05/04/2022,ADW,MD,AEA,EN,Towers with Radar,0,0,10,44,54,0,0,2,41,43,0,0,12,85,97,0,100,100,197
05/05/2022,ADW,MD,AEA,EN,Towers with Radar,1,0,17,67,85,0,0,12,34,46,1,0,29,101,131,0,68,68,199
05/06/2022,ADW,MD,AEA,EN,Towers with Radar,2,3,10,49,64,0,1,0,6,7,2,4,10,55,71,0,32,32,103
05/07/2022,ADW,MD,AEA,EN,Towers with Radar,6,0,0,18,24,0,0,0,0,0,6,0,0,18,24,0,0,0,24
05/08/2022,ADW,MD,AEA,EN,Towers with Radar,3,1,0,15,19,0,0,5,13,18,3,1,5,28,37,0,38,38,75
05/09/2022,ADW,MD,AEA,EN,Towers with Radar,1,4,5,35,45,0,1,2,40,43,1,5,7,75,88,0,104,104,192
05/10/2022,ADW,MD,AEA,EN,Towers with Radar,2,2,6,57,67,0,1,1,71,73,2,3,7,128,140,0,156,156,296
05/11/2022,ADW,MD,AEA,EN,Towers with Radar,2,2,13,54,71,0,0,6,41,47,2,2,19,95,118,0,62,62,180
05/12/2022,ADW,MD,AEA,EN,Towers with Radar,0,1,10,53,64,0,0,3,42,45,0,1,13,95,109,0,110,110,219
05/13/2022,ADW,MD,AEA,EN,Towers with Radar,2,1,5,37,45,0,0,0,10,10,2,1,5,47,55,0,12,12,67
05/14/2022,ADW,MD,AEA,EN,Towers with Radar,8,0,3,20,31,0,0,0,6,6,8,0,3,26,37,0,18,18,55
05/15/2022,ADW,MD,AEA,EN,Towers with Radar,1,3,1,32,37,0,0,0,11,11,1,3,1,43,48,0,0,0,48
05/16/2022,ADW,MD,AEA,EN,Towers with Radar,1,0,0,35,36,0,1,0,32,33,1,1,0,67,69,0,0,0,69
05/17/2022,ADW,MD,AEA,EN,Towers with Radar,1,1,6,81,89,0,0,15,56,71,1,1,21,137,160,0,0,0,160
05/18/2022,ADW,MD,AEA,EN,Towers with Radar,1,0,1,66,68,1,0,8,39,48,2,0,9,105,116,0,0,0,116
05/19/2022,ADW,MD,AEA,EN,Towers with Radar,1,0,25,103,129,0,10,9,63,82,1,10,34,166,211,0,0,0,211
05/20/2022,ADW,MD,AEA,EN,Towers with Radar,1,0,8,43,52,0,1,8,22,31,1,1,16,65,83,0,24,24,107
05/21/2022,ADW,MD,AEA,EN,Towers with Radar,4,0,0,15,19,0,1,3,12,16,4,1,3,27,35,0,20,20,55
05/22/2022,ADW,MD,AEA,EN,Towers with Radar,2,0,0,19,21,0,2,2,12,16,2,2,2,31,37,0,40,40,77
05/23/2022,ADW,MD,AEA,EN,Towers with Radar,1,0,5,70,76,0,1,2,45,48,1,1,7,115,124,0,112,112,236
05/24/2022,ADW,MD,AEA,EN,Towers with Radar,0,0,4,73,77,0,0,5,24,29,0,0,9,97,106,0,42,42,148
05/25/2022,ADW,MD,AEA,EN,Towers with Radar,3,1,3,76,83,0,1,8,39,48,3,2,11,115,131,0,126,126,257
05/26/2022,ADW,MD,AEA,EN,Towers with Radar,1,0,5,37,43,0,0,3,31,34,1,0,8,68,77,0,100,100,177
05/27/2022,ADW,MD,AEA,EN,Towers with Radar,0,0,4,26,30,0,0,0,11,11,0,0,4,37,41,0,0,0,41
05/28/2022,ADW,MD,AEA,EN,Towers with Radar,4,0,0,13,17,0,0,2,23,25,4,0,2,36,42,0,30,30,72
05/29/2022,ADW,MD,AEA,EN,Towers with Radar,1,0,2,16,19,0,2,4,8,14,1,2,6,24,33,0,28,28,61
05/30/2022,ADW,MD,AEA,EN,Towers with Radar,0,0,0,13,13,0,2,5,14,21,0,2,5,27,34,0,0,0,34
05/31/2022,ADW,MD,AEA,EN,Towers with Radar,0,3,32,50,85,0,7,8,38,53,0,10,40,88,138,0,158,158,296
06/01/2022,ADW,MD,AEA,EN,Towers with Radar,0,0,10,51,61,0,0,7,38,45,0,0,17,89,106,0,160,160,266
06/02/2022,ADW,MD,AEA,EN,Towers with Radar,3,0,16,60,79,0,1,0,65,66,3,1,16,125,145,0,0,0,145
06/03/2022,ADW,MD,AEA,EN,Towers with Radar,1,0,8,87,96,0,3,5,29,37,1,3,13,116,133,0,76,76,209
06/04/2022,ADW,MD,AEA,EN,Towers with Radar,2,0,2,19,23,0,0,2,7,9,2,0,4,26,32,0,70,70,102
06/05/2022,ADW,MD,AEA,EN,Towers with Radar,1,1,0,16,18,0,0,2,25,27,1,1,2,41,45,0,0,0,45
06/06/2022,ADW,MD,AEA,EN,Towers with Radar,0,1,8,35,44,0,1,6,30,37,0,2,14,65,81,0,30,30,111
06/07/2022,ADW,MD,AEA,EN,Towers with Radar,0,2,0,65,67,0,0,8,48,56,0,2,8,113,123,0,144,144,267
06/08/2022,ADW,MD,AEA,EN,Towers with Radar,1,1,2,42,46,0,0,8,29,37,1,1,10,71,83,0,216,216,299
06/09/2022,ADW,MD,AEA,EN,Towers with Radar,0,0,11,62,73,0,0,19,57,76,0,0,30,119,149,0,128,128,277
06/10/2022,ADW,MD,AEA,EN,Towers with Radar,1,0,2,50,53,0,0,5,31,36,1,0,7,81,89,0,18,18,107
06/11/2022,ADW,MD,AEA,EN,Towers with Radar,4,0,2,42,48,0,0,2,18,20,4,0,4,60,68,0,0,0,68
06/12/2022,ADW,MD,AEA,EN,Towers with Radar,0,1,4,41,46,0,0,2,9,11,0,1,6,50,57,0,0,0,57
06/13/2022,ADW,MD,AEA,EN,Towers with Radar,0,0,5,29,34,0,3,7,32,42,0,3,12,61,76,0,106,106,182
06/14/2022,ADW,MD,AEA,EN,Towers with Radar,2,0,2,74,78,0,0,6,38,44,2,0,8,112,122,0,88,88,210
06/15/2022,ADW,MD,AEA,EN,Towers with Radar,3,1,4,56,64,0,4,4,39,47,3,5,8,95,111,0,130,130,241
06/16/2022,ADW,MD,AEA,EN,Towers with Radar,1,2,17,93,113,0,2,7,68,77,1,4,24,161,190,0,90,90,280
06/17/2022,ADW,MD,AEA,EN,Towers with Radar,0,1,4,27,32,0,2,3,22,27,0,3,7,49,59,0,0,0,59
06/18/2022,ADW,MD,AEA,EN,Towers with Radar,0,1,4,4,9,0,0,7,14,21,0,1,11,18,30,0,44,44,74
06/19/2022,ADW,MD,AEA,EN,Towers with Radar,0,0,0,7,7,0,0,2,13,15,0,0,2,20,22,0,0,0,22
06/20/2022,ADW,MD,AEA,EN,Towers with Radar,0,0,0,14,14,0,0,3,11,14,0,0,3,25,28,0,78,78,106
06/21/2022,ADW,MD,AEA,EN,Towers with Radar,0,0,2,61,63,0,1,12,57,70,0,1,14,118,133,0,40,40,173
06/22/2022,ADW,MD,AEA,EN,Towers with Radar,0,0,36,33,69,0,0,2,32,34,0,0,38,65,103,0,112,112,215
06/23/2022,ADW,MD,AEA,EN,Towers with Radar,0,0,5,47,52,0,0,0,28,28,0,0,5,75,80,0,18,18,98
06/24/2022,ADW,MD,AEA,EN,Towers with Radar,0,1,1,52,54,0,1,1,36,38,0,2,2,88,92,0,60,60,152
06/25/2022,ADW,MD,AEA,EN,Towers with Radar,4,0,2,25,31,0,1,5,19,25,4,1,7,44,56,0,72,72,128
06/26/2022,ADW,MD,AEA,EN,Towers with Radar,0,0,0,32,32,0,1,6,27,34,0,1,6,59,66,0,62,62,128
06/27/2022,ADW,MD,AEA,EN,Towers with Radar,0,0,6,24,30,0,0,4,31,35,0,0,10,55,65,2,110,112,177
06/28/2022,ADW,MD,AEA,EN,Towers with Radar,0,0,6,60,66,0,0,10,30,40,0,0,16,90,106,0,0,0,106
06/29/2022,ADW,MD,AEA,EN,Towers with Radar,1,0,0,58,59,0,1,6,40,47,1,1,6,98,106,0,38,38,144
06/30/2022,ADW,MD,AEA,EN,Towers with Radar,1,0,0,64,65,0,0,8,34,42,1,0,8,98,107,0,112,112,219
07/01/2022,ADW,MD,AEA,EN,Towers with Radar,0,0,2,45,47,0,0,2,24,26,0,0,4,69,73,0,0,0,73
07/02/2022,ADW,MD,AEA,EN,Towers with Radar,0,2,2,19,23,0,0,0,9,9,0,2,2,28,32,0,36,36,68
07/03/2022,ADW,MD,AEA,EN,Towers with Radar,0,0,2,12,14,0,0,2,12,14,0,0,4,24,28,0,0,0,28
07/04/2022,ADW,MD,AEA,EN,Towers with Radar,4,0,0,13,17,0,0,4,3,7,4,0,4,16,24,0,14,14,38
07/05/2022,ADW,MD,AEA,EN,Towers with Radar,0,0,10,29,39,0,0,4,28,32,0,0,14,57,71,0,130,130,201
07/06/2022,ADW,MD,AEA,EN,Towers with Radar,0,0,4,54,58,0,1,10,23,34,0,1,14,77,92,0,34,34,126
07/07/2022,ADW,MD,AEA,EN,Towers with Radar,0,0,41,42,83,0,0,3,17,20,0,0,44,59,103,0,16,16,119
07/08/2022,ADW,MD,AEA,EN,Towers with Radar,0,0,13,44,57,0,0,9,24,33,0,0,22,68,90,0,0,0,90
07/09/2022,ADW,MD,AEA,EN,Towers with Radar,4,0,2,21,27,0,0,0,1,1,4,0,2,22,28,0,0,0,28
07/10/2022,ADW,MD,AEA,EN,Towers with Radar,0,1,0,20,21,0,0,4,4,8,0,1,4,24,29,0,0,0,29
07/11/2022,ADW,MD,AEA,EN,Towers with Radar,0,0,4,43,47,0,0,3,40,43,0,0,7,83,90,0,80,80,170
07/12/2022,ADW,MD,AEA,EN,Towers with Radar,0,0,12,61,73,0,0,2,29,31,0,0,14,90,104,0,118,118,222
07/13/2022,ADW,MD,AEA,EN,Towers with Radar,3,4,5,52,64,0,0,3,29,32,3,4,8,81,96,0,66,66,162
07/14/2022,ADW,MD,AEA,EN,Towers with Radar,3,0,4,69,76,0,1,4,34,39,3,1,8,103,115,0,94,94,209
07/15/2022,ADW,MD,AEA,EN,Towers with Radar,0,1,4,51,56,0,2,8,40,50,0,3,12,91,106,0,98,98,204
07/16/2022,ADW,MD,AEA,EN,Towers with Radar,4,0,0,24,28,0,1,1,21,23,4,1,1,45,51,0,0,0,51
07/17/2022,ADW,MD,AEA,EN,Towers with Radar,0,0,2,31,33,0,0,1,16,17,0,0,3,47,50,0,96,96,146
07/18/2022,ADW,MD,AEA,EN,Towers with Radar,0,0,3,42,45,0,0,8,53,61,0,0,11,95,106,0,156,156,262
07/19/2022,ADW,MD,AEA,EN,Towers with Radar,0,0,33,47,80,0,0,2,26,28,0,0,35,73,108,0,22,22,130
07/20/2022,ADW,MD,AEA,EN,Towers with Radar,0,2,3,70,75,0,0,7,38,45,0,2,10,108,120,0,164,164,284
07/21/2022,ADW,MD,AEA,EN,Towers with Radar,0,0,1,41,42,0,0,5,41,46,0,0,6,82,88,0,0,0,88
07/22/2022,ADW,MD,AEA,EN,Towers with Radar,1,0,4,30,35,0,0,2,21,23,1,0,6,51,58,0,0,0,58
07/23/2022,ADW,MD,AEA,EN,Towers with Radar,5,0,0,20,25,0,0,3,7,10,5,0,3,27,35,0,0,0,35
07/24/2022,ADW,MD,AEA,EN,Towers with Radar,0,0,0,17,17,0,1,1,10,12,0,1,1,27,29,0,38,38,67
07/25/2022,ADW,MD,AEA,EN,Towers with Radar,2,0,2,33,37,0,0,4,35,39,2,0,6,68,76,0,0,0,76
07/26/2022,ADW,MD,AEA,EN,Towers with Radar,0,0,13,50,63,0,0,5,38,43,0,0,18,88,106,0,0,0,106
07/27/2022,ADW,MD,AEA,EN,Towers with Radar,0,0,13,47,60,0,0,3,37,40,0,0,16,84,100,0,114,114,214
07/28/2022,ADW,MD,AEA,EN,Towers with Radar,0,0,5,51,56,0,1,1,47,49,0,1,6,98,105,0,36,36,141
07/29/2022,ADW,MD,AEA,EN,Towers with Radar,0,0,4,36,40,0,0,1,24,25,0,0,5,60,65,0,32,32,97
07/30/2022,ADW,MD,AEA,EN,Towers with Radar,5,0,26,27,58,0,2,3,19,24,5,2,29,46,82,0,48,48,130
07/31/2022,ADW,MD,AEA,EN,Towers with Radar,1,0,0,16,17,0,6,1,10,17,1,6,1,26,34,0,12,12,46
08/01/2022,ADW,MD,AEA,EN,Towers with Radar,0,0,16,44,60,0,3,4,33,40,0,3,20,77,100,0,122,122,222
08/02/2022,ADW,MD,AEA,EN,Towers with Radar,0,0,2,76,78,0,0,8,37,45,0,0,10,113,123,0,92,92,215
08/03/2022,ADW,MD,AEA,EN,Towers with Radar,0,2,6,39,47,0,4,9,24,37,0,6,15,63,84,0,36,36,120
08/04/2022,ADW,MD,AEA,EN,Towers with Radar,0,1,0,51,52,0,0,1,26,27,0,1,1,77,79,0,46,46,125
08/05/2022,ADW,MD,AEA,EN,Towers with Radar,0,0,9,41,50,0,0,3,19,22,0,0,12,60,72,0,0,0,72
08/06/2022,ADW,MD,AEA,EN,Towers with Radar,4,0,0,40,44,0,0,2,17,19,4,0,2,57,63,0,110,110,173
08/07/2022,ADW,MD,AEA,EN,Towers with Radar,0,0,2,38,40,0,2,3,20,25,0,2,5,58,65,0,0,0,65
08/08/2022,ADW,MD,AEA,EN,Towers with Radar,0,0,0,40,40,0,0,5,50,55,0,0,5,90,95,0,206,206,301
08/09/2022,ADW,MD,AEA,EN,Towers with Radar,0,0,6,55,61,0,0,3,34,37,0,0,9,89,98,0,128,128,226
08/10/2022,ADW,MD,AEA,EN,Towers with Radar,0,0,14,48,62,0,0,0,29,29,0,0,14,77,91,0,118,118,209
08/11/2022,ADW,MD,AEA,EN,Towers with Radar,0,2,0,77,79,0,2,3,37,42,0,4,3,114,121,0,46,46,167
08/12/2022,ADW,MD,AEA,EN,Towers with Radar,0,0,6,46,52,0,0,5,20,25,0,0,11,66,77,0,0,0,77
08/13/2022,ADW,MD,AEA,EN,Towers with Radar,4,0,0,20,24,0,0,5,12,17,4,0,5,32,41,0,56,56,97
08/14/2022,ADW,MD,AEA,EN,Towers with Radar,0,0,0,18,18,0,0,0,19,19,0,0,0,37,37,0,24,24,61
08/15/2022,ADW,MD,AEA,EN,Towers with Radar,0,0,0,34,34,0,1,0,42,43,0,1,0,76,77,0,116,116,193
08/16/2022,ADW,MD,AEA,EN,Towers with Radar,0,0,2,69,71,0,2,3,43,48,0,2,5,112,119,0,146,146,265
08/17/2022,ADW,MD,AEA,EN,Towers with Radar,0,0,7,47,54,0,0,5,51,56,0,0,12,98,110,0,102,102,212
08/18/2022,ADW,MD,AEA,EN,Towers with Radar,0,0,0,108,108,0,0,4,54,58,0,0,4,162,166,0,136,136,302
08/19/2022,ADW,MD,AEA,EN,Towers with Radar,0,0,6,29,35,0,1,0,22,23,0,1,6,51,58,0,8,8,66
08/20/2022,ADW,MD,AEA,EN,Towers with Radar,4,0,0,15,19,0,0,6,25,31,4,0,6,40,50,0,66,66,116
08/21/2022,ADW,MD,AEA,EN,Towers with Radar,0,0,0,21,21,0,2,2,20,24,0,2,2,41,45,0,30,30,75
08/22/2022,ADW,MD,AEA,EN,Towers with Radar,0,0,8,20,28,0,1,5,36,42,0,1,13,56,70,0,108,108,178
08/23/2022,ADW,MD,AEA,EN,Towers with Radar,0,0,12,53,65,0,3,3,47,53,0,3,15,100,118,0,142,142,260
08/24/2022,ADW,MD,AEA,EN,Towers with Radar,0,0,19,42,61,0,1,3,38,42,0,1,22,80,103,0,150,150,253
08/25/2022,ADW,MD,AEA,EN,Towers with Radar,0,0,9,72,81,0,0,4,53,57,0,0,13,125,138,0,116,116,254
08/26/2022,ADW,MD,AEA,EN,Towers with Radar,0,1,6,31,38,0,1,5,32,38,0,2,11,63,76,0,76,76,152
08/27/2022,ADW,MD,AEA,EN,Towers with Radar,4,0,0,19,23,0,0,4,9,13,4,0,4,28,36,0,0,0,36
08/28/2022,ADW,MD,AEA,EN,Towers with Radar,0,0,0,25,25,0,1,11,14,26,0,1,11,39,51,0,30,30,81
08/29/2022,ADW,MD,AEA,EN,Towers with Radar,0,0,10,49,59,0,2,8,45,55,0,2,18,94,114,0,60,60,174
08/30/2022,ADW,MD,AEA,EN,Towers with Radar,0,2,0,66,68,0,0,2,26,28,0,2,2,92,96,0,110,110,206
08/31/2022,ADW,MD,AEA,EN,Towers with Radar,0,1,6,60,67,0,0,5,40,45,0,1,11,100,112,0,0,0,112
09/01/2022,ADW,MD,AEA,EN,Towers with Radar,0,0,5,48,53,0,1,5,48,54,0,1,10,96,107,0,60,60,167
09/02/2022,ADW,MD,AEA,EN,Towers with Radar,0,1,3,14,18,0,0,5,21,26,0,1,8,35,44,0,0,0,44
09/03/2022,ADW,MD,AEA,EN,Towers with Radar,0,0,1,7,8,0,0,7,14,21,0,0,8,21,29,0,40,40,69
09/04/2022,ADW,MD,AEA,EN,Towers with Radar,0,0,2,27,29,0,0,5,17,22,0,0,7,44,51,0,0,0,51
09/05/2022,ADW,MD,AEA,EN,Towers with Radar,0,0,0,25,25,0,1,4,25,30,0,1,4,50,55,0,38,38,93
09/06/2022,ADW,MD,AEA,EN,Towers with Radar,0,0,3,43,46,0,0,2,29,31,0,0,5,72,77,0,48,48,125
09/07/2022,ADW,MD,AEA,EN,Towers with Radar,0,0,18,40,58,0,0,0,27,27,0,0,18,67,85,0,66,66,151
09/08/2022,ADW,MD,AEA,EN,Towers with Radar,0,0,20,76,96,0,0,5,53,58,0,0,25,129,154,0,74,74,228
09/09/2022,ADW,MD,AEA,EN,Towers with Radar,2,0,2,45,49,0,0,20,33,53,2,0,22,78,102,0,26,26,128
09/10/2022,ADW,MD,AEA,EN,Towers with Radar,0,0,14,38,52,0,1,4,29,34,0,1,18,67,86,0,54,54,140
09/11/2022,ADW,MD,AEA,EN,Towers with Radar,0,0,5,28,33,0,0,0,5,5,0,0,5,33,38,0,0,0,38
09/12/2022,ADW,MD,AEA,EN,Towers with Radar,0,0,0,48,48,0,0,2,27,29,0,0,2,75,77,0,0,0,77
09/13/2022,ADW,MD,AEA,EN,Towers with Radar,0,0,0,44,44,0,1,4,51,56,0,1,4,95,100,0,48,48,148
09/14/2022,ADW,MD,AEA,EN,Towers with Radar,0,0,6,60,66,0,0,12,30,42,0,0,18,90,108,0,12,12,120
09/15/2022,ADW,MD,AEA,EN,Towers with Radar,6,3,7,41,57,0,1,9,33,43,6,4,16,74,100,0,0,0,100
09/16/2022,ADW,MD,AEA,EN,Towers with Radar,0,0,0,14,14,0,1,5,8,14,0,1,5,22,28,0,0,0,28
09/17/2022,ADW,MD,AEA,EN,Towers with Radar,0,0,3,14,17,0,0,9,20,29,0,0,12,34,46,0,0,0,46
09/18/2022,ADW,MD,AEA,EN,Towers with Radar,0,0,1,10,11,0,0,11,3,14,0,0,12,13,25,0,0,0,25
09/19/2022,ADW,MD,AEA,EN,Towers with Radar,0,3,5,68,76,0,3,12,51,66,0,6,17,119,142,0,64,64,206
09/20/2022,ADW,MD,AEA,EN,Towers with Radar,0,0,4,58,62,0,0,8,50,58,0,0,12,108,120,0,106,106,226
09/21/2022,ADW,MD,AEA,EN,Towers with Radar,2,2,2,43,49,0,0,5,42,47,2,2,7,85,96,0,50,50,146
09/22/2022,ADW,MD,AEA,EN,Towers with Radar,0,4,4,75,83,0,0,10,33,43,0,4,14,108,126,0,40,40,166
09/23/2022,ADW,MD,AEA,EN,Towers with Radar,1,0,2,48,51,0,0,8,13,21,1,0,10,61,72,0,34,34,106
09/24/2022,ADW,MD,AEA,EN,Towers with Radar,5,0,0,12,17,0,0,5,31,36,5,0,5,43,53,0,34,34,87
09/25/2022,ADW,MD,AEA,EN,Towers with Radar,0,0,2,16,18,0,1,0,8,9,0,1,2,24,27,0,0,0,27
09/26/2022,ADW,MD,AEA,EN,Towers with Radar,0,3,19,35,57,0,4,2,44,50,0,7,21,79,107,0,76,76,183
09/27/2022,ADW,MD,AEA,EN,Towers with Radar,0,3,20,51,74,0,3,8,56,67,0,6,28,107,141,6,166,172,313
09/28/2022,ADW,MD,AEA,EN,Towers with Radar,0,0,2,46,48,0,1,5,44,50,0,1,7,90,98,0,112,112,210
09/29/2022,ADW,MD,AEA,EN,Towers with Radar,0,0,5,35,40,0,2,7,22,31,0,2,12,57,71,0,0,0,71
09/30/2022,ADW,MD,AEA,EN,Towers with Radar,3,0,3,52,58,0,0,3,9,12,3,0,6,61,70,0,12,12,82
10/01/2022,ADW,MD,AEA,EN,Towers with Radar,2,0,0,18,20,0,0,0,0,0,2,0,0,18,20,0,0,0,20
10/02/2022,ADW,MD,AEA,EN,Towers with Radar,2,0,0,13,15,0,0,0,0,0,2,0,0,13,15,0,0,0,15
10/03/2022,ADW,MD,AEA,EN,Towers with Radar,4,0,5,49,58,0,0,3,62,65,4,0,8,111,123,0,104,104,227
10/04/2022,ADW,MD,AEA,EN,Towers with Radar,2,1,5,59,67,0,0,0,40,40,2,1,5,99,107,0,142,142,249
10/05/2022,ADW,MD,AEA,EN,Towers with Radar,1,0,5,65,71,0,0,4,51,55,1,0,9,116,126,0,18,18,144
10/06/2022,ADW,MD,AEA,EN,Towers with Radar,2,0,12,74,88,0,0,7,45,52,2,0,19,119,140,0,54,54,194
10/07/2022,ADW,MD,AEA,EN,Towers with Radar,1,2,3,39,45,0,0,12,35,47,1,2,15,74,92,0,56,56,148
10/08/2022,ADW,MD,AEA,EN,Towers with Radar,5,1,0,13,19,0,0,2,20,22,5,1,2,33,41,0,60,60,101
10/09/2022,ADW,MD,AEA,EN,Towers with Radar,2,0,0,14,16,0,0,2,7,9,2,0,2,21,25,0,28,28,53
10/10/2022,ADW,MD,AEA,EN,Towers with Radar,1,0,6,28,35,0,2,17,22,41,1,2,23,50,76,0,0,0,76
10/11/2022,ADW,MD,AEA,EN,Towers with Radar,1,1,2,69,73,0,0,5,64,69,1,1,7,133,142,0,116,116,258
10/12/2022,ADW,MD,AEA,EN,Towers with Radar,1,1,3,59,64,0,1,5,40,46,1,2,8,99,110,0,54,54,164
10/13/2022,ADW,MD,AEA,EN,Towers with Radar,1,2,6,50,59,0,0,2,28,30,1,2,8,78,89,0,110,110,199
10/14/2022,ADW,MD,AEA,EN,Towers with Radar,2,0,0,63,65,0,2,2,42,46,2,2,2,105,111,0,126,126,237
10/15/2022,ADW,MD,AEA,EN,Towers with Radar,2,1,1,37,41,0,0,4,21,25,2,1,5,58,66,0,52,52,118
10/16/2022,ADW,MD,AEA,EN,Towers with Radar,1,0,0,26,27,0,0,3,23,26,1,0,3,49,53,0,82,82,135
10/17/2022,ADW,MD,AEA,EN,Towers with Radar,0,1,21,48,70,0,0,12,49,61,0,1,33,97,131,0,100,100,231
10/18/2022,ADW,MD,AEA,EN,Towers with Radar,1,0,3,60,64,0,0,4,44,48,1,0,7,104,112,0,136,136,248
10/19/2022,ADW,MD,AEA,EN,Towers with Radar,1,0,2,59,62,0,1,6,68,75,1,1,8,127,137,0,26,26,163
10/20/2022,ADW,MD,AEA,EN,Towers with Radar,0,0,10,48,58,0,5,9,76,90,0,5,19,124,148,0,88,88,236
10/21/2022,ADW,MD,AEA,EN,Towers with Radar,0,0,1,36,37,0,0,7,47,54,0,0,8,83,91,0,134,134,225
10/22/2022,ADW,MD,AEA,EN,Towers with Radar,2,0,2,27,31,0,1,2,16,19,2,1,4,43,50,0,46,46,96
10/23/2022,ADW,MD,AEA,EN,Towers with Radar,0,0,0,23,23,0,4,5,14,23,0,4,5,37,46,0,0,0,46
10/24/2022,ADW,MD,AEA,EN,Towers with Radar,2,2,8,43,55,0,0,1,56,57,2,2,9,99,112,0,64,64,176
10/25/2022,ADW,MD,AEA,EN,Towers with Radar,0,1,8,67,76,0,0,0,7,7,0,1,8,74,83,0,0,0,83
10/26/2022,ADW,MD,AEA,EN,Towers with Radar,0,2,7,67,76,0,0,4,42,46,0,2,11,109,122,0,66,66,188
10/27/2022,ADW,MD,AEA,EN,Towers with Radar,0,4,3,69,76,0,0,6,61,67,0,4,9,130,143,0,88,88,231
10/28/2022,ADW,MD,AEA,EN,Towers with Radar,0,0,6,47,53,0,0,3,37,40,0,0,9,84,93,0,0,0,93
10/29/2022,ADW,MD,AEA,EN,Towers with Radar,2,0,0,35,37,0,0,4,51,55,2,0,4,86,92,0,24,24,116
10/30/2022,ADW,MD,AEA,EN,Towers with Radar,1,1,0,17,19,0,0,0,14,14,1,1,0,31,33,0,14,14,47
10/31/2022,ADW,MD,AEA,EN,Towers with Radar,0,0,5,41,46,0,0,4,34,38,0,0,9,75,84,0,176,176,260
11/01/2022,ADW,MD,AEA,EN,Towers with Radar,0,0,6,75,81,0,0,2,59,61,0,0,8,134,142,0,136,136,278
11/02/2022,ADW,MD,AEA,EN,Towers with Radar,0,1,4,51,56,0,0,2,31,33,0,1,6,82,89,0,110,110,199
11/03/2022,ADW,MD,AEA,EN,Towers with Radar,2,0,2,90,94,0,0,5,58,63,2,0,7,148,157,0,20,20,177
11/04/2022,ADW,MD,AEA,EN,Towers with Radar,2,1,4,64,71,0,0,3,29,32,2,1,7,93,103,0,24,24,127
11/05/2022,ADW,MD,AEA,EN,Towers with Radar,2,0,0,61,63,0,1,4,19,24,2,1,4,80,87,0,54,54,141
11/06/2022,ADW,MD,AEA,EN,Towers with Radar,0,0,0,41,41,0,0,10,21,31,0,0,10,62,72,0,14,14,86
11/07/2022,ADW,MD,AEA,EN,Towers with Radar,0,0,5,43,48,0,0,3,50,53,0,0,8,93,101,0,66,66,167
11/08/2022,ADW,MD,AEA,EN,Towers with Radar,0,0,8,97,105,0,0,13,59,72,0,0,21,156,177,0,182,182,359
11/09/2022,ADW,MD,AEA,EN,Towers with Radar,0,0,0,54,54,0,0,2,42,44,0,0,2,96,98,0,90,90,188
11/10/2022,ADW,MD,AEA,EN,Towers with Radar,0,0,2,51,53,0,0,6,29,35,0,0,8,80,88,0,96,96,184
11/11/2022,ADW,MD,AEA,EN,Towers with Radar,0,0,2,8,10,0,0,0,3,3,0,0,2,11,13,0,0,0,13
11/12/2022,ADW,MD,AEA,EN,Towers with Radar,4,0,0,21,25,0,0,0,15,15,4,0,0,36,40,0,44,44,84
11/13/2022,ADW,MD,AEA,EN,Towers with Radar,0,1,0,23,24,0,3,2,15,20,0,4,2,38,44,0,38,38,82
11/14/2022,ADW,MD,AEA,EN,Towers with Radar,0,0,9,29,38,0,0,4,49,53,0,0,13,78,91,0,18,18,109
11/15/2022,ADW,MD,AEA,EN,Towers with Radar,0,0,6,46,52,0,0,2,45,47,0,0,8,91,99,0,148,148,247
11/16/2022,ADW,MD,AEA,EN,Towers with Radar,1,0,7,61,69,0,0,6,45,51,1,0,13,106,120,0,16,16,136
11/17/2022,ADW,MD,AEA,EN,Towers with Radar,0,0,0,72,72,0,0,9,55,64,0,0,9,127,136,0,28,28,164
11/18/2022,ADW,MD,AEA,EN,Towers with Radar,0,0,4,62,66,0,0,2,39,41,0,0,6,101,107,0,46,46,153
11/19/2022,ADW,MD,AEA,EN,Towers with Radar,2,0,4,22,28,0,0,5,13,18,2,0,9,35,46,0,32,32,78
11/20/2022,ADW,MD,AEA,EN,Towers with Radar,0,1,2,26,29,0,1,0,24,25,0,2,2,50,54,0,52,52,106
11/21/2022,ADW,MD,AEA,EN,Towers with Radar,0,0,6,42,48,0,0,7,70,77,0,0,13,112,125,0,150,150,275
11/22/2022,ADW,MD,AEA,EN,Towers with Radar,0,0,20,63,83,0,3,21,53,77,0,3,41,116,160,0,184,184,344
11/23/2022,ADW,MD,AEA,EN,Towers with Radar,0,0,5,49,54,0,0,3,26,29,0,0,8,75,83,0,70,70,153
11/24/2022,ADW,MD,AEA,EN,Towers with Radar,0,0,0,9,9,0,2,0,4,6,0,2,0,13,15,0,0,0,15
11/25/2022,ADW,MD,AEA,EN,Towers with Radar,0,1,1,4,6,0,0,1,23,24,0,1,2,27,30,0,54,54,84
11/26/2022,ADW,MD,AEA,EN,Towers with Radar,0,0,0,5,5,0,0,4,14,18,0,0,4,19,23,0,36,36,59
11/27/2022,ADW,MD,AEA,EN,Towers with Radar,0,0,0,20,20,0,0,1,6,7,0,0,1,26,27,0,0,0,27
11/28/2022,ADW,MD,AEA,EN,Towers with Radar,1,0,6,47,54,0,0,2,49,51,1,0,8,96,105,0,68,68,173
11/29/2022,ADW,MD,AEA,EN,Towers with Radar,3,2,8,89,102,0,3,27,54,84,3,5,35,143,186,0,258,258,444
11/30/2022,ADW,MD,AEA,EN,Towers with Radar,0,2,16,27,45,0,1,2,32,35,0,3,18,59,80,0,14,14,94
12/01/2022,ADW,MD,AEA,EN,Towers with Radar,2,0,14,46,62,0,0,1,44,45,2,0,15,90,107,0,40,40,147
12/02/2022,ADW,MD,AEA,EN,Towers with Radar,2,3,0,53,58,0,2,10,48,60,2,5,10,101,118,0,160,160,278
12/03/2022,ADW,MD,AEA,EN,Towers with Radar,2,2,0,30,34,0,0,1,15,16,2,2,1,45,50,0,4,4,54
12/04/2022,ADW,MD,AEA,EN,Towers with Radar,2,0,0,28,30,0,0,8,29,37,2,0,8,57,67,0,122,122,189
12/05/2022,ADW,MD,AEA,EN,Towers with Radar,1,0,6,58,65,0,0,7,50,57,1,0,13,108,122,0,160,160,282
12/06/2022,ADW,MD,AEA,EN,Towers with Radar,0,0,6,57,63,0,1,1,10,12,0,1,7,67,75,0,84,84,159
12/07/2022,ADW,MD,AEA,EN,Towers with Radar,3,0,6,46,55,0,0,0,4,4,3,0,6,50,59,0,0,0,59
12/08/2022,ADW,MD,AEA,EN,Towers with Radar,0,1,28,89,118,0,0,8,53,61,0,1,36,142,179,0,118,118,297
12/09/2022,ADW,MD,AEA,EN,Towers with Radar,0,1,0,57,58,0,0,6,35,41,0,1,6,92,99,0,70,70,169
12/10/2022,ADW,MD,AEA,EN,Towers with Radar,8,0,4,26,38,0,0,4,17,21,8,0,8,43,59,0,90,90,149
12/11/2022,ADW,MD,AEA,EN,Towers with Radar,8,1,8,18,35,0,0,4,9,13,8,1,12,27,48,0,72,72,120
12/12/2022,ADW,MD,AEA,EN,Towers with Radar,0,3,9,41,53,0,0,4,49,53,0,3,13,90,106,0,104,104,210
12/13/2022,ADW,MD,AEA,EN,Towers with Radar,5,0,7,48,60,0,2,1,14,17,5,2,8,62,77,0,0,0,77
12/14/2022,ADW,MD,AEA,EN,Towers with Radar,0,3,4,36,43,0,0,4,10,14,0,3,8,46,57,0,16,16,73
12/15/2022,ADW,MD,AEA,EN,Towers with Radar,1,2,7,28,38,0,0,0,0,0,1,2,7,28,38,0,0,0,38
12/16/2022,ADW,MD,AEA,EN,Towers with Radar,7,4,15,32,58,0,0,1,35,36,7,4,16,67,94,0,12,12,106
12/17/2022,ADW,MD,AEA,EN,Towers with Radar,3,1,1,13,18,0,1,7,23,31,3,2,8,36,49,0,78,78,127
12/18/2022,ADW,MD,AEA,EN,Towers with Radar,0,1,0,14,15,0,0,1,21,22,0,1,1,35,37,0,0,0,37
12/19/2022,ADW,MD,AEA,EN,Towers with Radar,0,1,12,38,51,0,0,4,52,56,0,1,16,90,107,0,130,130,237
12/20/2022,ADW,MD,AEA,EN,Towers with Radar,0,0,9,69,78,0,3,6,68,77,0,3,15,137,155,0,229,229,384
12/21/2022,ADW,MD,AEA,EN,Towers with Radar,0,2,6,62,70,0,0,4,47,51,0,2,10,109,121,0,84,84,205
12/22/2022,ADW,MD,AEA,EN,Towers with Radar,0,1,2,5,8,0,0,0,7,7,0,1,2,12,15,0,34,34,49
12/23/2022,ADW,MD,AEA,EN,Towers with Radar,0,1,0,4,5,0,0,0,2,2,0,1,0,6,7,0,14,14,21
12/24/2022,ADW,MD,AEA,EN,Towers with Radar,0,0,0,6,6,0,0,0,6,6,0,0,0,12,12,0,0,0,12
12/25/2022,ADW,MD,AEA,EN,Towers with Radar,0,0,0,0,0,0,0,3,12,15,0,0,3,12,15,0,18,18,33
12/26/2022,ADW,MD,AEA,EN,Towers with Radar,0,0,0,11,11,0,1,0,10,11,0,1,0,21,22,0,20,20,42
12/27/2022,ADW,MD,AEA,EN,Towers with Radar,0,0,10,20,30,0,0,8,33,41,0,0,18,53,71,0,56,56,127
12/28/2022,ADW,MD,AEA,EN,Towers with Radar,0,0,5,52,57,0,0,1,27,28,0,0,6,79,85,0,20,20,105
12/29/2022,ADW,MD,AEA,EN,Towers with Radar,0,0,8,56,64,0,0,10,26,36,0,0,18,82,100,0,82,82,182
12/30/2022,ADW,MD,AEA,EN,Towers with Radar,0,2,3,19,24,0,3,5,20,28,0,5,8,39,52,0,58,58,110
12/31/2022,ADW,MD,AEA,EN,Towers with Radar,0,2,0,2,4,0,0,0,0,0,0,2,0,2,4,0,0,0,4
01/01/2023,ADW,MD,AEA,EN,Towers with Radar,0,0,0,10,10,0,0,1,21,22,0,0,1,31,32,0,40,40,72
01/02/2023,ADW,MD,AEA,EN,Towers with Radar,0,1,0,19,20,0,0,0,15,15,0,1,0,34,35,0,55,55,90
01/03/2023,ADW,MD,AEA,EN,Towers with Radar,0,0,14,45,59,0,0,2,41,43,0,0,16,86,102,0,61,61,163
01/04/2023,ADW,MD,AEA,EN,Towers with Radar,0,0,7,62,69,0,1,0,49,50,0,1,7,111,119,0,66,66,185
01/05/2023,ADW,MD,AEA,EN,Towers with Radar,0,0,20,82,102,0,0,3,55,58,0,0,23,137,160,0,108,108,268
01/06/2023,ADW,MD,AEA,EN,Towers with Radar,0,0,2,40,42,0,0,1,45,46,0,0,3,85,88,0,98,98,186
01/07/2023,ADW,MD,AEA,EN,Towers with Radar,0,0,2,21,23,0,0,0,32,32,0,0,2,53,55,0,96,96,151
01/08/2023,ADW,MD,AEA,EN,Towers with Radar,0,0,0,31,31,0,0,1,22,23,0,0,1,53,54,0,60,60,114
01/09/2023,ADW,MD,AEA,EN,Towers with Radar,0,0,2,42,44,0,1,2,57,60,0,1,4,99,104,0,64,64,168
01/10/2023,ADW,MD,AEA,EN,Towers with Radar,0,0,2,91,93,0,0,13,72,85,0,0,15,163,178,0,138,138,316
01/11/2023,ADW,MD,AEA,EN,Towers with Radar,0,1,4,78,83,0,0,7,29,36,0,1,11,107,119,0,62,62,181
01/12/2023,ADW,MD,AEA,EN,Towers with Radar,0,1,14,68,83,0,0,1,38,39,0,1,15,106,122,0,72,72,194
01/13/2023,ADW,MD,AEA,EN,Towers with Radar,0,0,2,48,50,0,0,7,45,52,0,0,9,93,102,0,80,80,182
01/14/2023,ADW,MD,AEA,EN,Towers with Radar,2,0,10,11,23,0,1,1,17,19,2,1,11,28,42,0,14,14,56
01/15/2023,ADW,MD,AEA,EN,Towers with Radar,0,0,0,12,12,0,0,4,12,16,0,0,4,24,28,0,6,6,34
01/16/2023,ADW,MD,AEA,EN,Towers with Radar,0,0,4,5,9,0,0,0,15,15,0,0,4,20,24,0,30,30,54
01/17/2023,ADW,MD,AEA,EN,Towers with Radar,0,0,17,41,58,0,1,2,44,47,0,1,19,85,105,0,148,148,253
01/18/2023,ADW,MD,AEA,EN,Towers with Radar,0,0,20,85,105,0,0,9,63,72,0,0,29,148,177,0,172,172,349
01/19/2023,ADW,MD,AEA,EN,Towers with Radar,0,0,2,52,54,0,0,3,27,30,0,0,5,79,84,0,68,68,152
01/20/2023,ADW,MD,AEA,EN,Towers with Radar,0,0,1,51,52,0,0,3,26,29,0,0,4,77,81,0,58,58,139
01/21/2023,ADW,MD,AEA,EN,Towers with Radar,4,0,2,30,36,0,0,1,24,25,4,0,3,54,61,0,59,59,120
01/22/2023,ADW,MD,AEA,EN,Towers with Radar,0,0,0,31,31,0,0,0,13,13,0,0,0,44,44,0,24,24,68
01/23/2023,ADW,MD,AEA,EN,Towers with Radar,0,0,22,29,51,0,0,6,54,60,0,0,28,83,111,0,194,194,305
01/24/2023,ADW,MD,AEA,EN,Towers with Radar,0,0,6,75,81,0,0,4,93,97,0,0,10,168,178,0,202,202,380
01/25/2023,ADW,MD,AEA,EN,Towers with Radar,0,0,0,38,38,0,0,0,23,23,0,0,0,61,61,0,78,78,139
01/26/2023,ADW,MD,AEA,EN,Towers with Radar,0,0,0,62,62,0,0,6,49,55,0,0,6,111,117,0,85,85,202
01/27/2023,ADW,MD,AEA,EN,Towers with Radar,0,0,16,32,48,0,0,3,43,46,0,0,19,75,94,0,54,54,148
01/28/2023,ADW,MD,AEA,EN,Towers with Radar,4,0,0,18,22,0,0,5,19,24,4,0,5,37,46,0,46,46,92
01/29/2023,ADW,MD,AEA,EN,Towers with Radar,0,1,4,17,22,0,0,1,8,9,0,1,5,25,31,0,22,22,53
01/30/2023,ADW,MD,AEA,EN,Towers with Radar,0,0,4,51,55,0,0,6,72,78,0,0,10,123,133,0,60,60,193
01/31/2023,ADW,MD,AEA,EN,Towers with Radar,0,0,2,40,42,0,0,2,38,40,0,0,4,78,82,0,38,38,120
02/01/2023,ADW,MD,AEA,EN,Towers with Radar,2,0,21,73,96,0,0,9,54,63,2,0,30,127,159,0,86,86,245
02/02/2023,ADW,MD,AEA,EN,Towers with Radar,1,1,11,67,80,0,0,2,90,92,1,1,13,157,172,0,122,122,294
02/03/2023,ADW,MD,AEA,EN,Towers with Radar,1,0,2,45,48,0,0,0,25,25,1,0,2,70,73,0,50,50,123
02/04/2023,ADW,MD,AEA,EN,Towers with Radar,2,0,2,27,31,0,1,0,21,22,2,1,2,48,53,0,104,104,157
02/05/2023,ADW,MD,AEA,EN,Towers with Radar,0,0,0,12,12,0,0,0,12,12,0,0,0,24,24,0,144,144,168
02/06/2023,ADW,MD,AEA,EN,Towers with Radar,1,0,6,43,50,0,0,7,64,71,1,0,13,107,121,0,142,142,263
02/07/2023,ADW,MD,AEA,EN,Towers with Radar,1,0,2,61,64,0,0,0,50,50,1,0,2,111,114,0,110,110,224
02/08/2023,ADW,MD,AEA,EN,Towers with Radar,0,0,5,48,53,0,1,15,54,70,0,1,20,102,123,0,62,62,185
02/09/2023,ADW,MD,AEA,EN,Towers with Radar,1,3,5,106,115,0,3,6,66,75,1,6,11,172,190,0,158,158,348
02/10/2023,ADW,MD,AEA,EN,Towers with Radar,2,0,5,50,57,0,1,3,45,49,2,1,8,95,106,0,78,78,184
02/11/2023,ADW,MD,AEA,EN,Towers with Radar,5,0,2,14,21,0,0,4,11,15,5,0,6,25,36,0,52,52,88
02/12/2023,ADW,MD,AEA,EN,Towers with Radar,3,0,0,6,9,0,0,0,1,1,3,0,0,7,10,0,0,0,10
02/13/2023,ADW,MD,AEA,EN,Towers with Radar,3,2,2,46,53,0,2,5,55,62,3,4,7,101,115,0,74,74,189
02/14/2023,ADW,MD,AEA,EN,Towers with Radar,0,1,10,67,78,0,1,6,78,85,0,2,16,145,163,0,180,180,343
02/15/2023,ADW,MD,AEA,EN,Towers with Radar,0,1,6,54,61,0,1,10,38,49,0,2,16,92,110,0,24,24,134
02/16/2023,ADW,MD,AEA,EN,Towers with Radar,0,0,5,51,56,0,0,2,46,48,0,0,7,97,104,0,46,46,150
02/17/2023,ADW,MD,AEA,EN,Towers with Radar,0,0,2,20,22,0,0,0,12,12,0,0,2,32,34,0,6,6,40
02/18/2023,ADW,MD,AEA,EN,Towers with Radar,4,0,2,37,43,0,0,6,52,58,4,0,8,89,101,0,66,66,167
02/19/2023,ADW,MD,AEA,EN,Towers with Radar,0,2,1,17,20,0,0,1,12,13,0,2,2,29,33,0,0,0,33
02/20/2023,ADW,MD,AEA,EN,Towers with Radar,0,0,0,23,23,0,3,0,21,24,0,3,0,44,47,0,6,6,53
02/21/2023,ADW,MD,AEA,EN,Towers with Radar,0,0,2,39,41,0,2,0,66,68,0,2,2,105,109,0,74,74,183
02/22/2023,ADW,MD,AEA,EN,Towers with Radar,0,0,6,44,50,0,1,6,54,61,0,1,12,98,111,0,105,105,216
02/23/2023,ADW,MD,AEA,EN,Towers with Radar,0,0,11,57,68,0,0,16,95,111,0,0,27,152,179,0,79,79,258
02/24/2023,ADW,MD,AEA,EN,Towers with Radar,1,0,2,54,57,0,0,2,37,39,1,0,4,91,96,0,0,0,96
02/25/2023,ADW,MD,AEA,EN,Towers with Radar,5,0,0,26,31,0,0,0,9,9,5,0,0,35,40,0,70,70,110
02/26/2023,ADW,MD,AEA,EN,Towers with Radar,2,0,0,23,25,0,0,2,17,19,2,0,2,40,44,0,4,4,48
02/27/2023,ADW,MD,AEA,EN,Towers with Radar,0,0,11,57,68,0,0,3,105,108,0,0,14,162,176,0,130,130,306
02/28/2023,ADW,MD,AEA,EN,Towers with Radar,0,0,4,60,64,0,0,6,68,74,0,0,10,128,138,0,60,60,198
03/01/2023,ADW,MD,AEA,EN,Towers with Radar,1,9,18,71,99,0,0,3,40,43,1,9,21,111,142,0,70,70,212
03/02/2023,ADW,MD,AEA,EN,Towers with Radar,0,0,17,53,70,0,1,9,60,70,0,1,26,113,140,0,0,0,140
03/03/2023,ADW,MD,AEA,EN,Towers with Radar,1,1,9,73,84,0,0,3,42,45,1,1,12,115,129,0,14,14,143
03/04/2023,ADW,MD,AEA,EN,Towers with Radar,1,0,2,21,24,0,1,2,14,17,1,1,4,35,41,0,6,6,47
03/05/2023,ADW,MD,AEA,EN,Towers with Radar,2,0,0,38,40,0,0,7,26,33,2,0,7,64,73,0,28,28,101
03/06/2023,ADW,MD,AEA,EN,Towers with Radar,0,0,8,58,66,0,2,8,122,132,0,2,16,180,198,0,202,202,400
03/07/2023,ADW,MD,AEA,EN,Towers with Radar,1,2,7,70,80,0,0,6,71,77,1,2,13,141,157,0,109,109,266
03/08/2023,ADW,MD,AEA,EN,Towers with Radar,1,0,2,66,69,0,1,3,65,69,1,1,5,131,138,0,60,60,198
03/09/2023,ADW,MD,AEA,EN,Towers with Radar,2,0,1,73,76,0,0,8,100,108,2,0,9,173,184,0,85,85,269
03/10/2023,ADW,MD,AEA,EN,Towers with Radar,0,0,6,62,68,0,0,1,34,35,0,0,7,96,103,0,0,0,103
03/11/2023,ADW,MD,AEA,EN,Towers with Radar,1,0,0,10,11,0,0,1,12,13,1,0,1,22,24,0,8,8,32
03/12/2023,ADW,MD,AEA,EN,Towers with Radar,1,0,0,33,34,0,0,4,21,25,1,0,4,54,59,0,40,40,99
03/13/2023,ADW,MD,AEA,EN,Towers with Radar,2,0,3,35,40,0,0,3,71,74,2,0,6,106,114,0,70,70,184
03/14/2023,ADW,MD,AEA,EN,Towers with Radar,2,0,3,17,22,0,0,3,47,50,2,0,6,64,72,0,58,58,130
03/15/2023,ADW,MD,AEA,EN,Towers with Radar,0,2,12,55,69,0,0,5,66,71,0,2,17,121,140,0,43,43,183
03/16/2023,ADW,MD,AEA,EN,Towers with Radar,0,3,0,57,60,0,2,5,75,82,0,5,5,132,142,0,84,84,226
03/17/2023,ADW,MD,AEA,EN,Towers with Radar,1,0,7,36,44,0,0,3,42,45,1,0,10,78,89,0,154,154,243
03/18/2023,ADW,MD,AEA,EN,Towers with Radar,4,0,0,17,21,0,0,1,17,18,4,0,1,34,39,0,54,54,93
03/19/2023,ADW,MD,AEA,EN,Towers with Radar,2,0,0,10,12,0,0,8,20,28,2,0,8,30,40,0,30,30,70
03/20/2023,ADW,MD,AEA,EN,Towers with Radar,1,0,24,46,71,0,2,5,51,58,1,2,29,97,129,0,82,82,211
03/21/2023,ADW,MD,AEA,EN,Towers with Radar,0,0,10,62,72,0,0,3,59,62,0,0,13,121,134,0,94,94,228
03/22/2023,ADW,MD,AEA,EN,Towers with Radar,1,2,21,51,75,0,1,1,65,67,1,3,22,116,142,0,174,174,316
03/23/2023,ADW,MD,AEA,EN,Towers with Radar,2,0,14,54,70,0,0,3,43,46,2,0,17,97,116,0,0,0,116
03/24/2023,ADW,MD,AEA,EN,Towers with Radar,0,0,2,43,45,0,0,3,17,20,0,0,5,60,65,0,0,0,65
03/25/2023,ADW,MD,AEA,EN,Towers with Radar,0,0,0,41,41,0,0,0,3,3,0,0,0,44,44,0,0,0,44
03/26/2023,ADW,MD,AEA,EN,Towers with Radar,0,0,0,20,20,0,0,5,14,19,0,0,5,34,39,0,58,58,97
03/27/2023,ADW,MD,AEA,EN,Towers with Radar,0,0,7,41,48,0,0,2,70,72,0,0,9,111,120,0,124,124,244
03/28/2023,ADW,MD,AEA,EN,Towers with Radar,0,0,9,61,70,0,0,9,100,109,0,0,18,161,179,0,96,96,275
03/29/2023,ADW,MD,AEA,EN,Towers with Radar,0,0,8,38,46,0,1,8,68,77,0,1,16,106,123,0,68,68,191
03/30/2023,ADW,MD,AEA,EN,Towers with Radar,0,0,6,76,82,0,0,6,72,78,0,0,12,148,160,0,126,126,286
03/31/2023,ADW,MD,AEA,EN,Towers with Radar,0,1,1,51,53,0,0,4,34,38,0,1,5,85,91,0,58,58,149
04/01/2023,ADW,MD,AEA,EN,Towers with Radar,0,0,2,21,23,0,0,4,12,16,0,0,6,33,39,0,26,26,65
04/02/2023,ADW,MD,AEA,EN,Towers with Radar,0,2,0,24,26,0,0,2,16,18,0,2,2,40,44,0,2,2,46
04/03/2023,ADW,MD,AEA,EN,Towers with Radar,0,1,2,44,47,0,0,6,104,110,0,1,8,148,157,0,192,192,349
04/04/2023,ADW,MD,AEA,EN,Towers with Radar,0,3,11,71,85,0,0,9,67,76,0,3,20,138,161,0,202,202,363
04/05/2023,ADW,MD,AEA,EN,Towers with Radar,1,1,10,67,79,0,0,4,74,78,1,1,14,141,157,0,100,100,257
04/06/2023,ADW,MD,AEA,EN,Towers with Radar,1,2,1,73,77,0,2,7,48,57,1,4,8,121,134,0,72,72,206
04/07/2023,ADW,MD,AEA,EN,Towers with Radar,0,0,4,38,42,0,0,0,28,28,0,0,4,66,70,0,62,62,132
04/08/2023,ADW,MD,AEA,EN,Towers with Radar,2,0,10,17,29,0,0,6,15,21,2,0,16,32,50,0,84,84,134
04/09/2023,ADW,MD,AEA,EN,Towers with Radar,0,0,0,24,24,0,0,8,12,20,0,0,8,36,44,0,0,0,44
04/10/2023,ADW,MD,AEA,EN,Towers with Radar,0,1,2,37,40,0,0,10,56,66,0,1,12,93,106,0,128,128,234
04/11/2023,ADW,MD,AEA,EN,Towers with Radar,1,1,2,88,92,0,1,4,86,91,1,2,6,174,183,0,152,152,335
04/12/2023,ADW,MD,AEA,EN,Towers with Radar,1,2,2,95,100,0,0,7,36,43,1,2,9,131,143,0,23,23,166
04/13/2023,ADW,MD,AEA,EN,Towers with Radar,0,0,2,32,34,0,0,5,34,39,0,0,7,66,73,0,64,64,137
04/14/2023,ADW,MD,AEA,EN,Towers with Radar,4,2,6,19,31,0,0,5,21,26,4,2,11,40,57,0,14,14,71
04/15/2023,ADW,MD,AEA,EN,Towers with Radar,4,0,6,30,40,0,0,2,17,19,4,0,8,47,59,0,0,0,59
04/16/2023,ADW,MD,AEA,EN,Towers with Radar,0,0,4,42,46,0,0,4,35,39,0,0,8,77,85,0,38,38,123
04/17/2023,ADW,MD,AEA,EN,Towers with Radar,0,1,8,37,46,0,0,1,51,52,0,1,9,88,98,0,98,98,196
04/18/2023,ADW,MD,AEA,EN,Towers with Radar,4,2,14,46,66,0,0,1,62,63,4,2,15,108,129,0,132,132,261
04/19/2023,ADW,MD,AEA,EN,Towers with Radar,0,0,6,51,57,0,0,0,54,54,0,0,6,105,111,0,138,138,249
04/20/2023,ADW,MD,AEA,EN,Towers with Radar,1,2,5,71,79,0,2,6,48,56,1,4,11,119,135,0,82,82,217
04/21/2023,ADW,MD,AEA,EN,Towers with Radar,3,2,6,46,57,0,2,5,47,54,3,4,11,93,111,0,14,14,125
04/22/2023,ADW,MD,AEA,EN,Towers with Radar,7,1,8,14,30,0,0,4,17,21,7,1,12,31,51,0,12,12,63
04/23/2023,ADW,MD,AEA,EN,Towers with Radar,0,2,2,19,23,0,0,5,20,25,0,2,7,39,48,0,28,28,76
04/24/2023,ADW,MD,AEA,EN,Towers with Radar,1,1,7,36,45,0,0,5,66,71,1,1,12,102,116,0,130,130,246
04/25/2023,ADW,MD,AEA,EN,Towers with Radar,0,0,5,66,71,0,0,3,68,71,0,0,8,134,142,0,136,136,278
04/26/2023,ADW,MD,AEA,EN,Towers with Radar,0,0,6,51,57,0,2,11,51,64,0,2,17,102,121,0,158,158,279
04/27/2023,ADW,MD,AEA,EN,Towers with Radar,1,0,14,74,89,2,0,7,37,46,3,0,21,111,135,0,83,83,218
04/28/2023,ADW,MD,AEA,EN,Towers with Radar,2,0,2,27,31,0,0,0,3,3,2,0,2,30,34,0,0,0,34
04/29/2023,ADW,MD,AEA,EN,Towers with Radar,6,0,2,22,30,0,0,3,13,16,6,0,5,35,46,0,0,0,46
04/30/2023,ADW,MD,AEA,EN,Towers with Radar,1,0,0,7,8,0,0,0,0,0,1,0,0,7,8,0,0,0,8
05/01/2023,ADW,MD,AEA,EN,Towers with Radar,5,1,3,32,41,0,0,6,69,75,5,1,9,101,116,0,129,129,245
05/02/2023,ADW,MD,AEA,EN,Towers with Radar,1,0,10,55,66,0,0,3,74,77,1,0,13,129,143,0,188,188,331
05/03/2023,ADW,MD,AEA,EN,Towers with Radar,2,3,0,41,46,0,0,3,51,54,2,3,3,92,100,0,32,32,132
05/04/2023,ADW,MD,AEA,EN,Towers with Radar,1,2,6,63,72,0,1,9,37,47,1,3,15,100,119,0,42,42,161
05/05/2023,ADW,MD,AEA,EN,Towers with Radar,0,1,4,77,82,0,0,6,56,62,0,1,10,133,144,0,34,34,178
05/06/2023,ADW,MD,AEA,EN,Towers with Radar,3,1,0,17,21,0,1,9,22,32,3,2,9,39,53,0,16,16,69
05/07/2023,ADW,MD,AEA,EN,Towers with Radar,3,0,0,15,18,0,0,4,12,16,3,0,4,27,34,0,0,0,34
05/08/2023,ADW,MD,AEA,EN,Towers with Radar,3,0,15,53,71,0,0,9,64,73,3,0,24,117,144,0,106,106,250
05/09/2023,ADW,MD,AEA,EN,Towers with Radar,0,0,12,93,105,0,0,11,92,103,0,0,23,185,208,0,112,112,320
05/10/2023,ADW,MD,AEA,EN,Towers with Radar,0,0,5,50,55,0,1,7,66,74,0,1,12,116,129,4,64,68,197
05/11/2023,ADW,MD,AEA,EN,Towers with Radar,3,1,5,64,73,0,0,5,57,62,3,1,10,121,135,0,26,26,161
05/12/2023,ADW,MD,AEA,EN,Towers with Radar,6,1,9,41,57,0,0,3,66,69,6,1,12,107,126,0,50,50,176
05/13/2023,ADW,MD,AEA,EN,Towers with Radar,7,1,0,22,30,0,0,5,17,22,7,1,5,39,52,0,36,36,88
05/14/2023,ADW,MD,AEA,EN,Towers with Radar,1,2,0,12,15,0,0,0,17,17,1,2,0,29,32,0,58,58,90
05/15/2023,ADW,MD,AEA,EN,Towers with Radar,2,1,2,46,51,0,1,15,80,96,2,2,17,126,147,0,200,200,347
05/16/2023,ADW,MD,AEA,EN,Towers with Radar,0,4,3,41,48,0,0,8,56,64,0,4,11,97,112,0,78,78,190
05/17/2023,ADW,MD,AEA,EN,Towers with Radar,0,1,2,65,68,0,0,8,65,73,0,1,10,130,141,0,82,82,223
05/18/2023,ADW,MD,AEA,EN,Towers with Radar,0,0,5,78,83,0,0,7,49,56,0,0,12,127,139,0,12,12,151
05/19/2023,ADW,MD,AEA,EN,Towers with Radar,0,0,3,40,43,0,0,5,50,55,0,0,8,90,98,0,150,150,248
05/20/2023,ADW,MD,AEA,EN,Towers with Radar,0,0,0,22,22,0,0,5,17,22,0,0,5,39,44,0,50,50,94
05/21/2023,ADW,MD,AEA,EN,Towers with Radar,1,0,0,44,45,0,1,8,11,20,1,1,8,55,65,0,10,10,75
05/22/2023,ADW,MD,AEA,EN,Towers with Radar,0,1,1,54,56,0,1,11,59,71,0,2,12,113,127,0,132,132,259
05/23/2023,ADW,MD,AEA,EN,Towers with Radar,3,1,6,54,64,0,0,11,81,92,3,1,17,135,156,0,138,138,294
05/24/2023,ADW,MD,AEA,EN,Towers with Radar,2,0,10,44,56,0,1,6,51,58,2,1,16,95,114,0,78,78,192
05/25/2023,ADW,MD,AEA,EN,Towers with Radar,2,0,11,71,84,0,0,16,41,57,2,0,27,112,141,0,48,48,189
05/26/2023,ADW,MD,AEA,EN,Towers with Radar,0,0,2,27,29,0,1,4,16,21,0,1,6,43,50,0,24,24,74
05/27/2023,ADW,MD,AEA,EN,Towers with Radar,2,0,0,11,13,0,0,5,21,26,2,0,5,32,39,0,44,44,83
05/28/2023,ADW,MD,AEA,EN,Towers with Radar,0,0,0,23,23,0,1,5,17,23,0,1,5,40,46,0,54,54,100
05/29/2023,ADW,MD,AEA,EN,Towers with Radar,0,0,0,24,24,0,0,4,10,14,0,0,4,34,38,0,0,0,38
05/30/2023,ADW,MD,AEA,EN,Towers with Radar,0,0,0,64,64,0,3,0,76,79,0,3,0,140,143,0,107,107,250
05/31/2023,ADW,MD,AEA,EN,Towers with Radar,0,0,17,53,70,0,0,2,66,68,0,0,19,119,138,0,80,80,218
06/01/2023,ADW,MD,AEA,EN,Towers with Radar,0,0,2,63,65,0,0,2,56,58,0,0,4,119,123,0,0,0,123
06/02/2023,ADW,MD,AEA,EN,Towers with Radar,0,0,7,42,49,0,0,12,37,49,0,0,19,79,98,0,0,0,98
06/03/2023,ADW,MD,AEA,EN,Towers with Radar,2,0,0,8,10,0,0,5,15,20,2,0,5,23,30,0,16,16,46
06/04/2023,ADW,MD,AEA,EN,Towers with Radar,0,0,0,15,15,0,0,5,11,16,0,0,5,26,31,0,0,0,31
06/05/2023,ADW,MD,AEA,EN,Towers with Radar,0,0,3,64,67,0,0,4,57,61,0,0,7,121,128,0,0,0,128
06/06/2023,ADW,MD,AEA,EN,Towers with Radar,1,0,9,60,70,0,0,4,45,49,1,0,13,105,119,0,6,6,125
06/07/2023,ADW,MD,AEA,EN,Towers with Radar,0,0,8,46,54,0,0,0,47,47,0,0,8,93,101,0,72,72,173
06/08/2023,ADW,MD,AEA,EN,Towers with Radar,2,0,14,57,73,0,0,3,18,21,2,0,17,75,94,0,0,0,94
06/09/2023,ADW,MD,AEA,EN,Towers with Radar,0,0,6,62,68,0,0,5,55,60,0,0,11,117,128,0,58,58,186
06/10/2023,ADW,MD,AEA,EN,Towers with Radar,4,0,1,21,26,0,0,8,20,28,4,0,9,41,54,0,44,44,98
06/11/2023,ADW,MD,AEA,EN,Towers with Radar,1,0,0,32,33,0,2,12,20,34,1,2,12,52,67,0,42,42,109
06/12/2023,ADW,MD,AEA,EN,Towers with Radar,1,0,7,37,45,0,0,1,49,50,1,0,8,86,95,0,46,46,141
06/13/2023,ADW,MD,AEA,EN,Towers with Radar,0,1,13,69,83,0,0,10,40,50,0,1,23,109,133,0,41,41,174
06/14/2023,ADW,MD,AEA,EN,Towers with Radar,1,1,12,55,69,0,0,6,60,66,1,1,18,115,135,0,96,96,231
06/15/2023,ADW,MD,AEA,EN,Towers with Radar,1,0,2,96,99,0,0,7,45,52,1,0,9,141,151,0,44,44,195
06/16/2023,ADW,MD,AEA,EN,Towers with Radar,0,1,4,49,54,0,0,9,19,28,0,1,13,68,82,0,0,0,82
06/17/2023,ADW,MD,AEA,EN,Towers with Radar,4,0,0,24,28,0,0,5,20,25,4,0,5,44,53,0,10,10,63
06/18/2023,ADW,MD,AEA,EN,Towers with Radar,0,1,0,17,18,0,2,5,11,18,0,3,5,28,36,0,0,0,36
06/19/2023,ADW,MD,AEA,EN,Towers with Radar,0,0,0,12,12,0,0,9,6,15,0,0,9,18,27,0,0,0,27
06/20/2023,ADW,MD,AEA,EN,Towers with Radar,0,0,2,49,51,0,0,0,58,58,0,0,2,107,109,0,112,112,221
06/21/2023,ADW,MD,AEA,EN,Towers with Radar,0,0,2,33,35,0,1,0,26,27,0,1,2,59,62,0,42,42,104
06/22/2023,ADW,MD,AEA,EN,Towers with Radar,0,1,0,48,49,0,0,0,2,2,0,1,0,50,51,0,0,0,51
06/23/2023,ADW,MD,AEA,EN,Towers with Radar,2,1,7,30,40,0,0,0,12,12,2,1,7,42,52,0,0,0,52
06/24/2023,ADW,MD,AEA,EN,Towers with Radar,4,1,0,16,21,0,0,4,17,21,4,1,4,33,42,0,0,0,42
06/25/2023,ADW,MD,AEA,EN,Towers with Radar,2,1,5,17,25,0,0,3,10,13,2,1,8,27,38,0,0,0,38
06/26/2023,ADW,MD,AEA,EN,Towers with Radar,0,0,27,25,52,0,0,4,28,32,0,0,31,53,84,0,0,0,84
06/27/2023,ADW,MD,AEA,EN,Towers with Radar,0,1,2,55,58,0,0,6,41,47,0,1,8,96,105,0,32,32,137
06/28/2023,ADW,MD,AEA,EN,Towers with Radar,0,1,5,82,88,0,0,11,55,66,0,1,16,137,154,0,32,32,186
06/29/2023,ADW,MD,AEA,EN,Towers with Radar,1,1,16,43,61,0,0,11,29,40,1,1,27,72,101,0,16,16,117
06/30/2023,ADW,MD,AEA,EN,Towers with Radar,0,0,9,39,48,0,0,11,19,30,0,0,20,58,78,0,48,48,126
07/01/2023,ADW,MD,AEA,EN,Towers with Radar,6,0,2,12,20,0,0,0,6,6,6,0,2,18,26,0,0,0,26
07/02/2023,ADW,MD,AEA,EN,Towers with Radar,0,0,0,10,10,0,0,0,15,15,0,0,0,25,25,0,0,0,25
07/03/2023,ADW,MD,AEA,EN,Towers with Radar,0,0,0,13,13,0,0,10,44,54,0,0,10,57,67,0,114,114,181
07/04/2023,ADW,MD,AEA,EN,Towers with Radar,0,0,1,6,7,0,2,3,6,11,0,2,4,12,18,0,0,0,18
07/05/2023,ADW,MD,AEA,EN,Towers with Radar,0,0,2,42,44,0,0,6,54,60,0,0,8,96,104,0,124,124,228
07/06/2023,ADW,MD,AEA,EN,Towers with Radar,0,0,3,82,85,0,2,7,70,79,0,2,10,152,164,0,114,114,278
07/07/2023,ADW,MD,AEA,EN,Towers with Radar,0,0,16,70,86,0,0,4,35,39,0,0,20,105,125,0,58,58,183
07/08/2023,ADW,MD,AEA,EN,Towers with Radar,4,2,0,16,22,0,1,3,9,13,4,3,3,25,35,0,2,2,37
07/09/2023,ADW,MD,AEA,EN,Towers with Radar,0,0,2,24,26,0,0,0,3,3,0,0,2,27,29,0,0,0,29
07/10/2023,ADW,MD,AEA,EN,Towers with Radar,0,0,9,36,45,0,1,10,63,74,0,1,19,99,119,0,158,158,277
07/11/2023,ADW,MD,AEA,EN,Towers with Radar,0,0,3,60,63,0,0,2,38,40,0,0,5,98,103,0,58,58,161
07/12/2023,ADW,MD,AEA,EN,Towers with Radar,1,0,1,33,35,0,2,5,31,38,1,2,6,64,73,0,60,60,133
07/13/2023,ADW,MD,AEA,EN,Towers with Radar,0,0,3,42,45,0,0,1,40,41,0,0,4,82,86,0,52,52,138
07/14/2023,ADW,MD,AEA,EN,Towers with Radar,1,2,4,66,73,0,1,4,33,38,1,3,8,99,111,0,134,134,245
07/15/2023,ADW,MD,AEA,EN,Towers with Radar,3,0,0,16,19,0,0,0,6,6,3,0,0,22,25,0,0,0,25
07/16/2023,ADW,MD,AEA,EN,Towers with Radar,0,0,0,24,24,0,0,1,10,11,0,0,1,34,35,0,0,0,35
07/17/2023,ADW,MD,AEA,EN,Towers with Radar,0,0,9,37,46,0,2,4,53,59,0,2,13,90,105,0,70,70,175
07/18/2023,ADW,MD,AEA,EN,Towers with Radar,0,0,8,77,85,0,3,2,65,70,0,3,10,142,155,0,68,68,223
07/19/2023,ADW,MD,AEA,EN,Towers with Radar,0,0,9,52,61,0,1,1,61,63,0,1,10,113,124,0,46,46,170
07/20/2023,ADW,MD,AEA,EN,Towers with Radar,0,0,10,95,105,0,0,11,41,52,0,0,21,136,157,0,10,10,167
07/21/2023,ADW,MD,AEA,EN,Towers with Radar,2,0,2,37,41,0,0,6,22,28,2,0,8,59,69,0,0,0,69
07/22/2023,ADW,MD,AEA,EN,Towers with Radar,2,2,4,16,24,0,0,5,18,23,2,2,9,34,47,0,12,12,59
07/23/2023,ADW,MD,AEA,EN,Towers with Radar,0,0,0,25,25,0,0,5,23,28,0,0,5,48,53,0,6,6,59
07/24/2023,ADW,MD,AEA,EN,Towers with Radar,5,0,13,45,63,0,0,2,42,44,5,0,15,87,107,0,10,10,117
07/25/2023,ADW,MD,AEA,EN,Towers with Radar,1,1,2,40,44,0,0,7,36,43,1,1,9,76,87,0,0,0,87
07/26/2023,ADW,MD,AEA,EN,Towers with Radar,1,1,5,62,69,0,0,2,49,51,1,1,7,111,120,0,0,0,120
07/27/2023,ADW,MD,AEA,EN,Towers with Radar,0,0,0,39,39,0,0,8,43,51,0,0,8,82,90,0,21,21,111
07/28/2023,ADW,MD,AEA,EN,Towers with Radar,0,0,6,45,51,0,0,7,16,23,0,0,13,61,74,0,0,0,74
07/29/2023,ADW,MD,AEA,EN,Towers with Radar,3,0,0,23,26,0,0,6,31,37,3,0,6,54,63,0,82,82,145
07/30/2023,ADW,MD,AEA,EN,Towers with Radar,0,0,0,10,10,0,0,4,13,17,0,0,4,23,27,0,24,24,51
07/31/2023,ADW,MD,AEA,EN,Towers with Radar,0,0,4,34,38,0,0,1,28,29,0,0,5,62,67,0,66,66,133
08/01/2023,ADW,MD,AEA,EN,Towers with Radar,1,0,14,71,86,0,0,11,45,56,1,0,25,116,142,0,117,117,259
08/02/2023,ADW,MD,AEA,EN,Towers with Radar,0,0,4,35,39,0,0,0,34,34,0,0,4,69,73,0,72,72,145
08/03/2023,ADW,MD,AEA,EN,Towers with Radar,1,0,4,46,51,0,0,5,25,30,1,0,9,71,81,0,18,18,99
08/04/2023,ADW,MD,AEA,EN,Towers with Radar,2,0,10,40,52,0,0,0,40,40,2,0,10,80,92,0,64,64,156
08/05/2023,ADW,MD,AEA,EN,Towers with Radar,6,0,0,29,35,0,0,10,5,15,6,0,10,34,50,0,0,0,50
08/06/2023,ADW,MD,AEA,EN,Towers with Radar,0,0,1,20,21,0,0,1,6,7,0,0,2,26,28,0,0,0,28
08/07/2023,ADW,MD,AEA,EN,Towers with Radar,1,0,8,44,53,0,0,12,31,43,1,0,20,75,96,0,103,103,199
08/08/2023,ADW,MD,AEA,EN,Towers with Radar,0,0,8,51,59,0,0,16,43,59,0,0,24,94,118,0,71,71,189
08/09/2023,ADW,MD,AEA,EN,Towers with Radar,0,0,1,61,62,0,1,2,34,37,0,1,3,95,99,0,0,0,99
08/10/2023,ADW,MD,AEA,EN,Towers with Radar,0,0,5,67,72,0,0,2,36,38,0,0,7,103,110,0,90,90,200
08/11/2023,ADW,MD,AEA,EN,Towers with Radar,0,0,5,58,63,0,2,7,59,68,0,2,12,117,131,0,78,78,209
08/12/2023,ADW,MD,AEA,EN,Towers with Radar,2,0,1,16,19,0,0,3,33,36,2,0,4,49,55,0,56,56,111
08/13/2023,ADW,MD,AEA,EN,Towers with Radar,0,0,0,14,14,0,0,5,25,30,0,0,5,39,44,0,38,38,82
08/14/2023,ADW,MD,AEA,EN,Towers with Radar,0,1,7,53,61,0,0,1,39,40,0,1,8,92,101,0,0,0,101
08/15/2023,ADW,MD,AEA,EN,Towers with Radar,0,1,2,55,58,0,1,0,35,36,0,2,2,90,94,0,46,46,140
08/16/2023,ADW,MD,AEA,EN,Towers with Radar,0,4,8,71,83,0,1,7,42,50,0,5,15,113,133,0,0,0,133
08/17/2023,ADW,MD,AEA,EN,Towers with Radar,2,0,6,67,75,0,0,2,33,35,2,0,8,100,110,0,46,46,156
08/18/2023,ADW,MD,AEA,EN,Towers with Radar,0,1,3,34,38,0,0,6,19,25,0,1,9,53,63,0,0,0,63
08/19/2023,ADW,MD,AEA,EN,Towers with Radar,0,0,0,23,23,0,0,6,15,21,0,0,6,38,44,0,22,22,66
08/20/2023,ADW,MD,AEA,EN,Towers with Radar,0,0,0,18,18,0,0,10,14,24,0,0,10,32,42,0,38,38,80
08/21/2023,ADW,MD,AEA,EN,Towers with Radar,2,0,2,30,34,0,0,4,42,46,2,0,6,72,80,0,52,52,132
08/22/2023,ADW,MD,AEA,EN,Towers with Radar,0,2,3,54,59,0,0,5,40,45,0,2,8,94,104,0,0,0,104
08/23/2023,ADW,MD,AEA,EN,Towers with Radar,0,0,2,35,37,0,0,4,38,42,0,0,6,73,79,0,0,0,79
08/24/2023,ADW,MD,AEA,EN,Towers with Radar,2,0,6,52,60,0,0,5,19,24,2,0,11,71,84,0,0,0,84
08/25/2023,ADW,MD,AEA,EN,Towers with Radar,0,0,2,40,42,0,2,5,15,22,0,2,7,55,64,0,0,0,64
08/26/2023,ADW,MD,AEA,EN,Towers with Radar,0,0,4,13,17,0,0,3,22,25,0,0,7,35,42,0,0,0,42
08/27/2023,ADW,MD,AEA,EN,Towers with Radar,0,0,6,18,24,0,1,7,20,28,0,1,13,38,52,0,2,2,54
08/28/2023,ADW,MD,AEA,EN,Towers with Radar,0,0,36,44,80,0,0,7,51,58,0,0,43,95,138,0,0,0,138
08/29/2023,ADW,MD,AEA,EN,Towers with Radar,0,2,6,79,87,0,1,2,33,36,0,3,8,112,123,0,62,62,185
08/30/2023,ADW,MD,AEA,EN,Towers with Radar,0,1,4,54,59,0,1,3,51,55,0,2,7,105,114,0,96,96,210
08/31/2023,ADW,MD,AEA,EN,Towers with Radar,0,4,33,100,137,1,0,10,50,61,1,4,43,150,198,0,150,150,348
