01/01/2009,AEG,NM,ASW,WE,Federal Contract Tower,0,0,17,0,17,0,0,86,0,86,0,0,103,0,103,88,0,88,191
01/02/2009,AEG,NM,ASW,WE,Federal Contract Tower,0,0,11,0,11,0,0,138,0,138,0,0,149,0,149,250,0,250,399
01/03/2009,AEG,NM,ASW,WE,Federal Contract Tower,0,0,11,0,11,0,0,87,0,87,0,0,98,0,98,128,0,128,226
01/04/2009,AEG,NM,ASW,WE,Federal Contract Tower,0,0,3,0,3,0,0,10,0,10,0,0,13,0,13,18,0,18,31
01/05/2009,AEG,NM,ASW,WE,Federal Contract Tower,0,0,8,0,8,0,0,50,0,50,0,0,58,0,58,166,0,166,224
01/06/2009,AEG,NM,ASW,WE,Federal Contract Tower,0,0,6,0,6,0,0,28,0,28,0,0,34,0,34,96,0,96,130
01/07/2009,AEG,NM,ASW,WE,Federal Contract Tower,0,0,18,0,18,0,0,65,0,65,0,0,83,0,83,210,0,210,293
01/08/2009,AEG,NM,ASW,WE,Federal Contract Tower,0,0,21,0,21,0,0,101,0,101,0,0,122,0,122,200,0,200,322
01/09/2009,AEG,NM,ASW,WE,Federal Contract Tower,0,0,14,0,14,0,0,86,0,86,0,0,100,0,100,164,0,164,264
01/10/2009,AEG,NM,ASW,WE,Federal Contract Tower,0,0,6,0,6,0,0,124,0,124,0,0,130,0,130,122,0,122,252
01/11/2009,AEG,NM,ASW,WE,Federal Contract Tower,0,0,18,0,18,0,0,114,0,114,0,0,132,0,132,168,0,168,300
01/12/2009,AEG,NM,ASW,WE,Federal Contract Tower,0,0,11,0,11,0,0,60,0,60,0,0,71,0,71,64,0,64,135
01/13/2009,AEG,NM,ASW,WE,Federal Contract Tower,0,0,34,0,34,0,0,98,0,98,0,0,132,0,132,186,0,186,318
01/14/2009,AEG,NM,ASW,WE,Federal Contract Tower,0,0,23,0,23,0,0,102,0,102,0,0,125,0,125,188,0,188,313
01/15/2009,AEG,NM,ASW,WE,Federal Contract Tower,0,0,29,0,29,0,0,111,0,111,0,0,140,0,140,176,0,176,316
01/16/2009,AEG,NM,ASW,WE,Federal Contract Tower,0,0,15,0,15,0,0,96,0,96,0,0,111,0,111,152,0,152,263
01/17/2009,AEG,NM,ASW,WE,Federal Contract Tower,0,0,18,0,18,0,0,138,0,138,0,0,156,0,156,156,0,156,312
01/18/2009,AEG,NM,ASW,WE,Federal Contract Tower,0,0,6,0,6,0,0,113,0,113,0,0,119,0,119,100,0,100,219
01/19/2009,AEG,NM,ASW,WE,Federal Contract Tower,0,0,22,0,22,0,0,118,0,118,0,0,140,0,140,224,0,224,364
01/20/2009,AEG,NM,ASW,WE,Federal Contract Tower,0,0,11,0,11,0,0,88,0,88,0,0,99,0,99,160,0,160,259
01/21/2009,AEG,NM,ASW,WE,Federal Contract Tower,0,0,16,3,19,0,6,120,10,136,0,6,136,13,155,124,8,132,287
01/22/2009,AEG,NM,ASW,WE,Federal Contract Tower,0,2,20,1,23,0,6,68,13,87,0,8,88,14,110,156,2,158,268
01/23/2009,AEG,NM,ASW,WE,Federal Contract Tower,0,1,13,3,17,0,5,75,14,94,0,6,88,17,111,144,6,150,261
01/24/2009,AEG,NM,ASW,WE,Federal Contract Tower,0,3,26,0,29,0,9,151,9,169,0,12,177,9,198,306,0,306,504
01/25/2009,AEG,NM,ASW,WE,Federal Contract Tower,0,0,17,0,17,0,1,128,1,130,0,1,145,1,147,258,0,258,405
01/26/2009,AEG,NM,ASW,WE,Federal Contract Tower,0,1,22,2,25,0,1,43,6,50,0,2,65,8,75,48,0,48,123
01/27/2009,AEG,NM,ASW,WE,Federal Contract Tower,0,1,14,4,19,0,5,45,15,65,0,6,59,19,84,102,10,112,196
01/28/2009,AEG,NM,ASW,WE,Federal Contract Tower,0,0,27,0,27,0,6,81,1,88,0,6,108,1,115,118,0,118,233
01/29/2009,AEG,NM,ASW,WE,Federal Contract Tower,0,0,29,1,30,0,5,80,5,90,0,5,109,6,120,99,6,105,225
01/30/2009,AEG,NM,ASW,WE,Federal Contract Tower,0,1,8,0,9,0,10,166,0,176,0,11,174,0,185,208,0,208,393
01/31/2009,AEG,NM,ASW,WE,Federal Contract Tower,0,0,12,0,12,0,3,158,3,164,0,3,170,3,176,172,0,172,348
02/01/2009,AEG,NM,ASW,WE,Federal Contract Tower,0,0,11,0,11,0,2,94,0,96,0,2,105,0,107,100,0,100,207
02/02/2009,AEG,NM,ASW,WE,Federal Contract Tower,0,2,17,0,19,0,6,84,0,90,0,8,101,0,109,112,0,112,221
02/03/2009,AEG,NM,ASW,WE,Federal Contract Tower,0,0,16,0,16,0,2,90,0,92,0,2,106,0,108,152,0,152,260
02/04/2009,AEG,NM,ASW,WE,Federal Contract Tower,0,2,21,4,27,0,5,106,2,113,0,7,127,6,140,92,6,98,238
02/05/2009,AEG,NM,ASW,WE,Federal Contract Tower,0,2,22,0,24,0,11,99,0,110,0,13,121,0,134,194,0,194,328
02/06/2009,AEG,NM,ASW,WE,Federal Contract Tower,0,5,15,0,20,0,13,111,0,124,0,18,126,0,144,224,0,224,368
02/07/2009,AEG,NM,ASW,WE,Federal Contract Tower,0,1,7,0,8,0,3,157,0,160,0,4,164,0,168,190,0,190,358
02/08/2009,AEG,NM,ASW,WE,Federal Contract Tower,0,0,6,0,6,0,5,23,0,28,0,5,29,0,34,20,0,20,54
02/09/2009,AEG,NM,ASW,WE,Federal Contract Tower,0,0,10,2,12,0,4,57,2,63,0,4,67,4,75,82,18,100,175
02/10/2009,AEG,NM,ASW,WE,Federal Contract Tower,0,2,4,5,11,0,5,7,1,13,0,7,11,6,24,24,2,26,50
02/11/2009,AEG,NM,ASW,WE,Federal Contract Tower,0,0,24,0,24,0,4,102,0,106,0,4,126,0,130,212,0,212,342
02/12/2009,AEG,NM,ASW,WE,Federal Contract Tower,0,1,12,0,13,0,7,74,0,81,0,8,86,0,94,86,0,86,180
02/13/2009,AEG,NM,ASW,WE,Federal Contract Tower,0,0,11,0,11,0,5,103,0,108,0,5,114,0,119,161,0,161,280
02/14/2009,AEG,NM,ASW,WE,Federal Contract Tower,0,0,6,0,6,0,0,88,0,88,0,0,94,0,94,130,0,130,224
02/15/2009,AEG,NM,ASW,WE,Federal Contract Tower,0,0,16,0,16,0,4,129,0,133,0,4,145,0,149,274,0,274,423
02/16/2009,AEG,NM,ASW,WE,Federal Contract Tower,0,1,19,0,20,0,8,83,0,91,0,9,102,0,111,126,0,126,237
02/17/2009,AEG,NM,ASW,WE,Federal Contract Tower,0,1,22,2,25,0,2,23,4,29,0,3,45,6,54,22,22,44,98
02/18/2009,AEG,NM,ASW,WE,Federal Contract Tower,0,4,10,2,16,0,6,68,0,74,0,10,78,2,90,90,2,92,182
02/19/2009,AEG,NM,ASW,WE,Federal Contract Tower,0,1,17,2,20,0,9,75,0,84,0,10,92,2,104,136,12,148,252
02/20/2009,AEG,NM,ASW,WE,Federal Contract Tower,0,5,15,0,20,0,3,144,0,147,0,8,159,0,167,254,0,254,421
02/21/2009,AEG,NM,ASW,WE,Federal Contract Tower,0,0,8,0,8,0,2,112,0,114,0,2,120,0,122,264,0,264,386
02/22/2009,AEG,NM,ASW,WE,Federal Contract Tower,0,1,10,0,11,0,2,96,0,98,0,3,106,0,109,338,0,338,447
02/23/2009,AEG,NM,ASW,WE,Federal Contract Tower,0,0,13,0,13,0,3,57,0,60,0,3,70,0,73,96,0,96,169
02/24/2009,AEG,NM,ASW,WE,Federal Contract Tower,0,3,12,0,15,0,5,80,0,85,0,8,92,0,100,184,0,184,284
02/25/2009,AEG,NM,ASW,WE,Federal Contract Tower,0,5,5,0,10,0,5,82,0,87,0,10,87,0,97,170,0,170,267
02/26/2009,AEG,NM,ASW,WE,Federal Contract Tower,0,2,22,0,24,0,15,63,0,78,0,17,85,0,102,150,6,156,258
02/27/2009,AEG,NM,ASW,WE,Federal Contract Tower,0,4,9,0,13,0,4,70,1,75,0,8,79,1,88,130,4,134,222
02/28/2009,AEG,NM,ASW,WE,Federal Contract Tower,0,0,8,0,8,0,13,98,0,111,0,13,106,0,119,196,0,196,315
03/01/2009,AEG,NM,ASW,WE,Federal Contract Tower,0,0,18,0,18,0,2,106,0,108,0,2,124,0,126,256,0,256,382
03/02/2009,AEG,NM,ASW,WE,Federal Contract Tower,0,0,19,2,21,0,2,76,2,80,0,2,95,4,101,154,2,156,257
03/03/2009,AEG,NM,ASW,WE,Federal Contract Tower,0,10,10,2,22,0,4,66,2,72,0,14,76,4,94,150,6,156,250
03/04/2009,AEG,NM,ASW,WE,Federal Contract Tower,0,1,31,0,32,0,5,74,0,79,0,6,105,0,111,190,0,190,301
03/05/2009,AEG,NM,ASW,WE,Federal Contract Tower,0,0,12,0,12,0,6,27,0,33,0,6,39,0,45,75,0,75,120
03/06/2009,AEG,NM,ASW,WE,Federal Contract Tower,0,4,10,0,14,0,3,73,0,76,0,7,83,0,90,88,0,88,178
03/07/2009,AEG,NM,ASW,WE,Federal Contract Tower,0,1,3,0,4,0,2,22,0,24,0,3,25,0,28,10,0,10,38
03/08/2009,AEG,NM,ASW,WE,Federal Contract Tower,0,1,8,0,9,0,2,129,0,131,0,3,137,0,140,182,0,182,322
03/09/2009,AEG,NM,ASW,WE,Federal Contract Tower,0,0,6,2,8,0,6,19,0,25,0,6,25,2,33,22,0,22,55
03/10/2009,AEG,NM,ASW,WE,Federal Contract Tower,0,0,22,0,22,0,3,84,2,89,0,3,106,2,111,142,0,142,253
03/11/2009,AEG,NM,ASW,WE,Federal Contract Tower,0,3,13,0,16,0,10,61,5,76,0,13,74,5,92,96,0,96,188
03/12/2009,AEG,NM,ASW,WE,Federal Contract Tower,0,8,9,0,17,0,7,63,7,77,0,15,72,7,94,170,8,178,272
03/13/2009,AEG,NM,ASW,WE,Federal Contract Tower,0,0,3,0,3,0,0,2,0,2,0,0,5,0,5,0,0,0,5
03/14/2009,AEG,NM,ASW,WE,Federal Contract Tower,0,3,9,0,12,0,7,152,2,161,0,10,161,2,173,266,0,266,439
03/15/2009,AEG,NM,ASW,WE,Federal Contract Tower,0,1,15,8,24,0,2,136,6,144,0,3,151,14,168,290,4,294,462
03/16/2009,AEG,NM,ASW,WE,Federal Contract Tower,0,1,19,0,20,0,2,75,2,79,0,3,94,2,99,118,0,118,217
03/17/2009,AEG,NM,ASW,WE,Federal Contract Tower,0,1,20,0,21,0,5,100,0,105,0,6,120,0,126,272,0,272,398
03/18/2009,AEG,NM,ASW,WE,Federal Contract Tower,0,6,28,0,34,0,3,94,2,99,0,9,122,2,133,226,0,226,359
03/19/2009,AEG,NM,ASW,WE,Federal Contract Tower,0,0,14,1,15,0,7,122,0,129,0,7,136,1,144,372,4,376,520
03/20/2009,AEG,NM,ASW,WE,Federal Contract Tower,0,5,12,0,17,0,19,102,4,125,0,24,114,4,142,274,0,274,416
03/21/2009,AEG,NM,ASW,WE,Federal Contract Tower,0,0,12,1,13,0,10,76,1,87,0,10,88,2,100,184,0,184,284
03/22/2009,AEG,NM,ASW,WE,Federal Contract Tower,0,2,11,1,14,0,3,77,0,80,0,5,88,1,94,224,0,224,318
03/23/2009,AEG,NM,ASW,WE,Federal Contract Tower,0,4,5,3,12,0,6,18,3,27,0,10,23,6,39,18,2,20,59
03/24/2009,AEG,NM,ASW,WE,Federal Contract Tower,0,0,10,0,10,0,14,74,0,88,0,14,84,0,98,80,0,80,178
03/25/2009,AEG,NM,ASW,WE,Federal Contract Tower,0,8,21,0,29,0,14,71,0,85,0,22,92,0,114,116,0,116,230
03/26/2009,AEG,NM,ASW,WE,Federal Contract Tower,0,7,7,0,14,0,8,14,0,22,0,15,21,0,36,24,0,24,60
03/27/2009,AEG,NM,ASW,WE,Federal Contract Tower,0,6,2,0,8,0,3,18,0,21,0,9,20,0,29,68,0,68,97
03/28/2009,AEG,NM,ASW,WE,Federal Contract Tower,0,2,15,0,17,0,4,101,0,105,0,6,116,0,122,134,0,134,256
03/29/2009,AEG,NM,ASW,WE,Federal Contract Tower,0,0,10,0,10,0,2,72,0,74,0,2,82,0,84,214,0,214,298
03/30/2009,AEG,NM,ASW,WE,Federal Contract Tower,0,12,15,1,28,0,6,25,0,31,0,18,40,1,59,44,0,44,103
03/31/2009,AEG,NM,ASW,WE,Federal Contract Tower,0,10,24,0,34,0,5,97,12,114,0,15,121,12,148,204,0,204,352
04/01/2009,AEG,NM,ASW,WE,Federal Contract Tower,0,1,6,4,11,0,4,9,14,27,0,5,15,18,38,6,0,6,44
04/02/2009,AEG,NM,ASW,WE,Federal Contract Tower,0,0,23,1,24,0,9,109,50,168,0,9,132,51,192,176,8,184,376
04/03/2009,AEG,NM,ASW,WE,Federal Contract Tower,0,0,7,3,10,0,4,52,26,82,0,4,59,29,92,50,2,52,144
04/04/2009,AEG,NM,ASW,WE,Federal Contract Tower,0,0,2,0,2,0,10,4,6,20,0,10,6,6,22,0,4,4,26
04/05/2009,AEG,NM,ASW,WE,Federal Contract Tower,0,0,7,0,7,0,3,75,13,91,0,3,82,13,98,58,0,58,156
04/06/2009,AEG,NM,ASW,WE,Federal Contract Tower,0,6,21,0,27,0,0,66,7,73,0,6,87,7,100,94,10,104,204
04/07/2009,AEG,NM,ASW,WE,Federal Contract Tower,0,0,34,0,34,0,4,112,3,119,0,4,146,3,153,297,16,313,466
04/08/2009,AEG,NM,ASW,WE,Federal Contract Tower,0,0,16,0,16,0,0,58,2,60,0,0,74,2,76,148,4,152,228
04/09/2009,AEG,NM,ASW,WE,Federal Contract Tower,0,2,2,0,4,0,6,28,2,36,0,8,30,2,40,14,8,22,62
04/10/2009,AEG,NM,ASW,WE,Federal Contract Tower,0,0,28,2,30,0,0,128,8,136,0,0,156,10,166,134,10,144,310
04/11/2009,AEG,NM,ASW,WE,Federal Contract Tower,0,0,6,0,6,0,2,4,0,6,0,2,10,0,12,18,0,18,30
04/12/2009,AEG,NM,ASW,WE,Federal Contract Tower,0,1,4,0,5,0,0,19,0,19,0,1,23,0,24,38,0,38,62
04/13/2009,AEG,NM,ASW,WE,Federal Contract Tower,0,0,13,0,13,0,8,80,2,90,0,8,93,2,103,190,10,200,303
04/14/2009,AEG,NM,ASW,WE,Federal Contract Tower,0,3,34,0,37,0,10,88,1,99,0,13,122,1,136,184,0,184,320
04/15/2009,AEG,NM,ASW,WE,Federal Contract Tower,0,4,15,3,22,0,3,28,3,34,0,7,43,6,56,56,2,58,114
04/16/2009,AEG,NM,ASW,WE,Federal Contract Tower,0,4,11,2,17,0,11,60,2,73,0,15,71,4,90,94,0,94,184
04/17/2009,AEG,NM,ASW,WE,Federal Contract Tower,0,1,4,0,5,0,0,23,0,23,0,1,27,0,28,20,0,20,48
04/18/2009,AEG,NM,ASW,WE,Federal Contract Tower,0,6,23,0,29,0,12,69,0,81,0,18,92,0,110,74,0,74,184
04/19/2009,AEG,NM,ASW,WE,Federal Contract Tower,0,2,14,0,16,0,4,125,0,129,0,6,139,0,145,284,0,284,429
04/20/2009,AEG,NM,ASW,WE,Federal Contract Tower,0,10,11,2,23,0,11,86,0,97,0,21,97,2,120,216,0,216,336
04/21/2009,AEG,NM,ASW,WE,Federal Contract Tower,0,4,26,0,30,0,6,96,3,105,0,10,122,3,135,148,0,148,283
04/22/2009,AEG,NM,ASW,WE,Federal Contract Tower,0,0,17,0,17,0,5,84,6,95,0,5,101,6,112,174,0,174,286
04/23/2009,AEG,NM,ASW,WE,Federal Contract Tower,0,1,8,0,9,0,2,63,3,68,0,3,71,3,77,78,0,78,155
04/24/2009,AEG,NM,ASW,WE,Federal Contract Tower,0,2,5,5,12,0,2,80,2,84,0,4,85,7,96,6,62,68,164
04/25/2009,AEG,NM,ASW,WE,Federal Contract Tower,0,0,12,0,12,0,8,36,0,44,0,8,48,0,56,88,0,88,144
04/26/2009,AEG,NM,ASW,WE,Federal Contract Tower,0,4,25,0,29,0,6,84,1,91,0,10,109,1,120,194,0,194,314
04/27/2009,AEG,NM,ASW,WE,Federal Contract Tower,0,1,37,0,38,0,1,75,0,76,0,2,112,0,114,140,0,140,254
04/28/2009,AEG,NM,ASW,WE,Federal Contract Tower,0,4,25,1,30,0,0,83,4,87,0,4,108,5,117,154,2,156,273
04/29/2009,AEG,NM,ASW,WE,Federal Contract Tower,0,1,11,0,12,0,2,94,5,101,0,3,105,5,113,150,0,150,263
04/30/2009,AEG,NM,ASW,WE,Federal Contract Tower,0,3,7,1,11,0,13,111,0,124,0,16,118,1,135,216,8,224,359
05/01/2009,AEG,NM,ASW,WE,Federal Contract Tower,0,1,5,0,6,0,1,109,0,110,0,2,114,0,116,292,0,292,408
05/02/2009,AEG,NM,ASW,WE,Federal Contract Tower,0,2,5,0,7,0,2,42,0,44,0,4,47,0,51,44,0,44,95
05/03/2009,AEG,NM,ASW,WE,Federal Contract Tower,0,0,13,0,13,0,2,120,0,122,0,2,133,0,135,228,0,228,363
05/04/2009,AEG,NM,ASW,WE,Federal Contract Tower,0,0,18,4,22,0,2,64,4,70,0,2,82,8,92,122,10,132,224
05/05/2009,AEG,NM,ASW,WE,Federal Contract Tower,0,0,11,0,11,0,5,58,2,65,0,5,69,2,76,58,0,58,134
05/06/2009,AEG,NM,ASW,WE,Federal Contract Tower,0,6,12,0,18,0,7,92,11,110,0,13,104,11,128,166,0,166,294
05/07/2009,AEG,NM,ASW,WE,Federal Contract Tower,0,13,10,3,26,0,16,113,11,140,0,29,123,14,166,182,18,200,366
05/08/2009,AEG,NM,ASW,WE,Federal Contract Tower,0,8,15,2,25,0,21,107,3,131,0,29,122,5,156,198,0,198,354
05/09/2009,AEG,NM,ASW,WE,Federal Contract Tower,0,1,8,0,9,0,4,120,0,124,0,5,128,0,133,160,0,160,293
05/10/2009,AEG,NM,ASW,WE,Federal Contract Tower,0,0,11,0,11,0,13,78,1,92,0,13,89,1,103,114,0,114,217
05/11/2009,AEG,NM,ASW,WE,Federal Contract Tower,0,9,19,4,32,0,16,55,2,73,0,25,74,6,105,112,0,112,217
05/12/2009,AEG,NM,ASW,WE,Federal Contract Tower,0,7,25,0,32,0,2,54,0,56,0,9,79,0,88,112,4,116,204
05/13/2009,AEG,NM,ASW,WE,Federal Contract Tower,0,0,13,0,13,0,5,89,1,95,0,5,102,1,108,192,0,192,300
05/14/2009,AEG,NM,ASW,WE,Federal Contract Tower,0,0,12,0,12,0,3,62,2,67,0,3,74,2,79,78,0,78,157
05/15/2009,AEG,NM,ASW,WE,Federal Contract Tower,0,9,15,0,24,0,2,118,2,122,0,11,133,2,146,182,0,182,328
05/16/2009,AEG,NM,ASW,WE,Federal Contract Tower,0,0,11,0,11,0,2,19,0,21,0,2,30,0,32,16,0,16,48
05/17/2009,AEG,NM,ASW,WE,Federal Contract Tower,0,0,16,0,16,0,0,0,0,0,0,0,16,0,16,138,0,138,154
05/18/2009,AEG,NM,ASW,WE,Federal Contract Tower,0,8,34,0,42,0,0,99,0,99,0,8,133,0,141,114,0,114,255
05/19/2009,AEG,NM,ASW,WE,Federal Contract Tower,0,19,20,2,41,0,8,102,2,112,0,27,122,4,153,214,8,222,375
05/20/2009,AEG,NM,ASW,WE,Federal Contract Tower,0,0,22,0,22,0,3,99,0,102,0,3,121,0,124,212,0,212,336
05/21/2009,AEG,NM,ASW,WE,Federal Contract Tower,0,2,14,0,16,0,6,47,1,54,0,8,61,1,70,82,12,94,164
05/22/2009,AEG,NM,ASW,WE,Federal Contract Tower,0,5,13,0,18,0,11,31,0,42,0,16,44,0,60,134,10,144,204
05/23/2009,AEG,NM,ASW,WE,Federal Contract Tower,0,0,36,0,36,0,2,10,0,12,0,2,46,0,48,0,0,0,48
05/24/2009,AEG,NM,ASW,WE,Federal Contract Tower,0,0,10,0,10,0,6,56,0,62,0,6,66,0,72,118,0,118,190
05/25/2009,AEG,NM,ASW,WE,Federal Contract Tower,0,4,15,0,19,0,5,127,0,132,0,9,142,0,151,146,0,146,297
05/26/2009,AEG,NM,ASW,WE,Federal Contract Tower,0,0,9,2,11,0,0,64,1,65,0,0,73,3,76,72,16,88,164
05/27/2009,AEG,NM,ASW,WE,Federal Contract Tower,0,2,16,0,18,0,1,99,2,102,0,3,115,2,120,218,8,226,346
05/28/2009,AEG,NM,ASW,WE,Federal Contract Tower,0,5,14,0,19,0,5,85,0,90,0,10,99,0,109,150,0,150,259
05/29/2009,AEG,NM,ASW,WE,Federal Contract Tower,0,3,13,0,16,0,3,112,0,115,0,6,125,0,131,154,0,154,285
05/30/2009,AEG,NM,ASW,WE,Federal Contract Tower,0,0,18,0,18,0,2,99,0,101,0,2,117,0,119,146,0,146,265
05/31/2009,AEG,NM,ASW,WE,Federal Contract Tower,0,3,13,0,16,0,5,99,0,104,0,8,112,0,120,168,0,168,288
06/01/2009,AEG,NM,ASW,WE,Federal Contract Tower,0,0,13,0,13,0,7,66,0,73,0,7,79,0,86,206,0,206,292
06/02/2009,AEG,NM,ASW,WE,Federal Contract Tower,0,0,29,2,31,0,0,85,0,85,0,0,114,2,116,190,0,190,306
06/03/2009,AEG,NM,ASW,WE,Federal Contract Tower,0,1,31,0,32,0,2,92,9,103,0,3,123,9,135,226,10,236,371
06/04/2009,AEG,NM,ASW,WE,Federal Contract Tower,0,2,21,2,25,0,0,85,4,89,0,2,106,6,114,210,0,210,324
06/05/2009,AEG,NM,ASW,WE,Federal Contract Tower,0,10,8,2,20,0,8,89,2,99,0,18,97,4,119,154,0,154,273
06/06/2009,AEG,NM,ASW,WE,Federal Contract Tower,0,0,16,0,16,0,5,78,2,85,0,5,94,2,101,76,0,76,177
06/07/2009,AEG,NM,ASW,WE,Federal Contract Tower,0,0,11,2,13,0,2,75,2,79,0,2,86,4,92,112,8,120,212
06/08/2009,AEG,NM,ASW,WE,Federal Contract Tower,0,0,4,1,5,0,5,60,6,71,0,5,64,7,76,112,2,114,190
06/09/2009,AEG,NM,ASW,WE,Federal Contract Tower,0,0,10,0,10,0,8,62,4,74,0,8,72,4,84,116,0,116,200
06/10/2009,AEG,NM,ASW,WE,Federal Contract Tower,0,4,13,2,19,0,3,25,4,32,0,7,38,6,51,68,6,74,125
06/11/2009,AEG,NM,ASW,WE,Federal Contract Tower,0,6,15,0,21,0,8,101,1,110,0,14,116,1,131,180,0,180,311
06/12/2009,AEG,NM,ASW,WE,Federal Contract Tower,0,0,13,0,13,0,6,125,0,131,0,6,138,0,144,216,0,216,360
06/13/2009,AEG,NM,ASW,WE,Federal Contract Tower,0,0,3,1,4,0,6,95,4,105,0,6,98,5,109,134,10,144,253
06/14/2009,AEG,NM,ASW,WE,Federal Contract Tower,0,1,2,0,3,0,5,48,0,53,0,6,50,0,56,26,0,26,82
06/15/2009,AEG,NM,ASW,WE,Federal Contract Tower,0,0,18,2,20,0,11,95,5,111,0,11,113,7,131,170,2,172,303
06/16/2009,AEG,NM,ASW,WE,Federal Contract Tower,0,13,19,1,33,0,11,87,5,103,0,24,106,6,136,164,2,166,302
06/17/2009,AEG,NM,ASW,WE,Federal Contract Tower,0,0,14,1,15,0,3,74,3,80,0,3,88,4,95,128,0,128,223
06/18/2009,AEG,NM,ASW,WE,Federal Contract Tower,0,1,12,0,13,0,12,69,2,83,0,13,81,2,96,76,0,76,172
06/19/2009,AEG,NM,ASW,WE,Federal Contract Tower,0,0,8,3,11,0,7,123,2,132,0,7,131,5,143,142,10,152,295
06/20/2009,AEG,NM,ASW,WE,Federal Contract Tower,0,0,5,0,5,0,5,44,0,49,0,5,49,0,54,56,0,56,110
06/21/2009,AEG,NM,ASW,WE,Federal Contract Tower,0,0,7,0,7,0,2,92,0,94,0,2,99,0,101,32,0,32,133
06/22/2009,AEG,NM,ASW,WE,Federal Contract Tower,0,9,12,4,25,0,6,90,0,96,0,15,102,4,121,132,0,132,253
06/23/2009,AEG,NM,ASW,WE,Federal Contract Tower,0,8,13,0,21,0,15,76,1,92,0,23,89,1,113,154,0,154,267
06/24/2009,AEG,NM,ASW,WE,Federal Contract Tower,0,2,11,0,13,0,8,95,0,103,0,10,106,0,116,182,0,182,298
06/25/2009,AEG,NM,ASW,WE,Federal Contract Tower,0,3,7,1,11,0,10,62,4,76,0,13,69,5,87,90,4,94,181
06/26/2009,AEG,NM,ASW,WE,Federal Contract Tower,0,0,6,0,6,0,4,89,0,93,0,4,95,0,99,128,0,128,227
06/27/2009,AEG,NM,ASW,WE,Federal Contract Tower,0,0,10,0,10,0,10,110,0,120,0,10,120,0,130,94,0,94,224
06/28/2009,AEG,NM,ASW,WE,Federal Contract Tower,0,0,13,0,13,0,9,52,0,61,0,9,65,0,74,78,0,78,152
06/29/2009,AEG,NM,ASW,WE,Federal Contract Tower,0,0,11,1,12,0,1,88,1,90,0,1,99,2,102,124,4,128,230
06/30/2009,AEG,NM,ASW,WE,Federal Contract Tower,0,0,5,0,5,0,1,64,1,66,0,1,69,1,71,56,0,56,127
07/01/2009,AEG,NM,ASW,WE,Federal Contract Tower,0,0,7,2,9,0,19,114,2,135,0,19,121,4,144,90,6,96,240
07/02/2009,AEG,NM,ASW,WE,Federal Contract Tower,0,1,6,0,7,0,7,79,0,86,0,8,85,0,93,80,0,80,173
07/03/2009,AEG,NM,ASW,WE,Federal Contract Tower,0,0,11,0,11,0,5,45,0,50,0,5,56,0,61,68,0,68,129
07/04/2009,AEG,NM,ASW,WE,Federal Contract Tower,0,0,5,0,5,0,4,62,0,66,0,4,67,0,71,36,0,36,107
07/05/2009,AEG,NM,ASW,WE,Federal Contract Tower,0,0,3,0,3,0,2,75,0,77,0,2,78,0,80,54,0,54,134
07/06/2009,AEG,NM,ASW,WE,Federal Contract Tower,0,4,4,0,8,0,6,77,0,83,0,10,81,0,91,108,0,108,199
07/07/2009,AEG,NM,ASW,WE,Federal Contract Tower,0,0,11,0,11,0,9,106,2,117,0,9,117,2,128,172,8,180,308
07/08/2009,AEG,NM,ASW,WE,Federal Contract Tower,0,1,11,0,12,0,6,88,0,94,0,7,99,0,106,188,0,188,294
07/09/2009,AEG,NM,ASW,WE,Federal Contract Tower,0,1,8,0,9,0,4,77,0,81,0,5,85,0,90,102,0,102,192
07/10/2009,AEG,NM,ASW,WE,Federal Contract Tower,0,1,5,0,6,0,11,95,0,106,0,12,100,0,112,102,0,102,214
07/11/2009,AEG,NM,ASW,WE,Federal Contract Tower,0,0,12,0,12,0,3,111,0,114,0,3,123,0,126,136,0,136,262
07/12/2009,AEG,NM,ASW,WE,Federal Contract Tower,0,0,15,0,15,0,2,84,0,86,0,2,99,0,101,60,0,60,161
07/13/2009,AEG,NM,ASW,WE,Federal Contract Tower,0,0,4,0,4,0,6,64,0,70,0,6,68,0,74,66,0,66,140
07/14/2009,AEG,NM,ASW,WE,Federal Contract Tower,0,0,10,0,10,0,7,71,0,78,0,7,81,0,88,184,0,184,272
07/15/2009,AEG,NM,ASW,WE,Federal Contract Tower,0,9,9,0,18,0,13,80,0,93,0,22,89,0,111,156,0,156,267
07/16/2009,AEG,NM,ASW,WE,Federal Contract Tower,0,12,4,0,16,0,9,61,0,70,0,21,65,0,86,88,0,88,174
07/17/2009,AEG,NM,ASW,WE,Federal Contract Tower,0,3,12,0,15,0,8,99,0,107,0,11,111,0,122,106,0,106,228
07/18/2009,AEG,NM,ASW,WE,Federal Contract Tower,0,0,6,0,6,0,2,81,0,83,0,2,87,0,89,154,0,154,243
07/19/2009,AEG,NM,ASW,WE,Federal Contract Tower,0,0,2,0,2,0,3,73,2,78,0,3,75,2,80,72,0,72,152
07/20/2009,AEG,NM,ASW,WE,Federal Contract Tower,0,2,17,0,19,0,3,78,0,81,0,5,95,0,100,112,0,112,212
07/21/2009,AEG,NM,ASW,WE,Federal Contract Tower,0,0,13,0,13,0,6,85,0,91,0,6,98,0,104,150,0,150,254
07/22/2009,AEG,NM,ASW,WE,Federal Contract Tower,0,1,10,0,11,0,2,87,0,89,0,3,97,0,100,198,0,198,298
07/23/2009,AEG,NM,ASW,WE,Federal Contract Tower,0,2,10,0,12,0,8,84,0,92,0,10,94,0,104,170,0,170,274
07/24/2009,AEG,NM,ASW,WE,Federal Contract Tower,0,3,8,0,11,0,10,148,0,158,0,13,156,0,169,214,0,214,383
07/25/2009,AEG,NM,ASW,WE,Federal Contract Tower,0,3,5,0,8,0,1,114,0,115,0,4,119,0,123,170,0,170,293
07/26/2009,AEG,NM,ASW,WE,Federal Contract Tower,0,0,4,0,4,0,7,88,0,95,0,7,92,0,99,72,0,72,171
07/27/2009,AEG,NM,ASW,WE,Federal Contract Tower,0,0,7,0,7,0,2,69,0,71,0,2,76,0,78,164,0,164,242
07/28/2009,AEG,NM,ASW,WE,Federal Contract Tower,0,0,22,0,22,0,7,85,0,92,0,7,107,0,114,108,0,108,222
07/29/2009,AEG,NM,ASW,WE,Federal Contract Tower,0,0,7,0,7,0,2,63,0,65,0,2,70,0,72,78,0,78,150
07/30/2009,AEG,NM,ASW,WE,Federal Contract Tower,0,5,7,0,12,0,6,71,8,85,0,11,78,8,97,134,0,134,231
07/31/2009,AEG,NM,ASW,WE,Federal Contract Tower,0,0,6,0,6,0,6,92,1,99,0,6,98,1,105,114,0,114,219
08/01/2009,AEG,NM,ASW,WE,Federal Contract Tower,0,0,5,0,5,0,2,106,6,114,0,2,111,6,119,134,0,134,253
08/02/2009,AEG,NM,ASW,WE,Federal Contract Tower,0,0,2,0,2,0,2,77,3,82,0,2,79,3,84,104,0,104,188
08/03/2009,AEG,NM,ASW,WE,Federal Contract Tower,0,1,6,0,7,0,7,72,2,81,0,8,78,2,88,144,0,144,232
08/04/2009,AEG,NM,ASW,WE,Federal Contract Tower,0,1,8,0,9,0,7,68,0,75,0,8,76,0,84,146,0,146,230
08/05/2009,AEG,NM,ASW,WE,Federal Contract Tower,0,1,3,0,4,0,15,80,0,95,0,16,83,0,99,160,0,160,259
08/06/2009,AEG,NM,ASW,WE,Federal Contract Tower,0,0,1,0,1,0,8,92,0,100,0,8,93,0,101,158,0,158,259
08/07/2009,AEG,NM,ASW,WE,Federal Contract Tower,0,3,6,0,9,0,6,68,0,74,0,9,74,0,83,92,0,92,175
08/08/2009,AEG,NM,ASW,WE,Federal Contract Tower,0,0,6,0,6,0,6,85,0,91,0,6,91,0,97,78,0,78,175
08/09/2009,AEG,NM,ASW,WE,Federal Contract Tower,0,0,3,0,3,0,8,76,0,84,0,8,79,0,87,106,0,106,193
08/10/2009,AEG,NM,ASW,WE,Federal Contract Tower,0,0,11,0,11,0,9,84,0,93,0,9,95,0,104,150,0,150,254
08/11/2009,AEG,NM,ASW,WE,Federal Contract Tower,0,0,5,0,5,0,5,51,1,57,0,5,56,1,62,68,6,74,136
08/12/2009,AEG,NM,ASW,WE,Federal Contract Tower,0,0,8,3,11,0,8,93,5,106,0,8,101,8,117,144,4,148,265
08/13/2009,AEG,NM,ASW,WE,Federal Contract Tower,0,4,2,0,6,0,7,70,2,79,0,11,72,2,85,118,0,118,203
08/14/2009,AEG,NM,ASW,WE,Federal Contract Tower,0,0,10,1,11,0,1,30,3,34,0,1,40,4,45,42,0,42,87
08/15/2009,AEG,NM,ASW,WE,Federal Contract Tower,0,0,4,0,4,0,0,103,6,109,0,0,107,6,113,100,0,100,213
08/16/2009,AEG,NM,ASW,WE,Federal Contract Tower,0,0,8,0,8,0,12,105,1,118,0,12,113,1,126,88,0,88,214
08/17/2009,AEG,NM,ASW,WE,Federal Contract Tower,0,0,1,0,1,0,7,75,4,86,0,7,76,4,87,142,8,150,237
08/18/2009,AEG,NM,ASW,WE,Federal Contract Tower,0,1,3,0,4,0,7,63,1,71,0,8,66,1,75,122,0,122,197
08/19/2009,AEG,NM,ASW,WE,Federal Contract Tower,0,0,7,0,7,0,5,81,3,89,0,5,88,3,96,76,0,76,172
08/20/2009,AEG,NM,ASW,WE,Federal Contract Tower,0,0,5,0,5,0,1,79,0,80,0,1,84,0,85,138,0,138,223
08/21/2009,AEG,NM,ASW,WE,Federal Contract Tower,0,2,4,0,6,0,4,89,3,96,0,6,93,3,102,126,0,126,228
08/22/2009,AEG,NM,ASW,WE,Federal Contract Tower,0,2,3,0,5,0,2,80,0,82,0,4,83,0,87,122,0,122,209
08/23/2009,AEG,NM,ASW,WE,Federal Contract Tower,0,1,4,1,6,0,0,81,2,83,0,1,85,3,89,60,0,60,149
08/24/2009,AEG,NM,ASW,WE,Federal Contract Tower,0,7,4,1,12,0,6,55,26,87,0,13,59,27,99,94,0,94,193
08/25/2009,AEG,NM,ASW,WE,Federal Contract Tower,0,6,10,6,22,0,8,67,18,93,0,14,77,24,115,214,4,218,333
08/26/2009,AEG,NM,ASW,WE,Federal Contract Tower,0,0,7,3,10,0,6,72,2,80,0,6,79,5,90,190,0,190,280
08/27/2009,AEG,NM,ASW,WE,Federal Contract Tower,0,1,4,0,5,0,9,66,4,79,0,10,70,4,84,78,0,78,162
08/28/2009,AEG,NM,ASW,WE,Federal Contract Tower,0,0,3,0,3,0,3,86,6,95,0,3,89,6,98,204,0,204,302
08/29/2009,AEG,NM,ASW,WE,Federal Contract Tower,0,0,4,0,4,0,2,90,0,92,0,2,94,0,96,114,0,114,210
08/30/2009,AEG,NM,ASW,WE,Federal Contract Tower,0,0,8,0,8,0,4,83,0,87,0,4,91,0,95,182,0,182,277
08/31/2009,AEG,NM,ASW,WE,Federal Contract Tower,0,0,10,0,10,0,0,69,0,69,0,0,79,0,79,170,0,170,249
09/01/2009,AEG,NM,ASW,WE,Federal Contract Tower,0,0,2,0,2,0,1,65,0,66,0,1,67,0,68,86,0,86,154
09/02/2009,AEG,NM,ASW,WE,Federal Contract Tower,0,3,8,0,11,0,3,75,2,80,0,6,83,2,91,90,6,96,187
09/03/2009,AEG,NM,ASW,WE,Federal Contract Tower,0,0,5,0,5,0,5,50,0,55,0,5,55,0,60,76,0,76,136
09/04/2009,AEG,NM,ASW,WE,Federal Contract Tower,0,1,6,0,7,0,0,85,0,85,0,1,91,0,92,96,0,96,188
09/05/2009,AEG,NM,ASW,WE,Federal Contract Tower,0,0,6,0,6,0,8,78,0,86,0,8,84,0,92,70,0,70,162
09/06/2009,AEG,NM,ASW,WE,Federal Contract Tower,0,1,6,0,7,0,4,78,0,82,0,5,84,0,89,50,0,50,139
09/07/2009,AEG,NM,ASW,WE,Federal Contract Tower,0,0,6,0,6,0,3,67,0,70,0,3,73,0,76,56,0,56,132
09/08/2009,AEG,NM,ASW,WE,Federal Contract Tower,0,0,8,0,8,0,2,45,0,47,0,2,53,0,55,174,0,174,229
09/09/2009,AEG,NM,ASW,WE,Federal Contract Tower,0,0,2,0,2,0,3,54,2,59,0,3,56,2,61,68,0,68,129
09/10/2009,AEG,NM,ASW,WE,Federal Contract Tower,0,2,3,0,5,0,2,49,0,51,0,4,52,0,56,102,0,102,158
09/11/2009,AEG,NM,ASW,WE,Federal Contract Tower,0,6,4,0,10,0,12,61,0,73,0,18,65,0,83,62,0,62,145
09/12/2009,AEG,NM,ASW,WE,Federal Contract Tower,0,0,4,0,4,0,4,90,2,96,0,4,94,2,100,58,0,58,158
09/13/2009,AEG,NM,ASW,WE,Federal Contract Tower,0,0,4,0,4,0,3,87,0,90,0,3,91,0,94,86,0,86,180
09/14/2009,AEG,NM,ASW,WE,Federal Contract Tower,0,5,1,0,6,0,4,47,2,53,0,9,48,2,59,106,0,106,165
09/15/2009,AEG,NM,ASW,WE,Federal Contract Tower,0,3,1,0,4,0,0,60,0,60,0,3,61,0,64,162,0,162,226
09/16/2009,AEG,NM,ASW,WE,Federal Contract Tower,0,6,4,0,10,0,4,43,0,47,0,10,47,0,57,76,0,76,133
09/17/2009,AEG,NM,ASW,WE,Federal Contract Tower,0,1,8,0,9,0,1,19,0,20,0,2,27,0,29,36,0,36,65
09/18/2009,AEG,NM,ASW,WE,Federal Contract Tower,0,0,4,0,4,0,1,54,0,55,0,1,58,0,59,38,0,38,97
09/19/2009,AEG,NM,ASW,WE,Federal Contract Tower,0,0,2,0,2,0,2,98,0,100,0,2,100,0,102,134,0,134,236
09/20/2009,AEG,NM,ASW,WE,Federal Contract Tower,0,0,4,0,4,0,10,105,0,115,0,10,109,0,119,138,0,138,257
09/21/2009,AEG,NM,ASW,WE,Federal Contract Tower,0,3,9,0,12,0,2,60,0,62,0,5,69,0,74,116,0,116,190
09/22/2009,AEG,NM,ASW,WE,Federal Contract Tower,0,2,8,0,10,0,2,61,1,64,0,4,69,1,74,152,0,152,226
09/23/2009,AEG,NM,ASW,WE,Federal Contract Tower,0,1,7,0,8,0,4,77,4,85,0,5,84,4,93,128,0,128,221
09/24/2009,AEG,NM,ASW,WE,Federal Contract Tower,0,1,3,0,4,0,5,64,5,74,0,6,67,5,78,118,14,132,210
09/25/2009,AEG,NM,ASW,WE,Federal Contract Tower,0,0,9,3,12,0,6,78,3,87,0,6,87,6,99,114,2,116,215
09/26/2009,AEG,NM,ASW,WE,Federal Contract Tower,0,0,11,0,11,0,3,104,1,108,0,3,115,1,119,78,0,78,197
09/27/2009,AEG,NM,ASW,WE,Federal Contract Tower,0,0,2,0,2,0,1,94,6,101,0,1,96,6,103,32,0,32,135
09/28/2009,AEG,NM,ASW,WE,Federal Contract Tower,0,1,4,0,5,0,2,35,1,38,0,3,39,1,43,38,0,38,81
09/29/2009,AEG,NM,ASW,WE,Federal Contract Tower,0,1,7,0,8,0,3,67,4,74,0,4,74,4,82,58,0,58,140
09/30/2009,AEG,NM,ASW,WE,Federal Contract Tower,0,4,6,2,12,0,5,37,2,44,0,9,43,4,56,98,2,100,156
10/01/2009,AEG,NM,ASW,WE,Federal Contract Tower,0,3,7,0,10,0,0,78,1,79,0,3,85,1,89,84,0,84,173
10/02/2009,AEG,NM,ASW,WE,Federal Contract Tower,0,0,11,0,11,0,3,86,2,91,0,3,97,2,102,98,0,98,200
10/03/2009,AEG,NM,ASW,WE,Federal Contract Tower,0,0,8,0,8,0,1,166,2,169,0,1,174,2,177,142,0,142,319
10/04/2009,AEG,NM,ASW,WE,Federal Contract Tower,0,0,27,0,27,0,3,41,1,45,0,3,68,1,72,50,0,50,122
10/05/2009,AEG,NM,ASW,WE,Federal Contract Tower,0,0,8,0,8,0,5,50,0,55,0,5,58,0,63,22,0,22,85
10/06/2009,AEG,NM,ASW,WE,Federal Contract Tower,0,0,2,0,2,0,0,101,0,101,0,0,103,0,103,124,0,124,227
10/07/2009,AEG,NM,ASW,WE,Federal Contract Tower,0,0,10,0,10,0,6,48,0,54,0,6,58,0,64,100,0,100,164
10/08/2009,AEG,NM,ASW,WE,Federal Contract Tower,0,1,5,0,6,0,11,92,5,108,0,12,97,5,114,98,0,98,212
10/09/2009,AEG,NM,ASW,WE,Federal Contract Tower,0,3,3,0,6,0,4,111,0,115,0,7,114,0,121,140,0,140,261
10/10/2009,AEG,NM,ASW,WE,Federal Contract Tower,0,0,3,0,3,0,5,120,0,125,0,5,123,0,128,106,0,106,234
10/11/2009,AEG,NM,ASW,WE,Federal Contract Tower,0,0,7,0,7,0,9,97,0,106,0,9,104,0,113,122,0,122,235
10/12/2009,AEG,NM,ASW,WE,Federal Contract Tower,0,0,8,0,8,0,5,77,0,82,0,5,85,0,90,126,0,126,216
10/13/2009,AEG,NM,ASW,WE,Federal Contract Tower,0,0,12,1,13,0,2,48,1,51,0,2,60,2,64,52,8,60,124
10/14/2009,AEG,NM,ASW,WE,Federal Contract Tower,0,0,5,0,5,0,2,62,0,64,0,2,67,0,69,88,0,88,157
10/15/2009,AEG,NM,ASW,WE,Federal Contract Tower,0,0,3,2,5,0,2,91,0,93,0,2,94,2,98,174,0,174,272
10/16/2009,AEG,NM,ASW,WE,Federal Contract Tower,0,0,5,0,5,0,8,96,0,104,0,8,101,0,109,114,0,114,223
10/17/2009,AEG,NM,ASW,WE,Federal Contract Tower,0,0,5,0,5,0,0,103,0,103,0,0,108,0,108,112,0,112,220
10/18/2009,AEG,NM,ASW,WE,Federal Contract Tower,0,0,5,0,5,0,2,77,0,79,0,2,82,0,84,124,0,124,208
10/19/2009,AEG,NM,ASW,WE,Federal Contract Tower,0,0,15,0,15,0,6,72,0,78,0,6,87,0,93,88,0,88,181
10/20/2009,AEG,NM,ASW,WE,Federal Contract Tower,0,2,3,1,6,0,7,49,1,57,0,9,52,2,63,56,8,64,127
10/21/2009,AEG,NM,ASW,WE,Federal Contract Tower,0,1,4,0,5,0,5,11,0,16,0,6,15,0,21,0,0,0,21
10/22/2009,AEG,NM,ASW,WE,Federal Contract Tower,0,0,7,0,7,0,6,70,2,78,0,6,77,2,85,106,0,106,191
10/23/2009,AEG,NM,ASW,WE,Federal Contract Tower,0,0,13,0,13,0,8,115,2,125,0,8,128,2,138,140,0,140,278
10/24/2009,AEG,NM,ASW,WE,Federal Contract Tower,0,0,4,2,6,0,2,95,0,97,0,2,99,2,103,132,0,132,235
10/25/2009,AEG,NM,ASW,WE,Federal Contract Tower,0,0,1,0,1,0,5,83,0,88,0,5,84,0,89,74,0,74,163
10/26/2009,AEG,NM,ASW,WE,Federal Contract Tower,0,0,6,0,6,0,4,67,0,71,0,4,73,0,77,174,0,174,251
10/27/2009,AEG,NM,ASW,WE,Federal Contract Tower,0,3,8,0,11,0,7,81,0,88,0,10,89,0,99,124,0,124,223
10/28/2009,AEG,NM,ASW,WE,Federal Contract Tower,0,0,13,0,13,0,0,9,0,9,0,0,22,0,22,10,0,10,32
10/29/2009,AEG,NM,ASW,WE,Federal Contract Tower,0,2,4,0,6,0,2,40,0,42,0,4,44,0,48,78,0,78,126
10/30/2009,AEG,NM,ASW,WE,Federal Contract Tower,0,0,6,0,6,0,5,89,3,97,0,5,95,3,103,120,0,120,223
10/31/2009,AEG,NM,ASW,WE,Federal Contract Tower,0,0,3,0,3,0,8,102,0,110,0,8,105,0,113,156,0,156,269
11/01/2009,AEG,NM,ASW,WE,Federal Contract Tower,0,0,12,0,12,0,11,110,0,121,0,11,122,0,133,124,0,124,257
11/02/2009,AEG,NM,ASW,WE,Federal Contract Tower,0,0,12,1,13,0,2,52,14,68,0,2,64,15,81,126,12,138,219
11/03/2009,AEG,NM,ASW,WE,Federal Contract Tower,0,0,6,6,12,0,3,91,12,106,0,3,97,18,118,174,10,184,302
11/04/2009,AEG,NM,ASW,WE,Federal Contract Tower,0,0,15,0,15,0,4,97,7,108,0,4,112,7,123,212,0,212,335
11/05/2009,AEG,NM,ASW,WE,Federal Contract Tower,0,0,7,1,8,0,3,74,3,80,0,3,81,4,88,82,2,84,172
11/06/2009,AEG,NM,ASW,WE,Federal Contract Tower,0,1,3,0,4,0,3,92,1,96,0,4,95,1,100,112,0,112,212
11/07/2009,AEG,NM,ASW,WE,Federal Contract Tower,0,0,5,0,5,0,7,73,0,80,0,7,78,0,85,70,0,70,155
11/08/2009,AEG,NM,ASW,WE,Federal Contract Tower,0,2,2,0,4,0,2,78,0,80,0,4,80,0,84,62,0,62,146
11/09/2009,AEG,NM,ASW,WE,Federal Contract Tower,0,1,5,0,6,0,7,48,1,56,0,8,53,1,62,90,10,100,162
11/10/2009,AEG,NM,ASW,WE,Federal Contract Tower,0,0,5,0,5,0,13,55,0,68,0,13,60,0,73,160,0,160,233
11/11/2009,AEG,NM,ASW,WE,Federal Contract Tower,0,0,4,0,4,0,7,80,8,95,0,7,84,8,99,150,0,150,249
11/12/2009,AEG,NM,ASW,WE,Federal Contract Tower,0,4,4,0,8,0,4,54,14,72,0,8,58,14,80,152,6,158,238
11/13/2009,AEG,NM,ASW,WE,Federal Contract Tower,0,4,8,0,12,0,7,49,11,67,0,11,57,11,79,102,0,102,181
11/14/2009,AEG,NM,ASW,WE,Federal Contract Tower,0,0,5,0,5,0,2,131,11,144,0,2,136,11,149,2,0,2,151
11/15/2009,AEG,NM,ASW,WE,Federal Contract Tower,0,0,0,0,0,0,7,13,14,34,0,7,13,14,34,40,0,40,74
11/16/2009,AEG,NM,ASW,WE,Federal Contract Tower,0,0,3,6,9,0,3,42,26,71,0,3,45,32,80,34,0,34,114
11/17/2009,AEG,NM,ASW,WE,Federal Contract Tower,0,1,3,3,7,0,4,76,34,114,0,5,79,37,121,56,6,62,183
11/18/2009,AEG,NM,ASW,WE,Federal Contract Tower,0,1,5,1,7,0,3,62,16,81,0,4,67,17,88,10,6,16,104
11/19/2009,AEG,NM,ASW,WE,Federal Contract Tower,0,1,13,0,14,0,7,87,17,111,0,8,100,17,125,54,2,56,181
11/20/2009,AEG,NM,ASW,WE,Federal Contract Tower,0,0,4,0,4,0,4,104,0,108,0,4,108,0,112,82,0,82,194
11/21/2009,AEG,NM,ASW,WE,Federal Contract Tower,0,0,7,0,7,0,4,112,1,117,0,4,119,1,124,108,0,108,232
11/22/2009,AEG,NM,ASW,WE,Federal Contract Tower,0,0,7,0,7,0,3,114,0,117,0,3,121,0,124,182,0,182,306
11/23/2009,AEG,NM,ASW,WE,Federal Contract Tower,0,1,5,0,6,0,4,32,0,36,0,5,37,0,42,100,0,100,142
11/24/2009,AEG,NM,ASW,WE,Federal Contract Tower,0,0,12,0,12,0,1,79,0,80,0,1,91,0,92,134,0,134,226
11/25/2009,AEG,NM,ASW,WE,Federal Contract Tower,0,1,8,0,9,0,6,123,0,129,0,7,131,0,138,160,0,160,298
11/26/2009,AEG,NM,ASW,WE,Federal Contract Tower,0,0,3,0,3,0,3,24,0,27,0,3,27,0,30,44,0,44,74
11/27/2009,AEG,NM,ASW,WE,Federal Contract Tower,0,0,2,0,2,0,3,114,0,117,0,3,116,0,119,70,0,70,189
11/28/2009,AEG,NM,ASW,WE,Federal Contract Tower,0,0,16,0,16,0,5,73,0,78,0,5,89,0,94,74,0,74,168
11/29/2009,AEG,NM,ASW,WE,Federal Contract Tower,0,1,8,0,9,0,1,7,0,8,0,2,15,0,17,0,0,0,17
11/30/2009,AEG,NM,ASW,WE,Federal Contract Tower,0,3,10,0,13,0,6,48,2,56,0,9,58,2,69,166,0,166,235
12/01/2009,AEG,NM,ASW,WE,Federal Contract Tower,0,5,8,0,13,0,2,54,20,76,0,7,62,20,89,112,4,116,205
12/02/2009,AEG,NM,ASW,WE,Federal Contract Tower,0,0,6,0,6,0,4,65,13,82,0,4,71,13,88,162,12,174,262
12/03/2009,AEG,NM,ASW,WE,Federal Contract Tower,0,2,3,2,7,0,0,22,6,28,0,2,25,8,35,32,54,86,121
12/04/2009,AEG,NM,ASW,WE,Federal Contract Tower,0,12,6,1,19,0,4,62,14,80,0,16,68,15,99,200,0,200,299
12/05/2009,AEG,NM,ASW,WE,Federal Contract Tower,0,1,1,0,2,0,4,86,10,100,0,5,87,10,102,94,0,94,196
12/06/2009,AEG,NM,ASW,WE,Federal Contract Tower,0,0,2,0,2,0,2,26,11,39,0,2,28,11,41,18,16,34,75
12/07/2009,AEG,NM,ASW,WE,Federal Contract Tower,0,1,8,0,9,0,2,17,2,21,0,3,25,2,30,50,0,50,80
12/08/2009,AEG,NM,ASW,WE,Federal Contract Tower,0,0,2,0,2,0,3,0,0,3,0,3,2,0,5,0,0,0,5
12/09/2009,AEG,NM,ASW,WE,Federal Contract Tower,0,5,9,0,14,0,8,74,3,85,0,13,83,3,99,118,0,118,217
12/10/2009,AEG,NM,ASW,WE,Federal Contract Tower,0,3,8,2,13,0,7,59,3,69,0,10,67,5,82,172,0,172,254
12/11/2009,AEG,NM,ASW,WE,Federal Contract Tower,0,3,9,2,14,0,2,77,0,79,0,5,86,2,93,196,0,196,289
12/12/2009,AEG,NM,ASW,WE,Federal Contract Tower,0,0,3,0,3,0,1,76,0,77,0,1,79,0,80,122,0,122,202
12/13/2009,AEG,NM,ASW,WE,Federal Contract Tower,0,0,5,0,5,0,0,52,0,52,0,0,57,0,57,136,0,136,193
12/14/2009,AEG,NM,ASW,WE,Federal Contract Tower,0,2,8,0,10,0,3,42,1,46,0,5,50,1,56,50,8,58,114
12/15/2009,AEG,NM,ASW,WE,Federal Contract Tower,0,1,4,2,7,0,4,63,0,67,0,5,67,2,74,188,0,188,262
12/16/2009,AEG,NM,ASW,WE,Federal Contract Tower,0,1,4,0,5,0,13,94,1,108,0,14,98,1,113,196,0,196,309
12/17/2009,AEG,NM,ASW,WE,Federal Contract Tower,0,2,8,0,10,0,8,88,0,96,0,10,96,0,106,242,0,242,348
12/18/2009,AEG,NM,ASW,WE,Federal Contract Tower,0,1,4,0,5,0,4,85,0,89,0,5,89,0,94,171,0,171,265
12/19/2009,AEG,NM,ASW,WE,Federal Contract Tower,0,0,8,0,8,0,5,117,0,122,0,5,125,0,130,128,0,128,258
12/20/2009,AEG,NM,ASW,WE,Federal Contract Tower,0,0,3,0,3,0,1,100,0,101,0,1,103,0,104,158,0,158,262
12/21/2009,AEG,NM,ASW,WE,Federal Contract Tower,0,3,13,0,16,0,3,64,0,67,0,6,77,0,83,100,0,100,183
12/22/2009,AEG,NM,ASW,WE,Federal Contract Tower,0,4,12,0,16,0,0,37,0,37,0,4,49,0,53,64,0,64,117
12/23/2009,AEG,NM,ASW,WE,Federal Contract Tower,0,1,1,0,2,0,3,13,0,16,0,4,14,0,18,4,0,4,22
12/24/2009,AEG,NM,ASW,WE,Federal Contract Tower,0,2,3,0,5,0,6,17,0,23,0,8,20,0,28,22,0,22,50
12/25/2009,AEG,NM,ASW,WE,Federal Contract Tower,0,0,0,0,0,0,6,9,0,15,0,6,9,0,15,0,0,0,15
12/26/2009,AEG,NM,ASW,WE,Federal Contract Tower,0,0,3,0,3,0,7,67,0,74,0,7,70,0,77,112,0,112,189
12/27/2009,AEG,NM,ASW,WE,Federal Contract Tower,0,0,5,0,5,0,2,63,0,65,0,2,68,0,70,112,0,112,182
12/28/2009,AEG,NM,ASW,WE,Federal Contract Tower,0,0,4,0,4,0,6,82,0,88,0,6,86,0,92,162,0,162,254
12/29/2009,AEG,NM,ASW,WE,Federal Contract Tower,0,1,3,0,4,0,2,19,0,21,0,3,22,0,25,64,0,64,89
12/30/2009,AEG,NM,ASW,WE,Federal Contract Tower,0,6,3,0,9,0,3,47,0,50,0,9,50,0,59,146,0,146,205
12/31/2009,AEG,NM,ASW,WE,Federal Contract Tower,0,1,5,0,6,0,6,63,0,69,0,7,68,0,75,86,0,86,161
01/01/2010,AEG,NM,ASW,WE,Federal Contract Tower,0,1,9,0,10,0,5,69,2,76,0,6,78,2,86,102,0,102,188
01/02/2010,AEG,NM,ASW,WE,Federal Contract Tower,0,2,7,0,9,0,8,88,9,105,0,10,95,9,114,128,0,128,242
01/03/2010,AEG,NM,ASW,WE,Federal Contract Tower,0,0,8,0,8,0,7,111,11,129,0,7,119,11,137,132,0,132,269
01/04/2010,AEG,NM,ASW,WE,Federal Contract Tower,0,2,14,0,16,0,6,67,8,81,0,8,81,8,97,84,0,84,181
01/05/2010,AEG,NM,ASW,WE,Federal Contract Tower,0,3,9,0,12,0,8,56,11,75,0,11,65,11,87,84,0,84,171
01/06/2010,AEG,NM,ASW,WE,Federal Contract Tower,0,0,3,2,5,0,2,73,5,80,0,2,76,7,85,204,0,204,289
01/07/2010,AEG,NM,ASW,WE,Federal Contract Tower,0,2,7,0,9,0,4,40,5,49,0,6,47,5,58,92,10,102,160
01/08/2010,AEG,NM,ASW,WE,Federal Contract Tower,0,0,4,0,4,0,7,87,8,102,0,7,91,8,106,172,0,172,278
01/09/2010,AEG,NM,ASW,WE,Federal Contract Tower,0,0,7,0,7,0,5,82,6,93,0,5,89,6,100,124,0,124,224
01/10/2010,AEG,NM,ASW,WE,Federal Contract Tower,0,1,1,0,2,0,2,110,2,114,0,3,111,2,116,92,0,92,208
01/11/2010,AEG,NM,ASW,WE,Federal Contract Tower,0,4,5,0,9,0,13,42,9,64,0,17,47,9,73,114,0,114,187
01/12/2010,AEG,NM,ASW,WE,Federal Contract Tower,0,0,5,0,5,0,5,71,7,83,0,5,76,7,88,70,0,70,158
01/13/2010,AEG,NM,ASW,WE,Federal Contract Tower,0,0,10,0,10,0,6,84,6,96,0,6,94,6,106,108,0,108,214
01/14/2010,AEG,NM,ASW,WE,Federal Contract Tower,0,4,3,0,7,0,2,33,5,40,0,6,36,5,47,68,8,76,123
01/15/2010,AEG,NM,ASW,WE,Federal Contract Tower,0,0,9,0,9,0,1,67,3,71,0,1,76,3,80,102,0,102,182
01/16/2010,AEG,NM,ASW,WE,Federal Contract Tower,0,0,6,0,6,0,0,104,0,104,0,0,110,0,110,141,4,145,255
01/17/2010,AEG,NM,ASW,WE,Federal Contract Tower,0,0,3,0,3,0,1,88,8,97,0,1,91,8,100,166,0,166,266
01/18/2010,AEG,NM,ASW,WE,Federal Contract Tower,0,0,8,0,8,0,3,46,0,49,0,3,54,0,57,50,0,50,107
01/19/2010,AEG,NM,ASW,WE,Federal Contract Tower,0,0,4,0,4,0,0,19,1,20,0,0,23,1,24,2,0,2,26
01/20/2010,AEG,NM,ASW,WE,Federal Contract Tower,0,0,8,0,8,0,0,12,2,14,0,0,20,2,22,18,4,22,44
01/21/2010,AEG,NM,ASW,WE,Federal Contract Tower,0,0,4,0,4,0,3,10,1,14,0,3,14,1,18,8,32,40,58
01/22/2010,AEG,NM,ASW,WE,Federal Contract Tower,0,1,0,0,1,0,0,1,0,1,0,1,1,0,2,0,0,0,2
01/23/2010,AEG,NM,ASW,WE,Federal Contract Tower,0,1,0,0,1,0,2,6,3,11,0,3,6,3,12,10,0,10,22
01/24/2010,AEG,NM,ASW,WE,Federal Contract Tower,0,0,9,9,18,0,7,55,4,66,0,7,64,13,84,34,0,34,118
01/25/2010,AEG,NM,ASW,WE,Federal Contract Tower,0,2,12,3,17,0,5,80,2,87,0,7,92,5,104,102,0,102,206
01/26/2010,AEG,NM,ASW,WE,Federal Contract Tower,0,0,14,3,17,0,5,75,3,83,0,5,89,6,100,148,0,148,248
01/27/2010,AEG,NM,ASW,WE,Federal Contract Tower,0,0,4,2,6,0,2,85,4,91,0,2,89,6,97,212,0,212,309
01/28/2010,AEG,NM,ASW,WE,Federal Contract Tower,0,0,0,0,0,0,0,0,0,0,0,0,0,0,0,0,0,0,0
01/29/2010,AEG,NM,ASW,WE,Federal Contract Tower,0,2,4,1,7,0,1,52,4,57,0,3,56,5,64,130,0,130,194
01/30/2010,AEG,NM,ASW,WE,Federal Contract Tower,0,2,4,0,6,0,6,83,0,89,0,8,87,0,95,134,0,134,229
01/31/2010,AEG,NM,ASW,WE,Federal Contract Tower,0,0,4,0,4,0,9,97,0,106,0,9,101,0,110,100,0,100,210
02/01/2010,AEG,NM,ASW,WE,Federal Contract Tower,0,0,6,0,6,0,2,59,0,61,0,2,65,0,67,82,0,82,149
02/02/2010,AEG,NM,ASW,WE,Federal Contract Tower,0,0,3,0,3,0,3,93,0,96,0,3,96,0,99,138,0,138,237
02/03/2010,AEG,NM,ASW,WE,Federal Contract Tower,0,0,4,0,4,0,0,0,0,0,0,0,4,0,4,0,0,0,4
02/04/2010,AEG,NM,ASW,WE,Federal Contract Tower,0,1,2,0,3,0,0,21,0,21,0,1,23,0,24,60,0,60,84
02/05/2010,AEG,NM,ASW,WE,Federal Contract Tower,0,2,7,0,9,0,9,67,0,76,0,11,74,0,85,100,0,100,185
02/06/2010,AEG,NM,ASW,WE,Federal Contract Tower,0,0,7,0,7,0,2,101,0,103,0,2,108,0,110,150,0,150,260
02/07/2010,AEG,NM,ASW,WE,Federal Contract Tower,0,1,5,0,6,0,2,11,0,13,0,3,16,0,19,52,0,52,71
02/08/2010,AEG,NM,ASW,WE,Federal Contract Tower,0,0,6,0,6,0,0,23,2,25,0,0,29,2,31,60,10,70,101
02/09/2010,AEG,NM,ASW,WE,Federal Contract Tower,0,4,2,0,6,0,5,33,0,38,0,9,35,0,44,72,0,72,116
02/10/2010,AEG,NM,ASW,WE,Federal Contract Tower,0,2,7,0,9,0,2,26,1,29,0,4,33,1,38,106,0,106,144
02/11/2010,AEG,NM,ASW,WE,Federal Contract Tower,0,1,10,0,11,0,9,45,0,54,0,10,55,0,65,60,0,60,125
02/12/2010,AEG,NM,ASW,WE,Federal Contract Tower,0,1,9,1,11,0,9,84,3,96,0,10,93,4,107,152,36,188,295
02/13/2010,AEG,NM,ASW,WE,Federal Contract Tower,0,0,4,0,4,0,6,92,0,98,0,6,96,0,102,110,0,110,212
02/14/2010,AEG,NM,ASW,WE,Federal Contract Tower,0,0,1,0,1,0,3,44,0,47,0,3,45,0,48,92,0,92,140
02/15/2010,AEG,NM,ASW,WE,Federal Contract Tower,0,0,14,0,14,0,1,63,0,64,0,1,77,0,78,108,0,108,186
02/16/2010,AEG,NM,ASW,WE,Federal Contract Tower,0,4,4,0,8,0,4,60,0,64,0,8,64,0,72,138,0,138,210
02/17/2010,AEG,NM,ASW,WE,Federal Contract Tower,0,1,12,0,13,0,10,83,0,93,0,11,95,0,106,194,0,194,300
02/18/2010,AEG,NM,ASW,WE,Federal Contract Tower,0,0,10,0,10,0,6,58,0,64,0,6,68,0,74,86,0,86,160
02/19/2010,AEG,NM,ASW,WE,Federal Contract Tower,0,0,9,0,9,0,9,63,0,72,0,9,72,0,81,70,0,70,151
02/20/2010,AEG,NM,ASW,WE,Federal Contract Tower,0,2,8,0,10,0,5,56,0,61,0,7,64,0,71,133,0,133,204
02/21/2010,AEG,NM,ASW,WE,Federal Contract Tower,0,2,8,0,10,0,1,20,0,21,0,3,28,0,31,60,0,60,91
02/22/2010,AEG,NM,ASW,WE,Federal Contract Tower,0,2,7,0,9,0,4,2,0,6,0,6,9,0,15,18,0,18,33
02/23/2010,AEG,NM,ASW,WE,Federal Contract Tower,0,2,11,0,13,0,6,57,0,63,0,8,68,0,76,90,0,90,166
02/24/2010,AEG,NM,ASW,WE,Federal Contract Tower,0,3,6,0,9,0,5,68,0,73,0,8,74,0,82,106,0,106,188
02/25/2010,AEG,NM,ASW,WE,Federal Contract Tower,0,6,8,0,14,0,9,25,0,34,0,15,33,0,48,42,0,42,90
02/26/2010,AEG,NM,ASW,WE,Federal Contract Tower,0,0,8,0,8,0,5,109,0,114,0,5,117,0,122,246,0,246,368
02/27/2010,AEG,NM,ASW,WE,Federal Contract Tower,0,0,12,0,12,0,6,88,0,94,0,6,100,0,106,192,0,192,298
02/28/2010,AEG,NM,ASW,WE,Federal Contract Tower,0,1,2,0,3,0,4,17,0,21,0,5,19,0,24,48,0,48,72
03/01/2010,AEG,NM,ASW,WE,Federal Contract Tower,0,1,1,0,2,0,10,46,1,57,0,11,47,1,59,212,14,226,285
03/02/2010,AEG,NM,ASW,WE,Federal Contract Tower,0,2,5,0,7,0,2,71,0,73,0,4,76,0,80,148,0,148,228
03/03/2010,AEG,NM,ASW,WE,Federal Contract Tower,0,6,7,0,13,0,9,94,0,103,0,15,101,0,116,212,0,212,328
03/04/2010,AEG,NM,ASW,WE,Federal Contract Tower,0,1,17,0,18,0,6,66,0,72,0,7,83,0,90,116,0,116,206
03/05/2010,AEG,NM,ASW,WE,Federal Contract Tower,0,0,18,0,18,0,9,64,0,73,0,9,82,0,91,102,0,102,193
03/06/2010,AEG,NM,ASW,WE,Federal Contract Tower,0,2,12,0,14,0,6,120,0,126,0,8,132,0,140,162,0,162,302
03/07/2010,AEG,NM,ASW,WE,Federal Contract Tower,0,1,12,0,13,0,4,18,0,22,0,5,30,0,35,52,0,52,87
03/08/2010,AEG,NM,ASW,WE,Federal Contract Tower,0,4,6,0,10,0,2,10,0,12,0,6,16,0,22,10,0,10,32
03/09/2010,AEG,NM,ASW,WE,Federal Contract Tower,0,11,20,0,31,0,5,61,0,66,0,16,81,0,97,138,0,138,235
03/10/2010,AEG,NM,ASW,WE,Federal Contract Tower,0,1,8,0,9,0,0,20,0,20,0,1,28,0,29,16,0,16,45
03/11/2010,AEG,NM,ASW,WE,Federal Contract Tower,0,6,2,0,8,0,9,13,0,22,0,15,15,0,30,4,0,4,34
03/12/2010,AEG,NM,ASW,WE,Federal Contract Tower,0,4,24,0,28,0,11,115,0,126,0,15,139,0,154,86,0,86,240
03/13/2010,AEG,NM,ASW,WE,Federal Contract Tower,0,1,15,0,16,0,5,142,0,147,0,6,157,0,163,194,0,194,357
03/14/2010,AEG,NM,ASW,WE,Federal Contract Tower,0,1,8,8,17,0,0,15,0,15,0,1,23,8,32,8,0,8,40
03/15/2010,AEG,NM,ASW,WE,Federal Contract Tower,0,1,7,0,8,0,3,43,0,46,0,4,50,0,54,66,0,66,120
03/16/2010,AEG,NM,ASW,WE,Federal Contract Tower,0,0,7,0,7,0,4,114,3,121,0,4,121,3,128,114,0,114,242
03/17/2010,AEG,NM,ASW,WE,Federal Contract Tower,0,1,16,0,17,0,1,104,7,112,0,2,120,7,129,238,0,238,367
03/18/2010,AEG,NM,ASW,WE,Federal Contract Tower,0,3,14,1,18,0,3,95,8,106,0,6,109,9,124,82,6,88,212
03/19/2010,AEG,NM,ASW,WE,Federal Contract Tower,0,0,6,0,6,0,0,48,1,49,0,0,54,1,55,80,0,80,135
03/20/2010,AEG,NM,ASW,WE,Federal Contract Tower,0,0,4,0,4,0,4,29,5,38,0,4,33,5,42,132,12,144,186
03/21/2010,AEG,NM,ASW,WE,Federal Contract Tower,0,2,4,2,8,0,4,122,4,130,0,6,126,6,138,146,0,146,284
03/22/2010,AEG,NM,ASW,WE,Federal Contract Tower,0,1,8,0,9,0,3,64,4,71,0,4,72,4,80,86,0,86,166
03/23/2010,AEG,NM,ASW,WE,Federal Contract Tower,0,4,9,0,13,0,2,31,9,42,0,6,40,9,55,44,2,46,101
03/24/2010,AEG,NM,ASW,WE,Federal Contract Tower,0,1,15,0,16,0,2,18,2,22,0,3,33,2,38,56,0,56,94
03/25/2010,AEG,NM,ASW,WE,Federal Contract Tower,0,0,25,2,27,0,6,91,2,99,0,6,116,4,126,128,4,132,258
03/26/2010,AEG,NM,ASW,WE,Federal Contract Tower,0,3,9,0,12,0,1,43,0,44,0,4,52,0,56,66,0,66,122
03/27/2010,AEG,NM,ASW,WE,Federal Contract Tower,0,1,10,0,11,0,3,49,1,53,0,4,59,1,64,72,0,72,136
03/28/2010,AEG,NM,ASW,WE,Federal Contract Tower,0,0,14,0,14,0,1,110,3,114,0,1,124,3,128,158,0,158,286
03/29/2010,AEG,NM,ASW,WE,Federal Contract Tower,0,6,24,0,30,0,2,57,0,59,0,8,81,0,89,118,0,118,207
03/30/2010,AEG,NM,ASW,WE,Federal Contract Tower,0,0,22,0,22,0,3,54,0,57,0,3,76,0,79,84,0,84,163
03/31/2010,AEG,NM,ASW,WE,Federal Contract Tower,0,2,16,0,18,0,6,65,0,71,0,8,81,0,89,140,0,140,229
04/01/2010,AEG,NM,ASW,WE,Federal Contract Tower,0,2,8,0,10,0,0,13,0,13,0,2,21,0,23,8,0,8,31
04/02/2010,AEG,NM,ASW,WE,Federal Contract Tower,0,0,7,0,7,0,10,29,0,39,0,10,36,0,46,52,0,52,98
04/03/2010,AEG,NM,ASW,WE,Federal Contract Tower,0,0,9,0,9,0,6,67,0,73,0,6,76,0,82,92,0,92,174
04/04/2010,AEG,NM,ASW,WE,Federal Contract Tower,0,0,9,0,9,0,12,55,0,67,0,12,64,0,76,82,4,86,162
04/05/2010,AEG,NM,ASW,WE,Federal Contract Tower,0,5,3,0,8,0,2,28,0,30,0,7,31,0,38,28,0,28,66
04/06/2010,AEG,NM,ASW,WE,Federal Contract Tower,0,2,2,1,5,0,4,9,1,14,0,6,11,2,19,0,0,0,19
04/07/2010,AEG,NM,ASW,WE,Federal Contract Tower,0,1,9,0,10,0,7,41,0,48,0,8,50,0,58,110,0,110,168
04/08/2010,AEG,NM,ASW,WE,Federal Contract Tower,0,2,13,0,15,0,11,111,0,122,0,13,124,0,137,156,0,156,293
04/09/2010,AEG,NM,ASW,WE,Federal Contract Tower,0,0,21,0,21,0,10,110,0,120,0,10,131,0,141,216,0,216,357
04/10/2010,AEG,NM,ASW,WE,Federal Contract Tower,0,1,15,0,16,0,6,86,1,93,0,7,101,1,109,140,0,140,249
04/11/2010,AEG,NM,ASW,WE,Federal Contract Tower,0,0,13,0,13,0,12,91,0,103,0,12,104,0,116,164,0,164,280
04/12/2010,AEG,NM,ASW,WE,Federal Contract Tower,0,2,9,0,11,0,4,26,0,30,0,6,35,0,41,32,0,32,73
04/13/2010,AEG,NM,ASW,WE,Federal Contract Tower,0,0,6,1,7,0,8,23,1,32,0,8,29,2,39,8,2,10,49
04/14/2010,AEG,NM,ASW,WE,Federal Contract Tower,0,0,16,0,16,0,6,60,0,66,0,6,76,0,82,38,0,38,120
04/15/2010,AEG,NM,ASW,WE,Federal Contract Tower,0,1,23,0,24,0,9,97,0,106,0,10,120,0,130,128,0,128,258
04/16/2010,AEG,NM,ASW,WE,Federal Contract Tower,0,3,16,0,19,0,13,42,0,55,0,16,58,0,74,86,0,86,160
04/17/2010,AEG,NM,ASW,WE,Federal Contract Tower,0,0,10,0,10,0,5,28,0,33,0,5,38,0,43,86,0,86,129
04/18/2010,AEG,NM,ASW,WE,Federal Contract Tower,0,1,7,0,8,0,6,83,0,89,0,7,90,0,97,116,0,116,213
04/19/2010,AEG,NM,ASW,WE,Federal Contract Tower,0,5,9,0,14,0,7,46,0,53,0,12,55,0,67,178,0,178,245
04/20/2010,AEG,NM,ASW,WE,Federal Contract Tower,0,0,22,0,22,0,2,84,1,87,0,2,106,1,109,174,0,174,283
04/21/2010,AEG,NM,ASW,WE,Federal Contract Tower,0,2,15,0,17,0,4,56,1,61,0,6,71,1,78,76,0,76,154
04/22/2010,AEG,NM,ASW,WE,Federal Contract Tower,0,0,5,0,5,0,3,43,2,48,0,3,48,2,53,42,0,42,95
04/23/2010,AEG,NM,ASW,WE,Federal Contract Tower,0,1,14,0,15,0,7,31,0,38,0,8,45,0,53,58,0,58,111
04/24/2010,AEG,NM,ASW,WE,Federal Contract Tower,0,0,5,0,5,0,4,29,6,39,0,4,34,6,44,16,0,16,60
04/25/2010,AEG,NM,ASW,WE,Federal Contract Tower,0,0,8,0,8,0,0,114,0,114,0,0,122,0,122,178,0,178,300
04/26/2010,AEG,NM,ASW,WE,Federal Contract Tower,0,2,24,0,26,0,8,78,0,86,0,10,102,0,112,164,0,164,276
04/27/2010,AEG,NM,ASW,WE,Federal Contract Tower,0,0,27,0,27,0,8,99,0,107,0,8,126,0,134,124,0,124,258
04/28/2010,AEG,NM,ASW,WE,Federal Contract Tower,0,3,4,0,7,0,7,36,0,43,0,10,40,0,50,48,0,48,98
04/29/2010,AEG,NM,ASW,WE,Federal Contract Tower,0,0,10,4,14,0,2,25,0,27,0,2,35,4,41,26,0,26,67
04/30/2010,AEG,NM,ASW,WE,Federal Contract Tower,0,0,4,0,4,0,5,41,8,54,0,5,45,8,58,42,0,42,100
05/01/2010,AEG,NM,ASW,WE,Federal Contract Tower,0,0,7,0,7,0,2,93,25,120,0,2,100,25,127,90,0,90,217
05/02/2010,AEG,NM,ASW,WE,Federal Contract Tower,0,1,7,0,8,0,3,26,27,56,0,4,33,27,64,32,0,32,96
05/03/2010,AEG,NM,ASW,WE,Federal Contract Tower,0,4,15,0,19,0,7,76,19,102,0,11,91,19,121,140,0,140,261
05/04/2010,AEG,NM,ASW,WE,Federal Contract Tower,0,4,21,0,25,0,11,80,2,93,0,15,101,2,118,68,0,68,186
05/05/2010,AEG,NM,ASW,WE,Federal Contract Tower,0,0,18,2,20,0,5,49,1,55,0,5,67,3,75,52,0,52,127
05/06/2010,AEG,NM,ASW,WE,Federal Contract Tower,0,1,16,0,17,0,3,65,4,72,0,4,81,4,89,32,0,32,121
05/07/2010,AEG,NM,ASW,WE,Federal Contract Tower,0,1,7,0,8,0,9,100,2,111,0,10,107,2,119,180,0,180,299
05/08/2010,AEG,NM,ASW,WE,Federal Contract Tower,0,1,14,0,15,0,2,59,4,65,0,3,73,4,80,76,0,76,156
05/09/2010,AEG,NM,ASW,WE,Federal Contract Tower,0,0,12,0,12,0,4,80,6,90,0,4,92,6,102,98,0,98,200
05/10/2010,AEG,NM,ASW,WE,Federal Contract Tower,0,0,1,0,1,0,0,9,1,10,0,0,10,1,11,12,0,12,23
05/11/2010,AEG,NM,ASW,WE,Federal Contract Tower,0,0,8,0,8,0,2,30,0,32,0,2,38,0,40,58,0,58,98
05/12/2010,AEG,NM,ASW,WE,Federal Contract Tower,0,0,10,0,10,0,0,72,5,77,0,0,82,5,87,154,0,154,241
05/13/2010,AEG,NM,ASW,WE,Federal Contract Tower,0,7,6,0,13,0,0,0,0,0,0,7,6,0,13,240,0,240,253
05/14/2010,AEG,NM,ASW,WE,Federal Contract Tower,0,4,6,1,11,0,14,28,1,43,0,18,34,2,54,54,0,54,108
05/15/2010,AEG,NM,ASW,WE,Federal Contract Tower,0,0,7,1,8,0,7,101,0,108,0,7,108,1,116,190,0,190,306
05/16/2010,AEG,NM,ASW,WE,Federal Contract Tower,0,2,4,0,6,0,8,95,0,103,0,10,99,0,109,158,0,158,267
05/17/2010,AEG,NM,ASW,WE,Federal Contract Tower,0,6,7,0,13,0,12,59,0,71,0,18,66,0,84,176,0,176,260
05/18/2010,AEG,NM,ASW,WE,Federal Contract Tower,0,2,10,3,15,0,7,51,0,58,0,9,61,3,73,90,0,90,163
05/19/2010,AEG,NM,ASW,WE,Federal Contract Tower,0,3,10,0,13,0,15,60,0,75,0,18,70,0,88,112,0,112,200
05/20/2010,AEG,NM,ASW,WE,Federal Contract Tower,0,1,17,0,18,0,6,113,2,121,0,7,130,2,139,266,0,266,405
05/21/2010,AEG,NM,ASW,WE,Federal Contract Tower,0,0,10,0,10,0,4,85,0,89,0,4,95,0,99,158,0,158,257
05/22/2010,AEG,NM,ASW,WE,Federal Contract Tower,0,4,10,3,17,0,8,127,1,136,0,12,137,4,153,64,4,68,221
05/23/2010,AEG,NM,ASW,WE,Federal Contract Tower,0,0,10,1,11,0,5,51,1,57,0,5,61,2,68,104,16,120,188
05/24/2010,AEG,NM,ASW,WE,Federal Contract Tower,0,0,14,0,14,0,4,48,0,52,0,4,62,0,66,40,0,40,106
05/25/2010,AEG,NM,ASW,WE,Federal Contract Tower,0,4,10,0,14,0,6,125,1,132,0,10,135,1,146,290,12,302,448
05/26/2010,AEG,NM,ASW,WE,Federal Contract Tower,0,0,14,0,14,0,3,83,2,88,0,3,97,2,102,108,0,108,210
05/27/2010,AEG,NM,ASW,WE,Federal Contract Tower,0,1,15,2,18,0,5,58,0,63,0,6,73,2,81,112,0,112,193
05/28/2010,AEG,NM,ASW,WE,Federal Contract Tower,0,0,10,0,10,0,8,87,0,95,0,8,97,0,105,124,0,124,229
05/29/2010,AEG,NM,ASW,WE,Federal Contract Tower,0,4,4,0,8,0,9,85,0,94,0,13,89,0,102,90,0,90,192
05/30/2010,AEG,NM,ASW,WE,Federal Contract Tower,0,0,7,0,7,0,3,98,0,101,0,3,105,0,108,86,0,86,194
05/31/2010,AEG,NM,ASW,WE,Federal Contract Tower,0,11,12,0,23,0,5,92,0,97,0,16,104,0,120,240,0,240,360
06/01/2010,AEG,NM,ASW,WE,Federal Contract Tower,0,2,10,0,12,0,7,48,4,59,0,9,58,4,71,34,40,74,145
06/02/2010,AEG,NM,ASW,WE,Federal Contract Tower,0,0,9,0,9,0,2,81,0,83,0,2,90,0,92,114,0,114,206
06/03/2010,AEG,NM,ASW,WE,Federal Contract Tower,0,0,8,0,8,0,8,52,0,60,0,8,60,0,68,162,0,162,230
06/04/2010,AEG,NM,ASW,WE,Federal Contract Tower,0,0,0,0,0,0,2,85,2,89,0,2,85,2,89,200,10,210,299
06/05/2010,AEG,NM,ASW,WE,Federal Contract Tower,0,0,2,0,2,0,3,80,2,85,0,3,82,2,87,138,0,138,225
06/06/2010,AEG,NM,ASW,WE,Federal Contract Tower,0,0,5,0,5,0,2,81,0,83,0,2,86,0,88,78,0,78,166
06/07/2010,AEG,NM,ASW,WE,Federal Contract Tower,0,0,7,0,7,0,7,38,0,45,0,7,45,0,52,118,0,118,170
06/08/2010,AEG,NM,ASW,WE,Federal Contract Tower,0,1,10,1,12,0,0,98,1,99,0,1,108,2,111,242,0,242,353
06/09/2010,AEG,NM,ASW,WE,Federal Contract Tower,0,0,19,0,19,0,4,90,0,94,0,4,109,0,113,190,0,190,303
06/10/2010,AEG,NM,ASW,WE,Federal Contract Tower,0,4,16,0,20,0,6,84,3,93,0,10,100,3,113,162,32,194,307
06/11/2010,AEG,NM,ASW,WE,Federal Contract Tower,0,0,10,0,10,0,3,63,10,76,0,3,73,10,86,86,0,86,172
06/12/2010,AEG,NM,ASW,WE,Federal Contract Tower,0,0,4,0,4,0,3,27,0,30,0,3,31,0,34,14,0,14,48
06/13/2010,AEG,NM,ASW,WE,Federal Contract Tower,0,0,6,0,6,0,1,98,2,101,0,1,104,2,107,184,0,184,291
06/14/2010,AEG,NM,ASW,WE,Federal Contract Tower,0,0,19,0,19,0,3,80,1,84,0,3,99,1,103,282,34,316,419
06/15/2010,AEG,NM,ASW,WE,Federal Contract Tower,0,0,17,0,17,0,6,91,3,100,0,6,108,3,117,86,0,86,203
06/16/2010,AEG,NM,ASW,WE,Federal Contract Tower,0,1,11,2,14,0,10,78,4,92,0,11,89,6,106,60,14,74,180
06/17/2010,AEG,NM,ASW,WE,Federal Contract Tower,0,0,5,0,5,0,4,81,1,86,0,4,86,1,91,60,0,60,151
06/18/2010,AEG,NM,ASW,WE,Federal Contract Tower,0,0,7,0,7,0,6,97,1,104,0,6,104,1,111,208,0,208,319
06/19/2010,AEG,NM,ASW,WE,Federal Contract Tower,0,0,6,0,6,0,5,94,2,101,0,5,100,2,107,130,0,130,237
06/20/2010,AEG,NM,ASW,WE,Federal Contract Tower,0,0,7,0,7,0,4,61,2,67,0,4,68,2,74,56,8,64,138
06/21/2010,AEG,NM,ASW,WE,Federal Contract Tower,0,2,12,0,14,0,3,62,0,65,0,5,74,0,79,130,0,130,209
06/22/2010,AEG,NM,ASW,WE,Federal Contract Tower,0,3,17,0,20,0,10,73,1,84,0,13,90,1,104,170,0,170,274
06/23/2010,AEG,NM,ASW,WE,Federal Contract Tower,0,0,9,0,9,0,7,83,0,90,0,7,92,0,99,116,0,116,215
06/24/2010,AEG,NM,ASW,WE,Federal Contract Tower,0,1,8,0,9,0,4,85,1,90,0,5,93,1,99,116,0,116,215
06/25/2010,AEG,NM,ASW,WE,Federal Contract Tower,0,0,23,0,23,0,0,77,0,77,0,0,100,0,100,154,0,154,254
06/26/2010,AEG,NM,ASW,WE,Federal Contract Tower,0,2,0,0,2,0,7,106,0,113,0,9,106,0,115,136,0,136,251
06/27/2010,AEG,NM,ASW,WE,Federal Contract Tower,0,0,7,0,7,0,9,98,0,107,0,9,105,0,114,110,0,110,224
06/28/2010,AEG,NM,ASW,WE,Federal Contract Tower,0,0,16,0,16,0,2,46,0,48,0,2,62,0,64,130,0,130,194
06/29/2010,AEG,NM,ASW,WE,Federal Contract Tower,0,0,7,2,9,0,2,60,2,64,0,2,67,4,73,112,4,116,189
06/30/2010,AEG,NM,ASW,WE,Federal Contract Tower,0,14,6,0,20,0,6,39,9,54,0,20,45,9,74,22,12,34,108
07/01/2010,AEG,NM,ASW,WE,Federal Contract Tower,0,0,10,3,13,0,1,60,3,64,0,1,70,6,77,64,6,70,147
07/02/2010,AEG,NM,ASW,WE,Federal Contract Tower,0,3,8,0,11,0,8,86,1,95,0,11,94,1,106,98,0,98,204
07/03/2010,AEG,NM,ASW,WE,Federal Contract Tower,0,2,5,0,7,0,9,42,0,51,0,11,47,0,58,56,0,56,114
07/04/2010,AEG,NM,ASW,WE,Federal Contract Tower,0,0,8,0,8,0,2,59,1,62,0,2,67,1,70,96,0,96,166
07/05/2010,AEG,NM,ASW,WE,Federal Contract Tower,0,1,2,0,3,0,2,70,0,72,0,3,72,0,75,96,0,96,171
07/06/2010,AEG,NM,ASW,WE,Federal Contract Tower,0,0,4,3,7,0,1,51,4,56,0,1,55,7,63,42,2,44,107
07/07/2010,AEG,NM,ASW,WE,Federal Contract Tower,0,2,7,0,9,0,5,54,1,60,0,7,61,1,69,92,0,92,161
07/08/2010,AEG,NM,ASW,WE,Federal Contract Tower,0,1,6,0,7,0,2,50,6,58,0,3,56,6,65,132,0,132,197
07/09/2010,AEG,NM,ASW,WE,Federal Contract Tower,0,0,11,0,11,0,4,75,6,85,0,4,86,6,96,108,14,122,218
07/10/2010,AEG,NM,ASW,WE,Federal Contract Tower,0,1,6,0,7,0,4,65,3,72,0,5,71,3,79,64,0,64,143
07/11/2010,AEG,NM,ASW,WE,Federal Contract Tower,0,1,12,0,13,0,0,82,2,84,0,1,94,2,97,56,0,56,153
07/12/2010,AEG,NM,ASW,WE,Federal Contract Tower,0,0,7,2,9,0,11,42,5,58,0,11,49,7,67,92,6,98,165
07/13/2010,AEG,NM,ASW,WE,Federal Contract Tower,0,4,9,4,17,0,19,89,11,119,0,23,98,15,136,96,4,100,236
07/14/2010,AEG,NM,ASW,WE,Federal Contract Tower,0,1,10,3,14,0,8,64,9,81,0,9,74,12,95,138,6,144,239
07/15/2010,AEG,NM,ASW,WE,Federal Contract Tower,0,0,17,0,17,0,6,62,8,76,0,6,79,8,93,162,12,174,267
07/16/2010,AEG,NM,ASW,WE,Federal Contract Tower,0,2,14,0,16,0,6,79,6,91,0,8,93,6,107,140,0,140,247
07/17/2010,AEG,NM,ASW,WE,Federal Contract Tower,0,0,5,2,7,0,5,109,8,122,0,5,114,10,129,84,4,88,217
07/18/2010,AEG,NM,ASW,WE,Federal Contract Tower,0,0,10,0,10,0,9,88,2,99,0,9,98,2,109,32,0,32,141
07/19/2010,AEG,NM,ASW,WE,Federal Contract Tower,0,0,13,0,13,0,6,57,21,84,0,6,70,21,97,64,4,68,165
07/20/2010,AEG,NM,ASW,WE,Federal Contract Tower,0,1,5,4,10,0,3,67,18,88,0,4,72,22,98,100,14,114,212
07/21/2010,AEG,NM,ASW,WE,Federal Contract Tower,0,1,13,0,14,0,6,82,5,93,0,7,95,5,107,68,4,72,179
07/22/2010,AEG,NM,ASW,WE,Federal Contract Tower,0,1,14,2,17,0,4,77,10,91,0,5,91,12,108,132,4,136,244
07/23/2010,AEG,NM,ASW,WE,Federal Contract Tower,0,1,10,0,11,0,3,98,11,112,0,4,108,11,123,124,68,192,315
07/24/2010,AEG,NM,ASW,WE,Federal Contract Tower,0,0,12,0,12,0,1,27,2,30,0,1,39,2,42,140,0,140,182
07/25/2010,AEG,NM,ASW,WE,Federal Contract Tower,0,1,9,2,12,0,5,39,2,46,0,6,48,4,58,102,0,102,160
07/26/2010,AEG,NM,ASW,WE,Federal Contract Tower,0,2,15,2,19,0,5,22,5,32,0,7,37,7,51,10,0,10,61
07/27/2010,AEG,NM,ASW,WE,Federal Contract Tower,0,6,16,0,22,0,16,84,2,102,0,22,100,2,124,124,0,124,248
07/28/2010,AEG,NM,ASW,WE,Federal Contract Tower,0,0,11,0,11,0,2,58,14,74,0,2,69,14,85,88,0,88,173
07/29/2010,AEG,NM,ASW,WE,Federal Contract Tower,0,1,23,0,24,0,0,51,19,70,0,1,74,19,94,106,0,106,200
07/30/2010,AEG,NM,ASW,WE,Federal Contract Tower,0,2,28,0,30,0,3,62,7,72,0,5,90,7,102,102,0,102,204
07/31/2010,AEG,NM,ASW,WE,Federal Contract Tower,0,0,6,1,7,0,1,76,2,79,0,1,82,3,86,126,6,132,218
08/01/2010,AEG,NM,ASW,WE,Federal Contract Tower,0,1,5,0,6,0,4,62,5,71,0,5,67,5,77,160,4,164,241
08/02/2010,AEG,NM,ASW,WE,Federal Contract Tower,0,0,7,0,7,0,11,66,3,80,0,11,73,3,87,102,0,102,189
08/03/2010,AEG,NM,ASW,WE,Federal Contract Tower,0,1,6,0,7,0,8,57,1,66,0,9,63,1,73,76,0,76,149
08/04/2010,AEG,NM,ASW,WE,Federal Contract Tower,0,2,9,2,13,0,7,62,4,73,0,9,71,6,86,148,9,157,243
08/05/2010,AEG,NM,ASW,WE,Federal Contract Tower,0,1,8,4,13,0,4,72,3,79,0,5,80,7,92,122,4,126,218
08/06/2010,AEG,NM,ASW,WE,Federal Contract Tower,0,0,15,0,15,0,7,91,0,98,0,7,106,0,113,104,0,104,217
08/07/2010,AEG,NM,ASW,WE,Federal Contract Tower,0,0,14,0,14,0,7,81,0,88,0,7,95,0,102,86,0,86,188
08/08/2010,AEG,NM,ASW,WE,Federal Contract Tower,0,0,10,0,10,0,1,81,0,82,0,1,91,0,92,128,0,128,220
08/09/2010,AEG,NM,ASW,WE,Federal Contract Tower,0,0,11,0,11,0,6,49,0,55,0,6,60,0,66,160,0,160,226
08/10/2010,AEG,NM,ASW,WE,Federal Contract Tower,0,1,10,0,11,0,3,65,0,68,0,4,75,0,79,140,0,140,219
08/11/2010,AEG,NM,ASW,WE,Federal Contract Tower,0,1,13,0,14,0,7,102,0,109,0,8,115,0,123,126,10,136,259
08/12/2010,AEG,NM,ASW,WE,Federal Contract Tower,0,0,9,4,13,0,2,63,0,65,0,2,72,4,78,44,14,58,136
08/13/2010,AEG,NM,ASW,WE,Federal Contract Tower,0,0,6,2,8,0,8,48,0,56,0,8,54,2,64,52,2,54,118
08/14/2010,AEG,NM,ASW,WE,Federal Contract Tower,0,0,10,0,10,0,9,89,0,98,0,9,99,0,108,164,0,164,272
08/15/2010,AEG,NM,ASW,WE,Federal Contract Tower,0,0,10,0,10,0,5,60,0,65,0,5,70,0,75,62,0,62,137
08/16/2010,AEG,NM,ASW,WE,Federal Contract Tower,0,0,22,4,26,0,0,57,1,58,0,0,79,5,84,126,8,134,218
08/17/2010,AEG,NM,ASW,WE,Federal Contract Tower,0,4,11,8,23,0,2,61,4,67,0,6,72,12,90,106,4,110,200
08/18/2010,AEG,NM,ASW,WE,Federal Contract Tower,0,1,7,4,12,0,4,73,3,80,0,5,80,7,92,118,0,118,210
08/19/2010,AEG,NM,ASW,WE,Federal Contract Tower,0,0,14,0,14,0,4,53,2,59,0,4,67,2,73,30,0,30,103
08/20/2010,AEG,NM,ASW,WE,Federal Contract Tower,0,0,12,2,14,0,4,71,3,78,0,4,83,5,92,86,2,88,180
08/21/2010,AEG,NM,ASW,WE,Federal Contract Tower,0,0,7,0,7,0,3,115,1,119,0,3,122,1,126,100,0,100,226
08/22/2010,AEG,NM,ASW,WE,Federal Contract Tower,0,0,6,6,12,0,0,107,6,113,0,0,113,12,125,108,6,114,239
08/23/2010,AEG,NM,ASW,WE,Federal Contract Tower,0,7,3,0,10,0,3,38,2,43,0,10,41,2,53,64,0,64,117
08/24/2010,AEG,NM,ASW,WE,Federal Contract Tower,0,18,5,0,23,0,6,23,1,30,0,24,28,1,53,26,0,26,79
08/25/2010,AEG,NM,ASW,WE,Federal Contract Tower,0,2,14,0,16,0,4,72,0,76,0,6,86,0,92,126,0,126,218
08/26/2010,AEG,NM,ASW,WE,Federal Contract Tower,0,1,11,0,12,0,10,90,1,101,0,11,101,1,113,165,40,205,318
08/27/2010,AEG,NM,ASW,WE,Federal Contract Tower,0,0,7,0,7,0,5,79,0,84,0,5,86,0,91,210,0,210,301
08/28/2010,AEG,NM,ASW,WE,Federal Contract Tower,0,0,10,0,10,0,4,78,1,83,0,4,88,1,93,92,0,92,185
08/29/2010,AEG,NM,ASW,WE,Federal Contract Tower,0,1,3,0,4,0,6,78,16,100,0,7,81,16,104,144,0,144,248
08/30/2010,AEG,NM,ASW,WE,Federal Contract Tower,0,5,17,2,24,0,9,58,6,73,0,14,75,8,97,184,12,196,293
08/31/2010,AEG,NM,ASW,WE,Federal Contract Tower,0,9,8,0,17,0,12,64,1,77,0,21,72,1,94,146,0,146,240
09/01/2010,AEG,NM,ASW,WE,Federal Contract Tower,0,7,1,0,8,0,2,49,2,53,0,9,50,2,61,60,0,60,121
09/02/2010,AEG,NM,ASW,WE,Federal Contract Tower,0,3,21,0,24,0,2,66,0,68,0,5,87,0,92,114,0,114,206
09/03/2010,AEG,NM,ASW,WE,Federal Contract Tower,0,1,2,0,3,0,7,38,4,49,0,8,40,4,52,34,58,92,144
09/04/2010,AEG,NM,ASW,WE,Federal Contract Tower,0,1,6,0,7,0,2,90,0,92,0,3,96,0,99,170,0,170,269
09/05/2010,AEG,NM,ASW,WE,Federal Contract Tower,0,1,3,0,4,0,5,64,0,69,0,6,67,0,73,104,0,104,177
09/06/2010,AEG,NM,ASW,WE,Federal Contract Tower,0,0,18,0,18,0,7,57,0,64,0,7,75,0,82,50,0,50,132
09/07/2010,AEG,NM,ASW,WE,Federal Contract Tower,0,2,4,4,10,0,10,43,0,53,0,12,47,4,63,100,0,100,163
09/08/2010,AEG,NM,ASW,WE,Federal Contract Tower,0,1,14,0,15,0,3,47,0,50,0,4,61,0,65,112,6,118,183
09/09/2010,AEG,NM,ASW,WE,Federal Contract Tower,0,1,24,3,28,0,9,57,2,68,0,10,81,5,96,74,4,78,174
09/10/2010,AEG,NM,ASW,WE,Federal Contract Tower,0,3,13,0,16,0,4,83,2,89,0,7,96,2,105,140,4,144,249
09/11/2010,AEG,NM,ASW,WE,Federal Contract Tower,0,1,10,0,11,0,0,74,1,75,0,1,84,1,86,64,0,64,150
09/12/2010,AEG,NM,ASW,WE,Federal Contract Tower,0,1,5,0,6,0,1,104,6,111,0,2,109,6,117,80,0,80,197
09/13/2010,AEG,NM,ASW,WE,Federal Contract Tower,0,3,2,5,10,0,2,77,15,94,0,5,79,20,104,88,8,96,200
09/14/2010,AEG,NM,ASW,WE,Federal Contract Tower,0,0,5,4,9,0,2,56,6,64,0,2,61,10,73,66,6,72,145
09/15/2010,AEG,NM,ASW,WE,Federal Contract Tower,0,5,7,0,12,0,16,54,18,88,0,21,61,18,100,98,0,98,198
09/16/2010,AEG,NM,ASW,WE,Federal Contract Tower,0,2,4,0,6,0,6,53,4,63,0,8,57,4,69,122,8,130,199
09/17/2010,AEG,NM,ASW,WE,Federal Contract Tower,0,0,12,0,12,0,1,86,5,92,0,1,98,5,104,138,0,138,242
09/18/2010,AEG,NM,ASW,WE,Federal Contract Tower,0,3,8,1,12,0,8,94,8,110,0,11,102,9,122,130,0,130,252
09/19/2010,AEG,NM,ASW,WE,Federal Contract Tower,0,3,6,0,9,0,4,85,1,90,0,7,91,1,99,72,0,72,171
09/20/2010,AEG,NM,ASW,WE,Federal Contract Tower,0,0,7,1,8,0,4,56,0,60,0,4,63,1,68,128,0,128,196
09/21/2010,AEG,NM,ASW,WE,Federal Contract Tower,0,6,10,3,19,0,13,63,5,81,0,19,73,8,100,110,14,124,224
09/22/2010,AEG,NM,ASW,WE,Federal Contract Tower,0,4,9,0,13,0,4,25,0,29,0,8,34,0,42,50,0,50,92
09/23/2010,AEG,NM,ASW,WE,Federal Contract Tower,0,2,19,0,21,0,13,45,2,60,0,15,64,2,81,196,4,200,281
09/24/2010,AEG,NM,ASW,WE,Federal Contract Tower,0,0,17,0,17,0,2,99,0,101,0,2,116,0,118,132,0,132,250
09/25/2010,AEG,NM,ASW,WE,Federal Contract Tower,0,7,7,0,14,0,6,106,0,112,0,13,113,0,126,116,0,116,242
09/26/2010,AEG,NM,ASW,WE,Federal Contract Tower,0,0,13,0,13,0,3,82,0,85,0,3,95,0,98,146,0,146,244
09/27/2010,AEG,NM,ASW,WE,Federal Contract Tower,0,4,10,0,14,0,10,72,0,82,0,14,82,0,96,124,0,124,220
09/28/2010,AEG,NM,ASW,WE,Federal Contract Tower,0,6,3,0,9,0,5,28,0,33,0,11,31,0,42,76,0,76,118
09/29/2010,AEG,NM,ASW,WE,Federal Contract Tower,0,0,10,0,10,0,8,71,3,82,0,8,81,3,92,38,0,38,130
09/30/2010,AEG,NM,ASW,WE,Federal Contract Tower,0,0,17,2,19,0,1,55,15,71,0,1,72,17,90,88,30,118,208
10/01/2010,AEG,NM,ASW,WE,Federal Contract Tower,0,0,14,1,15,0,5,87,22,114,0,5,101,23,129,86,4,90,219
10/02/2010,AEG,NM,ASW,WE,Federal Contract Tower,0,0,8,0,8,0,8,97,4,109,0,8,105,4,117,98,0,98,215
10/03/2010,AEG,NM,ASW,WE,Federal Contract Tower,0,0,12,1,13,0,0,86,19,105,0,0,98,20,118,94,12,106,224
10/04/2010,AEG,NM,ASW,WE,Federal Contract Tower,0,1,6,0,7,0,1,48,22,71,0,2,54,22,78,50,16,66,144
10/05/2010,AEG,NM,ASW,WE,Federal Contract Tower,0,0,8,0,8,0,9,52,14,75,0,9,60,14,83,82,0,82,165
10/06/2010,AEG,NM,ASW,WE,Federal Contract Tower,0,0,8,0,8,0,3,52,6,61,0,3,60,6,69,70,56,126,195
10/07/2010,AEG,NM,ASW,WE,Federal Contract Tower,0,0,8,0,8,0,6,72,4,82,0,6,80,4,90,58,12,70,160
10/08/2010,AEG,NM,ASW,WE,Federal Contract Tower,0,1,14,0,15,0,1,88,14,103,0,2,102,14,118,58,6,64,182
10/09/2010,AEG,NM,ASW,WE,Federal Contract Tower,0,0,10,0,10,0,3,89,11,103,0,3,99,11,113,58,0,58,171
10/10/2010,AEG,NM,ASW,WE,Federal Contract Tower,0,2,13,0,15,0,10,96,10,116,0,12,109,10,131,88,0,88,219
10/11/2010,AEG,NM,ASW,WE,Federal Contract Tower,0,0,13,0,13,0,4,52,13,69,0,4,65,13,82,78,0,78,160
10/12/2010,AEG,NM,ASW,WE,Federal Contract Tower,0,3,9,1,13,0,3,52,11,66,0,6,61,12,79,62,0,62,141
10/13/2010,AEG,NM,ASW,WE,Federal Contract Tower,0,3,18,0,21,0,4,64,9,77,0,7,82,9,98,60,0,60,158
10/14/2010,AEG,NM,ASW,WE,Federal Contract Tower,0,0,12,0,12,0,4,70,15,89,0,4,82,15,101,44,0,44,145
10/15/2010,AEG,NM,ASW,WE,Federal Contract Tower,0,1,11,0,12,0,4,86,29,119,0,5,97,29,131,146,2,148,279
10/16/2010,AEG,NM,ASW,WE,Federal Contract Tower,0,0,6,0,6,0,4,90,11,105,0,4,96,11,111,88,0,88,199
10/17/2010,AEG,NM,ASW,WE,Federal Contract Tower,0,1,10,0,11,0,3,94,5,102,0,4,104,5,113,94,12,106,219
10/18/2010,AEG,NM,ASW,WE,Federal Contract Tower,0,0,8,4,12,0,2,41,9,52,0,2,49,13,64,42,4,46,110
10/19/2010,AEG,NM,ASW,WE,Federal Contract Tower,0,0,11,2,13,0,0,66,6,72,0,0,77,8,85,94,6,100,185
10/20/2010,AEG,NM,ASW,WE,Federal Contract Tower,0,2,15,0,17,0,6,52,2,60,0,8,67,2,77,46,0,46,123
10/21/2010,AEG,NM,ASW,WE,Federal Contract Tower,0,1,9,0,10,0,7,53,2,62,0,8,62,2,72,42,0,42,114
10/22/2010,AEG,NM,ASW,WE,Federal Contract Tower,0,1,17,0,18,0,2,57,0,59,0,3,74,0,77,98,0,98,175
10/23/2010,AEG,NM,ASW,WE,Federal Contract Tower,0,0,4,0,4,0,0,85,0,85,0,0,89,0,89,178,0,178,267
10/24/2010,AEG,NM,ASW,WE,Federal Contract Tower,0,0,3,0,3,0,5,79,1,85,0,5,82,1,88,108,0,108,196
10/25/2010,AEG,NM,ASW,WE,Federal Contract Tower,0,2,9,0,11,0,0,19,1,20,0,2,28,1,31,4,0,4,35
10/26/2010,AEG,NM,ASW,WE,Federal Contract Tower,0,2,19,1,22,0,11,75,4,90,0,13,94,5,112,90,0,90,202
10/27/2010,AEG,NM,ASW,WE,Federal Contract Tower,0,0,14,1,15,0,0,47,3,50,0,0,61,4,65,54,4,58,123
10/28/2010,AEG,NM,ASW,WE,Federal Contract Tower,0,0,20,0,20,0,2,75,0,77,0,2,95,0,97,148,0,148,245
10/29/2010,AEG,NM,ASW,WE,Federal Contract Tower,0,6,6,0,12,0,6,70,0,76,0,12,76,0,88,134,0,134,222
10/30/2010,AEG,NM,ASW,WE,Federal Contract Tower,0,0,4,0,4,0,5,175,0,180,0,5,179,0,184,118,0,118,302
10/31/2010,AEG,NM,ASW,WE,Federal Contract Tower,0,0,12,0,12,0,3,93,0,96,0,3,105,0,108,140,0,140,248
11/01/2010,AEG,NM,ASW,WE,Federal Contract Tower,0,2,9,0,11,0,6,59,0,65,0,8,68,0,76,136,0,136,212
11/02/2010,AEG,NM,ASW,WE,Federal Contract Tower,0,0,22,1,23,0,6,64,5,75,0,6,86,6,98,78,40,118,216
11/03/2010,AEG,NM,ASW,WE,Federal Contract Tower,0,0,6,0,6,0,3,51,0,54,0,3,57,0,60,80,6,86,146
11/04/2010,AEG,NM,ASW,WE,Federal Contract Tower,0,1,19,0,20,0,3,65,0,68,0,4,84,0,88,176,0,176,264
11/05/2010,AEG,NM,ASW,WE,Federal Contract Tower,0,2,21,0,23,0,1,87,0,88,0,3,108,0,111,106,0,106,217
11/06/2010,AEG,NM,ASW,WE,Federal Contract Tower,0,0,13,0,13,0,7,118,0,125,0,7,131,0,138,156,0,156,294
11/07/2010,AEG,NM,ASW,WE,Federal Contract Tower,0,1,11,0,12,0,4,114,0,118,0,5,125,0,130,126,0,126,256
11/08/2010,AEG,NM,ASW,WE,Federal Contract Tower,0,0,24,0,24,0,3,60,0,63,0,3,84,0,87,154,0,154,241
11/09/2010,AEG,NM,ASW,WE,Federal Contract Tower,0,0,16,2,18,0,2,37,4,43,0,2,53,6,61,10,4,14,75
11/10/2010,AEG,NM,ASW,WE,Federal Contract Tower,0,0,10,0,10,0,2,75,0,77,0,2,85,0,87,130,12,142,229
11/11/2010,AEG,NM,ASW,WE,Federal Contract Tower,0,1,21,0,22,0,7,70,1,78,0,8,91,1,100,78,16,94,194
11/12/2010,AEG,NM,ASW,WE,Federal Contract Tower,0,0,8,0,8,0,5,82,0,87,0,5,90,0,95,172,0,172,267
11/13/2010,AEG,NM,ASW,WE,Federal Contract Tower,0,0,13,0,13,0,4,98,0,102,0,4,111,0,115,122,0,122,237
11/14/2010,AEG,NM,ASW,WE,Federal Contract Tower,0,0,9,0,9,0,1,73,0,74,0,1,82,0,83,40,0,40,123
11/15/2010,AEG,NM,ASW,WE,Federal Contract Tower,0,1,9,1,11,0,0,27,1,28,0,1,36,2,39,12,0,12,51
11/16/2010,AEG,NM,ASW,WE,Federal Contract Tower,0,0,13,0,13,0,6,45,0,51,0,6,58,0,64,68,0,68,132
11/17/2010,AEG,NM,ASW,WE,Federal Contract Tower,0,0,13,0,13,0,6,44,0,50,0,6,57,0,63,36,0,36,99
11/18/2010,AEG,NM,ASW,WE,Federal Contract Tower,0,2,11,0,13,0,9,88,2,99,0,11,99,2,112,122,0,122,234
11/19/2010,AEG,NM,ASW,WE,Federal Contract Tower,0,0,33,0,33,0,1,114,0,115,0,1,147,0,148,210,0,210,358
11/20/2010,AEG,NM,ASW,WE,Federal Contract Tower,0,10,13,0,23,0,18,91,0,109,0,28,104,0,132,112,0,112,244
11/21/2010,AEG,NM,ASW,WE,Federal Contract Tower,0,0,13,0,13,0,6,15,0,21,0,6,28,0,34,20,0,20,54
11/22/2010,AEG,NM,ASW,WE,Federal Contract Tower,0,2,4,0,6,0,3,12,0,15,0,5,16,0,21,24,0,24,45
11/23/2010,AEG,NM,ASW,WE,Federal Contract Tower,0,2,11,3,16,0,5,48,1,54,0,7,59,4,70,36,0,36,106
11/24/2010,AEG,NM,ASW,WE,Federal Contract Tower,0,2,7,1,10,0,3,29,1,33,0,5,36,2,43,24,6,30,73
11/25/2010,AEG,NM,ASW,WE,Federal Contract Tower,0,1,3,0,4,0,7,10,0,17,0,8,13,0,21,0,0,0,21
11/26/2010,AEG,NM,ASW,WE,Federal Contract Tower,0,1,5,0,6,0,8,51,0,59,0,9,56,0,65,74,0,74,139
11/27/2010,AEG,NM,ASW,WE,Federal Contract Tower,0,0,3,0,3,0,3,99,0,102,0,3,102,0,105,146,0,146,251
11/28/2010,AEG,NM,ASW,WE,Federal Contract Tower,0,1,3,0,4,0,4,52,0,56,0,5,55,0,60,124,0,124,184
11/29/2010,AEG,NM,ASW,WE,Federal Contract Tower,0,2,8,0,10,0,4,23,0,27,0,6,31,0,37,62,0,62,99
11/30/2010,AEG,NM,ASW,WE,Federal Contract Tower,0,0,6,0,6,0,2,51,0,53,0,2,57,0,59,52,0,52,111
12/01/2010,AEG,NM,ASW,WE,Federal Contract Tower,0,0,7,0,7,0,7,54,1,62,0,7,61,1,69,90,0,90,159
12/02/2010,AEG,NM,ASW,WE,Federal Contract Tower,0,4,8,6,18,0,3,82,2,87,0,7,90,8,105,126,6,132,237
12/03/2010,AEG,NM,ASW,WE,Federal Contract Tower,0,4,8,0,12,0,2,90,10,102,0,6,98,10,114,172,2,174,288
12/04/2010,AEG,NM,ASW,WE,Federal Contract Tower,0,6,14,0,20,0,7,106,9,122,0,13,120,9,142,192,0,192,334
12/05/2010,AEG,NM,ASW,WE,Federal Contract Tower,0,4,14,0,18,0,6,115,2,123,0,10,129,2,141,276,0,276,417
12/06/2010,AEG,NM,ASW,WE,Federal Contract Tower,0,7,10,0,17,0,11,43,7,61,0,18,53,7,78,82,2,84,162
12/07/2010,AEG,NM,ASW,WE,Federal Contract Tower,0,0,7,0,7,0,2,26,5,33,0,2,33,5,40,10,0,10,50
12/08/2010,AEG,NM,ASW,WE,Federal Contract Tower,0,0,4,2,6,0,0,67,8,75,0,0,71,10,81,102,6,108,189
12/09/2010,AEG,NM,ASW,WE,Federal Contract Tower,0,1,8,1,10,0,1,75,5,81,0,2,83,6,91,154,6,160,251
12/10/2010,AEG,NM,ASW,WE,Federal Contract Tower,0,2,11,2,15,0,5,88,5,98,0,7,99,7,113,110,4,114,227
12/11/2010,AEG,NM,ASW,WE,Federal Contract Tower,0,4,7,0,11,0,10,52,0,62,0,14,59,0,73,78,0,78,151
12/12/2010,AEG,NM,ASW,WE,Federal Contract Tower,0,0,9,0,9,0,2,103,3,108,0,2,112,3,117,200,0,200,317
12/13/2010,AEG,NM,ASW,WE,Federal Contract Tower,0,2,15,0,17,0,6,51,0,57,0,8,66,0,74,104,0,104,178
12/14/2010,AEG,NM,ASW,WE,Federal Contract Tower,0,0,9,2,11,0,7,80,0,87,0,7,89,2,98,146,2,148,246
12/15/2010,AEG,NM,ASW,WE,Federal Contract Tower,0,0,7,1,8,0,0,45,3,48,0,0,52,4,56,28,16,44,100
12/16/2010,AEG,NM,ASW,WE,Federal Contract Tower,0,0,2,0,2,0,0,1,0,1,0,0,3,0,3,0,0,0,3
12/17/2010,AEG,NM,ASW,WE,Federal Contract Tower,0,1,1,4,6,0,3,8,2,13,0,4,9,6,19,0,6,6,25
12/18/2010,AEG,NM,ASW,WE,Federal Contract Tower,0,0,17,0,17,0,2,85,4,91,0,2,102,4,108,196,0,196,304
12/19/2010,AEG,NM,ASW,WE,Federal Contract Tower,0,2,15,0,17,0,1,52,0,53,0,3,67,0,70,70,0,70,140
12/20/2010,AEG,NM,ASW,WE,Federal Contract Tower,0,1,13,2,16,0,8,42,1,51,0,9,55,3,67,94,6,100,167
12/21/2010,AEG,NM,ASW,WE,Federal Contract Tower,0,3,14,2,19,0,3,65,0,68,0,6,79,2,87,158,4,162,249
12/22/2010,AEG,NM,ASW,WE,Federal Contract Tower,0,3,22,1,26,0,6,74,1,81,0,9,96,2,107,172,8,180,287
12/23/2010,AEG,NM,ASW,WE,Federal Contract Tower,0,4,11,0,15,0,2,40,0,42,0,6,51,0,57,160,0,160,217
12/24/2010,AEG,NM,ASW,WE,Federal Contract Tower,0,0,9,0,9,0,3,79,0,82,0,3,88,0,91,130,0,130,221
12/25/2010,AEG,NM,ASW,WE,Federal Contract Tower,0,2,0,0,2,0,1,26,0,27,0,3,26,0,29,60,0,60,89
12/26/2010,AEG,NM,ASW,WE,Federal Contract Tower,0,3,9,0,12,0,3,85,0,88,0,6,94,0,100,62,0,62,162
12/27/2010,AEG,NM,ASW,WE,Federal Contract Tower,0,6,11,0,17,0,8,58,0,66,0,14,69,0,83,162,0,162,245
12/28/2010,AEG,NM,ASW,WE,Federal Contract Tower,0,5,8,0,13,0,8,96,2,106,0,13,104,2,119,160,0,160,279
12/29/2010,AEG,NM,ASW,WE,Federal Contract Tower,0,0,8,1,9,0,0,51,1,52,0,0,59,2,61,118,0,118,179
12/30/2010,AEG,NM,ASW,WE,Federal Contract Tower,0,1,3,0,4,0,1,13,0,14,0,2,16,0,18,4,0,4,22
12/31/2010,AEG,NM,ASW,WE,Federal Contract Tower,0,0,2,0,2,0,5,22,0,27,0,5,24,0,29,40,0,40,69
01/01/2011,AEG,NM,ASW,WE,Federal Contract Tower,0,0,3,0,3,0,4,23,0,27,0,4,26,0,30,26,0,26,56
01/02/2011,AEG,NM,ASW,WE,Federal Contract Tower,0,0,4,0,4,0,4,65,0,69,0,4,69,0,73,84,0,84,157
01/03/2011,AEG,NM,ASW,WE,Federal Contract Tower,0,0,11,0,11,0,2,47,0,49,0,2,58,0,60,84,0,84,144
01/04/2011,AEG,NM,ASW,WE,Federal Contract Tower,0,0,8,0,8,0,2,49,2,53,0,2,57,2,61,66,0,66,127
01/05/2011,AEG,NM,ASW,WE,Federal Contract Tower,0,1,3,0,4,0,3,62,0,65,0,4,65,0,69,89,0,89,158
01/06/2011,AEG,NM,ASW,WE,Federal Contract Tower,0,3,8,0,11,0,15,72,3,90,0,18,80,3,101,176,4,180,281
01/07/2011,AEG,NM,ASW,WE,Federal Contract Tower,0,3,21,0,24,0,5,87,0,92,0,8,108,0,116,222,0,222,338
01/08/2011,AEG,NM,ASW,WE,Federal Contract Tower,0,0,6,0,6,0,4,101,0,105,0,4,107,0,111,160,0,160,271
01/09/2011,AEG,NM,ASW,WE,Federal Contract Tower,0,0,5,0,5,0,3,72,0,75,0,3,77,0,80,118,0,118,198
01/10/2011,AEG,NM,ASW,WE,Federal Contract Tower,0,15,0,4,19,0,5,18,0,23,0,20,18,4,42,92,4,96,138
01/11/2011,AEG,NM,ASW,WE,Federal Contract Tower,0,2,11,0,13,0,11,55,0,66,0,13,66,0,79,112,0,112,191
01/12/2011,AEG,NM,ASW,WE,Federal Contract Tower,0,2,8,1,11,0,0,32,1,33,0,2,40,2,44,90,0,90,134
01/13/2011,AEG,NM,ASW,WE,Federal Contract Tower,0,0,14,2,16,0,3,76,2,81,0,3,90,4,97,78,12,90,187
01/14/2011,AEG,NM,ASW,WE,Federal Contract Tower,0,0,7,2,9,0,4,52,0,56,0,4,59,2,65,68,2,70,135
01/15/2011,AEG,NM,ASW,WE,Federal Contract Tower,0,0,5,0,5,0,0,130,0,130,0,0,135,0,135,246,0,246,381
01/16/2011,AEG,NM,ASW,WE,Federal Contract Tower,0,0,4,0,4,0,2,93,0,95,0,2,97,0,99,126,0,126,225
01/17/2011,AEG,NM,ASW,WE,Federal Contract Tower,0,0,8,5,13,0,0,50,0,50,0,0,58,5,63,104,5,109,172
01/18/2011,AEG,NM,ASW,WE,Federal Contract Tower,0,2,14,0,16,0,3,66,0,69,0,5,80,0,85,130,0,130,215
01/19/2011,AEG,NM,ASW,WE,Federal Contract Tower,0,0,16,0,16,0,6,57,0,63,0,6,73,0,79,114,0,114,193
01/20/2011,AEG,NM,ASW,WE,Federal Contract Tower,0,0,9,1,10,0,2,73,1,76,0,2,82,2,86,136,2,138,224
01/21/2011,AEG,NM,ASW,WE,Federal Contract Tower,0,0,12,0,12,0,2,63,0,65,0,2,75,0,77,96,0,96,173
01/22/2011,AEG,NM,ASW,WE,Federal Contract Tower,0,0,3,0,3,0,0,97,2,99,0,0,100,2,102,148,0,148,250
01/23/2011,AEG,NM,ASW,WE,Federal Contract Tower,0,0,13,0,13,0,5,82,0,87,0,5,95,0,100,86,0,86,186
01/24/2011,AEG,NM,ASW,WE,Federal Contract Tower,0,0,8,0,8,0,0,50,0,50,0,0,58,0,58,104,0,104,162
01/25/2011,AEG,NM,ASW,WE,Federal Contract Tower,0,0,7,0,7,0,3,46,0,49,0,3,53,0,56,60,0,60,116
01/26/2011,AEG,NM,ASW,WE,Federal Contract Tower,0,2,14,0,16,0,6,56,0,62,0,8,70,0,78,46,0,46,124
01/27/2011,AEG,NM,ASW,WE,Federal Contract Tower,0,6,7,0,13,0,11,90,0,101,0,17,97,0,114,154,0,154,268
01/28/2011,AEG,NM,ASW,WE,Federal Contract Tower,0,12,19,0,31,0,6,101,0,107,0,18,120,0,138,152,0,152,290
01/29/2011,AEG,NM,ASW,WE,Federal Contract Tower,0,0,10,0,10,0,2,100,0,102,0,2,110,0,112,146,0,146,258
01/30/2011,AEG,NM,ASW,WE,Federal Contract Tower,0,8,9,0,17,0,2,102,0,104,0,10,111,0,121,138,0,138,259
01/31/2011,AEG,NM,ASW,WE,Federal Contract Tower,0,15,8,0,23,0,8,18,0,26,0,23,26,0,49,90,0,90,139
02/01/2011,AEG,NM,ASW,WE,Federal Contract Tower,0,5,1,0,6,0,0,0,0,0,0,5,1,0,6,0,0,0,6
02/02/2011,AEG,NM,ASW,WE,Federal Contract Tower,0,9,0,4,13,0,9,6,0,15,0,18,6,4,28,12,0,12,40
02/03/2011,AEG,NM,ASW,WE,Federal Contract Tower,0,1,3,0,4,0,4,41,5,50,0,5,44,5,54,34,0,34,88
02/04/2011,AEG,NM,ASW,WE,Federal Contract Tower,0,2,7,0,9,0,3,45,7,55,0,5,52,7,64,72,0,72,136
02/05/2011,AEG,NM,ASW,WE,Federal Contract Tower,0,1,5,0,6,0,5,60,1,66,0,6,65,1,72,152,0,152,224
02/06/2011,AEG,NM,ASW,WE,Federal Contract Tower,0,0,0,0,0,0,5,16,0,21,0,5,16,0,21,0,0,0,21
02/07/2011,AEG,NM,ASW,WE,Federal Contract Tower,0,1,13,2,16,0,2,77,5,84,0,3,90,7,100,116,0,116,216
02/08/2011,AEG,NM,ASW,WE,Federal Contract Tower,0,1,4,0,5,0,1,22,1,24,0,2,26,1,29,14,0,14,43
02/09/2011,AEG,NM,ASW,WE,Federal Contract Tower,0,3,8,0,11,0,5,43,11,59,0,8,51,11,70,44,0,44,114
02/10/2011,AEG,NM,ASW,WE,Federal Contract Tower,0,1,11,0,12,0,5,71,16,92,0,6,82,16,104,84,18,102,206
02/11/2011,AEG,NM,ASW,WE,Federal Contract Tower,0,2,22,0,24,0,3,70,20,93,0,5,92,20,117,70,4,74,191
02/12/2011,AEG,NM,ASW,WE,Federal Contract Tower,0,3,10,0,13,0,8,118,4,130,0,11,128,4,143,210,0,210,353
02/13/2011,AEG,NM,ASW,WE,Federal Contract Tower,0,0,2,0,2,0,4,108,5,117,0,4,110,5,119,178,0,178,297
02/14/2011,AEG,NM,ASW,WE,Federal Contract Tower,0,13,3,0,16,0,4,64,4,72,0,17,67,4,88,90,0,90,178
02/15/2011,AEG,NM,ASW,WE,Federal Contract Tower,0,10,12,0,22,0,13,78,12,103,0,23,90,12,125,164,4,168,293
02/16/2011,AEG,NM,ASW,WE,Federal Contract Tower,0,5,19,0,24,0,12,70,5,87,0,17,89,5,111,102,0,102,213
02/17/2011,AEG,NM,ASW,WE,Federal Contract Tower,0,0,7,0,7,0,3,26,6,35,0,3,33,6,42,8,0,8,50
02/18/2011,AEG,NM,ASW,WE,Federal Contract Tower,0,7,15,0,22,0,6,43,9,58,0,13,58,9,80,100,0,100,180
02/19/2011,AEG,NM,ASW,WE,Federal Contract Tower,0,0,4,0,4,0,0,62,0,62,0,0,66,0,66,119,0,119,185
02/20/2011,AEG,NM,ASW,WE,Federal Contract Tower,0,1,4,0,5,0,3,13,0,16,0,4,17,0,21,30,0,30,51
02/21/2011,AEG,NM,ASW,WE,Federal Contract Tower,0,5,9,0,14,0,5,62,1,68,0,10,71,1,82,160,0,160,242
02/22/2011,AEG,NM,ASW,WE,Federal Contract Tower,0,4,6,0,10,0,6,53,0,59,0,10,59,0,69,36,0,36,105
02/23/2011,AEG,NM,ASW,WE,Federal Contract Tower,0,0,17,0,17,0,4,77,0,81,0,4,94,0,98,126,0,126,224
02/24/2011,AEG,NM,ASW,WE,Federal Contract Tower,0,1,10,1,12,0,1,51,1,53,0,2,61,2,65,42,0,42,107
02/25/2011,AEG,NM,ASW,WE,Federal Contract Tower,0,0,3,0,3,0,5,56,0,61,0,5,59,0,64,132,0,132,196
02/26/2011,AEG,NM,ASW,WE,Federal Contract Tower,0,5,8,0,13,0,4,79,0,83,0,9,87,0,96,180,0,180,276
02/27/2011,AEG,NM,ASW,WE,Federal Contract Tower,0,0,7,0,7,0,0,23,0,23,0,0,30,0,30,18,0,18,48
02/28/2011,AEG,NM,ASW,WE,Federal Contract Tower,0,17,22,0,39,0,9,79,0,88,0,26,101,0,127,200,0,200,327
03/01/2011,AEG,NM,ASW,WE,Federal Contract Tower,0,15,12,2,29,0,2,70,14,86,0,17,82,16,115,150,0,150,265
03/02/2011,AEG,NM,ASW,WE,Federal Contract Tower,0,0,12,6,18,0,8,61,11,80,0,8,73,17,98,68,0,68,166
03/03/2011,AEG,NM,ASW,WE,Federal Contract Tower,0,6,11,2,19,0,8,74,2,84,0,14,85,4,103,92,2,94,197
03/04/2011,AEG,NM,ASW,WE,Federal Contract Tower,0,3,8,2,13,1,1,33,0,35,1,4,41,2,48,22,4,26,74
03/05/2011,AEG,NM,ASW,WE,Federal Contract Tower,0,0,8,0,8,0,3,128,2,133,0,3,136,2,141,208,0,208,349
03/06/2011,AEG,NM,ASW,WE,Federal Contract Tower,0,4,8,2,14,0,1,77,0,78,0,5,85,2,92,204,0,204,296
03/07/2011,AEG,NM,ASW,WE,Federal Contract Tower,0,2,3,0,5,0,7,20,0,27,0,9,23,0,32,54,0,54,86
03/08/2011,AEG,NM,ASW,WE,Federal Contract Tower,0,0,5,6,11,0,9,19,1,29,0,9,24,7,40,72,20,92,132
03/09/2011,AEG,NM,ASW,WE,Federal Contract Tower,0,5,9,5,19,0,7,39,13,59,0,12,48,18,78,28,0,28,106
03/10/2011,AEG,NM,ASW,WE,Federal Contract Tower,0,4,14,0,18,0,7,84,4,95,0,11,98,4,113,194,0,194,307
03/11/2011,AEG,NM,ASW,WE,Federal Contract Tower,0,7,7,0,14,0,14,78,6,98,0,21,85,6,112,128,0,128,240
03/12/2011,AEG,NM,ASW,WE,Federal Contract Tower,0,0,6,0,6,0,7,118,1,126,0,7,124,1,132,116,0,116,248
03/13/2011,AEG,NM,ASW,WE,Federal Contract Tower,0,0,9,2,11,0,3,50,1,54,0,3,59,3,65,48,0,48,113
03/14/2011,AEG,NM,ASW,WE,Federal Contract Tower,0,10,19,0,29,0,5,73,0,78,0,15,92,0,107,162,0,162,269
03/15/2011,AEG,NM,ASW,WE,Federal Contract Tower,0,16,21,0,37,0,6,115,0,121,0,22,136,0,158,162,0,162,320
03/16/2011,AEG,NM,ASW,WE,Federal Contract Tower,0,6,23,0,29,0,6,70,0,76,0,12,93,0,105,86,0,86,191
03/17/2011,AEG,NM,ASW,WE,Federal Contract Tower,0,2,14,2,18,0,5,44,1,50,0,7,58,3,68,42,2,44,112
03/18/2011,AEG,NM,ASW,WE,Federal Contract Tower,0,2,10,0,12,0,9,78,2,89,0,11,88,2,101,138,0,138,239
03/19/2011,AEG,NM,ASW,WE,Federal Contract Tower,0,1,12,0,13,0,1,75,0,76,0,2,87,0,89,102,0,102,191
03/20/2011,AEG,NM,ASW,WE,Federal Contract Tower,0,0,4,0,4,0,5,105,0,110,0,5,109,0,114,170,0,170,284
03/21/2011,AEG,NM,ASW,WE,Federal Contract Tower,0,7,7,6,20,0,1,20,0,21,0,8,27,6,41,26,6,32,73
03/22/2011,AEG,NM,ASW,WE,Federal Contract Tower,0,0,17,1,18,0,4,19,1,24,0,4,36,2,42,22,0,22,64
03/23/2011,AEG,NM,ASW,WE,Federal Contract Tower,0,3,18,1,22,0,12,100,1,113,0,15,118,2,135,180,0,180,315
03/24/2011,AEG,NM,ASW,WE,Federal Contract Tower,0,1,8,9,18,0,6,43,1,50,0,7,51,10,68,42,0,42,110
03/25/2011,AEG,NM,ASW,WE,Federal Contract Tower,0,0,23,0,23,0,1,69,7,77,0,1,92,7,100,64,0,64,164
03/26/2011,AEG,NM,ASW,WE,Federal Contract Tower,0,1,13,0,14,0,4,122,9,135,0,5,135,9,149,172,0,172,321
03/27/2011,AEG,NM,ASW,WE,Federal Contract Tower,0,0,20,0,20,0,2,63,14,79,0,2,83,14,99,106,0,106,205
03/28/2011,AEG,NM,ASW,WE,Federal Contract Tower,0,0,5,2,7,0,5,53,12,70,0,5,58,14,77,60,0,60,137
03/29/2011,AEG,NM,ASW,WE,Federal Contract Tower,0,2,5,0,7,0,3,77,8,88,0,5,82,8,95,108,0,108,203
03/30/2011,AEG,NM,ASW,WE,Federal Contract Tower,0,8,1,0,9,0,9,22,5,36,0,17,23,5,45,28,0,28,73
03/31/2011,AEG,NM,ASW,WE,Federal Contract Tower,0,8,5,0,13,0,15,55,1,71,0,23,60,1,84,26,0,26,110
04/01/2011,AEG,NM,ASW,WE,Federal Contract Tower,0,6,6,0,12,0,12,97,2,111,0,18,103,2,123,182,0,182,305
04/02/2011,AEG,NM,ASW,WE,Federal Contract Tower,0,0,7,0,7,0,1,147,2,150,0,1,154,2,157,144,0,144,301
04/03/2011,AEG,NM,ASW,WE,Federal Contract Tower,0,0,4,0,4,0,0,30,0,30,0,0,34,0,34,34,0,34,68
04/04/2011,AEG,NM,ASW,WE,Federal Contract Tower,0,4,6,1,11,0,15,39,3,57,0,19,45,4,68,44,10,54,122
04/05/2011,AEG,NM,ASW,WE,Federal Contract Tower,0,4,6,0,10,0,4,79,0,83,0,8,85,0,93,150,0,150,243
04/06/2011,AEG,NM,ASW,WE,Federal Contract Tower,0,1,13,0,14,0,8,55,0,63,0,9,68,0,77,72,0,72,149
04/07/2011,AEG,NM,ASW,WE,Federal Contract Tower,0,0,3,0,3,0,2,33,0,35,0,2,36,0,38,28,0,28,66
04/08/2011,AEG,NM,ASW,WE,Federal Contract Tower,0,3,4,0,7,0,1,34,0,35,0,4,38,0,42,22,0,22,64
04/09/2011,AEG,NM,ASW,WE,Federal Contract Tower,0,0,5,0,5,0,0,16,0,16,0,0,21,0,21,26,0,26,47
04/10/2011,AEG,NM,ASW,WE,Federal Contract Tower,0,0,2,0,2,0,2,23,0,25,0,2,25,0,27,12,0,12,39
04/11/2011,AEG,NM,ASW,WE,Federal Contract Tower,0,3,18,0,21,0,1,89,0,90,0,4,107,0,111,150,0,150,261
04/12/2011,AEG,NM,ASW,WE,Federal Contract Tower,0,3,5,0,8,0,3,66,2,71,0,6,71,2,79,154,0,154,233
04/13/2011,AEG,NM,ASW,WE,Federal Contract Tower,0,2,10,0,12,0,5,82,5,92,0,7,92,5,104,130,0,130,234
04/14/2011,AEG,NM,ASW,WE,Federal Contract Tower,0,0,6,0,6,0,8,17,0,25,0,8,23,0,31,6,0,6,37
04/15/2011,AEG,NM,ASW,WE,Federal Contract Tower,0,2,11,0,13,0,5,54,22,81,0,7,65,22,94,52,30,82,176
04/16/2011,AEG,NM,ASW,WE,Federal Contract Tower,0,0,8,0,8,0,5,115,20,140,0,5,123,20,148,124,6,130,278
04/17/2011,AEG,NM,ASW,WE,Federal Contract Tower,0,1,6,0,7,0,1,54,0,55,0,2,60,0,62,66,0,66,128
04/18/2011,AEG,NM,ASW,WE,Federal Contract Tower,0,0,11,0,11,0,2,31,2,35,0,2,42,2,46,68,0,68,114
04/19/2011,AEG,NM,ASW,WE,Federal Contract Tower,0,0,7,0,7,0,4,25,3,32,0,4,32,3,39,10,10,20,59
04/20/2011,AEG,NM,ASW,WE,Federal Contract Tower,0,1,12,0,13,0,2,74,6,82,0,3,86,6,95,162,16,178,273
04/21/2011,AEG,NM,ASW,WE,Federal Contract Tower,0,1,19,0,20,0,6,54,7,67,0,7,73,7,87,56,0,56,143
04/22/2011,AEG,NM,ASW,WE,Federal Contract Tower,0,6,9,2,17,0,6,82,4,92,0,12,91,6,109,150,0,150,259
04/23/2011,AEG,NM,ASW,WE,Federal Contract Tower,0,1,10,0,11,0,3,107,4,114,0,4,117,4,125,142,0,142,267
04/24/2011,AEG,NM,ASW,WE,Federal Contract Tower,0,0,7,0,7,0,6,28,1,35,0,6,35,1,42,60,2,62,104
04/25/2011,AEG,NM,ASW,WE,Federal Contract Tower,0,5,12,0,17,0,2,28,3,33,0,7,40,3,50,46,12,58,108
04/26/2011,AEG,NM,ASW,WE,Federal Contract Tower,0,0,7,0,7,0,2,6,2,10,0,2,13,2,17,0,0,0,17
04/27/2011,AEG,NM,ASW,WE,Federal Contract Tower,0,2,5,0,7,0,8,43,4,55,0,10,48,4,62,46,0,46,108
04/28/2011,AEG,NM,ASW,WE,Federal Contract Tower,0,2,12,3,17,0,7,101,0,108,0,9,113,3,125,180,0,180,305
04/29/2011,AEG,NM,ASW,WE,Federal Contract Tower,0,1,8,3,12,0,2,33,1,36,0,3,41,4,48,42,10,52,100
04/30/2011,AEG,NM,ASW,WE,Federal Contract Tower,0,2,2,0,4,0,2,62,0,64,0,4,64,0,68,74,0,74,142
05/01/2011,AEG,NM,ASW,WE,Federal Contract Tower,0,1,3,0,4,0,0,2,0,2,0,1,5,0,6,0,0,0,6
05/02/2011,AEG,NM,ASW,WE,Federal Contract Tower,0,0,7,0,7,0,1,53,0,54,0,1,60,0,61,96,0,96,157
05/03/2011,AEG,NM,ASW,WE,Federal Contract Tower,0,1,27,0,28,0,3,85,1,89,0,4,112,1,117,104,0,104,221
05/04/2011,AEG,NM,ASW,WE,Federal Contract Tower,0,2,6,0,8,0,5,54,4,63,0,7,60,4,71,148,0,148,219
05/05/2011,AEG,NM,ASW,WE,Federal Contract Tower,0,0,24,0,24,0,1,98,8,107,0,1,122,8,131,204,0,204,335
05/06/2011,AEG,NM,ASW,WE,Federal Contract Tower,0,0,7,8,15,0,1,99,9,109,0,1,106,17,124,164,10,174,298
05/07/2011,AEG,NM,ASW,WE,Federal Contract Tower,0,0,12,0,12,0,18,139,6,163,0,18,151,6,175,130,0,130,305
05/08/2011,AEG,NM,ASW,WE,Federal Contract Tower,0,0,4,0,4,0,10,53,0,63,0,10,57,0,67,56,0,56,123
05/09/2011,AEG,NM,ASW,WE,Federal Contract Tower,0,1,11,0,12,0,4,30,1,35,0,5,41,1,47,20,0,20,67
05/10/2011,AEG,NM,ASW,WE,Federal Contract Tower,0,0,15,2,17,0,0,49,2,51,0,0,64,4,68,114,0,114,182
05/11/2011,AEG,NM,ASW,WE,Federal Contract Tower,0,1,12,0,13,0,2,42,9,53,0,3,54,9,66,54,6,60,126
05/12/2011,AEG,NM,ASW,WE,Federal Contract Tower,0,4,23,0,27,0,11,85,0,96,0,15,108,0,123,166,0,166,289
05/13/2011,AEG,NM,ASW,WE,Federal Contract Tower,0,5,18,0,23,0,3,111,8,122,0,8,129,8,145,264,0,264,409
05/14/2011,AEG,NM,ASW,WE,Federal Contract Tower,0,0,9,0,9,0,5,68,5,78,0,5,77,5,87,84,0,84,171
05/15/2011,AEG,NM,ASW,WE,Federal Contract Tower,0,0,15,0,15,0,7,87,1,95,0,7,102,1,110,156,0,156,266
05/16/2011,AEG,NM,ASW,WE,Federal Contract Tower,0,3,9,0,12,0,6,56,1,63,0,9,65,1,75,146,0,146,221
05/17/2011,AEG,NM,ASW,WE,Federal Contract Tower,0,3,19,0,22,0,5,57,3,65,0,8,76,3,87,112,0,112,199
05/18/2011,AEG,NM,ASW,WE,Federal Contract Tower,0,3,6,0,9,0,11,39,2,52,0,14,45,2,61,60,0,60,121
05/19/2011,AEG,NM,ASW,WE,Federal Contract Tower,0,2,13,0,15,0,5,54,6,65,0,7,67,6,80,76,6,82,162
05/20/2011,AEG,NM,ASW,WE,Federal Contract Tower,0,3,12,0,15,0,6,44,9,59,0,9,56,9,74,52,0,52,126
05/21/2011,AEG,NM,ASW,WE,Federal Contract Tower,0,0,9,0,9,0,2,164,19,185,0,2,173,19,194,104,0,104,298
05/22/2011,AEG,NM,ASW,WE,Federal Contract Tower,0,1,7,0,8,0,5,98,12,115,0,6,105,12,123,98,0,98,221
05/23/2011,AEG,NM,ASW,WE,Federal Contract Tower,0,0,14,3,17,0,5,60,20,85,0,5,74,23,102,66,16,82,184
05/24/2011,AEG,NM,ASW,WE,Federal Contract Tower,0,0,8,0,8,0,2,20,13,35,0,2,28,13,43,36,8,44,87
05/25/2011,AEG,NM,ASW,WE,Federal Contract Tower,0,0,10,3,13,0,1,89,16,106,0,1,99,19,119,102,12,114,233
05/26/2011,AEG,NM,ASW,WE,Federal Contract Tower,0,2,12,0,14,0,3,74,4,81,0,5,86,4,95,88,0,88,183
05/27/2011,AEG,NM,ASW,WE,Federal Contract Tower,0,5,15,0,20,0,4,66,3,73,0,9,81,3,93,50,0,50,143
05/28/2011,AEG,NM,ASW,WE,Federal Contract Tower,0,1,14,0,15,0,2,63,2,67,0,3,77,2,82,40,0,40,122
05/29/2011,AEG,NM,ASW,WE,Federal Contract Tower,0,1,6,0,7,0,1,23,0,24,0,2,29,0,31,48,0,48,79
05/30/2011,AEG,NM,ASW,WE,Federal Contract Tower,0,0,5,0,5,0,11,28,0,39,0,11,33,0,44,28,0,28,72
05/31/2011,AEG,NM,ASW,WE,Federal Contract Tower,0,2,10,2,14,0,9,58,6,73,0,11,68,8,87,92,0,92,179
06/01/2011,AEG,NM,ASW,WE,Federal Contract Tower,0,0,5,0,5,0,7,33,1,41,0,7,38,1,46,40,0,40,86
06/02/2011,AEG,NM,ASW,WE,Federal Contract Tower,0,2,13,4,19,0,7,62,1,70,0,9,75,5,89,144,4,148,237
06/03/2011,AEG,NM,ASW,WE,Federal Contract Tower,0,0,10,0,10,0,0,73,0,73,0,0,83,0,83,124,0,124,207
06/04/2011,AEG,NM,ASW,WE,Federal Contract Tower,0,0,11,0,11,0,5,54,0,59,0,5,65,0,70,136,0,136,206
06/05/2011,AEG,NM,ASW,WE,Federal Contract Tower,0,0,14,0,14,0,2,55,0,57,0,2,69,0,71,78,0,78,149
06/06/2011,AEG,NM,ASW,WE,Federal Contract Tower,0,3,7,2,12,0,0,58,3,61,0,3,65,5,73,180,22,202,275
06/07/2011,AEG,NM,ASW,WE,Federal Contract Tower,0,1,11,0,12,0,4,42,2,48,0,5,53,2,60,108,0,108,168
06/08/2011,AEG,NM,ASW,WE,Federal Contract Tower,0,8,13,2,23,0,10,62,2,74,0,18,75,4,97,68,0,68,165
06/09/2011,AEG,NM,ASW,WE,Federal Contract Tower,0,0,9,12,21,0,1,63,2,66,0,1,72,14,87,160,16,176,263
06/10/2011,AEG,NM,ASW,WE,Federal Contract Tower,0,1,16,2,19,0,2,117,0,119,0,3,133,2,138,280,0,280,418
06/11/2011,AEG,NM,ASW,WE,Federal Contract Tower,0,1,12,0,13,0,4,103,0,107,0,5,115,0,120,146,0,146,266
06/12/2011,AEG,NM,ASW,WE,Federal Contract Tower,0,0,8,0,8,0,6,91,0,97,0,6,99,0,105,116,0,116,221
06/13/2011,AEG,NM,ASW,WE,Federal Contract Tower,0,8,9,0,17,0,4,65,4,73,0,12,74,4,90,114,10,124,214
06/14/2011,AEG,NM,ASW,WE,Federal Contract Tower,0,1,5,3,9,0,0,48,5,53,0,1,53,8,62,98,16,114,176
06/15/2011,AEG,NM,ASW,WE,Federal Contract Tower,0,0,6,0,6,0,12,65,2,79,0,12,71,2,85,140,0,140,225
06/16/2011,AEG,NM,ASW,WE,Federal Contract Tower,0,6,9,0,15,0,6,100,10,116,0,12,109,10,131,144,0,144,275
06/17/2011,AEG,NM,ASW,WE,Federal Contract Tower,0,0,6,0,6,0,7,56,11,74,0,7,62,11,80,100,0,100,180
06/18/2011,AEG,NM,ASW,WE,Federal Contract Tower,0,0,9,0,9,0,9,123,8,140,0,9,132,8,149,126,0,126,275
06/19/2011,AEG,NM,ASW,WE,Federal Contract Tower,0,0,11,0,11,0,5,48,8,61,0,5,59,8,72,90,0,90,162
06/20/2011,AEG,NM,ASW,WE,Federal Contract Tower,0,0,14,0,14,0,4,49,4,57,0,4,63,4,71,142,6,148,219
06/21/2011,AEG,NM,ASW,WE,Federal Contract Tower,0,2,14,4,20,0,7,53,4,64,0,9,67,8,84,148,2,150,234
06/22/2011,AEG,NM,ASW,WE,Federal Contract Tower,0,3,6,0,9,0,12,112,4,128,0,15,118,4,137,194,0,194,331
06/23/2011,AEG,NM,ASW,WE,Federal Contract Tower,0,2,17,0,19,0,4,80,1,85,0,6,97,1,104,116,0,116,220
06/24/2011,AEG,NM,ASW,WE,Federal Contract Tower,0,0,9,0,9,0,7,82,0,89,0,7,91,0,98,132,0,132,230
06/25/2011,AEG,NM,ASW,WE,Federal Contract Tower,0,0,4,0,4,0,4,91,1,96,0,4,95,1,100,120,0,120,220
06/26/2011,AEG,NM,ASW,WE,Federal Contract Tower,0,4,2,0,6,0,8,99,1,108,0,12,101,1,114,78,0,78,192
06/27/2011,AEG,NM,ASW,WE,Federal Contract Tower,0,7,16,0,23,0,2,82,0,84,0,9,98,0,107,118,0,118,225
06/28/2011,AEG,NM,ASW,WE,Federal Contract Tower,0,1,4,0,5,0,4,88,0,92,0,5,92,0,97,124,0,124,221
06/29/2011,AEG,NM,ASW,WE,Federal Contract Tower,0,0,13,0,13,0,2,66,0,68,0,2,79,0,81,88,0,88,169
06/30/2011,AEG,NM,ASW,WE,Federal Contract Tower,0,0,15,0,15,0,3,89,0,92,0,3,104,0,107,110,0,110,217
07/01/2011,AEG,NM,ASW,WE,Federal Contract Tower,0,0,9,0,9,0,2,109,1,112,0,2,118,1,121,208,0,208,329
07/02/2011,AEG,NM,ASW,WE,Federal Contract Tower,0,1,7,0,8,0,5,119,0,124,0,6,126,0,132,104,0,104,236
07/03/2011,AEG,NM,ASW,WE,Federal Contract Tower,0,0,0,0,0,0,8,89,0,97,0,8,89,0,97,140,0,140,237
07/04/2011,AEG,NM,ASW,WE,Federal Contract Tower,0,0,14,0,14,0,1,92,0,93,0,1,106,0,107,98,0,98,205
07/05/2011,AEG,NM,ASW,WE,Federal Contract Tower,0,0,3,0,3,0,4,57,0,61,0,4,60,0,64,92,0,92,156
07/06/2011,AEG,NM,ASW,WE,Federal Contract Tower,0,0,7,6,13,0,8,52,6,66,0,8,59,12,79,96,14,110,189
07/07/2011,AEG,NM,ASW,WE,Federal Contract Tower,0,0,11,0,11,0,3,70,6,79,0,3,81,6,90,134,0,134,224
07/08/2011,AEG,NM,ASW,WE,Federal Contract Tower,0,1,12,6,19,0,5,108,26,139,0,6,120,32,158,108,6,114,272
07/09/2011,AEG,NM,ASW,WE,Federal Contract Tower,0,0,5,0,5,0,3,129,16,148,0,3,134,16,153,158,0,158,311
07/10/2011,AEG,NM,ASW,WE,Federal Contract Tower,0,0,9,0,9,0,2,89,0,91,0,2,98,0,100,142,0,142,242
07/11/2011,AEG,NM,ASW,WE,Federal Contract Tower,0,1,7,0,8,0,7,58,16,81,0,8,65,16,89,106,0,106,195
07/12/2011,AEG,NM,ASW,WE,Federal Contract Tower,0,0,7,0,7,0,8,51,1,60,0,8,58,1,67,176,0,176,243
07/13/2011,AEG,NM,ASW,WE,Federal Contract Tower,0,1,12,0,13,0,7,66,19,92,0,8,78,19,105,120,0,120,225
07/14/2011,AEG,NM,ASW,WE,Federal Contract Tower,0,6,11,2,19,0,7,86,15,108,0,13,97,17,127,300,0,300,427
07/15/2011,AEG,NM,ASW,WE,Federal Contract Tower,0,0,6,2,8,0,2,99,6,107,0,2,105,8,115,160,4,164,279
07/16/2011,AEG,NM,ASW,WE,Federal Contract Tower,0,0,8,0,8,0,9,107,12,128,0,9,115,12,136,92,0,92,228
07/17/2011,AEG,NM,ASW,WE,Federal Contract Tower,0,0,7,7,14,0,8,72,5,85,0,8,79,12,99,164,0,164,263
07/18/2011,AEG,NM,ASW,WE,Federal Contract Tower,0,4,8,0,12,0,2,65,0,67,0,6,73,0,79,88,0,88,167
07/19/2011,AEG,NM,ASW,WE,Federal Contract Tower,0,0,10,0,10,0,8,48,4,60,0,8,58,4,70,82,0,82,152
07/20/2011,AEG,NM,ASW,WE,Federal Contract Tower,0,0,6,0,6,0,0,75,0,75,0,0,81,0,81,66,0,66,147
07/21/2011,AEG,NM,ASW,WE,Federal Contract Tower,0,1,4,0,5,0,4,75,0,79,0,5,79,0,84,98,0,98,182
07/22/2011,AEG,NM,ASW,WE,Federal Contract Tower,0,4,7,0,11,0,1,100,0,101,0,5,107,0,112,98,0,98,210
07/23/2011,AEG,NM,ASW,WE,Federal Contract Tower,0,0,5,0,5,0,8,93,0,101,0,8,98,0,106,154,0,154,260
07/24/2011,AEG,NM,ASW,WE,Federal Contract Tower,0,1,1,0,2,0,2,59,0,61,0,3,60,0,63,94,0,94,157
07/25/2011,AEG,NM,ASW,WE,Federal Contract Tower,0,0,1,0,1,0,6,35,2,43,0,6,36,2,44,32,6,38,82
07/26/2011,AEG,NM,ASW,WE,Federal Contract Tower,0,4,22,0,26,0,4,61,0,65,0,8,83,0,91,110,0,110,201
07/27/2011,AEG,NM,ASW,WE,Federal Contract Tower,0,0,3,0,3,0,5,58,0,63,0,5,61,0,66,90,0,90,156
07/28/2011,AEG,NM,ASW,WE,Federal Contract Tower,0,2,6,0,8,0,10,72,1,83,0,12,78,1,91,82,0,82,173
07/29/2011,AEG,NM,ASW,WE,Federal Contract Tower,0,1,9,0,10,0,5,64,2,71,0,6,73,2,81,100,0,100,181
07/30/2011,AEG,NM,ASW,WE,Federal Contract Tower,0,0,4,0,4,0,3,81,1,85,0,3,85,1,89,148,0,148,237
07/31/2011,AEG,NM,ASW,WE,Federal Contract Tower,0,3,4,0,7,0,6,60,0,66,0,9,64,0,73,90,0,90,163
08/01/2011,AEG,NM,ASW,WE,Federal Contract Tower,0,0,9,0,9,0,0,70,0,70,0,0,79,0,79,70,0,70,149
08/02/2011,AEG,NM,ASW,WE,Federal Contract Tower,0,4,10,0,14,0,4,73,0,77,0,8,83,0,91,120,0,120,211
08/03/2011,AEG,NM,ASW,WE,Federal Contract Tower,0,0,4,0,4,0,2,57,0,59,0,2,61,0,63,102,0,102,165
08/04/2011,AEG,NM,ASW,WE,Federal Contract Tower,0,2,19,0,21,0,3,66,2,71,0,5,85,2,92,178,0,178,270
08/05/2011,AEG,NM,ASW,WE,Federal Contract Tower,0,5,19,0,24,0,14,80,2,96,0,19,99,2,120,72,4,76,196
08/06/2011,AEG,NM,ASW,WE,Federal Contract Tower,0,0,3,0,3,0,5,103,0,108,0,5,106,0,111,112,0,112,223
08/07/2011,AEG,NM,ASW,WE,Federal Contract Tower,0,0,12,0,12,0,2,68,2,72,0,2,80,2,84,70,6,76,160
08/08/2011,AEG,NM,ASW,WE,Federal Contract Tower,0,9,6,2,17,0,9,39,0,48,0,18,45,2,65,100,4,104,169
08/09/2011,AEG,NM,ASW,WE,Federal Contract Tower,0,5,15,0,20,0,5,54,0,59,0,10,69,0,79,110,0,110,189
08/10/2011,AEG,NM,ASW,WE,Federal Contract Tower,0,0,5,0,5,0,2,61,2,65,0,2,66,2,70,48,10,58,128
08/11/2011,AEG,NM,ASW,WE,Federal Contract Tower,0,0,8,0,8,0,2,60,0,62,0,2,68,0,70,96,0,96,166
08/12/2011,AEG,NM,ASW,WE,Federal Contract Tower,0,0,2,0,2,0,4,77,0,81,0,4,79,0,83,46,0,46,129
08/13/2011,AEG,NM,ASW,WE,Federal Contract Tower,0,0,1,0,1,0,2,82,0,84,0,2,83,0,85,54,0,54,139
08/14/2011,AEG,NM,ASW,WE,Federal Contract Tower,0,2,2,1,5,0,2,80,1,83,0,4,82,2,88,106,0,106,194
08/15/2011,AEG,NM,ASW,WE,Federal Contract Tower,0,1,11,0,12,0,4,76,0,80,0,5,87,0,92,114,0,114,206
08/16/2011,AEG,NM,ASW,WE,Federal Contract Tower,0,1,15,0,16,0,4,56,2,62,0,5,71,2,78,154,6,160,238
08/17/2011,AEG,NM,ASW,WE,Federal Contract Tower,0,1,11,0,12,0,5,64,0,69,0,6,75,0,81,112,10,122,203
08/18/2011,AEG,NM,ASW,WE,Federal Contract Tower,0,0,10,4,14,0,0,51,0,51,0,0,61,4,65,76,12,88,153
08/19/2011,AEG,NM,ASW,WE,Federal Contract Tower,0,0,6,0,6,0,0,59,0,59,0,0,65,0,65,136,0,136,201
08/20/2011,AEG,NM,ASW,WE,Federal Contract Tower,0,0,2,0,2,0,4,104,4,112,0,4,106,4,114,245,0,245,359
08/21/2011,AEG,NM,ASW,WE,Federal Contract Tower,0,2,3,0,5,0,5,107,4,116,0,7,110,4,121,258,0,258,379
08/22/2011,AEG,NM,ASW,WE,Federal Contract Tower,0,3,12,0,15,0,7,64,0,71,0,10,76,0,86,158,0,158,244
08/23/2011,AEG,NM,ASW,WE,Federal Contract Tower,0,0,10,4,14,0,3,66,2,71,0,3,76,6,85,60,10,70,155
08/24/2011,AEG,NM,ASW,WE,Federal Contract Tower,0,0,7,0,7,0,1,60,2,63,0,1,67,2,70,64,0,64,134
08/25/2011,AEG,NM,ASW,WE,Federal Contract Tower,0,3,11,0,14,0,3,61,5,69,0,6,72,5,83,86,0,86,169
08/26/2011,AEG,NM,ASW,WE,Federal Contract Tower,0,0,8,0,8,0,0,75,3,78,0,0,83,3,86,162,0,162,248
08/27/2011,AEG,NM,ASW,WE,Federal Contract Tower,0,0,10,0,10,0,3,131,4,138,0,3,141,4,148,122,0,122,270
08/28/2011,AEG,NM,ASW,WE,Federal Contract Tower,0,0,5,0,5,0,2,104,0,106,0,2,109,0,111,214,0,214,325
08/29/2011,AEG,NM,ASW,WE,Federal Contract Tower,0,3,10,1,14,0,3,43,4,50,0,6,53,5,64,150,0,150,214
08/30/2011,AEG,NM,ASW,WE,Federal Contract Tower,0,1,9,0,10,0,3,53,1,57,0,4,62,1,67,156,0,156,223
08/31/2011,AEG,NM,ASW,WE,Federal Contract Tower,0,0,8,0,8,0,0,51,0,51,0,0,59,0,59,112,0,112,171
09/01/2011,AEG,NM,ASW,WE,Federal Contract Tower,0,0,15,0,15,0,1,61,1,63,0,1,76,1,78,58,0,58,136
09/02/2011,AEG,NM,ASW,WE,Federal Contract Tower,0,0,7,0,7,0,6,94,0,100,0,6,101,0,107,136,0,136,243
09/03/2011,AEG,NM,ASW,WE,Federal Contract Tower,0,2,7,0,9,0,6,96,0,102,0,8,103,0,111,84,0,84,195
09/04/2011,AEG,NM,ASW,WE,Federal Contract Tower,0,0,4,0,4,0,3,30,0,33,0,3,34,0,37,18,0,18,55
09/05/2011,AEG,NM,ASW,WE,Federal Contract Tower,0,0,18,0,18,0,3,98,0,101,0,3,116,0,119,220,0,220,339
09/06/2011,AEG,NM,ASW,WE,Federal Contract Tower,0,0,3,0,3,0,4,36,0,40,0,4,39,0,43,68,0,68,111
09/07/2011,AEG,NM,ASW,WE,Federal Contract Tower,0,0,5,0,5,0,5,69,0,74,0,5,74,0,79,98,0,98,177
09/08/2011,AEG,NM,ASW,WE,Federal Contract Tower,0,0,6,4,10,0,1,62,0,63,0,1,68,4,73,146,8,154,227
09/09/2011,AEG,NM,ASW,WE,Federal Contract Tower,0,0,13,0,13,0,4,30,0,34,0,4,43,0,47,36,0,36,83
09/10/2011,AEG,NM,ASW,WE,Federal Contract Tower,0,0,9,0,9,0,0,66,1,67,0,0,75,1,76,126,0,126,202
09/11/2011,AEG,NM,ASW,WE,Federal Contract Tower,0,0,6,0,6,0,4,78,0,82,0,4,84,0,88,188,0,188,276
09/12/2011,AEG,NM,ASW,WE,Federal Contract Tower,0,0,15,0,15,0,8,44,0,52,0,8,59,0,67,100,0,100,167
09/13/2011,AEG,NM,ASW,WE,Federal Contract Tower,0,0,6,0,6,0,2,67,1,70,0,2,73,1,76,116,0,116,192
09/14/2011,AEG,NM,ASW,WE,Federal Contract Tower,0,1,11,0,12,0,2,39,4,45,0,3,50,4,57,62,8,70,127
09/15/2011,AEG,NM,ASW,WE,Federal Contract Tower,0,0,5,0,5,0,5,45,1,51,0,5,50,1,56,80,0,80,136
09/16/2011,AEG,NM,ASW,WE,Federal Contract Tower,0,1,24,4,29,0,9,85,19,113,0,10,109,23,142,176,28,204,346
09/17/2011,AEG,NM,ASW,WE,Federal Contract Tower,0,2,5,0,7,0,11,85,6,102,0,13,90,6,109,106,0,106,215
09/18/2011,AEG,NM,ASW,WE,Federal Contract Tower,0,6,17,0,23,0,2,106,7,115,0,8,123,7,138,190,2,192,330
09/19/2011,AEG,NM,ASW,WE,Federal Contract Tower,0,0,23,0,23,0,0,48,4,52,0,0,71,4,75,80,8,88,163
09/20/2011,AEG,NM,ASW,WE,Federal Contract Tower,0,1,16,0,17,0,3,63,2,68,0,4,79,2,85,158,0,158,243
09/21/2011,AEG,NM,ASW,WE,Federal Contract Tower,0,0,10,0,10,0,1,53,2,56,0,1,63,2,66,216,4,220,286
09/22/2011,AEG,NM,ASW,WE,Federal Contract Tower,0,1,7,0,8,0,7,66,2,75,0,8,73,2,83,68,0,68,151
09/23/2011,AEG,NM,ASW,WE,Federal Contract Tower,0,0,6,0,6,0,4,66,0,70,0,4,72,0,76,138,0,138,214
09/24/2011,AEG,NM,ASW,WE,Federal Contract Tower,0,0,10,0,10,0,4,104,4,112,0,4,114,4,122,130,0,130,252
09/25/2011,AEG,NM,ASW,WE,Federal Contract Tower,0,0,5,0,5,0,3,78,4,85,0,3,83,4,90,98,0,98,188
09/26/2011,AEG,NM,ASW,WE,Federal Contract Tower,0,1,11,0,12,0,4,54,0,58,0,5,65,0,70,108,0,108,178
09/27/2011,AEG,NM,ASW,WE,Federal Contract Tower,0,0,9,0,9,0,2,51,0,53,0,2,60,0,62,142,0,142,204
09/28/2011,AEG,NM,ASW,WE,Federal Contract Tower,0,0,6,0,6,0,4,68,0,72,0,4,74,0,78,106,0,106,184
09/29/2011,AEG,NM,ASW,WE,Federal Contract Tower,0,0,10,3,13,0,1,50,3,54,0,1,60,6,67,68,0,68,135
09/30/2011,AEG,NM,ASW,WE,Federal Contract Tower,0,0,34,0,34,0,0,91,0,91,0,0,125,0,125,150,0,150,275
10/01/2011,AEG,NM,ASW,WE,Federal Contract Tower,0,0,8,0,8,0,0,116,0,116,0,0,124,0,124,128,0,128,252
10/02/2011,AEG,NM,ASW,WE,Federal Contract Tower,0,2,13,2,17,0,5,120,0,125,0,7,133,2,142,94,0,94,236
10/03/2011,AEG,NM,ASW,WE,Federal Contract Tower,0,0,12,0,12,0,8,74,0,82,0,8,86,0,94,136,0,136,230
10/04/2011,AEG,NM,ASW,WE,Federal Contract Tower,0,0,3,2,5,0,2,22,0,24,0,2,25,2,29,44,0,44,73
10/05/2011,AEG,NM,ASW,WE,Federal Contract Tower,0,0,7,0,7,0,4,62,0,66,0,4,69,0,73,88,0,88,161
10/06/2011,AEG,NM,ASW,WE,Federal Contract Tower,0,0,12,0,12,0,7,28,0,35,0,7,40,0,47,22,0,22,69
10/07/2011,AEG,NM,ASW,WE,Federal Contract Tower,0,0,19,0,19,0,0,36,0,36,0,0,55,0,55,84,0,84,139
10/08/2011,AEG,NM,ASW,WE,Federal Contract Tower,0,5,7,0,12,0,13,98,0,111,0,18,105,0,123,126,0,126,249
10/09/2011,AEG,NM,ASW,WE,Federal Contract Tower,0,1,17,0,18,0,6,93,0,99,0,7,110,0,117,76,0,76,193
10/10/2011,AEG,NM,ASW,WE,Federal Contract Tower,0,0,15,1,16,0,2,92,1,95,0,2,107,2,111,152,0,152,263
10/11/2011,AEG,NM,ASW,WE,Federal Contract Tower,0,0,19,0,19,0,3,89,5,97,0,3,108,5,116,156,6,162,278
10/12/2011,AEG,NM,ASW,WE,Federal Contract Tower,0,0,9,0,9,0,5,49,10,64,0,5,58,10,73,78,12,90,163
10/13/2011,AEG,NM,ASW,WE,Federal Contract Tower,0,1,8,1,10,0,4,72,9,85,0,5,80,10,95,148,18,166,261
10/14/2011,AEG,NM,ASW,WE,Federal Contract Tower,0,0,8,0,8,0,0,65,8,73,0,0,73,8,81,122,20,142,223
10/15/2011,AEG,NM,ASW,WE,Federal Contract Tower,0,0,4,0,4,0,2,117,6,125,0,2,121,6,129,176,18,194,323
10/16/2011,AEG,NM,ASW,WE,Federal Contract Tower,0,0,8,0,8,0,5,84,8,97,0,5,92,8,105,122,0,122,227
10/17/2011,AEG,NM,ASW,WE,Federal Contract Tower,0,10,18,0,28,0,2,20,13,35,0,12,38,13,63,48,16,64,127
10/18/2011,AEG,NM,ASW,WE,Federal Contract Tower,0,3,12,1,16,0,3,78,12,93,0,6,90,13,109,120,2,122,231
10/19/2011,AEG,NM,ASW,WE,Federal Contract Tower,0,2,10,4,16,0,11,66,13,90,0,13,76,17,106,158,0,158,264
10/20/2011,AEG,NM,ASW,WE,Federal Contract Tower,0,1,9,4,14,0,1,74,24,99,0,2,83,28,113,160,12,172,285
10/21/2011,AEG,NM,ASW,WE,Federal Contract Tower,0,0,10,2,12,0,0,78,28,106,0,0,88,30,118,89,4,93,211
10/22/2011,AEG,NM,ASW,WE,Federal Contract Tower,0,0,10,0,10,0,7,111,13,131,0,7,121,13,141,158,0,158,299
10/23/2011,AEG,NM,ASW,WE,Federal Contract Tower,0,0,12,0,12,0,8,102,4,114,0,8,114,4,126,144,0,144,270
10/24/2011,AEG,NM,ASW,WE,Federal Contract Tower,0,24,3,0,27,0,3,56,4,63,0,27,59,4,90,178,0,178,268
10/25/2011,AEG,NM,ASW,WE,Federal Contract Tower,0,0,17,2,19,0,2,61,5,68,0,2,78,7,87,98,4,102,189
10/26/2011,AEG,NM,ASW,WE,Federal Contract Tower,0,1,15,0,16,0,4,49,0,53,0,5,64,0,69,48,0,48,117
10/27/2011,AEG,NM,ASW,WE,Federal Contract Tower,0,4,38,2,44,0,2,44,4,50,0,6,82,6,94,48,0,48,142
10/28/2011,AEG,NM,ASW,WE,Federal Contract Tower,0,7,12,0,19,0,13,77,0,90,0,20,89,0,109,158,0,158,267
10/29/2011,AEG,NM,ASW,WE,Federal Contract Tower,0,0,9,1,10,0,2,97,3,102,0,2,106,4,112,188,18,206,318
10/30/2011,AEG,NM,ASW,WE,Federal Contract Tower,0,0,5,0,5,0,1,100,0,101,0,1,105,0,106,144,0,144,250
10/31/2011,AEG,NM,ASW,WE,Federal Contract Tower,0,9,11,0,20,0,4,61,0,65,0,13,72,0,85,88,0,88,173
11/01/2011,AEG,NM,ASW,WE,Federal Contract Tower,0,6,14,0,20,0,7,64,2,73,0,13,78,2,93,114,14,128,221
11/02/2011,AEG,NM,ASW,WE,Federal Contract Tower,0,4,1,1,6,0,5,38,0,43,0,9,39,1,49,96,0,96,145
11/03/2011,AEG,NM,ASW,WE,Federal Contract Tower,0,4,22,0,26,0,8,73,0,81,0,12,95,0,107,130,0,130,237
11/04/2011,AEG,NM,ASW,WE,Federal Contract Tower,0,0,14,2,16,0,4,68,7,79,0,4,82,9,95,54,14,68,163
11/05/2011,AEG,NM,ASW,WE,Federal Contract Tower,0,0,2,0,2,0,2,6,1,9,0,2,8,1,11,0,0,0,11
11/06/2011,AEG,NM,ASW,WE,Federal Contract Tower,0,2,9,0,11,0,9,70,33,112,0,11,79,33,123,154,14,168,291
11/07/2011,AEG,NM,ASW,WE,Federal Contract Tower,0,0,17,0,17,0,2,19,17,38,0,2,36,17,55,68,106,174,229
11/08/2011,AEG,NM,ASW,WE,Federal Contract Tower,0,0,12,1,13,0,5,35,24,64,0,5,47,25,77,70,0,70,147
11/09/2011,AEG,NM,ASW,WE,Federal Contract Tower,0,0,13,0,13,0,8,49,30,87,0,8,62,30,100,88,74,162,262
11/10/2011,AEG,NM,ASW,WE,Federal Contract Tower,0,0,14,0,14,0,10,53,7,70,0,10,67,7,84,86,0,86,170
11/11/2011,AEG,NM,ASW,WE,Federal Contract Tower,0,2,8,1,11,0,0,62,8,70,0,2,70,9,81,168,4,172,253
11/12/2011,AEG,NM,ASW,WE,Federal Contract Tower,0,2,7,0,9,0,2,120,0,122,0,4,127,0,131,70,0,70,201
11/13/2011,AEG,NM,ASW,WE,Federal Contract Tower,0,4,0,0,4,0,4,14,0,18,0,8,14,0,22,74,0,74,96
11/14/2011,AEG,NM,ASW,WE,Federal Contract Tower,0,0,23,0,23,0,4,47,0,51,0,4,70,0,74,112,0,112,186
11/15/2011,AEG,NM,ASW,WE,Federal Contract Tower,0,0,10,0,10,0,0,71,0,71,0,0,81,0,81,130,0,130,211
11/16/2011,AEG,NM,ASW,WE,Federal Contract Tower,0,1,9,0,10,0,2,52,2,56,0,3,61,2,66,32,8,40,106
11/17/2011,AEG,NM,ASW,WE,Federal Contract Tower,0,3,6,1,10,0,4,87,6,97,0,7,93,7,107,144,10,154,261
11/18/2011,AEG,NM,ASW,WE,Federal Contract Tower,0,2,18,0,20,0,5,73,0,78,0,7,91,0,98,108,0,108,206
11/19/2011,AEG,NM,ASW,WE,Federal Contract Tower,0,2,13,0,15,0,4,83,0,87,0,6,96,0,102,106,0,106,208
11/20/2011,AEG,NM,ASW,WE,Federal Contract Tower,0,3,11,0,14,0,5,102,16,123,0,8,113,16,137,82,0,82,219
11/21/2011,AEG,NM,ASW,WE,Federal Contract Tower,0,11,8,1,20,0,5,27,2,34,0,16,35,3,54,84,16,100,154
11/22/2011,AEG,NM,ASW,WE,Federal Contract Tower,0,6,11,1,18,0,2,56,1,59,0,8,67,2,77,102,10,112,189
11/23/2011,AEG,NM,ASW,WE,Federal Contract Tower,0,0,13,2,15,0,4,94,0,98,0,4,107,2,113,170,0,170,283
11/24/2011,AEG,NM,ASW,WE,Federal Contract Tower,0,0,0,0,0,0,3,30,0,33,0,3,30,0,33,50,0,50,83
11/25/2011,AEG,NM,ASW,WE,Federal Contract Tower,0,0,6,0,6,0,2,0,0,2,0,2,6,0,8,0,0,0,8
11/26/2011,AEG,NM,ASW,WE,Federal Contract Tower,0,0,5,0,5,0,4,49,0,53,0,4,54,0,58,132,0,132,190
11/27/2011,AEG,NM,ASW,WE,Federal Contract Tower,0,0,10,0,10,0,5,110,0,115,0,5,120,0,125,106,0,106,231
11/28/2011,AEG,NM,ASW,WE,Federal Contract Tower,0,5,5,0,10,0,6,51,0,57,0,11,56,0,67,92,0,92,159
11/29/2011,AEG,NM,ASW,WE,Federal Contract Tower,0,2,17,3,22,0,6,65,2,73,0,8,82,5,95,182,6,188,283
11/30/2011,AEG,NM,ASW,WE,Federal Contract Tower,0,0,14,0,14,0,4,84,2,90,0,4,98,2,104,108,0,108,212
12/01/2011,AEG,NM,ASW,WE,Federal Contract Tower,0,0,0,0,0,0,0,3,0,3,0,0,3,0,3,2,0,2,5
12/02/2011,AEG,NM,ASW,WE,Federal Contract Tower,0,1,4,0,5,0,0,10,4,14,0,1,14,4,19,36,0,36,55
12/03/2011,AEG,NM,ASW,WE,Federal Contract Tower,0,0,3,0,3,0,0,6,3,9,0,0,9,3,12,22,0,22,34
12/04/2011,AEG,NM,ASW,WE,Federal Contract Tower,0,0,8,0,8,0,2,14,0,16,0,2,22,0,24,40,0,40,64
12/05/2011,AEG,NM,ASW,WE,Federal Contract Tower,0,0,0,0,0,0,2,0,0,2,0,2,0,0,2,14,0,14,16
12/06/2011,AEG,NM,ASW,WE,Federal Contract Tower,0,0,3,4,7,0,2,33,8,43,0,2,36,12,50,60,4,64,114
12/07/2011,AEG,NM,ASW,WE,Federal Contract Tower,0,0,15,4,19,0,3,51,6,60,0,3,66,10,79,62,0,62,141
12/08/2011,AEG,NM,ASW,WE,Federal Contract Tower,0,6,7,0,13,0,12,66,3,81,0,18,73,3,94,190,0,190,284
12/09/2011,AEG,NM,ASW,WE,Federal Contract Tower,0,2,7,4,13,0,6,59,4,69,0,8,66,8,82,174,0,174,256
12/10/2011,AEG,NM,ASW,WE,Federal Contract Tower,0,0,12,4,16,0,3,97,9,109,0,3,109,13,125,156,16,172,297
12/11/2011,AEG,NM,ASW,WE,Federal Contract Tower,0,0,15,0,15,0,4,83,10,97,0,4,98,10,112,150,0,150,262
12/12/2011,AEG,NM,ASW,WE,Federal Contract Tower,0,4,8,0,12,0,0,3,0,3,0,4,11,0,15,22,0,22,37
12/13/2011,AEG,NM,ASW,WE,Federal Contract Tower,0,7,0,0,7,0,0,7,3,10,0,7,7,3,17,18,14,32,49
12/14/2011,AEG,NM,ASW,WE,Federal Contract Tower,0,0,8,8,16,0,5,46,18,69,0,5,54,26,85,56,8,64,149
12/15/2011,AEG,NM,ASW,WE,Federal Contract Tower,0,1,10,7,18,0,6,58,6,70,0,7,68,13,88,76,18,94,182
12/16/2011,AEG,NM,ASW,WE,Federal Contract Tower,0,4,7,2,13,0,10,69,2,81,0,14,76,4,94,152,0,152,246
12/17/2011,AEG,NM,ASW,WE,Federal Contract Tower,0,0,3,0,3,0,1,141,1,143,0,1,144,1,146,112,0,112,258
12/18/2011,AEG,NM,ASW,WE,Federal Contract Tower,0,0,7,0,7,0,7,73,0,80,0,7,80,0,87,174,0,174,261
12/19/2011,AEG,NM,ASW,WE,Federal Contract Tower,0,2,1,0,3,0,0,0,0,0,0,2,1,0,3,0,0,0,3
12/20/2011,AEG,NM,ASW,WE,Federal Contract Tower,0,0,6,0,6,0,2,7,0,9,0,2,13,0,15,4,0,4,19
12/21/2011,AEG,NM,ASW,WE,Federal Contract Tower,0,1,11,0,12,0,0,31,0,31,0,1,42,0,43,76,0,76,119
12/22/2011,AEG,NM,ASW,WE,Federal Contract Tower,0,0,2,0,2,0,0,19,0,19,0,0,21,0,21,74,0,74,95
12/23/2011,AEG,NM,ASW,WE,Federal Contract Tower,0,0,4,0,4,0,5,6,0,11,0,5,10,0,15,30,0,30,45
12/24/2011,AEG,NM,ASW,WE,Federal Contract Tower,0,0,2,0,2,0,2,47,0,49,0,2,49,0,51,52,0,52,103
12/25/2011,AEG,NM,ASW,WE,Federal Contract Tower,0,0,3,0,3,0,7,16,0,23,0,7,19,0,26,24,0,24,50
12/26/2011,AEG,NM,ASW,WE,Federal Contract Tower,0,5,13,0,18,0,5,58,0,63,0,10,71,0,81,88,0,88,169
12/27/2011,AEG,NM,ASW,WE,Federal Contract Tower,0,2,12,0,14,0,6,72,0,78,0,8,84,0,92,172,0,172,264
12/28/2011,AEG,NM,ASW,WE,Federal Contract Tower,0,0,11,0,11,0,6,68,0,74,0,6,79,0,85,88,0,88,173
12/29/2011,AEG,NM,ASW,WE,Federal Contract Tower,0,0,6,1,7,0,1,90,1,92,0,1,96,2,99,160,0,160,259
12/30/2011,AEG,NM,ASW,WE,Federal Contract Tower,0,0,18,0,18,0,4,79,0,83,0,4,97,0,101,152,0,152,253
12/31/2011,AEG,NM,ASW,WE,Federal Contract Tower,0,0,7,0,7,0,3,91,0,94,0,3,98,0,101,162,0,162,263
01/01/2012,AEG,NM,ASW,WE,Federal Contract Tower,0,0,0,0,0,0,2,56,1,59,0,2,56,1,59,282,0,282,341
01/02/2012,AEG,NM,ASW,WE,Federal Contract Tower,0,2,25,0,27,0,2,74,7,83,0,4,99,7,110,166,0,166,276
01/03/2012,AEG,NM,ASW,WE,Federal Contract Tower,0,6,8,0,14,0,4,61,10,75,0,10,69,10,89,88,0,88,177
01/04/2012,AEG,NM,ASW,WE,Federal Contract Tower,0,0,17,0,17,0,2,65,18,85,0,2,82,18,102,76,0,76,178
01/05/2012,AEG,NM,ASW,WE,Federal Contract Tower,0,4,7,0,11,0,8,75,13,96,0,12,82,13,107,54,0,54,161
01/06/2012,AEG,NM,ASW,WE,Federal Contract Tower,0,0,11,0,11,0,5,90,20,115,0,5,101,20,126,158,16,174,300
01/07/2012,AEG,NM,ASW,WE,Federal Contract Tower,0,3,16,0,19,0,5,135,28,168,0,8,151,28,187,200,12,212,399
01/08/2012,AEG,NM,ASW,WE,Federal Contract Tower,0,0,4,0,4,0,2,6,6,14,0,2,10,6,18,68,0,68,86
01/09/2012,AEG,NM,ASW,WE,Federal Contract Tower,0,4,5,0,9,0,5,34,12,51,0,9,39,12,60,82,0,82,142
01/10/2012,AEG,NM,ASW,WE,Federal Contract Tower,0,0,18,5,23,0,2,56,2,60,0,2,74,7,83,118,4,122,205
01/11/2012,AEG,NM,ASW,WE,Federal Contract Tower,0,2,11,4,17,0,8,57,4,69,0,10,68,8,86,68,0,68,154
01/12/2012,AEG,NM,ASW,WE,Federal Contract Tower,0,0,11,0,11,0,2,55,1,58,0,2,66,1,69,52,0,52,121
01/13/2012,AEG,NM,ASW,WE,Federal Contract Tower,0,2,11,0,13,0,9,62,0,71,0,11,73,0,84,120,0,120,204
01/14/2012,AEG,NM,ASW,WE,Federal Contract Tower,0,0,10,0,10,0,2,89,0,91,0,2,99,0,101,106,0,106,207
01/15/2012,AEG,NM,ASW,WE,Federal Contract Tower,0,0,6,0,6,0,2,51,0,53,0,2,57,0,59,134,0,134,193
01/16/2012,AEG,NM,ASW,WE,Federal Contract Tower,0,9,15,0,24,0,1,12,1,14,0,10,27,1,38,44,0,44,82
01/17/2012,AEG,NM,ASW,WE,Federal Contract Tower,0,0,20,0,20,0,6,45,5,56,0,6,65,5,76,44,0,44,120
01/18/2012,AEG,NM,ASW,WE,Federal Contract Tower,0,2,8,4,14,0,2,52,17,71,0,4,60,21,85,106,2,108,193
01/19/2012,AEG,NM,ASW,WE,Federal Contract Tower,0,0,14,0,14,0,5,84,20,109,0,5,98,20,123,120,128,248,371
01/20/2012,AEG,NM,ASW,WE,Federal Contract Tower,0,1,10,1,12,0,3,52,20,75,0,4,62,21,87,88,54,142,229
01/21/2012,AEG,NM,ASW,WE,Federal Contract Tower,0,0,12,3,15,0,2,75,14,91,0,2,87,17,106,82,12,94,200
01/22/2012,AEG,NM,ASW,WE,Federal Contract Tower,0,0,2,1,3,0,2,4,5,11,0,2,6,6,14,2,16,18,32
01/23/2012,AEG,NM,ASW,WE,Federal Contract Tower,0,0,18,0,18,0,2,61,15,78,0,2,79,15,96,190,70,260,356
01/24/2012,AEG,NM,ASW,WE,Federal Contract Tower,0,2,7,6,15,0,0,15,11,26,0,2,22,17,41,34,16,50,91
01/25/2012,AEG,NM,ASW,WE,Federal Contract Tower,0,0,22,0,22,0,4,76,7,87,0,4,98,7,109,78,24,102,211
01/26/2012,AEG,NM,ASW,WE,Federal Contract Tower,0,0,8,2,10,0,7,80,12,99,0,7,88,14,109,106,58,164,273
01/27/2012,AEG,NM,ASW,WE,Federal Contract Tower,0,0,7,0,7,0,2,56,13,71,0,2,63,13,78,80,0,80,158
01/28/2012,AEG,NM,ASW,WE,Federal Contract Tower,0,0,19,0,19,0,2,145,1,148,0,2,164,1,167,58,0,58,225
01/29/2012,AEG,NM,ASW,WE,Federal Contract Tower,0,0,11,4,15,0,2,79,0,81,0,2,90,4,96,144,0,144,240
01/30/2012,AEG,NM,ASW,WE,Federal Contract Tower,0,2,15,0,17,0,7,62,0,69,0,9,77,0,86,76,0,76,162
01/31/2012,AEG,NM,ASW,WE,Federal Contract Tower,0,1,20,2,23,0,3,80,0,83,0,4,100,2,106,184,0,184,290
02/01/2012,AEG,NM,ASW,WE,Federal Contract Tower,0,15,3,0,18,0,2,68,3,73,0,17,71,3,91,0,66,66,157
02/02/2012,AEG,NM,ASW,WE,Federal Contract Tower,0,0,18,0,18,0,4,45,2,51,0,4,63,2,69,48,18,66,135
02/03/2012,AEG,NM,ASW,WE,Federal Contract Tower,0,0,16,0,16,0,7,45,0,52,0,7,61,0,68,108,0,108,176
02/04/2012,AEG,NM,ASW,WE,Federal Contract Tower,0,0,19,0,19,0,4,70,0,74,0,4,89,0,93,82,0,82,175
02/05/2012,AEG,NM,ASW,WE,Federal Contract Tower,0,0,8,0,8,0,5,63,0,68,0,5,71,0,76,108,0,108,184
02/06/2012,AEG,NM,ASW,WE,Federal Contract Tower,0,0,10,0,10,0,4,75,0,79,0,4,85,0,89,84,0,84,173
02/07/2012,AEG,NM,ASW,WE,Federal Contract Tower,0,0,3,0,3,0,8,44,0,52,0,8,47,0,55,82,0,82,137
02/08/2012,AEG,NM,ASW,WE,Federal Contract Tower,0,0,4,0,4,0,4,81,2,87,0,4,85,2,91,194,0,194,285
02/09/2012,AEG,NM,ASW,WE,Federal Contract Tower,0,0,6,0,6,0,0,42,0,42,0,0,48,0,48,74,0,74,122
02/10/2012,AEG,NM,ASW,WE,Federal Contract Tower,0,0,5,0,5,0,5,57,6,68,0,5,62,6,73,142,0,142,215
02/11/2012,AEG,NM,ASW,WE,Federal Contract Tower,0,0,15,0,15,0,3,128,0,131,0,3,143,0,146,182,0,182,328
02/12/2012,AEG,NM,ASW,WE,Federal Contract Tower,0,2,3,0,5,0,5,8,0,13,0,7,11,0,18,22,0,22,40
02/13/2012,AEG,NM,ASW,WE,Federal Contract Tower,0,0,13,0,13,0,4,25,5,34,0,4,38,5,47,38,24,62,109
02/14/2012,AEG,NM,ASW,WE,Federal Contract Tower,0,0,3,0,3,0,2,26,2,30,0,2,29,2,33,68,12,80,113
02/15/2012,AEG,NM,ASW,WE,Federal Contract Tower,0,3,12,0,15,0,7,53,8,68,0,10,65,8,83,74,0,74,157
02/16/2012,AEG,NM,ASW,WE,Federal Contract Tower,0,0,5,0,5,0,2,63,20,85,0,2,68,20,90,88,0,88,178
02/17/2012,AEG,NM,ASW,WE,Federal Contract Tower,0,4,9,2,15,0,5,70,21,96,0,9,79,23,111,162,16,178,289
02/18/2012,AEG,NM,ASW,WE,Federal Contract Tower,0,0,14,0,14,0,7,113,41,161,0,7,127,41,175,184,0,184,359
02/19/2012,AEG,NM,ASW,WE,Federal Contract Tower,0,0,13,0,13,0,2,76,0,78,0,2,89,0,91,104,0,104,195
02/20/2012,AEG,NM,ASW,WE,Federal Contract Tower,0,0,5,0,5,0,4,22,3,29,0,4,27,3,34,10,0,10,44
02/21/2012,AEG,NM,ASW,WE,Federal Contract Tower,0,0,6,2,8,0,5,54,13,72,0,5,60,15,80,124,0,124,204
02/22/2012,AEG,NM,ASW,WE,Federal Contract Tower,0,0,12,0,12,0,8,63,4,75,0,8,75,4,87,86,0,86,173
02/23/2012,AEG,NM,ASW,WE,Federal Contract Tower,0,0,9,2,11,0,2,41,0,43,0,2,50,2,54,68,8,76,130
02/24/2012,AEG,NM,ASW,WE,Federal Contract Tower,0,0,14,0,14,1,6,92,3,102,1,6,106,3,116,104,0,104,220
02/25/2012,AEG,NM,ASW,WE,Federal Contract Tower,0,1,6,1,8,0,10,134,2,146,0,11,140,3,154,98,14,112,266
02/26/2012,AEG,NM,ASW,WE,Federal Contract Tower,0,0,12,0,12,0,5,66,4,75,0,5,78,4,87,110,0,110,197
02/27/2012,AEG,NM,ASW,WE,Federal Contract Tower,0,3,2,0,5,0,2,8,3,13,0,5,10,3,18,0,6,6,24
02/28/2012,AEG,NM,ASW,WE,Federal Contract Tower,0,0,5,0,5,0,6,9,0,15,0,6,14,0,20,6,0,6,26
02/29/2012,AEG,NM,ASW,WE,Federal Contract Tower,0,5,12,1,18,0,6,76,3,85,0,11,88,4,103,96,0,96,199
03/01/2012,AEG,NM,ASW,WE,Federal Contract Tower,0,2,14,0,16,0,8,16,1,25,0,10,30,1,41,14,0,14,55
03/02/2012,AEG,NM,ASW,WE,Federal Contract Tower,0,0,4,0,4,0,2,6,2,10,0,2,10,2,14,18,2,20,34
03/03/2012,AEG,NM,ASW,WE,Federal Contract Tower,0,0,8,0,8,0,4,52,0,56,0,4,60,0,64,104,0,104,168
03/04/2012,AEG,NM,ASW,WE,Federal Contract Tower,0,0,5,2,7,0,2,62,0,64,0,2,67,2,71,134,0,134,205
03/05/2012,AEG,NM,ASW,WE,Federal Contract Tower,0,0,17,0,17,0,3,91,1,95,0,3,108,1,112,136,0,136,248
03/06/2012,AEG,NM,ASW,WE,Federal Contract Tower,0,0,6,0,6,0,2,52,0,54,0,2,58,0,60,58,0,58,118
03/07/2012,AEG,NM,ASW,WE,Federal Contract Tower,0,3,14,0,17,0,5,20,2,27,0,8,34,2,44,22,0,22,66
03/08/2012,AEG,NM,ASW,WE,Federal Contract Tower,0,0,8,0,8,0,2,12,0,14,0,2,20,0,22,12,0,12,34
03/09/2012,AEG,NM,ASW,WE,Federal Contract Tower,0,3,2,0,5,0,5,43,0,48,0,8,45,0,53,72,0,72,125
03/10/2012,AEG,NM,ASW,WE,Federal Contract Tower,0,0,11,0,11,0,2,31,0,33,0,2,42,0,44,128,0,128,172
03/11/2012,AEG,NM,ASW,WE,Federal Contract Tower,0,0,12,0,12,0,2,51,0,53,0,2,63,0,65,122,0,122,187
03/12/2012,AEG,NM,ASW,WE,Federal Contract Tower,0,0,28,0,28,0,7,74,0,81,0,7,102,0,109,160,0,160,269
03/13/2012,AEG,NM,ASW,WE,Federal Contract Tower,0,2,18,0,20,0,4,87,0,91,0,6,105,0,111,170,0,170,281
03/14/2012,AEG,NM,ASW,WE,Federal Contract Tower,0,0,19,0,19,0,7,93,0,100,0,7,112,0,119,170,0,170,289
03/15/2012,AEG,NM,ASW,WE,Federal Contract Tower,0,2,6,4,12,0,6,80,1,87,0,8,86,5,99,92,8,100,199
03/16/2012,AEG,NM,ASW,WE,Federal Contract Tower,0,0,27,4,31,0,8,109,0,117,0,8,136,4,148,234,0,234,382
03/17/2012,AEG,NM,ASW,WE,Federal Contract Tower,0,0,17,0,17,0,8,89,0,97,0,8,106,0,114,138,0,138,252
03/18/2012,AEG,NM,ASW,WE,Federal Contract Tower,0,2,5,0,7,0,0,1,0,1,0,2,6,0,8,0,0,0,8
03/19/2012,AEG,NM,ASW,WE,Federal Contract Tower,0,4,13,0,17,0,4,21,7,32,0,8,34,7,49,10,12,22,71
03/20/2012,AEG,NM,ASW,WE,Federal Contract Tower,0,0,1,0,1,0,2,10,2,14,0,2,11,2,15,0,0,0,15
03/21/2012,AEG,NM,ASW,WE,Federal Contract Tower,0,2,20,0,22,0,7,54,3,64,0,9,74,3,86,130,0,130,216
03/22/2012,AEG,NM,ASW,WE,Federal Contract Tower,0,2,22,0,24,0,9,71,6,86,0,11,93,6,110,124,26,150,260
03/23/2012,AEG,NM,ASW,WE,Federal Contract Tower,0,0,10,0,10,0,2,125,12,139,0,2,135,12,149,180,6,186,335
03/24/2012,AEG,NM,ASW,WE,Federal Contract Tower,0,0,16,0,16,0,7,145,16,168,0,7,161,16,184,108,0,108,292
03/25/2012,AEG,NM,ASW,WE,Federal Contract Tower,0,0,4,0,4,0,1,71,5,77,0,1,75,5,81,100,0,100,181
03/26/2012,AEG,NM,ASW,WE,Federal Contract Tower,0,1,22,2,25,0,3,29,7,39,0,4,51,9,64,60,0,60,124
03/27/2012,AEG,NM,ASW,WE,Federal Contract Tower,0,0,36,0,36,0,3,53,4,60,0,3,89,4,96,70,6,76,172
03/28/2012,AEG,NM,ASW,WE,Federal Contract Tower,0,0,5,0,5,0,6,85,11,102,0,6,90,11,107,90,22,112,219
03/29/2012,AEG,NM,ASW,WE,Federal Contract Tower,0,0,12,0,12,0,6,68,1,75,0,6,80,1,87,118,0,118,205
03/30/2012,AEG,NM,ASW,WE,Federal Contract Tower,0,1,13,3,17,0,2,75,4,81,0,3,88,7,98,82,6,88,186
03/31/2012,AEG,NM,ASW,WE,Federal Contract Tower,0,0,7,0,7,0,6,95,5,106,0,6,102,5,113,90,0,90,203
04/01/2012,AEG,NM,ASW,WE,Federal Contract Tower,0,0,6,0,6,0,8,51,0,59,0,8,57,0,65,52,0,52,117
04/02/2012,AEG,NM,ASW,WE,Federal Contract Tower,0,6,2,0,8,0,1,22,0,23,0,7,24,0,31,38,0,38,69
04/03/2012,AEG,NM,ASW,WE,Federal Contract Tower,0,0,3,0,3,0,0,5,2,7,0,0,8,2,10,2,10,12,22
04/04/2012,AEG,NM,ASW,WE,Federal Contract Tower,0,2,14,0,16,0,7,92,0,99,0,9,106,0,115,164,0,164,279
04/05/2012,AEG,NM,ASW,WE,Federal Contract Tower,0,4,13,0,17,0,11,84,0,95,0,15,97,0,112,100,0,100,212
04/06/2012,AEG,NM,ASW,WE,Federal Contract Tower,0,10,4,0,14,0,9,56,2,67,0,19,60,2,81,88,6,94,175
04/07/2012,AEG,NM,ASW,WE,Federal Contract Tower,0,1,6,0,7,0,8,69,0,77,0,9,75,0,84,94,0,94,178
04/08/2012,AEG,NM,ASW,WE,Federal Contract Tower,0,0,1,0,1,0,5,56,0,61,0,5,57,0,62,42,0,42,104
04/09/2012,AEG,NM,ASW,WE,Federal Contract Tower,0,0,14,2,16,0,4,50,0,54,0,4,64,2,70,112,0,112,182
04/10/2012,AEG,NM,ASW,WE,Federal Contract Tower,0,0,21,0,21,0,3,57,0,60,0,3,78,0,81,116,0,116,197
04/11/2012,AEG,NM,ASW,WE,Federal Contract Tower,0,3,10,1,14,0,3,42,8,53,0,6,52,9,67,64,2,66,133
04/12/2012,AEG,NM,ASW,WE,Federal Contract Tower,0,5,24,0,29,0,4,51,10,65,0,9,75,10,94,66,0,66,160
04/13/2012,AEG,NM,ASW,WE,Federal Contract Tower,0,0,13,0,13,0,13,70,8,91,0,13,83,8,104,162,0,162,266
04/14/2012,AEG,NM,ASW,WE,Federal Contract Tower,0,0,1,0,1,0,3,3,2,8,0,3,4,2,9,8,0,8,17
04/15/2012,AEG,NM,ASW,WE,Federal Contract Tower,0,4,4,1,9,0,4,30,13,47,0,8,34,14,56,90,14,104,160
04/16/2012,AEG,NM,ASW,WE,Federal Contract Tower,0,16,23,0,39,0,3,43,5,51,0,19,66,5,90,70,0,70,160
04/17/2012,AEG,NM,ASW,WE,Federal Contract Tower,0,1,14,3,18,0,3,84,8,95,0,4,98,11,113,110,4,114,227
04/18/2012,AEG,NM,ASW,WE,Federal Contract Tower,0,0,20,0,20,0,3,79,4,86,0,3,99,4,106,130,0,130,236
04/19/2012,AEG,NM,ASW,WE,Federal Contract Tower,0,1,6,0,7,0,4,71,2,77,0,5,77,2,84,68,0,68,152
04/20/2012,AEG,NM,ASW,WE,Federal Contract Tower,0,0,19,0,19,0,2,96,4,102,0,2,115,4,121,192,10,202,323
04/21/2012,AEG,NM,ASW,WE,Federal Contract Tower,0,2,5,0,7,0,6,103,3,112,0,8,108,3,119,158,0,158,277
04/22/2012,AEG,NM,ASW,WE,Federal Contract Tower,0,9,2,0,11,0,3,76,3,82,0,12,78,3,93,82,0,82,175
04/23/2012,AEG,NM,ASW,WE,Federal Contract Tower,0,0,18,0,18,0,4,47,2,53,0,4,65,2,71,134,0,134,205
04/24/2012,AEG,NM,ASW,WE,Federal Contract Tower,0,12,16,0,28,0,6,47,2,55,0,18,63,2,83,126,0,126,209
04/25/2012,AEG,NM,ASW,WE,Federal Contract Tower,0,3,10,0,13,0,14,51,1,66,0,17,61,1,79,72,0,72,151
04/26/2012,AEG,NM,ASW,WE,Federal Contract Tower,0,11,8,4,23,0,0,0,0,0,0,11,8,4,23,34,0,34,57
04/27/2012,AEG,NM,ASW,WE,Federal Contract Tower,0,2,12,0,14,0,4,51,2,57,0,6,63,2,71,48,0,48,119
04/28/2012,AEG,NM,ASW,WE,Federal Contract Tower,0,0,15,0,15,0,2,116,2,120,0,2,131,2,135,178,0,178,313
04/29/2012,AEG,NM,ASW,WE,Federal Contract Tower,0,0,3,0,3,0,4,62,12,78,0,4,65,12,81,116,0,116,197
04/30/2012,AEG,NM,ASW,WE,Federal Contract Tower,0,0,9,0,9,0,2,50,13,65,0,2,59,13,74,52,0,52,126
05/01/2012,AEG,NM,ASW,WE,Federal Contract Tower,0,2,5,0,7,0,2,38,10,50,0,4,43,10,57,54,0,54,111
05/02/2012,AEG,NM,ASW,WE,Federal Contract Tower,0,3,15,0,18,0,4,68,15,87,0,7,83,15,105,96,4,100,205
05/03/2012,AEG,NM,ASW,WE,Federal Contract Tower,0,6,11,0,17,0,8,83,6,97,0,14,94,6,114,110,0,110,224
05/04/2012,AEG,NM,ASW,WE,Federal Contract Tower,0,0,22,0,22,0,9,106,2,117,0,9,128,2,139,130,6,136,275
05/05/2012,AEG,NM,ASW,WE,Federal Contract Tower,0,0,14,2,16,0,8,93,14,115,0,8,107,16,131,136,0,136,267
05/06/2012,AEG,NM,ASW,WE,Federal Contract Tower,0,2,14,0,16,0,7,65,0,72,0,9,79,0,88,126,0,126,214
05/07/2012,AEG,NM,ASW,WE,Federal Contract Tower,0,1,7,0,8,0,1,10,0,11,0,2,17,0,19,4,0,4,23
05/08/2012,AEG,NM,ASW,WE,Federal Contract Tower,0,0,13,0,13,0,5,23,1,29,0,5,36,1,42,34,30,64,106
05/09/2012,AEG,NM,ASW,WE,Federal Contract Tower,0,0,7,0,7,0,4,66,2,72,0,4,73,2,79,72,2,74,153
05/10/2012,AEG,NM,ASW,WE,Federal Contract Tower,0,3,8,0,11,0,11,61,2,74,0,14,69,2,85,94,0,94,179
05/11/2012,AEG,NM,ASW,WE,Federal Contract Tower,0,1,3,0,4,0,1,51,2,54,0,2,54,2,58,40,0,40,98
05/12/2012,AEG,NM,ASW,WE,Federal Contract Tower,0,1,5,0,6,0,1,54,0,55,0,2,59,0,61,114,0,114,175
05/13/2012,AEG,NM,ASW,WE,Federal Contract Tower,0,0,8,0,8,0,7,33,0,40,0,7,41,0,48,80,0,80,128
05/14/2012,AEG,NM,ASW,WE,Federal Contract Tower,0,0,22,0,22,0,0,49,0,49,0,0,71,0,71,70,0,70,141
05/15/2012,AEG,NM,ASW,WE,Federal Contract Tower,0,7,18,0,25,0,2,68,0,70,0,9,86,0,95,42,0,42,137
05/16/2012,AEG,NM,ASW,WE,Federal Contract Tower,0,2,15,0,17,0,2,50,0,52,0,4,65,0,69,70,0,70,139
05/17/2012,AEG,NM,ASW,WE,Federal Contract Tower,0,2,9,0,11,0,0,72,6,78,0,2,81,6,89,92,0,92,181
05/18/2012,AEG,NM,ASW,WE,Federal Contract Tower,0,0,22,0,22,0,4,84,0,88,0,4,106,0,110,152,0,152,262
05/19/2012,AEG,NM,ASW,WE,Federal Contract Tower,0,0,13,0,13,0,4,82,0,86,0,4,95,0,99,80,0,80,179
05/20/2012,AEG,NM,ASW,WE,Federal Contract Tower,0,0,5,0,5,0,4,92,0,96,0,4,97,0,101,92,0,92,193
05/21/2012,AEG,NM,ASW,WE,Federal Contract Tower,0,0,27,0,27,0,3,69,0,72,0,3,96,0,99,148,0,148,247
05/22/2012,AEG,NM,ASW,WE,Federal Contract Tower,0,0,31,0,31,0,2,48,0,50,0,2,79,0,81,90,0,90,171
05/23/2012,AEG,NM,ASW,WE,Federal Contract Tower,0,0,9,0,9,0,6,24,0,30,0,6,33,0,39,14,0,14,53
05/24/2012,AEG,NM,ASW,WE,Federal Contract Tower,0,0,9,2,11,0,2,44,2,48,0,2,53,4,59,6,0,6,65
05/25/2012,AEG,NM,ASW,WE,Federal Contract Tower,0,2,11,0,13,0,3,33,0,36,0,5,44,0,49,30,0,30,79
05/26/2012,AEG,NM,ASW,WE,Federal Contract Tower,0,0,0,0,0,0,0,13,0,13,0,0,13,0,13,0,0,0,13
05/27/2012,AEG,NM,ASW,WE,Federal Contract Tower,0,0,3,0,3,0,5,44,0,49,0,5,47,0,52,68,0,68,120
05/28/2012,AEG,NM,ASW,WE,Federal Contract Tower,0,3,16,0,19,0,6,120,0,126,0,9,136,0,145,184,0,184,329
05/29/2012,AEG,NM,ASW,WE,Federal Contract Tower,0,4,16,0,20,0,4,66,0,70,0,8,82,0,90,134,0,134,224
05/30/2012,AEG,NM,ASW,WE,Federal Contract Tower,0,0,9,0,9,0,0,80,1,81,0,0,89,1,90,132,0,132,222
05/31/2012,AEG,NM,ASW,WE,Federal Contract Tower,0,0,10,0,10,0,2,70,0,72,0,2,80,0,82,88,0,88,170
06/01/2012,AEG,NM,ASW,WE,Federal Contract Tower,0,4,8,0,12,0,1,63,7,71,0,5,71,7,83,128,2,130,213
06/02/2012,AEG,NM,ASW,WE,Federal Contract Tower,0,0,8,0,8,0,3,96,5,104,0,3,104,5,112,98,8,106,218
06/03/2012,AEG,NM,ASW,WE,Federal Contract Tower,0,0,11,0,11,0,0,90,3,93,0,0,101,3,104,104,0,104,208
06/04/2012,AEG,NM,ASW,WE,Federal Contract Tower,0,2,5,0,7,0,4,48,3,55,0,6,53,3,62,98,0,98,160
06/05/2012,AEG,NM,ASW,WE,Federal Contract Tower,0,1,10,2,13,0,5,55,0,60,0,6,65,2,73,122,0,122,195
06/06/2012,AEG,NM,ASW,WE,Federal Contract Tower,0,1,7,6,14,0,3,73,1,77,0,4,80,7,91,168,8,176,267
06/07/2012,AEG,NM,ASW,WE,Federal Contract Tower,0,2,8,0,10,0,2,75,4,81,0,4,83,4,91,120,0,120,211
06/08/2012,AEG,NM,ASW,WE,Federal Contract Tower,0,2,11,0,13,0,0,76,0,76,0,2,87,0,89,156,0,156,245
06/09/2012,AEG,NM,ASW,WE,Federal Contract Tower,0,0,2,0,2,0,6,76,3,85,0,6,78,3,87,98,0,98,185
06/10/2012,AEG,NM,ASW,WE,Federal Contract Tower,0,0,9,0,9,0,2,64,0,66,0,2,73,0,75,74,0,74,149
06/11/2012,AEG,NM,ASW,WE,Federal Contract Tower,0,6,6,0,12,0,2,79,6,87,0,8,85,6,99,38,0,38,137
06/12/2012,AEG,NM,ASW,WE,Federal Contract Tower,0,0,12,0,12,0,2,41,3,46,0,2,53,3,58,62,70,132,190
06/13/2012,AEG,NM,ASW,WE,Federal Contract Tower,0,0,10,1,11,0,5,60,0,65,0,5,70,1,76,156,0,156,232
06/14/2012,AEG,NM,ASW,WE,Federal Contract Tower,0,2,18,3,23,0,7,89,3,99,0,9,107,6,122,148,0,148,270
06/15/2012,AEG,NM,ASW,WE,Federal Contract Tower,0,0,10,0,10,0,0,73,0,73,0,0,83,0,83,128,0,128,211
06/16/2012,AEG,NM,ASW,WE,Federal Contract Tower,0,0,8,0,8,0,0,74,2,76,0,0,82,2,84,62,0,62,146
06/17/2012,AEG,NM,ASW,WE,Federal Contract Tower,0,0,13,0,13,0,2,84,0,86,0,2,97,0,99,38,0,38,137
06/18/2012,AEG,NM,ASW,WE,Federal Contract Tower,0,10,8,0,18,0,1,48,0,49,0,11,56,0,67,90,0,90,157
06/19/2012,AEG,NM,ASW,WE,Federal Contract Tower,0,6,1,0,7,0,2,71,3,76,0,8,72,3,83,80,0,80,163
06/20/2012,AEG,NM,ASW,WE,Federal Contract Tower,0,2,14,0,16,0,1,98,3,102,0,3,112,3,118,146,0,146,264
06/21/2012,AEG,NM,ASW,WE,Federal Contract Tower,0,0,5,0,5,0,6,54,0,60,0,6,59,0,65,36,0,36,101
06/22/2012,AEG,NM,ASW,WE,Federal Contract Tower,0,2,8,0,10,0,8,80,2,90,0,10,88,2,100,126,0,126,226
06/23/2012,AEG,NM,ASW,WE,Federal Contract Tower,0,0,10,4,14,0,3,108,0,111,0,3,118,4,125,110,4,114,239
06/24/2012,AEG,NM,ASW,WE,Federal Contract Tower,0,0,12,0,12,0,6,65,2,73,0,6,77,2,85,102,0,102,187
06/25/2012,AEG,NM,ASW,WE,Federal Contract Tower,0,0,16,0,16,0,4,48,3,55,0,4,64,3,71,132,0,132,203
06/26/2012,AEG,NM,ASW,WE,Federal Contract Tower,0,2,1,0,3,0,4,61,0,65,0,6,62,0,68,122,0,122,190
06/27/2012,AEG,NM,ASW,WE,Federal Contract Tower,0,0,13,3,16,0,4,66,3,73,0,4,79,6,89,116,22,138,227
06/28/2012,AEG,NM,ASW,WE,Federal Contract Tower,0,2,5,2,9,0,5,61,1,67,0,7,66,3,76,124,8,132,208
06/29/2012,AEG,NM,ASW,WE,Federal Contract Tower,0,0,13,0,13,0,8,59,0,67,0,8,72,0,80,84,0,84,164
06/30/2012,AEG,NM,ASW,WE,Federal Contract Tower,0,0,8,0,8,0,0,73,0,73,0,0,81,0,81,112,0,112,193
07/01/2012,AEG,NM,ASW,WE,Federal Contract Tower,0,4,7,0,11,0,2,58,8,68,0,6,65,8,79,64,0,64,143
07/02/2012,AEG,NM,ASW,WE,Federal Contract Tower,0,3,8,3,14,0,3,64,7,74,0,6,72,10,88,66,26,92,180
07/03/2012,AEG,NM,ASW,WE,Federal Contract Tower,0,6,17,0,23,0,2,62,6,70,0,8,79,6,93,92,0,92,185
07/04/2012,AEG,NM,ASW,WE,Federal Contract Tower,0,0,5,0,5,0,4,66,6,76,0,4,71,6,81,62,2,64,145
07/05/2012,AEG,NM,ASW,WE,Federal Contract Tower,0,0,11,3,14,0,2,59,7,68,0,2,70,10,82,68,68,136,218
07/06/2012,AEG,NM,ASW,WE,Federal Contract Tower,0,2,12,0,14,0,8,87,18,113,0,10,99,18,127,220,0,220,347
07/07/2012,AEG,NM,ASW,WE,Federal Contract Tower,0,0,8,0,8,0,4,90,6,100,0,4,98,6,108,62,0,62,170
07/08/2012,AEG,NM,ASW,WE,Federal Contract Tower,0,2,9,8,19,0,2,60,10,72,0,4,69,18,91,100,2,102,193
07/09/2012,AEG,NM,ASW,WE,Federal Contract Tower,0,0,12,0,12,0,0,47,14,61,0,0,59,14,73,74,4,78,151
07/10/2012,AEG,NM,ASW,WE,Federal Contract Tower,0,5,2,0,7,0,7,63,0,70,0,12,65,0,77,104,0,104,181
07/11/2012,AEG,NM,ASW,WE,Federal Contract Tower,0,7,1,0,8,0,9,53,8,70,0,16,54,8,78,126,4,130,208
07/12/2012,AEG,NM,ASW,WE,Federal Contract Tower,0,0,8,0,8,0,5,98,19,122,0,5,106,19,130,184,28,212,342
07/13/2012,AEG,NM,ASW,WE,Federal Contract Tower,0,0,14,1,15,0,1,72,19,92,0,1,86,20,107,146,6,152,259
07/14/2012,AEG,NM,ASW,WE,Federal Contract Tower,0,0,14,0,14,0,9,112,15,136,0,9,126,15,150,224,2,226,376
07/15/2012,AEG,NM,ASW,WE,Federal Contract Tower,0,0,1,0,1,0,0,94,11,105,0,0,95,11,106,220,2,222,328
07/16/2012,AEG,NM,ASW,WE,Federal Contract Tower,0,2,9,0,11,0,0,42,9,51,0,2,51,9,62,80,0,80,142
07/17/2012,AEG,NM,ASW,WE,Federal Contract Tower,0,0,21,1,22,0,2,55,13,70,0,2,76,14,92,150,4,154,246
07/18/2012,AEG,NM,ASW,WE,Federal Contract Tower,0,2,4,0,6,0,2,52,4,58,0,4,56,4,64,98,0,98,162
07/19/2012,AEG,NM,ASW,WE,Federal Contract Tower,0,5,14,0,19,0,8,44,1,53,0,13,58,1,72,52,0,52,124
07/20/2012,AEG,NM,ASW,WE,Federal Contract Tower,0,4,26,0,30,0,5,102,3,110,0,9,128,3,140,182,0,182,322
07/21/2012,AEG,NM,ASW,WE,Federal Contract Tower,0,0,14,0,14,0,5,90,1,96,0,5,104,1,110,128,0,128,238
07/22/2012,AEG,NM,ASW,WE,Federal Contract Tower,0,0,3,0,3,0,0,56,13,69,0,0,59,13,72,62,2,64,136
07/23/2012,AEG,NM,ASW,WE,Federal Contract Tower,0,16,13,0,29,0,9,49,4,62,0,25,62,4,91,80,0,80,171
07/24/2012,AEG,NM,ASW,WE,Federal Contract Tower,0,0,16,0,16,0,2,54,3,59,0,2,70,3,75,72,0,72,147
07/25/2012,AEG,NM,ASW,WE,Federal Contract Tower,0,0,14,0,14,0,0,58,1,59,0,0,72,1,73,86,0,86,159
07/26/2012,AEG,NM,ASW,WE,Federal Contract Tower,0,0,18,0,18,0,2,47,1,50,0,2,65,1,68,74,0,74,142
07/27/2012,AEG,NM,ASW,WE,Federal Contract Tower,0,0,11,0,11,0,16,81,3,100,0,16,92,3,111,144,0,144,255
07/28/2012,AEG,NM,ASW,WE,Federal Contract Tower,0,0,15,0,15,0,0,91,1,92,0,0,106,1,107,202,0,202,309
07/29/2012,AEG,NM,ASW,WE,Federal Contract Tower,0,0,8,0,8,0,2,74,0,76,0,2,82,0,84,146,0,146,230
07/30/2012,AEG,NM,ASW,WE,Federal Contract Tower,0,0,16,0,16,0,2,49,0,51,0,2,65,0,67,186,0,186,253
07/31/2012,AEG,NM,ASW,WE,Federal Contract Tower,0,4,8,0,12,0,5,68,0,73,0,9,76,0,85,228,0,228,313
08/01/2012,AEG,NM,ASW,WE,Federal Contract Tower,0,0,16,0,16,0,2,67,0,69,0,2,83,0,85,72,0,72,157
08/02/2012,AEG,NM,ASW,WE,Federal Contract Tower,0,0,12,0,12,0,5,54,0,59,0,5,66,0,71,140,0,140,211
08/03/2012,AEG,NM,ASW,WE,Federal Contract Tower,0,3,2,0,5,0,2,48,0,50,0,5,50,0,55,149,0,149,204
08/04/2012,AEG,NM,ASW,WE,Federal Contract Tower,0,0,3,0,3,0,5,80,0,85,0,5,83,0,88,176,2,178,266
08/05/2012,AEG,NM,ASW,WE,Federal Contract Tower,0,0,4,0,4,0,2,49,0,51,0,2,53,0,55,102,0,102,157
08/06/2012,AEG,NM,ASW,WE,Federal Contract Tower,0,0,5,0,5,0,2,40,2,44,0,2,45,2,49,70,0,70,119
08/07/2012,AEG,NM,ASW,WE,Federal Contract Tower,0,2,8,0,10,0,0,50,5,55,0,2,58,5,65,140,0,140,205
08/08/2012,AEG,NM,ASW,WE,Federal Contract Tower,0,0,9,2,11,0,0,54,18,72,0,0,63,20,83,74,48,122,205
08/09/2012,AEG,NM,ASW,WE,Federal Contract Tower,0,5,14,0,19,0,3,64,19,86,0,8,78,19,105,106,60,166,271
08/10/2012,AEG,NM,ASW,WE,Federal Contract Tower,0,7,4,0,11,0,7,72,19,98,0,14,76,19,109,112,4,116,225
08/11/2012,AEG,NM,ASW,WE,Federal Contract Tower,0,0,5,0,5,0,2,58,6,66,0,2,63,6,71,154,0,154,225
08/12/2012,AEG,NM,ASW,WE,Federal Contract Tower,0,0,7,0,7,0,2,66,10,78,0,2,73,10,85,96,0,96,181
08/13/2012,AEG,NM,ASW,WE,Federal Contract Tower,0,17,4,0,21,0,2,46,10,58,0,19,50,10,79,80,10,90,169
08/14/2012,AEG,NM,ASW,WE,Federal Contract Tower,0,9,14,1,24,0,4,49,20,73,0,13,63,21,97,108,10,118,215
08/15/2012,AEG,NM,ASW,WE,Federal Contract Tower,0,0,10,0,10,0,10,53,26,89,0,10,63,26,99,108,0,108,207
08/16/2012,AEG,NM,ASW,WE,Federal Contract Tower,0,0,11,0,11,0,3,54,13,70,0,3,65,13,81,58,16,74,155
08/17/2012,AEG,NM,ASW,WE,Federal Contract Tower,0,0,18,0,18,0,6,84,10,100,0,6,102,10,118,212,0,212,330
08/18/2012,AEG,NM,ASW,WE,Federal Contract Tower,0,0,8,0,8,0,6,71,7,84,0,6,79,7,92,168,0,168,260
08/19/2012,AEG,NM,ASW,WE,Federal Contract Tower,0,0,8,0,8,0,1,82,2,85,0,1,90,2,93,114,0,114,207
08/20/2012,AEG,NM,ASW,WE,Federal Contract Tower,0,0,13,0,13,0,0,37,1,38,0,0,50,1,51,106,0,106,157
08/21/2012,AEG,NM,ASW,WE,Federal Contract Tower,0,0,5,0,5,0,2,58,1,61,0,2,63,1,66,74,0,74,140
08/22/2012,AEG,NM,ASW,WE,Federal Contract Tower,0,0,12,5,17,0,2,49,4,55,0,2,61,9,72,96,22,118,190
08/23/2012,AEG,NM,ASW,WE,Federal Contract Tower,0,1,14,0,15,0,2,46,1,49,0,3,60,1,64,108,0,108,172
08/24/2012,AEG,NM,ASW,WE,Federal Contract Tower,0,0,12,6,18,0,2,45,0,47,0,2,57,6,65,86,8,94,159
08/25/2012,AEG,NM,ASW,WE,Federal Contract Tower,0,0,5,0,5,0,0,117,0,117,0,0,122,0,122,220,0,220,342
08/26/2012,AEG,NM,ASW,WE,Federal Contract Tower,0,0,3,0,3,0,38,24,2,64,0,38,27,2,67,106,0,106,173
08/27/2012,AEG,NM,ASW,WE,Federal Contract Tower,0,5,7,1,13,0,3,66,0,69,0,8,73,1,82,74,0,74,156
08/28/2012,AEG,NM,ASW,WE,Federal Contract Tower,0,0,9,0,9,0,4,52,0,56,0,4,61,0,65,102,0,102,167
08/29/2012,AEG,NM,ASW,WE,Federal Contract Tower,0,0,10,0,10,0,4,58,2,64,0,4,68,2,74,28,28,56,130
08/30/2012,AEG,NM,ASW,WE,Federal Contract Tower,0,0,6,0,6,0,2,41,2,45,0,2,47,2,51,62,0,62,113
08/31/2012,AEG,NM,ASW,WE,Federal Contract Tower,0,0,13,2,15,0,0,86,4,90,0,0,99,6,105,220,2,222,327
09/01/2012,AEG,NM,ASW,WE,Federal Contract Tower,0,0,7,7,14,0,2,61,0,63,0,2,68,7,77,58,0,58,135
09/02/2012,AEG,NM,ASW,WE,Federal Contract Tower,0,0,8,0,8,0,2,86,0,88,0,2,94,0,96,54,0,54,150
09/03/2012,AEG,NM,ASW,WE,Federal Contract Tower,0,2,7,0,9,0,5,54,0,59,0,7,61,0,68,38,0,38,106
09/04/2012,AEG,NM,ASW,WE,Federal Contract Tower,0,2,8,2,12,0,0,47,0,47,0,2,55,2,59,94,2,96,155
09/05/2012,AEG,NM,ASW,WE,Federal Contract Tower,0,0,11,0,11,0,4,59,0,63,0,4,70,0,74,98,0,98,172
09/06/2012,AEG,NM,ASW,WE,Federal Contract Tower,0,0,14,0,14,0,6,79,0,85,0,6,93,0,99,86,0,86,185
09/07/2012,AEG,NM,ASW,WE,Federal Contract Tower,0,1,5,0,6,0,2,59,0,61,0,3,64,0,67,108,0,108,175
09/08/2012,AEG,NM,ASW,WE,Federal Contract Tower,0,0,4,0,4,0,6,15,0,21,0,6,19,0,25,4,0,4,29
09/09/2012,AEG,NM,ASW,WE,Federal Contract Tower,0,0,10,2,12,0,0,66,2,68,0,0,76,4,80,146,2,148,228
09/10/2012,AEG,NM,ASW,WE,Federal Contract Tower,0,4,10,0,14,0,3,45,2,50,0,7,55,2,64,56,26,82,146
09/11/2012,AEG,NM,ASW,WE,Federal Contract Tower,0,0,9,3,12,0,2,32,5,39,0,2,41,8,51,22,6,28,79
09/12/2012,AEG,NM,ASW,WE,Federal Contract Tower,0,2,18,0,20,0,2,37,3,42,0,4,55,3,62,14,0,14,76
09/13/2012,AEG,NM,ASW,WE,Federal Contract Tower,0,0,7,0,7,0,0,35,6,41,0,0,42,6,48,26,0,26,74
09/14/2012,AEG,NM,ASW,WE,Federal Contract Tower,0,0,29,0,29,0,4,74,13,91,0,4,103,13,120,78,0,78,198
09/15/2012,AEG,NM,ASW,WE,Federal Contract Tower,0,2,12,0,14,0,2,108,9,119,0,4,120,9,133,74,0,74,207
09/16/2012,AEG,NM,ASW,WE,Federal Contract Tower,0,0,10,2,12,0,2,77,12,91,0,2,87,14,103,98,0,98,201
09/17/2012,AEG,NM,ASW,WE,Federal Contract Tower,0,3,20,0,23,0,5,55,11,71,0,8,75,11,94,48,30,78,172
09/18/2012,AEG,NM,ASW,WE,Federal Contract Tower,0,0,7,0,7,0,4,67,13,84,0,4,74,13,91,80,0,80,171
09/19/2012,AEG,NM,ASW,WE,Federal Contract Tower,0,0,10,0,10,0,0,62,12,74,0,0,72,12,84,48,74,122,206
09/20/2012,AEG,NM,ASW,WE,Federal Contract Tower,0,0,21,1,22,0,0,86,18,104,0,0,107,19,126,90,8,98,224
09/21/2012,AEG,NM,ASW,WE,Federal Contract Tower,0,0,18,1,19,0,2,81,15,98,0,2,99,16,117,68,2,70,187
09/22/2012,AEG,NM,ASW,WE,Federal Contract Tower,0,0,6,0,6,0,2,95,0,97,0,2,101,0,103,114,0,114,217
09/23/2012,AEG,NM,ASW,WE,Federal Contract Tower,0,0,15,0,15,0,0,75,6,81,0,0,90,6,96,90,0,90,186
09/24/2012,AEG,NM,ASW,WE,Federal Contract Tower,0,5,25,2,32,0,2,48,0,50,0,7,73,2,82,116,4,120,202
09/25/2012,AEG,NM,ASW,WE,Federal Contract Tower,0,0,5,0,5,0,1,61,1,63,0,1,66,1,68,66,0,66,134
09/26/2012,AEG,NM,ASW,WE,Federal Contract Tower,0,0,11,0,11,0,0,50,0,50,0,0,61,0,61,34,0,34,95
09/27/2012,AEG,NM,ASW,WE,Federal Contract Tower,0,0,15,0,15,0,4,60,15,79,0,4,75,15,94,90,0,90,184
09/28/2012,AEG,NM,ASW,WE,Federal Contract Tower,0,2,9,0,11,0,3,61,1,65,0,5,70,1,76,52,0,52,128
09/29/2012,AEG,NM,ASW,WE,Federal Contract Tower,0,0,5,0,5,0,5,84,0,89,0,5,89,0,94,120,0,120,214
09/30/2012,AEG,NM,ASW,WE,Federal Contract Tower,0,0,9,0,9,0,3,84,3,90,0,3,93,3,99,170,0,170,269
10/01/2012,AEG,NM,ASW,WE,Federal Contract Tower,0,0,10,0,10,0,7,42,3,52,0,7,52,3,62,62,0,62,124
10/02/2012,AEG,NM,ASW,WE,Federal Contract Tower,0,3,13,0,16,0,1,42,9,52,0,4,55,9,68,42,2,44,112
10/03/2012,AEG,NM,ASW,WE,Federal Contract Tower,0,0,15,0,15,0,0,43,8,51,0,0,58,8,66,78,26,104,170
10/04/2012,AEG,NM,ASW,WE,Federal Contract Tower,0,0,12,0,12,0,2,71,11,84,0,2,83,11,96,66,0,66,162
10/05/2012,AEG,NM,ASW,WE,Federal Contract Tower,0,0,16,2,18,0,0,83,8,91,0,0,99,10,109,98,8,106,215
10/06/2012,AEG,NM,ASW,WE,Federal Contract Tower,0,0,15,0,15,0,7,74,5,86,0,7,89,5,101,66,0,66,167
10/07/2012,AEG,NM,ASW,WE,Federal Contract Tower,0,0,16,2,18,0,2,68,3,73,0,2,84,5,91,62,0,62,153
10/08/2012,AEG,NM,ASW,WE,Federal Contract Tower,0,0,16,1,17,0,4,76,1,81,0,4,92,2,98,74,0,74,172
10/09/2012,AEG,NM,ASW,WE,Federal Contract Tower,0,0,9,0,9,0,2,71,2,75,0,2,80,2,84,80,2,82,166
10/10/2012,AEG,NM,ASW,WE,Federal Contract Tower,0,0,18,0,18,0,6,67,0,73,0,6,85,0,91,72,0,72,163
10/11/2012,AEG,NM,ASW,WE,Federal Contract Tower,0,8,7,2,17,0,3,50,1,54,0,11,57,3,71,38,0,38,109
10/12/2012,AEG,NM,ASW,WE,Federal Contract Tower,0,8,3,0,11,0,3,20,0,23,0,11,23,0,34,30,0,30,64
10/13/2012,AEG,NM,ASW,WE,Federal Contract Tower,0,0,10,0,10,0,2,52,0,54,0,2,62,0,64,48,0,48,112
10/14/2012,AEG,NM,ASW,WE,Federal Contract Tower,0,1,20,0,21,0,2,102,0,104,0,3,122,0,125,130,0,130,255
10/15/2012,AEG,NM,ASW,WE,Federal Contract Tower,0,7,6,3,16,0,6,39,0,45,0,13,45,3,61,162,0,162,223
10/16/2012,AEG,NM,ASW,WE,Federal Contract Tower,0,0,1,0,1,0,2,44,0,46,0,2,45,0,47,98,0,98,145
10/17/2012,AEG,NM,ASW,WE,Federal Contract Tower,0,2,14,1,17,0,4,42,1,47,0,6,56,2,64,32,0,32,96
10/18/2012,AEG,NM,ASW,WE,Federal Contract Tower,0,0,14,0,14,0,4,64,0,68,0,4,78,0,82,68,0,68,150
10/19/2012,AEG,NM,ASW,WE,Federal Contract Tower,0,1,42,0,43,0,3,73,0,76,0,4,115,0,119,118,0,118,237
10/20/2012,AEG,NM,ASW,WE,Federal Contract Tower,0,0,12,0,12,0,8,99,2,109,0,8,111,2,121,206,4,210,331
10/21/2012,AEG,NM,ASW,WE,Federal Contract Tower,0,0,21,0,21,0,0,82,7,89,0,0,103,7,110,36,0,36,146
10/22/2012,AEG,NM,ASW,WE,Federal Contract Tower,0,6,14,0,20,0,5,45,14,64,0,11,59,14,84,54,4,58,142
10/23/2012,AEG,NM,ASW,WE,Federal Contract Tower,0,0,11,9,20,0,0,48,24,72,0,0,59,33,92,92,32,124,216
10/24/2012,AEG,NM,ASW,WE,Federal Contract Tower,0,6,23,0,29,0,8,40,22,70,0,14,63,22,99,60,58,118,217
10/25/2012,AEG,NM,ASW,WE,Federal Contract Tower,0,3,6,2,11,0,6,46,15,67,0,9,52,17,78,66,98,164,242
10/26/2012,AEG,NM,ASW,WE,Federal Contract Tower,0,5,3,1,9,0,9,62,22,93,0,14,65,23,102,118,10,128,230
10/27/2012,AEG,NM,ASW,WE,Federal Contract Tower,0,0,15,0,15,0,8,74,11,93,0,8,89,11,108,122,16,138,246
10/28/2012,AEG,NM,ASW,WE,Federal Contract Tower,0,0,3,0,3,0,4,81,14,99,0,4,84,14,102,86,58,144,246
10/29/2012,AEG,NM,ASW,WE,Federal Contract Tower,0,1,11,0,12,0,3,71,5,79,0,4,82,5,91,70,2,72,163
10/30/2012,AEG,NM,ASW,WE,Federal Contract Tower,0,0,9,0,9,0,2,78,7,87,0,2,87,7,96,118,6,124,220
10/31/2012,AEG,NM,ASW,WE,Federal Contract Tower,0,1,2,4,7,0,2,64,2,68,0,3,66,6,75,75,0,75,150
11/01/2012,AEG,NM,ASW,WE,Federal Contract Tower,0,0,6,0,6,0,4,50,5,59,0,4,56,5,65,112,0,112,177
11/02/2012,AEG,NM,ASW,WE,Federal Contract Tower,0,0,18,0,18,0,4,68,2,74,0,4,86,2,92,134,0,134,226
11/03/2012,AEG,NM,ASW,WE,Federal Contract Tower,0,0,7,0,7,0,9,121,9,139,0,9,128,9,146,66,16,82,228
11/04/2012,AEG,NM,ASW,WE,Federal Contract Tower,0,0,12,2,14,0,2,81,7,90,0,2,93,9,104,110,6,116,220
11/05/2012,AEG,NM,ASW,WE,Federal Contract Tower,0,1,5,0,6,0,4,31,8,43,0,5,36,8,49,40,4,44,93
11/06/2012,AEG,NM,ASW,WE,Federal Contract Tower,0,1,13,0,14,0,2,55,7,64,0,3,68,7,78,72,42,114,192
11/07/2012,AEG,NM,ASW,WE,Federal Contract Tower,0,0,9,1,10,0,2,57,19,78,0,2,66,20,88,36,68,104,192
11/08/2012,AEG,NM,ASW,WE,Federal Contract Tower,0,5,7,2,14,0,4,39,22,65,0,9,46,24,79,78,84,162,241
11/09/2012,AEG,NM,ASW,WE,Federal Contract Tower,0,14,11,3,28,0,2,22,8,32,0,16,33,11,60,84,12,96,156
11/10/2012,AEG,NM,ASW,WE,Federal Contract Tower,0,0,0,0,0,0,0,5,2,7,0,0,5,2,7,0,0,0,7
11/11/2012,AEG,NM,ASW,WE,Federal Contract Tower,0,1,4,0,5,0,1,16,13,30,0,2,20,13,35,24,2,26,61
11/12/2012,AEG,NM,ASW,WE,Federal Contract Tower,0,1,12,0,13,0,2,35,14,51,0,3,47,14,64,130,16,146,210
11/13/2012,AEG,NM,ASW,WE,Federal Contract Tower,0,0,18,2,20,0,5,47,15,67,0,5,65,17,87,72,22,94,181
11/14/2012,AEG,NM,ASW,WE,Federal Contract Tower,0,0,19,6,25,0,3,66,9,78,0,3,85,15,103,56,0,56,159
11/15/2012,AEG,NM,ASW,WE,Federal Contract Tower,0,0,7,0,7,0,0,58,4,62,0,0,65,4,69,102,0,102,171
11/16/2012,AEG,NM,ASW,WE,Federal Contract Tower,0,4,25,2,31,0,8,74,12,94,0,12,99,14,125,134,0,134,259
11/17/2012,AEG,NM,ASW,WE,Federal Contract Tower,0,0,28,1,29,0,7,141,3,151,0,7,169,4,180,218,8,226,406
11/18/2012,AEG,NM,ASW,WE,Federal Contract Tower,0,0,13,0,13,0,6,48,2,56,0,6,61,2,69,66,10,76,145
11/19/2012,AEG,NM,ASW,WE,Federal Contract Tower,0,3,9,2,14,0,3,53,4,60,0,6,62,6,74,82,0,82,156
11/20/2012,AEG,NM,ASW,WE,Federal Contract Tower,0,1,21,2,24,0,6,74,4,84,0,7,95,6,108,168,0,168,276
11/21/2012,AEG,NM,ASW,WE,Federal Contract Tower,0,0,11,0,11,0,7,61,0,68,0,7,72,0,79,156,0,156,235
11/22/2012,AEG,NM,ASW,WE,Federal Contract Tower,0,0,2,0,2,0,3,39,0,42,0,3,41,0,44,20,0,20,64
11/23/2012,AEG,NM,ASW,WE,Federal Contract Tower,0,0,7,0,7,0,3,64,0,67,0,3,71,0,74,92,0,92,166
11/24/2012,AEG,NM,ASW,WE,Federal Contract Tower,0,2,15,0,17,0,5,68,2,75,0,7,83,2,92,102,0,102,194
11/25/2012,AEG,NM,ASW,WE,Federal Contract Tower,0,0,17,0,17,0,3,69,0,72,0,3,86,0,89,122,0,122,211
11/26/2012,AEG,NM,ASW,WE,Federal Contract Tower,0,6,10,1,17,0,5,47,1,53,0,11,57,2,70,92,8,100,170
11/27/2012,AEG,NM,ASW,WE,Federal Contract Tower,0,4,12,1,17,0,5,44,4,53,0,9,56,5,70,58,8,66,136
11/28/2012,AEG,NM,ASW,WE,Federal Contract Tower,0,3,9,2,14,0,8,65,2,75,0,11,74,4,89,78,0,78,167
11/29/2012,AEG,NM,ASW,WE,Federal Contract Tower,0,5,12,0,17,0,9,61,2,72,0,14,73,2,89,98,0,98,187
11/30/2012,AEG,NM,ASW,WE,Federal Contract Tower,0,8,8,0,16,0,12,62,2,76,0,20,70,2,92,184,0,184,276
12/01/2012,AEG,NM,ASW,WE,Federal Contract Tower,0,0,13,0,13,0,1,99,1,101,0,1,112,1,114,88,0,88,202
12/02/2012,AEG,NM,ASW,WE,Federal Contract Tower,0,1,20,4,25,0,3,61,2,66,0,4,81,6,91,94,0,94,185
12/03/2012,AEG,NM,ASW,WE,Federal Contract Tower,0,0,16,1,17,0,5,36,3,44,0,5,52,4,61,60,0,60,121
12/04/2012,AEG,NM,ASW,WE,Federal Contract Tower,0,0,5,2,7,0,3,43,2,48,0,3,48,4,55,86,6,92,147
12/05/2012,AEG,NM,ASW,WE,Federal Contract Tower,0,0,12,0,12,0,7,55,4,66,0,7,67,4,78,38,0,38,116
12/06/2012,AEG,NM,ASW,WE,Federal Contract Tower,0,4,12,0,16,0,7,54,7,68,0,11,66,7,84,96,50,146,230
12/07/2012,AEG,NM,ASW,WE,Federal Contract Tower,0,0,14,2,16,0,0,68,6,74,0,0,82,8,90,116,26,142,232
12/08/2012,AEG,NM,ASW,WE,Federal Contract Tower,0,0,2,0,2,0,5,69,1,75,0,5,71,1,77,122,0,122,199
12/09/2012,AEG,NM,ASW,WE,Federal Contract Tower,0,0,4,0,4,0,0,13,0,13,0,0,17,0,17,32,0,32,49
12/10/2012,AEG,NM,ASW,WE,Federal Contract Tower,0,0,14,0,14,0,1,13,2,16,0,1,27,2,30,38,0,38,68
12/11/2012,AEG,NM,ASW,WE,Federal Contract Tower,0,0,6,0,6,0,0,45,0,45,0,0,51,0,51,56,0,56,107
12/12/2012,AEG,NM,ASW,WE,Federal Contract Tower,0,0,21,0,21,0,3,60,2,65,0,3,81,2,86,62,0,62,148
12/13/2012,AEG,NM,ASW,WE,Federal Contract Tower,0,4,23,1,28,0,2,70,3,75,0,6,93,4,103,116,0,116,219
12/14/2012,AEG,NM,ASW,WE,Federal Contract Tower,0,0,11,0,11,0,3,4,0,7,0,3,15,0,18,8,0,8,26
12/15/2012,AEG,NM,ASW,WE,Federal Contract Tower,0,0,5,0,5,0,6,17,4,27,0,6,22,4,32,56,22,78,110
12/16/2012,AEG,NM,ASW,WE,Federal Contract Tower,0,2,11,0,13,0,2,22,0,24,0,4,33,0,37,64,0,64,101
12/17/2012,AEG,NM,ASW,WE,Federal Contract Tower,0,0,16,0,16,0,2,35,2,39,0,2,51,2,55,82,0,82,137
12/18/2012,AEG,NM,ASW,WE,Federal Contract Tower,0,2,16,1,19,0,3,69,4,76,0,5,85,5,95,88,6,94,189
12/19/2012,AEG,NM,ASW,WE,Federal Contract Tower,0,0,5,0,5,0,2,1,0,3,0,2,6,0,8,0,0,0,8
12/20/2012,AEG,NM,ASW,WE,Federal Contract Tower,0,0,12,3,15,0,6,65,7,78,0,6,77,10,93,122,16,138,231
12/21/2012,AEG,NM,ASW,WE,Federal Contract Tower,0,1,13,0,14,0,3,69,0,72,0,4,82,0,86,102,0,102,188
12/22/2012,AEG,NM,ASW,WE,Federal Contract Tower,0,0,18,0,18,0,0,82,0,82,0,0,100,0,100,134,0,134,234
12/23/2012,AEG,NM,ASW,WE,Federal Contract Tower,0,0,12,0,12,0,2,62,0,64,0,2,74,0,76,116,0,116,192
12/24/2012,AEG,NM,ASW,WE,Federal Contract Tower,0,0,5,0,5,0,0,17,0,17,0,0,22,0,22,78,0,78,100
12/25/2012,AEG,NM,ASW,WE,Federal Contract Tower,0,0,4,0,4,0,2,6,0,8,0,2,10,0,12,6,0,6,18
12/26/2012,AEG,NM,ASW,WE,Federal Contract Tower,0,0,26,0,26,0,4,61,0,65,0,4,87,0,91,26,0,26,117
12/27/2012,AEG,NM,ASW,WE,Federal Contract Tower,0,2,12,0,14,0,4,43,2,49,0,6,55,2,63,44,20,64,127
12/28/2012,AEG,NM,ASW,WE,Federal Contract Tower,0,2,7,0,9,0,6,41,0,47,0,8,48,0,56,86,0,86,142
12/29/2012,AEG,NM,ASW,WE,Federal Contract Tower,0,0,18,0,18,0,0,71,0,71,0,0,89,0,89,50,0,50,139
12/30/2012,AEG,NM,ASW,WE,Federal Contract Tower,0,0,19,0,19,0,4,52,0,56,0,4,71,0,75,138,0,138,213
12/31/2012,AEG,NM,ASW,WE,Federal Contract Tower,0,0,2,0,2,0,0,8,0,8,0,0,10,0,10,6,0,6,16
01/01/2013,AEG,NM,ASW,WE,Federal Contract Tower,0,0,8,0,8,0,0,53,0,53,0,0,61,0,61,74,0,74,135
01/02/2013,AEG,NM,ASW,WE,Federal Contract Tower,0,0,7,0,7,0,0,56,0,56,0,0,63,0,63,44,0,44,107
01/03/2013,AEG,NM,ASW,WE,Federal Contract Tower,0,0,7,0,7,0,3,30,2,35,0,3,37,2,42,62,8,70,112
01/04/2013,AEG,NM,ASW,WE,Federal Contract Tower,0,0,20,0,20,0,5,54,0,59,0,5,74,0,79,80,0,80,159
01/05/2013,AEG,NM,ASW,WE,Federal Contract Tower,0,0,12,1,13,0,0,65,1,66,0,0,77,2,79,194,0,194,273
01/06/2013,AEG,NM,ASW,WE,Federal Contract Tower,0,0,8,1,9,0,6,78,0,84,0,6,86,1,93,126,0,126,219
01/07/2013,AEG,NM,ASW,WE,Federal Contract Tower,0,0,14,0,14,0,0,73,6,79,0,0,87,6,93,136,4,140,233
01/08/2013,AEG,NM,ASW,WE,Federal Contract Tower,0,2,10,0,12,0,1,41,4,46,0,3,51,4,58,54,0,54,112
01/09/2013,AEG,NM,ASW,WE,Federal Contract Tower,0,0,14,3,17,0,4,67,4,75,0,4,81,7,92,48,12,60,152
01/10/2013,AEG,NM,ASW,WE,Federal Contract Tower,0,0,23,1,24,0,0,44,8,52,0,0,67,9,76,70,14,84,160
01/11/2013,AEG,NM,ASW,WE,Federal Contract Tower,0,0,5,0,5,0,0,2,8,10,0,0,7,8,15,8,0,8,23
01/12/2013,AEG,NM,ASW,WE,Federal Contract Tower,0,0,12,0,12,0,2,41,9,52,0,2,53,9,64,80,2,82,146
01/13/2013,AEG,NM,ASW,WE,Federal Contract Tower,0,2,4,2,8,0,1,50,3,54,0,3,54,5,62,58,0,58,120
01/14/2013,AEG,NM,ASW,WE,Federal Contract Tower,0,2,5,0,7,0,0,7,4,11,0,2,12,4,18,24,0,24,42
01/15/2013,AEG,NM,ASW,WE,Federal Contract Tower,0,0,18,0,18,0,0,37,10,47,0,0,55,10,65,58,2,60,125
01/16/2013,AEG,NM,ASW,WE,Federal Contract Tower,0,0,8,2,10,0,0,38,7,45,0,0,46,9,55,54,2,56,111
01/17/2013,AEG,NM,ASW,WE,Federal Contract Tower,0,1,11,9,21,0,5,66,10,81,0,6,77,19,102,168,28,196,298
01/18/2013,AEG,NM,ASW,WE,Federal Contract Tower,0,0,10,2,12,0,2,83,1,86,0,2,93,3,98,130,12,142,240
01/19/2013,AEG,NM,ASW,WE,Federal Contract Tower,0,0,25,0,25,0,2,93,2,97,0,2,118,2,122,92,0,92,214
01/20/2013,AEG,NM,ASW,WE,Federal Contract Tower,0,2,15,0,17,0,2,86,0,88,0,4,101,0,105,104,0,104,209
01/21/2013,AEG,NM,ASW,WE,Federal Contract Tower,0,0,11,2,13,0,0,67,0,67,0,0,78,2,80,74,0,74,154
01/22/2013,AEG,NM,ASW,WE,Federal Contract Tower,0,3,18,1,22,0,5,49,3,57,0,8,67,4,79,40,4,44,123
01/23/2013,AEG,NM,ASW,WE,Federal Contract Tower,0,0,22,0,22,0,1,67,2,70,0,1,89,2,92,78,0,78,170
01/24/2013,AEG,NM,ASW,WE,Federal Contract Tower,0,1,23,0,24,0,9,51,7,67,0,10,74,7,91,112,0,112,203
01/25/2013,AEG,NM,ASW,WE,Federal Contract Tower,0,2,25,2,29,0,2,75,1,78,0,4,100,3,107,160,2,162,269
01/26/2013,AEG,NM,ASW,WE,Federal Contract Tower,0,0,26,0,26,0,2,20,0,22,0,2,46,0,48,64,0,64,112
01/27/2013,AEG,NM,ASW,WE,Federal Contract Tower,0,0,37,4,41,0,4,40,0,44,0,4,77,4,85,122,0,122,207
01/28/2013,AEG,NM,ASW,WE,Federal Contract Tower,0,0,6,0,6,0,1,8,2,11,0,1,14,2,17,72,10,82,99
01/29/2013,AEG,NM,ASW,WE,Federal Contract Tower,0,2,4,0,6,0,2,2,0,4,0,4,6,0,10,0,0,0,10
01/30/2013,AEG,NM,ASW,WE,Federal Contract Tower,0,0,10,3,13,0,0,51,5,56,0,0,61,8,69,20,6,26,95
01/31/2013,AEG,NM,ASW,WE,Federal Contract Tower,0,0,15,2,17,0,4,73,2,79,0,4,88,4,96,160,2,162,258
02/01/2013,AEG,NM,ASW,WE,Federal Contract Tower,0,1,13,8,22,0,2,70,0,72,0,3,83,8,94,106,8,114,208
02/02/2013,AEG,NM,ASW,WE,Federal Contract Tower,0,0,9,0,9,0,4,80,1,85,0,4,89,1,94,156,0,156,250
02/03/2013,AEG,NM,ASW,WE,Federal Contract Tower,0,0,17,0,17,0,1,84,0,85,0,1,101,0,102,136,0,136,238
02/04/2013,AEG,NM,ASW,WE,Federal Contract Tower,0,1,5,0,6,0,1,34,0,35,0,2,39,0,41,56,0,56,97
02/05/2013,AEG,NM,ASW,WE,Federal Contract Tower,0,1,4,2,7,0,0,63,4,67,0,1,67,6,74,186,6,192,266
02/06/2013,AEG,NM,ASW,WE,Federal Contract Tower,0,4,12,2,18,0,6,52,4,62,0,10,64,6,80,198,4,202,282
02/07/2013,AEG,NM,ASW,WE,Federal Contract Tower,0,0,24,5,29,0,4,65,6,75,0,4,89,11,104,42,20,62,166
02/08/2013,AEG,NM,ASW,WE,Federal Contract Tower,0,0,15,0,15,0,4,36,1,41,0,4,51,1,56,126,26,152,208
02/09/2013,AEG,NM,ASW,WE,Federal Contract Tower,0,0,2,1,3,0,1,7,2,10,0,1,9,3,13,0,38,38,51
02/10/2013,AEG,NM,ASW,WE,Federal Contract Tower,0,0,13,0,13,0,2,25,0,27,0,2,38,0,40,42,0,42,82
02/11/2013,AEG,NM,ASW,WE,Federal Contract Tower,0,1,8,0,9,0,2,43,0,45,0,3,51,0,54,226,0,226,280
02/12/2013,AEG,NM,ASW,WE,Federal Contract Tower,0,0,5,2,7,0,2,36,4,42,0,2,41,6,49,72,10,82,131
02/13/2013,AEG,NM,ASW,WE,Federal Contract Tower,0,1,17,5,23,0,0,55,0,55,0,1,72,5,78,66,20,86,164
02/14/2013,AEG,NM,ASW,WE,Federal Contract Tower,0,0,15,1,16,0,0,49,3,52,0,0,64,4,68,96,6,102,170
02/15/2013,AEG,NM,ASW,WE,Federal Contract Tower,0,0,4,0,4,0,4,37,0,41,0,4,41,0,45,126,0,126,171
02/16/2013,AEG,NM,ASW,WE,Federal Contract Tower,0,0,16,0,16,0,5,160,0,165,0,5,176,0,181,74,0,74,255
02/17/2013,AEG,NM,ASW,WE,Federal Contract Tower,0,0,10,0,10,0,2,75,0,77,0,2,85,0,87,130,0,130,217
02/18/2013,AEG,NM,ASW,WE,Federal Contract Tower,0,1,10,0,11,0,7,32,0,39,0,8,42,0,50,34,0,34,84
02/19/2013,AEG,NM,ASW,WE,Federal Contract Tower,0,2,7,0,9,0,5,46,5,56,0,7,53,5,65,70,0,70,135
02/20/2013,AEG,NM,ASW,WE,Federal Contract Tower,0,2,5,0,7,0,2,8,1,11,0,4,13,1,18,4,0,4,22
02/21/2013,AEG,NM,ASW,WE,Federal Contract Tower,0,1,15,5,21,0,0,40,7,47,0,1,55,12,68,40,20,60,128
02/22/2013,AEG,NM,ASW,WE,Federal Contract Tower,0,0,27,3,30,0,2,40,4,46,0,2,67,7,76,104,12,116,192
02/23/2013,AEG,NM,ASW,WE,Federal Contract Tower,0,0,10,0,10,0,2,99,2,103,0,2,109,2,113,168,0,168,281
02/24/2013,AEG,NM,ASW,WE,Federal Contract Tower,0,0,7,0,7,0,3,3,1,7,0,3,10,1,14,50,0,50,64
02/25/2013,AEG,NM,ASW,WE,Federal Contract Tower,0,0,25,4,29,0,0,21,3,24,0,0,46,7,53,36,4,40,93
02/26/2013,AEG,NM,ASW,WE,Federal Contract Tower,0,0,17,0,17,0,2,26,4,32,0,2,43,4,49,44,0,44,93
02/27/2013,AEG,NM,ASW,WE,Federal Contract Tower,0,0,33,4,37,0,2,96,8,106,0,2,129,12,143,112,4,116,259
02/28/2013,AEG,NM,ASW,WE,Federal Contract Tower,0,0,7,0,7,0,0,46,5,51,0,0,53,5,58,126,2,128,186
03/01/2013,AEG,NM,ASW,WE,Federal Contract Tower,0,0,13,0,13,0,3,66,3,72,0,3,79,3,85,110,0,110,195
03/02/2013,AEG,NM,ASW,WE,Federal Contract Tower,0,0,19,0,19,0,2,124,5,131,0,2,143,5,150,206,0,206,356
03/03/2013,AEG,NM,ASW,WE,Federal Contract Tower,0,0,10,0,10,0,0,58,7,65,0,0,68,7,75,98,0,98,173
03/04/2013,AEG,NM,ASW,WE,Federal Contract Tower,0,5,1,1,7,0,4,13,3,20,0,9,14,4,27,42,0,42,69
03/05/2013,AEG,NM,ASW,WE,Federal Contract Tower,0,0,19,0,19,0,6,75,4,85,0,6,94,4,104,202,0,202,306
03/06/2013,AEG,NM,ASW,WE,Federal Contract Tower,0,0,24,0,24,0,4,84,4,92,0,4,108,4,116,204,0,204,320
03/07/2013,AEG,NM,ASW,WE,Federal Contract Tower,0,0,30,0,30,0,8,68,7,83,0,8,98,7,113,128,12,140,253
03/08/2013,AEG,NM,ASW,WE,Federal Contract Tower,0,0,23,0,23,0,2,17,2,21,0,2,40,2,44,14,0,14,58
03/09/2013,AEG,NM,ASW,WE,Federal Contract Tower,0,0,10,0,10,0,0,54,8,62,0,0,64,8,72,24,2,26,98
03/10/2013,AEG,NM,ASW,WE,Federal Contract Tower,0,0,13,0,13,0,6,70,6,82,0,6,83,6,95,118,0,118,213
03/11/2013,AEG,NM,ASW,WE,Federal Contract Tower,0,1,20,0,21,0,1,65,4,70,0,2,85,4,91,128,0,128,219
03/12/2013,AEG,NM,ASW,WE,Federal Contract Tower,0,0,10,0,10,0,0,66,31,97,0,0,76,31,107,158,28,186,293
03/13/2013,AEG,NM,ASW,WE,Federal Contract Tower,0,0,7,2,9,0,4,70,7,81,0,4,77,9,90,152,2,154,244
03/14/2013,AEG,NM,ASW,WE,Federal Contract Tower,0,1,7,2,10,0,0,87,10,97,0,1,94,12,107,178,2,180,287
03/15/2013,AEG,NM,ASW,WE,Federal Contract Tower,0,4,15,0,19,0,7,73,3,83,0,11,88,3,102,170,0,170,272
03/16/2013,AEG,NM,ASW,WE,Federal Contract Tower,0,1,16,2,19,0,5,94,11,110,0,6,110,13,129,116,4,120,249
03/17/2013,AEG,NM,ASW,WE,Federal Contract Tower,0,1,10,0,11,0,2,54,2,58,0,3,64,2,69,158,0,158,227
03/18/2013,AEG,NM,ASW,WE,Federal Contract Tower,0,0,10,0,10,0,4,55,3,62,0,4,65,3,72,40,0,40,112
03/19/2013,AEG,NM,ASW,WE,Federal Contract Tower,0,0,17,0,17,0,0,33,9,42,0,0,50,9,59,58,0,58,117
03/20/2013,AEG,NM,ASW,WE,Federal Contract Tower,0,0,3,1,4,0,2,53,1,56,0,2,56,2,60,108,16,124,184
03/21/2013,AEG,NM,ASW,WE,Federal Contract Tower,0,3,17,0,20,0,5,31,8,44,0,8,48,8,64,60,2,62,126
03/22/2013,AEG,NM,ASW,WE,Federal Contract Tower,0,11,9,0,20,0,8,51,4,63,0,19,60,4,83,102,14,116,199
03/23/2013,AEG,NM,ASW,WE,Federal Contract Tower,0,0,2,0,2,0,0,10,0,10,0,0,12,0,12,14,0,14,26
03/24/2013,AEG,NM,ASW,WE,Federal Contract Tower,0,0,15,0,15,0,2,73,0,75,0,2,88,0,90,92,0,92,182
03/25/2013,AEG,NM,ASW,WE,Federal Contract Tower,0,7,9,0,16,0,4,64,3,71,0,11,73,3,87,162,40,202,289
03/26/2013,AEG,NM,ASW,WE,Federal Contract Tower,0,0,20,4,24,0,1,45,2,48,0,1,65,6,72,56,12,68,140
03/27/2013,AEG,NM,ASW,WE,Federal Contract Tower,0,6,8,2,16,0,2,73,5,80,0,8,81,7,96,76,20,96,192
03/28/2013,AEG,NM,ASW,WE,Federal Contract Tower,0,0,15,1,16,0,4,53,3,60,0,4,68,4,76,78,30,108,184
03/29/2013,AEG,NM,ASW,WE,Federal Contract Tower,0,2,24,2,28,0,10,78,3,91,0,12,102,5,119,162,0,162,281
03/30/2013,AEG,NM,ASW,WE,Federal Contract Tower,0,2,10,0,12,0,3,102,0,105,0,5,112,0,117,154,0,154,271
03/31/2013,AEG,NM,ASW,WE,Federal Contract Tower,0,0,6,0,6,0,2,45,0,47,0,2,51,0,53,110,0,110,163
04/01/2013,AEG,NM,ASW,WE,Federal Contract Tower,0,0,6,0,6,0,2,67,2,71,0,2,73,2,77,176,0,176,253
04/02/2013,AEG,NM,ASW,WE,Federal Contract Tower,0,0,14,1,15,0,0,56,9,65,0,0,70,10,80,120,14,134,214
04/03/2013,AEG,NM,ASW,WE,Federal Contract Tower,0,9,8,0,17,0,10,73,5,88,0,19,81,5,105,100,18,118,223
04/04/2013,AEG,NM,ASW,WE,Federal Contract Tower,0,0,18,0,18,0,0,80,6,86,0,0,98,6,104,124,0,124,228
04/05/2013,AEG,NM,ASW,WE,Federal Contract Tower,0,0,11,8,19,0,0,66,2,68,0,0,77,10,87,138,16,154,241
04/06/2013,AEG,NM,ASW,WE,Federal Contract Tower,0,1,13,0,14,0,0,97,0,97,0,1,110,0,111,174,0,174,285
04/07/2013,AEG,NM,ASW,WE,Federal Contract Tower,0,0,10,0,10,0,4,52,0,56,0,4,62,0,66,78,0,78,144
04/08/2013,AEG,NM,ASW,WE,Federal Contract Tower,0,0,0,1,1,0,0,14,4,18,0,0,14,5,19,14,40,54,73
04/09/2013,AEG,NM,ASW,WE,Federal Contract Tower,0,0,5,4,9,0,0,0,0,0,0,0,5,4,9,0,8,8,17
04/10/2013,AEG,NM,ASW,WE,Federal Contract Tower,0,1,17,2,20,0,0,25,0,25,0,1,42,2,45,44,2,46,91
04/11/2013,AEG,NM,ASW,WE,Federal Contract Tower,0,2,8,0,10,0,3,42,0,45,0,5,50,0,55,62,0,62,117
04/12/2013,AEG,NM,ASW,WE,Federal Contract Tower,0,2,5,0,7,0,1,71,2,74,0,3,76,2,81,160,0,160,241
04/13/2013,AEG,NM,ASW,WE,Federal Contract Tower,0,0,11,0,11,0,5,90,0,95,0,5,101,0,106,154,0,154,260
04/14/2013,AEG,NM,ASW,WE,Federal Contract Tower,0,0,4,0,4,0,2,9,0,11,0,2,13,0,15,0,0,0,15
04/15/2013,AEG,NM,ASW,WE,Federal Contract Tower,0,7,3,4,14,0,7,25,6,38,0,14,28,10,52,148,0,148,200
04/16/2013,AEG,NM,ASW,WE,Federal Contract Tower,0,4,5,0,9,0,2,19,2,23,0,6,24,2,32,28,0,28,60
04/17/2013,AEG,NM,ASW,WE,Federal Contract Tower,0,0,19,2,21,0,0,21,0,21,0,0,40,2,42,24,2,26,68
04/18/2013,AEG,NM,ASW,WE,Federal Contract Tower,0,1,17,0,18,0,0,36,7,43,0,1,53,7,61,10,0,10,71
04/19/2013,AEG,NM,ASW,WE,Federal Contract Tower,0,4,15,10,29,0,5,98,3,106,0,9,113,13,135,270,0,270,405
04/20/2013,AEG,NM,ASW,WE,Federal Contract Tower,0,0,21,4,25,0,7,62,1,70,0,7,83,5,95,136,0,136,231
04/21/2013,AEG,NM,ASW,WE,Federal Contract Tower,0,0,30,0,30,0,2,100,1,103,0,2,130,1,133,178,0,178,311
04/22/2013,AEG,NM,ASW,WE,Federal Contract Tower,0,2,23,7,32,0,1,40,6,47,0,3,63,13,79,148,4,152,231
04/23/2013,AEG,NM,ASW,WE,Federal Contract Tower,0,1,5,0,6,0,7,33,2,42,0,8,38,2,48,34,0,34,82
04/24/2013,AEG,NM,ASW,WE,Federal Contract Tower,0,0,9,0,9,0,2,60,2,64,0,2,69,2,73,102,0,102,175
04/25/2013,AEG,NM,ASW,WE,Federal Contract Tower,0,0,5,0,5,0,2,32,2,36,0,2,37,2,41,28,0,28,69
04/26/2013,AEG,NM,ASW,WE,Federal Contract Tower,0,1,16,0,17,0,2,74,0,76,0,3,90,0,93,100,0,100,193
04/27/2013,AEG,NM,ASW,WE,Federal Contract Tower,0,0,4,0,4,0,4,122,5,131,0,4,126,5,135,208,0,208,343
04/28/2013,AEG,NM,ASW,WE,Federal Contract Tower,0,0,11,0,11,0,5,77,0,82,0,5,88,0,93,78,0,78,171
04/29/2013,AEG,NM,ASW,WE,Federal Contract Tower,0,1,11,0,12,0,3,41,2,46,0,4,52,2,58,80,10,90,148
04/30/2013,AEG,NM,ASW,WE,Federal Contract Tower,0,6,11,0,17,0,4,33,5,42,0,10,44,5,59,92,16,108,167
05/01/2013,AEG,NM,ASW,WE,Federal Contract Tower,0,0,10,0,10,0,2,43,3,48,0,2,53,3,58,66,8,74,132
05/02/2013,AEG,NM,ASW,WE,Federal Contract Tower,0,0,11,0,11,0,4,56,2,62,0,4,67,2,73,20,6,26,99
05/03/2013,AEG,NM,ASW,WE,Federal Contract Tower,0,0,15,0,15,0,0,80,0,80,0,0,95,0,95,90,0,90,185
05/04/2013,AEG,NM,ASW,WE,Federal Contract Tower,0,0,7,0,7,0,2,103,0,105,0,2,110,0,112,132,0,132,244
05/05/2013,AEG,NM,ASW,WE,Federal Contract Tower,0,2,9,0,11,0,3,34,0,37,0,5,43,0,48,44,0,44,92
05/06/2013,AEG,NM,ASW,WE,Federal Contract Tower,0,0,13,0,13,0,6,21,0,27,0,6,34,0,40,30,0,30,70
05/07/2013,AEG,NM,ASW,WE,Federal Contract Tower,0,0,14,1,15,0,0,49,8,57,0,0,63,9,72,72,38,110,182
05/08/2013,AEG,NM,ASW,WE,Federal Contract Tower,0,0,13,4,17,0,4,56,0,60,0,4,69,4,77,148,6,154,231
05/09/2013,AEG,NM,ASW,WE,Federal Contract Tower,0,7,10,9,26,0,7,81,9,97,0,14,91,18,123,126,28,154,277
05/10/2013,AEG,NM,ASW,WE,Federal Contract Tower,0,5,9,0,14,0,8,39,0,47,0,13,48,0,61,102,0,102,163
05/11/2013,AEG,NM,ASW,WE,Federal Contract Tower,0,1,6,0,7,0,3,56,5,64,0,4,62,5,71,54,6,60,131
05/12/2013,AEG,NM,ASW,WE,Federal Contract Tower,0,0,9,2,11,0,0,62,1,63,0,0,71,3,74,146,0,146,220
05/13/2013,AEG,NM,ASW,WE,Federal Contract Tower,0,2,14,2,18,0,5,63,5,73,0,7,77,7,91,106,20,126,217
05/14/2013,AEG,NM,ASW,WE,Federal Contract Tower,0,0,18,0,18,0,0,38,0,38,0,0,56,0,56,100,0,100,156
05/15/2013,AEG,NM,ASW,WE,Federal Contract Tower,0,0,5,2,7,0,0,48,3,51,0,0,53,5,58,130,8,138,196
05/16/2013,AEG,NM,ASW,WE,Federal Contract Tower,0,0,13,0,13,0,2,38,0,40,0,2,51,0,53,86,0,86,139
05/17/2013,AEG,NM,ASW,WE,Federal Contract Tower,0,0,23,0,23,0,5,107,0,112,0,5,130,0,135,238,0,238,373
05/18/2013,AEG,NM,ASW,WE,Federal Contract Tower,0,0,11,0,11,0,0,74,0,74,0,0,85,0,85,58,0,58,143
05/19/2013,AEG,NM,ASW,WE,Federal Contract Tower,0,0,10,0,10,0,4,47,0,51,0,4,57,0,61,146,0,146,207
05/20/2013,AEG,NM,ASW,WE,Federal Contract Tower,0,2,12,4,18,0,0,44,0,44,0,2,56,4,62,74,8,82,144
05/21/2013,AEG,NM,ASW,WE,Federal Contract Tower,0,2,15,2,19,0,0,68,0,68,0,2,83,2,87,110,6,116,203
05/22/2013,AEG,NM,ASW,WE,Federal Contract Tower,0,0,15,1,16,0,5,53,1,59,0,5,68,2,75,152,8,160,235
05/23/2013,AEG,NM,ASW,WE,Federal Contract Tower,0,2,9,0,11,0,2,52,1,55,0,4,61,1,66,96,6,102,168
05/24/2013,AEG,NM,ASW,WE,Federal Contract Tower,0,11,42,1,54,0,4,66,1,71,0,15,108,2,125,134,0,134,259
05/25/2013,AEG,NM,ASW,WE,Federal Contract Tower,0,0,7,0,7,0,1,78,0,79,0,1,85,0,86,70,0,70,156
05/26/2013,AEG,NM,ASW,WE,Federal Contract Tower,0,0,4,0,4,0,0,57,0,57,0,0,61,0,61,112,0,112,173
05/27/2013,AEG,NM,ASW,WE,Federal Contract Tower,0,0,12,0,12,0,2,77,0,79,0,2,89,0,91,62,0,62,153
05/28/2013,AEG,NM,ASW,WE,Federal Contract Tower,0,0,22,0,22,0,0,50,0,50,0,0,72,0,72,88,0,88,160
05/29/2013,AEG,NM,ASW,WE,Federal Contract Tower,0,0,8,2,10,0,0,25,0,25,0,0,33,2,35,42,12,54,89
05/30/2013,AEG,NM,ASW,WE,Federal Contract Tower,0,1,7,1,9,0,2,39,2,43,0,3,46,3,52,56,4,60,112
05/31/2013,AEG,NM,ASW,WE,Federal Contract Tower,0,0,12,2,14,0,3,46,0,49,0,3,58,2,63,50,0,50,113
06/01/2013,AEG,NM,ASW,WE,Federal Contract Tower,0,3,8,0,11,0,3,88,2,93,0,6,96,2,104,186,0,186,290
06/02/2013,AEG,NM,ASW,WE,Federal Contract Tower,0,0,13,0,13,0,0,50,0,50,0,0,63,0,63,62,0,62,125
06/03/2013,AEG,NM,ASW,WE,Federal Contract Tower,0,0,15,0,15,0,7,39,0,46,0,7,54,0,61,96,0,96,157
06/04/2013,AEG,NM,ASW,WE,Federal Contract Tower,0,0,22,0,22,0,3,45,0,48,0,3,67,0,70,120,0,120,190
06/05/2013,AEG,NM,ASW,WE,Federal Contract Tower,0,2,18,0,20,0,0,71,0,71,0,2,89,0,91,116,0,116,207
06/06/2013,AEG,NM,ASW,WE,Federal Contract Tower,0,0,19,0,19,0,0,72,2,74,0,0,91,2,93,118,0,118,211
06/07/2013,AEG,NM,ASW,WE,Federal Contract Tower,0,1,17,0,18,0,3,52,0,55,0,4,69,0,73,122,0,122,195
06/08/2013,AEG,NM,ASW,WE,Federal Contract Tower,0,0,12,0,12,0,3,82,2,87,0,3,94,2,99,74,0,74,173
06/09/2013,AEG,NM,ASW,WE,Federal Contract Tower,0,0,8,0,8,0,3,76,1,80,0,3,84,1,88,40,0,40,128
06/10/2013,AEG,NM,ASW,WE,Federal Contract Tower,0,0,14,0,14,0,2,39,6,47,0,2,53,6,61,174,0,174,235
06/11/2013,AEG,NM,ASW,WE,Federal Contract Tower,0,0,3,0,3,0,2,57,1,60,0,2,60,1,63,18,0,18,81
06/12/2013,AEG,NM,ASW,WE,Federal Contract Tower,0,0,8,0,8,0,4,80,2,86,0,4,88,2,94,160,0,160,254
06/13/2013,AEG,NM,ASW,WE,Federal Contract Tower,0,0,6,0,6,0,3,56,5,64,0,3,62,5,70,204,0,204,274
06/14/2013,AEG,NM,ASW,WE,Federal Contract Tower,0,0,20,0,20,0,4,41,0,45,0,4,61,0,65,53,0,53,118
06/15/2013,AEG,NM,ASW,WE,Federal Contract Tower,0,0,21,0,21,0,5,96,5,106,0,5,117,5,127,96,0,96,223
06/16/2013,AEG,NM,ASW,WE,Federal Contract Tower,0,1,17,0,18,0,4,42,0,46,0,5,59,0,64,68,0,68,132
06/17/2013,AEG,NM,ASW,WE,Federal Contract Tower,0,3,33,0,36,0,3,46,1,50,0,6,79,1,86,162,0,162,248
06/18/2013,AEG,NM,ASW,WE,Federal Contract Tower,0,0,13,3,16,0,1,30,5,36,0,1,43,8,52,86,20,106,158
06/19/2013,AEG,NM,ASW,WE,Federal Contract Tower,0,0,22,0,22,0,0,62,2,64,0,0,84,2,86,100,0,100,186
06/20/2013,AEG,NM,ASW,WE,Federal Contract Tower,0,0,16,0,16,0,7,40,3,50,0,7,56,3,66,64,0,64,130
06/21/2013,AEG,NM,ASW,WE,Federal Contract Tower,0,2,14,0,16,0,0,100,2,102,0,2,114,2,118,96,0,96,214
06/22/2013,AEG,NM,ASW,WE,Federal Contract Tower,0,1,6,0,7,0,0,113,0,113,0,1,119,0,120,70,0,70,190
06/23/2013,AEG,NM,ASW,WE,Federal Contract Tower,0,0,6,0,6,0,0,47,3,50,0,0,53,3,56,164,4,168,224
06/24/2013,AEG,NM,ASW,WE,Federal Contract Tower,0,0,7,0,7,0,2,40,1,43,0,2,47,1,50,68,0,68,118
06/25/2013,AEG,NM,ASW,WE,Federal Contract Tower,0,0,6,5,11,0,3,72,7,82,0,3,78,12,93,48,16,64,157
06/26/2013,AEG,NM,ASW,WE,Federal Contract Tower,0,0,9,0,9,0,0,77,5,82,0,0,86,5,91,254,10,264,355
06/27/2013,AEG,NM,ASW,WE,Federal Contract Tower,0,0,13,5,18,0,5,43,4,52,0,5,56,9,70,68,14,82,152
06/28/2013,AEG,NM,ASW,WE,Federal Contract Tower,0,2,14,2,18,0,3,48,0,51,0,5,62,2,69,70,6,76,145
06/29/2013,AEG,NM,ASW,WE,Federal Contract Tower,0,0,9,0,9,0,2,74,2,78,0,2,83,2,87,104,12,116,203
06/30/2013,AEG,NM,ASW,WE,Federal Contract Tower,0,0,6,0,6,0,3,54,0,57,0,3,60,0,63,50,0,50,113
07/01/2013,AEG,NM,ASW,WE,Federal Contract Tower,0,0,4,0,4,0,2,40,4,46,0,2,44,4,50,52,28,80,130
07/02/2013,AEG,NM,ASW,WE,Federal Contract Tower,0,0,19,2,21,0,2,40,3,45,0,2,59,5,66,72,6,78,144
07/03/2013,AEG,NM,ASW,WE,Federal Contract Tower,0,0,4,0,4,0,1,49,0,50,0,1,53,0,54,38,0,38,92
07/04/2013,AEG,NM,ASW,WE,Federal Contract Tower,0,1,6,0,7,0,1,84,0,85,0,2,90,0,92,90,0,90,182
07/05/2013,AEG,NM,ASW,WE,Federal Contract Tower,0,0,7,0,7,0,5,51,0,56,0,5,58,0,63,116,0,116,179
07/06/2013,AEG,NM,ASW,WE,Federal Contract Tower,0,0,10,0,10,0,3,82,0,85,0,3,92,0,95,140,0,140,235
07/07/2013,AEG,NM,ASW,WE,Federal Contract Tower,0,0,16,0,16,0,3,76,0,79,0,3,92,0,95,102,0,102,197
07/08/2013,AEG,NM,ASW,WE,Federal Contract Tower,0,0,2,0,2,0,4,37,0,41,0,4,39,0,43,76,0,76,119
07/09/2013,AEG,NM,ASW,WE,Federal Contract Tower,0,0,2,0,2,0,4,46,0,50,0,4,48,0,52,100,0,100,152
07/10/2013,AEG,NM,ASW,WE,Federal Contract Tower,0,2,9,0,11,0,0,44,2,46,0,2,53,2,57,200,4,204,261
07/11/2013,AEG,NM,ASW,WE,Federal Contract Tower,0,0,13,0,13,0,0,68,2,70,0,0,81,2,83,166,0,166,249
07/12/2013,AEG,NM,ASW,WE,Federal Contract Tower,0,0,7,2,9,0,1,62,0,63,0,1,69,2,72,116,0,116,188
07/13/2013,AEG,NM,ASW,WE,Federal Contract Tower,0,0,16,0,16,0,0,90,0,90,0,0,106,0,106,128,0,128,234
07/14/2013,AEG,NM,ASW,WE,Federal Contract Tower,0,0,3,0,3,0,0,74,2,76,0,0,77,2,79,154,0,154,233
07/15/2013,AEG,NM,ASW,WE,Federal Contract Tower,0,0,14,2,16,0,0,22,0,22,0,0,36,2,38,58,0,58,96
07/16/2013,AEG,NM,ASW,WE,Federal Contract Tower,0,6,14,0,20,0,2,62,0,64,0,8,76,0,84,90,0,90,174
07/17/2013,AEG,NM,ASW,WE,Federal Contract Tower,0,1,4,0,5,0,2,51,0,53,0,3,55,0,58,66,0,66,124
07/18/2013,AEG,NM,ASW,WE,Federal Contract Tower,0,0,16,0,16,0,2,61,0,63,0,2,77,0,79,114,0,114,193
07/19/2013,AEG,NM,ASW,WE,Federal Contract Tower,0,0,16,0,16,0,0,73,0,73,0,0,89,0,89,184,0,184,273
07/20/2013,AEG,NM,ASW,WE,Federal Contract Tower,0,0,3,0,3,0,0,64,0,64,0,0,67,0,67,142,0,142,209
07/21/2013,AEG,NM,ASW,WE,Federal Contract Tower,0,0,10,0,10,0,2,69,0,71,0,2,79,0,81,120,0,120,201
07/22/2013,AEG,NM,ASW,WE,Federal Contract Tower,0,0,8,0,8,0,0,57,0,57,0,0,65,0,65,218,0,218,283
07/23/2013,AEG,NM,ASW,WE,Federal Contract Tower,0,0,7,0,7,0,0,84,0,84,0,0,91,0,91,130,0,130,221
07/24/2013,AEG,NM,ASW,WE,Federal Contract Tower,0,7,21,0,28,0,1,72,2,75,0,8,93,2,103,176,0,176,279
07/25/2013,AEG,NM,ASW,WE,Federal Contract Tower,0,1,5,0,6,0,5,53,0,58,0,6,58,0,64,116,0,116,180
07/26/2013,AEG,NM,ASW,WE,Federal Contract Tower,0,0,13,0,13,0,0,77,0,77,0,0,90,0,90,90,0,90,180
07/27/2013,AEG,NM,ASW,WE,Federal Contract Tower,0,2,9,0,11,0,0,75,2,77,0,2,84,2,88,198,0,198,286
07/28/2013,AEG,NM,ASW,WE,Federal Contract Tower,0,0,13,0,13,0,0,44,2,46,0,0,57,2,59,154,0,154,213
07/29/2013,AEG,NM,ASW,WE,Federal Contract Tower,0,0,6,2,8,0,0,42,13,55,0,0,48,15,63,94,38,132,195
07/30/2013,AEG,NM,ASW,WE,Federal Contract Tower,0,1,24,0,25,0,0,45,10,55,0,1,69,10,80,76,0,76,156
07/31/2013,AEG,NM,ASW,WE,Federal Contract Tower,0,1,8,0,9,0,2,52,6,60,0,3,60,6,69,68,32,100,169
08/01/2013,AEG,NM,ASW,WE,Federal Contract Tower,0,3,3,0,6,0,8,13,16,37,0,11,16,16,43,22,2,24,67
08/02/2013,AEG,NM,ASW,WE,Federal Contract Tower,0,2,22,0,24,0,4,49,8,61,0,6,71,8,85,90,0,90,175
08/03/2013,AEG,NM,ASW,WE,Federal Contract Tower,0,1,31,0,32,0,1,103,9,113,0,2,134,9,145,208,2,210,355
08/04/2013,AEG,NM,ASW,WE,Federal Contract Tower,0,6,29,0,35,0,0,51,7,58,0,6,80,7,93,154,0,154,247
08/05/2013,AEG,NM,ASW,WE,Federal Contract Tower,0,5,22,0,27,0,2,27,5,34,0,7,49,5,61,24,2,26,87
08/06/2013,AEG,NM,ASW,WE,Federal Contract Tower,0,12,13,1,26,0,1,55,9,65,0,13,68,10,91,68,2,70,161
08/07/2013,AEG,NM,ASW,WE,Federal Contract Tower,0,0,8,2,10,0,0,51,5,56,0,0,59,7,66,26,0,26,92
08/08/2013,AEG,NM,ASW,WE,Federal Contract Tower,0,0,6,0,6,0,0,57,6,63,0,0,63,6,69,78,2,80,149
08/09/2013,AEG,NM,ASW,WE,Federal Contract Tower,0,0,30,0,30,0,4,52,13,69,0,4,82,13,99,90,16,106,205
08/10/2013,AEG,NM,ASW,WE,Federal Contract Tower,0,0,7,0,7,0,0,70,1,71,0,0,77,1,78,96,0,96,174
08/11/2013,AEG,NM,ASW,WE,Federal Contract Tower,0,2,13,0,15,0,1,63,1,65,0,3,76,1,80,68,0,68,148
08/12/2013,AEG,NM,ASW,WE,Federal Contract Tower,0,0,6,4,10,0,2,49,2,53,0,2,55,6,63,54,4,58,121
08/13/2013,AEG,NM,ASW,WE,Federal Contract Tower,0,0,9,0,9,0,1,43,0,44,0,1,52,0,53,62,0,62,115
08/14/2013,AEG,NM,ASW,WE,Federal Contract Tower,0,3,13,4,20,0,1,55,3,59,0,4,68,7,79,94,32,126,205
08/15/2013,AEG,NM,ASW,WE,Federal Contract Tower,0,3,13,1,17,0,1,64,3,68,0,4,77,4,85,76,0,76,161
08/16/2013,AEG,NM,ASW,WE,Federal Contract Tower,0,7,15,3,25,0,1,88,3,92,0,8,103,6,117,140,14,154,271
08/17/2013,AEG,NM,ASW,WE,Federal Contract Tower,0,0,14,0,14,0,0,66,0,66,0,0,80,0,80,104,0,104,184
08/18/2013,AEG,NM,ASW,WE,Federal Contract Tower,0,0,16,0,16,0,0,82,0,82,0,0,98,0,98,152,0,152,250
08/19/2013,AEG,NM,ASW,WE,Federal Contract Tower,0,5,5,2,12,0,2,46,1,49,0,7,51,3,61,80,8,88,149
08/20/2013,AEG,NM,ASW,WE,Federal Contract Tower,0,1,15,0,16,0,5,39,1,45,0,6,54,1,61,90,4,94,155
08/21/2013,AEG,NM,ASW,WE,Federal Contract Tower,0,3,14,0,17,0,1,76,0,77,0,4,90,0,94,90,0,90,184
08/22/2013,AEG,NM,ASW,WE,Federal Contract Tower,0,0,8,6,14,0,0,74,0,74,0,0,82,6,88,196,12,208,296
08/23/2013,AEG,NM,ASW,WE,Federal Contract Tower,0,0,4,0,4,0,3,46,2,51,0,3,50,2,55,128,2,130,185
08/24/2013,AEG,NM,ASW,WE,Federal Contract Tower,0,1,9,0,10,0,1,98,0,99,0,2,107,0,109,146,0,146,255
08/25/2013,AEG,NM,ASW,WE,Federal Contract Tower,0,2,9,0,11,0,5,43,0,48,0,7,52,0,59,98,0,98,157
08/26/2013,AEG,NM,ASW,WE,Federal Contract Tower,0,0,8,4,12,0,1,49,0,50,0,1,57,4,62,76,4,80,142
08/27/2013,AEG,NM,ASW,WE,Federal Contract Tower,0,0,11,0,11,0,0,68,0,68,0,0,79,0,79,108,0,108,187
08/28/2013,AEG,NM,ASW,WE,Federal Contract Tower,0,0,8,4,12,0,0,63,2,65,0,0,71,6,77,122,0,122,199
08/29/2013,AEG,NM,ASW,WE,Federal Contract Tower,0,0,8,0,8,0,3,74,2,79,0,3,82,2,87,176,12,188,275
08/30/2013,AEG,NM,ASW,WE,Federal Contract Tower,0,0,13,0,13,0,1,84,2,87,0,1,97,2,100,84,0,84,184
08/31/2013,AEG,NM,ASW,WE,Federal Contract Tower,0,0,9,0,9,0,2,77,0,79,0,2,86,0,88,62,0,62,150
09/01/2013,AEG,NM,ASW,WE,Federal Contract Tower,0,0,3,0,3,0,0,40,0,40,0,0,43,0,43,58,0,58,101
09/02/2013,AEG,NM,ASW,WE,Federal Contract Tower,0,0,13,0,13,0,5,67,0,72,0,5,80,0,85,128,0,128,213
09/03/2013,AEG,NM,ASW,WE,Federal Contract Tower,0,0,10,0,10,0,0,52,0,52,0,0,62,0,62,58,0,58,120
09/04/2013,AEG,NM,ASW,WE,Federal Contract Tower,0,0,14,0,14,0,0,57,0,57,0,0,71,0,71,88,0,88,159
09/05/2013,AEG,NM,ASW,WE,Federal Contract Tower,0,0,15,0,15,0,2,48,6,56,0,2,63,6,71,94,46,140,211
09/06/2013,AEG,NM,ASW,WE,Federal Contract Tower,0,0,12,0,12,0,0,84,0,84,0,0,96,0,96,188,0,188,284
09/07/2013,AEG,NM,ASW,WE,Federal Contract Tower,0,0,4,0,4,0,2,152,0,154,0,2,156,0,158,82,0,82,240
09/08/2013,AEG,NM,ASW,WE,Federal Contract Tower,0,0,5,0,5,0,0,54,0,54,0,0,59,0,59,88,0,88,147
09/09/2013,AEG,NM,ASW,WE,Federal Contract Tower,0,5,3,2,10,0,1,49,2,52,0,6,52,4,62,90,0,90,152
09/10/2013,AEG,NM,ASW,WE,Federal Contract Tower,0,0,4,4,8,0,0,19,0,19,0,0,23,4,27,40,0,40,67
09/11/2013,AEG,NM,ASW,WE,Federal Contract Tower,0,0,19,1,20,0,24,0,1,25,0,24,19,2,45,10,124,134,179
09/12/2013,AEG,NM,ASW,WE,Federal Contract Tower,0,0,11,1,12,0,0,28,2,30,0,0,39,3,42,56,24,80,122
09/13/2013,AEG,NM,ASW,WE,Federal Contract Tower,0,0,22,0,22,0,2,19,4,25,0,2,41,4,47,32,28,60,107
09/14/2013,AEG,NM,ASW,WE,Federal Contract Tower,0,1,10,0,11,0,5,27,4,36,0,6,37,4,47,24,0,24,71
09/15/2013,AEG,NM,ASW,WE,Federal Contract Tower,0,0,17,0,17,0,0,72,0,72,0,0,89,0,89,236,0,236,325
09/16/2013,AEG,NM,ASW,WE,Federal Contract Tower,0,3,7,0,10,0,4,45,3,52,0,7,52,3,62,128,36,164,226
09/17/2013,AEG,NM,ASW,WE,Federal Contract Tower,0,0,12,1,13,0,0,54,5,59,0,0,66,6,72,80,52,132,204
09/18/2013,AEG,NM,ASW,WE,Federal Contract Tower,0,2,6,2,10,0,2,54,6,62,0,4,60,8,72,14,62,76,148
09/19/2013,AEG,NM,ASW,WE,Federal Contract Tower,0,0,15,0,15,0,0,79,0,79,0,0,94,0,94,144,0,144,238
09/20/2013,AEG,NM,ASW,WE,Federal Contract Tower,0,1,9,3,13,0,0,77,3,80,0,1,86,6,93,160,38,198,291
09/21/2013,AEG,NM,ASW,WE,Federal Contract Tower,0,3,8,0,11,0,2,93,0,95,0,5,101,0,106,110,0,110,216
09/22/2013,AEG,NM,ASW,WE,Federal Contract Tower,0,2,1,0,3,0,0,51,0,51,0,2,52,0,54,136,0,136,190
09/23/2013,AEG,NM,ASW,WE,Federal Contract Tower,0,2,8,5,15,0,2,49,5,56,0,4,57,10,71,74,0,74,145
09/24/2013,AEG,NM,ASW,WE,Federal Contract Tower,0,0,7,0,7,0,0,55,1,56,0,0,62,1,63,126,0,126,189
09/25/2013,AEG,NM,ASW,WE,Federal Contract Tower,0,0,13,7,20,0,0,46,8,54,0,0,59,15,74,92,0,92,166
09/26/2013,AEG,NM,ASW,WE,Federal Contract Tower,0,0,8,0,8,0,0,44,4,48,0,0,52,4,56,126,0,126,182
09/27/2013,AEG,NM,ASW,WE,Federal Contract Tower,0,0,26,2,28,0,1,49,5,55,0,1,75,7,83,88,28,116,199
09/28/2013,AEG,NM,ASW,WE,Federal Contract Tower,0,0,4,0,4,0,1,115,6,122,0,1,119,6,126,198,0,198,324
09/29/2013,AEG,NM,ASW,WE,Federal Contract Tower,0,1,2,0,3,0,0,86,5,91,0,1,88,5,94,190,0,190,284
09/30/2013,AEG,NM,ASW,WE,Federal Contract Tower,0,0,24,3,27,0,0,78,4,82,0,0,102,7,109,192,16,208,317
10/01/2013,AEG,NM,ASW,WE,Federal Contract Tower,0,1,7,0,8,0,2,63,4,69,0,3,70,4,77,76,0,76,153
10/02/2013,AEG,NM,ASW,WE,Federal Contract Tower,0,1,26,0,27,0,4,84,5,93,0,5,110,5,120,134,0,134,254
10/03/2013,AEG,NM,ASW,WE,Federal Contract Tower,0,0,15,2,17,0,0,51,5,56,0,0,66,7,73,144,2,146,219
10/04/2013,AEG,NM,ASW,WE,Federal Contract Tower,0,0,7,0,7,0,2,37,2,41,0,2,44,2,48,26,20,46,94
10/05/2013,AEG,NM,ASW,WE,Federal Contract Tower,0,0,19,0,19,0,6,102,0,108,0,6,121,0,127,150,0,150,277
10/06/2013,AEG,NM,ASW,WE,Federal Contract Tower,0,0,17,0,17,0,4,93,0,97,0,4,110,0,114,212,0,212,326
10/07/2013,AEG,NM,ASW,WE,Federal Contract Tower,0,3,8,0,11,0,5,80,2,87,0,8,88,2,98,78,10,88,186
10/08/2013,AEG,NM,ASW,WE,Federal Contract Tower,0,0,17,0,17,0,5,100,2,107,0,5,117,2,124,104,6,110,234
10/09/2013,AEG,NM,ASW,WE,Federal Contract Tower,0,8,24,0,32,0,1,78,2,81,0,9,102,2,113,62,14,76,189
10/10/2013,AEG,NM,ASW,WE,Federal Contract Tower,0,2,9,1,12,0,0,32,4,36,0,2,41,5,48,36,2,38,86
10/11/2013,AEG,NM,ASW,WE,Federal Contract Tower,0,0,15,0,15,0,1,117,0,118,0,1,132,0,133,106,0,106,239
10/12/2013,AEG,NM,ASW,WE,Federal Contract Tower,0,0,7,7,14,0,0,107,0,107,0,0,114,7,121,138,0,138,259
10/13/2013,AEG,NM,ASW,WE,Federal Contract Tower,0,0,12,0,12,0,0,76,0,76,0,0,88,0,88,66,0,66,154
10/14/2013,AEG,NM,ASW,WE,Federal Contract Tower,0,0,17,0,17,0,0,41,0,41,0,0,58,0,58,84,0,84,142
10/15/2013,AEG,NM,ASW,WE,Federal Contract Tower,0,6,7,4,17,0,0,68,0,68,0,6,75,4,85,36,0,36,121
10/16/2013,AEG,NM,ASW,WE,Federal Contract Tower,0,0,15,5,20,0,1,76,0,77,0,1,91,5,97,196,0,196,293
10/17/2013,AEG,NM,ASW,WE,Federal Contract Tower,0,4,8,0,12,0,0,74,2,76,0,4,82,2,88,174,0,174,262
10/18/2013,AEG,NM,ASW,WE,Federal Contract Tower,0,2,23,3,28,0,4,59,0,63,0,6,82,3,91,80,6,86,177
10/19/2013,AEG,NM,ASW,WE,Federal Contract Tower,0,0,13,0,13,0,0,97,0,97,0,0,110,0,110,118,0,118,228
10/20/2013,AEG,NM,ASW,WE,Federal Contract Tower,0,0,16,0,16,0,1,75,0,76,0,1,91,0,92,284,0,284,376
10/21/2013,AEG,NM,ASW,WE,Federal Contract Tower,0,0,16,0,16,0,0,36,0,36,0,0,52,0,52,126,0,126,178
10/22/2013,AEG,NM,ASW,WE,Federal Contract Tower,0,0,21,0,21,0,0,85,0,85,0,0,106,0,106,124,0,124,230
10/23/2013,AEG,NM,ASW,WE,Federal Contract Tower,0,0,16,4,20,0,4,62,9,75,0,4,78,13,95,86,38,124,219
10/24/2013,AEG,NM,ASW,WE,Federal Contract Tower,0,4,23,1,28,0,5,53,1,59,0,9,76,2,87,156,10,166,253
10/25/2013,AEG,NM,ASW,WE,Federal Contract Tower,0,2,1,0,3,0,0,20,2,22,0,2,21,2,25,30,0,30,55
10/26/2013,AEG,NM,ASW,WE,Federal Contract Tower,0,0,7,0,7,0,0,72,0,72,0,0,79,0,79,74,0,74,153
10/27/2013,AEG,NM,ASW,WE,Federal Contract Tower,0,0,1,0,1,0,0,61,0,61,0,0,62,0,62,70,1,71,133
10/28/2013,AEG,NM,ASW,WE,Federal Contract Tower,0,4,18,0,22,0,2,59,3,64,0,6,77,3,86,124,0,124,210
10/29/2013,AEG,NM,ASW,WE,Federal Contract Tower,0,0,15,0,15,0,0,17,1,18,0,0,32,1,33,64,42,106,139
10/30/2013,AEG,NM,ASW,WE,Federal Contract Tower,0,0,10,3,13,0,0,38,7,45,0,0,48,10,58,56,36,92,150
10/31/2013,AEG,NM,ASW,WE,Federal Contract Tower,0,1,16,0,17,0,6,55,0,61,0,7,71,0,78,64,0,64,142
11/01/2013,AEG,NM,ASW,WE,Federal Contract Tower,0,0,15,0,15,0,0,60,0,60,0,0,75,0,75,84,0,84,159
11/02/2013,AEG,NM,ASW,WE,Federal Contract Tower,0,1,11,0,12,0,0,103,0,103,0,1,114,0,115,212,0,212,327
11/03/2013,AEG,NM,ASW,WE,Federal Contract Tower,0,0,11,2,13,0,2,50,2,54,0,2,61,4,67,108,0,108,175
11/04/2013,AEG,NM,ASW,WE,Federal Contract Tower,0,1,20,0,21,0,2,27,0,29,0,3,47,0,50,66,0,66,116
11/05/2013,AEG,NM,ASW,WE,Federal Contract Tower,0,0,3,3,6,0,1,21,3,25,0,1,24,6,31,20,6,26,57
11/06/2013,AEG,NM,ASW,WE,Federal Contract Tower,0,2,10,0,12,0,2,70,0,72,0,4,80,0,84,118,0,118,202
11/07/2013,AEG,NM,ASW,WE,Federal Contract Tower,0,4,19,0,23,0,0,40,1,41,0,4,59,1,64,72,8,80,144
11/08/2013,AEG,NM,ASW,WE,Federal Contract Tower,0,0,7,0,7,0,4,72,3,79,0,4,79,3,86,186,26,212,298
11/09/2013,AEG,NM,ASW,WE,Federal Contract Tower,0,0,12,0,12,0,0,179,0,179,0,0,191,0,191,118,0,118,309
11/10/2013,AEG,NM,ASW,WE,Federal Contract Tower,0,0,4,0,4,0,4,52,0,56,0,4,56,0,60,70,0,70,130
11/11/2013,AEG,NM,ASW,WE,Federal Contract Tower,0,0,8,0,8,0,1,78,0,79,0,1,86,0,87,172,0,172,259
11/12/2013,AEG,NM,ASW,WE,Federal Contract Tower,0,0,6,5,11,0,2,37,4,43,0,2,43,9,54,8,0,8,62
11/13/2013,AEG,NM,ASW,WE,Federal Contract Tower,0,0,7,1,8,0,0,39,5,44,0,0,46,6,52,80,24,104,156
11/14/2013,AEG,NM,ASW,WE,Federal Contract Tower,0,0,6,5,11,0,0,52,8,60,0,0,58,13,71,82,0,82,153
11/15/2013,AEG,NM,ASW,WE,Federal Contract Tower,0,0,21,0,21,0,0,62,4,66,0,0,83,4,87,76,0,76,163
11/16/2013,AEG,NM,ASW,WE,Federal Contract Tower,0,0,10,0,10,0,0,23,0,23,0,0,33,0,33,12,0,12,45
11/17/2013,AEG,NM,ASW,WE,Federal Contract Tower,0,0,12,0,12,0,0,50,0,50,0,0,62,0,62,88,0,88,150
11/18/2013,AEG,NM,ASW,WE,Federal Contract Tower,0,0,17,4,21,0,0,46,8,54,0,0,63,12,75,218,6,224,299
11/19/2013,AEG,NM,ASW,WE,Federal Contract Tower,0,0,7,1,8,0,0,96,11,107,0,0,103,12,115,140,12,152,267
11/20/2013,AEG,NM,ASW,WE,Federal Contract Tower,0,3,23,0,26,0,1,30,2,33,0,4,53,2,59,60,10,70,129
11/21/2013,AEG,NM,ASW,WE,Federal Contract Tower,0,3,12,8,23,0,1,46,5,52,0,4,58,13,75,102,44,146,221
11/22/2013,AEG,NM,ASW,WE,Federal Contract Tower,0,0,0,1,1,0,0,5,1,6,0,0,5,2,7,0,0,0,7
11/23/2013,AEG,NM,ASW,WE,Federal Contract Tower,0,0,4,0,4,0,0,3,0,3,0,0,7,0,7,0,0,0,7
11/24/2013,AEG,NM,ASW,WE,Federal Contract Tower,0,0,2,0,2,0,0,1,0,1,0,0,3,0,3,10,0,10,13
11/25/2013,AEG,NM,ASW,WE,Federal Contract Tower,0,0,12,2,14,0,5,16,2,23,0,5,28,4,37,24,2,26,63
11/26/2013,AEG,NM,ASW,WE,Federal Contract Tower,0,1,8,0,9,0,2,79,4,85,0,3,87,4,94,134,14,148,242
11/27/2013,AEG,NM,ASW,WE,Federal Contract Tower,0,0,9,1,10,0,2,71,1,74,0,2,80,2,84,140,10,150,234
11/28/2013,AEG,NM,ASW,WE,Federal Contract Tower,0,0,1,0,1,0,2,23,0,25,0,2,24,0,26,44,0,44,70
11/29/2013,AEG,NM,ASW,WE,Federal Contract Tower,0,0,21,0,21,0,1,60,2,63,0,1,81,2,84,110,0,110,194
11/30/2013,AEG,NM,ASW,WE,Federal Contract Tower,0,0,10,0,10,0,0,69,0,69,0,0,79,0,79,82,0,82,161
12/01/2013,AEG,NM,ASW,WE,Federal Contract Tower,0,0,8,0,8,0,0,68,0,68,0,0,76,0,76,68,0,68,144
12/02/2013,AEG,NM,ASW,WE,Federal Contract Tower,0,0,17,0,17,0,1,61,6,68,0,1,78,6,85,92,0,92,177
12/03/2013,AEG,NM,ASW,WE,Federal Contract Tower,0,2,9,0,11,0,0,57,2,59,0,2,66,2,70,102,16,118,188
12/04/2013,AEG,NM,ASW,WE,Federal Contract Tower,0,0,13,10,23,0,0,33,0,33,0,0,46,10,56,98,0,98,154
12/05/2013,AEG,NM,ASW,WE,Federal Contract Tower,0,0,5,0,5,0,0,2,0,2,0,0,7,0,7,0,0,0,7
12/06/2013,AEG,NM,ASW,WE,Federal Contract Tower,0,3,8,0,11,0,4,37,0,41,0,7,45,0,52,96,0,96,148
12/07/2013,AEG,NM,ASW,WE,Federal Contract Tower,0,2,8,0,10,0,1,14,0,15,0,3,22,0,25,162,0,162,187
12/08/2013,AEG,NM,ASW,WE,Federal Contract Tower,0,0,2,0,2,0,0,14,0,14,0,0,16,0,16,4,0,4,20
12/09/2013,AEG,NM,ASW,WE,Federal Contract Tower,0,5,2,0,7,0,2,27,0,29,0,7,29,0,36,80,0,80,116
12/10/2013,AEG,NM,ASW,WE,Federal Contract Tower,0,5,7,0,12,0,0,48,0,48,0,5,55,0,60,82,0,82,142
12/11/2013,AEG,NM,ASW,WE,Federal Contract Tower,0,0,12,0,12,0,1,71,4,76,0,1,83,4,88,124,28,152,240
12/12/2013,AEG,NM,ASW,WE,Federal Contract Tower,0,0,21,2,23,0,0,71,2,73,0,0,92,4,96,124,0,124,220
12/13/2013,AEG,NM,ASW,WE,Federal Contract Tower,0,0,3,0,3,0,0,42,2,44,0,0,45,2,47,74,22,96,143
12/14/2013,AEG,NM,ASW,WE,Federal Contract Tower,0,0,5,1,6,0,2,66,5,73,0,2,71,6,79,185,0,185,264
12/15/2013,AEG,NM,ASW,WE,Federal Contract Tower,0,0,12,0,12,0,0,70,0,70,0,0,82,0,82,182,0,182,264
12/16/2013,AEG,NM,ASW,WE,Federal Contract Tower,0,2,11,6,19,0,0,60,5,65,0,2,71,11,84,122,104,226,310
12/17/2013,AEG,NM,ASW,WE,Federal Contract Tower,0,1,7,1,9,0,0,65,2,67,0,1,72,3,76,44,16,60,136
12/18/2013,AEG,NM,ASW,WE,Federal Contract Tower,0,0,11,5,16,0,2,92,2,96,0,2,103,7,112,160,4,164,276
12/19/2013,AEG,NM,ASW,WE,Federal Contract Tower,0,4,14,0,18,0,2,59,4,65,0,6,73,4,83,142,6,148,231
12/20/2013,AEG,NM,ASW,WE,Federal Contract Tower,0,1,12,4,17,0,3,68,0,71,0,4,80,4,88,216,0,216,304
12/21/2013,AEG,NM,ASW,WE,Federal Contract Tower,0,0,4,0,4,0,0,22,2,24,0,0,26,2,28,38,0,38,66
12/22/2013,AEG,NM,ASW,WE,Federal Contract Tower,0,0,12,0,12,0,2,61,0,63,0,2,73,0,75,180,0,180,255
12/23/2013,AEG,NM,ASW,WE,Federal Contract Tower,0,0,4,0,4,0,3,76,0,79,0,3,80,0,83,204,0,204,287
12/24/2013,AEG,NM,ASW,WE,Federal Contract Tower,0,0,6,0,6,0,0,47,0,47,0,0,53,0,53,84,0,84,137
12/25/2013,AEG,NM,ASW,WE,Federal Contract Tower,0,0,0,0,0,0,0,19,0,19,0,0,19,0,19,68,0,68,87
12/26/2013,AEG,NM,ASW,WE,Federal Contract Tower,0,2,18,3,23,0,0,69,0,69,0,2,87,3,92,68,8,76,168
12/27/2013,AEG,NM,ASW,WE,Federal Contract Tower,0,5,6,5,16,0,1,62,0,63,0,6,68,5,79,48,8,56,135
12/28/2013,AEG,NM,ASW,WE,Federal Contract Tower,0,2,16,0,18,0,3,69,0,72,0,5,85,0,90,86,0,86,176
12/29/2013,AEG,NM,ASW,WE,Federal Contract Tower,0,0,10,0,10,0,1,37,0,38,0,1,47,0,48,58,0,58,106
12/30/2013,AEG,NM,ASW,WE,Federal Contract Tower,0,0,14,1,15,0,0,53,1,54,0,0,67,2,69,212,10,222,291
12/31/2013,AEG,NM,ASW,WE,Federal Contract Tower,0,0,12,0,12,0,2,65,0,67,0,2,77,0,79,132,0,132,211
01/01/2014,AEG,NM,ASW,WE,Federal Contract Tower,0,3,5,0,8,0,2,36,0,38,0,5,41,0,46,38,0,38,84
01/02/2014,AEG,NM,ASW,WE,Federal Contract Tower,0,0,9,0,9,0,2,59,0,61,0,2,68,0,70,128,0,128,198
01/03/2014,AEG,NM,ASW,WE,Federal Contract Tower,0,0,13,0,13,0,0,63,0,63,0,0,76,0,76,98,0,98,174
01/04/2014,AEG,NM,ASW,WE,Federal Contract Tower,0,0,14,0,14,0,0,29,0,29,0,0,43,0,43,20,0,20,63
01/05/2014,AEG,NM,ASW,WE,Federal Contract Tower,0,0,6,0,6,0,0,26,0,26,0,0,32,0,32,40,0,40,72
01/06/2014,AEG,NM,ASW,WE,Federal Contract Tower,0,1,13,0,14,0,0,35,2,37,0,1,48,2,51,76,10,86,137
01/07/2014,AEG,NM,ASW,WE,Federal Contract Tower,0,0,7,0,7,0,0,68,0,68,0,0,75,0,75,82,0,82,157
01/08/2014,AEG,NM,ASW,WE,Federal Contract Tower,0,0,10,5,15,0,1,62,3,66,0,1,72,8,81,128,0,128,209
01/09/2014,AEG,NM,ASW,WE,Federal Contract Tower,0,0,20,4,24,0,0,62,0,62,0,0,82,4,86,84,4,88,174
01/10/2014,AEG,NM,ASW,WE,Federal Contract Tower,0,4,6,2,12,0,4,40,1,45,0,8,46,3,57,120,18,138,195
01/11/2014,AEG,NM,ASW,WE,Federal Contract Tower,0,3,9,0,12,0,1,100,0,101,0,4,109,0,113,172,0,172,285
01/12/2014,AEG,NM,ASW,WE,Federal Contract Tower,0,0,4,2,6,0,0,12,0,12,0,0,16,2,18,76,4,80,98
01/13/2014,AEG,NM,ASW,WE,Federal Contract Tower,0,4,12,0,16,0,1,43,0,44,0,5,55,0,60,88,0,88,148
01/14/2014,AEG,NM,ASW,WE,Federal Contract Tower,0,3,8,3,14,0,3,42,0,45,0,6,50,3,59,82,16,98,157
01/15/2014,AEG,NM,ASW,WE,Federal Contract Tower,0,0,14,0,14,0,0,61,2,63,0,0,75,2,77,108,0,108,185
01/16/2014,AEG,NM,ASW,WE,Federal Contract Tower,0,0,9,1,10,0,0,53,1,54,0,0,62,2,64,174,0,174,238
01/17/2014,AEG,NM,ASW,WE,Federal Contract Tower,0,0,13,0,13,0,0,71,1,72,0,0,84,1,85,104,0,104,189
01/18/2014,AEG,NM,ASW,WE,Federal Contract Tower,0,0,12,0,12,0,12,106,0,118,0,12,118,0,130,258,0,258,388
01/19/2014,AEG,NM,ASW,WE,Federal Contract Tower,0,0,8,0,8,0,2,106,0,108,0,2,114,0,116,262,0,262,378
01/20/2014,AEG,NM,ASW,WE,Federal Contract Tower,0,0,11,0,11,0,2,50,0,52,0,2,61,0,63,64,0,64,127
01/21/2014,AEG,NM,ASW,WE,Federal Contract Tower,0,0,5,0,5,0,0,71,3,74,0,0,76,3,79,146,0,146,225
01/22/2014,AEG,NM,ASW,WE,Federal Contract Tower,0,0,10,0,10,0,0,55,5,60,0,0,65,5,70,106,0,106,176
01/23/2014,AEG,NM,ASW,WE,Federal Contract Tower,0,4,2,0,6,0,7,12,3,22,0,11,14,3,28,20,0,20,48
01/24/2014,AEG,NM,ASW,WE,Federal Contract Tower,0,0,11,0,11,0,0,65,4,69,0,0,76,4,80,204,20,224,304
01/25/2014,AEG,NM,ASW,WE,Federal Contract Tower,0,2,4,0,6,0,1,100,8,109,0,3,104,8,115,202,0,202,317
01/26/2014,AEG,NM,ASW,WE,Federal Contract Tower,0,0,16,0,16,0,0,67,4,71,0,0,83,4,87,146,0,146,233
01/27/2014,AEG,NM,ASW,WE,Federal Contract Tower,0,0,19,0,19,0,0,28,8,36,0,0,47,8,55,78,56,134,189
01/28/2014,AEG,NM,ASW,WE,Federal Contract Tower,0,0,8,0,8,0,0,43,6,49,0,0,51,6,57,54,0,54,111
01/29/2014,AEG,NM,ASW,WE,Federal Contract Tower,0,0,15,0,15,0,0,51,10,61,0,0,66,10,76,66,8,74,150
01/30/2014,AEG,NM,ASW,WE,Federal Contract Tower,0,0,4,0,4,0,0,33,9,42,0,0,37,9,46,70,0,70,116
01/31/2014,AEG,NM,ASW,WE,Federal Contract Tower,0,5,9,1,15,0,0,21,1,22,0,5,30,2,37,54,0,54,91
02/01/2014,AEG,NM,ASW,WE,Federal Contract Tower,0,0,13,0,13,0,1,48,6,55,0,1,61,6,68,74,0,74,142
02/02/2014,AEG,NM,ASW,WE,Federal Contract Tower,0,2,11,0,13,0,0,60,4,64,0,2,71,4,77,266,0,266,343
02/03/2014,AEG,NM,ASW,WE,Federal Contract Tower,0,0,17,0,17,0,3,45,5,53,0,3,62,5,70,126,44,170,240
02/04/2014,AEG,NM,ASW,WE,Federal Contract Tower,0,4,0,0,4,0,0,31,6,37,0,4,31,6,41,26,0,26,67
02/05/2014,AEG,NM,ASW,WE,Federal Contract Tower,0,2,0,1,3,0,0,17,7,24,0,2,17,8,27,92,0,92,119
02/06/2014,AEG,NM,ASW,WE,Federal Contract Tower,0,0,9,0,9,0,0,4,1,5,0,0,13,1,14,10,0,10,24
02/07/2014,AEG,NM,ASW,WE,Federal Contract Tower,0,0,19,0,19,0,0,18,4,22,0,0,37,4,41,36,18,54,95
02/08/2014,AEG,NM,ASW,WE,Federal Contract Tower,0,0,21,0,21,0,0,97,2,99,0,0,118,2,120,160,0,160,280
02/09/2014,AEG,NM,ASW,WE,Federal Contract Tower,0,0,14,0,14,0,0,82,0,82,0,0,96,0,96,278,0,278,374
02/10/2014,AEG,NM,ASW,WE,Federal Contract Tower,0,0,11,1,12,0,0,33,0,33,0,0,44,1,45,90,10,100,145
02/11/2014,AEG,NM,ASW,WE,Federal Contract Tower,0,0,15,1,16,0,0,50,1,51,0,0,65,2,67,92,0,92,159
02/12/2014,AEG,NM,ASW,WE,Federal Contract Tower,0,0,11,4,15,0,2,46,4,52,0,2,57,8,67,94,6,100,167
02/13/2014,AEG,NM,ASW,WE,Federal Contract Tower,0,0,27,1,28,0,1,54,4,59,0,1,81,5,87,70,24,94,181
02/14/2014,AEG,NM,ASW,WE,Federal Contract Tower,0,0,16,1,17,0,0,34,5,39,0,0,50,6,56,26,10,36,92
02/15/2014,AEG,NM,ASW,WE,Federal Contract Tower,0,0,10,4,14,0,0,155,2,157,0,0,165,6,171,90,0,90,261
02/16/2014,AEG,NM,ASW,WE,Federal Contract Tower,0,0,10,0,10,0,0,59,0,59,0,0,69,0,69,118,0,118,187
02/17/2014,AEG,NM,ASW,WE,Federal Contract Tower,0,1,9,0,10,0,1,69,0,70,0,2,78,0,80,132,0,132,212
02/18/2014,AEG,NM,ASW,WE,Federal Contract Tower,0,0,24,0,24,0,2,73,0,75,0,2,97,0,99,172,0,172,271
02/19/2014,AEG,NM,ASW,WE,Federal Contract Tower,0,0,9,0,9,0,0,34,3,37,0,0,43,3,46,16,0,16,62
02/20/2014,AEG,NM,ASW,WE,Federal Contract Tower,0,0,8,0,8,0,0,23,1,24,0,0,31,1,32,10,0,10,42
02/21/2014,AEG,NM,ASW,WE,Federal Contract Tower,0,0,10,0,10,0,0,70,2,72,0,0,80,2,82,172,32,204,286
02/22/2014,AEG,NM,ASW,WE,Federal Contract Tower,0,4,12,4,20,0,1,96,1,98,0,5,108,5,118,106,4,110,228
02/23/2014,AEG,NM,ASW,WE,Federal Contract Tower,0,2,25,0,27,0,0,89,0,89,0,2,114,0,116,264,0,264,380
02/24/2014,AEG,NM,ASW,WE,Federal Contract Tower,0,0,9,7,16,0,0,45,1,46,0,0,54,8,62,166,6,172,234
02/25/2014,AEG,NM,ASW,WE,Federal Contract Tower,0,8,20,1,29,0,2,54,2,58,0,10,74,3,87,148,14,162,249
02/26/2014,AEG,NM,ASW,WE,Federal Contract Tower,0,2,13,0,15,0,2,55,2,59,0,4,68,2,74,150,10,160,234
02/27/2014,AEG,NM,ASW,WE,Federal Contract Tower,0,3,9,0,12,0,7,27,2,36,0,10,36,2,48,86,0,86,134
02/28/2014,AEG,NM,ASW,WE,Federal Contract Tower,0,0,9,0,9,0,0,66,1,67,0,0,75,1,76,208,0,208,284
03/01/2014,AEG,NM,ASW,WE,Federal Contract Tower,0,0,9,0,9,0,0,19,0,19,0,0,28,0,28,10,0,10,38
03/02/2014,AEG,NM,ASW,WE,Federal Contract Tower,0,0,1,0,1,0,0,12,0,12,0,0,13,0,13,22,0,22,35
03/03/2014,AEG,NM,ASW,WE,Federal Contract Tower,0,2,12,0,14,0,2,55,0,57,0,4,67,0,71,138,0,138,209
03/04/2014,AEG,NM,ASW,WE,Federal Contract Tower,0,0,15,1,16,0,1,57,7,65,0,1,72,8,81,82,6,88,169
03/05/2014,AEG,NM,ASW,WE,Federal Contract Tower,0,0,20,4,24,0,2,38,6,46,0,2,58,10,70,48,16,64,134
03/06/2014,AEG,NM,ASW,WE,Federal Contract Tower,0,4,7,2,13,0,4,61,3,68,0,8,68,5,81,144,2,146,227
03/07/2014,AEG,NM,ASW,WE,Federal Contract Tower,0,4,20,0,24,0,3,39,0,42,0,7,59,0,66,144,0,144,210
03/08/2014,AEG,NM,ASW,WE,Federal Contract Tower,0,0,4,0,4,0,0,82,2,84,0,0,86,2,88,96,0,96,184
03/09/2014,AEG,NM,ASW,WE,Federal Contract Tower,0,0,16,0,16,0,0,142,0,142,0,0,158,0,158,160,0,160,318
03/10/2014,AEG,NM,ASW,WE,Federal Contract Tower,0,4,15,0,19,0,0,49,1,50,0,4,64,1,69,142,16,158,227
03/11/2014,AEG,NM,ASW,WE,Federal Contract Tower,0,0,10,0,10,0,0,8,1,9,0,0,18,1,19,18,0,18,37
03/12/2014,AEG,NM,ASW,WE,Federal Contract Tower,0,5,11,0,16,0,1,33,7,41,0,6,44,7,57,0,42,42,99
03/13/2014,AEG,NM,ASW,WE,Federal Contract Tower,0,0,31,0,31,0,0,65,6,71,0,0,96,6,102,104,38,142,244
03/14/2014,AEG,NM,ASW,WE,Federal Contract Tower,0,0,16,5,21,0,2,48,1,51,0,2,64,6,72,208,4,212,284
03/15/2014,AEG,NM,ASW,WE,Federal Contract Tower,0,0,16,0,16,0,0,15,0,15,0,0,31,0,31,20,0,20,51
03/16/2014,AEG,NM,ASW,WE,Federal Contract Tower,0,0,12,0,12,0,0,77,5,82,0,0,89,5,94,126,0,126,220
03/17/2014,AEG,NM,ASW,WE,Federal Contract Tower,0,17,5,0,22,0,1,26,2,29,0,18,31,2,51,116,0,116,167
03/18/2014,AEG,NM,ASW,WE,Federal Contract Tower,0,0,9,0,9,0,2,15,6,23,0,2,24,6,32,2,30,32,64
03/19/2014,AEG,NM,ASW,WE,Federal Contract Tower,0,0,16,2,18,0,0,64,3,67,0,0,80,5,85,83,0,83,168
03/20/2014,AEG,NM,ASW,WE,Federal Contract Tower,0,2,17,0,19,0,2,66,6,74,0,4,83,6,93,126,14,140,233
03/21/2014,AEG,NM,ASW,WE,Federal Contract Tower,0,0,31,6,37,0,0,57,2,59,0,0,88,8,96,104,6,110,206
03/22/2014,AEG,NM,ASW,WE,Federal Contract Tower,0,0,13,0,13,0,0,102,3,105,0,0,115,3,118,80,0,80,198
03/23/2014,AEG,NM,ASW,WE,Federal Contract Tower,0,0,14,0,14,0,0,68,0,68,0,0,82,0,82,88,0,88,170
03/24/2014,AEG,NM,ASW,WE,Federal Contract Tower,0,0,15,0,15,0,0,40,0,40,0,0,55,0,55,178,0,178,233
03/25/2014,AEG,NM,ASW,WE,Federal Contract Tower,0,0,18,4,22,0,3,46,0,49,0,3,64,4,71,56,0,56,127
03/26/2014,AEG,NM,ASW,WE,Federal Contract Tower,0,0,16,2,18,0,3,20,2,25,0,3,36,4,43,44,16,60,103
03/27/2014,AEG,NM,ASW,WE,Federal Contract Tower,0,0,14,2,16,0,2,24,4,30,0,2,38,6,46,26,8,34,80
03/28/2014,AEG,NM,ASW,WE,Federal Contract Tower,0,1,18,2,21,0,1,61,3,65,0,2,79,5,86,210,2,212,298
03/29/2014,AEG,NM,ASW,WE,Federal Contract Tower,0,0,17,0,17,0,1,135,0,136,0,1,152,0,153,244,0,244,397
03/30/2014,AEG,NM,ASW,WE,Federal Contract Tower,0,0,7,2,9,0,1,56,1,58,0,1,63,3,67,176,8,184,251
03/31/2014,AEG,NM,ASW,WE,Federal Contract Tower,0,1,12,4,17,0,1,45,0,46,0,2,57,4,63,170,4,174,237
04/01/2014,AEG,NM,ASW,WE,Federal Contract Tower,0,5,3,1,9,0,1,25,1,27,0,6,28,2,36,76,16,92,128
04/02/2014,AEG,NM,ASW,WE,Federal Contract Tower,0,0,8,1,9,0,2,30,2,34,0,2,38,3,43,54,16,70,113
04/03/2014,AEG,NM,ASW,WE,Federal Contract Tower,0,0,20,0,20,0,0,27,4,31,0,0,47,4,51,18,2,20,71
04/04/2014,AEG,NM,ASW,WE,Federal Contract Tower,0,0,13,0,13,0,2,77,2,81,0,2,90,2,94,80,0,80,174
04/05/2014,AEG,NM,ASW,WE,Federal Contract Tower,0,8,21,3,32,0,3,41,2,46,0,11,62,5,78,54,16,70,148
04/06/2014,AEG,NM,ASW,WE,Federal Contract Tower,0,0,11,2,13,0,3,30,0,33,0,3,41,2,46,38,0,38,84
04/07/2014,AEG,NM,ASW,WE,Federal Contract Tower,0,2,29,0,31,0,0,27,0,27,0,2,56,0,58,42,0,42,100
04/08/2014,AEG,NM,ASW,WE,Federal Contract Tower,0,0,17,0,17,0,0,63,0,63,0,0,80,0,80,54,0,54,134
04/09/2014,AEG,NM,ASW,WE,Federal Contract Tower,0,0,26,2,28,0,3,56,3,62,0,3,82,5,90,162,0,162,252
04/10/2014,AEG,NM,ASW,WE,Federal Contract Tower,0,0,23,0,23,0,2,56,4,62,0,2,79,4,85,38,0,38,123
04/11/2014,AEG,NM,ASW,WE,Federal Contract Tower,0,0,12,0,12,0,0,68,1,69,0,0,80,1,81,108,0,108,189
04/12/2014,AEG,NM,ASW,WE,Federal Contract Tower,0,0,9,0,9,0,0,83,0,83,0,0,92,0,92,132,0,132,224
04/13/2014,AEG,NM,ASW,WE,Federal Contract Tower,0,0,3,0,3,0,0,19,0,19,0,0,22,0,22,22,0,22,44
04/14/2014,AEG,NM,ASW,WE,Federal Contract Tower,0,0,9,0,9,0,0,44,0,44,0,0,53,0,53,106,0,106,159
04/15/2014,AEG,NM,ASW,WE,Federal Contract Tower,0,0,32,6,38,0,3,88,0,91,0,3,120,6,129,168,0,168,297
04/16/2014,AEG,NM,ASW,WE,Federal Contract Tower,0,3,19,14,36,0,1,65,0,66,0,4,84,14,102,72,2,74,176
04/17/2014,AEG,NM,ASW,WE,Federal Contract Tower,0,0,13,1,14,0,0,76,8,84,0,0,89,9,98,92,18,110,208
04/18/2014,AEG,NM,ASW,WE,Federal Contract Tower,0,1,5,7,13,0,3,69,2,74,0,4,74,9,87,148,14,162,249
04/19/2014,AEG,NM,ASW,WE,Federal Contract Tower,0,0,16,0,16,0,0,48,0,48,0,0,64,0,64,118,0,118,182
04/20/2014,AEG,NM,ASW,WE,Federal Contract Tower,0,11,26,0,37,0,3,54,0,57,0,14,80,0,94,60,0,60,154
04/21/2014,AEG,NM,ASW,WE,Federal Contract Tower,0,0,18,3,21,0,0,69,1,70,0,0,87,4,91,106,4,110,201
04/22/2014,AEG,NM,ASW,WE,Federal Contract Tower,0,6,6,0,12,0,1,25,1,27,0,7,31,1,39,50,0,50,89
04/23/2014,AEG,NM,ASW,WE,Federal Contract Tower,0,0,27,3,30,0,2,36,4,42,0,2,63,7,72,70,0,70,142
04/24/2014,AEG,NM,ASW,WE,Federal Contract Tower,0,0,35,4,39,0,0,96,8,104,0,0,131,12,143,214,10,224,367
04/25/2014,AEG,NM,ASW,WE,Federal Contract Tower,0,0,8,0,8,0,2,69,2,73,0,2,77,2,81,96,0,96,177
04/26/2014,AEG,NM,ASW,WE,Federal Contract Tower,0,0,5,0,5,0,0,7,3,10,0,0,12,3,15,94,0,94,109
04/27/2014,AEG,NM,ASW,WE,Federal Contract Tower,0,0,2,0,2,0,0,5,0,5,0,0,7,0,7,6,0,6,13
04/28/2014,AEG,NM,ASW,WE,Federal Contract Tower,0,3,14,0,17,0,1,13,6,20,0,4,27,6,37,44,0,44,81
04/29/2014,AEG,NM,ASW,WE,Federal Contract Tower,0,1,15,4,20,0,0,59,7,66,0,1,74,11,86,60,8,68,154
04/30/2014,AEG,NM,ASW,WE,Federal Contract Tower,0,0,19,0,19,0,0,68,4,72,0,0,87,4,91,0,134,134,225
05/01/2014,AEG,NM,ASW,WE,Federal Contract Tower,0,0,12,0,12,0,2,67,3,72,0,2,79,3,84,70,0,70,154
05/02/2014,AEG,NM,ASW,WE,Federal Contract Tower,0,0,11,2,13,0,2,99,0,101,0,2,110,2,114,224,2,226,340
05/03/2014,AEG,NM,ASW,WE,Federal Contract Tower,0,0,21,2,23,0,0,112,1,113,0,0,133,3,136,153,0,153,289
05/04/2014,AEG,NM,ASW,WE,Federal Contract Tower,0,0,18,0,18,0,0,81,0,81,0,0,99,0,99,174,0,174,273
05/05/2014,AEG,NM,ASW,WE,Federal Contract Tower,0,2,14,0,16,0,0,58,3,61,0,2,72,3,77,76,0,76,153
05/06/2014,AEG,NM,ASW,WE,Federal Contract Tower,0,0,33,0,33,0,0,46,4,50,0,0,79,4,83,70,0,70,153
05/07/2014,AEG,NM,ASW,WE,Federal Contract Tower,0,0,6,0,6,0,0,31,1,32,0,0,37,1,38,26,0,26,64
05/08/2014,AEG,NM,ASW,WE,Federal Contract Tower,0,0,8,2,10,0,0,57,3,60,0,0,65,5,70,124,0,124,194
05/09/2014,AEG,NM,ASW,WE,Federal Contract Tower,0,2,18,2,22,0,2,92,2,96,0,4,110,4,118,164,0,164,282
05/10/2014,AEG,NM,ASW,WE,Federal Contract Tower,0,0,21,0,21,0,2,102,2,106,0,2,123,2,127,185,0,185,312
05/11/2014,AEG,NM,ASW,WE,Federal Contract Tower,0,0,4,0,4,0,0,17,0,17,0,0,21,0,21,90,0,90,111
05/12/2014,AEG,NM,ASW,WE,Federal Contract Tower,0,0,25,4,29,0,0,36,0,36,0,0,61,4,65,110,0,110,175
05/13/2014,AEG,NM,ASW,WE,Federal Contract Tower,0,0,12,0,12,0,0,41,2,43,0,0,53,2,55,74,0,74,129
05/14/2014,AEG,NM,ASW,WE,Federal Contract Tower,0,0,18,0,18,0,0,81,12,93,0,0,99,12,111,146,26,172,283
05/15/2014,AEG,NM,ASW,WE,Federal Contract Tower,0,0,2,0,2,0,1,63,3,67,0,1,65,3,69,56,0,56,125
05/16/2014,AEG,NM,ASW,WE,Federal Contract Tower,0,4,15,4,23,0,0,64,2,66,0,4,79,6,89,112,0,112,201
05/17/2014,AEG,NM,ASW,WE,Federal Contract Tower,0,0,7,0,7,0,1,96,0,97,0,1,103,0,104,222,0,222,326
05/18/2014,AEG,NM,ASW,WE,Federal Contract Tower,0,0,20,0,20,0,2,90,0,92,0,2,110,0,112,110,0,110,222
05/19/2014,AEG,NM,ASW,WE,Federal Contract Tower,0,0,27,0,27,0,1,41,0,42,0,1,68,0,69,74,0,74,143
05/20/2014,AEG,NM,ASW,WE,Federal Contract Tower,0,0,10,2,12,0,0,49,0,49,0,0,59,2,61,94,2,96,157
05/21/2014,AEG,NM,ASW,WE,Federal Contract Tower,0,0,8,0,8,0,0,63,2,65,0,0,71,2,73,80,0,80,153
05/22/2014,AEG,NM,ASW,WE,Federal Contract Tower,0,4,22,0,26,0,2,65,8,75,0,6,87,8,101,106,0,106,207
05/23/2014,AEG,NM,ASW,WE,Federal Contract Tower,0,0,4,0,4,0,0,55,12,67,0,0,59,12,71,48,0,48,119
05/24/2014,AEG,NM,ASW,WE,Federal Contract Tower,0,0,5,0,5,0,0,44,0,44,0,0,49,0,49,72,0,72,121
05/25/2014,AEG,NM,ASW,WE,Federal Contract Tower,0,0,7,0,7,0,0,73,0,73,0,0,80,0,80,78,0,78,158
05/26/2014,AEG,NM,ASW,WE,Federal Contract Tower,0,0,18,0,18,0,0,79,0,79,0,0,97,0,97,132,0,132,229
05/27/2014,AEG,NM,ASW,WE,Federal Contract Tower,0,0,27,2,29,0,0,64,2,66,0,0,91,4,95,78,40,118,213
05/28/2014,AEG,NM,ASW,WE,Federal Contract Tower,0,5,18,0,23,0,1,68,5,74,0,6,86,5,97,164,26,190,287
05/29/2014,AEG,NM,ASW,WE,Federal Contract Tower,0,0,9,0,9,0,0,72,6,78,0,0,81,6,87,124,42,166,253
05/30/2014,AEG,NM,ASW,WE,Federal Contract Tower,0,0,12,0,12,0,0,70,0,70,0,0,82,0,82,162,0,162,244
05/31/2014,AEG,NM,ASW,WE,Federal Contract Tower,0,1,15,0,16,0,0,72,0,72,0,1,87,0,88,156,0,156,244
06/01/2014,AEG,NM,ASW,WE,Federal Contract Tower,0,0,14,0,14,0,0,67,0,67,0,0,81,0,81,98,0,98,179
06/02/2014,AEG,NM,ASW,WE,Federal Contract Tower,0,0,9,0,9,0,2,79,4,85,0,2,88,4,94,136,26,162,256
06/03/2014,AEG,NM,ASW,WE,Federal Contract Tower,0,0,10,2,12,0,0,68,4,72,0,0,78,6,84,182,6,188,272
06/04/2014,AEG,NM,ASW,WE,Federal Contract Tower,0,1,16,4,21,0,0,72,2,74,0,1,88,6,95,164,0,164,259
06/05/2014,AEG,NM,ASW,WE,Federal Contract Tower,0,0,12,0,12,0,0,57,1,58,0,0,69,1,70,146,0,146,216
06/06/2014,AEG,NM,ASW,WE,Federal Contract Tower,0,0,16,0,16,0,0,80,0,80,0,0,96,0,96,158,0,158,254
06/07/2014,AEG,NM,ASW,WE,Federal Contract Tower,0,0,19,0,19,0,0,79,0,79,0,0,98,0,98,66,0,66,164
06/08/2014,AEG,NM,ASW,WE,Federal Contract Tower,0,0,8,0,8,0,0,79,0,79,0,0,87,0,87,46,0,46,133
06/09/2014,AEG,NM,ASW,WE,Federal Contract Tower,0,0,15,0,15,0,0,42,0,42,0,0,57,0,57,76,0,76,133
06/10/2014,AEG,NM,ASW,WE,Federal Contract Tower,0,2,11,0,13,0,0,53,2,55,0,2,64,2,68,158,0,158,226
06/11/2014,AEG,NM,ASW,WE,Federal Contract Tower,0,0,16,6,22,0,1,54,2,57,0,1,70,8,79,54,0,54,133
06/12/2014,AEG,NM,ASW,WE,Federal Contract Tower,0,0,8,5,13,0,0,71,5,76,0,0,79,10,89,125,20,145,234
06/13/2014,AEG,NM,ASW,WE,Federal Contract Tower,0,0,6,0,6,0,0,42,2,44,0,0,48,2,50,190,10,200,250
06/14/2014,AEG,NM,ASW,WE,Federal Contract Tower,0,1,19,0,20,0,0,41,0,41,0,1,60,0,61,104,0,104,165
06/15/2014,AEG,NM,ASW,WE,Federal Contract Tower,0,3,17,0,20,0,0,98,0,98,0,3,115,0,118,214,0,214,332
06/16/2014,AEG,NM,ASW,WE,Federal Contract Tower,0,1,17,0,18,0,0,34,0,34,0,1,51,0,52,54,0,54,106
06/17/2014,AEG,NM,ASW,WE,Federal Contract Tower,0,2,13,2,17,0,3,25,3,31,0,5,38,5,48,86,0,86,134
06/18/2014,AEG,NM,ASW,WE,Federal Contract Tower,0,0,12,7,19,0,0,34,2,36,0,0,46,9,55,116,0,116,171
06/19/2014,AEG,NM,ASW,WE,Federal Contract Tower,0,5,17,0,22,0,1,79,3,83,0,6,96,3,105,114,0,114,219
06/20/2014,AEG,NM,ASW,WE,Federal Contract Tower,0,2,24,0,26,0,0,99,0,99,0,2,123,0,125,186,0,186,311
06/21/2014,AEG,NM,ASW,WE,Federal Contract Tower,0,0,8,0,8,0,0,89,0,89,0,0,97,0,97,116,0,116,213
06/22/2014,AEG,NM,ASW,WE,Federal Contract Tower,0,6,8,0,14,0,0,83,7,90,0,6,91,7,104,150,0,150,254
06/23/2014,AEG,NM,ASW,WE,Federal Contract Tower,0,0,11,0,11,0,0,50,7,57,0,0,61,7,68,94,0,94,162
06/24/2014,AEG,NM,ASW,WE,Federal Contract Tower,0,0,13,0,13,0,0,58,1,59,0,0,71,1,72,112,0,112,184
06/25/2014,AEG,NM,ASW,WE,Federal Contract Tower,0,0,7,0,7,0,1,58,6,65,0,1,65,6,72,110,0,110,182
06/26/2014,AEG,NM,ASW,WE,Federal Contract Tower,0,0,20,0,20,0,1,60,1,62,0,1,80,1,82,104,0,104,186
06/27/2014,AEG,NM,ASW,WE,Federal Contract Tower,0,0,8,0,8,0,1,42,2,45,0,1,50,2,53,102,0,102,155
06/28/2014,AEG,NM,ASW,WE,Federal Contract Tower,0,0,7,2,9,0,0,96,2,98,0,0,103,4,107,142,0,142,249
06/29/2014,AEG,NM,ASW,WE,Federal Contract Tower,0,0,15,0,15,0,0,77,0,77,0,0,92,0,92,100,0,100,192
06/30/2014,AEG,NM,ASW,WE,Federal Contract Tower,0,1,19,0,20,0,0,66,1,67,0,1,85,1,87,104,0,104,191
07/01/2014,AEG,NM,ASW,WE,Federal Contract Tower,0,0,11,0,11,0,0,38,1,39,0,0,49,1,50,4,0,4,54
07/02/2014,AEG,NM,ASW,WE,Federal Contract Tower,0,0,11,0,11,0,0,56,1,57,0,0,67,1,68,134,0,134,202
07/03/2014,AEG,NM,ASW,WE,Federal Contract Tower,0,0,19,0,19,0,1,86,0,87,0,1,105,0,106,108,0,108,214
07/04/2014,AEG,NM,ASW,WE,Federal Contract Tower,0,1,8,0,9,0,0,52,0,52,0,1,60,0,61,96,0,96,157
07/05/2014,AEG,NM,ASW,WE,Federal Contract Tower,0,0,5,0,5,0,2,57,0,59,0,2,62,0,64,94,0,94,158
07/06/2014,AEG,NM,ASW,WE,Federal Contract Tower,0,0,5,0,5,0,0,67,0,67,0,0,72,0,72,86,0,86,158
07/07/2014,AEG,NM,ASW,WE,Federal Contract Tower,0,0,11,0,11,0,2,56,0,58,0,2,67,0,69,140,0,140,209
07/08/2014,AEG,NM,ASW,WE,Federal Contract Tower,0,0,2,0,2,0,0,58,4,62,0,0,60,4,64,98,8,106,170
07/09/2014,AEG,NM,ASW,WE,Federal Contract Tower,0,0,14,0,14,0,0,52,2,54,0,0,66,2,68,74,0,74,142
07/10/2014,AEG,NM,ASW,WE,Federal Contract Tower,0,0,11,0,11,0,0,65,5,70,0,0,76,5,81,88,16,104,185
07/11/2014,AEG,NM,ASW,WE,Federal Contract Tower,0,0,16,0,16,0,0,87,2,89,0,0,103,2,105,220,0,220,325
07/12/2014,AEG,NM,ASW,WE,Federal Contract Tower,0,0,2,0,2,0,0,83,0,83,0,0,85,0,85,176,0,176,261
07/13/2014,AEG,NM,ASW,WE,Federal Contract Tower,0,0,13,0,13,0,0,69,0,69,0,0,82,0,82,258,0,258,340
07/14/2014,AEG,NM,ASW,WE,Federal Contract Tower,0,2,10,0,12,0,2,44,0,46,0,4,54,0,58,64,0,64,122
07/15/2014,AEG,NM,ASW,WE,Federal Contract Tower,0,0,9,2,11,0,1,20,0,21,0,1,29,2,32,50,0,50,82
07/16/2014,AEG,NM,ASW,WE,Federal Contract Tower,0,0,17,2,19,0,2,40,0,42,0,2,57,2,61,54,0,54,115
07/17/2014,AEG,NM,ASW,WE,Federal Contract Tower,0,0,21,0,21,0,0,60,4,64,0,0,81,4,85,84,28,112,197
07/18/2014,AEG,NM,ASW,WE,Federal Contract Tower,0,0,7,2,9,0,0,70,0,70,0,0,77,2,79,86,0,86,165
07/19/2014,AEG,NM,ASW,WE,Federal Contract Tower,0,0,11,0,11,0,0,86,2,88,0,0,97,2,99,262,0,262,361
07/20/2014,AEG,NM,ASW,WE,Federal Contract Tower,0,0,9,0,9,0,0,91,2,93,0,0,100,2,102,230,0,230,332
07/21/2014,AEG,NM,ASW,WE,Federal Contract Tower,0,1,21,2,24,0,0,53,0,53,0,1,74,2,77,200,0,200,277
07/22/2014,AEG,NM,ASW,WE,Federal Contract Tower,0,0,24,4,28,0,0,58,1,59,0,0,82,5,87,124,10,134,221
07/23/2014,AEG,NM,ASW,WE,Federal Contract Tower,0,1,25,0,26,0,0,64,2,66,0,1,89,2,92,220,0,220,312
07/24/2014,AEG,NM,ASW,WE,Federal Contract Tower,0,0,18,8,26,0,0,67,3,70,0,0,85,11,96,60,0,60,156
07/25/2014,AEG,NM,ASW,WE,Federal Contract Tower,0,0,10,0,10,0,1,55,0,56,0,1,65,0,66,174,0,174,240
07/26/2014,AEG,NM,ASW,WE,Federal Contract Tower,0,1,10,0,11,0,2,94,0,96,0,3,104,0,107,166,0,166,273
07/27/2014,AEG,NM,ASW,WE,Federal Contract Tower,0,1,5,0,6,0,0,44,0,44,0,1,49,0,50,82,0,82,132
07/28/2014,AEG,NM,ASW,WE,Federal Contract Tower,0,0,13,0,13,0,2,39,4,45,0,2,52,4,58,46,22,68,126
07/29/2014,AEG,NM,ASW,WE,Federal Contract Tower,0,0,8,2,10,0,3,47,2,52,0,3,55,4,62,40,0,40,102
07/30/2014,AEG,NM,ASW,WE,Federal Contract Tower,0,0,22,0,22,0,4,57,0,61,0,4,79,0,83,34,0,34,117
07/31/2014,AEG,NM,ASW,WE,Federal Contract Tower,0,0,11,1,12,0,2,28,1,31,0,2,39,2,43,70,6,76,119
08/01/2014,AEG,NM,ASW,WE,Federal Contract Tower,0,0,3,2,5,0,0,65,0,65,0,0,68,2,70,54,0,54,124
08/02/2014,AEG,NM,ASW,WE,Federal Contract Tower,0,0,10,0,10,0,0,64,0,64,0,0,74,0,74,76,0,76,150
08/03/2014,AEG,NM,ASW,WE,Federal Contract Tower,0,0,9,0,9,0,0,68,0,68,0,0,77,0,77,196,0,196,273
08/04/2014,AEG,NM,ASW,WE,Federal Contract Tower,0,0,8,0,8,0,0,40,0,40,0,0,48,0,48,62,0,62,110
08/05/2014,AEG,NM,ASW,WE,Federal Contract Tower,0,0,6,1,7,0,0,55,1,56,0,0,61,2,63,68,2,70,133
08/06/2014,AEG,NM,ASW,WE,Federal Contract Tower,0,0,1,1,2,0,0,57,8,65,0,0,58,9,67,74,18,92,159
08/07/2014,AEG,NM,ASW,WE,Federal Contract Tower,0,3,9,4,16,0,3,62,0,65,0,6,71,4,81,46,0,46,127
08/08/2014,AEG,NM,ASW,WE,Federal Contract Tower,0,2,23,1,26,0,0,91,0,91,0,2,114,1,117,106,0,106,223
08/09/2014,AEG,NM,ASW,WE,Federal Contract Tower,0,0,7,0,7,0,0,82,0,82,0,0,89,0,89,68,0,68,157
08/10/2014,AEG,NM,ASW,WE,Federal Contract Tower,0,0,16,0,16,0,0,61,0,61,0,0,77,0,77,70,0,70,147
08/11/2014,AEG,NM,ASW,WE,Federal Contract Tower,0,0,7,1,8,0,1,46,1,48,0,1,53,2,56,90,6,96,152
08/12/2014,AEG,NM,ASW,WE,Federal Contract Tower,0,0,11,1,12,0,0,51,2,53,0,0,62,3,65,138,8,146,211
08/13/2014,AEG,NM,ASW,WE,Federal Contract Tower,0,0,6,0,6,0,0,57,2,59,0,0,63,2,65,116,0,116,181
08/14/2014,AEG,NM,ASW,WE,Federal Contract Tower,0,0,17,1,18,0,0,63,6,69,0,0,80,7,87,123,2,125,212
08/15/2014,AEG,NM,ASW,WE,Federal Contract Tower,0,0,6,0,6,0,0,62,2,64,0,0,68,2,70,183,0,183,253
08/16/2014,AEG,NM,ASW,WE,Federal Contract Tower,0,0,6,0,6,0,1,63,4,68,0,1,69,4,74,94,0,94,168
08/17/2014,AEG,NM,ASW,WE,Federal Contract Tower,0,1,7,0,8,0,0,68,4,72,0,1,75,4,80,222,12,234,314
08/18/2014,AEG,NM,ASW,WE,Federal Contract Tower,0,1,9,0,10,0,2,49,2,53,0,3,58,2,63,106,0,106,169
08/19/2014,AEG,NM,ASW,WE,Federal Contract Tower,0,0,19,0,19,0,0,54,7,61,0,0,73,7,80,122,4,126,206
08/20/2014,AEG,NM,ASW,WE,Federal Contract Tower,0,1,11,0,12,0,0,71,4,75,0,1,82,4,87,102,8,110,197
08/21/2014,AEG,NM,ASW,WE,Federal Contract Tower,0,0,13,5,18,0,2,75,4,81,0,2,88,9,99,174,2,176,275
08/22/2014,AEG,NM,ASW,WE,Federal Contract Tower,0,0,15,0,15,0,1,25,4,30,0,1,40,4,45,50,30,80,125
08/23/2014,AEG,NM,ASW,WE,Federal Contract Tower,0,0,3,0,3,0,0,86,2,88,0,0,89,2,91,190,0,190,281
08/24/2014,AEG,NM,ASW,WE,Federal Contract Tower,0,0,9,0,9,0,0,77,0,77,0,0,86,0,86,178,0,178,264
08/25/2014,AEG,NM,ASW,WE,Federal Contract Tower,0,0,8,0,8,0,0,57,0,57,0,0,65,0,65,98,0,98,163
08/26/2014,AEG,NM,ASW,WE,Federal Contract Tower,0,0,18,0,18,0,0,47,3,50,0,0,65,3,68,104,22,126,194
08/27/2014,AEG,NM,ASW,WE,Federal Contract Tower,0,0,16,2,18,0,0,70,10,80,0,0,86,12,98,150,0,150,248
08/28/2014,AEG,NM,ASW,WE,Federal Contract Tower,0,0,15,0,15,0,0,64,0,64,0,0,79,0,79,78,0,78,157
08/29/2014,AEG,NM,ASW,WE,Federal Contract Tower,0,2,12,0,14,0,0,81,0,81,0,2,93,0,95,130,0,130,225
08/30/2014,AEG,NM,ASW,WE,Federal Contract Tower,0,0,12,0,12,0,0,75,1,76,0,0,87,1,88,100,0,100,188
08/31/2014,AEG,NM,ASW,WE,Federal Contract Tower,0,0,7,0,7,0,0,41,30,71,0,0,48,30,78,66,6,72,150
09/01/2014,AEG,NM,ASW,WE,Federal Contract Tower,0,0,10,0,10,0,0,89,1,90,0,0,99,1,100,112,0,112,212
09/02/2014,AEG,NM,ASW,WE,Federal Contract Tower,0,0,9,1,10,0,0,60,1,61,0,0,69,2,71,90,22,112,183
09/03/2014,AEG,NM,ASW,WE,Federal Contract Tower,0,1,14,2,17,0,0,36,7,43,0,1,50,9,60,70,10,80,140
09/04/2014,AEG,NM,ASW,WE,Federal Contract Tower,0,0,7,0,7,0,0,61,3,64,0,0,68,3,71,94,0,94,165
09/05/2014,AEG,NM,ASW,WE,Federal Contract Tower,0,0,8,0,8,0,0,55,4,59,0,0,63,4,67,166,0,166,233
09/06/2014,AEG,NM,ASW,WE,Federal Contract Tower,0,0,9,0,9,0,0,103,2,105,0,0,112,2,114,82,0,82,196
09/07/2014,AEG,NM,ASW,WE,Federal Contract Tower,0,1,6,2,9,0,0,61,1,62,0,1,67,3,71,100,0,100,171
09/08/2014,AEG,NM,ASW,WE,Federal Contract Tower,0,0,13,0,13,0,0,24,2,26,0,0,37,2,39,24,0,24,63
09/09/2014,AEG,NM,ASW,WE,Federal Contract Tower,0,0,9,2,11,0,0,34,2,36,0,0,43,4,47,48,0,48,95
09/10/2014,AEG,NM,ASW,WE,Federal Contract Tower,0,0,6,4,10,0,0,37,4,41,0,0,43,8,51,70,6,76,127
09/11/2014,AEG,NM,ASW,WE,Federal Contract Tower,0,0,16,0,16,0,0,67,3,70,0,0,83,3,86,92,0,92,178
09/12/2014,AEG,NM,ASW,WE,Federal Contract Tower,0,0,9,5,14,0,3,24,2,29,0,3,33,7,43,34,0,34,77
09/13/2014,AEG,NM,ASW,WE,Federal Contract Tower,0,0,15,0,15,0,0,71,0,71,0,0,86,0,86,114,0,114,200
09/14/2014,AEG,NM,ASW,WE,Federal Contract Tower,0,0,18,0,18,0,0,72,0,72,0,0,90,0,90,102,0,102,192
09/15/2014,AEG,NM,ASW,WE,Federal Contract Tower,0,0,7,5,12,0,0,49,4,53,0,0,56,9,65,104,8,112,177
09/16/2014,AEG,NM,ASW,WE,Federal Contract Tower,0,0,9,3,12,0,0,29,3,32,0,0,38,6,44,60,2,62,106
09/17/2014,AEG,NM,ASW,WE,Federal Contract Tower,0,0,5,0,5,0,0,14,0,14,0,0,19,0,19,34,0,34,53
09/18/2014,AEG,NM,ASW,WE,Federal Contract Tower,0,0,10,0,10,0,0,37,6,43,0,0,47,6,53,110,2,112,165
09/19/2014,AEG,NM,ASW,WE,Federal Contract Tower,0,1,10,1,12,0,1,75,0,76,0,2,85,1,88,186,0,186,274
09/20/2014,AEG,NM,ASW,WE,Federal Contract Tower,0,1,17,0,18,0,0,112,0,112,0,1,129,0,130,94,0,94,224
09/21/2014,AEG,NM,ASW,WE,Federal Contract Tower,0,1,8,0,9,0,0,25,0,25,0,1,33,0,34,14,0,14,48
09/22/2014,AEG,NM,ASW,WE,Federal Contract Tower,0,0,6,0,6,0,0,26,2,28,0,0,32,2,34,12,0,12,46
09/23/2014,AEG,NM,ASW,WE,Federal Contract Tower,0,2,13,0,15,0,2,52,2,56,0,4,65,2,71,96,0,96,167
09/24/2014,AEG,NM,ASW,WE,Federal Contract Tower,0,0,8,0,8,0,2,82,2,86,0,2,90,2,94,130,0,130,224
09/25/2014,AEG,NM,ASW,WE,Federal Contract Tower,0,0,5,0,5,0,0,67,2,69,0,0,72,2,74,104,0,104,178
09/26/2014,AEG,NM,ASW,WE,Federal Contract Tower,0,5,15,1,21,0,2,80,1,83,0,7,95,2,104,110,0,110,214
09/27/2014,AEG,NM,ASW,WE,Federal Contract Tower,0,4,18,0,22,0,1,82,1,84,0,5,100,1,106,100,18,118,224
09/28/2014,AEG,NM,ASW,WE,Federal Contract Tower,0,0,19,0,19,0,0,31,0,31,0,0,50,0,50,174,0,174,224
09/29/2014,AEG,NM,ASW,WE,Federal Contract Tower,0,0,3,0,3,0,0,19,0,19,0,0,22,0,22,8,0,8,30
09/30/2014,AEG,NM,ASW,WE,Federal Contract Tower,0,0,21,1,22,0,0,51,3,54,0,0,72,4,76,84,2,86,162
10/01/2014,AEG,NM,ASW,WE,Federal Contract Tower,0,0,12,0,12,0,0,81,0,81,0,0,93,0,93,138,0,138,231
10/02/2014,AEG,NM,ASW,WE,Federal Contract Tower,0,0,13,0,13,0,0,44,1,45,0,0,57,1,58,16,0,16,74
10/03/2014,AEG,NM,ASW,WE,Federal Contract Tower,0,4,23,0,27,0,0,81,0,81,0,4,104,0,108,140,0,140,248
10/04/2014,AEG,NM,ASW,WE,Federal Contract Tower,0,3,10,0,13,0,0,60,0,60,0,3,70,0,73,142,0,142,215
10/05/2014,AEG,NM,ASW,WE,Federal Contract Tower,0,2,2,0,4,0,2,86,0,88,0,4,88,0,92,140,0,140,232
10/06/2014,AEG,NM,ASW,WE,Federal Contract Tower,0,1,10,0,11,0,1,78,0,79,0,2,88,0,90,18,0,18,108
10/07/2014,AEG,NM,ASW,WE,Federal Contract Tower,0,2,11,0,13,0,5,88,2,95,0,7,99,2,108,72,0,72,180
10/08/2014,AEG,NM,ASW,WE,Federal Contract Tower,0,1,3,0,4,0,0,60,9,69,0,1,63,9,73,58,20,78,151
10/09/2014,AEG,NM,ASW,WE,Federal Contract Tower,0,10,21,2,33,0,0,47,2,49,0,10,68,4,82,62,0,62,144
10/10/2014,AEG,NM,ASW,WE,Federal Contract Tower,0,4,17,1,22,0,3,57,3,63,0,7,74,4,85,30,0,30,115
10/11/2014,AEG,NM,ASW,WE,Federal Contract Tower,0,1,5,0,6,0,2,87,1,90,0,3,92,1,96,112,0,112,208
10/12/2014,AEG,NM,ASW,WE,Federal Contract Tower,0,1,9,0,10,0,0,30,0,30,0,1,39,0,40,72,0,72,112
10/13/2014,AEG,NM,ASW,WE,Federal Contract Tower,0,1,7,0,8,0,1,73,1,75,0,2,80,1,83,200,0,200,283
10/14/2014,AEG,NM,ASW,WE,Federal Contract Tower,0,2,18,6,26,0,2,76,2,80,0,4,94,8,106,238,0,238,344
10/15/2014,AEG,NM,ASW,WE,Federal Contract Tower,0,0,12,0,12,0,4,68,5,77,0,4,80,5,89,245,0,245,334
10/16/2014,AEG,NM,ASW,WE,Federal Contract Tower,0,4,9,0,13,0,0,83,1,84,0,4,92,1,97,150,0,150,247
10/17/2014,AEG,NM,ASW,WE,Federal Contract Tower,0,0,6,0,6,0,1,57,2,60,0,1,63,2,66,154,0,154,220
10/18/2014,AEG,NM,ASW,WE,Federal Contract Tower,0,0,7,0,7,0,0,78,0,78,0,0,85,0,85,164,0,164,249
10/19/2014,AEG,NM,ASW,WE,Federal Contract Tower,0,0,5,0,5,0,0,57,0,57,0,0,62,0,62,164,0,164,226
10/20/2014,AEG,NM,ASW,WE,Federal Contract Tower,0,0,8,0,8,0,0,28,2,30,0,0,36,2,38,88,0,88,126
10/21/2014,AEG,NM,ASW,WE,Federal Contract Tower,0,0,10,1,11,0,0,32,3,35,0,0,42,4,46,126,0,126,172
10/22/2014,AEG,NM,ASW,WE,Federal Contract Tower,0,0,14,1,15,0,0,51,7,58,0,0,65,8,73,134,18,152,225
10/23/2014,AEG,NM,ASW,WE,Federal Contract Tower,0,0,21,0,21,0,0,69,3,72,0,0,90,3,93,56,0,56,149
10/24/2014,AEG,NM,ASW,WE,Federal Contract Tower,0,0,16,0,16,0,2,56,3,61,0,2,72,3,77,62,24,86,163
10/25/2014,AEG,NM,ASW,WE,Federal Contract Tower,0,2,20,0,22,0,0,76,0,76,0,2,96,0,98,108,0,108,206
10/26/2014,AEG,NM,ASW,WE,Federal Contract Tower,0,0,11,1,12,0,0,34,2,36,0,0,45,3,48,50,0,50,98
10/27/2014,AEG,NM,ASW,WE,Federal Contract Tower,0,2,11,0,13,0,0,30,2,32,0,2,41,2,45,32,0,32,77
10/28/2014,AEG,NM,ASW,WE,Federal Contract Tower,0,3,5,2,10,0,0,41,4,45,0,3,46,6,55,28,4,32,87
10/29/2014,AEG,NM,ASW,WE,Federal Contract Tower,0,0,6,1,7,0,0,83,2,85,0,0,89,3,92,88,2,90,182
10/30/2014,AEG,NM,ASW,WE,Federal Contract Tower,0,0,7,0,7,0,0,71,5,76,0,0,78,5,83,64,0,64,147
10/31/2014,AEG,NM,ASW,WE,Federal Contract Tower,0,0,3,0,3,0,2,38,2,42,0,2,41,2,45,134,12,146,191
11/01/2014,AEG,NM,ASW,WE,Federal Contract Tower,0,0,5,0,5,0,0,55,6,61,0,0,60,6,66,172,24,196,262
11/02/2014,AEG,NM,ASW,WE,Federal Contract Tower,0,1,1,0,2,0,0,13,0,13,0,1,14,0,15,26,0,26,41
11/03/2014,AEG,NM,ASW,WE,Federal Contract Tower,0,0,11,8,19,0,0,38,8,46,0,0,49,16,65,66,46,112,177
11/04/2014,AEG,NM,ASW,WE,Federal Contract Tower,0,0,16,8,24,0,0,47,2,49,0,0,63,10,73,38,12,50,123
11/05/2014,AEG,NM,ASW,WE,Federal Contract Tower,0,0,4,5,9,0,2,68,5,75,0,2,72,10,84,74,40,114,198
11/06/2014,AEG,NM,ASW,WE,Federal Contract Tower,0,0,8,1,9,0,0,76,3,79,0,0,84,4,88,134,14,148,236
11/07/2014,AEG,NM,ASW,WE,Federal Contract Tower,0,0,10,0,10,0,0,61,0,61,0,0,71,0,71,134,0,134,205
11/08/2014,AEG,NM,ASW,WE,Federal Contract Tower,0,0,9,0,9,0,1,189,4,194,0,1,198,4,203,144,0,144,347
11/09/2014,AEG,NM,ASW,WE,Federal Contract Tower,0,0,13,0,13,0,0,79,12,91,0,0,92,12,104,148,0,148,252
11/10/2014,AEG,NM,ASW,WE,Federal Contract Tower,0,0,19,0,19,0,2,27,0,29,0,2,46,0,48,20,0,20,68
11/11/2014,AEG,NM,ASW,WE,Federal Contract Tower,0,1,16,0,17,0,1,68,0,69,0,2,84,0,86,106,0,106,192
11/12/2014,AEG,NM,ASW,WE,Federal Contract Tower,0,0,7,0,7,0,0,48,3,51,0,0,55,3,58,94,16,110,168
11/13/2014,AEG,NM,ASW,WE,Federal Contract Tower,0,0,15,2,17,0,0,32,5,37,0,0,47,7,54,50,28,78,132
11/14/2014,AEG,NM,ASW,WE,Federal Contract Tower,0,2,15,0,17,0,0,35,0,35,0,2,50,0,52,42,0,42,94
11/15/2014,AEG,NM,ASW,WE,Federal Contract Tower,0,0,30,3,33,0,0,38,0,38,0,0,68,3,71,68,10,78,149
11/16/2014,AEG,NM,ASW,WE,Federal Contract Tower,0,0,10,0,10,0,2,16,0,18,0,2,26,0,28,6,0,6,34
11/17/2014,AEG,NM,ASW,WE,Federal Contract Tower,0,0,12,4,16,0,0,28,2,30,0,0,40,6,46,52,12,64,110
11/18/2014,AEG,NM,ASW,WE,Federal Contract Tower,0,0,19,0,19,0,0,0,0,0,0,0,19,0,19,138,0,138,157
11/19/2014,AEG,NM,ASW,WE,Federal Contract Tower,0,2,3,4,9,0,0,60,2,62,0,2,63,6,71,216,0,216,287
11/20/2014,AEG,NM,ASW,WE,Federal Contract Tower,0,0,13,1,14,0,1,76,4,81,0,1,89,5,95,132,18,150,245
11/21/2014,AEG,NM,ASW,WE,Federal Contract Tower,0,0,20,0,20,0,0,69,8,77,0,0,89,8,97,184,0,184,281
11/22/2014,AEG,NM,ASW,WE,Federal Contract Tower,0,0,16,0,16,0,0,85,0,85,0,0,101,0,101,162,0,162,263
11/23/2014,AEG,NM,ASW,WE,Federal Contract Tower,0,0,2,0,2,0,0,3,0,3,0,0,5,0,5,0,0,0,5
11/24/2014,AEG,NM,ASW,WE,Federal Contract Tower,0,0,6,2,8,0,0,14,2,16,0,0,20,4,24,32,14,46,70
11/25/2014,AEG,NM,ASW,WE,Federal Contract Tower,0,0,14,8,22,0,0,41,6,47,0,0,55,14,69,188,0,188,257
11/26/2014,AEG,NM,ASW,WE,Federal Contract Tower,0,0,8,0,8,0,1,51,0,52,0,1,59,0,60,92,0,92,152
11/27/2014,AEG,NM,ASW,WE,Federal Contract Tower,0,0,2,0,2,0,0,17,0,17,0,0,19,0,19,18,0,18,37
11/28/2014,AEG,NM,ASW,WE,Federal Contract Tower,0,0,23,0,23,0,0,88,0,88,0,0,111,0,111,58,0,58,169
11/29/2014,AEG,NM,ASW,WE,Federal Contract Tower,0,0,9,0,9,0,0,52,0,52,0,0,61,0,61,36,0,36,97
11/30/2014,AEG,NM,ASW,WE,Federal Contract Tower,0,0,13,0,13,0,0,56,0,56,0,0,69,0,69,162,0,162,231
12/01/2014,AEG,NM,ASW,WE,Federal Contract Tower,0,0,4,0,4,0,0,54,2,56,0,0,58,2,60,76,0,76,136
12/02/2014,AEG,NM,ASW,WE,Federal Contract Tower,0,0,3,2,5,0,0,38,6,44,0,0,41,8,49,36,10,46,95
12/03/2014,AEG,NM,ASW,WE,Federal Contract Tower,0,0,15,12,27,0,0,45,4,49,0,0,60,16,76,108,0,108,184
12/04/2014,AEG,NM,ASW,WE,Federal Contract Tower,0,9,2,0,11,0,0,4,0,4,0,9,6,0,15,0,0,0,15
12/05/2014,AEG,NM,ASW,WE,Federal Contract Tower,0,0,7,0,7,0,0,52,7,59,0,0,59,7,66,226,0,226,292
12/06/2014,AEG,NM,ASW,WE,Federal Contract Tower,0,0,11,0,11,0,0,72,13,85,0,0,83,13,96,106,6,112,208
12/07/2014,AEG,NM,ASW,WE,Federal Contract Tower,0,0,7,0,7,0,0,73,15,88,0,0,80,15,95,188,0,188,283
12/08/2014,AEG,NM,ASW,WE,Federal Contract Tower,0,0,6,0,6,0,0,56,6,62,0,0,62,6,68,140,0,140,208
12/09/2014,AEG,NM,ASW,WE,Federal Contract Tower,0,0,2,0,2,0,0,31,2,33,0,0,33,2,35,82,0,82,117
12/10/2014,AEG,NM,ASW,WE,Federal Contract Tower,0,0,12,0,12,0,2,49,8,59,0,2,61,8,71,66,26,92,163
12/11/2014,AEG,NM,ASW,WE,Federal Contract Tower,0,0,18,5,23,0,0,45,9,54,0,0,63,14,77,146,26,172,249
12/12/2014,AEG,NM,ASW,WE,Federal Contract Tower,0,2,3,0,5,0,1,56,6,63,0,3,59,6,68,138,8,146,214
12/13/2014,AEG,NM,ASW,WE,Federal Contract Tower,0,0,4,0,4,0,0,55,0,55,0,0,59,0,59,74,0,74,133
12/14/2014,AEG,NM,ASW,WE,Federal Contract Tower,0,12,40,0,52,0,0,9,0,9,0,12,49,0,61,2,0,2,63
12/15/2014,AEG,NM,ASW,WE,Federal Contract Tower,0,1,6,0,7,0,0,35,2,37,0,1,41,2,44,70,0,70,114
12/16/2014,AEG,NM,ASW,WE,Federal Contract Tower,0,0,16,0,16,0,0,48,2,50,0,0,64,2,66,86,0,86,152
12/17/2014,AEG,NM,ASW,WE,Federal Contract Tower,0,0,7,6,13,0,0,0,2,2,0,0,7,8,15,0,18,18,33
12/18/2014,AEG,NM,ASW,WE,Federal Contract Tower,0,0,11,0,11,0,0,24,2,26,0,0,35,2,37,34,0,34,71
12/19/2014,AEG,NM,ASW,WE,Federal Contract Tower,0,1,18,0,19,0,2,36,0,38,0,3,54,0,57,28,0,28,85
12/20/2014,AEG,NM,ASW,WE,Federal Contract Tower,0,0,15,0,15,0,0,87,0,87,0,0,102,0,102,182,0,182,284
12/21/2014,AEG,NM,ASW,WE,Federal Contract Tower,0,0,5,0,5,0,0,46,0,46,0,0,51,0,51,250,0,250,301
12/22/2014,AEG,NM,ASW,WE,Federal Contract Tower,0,1,12,1,14,0,0,17,1,18,0,1,29,2,32,20,0,20,52
12/23/2014,AEG,NM,ASW,WE,Federal Contract Tower,0,1,5,3,9,0,0,33,1,34,0,1,38,4,43,16,26,42,85
12/24/2014,AEG,NM,ASW,WE,Federal Contract Tower,0,0,12,0,12,0,0,39,0,39,0,0,51,0,51,152,0,152,203
12/25/2014,AEG,NM,ASW,WE,Federal Contract Tower,0,2,0,0,2,0,0,3,0,3,0,2,3,0,5,50,0,50,55
12/26/2014,AEG,NM,ASW,WE,Federal Contract Tower,0,4,2,0,6,0,0,5,0,5,0,4,7,0,11,0,0,0,11
12/27/2014,AEG,NM,ASW,WE,Federal Contract Tower,0,0,19,0,19,0,0,24,0,24,0,0,43,0,43,20,0,20,63
12/28/2014,AEG,NM,ASW,WE,Federal Contract Tower,0,0,7,0,7,0,0,52,0,52,0,0,59,0,59,30,0,30,89
12/29/2014,AEG,NM,ASW,WE,Federal Contract Tower,0,0,11,1,12,0,0,69,1,70,0,0,80,2,82,150,16,166,248
12/30/2014,AEG,NM,ASW,WE,Federal Contract Tower,0,4,0,1,5,0,0,14,1,15,0,4,14,2,20,2,26,28,48
12/31/2014,AEG,NM,ASW,WE,Federal Contract Tower,0,0,4,0,4,0,0,4,0,4,0,0,8,0,8,2,0,2,10
01/01/2015,AEG,NM,ASW,WE,Federal Contract Tower,0,0,2,0,2,0,0,8,0,8,0,0,10,0,10,4,0,4,14
01/02/2015,AEG,NM,ASW,WE,Federal Contract Tower,0,0,7,0,7,0,0,19,0,19,0,0,26,0,26,68,0,68,94
01/03/2015,AEG,NM,ASW,WE,Federal Contract Tower,0,0,5,0,5,0,0,46,0,46,0,0,51,0,51,58,0,58,109
01/04/2015,AEG,NM,ASW,WE,Federal Contract Tower,0,0,20,0,20,0,0,59,0,59,0,0,79,0,79,138,0,138,217
01/05/2015,AEG,NM,ASW,WE,Federal Contract Tower,0,0,9,1,10,0,0,60,0,60,0,0,69,1,70,112,2,114,184
01/06/2015,AEG,NM,ASW,WE,Federal Contract Tower,0,0,7,5,12,0,0,54,1,55,0,0,61,6,67,68,0,68,135
01/07/2015,AEG,NM,ASW,WE,Federal Contract Tower,0,0,4,4,8,0,1,43,0,44,0,1,47,4,52,56,0,56,108
01/08/2015,AEG,NM,ASW,WE,Federal Contract Tower,0,0,11,0,11,0,0,41,1,42,0,0,52,1,53,64,0,64,117
01/09/2015,AEG,NM,ASW,WE,Federal Contract Tower,0,0,6,0,6,0,0,30,0,30,0,0,36,0,36,84,0,84,120
01/10/2015,AEG,NM,ASW,WE,Federal Contract Tower,0,2,13,0,15,0,0,83,0,83,0,2,96,0,98,265,0,265,363
01/11/2015,AEG,NM,ASW,WE,Federal Contract Tower,0,2,7,4,13,0,0,25,0,25,0,2,32,4,38,136,0,136,174
01/12/2015,AEG,NM,ASW,WE,Federal Contract Tower,0,0,1,0,1,0,0,12,2,14,0,0,13,2,15,34,0,34,49
01/13/2015,AEG,NM,ASW,WE,Federal Contract Tower,0,0,2,0,2,0,0,0,0,0,0,0,2,0,2,0,0,0,2
01/14/2015,AEG,NM,ASW,WE,Federal Contract Tower,0,2,2,0,4,0,0,5,0,5,0,2,7,0,9,16,0,16,25
01/15/2015,AEG,NM,ASW,WE,Federal Contract Tower,0,0,11,2,13,0,0,59,0,59,0,0,70,2,72,148,0,148,220
01/16/2015,AEG,NM,ASW,WE,Federal Contract Tower,0,0,14,8,22,0,0,62,0,62,0,0,76,8,84,254,0,254,338
01/17/2015,AEG,NM,ASW,WE,Federal Contract Tower,0,0,5,0,5,0,0,28,0,28,0,0,33,0,33,46,0,46,79
01/18/2015,AEG,NM,ASW,WE,Federal Contract Tower,0,0,8,0,8,0,0,68,0,68,0,0,76,0,76,162,0,162,238
01/19/2015,AEG,NM,ASW,WE,Federal Contract Tower,0,0,8,4,12,0,0,73,0,73,0,0,81,4,85,162,0,162,247
01/20/2015,AEG,NM,ASW,WE,Federal Contract Tower,0,2,9,0,11,0,0,44,0,44,0,2,53,0,55,84,0,84,139
01/21/2015,AEG,NM,ASW,WE,Federal Contract Tower,0,0,0,0,0,0,0,22,0,22,0,0,22,0,22,50,0,50,72
01/22/2015,AEG,NM,ASW,WE,Federal Contract Tower,0,0,1,0,1,0,0,17,0,17,0,0,18,0,18,70,0,70,88
01/23/2015,AEG,NM,ASW,WE,Federal Contract Tower,0,5,15,0,20,0,0,27,0,27,0,5,42,0,47,60,0,60,107
01/24/2015,AEG,NM,ASW,WE,Federal Contract Tower,0,0,12,0,12,0,0,57,0,57,0,0,69,0,69,106,0,106,175
01/25/2015,AEG,NM,ASW,WE,Federal Contract Tower,0,0,18,0,18,0,0,73,0,73,0,0,91,0,91,346,0,346,437
01/26/2015,AEG,NM,ASW,WE,Federal Contract Tower,0,0,10,1,11,0,2,50,0,52,0,2,60,1,63,116,14,130,193
01/27/2015,AEG,NM,ASW,WE,Federal Contract Tower,0,0,3,3,6,0,0,55,1,56,0,0,58,4,62,180,10,190,252
01/28/2015,AEG,NM,ASW,WE,Federal Contract Tower,0,4,6,1,11,0,0,50,2,52,0,4,56,3,63,126,16,142,205
01/29/2015,AEG,NM,ASW,WE,Federal Contract Tower,0,1,4,0,5,0,0,5,0,5,0,1,9,0,10,12,0,12,22
01/30/2015,AEG,NM,ASW,WE,Federal Contract Tower,0,2,8,0,10,0,0,0,0,0,0,2,8,0,10,0,0,0,10
01/31/2015,AEG,NM,ASW,WE,Federal Contract Tower,0,1,2,0,3,0,0,0,0,0,0,1,2,0,3,0,0,0,3
02/01/2015,AEG,NM,ASW,WE,Federal Contract Tower,0,0,10,0,10,0,0,44,0,44,0,0,54,0,54,50,0,50,104
02/02/2015,AEG,NM,ASW,WE,Federal Contract Tower,0,0,11,0,11,0,1,40,0,41,0,1,51,0,52,78,0,78,130
02/03/2015,AEG,NM,ASW,WE,Federal Contract Tower,0,0,19,0,19,0,0,109,1,110,0,0,128,1,129,154,0,154,283
02/04/2015,AEG,NM,ASW,WE,Federal Contract Tower,0,0,11,5,16,0,0,36,1,37,0,0,47,6,53,48,2,50,103
02/05/2015,AEG,NM,ASW,WE,Federal Contract Tower,0,2,5,0,7,0,4,79,2,85,0,6,84,2,92,154,0,154,246
02/06/2015,AEG,NM,ASW,WE,Federal Contract Tower,0,4,22,1,27,0,1,106,9,116,0,5,128,10,143,228,0,228,371
02/07/2015,AEG,NM,ASW,WE,Federal Contract Tower,0,0,9,0,9,0,0,77,2,79,0,0,86,2,88,186,0,186,274
02/08/2015,AEG,NM,ASW,WE,Federal Contract Tower,0,1,5,0,6,0,3,89,5,97,0,4,94,5,103,284,0,284,387
02/09/2015,AEG,NM,ASW,WE,Federal Contract Tower,0,7,6,0,13,0,2,51,3,56,0,9,57,3,69,84,0,84,153
02/10/2015,AEG,NM,ASW,WE,Federal Contract Tower,0,4,4,3,11,0,4,84,5,93,0,8,88,8,104,110,14,124,228
02/11/2015,AEG,NM,ASW,WE,Federal Contract Tower,0,0,7,0,7,0,2,20,2,24,0,2,27,2,31,58,0,58,89
02/12/2015,AEG,NM,ASW,WE,Federal Contract Tower,0,0,13,0,13,0,1,74,3,78,0,1,87,3,91,146,0,146,237
02/13/2015,AEG,NM,ASW,WE,Federal Contract Tower,0,0,17,0,17,0,12,78,4,94,0,12,95,4,111,194,10,204,315
02/14/2015,AEG,NM,ASW,WE,Federal Contract Tower,0,0,13,0,13,0,0,172,0,172,0,0,185,0,185,116,0,116,301
02/15/2015,AEG,NM,ASW,WE,Federal Contract Tower,0,0,16,0,16,0,0,69,0,69,0,0,85,0,85,254,0,254,339
02/16/2015,AEG,NM,ASW,WE,Federal Contract Tower,0,0,13,0,13,0,0,48,0,48,0,0,61,0,61,264,0,264,325
02/17/2015,AEG,NM,ASW,WE,Federal Contract Tower,0,2,7,0,9,0,0,40,0,40,0,2,47,0,49,36,0,36,85
02/18/2015,AEG,NM,ASW,WE,Federal Contract Tower,0,0,5,0,5,0,0,61,0,61,0,0,66,0,66,140,0,140,206
02/19/2015,AEG,NM,ASW,WE,Federal Contract Tower,0,0,13,1,14,0,0,78,4,82,0,0,91,5,96,136,0,136,232
02/20/2015,AEG,NM,ASW,WE,Federal Contract Tower,0,0,14,0,14,0,0,72,5,77,0,0,86,5,91,184,6,190,281
02/21/2015,AEG,NM,ASW,WE,Federal Contract Tower,0,0,12,4,16,0,0,68,2,70,0,0,80,6,86,74,0,74,160
02/22/2015,AEG,NM,ASW,WE,Federal Contract Tower,0,0,7,0,7,0,0,11,0,11,0,0,18,0,18,22,0,22,40
02/23/2015,AEG,NM,ASW,WE,Federal Contract Tower,0,2,9,1,12,0,2,12,1,15,0,4,21,2,27,26,0,26,53
02/24/2015,AEG,NM,ASW,WE,Federal Contract Tower,0,0,13,0,13,0,0,13,0,13,0,0,26,0,26,4,0,4,30
02/25/2015,AEG,NM,ASW,WE,Federal Contract Tower,0,1,6,0,7,0,3,38,0,41,0,4,44,0,48,44,0,44,92
02/26/2015,AEG,NM,ASW,WE,Federal Contract Tower,0,0,8,2,10,0,0,27,0,27,0,0,35,2,37,66,0,66,103
02/27/2015,AEG,NM,ASW,WE,Federal Contract Tower,0,0,3,0,3,0,0,2,0,2,0,0,5,0,5,2,0,2,7
02/28/2015,AEG,NM,ASW,WE,Federal Contract Tower,0,0,4,0,4,0,0,5,0,5,0,0,9,0,9,0,0,0,9
03/01/2015,AEG,NM,ASW,WE,Federal Contract Tower,0,0,10,0,10,0,0,33,0,33,0,0,43,0,43,146,0,146,189
03/02/2015,AEG,NM,ASW,WE,Federal Contract Tower,0,0,6,0,6,0,0,18,2,20,0,0,24,2,26,26,20,46,72
03/03/2015,AEG,NM,ASW,WE,Federal Contract Tower,0,0,1,3,4,0,0,35,4,39,0,0,36,7,43,42,26,68,111
03/04/2015,AEG,NM,ASW,WE,Federal Contract Tower,0,2,3,16,21,0,0,32,8,40,0,2,35,24,61,62,32,94,155
03/05/2015,AEG,NM,ASW,WE,Federal Contract Tower,0,0,17,0,17,0,0,58,2,60,0,0,75,2,77,74,14,88,165
03/06/2015,AEG,NM,ASW,WE,Federal Contract Tower,0,0,8,4,12,0,2,78,2,82,0,2,86,6,94,82,0,82,176
03/07/2015,AEG,NM,ASW,WE,Federal Contract Tower,0,0,10,4,14,0,0,84,0,84,0,0,94,4,98,120,0,120,218
03/08/2015,AEG,NM,ASW,WE,Federal Contract Tower,0,0,11,2,13,0,3,75,1,79,0,3,86,3,92,58,0,58,150
03/09/2015,AEG,NM,ASW,WE,Federal Contract Tower,0,0,13,0,13,0,0,45,0,45,0,0,58,0,58,18,0,18,76
03/10/2015,AEG,NM,ASW,WE,Federal Contract Tower,0,0,12,2,14,0,0,63,3,66,0,0,75,5,80,108,14,122,202
03/11/2015,AEG,NM,ASW,WE,Federal Contract Tower,0,0,12,0,12,0,3,59,0,62,0,3,71,0,74,86,0,86,160
03/12/2015,AEG,NM,ASW,WE,Federal Contract Tower,0,5,6,0,11,0,0,41,3,44,0,5,47,3,55,100,0,100,155
03/13/2015,AEG,NM,ASW,WE,Federal Contract Tower,0,0,12,1,13,0,0,25,3,28,0,0,37,4,41,56,6,62,103
03/14/2015,AEG,NM,ASW,WE,Federal Contract Tower,0,0,13,0,13,0,7,72,0,79,0,7,85,0,92,196,0,196,288
03/15/2015,AEG,NM,ASW,WE,Federal Contract Tower,0,0,8,0,8,0,4,84,0,88,0,4,92,0,96,226,0,226,322
03/16/2015,AEG,NM,ASW,WE,Federal Contract Tower,0,0,13,0,13,0,11,73,2,86,0,11,86,2,99,54,4,58,157
03/17/2015,AEG,NM,ASW,WE,Federal Contract Tower,0,0,1,1,2,0,0,50,3,53,0,0,51,4,55,80,10,90,145
03/18/2015,AEG,NM,ASW,WE,Federal Contract Tower,0,6,22,1,29,0,2,56,1,59,0,8,78,2,88,160,8,168,256
03/19/2015,AEG,NM,ASW,WE,Federal Contract Tower,0,2,6,1,9,0,0,30,1,31,0,2,36,2,40,122,0,122,162
03/20/2015,AEG,NM,ASW,WE,Federal Contract Tower,0,0,26,2,28,0,2,54,2,58,0,2,80,4,86,122,0,122,208
03/21/2015,AEG,NM,ASW,WE,Federal Contract Tower,0,0,17,0,17,0,0,104,1,105,0,0,121,1,122,196,0,196,318
03/22/2015,AEG,NM,ASW,WE,Federal Contract Tower,0,0,19,0,19,0,0,90,1,91,0,0,109,1,110,264,0,264,374
03/23/2015,AEG,NM,ASW,WE,Federal Contract Tower,0,0,22,0,22,0,0,40,3,43,0,0,62,3,65,120,12,132,197
03/24/2015,AEG,NM,ASW,WE,Federal Contract Tower,0,0,10,2,12,0,0,53,4,57,0,0,63,6,69,54,14,68,137
03/25/2015,AEG,NM,ASW,WE,Federal Contract Tower,0,0,4,2,6,0,0,28,2,30,0,0,32,4,36,22,2,24,60
03/26/2015,AEG,NM,ASW,WE,Federal Contract Tower,0,2,9,0,11,0,2,72,1,75,0,4,81,1,86,144,0,144,230
03/27/2015,AEG,NM,ASW,WE,Federal Contract Tower,0,2,8,0,10,0,0,67,0,67,0,2,75,0,77,180,0,180,257
03/28/2015,AEG,NM,ASW,WE,Federal Contract Tower,0,0,15,0,15,0,0,100,2,102,0,0,115,2,117,200,0,200,317
03/29/2015,AEG,NM,ASW,WE,Federal Contract Tower,0,0,13,0,13,0,0,87,1,88,0,0,100,1,101,112,0,112,213
03/30/2015,AEG,NM,ASW,WE,Federal Contract Tower,0,5,10,0,15,0,17,41,2,60,0,22,51,2,75,32,14,46,121
03/31/2015,AEG,NM,ASW,WE,Federal Contract Tower,0,1,9,1,11,0,4,99,0,103,0,5,108,1,114,262,2,264,378
04/01/2015,AEG,NM,ASW,WE,Federal Contract Tower,0,0,14,3,17,0,8,42,0,50,0,8,56,3,67,78,0,78,145
04/02/2015,AEG,NM,ASW,WE,Federal Contract Tower,0,4,4,4,12,0,0,37,0,37,0,4,41,4,49,54,0,54,103
04/03/2015,AEG,NM,ASW,WE,Federal Contract Tower,0,3,6,0,9,0,2,56,2,60,0,5,62,2,69,166,8,174,243
04/04/2015,AEG,NM,ASW,WE,Federal Contract Tower,0,8,5,0,13,0,25,19,0,44,0,33,24,0,57,138,0,138,195
04/05/2015,AEG,NM,ASW,WE,Federal Contract Tower,0,0,10,4,14,0,0,33,0,33,0,0,43,4,47,48,0,48,95
04/06/2015,AEG,NM,ASW,WE,Federal Contract Tower,0,4,29,0,33,0,2,42,26,70,0,6,71,26,103,78,68,146,249
04/07/2015,AEG,NM,ASW,WE,Federal Contract Tower,0,6,23,8,37,0,0,42,7,49,0,6,65,15,86,70,12,82,168
04/08/2015,AEG,NM,ASW,WE,Federal Contract Tower,0,0,9,0,9,0,0,22,1,23,0,0,31,1,32,52,0,52,84
04/09/2015,AEG,NM,ASW,WE,Federal Contract Tower,0,0,20,4,24,0,0,57,14,71,0,0,77,18,95,40,22,62,157
04/10/2015,AEG,NM,ASW,WE,Federal Contract Tower,0,1,8,2,11,0,1,68,11,80,0,2,76,13,91,178,96,274,365
04/11/2015,AEG,NM,ASW,WE,Federal Contract Tower,0,0,38,0,38,0,0,87,10,97,0,0,125,10,135,144,4,148,283
04/12/2015,AEG,NM,ASW,WE,Federal Contract Tower,0,0,18,2,20,0,2,62,1,65,0,2,80,3,85,164,0,164,249
04/13/2015,AEG,NM,ASW,WE,Federal Contract Tower,0,2,24,0,26,0,2,28,4,34,0,4,52,4,60,136,0,136,196
04/14/2015,AEG,NM,ASW,WE,Federal Contract Tower,0,2,8,2,12,0,0,52,6,58,0,2,60,8,70,68,0,68,138
04/15/2015,AEG,NM,ASW,WE,Federal Contract Tower,0,4,6,8,18,0,5,22,3,30,0,9,28,11,48,24,12,36,84
04/16/2015,AEG,NM,ASW,WE,Federal Contract Tower,0,2,11,0,13,0,5,31,1,37,0,7,42,1,50,70,0,70,120
04/17/2015,AEG,NM,ASW,WE,Federal Contract Tower,0,0,11,0,11,0,2,43,1,46,0,2,54,1,57,82,0,82,139
04/18/2015,AEG,NM,ASW,WE,Federal Contract Tower,0,0,18,0,18,0,0,32,0,32,0,0,50,0,50,144,0,144,194
04/19/2015,AEG,NM,ASW,WE,Federal Contract Tower,0,0,4,0,4,0,0,88,0,88,0,0,92,0,92,148,0,148,240
04/20/2015,AEG,NM,ASW,WE,Federal Contract Tower,0,0,10,0,10,0,0,31,1,32,0,0,41,1,42,48,0,48,90
04/21/2015,AEG,NM,ASW,WE,Federal Contract Tower,0,7,19,0,26,0,3,59,1,63,0,10,78,1,89,76,0,76,165
04/22/2015,AEG,NM,ASW,WE,Federal Contract Tower,0,2,14,0,16,0,2,50,1,53,0,4,64,1,69,58,0,58,127
04/23/2015,AEG,NM,ASW,WE,Federal Contract Tower,0,0,20,0,20,0,0,49,0,49,0,0,69,0,69,86,0,86,155
04/24/2015,AEG,NM,ASW,WE,Federal Contract Tower,0,4,3,0,7,0,2,11,1,14,0,6,14,1,21,0,38,38,59
04/25/2015,AEG,NM,ASW,WE,Federal Contract Tower,0,0,19,0,19,0,6,74,2,82,0,6,93,2,101,42,0,42,143
04/26/2015,AEG,NM,ASW,WE,Federal Contract Tower,0,0,1,0,1,0,0,5,0,5,0,0,6,0,6,2,0,2,8
04/27/2015,AEG,NM,ASW,WE,Federal Contract Tower,0,1,6,2,9,0,0,17,0,17,0,1,23,2,26,20,2,22,48
04/28/2015,AEG,NM,ASW,WE,Federal Contract Tower,0,2,23,8,33,0,9,90,0,99,0,11,113,8,132,110,8,118,250
04/29/2015,AEG,NM,ASW,WE,Federal Contract Tower,0,2,13,0,15,0,0,67,0,67,0,2,80,0,82,138,0,138,220
04/30/2015,AEG,NM,ASW,WE,Federal Contract Tower,0,3,18,0,21,0,4,72,1,77,0,7,90,1,98,154,0,154,252
05/01/2015,AEG,NM,ASW,WE,Federal Contract Tower,0,0,17,0,17,0,2,69,0,71,0,2,86,0,88,230,0,230,318
05/02/2015,AEG,NM,ASW,WE,Federal Contract Tower,0,0,13,0,13,0,0,55,0,55,0,0,68,0,68,98,0,98,166
05/03/2015,AEG,NM,ASW,WE,Federal Contract Tower,0,0,14,0,14,0,0,61,0,61,0,0,75,0,75,62,0,62,137
05/04/2015,AEG,NM,ASW,WE,Federal Contract Tower,0,2,13,0,15,0,0,28,0,28,0,2,41,0,43,38,0,38,81
05/05/2015,AEG,NM,ASW,WE,Federal Contract Tower,0,0,8,1,9,0,0,25,1,26,0,0,33,2,35,68,6,74,109
05/06/2015,AEG,NM,ASW,WE,Federal Contract Tower,0,1,13,0,14,0,0,44,4,48,0,1,57,4,62,210,21,231,293
05/07/2015,AEG,NM,ASW,WE,Federal Contract Tower,0,0,18,2,20,0,0,78,1,79,0,0,96,3,99,106,0,106,205
05/08/2015,AEG,NM,ASW,WE,Federal Contract Tower,0,0,18,0,18,0,0,65,0,65,0,0,83,0,83,152,0,152,235
05/09/2015,AEG,NM,ASW,WE,Federal Contract Tower,0,0,23,0,23,0,0,30,0,30,0,0,53,0,53,8,0,8,61
05/10/2015,AEG,NM,ASW,WE,Federal Contract Tower,0,3,6,0,9,0,1,57,0,58,0,4,63,0,67,122,0,122,189
05/11/2015,AEG,NM,ASW,WE,Federal Contract Tower,0,0,21,2,23,0,0,62,1,63,0,0,83,3,86,114,10,124,210
05/12/2015,AEG,NM,ASW,WE,Federal Contract Tower,0,1,4,0,5,0,1,37,5,43,0,2,41,5,48,44,0,44,92
05/13/2015,AEG,NM,ASW,WE,Federal Contract Tower,0,0,9,10,19,0,0,45,7,52,0,0,54,17,71,174,2,176,247
05/14/2015,AEG,NM,ASW,WE,Federal Contract Tower,0,6,21,3,30,0,0,53,6,59,0,6,74,9,89,92,2,94,183
05/15/2015,AEG,NM,ASW,WE,Federal Contract Tower,0,2,13,5,20,0,0,22,0,22,0,2,35,5,42,98,0,98,140
05/16/2015,AEG,NM,ASW,WE,Federal Contract Tower,0,0,5,0,5,0,0,16,2,18,0,0,21,2,23,14,0,14,37
05/17/2015,AEG,NM,ASW,WE,Federal Contract Tower,0,0,7,0,7,0,0,98,8,106,0,0,105,8,113,192,0,192,305
05/18/2015,AEG,NM,ASW,WE,Federal Contract Tower,0,1,5,6,12,0,0,34,5,39,0,1,39,11,51,68,6,74,125
05/19/2015,AEG,NM,ASW,WE,Federal Contract Tower,0,0,6,0,6,0,0,69,1,70,0,0,75,1,76,158,0,158,234
05/20/2015,AEG,NM,ASW,WE,Federal Contract Tower,0,0,7,0,7,0,0,91,0,91,0,0,98,0,98,238,0,238,336
05/21/2015,AEG,NM,ASW,WE,Federal Contract Tower,0,0,6,0,6,0,0,15,0,15,0,0,21,0,21,48,0,48,69
05/22/2015,AEG,NM,ASW,WE,Federal Contract Tower,0,4,18,0,22,0,3,43,0,46,0,7,61,0,68,94,0,94,162
05/23/2015,AEG,NM,ASW,WE,Federal Contract Tower,0,0,6,1,7,0,0,34,6,40,0,0,40,7,47,96,2,98,145
05/24/2015,AEG,NM,ASW,WE,Federal Contract Tower,0,9,0,0,9,0,0,43,0,43,0,9,43,0,52,96,0,96,148
05/25/2015,AEG,NM,ASW,WE,Federal Contract Tower,0,11,0,0,11,0,0,66,0,66,0,11,66,0,77,124,0,124,201
05/26/2015,AEG,NM,ASW,WE,Federal Contract Tower,0,2,11,0,13,0,2,53,0,55,0,4,64,0,68,130,0,130,198
05/27/2015,AEG,NM,ASW,WE,Federal Contract Tower,0,7,12,3,22,0,10,43,1,54,0,17,55,4,76,94,2,96,172
05/28/2015,AEG,NM,ASW,WE,Federal Contract Tower,0,1,10,8,19,0,0,62,0,62,0,1,72,8,81,106,10,116,197
05/29/2015,AEG,NM,ASW,WE,Federal Contract Tower,0,2,11,3,16,0,2,57,1,60,0,4,68,4,76,94,2,96,172
05/30/2015,AEG,NM,ASW,WE,Federal Contract Tower,0,0,13,0,13,0,0,66,0,66,0,0,79,0,79,100,0,100,179
05/31/2015,AEG,NM,ASW,WE,Federal Contract Tower,0,0,5,0,5,0,0,60,0,60,0,0,65,0,65,170,0,170,235
06/01/2015,AEG,NM,ASW,WE,Federal Contract Tower,0,3,7,0,10,0,3,53,0,56,0,6,60,0,66,52,12,64,130
06/02/2015,AEG,NM,ASW,WE,Federal Contract Tower,0,2,12,6,20,0,2,88,2,92,0,4,100,8,112,60,20,80,192
06/03/2015,AEG,NM,ASW,WE,Federal Contract Tower,0,0,7,4,11,0,0,71,3,74,0,0,78,7,85,88,12,100,185
06/04/2015,AEG,NM,ASW,WE,Federal Contract Tower,0,0,9,0,9,0,2,60,3,65,0,2,69,3,74,66,34,100,174
06/05/2015,AEG,NM,ASW,WE,Federal Contract Tower,0,0,9,0,9,0,0,51,0,51,0,0,60,0,60,154,0,154,214
06/06/2015,AEG,NM,ASW,WE,Federal Contract Tower,0,2,6,0,8,0,0,86,3,89,0,2,92,3,97,62,20,82,179
06/07/2015,AEG,NM,ASW,WE,Federal Contract Tower,0,0,13,0,13,0,0,54,0,54,0,0,67,0,67,202,0,202,269
06/08/2015,AEG,NM,ASW,WE,Federal Contract Tower,0,1,7,0,8,0,2,50,0,52,0,3,57,0,60,58,0,58,118
06/09/2015,AEG,NM,ASW,WE,Federal Contract Tower,0,0,7,0,7,0,0,45,6,51,0,0,52,6,58,86,0,86,144
06/10/2015,AEG,NM,ASW,WE,Federal Contract Tower,0,1,3,0,4,0,0,37,3,40,0,1,40,3,44,80,0,80,124
06/11/2015,AEG,NM,ASW,WE,Federal Contract Tower,0,0,11,2,13,0,4,60,0,64,0,4,71,2,77,246,2,248,325
06/12/2015,AEG,NM,ASW,WE,Federal Contract Tower,0,1,9,0,10,0,0,90,0,90,0,1,99,0,100,150,0,150,250
06/13/2015,AEG,NM,ASW,WE,Federal Contract Tower,0,0,5,0,5,0,0,50,0,50,0,0,55,0,55,116,0,116,171
06/14/2015,AEG,NM,ASW,WE,Federal Contract Tower,0,2,18,0,20,0,1,63,0,64,0,3,81,0,84,188,0,188,272
06/15/2015,AEG,NM,ASW,WE,Federal Contract Tower,0,1,17,2,20,0,1,30,0,31,0,2,47,2,51,64,0,64,115
06/16/2015,AEG,NM,ASW,WE,Federal Contract Tower,0,5,9,0,14,0,0,32,0,32,0,5,41,0,46,32,0,32,78
06/17/2015,AEG,NM,ASW,WE,Federal Contract Tower,0,0,7,2,9,0,0,45,0,45,0,0,52,2,54,24,0,24,78
06/18/2015,AEG,NM,ASW,WE,Federal Contract Tower,0,0,9,0,9,0,0,54,0,54,0,0,63,0,63,116,0,116,179
06/19/2015,AEG,NM,ASW,WE,Federal Contract Tower,0,0,12,10,22,0,0,65,0,65,0,0,77,10,87,76,0,76,163
06/20/2015,AEG,NM,ASW,WE,Federal Contract Tower,0,0,13,0,13,0,0,93,0,93,0,0,106,0,106,104,0,104,210
06/21/2015,AEG,NM,ASW,WE,Federal Contract Tower,0,0,13,0,13,0,0,59,0,59,0,0,72,0,72,186,0,186,258
06/22/2015,AEG,NM,ASW,WE,Federal Contract Tower,0,0,9,0,9,0,0,30,2,32,0,0,39,2,41,32,4,36,77
06/23/2015,AEG,NM,ASW,WE,Federal Contract Tower,0,0,6,3,9,0,0,50,1,51,0,0,56,4,60,86,4,90,150
06/24/2015,AEG,NM,ASW,WE,Federal Contract Tower,0,0,9,6,15,0,0,47,8,55,0,0,56,14,70,68,8,76,146
06/25/2015,AEG,NM,ASW,WE,Federal Contract Tower,0,0,8,0,8,0,0,67,0,67,0,0,75,0,75,90,0,90,165
06/26/2015,AEG,NM,ASW,WE,Federal Contract Tower,0,3,13,0,16,0,2,68,0,70,0,5,81,0,86,126,0,126,212
06/27/2015,AEG,NM,ASW,WE,Federal Contract Tower,0,2,14,0,16,0,2,45,0,47,0,4,59,0,63,48,0,48,111
06/28/2015,AEG,NM,ASW,WE,Federal Contract Tower,0,0,2,0,2,0,0,44,0,44,0,0,46,0,46,44,0,44,90
06/29/2015,AEG,NM,ASW,WE,Federal Contract Tower,0,0,36,0,36,0,0,39,0,39,0,0,75,0,75,24,0,24,99
06/30/2015,AEG,NM,ASW,WE,Federal Contract Tower,0,0,7,0,7,0,0,62,2,64,0,0,69,2,71,120,0,120,191
07/01/2015,AEG,NM,ASW,WE,Federal Contract Tower,0,0,19,0,19,0,62,2,0,64,0,62,21,0,83,108,0,108,191
07/02/2015,AEG,NM,ASW,WE,Federal Contract Tower,0,0,0,0,0,0,0,32,0,32,0,0,32,0,32,38,0,38,70
07/03/2015,AEG,NM,ASW,WE,Federal Contract Tower,0,0,14,0,14,0,0,61,0,61,0,0,75,0,75,132,0,132,207
07/04/2015,AEG,NM,ASW,WE,Federal Contract Tower,0,0,5,0,5,0,0,52,0,52,0,0,57,0,57,78,0,78,135
07/05/2015,AEG,NM,ASW,WE,Federal Contract Tower,0,0,6,0,6,0,0,58,0,58,0,0,64,0,64,82,0,82,146
07/06/2015,AEG,NM,ASW,WE,Federal Contract Tower,0,0,4,0,4,0,0,42,1,43,0,0,46,1,47,150,16,166,213
07/07/2015,AEG,NM,ASW,WE,Federal Contract Tower,0,0,21,0,21,0,0,39,0,39,0,0,60,0,60,72,0,72,132
07/08/2015,AEG,NM,ASW,WE,Federal Contract Tower,0,0,7,0,7,0,1,39,1,41,0,1,46,1,48,198,0,198,246
07/09/2015,AEG,NM,ASW,WE,Federal Contract Tower,0,5,6,0,11,0,2,40,8,50,0,7,46,8,61,106,0,106,167
07/10/2015,AEG,NM,ASW,WE,Federal Contract Tower,0,0,15,0,15,0,0,65,4,69,0,0,80,4,84,150,6,156,240
07/11/2015,AEG,NM,ASW,WE,Federal Contract Tower,0,0,10,0,10,0,1,87,5,93,0,1,97,5,103,204,0,204,307
07/12/2015,AEG,NM,ASW,WE,Federal Contract Tower,0,2,7,0,9,0,0,80,0,80,0,2,87,0,89,250,0,250,339
07/13/2015,AEG,NM,ASW,WE,Federal Contract Tower,0,0,15,2,17,0,2,55,3,60,0,2,70,5,77,132,0,132,209
07/14/2015,AEG,NM,ASW,WE,Federal Contract Tower,0,0,8,4,12,0,0,50,10,60,0,0,58,14,72,144,12,156,228
07/15/2015,AEG,NM,ASW,WE,Federal Contract Tower,0,0,5,0,5,0,0,71,8,79,0,0,76,8,84,132,12,144,228
07/16/2015,AEG,NM,ASW,WE,Federal Contract Tower,0,0,10,4,14,0,0,62,8,70,0,0,72,12,84,74,10,84,168
07/17/2015,AEG,NM,ASW,WE,Federal Contract Tower,0,0,27,0,27,0,0,89,2,91,0,0,116,2,118,156,0,156,274
07/18/2015,AEG,NM,ASW,WE,Federal Contract Tower,0,1,6,0,7,0,1,77,2,80,0,2,83,2,87,180,0,180,267
07/19/2015,AEG,NM,ASW,WE,Federal Contract Tower,0,1,14,0,15,0,0,97,9,106,0,1,111,9,121,226,0,226,347
07/20/2015,AEG,NM,ASW,WE,Federal Contract Tower,0,1,16,0,17,0,2,49,2,53,0,3,65,2,70,68,0,68,138
07/21/2015,AEG,NM,ASW,WE,Federal Contract Tower,0,0,8,0,8,0,1,64,10,75,0,1,72,10,83,174,28,202,285
07/22/2015,AEG,NM,ASW,WE,Federal Contract Tower,0,0,4,0,4,0,2,56,7,65,0,2,60,7,69,66,0,66,135
07/23/2015,AEG,NM,ASW,WE,Federal Contract Tower,0,0,10,0,10,0,1,53,6,60,0,1,63,6,70,58,0,58,128
07/24/2015,AEG,NM,ASW,WE,Federal Contract Tower,0,0,11,0,11,0,0,77,3,80,0,0,88,3,91,148,48,196,287
07/25/2015,AEG,NM,ASW,WE,Federal Contract Tower,0,0,21,0,21,0,0,103,0,103,0,0,124,0,124,100,0,100,224
07/26/2015,AEG,NM,ASW,WE,Federal Contract Tower,0,0,17,0,17,0,0,67,0,67,0,0,84,0,84,96,0,96,180
07/27/2015,AEG,NM,ASW,WE,Federal Contract Tower,0,0,5,0,5,0,0,71,0,71,0,0,76,0,76,122,0,122,198
07/28/2015,AEG,NM,ASW,WE,Federal Contract Tower,0,0,10,0,10,0,2,54,2,58,0,2,64,2,68,80,0,80,148
07/29/2015,AEG,NM,ASW,WE,Federal Contract Tower,0,2,6,0,8,0,0,61,2,63,0,2,67,2,71,84,0,84,155
07/30/2015,AEG,NM,ASW,WE,Federal Contract Tower,0,0,3,0,3,0,0,49,0,49,0,0,52,0,52,92,0,92,144
07/31/2015,AEG,NM,ASW,WE,Federal Contract Tower,0,0,15,0,15,0,0,54,0,54,0,0,69,0,69,112,0,112,181
08/01/2015,AEG,NM,ASW,WE,Federal Contract Tower,0,0,7,0,7,0,0,64,1,65,0,0,71,1,72,62,0,62,134
08/02/2015,AEG,NM,ASW,WE,Federal Contract Tower,0,0,5,0,5,0,0,67,1,68,0,0,72,1,73,106,0,106,179
08/03/2015,AEG,NM,ASW,WE,Federal Contract Tower,0,0,13,0,13,0,0,46,0,46,0,0,59,0,59,120,0,120,179
08/04/2015,AEG,NM,ASW,WE,Federal Contract Tower,0,0,12,0,12,0,0,58,0,58,0,0,70,0,70,162,0,162,232
08/05/2015,AEG,NM,ASW,WE,Federal Contract Tower,0,0,13,0,13,0,0,67,4,71,0,0,80,4,84,160,72,232,316
08/06/2015,AEG,NM,ASW,WE,Federal Contract Tower,0,0,13,0,13,0,0,65,0,65,0,0,78,0,78,150,0,150,228
08/07/2015,AEG,NM,ASW,WE,Federal Contract Tower,0,0,3,0,3,0,0,54,5,59,0,0,57,5,62,96,0,96,158
08/08/2015,AEG,NM,ASW,WE,Federal Contract Tower,0,4,7,0,11,0,4,63,3,70,0,8,70,3,81,72,0,72,153
08/09/2015,AEG,NM,ASW,WE,Federal Contract Tower,0,0,11,0,11,0,0,86,0,86,0,0,97,0,97,132,0,132,229
08/10/2015,AEG,NM,ASW,WE,Federal Contract Tower,0,0,8,0,8,0,0,31,2,33,0,0,39,2,41,52,22,74,115
08/11/2015,AEG,NM,ASW,WE,Federal Contract Tower,0,3,12,0,15,0,2,51,0,53,0,5,63,0,68,116,0,116,184
08/12/2015,AEG,NM,ASW,WE,Federal Contract Tower,0,0,11,0,11,0,0,65,2,67,0,0,76,2,78,110,30,140,218
08/13/2015,AEG,NM,ASW,WE,Federal Contract Tower,0,2,5,0,7,0,2,61,2,65,0,4,66,2,72,96,42,138,210
08/14/2015,AEG,NM,ASW,WE,Federal Contract Tower,0,0,14,0,14,0,0,52,0,52,0,0,66,0,66,136,0,136,202
08/15/2015,AEG,NM,ASW,WE,Federal Contract Tower,0,12,1,0,13,0,0,68,0,68,0,12,69,0,81,124,0,124,205
08/16/2015,AEG,NM,ASW,WE,Federal Contract Tower,0,0,14,0,14,0,0,81,0,81,0,0,95,0,95,310,0,310,405
08/17/2015,AEG,NM,ASW,WE,Federal Contract Tower,0,0,22,0,22,0,0,54,0,54,0,0,76,0,76,92,0,92,168
08/18/2015,AEG,NM,ASW,WE,Federal Contract Tower,0,2,1,2,5,0,4,50,2,56,0,6,51,4,61,78,8,86,147
08/19/2015,AEG,NM,ASW,WE,Federal Contract Tower,0,0,15,0,15,0,0,62,0,62,0,0,77,0,77,90,0,90,167
08/20/2015,AEG,NM,ASW,WE,Federal Contract Tower,0,19,6,0,25,0,7,80,0,87,0,26,86,0,112,230,0,230,342
08/21/2015,AEG,NM,ASW,WE,Federal Contract Tower,0,0,5,0,5,0,0,50,0,50,0,0,55,0,55,108,0,108,163
08/22/2015,AEG,NM,ASW,WE,Federal Contract Tower,0,1,12,0,13,0,0,85,0,85,0,1,97,0,98,210,0,210,308
08/23/2015,AEG,NM,ASW,WE,Federal Contract Tower,0,0,5,0,5,0,0,34,0,34,0,0,39,0,39,204,0,204,243
08/24/2015,AEG,NM,ASW,WE,Federal Contract Tower,0,2,3,0,5,0,0,25,2,27,0,2,28,2,32,124,8,132,164
08/25/2015,AEG,NM,ASW,WE,Federal Contract Tower,0,0,6,0,6,0,0,54,2,56,0,0,60,2,62,88,16,104,166
08/26/2015,AEG,NM,ASW,WE,Federal Contract Tower,0,0,7,1,8,0,1,51,6,58,0,1,58,7,66,200,8,208,274
08/27/2015,AEG,NM,ASW,WE,Federal Contract Tower,0,3,4,0,7,0,3,70,3,76,0,6,74,3,83,170,0,170,253
08/28/2015,AEG,NM,ASW,WE,Federal Contract Tower,0,0,7,0,7,0,0,71,1,72,0,0,78,1,79,190,0,190,269
08/29/2015,AEG,NM,ASW,WE,Federal Contract Tower,0,0,3,0,3,0,0,199,4,203,0,0,202,4,206,98,4,102,308
08/30/2015,AEG,NM,ASW,WE,Federal Contract Tower,0,0,4,0,4,0,2,87,1,90,0,2,91,1,94,154,0,154,248
08/31/2015,AEG,NM,ASW,WE,Federal Contract Tower,0,0,6,0,6,0,0,43,3,46,0,0,49,3,52,74,0,74,126
09/01/2015,AEG,NM,ASW,WE,Federal Contract Tower,0,1,3,0,4,0,2,49,2,53,0,3,52,2,57,76,30,106,163
09/02/2015,AEG,NM,ASW,WE,Federal Contract Tower,0,2,10,1,13,0,0,43,5,48,0,2,53,6,61,74,2,76,137
09/03/2015,AEG,NM,ASW,WE,Federal Contract Tower,0,0,3,0,3,0,0,66,0,66,0,0,69,0,69,138,0,138,207
09/04/2015,AEG,NM,ASW,WE,Federal Contract Tower,0,2,21,0,23,0,0,68,1,69,0,2,89,1,92,92,0,92,184
09/05/2015,AEG,NM,ASW,WE,Federal Contract Tower,0,0,6,0,6,0,0,56,0,56,0,0,62,0,62,74,0,74,136
09/06/2015,AEG,NM,ASW,WE,Federal Contract Tower,0,0,2,0,2,0,0,65,0,65,0,0,67,0,67,98,0,98,165
09/07/2015,AEG,NM,ASW,WE,Federal Contract Tower,0,0,8,0,8,0,0,61,0,61,0,0,69,0,69,162,0,162,231
09/08/2015,AEG,NM,ASW,WE,Federal Contract Tower,0,0,8,0,8,0,0,49,0,49,0,0,57,0,57,54,0,54,111
09/09/2015,AEG,NM,ASW,WE,Federal Contract Tower,0,0,9,0,9,0,0,46,0,46,0,0,55,0,55,90,0,90,145
09/10/2015,AEG,NM,ASW,WE,Federal Contract Tower,0,0,19,0,19,0,0,72,1,73,0,0,91,1,92,180,0,180,272
09/11/2015,AEG,NM,ASW,WE,Federal Contract Tower,0,0,10,0,10,0,0,57,1,58,0,0,67,1,68,148,0,148,216
09/12/2015,AEG,NM,ASW,WE,Federal Contract Tower,0,1,3,14,18,0,1,102,0,103,0,2,105,14,121,186,0,186,307
09/13/2015,AEG,NM,ASW,WE,Federal Contract Tower,0,1,4,0,5,0,0,65,1,66,0,1,69,1,71,248,0,248,319
09/14/2015,AEG,NM,ASW,WE,Federal Contract Tower,0,0,17,0,17,0,0,39,0,39,0,0,56,0,56,136,0,136,192
09/15/2015,AEG,NM,ASW,WE,Federal Contract Tower,0,3,11,2,16,0,0,58,0,58,0,3,69,2,74,108,0,108,182
09/16/2015,AEG,NM,ASW,WE,Federal Contract Tower,0,1,11,0,12,0,0,63,0,63,0,1,74,0,75,66,0,66,141
09/17/2015,AEG,NM,ASW,WE,Federal Contract Tower,0,0,27,0,27,0,0,77,0,77,0,0,104,0,104,86,0,86,190
09/18/2015,AEG,NM,ASW,WE,Federal Contract Tower,0,0,18,0,18,0,0,69,0,69,0,0,87,0,87,166,0,166,253
09/19/2015,AEG,NM,ASW,WE,Federal Contract Tower,0,0,16,0,16,0,0,45,0,45,0,0,61,0,61,52,0,52,113
09/20/2015,AEG,NM,ASW,WE,Federal Contract Tower,0,0,9,0,9,0,0,80,0,80,0,0,89,0,89,200,0,200,289
09/21/2015,AEG,NM,ASW,WE,Federal Contract Tower,0,0,9,1,10,0,0,49,0,49,0,0,58,1,59,150,0,150,209
09/22/2015,AEG,NM,ASW,WE,Federal Contract Tower,0,0,1,1,2,0,0,16,0,16,0,0,17,1,18,10,0,10,28
09/23/2015,AEG,NM,ASW,WE,Federal Contract Tower,0,0,5,0,5,0,2,39,0,41,0,2,44,0,46,152,0,152,198
09/24/2015,AEG,NM,ASW,WE,Federal Contract Tower,0,0,6,0,6,0,4,63,2,69,0,4,69,2,75,78,0,78,153
09/25/2015,AEG,NM,ASW,WE,Federal Contract Tower,0,0,14,0,14,0,0,97,0,97,0,0,111,0,111,146,0,146,257
09/26/2015,AEG,NM,ASW,WE,Federal Contract Tower,0,0,6,0,6,0,2,102,0,104,0,2,108,0,110,136,0,136,246
09/27/2015,AEG,NM,ASW,WE,Federal Contract Tower,0,0,7,0,7,0,0,84,0,84,0,0,91,0,91,142,0,142,233
09/28/2015,AEG,NM,ASW,WE,Federal Contract Tower,0,0,14,1,15,0,1,44,3,48,0,1,58,4,63,68,8,76,139
09/29/2015,AEG,NM,ASW,WE,Federal Contract Tower,0,0,16,0,16,0,0,66,1,67,0,0,82,1,83,84,18,102,185
09/30/2015,AEG,NM,ASW,WE,Federal Contract Tower,0,2,12,0,14,0,3,56,0,59,0,5,68,0,73,90,0,90,163
10/01/2015,AEG,NM,ASW,WE,Federal Contract Tower,0,5,0,0,5,0,4,48,5,57,0,9,48,5,62,122,34,156,218
10/02/2015,AEG,NM,ASW,WE,Federal Contract Tower,0,0,14,0,14,0,0,70,0,70,0,0,84,0,84,50,0,50,134
10/03/2015,AEG,NM,ASW,WE,Federal Contract Tower,0,0,8,0,8,0,0,113,0,113,0,0,121,0,121,196,0,196,317
10/04/2015,AEG,NM,ASW,WE,Federal Contract Tower,0,0,9,0,9,0,0,50,0,50,0,0,59,0,59,148,0,148,207
10/05/2015,AEG,NM,ASW,WE,Federal Contract Tower,0,0,15,0,15,0,0,34,1,35,0,0,49,1,50,84,0,84,134
10/06/2015,AEG,NM,ASW,WE,Federal Contract Tower,0,1,15,0,16,0,0,54,0,54,0,1,69,0,70,60,0,60,130
10/07/2015,AEG,NM,ASW,WE,Federal Contract Tower,0,2,6,0,8,0,4,93,11,108,0,6,99,11,116,122,92,214,330
10/08/2015,AEG,NM,ASW,WE,Federal Contract Tower,0,0,16,1,17,0,0,76,3,79,0,0,92,4,96,110,4,114,210
10/09/2015,AEG,NM,ASW,WE,Federal Contract Tower,0,0,13,0,13,0,0,71,0,71,0,0,84,0,84,162,0,162,246
10/10/2015,AEG,NM,ASW,WE,Federal Contract Tower,0,0,12,0,12,0,0,108,0,108,0,0,120,0,120,121,0,121,241
10/11/2015,AEG,NM,ASW,WE,Federal Contract Tower,0,0,16,0,16,0,0,75,0,75,0,0,91,0,91,96,0,96,187
10/12/2015,AEG,NM,ASW,WE,Federal Contract Tower,0,2,15,0,17,0,0,51,0,51,0,2,66,0,68,106,0,106,174
10/13/2015,AEG,NM,ASW,WE,Federal Contract Tower,0,2,8,1,11,0,3,66,0,69,0,5,74,1,80,134,0,134,214
10/14/2015,AEG,NM,ASW,WE,Federal Contract Tower,0,5,7,0,12,0,3,65,4,72,0,8,72,4,84,118,0,118,202
10/15/2015,AEG,NM,ASW,WE,Federal Contract Tower,0,4,12,4,20,0,2,68,7,77,0,6,80,11,97,104,34,138,235
10/16/2015,AEG,NM,ASW,WE,Federal Contract Tower,0,0,3,0,3,0,0,28,5,33,0,0,31,5,36,46,22,68,104
10/17/2015,AEG,NM,ASW,WE,Federal Contract Tower,0,0,13,0,13,0,0,84,0,84,0,0,97,0,97,200,0,200,297
10/18/2015,AEG,NM,ASW,WE,Federal Contract Tower,0,0,19,0,19,0,0,42,0,42,0,0,61,0,61,127,0,127,188
10/19/2015,AEG,NM,ASW,WE,Federal Contract Tower,0,0,1,0,1,0,0,40,1,41,0,0,41,1,42,124,0,124,166
10/20/2015,AEG,NM,ASW,WE,Federal Contract Tower,0,0,14,0,14,0,0,28,1,29,0,0,42,1,43,50,0,50,93
10/21/2015,AEG,NM,ASW,WE,Federal Contract Tower,0,1,14,0,15,0,0,3,0,3,0,1,17,0,18,0,0,0,18
10/22/2015,AEG,NM,ASW,WE,Federal Contract Tower,0,3,12,0,15,0,3,35,7,45,0,6,47,7,60,92,0,92,152
10/23/2015,AEG,NM,ASW,WE,Federal Contract Tower,0,0,17,3,20,0,0,97,15,112,0,0,114,18,132,182,42,224,356
10/24/2015,AEG,NM,ASW,WE,Federal Contract Tower,0,0,9,0,9,0,0,0,0,0,0,0,9,0,9,120,0,120,129
10/25/2015,AEG,NM,ASW,WE,Federal Contract Tower,0,0,18,0,18,0,0,66,1,67,0,0,84,1,85,112,0,112,197
10/26/2015,AEG,NM,ASW,WE,Federal Contract Tower,0,0,15,1,16,0,0,45,2,47,0,0,60,3,63,22,10,32,95
10/27/2015,AEG,NM,ASW,WE,Federal Contract Tower,0,0,26,0,26,0,0,60,2,62,0,0,86,2,88,144,0,144,232
10/28/2015,AEG,NM,ASW,WE,Federal Contract Tower,0,1,23,0,24,0,0,95,6,101,0,1,118,6,125,142,6,148,273
10/29/2015,AEG,NM,ASW,WE,Federal Contract Tower,0,0,7,6,13,0,0,41,4,45,0,0,48,10,58,102,0,102,160
10/30/2015,AEG,NM,ASW,WE,Federal Contract Tower,0,1,4,0,5,0,1,18,2,21,0,2,22,2,26,46,0,46,72
10/31/2015,AEG,NM,ASW,WE,Federal Contract Tower,0,0,9,0,9,0,0,92,4,96,0,0,101,4,105,204,0,204,309
11/01/2015,AEG,NM,ASW,WE,Federal Contract Tower,0,2,13,2,17,0,0,96,0,96,0,2,109,2,113,232,0,232,345
11/02/2015,AEG,NM,ASW,WE,Federal Contract Tower,0,5,16,0,21,0,0,58,5,63,0,5,74,5,84,198,0,198,282
11/03/2015,AEG,NM,ASW,WE,Federal Contract Tower,0,1,20,0,21,0,2,66,5,73,0,3,86,5,94,144,0,144,238
11/04/2015,AEG,NM,ASW,WE,Federal Contract Tower,0,4,11,0,15,0,3,12,7,22,0,7,23,7,37,24,24,48,85
11/05/2015,AEG,NM,ASW,WE,Federal Contract Tower,0,2,13,0,15,0,2,28,13,43,0,4,41,13,58,2,10,12,70
11/06/2015,AEG,NM,ASW,WE,Federal Contract Tower,0,0,11,0,11,0,0,135,4,139,0,0,146,4,150,232,0,232,382
11/07/2015,AEG,NM,ASW,WE,Federal Contract Tower,0,0,9,0,9,0,0,171,9,180,0,0,180,9,189,82,0,82,271
11/08/2015,AEG,NM,ASW,WE,Federal Contract Tower,0,0,2,1,3,0,0,80,3,83,0,0,82,4,86,252,0,252,338
11/09/2015,AEG,NM,ASW,WE,Federal Contract Tower,0,0,19,0,19,0,0,72,4,76,0,0,91,4,95,266,0,266,361
11/10/2015,AEG,NM,ASW,WE,Federal Contract Tower,0,0,12,0,12,0,0,44,5,49,0,0,56,5,61,140,0,140,201
11/11/2015,AEG,NM,ASW,WE,Federal Contract Tower,0,0,7,0,7,0,2,16,0,18,0,2,23,0,25,10,0,10,35
11/12/2015,AEG,NM,ASW,WE,Federal Contract Tower,0,0,32,1,33,0,2,88,7,97,0,2,120,8,130,184,0,184,314
11/13/2015,AEG,NM,ASW,WE,Federal Contract Tower,0,0,8,0,8,0,0,68,2,70,0,0,76,2,78,104,0,104,182
11/14/2015,AEG,NM,ASW,WE,Federal Contract Tower,0,10,0,0,10,0,1,121,0,122,0,11,121,0,132,230,0,230,362
11/15/2015,AEG,NM,ASW,WE,Federal Contract Tower,0,0,14,0,14,0,0,38,2,40,0,0,52,2,54,82,0,82,136
11/16/2015,AEG,NM,ASW,WE,Federal Contract Tower,0,6,2,0,8,0,0,4,0,4,0,6,6,0,12,6,0,6,18
11/17/2015,AEG,NM,ASW,WE,Federal Contract Tower,0,4,6,0,10,0,0,8,2,10,0,4,14,2,20,0,6,6,26
11/18/2015,AEG,NM,ASW,WE,Federal Contract Tower,0,16,5,7,28,0,9,38,7,54,0,25,43,14,82,54,14,68,150
11/19/2015,AEG,NM,ASW,WE,Federal Contract Tower,0,0,11,0,11,0,0,80,3,83,0,0,91,3,94,268,0,268,362
11/20/2015,AEG,NM,ASW,WE,Federal Contract Tower,0,0,23,1,24,0,0,93,2,95,0,0,116,3,119,128,22,150,269
11/21/2015,AEG,NM,ASW,WE,Federal Contract Tower,0,4,13,0,17,0,0,82,0,82,0,4,95,0,99,148,0,148,247
11/22/2015,AEG,NM,ASW,WE,Federal Contract Tower,0,0,8,0,8,0,0,89,1,90,0,0,97,1,98,224,0,224,322
11/23/2015,AEG,NM,ASW,WE,Federal Contract Tower,0,2,18,0,20,0,0,64,2,66,0,2,82,2,86,242,0,242,328
11/24/2015,AEG,NM,ASW,WE,Federal Contract Tower,0,0,19,2,21,0,0,60,9,69,0,0,79,11,90,178,104,282,372
11/25/2015,AEG,NM,ASW,WE,Federal Contract Tower,0,0,11,0,11,0,0,68,7,75,0,0,79,7,86,84,72,156,242
11/26/2015,AEG,NM,ASW,WE,Federal Contract Tower,0,0,0,0,0,0,0,12,0,12,0,0,12,0,12,4,0,4,16
11/27/2015,AEG,NM,ASW,WE,Federal Contract Tower,0,0,3,0,3,0,0,12,0,12,0,0,15,0,15,0,0,0,15
11/28/2015,AEG,NM,ASW,WE,Federal Contract Tower,0,2,7,0,9,0,0,26,0,26,0,2,33,0,35,94,0,94,129
11/29/2015,AEG,NM,ASW,WE,Federal Contract Tower,0,2,8,0,10,0,0,26,0,26,0,2,34,0,36,52,6,58,94
11/30/2015,AEG,NM,ASW,WE,Federal Contract Tower,0,0,3,0,3,0,1,33,2,36,0,1,36,2,39,100,0,100,139
12/01/2015,AEG,NM,ASW,WE,Federal Contract Tower,0,0,4,0,4,0,0,57,2,59,0,0,61,2,63,56,0,56,119
12/02/2015,AEG,NM,ASW,WE,Federal Contract Tower,0,0,14,2,16,0,0,69,6,75,0,0,83,8,91,194,8,202,293
12/03/2015,AEG,NM,ASW,WE,Federal Contract Tower,0,2,9,2,13,0,0,62,5,67,0,2,71,7,80,226,0,226,306
12/04/2015,AEG,NM,ASW,WE,Federal Contract Tower,0,0,8,0,8,0,0,72,1,73,0,0,80,1,81,202,0,202,283
12/05/2015,AEG,NM,ASW,WE,Federal Contract Tower,0,1,12,0,13,0,0,65,0,65,0,1,77,0,78,100,0,100,178
12/06/2015,AEG,NM,ASW,WE,Federal Contract Tower,0,0,5,0,5,0,0,62,2,64,0,0,67,2,69,96,0,96,165
12/07/2015,AEG,NM,ASW,WE,Federal Contract Tower,0,0,26,1,27,0,0,36,3,39,0,0,62,4,66,90,10,100,166
12/08/2015,AEG,NM,ASW,WE,Federal Contract Tower,0,0,13,0,13,0,0,49,3,52,0,0,62,3,65,74,8,82,147
12/09/2015,AEG,NM,ASW,WE,Federal Contract Tower,0,1,6,0,7,0,0,54,6,60,0,1,60,6,67,164,10,174,241
12/10/2015,AEG,NM,ASW,WE,Federal Contract Tower,0,2,5,1,8,0,0,69,9,78,0,2,74,10,86,98,34,132,218
12/11/2015,AEG,NM,ASW,WE,Federal Contract Tower,0,0,10,0,10,0,0,49,2,51,0,0,59,2,61,158,0,158,219
12/12/2015,AEG,NM,ASW,WE,Federal Contract Tower,0,0,4,0,4,0,0,3,0,3,0,0,7,0,7,14,0,14,21
12/13/2015,AEG,NM,ASW,WE,Federal Contract Tower,0,3,9,0,12,0,0,23,0,23,0,3,32,0,35,54,0,54,89
12/14/2015,AEG,NM,ASW,WE,Federal Contract Tower,0,1,10,0,11,0,0,19,4,23,0,1,29,4,34,94,22,116,150
12/15/2015,AEG,NM,ASW,WE,Federal Contract Tower,0,1,5,1,7,0,0,16,4,20,0,1,21,5,27,42,30,72,99
12/16/2015,AEG,NM,ASW,WE,Federal Contract Tower,0,0,8,0,8,0,0,48,2,50,0,0,56,2,58,66,0,66,124
12/17/2015,AEG,NM,ASW,WE,Federal Contract Tower,0,1,13,0,14,0,0,38,0,38,0,1,51,0,52,83,0,83,135
12/18/2015,AEG,NM,ASW,WE,Federal Contract Tower,0,0,17,0,17,0,2,77,1,80,0,2,94,1,97,250,0,250,347
12/19/2015,AEG,NM,ASW,WE,Federal Contract Tower,0,0,3,0,3,0,0,91,0,91,0,0,94,0,94,252,0,252,346
12/20/2015,AEG,NM,ASW,WE,Federal Contract Tower,0,0,3,0,3,0,4,32,0,36,0,4,35,0,39,166,0,166,205
12/21/2015,AEG,NM,ASW,WE,Federal Contract Tower,0,5,8,2,15,0,3,67,1,71,0,8,75,3,86,76,12,88,174
12/22/2015,AEG,NM,ASW,WE,Federal Contract Tower,0,2,5,1,8,0,4,23,0,27,0,6,28,1,35,64,10,74,109
12/23/2015,AEG,NM,ASW,WE,Federal Contract Tower,0,3,8,0,11,0,1,11,0,12,0,4,19,0,23,8,0,8,31
12/24/2015,AEG,NM,ASW,WE,Federal Contract Tower,0,1,5,0,6,0,0,19,0,19,0,1,24,0,25,146,0,146,171
12/25/2015,AEG,NM,ASW,WE,Federal Contract Tower,0,0,2,0,2,0,0,2,0,2,0,0,4,0,4,0,0,0,4
12/26/2015,AEG,NM,ASW,WE,Federal Contract Tower,0,0,0,0,0,0,0,2,0,2,0,0,2,0,2,24,0,24,26
12/27/2015,AEG,NM,ASW,WE,Federal Contract Tower,0,0,2,0,2,0,0,4,0,4,0,0,6,0,6,0,0,0,6
12/28/2015,AEG,NM,ASW,WE,Federal Contract Tower,0,0,12,0,12,0,1,32,0,33,0,1,44,0,45,108,0,108,153
12/29/2015,AEG,NM,ASW,WE,Federal Contract Tower,0,1,5,0,6,0,1,2,2,5,0,2,7,2,11,8,12,20,31
12/30/2015,AEG,NM,ASW,WE,Federal Contract Tower,0,1,4,2,7,0,1,56,0,57,0,2,60,2,64,94,0,94,158
12/31/2015,AEG,NM,ASW,WE,Federal Contract Tower,0,0,11,0,11,0,1,77,0,78,0,1,88,0,89,136,0,136,225
01/01/2016,AEG,NM,ASW,WE,Federal Contract Tower,0,0,4,0,4,0,0,21,0,21,0,0,25,0,25,18,0,18,43
01/02/2016,AEG,NM,ASW,WE,Federal Contract Tower,0,0,13,0,13,0,0,103,0,103,0,0,116,0,116,192,0,192,308
01/03/2016,AEG,NM,ASW,WE,Federal Contract Tower,0,0,25,0,25,0,4,63,0,67,0,4,88,0,92,142,0,142,234
01/04/2016,AEG,NM,ASW,WE,Federal Contract Tower,0,0,17,0,17,0,3,25,0,28,0,3,42,0,45,94,0,94,139
01/05/2016,AEG,NM,ASW,WE,Federal Contract Tower,0,0,5,0,5,0,0,0,0,0,0,0,5,0,5,0,0,0,5
01/06/2016,AEG,NM,ASW,WE,Federal Contract Tower,0,0,1,0,1,0,0,0,2,2,0,0,1,2,3,0,6,6,9
01/07/2016,AEG,NM,ASW,WE,Federal Contract Tower,0,0,2,1,3,0,0,58,4,62,0,0,60,5,65,128,20,148,213
01/08/2016,AEG,NM,ASW,WE,Federal Contract Tower,0,0,7,0,7,0,0,34,2,36,0,0,41,2,43,24,0,24,67
01/09/2016,AEG,NM,ASW,WE,Federal Contract Tower,0,1,7,0,8,0,5,27,0,32,0,6,34,0,40,48,0,48,88
01/10/2016,AEG,NM,ASW,WE,Federal Contract Tower,0,0,14,0,14,0,0,68,0,68,0,0,82,0,82,216,0,216,298
01/11/2016,AEG,NM,ASW,WE,Federal Contract Tower,0,0,5,0,5,0,1,39,3,43,0,1,44,3,48,22,0,22,70
01/12/2016,AEG,NM,ASW,WE,Federal Contract Tower,0,0,4,2,6,0,2,50,7,59,0,2,54,9,65,70,30,100,165
01/13/2016,AEG,NM,ASW,WE,Federal Contract Tower,0,0,6,0,6,0,0,67,7,74,0,0,73,7,80,126,0,126,206
01/14/2016,AEG,NM,ASW,WE,Federal Contract Tower,0,4,6,0,10,0,7,54,8,69,0,11,60,8,79,90,16,106,185
01/15/2016,AEG,NM,ASW,WE,Federal Contract Tower,0,0,14,0,14,0,0,57,4,61,0,0,71,4,75,144,8,152,227
01/16/2016,AEG,NM,ASW,WE,Federal Contract Tower,0,0,4,5,9,0,0,59,4,63,0,0,63,9,72,52,0,52,124
01/17/2016,AEG,NM,ASW,WE,Federal Contract Tower,0,1,18,0,19,0,1,22,0,23,0,2,40,0,42,54,0,54,96
01/18/2016,AEG,NM,ASW,WE,Federal Contract Tower,0,0,21,0,21,0,2,69,2,73,0,2,90,2,94,116,0,116,210
01/19/2016,AEG,NM,ASW,WE,Federal Contract Tower,0,7,7,0,14,0,1,53,2,56,0,8,60,2,70,52,2,54,124
01/20/2016,AEG,NM,ASW,WE,Federal Contract Tower,0,3,8,1,12,0,4,67,8,79,0,7,75,9,91,140,0,140,231
01/21/2016,AEG,NM,ASW,WE,Federal Contract Tower,0,2,10,0,12,0,1,50,6,57,0,3,60,6,69,62,10,72,141
01/22/2016,AEG,NM,ASW,WE,Federal Contract Tower,0,0,20,0,20,0,0,105,5,110,0,0,125,5,130,244,16,260,390
01/23/2016,AEG,NM,ASW,WE,Federal Contract Tower,0,0,23,0,23,0,0,135,0,135,0,0,158,0,158,328,0,328,486
01/24/2016,AEG,NM,ASW,WE,Federal Contract Tower,0,0,6,0,6,0,0,44,0,44,0,0,50,0,50,166,0,166,216
01/25/2016,AEG,NM,ASW,WE,Federal Contract Tower,0,0,7,0,7,0,0,32,0,32,0,0,39,0,39,16,0,16,55
01/26/2016,AEG,NM,ASW,WE,Federal Contract Tower,0,0,10,0,10,0,0,36,2,38,0,0,46,2,48,76,0,76,124
01/27/2016,AEG,NM,ASW,WE,Federal Contract Tower,0,0,14,0,14,0,0,54,1,55,0,0,68,1,69,66,0,66,135
01/28/2016,AEG,NM,ASW,WE,Federal Contract Tower,0,0,6,5,11,0,0,54,4,58,0,0,60,9,69,130,4,134,203
01/29/2016,AEG,NM,ASW,WE,Federal Contract Tower,0,0,22,0,22,0,0,105,2,107,0,0,127,2,129,206,0,206,335
01/30/2016,AEG,NM,ASW,WE,Federal Contract Tower,0,0,33,0,33,0,0,99,0,99,0,0,132,0,132,162,0,162,294
01/31/2016,AEG,NM,ASW,WE,Federal Contract Tower,0,2,14,4,20,0,0,18,1,19,0,2,32,5,39,50,0,50,89
02/01/2016,AEG,NM,ASW,WE,Federal Contract Tower,0,6,6,0,12,0,0,4,4,8,0,6,10,4,20,0,12,12,32
02/02/2016,AEG,NM,ASW,WE,Federal Contract Tower,0,0,29,0,29,0,0,27,0,27,0,0,56,0,56,36,0,36,92
02/03/2016,AEG,NM,ASW,WE,Federal Contract Tower,0,5,22,0,27,0,2,28,0,30,0,7,50,0,57,20,0,20,77
02/04/2016,AEG,NM,ASW,WE,Federal Contract Tower,0,3,21,0,24,0,3,68,2,73,0,6,89,2,97,86,0,86,183
02/05/2016,AEG,NM,ASW,WE,Federal Contract Tower,0,0,16,1,17,0,0,46,4,50,0,0,62,5,67,106,10,116,183
02/06/2016,AEG,NM,ASW,WE,Federal Contract Tower,0,0,23,0,23,0,2,75,0,77,0,2,98,0,100,150,0,150,250
02/07/2016,AEG,NM,ASW,WE,Federal Contract Tower,0,0,6,0,6,0,0,45,0,45,0,0,51,0,51,28,0,28,79
02/08/2016,AEG,NM,ASW,WE,Federal Contract Tower,0,1,12,2,15,0,0,37,0,37,0,1,49,2,52,68,2,70,122
02/09/2016,AEG,NM,ASW,WE,Federal Contract Tower,0,2,13,0,15,0,0,84,0,84,0,2,97,0,99,200,0,200,299
02/10/2016,AEG,NM,ASW,WE,Federal Contract Tower,0,4,5,0,9,0,3,63,0,66,0,7,68,0,75,144,0,144,219
02/11/2016,AEG,NM,ASW,WE,Federal Contract Tower,0,0,4,6,10,0,0,47,0,47,0,0,51,6,57,90,0,90,147
02/12/2016,AEG,NM,ASW,WE,Federal Contract Tower,0,4,7,2,13,0,2,79,3,84,0,6,86,5,97,176,0,176,273
02/13/2016,AEG,NM,ASW,WE,Federal Contract Tower,0,0,9,0,9,0,2,140,0,142,0,2,149,0,151,218,0,218,369
02/14/2016,AEG,NM,ASW,WE,Federal Contract Tower,0,2,7,0,9,0,0,54,0,54,0,2,61,0,63,180,0,180,243
02/15/2016,AEG,NM,ASW,WE,Federal Contract Tower,0,0,9,0,9,0,0,27,0,27,0,0,36,0,36,120,0,120,156
02/16/2016,AEG,NM,ASW,WE,Federal Contract Tower,0,1,7,0,8,0,0,55,0,55,0,1,62,0,63,110,0,110,173
02/17/2016,AEG,NM,ASW,WE,Federal Contract Tower,0,0,7,0,7,0,0,39,4,43,0,0,46,4,50,156,44,200,250
02/18/2016,AEG,NM,ASW,WE,Federal Contract Tower,0,0,12,1,13,0,0,43,5,48,0,0,55,6,61,72,2,74,135
02/19/2016,AEG,NM,ASW,WE,Federal Contract Tower,0,0,26,2,28,0,0,72,9,81,0,0,98,11,109,186,30,216,325
02/20/2016,AEG,NM,ASW,WE,Federal Contract Tower,0,0,40,0,40,0,0,89,2,91,0,0,129,2,131,252,0,252,383
02/21/2016,AEG,NM,ASW,WE,Federal Contract Tower,0,0,13,0,13,0,3,59,1,63,0,3,72,1,76,170,0,170,246
02/22/2016,AEG,NM,ASW,WE,Federal Contract Tower,0,11,4,0,15,0,0,31,6,37,0,11,35,6,52,138,0,138,190
02/23/2016,AEG,NM,ASW,WE,Federal Contract Tower,0,2,2,0,4,0,0,10,6,16,0,2,12,6,20,2,10,12,32
02/24/2016,AEG,NM,ASW,WE,Federal Contract Tower,0,0,12,0,12,0,2,39,15,56,0,2,51,15,68,50,0,50,118
02/25/2016,AEG,NM,ASW,WE,Federal Contract Tower,0,3,13,5,21,0,0,88,11,99,0,3,101,16,120,208,2,210,330
02/26/2016,AEG,NM,ASW,WE,Federal Contract Tower,0,0,37,0,37,0,0,132,10,142,0,0,169,10,179,254,14,268,447
02/27/2016,AEG,NM,ASW,WE,Federal Contract Tower,0,0,24,0,24,0,0,85,6,91,0,0,109,6,115,112,0,112,227
02/28/2016,AEG,NM,ASW,WE,Federal Contract Tower,0,0,16,0,16,0,0,80,6,86,0,0,96,6,102,166,0,166,268
02/29/2016,AEG,NM,ASW,WE,Federal Contract Tower,0,0,5,0,5,0,1,29,6,36,0,1,34,6,41,10,6,16,57
03/01/2016,AEG,NM,ASW,WE,Federal Contract Tower,0,0,6,0,6,0,2,40,11,53,0,2,46,11,59,100,16,116,175
03/02/2016,AEG,NM,ASW,WE,Federal Contract Tower,0,5,6,0,11,0,4,21,6,31,0,9,27,6,42,16,8,24,66
03/03/2016,AEG,NM,ASW,WE,Federal Contract Tower,0,1,10,0,11,0,7,74,2,83,0,8,84,2,94,122,0,122,216
03/04/2016,AEG,NM,ASW,WE,Federal Contract Tower,0,0,12,0,12,0,0,62,2,64,0,0,74,2,76,118,16,134,210
03/05/2016,AEG,NM,ASW,WE,Federal Contract Tower,0,2,8,0,10,0,0,74,0,74,0,2,82,0,84,124,0,124,208
03/06/2016,AEG,NM,ASW,WE,Federal Contract Tower,0,0,25,0,25,0,1,36,0,37,0,1,61,0,62,112,0,112,174
03/07/2016,AEG,NM,ASW,WE,Federal Contract Tower,0,0,24,0,24,0,0,24,0,24,0,0,48,0,48,34,0,34,82
03/08/2016,AEG,NM,ASW,WE,Federal Contract Tower,0,0,8,0,8,0,1,29,2,32,0,1,37,2,40,44,4,48,88
03/09/2016,AEG,NM,ASW,WE,Federal Contract Tower,0,4,14,0,18,0,1,47,17,65,0,5,61,17,83,82,32,114,197
03/10/2016,AEG,NM,ASW,WE,Federal Contract Tower,0,0,4,0,4,0,2,57,4,63,0,2,61,4,67,70,0,70,137
03/11/2016,AEG,NM,ASW,WE,Federal Contract Tower,0,0,18,6,24,0,0,52,3,55,0,0,70,9,79,118,0,118,197
03/12/2016,AEG,NM,ASW,WE,Federal Contract Tower,0,0,10,0,10,0,0,39,0,39,0,0,49,0,49,90,0,90,139
03/13/2016,AEG,NM,ASW,WE,Federal Contract Tower,0,0,13,0,13,0,1,68,0,69,0,1,81,0,82,146,0,146,228
03/14/2016,AEG,NM,ASW,WE,Federal Contract Tower,0,0,10,5,15,0,0,35,9,44,0,0,45,14,59,48,16,64,123
03/15/2016,AEG,NM,ASW,WE,Federal Contract Tower,0,0,8,0,8,0,0,24,0,24,0,0,32,0,32,22,0,22,54
03/16/2016,AEG,NM,ASW,WE,Federal Contract Tower,0,4,17,0,21,0,1,42,2,45,0,5,59,2,66,50,6,56,122
03/17/2016,AEG,NM,ASW,WE,Federal Contract Tower,0,1,20,2,23,0,1,76,0,77,0,2,96,2,100,140,0,140,240
03/18/2016,AEG,NM,ASW,WE,Federal Contract Tower,0,0,32,0,32,0,0,68,0,68,0,0,100,0,100,70,0,70,170
03/19/2016,AEG,NM,ASW,WE,Federal Contract Tower,0,0,15,0,15,0,0,78,0,78,0,0,93,0,93,204,0,204,297
03/20/2016,AEG,NM,ASW,WE,Federal Contract Tower,0,0,4,0,4,0,2,64,0,66,0,2,68,0,70,48,0,48,118
03/21/2016,AEG,NM,ASW,WE,Federal Contract Tower,0,0,21,5,26,0,3,46,0,49,0,3,67,5,75,66,0,66,141
03/22/2016,AEG,NM,ASW,WE,Federal Contract Tower,0,0,12,1,13,0,0,12,1,13,0,0,24,2,26,6,14,20,46
03/23/2016,AEG,NM,ASW,WE,Federal Contract Tower,0,1,0,0,1,0,0,4,0,4,0,1,4,0,5,0,0,0,5
03/24/2016,AEG,NM,ASW,WE,Federal Contract Tower,0,1,26,0,27,0,0,43,0,43,0,1,69,0,70,72,0,72,142
03/25/2016,AEG,NM,ASW,WE,Federal Contract Tower,0,0,9,4,13,0,0,49,0,49,0,0,58,4,62,82,0,82,144
03/26/2016,AEG,NM,ASW,WE,Federal Contract Tower,0,0,7,0,7,0,0,53,0,53,0,0,60,0,60,90,0,90,150
03/27/2016,AEG,NM,ASW,WE,Federal Contract Tower,0,0,6,0,6,0,0,55,0,55,0,0,61,0,61,160,0,160,221
03/28/2016,AEG,NM,ASW,WE,Federal Contract Tower,0,0,14,0,14,0,0,30,0,30,0,0,44,0,44,124,0,124,168
03/29/2016,AEG,NM,ASW,WE,Federal Contract Tower,0,1,7,0,8,0,0,15,0,15,0,1,22,0,23,40,0,40,63
03/30/2016,AEG,NM,ASW,WE,Federal Contract Tower,0,2,5,0,7,0,2,26,0,28,0,4,31,0,35,82,0,82,117
03/31/2016,AEG,NM,ASW,WE,Federal Contract Tower,0,4,18,0,22,0,3,37,0,40,0,7,55,0,62,120,0,120,182
04/01/2016,AEG,NM,ASW,WE,Federal Contract Tower,0,0,12,2,14,0,0,32,0,32,0,0,44,2,46,106,0,106,152
04/02/2016,AEG,NM,ASW,WE,Federal Contract Tower,0,0,13,0,13,0,1,124,0,125,0,1,137,0,138,134,0,134,272
04/03/2016,AEG,NM,ASW,WE,Federal Contract Tower,0,0,6,0,6,0,0,74,0,74,0,0,80,0,80,98,0,98,178
04/04/2016,AEG,NM,ASW,WE,Federal Contract Tower,0,0,9,1,10,0,0,54,3,57,0,0,63,4,67,102,0,102,169
04/05/2016,AEG,NM,ASW,WE,Federal Contract Tower,0,2,3,0,5,0,0,16,3,19,0,2,19,3,24,58,12,70,94
04/06/2016,AEG,NM,ASW,WE,Federal Contract Tower,0,4,13,2,19,0,0,41,5,46,0,4,54,7,65,24,0,24,89
04/07/2016,AEG,NM,ASW,WE,Federal Contract Tower,0,0,13,1,14,0,0,69,11,80,0,0,82,12,94,142,10,152,246
04/08/2016,AEG,NM,ASW,WE,Federal Contract Tower,0,0,10,1,11,0,0,17,5,22,0,0,27,6,33,44,0,44,77
04/09/2016,AEG,NM,ASW,WE,Federal Contract Tower,0,3,28,0,31,0,0,55,4,59,0,3,83,4,90,26,2,28,118
04/10/2016,AEG,NM,ASW,WE,Federal Contract Tower,0,1,6,0,7,0,3,57,4,64,0,4,63,4,71,80,32,112,183
04/11/2016,AEG,NM,ASW,WE,Federal Contract Tower,0,1,19,0,20,0,0,38,1,39,0,1,57,1,59,32,0,32,91
04/12/2016,AEG,NM,ASW,WE,Federal Contract Tower,0,0,5,0,5,0,0,21,0,21,0,0,26,0,26,52,0,52,78
04/13/2016,AEG,NM,ASW,WE,Federal Contract Tower,0,0,24,0,24,0,0,93,1,94,0,0,117,1,118,130,0,130,248
04/14/2016,AEG,NM,ASW,WE,Federal Contract Tower,0,0,13,0,13,0,0,60,3,63,0,0,73,3,76,86,10,96,172
04/15/2016,AEG,NM,ASW,WE,Federal Contract Tower,0,0,10,0,10,0,0,30,2,32,0,0,40,2,42,78,0,78,120
04/16/2016,AEG,NM,ASW,WE,Federal Contract Tower,0,1,1,0,2,0,0,20,0,20,0,1,21,0,22,36,0,36,58
04/17/2016,AEG,NM,ASW,WE,Federal Contract Tower,0,0,4,0,4,0,0,31,2,33,0,0,35,2,37,16,0,16,53
04/18/2016,AEG,NM,ASW,WE,Federal Contract Tower,0,6,11,4,21,0,0,14,0,14,0,6,25,4,35,30,0,30,65
04/19/2016,AEG,NM,ASW,WE,Federal Contract Tower,0,0,25,4,29,0,2,59,0,61,0,2,84,4,90,66,0,66,156
04/20/2016,AEG,NM,ASW,WE,Federal Contract Tower,0,0,9,0,9,0,0,63,4,67,0,0,72,4,76,60,0,60,136
04/21/2016,AEG,NM,ASW,WE,Federal Contract Tower,0,0,10,0,10,0,0,96,4,100,0,0,106,4,110,94,0,94,204
04/22/2016,AEG,NM,ASW,WE,Federal Contract Tower,0,1,9,1,11,0,1,42,4,47,0,2,51,5,58,96,2,98,156
04/23/2016,AEG,NM,ASW,WE,Federal Contract Tower,0,0,4,0,4,0,0,66,0,66,0,0,70,0,70,112,0,112,182
04/24/2016,AEG,NM,ASW,WE,Federal Contract Tower,0,2,11,0,13,0,0,59,0,59,0,2,70,0,72,92,0,92,164
04/25/2016,AEG,NM,ASW,WE,Federal Contract Tower,0,1,6,0,7,0,0,24,7,31,0,1,30,7,38,60,0,60,98
04/26/2016,AEG,NM,ASW,WE,Federal Contract Tower,0,0,12,0,12,0,0,24,5,29,0,0,36,5,41,20,0,20,61
04/27/2016,AEG,NM,ASW,WE,Federal Contract Tower,0,3,20,4,27,0,0,70,9,79,0,3,90,13,106,84,10,94,200
04/28/2016,AEG,NM,ASW,WE,Federal Contract Tower,0,0,11,0,11,0,0,36,1,37,0,0,47,1,48,60,0,60,108
04/29/2016,AEG,NM,ASW,WE,Federal Contract Tower,0,0,4,0,4,0,0,37,1,38,0,0,41,1,42,48,0,48,90
04/30/2016,AEG,NM,ASW,WE,Federal Contract Tower,0,1,21,0,22,0,2,51,0,53,0,3,72,0,75,22,0,22,97
05/01/2016,AEG,NM,ASW,WE,Federal Contract Tower,0,0,0,0,0,0,0,1,0,1,0,0,1,0,1,0,0,0,1
05/02/2016,AEG,NM,ASW,WE,Federal Contract Tower,0,2,13,0,15,0,0,34,1,35,0,2,47,1,50,96,0,96,146
05/03/2016,AEG,NM,ASW,WE,Federal Contract Tower,0,0,14,0,14,0,2,51,3,56,0,2,65,3,70,82,0,82,152
05/04/2016,AEG,NM,ASW,WE,Federal Contract Tower,0,0,16,0,16,0,0,82,9,91,0,0,98,9,107,170,40,210,317
05/05/2016,AEG,NM,ASW,WE,Federal Contract Tower,0,0,15,4,19,0,2,66,4,72,0,2,81,8,91,138,0,138,229
05/06/2016,AEG,NM,ASW,WE,Federal Contract Tower,0,0,9,0,9,0,0,40,3,43,0,0,49,3,52,66,0,66,118
05/07/2016,AEG,NM,ASW,WE,Federal Contract Tower,0,0,16,0,16,0,0,41,1,42,0,0,57,1,58,12,0,12,70
05/08/2016,AEG,NM,ASW,WE,Federal Contract Tower,0,0,2,0,2,0,0,35,0,35,0,0,37,0,37,106,0,106,143
05/09/2016,AEG,NM,ASW,WE,Federal Contract Tower,0,0,5,0,5,0,0,12,0,12,0,0,17,0,17,10,0,10,27
05/10/2016,AEG,NM,ASW,WE,Federal Contract Tower,0,0,18,0,18,0,0,52,0,52,0,0,70,0,70,86,0,86,156
05/11/2016,AEG,NM,ASW,WE,Federal Contract Tower,0,15,19,0,34,0,2,63,3,68,0,17,82,3,102,54,0,54,156
05/12/2016,AEG,NM,ASW,WE,Federal Contract Tower,0,0,8,0,8,0,0,73,2,75,0,0,81,2,83,136,4,140,223
05/13/2016,AEG,NM,ASW,WE,Federal Contract Tower,0,0,8,0,8,0,0,137,0,137,0,0,145,0,145,274,0,274,419
05/14/2016,AEG,NM,ASW,WE,Federal Contract Tower,0,0,4,0,4,0,0,60,0,60,0,0,64,0,64,68,0,68,132
05/15/2016,AEG,NM,ASW,WE,Federal Contract Tower,0,0,6,0,6,0,0,46,0,46,0,0,52,0,52,94,0,94,146
05/16/2016,AEG,NM,ASW,WE,Federal Contract Tower,0,0,13,2,15,0,0,47,3,50,0,0,60,5,65,48,0,48,113
05/17/2016,AEG,NM,ASW,WE,Federal Contract Tower,0,5,1,1,7,0,2,12,5,19,0,7,13,6,26,10,2,12,38
05/18/2016,AEG,NM,ASW,WE,Federal Contract Tower,0,1,6,1,8,0,0,28,1,29,0,1,34,2,37,78,10,88,125
05/19/2016,AEG,NM,ASW,WE,Federal Contract Tower,0,0,15,2,17,0,2,69,0,71,0,2,84,2,88,190,2,192,280
05/20/2016,AEG,NM,ASW,WE,Federal Contract Tower,0,1,20,0,21,0,0,124,2,126,0,1,144,2,147,220,6,226,373
05/21/2016,AEG,NM,ASW,WE,Federal Contract Tower,0,0,6,0,6,0,0,84,0,84,0,0,90,0,90,190,0,190,280
05/22/2016,AEG,NM,ASW,WE,Federal Contract Tower,0,0,18,0,18,0,0,51,0,51,0,0,69,0,69,144,0,144,213
05/23/2016,AEG,NM,ASW,WE,Federal Contract Tower,0,2,9,4,15,0,2,43,5,50,0,4,52,9,65,209,20,229,294
05/24/2016,AEG,NM,ASW,WE,Federal Contract Tower,0,12,15,4,31,0,0,57,8,65,0,12,72,12,96,128,8,136,232
05/25/2016,AEG,NM,ASW,WE,Federal Contract Tower,0,0,21,0,21,0,0,57,5,62,0,0,78,5,83,150,4,154,237
05/26/2016,AEG,NM,ASW,WE,Federal Contract Tower,0,8,4,0,12,0,5,61,4,70,0,13,65,4,82,184,0,184,266
05/27/2016,AEG,NM,ASW,WE,Federal Contract Tower,0,0,6,0,6,0,0,57,3,60,0,0,63,3,66,86,0,86,152
05/28/2016,AEG,NM,ASW,WE,Federal Contract Tower,0,2,10,0,12,0,76,2,0,78,0,78,12,0,90,86,0,86,176
05/29/2016,AEG,NM,ASW,WE,Federal Contract Tower,0,0,1,0,1,0,0,57,1,58,0,0,58,1,59,136,0,136,195
05/30/2016,AEG,NM,ASW,WE,Federal Contract Tower,0,1,23,0,24,0,0,112,2,114,0,1,135,2,138,188,0,188,326
05/31/2016,AEG,NM,ASW,WE,Federal Contract Tower,0,3,15,0,18,0,0,34,0,34,0,3,49,0,52,16,0,16,68
06/01/2016,AEG,NM,ASW,WE,Federal Contract Tower,0,0,22,7,29,0,0,65,2,67,0,0,87,9,96,152,0,152,248
06/02/2016,AEG,NM,ASW,WE,Federal Contract Tower,0,1,5,2,8,0,2,71,1,74,0,3,76,3,82,120,10,130,212
06/03/2016,AEG,NM,ASW,WE,Federal Contract Tower,0,0,23,0,23,0,2,67,2,71,0,2,90,2,94,80,0,80,174
06/04/2016,AEG,NM,ASW,WE,Federal Contract Tower,0,0,21,2,23,0,4,60,3,67,0,4,81,5,90,72,4,76,166
06/05/2016,AEG,NM,ASW,WE,Federal Contract Tower,0,0,24,2,26,0,0,60,0,60,0,0,84,2,86,140,2,142,228
06/06/2016,AEG,NM,ASW,WE,Federal Contract Tower,0,0,25,0,25,0,2,61,2,65,0,2,86,2,90,134,0,134,224
06/07/2016,AEG,NM,ASW,WE,Federal Contract Tower,0,0,32,4,36,0,0,73,1,74,0,0,105,5,110,188,0,188,298
06/08/2016,AEG,NM,ASW,WE,Federal Contract Tower,0,0,29,0,29,0,0,97,5,102,0,0,126,5,131,166,0,166,297
06/09/2016,AEG,NM,ASW,WE,Federal Contract Tower,0,0,28,0,28,0,0,61,6,67,0,0,89,6,95,100,10,110,205
06/10/2016,AEG,NM,ASW,WE,Federal Contract Tower,0,0,9,0,9,0,0,149,13,162,0,0,158,13,171,168,16,184,355
06/11/2016,AEG,NM,ASW,WE,Federal Contract Tower,0,0,21,0,21,0,2,250,7,259,0,2,271,7,280,130,1,131,411
06/12/2016,AEG,NM,ASW,WE,Federal Contract Tower,0,0,13,0,13,0,0,94,8,102,0,0,107,8,115,228,0,228,343
06/13/2016,AEG,NM,ASW,WE,Federal Contract Tower,0,13,19,0,32,0,0,61,8,69,0,13,80,8,101,146,0,146,247
06/14/2016,AEG,NM,ASW,WE,Federal Contract Tower,0,4,24,0,28,0,2,90,10,102,0,6,114,10,130,120,4,124,254
06/15/2016,AEG,NM,ASW,WE,Federal Contract Tower,0,1,25,2,28,0,0,78,3,81,0,1,103,5,109,164,0,164,273
06/16/2016,AEG,NM,ASW,WE,Federal Contract Tower,0,2,36,0,38,0,1,92,3,96,0,3,128,3,134,92,0,92,226
06/17/2016,AEG,NM,ASW,WE,Federal Contract Tower,0,0,22,2,24,0,0,112,2,114,0,0,134,4,138,142,4,146,284
06/18/2016,AEG,NM,ASW,WE,Federal Contract Tower,0,0,15,0,15,0,0,101,0,101,0,0,116,0,116,102,0,102,218
06/19/2016,AEG,NM,ASW,WE,Federal Contract Tower,0,0,8,2,10,0,0,54,0,54,0,0,62,2,64,68,0,68,132
06/20/2016,AEG,NM,ASW,WE,Federal Contract Tower,0,1,11,0,12,0,0,87,0,87,0,1,98,0,99,136,0,136,235
06/21/2016,AEG,NM,ASW,WE,Federal Contract Tower,0,15,2,0,17,0,0,124,0,124,0,15,126,0,141,42,0,42,183
06/22/2016,AEG,NM,ASW,WE,Federal Contract Tower,0,0,13,0,13,0,0,80,2,82,0,0,93,2,95,124,0,124,219
06/23/2016,AEG,NM,ASW,WE,Federal Contract Tower,0,0,16,0,16,0,0,74,3,77,0,0,90,3,93,58,0,58,151
06/24/2016,AEG,NM,ASW,WE,Federal Contract Tower,0,0,11,0,11,0,2,83,0,85,0,2,94,0,96,142,0,142,238
06/25/2016,AEG,NM,ASW,WE,Federal Contract Tower,0,2,6,0,8,0,0,115,0,115,0,2,121,0,123,62,0,62,185
06/26/2016,AEG,NM,ASW,WE,Federal Contract Tower,0,4,15,0,19,0,0,47,0,47,0,4,62,0,66,26,0,26,92
06/27/2016,AEG,NM,ASW,WE,Federal Contract Tower,0,0,9,0,9,0,6,73,5,84,0,6,82,5,93,96,14,110,203
06/28/2016,AEG,NM,ASW,WE,Federal Contract Tower,0,0,14,0,14,0,0,59,1,60,0,0,73,1,74,90,0,90,164
06/29/2016,AEG,NM,ASW,WE,Federal Contract Tower,0,1,14,0,15,0,1,60,5,66,0,2,74,5,81,94,10,104,185
06/30/2016,AEG,NM,ASW,WE,Federal Contract Tower,0,0,10,0,10,0,0,48,0,48,0,0,58,0,58,12,0,12,70
07/01/2016,AEG,NM,ASW,WE,Federal Contract Tower,0,0,9,0,9,0,0,65,0,65,0,0,74,0,74,72,0,72,146
07/02/2016,AEG,NM,ASW,WE,Federal Contract Tower,0,0,7,0,7,0,0,80,0,80,0,0,87,0,87,86,0,86,173
07/03/2016,AEG,NM,ASW,WE,Federal Contract Tower,0,0,3,0,3,0,2,68,0,70,0,2,71,0,73,182,0,182,255
07/04/2016,AEG,NM,ASW,WE,Federal Contract Tower,0,0,14,0,14,0,0,55,0,55,0,0,69,0,69,262,0,262,331
07/05/2016,AEG,NM,ASW,WE,Federal Contract Tower,0,1,17,0,18,0,0,64,0,64,0,1,81,0,82,52,0,52,134
07/06/2016,AEG,NM,ASW,WE,Federal Contract Tower,0,5,10,0,15,0,4,57,1,62,0,9,67,1,77,46,36,82,159
07/07/2016,AEG,NM,ASW,WE,Federal Contract Tower,0,5,18,2,25,0,1,45,0,46,0,6,63,2,71,68,0,68,139
07/08/2016,AEG,NM,ASW,WE,Federal Contract Tower,0,1,33,0,34,0,1,78,0,79,0,2,111,0,113,158,0,158,271
07/09/2016,AEG,NM,ASW,WE,Federal Contract Tower,0,1,18,1,20,0,0,85,1,86,0,1,103,2,106,8,60,68,174
07/10/2016,AEG,NM,ASW,WE,Federal Contract Tower,0,4,25,0,29,0,0,59,0,59,0,4,84,0,88,64,0,64,152
07/11/2016,AEG,NM,ASW,WE,Federal Contract Tower,0,0,24,0,24,0,0,39,4,43,0,0,63,4,67,36,0,36,103
07/12/2016,AEG,NM,ASW,WE,Federal Contract Tower,0,2,19,3,24,0,0,45,6,51,0,2,64,9,75,74,30,104,179
07/13/2016,AEG,NM,ASW,WE,Federal Contract Tower,0,3,22,0,25,0,2,58,0,60,0,5,80,0,85,60,0,60,145
07/14/2016,AEG,NM,ASW,WE,Federal Contract Tower,0,0,17,0,17,0,0,72,0,72,0,0,89,0,89,74,0,74,163
07/15/2016,AEG,NM,ASW,WE,Federal Contract Tower,0,1,17,0,18,0,1,55,0,56,0,2,72,0,74,80,0,80,154
07/16/2016,AEG,NM,ASW,WE,Federal Contract Tower,0,0,4,0,4,0,0,76,0,76,0,0,80,0,80,78,0,78,158
07/17/2016,AEG,NM,ASW,WE,Federal Contract Tower,0,0,4,0,4,0,0,60,0,60,0,0,64,0,64,92,0,92,156
07/18/2016,AEG,NM,ASW,WE,Federal Contract Tower,0,1,7,2,10,0,7,39,1,47,0,8,46,3,57,110,0,110,167
07/19/2016,AEG,NM,ASW,WE,Federal Contract Tower,0,1,9,1,11,0,0,59,1,60,0,1,68,2,71,86,14,100,171
07/20/2016,AEG,NM,ASW,WE,Federal Contract Tower,0,0,5,1,6,0,0,89,5,94,0,0,94,6,100,148,6,154,254
07/21/2016,AEG,NM,ASW,WE,Federal Contract Tower,0,6,7,2,15,0,0,58,5,63,0,6,65,7,78,92,20,112,190
07/22/2016,AEG,NM,ASW,WE,Federal Contract Tower,0,0,18,0,18,0,0,64,1,65,0,0,82,1,83,112,0,112,195
07/23/2016,AEG,NM,ASW,WE,Federal Contract Tower,0,0,4,0,4,0,0,83,0,83,0,0,87,0,87,60,0,60,147
07/24/2016,AEG,NM,ASW,WE,Federal Contract Tower,0,0,10,0,10,0,0,61,0,61,0,0,71,0,71,90,0,90,161
07/25/2016,AEG,NM,ASW,WE,Federal Contract Tower,0,0,9,0,9,0,0,38,4,42,0,0,47,4,51,6,50,56,107
07/26/2016,AEG,NM,ASW,WE,Federal Contract Tower,0,1,17,0,18,0,0,57,3,60,0,1,74,3,78,86,0,86,164
07/27/2016,AEG,NM,ASW,WE,Federal Contract Tower,0,0,7,3,10,0,0,47,2,49,0,0,54,5,59,98,20,118,177
07/28/2016,AEG,NM,ASW,WE,Federal Contract Tower,0,0,8,2,10,0,0,45,5,50,0,0,53,7,60,98,24,122,182
07/29/2016,AEG,NM,ASW,WE,Federal Contract Tower,0,0,14,0,14,0,0,56,0,56,0,0,70,0,70,40,0,40,110
07/30/2016,AEG,NM,ASW,WE,Federal Contract Tower,0,0,5,0,5,0,1,79,0,80,0,1,84,0,85,66,0,66,151
07/31/2016,AEG,NM,ASW,WE,Federal Contract Tower,0,0,11,0,11,0,0,60,0,60,0,0,71,0,71,86,0,86,157
08/01/2016,AEG,NM,ASW,WE,Federal Contract Tower,0,5,3,0,8,0,0,30,0,30,0,5,33,0,38,26,0,26,64
08/02/2016,AEG,NM,ASW,WE,Federal Contract Tower,0,0,8,1,9,0,0,50,3,53,0,0,58,4,62,68,12,80,142
08/03/2016,AEG,NM,ASW,WE,Federal Contract Tower,0,0,5,2,7,0,0,37,4,41,0,0,42,6,48,28,0,28,76
08/04/2016,AEG,NM,ASW,WE,Federal Contract Tower,0,0,15,5,20,0,1,49,3,53,0,1,64,8,73,72,8,80,153
08/05/2016,AEG,NM,ASW,WE,Federal Contract Tower,0,0,4,0,4,0,0,58,1,59,0,0,62,1,63,116,0,116,179
08/06/2016,AEG,NM,ASW,WE,Federal Contract Tower,0,0,7,0,7,0,0,60,0,60,0,0,67,0,67,84,0,84,151
08/07/2016,AEG,NM,ASW,WE,Federal Contract Tower,0,0,10,0,10,0,0,54,0,54,0,0,64,0,64,144,0,144,208
08/08/2016,AEG,NM,ASW,WE,Federal Contract Tower,0,0,8,0,8,0,0,35,0,35,0,0,43,0,43,88,0,88,131
08/09/2016,AEG,NM,ASW,WE,Federal Contract Tower,0,0,5,3,8,0,0,60,3,63,0,0,65,6,71,104,16,120,191
08/10/2016,AEG,NM,ASW,WE,Federal Contract Tower,0,0,3,0,3,0,1,36,2,39,0,1,39,2,42,38,12,50,92
08/11/2016,AEG,NM,ASW,WE,Federal Contract Tower,0,1,7,1,9,0,0,47,5,52,0,1,54,6,61,64,48,112,173
08/12/2016,AEG,NM,ASW,WE,Federal Contract Tower,0,0,3,0,3,0,0,61,4,65,0,0,64,4,68,66,50,116,184
08/13/2016,AEG,NM,ASW,WE,Federal Contract Tower,0,0,3,0,3,0,2,29,0,31,0,2,32,0,34,36,0,36,70
08/14/2016,AEG,NM,ASW,WE,Federal Contract Tower,0,0,3,0,3,0,1,72,0,73,0,1,75,0,76,100,0,100,176
08/15/2016,AEG,NM,ASW,WE,Federal Contract Tower,0,0,18,0,18,0,1,56,4,61,0,1,74,4,79,224,12,236,315
08/16/2016,AEG,NM,ASW,WE,Federal Contract Tower,0,0,14,0,14,0,0,51,2,53,0,0,65,2,67,40,0,40,107
08/17/2016,AEG,NM,ASW,WE,Federal Contract Tower,0,0,13,0,13,0,5,55,0,60,0,5,68,0,73,110,0,110,183
08/18/2016,AEG,NM,ASW,WE,Federal Contract Tower,0,0,11,3,14,0,0,44,5,49,0,0,55,8,63,102,32,134,197
08/19/2016,AEG,NM,ASW,WE,Federal Contract Tower,0,0,7,0,7,0,0,55,2,57,0,0,62,2,64,122,0,122,186
08/20/2016,AEG,NM,ASW,WE,Federal Contract Tower,0,1,2,0,3,0,1,47,2,50,0,2,49,2,53,48,14,62,115
08/21/2016,AEG,NM,ASW,WE,Federal Contract Tower,0,0,10,0,10,0,0,70,0,70,0,0,80,0,80,100,0,100,180
08/22/2016,AEG,NM,ASW,WE,Federal Contract Tower,0,1,12,1,14,0,0,28,2,30,0,1,40,3,44,84,0,84,128
08/23/2016,AEG,NM,ASW,WE,Federal Contract Tower,0,4,11,0,15,0,2,52,1,55,0,6,63,1,70,68,0,68,138
08/24/2016,AEG,NM,ASW,WE,Federal Contract Tower,0,0,18,0,18,0,2,55,3,60,0,2,73,3,78,56,0,56,134
08/25/2016,AEG,NM,ASW,WE,Federal Contract Tower,0,0,15,3,18,0,2,53,14,69,0,2,68,17,87,52,6,58,145
08/26/2016,AEG,NM,ASW,WE,Federal Contract Tower,0,0,13,2,15,0,0,51,12,63,0,0,64,14,78,112,4,116,194
08/27/2016,AEG,NM,ASW,WE,Federal Contract Tower,0,5,12,0,17,0,0,122,0,122,0,5,134,0,139,22,0,22,161
08/28/2016,AEG,NM,ASW,WE,Federal Contract Tower,0,2,8,0,10,0,6,55,0,61,0,8,63,0,71,28,0,28,99
08/29/2016,AEG,NM,ASW,WE,Federal Contract Tower,0,1,15,0,16,0,0,33,15,48,0,1,48,15,64,20,0,20,84
08/30/2016,AEG,NM,ASW,WE,Federal Contract Tower,0,0,3,0,3,0,0,44,22,66,0,0,47,22,69,72,28,100,169
08/31/2016,AEG,NM,ASW,WE,Federal Contract Tower,0,2,17,2,21,0,0,48,20,68,0,2,65,22,89,118,46,164,253
09/01/2016,AEG,NM,ASW,WE,Federal Contract Tower,0,0,13,0,13,0,0,70,21,91,0,0,83,21,104,86,46,132,236
09/02/2016,AEG,NM,ASW,WE,Federal Contract Tower,0,0,15,0,15,0,0,64,12,76,0,0,79,12,91,72,0,72,163
09/03/2016,AEG,NM,ASW,WE,Federal Contract Tower,0,0,25,0,25,0,2,59,0,61,0,2,84,0,86,50,0,50,136
09/04/2016,AEG,NM,ASW,WE,Federal Contract Tower,0,0,8,0,8,0,0,22,0,22,0,0,30,0,30,58,0,58,88
09/05/2016,AEG,NM,ASW,WE,Federal Contract Tower,0,1,6,0,7,0,2,58,17,77,0,3,64,17,84,150,12,162,246
09/06/2016,AEG,NM,ASW,WE,Federal Contract Tower,0,2,5,0,7,0,0,36,15,51,0,2,41,15,58,42,26,68,126
09/07/2016,AEG,NM,ASW,WE,Federal Contract Tower,0,1,19,0,20,0,0,37,20,57,0,1,56,20,77,34,16,50,127
09/08/2016,AEG,NM,ASW,WE,Federal Contract Tower,0,1,15,1,17,0,0,47,15,62,0,1,62,16,79,30,24,54,133
09/09/2016,AEG,NM,ASW,WE,Federal Contract Tower,0,0,9,0,9,0,0,71,8,79,0,0,80,8,88,220,8,228,316
09/10/2016,AEG,NM,ASW,WE,Federal Contract Tower,0,1,3,4,8,0,0,36,2,38,0,1,39,6,46,34,0,34,80
09/11/2016,AEG,NM,ASW,WE,Federal Contract Tower,0,0,2,0,2,0,0,76,0,76,0,0,78,0,78,116,0,116,194
09/12/2016,AEG,NM,ASW,WE,Federal Contract Tower,0,1,7,1,9,0,0,56,11,67,0,1,63,12,76,94,22,116,192
09/13/2016,AEG,NM,ASW,WE,Federal Contract Tower,0,1,3,1,5,0,1,60,12,73,0,2,63,13,78,116,18,134,212
09/14/2016,AEG,NM,ASW,WE,Federal Contract Tower,0,2,15,3,20,0,0,32,17,49,0,2,47,20,69,44,62,106,175
09/15/2016,AEG,NM,ASW,WE,Federal Contract Tower,0,1,8,3,12,0,0,71,7,78,0,1,79,10,90,80,40,120,210
09/16/2016,AEG,NM,ASW,WE,Federal Contract Tower,0,0,9,0,9,0,0,69,5,74,0,0,78,5,83,80,0,80,163
09/17/2016,AEG,NM,ASW,WE,Federal Contract Tower,0,0,19,0,19,0,0,75,0,75,0,0,94,0,94,60,0,60,154
09/18/2016,AEG,NM,ASW,WE,Federal Contract Tower,0,0,17,0,17,0,1,69,0,70,0,1,86,0,87,160,0,160,247
09/19/2016,AEG,NM,ASW,WE,Federal Contract Tower,0,1,8,0,9,0,1,54,1,56,0,2,62,1,65,66,0,66,131
09/20/2016,AEG,NM,ASW,WE,Federal Contract Tower,0,0,6,4,10,0,0,39,2,41,0,0,45,6,51,90,0,90,141
09/21/2016,AEG,NM,ASW,WE,Federal Contract Tower,0,0,11,2,13,0,0,34,6,40,0,0,45,8,53,70,0,70,123
09/22/2016,AEG,NM,ASW,WE,Federal Contract Tower,0,1,11,0,12,0,0,43,3,46,0,1,54,3,58,58,0,58,116
09/23/2016,AEG,NM,ASW,WE,Federal Contract Tower,0,0,6,0,6,0,0,27,6,33,0,0,33,6,39,70,0,70,109
09/24/2016,AEG,NM,ASW,WE,Federal Contract Tower,0,0,10,0,10,0,0,83,3,86,0,0,93,3,96,42,0,42,138
09/25/2016,AEG,NM,ASW,WE,Federal Contract Tower,0,1,7,0,8,0,0,26,1,27,0,1,33,1,35,2,0,2,37
09/27/2016,AEG,NM,ASW,WE,Federal Contract Tower,0,1,10,1,12,0,0,58,6,64,0,1,68,7,76,124,0,124,200
09/28/2016,AEG,NM,ASW,WE,Federal Contract Tower,0,3,2,0,5,0,0,51,4,55,0,3,53,4,60,64,0,64,124
09/29/2016,AEG,NM,ASW,WE,Federal Contract Tower,0,0,8,0,8,0,2,19,1,22,0,2,27,1,30,26,0,26,56
09/30/2016,AEG,NM,ASW,WE,Federal Contract Tower,0,0,19,0,19,0,0,92,1,93,0,0,111,1,112,78,0,78,190
10/01/2016,AEG,NM,ASW,WE,Federal Contract Tower,0,1,8,0,9,0,0,100,0,100,0,1,108,0,109,52,0,52,161
10/02/2016,AEG,NM,ASW,WE,Federal Contract Tower,0,0,7,0,7,0,0,88,0,88,0,0,95,0,95,100,0,100,195
10/03/2016,AEG,NM,ASW,WE,Federal Contract Tower,0,2,9,0,11,0,2,46,0,48,0,4,55,0,59,48,0,48,107
10/04/2016,AEG,NM,ASW,WE,Federal Contract Tower,0,0,8,2,10,0,0,45,0,45,0,0,53,2,55,20,0,20,75
10/05/2016,AEG,NM,ASW,WE,Federal Contract Tower,0,1,17,0,18,0,0,84,0,84,0,1,101,0,102,74,0,74,176
10/06/2016,AEG,NM,ASW,WE,Federal Contract Tower,0,0,12,0,12,0,2,84,1,87,0,2,96,1,99,162,0,162,261
10/07/2016,AEG,NM,ASW,WE,Federal Contract Tower,0,0,5,0,5,0,0,76,3,79,0,0,81,3,84,46,14,60,144
10/08/2016,AEG,NM,ASW,WE,Federal Contract Tower,0,0,21,0,21,0,0,52,0,52,0,0,73,0,73,10,0,10,83
10/09/2016,AEG,NM,ASW,WE,Federal Contract Tower,0,1,15,0,16,0,1,49,0,50,0,2,64,0,66,50,0,50,116
10/10/2016,AEG,NM,ASW,WE,Federal Contract Tower,0,0,4,0,4,0,0,65,0,65,0,0,69,0,69,152,0,152,221
10/11/2016,AEG,NM,ASW,WE,Federal Contract Tower,0,0,12,3,15,0,0,53,4,57,0,0,65,7,72,42,4,46,118
10/12/2016,AEG,NM,ASW,WE,Federal Contract Tower,0,0,6,2,8,0,0,60,0,60,0,0,66,2,68,98,0,98,166
10/13/2016,AEG,NM,ASW,WE,Federal Contract Tower,0,0,7,1,8,0,0,51,5,56,0,0,58,6,64,48,20,68,132
10/14/2016,AEG,NM,ASW,WE,Federal Contract Tower,0,0,18,0,18,0,0,0,0,0,0,0,18,0,18,98,14,112,130
10/15/2016,AEG,NM,ASW,WE,Federal Contract Tower,0,0,13,0,13,0,0,76,0,76,0,0,89,0,89,36,0,36,125
10/16/2016,AEG,NM,ASW,WE,Federal Contract Tower,0,0,12,0,12,0,2,60,0,62,0,2,72,0,74,76,0,76,150
10/17/2016,AEG,NM,ASW,WE,Federal Contract Tower,0,0,5,0,5,0,1,37,0,38,0,1,42,0,43,48,0,48,91
10/18/2016,AEG,NM,ASW,WE,Federal Contract Tower,0,0,12,0,12,0,0,77,3,80,0,0,89,3,92,84,18,102,194
10/19/2016,AEG,NM,ASW,WE,Federal Contract Tower,0,1,8,0,9,0,1,47,0,48,0,2,55,0,57,34,0,34,91
10/20/2016,AEG,NM,ASW,WE,Federal Contract Tower,0,2,8,0,10,0,0,71,0,71,0,2,79,0,81,82,0,82,163
10/21/2016,AEG,NM,ASW,WE,Federal Contract Tower,0,0,11,0,11,0,0,87,0,87,0,0,98,0,98,178,0,178,276
10/22/2016,AEG,NM,ASW,WE,Federal Contract Tower,0,0,20,0,20,0,1,77,0,78,0,1,97,0,98,57,0,57,155
10/23/2016,AEG,NM,ASW,WE,Federal Contract Tower,0,0,11,0,11,0,0,64,0,64,0,0,75,0,75,84,0,84,159
10/24/2016,AEG,NM,ASW,WE,Federal Contract Tower,0,0,4,0,4,0,0,34,0,34,0,0,38,0,38,86,0,86,124
10/25/2016,AEG,NM,ASW,WE,Federal Contract Tower,0,0,4,1,5,0,0,23,1,24,0,0,27,2,29,18,0,18,47
10/26/2016,AEG,NM,ASW,WE,Federal Contract Tower,0,1,13,0,14,0,0,72,0,72,0,1,85,0,86,194,0,194,280
10/27/2016,AEG,NM,ASW,WE,Federal Contract Tower,0,2,15,0,17,0,2,56,0,58,0,4,71,0,75,142,0,142,217
10/28/2016,AEG,NM,ASW,WE,Federal Contract Tower,0,0,9,0,9,0,0,53,0,53,0,0,62,0,62,130,0,130,192
10/29/2016,AEG,NM,ASW,WE,Federal Contract Tower,0,0,9,0,9,0,1,63,0,64,0,1,72,0,73,114,0,114,187
10/30/2016,AEG,NM,ASW,WE,Federal Contract Tower,0,1,7,0,8,0,0,68,0,68,0,1,75,0,76,80,0,80,156
10/31/2016,AEG,NM,ASW,WE,Federal Contract Tower,0,0,3,6,9,0,2,25,2,29,0,2,28,8,38,72,26,98,136
11/02/2016,AEG,NM,ASW,WE,Federal Contract Tower,0,0,8,4,12,0,2,70,0,72,0,2,78,4,84,116,0,116,200
11/03/2016,AEG,NM,ASW,WE,Federal Contract Tower,0,0,2,1,3,0,0,14,1,15,0,0,16,2,18,6,12,18,36
11/04/2016,AEG,NM,ASW,WE,Federal Contract Tower,0,0,2,0,2,0,0,0,0,0,0,0,2,0,2,0,0,0,2
11/05/2016,AEG,NM,ASW,WE,Federal Contract Tower,0,0,8,0,8,0,0,29,1,30,0,0,37,1,38,102,0,102,140
11/06/2016,AEG,NM,ASW,WE,Federal Contract Tower,0,1,11,0,12,0,0,64,0,64,0,1,75,0,76,62,0,62,138
11/07/2016,AEG,NM,ASW,WE,Federal Contract Tower,0,0,7,0,7,0,0,33,2,35,0,0,40,2,42,144,0,144,186
11/08/2016,AEG,NM,ASW,WE,Federal Contract Tower,0,0,16,0,16,0,1,46,4,51,0,1,62,4,67,74,22,96,163
11/09/2016,AEG,NM,ASW,WE,Federal Contract Tower,0,0,5,4,9,0,0,55,4,59,0,0,60,8,68,66,0,66,134
11/10/2016,AEG,NM,ASW,WE,Federal Contract Tower,0,4,14,0,18,0,1,63,5,69,0,5,77,5,87,138,0,138,225
11/11/2016,AEG,NM,ASW,WE,Federal Contract Tower,0,2,6,0,8,0,2,76,3,81,0,4,82,3,89,124,0,124,213
11/12/2016,AEG,NM,ASW,WE,Federal Contract Tower,0,0,7,0,7,0,0,146,2,148,0,0,153,2,155,96,0,96,251
11/13/2016,AEG,NM,ASW,WE,Federal Contract Tower,0,0,8,0,8,0,0,42,3,45,0,0,50,3,53,176,0,176,229
11/14/2016,AEG,NM,ASW,WE,Federal Contract Tower,0,0,5,0,5,0,0,48,3,51,0,0,53,3,56,144,0,144,200
11/16/2016,AEG,NM,ASW,WE,Federal Contract Tower,0,1,22,1,24,0,0,62,5,67,0,1,84,6,91,150,0,150,241
11/17/2016,AEG,NM,ASW,WE,Federal Contract Tower,0,0,5,0,5,0,0,5,1,6,0,0,10,1,11,0,0,0,11
11/18/2016,AEG,NM,ASW,WE,Federal Contract Tower,0,0,13,0,13,0,0,67,2,69,0,0,80,2,82,78,0,78,160
11/19/2016,AEG,NM,ASW,WE,Federal Contract Tower,0,0,6,0,6,0,0,66,2,68,0,0,72,2,74,110,0,110,184
11/20/2016,AEG,NM,ASW,WE,Federal Contract Tower,0,1,21,0,22,0,0,89,2,91,0,1,110,2,113,140,0,140,253
11/21/2016,AEG,NM,ASW,WE,Federal Contract Tower,0,0,15,0,15,0,0,10,0,10,0,0,25,0,25,28,0,28,53
11/23/2016,AEG,NM,ASW,WE,Federal Contract Tower,0,1,5,0,6,0,0,103,3,106,0,1,108,3,112,170,26,196,308
11/24/2016,AEG,NM,ASW,WE,Federal Contract Tower,0,0,4,0,4,0,0,13,0,13,0,0,17,0,17,0,0,0,17
11/25/2016,AEG,NM,ASW,WE,Federal Contract Tower,0,0,4,0,4,0,0,58,0,58,0,0,62,0,62,70,0,70,132
11/26/2016,AEG,NM,ASW,WE,Federal Contract Tower,0,0,11,0,11,0,0,83,0,83,0,0,94,0,94,118,0,118,212
11/27/2016,AEG,NM,ASW,WE,Federal Contract Tower,0,0,7,0,7,0,0,8,0,8,0,0,15,0,15,14,0,14,29
11/28/2016,AEG,NM,ASW,WE,Federal Contract Tower,0,0,7,0,7,0,1,8,14,23,0,1,15,14,30,0,0,0,30
11/29/2016,AEG,NM,ASW,WE,Federal Contract Tower,0,0,1,0,1,0,0,9,8,17,0,0,10,8,18,18,8,26,44
11/30/2016,AEG,NM,ASW,WE,Federal Contract Tower,0,0,19,0,19,0,0,80,0,80,0,0,99,0,99,154,0,154,253
12/01/2016,AEG,NM,ASW,WE,Federal Contract Tower,0,1,20,0,21,0,0,96,8,104,0,1,116,8,125,132,0,132,257
12/02/2016,AEG,NM,ASW,WE,Federal Contract Tower,0,0,10,0,10,0,0,26,0,26,0,0,36,0,36,32,0,32,68
12/03/2016,AEG,NM,ASW,WE,Federal Contract Tower,0,0,10,0,10,0,0,51,0,51,0,0,61,0,61,174,0,174,235
12/04/2016,AEG,NM,ASW,WE,Federal Contract Tower,0,0,7,0,7,0,0,70,0,70,0,0,77,0,77,196,0,196,273
12/05/2016,AEG,NM,ASW,WE,Federal Contract Tower,0,1,3,0,4,0,0,45,5,50,0,1,48,5,54,98,0,98,152
12/06/2016,AEG,NM,ASW,WE,Federal Contract Tower,0,0,15,1,16,0,0,37,6,43,0,0,52,7,59,68,72,140,199
12/07/2016,AEG,NM,ASW,WE,Federal Contract Tower,0,0,9,0,9,0,0,31,2,33,0,0,40,2,42,110,8,118,160
12/08/2016,AEG,NM,ASW,WE,Federal Contract Tower,0,0,22,1,23,0,0,69,8,77,0,0,91,9,100,140,22,162,262
12/09/2016,AEG,NM,ASW,WE,Federal Contract Tower,0,0,17,0,17,0,0,83,0,83,0,0,100,0,100,148,0,148,248
12/10/2016,AEG,NM,ASW,WE,Federal Contract Tower,0,3,1,0,4,0,0,60,0,60,0,3,61,0,64,106,0,106,170
12/11/2016,AEG,NM,ASW,WE,Federal Contract Tower,0,0,5,0,5,0,0,41,2,43,0,0,46,2,48,76,0,76,124
12/12/2016,AEG,NM,ASW,WE,Federal Contract Tower,0,0,2,0,2,0,0,35,5,40,0,0,37,5,42,104,0,104,146
12/13/2016,AEG,NM,ASW,WE,Federal Contract Tower,0,1,8,0,9,0,1,54,4,59,0,2,62,4,68,100,0,100,168
12/14/2016,AEG,NM,ASW,WE,Federal Contract Tower,0,0,2,0,2,0,0,51,5,56,0,0,53,5,58,148,4,152,210
12/15/2016,AEG,NM,ASW,WE,Federal Contract Tower,0,0,22,2,24,0,2,81,4,87,0,2,103,6,111,128,2,130,241
12/16/2016,AEG,NM,ASW,WE,Federal Contract Tower,0,0,6,0,6,0,0,7,2,9,0,0,13,2,15,0,0,0,15
12/17/2016,AEG,NM,ASW,WE,Federal Contract Tower,0,0,3,0,3,0,0,7,2,9,0,0,10,2,12,0,0,0,12
12/18/2016,AEG,NM,ASW,WE,Federal Contract Tower,0,0,16,0,16,0,0,51,2,53,0,0,67,2,69,115,0,115,184
12/19/2016,AEG,NM,ASW,WE,Federal Contract Tower,0,0,31,0,31,0,0,49,2,51,0,0,80,2,82,156,6,162,244
12/21/2016,AEG,NM,ASW,WE,Federal Contract Tower,0,0,8,0,8,0,0,70,4,74,0,0,78,4,82,214,10,224,306
12/22/2016,AEG,NM,ASW,WE,Federal Contract Tower,0,0,0,0,0,0,0,0,0,0,0,0,0,0,0,0,0,0,0
12/23/2016,AEG,NM,ASW,WE,Federal Contract Tower,0,5,9,0,14,0,0,12,0,12,0,5,21,0,26,4,0,4,30
12/24/2016,AEG,NM,ASW,WE,Federal Contract Tower,0,0,2,0,2,0,0,22,0,22,0,0,24,0,24,26,0,26,50
12/25/2016,AEG,NM,ASW,WE,Federal Contract Tower,0,0,2,0,2,0,0,1,0,1,0,0,3,0,3,0,0,0,3
12/26/2016,AEG,NM,ASW,WE,Federal Contract Tower,0,0,4,0,4,0,0,51,0,51,0,0,55,0,55,122,0,122,177
12/27/2016,AEG,NM,ASW,WE,Federal Contract Tower,0,0,10,0,10,0,0,63,2,65,0,0,73,2,75,184,0,184,259
12/28/2016,AEG,NM,ASW,WE,Federal Contract Tower,0,1,8,1,10,0,1,55,3,59,0,2,63,4,69,202,0,202,271
12/29/2016,AEG,NM,ASW,WE,Federal Contract Tower,0,0,7,3,10,0,0,51,1,52,0,0,58,4,62,148,0,148,210
12/30/2016,AEG,NM,ASW,WE,Federal Contract Tower,0,0,10,3,13,0,0,65,0,65,0,0,75,3,78,318,0,318,396
12/31/2016,AEG,NM,ASW,WE,Federal Contract Tower,0,6,2,0,8,0,0,3,0,3,0,6,5,0,11,0,0,0,11
01/01/2017,AEG,NM,ASW,WE,Federal Contract Tower,0,0,1,0,1,0,0,18,0,18,0,0,19,0,19,12,0,12,31
01/02/2017,AEG,NM,ASW,WE,Federal Contract Tower,0,0,9,1,10,0,0,57,0,57,0,0,66,1,67,150,0,150,217
01/03/2017,AEG,NM,ASW,WE,Federal Contract Tower,0,0,2,0,2,0,2,40,0,42,0,2,42,0,44,70,0,70,114
01/04/2017,AEG,NM,ASW,WE,Federal Contract Tower,0,1,4,2,7,0,0,38,0,38,0,1,42,2,45,46,0,46,91
01/05/2017,AEG,NM,ASW,WE,Federal Contract Tower,0,1,7,0,8,0,0,14,0,14,0,1,21,0,22,20,0,20,42
01/06/2017,AEG,NM,ASW,WE,Federal Contract Tower,0,0,8,0,8,0,0,17,0,17,0,0,25,0,25,10,0,10,35
01/07/2017,AEG,NM,ASW,WE,Federal Contract Tower,0,2,13,1,16,0,0,58,1,59,0,2,71,2,75,146,0,146,221
01/08/2017,AEG,NM,ASW,WE,Federal Contract Tower,0,0,4,0,4,0,0,84,0,84,0,0,88,0,88,170,0,170,258
01/09/2017,AEG,NM,ASW,WE,Federal Contract Tower,0,0,5,0,5,0,0,41,0,41,0,0,46,0,46,108,0,108,154
01/10/2017,AEG,NM,ASW,WE,Federal Contract Tower,0,1,12,2,15,0,0,46,2,48,0,1,58,4,63,64,2,66,129
01/11/2017,AEG,NM,ASW,WE,Federal Contract Tower,0,0,6,5,11,0,0,41,3,44,0,0,47,8,55,98,6,104,159
01/12/2017,AEG,NM,ASW,WE,Federal Contract Tower,0,1,8,0,9,0,0,66,1,67,0,1,74,1,76,138,0,138,214
01/13/2017,AEG,NM,ASW,WE,Federal Contract Tower,0,0,21,0,21,0,0,48,1,49,0,0,69,1,70,200,0,200,270
01/14/2017,AEG,NM,ASW,WE,Federal Contract Tower,0,0,3,0,3,0,0,34,0,34,0,0,37,0,37,88,0,88,125
01/15/2017,AEG,NM,ASW,WE,Federal Contract Tower,0,0,4,0,4,0,0,0,0,0,0,0,4,0,4,0,0,0,4
01/16/2017,AEG,NM,ASW,WE,Federal Contract Tower,0,1,3,1,5,0,0,9,3,12,0,1,12,4,17,10,0,10,27
01/17/2017,AEG,NM,ASW,WE,Federal Contract Tower,0,0,5,0,5,0,0,44,1,45,0,0,49,1,50,128,0,128,178
01/18/2017,AEG,NM,ASW,WE,Federal Contract Tower,0,0,4,8,12,0,0,24,2,26,0,0,28,10,38,54,0,54,92
01/19/2017,AEG,NM,ASW,WE,Federal Contract Tower,0,3,1,0,4,0,0,60,3,63,0,3,61,3,67,120,10,130,197
01/20/2017,AEG,NM,ASW,WE,Federal Contract Tower,0,0,9,0,9,0,0,12,3,15,0,0,21,3,24,40,0,40,64
01/21/2017,AEG,NM,ASW,WE,Federal Contract Tower,0,0,0,0,0,0,0,6,0,6,0,0,6,0,6,0,0,0,6
01/22/2017,AEG,NM,ASW,WE,Federal Contract Tower,0,0,14,1,15,0,0,57,4,61,0,0,71,5,76,92,0,92,168
01/23/2017,AEG,NM,ASW,WE,Federal Contract Tower,0,0,12,2,14,0,0,25,4,29,0,0,37,6,43,8,14,22,65
01/24/2017,AEG,NM,ASW,WE,Federal Contract Tower,0,0,3,0,3,0,0,9,1,10,0,0,12,1,13,0,0,0,13
01/25/2017,AEG,NM,ASW,WE,Federal Contract Tower,0,0,6,0,6,0,0,34,2,36,0,0,40,2,42,28,0,28,70
01/26/2017,AEG,NM,ASW,WE,Federal Contract Tower,0,1,17,1,19,0,1,81,4,86,0,2,98,5,105,74,2,76,181
01/27/2017,AEG,NM,ASW,WE,Federal Contract Tower,0,0,3,0,3,0,0,51,5,56,0,0,54,5,59,48,0,48,107
01/28/2017,AEG,NM,ASW,WE,Federal Contract Tower,0,1,16,0,17,0,0,49,7,56,0,1,65,7,73,90,0,90,163
01/29/2017,AEG,NM,ASW,WE,Federal Contract Tower,0,0,18,0,18,0,2,95,1,98,0,2,113,1,116,232,4,236,352
01/30/2017,AEG,NM,ASW,WE,Federal Contract Tower,0,10,7,1,18,0,0,45,5,50,0,10,52,6,68,90,0,90,158
01/31/2017,AEG,NM,ASW,WE,Federal Contract Tower,0,2,8,2,12,0,0,62,4,66,0,2,70,6,78,140,2,142,220
02/01/2017,AEG,NM,ASW,WE,Federal Contract Tower,0,1,9,2,12,0,0,70,2,72,0,1,79,4,84,176,0,176,260
02/02/2017,AEG,NM,ASW,WE,Federal Contract Tower,0,1,5,0,6,0,0,80,0,80,0,1,85,0,86,150,0,150,236
02/03/2017,AEG,NM,ASW,WE,Federal Contract Tower,0,0,22,2,24,0,0,70,2,72,0,0,92,4,96,263,0,263,359
02/04/2017,AEG,NM,ASW,WE,Federal Contract Tower,0,0,18,0,18,0,0,95,0,95,0,0,113,0,113,180,0,180,293
02/05/2017,AEG,NM,ASW,WE,Federal Contract Tower,0,6,9,0,15,0,0,81,0,81,0,6,90,0,96,232,0,232,328
02/06/2017,AEG,NM,ASW,WE,Federal Contract Tower,0,1,10,0,11,0,0,51,8,59,0,1,61,8,70,86,72,158,228
02/07/2017,AEG,NM,ASW,WE,Federal Contract Tower,0,1,10,0,11,0,2,38,2,42,0,3,48,2,53,140,12,152,205
02/08/2017,AEG,NM,ASW,WE,Federal Contract Tower,0,0,6,0,6,0,0,50,4,54,0,0,56,4,60,86,20,106,166
02/09/2017,AEG,NM,ASW,WE,Federal Contract Tower,0,0,7,0,7,0,0,97,2,99,0,0,104,2,106,122,14,136,242
02/10/2017,AEG,NM,ASW,WE,Federal Contract Tower,0,0,14,2,16,0,3,93,0,96,0,3,107,2,112,204,0,204,316
02/11/2017,AEG,NM,ASW,WE,Federal Contract Tower,0,0,38,0,38,0,0,181,0,181,0,0,219,0,219,72,0,72,291
02/12/2017,AEG,NM,ASW,WE,Federal Contract Tower,0,0,0,0,0,0,0,1,2,3,0,0,1,2,3,0,0,0,3
02/13/2017,AEG,NM,ASW,WE,Federal Contract Tower,0,0,2,0,2,0,0,2,0,2,0,0,4,0,4,8,0,8,12
02/14/2017,AEG,NM,ASW,WE,Federal Contract Tower,0,1,7,0,8,0,0,26,0,26,0,1,33,0,34,84,0,84,118
02/15/2017,AEG,NM,ASW,WE,Federal Contract Tower,0,4,10,0,14,0,2,69,0,71,0,6,79,0,85,152,0,152,237
02/16/2017,AEG,NM,ASW,WE,Federal Contract Tower,0,0,8,0,8,0,0,77,0,77,0,0,85,0,85,165,0,165,250
02/17/2017,AEG,NM,ASW,WE,Federal Contract Tower,0,0,10,0,10,0,0,51,0,51,0,0,61,0,61,98,0,98,159
02/18/2017,AEG,NM,ASW,WE,Federal Contract Tower,0,0,14,0,14,0,0,67,0,67,0,0,81,0,81,148,0,148,229
02/19/2017,AEG,NM,ASW,WE,Federal Contract Tower,0,1,5,0,6,0,0,8,1,9,0,1,13,1,15,66,0,66,81
02/20/2017,AEG,NM,ASW,WE,Federal Contract Tower,0,2,12,1,15,0,6,47,0,53,0,8,59,1,68,124,0,124,192
02/21/2017,AEG,NM,ASW,WE,Federal Contract Tower,0,4,9,0,13,0,5,45,2,52,0,9,54,2,65,104,6,110,175
02/22/2017,AEG,NM,ASW,WE,Federal Contract Tower,0,3,19,0,22,0,3,65,0,68,0,6,84,0,90,128,0,128,218
02/23/2017,AEG,NM,ASW,WE,Federal Contract Tower,0,5,17,0,22,0,2,14,2,18,0,7,31,2,40,30,14,44,84
02/24/2017,AEG,NM,ASW,WE,Federal Contract Tower,0,0,7,0,7,0,0,22,0,22,0,0,29,0,29,16,0,16,45
02/25/2017,AEG,NM,ASW,WE,Federal Contract Tower,0,2,24,0,26,0,0,103,0,103,0,2,127,0,129,122,0,122,251
02/26/2017,AEG,NM,ASW,WE,Federal Contract Tower,0,0,3,0,3,0,0,49,0,49,0,0,52,0,52,192,0,192,244
02/27/2017,AEG,NM,ASW,WE,Federal Contract Tower,0,1,13,0,14,0,2,17,4,23,0,3,30,4,37,148,0,148,185
02/28/2017,AEG,NM,ASW,WE,Federal Contract Tower,0,0,4,0,4,0,0,3,0,3,0,0,7,0,7,0,0,0,7
03/01/2017,AEG,NM,ASW,WE,Federal Contract Tower,0,0,14,0,14,0,0,56,0,56,0,0,70,0,70,72,0,72,142
03/02/2017,AEG,NM,ASW,WE,Federal Contract Tower,0,1,9,0,10,0,1,62,0,63,0,2,71,0,73,138,0,138,211
03/03/2017,AEG,NM,ASW,WE,Federal Contract Tower,0,0,8,0,8,0,0,103,0,103,0,0,111,0,111,264,0,264,375
03/04/2017,AEG,NM,ASW,WE,Federal Contract Tower,0,0,8,0,8,0,0,84,0,84,0,0,92,0,92,122,0,122,214
03/05/2017,AEG,NM,ASW,WE,Federal Contract Tower,0,0,8,0,8,0,0,44,0,44,0,0,52,0,52,152,0,152,204
03/06/2017,AEG,NM,ASW,WE,Federal Contract Tower,0,6,2,2,10,0,0,1,2,3,0,6,3,4,13,4,4,8,21
03/07/2017,AEG,NM,ASW,WE,Federal Contract Tower,0,0,6,0,6,0,0,37,0,37,0,0,43,0,43,94,0,94,137
03/08/2017,AEG,NM,ASW,WE,Federal Contract Tower,0,0,14,0,14,0,0,79,5,84,0,0,93,5,98,150,10,160,258
03/09/2017,AEG,NM,ASW,WE,Federal Contract Tower,0,4,2,0,6,0,2,82,0,84,0,6,84,0,90,254,0,254,344
03/10/2017,AEG,NM,ASW,WE,Federal Contract Tower,0,0,6,0,6,0,1,88,5,94,0,1,94,5,100,372,0,372,472
03/11/2017,AEG,NM,ASW,WE,Federal Contract Tower,0,0,17,0,17,0,0,131,0,131,0,0,148,0,148,218,0,218,366
03/12/2017,AEG,NM,ASW,WE,Federal Contract Tower,0,2,5,0,7,0,0,83,4,87,0,2,88,4,94,236,0,236,330
03/13/2017,AEG,NM,ASW,WE,Federal Contract Tower,0,2,1,0,3,0,0,92,5,97,0,2,93,5,100,230,2,232,332
03/14/2017,AEG,NM,ASW,WE,Federal Contract Tower,0,1,19,2,22,0,0,50,4,54,0,1,69,6,76,170,4,174,250
03/15/2017,AEG,NM,ASW,WE,Federal Contract Tower,0,1,8,0,9,0,0,66,1,67,0,1,74,1,76,134,0,134,210
03/16/2017,AEG,NM,ASW,WE,Federal Contract Tower,0,1,8,0,9,0,0,51,6,57,0,1,59,6,66,142,0,142,208
03/17/2017,AEG,NM,ASW,WE,Federal Contract Tower,0,0,23,0,23,0,0,70,0,70,0,0,93,0,93,128,0,128,221
03/18/2017,AEG,NM,ASW,WE,Federal Contract Tower,0,0,15,0,15,0,4,83,1,88,0,4,98,1,103,152,0,152,255
03/19/2017,AEG,NM,ASW,WE,Federal Contract Tower,0,0,33,0,33,0,0,78,0,78,0,0,111,0,111,158,0,158,269
03/20/2017,AEG,NM,ASW,WE,Federal Contract Tower,0,0,15,0,15,0,0,73,0,73,0,0,88,0,88,140,0,140,228
03/21/2017,AEG,NM,ASW,WE,Federal Contract Tower,0,3,11,0,14,0,0,65,0,65,0,3,76,0,79,158,0,158,237
03/22/2017,AEG,NM,ASW,WE,Federal Contract Tower,0,1,11,0,12,0,2,61,5,68,0,3,72,5,80,84,30,114,194
03/23/2017,AEG,NM,ASW,WE,Federal Contract Tower,0,0,10,0,10,0,0,14,0,14,0,0,24,0,24,20,0,20,44
03/24/2017,AEG,NM,ASW,WE,Federal Contract Tower,0,0,3,0,3,0,2,6,0,8,0,2,9,0,11,0,0,0,11
03/25/2017,AEG,NM,ASW,WE,Federal Contract Tower,0,0,17,2,19,0,0,123,2,125,0,0,140,4,144,278,0,278,422
03/26/2017,AEG,NM,ASW,WE,Federal Contract Tower,0,0,6,0,6,0,0,28,0,28,0,0,34,0,34,66,0,66,100
03/27/2017,AEG,NM,ASW,WE,Federal Contract Tower,0,4,11,0,15,0,0,68,2,70,0,4,79,2,85,190,8,198,283
03/28/2017,AEG,NM,ASW,WE,Federal Contract Tower,0,1,3,0,4,0,0,5,1,6,0,1,8,1,10,0,0,0,10
03/29/2017,AEG,NM,ASW,WE,Federal Contract Tower,0,4,6,0,10,0,0,24,4,28,0,4,30,4,38,58,26,84,122
03/30/2017,AEG,NM,ASW,WE,Federal Contract Tower,0,2,10,0,12,0,0,81,2,83,0,2,91,2,95,100,0,100,195
03/31/2017,AEG,NM,ASW,WE,Federal Contract Tower,0,0,8,0,8,0,0,21,0,21,0,0,29,0,29,6,0,6,35
04/01/2017,AEG,NM,ASW,WE,Federal Contract Tower,0,0,2,0,2,0,6,0,0,6,0,6,2,0,8,8,0,8,16
04/02/2017,AEG,NM,ASW,WE,Federal Contract Tower,0,0,14,0,14,0,0,57,0,57,0,0,71,0,71,62,0,62,133
04/03/2017,AEG,NM,ASW,WE,Federal Contract Tower,0,0,12,0,12,0,0,68,0,68,0,0,80,0,80,138,0,138,218
04/04/2017,AEG,NM,ASW,WE,Federal Contract Tower,0,0,6,0,6,0,0,5,2,7,0,0,11,2,13,0,0,0,13
04/05/2017,AEG,NM,ASW,WE,Federal Contract Tower,0,2,5,0,7,0,0,66,0,66,0,2,71,0,73,106,0,106,179
04/06/2017,AEG,NM,ASW,WE,Federal Contract Tower,0,0,5,0,5,0,2,87,0,89,0,2,92,0,94,170,0,170,264
04/07/2017,AEG,NM,ASW,WE,Federal Contract Tower,0,0,13,0,13,0,0,97,0,97,0,0,110,0,110,166,0,166,276
04/08/2017,AEG,NM,ASW,WE,Federal Contract Tower,0,0,16,0,16,0,1,77,0,78,0,1,93,0,94,54,0,54,148
04/09/2017,AEG,NM,ASW,WE,Federal Contract Tower,0,0,3,1,4,0,0,52,2,54,0,0,55,3,58,38,0,38,96
04/10/2017,AEG,NM,ASW,WE,Federal Contract Tower,0,0,15,0,15,0,0,68,2,70,0,0,83,2,85,202,22,224,309
04/11/2017,AEG,NM,ASW,WE,Federal Contract Tower,0,0,5,0,5,0,0,60,0,60,0,0,65,0,65,44,0,44,109
04/12/2017,AEG,NM,ASW,WE,Federal Contract Tower,0,0,1,1,2,0,0,41,4,45,0,0,42,5,47,68,6,74,121
04/13/2017,AEG,NM,ASW,WE,Federal Contract Tower,0,0,2,0,2,0,0,66,2,68,0,0,68,2,70,146,46,192,262
04/14/2017,AEG,NM,ASW,WE,Federal Contract Tower,0,4,14,0,18,0,0,77,0,77,0,4,91,0,95,204,0,204,299
04/15/2017,AEG,NM,ASW,WE,Federal Contract Tower,0,1,0,0,1,0,1,56,0,57,0,2,56,0,58,108,1,109,167
04/16/2017,AEG,NM,ASW,WE,Federal Contract Tower,0,0,7,0,7,0,0,67,0,67,0,0,74,0,74,94,0,94,168
04/17/2017,AEG,NM,ASW,WE,Federal Contract Tower,0,1,9,0,10,0,0,58,1,59,0,1,67,1,69,140,18,158,227
04/18/2017,AEG,NM,ASW,WE,Federal Contract Tower,0,2,17,0,19,0,1,72,0,73,0,3,89,0,92,152,0,152,244
04/19/2017,AEG,NM,ASW,WE,Federal Contract Tower,0,3,12,4,19,0,3,33,6,42,0,6,45,10,61,52,22,74,135
04/20/2017,AEG,NM,ASW,WE,Federal Contract Tower,0,0,7,0,7,0,0,32,0,32,0,0,39,0,39,68,0,68,107
04/22/2017,AEG,NM,ASW,WE,Federal Contract Tower,0,0,5,0,5,0,0,88,0,88,0,0,93,0,93,114,0,114,207
04/23/2017,AEG,NM,ASW,WE,Federal Contract Tower,0,0,8,0,8,0,0,60,0,60,0,0,68,0,68,113,0,113,181
04/24/2017,AEG,NM,ASW,WE,Federal Contract Tower,0,0,2,0,2,0,0,29,2,31,0,0,31,2,33,56,0,56,89
04/25/2017,AEG,NM,ASW,WE,Federal Contract Tower,0,1,7,0,8,0,0,2,2,4,0,1,9,2,12,0,24,24,36
04/26/2017,AEG,NM,ASW,WE,Federal Contract Tower,0,0,16,0,16,0,0,58,2,60,0,0,74,2,76,126,0,126,202
04/27/2017,AEG,NM,ASW,WE,Federal Contract Tower,0,1,1,0,2,0,1,19,2,22,0,2,20,2,24,52,0,52,76
04/28/2017,AEG,NM,ASW,WE,Federal Contract Tower,0,0,1,1,2,0,0,5,1,6,0,0,6,2,8,6,0,6,14
04/29/2017,AEG,NM,ASW,WE,Federal Contract Tower,0,0,0,0,0,0,0,1,3,4,0,0,1,3,4,0,22,22,26
04/30/2017,AEG,NM,ASW,WE,Federal Contract Tower,0,0,4,0,4,0,0,40,4,44,0,0,44,4,48,74,0,74,122
05/01/2017,AEG,NM,ASW,WE,Federal Contract Tower,0,0,10,1,11,0,0,62,11,73,0,0,72,12,84,160,8,168,252
05/02/2017,AEG,NM,ASW,WE,Federal Contract Tower,0,0,14,0,14,0,1,91,3,95,0,1,105,3,109,184,0,184,293
05/03/2017,AEG,NM,ASW,WE,Federal Contract Tower,0,2,7,0,9,0,2,58,8,68,0,4,65,8,77,122,0,122,199
05/04/2017,AEG,NM,ASW,WE,Federal Contract Tower,0,2,11,0,13,0,1,105,2,108,0,3,116,2,121,102,0,102,223
05/05/2017,AEG,NM,ASW,WE,Federal Contract Tower,0,2,4,0,6,0,0,104,1,105,0,2,108,1,111,146,0,146,257
05/06/2017,AEG,NM,ASW,WE,Federal Contract Tower,0,0,5,0,5,0,0,194,2,196,0,0,199,2,201,36,0,36,237
05/07/2017,AEG,NM,ASW,WE,Federal Contract Tower,0,1,16,4,21,0,0,37,0,37,0,1,53,4,58,86,0,86,144
05/08/2017,AEG,NM,ASW,WE,Federal Contract Tower,0,0,6,0,6,0,0,47,1,48,0,0,53,1,54,100,14,114,168
05/09/2017,AEG,NM,ASW,WE,Federal Contract Tower,0,3,0,0,3,0,0,8,4,12,0,3,8,4,15,0,12,12,27
05/10/2017,AEG,NM,ASW,WE,Federal Contract Tower,0,2,14,2,18,0,0,28,0,28,0,2,42,2,46,50,0,50,96
05/11/2017,AEG,NM,ASW,WE,Federal Contract Tower,0,1,13,0,14,0,1,54,2,57,0,2,67,2,71,42,48,90,161
05/12/2017,AEG,NM,ASW,WE,Federal Contract Tower,0,0,8,0,8,0,2,87,0,89,0,2,95,0,97,124,0,124,221
05/13/2017,AEG,NM,ASW,WE,Federal Contract Tower,0,0,10,0,10,0,0,82,0,82,0,0,92,0,92,106,0,106,198
05/14/2017,AEG,NM,ASW,WE,Federal Contract Tower,0,1,1,0,2,0,0,36,0,36,0,1,37,0,38,98,0,98,136
05/15/2017,AEG,NM,ASW,WE,Federal Contract Tower,0,0,6,2,8,0,0,45,3,48,0,0,51,5,56,168,0,168,224
05/16/2017,AEG,NM,ASW,WE,Federal Contract Tower,0,2,13,0,15,0,0,39,2,41,0,2,52,2,56,42,8,50,106
05/17/2017,AEG,NM,ASW,WE,Federal Contract Tower,0,1,12,0,13,0,1,64,0,65,0,2,76,0,78,180,0,180,258
05/18/2017,AEG,NM,ASW,WE,Federal Contract Tower,0,2,2,0,4,0,2,47,0,49,0,4,49,0,53,92,0,92,145
05/19/2017,AEG,NM,ASW,WE,Federal Contract Tower,0,0,3,0,3,0,0,37,0,37,0,0,40,0,40,38,0,38,78
05/20/2017,AEG,NM,ASW,WE,Federal Contract Tower,0,2,5,2,9,0,1,104,0,105,0,3,109,2,114,130,0,130,244
05/21/2017,AEG,NM,ASW,WE,Federal Contract Tower,0,0,11,0,11,0,0,78,0,78,0,0,89,0,89,56,0,56,145
05/22/2017,AEG,NM,ASW,WE,Federal Contract Tower,0,4,6,0,10,0,0,46,2,48,0,4,52,2,58,78,2,80,138
05/23/2017,AEG,NM,ASW,WE,Federal Contract Tower,0,0,12,0,12,0,0,38,3,41,0,0,50,3,53,46,0,46,99
05/24/2017,AEG,NM,ASW,WE,Federal Contract Tower,0,2,5,2,9,0,2,70,4,76,0,4,75,6,85,74,28,102,187
05/25/2017,AEG,NM,ASW,WE,Federal Contract Tower,0,3,4,1,8,0,2,17,3,22,0,5,21,4,30,24,10,34,64
05/26/2017,AEG,NM,ASW,WE,Federal Contract Tower,0,0,9,0,9,0,0,71,0,71,0,0,80,0,80,92,0,92,172
05/27/2017,AEG,NM,ASW,WE,Federal Contract Tower,0,1,16,0,17,0,0,86,0,86,0,1,102,0,103,98,0,98,201
05/28/2017,AEG,NM,ASW,WE,Federal Contract Tower,0,1,3,0,4,0,0,52,0,52,0,1,55,0,56,118,0,118,174
05/29/2017,AEG,NM,ASW,WE,Federal Contract Tower,0,0,12,0,12,0,0,58,0,58,0,0,70,0,70,116,0,116,186
05/30/2017,AEG,NM,ASW,WE,Federal Contract Tower,0,0,4,1,5,0,0,48,7,55,0,0,52,8,60,198,40,238,298
05/31/2017,AEG,NM,ASW,WE,Federal Contract Tower,0,1,11,0,12,0,0,50,6,56,0,1,61,6,68,156,14,170,238
06/01/2017,AEG,NM,ASW,WE,Federal Contract Tower,0,0,4,0,4,0,1,75,2,78,0,1,79,2,82,128,0,128,210
06/02/2017,AEG,NM,ASW,WE,Federal Contract Tower,0,0,2,0,2,0,0,84,0,84,0,0,86,0,86,218,0,218,304
06/03/2017,AEG,NM,ASW,WE,Federal Contract Tower,0,0,8,0,8,0,1,111,0,112,0,1,119,0,120,128,0,128,248
06/04/2017,AEG,NM,ASW,WE,Federal Contract Tower,0,1,5,0,6,0,0,95,0,95,0,1,100,0,101,120,0,120,221
06/05/2017,AEG,NM,ASW,WE,Federal Contract Tower,0,1,8,0,9,0,1,88,0,89,0,2,96,0,98,324,0,324,422
06/06/2017,AEG,NM,ASW,WE,Federal Contract Tower,0,3,8,0,11,0,0,72,0,72,0,3,80,0,83,124,0,124,207
06/07/2017,AEG,NM,ASW,WE,Federal Contract Tower,0,0,3,4,7,0,3,60,4,67,0,3,63,8,74,128,14,142,216
06/08/2017,AEG,NM,ASW,WE,Federal Contract Tower,0,1,8,1,10,0,0,67,2,69,0,1,75,3,79,166,4,170,249
06/09/2017,AEG,NM,ASW,WE,Federal Contract Tower,0,0,4,6,10,0,0,102,0,102,0,0,106,6,112,162,8,170,282
06/10/2017,AEG,NM,ASW,WE,Federal Contract Tower,0,1,8,0,9,0,2,109,0,111,0,3,117,0,120,82,0,82,202
06/11/2017,AEG,NM,ASW,WE,Federal Contract Tower,0,2,6,1,9,0,2,75,0,77,0,4,81,1,86,136,0,136,222
06/12/2017,AEG,NM,ASW,WE,Federal Contract Tower,0,4,6,0,10,0,3,67,0,70,0,7,73,0,80,108,0,108,188
06/13/2017,AEG,NM,ASW,WE,Federal Contract Tower,0,4,16,0,20,0,5,41,0,46,0,9,57,0,66,80,0,80,146
06/14/2017,AEG,NM,ASW,WE,Federal Contract Tower,0,0,3,0,3,0,0,84,0,84,0,0,87,0,87,142,6,148,235
06/15/2017,AEG,NM,ASW,WE,Federal Contract Tower,0,2,9,0,11,0,0,89,2,91,0,2,98,2,102,134,16,150,252
06/16/2017,AEG,NM,ASW,WE,Federal Contract Tower,0,1,11,0,12,0,1,86,1,88,0,2,97,1,100,172,0,172,272
06/17/2017,AEG,NM,ASW,WE,Federal Contract Tower,0,0,5,0,5,0,0,45,0,45,0,0,50,0,50,66,0,66,116
06/18/2017,AEG,NM,ASW,WE,Federal Contract Tower,0,0,2,0,2,0,1,28,0,29,0,1,30,0,31,36,0,36,67
06/19/2017,AEG,NM,ASW,WE,Federal Contract Tower,0,0,10,0,10,0,2,37,3,42,0,2,47,3,52,92,42,134,186
06/20/2017,AEG,NM,ASW,WE,Federal Contract Tower,0,0,11,0,11,0,0,50,5,55,0,0,61,5,66,108,4,112,178
06/21/2017,AEG,NM,ASW,WE,Federal Contract Tower,0,0,8,0,8,0,0,71,4,75,0,0,79,4,83,88,2,90,173
06/22/2017,AEG,NM,ASW,WE,Federal Contract Tower,0,1,18,4,23,0,0,92,1,93,0,1,110,5,116,138,12,150,266
06/23/2017,AEG,NM,ASW,WE,Federal Contract Tower,0,1,10,0,11,0,0,59,0,59,0,1,69,0,70,109,0,109,179
06/24/2017,AEG,NM,ASW,WE,Federal Contract Tower,0,0,15,0,15,0,0,62,0,62,0,0,77,0,77,62,0,62,139
06/25/2017,AEG,NM,ASW,WE,Federal Contract Tower,0,1,10,0,11,0,0,45,0,45,0,1,55,0,56,94,0,94,150
06/26/2017,AEG,NM,ASW,WE,Federal Contract Tower,0,0,10,0,10,0,0,57,0,57,0,0,67,0,67,110,0,110,177
06/27/2017,AEG,NM,ASW,WE,Federal Contract Tower,0,0,8,1,9,0,0,49,3,52,0,0,57,4,61,64,0,64,125
06/28/2017,AEG,NM,ASW,WE,Federal Contract Tower,0,0,6,0,6,0,1,49,0,50,0,1,55,0,56,58,0,58,114
06/29/2017,AEG,NM,ASW,WE,Federal Contract Tower,0,0,7,0,7,0,2,53,1,56,0,2,60,1,63,100,0,100,163
06/30/2017,AEG,NM,ASW,WE,Federal Contract Tower,0,5,14,0,19,0,0,88,0,88,0,5,102,0,107,150,0,150,257
07/01/2017,AEG,NM,ASW,WE,Federal Contract Tower,0,0,13,0,13,0,2,33,0,35,0,2,46,0,48,34,0,34,82
07/02/2017,AEG,NM,ASW,WE,Federal Contract Tower,0,0,0,0,0,0,0,39,0,39,0,0,39,0,39,58,0,58,97
07/03/2017,AEG,NM,ASW,WE,Federal Contract Tower,0,0,2,0,2,0,0,61,0,61,0,0,63,0,63,108,0,108,171
07/04/2017,AEG,NM,ASW,WE,Federal Contract Tower,0,1,9,0,10,0,1,68,0,69,0,2,77,0,79,86,0,86,165
07/05/2017,AEG,NM,ASW,WE,Federal Contract Tower,0,0,4,1,5,0,0,28,2,30,0,0,32,3,35,28,2,30,65
07/06/2017,AEG,NM,ASW,WE,Federal Contract Tower,0,0,2,0,2,0,0,66,0,66,0,0,68,0,68,140,0,140,208
07/07/2017,AEG,NM,ASW,WE,Federal Contract Tower,0,0,5,0,5,0,1,69,4,74,0,1,74,4,79,166,18,184,263
07/08/2017,AEG,NM,ASW,WE,Federal Contract Tower,0,0,11,0,11,0,0,78,0,78,0,0,89,0,89,98,0,98,187
07/09/2017,AEG,NM,ASW,WE,Federal Contract Tower,0,0,5,0,5,0,0,65,1,66,0,0,70,1,71,94,0,94,165
07/10/2017,AEG,NM,ASW,WE,Federal Contract Tower,0,2,4,0,6,0,0,54,2,56,0,2,58,2,62,148,0,148,210
07/11/2017,AEG,NM,ASW,WE,Federal Contract Tower,0,0,6,0,6,0,0,38,0,38,0,0,44,0,44,102,0,102,146
07/12/2017,AEG,NM,ASW,WE,Federal Contract Tower,0,1,5,0,6,0,0,56,0,56,0,1,61,0,62,94,0,94,156
07/13/2017,AEG,NM,ASW,WE,Federal Contract Tower,0,0,1,1,2,0,1,48,2,51,0,1,49,3,53,106,6,112,165
07/14/2017,AEG,NM,ASW,WE,Federal Contract Tower,0,2,3,0,5,0,0,69,6,75,0,2,72,6,80,110,0,110,190
07/15/2017,AEG,NM,ASW,WE,Federal Contract Tower,0,0,1,0,1,0,0,88,0,88,0,0,89,0,89,138,0,138,227
07/16/2017,AEG,NM,ASW,WE,Federal Contract Tower,0,0,8,0,8,0,0,60,0,60,0,0,68,0,68,140,0,140,208
07/17/2017,AEG,NM,ASW,WE,Federal Contract Tower,0,5,2,0,7,0,3,42,5,50,0,8,44,5,57,122,6,128,185
07/18/2017,AEG,NM,ASW,WE,Federal Contract Tower,0,3,4,0,7,0,3,62,13,78,0,6,66,13,85,182,0,182,267
07/19/2017,AEG,NM,ASW,WE,Federal Contract Tower,0,4,12,6,22,0,4,58,3,65,0,8,70,9,87,78,6,84,171
07/20/2017,AEG,NM,ASW,WE,Federal Contract Tower,0,9,18,0,27,0,11,57,0,68,0,20,75,0,95,82,0,82,177
07/21/2017,AEG,NM,ASW,WE,Federal Contract Tower,0,1,8,0,9,0,0,82,4,86,0,1,90,4,95,148,0,148,243
07/22/2017,AEG,NM,ASW,WE,Federal Contract Tower,0,0,7,0,7,0,2,60,0,62,0,2,67,0,69,60,0,60,129
07/23/2017,AEG,NM,ASW,WE,Federal Contract Tower,0,0,3,0,3,0,0,39,0,39,0,0,42,0,42,56,0,56,98
07/24/2017,AEG,NM,ASW,WE,Federal Contract Tower,0,0,4,0,4,0,0,35,0,35,0,0,39,0,39,96,0,96,135
07/25/2017,AEG,NM,ASW,WE,Federal Contract Tower,0,1,5,1,7,0,1,49,3,53,0,2,54,4,60,134,18,152,212
07/26/2017,AEG,NM,ASW,WE,Federal Contract Tower,0,0,3,1,4,0,1,55,1,57,0,1,58,2,61,94,0,94,155
07/27/2017,AEG,NM,ASW,WE,Federal Contract Tower,0,0,2,0,2,0,0,16,0,16,0,0,18,0,18,42,0,42,60
07/28/2017,AEG,NM,ASW,WE,Federal Contract Tower,0,0,6,0,6,0,0,61,0,61,0,0,67,0,67,190,0,190,257
07/29/2017,AEG,NM,ASW,WE,Federal Contract Tower,0,2,0,0,2,0,0,74,2,76,0,2,74,2,78,78,0,78,156
07/30/2017,AEG,NM,ASW,WE,Federal Contract Tower,0,0,5,1,6,0,0,61,5,66,0,0,66,6,72,116,48,164,236
07/31/2017,AEG,NM,ASW,WE,Federal Contract Tower,0,3,7,1,11,0,2,41,0,43,0,5,48,1,54,32,20,52,106
08/01/2017,AEG,NM,ASW,WE,Federal Contract Tower,0,0,7,0,7,0,0,43,1,44,0,0,50,1,51,56,0,56,107
08/02/2017,AEG,NM,ASW,WE,Federal Contract Tower,0,0,5,0,5,0,0,66,0,66,0,0,71,0,71,90,0,90,161
08/03/2017,AEG,NM,ASW,WE,Federal Contract Tower,0,2,8,0,10,0,0,69,7,76,0,2,77,7,86,126,6,132,218
08/04/2017,AEG,NM,ASW,WE,Federal Contract Tower,0,0,11,0,11,0,0,58,0,58,0,0,69,0,69,128,0,128,197
08/05/2017,AEG,NM,ASW,WE,Federal Contract Tower,0,0,4,0,4,0,0,51,3,54,0,0,55,3,58,74,18,92,150
08/06/2017,AEG,NM,ASW,WE,Federal Contract Tower,0,1,21,0,22,0,0,56,4,60,0,1,77,4,82,114,12,126,208
08/07/2017,AEG,NM,ASW,WE,Federal Contract Tower,0,0,1,2,3,0,2,64,4,70,0,2,65,6,73,124,0,124,197
08/08/2017,AEG,NM,ASW,WE,Federal Contract Tower,0,3,5,0,8,0,2,47,2,51,0,5,52,2,59,89,0,89,148
08/09/2017,AEG,NM,ASW,WE,Federal Contract Tower,0,1,16,0,17,0,1,63,9,73,0,2,79,9,90,110,14,124,214
08/10/2017,AEG,NM,ASW,WE,Federal Contract Tower,0,5,12,2,19,0,1,57,3,61,0,6,69,5,80,54,10,64,144
08/11/2017,AEG,NM,ASW,WE,Federal Contract Tower,0,0,8,0,8,0,2,53,6,61,0,2,61,6,69,122,0,122,191
08/12/2017,AEG,NM,ASW,WE,Federal Contract Tower,0,1,11,0,12,0,0,78,7,85,0,1,89,7,97,110,10,120,217
08/13/2017,AEG,NM,ASW,WE,Federal Contract Tower,0,0,4,0,4,0,0,59,9,68,0,0,63,9,72,186,38,224,296
08/14/2017,AEG,NM,ASW,WE,Federal Contract Tower,0,2,6,0,8,0,5,48,3,56,0,7,54,3,64,88,26,114,178
08/15/2017,AEG,NM,ASW,WE,Federal Contract Tower,0,2,8,0,10,0,1,47,4,52,0,3,55,4,62,44,2,46,108
08/16/2017,AEG,NM,ASW,WE,Federal Contract Tower,0,0,16,0,16,0,0,62,5,67,0,0,78,5,83,88,2,90,173
08/17/2017,AEG,NM,ASW,WE,Federal Contract Tower,0,2,9,0,11,0,0,58,6,64,0,2,67,6,75,104,18,122,197
08/18/2017,AEG,NM,ASW,WE,Federal Contract Tower,0,0,12,0,12,0,0,66,9,75,0,0,78,9,87,116,4,120,207
08/19/2017,AEG,NM,ASW,WE,Federal Contract Tower,0,0,0,0,0,0,0,84,2,86,0,0,84,2,86,80,0,80,166
08/20/2017,AEG,NM,ASW,WE,Federal Contract Tower,0,0,9,0,9,0,0,49,1,50,0,0,58,1,59,132,0,132,191
08/21/2017,AEG,NM,ASW,WE,Federal Contract Tower,0,0,6,0,6,0,2,35,4,41,0,2,41,4,47,48,8,56,103
08/22/2017,AEG,NM,ASW,WE,Federal Contract Tower,0,0,8,0,8,0,0,43,3,46,0,0,51,3,54,90,16,106,160
08/23/2017,AEG,NM,ASW,WE,Federal Contract Tower,0,0,10,0,10,0,2,55,2,59,0,2,65,2,69,76,4,80,149
08/24/2017,AEG,NM,ASW,WE,Federal Contract Tower,0,3,4,0,7,0,0,59,3,62,0,3,63,3,69,108,24,132,201
08/25/2017,AEG,NM,ASW,WE,Federal Contract Tower,0,0,11,0,11,0,0,63,4,67,0,0,74,4,78,96,0,96,174
08/26/2017,AEG,NM,ASW,WE,Federal Contract Tower,0,0,4,1,5,0,0,128,7,135,0,0,132,8,140,53,12,65,205
08/27/2017,AEG,NM,ASW,WE,Federal Contract Tower,0,0,4,0,4,0,0,80,0,80,0,0,84,0,84,74,0,74,158
08/28/2017,AEG,NM,ASW,WE,Federal Contract Tower,0,0,2,1,3,0,4,54,2,60,0,4,56,3,63,100,18,118,181
08/29/2017,AEG,NM,ASW,WE,Federal Contract Tower,0,0,3,0,3,0,6,69,2,77,0,6,72,2,80,114,4,118,198
08/30/2017,AEG,NM,ASW,WE,Federal Contract Tower,0,4,2,1,7,0,0,62,1,63,0,4,64,2,70,136,2,138,208
08/31/2017,AEG,NM,ASW,WE,Federal Contract Tower,0,2,1,0,3,0,0,70,2,72,0,2,71,2,75,154,18,172,247
09/01/2017,AEG,NM,ASW,WE,Federal Contract Tower,0,0,14,0,14,0,0,72,3,75,0,0,86,3,89,118,0,118,207
09/02/2017,AEG,NM,ASW,WE,Federal Contract Tower,0,2,9,0,11,0,0,68,0,68,0,2,77,0,79,68,0,68,147
09/03/2017,AEG,NM,ASW,WE,Federal Contract Tower,0,0,10,0,10,0,0,53,0,53,0,0,63,0,63,118,0,118,181
09/04/2017,AEG,NM,ASW,WE,Federal Contract Tower,0,0,2,0,2,0,0,56,0,56,0,0,58,0,58,110,0,110,168
09/05/2017,AEG,NM,ASW,WE,Federal Contract Tower,0,0,4,0,4,0,0,47,0,47,0,0,51,0,51,106,0,106,157
09/06/2017,AEG,NM,ASW,WE,Federal Contract Tower,0,1,3,1,5,0,0,43,5,48,0,1,46,6,53,76,0,76,129
09/07/2017,AEG,NM,ASW,WE,Federal Contract Tower,0,1,9,0,10,0,1,49,6,56,0,2,58,6,66,136,28,164,230
09/08/2017,AEG,NM,ASW,WE,Federal Contract Tower,0,1,11,0,12,0,0,69,0,69,0,1,80,0,81,84,0,84,165
09/09/2017,AEG,NM,ASW,WE,Federal Contract Tower,0,2,9,0,11,0,0,153,0,153,0,2,162,0,164,74,0,74,238
09/10/2017,AEG,NM,ASW,WE,Federal Contract Tower,0,4,7,0,11,0,0,84,0,84,0,4,91,0,95,112,0,112,207
09/11/2017,AEG,NM,ASW,WE,Federal Contract Tower,0,0,8,0,8,0,0,47,2,49,0,0,55,2,57,94,34,128,185
09/12/2017,AEG,NM,ASW,WE,Federal Contract Tower,0,0,21,2,23,0,0,68,2,70,0,0,89,4,93,114,22,136,229
09/13/2017,AEG,NM,ASW,WE,Federal Contract Tower,0,2,6,0,8,0,2,55,0,57,0,4,61,0,65,50,0,50,115
09/14/2017,AEG,NM,ASW,WE,Federal Contract Tower,0,5,10,0,15,0,4,47,2,53,0,9,57,2,68,68,0,68,136
09/15/2017,AEG,NM,ASW,WE,Federal Contract Tower,0,0,5,0,5,0,0,52,0,52,0,0,57,0,57,96,0,96,153
09/16/2017,AEG,NM,ASW,WE,Federal Contract Tower,0,1,9,0,10,0,0,83,0,83,0,1,92,0,93,84,0,84,177
09/17/2017,AEG,NM,ASW,WE,Federal Contract Tower,0,0,8,0,8,0,0,44,0,44,0,0,52,0,52,58,0,58,110
09/18/2017,AEG,NM,ASW,WE,Federal Contract Tower,0,1,11,0,12,0,5,51,3,59,0,6,62,3,71,140,12,152,223
09/19/2017,AEG,NM,ASW,WE,Federal Contract Tower,0,2,6,1,9,0,2,24,1,27,0,4,30,2,36,48,28,76,112
09/20/2017,AEG,NM,ASW,WE,Federal Contract Tower,0,1,8,1,10,0,6,45,2,53,0,7,53,3,63,82,12,94,157
09/21/2017,AEG,NM,ASW,WE,Federal Contract Tower,0,0,7,1,8,0,9,55,3,67,0,9,62,4,75,132,0,132,207
09/22/2017,AEG,NM,ASW,WE,Federal Contract Tower,0,1,16,3,20,0,0,55,6,61,0,1,71,9,81,60,2,62,143
09/23/2017,AEG,NM,ASW,WE,Federal Contract Tower,0,0,3,0,3,0,0,36,0,36,0,0,39,0,39,10,0,10,49
09/24/2017,AEG,NM,ASW,WE,Federal Contract Tower,0,0,20,0,20,0,0,75,1,76,0,0,95,1,96,76,0,76,172
09/25/2017,AEG,NM,ASW,WE,Federal Contract Tower,0,2,14,0,16,0,7,45,2,54,0,9,59,2,70,82,0,82,152
09/26/2017,AEG,NM,ASW,WE,Federal Contract Tower,0,0,10,0,10,0,14,13,1,28,0,14,23,1,38,52,0,52,90
09/27/2017,AEG,NM,ASW,WE,Federal Contract Tower,0,0,1,0,1,0,6,15,2,23,0,6,16,2,24,20,0,20,44
09/28/2017,AEG,NM,ASW,WE,Federal Contract Tower,0,1,17,0,18,0,0,30,0,30,0,1,47,0,48,52,0,52,100
09/29/2017,AEG,NM,ASW,WE,Federal Contract Tower,0,0,11,6,17,0,0,24,1,25,0,0,35,7,42,26,26,52,94
09/30/2017,AEG,NM,ASW,WE,Federal Contract Tower,0,2,3,0,5,0,0,39,0,39,0,2,42,0,44,86,0,86,130
10/01/2017,AEG,NM,ASW,WE,Federal Contract Tower,0,4,14,0,18,0,5,69,0,74,0,9,83,0,92,96,0,96,188
10/02/2017,AEG,NM,ASW,WE,Federal Contract Tower,0,2,15,0,17,0,0,50,1,51,0,2,65,1,68,64,0,64,132
10/03/2017,AEG,NM,ASW,WE,Federal Contract Tower,0,2,2,1,5,0,9,59,7,75,0,11,61,8,80,170,8,178,258
10/04/2017,AEG,NM,ASW,WE,Federal Contract Tower,0,0,4,4,8,0,0,17,4,21,0,0,21,8,29,54,4,58,87
10/05/2017,AEG,NM,ASW,WE,Federal Contract Tower,0,0,7,0,7,0,0,40,8,48,0,0,47,8,55,72,12,84,139
10/06/2017,AEG,NM,ASW,WE,Federal Contract Tower,0,0,15,0,15,0,2,39,3,44,0,2,54,3,59,28,0,28,87
10/07/2017,AEG,NM,ASW,WE,Federal Contract Tower,0,0,7,0,7,0,0,116,0,116,0,0,123,0,123,130,0,130,253
10/08/2017,AEG,NM,ASW,WE,Federal Contract Tower,0,2,7,0,9,0,0,63,0,63,0,2,70,0,72,36,0,36,108
10/09/2017,AEG,NM,ASW,WE,Federal Contract Tower,0,0,10,0,10,0,0,33,0,33,0,0,43,0,43,34,0,34,77
10/10/2017,AEG,NM,ASW,WE,Federal Contract Tower,0,1,14,2,17,0,0,88,5,93,0,1,102,7,110,127,26,153,263
10/11/2017,AEG,NM,ASW,WE,Federal Contract Tower,0,1,7,0,8,0,0,60,2,62,0,1,67,2,70,50,8,58,128
10/12/2017,AEG,NM,ASW,WE,Federal Contract Tower,0,0,18,0,18,0,0,91,5,96,0,0,109,5,114,98,12,110,224
10/13/2017,AEG,NM,ASW,WE,Federal Contract Tower,0,2,12,0,14,0,0,94,0,94,0,2,106,0,108,74,0,74,182
10/14/2017,AEG,NM,ASW,WE,Federal Contract Tower,0,0,5,0,5,0,0,88,14,102,0,0,93,14,107,50,0,50,157
10/15/2017,AEG,NM,ASW,WE,Federal Contract Tower,0,0,7,1,8,0,0,93,6,99,0,0,100,7,107,107,0,107,214
10/16/2017,AEG,NM,ASW,WE,Federal Contract Tower,0,5,6,0,11,0,1,63,5,69,0,6,69,5,80,184,0,184,264
10/17/2017,AEG,NM,ASW,WE,Federal Contract Tower,0,2,8,0,10,0,0,57,11,68,0,2,65,11,78,86,24,110,188
10/18/2017,AEG,NM,ASW,WE,Federal Contract Tower,0,0,11,2,13,0,0,92,5,97,0,0,103,7,110,198,2,200,310
10/19/2017,AEG,NM,ASW,WE,Federal Contract Tower,0,1,15,0,16,0,0,67,0,67,0,1,82,0,83,120,0,120,203
10/20/2017,AEG,NM,ASW,WE,Federal Contract Tower,0,0,9,1,10,0,0,73,5,78,0,0,82,6,88,146,22,168,256
10/21/2017,AEG,NM,ASW,WE,Federal Contract Tower,0,0,4,0,4,0,0,2,45,47,0,0,6,45,51,56,0,56,107
10/22/2017,AEG,NM,ASW,WE,Federal Contract Tower,0,0,8,0,8,0,0,84,0,84,0,0,92,0,92,146,0,146,238
10/23/2017,AEG,NM,ASW,WE,Federal Contract Tower,0,0,6,0,6,0,1,64,5,70,0,1,70,5,76,188,36,224,300
10/24/2017,AEG,NM,ASW,WE,Federal Contract Tower,0,1,13,0,14,0,0,56,6,62,0,1,69,6,76,70,6,76,152
10/25/2017,AEG,NM,ASW,WE,Federal Contract Tower,0,1,10,0,11,0,0,79,0,79,0,1,89,0,90,156,0,156,246
10/26/2017,AEG,NM,ASW,WE,Federal Contract Tower,0,0,11,0,11,0,0,63,2,65,0,0,74,2,76,84,0,84,160
10/27/2017,AEG,NM,ASW,WE,Federal Contract Tower,0,4,15,0,19,0,0,70,1,71,0,4,85,1,90,132,0,132,222
10/28/2017,AEG,NM,ASW,WE,Federal Contract Tower,0,3,9,0,12,0,0,86,2,88,0,3,95,2,100,118,0,118,218
10/29/2017,AEG,NM,ASW,WE,Federal Contract Tower,0,2,10,0,12,0,2,73,0,75,0,4,83,0,87,98,0,98,185
10/30/2017,AEG,NM,ASW,WE,Federal Contract Tower,0,0,7,0,7,0,0,65,0,65,0,0,72,0,72,92,0,92,164
10/31/2017,AEG,NM,ASW,WE,Federal Contract Tower,0,0,4,0,4,0,0,38,0,38,0,0,42,0,42,92,0,92,134
11/01/2017,AEG,NM,ASW,WE,Federal Contract Tower,0,2,19,0,21,0,1,46,2,49,0,3,65,2,70,44,0,44,114
11/02/2017,AEG,NM,ASW,WE,Federal Contract Tower,0,0,17,0,17,0,1,72,4,77,0,1,89,4,94,166,0,166,260
11/03/2017,AEG,NM,ASW,WE,Federal Contract Tower,0,0,11,2,13,0,4,79,4,87,0,4,90,6,100,118,2,120,220
11/04/2017,AEG,NM,ASW,WE,Federal Contract Tower,0,0,3,0,3,0,0,179,0,179,0,0,182,0,182,26,0,26,208
11/05/2017,AEG,NM,ASW,WE,Federal Contract Tower,0,0,7,0,7,0,0,18,0,18,0,0,25,0,25,2,0,2,27
11/06/2017,AEG,NM,ASW,WE,Federal Contract Tower,0,0,10,0,10,0,0,57,2,59,0,0,67,2,69,214,22,236,305
11/07/2017,AEG,NM,ASW,WE,Federal Contract Tower,0,0,13,0,13,0,0,30,3,33,0,0,43,3,46,22,6,28,74
11/08/2017,AEG,NM,ASW,WE,Federal Contract Tower,0,2,7,0,9,0,0,67,3,70,0,2,74,3,79,114,4,118,197
11/09/2017,AEG,NM,ASW,WE,Federal Contract Tower,0,0,16,0,16,0,0,107,7,114,0,0,123,7,130,126,0,126,256
11/10/2017,AEG,NM,ASW,WE,Federal Contract Tower,0,2,23,0,25,0,1,75,4,80,0,3,98,4,105,126,0,126,231
11/11/2017,AEG,NM,ASW,WE,Federal Contract Tower,0,1,13,0,14,0,7,79,2,88,0,8,92,2,102,162,10,172,274
11/12/2017,AEG,NM,ASW,WE,Federal Contract Tower,0,0,9,0,9,0,0,75,5,80,0,0,84,5,89,86,0,86,175
11/13/2017,AEG,NM,ASW,WE,Federal Contract Tower,0,0,6,0,6,0,0,47,1,48,0,0,53,1,54,110,0,110,164
11/14/2017,AEG,NM,ASW,WE,Federal Contract Tower,0,0,3,0,3,0,2,44,9,55,0,2,47,9,58,110,34,144,202
11/15/2017,AEG,NM,ASW,WE,Federal Contract Tower,0,4,11,2,17,0,4,58,1,63,0,8,69,3,80,90,0,90,170
11/16/2017,AEG,NM,ASW,WE,Federal Contract Tower,0,5,2,1,8,0,5,60,9,74,0,10,62,10,82,102,20,122,204
11/17/2017,AEG,NM,ASW,WE,Federal Contract Tower,0,0,8,0,8,0,0,17,4,21,0,0,25,4,29,4,0,4,33
11/18/2017,AEG,NM,ASW,WE,Federal Contract Tower,0,0,4,0,4,0,0,45,1,46,0,0,49,1,50,34,0,34,84
11/19/2017,AEG,NM,ASW,WE,Federal Contract Tower,0,0,11,0,11,0,0,71,6,77,0,0,82,6,88,146,14,160,248
11/20/2017,AEG,NM,ASW,WE,Federal Contract Tower,0,2,7,0,9,0,0,65,5,70,0,2,72,5,79,170,0,170,249
11/21/2017,AEG,NM,ASW,WE,Federal Contract Tower,0,3,13,0,16,0,2,29,3,34,0,5,42,3,50,26,18,44,94
11/22/2017,AEG,NM,ASW,WE,Federal Contract Tower,0,0,3,0,3,0,0,81,2,83,0,0,84,2,86,92,16,108,194
11/23/2017,AEG,NM,ASW,WE,Federal Contract Tower,0,0,1,0,1,0,0,47,0,47,0,0,48,0,48,16,0,16,64
11/24/2017,AEG,NM,ASW,WE,Federal Contract Tower,0,0,6,0,6,0,0,92,0,92,0,0,98,0,98,68,0,68,166
11/25/2017,AEG,NM,ASW,WE,Federal Contract Tower,0,0,2,0,2,0,0,85,0,85,0,0,87,0,87,44,0,44,131
11/26/2017,AEG,NM,ASW,WE,Federal Contract Tower,0,0,9,0,9,0,0,88,0,88,0,0,97,0,97,176,0,176,273
11/27/2017,AEG,NM,ASW,WE,Federal Contract Tower,0,0,1,2,3,0,0,47,2,49,0,0,48,4,52,104,6,110,162
11/28/2017,AEG,NM,ASW,WE,Federal Contract Tower,0,2,10,0,12,0,1,48,2,51,0,3,58,2,63,64,0,64,127
11/29/2017,AEG,NM,ASW,WE,Federal Contract Tower,0,5,7,0,12,0,0,65,2,67,0,5,72,2,79,146,0,146,225
11/30/2017,AEG,NM,ASW,WE,Federal Contract Tower,0,0,18,0,18,0,0,53,3,56,0,0,71,3,74,190,0,190,264
12/01/2017,AEG,NM,ASW,WE,Federal Contract Tower,0,1,1,0,2,0,1,60,13,74,0,2,61,13,76,64,24,88,164
12/02/2017,AEG,NM,ASW,WE,Federal Contract Tower,0,1,4,1,6,0,0,73,7,80,0,1,77,8,86,82,0,82,168
12/03/2017,AEG,NM,ASW,WE,Federal Contract Tower,0,0,7,0,7,0,0,43,3,46,0,0,50,3,53,40,0,40,93
12/04/2017,AEG,NM,ASW,WE,Federal Contract Tower,0,0,3,0,3,0,0,11,9,20,0,0,14,9,23,24,0,24,47
12/05/2017,AEG,NM,ASW,WE,Federal Contract Tower,0,0,9,0,9,0,2,34,5,41,0,2,43,5,50,26,0,26,76
12/06/2017,AEG,NM,ASW,WE,Federal Contract Tower,0,2,8,1,11,0,2,36,7,45,0,4,44,8,56,84,12,96,152
12/07/2017,AEG,NM,ASW,WE,Federal Contract Tower,0,1,9,2,12,0,4,31,5,40,0,5,40,7,52,38,0,38,90
12/08/2017,AEG,NM,ASW,WE,Federal Contract Tower,0,0,6,0,6,0,0,57,1,58,0,0,63,1,64,104,0,104,168
12/09/2017,AEG,NM,ASW,WE,Federal Contract Tower,0,0,6,0,6,0,3,110,3,116,0,3,116,3,122,84,22,106,228
12/10/2017,AEG,NM,ASW,WE,Federal Contract Tower,0,1,6,0,7,0,0,63,0,63,0,1,69,0,70,44,0,44,114
12/11/2017,AEG,NM,ASW,WE,Federal Contract Tower,0,2,5,0,7,0,0,31,4,35,0,2,36,4,42,42,10,52,94
12/12/2017,AEG,NM,ASW,WE,Federal Contract Tower,0,0,7,0,7,0,0,54,0,54,0,0,61,0,61,70,0,70,131
12/13/2017,AEG,NM,ASW,WE,Federal Contract Tower,0,1,6,0,7,0,1,55,1,57,0,2,61,1,64,130,0,130,194
12/14/2017,AEG,NM,ASW,WE,Federal Contract Tower,0,4,4,0,8,0,0,16,4,20,0,4,20,4,28,32,0,32,60
12/15/2017,AEG,NM,ASW,WE,Federal Contract Tower,0,0,20,1,21,0,2,84,0,86,0,2,104,1,107,212,10,222,329
12/16/2017,AEG,NM,ASW,WE,Federal Contract Tower,0,0,3,0,3,0,0,51,0,51,0,0,54,0,54,118,0,118,172
12/17/2017,AEG,NM,ASW,WE,Federal Contract Tower,0,1,10,0,11,0,0,33,0,33,0,1,43,0,44,62,0,62,106
12/18/2017,AEG,NM,ASW,WE,Federal Contract Tower,0,0,4,0,4,0,0,45,3,48,0,0,49,3,52,172,12,184,236
12/19/2017,AEG,NM,ASW,WE,Federal Contract Tower,0,6,10,0,16,0,0,48,2,50,0,6,58,2,66,134,0,134,200
12/20/2017,AEG,NM,ASW,WE,Federal Contract Tower,0,2,14,2,18,0,1,72,4,77,0,3,86,6,95,166,22,188,283
12/21/2017,AEG,NM,ASW,WE,Federal Contract Tower,0,10,10,1,21,0,2,56,0,58,0,12,66,1,79,78,0,78,157
12/22/2017,AEG,NM,ASW,WE,Federal Contract Tower,0,0,11,0,11,0,0,44,1,45,0,0,55,1,56,90,10,100,156
12/23/2017,AEG,NM,ASW,WE,Federal Contract Tower,0,0,6,0,6,0,0,49,0,49,0,0,55,0,55,126,0,126,181
12/24/2017,AEG,NM,ASW,WE,Federal Contract Tower,0,0,1,0,1,0,0,22,0,22,0,0,23,0,23,6,0,6,29
12/25/2017,AEG,NM,ASW,WE,Federal Contract Tower,0,0,0,0,0,0,0,3,0,3,0,0,3,0,3,0,0,0,3
12/26/2017,AEG,NM,ASW,WE,Federal Contract Tower,0,0,16,0,16,0,0,52,0,52,0,0,68,0,68,120,0,120,188
12/27/2017,AEG,NM,ASW,WE,Federal Contract Tower,0,0,4,1,5,0,0,70,1,71,0,0,74,2,76,60,2,62,138
12/28/2017,AEG,NM,ASW,WE,Federal Contract Tower,0,4,5,0,9,0,0,68,0,68,0,4,73,0,77,108,0,108,185
12/29/2017,AEG,NM,ASW,WE,Federal Contract Tower,0,0,9,0,9,0,0,62,0,62,0,0,71,0,71,130,0,130,201
12/30/2017,AEG,NM,ASW,WE,Federal Contract Tower,0,0,5,0,5,0,0,51,0,51,0,0,56,0,56,52,0,52,108
12/31/2017,AEG,NM,ASW,WE,Federal Contract Tower,0,0,11,0,11,0,0,59,0,59,0,0,70,0,70,58,0,58,128
01/01/2018,AEG,NM,ASW,WE,Federal Contract Tower,0,0,1,0,1,0,0,27,0,27,0,0,28,0,28,28,0,28,56
01/02/2018,AEG,NM,ASW,WE,Federal Contract Tower,0,0,5,0,5,0,0,38,0,38,0,0,43,0,43,44,0,44,87
01/03/2018,AEG,NM,ASW,WE,Federal Contract Tower,0,1,5,0,6,0,0,55,3,58,0,1,60,3,64,30,36,66,130
01/04/2018,AEG,NM,ASW,WE,Federal Contract Tower,0,0,7,0,7,0,0,49,0,49,0,0,56,0,56,52,0,52,108
01/05/2018,AEG,NM,ASW,WE,Federal Contract Tower,0,0,6,0,6,0,0,70,4,74,0,0,76,4,80,38,18,56,136
01/06/2018,AEG,NM,ASW,WE,Federal Contract Tower,0,5,17,0,22,0,0,91,0,91,0,5,108,0,113,190,0,190,303
01/07/2018,AEG,NM,ASW,WE,Federal Contract Tower,0,0,1,0,1,0,0,9,2,11,0,0,10,2,12,6,0,6,18
01/08/2018,AEG,NM,ASW,WE,Federal Contract Tower,0,1,4,0,5,0,0,39,0,39,0,1,43,0,44,60,0,60,104
01/09/2018,AEG,NM,ASW,WE,Federal Contract Tower,0,3,12,1,16,0,2,45,3,50,0,5,57,4,66,54,0,54,120
01/10/2018,AEG,NM,ASW,WE,Federal Contract Tower,0,0,1,1,2,0,0,5,0,5,0,0,6,1,7,22,2,24,31
01/11/2018,AEG,NM,ASW,WE,Federal Contract Tower,0,3,2,0,5,0,2,25,0,27,0,5,27,0,32,2,0,2,34
01/12/2018,AEG,NM,ASW,WE,Federal Contract Tower,0,0,10,0,10,0,0,83,0,83,0,0,93,0,93,98,0,98,191
01/13/2018,AEG,NM,ASW,WE,Federal Contract Tower,0,1,7,0,8,0,0,87,0,87,0,1,94,0,95,82,0,82,177
01/14/2018,AEG,NM,ASW,WE,Federal Contract Tower,0,0,5,0,5,0,0,76,0,76,0,0,81,0,81,82,0,82,163
01/15/2018,AEG,NM,ASW,WE,Federal Contract Tower,0,0,12,0,12,0,0,62,0,62,0,0,74,0,74,34,0,34,108
01/16/2018,AEG,NM,ASW,WE,Federal Contract Tower,0,0,6,1,7,0,0,33,5,38,0,0,39,6,45,46,18,64,109
01/17/2018,AEG,NM,ASW,WE,Federal Contract Tower,0,0,3,1,4,0,0,50,5,55,0,0,53,6,59,102,20,122,181
01/18/2018,AEG,NM,ASW,WE,Federal Contract Tower,0,1,13,2,16,0,0,57,0,57,0,1,70,2,73,94,0,94,167
01/19/2018,AEG,NM,ASW,WE,Federal Contract Tower,0,1,7,3,11,0,0,72,1,73,0,1,79,4,84,224,0,224,308
01/20/2018,AEG,NM,ASW,WE,Federal Contract Tower,0,0,5,0,5,0,0,71,0,71,0,0,76,0,76,110,10,120,196
01/21/2018,AEG,NM,ASW,WE,Federal Contract Tower,0,1,5,0,6,0,0,15,0,15,0,1,20,0,21,0,0,0,21
01/22/2018,AEG,NM,ASW,WE,Federal Contract Tower,0,0,5,0,5,0,0,35,4,39,0,0,40,4,44,52,18,70,114
01/23/2018,AEG,NM,ASW,WE,Federal Contract Tower,0,0,5,0,5,0,0,52,4,56,0,0,57,4,61,146,30,176,237
01/24/2018,AEG,NM,ASW,WE,Federal Contract Tower,0,0,8,0,8,0,0,75,0,75,0,0,83,0,83,160,0,160,243
01/25/2018,AEG,NM,ASW,WE,Federal Contract Tower,0,0,8,0,8,0,0,57,0,57,0,0,65,0,65,50,0,50,115
01/26/2018,AEG,NM,ASW,WE,Federal Contract Tower,0,7,4,0,11,0,2,61,0,63,0,9,65,0,74,74,2,76,150
01/27/2018,AEG,NM,ASW,WE,Federal Contract Tower,0,1,8,0,9,0,2,88,0,90,0,3,96,0,99,138,0,138,237
01/28/2018,AEG,NM,ASW,WE,Federal Contract Tower,0,3,6,0,9,0,0,26,0,26,0,3,32,0,35,42,0,42,77
01/29/2018,AEG,NM,ASW,WE,Federal Contract Tower,0,0,6,0,6,0,0,52,0,52,0,0,58,0,58,130,0,130,188
01/30/2018,AEG,NM,ASW,WE,Federal Contract Tower,0,0,10,1,11,0,0,75,4,79,0,0,85,5,90,106,34,140,230
01/31/2018,AEG,NM,ASW,WE,Federal Contract Tower,0,0,26,4,30,0,1,80,0,81,0,1,106,4,111,122,0,122,233
02/01/2018,AEG,NM,ASW,WE,Federal Contract Tower,0,0,9,2,11,0,0,52,2,54,0,0,61,4,65,64,0,64,129
02/02/2018,AEG,NM,ASW,WE,Federal Contract Tower,0,0,9,0,9,0,0,77,1,78,0,0,86,1,87,138,0,138,225
02/03/2018,AEG,NM,ASW,WE,Federal Contract Tower,0,1,14,0,15,0,0,33,6,39,0,1,47,6,54,8,0,8,62
02/04/2018,AEG,NM,ASW,WE,Federal Contract Tower,0,2,12,1,15,0,0,57,3,60,0,2,69,4,75,98,0,98,173
02/05/2018,AEG,NM,ASW,WE,Federal Contract Tower,0,0,8,0,8,0,0,58,3,61,0,0,66,3,69,82,18,100,169
02/06/2018,AEG,NM,ASW,WE,Federal Contract Tower,0,0,1,0,1,0,0,23,6,29,0,0,24,6,30,14,22,36,66
02/07/2018,AEG,NM,ASW,WE,Federal Contract Tower,0,0,9,0,9,0,1,48,0,49,0,1,57,0,58,58,0,58,116
02/08/2018,AEG,NM,ASW,WE,Federal Contract Tower,0,0,12,0,12,0,0,71,3,74,0,0,83,3,86,156,8,164,250
02/09/2018,AEG,NM,ASW,WE,Federal Contract Tower,0,0,6,0,6,0,0,69,2,71,0,0,75,2,77,116,0,116,193
02/10/2018,AEG,NM,ASW,WE,Federal Contract Tower,0,0,6,0,6,0,0,30,4,34,0,0,36,4,40,44,0,44,84
02/11/2018,AEG,NM,ASW,WE,Federal Contract Tower,0,2,4,10,16,0,0,65,0,65,0,2,69,10,81,176,0,176,257
02/12/2018,AEG,NM,ASW,WE,Federal Contract Tower,0,0,1,0,1,0,0,19,1,20,0,0,20,1,21,4,8,12,33
02/13/2018,AEG,NM,ASW,WE,Federal Contract Tower,0,2,14,1,17,0,1,54,2,57,0,3,68,3,74,70,4,74,148
02/14/2018,AEG,NM,ASW,WE,Federal Contract Tower,0,5,5,0,10,0,1,51,4,56,0,6,56,4,66,62,32,94,160
02/15/2018,AEG,NM,ASW,WE,Federal Contract Tower,0,0,5,2,7,0,0,19,8,27,0,0,24,10,34,4,44,48,82
02/16/2018,AEG,NM,ASW,WE,Federal Contract Tower,0,0,15,0,15,0,0,63,3,66,0,0,78,3,81,154,0,154,235
02/17/2018,AEG,NM,ASW,WE,Federal Contract Tower,0,0,7,0,7,0,0,88,1,89,0,0,95,1,96,168,0,168,264
02/18/2018,AEG,NM,ASW,WE,Federal Contract Tower,0,1,9,0,10,0,0,34,0,34,0,1,43,0,44,32,0,32,76
02/19/2018,AEG,NM,ASW,WE,Federal Contract Tower,0,0,5,0,5,0,2,4,0,6,0,2,9,0,11,0,0,0,11
02/20/2018,AEG,NM,ASW,WE,Federal Contract Tower,0,2,13,0,15,0,3,22,1,26,0,5,35,1,41,38,0,38,79
02/21/2018,AEG,NM,ASW,WE,Federal Contract Tower,0,0,8,0,8,0,0,29,6,35,0,0,37,6,43,48,0,48,91
02/22/2018,AEG,NM,ASW,WE,Federal Contract Tower,0,0,15,0,15,0,0,13,0,13,0,0,28,0,28,0,0,0,28
02/23/2018,AEG,NM,ASW,WE,Federal Contract Tower,0,0,6,0,6,0,0,63,0,63,0,0,69,0,69,108,0,108,177
02/24/2018,AEG,NM,ASW,WE,Federal Contract Tower,0,1,2,0,3,0,1,22,0,23,0,2,24,0,26,38,0,38,64
02/25/2018,AEG,NM,ASW,WE,Federal Contract Tower,0,1,4,0,5,0,4,27,0,31,0,5,31,0,36,26,0,26,62
02/26/2018,AEG,NM,ASW,WE,Federal Contract Tower,0,2,3,0,5,0,0,55,4,59,0,2,58,4,64,82,0,82,146
02/27/2018,AEG,NM,ASW,WE,Federal Contract Tower,0,2,10,0,12,0,0,51,4,55,0,2,61,4,67,91,10,101,168
02/28/2018,AEG,NM,ASW,WE,Federal Contract Tower,0,0,9,0,9,0,0,30,3,33,0,0,39,3,42,24,22,46,88
03/01/2018,AEG,NM,ASW,WE,Federal Contract Tower,0,1,9,2,12,0,0,74,12,86,0,1,83,14,98,84,0,84,182
03/02/2018,AEG,NM,ASW,WE,Federal Contract Tower,0,0,8,0,8,0,2,74,1,77,0,2,82,1,85,158,2,160,245
03/03/2018,AEG,NM,ASW,WE,Federal Contract Tower,0,6,11,2,19,0,0,108,1,109,0,6,119,3,128,232,0,232,360
03/04/2018,AEG,NM,ASW,WE,Federal Contract Tower,0,0,2,0,2,0,0,16,1,17,0,0,18,1,19,48,0,48,67
03/05/2018,AEG,NM,ASW,WE,Federal Contract Tower,0,0,1,0,1,0,0,23,10,33,0,0,24,10,34,24,78,102,136
03/06/2018,AEG,NM,ASW,WE,Federal Contract Tower,0,0,6,0,6,0,2,50,8,60,0,2,56,8,66,98,86,184,250
03/08/2018,AEG,NM,ASW,WE,Federal Contract Tower,0,2,4,2,8,0,4,68,0,72,0,6,72,2,80,124,0,124,204
03/09/2018,AEG,NM,ASW,WE,Federal Contract Tower,0,0,10,0,10,0,1,87,0,88,0,1,97,0,98,178,14,192,290
03/10/2018,AEG,NM,ASW,WE,Federal Contract Tower,0,0,15,0,15,0,0,58,0,58,0,0,73,0,73,82,0,82,155
03/11/2018,AEG,NM,ASW,WE,Federal Contract Tower,0,0,5,0,5,0,0,7,0,7,0,0,12,0,12,25,0,25,37
03/12/2018,AEG,NM,ASW,WE,Federal Contract Tower,0,0,12,0,12,0,0,36,4,40,0,0,48,4,52,118,62,180,232
03/13/2018,AEG,NM,ASW,WE,Federal Contract Tower,0,0,10,2,12,0,2,75,0,77,0,2,85,2,89,54,0,54,143
03/14/2018,AEG,NM,ASW,WE,Federal Contract Tower,0,2,17,0,19,0,1,54,2,57,0,3,71,2,76,98,0,98,174
03/15/2018,AEG,NM,ASW,WE,Federal Contract Tower,0,0,5,0,5,0,0,30,2,32,0,0,35,2,37,110,30,140,177
03/16/2018,AEG,NM,ASW,WE,Federal Contract Tower,0,0,19,0,19,0,0,42,0,42,0,0,61,0,61,116,0,116,177
03/17/2018,AEG,NM,ASW,WE,Federal Contract Tower,0,0,15,0,15,0,0,119,0,119,0,0,134,0,134,122,0,122,256
03/18/2018,AEG,NM,ASW,WE,Federal Contract Tower,0,0,1,0,1,0,0,21,0,21,0,0,22,0,22,64,0,64,86
03/19/2018,AEG,NM,ASW,WE,Federal Contract Tower,0,0,6,0,6,0,0,23,0,23,0,0,29,0,29,28,0,28,57
03/20/2018,AEG,NM,ASW,WE,Federal Contract Tower,0,0,16,0,16,0,0,89,2,91,0,0,105,2,107,120,0,120,227
03/21/2018,AEG,NM,ASW,WE,Federal Contract Tower,0,0,10,4,14,0,0,83,1,84,0,0,93,5,98,138,0,138,236
03/22/2018,AEG,NM,ASW,WE,Federal Contract Tower,0,0,10,0,10,0,2,72,0,74,0,2,82,0,84,162,0,162,246
03/23/2018,AEG,NM,ASW,WE,Federal Contract Tower,0,0,11,0,11,0,0,39,4,43,0,0,50,4,54,98,0,98,152
03/24/2018,AEG,NM,ASW,WE,Federal Contract Tower,0,0,5,0,5,0,0,82,2,84,0,0,87,2,89,152,0,152,241
03/25/2018,AEG,NM,ASW,WE,Federal Contract Tower,0,0,13,0,13,0,0,52,1,53,0,0,65,1,66,178,0,178,244
03/26/2018,AEG,NM,ASW,WE,Federal Contract Tower,0,1,10,0,11,0,0,60,2,62,0,1,70,2,73,124,0,124,197
03/27/2018,AEG,NM,ASW,WE,Federal Contract Tower,0,0,4,0,4,0,0,4,6,10,0,0,8,6,14,0,50,50,64
03/28/2018,AEG,NM,ASW,WE,Federal Contract Tower,0,2,11,2,15,0,0,38,5,43,0,2,49,7,58,64,0,64,122
03/29/2018,AEG,NM,ASW,WE,Federal Contract Tower,0,0,9,0,9,0,4,48,0,52,0,4,57,0,61,98,0,98,159
03/30/2018,AEG,NM,ASW,WE,Federal Contract Tower,0,0,6,0,6,0,0,91,0,91,0,0,97,0,97,181,0,181,278
03/31/2018,AEG,NM,ASW,WE,Federal Contract Tower,0,0,6,0,6,0,0,80,0,80,0,0,86,0,86,144,0,144,230
04/01/2018,AEG,NM,ASW,WE,Federal Contract Tower,0,1,4,0,5,0,0,39,0,39,0,1,43,0,44,62,0,62,106
04/02/2018,AEG,NM,ASW,WE,Federal Contract Tower,0,0,8,0,8,0,0,19,2,21,0,0,27,2,29,42,16,58,87
04/03/2018,AEG,NM,ASW,WE,Federal Contract Tower,0,4,1,0,5,0,2,31,2,35,0,6,32,2,40,40,6,46,86
04/04/2018,AEG,NM,ASW,WE,Federal Contract Tower,0,0,13,0,13,0,0,83,1,84,0,0,96,1,97,184,0,184,281
04/05/2018,AEG,NM,ASW,WE,Federal Contract Tower,0,1,12,3,16,0,0,82,6,88,0,1,94,9,104,166,46,212,316
04/06/2018,AEG,NM,ASW,WE,Federal Contract Tower,0,0,14,0,14,0,0,87,6,93,0,0,101,6,107,152,12,164,271
04/07/2018,AEG,NM,ASW,WE,Federal Contract Tower,0,0,4,2,6,0,0,57,4,61,0,0,61,6,67,154,14,168,235
04/08/2018,AEG,NM,ASW,WE,Federal Contract Tower,0,0,3,0,3,0,0,8,0,8,0,0,11,0,11,4,0,4,15
04/09/2018,AEG,NM,ASW,WE,Federal Contract Tower,0,0,7,4,11,0,1,49,4,54,0,1,56,8,65,54,6,60,125
04/10/2018,AEG,NM,ASW,WE,Federal Contract Tower,0,1,17,0,18,0,1,102,1,104,0,2,119,1,122,118,4,122,244
04/11/2018,AEG,NM,ASW,WE,Federal Contract Tower,0,1,14,0,15,0,0,45,4,49,0,1,59,4,64,78,16,94,158
04/12/2018,AEG,NM,ASW,WE,Federal Contract Tower,0,0,6,0,6,0,0,12,0,12,0,0,18,0,18,50,0,50,68
04/13/2018,AEG,NM,ASW,WE,Federal Contract Tower,0,0,1,0,1,0,0,7,0,7,0,0,8,0,8,0,0,0,8
04/14/2018,AEG,NM,ASW,WE,Federal Contract Tower,0,0,9,0,9,0,0,39,0,39,0,0,48,0,48,14,0,14,62
04/15/2018,AEG,NM,ASW,WE,Federal Contract Tower,0,0,10,0,10,0,0,126,1,127,0,0,136,1,137,96,0,96,233
04/16/2018,AEG,NM,ASW,WE,Federal Contract Tower,0,0,5,0,5,0,0,33,3,36,0,0,38,3,41,26,0,26,67
04/17/2018,AEG,NM,ASW,WE,Federal Contract Tower,0,0,6,0,6,0,0,8,0,8,0,0,14,0,14,10,0,10,24
04/18/2018,AEG,NM,ASW,WE,Federal Contract Tower,0,1,15,1,17,0,0,82,1,83,0,1,97,2,100,224,2,226,326
04/19/2018,AEG,NM,ASW,WE,Federal Contract Tower,0,0,2,0,2,0,0,12,2,14,0,0,14,2,16,6,4,10,26
04/20/2018,AEG,NM,ASW,WE,Federal Contract Tower,0,5,5,1,11,0,7,10,3,20,0,12,15,4,31,2,0,2,33
04/21/2018,AEG,NM,ASW,WE,Federal Contract Tower,0,0,3,0,3,0,0,73,0,73,0,0,76,0,76,144,0,144,220
04/22/2018,AEG,NM,ASW,WE,Federal Contract Tower,0,0,12,0,12,0,0,97,0,97,0,0,109,0,109,176,0,176,285
04/23/2018,AEG,NM,ASW,WE,Federal Contract Tower,0,0,10,0,10,0,0,90,0,90,0,0,100,0,100,102,0,102,202
04/24/2018,AEG,NM,ASW,WE,Federal Contract Tower,0,0,15,2,17,0,1,72,4,77,0,1,87,6,94,64,14,78,172
04/25/2018,AEG,NM,ASW,WE,Federal Contract Tower,0,2,14,2,18,0,4,66,1,71,0,6,80,3,89,178,0,178,267
04/26/2018,AEG,NM,ASW,WE,Federal Contract Tower,0,2,17,0,19,0,2,63,4,69,0,4,80,4,88,96,0,96,184
04/27/2018,AEG,NM,ASW,WE,Federal Contract Tower,0,0,7,0,7,0,0,90,1,91,0,0,97,1,98,104,6,110,208
04/28/2018,AEG,NM,ASW,WE,Federal Contract Tower,0,0,11,0,11,0,0,81,4,85,0,0,92,4,96,178,0,178,274
04/29/2018,AEG,NM,ASW,WE,Federal Contract Tower,0,0,7,0,7,0,0,76,0,76,0,0,83,0,83,72,0,72,155
04/30/2018,AEG,NM,ASW,WE,Federal Contract Tower,0,0,11,1,12,0,0,49,1,50,0,0,60,2,62,106,0,106,168
05/01/2018,AEG,NM,ASW,WE,Federal Contract Tower,0,4,9,2,15,0,3,24,2,29,0,7,33,4,44,10,0,10,54
05/02/2018,AEG,NM,ASW,WE,Federal Contract Tower,0,0,15,1,16,0,0,24,2,26,0,0,39,3,42,36,28,64,106
05/03/2018,AEG,NM,ASW,WE,Federal Contract Tower,0,0,7,2,9,0,0,62,7,69,0,0,69,9,78,70,0,70,148
05/04/2018,AEG,NM,ASW,WE,Federal Contract Tower,0,1,8,0,9,0,2,108,0,110,0,3,116,0,119,120,0,120,239
05/05/2018,AEG,NM,ASW,WE,Federal Contract Tower,0,0,6,0,6,0,0,166,0,166,0,0,172,0,172,161,0,161,333
05/06/2018,AEG,NM,ASW,WE,Federal Contract Tower,0,1,5,0,6,0,0,73,0,73,0,1,78,0,79,174,0,174,253
05/07/2018,AEG,NM,ASW,WE,Federal Contract Tower,0,3,7,0,10,0,4,77,0,81,0,7,84,0,91,84,0,84,175
05/08/2018,AEG,NM,ASW,WE,Federal Contract Tower,0,3,9,0,12,0,3,70,3,76,0,6,79,3,88,86,0,86,174
05/09/2018,AEG,NM,ASW,WE,Federal Contract Tower,0,9,19,4,32,0,0,65,6,71,0,9,84,10,103,126,18,144,247
05/10/2018,AEG,NM,ASW,WE,Federal Contract Tower,0,1,20,0,21,0,0,70,2,72,0,1,90,2,93,82,0,82,175
05/11/2018,AEG,NM,ASW,WE,Federal Contract Tower,0,0,12,0,12,0,0,52,0,52,0,0,64,0,64,56,0,56,120
05/12/2018,AEG,NM,ASW,WE,Federal Contract Tower,0,0,5,0,5,0,0,48,0,48,0,0,53,0,53,100,0,100,153
05/13/2018,AEG,NM,ASW,WE,Federal Contract Tower,0,0,11,0,11,0,0,59,0,59,0,0,70,0,70,74,0,74,144
05/14/2018,AEG,NM,ASW,WE,Federal Contract Tower,0,1,5,0,6,0,0,58,4,62,0,1,63,4,68,60,0,60,128
05/15/2018,AEG,NM,ASW,WE,Federal Contract Tower,0,2,25,0,27,0,1,63,1,65,0,3,88,1,92,106,0,106,198
05/16/2018,AEG,NM,ASW,WE,Federal Contract Tower,0,0,14,0,14,0,0,58,2,60,0,0,72,2,74,150,2,152,226
05/17/2018,AEG,NM,ASW,WE,Federal Contract Tower,0,4,17,0,21,0,0,56,1,57,0,4,73,1,78,84,0,84,162
05/18/2018,AEG,NM,ASW,WE,Federal Contract Tower,0,0,18,1,19,0,0,63,2,65,0,0,81,3,84,74,20,94,178
05/19/2018,AEG,NM,ASW,WE,Federal Contract Tower,0,0,8,0,8,0,0,120,0,120,0,0,128,0,128,260,0,260,388
05/20/2018,AEG,NM,ASW,WE,Federal Contract Tower,0,0,2,0,2,0,0,20,0,20,0,0,22,0,22,78,0,78,100
05/21/2018,AEG,NM,ASW,WE,Federal Contract Tower,0,0,2,0,2,0,0,30,0,30,0,0,32,0,32,74,0,74,106
05/22/2018,AEG,NM,ASW,WE,Federal Contract Tower,0,0,7,2,9,0,2,37,0,39,0,2,44,2,48,88,0,88,136
05/23/2018,AEG,NM,ASW,WE,Federal Contract Tower,0,0,4,0,4,0,2,65,0,67,0,2,69,0,71,188,0,188,259
05/24/2018,AEG,NM,ASW,WE,Federal Contract Tower,0,1,4,0,5,0,6,88,1,95,0,7,92,1,100,146,0,146,246
05/25/2018,AEG,NM,ASW,WE,Federal Contract Tower,0,0,5,0,5,0,0,64,0,64,0,0,69,0,69,146,0,146,215
05/26/2018,AEG,NM,ASW,WE,Federal Contract Tower,0,1,4,0,5,0,0,69,0,69,0,1,73,0,74,192,0,192,266
05/27/2018,AEG,NM,ASW,WE,Federal Contract Tower,0,2,2,0,4,0,0,36,0,36,0,2,38,0,40,42,0,42,82
05/28/2018,AEG,NM,ASW,WE,Federal Contract Tower,0,0,5,0,5,0,0,73,0,73,0,0,78,0,78,58,0,58,136
05/29/2018,AEG,NM,ASW,WE,Federal Contract Tower,0,1,15,0,16,0,0,66,2,68,0,1,81,2,84,88,2,90,174
05/30/2018,AEG,NM,ASW,WE,Federal Contract Tower,0,0,20,0,20,0,0,78,0,78,0,0,98,0,98,112,0,112,210
05/31/2018,AEG,NM,ASW,WE,Federal Contract Tower,0,1,13,1,15,0,0,82,4,86,0,1,95,5,101,80,40,120,221
06/01/2018,AEG,NM,ASW,WE,Federal Contract Tower,0,0,6,0,6,0,0,60,0,60,0,0,66,0,66,78,0,78,144
06/02/2018,AEG,NM,ASW,WE,Federal Contract Tower,0,0,1,0,1,0,0,83,0,83,0,0,84,0,84,192,0,192,276
06/03/2018,AEG,NM,ASW,WE,Federal Contract Tower,0,1,5,0,6,0,2,6,0,8,0,3,11,0,14,0,0,0,14
06/04/2018,AEG,NM,ASW,WE,Federal Contract Tower,0,2,7,0,9,0,2,78,7,87,0,4,85,7,96,116,32,148,244
06/05/2018,AEG,NM,ASW,WE,Federal Contract Tower,0,0,5,0,5,0,0,77,0,77,0,0,82,0,82,66,0,66,148
06/06/2018,AEG,NM,ASW,WE,Federal Contract Tower,0,0,17,0,17,0,0,94,0,94,0,0,111,0,111,184,0,184,295
06/07/2018,AEG,NM,ASW,WE,Federal Contract Tower,0,3,15,0,18,0,0,74,4,78,0,3,89,4,96,78,36,114,210
06/08/2018,AEG,NM,ASW,WE,Federal Contract Tower,0,0,1,4,5,0,1,104,0,105,0,1,105,4,110,150,0,150,260
06/09/2018,AEG,NM,ASW,WE,Federal Contract Tower,0,2,24,0,26,0,0,68,0,68,0,2,92,0,94,166,0,166,260
06/10/2018,AEG,NM,ASW,WE,Federal Contract Tower,0,0,4,0,4,0,0,52,0,52,0,0,56,0,56,88,0,88,144
06/11/2018,AEG,NM,ASW,WE,Federal Contract Tower,0,0,8,0,8,0,8,83,0,91,0,8,91,0,99,126,0,126,225
06/12/2018,AEG,NM,ASW,WE,Federal Contract Tower,0,1,9,0,10,0,0,72,2,74,0,1,81,2,84,70,20,90,174
06/13/2018,AEG,NM,ASW,WE,Federal Contract Tower,0,3,5,1,9,0,3,33,1,37,0,6,38,2,46,54,0,54,100
06/14/2018,AEG,NM,ASW,WE,Federal Contract Tower,0,0,15,0,15,0,4,72,0,76,0,4,87,0,91,74,0,74,165
06/15/2018,AEG,NM,ASW,WE,Federal Contract Tower,0,0,7,0,7,0,0,74,0,74,0,0,81,0,81,44,0,44,125
06/16/2018,AEG,NM,ASW,WE,Federal Contract Tower,0,0,7,0,7,0,0,8,0,8,0,0,15,0,15,0,0,0,15
06/17/2018,AEG,NM,ASW,WE,Federal Contract Tower,0,1,14,0,15,0,0,65,0,65,0,1,79,0,80,196,0,196,276
06/18/2018,AEG,NM,ASW,WE,Federal Contract Tower,0,0,4,0,4,0,0,71,0,71,0,0,75,0,75,126,0,126,201
06/19/2018,AEG,NM,ASW,WE,Federal Contract Tower,0,0,3,1,4,0,0,60,4,64,0,0,63,5,68,76,0,76,144
06/20/2018,AEG,NM,ASW,WE,Federal Contract Tower,0,2,8,0,10,0,1,47,0,48,0,3,55,0,58,56,0,56,114
06/21/2018,AEG,NM,ASW,WE,Federal Contract Tower,0,0,11,0,11,0,2,65,2,69,0,2,76,2,80,58,0,58,138
06/22/2018,AEG,NM,ASW,WE,Federal Contract Tower,0,0,12,0,12,0,0,79,0,79,0,0,91,0,91,130,10,140,231
06/23/2018,AEG,NM,ASW,WE,Federal Contract Tower,0,1,6,0,7,0,0,74,2,76,0,1,80,2,83,42,0,42,125
06/24/2018,AEG,NM,ASW,WE,Federal Contract Tower,0,0,5,0,5,0,0,53,0,53,0,0,58,0,58,70,0,70,128
06/25/2018,AEG,NM,ASW,WE,Federal Contract Tower,0,0,1,1,2,0,0,48,1,49,0,0,49,2,51,4,0,4,55
06/26/2018,AEG,NM,ASW,WE,Federal Contract Tower,0,2,6,0,8,0,0,77,3,80,0,2,83,3,88,150,0,150,238
06/27/2018,AEG,NM,ASW,WE,Federal Contract Tower,0,4,6,0,10,0,4,66,2,72,0,8,72,2,82,96,0,96,178
06/28/2018,AEG,NM,ASW,WE,Federal Contract Tower,0,0,12,0,12,0,0,65,3,68,0,0,77,3,80,60,0,60,140
06/29/2018,AEG,NM,ASW,WE,Federal Contract Tower,0,0,17,0,17,0,0,59,0,59,0,0,76,0,76,84,0,84,160
06/30/2018,AEG,NM,ASW,WE,Federal Contract Tower,0,1,10,0,11,0,0,91,0,91,0,1,101,0,102,84,0,84,186
07/01/2018,AEG,NM,ASW,WE,Federal Contract Tower,0,0,11,0,11,0,0,72,0,72,0,0,83,0,83,58,0,58,141
07/02/2018,AEG,NM,ASW,WE,Federal Contract Tower,0,0,3,0,3,0,0,63,2,65,0,0,66,2,68,115,24,139,207
07/03/2018,AEG,NM,ASW,WE,Federal Contract Tower,0,0,2,0,2,0,4,52,2,58,0,4,54,2,60,76,2,78,138
07/04/2018,AEG,NM,ASW,WE,Federal Contract Tower,0,0,3,0,3,0,0,63,0,63,0,0,66,0,66,114,0,114,180
07/05/2018,AEG,NM,ASW,WE,Federal Contract Tower,0,0,2,0,2,0,0,39,0,39,0,0,41,0,41,22,0,22,63
07/06/2018,AEG,NM,ASW,WE,Federal Contract Tower,0,0,2,0,2,0,0,48,4,52,0,0,50,4,54,58,0,58,112
07/07/2018,AEG,NM,ASW,WE,Federal Contract Tower,0,4,5,0,9,0,0,88,1,89,0,4,93,1,98,83,0,83,181
07/08/2018,AEG,NM,ASW,WE,Federal Contract Tower,0,4,14,0,18,0,0,69,0,69,0,4,83,0,87,86,0,86,173
07/09/2018,AEG,NM,ASW,WE,Federal Contract Tower,0,5,10,1,16,0,0,79,5,84,0,5,89,6,100,100,4,104,204
07/10/2018,AEG,NM,ASW,WE,Federal Contract Tower,0,0,9,0,9,0,0,66,4,70,0,0,75,4,79,122,12,134,213
07/11/2018,AEG,NM,ASW,WE,Federal Contract Tower,0,3,6,2,11,0,2,66,0,68,0,5,72,2,79,128,0,128,207
07/12/2018,AEG,NM,ASW,WE,Federal Contract Tower,0,0,15,0,15,0,0,72,5,77,0,0,87,5,92,134,4,138,230
07/13/2018,AEG,NM,ASW,WE,Federal Contract Tower,0,2,12,0,14,0,0,95,2,97,0,2,107,2,111,136,0,136,247
07/14/2018,AEG,NM,ASW,WE,Federal Contract Tower,0,0,7,0,7,0,0,78,2,80,0,0,85,2,87,128,0,128,215
07/15/2018,AEG,NM,ASW,WE,Federal Contract Tower,0,0,12,0,12,0,0,69,0,69,0,0,81,0,81,160,0,160,241
07/16/2018,AEG,NM,ASW,WE,Federal Contract Tower,0,1,3,2,6,0,0,65,2,67,0,1,68,4,73,82,30,112,185
07/17/2018,AEG,NM,ASW,WE,Federal Contract Tower,0,2,8,0,10,0,0,67,0,67,0,2,75,0,77,104,0,104,181
07/18/2018,AEG,NM,ASW,WE,Federal Contract Tower,0,1,22,0,23,0,2,81,0,83,0,3,103,0,106,90,0,90,196
07/19/2018,AEG,NM,ASW,WE,Federal Contract Tower,0,0,15,0,15,0,0,95,0,95,0,0,110,0,110,92,12,104,214
07/20/2018,AEG,NM,ASW,WE,Federal Contract Tower,0,1,7,0,8,0,1,111,3,115,0,2,118,3,123,182,0,182,305
07/21/2018,AEG,NM,ASW,WE,Federal Contract Tower,0,2,13,0,15,0,2,94,1,97,0,4,107,1,112,104,0,104,216
07/22/2018,AEG,NM,ASW,WE,Federal Contract Tower,0,2,8,0,10,0,2,91,3,96,0,4,99,3,106,92,0,92,198
07/23/2018,AEG,NM,ASW,WE,Federal Contract Tower,0,1,8,0,9,0,0,25,4,29,0,1,33,4,38,14,26,40,78
07/24/2018,AEG,NM,ASW,WE,Federal Contract Tower,0,2,6,0,8,0,1,51,6,58,0,3,57,6,66,64,24,88,154
07/25/2018,AEG,NM,ASW,WE,Federal Contract Tower,0,0,10,1,11,0,0,81,6,87,0,0,91,7,98,160,12,172,270
07/26/2018,AEG,NM,ASW,WE,Federal Contract Tower,0,1,7,1,9,0,2,51,5,58,0,3,58,6,67,65,16,81,148
07/27/2018,AEG,NM,ASW,WE,Federal Contract Tower,0,0,8,0,8,0,0,69,3,72,0,0,77,3,80,130,40,170,250
07/28/2018,AEG,NM,ASW,WE,Federal Contract Tower,0,0,4,0,4,0,0,120,14,134,0,0,124,14,138,126,12,138,276
07/29/2018,AEG,NM,ASW,WE,Federal Contract Tower,0,0,3,0,3,0,0,55,0,55,0,0,58,0,58,120,0,120,178
07/30/2018,AEG,NM,ASW,WE,Federal Contract Tower,0,0,4,0,4,0,1,52,4,57,0,1,56,4,61,50,0,50,111
07/31/2018,AEG,NM,ASW,WE,Federal Contract Tower,0,0,10,0,10,0,0,76,0,76,0,0,86,0,86,110,0,110,196
08/01/2018,AEG,NM,ASW,WE,Federal Contract Tower,0,0,9,0,9,0,0,65,6,71,0,0,74,6,80,86,12,98,178
08/02/2018,AEG,NM,ASW,WE,Federal Contract Tower,0,0,5,0,5,0,0,64,4,68,0,0,69,4,73,132,0,132,205
08/03/2018,AEG,NM,ASW,WE,Federal Contract Tower,0,1,12,0,13,0,0,65,5,70,0,1,77,5,83,108,0,108,191
08/04/2018,AEG,NM,ASW,WE,Federal Contract Tower,0,0,8,2,10,0,0,75,0,75,0,0,83,2,85,104,2,106,191
08/05/2018,AEG,NM,ASW,WE,Federal Contract Tower,0,0,11,2,13,0,4,52,2,58,0,4,63,4,71,88,0,88,159
08/06/2018,AEG,NM,ASW,WE,Federal Contract Tower,0,0,3,2,5,0,0,51,2,53,0,0,54,4,58,130,18,148,206
08/07/2018,AEG,NM,ASW,WE,Federal Contract Tower,0,1,8,0,9,0,1,77,6,84,0,2,85,6,93,76,18,94,187
08/08/2018,AEG,NM,ASW,WE,Federal Contract Tower,0,2,3,0,5,0,0,56,0,56,0,2,59,0,61,124,0,124,185
08/09/2018,AEG,NM,ASW,WE,Federal Contract Tower,0,0,9,0,9,0,0,31,0,31,0,0,40,0,40,70,0,70,110
08/10/2018,AEG,NM,ASW,WE,Federal Contract Tower,0,2,3,0,5,0,0,61,2,63,0,2,64,2,68,62,0,62,130
08/11/2018,AEG,NM,ASW,WE,Federal Contract Tower,0,0,13,0,13,0,0,76,0,76,0,0,89,0,89,78,0,78,167
08/12/2018,AEG,NM,ASW,WE,Federal Contract Tower,0,1,7,2,10,0,0,94,1,95,0,1,101,3,105,130,0,130,235
08/13/2018,AEG,NM,ASW,WE,Federal Contract Tower,0,0,8,0,8,0,0,61,5,66,0,0,69,5,74,124,14,138,212
08/14/2018,AEG,NM,ASW,WE,Federal Contract Tower,0,1,8,0,9,0,0,63,9,72,0,1,71,9,81,120,0,120,201
08/15/2018,AEG,NM,ASW,WE,Federal Contract Tower,0,0,16,0,16,0,0,69,5,74,0,0,85,5,90,104,0,104,194
08/16/2018,AEG,NM,ASW,WE,Federal Contract Tower,0,2,16,0,18,0,1,59,7,67,0,3,75,7,85,138,0,138,223
08/17/2018,AEG,NM,ASW,WE,Federal Contract Tower,0,1,5,0,6,0,0,65,3,68,0,1,70,3,74,178,14,192,266
08/18/2018,AEG,NM,ASW,WE,Federal Contract Tower,0,1,19,0,20,0,0,98,5,103,0,1,117,5,123,88,0,88,211
08/19/2018,AEG,NM,ASW,WE,Federal Contract Tower,0,0,9,0,9,0,0,58,4,62,0,0,67,4,71,80,0,80,151
08/20/2018,AEG,NM,ASW,WE,Federal Contract Tower,0,0,4,0,4,0,0,43,1,44,0,0,47,1,48,60,0,60,108
08/21/2018,AEG,NM,ASW,WE,Federal Contract Tower,0,1,6,0,7,0,0,68,5,73,0,1,74,5,80,112,0,112,192
08/22/2018,AEG,NM,ASW,WE,Federal Contract Tower,0,0,8,1,9,0,0,46,8,54,0,0,54,9,63,112,2,114,177
08/23/2018,AEG,NM,ASW,WE,Federal Contract Tower,0,1,7,2,10,0,0,62,9,71,0,1,69,11,81,106,0,106,187
08/24/2018,AEG,NM,ASW,WE,Federal Contract Tower,0,0,10,0,10,0,0,67,16,83,0,0,77,16,93,170,8,178,271
08/25/2018,AEG,NM,ASW,WE,Federal Contract Tower,0,1,6,0,7,0,0,132,5,137,0,1,138,5,144,52,4,56,200
08/26/2018,AEG,NM,ASW,WE,Federal Contract Tower,0,1,2,0,3,0,0,90,5,95,0,1,92,5,98,138,0,138,236
08/27/2018,AEG,NM,ASW,WE,Federal Contract Tower,0,0,3,0,3,0,4,29,2,35,0,4,32,2,38,78,0,78,116
08/28/2018,AEG,NM,ASW,WE,Federal Contract Tower,0,1,11,0,12,0,2,77,0,79,0,3,88,0,91,156,6,162,253
08/29/2018,AEG,NM,ASW,WE,Federal Contract Tower,0,2,17,2,21,0,1,79,7,87,0,3,96,9,108,88,0,88,196
08/30/2018,AEG,NM,ASW,WE,Federal Contract Tower,0,0,4,0,4,0,1,96,7,104,0,1,100,7,108,140,60,200,308
08/31/2018,AEG,NM,ASW,WE,Federal Contract Tower,0,0,8,0,8,0,0,69,1,70,0,0,77,1,78,46,0,46,124
09/01/2018,AEG,NM,ASW,WE,Federal Contract Tower,0,0,5,0,5,0,0,18,0,18,0,0,23,0,23,8,0,8,31
09/02/2018,AEG,NM,ASW,WE,Federal Contract Tower,0,5,5,0,10,0,1,73,0,74,0,6,78,0,84,34,0,34,118
09/03/2018,AEG,NM,ASW,WE,Federal Contract Tower,0,0,10,0,10,0,0,73,0,73,0,0,83,0,83,72,0,72,155
09/04/2018,AEG,NM,ASW,WE,Federal Contract Tower,0,2,12,2,16,0,0,62,2,64,0,2,74,4,80,40,8,48,128
09/05/2018,AEG,NM,ASW,WE,Federal Contract Tower,0,2,5,0,7,0,0,52,2,54,0,2,57,2,61,44,10,54,115
09/06/2018,AEG,NM,ASW,WE,Federal Contract Tower,0,0,7,0,7,0,0,68,0,68,0,0,75,0,75,82,0,82,157
09/07/2018,AEG,NM,ASW,WE,Federal Contract Tower,0,0,7,0,7,0,0,74,0,74,0,0,81,0,81,168,0,168,249
09/08/2018,AEG,NM,ASW,WE,Federal Contract Tower,0,1,3,0,4,0,0,208,0,208,0,1,211,0,212,46,0,46,258
09/09/2018,AEG,NM,ASW,WE,Federal Contract Tower,0,0,18,2,20,0,0,72,0,72,0,0,90,2,92,74,0,74,166
09/10/2018,AEG,NM,ASW,WE,Federal Contract Tower,0,0,5,0,5,0,0,74,1,75,0,0,79,1,80,134,22,156,236
09/11/2018,AEG,NM,ASW,WE,Federal Contract Tower,0,0,10,0,10,0,0,45,0,45,0,0,55,0,55,58,0,58,113
09/12/2018,AEG,NM,ASW,WE,Federal Contract Tower,0,0,17,0,17,0,0,78,0,78,0,0,95,0,95,76,0,76,171
09/13/2018,AEG,NM,ASW,WE,Federal Contract Tower,0,0,2,1,3,0,0,96,0,96,0,0,98,1,99,122,10,132,231
09/14/2018,AEG,NM,ASW,WE,Federal Contract Tower,0,1,11,0,12,0,0,56,1,57,0,1,67,1,69,132,18,150,219
09/15/2018,AEG,NM,ASW,WE,Federal Contract Tower,0,0,5,0,5,0,0,94,0,94,0,0,99,0,99,52,0,52,151
09/16/2018,AEG,NM,ASW,WE,Federal Contract Tower,0,0,5,0,5,0,4,68,0,72,0,4,73,0,77,114,0,114,191
09/17/2018,AEG,NM,ASW,WE,Federal Contract Tower,0,0,12,2,14,0,0,67,2,69,0,0,79,4,83,114,18,132,215
09/18/2018,AEG,NM,ASW,WE,Federal Contract Tower,0,0,5,0,5,0,0,65,3,68,0,0,70,3,73,124,20,144,217
09/19/2018,AEG,NM,ASW,WE,Federal Contract Tower,0,0,18,0,18,0,0,60,0,60,0,0,78,0,78,110,0,110,188
09/20/2018,AEG,NM,ASW,WE,Federal Contract Tower,0,0,4,0,4,0,1,28,1,30,0,1,32,1,34,10,14,24,58
09/21/2018,AEG,NM,ASW,WE,Federal Contract Tower,0,1,10,0,11,0,0,44,0,44,0,1,54,0,55,86,0,86,141
09/22/2018,AEG,NM,ASW,WE,Federal Contract Tower,0,1,7,0,8,0,0,96,0,96,0,1,103,0,104,144,0,144,248
09/23/2018,AEG,NM,ASW,WE,Federal Contract Tower,0,4,5,0,9,0,2,75,4,81,0,6,80,4,90,64,0,64,154
09/24/2018,AEG,NM,ASW,WE,Federal Contract Tower,0,2,1,0,3,0,0,53,3,56,0,2,54,3,59,64,0,64,123
09/25/2018,AEG,NM,ASW,WE,Federal Contract Tower,0,2,5,1,8,0,0,49,1,50,0,2,54,2,58,90,0,90,148
09/26/2018,AEG,NM,ASW,WE,Federal Contract Tower,0,0,4,0,4,0,0,82,2,84,0,0,86,2,88,144,0,144,232
09/27/2018,AEG,NM,ASW,WE,Federal Contract Tower,0,1,12,4,17,0,0,62,0,62,0,1,74,4,79,114,0,114,193
09/28/2018,AEG,NM,ASW,WE,Federal Contract Tower,0,3,5,0,8,0,0,93,0,93,0,3,98,0,101,206,0,206,307
09/29/2018,AEG,NM,ASW,WE,Federal Contract Tower,0,0,9,0,9,0,0,97,0,97,0,0,106,0,106,154,0,154,260
09/30/2018,AEG,NM,ASW,WE,Federal Contract Tower,0,1,8,0,9,0,0,73,0,73,0,1,81,0,82,162,0,162,244
10/01/2018,AEG,NM,ASW,WE,Federal Contract Tower,0,0,6,0,6,0,1,50,0,51,0,1,56,0,57,68,0,68,125
10/02/2018,AEG,NM,ASW,WE,Federal Contract Tower,0,4,2,0,6,0,0,37,0,37,0,4,39,0,43,88,0,88,131
10/03/2018,AEG,NM,ASW,WE,Federal Contract Tower,0,1,21,0,22,0,0,52,0,52,0,1,73,0,74,100,0,100,174
10/04/2018,AEG,NM,ASW,WE,Federal Contract Tower,0,0,11,1,12,0,0,66,0,66,0,0,77,1,78,118,2,120,198
10/05/2018,AEG,NM,ASW,WE,Federal Contract Tower,0,0,8,0,8,0,4,94,0,98,0,4,102,0,106,160,0,160,266
10/06/2018,AEG,NM,ASW,WE,Federal Contract Tower,0,0,8,0,8,0,0,67,0,67,0,0,75,0,75,20,0,20,95
10/07/2018,AEG,NM,ASW,WE,Federal Contract Tower,0,0,8,0,8,0,0,28,0,28,0,0,36,0,36,18,0,18,54
10/08/2018,AEG,NM,ASW,WE,Federal Contract Tower,0,1,8,0,9,0,0,69,0,69,0,1,77,0,78,80,0,80,158
10/09/2018,AEG,NM,ASW,WE,Federal Contract Tower,0,1,3,1,5,0,0,48,3,51,0,1,51,4,56,116,18,134,190
10/10/2018,AEG,NM,ASW,WE,Federal Contract Tower,0,1,17,7,25,0,0,82,1,83,0,1,99,8,108,144,56,200,308
10/11/2018,AEG,NM,ASW,WE,Federal Contract Tower,0,2,12,3,17,0,0,70,5,75,0,2,82,8,92,114,22,136,228
10/12/2018,AEG,NM,ASW,WE,Federal Contract Tower,0,4,15,0,19,0,0,98,5,103,0,4,113,5,122,206,26,232,354
10/13/2018,AEG,NM,ASW,WE,Federal Contract Tower,0,0,10,0,10,0,1,90,4,95,0,1,100,4,105,148,0,148,253
10/14/2018,AEG,NM,ASW,WE,Federal Contract Tower,0,3,2,1,6,0,0,20,6,26,0,3,22,7,32,22,10,32,64
10/15/2018,AEG,NM,ASW,WE,Federal Contract Tower,0,0,6,0,6,0,2,10,3,15,0,2,16,3,21,14,0,14,35
10/16/2018,AEG,NM,ASW,WE,Federal Contract Tower,0,0,6,0,6,0,0,24,4,28,0,0,30,4,34,18,0,18,52
10/17/2018,AEG,NM,ASW,WE,Federal Contract Tower,0,1,6,0,7,0,2,7,2,11,0,3,13,2,18,0,26,26,44
10/18/2018,AEG,NM,ASW,WE,Federal Contract Tower,0,0,10,1,11,0,2,41,10,53,0,2,51,11,64,122,0,122,186
10/19/2018,AEG,NM,ASW,WE,Federal Contract Tower,0,0,13,0,13,0,0,76,6,82,0,0,89,6,95,168,8,176,271
10/20/2018,AEG,NM,ASW,WE,Federal Contract Tower,0,1,7,0,8,0,0,58,13,71,0,1,65,13,79,82,0,82,161
10/21/2018,AEG,NM,ASW,WE,Federal Contract Tower,0,0,5,0,5,0,2,70,4,76,0,2,75,4,81,184,0,184,265
10/22/2018,AEG,NM,ASW,WE,Federal Contract Tower,0,3,9,0,12,0,0,59,7,66,0,3,68,7,78,50,0,50,128
10/23/2018,AEG,NM,ASW,WE,Federal Contract Tower,0,0,9,0,9,0,4,12,0,16,0,4,21,0,25,16,0,16,41
10/24/2018,AEG,NM,ASW,WE,Federal Contract Tower,0,1,13,0,14,0,0,9,0,9,0,1,22,0,23,6,0,6,29
10/25/2018,AEG,NM,ASW,WE,Federal Contract Tower,0,1,15,0,16,0,0,88,1,89,0,1,103,1,105,92,0,92,197
10/26/2018,AEG,NM,ASW,WE,Federal Contract Tower,0,0,14,0,14,0,0,86,0,86,0,0,100,0,100,134,0,134,234
10/27/2018,AEG,NM,ASW,WE,Federal Contract Tower,0,1,3,0,4,0,0,121,0,121,0,1,124,0,125,138,0,138,263
10/28/2018,AEG,NM,ASW,WE,Federal Contract Tower,0,4,4,0,8,0,4,65,0,69,0,8,69,0,77,128,0,128,205
10/29/2018,AEG,NM,ASW,WE,Federal Contract Tower,0,0,15,0,15,0,1,79,2,82,0,1,94,2,97,104,0,104,201
10/30/2018,AEG,NM,ASW,WE,Federal Contract Tower,0,1,11,0,12,0,0,51,0,51,0,1,62,0,63,106,0,106,169
10/31/2018,AEG,NM,ASW,WE,Federal Contract Tower,0,2,5,0,7,0,0,9,0,9,0,2,14,0,16,2,0,2,18
11/01/2018,AEG,NM,ASW,WE,Federal Contract Tower,0,0,8,0,8,0,2,46,0,48,0,2,54,0,56,50,0,50,106
11/02/2018,AEG,NM,ASW,WE,Federal Contract Tower,0,0,10,0,10,0,0,74,2,76,0,0,84,2,86,186,18,204,290
11/03/2018,AEG,NM,ASW,WE,Federal Contract Tower,0,0,7,0,7,0,0,13,0,13,0,0,20,0,20,14,0,14,34
11/04/2018,AEG,NM,ASW,WE,Federal Contract Tower,0,0,8,0,8,0,0,92,0,92,0,0,100,0,100,134,0,134,234
11/05/2018,AEG,NM,ASW,WE,Federal Contract Tower,0,0,1,0,1,0,2,28,0,30,0,2,29,0,31,64,0,64,95
11/06/2018,AEG,NM,ASW,WE,Federal Contract Tower,0,6,9,0,15,0,3,69,8,80,0,9,78,8,95,156,8,164,259
11/07/2018,AEG,NM,ASW,WE,Federal Contract Tower,0,0,10,1,11,0,2,90,1,93,0,2,100,2,104,194,0,194,298
11/08/2018,AEG,NM,ASW,WE,Federal Contract Tower,0,2,15,0,17,0,0,74,0,74,0,2,89,0,91,128,0,128,219
11/09/2018,AEG,NM,ASW,WE,Federal Contract Tower,0,0,8,0,8,0,0,61,0,61,0,0,69,0,69,114,0,114,183
11/10/2018,AEG,NM,ASW,WE,Federal Contract Tower,0,0,13,4,17,0,1,108,2,111,0,1,121,6,128,126,0,126,254
11/11/2018,AEG,NM,ASW,WE,Federal Contract Tower,0,0,10,0,10,0,0,30,0,30,0,0,40,0,40,28,0,28,68
11/12/2018,AEG,NM,ASW,WE,Federal Contract Tower,0,0,11,0,11,0,0,9,0,9,0,0,20,0,20,6,0,6,26
11/13/2018,AEG,NM,ASW,WE,Federal Contract Tower,0,1,7,0,8,0,0,55,0,55,0,1,62,0,63,84,0,84,147
11/14/2018,AEG,NM,ASW,WE,Federal Contract Tower,0,0,12,0,12,0,0,64,4,68,0,0,76,4,80,86,14,100,180
11/15/2018,AEG,NM,ASW,WE,Federal Contract Tower,0,1,18,2,21,0,0,81,2,83,0,1,99,4,104,132,0,132,236
11/16/2018,AEG,NM,ASW,WE,Federal Contract Tower,0,0,9,0,9,0,0,104,0,104,0,0,113,0,113,124,0,124,237
11/17/2018,AEG,NM,ASW,WE,Federal Contract Tower,0,0,5,0,5,0,0,110,0,110,0,0,115,0,115,140,0,140,255
11/18/2018,AEG,NM,ASW,WE,Federal Contract Tower,0,0,8,0,8,0,2,111,2,115,0,2,119,2,123,152,0,152,275
11/19/2018,AEG,NM,ASW,WE,Federal Contract Tower,0,0,12,0,12,0,0,79,1,80,0,0,91,1,92,88,0,88,180
11/20/2018,AEG,NM,ASW,WE,Federal Contract Tower,0,0,2,0,2,0,2,49,0,51,0,2,51,0,53,102,0,102,155
11/21/2018,AEG,NM,ASW,WE,Federal Contract Tower,0,1,17,0,18,0,1,92,0,93,0,2,109,0,111,74,0,74,185
11/22/2018,AEG,NM,ASW,WE,Federal Contract Tower,0,0,1,0,1,0,0,18,0,18,0,0,19,0,19,12,0,12,31
11/23/2018,AEG,NM,ASW,WE,Federal Contract Tower,0,0,5,0,5,0,0,52,0,52,0,0,57,0,57,60,0,60,117
11/24/2018,AEG,NM,ASW,WE,Federal Contract Tower,0,0,10,0,10,0,0,44,0,44,0,0,54,0,54,10,0,10,64
11/25/2018,AEG,NM,ASW,WE,Federal Contract Tower,0,6,5,0,11,0,0,41,0,41,0,6,46,0,52,8,0,8,60
11/26/2018,AEG,NM,ASW,WE,Federal Contract Tower,0,0,1,0,1,0,0,76,1,77,0,0,77,1,78,74,0,74,152
11/27/2018,AEG,NM,ASW,WE,Federal Contract Tower,0,1,12,0,13,0,4,57,4,65,0,5,69,4,78,76,0,76,154
11/28/2018,AEG,NM,ASW,WE,Federal Contract Tower,0,0,10,2,12,0,0,77,2,79,0,0,87,4,91,126,24,150,241
11/29/2018,AEG,NM,ASW,WE,Federal Contract Tower,0,0,13,0,13,0,0,56,4,60,0,0,69,4,73,120,40,160,233
11/30/2018,AEG,NM,ASW,WE,Federal Contract Tower,0,0,11,0,11,0,0,8,2,10,0,0,19,2,21,20,20,40,61
12/01/2018,AEG,NM,ASW,WE,Federal Contract Tower,0,0,4,4,8,0,0,11,0,11,0,0,15,4,19,0,0,0,19
12/02/2018,AEG,NM,ASW,WE,Federal Contract Tower,0,0,2,0,2,0,0,0,0,0,0,0,2,0,2,0,0,0,2
12/03/2018,AEG,NM,ASW,WE,Federal Contract Tower,0,0,10,0,10,0,0,54,0,54,0,0,64,0,64,80,0,80,144
12/04/2018,AEG,NM,ASW,WE,Federal Contract Tower,0,0,5,0,5,0,0,39,4,43,0,0,44,4,48,96,0,96,144
12/05/2018,AEG,NM,ASW,WE,Federal Contract Tower,0,0,18,0,18,0,0,69,0,69,0,0,87,0,87,122,0,122,209
12/06/2018,AEG,NM,ASW,WE,Federal Contract Tower,0,0,4,0,4,0,0,54,14,68,0,0,58,14,72,126,12,138,210
12/07/2018,AEG,NM,ASW,WE,Federal Contract Tower,0,0,2,0,2,0,0,39,6,45,0,0,41,6,47,28,6,34,81
12/08/2018,AEG,NM,ASW,WE,Federal Contract Tower,0,0,8,0,8,0,0,77,7,84,0,0,85,7,92,110,0,110,202
12/09/2018,AEG,NM,ASW,WE,Federal Contract Tower,0,2,6,0,8,0,0,51,5,56,0,2,57,5,64,30,0,30,94
12/10/2018,AEG,NM,ASW,WE,Federal Contract Tower,0,0,9,0,9,0,0,78,6,84,0,0,87,6,93,110,0,110,203
12/11/2018,AEG,NM,ASW,WE,Federal Contract Tower,0,1,8,0,9,0,0,79,2,81,0,1,87,2,90,88,36,124,214
12/12/2018,AEG,NM,ASW,WE,Federal Contract Tower,0,0,14,1,15,0,0,61,8,69,0,0,75,9,84,80,16,96,180
12/13/2018,AEG,NM,ASW,WE,Federal Contract Tower,0,1,9,0,10,0,2,20,1,23,0,3,29,1,33,32,0,32,65
12/14/2018,AEG,NM,ASW,WE,Federal Contract Tower,0,1,6,2,9,0,0,96,2,98,0,1,102,4,107,116,0,116,223
12/15/2018,AEG,NM,ASW,WE,Federal Contract Tower,0,0,2,0,2,0,2,105,0,107,0,2,107,0,109,150,0,150,259
12/16/2018,AEG,NM,ASW,WE,Federal Contract Tower,0,0,3,0,3,0,0,69,0,69,0,0,72,0,72,170,0,170,242
12/17/2018,AEG,NM,ASW,WE,Federal Contract Tower,0,1,6,0,7,0,0,43,1,44,0,1,49,1,51,128,0,128,179
12/18/2018,AEG,NM,ASW,WE,Federal Contract Tower,0,4,4,0,8,0,2,28,0,30,0,6,32,0,38,4,0,4,42
12/19/2018,AEG,NM,ASW,WE,Federal Contract Tower,0,0,0,0,0,0,0,6,0,6,0,0,6,0,6,0,0,0,6
12/20/2018,AEG,NM,ASW,WE,Federal Contract Tower,0,0,19,0,19,0,0,97,7,104,0,0,116,7,123,166,72,238,361
12/21/2018,AEG,NM,ASW,WE,Federal Contract Tower,0,0,11,0,11,0,0,84,0,84,0,0,95,0,95,124,0,124,219
12/22/2018,AEG,NM,ASW,WE,Federal Contract Tower,0,0,9,0,9,0,0,59,0,59,0,0,68,0,68,72,0,72,140
12/23/2018,AEG,NM,ASW,WE,Federal Contract Tower,0,1,3,0,4,0,0,96,0,96,0,1,99,0,100,68,0,68,168
12/24/2018,AEG,NM,ASW,WE,Federal Contract Tower,0,2,6,0,8,0,0,44,0,44,0,2,50,0,52,34,0,34,86
12/25/2018,AEG,NM,ASW,WE,Federal Contract Tower,0,0,1,0,1,0,0,6,0,6,0,0,7,0,7,0,0,0,7
12/26/2018,AEG,NM,ASW,WE,Federal Contract Tower,0,0,6,0,6,0,0,0,0,0,0,0,6,0,6,0,0,0,6
12/27/2018,AEG,NM,ASW,WE,Federal Contract Tower,0,0,12,0,12,0,0,38,0,38,0,0,50,0,50,124,0,124,174
12/28/2018,AEG,NM,ASW,WE,Federal Contract Tower,0,2,2,0,4,0,0,0,0,0,0,2,2,0,4,0,0,0,4
12/29/2018,AEG,NM,ASW,WE,Federal Contract Tower,0,0,12,0,12,0,0,38,0,38,0,0,50,0,50,72,4,76,126
12/30/2018,AEG,NM,ASW,WE,Federal Contract Tower,0,0,4,0,4,0,2,60,0,62,0,2,64,0,66,60,0,60,126
12/31/2018,AEG,NM,ASW,WE,Federal Contract Tower,0,1,4,0,5,0,0,10,0,10,0,1,14,0,15,18,0,18,33
01/01/2019,AEG,NM,ASW,WE,Federal Contract Tower,0,0,0,0,0,0,0,0,0,0,0,0,0,0,0,0,0,0,0
01/02/2019,AEG,NM,ASW,WE,Federal Contract Tower,0,2,4,0,6,0,0,6,0,6,0,2,10,0,12,20,0,20,32
01/03/2019,AEG,NM,ASW,WE,Federal Contract Tower,0,0,9,1,10,0,0,24,3,27,0,0,33,4,37,40,0,40,77
01/04/2019,AEG,NM,ASW,WE,Federal Contract Tower,0,0,3,0,3,0,0,44,3,47,0,0,47,3,50,114,24,138,188
01/05/2019,AEG,NM,ASW,WE,Federal Contract Tower,0,0,16,0,16,0,0,71,2,73,0,0,87,2,89,142,0,142,231
01/06/2019,AEG,NM,ASW,WE,Federal Contract Tower,0,0,6,0,6,0,0,16,0,16,0,0,22,0,22,46,0,46,68
01/07/2019,AEG,NM,ASW,WE,Federal Contract Tower,0,0,9,0,9,0,0,40,7,47,0,0,49,7,56,64,44,108,164
01/08/2019,AEG,NM,ASW,WE,Federal Contract Tower,0,0,7,0,7,0,0,41,0,41,0,0,48,0,48,64,0,64,112
01/09/2019,AEG,NM,ASW,WE,Federal Contract Tower,0,0,9,0,9,0,0,31,0,31,0,0,40,0,40,52,0,52,92
01/10/2019,AEG,NM,ASW,WE,Federal Contract Tower,0,0,11,0,11,0,0,31,2,33,0,0,42,2,44,26,0,26,70
01/11/2019,AEG,NM,ASW,WE,Federal Contract Tower,0,0,4,0,4,0,0,13,3,16,0,0,17,3,20,32,0,32,52
01/12/2019,AEG,NM,ASW,WE,Federal Contract Tower,0,0,6,2,8,0,4,94,0,98,0,4,100,2,106,168,0,168,274
01/13/2019,AEG,NM,ASW,WE,Federal Contract Tower,0,0,1,0,1,0,0,0,0,0,0,0,1,0,1,0,0,0,1
01/14/2019,AEG,NM,ASW,WE,Federal Contract Tower,0,0,13,0,13,0,0,51,0,51,0,0,64,0,64,140,0,140,204
01/15/2019,AEG,NM,ASW,WE,Federal Contract Tower,0,1,11,2,14,0,0,22,0,22,0,1,33,2,36,52,0,52,88
01/16/2019,AEG,NM,ASW,WE,Federal Contract Tower,0,1,16,0,17,0,0,47,2,49,0,1,63,2,66,114,0,114,180
01/17/2019,AEG,NM,ASW,WE,Federal Contract Tower,0,1,12,0,13,0,0,75,0,75,0,1,87,0,88,114,0,114,202
01/18/2019,AEG,NM,ASW,WE,Federal Contract Tower,0,0,1,0,1,0,0,0,0,0,0,0,1,0,1,0,0,0,1
01/19/2019,AEG,NM,ASW,WE,Federal Contract Tower,0,0,15,0,15,0,0,80,0,80,0,0,95,0,95,152,0,152,247
01/20/2019,AEG,NM,ASW,WE,Federal Contract Tower,0,0,12,0,12,0,0,80,0,80,0,0,92,0,92,124,0,124,216
01/21/2019,AEG,NM,ASW,WE,Federal Contract Tower,0,1,8,0,9,0,0,25,0,25,0,1,33,0,34,64,0,64,98
01/22/2019,AEG,NM,ASW,WE,Federal Contract Tower,0,0,1,0,1,0,0,2,0,2,0,0,3,0,3,0,0,0,3
01/23/2019,AEG,NM,ASW,WE,Federal Contract Tower,0,0,14,0,14,0,0,49,0,49,0,0,63,0,63,66,0,66,129
01/24/2019,AEG,NM,ASW,WE,Federal Contract Tower,0,0,1,0,1,0,0,35,1,36,0,0,36,1,37,60,0,60,97
01/25/2019,AEG,NM,ASW,WE,Federal Contract Tower,0,0,6,0,6,0,0,65,5,70,0,0,71,5,76,168,0,168,244
01/26/2019,AEG,NM,ASW,WE,Federal Contract Tower,0,0,15,0,15,0,0,86,0,86,0,0,101,0,101,76,0,76,177
01/27/2019,AEG,NM,ASW,WE,Federal Contract Tower,0,0,4,0,4,0,0,71,0,71,0,0,75,0,75,198,0,198,273
01/28/2019,AEG,NM,ASW,WE,Federal Contract Tower,0,0,8,0,8,0,1,24,0,25,0,1,32,0,33,76,0,76,109
01/29/2019,AEG,NM,ASW,WE,Federal Contract Tower,0,0,6,0,6,0,0,31,1,32,0,0,37,1,38,38,2,40,78
01/30/2019,AEG,NM,ASW,WE,Federal Contract Tower,0,0,9,0,9,0,0,84,5,89,0,0,93,5,98,94,48,142,240
01/31/2019,AEG,NM,ASW,WE,Federal Contract Tower,0,1,4,0,5,0,2,77,3,82,0,3,81,3,87,132,16,148,235
02/01/2019,AEG,NM,ASW,WE,Federal Contract Tower,0,0,17,0,17,0,0,81,0,81,0,0,98,0,98,162,0,162,260
02/02/2019,AEG,NM,ASW,WE,Federal Contract Tower,0,4,12,0,16,0,0,108,0,108,0,4,120,0,124,132,0,132,256
02/03/2019,AEG,NM,ASW,WE,Federal Contract Tower,0,5,5,0,10,0,0,21,0,21,0,5,26,0,31,18,0,18,49
02/04/2019,AEG,NM,ASW,WE,Federal Contract Tower,0,2,14,0,16,0,1,27,2,30,0,3,41,2,46,116,18,134,180
02/05/2019,AEG,NM,ASW,WE,Federal Contract Tower,0,0,4,7,11,0,0,36,1,37,0,0,40,8,48,38,0,38,86
02/06/2019,AEG,NM,ASW,WE,Federal Contract Tower,0,2,3,0,5,0,0,9,0,9,0,2,12,0,14,14,0,14,28
02/07/2019,AEG,NM,ASW,WE,Federal Contract Tower,0,3,30,0,33,0,4,64,0,68,0,7,94,0,101,48,0,48,149
02/08/2019,AEG,NM,ASW,WE,Federal Contract Tower,0,3,15,0,18,0,0,86,2,88,0,3,101,2,106,174,0,174,280
02/09/2019,AEG,NM,ASW,WE,Federal Contract Tower,0,0,1,0,1,0,0,93,0,93,0,0,94,0,94,56,0,56,150
02/10/2019,AEG,NM,ASW,WE,Federal Contract Tower,0,0,18,0,18,0,0,72,0,72,0,0,90,0,90,142,0,142,232
02/11/2019,AEG,NM,ASW,WE,Federal Contract Tower,0,1,2,0,3,0,0,3,0,3,0,1,5,0,6,0,0,0,6
02/12/2019,AEG,NM,ASW,WE,Federal Contract Tower,0,2,15,0,17,0,1,112,0,113,0,3,127,0,130,184,0,184,314
02/13/2019,AEG,NM,ASW,WE,Federal Contract Tower,0,4,14,0,18,0,2,66,0,68,0,6,80,0,86,80,0,80,166
02/14/2019,AEG,NM,ASW,WE,Federal Contract Tower,0,0,2,3,5,0,0,26,4,30,0,0,28,7,35,50,24,74,109
02/15/2019,AEG,NM,ASW,WE,Federal Contract Tower,0,0,5,4,9,0,0,24,11,35,0,0,29,15,44,32,0,32,76
02/16/2019,AEG,NM,ASW,WE,Federal Contract Tower,0,0,8,0,8,0,0,3,2,5,0,0,11,2,13,0,0,0,13
02/17/2019,AEG,NM,ASW,WE,Federal Contract Tower,0,0,8,0,8,0,0,40,5,45,0,0,48,5,53,70,0,70,123
02/18/2019,AEG,NM,ASW,WE,Federal Contract Tower,0,1,3,0,4,0,0,14,2,16,0,1,17,2,20,20,4,24,44
02/19/2019,AEG,NM,ASW,WE,Federal Contract Tower,0,1,1,0,2,0,0,10,1,11,0,1,11,1,13,14,0,14,27
02/20/2019,AEG,NM,ASW,WE,Federal Contract Tower,0,6,13,0,19,0,0,56,6,62,0,6,69,6,81,88,26,114,195
02/21/2019,AEG,NM,ASW,WE,Federal Contract Tower,0,4,11,0,15,0,0,36,2,38,0,4,47,2,53,40,0,40,93
02/22/2019,AEG,NM,ASW,WE,Federal Contract Tower,0,7,4,0,11,0,1,2,0,3,0,8,6,0,14,0,0,0,14
02/23/2019,AEG,NM,ASW,WE,Federal Contract Tower,0,0,3,0,3,0,0,19,4,23,0,0,22,4,26,72,0,72,98
02/24/2019,AEG,NM,ASW,WE,Federal Contract Tower,0,0,6,0,6,0,0,131,2,133,0,0,137,2,139,226,0,226,365
02/25/2019,AEG,NM,ASW,WE,Federal Contract Tower,0,0,5,1,6,0,0,75,1,76,0,0,80,2,82,102,12,114,196
02/26/2019,AEG,NM,ASW,WE,Federal Contract Tower,0,0,4,1,5,0,0,54,1,55,0,0,58,2,60,54,12,66,126
02/27/2019,AEG,NM,ASW,WE,Federal Contract Tower,0,2,21,1,24,0,0,73,1,74,0,2,94,2,98,86,0,86,184
02/28/2019,AEG,NM,ASW,WE,Federal Contract Tower,0,2,15,0,17,0,0,66,6,72,0,2,81,6,89,72,34,106,195
03/01/2019,AEG,NM,ASW,WE,Federal Contract Tower,0,2,22,0,24,0,0,73,0,73,0,2,95,0,97,158,0,158,255
03/03/2019,AEG,NM,ASW,WE,Federal Contract Tower,0,1,15,0,16,0,2,16,0,18,0,3,31,0,34,32,0,32,66
03/04/2019,AEG,NM,ASW,WE,Federal Contract Tower,0,1,3,1,5,0,0,56,3,59,0,1,59,4,64,56,20,76,140
03/05/2019,AEG,NM,ASW,WE,Federal Contract Tower,0,1,10,0,11,0,0,101,0,101,0,1,111,0,112,190,0,190,302
03/06/2019,AEG,NM,ASW,WE,Federal Contract Tower,0,2,8,0,10,0,0,74,2,76,0,2,82,2,86,124,0,124,210
03/07/2019,AEG,NM,ASW,WE,Federal Contract Tower,0,3,15,0,18,0,3,23,0,26,0,6,38,0,44,42,0,42,86
03/08/2019,AEG,NM,ASW,WE,Federal Contract Tower,0,1,4,0,5,0,0,20,4,24,0,1,24,4,29,86,24,110,139
03/09/2019,AEG,NM,ASW,WE,Federal Contract Tower,0,2,11,0,13,0,0,83,0,83,0,2,94,0,96,194,0,194,290
03/10/2019,AEG,NM,ASW,WE,Federal Contract Tower,0,0,12,0,12,0,2,61,0,63,0,2,73,0,75,146,0,146,221
03/11/2019,AEG,NM,ASW,WE,Federal Contract Tower,0,3,2,0,5,0,2,9,0,11,0,5,11,0,16,12,0,12,28
03/12/2019,AEG,NM,ASW,WE,Federal Contract Tower,0,0,3,0,3,0,0,5,0,5,0,0,8,0,8,0,0,0,8
03/13/2019,AEG,NM,ASW,WE,Federal Contract Tower,0,0,1,0,1,0,0,1,0,1,0,0,2,0,2,0,0,0,2
03/14/2019,AEG,NM,ASW,WE,Federal Contract Tower,0,0,2,0,2,0,0,38,3,41,0,0,40,3,43,34,24,58,101
03/15/2019,AEG,NM,ASW,WE,Federal Contract Tower,0,1,7,0,8,0,0,79,2,81,0,1,86,2,89,130,0,130,219
03/16/2019,AEG,NM,ASW,WE,Federal Contract Tower,0,0,4,0,4,0,0,82,1,83,0,0,86,1,87,154,0,154,241
03/17/2019,AEG,NM,ASW,WE,Federal Contract Tower,0,0,1,0,1,0,1,116,1,118,0,1,117,1,119,194,0,194,313
03/18/2019,AEG,NM,ASW,WE,Federal Contract Tower,0,1,3,0,4,0,1,61,5,67,0,2,64,5,71,148,30,178,249
03/19/2019,AEG,NM,ASW,WE,Federal Contract Tower,0,0,3,0,3,0,0,46,0,46,0,0,49,0,49,104,0,104,153
03/20/2019,AEG,NM,ASW,WE,Federal Contract Tower,0,0,5,0,5,0,2,71,0,73,0,2,76,0,78,116,0,116,194
03/21/2019,AEG,NM,ASW,WE,Federal Contract Tower,0,1,3,0,4,0,0,3,2,5,0,1,6,2,9,0,0,0,9
03/22/2019,AEG,NM,ASW,WE,Federal Contract Tower,0,0,5,0,5,0,0,37,0,37,0,0,42,0,42,48,0,48,90
03/23/2019,AEG,NM,ASW,WE,Federal Contract Tower,0,0,7,0,7,0,0,84,0,84,0,0,91,0,91,162,0,162,253
03/24/2019,AEG,NM,ASW,WE,Federal Contract Tower,0,0,3,0,3,0,0,54,0,54,0,0,57,0,57,14,0,14,71
03/25/2019,AEG,NM,ASW,WE,Federal Contract Tower,0,0,4,0,4,0,0,83,3,86,0,0,87,3,90,124,0,124,214
03/26/2019,AEG,NM,ASW,WE,Federal Contract Tower,0,0,2,0,2,0,2,59,2,63,0,2,61,2,65,170,8,178,243
03/27/2019,AEG,NM,ASW,WE,Federal Contract Tower,0,0,6,0,6,0,0,65,0,65,0,0,71,0,71,140,0,140,211
03/28/2019,AEG,NM,ASW,WE,Federal Contract Tower,0,1,6,0,7,0,1,71,0,72,0,2,77,0,79,140,0,140,219
03/29/2019,AEG,NM,ASW,WE,Federal Contract Tower,0,1,4,0,5,0,0,29,3,32,0,1,33,3,37,40,0,40,77
03/30/2019,AEG,NM,ASW,WE,Federal Contract Tower,0,1,4,0,5,0,0,35,0,35,0,1,39,0,40,36,0,36,76
03/31/2019,AEG,NM,ASW,WE,Federal Contract Tower,0,0,1,0,1,0,0,7,0,7,0,0,8,0,8,40,0,40,48
04/01/2019,AEG,NM,ASW,WE,Federal Contract Tower,0,0,2,0,2,0,0,50,0,50,0,0,52,0,52,72,0,72,124
04/02/2019,AEG,NM,ASW,WE,Federal Contract Tower,0,2,2,0,4,0,4,73,4,81,0,6,75,4,85,134,0,134,219
04/03/2019,AEG,NM,ASW,WE,Federal Contract Tower,0,1,5,0,6,0,0,29,3,32,0,1,34,3,38,70,0,70,108
04/04/2019,AEG,NM,ASW,WE,Federal Contract Tower,0,3,5,0,8,0,0,60,3,63,0,3,65,3,71,96,0,96,167
04/05/2019,AEG,NM,ASW,WE,Federal Contract Tower,0,2,1,0,3,0,0,51,5,56,0,2,52,5,59,86,0,86,145
04/06/2019,AEG,NM,ASW,WE,Federal Contract Tower,0,0,0,0,0,0,0,52,8,60,0,0,52,8,60,42,0,42,102
04/07/2019,AEG,NM,ASW,WE,Federal Contract Tower,0,1,3,0,4,0,1,52,7,60,0,2,55,7,64,78,0,78,142
04/08/2019,AEG,NM,ASW,WE,Federal Contract Tower,0,0,2,0,2,0,0,48,10,58,0,0,50,10,60,146,14,160,220
04/09/2019,AEG,NM,ASW,WE,Federal Contract Tower,0,1,1,2,4,0,2,37,4,43,0,3,38,6,47,270,0,270,317
04/10/2019,AEG,NM,ASW,WE,Federal Contract Tower,0,0,1,0,1,0,0,11,0,11,0,0,12,0,12,22,0,22,34
04/11/2019,AEG,NM,ASW,WE,Federal Contract Tower,0,0,4,0,4,0,0,11,6,17,0,0,15,6,21,4,0,4,25
04/12/2019,AEG,NM,ASW,WE,Federal Contract Tower,0,2,3,0,5,0,0,61,4,65,0,2,64,4,70,132,0,132,202
04/13/2019,AEG,NM,ASW,WE,Federal Contract Tower,0,0,2,0,2,0,0,40,0,40,0,0,42,0,42,66,0,66,108
04/14/2019,AEG,NM,ASW,WE,Federal Contract Tower,0,0,2,0,2,0,0,76,0,76,0,0,78,0,78,128,0,128,206
04/15/2019,AEG,NM,ASW,WE,Federal Contract Tower,0,1,5,0,6,0,0,51,0,51,0,1,56,0,57,150,0,150,207
04/16/2019,AEG,NM,ASW,WE,Federal Contract Tower,0,1,2,0,3,0,0,33,0,33,0,1,35,0,36,82,0,82,118
04/17/2019,AEG,NM,ASW,WE,Federal Contract Tower,0,1,2,0,3,0,0,6,0,6,0,1,8,0,9,12,0,12,21
04/18/2019,AEG,NM,ASW,WE,Federal Contract Tower,0,0,3,0,3,0,0,67,0,67,0,0,70,0,70,70,0,70,140
04/19/2019,AEG,NM,ASW,WE,Federal Contract Tower,0,0,0,0,0,0,0,89,0,89,0,0,89,0,89,104,0,104,193
04/20/2019,AEG,NM,ASW,WE,Federal Contract Tower,0,0,2,1,3,0,1,85,0,86,0,1,87,1,89,104,0,104,193
04/21/2019,AEG,NM,ASW,WE,Federal Contract Tower,0,0,0,2,2,0,0,29,0,29,0,0,29,2,31,18,0,18,49
04/22/2019,AEG,NM,ASW,WE,Federal Contract Tower,0,1,5,2,8,0,0,37,2,39,0,1,42,4,47,132,0,132,179
04/23/2019,AEG,NM,ASW,WE,Federal Contract Tower,0,1,5,0,6,0,0,4,3,7,0,1,9,3,13,2,0,2,15
04/24/2019,AEG,NM,ASW,WE,Federal Contract Tower,0,1,3,0,4,0,0,66,0,66,0,1,69,0,70,94,0,94,164
04/25/2019,AEG,NM,ASW,WE,Federal Contract Tower,0,0,5,0,5,0,0,68,0,68,0,0,73,0,73,98,0,98,171
04/26/2019,AEG,NM,ASW,WE,Federal Contract Tower,0,0,1,0,1,0,0,59,0,59,0,0,60,0,60,108,0,108,168
04/27/2019,AEG,NM,ASW,WE,Federal Contract Tower,0,1,3,0,4,0,0,59,2,61,0,1,62,2,65,60,0,60,125
04/28/2019,AEG,NM,ASW,WE,Federal Contract Tower,0,0,6,1,7,0,0,64,1,65,0,0,70,2,72,96,0,96,168
04/29/2019,AEG,NM,ASW,WE,Federal Contract Tower,0,2,7,2,11,0,0,27,1,28,0,2,34,3,39,62,0,62,101
04/30/2019,AEG,NM,ASW,WE,Federal Contract Tower,0,0,8,2,10,0,0,29,6,35,0,0,37,8,45,22,0,22,67
05/01/2019,AEG,NM,ASW,WE,Federal Contract Tower,0,0,6,0,6,0,0,57,0,57,0,0,63,0,63,46,0,46,109
05/02/2019,AEG,NM,ASW,WE,Federal Contract Tower,0,2,8,0,10,0,0,49,1,50,0,2,57,1,60,68,0,68,128
05/03/2019,AEG,NM,ASW,WE,Federal Contract Tower,0,0,6,0,6,0,0,59,0,59,0,0,65,0,65,98,0,98,163
05/04/2019,AEG,NM,ASW,WE,Federal Contract Tower,0,0,6,0,6,0,0,148,0,148,0,0,154,0,154,68,0,68,222
05/05/2019,AEG,NM,ASW,WE,Federal Contract Tower,0,0,4,0,4,0,0,56,0,56,0,0,60,0,60,108,0,108,168
05/06/2019,AEG,NM,ASW,WE,Federal Contract Tower,0,1,1,0,2,0,2,48,0,50,0,3,49,0,52,89,0,89,141
05/07/2019,AEG,NM,ASW,WE,Federal Contract Tower,0,1,10,0,11,0,0,30,1,31,0,1,40,1,42,64,0,64,106
05/08/2019,AEG,NM,ASW,WE,Federal Contract Tower,0,0,14,2,16,0,0,25,1,26,0,0,39,3,42,188,0,188,230
05/09/2019,AEG,NM,ASW,WE,Federal Contract Tower,0,0,8,0,8,0,0,24,0,24,0,0,32,0,32,18,0,18,50
05/10/2019,AEG,NM,ASW,WE,Federal Contract Tower,0,3,4,0,7,0,1,1,0,2,0,4,5,0,9,0,0,0,9
05/11/2019,AEG,NM,ASW,WE,Federal Contract Tower,0,0,3,0,3,0,0,33,0,33,0,0,36,0,36,20,0,20,56
05/12/2019,AEG,NM,ASW,WE,Federal Contract Tower,0,0,4,0,4,0,0,65,0,65,0,0,69,0,69,118,0,118,187
05/13/2019,AEG,NM,ASW,WE,Federal Contract Tower,0,0,9,0,9,0,1,100,0,101,0,1,109,0,110,258,0,258,368
05/14/2019,AEG,NM,ASW,WE,Federal Contract Tower,0,1,5,0,6,0,0,81,2,83,0,1,86,2,89,264,6,270,359
05/15/2019,AEG,NM,ASW,WE,Federal Contract Tower,0,0,3,5,8,0,0,87,2,89,0,0,90,7,97,160,36,196,293
05/16/2019,AEG,NM,ASW,WE,Federal Contract Tower,0,2,10,0,12,0,0,56,0,56,0,2,66,0,68,122,0,122,190
05/17/2019,AEG,NM,ASW,WE,Federal Contract Tower,0,2,8,0,10,0,0,39,1,40,0,2,47,1,50,42,0,42,92
05/18/2019,AEG,NM,ASW,WE,Federal Contract Tower,0,5,10,0,15,0,3,41,0,44,0,8,51,0,59,16,0,16,75
05/19/2019,AEG,NM,ASW,WE,Federal Contract Tower,0,0,4,0,4,0,0,45,0,45,0,0,49,0,49,100,0,100,149
05/20/2019,AEG,NM,ASW,WE,Federal Contract Tower,0,0,5,0,5,0,1,21,1,23,0,1,26,1,28,34,0,34,62
05/21/2019,AEG,NM,ASW,WE,Federal Contract Tower,0,1,8,7,16,0,0,15,4,19,0,1,23,11,35,0,0,0,35
05/22/2019,AEG,NM,ASW,WE,Federal Contract Tower,0,1,9,0,10,0,0,35,2,37,0,1,44,2,47,46,0,46,93
05/23/2019,AEG,NM,ASW,WE,Federal Contract Tower,0,0,2,0,2,0,1,4,4,9,0,1,6,4,11,0,10,10,21
05/24/2019,AEG,NM,ASW,WE,Federal Contract Tower,0,1,5,0,6,0,0,89,0,89,0,1,94,0,95,106,0,106,201
05/25/2019,AEG,NM,ASW,WE,Federal Contract Tower,0,0,1,3,4,0,0,67,0,67,0,0,68,3,71,86,0,86,157
05/26/2019,AEG,NM,ASW,WE,Federal Contract Tower,0,1,1,0,2,0,0,20,5,25,0,1,21,5,27,78,0,78,105
05/27/2019,AEG,NM,ASW,WE,Federal Contract Tower,0,1,3,0,4,0,0,22,0,22,0,1,25,0,26,10,0,10,36
05/28/2019,AEG,NM,ASW,WE,Federal Contract Tower,0,2,3,4,9,0,0,53,4,57,0,2,56,8,66,62,10,72,138
05/29/2019,AEG,NM,ASW,WE,Federal Contract Tower,0,3,8,0,11,0,0,69,1,70,0,3,77,1,81,130,0,130,211
05/30/2019,AEG,NM,ASW,WE,Federal Contract Tower,0,0,11,0,11,0,0,30,8,38,0,0,41,8,49,18,0,18,67
05/31/2019,AEG,NM,ASW,WE,Federal Contract Tower,0,0,5,5,10,0,0,64,7,71,0,0,69,12,81,142,0,142,223
06/01/2019,AEG,NM,ASW,WE,Federal Contract Tower,0,0,14,3,17,0,0,47,6,53,0,0,61,9,70,32,16,48,118
06/02/2019,AEG,NM,ASW,WE,Federal Contract Tower,0,1,7,0,8,0,0,38,6,44,0,1,45,6,52,140,0,140,192
06/03/2019,AEG,NM,ASW,WE,Federal Contract Tower,0,1,5,0,6,0,0,23,6,29,0,1,28,6,35,70,0,70,105
06/04/2019,AEG,NM,ASW,WE,Federal Contract Tower,0,0,2,0,2,0,0,49,2,51,0,0,51,2,53,138,0,138,191
06/05/2019,AEG,NM,ASW,WE,Federal Contract Tower,0,0,3,0,3,0,2,30,8,40,0,2,33,8,43,68,0,68,111
06/06/2019,AEG,NM,ASW,WE,Federal Contract Tower,0,0,7,0,7,0,1,80,4,85,0,1,87,4,92,74,18,92,184
06/07/2019,AEG,NM,ASW,WE,Federal Contract Tower,0,0,5,0,5,0,0,120,0,120,0,0,125,0,125,176,0,176,301
06/08/2019,AEG,NM,ASW,WE,Federal Contract Tower,0,0,8,0,8,0,0,85,1,86,0,0,93,1,94,106,18,124,218
06/09/2019,AEG,NM,ASW,WE,Federal Contract Tower,0,1,2,0,3,0,0,73,0,73,0,1,75,0,76,116,0,116,192
06/10/2019,AEG,NM,ASW,WE,Federal Contract Tower,0,0,1,0,1,0,0,16,0,16,0,0,17,0,17,0,0,0,17
06/11/2019,AEG,NM,ASW,WE,Federal Contract Tower,0,0,6,0,6,0,0,69,2,71,0,0,75,2,77,154,2,156,233
06/12/2019,AEG,NM,ASW,WE,Federal Contract Tower,0,1,5,0,6,0,0,49,4,53,0,1,54,4,59,38,0,38,97
06/13/2019,AEG,NM,ASW,WE,Federal Contract Tower,0,2,6,0,8,0,0,67,2,69,0,2,73,2,77,20,0,20,97
06/14/2019,AEG,NM,ASW,WE,Federal Contract Tower,0,0,10,2,12,0,0,68,0,68,0,0,78,2,80,122,0,122,202
06/15/2019,AEG,NM,ASW,WE,Federal Contract Tower,0,0,11,0,11,0,2,147,0,149,0,2,158,0,160,172,0,172,332
06/16/2019,AEG,NM,ASW,WE,Federal Contract Tower,0,3,2,0,5,0,0,49,1,50,0,3,51,1,55,112,0,112,167
06/17/2019,AEG,NM,ASW,WE,Federal Contract Tower,0,0,6,0,6,0,0,60,0,60,0,0,66,0,66,76,56,132,198
06/18/2019,AEG,NM,ASW,WE,Federal Contract Tower,0,0,1,0,1,0,0,56,0,56,0,0,57,0,57,204,0,204,261
06/19/2019,AEG,NM,ASW,WE,Federal Contract Tower,0,0,2,0,2,0,1,68,0,69,0,1,70,0,71,90,0,90,161
06/20/2019,AEG,NM,ASW,WE,Federal Contract Tower,0,0,12,0,12,0,0,83,2,85,0,0,95,2,97,140,0,140,237
06/21/2019,AEG,NM,ASW,WE,Federal Contract Tower,0,1,4,1,6,0,0,77,1,78,0,1,81,2,84,122,0,122,206
06/22/2019,AEG,NM,ASW,WE,Federal Contract Tower,0,0,3,0,3,0,0,73,0,73,0,0,76,0,76,112,0,112,188
06/23/2019,AEG,NM,ASW,WE,Federal Contract Tower,0,0,1,0,1,0,0,63,0,63,0,0,64,0,64,58,0,58,122
06/24/2019,AEG,NM,ASW,WE,Federal Contract Tower,0,0,11,0,11,0,1,58,0,59,0,1,69,0,70,198,0,198,268
06/25/2019,AEG,NM,ASW,WE,Federal Contract Tower,0,0,1,0,1,0,0,44,0,44,0,0,45,0,45,210,0,210,255
06/26/2019,AEG,NM,ASW,WE,Federal Contract Tower,0,0,17,0,17,0,0,71,0,71,0,0,88,0,88,164,0,164,252
06/27/2019,AEG,NM,ASW,WE,Federal Contract Tower,0,0,8,0,8,0,0,68,2,70,0,0,76,2,78,140,0,140,218
06/28/2019,AEG,NM,ASW,WE,Federal Contract Tower,0,1,6,0,7,0,0,74,0,74,0,1,80,0,81,164,0,164,245
06/29/2019,AEG,NM,ASW,WE,Federal Contract Tower,0,0,21,0,21,0,0,86,0,86,0,0,107,0,107,132,0,132,239
06/30/2019,AEG,NM,ASW,WE,Federal Contract Tower,0,1,11,0,12,0,0,80,9,89,0,1,91,9,101,216,0,216,317
07/01/2019,AEG,NM,ASW,WE,Federal Contract Tower,0,0,4,0,4,0,0,43,1,44,0,0,47,1,48,56,24,80,128
07/02/2019,AEG,NM,ASW,WE,Federal Contract Tower,0,1,1,0,2,0,0,60,2,62,0,1,61,2,64,148,4,152,216
07/03/2019,AEG,NM,ASW,WE,Federal Contract Tower,0,0,10,0,10,0,0,74,0,74,0,0,84,0,84,170,0,170,254
07/04/2019,AEG,NM,ASW,WE,Federal Contract Tower,0,1,6,0,7,0,0,63,0,63,0,1,69,0,70,108,0,108,178
07/05/2019,AEG,NM,ASW,WE,Federal Contract Tower,0,0,4,0,4,0,0,46,0,46,0,0,50,0,50,108,0,108,158
07/06/2019,AEG,NM,ASW,WE,Federal Contract Tower,0,0,3,0,3,0,1,26,0,27,0,1,29,0,30,42,0,42,72
07/07/2019,AEG,NM,ASW,WE,Federal Contract Tower,0,0,3,0,3,0,0,38,0,38,0,0,41,0,41,78,0,78,119
07/08/2019,AEG,NM,ASW,WE,Federal Contract Tower,0,0,6,0,6,0,0,54,0,54,0,0,60,0,60,100,0,100,160
07/09/2019,AEG,NM,ASW,WE,Federal Contract Tower,0,3,3,2,8,0,1,58,2,61,0,4,61,4,69,158,6,164,233
07/10/2019,AEG,NM,ASW,WE,Federal Contract Tower,0,1,8,0,9,0,0,104,1,105,0,1,112,1,114,132,0,132,246
07/11/2019,AEG,NM,ASW,WE,Federal Contract Tower,0,1,5,0,6,0,1,62,1,64,0,2,67,1,70,72,0,72,142
07/12/2019,AEG,NM,ASW,WE,Federal Contract Tower,0,1,2,0,3,0,2,62,3,67,0,3,64,3,70,106,0,106,176
07/13/2019,AEG,NM,ASW,WE,Federal Contract Tower,0,0,9,0,9,0,0,104,0,104,0,0,113,0,113,98,0,98,211
07/14/2019,AEG,NM,ASW,WE,Federal Contract Tower,0,0,1,0,1,0,0,74,0,74,0,0,75,0,75,146,0,146,221
07/15/2019,AEG,NM,ASW,WE,Federal Contract Tower,0,2,5,0,7,0,0,55,0,55,0,2,60,0,62,92,20,112,174
07/16/2019,AEG,NM,ASW,WE,Federal Contract Tower,0,1,3,0,4,0,0,44,2,46,0,1,47,2,50,132,0,132,182
07/17/2019,AEG,NM,ASW,WE,Federal Contract Tower,0,1,11,0,12,0,0,71,7,78,0,1,82,7,90,74,16,90,180
07/18/2019,AEG,NM,ASW,WE,Federal Contract Tower,0,5,0,0,5,0,0,58,3,61,0,5,58,3,66,60,0,60,126
07/19/2019,AEG,NM,ASW,WE,Federal Contract Tower,0,0,6,0,6,0,0,106,3,109,0,0,112,3,115,72,0,72,187
07/20/2019,AEG,NM,ASW,WE,Federal Contract Tower,0,0,7,0,7,0,0,89,9,98,0,0,96,9,105,56,9,65,170
07/21/2019,AEG,NM,ASW,WE,Federal Contract Tower,0,1,3,0,4,0,0,45,4,49,0,1,48,4,53,49,4,53,106
07/22/2019,AEG,NM,ASW,WE,Federal Contract Tower,0,0,0,0,0,0,0,37,9,46,0,0,37,9,46,14,14,28,74
07/23/2019,AEG,NM,ASW,WE,Federal Contract Tower,0,0,4,0,4,0,0,44,2,46,0,0,48,2,50,44,0,44,94
07/24/2019,AEG,NM,ASW,WE,Federal Contract Tower,0,2,8,0,10,0,0,54,2,56,0,2,62,2,66,44,0,44,110
07/25/2019,AEG,NM,ASW,WE,Federal Contract Tower,0,2,3,0,5,0,1,60,4,65,0,3,63,4,70,32,0,32,102
07/26/2019,AEG,NM,ASW,WE,Federal Contract Tower,0,0,7,0,7,0,53,5,0,58,0,53,12,0,65,54,2,56,121
07/27/2019,AEG,NM,ASW,WE,Federal Contract Tower,0,0,1,0,1,0,0,81,0,81,0,0,82,0,82,18,0,18,100
07/28/2019,AEG,NM,ASW,WE,Federal Contract Tower,0,0,1,0,1,0,2,65,0,67,0,2,66,0,68,58,0,58,126
07/29/2019,AEG,NM,ASW,WE,Federal Contract Tower,0,0,1,0,1,0,0,49,1,50,0,0,50,1,51,82,0,82,133
07/30/2019,AEG,NM,ASW,WE,Federal Contract Tower,0,1,3,0,4,0,2,70,2,74,0,3,73,2,78,86,0,86,164
07/31/2019,AEG,NM,ASW,WE,Federal Contract Tower,0,0,4,3,7,0,0,47,0,47,0,0,51,3,54,58,0,58,112
08/01/2019,AEG,NM,ASW,WE,Federal Contract Tower,0,0,2,0,2,0,4,74,0,78,0,4,76,0,80,54,0,54,134
08/02/2019,AEG,NM,ASW,WE,Federal Contract Tower,0,0,4,0,4,0,0,49,0,49,0,0,53,0,53,58,0,58,111
08/03/2019,AEG,NM,ASW,WE,Federal Contract Tower,0,0,4,0,4,0,0,84,0,84,0,0,88,0,88,76,0,76,164
08/04/2019,AEG,NM,ASW,WE,Federal Contract Tower,0,0,0,0,0,0,0,52,0,52,0,0,52,0,52,78,0,78,130
08/05/2019,AEG,NM,ASW,WE,Federal Contract Tower,0,1,8,0,9,0,0,39,0,39,0,1,47,0,48,54,0,54,102
08/06/2019,AEG,NM,ASW,WE,Federal Contract Tower,0,2,4,0,6,0,0,37,0,37,0,2,41,0,43,62,0,62,105
08/07/2019,AEG,NM,ASW,WE,Federal Contract Tower,0,1,7,0,8,0,0,48,0,48,0,1,55,0,56,38,0,38,94
08/08/2019,AEG,NM,ASW,WE,Federal Contract Tower,0,0,9,0,9,0,0,88,1,89,0,0,97,1,98,90,34,124,222
08/09/2019,AEG,NM,ASW,WE,Federal Contract Tower,0,1,10,2,13,0,0,56,3,59,0,1,66,5,72,40,12,52,124
08/10/2019,AEG,NM,ASW,WE,Federal Contract Tower,0,0,5,0,5,0,0,91,0,91,0,0,96,0,96,78,0,78,174
08/11/2019,AEG,NM,ASW,WE,Federal Contract Tower,0,0,2,0,2,0,1,49,0,50,0,1,51,0,52,70,0,70,122
08/12/2019,AEG,NM,ASW,WE,Federal Contract Tower,0,1,1,0,2,0,2,95,0,97,0,3,96,0,99,124,0,124,223
08/13/2019,AEG,NM,ASW,WE,Federal Contract Tower,0,0,3,2,5,0,0,82,1,83,0,0,85,3,88,132,0,132,220
08/14/2019,AEG,NM,ASW,WE,Federal Contract Tower,0,0,4,1,5,0,0,60,5,65,0,0,64,6,70,76,58,134,204
08/15/2019,AEG,NM,ASW,WE,Federal Contract Tower,0,0,12,0,12,0,0,109,1,110,0,0,121,1,122,136,0,136,258
08/16/2019,AEG,NM,ASW,WE,Federal Contract Tower,0,0,5,1,6,0,0,85,0,85,0,0,90,1,91,88,0,88,179
08/17/2019,AEG,NM,ASW,WE,Federal Contract Tower,0,0,4,0,4,0,0,93,1,94,0,0,97,1,98,146,0,146,244
08/18/2019,AEG,NM,ASW,WE,Federal Contract Tower,0,0,6,0,6,0,0,77,0,77,0,0,83,0,83,42,0,42,125
08/19/2019,AEG,NM,ASW,WE,Federal Contract Tower,0,0,1,0,1,0,0,49,2,51,0,0,50,2,52,146,2,148,200
08/20/2019,AEG,NM,ASW,WE,Federal Contract Tower,0,3,4,6,13,0,0,63,6,69,0,3,67,12,82,184,52,236,318
08/21/2019,AEG,NM,ASW,WE,Federal Contract Tower,0,1,10,2,13,0,0,74,7,81,0,1,84,9,94,162,60,222,316
08/22/2019,AEG,NM,ASW,WE,Federal Contract Tower,0,1,2,0,3,0,0,61,2,63,0,1,63,2,66,90,0,90,156
08/23/2019,AEG,NM,ASW,WE,Federal Contract Tower,0,1,7,0,8,0,0,66,1,67,0,1,73,1,75,126,0,126,201
08/24/2019,AEG,NM,ASW,WE,Federal Contract Tower,0,0,10,0,10,0,0,92,0,92,0,0,102,0,102,194,0,194,296
08/25/2019,AEG,NM,ASW,WE,Federal Contract Tower,0,0,3,0,3,0,0,46,0,46,0,0,49,0,49,81,0,81,130
08/26/2019,AEG,NM,ASW,WE,Federal Contract Tower,0,0,8,0,8,0,0,69,0,69,0,0,77,0,77,188,0,188,265
08/27/2019,AEG,NM,ASW,WE,Federal Contract Tower,0,2,19,0,21,0,0,55,4,59,0,2,74,4,80,56,24,80,160
08/28/2019,AEG,NM,ASW,WE,Federal Contract Tower,0,4,19,2,25,0,3,66,10,79,0,7,85,12,104,140,52,192,296
08/29/2019,AEG,NM,ASW,WE,Federal Contract Tower,0,0,11,1,12,0,2,75,7,84,0,2,86,8,96,78,0,78,174
08/30/2019,AEG,NM,ASW,WE,Federal Contract Tower,0,1,4,0,5,0,0,75,0,75,0,1,79,0,80,80,0,80,160
08/31/2019,AEG,NM,ASW,WE,Federal Contract Tower,0,1,9,0,10,0,0,79,0,79,0,1,88,0,89,102,0,102,191
09/01/2019,AEG,NM,ASW,WE,Federal Contract Tower,0,0,1,0,1,0,0,63,0,63,0,0,64,0,64,84,0,84,148
09/02/2019,AEG,NM,ASW,WE,Federal Contract Tower,0,0,3,0,3,0,0,85,0,85,0,0,88,0,88,58,0,58,146
09/03/2019,AEG,NM,ASW,WE,Federal Contract Tower,0,1,4,0,5,0,0,31,0,31,0,1,35,0,36,56,0,56,92
09/04/2019,AEG,NM,ASW,WE,Federal Contract Tower,0,2,7,0,9,0,0,69,5,74,0,2,76,5,83,36,10,46,129
09/05/2019,AEG,NM,ASW,WE,Federal Contract Tower,0,0,6,0,6,0,4,55,6,65,0,4,61,6,71,30,0,30,101
09/06/2019,AEG,NM,ASW,WE,Federal Contract Tower,0,2,6,0,8,0,1,98,12,111,0,3,104,12,119,90,0,90,209
09/07/2019,AEG,NM,ASW,WE,Federal Contract Tower,0,0,9,0,9,0,0,120,14,134,0,0,129,14,143,32,0,32,175
09/08/2019,AEG,NM,ASW,WE,Federal Contract Tower,0,0,4,0,4,0,0,60,1,61,0,0,64,1,65,110,0,110,175
09/09/2019,AEG,NM,ASW,WE,Federal Contract Tower,0,0,6,0,6,0,0,41,17,58,0,0,47,17,64,48,34,82,146
09/10/2019,AEG,NM,ASW,WE,Federal Contract Tower,0,2,2,0,4,0,0,44,4,48,0,2,46,4,52,100,30,130,182
09/11/2019,AEG,NM,ASW,WE,Federal Contract Tower,0,0,0,0,0,0,0,66,4,70,0,0,66,4,70,86,0,86,156
09/12/2019,AEG,NM,ASW,WE,Federal Contract Tower,0,2,7,2,11,0,0,59,5,64,0,2,66,7,75,77,2,79,154
09/13/2019,AEG,NM,ASW,WE,Federal Contract Tower,0,0,3,0,3,0,0,67,5,72,0,0,70,5,75,269,50,319,394
09/14/2019,AEG,NM,ASW,WE,Federal Contract Tower,0,1,8,0,9,0,0,81,1,82,0,1,89,1,91,160,0,160,251
09/15/2019,AEG,NM,ASW,WE,Federal Contract Tower,0,1,0,0,1,0,0,17,2,19,0,1,17,2,20,22,0,22,42
09/16/2019,AEG,NM,ASW,WE,Federal Contract Tower,0,0,2,0,2,0,0,26,3,29,0,0,28,3,31,112,0,112,143
09/17/2019,AEG,NM,ASW,WE,Federal Contract Tower,0,1,4,4,9,0,0,24,0,24,0,1,28,4,33,24,0,24,57
09/18/2019,AEG,NM,ASW,WE,Federal Contract Tower,0,0,17,0,17,0,0,94,2,96,0,0,111,2,113,198,50,248,361
09/19/2019,AEG,NM,ASW,WE,Federal Contract Tower,0,2,3,0,5,0,0,89,0,89,0,2,92,0,94,60,0,60,154
09/20/2019,AEG,NM,ASW,WE,Federal Contract Tower,0,0,3,0,3,0,0,64,8,72,0,0,67,8,75,54,70,124,199
09/21/2019,AEG,NM,ASW,WE,Federal Contract Tower,0,0,4,0,4,0,0,156,0,156,0,0,160,0,160,38,0,38,198
09/22/2019,AEG,NM,ASW,WE,Federal Contract Tower,0,1,5,0,6,0,0,83,0,83,0,1,88,0,89,107,0,107,196
09/23/2019,AEG,NM,ASW,WE,Federal Contract Tower,0,0,5,1,6,0,0,53,2,55,0,0,58,3,61,76,2,78,139
09/24/2019,AEG,NM,ASW,WE,Federal Contract Tower,0,0,8,0,8,0,0,73,6,79,0,0,81,6,87,172,0,172,259
09/25/2019,AEG,NM,ASW,WE,Federal Contract Tower,0,1,18,2,21,0,0,64,0,64,0,1,82,2,85,158,0,158,243
09/26/2019,AEG,NM,ASW,WE,Federal Contract Tower,0,0,10,0,10,0,0,70,2,72,0,0,80,2,82,64,0,64,146
09/27/2019,AEG,NM,ASW,WE,Federal Contract Tower,0,4,9,0,13,0,1,76,0,77,0,5,85,0,90,126,0,126,216
09/28/2019,AEG,NM,ASW,WE,Federal Contract Tower,0,0,0,0,0,0,0,79,0,79,0,0,79,0,79,112,0,112,191
09/29/2019,AEG,NM,ASW,WE,Federal Contract Tower,0,0,7,0,7,0,0,49,0,49,0,0,56,0,56,66,0,66,122
09/30/2019,AEG,NM,ASW,WE,Federal Contract Tower,0,0,7,1,8,0,0,64,1,65,0,0,71,2,73,60,18,78,151
10/01/2019,AEG,NM,ASW,WE,Federal Contract Tower,0,1,12,0,13,0,0,44,2,46,0,1,56,2,59,52,4,56,115
10/02/2019,AEG,NM,ASW,WE,Federal Contract Tower,0,3,6,0,9,0,4,119,0,123,0,7,125,0,132,106,0,106,238
10/03/2019,AEG,NM,ASW,WE,Federal Contract Tower,0,1,7,0,8,0,6,45,0,51,0,7,52,0,59,42,0,42,101
10/04/2019,AEG,NM,ASW,WE,Federal Contract Tower,0,0,7,1,8,0,8,11,1,20,0,8,18,2,28,0,10,10,38
10/05/2019,AEG,NM,ASW,WE,Federal Contract Tower,0,0,8,0,8,0,0,88,0,88,0,0,96,0,96,50,0,50,146
10/06/2019,AEG,NM,ASW,WE,Federal Contract Tower,0,2,6,0,8,0,0,104,0,104,0,2,110,0,112,34,0,34,146
10/07/2019,AEG,NM,ASW,WE,Federal Contract Tower,0,0,1,0,1,0,1,69,0,70,0,1,70,0,71,128,0,128,199
10/08/2019,AEG,NM,ASW,WE,Federal Contract Tower,0,1,14,2,17,0,0,75,2,77,0,1,89,4,94,62,38,100,194
10/09/2019,AEG,NM,ASW,WE,Federal Contract Tower,0,1,10,0,11,0,0,90,4,94,0,1,100,4,105,102,12,114,219
10/10/2019,AEG,NM,ASW,WE,Federal Contract Tower,0,2,4,0,6,0,5,35,2,42,0,7,39,2,48,14,0,14,62
10/11/2019,AEG,NM,ASW,WE,Federal Contract Tower,0,0,4,0,4,0,0,90,1,91,0,0,94,1,95,76,18,94,189
10/12/2019,AEG,NM,ASW,WE,Federal Contract Tower,0,0,6,0,6,0,0,94,0,94,0,0,100,0,100,58,0,58,158
10/13/2019,AEG,NM,ASW,WE,Federal Contract Tower,0,0,6,0,6,0,0,92,0,92,0,0,98,0,98,44,0,44,142
10/14/2019,AEG,NM,ASW,WE,Federal Contract Tower,0,0,9,0,9,0,0,48,10,58,0,0,57,10,67,102,0,102,169
10/15/2019,AEG,NM,ASW,WE,Federal Contract Tower,0,3,9,0,12,0,1,57,10,68,0,4,66,10,80,54,0,54,134
10/16/2019,AEG,NM,ASW,WE,Federal Contract Tower,0,3,11,0,14,0,0,98,0,98,0,3,109,0,112,140,0,140,252
10/17/2019,AEG,NM,ASW,WE,Federal Contract Tower,0,1,1,0,2,0,0,79,1,80,0,1,80,1,82,74,14,88,170
10/18/2019,AEG,NM,ASW,WE,Federal Contract Tower,0,0,6,0,6,0,0,36,0,36,0,0,42,0,42,40,0,40,82
10/19/2019,AEG,NM,ASW,WE,Federal Contract Tower,0,0,3,0,3,0,0,77,6,83,0,0,80,6,86,104,0,104,190
10/20/2019,AEG,NM,ASW,WE,Federal Contract Tower,0,1,1,0,2,0,0,15,0,15,0,1,16,0,17,38,0,38,55
10/21/2019,AEG,NM,ASW,WE,Federal Contract Tower,0,0,11,0,11,0,0,44,2,46,0,0,55,2,57,74,28,102,159
10/22/2019,AEG,NM,ASW,WE,Federal Contract Tower,0,0,5,0,5,0,1,84,0,85,0,1,89,0,90,110,0,110,200
10/23/2019,AEG,NM,ASW,WE,Federal Contract Tower,0,3,8,0,11,0,0,90,0,90,0,3,98,0,101,82,0,82,183
10/24/2019,AEG,NM,ASW,WE,Federal Contract Tower,0,3,2,0,5,0,0,62,2,64,0,3,64,2,69,26,24,50,119
10/25/2019,AEG,NM,ASW,WE,Federal Contract Tower,0,0,16,0,16,0,0,96,4,100,0,0,112,4,116,164,0,164,280
10/26/2019,AEG,NM,ASW,WE,Federal Contract Tower,0,0,14,0,14,0,0,93,0,93,0,0,107,0,107,114,0,114,221
10/27/2019,AEG,NM,ASW,WE,Federal Contract Tower,0,0,3,0,3,0,0,48,0,48,0,0,51,0,51,114,0,114,165
10/28/2019,AEG,NM,ASW,WE,Federal Contract Tower,0,1,1,0,2,0,0,6,0,6,0,1,7,0,8,0,0,0,8
10/29/2019,AEG,NM,ASW,WE,Federal Contract Tower,0,4,5,2,11,0,0,47,4,51,0,4,52,6,62,96,4,100,162
10/30/2019,AEG,NM,ASW,WE,Federal Contract Tower,0,1,10,0,11,0,0,10,4,14,0,1,20,4,25,4,0,4,29
10/31/2019,AEG,NM,ASW,WE,Federal Contract Tower,0,3,3,0,6,0,79,3,0,82,0,82,6,0,88,72,0,72,160
11/01/2019,AEG,NM,ASW,WE,Federal Contract Tower,0,1,13,0,14,0,0,62,5,67,0,1,75,5,81,128,0,128,209
11/02/2019,AEG,NM,ASW,WE,Federal Contract Tower,0,0,8,0,8,0,0,124,7,131,0,0,132,7,139,81,0,81,220
11/03/2019,AEG,NM,ASW,WE,Federal Contract Tower,0,1,9,0,10,0,0,72,4,76,0,1,81,4,86,206,0,206,292
11/04/2019,AEG,NM,ASW,WE,Federal Contract Tower,0,0,17,0,17,0,0,60,1,61,0,0,77,1,78,148,8,156,234
11/05/2019,AEG,NM,ASW,WE,Federal Contract Tower,0,2,9,4,15,0,0,62,7,69,0,2,71,11,84,140,4,144,228
11/06/2019,AEG,NM,ASW,WE,Federal Contract Tower,0,0,1,0,1,0,0,7,0,7,0,0,8,0,8,0,0,0,8
11/07/2019,AEG,NM,ASW,WE,Federal Contract Tower,0,4,5,0,9,0,2,15,5,22,0,6,20,5,31,34,0,34,65
11/08/2019,AEG,NM,ASW,WE,Federal Contract Tower,0,0,6,0,6,0,0,41,0,41,0,0,47,0,47,80,0,80,127
11/09/2019,AEG,NM,ASW,WE,Federal Contract Tower,0,0,1,0,1,0,1,116,0,117,0,1,117,0,118,272,0,272,390
11/10/2019,AEG,NM,ASW,WE,Federal Contract Tower,0,0,3,0,3,0,0,86,0,86,0,0,89,0,89,107,0,107,196
11/11/2019,AEG,NM,ASW,WE,Federal Contract Tower,0,1,0,0,1,0,0,38,0,38,0,1,38,0,39,86,0,86,125
11/12/2019,AEG,NM,ASW,WE,Federal Contract Tower,0,1,4,6,11,0,0,58,5,63,0,1,62,11,74,96,16,112,186
11/13/2019,AEG,NM,ASW,WE,Federal Contract Tower,0,0,10,4,14,0,0,100,2,102,0,0,110,6,116,230,4,234,350
11/14/2019,AEG,NM,ASW,WE,Federal Contract Tower,0,1,7,0,8,0,0,85,8,93,0,1,92,8,101,138,6,144,245
11/15/2019,AEG,NM,ASW,WE,Federal Contract Tower,0,1,4,0,5,0,0,98,1,99,0,1,102,1,104,186,0,186,290
11/16/2019,AEG,NM,ASW,WE,Federal Contract Tower,0,0,4,0,4,0,0,83,0,83,0,0,87,0,87,144,0,144,231
11/17/2019,AEG,NM,ASW,WE,Federal Contract Tower,0,1,4,1,6,0,0,71,0,71,0,1,75,1,77,158,0,158,235
11/18/2019,AEG,NM,ASW,WE,Federal Contract Tower,0,2,4,0,6,0,0,36,3,39,0,2,40,3,45,82,6,88,133
11/19/2019,AEG,NM,ASW,WE,Federal Contract Tower,0,3,13,0,16,0,0,97,4,101,0,3,110,4,117,150,0,150,267
11/20/2019,AEG,NM,ASW,WE,Federal Contract Tower,0,1,3,0,4,0,0,30,2,32,0,1,33,2,36,14,12,26,62
11/21/2019,AEG,NM,ASW,WE,Federal Contract Tower,0,0,0,0,0,0,0,0,0,0,0,0,0,0,0,0,0,0,0
11/22/2019,AEG,NM,ASW,WE,Federal Contract Tower,0,2,0,0,2,0,0,25,0,25,0,2,25,0,27,52,0,52,79
11/23/2019,AEG,NM,ASW,WE,Federal Contract Tower,0,0,8,0,8,0,0,84,0,84,0,0,92,0,92,132,0,132,224
11/24/2019,AEG,NM,ASW,WE,Federal Contract Tower,0,0,7,0,7,0,0,88,0,88,0,0,95,0,95,166,0,166,261
11/25/2019,AEG,NM,ASW,WE,Federal Contract Tower,0,1,1,1,3,0,0,59,2,61,0,1,60,3,64,110,2,112,176
11/26/2019,AEG,NM,ASW,WE,Federal Contract Tower,0,2,8,0,10,0,2,14,0,16,0,4,22,0,26,20,0,20,46
11/27/2019,AEG,NM,ASW,WE,Federal Contract Tower,0,1,8,0,9,0,0,41,0,41,0,1,49,0,50,36,0,36,86
11/28/2019,AEG,NM,ASW,WE,Federal Contract Tower,0,0,0,0,0,0,0,0,0,0,0,0,0,0,0,0,0,0,0
11/29/2019,AEG,NM,ASW,WE,Federal Contract Tower,0,0,0,0,0,0,0,0,0,0,0,0,0,0,0,0,0,0,0
11/30/2019,AEG,NM,ASW,WE,Federal Contract Tower,0,1,3,0,4,0,0,5,0,5,0,1,8,0,9,0,0,0,9
12/01/2019,AEG,NM,ASW,WE,Federal Contract Tower,0,1,16,0,17,0,0,75,9,84,0,1,91,9,101,112,0,112,213
12/02/2019,AEG,NM,ASW,WE,Federal Contract Tower,0,0,8,0,8,0,0,67,0,67,0,0,75,0,75,152,0,152,227
12/04/2019,AEG,NM,ASW,WE,Federal Contract Tower,0,2,9,0,11,0,0,28,0,28,0,2,37,0,39,70,0,70,109
12/05/2019,AEG,NM,ASW,WE,Federal Contract Tower,0,4,18,0,22,0,0,33,0,33,0,4,51,0,55,14,0,14,69
12/06/2019,AEG,NM,ASW,WE,Federal Contract Tower,0,0,8,0,8,0,0,76,4,80,0,0,84,4,88,132,0,132,220
12/07/2019,AEG,NM,ASW,WE,Federal Contract Tower,0,2,4,0,6,0,0,97,0,97,0,2,101,0,103,218,0,218,321
12/08/2019,AEG,NM,ASW,WE,Federal Contract Tower,0,2,0,0,2,0,0,11,0,11,0,2,11,0,13,69,0,69,82
12/09/2019,AEG,NM,ASW,WE,Federal Contract Tower,0,4,11,0,15,0,0,36,0,36,0,4,47,0,51,86,0,86,137
12/10/2019,AEG,NM,ASW,WE,Federal Contract Tower,0,0,13,0,13,0,0,94,2,96,0,0,107,2,109,160,0,160,269
12/11/2019,AEG,NM,ASW,WE,Federal Contract Tower,0,0,5,0,5,0,0,64,0,64,0,0,69,0,69,64,0,64,133
12/12/2019,AEG,NM,ASW,WE,Federal Contract Tower,0,0,10,0,10,0,0,64,2,66,0,0,74,2,76,148,0,148,224
12/13/2019,AEG,NM,ASW,WE,Federal Contract Tower,0,2,1,0,3,0,1,57,1,59,0,3,58,1,62,40,0,40,102
12/14/2019,AEG,NM,ASW,WE,Federal Contract Tower,0,0,13,0,13,0,0,60,0,60,0,0,73,0,73,90,0,90,163
12/15/2019,AEG,NM,ASW,WE,Federal Contract Tower,0,2,2,0,4,0,0,17,0,17,0,2,19,0,21,46,0,46,67
12/16/2019,AEG,NM,ASW,WE,Federal Contract Tower,0,1,1,0,2,0,0,30,0,30,0,1,31,0,32,18,0,18,50
12/17/2019,AEG,NM,ASW,WE,Federal Contract Tower,0,0,4,0,4,0,0,70,6,76,0,0,74,6,80,173,26,199,279
12/18/2019,AEG,NM,ASW,WE,Federal Contract Tower,0,0,9,0,9,0,0,70,1,71,0,0,79,1,80,156,0,156,236
12/19/2019,AEG,NM,ASW,WE,Federal Contract Tower,0,1,6,0,7,0,0,75,0,75,0,1,81,0,82,100,0,100,182
12/20/2019,AEG,NM,ASW,WE,Federal Contract Tower,0,0,1,0,1,0,8,66,2,76,0,8,67,2,77,118,0,118,195
12/21/2019,AEG,NM,ASW,WE,Federal Contract Tower,0,2,7,0,9,0,0,113,0,113,0,2,120,0,122,157,0,157,279
12/22/2019,AEG,NM,ASW,WE,Federal Contract Tower,0,0,3,0,3,0,0,82,0,82,0,0,85,0,85,134,0,134,219
12/23/2019,AEG,NM,ASW,WE,Federal Contract Tower,0,0,1,1,2,0,0,66,1,67,0,0,67,2,69,78,2,80,149
12/24/2019,AEG,NM,ASW,WE,Federal Contract Tower,0,0,0,0,0,0,0,20,0,20,0,0,20,0,20,70,0,70,90
12/25/2019,AEG,NM,ASW,WE,Federal Contract Tower,0,1,1,0,2,0,0,3,0,3,0,1,4,0,5,0,0,0,5
12/26/2019,AEG,NM,ASW,WE,Federal Contract Tower,0,1,2,0,3,0,0,74,0,74,0,1,76,0,77,124,0,124,201
12/27/2019,AEG,NM,ASW,WE,Federal Contract Tower,0,0,1,0,1,0,0,4,0,4,0,0,5,0,5,0,0,0,5
12/28/2019,AEG,NM,ASW,WE,Federal Contract Tower,0,0,3,0,3,0,0,17,0,17,0,0,20,0,20,50,0,50,70
12/29/2019,AEG,NM,ASW,WE,Federal Contract Tower,0,0,1,0,1,0,0,16,0,16,0,0,17,0,17,10,0,10,27
12/30/2019,AEG,NM,ASW,WE,Federal Contract Tower,0,0,4,0,4,0,0,49,0,49,0,0,53,0,53,90,0,90,143
12/31/2019,AEG,NM,ASW,WE,Federal Contract Tower,0,0,2,2,4,0,1,39,0,40,0,1,41,2,44,77,0,77,121
01/01/2020,AEG,NM,ASW,WE,Federal Contract Tower,0,0,1,0,1,0,0,63,0,63,0,0,64,0,64,138,0,138,202
01/02/2020,AEG,NM,ASW,WE,Federal Contract Tower,0,0,5,0,5,0,0,16,0,16,0,0,21,0,21,26,0,26,47
01/03/2020,AEG,NM,ASW,WE,Federal Contract Tower,0,1,2,0,3,0,1,75,0,76,0,2,77,0,79,78,0,78,157
01/04/2020,AEG,NM,ASW,WE,Federal Contract Tower,0,0,5,0,5,0,0,103,0,103,0,0,108,0,108,172,0,172,280
01/05/2020,AEG,NM,ASW,WE,Federal Contract Tower,0,0,8,0,8,0,0,81,0,81,0,0,89,0,89,108,0,108,197
01/06/2020,AEG,NM,ASW,WE,Federal Contract Tower,0,1,8,0,9,0,0,24,0,24,0,1,32,0,33,24,0,24,57
01/07/2020,AEG,NM,ASW,WE,Federal Contract Tower,0,1,6,0,7,0,0,101,8,109,0,1,107,8,116,216,0,216,332
01/08/2020,AEG,NM,ASW,WE,Federal Contract Tower,0,0,7,0,7,0,0,32,7,39,0,0,39,7,46,72,0,72,118
01/09/2020,AEG,NM,ASW,WE,Federal Contract Tower,0,1,12,2,15,0,0,72,6,78,0,1,84,8,93,90,0,90,183
01/10/2020,AEG,NM,ASW,WE,Federal Contract Tower,0,0,1,1,2,0,2,12,8,22,0,2,13,9,24,0,0,0,24
01/11/2020,AEG,NM,ASW,WE,Federal Contract Tower,0,0,7,1,8,0,0,79,11,90,0,0,86,12,98,128,0,128,226
01/12/2020,AEG,NM,ASW,WE,Federal Contract Tower,0,1,2,0,3,0,0,30,16,46,0,1,32,16,49,72,0,72,121
01/13/2020,AEG,NM,ASW,WE,Federal Contract Tower,0,2,2,0,4,0,1,42,10,53,0,3,44,10,57,52,0,52,109
01/14/2020,AEG,NM,ASW,WE,Federal Contract Tower,0,2,2,0,4,0,0,84,1,85,0,2,86,1,89,250,0,250,339
01/15/2020,AEG,NM,ASW,WE,Federal Contract Tower,0,1,8,0,9,0,0,94,11,105,0,1,102,11,114,182,30,212,326
01/16/2020,AEG,NM,ASW,WE,Federal Contract Tower,0,0,1,0,1,0,0,0,0,0,0,0,1,0,1,0,0,0,1
01/17/2020,AEG,NM,ASW,WE,Federal Contract Tower,0,1,3,6,10,0,0,11,2,13,0,1,14,8,23,26,8,34,57
01/18/2020,AEG,NM,ASW,WE,Federal Contract Tower,0,2,11,1,14,0,0,84,0,84,0,2,95,1,98,122,0,122,220
01/19/2020,AEG,NM,ASW,WE,Federal Contract Tower,0,0,6,0,6,0,0,77,0,77,0,0,83,0,83,54,0,54,137
01/20/2020,AEG,NM,ASW,WE,Federal Contract Tower,0,0,3,0,3,0,0,62,0,62,0,0,65,0,65,146,0,146,211
01/21/2020,AEG,NM,ASW,WE,Federal Contract Tower,0,0,0,0,0,0,0,8,0,8,0,0,8,0,8,0,0,0,8
01/22/2020,AEG,NM,ASW,WE,Federal Contract Tower,0,4,3,1,8,0,0,27,1,28,0,4,30,2,36,32,0,32,68
01/23/2020,AEG,NM,ASW,WE,Federal Contract Tower,0,2,2,0,4,0,0,70,0,70,0,2,72,0,74,40,0,40,114
01/24/2020,AEG,NM,ASW,WE,Federal Contract Tower,0,1,3,0,4,0,0,88,3,91,0,1,91,3,95,144,6,150,245
01/25/2020,AEG,NM,ASW,WE,Federal Contract Tower,0,1,7,0,8,0,0,70,6,76,0,1,77,6,84,108,0,108,192
01/26/2020,AEG,NM,ASW,WE,Federal Contract Tower,0,0,4,0,4,0,1,63,0,64,0,1,67,0,68,67,0,67,135
01/27/2020,AEG,NM,ASW,WE,Federal Contract Tower,0,0,3,0,3,0,1,14,0,15,0,1,17,0,18,18,0,18,36
01/28/2020,AEG,NM,ASW,WE,Federal Contract Tower,0,1,3,0,4,0,0,66,0,66,0,1,69,0,70,78,0,78,148
01/29/2020,AEG,NM,ASW,WE,Federal Contract Tower,0,0,6,2,8,0,0,57,2,59,0,0,63,4,67,146,6,152,219
01/30/2020,AEG,NM,ASW,WE,Federal Contract Tower,0,2,2,0,4,0,2,29,0,31,0,4,31,0,35,86,0,86,121
01/31/2020,AEG,NM,ASW,WE,Federal Contract Tower,0,0,7,2,9,0,0,63,0,63,0,0,70,2,72,104,0,104,176
02/01/2020,AEG,NM,ASW,CE,Federal Contract Tower,0,1,8,0,9,0,0,155,0,155,0,1,163,0,164,92,0,92,256
02/02/2020,AEG,NM,ASW,CE,Federal Contract Tower,0,2,6,0,8,0,0,60,0,60,0,2,66,0,68,116,0,116,184
02/03/2020,AEG,NM,ASW,CE,Federal Contract Tower,0,2,0,0,2,0,0,22,2,24,0,2,22,2,26,30,22,52,78
02/04/2020,AEG,NM,ASW,CE,Federal Contract Tower,0,2,1,0,3,0,0,7,0,7,0,2,8,0,10,6,0,6,16
02/05/2020,AEG,NM,ASW,CE,Federal Contract Tower,0,5,5,2,12,0,2,20,0,22,0,7,25,2,34,68,0,68,102
02/06/2020,AEG,NM,ASW,CE,Federal Contract Tower,0,0,5,0,5,0,0,34,0,34,0,0,39,0,39,18,0,18,57
02/07/2020,AEG,NM,ASW,CE,Federal Contract Tower,0,0,5,0,5,0,0,46,3,49,0,0,51,3,54,24,20,44,98
02/08/2020,AEG,NM,ASW,CE,Federal Contract Tower,0,2,6,0,8,0,0,98,0,98,0,2,104,0,106,176,0,176,282
02/09/2020,AEG,NM,ASW,CE,Federal Contract Tower,0,1,9,0,10,0,0,66,0,66,0,1,75,0,76,132,0,132,208
02/10/2020,AEG,NM,ASW,CE,Federal Contract Tower,0,1,1,0,2,0,0,1,0,1,0,1,2,0,3,0,0,0,3
02/11/2020,AEG,NM,ASW,CE,Federal Contract Tower,0,0,0,0,0,0,0,0,0,0,0,0,0,0,0,0,0,0,0
02/12/2020,AEG,NM,ASW,CE,Federal Contract Tower,0,3,9,0,12,0,2,68,1,71,0,5,77,1,83,146,12,158,241
02/13/2020,AEG,NM,ASW,CE,Federal Contract Tower,0,0,6,0,6,0,0,94,2,96,0,0,100,2,102,204,0,204,306
02/14/2020,AEG,NM,ASW,CE,Federal Contract Tower,0,4,4,0,8,0,0,53,0,53,0,4,57,0,61,140,0,140,201
02/15/2020,AEG,NM,ASW,CE,Federal Contract Tower,0,3,15,0,18,0,0,100,0,100,0,3,115,0,118,170,0,170,288
02/16/2020,AEG,NM,ASW,CE,Federal Contract Tower,0,1,7,0,8,0,0,79,0,79,0,1,86,0,87,96,0,96,183
02/17/2020,AEG,NM,ASW,CE,Federal Contract Tower,0,0,7,2,9,0,0,64,0,64,0,0,71,2,73,100,0,100,173
02/18/2020,AEG,NM,ASW,CE,Federal Contract Tower,0,1,8,0,9,0,4,63,0,67,0,5,71,0,76,106,0,106,182
02/19/2020,AEG,NM,ASW,CE,Federal Contract Tower,0,3,9,0,12,0,0,61,2,63,0,3,70,2,75,108,0,108,183
02/20/2020,AEG,NM,ASW,CE,Federal Contract Tower,0,2,4,0,6,0,0,41,6,47,0,2,45,6,53,50,26,76,129
02/21/2020,AEG,NM,ASW,CE,Federal Contract Tower,0,3,9,0,12,0,0,77,0,77,0,3,86,0,89,202,0,202,291
02/22/2020,AEG,NM,ASW,CE,Federal Contract Tower,0,3,5,0,8,0,0,27,0,27,0,3,32,0,35,74,0,74,109
02/23/2020,AEG,NM,ASW,CE,Federal Contract Tower,0,2,2,0,4,0,0,4,0,4,0,2,6,0,8,0,0,0,8
02/24/2020,AEG,NM,ASW,CE,Federal Contract Tower,0,1,2,1,4,0,0,30,2,32,0,1,32,3,36,38,0,38,74
02/25/2020,AEG,NM,ASW,CE,Federal Contract Tower,0,1,10,5,16,0,0,30,2,32,0,1,40,7,48,56,4,60,108
02/26/2020,AEG,NM,ASW,CE,Federal Contract Tower,0,4,7,0,11,0,0,76,5,81,0,4,83,5,92,100,14,114,206
02/27/2020,AEG,NM,ASW,CE,Federal Contract Tower,0,0,6,0,6,0,0,67,2,69,0,0,73,2,75,78,4,82,157
02/28/2020,AEG,NM,ASW,CE,Federal Contract Tower,0,0,2,2,4,0,3,99,4,106,0,3,101,6,110,170,0,170,280
02/29/2020,AEG,NM,ASW,CE,Federal Contract Tower,0,3,8,0,11,0,0,89,4,93,0,3,97,4,104,88,0,88,192
03/01/2020,AEG,NM,ASW,CE,Federal Contract Tower,0,2,8,0,10,0,0,33,8,41,0,2,41,8,51,84,0,84,135
03/02/2020,AEG,NM,ASW,CE,Federal Contract Tower,0,4,3,0,7,0,0,33,8,41,0,4,36,8,48,51,2,53,101
03/03/2020,AEG,NM,ASW,CE,Federal Contract Tower,0,1,6,0,7,0,0,59,3,62,0,1,65,3,69,62,0,62,131
03/04/2020,AEG,NM,ASW,CE,Federal Contract Tower,0,0,6,5,11,0,0,89,1,90,0,0,95,6,101,124,0,124,225
03/05/2020,AEG,NM,ASW,CE,Federal Contract Tower,0,0,8,0,8,0,0,100,3,103,0,0,108,3,111,68,2,70,181
03/06/2020,AEG,NM,ASW,CE,Federal Contract Tower,0,1,8,0,9,0,0,67,3,70,0,1,75,3,79,80,0,80,159
03/07/2020,AEG,NM,ASW,CE,Federal Contract Tower,0,0,8,0,8,0,0,100,1,101,0,0,108,1,109,76,0,76,185
03/08/2020,AEG,NM,ASW,CE,Federal Contract Tower,0,0,2,0,2,0,0,16,2,18,0,0,18,2,20,8,38,46,66
03/09/2020,AEG,NM,ASW,CE,Federal Contract Tower,0,4,8,0,12,0,0,103,2,105,0,4,111,2,117,150,0,150,267
03/10/2020,AEG,NM,ASW,CE,Federal Contract Tower,0,2,8,1,11,0,0,59,4,63,0,2,67,5,74,46,20,66,140
03/11/2020,AEG,NM,ASW,CE,Federal Contract Tower,0,2,8,0,10,0,0,36,0,36,0,2,44,0,46,52,0,52,98
03/12/2020,AEG,NM,ASW,CE,Federal Contract Tower,0,2,11,0,13,0,0,56,1,57,0,2,67,1,70,110,16,126,196
03/13/2020,AEG,NM,ASW,CE,Federal Contract Tower,0,1,4,0,5,0,0,3,0,3,0,1,7,0,8,0,0,0,8
03/14/2020,AEG,NM,ASW,CE,Federal Contract Tower,0,0,4,0,4,0,0,82,0,82,0,0,86,0,86,92,0,92,178
03/15/2020,AEG,NM,ASW,CE,Federal Contract Tower,0,2,4,0,6,0,1,76,0,77,0,3,80,0,83,98,0,98,181
03/16/2020,AEG,NM,ASW,CE,Federal Contract Tower,0,1,3,0,4,0,0,67,4,71,0,1,70,4,75,158,30,188,263
03/17/2020,AEG,NM,ASW,CE,Federal Contract Tower,0,1,14,0,15,0,0,88,0,88,0,1,102,0,103,146,0,146,249
03/18/2020,AEG,NM,ASW,CE,Federal Contract Tower,0,1,1,0,2,0,0,27,4,31,0,1,28,4,33,20,16,36,69
03/19/2020,AEG,NM,ASW,CE,Federal Contract Tower,0,0,2,0,2,0,0,21,0,21,0,0,23,0,23,24,0,24,47
03/20/2020,AEG,NM,ASW,CE,Federal Contract Tower,0,1,6,0,7,0,0,50,0,50,0,1,56,0,57,138,0,138,195
03/22/2020,AEG,NM,ASW,CE,Federal Contract Tower,0,0,2,0,2,0,0,77,0,77,0,0,79,0,79,69,0,69,148
03/23/2020,AEG,NM,ASW,CE,Federal Contract Tower,0,0,2,0,2,0,1,28,2,31,0,1,30,2,33,56,22,78,111
03/24/2020,AEG,NM,ASW,CE,Federal Contract Tower,0,1,8,4,13,0,0,42,2,44,0,1,50,6,57,26,8,34,91
03/25/2020,AEG,NM,ASW,CE,Federal Contract Tower,0,1,1,0,2,0,0,27,1,28,0,1,28,1,30,46,8,54,84
03/26/2020,AEG,NM,ASW,CE,Federal Contract Tower,0,0,2,0,2,0,0,3,0,3,0,0,5,0,5,0,0,0,5
03/27/2020,AEG,NM,ASW,CE,Federal Contract Tower,0,0,2,0,2,0,2,6,0,8,0,2,8,0,10,0,0,0,10
03/28/2020,AEG,NM,ASW,CE,Federal Contract Tower,0,0,2,0,2,0,0,19,0,19,0,0,21,0,21,12,0,12,33
03/29/2020,AEG,NM,ASW,CE,Federal Contract Tower,0,1,0,0,1,0,0,64,0,64,0,1,64,0,65,84,0,84,149
03/30/2020,AEG,NM,ASW,CE,Federal Contract Tower,0,2,3,0,5,0,0,15,2,17,0,2,18,2,22,6,0,6,28
03/31/2020,AEG,NM,ASW,CE,Federal Contract Tower,0,0,3,2,5,0,0,79,0,79,0,0,82,2,84,40,0,40,124
04/01/2020,AEG,NM,ASW,CE,Federal Contract Tower,0,3,6,0,9,0,0,40,2,42,0,3,46,2,51,14,14,28,79
04/02/2020,AEG,NM,ASW,CE,Federal Contract Tower,0,0,1,0,1,0,0,13,0,13,0,0,14,0,14,0,0,0,14
04/03/2020,AEG,NM,ASW,CE,Federal Contract Tower,0,0,2,0,2,0,0,36,0,36,0,0,38,0,38,58,0,58,96
04/04/2020,AEG,NM,ASW,CE,Federal Contract Tower,0,1,3,0,4,0,0,51,0,51,0,1,54,0,55,50,0,50,105
04/05/2020,AEG,NM,ASW,CE,Federal Contract Tower,0,0,2,0,2,0,0,69,0,69,0,0,71,0,71,34,0,34,105
04/06/2020,AEG,NM,ASW,CE,Federal Contract Tower,0,0,0,0,0,0,2,26,1,29,0,2,26,1,29,0,6,6,35
04/07/2020,AEG,NM,ASW,CE,Federal Contract Tower,0,1,9,0,10,0,0,41,4,45,0,1,50,4,55,36,0,36,91
04/08/2020,AEG,NM,ASW,CE,Federal Contract Tower,0,0,2,0,2,0,0,56,2,58,0,0,58,2,60,80,2,82,142
04/09/2020,AEG,NM,ASW,CE,Federal Contract Tower,0,2,4,0,6,0,0,39,4,43,0,2,43,4,49,32,26,58,107
04/10/2020,AEG,NM,ASW,CE,Federal Contract Tower,0,0,1,0,1,0,0,73,1,74,0,0,74,1,75,78,12,90,165
04/11/2020,AEG,NM,ASW,CE,Federal Contract Tower,0,1,3,0,4,0,0,79,0,79,0,1,82,0,83,74,0,74,157
04/12/2020,AEG,NM,ASW,CE,Federal Contract Tower,0,1,1,0,2,0,0,5,0,5,0,1,6,0,7,0,0,0,7
04/13/2020,AEG,NM,ASW,CE,Federal Contract Tower,0,0,0,0,0,0,0,0,0,0,0,0,0,0,0,0,0,0,0
04/14/2020,AEG,NM,ASW,CE,Federal Contract Tower,0,2,3,1,6,0,1,31,1,33,0,3,34,2,39,34,2,36,75
04/15/2020,AEG,NM,ASW,CE,Federal Contract Tower,0,0,1,0,1,0,0,47,2,49,0,0,48,2,50,46,20,66,116
04/16/2020,AEG,NM,ASW,CE,Federal Contract Tower,0,0,0,0,0,0,0,56,4,60,0,0,56,4,60,28,0,28,88
04/17/2020,AEG,NM,ASW,CE,Federal Contract Tower,0,1,2,0,3,0,0,60,0,60,0,1,62,0,63,48,0,48,111
04/18/2020,AEG,NM,ASW,CE,Federal Contract Tower,0,0,4,0,4,0,0,47,0,47,0,0,51,0,51,48,0,48,99
04/19/2020,AEG,NM,ASW,CE,Federal Contract Tower,0,1,4,0,5,0,0,66,0,66,0,1,70,0,71,54,0,54,125
04/20/2020,AEG,NM,ASW,CE,Federal Contract Tower,0,3,5,0,8,0,0,50,0,50,0,3,55,0,58,18,0,18,76
04/21/2020,AEG,NM,ASW,CE,Federal Contract Tower,0,1,5,0,6,0,0,50,0,50,0,1,55,0,56,74,0,74,130
04/22/2020,AEG,NM,ASW,CE,Federal Contract Tower,0,2,1,2,5,0,0,8,2,10,0,2,9,4,15,14,14,28,43
04/23/2020,AEG,NM,ASW,CE,Federal Contract Tower,0,2,2,0,4,0,0,20,1,21,0,2,22,1,25,0,0,0,25
04/24/2020,AEG,NM,ASW,CE,Federal Contract Tower,0,1,5,0,6,0,0,14,0,14,0,1,19,0,20,10,0,10,30
04/25/2020,AEG,NM,ASW,CE,Federal Contract Tower,0,3,11,0,14,0,0,91,0,91,0,3,102,0,105,122,0,122,227
04/26/2020,AEG,NM,ASW,CE,Federal Contract Tower,0,1,2,0,3,0,0,62,0,62,0,1,64,0,65,88,0,88,153
04/27/2020,AEG,NM,ASW,CE,Federal Contract Tower,0,4,2,0,6,0,1,35,3,39,0,5,37,3,45,34,22,56,101
04/28/2020,AEG,NM,ASW,CE,Federal Contract Tower,0,1,5,0,6,0,0,34,0,34,0,1,39,0,40,96,0,96,136
04/29/2020,AEG,NM,ASW,CE,Federal Contract Tower,0,1,7,0,8,0,0,66,2,68,0,1,73,2,76,51,8,59,135
04/30/2020,AEG,NM,ASW,CE,Federal Contract Tower,0,1,8,0,9,0,0,58,5,63,0,1,66,5,72,94,0,94,166
05/01/2020,AEG,NM,ASW,CE,Federal Contract Tower,0,0,6,0,6,0,0,74,0,74,0,0,80,0,80,32,0,32,112
05/02/2020,AEG,NM,ASW,CE,Federal Contract Tower,0,4,7,0,11,0,0,81,0,81,0,4,88,0,92,84,0,84,176
05/03/2020,AEG,NM,ASW,CE,Federal Contract Tower,0,1,2,0,3,0,0,85,0,85,0,1,87,0,88,72,0,72,160
05/04/2020,AEG,NM,ASW,CE,Federal Contract Tower,0,1,3,0,4,0,0,25,2,27,0,1,28,2,31,0,0,0,31
05/05/2020,AEG,NM,ASW,CE,Federal Contract Tower,0,7,6,0,13,0,0,32,1,33,0,7,38,1,46,22,26,48,94
05/06/2020,AEG,NM,ASW,CE,Federal Contract Tower,0,2,4,0,6,0,1,67,0,68,0,3,71,0,74,62,0,62,136
05/07/2020,AEG,NM,ASW,CE,Federal Contract Tower,0,0,7,0,7,0,0,28,0,28,0,0,35,0,35,18,0,18,53
05/08/2020,AEG,NM,ASW,CE,Federal Contract Tower,0,0,3,0,3,0,1,19,0,20,0,1,22,0,23,4,0,4,27
05/09/2020,AEG,NM,ASW,CE,Federal Contract Tower,0,2,18,0,20,0,0,103,0,103,0,2,121,0,123,104,0,104,227
05/10/2020,AEG,NM,ASW,CE,Federal Contract Tower,0,1,1,0,2,0,0,41,1,42,0,1,42,1,44,22,0,22,66
05/11/2020,AEG,NM,ASW,CE,Federal Contract Tower,0,0,1,0,1,0,2,27,6,35,0,2,28,6,36,56,2,58,94
05/12/2020,AEG,NM,ASW,CE,Federal Contract Tower,0,0,11,0,11,0,1,68,4,73,0,1,79,4,84,144,0,144,228
05/13/2020,AEG,NM,ASW,CE,Federal Contract Tower,0,1,8,6,15,0,0,34,2,36,0,1,42,8,51,24,4,28,79
05/14/2020,AEG,NM,ASW,CE,Federal Contract Tower,0,4,1,0,5,0,0,81,4,85,0,4,82,4,90,90,0,90,180
05/15/2020,AEG,NM,ASW,CE,Federal Contract Tower,0,1,6,0,7,0,0,55,2,57,0,1,61,2,64,78,38,116,180
05/16/2020,AEG,NM,ASW,CE,Federal Contract Tower,0,0,8,0,8,0,0,76,0,76,0,0,84,0,84,98,0,98,182
05/17/2020,AEG,NM,ASW,CE,Federal Contract Tower,0,3,8,0,11,0,0,41,0,41,0,3,49,0,52,54,0,54,106
05/18/2020,AEG,NM,ASW,CE,Federal Contract Tower,0,1,8,0,9,0,0,54,0,54,0,1,62,0,63,78,0,78,141
05/19/2020,AEG,NM,ASW,CE,Federal Contract Tower,0,2,9,1,12,0,0,47,2,49,0,2,56,3,61,94,12,106,167
05/20/2020,AEG,NM,ASW,CE,Federal Contract Tower,0,2,9,0,11,0,3,45,0,48,0,5,54,0,59,96,0,96,155
05/21/2020,AEG,NM,ASW,CE,Federal Contract Tower,0,7,2,0,9,0,0,56,0,56,0,7,58,0,65,42,0,42,107
05/22/2020,AEG,NM,ASW,CE,Federal Contract Tower,0,1,1,0,2,0,0,80,0,80,0,1,81,0,82,44,0,44,126
05/23/2020,AEG,NM,ASW,CE,Federal Contract Tower,0,1,5,0,6,0,0,53,0,53,0,1,58,0,59,76,0,76,135
05/24/2020,AEG,NM,ASW,CE,Federal Contract Tower,0,0,0,0,0,0,0,91,0,91,0,0,91,0,91,150,0,150,241
05/25/2020,AEG,NM,ASW,CE,Federal Contract Tower,0,1,5,0,6,0,0,30,0,30,0,1,35,0,36,22,0,22,58
05/26/2020,AEG,NM,ASW,CE,Federal Contract Tower,0,1,6,1,8,0,0,62,1,63,0,1,68,2,71,175,4,179,250
05/27/2020,AEG,NM,ASW,CE,Federal Contract Tower,0,4,4,0,8,0,0,51,0,51,0,4,55,0,59,106,0,106,165
05/28/2020,AEG,NM,ASW,CE,Federal Contract Tower,0,4,4,0,8,0,0,0,0,0,0,4,4,0,8,52,0,52,60
05/29/2020,AEG,NM,ASW,CE,Federal Contract Tower,0,5,5,0,10,0,2,48,0,50,0,7,53,0,60,46,0,46,106
05/30/2020,AEG,NM,ASW,CE,Federal Contract Tower,0,0,4,3,7,0,0,94,1,95,0,0,98,4,102,94,0,94,196
05/31/2020,AEG,NM,ASW,CE,Federal Contract Tower,0,0,4,0,4,0,0,59,0,59,0,0,63,0,63,52,0,52,115
06/01/2020,AEG,NM,ASW,CE,Federal Contract Tower,0,1,5,0,6,0,0,42,2,44,0,1,47,2,50,22,44,66,116
06/02/2020,AEG,NM,ASW,CE,Federal Contract Tower,0,0,10,1,11,0,0,63,0,63,0,0,73,1,74,366,0,366,440
06/03/2020,AEG,NM,ASW,CE,Federal Contract Tower,0,0,12,0,12,0,0,85,0,85,0,0,97,0,97,278,0,278,375
06/04/2020,AEG,NM,ASW,CE,Federal Contract Tower,0,0,7,0,7,0,0,64,1,65,0,0,71,1,72,156,0,156,228
06/05/2020,AEG,NM,ASW,CE,Federal Contract Tower,0,0,5,0,5,0,0,84,0,84,0,0,89,0,89,124,0,124,213
06/06/2020,AEG,NM,ASW,CE,Federal Contract Tower,0,1,4,0,5,0,0,28,1,29,0,1,32,1,34,26,0,26,60
06/07/2020,AEG,NM,ASW,CE,Federal Contract Tower,0,0,2,0,2,0,0,54,6,60,0,0,56,6,62,108,0,108,170
06/08/2020,AEG,NM,ASW,CE,Federal Contract Tower,0,0,0,0,0,0,8,16,7,31,0,8,16,7,31,52,0,52,83
06/09/2020,AEG,NM,ASW,CE,Federal Contract Tower,0,2,5,0,7,0,0,14,4,18,0,2,19,4,25,10,0,10,35
06/10/2020,AEG,NM,ASW,CE,Federal Contract Tower,0,0,6,0,6,0,1,85,3,89,0,1,91,3,95,140,0,140,235
06/11/2020,AEG,NM,ASW,CE,Federal Contract Tower,0,0,3,0,3,0,0,55,7,62,0,0,58,7,65,50,0,50,115
06/12/2020,AEG,NM,ASW,CE,Federal Contract Tower,0,1,3,0,4,0,0,53,1,54,0,1,56,1,58,78,0,78,136
06/13/2020,AEG,NM,ASW,CE,Federal Contract Tower,0,2,8,0,10,0,0,53,0,53,0,2,61,0,63,60,0,60,123
06/14/2020,AEG,NM,ASW,CE,Federal Contract Tower,0,1,0,0,1,0,0,49,1,50,0,1,49,1,51,54,0,54,105
06/15/2020,AEG,NM,ASW,CE,Federal Contract Tower,0,4,3,0,7,0,0,75,2,77,0,4,78,2,84,144,0,144,228
06/16/2020,AEG,NM,ASW,CE,Federal Contract Tower,0,3,4,0,7,0,1,65,0,66,0,4,69,0,73,130,0,130,203
06/17/2020,AEG,NM,ASW,CE,Federal Contract Tower,0,3,13,0,16,0,0,80,0,80,0,3,93,0,96,120,0,120,216
06/18/2020,AEG,NM,ASW,CE,Federal Contract Tower,0,1,3,0,4,0,6,61,2,69,0,7,64,2,73,86,4,90,163
06/19/2020,AEG,NM,ASW,CE,Federal Contract Tower,0,1,2,0,3,0,0,35,0,35,0,1,37,0,38,74,0,74,112
06/20/2020,AEG,NM,ASW,CE,Federal Contract Tower,0,0,2,0,2,0,0,81,0,81,0,0,83,0,83,106,0,106,189
06/21/2020,AEG,NM,ASW,CE,Federal Contract Tower,0,0,1,0,1,0,0,67,0,67,0,0,68,0,68,32,0,32,100
06/22/2020,AEG,NM,ASW,CE,Federal Contract Tower,0,1,3,0,4,0,0,61,2,63,0,1,64,2,67,82,0,82,149
06/23/2020,AEG,NM,ASW,CE,Federal Contract Tower,0,1,4,2,7,0,0,41,7,48,0,1,45,9,55,106,18,124,179
06/24/2020,AEG,NM,ASW,CE,Federal Contract Tower,0,0,11,0,11,0,0,68,4,72,0,0,79,4,83,142,0,142,225
06/25/2020,AEG,NM,ASW,CE,Federal Contract Tower,0,0,6,0,6,0,0,92,0,92,0,0,98,0,98,88,0,88,186
06/26/2020,AEG,NM,ASW,CE,Federal Contract Tower,0,1,3,0,4,0,0,82,0,82,0,1,85,0,86,148,0,148,234
06/27/2020,AEG,NM,ASW,CE,Federal Contract Tower,0,0,4,0,4,0,0,52,0,52,0,0,56,0,56,50,0,50,106
06/28/2020,AEG,NM,ASW,CE,Federal Contract Tower,0,1,5,0,6,0,0,32,0,32,0,1,37,0,38,70,0,70,108
06/29/2020,AEG,NM,ASW,CE,Federal Contract Tower,0,0,1,0,1,0,0,42,2,44,0,0,43,2,45,50,12,62,107
06/30/2020,AEG,NM,ASW,CE,Federal Contract Tower,0,1,9,0,10,0,0,45,2,47,0,1,54,2,57,14,4,18,75
07/01/2020,AEG,NM,ASW,CE,Federal Contract Tower,0,0,3,0,3,0,0,94,0,94,0,0,97,0,97,94,0,94,191
07/02/2020,AEG,NM,ASW,CE,Federal Contract Tower,0,2,4,0,6,0,0,84,2,86,0,2,88,2,92,102,0,102,194
07/03/2020,AEG,NM,ASW,CE,Federal Contract Tower,0,4,5,0,9,0,0,65,0,65,0,4,70,0,74,118,0,118,192
07/04/2020,AEG,NM,ASW,CE,Federal Contract Tower,0,0,6,0,6,0,0,33,2,35,0,0,39,2,41,48,0,48,89
07/06/2020,AEG,NM,ASW,CE,Federal Contract Tower,0,1,5,0,6,0,1,36,0,37,0,2,41,0,43,48,0,48,91
07/07/2020,AEG,NM,ASW,CE,Federal Contract Tower,0,1,5,0,6,0,0,87,5,92,0,1,92,5,98,100,0,100,198
07/08/2020,AEG,NM,ASW,CE,Federal Contract Tower,0,0,11,0,11,0,0,83,0,83,0,0,94,0,94,210,0,210,304
07/09/2020,AEG,NM,ASW,CE,Federal Contract Tower,0,3,3,0,6,0,0,88,0,88,0,3,91,0,94,78,0,78,172
07/10/2020,AEG,NM,ASW,CE,Federal Contract Tower,0,3,2,0,5,0,0,68,0,68,0,3,70,0,73,56,0,56,129
07/11/2020,AEG,NM,ASW,CE,Federal Contract Tower,0,1,7,0,8,0,0,69,0,69,0,1,76,0,77,54,0,54,131
07/12/2020,AEG,NM,ASW,CE,Federal Contract Tower,0,1,1,0,2,0,0,49,0,49,0,1,50,0,51,86,0,86,137
07/13/2020,AEG,NM,ASW,CE,Federal Contract Tower,0,1,4,0,5,0,0,41,0,41,0,1,45,0,46,46,0,46,92
07/14/2020,AEG,NM,ASW,CE,Federal Contract Tower,0,1,5,0,6,0,0,50,2,52,0,1,55,2,58,62,0,62,120
07/15/2020,AEG,NM,ASW,CE,Federal Contract Tower,0,2,3,0,5,0,1,57,0,58,0,3,60,0,63,122,0,122,185
07/16/2020,AEG,NM,ASW,CE,Federal Contract Tower,0,1,2,0,3,0,1,67,0,68,0,2,69,0,71,174,0,174,245
07/17/2020,AEG,NM,ASW,CE,Federal Contract Tower,0,0,7,0,7,0,4,75,0,79,0,4,82,0,86,120,0,120,206
07/18/2020,AEG,NM,ASW,CE,Federal Contract Tower,0,0,3,0,3,0,0,90,0,90,0,0,93,0,93,102,0,102,195
07/19/2020,AEG,NM,ASW,CE,Federal Contract Tower,0,1,5,0,6,0,0,62,0,62,0,1,67,0,68,44,0,44,112
07/20/2020,AEG,NM,ASW,CE,Federal Contract Tower,1,1,4,0,6,0,2,45,0,47,1,3,49,0,53,30,0,30,83
07/21/2020,AEG,NM,ASW,CE,Federal Contract Tower,0,2,8,0,10,0,1,84,2,87,0,3,92,2,97,166,8,174,271
07/22/2020,AEG,NM,ASW,CE,Federal Contract Tower,0,1,6,0,7,0,0,57,0,57,0,1,63,0,64,128,0,128,192
07/23/2020,AEG,NM,ASW,CE,Federal Contract Tower,0,1,6,1,8,0,1,65,4,70,0,2,71,5,78,80,26,106,184
07/24/2020,AEG,NM,ASW,CE,Federal Contract Tower,0,2,10,0,12,0,0,34,0,34,0,2,44,0,46,24,0,24,70
07/25/2020,AEG,NM,ASW,CE,Federal Contract Tower,0,2,12,0,14,0,0,55,0,55,0,2,67,0,69,86,0,86,155
07/26/2020,AEG,NM,ASW,CE,Federal Contract Tower,0,0,1,0,1,0,0,53,0,53,0,0,54,0,54,48,0,48,102
07/27/2020,AEG,NM,ASW,CE,Federal Contract Tower,0,0,0,2,2,0,0,34,5,39,0,0,34,7,41,38,4,42,83
07/28/2020,AEG,NM,ASW,CE,Federal Contract Tower,0,2,2,0,4,0,0,57,8,65,0,2,59,8,69,94,0,94,163
07/29/2020,AEG,NM,ASW,CE,Federal Contract Tower,0,0,8,0,8,0,0,63,1,64,0,0,71,1,72,140,24,164,236
07/30/2020,AEG,NM,ASW,CE,Federal Contract Tower,0,5,5,0,10,0,1,64,0,65,0,6,69,0,75,126,0,126,201
07/31/2020,AEG,NM,ASW,CE,Federal Contract Tower,0,0,4,0,4,0,0,57,5,62,0,0,61,5,66,92,0,92,158
08/01/2020,AEG,NM,ASW,CE,Federal Contract Tower,0,1,4,0,5,0,1,71,0,72,0,2,75,0,77,81,2,83,160
08/02/2020,AEG,NM,ASW,CE,Federal Contract Tower,0,0,4,0,4,0,0,55,5,60,0,0,59,5,64,66,0,66,130
08/03/2020,AEG,NM,ASW,CE,Federal Contract Tower,0,1,3,0,4,0,0,45,11,56,0,1,48,11,60,96,22,118,178
08/04/2020,AEG,NM,ASW,CE,Federal Contract Tower,0,4,8,3,15,0,2,61,15,78,0,6,69,18,93,130,14,144,237
08/05/2020,AEG,NM,ASW,CE,Federal Contract Tower,0,1,5,0,6,0,0,76,9,85,0,1,81,9,91,108,0,108,199
08/06/2020,AEG,NM,ASW,CE,Federal Contract Tower,0,1,2,0,3,0,0,88,9,97,0,1,90,9,100,130,12,142,242
08/07/2020,AEG,NM,ASW,CE,Federal Contract Tower,0,0,2,0,2,0,2,72,5,79,0,2,74,5,81,128,0,128,209
08/08/2020,AEG,NM,ASW,CE,Federal Contract Tower,0,0,1,0,1,0,1,74,0,75,0,1,75,0,76,74,0,74,150
08/09/2020,AEG,NM,ASW,CE,Federal Contract Tower,0,2,3,0,5,0,0,59,0,59,0,2,62,0,64,72,0,72,136
08/10/2020,AEG,NM,ASW,CE,Federal Contract Tower,0,1,7,0,8,0,0,41,1,42,0,1,48,1,50,78,28,106,156
08/11/2020,AEG,NM,ASW,CE,Federal Contract Tower,0,1,7,0,8,0,0,70,5,75,0,1,77,5,83,212,30,242,325
08/12/2020,AEG,NM,ASW,CE,Federal Contract Tower,0,0,5,0,5,0,0,111,4,115,0,0,116,4,120,226,4,230,350
08/13/2020,AEG,NM,ASW,CE,Federal Contract Tower,0,1,5,0,6,0,0,49,6,55,0,1,54,6,61,36,0,36,97
08/14/2020,AEG,NM,ASW,CE,Federal Contract Tower,0,1,4,0,5,0,0,73,7,80,0,1,77,7,85,90,0,90,175
08/15/2020,AEG,NM,ASW,CE,Federal Contract Tower,0,1,1,0,2,0,0,83,0,83,0,1,84,0,85,88,0,88,173
08/16/2020,AEG,NM,ASW,CE,Federal Contract Tower,0,0,1,0,1,0,0,56,4,60,0,0,57,4,61,34,0,34,95
08/17/2020,AEG,NM,ASW,CE,Federal Contract Tower,0,2,6,0,8,0,0,51,4,55,0,2,57,4,63,42,0,42,105
08/18/2020,AEG,NM,ASW,CE,Federal Contract Tower,0,0,2,2,4,0,0,57,0,57,0,0,59,2,61,118,0,118,179
08/19/2020,AEG,NM,ASW,CE,Federal Contract Tower,0,1,9,0,10,0,0,85,5,90,0,1,94,5,100,104,0,104,204
08/20/2020,AEG,NM,ASW,CE,Federal Contract Tower,0,2,3,0,5,0,2,64,0,66,0,4,67,0,71,76,0,76,147
08/21/2020,AEG,NM,ASW,CE,Federal Contract Tower,0,3,3,0,6,0,0,68,0,68,0,3,71,0,74,70,0,70,144
08/22/2020,AEG,NM,ASW,CE,Federal Contract Tower,0,0,1,0,1,0,0,65,0,65,0,0,66,0,66,28,0,28,94
08/23/2020,AEG,NM,ASW,CE,Federal Contract Tower,0,3,7,0,10,0,0,61,0,61,0,3,68,0,71,90,0,90,161
08/24/2020,AEG,NM,ASW,CE,Federal Contract Tower,0,1,1,0,2,0,0,42,0,42,0,1,43,0,44,66,0,66,110
08/25/2020,AEG,NM,ASW,CE,Federal Contract Tower,0,0,5,0,5,0,0,50,0,50,0,0,55,0,55,96,0,96,151
08/26/2020,AEG,NM,ASW,CE,Federal Contract Tower,0,1,7,0,8,0,0,46,1,47,0,1,53,1,55,34,2,36,91
08/27/2020,AEG,NM,ASW,CE,Federal Contract Tower,0,1,4,1,6,0,0,60,5,65,0,1,64,6,71,100,12,112,183
08/28/2020,AEG,NM,ASW,CE,Federal Contract Tower,0,0,2,0,2,0,1,61,2,64,0,1,63,2,66,84,0,84,150
08/29/2020,AEG,NM,ASW,CE,Federal Contract Tower,0,2,4,0,6,0,0,67,0,67,0,2,71,0,73,26,0,26,99
08/30/2020,AEG,NM,ASW,CE,Federal Contract Tower,0,2,5,0,7,0,1,69,0,70,0,3,74,0,77,94,0,94,171
08/31/2020,AEG,NM,ASW,CE,Federal Contract Tower,0,2,5,0,7,0,0,41,2,43,0,2,46,2,50,80,14,94,144
09/01/2020,AEG,NM,ASW,CE,Federal Contract Tower,0,1,2,0,3,0,0,34,0,34,0,1,36,0,37,46,0,46,83
09/02/2020,AEG,NM,ASW,CE,Federal Contract Tower,0,0,8,0,8,0,0,72,11,83,0,0,80,11,91,72,8,80,171
09/03/2020,AEG,NM,ASW,CE,Federal Contract Tower,0,0,11,2,13,0,1,94,8,103,0,1,105,10,116,78,2,80,196
09/04/2020,AEG,NM,ASW,CE,Federal Contract Tower,0,1,5,2,8,0,0,74,11,85,0,1,79,13,93,60,0,60,153
09/05/2020,AEG,NM,ASW,CE,Federal Contract Tower,0,1,5,0,6,0,0,81,5,86,0,1,86,5,92,72,44,116,208
09/06/2020,AEG,NM,ASW,CE,Federal Contract Tower,0,0,4,0,4,0,0,60,2,62,0,0,64,2,66,62,0,62,128
09/07/2020,AEG,NM,ASW,CE,Federal Contract Tower,0,1,5,0,6,0,0,69,0,69,0,1,74,0,75,98,0,98,173
09/08/2020,AEG,NM,ASW,CE,Federal Contract Tower,0,1,0,0,1,0,0,18,0,18,0,1,18,0,19,50,0,50,69
09/09/2020,AEG,NM,ASW,CE,Federal Contract Tower,0,0,3,0,3,0,0,1,0,1,0,0,4,0,4,0,0,0,4
09/10/2020,AEG,NM,ASW,CE,Federal Contract Tower,0,2,7,0,9,0,0,14,0,14,0,2,21,0,23,4,0,4,27
09/11/2020,AEG,NM,ASW,CE,Federal Contract Tower,0,0,5,0,5,0,0,92,2,94,0,0,97,2,99,160,0,160,259
09/12/2020,AEG,NM,ASW,CE,Federal Contract Tower,0,0,8,0,8,0,0,121,4,125,0,0,129,4,133,138,0,138,271
09/13/2020,AEG,NM,ASW,CE,Federal Contract Tower,0,0,7,0,7,0,0,61,3,64,0,0,68,3,71,52,0,52,123
09/14/2020,AEG,NM,ASW,CE,Federal Contract Tower,0,1,2,0,3,0,2,70,0,72,0,3,72,0,75,190,0,190,265
09/15/2020,AEG,NM,ASW,CE,Federal Contract Tower,0,0,0,2,2,0,2,87,0,89,0,2,87,2,91,208,0,208,299
09/16/2020,AEG,NM,ASW,CE,Federal Contract Tower,0,0,4,0,4,0,0,68,4,72,0,0,72,4,76,266,2,268,344
09/17/2020,AEG,NM,ASW,CE,Federal Contract Tower,0,0,7,0,7,0,0,84,6,90,0,0,91,6,97,98,0,98,195
09/18/2020,AEG,NM,ASW,CE,Federal Contract Tower,0,1,3,0,4,0,0,79,5,84,0,1,82,5,88,98,0,98,186
09/19/2020,AEG,NM,ASW,CE,Federal Contract Tower,0,2,7,0,9,0,0,70,2,72,0,2,77,2,81,66,0,66,147
09/20/2020,AEG,NM,ASW,CE,Federal Contract Tower,0,2,5,0,7,0,0,82,4,86,0,2,87,4,93,92,0,92,185
09/21/2020,AEG,NM,ASW,CE,Federal Contract Tower,0,1,2,0,3,0,0,44,5,49,0,1,46,5,52,154,44,198,250
09/22/2020,AEG,NM,ASW,CE,Federal Contract Tower,0,1,1,0,2,0,0,57,1,58,0,1,58,1,60,98,0,98,158
09/23/2020,AEG,NM,ASW,CE,Federal Contract Tower,0,0,8,0,8,0,0,70,2,72,0,0,78,2,80,92,16,108,188
09/24/2020,AEG,NM,ASW,CE,Federal Contract Tower,0,1,16,0,17,0,0,86,5,91,0,1,102,5,108,166,6,172,280
09/25/2020,AEG,NM,ASW,CE,Federal Contract Tower,0,0,6,0,6,0,0,82,3,85,0,0,88,3,91,152,0,152,243
09/26/2020,AEG,NM,ASW,CE,Federal Contract Tower,0,2,12,0,14,0,0,80,3,83,0,2,92,3,97,104,0,104,201
09/27/2020,AEG,NM,ASW,CE,Federal Contract Tower,0,0,4,0,4,0,0,46,3,49,0,0,50,3,53,58,0,58,111
09/28/2020,AEG,NM,ASW,CE,Federal Contract Tower,0,1,9,0,10,0,0,28,17,45,0,1,37,17,55,14,0,14,69
09/29/2020,AEG,NM,ASW,CE,Federal Contract Tower,0,1,13,0,14,0,0,99,2,101,0,1,112,2,115,224,24,248,363
09/30/2020,AEG,NM,ASW,CE,Federal Contract Tower,0,1,1,0,2,0,0,86,0,86,0,1,87,0,88,234,0,234,322
10/01/2020,AEG,NM,ASW,CE,Federal Contract Tower,0,0,2,0,2,0,0,69,3,72,0,0,71,3,74,110,10,120,194
10/02/2020,AEG,NM,ASW,CE,Federal Contract Tower,0,0,7,0,7,0,0,91,1,92,0,0,98,1,99,168,0,168,267
10/03/2020,AEG,NM,ASW,CE,Federal Contract Tower,0,0,6,0,6,0,0,76,0,76,0,0,82,0,82,46,0,46,128
10/04/2020,AEG,NM,ASW,CE,Federal Contract Tower,0,2,3,0,5,0,0,79,0,79,0,2,82,0,84,97,0,97,181
10/05/2020,AEG,NM,ASW,CE,Federal Contract Tower,0,1,6,0,7,0,0,60,3,63,0,1,66,3,70,150,0,150,220
10/06/2020,AEG,NM,ASW,CE,Federal Contract Tower,0,0,0,1,1,0,0,76,0,76,0,0,76,1,77,136,0,136,213
10/07/2020,AEG,NM,ASW,CE,Federal Contract Tower,0,3,2,4,9,0,0,89,2,91,0,3,91,6,100,202,0,202,302
10/08/2020,AEG,NM,ASW,CE,Federal Contract Tower,0,0,18,0,18,0,0,112,0,112,0,0,130,0,130,226,0,226,356
10/09/2020,AEG,NM,ASW,CE,Federal Contract Tower,0,1,4,0,5,0,0,101,0,101,0,1,105,0,106,282,0,282,388
10/10/2020,AEG,NM,ASW,CE,Federal Contract Tower,0,0,9,0,9,0,0,101,0,101,0,0,110,0,110,106,0,106,216
10/11/2020,AEG,NM,ASW,CE,Federal Contract Tower,0,0,4,0,4,0,0,40,0,40,0,0,44,0,44,78,0,78,122
10/12/2020,AEG,NM,ASW,CE,Federal Contract Tower,0,2,7,0,9,0,0,78,0,78,0,2,85,0,87,142,0,142,229
10/13/2020,AEG,NM,ASW,CE,Federal Contract Tower,0,0,4,0,4,0,0,71,0,71,0,0,75,0,75,162,0,162,237
10/14/2020,AEG,NM,ASW,CE,Federal Contract Tower,0,0,4,0,4,0,0,62,0,62,0,0,66,0,66,172,0,172,238
10/15/2020,AEG,NM,ASW,CE,Federal Contract Tower,0,1,7,0,8,0,0,64,5,69,0,1,71,5,77,112,34,146,223
10/16/2020,AEG,NM,ASW,CE,Federal Contract Tower,0,0,2,0,2,0,2,70,2,74,0,2,72,2,76,194,58,252,328
10/17/2020,AEG,NM,ASW,CE,Federal Contract Tower,0,0,2,0,2,0,0,68,0,68,0,0,70,0,70,94,0,94,164
10/18/2020,AEG,NM,ASW,CE,Federal Contract Tower,0,0,5,0,5,0,0,76,0,76,0,0,81,0,81,62,0,62,143
10/19/2020,AEG,NM,ASW,CE,Federal Contract Tower,0,0,6,0,6,0,0,68,0,68,0,0,74,0,74,110,0,110,184
10/20/2020,AEG,NM,ASW,CE,Federal Contract Tower,0,0,2,0,2,0,0,75,0,75,0,0,77,0,77,252,0,252,329
10/21/2020,AEG,NM,ASW,CE,Federal Contract Tower,0,1,10,3,14,0,1,91,3,95,0,2,101,6,109,166,2,168,277
10/22/2020,AEG,NM,ASW,CE,Federal Contract Tower,0,0,8,0,8,0,0,44,0,44,0,0,52,0,52,58,0,58,110
10/23/2020,AEG,NM,ASW,CE,Federal Contract Tower,0,2,2,0,4,0,1,79,0,80,0,3,81,0,84,108,0,108,192
10/24/2020,AEG,NM,ASW,CE,Federal Contract Tower,0,1,1,2,4,0,0,69,4,73,0,1,70,6,77,54,2,56,133
10/25/2020,AEG,NM,ASW,CE,Federal Contract Tower,0,0,6,0,6,0,5,37,0,42,0,5,43,0,48,116,0,116,164
10/26/2020,AEG,NM,ASW,CE,Federal Contract Tower,0,0,2,0,2,0,0,0,0,0,0,0,2,0,2,0,0,0,2
10/27/2020,AEG,NM,ASW,CE,Federal Contract Tower,0,0,0,0,0,0,0,3,0,3,0,0,3,0,3,0,0,0,3
10/28/2020,AEG,NM,ASW,CE,Federal Contract Tower,0,4,5,0,9,0,0,27,0,27,0,4,32,0,36,64,0,64,100
10/29/2020,AEG,NM,ASW,CE,Federal Contract Tower,0,1,19,0,20,0,0,82,2,84,0,1,101,2,104,132,34,166,270
10/30/2020,AEG,NM,ASW,CE,Federal Contract Tower,0,0,13,0,13,0,0,143,0,143,0,0,156,0,156,264,0,264,420
10/31/2020,AEG,NM,ASW,CE,Federal Contract Tower,0,1,10,0,11,0,0,111,0,111,0,1,121,0,122,69,0,69,191
11/01/2020,AEG,NM,ASW,CE,Federal Contract Tower,0,2,11,0,13,0,0,93,0,93,0,2,104,0,106,124,0,124,230
11/02/2020,AEG,NM,ASW,CE,Federal Contract Tower,0,0,6,0,6,0,0,62,3,65,0,0,68,3,71,162,28,190,261
11/03/2020,AEG,NM,ASW,CE,Federal Contract Tower,0,0,4,0,4,0,0,73,0,73,0,0,77,0,77,96,0,96,173
11/04/2020,AEG,NM,ASW,CE,Federal Contract Tower,0,1,8,0,9,0,0,94,2,96,0,1,102,2,105,82,10,92,197
11/05/2020,AEG,NM,ASW,CE,Federal Contract Tower,0,4,9,0,13,0,0,106,1,107,0,4,115,1,120,184,0,184,304
11/06/2020,AEG,NM,ASW,CE,Federal Contract Tower,0,0,8,0,8,0,0,71,1,72,0,0,79,1,80,154,0,154,234
11/07/2020,AEG,NM,ASW,CE,Federal Contract Tower,0,2,4,0,6,0,0,41,0,41,0,2,45,0,47,60,0,60,107
11/08/2020,AEG,NM,ASW,CE,Federal Contract Tower,0,0,3,0,3,0,2,47,0,49,0,2,50,0,52,14,0,14,66
11/09/2020,AEG,NM,ASW,CE,Federal Contract Tower,0,0,6,0,6,0,0,2,6,8,0,0,8,6,14,0,22,22,36
11/10/2020,AEG,NM,ASW,CE,Federal Contract Tower,0,0,8,0,8,0,0,91,5,96,0,0,99,5,104,126,8,134,238
11/11/2020,AEG,NM,ASW,CE,Federal Contract Tower,0,0,0,0,0,0,0,101,16,117,0,0,101,16,117,116,0,116,233
11/12/2020,AEG,NM,ASW,CE,Federal Contract Tower,0,1,16,0,17,0,0,95,16,111,0,1,111,16,128,188,0,188,316
11/13/2020,AEG,NM,ASW,CE,Federal Contract Tower,0,2,4,6,12,0,0,109,12,121,0,2,113,18,133,134,0,134,267
11/14/2020,AEG,NM,ASW,CE,Federal Contract Tower,0,1,3,0,4,0,0,19,2,21,0,1,22,2,25,24,0,24,49
11/15/2020,AEG,NM,ASW,CE,Federal Contract Tower,0,1,2,0,3,0,0,90,12,102,0,1,92,12,105,124,4,128,233
11/16/2020,AEG,NM,ASW,CE,Federal Contract Tower,0,2,3,0,5,0,0,71,5,76,0,2,74,5,81,134,0,134,215
11/17/2020,AEG,NM,ASW,CE,Federal Contract Tower,0,0,6,1,7,0,0,70,13,83,0,0,76,14,90,216,78,294,384
11/18/2020,AEG,NM,ASW,CE,Federal Contract Tower,0,0,6,0,6,0,0,73,6,79,0,0,79,6,85,48,20,68,153
11/19/2020,AEG,NM,ASW,CE,Federal Contract Tower,0,1,14,2,17,0,2,32,3,37,0,3,46,5,54,50,0,50,104
11/20/2020,AEG,NM,ASW,CE,Federal Contract Tower,0,4,5,0,9,0,0,78,3,81,0,4,83,3,90,68,46,114,204
11/21/2020,AEG,NM,ASW,CE,Federal Contract Tower,0,1,11,0,12,0,0,77,0,77,0,1,88,0,89,74,0,74,163
11/22/2020,AEG,NM,ASW,CE,Federal Contract Tower,0,0,7,0,7,0,0,20,4,24,0,0,27,4,31,20,0,20,51
11/23/2020,AEG,NM,ASW,CE,Federal Contract Tower,0,3,10,0,13,0,1,6,2,9,0,4,16,2,22,34,70,104,126
11/24/2020,AEG,NM,ASW,CE,Federal Contract Tower,0,1,11,1,13,0,0,21,1,22,0,1,32,2,35,6,24,30,65
11/25/2020,AEG,NM,ASW,CE,Federal Contract Tower,0,1,8,0,9,0,0,107,0,107,0,1,115,0,116,152,0,152,268
11/26/2020,AEG,NM,ASW,CE,Federal Contract Tower,0,0,2,0,2,0,0,22,0,22,0,0,24,0,24,26,0,26,50
11/27/2020,AEG,NM,ASW,CE,Federal Contract Tower,0,1,1,0,2,0,0,4,0,4,0,1,5,0,6,8,0,8,14
11/28/2020,AEG,NM,ASW,CE,Federal Contract Tower,0,0,3,0,3,0,0,52,0,52,0,0,55,0,55,44,0,44,99
11/29/2020,AEG,NM,ASW,CE,Federal Contract Tower,0,0,4,0,4,0,0,86,0,86,0,0,90,0,90,32,0,32,122
11/30/2020,AEG,NM,ASW,CE,Federal Contract Tower,0,0,4,0,4,0,0,62,0,62,0,0,66,0,66,56,0,56,122
12/01/2020,AEG,NM,ASW,CE,Federal Contract Tower,0,2,3,0,5,0,0,57,2,59,0,2,60,2,64,104,0,104,168
12/02/2020,AEG,NM,ASW,CE,Federal Contract Tower,0,2,2,0,4,0,1,25,2,28,0,3,27,2,32,2,0,2,34
12/03/2020,AEG,NM,ASW,CE,Federal Contract Tower,0,0,6,0,6,0,0,67,0,67,0,0,73,0,73,124,0,124,197
12/04/2020,AEG,NM,ASW,CE,Federal Contract Tower,0,2,4,0,6,0,0,62,0,62,0,2,66,0,68,90,0,90,158
12/05/2020,AEG,NM,ASW,CE,Federal Contract Tower,0,1,4,0,5,0,0,88,0,88,0,1,92,0,93,80,0,80,173
12/06/2020,AEG,NM,ASW,CE,Federal Contract Tower,0,3,3,0,6,0,0,72,0,72,0,3,75,0,78,90,0,90,168
12/07/2020,AEG,NM,ASW,CE,Federal Contract Tower,0,0,3,2,5,0,0,48,0,48,0,0,51,2,53,94,2,96,149
12/08/2020,AEG,NM,ASW,CE,Federal Contract Tower,0,1,5,2,8,0,0,78,0,78,0,1,83,2,86,254,4,258,344
12/09/2020,AEG,NM,ASW,CE,Federal Contract Tower,0,0,5,0,5,0,0,61,0,61,0,0,66,0,66,126,0,126,192
12/10/2020,AEG,NM,ASW,CE,Federal Contract Tower,0,0,2,1,3,0,0,3,0,3,0,0,5,1,6,10,2,12,18
12/11/2020,AEG,NM,ASW,CE,Federal Contract Tower,0,4,2,0,6,0,0,26,1,27,0,4,28,1,33,40,0,40,73
12/12/2020,AEG,NM,ASW,CE,Federal Contract Tower,0,0,6,0,6,0,0,44,1,45,0,0,50,1,51,45,0,45,96
12/13/2020,AEG,NM,ASW,CE,Federal Contract Tower,0,0,2,3,5,0,0,60,0,60,0,0,62,3,65,46,0,46,111
12/14/2020,AEG,NM,ASW,CE,Federal Contract Tower,0,2,6,0,8,0,2,47,0,49,0,4,53,0,57,40,0,40,97
12/15/2020,AEG,NM,ASW,CE,Federal Contract Tower,0,5,8,3,16,0,0,29,1,30,0,5,37,4,46,34,56,90,136
12/16/2020,AEG,NM,ASW,CE,Federal Contract Tower,0,1,3,2,6,0,1,46,1,48,0,2,49,3,54,68,0,68,122
12/17/2020,AEG,NM,ASW,CE,Federal Contract Tower,0,1,6,0,7,0,0,66,4,70,0,1,72,4,77,180,0,180,257
12/18/2020,AEG,NM,ASW,CE,Federal Contract Tower,0,1,7,0,8,0,0,55,0,55,0,1,62,0,63,96,0,96,159
12/19/2020,AEG,NM,ASW,CE,Federal Contract Tower,0,3,9,0,12,0,0,94,0,94,0,3,103,0,106,114,0,114,220
12/20/2020,AEG,NM,ASW,CE,Federal Contract Tower,0,2,2,0,4,0,0,49,0,49,0,2,51,0,53,46,0,46,99
12/21/2020,AEG,NM,ASW,CE,Federal Contract Tower,0,0,6,1,7,0,0,67,1,68,0,0,73,2,75,88,0,88,163
12/22/2020,AEG,NM,ASW,CE,Federal Contract Tower,0,1,6,0,7,0,0,55,1,56,0,1,61,1,63,122,0,122,185
12/23/2020,AEG,NM,ASW,CE,Federal Contract Tower,0,2,1,0,3,0,1,11,0,12,0,3,12,0,15,0,0,0,15
12/24/2020,AEG,NM,ASW,CE,Federal Contract Tower,0,1,1,0,2,0,0,24,0,24,0,1,25,0,26,12,0,12,38
12/25/2020,AEG,NM,ASW,CE,Federal Contract Tower,0,0,2,0,2,0,0,12,0,12,0,0,14,0,14,4,0,4,18
12/26/2020,AEG,NM,ASW,CE,Federal Contract Tower,0,0,8,0,8,0,0,48,0,48,0,0,56,0,56,42,0,42,98
12/27/2020,AEG,NM,ASW,CE,Federal Contract Tower,0,0,7,0,7,0,0,77,0,77,0,0,84,0,84,96,0,96,180
12/28/2020,AEG,NM,ASW,CE,Federal Contract Tower,0,0,10,0,10,0,0,36,0,36,0,0,46,0,46,128,0,128,174
12/29/2020,AEG,NM,ASW,CE,Federal Contract Tower,0,0,15,0,15,0,0,28,0,28,0,0,43,0,43,38,0,38,81
12/30/2020,AEG,NM,ASW,CE,Federal Contract Tower,0,0,8,1,9,0,0,74,0,74,0,0,82,1,83,68,0,68,151
12/31/2020,AEG,NM,ASW,CE,Federal Contract Tower,0,1,4,0,5,0,0,61,0,61,0,1,65,0,66,72,0,72,138
01/01/2021,AEG,NM,ASW,CE,Federal Contract Tower,0,0,3,0,3,0,0,27,0,27,0,0,30,0,30,28,0,28,58
01/02/2021,AEG,NM,ASW,CE,Federal Contract Tower,0,0,6,0,6,0,0,35,0,35,0,0,41,0,41,18,0,18,59
01/03/2021,AEG,NM,ASW,CE,Federal Contract Tower,0,1,5,0,6,0,0,61,0,61,0,1,66,0,67,44,0,44,111
01/04/2021,AEG,NM,ASW,CE,Federal Contract Tower,0,0,2,0,2,0,0,52,0,52,0,0,54,0,54,152,0,152,206
01/05/2021,AEG,NM,ASW,CE,Federal Contract Tower,0,0,2,0,2,0,0,36,0,36,0,0,38,0,38,26,0,26,64
01/06/2021,AEG,NM,ASW,CE,Federal Contract Tower,0,0,5,0,5,0,0,50,0,50,0,0,55,0,55,24,0,24,79
01/07/2021,AEG,NM,ASW,CE,Federal Contract Tower,0,1,10,0,11,0,0,49,0,49,0,1,59,0,60,62,0,62,122
01/08/2021,AEG,NM,ASW,CE,Federal Contract Tower,0,2,8,0,10,0,0,73,0,73,0,2,81,0,83,174,0,174,257
01/09/2021,AEG,NM,ASW,CE,Federal Contract Tower,0,2,7,0,9,0,2,33,0,35,0,4,40,0,44,4,0,4,48
01/10/2021,AEG,NM,ASW,CE,Federal Contract Tower,0,1,4,0,5,0,0,29,0,29,0,1,33,0,34,74,0,74,108
01/11/2021,AEG,NM,ASW,CE,Federal Contract Tower,0,2,3,0,5,0,0,34,6,40,0,2,37,6,45,4,48,52,97
01/12/2021,AEG,NM,ASW,CE,Federal Contract Tower,0,1,10,0,11,0,4,51,3,58,0,5,61,3,69,94,40,134,203
01/13/2021,AEG,NM,ASW,CE,Federal Contract Tower,0,0,5,0,5,0,0,57,0,57,0,0,62,0,62,72,0,72,134
01/14/2021,AEG,NM,ASW,CE,Federal Contract Tower,0,1,3,0,4,0,0,15,0,15,0,1,18,0,19,8,0,8,27
01/15/2021,AEG,NM,ASW,CE,Federal Contract Tower,0,4,2,0,6,0,0,25,2,27,0,4,27,2,33,42,38,80,113
01/16/2021,AEG,NM,ASW,CE,Federal Contract Tower,0,1,2,0,3,0,0,62,0,62,0,1,64,0,65,42,0,42,107
01/17/2021,AEG,NM,ASW,CE,Federal Contract Tower,0,3,2,0,5,0,0,85,0,85,0,3,87,0,90,196,0,196,286
01/19/2021,AEG,NM,ASW,CE,Federal Contract Tower,0,0,0,0,0,0,0,2,4,6,0,0,2,4,6,0,40,40,46
01/20/2021,AEG,NM,ASW,CE,Federal Contract Tower,0,0,7,0,7,0,0,17,0,17,0,0,24,0,24,32,0,32,56
01/21/2021,AEG,NM,ASW,CE,Federal Contract Tower,0,0,8,0,8,0,1,47,2,50,0,1,55,2,58,118,0,118,176
01/22/2021,AEG,NM,ASW,CE,Federal Contract Tower,0,0,3,0,3,0,0,61,2,63,0,0,64,2,66,228,6,234,300
01/23/2021,AEG,NM,ASW,CE,Federal Contract Tower,0,0,5,0,5,0,0,71,2,73,0,0,76,2,78,88,0,88,166
01/24/2021,AEG,NM,ASW,CE,Federal Contract Tower,0,0,2,0,2,0,0,13,0,13,0,0,15,0,15,38,0,38,53
01/25/2021,AEG,NM,ASW,CE,Federal Contract Tower,0,0,3,0,3,0,0,21,5,26,0,0,24,5,29,14,20,34,63
01/26/2021,AEG,NM,ASW,CE,Federal Contract Tower,0,0,0,0,0,0,0,1,3,4,0,0,1,3,4,0,0,0,4
01/27/2021,AEG,NM,ASW,CE,Federal Contract Tower,0,1,6,0,7,0,2,75,0,77,0,3,81,0,84,106,0,106,190
01/28/2021,AEG,NM,ASW,CE,Federal Contract Tower,0,4,5,1,10,0,0,48,1,49,0,4,53,2,59,102,0,102,161
01/29/2021,AEG,NM,ASW,CE,Federal Contract Tower,0,2,5,0,7,0,0,43,0,43,0,2,48,0,50,122,0,122,172
01/30/2021,AEG,NM,ASW,CE,Federal Contract Tower,0,0,1,0,1,0,2,17,0,19,0,2,18,0,20,36,0,36,56
01/31/2021,AEG,NM,ASW,CE,Federal Contract Tower,0,1,7,0,8,0,0,106,0,106,0,1,113,0,114,174,0,174,288
02/01/2021,AEG,NM,ASW,CE,Federal Contract Tower,0,1,3,0,4,0,0,73,0,73,0,1,76,0,77,174,0,174,251
02/02/2021,AEG,NM,ASW,CE,Federal Contract Tower,0,5,1,0,6,0,0,76,0,76,0,5,77,0,82,200,0,200,282
02/03/2021,AEG,NM,ASW,CE,Federal Contract Tower,0,1,5,0,6,0,0,26,0,26,0,1,31,0,32,138,0,138,170
02/04/2021,AEG,NM,ASW,CE,Federal Contract Tower,0,4,1,0,5,0,0,27,2,29,0,4,28,2,34,18,32,50,84
02/05/2021,AEG,NM,ASW,CE,Federal Contract Tower,0,0,5,0,5,0,0,80,2,82,0,0,85,2,87,176,34,210,297
02/06/2021,AEG,NM,ASW,CE,Federal Contract Tower,0,0,2,0,2,0,0,54,0,54,0,0,56,0,56,56,0,56,112
02/07/2021,AEG,NM,ASW,CE,Federal Contract Tower,0,3,2,0,5,0,0,56,0,56,0,3,58,0,61,150,0,150,211
02/08/2021,AEG,NM,ASW,CE,Federal Contract Tower,0,2,4,1,7,0,0,40,5,45,0,2,44,6,52,112,80,192,244
02/09/2021,AEG,NM,ASW,CE,Federal Contract Tower,0,0,7,0,7,0,0,52,3,55,0,0,59,3,62,104,0,104,166
02/10/2021,AEG,NM,ASW,CE,Federal Contract Tower,0,2,11,0,13,0,1,55,4,60,0,3,66,4,73,66,14,80,153
02/11/2021,AEG,NM,ASW,CE,Federal Contract Tower,0,0,14,0,14,0,0,71,0,71,0,0,85,0,85,88,0,88,173
02/12/2021,AEG,NM,ASW,CE,Federal Contract Tower,0,2,7,0,9,0,0,43,0,43,0,2,50,0,52,100,0,100,152
02/13/2021,AEG,NM,ASW,CE,Federal Contract Tower,0,0,3,0,3,0,0,50,0,50,0,0,53,0,53,84,0,84,137
02/14/2021,AEG,NM,ASW,CE,Federal Contract Tower,0,0,0,0,0,0,0,0,0,0,0,0,0,0,0,0,0,0,0
02/15/2021,AEG,NM,ASW,CE,Federal Contract Tower,0,0,0,0,0,0,0,12,0,12,0,0,12,0,12,20,0,20,32
02/16/2021,AEG,NM,ASW,CE,Federal Contract Tower,0,0,2,0,2,0,0,2,0,2,0,0,4,0,4,0,0,0,4
02/17/2021,AEG,NM,ASW,CE,Federal Contract Tower,0,0,0,0,0,0,0,18,0,18,0,0,18,0,18,70,0,70,88
02/18/2021,AEG,NM,ASW,CE,Federal Contract Tower,0,0,1,0,1,0,0,25,0,25,0,0,26,0,26,50,0,50,76
02/19/2021,AEG,NM,ASW,CE,Federal Contract Tower,0,2,15,0,17,0,0,71,0,71,0,2,86,0,88,104,0,104,192
02/20/2021,AEG,NM,ASW,CE,Federal Contract Tower,0,0,4,0,4,0,0,69,0,69,0,0,73,0,73,58,0,58,131
02/21/2021,AEG,NM,ASW,CE,Federal Contract Tower,0,0,5,0,5,0,0,14,0,14,0,0,19,0,19,4,0,4,23
02/22/2021,AEG,NM,ASW,CE,Federal Contract Tower,0,3,2,0,5,0,2,41,2,45,0,5,43,2,50,76,0,76,126
02/23/2021,AEG,NM,ASW,CE,Federal Contract Tower,0,0,10,0,10,0,0,86,0,86,0,0,96,0,96,160,0,160,256
02/24/2021,AEG,NM,ASW,CE,Federal Contract Tower,0,5,12,0,17,0,0,78,0,78,0,5,90,0,95,212,14,226,321
02/25/2021,AEG,NM,ASW,CE,Federal Contract Tower,0,1,10,0,11,0,0,28,0,28,0,1,38,0,39,56,0,56,95
02/26/2021,AEG,NM,ASW,CE,Federal Contract Tower,0,0,9,0,9,0,0,70,0,70,0,0,79,0,79,68,0,68,147
02/27/2021,AEG,NM,ASW,CE,Federal Contract Tower,0,0,9,0,9,0,3,31,0,34,0,3,40,0,43,32,0,32,75
02/28/2021,AEG,NM,ASW,CE,Federal Contract Tower,0,2,8,0,10,0,0,58,0,58,0,2,66,0,68,56,0,56,124
03/01/2021,AEG,NM,ASW,CE,Federal Contract Tower,0,3,8,2,13,0,0,59,2,61,0,3,67,4,74,88,0,88,162
03/02/2021,AEG,NM,ASW,CE,Federal Contract Tower,0,3,6,0,9,0,0,60,0,60,0,3,66,0,69,110,0,110,179
03/03/2021,AEG,NM,ASW,CE,Federal Contract Tower,0,2,5,0,7,0,6,75,0,81,0,8,80,0,88,158,0,158,246
03/04/2021,AEG,NM,ASW,CE,Federal Contract Tower,0,0,2,0,2,0,0,11,0,11,0,0,13,0,13,8,0,8,21
03/05/2021,AEG,NM,ASW,CE,Federal Contract Tower,0,7,8,0,15,0,0,68,0,68,0,7,76,0,83,164,0,164,247
03/06/2021,AEG,NM,ASW,CE,Federal Contract Tower,0,0,7,0,7,0,0,92,0,92,0,0,99,0,99,78,0,78,177
03/07/2021,AEG,NM,ASW,CE,Federal Contract Tower,0,0,6,0,6,0,0,70,4,74,0,0,76,4,80,104,0,104,184
03/08/2021,AEG,NM,ASW,CE,Federal Contract Tower,0,0,1,0,1,0,0,48,0,48,0,0,49,0,49,80,0,80,129
03/09/2021,AEG,NM,ASW,CE,Federal Contract Tower,1,1,10,0,12,2,0,44,2,48,3,1,54,2,60,32,0,32,92
03/10/2021,AEG,NM,ASW,CE,Federal Contract Tower,0,2,5,0,7,0,0,12,0,12,0,2,17,0,19,26,0,26,45
03/11/2021,AEG,NM,ASW,CE,Federal Contract Tower,0,1,8,0,9,0,0,56,7,63,0,1,64,7,72,52,16,68,140
03/12/2021,AEG,NM,ASW,CE,Federal Contract Tower,0,2,8,0,10,0,0,13,13,26,0,2,21,13,36,72,36,108,144
03/13/2021,AEG,NM,ASW,CE,Federal Contract Tower,0,0,1,0,1,0,0,15,4,19,0,0,16,4,20,34,0,34,54
03/14/2021,AEG,NM,ASW,CE,Federal Contract Tower,0,0,2,0,2,0,0,3,2,5,0,0,5,2,7,0,6,6,13
03/15/2021,AEG,NM,ASW,CE,Federal Contract Tower,0,2,4,0,6,0,0,69,3,72,0,2,73,3,78,154,2,156,234
03/16/2021,AEG,NM,ASW,CE,Federal Contract Tower,0,0,3,0,3,0,0,21,0,21,0,0,24,0,24,124,0,124,148
03/17/2021,AEG,NM,ASW,CE,Federal Contract Tower,0,1,0,3,4,0,0,32,3,35,0,1,32,6,39,88,16,104,143
03/18/2021,AEG,NM,ASW,CE,Federal Contract Tower,0,0,5,0,5,0,0,75,0,75,0,0,80,0,80,66,0,66,146
03/19/2021,AEG,NM,ASW,CE,Federal Contract Tower,0,0,9,0,9,0,0,87,3,90,0,0,96,3,99,106,0,106,205
03/20/2021,AEG,NM,ASW,CE,Federal Contract Tower,0,0,10,0,10,0,4,86,0,90,0,4,96,0,100,102,0,102,202
03/21/2021,AEG,NM,ASW,CE,Federal Contract Tower,0,1,9,0,10,0,0,48,0,48,0,1,57,0,58,42,0,42,100
03/22/2021,AEG,NM,ASW,CE,Federal Contract Tower,0,2,4,0,6,0,4,27,7,38,0,6,31,7,44,60,55,115,159
03/23/2021,AEG,NM,ASW,CE,Federal Contract Tower,0,0,2,0,2,0,0,71,4,75,0,0,73,4,77,144,8,152,229
03/24/2021,AEG,NM,ASW,CE,Federal Contract Tower,0,0,3,0,3,0,0,4,0,4,0,0,7,0,7,0,0,0,7
03/25/2021,AEG,NM,ASW,CE,Federal Contract Tower,0,0,5,4,9,0,0,64,5,69,0,0,69,9,78,60,0,60,138
03/26/2021,AEG,NM,ASW,CE,Federal Contract Tower,0,0,6,0,6,0,1,78,3,82,0,1,84,3,88,126,0,126,214
03/27/2021,AEG,NM,ASW,CE,Federal Contract Tower,0,1,1,0,2,0,0,68,4,72,0,1,69,4,74,102,0,102,176
03/28/2021,AEG,NM,ASW,CE,Federal Contract Tower,0,2,9,0,11,0,0,85,0,85,0,2,94,0,96,82,0,82,178
03/29/2021,AEG,NM,ASW,CE,Federal Contract Tower,0,0,26,0,26,0,0,51,5,56,0,0,77,5,82,68,10,78,160
03/30/2021,AEG,NM,ASW,CE,Federal Contract Tower,0,0,1,0,1,0,0,20,6,26,0,0,21,6,27,26,92,118,145
03/31/2021,AEG,NM,ASW,CE,Federal Contract Tower,0,1,2,0,3,0,0,81,5,86,0,1,83,5,89,152,0,152,241
04/01/2021,AEG,NM,ASW,CE,Federal Contract Tower,0,8,0,0,8,0,0,61,0,61,0,8,61,0,69,66,0,66,135
04/02/2021,AEG,NM,ASW,CE,Federal Contract Tower,0,0,0,0,0,0,0,61,2,63,0,0,61,2,63,56,0,56,119
04/03/2021,AEG,NM,ASW,CE,Federal Contract Tower,0,0,0,0,0,0,0,106,0,106,0,0,106,0,106,172,0,172,278
04/04/2021,AEG,NM,ASW,CE,Federal Contract Tower,0,0,1,1,2,0,0,94,6,100,0,0,95,7,102,94,0,94,196
04/05/2021,AEG,NM,ASW,CE,Federal Contract Tower,0,0,1,0,1,0,0,59,1,60,0,0,60,1,61,126,0,126,187
04/06/2021,AEG,NM,ASW,CE,Federal Contract Tower,0,0,9,0,9,0,0,20,2,22,0,0,29,2,31,26,28,54,85
04/07/2021,AEG,NM,ASW,CE,Federal Contract Tower,0,1,2,0,3,0,0,40,2,42,0,1,42,2,45,106,14,120,165
04/08/2021,AEG,NM,ASW,CE,Federal Contract Tower,0,1,1,0,2,0,1,44,0,45,0,2,45,0,47,100,0,100,147
04/09/2021,AEG,NM,ASW,CE,Federal Contract Tower,0,0,0,0,0,0,0,41,0,41,0,0,41,0,41,2,0,2,43
04/10/2021,AEG,NM,ASW,CE,Federal Contract Tower,0,0,2,0,2,0,0,105,0,105,0,0,107,0,107,150,0,150,257
04/11/2021,AEG,NM,ASW,CE,Federal Contract Tower,0,0,2,0,2,0,0,74,0,74,0,0,76,0,76,58,0,58,134
04/12/2021,AEG,NM,ASW,CE,Federal Contract Tower,0,2,7,0,9,0,8,27,0,35,0,10,34,0,44,12,0,12,56
04/13/2021,AEG,NM,ASW,CE,Federal Contract Tower,0,0,2,0,2,0,0,9,0,9,0,0,11,0,11,0,0,0,11
04/14/2021,AEG,NM,ASW,CE,Federal Contract Tower,0,4,2,0,6,0,0,46,0,46,0,4,48,0,52,92,0,92,144
04/15/2021,AEG,NM,ASW,CE,Federal Contract Tower,0,3,3,0,6,0,0,17,0,17,0,3,20,0,23,54,0,54,77
04/16/2021,AEG,NM,ASW,CE,Federal Contract Tower,0,0,2,0,2,0,0,59,0,59,0,0,61,0,61,92,0,92,153
04/17/2021,AEG,NM,ASW,CE,Federal Contract Tower,0,0,6,0,6,0,0,8,0,8,0,0,14,0,14,16,0,16,30
04/18/2021,AEG,NM,ASW,CE,Federal Contract Tower,0,3,6,0,9,0,0,38,0,38,0,3,44,0,47,30,0,30,77
04/19/2021,AEG,NM,ASW,CE,Federal Contract Tower,0,0,1,0,1,0,0,66,0,66,0,0,67,0,67,112,0,112,179
04/20/2021,AEG,NM,ASW,CE,Federal Contract Tower,0,1,7,0,8,0,0,55,11,66,0,1,62,11,74,76,0,76,150
04/21/2021,AEG,NM,ASW,CE,Federal Contract Tower,0,2,7,0,9,0,0,59,0,59,0,2,66,0,68,48,0,48,116
04/22/2021,AEG,NM,ASW,CE,Federal Contract Tower,0,3,0,0,3,0,0,45,0,45,0,3,45,0,48,180,0,180,228
04/23/2021,AEG,NM,ASW,CE,Federal Contract Tower,0,1,7,0,8,0,0,33,0,33,0,1,40,0,41,122,0,122,163
04/24/2021,AEG,NM,ASW,CE,Federal Contract Tower,0,0,3,0,3,0,0,116,0,116,0,0,119,0,119,103,0,103,222
04/25/2021,AEG,NM,ASW,CE,Federal Contract Tower,0,3,3,0,6,0,0,88,0,88,0,3,91,0,94,40,0,40,134
04/26/2021,AEG,NM,ASW,CE,Federal Contract Tower,0,1,3,0,4,0,0,36,0,36,0,1,39,0,40,68,0,68,108
04/27/2021,AEG,NM,ASW,CE,Federal Contract Tower,0,0,7,0,7,0,0,28,5,33,0,0,35,5,40,84,0,84,124
04/28/2021,AEG,NM,ASW,CE,Federal Contract Tower,0,1,12,0,13,0,0,30,0,30,0,1,42,0,43,50,0,50,93
04/29/2021,AEG,NM,ASW,CE,Federal Contract Tower,0,0,4,0,4,0,0,68,5,73,0,0,72,5,77,198,0,198,275
04/30/2021,AEG,NM,ASW,CE,Federal Contract Tower,0,1,4,0,5,0,0,80,5,85,0,1,84,5,90,272,0,272,362
05/01/2021,AEG,NM,ASW,CE,Federal Contract Tower,0,3,3,0,6,0,0,82,2,84,0,3,85,2,90,130,0,130,220
05/02/2021,AEG,NM,ASW,CE,Federal Contract Tower,0,2,3,1,6,0,0,28,9,37,0,2,31,10,43,18,0,18,61
05/03/2021,AEG,NM,ASW,CE,Federal Contract Tower,0,1,3,0,4,0,0,36,2,38,0,1,39,2,42,48,0,48,90
05/04/2021,AEG,NM,ASW,CE,Federal Contract Tower,0,0,3,0,3,0,2,54,3,59,0,2,57,3,62,94,2,96,158
05/05/2021,AEG,NM,ASW,CE,Federal Contract Tower,0,1,5,0,6,0,0,61,1,62,0,1,66,1,68,112,0,112,180
05/06/2021,AEG,NM,ASW,CE,Federal Contract Tower,0,0,7,0,7,0,0,59,2,61,0,0,66,2,68,140,6,146,214
05/07/2021,AEG,NM,ASW,CE,Federal Contract Tower,0,1,5,0,6,0,0,59,0,59,0,1,64,0,65,70,0,70,135
05/08/2021,AEG,NM,ASW,CE,Federal Contract Tower,0,1,1,0,2,0,0,120,2,122,0,1,121,2,124,72,0,72,196
05/09/2021,AEG,NM,ASW,CE,Federal Contract Tower,0,0,5,0,5,0,0,54,0,54,0,0,59,0,59,94,0,94,153
05/10/2021,AEG,NM,ASW,CE,Federal Contract Tower,0,2,8,0,10,0,0,50,3,53,0,2,58,3,63,86,0,86,149
05/11/2021,AEG,NM,ASW,CE,Federal Contract Tower,0,0,6,0,6,0,0,67,0,67,0,0,73,0,73,234,0,234,307
05/12/2021,AEG,NM,ASW,CE,Federal Contract Tower,0,0,6,0,6,0,0,54,1,55,0,0,60,1,61,110,0,110,171
05/13/2021,AEG,NM,ASW,CE,Federal Contract Tower,0,0,3,0,3,0,0,91,0,91,0,0,94,0,94,160,0,160,254
05/14/2021,AEG,NM,ASW,CE,Federal Contract Tower,0,1,5,0,6,0,0,66,0,66,0,1,71,0,72,92,0,92,164
05/15/2021,AEG,NM,ASW,CE,Federal Contract Tower,0,0,3,0,3,0,0,56,0,56,0,0,59,0,59,66,0,66,125
05/16/2021,AEG,NM,ASW,CE,Federal Contract Tower,0,0,8,0,8,0,0,94,0,94,0,0,102,0,102,114,0,114,216
05/17/2021,AEG,NM,ASW,CE,Federal Contract Tower,0,2,2,0,4,0,0,30,0,30,0,2,32,0,34,0,0,0,34
05/18/2021,AEG,NM,ASW,CE,Federal Contract Tower,0,2,3,0,5,0,1,38,0,39,0,3,41,0,44,70,0,70,114
05/19/2021,AEG,NM,ASW,CE,Federal Contract Tower,0,0,6,0,6,0,0,72,0,72,0,0,78,0,78,164,0,164,242
05/20/2021,AEG,NM,ASW,CE,Federal Contract Tower,0,4,5,0,9,0,0,106,0,106,0,4,111,0,115,216,0,216,331
05/21/2021,AEG,NM,ASW,CE,Federal Contract Tower,0,0,6,2,8,0,0,42,9,51,0,0,48,11,59,94,8,102,161
05/22/2021,AEG,NM,ASW,CE,Federal Contract Tower,0,0,3,0,3,0,0,41,0,41,0,0,44,0,44,96,0,96,140
05/23/2021,AEG,NM,ASW,CE,Federal Contract Tower,0,0,9,0,9,0,0,51,2,53,0,0,60,2,62,60,10,70,132
05/24/2021,AEG,NM,ASW,CE,Federal Contract Tower,0,1,12,0,13,0,0,99,12,111,0,1,111,12,124,122,74,196,320
05/25/2021,AEG,NM,ASW,CE,Federal Contract Tower,0,2,1,0,3,0,28,62,0,90,0,30,63,0,93,142,0,142,235
05/26/2021,AEG,NM,ASW,CE,Federal Contract Tower,0,0,8,0,8,0,0,76,10,86,0,0,84,10,94,146,16,162,256
05/27/2021,AEG,NM,ASW,CE,Federal Contract Tower,0,1,8,0,9,0,0,86,0,86,0,1,94,0,95,142,0,142,237
05/28/2021,AEG,NM,ASW,CE,Federal Contract Tower,0,2,5,0,7,0,0,89,0,89,0,2,94,0,96,116,0,116,212
05/29/2021,AEG,NM,ASW,CE,Federal Contract Tower,0,0,13,0,13,0,0,118,0,118,0,0,131,0,131,134,0,134,265
05/30/2021,AEG,NM,ASW,CE,Federal Contract Tower,0,3,2,0,5,0,0,34,0,34,0,3,36,0,39,52,0,52,91
05/31/2021,AEG,NM,ASW,CE,Federal Contract Tower,0,2,12,0,14,0,0,22,0,22,0,2,34,0,36,12,0,12,48
06/01/2021,AEG,NM,ASW,CE,Federal Contract Tower,0,0,7,0,7,0,0,54,0,54,0,0,61,0,61,108,0,108,169
06/02/2021,AEG,NM,ASW,CE,Federal Contract Tower,0,0,8,0,8,0,0,81,2,83,0,0,89,2,91,108,0,108,199
06/03/2021,AEG,NM,ASW,CE,Federal Contract Tower,0,0,4,0,4,0,0,56,2,58,0,0,60,2,62,94,2,96,158
06/04/2021,AEG,NM,ASW,CE,Federal Contract Tower,0,1,8,0,9,0,0,70,0,70,0,1,78,0,79,154,0,154,233
06/05/2021,AEG,NM,ASW,CE,Federal Contract Tower,0,0,5,0,5,0,0,75,0,75,0,0,80,0,80,54,0,54,134
06/06/2021,AEG,NM,ASW,CE,Federal Contract Tower,0,0,7,0,7,0,0,60,0,60,0,0,67,0,67,74,0,74,141
06/07/2021,AEG,NM,ASW,CE,Federal Contract Tower,0,1,7,0,8,0,0,54,1,55,0,1,61,1,63,40,14,54,117
06/08/2021,AEG,NM,ASW,CE,Federal Contract Tower,0,1,1,0,2,0,1,53,0,54,0,2,54,0,56,182,0,182,238
06/09/2021,AEG,NM,ASW,CE,Federal Contract Tower,0,0,2,0,2,0,0,73,0,73,0,0,75,0,75,174,0,174,249
06/10/2021,AEG,NM,ASW,CE,Federal Contract Tower,0,0,4,0,4,0,0,60,0,60,0,0,64,0,64,66,0,66,130
06/11/2021,AEG,NM,ASW,CE,Federal Contract Tower,0,0,5,0,5,0,0,71,0,71,0,0,76,0,76,152,0,152,228
06/12/2021,AEG,NM,ASW,CE,Federal Contract Tower,0,0,8,0,8,0,0,61,0,61,0,0,69,0,69,40,0,40,109
06/13/2021,AEG,NM,ASW,CE,Federal Contract Tower,0,1,8,0,9,0,0,49,0,49,0,1,57,0,58,68,0,68,126
06/14/2021,AEG,NM,ASW,CE,Federal Contract Tower,0,0,1,0,1,0,0,63,0,63,0,0,64,0,64,76,0,76,140
06/15/2021,AEG,NM,ASW,CE,Federal Contract Tower,0,0,1,0,1,0,0,80,0,80,0,0,81,0,81,264,0,264,345
06/16/2021,AEG,NM,ASW,CE,Federal Contract Tower,0,0,7,0,7,0,0,75,3,78,0,0,82,3,85,62,30,92,177
06/17/2021,AEG,NM,ASW,CE,Federal Contract Tower,0,4,8,0,12,0,0,56,0,56,0,4,64,0,68,74,0,74,142
06/18/2021,AEG,NM,ASW,CE,Federal Contract Tower,0,0,3,3,6,0,0,70,1,71,0,0,73,4,77,196,4,200,277
06/19/2021,AEG,NM,ASW,CE,Federal Contract Tower,0,1,5,0,6,0,2,101,7,110,0,3,106,7,116,80,0,80,196
06/20/2021,AEG,NM,ASW,CE,Federal Contract Tower,0,1,2,0,3,0,0,70,0,70,0,1,72,0,73,69,0,69,142
06/21/2021,AEG,NM,ASW,CE,Federal Contract Tower,0,8,6,0,14,0,0,39,4,43,0,8,45,4,57,72,0,72,129
06/22/2021,AEG,NM,ASW,CE,Federal Contract Tower,0,0,2,4,6,0,0,66,1,67,0,0,68,5,73,236,2,238,311
06/23/2021,AEG,NM,ASW,CE,Federal Contract Tower,0,0,4,1,5,0,0,41,9,50,0,0,45,10,55,90,2,92,147
06/24/2021,AEG,NM,ASW,CE,Federal Contract Tower,0,0,2,0,2,0,0,49,7,56,0,0,51,7,58,102,4,106,164
06/25/2021,AEG,NM,ASW,CE,Federal Contract Tower,0,1,12,0,13,0,0,79,7,86,0,1,91,7,99,134,2,136,235
06/26/2021,AEG,NM,ASW,CE,Federal Contract Tower,0,3,5,0,8,0,0,72,2,74,0,3,77,2,82,60,0,60,142
06/27/2021,AEG,NM,ASW,CE,Federal Contract Tower,0,2,5,0,7,0,1,27,1,29,0,3,32,1,36,12,0,12,48
06/28/2021,AEG,NM,ASW,CE,Federal Contract Tower,0,0,8,0,8,0,0,37,0,37,0,0,45,0,45,119,0,119,164
06/30/2021,AEG,NM,ASW,CE,Federal Contract Tower,0,2,13,0,15,0,0,50,5,55,0,2,63,5,70,104,0,104,174
07/01/2021,AEG,NM,ASW,CE,Federal Contract Tower,0,1,5,0,6,0,0,73,0,73,0,1,78,0,79,160,0,160,239
07/02/2021,AEG,NM,ASW,CE,Federal Contract Tower,0,0,6,0,6,0,0,67,0,67,0,0,73,0,73,148,0,148,221
07/03/2021,AEG,NM,ASW,CE,Federal Contract Tower,0,1,3,0,4,0,0,78,0,78,0,1,81,0,82,62,0,62,144
07/04/2021,AEG,NM,ASW,CE,Federal Contract Tower,0,2,3,0,5,0,0,72,0,72,0,2,75,0,77,136,0,136,213
07/05/2021,AEG,NM,ASW,CE,Federal Contract Tower,0,2,10,0,12,0,0,44,0,44,0,2,54,0,56,132,0,132,188
07/06/2021,AEG,NM,ASW,CE,Federal Contract Tower,0,0,9,0,9,0,0,51,0,51,0,0,60,0,60,119,0,119,179
07/07/2021,AEG,NM,ASW,CE,Federal Contract Tower,0,0,4,0,4,0,2,56,0,58,0,2,60,0,62,60,0,60,122
07/08/2021,AEG,NM,ASW,CE,Federal Contract Tower,0,0,6,0,6,0,0,86,0,86,0,0,92,0,92,86,0,86,178
07/09/2021,AEG,NM,ASW,CE,Federal Contract Tower,0,0,7,0,7,0,0,96,3,99,0,0,103,3,106,280,6,286,392
07/10/2021,AEG,NM,ASW,CE,Federal Contract Tower,0,1,5,0,6,0,0,78,1,79,0,1,83,1,85,84,0,84,169
07/11/2021,AEG,NM,ASW,CE,Federal Contract Tower,0,0,5,0,5,0,0,18,0,18,0,0,23,0,23,6,0,6,29
07/12/2021,AEG,NM,ASW,CE,Federal Contract Tower,0,0,9,0,9,0,0,39,0,39,0,0,48,0,48,66,0,66,114
07/13/2021,AEG,NM,ASW,CE,Federal Contract Tower,0,0,5,0,5,0,0,52,0,52,0,0,57,0,57,122,0,122,179
07/14/2021,AEG,NM,ASW,CE,Federal Contract Tower,0,0,2,0,2,0,0,39,2,41,0,0,41,2,43,32,28,60,103
07/15/2021,AEG,NM,ASW,CE,Federal Contract Tower,0,1,4,0,5,0,0,60,1,61,0,1,64,1,66,114,0,114,180
07/16/2021,AEG,NM,ASW,CE,Federal Contract Tower,0,0,5,0,5,0,0,79,0,79,0,0,84,0,84,152,0,152,236
07/17/2021,AEG,NM,ASW,CE,Federal Contract Tower,0,0,13,0,13,0,0,71,7,78,0,0,84,7,91,106,0,106,197
07/18/2021,AEG,NM,ASW,CE,Federal Contract Tower,0,2,5,0,7,0,0,62,5,67,0,2,67,5,74,164,0,164,238
07/19/2021,AEG,NM,ASW,CE,Federal Contract Tower,0,0,5,0,5,0,2,85,1,88,0,2,90,1,93,174,0,174,267
07/20/2021,AEG,NM,ASW,CE,Federal Contract Tower,0,2,5,0,7,0,0,78,1,79,0,2,83,1,86,102,0,102,188
07/21/2021,AEG,NM,ASW,CE,Federal Contract Tower,0,0,6,1,7,0,3,69,1,73,0,3,75,2,80,186,30,216,296
07/22/2021,AEG,NM,ASW,CE,Federal Contract Tower,0,10,5,2,17,0,1,61,0,62,0,11,66,2,79,136,2,138,217
07/23/2021,AEG,NM,ASW,CE,Federal Contract Tower,0,1,6,0,7,0,0,72,4,76,0,1,78,4,83,122,0,122,205
07/24/2021,AEG,NM,ASW,CE,Federal Contract Tower,0,1,3,0,4,0,2,69,0,71,0,3,72,0,75,104,0,104,179
07/25/2021,AEG,NM,ASW,CE,Federal Contract Tower,0,0,1,0,1,0,0,45,0,45,0,0,46,0,46,98,0,98,144
07/26/2021,AEG,NM,ASW,CE,Federal Contract Tower,0,0,5,2,7,0,0,53,4,57,0,0,58,6,64,92,20,112,176
07/27/2021,AEG,NM,ASW,CE,Federal Contract Tower,0,0,6,0,6,0,0,58,0,58,0,0,64,0,64,224,0,224,288
07/28/2021,AEG,NM,ASW,CE,Federal Contract Tower,0,1,13,0,14,0,0,55,0,55,0,1,68,0,69,126,0,126,195
07/29/2021,AEG,NM,ASW,CE,Federal Contract Tower,0,0,3,0,3,0,0,72,0,72,0,0,75,0,75,50,0,50,125
07/30/2021,AEG,NM,ASW,CE,Federal Contract Tower,0,0,3,0,3,0,0,60,1,61,0,0,63,1,64,148,0,148,212
07/31/2021,AEG,NM,ASW,CE,Federal Contract Tower,0,0,2,0,2,0,0,93,6,99,0,0,95,6,101,212,0,212,313
08/01/2021,AEG,NM,ASW,CE,Federal Contract Tower,0,2,2,0,4,0,0,50,1,51,0,2,52,1,55,80,0,80,135
08/02/2021,AEG,NM,ASW,CE,Federal Contract Tower,0,1,3,0,4,0,0,44,0,44,0,1,47,0,48,106,0,106,154
08/03/2021,AEG,NM,ASW,CE,Federal Contract Tower,0,0,2,0,2,0,0,49,0,49,0,0,51,0,51,114,0,114,165
08/04/2021,AEG,NM,ASW,CE,Federal Contract Tower,0,1,5,0,6,0,0,40,0,40,0,1,45,0,46,53,0,53,99
08/05/2021,AEG,NM,ASW,CE,Federal Contract Tower,0,1,13,4,18,0,0,42,2,44,0,1,55,6,62,54,0,54,116
08/06/2021,AEG,NM,ASW,CE,Federal Contract Tower,0,1,3,0,4,0,0,65,0,65,0,1,68,0,69,126,0,126,195
08/07/2021,AEG,NM,ASW,CE,Federal Contract Tower,0,0,1,0,1,0,0,62,0,62,0,0,63,0,63,78,0,78,141
08/08/2021,AEG,NM,ASW,CE,Federal Contract Tower,0,0,7,0,7,0,0,25,0,25,0,0,32,0,32,46,0,46,78
08/09/2021,AEG,NM,ASW,CE,Federal Contract Tower,0,1,5,0,6,0,0,41,2,43,0,1,46,2,49,72,0,72,121
08/10/2021,AEG,NM,ASW,CE,Federal Contract Tower,0,1,9,0,10,0,0,52,0,52,0,1,61,0,62,108,0,108,170
08/11/2021,AEG,NM,ASW,CE,Federal Contract Tower,0,0,2,0,2,0,0,76,2,78,0,0,78,2,80,120,0,120,200
08/12/2021,AEG,NM,ASW,CE,Federal Contract Tower,0,0,2,0,2,0,0,45,0,45,0,0,47,0,47,84,0,84,131
08/13/2021,AEG,NM,ASW,CE,Federal Contract Tower,0,0,3,0,3,0,0,68,0,68,0,0,71,0,71,108,0,108,179
08/14/2021,AEG,NM,ASW,CE,Federal Contract Tower,0,5,6,0,11,0,0,56,0,56,0,5,62,0,67,122,0,122,189
08/15/2021,AEG,NM,ASW,CE,Federal Contract Tower,0,0,0,0,0,0,0,56,0,56,0,0,56,0,56,166,0,166,222
08/16/2021,AEG,NM,ASW,CE,Federal Contract Tower,0,2,4,0,6,0,0,55,2,57,0,2,59,2,63,102,28,130,193
08/17/2021,AEG,NM,ASW,CE,Federal Contract Tower,0,0,12,4,16,0,1,93,1,95,0,1,105,5,111,196,6,202,313
08/18/2021,AEG,NM,ASW,CE,Federal Contract Tower,0,4,10,0,14,0,0,40,0,40,0,4,50,0,54,134,0,134,188
08/19/2021,AEG,NM,ASW,CE,Federal Contract Tower,0,1,5,3,9,0,0,62,1,63,0,1,67,4,72,136,0,136,208
08/20/2021,AEG,NM,ASW,CE,Federal Contract Tower,0,1,7,0,8,0,0,38,0,38,0,1,45,0,46,92,0,92,138
08/21/2021,AEG,NM,ASW,CE,Federal Contract Tower,0,0,3,0,3,0,0,81,0,81,0,0,84,0,84,106,0,106,190
08/22/2021,AEG,NM,ASW,CE,Federal Contract Tower,0,5,4,0,9,0,1,44,0,45,0,6,48,0,54,96,0,96,150
08/23/2021,AEG,NM,ASW,CE,Federal Contract Tower,0,0,3,0,3,0,0,50,1,51,0,0,53,1,54,154,0,154,208
08/24/2021,AEG,NM,ASW,CE,Federal Contract Tower,0,4,2,0,6,0,0,69,0,69,0,4,71,0,75,204,0,204,279
08/25/2021,AEG,NM,ASW,CE,Federal Contract Tower,0,1,5,1,7,0,0,94,1,95,0,1,99,2,102,102,0,102,204
08/26/2021,AEG,NM,ASW,CE,Federal Contract Tower,0,1,14,1,16,0,7,54,8,69,0,8,68,9,85,122,38,160,245
08/27/2021,AEG,NM,ASW,CE,Federal Contract Tower,0,11,4,0,15,0,2,66,6,74,0,13,70,6,89,154,0,154,243
08/28/2021,AEG,NM,ASW,CE,Federal Contract Tower,0,0,10,0,10,0,1,64,1,66,0,1,74,1,76,150,0,150,226
08/29/2021,AEG,NM,ASW,CE,Federal Contract Tower,0,0,4,0,4,0,0,70,6,76,0,0,74,6,80,84,10,94,174
08/30/2021,AEG,NM,ASW,CE,Federal Contract Tower,0,0,5,0,5,0,0,53,2,55,0,0,58,2,60,80,0,80,140
08/31/2021,AEG,NM,ASW,CE,Federal Contract Tower,0,0,3,0,3,0,0,64,5,69,0,0,67,5,72,98,0,98,170
09/01/2021,AEG,NM,ASW,CE,Federal Contract Tower,0,0,2,0,2,0,0,35,0,35,0,0,37,0,37,62,0,62,99
09/02/2021,AEG,NM,ASW,CE,Federal Contract Tower,0,0,6,0,6,0,0,64,3,67,0,0,70,3,73,150,0,150,223
09/03/2021,AEG,NM,ASW,CE,Federal Contract Tower,0,0,7,0,7,0,0,75,1,76,0,0,82,1,83,164,0,164,247
09/04/2021,AEG,NM,ASW,CE,Federal Contract Tower,0,0,1,0,1,0,0,72,2,74,0,0,73,2,75,122,0,122,197
09/05/2021,AEG,NM,ASW,CE,Federal Contract Tower,0,3,6,0,9,0,0,56,1,57,0,3,62,1,66,70,0,70,136
09/06/2021,AEG,NM,ASW,CE,Federal Contract Tower,0,0,3,0,3,0,0,60,0,60,0,0,63,0,63,116,0,116,179
09/07/2021,AEG,NM,ASW,CE,Federal Contract Tower,0,0,3,0,3,0,0,80,4,84,0,0,83,4,87,174,0,174,261
09/08/2021,AEG,NM,ASW,CE,Federal Contract Tower,0,0,7,1,8,0,1,64,5,70,0,1,71,6,78,154,0,154,232
09/09/2021,AEG,NM,ASW,CE,Federal Contract Tower,0,1,2,0,3,0,1,68,5,74,0,2,70,5,77,90,30,120,197
09/10/2021,AEG,NM,ASW,CE,Federal Contract Tower,0,6,1,0,7,0,0,80,0,80,0,6,81,0,87,142,4,146,233
09/11/2021,AEG,NM,ASW,CE,Federal Contract Tower,0,3,6,6,15,0,1,97,2,100,0,4,103,8,115,80,0,80,195
09/12/2021,AEG,NM,ASW,CE,Federal Contract Tower,0,0,1,0,1,0,0,68,2,70,0,0,69,2,71,98,0,98,169
09/13/2021,AEG,NM,ASW,CE,Federal Contract Tower,0,2,2,0,4,0,2,64,3,69,0,4,66,3,73,132,0,132,205
09/14/2021,AEG,NM,ASW,CE,Federal Contract Tower,0,0,3,0,3,0,1,78,0,79,0,1,81,0,82,137,0,137,219
09/15/2021,AEG,NM,ASW,CE,Federal Contract Tower,0,0,1,3,4,0,0,71,8,79,0,0,72,11,83,174,44,218,301
09/16/2021,AEG,NM,ASW,CE,Federal Contract Tower,0,0,4,0,4,0,2,89,3,94,0,2,93,3,98,152,12,164,262
09/17/2021,AEG,NM,ASW,CE,Federal Contract Tower,0,0,4,0,4,0,0,48,0,48,0,0,52,0,52,106,0,106,158
09/18/2021,AEG,NM,ASW,CE,Federal Contract Tower,0,0,1,0,1,0,0,72,0,72,0,0,73,0,73,86,0,86,159
09/19/2021,AEG,NM,ASW,CE,Federal Contract Tower,0,0,6,0,6,0,0,38,0,38,0,0,44,0,44,94,0,94,138
09/20/2021,AEG,NM,ASW,CE,Federal Contract Tower,0,0,1,0,1,0,0,41,1,42,0,0,42,1,43,29,0,29,72
09/21/2021,AEG,NM,ASW,CE,Federal Contract Tower,0,1,3,0,4,0,0,48,0,48,0,1,51,0,52,52,0,52,104
09/22/2021,AEG,NM,ASW,CE,Federal Contract Tower,0,0,3,0,3,0,0,59,0,59,0,0,62,0,62,124,0,124,186
09/23/2021,AEG,NM,ASW,CE,Federal Contract Tower,0,0,5,0,5,0,0,87,0,87,0,0,92,0,92,142,0,142,234
09/24/2021,AEG,NM,ASW,CE,Federal Contract Tower,0,1,10,0,11,0,0,73,0,73,0,1,83,0,84,166,0,166,250
09/25/2021,AEG,NM,ASW,CE,Federal Contract Tower,0,1,9,0,10,0,0,139,0,139,0,1,148,0,149,24,0,24,173
09/26/2021,AEG,NM,ASW,CE,Federal Contract Tower,0,3,6,0,9,0,0,57,0,57,0,3,63,0,66,86,0,86,152
09/27/2021,AEG,NM,ASW,CE,Federal Contract Tower,0,0,6,0,6,0,0,57,0,57,0,0,63,0,63,174,0,174,237
09/28/2021,AEG,NM,ASW,CE,Federal Contract Tower,0,0,3,0,3,0,0,52,0,52,0,0,55,0,55,102,0,102,157
09/29/2021,AEG,NM,ASW,CE,Federal Contract Tower,0,0,6,0,6,0,0,61,4,65,0,0,67,4,71,76,2,78,149
09/30/2021,AEG,NM,ASW,CE,Federal Contract Tower,0,0,5,0,5,0,0,16,1,17,0,0,21,1,22,4,0,4,26
10/01/2021,AEG,NM,ASW,CE,Federal Contract Tower,0,0,5,0,5,0,0,24,6,30,0,0,29,6,35,50,0,50,85
10/02/2021,AEG,NM,ASW,CE,Federal Contract Tower,0,2,4,0,6,0,0,72,11,83,0,2,76,11,89,71,0,71,160
10/03/2021,AEG,NM,ASW,CE,Federal Contract Tower,0,1,5,0,6,0,0,69,1,70,0,1,74,1,76,14,0,14,90
10/04/2021,AEG,NM,ASW,CE,Federal Contract Tower,0,0,6,0,6,0,0,57,9,66,0,0,63,9,72,80,0,80,152
10/05/2021,AEG,NM,ASW,CE,Federal Contract Tower,0,0,4,0,4,0,0,88,0,88,0,0,92,0,92,52,0,52,144
10/06/2021,AEG,NM,ASW,CE,Federal Contract Tower,0,0,7,0,7,0,0,68,4,72,0,0,75,4,79,56,0,56,135
10/07/2021,AEG,NM,ASW,CE,Federal Contract Tower,0,1,2,0,3,0,0,93,1,94,0,1,95,1,97,68,0,68,165
10/08/2021,AEG,NM,ASW,CE,Federal Contract Tower,0,0,9,0,9,0,0,82,0,82,0,0,91,0,91,52,0,52,143
10/09/2021,AEG,NM,ASW,CE,Federal Contract Tower,0,0,10,2,12,0,0,82,3,85,0,0,92,5,97,52,0,52,149
10/10/2021,AEG,NM,ASW,CE,Federal Contract Tower,0,0,6,0,6,0,2,23,0,25,0,2,29,0,31,8,0,8,39
10/11/2021,AEG,NM,ASW,CE,Federal Contract Tower,0,0,0,0,0,0,0,58,0,58,0,0,58,0,58,46,0,46,104
10/12/2021,AEG,NM,ASW,CE,Federal Contract Tower,0,0,5,1,6,0,0,10,1,11,0,0,15,2,17,4,2,6,23
10/13/2021,AEG,NM,ASW,CE,Federal Contract Tower,0,3,5,0,8,0,1,86,2,89,0,4,91,2,97,118,0,118,215
10/14/2021,AEG,NM,ASW,CE,Federal Contract Tower,0,0,2,3,5,0,0,63,11,74,0,0,65,14,79,14,94,108,187
10/15/2021,AEG,NM,ASW,CE,Federal Contract Tower,0,0,9,0,9,0,0,60,4,64,0,0,69,4,73,26,0,26,99
10/16/2021,AEG,NM,ASW,CE,Federal Contract Tower,0,0,8,0,8,0,0,121,8,129,0,0,129,8,137,98,0,98,235
10/17/2021,AEG,NM,ASW,CE,Federal Contract Tower,0,2,10,0,12,0,0,70,4,74,0,2,80,4,86,50,0,50,136
10/18/2021,AEG,NM,ASW,CE,Federal Contract Tower,0,0,3,0,3,0,0,59,6,65,0,0,62,6,68,34,0,34,102
10/19/2021,AEG,NM,ASW,CE,Federal Contract Tower,0,0,3,0,3,0,0,54,10,64,0,0,57,10,67,122,2,124,191
10/20/2021,AEG,NM,ASW,CE,Federal Contract Tower,0,0,3,0,3,0,0,91,2,93,0,0,94,2,96,142,6,148,244
10/21/2021,AEG,NM,ASW,CE,Federal Contract Tower,0,0,6,1,7,0,0,81,5,86,0,0,87,6,93,80,0,80,173
10/22/2021,AEG,NM,ASW,CE,Federal Contract Tower,0,0,4,0,4,0,0,72,4,76,0,0,76,4,80,84,0,84,164
10/23/2021,AEG,NM,ASW,CE,Federal Contract Tower,0,1,5,0,6,0,0,128,3,131,0,1,133,3,137,78,0,78,215
10/24/2021,AEG,NM,ASW,CE,Federal Contract Tower,0,0,5,0,5,0,0,57,4,61,0,0,62,4,66,102,0,102,168
10/25/2021,AEG,NM,ASW,CE,Federal Contract Tower,0,0,4,0,4,0,0,52,2,54,0,0,56,2,58,116,0,116,174
10/26/2021,AEG,NM,ASW,CE,Federal Contract Tower,0,0,2,0,2,0,0,6,1,7,0,0,8,1,9,6,0,6,15
10/27/2021,AEG,NM,ASW,CE,Federal Contract Tower,0,0,1,0,1,0,0,18,3,21,0,0,19,3,22,0,0,0,22
10/28/2021,AEG,NM,ASW,CE,Federal Contract Tower,0,1,11,0,12,0,0,82,0,82,0,1,93,0,94,108,0,108,202
10/29/2021,AEG,NM,ASW,CE,Federal Contract Tower,0,0,7,0,7,0,0,95,0,95,0,0,102,0,102,162,0,162,264
10/30/2021,AEG,NM,ASW,CE,Federal Contract Tower,0,1,9,0,10,0,0,72,0,72,0,1,81,0,82,54,0,54,136
10/31/2021,AEG,NM,ASW,CE,Federal Contract Tower,0,0,6,0,6,0,0,58,0,58,0,0,64,0,64,94,0,94,158
11/01/2021,AEG,NM,ASW,CE,Federal Contract Tower,0,0,3,4,7,0,0,51,2,53,0,0,54,6,60,68,6,74,134
11/02/2021,AEG,NM,ASW,CE,Federal Contract Tower,0,2,5,0,7,0,0,56,5,61,0,2,61,5,68,46,4,50,118
11/03/2021,AEG,NM,ASW,CE,Federal Contract Tower,0,0,12,0,12,0,2,65,0,67,0,2,77,0,79,74,0,74,153
11/04/2021,AEG,NM,ASW,CE,Federal Contract Tower,0,17,1,0,18,0,0,43,3,46,0,17,44,3,64,78,0,78,142
11/05/2021,AEG,NM,ASW,CE,Federal Contract Tower,0,0,8,0,8,0,0,61,0,61,0,0,69,0,69,114,0,114,183
11/06/2021,AEG,NM,ASW,CE,Federal Contract Tower,0,0,2,0,2,0,0,163,0,163,0,0,165,0,165,38,0,38,203
11/07/2021,AEG,NM,ASW,CE,Federal Contract Tower,0,0,2,0,2,0,0,92,0,92,0,0,94,0,94,90,0,90,184
11/08/2021,AEG,NM,ASW,CE,Federal Contract Tower,0,0,1,0,1,0,0,75,2,77,0,0,76,2,78,100,0,100,178
11/09/2021,AEG,NM,ASW,CE,Federal Contract Tower,0,0,4,0,4,0,1,80,1,82,0,1,84,1,86,77,0,77,163
11/10/2021,AEG,NM,ASW,CE,Federal Contract Tower,0,0,6,0,6,0,6,18,2,26,0,6,24,2,32,22,0,22,54
11/11/2021,AEG,NM,ASW,CE,Federal Contract Tower,0,7,3,1,11,0,0,46,0,46,0,7,49,1,57,48,0,48,105
11/12/2021,AEG,NM,ASW,CE,Federal Contract Tower,0,1,5,1,7,0,5,56,1,62,0,6,61,2,69,64,26,90,159
11/13/2021,AEG,NM,ASW,CE,Federal Contract Tower,0,2,5,0,7,0,0,72,0,72,0,2,77,0,79,96,0,96,175
11/14/2021,AEG,NM,ASW,CE,Federal Contract Tower,0,0,4,0,4,0,0,58,0,58,0,0,62,0,62,46,0,46,108
11/15/2021,AEG,NM,ASW,CE,Federal Contract Tower,0,0,5,2,7,0,0,56,0,56,0,0,61,2,63,104,16,120,183
11/16/2021,AEG,NM,ASW,CE,Federal Contract Tower,0,0,1,1,2,0,1,47,1,49,0,1,48,2,51,136,0,136,187
11/17/2021,AEG,NM,ASW,CE,Federal Contract Tower,0,0,8,0,8,0,0,48,2,50,0,0,56,2,58,156,12,168,226
11/18/2021,AEG,NM,ASW,CE,Federal Contract Tower,0,4,5,2,11,0,0,48,0,48,0,4,53,2,59,98,0,98,157
11/19/2021,AEG,NM,ASW,CE,Federal Contract Tower,0,0,12,0,12,0,0,72,7,79,0,0,84,7,91,212,20,232,323
11/20/2021,AEG,NM,ASW,CE,Federal Contract Tower,0,0,5,0,5,0,1,79,0,80,0,1,84,0,85,100,0,100,185
11/21/2021,AEG,NM,ASW,CE,Federal Contract Tower,0,0,5,0,5,0,0,61,0,61,0,0,66,0,66,134,0,134,200
11/22/2021,AEG,NM,ASW,CE,Federal Contract Tower,0,0,1,0,1,0,4,84,0,88,0,4,85,0,89,105,0,105,194
11/23/2021,AEG,NM,ASW,CE,Federal Contract Tower,0,0,5,0,5,0,0,48,0,48,0,0,53,0,53,116,0,116,169
11/24/2021,AEG,NM,ASW,CE,Federal Contract Tower,0,1,7,0,8,0,0,27,0,27,0,1,34,0,35,26,0,26,61
11/25/2021,AEG,NM,ASW,CE,Federal Contract Tower,0,2,0,0,2,0,0,14,0,14,0,2,14,0,16,30,0,30,46
11/26/2021,AEG,NM,ASW,CE,Federal Contract Tower,0,0,4,0,4,0,0,36,0,36,0,0,40,0,40,40,0,40,80
11/27/2021,AEG,NM,ASW,CE,Federal Contract Tower,0,0,1,0,1,0,0,51,0,51,0,0,52,0,52,44,0,44,96
11/28/2021,AEG,NM,ASW,CE,Federal Contract Tower,0,0,14,0,14,0,0,79,0,79,0,0,93,0,93,126,0,126,219
11/29/2021,AEG,NM,ASW,CE,Federal Contract Tower,0,0,3,0,3,0,0,78,0,78,0,0,81,0,81,188,0,188,269
11/30/2021,AEG,NM,ASW,CE,Federal Contract Tower,0,0,1,0,1,0,0,54,1,55,0,0,55,1,56,142,0,142,198
12/01/2021,AEG,NM,ASW,CE,Federal Contract Tower,0,0,0,2,2,0,0,65,0,65,0,0,65,2,67,110,32,142,209
12/02/2021,AEG,NM,ASW,CE,Federal Contract Tower,0,0,7,0,7,0,0,76,3,79,0,0,83,3,86,74,30,104,190
12/03/2021,AEG,NM,ASW,CE,Federal Contract Tower,0,2,11,4,17,0,0,70,0,70,0,2,81,4,87,58,0,58,145
12/04/2021,AEG,NM,ASW,CE,Federal Contract Tower,0,0,8,0,8,0,0,98,0,98,0,0,106,0,106,126,0,126,232
12/05/2021,AEG,NM,ASW,CE,Federal Contract Tower,0,2,5,0,7,0,0,39,0,39,0,2,44,0,46,14,0,14,60
12/06/2021,AEG,NM,ASW,CE,Federal Contract Tower,0,0,5,0,5,0,0,67,1,68,0,0,72,1,73,160,22,182,255
12/07/2021,AEG,NM,ASW,CE,Federal Contract Tower,0,0,4,0,4,0,0,27,0,27,0,0,31,0,31,88,0,88,119
12/08/2021,AEG,NM,ASW,CE,Federal Contract Tower,0,0,9,0,9,0,0,61,0,61,0,0,70,0,70,94,18,112,182
12/09/2021,AEG,NM,ASW,CE,Federal Contract Tower,0,0,7,0,7,0,0,37,0,37,0,0,44,0,44,36,0,36,80
12/10/2021,AEG,NM,ASW,CE,Federal Contract Tower,0,1,1,0,2,0,0,0,0,0,0,1,1,0,2,0,0,0,2
12/11/2021,AEG,NM,ASW,CE,Federal Contract Tower,0,0,3,1,4,0,0,48,3,51,0,0,51,4,55,92,2,94,149
12/12/2021,AEG,NM,ASW,CE,Federal Contract Tower,0,0,14,0,14,0,0,46,0,46,0,0,60,0,60,52,0,52,112
12/13/2021,AEG,NM,ASW,CE,Federal Contract Tower,0,0,2,7,9,0,0,45,5,50,0,0,47,12,59,74,4,78,137
12/14/2021,AEG,NM,ASW,CE,Federal Contract Tower,0,1,1,0,2,0,0,36,0,36,0,1,37,0,38,87,0,87,125
12/15/2021,AEG,NM,ASW,CE,Federal Contract Tower,0,1,3,0,4,0,0,11,0,11,0,1,14,0,15,0,0,0,15
12/16/2021,AEG,NM,ASW,CE,Federal Contract Tower,0,0,2,0,2,0,0,72,2,74,0,0,74,2,76,136,0,136,212
12/17/2021,AEG,NM,ASW,CE,Federal Contract Tower,0,0,2,0,2,0,0,45,0,45,0,0,47,0,47,52,0,52,99
12/18/2021,AEG,NM,ASW,CE,Federal Contract Tower,0,1,3,0,4,0,0,75,2,77,0,1,78,2,81,80,2,82,163
12/19/2021,AEG,NM,ASW,CE,Federal Contract Tower,0,0,2,0,2,0,0,76,0,76,0,0,78,0,78,84,0,84,162
12/20/2021,AEG,NM,ASW,CE,Federal Contract Tower,0,1,1,0,2,0,0,51,2,53,0,1,52,2,55,92,3,95,150
12/21/2021,AEG,NM,ASW,CE,Federal Contract Tower,0,0,6,0,6,0,0,60,0,60,0,0,66,0,66,192,0,192,258
12/22/2021,AEG,NM,ASW,CE,Federal Contract Tower,0,0,13,0,13,0,0,124,0,124,0,0,137,0,137,196,0,196,333
12/23/2021,AEG,NM,ASW,CE,Federal Contract Tower,0,2,7,0,9,0,0,43,0,43,0,2,50,0,52,126,0,126,178
12/24/2021,AEG,NM,ASW,CE,Federal Contract Tower,0,0,1,0,1,0,0,2,0,2,0,0,3,0,3,0,0,0,3
12/25/2021,AEG,NM,ASW,CE,Federal Contract Tower,0,0,0,0,0,0,0,10,0,10,0,0,10,0,10,34,0,34,44
12/26/2021,AEG,NM,ASW,CE,Federal Contract Tower,0,0,0,0,0,0,0,13,0,13,0,0,13,0,13,2,0,2,15
12/27/2021,AEG,NM,ASW,CE,Federal Contract Tower,0,0,3,0,3,0,0,32,0,32,0,0,35,0,35,54,0,54,89
12/28/2021,AEG,NM,ASW,CE,Federal Contract Tower,0,2,8,1,11,0,0,26,1,27,0,2,34,2,38,34,0,34,72
12/29/2021,AEG,NM,ASW,CE,Federal Contract Tower,0,0,9,0,9,0,0,24,0,24,0,0,33,0,33,36,0,36,69
12/30/2021,AEG,NM,ASW,CE,Federal Contract Tower,0,0,18,0,18,0,0,71,0,71,0,0,89,0,89,72,0,72,161
12/31/2021,AEG,NM,ASW,CE,Federal Contract Tower,0,0,0,0,0,0,0,26,0,26,0,0,26,0,26,66,0,66,92
01/01/2022,AEG,NM,ASW,CE,Federal Contract Tower,0,0,2,0,2,0,2,7,0,9,0,2,9,0,11,12,0,12,23
01/02/2022,AEG,NM,ASW,CE,Federal Contract Tower,0,0,5,0,5,0,0,34,0,34,0,0,39,0,39,72,0,72,111
01/03/2022,AEG,NM,ASW,CE,Federal Contract Tower,0,0,0,0,0,0,0,52,2,54,0,0,52,2,54,138,0,138,192
01/04/2022,AEG,NM,ASW,CE,Federal Contract Tower,0,0,4,0,4,0,0,58,0,58,0,0,62,0,62,84,0,84,146
01/05/2022,AEG,NM,ASW,CE,Federal Contract Tower,0,1,9,0,10,0,0,60,0,60,0,1,69,0,70,150,0,150,220
01/06/2022,AEG,NM,ASW,CE,Federal Contract Tower,0,0,7,2,9,0,0,38,12,50,0,0,45,14,59,94,0,94,153
01/07/2022,AEG,NM,ASW,CE,Federal Contract Tower,0,0,6,6,12,0,0,59,0,59,0,0,65,6,71,132,0,132,203
01/08/2022,AEG,NM,ASW,CE,Federal Contract Tower,0,0,1,0,1,0,0,49,0,49,0,0,50,0,50,74,0,74,124
01/09/2022,AEG,NM,ASW,CE,Federal Contract Tower,0,0,4,0,4,0,0,84,0,84,0,0,88,0,88,146,0,146,234
01/10/2022,AEG,NM,ASW,CE,Federal Contract Tower,0,0,1,0,1,0,0,58,0,58,0,0,59,0,59,128,0,128,187
01/11/2022,AEG,NM,ASW,CE,Federal Contract Tower,0,1,9,0,10,0,0,72,2,74,0,1,81,2,84,140,6,146,230
01/12/2022,AEG,NM,ASW,CE,Federal Contract Tower,0,2,1,0,3,0,0,52,0,52,0,2,53,0,55,90,0,90,145
01/13/2022,AEG,NM,ASW,CE,Federal Contract Tower,0,4,8,0,12,0,0,69,2,71,0,4,77,2,83,94,0,94,177
01/14/2022,AEG,NM,ASW,CE,Federal Contract Tower,0,0,9,0,9,0,0,36,0,36,0,0,45,0,45,68,0,68,113
01/15/2022,AEG,NM,ASW,CE,Federal Contract Tower,0,0,13,0,13,0,0,58,0,58,0,0,71,0,71,67,0,67,138
01/16/2022,AEG,NM,ASW,CE,Federal Contract Tower,0,0,3,0,3,0,0,60,0,60,0,0,63,0,63,78,0,78,141
01/17/2022,AEG,NM,ASW,CE,Federal Contract Tower,0,1,4,0,5,0,0,89,0,89,0,1,93,0,94,122,0,122,216
01/18/2022,AEG,NM,ASW,CE,Federal Contract Tower,0,0,5,0,5,0,0,52,4,56,0,0,57,4,61,54,6,60,121
01/19/2022,AEG,NM,ASW,CE,Federal Contract Tower,0,0,5,2,7,0,0,35,0,35,0,0,40,2,42,118,0,118,160
01/20/2022,AEG,NM,ASW,CE,Federal Contract Tower,0,0,11,2,13,0,0,63,2,65,0,0,74,4,78,72,0,72,150
01/21/2022,AEG,NM,ASW,CE,Federal Contract Tower,0,0,4,2,6,0,0,72,0,72,0,0,76,2,78,148,0,148,226
01/22/2022,AEG,NM,ASW,CE,Federal Contract Tower,0,0,7,0,7,0,4,30,1,35,0,4,37,1,42,36,0,36,78
01/23/2022,AEG,NM,ASW,CE,Federal Contract Tower,0,1,1,0,2,0,0,72,0,72,0,1,73,0,74,131,0,131,205
01/24/2022,AEG,NM,ASW,CE,Federal Contract Tower,0,0,5,0,5,0,0,67,0,67,0,0,72,0,72,132,0,132,204
01/25/2022,AEG,NM,ASW,CE,Federal Contract Tower,0,0,1,0,1,0,0,66,0,66,0,0,67,0,67,164,0,164,231
01/26/2022,AEG,NM,ASW,CE,Federal Contract Tower,0,2,2,0,4,0,3,20,4,27,0,5,22,4,31,20,0,20,51
01/27/2022,AEG,NM,ASW,CE,Federal Contract Tower,0,0,15,0,15,0,0,68,0,68,0,0,83,0,83,172,0,172,255
01/28/2022,AEG,NM,ASW,CE,Federal Contract Tower,0,0,4,0,4,0,2,82,2,86,0,2,86,2,90,140,52,192,282
01/29/2022,AEG,NM,ASW,CE,Federal Contract Tower,0,0,7,0,7,0,0,105,0,105,0,0,112,0,112,142,0,142,254
01/30/2022,AEG,NM,ASW,CE,Federal Contract Tower,0,1,4,0,5,0,0,57,0,57,0,1,61,0,62,132,0,132,194
01/31/2022,AEG,NM,ASW,CE,Federal Contract Tower,0,2,2,4,8,0,0,60,8,68,0,2,62,12,76,136,0,136,212
02/01/2022,AEG,NM,ASW,CE,Federal Contract Tower,0,0,5,6,11,0,0,51,16,67,0,0,56,22,78,120,0,120,198
02/02/2022,AEG,NM,ASW,CE,Federal Contract Tower,0,2,1,0,3,0,0,0,0,0,0,2,1,0,3,0,0,0,3
02/03/2022,AEG,NM,ASW,CE,Federal Contract Tower,0,0,1,0,1,0,0,13,14,27,0,0,14,14,28,6,0,6,34
02/04/2022,AEG,NM,ASW,CE,Federal Contract Tower,0,0,2,0,2,0,0,45,17,62,0,0,47,17,64,82,0,82,146
02/05/2022,AEG,NM,ASW,CE,Federal Contract Tower,0,0,3,0,3,0,0,80,4,84,0,0,83,4,87,136,0,136,223
02/06/2022,AEG,NM,ASW,CE,Federal Contract Tower,0,2,3,0,5,0,1,28,2,31,0,3,31,2,36,78,0,78,114
02/07/2022,AEG,NM,ASW,CE,Federal Contract Tower,0,0,0,0,0,0,0,76,12,88,0,0,76,12,88,204,0,204,292
02/08/2022,AEG,NM,ASW,CE,Federal Contract Tower,0,2,2,0,4,0,0,69,9,78,0,2,71,9,82,174,4,178,260
02/09/2022,AEG,NM,ASW,CE,Federal Contract Tower,0,0,8,0,8,0,0,77,18,95,0,0,85,18,103,106,0,106,209
02/10/2022,AEG,NM,ASW,CE,Federal Contract Tower,0,0,1,0,1,0,4,85,0,89,0,4,86,0,90,178,0,178,268
02/11/2022,AEG,NM,ASW,CE,Federal Contract Tower,0,2,5,0,7,0,0,63,0,63,0,2,68,0,70,98,0,98,168
02/12/2022,AEG,NM,ASW,CE,Federal Contract Tower,0,1,6,0,7,0,0,96,0,96,0,1,102,0,103,130,0,130,233
02/13/2022,AEG,NM,ASW,CE,Federal Contract Tower,0,4,2,0,6,0,0,89,0,89,0,4,91,0,95,86,0,86,181
02/14/2022,AEG,NM,ASW,CE,Federal Contract Tower,0,1,2,0,3,0,2,82,0,84,0,3,84,0,87,140,0,140,227
02/15/2022,AEG,NM,ASW,CE,Federal Contract Tower,0,1,4,0,5,0,2,77,2,81,0,3,81,2,86,196,0,196,282
02/16/2022,AEG,NM,ASW,CE,Federal Contract Tower,0,0,3,0,3,0,4,33,0,37,0,4,36,0,40,122,0,122,162
02/17/2022,AEG,NM,ASW,CE,Federal Contract Tower,0,0,8,0,8,0,0,6,0,6,0,0,14,0,14,2,0,2,16
02/18/2022,AEG,NM,ASW,CE,Federal Contract Tower,0,1,6,0,7,0,0,68,0,68,0,1,74,0,75,120,0,120,195
02/19/2022,AEG,NM,ASW,CE,Federal Contract Tower,0,1,5,0,6,0,0,107,0,107,0,1,112,0,113,130,0,130,243
02/20/2022,AEG,NM,ASW,CE,Federal Contract Tower,0,0,3,0,3,0,0,68,0,68,0,0,71,0,71,108,0,108,179
02/21/2022,AEG,NM,ASW,CE,Federal Contract Tower,0,0,5,0,5,0,0,65,0,65,0,0,70,0,70,156,0,156,226
02/22/2022,AEG,NM,ASW,CE,Federal Contract Tower,0,0,2,0,2,0,0,31,2,33,0,0,33,2,35,64,2,66,101
02/23/2022,AEG,NM,ASW,CE,Federal Contract Tower,0,0,4,0,4,0,0,2,0,2,0,0,6,0,6,0,0,0,6
02/24/2022,AEG,NM,ASW,CE,Federal Contract Tower,0,3,1,0,4,0,1,24,0,25,0,4,25,0,29,8,0,8,37
02/25/2022,AEG,NM,ASW,CE,Federal Contract Tower,0,1,6,6,13,0,0,89,0,89,0,1,95,6,102,186,0,186,288
02/26/2022,AEG,NM,ASW,CE,Federal Contract Tower,0,0,2,0,2,0,0,51,0,51,0,0,53,0,53,56,0,56,109
02/27/2022,AEG,NM,ASW,CE,Federal Contract Tower,0,0,1,0,1,0,0,77,0,77,0,0,78,0,78,142,0,142,220
02/28/2022,AEG,NM,ASW,CE,Federal Contract Tower,0,1,3,0,4,0,1,53,2,56,0,2,56,2,60,84,0,84,144
03/01/2022,AEG,NM,ASW,CE,Federal Contract Tower,0,2,1,0,3,0,1,77,0,78,0,3,78,0,81,216,0,216,297
03/02/2022,AEG,NM,ASW,CE,Federal Contract Tower,0,3,7,0,10,0,0,77,0,77,0,3,84,0,87,164,0,164,251
03/03/2022,AEG,NM,ASW,CE,Federal Contract Tower,0,0,4,0,4,0,0,74,0,74,0,0,78,0,78,190,0,190,268
03/04/2022,AEG,NM,ASW,CE,Federal Contract Tower,0,0,7,0,7,0,0,20,0,20,0,0,27,0,27,14,0,14,41
03/05/2022,AEG,NM,ASW,CE,Federal Contract Tower,0,0,4,4,8,0,2,53,0,55,0,2,57,4,63,90,0,90,153
03/06/2022,AEG,NM,ASW,CE,Federal Contract Tower,0,1,3,0,4,0,0,3,0,3,0,1,6,0,7,0,0,0,7
03/07/2022,AEG,NM,ASW,CE,Federal Contract Tower,0,0,8,0,8,0,0,46,0,46,0,0,54,0,54,74,0,74,128
03/08/2022,AEG,NM,ASW,CE,Federal Contract Tower,0,0,2,0,2,0,0,33,0,33,0,0,35,0,35,82,0,82,117
03/09/2022,AEG,NM,ASW,CE,Federal Contract Tower,0,1,8,0,9,0,0,55,0,55,0,1,63,0,64,114,0,114,178
03/10/2022,AEG,NM,ASW,CE,Federal Contract Tower,0,1,2,0,3,0,0,36,0,36,0,1,38,0,39,48,0,48,87
03/11/2022,AEG,NM,ASW,CE,Federal Contract Tower,0,5,8,0,13,0,0,29,0,29,0,5,37,0,42,72,0,72,114
03/12/2022,AEG,NM,ASW,CE,Federal Contract Tower,0,0,2,0,2,0,0,119,0,119,0,0,121,0,121,112,0,112,233
03/13/2022,AEG,NM,ASW,CE,Federal Contract Tower,0,0,3,0,3,0,0,62,0,62,0,0,65,0,65,106,0,106,171
03/14/2022,AEG,NM,ASW,CE,Federal Contract Tower,0,1,3,0,4,0,0,37,0,37,0,1,40,0,41,54,0,54,95
03/15/2022,AEG,NM,ASW,CE,Federal Contract Tower,0,1,4,0,5,0,2,96,0,98,0,3,100,0,103,314,0,314,417
03/16/2022,AEG,NM,ASW,CE,Federal Contract Tower,0,0,2,0,2,0,0,62,0,62,0,0,64,0,64,132,0,132,196
03/17/2022,AEG,NM,ASW,CE,Federal Contract Tower,0,0,2,0,2,0,0,13,0,13,0,0,15,0,15,4,0,4,19
03/18/2022,AEG,NM,ASW,CE,Federal Contract Tower,0,0,7,1,8,0,0,72,1,73,0,0,79,2,81,240,0,240,321
03/19/2022,AEG,NM,ASW,CE,Federal Contract Tower,0,0,5,0,5,0,0,166,0,166,0,0,171,0,171,152,0,152,323
03/20/2022,AEG,NM,ASW,CE,Federal Contract Tower,0,3,6,0,9,0,0,45,2,47,0,3,51,2,56,66,0,66,122
03/21/2022,AEG,NM,ASW,CE,Federal Contract Tower,0,0,8,0,8,0,0,8,2,10,0,0,16,2,18,26,0,26,44
03/22/2022,AEG,NM,ASW,CE,Federal Contract Tower,0,4,2,0,6,0,0,6,0,6,0,4,8,0,12,0,0,0,12
03/23/2022,AEG,NM,ASW,CE,Federal Contract Tower,0,4,9,0,13,0,0,30,3,33,0,4,39,3,46,70,0,70,116
03/24/2022,AEG,NM,ASW,CE,Federal Contract Tower,0,0,2,0,2,0,3,90,0,93,0,3,92,0,95,208,0,208,303
03/25/2022,AEG,NM,ASW,CE,Federal Contract Tower,0,1,8,1,10,0,1,96,2,99,0,2,104,3,109,218,0,218,327
03/26/2022,AEG,NM,ASW,CE,Federal Contract Tower,0,0,4,0,4,0,0,102,1,103,0,0,106,1,107,156,0,156,263
03/27/2022,AEG,NM,ASW,CE,Federal Contract Tower,0,0,4,0,4,0,0,108,2,110,0,0,112,2,114,180,0,180,294
03/28/2022,AEG,NM,ASW,CE,Federal Contract Tower,0,0,3,0,3,0,0,57,3,60,0,0,60,3,63,108,0,108,171
03/29/2022,AEG,NM,ASW,CE,Federal Contract Tower,0,1,3,0,4,0,0,23,2,25,0,1,26,2,29,12,2,14,43
03/30/2022,AEG,NM,ASW,CE,Federal Contract Tower,0,1,1,0,2,0,0,7,0,7,0,1,8,0,9,0,0,0,9
03/31/2022,AEG,NM,ASW,CE,Federal Contract Tower,0,0,4,0,4,0,0,78,10,88,0,0,82,10,92,166,0,166,258
04/01/2022,AEG,NM,ASW,CE,Federal Contract Tower,0,0,9,2,11,0,0,32,2,34,0,0,41,4,45,34,0,34,79
04/02/2022,AEG,NM,ASW,CE,Federal Contract Tower,0,0,1,0,1,0,0,114,0,114,0,0,115,0,115,56,0,56,171
04/03/2022,AEG,NM,ASW,CE,Federal Contract Tower,0,0,4,0,4,0,0,83,0,83,0,0,87,0,87,90,0,90,177
04/04/2022,AEG,NM,ASW,CE,Federal Contract Tower,0,0,3,0,3,0,0,47,0,47,0,0,50,0,50,54,22,76,126
04/05/2022,AEG,NM,ASW,CE,Federal Contract Tower,0,0,1,0,1,0,0,20,5,25,0,0,21,5,26,46,0,46,72
04/06/2022,AEG,NM,ASW,CE,Federal Contract Tower,0,0,3,0,3,0,0,5,1,6,0,0,8,1,9,0,0,0,9
04/07/2022,AEG,NM,ASW,CE,Federal Contract Tower,0,0,9,0,9,0,0,76,0,76,0,0,85,0,85,140,0,140,225
04/08/2022,AEG,NM,ASW,CE,Federal Contract Tower,0,1,7,0,8,0,0,98,3,101,0,1,105,3,109,156,16,172,281
04/09/2022,AEG,NM,ASW,CE,Federal Contract Tower,0,0,4,0,4,0,0,84,0,84,0,0,88,0,88,104,0,104,192
04/10/2022,AEG,NM,ASW,CE,Federal Contract Tower,0,0,1,6,7,0,1,11,0,12,0,1,12,6,19,4,0,4,23
04/11/2022,AEG,NM,ASW,CE,Federal Contract Tower,0,0,3,0,3,0,0,49,0,49,0,0,52,0,52,16,0,16,68
04/12/2022,AEG,NM,ASW,CE,Federal Contract Tower,0,0,3,0,3,0,0,10,0,10,0,0,13,0,13,0,0,0,13
04/13/2022,AEG,NM,ASW,CE,Federal Contract Tower,0,2,3,2,7,0,0,31,0,31,0,2,34,2,38,0,0,0,38
04/14/2022,AEG,NM,ASW,CE,Federal Contract Tower,0,5,4,0,9,0,1,57,0,58,0,6,61,0,67,42,0,42,109
04/15/2022,AEG,NM,ASW,CE,Federal Contract Tower,0,0,9,2,11,0,0,62,0,62,0,0,71,2,73,66,0,66,139
04/16/2022,AEG,NM,ASW,CE,Federal Contract Tower,0,0,2,0,2,0,0,78,0,78,0,0,80,0,80,122,0,122,202
04/17/2022,AEG,NM,ASW,CE,Federal Contract Tower,0,0,4,0,4,0,0,32,0,32,0,0,36,0,36,33,0,33,69
04/18/2022,AEG,NM,ASW,CE,Federal Contract Tower,0,0,3,0,3,0,0,61,1,62,0,0,64,1,65,90,0,90,155
04/19/2022,AEG,NM,ASW,CE,Federal Contract Tower,0,0,2,0,2,0,0,34,0,34,0,0,36,0,36,138,0,138,174
04/20/2022,AEG,NM,ASW,CE,Federal Contract Tower,0,0,8,1,9,0,0,56,1,57,0,0,64,2,66,26,2,28,94
04/21/2022,AEG,NM,ASW,CE,Federal Contract Tower,0,0,9,1,10,0,0,82,3,85,0,0,91,4,95,90,8,98,193
04/22/2022,AEG,NM,ASW,CE,Federal Contract Tower,0,0,0,0,0,0,0,6,0,6,0,0,6,0,6,10,0,10,16
04/23/2022,AEG,NM,ASW,CE,Federal Contract Tower,0,0,1,0,1,0,0,51,4,55,0,0,52,4,56,32,0,32,88
04/24/2022,AEG,NM,ASW,CE,Federal Contract Tower,0,1,1,0,2,0,0,79,0,79,0,1,80,0,81,124,0,124,205
04/25/2022,AEG,NM,ASW,CE,Federal Contract Tower,0,1,3,0,4,0,9,42,3,54,0,10,45,3,58,104,32,136,194
04/26/2022,AEG,NM,ASW,CE,Federal Contract Tower,0,1,0,0,1,0,1,42,5,48,0,2,42,5,49,104,2,106,155
04/27/2022,AEG,NM,ASW,CE,Federal Contract Tower,0,1,1,1,3,0,0,64,9,73,0,1,65,10,76,122,6,128,204
04/28/2022,AEG,NM,ASW,CE,Federal Contract Tower,0,0,7,3,10,0,0,49,15,64,0,0,56,18,74,172,10,182,256
04/29/2022,AEG,NM,ASW,CE,Federal Contract Tower,0,0,1,0,1,0,0,23,1,24,0,0,24,1,25,50,0,50,75
04/30/2022,AEG,NM,ASW,CE,Federal Contract Tower,0,0,1,0,1,0,0,110,0,110,0,0,111,0,111,172,0,172,283
05/01/2022,AEG,NM,ASW,CE,Federal Contract Tower,0,1,3,0,4,0,0,31,0,31,0,1,34,0,35,72,0,72,107
05/02/2022,AEG,NM,ASW,CE,Federal Contract Tower,0,3,1,0,4,0,0,18,2,20,0,3,19,2,24,16,2,18,42
05/03/2022,AEG,NM,ASW,CE,Federal Contract Tower,0,1,6,0,7,0,0,41,5,46,0,1,47,5,53,68,18,86,139
05/04/2022,AEG,NM,ASW,CE,Federal Contract Tower,0,0,5,0,5,0,0,29,0,29,0,0,34,0,34,28,0,28,62
05/05/2022,AEG,NM,ASW,CE,Federal Contract Tower,0,0,5,0,5,0,0,56,0,56,0,0,61,0,61,34,0,34,95
05/06/2022,AEG,NM,ASW,CE,Federal Contract Tower,0,3,1,0,4,0,0,61,0,61,0,3,62,0,65,100,0,100,165
05/07/2022,AEG,NM,ASW,CE,Federal Contract Tower,0,0,2,0,2,0,0,106,0,106,0,0,108,0,108,44,0,44,152
05/08/2022,AEG,NM,ASW,CE,Federal Contract Tower,0,1,1,0,2,0,0,25,2,27,0,1,26,2,29,50,4,54,83
05/09/2022,AEG,NM,ASW,CE,Federal Contract Tower,0,0,8,2,10,0,24,3,1,28,0,24,11,3,38,16,0,16,54
05/10/2022,AEG,NM,ASW,CE,Federal Contract Tower,0,0,9,0,9,0,6,75,9,90,0,6,84,9,99,112,0,112,211
05/11/2022,AEG,NM,ASW,CE,Federal Contract Tower,0,1,1,0,2,0,3,39,11,53,0,4,40,11,55,128,0,128,183
05/12/2022,AEG,NM,ASW,CE,Federal Contract Tower,0,0,2,0,2,0,0,68,8,76,0,0,70,8,78,122,0,122,200
05/13/2022,AEG,NM,ASW,CE,Federal Contract Tower,0,0,2,0,2,0,0,75,5,80,0,0,77,5,82,102,0,102,184
05/14/2022,AEG,NM,ASW,CE,Federal Contract Tower,0,1,15,0,16,0,1,99,2,102,0,2,114,2,118,114,4,118,236
05/15/2022,AEG,NM,ASW,CE,Federal Contract Tower,0,0,3,0,3,0,0,86,4,90,0,0,89,4,93,48,2,50,143
05/16/2022,AEG,NM,ASW,CE,Federal Contract Tower,0,1,8,0,9,0,1,63,4,68,0,2,71,4,77,110,0,110,187
05/17/2022,AEG,NM,ASW,CE,Federal Contract Tower,0,2,2,1,5,0,0,68,9,77,0,2,70,10,82,134,8,142,224
05/18/2022,AEG,NM,ASW,CE,Federal Contract Tower,0,1,5,0,6,0,4,79,3,86,0,5,84,3,92,178,0,178,270
05/19/2022,AEG,NM,ASW,CE,Federal Contract Tower,0,0,8,0,8,0,0,56,7,63,0,0,64,7,71,84,0,84,155
05/20/2022,AEG,NM,ASW,CE,Federal Contract Tower,0,3,5,0,8,0,2,27,0,29,0,5,32,0,37,48,0,48,85
05/21/2022,AEG,NM,ASW,CE,Federal Contract Tower,0,0,1,0,1,0,0,57,3,60,0,0,58,3,61,62,10,72,133
05/22/2022,AEG,NM,ASW,CE,Federal Contract Tower,0,0,5,0,5,0,0,19,4,23,0,0,24,4,28,16,0,16,44
05/23/2022,AEG,NM,ASW,CE,Federal Contract Tower,0,2,6,0,8,0,0,67,1,68,0,2,73,1,76,132,0,132,208
05/24/2022,AEG,NM,ASW,CE,Federal Contract Tower,0,0,7,0,7,0,0,43,2,45,0,0,50,2,52,52,0,52,104
05/25/2022,AEG,NM,ASW,CE,Federal Contract Tower,0,0,4,0,4,0,2,66,7,75,0,2,70,7,79,162,0,162,241
05/26/2022,AEG,NM,ASW,CE,Federal Contract Tower,0,1,10,0,11,0,0,83,0,83,0,1,93,0,94,108,0,108,202
05/27/2022,AEG,NM,ASW,CE,Federal Contract Tower,0,5,9,0,14,0,3,73,0,76,0,8,82,0,90,138,0,138,228
05/28/2022,AEG,NM,ASW,CE,Federal Contract Tower,0,1,3,0,4,0,0,57,0,57,0,1,60,0,61,46,0,46,107
05/29/2022,AEG,NM,ASW,CE,Federal Contract Tower,0,1,1,0,2,0,0,24,0,24,0,1,25,0,26,80,0,80,106
05/30/2022,AEG,NM,ASW,CE,Federal Contract Tower,0,0,7,0,7,0,0,24,0,24,0,0,31,0,31,36,0,36,67
05/31/2022,AEG,NM,ASW,CE,Federal Contract Tower,0,0,2,2,4,0,0,60,0,60,0,0,62,2,64,118,0,118,182
06/01/2022,AEG,NM,ASW,CE,Federal Contract Tower,0,0,3,0,3,0,0,40,2,42,0,0,43,2,45,30,0,30,75
06/02/2022,AEG,NM,ASW,CE,Federal Contract Tower,0,1,8,1,10,0,0,64,2,66,0,1,72,3,76,172,10,182,258
06/03/2022,AEG,NM,ASW,CE,Federal Contract Tower,0,1,4,0,5,0,0,58,0,58,0,1,62,0,63,134,0,134,197
06/04/2022,AEG,NM,ASW,CE,Federal Contract Tower,0,0,6,0,6,0,0,89,0,89,0,0,95,0,95,78,0,78,173
06/05/2022,AEG,NM,ASW,CE,Federal Contract Tower,0,0,7,0,7,0,0,62,1,63,0,0,69,1,70,123,0,123,193
06/06/2022,AEG,NM,ASW,CE,Federal Contract Tower,0,1,3,0,4,0,2,48,5,55,0,3,51,5,59,72,8,80,139
06/07/2022,AEG,NM,ASW,CE,Federal Contract Tower,0,0,1,0,1,0,0,46,0,46,0,0,47,0,47,166,0,166,213
06/08/2022,AEG,NM,ASW,CE,Federal Contract Tower,0,0,5,0,5,0,4,37,0,41,0,4,42,0,46,142,0,142,188
06/09/2022,AEG,NM,ASW,CE,Federal Contract Tower,0,0,6,0,6,0,0,69,0,69,0,0,75,0,75,104,0,104,179
06/10/2022,AEG,NM,ASW,CE,Federal Contract Tower,0,0,4,0,4,0,0,108,0,108,0,0,112,0,112,92,0,92,204
06/11/2022,AEG,NM,ASW,CE,Federal Contract Tower,0,0,3,0,3,0,0,96,0,96,0,0,99,0,99,54,0,54,153
06/12/2022,AEG,NM,ASW,CE,Federal Contract Tower,0,0,1,0,1,0,0,53,0,53,0,0,54,0,54,50,0,50,104
06/13/2022,AEG,NM,ASW,CE,Federal Contract Tower,0,0,1,0,1,0,0,52,2,54,0,0,53,2,55,138,0,138,193
06/14/2022,AEG,NM,ASW,CE,Federal Contract Tower,0,0,4,0,4,0,0,59,3,62,0,0,63,3,66,110,0,110,176
06/15/2022,AEG,NM,ASW,CE,Federal Contract Tower,0,1,9,0,10,0,0,54,3,57,0,1,63,3,67,104,12,116,183
06/16/2022,AEG,NM,ASW,CE,Federal Contract Tower,0,0,2,0,2,0,0,69,3,72,0,0,71,3,74,112,14,126,200
06/17/2022,AEG,NM,ASW,CE,Federal Contract Tower,0,0,8,0,8,0,0,47,1,48,0,0,55,1,56,86,0,86,142
06/18/2022,AEG,NM,ASW,CE,Federal Contract Tower,0,0,3,0,3,0,0,69,1,70,0,0,72,1,73,130,0,130,203
06/19/2022,AEG,NM,ASW,CE,Federal Contract Tower,0,0,1,0,1,0,0,17,0,17,0,0,18,0,18,48,0,48,66
06/20/2022,AEG,NM,ASW,CE,Federal Contract Tower,0,0,5,0,5,0,0,65,2,67,0,0,70,2,72,172,0,172,244
06/21/2022,AEG,NM,ASW,CE,Federal Contract Tower,0,0,0,0,0,0,0,47,1,48,0,0,47,1,48,158,0,158,206
06/22/2022,AEG,NM,ASW,CE,Federal Contract Tower,0,1,1,0,2,0,1,23,0,24,0,2,24,0,26,0,0,0,26
06/23/2022,AEG,NM,ASW,CE,Federal Contract Tower,0,0,5,2,7,0,0,49,2,51,0,0,54,4,58,53,0,53,111
06/24/2022,AEG,NM,ASW,CE,Federal Contract Tower,0,1,8,2,11,0,0,68,4,72,0,1,76,6,83,82,0,82,165
06/25/2022,AEG,NM,ASW,CE,Federal Contract Tower,0,0,3,0,3,0,0,95,1,96,0,0,98,1,99,102,0,102,201
06/26/2022,AEG,NM,ASW,CE,Federal Contract Tower,0,0,14,0,14,0,0,5,0,5,0,0,19,0,19,36,0,36,55
06/27/2022,AEG,NM,ASW,CE,Federal Contract Tower,0,0,24,0,24,0,0,5,0,5,0,0,29,0,29,2,0,2,31
06/28/2022,AEG,NM,ASW,CE,Federal Contract Tower,0,3,0,0,3,0,0,61,4,65,0,3,61,4,68,148,0,148,216
06/29/2022,AEG,NM,ASW,CE,Federal Contract Tower,0,1,2,1,4,0,5,60,3,68,0,6,62,4,72,170,0,170,242
06/30/2022,AEG,NM,ASW,CE,Federal Contract Tower,0,1,9,0,10,0,0,61,0,61,0,1,70,0,71,60,0,60,131
07/01/2022,AEG,NM,ASW,CE,Federal Contract Tower,0,1,4,0,5,0,1,78,0,79,0,2,82,0,84,130,0,130,214
07/02/2022,AEG,NM,ASW,CE,Federal Contract Tower,0,0,4,0,4,0,0,61,0,61,0,0,65,0,65,118,0,118,183
07/03/2022,AEG,NM,ASW,CE,Federal Contract Tower,0,0,4,0,4,0,0,50,0,50,0,0,54,0,54,104,0,104,158
07/04/2022,AEG,NM,ASW,CE,Federal Contract Tower,0,0,3,0,3,0,0,57,0,57,0,0,60,0,60,54,0,54,114
07/05/2022,AEG,NM,ASW,CE,Federal Contract Tower,0,0,4,3,7,0,0,49,0,49,0,0,53,3,56,37,0,37,93
07/06/2022,AEG,NM,ASW,CE,Federal Contract Tower,0,0,5,0,5,0,0,72,0,72,0,0,77,0,77,50,0,50,127
07/07/2022,AEG,NM,ASW,CE,Federal Contract Tower,0,0,1,3,4,0,2,65,1,68,0,2,66,4,72,124,0,124,196
07/08/2022,AEG,NM,ASW,CE,Federal Contract Tower,0,0,2,0,2,0,0,50,0,50,0,0,52,0,52,62,0,62,114
07/09/2022,AEG,NM,ASW,CE,Federal Contract Tower,0,0,9,0,9,0,0,70,0,70,0,0,79,0,79,116,0,116,195
07/10/2022,AEG,NM,ASW,CE,Federal Contract Tower,0,0,12,0,12,0,0,63,0,63,0,0,75,0,75,88,0,88,163
07/11/2022,AEG,NM,ASW,CE,Federal Contract Tower,0,4,0,0,4,0,0,63,0,63,0,4,63,0,67,84,0,84,151
07/12/2022,AEG,NM,ASW,CE,Federal Contract Tower,0,0,1,0,1,0,0,38,0,38,0,0,39,0,39,48,2,50,89
07/13/2022,AEG,NM,ASW,CE,Federal Contract Tower,0,1,0,2,3,0,0,70,0,70,0,1,70,2,73,120,0,120,193
07/14/2022,AEG,NM,ASW,CE,Federal Contract Tower,0,0,10,0,10,0,0,73,2,75,0,0,83,2,85,48,0,48,133
07/15/2022,AEG,NM,ASW,CE,Federal Contract Tower,0,0,1,0,1,0,0,47,3,50,0,0,48,3,51,56,0,56,107
07/16/2022,AEG,NM,ASW,CE,Federal Contract Tower,0,0,1,0,1,0,0,58,0,58,0,0,59,0,59,158,0,158,217
07/17/2022,AEG,NM,ASW,CE,Federal Contract Tower,0,0,4,0,4,0,0,72,0,72,0,0,76,0,76,84,0,84,160
07/18/2022,AEG,NM,ASW,CE,Federal Contract Tower,0,0,4,0,4,0,0,63,0,63,0,0,67,0,67,108,0,108,175
07/19/2022,AEG,NM,ASW,CE,Federal Contract Tower,0,3,1,0,4,0,0,58,6,64,0,3,59,6,68,54,56,110,178
07/20/2022,AEG,NM,ASW,CE,Federal Contract Tower,0,0,5,0,5,0,0,49,0,49,0,0,54,0,54,118,0,118,172
07/21/2022,AEG,NM,ASW,CE,Federal Contract Tower,0,2,4,0,6,0,0,83,0,83,0,2,87,0,89,92,0,92,181
07/22/2022,AEG,NM,ASW,CE,Federal Contract Tower,0,0,3,0,3,0,0,46,2,48,0,0,49,2,51,46,0,46,97
07/23/2022,AEG,NM,ASW,CE,Federal Contract Tower,0,0,4,0,4,0,0,92,0,92,0,0,96,0,96,70,0,70,166
07/24/2022,AEG,NM,ASW,CE,Federal Contract Tower,0,2,4,0,6,0,0,63,1,64,0,2,67,1,70,100,0,100,170
07/25/2022,AEG,NM,ASW,CE,Federal Contract Tower,0,0,0,0,0,0,0,43,0,43,0,0,43,0,43,110,0,110,153
07/26/2022,AEG,NM,ASW,CE,Federal Contract Tower,0,0,2,0,2,0,0,47,10,57,0,0,49,10,59,92,4,96,155
07/27/2022,AEG,NM,ASW,CE,Federal Contract Tower,0,0,4,0,4,0,0,70,0,70,0,0,74,0,74,112,0,112,186
07/28/2022,AEG,NM,ASW,CE,Federal Contract Tower,0,0,5,1,6,0,0,53,2,55,0,0,58,3,61,30,0,30,91
07/29/2022,AEG,NM,ASW,CE,Federal Contract Tower,0,2,4,0,6,0,0,52,0,52,0,2,56,0,58,90,0,90,148
07/30/2022,AEG,NM,ASW,CE,Federal Contract Tower,0,0,3,0,3,0,0,83,2,85,0,0,86,2,88,50,0,50,138
07/31/2022,AEG,NM,ASW,CE,Federal Contract Tower,0,0,9,0,9,0,0,66,2,68,0,0,75,2,77,120,0,120,197
08/01/2022,AEG,NM,ASW,CE,Federal Contract Tower,0,1,9,0,10,0,1,57,0,58,0,2,66,0,68,83,0,83,151
08/02/2022,AEG,NM,ASW,CE,Federal Contract Tower,0,0,5,0,5,0,0,64,2,66,0,0,69,2,71,120,0,120,191
08/03/2022,AEG,NM,ASW,CE,Federal Contract Tower,0,1,3,0,4,0,0,48,4,52,0,1,51,4,56,58,4,62,118
08/04/2022,AEG,NM,ASW,CE,Federal Contract Tower,0,1,7,0,8,0,4,30,4,38,0,5,37,4,46,60,0,60,106
08/05/2022,AEG,NM,ASW,CE,Federal Contract Tower,0,4,4,0,8,0,13,57,3,73,0,17,61,3,81,118,0,118,199
08/06/2022,AEG,NM,ASW,CE,Federal Contract Tower,0,0,7,0,7,0,0,81,0,81,0,0,88,0,88,100,0,100,188
08/07/2022,AEG,NM,ASW,CE,Federal Contract Tower,0,0,2,0,2,0,0,52,0,52,0,0,54,0,54,98,0,98,152
08/08/2022,AEG,NM,ASW,CE,Federal Contract Tower,0,1,3,0,4,0,0,44,1,45,0,1,47,1,49,114,0,114,163
08/09/2022,AEG,NM,ASW,CE,Federal Contract Tower,0,0,5,0,5,0,0,42,1,43,0,0,47,1,48,96,0,96,144
08/10/2022,AEG,NM,ASW,CE,Federal Contract Tower,0,0,2,0,2,0,0,45,9,54,0,0,47,9,56,66,0,66,122
08/11/2022,AEG,NM,ASW,CE,Federal Contract Tower,0,0,4,0,4,0,0,53,7,60,0,0,57,7,64,104,0,104,168
08/12/2022,AEG,NM,ASW,CE,Federal Contract Tower,0,0,5,0,5,0,0,53,5,58,0,0,58,5,63,82,0,82,145
08/13/2022,AEG,NM,ASW,CE,Federal Contract Tower,0,0,2,0,2,0,0,87,4,91,0,0,89,4,93,82,0,82,175
08/14/2022,AEG,NM,ASW,CE,Federal Contract Tower,0,0,3,0,3,0,0,69,2,71,0,0,72,2,74,92,0,92,166
08/15/2022,AEG,NM,ASW,CE,Federal Contract Tower,0,0,6,0,6,0,0,40,2,42,0,0,46,2,48,118,2,120,168
08/16/2022,AEG,NM,ASW,CE,Federal Contract Tower,0,1,4,0,5,0,0,39,4,43,0,1,43,4,48,90,6,96,144
08/17/2022,AEG,NM,ASW,CE,Federal Contract Tower,0,0,1,0,1,0,0,64,1,65,0,0,65,1,66,72,4,76,142
08/18/2022,AEG,NM,ASW,CE,Federal Contract Tower,0,3,8,0,11,0,0,56,2,58,0,3,64,2,69,78,0,78,147
08/19/2022,AEG,NM,ASW,CE,Federal Contract Tower,0,0,5,0,5,0,0,47,1,48,0,0,52,1,53,90,0,90,143
08/20/2022,AEG,NM,ASW,CE,Federal Contract Tower,0,0,1,0,1,0,0,2,0,2,0,0,3,0,3,18,0,18,21
08/21/2022,AEG,NM,ASW,CE,Federal Contract Tower,0,1,8,0,9,0,0,55,0,55,0,1,63,0,64,64,0,64,128
08/22/2022,AEG,NM,ASW,CE,Federal Contract Tower,0,3,4,0,7,0,0,34,0,34,0,3,38,0,41,104,0,104,145
08/23/2022,AEG,NM,ASW,CE,Federal Contract Tower,0,0,6,0,6,0,0,52,5,57,0,0,58,5,63,126,0,126,189
08/24/2022,AEG,NM,ASW,CE,Federal Contract Tower,0,2,3,0,5,0,0,65,3,68,0,2,68,3,73,160,0,160,233
08/25/2022,AEG,NM,ASW,CE,Federal Contract Tower,0,0,10,0,10,0,0,52,7,59,0,0,62,7,69,88,8,96,165
08/26/2022,AEG,NM,ASW,CE,Federal Contract Tower,0,0,6,0,6,0,0,56,1,57,0,0,62,1,63,90,0,90,153
08/27/2022,AEG,NM,ASW,CE,Federal Contract Tower,0,2,1,0,3,0,0,62,2,64,0,2,63,2,67,82,0,82,149
08/28/2022,AEG,NM,ASW,CE,Federal Contract Tower,0,0,5,0,5,0,0,68,2,70,0,0,73,2,75,72,0,72,147
08/29/2022,AEG,NM,ASW,CE,Federal Contract Tower,0,2,1,0,3,0,0,38,0,38,0,2,39,0,41,40,0,40,81
08/30/2022,AEG,NM,ASW,CE,Federal Contract Tower,0,0,0,0,0,0,0,42,4,46,0,0,42,4,46,102,0,102,148
08/31/2022,AEG,NM,ASW,CE,Federal Contract Tower,0,1,4,0,5,0,0,47,4,51,0,1,51,4,56,126,0,126,182
09/01/2022,AEG,NM,ASW,CE,Federal Contract Tower,0,1,2,0,3,0,0,50,0,50,0,1,52,0,53,88,0,88,141
09/02/2022,AEG,NM,ASW,CE,Federal Contract Tower,0,0,11,0,11,0,0,61,0,61,0,0,72,0,72,40,0,40,112
09/03/2022,AEG,NM,ASW,CE,Federal Contract Tower,0,3,3,0,6,0,0,35,0,35,0,3,38,0,41,26,0,26,67
09/04/2022,AEG,NM,ASW,CE,Federal Contract Tower,0,0,1,0,1,0,0,50,0,50,0,0,51,0,51,96,0,96,147
09/05/2022,AEG,NM,ASW,CE,Federal Contract Tower,0,1,5,0,6,0,0,73,1,74,0,1,78,1,80,180,0,180,260
09/06/2022,AEG,NM,ASW,CE,Federal Contract Tower,0,0,5,0,5,0,0,62,4,66,0,0,67,4,71,64,0,64,135
09/07/2022,AEG,NM,ASW,CE,Federal Contract Tower,0,0,4,0,4,0,0,74,0,74,0,0,78,0,78,104,0,104,182
09/08/2022,AEG,NM,ASW,CE,Federal Contract Tower,0,1,3,0,4,0,0,43,4,47,0,1,46,4,51,82,0,82,133
09/09/2022,AEG,NM,ASW,CE,Federal Contract Tower,0,0,7,0,7,0,0,87,0,87,0,0,94,0,94,174,0,174,268
09/10/2022,AEG,NM,ASW,CE,Federal Contract Tower,0,1,2,0,3,0,0,98,0,98,0,1,100,0,101,36,0,36,137
09/11/2022,AEG,NM,ASW,CE,Federal Contract Tower,0,0,0,0,0,0,0,67,0,67,0,0,67,0,67,28,0,28,95
09/12/2022,AEG,NM,ASW,CE,Federal Contract Tower,0,0,9,0,9,0,0,59,0,59,0,0,68,0,68,82,0,82,150
09/13/2022,AEG,NM,ASW,CE,Federal Contract Tower,0,1,11,3,15,0,0,59,4,63,0,1,70,7,78,90,6,96,174
09/14/2022,AEG,NM,ASW,CE,Federal Contract Tower,0,0,8,0,8,0,0,54,3,57,0,0,62,3,65,94,4,98,163
09/15/2022,AEG,NM,ASW,CE,Federal Contract Tower,0,2,4,2,8,0,0,76,5,81,0,2,80,7,89,88,0,88,177
09/16/2022,AEG,NM,ASW,CE,Federal Contract Tower,0,2,7,0,9,0,0,89,0,89,0,2,96,0,98,92,0,92,190
09/17/2022,AEG,NM,ASW,CE,Federal Contract Tower,0,1,8,0,9,0,0,83,0,83,0,1,91,0,92,48,0,48,140
09/18/2022,AEG,NM,ASW,CE,Federal Contract Tower,0,0,8,0,8,0,0,58,0,58,0,0,66,0,66,16,0,16,82
09/19/2022,AEG,NM,ASW,CE,Federal Contract Tower,0,1,3,0,4,0,0,66,5,71,0,1,69,5,75,94,0,94,169
09/20/2022,AEG,NM,ASW,CE,Federal Contract Tower,0,0,6,0,6,0,0,67,6,73,0,0,73,6,79,70,2,72,151
09/21/2022,AEG,NM,ASW,CE,Federal Contract Tower,0,0,3,0,3,0,0,63,2,65,0,0,66,2,68,44,0,44,112
09/22/2022,AEG,NM,ASW,CE,Federal Contract Tower,0,0,5,0,5,0,1,71,6,78,0,1,76,6,83,68,0,68,151
09/23/2022,AEG,NM,ASW,CE,Federal Contract Tower,0,0,8,2,10,0,0,83,2,85,0,0,91,4,95,66,0,66,161
09/24/2022,AEG,NM,ASW,CE,Federal Contract Tower,0,0,3,0,3,0,0,200,0,200,0,0,203,0,203,52,0,52,255
09/25/2022,AEG,NM,ASW,CE,Federal Contract Tower,0,0,1,0,1,0,0,47,0,47,0,0,48,0,48,22,0,22,70
09/26/2022,AEG,NM,ASW,CE,Federal Contract Tower,0,0,6,0,6,0,0,74,2,76,0,0,80,2,82,78,2,80,162
09/27/2022,AEG,NM,ASW,CE,Federal Contract Tower,0,0,0,0,0,0,0,48,2,50,0,0,48,2,50,86,12,98,148
09/28/2022,AEG,NM,ASW,CE,Federal Contract Tower,0,0,3,0,3,0,1,70,1,72,0,1,73,1,75,128,18,146,221
09/29/2022,AEG,NM,ASW,CE,Federal Contract Tower,0,0,1,0,1,0,2,85,2,89,0,2,86,2,90,154,0,154,244
09/30/2022,AEG,NM,ASW,CE,Federal Contract Tower,0,0,5,0,5,0,2,69,0,71,0,2,74,0,76,78,0,78,154
10/01/2022,AEG,NM,ASW,CE,Federal Contract Tower,0,0,3,0,3,0,0,71,0,71,0,0,74,0,74,44,0,44,118
10/02/2022,AEG,NM,ASW,CE,Federal Contract Tower,0,0,9,0,9,0,0,56,0,56,0,0,65,0,65,90,0,90,155
10/03/2022,AEG,NM,ASW,CE,Federal Contract Tower,0,1,4,0,5,0,0,27,0,27,0,1,31,0,32,58,0,58,90
10/04/2022,AEG,NM,ASW,CE,Federal Contract Tower,0,0,1,0,1,0,0,19,0,19,0,0,20,0,20,30,0,30,50
10/05/2022,AEG,NM,ASW,CE,Federal Contract Tower,0,1,10,0,11,0,0,3,0,3,0,1,13,0,14,0,0,0,14
10/06/2022,AEG,NM,ASW,CE,Federal Contract Tower,0,0,5,0,5,0,0,35,0,35,0,0,40,0,40,76,0,76,116
10/07/2022,AEG,NM,ASW,CE,Federal Contract Tower,0,1,10,0,11,0,0,48,0,48,0,1,58,0,59,84,0,84,143
10/08/2022,AEG,NM,ASW,CE,Federal Contract Tower,0,0,5,0,5,0,0,13,0,13,0,0,18,0,18,0,0,0,18
10/09/2022,AEG,NM,ASW,CE,Federal Contract Tower,0,0,2,0,2,0,0,69,0,69,0,0,71,0,71,116,0,116,187
10/10/2022,AEG,NM,ASW,CE,Federal Contract Tower,0,4,5,0,9,0,2,82,2,86,0,6,87,2,95,126,0,126,221
10/11/2022,AEG,NM,ASW,CE,Federal Contract Tower,0,0,0,0,0,0,0,70,0,70,0,0,70,0,70,114,0,114,184
10/12/2022,AEG,NM,ASW,CE,Federal Contract Tower,0,0,4,0,4,0,1,63,2,66,0,1,67,2,70,120,14,134,204
10/13/2022,AEG,NM,ASW,CE,Federal Contract Tower,0,0,7,1,8,0,1,64,4,69,0,1,71,5,77,78,0,78,155
10/14/2022,AEG,NM,ASW,CE,Federal Contract Tower,0,0,6,1,7,0,0,61,1,62,0,0,67,2,69,112,0,112,181
10/15/2022,AEG,NM,ASW,CE,Federal Contract Tower,0,0,6,0,6,0,2,151,6,159,0,2,157,6,165,70,2,72,237
10/16/2022,AEG,NM,ASW,CE,Federal Contract Tower,0,0,4,0,4,0,0,5,2,7,0,0,9,2,11,0,0,0,11
10/17/2022,AEG,NM,ASW,CE,Federal Contract Tower,0,0,5,0,5,0,0,32,2,34,0,0,37,2,39,48,0,48,87
10/19/2022,AEG,NM,ASW,CE,Federal Contract Tower,0,1,5,0,6,0,0,84,3,87,0,1,89,3,93,120,0,120,213
10/20/2022,AEG,NM,ASW,CE,Federal Contract Tower,0,0,13,0,13,0,2,81,0,83,0,2,94,0,96,112,0,112,208
10/21/2022,AEG,NM,ASW,CE,Federal Contract Tower,0,1,7,0,8,0,0,54,5,59,0,1,61,5,67,36,0,36,103
10/22/2022,AEG,NM,ASW,CE,Federal Contract Tower,0,0,10,0,10,0,2,90,0,92,0,2,100,0,102,80,0,80,182
10/23/2022,AEG,NM,ASW,CE,Federal Contract Tower,0,0,2,0,2,0,0,5,1,6,0,0,7,1,8,8,0,8,16
10/24/2022,AEG,NM,ASW,CE,Federal Contract Tower,0,0,1,0,1,0,0,9,0,9,0,0,10,0,10,6,0,6,16
10/25/2022,AEG,NM,ASW,CE,Federal Contract Tower,0,0,1,0,1,0,0,62,0,62,0,0,63,0,63,96,0,96,159
10/26/2022,AEG,NM,ASW,CE,Federal Contract Tower,0,0,6,0,6,0,0,59,0,59,0,0,65,0,65,90,0,90,155
10/27/2022,AEG,NM,ASW,CE,Federal Contract Tower,0,0,5,0,5,0,0,27,0,27,0,0,32,0,32,24,0,24,56
10/28/2022,AEG,NM,ASW,CE,Federal Contract Tower,0,0,3,0,3,0,0,73,0,73,0,0,76,0,76,100,0,100,176
10/29/2022,AEG,NM,ASW,CE,Federal Contract Tower,0,0,4,0,4,0,0,82,0,82,0,0,86,0,86,42,0,42,128
10/30/2022,AEG,NM,ASW,CE,Federal Contract Tower,0,0,6,0,6,0,0,60,0,60,0,0,66,0,66,60,0,60,126
10/31/2022,AEG,NM,ASW,CE,Federal Contract Tower,0,0,7,0,7,0,0,52,0,52,0,0,59,0,59,114,0,114,173
11/01/2022,AEG,NM,ASW,CE,Federal Contract Tower,0,0,10,0,10,0,0,65,4,69,0,0,75,4,79,136,0,136,215
11/02/2022,AEG,NM,ASW,CE,Federal Contract Tower,0,1,2,1,4,0,5,43,1,49,0,6,45,2,53,56,0,56,109
11/03/2022,AEG,NM,ASW,CE,Federal Contract Tower,0,0,4,0,4,0,9,6,0,15,0,9,10,0,19,8,0,8,27
11/04/2022,AEG,NM,ASW,CE,Federal Contract Tower,0,6,3,1,10,0,0,13,3,16,0,6,16,4,26,0,0,0,26
11/05/2022,AEG,NM,ASW,CE,Federal Contract Tower,0,0,8,1,9,0,0,52,1,53,0,0,60,2,62,70,6,76,138
11/06/2022,AEG,NM,ASW,CE,Federal Contract Tower,0,1,7,0,8,0,0,80,0,80,0,1,87,0,88,94,0,94,182
11/07/2022,AEG,NM,ASW,CE,Federal Contract Tower,0,2,7,0,9,0,0,45,0,45,0,2,52,0,54,94,0,94,148
11/08/2022,AEG,NM,ASW,CE,Federal Contract Tower,0,1,0,0,1,0,0,69,3,72,0,1,69,3,73,92,6,98,171
11/09/2022,AEG,NM,ASW,CE,Federal Contract Tower,0,4,5,1,10,0,0,16,11,27,0,4,21,12,37,6,22,28,65
11/10/2022,AEG,NM,ASW,CE,Federal Contract Tower,0,0,3,0,3,0,0,35,1,36,0,0,38,1,39,44,0,44,83
11/11/2022,AEG,NM,ASW,CE,Federal Contract Tower,0,0,7,0,7,0,1,46,3,50,0,1,53,3,57,76,0,76,133
11/12/2022,AEG,NM,ASW,CE,Federal Contract Tower,0,0,5,0,5,0,0,84,2,86,0,0,89,2,91,82,0,82,173
11/13/2022,AEG,NM,ASW,CE,Federal Contract Tower,0,0,5,0,5,0,0,61,0,61,0,0,66,0,66,124,0,124,190
11/14/2022,AEG,NM,ASW,CE,Federal Contract Tower,0,2,6,0,8,0,0,49,0,49,0,2,55,0,57,94,0,94,151
11/15/2022,AEG,NM,ASW,CE,Federal Contract Tower,0,0,2,0,2,0,0,50,9,59,0,0,52,9,61,42,20,62,123
11/16/2022,AEG,NM,ASW,CE,Federal Contract Tower,0,3,8,0,11,0,0,43,1,44,0,3,51,1,55,66,20,86,141
11/17/2022,AEG,NM,ASW,CE,Federal Contract Tower,0,0,6,0,6,0,2,93,2,97,0,2,99,2,103,130,4,134,237
11/18/2022,AEG,NM,ASW,CE,Federal Contract Tower,0,0,3,7,10,0,0,35,5,40,0,0,38,12,50,40,6,46,96
11/19/2022,AEG,NM,ASW,CE,Federal Contract Tower,0,0,6,0,6,0,0,77,0,77,0,0,83,0,83,124,0,124,207
11/20/2022,AEG,NM,ASW,CE,Federal Contract Tower,0,0,4,0,4,0,0,62,0,62,0,0,66,0,66,50,0,50,116
11/21/2022,AEG,NM,ASW,CE,Federal Contract Tower,0,0,1,0,1,0,0,100,0,100,0,0,101,0,101,162,0,162,263
11/22/2022,AEG,NM,ASW,CE,Federal Contract Tower,0,0,5,0,5,0,0,51,0,51,0,0,56,0,56,60,0,60,116
11/23/2022,AEG,NM,ASW,CE,Federal Contract Tower,0,0,6,0,6,0,0,62,6,68,0,0,68,6,74,100,0,100,174
11/24/2022,AEG,NM,ASW,CE,Federal Contract Tower,0,0,0,0,0,0,0,1,0,1,0,0,1,0,1,0,0,0,1
11/25/2022,AEG,NM,ASW,CE,Federal Contract Tower,0,0,1,0,1,0,1,67,0,68,0,1,68,0,69,118,0,118,187
11/26/2022,AEG,NM,ASW,CE,Federal Contract Tower,0,0,10,0,10,0,0,44,0,44,0,0,54,0,54,36,0,36,90
11/27/2022,AEG,NM,ASW,CE,Federal Contract Tower,0,0,6,0,6,0,0,54,0,54,0,0,60,0,60,22,0,22,82
11/28/2022,AEG,NM,ASW,CE,Federal Contract Tower,0,0,2,0,2,0,0,69,0,69,0,0,71,0,71,128,0,128,199
11/29/2022,AEG,NM,ASW,CE,Federal Contract Tower,0,1,2,0,3,0,0,6,0,6,0,1,8,0,9,0,0,0,9
11/30/2022,AEG,NM,ASW,CE,Federal Contract Tower,0,0,6,0,6,0,0,78,2,80,0,0,84,2,86,160,6,166,252
12/01/2022,AEG,NM,ASW,CE,Federal Contract Tower,0,0,6,1,7,0,0,72,7,79,0,0,78,8,86,118,12,130,216
12/02/2022,AEG,NM,ASW,CE,Federal Contract Tower,0,0,2,0,2,0,2,36,0,38,0,2,38,0,40,32,0,32,72
12/03/2022,AEG,NM,ASW,CE,Federal Contract Tower,0,2,2,0,4,0,0,49,2,51,0,2,51,2,55,100,0,100,155
12/04/2022,AEG,NM,ASW,CE,Federal Contract Tower,0,0,10,0,10,0,0,0,0,0,0,0,10,0,10,0,0,0,10
12/05/2022,AEG,NM,ASW,CE,Federal Contract Tower,0,2,6,2,10,0,0,61,5,66,0,2,67,7,76,147,0,147,223
12/06/2022,AEG,NM,ASW,CE,Federal Contract Tower,0,1,2,0,3,0,3,78,0,81,0,4,80,0,84,116,0,116,200
12/07/2022,AEG,NM,ASW,CE,Federal Contract Tower,0,0,0,2,2,0,0,64,7,71,0,0,64,9,73,90,4,94,167
12/08/2022,AEG,NM,ASW,CE,Federal Contract Tower,0,0,5,1,6,0,0,81,5,86,0,0,86,6,92,114,0,114,206
12/09/2022,AEG,NM,ASW,CE,Federal Contract Tower,0,0,9,0,9,0,2,46,8,56,0,2,55,8,65,100,0,100,165
12/10/2022,AEG,NM,ASW,CE,Federal Contract Tower,0,1,3,0,4,0,1,75,7,83,0,2,78,7,87,31,0,31,118
12/11/2022,AEG,NM,ASW,CE,Federal Contract Tower,0,0,6,0,6,0,0,78,4,82,0,0,84,4,88,74,0,74,162
12/12/2022,AEG,NM,ASW,CE,Federal Contract Tower,0,0,6,0,6,0,0,9,0,9,0,0,15,0,15,38,0,38,53
12/13/2022,AEG,NM,ASW,CE,Federal Contract Tower,0,0,5,0,5,0,0,24,0,24,0,0,29,0,29,40,0,40,69
12/14/2022,AEG,NM,ASW,CE,Federal Contract Tower,0,0,2,0,2,0,0,40,0,40,0,0,42,0,42,18,0,18,60
12/15/2022,AEG,NM,ASW,CE,Federal Contract Tower,0,0,13,0,13,0,0,65,3,68,0,0,78,3,81,112,10,122,203
12/16/2022,AEG,NM,ASW,CE,Federal Contract Tower,0,0,0,0,0,0,0,23,0,23,0,0,23,0,23,4,0,4,27
12/17/2022,AEG,NM,ASW,CE,Federal Contract Tower,0,0,1,0,1,0,0,65,0,65,0,0,66,0,66,62,0,62,128
12/18/2022,AEG,NM,ASW,CE,Federal Contract Tower,0,0,2,2,4,0,0,53,1,54,0,0,55,3,58,126,0,126,184
12/19/2022,AEG,NM,ASW,CE,Federal Contract Tower,0,0,2,0,2,0,0,73,6,79,0,0,75,6,81,136,20,156,237
12/20/2022,AEG,NM,ASW,CE,Federal Contract Tower,0,0,4,0,4,0,0,77,0,77,0,0,81,0,81,120,4,124,205
12/21/2022,AEG,NM,ASW,CE,Federal Contract Tower,0,0,4,2,6,0,0,70,0,70,0,0,74,2,76,58,0,58,134
12/22/2022,AEG,NM,ASW,CE,Federal Contract Tower,0,0,0,0,0,0,0,34,0,34,0,0,34,0,34,22,0,22,56
12/23/2022,AEG,NM,ASW,CE,Federal Contract Tower,0,0,0,0,0,0,0,38,0,38,0,0,38,0,38,78,0,78,116
12/24/2022,AEG,NM,ASW,CE,Federal Contract Tower,0,0,1,0,1,0,0,19,0,19,0,0,20,0,20,20,0,20,40
12/25/2022,AEG,NM,ASW,CE,Federal Contract Tower,0,0,0,0,0,0,0,4,0,4,0,0,4,0,4,6,0,6,10
12/26/2022,AEG,NM,ASW,CE,Federal Contract Tower,0,0,1,0,1,0,0,44,0,44,0,0,45,0,45,74,0,74,119
12/27/2022,AEG,NM,ASW,CE,Federal Contract Tower,0,0,5,0,5,0,0,75,2,77,0,0,80,2,82,58,4,62,144
12/28/2022,AEG,NM,ASW,CE,Federal Contract Tower,0,1,1,0,2,0,0,1,0,1,0,1,2,0,3,0,0,0,3
12/29/2022,AEG,NM,ASW,CE,Federal Contract Tower,0,0,0,0,0,0,0,67,0,67,0,0,67,0,67,94,0,94,161
12/30/2022,AEG,NM,ASW,CE,Federal Contract Tower,0,1,5,0,6,0,0,5,0,5,0,1,10,0,11,0,0,0,11
12/31/2022,AEG,NM,ASW,CE,Federal Contract Tower,0,3,10,0,13,0,0,86,0,86,0,3,96,0,99,60,0,60,159
01/01/2023,AEG,NM,ASW,CE,Federal Contract Tower,0,6,0,0,6,0,0,19,0,19,0,6,19,0,25,2,0,2,27
01/02/2023,AEG,NM,ASW,CE,Federal Contract Tower,0,2,1,0,3,0,0,11,0,11,0,2,12,0,14,0,0,0,14
01/03/2023,AEG,NM,ASW,CE,Federal Contract Tower,0,0,0,0,0,0,0,18,0,18,0,0,18,0,18,42,0,42,60
01/04/2023,AEG,NM,ASW,CE,Federal Contract Tower,0,0,9,0,9,0,0,81,2,83,0,0,90,2,92,132,0,132,224
01/05/2023,AEG,NM,ASW,CE,Federal Contract Tower,0,0,2,0,2,0,0,77,3,80,0,0,79,3,82,86,0,86,168
01/06/2023,AEG,NM,ASW,CE,Federal Contract Tower,0,0,7,0,7,0,0,38,4,42,0,0,45,4,49,50,0,50,99
01/07/2023,AEG,NM,ASW,CE,Federal Contract Tower,0,0,6,0,6,0,0,79,6,85,0,0,85,6,91,61,0,61,152
01/08/2023,AEG,NM,ASW,CE,Federal Contract Tower,0,0,5,0,5,0,0,55,6,61,0,0,60,6,66,68,0,68,134
01/09/2023,AEG,NM,ASW,CE,Federal Contract Tower,0,0,3,0,3,0,0,67,0,67,0,0,70,0,70,48,0,48,118
01/10/2023,AEG,NM,ASW,CE,Federal Contract Tower,0,1,6,0,7,0,0,55,2,57,0,1,61,2,64,78,0,78,142
01/11/2023,AEG,NM,ASW,CE,Federal Contract Tower,0,0,0,0,0,0,0,2,0,2,0,0,2,0,2,0,0,0,2
01/12/2023,AEG,NM,ASW,CE,Federal Contract Tower,0,0,8,0,8,0,1,81,3,85,0,1,89,3,93,138,0,138,231
01/13/2023,AEG,NM,ASW,CE,Federal Contract Tower,0,0,5,0,5,0,0,86,0,86,0,0,91,0,91,160,0,160,251
01/14/2023,AEG,NM,ASW,CE,Federal Contract Tower,0,0,0,0,0,0,0,95,0,95,0,0,95,0,95,68,0,68,163
01/15/2023,AEG,NM,ASW,CE,Federal Contract Tower,0,0,9,0,9,0,0,3,0,3,0,0,12,0,12,6,0,6,18
01/16/2023,AEG,NM,ASW,CE,Federal Contract Tower,0,0,4,0,4,0,0,18,0,18,0,0,22,0,22,74,0,74,96
01/17/2023,AEG,NM,ASW,CE,Federal Contract Tower,0,0,1,0,1,0,0,7,0,7,0,0,8,0,8,6,0,6,14
01/18/2023,AEG,NM,ASW,CE,Federal Contract Tower,0,0,2,1,3,0,0,9,2,11,0,0,11,3,14,2,16,18,32
01/19/2023,AEG,NM,ASW,CE,Federal Contract Tower,0,0,5,0,5,0,0,84,2,86,0,0,89,2,91,184,6,190,281
01/20/2023,AEG,NM,ASW,CE,Federal Contract Tower,0,0,8,1,9,0,0,37,5,42,0,0,45,6,51,54,28,82,133
01/21/2023,AEG,NM,ASW,CE,Federal Contract Tower,0,0,2,0,2,0,0,38,0,38,0,0,40,0,40,98,0,98,138
01/22/2023,AEG,NM,ASW,CE,Federal Contract Tower,0,3,0,0,3,0,0,79,0,79,0,3,79,0,82,84,0,84,166
01/23/2023,AEG,NM,ASW,CE,Federal Contract Tower,0,0,1,0,1,0,0,3,0,3,0,0,4,0,4,0,0,0,4
01/24/2023,AEG,NM,ASW,CE,Federal Contract Tower,0,0,2,0,2,0,0,12,0,12,0,0,14,0,14,20,0,20,34
01/25/2023,AEG,NM,ASW,CE,Federal Contract Tower,0,0,6,3,9,0,0,24,3,27,0,0,30,6,36,26,10,36,72
01/26/2023,AEG,NM,ASW,CE,Federal Contract Tower,0,0,9,0,9,0,1,60,2,63,0,1,69,2,72,108,0,108,180
01/27/2023,AEG,NM,ASW,CE,Federal Contract Tower,0,1,4,0,5,0,1,76,1,78,0,2,80,1,83,144,0,144,227
01/28/2023,AEG,NM,ASW,CE,Federal Contract Tower,0,4,6,0,10,0,0,78,3,81,0,4,84,3,91,38,0,38,129
01/29/2023,AEG,NM,ASW,CE,Federal Contract Tower,0,0,4,0,4,0,0,86,4,90,0,0,90,4,94,52,2,54,148
01/30/2023,AEG,NM,ASW,CE,Federal Contract Tower,0,0,3,0,3,0,0,65,0,65,0,0,68,0,68,78,0,78,146
01/31/2023,AEG,NM,ASW,CE,Federal Contract Tower,0,0,3,0,3,0,0,60,2,62,0,0,63,2,65,132,2,134,199
02/01/2023,AEG,NM,ASW,CE,Federal Contract Tower,0,6,5,0,11,0,0,60,0,60,0,6,65,0,71,92,0,92,163
02/02/2023,AEG,NM,ASW,CE,Federal Contract Tower,0,0,14,1,15,0,0,125,1,126,0,0,139,2,141,128,0,128,269
02/03/2023,AEG,NM,ASW,CE,Federal Contract Tower,0,1,6,0,7,0,0,97,0,97,0,1,103,0,104,76,0,76,180
02/04/2023,AEG,NM,ASW,CE,Federal Contract Tower,0,0,2,0,2,0,0,135,0,135,0,0,137,0,137,72,0,72,209
02/05/2023,AEG,NM,ASW,CE,Federal Contract Tower,0,0,6,0,6,0,0,68,0,68,0,0,74,0,74,58,0,58,132
02/06/2023,AEG,NM,ASW,CE,Federal Contract Tower,0,2,5,0,7,0,0,24,0,24,0,2,29,0,31,52,0,52,83
02/07/2023,AEG,NM,ASW,CE,Federal Contract Tower,0,0,1,0,1,0,0,4,0,4,0,0,5,0,5,12,0,12,17
02/08/2023,AEG,NM,ASW,CE,Federal Contract Tower,0,0,1,0,1,0,0,80,0,80,0,0,81,0,81,184,0,184,265
02/09/2023,AEG,NM,ASW,CE,Federal Contract Tower,0,0,3,0,3,0,2,34,3,39,0,2,37,3,42,44,20,64,106
02/10/2023,AEG,NM,ASW,CE,Federal Contract Tower,0,0,5,0,5,0,0,90,0,90,0,0,95,0,95,104,0,104,199
02/12/2023,AEG,NM,ASW,CE,Federal Contract Tower,0,0,4,0,4,0,0,71,0,71,0,0,75,0,75,44,0,44,119
02/13/2023,AEG,NM,ASW,CE,Federal Contract Tower,0,0,3,0,3,0,0,19,0,19,0,0,22,0,22,18,0,18,40
02/14/2023,AEG,NM,ASW,CE,Federal Contract Tower,0,1,2,0,3,0,0,10,3,13,0,1,12,3,16,0,0,0,16
02/15/2023,AEG,NM,ASW,CE,Federal Contract Tower,0,0,6,0,6,0,0,17,0,17,0,0,23,0,23,0,0,0,23
02/16/2023,AEG,NM,ASW,CE,Federal Contract Tower,0,1,4,0,5,0,0,73,6,79,0,1,77,6,84,130,14,144,228
02/17/2023,AEG,NM,ASW,CE,Federal Contract Tower,0,2,10,0,12,0,0,61,1,62,0,2,71,1,74,88,0,88,162
02/18/2023,AEG,NM,ASW,CE,Federal Contract Tower,0,4,0,0,4,0,0,72,4,76,0,4,72,4,80,106,0,106,186
02/19/2023,AEG,NM,ASW,CE,Federal Contract Tower,0,0,6,0,6,0,0,73,3,76,0,0,79,3,82,32,0,32,114
02/20/2023,AEG,NM,ASW,CE,Federal Contract Tower,0,0,0,0,0,0,0,64,0,64,0,0,64,0,64,82,0,82,146
02/21/2023,AEG,NM,ASW,CE,Federal Contract Tower,0,0,12,2,14,0,0,39,2,41,0,0,51,4,55,52,4,56,111
02/22/2023,AEG,NM,ASW,CE,Federal Contract Tower,0,0,1,0,1,0,0,0,0,0,0,0,1,0,1,0,0,0,1
02/23/2023,AEG,NM,ASW,CE,Federal Contract Tower,0,0,5,0,5,0,1,33,4,38,0,1,38,4,43,100,50,150,193
02/24/2023,AEG,NM,ASW,CE,Federal Contract Tower,0,1,13,0,14,0,5,77,1,83,0,6,90,1,97,66,0,66,163
02/25/2023,AEG,NM,ASW,CE,Federal Contract Tower,0,0,5,0,5,0,0,69,0,69,0,0,74,0,74,54,0,54,128
02/26/2023,AEG,NM,ASW,CE,Federal Contract Tower,0,0,5,0,5,0,0,5,0,5,0,0,10,0,10,8,0,8,18
02/27/2023,AEG,NM,ASW,CE,Federal Contract Tower,0,0,1,0,1,0,0,77,0,77,0,0,78,0,78,52,0,52,130
02/28/2023,AEG,NM,ASW,CE,Federal Contract Tower,0,0,4,0,4,0,0,31,6,37,0,0,35,6,41,26,24,50,91
03/01/2023,AEG,NM,ASW,CE,Federal Contract Tower,0,0,8,0,8,0,8,21,7,36,0,8,29,7,44,6,30,36,80
03/02/2023,AEG,NM,ASW,CE,Federal Contract Tower,0,0,2,0,2,0,0,6,0,6,0,0,8,0,8,10,0,10,18
03/03/2023,AEG,NM,ASW,CE,Federal Contract Tower,0,0,0,0,0,0,0,53,5,58,0,0,53,5,58,90,4,94,152
03/04/2023,AEG,NM,ASW,CE,Federal Contract Tower,0,0,2,0,2,0,0,164,0,164,0,0,166,0,166,32,0,32,198
03/05/2023,AEG,NM,ASW,CE,Federal Contract Tower,0,0,3,0,3,0,0,26,0,26,0,0,29,0,29,12,0,12,41
03/06/2023,AEG,NM,ASW,CE,Federal Contract Tower,0,0,0,0,0,0,0,62,2,64,0,0,62,2,64,56,8,64,128
03/07/2023,AEG,NM,ASW,CE,Federal Contract Tower,0,0,4,0,4,0,0,55,2,57,0,0,59,2,61,92,10,102,163
03/08/2023,AEG,NM,ASW,CE,Federal Contract Tower,0,0,9,0,9,0,0,64,2,66,0,0,73,2,75,128,0,128,203
03/09/2023,AEG,NM,ASW,CE,Federal Contract Tower,0,0,10,0,10,0,2,76,0,78,0,2,86,0,88,88,0,88,176
03/10/2023,AEG,NM,ASW,CE,Federal Contract Tower,0,2,8,0,10,0,0,65,0,65,0,2,73,0,75,122,0,122,197
03/11/2023,AEG,NM,ASW,CE,Federal Contract Tower,0,0,4,0,4,0,0,2,0,2,0,0,6,0,6,0,0,0,6
03/12/2023,AEG,NM,ASW,CE,Federal Contract Tower,0,0,7,0,7,0,0,65,0,65,0,0,72,0,72,38,0,38,110
03/13/2023,AEG,NM,ASW,CE,Federal Contract Tower,0,2,2,0,4,0,0,64,2,66,0,2,66,2,70,98,0,98,168
03/14/2023,AEG,NM,ASW,CE,Federal Contract Tower,0,2,5,0,7,0,1,112,5,118,0,3,117,5,125,106,0,106,231
03/15/2023,AEG,NM,ASW,CE,Federal Contract Tower,0,5,2,2,9,0,1,60,4,65,0,6,62,6,74,162,0,162,236
03/16/2023,AEG,NM,ASW,CE,Federal Contract Tower,0,0,3,0,3,0,0,6,4,10,0,0,9,4,13,8,0,8,21
03/17/2023,AEG,NM,ASW,CE,Federal Contract Tower,0,0,1,0,1,0,0,5,0,5,0,0,6,0,6,6,0,6,12
03/18/2023,AEG,NM,ASW,CE,Federal Contract Tower,0,1,7,0,8,0,0,52,0,52,0,1,59,0,60,98,0,98,158
03/19/2023,AEG,NM,ASW,CE,Federal Contract Tower,0,0,5,0,5,0,0,61,0,61,0,0,66,0,66,78,0,78,144
03/20/2023,AEG,NM,ASW,CE,Federal Contract Tower,0,0,6,0,6,0,0,19,2,21,0,0,25,2,27,18,32,50,77
03/21/2023,AEG,NM,ASW,CE,Federal Contract Tower,0,0,0,0,0,0,0,13,0,13,0,0,13,0,13,38,0,38,51
03/22/2023,AEG,NM,ASW,CE,Federal Contract Tower,0,0,5,0,5,0,0,15,0,15,0,0,20,0,20,10,0,10,30
03/23/2023,AEG,NM,ASW,CE,Federal Contract Tower,0,0,5,4,9,0,0,48,0,48,0,0,53,4,57,152,0,152,209
03/24/2023,AEG,NM,ASW,CE,Federal Contract Tower,0,0,6,0,6,0,0,19,0,19,0,0,25,0,25,34,0,34,59
03/25/2023,AEG,NM,ASW,CE,Federal Contract Tower,0,8,0,0,8,0,0,52,0,52,0,8,52,0,60,24,0,24,84
03/26/2023,AEG,NM,ASW,CE,Federal Contract Tower,0,0,5,0,5,0,0,18,0,18,0,0,23,0,23,24,0,24,47
03/27/2023,AEG,NM,ASW,CE,Federal Contract Tower,0,0,3,1,4,0,0,38,0,38,0,0,41,1,42,30,0,30,72
03/28/2023,AEG,NM,ASW,CE,Federal Contract Tower,0,0,2,0,2,0,0,91,2,93,0,0,93,2,95,68,0,68,163
03/29/2023,AEG,NM,ASW,CE,Federal Contract Tower,0,2,12,0,14,0,0,90,0,90,0,2,102,0,104,100,0,100,204
03/30/2023,AEG,NM,ASW,CE,Federal Contract Tower,0,0,4,1,5,0,1,15,0,16,0,1,19,1,21,16,0,16,37
03/31/2023,AEG,NM,ASW,CE,Federal Contract Tower,0,0,4,0,4,0,0,4,4,8,0,0,8,4,12,6,0,6,18
04/01/2023,AEG,NM,ASW,CE,Federal Contract Tower,0,0,2,0,2,0,0,168,0,168,0,0,170,0,170,92,0,92,262
04/02/2023,AEG,NM,ASW,CE,Federal Contract Tower,0,0,0,0,0,0,0,78,0,78,0,0,78,0,78,88,0,88,166
04/03/2023,AEG,NM,ASW,CE,Federal Contract Tower,0,0,1,0,1,0,0,25,4,29,0,0,26,4,30,30,0,30,60
04/04/2023,AEG,NM,ASW,CE,Federal Contract Tower,0,0,2,0,2,0,0,0,2,2,0,0,2,2,4,0,0,0,4
04/05/2023,AEG,NM,ASW,CE,Federal Contract Tower,0,0,5,0,5,0,2,82,15,99,0,2,87,15,104,124,14,138,242
04/06/2023,AEG,NM,ASW,CE,Federal Contract Tower,0,0,3,0,3,0,4,111,10,125,0,4,114,10,128,188,0,188,316
04/07/2023,AEG,NM,ASW,CE,Federal Contract Tower,0,0,2,0,2,0,0,96,8,104,0,0,98,8,106,138,0,138,244
04/08/2023,AEG,NM,ASW,CE,Federal Contract Tower,0,0,2,0,2,0,2,69,4,75,0,2,71,4,77,58,0,58,135
04/09/2023,AEG,NM,ASW,CE,Federal Contract Tower,0,0,1,0,1,0,0,59,1,60,0,0,60,1,61,48,0,48,109
04/10/2023,AEG,NM,ASW,CE,Federal Contract Tower,0,0,3,0,3,0,0,58,7,65,0,0,61,7,68,90,2,92,160
04/11/2023,AEG,NM,ASW,CE,Federal Contract Tower,0,1,2,0,3,0,0,98,8,106,0,1,100,8,109,106,0,106,215
04/12/2023,AEG,NM,ASW,CE,Federal Contract Tower,0,0,4,0,4,0,0,73,7,80,0,0,77,7,84,80,0,80,164
04/13/2023,AEG,NM,ASW,CE,Federal Contract Tower,0,0,3,1,4,0,0,39,2,41,0,0,42,3,45,94,0,94,139
04/14/2023,AEG,NM,ASW,CE,Federal Contract Tower,0,0,8,0,8,0,0,21,0,21,0,0,29,0,29,10,0,10,39
04/15/2023,AEG,NM,ASW,CE,Federal Contract Tower,0,0,2,0,2,0,0,36,0,36,0,0,38,0,38,2,0,2,40
04/16/2023,AEG,NM,ASW,CE,Federal Contract Tower,0,0,2,0,2,0,0,99,0,99,0,0,101,0,101,113,0,113,214
04/17/2023,AEG,NM,ASW,CE,Federal Contract Tower,0,2,5,0,7,0,0,69,0,69,0,2,74,0,76,84,0,84,160
04/18/2023,AEG,NM,ASW,CE,Federal Contract Tower,0,0,3,1,4,0,0,56,1,57,0,0,59,2,61,50,6,56,117
04/19/2023,AEG,NM,ASW,CE,Federal Contract Tower,0,1,5,0,6,0,0,27,0,27,0,1,32,0,33,34,0,34,67
04/20/2023,AEG,NM,ASW,CE,Federal Contract Tower,0,0,6,0,6,0,0,29,0,29,0,0,35,0,35,62,0,62,97
04/21/2023,AEG,NM,ASW,CE,Federal Contract Tower,0,0,9,0,9,0,0,35,1,36,0,0,44,1,45,64,0,64,109
04/22/2023,AEG,NM,ASW,CE,Federal Contract Tower,0,0,1,0,1,0,0,93,0,93,0,0,94,0,94,72,0,72,166
04/23/2023,AEG,NM,ASW,CE,Federal Contract Tower,0,0,5,0,5,0,0,63,0,63,0,0,68,0,68,102,0,102,170
04/24/2023,AEG,NM,ASW,CE,Federal Contract Tower,0,0,2,0,2,0,0,40,0,40,0,0,42,0,42,150,0,150,192
04/25/2023,AEG,NM,ASW,CE,Federal Contract Tower,0,0,1,0,1,0,0,42,1,43,0,0,43,1,44,56,0,56,100
04/26/2023,AEG,NM,ASW,CE,Federal Contract Tower,0,0,6,0,6,0,0,51,0,51,0,0,57,0,57,74,0,74,131
04/27/2023,AEG,NM,ASW,CE,Federal Contract Tower,0,0,4,0,4,0,0,92,2,94,0,0,96,2,98,138,8,146,244
04/28/2023,AEG,NM,ASW,CE,Federal Contract Tower,0,0,3,0,3,0,2,23,0,25,0,2,26,0,28,12,0,12,40
04/29/2023,AEG,NM,ASW,CE,Federal Contract Tower,0,0,5,0,5,0,0,135,0,135,0,0,140,0,140,122,0,122,262
04/30/2023,AEG,NM,ASW,CE,Federal Contract Tower,0,0,1,0,1,0,0,57,0,57,0,0,58,0,58,38,0,38,96
05/01/2023,AEG,NM,ASW,CE,Federal Contract Tower,0,0,5,0,5,0,1,65,2,68,0,1,70,2,73,108,2,110,183
05/02/2023,AEG,NM,ASW,CE,Federal Contract Tower,0,0,2,0,2,0,0,52,1,53,0,0,54,1,55,168,0,168,223
05/03/2023,AEG,NM,ASW,CE,Federal Contract Tower,0,0,2,0,2,0,0,54,2,56,0,0,56,2,58,116,0,116,174
05/04/2023,AEG,NM,ASW,CE,Federal Contract Tower,0,0,7,0,7,0,0,29,0,29,0,0,36,0,36,76,0,76,112
05/05/2023,AEG,NM,ASW,CE,Federal Contract Tower,0,1,6,0,7,0,1,49,0,50,0,2,55,0,57,52,0,52,109
05/06/2023,AEG,NM,ASW,CE,Federal Contract Tower,0,0,2,0,2,0,0,130,0,130,0,0,132,0,132,68,0,68,200
05/07/2023,AEG,NM,ASW,CE,Federal Contract Tower,0,0,0,0,0,0,0,63,0,63,0,0,63,0,63,76,0,76,139
05/08/2023,AEG,NM,ASW,CE,Federal Contract Tower,0,1,2,0,3,0,0,90,3,93,0,1,92,3,96,124,10,134,230
05/09/2023,AEG,NM,ASW,CE,Federal Contract Tower,0,0,5,0,5,0,0,60,3,63,0,0,65,3,68,104,2,106,174
05/10/2023,AEG,NM,ASW,CE,Federal Contract Tower,0,0,3,0,3,0,0,33,4,37,0,0,36,4,40,74,0,74,114
05/11/2023,AEG,NM,ASW,CE,Federal Contract Tower,0,0,4,0,4,0,0,40,0,40,0,0,44,0,44,44,0,44,88
05/12/2023,AEG,NM,ASW,CE,Federal Contract Tower,0,1,4,0,5,0,0,84,2,86,0,1,88,2,91,150,0,150,241
05/13/2023,AEG,NM,ASW,CE,Federal Contract Tower,0,1,4,0,5,0,0,5,2,7,0,1,9,2,12,0,0,0,12
05/14/2023,AEG,NM,ASW,CE,Federal Contract Tower,0,0,3,0,3,0,0,52,2,54,0,0,55,2,57,106,0,106,163
05/15/2023,AEG,NM,ASW,CE,Federal Contract Tower,0,0,11,0,11,0,0,63,1,64,0,0,74,1,75,140,10,150,225
05/16/2023,AEG,NM,ASW,CE,Federal Contract Tower,0,0,6,0,6,0,0,80,1,81,0,0,86,1,87,112,0,112,199
05/17/2023,AEG,NM,ASW,CE,Federal Contract Tower,0,0,5,0,5,0,2,74,0,76,0,2,79,0,81,46,0,46,127
05/18/2023,AEG,NM,ASW,CE,Federal Contract Tower,0,0,6,0,6,0,0,66,0,66,0,0,72,0,72,84,0,84,156
05/19/2023,AEG,NM,ASW,CE,Federal Contract Tower,0,0,5,0,5,0,0,32,0,32,0,0,37,0,37,30,0,30,67
05/20/2023,AEG,NM,ASW,CE,Federal Contract Tower,0,0,3,0,3,0,0,59,0,59,0,0,62,0,62,94,0,94,156
05/21/2023,AEG,NM,ASW,CE,Federal Contract Tower,0,0,5,0,5,0,0,69,0,69,0,0,74,0,74,102,0,102,176
05/22/2023,AEG,NM,ASW,CE,Federal Contract Tower,0,0,2,0,2,0,0,77,0,77,0,0,79,0,79,94,0,94,173
05/23/2023,AEG,NM,ASW,CE,Federal Contract Tower,0,0,2,0,2,0,0,82,0,82,0,0,84,0,84,112,0,112,196
05/24/2023,AEG,NM,ASW,CE,Federal Contract Tower,0,0,7,0,7,0,0,78,0,78,0,0,85,0,85,142,0,142,227
05/25/2023,AEG,NM,ASW,CE,Federal Contract Tower,0,0,7,0,7,0,0,91,0,91,0,0,98,0,98,98,0,98,196
05/26/2023,AEG,NM,ASW,CE,Federal Contract Tower,0,0,3,0,3,0,0,58,0,58,0,0,61,0,61,44,0,44,105
05/27/2023,AEG,NM,ASW,CE,Federal Contract Tower,0,0,5,0,5,0,0,59,2,61,0,0,64,2,66,112,6,118,184
05/28/2023,AEG,NM,ASW,CE,Federal Contract Tower,0,1,5,0,6,0,2,65,0,67,0,3,70,0,73,88,0,88,161
05/29/2023,AEG,NM,ASW,CE,Federal Contract Tower,0,0,9,0,9,0,0,81,0,81,0,0,90,0,90,74,0,74,164
05/30/2023,AEG,NM,ASW,CE,Federal Contract Tower,0,0,4,0,4,0,0,76,1,77,0,0,80,1,81,108,0,108,189
05/31/2023,AEG,NM,ASW,CE,Federal Contract Tower,0,0,3,0,3,0,0,25,1,26,0,0,28,1,29,42,0,42,71
06/01/2023,AEG,NM,ASW,CE,Federal Contract Tower,0,0,3,0,3,0,0,65,3,68,0,0,68,3,71,158,12,170,241
06/02/2023,AEG,NM,ASW,CE,Federal Contract Tower,0,0,7,0,7,0,0,55,2,57,0,0,62,2,64,106,0,106,170
06/03/2023,AEG,NM,ASW,CE,Federal Contract Tower,0,0,5,0,5,0,0,92,0,92,0,0,97,0,97,108,0,108,205
06/04/2023,AEG,NM,ASW,CE,Federal Contract Tower,0,0,7,0,7,0,0,61,0,61,0,0,68,0,68,112,0,112,180
06/05/2023,AEG,NM,ASW,CE,Federal Contract Tower,0,1,6,0,7,0,0,53,0,53,0,1,59,0,60,66,0,66,126
06/06/2023,AEG,NM,ASW,CE,Federal Contract Tower,0,0,5,0,5,0,0,61,0,61,0,0,66,0,66,93,0,93,159
06/07/2023,AEG,NM,ASW,CE,Federal Contract Tower,0,2,2,0,4,0,0,97,2,99,0,2,99,2,103,112,12,124,227
06/08/2023,AEG,NM,ASW,CE,Federal Contract Tower,0,0,8,0,8,0,0,88,0,88,0,0,96,0,96,164,0,164,260
06/09/2023,AEG,NM,ASW,CE,Federal Contract Tower,0,2,2,0,4,0,0,80,0,80,0,2,82,0,84,100,0,100,184
06/10/2023,AEG,NM,ASW,CE,Federal Contract Tower,0,0,5,0,5,0,0,124,1,125,0,0,129,1,130,62,0,62,192
06/11/2023,AEG,NM,ASW,CE,Federal Contract Tower,0,2,4,0,6,0,0,43,8,51,0,2,47,8,57,98,6,104,161
06/12/2023,AEG,NM,ASW,CE,Federal Contract Tower,0,2,6,0,8,0,0,51,10,61,0,2,57,10,69,78,10,88,157
06/13/2023,AEG,NM,ASW,CE,Federal Contract Tower,0,0,0,0,0,0,0,94,0,94,0,0,94,0,94,130,12,142,236
06/14/2023,AEG,NM,ASW,CE,Federal Contract Tower,0,0,3,0,3,0,0,94,0,94,0,0,97,0,97,172,0,172,269
06/15/2023,AEG,NM,ASW,CE,Federal Contract Tower,0,0,7,0,7,0,0,93,0,93,0,0,100,0,100,154,0,154,254
06/16/2023,AEG,NM,ASW,CE,Federal Contract Tower,0,0,8,0,8,0,0,98,0,98,0,0,106,0,106,98,0,98,204
06/17/2023,AEG,NM,ASW,CE,Federal Contract Tower,0,2,8,0,10,0,0,73,0,73,0,2,81,0,83,62,0,62,145
06/18/2023,AEG,NM,ASW,CE,Federal Contract Tower,0,2,7,0,9,0,0,74,0,74,0,2,81,0,83,50,0,50,133
06/19/2023,AEG,NM,ASW,CE,Federal Contract Tower,0,0,5,0,5,0,0,74,0,74,0,0,79,0,79,78,0,78,157
06/20/2023,AEG,NM,ASW,CE,Federal Contract Tower,0,0,3,0,3,0,0,60,0,60,0,0,63,0,63,102,0,102,165
06/21/2023,AEG,NM,ASW,CE,Federal Contract Tower,0,0,8,0,8,0,0,94,0,94,0,0,102,0,102,142,0,142,244
06/22/2023,AEG,NM,ASW,CE,Federal Contract Tower,0,1,6,0,7,0,0,66,2,68,0,1,72,2,75,100,0,100,175
06/23/2023,AEG,NM,ASW,CE,Federal Contract Tower,0,0,5,0,5,0,0,45,0,45,0,0,50,0,50,82,0,82,132
06/24/2023,AEG,NM,ASW,CE,Federal Contract Tower,0,0,3,0,3,0,0,84,0,84,0,0,87,0,87,86,0,86,173
06/25/2023,AEG,NM,ASW,CE,Federal Contract Tower,0,0,7,0,7,0,0,78,0,78,0,0,85,0,85,146,0,146,231
06/26/2023,AEG,NM,ASW,CE,Federal Contract Tower,0,0,4,0,4,0,0,60,0,60,0,0,64,0,64,87,0,87,151
06/27/2023,AEG,NM,ASW,CE,Federal Contract Tower,0,0,5,0,5,0,0,47,3,50,0,0,52,3,55,84,38,122,177
06/28/2023,AEG,NM,ASW,CE,Federal Contract Tower,0,0,3,0,3,0,0,80,0,80,0,0,83,0,83,158,0,158,241
06/29/2023,AEG,NM,ASW,CE,Federal Contract Tower,0,1,2,0,3,0,1,56,2,59,0,2,58,2,62,178,0,178,240
06/30/2023,AEG,NM,ASW,CE,Federal Contract Tower,0,0,4,0,4,0,8,90,0,98,0,8,94,0,102,152,0,152,254
07/01/2023,AEG,NM,ASW,CE,Federal Contract Tower,0,0,2,0,2,0,0,75,0,75,0,0,77,0,77,74,0,74,151
07/02/2023,AEG,NM,ASW,CE,Federal Contract Tower,0,0,2,0,2,0,0,60,0,60,0,0,62,0,62,108,0,108,170
07/03/2023,AEG,NM,ASW,CE,Federal Contract Tower,0,0,4,0,4,0,0,77,0,77,0,0,81,0,81,122,0,122,203
07/04/2023,AEG,NM,ASW,CE,Federal Contract Tower,0,0,1,0,1,0,0,67,0,67,0,0,68,0,68,130,0,130,198
07/05/2023,AEG,NM,ASW,CE,Federal Contract Tower,0,0,3,0,3,0,0,51,5,56,0,0,54,5,59,104,22,126,185
07/06/2023,AEG,NM,ASW,CE,Federal Contract Tower,0,0,1,0,1,0,0,74,0,74,0,0,75,0,75,124,0,124,199
07/07/2023,AEG,NM,ASW,CE,Federal Contract Tower,0,0,11,0,11,0,0,42,5,47,0,0,53,5,58,90,0,90,148
07/08/2023,AEG,NM,ASW,CE,Federal Contract Tower,0,0,1,0,1,0,0,50,0,50,0,0,51,0,51,58,0,58,109
07/09/2023,AEG,NM,ASW,CE,Federal Contract Tower,0,0,3,0,3,0,0,56,0,56,0,0,59,0,59,126,0,126,185
07/10/2023,AEG,NM,ASW,CE,Federal Contract Tower,0,1,1,0,2,0,0,58,0,58,0,1,59,0,60,86,0,86,146
07/11/2023,AEG,NM,ASW,CE,Federal Contract Tower,0,0,2,0,2,0,38,1,0,39,0,38,3,0,41,66,0,66,107
07/12/2023,AEG,NM,ASW,CE,Federal Contract Tower,0,0,5,0,5,0,0,49,0,49,0,0,54,0,54,50,0,50,104
07/13/2023,AEG,NM,ASW,CE,Federal Contract Tower,0,0,6,0,6,0,0,56,2,58,0,0,62,2,64,206,0,206,270
07/14/2023,AEG,NM,ASW,CE,Federal Contract Tower,0,0,4,0,4,0,0,35,0,35,0,0,39,0,39,76,0,76,115
07/15/2023,AEG,NM,ASW,CE,Federal Contract Tower,0,0,0,0,0,0,0,64,0,64,0,0,64,0,64,88,0,88,152
07/16/2023,AEG,NM,ASW,CE,Federal Contract Tower,0,0,1,0,1,0,0,74,0,74,0,0,75,0,75,156,0,156,231
07/17/2023,AEG,NM,ASW,CE,Federal Contract Tower,0,0,3,0,3,0,0,51,9,60,0,0,54,9,63,76,0,76,139
07/18/2023,AEG,NM,ASW,CE,Federal Contract Tower,0,0,2,0,2,0,2,48,1,51,0,2,50,1,53,84,2,86,139
07/19/2023,AEG,NM,ASW,CE,Federal Contract Tower,0,0,2,0,2,0,0,58,11,69,0,0,60,11,71,42,2,44,115
07/20/2023,AEG,NM,ASW,CE,Federal Contract Tower,0,0,5,0,5,0,1,70,10,81,0,1,75,10,86,140,0,140,226
07/21/2023,AEG,NM,ASW,CE,Federal Contract Tower,0,0,5,0,5,0,0,39,0,39,0,0,44,0,44,68,0,68,112
07/22/2023,AEG,NM,ASW,CE,Federal Contract Tower,0,0,3,0,3,0,0,81,3,84,0,0,84,3,87,90,0,90,177
07/23/2023,AEG,NM,ASW,CE,Federal Contract Tower,0,0,2,0,2,0,0,50,3,53,0,0,52,3,55,52,0,52,107
07/24/2023,AEG,NM,ASW,CE,Federal Contract Tower,0,0,4,0,4,0,0,64,4,68,0,0,68,4,72,96,0,96,168
07/25/2023,AEG,NM,ASW,CE,Federal Contract Tower,0,0,2,0,2,0,0,43,11,54,0,0,45,11,56,46,10,56,112
07/26/2023,AEG,NM,ASW,CE,Federal Contract Tower,0,0,5,0,5,0,0,43,7,50,0,0,48,7,55,80,0,80,135
07/27/2023,AEG,NM,ASW,CE,Federal Contract Tower,0,0,3,0,3,0,0,71,5,76,0,0,74,5,79,112,0,112,191
07/28/2023,AEG,NM,ASW,CE,Federal Contract Tower,0,0,0,0,0,0,0,59,2,61,0,0,59,2,61,112,0,112,173
07/29/2023,AEG,NM,ASW,CE,Federal Contract Tower,0,0,0,0,0,0,0,89,0,89,0,0,89,0,89,130,0,130,219
07/30/2023,AEG,NM,ASW,CE,Federal Contract Tower,0,0,2,0,2,0,0,53,4,57,0,0,55,4,59,148,0,148,207
07/31/2023,AEG,NM,ASW,CE,Federal Contract Tower,0,0,2,0,2,0,0,76,5,81,0,0,78,5,83,61,0,61,144
08/01/2023,AEG,NM,ASW,CE,Federal Contract Tower,0,0,0,0,0,0,0,60,2,62,0,0,60,2,62,78,0,78,140
08/02/2023,AEG,NM,ASW,CE,Federal Contract Tower,0,0,3,0,3,0,0,52,1,53,0,0,55,1,56,126,0,126,182
08/03/2023,AEG,NM,ASW,CE,Federal Contract Tower,0,0,3,0,3,0,0,56,2,58,0,0,59,2,61,118,40,158,219
08/04/2023,AEG,NM,ASW,CE,Federal Contract Tower,0,0,2,1,3,0,0,41,0,41,0,0,43,1,44,68,0,68,112
08/05/2023,AEG,NM,ASW,CE,Federal Contract Tower,0,0,0,0,0,0,0,73,0,73,0,0,73,0,73,106,0,106,179
08/06/2023,AEG,NM,ASW,CE,Federal Contract Tower,0,0,5,0,5,0,0,44,4,48,0,0,49,4,53,62,0,62,115
08/07/2023,AEG,NM,ASW,CE,Federal Contract Tower,0,0,2,0,2,0,0,44,0,44,0,0,46,0,46,23,0,23,69
08/08/2023,AEG,NM,ASW,CE,Federal Contract Tower,0,0,3,0,3,0,0,44,0,44,0,0,47,0,47,28,0,28,75
08/09/2023,AEG,NM,ASW,CE,Federal Contract Tower,0,0,1,0,1,0,0,10,4,14,0,0,11,4,15,18,0,18,33
08/10/2023,AEG,NM,ASW,CE,Federal Contract Tower,0,0,6,0,6,0,0,66,0,66,0,0,72,0,72,98,0,98,170
08/11/2023,AEG,NM,ASW,CE,Federal Contract Tower,0,0,9,0,9,0,0,65,0,65,0,0,74,0,74,94,0,94,168
08/12/2023,AEG,NM,ASW,CE,Federal Contract Tower,0,0,3,0,3,0,0,61,0,61,0,0,64,0,64,44,0,44,108
08/13/2023,AEG,NM,ASW,CE,Federal Contract Tower,0,0,6,0,6,0,1,78,0,79,0,1,84,0,85,54,0,54,139
08/14/2023,AEG,NM,ASW,CE,Federal Contract Tower,0,0,7,0,7,0,0,14,0,14,0,0,21,0,21,6,0,6,27
08/15/2023,AEG,NM,ASW,CE,Federal Contract Tower,0,0,2,0,2,0,0,80,2,82,0,0,82,2,84,64,10,74,158
08/16/2023,AEG,NM,ASW,CE,Federal Contract Tower,0,0,3,0,3,0,0,58,0,58,0,0,61,0,61,88,0,88,149
08/17/2023,AEG,NM,ASW,CE,Federal Contract Tower,0,0,1,0,1,0,0,68,2,70,0,0,69,2,71,186,0,186,257
08/18/2023,AEG,NM,ASW,CE,Federal Contract Tower,0,1,5,0,6,0,0,90,0,90,0,1,95,0,96,138,0,138,234
08/19/2023,AEG,NM,ASW,CE,Federal Contract Tower,0,0,3,0,3,0,0,54,0,54,0,0,57,0,57,102,0,102,159
08/20/2023,AEG,NM,ASW,CE,Federal Contract Tower,0,0,2,0,2,0,0,43,20,63,0,0,45,20,65,34,0,34,99
08/21/2023,AEG,NM,ASW,CE,Federal Contract Tower,0,0,8,0,8,0,0,40,1,41,0,0,48,1,49,50,4,54,103
08/22/2023,AEG,NM,ASW,CE,Federal Contract Tower,0,0,4,0,4,0,0,53,5,58,0,0,57,5,62,90,0,90,152
08/23/2023,AEG,NM,ASW,CE,Federal Contract Tower,0,0,6,0,6,0,35,6,0,41,0,35,12,0,47,54,2,56,103
08/24/2023,AEG,NM,ASW,CE,Federal Contract Tower,0,0,14,2,16,0,0,25,1,26,0,0,39,3,42,82,6,88,130
08/25/2023,AEG,NM,ASW,CE,Federal Contract Tower,0,0,6,0,6,0,0,95,0,95,0,0,101,0,101,176,0,176,277
08/26/2023,AEG,NM,ASW,CE,Federal Contract Tower,0,0,6,1,7,0,0,84,0,84,0,0,90,1,91,146,0,146,237
08/27/2023,AEG,NM,ASW,CE,Federal Contract Tower,0,1,5,0,6,0,0,69,0,69,0,1,74,0,75,84,0,84,159
08/28/2023,AEG,NM,ASW,CE,Federal Contract Tower,0,0,7,0,7,0,0,54,0,54,0,0,61,0,61,82,0,82,143
08/29/2023,AEG,NM,ASW,CE,Federal Contract Tower,0,0,4,0,4,0,0,67,5,72,0,0,71,5,76,156,8,164,240
08/30/2023,AEG,NM,ASW,CE,Federal Contract Tower,0,0,6,0,6,0,0,76,2,78,0,0,82,2,84,92,10,102,186
08/31/2023,AEG,NM,ASW,CE,Federal Contract Tower,0,0,3,0,3,0,0,70,2,72,0,0,73,2,75,128,0,128,203
